[{"images": ["samples/CAM_FRONT_LEFT/n015-2018-11-21-19-38-26+0800__CAM_FRONT_LEFT__1542800347904844.jpg", "samples/CAM_FRONT/n015-2018-11-21-19-38-26+0800__CAM_FRONT__1542800347912460.jpg", "samples/CAM_FRONT_RIGHT/n015-2018-11-21-19-38-26+0800__CAM_FRONT_RIGHT__1542800347920339.jpg", "samples/CAM_BACK_LEFT/n015-2018-11-21-19-38-26+0800__CAM_BACK_LEFT__1542800347947423.jpg", "samples/CAM_BACK/n015-2018-11-21-19-38-26+0800__CAM_BACK__1542800347937525.jpg", "samples/CAM_BACK_RIGHT/n015-2018-11-21-19-38-26+0800__CAM_BACK_RIGHT__1542800347927893.jpg"], "intrinsics": [[[1272.5979470598488, 0.0, 826.6154927353808], [0.0, 1272.5979470598488, 479.75165386361925], [0.0, 0.0, 1.0]], [[1266.417203046554, 0.0, 816.2670197447984], [0.0, 1266.417203046554, 491.50706579294757], [0.0, 0.0, 1.0]], [[1260.8474446004698, 0.0, 807.968244525554], [0.0, 1260.8474446004698, 495.3344268742088], [0.0, 0.0, 1.0]], [[1256.7414812095406, 0.0, 792.1125740759628], [0.0, 1256.7414812095406, 492.7757465151356], [0.0, 0.0, 1.0]], [[809.2209905677063, 0.0, 829.2196003259838], [0.0, 809.2209905677063, 481.77842384512485], [0.0, 0.0, 1.0]], [[1259.5137405846733, 0.0, 807.2529053838625], [0.0, 1259.5137405846733, 501.19579884916527], [0.0, 0.0, 1.0]]], "extrinsics": [[[0.8201087713241577, -0.5706285238265991, 0.042482323944568634, -0.4163818359375], [0.046182744204998016, -0.00799252837896347, -0.9989010095596313, 1.539031982421875], [0.5703408718109131, 0.8211694359779358, 0.01979844644665718, -0.9036865234375], [0.0, 0.0, 0.0, 1.0]], [[0.005645089782774448, -0.9999085068702698, 0.01228866633027792, 0.01153564453125], [0.04114033281803131, -0.012046231888234615, -0.9990808367729187, 1.543212890625], [0.9991374015808105, 0.006145507097244263, 0.041068561375141144, -1.142822265625], [0.0, 0.0, 0.0, 1.0]], [[-0.8317010998725891, -0.5536314249038696, -0.0420166552066803, 0.675537109375], [0.047014471143484116, 0.005179689731448889, -0.9988807439804077, 1.5238723754882812], [0.5532293915748596, -0.8327456712722778, 0.021720735356211662, -1.0084228515625], [0.0, 0.0, 0.0, 1.0]], [[0.9467324018478394, 0.31883788108825684, 0.04516776651144028, -1.1259765625], [0.05608994513750076, -0.025153301656246185, -0.9981088042259216, 1.5894927978515625], [-0.3170987665653229, 0.9474754333496094, -0.041697047650814056, -0.10881805419921875], [0.0, 0.0, 0.0, 1.0]], [[0.003215665463358164, 0.9998799562454224, -0.015160700306296349, 0.0023193359375], [0.03067360259592533, -0.015252269804477692, -0.9994130730628967, 1.5845565795898438], [-0.9995242953300476, 0.0027486630715429783, -0.030718961730599403, -0.1669921875], [0.0, 0.0, 0.0, 1.0]], [[-0.9330841302871704, 0.3547990024089813, -0.058919910341501236, 0.8409423828125], [0.06307949870824814, 0.00015758539666421711, -0.9980084896087646, 1.57135009765625], [-0.35408321022987366, -0.9349426031112671, -0.02252758853137493, -0.173583984375], [0.0, 0.0, 0.0, 1.0]]], "view": [[0.0, -2.0, 100.0], [-2.0, 0.0, 100.0], [0.0, 0.0, 1.0]], "bev": "bev_372af1737a354eeaacf026f684f2a57c.png", "aux": "aux_372af1737a354eeaacf026f684f2a57c.npz", "visibility": "visibility_372af1737a354eeaacf026f684f2a57c.png", "pose": [[-0.5549882054328918, 0.831858217716217, 0.0, 694.7106323242188], [-0.831858217716217, -0.5549882054328918, 0.0, 2146.60546875], [0.0, 0.0, 1.0, 0.0], [0.0, 0.0, 0.0, 1.0]], "pose_inverse": [[-0.5549882054328918, -0.831858217716217, 0.0, 2171.2275390625], [0.831858217716217, -0.5549882054328918, 0.0, 613.43994140625], [0.0, 0.0, 1.0, 0.0], [0.0, 0.0, 0.0, 1.0]], "cam_ids": [0, 1, 2, 3, 4, 5], "cam_channels": ["CAM_FRONT_LEFT", "CAM_FRONT", "CAM_FRONT_RIGHT", "CAM_BACK_LEFT", "CAM_BACK", "CAM_BACK_RIGHT"], "token": "372af1737a354eeaacf026f684f2a57c", "scene": "scene-1076"}, {"images": ["samples/CAM_FRONT_LEFT/n015-2018-11-21-19-38-26+0800__CAM_FRONT_LEFT__1542800348404844.jpg", "samples/CAM_FRONT/n015-2018-11-21-19-38-26+0800__CAM_FRONT__1542800348412460.jpg", "samples/CAM_FRONT_RIGHT/n015-2018-11-21-19-38-26+0800__CAM_FRONT_RIGHT__1542800348420339.jpg", "samples/CAM_BACK_LEFT/n015-2018-11-21-19-38-26+0800__CAM_BACK_LEFT__1542800348447423.jpg", "samples/CAM_BACK/n015-2018-11-21-19-38-26+0800__CAM_BACK__1542800348437525.jpg", "samples/CAM_BACK_RIGHT/n015-2018-11-21-19-38-26+0800__CAM_BACK_RIGHT__1542800348427893.jpg"], "intrinsics": [[[1272.5979470598488, 0.0, 826.6154927353808], [0.0, 1272.5979470598488, 479.75165386361925], [0.0, 0.0, 1.0]], [[1266.417203046554, 0.0, 816.2670197447984], [0.0, 1266.417203046554, 491.50706579294757], [0.0, 0.0, 1.0]], [[1260.8474446004698, 0.0, 807.968244525554], [0.0, 1260.8474446004698, 495.3344268742088], [0.0, 0.0, 1.0]], [[1256.7414812095406, 0.0, 792.1125740759628], [0.0, 1256.7414812095406, 492.7757465151356], [0.0, 0.0, 1.0]], [[809.2209905677063, 0.0, 829.2196003259838], [0.0, 809.2209905677063, 481.77842384512485], [0.0, 0.0, 1.0]], [[1259.5137405846733, 0.0, 807.2529053838625], [0.0, 1259.5137405846733, 501.19579884916527], [0.0, 0.0, 1.0]]], "extrinsics": [[[0.8201438784599304, -0.5711548328399658, 0.033854685723781586, -0.41650390625], [0.03085167519748211, -0.01493811421096325, -0.9994122982025146, 1.5288581848144531], [0.57132488489151, 0.8207064270973206, 0.005369679071009159, -0.902099609375], [0.0, 0.0, 0.0, 1.0]], [[0.00516279973089695, -0.9997943639755249, 0.019611069932579994, 0.01055908203125], [0.0252856332808733, -0.019474539905786514, -0.9994905591011047, 1.5344924926757812], [0.9996669292449951, 0.005656085908412933, 0.025179890915751457, -1.142578125], [0.0, 0.0, 0.0, 1.0]], [[-0.8325372338294983, -0.5534493923187256, -0.0239902101457119, 0.675537109375], [0.030634230002760887, -0.0027559471782296896, -0.999526858329773, 1.516815185546875], [0.5531213879585266, -0.8328781723976135, 0.019248921424150467, -1.00933837890625], [0.0, 0.0, 0.0, 1.0]], [[0.9474180936813354, 0.31896865367889404, 0.02565353736281395, -1.125732421875], [0.03877023980021477, -0.03484030440449715, -0.9986405968666077, 1.5892524719238281], [-0.31764116883277893, 0.9471246600151062, -0.04537481814622879, -0.109619140625], [0.0, 0.0, 0.0, 1.0]], [[0.003064369782805443, 0.9997047781944275, -0.024103378877043724, 0.00250244140625], [0.01340622641146183, -0.024142397567629814, -0.999618649482727, 1.5816268920898438], [-0.9999054670333862, 0.00274007604457438, -0.013476251624524593, -0.16552734375], [0.0, 0.0, 0.0, 1.0]], [[-0.9338347911834717, 0.35471323132514954, -0.0461634024977684, 0.8419189453125], [0.04625196009874344, -0.008234098553657532, -0.9988958239555359, 1.5660171508789062], [-0.35470178723335266, -0.934938907623291, -0.008716896176338196, -0.1737060546875], [0.0, 0.0, 0.0, 1.0]]], "view": [[0.0, -2.0, 100.0], [-2.0, 0.0, 100.0], [0.0, 0.0, 1.0]], "bev": "bev_aa8a516e6c434354bb8ede72a9bbeca1.png", "aux": "aux_aa8a516e6c434354bb8ede72a9bbeca1.npz", "visibility": "visibility_aa8a516e6c434354bb8ede72a9bbeca1.png", "pose": [[-0.5557171702384949, 0.8313714265823364, 0.0, 690.4149780273438], [-0.8313714265823364, -0.5557171702384949, 0.0, 2140.27490234375], [0.0, 0.0, 1.0, 0.0], [0.0, 0.0, 0.0, 1.0]], "pose_inverse": [[-0.5557171702384949, -0.8313714265823364, 0.0, 2163.038818359375], [0.8313714265823364, -0.5557171702384949, 0.0, 615.3963012695312], [0.0, 0.0, 1.0, 0.0], [0.0, 0.0, 0.0, 1.0]], "cam_ids": [0, 1, 2, 3, 4, 5], "cam_channels": ["CAM_FRONT_LEFT", "CAM_FRONT", "CAM_FRONT_RIGHT", "CAM_BACK_LEFT", "CAM_BACK", "CAM_BACK_RIGHT"], "token": "aa8a516e6c434354bb8ede72a9bbeca1", "scene": "scene-1076"}, {"images": ["samples/CAM_FRONT_LEFT/n015-2018-11-21-19-38-26+0800__CAM_FRONT_LEFT__1542800348904844.jpg", "samples/CAM_FRONT/n015-2018-11-21-19-38-26+0800__CAM_FRONT__1542800348912460.jpg", "samples/CAM_FRONT_RIGHT/n015-2018-11-21-19-38-26+0800__CAM_FRONT_RIGHT__1542800348920339.jpg", "samples/CAM_BACK_LEFT/n015-2018-11-21-19-38-26+0800__CAM_BACK_LEFT__1542800348947423.jpg", "samples/CAM_BACK/n015-2018-11-21-19-38-26+0800__CAM_BACK__1542800348937525.jpg", "samples/CAM_BACK_RIGHT/n015-2018-11-21-19-38-26+0800__CAM_BACK_RIGHT__1542800348927893.jpg"], "intrinsics": [[[1272.5979470598488, 0.0, 826.6154927353808], [0.0, 1272.5979470598488, 479.75165386361925], [0.0, 0.0, 1.0]], [[1266.417203046554, 0.0, 816.2670197447984], [0.0, 1266.417203046554, 491.50706579294757], [0.0, 0.0, 1.0]], [[1260.8474446004698, 0.0, 807.968244525554], [0.0, 1260.8474446004698, 495.3344268742088], [0.0, 0.0, 1.0]], [[1256.7414812095406, 0.0, 792.1125740759628], [0.0, 1256.7414812095406, 492.7757465151356], [0.0, 0.0, 1.0]], [[809.2209905677063, 0.0, 829.2196003259838], [0.0, 809.2209905677063, 481.77842384512485], [0.0, 0.0, 1.0]], [[1259.5137405846733, 0.0, 807.2529053838625], [0.0, 1259.5137405846733, 501.19579884916527], [0.0, 0.0, 1.0]]], "extrinsics": [[[0.8199483752250671, -0.5715517401695251, 0.03183384984731674, -0.42041015625], [0.03307127207517624, -0.008220830000936985, -0.9994191527366638, 1.5301666259765625], [0.5714814066886902, 0.8205248713493347, 0.012161287479102612, -0.9049072265625], [0.0, 0.0, 0.0, 1.0]], [[0.004971679300069809, -0.9999125599861145, 0.012251212261617184, 0.0107421875], [0.027444932609796524, -0.012110309675335884, -0.9995499849319458, 1.5355987548828125], [0.9996109008789062, 0.005305676255375147, 0.027382321655750275, -1.14501953125], [0.0, 0.0, 0.0, 1.0]], [[-0.8325334787368774, -0.5531517267227173, -0.03018605150282383, 0.676025390625], [0.032733410596847534, 0.005274851340800524, -0.999450147151947, 1.5176849365234375], [0.5530068278312683, -0.8330637812614441, 0.013715052045881748, -1.009521484375], [0.0, 0.0, 0.0, 1.0]], [[0.947294294834137, 0.3188970983028412, 0.03062983974814415, -1.12158203125], [0.040663186460733414, -0.024851161986589432, -0.9988637566566467, 1.589447021484375], [-0.3177735507488251, 0.9474635124206543, -0.03650873526930809, -0.11061859130859375], [0.0, 0.0, 0.0, 1.0]], [[0.003065058495849371, 0.9998862743377686, -0.01476645190268755, 0.00238037109375], [0.015418234281241894, -0.014812017790973186, -0.9997714161872864, 1.582010269165039], [-0.9998764395713806, 0.002836700528860092, -0.01546187698841095, -0.16943359375], [0.0, 0.0, 0.0, 1.0]], [[-0.9337289929389954, 0.3551415205001831, -0.04499685391783714, 0.8406982421875], [0.04829291254281998, 0.00041713955579325557, -0.9988331198692322, 1.5667037963867188], [-0.35470837354660034, -0.9348124861717224, -0.01754031516611576, -0.174072265625], [0.0, 0.0, 0.0, 1.0]]], "view": [[0.0, -2.0, 100.0], [-2.0, 0.0, 100.0], [0.0, 0.0, 1.0]], "bev": "bev_fd6abdac1d674647b676a1859272d1da.png", "aux": "aux_fd6abdac1d674647b676a1859272d1da.npz", "visibility": "visibility_fd6abdac1d674647b676a1859272d1da.png", "pose": [[-0.5527135729789734, 0.8333712816238403, 0.0, 686.1536865234375], [-0.8333712816238403, -0.5527135729789734, 0.0, 2133.94287109375], [0.0, 0.0, 1.0, 0.0], [0.0, 0.0, 0.0, 1.0]], "pose_inverse": [[-0.5527135729789734, -0.8333712816238403, 0.0, 2157.61328125], [0.8333712816238403, -0.5527135729789734, 0.0, 607.6383056640625], [0.0, 0.0, 1.0, 0.0], [0.0, 0.0, 0.0, 1.0]], "cam_ids": [0, 1, 2, 3, 4, 5], "cam_channels": ["CAM_FRONT_LEFT", "CAM_FRONT", "CAM_FRONT_RIGHT", "CAM_BACK_LEFT", "CAM_BACK", "CAM_BACK_RIGHT"], "token": "fd6abdac1d674647b676a1859272d1da", "scene": "scene-1076"}, {"images": ["samples/CAM_FRONT_LEFT/n015-2018-11-21-19-38-26+0800__CAM_FRONT_LEFT__1542800349404844.jpg", "samples/CAM_FRONT/n015-2018-11-21-19-38-26+0800__CAM_FRONT__1542800349412460.jpg", "samples/CAM_FRONT_RIGHT/n015-2018-11-21-19-38-26+0800__CAM_FRONT_RIGHT__1542800349420339.jpg", "samples/CAM_BACK_LEFT/n015-2018-11-21-19-38-26+0800__CAM_BACK_LEFT__1542800349447423.jpg", "samples/CAM_BACK/n015-2018-11-21-19-38-26+0800__CAM_BACK__1542800349437525.jpg", "samples/CAM_BACK_RIGHT/n015-2018-11-21-19-38-26+0800__CAM_BACK_RIGHT__1542800349427893.jpg"], "intrinsics": [[[1272.5979470598488, 0.0, 826.6154927353808], [0.0, 1272.5979470598488, 479.75165386361925], [0.0, 0.0, 1.0]], [[1266.417203046554, 0.0, 816.2670197447984], [0.0, 1266.417203046554, 491.50706579294757], [0.0, 0.0, 1.0]], [[1260.8474446004698, 0.0, 807.968244525554], [0.0, 1260.8474446004698, 495.3344268742088], [0.0, 0.0, 1.0]], [[1256.7414812095406, 0.0, 792.1125740759628], [0.0, 1256.7414812095406, 492.7757465151356], [0.0, 0.0, 1.0]], [[809.2209905677063, 0.0, 829.2196003259838], [0.0, 809.2209905677063, 481.77842384512485], [0.0, 0.0, 1.0]], [[1259.5137405846733, 0.0, 807.2529053838625], [0.0, 1259.5137405846733, 501.19579884916527], [0.0, 0.0, 1.0]]], "extrinsics": [[[0.8201486468315125, -0.5709958672523499, 0.03633049502968788, -0.4287109375], [0.033813830465078354, -0.01501456554979086, -0.9993153810501099, 1.5303421020507812], [0.5711503624916077, 0.8208155035972595, 0.006993379909545183, -0.9085693359375], [0.0, 0.0, 0.0, 1.0]], [[0.005243790335953236, -0.9997977614402771, 0.01940848119556904, 0.00921630859375], [0.028259949758648872, -0.019252832978963852, -0.9994152188301086, 1.5358505249023438], [0.999586820602417, 0.005789109971374273, 0.028153277933597565, -1.151611328125], [0.0, 0.0, 0.0, 1.0]], [[-0.8324084281921387, -0.5535156726837158, -0.026768697425723076, 0.67822265625], [0.033618662506341934, -0.0022238909732550383, -0.9994322657585144, 1.5179672241210938], [0.5531418919563293, -0.8328357338905334, 0.020459644496440887, -1.0123291015625], [0.0, 0.0, 0.0, 1.0]], [[0.9473109245300293, 0.3190827965736389, 0.028072146698832512, -1.113037109375], [0.04071732610464096, -0.033027276396751404, -0.9986246824264526, 1.5897903442382812], [-0.3177167773246765, 0.9471511840820312, -0.044279299676418304, -0.11334228515625], [0.0, 0.0, 0.0, 1.0]], [[0.0030851722694933414, 0.9997344017028809, -0.02283649519085884, 0.00286865234375], [0.016092315316200256, -0.022883282974362373, -0.9996086359024048, 1.5821685791015625], [-0.999865710735321, 0.002716454677283764, -0.016158640384674072, -0.172607421875], [0.0, 0.0, 0.0, 1.0]], [[-0.9337204694747925, 0.35468602180480957, -0.048619966953992844, 0.8416748046875], [0.049197178333997726, -0.00739626120775938, -0.9987617135047913, 1.5669708251953125], [-0.3546064794063568, -0.9349561929702759, -0.010543512180447578, -0.174560546875], [0.0, 0.0, 0.0, 1.0]]], "view": [[0.0, -2.0, 100.0], [-2.0, 0.0, 100.0], [0.0, 0.0, 1.0]], "bev": "bev_fe45b369a3554ba2acf6d3b179d0bb64.png", "aux": "aux_fe45b369a3554ba2acf6d3b179d0bb64.npz", "visibility": "visibility_fe45b369a3554ba2acf6d3b179d0bb64.png", "pose": [[-0.551149845123291, 0.8344062566757202, 0.0, 682.0074462890625], [-0.8344062566757202, -0.551149845123291, 0.0, 2127.73779296875], [0.0, 0.0, 1.0, 0.0], [0.0, 0.0, 0.0, 1.0]], "pose_inverse": [[-0.551149845123291, -0.8344062566757202, 0.0, 2151.2861328125], [0.8344062566757202, -0.551149845123291, 0.0, 603.6310424804688], [0.0, 0.0, 1.0, 0.0], [0.0, 0.0, 0.0, 1.0]], "cam_ids": [0, 1, 2, 3, 4, 5], "cam_channels": ["CAM_FRONT_LEFT", "CAM_FRONT", "CAM_FRONT_RIGHT", "CAM_BACK_LEFT", "CAM_BACK", "CAM_BACK_RIGHT"], "token": "fe45b369a3554ba2acf6d3b179d0bb64", "scene": "scene-1076"}, {"images": ["samples/CAM_FRONT_LEFT/n015-2018-11-21-19-38-26+0800__CAM_FRONT_LEFT__1542800349904844.jpg", "samples/CAM_FRONT/n015-2018-11-21-19-38-26+0800__CAM_FRONT__1542800349912460.jpg", "samples/CAM_FRONT_RIGHT/n015-2018-11-21-19-38-26+0800__CAM_FRONT_RIGHT__1542800349920339.jpg", "samples/CAM_BACK_LEFT/n015-2018-11-21-19-38-26+0800__CAM_BACK_LEFT__1542800349947423.jpg", "samples/CAM_BACK/n015-2018-11-21-19-38-26+0800__CAM_BACK__1542800349937525.jpg", "samples/CAM_BACK_RIGHT/n015-2018-11-21-19-38-26+0800__CAM_BACK_RIGHT__1542800349927893.jpg"], "intrinsics": [[[1272.5979470598488, 0.0, 826.6154927353808], [0.0, 1272.5979470598488, 479.75165386361925], [0.0, 0.0, 1.0]], [[1266.417203046554, 0.0, 816.2670197447984], [0.0, 1266.417203046554, 491.50706579294757], [0.0, 0.0, 1.0]], [[1260.8474446004698, 0.0, 807.968244525554], [0.0, 1260.8474446004698, 495.3344268742088], [0.0, 0.0, 1.0]], [[1256.7414812095406, 0.0, 792.1125740759628], [0.0, 1256.7414812095406, 492.7757465151356], [0.0, 0.0, 1.0]], [[809.2209905677063, 0.0, 829.2196003259838], [0.0, 809.2209905677063, 481.77842384512485], [0.0, 0.0, 1.0]], [[1259.5137405846733, 0.0, 807.2529053838625], [0.0, 1259.5137405846733, 501.19579884916527], [0.0, 0.0, 1.0]]], "extrinsics": [[[0.81982421875, -0.570972740650177, 0.04334075376391411, -0.4495849609375], [0.04324794188141823, -0.013731656596064568, -0.9989699721336365, 1.5353012084960938], [0.570979654788971, 0.8208541870117188, 0.013435850851237774, -0.9310302734375], [0.0, 0.0, 0.0, 1.0]], [[0.005123665556311607, -0.999823272228241, 0.018085433170199394, 0.0140380859375], [0.03760366141796112, -0.017880242317914963, -0.9991327524185181, 1.5400619506835938], [0.9992796182632446, 0.005799276754260063, 0.03750540688633919, -1.1767578125], [0.0, 0.0, 0.0, 1.0]], [[-0.832107663154602, -0.5534906387329102, -0.035282742232084274, 0.697509765625], [0.04286670312285423, -0.0007577606593258679, -0.99908047914505, 1.5210342407226562], [0.5529549717903137, -0.8328551054000854, 0.02435685694217682, -1.02032470703125], [0.0, 0.0, 0.0, 1.0]], [[0.9470898509025574, 0.31876274943351746, 0.03756370022892952, -1.11962890625], [0.050129372626543045, -0.03130536898970604, -0.9982519149780273, 1.58978271484375], [-0.3170296251773834, 0.9473174214363098, -0.0456283800303936, -0.1121368408203125], [0.0, 0.0, 0.0, 1.0]], [[0.003321930533275008, 0.9997711777687073, -0.021132268011569977, 0.00128173828125], [0.02525981143116951, -0.021209530532360077, -0.9994559288024902, 1.5835647583007812], [-0.9996753334999084, 0.0027863006107509136, -0.025324484333395958, -0.1630859375], [0.0, 0.0, 0.0, 1.0]], [[-0.9332378506660461, 0.35476934909820557, -0.05661885440349579, 0.8551025390625], [0.058344826102256775, -0.005839942954480648, -0.9982794523239136, 1.5689697265625], [-0.35448962450027466, -0.9349355697631836, -0.015248904936015606, -0.1663818359375], [0.0, 0.0, 0.0, 1.0]]], "view": [[0.0, -2.0, 100.0], [-2.0, 0.0, 100.0], [0.0, 0.0, 1.0]], "bev": "bev_6815668f201949a1a61673b4037ac7c0.png", "aux": "aux_6815668f201949a1a61673b4037ac7c0.npz", "visibility": "visibility_6815668f201949a1a61673b4037ac7c0.png", "pose": [[-0.5514653921127319, 0.8341977596282959, 0.0, 678.020751953125], [-0.8341977596282959, -0.5514653921127319, 0.0, 2121.785888671875], [0.0, 0.0, 1.0, 0.0], [0.0, 0.0, 0.0, 1.0]], "pose_inverse": [[-0.5514653921127319, -0.8341977596282959, 0.0, 2143.89404296875], [0.8341977596282959, -0.5514653921127319, 0.0, 604.4880981445312], [0.0, 0.0, 1.0, 0.0], [0.0, 0.0, 0.0, 1.0]], "cam_ids": [0, 1, 2, 3, 4, 5], "cam_channels": ["CAM_FRONT_LEFT", "CAM_FRONT", "CAM_FRONT_RIGHT", "CAM_BACK_LEFT", "CAM_BACK", "CAM_BACK_RIGHT"], "token": "6815668f201949a1a61673b4037ac7c0", "scene": "scene-1076"}, {"images": ["samples/CAM_FRONT_LEFT/n015-2018-11-21-19-38-26+0800__CAM_FRONT_LEFT__1542800350404844.jpg", "samples/CAM_FRONT/n015-2018-11-21-19-38-26+0800__CAM_FRONT__1542800350412460.jpg", "samples/CAM_FRONT_RIGHT/n015-2018-11-21-19-38-26+0800__CAM_FRONT_RIGHT__1542800350420339.jpg", "samples/CAM_BACK_LEFT/n015-2018-11-21-19-38-26+0800__CAM_BACK_LEFT__1542800350447423.jpg", "samples/CAM_BACK/n015-2018-11-21-19-38-26+0800__CAM_BACK__1542800350437525.jpg", "samples/CAM_BACK_RIGHT/n015-2018-11-21-19-38-26+0800__CAM_BACK_RIGHT__1542800350427893.jpg"], "intrinsics": [[[1272.5979470598488, 0.0, 826.6154927353808], [0.0, 1272.5979470598488, 479.75165386361925], [0.0, 0.0, 1.0]], [[1266.417203046554, 0.0, 816.2670197447984], [0.0, 1266.417203046554, 491.50706579294757], [0.0, 0.0, 1.0]], [[1260.8474446004698, 0.0, 807.968244525554], [0.0, 1260.8474446004698, 495.3344268742088], [0.0, 0.0, 1.0]], [[1256.7414812095406, 0.0, 792.1125740759628], [0.0, 1256.7414812095406, 492.7757465151356], [0.0, 0.0, 1.0]], [[809.2209905677063, 0.0, 829.2196003259838], [0.0, 809.2209905677063, 481.77842384512485], [0.0, 0.0, 1.0]], [[1259.5137405846733, 0.0, 807.2529053838625], [0.0, 1259.5137405846733, 501.19579884916527], [0.0, 0.0, 1.0]]], "extrinsics": [[[0.8190171122550964, -0.5716344118118286, 0.049446504563093185, -0.47607421875], [0.04590190201997757, -0.020624032244086266, -0.9987330436706543, 1.5355987548828125], [0.571929931640625, 0.8202491402626038, 0.009347671642899513, -0.944091796875], [0.0, 0.0, 0.0, 1.0]], [[0.004051657859236002, -0.9996908903121948, 0.024528099223971367, 0.01080322265625], [0.04095634073019028, -0.024341825395822525, -0.9988644123077393, 1.5407485961914062], [0.9991527199745178, 0.005051792599260807, 0.040845051407814026, -1.201171875], [0.0, 0.0, 0.0, 1.0]], [[-0.8324128985404968, -0.5530253648757935, -0.03537846729159355, 0.71240234375], [0.04696041718125343, -0.006784203462302685, -0.9988736510276794, 1.5217971801757812], [0.5521625280380249, -0.833136796951294, 0.03161756321787834, -1.0333251953125], [0.0, 0.0, 0.0, 1.0]], [[0.9467686414718628, 0.31911396980285645, 0.04237271472811699, -1.122802734375], [0.05666421726346016, -0.03563058376312256, -0.9977572560310364, 1.58978271484375], [-0.3168884515762329, 0.9470462799072266, -0.05181625857949257, -0.1114349365234375], [0.0, 0.0, 0.0, 1.0]], [[0.003901574993506074, 0.9996514320373535, -0.02611389197409153, 0.002197265625], [0.030899442732334137, -0.026222137734293938, -0.9991785287857056, 1.5842018127441406], [-0.9995148181915283, 0.0030914312228560448, -0.030990976840257645, -0.15380859375], [0.0, 0.0, 0.0, 1.0]], [[-0.9327196478843689, 0.3550449013710022, -0.06306473910808563, 0.8697509765625], [0.06311801075935364, -0.011444875039160252, -0.9979404807090759, 1.5694503784179688], [-0.35503536462783813, -0.934779167175293, -0.011734865605831146, -0.1629638671875], [0.0, 0.0, 0.0, 1.0]]], "view": [[0.0, -2.0, 100.0], [-2.0, 0.0, 100.0], [0.0, 0.0, 1.0]], "bev": "bev_1b6dc02784534f3f86d398cea6e6ddf6.png", "aux": "aux_1b6dc02784534f3f86d398cea6e6ddf6.npz", "visibility": "visibility_1b6dc02784534f3f86d398cea6e6ddf6.png", "pose": [[-0.5510130524635315, 0.8344966173171997, 0.0, 674.169921875], [-0.8344966173171997, -0.5510130524635315, 0.0, 2116.057861328125], [0.0, 0.0, 1.0, 0.0], [0.0, 0.0, 0.0, 1.0]], "pose_inverse": [[-0.5510130524635315, -0.8344966173171997, 0.0, 2137.319580078125], [0.8344966173171997, -0.5510130524635315, 0.0, 603.3828735351562], [0.0, 0.0, 1.0, 0.0], [0.0, 0.0, 0.0, 1.0]], "cam_ids": [0, 1, 2, 3, 4, 5], "cam_channels": ["CAM_FRONT_LEFT", "CAM_FRONT", "CAM_FRONT_RIGHT", "CAM_BACK_LEFT", "CAM_BACK", "CAM_BACK_RIGHT"], "token": "1b6dc02784534f3f86d398cea6e6ddf6", "scene": "scene-1076"}, {"images": ["samples/CAM_FRONT_LEFT/n015-2018-11-21-19-38-26+0800__CAM_FRONT_LEFT__1542800350904844.jpg", "samples/CAM_FRONT/n015-2018-11-21-19-38-26+0800__CAM_FRONT__1542800350912460.jpg", "samples/CAM_FRONT_RIGHT/n015-2018-11-21-19-38-26+0800__CAM_FRONT_RIGHT__1542800350920339.jpg", "samples/CAM_BACK_LEFT/n015-2018-11-21-19-38-26+0800__CAM_BACK_LEFT__1542800350947423.jpg", "samples/CAM_BACK/n015-2018-11-21-19-38-26+0800__CAM_BACK__1542800350937525.jpg", "samples/CAM_BACK_RIGHT/n015-2018-11-21-19-38-26+0800__CAM_BACK_RIGHT__1542800350927893.jpg"], "intrinsics": [[[1272.5979470598488, 0.0, 826.6154927353808], [0.0, 1272.5979470598488, 479.75165386361925], [0.0, 0.0, 1.0]], [[1266.417203046554, 0.0, 816.2670197447984], [0.0, 1266.417203046554, 491.50706579294757], [0.0, 0.0, 1.0]], [[1260.8474446004698, 0.0, 807.968244525554], [0.0, 1260.8474446004698, 495.3344268742088], [0.0, 0.0, 1.0]], [[1256.7414812095406, 0.0, 792.1125740759628], [0.0, 1256.7414812095406, 492.7757465151356], [0.0, 0.0, 1.0]], [[809.2209905677063, 0.0, 829.2196003259838], [0.0, 809.2209905677063, 481.77842384512485], [0.0, 0.0, 1.0]], [[1259.5137405846733, 0.0, 807.2529053838625], [0.0, 1259.5137405846733, 501.19579884916527], [0.0, 0.0, 1.0]]], "extrinsics": [[[0.8196617364883423, -0.5711925625801086, 0.043515708297491074, -0.498046875], [0.06065990403294563, 0.011007964611053467, -0.9980977773666382, 1.5426025390625], [0.569627046585083, 0.8207422494888306, 0.043671295046806335, -0.96044921875], [0.0, 0.0, 0.0, 1.0]], [[0.00599272083491087, -0.9999551773071289, -0.007323300000280142, 0.010986328125], [0.055280640721321106, 0.007643508724868298, -0.9984415769577026, 1.5464324951171875], [0.9984528422355652, 0.005578517448157072, 0.055323969572782516, -1.224365234375], [0.0, 0.0, 0.0, 1.0]], [[-0.8307211399078369, -0.5529069304466248, -0.0647779032588005, 0.72802734375], [0.06078766658902168, 0.025572622194886208, -0.9978230595588684, 1.52593994140625], [0.5533598065376282, -0.8328505158424377, 0.012366203591227531, -1.04315185546875], [0.0, 0.0, 0.0, 1.0]], [[0.9458717107772827, 0.3180917203426361, 0.06437782943248749, -1.123779296875], [0.06884796172380447, -0.0028184421826153994, -0.9976231455802917, 1.5898895263671875], [-0.317154198884964, 0.9480557441711426, -0.024565845727920532, -0.1101226806640625], [0.0, 0.0, 0.0, 1.0]], [[0.0027701505459845066, 0.9999744892120361, 0.006599519867449999, 0.0023193359375], [0.04377250745892525, 0.006471963133662939, -0.9990205764770508, 1.5858078002929688], [-0.9990376830101013, 0.0030563543550670147, -0.04375346004962921, -0.14501953125], [0.0, 0.0, 0.0, 1.0]], [[-0.932421863079071, 0.35565194487571716, -0.06404074281454086, 0.883056640625], [0.07652238011360168, 0.021123170852661133, -0.9968441128730774, 1.5721435546875], [-0.3531768321990967, -0.9343798160552979, -0.04691103845834732, -0.157470703125], [0.0, 0.0, 0.0, 1.0]]], "view": [[0.0, -2.0, 100.0], [-2.0, 0.0, 100.0], [0.0, 0.0, 1.0]], "bev": "bev_08e3c8b8f4a2400690f62d9c086f5bbf.png", "aux": "aux_08e3c8b8f4a2400690f62d9c086f5bbf.npz", "visibility": "visibility_08e3c8b8f4a2400690f62d9c086f5bbf.png", "pose": [[-0.5493725538253784, 0.8355775475502014, 0.0, 670.4837036132812], [-0.8355775475502014, -0.5493725538253784, 0.0, 2110.53857421875], [0.0, 0.0, 1.0, 0.0], [0.0, 0.0, 0.0, 1.0]], "pose_inverse": [[-0.5493725538253784, -0.8355775475502014, 0.0, 2131.864013671875], [0.8355775475502014, -0.5493725538253784, 0.0, 599.2308349609375], [0.0, 0.0, 1.0, 0.0], [0.0, 0.0, 0.0, 1.0]], "cam_ids": [0, 1, 2, 3, 4, 5], "cam_channels": ["CAM_FRONT_LEFT", "CAM_FRONT", "CAM_FRONT_RIGHT", "CAM_BACK_LEFT", "CAM_BACK", "CAM_BACK_RIGHT"], "token": "08e3c8b8f4a2400690f62d9c086f5bbf", "scene": "scene-1076"}, {"images": ["samples/CAM_FRONT_LEFT/n015-2018-11-21-19-38-26+0800__CAM_FRONT_LEFT__1542800351354844.jpg", "samples/CAM_FRONT/n015-2018-11-21-19-38-26+0800__CAM_FRONT__1542800351362460.jpg", "samples/CAM_FRONT_RIGHT/n015-2018-11-21-19-38-26+0800__CAM_FRONT_RIGHT__1542800351370339.jpg", "samples/CAM_BACK_LEFT/n015-2018-11-21-19-38-26+0800__CAM_BACK_LEFT__1542800351397423.jpg", "samples/CAM_BACK/n015-2018-11-21-19-38-26+0800__CAM_BACK__1542800351387525.jpg", "samples/CAM_BACK_RIGHT/n015-2018-11-21-19-38-26+0800__CAM_BACK_RIGHT__1542800351377929.jpg"], "intrinsics": [[[1272.5979470598488, 0.0, 826.6154927353808], [0.0, 1272.5979470598488, 479.75165386361925], [0.0, 0.0, 1.0]], [[1266.417203046554, 0.0, 816.2670197447984], [0.0, 1266.417203046554, 491.50706579294757], [0.0, 0.0, 1.0]], [[1260.8474446004698, 0.0, 807.968244525554], [0.0, 1260.8474446004698, 495.3344268742088], [0.0, 0.0, 1.0]], [[1256.7414812095406, 0.0, 792.1125740759628], [0.0, 1256.7414812095406, 492.7757465151356], [0.0, 0.0, 1.0]], [[809.2209905677063, 0.0, 829.2196003259838], [0.0, 809.2209905677063, 481.77842384512485], [0.0, 0.0, 1.0]], [[1259.5137405846733, 0.0, 807.2529053838625], [0.0, 1259.5137405846733, 501.19579884916527], [0.0, 0.0, 1.0]]], "extrinsics": [[[0.8202222585678101, -0.5715264678001404, 0.02435365319252014, -0.5196533203125], [0.044373080134391785, 0.021121608093380928, -0.9987916946411133, 1.5321197509765625], [0.5703215003013611, 0.8203117847442627, 0.042684800922870636, -0.9757080078125], [0.0, 0.0, 0.0, 1.0]], [[0.005881964229047298, -0.9998444318771362, -0.01663045771420002, 0.01153564453125], [0.03840979188680649, 0.0168443713337183, -0.9991201162338257, 1.5376358032226562], [0.9992446899414062, 0.0052380794659256935, 0.03850289061665535, -1.24560546875], [0.0, 0.0, 0.0, 1.0]], [[-0.8316731452941895, -0.5525532960891724, -0.05481370911002159, 0.742431640625], [0.04331472888588905, 0.03385576978325844, -0.998487651348114, 1.5187301635742188], [0.5535734295845032, -0.8327895998954773, -0.004223238211125135, -1.0516357421875], [0.0, 0.0, 0.0, 1.0]], [[0.9467576742172241, 0.31834250688552856, 0.04804065451025963, -1.128662109375], [0.049730706959962845, 0.0028211448807269335, -0.9987586736679077, 1.5892562866210938], [-0.31808289885520935, 0.9479715824127197, -0.013160454109311104, -0.10837554931640625], [0.0, 0.0, 0.0, 1.0]], [[0.0024722812231630087, 0.9999100565910339, 0.013184492476284504, 0.001708984375], [0.025122376158833504, 0.013118267990648746, -0.9995983242988586, 1.5827980041503906], [-0.9996813535690308, 0.002802496775984764, -0.025087684392929077, -0.135986328125], [0.0, 0.0, 0.0, 1.0]], [[-0.9334912896156311, 0.3558254539966583, -0.044522546231746674, 0.89453125], [0.05851710960268974, 0.02865808643400669, -0.9978749752044678, 1.5664520263671875], [-0.3537933826446533, -0.9341129660606384, -0.04757395386695862, -0.15234375], [0.0, 0.0, 0.0, 1.0]]], "view": [[0.0, -2.0, 100.0], [-2.0, 0.0, 100.0], [0.0, 0.0, 1.0]], "bev": "bev_977772bcd743433bb3f012c37d73d993.png", "aux": "aux_977772bcd743433bb3f012c37d73d993.npz", "visibility": "visibility_977772bcd743433bb3f012c37d73d993.png", "pose": [[-0.5519275069236755, 0.8338921070098877, 0.0, 667.2831420898438], [-0.8338921070098877, -0.5519275069236755, 0.0, 2105.790771484375], [0.0, 0.0, 1.0, 0.0], [0.0, 0.0, 0.0, 1.0]], "pose_inverse": [[-0.5519275069236755, -0.8338921070098877, 0.0, 2124.294189453125], [0.8338921070098877, -0.5519275069236755, 0.0, 605.8016967773438], [0.0, 0.0, 1.0, 0.0], [0.0, 0.0, 0.0, 1.0]], "cam_ids": [0, 1, 2, 3, 4, 5], "cam_channels": ["CAM_FRONT_LEFT", "CAM_FRONT", "CAM_FRONT_RIGHT", "CAM_BACK_LEFT", "CAM_BACK", "CAM_BACK_RIGHT"], "token": "977772bcd743433bb3f012c37d73d993", "scene": "scene-1076"}, {"images": ["samples/CAM_FRONT_LEFT/n015-2018-11-21-19-38-26+0800__CAM_FRONT_LEFT__1542800351854844.jpg", "samples/CAM_FRONT/n015-2018-11-21-19-38-26+0800__CAM_FRONT__1542800351862460.jpg", "samples/CAM_FRONT_RIGHT/n015-2018-11-21-19-38-26+0800__CAM_FRONT_RIGHT__1542800351870339.jpg", "samples/CAM_BACK_LEFT/n015-2018-11-21-19-38-26+0800__CAM_BACK_LEFT__1542800351897423.jpg", "samples/CAM_BACK/n015-2018-11-21-19-38-26+0800__CAM_BACK__1542800351887525.jpg", "samples/CAM_BACK_RIGHT/n015-2018-11-21-19-38-26+0800__CAM_BACK_RIGHT__1542800351877893.jpg"], "intrinsics": [[[1272.5979470598488, 0.0, 826.6154927353808], [0.0, 1272.5979470598488, 479.75165386361925], [0.0, 0.0, 1.0]], [[1266.417203046554, 0.0, 816.2670197447984], [0.0, 1266.417203046554, 491.50706579294757], [0.0, 0.0, 1.0]], [[1260.8474446004698, 0.0, 807.968244525554], [0.0, 1260.8474446004698, 495.3344268742088], [0.0, 0.0, 1.0]], [[1256.7414812095406, 0.0, 792.1125740759628], [0.0, 1256.7414812095406, 492.7757465151356], [0.0, 0.0, 1.0]], [[809.2209905677063, 0.0, 829.2196003259838], [0.0, 809.2209905677063, 481.77842384512485], [0.0, 0.0, 1.0]], [[1259.5137405846733, 0.0, 807.2529053838625], [0.0, 1259.5137405846733, 501.19579884916527], [0.0, 0.0, 1.0]]], "extrinsics": [[[0.8192799687385559, -0.5722413659095764, 0.036333080381155014, -0.5323486328125], [0.048012275248765945, 0.00532089127227664, -0.9988325834274292, 1.5336227416992188], [0.5713799595832825, 0.8200679421424866, 0.03183390945196152, -0.97802734375], [0.0, 0.0, 0.0, 1.0]], [[0.00463363341987133, -0.9999889135360718, -0.0008477674564346671, 0.006591796875], [0.04226569086313248, 0.0010428640525788069, -0.9991059303283691, 1.5390625], [0.9990956783294678, 0.004593598190695047, 0.042270056903362274, -1.25439453125], [0.0, 0.0, 0.0, 1.0]], [[-0.8320719599723816, -0.5524543523788452, -0.04950113222002983, 0.744873046875], [0.04742784798145294, 0.018053919076919556, -0.9987114667892456, 1.5200119018554688], [0.5526362061500549, -0.8333475589752197, 0.011179565452039242, -1.0587158203125], [0.0, 0.0, 0.0, 1.0]], [[0.946736216545105, 0.3184519410133362, 0.04773780331015587, -1.123779296875], [0.05461159721016884, -0.012686566449701786, -0.9984270334243774, 1.589599609375], [-0.31734538078308105, 0.9478541016578674, -0.029402000829577446, -0.10980987548828125], [0.0, 0.0, 0.0, 1.0]], [[0.0032577284146100283, 0.9999918937683105, -0.0023800551425665617, 0.00390625], [0.029808485880494118, -0.0024761201348155737, -0.9995525479316711, 1.5834922790527344], [-0.9995504021644592, 0.0031853828113526106, -0.029816308990120888, -0.13671875], [0.0, 0.0, 0.0, 1.0]], [[-0.9329374432563782, 0.3559383451938629, -0.05418170243501663, 0.8980712890625], [0.06288709491491318, 0.012923023663461208, -0.9979369640350342, 1.5675506591796875], [-0.3545038402080536, -0.934420108795166, -0.0344403013586998, -0.1551513671875], [0.0, 0.0, 0.0, 1.0]]], "view": [[0.0, -2.0, 100.0], [-2.0, 0.0, 100.0], [0.0, 0.0, 1.0]], "bev": "bev_03894f5a6a294cc6876d2fe3fa9229e7.png", "aux": "aux_03894f5a6a294cc6876d2fe3fa9229e7.npz", "visibility": "visibility_03894f5a6a294cc6876d2fe3fa9229e7.png", "pose": [[-0.5507913827896118, 0.8346429467201233, 0.0, 663.8829956054688], [-0.8346429467201233, -0.5507913827896118, 0.0, 2100.72216796875], [0.0, 0.0, 1.0, 0.0], [0.0, 0.0, 0.0, 1.0]], "pose_inverse": [[-0.5507913827896118, -0.8346429467201233, 0.0, 2119.013916015625], [0.8346429467201233, -0.5507913827896118, 0.0, 602.9544067382812], [0.0, 0.0, 1.0, 0.0], [0.0, 0.0, 0.0, 1.0]], "cam_ids": [0, 1, 2, 3, 4, 5], "cam_channels": ["CAM_FRONT_LEFT", "CAM_FRONT", "CAM_FRONT_RIGHT", "CAM_BACK_LEFT", "CAM_BACK", "CAM_BACK_RIGHT"], "token": "03894f5a6a294cc6876d2fe3fa9229e7", "scene": "scene-1076"}, {"images": ["samples/CAM_FRONT_LEFT/n015-2018-11-21-19-38-26+0800__CAM_FRONT_LEFT__1542800352354844.jpg", "samples/CAM_FRONT/n015-2018-11-21-19-38-26+0800__CAM_FRONT__1542800352362460.jpg", "samples/CAM_FRONT_RIGHT/n015-2018-11-21-19-38-26+0800__CAM_FRONT_RIGHT__1542800352370339.jpg", "samples/CAM_BACK_LEFT/n015-2018-11-21-19-38-26+0800__CAM_BACK_LEFT__1542800352397423.jpg", "samples/CAM_BACK/n015-2018-11-21-19-38-26+0800__CAM_BACK__1542800352387525.jpg", "samples/CAM_BACK_RIGHT/n015-2018-11-21-19-38-26+0800__CAM_BACK_RIGHT__1542800352377893.jpg"], "intrinsics": [[[1272.5979470598488, 0.0, 826.6154927353808], [0.0, 1272.5979470598488, 479.75165386361925], [0.0, 0.0, 1.0]], [[1266.417203046554, 0.0, 816.2670197447984], [0.0, 1266.417203046554, 491.50706579294757], [0.0, 0.0, 1.0]], [[1260.8474446004698, 0.0, 807.968244525554], [0.0, 1260.8474446004698, 495.3344268742088], [0.0, 0.0, 1.0]], [[1256.7414812095406, 0.0, 792.1125740759628], [0.0, 1256.7414812095406, 492.7757465151356], [0.0, 0.0, 1.0]], [[809.2209905677063, 0.0, 829.2196003259838], [0.0, 809.2209905677063, 481.77842384512485], [0.0, 0.0, 1.0]], [[1259.5137405846733, 0.0, 807.2529053838625], [0.0, 1259.5137405846733, 501.19579884916527], [0.0, 0.0, 1.0]]], "extrinsics": [[[0.8186916708946228, -0.5727115869522095, 0.041776809841394424, -0.5404052734375], [0.057896606624126434, 0.009943594224750996, -0.9982730150222778, 1.53802490234375], [0.5713070631027222, 0.8196966052055359, 0.041298795491456985, -0.990234375], [0.0, 0.0, 0.0, 1.0]], [[0.00441674143075943, -0.9999736547470093, -0.005742338951677084, 0.010986328125], [0.05232267454266548, 0.005965624935925007, -0.9986124038696289, 1.5428466796875], [0.9986203908920288, 0.004110216163098812, 0.05234765261411667, -1.26611328125], [0.0, 0.0, 0.0, 1.0]], [[-0.8315951824188232, -0.5520386099815369, -0.060850463807582855, 0.75439453125], [0.0576285719871521, 0.023203592747449875, -0.9980683922767639, 1.5229339599609375], [0.5523841977119446, -0.833495557308197, 0.012517202645540237, -1.06048583984375], [0.0, 0.0, 0.0, 1.0]], [[0.9462010860443115, 0.3180980086326599, 0.05930456891655922, -1.119873046875], [0.064981609582901, -0.007255668751895428, -0.9978600144386292, 1.5901031494140625], [-0.31698697805404663, 0.9480300545692444, -0.02753584459424019, -0.11133575439453125], [0.0, 0.0, 0.0, 1.0]], [[0.0033252297434955835, 0.9999899864196777, 0.00298316846601665, 0.0018310546875], [0.04010426625609398, 0.0028474293649196625, -0.9991914629936218, 1.584869384765625], [-0.9991899728775024, 0.003442091168835759, -0.04009440168738365, -0.13525390625], [0.0, 0.0, 0.0, 1.0]], [[-0.9323123693466187, 0.35631847381591797, -0.061893682926893234, 0.90380859375], [0.07314581423997879, 0.01817789115011692, -0.9971556067466736, 1.569580078125], [-0.3541797995567322, -0.9341877102851868, -0.04301068186759949, -0.1494140625], [0.0, 0.0, 0.0, 1.0]]], "view": [[0.0, -2.0, 100.0], [-2.0, 0.0, 100.0], [0.0, 0.0, 1.0]], "bev": "bev_e4c1d884d9de4d3a9fdd208b7cfde94a.png", "aux": "aux_e4c1d884d9de4d3a9fdd208b7cfde94a.npz", "visibility": "visibility_e4c1d884d9de4d3a9fdd208b7cfde94a.png", "pose": [[-0.5475495457649231, 0.8367732167243958, 0.0, 660.659912109375], [-0.8367732167243958, -0.5475495457649231, 0.0, 2095.88916015625], [0.0, 0.0, 1.0, 0.0], [0.0, 0.0, 0.0, 1.0]], "pose_inverse": [[-0.5475495457649231, -0.8367732167243958, 0.0, 2115.528076171875], [0.8367732167243958, -0.5475495457649231, 0.0, 594.7807006835938], [0.0, 0.0, 1.0, 0.0], [0.0, 0.0, 0.0, 1.0]], "cam_ids": [0, 1, 2, 3, 4, 5], "cam_channels": ["CAM_FRONT_LEFT", "CAM_FRONT", "CAM_FRONT_RIGHT", "CAM_BACK_LEFT", "CAM_BACK", "CAM_BACK_RIGHT"], "token": "e4c1d884d9de4d3a9fdd208b7cfde94a", "scene": "scene-1076"}, {"images": ["samples/CAM_FRONT_LEFT/n015-2018-11-21-19-38-26+0800__CAM_FRONT_LEFT__1542800352854844.jpg", "samples/CAM_FRONT/n015-2018-11-21-19-38-26+0800__CAM_FRONT__1542800352862460.jpg", "samples/CAM_FRONT_RIGHT/n015-2018-11-21-19-38-26+0800__CAM_FRONT_RIGHT__1542800352870339.jpg", "samples/CAM_BACK_LEFT/n015-2018-11-21-19-38-26+0800__CAM_BACK_LEFT__1542800352897423.jpg", "samples/CAM_BACK/n015-2018-11-21-19-38-26+0800__CAM_BACK__1542800352887525.jpg", "samples/CAM_BACK_RIGHT/n015-2018-11-21-19-38-26+0800__CAM_BACK_RIGHT__1542800352877893.jpg"], "intrinsics": [[[1272.5979470598488, 0.0, 826.6154927353808], [0.0, 1272.5979470598488, 479.75165386361925], [0.0, 0.0, 1.0]], [[1266.417203046554, 0.0, 816.2670197447984], [0.0, 1266.417203046554, 491.50706579294757], [0.0, 0.0, 1.0]], [[1260.8474446004698, 0.0, 807.968244525554], [0.0, 1260.8474446004698, 495.3344268742088], [0.0, 0.0, 1.0]], [[1256.7414812095406, 0.0, 792.1125740759628], [0.0, 1256.7414812095406, 492.7757465151356], [0.0, 0.0, 1.0]], [[809.2209905677063, 0.0, 829.2196003259838], [0.0, 809.2209905677063, 481.77842384512485], [0.0, 0.0, 1.0]], [[1259.5137405846733, 0.0, 807.2529053838625], [0.0, 1259.5137405846733, 501.19579884916527], [0.0, 0.0, 1.0]]], "extrinsics": [[[0.8190428018569946, -0.5723724961280823, 0.03947794809937477, -0.5875244140625], [0.05353556200861931, 0.007735818158835173, -0.9985359907150269, 1.5327606201171875], [0.571229100227356, 0.8199572563171387, 0.03697825223207474, -1.02099609375], [0.0, 0.0, 0.0, 1.0]], [[0.0046232291497290134, -0.9999833703041077, -0.003417946631088853, 0.00970458984375], [0.04821968451142311, 0.0036369364243000746, -0.9988301396369934, 1.5387649536132812], [0.9988260269165039, 0.004453016445040703, 0.0482357032597065, -1.314453125], [0.0, 0.0, 0.0, 1.0]], [[-0.8317365646362305, -0.5523051619529724, -0.05633201450109482, 0.7880859375], [0.05381830409169197, 0.020777547731995583, -0.998334527015686, 1.5194931030273438], [0.5525556802749634, -0.8333830237388611, 0.012442676350474358, -1.0833740234375], [0.0, 0.0, 0.0, 1.0]], [[0.9463568329811096, 0.3182508945465088, 0.0559011846780777, -1.134033203125], [0.062272969633340836, -0.009874277748167515, -0.9980102777481079, 1.589080810546875], [-0.31706568598747253, 0.9479550719261169, -0.029163017868995667, -0.1063995361328125], [0.0, 0.0, 0.0, 1.0]], [[0.003291110275313258, 0.9999944567680359, 0.0004395104479044676, 0.00201416015625], [0.036954592913389206, 0.00031759313424117863, -0.999316930770874, 1.58355712890625], [-0.9993115663528442, 0.003304991638287902, -0.03695334121584892, -0.111328125], [0.0, 0.0, 0.0, 1.0]], [[-0.9325554966926575, 0.3560914695262909, -0