[{"images": ["samples/CAM_FRONT_LEFT/n008-2018-08-30-10-33-52-0400__CAM_FRONT_LEFT__1535639676654799.jpg", "samples/CAM_FRONT/n008-2018-08-30-10-33-52-0400__CAM_FRONT__1535639676662404.jpg", "samples/CAM_FRONT_RIGHT/n008-2018-08-30-10-33-52-0400__CAM_FRONT_RIGHT__1535639676670482.jpg", "samples/CAM_BACK_LEFT/n008-2018-08-30-10-33-52-0400__CAM_BACK_LEFT__1535639676697405.jpg", "samples/CAM_BACK/n008-2018-08-30-10-33-52-0400__CAM_BACK__1535639676687558.jpg", "samples/CAM_BACK_RIGHT/n008-2018-08-30-10-33-52-0400__CAM_BACK_RIGHT__1535639676678113.jpg"], "intrinsics": [[[1257.8625342125129, 0.0, 827.2410631095686], [0.0, 1257.8625342125129, 450.915498205774], [0.0, 0.0, 1.0]], [[1252.8131021185304, 0.0, 826.588114781398], [0.0, 1252.8131021185304, 469.9846626224581], [0.0, 0.0, 1.0]], [[1256.7485116440405, 0.0, 817.7887570959712], [0.0, 1256.7485116440403, 451.9541780095127], [0.0, 0.0, 1.0]], [[1254.9860565800168, 0.0, 829.5769333630991], [0.0, 1254.9860565800168, 467.1680561863987], [0.0, 0.0, 1.0]], [[796.8910634503094, 0.0, 857.7774326863696], [0.0, 796.8910634503094, 476.8848988407415], [0.0, 0.0, 1.0]], [[1249.9629280788233, 0.0, 825.3768045375984], [0.0, 1249.9629280788233, 462.54816385708756], [0.0, 0.0, 1.0]]], "extrinsics": [[[0.8228488564491272, -0.568256676197052, -0.002031163778156042, -0.647735595703125], [0.01259067002683878, 0.021804826334118843, -0.9996829628944397, 1.4936485290527344], [0.5681207776069641, 0.8225623369216919, 0.02509680949151516, -1.0914306640625], [0.0, 0.0, 0.0, 1.0]], [[0.010914603248238564, -0.9997844099998474, -0.017665062099695206, 0.012451171875], [0.014679326675832272, 0.017824415117502213, -0.9997333884239197, 1.4853935241699219], [0.9998325705528259, 0.010652326978743076, 0.01487070880830288, -1.37493896484375], [0.0, 0.0, 0.0, 1.0]], [[-0.8435676693916321, -0.5364751219749451, -0.024250546470284462, 0.852294921875], [0.02284792624413967, 0.009263066574931145, -0.9996960163116455, 1.4995346069335938], [0.536536693572998, -0.8438652753829956, 0.0044433195143938065, -1.122802734375], [0.0, 0.0, 0.0, 1.0]], [[0.9478517770767212, 0.3186587691307068, 0.005808206275105476, -1.1143798828125], [-0.0022223149426281452, 0.024831660091876984, -0.9996892213821411, 1.5619621276855469], [-0.31870394945144653, 0.9475441575050354, 0.024244893342256546, -0.1663818359375], [0.0, 0.0, 0.0, 1.0]], [[0.008897196501493454, 0.999813437461853, 0.017144251614809036, -0.0289306640625], [-0.00020049315935466439, 0.01714671216905117, -0.9998529553413391, 1.5680160522460938], [-0.9999603629112244, 0.008892472833395004, 0.00035301331081427634, -0.0794677734375], [0.0, 0.0, 0.0, 1.0]], [[-0.9238616824150085, 0.38268348574638367, -0.005741520319133997, 0.9636688232421875], [0.0038545229472219944, -0.0056974985636770725, -0.9999763369560242, 1.5486412048339844], [-0.3827070891857147, -0.9238619208335876, 0.003788638161495328, -0.123291015625], [0.0, 0.0, 0.0, 1.0]]], "view": [[0.0, -2.0, 100.0], [-2.0, 0.0, 100.0], [0.0, 0.0, 1.0]], "bev": "bev_107dd32140844573924260f9ad9390bf.png", "aux": "aux_107dd32140844573924260f9ad9390bf.npz", "visibility": "visibility_107dd32140844573924260f9ad9390bf.png", "pose": [[0.8899881839752197, 0.45598357915878296, 0.0, 1491.5101318359375], [-0.45598357915878296, 0.8899881839752197, 0.0, 1370.826416015625], [0.0, 0.0, 1.0, 0.0], [0.0, 0.0, 0.0, 1.0]], "pose_inverse": [[0.8899881839752197, -0.45598357915878296, 0.0, -702.35205078125], [0.45598357915878296, 0.8899881839752197, 0.0, -1900.1234130859375], [0.0, 0.0, 1.0, 0.0], [0.0, 0.0, 0.0, 1.0]], "cam_ids": [0, 1, 2, 3, 4, 5], "cam_channels": ["CAM_FRONT_LEFT", "CAM_FRONT", "CAM_FRONT_RIGHT", "CAM_BACK_LEFT", "CAM_BACK", "CAM_BACK_RIGHT"], "token": "107dd32140844573924260f9ad9390bf", "scene": "scene-0521"}, {"images": ["samples/CAM_FRONT_LEFT/n008-2018-08-30-10-33-52-0400__CAM_FRONT_LEFT__1535639677154799.jpg", "samples/CAM_FRONT/n008-2018-08-30-10-33-52-0400__CAM_FRONT__1535639677162404.jpg", "samples/CAM_FRONT_RIGHT/n008-2018-08-30-10-33-52-0400__CAM_FRONT_RIGHT__1535639677170482.jpg", "samples/CAM_BACK_LEFT/n008-2018-08-30-10-33-52-0400__CAM_BACK_LEFT__1535639677197405.jpg", "samples/CAM_BACK/n008-2018-08-30-10-33-52-0400__CAM_BACK__1535639677187558.jpg", "samples/CAM_BACK_RIGHT/n008-2018-08-30-10-33-52-0400__CAM_BACK_RIGHT__1535639677178171.jpg"], "intrinsics": [[[1257.8625342125129, 0.0, 827.2410631095686], [0.0, 1257.8625342125129, 450.915498205774], [0.0, 0.0, 1.0]], [[1252.8131021185304, 0.0, 826.588114781398], [0.0, 1252.8131021185304, 469.9846626224581], [0.0, 0.0, 1.0]], [[1256.7485116440405, 0.0, 817.7887570959712], [0.0, 1256.7485116440403, 451.9541780095127], [0.0, 0.0, 1.0]], [[1254.9860565800168, 0.0, 829.5769333630991], [0.0, 1254.9860565800168, 467.1680561863987], [0.0, 0.0, 1.0]], [[796.8910634503094, 0.0, 857.7774326863696], [0.0, 796.8910634503094, 476.8848988407415], [0.0, 0.0, 1.0]], [[1249.9629280788233, 0.0, 825.3768045375984], [0.0, 1249.9629280788233, 462.54816385708756], [0.0, 0.0, 1.0]]], "extrinsics": [[[0.8226256370544434, -0.5685824751853943, 0.0009552681003697217, -0.661163330078125], [0.02017206698656082, 0.02750585600733757, -0.9994180798530579, 1.4965667724609375], [0.5682253837585449, 0.8221662640571594, 0.03409650921821594, -1.1007080078125], [0.0, 0.0, 0.0, 1.0]], [[0.010701781138777733, -0.9996743202209473, -0.02316386066377163, 0.012451171875], [0.022207748144865036, 0.023397084325551987, -0.9994795918464661, 1.4877395629882812], [0.9996960759162903, 0.010181737132370472, 0.02245090901851654, -1.39013671875], [0.0, 0.0, 0.0, 1.0]], [[-0.8435145020484924, -0.5360590219497681, -0.03352497145533562, 0.8641357421875], [0.03036145307123661, 0.01472888421267271, -0.9994304776191711, 1.5012397766113281], [0.5362475514411926, -0.8440520167350769, 0.0038515031337738037, -1.1304931640625], [0.0, 0.0, 0.0, 1.0]], [[0.9477991461753845, 0.3185379207134247, 0.014503317885100842, -1.12109375], [0.005222196690738201, 0.029971344396471977, -0.9995371103286743, 1.5621566772460938], [-0.31882521510124207, 0.9474361538887024, 0.026743346825242043, -0.1640625], [0.0, 0.0, 0.0, 1.0]], [[0.008902210742235184, 0.9997079372406006, 0.022470247000455856, -0.0289306640625], [0.007228812202811241, 0.022406211122870445, -0.9997227787971497, 1.5688629150390625], [-0.9999342560768127, 0.009062139317393303, -0.007027237210422754, -0.06982421875], [0.0, 0.0, 0.0, 1.0]], [[-0.9237087368965149, 0.38294678926467896, -0.010671965777873993, 0.9752197265625], [0.011415881104767323, -0.0003298681403975934, -0.9999347925186157, 1.5500984191894531], [-0.3829253017902374, -0.9237704277038574, -0.004066971130669117, -0.1185302734375], [0.0, 0.0, 0.0, 1.0]]], "view": [[0.0, -2.0, 100.0], [-2.0, 0.0, 100.0], [0.0, 0.0, 1.0]], "bev": "bev_c01234a2aced46fcbc033b041ec3e6d0.png", "aux": "aux_c01234a2aced46fcbc033b041ec3e6d0.npz", "visibility": "visibility_c01234a2aced46fcbc033b041ec3e6d0.png", "pose": [[0.8905007243156433, 0.45498180389404297, 0.0, 1495.66455078125], [-0.45498180389404297, 0.8905007243156433, 0.0, 1368.6363525390625], [0.0, 0.0, 1.0, 0.0], [0.0, 0.0, 0.0, 1.0]], "pose_inverse": [[0.8905007243156433, -0.45498180389404297, 0.0, -709.185791015625], [0.45498180389404297, 0.8905007243156433, 0.0, -1899.2718505859375], [0.0, 0.0, 1.0, 0.0], [0.0, 0.0, 0.0, 1.0]], "cam_ids": [0, 1, 2, 3, 4, 5], "cam_channels": ["CAM_FRONT_LEFT", "CAM_FRONT", "CAM_FRONT_RIGHT", "CAM_BACK_LEFT", "CAM_BACK", "CAM_BACK_RIGHT"], "token": "c01234a2aced46fcbc033b041ec3e6d0", "scene": "scene-0521"}, {"images": ["samples/CAM_FRONT_LEFT/n008-2018-08-30-10-33-52-0400__CAM_FRONT_LEFT__1535639677654799.jpg", "samples/CAM_FRONT/n008-2018-08-30-10-33-52-0400__CAM_FRONT__1535639677662404.jpg", "samples/CAM_FRONT_RIGHT/n008-2018-08-30-10-33-52-0400__CAM_FRONT_RIGHT__1535639677670482.jpg", "samples/CAM_BACK_LEFT/n008-2018-08-30-10-33-52-0400__CAM_BACK_LEFT__1535639677697419.jpg", "samples/CAM_BACK/n008-2018-08-30-10-33-52-0400__CAM_BACK__1535639677687558.jpg", "samples/CAM_BACK_RIGHT/n008-2018-08-30-10-33-52-0400__CAM_BACK_RIGHT__1535639677678113.jpg"], "intrinsics": [[[1257.8625342125129, 0.0, 827.2410631095686], [0.0, 1257.8625342125129, 450.915498205774], [0.0, 0.0, 1.0]], [[1252.8131021185304, 0.0, 826.588114781398], [0.0, 1252.8131021185304, 469.9846626224581], [0.0, 0.0, 1.0]], [[1256.7485116440405, 0.0, 817.7887570959712], [0.0, 1256.7485116440403, 451.9541780095127], [0.0, 0.0, 1.0]], [[1254.9860565800168, 0.0, 829.5769333630991], [0.0, 1254.9860565800168, 467.1680561863987], [0.0, 0.0, 1.0]], [[796.8910634503094, 0.0, 857.7774326863696], [0.0, 796.8910634503094, 476.8848988407415], [0.0, 0.0, 1.0]], [[1249.9629280788233, 0.0, 825.3768045375984], [0.0, 1249.9629280788233, 462.54816385708756], [0.0, 0.0, 1.0]]], "extrinsics": [[[0.8226553201675415, -0.5685256719589233, 0.004090913571417332, -0.64691162109375], [0.023117320612072945, 0.026259467005729675, -0.999387800693512, 1.4981460571289062], [0.5680702328681946, 0.8222463726997375, 0.03474528342485428, -1.09228515625], [0.0, 0.0, 0.0, 1.0]], [[0.010780289769172668, -0.999703049659729, -0.021855005994439125, 0.013427734375], [0.025271141901612282, 0.022121675312519073, -0.9994358420372009, 1.4891395568847656], [0.9996224641799927, 0.010221907868981361, 0.025502115488052368, -1.3759765625], [0.0, 0.0, 0.0, 1.0]], [[-0.8434240818023682, -0.5360757112503052, -0.03547761216759682, 0.854736328125], [0.03348627686500549, 0.013452148996293545, -0.9993485808372498, 1.5024604797363281], [0.5362038016319275, -0.8440627455711365, 0.006605311296880245, -1.1236572265625], [0.0, 0.0, 0.0, 1.0]], [[0.9477519989013672, 0.3185344636440277, 0.01737932860851288, -1.12109375], [0.008550260215997696, 0.029095163568854332, -0.9995400905609131, 1.5622406005859375], [-0.3188936412334442, 0.9474645853042603, 0.024851448833942413, -0.1641845703125], [0.0, 0.0, 0.0, 1.0]], [[0.00884862057864666, 0.9997310042381287, 0.021437814459204674, -0.0291748046875], [0.010544344782829285, 0.021344177424907684, -0.999716579914093, 1.5692787170410156], [-0.9999053478240967, 0.009072127752006054, -0.010352644138038158, -0.0740966796875], [0.0, 0.0, 0.0, 1.0]], [[-0.9236599206924438, 0.3829561173915863, -0.014037296175956726, 0.966949462890625], [0.014569425024092197, -0.0015108720399439335, -0.9998927116394043, 1.550854206085205], [-0.38293614983558655, -0.9237653017044067, -0.004183918237686157, -0.1212158203125], [0.0, 0.0, 0.0, 1.0]]], "view": [[0.0, -2.0, 100.0], [-2.0, 0.0, 100.0], [0.0, 0.0, 1.0]], "bev": "bev_e2f2f4b0a2424cfe9f709587c7e1ef8d.png", "aux": "aux_e2f2f4b0a2424cfe9f709587c7e1ef8d.npz", "visibility": "visibility_e2f2f4b0a2424cfe9f709587c7e1ef8d.png", "pose": [[0.8913643956184387, 0.4532874524593353, 0.0, 1499.85986328125], [-0.4532874524593353, 0.8913643956184387, 0.0, 1366.440185546875], [0.0, 0.0, 1.0, 0.0], [0.0, 0.0, 0.0, 1.0]], "pose_inverse": [[0.8913643956184387, -0.4532874524593353, 0.0, -717.5314331054688], [0.4532874524593353, 0.8913643956184387, 0.0, -1897.86376953125], [0.0, 0.0, 1.0, 0.0], [0.0, 0.0, 0.0, 1.0]], "cam_ids": [0, 1, 2, 3, 4, 5], "cam_channels": ["CAM_FRONT_LEFT", "CAM_FRONT", "CAM_FRONT_RIGHT", "CAM_BACK_LEFT", "CAM_BACK", "CAM_BACK_RIGHT"], "token": "e2f2f4b0a2424cfe9f709587c7e1ef8d", "scene": "scene-0521"}, {"images": ["samples/CAM_FRONT_LEFT/n008-2018-08-30-10-33-52-0400__CAM_FRONT_LEFT__1535639678155354.jpg", "samples/CAM_FRONT/n008-2018-08-30-10-33-52-0400__CAM_FRONT__1535639678162404.jpg", "samples/CAM_FRONT_RIGHT/n008-2018-08-30-10-33-52-0400__CAM_FRONT_RIGHT__1535639678170482.jpg", "samples/CAM_BACK_LEFT/n008-2018-08-30-10-33-52-0400__CAM_BACK_LEFT__1535639678197405.jpg", "samples/CAM_BACK/n008-2018-08-30-10-33-52-0400__CAM_BACK__1535639678187558.jpg", "samples/CAM_BACK_RIGHT/n008-2018-08-30-10-33-52-0400__CAM_BACK_RIGHT__1535639678178113.jpg"], "intrinsics": [[[1257.8625342125129, 0.0, 827.2410631095686], [0.0, 1257.8625342125129, 450.915498205774], [0.0, 0.0, 1.0]], [[1252.8131021185304, 0.0, 826.588114781398], [0.0, 1252.8131021185304, 469.9846626224581], [0.0, 0.0, 1.0]], [[1256.7485116440405, 0.0, 817.7887570959712], [0.0, 1256.7485116440403, 451.9541780095127], [0.0, 0.0, 1.0]], [[1254.9860565800168, 0.0, 829.5769333630991], [0.0, 1254.9860565800168, 467.1680561863987], [0.0, 0.0, 1.0]], [[796.8910634503094, 0.0, 857.7774326863696], [0.0, 796.8910634503094, 476.8848988407415], [0.0, 0.0, 1.0]], [[1249.9629280788233, 0.0, 825.3768045375984], [0.0, 1249.9629280788233, 462.54816385708756], [0.0, 0.0, 1.0]]], "extrinsics": [[[0.8223457932472229, -0.568986177444458, -0.0014951576013118029, -0.6490478515625], [0.023460527881979942, 0.03653237223625183, -0.9990570545196533, 1.498260498046875], [0.568504273891449, 0.8215352296829224, 0.04339095950126648, -1.0916748046875], [0.0, 0.0, 0.0, 1.0]], [[0.010315099731087685, -0.9994170069694519, -0.0325445793569088, 0.0123291015625], [0.025531968101859093, 0.03279893845319748, -0.9991358518600464, 1.4893264770507812], [0.9996206760406494, 0.009475243277847767, 0.0258554108440876, -1.3717041015625], [0.0, 0.0, 0.0, 1.0]], [[-0.8436204791069031, -0.5353269577026367, -0.04158772528171539, 0.8507080078125], [0.033665046095848083, 0.02456642873585224, -0.9991312026977539, 1.5026321411132812], [0.5358835458755493, -0.844287633895874, -0.0027029369957745075, -1.1221923828125], [0.0, 0.0, 0.0, 1.0]], [[0.9477719664573669, 0.3182433247566223, 0.021200072020292282, -1.1170654296875], [0.008493348024785519, 0.0412624217569828, -0.9991121888160706, 1.5622711181640625], [-0.318835586309433, 0.947110652923584, 0.03640441596508026, -0.165283203125], [0.0, 0.0, 0.0, 1.0]], [[0.009027360938489437, 0.9994040131568909, 0.03331926837563515, -0.02880859375], [0.010572840459644794, 0.03322336822748184, -0.9993919730186462, 1.5693206787109375], [-0.9999033212661743, 0.009374167770147324, -0.010266621597111225, -0.078369140625], [0.0, 0.0, 0.0, 1.0]], [[-0.923547625541687, 0.383360356092453, -0.009728205390274525, 0.9631500244140625], [0.014670389704406261, 0.00997006706893444, -0.9998427033424377, 1.5509166717529297], [-0.38320305943489075, -0.9235450625419617, -0.014831878244876862, -0.123779296875], [0.0, 0.0, 0.0, 1.0]]], "view": [[0.0, -2.0, 100.0], [-2.0, 0.0, 100.0], [0.0, 0.0, 1.0]], "bev": "bev_65b62e7895b343b5861c95f8a88ea410.png", "aux": "aux_65b62e7895b343b5861c95f8a88ea410.npz", "visibility": "visibility_65b62e7895b343b5861c95f8a88ea410.png", "pose": [[0.8927440643310547, 0.45056408643722534, 0.0, 1504.1005859375], [-0.45056408643722534, 0.8927440643310547, 0.0, 1364.2364501953125], [0.0, 0.0, 1.0, 0.0], [0.0, 0.0, 0.0, 1.0]], "pose_inverse": [[0.8927440643310547, -0.45056408643722534, 0.0, -728.1009521484375], [0.45056408643722534, 0.8927440643310547, 0.0, -1895.6077880859375], [0.0, 0.0, 1.0, 0.0], [0.0, 0.0, 0.0, 1.0]], "cam_ids": [0, 1, 2, 3, 4, 5], "cam_channels": ["CAM_FRONT_LEFT", "CAM_FRONT", "CAM_FRONT_RIGHT", "CAM_BACK_LEFT", "CAM_BACK", "CAM_BACK_RIGHT"], "token": "65b62e7895b343b5861c95f8a88ea410", "scene": "scene-0521"}, {"images": ["samples/CAM_FRONT_LEFT/n008-2018-08-30-10-33-52-0400__CAM_FRONT_LEFT__1535639678654799.jpg", "samples/CAM_FRONT/n008-2018-08-30-10-33-52-0400__CAM_FRONT__1535639678662404.jpg", "samples/CAM_FRONT_RIGHT/n008-2018-08-30-10-33-52-0400__CAM_FRONT_RIGHT__1535639678670482.jpg", "samples/CAM_BACK_LEFT/n008-2018-08-30-10-33-52-0400__CAM_BACK_LEFT__1535639678697405.jpg", "samples/CAM_BACK/n008-2018-08-30-10-33-52-0400__CAM_BACK__1535639678687558.jpg", "samples/CAM_BACK_RIGHT/n008-2018-08-30-10-33-52-0400__CAM_BACK_RIGHT__1535639678678113.jpg"], "intrinsics": [[[1257.8625342125129, 0.0, 827.2410631095686], [0.0, 1257.8625342125129, 450.915498205774], [0.0, 0.0, 1.0]], [[1252.8131021185304, 0.0, 826.588114781398], [0.0, 1252.8131021185304, 469.9846626224581], [0.0, 0.0, 1.0]], [[1256.7485116440405, 0.0, 817.7887570959712], [0.0, 1256.7485116440403, 451.9541780095127], [0.0, 0.0, 1.0]], [[1254.9860565800168, 0.0, 829.5769333630991], [0.0, 1254.9860565800168, 467.1680561863987], [0.0, 0.0, 1.0]], [[796.8910634503094, 0.0, 857.7774326863696], [0.0, 796.8910634503094, 476.8848988407415], [0.0, 0.0, 1.0]], [[1249.9629280788233, 0.0, 825.3768045375984], [0.0, 1249.9629280788233, 462.54816385708756], [0.0, 0.0, 1.0]]], "extrinsics": [[[0.8227421045303345, -0.5682989954948425, -0.011475029401481152, -0.645477294921875], [0.00909220427274704, 0.03334285318851471, -0.9994025826454163, 1.4922332763671875], [0.5683421492576599, 0.8221462965011597, 0.032599661499261856, -1.086181640625], [0.0, 0.0, 0.0, 1.0]], [[0.010684240609407425, -0.9995298385620117, -0.02873961254954338, 0.0101318359375], [0.011102395132184029, 0.028858060017228127, -0.9995218515396118, 1.4841728210449219], [0.9998812675476074, 0.010360036045312881, 0.011405499652028084, -1.37158203125], [0.0, 0.0, 0.0, 1.0]], [[-0.8437315821647644, -0.536096453666687, -0.02678670920431614, 0.8494873046875], [0.019170107319951057, 0.019776519387960434, -0.9996206164360046, 1.4985504150390625], [0.536422848701477, -0.8439250588417053, -0.006409048568457365, -1.12353515625], [0.0, 0.0, 0.0, 1.0]], [[0.9478724598884583, 0.31860581040382385, 0.005291639361530542, -1.1134033203125], [-0.005698487628251314, 0.03355247154831886, -0.999420702457428, 1.5618553161621094], [-0.31859883666038513, 0.9472932815551758, 0.03361903876066208, -0.1666259765625], [0.0, 0.0, 0.0, 1.0]], [[0.009035360999405384, 0.9996085166931152, 0.026480725035071373, -0.02783203125], [-0.00383902620524168, 0.02651628665626049, -0.9996410012245178, 1.5675735473632812], [-0.9999518394470215, 0.008930458687245846, 0.004077107645571232, -0.08074951171875], [0.0, 0.0, 0.0, 1.0]], [[-0.9238314628601074, 0.38279640674591064, 0.001498675555922091, 0.9625358581542969], [0.0001660115085542202, 0.004315681755542755, -0.999990701675415, 1.5478463172912598], [-0.38279932737350464, -0.9238226413726807, -0.00405051140114665, -0.125244140625], [0.0, 0.0, 0.0, 1.0]]], "view": [[0.0, -2.0, 100.0], [-2.0, 0.0, 100.0], [0.0, 0.0, 1.0]], "bev": "bev_516d7cdd62404c32a3b2540c31d3c077.png", "aux": "aux_516d7cdd62404c32a3b2540c31d3c077.npz", "visibility": "visibility_516d7cdd62404c32a3b2540c31d3c077.png", "pose": [[0.8917145133018494, 0.45259830355644226, 0.0, 1508.3641357421875], [-0.45259830355644226, 0.8917145133018494, 0.0, 1362.0389404296875], [0.0, 0.0, 1.0, 0.0], [0.0, 0.0, 0.0, 1.0]], "pose_inverse": [[0.8917145133018494, -0.45259830355644226, 0.0, -728.5736694335938], [0.45259830355644226, 0.8917145133018494, 0.0, -1897.23291015625], [0.0, 0.0, 1.0, 0.0], [0.0, 0.0, 0.0, 1.0]], "cam_ids": [0, 1, 2, 3, 4, 5], "cam_channels": ["CAM_FRONT_LEFT", "CAM_FRONT", "CAM_FRONT_RIGHT", "CAM_BACK_LEFT", "CAM_BACK", "CAM_BACK_RIGHT"], "token": "516d7cdd62404c32a3b2540c31d3c077", "scene": "scene-0521"}, {"images": ["samples/CAM_FRONT_LEFT/n008-2018-08-30-10-33-52-0400__CAM_FRONT_LEFT__1535639679154799.jpg", "samples/CAM_FRONT/n008-2018-08-30-10-33-52-0400__CAM_FRONT__1535639679162404.jpg", "samples/CAM_FRONT_RIGHT/n008-2018-08-30-10-33-52-0400__CAM_FRONT_RIGHT__1535639679170482.jpg", "samples/CAM_BACK_LEFT/n008-2018-08-30-10-33-52-0400__CAM_BACK_LEFT__1535639679197405.jpg", "samples/CAM_BACK/n008-2018-08-30-10-33-52-0400__CAM_BACK__1535639679187558.jpg", "samples/CAM_BACK_RIGHT/n008-2018-08-30-10-33-52-0400__CAM_BACK_RIGHT__1535639679178113.jpg"], "intrinsics": [[[1257.8625342125129, 0.0, 827.2410631095686], [0.0, 1257.8625342125129, 450.915498205774], [0.0, 0.0, 1.0]], [[1252.8131021185304, 0.0, 826.588114781398], [0.0, 1252.8131021185304, 469.9846626224581], [0.0, 0.0, 1.0]], [[1256.7485116440405, 0.0, 817.7887570959712], [0.0, 1256.7485116440403, 451.9541780095127], [0.0, 0.0, 1.0]], [[1254.9860565800168, 0.0, 829.5769333630991], [0.0, 1254.9860565800168, 467.1680561863987], [0.0, 0.0, 1.0]], [[796.8910634503094, 0.0, 857.7774326863696], [0.0, 796.8910634503094, 476.8848988407415], [0.0, 0.0, 1.0]], [[1249.9629280788233, 0.0, 825.3768045375984], [0.0, 1249.9629280788233, 462.54816385708756], [0.0, 0.0, 1.0]]], "extrinsics": [[[0.8226217031478882, -0.5685320496559143, -0.00805874913930893, -0.65087890625], [0.006976274307817221, 0.024264268577098846, -0.9996811747550964, 1.4912300109863281], [0.5685462951660156, 0.8223032355308533, 0.023926546797156334, -1.0911865234375], [0.0, 0.0, 0.0, 1.0]], [[0.010306624695658684, -0.999748170375824, -0.019931886345148087, 0.0107421875], [0.008796353824436665, 0.02002282254397869, -0.9997608661651611, 1.4832801818847656], [0.9999082088470459, 0.01012884546071291, 0.009000507183372974, -1.37677001953125], [0.0, 0.0, 0.0, 1.0]], [[-0.8439761996269226, -0.5360020995140076, -0.02014595828950405, 0.852783203125], [0.016753405332565308, 0.01119844801723957, -0.9997968673706055, 1.4977951049804688], [0.5361188650131226, -0.8441423773765564, -0.0004713654052466154, -1.1253662109375], [0.0, 0.0, 0.0, 1.0]], [[0.9478832483291626, 0.31861740350723267, 0.0004889180418103933, -1.114990234375], [-0.008123389445245266, 0.02570093795657158, -0.999636709690094, 1.5617904663085938], [-0.3185141682624817, 0.9475348591804504, 0.026949740946292877, -0.166259765625], [0.0, 0.0, 0.0, 1.0]], [[0.009215384721755981, 0.9997879862785339, 0.018414905294775963, -0.0281982421875], [-0.006252251099795103, 0.018472936004400253, -0.9998098015785217, 1.567281723022461], [-0.9999380707740784, 0.009098469279706478, 0.006421160884201527, -0.0784912109375], [0.0, 0.0, 0.0, 1.0]], [[-0.923733651638031, 0.38303500413894653, 0.000564149406272918, 0.9653739929199219], [-0.0022755067329853773, -0.004014826379716396, -0.9999893307685852, 1.5473356246948242], [-0.3830285668373108, -0.9237251281738281, 0.004580229055136442, -0.123779296875], [0.0, 0.0, 0.0, 1.0]]], "view": [[0.0, -2.0, 100.0], [-2.0, 0.0, 100.0], [0.0, 0.0, 1.0]], "bev": "bev_b5c4e946b5e94b479811f5b66fcdecec.png", "aux": "aux_b5c4e946b5e94b479811f5b66fcdecec.npz", "visibility": "visibility_b5c4e946b5e94b479811f5b66fcdecec.png", "pose": [[0.8900817036628723, 0.4558010399341583, 0.0, 1512.5687255859375], [-0.4558010399341583, 0.8900817036628723, 0.0, 1359.8699951171875], [0.0, 0.0, 1.0, 0.0], [0.0, 0.0, 0.0, 1.0]], "pose_inverse": [[0.8900817036628723, -0.4558010399341583, 0.0, -726.4796142578125], [0.4558010399341583, 0.8900817036628723, 0.0, -1899.8258056640625], [0.0, 0.0, 1.0, 0.0], [0.0, 0.0, 0.0, 1.0]], "cam_ids": [0, 1, 2, 3, 4, 5], "cam_channels": ["CAM_FRONT_LEFT", "CAM_FRONT", "CAM_FRONT_RIGHT", "CAM_BACK_LEFT", "CAM_BACK", "CAM_BACK_RIGHT"], "token": "b5c4e946b5e94b479811f5b66fcdecec", "scene": "scene-0521"}, {"images": ["samples/CAM_FRONT_LEFT/n008-2018-08-30-10-33-52-0400__CAM_FRONT_LEFT__1535639679654799.jpg", "samples/CAM_FRONT/n008-2018-08-30-10-33-52-0400__CAM_FRONT__1535639679662404.jpg", "samples/CAM_FRONT_RIGHT/n008-2018-08-30-10-33-52-0400__CAM_FRONT_RIGHT__1535639679670482.jpg", "samples/CAM_BACK_LEFT/n008-2018-08-30-10-33-52-0400__CAM_BACK_LEFT__1535639679697405.jpg", "samples/CAM_BACK/n008-2018-08-30-10-33-52-0400__CAM_BACK__1535639679687558.jpg", "samples/CAM_BACK_RIGHT/n008-2018-08-30-10-33-52-0400__CAM_BACK_RIGHT__1535639679678113.jpg"], "intrinsics": [[[1257.8625342125129, 0.0, 827.2410631095686], [0.0, 1257.8625342125129, 450.915498205774], [0.0, 0.0, 1.0]], [[1252.8131021185304, 0.0, 826.588114781398], [0.0, 1252.8131021185304, 469.9846626224581], [0.0, 0.0, 1.0]], [[1256.7485116440405, 0.0, 817.7887570959712], [0.0, 1256.7485116440403, 451.9541780095127], [0.0, 0.0, 1.0]], [[1254.9860565800168, 0.0, 829.5769333630991], [0.0, 1254.9860565800168, 467.1680561863987], [0.0, 0.0, 1.0]], [[796.8910634503094, 0.0, 857.7774326863696], [0.0, 796.8910634503094, 476.8848988407415], [0.0, 0.0, 1.0]], [[1249.9629280788233, 0.0, 825.3768045375984], [0.0, 1249.9629280788233, 462.54816385708756], [0.0, 0.0, 1.0]]], "extrinsics": [[[0.8230567574501038, -0.5679283142089844, -0.005921367090195417, -0.64569091796875], [0.00967947207391262, 0.024450400844216347, -0.9996541738510132, 1.4924697875976562], [0.5678766965866089, 0.8227147459983826, 0.025621313601732254, -1.08740234375], [0.0, 0.0, 0.0, 1.0]], [[0.011110849678516388, -0.9997327327728271, -0.020272336900234222, 0.0108642578125], [0.011734819039702415, 0.02040255442261696, -0.999722957611084, 1.4843788146972656], [0.9998692870140076, 0.010869849473237991, 0.01195837277919054, -1.37274169921875], [0.0, 0.0, 0.0, 1.0]], [[-0.8435541987419128, -0.5365473031997681, -0.02309371903538704, 0.8514404296875], [0.019862432032823563, 0.011802343651652336, -0.999733030796051, 1.4987068176269531], [0.5366765856742859, -0.843787670135498, 0.0007012180867604911, -1.1239013671875], [0.0, 0.0, 0.0, 1.0]], [[0.9478636980056763, 0.3186529874801636, 0.0038392336573451757, -1.1201171875], [-0.005120064131915569, 0.02727380022406578, -0.9996148943901062, 1.5619125366210938], [-0.3186350464820862, 0.9474789500236511, 0.027483368292450905, -0.164306640625], [0.0, 0.0, 0.0, 1.0]], [[0.00888909213244915, 0.9997682571411133, 0.01960996352136135, -0.0283203125], [-0.003145933849737048, 0.019638599827885628, -0.9998021721839905, 1.5676727294921875], [-0.9999555349349976, 0.008825688622891903, 0.0033197742886841297, -0.07562255859375], [0.0, 0.0, 0.0, 1.0]], [[-0.9239168763160706, 0.3825874924659729, -0.002068696543574333, 0.9654998779296875], [0.0009227977716363966, -0.003178610699251294, -0.9999945163726807, 1.5480084419250488], [-0.38259199261665344, -0.9239137768745422, 0.0025837216526269913, -0.1234130859375], [0.0, 0.0, 0.0, 1.0]]], "view": [[0.0, -2.0, 100.0], [-2.0, 0.0, 100.0], [0.0, 0.0, 1.0]], "bev": "bev_7e034567ff9e4c22819fd59c4cb845da.png", "aux": "aux_7e034567ff9e4c22819fd59c4cb845da.npz", "visibility": "visibility_7e034567ff9e4c22819fd59c4cb845da.png", "pose": [[0.8885500431060791, 0.4587796628475189, 0.0, 1516.819580078125], [-0.4587796628475189, 0.8885500431060791, 0.0, 1357.669189453125], [0.0, 0.0, 1.0, 0.0], [0.0, 0.0, 0.0, 1.0]], "pose_inverse": [[0.8885500431060791, -0.4587796628475189, 0.0, -724.8991088867188], [0.4587796628475189, 0.8885500431060791, 0.0, -1902.2430419921875], [0.0, 0.0, 1.0, 0.0], [0.0, 0.0, 0.0, 1.0]], "cam_ids": [0, 1, 2, 3, 4, 5], "cam_channels": ["CAM_FRONT_LEFT", "CAM_FRONT", "CAM_FRONT_RIGHT", "CAM_BACK_LEFT", "CAM_BACK", "CAM_BACK_RIGHT"], "token": "7e034567ff9e4c22819fd59c4cb845da", "scene": "scene-0521"}, {"images": ["samples/CAM_FRONT_LEFT/n008-2018-08-30-10-33-52-0400__CAM_FRONT_LEFT__1535639680104799.jpg", "samples/CAM_FRONT/n008-2018-08-30-10-33-52-0400__CAM_FRONT__1535639680112404.jpg", "samples/CAM_FRONT_RIGHT/n008-2018-08-30-10-33-52-0400__CAM_FRONT_RIGHT__1535639680120482.jpg", "samples/CAM_BACK_LEFT/n008-2018-08-30-10-33-52-0400__CAM_BACK_LEFT__1535639680147405.jpg", "samples/CAM_BACK/n008-2018-08-30-10-33-52-0400__CAM_BACK__1535639680137558.jpg", "samples/CAM_BACK_RIGHT/n008-2018-08-30-10-33-52-0400__CAM_BACK_RIGHT__1535639680128113.jpg"], "intrinsics": [[[1257.8625342125129, 0.0, 827.2410631095686], [0.0, 1257.8625342125129, 450.915498205774], [0.0, 0.0, 1.0]], [[1252.8131021185304, 0.0, 826.588114781398], [0.0, 1252.8131021185304, 469.9846626224581], [0.0, 0.0, 1.0]], [[1256.7485116440405, 0.0, 817.7887570959712], [0.0, 1256.7485116440403, 451.9541780095127], [0.0, 0.0, 1.0]], [[1254.9860565800168, 0.0, 829.5769333630991], [0.0, 1254.9860565800168, 467.1680561863987], [0.0, 0.0, 1.0]], [[796.8910634503094, 0.0, 857.7774326863696], [0.0, 796.8910634503094, 476.8848988407415], [0.0, 0.0, 1.0]], [[1249.9629280788233, 0.0, 825.3768045375984], [0.0, 1249.9629280788233, 462.54816385708756], [0.0, 0.0, 1.0]]], "extrinsics": [[[0.822516679763794, -0.5687389373779297, -0.0014999728882685304, -0.660064697265625], [0.017253881320357323, 0.027588728815317154, -0.9994704127311707, 1.4954681396484375], [0.5684791207313538, 0.8220552802085876, 0.03250514715909958, -1.0968017578125], [0.0, 0.0, 0.0, 1.0]], [[0.010364551097154617, -0.9996763467788696, -0.023232566192746162, 0.01025390625], [0.01938692480325699, 0.023430341854691505, -0.999537467956543, 1.4868659973144531], [0.9997583031654358, 0.009909386746585369, 0.019623495638370514, -1.38751220703125], [0.0, 0.0, 0.0, 1.0]], [[-0.8437565565109253, -0.5358200073242188, -0.031171811744570732, 0.86181640625], [0.02759677916765213, 0.014690771698951721, -0.9995111227035522, 1.5005569458007812], [0.536016047000885, -0.8442044258117676, 0.0023914698977023363, -1.131103515625], [0.0, 0.0, 0.0, 1.0]], [[0.9478374123573303, 0.3185296654701233, 0.011965377256274223, -1.1251220703125], [0.0025653454940766096, 0.02991386689245701, -0.9995492100715637, 1.5620918273925781], [-0.3187439739704132, 0.9474407434463501, 0.027536343783140182, -0.1624755859375], [0.0, 0.0, 0.0, 1.0]], [[0.009071065112948418, 0.9997076392173767, 0.022410323843359947, -0.0283203125], [0.004608457908034325, 0.02236921340227127, -0.9997391104698181, 1.5685653686523438], [-0.9999482035636902, 0.009171996265649796, -0.004404199775308371, -0.06756591796875], [0.0, 0.0, 0.0, 1.0]], [[-0.9236566424369812, 0.3831337094306946, -0.008175073191523552, 0.9753494262695312], [0.00868736207485199, -0.00039313657907769084, -0.9999622106552124, 1.5495524406433105], [-0.38312244415283203, -0.9236928224563599, -0.0029652980156242847, -0.1197509765625], [0.0, 0.0, 0.0, 1.0]]], "view": [[0.0, -2.0, 100.0], [-2.0, 0.0, 100.0], [0.0, 0.0, 1.0]], "bev": "bev_4f6df7531aa04569988adf425adfd021.png", "aux": "aux_4f6df7531aa04569988adf425adfd021.npz", "visibility": "visibility_4f6df7531aa04569988adf425adfd021.png", "pose": [[0.8869633674621582, 0.4618397355079651, 0.0, 1520.6151123046875], [-0.4618397355079651, 0.8869633674621582, 0.0, 1355.6728515625], [0.0, 0.0, 1.0, 0.0], [0.0, 0.0, 0.0, 1.0]], "pose_inverse": [[0.8869633674621582, -0.4618397355079651, 0.0, -722.6263427734375], [0.4618397355079651, 0.8869633674621582, 0.0, -1904.712646484375], [0.0, 0.0, 1.0, 0.0], [0.0, 0.0, 0.0, 1.0]], "cam_ids": [0, 1, 2, 3, 4, 5], "cam_channels": ["CAM_FRONT_LEFT", "CAM_FRONT", "CAM_FRONT_RIGHT", "CAM_BACK_LEFT", "CAM_BACK", "CAM_BACK_RIGHT"], "token": "4f6df7531aa04569988adf425adfd021", "scene": "scene-0521"}, {"images": ["samples/CAM_FRONT_LEFT/n008-2018-08-30-10-33-52-0400__CAM_FRONT_LEFT__1535639680604799.jpg", "samples/CAM_FRONT/n008-2018-08-30-10-33-52-0400__CAM_FRONT__1535639680612404.jpg", "samples/CAM_FRONT_RIGHT/n008-2018-08-30-10-33-52-0400__CAM_FRONT_RIGHT__1535639680620482.jpg", "samples/CAM_BACK_LEFT/n008-2018-08-30-10-33-52-0400__CAM_BACK_LEFT__1535639680647405.jpg", "samples/CAM_BACK/n008-2018-08-30-10-33-52-0400__CAM_BACK__1535639680637558.jpg", "samples/CAM_BACK_RIGHT/n008-2018-08-30-10-33-52-0400__CAM_BACK_RIGHT__1535639680628113.jpg"], "intrinsics": [[[1257.8625342125129, 0.0, 827.2410631095686], [0.0, 1257.8625342125129, 450.915498205774], [0.0, 0.0, 1.0]], [[1252.8131021185304, 0.0, 826.588114781398], [0.0, 1252.8131021185304, 469.9846626224581], [0.0, 0.0, 1.0]], [[1256.7485116440405, 0.0, 817.7887570959712], [0.0, 1256.7485116440403, 451.9541780095127], [0.0, 0.0, 1.0]], [[1254.9860565800168, 0.0, 829.5769333630991], [0.0, 1254.9860565800168, 467.1680561863987], [0.0, 0.0, 1.0]], [[796.8910634503094, 0.0, 857.7774326863696], [0.0, 796.8910634503094, 476.8848988407415], [0.0, 0.0, 1.0]], [[1249.9629280788233, 0.0, 825.3768045375984], [0.0, 1249.9629280788233, 462.54816385708756], [0.0, 0.0, 1.0]]], "extrinsics": [[[0.8224201202392578, -0.5688759684562683, -0.002336126519367099, -0.654449462890625], [0.012479131110012531, 0.022146234288811684, -0.9996768236160278, 1.4934310913085938], [0.5687438249588013, 0.8221251964569092, 0.025312582030892372, -1.0980224609375], [0.0, 0.0, 0.0, 1.0]], [[0.01009672787040472, -0.9997890591621399, -0.01788507215678692, 0.0137939453125], [0.014340631663799286, 0.018028922379016876, -0.9997345805168152, 1.4850959777832031], [0.9998461604118347, 0.00983754824846983, 0.014519640244543552, -1.38458251953125], [0.0, 0.0, 0.0, 1.0]], [[-0.8439815044403076, -0.535844087600708, -0.0237962007522583, 0.8616943359375], [0.02226140908896923, 0.009333029389381409, -0.9997085928916931, 1.4991302490234375], [0.5359100103378296, -0.844265341758728, 0.004051739349961281, -1.1275634765625], [0.0, 0.0, 0.0, 1.0]], [[0.947880208492279, 0.31859326362609863, 0.004635493271052837, -1.125732421875], [-0.0032692186068743467, 0.02427211031317711, -0.9997000694274902, 1.5619735717773438], [-0.31861019134521484, 0.9475807547569275, 0.02404860593378544, -0.1624755859375], [0.0, 0.0, 0.0, 1.0]], [[0.009238498285412788, 0.9998148083686829, 0.016885599121451378, -0.029296875], [-0.0011083853896707296, 0.016896547749638557, -0.9998565912246704, 1.5679130554199219], [-0.9999567866325378, 0.009218490682542324, 0.00126427854411304, -0.06781005859375], [0.0, 0.0, 0.0, 1.0]], [[-0.9236471652984619, 0.3832094669342041, -0.005129948724061251, 0.9732894897460938], [0.0031691931653767824, -0.005747828632593155, -0.9999784827232361, 1.5484676361083984], [-0.3832307755947113, -0.9236435890197754, 0.0040945010259747505, -0.1185302734375], [0.0, 0.0, 0.0, 1.0]]], "view": [[0.0, -2.0, 100.0], [-2.0, 0.0, 100.0], [0.0, 0.0, 1.0]], "bev": "bev_9bae21d742234e0da89097147f74a5f8.png", "aux": "aux_9bae21d742234e0da89097147f74a5f8.npz", "visibility": "visibility_9bae21d742234e0da89097147f74a5f8.png", "pose": [[0.8852658271789551, 0.4650854170322418, 0.0, 1524.7906494140625], [-0.4650854170322418, 0.8852658271789551, 0.0, 1353.445068359375], [0.0, 0.0, 1.0, 0.0], [0.0, 0.0, 0.0, 1.0]], "pose_inverse": [[0.8852658271789551, -0.4650854170322418, 0.0, -720.37744140625], [0.4650854170322418, 0.8852658271789551, 0.0, -1907.3165283203125], [0.0, 0.0, 1.0, 0.0], [0.0, 0.0, 0.0, 1.0]], "cam_ids": [0, 1, 2, 3, 4, 5], "cam_channels": ["CAM_FRONT_LEFT", "CAM_FRONT", "CAM_FRONT_RIGHT", "CAM_BACK_LEFT", "CAM_BACK", "CAM_BACK_RIGHT"], "token": "9bae21d742234e0da89097147f74a5f8", "scene": "scene-0521"}, {"images": ["samples/CAM_FRONT_LEFT/n008-2018-08-30-10-33-52-0400__CAM_FRONT_LEFT__1535639681104799.jpg", "samples/CAM_FRONT/n008-2018-08-30-10-33-52-0400__CAM_FRONT__1535639681112404.jpg", "samples/CAM_FRONT_RIGHT/n008-2018-08-30-10-33-52-0400__CAM_FRONT_RIGHT__1535639681120482.jpg", "samples/CAM_BACK_LEFT/n008-2018-08-30-10-33-52-0400__CAM_BACK_LEFT__1535639681147405.jpg", "samples/CAM_BACK/n008-2018-08-30-10-33-52-0400__CAM_BACK__1535639681137558.jpg", "samples/CAM_BACK_RIGHT/n008-2018-08-30-10-33-52-0400__CAM_BACK_RIGHT__1535639681128113.jpg"], "intrinsics": [[[1257.8625342125129, 0.0, 827.2410631095686], [0.0, 1257.8625342125129, 450.915498205774], [0.0, 0.0, 1.0]], [[1252.8131021185304, 0.0, 826.588114781398], [0.0, 1252.8131021185304, 469.9846626224581], [0.0, 0.0, 1.0]], [[1256.7485116440405, 0.0, 817.7887570959712], [0.0, 1256.7485116440403, 451.9541780095127], [0.0, 0.0, 1.0]], [[1254.9860565800168, 0.0, 829.5769333630991], [0.0, 1254.9860565800168, 467.1680561863987], [0.0, 0.0, 1.0]], [[796.8910634503094, 0.0, 857.7774326863696], [0.0, 796.8910634503094, 476.8848988407415], [0.0, 0.0, 1.0]], [[1249.9629280788233, 0.0, 825.3768045375984], [0.0, 1249.9629280788233, 462.54816385708756], [0.0, 0.0, 1.0]]], "extrinsics": [[[0.8228662610054016, -0.5682349801063538, 0.00038526704884134233, -0.65704345703125], [0.011122043244540691, 0.015428049489855766, -0.9998190999031067, 1.4929580688476562], [0.5681262612342834, 0.8227217197418213, 0.019015155732631683, -1.094970703125], [0.0, 0.0, 0.0, 1.0]], [[0.010853642597794533, -0.9998785853385925, -0.011180918663740158, 0.0103759765625], [0.013024361804127693, 0.011321989819407463, -0.9998510479927063, 1.4847068786621094], [0.9998562932014465, 0.010706420056521893, 0.01314566470682621, -1.38482666015625], [0.0, 0.0, 0.0, 1.0]], [[-0.8436154127120972, -0.5366069078445435, -0.019131548702716827, 0.8603515625], [0.020992115139961243, 0.002642518375068903, -0.9997761249542236, 1.4988155364990234], [0.5365373492240906, -0.8438283205032349, 0.009035244584083557, -1.130126953125], [0.0, 0.0, 0.0, 1.0]], [[0.9478614330291748, 0.3186802566051483, 0.0012833530781790614, -1.1226806640625], [-0.004661847371608019, 0.01789228804409504, -0.9998290538787842, 1.5619354248046875], [-0.3186487555503845, 0.9476933479309082, 0.018445048481225967, -0.1634521484375], [0.0, 0.0, 0.0, 1.0]], [[0.008882282301783562, 0.9999074339866638, 0.010313873179256916, -0.0281982421875], [-0.002351141767576337, 0.010335134342312813, -0.9999437928199768, 1.5677871704101562], [-0.999957799911499, 0.008857558481395245, 0.0024427236057817936, -0.06964111328125], [0.0, 0.0, 0.0, 1.0]], [[-0.9239088892936707, 0.38255739212036133, -0.006487214472144842, 0.9742660522460938], [0.0018852350767701864, -0.01240315567702055, -0.9999213218688965, 1.5481986999511719], [-0.38260769844055176, -0.9238485097885132, 0.010738176293671131, -0.1201171875], [0.0, 0.0, 0.0, 1.0]]], "view": [[0.0, -2.0, 100.0], [-2.0, 0.0, 100.0], [0.0, 0.0, 1.0]], "bev": "bev_78418f83bbf14f7ab5dc64a268b468d6.png", "aux": "aux_78418f83bbf14f7ab5dc64a268b468d6.npz", "visibility": "visibility_78418f83bbf14f7ab5dc64a268b468d6.png", "pose": [[0.8844433426856995, 0.4666476249694824, 0.0, 1528.951904296875], [-0.4666476249694824, 0.8844433426856995, 0.0, 1351.2030029296875], [0.0, 0.0, 1.0, 0.0], [0.0, 0.0, 0.0, 1.0]], "pose_inverse": [[0.8844433426856995, -0.4666476249694824, 0.0, -721.7356567382812], [0.4666476249694824, 0.8844433426856995, 0.0, -1908.544189453125], [0.0, 0.0, 1.0, 0.0], [0.0, 0.0, 0.0, 1.0]], "cam_ids": [0, 1, 2, 3, 4, 5], "cam_channels": ["CAM_FRONT_LEFT", "CAM_FRONT", "CAM_FRONT_RIGHT", "CAM_BACK_LEFT", "CAM_BACK", "CAM_BACK_RIGHT"], "token": "78418f83bbf14f7ab5dc64a268b468d6", "scene": "scene-0521"}, {"images": ["samples/CAM_FRONT_LEFT/n008-2018-08-30-10-33-52-0400__CAM_FRONT_LEFT__1535639681604799.jpg", "samples/CAM_FRONT/n008-2018-08-30-10-33-52-0400__CAM_FRONT__1535639681612404.jpg", "samples/CAM_FRONT_RIGHT/n008-2018-08-30-10-33-52-0400__CAM_FRONT_RIGHT__1535639681620482.jpg", "samples/CAM_BACK_LEFT/n008-2018-08-30-10-33-52-0400__CAM_BACK_LEFT__1535639681647405.jpg", "samples/CAM_BACK/n008-2018-08-30-10-33-52-0400__CAM_BACK__1535639681637558.jpg", "samples/CAM_BACK_RIGHT/n008-2018-08-30-10-33-52-0400__CAM_BACK_RIGHT__1535639681628113.jpg"], "intrinsics": [[[1257.8625342125129, 0.0, 827.2410631095686], [0.0, 1257.8625342125129, 450.915498205774], [0.0, 0.0, 1.0]], [[1252.8131021185304, 0.0, 826.588114781398], [0.0, 1252.8131021185304, 469.9846626224581], [0.0, 0.0, 1.0]], [[1256.7485116440405, 0.0, 817.7887570959712], [0.0, 1256.7485116440403, 451.9541780095127], [0.0, 0.0, 1.0]], [[1254.9860565800168, 0.0, 829.5769333630991], [0.0, 1254.9860565800168, 467.1680561863987], [0.0, 0.0, 1.0]], [[796.8910634503094, 0.0, 857.7774326863696], [0.0, 796.8910634503094, 476.8848988407415], [0.0, 0.0, 1.0]], [[1249.9629280788233, 0.0, 825.3768045375984], [0.0, 1249.9629280788233, 462.54816385708756], [0.0, 0.0, 1.0]]], "extrinsics": [[[0.8226463198661804, -0.5684924125671387, -0.008329609408974648, -0.667572021484375], [0.007394318003207445, 0.025347063317894936, -0.999651312828064, 1.4911575317382812], [0.5685052871704102, 0.8222979307174683, 0.025055281817913055, -1.10693359375], [0.0, 0.0, 0.0, 1.0]], [[0.010371188633143902, -0.9997180104255676, -0.02135992981493473, 0.013916015625], [0.00928844977170229, 0.02145647257566452, -0.9997266530990601, 1.4831962585449219], [0.9999030828475952, 0.010169903747737408, 0.00950835831463337, -1.39691162109375], [0.0, 0.0, 0.0, 1.0]], [[-0.8439517021179199, -0.5359870791435242, -0.02152799442410469, 0.868896484375], [0.01724514178931713, 0.013002007268369198, -0.9997667074203491, 1.4975929260253906], [0.5361419916152954, -0.8441260457038879, -0.0017298931488767266, -1.1319580078125], [0.0, 0.0, 0.0, 1.0]], [[0.9478868246078491, 0.31860363483428955, 0.001514000934548676, -1.1239013671875], [-0.008212954737246037, 0.029184402897953987, -0.9995403289794922, 1.561859130859375], [-0.3185013234615326, 0.9474385976791382, 0.03028019145131111, -0.1630859375], [0.0, 0.0, 0.0, 1.0]], [[0.009228521957993507, 0.9997325539588928, 0.021206438541412354, -0.029541015625], [-0.006069929804652929, 0.02126295678317547, -0.9997555017471313, 1.5673561096191