[{"images": ["samples/CAM_FRONT_LEFT/n015-2018-09-25-11-10-38+0800__CAM_FRONT_LEFT__1537845432354844.jpg", "samples/CAM_FRONT/n015-2018-09-25-11-10-38+0800__CAM_FRONT__1537845432362460.jpg", "samples/CAM_FRONT_RIGHT/n015-2018-09-25-11-10-38+0800__CAM_FRONT_RIGHT__1537845432370339.jpg", "samples/CAM_BACK_LEFT/n015-2018-09-25-11-10-38+0800__CAM_BACK_LEFT__1537845432397423.jpg", "samples/CAM_BACK/n015-2018-09-25-11-10-38+0800__CAM_BACK__1537845432387525.jpg", "samples/CAM_BACK_RIGHT/n015-2018-09-25-11-10-38+0800__CAM_BACK_RIGHT__1537845432377893.jpg"], "intrinsics": [[[1272.5979470598488, 0.0, 826.6154927353808], [0.0, 1272.5979470598488, 479.75165386361925], [0.0, 0.0, 1.0]], [[1266.417203046554, 0.0, 816.2670197447984], [0.0, 1266.417203046554, 491.50706579294757], [0.0, 0.0, 1.0]], [[1260.8474446004698, 0.0, 807.968244525554], [0.0, 1260.8474446004698, 495.3344268742088], [0.0, 0.0, 1.0]], [[1256.7414812095406, 0.0, 792.1125740759628], [0.0, 1256.7414812095406, 492.7757465151356], [0.0, 0.0, 1.0]], [[809.2209905677063, 0.0, 829.2196003259838], [0.0, 809.2209905677063, 481.77842384512485], [0.0, 0.0, 1.0]], [[1259.5137405846733, 0.0, 807.2529053838625], [0.0, 1259.5137405846733, 501.19579884916527], [0.0, 0.0, 1.0]]], "extrinsics": [[[0.8206702470779419, -0.571399450302124, 0.001695247134193778, -0.70416259765625], [0.005234522745013237, 0.0045513007789850235, -0.9999759197235107, 1.5099081993103027], [0.5713779330253601, 0.8206593990325928, 0.006726120598614216, -1.09912109375], [0.0, 0.0, 0.0, 1.0]], [[0.005515061318874359, -0.9999845623970032, -0.0006012172088958323, 0.006744384765625], [-0.00013324152678251266, 0.000600491592194885, -0.9999998807907104, 1.5204988718032837], [0.9999847412109375, 0.005515166092664003, -0.00012992802658118308, -1.431396484375], [0.0, 0.0, 0.0, 1.0]], [[-0.8329697251319885, -0.5531311631202698, -0.01439870335161686, 0.863525390625], [0.005418122746050358, 0.01786748133599758, -0.999825656414032, 1.5047388076782227], [0.5532920360565186, -0.8329025506973267, -0.01188613846898079, -1.1363525390625], [0.0, 0.0, 0.0, 1.0]], [[0.9477294683456421, 0.3189445734024048, 0.009122973307967186, -1.138671875], [0.013810032047331333, -0.01243719831109047, -0.9998272657394409, 1.5886096954345703], [-0.3187759816646576, 0.947691798210144, -0.01619173400104046, -0.10498046875], [0.0, 0.0, 0.0, 1.0]], [[0.002550901612266898, 0.9999938011169434, -0.0024442002177238464, 0.002960205078125], [-0.011497082188725471, -0.002414718270301819, -0.9999309778213501, 1.5784826278686523], [-0.9999306797981262, 0.0025787970516830683, 0.01149085070937872, -0.0743408203125], [0.0, 0.0, 0.0, 1.0]], [[-0.9346328377723694, 0.35528627038002014, -0.015268459916114807, 0.9991455078125], [0.021228937432169914, 0.012883998453617096, -0.9996916055679321, 1.5545578002929688], [-0.354979932308197, -0.9346687197685242, -0.019584156572818756, -0.115692138671875], [0.0, 0.0, 0.0, 1.0]]], "view": [[0.0, -2.0, 100.0], [-2.0, 0.0, 100.0], [0.0, 0.0, 1.0]], "bev": "bev_88505df917e2496694559faee4efd7d6.png", "aux": "aux_88505df917e2496694559faee4efd7d6.npz", "visibility": "visibility_88505df917e2496694559faee4efd7d6.png", "pose": [[-0.37839022278785706, 0.925646185874939, 0.0, 342.20452880859375], [-0.925646185874939, -0.37839022278785706, 0.0, 1024.7781982421875], [0.0, 0.0, 1.0, 0.0], [0.0, 0.0, 0.0, 1.0]], "pose_inverse": [[-0.37839022278785706, -0.925646185874939, 0.0, 1078.06884765625], [0.925646185874939, -0.37839022278785706, 0.0, 71.0057373046875], [0.0, 0.0, 1.0, 0.0], [0.0, 0.0, 0.0, 1.0]], "cam_ids": [0, 1, 2, 3, 4, 5], "cam_channels": ["CAM_FRONT_LEFT", "CAM_FRONT", "CAM_FRONT_RIGHT", "CAM_BACK_LEFT", "CAM_BACK", "CAM_BACK_RIGHT"], "token": "88505df917e2496694559faee4efd7d6", "scene": "scene-0984"}, {"images": ["samples/CAM_FRONT_LEFT/n015-2018-09-25-11-10-38+0800__CAM_FRONT_LEFT__1537845432854844.jpg", "samples/CAM_FRONT/n015-2018-09-25-11-10-38+0800__CAM_FRONT__1537845432862460.jpg", "samples/CAM_FRONT_RIGHT/n015-2018-09-25-11-10-38+0800__CAM_FRONT_RIGHT__1537845432870339.jpg", "samples/CAM_BACK_LEFT/n015-2018-09-25-11-10-38+0800__CAM_BACK_LEFT__1537845432897423.jpg", "samples/CAM_BACK/n015-2018-09-25-11-10-38+0800__CAM_BACK__1537845432887525.jpg", "samples/CAM_BACK_RIGHT/n015-2018-09-25-11-10-38+0800__CAM_BACK_RIGHT__1537845432877893.jpg"], "intrinsics": [[[1272.5979470598488, 0.0, 826.6154927353808], [0.0, 1272.5979470598488, 479.75165386361925], [0.0, 0.0, 1.0]], [[1266.417203046554, 0.0, 816.2670197447984], [0.0, 1266.417203046554, 491.50706579294757], [0.0, 0.0, 1.0]], [[1260.8474446004698, 0.0, 807.968244525554], [0.0, 1260.8474446004698, 495.3344268742088], [0.0, 0.0, 1.0]], [[1256.7414812095406, 0.0, 792.1125740759628], [0.0, 1256.7414812095406, 492.7757465151356], [0.0, 0.0, 1.0]], [[809.2209905677063, 0.0, 829.2196003259838], [0.0, 809.2209905677063, 481.77842384512485], [0.0, 0.0, 1.0]], [[1259.5137405846733, 0.0, 807.2529053838625], [0.0, 1259.5137405846733, 501.19579884916527], [0.0, 0.0, 1.0]]], "extrinsics": [[[0.8205803036689758, -0.5715225338935852, 0.003169932635501027, -0.69219970703125], [0.005533454939723015, 0.002398452255874872, -0.9999818205833435, 1.5100784301757812], [0.5715044736862183, 0.820582926273346, 0.00513061648234725, -1.09222412109375], [0.0, 0.0, 0.0, 1.0]], [[0.005332518368959427, -0.9999844431877136, 0.001622394542209804, 0.007598876953125], [3.4004784538410604e-05, -0.0016222361009567976, -0.9999986886978149, 1.5205429792404175], [0.9999858140945435, 0.005332589149475098, 2.535226485633757e-05, -1.4190673828125], [0.0, 0.0, 0.0, 1.0]], [[-0.8330821394920349, -0.5529925227165222, -0.013165577314794064, 0.85498046875], [0.005424016620963812, 0.015633346512913704, -0.9998630285263062, 1.5047941207885742], [0.5531226396560669, -0.8330395221710205, -0.01002442091703415, -1.13043212890625], [0.0, 0.0, 0.0, 1.0]], [[0.9477428793907166, 0.3189423680305481, 0.007697047665715218, -1.1353759765625], [0.013034061528742313, -0.014602532610297203, -0.9998084306716919, 1.5886497497558594], [-0.31876882910728455, 0.9476616382598877, -0.01799655891954899, -0.105987548828125], [0.0, 0.0, 0.0, 1.0]], [[0.002668332774192095, 0.9999856352806091, -0.004644640721380711, 0.00305938720703125], [-0.011947599239647388, -0.004612445365637541, -0.9999180436134338, 1.5783729553222656], [-0.9999251365661621, 0.0027235697489231825, 0.011935120448470116, -0.08056640625], [0.0, 0.0, 0.0, 1.0]], [[-0.9345563650131226, 0.3554602265357971, -0.015888290479779243, 0.990966796875], [0.021050626412034035, 0.010659780353307724, -0.9997216463088989, 1.5547218322753906], [-0.3551919162273407, -0.9346306324005127, -0.017444826662540436, -0.11895751953125], [0.0, 0.0, 0.0, 1.0]]], "view": [[0.0, -2.0, 100.0], [-2.0, 0.0, 100.0], [0.0, 0.0, 1.0]], "bev": "bev_d9b182f0781e40228fb3369c9eab618d.png", "aux": "aux_d9b182f0781e40228fb3369c9eab618d.npz", "visibility": "visibility_d9b182f0781e40228fb3369c9eab618d.png", "pose": [[-0.3809702694416046, 0.9245873093605042, 0.0, 340.7541809082031], [-0.9245873093605042, -0.3809702694416046, 0.0, 1021.3084716796875], [0.0, 0.0, 1.0, 0.0], [0.0, 0.0, 0.0, 1.0]], "pose_inverse": [[-0.3809702694416046, -0.9245873093605042, 0.0, 1074.1060791015625], [0.9245873093605042, -0.3809702694416046, 0.0, 74.03117370605469], [0.0, 0.0, 1.0, 0.0], [0.0, 0.0, 0.0, 1.0]], "cam_ids": [0, 1, 2, 3, 4, 5], "cam_channels": ["CAM_FRONT_LEFT", "CAM_FRONT", "CAM_FRONT_RIGHT", "CAM_BACK_LEFT", "CAM_BACK", "CAM_BACK_RIGHT"], "token": "d9b182f0781e40228fb3369c9eab618d", "scene": "scene-0984"}, {"images": ["samples/CAM_FRONT_LEFT/n015-2018-09-25-11-10-38+0800__CAM_FRONT_LEFT__1537845433354844.jpg", "samples/CAM_FRONT/n015-2018-09-25-11-10-38+0800__CAM_FRONT__1537845433362460.jpg", "samples/CAM_FRONT_RIGHT/n015-2018-09-25-11-10-38+0800__CAM_FRONT_RIGHT__1537845433370339.jpg", "samples/CAM_BACK_LEFT/n015-2018-09-25-11-10-38+0800__CAM_BACK_LEFT__1537845433397423.jpg", "samples/CAM_BACK/n015-2018-09-25-11-10-38+0800__CAM_BACK__1537845433387525.jpg", "samples/CAM_BACK_RIGHT/n015-2018-09-25-11-10-38+0800__CAM_BACK_RIGHT__1537845433377893.jpg"], "intrinsics": [[[1272.5979470598488, 0.0, 826.6154927353808], [0.0, 1272.5979470598488, 479.75165386361925], [0.0, 0.0, 1.0]], [[1266.417203046554, 0.0, 816.2670197447984], [0.0, 1266.417203046554, 491.50706579294757], [0.0, 0.0, 1.0]], [[1260.8474446004698, 0.0, 807.968244525554], [0.0, 1260.8474446004698, 495.3344268742088], [0.0, 0.0, 1.0]], [[1256.7414812095406, 0.0, 792.1125740759628], [0.0, 1256.7414812095406, 492.7757465151356], [0.0, 0.0, 1.0]], [[809.2209905677063, 0.0, 829.2196003259838], [0.0, 809.2209905677063, 481.77842384512485], [0.0, 0.0, 1.0]], [[1259.5137405846733, 0.0, 807.2529053838625], [0.0, 1259.5137405846733, 501.19579884916527], [0.0, 0.0, 1.0]]], "extrinsics": [[[0.8205418586730957, -0.5715710520744324, 0.004192839842289686, -0.7022705078125], [-0.0020244838669896126, -0.010241569951176643, -0.9999455213546753, 1.507604718208313], [0.5715827941894531, 0.820488691329956, -0.009560774080455303, -1.09765625], [0.0, 0.0, 0.0, 1.0]], [[0.005397728644311428, -0.9998807311058044, 0.014468684792518616, 0.0068359375], [-0.007225031033158302, -0.01450751256197691, -0.9998686909675598, 1.518632411956787], [0.9999593496322632, 0.0052925171330571175, -0.007302477024495602, -1.428466796875], [0.0, 0.0, 0.0, 1.0]], [[-0.8330561518669128, -0.5531883835792542, -9.784393478184938e-05, 0.861083984375], [-0.0015314457705244422, 0.002483103657141328, -0.999995768070221, 1.5033282041549683], [0.553186297416687, -0.8330525159835815, -0.0029157432727515697, -1.134765625], [0.0, 0.0, 0.0, 1.0]], [[0.9477489590644836, 0.3190079927444458, -0.0024388725869357586, -1.136474609375], [0.007115194573998451, -0.028780529275536537, -0.9995604157447815, 1.5885977745056152], [-0.31893792748451233, 0.9473149180412292, -0.029546519741415977, -0.1055908203125], [0.0, 0.0, 0.0, 1.0]], [[0.002454507164657116, 0.9998270273208618, -0.018438423052430153, 0.00293731689453125], [-0.01825687102973461, -0.018390601500868797, -0.9996641874313354, 1.5779170989990234], [-0.9998303055763245, 0.0027903018053621054, 0.018208568915724754, -0.0771484375], [0.0, 0.0, 0.0, 1.0]], [[-0.9347459673881531, 0.35502398014068604, -0.014421031810343266, 0.99609375], [0.014381487853825092, -0.0027503743767738342, -0.9998928308486938, 1.5536088943481445], [-0.35502564907073975, -0.934853196144104, -0.002534872619435191, -0.116668701171875], [0.0, 0.0, 0.0, 1.0]]], "view": [[0.0, -2.0, 100.0], [-2.0, 0.0, 100.0], [0.0, 0.0, 1.0]], "bev": "bev_3ed0f4a9495c4e5997e6600fd89e488f.png", "aux": "aux_3ed0f4a9495c4e5997e6600fd89e488f.npz", "visibility": "visibility_3ed0f4a9495c4e5997e6600fd89e488f.png", "pose": [[-0.3808979094028473, 0.9246171116828918, 0.0, 339.32861328125], [-0.9246171116828918, -0.3808979094028473, 0.0, 1017.8770141601562], [0.0, 0.0, 1.0, 0.0], [0.0, 0.0, 0.0, 1.0]], "pose_inverse": [[-0.3808979094028473, -0.9246171116828918, 0.0, 1070.39599609375], [0.9246171116828918, -0.3808979094028473, 0.0, 73.95819854736328], [0.0, 0.0, 1.0, 0.0], [0.0, 0.0, 0.0, 1.0]], "cam_ids": [0, 1, 2, 3, 4, 5], "cam_channels": ["CAM_FRONT_LEFT", "CAM_FRONT", "CAM_FRONT_RIGHT", "CAM_BACK_LEFT", "CAM_BACK", "CAM_BACK_RIGHT"], "token": "3ed0f4a9495c4e5997e6600fd89e488f", "scene": "scene-0984"}, {"images": ["samples/CAM_FRONT_LEFT/n015-2018-09-25-11-10-38+0800__CAM_FRONT_LEFT__1537845433854844.jpg", "samples/CAM_FRONT/n015-2018-09-25-11-10-38+0800__CAM_FRONT__1537845433862460.jpg", "samples/CAM_FRONT_RIGHT/n015-2018-09-25-11-10-38+0800__CAM_FRONT_RIGHT__1537845433870339.jpg", "samples/CAM_BACK_LEFT/n015-2018-09-25-11-10-38+0800__CAM_BACK_LEFT__1537845433897423.jpg", "samples/CAM_BACK/n015-2018-09-25-11-10-38+0800__CAM_BACK__1537845433887548.jpg", "samples/CAM_BACK_RIGHT/n015-2018-09-25-11-10-38+0800__CAM_BACK_RIGHT__1537845433877893.jpg"], "intrinsics": [[[1272.5979470598488, 0.0, 826.6154927353808], [0.0, 1272.5979470598488, 479.75165386361925], [0.0, 0.0, 1.0]], [[1266.417203046554, 0.0, 816.2670197447984], [0.0, 1266.417203046554, 491.50706579294757], [0.0, 0.0, 1.0]], [[1260.8474446004698, 0.0, 807.968244525554], [0.0, 1260.8474446004698, 495.3344268742088], [0.0, 0.0, 1.0]], [[1256.7414812095406, 0.0, 792.1125740759628], [0.0, 1256.7414812095406, 492.7757465151356], [0.0, 0.0, 1.0]], [[809.2209905677063, 0.0, 829.2196003259838], [0.0, 809.2209905677063, 481.77842384512485], [0.0, 0.0, 1.0]], [[1259.5137405846733, 0.0, 807.2529053838625], [0.0, 1259.5137405846733, 501.19579884916527], [0.0, 0.0, 1.0]]], "extrinsics": [[[0.8207759261131287, -0.5709930658340454, 0.017137810587882996, -0.6964111328125], [0.00047966677811928093, -0.02931164763867855, -0.9995701909065247, 1.5083885192871094], [0.5712499022483826, 0.8204314112663269, -0.02378440834581852, -1.092529296875], [0.0, 0.0, 0.0, 1.0]], [[0.005790467374026775, -0.9994215965270996, 0.033510420471429825, 0.0062255859375], [-0.004764924757182598, -0.03353818133473396, -0.9994261264801025, 1.5192351341247559], [0.999971866607666, 0.005627496633678675, -0.004956369753926992, -1.42236328125], [0.0, 0.0, 0.0, 1.0]], [[-0.8328194618225098, -0.5534812211990356, 0.008385520428419113, 0.85711669921875], [0.0008835577755235136, -0.016477923840284348, -0.9998638033866882, 1.5038282871246338], [0.5535440444946289, -0.83269864320755, 0.014212168753147125, -1.13238525390625], [0.0, 0.0, 0.0, 1.0]], [[0.9477015137672424, 0.319100946187973, -0.006033970974385738, -1.1373291015625], [0.009530657902359962, -0.04719256982207298, -0.99884033203125, 1.58860445022583], [-0.31901565194129944, 0.9465449452400208, -0.04776570945978165, -0.10540771484375], [0.0, 0.0, 0.0, 1.0]], [[0.0022106701508164406, 0.9993088245391846, -0.037108853459358215, 0.0029144287109375], [-0.01585286296904087, -0.037069257348775864, -0.9991869926452637, 1.5780887603759766], [-0.9998719096183777, 0.0027971856761723757, 0.01575995609164238, -0.0782470703125], [0.0, 0.0, 0.0, 1.0]], [[-0.9348564147949219, 0.35425764322280884, -0.023348471149802208, 0.99298095703125], [0.016779566183686256, -0.021603630855679512, -0.9996258020401001, 1.554025650024414], [-0.3546294867992401, -0.9348983764648438, 0.01425200141966343, -0.117767333984375], [0.0, 0.0, 0.0, 1.0]]], "view": [[0.0, -2.0, 100.0], [-2.0, 0.0, 100.0], [0.0, 0.0, 1.0]], "bev": "bev_af8bf084bb1a42578c9e8ccde3c57b28.png", "aux": "aux_af8bf084bb1a42578c9e8ccde3c57b28.npz", "visibility": "visibility_af8bf084bb1a42578c9e8ccde3c57b28.png", "pose": [[-0.38083624839782715, 0.9246425032615662, 0.0, 337.89703369140625], [-0.9246425032615662, -0.38083624839782715, 0.0, 1014.4324951171875], [0.0, 0.0, 1.0, 0.0], [0.0, 0.0, 0.0, 1.0]], "pose_inverse": [[-0.38083624839782715, -0.9246425032615662, 0.0, 1066.6707763671875], [0.9246425032615662, -0.38083624839782715, 0.0, 73.89871978759766], [0.0, 0.0, 1.0, 0.0], [0.0, 0.0, 0.0, 1.0]], "cam_ids": [0, 1, 2, 3, 4, 5], "cam_channels": ["CAM_FRONT_LEFT", "CAM_FRONT", "CAM_FRONT_RIGHT", "CAM_BACK_LEFT", "CAM_BACK", "CAM_BACK_RIGHT"], "token": "af8bf084bb1a42578c9e8ccde3c57b28", "scene": "scene-0984"}, {"images": ["samples/CAM_FRONT_LEFT/n015-2018-09-25-11-10-38+0800__CAM_FRONT_LEFT__1537845434354844.jpg", "samples/CAM_FRONT/n015-2018-09-25-11-10-38+0800__CAM_FRONT__1537845434362460.jpg", "samples/CAM_FRONT_RIGHT/n015-2018-09-25-11-10-38+0800__CAM_FRONT_RIGHT__1537845434370339.jpg", "samples/CAM_BACK_LEFT/n015-2018-09-25-11-10-38+0800__CAM_BACK_LEFT__1537845434397423.jpg", "samples/CAM_BACK/n015-2018-09-25-11-10-38+0800__CAM_BACK__1537845434387525.jpg", "samples/CAM_BACK_RIGHT/n015-2018-09-25-11-10-38+0800__CAM_BACK_RIGHT__1537845434377893.jpg"], "intrinsics": [[[1272.5979470598488, 0.0, 826.6154927353808], [0.0, 1272.5979470598488, 479.75165386361925], [0.0, 0.0, 1.0]], [[1266.417203046554, 0.0, 816.2670197447984], [0.0, 1266.417203046554, 491.50706579294757], [0.0, 0.0, 1.0]], [[1260.8474446004698, 0.0, 807.968244525554], [0.0, 1260.8474446004698, 495.3344268742088], [0.0, 0.0, 1.0]], [[1256.7414812095406, 0.0, 792.1125740759628], [0.0, 1256.7414812095406, 492.7757465151356], [0.0, 0.0, 1.0]], [[809.2209905677063, 0.0, 829.2196003259838], [0.0, 809.2209905677063, 481.77842384512485], [0.0, 0.0, 1.0]], [[1259.5137405846733, 0.0, 807.2529053838625], [0.0, 1259.5137405846733, 501.19579884916527], [0.0, 0.0, 1.0]]], "extrinsics": [[[0.8205865621566772, -0.5711430907249451, 0.020814670249819756, -0.69525146484375], [0.004281910136342049, -0.030274834483861923, -0.9995324611663818, 1.5096874237060547], [0.5715062618255615, 0.8202919960021973, -0.022397536784410477, -1.09381103515625], [0.0, 0.0, 0.0, 1.0]], [[0.005427515134215355, -0.999400794506073, 0.034184928983449936, 0.00736236572265625], [-0.000813374063000083, -0.03418983519077301, -0.9994150400161743, 1.5203441381454468], [0.9999849200248718, 0.005396497901529074, -0.0009984525386244059, -1.4227294921875], [0.0, 0.0, 0.0, 1.0]], [[-0.8329829573631287, -0.5532742142677307, 0.005199095234274864, 0.8582763671875], [0.004966687876731157, -0.016873111948370934, -0.9998452663421631, 1.5046916007995605], [0.5532763600349426, -0.8328282833099365, 0.01680295541882515, -1.132568359375], [0.0, 0.0, 0.0, 1.0]], [[0.9477166533470154, 0.3191077709197998, -0.001829963643103838, -1.1383056640625], [0.01391453668475151, -0.04705243557691574, -0.9987954497337341, 1.5886125564575195], [-0.31880947947502136, 0.9465497136116028, -0.04903261736035347, -0.10504150390625], [0.0, 0.0, 0.0, 1.0]], [[0.0024984285701066256, 0.9993085861206055, -0.037097327411174774, 0.00286865234375], [-0.0115513289347291, -0.037066128104925156, -0.9992460608482361, 1.578451156616211], [-0.999930202960968, 0.0029250464867800474, 0.011450734920799732, -0.076904296875], [0.0, 0.0, 0.0, 1.0]], [[-0.9346582293510437, 0.35449492931365967, -0.027337076142430305, 0.99468994140625], [0.0209673959761858, -0.021797828376293182, -0.9995425343513489, 1.5546302795410156], [-0.3549286425113678, -0.9348039031028748, 0.012940681539475918, -0.117095947265625], [0.0, 0.0, 0.0, 1.0]]], "view": [[0.0, -2.0, 100.0], [-2.0, 0.0, 100.0], [0.0, 0.0, 1.0]], "bev": "bev_b5fe78398be14e86b955025bb446dbf7.png", "aux": "aux_b5fe78398be14e86b955025bb446dbf7.npz", "visibility": "visibility_b5fe78398be14e86b955025bb446dbf7.png", "pose": [[-0.38045892119407654, 0.9247978329658508, 0.0, 336.4263610839844], [-0.9247978329658508, -0.38045892119407654, 0.0, 1010.9072265625], [0.0, 0.0, 1.0, 0.0], [0.0, 0.0, 0.0, 1.0]], "pose_inverse": [[-0.38045892119407654, -0.9247978329658508, 0.0, 1062.8812255859375], [0.9247978329658508, -0.38045892119407654, 0.0, 73.4822998046875], [0.0, 0.0, 1.0, 0.0], [0.0, 0.0, 0.0, 1.0]], "cam_ids": [0, 1, 2, 3, 4, 5], "cam_channels": ["CAM_FRONT_LEFT", "CAM_FRONT", "CAM_FRONT_RIGHT", "CAM_BACK_LEFT", "CAM_BACK", "CAM_BACK_RIGHT"], "token": "b5fe78398be14e86b955025bb446dbf7", "scene": "scene-0984"}, {"images": ["samples/CAM_FRONT_LEFT/n015-2018-09-25-11-10-38+0800__CAM_FRONT_LEFT__1537845434854844.jpg", "samples/CAM_FRONT/n015-2018-09-25-11-10-38+0800__CAM_FRONT__1537845434862460.jpg", "samples/CAM_FRONT_RIGHT/n015-2018-09-25-11-10-38+0800__CAM_FRONT_RIGHT__1537845434870339.jpg", "samples/CAM_BACK_LEFT/n015-2018-09-25-11-10-38+0800__CAM_BACK_LEFT__1537845434897423.jpg", "samples/CAM_BACK/n015-2018-09-25-11-10-38+0800__CAM_BACK__1537845434887525.jpg", "samples/CAM_BACK_RIGHT/n015-2018-09-25-11-10-38+0800__CAM_BACK_RIGHT__1537845434877893.jpg"], "intrinsics": [[[1272.5979470598488, 0.0, 826.6154927353808], [0.0, 1272.5979470598488, 479.75165386361925], [0.0, 0.0, 1.0]], [[1266.417203046554, 0.0, 816.2670197447984], [0.0, 1266.417203046554, 491.50706579294757], [0.0, 0.0, 1.0]], [[1260.8474446004698, 0.0, 807.968244525554], [0.0, 1260.8474446004698, 495.3344268742088], [0.0, 0.0, 1.0]], [[1256.7414812095406, 0.0, 792.1125740759628], [0.0, 1256.7414812095406, 492.7757465151356], [0.0, 0.0, 1.0]], [[809.2209905677063, 0.0, 829.2196003259838], [0.0, 809.2209905677063, 481.77842384512485], [0.0, 0.0, 1.0]], [[1259.5137405846733, 0.0, 807.2529053838625], [0.0, 1259.5137405846733, 501.19579884916527], [0.0, 0.0, 1.0]]], "extrinsics": [[[0.8206020593643188, -0.5711084008216858, 0.021151356399059296, -0.6943359375], [0.004380163736641407, -0.03072410449385643, -0.9995182752609253, 1.5097284317016602], [0.5714831352233887, 0.8202993869781494, -0.022710716351866722, -1.09326171875], [0.0, 0.0, 0.0, 1.0]], [[0.0055008153431117535, -0.9993830919265747, 0.03468664735555649, 0.00768280029296875], [-0.0009921350283548236, -0.034692611545324326, -0.9993975758552551, 1.5203057527542114], [0.9999843239784241, 0.005463097710162401, -0.0011823602253571153, -1.42236328125], [0.0, 0.0, 0.0, 1.0]], [[-0.832923948764801, -0.5533568859100342, 0.0058187684044241905, 0.85888671875], [0.00456551369279623, -0.017385799437761307, -0.9998384118080139, 1.5046155452728271], [0.5533686876296997, -0.8327627778053284, 0.017007408663630486, -1.13232421875], [0.0, 0.0, 0.0, 1.0]], [[0.9477135539054871, 0.31910941004753113, -0.0028756079263985157, -1.1431884765625], [0.012928477488458157, -0.047396376729011536, -0.9987924695014954, 1.5885419845581055], [-0.31886035203933716, 0.9465320110321045, -0.04904378578066826, -0.1033935546875], [0.0, 0.0, 0.0, 1.0]], [[0.0023987821768969297, 0.9992926120758057, -0.037531040608882904, 0.00254058837890625], [-0.012356528080999851, -0.03749866038560867, -0.9992202520370483, 1.578439712524414], [-0.9999207854270935, 0.0028607118874788284, 0.0122578339651227, -0.0738525390625], [0.0, 0.0, 0.0, 1.0]], [[-0.934721827507019, 0.3543558120727539, -0.026961974799633026, 0.99530029296875], [0.020381394773721695, -0.0222904235124588, -0.9995437860488892, 1.554534912109375], [-0.3547951281070709, -0.9348450303077698, 0.013613080605864525, -0.11614990234375], [0.0, 0.0, 0.0, 1.0]]], "view": [[0.0, -2.0, 100.0], [-2.0, 0.0, 100.0], [0.0, 0.0, 1.0]], "bev": "bev_865bb06f0abe405ebe835719cca1e30c.png", "aux": "aux_865bb06f0abe405ebe835719cca1e30c.npz", "visibility": "visibility_865bb06f0abe405ebe835719cca1e30c.png", "pose": [[-0.37605318427085876, 0.926598072052002, 0.0, 334.9476623535156], [-0.926598072052002, -0.37605318427085876, 0.0, 1007.3167724609375], [0.0, 0.0, 1.0, 0.0], [0.0, 0.0, 0.0, 1.0]], "pose_inverse": [[-0.37605318427085876, -0.926598072052002, 0.0, 1059.3359375], [0.926598072052002, -0.37605318427085876, 0.0, 68.44281005859375], [0.0, 0.0, 1.0, 0.0], [0.0, 0.0, 0.0, 1.0]], "cam_ids": [0, 1, 2, 3, 4, 5], "cam_channels": ["CAM_FRONT_LEFT", "CAM_FRONT", "CAM_FRONT_RIGHT", "CAM_BACK_LEFT", "CAM_BACK", "CAM_BACK_RIGHT"], "token": "865bb06f0abe405ebe835719cca1e30c", "scene": "scene-0984"}, {"images": ["samples/CAM_FRONT_LEFT/n015-2018-09-25-11-10-38+0800__CAM_FRONT_LEFT__1537845435354844.jpg", "samples/CAM_FRONT/n015-2018-09-25-11-10-38+0800__CAM_FRONT__1537845435362460.jpg", "samples/CAM_FRONT_RIGHT/n015-2018-09-25-11-10-38+0800__CAM_FRONT_RIGHT__1537845435370339.jpg", "samples/CAM_BACK_LEFT/n015-2018-09-25-11-10-38+0800__CAM_BACK_LEFT__1537845435397423.jpg", "samples/CAM_BACK/n015-2018-09-25-11-10-38+0800__CAM_BACK__1537845435387525.jpg", "samples/CAM_BACK_RIGHT/n015-2018-09-25-11-10-38+0800__CAM_BACK_RIGHT__1537845435377893.jpg"], "intrinsics": [[[1272.5979470598488, 0.0, 826.6154927353808], [0.0, 1272.5979470598488, 479.75165386361925], [0.0, 0.0, 1.0]], [[1266.417203046554, 0.0, 816.2670197447984], [0.0, 1266.417203046554, 491.50706579294757], [0.0, 0.0, 1.0]], [[1260.8474446004698, 0.0, 807.968244525554], [0.0, 1260.8474446004698, 495.3344268742088], [0.0, 0.0, 1.0]], [[1256.7414812095406, 0.0, 792.1125740759628], [0.0, 1256.7414812095406, 492.7757465151356], [0.0, 0.0, 1.0]], [[809.2209905677063, 0.0, 829.2196003259838], [0.0, 809.2209905677063, 481.77842384512485], [0.0, 0.0, 1.0]], [[1259.5137405846733, 0.0, 807.2529053838625], [0.0, 1259.5137405846733, 501.19579884916527], [0.0, 0.0, 1.0]]], "extrinsics": [[[0.8205098509788513, -0.5712640285491943, 0.02051789127290249, -0.69580078125], [-0.0007840990438126028, -0.03701823577284813, -0.9993143081665039, 1.507978081703186], [0.5716317892074585, 0.8199310898780823, -0.030821753665804863, -1.09222412109375], [0.0, 0.0, 0.0, 1.0]], [[0.005304799880832434, -0.9991539120674133, 0.040781907737255096, 0.006061553955078125], [-0.005983700044453144, -0.040813472121953964, -0.9991488456726074, 1.5189051628112793], [0.9999679327011108, 0.005056235007941723, -0.006195145193487406, -1.4229736328125], [0.0, 0.0, 0.0, 1.0]], [[-0.8331136107444763, -0.5529483556747437, 0.013023545034229755, 0.858642578125], [-0.0002521129499655217, -0.023166734725236893, -0.9997315406799316, 1.5035796165466309], [0.553101658821106, -0.8328933715820312, 0.019161121919751167, -1.1341552734375], [0.0, 0.0, 0.0, 1.0]], [[0.9476810693740845, 0.3191159665584564, -0.008094161748886108, -1.14398193359375], [0.008881389163434505, -0.0517045333981514, -0.9986228942871094, 1.5885419845581055], [-0.31909501552581787, 0.946304202079773, -0.05183360353112221, -0.103118896484375], [0.0, 0.0, 0.0, 1.0]], [[0.0024439909029752016, 0.9990993738174438, -0.04236355051398277, 0.00330352783203125], [-0.016727861016988754, -0.04231690242886543, -0.9989641904830933, 1.5780925750732422], [-0.9998571276664734, 0.003150118049234152, 0.016609372571110725, -0.0731201171875], [0.0, 0.0, 0.0, 1.0]], [[-0.9346776604652405, 0.3546491861343384, -0.024526063352823257, 0.9967041015625], [0.01573355868458748, -0.02765505015850067, -0.9994937181472778, 1.5537843704223633], [-0.3551478683948517, -0.9345903396606445, 0.02026866376399994, -0.11737060546875], [0.0, 0.0, 0.0, 1.0]]], "view": [[0.0, -2.0, 100.0], [-2.0, 0.0, 100.0], [0.0, 0.0, 1.0]], "bev": "bev_102b734ef75d470bb9052bc4d4ebd950.png", "aux": "aux_102b734ef75d470bb9052bc4d4ebd950.npz", "visibility": "visibility_102b734ef75d470bb9052bc4d4ebd950.png", "pose": [[-0.3713341951370239, 0.9284992814064026, 0.0, 333.4774169921875], [-0.9284992814064026, -0.3713341951370239, 0.0, 1003.7166137695312], [0.0, 0.0, 1.0, 0.0], [0.0, 0.0, 0.0, 1.0]], "pose_inverse": [[-0.3713341951370239, -0.9284992814064026, 0.0, 1055.78173828125], [0.9284992814064026, -0.3713341951370239, 0.0, 63.08075714111328], [0.0, 0.0, 1.0, 0.0], [0.0, 0.0, 0.0, 1.0]], "cam_ids": [0, 1, 2, 3, 4, 5], "cam_channels": ["CAM_FRONT_LEFT", "CAM_FRONT", "CAM_FRONT_RIGHT", "CAM_BACK_LEFT", "CAM_BACK", "CAM_BACK_RIGHT"], "token": "102b734ef75d470bb9052bc4d4ebd950", "scene": "scene-0984"}, {"images": ["samples/CAM_FRONT_LEFT/n015-2018-09-25-11-10-38+0800__CAM_FRONT_LEFT__1537845435854844.jpg", "samples/CAM_FRONT/n015-2018-09-25-11-10-38+0800__CAM_FRONT__1537845435862460.jpg", "samples/CAM_FRONT_RIGHT/n015-2018-09-25-11-10-38+0800__CAM_FRONT_RIGHT__1537845435870339.jpg", "samples/CAM_BACK_LEFT/n015-2018-09-25-11-10-38+0800__CAM_BACK_LEFT__1537845435897423.jpg", "samples/CAM_BACK/n015-2018-09-25-11-10-38+0800__CAM_BACK__1537845435887525.jpg", "samples/CAM_BACK_RIGHT/n015-2018-09-25-11-10-38+0800__CAM_BACK_RIGHT__1537845435877893.jpg"], "intrinsics": [[[1272.5979470598488, 0.0, 826.6154927353808], [0.0, 1272.5979470598488, 479.75165386361925], [0.0, 0.0, 1.0]], [[1266.417203046554, 0.0, 816.2670197447984], [0.0, 1266.417203046554, 491.50706579294757], [0.0, 0.0, 1.0]], [[1260.8474446004698, 0.0, 807.968244525554], [0.0, 1260.8474446004698, 495.3344268742088], [0.0, 0.0, 1.0]], [[1256.7414812095406, 0.0, 792.1125740759628], [0.0, 1256.7414812095406, 492.7757465151356], [0.0, 0.0, 1.0]], [[809.2209905677063, 0.0, 829.2196003259838], [0.0, 809.2209905677063, 481.77842384512485], [0.0, 0.0, 1.0]], [[1259.5137405846733, 0.0, 807.2529053838625], [0.0, 1259.5137405846733, 501.19579884916527], [0.0, 0.0, 1.0]]], "extrinsics": [[[0.8202999830245972, -0.5716648697853088, 0.017531277611851692, -0.6954345703125], [-0.0004970557638444006, -0.03136520832777023, -0.9995078444480896, 1.508097767829895], [0.571933388710022, 0.8198874592781067, -0.026013024151325226, -1.09283447265625], [0.0, 0.0, 0.0, 1.0]], [[0.005084255710244179, -0.9993597269058228, 0.035415392369031906, 0.006717681884765625], [-0.005677002482116222, -0.03544412553310394, -0.9993555545806885, 1.5190157890319824], [0.9999709725379944, 0.004879876039922237, -0.005853574723005295, -1.42333984375], [0.0, 0.0, 0.0, 1.0]], [[-0.833156943321228, -0.552945613861084, 0.01003651786595583, 0.8594970703125], [1.0039379958470818e-05, -0.018163137137889862, -0.9998350143432617, 1.503650188446045], [0.553036630153656, -0.8330194354057312, 0.015138295479118824, -1.13372802734375], [0.0, 0.0, 0.0, 1.0]], [[0.9476965069770813, 0.31909671425819397, -0.006973361596465111, -1.14495849609375], [0.008782625198364258, -0.04791133105754852, -0.9988129734992981, 1.5885310173034668], [-0.3190520405769348, 0.946510374546051, -0.04820790886878967, -0.102783203125], [0.0, 0.0, 0.0, 1.0]], [[0.0024403983261436224, 0.9992668032646179, -0.038210805505514145, 0.002956390380859375], [-0.016685880720615387, -0.038164906203746796, -0.9991321563720703, 1.5781269073486328], [-0.9998578429222107, 0.0030759170185774565, 0.016580505296587944, -0.072021484375], [0.0, 0.0, 0.0, 1.0]], [[-0.934693455696106, 0.35470643639564514, -0.023056749254465103, 0.99700927734375], [0.015912817791104317, -0.023044699802994728, -0.9996078014373779, 1.5538206100463867], [-0.3550986647605896, -0.9346937537193298, 0.01589534990489483, -0.116363525390625], [0.0, 0.0, 0.0, 1.0]]], "view": [[0.0, -2.0, 100.0], [-2.0, 0.0, 100.0], [0.0, 0.0, 1.0]], "bev": "bev_a2e79585a0094a318ba8daf4a28d8b97.png", "aux": "aux_a2e79585a0094a318ba8daf4a28d8b97.npz", "visibility": "visibility_a2e79585a0094a318ba8daf4a28d8b97.png", "pose": [[-0.3604206144809723, 0.9327899217605591, 0.0, 332.0430603027344], [-0.9327899217605591, -0.3604206144809723, 0.0, 1000.0680541992188], [0.0, 0.0, 1.0, 0.0], [0.0, 0.0, 0.0, 1.0]], "pose_inverse": [[-0.3604206144809723, -0.9327899217605591, 0.0, 1052.528564453125], [0.9327899217605591, -0.3604206144809723, 0.0, 50.71871566772461], [0.0, 0.0, 1.0, 0.0], [0.0, 0.0, 0.0, 1.0]], "cam_ids": [0, 1, 2, 3, 4, 5], "cam_channels": ["CAM_FRONT_LEFT", "CAM_FRONT", "CAM_FRONT_RIGHT", "CAM_BACK_LEFT", "CAM_BACK", "CAM_BACK_RIGHT"], "token": "a2e79585a0094a318ba8daf4a28d8b97", "scene": "scene-0984"}, {"images": ["samples/CAM_FRONT_LEFT/n015-2018-09-25-11-10-38+0800__CAM_FRONT_LEFT__1537845436354844.jpg", "samples/CAM_FRONT/n015-2018-09-25-11-10-38+0800__CAM_FRONT__1537845436362460.jpg", "samples/CAM_FRONT_RIGHT/n015-2018-09-25-11-10-38+0800__CAM_FRONT_RIGHT__1537845436370339.jpg", "samples/CAM_BACK_LEFT/n015-2018-09-25-11-10-38+0800__CAM_BACK_LEFT__1537845436397423.jpg", "samples/CAM_BACK/n015-2018-09-25-11-10-38+0800__CAM_BACK__1537845436387525.jpg", "samples/CAM_BACK_RIGHT/n015-2018-09-25-11-10-38+0800__CAM_BACK_RIGHT__1537845436377893.jpg"], "intrinsics": [[[1272.5979470598488, 0.0, 826.6154927353808], [0.0, 1272.5979470598488, 479.75165386361925], [0.0, 0.0, 1.0]], [[1266.417203046554, 0.0, 816.2670197447984], [0.0, 1266.417203046554, 491.50706579294757], [0.0, 0.0, 1.0]], [[1260.8474446004698, 0.0, 807.968244525554], [0.0, 1260.8474446004698, 495.3344268742088], [0.0, 0.0, 1.0]], [[1256.7414812095406, 0.0, 792.1125740759628], [0.0, 1256.7414812095406, 492.7757465151356], [0.0, 0.0, 1.0]], [[809.2209905677063, 0.0, 829.2196003259838], [0.0, 809.2209905677063, 481.77842384512485], [0.0, 0.0, 1.0]], [[1259.5137405846733, 0.0, 807.2529053838625], [0.0, 1259.5137405846733, 501.19579884916527], [0.0, 0.0, 1.0]]], "extrinsics": [[[0.820635199546814, -0.5711722373962402, 0.017894301563501358, -0.69195556640625], [-0.0014294649008661509, -0.0333654023706913, -0.9994422197341919, 1.5077778100967407], [0.5714506506919861, 0.8201518654823303, -0.028197292238473892, -1.09033203125], [0.0, 0.0, 0.0, 1.0]], [[0.005570681765675545, -0.99928218126297, 0.037470683455467224, 0.006778717041015625], [-0.0064893425442278385, -0.037506602704524994, -0.9992753267288208, 1.5187678337097168], [0.9999634027481079, 0.0053235250525176525, -0.006693624891340733, -1.4195556640625], [0.0, 0.0, 0.0, 1.0]], [[-0.832950234413147, -0.5532207489013672, 0.011865347623825073, 0.8568115234375], [-0.0006412039510905743, -0.020477836951613426, -0.9997900724411011, 1.5035110712051392], [0.5533475875854492, -0.8327829241752625, 0.01670229062438011, -1.13189697265625], [0.0, 0.0, 0.0, 1.0]], [[0.9476867318153381, 0.3190976083278656, -0.008158745244145393, -1.14178466796875], [0.008771773427724838, -0.051584407687187195, -0.9986300468444824, 1.5885610580444336], [-0.3190813362598419, 0.9463169574737549, -0.0516849122941494, -0.1038818359375], [0.0, 0.0, 0.0, 1.0]], [[0.00227734143845737, 0.9991424083709717, -0.04134580120444298, 0.002941131591796875], [-0.016951927915215492, -0.04130139574408531, -0.9990029335021973, 1.578054428100586], [-0.9998537302017212, 0.0029759721364825964, 0.01684332638978958, -0.0753173828125], [0.0, 0.0, 0.0, 1.0]], [[-0.9348005652427673, 0.35439178347587585, -0.02354430966079235, 0.99432373046875], [0.015434062108397484, -0.025694629177451134, -0.9995507001876831, 1.5537948608398438], [-0.35483747720718384, -0.9347440004348755, 0.01854964718222618, -0.11737060546875], [0.0, 0.0, 0.0, 1.0]]], "view": [[0.0, -2.0, 100.0], [-2.0, 0.0, 100.0], [0.0, 0.0, 1.0]], "bev": "bev_c7e5130d9b584a63ae64184954269e4d.png", "aux": "aux_c7e5130d9b584a63ae64184954269e4d.npz", "visibility": "visibility_c7e5130d9b584a63ae64184954269e4d.png", "pose": [[-0.3520447313785553, 0.9359831809997559, 0.0, 330.65264892578125], [-0.9359831809997559, -0.3520447313785553, 0.0, 996.412841796875], [0.0, 0.0, 1.0, 0.0], [0.0, 0.0, 0.0, 1.0]], "pose_inverse": [[-0.3520447313785553, -0.9359831809997559, 0.0, 1049.0301513671875], [0.9359831809997559, -0.3520447313785553, 0.0, 41.29658508300781], [0.0, 0.0, 1.0, 0.0], [0.0, 0.0, 0.0, 1.0]], "cam_ids": [0, 1, 2, 3, 4, 5], "cam_channels": ["CAM_FRONT_LEFT", "CAM_FRONT", "CAM_FRONT_RIGHT", "CAM_BACK_LEFT", "CAM_BACK", "CAM_BACK_RIGHT"], "token": "c7e5130d9b584a63ae64184954269e4d", "scene": "scene-0984"}, {"images": ["samples/CAM_FRONT_LEFT/n015-2018-09-25-11-10-38+0800__CAM_FRONT_LEFT__1537845436854844.jpg", "samples/CAM_FRONT/n015-2018-09-25-11-10-38+0800__CAM_FRONT__1537845436862460.jpg", "samples/CAM_FRONT_RIGHT/n015-2018-09-25-11-10-38+0800__CAM_FRONT_RIGHT__1537845436870339.jpg", "samples/CAM_BACK_LEFT/n015-2018-09-25-11-10-38+0800__CAM_BACK_LEFT__1537845436897423.jpg", "samples/CAM_BACK/n015-2018-09-25-11-10-38+0800__CAM_BACK__1537845436887525.jpg", "samples/CAM_BACK_RIGHT/n015-2018-09-25-11-10-38+0800__CAM_BACK_RIGHT__1537845436877893.jpg"], "intrinsics": [[[1272.5979470598488, 0.0, 826.6154927353808], [0.0, 1272.5979470598488, 479.75165386361925], [0.0, 0.0, 1.0]], [[1266.417203046554, 0.0, 816.2670197447984], [0.0, 1266.417203046554, 491.50706579294757], [0.0, 0.0, 1.0]], [[1260.8474446004698, 0.0, 807.968244525554], [0.0, 1260.8474446004698, 495.3344268742088], [0.0, 0.0, 1.0]], [[1256.7414812095406, 0.0, 792.1125740759628], [0.0, 1256.7414812095406, 492.7757465151356], [0.0, 0.0, 1.0]], [[809.2209905677063, 0.0, 829.2196003259838], [0.0, 809.2209905677063, 481.77842384512485], [0.0, 0.0, 1.0]], [[1259.5137405846733, 0.0, 807.2529053838625], [0.0, 1259.5137405846733, 501.19579884916527], [0.0, 0.0, 1.0]]], "extrinsics": [[[0.8211698532104492, -0.5702342391014099, 0.022647827863693237, -0.68707275390625], [0.008333863690495491, -0.027698852121829987, -0.9995815753936768, 1.5110740661621094], [0.570622980594635, 0.8210150003433228, -0.017993208020925522, -1.08740234375], [0.0, 0.0, 0.0, 1.0]], [[0.006267184857279062, -0.9994765520095825, 0.03173815831542015, 0.00698089599609375], [0.0028149476274847984, -0.031721021980047226, -0.9994928240776062, 1.5213251113891602], [0.9999763369560242, 0.006353320088237524, 0.0026146741583943367, -1.413818359375], [0.0, 0.0, 0.0, 1.0]], [[-0.8325871825218201, -0.5538925528526306, 0.001270652748644352, 0.85223388671875], [0.008154499344527721, -0.014551208354532719, -0.9998608231544495, 1.5054121017456055], [0.5538339614868164, -0.8324609398841858, 0.016631871461868286, -1.12872314453125], [0.0, 0.0, 0.0, 1.0]], [[0.9477203488349915, 0.3191019296646118, 0.0004825194482691586, -1.13848876953125], [0.01564154215157032, -0.04494436830282211, -0.9988670349121094, 1.5886192321777344], [-0.31871864199638367, 0.9466541409492493, -0.04758593812584877, -0.10498046875], [0.0, 0.0, 0.0, 1.0]], [[0.0023221822921186686, 0.999383270740509, -0.035039450973272324, 0.0029144287109375], [-0.009301123209297657, -0.03501644358038902, -0.9993434548377991, 1.578603744506836], [-0.9999540448188782, 0.002646569861099124, 0.009214071556925774, -0.0797119140625], [0.0, 0.0, 0.0, 1.0]], [[-0.9347633123397827, 0.35407254099845886, -0.02915879525244236, 0.98944091796875], [0.023746969178318977, -0.019620731472969055, -0.9995254278182983, 1.5551834106445312], [-0.354476660490036, -0.93501216173172, 0.009932588785886765, -0.119110107421875], [0.0, 0.0, 0.0, 1.0]]], "view": [[0.0, -2.0, 100.0], [-2.0, 0.0, 100.0], [0.0, 0.0, 1.0]], "bev": "bev_5b87fa5ec7de489f97c4521c6be6da94.png", "aux": "aux_5b87fa5ec7de489f97c4521c6be6da94.npz", "visibility": "visibility_5b87fa5ec7de489f97c4521c6be6da94.png", "pose": [[-0.3550371825695038, 0.9348521828651428, 0.0, 329.28021240234375], [-0.9348521828651428, -0.3550371825695038, 0.0, 992.7766723632812], [0.0, 0.0, 1.0, 0.0], [0.0, 0.0, 0.0, 1.0]], "pose_inverse": [[-0.3550371825695038, -0.9348521828651428, 0.0, 1045.006103515625], [0.9348521828651428, -0.3550371825695038, 0.0, 44.6442985534668], [0.0, 0.0, 1.0, 0.0], [0.0, 0.0, 0.0, 1.0]], "cam_ids": [0, 1, 2, 3, 4, 5], "cam_channels": ["CAM_FRONT_LEFT", "CAM_FRONT", "CAM_FRONT_RIGHT", "CAM_BACK_LEFT", "CAM_BACK", "CAM_BACK_RIGHT"], "token": "5b87fa5ec7de489f97c4521c6be6da94", "scene": "scene-0984"}, {"images": ["samples/CAM_FRONT_LEFT/n015-2018-09-25-11-10-38+0800__CAM_FRONT_LEFT__1537845437404844.jpg", "samples/CAM_FRONT/n015-2018-09-25-11-10-38+0800__CAM_FRONT__1537845437412460.jpg", "samples/CAM_FRONT_RIGHT/n015-2018-09-25-11-10-38+0800__CAM_FRONT_RIGHT__1537845437420339.jpg", "samples/CAM_BACK_LEFT/n015-2018-09-25-11-10-38+0800__CAM_BACK_LEFT__1537845437447423.jpg", "samples/CAM_BACK/n015-2018-09-25-11-10-38+0800__CAM_BACK__1537845437437525.jpg", "samples/CAM_BACK_RIGHT/n015-2018-09-25-11-10-38+0800__CAM_BACK_RIGHT__1537845437427893.jpg"], "intrinsics": [[[1272.5979470598488, 0.0, 826.6154927353808], [0.0, 1272.5979470598488, 479.75165386361925], [0.0, 0.0, 1.0]], [[1266.417203046554, 0.0, 816.2670197447984], [0.0, 1266.417203046554, 491.50706579294757], [0.0, 0.0, 1.0]], [[1260.8474446004698, 0.0, 807.968244525554], [0.0, 1260.8474446004698, 495.3344268742088], [0.0, 0.0, 1.0]], [[1256.7414812095406, 0.0, 792.1125740759628], [0.0, 1256.7414812095406, 492.7757465151356], [0.0, 0.0, 1.0]], [[809.2209905677063, 0.0, 829.2196003259838], [0.0, 809.2209905677063, 481.77842384512485], [0.0, 0.0, 1.0]], [[1259.5137405846733, 0.0, 807.2529053838625], [0.0, 1259.5137405846733, 501.19579884916527], [0.0, 0.0, 1.0]]], "extrinsics": [[[0.8213167190551758, -0.5703652501106262, 0.011062780395150185, -0.6910400390625], [-0.0048409998416900635, -0.026359952986240387, -0.9996408224105835, 1.506596565246582], [0.5704519748687744, 0.8209681510925293, -0.02441100776195526, -1.08837890625], [0.0, 0.0, 0.0, 1.0]], [[0.006574830040335655, -0.9995110034942627, 0.030567998066544533, 0.005840301513671875], [-0.010467713698744774, -0.030635777860879898, -0.9994757771492004, 1.5176172256469727], [0.999923586845398, 0.006251431070268154, -0.010664020664989948, -1.4166259765625], [0.0, 0.0, 0.0, 1.0]], [[-0.8325441479682922, -0.5538309812545776, 0.011888985522091389, 0.85302734375], [-0.005201125983148813, -0.013645949773490429, -0.9998933672904968, 1.5025157928466797], [0.5539341568946838, -0.8325172066688538, 0.008480312302708626, -1.1304931640625], [0.0, 0.0, 0.0, 1.0]], [[0.9477483630180359, 0.31879669427871704, -0.011904498562216759, -1.1373291015625], [0.0025310893543064594, -0.04482896625995636, -0.9989914298057556, 1.5885415077209473], [-0.31900882720947266, 0.9467623829841614, -0.04329347983002663, -0.1047668457031