[{"images": ["samples/CAM_FRONT_LEFT/n008-2018-08-28-16-43-51-0400__CAM_FRONT_LEFT__1535489316004799.jpg", "samples/CAM_FRONT/n008-2018-08-28-16-43-51-0400__CAM_FRONT__1535489316012404.jpg", "samples/CAM_FRONT_RIGHT/n008-2018-08-28-16-43-51-0400__CAM_FRONT_RIGHT__1535489316020482.jpg", "samples/CAM_BACK_LEFT/n008-2018-08-28-16-43-51-0400__CAM_BACK_LEFT__1535489316047405.jpg", "samples/CAM_BACK/n008-2018-08-28-16-43-51-0400__CAM_BACK__1535489316037558.jpg", "samples/CAM_BACK_RIGHT/n008-2018-08-28-16-43-51-0400__CAM_BACK_RIGHT__1535489316028113.jpg"], "intrinsics": [[[1257.8625342125129, 0.0, 827.2410631095686], [0.0, 1257.8625342125129, 450.915498205774], [0.0, 0.0, 1.0]], [[1252.8131021185304, 0.0, 826.588114781398], [0.0, 1252.8131021185304, 469.9846626224581], [0.0, 0.0, 1.0]], [[1256.7485116440405, 0.0, 817.7887570959712], [0.0, 1256.7485116440403, 451.9541780095127], [0.0, 0.0, 1.0]], [[1254.9860565800168, 0.0, 829.5769333630991], [0.0, 1254.9860565800168, 467.1680561863987], [0.0, 0.0, 1.0]], [[796.8910634503094, 0.0, 857.7774326863696], [0.0, 796.8910634503094, 476.8848988407415], [0.0, 0.0, 1.0]], [[1249.9629280788233, 0.0, 825.3768045375984], [0.0, 1249.9629280788233, 462.54816385708756], [0.0, 0.0, 1.0]]], "extrinsics": [[[0.8224943280220032, -0.5686029195785522, 0.013924981467425823, -1.00494384765625], [0.016989003866910934, 8.861826790962368e-05, -0.999855637550354, 1.488295555114746], [0.5685195326805115, 0.8226121068000793, 0.009732883423566818, -1.3333740234375], [0.0, 0.0, 0.0, 1.0]], [[0.010299846529960632, -0.9999379515647888, 0.0042308541014790535, 0.0052490234375], [0.018917610868811607, -0.004035464953631163, -0.99981290102005, 1.4801666736602783], [0.9997678995132446, 0.01037795189768076, 0.018874872475862503, -1.734649658203125], [0.0, 0.0, 0.0, 1.0]], [[-0.8438172936439514, -0.5363956093788147, -0.015883103013038635, 1.0906982421875], [0.026909934356808662, -0.012735014781355858, -0.9995567202568054, 1.4930706024169922], [0.535955548286438, -0.8438705801963806, 0.0251803956925869, -1.277587890625], [0.0, 0.0, 0.0, 1.0]], [[0.9478878378868103, 0.31859639286994934, 0.0022416524589061737, -1.14385986328125], [0.001545760198496282, 0.0024370537139475346, -0.9999958276748657, 1.562042236328125], [-0.31860044598579407, 0.9478873014450073, 0.0018175794975832105, -0.1561279296875], [0.0, 0.0, 0.0, 1.0]], [[0.009203854016959667, 0.999944806098938, -0.005060897674411535, -0.02880859375], [0.0036579258739948273, -0.0050947461277246475, -0.9999802708625793, 1.5680627822875977], [-0.9999510049819946, 0.00918518379330635, -0.0037046167999505997, 0.044342041015625], [0.0, 0.0, 0.0, 1.0]], [[-0.9236272573471069, 0.3828733563423157, -0.01790531724691391, 1.16070556640625], [0.007853302173316479, -0.027801144868135452, -0.9995826482772827, 1.5478134155273438], [-0.3832113444805145, -0.9233824014663696, 0.02267107553780079, -0.043701171875], [0.0, 0.0, 0.0, 1.0]]], "view": [[0.0, -2.0, 100.0], [-2.0, 0.0, 100.0], [0.0, 0.0, 1.0]], "bev": "bev_e0b85d628af34d6bbbbb0da216aa5bca.png", "aux": "aux_e0b85d628af34d6bbbbb0da216aa5bca.npz", "visibility": "visibility_e0b85d628af34d6bbbbb0da216aa5bca.png", "pose": [[-0.7467647790908813, -0.6650882363319397, 0.0, 1316.378173828125], [0.6650882363319397, -0.7467647790908813, 0.0, 1038.5936279296875], [0.0, 0.0, 1.0, 0.0], [0.0, 0.0, 0.0, 1.0]], "pose_inverse": [[-0.7467647790908813, 0.6650882363319397, 0.0, 292.2684326171875], [-0.6650882363319397, -0.7467647790908813, 0.0, 1651.0927734375], [0.0, 0.0, 1.0, 0.0], [0.0, 0.0, 0.0, 1.0]], "cam_ids": [0, 1, 2, 3, 4, 5], "cam_channels": ["CAM_FRONT_LEFT", "CAM_FRONT", "CAM_FRONT_RIGHT", "CAM_BACK_LEFT", "CAM_BACK", "CAM_BACK_RIGHT"], "token": "e0b85d628af34d6bbbbb0da216aa5bca", "scene": "scene-0554"}, {"images": ["samples/CAM_FRONT_LEFT/n008-2018-08-28-16-43-51-0400__CAM_FRONT_LEFT__1535489316404799.jpg", "samples/CAM_FRONT/n008-2018-08-28-16-43-51-0400__CAM_FRONT__1535489316412404.jpg", "samples/CAM_FRONT_RIGHT/n008-2018-08-28-16-43-51-0400__CAM_FRONT_RIGHT__1535489316420497.jpg", "samples/CAM_BACK_LEFT/n008-2018-08-28-16-43-51-0400__CAM_BACK_LEFT__1535489316447405.jpg", "samples/CAM_BACK/n008-2018-08-28-16-43-51-0400__CAM_BACK__1535489316437558.jpg", "samples/CAM_BACK_RIGHT/n008-2018-08-28-16-43-51-0400__CAM_BACK_RIGHT__1535489316428113.jpg"], "intrinsics": [[[1257.8625342125129, 0.0, 827.2410631095686], [0.0, 1257.8625342125129, 450.915498205774], [0.0, 0.0, 1.0]], [[1252.8131021185304, 0.0, 826.588114781398], [0.0, 1252.8131021185304, 469.9846626224581], [0.0, 0.0, 1.0]], [[1256.7485116440405, 0.0, 817.7887570959712], [0.0, 1256.7485116440403, 451.9541780095127], [0.0, 0.0, 1.0]], [[1254.9860565800168, 0.0, 829.5769333630991], [0.0, 1254.9860565800168, 467.1680561863987], [0.0, 0.0, 1.0]], [[796.8910634503094, 0.0, 857.7774326863696], [0.0, 796.8910634503094, 476.8848988407415], [0.0, 0.0, 1.0]], [[1249.9629280788233, 0.0, 825.3768045375984], [0.0, 1249.9629280788233, 462.54816385708756], [0.0, 0.0, 1.0]]], "extrinsics": [[[0.8224619030952454, -0.56864994764328, 0.013913951814174652, -1.00506591796875], [0.017018333077430725, 0.000149468396557495, -0.9998551607131958, 1.488293170928955], [0.5685656070709229, 0.8225796222686768, 0.009800405241549015, -1.3333740234375], [0.0, 0.0, 0.0, 1.0]], [[0.010249016806483269, -0.9999388456344604, 0.004156173672527075, 0.00537109375], [0.018965553492307663, -0.003961257636547089, -0.9998122453689575, 1.4801661968231201], [0.9997676610946655, 0.01032598502933979, 0.018923791125416756, -1.734710693359375], [0.0, 0.0, 0.0, 1.0]], [[-0.8438390493392944, -0.536358118057251, -0.015988541767001152, 1.090576171875], [0.026977496221661568, -0.012646813876926899, -0.9995560050010681, 1.493072509765625], [0.5359177589416504, -0.8438957929611206, 0.025141475722193718, -1.277587890625], [0.0, 0.0, 0.0, 1.0]], [[0.9478920102119446, 0.31858327984809875, 0.002316392259672284, -1.1439208984375], [0.0015937999123707414, 0.0025287913158535957, -0.9999955296516418, 1.5620431900024414], [-0.3185877799987793, 0.9478914737701416, 0.0018892637453973293, -0.156005859375], [0.0, 0.0, 0.0, 1.0]], [[0.009219362400472164, 0.9999451637268066, -0.004969924222677946, -0.02880859375], [0.0037231752648949623, -0.005004425998777151, -0.9999805688858032, 1.5680608749389648], [-0.999950647354126, 0.009200668893754482, -0.0037691087927669287, 0.04437255859375], [0.0, 0.0, 0.0, 1.0]], [[-0.9236143827438354, 0.38290318846702576, -0.01793757453560829, 1.160614013671875], [0.007925909012556076, -0.027708424255251884, -0.9995846152305603, 1.5478134155273438], [-0.38324108719825745, -0.9233728647232056, 0.02255704253911972, -0.043701171875], [0.0, 0.0, 0.0, 1.0]]], "view": [[0.0, -2.0, 100.0], [-2.0, 0.0, 100.0], [0.0, 0.0, 1.0]], "bev": "bev_c41fcd94991b443d8c34791fd0e3489d.png", "aux": "aux_c41fcd94991b443d8c34791fd0e3489d.npz", "visibility": "visibility_c41fcd94991b443d8c34791fd0e3489d.png", "pose": [[-0.7467402219772339, -0.6651158332824707, 0.0, 1316.378173828125], [0.6651158332824707, -0.7467402219772339, 0.0, 1038.5936279296875], [0.0, 0.0, 1.0, 0.0], [0.0, 0.0, 0.0, 1.0]], "pose_inverse": [[-0.7467402219772339, 0.6651158332824707, 0.0, 292.20745849609375], [-0.6651158332824707, -0.7467402219772339, 0.0, 1651.103515625], [0.0, 0.0, 1.0, 0.0], [0.0, 0.0, 0.0, 1.0]], "cam_ids": [0, 1, 2, 3, 4, 5], "cam_channels": ["CAM_FRONT_LEFT", "CAM_FRONT", "CAM_FRONT_RIGHT", "CAM_BACK_LEFT", "CAM_BACK", "CAM_BACK_RIGHT"], "token": "c41fcd94991b443d8c34791fd0e3489d", "scene": "scene-0554"}, {"images": ["samples/CAM_FRONT_LEFT/n008-2018-08-28-16-43-51-0400__CAM_FRONT_LEFT__1535489316904799.jpg", "samples/CAM_FRONT/n008-2018-08-28-16-43-51-0400__CAM_FRONT__1535489316912404.jpg", "samples/CAM_FRONT_RIGHT/n008-2018-08-28-16-43-51-0400__CAM_FRONT_RIGHT__1535489316920482.jpg", "samples/CAM_BACK_LEFT/n008-2018-08-28-16-43-51-0400__CAM_BACK_LEFT__1535489316947405.jpg", "samples/CAM_BACK/n008-2018-08-28-16-43-51-0400__CAM_BACK__1535489316937558.jpg", "samples/CAM_BACK_RIGHT/n008-2018-08-28-16-43-51-0400__CAM_BACK_RIGHT__1535489316928113.jpg"], "intrinsics": [[[1257.8625342125129, 0.0, 827.2410631095686], [0.0, 1257.8625342125129, 450.915498205774], [0.0, 0.0, 1.0]], [[1252.8131021185304, 0.0, 826.588114781398], [0.0, 1252.8131021185304, 469.9846626224581], [0.0, 0.0, 1.0]], [[1256.7485116440405, 0.0, 817.7887570959712], [0.0, 1256.7485116440403, 451.9541780095127], [0.0, 0.0, 1.0]], [[1254.9860565800168, 0.0, 829.5769333630991], [0.0, 1254.9860565800168, 467.1680561863987], [0.0, 0.0, 1.0]], [[796.8910634503094, 0.0, 857.7774326863696], [0.0, 796.8910634503094, 476.8848988407415], [0.0, 0.0, 1.0]], [[1249.9629280788233, 0.0, 825.3768045375984], [0.0, 1249.9629280788233, 462.54816385708756], [0.0, 0.0, 1.0]]], "extrinsics": [[[0.8224977254867554, -0.5686073899269104, 0.013537711463868618, -1.00494384765625], [0.0166329238563776, 0.0002544887247495353, -0.9998615980148315, 1.488293170928955], [0.5685252547264099, 0.8226090669631958, 0.009666917845606804, -1.33349609375], [0.0, 0.0, 0.0, 1.0]], [[0.01029676292091608, -0.9999388456344604, 0.00404752092435956, 0.005615234375], [0.018580356612801552, -0.0038557094521820545, -0.9998199343681335, 1.4801636934280396], [0.9997743964195251, 0.010370111092925072, 0.018539516255259514, -1.734649658203125], [0.0, 0.0, 0.0, 1.0]], [[-0.8438253402709961, -0.5363878011703491, -0.015719780698418617, 1.0906982421875], [0.026592707261443138, -0.012540578842163086, -0.9995676279067993, 1.4930706024169922], [0.5359587669372559, -0.8438785672187805, 0.024846062064170837, -1.277587890625], [0.0, 0.0, 0.0, 1.0]], [[0.9478890299797058, 0.3185945749282837, 0.0019794772379100323, -1.14404296875], [0.001198874320834875, 0.0026462168898433447, -0.999995768070221, 1.5620431900024414], [-0.3185984492301941, 0.9478874206542969, 0.002126365667209029, -0.156005859375], [0.0, 0.0, 0.0, 1.0]], [[0.009205912239849567, 0.9999457597732544, -0.004862279165536165, -0.02880859375], [0.00332494149915874, -0.004893068689852953, -0.999982476234436, 1.5680599212646484], [-0.9999520778656006, 0.00918954610824585, -0.003369806334376335, 0.04443359375], [0.0, 0.0, 0.0, 1.0]], [[-0.9236311912536621, 0.3828812539577484, -0.017529791221022606, 1.16070556640625], [0.007527542766183615, -0.027606312185525894, -0.9995905160903931, 1.5478134155273438], [-0.38320842385292053, -0.9233850240707397, 0.02261589653789997, -0.0435791015625], [0.0, 0.0, 0.0, 1.0]]], "view": [[0.0, -2.0, 100.0], [-2.0, 0.0, 100.0], [0.0, 0.0, 1.0]], "bev": "bev_3f7e522bea504f30bff9efac7730e051.png", "aux": "aux_3f7e522bea504f30bff9efac7730e051.npz", "visibility": "visibility_3f7e522bea504f30bff9efac7730e051.png", "pose": [[-0.7466979622840881, -0.6651632785797119, 0.0, 1316.378173828125], [0.6651632785797119, -0.7466979622840881, 0.0, 1038.59375], [0.0, 0.0, 1.0, 0.0], [0.0, 0.0, 0.0, 1.0]], "pose_inverse": [[-0.7466979622840881, 0.6651632785797119, 0.0, 292.1024475097656], [-0.6651632785797119, -0.7466979622840881, 0.0, 1651.1221923828125], [0.0, 0.0, 1.0, 0.0], [0.0, 0.0, 0.0, 1.0]], "cam_ids": [0, 1, 2, 3, 4, 5], "cam_channels": ["CAM_FRONT_LEFT", "CAM_FRONT", "CAM_FRONT_RIGHT", "CAM_BACK_LEFT", "CAM_BACK", "CAM_BACK_RIGHT"], "token": "3f7e522bea504f30bff9efac7730e051", "scene": "scene-0554"}, {"images": ["samples/CAM_FRONT_LEFT/n008-2018-08-28-16-43-51-0400__CAM_FRONT_LEFT__1535489317404799.jpg", "samples/CAM_FRONT/n008-2018-08-28-16-43-51-0400__CAM_FRONT__1535489317412404.jpg", "samples/CAM_FRONT_RIGHT/n008-2018-08-28-16-43-51-0400__CAM_FRONT_RIGHT__1535489317420482.jpg", "samples/CAM_BACK_LEFT/n008-2018-08-28-16-43-51-0400__CAM_BACK_LEFT__1535489317447405.jpg", "samples/CAM_BACK/n008-2018-08-28-16-43-51-0400__CAM_BACK__1535489317437558.jpg", "samples/CAM_BACK_RIGHT/n008-2018-08-28-16-43-51-0400__CAM_BACK_RIGHT__1535489317428113.jpg"], "intrinsics": [[[1257.8625342125129, 0.0, 827.2410631095686], [0.0, 1257.8625342125129, 450.915498205774], [0.0, 0.0, 1.0]], [[1252.8131021185304, 0.0, 826.588114781398], [0.0, 1252.8131021185304, 469.9846626224581], [0.0, 0.0, 1.0]], [[1256.7485116440405, 0.0, 817.7887570959712], [0.0, 1256.7485116440403, 451.9541780095127], [0.0, 0.0, 1.0]], [[1254.9860565800168, 0.0, 829.5769333630991], [0.0, 1254.9860565800168, 467.1680561863987], [0.0, 0.0, 1.0]], [[796.8910634503094, 0.0, 857.7774326863696], [0.0, 796.8910634503094, 476.8848988407415], [0.0, 0.0, 1.0]], [[1249.9629280788233, 0.0, 825.3768045375984], [0.0, 1249.9629280788233, 462.54816385708756], [0.0, 0.0, 1.0]]], "extrinsics": [[[0.8224790692329407, -0.5686372518539429, 0.013411077670753002, -1.0050048828125], [0.016470730304718018, 0.00024193749413825572, -0.9998643398284912, 1.4882946014404297], [0.5685568451881409, 0.8225883841514587, 0.009564857929944992, -1.3333740234375], [0.0, 0.0, 0.0, 1.0]], [[0.010267292149364948, -0.9999390840530396, 0.0040621766820549965, 0.00537109375], [0.018423285335302353, -0.0038725363556295633, -0.9998227953910828, 1.4801652431488037], [0.999777615070343, 0.010340319946408272, 0.018382402136921883, -1.7347412109375], [0.0, 0.0, 0.0, 1.0]], [[-0.8438403010368347, -0.5363683104515076, -0.01558082178235054, 1.0904541015625], [0.02644106186926365, -0.012562057934701443, -0.9995713829994202, 1.4930715560913086], [0.5359426140785217, -0.8438905477523804, 0.024782514199614525, -1.2777099609375], [0.0, 0.0, 0.0, 1.0]], [[0.9478926658630371, 0.31858476996421814, 0.001819942845031619, -1.14398193359375], [0.001042583491653204, 0.0026105372235178947, -0.9999960660934448, 1.5620450973510742], [-0.3185882270336151, 0.9478906989097595, 0.0021423588041216135, -0.1561279296875], [0.0, 0.0, 0.0, 1.0]], [[0.009215590544044971, 0.9999455809593201, -0.004892640747129917, -0.02880859375], [0.0031816468108445406, -0.0049221450462937355, -0.9999827742576599, 1.5680623054504395], [-0.999952495098114, 0.00919980090111494, -0.0032268334180116653, 0.04437255859375], [0.0, 0.0, 0.0, 1.0]], [[-0.9236269593238831, 0.3828972280025482, -0.01740657351911068, 1.160614013671875], [0.007386417593806982, -0.02762402780354023, -0.999591052532196, 1.5478134155273438], [-0.38322144746780396, -0.9233778119087219, 0.022686058655381203, -0.0438232421875], [0.0, 0.0, 0.0, 1.0]]], "view": [[0.0, -2.0, 100.0], [-2.0, 0.0, 100.0], [0.0, 0.0, 1.0]], "bev": "bev_8c4d447e628c4393839187bcfa0cbd76.png", "aux": "aux_8c4d447e628c4393839187bcfa0cbd76.npz", "visibility": "visibility_8c4d447e628c4393839187bcfa0cbd76.png", "pose": [[-0.7467338442802429, -0.6651229858398438, 0.0, 1316.378173828125], [0.6651229858398438, -0.7467338442802429, 0.0, 1038.59375], [0.0, 0.0, 1.0, 0.0], [0.0, 0.0, 0.0, 1.0]], "pose_inverse": [[-0.7467338442802429, 0.6651229858398438, 0.0, 292.1915588378906], [-0.6651229858398438, -0.7467338442802429, 0.0, 1651.1064453125], [0.0, 0.0, 1.0, 0.0], [0.0, 0.0, 0.0, 1.0]], "cam_ids": [0, 1, 2, 3, 4, 5], "cam_channels": ["CAM_FRONT_LEFT", "CAM_FRONT", "CAM_FRONT_RIGHT", "CAM_BACK_LEFT", "CAM_BACK", "CAM_BACK_RIGHT"], "token": "8c4d447e628c4393839187bcfa0cbd76", "scene": "scene-0554"}, {"images": ["samples/CAM_FRONT_LEFT/n008-2018-08-28-16-43-51-0400__CAM_FRONT_LEFT__1535489317904799.jpg", "samples/CAM_FRONT/n008-2018-08-28-16-43-51-0400__CAM_FRONT__1535489317912404.jpg", "samples/CAM_FRONT_RIGHT/n008-2018-08-28-16-43-51-0400__CAM_FRONT_RIGHT__1535489317920482.jpg", "samples/CAM_BACK_LEFT/n008-2018-08-28-16-43-51-0400__CAM_BACK_LEFT__1535489317947405.jpg", "samples/CAM_BACK/n008-2018-08-28-16-43-51-0400__CAM_BACK__1535489317937558.jpg", "samples/CAM_BACK_RIGHT/n008-2018-08-28-16-43-51-0400__CAM_BACK_RIGHT__1535489317928113.jpg"], "intrinsics": [[[1257.8625342125129, 0.0, 827.2410631095686], [0.0, 1257.8625342125129, 450.915498205774], [0.0, 0.0, 1.0]], [[1252.8131021185304, 0.0, 826.588114781398], [0.0, 1252.8131021185304, 469.9846626224581], [0.0, 0.0, 1.0]], [[1256.7485116440405, 0.0, 817.7887570959712], [0.0, 1256.7485116440403, 451.9541780095127], [0.0, 0.0, 1.0]], [[1254.9860565800168, 0.0, 829.5769333630991], [0.0, 1254.9860565800168, 467.1680561863987], [0.0, 0.0, 1.0]], [[796.8910634503094, 0.0, 857.7774326863696], [0.0, 796.8910634503094, 476.8848988407415], [0.0, 0.0, 1.0]], [[1249.9629280788233, 0.0, 825.3768045375984], [0.0, 1249.9629280788233, 462.54816385708756], [0.0, 0.0, 1.0]]], "extrinsics": [[[0.8224697113037109, -0.5686553120613098, 0.01321870181709528, -1.0050048828125], [0.016268834471702576, 0.0002878199447877705, -0.9998676180839539, 1.488295078277588], [0.5685762166976929, 0.8225758671760559, 0.009488082490861416, -1.3333740234375], [0.0, 0.0, 0.0, 1.0]], [[0.010248035192489624, -0.9999394416809082, 0.004022992681711912, 0.00537109375], [0.01822390779852867, -0.0038357675075531006, -0.9998265504837036, 1.4801658391952515], [0.9997814297676086, 0.010319524444639683, 0.018183493986725807, -1.734710693359375], [0.0, 0.0, 0.0, 1.0]], [[-0.8438529372215271, -0.5363525748252869, -0.015429679304361343, 1.090576171875], [0.02624434046447277, -0.01253506075590849, -0.9995769262313843, 1.4930744171142578], [0.5359323024749756, -0.8439009189605713, 0.024653969332575798, -1.277587890625], [0.0, 0.0, 0.0, 1.0]], [[0.9478926658630371, 0.31858566403388977, 0.001671991078183055, -1.14385986328125], [0.000883696076925844, 0.002618873491883278, -0.9999961853027344, 1.5620436668395996], [-0.31858882308006287, 0.9478904604911804, 0.002200876595452428, -0.1561279296875], [0.0, 0.0, 0.0, 1.0]], [[0.009222389198839664, 0.9999455809593201, -0.004877878352999687, -0.02880859375], [0.0030012161005288363, -0.00490574212744832, -0.9999834895133972, 1.5680627822875977], [-0.999953031539917, 0.009207521565258503, -0.003046295139938593, 0.04437255859375], [0.0, 0.0, 0.0, 1.0]], [[-0.9236252307891846, 0.3829098343849182, -0.017221707850694656, 1.16070556640625], [0.007189224939793348, -0.027616282925009727, -0.9995927214622498, 1.5478134155273438], [-0.38322946429252625, -0.9233728051185608, 0.02275427058339119, -0.043701171875], [0.0, 0.0, 0.0, 1.0]]], "view": [[0.0, -2.0, 100.0], [-2.0, 0.0, 100.0], [0.0, 0.0, 1.0]], "bev": "bev_35264745e9db4a74b3e578b577445ddb.png", "aux": "aux_35264745e9db4a74b3e578b577445ddb.npz", "visibility": "visibility_35264745e9db4a74b3e578b577445ddb.png", "pose": [[-0.7467052936553955, -0.6651550531387329, 0.0, 1316.378173828125], [0.6651550531387329, -0.7467052936553955, 0.0, 1038.59375], [0.0, 0.0, 1.0, 0.0], [0.0, 0.0, 0.0, 1.0]], "pose_inverse": [[-0.7467052936553955, 0.6651550531387329, 0.0, 292.1206970214844], [-0.6651550531387329, -0.7467052936553955, 0.0, 1651.1190185546875], [0.0, 0.0, 1.0, 0.0], [0.0, 0.0, 0.0, 1.0]], "cam_ids": [0, 1, 2, 3, 4, 5], "cam_channels": ["CAM_FRONT_LEFT", "CAM_FRONT", "CAM_FRONT_RIGHT", "CAM_BACK_LEFT", "CAM_BACK", "CAM_BACK_RIGHT"], "token": "35264745e9db4a74b3e578b577445ddb", "scene": "scene-0554"}, {"images": ["samples/CAM_FRONT_LEFT/n008-2018-08-28-16-43-51-0400__CAM_FRONT_LEFT__1535489318404799.jpg", "samples/CAM_FRONT/n008-2018-08-28-16-43-51-0400__CAM_FRONT__1535489318412404.jpg", "samples/CAM_FRONT_RIGHT/n008-2018-08-28-16-43-51-0400__CAM_FRONT_RIGHT__1535489318420482.jpg", "samples/CAM_BACK_LEFT/n008-2018-08-28-16-43-51-0400__CAM_BACK_LEFT__1535489318447405.jpg", "samples/CAM_BACK/n008-2018-08-28-16-43-51-0400__CAM_BACK__1535489318437558.jpg", "samples/CAM_BACK_RIGHT/n008-2018-08-28-16-43-51-0400__CAM_BACK_RIGHT__1535489318428113.jpg"], "intrinsics": [[[1257.8625342125129, 0.0, 827.2410631095686], [0.0, 1257.8625342125129, 450.915498205774], [0.0, 0.0, 1.0]], [[1252.8131021185304, 0.0, 826.588114781398], [0.0, 1252.8131021185304, 469.9846626224581], [0.0, 0.0, 1.0]], [[1256.7485116440405, 0.0, 817.7887570959712], [0.0, 1256.7485116440403, 451.9541780095127], [0.0, 0.0, 1.0]], [[1254.9860565800168, 0.0, 829.5769333630991], [0.0, 1254.9860565800168, 467.1680561863987], [0.0, 0.0, 1.0]], [[796.8910634503094, 0.0, 857.7774326863696], [0.0, 796.8910634503094, 476.8848988407415], [0.0, 0.0, 1.0]], [[1249.9629280788233, 0.0, 825.3768045375984], [0.0, 1249.9629280788233, 462.54816385708756], [0.0, 0.0, 1.0]]], "extrinsics": [[[0.8225017786026001, -0.5686099529266357, 0.013172640465199947, -1.0050048828125], [0.01618320681154728, 0.00024586939252913, -0.9998689889907837, 1.488295078277588], [0.5685322284698486, 0.8226072788238525, 0.00940416008234024, -1.3333740234375], [0.0, 0.0, 0.0, 1.0]], [[0.010294641368091106, -0.9999387264251709, 0.004071142058819532, 0.00537109375], [0.01814592257142067, -0.0038838714826852083, -0.9998278617858887, 1.4801645278930664], [0.999782383441925, 0.010366822592914104, 0.018104825168848038, -1.7347412109375], [0.0, 0.0, 0.0, 1.0]], [[-0.8438342213630676, -0.536384642124176, -0.015340639278292656, 1.0904541015625], [0.02617456391453743, -0.012589520774781704, -0.9995781183242798, 1.4930715560913086], [0.5359651446342468, -0.843879759311676, 0.024663101881742477, -1.2777099609375], [0.0, 0.0, 0.0, 1.0]], [[0.9478927254676819, 0.3185857832431793, 0.00158215023111552, -1.14398193359375], [0.0008063265704549849, 0.002567075891420245, -0.9999963641166687, 1.5620403289794922], [-0.3185887038707733, 0.9478905200958252, 0.0021764282137155533, -0.15625], [0.0, 0.0, 0.0, 1.0]], [[0.009210068732500076, 0.9999454021453857, -0.0049246009439229965, -0.02880859375], [0.002924310741946101, -0.0049517229199409485, -0.9999834299087524, 1.5680632591247559], [-0.9999533295631409, 0.009195509366691113, -0.0029697571881115437, 0.04437255859375], [0.0, 0.0, 0.0, 1.0]], [[-0.923636257648468, 0.38288524746894836, -0.017171652987599373, 1.16070556640625], [0.007118504494428635, -0.02765774168074131, -0.9995920658111572, 1.5478134155273438], [-0.38320392370224, -0.9233818054199219, 0.0228201225399971, -0.043701171875], [0.0, 0.0, 0.0, 1.0]]], "view": [[0.0, -2.0, 100.0], [-2.0, 0.0, 100.0], [0.0, 0.0, 1.0]], "bev": "bev_1144cb46dfd6402cb2bd2b0d0a485594.png", "aux": "aux_1144cb46dfd6402cb2bd2b0d0a485594.npz", "visibility": "visibility_1144cb46dfd6402cb2bd2b0d0a485594.png", "pose": [[-0.746745765209198, -0.6651095747947693, 0.0, 1316.378173828125], [0.6651095747947693, -0.746745765209198, 0.0, 1038.5936279296875], [0.0, 0.0, 1.0, 0.0], [0.0, 0.0, 0.0, 1.0]], "pose_inverse": [[-0.746745765209198, 0.6651095747947693, 0.0, 292.2212219238281], [-0.6651095747947693, -0.746745765209198, 0.0, 1651.1011962890625], [0.0, 0.0, 1.0, 0.0], [0.0, 0.0, 0.0, 1.0]], "cam_ids": [0, 1, 2, 3, 4, 5], "cam_channels": ["CAM_FRONT_LEFT", "CAM_FRONT", "CAM_FRONT_RIGHT", "CAM_BACK_LEFT", "CAM_BACK", "CAM_BACK_RIGHT"], "token": "1144cb46dfd6402cb2bd2b0d0a485594", "scene": "scene-0554"}, {"images": ["samples/CAM_FRONT_LEFT/n008-2018-08-28-16-43-51-0400__CAM_FRONT_LEFT__1535489318904799.jpg", "samples/CAM_FRONT/n008-2018-08-28-16-43-51-0400__CAM_FRONT__1535489318912404.jpg", "samples/CAM_FRONT_RIGHT/n008-2018-08-28-16-43-51-0400__CAM_FRONT_RIGHT__1535489318920482.jpg", "samples/CAM_BACK_LEFT/n008-2018-08-28-16-43-51-0400__CAM_BACK_LEFT__1535489318947405.jpg", "samples/CAM_BACK/n008-2018-08-28-16-43-51-0400__CAM_BACK__1535489318937558.jpg", "samples/CAM_BACK_RIGHT/n008-2018-08-28-16-43-51-0400__CAM_BACK_RIGHT__1535489318928113.jpg"], "intrinsics": [[[1257.8625342125129, 0.0, 827.2410631095686], [0.0, 1257.8625342125129, 450.915498205774], [0.0, 0.0, 1.0]], [[1252.8131021185304, 0.0, 826.588114781398], [0.0, 1252.8131021185304, 469.9846626224581], [0.0, 0.0, 1.0]], [[1256.7485116440405, 0.0, 817.7887570959712], [0.0, 1256.7485116440403, 451.9541780095127], [0.0, 0.0, 1.0]], [[1254.9860565800168, 0.0, 829.5769333630991], [0.0, 1254.9860565800168, 467.1680561863987], [0.0, 0.0, 1.0]], [[796.8910634503094, 0.0, 857.7774326863696], [0.0, 796.8910634503094, 476.8848988407415], [0.0, 0.0, 1.0]], [[1249.9629280788233, 0.0, 825.3768045375984], [0.0, 1249.9629280788233, 462.54816385708756], [0.0, 0.0, 1.0]]], "extrinsics": [[[0.8224812150001526, -0.5686354637145996, 0.01335988100618124, -1.0050048828125], [0.016436176374554634, 0.00028202764224261045, -0.9998648762702942, 1.4882960319519043], [0.5685547590255737, 0.822589635848999, 0.009578152559697628, -1.3333740234375], [0.0, 0.0, 0.0, 1.0]], [[0.010269470512866974, -0.9999392032623291, 0.0040245321579277515, 0.00537109375], [0.018384713679552078, -0.0038352557457983494, -0.9998236298561096, 1.4801656007766724], [0.9997782707214355, 0.010341640561819077, 0.018344208598136902, -1.73468017578125], [0.0, 0.0, 0.0, 1.0]], [[-0.8438402414321899, -0.5363687872886658, -0.015563038177788258, 1.0904541015625], [0.02639823593199253, -0.012527761049568653, -0.9995729923248291, 1.4930734634399414], [0.5359448194503784, -0.8438907861709595, 0.0247306190431118, -1.2777099609375], [0.0, 0.0, 0.0, 1.0]], [[0.9478916525840759, 0.3185878396034241, 0.0018281277734786272, -1.14404296875], [0.0010467917891219258, 0.0026236867997795343, -0.9999960660934448, 1.5620460510253906], [-0.3185913860797882, 0.9478897452354431, 0.002153476933017373, -0.1561279296875], [0.0, 0.0, 0.0, 1.0]], [[0.009214715100824833, 0.9999457001686096, -0.004864814691245556, -0.0286865234375], [0.003141814609989524, -0.004893948324024677, -0.999983012676239, 1.5680623054504395], [-0.9999526143074036, 0.009199248626828194, -0.0031867406796664, 0.04437255859375], [0.0, 0.0, 0.0, 1.0]], [[-0.9236281514167786, 0.3828967809677124, -0.01735004037618637, 1.16064453125], [0.0073372116312384605, -0.027595195919275284, -0.9995922446250916, 1.5478134155273438], [-0.383219450712204, -0.9233788847923279, 0.022678306326270103, -0.043701171875], [0.0, 0.0, 0.0, 1.0]]], "view": [[0.0, -2.0, 100.0], [-2.0, 0.0, 100.0], [0.0, 0.0, 1.0]], "bev": "bev_50685a0ed0874fba949c0ec7900eb2db.png", "aux": "aux_50685a0ed0874fba949c0ec7900eb2db.npz", "visibility": "visibility_50685a0ed0874fba949c0ec7900eb2db.png", "pose": [[-0.746719241142273, -0.665139377117157, 0.0, 1316.378173828125], [0.665139377117157, -0.746719241142273, 0.0, 1038.59375], [0.0, 0.0, 1.0, 0.0], [0.0, 0.0, 0.0, 1.0]], "pose_inverse": [[-0.746719241142273, 0.665139377117157, 0.0, 292.1553039550781], [-0.665139377117157, -0.746719241142273, 0.0, 1651.1129150390625], [0.0, 0.0, 1.0, 0.0], [0.0, 0.0, 0.0, 1.0]], "cam_ids": [0, 1, 2, 3, 4, 5], "cam_channels": ["CAM_FRONT_LEFT", "CAM_FRONT", "CAM_FRONT_RIGHT", "CAM_BACK_LEFT", "CAM_BACK", "CAM_BACK_RIGHT"], "token": "50685a0ed0874fba949c0ec7900eb2db", "scene": "scene-0554"}, {"images": ["samples/CAM_FRONT_LEFT/n008-2018-08-28-16-43-51-0400__CAM_FRONT_LEFT__1535489319404799.jpg", "samples/CAM_FRONT/n008-2018-08-28-16-43-51-0400__CAM_FRONT__1535489319412404.jpg", "samples/CAM_FRONT_RIGHT/n008-2018-08-28-16-43-51-0400__CAM_FRONT_RIGHT__1535489319420482.jpg", "samples/CAM_BACK_LEFT/n008-2018-08-28-16-43-51-0400__CAM_BACK_LEFT__1535489319447405.jpg", "samples/CAM_BACK/n008-2018-08-28-16-43-51-0400__CAM_BACK__1535489319437558.jpg", "samples/CAM_BACK_RIGHT/n008-2018-08-28-16-43-51-0400__CAM_BACK_RIGHT__1535489319428113.jpg"], "intrinsics": [[[1257.8625342125129, 0.0, 827.2410631095686], [0.0, 1257.8625342125129, 450.915498205774], [0.0, 0.0, 1.0]], [[1252.8131021185304, 0.0, 826.588114781398], [0.0, 1252.8131021185304, 469.9846626224581], [0.0, 0.0, 1.0]], [[1256.7485116440405, 0.0, 817.7887570959712], [0.0, 1256.7485116440403, 451.9541780095127], [0.0, 0.0, 1.0]], [[1254.9860565800168, 0.0, 829.5769333630991], [0.0, 1254.9860565800168, 467.1680561863987], [0.0, 0.0, 1.0]], [[796.8910634503094, 0.0, 857.7774326863696], [0.0, 796.8910634503094, 476.8848988407415], [0.0, 0.0, 1.0]], [[1249.9629280788233, 0.0, 825.3768045375984], [0.0, 1249.9629280788233, 462.54816385708756], [0.0, 0.0, 1.0]]], "extrinsics": [[[0.8224781155586243, -0.5686323046684265, 0.013681073673069477, -1.0048828125], [0.016762690618634224, 0.00018956953135784715, -0.9998595118522644, 1.4882926940917969], [0.5685497522354126, 0.8225918412208557, 0.009687722660601139, -1.33349609375], [0.0, 0.0, 0.0, 1.0]], [[0.010271301493048668, -0.9999387264251709, 0.004124203696846962, 0.0052490234375], [0.01874006725847721, -0.003931205719709396, -0.9998166561126709, 1.4801654815673828], [0.9997716546058655, 0.010346682742238045, 0.018698539584875107, -1.734710693359375], [0.0, 0.0, 0.0, 1.0]], [[-0.8438320755958557, -0.5363736748695374, -0.01583528332412243, 1.090576171875], [0.026784157380461693, -0.012627379037439823, -0.9995614886283875, 1.4930715560913086], [0.5359385013580322, -0.8438861966133118, 0.02502170205116272, -1.277587890625], [0.0, 0.0, 0.0, 1.0]], [[0.9478910565376282, 0.3185875415802002, 0.0021281130611896515, -1.14385986328125], [0.001387168886139989, 0.002552575431764126, -0.999995768070221, 1.5620427131652832], [-0.31859174370765686, 0.9478899836540222, 0.001977629028260708, -0.1561279296875], [0.0, 0.0, 0.0, 1.0]], [[0.009212676435709, 0.9999454021453857, -0.00494523998349905, -0.029052734375], [0.0035144195426255465, -0.004977796692401171, -0.9999814033508301, 1.568061351776123], [-0.9999514222145081, 0.00919500831514597, -0.003560086479410529, 0.04449462890625], [0.0, 0.0, 0.0, 1.0]], [[-0.9236228466033936, 0.38289153575897217, -0.017750009894371033, 1.160675048828125], [0.007728357333689928, -0.02769605815410614, -0.9995865225791931, 1.5478172302246094], [-0.3832247853279114, -0.923378050327301, 0.02262158691883087, -0.043701171875], [0.0, 0.0, 0.0, 1.0]]], "view": [[0.0, -2.0, 100.0], [-2.0, 0.0, 100.0], [0.0, 0.0, 1.0]], "bev": "bev_4e171b7de025407384e7d9414b8a8c7b.png", "aux": "aux_4e171b7de025407384e7d9414b8a8c7b.npz", "visibility": "visibility_4e171b7de025407384e7d9414b8a8c7b.png", "pose": [[-0.7467301487922668, -0.665127158164978, 0.0, 1316.378173828125], [0.665127158164978, -0.7467301487922668, 0.0, 1038.59375], [0.0, 0.0, 1.0, 0.0], [0.0, 0.0, 0.0, 1.0]], "pose_inverse": [[-0.7467301487922668, 0.665127158164978, 0.0, 292.182373046875], [-0.665127158164978, -0.7467301487922668, 0.0, 1651.1080322265625], [0.0, 0.0, 1.0, 0.0], [0.0, 0.0, 0.0, 1.0]], "cam_ids": [0, 1, 2, 3, 4, 5], "cam_channels": ["CAM_FRONT_LEFT", "CAM_FRONT", "CAM_FRONT_RIGHT", "CAM_BACK_LEFT", "CAM_BACK", "CAM_BACK_RIGHT"], "token": "4e171b7de025407384e7d9414b8a8c7b", "scene": "scene-0554"}, {"images": ["samples/CAM_FRONT_LEFT/n008-2018-08-28-16-43-51-0400__CAM_FRONT_LEFT__1535489319904799.jpg", "samples/CAM_FRONT/n008-2018-08-28-16-43-51-0400__CAM_FRONT__1535489319912404.jpg", "samples/CAM_FRONT_RIGHT/n008-2018-08-28-16-43-51-0400__CAM_FRONT_RIGHT__1535489319920482.jpg", "samples/CAM_BACK_LEFT/n008-2018-08-28-16-43-51-0400__CAM_BACK_LEFT__1535489319947405.jpg", "samples/CAM_BACK/n008-2018-08-28-16-43-51-0400__CAM_BACK__1535489319937558.jpg", "samples/CAM_BACK_RIGHT/n008-2018-08-28-16-43-51-0400__CAM_BACK_RIGHT__1535489319928113.jpg"], "intrinsics": [[[1257.8625342125129, 0.0, 827.2410631095686], [0.0, 1257.8625342125129, 450.915498205774], [0.0, 0.0, 1.0]], [[1252.8131021185304, 0.0, 826.588114781398], [0.0, 1252.8131021185304, 469.9846626224581], [0.0, 0.0, 1.0]], [[1256.7485116440405, 0.0, 817.7887570959712], [0.0, 1256.7485116440403, 451.9541780095127], [0.0, 0.0, 1.0]], [[1254.9860565800168, 0.0, 829.5769333630991], [0.0, 1254.9860565800168, 467.1680561863987], [0.0, 0.0, 1.0]], [[796.8910634503094, 0.0, 857.7774326863696], [0.0, 796.8910634503094, 476.8848988407415], [0.0, 0.0, 1.0]], [[1249.9629280788233, 0.0, 825.3768045375984], [0.0, 1249.9629280788233, 462.54816385708756], [0.0, 0.0, 1.0]]], "extrinsics": [[[0.8224645256996155, -0.568649172782898, 0.013792173936963081, -1.0050048828125], [0.016951801255345345, 0.0002674155402928591, -0.9998562932014465, 1.488295555114746], [0.56856369972229, 0.8225801587104797, 0.009859567508101463, -1.3333740234375], [0.0, 0.0, 0.0, 1.0]], [[0.01025500986725092, -0.9999392628669739, 0.004035091958940029, 0.0054931640625], [0.01890692487359047, -0.0038406839594244957, -0.9998139142990112, 1.480164647102356], [0.9997686743736267, 0.010329446755349636, 0.018866389989852905, -1.7347412109375], [0.0, 0.0, 0.0, 1.0]], [[-0.8438358306884766, -0.5363624095916748, -0.0160115584731102, 1.090576171875], [0.026926731690764427, -0.012523706071078777, -0.9995589256286621, 1.493072509765625], [0.5359253883361816, -0.843894898891449, 0.02501043863594532, -1.277587890625], [0.0, 0.0, 0.0, 1.0]], [[0.947889506816864, 0.31859102845191956, 0.0023162495344877243, -1.1439208984375], [0.001563162892125547, 0.0026194502133876085, -0.9999953508377075, 1.562042236328125], [-0.31859561800956726, 0.9478886723518372, 0.001984940143302083, -0.15625], [0.0, 0.0, 0.0, 1.0]], [[0.009214845485985279, 0.9999457597732544, -0.004861865658313036, -0.02880859375], [0.003672933904454112, -0.0048958854749798775, -0.9999812245368958, 1.5680594444274902], [-0.9999508261680603, 0.009196738712489605, -0.003717849962413311, 0.04443359375], [0.0, 0.0, 0.0, 1.0]], [[-0.9236178398132324, 0.382899671792984, -0.01783370040357113, 1.160614013671875], [0.007863554172217846, -0.027588019147515297, -0.9995884299278259, 1.5478134155273438], [-0.38323402404785156, -0.9233778715133667, 0.022469833493232727, -0.043701171875], [0.0, 0.0, 0.0, 1.0]]], "view": [[0.0, -2.0, 100.0], [-2.0, 0.0, 100.0], [0.0, 0.0, 1.0]], "bev": "bev_11c7a5593f784a8283097b327d28ee3a.png", "aux": "aux_11c7a5593f784a8283097b327d28ee3a.npz", "visibility": "visibility_11c7a5593f784a8283097b327d28ee3a.png", "pose": [[-0.7467212677001953, -0.6651371121406555, 0.0, 1316.378173828125], [0.6651371121406555, -0.7467212677001953, 0.0, 1038.59375], [0.0, 0.0, 1.0, 0.0], [0.0, 0.0, 0.0, 1.0]], "pose_inverse": [[-0.7467212677001953, 0.6651371121406555, 0.0, 292.1603088378906], [-0.6651371121406555, -0.7467212677001953, 0.0, 1651.112060546875], [0.0, 0.0, 1.0, 0.0], [0.0, 0.0, 0.0, 1.0]], "cam_ids": [0, 1, 2, 3, 4, 5], "cam_channels": ["CAM_FRONT_LEFT", "CAM_FRONT", "CAM_FRONT_RIGHT", "CAM_BACK_LEFT", "CAM_BACK", "CAM_BACK_RIGHT"], "token": "11c7a5593f784a8283097b327d28ee3a", "scene": "scene-0554"}, {"images": ["samples/CAM_FRONT_LEFT/n008-2018-08-28-16-43-51-0400__CAM_FRONT_LEFT__1535489320404799.jpg", "samples/CAM_FRONT/n008-2018-08-28-16-43-51-0400__CAM_FRONT__1535489320412404.jpg", "samples/CAM_FRONT_RIGHT/n008-2018-08-28-16-43-51-0400__CAM_FRONT_RIGHT__1535489320420482.jpg", "samples/CAM_BACK_LEFT/n008-2018-08-28-16-43-51-0400__CAM_BACK_LEFT__1535489320447405.jpg", "samples/CAM_BACK/n008-2018-08-28-16-43-51-0400__CAM_BACK__1535489320437558.jpg", "samples/CAM_BACK_RIGHT/n008-2018-08-28-16-43-51-0400__CAM_BACK_RIGHT__1535489320428113.jpg"], "intrinsics": [[[1257.8625342125129, 0.0, 827.2410631095686], [0.0, 1257.8625342125129, 450.915498205774], [0.0, 0.0, 1.0]], [[1252.8131021185304, 0.0, 826.588114781398], [0.0, 1252.8131021185304, 469.9846626224581], [0.0, 0.0, 1.0]], [[1256.7485116440405, 0.0, 817.7887570959712], [0.0, 1256.7485116440403, 451.9541780095127], [0.0, 0.0, 1.0]], [[1254.9860565800168, 0.0, 829.5769333630991], [0.0, 1254.9860565800168, 467.1680561863987], [0.0, 0.0, 1.0]], [[796.8910634503094, 0.0, 857.7774326863696], [0.0, 796.8910634503094, 476.8848988407415], [0.0, 0.0, 1.0]], [[1249.9629280788233, 0.0, 825.3768045375984], [0.0, 1249.9629280788233, 462.54816385708756], [0.0, 0.0, 1.0]]], "extrinsics": [[[0.822486937046051, -0.5686168670654297, 0.013786795549094677, -1.00506591796875], [0.01689828373491764, 0.0002001210377784446, -0.9998571872711182, 1.4882946014404297], [0.5685329437255859, 0.8226025104522705, 0.009773246012628078, -1.333251953125], [0.0, 0.0, 0.0, 1.0]], [[0.010287875309586525, -0.9999386072158813, 0.0041072554886341095, 0.00537109375], [0.01885506696999073, -0.003912755753844976, -0.9998145699501038, 1.4801653623580933], [0.9997693300247192, 0.010363362729549408, 0.018813656643033028, -1.7347412109375], [0.0, 0.0, 0.0, 1.0]], [[-0.8438227772712708, -0.5363854765892029, -0.01592799462378025, 1.0904541015625], [0.026877310127019882, -0.012600477784872055, -0.9995592832565308, 1.4930715560913086], [0.5359484553337097, -0.8438790440559387, 0.02504917047917843, -1.277587890625], [0.0, 0.0, 0.0, 1.0]], [[0.9478873610496521, 0.3185980021953583, 0.002226724522188306, -1.14404296875], [0.0014831952285021544, 0.0025763302110135555, -0.9999955892562866, 1.5620455741882324], [-0.3186022937297821, 0.9478864669799805, 0.0019695290829986334, -0.15625], [0.0, 0.0, 0.0, 1.0]], [[0.00920713972300291, 0.9999454617500305, -0.00492301769554615, -0.02880859375], [0.0036246697418391705, -0.004956565797328949, -0.9999811053276062, 1.5680603981018066], [-0.9999510645866394, 0.009189014323055744, -0.003670108038932085, 0.04437255859375], [0.0, 0.0, 0.0, 1.0]], [[-0.9236254096031189, 0.3828820586204529, -0.01781703718006611, 1.16064453125], [0.007816039957106113, -0.02766016498208046, -0.999586820602417, 1.5478134155273438], [-0.38321664929389954, -0.9233829379081726, 0.02255501039326191, -0.0439453125], [0.0, 0.0, 0.0, 1.0]]], "view": [[0.0, -2.0, 100.0], [-2.0, 0.0, 100.0], [0.0, 0.0, 1.0]], "bev": "bev_704f3a805e16454aa3acade23171f2c3.png", "aux": "aux_704f3a805e16454aa3acade23171f2c3.npz", "visibility": "visibility_704f3a805e16454aa3acade23171f2c3.png", "pose": [[-0.7466602325439453, -0.6652055978775024, 0.0, 1316.378173828125], [0.6652055978775024, -0.7466602325439453, 0.0, 1038.59375], [0.0, 0.0, 1.0, 0.0], [0.0, 0.0, 0.0, 1.0]], "pose_inverse": [[-0.7466602325439453, 0.6652055978775024, 0.0, 292.0088195800781], [-0.6652055978775024, -0.7466602325439453, 0.0, 1651.1387939453125], [0.0, 0.0, 1.0, 0.0], [0.0, 0.0, 0.0, 1.0]], "cam_ids": [0, 1, 2, 3, 4, 5], "cam_channels": ["CAM_FRONT_LEFT", "CAM_FRONT", "CAM_FRONT_RIGHT", "CAM_BACK_LEFT", "CAM_BACK", "CAM_BACK_RIGHT"], "token": "704f3a805e16454aa3acade23171f2c3", "scene": "scene-0554"}, {"images": ["samples/CAM_FRONT_LEFT/n008-2018-08-28-16-43-51-0400__CAM_FRONT_LEFT__1535489320904799.jpg", "samples/CAM_FRONT/n008-2018-08-28-16-43-51-0400__CAM_FRONT__1535489320912404.jpg", "samples/CAM_FRONT_RIGHT/n008-2018-08-28-16-43-51-0400__CAM_FRONT_RIGHT__1535489320920482.jpg", "samples/CAM_BACK_LEFT/n008-2018-08-28-16-43-51-0400__CAM_BACK_LEFT__1535489320947405.jpg", "samples/CAM_BACK/n008-2018-08-28-16-43-51-0400__CAM_BACK__1535489320937575.jpg", "samples/CAM_BACK_RIGHT/n008-2018-08-28-16-43-51-0400__CAM_BACK_RIGHT__1535489320928113.jpg"], "intrinsics": [[[1257.8625342125129, 0.0, 827.2410631095686], [0.0, 1257.8625342125129, 450.915498205774], [0.0, 0.0, 1.0]], [[1252.8131021185304, 0.0, 826.588114781398], [0.0, 1252.8131021185304, 469.9846626224581], [0.0, 0.0, 1.0]], [[1256.7485116440405, 0.0, 817.7887570959712], [0.0, 1256.7485116440403, 451.9541780095127], [0.0, 0.0, 1.0]], [[1254.9860565800168, 0.0, 829.5769333630991], [0.0, 1254.9860565800168, 467.1680561863987], [0.0, 0.0, 1.0]], [[796.8910634503094, 0.0, 857.7774326863696], [0.0, 796.8910634503094, 476.8848988407415], [0.0, 0.0, 1.0]], [[1249.9629280788233, 0.0, 825.3768045375984], [0.0, 1249.9629280788233, 462.54816385708756], [0.0, 0.0, 1.0]]], "extrinsics": [[[0.8224813938140869, -0.5686267018318176, 0.01370751578360796, -1.0050048828125], [0.016898253932595253, 0.0003393178922124207, -0.9998571872711182, 1.4882936477661133], [0.5685408711433411, 0.8225955963134766, 0.009887880645692348, -1.3333740234375], [0.0, 0.0, 0.0, 1.0]], [[0.010278530418872833, -0.9999392628669739, 0.003975055180490017, 0.0052490234375], [0.018863217905163765, -0.003780662314966321, -0.9998149275779724, 1.4801661968231201], [0.9997692704200745, 0.010351622477173805, 0.01882321387529373, -1.734710693359375], [0.0, 0.0, 0.0, 1.0]], [[-0.8438268899917603, -0.5363766551017761, -0.016009191051125526, 1.090576171875], [0.02689412236213684, -0.01247598696500063, -0.9995604157447815, 1.4930744171142578], [0.5359411835670471, -0.8438866138458252, 0.024952951818704605, -1.2774658203125], [0.0, 0.0, 0.0, 1.0]], [[0.9478883743286133, 0.31859445571899414, 0.002290149452164769, -1.1439208984375], [0.0015163952484726906, 0.0026766490191221237, -0.999995231628418, 1.5620427131652832], [-0.31859904527664185, 0.9478873014450073, 0.0020540482364594936, -0.156005859375], [0.0, 0.0, 0.0, 1.0]], [[0.009208927862346172, 0.9999460577964783, -0.004808526020497084, -0.02880859375], [0.003636557376012206, -0.004842186812311411, -0.9999816417694092, 1.5680623054504395], [-0.9999510049819946, 0.009191185235977173, -0.00368095