[{"images": ["samples/CAM_FRONT_LEFT/n008-2018-08-30-15-52-26-0400__CAM_FRONT_LEFT__1535659227004799.jpg", "samples/CAM_FRONT/n008-2018-08-30-15-52-26-0400__CAM_FRONT__1535659227012404.jpg", "samples/CAM_FRONT_RIGHT/n008-2018-08-30-15-52-26-0400__CAM_FRONT_RIGHT__1535659227020501.jpg", "samples/CAM_BACK_LEFT/n008-2018-08-30-15-52-26-0400__CAM_BACK_LEFT__1535659227047405.jpg", "samples/CAM_BACK/n008-2018-08-30-15-52-26-0400__CAM_BACK__1535659227037558.jpg", "samples/CAM_BACK_RIGHT/n008-2018-08-30-15-52-26-0400__CAM_BACK_RIGHT__1535659227028113.jpg"], "intrinsics": [[[1257.8625342125129, 0.0, 827.2410631095686], [0.0, 1257.8625342125129, 450.915498205774], [0.0, 0.0, 1.0]], [[1252.8131021185304, 0.0, 826.588114781398], [0.0, 1252.8131021185304, 469.9846626224581], [0.0, 0.0, 1.0]], [[1256.7485116440405, 0.0, 817.7887570959712], [0.0, 1256.7485116440403, 451.9541780095127], [0.0, 0.0, 1.0]], [[1254.9860565800168, 0.0, 829.5769333630991], [0.0, 1254.9860565800168, 467.1680561863987], [0.0, 0.0, 1.0]], [[796.8910634503094, 0.0, 857.7774326863696], [0.0, 796.8910634503094, 476.8848988407415], [0.0, 0.0, 1.0]], [[1249.9629280788233, 0.0, 825.3768045375984], [0.0, 1249.9629280788233, 462.54816385708756], [0.0, 0.0, 1.0]]], "extrinsics": [[[0.8217032551765442, -0.5690669417381287, -0.03108876757323742, -0.722015380859375], [-0.020724501460790634, 0.024677636101841927, -0.9994806051254272, 1.481119155883789], [0.5695387125015259, 0.8219208121299744, 0.008484062738716602, -1.141357421875], [0.0, 0.0, 0.0, 1.0]], [[0.00930214673280716, -0.9997485876083374, -0.02040339633822441, 0.01092529296875], [-0.018766159191727638, 0.02022615075111389, -0.9996193051338196, 1.4747905731201172], [0.9997806549072266, 0.00968149397522211, -0.018573293462395668, -1.45147705078125], [0.0, 0.0, 0.0, 1.0]], [[-0.8443558216094971, -0.5357738137245178, 0.0030832714401185513, 0.905426025390625], [-0.010741529986262321, 0.011174068786203861, -0.9998798966407776, 1.490677833557129], [0.535675048828125, -0.844287633895874, -0.015189925208687782, -1.15740966796875], [0.0, 0.0, 0.0, 1.0]], [[0.9474622011184692, 0.3189089894294739, -0.024750852957367897, -1.131591796875], [-0.03472943231463432, 0.025640690699219704, -0.9990677237510681, 1.5615825653076172], [-0.31797707080841064, 0.9474384188652039, 0.035369113087654114, -0.160400390625], [0.0, 0.0, 0.0, 1.0]], [[0.009660611860454082, 0.9997940063476562, 0.017850125208497047, -0.02886962890625], [-0.03346451744437218, 0.01816420815885067, -0.9992747902870178, 1.5650653839111328], [-0.9993932247161865, 0.009056181646883488, 0.03363310173153877, -0.044708251953125], [0.0, 0.0, 0.0, 1.0]], [[-0.923319935798645, 0.38316118717193604, 0.025840969756245613, 1.010528564453125], [-0.029755165800452232, -0.004291265271604061, -0.9995479583740234, 1.5430001020431519], [-0.38287705183029175, -0.9236714243888855, 0.015363235026597977, -0.104248046875], [0.0, 0.0, 0.0, 1.0]]], "view": [[0.0, -2.0, 100.0], [-2.0, 0.0, 100.0], [0.0, 0.0, 1.0]], "bev": "bev_707ee671c47a443a839ae6d33954612c.png", "aux": "aux_707ee671c47a443a839ae6d33954612c.npz", "visibility": "visibility_707ee671c47a443a839ae6d33954612c.png", "pose": [[-0.7575068473815918, -0.6528272032737732, 0.0, 407.0903015136719], [0.6528272032737732, -0.7575068473815918, 0.0, 631.6233520507812], [0.0, 0.0, 1.0, 0.0], [0.0, 0.0, 0.0, 1.0]], "pose_inverse": [[-0.7575068473815918, 0.6528272032737732, 0.0, -103.96723175048828], [-0.6528272032737732, -0.7575068473815918, 0.0, 744.2186279296875], [0.0, 0.0, 1.0, 0.0], [0.0, 0.0, 0.0, 1.0]], "cam_ids": [0, 1, 2, 3, 4, 5], "cam_channels": ["CAM_FRONT_LEFT", "CAM_FRONT", "CAM_FRONT_RIGHT", "CAM_BACK_LEFT", "CAM_BACK", "CAM_BACK_RIGHT"], "token": "707ee671c47a443a839ae6d33954612c", "scene": "scene-0535"}, {"images": ["samples/CAM_FRONT_LEFT/n008-2018-08-30-15-52-26-0400__CAM_FRONT_LEFT__1535659227504799.jpg", "samples/CAM_FRONT/n008-2018-08-30-15-52-26-0400__CAM_FRONT__1535659227512404.jpg", "samples/CAM_FRONT_RIGHT/n008-2018-08-30-15-52-26-0400__CAM_FRONT_RIGHT__1535659227520482.jpg", "samples/CAM_BACK_LEFT/n008-2018-08-30-15-52-26-0400__CAM_BACK_LEFT__1535659227547405.jpg", "samples/CAM_BACK/n008-2018-08-30-15-52-26-0400__CAM_BACK__1535659227537558.jpg", "samples/CAM_BACK_RIGHT/n008-2018-08-30-15-52-26-0400__CAM_BACK_RIGHT__1535659227528113.jpg"], "intrinsics": [[[1257.8625342125129, 0.0, 827.2410631095686], [0.0, 1257.8625342125129, 450.915498205774], [0.0, 0.0, 1.0]], [[1252.8131021185304, 0.0, 826.588114781398], [0.0, 1252.8131021185304, 469.9846626224581], [0.0, 0.0, 1.0]], [[1256.7485116440405, 0.0, 817.7887570959712], [0.0, 1256.7485116440403, 451.9541780095127], [0.0, 0.0, 1.0]], [[1254.9860565800168, 0.0, 829.5769333630991], [0.0, 1254.9860565800168, 467.1680561863987], [0.0, 0.0, 1.0]], [[796.8910634503094, 0.0, 857.7774326863696], [0.0, 796.8910634503094, 476.8848988407415], [0.0, 0.0, 1.0]], [[1249.9629280788233, 0.0, 825.3768045375984], [0.0, 1249.9629280788233, 462.54816385708756], [0.0, 0.0, 1.0]]], "extrinsics": [[[0.8201047778129578, -0.5711451768875122, -0.034946538507938385, -0.72705078125], [-0.024753598496317863, 0.02560438960790634, -0.9993656277656555, 1.4798774719238281], [0.5716777443885803, 0.8204496502876282, 0.006860379595309496, -1.14306640625], [0.0, 0.0, 0.0, 1.0]], [[0.007092833053320646, -0.9997433423995972, -0.021516287699341774, 0.00982666015625], [-0.022949853911995888, 0.021348414942622185, -0.9995086789131165, 1.4737186431884766], [0.9997114539146423, 0.007583205588161945, -0.02279254049062729, -1.4562911987304688], [0.0, 0.0, 0.0, 1.0]], [[-0.8452078700065613, -0.5344031453132629, 0.006079898681491613, 0.90875244140625], [-0.015093349851667881, 0.012496722862124443, -0.9998079538345337, 1.489781379699707], [0.5342245101928711, -0.8451374173164368, -0.018628263846039772, -1.16015625], [0.0, 0.0, 0.0, 1.0]], [[0.947323739528656, 0.3189328908920288, -0.029318461194634438, -1.1363372802734375], [-0.04065966606140137, 0.028958933427929878, -0.9987533092498779, 1.561716079711914], [-0.31768620014190674, 0.9473347663879395, 0.040401190519332886, -0.15863037109375], [0.0, 0.0, 0.0, 1.0]], [[0.010345013812184334, 0.9997362494468689, 0.0205038134008646, -0.02880859375], [-0.03824545070528984, 0.020885493606328964, -0.9990500807762146, 1.5648174285888672], [-0.9992148280143738, 0.009550933726131916, 0.0384514294564724, -0.03993988037109375], [0.0, 0.0, 0.0, 1.0]], [[-0.9227471947669983, 0.384188711643219, 0.030604105442762375, 1.014678955078125], [-0.03417949005961418, -0.0024802861735224724, -0.9994125962257385, 1.5424281358718872], [-0.3838871121406555, -0.923251211643219, 0.015420050360262394, -0.10284423828125], [0.0, 0.0, 0.0, 1.0]]], "view": [[0.0, -2.0, 100.0], [-2.0, 0.0, 100.0], [0.0, 0.0, 1.0]], "bev": "bev_97020f95e6f74c2dba9a5ada2fbfb334.png", "aux": "aux_97020f95e6f74c2dba9a5ada2fbfb334.npz", "visibility": "visibility_97020f95e6f74c2dba9a5ada2fbfb334.png", "pose": [[-0.7764892578125, -0.6301304697990417, 0.0, 404.1095886230469], [0.6301304697990417, -0.7764892578125, 0.0, 634.1692504882812], [0.0, 0.0, 1.0, 0.0], [0.0, 0.0, 0.0, 1.0]], "pose_inverse": [[-0.7764892578125, 0.6301304697990417, 0.0, -85.82262420654297], [-0.6301304697990417, -0.7764892578125, 0.0, 747.0673828125], [0.0, 0.0, 1.0, 0.0], [0.0, 0.0, 0.0, 1.0]], "cam_ids": [0, 1, 2, 3, 4, 5], "cam_channels": ["CAM_FRONT_LEFT", "CAM_FRONT", "CAM_FRONT_RIGHT", "CAM_BACK_LEFT", "CAM_BACK", "CAM_BACK_RIGHT"], "token": "97020f95e6f74c2dba9a5ada2fbfb334", "scene": "scene-0535"}, {"images": ["samples/CAM_FRONT_LEFT/n008-2018-08-30-15-52-26-0400__CAM_FRONT_LEFT__1535659228004799.jpg", "samples/CAM_FRONT/n008-2018-08-30-15-52-26-0400__CAM_FRONT__1535659228012404.jpg", "samples/CAM_FRONT_RIGHT/n008-2018-08-30-15-52-26-0400__CAM_FRONT_RIGHT__1535659228020482.jpg", "samples/CAM_BACK_LEFT/n008-2018-08-30-15-52-26-0400__CAM_BACK_LEFT__1535659228047405.jpg", "samples/CAM_BACK/n008-2018-08-30-15-52-26-0400__CAM_BACK__1535659228037558.jpg", "samples/CAM_BACK_RIGHT/n008-2018-08-30-15-52-26-0400__CAM_BACK_RIGHT__1535659228028113.jpg"], "intrinsics": [[[1257.8625342125129, 0.0, 827.2410631095686], [0.0, 1257.8625342125129, 450.915498205774], [0.0, 0.0, 1.0]], [[1252.8131021185304, 0.0, 826.588114781398], [0.0, 1252.8131021185304, 469.9846626224581], [0.0, 0.0, 1.0]], [[1256.7485116440405, 0.0, 817.7887570959712], [0.0, 1256.7485116440403, 451.9541780095127], [0.0, 0.0, 1.0]], [[1254.9860565800168, 0.0, 829.5769333630991], [0.0, 1254.9860565800168, 467.1680561863987], [0.0, 0.0, 1.0]], [[796.8910634503094, 0.0, 857.7774326863696], [0.0, 796.8910634503094, 476.8848988407415], [0.0, 0.0, 1.0]], [[1249.9629280788233, 0.0, 825.3768045375984], [0.0, 1249.9629280788233, 462.54816385708756], [0.0, 0.0, 1.0]]], "extrinsics": [[[0.8185270428657532, -0.5729560256004333, -0.04165181145071983, -0.717254638671875], [-0.03872939571738243, 0.017301958054304123, -0.9990999698638916, 1.4747047424316406], [0.5731609463691711, 0.8194034099578857, -0.0080281225964427, -1.1353759765625], [0.0, 0.0, 0.0, 1.0]], [[0.005467484705150127, -0.9998985528945923, -0.01315361075103283, 0.00927734375], [-0.035401664674282074, 0.012952013872563839, -0.9992892742156982, 1.469954490661621], [0.9993582367897034, 0.005929294042289257, -0.035327255725860596, -1.447235107421875], [0.0, 0.0, 0.0, 1.0]], [[-0.8455986380577087, -0.533452033996582, 0.01979801245033741, 0.903900146484375], [-0.025927532464265823, 0.003998643718659878, -0.9996557831764221, 1.4873123168945312], [0.5331892967224121, -0.8458209037780762, -0.017212344333529472, -1.15771484375], [0.0, 0.0, 0.0, 1.0]], [[0.9470610022544861, 0.31880760192871094, -0.03790963068604469, -1.1399688720703125], [-0.04630330204963684, 0.0187880527228117, -0.9987507462501526, 1.5618553161621094], [-0.3176971673965454, 0.9476332068443298, 0.03255527839064598, -0.15728759765625], [0.0, 0.0, 0.0, 1.0]], [[0.010626633651554585, 0.9998838305473328, 0.010925482958555222, -0.028564453125], [-0.04575151205062866, 0.01140083558857441, -0.9988877773284912, 1.5642566680908203], [-0.9988964200019836, 0.010114962235093117, 0.045867353677749634, -0.038684844970703125], [0.0, 0.0, 0.0, 1.0]], [[-0.9222050905227661, 0.38504722714424133, 0.03572596609592438, 1.012786865234375], [-0.04341095685958862, -0.011281207203865051, -0.9989935755729675, 1.5408873558044434], [-0.38425660133361816, -0.922827959060669, 0.027118850499391556, -0.10406494140625], [0.0, 0.0, 0.0, 1.0]]], "view": [[0.0, -2.0, 100.0], [-2.0, 0.0, 100.0], [0.0, 0.0, 1.0]], "bev": "bev_3bc8df46fb17479b9711eedc8e293e64.png", "aux": "aux_3bc8df46fb17479b9711eedc8e293e64.npz", "visibility": "visibility_3bc8df46fb17479b9711eedc8e293e64.png", "pose": [[-0.8073623776435852, -0.5900559425354004, 0.0, 400.9936828613281], [0.5900559425354004, -0.8073623776435852, 0.0, 636.6304931640625], [0.0, 0.0, 1.0, 0.0], [0.0, 0.0, 0.0, 1.0]], "pose_inverse": [[-0.8073623776435852, 0.5900559425354004, 0.0, -51.90038299560547], [-0.5900559425354004, -0.8073623776435852, 0.0, 750.6002197265625], [0.0, 0.0, 1.0, 0.0], [0.0, 0.0, 0.0, 1.0]], "cam_ids": [0, 1, 2, 3, 4, 5], "cam_channels": ["CAM_FRONT_LEFT", "CAM_FRONT", "CAM_FRONT_RIGHT", "CAM_BACK_LEFT", "CAM_BACK", "CAM_BACK_RIGHT"], "token": "3bc8df46fb17479b9711eedc8e293e64", "scene": "scene-0535"}, {"images": ["samples/CAM_FRONT_LEFT/n008-2018-08-30-15-52-26-0400__CAM_FRONT_LEFT__1535659228504799.jpg", "samples/CAM_FRONT/n008-2018-08-30-15-52-26-0400__CAM_FRONT__1535659228512404.jpg", "samples/CAM_FRONT_RIGHT/n008-2018-08-30-15-52-26-0400__CAM_FRONT_RIGHT__1535659228520482.jpg", "samples/CAM_BACK_LEFT/n008-2018-08-30-15-52-26-0400__CAM_BACK_LEFT__1535659228547409.jpg", "samples/CAM_BACK/n008-2018-08-30-15-52-26-0400__CAM_BACK__1535659228537558.jpg", "samples/CAM_BACK_RIGHT/n008-2018-08-30-15-52-26-0400__CAM_BACK_RIGHT__1535659228528113.jpg"], "intrinsics": [[[1257.8625342125129, 0.0, 827.2410631095686], [0.0, 1257.8625342125129, 450.915498205774], [0.0, 0.0, 1.0]], [[1252.8131021185304, 0.0, 826.588114781398], [0.0, 1252.8131021185304, 469.9846626224581], [0.0, 0.0, 1.0]], [[1256.7485116440405, 0.0, 817.7887570959712], [0.0, 1256.7485116440403, 451.9541780095127], [0.0, 0.0, 1.0]], [[1254.9860565800168, 0.0, 829.5769333630991], [0.0, 1254.9860565800168, 467.1680561863987], [0.0, 0.0, 1.0]], [[796.8910634503094, 0.0, 857.7774326863696], [0.0, 796.8910634503094, 476.8848988407415], [0.0, 0.0, 1.0]], [[1249.9629280788233, 0.0, 825.3768045375984], [0.0, 1249.9629280788233, 462.54816385708756], [0.0, 0.0, 1.0]]], "extrinsics": [[[0.8184053897857666, -0.5734391212463379, -0.037149976938962936, -0.72991943359375], [-0.029137544333934784, 0.02315487526357174, -0.9993072152137756, 1.4784812927246094], [0.5739021301269531, 0.818920910358429, 0.002241465263068676, -1.14801025390625], [0.0, 0.0, 0.0, 1.0]], [[0.004885640926659107, -0.9998008608818054, -0.019345847889780998, 0.011962890625], [-0.02741681970655918, 0.01920488104224205, -0.9994395971298218, 1.4726085662841797], [0.9996121525764465, 0.0054134042002260685, -0.027317533269524574, -1.4628809690475464], [0.0, 0.0, 0.0, 1.0]], [[-0.8459827303886414, -0.5330981612205505, 0.010938229039311409, 0.91650390625], [-0.019651008769869804, 0.01067142654210329, -0.9997499585151672, 1.4889335632324219], [0.5328481793403625, -0.8459861278533936, -0.01950376108288765, -1.16290283203125], [0.0, 0.0, 0.0, 1.0]], [[0.947060763835907, 0.3191301226615906, -0.03509631007909775, -1.146270751953125], [-0.04590905085206032, 0.02642063982784748, -0.9985961318016052, 1.5621585845947266], [-0.31775495409965515, 0.947342574596405, 0.03967291861772537, -0.15533447265625], [0.0, 0.0, 0.0, 1.0]], [[0.010802347213029861, 0.9997745752334595, 0.01827533170580864, -0.029541015625], [-0.0433327779173851, 0.018727272748947144, -0.9988851547241211, 1.564798355102539], [-0.9990023374557495, 0.009998359717428684, 0.04352531582117081, -0.030256271362304688], [0.0, 0.0, 0.0, 1.0]], [[-0.9222127795219421, 0.3851566016674042, 0.034320197999477386, 1.022491455078125], [-0.038925815373659134, -0.004164521116763353, -0.9992334246635437, 1.542039155960083], [-0.3847184181213379, -0.9228417873382568, 0.018833108246326447, -0.09820556640625], [0.0, 0.0, 0.0, 1.0]]], "view": [[0.0, -2.0, 100.0], [-2.0, 0.0, 100.0], [0.0, 0.0, 1.0]], "bev": "bev_090ccfc3c7c04c06b7aae001ba0ae962.png", "aux": "aux_090ccfc3c7c04c06b7aae001ba0ae962.npz", "visibility": "visibility_090ccfc3c7c04c06b7aae001ba0ae962.png", "pose": [[-0.8458621501922607, -0.5334015488624573, 0.0, 397.797607421875], [0.5334015488624573, -0.8458621501922607, 0.0, 638.8671875], [0.0, 0.0, 1.0, 0.0], [0.0, 0.0, 0.0, 1.0]], "pose_inverse": [[-0.8458621501922607, 0.5334015488624573, 0.0, -4.29078483581543], [-0.5334015488624573, -0.8458621501922607, 0.0, 752.5794067382812], [0.0, 0.0, 1.0, 0.0], [0.0, 0.0, 0.0, 1.0]], "cam_ids": [0, 1, 2, 3, 4, 5], "cam_channels": ["CAM_FRONT_LEFT", "CAM_FRONT", "CAM_FRONT_RIGHT", "CAM_BACK_LEFT", "CAM_BACK", "CAM_BACK_RIGHT"], "token": "090ccfc3c7c04c06b7aae001ba0ae962", "scene": "scene-0535"}, {"images": ["samples/CAM_FRONT_LEFT/n008-2018-08-30-15-52-26-0400__CAM_FRONT_LEFT__1535659228904799.jpg", "samples/CAM_FRONT/n008-2018-08-30-15-52-26-0400__CAM_FRONT__1535659228912404.jpg", "samples/CAM_FRONT_RIGHT/n008-2018-08-30-15-52-26-0400__CAM_FRONT_RIGHT__1535659228920482.jpg", "samples/CAM_BACK_LEFT/n008-2018-08-30-15-52-26-0400__CAM_BACK_LEFT__1535659228947405.jpg", "samples/CAM_BACK/n008-2018-08-30-15-52-26-0400__CAM_BACK__1535659228937558.jpg", "samples/CAM_BACK_RIGHT/n008-2018-08-30-15-52-26-0400__CAM_BACK_RIGHT__1535659228928113.jpg"], "intrinsics": [[[1257.8625342125129, 0.0, 827.2410631095686], [0.0, 1257.8625342125129, 450.915498205774], [0.0, 0.0, 1.0]], [[1252.8131021185304, 0.0, 826.588114781398], [0.0, 1252.8131021185304, 469.9846626224581], [0.0, 0.0, 1.0]], [[1256.7485116440405, 0.0, 817.7887570959712], [0.0, 1256.7485116440403, 451.9541780095127], [0.0, 0.0, 1.0]], [[1254.9860565800168, 0.0, 829.5769333630991], [0.0, 1254.9860565800168, 467.1680561863987], [0.0, 0.0, 1.0]], [[796.8910634503094, 0.0, 857.7774326863696], [0.0, 796.8910634503094, 476.8848988407415], [0.0, 0.0, 1.0]], [[1249.9629280788233, 0.0, 825.3768045375984], [0.0, 1249.9629280788233, 462.54816385708756], [0.0, 0.0, 1.0]]], "extrinsics": [[[0.8176255226135254, -0.5739148259162903, -0.045938890427351, -0.72698974609375], [-0.0366455502808094, 0.027753232046961784, -0.9989428520202637, 1.4758243560791016], [0.574583113193512, 0.8184447288513184, 0.0016603246331214905, -1.1436767578125], [0.0, 0.0, 0.0, 1.0]], [[0.004167533945292234, -0.9997097849845886, -0.02372964285314083, 0.01031494140625], [-0.03453832119703293, 0.023571791127324104, -0.9991253614425659, 1.4705314636230469], [0.9993947148323059, 0.004983511287719011, -0.03443005681037903, -1.4586219787597656], [0.0, 0.0, 0.0, 1.0]], [[-0.8460590839385986, -0.5328938364982605, 0.014426572248339653, 0.912841796875], [-0.02636157162487507, 0.014793701469898224, -0.9995429515838623, 1.4874372482299805], [0.5324369072914124, -0.8460528254508972, -0.026564262807369232, -1.16217041015625], [0.0, 0.0, 0.0, 1.0]], [[0.9468302130699158, 0.31932124495506287, -0.03932736814022064, -1.143768310546875], [-0.05166194960474968, 0.030246196314692497, -0.9982064962387085, 1.562032699584961], [-0.31755900382995605, 0.9471637010574341, 0.0451347678899765, -0.1561279296875], [0.0, 0.0, 0.0, 1.0]], [[0.010973509401082993, 0.9996961355209351, 0.022074928507208824, -0.02911376953125], [-0.04976079985499382, 0.02259485423564911, -0.9985055327415466, 1.5641813278198242], [-0.9987009763717651, 0.009858623147010803, 0.049993619322776794, -0.03304481506347656], [0.0, 0.0, 0.0, 1.0]], [[-0.9219123125076294, 0.3851253092288971, 0.04190629720687866, 1.0200042724609375], [-0.04549698159098625, -0.00021116227435413748, -0.9989644289016724, 1.54091477394104], [-0.38471758365631104, -0.9228642582893372, 0.017716707661747932, -0.10009765625], [0.0, 0.0, 0.0, 1.0]]], "view": [[0.0, -2.0, 100.0], [-2.0, 0.0, 100.0], [0.0, 0.0, 1.0]], "bev": "bev_396d9cd41ccf473598e3ee162af53c2b.png", "aux": "aux_396d9cd41ccf473598e3ee162af53c2b.npz", "visibility": "visibility_396d9cd41ccf473598e3ee162af53c2b.png", "pose": [[-0.8768681287765503, -0.4807310402393341, 0.0, 395.1548767089844], [0.4807310402393341, -0.8768681287765503, 0.0, 640.4691162109375], [0.0, 0.0, 1.0, 0.0], [0.0, 0.0, 0.0, 1.0]], "pose_inverse": [[-0.8768681287765503, 0.4807310402393341, 0.0, 38.605323791503906], [-0.4807310402393341, -0.8768681287765503, 0.0, 751.5701293945312], [0.0, 0.0, 1.0, 0.0], [0.0, 0.0, 0.0, 1.0]], "cam_ids": [0, 1, 2, 3, 4, 5], "cam_channels": ["CAM_FRONT_LEFT", "CAM_FRONT", "CAM_FRONT_RIGHT", "CAM_BACK_LEFT", "CAM_BACK", "CAM_BACK_RIGHT"], "token": "396d9cd41ccf473598e3ee162af53c2b", "scene": "scene-0535"}, {"images": ["samples/CAM_FRONT_LEFT/n008-2018-08-30-15-52-26-0400__CAM_FRONT_LEFT__1535659229404818.jpg", "samples/CAM_FRONT/n008-2018-08-30-15-52-26-0400__CAM_FRONT__1535659229412404.jpg", "samples/CAM_FRONT_RIGHT/n008-2018-08-30-15-52-26-0400__CAM_FRONT_RIGHT__1535659229420482.jpg", "samples/CAM_BACK_LEFT/n008-2018-08-30-15-52-26-0400__CAM_BACK_LEFT__1535659229447405.jpg", "samples/CAM_BACK/n008-2018-08-30-15-52-26-0400__CAM_BACK__1535659229437558.jpg", "samples/CAM_BACK_RIGHT/n008-2018-08-30-15-52-26-0400__CAM_BACK_RIGHT__1535659229428113.jpg"], "intrinsics": [[[1257.8625342125129, 0.0, 827.2410631095686], [0.0, 1257.8625342125129, 450.915498205774], [0.0, 0.0, 1.0]], [[1252.8131021185304, 0.0, 826.588114781398], [0.0, 1252.8131021185304, 469.9846626224581], [0.0, 0.0, 1.0]], [[1256.7485116440405, 0.0, 817.7887570959712], [0.0, 1256.7485116440403, 451.9541780095127], [0.0, 0.0, 1.0]], [[1254.9860565800168, 0.0, 829.5769333630991], [0.0, 1254.9860565800168, 467.1680561863987], [0.0, 0.0, 1.0]], [[796.8910634503094, 0.0, 857.7774326863696], [0.0, 796.8910634503094, 476.8848988407415], [0.0, 0.0, 1.0]], [[1249.9629280788233, 0.0, 825.3768045375984], [0.0, 1249.9629280788233, 462.54816385708756], [0.0, 0.0, 1.0]]], "extrinsics": [[[0.8179587125778198, -0.5737680792808533, -0.041640497744083405, -0.73553466796875], [-0.03100542724132538, 0.028308693319559097, -0.9991182088851929, 1.4780464172363281], [0.5744409561157227, 0.8185285329818726, 0.005365415941923857, -1.150390625], [0.0, 0.0, 0.0, 1.0]], [[0.004249746911227703, -0.9996981024742126, -0.024199731647968292, 0.0108642578125], [-0.029307201504707336, 0.0240650437772274, -0.9992807507514954, 1.472177505493164], [0.9995614886283875, 0.004955904558300972, -0.029196083545684814, -1.4659347534179688], [0.0, 0.0, 0.0, 1.0]], [[-0.8462468981742859, -0.5326942205429077, 0.010148723609745502, 0.91619873046875], [-0.021567298099398613, 0.015217119827866554, -0.9996515512466431, 1.4885272979736328], [0.5323542356491089, -0.8461710214614868, -0.024366218596696854, -1.16363525390625], [0.0, 0.0, 0.0, 1.0]], [[0.9470652341842651, 0.3191380202770233, -0.03490642085671425, -1.140655517578125], [-0.04722382128238678, 0.03093736059963703, -0.9984051585197449, 1.5618724822998047], [-0.31754910945892334, 0.9472031593322754, 0.0443706139922142, -0.1573486328125], [0.0, 0.0, 0.0, 1.0]], [[0.01113617792725563, 0.9996826648712158, 0.022594325244426727, -0.029296875], [-0.04486454650759697, 0.023072494193911552, -0.9987265467643738, 1.564504623413086], [-0.9989310503005981, 0.010108288377523422, 0.04510725289583206, -0.03415679931640625], [0.0, 0.0, 0.0, 1.0]], [[-0.9219804406166077, 0.3854166269302368, 0.03749781474471092, 1.020751953125], [-0.040572550147771835, 0.00015526176139246672, -0.9991766214370728, 1.5416972637176514], [-0.38510507345199585, -0.9227426052093506, 0.015494189225137234, -0.099365234375], [0.0, 0.0, 0.0, 1.0]]], "view": [[0.0, -2.0, 100.0], [-2.0, 0.0, 100.0], [0.0, 0.0, 1.0]], "bev": "bev_fce98ab5379e4ad7a17cbe7b6089fff6.png", "aux": "aux_fce98ab5379e4ad7a17cbe7b6089fff6.npz", "visibility": "visibility_fce98ab5379e4ad7a17cbe7b6089fff6.png", "pose": [[-0.9105055928230286, -0.4134967625141144, 0.0, 391.7962951660156], [0.4134967625141144, -0.9105055928230286, 0.0, 642.2053833007812], [0.0, 0.0, 1.0, 0.0], [0.0, 0.0, 0.0, 1.0]], "pose_inverse": [[-0.9105055928230286, 0.4134967625141144, 0.0, 91.18286895751953], [-0.4134967625141144, -0.9105055928230286, 0.0, 746.7380981445312], [0.0, 0.0, 1.0, 0.0], [0.0, 0.0, 0.0, 1.0]], "cam_ids": [0, 1, 2, 3, 4, 5], "cam_channels": ["CAM_FRONT_LEFT", "CAM_FRONT", "CAM_FRONT_RIGHT", "CAM_BACK_LEFT", "CAM_BACK", "CAM_BACK_RIGHT"], "token": "fce98ab5379e4ad7a17cbe7b6089fff6", "scene": "scene-0535"}, {"images": ["samples/CAM_FRONT_LEFT/n008-2018-08-30-15-52-26-0400__CAM_FRONT_LEFT__1535659229905102.jpg", "samples/CAM_FRONT/n008-2018-08-30-15-52-26-0400__CAM_FRONT__1535659229912404.jpg", "samples/CAM_FRONT_RIGHT/n008-2018-08-30-15-52-26-0400__CAM_FRONT_RIGHT__1535659229920482.jpg", "samples/CAM_BACK_LEFT/n008-2018-08-30-15-52-26-0400__CAM_BACK_LEFT__1535659229947405.jpg", "samples/CAM_BACK/n008-2018-08-30-15-52-26-0400__CAM_BACK__1535659229937558.jpg", "samples/CAM_BACK_RIGHT/n008-2018-08-30-15-52-26-0400__CAM_BACK_RIGHT__1535659229928113.jpg"], "intrinsics": [[[1257.8625342125129, 0.0, 827.2410631095686], [0.0, 1257.8625342125129, 450.915498205774], [0.0, 0.0, 1.0]], [[1252.8131021185304, 0.0, 826.588114781398], [0.0, 1252.8131021185304, 469.9846626224581], [0.0, 0.0, 1.0]], [[1256.7485116440405, 0.0, 817.7887570959712], [0.0, 1256.7485116440403, 451.9541780095127], [0.0, 0.0, 1.0]], [[1254.9860565800168, 0.0, 829.5769333630991], [0.0, 1254.9860565800168, 467.1680561863987], [0.0, 0.0, 1.0]], [[796.8910634503094, 0.0, 857.7774326863696], [0.0, 796.8910634503094, 476.8848988407415], [0.0, 0.0, 1.0]], [[1249.9629280788233, 0.0, 825.3768045375984], [0.0, 1249.9629280788233, 462.54816385708756], [0.0, 0.0, 1.0]]], "extrinsics": [[[0.8191761374473572, -0.5720914006233215, -0.040767546743154526, -0.756988525390625], [-0.029880918562412262, 0.02841353975236416, -0.9991495609283447, 1.4792137145996094], [0.572763204574585, 0.8196976184844971, 0.006181076634675264, -1.16510009765625], [0.0, 0.0, 0.0, 1.0]], [[0.005871972534805536, -0.9996850490570068, -0.024400601163506508, 0.01007080078125], [-0.027988780289888382, 0.024227160960435867, -0.9993146061897278, 1.473130226135254], [0.9995909929275513, 0.006550844758749008, -0.02783770114183426, -1.4862518310546875], [0.0, 0.0, 0.0, 1.0]], [[-0.8456571698188782, -0.5336555242538452, 0.008710667490959167, 0.92950439453125], [-0.020042767748236656, 0.015443353913724422, -0.9996798038482666, 1.4891948699951172], [0.5333501696586609, -0.8455609679222107, -0.023755716159939766, -1.1734619140625], [0.0, 0.0, 0.0, 1.0]], [[0.9471551775932312, 0.3190534710884094, -0.033195290714502335, -1.138275146484375], [-0.0453161895275116, 0.030640242621302605, -0.9985026717185974, 1.5617694854736328], [-0.3175586760044098, 0.9472412467002869, 0.043479353189468384, -0.15802001953125], [0.0, 0.0, 0.0, 1.0]], [[0.010757570154964924, 0.9996868371963501, 0.022595586255192757, -0.02880859375], [-0.043212682008743286, 0.02304055541753769, -0.9988001585006714, 1.5648622512817383], [-0.9990079998970032, 0.009768242947757244, 0.04344701021909714, -0.02921295166015625], [0.0, 0.0, 0.0, 1.0]], [[-0.9223251342773438, 0.38472414016723633, 0.0361044816672802, 1.0323333740234375], [-0.038978178054094315, 0.0003287850122433156, -0.999239981174469, 1.5424070358276367], [-0.38444358110427856, -0.9230315089225769, 0.014692598022520542, -0.095947265625], [0.0, 0.0, 0.0, 1.0]]], "view": [[0.0, -2.0, 100.0], [-2.0, 0.0, 100.0], [0.0, 0.0, 1.0]], "bev": "bev_e69e0cb7d68e42329b2de9be7abff863.png", "aux": "aux_e69e0cb7d68e42329b2de9be7abff863.npz", "visibility": "visibility_e69e0cb7d68e42329b2de9be7abff863.png", "pose": [[-0.9341685175895691, -0.3568321466445923, 0.0, 388.510986328125], [0.3568321466445923, -0.9341685175895691, 0.0, 643.6248168945312], [0.0, 0.0, 1.0, 0.0], [0.0, 0.0, 0.0, 1.0]], "pose_inverse": [[-0.9341685175895691, 0.3568321466445923, 0.0, 133.26870727539062], [-0.3568321466445923, -0.9341685175895691, 0.0, 739.8872680664062], [0.0, 0.0, 1.0, 0.0], [0.0, 0.0, 0.0, 1.0]], "cam_ids": [0, 1, 2, 3, 4, 5], "cam_channels": ["CAM_FRONT_LEFT", "CAM_FRONT", "CAM_FRONT_RIGHT", "CAM_BACK_LEFT", "CAM_BACK", "CAM_BACK_RIGHT"], "token": "e69e0cb7d68e42329b2de9be7abff863", "scene": "scene-0535"}, {"images": ["samples/CAM_FRONT_LEFT/n008-2018-08-30-15-52-26-0400__CAM_FRONT_LEFT__1535659230404799.jpg", "samples/CAM_FRONT/n008-2018-08-30-15-52-26-0400__CAM_FRONT__1535659230412404.jpg", "samples/CAM_FRONT_RIGHT/n008-2018-08-30-15-52-26-0400__CAM_FRONT_RIGHT__1535659230420482.jpg", "samples/CAM_BACK_LEFT/n008-2018-08-30-15-52-26-0400__CAM_BACK_LEFT__1535659230447405.jpg", "samples/CAM_BACK/n008-2018-08-30-15-52-26-0400__CAM_BACK__1535659230437558.jpg", "samples/CAM_BACK_RIGHT/n008-2018-08-30-15-52-26-0400__CAM_BACK_RIGHT__1535659230428113.jpg"], "intrinsics": [[[1257.8625342125129, 0.0, 827.2410631095686], [0.0, 1257.8625342125129, 450.915498205774], [0.0, 0.0, 1.0]], [[1252.8131021185304, 0.0, 826.588114781398], [0.0, 1252.8131021185304, 469.9846626224581], [0.0, 0.0, 1.0]], [[1256.7485116440405, 0.0, 817.7887570959712], [0.0, 1256.7485116440403, 451.9541780095127], [0.0, 0.0, 1.0]], [[1254.9860565800168, 0.0, 829.5769333630991], [0.0, 1254.9860565800168, 467.1680561863987], [0.0, 0.0, 1.0]], [[796.8910634503094, 0.0, 857.7774326863696], [0.0, 796.8910634503094, 476.8848988407415], [0.0, 0.0, 1.0]], [[1249.9629280788233, 0.0, 825.3768045375984], [0.0, 1249.9629280788233, 462.54816385708756], [0.0, 0.0, 1.0]]], "extrinsics": [[[0.820610523223877, -0.5704818367958069, -0.03389602527022362, -0.749359130859375], [-0.021461881697177887, 0.028506770730018616, -0.9993631839752197, 1.4815406799316406], [0.5710847973823547, 0.82081538438797, 0.011149341240525246, -1.16131591796875], [0.0, 0.0, 0.0, 1.0]], [[0.0077291810885071754, -0.9996740221977234, -0.024333633482456207, 0.01129150390625], [-0.019383668899536133, 0.024180008098483086, -0.9995196461677551, 1.4751310348510742], [0.9997822046279907, 0.008197116665542126, -0.019190460443496704, -1.48004150390625], [0.0, 0.0, 0.0, 1.0]], [[-0.8450103402137756, -0.5347482562065125, 0.0013350977096706629, 0.9248046875], [-0.011234131641685963, 0.015255969949066639, -0.9998204708099365, 1.4908018112182617], [0.5346318483352661, -0.8448737263679504, -0.01889888569712639, -1.169189453125], [0.0, 0.0, 0.0, 1.0]], [[0.9474581480026245, 0.31890562176704407, -0.024942506104707718, -1.1351318359375], [-0.036363910883665085, 0.029909923672676086, -0.9988909363746643, 1.5617008209228516], [-0.3178059458732605, 0.9473143815994263, 0.03993506357073784, -0.1591796875], [0.0, 0.0, 0.0, 1.0]], [[0.010164385661482811, 0.999701201915741, 0.02223408967256546, -0.02923583984375], [-0.03435385227203369, 0.022571228444576263, -0.999154806137085, 1.5653467178344727], [-0.9993579983711243, 0.009392018429934978, 0.034573011100292206, -0.0339508056640625], [0.0, 0.0, 0.0, 1.0]], [[-0.9229639768600464, 0.3838811218738556, 0.027799325063824654, 1.0264892578125], [-0.030102312564849854, 8.796725524007343e-06, -0.9995468258857727, 1.5434622764587402], [-0.38370731472969055, -0.9233825206756592, 0.011547589674592018, -0.0972900390625], [0.0, 0.0, 0.0, 1.0]]], "view": [[0.0, -2.0, 100.0], [-2.0, 0.0, 100.0], [0.0, 0.0, 1.0]], "bev": "bev_7f4b42e51baf46db8f27581d23c90cb1.png", "aux": "aux_7f4b42e51baf46db8f27581d23c90cb1.npz", "visibility": "visibility_7f4b42e51baf46db8f27581d23c90cb1.png", "pose": [[-0.9473100304603577, -0.3203181326389313, 0.0, 385.25177001953125], [0.3203181326389313, -0.9473100304603577, 0.0, 644.8504028320312], [0.0, 0.0, 1.0, 0.0], [0.0, 0.0, 0.0, 1.0]], "pose_inverse": [[-0.9473100304603577, 0.3203181326389313, 0.0, 158.39559936523438], [-0.3203181326389313, -0.9473100304603577, 0.0, 734.2763671875], [0.0, 0.0, 1.0, 0.0], [0.0, 0.0, 0.0, 1.0]], "cam_ids": [0, 1, 2, 3, 4, 5], "cam_channels": ["CAM_FRONT_LEFT", "CAM_FRONT", "CAM_FRONT_RIGHT", "CAM_BACK_LEFT", "CAM_BACK", "CAM_BACK_RIGHT"], "token": "7f4b42e51baf46db8f27581d23c90cb1", "scene": "scene-0535"}, {"images": ["samples/CAM_FRONT_LEFT/n008-2018-08-30-15-52-26-0400__CAM_FRONT_LEFT__1535659230904799.jpg", "samples/CAM_FRONT/n008-2018-08-30-15-52-26-0400__CAM_FRONT__1535659230912404.jpg", "samples/CAM_FRONT_RIGHT/n008-2018-08-30-15-52-26-0400__CAM_FRONT_RIGHT__1535659230920482.jpg", "samples/CAM_BACK_LEFT/n008-2018-08-30-15-52-26-0400__CAM_BACK_LEFT__1535659230947405.jpg", "samples/CAM_BACK/n008-2018-08-30-15-52-26-0400__CAM_BACK__1535659230937558.jpg", "samples/CAM_BACK_RIGHT/n008-2018-08-30-15-52-26-0400__CAM_BACK_RIGHT__1535659230928113.jpg"], "intrinsics": [[[1257.8625342125129, 0.0, 827.2410631095686], [0.0, 1257.8625342125129, 450.915498205774], [0.0, 0.0, 1.0]], [[1252.8131021185304, 0.0, 826.588114781398], [0.0, 1252.8131021185304, 469.9846626224581], [0.0, 0.0, 1.0]], [[1256.7485116440405, 0.0, 817.7887570959712], [0.0, 1256.7485116440403, 451.9541780095127], [0.0, 0.0, 1.0]], [[1254.9860565800168, 0.0, 829.5769333630991], [0.0, 1254.9860565800168, 467.1680561863987], [0.0, 0.0, 1.0]], [[796.8910634503094, 0.0, 857.7774326863696], [0.0, 796.8910634503094, 476.8848988407415], [0.0, 0.0, 1.0]], [[1249.9629280788233, 0.0, 825.3768045375984], [0.0, 1249.9629280788233, 462.54816385708756], [0.0, 0.0, 1.0]]], "extrinsics": [[[0.8204705119132996, -0.5710501670837402, -0.02701791562139988, -0.762725830078125], [-0.01795167848467827, 0.021501600742340088, -0.9996076226234436, 1.4829540252685547], [0.5714069604873657, 0.8206335306167603, 0.007390119601041079, -1.169677734375], [0.0, 0.0, 0.0, 1.0]], [[0.007463283371180296, -0.9998219609260559, -0.017328185960650444, 0.0106201171875], [-0.016142092645168304, 0.01720595173537731, -0.9997217059135437, 1.4762039184570312], [0.9998418092727661, 0.007740928791463375, -0.01601080782711506, -1.493072509765625], [0.0, 0.0, 0.0, 1.0]], [[-0.845138669013977, -0.5345410108566284, 0.0025523663498461246, 0.93328857421875], [-0.008277717046439648, 0.008312982507050037, -0.9999311566352844, 1.491495132446289], [0.534483015537262, -0.8451017141342163, -0.011450403369963169, -1.17486572265625], [0.0, 0.0, 0.0, 1.0]], [[0.9475361108779907, 0.3186884820461273, -0.02476024068892002, -1.1368408203125], [-0.0338112898170948, 0.022899573668837547, -0.9991658926010132, 1.561788558959961], [-0.31785568594932556, 0.9475828409194946, 0.03247344121336937, -0.1585693359375], [0.0, 0.0, 0.0, 1.0]], [[0.010196869261562824, 0.99983149766922, 0.015260720625519753, -0.029052734375], [-0.03153705596923828, 0.015575477853417397, -0.9993812441825867, 1.5657167434692383], [-0.9994505643844604, 0.009709273464977741, 0.0316905677318573, -0.0294952392578125], [0.0, 0.0, 0.0, 1.0]], [[-0.9229762554168701, 0.3841944634914398, 0.02256586216390133, 1.0335540771484375], [-0.027311738580465317, -0.006900628563016653, -0.9996031522750854, 1.5440845489501953], [-0.3838861882686615, -0.9232264161109924, 0.016862135380506516, -0.0946044921875], [0.0, 0.0, 0.0, 1.0]]], "view": [[0.0, -2.0, 100.0], [-2.0, 0.0, 100.0], [0.0, 0.0, 1.0]], "bev": "bev_4bfd8269540e41669571653443505f15.png", "aux": "aux_4bfd8269540e41669571653443505f15.npz", "visibility": "visibility_4bfd8269540e41669571653443505f15.png", "pose": [[-0.9584518671035767, -0.28525426983833313, 0.0, 381.996337890625], [0.28525426983833313, -0.9584518671035767, 0.0, 645.9386596679688], [0.0, 0.0, 1.0, 0.0], [0.0, 0.0, 0.0, 1.0]], "pose_inverse": [[-0.9584518671035767, 0.28525426983833313, 0.0, 181.86834716796875], [-0.28525426983833313, -0.9584518671035767, 0.0, 728.0671997070312], [0.0, 0.0, 1.0, 0.0], [0.0, 0.0, 0.0, 1.0]], "cam_ids": [0, 1, 2, 3, 4, 5], "cam_channels": ["CAM_FRONT_LEFT", "CAM_FRONT", "CAM_FRONT_RIGHT", "CAM_BACK_LEFT", "CAM_BACK", "CAM_BACK_RIGHT"], "token": "4bfd8269540e41669571653443505f15", "scene": "scene-0535"}, {"images": ["samples/CAM_FRONT_LEFT/n008-2018-08-30-15-52-26-0400__CAM_FRONT_LEFT__1535659231404799.jpg", "samples/CAM_FRONT/n008-2018-08-30-15-52-26-0400__CAM_FRONT__1535659231412404.jpg", "samples/CAM_FRONT_RIGHT/n008-2018-08-30-15-52-26-0400__CAM_FRONT_RIGHT__1535659231420482.jpg", "samples/CAM_BACK_LEFT/n008-2018-08-30-15-52-26-0400__CAM_BACK_LEFT__1535659231447405.jpg", "samples/CAM_BACK/n008-2018-08-30-15-52-26-0400__CAM_BACK__1535659231437558.jpg", "samples/CAM_BACK_RIGHT/n008-2018-08-30-15-52-26-0400__CAM_BACK_RIGHT__1535659231428113.jpg"], "intrinsics": [[[1257.8625342125129, 0.0, 827.2410631095686], [0.0, 1257.8625342125129, 450.915498205774], [0.0, 0.0, 1.0]], [[1252.8131021185304, 0.0, 826.588114781398], [0.0, 1252.8131021185304, 469.9846626224581], [0.0, 0.0, 1.0]], [[1256.7485116440405, 0.0, 817.7887570959712], [0.0, 1256.7485116440403, 451.9541780095127], [0.0, 0.0, 1.0]], [[1254.9860565800168, 0.0, 829.5769333630991], [0.0, 1254.9860565800168, 467.1680561863987], [0.0, 0.0, 1.0]], [[796.8910634503094, 0.0, 857.7774326863696], [0.0, 796.8910634503094, 476.8848988407415], [0.0, 0.0, 1.0]], [[1249.9629280788233, 0.0, 825.3768045375984], [0.0, 1249.9629280788233, 462.54816385708756], [0.0, 0.0, 1.0]]], "extrinsics": [[[0.8213847875595093, -0.5698560476303101, -0.024312149733304977, -0.762359619140625], [-0.017046060413122177, 0.01808047480881214, -0.9996911883354187, 1.4832324981689453], [0.5701196193695068, 0.8215457201004028, 0.005137229338288307, -1.17010498046875], [0.0, 0.0, 0.0, 1.0]], [[0.00876535102725029, -0.999862015247345, -0.014113903976976871, 0.01092529296875], [-0.015072721056640148, 0.013980734162032604, -0.9997887015342712, 1.4764766693115234], [0.9998480081558228, 0.008976292796432972, -0.014948095194995403, -1.49334716796875], [0.0, 0.0, 0.0, 1.0]], [[-0.8446115255355835, -0.5353705286979675, 0.0031022443436086178, 0.93389892578125], [-0.007032681256532669, 0.005300556309521198, -0.9999611973762512, 1.4917411804199219], [0.5353333950042725, -0.8446006774902344, -0.008242002688348293, -1.175140380859375], [0.0, 0.0, 0.0, 1.0]], [[0.9475630521774292, 0.31866657733917236, -0.023999115452170372, -1.13690185546875], [-0.03214501589536667, 0.020327450707554817, -0.9992764592170715, 1.5618019104003906], [-0.3179481625556946, 0.9476488828659058, 0.029505081474781036, -0.1585693359375], [0.0, 0.0, 0.0, 1.0]], [[0.00979328341782093, 0.9998723268508911, 0.012631028890609741, -0.02911376953125], [-0.030248817056417465, 0.012922080233693123, -0.9994588494300842, 1.5658414363861084], [-0.9994944334030151, 0.00940591562539339, 0.03037150576710701, -0.0286102294921875], [0.0, 0.0, 0.0, 1.0]], [[-0.9232791066169739, 0.3835919499397278, 0.020319819450378418, 1.03424072265625], [-0.026055164635181427, -0.009760994464159012, -0.9996128678321838, 1.5442838668823242], [-0.383245050907135, -0.9234511256217957, 0.019006673246622086, -0.09417724609375], [0.0, 0.0, 0.0, 1.0]]], "view": [[0.0, -2.0, 100.0], [-2.0, 0.0, 100.0], [0.0, 0.0, 1.0]], "bev": "bev_e714c917711b4ba8ac4e09ff36a31ebe.png", "aux": "aux_e714c917711b4ba8ac4e09ff36a31ebe.npz", "visibility": "visibility_e714c917711b4ba8ac4e09ff36a31ebe.png", "pose": [[-0.9645203351974487, -0.26400867104530334, 0.0, 378.7477722167969], [0.26400867104530334, -0.9645203351974487, 0.0, 646.9051513671875], [0.0, 0.0, 1.0, 0.0], [0.0, 0.0, 0.0, 1.0]], "pose_inverse": [[-0.9645203351974487, 0.26400867104530334, 0.0, 194.52134704589844], [-0.26400867104530334, -0.9645203351974487, 0.0, 723.9458618164062], [0.0, 0.0, 1.0, 0.0], [0.0, 0.0, 0.0, 1.0]], "cam_ids": [0, 1, 2, 3, 4, 5], "cam_channels": ["CAM_FRONT_LEFT", "CAM_FRONT", "CAM_FRONT_RIGHT", "CAM_BACK_LEFT", "CAM_BACK", "CAM_BACK_RIGHT"], "token": "e714c917711b4ba8ac4e09ff36a31ebe", "scene": "scene-0535"}, {"images": ["samples/CAM_FRONT_LEFT/n008-2018-08-30-15-52-26-0400__CAM_FRONT_LEFT__1535659231904799.jpg", "samples/CAM_FRONT/n008-2018-08-30-15-52-26-0400__CAM_FRONT__1535659231912404.jpg", "samples/CAM_FRONT_RIGHT/n008-2018-08-30-15-52-26-0400__CAM_FRONT_RIGHT__1535659231920482.jpg", "samples/CAM_BACK_LEFT/n008-2018-08-30-15-52-26-0400__CAM_BACK_LEFT__1535659231947405.jpg", "samples/CAM_BACK/n008-2018-08-30-15-52-26-0400__CAM_BACK__1535659231937558.jpg", "samples/CAM_BACK_RIGHT/n008-2018-08-30-15-52-26-0400__CAM_BACK_RIGHT__1535659231928113.jpg"], "intrinsics": [[[1257.8625342125129, 0.0, 827.2410631095686], [0.0, 1257.8625342125129, 450.915498205774], [0.0, 0.0, 1.0]], [[1252.8131021185304, 0.0, 826.588114781398], [0.0, 1252.8131021185304, 469.9846626224581], [0.0, 0.0, 1.0]], [[1256.7485116440405, 0.0, 817.7887570959712], [0.0, 1256.7485116440403, 451.9541780095127], [0.0, 0.0, 1.0]], [[1254.9860565800168, 0.0, 829.5769333630991], [0.0, 1254.9860565800168, 467.1680561863987], [0.0, 0.0, 1.0]], [[796.8910634503094, 0.0, 857.7774326863696], [0.0, 796.8910634503094, 476.8848988407415], [0.0, 0.0, 1.0]], [[1249.9629280788233, 0.0, 825.3768045375984], [0.0, 1249.9629280788233, 462.54816385708756], [0.0, 0.0, 1.0]]], "extrinsics": [[[0.8221674561500549, -0.5688373446464539, -0.021560346707701683, -0.7779541015625], [-0.014659012667834759, 0.016705753281712532, -0.999752938747406, 1.4842329025268555], [0.569057047367096, 0.8222804069519043, 0.005396332126110792, -1.17852783203125], [0.0, 0.0, 0.0, 1.0]], [[0.009882792830467224, -0.9998721480369568, -0.012568249367177486, 0.00909423828125], [-0.01255368534475565, 0.012443811632692814, -0.9998437762260437, 1.4773216247558594], [0.9998723864555359, 0.010039026848971844, -0.012429102323949337, -1.509765625], [0.0, 0.0, 0.0, 1.0]], [[-0.8441473841667175, -0.5361081957817078, 0.0017623166786506772, 0.946044921875], [-0.004371186718344688, 0.0035956145729869604, -0.9999839663505554, 1.492316484451294], [0.5360933542251587, -0.8441416025161743, -0.0053786588832736015, -1.184356689453125], [0.0, 0.0, 0.0, 1.0]], [[0.9476115703582764, 0.3186776340007782, -0.02183675952255726, -1.138153076171875], [-0.02954387292265892, 0.01937062479555607, -0.9993757605552673, 1.5618619918823242], [-0.3180557191371918, 0.9476652145385742, 0.02777079865336418, -0.15802001953125], [0.0, 0.0, 0.0, 1.0]], [[0.00942708645015955, 0.9998871088027954, 0