[{"images": ["samples/CAM_FRONT_LEFT/n015-2018-10-08-15-52-24+0800__CAM_FRONT_LEFT__1538985589254844.jpg", "samples/CAM_FRONT/n015-2018-10-08-15-52-24+0800__CAM_FRONT__1538985589262460.jpg", "samples/CAM_FRONT_RIGHT/n015-2018-10-08-15-52-24+0800__CAM_FRONT_RIGHT__1538985589270339.jpg", "samples/CAM_BACK_LEFT/n015-2018-10-08-15-52-24+0800__CAM_BACK_LEFT__1538985589297423.jpg", "samples/CAM_BACK/n015-2018-10-08-15-52-24+0800__CAM_BACK__1538985589287525.jpg", "samples/CAM_BACK_RIGHT/n015-2018-10-08-15-52-24+0800__CAM_BACK_RIGHT__1538985589277893.jpg"], "intrinsics": [[[1272.5979470598488, 0.0, 826.6154927353808], [0.0, 1272.5979470598488, 479.75165386361925], [0.0, 0.0, 1.0]], [[1266.417203046554, 0.0, 816.2670197447984], [0.0, 1266.417203046554, 491.50706579294757], [0.0, 0.0, 1.0]], [[1260.8474446004698, 0.0, 807.968244525554], [0.0, 1260.8474446004698, 495.3344268742088], [0.0, 0.0, 1.0]], [[1256.7414812095406, 0.0, 792.1125740759628], [0.0, 1256.7414812095406, 492.7757465151356], [0.0, 0.0, 1.0]], [[809.2209905677063, 0.0, 829.2196003259838], [0.0, 809.2209905677063, 481.77842384512485], [0.0, 0.0, 1.0]], [[1259.5137405846733, 0.0, 807.2529053838625], [0.0, 1259.5137405846733, 501.19579884916527], [0.0, 0.0, 1.0]]], "extrinsics": [[[0.817347526550293, -0.5760926008224487, -0.00776847917586565, -0.8383331298828125], [-0.004368096124380827, 0.0072869290597736835, -0.9999638795852661, 1.5075674057006836], [0.5761285424232483, 0.8173519372940063, 0.003439524909481406, -1.1923828125], [0.0, 0.0, 0.0, 1.0]], [[0.0007986304699443281, -0.9999931454658508, -0.0036140689626336098, 0.0059814453125], [-0.00975549966096878, 0.003606107784435153, -0.9999459385871887, 1.5192947387695312], [0.9999521374702454, 0.0008338427869603038, -0.009752551093697548, -1.565673828125], [0.0, 0.0, 0.0, 1.0]], [[-0.8350580334663391, -0.550101101398468, -0.008181395009160042, 0.950439453125], [-0.0041457656770944595, 0.021162379533052444, -0.9997674226760864, 1.5032196044921875], [0.5501462817192078, -0.8348299264907837, -0.019952405244112015, -1.1939697265625], [0.0, 0.0, 0.0, 1.0]], [[0.9477471709251404, 0.3190193474292755, 0.0013735551619902253, -1.1422119140625], [0.0041298759169876575, -0.007963712327182293, -0.9999597668647766, 1.5885591506958008], [-0.31899556517601013, 0.9477147459983826, -0.008865096606314182, -0.1041259765625], [0.0, 0.0, 0.0, 1.0]], [[0.003793621901422739, 0.9999916553497314, 0.0015612577553838491, 0.002685546875], [-0.021150857210159302, 0.0016411582473665476, -0.9997749328613281, 1.5785865783691406], [-0.9997690916061401, 0.0037597527261823416, 0.021156903356313705, -0.0343017578125], [0.0, 0.0, 0.0, 1.0]], [[-0.9338333010673523, 0.3576739430427551, -0.004967978689819574, 1.069671630859375], [0.011624425649642944, 0.016462771221995354, -0.9997969269752502, 1.5522651672363281], [-0.35751956701278687, -0.9337014555931091, -0.019531238824129105, -0.088623046875], [0.0, 0.0, 0.0, 1.0]]], "view": [[0.0, -2.0, 100.0], [-2.0, 0.0, 100.0], [0.0, 0.0, 1.0]], "bev": "bev_5a9c22bc75144ea9a518302075523ee1.png", "aux": "aux_5a9c22bc75144ea9a518302075523ee1.npz", "visibility": "visibility_5a9c22bc75144ea9a518302075523ee1.png", "pose": [[0.9408667087554932, 0.3387770354747772, 0.0, 1792.9327392578125], [-0.3387770354747772, 0.9408667087554932, 0.0, 1501.1927490234375], [0.0, 0.0, 1.0, 0.0], [0.0, 0.0, 0.0, 1.0]], "pose_inverse": [[0.9408667087554932, -0.3387770354747772, 0.0, -1178.341064453125], [0.3387770354747772, 0.9408667087554932, 0.0, -2019.82666015625], [0.0, 0.0, 1.0, 0.0], [0.0, 0.0, 0.0, 1.0]], "cam_ids": [0, 1, 2, 3, 4, 5], "cam_channels": ["CAM_FRONT_LEFT", "CAM_FRONT", "CAM_FRONT_RIGHT", "CAM_BACK_LEFT", "CAM_BACK", "CAM_BACK_RIGHT"], "token": "5a9c22bc75144ea9a518302075523ee1", "scene": "scene-0436"}, {"images": ["samples/CAM_FRONT_LEFT/n015-2018-10-08-15-52-24+0800__CAM_FRONT_LEFT__1538985589754844.jpg", "samples/CAM_FRONT/n015-2018-10-08-15-52-24+0800__CAM_FRONT__1538985589762460.jpg", "samples/CAM_FRONT_RIGHT/n015-2018-10-08-15-52-24+0800__CAM_FRONT_RIGHT__1538985589770339.jpg", "samples/CAM_BACK_LEFT/n015-2018-10-08-15-52-24+0800__CAM_BACK_LEFT__1538985589797423.jpg", "samples/CAM_BACK/n015-2018-10-08-15-52-24+0800__CAM_BACK__1538985589787525.jpg", "samples/CAM_BACK_RIGHT/n015-2018-10-08-15-52-24+0800__CAM_BACK_RIGHT__1538985589777893.jpg"], "intrinsics": [[[1272.5979470598488, 0.0, 826.6154927353808], [0.0, 1272.5979470598488, 479.75165386361925], [0.0, 0.0, 1.0]], [[1266.417203046554, 0.0, 816.2670197447984], [0.0, 1266.417203046554, 491.50706579294757], [0.0, 0.0, 1.0]], [[1260.8474446004698, 0.0, 807.968244525554], [0.0, 1260.8474446004698, 495.3344268742088], [0.0, 0.0, 1.0]], [[1256.7414812095406, 0.0, 792.1125740759628], [0.0, 1256.7414812095406, 492.7757465151356], [0.0, 0.0, 1.0]], [[809.2209905677063, 0.0, 829.2196003259838], [0.0, 809.2209905677063, 481.77842384512485], [0.0, 0.0, 1.0]], [[1259.5137405846733, 0.0, 807.2529053838625], [0.0, 1259.5137405846733, 501.19579884916527], [0.0, 0.0, 1.0]]], "extrinsics": [[[0.8159258961677551, -0.577728271484375, -0.022248167544603348, -0.824798583984375], [-0.01701420359313488, 0.014470967464148998, -0.999750554561615, 1.505319595336914], [0.57790607213974, 0.8161008954048157, 0.001977652544155717, -1.1826171875], [0.0, 0.0, 0.0, 1.0]], [[-0.0009909383952617645, -0.9999457597732544, -0.010367580689489841, 0.005859375], [-0.022460756823420525, 0.010387226939201355, -0.9996938109397888, 1.5173711776733398], [0.9997471570968628, -0.0007578092627227306, -0.022469831630587578, -1.5521240234375], [0.0, 0.0, 0.0, 1.0]], [[-0.8358182907104492, -0.5490050911903381, -0.0010027519892901182, 0.941650390625], [-0.016867436468601227, 0.027504920959472656, -0.9994792938232422, 1.5017852783203125], [0.5487468242645264, -0.8353663086891174, -0.03224942833185196, -1.1884765625], [0.0, 0.0, 0.0, 1.0]], [[0.9477282762527466, 0.3189472556114197, -0.009156513959169388, -1.1414794921875], [-0.008679592981934547, -0.0029165761079639196, -0.9999580383300781, 1.5885486602783203], [-0.3189605474472046, 0.947767972946167, 4.2109936657652725e-06, -0.1038818359375], [0.0, 0.0, 0.0, 1.0]], [[0.004275602288544178, 0.9999665021896362, 0.0069856285117566586, 0.002685546875], [-0.033952295780181885, 0.00712683005258441, -0.9993980526924133, 1.5779972076416016], [-0.9994143843650818, 0.004035857040435076, 0.033981624990701675, -0.0382080078125], [0.0, 0.0, 0.0, 1.0]], [[-0.9334911704063416, 0.3584853410720825, 0.009089156985282898, 1.06280517578125], [-0.001133063342422247, 0.0223974771797657, -0.9997484683990479, 1.5513496398925781], [-0.3585987687110901, -0.9332666397094727, -0.02050166018307209, -0.091552734375], [0.0, 0.0, 0.0, 1.0]]], "view": [[0.0, -2.0, 100.0], [-2.0, 0.0, 100.0], [0.0, 0.0, 1.0]], "bev": "bev_a25f1cbe76364a349f95aa4609af0b55.png", "aux": "aux_a25f1cbe76364a349f95aa4609af0b55.npz", "visibility": "visibility_a25f1cbe76364a349f95aa4609af0b55.png", "pose": [[0.965750515460968, 0.25947248935699463, 0.0, 1794.72314453125], [-0.25947248935699463, 0.965750515460968, 0.0, 1500.6195068359375], [0.0, 0.0, 1.0, 0.0], [0.0, 0.0, 0.0, 1.0]], "pose_inverse": [[0.965750515460968, -0.25947248935699463, 0.0, -1343.88525390625], [0.25947248935699463, 0.965750515460968, 0.0, -1914.9052734375], [0.0, 0.0, 1.0, 0.0], [0.0, 0.0, 0.0, 1.0]], "cam_ids": [0, 1, 2, 3, 4, 5], "cam_channels": ["CAM_FRONT_LEFT", "CAM_FRONT", "CAM_FRONT_RIGHT", "CAM_BACK_LEFT", "CAM_BACK", "CAM_BACK_RIGHT"], "token": "a25f1cbe76364a349f95aa4609af0b55", "scene": "scene-0436"}, {"images": ["samples/CAM_FRONT_LEFT/n015-2018-10-08-15-52-24+0800__CAM_FRONT_LEFT__1538985590254844.jpg", "samples/CAM_FRONT/n015-2018-10-08-15-52-24+0800__CAM_FRONT__1538985590262460.jpg", "samples/CAM_FRONT_RIGHT/n015-2018-10-08-15-52-24+0800__CAM_FRONT_RIGHT__1538985590270339.jpg", "samples/CAM_BACK_LEFT/n015-2018-10-08-15-52-24+0800__CAM_BACK_LEFT__1538985590297423.jpg", "samples/CAM_BACK/n015-2018-10-08-15-52-24+0800__CAM_BACK__1538985590287525.jpg", "samples/CAM_BACK_RIGHT/n015-2018-10-08-15-52-24+0800__CAM_BACK_RIGHT__1538985590277893.jpg"], "intrinsics": [[[1272.5979470598488, 0.0, 826.6154927353808], [0.0, 1272.5979470598488, 479.75165386361925], [0.0, 0.0, 1.0]], [[1266.417203046554, 0.0, 816.2670197447984], [0.0, 1266.417203046554, 491.50706579294757], [0.0, 0.0, 1.0]], [[1260.8474446004698, 0.0, 807.968244525554], [0.0, 1260.8474446004698, 495.3344268742088], [0.0, 0.0, 1.0]], [[1256.7414812095406, 0.0, 792.1125740759628], [0.0, 1256.7414812095406, 492.7757465151356], [0.0, 0.0, 1.0]], [[809.2209905677063, 0.0, 829.2196003259838], [0.0, 809.2209905677063, 481.77842384512485], [0.0, 0.0, 1.0]], [[1259.5137405846733, 0.0, 807.2529053838625], [0.0, 1259.5137405846733, 501.19579884916527], [0.0, 0.0, 1.0]]], "extrinsics": [[[0.8151623606681824, -0.5787784457206726, -0.022930311039090157, -0.81536865234375], [-0.01810290664434433, 0.014111551456153393, -0.999736487865448, 1.5049219131469727], [0.5789494514465332, 0.8153627514839172, 0.001025634934194386, -1.176513671875], [0.0, 0.0, 0.0, 1.0]], [[-0.002036140998825431, -0.9999508261680603, -0.009702365845441818, 0.00634765625], [-0.023529840633273125, 0.009747607633471489, -0.9996756315231323, 1.5170116424560547], [0.9997210502624512, -0.0018071547383442521, -0.023548532277345657, -1.543212890625], [0.0, 0.0, 0.0, 1.0]], [[-0.8362407684326172, -0.5483622550964355, 0.0003733364283107221, 0.9365234375], [-0.017877189442515373, 0.026581862941384315, -0.9994867444038391, 1.5015640258789062], [0.5480708479881287, -0.8358182907104492, -0.032032012939453125, -1.184814453125], [0.0, 0.0, 0.0, 1.0]], [[0.9476599097251892, 0.3191089630126953, -0.010491414926946163, -1.1466064453125], [-0.009385605342686176, -0.005002868361771107, -0.9999433755874634, 1.5885963439941406], [-0.3191433846950531, 0.9477048516273499, -0.0017459866357967257, -0.1019287109375], [0.0, 0.0, 0.0, 1.0]], [[0.004450651817023754, 0.9999757409095764, 0.005367795471101999, 0.0025634765625], [-0.03479845076799393, 0.0055194734595716, -0.9993790984153748, 1.577972412109375], [-0.9993844628334045, 0.004261103458702564, 0.03482217341661453, -0.0380859375], [0.0, 0.0, 0.0, 1.0]], [[-0.9332996606826782, 0.3589712679386139, 0.009556190110743046, 1.059326171875], [-0.0020891851745545864, 0.021183276548981667, -0.9997734427452087, 1.5512619018554688], [-0.3590924143791199, -0.9331082105636597, -0.019020387902855873, -0.092529296875], [0.0, 0.0, 0.0, 1.0]]], "view": [[0.0, -2.0, 100.0], [-2.0, 0.0, 100.0], [0.0, 0.0, 1.0]], "bev": "bev_98ce5b632d864487ac4e855b0c9305fa.png", "aux": "aux_98ce5b632d864487ac4e855b0c9305fa.npz", "visibility": "visibility_98ce5b632d864487ac4e855b0c9305fa.png", "pose": [[0.9864543676376343, 0.16403600573539734, 0.0, 1796.766845703125], [-0.16403600573539734, 0.9864543676376343, 0.0, 1500.161376953125], [0.0, 0.0, 1.0, 0.0], [0.0, 0.0, 0.0, 1.0]], "pose_inverse": [[0.9864543676376343, -0.16403600573539734, 0.0, -1526.3480224609375], [0.16403600573539734, 0.9864543676376343, 0.0, -1774.5751953125], [0.0, 0.0, 1.0, 0.0], [0.0, 0.0, 0.0, 1.0]], "cam_ids": [0, 1, 2, 3, 4, 5], "cam_channels": ["CAM_FRONT_LEFT", "CAM_FRONT", "CAM_FRONT_RIGHT", "CAM_BACK_LEFT", "CAM_BACK", "CAM_BACK_RIGHT"], "token": "98ce5b632d864487ac4e855b0c9305fa", "scene": "scene-0436"}, {"images": ["samples/CAM_FRONT_LEFT/n015-2018-10-08-15-52-24+0800__CAM_FRONT_LEFT__1538985590754844.jpg", "samples/CAM_FRONT/n015-2018-10-08-15-52-24+0800__CAM_FRONT__1538985590762460.jpg", "samples/CAM_FRONT_RIGHT/n015-2018-10-08-15-52-24+0800__CAM_FRONT_RIGHT__1538985590770339.jpg", "samples/CAM_BACK_LEFT/n015-2018-10-08-15-52-24+0800__CAM_BACK_LEFT__1538985590797432.jpg", "samples/CAM_BACK/n015-2018-10-08-15-52-24+0800__CAM_BACK__1538985590787525.jpg", "samples/CAM_BACK_RIGHT/n015-2018-10-08-15-52-24+0800__CAM_BACK_RIGHT__1538985590777893.jpg"], "intrinsics": [[[1272.5979470598488, 0.0, 826.6154927353808], [0.0, 1272.5979470598488, 479.75165386361925], [0.0, 0.0, 1.0]], [[1266.417203046554, 0.0, 816.2670197447984], [0.0, 1266.417203046554, 491.50706579294757], [0.0, 0.0, 1.0]], [[1260.8474446004698, 0.0, 807.968244525554], [0.0, 1260.8474446004698, 495.3344268742088], [0.0, 0.0, 1.0]], [[1256.7414812095406, 0.0, 792.1125740759628], [0.0, 1256.7414812095406, 492.7757465151356], [0.0, 0.0, 1.0]], [[809.2209905677063, 0.0, 829.2196003259838], [0.0, 809.2209905677063, 481.77842384512485], [0.0, 0.0, 1.0]], [[1259.5137405846733, 0.0, 807.2529053838625], [0.0, 1259.5137405846733, 501.19579884916527], [0.0, 0.0, 1.0]]], "extrinsics": [[[0.8148762583732605, -0.5794782042503357, -0.01347368210554123, -0.811737060546875], [-0.014152356423437595, 0.003347557270899415, -0.9998942017555237, 1.5055980682373047], [0.5794619917869568, 0.8149808049201965, -0.0054731364361941814, -1.173828125], [0.0, 0.0, 0.0, 1.0]], [[-0.0025404912885278463, -0.9999964237213135, 0.0008053554920479655, 0.006103515625], [-0.019475676119327545, -0.0007557274075224996, -0.9998100996017456, 1.5175552368164062], [0.9998070597648621, -0.002555693732574582, -0.019473686814308167, -1.539306640625], [0.0, 0.0, 0.0, 1.0]], [[-0.8364843130111694, -0.5479859113693237, 0.0023092031478881836, 0.93359375], [-0.013701347634196281, 0.016701702028512955, -0.9997665882110596, 1.5019965171813965], [0.5478194952011108, -0.8363207578659058, -0.021478859707713127, -1.18267822265625], [0.0, 0.0, 0.0, 1.0]], [[0.9476980566978455, 0.3190402090549469, -0.009042621590197086, -1.143798828125], [-0.004842286463826895, -0.013956264592707157, -0.9998908638954163, 1.5885601043701172], [-0.31913161277770996, 0.9476383924484253, -0.011681441217660904, -0.103271484375], [0.0, 0.0, 0.0, 1.0]], [[0.004653786774724722, 0.9999815821647644, -0.0038870363496243954, 0.00244140625], [-0.030412811785936356, -0.0037437451537698507, -0.9995304346084595, 1.5780601501464844], [-0.9995265007019043, 0.004769816529005766, 0.03039482794702053, -0.0406494140625], [0.0, 0.0, 0.0, 1.0]], [[-0.9332006573677063, 0.35934969782829285, 0.0020800770726054907, 1.0562744140625], [0.0021815819200128317, 0.011453437618911266, -0.9999319911003113, 1.5516281127929688], [-0.3593491017818451, -0.9331327080726624, -0.011472306214272976, -0.093505859375], [0.0, 0.0, 0.0, 1.0]]], "view": [[0.0, -2.0, 100.0], [-2.0, 0.0, 100.0], [0.0, 0.0, 1.0]], "bev": "bev_f480884b8e584e79810526d8c73f8b50.png", "aux": "aux_f480884b8e584e79810526d8c73f8b50.npz", "visibility": "visibility_f480884b8e584e79810526d8c73f8b50.png", "pose": [[0.998820424079895, 0.0485563762485981, 0.0, 1798.90771484375], [-0.0485563762485981, 0.998820424079895, 0.0, 1499.9090576171875], [0.0, 0.0, 1.0, 0.0], [0.0, 0.0, 0.0, 1.0]], "pose_inverse": [[0.998820424079895, -0.0485563762485981, 0.0, -1723.9556884765625], [0.0485563762485981, 0.998820424079895, 0.0, -1585.48828125], [0.0, 0.0, 1.0, 0.0], [0.0, 0.0, 0.0, 1.0]], "cam_ids": [0, 1, 2, 3, 4, 5], "cam_channels": ["CAM_FRONT_LEFT", "CAM_FRONT", "CAM_FRONT_RIGHT", "CAM_BACK_LEFT", "CAM_BACK", "CAM_BACK_RIGHT"], "token": "f480884b8e584e79810526d8c73f8b50", "scene": "scene-0436"}, {"images": ["samples/CAM_FRONT_LEFT/n015-2018-10-08-15-52-24+0800__CAM_FRONT_LEFT__1538985591254844.jpg", "samples/CAM_FRONT/n015-2018-10-08-15-52-24+0800__CAM_FRONT__1538985591262460.jpg", "samples/CAM_FRONT_RIGHT/n015-2018-10-08-15-52-24+0800__CAM_FRONT_RIGHT__1538985591270339.jpg", "samples/CAM_BACK_LEFT/n015-2018-10-08-15-52-24+0800__CAM_BACK_LEFT__1538985591297423.jpg", "samples/CAM_BACK/n015-2018-10-08-15-52-24+0800__CAM_BACK__1538985591287525.jpg", "samples/CAM_BACK_RIGHT/n015-2018-10-08-15-52-24+0800__CAM_BACK_RIGHT__1538985591277893.jpg"], "intrinsics": [[[1272.5979470598488, 0.0, 826.6154927353808], [0.0, 1272.5979470598488, 479.75165386361925], [0.0, 0.0, 1.0]], [[1266.417203046554, 0.0, 816.2670197447984], [0.0, 1266.417203046554, 491.50706579294757], [0.0, 0.0, 1.0]], [[1260.8474446004698, 0.0, 807.968244525554], [0.0, 1260.8474446004698, 495.3344268742088], [0.0, 0.0, 1.0]], [[1256.7414812095406, 0.0, 792.1125740759628], [0.0, 1256.7414812095406, 492.7757465151356], [0.0, 0.0, 1.0]], [[809.2209905677063, 0.0, 829.2196003259838], [0.0, 809.2209905677063, 481.77842384512485], [0.0, 0.0, 1.0]], [[1259.5137405846733, 0.0, 807.2529053838625], [0.0, 1259.5137405846733, 501.19579884916527], [0.0, 0.0, 1.0]]], "extrinsics": [[[0.813942551612854, -0.5809086561203003, -0.006518878508359194, -0.80194091796875], [-0.007734034210443497, 0.0003849536587949842, -0.999970018863678, 1.5067157745361328], [0.5808938145637512, 0.8139685988426208, -0.004179437644779682, -1.16748046875], [0.0, 0.0, 0.0, 1.0]], [[-0.004017703700810671, -0.9999849796295166, 0.003726329654455185, 0.006591796875], [-0.012982937507331371, -0.003673884319141507, -0.999908983707428, 1.5184249877929688], [0.9999076128005981, -0.004065713845193386, -0.012967982329428196, -1.5291748046875], [0.0, 0.0, 0.0, 1.0]], [[-0.8371241688728333, -0.5470111966133118, -0.001369396224617958, 0.92724609375], [-0.007143461145460606, 0.01343519613146782, -0.9998841881752014, 1.5027143955230713], [0.5469662547111511, -0.8370174765586853, -0.015154479071497917, -1.1780471801757812], [0.0, 0.0, 0.0, 1.0]], [[0.9477010369300842, 0.3191365599632263, -0.0037984231021255255, -1.144287109375], [0.0017535926308482885, -0.017107857391238213, -0.9998520612716675, 1.5885696411132812], [-0.3191543221473694, 0.9475542902946472, -0.016772769391536713, -0.1038818359375], [0.0, 0.0, 0.0, 1.0]], [[0.005139142274856567, 0.999961793422699, -0.0070791952311992645, 0.0020751953125], [-0.023812640458345413, -0.006954906042665243, -0.9996922612190247, 1.5782585144042969], [-0.9997032880783081, 0.0053061372600495815, 0.023775985464453697, -0.044677734375], [0.0, 0.0, 0.0, 1.0]], [[-0.9328763484954834, 0.36015933752059937, -0.0051979608833789825, 1.050537109375], [0.00877730268985033, 0.008303424343466759, -0.9999269843101501, 1.5522441864013672], [-0.36008986830711365, -0.9328539371490479, -0.010907295159995556, -0.0955810546875], [0.0, 0.0, 0.0, 1.0]]], "view": [[0.0, -2.0, 100.0], [-2.0, 0.0, 100.0], [0.0, 0.0, 1.0]], "bev": "bev_24c40f513623465c8a1709312645c971.png", "aux": "aux_24c40f513623465c8a1709312645c971.npz", "visibility": "visibility_24c40f513623465c8a1709312645c971.png", "pose": [[0.9962776303291321, -0.08620273321866989, 0.0, 1801.19189453125], [0.08620273321866989, 0.9962776303291321, 0.0, 1499.9276123046875], [0.0, 0.0, 1.0, 0.0], [0.0, 0.0, 0.0, 1.0]], "pose_inverse": [[0.9962776303291321, 0.08620273321866989, 0.0, -1923.7850341796875], [-0.08620273321866989, 0.9962776303291321, 0.0, -1339.07666015625], [0.0, 0.0, 1.0, 0.0], [0.0, 0.0, 0.0, 1.0]], "cam_ids": [0, 1, 2, 3, 4, 5], "cam_channels": ["CAM_FRONT_LEFT", "CAM_FRONT", "CAM_FRONT_RIGHT", "CAM_BACK_LEFT", "CAM_BACK", "CAM_BACK_RIGHT"], "token": "24c40f513623465c8a1709312645c971", "scene": "scene-0436"}, {"images": ["samples/CAM_FRONT_LEFT/n015-2018-10-08-15-52-24+0800__CAM_FRONT_LEFT__1538985591754844.jpg", "samples/CAM_FRONT/n015-2018-10-08-15-52-24+0800__CAM_FRONT__1538985591762460.jpg", "samples/CAM_FRONT_RIGHT/n015-2018-10-08-15-52-24+0800__CAM_FRONT_RIGHT__1538985591770339.jpg", "samples/CAM_BACK_LEFT/n015-2018-10-08-15-52-24+0800__CAM_BACK_LEFT__1538985591797428.jpg", "samples/CAM_BACK/n015-2018-10-08-15-52-24+0800__CAM_BACK__1538985591787525.jpg", "samples/CAM_BACK_RIGHT/n015-2018-10-08-15-52-24+0800__CAM_BACK_RIGHT__1538985591777893.jpg"], "intrinsics": [[[1272.5979470598488, 0.0, 826.6154927353808], [0.0, 1272.5979470598488, 479.75165386361925], [0.0, 0.0, 1.0]], [[1266.417203046554, 0.0, 816.2670197447984], [0.0, 1266.417203046554, 491.50706579294757], [0.0, 0.0, 1.0]], [[1260.8474446004698, 0.0, 807.968244525554], [0.0, 1260.8474446004698, 495.3344268742088], [0.0, 0.0, 1.0]], [[1256.7414812095406, 0.0, 792.1125740759628], [0.0, 1256.7414812095406, 492.7757465151356], [0.0, 0.0, 1.0]], [[809.2209905677063, 0.0, 829.2196003259838], [0.0, 809.2209905677063, 481.77842384512485], [0.0, 0.0, 1.0]], [[1259.5137405846733, 0.0, 807.2529053838625], [0.0, 1259.5137405846733, 501.19579884916527], [0.0, 0.0, 1.0]]], "extrinsics": [[[0.8135355114936829, -0.5815036296844482, 0.0036660549230873585, -0.787353515625], [9.087566286325455e-05, -0.006177182774990797, -0.9999808669090271, 1.5082859992980957], [0.5815152525901794, 0.8135203123092651, -0.00497251283377409, -1.156982421875], [0.0, 0.0, 0.0, 1.0]], [[-0.004623020999133587, -0.9999396800994873, 0.009954798966646194, 0.0067138671875], [-0.005224832333624363, -0.009930617175996304, -0.9999370574951172, 1.5196285247802734], [0.9999755620956421, -0.004674756899476051, -0.00517860846593976, -1.5146484375], [0.0, 0.0, 0.0, 1.0]], [[-0.8373209834098816, -0.5466921925544739, -0.0045940629206597805, 0.917724609375], [0.0006005940376780927, 0.0074832686223089695, -0.9999717473983765, 1.5037145614624023], [0.5467110872268677, -0.8373002409934998, -0.005937557201832533, -1.17205810546875], [0.0, 0.0, 0.0, 1.0]], [[0.9477978944778442, 0.31886598467826843, 0.0019088323460891843, -1.137939453125], [0.00939402636140585, -0.021938208490610123, -0.9997152090072632, 1.588609218597412], [-0.3187333345413208, 0.9475458860397339, -0.02378842420876026, -0.10565185546875], [0.0, 0.0, 0.0, 1.0]], [[0.005380065646022558, 0.9999098181724548, -0.012304951436817646, 0.0023193359375], [-0.01613701693713665, -0.012216714210808277, -0.9997951984405518, 1.5785331726074219], [-0.9998552799224854, 0.005577510222792625, 0.01606983318924904, -0.049560546875], [0.0, 0.0, 0.0, 1.0]], [[-0.9327054619789124, 0.36035019159317017, -0.014427180401980877, 1.043212890625], [0.016486307606101036, 0.0026410380378365517, -0.9998605847358704, 1.5530815124511719], [-0.3602618873119354, -0.9328133463859558, -0.008404155261814594, -0.09814453125], [0.0, 0.0, 0.0, 1.0]]], "view": [[0.0, -2.0, 100.0], [-2.0, 0.0, 100.0], [0.0, 0.0, 1.0]], "bev": "bev_de5f2a8323764ac1b3fe566bd469e920.png", "aux": "aux_de5f2a8323764ac1b3fe566bd469e920.npz", "visibility": "visibility_de5f2a8323764ac1b3fe566bd469e920.png", "pose": [[0.9728111624717712, -0.23159971833229065, 0.0, 1803.6197509765625], [0.23159971833229065, 0.9728111624717712, 0.0, 1500.3128662109375], [0.0, 0.0, 1.0, 0.0], [0.0, 0.0, 0.0, 1.0]], "pose_inverse": [[0.9728111624717712, 0.23159971833229065, 0.0, -2102.053466796875], [-0.23159971833229065, 0.9728111624717712, 0.0, -1041.8033447265625], [0.0, 0.0, 1.0, 0.0], [0.0, 0.0, 0.0, 1.0]], "cam_ids": [0, 1, 2, 3, 4, 5], "cam_channels": ["CAM_FRONT_LEFT", "CAM_FRONT", "CAM_FRONT_RIGHT", "CAM_BACK_LEFT", "CAM_BACK", "CAM_BACK_RIGHT"], "token": "de5f2a8323764ac1b3fe566bd469e920", "scene": "scene-0436"}, {"images": ["samples/CAM_FRONT_LEFT/n015-2018-10-08-15-52-24+0800__CAM_FRONT_LEFT__1538985592254844.jpg", "samples/CAM_FRONT/n015-2018-10-08-15-52-24+0800__CAM_FRONT__1538985592262460.jpg", "samples/CAM_FRONT_RIGHT/n015-2018-10-08-15-52-24+0800__CAM_FRONT_RIGHT__1538985592270339.jpg", "samples/CAM_BACK_LEFT/n015-2018-10-08-15-52-24+0800__CAM_BACK_LEFT__1538985592297423.jpg", "samples/CAM_BACK/n015-2018-10-08-15-52-24+0800__CAM_BACK__1538985592287525.jpg", "samples/CAM_BACK_RIGHT/n015-2018-10-08-15-52-24+0800__CAM_BACK_RIGHT__1538985592277893.jpg"], "intrinsics": [[[1272.5979470598488, 0.0, 826.6154927353808], [0.0, 1272.5979470598488, 479.75165386361925], [0.0, 0.0, 1.0]], [[1266.417203046554, 0.0, 816.2670197447984], [0.0, 1266.417203046554, 491.50706579294757], [0.0, 0.0, 1.0]], [[1260.8474446004698, 0.0, 807.968244525554], [0.0, 1260.8474446004698, 495.3344268742088], [0.0, 0.0, 1.0]], [[1256.7414812095406, 0.0, 792.1125740759628], [0.0, 1256.7414812095406, 492.7757465151356], [0.0, 0.0, 1.0]], [[809.2209905677063, 0.0, 829.2196003259838], [0.0, 809.2209905677063, 481.77842384512485], [0.0, 0.0, 1.0]], [[1259.5137405846733, 0.0, 807.2529053838625], [0.0, 1259.5137405846733, 501.19579884916527], [0.0, 0.0, 1.0]]], "extrinsics": [[[0.8130263090133667, -0.5821611881256104, 0.008744650520384312, -0.793701171875], [0.00015368167078122497, -0.014804739505052567, -0.9998903870582581, 1.5083179473876953], [0.5822268724441528, 0.8129385113716125, -0.011947175487875938, -1.1607666015625], [0.0, 0.0, 0.0, 1.0]], [[-0.005332132335752249, -0.9998045563697815, 0.019035162404179573, 0.006103515625], [-0.004980018362402916, -0.01900864951312542, -0.9998069405555725, 1.51971435546875], [0.9999734163284302, -0.005425867158919573, -0.004877688828855753, -1.5205078125], [0.0, 0.0, 0.0, 1.0]], [[-0.8376075029373169, -0.5462724566459656, 0.000238272434216924, 0.921875], [0.0010239635594189167, -0.0020062383264303207, -0.9999974370002747, 1.5037813186645508], [0.5462715029716492, -0.8376051187515259, 0.0022398033179342747, -1.17486572265625], [0.0, 0.0, 0.0, 1.0]], [[0.9476647973060608, 0.31926634907722473, -0.0005980837158858776, -1.14208984375], [0.010321036912500858, -0.03250771388411522, -0.9994181990623474, 1.588563323020935], [-0.3191000521183014, 0.9471073746681213, -0.03410157933831215, -0.1040191650390625], [0.0, 0.0, 0.0, 1.0]], [[0.005453018005937338, 0.9997315406799316, -0.0225200317800045, 0.00250244140625], [-0.015385792590677738, -0.022433821111917496, -0.9996299743652344, 1.5786170959472656], [-0.9998667240142822, 0.005797499790787697, 0.015259329229593277, -0.046630859375], [0.0, 0.0, 0.0, 1.0]], [[-0.9325688481330872, 0.3605175316333771, -0.01850566640496254, 1.04638671875], [0.01705826446413994, -0.007196569815278053, -0.999828577041626, 1.5530967712402344], [-0.360588937997818, -0.9327247142791748, 0.0005614933324977756, -0.0972900390625], [0.0, 0.0, 0.0, 1.0]]], "view": [[0.0, -2.0, 100.0], [-2.0, 0.0, 100.0], [0.0, 0.0, 1.0]], "bev": "bev_d9bcbaa7609d4dccb28249df37ced535.png", "aux": "aux_d9bcbaa7609d4dccb28249df37ced535.npz", "visibility": "visibility_d9bcbaa7609d4dccb28249df37ced535.png", "pose": [[0.9247646927833557, -0.3805394172668457, 0.0, 1805.953125], [0.3805394172668457, 0.9247646927833557, 0.0, 1501.048095703125], [0.0, 0.0, 1.0, 0.0], [0.0, 0.0, 0.0, 1.0]], "pose_inverse": [[0.9247646927833557, 0.3805394172668457, 0.0, -2241.28955078125], [-0.3805394172668457, 0.9247646927833557, 0.0, -700.8799438476562], [0.0, 0.0, 1.0, 0.0], [0.0, 0.0, 0.0, 1.0]], "cam_ids": [0, 1, 2, 3, 4, 5], "cam_channels": ["CAM_FRONT_LEFT", "CAM_FRONT", "CAM_FRONT_RIGHT", "CAM_BACK_LEFT", "CAM_BACK", "CAM_BACK_RIGHT"], "token": "d9bcbaa7609d4dccb28249df37ced535", "scene": "scene-0436"}, {"images": ["samples/CAM_FRONT_LEFT/n015-2018-10-08-15-52-24+0800__CAM_FRONT_LEFT__1538985592754844.jpg", "samples/CAM_FRONT/n015-2018-10-08-15-52-24+0800__CAM_FRONT__1538985592762460.jpg", "samples/CAM_FRONT_RIGHT/n015-2018-10-08-15-52-24+0800__CAM_FRONT_RIGHT__1538985592770339.jpg", "samples/CAM_BACK_LEFT/n015-2018-10-08-15-52-24+0800__CAM_BACK_LEFT__1538985592797423.jpg", "samples/CAM_BACK/n015-2018-10-08-15-52-24+0800__CAM_BACK__1538985592787525.jpg", "samples/CAM_BACK_RIGHT/n015-2018-10-08-15-52-24+0800__CAM_BACK_RIGHT__1538985592777893.jpg"], "intrinsics": [[[1272.5979470598488, 0.0, 826.6154927353808], [0.0, 1272.5979470598488, 479.75165386361925], [0.0, 0.0, 1.0]], [[1266.417203046554, 0.0, 816.2670197447984], [0.0, 1266.417203046554, 491.50706579294757], [0.0, 0.0, 1.0]], [[1260.8474446004698, 0.0, 807.968244525554], [0.0, 1260.8474446004698, 495.3344268742088], [0.0, 0.0, 1.0]], [[1256.7414812095406, 0.0, 792.1125740759628], [0.0, 1256.7414812095406, 492.7757465151356], [0.0, 0.0, 1.0]], [[809.2209905677063, 0.0, 829.2196003259838], [0.0, 809.2209905677063, 481.77842384512485], [0.0, 0.0, 1.0]], [[1259.5137405846733, 0.0, 807.2529053838625], [0.0, 1259.5137405846733, 501.19579884916527], [0.0, 0.0, 1.0]]], "extrinsics": [[[0.8134204745292664, -0.5814897418022156, 0.014729497022926807, -0.7972412109375], [0.004735306836664677, -0.01870189793407917, -0.9998138546943665, 1.509270191192627], [0.5816569328308105, 0.8133387565612793, -0.012458973564207554, -1.1641845703125], [0.0, 0.0, 0.0, 1.0]], [[-0.004723577294498682, -0.9997257590293884, 0.022934721782803535, 0.006622314453125], [-0.0004249258781783283, -0.02293297089636326, -0.9997369647026062, 1.5205144882202148], [0.9999887347221375, -0.004732133354991674, -0.00031648241565562785, -1.525390625], [0.0, 0.0, 0.0, 1.0]], [[-0.8372661471366882, -0.5467938780784607, -0.0013426800724118948, 0.92578125], [0.00553299393504858, -0.006016806699335575, -0.999966561794281, 1.5043659210205078], [0.54676753282547, -0.8372456431388855, 0.008063077926635742, -1.1768798828125], [0.0, 0.0, 0.0, 1.0]], [[0.9475635290145874, 0.3195611238479614, 0.002002645516768098, -1.14794921875], [0.014669651165604591, -0.03723665326833725, -0.9991987943649292, 1.5884819030761719], [-0.31923049688339233, 0.9468337893486023, -0.03997194766998291, -0.102142333984375], [0.0, 0.0, 0.0, 1.0]], [[0.005153380334377289, 0.999624490737915, -0.026913292706012726, 0.002410888671875], [-0.01098242960870266, -0.026855450123548508, -0.9995790123939514, 1.578887939453125], [-0.9999263882637024, 0.005446812137961388, 0.010839908383786678, -0.042236328125], [0.0, 0.0, 0.0, 1.0]], [[-0.9326663017272949, 0.3599301278591156, -0.024164021015167236, 1.050048828125], [0.02152026817202568, -0.011351200751960278, -0.9997039437294006, 1.5534324645996094], [-0.36009788513183594, -0.9329102039337158, 0.0028410879895091057, -0.095458984375], [0.0, 0.0, 0.0, 1.0]]], "view": [[0.0, -2.0, 100.0], [-2.0, 0.0, 100.0], [0.0, 0.0, 1.0]], "bev": "bev_b0be78c304fe47eca23bc8c360c773a0.png", "aux": "aux_b0be78c304fe47eca23bc8c360c773a0.npz", "visibility": "visibility_b0be78c304fe47eca23bc8c360c773a0.png", "pose": [[0.8519757390022278, -0.5235812664031982, 0.0, 1808.119384765625], [0.5235812664031982, 0.8519757390022278, 0.0, 1502.1278076171875], [0.0, 0.0, 1.0, 0.0], [0.0, 0.0, 0.0, 1.0]], "pose_inverse": [[0.8519757390022278, 0.5235812664031982, 0.0, -2326.959716796875], [-0.5235812664031982, 0.8519757390022278, 0.0, -333.0790100097656], [0.0, 0.0, 1.0, 0.0], [0.0, 0.0, 0.0, 1.0]], "cam_ids": [0, 1, 2, 3, 4, 5], "cam_channels": ["CAM_FRONT_LEFT", "CAM_FRONT", "CAM_FRONT_RIGHT", "CAM_BACK_LEFT", "CAM_BACK", "CAM_BACK_RIGHT"], "token": "b0be78c304fe47eca23bc8c360c773a0", "scene": "scene-0436"}, {"images": ["samples/CAM_FRONT_LEFT/n015-2018-10-08-15-52-24+0800__CAM_FRONT_LEFT__1538985593254844.jpg", "samples/CAM_FRONT/n015-2018-10-08-15-52-24+0800__CAM_FRONT__1538985593262460.jpg", "samples/CAM_FRONT_RIGHT/n015-2018-10-08-15-52-24+0800__CAM_FRONT_RIGHT__1538985593270339.jpg", "samples/CAM_BACK_LEFT/n015-2018-10-08-15-52-24+0800__CAM_BACK_LEFT__1538985593297423.jpg", "samples/CAM_BACK/n015-2018-10-08-15-52-24+0800__CAM_BACK__1538985593287525.jpg", "samples/CAM_BACK_RIGHT/n015-2018-10-08-15-52-24+0800__CAM_BACK_RIGHT__1538985593277893.jpg"], "intrinsics": [[[1272.5979470598488, 0.0, 826.6154927353808], [0.0, 1272.5979470598488, 479.75165386361925], [0.0, 0.0, 1.0]], [[1266.417203046554, 0.0, 816.2670197447984], [0.0, 1266.417203046554, 491.50706579294757], [0.0, 0.0, 1.0]], [[1260.8474446004698, 0.0, 807.968244525554], [0.0, 1260.8474446004698, 495.3344268742088], [0.0, 0.0, 1.0]], [[1256.7414812095406, 0.0, 792.1125740759628], [0.0, 1256.7414812095406, 492.7757465151356], [0.0, 0.0, 1.0]], [[809.2209905677063, 0.0, 829.2196003259838], [0.0, 809.2209905677063, 481.77842384512485], [0.0, 0.0, 1.0]], [[1259.5137405846733, 0.0, 807.2529053838625], [0.0, 1259.5137405846733, 501.19579884916527], [0.0, 0.0, 1.0]]], "extrinsics": [[[0.8171170353889465, -0.5758503675460815, 0.026761382818222046, -0.7926025390625], [0.008271535858511925, -0.03470611944794655, -0.9993633031845093, 1.5101041793823242], [0.5764124989509583, 0.816818118095398, -0.023595793172717094, -1.1632080078125], [0.0, 0.0, 0.0, 1.0]], [[0.000558583065867424, -0.9992421865463257, 0.03891846537590027, 0.008037567138671875], [0.002997226780280471, -0.03891662508249283, -0.9992379546165466, 1.5211610794067383], [0.9999953508377075, 0.000674813287332654, 0.002973216585814953, -1.521240234375], [0.0, 0.0, 0.0, 1.0]], [[-0.8349788188934326, -0.550261378288269, 0.004771554842591286, 0.92236328125], [0.008721130900084972, -0.02190265990793705, -0.9997220635414124, 1.5048561096191406], [0.5502129197120667, -0.834705114364624, 0.023087158799171448, -1.1737060546875], [0.0, 0.0, 0.0, 1.0]], [[0.9476150274276733, 0.3194146454334259, -0.00033545351470820606, -1.1416015625], [0.01741894893348217, -0.05272579938173294, -0.9984570741653442, 1.5885658264160156], [-0.3189395070075989, 0.946147084236145, -0.05552762746810913, -0.10400390625], [0.0, 0.0, 0.0, 1.0]], [[0.003760036313906312, 0.9990862607955933, -0.04257435351610184, 0.00205230712890625], [-0.00802197027951479, -0.04254314675927162, -0.9990624189376831, 1.579000473022461], [-0.999960720539093, 0.004098067060112953, 0.007854674011468887, -0.047119140625], [0.0, 0.0, 0.0, 1.0]], [[-0.9336575865745544, 0.3566739559173584, -0.03266619145870209, 1.045654296875], [0.02461119554936886, -0.02709999680519104, -0.9993297457695007, 1.5538597106933594], [-0.35732027888298035, -0.9338357448577881, 0.0165239404886961, -0.09674072265625], [0.0, 0.0, 0.0, 1.0]]], "view": [[0.0, -2.0, 100.0], [-2.0, 0.0, 100.0], [0.0, 0.0, 1.0]], "bev": "bev_e1041d7d37c943c1b90acfde78cc6163.png", "aux": "aux_e1041d7d37c943c1b90acfde78cc6163.npz", "visibility": "visibility_e1041d7d37c943c1b90acfde78cc6163.png", "pose": [[0.7847457528114319, -0.6198177933692932, 0.0, 1810.1800537109375], [0.6198177933692932, 0.7847457528114319, 0.0, 1503.549072265625], [0.0, 0.0, 1.0, 0.0], [0.0, 0.0, 0.0, 1.0]], "pose_inverse": [[0.7847457528114319, 0.6198177933692932, 0.0, -2352.45751953125], [-0.6198177933692932, 0.7847457528114319, 0.0, -57.921913146972656], [0.0, 0.0, 1.0, 0.0], [0.0, 0.0, 0.0, 1.0]], "cam_ids": [0, 1, 2, 3, 4, 5], "cam_channels": ["CAM_FRONT_LEFT", "CAM_FRONT", "CAM_FRONT_RIGHT", "CAM_BACK_LEFT", "CAM_BACK", "CAM_BACK_RIGHT"], "token": "e1041d7d37c943c1b90acfde78cc6163", "scene": "scene-0436"}, {"images": ["samples/CAM_FRONT_LEFT/n015-2018-10-08-15-52-24+0800__CAM_FRONT_LEFT__1538985593754844.jpg", "samples/CAM_FRONT/n015-2018-10-08-15-52-24+0800__CAM_FRONT__1538985593762460.jpg", "samples/CAM_FRONT_RIGHT/n015-2018-10-08-15-52-24+0800__CAM_FRONT_RIGHT__1538985593770339.jpg", "samples/CAM_BACK_LEFT/n015-2018-10-08-15-52-24+0800__CAM_BACK_LEFT__1538985593797423.jpg", "samples/CAM_BACK/n015-2018-10-08-15-52-24+0800__CAM_BACK__1538985593787525.jpg", "samples/CAM_BACK_RIGHT/n015-2018-10-08-15-52-24+0800__CAM_BACK_RIGHT__1538985593777893.jpg"], "intrinsics": [[[1272.5979470598488, 0.0, 826.6154927353808], [0.0, 1272.5979470598488, 479.75165386361925], [0.0, 0.0, 1.0]], [[1266.417203046554, 0.0, 816.2670197447984], [0.0, 1266.417203046554, 491.50706579294757], [0.0, 0.0, 1.0]], [[1260.8474446004698, 0.0, 807.968244525554], [0.0, 1260.8474446004698, 495.3344268742088], [0.0, 0.0, 1.0]], [[1256.7414812095406, 0.0, 792.1125740759628], [0.0, 1256.7414812095406, 492.7757465151356], [0.0, 0.0, 1.0]], [[809.2209905677063, 0.0, 829.2196003259838], [0.0, 809.2209905677063, 481.77842384512485], [0.0, 0.0, 1.0]], [[1259.5137405846733, 0.0, 807.2529053838625], [0.0, 1259.5137405846733, 501.19579884916527], [0.0, 0.0, 1.0]]], "extrinsics": [[[0.820115327835083, -0.5715588927268982, 0.027045786380767822, -0.7813720703125], [0.006852925755083561, -0.037451937794685364, -0.9992749094963074, 1.5098438262939453], [0.5721573233604431, 0.8197060823440552, -0.026798056438565254, -1.1544189453125], [0.0, 0.0, 0.0, 1.0]], [[0.00481772655621171, -0.9991243481636047, 0.04155956581234932, 0.007450103759765625], [0.0015556147554889321, -0.04155251383781433, -0.9991351366043091, 1.520878791809082], [0.9999873042106628, 0.004878251813352108, 0.0013540639774873853, -1.5087890625], [0.0, 0.0, 0.0, 1.0]], [[-0.8331786394119263, -0.5529529452323914, 0.007514085620641708, 0.9139404296875], [0.007179141044616699, -0.024402007460594177, -0.9996764063835144, 1.5046977996826172], [0.5529574155807495, -0.8328551054000854, 0.024300958961248398, -1.16845703125], [0.0, 0.0, 0.0, 1.0]], [[0.9475218057632446, 0.3196810483932495, -0.0025635422207415104, -1.142822265625], [0.015820559114217758, -0.05489746481180191, -0.99836665391922, 1.5885543823242188], [-0.3192996382713318, 0.9459335803985596, -0.05707407370209694, -0.103759765625], [0.0, 0.0, 0.0, 1.0]], [[0.002435888396576047, 0.9989892840385437, -0.044884130358695984, 0.002620697021484375], [-0.009613491594791412, -0.044858794659376144, -0.9989470839500427, 1.5788612365722656], [-0.9999508857727051, 0.0028647487051784992, 0.009494504891335964, -0.051513671875], [0.0, 0.0, 0.0, 1.0]], [[-0.9345445036888123, 0.3544054925441742, -0.031989242881536484, 1.03857421875], [0.023031918331980705, -0.029464880004525185, -0.9993004202842712, 1.5538711547851562], [-0.3551000952720642, -0.9346275925636292, 0.01937359943985939, -0.0997314453125], [0.0, 0.0, 0.0, 1.0]]], "view": [[0.0, -2.0, 100.0], [-2.0, 0.0, 100.0], [0.0, 0.0, 1.0]], "bev": "bev_140d423aedcd413287fa3038073a9ddc.png", "aux": "aux_140d423aedcd413287fa3038073a9ddc.npz", "visibility": "visibility_140d423aedcd413287fa3038073a9ddc.png", "pose": [[0.7587655782699585, -0.6513638496398926, 0.0, 1812.124755859375], [0.6513638496398926, 0.7587655782699585, 0.0, 1505.1383056640625], [0.0, 0.0, 1.0, 0.0], [0.0, 0.0, 0.0, 1.0]], "pose_inverse": [[0.7587655782699585, 0.6513638496398926, 0.0, -2355.37060546875], [-0.6513638496398926, 0.7587655782699585, 0.0, 38.30542755126953], [0.0, 0.0, 1.0, 0.0], [0.0, 0.0, 0.0, 1.0]], "cam_ids": [0, 1, 2, 3, 4, 5], "cam_channels": ["CAM_FRONT_LEFT", "CAM_FRONT", "CAM_FRONT_RIGHT", "CAM_BACK_LEFT", "CAM_BACK", "CAM_BACK_RIGHT"], "token": "140d423aedcd413287fa3038073a9ddc", "scene": "scene-0436"}, {"images": ["samples/CAM_FRONT_LEFT/n015-2018-10-08-15-52-24+0800__CAM_FRONT_LEFT__1538985594254844.jpg", "samples/CAM_FRONT/n015-2018-10-08-15-52-24+0800__CAM_FRONT__1538985594262460.jpg", "samples/CAM_FRONT_RIGHT/n015-2018-10-08-15-52-24+0800__CAM_FRONT_RIGHT__1538985594270339.jpg", "samples/CAM_BACK_LEFT/n015-2018-10-08-15-52-24+0800__CAM_BACK_LEFT__1538985594297423.jpg", "samples/CAM_BACK/n015-2018-10-08-15-52-24+0800__CAM_BACK__1538985594287525.jpg", "samples/CAM_BACK_RIGHT/n015-2018-10-08-15-52-24+0800__CAM_BACK_RIGHT__1538985594277893.jpg"], "intrinsics": [[[1272.5979470598488, 0.0, 826.6154927353808], [0.0, 1272.5979470598488, 479.75165386361925], [0.0, 0.0, 1.0]], [[1266.417203046554, 0.0, 816.2670197447984], [0.0, 1266.417203046554, 491.50706579294757], [0.0, 0.0, 1.0]], [[1260.8474446004698, 0.0, 807.968244525554], [0.0, 1260.8474446004698, 495.3344268742088], [0.0, 0.0, 1.0]], [[1256.7414812095406, 0.0, 792.1125740759628], [0.0, 1256.7414812095406, 492.7757465151356], [0.0, 0.0, 1.0]], [[809.2209905677063, 0.0, 829.2196003259838], [0.0, 809.2209905677063, 481.77842384512485], [0.0, 0.0, 1.0]], [[1259.5137405846733, 0.0, 807.2529053838625], [0.0, 1259.5137405846733, 501.19579884916527], [0.0, 0.0, 1.0]]], "extrinsics": [[[0.8207927346229553, -0.5705816745758057, 0.027127230539917946, -0.7783203125], [0.0051199146546423435, -0.040139079093933105, -0.9991809725761414, 1.509434700012207], [0.5712031722068787, 0.8202593326568604, -0.030024535953998566, -1.1512451171875], [0.0, 0.0, 0.0, 1.0]], [[0.005815697368234396, -0.9990053176879883, 0.04420851916074753, 0.00678253173828125], [-0.0002484664728399366, -0.04421071335673332, -0.9990222454071045, 1.5205129384994507], [0.9999830722808838, 0.005799106787890196, -0.0005053363274782896, -1.505615234375], [0.0, 0.0, 0.0, 1.0]], [[-0.8327632546424866, -0.5535290837287903, 0.010530451312661171, 0.9114990234375], [0.00530322315171361, -0.026995500549674034, -0.9996214509010315, 1.504425048828125], [0.5536038279533386, -0.8323920965194702, 0.025416351854801178, -1.1678466796875], [0.0, 0.0, 0.0, 1.0]], [[0.947665810585022, 0.31922292709350586, -0.005118224769830704, -1.13818359375], [0.013887771405279636, -0.05723367631435394, -0.9982641935348511, 1.5886001586914062], [-0.3189617395401001, 0.9459497332572937, -0.05867169424891472, -0.10467529296875], [0.0, 0.0, 0.0, 1.0]], [[0.002178291790187359, 0.9988776445388794, -0.04731522873044014, 0.0028343200683593