[{"images": ["samples/CAM_FRONT_LEFT/n008-2018-08-01-15-52-19-0400__CAM_FRONT_LEFT__1533153747254799.jpg", "samples/CAM_FRONT/n008-2018-08-01-15-52-19-0400__CAM_FRONT__1533153747262404.jpg", "samples/CAM_FRONT_RIGHT/n008-2018-08-01-15-52-19-0400__CAM_FRONT_RIGHT__1533153747270482.jpg", "samples/CAM_BACK_LEFT/n008-2018-08-01-15-52-19-0400__CAM_BACK_LEFT__1533153747297405.jpg", "samples/CAM_BACK/n008-2018-08-01-15-52-19-0400__CAM_BACK__1533153747287558.jpg", "samples/CAM_BACK_RIGHT/n008-2018-08-01-15-52-19-0400__CAM_BACK_RIGHT__1533153747278113.jpg"], "intrinsics": [[[1257.8625342125129, 0.0, 827.2410631095686], [0.0, 1257.8625342125129, 450.915498205774], [0.0, 0.0, 1.0]], [[1252.8131021185304, 0.0, 826.588114781398], [0.0, 1252.8131021185304, 469.9846626224581], [0.0, 0.0, 1.0]], [[1256.7485116440405, 0.0, 817.7887570959712], [0.0, 1256.7485116440403, 451.9541780095127], [0.0, 0.0, 1.0]], [[1254.9860565800168, 0.0, 829.5769333630991], [0.0, 1254.9860565800168, 467.1680561863987], [0.0, 0.0, 1.0]], [[796.8910634503094, 0.0, 857.7774326863696], [0.0, 796.8910634503094, 476.8848988407415], [0.0, 0.0, 1.0]], [[1249.9629280788233, 0.0, 825.3768045375984], [0.0, 1249.9629280788233, 462.54816385708756], [0.0, 0.0, 1.0]]], "extrinsics": [[[0.826233446598053, -0.5632739067077637, 0.007806782610714436, -0.7423095703125], [0.015277995727956295, 0.008552865125238895, -0.9998466372489929, 1.4931449890136719], [0.5631207227706909, 0.8262260556221008, 0.015672355890274048, -1.15478515625], [0.0, 0.0, 0.0, 1.0]], [[0.015738924965262413, -0.9998682141304016, -0.003968332428485155, 0.00994873046875], [0.017357539385557175, 0.004241446498781443, -0.9998403191566467, 1.4847145080566406], [0.9997254610061646, 0.01566753163933754, 0.017422007396817207, -1.47265625], [0.0, 0.0, 0.0, 1.0]], [[-0.8415597081184387, -0.5398320555686951, -0.01893565058708191, 0.919677734375], [0.025447025895118713, -0.004604902118444443, -0.9996655583381653, 1.4982490539550781], [0.5395643711090088, -0.8417601585388184, 0.01761242002248764, -1.1673583984375], [0.0, 0.0, 0.0, 1.0]], [[0.9478151798248291, 0.3188031315803528, 0.0033199277240782976, -1.13720703125], [9.180058987112716e-05, 0.01014025416225195, -0.9999485611915588, 1.5620403289794922], [-0.31882044672966003, 0.9477667212486267, 0.009581821039319038, -0.1584320068359375], [0.0, 0.0, 0.0, 1.0]], [[0.007489683572202921, 0.9999683499336243, 0.0027132700197398663, -0.0284423828125], [0.002278233878314495, 0.0026962761767208576, -0.9999937415122986, 1.5682406425476074], [-0.9999693632125854, 0.00749582052230835, -0.0022579689975827932, -0.034423828125], [0.0, 0.0, 0.0, 1.0]], [[-0.9248384237289429, 0.3801175057888031, -0.013582832179963589, 1.0238037109375], [0.006512376945465803, -0.019880596548318863, -0.9997811317443848, 1.548783302307129], [-0.38030433654785156, -0.9247245192527771, 0.01591086946427822, -0.099365234375], [0.0, 0.0, 0.0, 1.0]]], "view": [[0.0, -2.0, 100.0], [-2.0, 0.0, 100.0], [0.0, 0.0, 1.0]], "bev": "bev_f4c4a1d61cd14f16b3e95c43aee83d5a.png", "aux": "aux_f4c4a1d61cd14f16b3e95c43aee83d5a.npz", "visibility": "visibility_f4c4a1d61cd14f16b3e95c43aee83d5a.png", "pose": [[0.9989530444145203, 0.04574771970510483, 0.0, 2493.37060546875], [-0.04574771970510483, 0.9989530444145203, 0.0, 882.5125732421875], [0.0, 0.0, 1.0, 0.0], [0.0, 0.0, 0.0, 1.0]], "pose_inverse": [[0.9989530444145203, -0.04574771970510483, 0.0, -2450.38720703125], [0.04574771970510483, 0.9989530444145203, 0.0, -995.6546020507812], [0.0, 0.0, 1.0, 0.0], [0.0, 0.0, 0.0, 1.0]], "cam_ids": [0, 1, 2, 3, 4, 5], "cam_channels": ["CAM_FRONT_LEFT", "CAM_FRONT", "CAM_FRONT_RIGHT", "CAM_BACK_LEFT", "CAM_BACK", "CAM_BACK_RIGHT"], "token": "f4c4a1d61cd14f16b3e95c43aee83d5a", "scene": "scene-0076"}, {"images": ["samples/CAM_FRONT_LEFT/n008-2018-08-01-15-52-19-0400__CAM_FRONT_LEFT__1533153747754799.jpg", "samples/CAM_FRONT/n008-2018-08-01-15-52-19-0400__CAM_FRONT__1533153747762404.jpg", "samples/CAM_FRONT_RIGHT/n008-2018-08-01-15-52-19-0400__CAM_FRONT_RIGHT__1533153747770482.jpg", "samples/CAM_BACK_LEFT/n008-2018-08-01-15-52-19-0400__CAM_BACK_LEFT__1533153747797405.jpg", "samples/CAM_BACK/n008-2018-08-01-15-52-19-0400__CAM_BACK__1533153747787558.jpg", "samples/CAM_BACK_RIGHT/n008-2018-08-01-15-52-19-0400__CAM_BACK_RIGHT__1533153747778113.jpg"], "intrinsics": [[[1257.8625342125129, 0.0, 827.2410631095686], [0.0, 1257.8625342125129, 450.915498205774], [0.0, 0.0, 1.0]], [[1252.8131021185304, 0.0, 826.588114781398], [0.0, 1252.8131021185304, 469.9846626224581], [0.0, 0.0, 1.0]], [[1256.7485116440405, 0.0, 817.7887570959712], [0.0, 1256.7485116440403, 451.9541780095127], [0.0, 0.0, 1.0]], [[1254.9860565800168, 0.0, 829.5769333630991], [0.0, 1254.9860565800168, 467.1680561863987], [0.0, 0.0, 1.0]], [[796.8910634503094, 0.0, 857.7774326863696], [0.0, 796.8910634503094, 476.8848988407415], [0.0, 0.0, 1.0]], [[1249.9629280788233, 0.0, 825.3768045375984], [0.0, 1249.9629280788233, 462.54816385708756], [0.0, 0.0, 1.0]]], "extrinsics": [[[0.82671719789505, -0.5625419020652771, 0.009227345697581768, -0.7520751953125], [0.015788385644555092, 0.006802246905863285, -0.999852180480957, 1.493133544921875], [0.5623959898948669, 0.8267407417297363, 0.01450516190379858, -1.160888671875], [0.0, 0.0, 0.0, 1.0]], [[0.016474947333335876, -0.9998612999916077, -0.0024450747296214104, 0.009765625], [0.017782431095838547, 0.0027380231767892838, -0.9998381733894348, 1.4846725463867188], [0.9997061491012573, 0.016428815200924873, 0.01782507263123989, -1.481201171875], [0.0, 0.0, 0.0, 1.0]], [[-0.8412284255027771, -0.5403596758842468, -0.018603557720780373, 0.9248046875], [0.02588488534092903, -0.0058814529329538345, -0.9996476173400879, 1.4981918334960938], [0.5400599241256714, -0.8414136171340942, 0.018934793770313263, -1.17041015625], [0.0, 0.0, 0.0, 1.0]], [[0.9478420615196228, 0.3187239468097687, 0.003255071584135294, -1.1416015625], [0.00031139017664827406, 0.009286352433264256, -0.9999568462371826, 1.5620460510253906], [-0.31874045729637146, 0.9478020668029785, 0.008702746592462063, -0.156829833984375], [0.0, 0.0, 0.0, 1.0]], [[0.007302212994545698, 0.9999718070030212, 0.0017565086018294096, -0.0286865234375], [0.002464989200234413, 0.001738550839945674, -0.9999954104423523, 1.5682439804077148], [-0.9999703168869019, 0.0073065077885985374, -0.0024522242601960897, -0.0302734375], [0.0, 0.0, 0.0, 1.0]], [[-0.9250068068504333, 0.3796825706958771, -0.01426586415618658, 1.0272216796875], [0.006799204275012016, -0.020999325439333916, -0.9997563362121582, 1.548802375793457], [-0.3798896372318268, -0.9248784780502319, 0.016842978075146675, -0.097900390625], [0.0, 0.0, 0.0, 1.0]]], "view": [[0.0, -2.0, 100.0], [-2.0, 0.0, 100.0], [0.0, 0.0, 1.0]], "bev": "bev_ad0ad8832615459c818d212bdaf1e641.png", "aux": "aux_ad0ad8832615459c818d212bdaf1e641.npz", "visibility": "visibility_ad0ad8832615459c818d212bdaf1e641.png", "pose": [[0.9916203022003174, 0.12918654084205627, 0.0, 2497.000244140625], [-0.12918654084205627, 0.9916203022003174, 0.0, 882.1767578125], [0.0, 0.0, 1.0, 0.0], [0.0, 0.0, 0.0, 1.0]], "pose_inverse": [[0.9916203022003174, -0.12918654084205627, 0.0, -2362.11083984375], [0.12918654084205627, 0.9916203022003174, 0.0, -1197.3631591796875], [0.0, 0.0, 1.0, 0.0], [0.0, 0.0, 0.0, 1.0]], "cam_ids": [0, 1, 2, 3, 4, 5], "cam_channels": ["CAM_FRONT_LEFT", "CAM_FRONT", "CAM_FRONT_RIGHT", "CAM_BACK_LEFT", "CAM_BACK", "CAM_BACK_RIGHT"], "token": "ad0ad8832615459c818d212bdaf1e641", "scene": "scene-0076"}, {"images": ["samples/CAM_FRONT_LEFT/n008-2018-08-01-15-52-19-0400__CAM_FRONT_LEFT__1533153748154799.jpg", "samples/CAM_FRONT/n008-2018-08-01-15-52-19-0400__CAM_FRONT__1533153748162404.jpg", "samples/CAM_FRONT_RIGHT/n008-2018-08-01-15-52-19-0400__CAM_FRONT_RIGHT__1533153748170482.jpg", "samples/CAM_BACK_LEFT/n008-2018-08-01-15-52-19-0400__CAM_BACK_LEFT__1533153748197405.jpg", "samples/CAM_BACK/n008-2018-08-01-15-52-19-0400__CAM_BACK__1533153748187558.jpg", "samples/CAM_BACK_RIGHT/n008-2018-08-01-15-52-19-0400__CAM_BACK_RIGHT__1533153748178113.jpg"], "intrinsics": [[[1257.8625342125129, 0.0, 827.2410631095686], [0.0, 1257.8625342125129, 450.915498205774], [0.0, 0.0, 1.0]], [[1252.8131021185304, 0.0, 826.588114781398], [0.0, 1252.8131021185304, 469.9846626224581], [0.0, 0.0, 1.0]], [[1256.7485116440405, 0.0, 817.7887570959712], [0.0, 1256.7485116440403, 451.9541780095127], [0.0, 0.0, 1.0]], [[1254.9860565800168, 0.0, 829.5769333630991], [0.0, 1254.9860565800168, 467.1680561863987], [0.0, 0.0, 1.0]], [[796.8910634503094, 0.0, 857.7774326863696], [0.0, 796.8910634503094, 476.8848988407415], [0.0, 0.0, 1.0]], [[1249.9629280788233, 0.0, 825.3768045375984], [0.0, 1249.9629280788233, 462.54816385708756], [0.0, 0.0, 1.0]]], "extrinsics": [[[0.8272736072540283, -0.5617775321006775, 0.004958383738994598, -0.749267578125], [0.013100714422762394, 0.010467111133038998, -0.9998593926429749, 1.4923095703125], [0.5616466403007507, 0.8272221088409424, 0.01601884886622429, -1.16162109375], [0.0, 0.0, 0.0, 1.0]], [[0.0172252394258976, -0.9998321533203125, -0.006248686462640762, 0.010986328125], [0.015109863132238388, 0.0065092043951153755, -0.9998646974563599, 1.4839744567871094], [0.9997374415397644, 0.01712849549949169, 0.015219449996948242, -1.482177734375], [0.0, 0.0, 0.0, 1.0]], [[-0.8409746289253235, -0.5407612323760986, -0.01841391623020172, 0.927978515625], [0.023175708949565887, -0.0019994904287159443, -0.9997293949127197, 1.4975776672363281], [0.5405780673027039, -0.8411738872528076, 0.014214043505489826, -1.1716537475585938], [0.0, 0.0, 0.0, 1.0]], [[0.9478663206100464, 0.31866127252578735, 0.0020905022975057364, -1.14306640625], [-0.0023011791054159403, 0.013404576107859612, -0.9999075531959534, 1.5620403289794922], [-0.31865984201431274, 0.9477738738059998, 0.013439043425023556, -0.156494140625], [0.0, 0.0, 0.0, 1.0]], [[0.007145402487367392, 0.999957799911499, 0.005776038859039545, -0.02880859375], [-0.00016534914902877063, 0.005777367856353521, -0.9999833106994629, 1.5680465698242188], [-0.9999744892120361, 0.007144342176616192, 0.0002066234446829185, -0.027099609375], [0.0, 0.0, 0.0, 1.0]], [[-0.9251829981803894, 0.3793816864490509, -0.010292666032910347, 1.0316162109375], [0.004135339055210352, -0.017041251063346863, -0.9998462200164795, 1.548405647277832], [-0.37949874997138977, -0.9250832796096802, 0.014197403565049171, -0.095458984375], [0.0, 0.0, 0.0, 1.0]]], "view": [[0.0, -2.0, 100.0], [-2.0, 0.0, 100.0], [0.0, 0.0, 1.0]], "bev": "bev_b9cf9c6bd43643dbb57f96b022b92e2f.png", "aux": "aux_b9cf9c6bd43643dbb57f96b022b92e2f.npz", "visibility": "visibility_b9cf9c6bd43643dbb57f96b022b92e2f.png", "pose": [[0.9796311855316162, 0.20080535113811493, 0.0, 2499.829345703125], [-0.20080535113811493, 0.9796311855316162, 0.0, 881.6815795898438], [0.0, 0.0, 1.0, 0.0], [0.0, 0.0, 0.0, 1.0]], "pose_inverse": [[0.9796311855316162, -0.20080535113811493, 0.0, -2271.8642578125], [0.20080535113811493, 0.9796311855316162, 0.0, -1365.701904296875], [0.0, 0.0, 1.0, 0.0], [0.0, 0.0, 0.0, 1.0]], "cam_ids": [0, 1, 2, 3, 4, 5], "cam_channels": ["CAM_FRONT_LEFT", "CAM_FRONT", "CAM_FRONT_RIGHT", "CAM_BACK_LEFT", "CAM_BACK", "CAM_BACK_RIGHT"], "token": "b9cf9c6bd43643dbb57f96b022b92e2f", "scene": "scene-0076"}, {"images": ["samples/CAM_FRONT_LEFT/n008-2018-08-01-15-52-19-0400__CAM_FRONT_LEFT__1533153748654799.jpg", "samples/CAM_FRONT/n008-2018-08-01-15-52-19-0400__CAM_FRONT__1533153748662404.jpg", "samples/CAM_FRONT_RIGHT/n008-2018-08-01-15-52-19-0400__CAM_FRONT_RIGHT__1533153748670482.jpg", "samples/CAM_BACK_LEFT/n008-2018-08-01-15-52-19-0400__CAM_BACK_LEFT__1533153748697405.jpg", "samples/CAM_BACK/n008-2018-08-01-15-52-19-0400__CAM_BACK__1533153748687558.jpg", "samples/CAM_BACK_RIGHT/n008-2018-08-01-15-52-19-0400__CAM_BACK_RIGHT__1533153748678113.jpg"], "intrinsics": [[[1257.8625342125129, 0.0, 827.2410631095686], [0.0, 1257.8625342125129, 450.915498205774], [0.0, 0.0, 1.0]], [[1252.8131021185304, 0.0, 826.588114781398], [0.0, 1252.8131021185304, 469.9846626224581], [0.0, 0.0, 1.0]], [[1256.7485116440405, 0.0, 817.7887570959712], [0.0, 1256.7485116440403, 451.9541780095127], [0.0, 0.0, 1.0]], [[1254.9860565800168, 0.0, 829.5769333630991], [0.0, 1254.9860565800168, 467.1680561863987], [0.0, 0.0, 1.0]], [[796.8910634503094, 0.0, 857.7774326863696], [0.0, 796.8910634503094, 476.8848988407415], [0.0, 0.0, 1.0]], [[1249.9629280788233, 0.0, 825.3768045375984], [0.0, 1249.9629280788233, 462.54816385708756], [0.0, 0.0, 1.0]]], "extrinsics": [[[0.827242910861969, -0.5618273615837097, 0.0043852017261087894, -0.748046875], [0.013638385571539402, 0.012277429923415184, -0.9998315572738647, 1.4925651550292969], [0.5616788864135742, 0.8271635174751282, 0.017818832769989967, -1.1572265625], [0.0, 0.0, 0.0, 1.0]], [[0.01717715710401535, -0.9998232126235962, -0.0076511395163834095, 0.0087890625], [0.0156906396150589, 0.007920880801975727, -0.9998455047607422, 1.48419189453125], [0.999729335308075, 0.01705443300306797, 0.01582392118871212, -1.47900390625], [0.0, 0.0, 0.0, 1.0]], [[-0.8410112857818604, -0.5406669974327087, -0.019474362954497337, 0.924560546875], [0.023798635229468346, -0.0010100166546180844, -0.9997162222862244, 1.4977607727050781], [0.540493905544281, -0.8412361145019531, 0.013716571033000946, -1.1716766357421875], [0.0, 0.0, 0.0, 1.0]], [[0.9478687644004822, 0.3186494708061218, 0.0027355134952813387, -1.1435546875], [-0.0016153655014932156, 0.013389065861701965, -0.9999090433120728, 1.5620460510253906], [-0.31865713000297546, 0.9477779865264893, 0.013205811381340027, -0.15625], [0.0, 0.0, 0.0, 1.0]], [[0.007204261142760515, 0.9999557137489319, 0.006057261489331722, -0.0279541015625], [0.0004943720414303243, 0.006053856108337641, -0.9999815225601196, 1.5680980682373047], [-0.9999739527702332, 0.0072070881724357605, -0.00045073701767250896, -0.028076171875], [0.0, 0.0, 0.0, 1.0]], [[-0.9251335859298706, 0.3794923722743988, -0.010648805648088455, 1.0301513671875], [0.004778511356562376, -0.01640741527080536, -0.9998539090156555, 1.548478126525879], [-0.37961164116859436, -0.925049364566803, 0.013365642167627811, -0.097900390625], [0.0, 0.0, 0.0, 1.0]]], "view": [[0.0, -2.0, 100.0], [-2.0, 0.0, 100.0], [0.0, 0.0, 1.0]], "bev": "bev_e41404a0197e46d8bdb654ba93627cdb.png", "aux": "aux_e41404a0197e46d8bdb654ba93627cdb.npz", "visibility": "visibility_e41404a0197e46d8bdb654ba93627cdb.png", "pose": [[0.9556568264961243, 0.29448264837265015, 0.0, 2503.3623046875], [-0.29448264837265015, 0.9556568264961243, 0.0, 880.7730712890625], [0.0, 0.0, 1.0, 0.0], [0.0, 0.0, 0.0, 1.0]], "pose_inverse": [[0.9556568264961243, -0.29448264837265015, 0.0, -2132.98291015625], [0.29448264837265015, 0.9556568264961243, 0.0, -1578.91357421875], [0.0, 0.0, 1.0, 0.0], [0.0, 0.0, 0.0, 1.0]], "cam_ids": [0, 1, 2, 3, 4, 5], "cam_channels": ["CAM_FRONT_LEFT", "CAM_FRONT", "CAM_FRONT_RIGHT", "CAM_BACK_LEFT", "CAM_BACK", "CAM_BACK_RIGHT"], "token": "e41404a0197e46d8bdb654ba93627cdb", "scene": "scene-0076"}, {"images": ["samples/CAM_FRONT_LEFT/n008-2018-08-01-15-52-19-0400__CAM_FRONT_LEFT__1533153749154799.jpg", "samples/CAM_FRONT/n008-2018-08-01-15-52-19-0400__CAM_FRONT__1533153749162404.jpg", "samples/CAM_FRONT_RIGHT/n008-2018-08-01-15-52-19-0400__CAM_FRONT_RIGHT__1533153749170482.jpg", "samples/CAM_BACK_LEFT/n008-2018-08-01-15-52-19-0400__CAM_BACK_LEFT__1533153749197405.jpg", "samples/CAM_BACK/n008-2018-08-01-15-52-19-0400__CAM_BACK__1533153749187558.jpg", "samples/CAM_BACK_RIGHT/n008-2018-08-01-15-52-19-0400__CAM_BACK_RIGHT__1533153749178113.jpg"], "intrinsics": [[[1257.8625342125129, 0.0, 827.2410631095686], [0.0, 1257.8625342125129, 450.915498205774], [0.0, 0.0, 1.0]], [[1252.8131021185304, 0.0, 826.588114781398], [0.0, 1252.8131021185304, 469.9846626224581], [0.0, 0.0, 1.0]], [[1256.7485116440405, 0.0, 817.7887570959712], [0.0, 1256.7485116440403, 451.9541780095127], [0.0, 0.0, 1.0]], [[1254.9860565800168, 0.0, 829.5769333630991], [0.0, 1254.9860565800168, 467.1680561863987], [0.0, 0.0, 1.0]], [[796.8910634503094, 0.0, 857.7774326863696], [0.0, 796.8910634503094, 476.8848988407415], [0.0, 0.0, 1.0]], [[1249.9629280788233, 0.0, 825.3768045375984], [0.0, 1249.9629280788233, 462.54816385708756], [0.0, 0.0, 1.0]]], "extrinsics": [[[0.827390730381012, -0.5616084933280945, 0.0045187515206635, -0.76348876953125], [0.012366404756903648, 0.01017377246171236, -0.9998717308044434, 1.49188232421875], [0.5614905953407288, 0.8273405432701111, 0.015362762846052647, -1.170654296875], [0.0, 0.0, 0.0, 1.0]], [[0.01734483614563942, -0.9998315572738647, -0.006006109062582254, 0.0108642578125], [0.014411361888051033, 0.006256384309381247, -0.9998765587806702, 1.4835968017578125], [0.9997456073760986, 0.017256135120987892, 0.014517450705170631, -1.4959716796875], [0.0, 0.0, 0.0, 1.0]], [[-0.8409671783447266, -0.540795624256134, -0.017726436257362366, 0.93701171875], [0.022529451176524162, -0.0022645164281129837, -0.9997435808181763, 1.4972038269042969], [0.5406168699264526, -0.8411509990692139, 0.014088213443756104, -1.17742919921875], [0.0, 0.0, 0.0, 1.0]], [[0.9478878974914551, 0.31860020756721497, 0.0015671747969463468, -1.144775390625], [-0.0026995758526027203, 0.012950189411640167, -0.9999125003814697, 1.5620460510253906], [-0.3185926079750061, 0.9478006958961487, 0.013135413639247417, -0.1558837890625], [0.0, 0.0, 0.0, 1.0]], [[0.007192973047494888, 0.9999595284461975, 0.005404676776379347, -0.0289306640625], [-0.0006230736616998911, 0.005409297067672014, -0.9999851584434509, 1.5680155754089355], [-0.9999739527702332, 0.007189514581114054, 0.0006619565538130701, -0.0223388671875], [0.0, 0.0, 0.0, 1.0]], [[-0.9251747727394104, 0.3794119358062744, -0.009901080280542374, 1.0391845703125], [0.0035851015709340572, -0.017349690198898315, -0.9998430609703064, 1.5483016967773438], [-0.3795241117477417, -0.9250651001930237, 0.014691269025206566, -0.092529296875], [0.0, 0.0, 0.0, 1.0]]], "view": [[0.0, -2.0, 100.0], [-2.0, 0.0, 100.0], [0.0, 0.0, 1.0]], "bev": "bev_d68a77aecb344f8daece8b4f49952309.png", "aux": "aux_d68a77aecb344f8daece8b4f49952309.npz", "visibility": "visibility_d68a77aecb344f8daece8b4f49952309.png", "pose": [[0.921379566192627, 0.3886639177799225, 0.0, 2506.702880859375], [-0.3886639177799225, 0.921379566192627, 0.0, 879.53662109375], [0.0, 0.0, 1.0, 0.0], [0.0, 0.0, 0.0, 1.0]], "pose_inverse": [[0.921379566192627, -0.3886639177799225, 0.0, -1967.78076171875], [0.3886639177799225, 0.921379566192627, 0.0, -1784.652099609375], [0.0, 0.0, 1.0, 0.0], [0.0, 0.0, 0.0, 1.0]], "cam_ids": [0, 1, 2, 3, 4, 5], "cam_channels": ["CAM_FRONT_LEFT", "CAM_FRONT", "CAM_FRONT_RIGHT", "CAM_BACK_LEFT", "CAM_BACK", "CAM_BACK_RIGHT"], "token": "d68a77aecb344f8daece8b4f49952309", "scene": "scene-0076"}, {"images": ["samples/CAM_FRONT_LEFT/n008-2018-08-01-15-52-19-0400__CAM_FRONT_LEFT__1533153749654799.jpg", "samples/CAM_FRONT/n008-2018-08-01-15-52-19-0400__CAM_FRONT__1533153749662404.jpg", "samples/CAM_FRONT_RIGHT/n008-2018-08-01-15-52-19-0400__CAM_FRONT_RIGHT__1533153749670482.jpg", "samples/CAM_BACK_LEFT/n008-2018-08-01-15-52-19-0400__CAM_BACK_LEFT__1533153749697405.jpg", "samples/CAM_BACK/n008-2018-08-01-15-52-19-0400__CAM_BACK__1533153749687558.jpg", "samples/CAM_BACK_RIGHT/n008-2018-08-01-15-52-19-0400__CAM_BACK_RIGHT__1533153749678113.jpg"], "intrinsics": [[[1257.8625342125129, 0.0, 827.2410631095686], [0.0, 1257.8625342125129, 450.915498205774], [0.0, 0.0, 1.0]], [[1252.8131021185304, 0.0, 826.588114781398], [0.0, 1252.8131021185304, 469.9846626224581], [0.0, 0.0, 1.0]], [[1256.7485116440405, 0.0, 817.7887570959712], [0.0, 1256.7485116440403, 451.9541780095127], [0.0, 0.0, 1.0]], [[1254.9860565800168, 0.0, 829.5769333630991], [0.0, 1254.9860565800168, 467.1680561863987], [0.0, 0.0, 1.0]], [[796.8910634503094, 0.0, 857.7774326863696], [0.0, 796.8910634503094, 476.8848988407415], [0.0, 0.0, 1.0]], [[1249.9629280788233, 0.0, 825.3768045375984], [0.0, 1249.9629280788233, 462.54816385708756], [0.0, 0.0, 1.0]]], "extrinsics": [[[0.8270062208175659, -0.5619358420372009, -0.016997184604406357, -0.769195556640625], [-0.011421604081988335, 0.013433569110929966, -0.9998445510864258, 1.4850387573242188], [0.56207674741745, 0.8270716667175293, 0.004691435024142265, -1.1728515625], [0.0, 0.0, 0.0, 1.0]], [[0.016825079917907715, -0.999813437461853, -0.00948371272534132, 0.009521484375], [-0.009680330753326416, 0.009321722202003002, -0.9999096989631653, 1.4778903722763062], [0.9998115301132202, 0.01691536046564579, -0.009521684609353542, -1.50048828125], [0.0, 0.0, 0.0, 1.0]], [[-0.8412989377975464, -0.5405686497688293, 0.0012360489927232265, 0.939697265625], [-0.0019397168653085828, 0.0007322580786421895, -0.9999978542327881, 1.4927232265472412], [0.5405665636062622, -0.8412995338439941, -0.0016645988216623664, -1.17974853515625], [0.0, 0.0, 0.0, 1.0]], [[0.9474018216133118, 0.31935521960258484, -0.021026141941547394, -1.144287109375], [-0.02786799520254135, 0.01686900481581688, -0.9994692206382751, 1.5620746612548828], [-0.31883105635643005, 0.9474849104881287, 0.0248815156519413, -0.1552734375], [0.0, 0.0, 0.0, 1.0]], [[0.007052870467305183, 0.9999374151229858, 0.008688733913004398, -0.0283203125], [-0.025589853525161743, 0.008866583928465843, -0.9996331930160522, 1.5663871765136719], [-0.9996476173400879, 0.00682796211913228, 0.025650788098573685, -0.0208740234375], [0.0, 0.0, 0.0, 1.0]], [[-0.9250760674476624, 0.3795185685157776, 0.014137782156467438, 1.04119873046875], [-0.02110152132809162, -0.014195100404322147, -0.999676525592804, 1.5451126098632812], [-0.3791951537132263, -0.925075113773346, 0.021139970049262047, -0.091796875], [0.0, 0.0, 0.0, 1.0]]], "view": [[0.0, -2.0, 100.0], [-2.0, 0.0, 100.0], [0.0, 0.0, 1.0]], "bev": "bev_635c71b91aaa4a5b9dd9b1ac32a1ac6f.png", "aux": "aux_635c71b91aaa4a5b9dd9b1ac32a1ac6f.npz", "visibility": "visibility_635c71b91aaa4a5b9dd9b1ac32a1ac6f.png", "pose": [[0.8788232803344727, 0.47714734077453613, 0.0, 2509.758544921875], [-0.47714734077453613, 0.8788232803344727, 0.0, 878.0526123046875], [0.0, 0.0, 1.0, 0.0], [0.0, 0.0, 0.0, 1.0]], "pose_inverse": [[0.8788232803344727, -0.47714734077453613, 0.0, -1786.673828125], [0.47714734077453613, 0.8788232803344727, 0.0, -1969.177734375], [0.0, 0.0, 1.0, 0.0], [0.0, 0.0, 0.0, 1.0]], "cam_ids": [0, 1, 2, 3, 4, 5], "cam_channels": ["CAM_FRONT_LEFT", "CAM_FRONT", "CAM_FRONT_RIGHT", "CAM_BACK_LEFT", "CAM_BACK", "CAM_BACK_RIGHT"], "token": "635c71b91aaa4a5b9dd9b1ac32a1ac6f", "scene": "scene-0076"}, {"images": ["samples/CAM_FRONT_LEFT/n008-2018-08-01-15-52-19-0400__CAM_FRONT_LEFT__1533153750154799.jpg", "samples/CAM_FRONT/n008-2018-08-01-15-52-19-0400__CAM_FRONT__1533153750162404.jpg", "samples/CAM_FRONT_RIGHT/n008-2018-08-01-15-52-19-0400__CAM_FRONT_RIGHT__1533153750170482.jpg", "samples/CAM_BACK_LEFT/n008-2018-08-01-15-52-19-0400__CAM_BACK_LEFT__1533153750197405.jpg", "samples/CAM_BACK/n008-2018-08-01-15-52-19-0400__CAM_BACK__1533153750187558.jpg", "samples/CAM_BACK_RIGHT/n008-2018-08-01-15-52-19-0400__CAM_BACK_RIGHT__1533153750178113.jpg"], "intrinsics": [[[1257.8625342125129, 0.0, 827.2410631095686], [0.0, 1257.8625342125129, 450.915498205774], [0.0, 0.0, 1.0]], [[1252.8131021185304, 0.0, 826.588114781398], [0.0, 1252.8131021185304, 469.9846626224581], [0.0, 0.0, 1.0]], [[1256.7485116440405, 0.0, 817.7887570959712], [0.0, 1256.7485116440403, 451.9541780095127], [0.0, 0.0, 1.0]], [[1254.9860565800168, 0.0, 829.5769333630991], [0.0, 1254.9860565800168, 467.1680561863987], [0.0, 0.0, 1.0]], [[796.8910634503094, 0.0, 857.7774326863696], [0.0, 796.8910634503094, 476.8848988407415], [0.0, 0.0, 1.0]], [[1249.9629280788233, 0.0, 825.3768045375984], [0.0, 1249.9629280788233, 462.54816385708756], [0.0, 0.0, 1.0]]], "extrinsics": [[[0.8271921277046204, -0.5618927478790283, -0.005463657435029745, -0.7740402221679688], [0.011838298290967941, 0.027147188782691956, -0.9995613694190979, 1.4915542602539062], [0.5617945790290833, 0.8267646431922913, 0.02910779044032097, -1.177734375], [0.0, 0.0, 0.0, 1.0]], [[0.01709796115756035, -0.9995954632759094, -0.022731568664312363, 0.010498046875], [0.013657142408192158, 0.022966256365180016, -0.9996429681777954, 1.4832687377929688], [0.9997605681419373, 0.016781436279416084, 0.014044291339814663, -1.5052490234375], [0.0, 0.0, 0.0, 1.0]], [[-0.841067910194397, -0.5403159260749817, -0.025760812684893608, 0.94189453125], [0.021527206525206566, 0.014151758514344692, -0.9996680617332458, 1.4968795776367188], [0.5405011177062988, -0.8413432836532593, -0.00027109740767627954, -1.180419921875], [0.0, 0.0, 0.0, 1.0]], [[0.9478265643119812, 0.3187532424926758, 0.0046108197420835495, -1.138916015625], [-0.0043859039433300495, 0.027501238510012627, -0.9996121525764465, 1.5620155334472656], [-0.3187563717365265, 0.947438657283783, 0.027464421465992928, -0.157958984375], [0.0, 0.0, 0.0, 1.0]], [[0.007153669837862253, 0.9997591972351074, 0.020747309550642967, -0.028564453125], [-0.0021117492578923702, 0.02076289802789688, -0.9997822046279907, 1.5679130554199219], [-0.9999722242355347, 0.007108177989721298, 0.0022597690112888813, -0.02392578125], [0.0, 0.0, 0.0, 1.0]], [[-0.9251599311828613, 0.37956807017326355, -0.0026938128285109997, 1.04144287109375], [0.002354982076212764, -0.0013569840230047703, -0.9999963045120239, 1.5481140613555908], [-0.37957027554512024, -0.9251628518104553, 0.00036155112320557237, -0.091796875], [0.0, 0.0, 0.0, 1.0]]], "view": [[0.0, -2.0, 100.0], [-2.0, 0.0, 100.0], [0.0, 0.0, 1.0]], "bev": "bev_42a363d665034f31a1b0918abc4b58ff.png", "aux": "aux_42a363d665034f31a1b0918abc4b58ff.npz", "visibility": "visibility_42a363d665034f31a1b0918abc4b58ff.png", "pose": [[0.8305028676986694, 0.5570144057273865, 0.0, 2512.58740234375], [-0.5570144057273865, 0.8305028676986694, 0.0, 876.3270263671875], [0.0, 0.0, 1.0, 0.0], [0.0, 0.0, 0.0, 1.0]], "pose_inverse": [[0.8305028676986694, -0.5570144057273865, 0.0, -1598.584228515625], [0.5570144057273865, 0.8305028676986694, 0.0, -2127.33935546875], [0.0, 0.0, 1.0, 0.0], [0.0, 0.0, 0.0, 1.0]], "cam_ids": [0, 1, 2, 3, 4, 5], "cam_channels": ["CAM_FRONT_LEFT", "CAM_FRONT", "CAM_FRONT_RIGHT", "CAM_BACK_LEFT", "CAM_BACK", "CAM_BACK_RIGHT"], "token": "42a363d665034f31a1b0918abc4b58ff", "scene": "scene-0076"}, {"images": ["samples/CAM_FRONT_LEFT/n008-2018-08-01-15-52-19-0400__CAM_FRONT_LEFT__1533153750604799.jpg", "samples/CAM_FRONT/n008-2018-08-01-15-52-19-0400__CAM_FRONT__1533153750612404.jpg", "samples/CAM_FRONT_RIGHT/n008-2018-08-01-15-52-19-0400__CAM_FRONT_RIGHT__1533153750620492.jpg", "samples/CAM_BACK_LEFT/n008-2018-08-01-15-52-19-0400__CAM_BACK_LEFT__1533153750647495.jpg", "samples/CAM_BACK/n008-2018-08-01-15-52-19-0400__CAM_BACK__1533153750637558.jpg", "samples/CAM_BACK_RIGHT/n008-2018-08-01-15-52-19-0400__CAM_BACK_RIGHT__1533153750628113.jpg"], "intrinsics": [[[1257.8625342125129, 0.0, 827.2410631095686], [0.0, 1257.8625342125129, 450.915498205774], [0.0, 0.0, 1.0]], [[1252.8131021185304, 0.0, 826.588114781398], [0.0, 1252.8131021185304, 469.9846626224581], [0.0, 0.0, 1.0]], [[1256.7485116440405, 0.0, 817.7887570959712], [0.0, 1256.7485116440403, 451.9541780095127], [0.0, 0.0, 1.0]], [[1254.9860565800168, 0.0, 829.5769333630991], [0.0, 1254.9860565800168, 467.1680561863987], [0.0, 0.0, 1.0]], [[796.8910634503094, 0.0, 857.7774326863696], [0.0, 796.8910634503094, 476.8848988407415], [0.0, 0.0, 1.0]], [[1249.9629280788233, 0.0, 825.3768045375984], [0.0, 1249.9629280788233, 462.54816385708756], [0.0, 0.0, 1.0]]], "extrinsics": [[[0.8268811702728271, -0.5623417496681213, -0.006276636850088835, -0.788818359375], [0.0031820647418498993, 0.01583913527429104, -0.9998694658279419, 1.4891357421875], [0.5623677372932434, 0.8267533183097839, 0.014886490069329739, -1.185302734375], [0.0, 0.0, 0.0, 1.0]], [[0.01646394096314907, -0.9997975826263428, -0.011564444750547409, 0.008544921875], [0.005281072109937668, 0.011652803979814053, -0.9999181628227234, 1.4813041687011719], [0.9998505115509033, 0.016401460394263268, 0.005471854005008936, -1.520263671875], [0.0, 0.0, 0.0, 1.0]], [[-0.8414666652679443, -0.5401550531387329, -0.012900088913738728, 0.951904296875], [0.013463076204061508, 0.0029068253934383392, -0.9999051094055176, 1.495290756225586], [0.5401413440704346, -0.8415604829788208, 0.004826151765882969, -1.1890869140625], [0.0, 0.0, 0.0, 1.0]], [[0.9480706453323364, 0.3180106282234192, -0.005594111979007721, -1.146728515625], [-0.011684367433190346, 0.017246931791305542, -0.9997829794883728, 1.5620899200439453], [-0.3178451955318451, 0.9479302763938904, 0.020067062228918076, -0.154541015625], [0.0, 0.0, 0.0, 1.0]], [[0.00758473202586174, 0.9999211430549622, 0.010016032494604588, -0.028076171875], [-0.0096635352820158, 0.010089147835969925, -0.9999023675918579, 1.567492961883545], [-0.9999246001243591, 0.007487189024686813, 0.00973929651081562, -0.014892578125], [0.0, 0.0, 0.0, 1.0]], [[-0.9250320196151733, 0.3798888027667999, 0.0003836472751572728, 1.05224609375], [-0.005481423810124397, -0.012337506748735905, -0.9999088644981384, 1.5471649169921875], [-0.3798494338989258, -0.9249499440193176, 0.013494920916855335, -0.088623046875], [0.0, 0.0, 0.0, 1.0]]], "view": [[0.0, -2.0, 100.0], [-2.0, 0.0, 100.0], [0.0, 0.0, 1.0]], "bev": "bev_ac90c831ef434eba8f42ba25ff3e08e7.png", "aux": "aux_ac90c831ef434eba8f42ba25ff3e08e7.npz", "visibility": "visibility_ac90c831ef434eba8f42ba25ff3e08e7.png", "pose": [[0.7839070558547974, 0.6208782196044922, 0.0, 2514.847900390625], [-0.6208782196044922, 0.7839070558547974, 0.0, 874.6669921875], [0.0, 0.0, 1.0, 0.0], [0.0, 0.0, 0.0, 1.0]], "pose_inverse": [[0.7839070558547974, -0.6208782196044922, 0.0, -1428.3453369140625], [0.6208782196044922, 0.7839070558547974, 0.0, -2247.07177734375], [0.0, 0.0, 1.0, 0.0], [0.0, 0.0, 0.0, 1.0]], "cam_ids": [0, 1, 2, 3, 4, 5], "cam_channels": ["CAM_FRONT_LEFT", "CAM_FRONT", "CAM_FRONT_RIGHT", "CAM_BACK_LEFT", "CAM_BACK", "CAM_BACK_RIGHT"], "token": "ac90c831ef434eba8f42ba25ff3e08e7", "scene": "scene-0076"}, {"images": ["samples/CAM_FRONT_LEFT/n008-2018-08-01-15-52-19-0400__CAM_FRONT_LEFT__1533153751104809.jpg", "samples/CAM_FRONT/n008-2018-08-01-15-52-19-0400__CAM_FRONT__1533153751112404.jpg", "samples/CAM_FRONT_RIGHT/n008-2018-08-01-15-52-19-0400__CAM_FRONT_RIGHT__1533153751120482.jpg", "samples/CAM_BACK_LEFT/n008-2018-08-01-15-52-19-0400__CAM_BACK_LEFT__1533153751147405.jpg", "samples/CAM_BACK/n008-2018-08-01-15-52-19-0400__CAM_BACK__1533153751137558.jpg", "samples/CAM_BACK_RIGHT/n008-2018-08-01-15-52-19-0400__CAM_BACK_RIGHT__1533153751128113.jpg"], "intrinsics": [[[1257.8625342125129, 0.0, 827.2410631095686], [0.0, 1257.8625342125129, 450.915498205774], [0.0, 0.0, 1.0]], [[1252.8131021185304, 0.0, 826.588114781398], [0.0, 1252.8131021185304, 469.9846626224581], [0.0, 0.0, 1.0]], [[1256.7485116440405, 0.0, 817.7887570959712], [0.0, 1256.7485116440403, 451.9541780095127], [0.0, 0.0, 1.0]], [[1254.9860565800168, 0.0, 829.5769333630991], [0.0, 1254.9860565800168, 467.1680561863987], [0.0, 0.0, 1.0]], [[796.8910634503094, 0.0, 857.7774326863696], [0.0, 796.8910634503094, 476.8848988407415], [0.0, 0.0, 1.0]], [[1249.9629280788233, 0.0, 825.3768045375984], [0.0, 1249.9629280788233, 462.54816385708756], [0.0, 0.0, 1.0]]], "extrinsics": [[[0.8266637325286865, -0.5626758933067322, -0.004784082528203726, -0.806060791015625], [0.0025602681562304497, 0.012263166718184948, -0.9999215602874756, 1.4889163970947266], [0.5626903772354126, 0.8265866041183472, 0.011578116565942764, -1.197509765625], [0.0, 0.0, 0.0, 1.0]], [[0.01612793281674385, -0.9998365044593811, -0.00817902758717537, 0.008056640625], [0.0045341383665800095, 0.008253141306340694, -0.9999556541442871, 1.4810638427734375], [0.9998596906661987, 0.01609015092253685, 0.004666503053158522, -1.537109375], [0.0, 0.0, 0.0, 1.0]], [[-0.8416202068328857, -0.539969265460968, -0.010425773449242115, 0.962890625], [0.012583117932081223, -0.0003060541348531842, -0.9999207854270935, 1.494978904724121], [0.5399232506752014, -0.8416846990585327, 0.007052077446132898, -1.1959228515625], [0.0, 0.0, 0.0, 1.0]], [[0.9480412602424622, 0.3180699944496155, -0.007017100695520639, -1.14697265625], [-0.012567096389830112, 0.015400423668324947, -0.9998024106025696, 1.562093734741211], [-0.31789907813072205, 0.9479421377182007, 0.018597453832626343, -0.154541015625], [0.0, 0.0, 0.0, 1.0]], [[0.00766349071636796, 0.9999425411224365, 0.007498131133615971, -0.0283203125], [-0.01054417248815298, 0.007578739430755377, -0.9999156594276428, 1.5674943923950195], [-0.9999150633811951, 0.007583724334836006, 0.010601646266877651, -0.009521484375], [0.0, 0.0, 0.0, 1.0]], [[-0.9249574542045593, 0.3800704777240753, 7.908190309535712e-05, 1.0610198974609375], [-0.0063875396735966206, -0.015336977317929268, -0.9998619556427002, 1.547119140625], [-0.3800167441368103, -0.9248303174972534, 0.01661376841366291, -0.08447265625], [0.0, 0.0, 0.0, 1.0]]], "view": [[0.0, -2.0, 100.0], [-2.0, 0.0, 100.0], [0.0, 0.0, 1.0]], "bev": "bev_e0b36d5176c148a3b5d3433b660efbf1.png", "aux": "aux_e0b36d5176c148a3b5d3433b660efbf1.npz", "visibility": "visibility_e0b36d5176c148a3b5d3433b660efbf1.png", "pose": [[0.7196437120437622, 0.6943435072898865, 0.0, 2517.0625], [-0.6943435072898865, 0.7196437120437622, 0.0, 872.7138671875], [0.0, 0.0, 1.0, 0.0], [0.0, 0.0, 0.0, 1.0]], "pose_inverse": [[0.7196437120437622, -0.6943435072898865, 0.0, -1205.425048828125], [0.6943435072898865, 0.7196437120437622, 0.0, -2375.7490234375], [0.0, 0.0, 1.0, 0.0], [0.0, 0.0, 0.0, 1.0]], "cam_ids": [0, 1, 2, 3, 4, 5], "cam_channels": ["CAM_FRONT_LEFT", "CAM_FRONT", "CAM_FRONT_RIGHT", "CAM_BACK_LEFT", "CAM_BACK", "CAM_BACK_RIGHT"], "token": "e0b36d5176c148a3b5d3433b660efbf1", "scene": "scene-0076"}, {"images": ["samples/CAM_FRONT_LEFT/n008-2018-08-01-15-52-19-0400__CAM_FRONT_LEFT__1533153751604799.jpg", "samples/CAM_FRONT/n008-2018-08-01-15-52-19-0400__CAM_FRONT__1533153751612404.jpg", "samples/CAM_FRONT_RIGHT/n008-2018-08-01-15-52-19-0400__CAM_FRONT_RIGHT__1533153751620482.jpg", "samples/CAM_BACK_LEFT/n008-2018-08-01-15-52-19-0400__CAM_BACK_LEFT__1533153751647405.jpg", "samples/CAM_BACK/n008-2018-08-01-15-52-19-0400__CAM_BACK__1533153751637558.jpg", "samples/CAM_BACK_RIGHT/n008-2018-08-01-15-52-19-0400__CAM_BACK_RIGHT__1533153751628113.jpg"], "intrinsics": [[[1257.8625342125129, 0.0, 827.2410631095686], [0.0, 1257.8625342125129, 450.915498205774], [0.0, 0.0, 1.0]], [[1252.8131021185304, 0.0, 826.588114781398], [0.0, 1252.8131021185304, 469.9846626224581], [0.0, 0.0, 1.0]], [[1256.7485116440405, 0.0, 817.7887570959712], [0.0, 1256.7485116440403, 451.9541780095127], [0.0, 0.0, 1.0]], [[1254.9860565800168, 0.0, 829.5769333630991], [0.0, 1254.9860565800168, 467.1680561863987], [0.0, 0.0, 1.0]], [[796.8910634503094, 0.0, 857.7774326863696], [0.0, 796.8910634503094, 476.8848988407415], [0.0, 0.0, 1.0]], [[1249.9629280788233, 0.0, 825.3768045375984], [0.0, 1249.9629280788233, 462.54816385708756], [0.0, 0.0, 1.0]]], "extrinsics": [[[0.8272515535354614, -0.5617808699607849, -0.007558992598205805, -0.79840087890625], [8.830423757899553e-05, 0.013584203086793423, -0.9999076724052429, 1.4883270263671875], [0.5618317127227783, 0.8271746039390564, 0.011287159286439419, -1.19140625], [0.0, 0.0, 0.0, 1.0]], [[0.016972359269857407, -0.9998100996017456, -0.009575027972459793, 0.0078125], [0.002042951760813594, 0.009611065499484539, -0.9999517202377319, 1.4805984497070312], [0.9998539090156555, 0.01695200242102146, 0.0022056852467358112, -1.529541015625], [0.0, 0.0, 0.0, 1.0]], [[-0.8412962555885315, -0.5404981970787048, -0.009065745398402214, 0.958251953125], [0.010072709061205387, 0.001093706930987537, -0.9999486804008484, 1.4946556091308594], [0.5404804348945618, -0.84134441614151, 0.0045241499319672585, -1.193115234375], [0.0, 0.0, 0.0, 1.0]], [[0.9479538202285767, 0.3182753324508667, -0.009191948920488358, -1.14599609375], [-0.01536377239972353, 0.016886616125702858, -0.999739408493042, 1.5620899200439453], [-0.3180371820926666, 0.9478479027748108, 0.02089764177799225, -0.155029296875], [0.0, 0.0, 0.0, 1.0]], [[0.007464675698429346, 0.999932050704956, 0.008960193023085594, -0.02783203125], [-0.013271101750433445, 0.009058717638254166, -0.9998708963394165, 1.5673284530639648], [-0.9998840689659119, 0.007344858255237341, 0.013337819837033749, -0.01123046875], [0.0, 0.0, 0.0, 1.0]], [[-0.925125777721405, 0.3796485662460327, 0.0030217403545975685, 1.0575065612792969], [-0.008974017575383186, -0.013909625820815563, -0.9998629689216614, 1.5468025207519531], [-0.37955451011657715, -0.9250261783599854, 0.016275128349661827, -0.08642578125], [0.0, 0.0, 0.0, 1.0]]], "view": [[0.0, -2.0, 100.0], [-2.0, 0.0, 100.0], [0.0, 0.0, 1.0]], "bev": "bev_12e3abab10ce43bd96ef1fbff23bbe6f.png", "aux": "aux_12e3abab10ce43bd96ef1fbff23bbe6f.npz", "visibility": "visibility_12e3abab10ce43bd96ef1fbff23bbe6f.png", "pose": [[0.6464032530784607, 0.7629959583282471, 0.0, 2519.095458984375], [-0.7629959583282471, 0.6464032530784607, 0.0, 870.5404663085938], [0.0, 0.0, 1.0, 0.0], [0.0, 0.0, 0.0, 1.0]], "pose_inverse": [[0.6464032530784607, -0.7629959583282471, 0.0, -964.1326904296875], [0.7629959583282471, 0.6464032530784607, 0.0, -2484.77978515625], [0.0, 0.0, 1.0, 0.0], [0.0, 0.0, 0.0, 1.0]], "cam_ids": [0, 1, 2, 3, 4, 5], "cam_channels": ["CAM_FRONT_LEFT", "CAM_FRONT", "CAM_FRONT_RIGHT", "CAM_BACK_LEFT", "CAM_BACK", "CAM_BACK_RIGHT"], "token": "12e3abab10ce43bd96ef1fbff23bbe6f", "scene": "scene-0076"}, {"images": ["samples/CAM_FRONT_LEFT/n008-2018-08-01-15-52-19-0400__CAM_FRONT_LEFT__1533153752104799.jpg", "samples/CAM_FRONT/n008-2018-08-01-15-52-19-0400__CAM_FRONT__1533153752112404.jpg", "samples/CAM_FRONT_RIGHT/n008-2018-08-01-15-52-19-0400__CAM_FRONT_RIGHT__1533153752120482.jpg", "samples/CAM_BACK_LEFT/n008-2018-08-01-15-52-19-0400__CAM_BACK_LEFT__1533153752147461.jpg", "samples/CAM_BACK/n008-2018-08-01-15-52-19-0400__CAM_BACK__1533153752137558.jpg", "samples/CAM_BACK_RIGHT/n008-2018-08-01-15-52-19-0400__CAM_BACK_RIGHT__1533153752128113.jpg"], "intrinsics": [[[1257.8625342125129, 0.0, 827.2410631095686], [0.0, 1257.8625342125129, 450.915498205774], [0.0, 0.0, 1.0]], [[1252.8131021185304, 0.0, 826.588114781398], [0.0, 1252.8131021185304, 469.9846626224581], [0.0, 0.0, 1.0]], [[1256.7485116440405, 0.0, 817.7887570959712], [0.0, 1256.7485116440403, 451.9541780095127], [0.0, 0.0, 1.0]], [[1254.9860565800168, 0.0, 829.5769333630991], [0.0, 1254.9860565800168, 467.1680561863987], [0.0, 0.0, 1.0]], [[796.8910634503094, 0.0, 857.7774326863696], [0.0, 796.8910634503094, 476.8848988407415], [0.0, 0.0, 1.0]], [[1249.9629280788233, 0.0, 825.3768045375984], [0.0, 1249.9629280788233, 462.54816385708756], [0.0, 0.0, 1.0]]], "extrinsics": [[[0.827602207660675, -0.5613034963607788, -0.0036244988441467285, -0.793701171875], [0.0069346860982477665, 0.016680939123034477, -0.999836802482605, 1.4900627136230469], [0.5612722635269165, 0.827441930770874, 0.017697645351290703, -1.190185546875], [0.0, 0.0, 0.0, 1.0]], [[0.01748599484562874, -0.9997681975364685, -0.012561382725834846, 0.009033203125], [0.00901617668569088, 0.012720460072159767, -0.999878466129303, 1.4820556640625], [0.9998063445091248, 0.017370620742440224, 0.009236516430974007, -1.524658203125], [0.0, 0.0, 0.0, 1.0]], [[-0.8410234451293945, -0.5407397747039795, -0.01673252508044243, 0.954345703125], [0.017180291935801506, 0.004218067973852158, -0.9998434782028198, 1.4958553314208984], [0.5407257080078125, -0.8411794304847717, 0.0057425727136433125, -1.190185546875], [0.0, 0.0, 0.0, 1.0]], [[0.9480006694793701, 0.31826525926589966, -0.0014034296618774533, -1.144775390625], [-0.008119544014334679, 0.019776660948991776, -0.9997714757919312, 1.5620574951171875], [-0.31816479563713074, 0.9477953314781189, 0.021332457661628723, -0.1552734375], [0.0, 0.0, 0.0, 1.0]], [[0.007240683771669865, 0.9999018907546997, 0.011989462189376354, -0.028564453125], [-0.005986045580357313, 0.012032902799546719, -0.9999096393585205, 1.567708969116211], [-0.9999558329582214, 0.007168276235461235, 0.006072585936635733, -0.01434326171875], [0.0, 0.0, 0.