[{"images": ["samples/CAM_FRONT_LEFT/n015-2018-11-21-19-38-26+0800__CAM_FRONT_LEFT__1542800527904844.jpg", "samples/CAM_FRONT/n015-2018-11-21-19-38-26+0800__CAM_FRONT__1542800527912460.jpg", "samples/CAM_FRONT_RIGHT/n015-2018-11-21-19-38-26+0800__CAM_FRONT_RIGHT__1542800527920339.jpg", "samples/CAM_BACK_LEFT/n015-2018-11-21-19-38-26+0800__CAM_BACK_LEFT__1542800527947423.jpg", "samples/CAM_BACK/n015-2018-11-21-19-38-26+0800__CAM_BACK__1542800527937525.jpg", "samples/CAM_BACK_RIGHT/n015-2018-11-21-19-38-26+0800__CAM_BACK_RIGHT__1542800527927893.jpg"], "intrinsics": [[[1272.5979470598488, 0.0, 826.6154927353808], [0.0, 1272.5979470598488, 479.75165386361925], [0.0, 0.0, 1.0]], [[1266.417203046554, 0.0, 816.2670197447984], [0.0, 1266.417203046554, 491.50706579294757], [0.0, 0.0, 1.0]], [[1260.8474446004698, 0.0, 807.968244525554], [0.0, 1260.8474446004698, 495.3344268742088], [0.0, 0.0, 1.0]], [[1256.7414812095406, 0.0, 792.1125740759628], [0.0, 1256.7414812095406, 492.7757465151356], [0.0, 0.0, 1.0]], [[809.2209905677063, 0.0, 829.2196003259838], [0.0, 809.2209905677063, 481.77842384512485], [0.0, 0.0, 1.0]], [[1259.5137405846733, 0.0, 807.2529053838625], [0.0, 1259.5137405846733, 501.19579884916527], [0.0, 0.0, 1.0]]], "extrinsics": [[[0.8257468938827515, -0.5640092492103577, -0.005975639913231134, -0.78076171875], [-0.017150891944766045, -0.014517782256007195, -0.9997475147247314, 1.5041675567626953], [0.5637800693511963, 0.8256409168243408, -0.021661272272467613, -1.1429443359375], [0.0, 0.0, 0.0, 1.0]], [[0.013095076195895672, -0.999743640422821, 0.018472418189048767, -0.001708984375], [-0.02257145382463932, -0.01876484788954258, -0.9995691180229187, 1.516143798828125], [0.9996594786643982, 0.012672464363276958, -0.022811390459537506, -1.5054512023925781], [0.0, 0.0, 0.0, 1.0]], [[-0.8297631144523621, -0.557908296585083, 0.015215075574815273, 0.9088134765625], [-0.01721074990928173, -0.0016704420559108257, -0.9998504519462585, 1.501175880432129], [0.5578502416610718, -0.8299009799957275, -0.008215946145355701, -1.176513671875], [0.0, 0.0, 0.0, 1.0]], [[0.9479348659515381, 0.3179088830947876, -0.018799662590026855, -1.149658203125], [-0.008789654821157455, -0.03289226442575455, -0.9994202256202698, 1.5883865356445312], [-0.31834298372268677, 0.9475506544113159, -0.02838541567325592, -0.0928955078125], [0.0, 0.0, 0.0, 1.0]], [[0.0006204055389389396, 0.9997453093528748, -0.02256118133664131, 0.0107421875], [-0.03402038663625717, -0.022527022287249565, -0.999167263507843, 1.5776100158691406], [-0.9994209408760071, 0.0013875106815248728, 0.03399774432182312, -0.044101715087890625], [0.0, 0.0, 0.0, 1.0]], [[-0.9363004565238953, 0.35119813680648804, -0.0011425242992118, 1.0440673828125], [-0.0013236984377726912, -0.006782144773751497, -0.9999761581420898, 1.5512628555297852], [-0.35119757056236267, -0.9362766742706299, 0.006815004628151655, -0.1064453125], [0.0, 0.0, 0.0, 1.0]]], "view": [[0.0, -2.0, 100.0], [-2.0, 0.0, 100.0], [0.0, 0.0, 1.0]], "bev": "bev_e2697d1b92664613a8e6ffb7bbeba167.png", "aux": "aux_e2697d1b92664613a8e6ffb7bbeba167.npz", "visibility": "visibility_e2697d1b92664613a8e6ffb7bbeba167.png", "pose": [[0.6861274838447571, 0.7274813652038574, 0.0, 1539.21435546875], [-0.7274813652038574, 0.6861274838447571, 0.0, 1408.613037109375], [0.0, 0.0, 1.0, 0.0], [0.0, 0.0, 0.0, 1.0]], "pose_inverse": [[0.6861274838447571, -0.7274813652038574, 0.0, -31.357545852661133], [0.7274813652038574, 0.6861274838447571, 0.0, -2086.23779296875], [0.0, 0.0, 1.0, 0.0], [0.0, 0.0, 0.0, 1.0]], "cam_ids": [0, 1, 2, 3, 4, 5], "cam_channels": ["CAM_FRONT_LEFT", "CAM_FRONT", "CAM_FRONT_RIGHT", "CAM_BACK_LEFT", "CAM_BACK", "CAM_BACK_RIGHT"], "token": "e2697d1b92664613a8e6ffb7bbeba167", "scene": "scene-1084"}, {"images": ["samples/CAM_FRONT_LEFT/n015-2018-11-21-19-38-26+0800__CAM_FRONT_LEFT__1542800528404844.jpg", "samples/CAM_FRONT/n015-2018-11-21-19-38-26+0800__CAM_FRONT__1542800528412460.jpg", "samples/CAM_FRONT_RIGHT/n015-2018-11-21-19-38-26+0800__CAM_FRONT_RIGHT__1542800528420339.jpg", "samples/CAM_BACK_LEFT/n015-2018-11-21-19-38-26+0800__CAM_BACK_LEFT__1542800528447423.jpg", "samples/CAM_BACK/n015-2018-11-21-19-38-26+0800__CAM_BACK__1542800528437525.jpg", "samples/CAM_BACK_RIGHT/n015-2018-11-21-19-38-26+0800__CAM_BACK_RIGHT__1542800528427893.jpg"], "intrinsics": [[[1272.5979470598488, 0.0, 826.6154927353808], [0.0, 1272.5979470598488, 479.75165386361925], [0.0, 0.0, 1.0]], [[1266.417203046554, 0.0, 816.2670197447984], [0.0, 1266.417203046554, 491.50706579294757], [0.0, 0.0, 1.0]], [[1260.8474446004698, 0.0, 807.968244525554], [0.0, 1260.8474446004698, 495.3344268742088], [0.0, 0.0, 1.0]], [[1256.7414812095406, 0.0, 792.1125740759628], [0.0, 1256.7414812095406, 492.7757465151356], [0.0, 0.0, 1.0]], [[809.2209905677063, 0.0, 829.2196003259838], [0.0, 809.2209905677063, 481.77842384512485], [0.0, 0.0, 1.0]], [[1259.5137405846733, 0.0, 807.2529053838625], [0.0, 1259.5137405846733, 501.19579884916527], [0.0, 0.0, 1.0]]], "extrinsics": [[[0.8258631229400635, -0.5620747208595276, -0.044966161251068115, -0.76904296875], [-0.05310419946908951, 0.0018606671364977956, -0.9985872507095337, 1.495417594909668], [0.5613643527030945, 0.8270843029022217, -0.028311874717473984, -1.138671875], [0.0, 0.0, 0.0, 1.0]], [[0.0149827990680933, -0.999887228012085, 0.0010181227698922157, 0.001708984375], [-0.05938399210572243, -0.001906280405819416, -0.998233437538147, 1.5087928771972656], [0.9981226325035095, 0.014895910397171974, -0.0594058558344841, -1.4951629638671875], [0.0, 0.0, 0.0, 1.0]], [[-0.8280985951423645, -0.5593743324279785, 0.03678327426314354, 0.90386962890625], [-0.05495830997824669, 0.015709994360804558, -0.998365044593811, 1.4954338073730469], [0.5578818321228027, -0.8287662267684937, -0.04375169053673744, -1.169189453125], [0.0, 0.0, 0.0, 1.0]], [[0.9463379383087158, 0.3190874457359314, -0.05125917121767998, -1.1495361328125], [-0.049192268401384354, -0.014538883231580257, -0.998683512210846, 1.5889358520507812], [-0.3194126486778259, 0.9476137161254883, 0.0019379406003281474, -0.09716796875], [0.0, 0.0, 0.0, 1.0]], [[-0.0006941657629795372, 0.9999879002571106, -0.0048747071996331215, 0.00732421875], [-0.07342483103275299, -0.004912522621452808, -0.997288703918457, 1.5756454467773438], [-0.9973004460334778, -0.0003343552234582603, 0.07342734932899475, -0.0482177734375], [0.0, 0.0, 0.0, 1.0]], [[-0.9358551502227783, 0.34996891021728516, 0.041191861033439636, 1.03741455078125], [-0.0398201085627079, 0.01111751887947321, -0.999144971370697, 1.5472221374511719], [-0.350127637386322, -0.9366952776908875, 0.003531410824507475, -0.10595703125], [0.0, 0.0, 0.0, 1.0]]], "view": [[0.0, -2.0, 100.0], [-2.0, 0.0, 100.0], [0.0, 0.0, 1.0]], "bev": "bev_7ee0cf059e30434396b33686923623a1.png", "aux": "aux_7ee0cf059e30434396b33686923623a1.npz", "visibility": "visibility_7ee0cf059e30434396b33686923623a1.png", "pose": [[0.5855692028999329, 0.8106223940849304, 0.0, 1541.091796875], [-0.8106223940849304, 0.5855692028999329, 0.0, 1406.3543701171875], [0.0, 0.0, 1.0, 0.0], [0.0, 0.0, 0.0, 1.0]], "pose_inverse": [[0.5855692028999329, -0.8106223940849304, 0.0, 237.60641479492188], [0.8106223940849304, 0.5855692028999329, 0.0, -2072.761474609375], [0.0, 0.0, 1.0, 0.0], [0.0, 0.0, 0.0, 1.0]], "cam_ids": [0, 1, 2, 3, 4, 5], "cam_channels": ["CAM_FRONT_LEFT", "CAM_FRONT", "CAM_FRONT_RIGHT", "CAM_BACK_LEFT", "CAM_BACK", "CAM_BACK_RIGHT"], "token": "7ee0cf059e30434396b33686923623a1", "scene": "scene-1084"}, {"images": ["samples/CAM_FRONT_LEFT/n015-2018-11-21-19-38-26+0800__CAM_FRONT_LEFT__1542800528904844.jpg", "samples/CAM_FRONT/n015-2018-11-21-19-38-26+0800__CAM_FRONT__1542800528912460.jpg", "samples/CAM_FRONT_RIGHT/n015-2018-11-21-19-38-26+0800__CAM_FRONT_RIGHT__1542800528920339.jpg", "samples/CAM_BACK_LEFT/n015-2018-11-21-19-38-26+0800__CAM_BACK_LEFT__1542800528947423.jpg", "samples/CAM_BACK/n015-2018-11-21-19-38-26+0800__CAM_BACK__1542800528937525.jpg", "samples/CAM_BACK_RIGHT/n015-2018-11-21-19-38-26+0800__CAM_BACK_RIGHT__1542800528927893.jpg"], "intrinsics": [[[1272.5979470598488, 0.0, 826.6154927353808], [0.0, 1272.5979470598488, 479.75165386361925], [0.0, 0.0, 1.0]], [[1266.417203046554, 0.0, 816.2670197447984], [0.0, 1266.417203046554, 491.50706579294757], [0.0, 0.0, 1.0]], [[1260.8474446004698, 0.0, 807.968244525554], [0.0, 1260.8474446004698, 495.3344268742088], [0.0, 0.0, 1.0]], [[1256.7414812095406, 0.0, 792.1125740759628], [0.0, 1256.7414812095406, 492.7757465151356], [0.0, 0.0, 1.0]], [[809.2209905677063, 0.0, 829.2196003259838], [0.0, 809.2209905677063, 481.77842384512485], [0.0, 0.0, 1.0]], [[1259.5137405846733, 0.0, 807.2529053838625], [0.0, 1259.5137405846733, 501.19579884916527], [0.0, 0.0, 1.0]]], "extrinsics": [[[0.8270197510719299, -0.5605517625808716, -0.042661502957344055, -0.7457275390625], [-0.04742024466395378, 0.006056964863091707, -0.9988566637039185, 1.4955978393554688], [0.5601692795753479, 0.8280972242355347, -0.02157227322459221, -1.1282958984375], [0.0, 0.0, 0.0, 1.0]], [[0.016429636627435684, -0.9998602271080017, -0.003075455082580447, 0.0062255859375], [-0.05288724973797798, 0.002202535979449749, -0.9985980987548828, 1.5089092254638672], [0.998465359210968, 0.016569212079048157, -0.052843667566776276, -1.472625732421875], [0.0, 0.0, 0.0, 1.0]], [[-0.8276155591011047, -0.5605759620666504, 0.02840530499815941, 0.8900146484375], [-0.04764796048402786, 0.019741656258702278, -0.9986690282821655, 1.4955482482910156], [0.55926913022995, -0.8278676271438599, -0.043048810213804245, -1.1546630859375], [0.0, 0.0, 0.0, 1.0]], [[0.9466378688812256, 0.3196353018283844, -0.041352253407239914, -1.138397216796875], [-0.039909351617097855, -0.011065960861742496, -0.999142050743103, 1.588388442993164], [-0.31981873512268066, 0.9474759697914124, 0.0022809812799096107, -0.10498046875], [0.0, 0.0, 0.0, 1.0]], [[-0.0014442983083426952, 0.9999985098838806, -0.0009650434367358685, 0.0028076171875], [-0.06476408988237381, -0.0010565576376393437, -0.9979000687599182, 1.5751190185546875], [-0.99789959192276, -0.0013787742936983705, 0.06476551294326782, -0.06341552734375], [0.0, 0.0, 0.0, 1.0]], [[-0.9365689158439636, 0.3487369120121002, 0.034944407641887665, 1.01904296875], [-0.031877100467681885, 0.01453202124685049, -0.9993861317634583, 1.5474662780761719], [-0.3490307033061981, -0.9371080994606018, -0.002493519801646471, -0.1075439453125], [0.0, 0.0, 0.0, 1.0]]], "view": [[0.0, -2.0, 100.0], [-2.0, 0.0, 100.0], [0.0, 0.0, 1.0]], "bev": "bev_c3c532876d074b8e8f3ced637e7f9e7a.png", "aux": "aux_c3c532876d074b8e8f3ced637e7f9e7a.npz", "visibility": "visibility_c3c532876d074b8e8f3ced637e7f9e7a.png", "pose": [[0.4678196907043457, 0.8838239312171936, 0.0, 1542.6968994140625], [-0.8838239312171936, 0.4678196907043457, 0.0, 1403.7835693359375], [0.0, 0.0, 1.0, 0.0], [0.0, 0.0, 0.0, 1.0]], "pose_inverse": [[0.4678196907043457, -0.8838239312171936, 0.0, 518.9935302734375], [0.8838239312171936, 0.4678196907043457, 0.0, -2020.1900634765625], [0.0, 0.0, 1.0, 0.0], [0.0, 0.0, 0.0, 1.0]], "cam_ids": [0, 1, 2, 3, 4, 5], "cam_channels": ["CAM_FRONT_LEFT", "CAM_FRONT", "CAM_FRONT_RIGHT", "CAM_BACK_LEFT", "CAM_BACK", "CAM_BACK_RIGHT"], "token": "c3c532876d074b8e8f3ced637e7f9e7a", "scene": "scene-1084"}, {"images": ["samples/CAM_FRONT_LEFT/n015-2018-11-21-19-38-26+0800__CAM_FRONT_LEFT__1542800529404844.jpg", "samples/CAM_FRONT/n015-2018-11-21-19-38-26+0800__CAM_FRONT__1542800529412460.jpg", "samples/CAM_FRONT_RIGHT/n015-2018-11-21-19-38-26+0800__CAM_FRONT_RIGHT__1542800529420339.jpg", "samples/CAM_BACK_LEFT/n015-2018-11-21-19-38-26+0800__CAM_BACK_LEFT__1542800529447423.jpg", "samples/CAM_BACK/n015-2018-11-21-19-38-26+0800__CAM_BACK__1542800529437525.jpg", "samples/CAM_BACK_RIGHT/n015-2018-11-21-19-38-26+0800__CAM_BACK_RIGHT__1542800529427893.jpg"], "intrinsics": [[[1272.5979470598488, 0.0, 826.6154927353808], [0.0, 1272.5979470598488, 479.75165386361925], [0.0, 0.0, 1.0]], [[1266.417203046554, 0.0, 816.2670197447984], [0.0, 1266.417203046554, 491.50706579294757], [0.0, 0.0, 1.0]], [[1260.8474446004698, 0.0, 807.968244525554], [0.0, 1260.8474446004698, 495.3344268742088], [0.0, 0.0, 1.0]], [[1256.7414812095406, 0.0, 792.1125740759628], [0.0, 1256.7414812095406, 492.7757465151356], [0.0, 0.0, 1.0]], [[809.2209905677063, 0.0, 829.2196003259838], [0.0, 809.2209905677063, 481.77842384512485], [0.0, 0.0, 1.0]], [[1259.5137405846733, 0.0, 807.2529053838625], [0.0, 1259.5137405846733, 501.19579884916527], [0.0, 0.0, 1.0]]], "extrinsics": [[[0.8295129537582397, -0.5566350221633911, -0.045450396835803986, -0.7344970703125], [-0.05316697061061859, 0.002305454108864069, -0.9985829591751099, 1.4932975769042969], [0.5559509992599487, 0.8307539224624634, -0.027682194486260414, -1.119384765625], [0.0, 0.0, 0.0, 1.0]], [[0.02096993289887905, -0.9997798800468445, 0.0007327722851186991, 0.0050048828125], [-0.05822695791721344, -0.0019529719138517976, -0.9983015060424805, 1.507049560546875], [0.9980830550193787, 0.020891672000288963, -0.058255091309547424, -1.461181640625], [0.0, 0.0, 0.0, 1.0]], [[-0.8251169323921204, -0.5638812184333801, 0.03492724895477295, 0.88189697265625], [-0.05266325920820236, 0.015213512815535069, -0.998496413230896, 1.4942626953125], [0.5625020265579224, -0.8257157206535339, -0.04224874824285507, -1.1512451171875], [0.0, 0.0, 0.0, 1.0]], [[0.9454526901245117, 0.322465181350708, -0.046209078282117844, -1.1389617919921875], [-0.04358762502670288, -0.015349458903074265, -0.9989316463470459, 1.588402271270752], [-0.3228299915790558, 0.9464568495750427, -0.00045669497922062874, -0.103759765625], [0.0, 0.0, 0.0, 1.0]], [[-0.004928041249513626, 0.99997478723526, -0.005119997542351484, 0.0045166015625], [-0.06892693787813187, -0.005447557661682367, -0.9976068139076233, 1.5746345520019531], [-0.9976094961166382, -0.004563355352729559, 0.0689520463347435, -0.06640625], [0.0, 0.0, 0.0, 1.0]], [[-0.9377078413963318, 0.3453548848628998, 0.03786783292889595, 1.013671875], [-0.036571841686964035, 0.010270007885992527, -0.9992782473564148, 1.5466537475585938], [-0.3454945683479309, -0.9384158849716187, 0.002999996766448021, -0.11181640625], [0.0, 0.0, 0.0, 1.0]]], "view": [[0.0, -2.0, 100.0], [-2.0, 0.0, 100.0], [0.0, 0.0, 1.0]], "bev": "bev_b93abe4ab41e44179689ff81d5ba1ebe.png", "aux": "aux_b93abe4ab41e44179689ff81d5ba1ebe.npz", "visibility": "visibility_b93abe4ab41e44179689ff81d5ba1ebe.png", "pose": [[0.3181386888027191, 0.9480441808700562, 0.0, 1543.9468994140625], [-0.9480441808700562, 0.3181386888027191, 0.0, 1400.8934326171875], [0.0, 0.0, 1.0, 0.0], [0.0, 0.0, 0.0, 1.0]], "pose_inverse": [[0.3181386888027191, -0.9480441808700562, 0.0, 836.9196166992188], [0.9480441808700562, 0.3181386888027191, 0.0, -1909.4083251953125], [0.0, 0.0, 1.0, 0.0], [0.0, 0.0, 0.0, 1.0]], "cam_ids": [0, 1, 2, 3, 4, 5], "cam_channels": ["CAM_FRONT_LEFT", "CAM_FRONT", "CAM_FRONT_RIGHT", "CAM_BACK_LEFT", "CAM_BACK", "CAM_BACK_RIGHT"], "token": "b93abe4ab41e44179689ff81d5ba1ebe", "scene": "scene-1084"}, {"images": ["samples/CAM_FRONT_LEFT/n015-2018-11-21-19-38-26+0800__CAM_FRONT_LEFT__1542800529904844.jpg", "samples/CAM_FRONT/n015-2018-11-21-19-38-26+0800__CAM_FRONT__1542800529912460.jpg", "samples/CAM_FRONT_RIGHT/n015-2018-11-21-19-38-26+0800__CAM_FRONT_RIGHT__1542800529920339.jpg", "samples/CAM_BACK_LEFT/n015-2018-11-21-19-38-26+0800__CAM_BACK_LEFT__1542800529947423.jpg", "samples/CAM_BACK/n015-2018-11-21-19-38-26+0800__CAM_BACK__1542800529937525.jpg", "samples/CAM_BACK_RIGHT/n015-2018-11-21-19-38-26+0800__CAM_BACK_RIGHT__1542800529927893.jpg"], "intrinsics": [[[1272.5979470598488, 0.0, 826.6154927353808], [0.0, 1272.5979470598488, 479.75165386361925], [0.0, 0.0, 1.0]], [[1266.417203046554, 0.0, 816.2670197447984], [0.0, 1266.417203046554, 491.50706579294757], [0.0, 0.0, 1.0]], [[1260.8474446004698, 0.0, 807.968244525554], [0.0, 1260.8474446004698, 495.3344268742088], [0.0, 0.0, 1.0]], [[1256.7414812095406, 0.0, 792.1125740759628], [0.0, 1256.7414812095406, 492.7757465151356], [0.0, 0.0, 1.0]], [[809.2209905677063, 0.0, 829.2196003259838], [0.0, 809.2209905677063, 481.77842384512485], [0.0, 0.0, 1.0]], [[1259.5137405846733, 0.0, 807.2529053838625], [0.0, 1259.5137405846733, 501.19579884916527], [0.0, 0.0, 1.0]]], "extrinsics": [[[0.8249344229698181, -0.5590258240699768, -0.08350713551044464, -0.733154296875], [-0.10112743079662323, -0.0006162219797261059, -0.9948732852935791, 1.4795761108398438], [0.5561083555221558, 0.8291500210762024, -0.05704118683934212, -1.11956787109375], [0.0, 0.0, 0.0, 1.0]], [[0.018882906064391136, -0.9998181462287903, 0.0026665464974939823, 0.0062255859375], [-0.10670129954814911, -0.004666976165026426, -0.994280219078064, 1.4956817626953125], [0.9941117763519287, 0.018490390852093697, -0.10677003115415573, -1.4609375], [0.0, 0.0, 0.0, 1.0]], [[-0.823390543460846, -0.5622304677963257, 0.07697365432977676, 0.8823394775390625], [-0.1016637459397316, 0.012700089253485203, -0.9947376847267151, 1.4853363037109375], [0.5582942366600037, -0.82688307762146, -0.0676155835390091, -1.14990234375], [0.0, 0.0, 0.0, 1.0]], [[0.941973865032196, 0.32214120030403137, -0.09439421445131302, -1.13983154296875], [-0.0939643532037735, -0.016921238973736763, -0.9954317212104797, 1.5883331298828125], [-0.3222668468952179, 0.946540355682373, 0.014330423437058926, -0.1038818359375], [0.0, 0.0, 0.0, 1.0]], [[-0.0043657622300088406, 0.999966561794281, -0.00691768154501915, 0.003662109375], [-0.11880163103342056, -0.007387406192719936, -0.9928905367851257, 1.5712890625], [-0.9929083585739136, -0.0035128837917000055, 0.11882990598678589, -0.0655517578125], [0.0, 0.0, 0.0, 1.0]], [[-0.9341849684715271, 0.3468951880931854, 0.08343851566314697, 1.013916015625], [-0.08603612333536148, 0.007935628294944763, -0.9962604641914368, 1.5401611328125], [-0.34626010060310364, -0.9378703236579895, 0.022432170808315277, -0.110595703125], [0.0, 0.0, 0.0, 1.0]]], "view": [[0.0, -2.0, 100.0], [-2.0, 0.0, 100.0], [0.0, 0.0, 1.0]], "bev": "bev_7c3170d7e54a43c6b2e0a1562be53d6b.png", "aux": "aux_7c3170d7e54a43c6b2e0a1562be53d6b.npz", "visibility": "visibility_7c3170d7e54a43c6b2e0a1562be53d6b.png", "pose": [[0.170620396733284, 0.9853368401527405, 0.0, 1544.760986328125], [-0.9853368401527405, 0.170620396733284, 0.0, 1397.6953125], [0.0, 0.0, 1.0, 0.0], [0.0, 0.0, 0.0, 1.0]], "pose_inverse": [[0.170620396733284, -0.9853368401527405, 0.0, 1113.6329345703125], [0.9853368401527405, 0.170620396733284, 0.0, -1760.585205078125], [0.0, 0.0, 1.0, 0.0], [0.0, 0.0, 0.0, 1.0]], "cam_ids": [0, 1, 2, 3, 4, 5], "cam_channels": ["CAM_FRONT_LEFT", "CAM_FRONT", "CAM_FRONT_RIGHT", "CAM_BACK_LEFT", "CAM_BACK", "CAM_BACK_RIGHT"], "token": "7c3170d7e54a43c6b2e0a1562be53d6b", "scene": "scene-1084"}, {"images": ["samples/CAM_FRONT_LEFT/n015-2018-11-21-19-38-26+0800__CAM_FRONT_LEFT__1542800530404844.jpg", "samples/CAM_FRONT/n015-2018-11-21-19-38-26+0800__CAM_FRONT__1542800530412460.jpg", "samples/CAM_FRONT_RIGHT/n015-2018-11-21-19-38-26+0800__CAM_FRONT_RIGHT__1542800530420339.jpg", "samples/CAM_BACK_LEFT/n015-2018-11-21-19-38-26+0800__CAM_BACK_LEFT__1542800530447423.jpg", "samples/CAM_BACK/n015-2018-11-21-19-38-26+0800__CAM_BACK__1542800530437525.jpg", "samples/CAM_BACK_RIGHT/n015-2018-11-21-19-38-26+0800__CAM_BACK_RIGHT__1542800530427893.jpg"], "intrinsics": [[[1272.5979470598488, 0.0, 826.6154927353808], [0.0, 1272.5979470598488, 479.75165386361925], [0.0, 0.0, 1.0]], [[1266.417203046554, 0.0, 816.2670197447984], [0.0, 1266.417203046554, 491.50706579294757], [0.0, 0.0, 1.0]], [[1260.8474446004698, 0.0, 807.968244525554], [0.0, 1260.8474446004698, 495.3344268742088], [0.0, 0.0, 1.0]], [[1256.7414812095406, 0.0, 792.1125740759628], [0.0, 1256.7414812095406, 492.7757465151356], [0.0, 0.0, 1.0]], [[809.2209905677063, 0.0, 829.2196003259838], [0.0, 809.2209905677063, 481.77842384512485], [0.0, 0.0, 1.0]], [[1259.5137405846733, 0.0, 807.2529053838625], [0.0, 1259.5137405846733, 501.19579884916527], [0.0, 0.0, 1.0]]], "extrinsics": [[[0.8202837109565735, -0.5651278495788574, -0.08812059462070465, -0.71533203125], [-0.1051478236913681, 0.002443336881697178, -0.9944536089897156, 1.47601318359375], [0.5622087717056274, 0.8249996900558472, -0.057417742908000946, -1.10467529296875], [0.0, 0.0, 0.0, 1.0]], [[0.011871865950524807, -0.9999294877052307, -4.3602434743661433e-05, 0.0048828125], [-0.11050770431756973, -0.0012686873087659478, -0.9938744902610779, 1.4927825927734375], [0.9938043355941772, 0.011803972534835339, -0.11051496863365173, -1.442626953125], [0.0, 0.0, 0.0, 1.0]], [[-0.8266075253486633, -0.5573176741600037, 0.07821066677570343, 0.870880126953125], [-0.10511133819818497, 0.016362199559807777, -0.9943258166313171, 1.4833526611328125], [0.5528756976127625, -0.830138087272644, -0.0721055269241333, -1.14404296875], [0.0, 0.0, 0.0, 1.0]], [[0.9427550435066223, 0.3192790150642395, -0.09630024433135986, -1.1453857421875], [-0.0968468114733696, -0.014203804545104504, -0.9951978921890259, 1.5888748168945312], [-0.3191136419773102, 0.9475542902946472, 0.017530446872115135, -0.1021728515625], [0.0, 0.0, 0.0, 1.0]], [[1.4734217984369025e-05, 0.999991774559021, -0.004047683905810118, 0.00390625], [-0.12189692258834839, -0.0040157027542591095, -0.9925346374511719, 1.571014404296875], [-0.9925427436828613, 0.0005080248229205608, 0.12189586460590363, -0.066162109375], [0.0, 0.0, 0.0, 1.0]], [[-0.9320111870765686, 0.35172200202941895, 0.08744560927152634, 1.0079345703125], [-0.08933570235967636, 0.010886118747293949, -0.9959420561790466, 1.5391082763671875], [-0.3512466847896576, -0.9360411763191223, 0.021275347098708153, -0.1141357421875], [0.0, 0.0, 0.0, 1.0]]], "view": [[0.0, -2.0, 100.0], [-2.0, 0.0, 100.0], [0.0, 0.0, 1.0]], "bev": "bev_6d2cfa972c4a4ac394960a936a4b9ab5.png", "aux": "aux_6d2cfa972c4a4ac394960a936a4b9ab5.npz", "visibility": "visibility_6d2cfa972c4a4ac394960a936a4b9ab5.png", "pose": [[0.07191378623247147, 0.9974108338356018, 0.0, 1545.1903076171875], [-0.9974108338356018, 0.07191378623247147, 0.0, 1394.2252197265625], [0.0, 0.0, 1.0, 0.0], [0.0, 0.0, 0.0, 1.0]], "pose_inverse": [[0.07191378623247147, -0.9974108338356018, 0.0, 1279.494873046875], [0.9974108338356018, 0.07191378623247147, 0.0, -1641.45361328125], [0.0, 0.0, 1.0, 0.0], [0.0, 0.0, 0.0, 1.0]], "cam_ids": [0, 1, 2, 3, 4, 5], "cam_channels": ["CAM_FRONT_LEFT", "CAM_FRONT", "CAM_FRONT_RIGHT", "CAM_BACK_LEFT", "CAM_BACK", "CAM_BACK_RIGHT"], "token": "6d2cfa972c4a4ac394960a936a4b9ab5", "scene": "scene-1084"}, {"images": ["samples/CAM_FRONT_LEFT/n015-2018-11-21-19-38-26+0800__CAM_FRONT_LEFT__1542800530854844.jpg", "samples/CAM_FRONT/n015-2018-11-21-19-38-26+0800__CAM_FRONT__1542800530862460.jpg", "samples/CAM_FRONT_RIGHT/n015-2018-11-21-19-38-26+0800__CAM_FRONT_RIGHT__1542800530870339.jpg", "samples/CAM_BACK_LEFT/n015-2018-11-21-19-38-26+0800__CAM_BACK_LEFT__1542800530897423.jpg", "samples/CAM_BACK/n015-2018-11-21-19-38-26+0800__CAM_BACK__1542800530887525.jpg", "samples/CAM_BACK_RIGHT/n015-2018-11-21-19-38-26+0800__CAM_BACK_RIGHT__1542800530877893.jpg"], "intrinsics": [[[1272.5979470598488, 0.0, 826.6154927353808], [0.0, 1272.5979470598488, 479.75165386361925], [0.0, 0.0, 1.0]], [[1266.417203046554, 0.0, 816.2670197447984], [0.0, 1266.417203046554, 491.50706579294757], [0.0, 0.0, 1.0]], [[1260.8474446004698, 0.0, 807.968244525554], [0.0, 1260.8474446004698, 495.3344268742088], [0.0, 0.0, 1.0]], [[1256.7414812095406, 0.0, 792.1125740759628], [0.0, 1256.7414812095406, 492.7757465151356], [0.0, 0.0, 1.0]], [[809.2209905677063, 0.0, 829.2196003259838], [0.0, 809.2209905677063, 481.77842384512485], [0.0, 0.0, 1.0]], [[1259.5137405846733, 0.0, 807.2529053838625], [0.0, 1259.5137405846733, 501.19579884916527], [0.0, 0.0, 1.0]]], "extrinsics": [[[0.8195174932479858, -0.5659661293029785, -0.0898522362112999, -0.691162109375], [-0.10511414706707001, 0.0056719533167779446, -0.994443953037262, 1.472991943359375], [0.5633312463760376, 0.824409008026123, -0.05484277755022049, -1.089599609375], [0.0, 0.0, 0.0, 1.0]], [[0.010672559961676598, -0.9999377131462097, -0.003255406627431512, 0.0064697265625], [-0.11009986698627472, 0.0020606894977390766, -0.9939184188842773, 1.4902496337890625], [0.9938632249832153, 0.010966073721647263, -0.11007101833820343, -1.4185791015625], [0.0, 0.0, 0.0, 1.0]], [[-0.8272944688796997, -0.5566503405570984, 0.07565818727016449, 0.855621337890625], [-0.10424940288066864, 0.019786041229963303, -0.9943543076515198, 1.4814910888671875], [0.552010715007782, -0.830511212348938, -0.07439935207366943, -1.132080078125], [0.0, 0.0, 0.0, 1.0]], [[0.9432961940765381, 0.3188910484313965, -0.09219900518655777, -1.14385986328125], [-0.09426350146532059, -0.008988392539322376, -0.9955066442489624, 1.5887298583984375], [-0.3182869255542755, 0.9477487206459045, 0.021581072360277176, -0.1026611328125], [0.0, 0.0, 0.0, 1.0]], [[0.0009854837553575635, 0.999999463558197, 0.000287395843770355, 0.0032958984375], [-0.1200498715043068, 0.0004036246391478926, -0.9927678108215332, 1.5701446533203125], [-0.9927673935890198, 0.000943854742217809, 0.12005019932985306, -0.074462890625], [0.0, 0.0, 0.0, 1.0]], [[-0.9317314028739929, 0.35237887501716614, 0.0877818763256073, 0.993896484375], [-0.08806387335062027, 0.015263939276337624, -0.9959979057312012, 1.537994384765625], [-0.3523085415363312, -0.9357329607009888, 0.01680995523929596, -0.1182861328125], [0.0, 0.0, 0.0, 1.0]]], "view": [[0.0, -2.0, 100.0], [-2.0, 0.0, 100.0], [0.0, 0.0, 1.0]], "bev": "bev_50ae91db151f4e5aaddbd15679175ccf.png", "aux": "aux_50ae91db151f4e5aaddbd15679175ccf.npz", "visibility": "visibility_50ae91db151f4e5aaddbd15679175ccf.png", "pose": [[0.0007657419191673398, 0.9999997019767761, 0.0, 1545.32177734375], [-0.9999997019767761, 0.0007657419191673398, 0.0, 1390.7802734375], [0.0, 0.0, 1.0, 0.0], [0.0, 0.0, 0.0, 1.0]], "pose_inverse": [[0.0007657419191673398, -0.9999997019767761, 0.0, 1389.5965576171875], [0.9999997019767761, 0.0007657419191673398, 0.0, -1546.3863525390625], [0.0, 0.0, 1.0, 0.0], [0.0, 0.0, 0.0, 1.0]], "cam_ids": [0, 1, 2, 3, 4, 5], "cam_channels": ["CAM_FRONT_LEFT", "CAM_FRONT", "CAM_FRONT_RIGHT", "CAM_BACK_LEFT", "CAM_BACK", "CAM_BACK_RIGHT"], "token": "50ae91db151f4e5aaddbd15679175ccf", "scene": "scene-1084"}, {"images": ["samples/CAM_FRONT_LEFT/n015-2018-11-21-19-38-26+0800__CAM_FRONT_LEFT__1542800531354844.jpg", "samples/CAM_FRONT/n015-2018-11-21-19-38-26+0800__CAM_FRONT__1542800531362460.jpg", "samples/CAM_FRONT_RIGHT/n015-2018-11-21-19-38-26+0800__CAM_FRONT_RIGHT__1542800531370398.jpg", "samples/CAM_BACK_LEFT/n015-2018-11-21-19-38-26+0800__CAM_BACK_LEFT__1542800531397423.jpg", "samples/CAM_BACK/n015-2018-11-21-19-38-26+0800__CAM_BACK__1542800531387525.jpg", "samples/CAM_BACK_RIGHT/n015-2018-11-21-19-38-26+0800__CAM_BACK_RIGHT__1542800531377893.jpg"], "intrinsics": [[[1272.5979470598488, 0.0, 826.6154927353808], [0.0, 1272.5979470598488, 479.75165386361925], [0.0, 0.0, 1.0]], [[1266.417203046554, 0.0, 816.2670197447984], [0.0, 1266.417203046554, 491.50706579294757], [0.0, 0.0, 1.0]], [[1260.8474446004698, 0.0, 807.968244525554], [0.0, 1260.8474446004698, 495.3344268742088], [0.0, 0.0, 1.0]], [[1256.7414812095406, 0.0, 792.1125740759628], [0.0, 1256.7414812095406, 492.7757465151356], [0.0, 0.0, 1.0]], [[809.2209905677063, 0.0, 829.2196003259838], [0.0, 809.2209905677063, 481.77842384512485], [0.0, 0.0, 1.0]], [[1259.5137405846733, 0.0, 807.2529053838625], [0.0, 1259.5137405846733, 501.19579884916527], [0.0, 0.0, 1.0]]], "extrinsics": [[[0.8210746049880981, -0.5660983324050903, -0.07327456772327423, -0.687255859375], [-0.07116460800170898, 0.02584848552942276, -0.9971296191215515, 1.484130859375], [0.5663673877716064, 0.8239323496818542, -0.019062627106904984, -1.0863037109375], [0.0, 0.0, 0.0, 1.0]], [[0.00904249306768179, -0.9996974468231201, -0.022873414680361748, 0.00634765625], [-0.07584322243928909, 0.022122802212834358, -0.9968743324279785, 1.49945068359375], [0.9970786571502686, 0.010749014094471931, -0.07562023401260376, -1.4146728515625], [0.0, 0.0, 0.0, 1.0]], [[-0.830353319644928, -0.5560858249664307, 0.035803984850645065, 0.853729248046875], [-0.06961766630411148, 0.03977541625499725, -0.9967803955078125, 1.4887542724609375], [0.5528714060783386, -0.8301724791526794, -0.07174105197191238, -1.1307373046875], [0.0, 0.0, 0.0, 1.0]], [[0.9465413689613342, 0.3183577060699463, -0.052036628127098083, -1.1451416015625], [-0.05861346796154976, 0.011107396334409714, -0.9982188940048218, 1.5887451171875], [-0.31721267104148865, 0.9479056000709534, 0.029173659160733223, -0.102294921875], [0.0, 0.0, 0.0, 1.0]], [[0.002546400763094425, 0.9997907876968384, 0.020299268886446953, 0.0035400390625], [-0.0848255306482315, 0.02044212631881237, -0.9961861371994019, 1.572845458984375], [-0.996392548084259, 0.0008148028282448649, 0.08485983312129974, -0.0748291015625], [0.0, 0.0, 0.0, 1.0]], [[-0.9336615204811096, 0.35272568464279175, 0.06213444843888283, 0.992431640625], [-0.05309705436229706, 0.03524962440133095, -0.997967004776001, 1.54327392578125], [-0.3541988730430603, -0.9350625276565552, -0.01418252382427454, -0.118896484375], [0.0, 0.0, 0.0, 1.0]]], "view": [[0.0, -2.0, 100.0], [-2.0, 0.0, 100.0], [0.0, 0.0, 1.0]], "bev": "bev_56116d8077864cd3bfaf250405b73115.png", "aux": "aux_56116d8077864cd3bfaf250405b73115.npz", "visibility": "visibility_56116d8077864cd3bfaf250405b73115.png", "pose": [[-0.08117029815912247, 0.9967002272605896, 0.0, 1545.155029296875], [-0.9967002272605896, -0.08117029815912247, 0.0, 1386.7392578125], [0.0, 0.0, 1.0, 0.0], [0.0, 0.0, 0.0, 1.0]], "pose_inverse": [[-0.08117029815912247, -0.9967002272605896, 0.0, 1507.5841064453125], [0.9967002272605896, -0.08117029815912247, 0.0, -1427.494384765625], [0.0, 0.0, 1.0, 0.0], [0.0, 0.0, 0.0, 1.0]], "cam_ids": [0, 1, 2, 3, 4, 5], "cam_channels": ["CAM_FRONT_LEFT", "CAM_FRONT", "CAM_FRONT_RIGHT", "CAM_BACK_LEFT", "CAM_BACK", "CAM_BACK_RIGHT"], "token": "56116d8077864cd3bfaf250405b73115", "scene": "scene-1084"}, {"images": ["samples/CAM_FRONT_LEFT/n015-2018-11-21-19-38-26+0800__CAM_FRONT_LEFT__1542800531854844.jpg", "samples/CAM_FRONT/n015-2018-11-21-19-38-26+0800__CAM_FRONT__1542800531862460.jpg", "samples/CAM_FRONT_RIGHT/n015-2018-11-21-19-38-26+0800__CAM_FRONT_RIGHT__1542800531870339.jpg", "samples/CAM_BACK_LEFT/n015-2018-11-21-19-38-26+0800__CAM_BACK_LEFT__1542800531897423.jpg", "samples/CAM_BACK/n015-2018-11-21-19-38-26+0800__CAM_BACK__1542800531887525.jpg", "samples/CAM_BACK_RIGHT/n015-2018-11-21-19-38-26+0800__CAM_BACK_RIGHT__1542800531877893.jpg"], "intrinsics": [[[1272.5979470598488, 0.0, 826.6154927353808], [0.0, 1272.5979470598488, 479.75165386361925], [0.0, 0.0, 1.0]], [[1266.417203046554, 0.0, 816.2670197447984], [0.0, 1266.417203046554, 491.50706579294757], [0.0, 0.0, 1.0]], [[1260.8474446004698, 0.0, 807.968244525554], [0.0, 1260.8474446004698, 495.3344268742088], [0.0, 0.0, 1.0]], [[1256.7414812095406, 0.0, 792.1125740759628], [0.0, 1256.7414812095406, 492.7757465151356], [0.0, 0.0, 1.0]], [[809.2209905677063, 0.0, 829.2196003259838], [0.0, 809.2209905677063, 481.77842384512485], [0.0, 0.0, 1.0]], [[1259.5137405846733, 0.0, 807.2529053838625], [0.0, 1259.5137405846733, 501.19579884916527], [0.0, 0.0, 1.0]]], "extrinsics": [[[0.8220747113227844, -0.5679026246070862, -0.04098482057452202, -0.671875], [-0.03079794906079769, 0.02752518281340599, -0.9991465210914612, 1.4972686767578125], [0.5685460567474365, 0.8226354122161865, 0.00513752456754446, -1.0765380859375], [0.0, 0.0, 0.0, 1.0]], [[0.008174466900527477, -0.9996949434280396, -0.023306384682655334, 0.0069580078125], [-0.03535992652177811, 0.023003609851002693, -0.9991099238395691, 1.5101394653320312], [0.9993411898612976, 0.008991311304271221, -0.035161092877388, -1.3983154296875], [0.0, 0.0, 0.0, 1.0]], [[-0.8318376541137695, -0.5550151467323303, 0.002090111840516329, 0.84185791015625], [-0.029019970446825027, 0.039732832461595535, -0.9987888336181641, 1.4970321655273438], [0.5542598962783813, -0.8308907747268677, -0.04915778711438179, -1.1221923828125], [0.0, 0.0, 0.0, 1.0]], [[0.9476995468139648, 0.31883159279823303, -0.014562816359102726, -1.141357421875], [-0.017930977046489716, 0.007631384767591953, -0.9998100996017456, 1.588531494140625], [-0.31865987181663513, 0.9477806687355042, 0.012949221767485142, -0.1041259765625], [0.0, 0.0, 0.0, 1.0]], [[0.0020065263379365206, 0.9998325109481812, 0.01818975806236267, 0.003173828125], [-0.044187888503074646, 0.01826067827641964, -0.9988563656806946, 1.5756454467773438], [-0.9990212917327881, 0.0012004411546513438, 0.044217128306627274, -0.082275390625], [0.0, 0.0, 0.0, 1.0]], [[-0.9351147413253784, 0.3535473048686981, 0.02376335673034191, 0.98193359375], [-0.012452024966478348, 0.03423449397087097, -0.9993362426757812, 1.5493965148925781], [-0.3541261553764343, -0.9347900748252869, -0.02761080116033554, -0.1221923828125], [0.0, 0.0, 0.0, 1.0]]], "view": [[0.0, -2.0, 100.0], [-2.0, 0.0, 100.0], [0.0, 0.0, 1.0]], "bev": "bev_22247d49d87245769bde1d2f14313cdd.png", "aux": "aux_22247d49d87245769bde1d2f14313cdd.npz", "visibility": "visibility_22247d49d87245769bde1d2f14313cdd.png", "pose": [[-0.14235819876194, 0.9898152351379395, 0.0, 1544.6700439453125], [-0.9898152351379395, -0.14235819876194, 0.0, 1382.614013671875], [0.0, 0.0, 1.0, 0.0], [0.0, 0.0, 0.0, 1.0]], "pose_inverse": [[-0.14235819876194, -0.9898152351379395, 0.0, 1588.4288330078125], [0.9898152351379395, -0.14235819876194, 0.0, -1332.1114501953125], [0.0, 0.0, 1.0, 0.0], [0.0, 0.0, 0.0, 1.0]], "cam_ids": [0, 1, 2, 3, 4, 5], "cam_channels": ["CAM_FRONT_LEFT", "CAM_FRONT", "CAM_FRONT_RIGHT", "CAM_BACK_LEFT", "CAM_BACK", "CAM_BACK_RIGHT"], "token": "22247d49d87245769bde1d2f14313cdd", "scene": "scene-1084"}, {"images": ["samples/CAM_FRONT_LEFT/n015-2018-11-21-19-38-26+0800__CAM_FRONT_LEFT__1542800532404844.jpg", "samples/CAM_FRONT/n015-2018-11-21-19-38-26+0800__CAM_FRONT__1542800532412460.jpg", "samples/CAM_FRONT_RIGHT/n015-2018-11-21-19-38-26+0800__CAM_FRONT_RIGHT__1542800532420339.jpg", "samples/CAM_BACK_LEFT/n015-2018-11-21-19-38-26+0800__CAM_BACK_LEFT__1542800532447423.jpg", "samples/CAM_BACK/n015-2018-11-21-19-38-26+0800__CAM_BACK__1542800532437525.jpg", "samples/CAM_BACK_RIGHT/n015-2018-11-21-19-38-26+0800__CAM_BACK_RIGHT__1542800532427893.jpg"], "intrinsics": [[[1272.5979470598488, 0.0, 826.6154927353808], [0.0, 1272.5979470598488, 479.75165386361925], [0.0, 0.0, 1.0]], [[1266.417203046554, 0.0, 816.2670197447984], [0.0, 1266.417203046554, 491.50706579294757], [0.0, 0.0, 1.0]], [[1260.8474446004698, 0.0, 807.968244525554], [0.0, 1260.8474446004698, 495.3344268742088], [0.0, 0.0, 1.0]], [[1256.7414812095406, 0.0, 792.1125740759628], [0.0, 1256.7414812095406, 492.7757465151356], [0.0, 0.0, 1.0]], [[809.2209905677063, 0.0, 829.2196003259838], [0.0, 809.2209905677063, 481.77842384512485], [0.0, 0.0, 1.0]], [[1259.5137405846733, 0.0, 807.2529053838625], [0.0, 1259.5137405846733, 501.19579884916527], [0.0, 0.0, 1.0]]], "extrinsics": [[[0.8213371634483337, -0.5703728199005127, -0.008940734900534153, -0.66064453125], [-0.006896337028592825, 0.005743885412812233, -0.9999597072601318, 1.5056877136230469], [0.5704012513160706, 0.8213657736778259, 0.0007841839687898755, -1.0708465576171875], [0.0, 0.0, 0.0, 1.0]], [[0.006562985014170408, -0.9999769926071167, -0.0016904087970033288, 0.0084228515625], [-0.012004347518086433, 0.0016115376492962241, -0.9999266266822815, 1.5168819427490234], [0.9999064207077026, 0.006582816131412983, -0.01199349481612444, -1.3885498046875], [0.0, 0.0, 0.0, 1.0]], [[-0.8325904607772827, -0.5538643598556519, -0.005228719674050808, 0.83642578125], [-0.0061998446471989155, 0.018758438527584076, -0.9998047947883606, 1.5021591186523438], [0.5538543462753296, -0.8323955535888672, -0.019051970914006233, -1.1170654296875], [0.0, 0.0, 0.0, 1.0]], [[0.9477673172950745, 0.31895911693573, -0.0014585737371817231, -1.1395263671875], [0.002506425604224205, -0.012020261026918888, -0.9999246001243591, 1.5885658264160156], [-0.3189525902271271, 0.9476922154426575, -0.01219185907393694, -0.104736328125], [0.0, 0.0, 0.0, 1.0]], [[0.0021437807008624077, 0.9999960064888, -0.0018553523113951087, 0.0025634765625], [-0.02278214320540428, -0.0018060354050248861, -0.999738872051239, 1.5773544311523438], [-0.9997381567955017, 0.0021854820661246777, 0.022778179496526718, -0.0860595703125], [0.0, 0.0, 0.0, 1.0]], [[-0.9350027441978455, 0.35461410880088806, -0.004331003408879042, 0.9764404296875], [0.00981888547539711, 0.013677665032446384, -0.9998582601547241, 1.553113341331482], [-0.3545045256614685, -0.9349126815795898, -0.01627057045698166, -0.1236572265625], [0.0, 0.0, 0.0, 1.0]]], "view": [[0.0, -2.0, 100.0], [-2.0, 0.0, 100.0], [0.0, 0.0, 1.0]], "bev": "bev_3827d0d9ea2d4627b91c67ceb8f954b6.png", "aux": "aux_3827d0d9ea2d4627b91c67ceb8f954b6.npz", "visibility": "visibility_3827d0d9ea2d4627b91c67ceb8f954b6.png", "pose": [[-0.16747386753559113, 0.9858765006065369, 0.0, 1543.922607421875], [-0.9858765006065369, -0.16747386753559113, 0.0, 1378.011474609375], [0.0, 0.0, 1.0, 0.0], [0.0, 0.0, 0.0, 1.0]], "pose_inverse": [[-0.16747386753559113, -0.9858765006065369, 0.0, 1617.1158447265625], [0.9858765006065369, -0.16747386753559113, 0.0, -1291.3360595703125], [0.0, 0.0, 1.0, 0.0], [0.0, 0.0, 0.0, 1.0]], "cam_ids": [0, 1, 2, 3, 4, 5], "cam_channels": ["CAM_FRONT_LEFT", "CAM_FRONT", "CAM_FRONT_RIGHT", "CAM_BACK_LEFT", "CAM_BACK", "CAM_BACK_RIGHT"], "token": "3827d0d9ea2d4627b91c67ceb8f954b6", "scene": "scene-1084"}, {"images": ["samples/CAM_FRONT_LEFT/n015-2018-11-21-19-38-26+0800__CAM_FRONT_LEFT__1542800532854844.jpg", "samples/CAM_FRONT/n015-2018-11-21-19-38-26+0800__CAM_FRONT__1542800532862460.jpg", "samples/CAM_FRONT_RIGHT/n015-2018-11-21-19-38-26+0800__CAM_FRONT_RIGHT__1542800532870339.jpg", "samples/CAM_BACK_LEFT/n015-2018-11-21-19-38-26+0800__CAM_BACK_LEFT__1542800532897423.jpg", "samples/CAM_BACK/n015-2018-11-21-19-38-26+0800__CAM_BACK__1542800532887525.jpg", "samples/CAM_BACK_RIGHT/n015-2018-11-21-19-38-26+0800__CAM_BACK_RIGHT__1542800532877893.jpg"], "intrinsics": [[[1272.5979470598488, 0.0, 826.6154927353808], [0.0, 1272.5979470598488, 479.75165386361925], [0.0, 0.0, 1.0]], [[1266.417203046554, 0.0, 816.2670197447984], [0.0, 1266.417203046554, 491.50706579294757], [0.0, 0.0, 1.0]], [[1260.8474446004698, 0.0, 807.968244525554], [0.0, 1260.8474446004698, 495.3344268742088], [0.0, 0.0, 1.0]], [[1256.7414812095406, 0.0, 792.1125740759628], [0.0, 1256.7414812095406, 492.7757465151356], [0.0, 0.0, 1.0]], [[809.2209905677063, 0.0, 829.2196003259838], [0.0, 809.2209905677063, 481.77842384512485], [0.0, 0.0, 1.0]], [[1259.5137405846733, 0.0, 807.2529053838625], [0.0, 1259.5137405846733, 501.19579884916527], [0.0, 0.0, 1.0]]], "extrinsics": [[[0.8209340572357178, -0.5709971785545349, -0.0054206461645662785, -0.660400390625], [-0.012285899370908737, -0.008171419613063335, -0.9998911619186401, 1.5037260055541992], [0.5708907842636108, 0.8209112882614136, -0.013723412528634071, -1.0711593627929688], [0.0, 0.0, 0.0, 1.0]], [[0.005972255952656269, -0.9999039769172668, 0.012498833239078522, 0.00830078125], [-0.01748650148510933, -0.012601573020219803, -0.9997677206993103, 1.515237808227539], [0.9998292326927185, 0.005752301309257746, -0.01756008341908455, -1.3883056640625], [0.0, 0.0, 0.0, 1.0]], [[-0.8328976035118103, -0.5533759593963623, 0.007510904688388109, 0.83587646484375], [-0.011823125183582306, 0.004223423544317484, -0.9999211430549622, 1.500844955444336], [0.553300678730011, -0.8329208493232727, -0.010060313157737255, -1.1171875], [0.0, 0.0, 0.0, 1.0]], [[0.9476870894432068, 0.31898120045661926, -0.011833186261355877, -1.138427734375], [-0.003236189251765609, -0.027467962354421616, -0.9996173977851868, 1.5885448455810547], [-0.31918418407440186, 0.9473628997802734, -0.024998754262924194, -0.1048583984375], [0.0, 0.0, 0.0, 1.0]], [[0.0022191470488905907, 0.9998518824577332, -0.017063887789845467, 0.0025634765625], [-0.028628570958971977, -0.016993412747979164, -0.9994456768035889, 1.5768165588378906], 