[{"images": ["samples/CAM_FRONT_LEFT/n015-2018-11-21-19-58-31+0800__CAM_FRONT_LEFT__1542801573904844.jpg", "samples/CAM_FRONT/n015-2018-11-21-19-58-31+0800__CAM_FRONT__1542801573912460.jpg", "samples/CAM_FRONT_RIGHT/n015-2018-11-21-19-58-31+0800__CAM_FRONT_RIGHT__1542801573920345.jpg", "samples/CAM_BACK_LEFT/n015-2018-11-21-19-58-31+0800__CAM_BACK_LEFT__1542801573947423.jpg", "samples/CAM_BACK/n015-2018-11-21-19-58-31+0800__CAM_BACK__1542801573937525.jpg", "samples/CAM_BACK_RIGHT/n015-2018-11-21-19-58-31+0800__CAM_BACK_RIGHT__1542801573927893.jpg"], "intrinsics": [[[1272.5979470598488, 0.0, 826.6154927353808], [0.0, 1272.5979470598488, 479.75165386361925], [0.0, 0.0, 1.0]], [[1266.417203046554, 0.0, 816.2670197447984], [0.0, 1266.417203046554, 491.50706579294757], [0.0, 0.0, 1.0]], [[1260.8474446004698, 0.0, 807.968244525554], [0.0, 1260.8474446004698, 495.3344268742088], [0.0, 0.0, 1.0]], [[1256.7414812095406, 0.0, 792.1125740759628], [0.0, 1256.7414812095406, 492.7757465151356], [0.0, 0.0, 1.0]], [[809.2209905677063, 0.0, 829.2196003259838], [0.0, 809.2209905677063, 481.77842384512485], [0.0, 0.0, 1.0]], [[1259.5137405846733, 0.0, 807.2529053838625], [0.0, 1259.5137405846733, 501.19579884916527], [0.0, 0.0, 1.0]]], "extrinsics": [[[0.8219290971755981, -0.569031298160553, -0.025217941030859947, -0.3590087890625], [-0.01831638440489769, 0.017845986410975456, -0.9996729493141174, 1.4947166442871094], [0.5692951679229736, 0.8221221566200256, 0.004245540127158165, -0.8648681640625], [0.0, 0.0, 0.0, 1.0]], [[0.007541050668805838, -0.9998739361763, -0.013970546424388885, 0.0128173828125], [-0.02387731522321701, 0.013786912895739079, -0.9996198415756226, 1.5060043334960938], [0.9996864199638367, 0.007871775887906551, -0.02377033233642578, -1.08575439453125], [0.0, 0.0, 0.0, 1.0]], [[-0.8321929574012756, -0.5544834733009338, -0.0017551572527736425, 0.63897705078125], [-0.01855992153286934, 0.03101886808872223, -0.9993464350700378, 1.4947662353515625], [0.5541754364967346, -0.8316164612770081, -0.036104850471019745, -0.983642578125], [0.0, 0.0, 0.0, 1.0]], [[0.9476134181022644, 0.31926441192626953, -0.009950555860996246, -1.1258666515350342], [-0.010725080035626888, 0.000667937973048538, -0.9999422430992126, 1.588371753692627], [-0.3192393481731415, 0.9476653933525085, 0.004057085141539574, -0.10888671875], [0.0, 0.0, 0.0, 1.0]], [[0.001846915576606989, 0.9999414086341858, 0.010669631883502007, 0.002197265625], [-0.03578558191657066, 0.01072890218347311, -0.9993019104003906, 1.5727157592773438], [-0.9993578195571899, 0.001463729189708829, 0.03580329567193985, -0.18328857421875], [0.0, 0.0, 0.0, 1.0]], [[-0.935161828994751, 0.35401850938796997, 0.011970334686338902, 0.810791015625], [-0.0029281522147357464, 0.026066206395626068, -0.9996559619903564, 1.5503807067871094], [-0.35420873761177063, -0.9348751306533813, -0.02333950065076351, -0.184814453125], [0.0, 0.0, 0.0, 1.0]]], "view": [[0.0, -2.0, 100.0], [-2.0, 0.0, 100.0], [0.0, 0.0, 1.0]], "bev": "bev_178263c0453842c3b66e47b6bc5685f6.png", "aux": "aux_178263c0453842c3b66e47b6bc5685f6.npz", "visibility": "visibility_178263c0453842c3b66e47b6bc5685f6.png", "pose": [[0.7380381226539612, 0.674759030342102, 0.0, 802.8501586914062], [-0.674759030342102, 0.7380381226539612, 0.0, 1828.263671875], [0.0, 0.0, 1.0, 0.0], [0.0, 0.0, 0.0, 1.0]], "pose_inverse": [[0.7380381226539612, -0.674759030342102, 0.0, 641.1034545898438], [0.674759030342102, 0.7380381226539612, 0.0, -1891.05859375], [0.0, 0.0, 1.0, 0.0], [0.0, 0.0, 0.0, 1.0]], "cam_ids": [0, 1, 2, 3, 4, 5], "cam_channels": ["CAM_FRONT_LEFT", "CAM_FRONT", "CAM_FRONT_RIGHT", "CAM_BACK_LEFT", "CAM_BACK", "CAM_BACK_RIGHT"], "token": "178263c0453842c3b66e47b6bc5685f6", "scene": "scene-1106"}, {"images": ["samples/CAM_FRONT_LEFT/n015-2018-11-21-19-58-31+0800__CAM_FRONT_LEFT__1542801574404844.jpg", "samples/CAM_FRONT/n015-2018-11-21-19-58-31+0800__CAM_FRONT__1542801574412460.jpg", "samples/CAM_FRONT_RIGHT/n015-2018-11-21-19-58-31+0800__CAM_FRONT_RIGHT__1542801574420339.jpg", "samples/CAM_BACK_LEFT/n015-2018-11-21-19-58-31+0800__CAM_BACK_LEFT__1542801574447423.jpg", "samples/CAM_BACK/n015-2018-11-21-19-58-31+0800__CAM_BACK__1542801574437525.jpg", "samples/CAM_BACK_RIGHT/n015-2018-11-21-19-58-31+0800__CAM_BACK_RIGHT__1542801574427893.jpg"], "intrinsics": [[[1272.5979470598488, 0.0, 826.6154927353808], [0.0, 1272.5979470598488, 479.75165386361925], [0.0, 0.0, 1.0]], [[1266.417203046554, 0.0, 816.2670197447984], [0.0, 1266.417203046554, 491.50706579294757], [0.0, 0.0, 1.0]], [[1260.8474446004698, 0.0, 807.968244525554], [0.0, 1260.8474446004698, 495.3344268742088], [0.0, 0.0, 1.0]], [[1256.7414812095406, 0.0, 792.1125740759628], [0.0, 1256.7414812095406, 492.7757465151356], [0.0, 0.0, 1.0]], [[809.2209905677063, 0.0, 829.2196003259838], [0.0, 809.2209905677063, 481.77842384512485], [0.0, 0.0, 1.0]], [[1259.5137405846733, 0.0, 807.2529053838625], [0.0, 1259.5137405846733, 501.19579884916527], [0.0, 0.0, 1.0]]], "extrinsics": [[[0.8203221559524536, -0.5709706544876099, -0.03262104094028473, -0.3507080078125], [-0.027835357934236526, 0.01711062341928482, -0.999466061592102, 1.4874038696289062], [0.5712239742279053, 0.8207921385765076, -0.0018569495296105742, -0.8536376953125], [0.0, 0.0, 0.0, 1.0]], [[0.005599226802587509, -0.9998960494995117, -0.013285896740853786, 0.0089111328125], [-0.03313793987035751, 0.013093275018036366, -0.9993650317192078, 1.5000724792480469], [0.9994351267814636, 0.006036029197275639, -0.033061183989048004, -1.07525634765625], [0.0, 0.0, 0.0, 1.0]], [[-0.8329142928123474, -0.5533680319786072, 0.006130939815193415, 0.63104248046875], [-0.02751801162958145, 0.030349336564540863, -0.9991604685783386, 1.4903793334960938], [0.552717387676239, -0.8323837518692017, -0.04050598666071892, -0.9822998046875], [0.0, 0.0, 0.0, 1.0]], [[0.9477790594100952, 0.31842467188835144, -0.017903612926602364, -1.1275272369384766], [-0.018878785893321037, -2.3559714463772252e-05, -0.9998217821121216, 1.588277816772461], [-0.3183683454990387, 0.947948157787323, 0.005989141762256622, -0.1058349609375], [0.0, 0.0, 0.0, 1.0]], [[0.0024428260512650013, 0.9999479651451111, 0.009905382059514523, 0.003662109375], [-0.04428549483418465, 0.010003870353102684, -0.9989688396453857, 1.5710945129394531], [-0.9990158677101135, 0.0020016415510326624, 0.04430762678384781, -0.18463134765625], [0.0, 0.0, 0.0, 1.0]], [[-0.9346911311149597, 0.3549039363861084, 0.019893525168299675, 0.80712890625], [-0.011648940853774548, 0.025352265685796738, -0.9996107220649719, 1.5473480224609375], [-0.3552700877189636, -0.9345589280128479, -0.019562283530831337, -0.1888427734375], [0.0, 0.0, 0.0, 1.0]]], "view": [[0.0, -2.0, 100.0], [-2.0, 0.0, 100.0], [0.0, 0.0, 1.0]], "bev": "bev_c14d2751412248568d8822a852615942.png", "aux": "aux_c14d2751412248568d8822a852615942.npz", "visibility": "visibility_c14d2751412248568d8822a852615942.png", "pose": [[0.731279730796814, 0.6820776462554932, 0.0, 809.0765380859375], [-0.6820776462554932, 0.731279730796814, 0.0, 1822.4461669921875], [0.0, 0.0, 1.0, 0.0], [0.0, 0.0, 0.0, 1.0]], "pose_inverse": [[0.731279730796814, -0.6820776462554932, 0.0, 651.3885498046875], [0.6820776462554932, 0.731279730796814, 0.0, -1884.571044921875], [0.0, 0.0, 1.0, 0.0], [0.0, 0.0, 0.0, 1.0]], "cam_ids": [0, 1, 2, 3, 4, 5], "cam_channels": ["CAM_FRONT_LEFT", "CAM_FRONT", "CAM_FRONT_RIGHT", "CAM_BACK_LEFT", "CAM_BACK", "CAM_BACK_RIGHT"], "token": "c14d2751412248568d8822a852615942", "scene": "scene-1106"}, {"images": ["samples/CAM_FRONT_LEFT/n015-2018-11-21-19-58-31+0800__CAM_FRONT_LEFT__1542801574904844.jpg", "samples/CAM_FRONT/n015-2018-11-21-19-58-31+0800__CAM_FRONT__1542801574912460.jpg", "samples/CAM_FRONT_RIGHT/n015-2018-11-21-19-58-31+0800__CAM_FRONT_RIGHT__1542801574920339.jpg", "samples/CAM_BACK_LEFT/n015-2018-11-21-19-58-31+0800__CAM_BACK_LEFT__1542801574947423.jpg", "samples/CAM_BACK/n015-2018-11-21-19-58-31+0800__CAM_BACK__1542801574937525.jpg", "samples/CAM_BACK_RIGHT/n015-2018-11-21-19-58-31+0800__CAM_BACK_RIGHT__1542801574927893.jpg"], "intrinsics": [[[1272.5979470598488, 0.0, 826.6154927353808], [0.0, 1272.5979470598488, 479.75165386361925], [0.0, 0.0, 1.0]], [[1266.417203046554, 0.0, 816.2670197447984], [0.0, 1266.417203046554, 491.50706579294757], [0.0, 0.0, 1.0]], [[1260.8474446004698, 0.0, 807.968244525554], [0.0, 1260.8474446004698, 495.3344268742088], [0.0, 0.0, 1.0]], [[1256.7414812095406, 0.0, 792.1125740759628], [0.0, 1256.7414812095406, 492.7757465151356], [0.0, 0.0, 1.0]], [[809.2209905677063, 0.0, 829.2196003259838], [0.0, 809.2209905677063, 481.77842384512485], [0.0, 0.0, 1.0]], [[1259.5137405846733, 0.0, 807.2529053838625], [0.0, 1259.5137405846733, 501.19579884916527], [0.0, 0.0, 1.0]]], "extrinsics": [[[0.819523274898529, -0.5721314549446106, -0.03235989436507225, -0.3636474609375], [-0.03058571182191372, 0.012718115001916885, -0.999451220035553, 1.4857978820800781], [0.5722290277481079, 0.8200633525848389, -0.007076256908476353, -0.8592529296875], [0.0, 0.0, 0.0, 1.0]], [[0.004622326232492924, -0.9999507665634155, -0.008784795179963112, 0.0068359375], [-0.03616925701498985, 0.008611957542598248, -0.9993085861206055, 1.4986991882324219], [0.999334990978241, 0.004936843179166317, -0.036127667874097824, -1.08905029296875], [0.0, 0.0, 0.0, 1.0]], [[-0.8332539796829224, -0.552771806716919, 0.011449380777776241, 0.64080810546875], [-0.030822832137346268, 0.025766709819436073, -0.9991926550865173, 1.4892349243164062], [0.5520305633544922, -0.8329342007637024, -0.038508206605911255, -0.990966796875], [0.0, 0.0, 0.0, 1.0]], [[0.9477912783622742, 0.31803014874458313, -0.0234206672757864, -1.1365890502929688], [-0.023098217323422432, -0.004785280209034681, -0.9997217059135437, 1.5884289741516113], [-0.3180537819862366, 0.9480685591697693, 0.002810482867062092, -0.10205078125], [0.0, 0.0, 0.0, 1.0]], [[0.002663352759554982, 0.9999831318855286, 0.005174034740775824, 0.0048828125], [-0.04820737615227699, 0.005296427756547928, -0.998823344707489, 1.5709419250488281], [-0.9988338351249695, 0.0024106865748763084, 0.048220664262771606, -0.1727294921875], [0.0, 0.0, 0.0, 1.0]], [[-0.93446284532547, 0.35540562868118286, 0.021590592339634895, 0.819580078125], [-0.015224937349557877, 0.020698394626379013, -0.9996697902679443, 1.5463104248046875], [-0.3557351231575012, -0.9344830513000488, -0.013930851593613625, -0.1859130859375], [0.0, 0.0, 0.0, 1.0]]], "view": [[0.0, -2.0, 100.0], [-2.0, 0.0, 100.0], [0.0, 0.0, 1.0]], "bev": "bev_1046d673d57e4c1682bd7b99750f5640.png", "aux": "aux_1046d673d57e4c1682bd7b99750f5640.npz", "visibility": "visibility_1046d673d57e4c1682bd7b99750f5640.png", "pose": [[0.7218772768974304, 0.6920211315155029, 0.0, 815.26806640625], [-0.6920211315155029, 0.7218772768974304, 0.0, 1816.4739990234375], [0.0, 0.0, 1.0, 0.0], [0.0, 0.0, 0.0, 1.0]], "pose_inverse": [[0.7218772768974304, -0.6920211315155029, 0.0, 668.514892578125], [0.6920211315155029, 0.7218772768974304, 0.0, -1875.4539794921875], [0.0, 0.0, 1.0, 0.0], [0.0, 0.0, 0.0, 1.0]], "cam_ids": [0, 1, 2, 3, 4, 5], "cam_channels": ["CAM_FRONT_LEFT", "CAM_FRONT", "CAM_FRONT_RIGHT", "CAM_BACK_LEFT", "CAM_BACK", "CAM_BACK_RIGHT"], "token": "1046d673d57e4c1682bd7b99750f5640", "scene": "scene-1106"}, {"images": ["samples/CAM_FRONT_LEFT/n015-2018-11-21-19-58-31+0800__CAM_FRONT_LEFT__1542801575404844.jpg", "samples/CAM_FRONT/n015-2018-11-21-19-58-31+0800__CAM_FRONT__1542801575412460.jpg", "samples/CAM_FRONT_RIGHT/n015-2018-11-21-19-58-31+0800__CAM_FRONT_RIGHT__1542801575420339.jpg", "samples/CAM_BACK_LEFT/n015-2018-11-21-19-58-31+0800__CAM_BACK_LEFT__1542801575447423.jpg", "samples/CAM_BACK/n015-2018-11-21-19-58-31+0800__CAM_BACK__1542801575437525.jpg", "samples/CAM_BACK_RIGHT/n015-2018-11-21-19-58-31+0800__CAM_BACK_RIGHT__1542801575427893.jpg"], "intrinsics": [[[1272.5979470598488, 0.0, 826.6154927353808], [0.0, 1272.5979470598488, 479.75165386361925], [0.0, 0.0, 1.0]], [[1266.417203046554, 0.0, 816.2670197447984], [0.0, 1266.417203046554, 491.50706579294757], [0.0, 0.0, 1.0]], [[1260.8474446004698, 0.0, 807.968244525554], [0.0, 1260.8474446004698, 495.3344268742088], [0.0, 0.0, 1.0]], [[1256.7414812095406, 0.0, 792.1125740759628], [0.0, 1256.7414812095406, 492.7757465151356], [0.0, 0.0, 1.0]], [[809.2209905677063, 0.0, 829.2196003259838], [0.0, 809.2209905677063, 481.77842384512485], [0.0, 0.0, 1.0]], [[1259.5137405846733, 0.0, 807.2529053838625], [0.0, 1259.5137405846733, 501.19579884916527], [0.0, 0.0, 1.0]]], "extrinsics": [[[0.8205496668815613, -0.5709313750267029, -0.027122287079691887, -0.3497314453125], [-0.024016939103603363, 0.012970192357897758, -0.999627411365509, 1.490234375], [0.5710704326629639, 0.8208953738212585, -0.0030693348962813616, -0.8507080078125], [0.0, 0.0, 0.0, 1.0]], [[0.005794347729533911, -0.9999410510063171, -0.009181172586977482, 0.007568359375], [-0.02940600924193859, 0.009006974287331104, -0.9995270371437073, 1.5024070739746094], [0.9995507597923279, 0.006061613094061613, -0.029352083802223206, -1.07574462890625], [0.0, 0.0, 0.0, 1.0]], [[-0.8328728675842285, -0.5534388422966003, 0.005324243102222681, 0.633026123046875], [-0.023878643289208412, 0.02632087469100952, -0.9993683099746704, 1.49224853515625], [0.552949070930481, -0.832473874092102, -0.03513730689883232, -0.985107421875], [0.0, 0.0, 0.0, 1.0]], [[0.947737991809845, 0.318657785654068, -0.01580965891480446, -1.1370162963867188], [-0.015414930880069733, -0.0037606318946927786, -0.9998740553855896, 1.5884766578674316], [-0.31867706775665283, 0.9478623867034912, 0.0013479911722242832, -0.103271484375], [0.0, 0.0, 0.0, 1.0]], [[0.0023672785609960556, 0.9999787211418152, 0.006092902272939682, 0.00439453125], [-0.04076414182782173, 0.006184356287121773, -0.9991496801376343, 1.5721397399902344], [-0.9991660118103027, 0.0021169716492295265, 0.04077790677547455, -0.17510986328125], [0.0, 0.0, 0.0, 1.0]], [[-0.9347822666168213, 0.35489824414253235, 0.015142921358346939, 0.8131103515625], [-0.008071373216807842, 0.02139763906598091, -0.9997385144233704, 1.5486793518066406], [-0.3551293611526489, -0.9346600770950317, -0.017137618735432625, -0.1875], [0.0, 0.0, 0.0, 1.0]]], "view": [[0.0, -2.0, 100.0], [-2.0, 0.0, 100.0], [0.0, 0.0, 1.0]], "bev": "bev_bc4a791980fc4ee0bc6e9f4da69acb7c.png", "aux": "aux_bc4a791980fc4ee0bc6e9f4da69acb7c.npz", "visibility": "visibility_bc4a791980fc4ee0bc6e9f4da69acb7c.png", "pose": [[0.7099589109420776, 0.7042431235313416, 0.0, 821.405029296875], [-0.7042431235313416, 0.7099589109420776, 0.0, 1810.4051513671875], [0.0, 0.0, 1.0, 0.0], [0.0, 0.0, 0.0, 1.0]], "pose_inverse": [[0.7099589109420776, -0.7042431235313416, 0.0, 691.8015747070312], [0.7042431235313416, 0.7099589109420776, 0.0, -1863.7821044921875], [0.0, 0.0, 1.0, 0.0], [0.0, 0.0, 0.0, 1.0]], "cam_ids": [0, 1, 2, 3, 4, 5], "cam_channels": ["CAM_FRONT_LEFT", "CAM_FRONT", "CAM_FRONT_RIGHT", "CAM_BACK_LEFT", "CAM_BACK", "CAM_BACK_RIGHT"], "token": "bc4a791980fc4ee0bc6e9f4da69acb7c", "scene": "scene-1106"}, {"images": ["samples/CAM_FRONT_LEFT/n015-2018-11-21-19-58-31+0800__CAM_FRONT_LEFT__1542801575904844.jpg", "samples/CAM_FRONT/n015-2018-11-21-19-58-31+0800__CAM_FRONT__1542801575912460.jpg", "samples/CAM_FRONT_RIGHT/n015-2018-11-21-19-58-31+0800__CAM_FRONT_RIGHT__1542801575920339.jpg", "samples/CAM_BACK_LEFT/n015-2018-11-21-19-58-31+0800__CAM_BACK_LEFT__1542801575947423.jpg", "samples/CAM_BACK/n015-2018-11-21-19-58-31+0800__CAM_BACK__1542801575937525.jpg", "samples/CAM_BACK_RIGHT/n015-2018-11-21-19-58-31+0800__CAM_BACK_RIGHT__1542801575927893.jpg"], "intrinsics": [[[1272.5979470598488, 0.0, 826.6154927353808], [0.0, 1272.5979470598488, 479.75165386361925], [0.0, 0.0, 1.0]], [[1266.417203046554, 0.0, 816.2670197447984], [0.0, 1266.417203046554, 491.50706579294757], [0.0, 0.0, 1.0]], [[1260.8474446004698, 0.0, 807.968244525554], [0.0, 1260.8474446004698, 495.3344268742088], [0.0, 0.0, 1.0]], [[1256.7414812095406, 0.0, 792.1125740759628], [0.0, 1256.7414812095406, 492.7757465151356], [0.0, 0.0, 1.0]], [[809.2209905677063, 0.0, 829.2196003259838], [0.0, 809.2209905677063, 481.77842384512485], [0.0, 0.0, 1.0]], [[1259.5137405846733, 0.0, 807.2529053838625], [0.0, 1259.5137405846733, 501.19579884916527], [0.0, 0.0, 1.0]]], "extrinsics": [[[0.8216082453727722, -0.5691575407981873, -0.031933195888996124, -0.3477783203125], [-0.02917572669684887, 0.01396005880087614, -0.9994767904281616, 1.4863739013671875], [0.5693055391311646, 0.8221099376678467, -0.005135883577167988, -0.8623046875], [0.0, 0.0, 0.0, 1.0]], [[0.007420591078698635, -0.9999222755432129, -0.01002065371721983, 0.0159912109375], [-0.034389954060316086, 0.0097598135471344, -0.9993608593940735, 1.4994049072265625], [0.9993808269500732, 0.007760508451610804, -0.03431485593318939, -1.080078125], [0.0, 0.0, 0.0, 1.0]], [[-0.8321375250816345, -0.5544960498809814, 0.009014520794153214, 0.640167236328125], [-0.02871297486126423, 0.026845254004001617, -0.9992271065711975, 1.4898834228515625], [0.5538255572319031, -0.8317532539367676, -0.03826017677783966, -0.981689453125], [0.0, 0.0, 0.0, 1.0]], [[0.947446882724762, 0.31928330659866333, -0.020065896213054657, -1.1399154663085938], [-0.01980976201593876, -0.004049996845424175, -0.9997955560684204, 1.588503360748291], [-0.31929925084114075, 0.947650671005249, 0.002487770514562726, -0.105712890625], [0.0, 0.0, 0.0, 1.0]], [[0.001810761634260416, 0.9999798536300659, 0.006092273164540529, 0.0010986328125], [-0.04526837170124054, 0.00616800831630826, -0.9989558458328247, 1.5714569091796875], [-0.9989731907844543, 0.0015331133035942912, 0.045278631150722504, -0.17205810546875], [0.0, 0.0, 0.0, 1.0]], [[-0.9350327253341675, 0.35401812195777893, 0.01961994543671608, 0.814697265625], [-0.012756702490150928, 0.02171015553176403, -0.9996829628944397, 1.5469970703125], [-0.3543318212032318, -0.9349865913391113, -0.015783602371811867, -0.181640625], [0.0, 0.0, 0.0, 1.0]]], "view": [[0.0, -2.0, 100.0], [-2.0, 0.0, 100.0], [0.0, 0.0, 1.0]], "bev": "bev_930bb914469c4efa9e9178b42c57b897.png", "aux": "aux_930bb914469c4efa9e9178b42c57b897.npz", "visibility": "visibility_930bb914469c4efa9e9178b42c57b897.png", "pose": [[0.6974548697471619, 0.7166287302970886, 0.0, 827.5064697265625], [-0.7166287302970886, 0.6974548697471619, 0.0, 1804.1771240234375], [0.0, 0.0, 1.0, 0.0], [0.0, 0.0, 0.0, 1.0]], "pose_inverse": [[0.6974548697471619, -0.7166287302970886, 0.0, 715.7767944335938], [0.7166287302970886, 0.6974548697471619, 0.0, -1851.346923828125], [0.0, 0.0, 1.0, 0.0], [0.0, 0.0, 0.0, 1.0]], "cam_ids": [0, 1, 2, 3, 4, 5], "cam_channels": ["CAM_FRONT_LEFT", "CAM_FRONT", "CAM_FRONT_RIGHT", "CAM_BACK_LEFT", "CAM_BACK", "CAM_BACK_RIGHT"], "token": "930bb914469c4efa9e9178b42c57b897", "scene": "scene-1106"}, {"images": ["samples/CAM_FRONT_LEFT/n015-2018-11-21-19-58-31+0800__CAM_FRONT_LEFT__1542801576404844.jpg", "samples/CAM_FRONT/n015-2018-11-21-19-58-31+0800__CAM_FRONT__1542801576412460.jpg", "samples/CAM_FRONT_RIGHT/n015-2018-11-21-19-58-31+0800__CAM_FRONT_RIGHT__1542801576420339.jpg", "samples/CAM_BACK_LEFT/n015-2018-11-21-19-58-31+0800__CAM_BACK_LEFT__1542801576447423.jpg", "samples/CAM_BACK/n015-2018-11-21-19-58-31+0800__CAM_BACK__1542801576437525.jpg", "samples/CAM_BACK_RIGHT/n015-2018-11-21-19-58-31+0800__CAM_BACK_RIGHT__1542801576428065.jpg"], "intrinsics": [[[1272.5979470598488, 0.0, 826.6154927353808], [0.0, 1272.5979470598488, 479.75165386361925], [0.0, 0.0, 1.0]], [[1266.417203046554, 0.0, 816.2670197447984], [0.0, 1266.417203046554, 491.50706579294757], [0.0, 0.0, 1.0]], [[1260.8474446004698, 0.0, 807.968244525554], [0.0, 1260.8474446004698, 495.3344268742088], [0.0, 0.0, 1.0]], [[1256.7414812095406, 0.0, 792.1125740759628], [0.0, 1256.7414812095406, 492.7757465151356], [0.0, 0.0, 1.0]], [[809.2209905677063, 0.0, 829.2196003259838], [0.0, 809.2209905677063, 481.77842384512485], [0.0, 0.0, 1.0]], [[1259.5137405846733, 0.0, 807.2529053838625], [0.0, 1259.5137405846733, 501.19579884916527], [0.0, 0.0, 1.0]]], "extrinsics": [[[0.8206204175949097, -0.5706451535224915, -0.030761083588004112, -0.3555908203125], [-0.03127429261803627, 0.008903068490326405, -0.9994711875915527, 1.4850807189941406], [0.5706172585487366, 0.8211485147476196, -0.010540483519434929, -0.8621826171875], [0.0, 0.0, 0.0, 1.0]], [[0.0061592720448970795, -0.9999687075614929, -0.004967811517417431, 0.0125732421875], [-0.03658032789826393, 0.004739270079880953, -0.9993194937705994, 1.4983100891113281], [0.9993116855621338, 0.006336850114166737, -0.03654998913407326, -1.08563232421875], [0.0, 0.0, 0.0, 1.0]], [[-0.8326075077056885, -0.5536938905715942, 0.013702455908060074, 0.642578125], [-0.030975615605711937, 0.021849483251571655, -0.9992812871932983, 1.4890174865722656], [0.5529965758323669, -0.8324335217475891, -0.03534305468201637, -0.986083984375], [0.0, 0.0, 0.0, 1.0]], [[0.9474150538444519, 0.3190939724445343, -0.02415982447564602, -1.14520263671875], [-0.02252761460840702, -0.008805409073829651, -0.9997074007987976, 1.5886256694793701], [-0.3192133605480194, 0.9476822018623352, -0.001153951627202332, -0.1029052734375], [0.0, 0.0, 0.0, 1.0]], [[0.0020831029396504164, 0.9999969601631165, 0.0012934817932546139, 0.001953125], [-0.04777415096759796, 0.0013915299205109477, -0.9988572001457214, 1.5711784362792969], [-0.9988560080528259, 0.0020189222414046526, 0.04777690768241882, -0.16925048828125], [0.0, 0.0, 0.0, 1.0]], [[-0.9347700476646423, 0.35468554496765137, 0.020078230649232864, 0.821533203125], [-0.015109172090888023, 0.016774043440818787, -0.9997451901435852, 1.5463371276855469], [-0.35493195056915283, -0.9348351359367371, -0.010320871137082577, -0.1805419921875], [0.0, 0.0, 0.0, 1.0]]], "view": [[0.0, -2.0, 100.0], [-2.0, 0.0, 100.0], [0.0, 0.0, 1.0]], "bev": "bev_d847827ccaec4c5d8d79df4507980d65.png", "aux": "aux_d847827ccaec4c5d8d79df4507980d65.npz", "visibility": "visibility_d847827ccaec4c5d8d79df4507980d65.png", "pose": [[0.6927555203437805, 0.7211725115776062, 0.0, 833.4942016601562], [-0.7211725115776062, 0.6927555203437805, 0.0, 1797.9014892578125], [0.0, 0.0, 1.0, 0.0], [0.0, 0.0, 0.0, 1.0]], "pose_inverse": [[0.6927555203437805, -0.7211725115776062, 0.0, 719.1893920898438], [0.7211725115776062, 0.6927555203437805, 0.0, -1846.5992431640625], [0.0, 0.0, 1.0, 0.0], [0.0, 0.0, 0.0, 1.0]], "cam_ids": [0, 1, 2, 3, 4, 5], "cam_channels": ["CAM_FRONT_LEFT", "CAM_FRONT", "CAM_FRONT_RIGHT", "CAM_BACK_LEFT", "CAM_BACK", "CAM_BACK_RIGHT"], "token": "d847827ccaec4c5d8d79df4507980d65", "scene": "scene-1106"}, {"images": ["samples/CAM_FRONT_LEFT/n015-2018-11-21-19-58-31+0800__CAM_FRONT_LEFT__1542801576904844.jpg", "samples/CAM_FRONT/n015-2018-11-21-19-58-31+0800__CAM_FRONT__1542801576912460.jpg", "samples/CAM_FRONT_RIGHT/n015-2018-11-21-19-58-31+0800__CAM_FRONT_RIGHT__1542801576920339.jpg", "samples/CAM_BACK_LEFT/n015-2018-11-21-19-58-31+0800__CAM_BACK_LEFT__1542801576947423.jpg", "samples/CAM_BACK/n015-2018-11-21-19-58-31+0800__CAM_BACK__1542801576937525.jpg", "samples/CAM_BACK_RIGHT/n015-2018-11-21-19-58-31+0800__CAM_BACK_RIGHT__1542801576927893.jpg"], "intrinsics": [[[1272.5979470598488, 0.0, 826.6154927353808], [0.0, 1272.5979470598488, 479.75165386361925], [0.0, 0.0, 1.0]], [[1266.417203046554, 0.0, 816.2670197447984], [0.0, 1266.417203046554, 491.50706579294757], [0.0, 0.0, 1.0]], [[1260.8474446004698, 0.0, 807.968244525554], [0.0, 1260.8474446004698, 495.3344268742088], [0.0, 0.0, 1.0]], [[1256.7414812095406, 0.0, 792.1125740759628], [0.0, 1256.7414812095406, 492.7757465151356], [0.0, 0.0, 1.0]], [[809.2209905677063, 0.0, 829.2196003259838], [0.0, 809.2209905677063, 481.77842384512485], [0.0, 0.0, 1.0]], [[1259.5137405846733, 0.0, 807.2529053838625], [0.0, 1259.5137405846733, 501.19579884916527], [0.0, 0.0, 1.0]]], "extrinsics": [[[0.8202213644981384, -0.5712145566940308, -0.03083670884370804, -0.3515625], [-0.03996206820011139, -0.003441518871113658, -0.9991952180862427, 1.4785041809082031], [0.570648729801178, 0.8207935690879822, -0.025649724528193474, -0.8590087890625], [0.0, 0.0, 0.0, 1.0]], [[0.0060971141792833805, -0.9999545216560364, 0.0073346830904483795, 0.0125732421875], [-0.045523788779973984, -0.0076047759503126144, -0.9989343285560608, 1.4926700592041016], [0.9989446401596069, 0.005756680388003588, -0.045568082481622696, -1.08038330078125], [0.0, 0.0, 0.0, 1.0]], [[-0.832383394241333, -0.5534815192222595, 0.028214827179908752, 0.637451171875], [-0.04018614813685417, 0.009502620436251163, -0.9991469979286194, 1.4844856262207031], [0.5527412295341492, -0.8328072428703308, -0.030152108520269394, -0.983154296875], [0.0, 0.0, 0.0, 1.0]], [[0.947056233882904, 0.3189191222190857, -0.037081751972436905, -1.1374053955078125], [-0.03197529911994934, -0.02123427577316761, -0.9992630481719971, 1.5883903503417969], [-0.3194715976715088, 0.9475440382957458, -0.009912515059113503, -0.1053466796875], [0.0, 0.0, 0.0, 1.0]], [[0.0017745806835591793, 0.99993497133255, -0.011269133538007736, 0.0020751953125], [-0.057423509657382965, -0.011148661375045776, -0.9982876777648926, 1.5691184997558594], [-0.9983483552932739, 0.002418668009340763, 0.057399991899728775, -0.17626953125], [0.0, 0.0, 0.0, 1.0]], [[-0.9346132278442383, 0.3548198640346527, 0.02451211027801037, 0.8126220703125], [-0.024563591927289963, 0.004360017832368612, -0.9996887445449829, 1.5429611206054688], [-0.35481634736061096, -0.9349245429039001, 0.004640720319002867, -0.184326171875], [0.0, 0.0, 0.0, 1.0]]], "view": [[0.0, -2.0, 100.0], [-2.0, 0.0, 100.0], [0.0, 0.0, 1.0]], "bev": "bev_19d58b42f9bf41c7b23a0ba78f8acb67.png", "aux": "aux_19d58b42f9bf41c7b23a0ba78f8acb67.npz", "visibility": "visibility_19d58b42f9bf41c7b23a0ba78f8acb67.png", "pose": [[0.6899903416633606, 0.7238186001777649, 0.0, 839.4857177734375], [-0.7238186001777649, 0.6899903416633606, 0.0, 1791.595458984375], [0.0, 0.0, 1.0, 0.0], [0.0, 0.0, 0.0, 1.0]], "pose_inverse": [[0.6899903416633606, -0.7238186001777649, 0.0, 717.5530395507812], [0.7238186001777649, 0.6899903416633606, 0.0, -1843.8189697265625], [0.0, 0.0, 1.0, 0.0], [0.0, 0.0, 0.0, 1.0]], "cam_ids": [0, 1, 2, 3, 4, 5], "cam_channels": ["CAM_FRONT_LEFT", "CAM_FRONT", "CAM_FRONT_RIGHT", "CAM_BACK_LEFT", "CAM_BACK", "CAM_BACK_RIGHT"], "token": "19d58b42f9bf41c7b23a0ba78f8acb67", "scene": "scene-1106"}, {"images": ["samples/CAM_FRONT_LEFT/n015-2018-11-21-19-58-31+0800__CAM_FRONT_LEFT__1542801577404844.jpg", "samples/CAM_FRONT/n015-2018-11-21-19-58-31+0800__CAM_FRONT__1542801577412460.jpg", "samples/CAM_FRONT_RIGHT/n015-2018-11-21-19-58-31+0800__CAM_FRONT_RIGHT__1542801577420839.jpg", "samples/CAM_BACK_LEFT/n015-2018-11-21-19-58-31+0800__CAM_BACK_LEFT__1542801577447423.jpg", "samples/CAM_BACK/n015-2018-11-21-19-58-31+0800__CAM_BACK__1542801577437525.jpg", "samples/CAM_BACK_RIGHT/n015-2018-11-21-19-58-31+0800__CAM_BACK_RIGHT__1542801577427893.jpg"], "intrinsics": [[[1272.5979470598488, 0.0, 826.6154927353808], [0.0, 1272.5979470598488, 479.75165386361925], [0.0, 0.0, 1.0]], [[1266.417203046554, 0.0, 816.2670197447984], [0.0, 1266.417203046554, 491.50706579294757], [0.0, 0.0, 1.0]], [[1260.8474446004698, 0.0, 807.968244525554], [0.0, 1260.8474446004698, 495.3344268742088], [0.0, 0.0, 1.0]], [[1256.7414812095406, 0.0, 792.1125740759628], [0.0, 1256.7414812095406, 492.7757465151356], [0.0, 0.0, 1.0]], [[809.2209905677063, 0.0, 829.2196003259838], [0.0, 809.2209905677063, 481.77842384512485], [0.0, 0.0, 1.0]], [[1259.5137405846733, 0.0, 807.2529053838625], [0.0, 1259.5137405846733, 501.19579884916527], [0.0, 0.0, 1.0]]], "extrinsics": [[[0.8191677927970886, -0.5725853443145752, -0.03331836313009262, -0.367919921875], [-0.03610220178961754, 0.006500654853880405, -0.9993269443511963, 1.4819145202636719], [0.5724165439605713, 0.8198193311691284, -0.015346464700996876, -0.861572265625], [0.0, 0.0, 0.0, 1.0]], [[0.004405090119689703, -0.9999871253967285, -0.0025346840266138315, 0.00634765625], [-0.041357483714818954, 0.002350357361137867, -0.9991416931152344, 1.4957294464111328], [0.9991346597671509, 0.004506154917180538, -0.04134659469127655, -1.09307861328125], [0.0, 0.0, 0.0, 1.0]], [[-0.8332177400588989, -0.5526190996170044, 0.01898481696844101, 0.650970458984375], [-0.035666994750499725, 0.019451426342129707, -0.9991743564605713, 1.4873695373535156], [0.5517935752868652, -0.8332069516181946, -0.035917531698942184, -0.9974365234375], [0.0, 0.0, 0.0, 1.0]], [[0.9475414752960205, 0.31831812858581543, -0.028960036113858223, -1.1378402709960938], [-0.026788542047142982, -0.011198149994015694, -0.9995784163475037, 1.5884270668029785], [-0.31850817799568176, 0.9479178786277771, -0.002083436120301485, -0.1025390625], [0.0, 0.0, 0.0, 1.0]], [[0.002542103175073862, 0.9999961256980896, -0.0012096354039385915, 0.0042724609375], [-0.05227779224514961, -0.0010750889778137207, -0.99863201379776, 1.5703239440917969], [-0.9986293911933899, 0.0026019320357590914, 0.052274852991104126, -0.1705322265625], [0.0, 0.0, 0.0, 1.0]], [[-0.9343568682670593, 0.355558842420578, 0.023558301851153374, 0.82177734375], [-0.019746951758861542, 0.014345252886414528, -0.9997020959854126, 1.5448112487792969], [-0.355790913105011, -0.9345438480377197, -0.006382384337484837, -0.1844482421875], [0.0, 0.0, 0.0, 1.0]]], "view": [[0.0, -2.0, 100.0], [-2.0, 0.0, 100.0], [0.0, 0.0, 1.0]], "bev": "bev_7cec5e7b20044f5da63c805c8e1adc82.png", "aux": "aux_7cec5e7b20044f5da63c805c8e1adc82.npz", "visibility": "visibility_7cec5e7b20044f5da63c805c8e1adc82.png", "pose": [[0.695159375667572, 0.7188556790351868, 0.0, 845.3668212890625], [-0.7188556790351868, 0.695159375667572, 0.0, 1785.37744140625], [0.0, 0.0, 1.0, 0.0], [0.0, 0.0, 0.0, 1.0]], "pose_inverse": [[0.695159375667572, -0.7188556790351868, 0.0, 695.7640380859375], [0.7188556790351868, 0.695159375667572, 0.0, -1848.818603515625], [0.0, 0.0, 1.0, 0.0], [0.0, 0.0, 0.0, 1.0]], "cam_ids": [0, 1, 2, 3, 4, 5], "cam_channels": ["CAM_FRONT_LEFT", "CAM_FRONT", "CAM_FRONT_RIGHT", "CAM_BACK_LEFT", "CAM_BACK", "CAM_BACK_RIGHT"], "token": "7cec5e7b20044f5da63c805c8e1adc82", "scene": "scene-1106"}, {"images": ["samples/CAM_FRONT_LEFT/n015-2018-11-21-19-58-31+0800__CAM_FRONT_LEFT__1542801577904844.jpg", "samples/CAM_FRONT/n015-2018-11-21-19-58-31+0800__CAM_FRONT__1542801577912460.jpg", "samples/CAM_FRONT_RIGHT/n015-2018-11-21-19-58-31+0800__CAM_FRONT_RIGHT__1542801577920339.jpg", "samples/CAM_BACK_LEFT/n015-2018-11-21-19-58-31+0800__CAM_BACK_LEFT__1542801577947423.jpg", "samples/CAM_BACK/n015-2018-11-21-19-58-31+0800__CAM_BACK__1542801577937525.jpg", "samples/CAM_BACK_RIGHT/n015-2018-11-21-19-58-31+0800__CAM_BACK_RIGHT__1542801577927893.jpg"], "intrinsics": [[[1272.5979470598488, 0.0, 826.6154927353808], [0.0, 1272.5979470598488, 479.75165386361925], [0.0, 0.0, 1.0]], [[1266.417203046554, 0.0, 816.2670197447984], [0.0, 1266.417203046554, 491.50706579294757], [0.0, 0.0, 1.0]], [[1260.8474446004698, 0.0, 807.968244525554], [0.0, 1260.8474446004698, 495.3344268742088], [0.0, 0.0, 1.0]], [[1256.7414812095406, 0.0, 792.1125740759628], [0.0, 1256.7414812095406, 492.7757465151356], [0.0, 0.0, 1.0]], [[809.2209905677063, 0.0, 829.2196003259838], [0.0, 809.2209905677063, 481.77842384512485], [0.0, 0.0, 1.0]], [[1259.5137405846733, 0.0, 807.2529053838625], [0.0, 1259.5137405846733, 501.19579884916527], [0.0, 0.0, 1.0]]], "extrinsics": [[[0.8206642866134644, -0.5708767771720886, -0.024694984778761864, -0.3482666015625], [-0.03154275193810463, -0.002107929205521941, -0.9995001554489136, 1.4846839904785156], [0.5705393552780151, 0.8210330605506897, -0.01973692700266838, -0.8585205078125], [0.0, 0.0, 0.0, 1.0]], [[0.006080226041376591, -0.9999632835388184, 0.0060285418294370174, 0.0133056640625], [-0.03681427985429764, -0.006248406134545803, -0.9993025660514832, 1.4979982376098633], [0.9993036389350891, 0.005853971000760794, -0.03685091808438301, -1.07989501953125], [0.0, 0.0, 0.0, 1.0]], [[-0.8326719999313354, -0.5534071326255798, 0.019946064800024033, 0.6387939453125], [-0.03117109276354313, 0.010878260247409344, -0.9994547963142395, 1.4888114929199219], [0.5528885126113892, -0.832839846611023, -0.026308326050639153, -0.9833984375], [0.0, 0.0, 0.0, 1.0]], [[0.9473097920417786, 0.3191390335559845, -0.027467962354421616, -1.1396636962890625], [-0.02230762131512165, -0.01981426402926445, -0.9995548129081726, 1.5884971618652344], [-0.31954124569892883, 0.9475007653236389, -0.011651013046503067, -0.104736328125], [0.0, 0.0, 0.0, 1.0]], [[0.001997933257371187, 0.9999502301216125, -0.009785909205675125, 0.0020751953125], [-0.04779321327805519, -0.009679256938397884, -0.998810350894928, 1.5710067749023438], [-0.9988553524017334, 0.0024633407592773438, 0.04777148738503456, -0.17279052734375], [0.0, 0.0, 0.0, 1.0]], [[-0.9347533583641052, 0.35492175817489624, 0.016330530866980553, 0.81494140625], [-0.015271356329321861, 0.005785501096397638, -0.9998666644096375, 1.5461997985839844], [-0.3549689054489136, -0.9348781704902649, 1.2122638509026729e-05, -0.18310546875], [0.0, 0.0, 0.0, 1.0]]], "view": [[0.0, -2.0, 100.0], [-2.0, 0.0, 100.0], [0.0, 0.0, 1.0]], "bev": "bev_1378783fae574a64921bd144e13b149a.png", "aux": "aux_1378783fae574a64921bd144e13b149a.npz", "visibility": "visibility_1378783fae574a64921bd144e13b149a.png", "pose": [[0.6907424330711365, 0.7231009006500244, 0.0, 851.3206176757812], [-0.7231009006500244, 0.6907424330711365, 0.0, 1779.0726318359375], [0.0, 0.0, 1.0, 0.0], [0.0, 0.0, 0.0, 1.0]], "pose_inverse": [[0.6907424330711365, -0.7231009006500244, 0.0, 698.4057006835938], [0.7231009006500244, 0.6907424330711365, 0.0, -1844.4716796875], [0.0, 0.0, 1.0, 0.0], [0.0, 0.0, 0.0, 1.0]], "cam_ids": [0, 1, 2, 3, 4, 5], "cam_channels": ["CAM_FRONT_LEFT", "CAM_FRONT", "CAM_FRONT_RIGHT", "CAM_BACK_LEFT", "CAM_BACK", "CAM_BACK_RIGHT"], "token": "1378783fae574a64921bd144e13b149a", "scene": "scene-1106"}, {"images": ["samples/CAM_FRONT_LEFT/n015-2018-11-21-19-58-31+0800__CAM_FRONT_LEFT__1542801578404844.jpg", "samples/CAM_FRONT/n015-2018-11-21-19-58-31+0800__CAM_FRONT__1542801578412460.jpg", "samples/CAM_FRONT_RIGHT/n015-2018-11-21-19-58-31+0800__CAM_FRONT_RIGHT__1542801578420339.jpg", "samples/CAM_BACK_LEFT/n015-2018-11-21-19-58-31+0800__CAM_BACK_LEFT__1542801578447423.jpg", "samples/CAM_BACK/n015-2018-11-21-19-58-31+0800__CAM_BACK__1542801578437525.jpg", "samples/CAM_BACK_RIGHT/n015-2018-11-21-19-58-31+0800__CAM_BACK_RIGHT__1542801578427893.jpg"], "intrinsics": [[[1272.5979470598488, 0.0, 826.6154927353808], [0.0, 1272.5979470598488, 479.75165386361925], [0.0, 0.0, 1.0]], [[1266.417203046554, 0.0, 816.2670197447984], [0.0, 1266.417203046554, 491.50706579294757], [0.0, 0.0, 1.0]], [[1260.8474446004698, 0.0, 807.968244525554], [0.0, 1260.8474446004698, 495.3344268742088], [0.0, 0.0, 1.0]], [[1256.7414812095406, 0.0, 792.1125740759628], [0.0, 1256.7414812095406, 492.7757465151356], [0.0, 0.0, 1.0]], [[809.2209905677063, 0.0, 829.2196003259838], [0.0, 809.2209905677063, 481.77842384512485], [0.0, 0.0, 1.0]], [[1259.5137405846733, 0.0, 807.2529053838625], [0.0, 1259.5137405846733, 501.19579884916527], [0.0, 0.0, 1.0]]], "extrinsics": [[[0.8204665780067444, -0.571263313293457, -0.022200457751750946, -0.3416748046875], [-0.032371990382671356, -0.007653151638805866, -0.9994466304779053, 1.483729362487793], [0.5707772374153137, 0.8207311034202576, -0.02477208524942398, -0.8497314453125], [0.0, 0.0, 0.0, 1.0]], [[0.006196234840899706, -0.9999130368232727, 0.01164337433874607, 0.010986328125], [-0.03763569891452789, -0.011868535540997982, -0.9992210865020752, 1.497046947479248], [0.9992722868919373, 0.005753200501203537, -0.03770596161484718, -1.06793212890625], [0.0, 0.0, 0.0, 1.0]], [[-0.8324912190437317, -0.55352783203125, 0.023772912099957466, 0.628265380859375], [-0.03199054300785065, 0.005187497939914465, -0.9994746446609497, 1.4880733489990234], [0.5531138181686401, -0.8328143954277039, -0.02202620543539524, -0.97802734375], [0.0, 0.0, 0.0, 1.0]], [[0.9472774863243103, 0.319010466337204, -0.02995956689119339, -1.1329612731933594], [-0.022996213287115097, -0.02557295747101307, -0.9994083642959595, 1.5883293151855469], [-0.3195880353450775, 0.9474060535430908, -0.016888655722141266, -0.1068115234375], [0.0, 0.0, 0.0, 1.0]], [[0.0018322200048714876, 0.999877393245697, -0.01555206160992384, 0.00244140625], [-0.04857197403907776, -0.015444746240973473, -0.9987002611160278, 1.5704283714294434], [-0.9988179802894592, 0.0025852229446172714, 0.0485377237200737, -0.1820068359375], [0.0, 0.0, 0.0, 1.0]], [[-0.9348245859146118, 0.3547910451889038, 0.0150431664660573, 0.8050537109375], [-0.01607847772538662, 3.006423321494367e-05, -0.9998707175254822, 1.5457649230957031], [-0.35474565625190735, -0.9349456429481506, 0.005676393862813711, -0.1878662109375], [0.0, 0.0, 0.0, 1.0]]], "view": [[0.0, -2.0, 100.0], [-2.0, 0.0, 100.0], [0.0, 0.0, 1.0]], "bev": "bev_da24031547b04c998ade039ace191ad1.png", "aux": "aux_da24031547b04c998ade039ace191ad1.npz", "visibility": "visibility_da24031547b04c998ade039ace191ad1.png", "pose": [[0.690804660320282, 0.7230414152145386, 0.0, 857.3126220703125], [-0.7230414152145386, 0.690804660320282, 0.0, 1772.7288818359375], [0.0, 0.0, 1.0, 0.0], [0.0, 0.0, 0.0, 1.0]], "pose_inverse": [[0.690804660320282, -0.7230414152145386, 0.0, 689.5208129882812], [0.7230414152145386, 0.690804660320282, 0.0, -1844.48193359375], [0.0, 0.0, 1.0, 0.0], [0.0, 0.0, 0.0, 1.0]], "cam_ids": [0, 1, 2, 3, 4, 5], "cam_channels": ["CAM_FRONT_LEFT", "CAM_FRONT", "CAM_FRONT_RIGHT", "CAM_BACK_LEFT", "CAM_BACK", "CAM_BACK_RIGHT"], "token": "da24031547b04c998ade039ace191ad1", "scene": "scene-1106"}, {"images": ["samples/CAM_FRONT_LEFT/n015-2018-11-21-19-58-31+0800__CAM_FRONT_LEFT__1542801578904844.jpg", "samples/CAM_FRONT/n015-2018-11-21-19-58-31+0800__CAM_FRONT__1542801578912460.jpg", "samples/CAM_FRONT_RIGHT/n015-2018-11-21-19-58-31+0800__CAM_FRONT_RIGHT__1542801578920339.jpg", "samples/CAM_BACK_LEFT/n015-2018-11-21-19-58-31+0800__CAM_BACK_LEFT__1542801578947423.jpg", "samples/CAM_BACK/n015-2018-11-21-19-58-31+0800__CAM_BACK__1542801578937525.jpg", "samples/CAM_BACK_RIGHT/n015-2018-11-21-19-58-31+0800__CAM_BACK_RIGHT__1542801578927893.jpg"], "intrinsics": [[[1272.5979470598488, 0.0, 826.6154927353808], [0.0, 1272.5979470598488, 479.75165386361925], [0.0, 0.0, 1.0]], [[1266.417203046554, 0.0, 816.2670197447984], [0.0, 1266.417203046554, 491.50706579294757], [0.0, 0.0, 1.0]], [[1260.8474446004698, 0.0, 807.968244525554], [0.0, 1260.8474446004698, 495.3344268742088], [0.0, 0.0, 1.0]], [[1256.7414812095406, 0.0, 792.1125740759628], [0.0, 1256.7414812095406, 492.7757465151356], [0.0, 0.0, 1.0]], [[809.2209905677063, 0.0, 829.2196003259838], [0.0, 809.2209905677063, 481.77842384512485], [0.0, 0.0, 1.0]], [[1259.5137405846733, 0.0, 807.2529053838625], [0.0, 1259.5137405846733, 501.19579884916527], [0.0, 0.0, 1.0]]], "extrinsics": [[[0.8206608891487122, -0.571195662021637, -0.01584513857960701, -0.3323974609375], [-0.03010171465575695, -0.015524021349847317, -0.9994262456893921, 1.4852089881896973], [0.5706220269203186, 0.8206670880317688, -0.029933929443359375, -0.845947265625], [0.0, 0.0, 0.0, 1.0]], [[0.006237746682018042, -0.9997955560684204, 0.01923167146742344, 0.0125732421875], [-0.035173334181308746, -0.019439511001110077, -0.9991921782493591, 1.4983863830566406], [0.9993616938591003, 0.005556286312639713, -0.03528740257024765, -1.06103515625], [0.0, 0.0, 0.0, 1.0]], [[-0.8325636386871338, -0.5533384084701538, 0.025579091161489487, 0.624786376953125], [-0.029327750205993652, -0.002079761354252696, -0.9995676875114441, 1.489243507385254], [0.553152322769165, -0.8329538702964783, -0.014496635645627975, -0.9744873046875], [0.0, 0.0, 0.0, 1.0]], [[0.9471840858459473, 0.31937187910079956, -0.02905062958598137, -1.1323623657226562], [-0.019823353737592697, -0.03210543468594551, -0.9992879033088684, 1.58837890625], [-0.320077121257782, 0.9470853805541992, -0.0240787360817194, -0.108154296875], [0.0, 0.0, 0.0, 1.0]], [[0.0018038240959867835, 0.9997499585151672, -0.022286901250481606, 0.0018310546875], [-0.04552661255002022, -0.022181732580065727, -0.9987168312072754,