[{"images": ["samples/CAM_FRONT_LEFT/n015-2018-08-01-15-10-21+0800__CAM_FRONT_LEFT__1533107748504844.jpg", "samples/CAM_FRONT/n015-2018-08-01-15-10-21+0800__CAM_FRONT__1533107748512460.jpg", "samples/CAM_FRONT_RIGHT/n015-2018-08-01-15-10-21+0800__CAM_FRONT_RIGHT__1533107748520339.jpg", "samples/CAM_BACK_LEFT/n015-2018-08-01-15-10-21+0800__CAM_BACK_LEFT__1533107748547423.jpg", "samples/CAM_BACK/n015-2018-08-01-15-10-21+0800__CAM_BACK__1533107748537525.jpg", "samples/CAM_BACK_RIGHT/n015-2018-08-01-15-10-21+0800__CAM_BACK_RIGHT__1533107748527893.jpg"], "intrinsics": [[[1272.5979470598488, 0.0, 826.6154927353808], [0.0, 1272.5979470598488, 479.75165386361925], [0.0, 0.0, 1.0]], [[1266.417203046554, 0.0, 816.2670197447984], [0.0, 1266.417203046554, 491.50706579294757], [0.0, 0.0, 1.0]], [[1260.8474446004698, 0.0, 807.968244525554], [0.0, 1260.8474446004698, 495.3344268742088], [0.0, 0.0, 1.0]], [[1256.7414812095406, 0.0, 792.1125740759628], [0.0, 1256.7414812095406, 492.7757465151356], [0.0, 0.0, 1.0]], [[809.2209905677063, 0.0, 829.2196003259838], [0.0, 809.2209905677063, 481.77842384512485], [0.0, 0.0, 1.0]], [[1259.5137405846733, 0.0, 807.2529053838625], [0.0, 1259.5137405846733, 501.19579884916527], [0.0, 0.0, 1.0]]], "extrinsics": [[[0.8154892325401306, -0.5785017609596252, 0.017697524279356003, -0.7950439453125], [0.004056690260767937, -0.024863749742507935, -0.999682605266571, 1.5091190338134766], [0.5787581205368042, 0.8153021931648254, -0.01792931742966175, -1.16094970703125], [0.0, 0.0, 0.0, 1.0]], [[-0.0016958906780928373, -0.999576985836029, 0.0290321446955204, 0.005767822265625], [-0.0012870016507804394, -0.029029982164502144, -0.9995777010917664, 1.5203406810760498], [0.999997615814209, -0.001732505508698523, -0.0012372271157801151, -1.5224609375], [0.0, 0.0, 0.0, 1.0]], [[-0.8360120058059692, -0.5487034916877747, 0.002896395046263933, 0.9222412109375], [0.00442105857655406, -0.012014168314635754, -0.9999180436134338, 1.5042228698730469], [0.5486932992935181, -0.8359308242797852, 0.012469839304685593, -1.17657470703125], [0.0, 0.0, 0.0, 1.0]], [[0.9475936889648438, 0.3194737732410431, -0.0016573149478062987, -1.143798828125], [0.012653655372560024, -0.04271459951996803, -0.9990071654319763, 1.5884666442871094], [-0.31922733783721924, 0.946631908416748, -0.044518593698740005, -0.1015625], [0.0, 0.0, 0.0, 1.0]], [[0.004317964892834425, 0.999457597732544, -0.03264901041984558, 0.00408935546875], [-0.012724383734166622, -0.03259175643324852, -0.999387800693512, 1.5787296295166016], [-0.9999097585678101, 0.004730763379484415, 0.012576750479638577, -0.044677734375], [0.0, 0.0, 0.0, 1.0]], [[-0.933276355266571, 0.3582940697669983, -0.024912714958190918, 1.0484619140625], [0.020076705142855644, -0.017211809754371643, -0.9996502995491028, 1.5533332824707031], [-0.35859766602516174, -0.9334501028060913, 0.00887000560760498, -0.098175048828125], [0.0, 0.0, 0.0, 1.0]]], "view": [[0.0, -2.0, 100.0], [-2.0, 0.0, 100.0], [0.0, 0.0, 1.0]], "bev": "bev_c72cd3698d474afcafbd0071c6007796.png", "aux": "aux_c72cd3698d474afcafbd0071c6007796.npz", "visibility": "visibility_c72cd3698d474afcafbd0071c6007796.png", "pose": [[-0.25957608222961426, 0.9657226800918579, 0.0, 529.4625854492188], [-0.9657226800918579, -0.25957608222961426, 0.0, 1451.3265380859375], [0.0, 0.0, 1.0, 0.0], [0.0, 0.0, 0.0, 1.0]], "pose_inverse": [[-0.25957608222961426, -0.9657226800918579, 0.0, 1539.0147705078125], [0.9657226800918579, -0.25957608222961426, 0.0, -134.58436584472656], [0.0, 0.0, 1.0, 0.0], [0.0, 0.0, 0.0, 1.0]], "cam_ids": [0, 1, 2, 3, 4, 5], "cam_channels": ["CAM_FRONT_LEFT", "CAM_FRONT", "CAM_FRONT_RIGHT", "CAM_BACK_LEFT", "CAM_BACK", "CAM_BACK_RIGHT"], "token": "c72cd3698d474afcafbd0071c6007796", "scene": "scene-0194"}, {"images": ["samples/CAM_FRONT_LEFT/n015-2018-08-01-15-10-21+0800__CAM_FRONT_LEFT__1533107749004844.jpg", "samples/CAM_FRONT/n015-2018-08-01-15-10-21+0800__CAM_FRONT__1533107749012460.jpg", "samples/CAM_FRONT_RIGHT/n015-2018-08-01-15-10-21+0800__CAM_FRONT_RIGHT__1533107749020339.jpg", "samples/CAM_BACK_LEFT/n015-2018-08-01-15-10-21+0800__CAM_BACK_LEFT__1533107749047423.jpg", "samples/CAM_BACK/n015-2018-08-01-15-10-21+0800__CAM_BACK__1533107749037525.jpg", "samples/CAM_BACK_RIGHT/n015-2018-08-01-15-10-21+0800__CAM_BACK_RIGHT__1533107749027893.jpg"], "intrinsics": [[[1272.5979470598488, 0.0, 826.6154927353808], [0.0, 1272.5979470598488, 479.75165386361925], [0.0, 0.0, 1.0]], [[1266.417203046554, 0.0, 816.2670197447984], [0.0, 1266.417203046554, 491.50706579294757], [0.0, 0.0, 1.0]], [[1260.8474446004698, 0.0, 807.968244525554], [0.0, 1260.8474446004698, 495.3344268742088], [0.0, 0.0, 1.0]], [[1256.7414812095406, 0.0, 792.1125740759628], [0.0, 1256.7414812095406, 492.7757465151356], [0.0, 0.0, 1.0]], [[809.2209905677063, 0.0, 829.2196003259838], [0.0, 809.2209905677063, 481.77842384512485], [0.0, 0.0, 1.0]], [[1259.5137405846733, 0.0, 807.2529053838625], [0.0, 1259.5137405846733, 501.19579884916527], [0.0, 0.0, 1.0]]], "extrinsics": [[[0.8173699378967285, -0.575993537902832, 0.01174138579517603, -0.7928466796875], [-0.0005008578882552683, -0.02109079249203205, -0.9997774362564087, 1.5082082748413086], [0.5761129856109619, 0.817182183265686, -0.017527468502521515, -1.16253662109375], [0.0, 0.0, 0.0, 1.0]], [[0.0009194576996378601, -0.9996809363365173, 0.02523956075310707, 0.0074462890625], [-0.005741151049733162, -0.02524443343281746, -0.999664843082428, 1.519605040550232], [0.9999830722808838, 0.0007742247544229031, -0.005762530956417322, -1.520751953125], [0.0, 0.0, 0.0, 1.0]], [[-0.8349542021751404, -0.5503010749816895, 0.004480785224586725, 0.9215087890625], [2.8414697226253338e-05, -0.00818526279181242, -0.9999664425849915, 1.5036568641662598], [0.5503193140029907, -0.8349261283874512, 0.006849959027022123, -1.1744384765625], [0.0, 0.0, 0.0, 1.0]], [[0.9475455284118652, 0.3195926547050476, -0.004223275929689407, -1.142333984375], [0.008644565008580685, -0.038833972066640854, -0.9992082715034485, 1.5885276794433594], [-0.31950363516807556, 0.9467589259147644, -0.03955969959497452, -0.10296630859375], [0.0, 0.0, 0.0, 1.0]], [[0.0034975619055330753, 0.9995794892311096, -0.028783878311514854, 0.0032958984375], [-0.01676369085907936, -0.02872139774262905, -0.9994468688964844, 1.5785303115844727], [-0.9998533725738525, 0.003978125285357237, 0.016656188294291496, -0.046875], [0.0, 0.0, 0.0, 1.0]], [[-0.9338433146476746, 0.3571479022502899, -0.01954285055398941, 1.0462646484375], [0.015818998217582703, -0.013345169834792614, -0.999785840511322, 1.5529766082763672], [-0.35733217000961304, -0.9339525103569031, 0.006812575738877058, -0.097900390625], [0.0, 0.0, 0.0, 1.0]]], "view": [[0.0, -2.0, 100.0], [-2.0, 0.0, 100.0], [0.0, 0.0, 1.0]], "bev": "bev_2f281f72c3e44abdb702ae0e736acaa2.png", "aux": "aux_2f281f72c3e44abdb702ae0e736acaa2.npz", "visibility": "visibility_2f281f72c3e44abdb702ae0e736acaa2.png", "pose": [[-0.16084133088588715, 0.9869802594184875, 0.0, 528.9141845703125], [-0.9869802594184875, -0.16084133088588715, 0.0, 1448.8831787109375], [0.0, 0.0, 1.0, 0.0], [0.0, 0.0, 0.0, 1.0]], "pose_inverse": [[-0.16084133088588715, -0.9869802594184875, 0.0, 1515.09033203125], [0.9869802594184875, -0.16084133088588715, 0.0, -288.9875793457031], [0.0, 0.0, 1.0, 0.0], [0.0, 0.0, 0.0, 1.0]], "cam_ids": [0, 1, 2, 3, 4, 5], "cam_channels": ["CAM_FRONT_LEFT", "CAM_FRONT", "CAM_FRONT_RIGHT", "CAM_BACK_LEFT", "CAM_BACK", "CAM_BACK_RIGHT"], "token": "2f281f72c3e44abdb702ae0e736acaa2", "scene": "scene-0194"}, {"images": ["samples/CAM_FRONT_LEFT/n015-2018-08-01-15-10-21+0800__CAM_FRONT_LEFT__1533107749504844.jpg", "samples/CAM_FRONT/n015-2018-08-01-15-10-21+0800__CAM_FRONT__1533107749512462.jpg", "samples/CAM_FRONT_RIGHT/n015-2018-08-01-15-10-21+0800__CAM_FRONT_RIGHT__1533107749520339.jpg", "samples/CAM_BACK_LEFT/n015-2018-08-01-15-10-21+0800__CAM_BACK_LEFT__1533107749547423.jpg", "samples/CAM_BACK/n015-2018-08-01-15-10-21+0800__CAM_BACK__1533107749537525.jpg", "samples/CAM_BACK_RIGHT/n015-2018-08-01-15-10-21+0800__CAM_BACK_RIGHT__1533107749527893.jpg"], "intrinsics": [[[1272.5979470598488, 0.0, 826.6154927353808], [0.0, 1272.5979470598488, 479.75165386361925], [0.0, 0.0, 1.0]], [[1266.417203046554, 0.0, 816.2670197447984], [0.0, 1266.417203046554, 491.50706579294757], [0.0, 0.0, 1.0]], [[1260.8474446004698, 0.0, 807.968244525554], [0.0, 1260.8474446004698, 495.3344268742088], [0.0, 0.0, 1.0]], [[1256.7414812095406, 0.0, 792.1125740759628], [0.0, 1256.7414812095406, 492.7757465151356], [0.0, 0.0, 1.0]], [[809.2209905677063, 0.0, 829.2196003259838], [0.0, 809.2209905677063, 481.77842384512485], [0.0, 0.0, 1.0]], [[1259.5137405846733, 0.0, 807.2529053838625], [0.0, 1259.5137405846733, 501.19579884916527], [0.0, 0.0, 1.0]]], "extrinsics": [[[0.8188913464546204, -0.5738844871520996, 0.008579941466450691, -0.8001708984375], [-0.0003610870917327702, -0.015464098192751408, -0.999880313873291, 1.508225917816162], [0.5739484429359436, 0.8187902569770813, -0.012870638631284237, -1.1685791015625], [0.0, 0.0, 0.0, 1.0]], [[0.0030671376734972, -0.9998072385787964, 0.01939171738922596, 0.008270263671875], [-0.0056627425365149975, -0.01940886303782463, -0.9997956156730652, 1.5196690559387207], [0.9999791979789734, 0.002956695854663849, -0.005721180699765682, -1.5302734375], [0.0, 0.0, 0.0, 1.0]], [[-0.8340547680854797, -0.5516805052757263, 0.0011592959053814411, 0.9281005859375], [4.2946403482346795e-06, -0.002107876818627119, -0.9999977350234985, 1.5036489963531494], [0.5516816973686218, -0.8340528607368469, 0.0017604550812393427, -1.17724609375], [0.0, 0.0, 0.0, 1.0]], [[0.9477453231811523, 0.319021612405777, -0.0020094977226108313, -1.138427734375], [0.00872827135026455, -0.03222526237368584, -0.9994425177574158, 1.5885906219482422], [-0.3189085125923157, 0.9471994042396545, -0.03332585096359253, -0.10498046875], [0.0, 0.0, 0.0, 1.0]], [[0.003158249892294407, 0.9997462630271912, -0.02230439893901348, 0.002288818359375], [-0.01681441254913807, -0.022248264402151108, -0.9996110796928406, 1.5785589218139648], [-0.9998536705970764, 0.0035320683382451534, 0.016739878803491592, -0.046875], [0.0, 0.0, 0.0, 1.0]], [[-0.9342522025108337, 0.356197714805603, -0.017208445817232132, 1.0496826171875], [0.015729272738099098, -0.007048846688121557, -0.999851405620575, 1.5529098510742188], [-0.3562661111354828, -0.9343841075897217, 0.0009826705791056156, -0.0951385498046875], [0.0, 0.0, 0.0, 1.0]]], "view": [[0.0, -2.0, 100.0], [-2.0, 0.0, 100.0], [0.0, 0.0, 1.0]], "bev": "bev_914e93fb7bc146d3af9c73adf7183fc3.png", "aux": "aux_914e93fb7bc146d3af9c73adf7183fc3.npz", "visibility": "visibility_914e93fb7bc146d3af9c73adf7183fc3.png", "pose": [[-0.10208018124103546, 0.99477618932724, 0.0, 528.5838623046875], [-0.99477618932724, -0.10208018124103546, 0.0, 1446.53076171875], [0.0, 0.0, 1.0, 0.0], [0.0, 0.0, 0.0, 1.0]], "pose_inverse": [[-0.10208018124103546, -0.99477618932724, 0.0, 1492.9322509765625], [0.99477618932724, -0.10208018124103546, 0.0, -378.1605224609375], [0.0, 0.0, 1.0, 0.0], [0.0, 0.0, 0.0, 1.0]], "cam_ids": [0, 1, 2, 3, 4, 5], "cam_channels": ["CAM_FRONT_LEFT", "CAM_FRONT", "CAM_FRONT_RIGHT", "CAM_BACK_LEFT", "CAM_BACK", "CAM_BACK_RIGHT"], "token": "914e93fb7bc146d3af9c73adf7183fc3", "scene": "scene-0194"}, {"images": ["samples/CAM_FRONT_LEFT/n015-2018-08-01-15-10-21+0800__CAM_FRONT_LEFT__1533107750004844.jpg", "samples/CAM_FRONT/n015-2018-08-01-15-10-21+0800__CAM_FRONT__1533107750012460.jpg", "samples/CAM_FRONT_RIGHT/n015-2018-08-01-15-10-21+0800__CAM_FRONT_RIGHT__1533107750020339.jpg", "samples/CAM_BACK_LEFT/n015-2018-08-01-15-10-21+0800__CAM_BACK_LEFT__1533107750047423.jpg", "samples/CAM_BACK/n015-2018-08-01-15-10-21+0800__CAM_BACK__1533107750037525.jpg", "samples/CAM_BACK_RIGHT/n015-2018-08-01-15-10-21+0800__CAM_BACK_RIGHT__1533107750027893.jpg"], "intrinsics": [[[1272.5979470598488, 0.0, 826.6154927353808], [0.0, 1272.5979470598488, 479.75165386361925], [0.0, 0.0, 1.0]], [[1266.417203046554, 0.0, 816.2670197447984], [0.0, 1266.417203046554, 491.50706579294757], [0.0, 0.0, 1.0]], [[1260.8474446004698, 0.0, 807.968244525554], [0.0, 1260.8474446004698, 495.3344268742088], [0.0, 0.0, 1.0]], [[1256.7414812095406, 0.0, 792.1125740759628], [0.0, 1256.7414812095406, 492.7757465151356], [0.0, 0.0, 1.0]], [[809.2209905677063, 0.0, 829.2196003259838], [0.0, 809.2209905677063, 481.77842384512485], [0.0, 0.0, 1.0]], [[1259.5137405846733, 0.0, 807.2529053838625], [0.0, 1259.5137405846733, 501.19579884916527], [0.0, 0.0, 1.0]]], "extrinsics": [[[0.8198163509368896, -0.5725989937782288, 0.005626552738249302, -0.8206787109375], [-0.0005238325684331357, -0.010575786232948303, -0.9999439120292664, 1.5081756114959717], [0.5726263523101807, 0.8197675347328186, -0.008970147930085659, -1.181671142578125], [0.0, 0.0, 0.0, 1.0]], [[0.004351384937763214, -0.9998835921287537, 0.014623346738517284, 0.0072021484375], [-0.005855797324329615, -0.014648715034127235, -0.999875545501709, 1.5197123289108276], [0.9999734163284302, 0.004265215247869492, -0.005918858107179403, -1.548583984375], [0.0, 0.0, 0.0, 1.0]], [[-0.8335013389587402, -0.5525160431861877, -0.0011983477743342519, 0.94000244140625], [-0.00024269580899272114, 0.002535007195547223, -0.9999967217445374, 1.5036147832870483], [0.5525172352790833, -0.8334983587265015, -0.0022470238618552685, -1.18603515625], [0.0, 0.0, 0.0, 1.0]], [[0.9477433562278748, 0.3190319538116455, -0.0009828979382291436, -1.141845703125], [0.008348430506885052, -0.027880126610398293, -0.9995764493942261, 1.5885601043701172], [-0.318924218416214, 0.9473338723182678, -0.029086623340845108, -0.10382080078125], [0.0, 0.0, 0.0, 1.0]], [[0.0027747026178985834, 0.9998360276222229, -0.01789916679263115, 0.002593994140625], [-0.01707231067121029, -0.017849262803792953, -0.9996949434280396, 1.578664779663086], [-0.9998504519462585, 0.0030794444028288126, 0.017019983381032944, -0.0389404296875], [0.0, 0.0, 0.0, 1.0]], [[-0.9345157742500305, 0.3555852472782135, -0.015470035374164581, 1.060791015625], [0.015597635880112648, -0.0025081741623580456, -0.9998752474784851, 1.5527076721191406], [-0.3555797040462494, -0.9346405267715454, -0.0032023608218878508, -0.0915069580078125], [0.0, 0.0, 0.0, 1.0]]], "view": [[0.0, -2.0, 100.0], [-2.0, 0.0, 100.0], [0.0, 0.0, 1.0]], "bev": "bev_f60c88cd3ef0480b849bb6e84e5af036.png", "aux": "aux_f60c88cd3ef0480b849bb6e84e5af036.npz", "visibility": "visibility_f60c88cd3ef0480b849bb6e84e5af036.png", "pose": [[-0.07583282142877579, 0.9971205592155457, 0.0, 528.3732299804688], [-0.9971205592155457, -0.07583282142877579, 0.0, 1444.3968505859375], [0.0, 0.0, 1.0, 0.0], [0.0, 0.0, 0.0, 1.0]], "pose_inverse": [[-0.07583282142877579, -0.9971205592155457, 0.0, 1480.3057861328125], [0.9971205592155457, -0.07583282142877579, 0.0, -417.3191223144531], [0.0, 0.0, 1.0, 0.0], [0.0, 0.0, 0.0, 1.0]], "cam_ids": [0, 1, 2, 3, 4, 5], "cam_channels": ["CAM_FRONT_LEFT", "CAM_FRONT", "CAM_FRONT_RIGHT", "CAM_BACK_LEFT", "CAM_BACK", "CAM_BACK_RIGHT"], "token": "f60c88cd3ef0480b849bb6e84e5af036", "scene": "scene-0194"}, {"images": ["samples/CAM_FRONT_LEFT/n015-2018-08-01-15-10-21+0800__CAM_FRONT_LEFT__1533107750504844.jpg", "samples/CAM_FRONT/n015-2018-08-01-15-10-21+0800__CAM_FRONT__1533107750512460.jpg", "samples/CAM_FRONT_RIGHT/n015-2018-08-01-15-10-21+0800__CAM_FRONT_RIGHT__1533107750520339.jpg", "samples/CAM_BACK_LEFT/n015-2018-08-01-15-10-21+0800__CAM_BACK_LEFT__1533107750547423.jpg", "samples/CAM_BACK/n015-2018-08-01-15-10-21+0800__CAM_BACK__1533107750537525.jpg", "samples/CAM_BACK_RIGHT/n015-2018-08-01-15-10-21+0800__CAM_BACK_RIGHT__1533107750527893.jpg"], "intrinsics": [[[1272.5979470598488, 0.0, 826.6154927353808], [0.0, 1272.5979470598488, 479.75165386361925], [0.0, 0.0, 1.0]], [[1266.417203046554, 0.0, 816.2670197447984], [0.0, 1266.417203046554, 491.50706579294757], [0.0, 0.0, 1.0]], [[1260.8474446004698, 0.0, 807.968244525554], [0.0, 1260.8474446004698, 495.3344268742088], [0.0, 0.0, 1.0]], [[1256.7414812095406, 0.0, 792.1125740759628], [0.0, 1256.7414812095406, 492.7757465151356], [0.0, 0.0, 1.0]], [[809.2209905677063, 0.0, 829.2196003259838], [0.0, 809.2209905677063, 481.77842384512485], [0.0, 0.0, 1.0]], [[1259.5137405846733, 0.0, 807.2529053838625], [0.0, 1259.5137405846733, 501.19579884916527], [0.0, 0.0, 1.0]]], "extrinsics": [[[0.8210529685020447, -0.5708310604095459, 0.004884518217295408, -0.8162841796875], [5.7337048929184675e-05, -0.008474076166749, -0.9999641180038452, 1.5082769393920898], [0.5708519220352173, 0.8210237622261047, -0.006924937013536692, -1.179534912109375], [0.0, 0.0, 0.0, 1.0]], [[0.006125595420598984, -0.9999045729637146, 0.012378566898405552, 0.0078125], [-0.005191489588469267, -0.012410431168973446, -0.999909520149231, 1.5197960138320923], [0.9999676942825317, 0.006060780957341194, -0.005267015192657709, -1.54541015625], [0.0, 0.0, 0.0, 1.0]], [[-0.8327370882034302, -0.5536597371101379, -0.0031275958754122257, 0.93890380859375], [0.00047488315613009036, 0.004934626631438732, -0.9999876618385315, 1.5036906003952026], [0.5536683797836304, -0.8327283263206482, -0.003846323350444436, -1.18505859375], [0.0, 0.0, 0.0, 1.0]], [[0.9477776885032654, 0.318930059671402, 0.0009780522668734193, -1.143310546875], [0.009437204338610172, -0.024979356676340103, -0.9996433854103088, 1.5885429382324219], [-0.3187918961048126, 0.9474490284919739, -0.02668468840420246, -0.10333251953125], [0.0, 0.0, 0.0, 1.0]], [[0.0023257494904100895, 0.9998823404312134, -0.015161767601966858, 0.002471923828125], [-0.016116198152303696, -0.015122361481189728, -0.9997557401657104, 1.578719139099121], [-0.9998674392700195, 0.002569529227912426, 0.016079131513834, -0.038330078125], [0.0, 0.0, 0.0, 1.0]], [[-0.9348553419113159, 0.3546978831291199, -0.015325414016842842, 1.060546875], [0.01640857756137848, 4.5940552809042856e-05, -0.9998654127120972, 1.5527763366699219], [-0.35464945435523987, -0.9349809288978577, -0.005863036494702101, -0.09130859375], [0.0, 0.0, 0.0, 1.0]]], "view": [[0.0, -2.0, 100.0], [-2.0, 0.0, 100.0], [0.0, 0.0, 1.0]], "bev": "bev_187e0d7c603d444d9b7f313437082b29.png", "aux": "aux_187e0d7c603d444d9b7f313437082b29.npz", "visibility": "visibility_187e0d7c603d444d9b7f313437082b29.png", "pose": [[-0.07201148569583893, 0.9974038004875183, 0.0, 528.203369140625], [-0.9974038004875183, -0.07201148569583893, 0.0, 1442.3446044921875], [0.0, 0.0, 1.0, 0.0], [0.0, 0.0, 0.0, 1.0]], "pose_inverse": [[-0.07201148569583893, -0.9974038004875183, 0.0, 1476.63671875], [0.9974038004875183, -0.07201148569583893, 0.0, -422.9666748046875], [0.0, 0.0, 1.0, 0.0], [0.0, 0.0, 0.0, 1.0]], "cam_ids": [0, 1, 2, 3, 4, 5], "cam_channels": ["CAM_FRONT_LEFT", "CAM_FRONT", "CAM_FRONT_RIGHT", "CAM_BACK_LEFT", "CAM_BACK", "CAM_BACK_RIGHT"], "token": "187e0d7c603d444d9b7f313437082b29", "scene": "scene-0194"}, {"images": ["samples/CAM_FRONT_LEFT/n015-2018-08-01-15-10-21+0800__CAM_FRONT_LEFT__1533107751004844.jpg", "samples/CAM_FRONT/n015-2018-08-01-15-10-21+0800__CAM_FRONT__1533107751012460.jpg", "samples/CAM_FRONT_RIGHT/n015-2018-08-01-15-10-21+0800__CAM_FRONT_RIGHT__1533107751020339.jpg", "samples/CAM_BACK_LEFT/n015-2018-08-01-15-10-21+0800__CAM_BACK_LEFT__1533107751047423.jpg", "samples/CAM_BACK/n015-2018-08-01-15-10-21+0800__CAM_BACK__1533107751037525.jpg", "samples/CAM_BACK_RIGHT/n015-2018-08-01-15-10-21+0800__CAM_BACK_RIGHT__1533107751027893.jpg"], "intrinsics": [[[1272.5979470598488, 0.0, 826.6154927353808], [0.0, 1272.5979470598488, 479.75165386361925], [0.0, 0.0, 1.0]], [[1266.417203046554, 0.0, 816.2670197447984], [0.0, 1266.417203046554, 491.50706579294757], [0.0, 0.0, 1.0]], [[1260.8474446004698, 0.0, 807.968244525554], [0.0, 1260.8474446004698, 495.3344268742088], [0.0, 0.0, 1.0]], [[1256.7414812095406, 0.0, 792.1125740759628], [0.0, 1256.7414812095406, 492.7757465151356], [0.0, 0.0, 1.0]], [[809.2209905677063, 0.0, 829.2196003259838], [0.0, 809.2209905677063, 481.77842384512485], [0.0, 0.0, 1.0]], [[1259.5137405846733, 0.0, 807.2529053838625], [0.0, 1259.5137405846733, 501.19579884916527], [0.0, 0.0, 1.0]]], "extrinsics": [[[0.822006106376648, -0.5694575905799866, 0.004896908067166805, -0.8299560546875], [0.0033918749541044235, -0.0037030046805739403, -0.9999874234199524, 1.50880765914917], [0.56946861743927, 0.8220123052597046, -0.0011123637668788433, -1.18780517578125], [0.0, 0.0, 0.0, 1.0]], [[0.007439684588462114, -0.9999428987503052, 0.007659096270799637, 0.006866455078125], [-0.00186146330088377, -0.007673143409192562, -0.9999688863754272, 1.5202885866165161], [0.999970555305481, 0.007425192277878523, -0.0019184438278898597, -1.557861328125], [0.0, 0.0, 0.0, 1.0]], [[-0.8321395516395569, -0.5545012950897217, -0.008494772017002106, 0.9461669921875], [0.003775988705456257, 0.009652217850089073, -0.9999462962150574, 1.5040305852890015], [0.5545534491539001, -0.8321269154548645, -0.005938200745731592, -1.1905517578125], [0.0, 0.0, 0.0, 1.0]], [[0.9477706551551819, 0.31890618801116943, 0.005453468766063452, -1.1402587890625], [0.012607922777533531, -0.020374378189444542, -0.9997128844261169, 1.588571548461914], [-0.3187035322189331, 0.9475672245025635, -0.02333097904920578, -0.10394287109375], [0.0, 0.0, 0.0, 1.0]], [[0.001987680559977889, 0.9999428391456604, -0.010505110025405884, 0.0028076171875], [-0.01285581849515438, -0.010478710755705833, -0.9998624920845032, 1.5788640975952148], [-0.9999154210090637, 0.0021224499214440584, 0.012834255583584309, -0.0364990234375], [0.0, 0.0, 0.0, 1.0]], [[-0.9350695610046387, 0.3540683388710022, -0.01674899458885193, 1.0662841796875], [0.019705504179000854, 0.004746147431433201, -0.9997945427894592, 1.5529193878173828], [-0.35391613841056824, -0.9352075457572937, -0.011415073648095131, -0.0896759033203125], [0.0, 0.0, 0.0, 1.0]]], "view": [[0.0, -2.0, 100.0], [-2.0, 0.0, 100.0], [0.0, 0.0, 1.0]], "bev": "bev_5f7c0714af4c4112805308158df3591d.png", "aux": "aux_5f7c0714af4c4112805308158df3591d.npz", "visibility": "visibility_5f7c0714af4c4112805308158df3591d.png", "pose": [[-0.09300410747528076, 0.9956657290458679, 0.0, 528.0197143554688], [-0.9956657290458679, -0.09300410747528076, 0.0, 1440.404296875], [0.0, 0.0, 1.0, 0.0], [0.0, 0.0, 0.0, 1.0]], "pose_inverse": [[-0.09300410747528076, -0.9956657290458679, 0.0, 1483.2691650390625], [0.9956657290458679, -0.09300410747528076, 0.0, -391.7676086425781], [0.0, 0.0, 1.0, 0.0], [0.0, 0.0, 0.0, 1.0]], "cam_ids": [0, 1, 2, 3, 4, 5], "cam_channels": ["CAM_FRONT_LEFT", "CAM_FRONT", "CAM_FRONT_RIGHT", "CAM_BACK_LEFT", "CAM_BACK", "CAM_BACK_RIGHT"], "token": "5f7c0714af4c4112805308158df3591d", "scene": "scene-0194"}, {"images": ["samples/CAM_FRONT_LEFT/n015-2018-08-01-15-10-21+0800__CAM_FRONT_LEFT__1533107751504844.jpg", "samples/CAM_FRONT/n015-2018-08-01-15-10-21+0800__CAM_FRONT__1533107751512460.jpg", "samples/CAM_FRONT_RIGHT/n015-2018-08-01-15-10-21+0800__CAM_FRONT_RIGHT__1533107751520339.jpg", "samples/CAM_BACK_LEFT/n015-2018-08-01-15-10-21+0800__CAM_BACK_LEFT__1533107751547423.jpg", "samples/CAM_BACK/n015-2018-08-01-15-10-21+0800__CAM_BACK__1533107751537525.jpg", "samples/CAM_BACK_RIGHT/n015-2018-08-01-15-10-21+0800__CAM_BACK_RIGHT__1533107751527893.jpg"], "intrinsics": [[[1272.5979470598488, 0.0, 826.6154927353808], [0.0, 1272.5979470598488, 479.75165386361925], [0.0, 0.0, 1.0]], [[1266.417203046554, 0.0, 816.2670197447984], [0.0, 1266.417203046554, 491.50706579294757], [0.0, 0.0, 1.0]], [[1260.8474446004698, 0.0, 807.968244525554], [0.0, 1260.8474446004698, 495.3344268742088], [0.0, 0.0, 1.0]], [[1256.7414812095406, 0.0, 792.1125740759628], [0.0, 1256.7414812095406, 492.7757465151356], [0.0, 0.0, 1.0]], [[809.2209905677063, 0.0, 829.2196003259838], [0.0, 809.2209905677063, 481.77842384512485], [0.0, 0.0, 1.0]], [[1259.5137405846733, 0.0, 807.2529053838625], [0.0, 1259.5137405846733, 501.19579884916527], [0.0, 0.0, 1.0]]], "extrinsics": [[[0.8219544291496277, -0.5695520043373108, 0.001162045169621706, -0.82373046875], [0.003256363794207573, 0.002659191843122244, -0.9999911189079285, 1.508805513381958], [0.5695438981056213, 0.8219510316848755, 0.004040402825921774, -1.1827392578125], [0.0, 0.0, 0.0, 1.0]], [[0.0073795802891254425, -0.9999718070030212, 0.001368342200294137, 0.006378173828125], [-0.0020500679966062307, -0.0013835056452080607, -0.9999969601631165, 1.5202444791793823], [0.9999706745147705, 0.0073767430149018764, -0.0020602205768227577, -1.5516357421875], [0.0, 0.0, 0.0, 1.0]], [[-0.8321661949157715, -0.5544021129608154, -0.011737815104424953, 0.94189453125], [0.0035333032719790936, 0.015865685418248177, -0.999867856502533, 1.5040262937545776], [0.55451500415802, -0.8320976495742798, -0.011244015768170357, -1.1881103515625], [0.0, 0.0, 0.0, 1.0]], [[0.9477670192718506, 0.31888672709465027, 0.007000574842095375, -1.1434326171875], [0.01219253335148096, -0.014288274571299553, -0.9998235702514648, 1.5885391235351562], [-0.3187304139137268, 0.9476851224899292, -0.01742999069392681, -0.10321044921875], [0.0, 0.0, 0.0, 1.0]], [[0.001991645898669958, 0.9999882578849792, -0.004424081649631262, 0.002899169921875], [-0.013218970037996769, -0.00439737644046545, -0.9999029636383057, 1.5788440704345703], [-0.9999106526374817, 0.002049935981631279, 0.01321005541831255, -0.037109375], [0.0, 0.0, 0.0, 1.0]], [[-0.9350643754005432, 0.35418954491615295, -0.014299512840807438, 1.0631103515625], [0.019415991380810738, 0.010895946063101292, -0.9997521042823792, 1.552968978881836], [-0.3539459705352783, -0.9351102709770203, -0.017065351828932762, -0.091278076171875], [0.0, 0.0, 0.0, 1.0]]], "view": [[0.0, -2.0, 100.0], [-2.0, 0.0, 100.0], [0.0, 0.0, 1.0]], "bev": "bev_3b3952d6a4d748d6b1adc941a2d03039.png", "aux": "aux_3b3952d6a4d748d6b1adc941a2d03039.npz", "visibility": "visibility_3b3952d6a4d748d6b1adc941a2d03039.png", "pose": [[-0.11982111632823944, 0.9927955269813538, 0.0, 527.7892456054688], [-0.9927955269813538, -0.11982111632823944, 0.0, 1438.42236328125], [0.0, 0.0, 1.0, 0.0], [0.0, 0.0, 0.0, 1.0]], "pose_inverse": [[-0.11982111632823944, -0.9927955269813538, 0.0, 1491.299560546875], [0.9927955269813538, -0.11982111632823944, 0.0, -351.6334228515625], [0.0, 0.0, 1.0, 0.0], [0.0, 0.0, 0.0, 1.0]], "cam_ids": [0, 1, 2, 3, 4, 5], "cam_channels": ["CAM_FRONT_LEFT", "CAM_FRONT", "CAM_FRONT_RIGHT", "CAM_BACK_LEFT", "CAM_BACK", "CAM_BACK_RIGHT"], "token": "3b3952d6a4d748d6b1adc941a2d03039", "scene": "scene-0194"}, {"images": ["samples/CAM_FRONT_LEFT/n015-2018-08-01-15-10-21+0800__CAM_FRONT_LEFT__1533107752004844.jpg", "samples/CAM_FRONT/n015-2018-08-01-15-10-21+0800__CAM_FRONT__1533107752012460.jpg", "samples/CAM_FRONT_RIGHT/n015-2018-08-01-15-10-21+0800__CAM_FRONT_RIGHT__1533107752020350.jpg", "samples/CAM_BACK_LEFT/n015-2018-08-01-15-10-21+0800__CAM_BACK_LEFT__1533107752047423.jpg", "samples/CAM_BACK/n015-2018-08-01-15-10-21+0800__CAM_BACK__1533107752037525.jpg", "samples/CAM_BACK_RIGHT/n015-2018-08-01-15-10-21+0800__CAM_BACK_RIGHT__1533107752027893.jpg"], "intrinsics": [[[1272.5979470598488, 0.0, 826.6154927353808], [0.0, 1272.5979470598488, 479.75165386361925], [0.0, 0.0, 1.0]], [[1266.417203046554, 0.0, 816.2670197447984], [0.0, 1266.417203046554, 491.50706579294757], [0.0, 0.0, 1.0]], [[1260.8474446004698, 0.0, 807.968244525554], [0.0, 1260.8474446004698, 495.3344268742088], [0.0, 0.0, 1.0]], [[1256.7414812095406, 0.0, 792.1125740759628], [0.0, 1256.7414812095406, 492.7757465151356], [0.0, 0.0, 1.0]], [[809.2209905677063, 0.0, 829.2196003259838], [0.0, 809.2209905677063, 481.77842384512485], [0.0, 0.0, 1.0]], [[1259.5137405846733, 0.0, 807.2529053838625], [0.0, 1259.5137405846733, 501.19579884916527], [0.0, 0.0, 1.0]]], "extrinsics": [[[0.822145938873291, -0.5692751407623291, 0.0013821021420881152, -0.806640625], [0.0038454621098935604, 0.003125809133052826, -0.9999877214431763, 1.508988857269287], [0.5692638754844666, 0.8221410512924194, 0.004758996888995171, -1.17059326171875], [0.0, 0.0, 0.0, 1.0]], [[0.007644424680620432, -0.9999704360961914, 0.0007906041573733091, 0.006256103515625], [-0.0015256220940500498, -0.000802289170678705, -0.9999985098838806, 1.5202914476394653], [0.9999696016311646, 0.007643194869160652, -0.0015317110810428858, -1.5345458984375], [0.0, 0.0, 0.0, 1.0]], [[-0.8320477604866028, -0.554563045501709, -0.0125065753236413, 0.93115234375], [0.003985857591032982, 0.016568606719374657, -0.9998547434806824, 1.504130482673645], [0.5546896457672119, -0.8319767713546753, -0.011575460433959961, -1.18115234375], [0.0, 0.0, 0.0, 1.0]], [[0.9477491974830627, 0.3189293444156647, 0.007450299337506294, -1.1427001953125], [0.01255220826715231, -0.013944648206233978, -0.9998239278793335, 1.5885429382324219], [-0.31876930594444275, 0.947675883769989, -0.01721929758787155, -0.10302734375], [0.0, 0.0, 0.0, 1.0]], [[0.001904713804833591, 0.9999896883964539, -0.004132748581469059, 0.00311279296875], [-0.012846050783991814, -0.0041079469956457615, -0.9999090433120728, 1.5787982940673828], [-0.9999156594276428, 0.001957630505785346, 0.012838092632591724, -0.041748046875], [0.0, 0.0, 0.0, 1.0]], [[-0.9351093173027039, 0.3540581464767456, -0.014613310806453228, 1.054931640625], [0.019815726205706596, 0.01107252761721611, -0.999742329120636, 1.5531749725341797], [-0.35380515456199646, -0.9351578950881958, -0.017369940876960754, -0.0946044921875], [0.0, 0.0, 0.0, 1.0]]], "view": [[0.0, -2.0, 100.0], [-2.0, 0.0, 100.0], [0.0, 0.0, 1.0]], "bev": "bev_cf0df8c78b7a45f1a689f7ea33a12bf3.png", "aux": "aux_cf0df8c78b7a45f1a689f7ea33a12bf3.npz", "visibility": "visibility_cf0df8c78b7a45f1a689f7ea33a12bf3.png", "pose": [[-0.1478457748889923, 0.9890104532241821, 0.0, 527.4878540039062], [-0.9890104532241821, -0.1478457748889923, 0.0, 1436.2691650390625], [0.0, 0.0, 1.0, 0.0], [0.0, 0.0, 0.0, 1.0]], "pose_inverse": [[-0.1478457748889923, -0.9890104532241821, 0.0, 1498.4720458984375], [0.9890104532241821, -0.1478457748889923, 0.0, -309.34466552734375], [0.0, 0.0, 1.0, 0.0], [0.0, 0.0, 0.0, 1.0]], "cam_ids": [0, 1, 2, 3, 4, 5], "cam_channels": ["CAM_FRONT_LEFT", "CAM_FRONT", "CAM_FRONT_RIGHT", "CAM_BACK_LEFT", "CAM_BACK", "CAM_BACK_RIGHT"], "token": "cf0df8c78b7a45f1a689f7ea33a12bf3", "scene": "scene-0194"}, {"images": ["samples/CAM_FRONT_LEFT/n015-2018-08-01-15-10-21+0800__CAM_FRONT_LEFT__1533107752404844.jpg", "samples/CAM_FRONT/n015-2018-08-01-15-10-21+0800__CAM_FRONT__1533107752412460.jpg", "samples/CAM_FRONT_RIGHT/n015-2018-08-01-15-10-21+0800__CAM_FRONT_RIGHT__1533107752420339.jpg", "samples/CAM_BACK_LEFT/n015-2018-08-01-15-10-21+0800__CAM_BACK_LEFT__1533107752447423.jpg", "samples/CAM_BACK/n015-2018-08-01-15-10-21+0800__CAM_BACK__1533107752437525.jpg", "samples/CAM_BACK_RIGHT/n015-2018-08-01-15-10-21+0800__CAM_BACK_RIGHT__1533107752427893.jpg"], "intrinsics": [[[1272.5979470598488, 0.0, 826.6154927353808], [0.0, 1272.5979470598488, 479.75165386361925], [0.0, 0.0, 1.0]], [[1266.417203046554, 0.0, 816.2670197447984], [0.0, 1266.417203046554, 491.50706579294757], [0.0, 0.0, 1.0]], [[1260.8474446004698, 0.0, 807.968244525554], [0.0, 1260.8474446004698, 495.3344268742088], [0.0, 0.0, 1.0]], [[1256.7414812095406, 0.0, 792.1125740759628], [0.0, 1256.7414812095406, 492.7757465151356], [0.0, 0.0, 1.0]], [[809.2209905677063, 0.0, 829.2196003259838], [0.0, 809.2209905677063, 481.77842384512485], [0.0, 0.0, 1.0]], [[1259.5137405846733, 0.0, 807.2529053838625], [0.0, 1259.5137405846733, 501.19579884916527], [0.0, 0.0, 1.0]]], "extrinsics": [[[0.8220297694206238, -0.5694410800933838, 0.0019649923779070377, -0.81591796875], [0.0049422187730669975, 0.003683781484141946, -0.9999809861183167, 1.509139060974121], [0.5694230198860168, 0.822023868560791, 0.005842480808496475, -1.17803955078125], [0.0, 0.0, 0.0, 1.0]], [[0.007476238068193197, -0.9999720454216003, 0.00029104933491908014, 0.00677490234375], [-0.0004929337301291525, -0.0002947427856270224, -0.9999998807907104, 1.520460605621338], [0.9999719262123108, 0.00747609743848443, -0.0004951237933710217, -1.54443359375], [0.0, 0.0, 0.0, 1.0]], [[-0.8321079015731812, -0.5544478893280029, -0.013563228771090508, 0.9378662109375], [0.004955258220434189, 0.01702195405960083, -0.9998428225517273, 1.5042009353637695], [0.5545916557312012, -0.8320443034172058, -0.011416670866310596, -1.18505859375], [0.0, 0.0, 0.0, 1.0]], [[0.9477219581604004, 0.318991482257843, 0.00822046585381031, -1.144287109375], [0.013258183375000954, -0.01362447440624237, -0.999819278717041, 1.5885181427001953], [-0.31882181763648987, 0.9476596713066101, -0.01714146137237549, -0.10247802734375], [0.0, 0.0, 0.0, 1.0]], [[0.0019351111259311438, 0.9999914765357971, -0.0036406635772436857, 0.0028076171875], [-0.01204777043312788, -0.003617092501372099, -0.9999208450317383, 1.5788793563842773], [-0.9999255537986755, 0.00197879271581769, 0.012040668167173862, -0.0380859375], [0.0, 0.0, 0.0, 1.0]], [[-0.9350619316101074, 0.3541591763496399, -0.015176288783550262, 1.06005859375], [0.020710088312625885, 0.011839999817311764, -0.9997153878211975, 1.5531291961669922], [-0.3538787364959717, -0.9351102113723755, -0.01840580254793167, -0.0921630859375], [0.0, 0.0, 0.0, 1.0]]], "view": [[0.0, -2.0, 100.0], [-2.0, 0.0, 100.0], [0.0, 0.0, 1.0]], "bev": "bev_81dc0a861e004eab962f3df5205c06ca.png", "aux": "aux_81dc0a861e004eab962f3df5205c06ca.npz", "visibility": "visibility_81dc0a861e004eab962f3df5205c06ca.png", "pose": [[-0.16940666735172272, 0.9855462312698364, 0.0, 527.1985473632812], [-0.9855462312698364, -0.16940666735172272, 0.0, 1434.5447998046875], [0.0, 0.0, 1.0, 0.0], [0.0, 0.0, 0.0, 1.0]], "pose_inverse": [[-0.16940666735172272, -0.9855462312698364, 0.0, 1503.1212158203125], [0.9855462312698364, -0.16940666735172272, 0.0, -276.5570983886719], [0.0, 0.0, 1.0, 0.0], [0.0, 0.0, 0.0, 1.0]], "cam_ids": [0, 1, 2, 3, 4, 5], "cam_channels": ["CAM_FRONT_LEFT", "CAM_FRONT", "CAM_FRONT_RIGHT", "CAM_BACK_LEFT", "CAM_BACK", "CAM_BACK_RIGHT"], "token": "81dc0a861e004eab962f3df5205c06ca", "scene": "scene-0194"}, {"images": ["samples/CAM_FRONT_LEFT/n015-2018-08-01-15-10-21+0800__CAM_FRONT_LEFT__1533107752904844.jpg", "samples/CAM_FRONT/n015-2018-08-01-15-10-21+0800__CAM_FRONT__1533107752912460.jpg", "samples/CAM_FRONT_RIGHT/n015-2018-08-01-15-10-21+0800__CAM_FRONT_RIGHT__1533107752920339.jpg", "samples/CAM_BACK_LEFT/n015-2018-08-01-15-10-21+0800__CAM_BACK_LEFT__1533107752947423.jpg", "samples/CAM_BACK/n015-2018-08-01-15-10-21+0800__CAM_BACK__1533107752937525.jpg", "samples/CAM_BACK_RIGHT/n015-2018-08-01-15-10-21+0800__CAM_BACK_RIGHT__1533107752927893.jpg"], "intrinsics": [[[1272.5979470598488, 0.0, 826.6154927353808], [0.0, 1272.5979470598488, 479.75165386361925], [0.0, 0.0, 1.0]], [[1266.417203046554, 0.0, 816.2670197447984], [0.0, 1266.417203046554, 491.50706579294757], [0.0, 0.0, 1.0]], [[1260.8474446004698, 0.0, 807.968244525554], [0.0, 1260.8474446004698, 495.3344268742088], [0.0, 0.0, 1.0]], [[1256.7414812095406, 0.0, 792.1125740759628], [0.0, 1256.7414812095406, 492.7757465151356], [0.0, 0.0, 1.0]], [[809.2209905677063, 0.0, 829.2196003259838], [0.0, 809.2209905677063, 481.77842384512485], [0.0, 0.0, 1.0]], [[1259.5137405846733, 0.0, 807.2529053838625], [0.0, 1259.5137405846733, 501.19579884916527], [0.0, 0.0, 1.0]]], "extrinsics": [[[0.8216031789779663, -0.570052981376648, 0.0028028259985148907, -0.800048828125], [0.008597039617598057, 0.007474238518625498, -0.9999350905418396, 1.5099372863769531], [0.5699949860572815, 0.8215739130973816, 0.011041626334190369, -1.169189453125], [0.0, 0.0, 0.0, 1.0]], [[0.006901840679347515, -0.9999695420265198, -0.0036183628253638744, 0.0084228515625], [0.003441853215917945, 0.0036421832628548145, -0.9999874830245972, 1.521085262298584], [0.9999701976776123, 0.006889302283525467, 0.0034668860025703907, -1.5296630859375], [0.0, 0.0, 0.0, 1.0]], [[-0.8322833776473999, -0.5540127158164978, -0.019344504922628403, 0.9290771484375], [0.00918936263769865, 0.02110281214118004, -0.9997350573539734, 1.504755973815918], [0.5542741417884827, -0.832240641117096, -0.012472497299313545, -1.1778564453125], [0.0, 0.0, 0.0, 1.0]], [[0.9476900100708008, 0.3188590407371521, 0.014574944972991943, -1.1463623046875], [0.018284324556589127, -0.008643040433526039, -0.9997954368591309, 1.5884761810302734], [-0.31866785883903503, 0.9477627277374268, -0.01402104552835226, -0.10205078125], [0.0, 0.0, 0.0, 1.0]], [[0.002117268741130829, 0.999997079372406, 0.001156020793132484, 0.002410888671875], [-0.007253813557326794, 0.0011713514104485512, -0.9999730587005615, 1.5790424346923828], [-0.9999713897705078, 0.002108836779370904, 0.007256274111568928, -0.041259765625], [0.0, 0.0, 0.0, 1.0]], [[-0.9348787665367126, 0.3545202612876892, -0.01780681125819683, 1.052490234375], [0.02521597594022751, 0.016289884224534035, -0.9995492696762085, 1.5536766052246094], [-0.35407042503356934, -0.9349064826965332, -0.02416864223778248, -0.094024658203125], [0.0, 0.0, 0.0, 1.0]]], "view": [[0.0, -2.0, 100.0], [-2.0, 0.0, 100.0], [0.0, 0.0, 1.0]], "bev": "bev_d4d349f8a8b448a7a64b3933d5e4c3ba.png", "aux": "aux_d4d349f8a8b448a7a64b3933d5e4c3ba.npz", "visibility": "visibility_d4d349f8a8b448a7a64b3933d5e4c3ba.png", "pose": [[-0.18938679993152618, 0.981902539730072, 0.0, 526.7618408203125], [-0.981902539730072, -0.18938679993152618, 0.0, 1432.3070068359375], [0.0, 0.0, 1.0, 0.0], [0.0, 0.0, 0.0, 1.0]], "pose_inverse": [[-0.18938679993152618, -0.981902539730072, 0.0, 1506.147705078125], [0.981902539730072, -0.18938679993152618, 0.0, -245.96875], [0.0, 0.0, 1.0, 0.0], [0.0, 0.0, 0.0, 1.0]], "cam_ids": [0, 1, 2, 3, 4, 5], "cam_channels": ["CAM_FRONT_LEFT", "CAM_FRONT", "CAM_FRONT_RIGHT", "CAM_BACK_LEFT", "CAM_BACK", "CAM_BACK_RIGHT"], "token": "d4d349f8a8b448a7a64b3933d5e4c3ba", "scene": "scene-0194"}, {"images": ["samples/CAM_FRONT_LEFT/n015-2018-08-01-15-10-21+0800__CAM_FRONT_LEFT__1533107753404844.jpg", "samples/CAM_FRONT/n015-2018-08-01-15-10-21+0800__CAM_FRONT__1533107753412460.jpg", "samples/CAM_FRONT_RIGHT/n015-2018-08-01-15-10-21+0800__CAM_FRONT_RIGHT__1533107753420339.jpg", "samples/CAM_BACK_LEFT/n015-2018-08-01-15-10-21+0800__CAM_BACK_LEFT__1533107753447423.jpg", "samples/CAM_BACK/n015-2018-08-01-15-10-21+0800__CAM_BACK__1533107753437525.jpg", "samples/CAM_BACK_RIGHT/n015-2018-08-01-15-10-21+0800__CAM_BACK_RIGHT__1533107753427893.jpg"], "intrinsics": [[[1272.5979470598488, 0.0, 826.6154927353808], [0.0, 1272.5979470598488, 479.75165386361925], [0.0, 0.0, 1.0]], [[1266.417203046554, 0.0, 816.2670197447984], [0.0, 1266.417203046554, 491.50706579294757], [0.0, 0.0, 1.0]], [[1260.8474446004698, 0.0, 807.968244525554], [0.0, 1260.8474446004698, 495.3344268742088], [0.0, 0.0, 1.0]], [[1256.7414812095406, 0.0, 792.1125740759628], [0.0, 1256.7414812095406, 492.7757465151356], [0.0, 0.0, 1.0]], [[809.2209905677063, 0.0, 829.2196003259838], [0.0, 809.2209905677063, 481.77842384512485], [0.0, 0.0, 1.0]], [[1259.5137405846733, 0.0, 807.2529053838625], [0.0, 1259.5137405846733, 501.19579884916527], [0.0, 0.0, 1.0]]], "extrinsics": [[[0.8212463855743408, -0.5705288052558899, -0.0071703847497701645, -0.7745361328125], [0.0032312737312167883, 0.01721728779375553, -0.9998465776443481, 1.5089672803878784], [0.5705646872520447, 0.821097195148468, 0.01598316803574562, -1.14984130859375], [0.0, 0.0, 0.0, 1.0]], [[0.00636275764554739, -0.9998936057090759, -0.01312483474612236, 0.007659912109375], [-0.0022333574015647173, 0.01311085931956768, -0.9999116063117981, 1.520092487335205], [0.9999772310256958, 0.006391498725861311, -0.0021496990229934454, -1.5029296875], [0.0, 0.0, 0.0, 1.0]], [[-0.832598865032196, -0.5535352230072021, -0.019437449052929878, 0.9110107421875], [0.0032044616527855396, 0.03027883917093277, -0.9995363354682922, 1.5040849447250366], [0.5538671612739563, -0.8322750926017761, -0.023436345160007477, -1.16680908203125], [0.0, 0.0, 0.0, 1.0]], [[0.9477543234825134, 0.3188263475894928, 0.010563476011157036, -1.1444091796875], [0.011167743243277073, -6.730556924594566e-05, -0.9999375939369202, 1.5885295867919922], [-0.3188057243824005, 0.9478131532669067, -0.0036243589129298925, -0.102783203125], [0.0, 0.0, 0.0, 1.0]], [[0.0022316197864711285, 0.9999