[{"images": ["samples/CAM_FRONT_LEFT/n015-2018-07-24-11-13-19+0800__CAM_FRONT_LEFT__1532402176104844.jpg", "samples/CAM_FRONT/n015-2018-07-24-11-13-19+0800__CAM_FRONT__1532402176112460.jpg", "samples/CAM_FRONT_RIGHT/n015-2018-07-24-11-13-19+0800__CAM_FRONT_RIGHT__1532402176120339.jpg", "samples/CAM_BACK_LEFT/n015-2018-07-24-11-13-19+0800__CAM_BACK_LEFT__1532402176147423.jpg", "samples/CAM_BACK/n015-2018-07-24-11-13-19+0800__CAM_BACK__1532402176137525.jpg", "samples/CAM_BACK_RIGHT/n015-2018-07-24-11-13-19+0800__CAM_BACK_RIGHT__1532402176127893.jpg"], "intrinsics": [[[1272.5979470598488, 0.0, 826.6154927353808], [0.0, 1272.5979470598488, 479.75165386361925], [0.0, 0.0, 1.0]], [[1266.417203046554, 0.0, 816.2670197447984], [0.0, 1266.417203046554, 491.50706579294757], [0.0, 0.0, 1.0]], [[1260.8474446004698, 0.0, 807.968244525554], [0.0, 1260.8474446004698, 495.3344268742088], [0.0, 0.0, 1.0]], [[1256.7414812095406, 0.0, 792.1125740759628], [0.0, 1256.7414812095406, 492.7757465151356], [0.0, 0.0, 1.0]], [[809.2209905677063, 0.0, 829.2196003259838], [0.0, 809.2209905677063, 481.77842384512485], [0.0, 0.0, 1.0]], [[1259.5137405846733, 0.0, 807.2529053838625], [0.0, 1259.5137405846733, 501.19579884916527], [0.0, 0.0, 1.0]]], "extrinsics": [[[0.8208312392234802, -0.5707970857620239, -0.020656302571296692, -0.47686767578125], [-0.03540066257119179, -0.014745812863111496, -0.9992644190788269, 1.4871978759765625], [0.570072591304779, 0.82095867395401, -0.032310422509908676, -0.9412841796875], [0.0, 0.0, 0.0, 1.0]], [[0.006641470827162266, -0.9998108148574829, 0.018281273543834686, 0.0081787109375], [-0.040938135236501694, -0.018538201227784157, -0.9989897012710571, 1.5004005432128906], [0.999139666557312, 0.005886361002922058, -0.04105350375175476, -1.20086669921875], [0.0, 0.0, 0.0, 1.0]], [[-0.832322895526886, -0.5534668564796448, 0.03021460771560669, 0.7115478515625], [-0.035582106560468674, -0.0010473070433363318, -0.9993661642074585, 1.48992919921875], [0.5531477928161621, -0.8328704237937927, -0.018821822479367256, -1.03546142578125], [0.0, 0.0, 0.0, 1.0]], [[0.9472970962524414, 0.31833311915397644, -0.03594581410288811, -1.125], [-0.027616696432232857, -0.03064085729420185, -0.9991488456726074, 1.5880355834960938], [-0.31916356086730957, 0.9474835991859436, -0.020234689116477966, -0.1087646484375], [0.0, 0.0, 0.0, 1.0]], [[0.0019952207803726196, 0.999778151512146, -0.020970216020941734, 0.0032958984375], [-0.05278503894805908, -0.020835725590586662, -0.9983885288238525, 1.5712547302246094], [-0.998603880405426, 0.0030989209190011024, 0.05273175239562988, -0.1513671875], [0.0, 0.0, 0.0, 1.0]], [[-0.9347538948059082, 0.35490915179252625, 0.016571806743741035, 0.8710708618164062], [-0.019929930567741394, -0.005808101035654545, -0.999784529209137, 1.545797348022461], [-0.35473644733428955, -0.9348827600479126, 0.012502460740506649, -0.1641845703125], [0.0, 0.0, 0.0, 1.0]]], "view": [[0.0, -2.0, 100.0], [-2.0, 0.0, 100.0], [0.0, 0.0, 1.0]], "bev": "bev_923c402a3b144655858d07292ebb44c8.png", "aux": "aux_923c402a3b144655858d07292ebb44c8.npz", "visibility": "visibility_923c402a3b144655858d07292ebb44c8.png", "pose": [[0.9995852708816528, 0.028796445578336716, 0.0, 626.940185546875], [-0.028796445578336716, 0.9995852708816528, 0.0, 1475.4786376953125], [0.0, 0.0, 1.0, 0.0], [0.0, 0.0, 0.0, 1.0]], "pose_inverse": [[0.9995852708816528, -0.028796445578336716, 0.0, -584.191650390625], [0.028796445578336716, 0.9995852708816528, 0.0, -1492.92041015625], [0.0, 0.0, 1.0, 0.0], [0.0, 0.0, 0.0, 1.0]], "cam_ids": [0, 1, 2, 3, 4, 5], "cam_channels": ["CAM_FRONT_LEFT", "CAM_FRONT", "CAM_FRONT_RIGHT", "CAM_BACK_LEFT", "CAM_BACK", "CAM_BACK_RIGHT"], "token": "923c402a3b144655858d07292ebb44c8", "scene": "scene-0049"}, {"images": ["samples/CAM_FRONT_LEFT/n015-2018-07-24-11-13-19+0800__CAM_FRONT_LEFT__1532402176504844.jpg", "samples/CAM_FRONT/n015-2018-07-24-11-13-19+0800__CAM_FRONT__1532402176512460.jpg", "samples/CAM_FRONT_RIGHT/n015-2018-07-24-11-13-19+0800__CAM_FRONT_RIGHT__1532402176520339.jpg", "samples/CAM_BACK_LEFT/n015-2018-07-24-11-13-19+0800__CAM_BACK_LEFT__1532402176547423.jpg", "samples/CAM_BACK/n015-2018-07-24-11-13-19+0800__CAM_BACK__1532402176537525.jpg", "samples/CAM_BACK_RIGHT/n015-2018-07-24-11-13-19+0800__CAM_BACK_RIGHT__1532402176527893.jpg"], "intrinsics": [[[1272.5979470598488, 0.0, 826.6154927353808], [0.0, 1272.5979470598488, 479.75165386361925], [0.0, 0.0, 1.0]], [[1266.417203046554, 0.0, 816.2670197447984], [0.0, 1266.417203046554, 491.50706579294757], [0.0, 0.0, 1.0]], [[1260.8474446004698, 0.0, 807.968244525554], [0.0, 1260.8474446004698, 495.3344268742088], [0.0, 0.0, 1.0]], [[1256.7414812095406, 0.0, 792.1125740759628], [0.0, 1256.7414812095406, 492.7757465151356], [0.0, 0.0, 1.0]], [[809.2209905677063, 0.0, 829.2196003259838], [0.0, 809.2209905677063, 481.77842384512485], [0.0, 0.0, 1.0]], [[1259.5137405846733, 0.0, 807.2529053838625], [0.0, 1259.5137405846733, 501.19579884916527], [0.0, 0.0, 1.0]]], "extrinsics": [[[0.8208299875259399, -0.5707545876502991, -0.021847132593393326, -0.4759521484375], [-0.030812375247478485, -0.00605402234941721, -0.9995068311691284, 1.489980697631836], [0.5703408718109131, 0.8210983276367188, -0.022555626928806305, -0.9444580078125], [0.0, 0.0, 0.0, 1.0]], [[0.006582984235137701, -0.9999314546585083, 0.009679589420557022, 0.01123046875], [-0.03620486706495285, -0.00991178397089243, -0.9992952346801758, 1.5028076171875], [0.9993227124214172, 0.006227897480130196, -0.036267634481191635, -1.2021484375], [0.0, 0.0, 0.0, 1.0]], [[-0.8324351906776428, -0.5537091493606567, 0.02139994502067566, 0.7139892578125], [-0.030697844922542572, 0.007521477062255144, -0.9995003342628479, 1.491833209991455], [0.553271472454071, -0.8326762318611145, -0.023258812725543976, -1.0340576171875], [0.0, 0.0, 0.0, 1.0]], [[0.947597324848175, 0.31822532415390015, -0.02814216911792755, -1.12469482421875], [-0.02217208966612816, -0.02236778475344181, -0.9995038509368896, 1.5881423950195312], [-0.31869688630104065, 0.9477512240409851, -0.014139930717647076, -0.1092529296875], [0.0, 0.0, 0.0, 1.0]], [[0.0022910665720701218, 0.9999178647994995, -0.01261558011174202, 0.0023193359375], [-0.04755996912717819, -0.012492382898926735, -0.9987903237342834, 1.5721435546875], [-0.9988657832145691, 0.002888290211558342, 0.047527436167001724, -0.14984130859375], [0.0, 0.0, 0.0, 1.0]], [[-0.9348068833351135, 0.3548447787761688, 0.01487248856574297, 0.8718976974487305], [-0.014887875877320766, 0.002687082625925541, -0.9998855590820312, 1.5472450256347656], [-0.3548441529273987, -0.934921383857727, 0.0027709794230759144, -0.1617431640625], [0.0, 0.0, 0.0, 1.0]]], "view": [[0.0, -2.0, 100.0], [-2.0, 0.0, 100.0], [0.0, 0.0, 1.0]], "bev": "bev_7f66bef560d04ebea139163f21cc6cb1.png", "aux": "aux_7f66bef560d04ebea139163f21cc6cb1.npz", "visibility": "visibility_7f66bef560d04ebea139163f21cc6cb1.png", "pose": [[0.9993094801902771, 0.03715638816356659, 0.0, 632.3615112304688], [-0.03715638816356659, 0.9993094801902771, 0.0, 1475.271484375], [0.0, 0.0, 1.0, 0.0], [0.0, 0.0, 0.0, 1.0]], "pose_inverse": [[0.9993094801902771, -0.03715638816356659, 0.0, -577.1090698242188], [0.03715638816356659, 0.9993094801902771, 0.0, -1497.7490234375], [0.0, 0.0, 1.0, 0.0], [0.0, 0.0, 0.0, 1.0]], "cam_ids": [0, 1, 2, 3, 4, 5], "cam_channels": ["CAM_FRONT_LEFT", "CAM_FRONT", "CAM_FRONT_RIGHT", "CAM_BACK_LEFT", "CAM_BACK", "CAM_BACK_RIGHT"], "token": "7f66bef560d04ebea139163f21cc6cb1", "scene": "scene-0049"}, {"images": ["samples/CAM_FRONT_LEFT/n015-2018-07-24-11-13-19+0800__CAM_FRONT_LEFT__1532402176904844.jpg", "samples/CAM_FRONT/n015-2018-07-24-11-13-19+0800__CAM_FRONT__1532402176912460.jpg", "samples/CAM_FRONT_RIGHT/n015-2018-07-24-11-13-19+0800__CAM_FRONT_RIGHT__1532402176920339.jpg", "samples/CAM_BACK_LEFT/n015-2018-07-24-11-13-19+0800__CAM_BACK_LEFT__1532402176947423.jpg", "samples/CAM_BACK/n015-2018-07-24-11-13-19+0800__CAM_BACK__1532402176937525.jpg", "samples/CAM_BACK_RIGHT/n015-2018-07-24-11-13-19+0800__CAM_BACK_RIGHT__1532402176927893.jpg"], "intrinsics": [[[1272.5979470598488, 0.0, 826.6154927353808], [0.0, 1272.5979470598488, 479.75165386361925], [0.0, 0.0, 1.0]], [[1266.417203046554, 0.0, 816.2670197447984], [0.0, 1266.417203046554, 491.50706579294757], [0.0, 0.0, 1.0]], [[1260.8474446004698, 0.0, 807.968244525554], [0.0, 1260.8474446004698, 495.3344268742088], [0.0, 0.0, 1.0]], [[1256.7414812095406, 0.0, 792.1125740759628], [0.0, 1256.7414812095406, 492.7757465151356], [0.0, 0.0, 1.0]], [[809.2209905677063, 0.0, 829.2196003259838], [0.0, 809.2209905677063, 481.77842384512485], [0.0, 0.0, 1.0]], [[1259.5137405846733, 0.0, 807.2529053838625], [0.0, 1259.5137405846733, 501.19579884916527], [0.0, 0.0, 1.0]]], "extrinsics": [[[0.8201598525047302, -0.5716261863708496, -0.024107476696372032, -0.486236572265625], [-0.04737043380737305, -0.025854282081127167, -0.9985427260398865, 1.4809112548828125], [0.5701699256896973, 0.8201066851615906, -0.04828282818198204, -0.953857421875], [0.0, 0.0, 0.0, 1.0]], [[0.006285008974373341, -0.9995233416557312, 0.030225271359086037, 0.0123291015625], [-0.05321982875466347, -0.030517373234033585, -0.9981164336204529, 1.4951858520507812], [0.9985630512237549, 0.004664588253945112, -0.05338625982403755, -1.21435546875], [0.0, 0.0, 0.0, 1.0]], [[-0.8321589827537537, -0.5524677634239197, 0.04786135256290436, 0.722900390625], [-0.04818395897746086, -0.013945394195616245, -0.998741090297699, 1.4856719970703125], [0.5524396300315857, -0.8334175944328308, -0.015015297569334507, -1.0394287109375], [0.0, 0.0, 0.0, 1.0]], [[0.9467971324920654, 0.3172614276409149, -0.0540408194065094, -1.12744140625], [-0.04127559810876846, -0.04682517051696777, -0.9980499148368835, 1.5879135131835938], [-0.319173127412796, 0.9471814036369324, -0.03123878501355648, -0.10888671875], [0.0, 0.0, 0.0, 1.0]], [[0.0020528666209429502, 0.9993495345115662, -0.03600503131747246, 0.001953125], [-0.06605096161365509, -0.035790976136922836, -0.9971741437911987, 1.56976318359375], [-0.9978141784667969, 0.004425232298672199, 0.06593451648950577, -0.143798828125], [0.0, 0.0, 0.0, 1.0]], [[-0.9343070983886719, 0.3556790053844452, 0.023722006008028984, 0.8796281814575195], [-0.0328272320330143, -0.019585205242037773, -0.9992691278457642, 1.5425148010253906], [-0.35495442152023315, -0.9344029426574707, 0.029974553734064102, -0.158447265625], [0.0, 0.0, 0.0, 1.0]]], "view": [[0.0, -2.0, 100.0], [-2.0, 0.0, 100.0], [0.0, 0.0, 1.0]], "bev": "bev_44621cc8effa49a0a8b1a7a58353ca61.png", "aux": "aux_44621cc8effa49a0a8b1a7a58353ca61.npz", "visibility": "visibility_44621cc8effa49a0a8b1a7a58353ca61.png", "pose": [[0.9990131258964539, 0.044415947049856186, 0.0, 637.6996459960938], [-0.044415947049856186, 0.9990131258964539, 0.0, 1475.025634765625], [0.0, 0.0, 1.0, 0.0], [0.0, 0.0, 0.0, 1.0]], "pose_inverse": [[0.9990131258964539, -0.044415947049856186, 0.0, -571.5556640625], [0.044415947049856186, 0.9990131258964539, 0.0, -1501.89404296875], [0.0, 0.0, 1.0, 0.0], [0.0, 0.0, 0.0, 1.0]], "cam_ids": [0, 1, 2, 3, 4, 5], "cam_channels": ["CAM_FRONT_LEFT", "CAM_FRONT", "CAM_FRONT_RIGHT", "CAM_BACK_LEFT", "CAM_BACK", "CAM_BACK_RIGHT"], "token": "44621cc8effa49a0a8b1a7a58353ca61", "scene": "scene-0049"}, {"images": ["samples/CAM_FRONT_LEFT/n015-2018-07-24-11-13-19+0800__CAM_FRONT_LEFT__1532402177404844.jpg", "samples/CAM_FRONT/n015-2018-07-24-11-13-19+0800__CAM_FRONT__1532402177412460.jpg", "samples/CAM_FRONT_RIGHT/n015-2018-07-24-11-13-19+0800__CAM_FRONT_RIGHT__1532402177420339.jpg", "samples/CAM_BACK_LEFT/n015-2018-07-24-11-13-19+0800__CAM_BACK_LEFT__1532402177447423.jpg", "samples/CAM_BACK/n015-2018-07-24-11-13-19+0800__CAM_BACK__1532402177437525.jpg", "samples/CAM_BACK_RIGHT/n015-2018-07-24-11-13-19+0800__CAM_BACK_RIGHT__1532402177427893.jpg"], "intrinsics": [[[1272.5979470598488, 0.0, 826.6154927353808], [0.0, 1272.5979470598488, 479.75165386361925], [0.0, 0.0, 1.0]], [[1266.417203046554, 0.0, 816.2670197447984], [0.0, 1266.417203046554, 491.50706579294757], [0.0, 0.0, 1.0]], [[1260.8474446004698, 0.0, 807.968244525554], [0.0, 1260.8474446004698, 495.3344268742088], [0.0, 0.0, 1.0]], [[1256.7414812095406, 0.0, 792.1125740759628], [0.0, 1256.7414812095406, 492.7757465151356], [0.0, 0.0, 1.0]], [[809.2209905677063, 0.0, 829.2196003259838], [0.0, 809.2209905677063, 481.77842384512485], [0.0, 0.0, 1.0]], [[1259.5137405846733, 0.0, 807.2529053838625], [0.0, 1259.5137405846733, 501.19579884916527], [0.0, 0.0, 1.0]]], "extrinsics": [[[0.8213305473327637, -0.5704362392425537, 0.0043187798000872135, -0.4990234375], [-0.028353551402688026, -0.04838336259126663, -0.9984263181686401, 1.4922332763671875], [0.5697475075721741, 0.8199155926704407, -0.055912625044584274, -0.9581298828125], [0.0, 0.0, 0.0, 1.0]], [[0.007030917331576347, -0.9986323714256287, 0.051806893199682236, 0.009033203125], [-0.03383154422044754, -0.05201607197523117, -0.9980730414390564, 1.5047607421875], [0.9994028806686401, 0.0052646552212536335, -0.034150995314121246, -1.22503662109375], [0.0, 0.0, 0.0, 1.0]], [[-0.8322963714599609, -0.5526838302612305, 0.04269903153181076, 0.72900390625], [-0.028417544439435005, -0.03438621386885643, -0.9990044832229614, 1.4932937622070312], [0.5536019206047058, -0.8326812982559204, 0.012913606129586697, -1.046142578125], [0.0, 0.0, 0.0, 1.0]], [[0.9473402500152588, 0.3177723288536072, -0.0395900197327137, -1.13079833984375], [-0.020506596192717552, -0.06317690014839172, -0.997791588306427, 1.5883255004882812], [-0.31957170367240906, 0.9460599422454834, -0.0533335842192173, -0.10791015625], [0.0, 0.0, 0.0, 1.0]], [[0.001901958603411913, 0.9985473155975342, -0.05384942889213562, 0.002685546875], [-0.04559381306171417, -0.053706929087638855, -0.9975153207778931, 1.57293701171875], [-0.9989582896232605, 0.004352438263595104, 0.045425429940223694, -0.13934326171875], [0.0, 0.0, 0.0, 1.0]], [[-0.9349578619003296, 0.35475337505340576, -0.00195949780754745, 0.886683464050293], [-0.012696425430476665, -0.03898053243756294, -0.9991592764854431, 1.5480880737304688], [-0.35453152656555176, -0.9341470003128052, 0.040949251502752304, -0.1575927734375], [0.0, 0.0, 0.0, 1.0]]], "view": [[0.0, -2.0, 100.0], [-2.0, 0.0, 100.0], [0.0, 0.0, 1.0]], "bev": "bev_0874cd8e6c714fbdb6a970cfc8d477c5.png", "aux": "aux_0874cd8e6c714fbdb6a970cfc8d477c5.npz", "visibility": "visibility_0874cd8e6c714fbdb6a970cfc8d477c5.png", "pose": [[0.9984623789787292, 0.05543381720781326, 0.0, 644.2990112304688], [-0.05543381720781326, 0.9984623789787292, 0.0, 1474.6884765625], [0.0, 0.0, 1.0, 0.0], [0.0, 0.0, 0.0, 1.0]], "pose_inverse": [[0.9984623789787292, -0.05543381720781326, 0.0, -561.5607299804688], [0.05543381720781326, 0.9984623789787292, 0.0, -1508.1368408203125], [0.0, 0.0, 1.0, 0.0], [0.0, 0.0, 0.0, 1.0]], "cam_ids": [0, 1, 2, 3, 4, 5], "cam_channels": ["CAM_FRONT_LEFT", "CAM_FRONT", "CAM_FRONT_RIGHT", "CAM_BACK_LEFT", "CAM_BACK", "CAM_BACK_RIGHT"], "token": "0874cd8e6c714fbdb6a970cfc8d477c5", "scene": "scene-0049"}, {"images": ["samples/CAM_FRONT_LEFT/n015-2018-07-24-11-13-19+0800__CAM_FRONT_LEFT__1532402177904844.jpg", "samples/CAM_FRONT/n015-2018-07-24-11-13-19+0800__CAM_FRONT__1532402177912460.jpg", "samples/CAM_FRONT_RIGHT/n015-2018-07-24-11-13-19+0800__CAM_FRONT_RIGHT__1532402177920339.jpg", "samples/CAM_BACK_LEFT/n015-2018-07-24-11-13-19+0800__CAM_BACK_LEFT__1532402177947423.jpg", "samples/CAM_BACK/n015-2018-07-24-11-13-19+0800__CAM_BACK__1532402177937525.jpg", "samples/CAM_BACK_RIGHT/n015-2018-07-24-11-13-19+0800__CAM_BACK_RIGHT__1532402177927893.jpg"], "intrinsics": [[[1272.5979470598488, 0.0, 826.6154927353808], [0.0, 1272.5979470598488, 479.75165386361925], [0.0, 0.0, 1.0]], [[1266.417203046554, 0.0, 816.2670197447984], [0.0, 1266.417203046554, 491.50706579294757], [0.0, 0.0, 1.0]], [[1260.8474446004698, 0.0, 807.968244525554], [0.0, 1260.8474446004698, 495.3344268742088], [0.0, 0.0, 1.0]], [[1256.7414812095406, 0.0, 792.1125740759628], [0.0, 1256.7414812095406, 492.7757465151356], [0.0, 0.0, 1.0]], [[809.2209905677063, 0.0, 829.2196003259838], [0.0, 809.2209905677063, 481.77842384512485], [0.0, 0.0, 1.0]], [[1259.5137405846733, 0.0, 807.2529053838625], [0.0, 1259.5137405846733, 501.19579884916527], [0.0, 0.0, 1.0]]], "extrinsics": [[[0.8210453987121582, -0.5707681775093079, -0.010393341071903706, -0.503570556640625], [-0.03312583640217781, -0.029459763318300247, -0.9990169405937195, 1.4897232055664062], [0.5699008703231812, 0.8205825686454773, -0.04309498146176338, -0.962158203125], [0.0, 0.0, 0.0, 1.0]], [[0.006836267653852701, -0.99942547082901, 0.03319579362869263, 0.0096435546875], [-0.038697995245456696, -0.03343610838055611, -0.9986914396286011, 1.502685546875], [0.9992274641990662, 0.0055427043698728085, -0.0389043390750885, -1.2303466796875], [0.0, 0.0, 0.0, 1.0]], [[-0.8322861790657043, -0.5531274080276489, 0.0367375947535038, 0.73291015625], [-0.03338037431240082, -0.01614511013031006, -0.9993122816085815, 1.4916267395019531], [0.5533401966094971, -0.8329402208328247, -0.005026247352361679, -1.04827880859375], [0.0, 0.0, 0.0, 1.0]], [[0.9473392963409424, 0.31785908341407776, -0.03890707716345787, -1.131103515625], [-0.025556182488799095, -0.046066559851169586, -0.9986114501953125, 1.5882492065429688], [-0.3192099630832672, 0.9470180869102478, -0.03551740199327469, -0.107421875], [0.0, 0.0, 0.0, 1.0]], [[0.0019501622300595045, 0.9993377327919006, -0.036336276680231094, 0.0025634765625], [-0.05064375698566437, -0.03619101643562317, -0.9980608820915222, 1.5723342895507812], [-0.9987148642539978, 0.0037865859922021627, 0.05053963512182236, -0.13702392578125], [0.0, 0.0, 0.0, 1.0]], [[-0.9348373413085938, 0.3549596965312958, 0.00909916590899229, 0.8898944854736328], [-0.01772437058389187, -0.021055035293102264, -0.9996212124824524, 1.5467987060546875], [-0.3546336591243744, -0.9346444606781006, 0.025974471122026443, -0.15625], [0.0, 0.0, 0.0, 1.0]]], "view": [[0.0, -2.0, 100.0], [-2.0, 0.0, 100.0], [0.0, 0.0, 1.0]], "bev": "bev_2a281ebb03c94461a1ba6ba7f1acba54.png", "aux": "aux_2a281ebb03c94461a1ba6ba7f1acba54.npz", "visibility": "visibility_2a281ebb03c94461a1ba6ba7f1acba54.png", "pose": [[0.9978744387626648, 0.06516557931900024, 0.0, 650.6929321289062], [-0.06516557931900024, 0.9978744387626648, 0.0, 1474.308349609375], [0.0, 0.0, 1.0, 0.0], [0.0, 0.0, 0.0, 1.0]], "pose_inverse": [[0.9978744387626648, -0.06516557931900024, 0.0, -553.2357177734375], [0.06516557931900024, 0.9978744387626648, 0.0, -1513.577392578125], [0.0, 0.0, 1.0, 0.0], [0.0, 0.0, 0.0, 1.0]], "cam_ids": [0, 1, 2, 3, 4, 5], "cam_channels": ["CAM_FRONT_LEFT", "CAM_FRONT", "CAM_FRONT_RIGHT", "CAM_BACK_LEFT", "CAM_BACK", "CAM_BACK_RIGHT"], "token": "2a281ebb03c94461a1ba6ba7f1acba54", "scene": "scene-0049"}, {"images": ["samples/CAM_FRONT_LEFT/n015-2018-07-24-11-13-19+0800__CAM_FRONT_LEFT__1532402178404844.jpg", "samples/CAM_FRONT/n015-2018-07-24-11-13-19+0800__CAM_FRONT__1532402178412460.jpg", "samples/CAM_FRONT_RIGHT/n015-2018-07-24-11-13-19+0800__CAM_FRONT_RIGHT__1532402178420339.jpg", "samples/CAM_BACK_LEFT/n015-2018-07-24-11-13-19+0800__CAM_BACK_LEFT__1532402178447458.jpg", "samples/CAM_BACK/n015-2018-07-24-11-13-19+0800__CAM_BACK__1532402178437525.jpg", "samples/CAM_BACK_RIGHT/n015-2018-07-24-11-13-19+0800__CAM_BACK_RIGHT__1532402178427893.jpg"], "intrinsics": [[[1272.5979470598488, 0.0, 826.6154927353808], [0.0, 1272.5979470598488, 479.75165386361925], [0.0, 0.0, 1.0]], [[1266.417203046554, 0.0, 816.2670197447984], [0.0, 1266.417203046554, 491.50706579294757], [0.0, 0.0, 1.0]], [[1260.8474446004698, 0.0, 807.968244525554], [0.0, 1260.8474446004698, 495.3344268742088], [0.0, 0.0, 1.0]], [[1256.7414812095406, 0.0, 792.1125740759628], [0.0, 1256.7414812095406, 492.7757465151356], [0.0, 0.0, 1.0]], [[809.2209905677063, 0.0, 829.2196003259838], [0.0, 809.2209905677063, 481.77842384512485], [0.0, 0.0, 1.0]], [[1259.5137405846733, 0.0, 807.2529053838625], [0.0, 1259.5137405846733, 501.19579884916527], [0.0, 0.0, 1.0]]], "extrinsics": [[[0.8214983344078064, -0.5699098110198975, -0.01852782629430294, -0.50091552734375], [-0.04171702638268471, -0.02766379714012146, -0.998746395111084, 1.4848861694335938], [0.5686827301979065, 0.8212414979934692, -0.04650070518255234, -0.9635009765625], [0.0, 0.0, 0.0, 1.0]], [[0.00798892043530941, -0.9994694590568542, 0.03157425671815872, 0.01220703125], [-0.047168001532554626, -0.03191676363348961, -0.9983769655227661, 1.4987335205078125], [0.99885493516922, 0.0064866431057453156, -0.047397956252098083, -1.22833251953125], [0.0, 0.0, 0.0, 1.0]], [[-0.8315779566764832, -0.5537399649620056, 0.04301177337765694, 0.732421875], [-0.041751522570848465, -0.014898408204317093, -0.9990168809890747, 1.4885482788085938], [0.553836464881897, -0.8325561881065369, -0.010730301029980183, -1.0452880859375], [0.0, 0.0, 0.0, 1.0]], [[0.9470687508583069, 0.31765124201774597, -0.046459004282951355, -1.13323974609375], [-0.033628374338150024, -0.04575975984334946, -0.9983862638473511, 1.5882339477539062], [-0.31926456093788147, 0.9471027255058289, -0.03265554457902908, -0.106689453125], [0.0, 0.0, 0.0, 1.0]], [[0.001540956785902381, 0.9993606209754944, -0.03571828454732895, 0.0018310546875], [-0.0587991364300251, -0.035565976053476334, -0.997636079788208, 1.5712432861328125], [-0.9982686638832092, 0.003637510584667325, 0.05870674178004265, -0.13665771484375], [0.0, 0.0, 0.0, 1.0]], [[-0.9348808526992798, 0.3545442223548889, 0.017207281664013863, 0.8884315490722656], [-0.026011332869529724, -0.02008073218166828, -0.999459981918335, 1.5446128845214844], [-0.35400718450546265, -0.9348235726356506, 0.027995258569717407, -0.1551513671875], [0.0, 0.0, 0.0, 1.0]]], "view": [[0.0, -2.0, 100.0], [-2.0, 0.0, 100.0], [0.0, 0.0, 1.0]], "bev": "bev_1a754c32909d4589bf7d75dfa6a8266f.png", "aux": "aux_1a754c32909d4589bf7d75dfa6a8266f.npz", "visibility": "visibility_1a754c32909d4589bf7d75dfa6a8266f.png", "pose": [[0.9964605569839478, 0.08406130224466324, 0.0, 657.095947265625], [-0.08406130224466324, 0.9964605569839478, 0.0, 1473.8089599609375], [0.0, 0.0, 1.0, 0.0], [0.0, 0.0, 0.0, 1.0]], "pose_inverse": [[0.9964605569839478, -0.08406130224466324, 0.0, -530.8798828125], [0.08406130224466324, 0.9964605569839478, 0.0, -1523.828857421875], [0.0, 0.0, 1.0, 0.0], [0.0, 0.0, 0.0, 1.0]], "cam_ids": [0, 1, 2, 3, 4, 5], "cam_channels": ["CAM_FRONT_LEFT", "CAM_FRONT", "CAM_FRONT_RIGHT", "CAM_BACK_LEFT", "CAM_BACK", "CAM_BACK_RIGHT"], "token": "1a754c32909d4589bf7d75dfa6a8266f", "scene": "scene-0049"}, {"images": ["samples/CAM_FRONT_LEFT/n015-2018-07-24-11-13-19+0800__CAM_FRONT_LEFT__1532402178904844.jpg", "samples/CAM_FRONT/n015-2018-07-24-11-13-19+0800__CAM_FRONT__1532402178912460.jpg", "samples/CAM_FRONT_RIGHT/n015-2018-07-24-11-13-19+0800__CAM_FRONT_RIGHT__1532402178920339.jpg", "samples/CAM_BACK_LEFT/n015-2018-07-24-11-13-19+0800__CAM_BACK_LEFT__1532402178947423.jpg", "samples/CAM_BACK/n015-2018-07-24-11-13-19+0800__CAM_BACK__1532402178937525.jpg", "samples/CAM_BACK_RIGHT/n015-2018-07-24-11-13-19+0800__CAM_BACK_RIGHT__1532402178927893.jpg"], "intrinsics": [[[1272.5979470598488, 0.0, 826.6154927353808], [0.0, 1272.5979470598488, 479.75165386361925], [0.0, 0.0, 1.0]], [[1266.417203046554, 0.0, 816.2670197447984], [0.0, 1266.417203046554, 491.50706579294757], [0.0, 0.0, 1.0]], [[1260.8474446004698, 0.0, 807.968244525554], [0.0, 1260.8474446004698, 495.3344268742088], [0.0, 0.0, 1.0]], [[1256.7414812095406, 0.0, 792.1125740759628], [0.0, 1256.7414812095406, 492.7757465151356], [0.0, 0.0, 1.0]], [[809.2209905677063, 0.0, 829.2196003259838], [0.0, 809.2209905677063, 481.77842384512485], [0.0, 0.0, 1.0]], [[1259.5137405846733, 0.0, 807.2529053838625], [0.0, 1259.5137405846733, 501.19579884916527], [0.0, 0.0, 1.0]]], "extrinsics": [[[0.8201323747634888, -0.5716198682785034, -0.025168580934405327, -0.507598876953125], [-0.04849255084991455, -0.02561073750257492, -0.9984951019287109, 1.4813385009765625], [0.5701151490211487, 0.8201187252998352, -0.048723503947257996, -0.9652099609375], [0.0, 0.0, 0.0, 1.0]], [[0.006285932380706072, -0.9995520114898682, 0.029259923845529556, 0.0098876953125], [-0.05376065522432327, -0.02955598384141922, -0.9981163740158081, 1.4959030151367188], [0.9985340237617493, 0.004701065365225077, -0.05392235890030861, -1.23394775390625], [0.0, 0.0, 0.0, 1.0]], [[-0.8321625590324402, -0.5525476932525635, 0.04686804488301277, 0.7344970703125], [-0.04812271147966385, -0.012242032214999199, -0.9987663626670837, 1.4864006042480469], [0.5524398684501648, -0.8333913087844849, -0.016402732580900192, -1.04913330078125], [0.0, 0.0, 0.0, 1.0]], [[0.9468564987182617, 0.317656010389328, -0.05056997016072273, -1.12774658203125], [-0.0391506552696228, -0.04223433509469032, -0.998340368270874, 1.58795166015625], [-0.31926462054252625, 0.9472649097442627, -0.027553416788578033, -0.1085205078125], [0.0, 0.0, 0.0, 1.0]], [[0.0020166279282420874, 0.9994690418243408, -0.0325215682387352, 0.00244140625], [-0.06466593593358994, -0.03232322633266449, -0.9973833560943604, 1.570281982421875], [-0.9979049563407898, 0.004114389885216951, 0.06456641107797623, -0.138580322265625], [0.0, 0.0, 0.0, 1.0]], [[-0.9343360066413879, 0.3555854558944702, 0.023984327912330627, 0.8902130126953125], [-0.032188691198825836, -0.017173631116747856, -0.9993342161178589, 1.5430068969726562], [-0.35493674874305725, -0.9344860315322876, 0.027491772547364235, -0.1558837890625], [0.0, 0.0, 0.0, 1.0]]], "view": [[0.0, -2.0, 100.0], [-2.0, 0.0, 100.0], [0.0, 0.0, 1.0]], "bev": "bev_2dd4c5b2adbb4c26aed327997b9ffd62.png", "aux": "aux_2dd4c5b2adbb4c26aed327997b9ffd62.npz", "visibility": "visibility_2dd4c5b2adbb4c26aed327997b9ffd62.png", "pose": [[0.9945298433303833, 0.1044527217745781, 0.0, 663.487060546875], [-0.1044527217745781, 0.9945298433303833, 0.0, 1473.1722412109375], [0.0, 0.0, 1.0, 0.0], [0.0, 0.0, 0.0, 1.0]], "pose_inverse": [[0.9945298433303833, -0.1044527217745781, 0.0, -505.9808349609375], [0.1044527217745781, 0.9945298433303833, 0.0, -1534.416748046875], [0.0, 0.0, 1.0, 0.0], [0.0, 0.0, 0.0, 1.0]], "cam_ids": [0, 1, 2, 3, 4, 5], "cam_channels": ["CAM_FRONT_LEFT", "CAM_FRONT", "CAM_FRONT_RIGHT", "CAM_BACK_LEFT", "CAM_BACK", "CAM_BACK_RIGHT"], "token": "2dd4c5b2adbb4c26aed327997b9ffd62", "scene": "scene-0049"}, {"images": ["samples/CAM_FRONT_LEFT/n015-2018-07-24-11-13-19+0800__CAM_FRONT_LEFT__1532402179404844.jpg", "samples/CAM_FRONT/n015-2018-07-24-11-13-19+0800__CAM_FRONT__1532402179412460.jpg", "samples/CAM_FRONT_RIGHT/n015-2018-07-24-11-13-19+0800__CAM_FRONT_RIGHT__1532402179420339.jpg", "samples/CAM_BACK_LEFT/n015-2018-07-24-11-13-19+0800__CAM_BACK_LEFT__1532402179447423.jpg", "samples/CAM_BACK/n015-2018-07-24-11-13-19+0800__CAM_BACK__1532402179437525.jpg", "samples/CAM_BACK_RIGHT/n015-2018-07-24-11-13-19+0800__CAM_BACK_RIGHT__1532402179427893.jpg"], "intrinsics": [[[1272.5979470598488, 0.0, 826.6154927353808], [0.0, 1272.5979470598488, 479.75165386361925], [0.0, 0.0, 1.0]], [[1266.417203046554, 0.0, 816.2670197447984], [0.0, 1266.417203046554, 491.50706579294757], [0.0, 0.0, 1.0]], [[1260.8474446004698, 0.0, 807.968244525554], [0.0, 1260.8474446004698, 495.3344268742088], [0.0, 0.0, 1.0]], [[1256.7414812095406, 0.0, 792.1125740759628], [0.0, 1256.7414812095406, 492.7757465151356], [0.0, 0.0, 1.0]], [[809.2209905677063, 0.0, 829.2196003259838], [0.0, 809.2209905677063, 481.77842384512485], [0.0, 0.0, 1.0]], [[1259.5137405846733, 0.0, 807.2529053838625], [0.0, 1259.5137405846733, 501.19579884916527], [0.0, 0.0, 1.0]]], "extrinsics": [[[0.8209670186042786, -0.570675253868103, -0.01852118968963623, -0.5018310546875], [-0.044482871890068054, -0.03158602863550186, -0.9985106587409973, 1.4833908081054688], [0.5692402720451355, 0.8205681443214417, -0.051316361874341965, -0.963623046875], [0.0, 0.0, 0.0, 1.0]], [[0.007334519177675247, -0.999347448348999, 0.03536631166934967, 0.01123046875], [-0.04984245076775551, -0.03568865358829498, -0.9981192946434021, 1.4975051879882812], [0.9987300634384155, 0.005557963624596596, -0.050071682780981064, -1.228851318359375], [0.0, 0.0, 0.0, 1.0]], [[-0.8318004608154297, -0.553067147731781, 0.04716653749346733, 0.731689453125], [-0.04431910812854767, -0.018528373911976814, -0.9988455772399902, 1.4876060485839844], [0.5533025860786438, -0.8329305648803711, -0.009099533781409264, -1.0462646484375], [0.0, 0.0, 0.0, 1.0]], [[0.9469841718673706, 0.3174266517162323, -0.04961167275905609, -1.12921142578125], [-0.03584351763129234, -0.04907193407416344, -0.9981518387794495, 1.5880661010742188], [-0.31927454471588135, 0.9470122456550598, -0.035092659294605255, -0.108154296875], [0.0, 0.0, 0.0, 1.0]], [[0.0017159564886242151, 0.9992312788963318, -0.03916606307029724, 0.002197265625], [-0.06113516911864281, -0.038988031446933746, -0.997367799282074, 1.5707550048828125], [-0.9981279969215393, 0.004105867352336645, 0.06102127209305763, -0.139129638671875], [0.0, 0.0, 0.0, 1.0]], [[-0.9346755743026733, 0.35503336787223816, 0.018248295411467552, 0.887603759765625], [-0.028476061299443245, -0.023603595793247223, -0.9993157982826233, 1.5439186096191406], [-0.3543597459793091, -0.9345556497573853, 0.03217165544629097, -0.15625], [0.0, 0.0, 0.0, 1.0]]], "view": [[0.0, -2.0, 100.0], [-2.0, 0.0, 100.0], [0.0, 0.0, 1.0]], "bev": "bev_4f21583b722e4b2ba32e51bfb902595d.png", "aux": "aux_4f21583b722e4b2ba32e51bfb902595d.npz", "visibility": "visibility_4f21583b722e4b2ba32e51bfb902595d.png", "pose": [[0.9929331541061401, 0.1186748668551445, 0.0, 669.8768310546875], [-0.1186748668551445, 0.9929331541061401, 0.0, 1472.423828125], [0.0, 0.0, 1.0, 0.0], [0.0, 0.0, 0.0, 1.0]], "pose_inverse": [[0.9929331541061401, -0.1186748668551445, 0.0, -490.4032287597656], [0.1186748668551445, 0.9929331541061401, 0.0, -1541.5159912109375], [0.0, 0.0, 1.0, 0.0], [0.0, 0.0, 0.0, 1.0]], "cam_ids": [0, 1, 2, 3, 4, 5], "cam_channels": ["CAM_FRONT_LEFT", "CAM_FRONT", "CAM_FRONT_RIGHT", "CAM_BACK_LEFT", "CAM_BACK", "CAM_BACK_RIGHT"], "token": "4f21583b722e4b2ba32e51bfb902595d", "scene": "scene-0049"}, {"images": ["samples/CAM_FRONT_LEFT/n015-2018-07-24-11-13-19+0800__CAM_FRONT_LEFT__1532402179904844.jpg", "samples/CAM_FRONT/n015-2018-07-24-11-13-19+0800__CAM_FRONT__1532402179912460.jpg", "samples/CAM_FRONT_RIGHT/n015-2018-07-24-11-13-19+0800__CAM_FRONT_RIGHT__1532402179920339.jpg", "samples/CAM_BACK_LEFT/n015-2018-07-24-11-13-19+0800__CAM_BACK_LEFT__1532402179947423.jpg", "samples/CAM_BACK/n015-2018-07-24-11-13-19+0800__CAM_BACK__1532402179937525.jpg", "samples/CAM_BACK_RIGHT/n015-2018-07-24-11-13-19+0800__CAM_BACK_RIGHT__1532402179927893.jpg"], "intrinsics": [[[1272.5979470598488, 0.0, 826.6154927353808], [0.0, 1272.5979470598488, 479.75165386361925], [0.0, 0.0, 1.0]], [[1266.417203046554, 0.0, 816.2670197447984], [0.0, 1266.417203046554, 491.50706579294757], [0.0, 0.0, 1.0]], [[1260.8474446004698, 0.0, 807.968244525554], [0.0, 1260.8474446004698, 495.3344268742088], [0.0, 0.0, 1.0]], [[1256.7414812095406, 0.0, 792.1125740759628], [0.0, 1256.7414812095406, 492.7757465151356], [0.0, 0.0, 1.0]], [[809.2209905677063, 0.0, 829.2196003259838], [0.0, 809.2209905677063, 481.77842384512485], [0.0, 0.0, 1.0]], [[1259.5137405846733, 0.0, 807.2529053838625], [0.0, 1259.5137405846733, 501.19579884916527], [0.0, 0.0, 1.0]]], "extrinsics": [[[0.8199077248573303, -0.572033166885376, -0.023008622229099274, -0.488922119140625], [-0.04727457836270332, -0.027597468346357346, -0.998500645160675, 1.4810104370117188], [0.5705404877662659, 0.8197660446166992, -0.04967000335454941, -0.953369140625], [0.0, 0.0, 0.0, 1.0]], [[0.006023081950843334, -0.9994956254959106, 0.031178371980786324, 0.0111083984375], [-0.05243717506527901, -0.03145172819495201, -0.9981288313865662, 1.495574951171875], [0.9986060261726379, 0.004376906435936689, -0.052600160241127014, -1.215179443359375], [0.0, 0.0, 0.0, 1.0]], [[-0.8322803378105164, -0.5523868799209595, 0.046670567244291306, 0.7227783203125], [-0.0466882549226284, -0.014043322764337063, -0.9988107681274414, 1.4862403869628906], [0.5523853302001953, -0.8334695100784302, -0.014101998880505562, -1.040283203125], [0.0, 0.0, 0.0, 1.0]], [[0.9468898177146912, 0.3177223801612854, -0.049519505351781845, -1.12908935546875], [-0.03746088966727257, -0.043955110013484955, -0.9983308911323547, 1.588043212890625], [-0.3193686902523041, 0.9471643567085266, -0.029718486592173576, -0.1083984375], [0.0, 0.0, 0.0, 1.0]], [[0.0020716125145554543, 0.9994103908538818, -0.03427150472998619, 0.001953125], [-0.06307455897331238, -0.034072745591402054, -0.9974270462989807, 1.570220947265625], [-0.9980066418647766, 0.004227933473885059, 0.06296677887439728, -0.143157958984375], [0.0, 0.0, 0.0, 1.0]], [[-0.9343482255935669, 0.3556838035583496, 0.021964510902762413, 0.880218505859375], [-0.030688703060150146, -0.0189035814255476, -0.9993502497673035, 1.5430984497070312], [-0.35503751039505005, -0.9344152212142944, 0.028578000143170357, -0.1590576171875], [0.0, 0.0, 0.0, 1.0]]], "view": [[0.0, -2.0, 100.0], [-2.0, 0.0, 100.0], [0.0, 0.0, 1.0]], "bev": "bev_f0dc7410540c4afd862dac1b76da09f0.png", "aux": "aux_f0dc7410540c4afd862dac1b76da09f0.npz", "visibility": "visibility_f0dc7410540c4afd862dac1b76da09f0.png", "pose": [[0.9912610054016113, 0.13191521167755127, 0.0, 676.3179321289062], [-0.13191521167755127, 0.9912610054016113, 0.0, 1471.56103515625], [0.0, 0.0, 1.0, 0.0], [0.0, 0.0, 0.0, 1.0]], "pose_inverse": [[0.9912610054016113, -0.13191521167755127, 0.0, -476.2862854003906], [0.13191521167755127, 0.9912610054016113, 0.0, -1547.917724609375], [0.0, 0.0, 1.0, 0.0], [0.0, 0.0, 0.0, 1.0]], "cam_ids": [0, 1, 2, 3, 4, 5], "cam_channels": ["CAM_FRONT_LEFT", "CAM_FRONT", "CAM_FRONT_RIGHT", "CAM_BACK_LEFT", "CAM_BACK", "CAM_BACK_RIGHT"], "token": "f0dc7410540c4afd862dac1b76da09f0", "scene": "scene-0049"}, {"images": ["samples/CAM_FRONT_LEFT/n015-2018-07-24-11-13-19+0800__CAM_FRONT_LEFT__1532402180504888.jpg", "samples/CAM_FRONT/n015-2018-07-24-11-13-19+0800__CAM_FRONT__1532402180512460.jpg", "samples/CAM_FRONT_RIGHT/n015-2018-07-24-11-13-19+0800__CAM_FRONT_RIGHT__1532402180520339.jpg", "samples/CAM_BACK_LEFT/n015-2018-07-24-11-13-19+0800__CAM_BACK_LEFT__1532402180547423.jpg", "samples/CAM_BACK/n015-2018-07-24-11-13-19+0800__CAM_BACK__1532402180537525.jpg", "samples/CAM_BACK_RIGHT/n015-2018-07-24-11-13-19+0800__CAM_BACK_RIGHT__1532402180527893.jpg"], "intrinsics": [[[1272.5979470598488, 0.0, 826.6154927353808], [0.0, 1272.5979470598488, 479.75165386361925], [0.0, 0.0, 1.0]], [[1266.417203046554, 0.0, 816.2670197447984], [0.0, 1266.417203046554, 491.50706579294757], [0.0, 0.0, 1.0]], [[1260.8474446004698, 0.0, 807.968244525554], [0.0, 1260.8474446004698, 495.3344268742088], [0.0, 0.0, 1.0]], [[1256.7414812095406, 0.0, 792.1125740759628], [0.0, 1256.7414812095406, 492.7757465151356], [0.0, 0.0, 1.0]], [[809.2209905677063, 0.0, 829.2196003259838], [0.0, 809.2209905677063, 481.77842384512485], [0.0, 0.0, 1.0]], [[1259.5137405846733, 0.0, 807.2529053838625], [0.0, 1259.5137405846733, 501.19579884916527], [0.0, 0.0, 1.0]]], "extrinsics": [[[0.8203266263008118, -0.5713910460472107, -0.024012280628085136, -0.4915771484375], [-0.04673915356397629, -0.025136776268482208, -0.9985907673835754, 1.4814834594726562], [0.5699822306632996, 0.8202928900718689, -0.047326698899269104, -0.9556884765625], [0.0, 0.0, 0.0, 1.0]], [[0.006391772534698248, -0.9995612502098083, 0.02891993150115013, 0.01123046875], [-0.051955629140138626, -0.029213419184088707, -0.9982220530509949, 1.4959335327148438], [0.9986289143562317, 0.004877855069935322, -0.052119556814432144, -1.217681884765625], [0.0, 0.0, 0.0, 1.0]], [[-0.8321875929832458, -0.552648663520813, 0.045203227549791336, 0.723876953125], [-0.04626321420073509, -0.012036356143653393, -0.9988567233085632, 1.4864501953125], [0.5525608658790588, -0.8333274722099304, -0.015550793148577213, -1.041015625], [0.0, 0.0, 0.0, 1.0]], [[0.9469257593154907, 0.31780698895454407, -0.04827579855918884, -1.12451171875], [-0.036738473922014236, -0.042200375348329544, -0.9984334707260132, 1.5878753662109375], [-0.3193463683128357, 0.9472158551216125, -0.02828487753868103, -0.10986328125], [0.0, 0.0, 0.0, 1.0]], [[0.001980421831831336, 0.9994714260101318, -0.03244996815919876, 0.002197265625], [-0.06252513825893402, -0.03226277977228165, -0.9975217580795288, 1.5701522827148438], [-0.9980414509773254, 0.004004430025815964, 0.06242819502949715, -0.145660400390625], [0.0, 0.0, 0.0, 1.0]], [[-0.9344185590744019, 0.3554840683937073, 0.022202318534255028, 0.8798980712890625], [-0.030241461470723152, -0.017073210328817368, -0.9993968605995178, 1.543212890625], [-0.3548906147480011, -0.9345264434814453, 0.026703881099820137, -0.1588134765625], [0.0, 0.0, 0.0, 1.0]]], "view": [[0.0, -2.0, 100.0], [-2.0, 0.0, 100.0], [0.0, 0.0, 1.0]], "bev": "bev_4d1c2c7a4b4a4ed7a12890df20fc114c.png", "aux": "aux_4d1c2c7a4b4a4ed7a12890df20fc114c.npz", "visibility": "visibility_4d1c2c7a4b4a4ed7a12890df20fc114c.png", "pose": [[0.9912267923355103, 0.13217216730117798, 0.0, 684.0983276367188], [-0.13217216730117798, 0.9912267923355103, 0.0, 1470.5067138671875], [0.0, 0.0, 1.0, 0.0], [0.0, 0.0, 0.0, 1.0]], "pose_inverse": [[0.9912267923355103, -0.13217216730117798, 0.0, -483.73651123046875], [0.13217216730117798, 0.9912267923355103, 0.0, -1548.0244140625], [0.0, 0.0, 1.0, 0.0], [0.0, 0.0, 0.0, 1.0]], "cam_ids": [0, 1, 2, 3, 4, 5], "cam_channels": ["CAM_FRONT_LEFT", "CAM_FRONT", "CAM_FRONT_RIGHT", "CAM_BACK_LEFT", "CAM_BACK", "CAM_BACK_RIGHT"], "token": "4d1c2c7a4b4a4ed7a12890df20fc114c", "scene": "scene-0049"}, {"images": ["samples/CAM_FRONT_LEFT/n015-2018-07-24-11-13-19+0800__CAM_FRONT_LEFT__1532402181004844.jpg", "samples/CAM_FRONT/n015-2018-07-24-11-13-19+0800__CAM_FRONT__1532402181012460.jpg", "samples/CAM_FRONT_RIGHT/n015-2018-07-24-11-13-19+0800__CAM_FRONT_RIGHT__1532402181020339.jpg", "samples/CAM_BACK_LEFT/n015-2018-07-24-11-13-19+0800__CAM_BACK_LEFT__1532402181047423.jpg", "samples/CAM_BACK/n015-2018-07-24-11-13-19+0800__CAM_BACK__1532402181037525.jpg", "samples/CAM_BACK_RIGHT/n015-2018-07-24-11-13-19+0800__CAM_BACK_RIGHT__1532402181027893.jpg"], "intrinsics": [[[1272.5979470598488, 0.0, 826.6154927353808], [0.0, 1272.5979470598488, 479.75165386361925], [0.0, 0.0, 1.0]], [[1266.417203046554, 0.0, 816.2670197447984], [0.0, 1266.417203046554, 491.50706579294757], [0.0, 0.0, 1.0]], [[1260.8474446004698, 0.0, 807.968244525554], [0.0, 1260.8474446004698, 495.3344268742088], [0.0, 0.0, 1.0]], [[1256.7414812095406, 0.0, 792.1125740759628], [0.0, 1256.7414812095406, 492.7757465151356], [0.0, 0.0, 1.0]], [[809.2209905677063, 0.0, 829.2196003259838], [0.0, 809.2209905677063, 481.77842384512485], [0.0, 0.0, 1.0]], [[1259.5137405846733, 0.0, 807.2529053838625], [0.0, 1259.5137405846733, 501.19579884916527], [0.0, 0.0, 1.0]]], "extrinsics": [[[0.8197055459022522, -0.572224497795105, -0.025337332859635353, -0.5025634765625], [-0.04816655069589615, -0.024784434586763382, -0.9985318183898926, 1.4813003540039062], [0.5707563161849976, 0.8197224736213684, -0.04787801578640938, -0.9630126953125], [0.0, 0.0, 0.0, 1.0]], [[0.005702092777937651, -0.9995793104171753, 0.028437623754143715, 0.0107421875], [-0.05374886095523834, -0.028703337535262108, -0.998141884803772, 1.4956817626953125], [0.9985381960868835, 0.004162993747740984, -0.053889915347099304, -1.22894287109375], [0.0, 0.0, 0.0, 1.0]], [[-0.8323864340782166, -0.5522292852401733, 0.046643950045108795, 0.7315673828125], [-0.04842641204595566, -0.011366142891347408, -0.9987620711326599, 1.4860801696777344], [0.5520758032798767, -0.8336147665977478, -0.017281457781791687, -1.0460205078125], [0.0, 0.0, 0.0, 1.0]], [[0.9465804696083069, 0.31833529472351074, -0.05145940184593201, -1.12890625], [-0.04040137678384781, -0.04124709963798523, -0.9983317852020264, 1.5880279541015625], [-0.31992676854133606, 0.9470804333686829, -0.026182515546679497, -0.1097412109375], [0.0, 0.0, 0.0, 1.0]], [[0.0020618203561753035, 0.9994988441467285, -0.03158858045935631, 0.0020751953125], [-0.06566393375396729, -0.0313851498067379, -0.9973