[{"images": ["samples/CAM_FRONT_LEFT/n008-2018-08-30-15-16-55-0400__CAM_FRONT_LEFT__1535657208254799.jpg", "samples/CAM_FRONT/n008-2018-08-30-15-16-55-0400__CAM_FRONT__1535657208262404.jpg", "samples/CAM_FRONT_RIGHT/n008-2018-08-30-15-16-55-0400__CAM_FRONT_RIGHT__1535657208270482.jpg", "samples/CAM_BACK_LEFT/n008-2018-08-30-15-16-55-0400__CAM_BACK_LEFT__1535657208297405.jpg", "samples/CAM_BACK/n008-2018-08-30-15-16-55-0400__CAM_BACK__1535657208287558.jpg", "samples/CAM_BACK_RIGHT/n008-2018-08-30-15-16-55-0400__CAM_BACK_RIGHT__1535657208278113.jpg"], "intrinsics": [[[1257.8625342125129, 0.0, 827.2410631095686], [0.0, 1257.8625342125129, 450.915498205774], [0.0, 0.0, 1.0]], [[1252.8131021185304, 0.0, 826.588114781398], [0.0, 1252.8131021185304, 469.9846626224581], [0.0, 0.0, 1.0]], [[1256.7485116440405, 0.0, 817.7887570959712], [0.0, 1256.7485116440403, 451.9541780095127], [0.0, 0.0, 1.0]], [[1254.9860565800168, 0.0, 829.5769333630991], [0.0, 1254.9860565800168, 467.1680561863987], [0.0, 0.0, 1.0]], [[796.8910634503094, 0.0, 857.7774326863696], [0.0, 796.8910634503094, 476.8848988407415], [0.0, 0.0, 1.0]], [[1249.9629280788233, 0.0, 825.3768045375984], [0.0, 1249.9629280788233, 462.54816385708756], [0.0, 0.0, 1.0]]], "extrinsics": [[[0.8228184580802917, -0.5681418776512146, -0.013588777743279934, -0.78363037109375], [-0.002566473325714469, 0.02019604668021202, -0.999792754650116, 1.4875738620758057], [0.5682985782623291, 0.8226828575134277, 0.01515955850481987, -1.182373046875], [0.0, 0.0, 0.0, 1.0]], [[0.010724961757659912, -0.9998152256011963, -0.015959525480866432, 0.00922393798828125], [-0.0005770070711150765, 0.01595425233244896, -0.9998725652694702, 1.4800142049789429], [0.9999423027038574, 0.010732805356383324, -0.00040579147753305733, -1.51214599609375], [0.0, 0.0, 0.0, 1.0]], [[-0.843797504901886, -0.5365663766860962, -0.01011440809816122, 0.94427490234375], [0.007469484116882086, 0.007102827541530132, -0.9999468922615051, 1.4943647384643555], [0.5366097092628479, -0.8438282608985901, -0.001985474955290556, -1.18292236328125], [0.0, 0.0, 0.0, 1.0]], [[0.947803258895874, 0.3186989724636078, -0.009993747808039188, -1.125], [-0.0178241990506649, 0.021663136780261993, -0.9996064305305481, 1.5616817474365234], [-0.31835711002349854, 0.9476083517074585, 0.02621294930577278, -0.1627197265625], [0.0, 0.0, 0.0, 1.0]], [[0.00903546717017889, 0.9998579025268555, 0.01422919798642397, -0.028919219970703125], [-0.015762656927108765, 0.01437042560428381, -0.9997724294662476, 1.5668582916259766], [-0.9998349547386169, 0.008809133432805538, 0.01589025929570198, -0.0313720703125], [0.0, 0.0, 0.0, 1.0]], [[-0.9239091277122498, 0.3825383484363556, 0.007507242262363434, 1.0411376953125], [-0.011498453095555305, -0.008148279041051865, -0.9999006986618042, 1.546339988708496], [-0.38243916630744934, -0.9239036440849304, 0.011926868930459023, -0.091888427734375], [0.0, 0.0, 0.0, 1.0]]], "view": [[0.0, -2.0, 100.0], [-2.0, 0.0, 100.0], [0.0, 0.0, 1.0]], "bev": "bev_7372394416e745f8b40ab0f19eeb5554.png", "aux": "aux_7372394416e745f8b40ab0f19eeb5554.npz", "visibility": "visibility_7372394416e745f8b40ab0f19eeb5554.png", "pose": [[0.3701162040233612, -0.9289854764938354, 0.0, 370.3046569824219], [0.9289854764938354, 0.3701162040233612, 0.0, 800.8414306640625], [0.0, 0.0, 1.0, 0.0], [0.0, 0.0, 0.0, 1.0]], "pose_inverse": [[0.3701162040233612, 0.9289854764938354, 0.0, -881.0258178710938], [-0.9289854764938354, 0.3701162040233612, 0.0, 47.60326385498047], [0.0, 0.0, 1.0, 0.0], [0.0, 0.0, 0.0, 1.0]], "cam_ids": [0, 1, 2, 3, 4, 5], "cam_channels": ["CAM_FRONT_LEFT", "CAM_FRONT", "CAM_FRONT_RIGHT", "CAM_BACK_LEFT", "CAM_BACK", "CAM_BACK_RIGHT"], "token": "7372394416e745f8b40ab0f19eeb5554", "scene": "scene-0762"}, {"images": ["samples/CAM_FRONT_LEFT/n008-2018-08-30-15-16-55-0400__CAM_FRONT_LEFT__1535657208754799.jpg", "samples/CAM_FRONT/n008-2018-08-30-15-16-55-0400__CAM_FRONT__1535657208762404.jpg", "samples/CAM_FRONT_RIGHT/n008-2018-08-30-15-16-55-0400__CAM_FRONT_RIGHT__1535657208770482.jpg", "samples/CAM_BACK_LEFT/n008-2018-08-30-15-16-55-0400__CAM_BACK_LEFT__1535657208797405.jpg", "samples/CAM_BACK/n008-2018-08-30-15-16-55-0400__CAM_BACK__1535657208787558.jpg", "samples/CAM_BACK_RIGHT/n008-2018-08-30-15-16-55-0400__CAM_BACK_RIGHT__1535657208778113.jpg"], "intrinsics": [[[1257.8625342125129, 0.0, 827.2410631095686], [0.0, 1257.8625342125129, 450.915498205774], [0.0, 0.0, 1.0]], [[1252.8131021185304, 0.0, 826.588114781398], [0.0, 1252.8131021185304, 469.9846626224581], [0.0, 0.0, 1.0]], [[1256.7485116440405, 0.0, 817.7887570959712], [0.0, 1256.7485116440403, 451.9541780095127], [0.0, 0.0, 1.0]], [[1254.9860565800168, 0.0, 829.5769333630991], [0.0, 1254.9860565800168, 467.1680561863987], [0.0, 0.0, 1.0]], [[796.8910634503094, 0.0, 857.7774326863696], [0.0, 796.8910634503094, 476.8848988407415], [0.0, 0.0, 1.0]], [[1249.9629280788233, 0.0, 825.3768045375984], [0.0, 1249.9629280788233, 462.54816385708756], [0.0, 0.0, 1.0]]], "extrinsics": [[[0.8224174976348877, -0.5687255859375, -0.013445575721561909, -0.79339599609375], [-0.0013325178297236562, 0.021709078922867775, -0.9997634291648865, 1.4879553318023682], [0.568882942199707, 0.8222407698631287, 0.017096087336540222, -1.186798095703125], [0.0, 0.0, 0.0, 1.0]], [[0.01010036002844572, -0.9997945427894592, -0.017576107755303383, 0.007476806640625], [0.0005896692746318877, 0.017582956701517105, -0.9998452663421631, 1.4802931547164917], [0.9999487996101379, 0.010088403709232807, 0.000767142279073596, -1.52056884765625], [0.0, 0.0, 0.0, 1.0]], [[-0.8440757989883423, -0.5360883474349976, -0.012052793987095356, 0.9486083984375], [0.008624592795968056, 0.00890162494033575, -0.9999231696128845, 1.494523048400879], [0.5361544489860535, -0.8441148996353149, -0.0028901025652885437, -1.18731689453125], [0.0, 0.0, 0.0, 1.0]], [[0.9478397369384766, 0.3186468482017517, -0.007998714223504066, -1.1259765625], [-0.01660793460905552, 0.024310346692800522, -0.9995664954185486, 1.561727523803711], [-0.31831425428390503, 0.9475616812705994, 0.028334379196166992, -0.162200927734375], [0.0, 0.0, 0.0, 1.0]], [[0.00928159523755312, 0.9998201727867126, 0.016536079347133636, -0.02829742431640625], [-0.014539101161062717, 0.016669975593686104, -0.9997552633285522, 1.566995620727539], [-0.9998512268066406, 0.009038921445608139, 0.01469121128320694, -0.02874755859375], [0.0, 0.0, 0.0, 1.0]], [[-0.9237481951713562, 0.38293206691741943, 0.0072198775596916676, 1.04498291015625], [-0.010351493023335934, -0.0061181047931313515, -0.9999276995658875, 1.5465173721313477], [-0.3828601539134979, -0.9237562417984009, 0.009615507908165455, -0.091461181640625], [0.0, 0.0, 0.0, 1.0]]], "view": [[0.0, -2.0, 100.0], [-2.0, 0.0, 100.0], [0.0, 0.0, 1.0]], "bev": "bev_d94945a8d34346188b61fce5e38b7d72.png", "aux": "aux_d94945a8d34346188b61fce5e38b7d72.npz", "visibility": "visibility_d94945a8d34346188b61fce5e38b7d72.png", "pose": [[0.36974412202835083, -0.9291335940361023, 0.0, 371.3888854980469], [0.9291335940361023, 0.36974412202835083, 0.0, 803.5286865234375], [0.0, 0.0, 1.0, 0.0], [0.0, 0.0, 0.0, 1.0]], "pose_inverse": [[0.36974412202835083, 0.9291335940361023, 0.0, -883.9043579101562], [-0.9291335940361023, 0.36974412202835083, 0.0, 47.969886779785156], [0.0, 0.0, 1.0, 0.0], [0.0, 0.0, 0.0, 1.0]], "cam_ids": [0, 1, 2, 3, 4, 5], "cam_channels": ["CAM_FRONT_LEFT", "CAM_FRONT", "CAM_FRONT_RIGHT", "CAM_BACK_LEFT", "CAM_BACK", "CAM_BACK_RIGHT"], "token": "d94945a8d34346188b61fce5e38b7d72", "scene": "scene-0762"}, {"images": ["samples/CAM_FRONT_LEFT/n008-2018-08-30-15-16-55-0400__CAM_FRONT_LEFT__1535657209254799.jpg", "samples/CAM_FRONT/n008-2018-08-30-15-16-55-0400__CAM_FRONT__1535657209262404.jpg", "samples/CAM_FRONT_RIGHT/n008-2018-08-30-15-16-55-0400__CAM_FRONT_RIGHT__1535657209270482.jpg", "samples/CAM_BACK_LEFT/n008-2018-08-30-15-16-55-0400__CAM_BACK_LEFT__1535657209297405.jpg", "samples/CAM_BACK/n008-2018-08-30-15-16-55-0400__CAM_BACK__1535657209287558.jpg", "samples/CAM_BACK_RIGHT/n008-2018-08-30-15-16-55-0400__CAM_BACK_RIGHT__1535657209278113.jpg"], "intrinsics": [[[1257.8625342125129, 0.0, 827.2410631095686], [0.0, 1257.8625342125129, 450.915498205774], [0.0, 0.0, 1.0]], [[1252.8131021185304, 0.0, 826.588114781398], [0.0, 1252.8131021185304, 469.9846626224581], [0.0, 0.0, 1.0]], [[1256.7485116440405, 0.0, 817.7887570959712], [0.0, 1256.7485116440403, 451.9541780095127], [0.0, 0.0, 1.0]], [[1254.9860565800168, 0.0, 829.5769333630991], [0.0, 1254.9860565800168, 467.1680561863987], [0.0, 0.0, 1.0]], [[796.8910634503094, 0.0, 857.7774326863696], [0.0, 796.8910634503094, 476.8848988407415], [0.0, 0.0, 1.0]], [[1249.9629280788233, 0.0, 825.3768045375984], [0.0, 1249.9629280788233, 462.54816385708756], [0.0, 0.0, 1.0]]], "extrinsics": [[[0.8229208588600159, -0.5679386854171753, -0.015711212530732155, -0.79266357421875], [-0.002058542799204588, 0.024672342464327812, -0.9996934533119202, 1.4877755641937256], [0.5681523084640503, 0.8227010369300842, 0.019134260714054108, -1.18603515625], [0.0, 0.0, 0.0, 1.0]], [[0.01076131034642458, -0.99973064661026, -0.020559722557663918, 0.00722503662109375], [-4.255011663190089e-05, 0.020560456439852715, -0.9997886419296265, 1.4801664352416992], [0.9999420642852783, 0.010759935714304447, 0.00017871761519927531, -1.51959228515625], [0.0, 0.0, 0.0, 1.0]], [[-0.8438578248023987, -0.5364064574241638, -0.013124141842126846, 0.94769287109375], [0.00799285527318716, 0.011890167370438576, -0.9998973608016968, 1.4944281578063965], [0.5365074276924133, -0.8438760638237, -0.005746191367506981, -1.18701171875], [0.0, 0.0, 0.0, 1.0]], [[0.9478279948234558, 0.3186842203140259, -0.007896208204329014, -1.12640380859375], [-0.01746218092739582, 0.02717127837240696, -0.9994782209396362, 1.5617237091064453], [-0.3183034360408783, 0.9474713802337646, 0.03131862357258797, -0.16192626953125], [0.0, 0.0, 0.0, 1.0]], [[0.009188978932797909, 0.9997682571411133, 0.019469494000077248, -0.028057098388671875], [-0.01536449883133173, 0.019609183073043823, -0.9996895790100098, 1.5669384002685547], [-0.999839723110199, 0.008886964060366154, 0.015541126020252705, -0.02886962890625], [0.0, 0.0, 0.0, 1.0]], [[-0.923816978931427, 0.38272687792778015, 0.009066753089427948, 1.0445556640625], [-0.011117866262793541, -0.0031477471347898245, -0.9999331831932068, 1.546412467956543], [-0.3826727271080017, -0.9238561391830444, 0.007163047790527344, -0.09210205078125], [0.0, 0.0, 0.0, 1.0]]], "view": [[0.0, -2.0, 100.0], [-2.0, 0.0, 100.0], [0.0, 0.0, 1.0]], "bev": "bev_7d361bdc132c467cb3c056bb51f5672d.png", "aux": "aux_7d361bdc132c467cb3c056bb51f5672d.npz", "visibility": "visibility_7d361bdc132c467cb3c056bb51f5672d.png", "pose": [[0.3711126446723938, -0.9285878539085388, 0.0, 372.4380798339844], [0.9285878539085388, 0.3711126446723938, 0.0, 806.1524047851562], [0.0, 0.0, 1.0, 0.0], [0.0, 0.0, 0.0, 1.0]], "pose_inverse": [[0.3711126446723938, 0.9285878539085388, 0.0, -886.7998046875], [-0.9285878539085388, 0.3711126446723938, 0.0, 46.66812515258789], [0.0, 0.0, 1.0, 0.0], [0.0, 0.0, 0.0, 1.0]], "cam_ids": [0, 1, 2, 3, 4, 5], "cam_channels": ["CAM_FRONT_LEFT", "CAM_FRONT", "CAM_FRONT_RIGHT", "CAM_BACK_LEFT", "CAM_BACK", "CAM_BACK_RIGHT"], "token": "7d361bdc132c467cb3c056bb51f5672d", "scene": "scene-0762"}, {"images": ["samples/CAM_FRONT_LEFT/n008-2018-08-30-15-16-55-0400__CAM_FRONT_LEFT__1535657209754799.jpg", "samples/CAM_FRONT/n008-2018-08-30-15-16-55-0400__CAM_FRONT__1535657209762404.jpg", "samples/CAM_FRONT_RIGHT/n008-2018-08-30-15-16-55-0400__CAM_FRONT_RIGHT__1535657209770482.jpg", "samples/CAM_BACK_LEFT/n008-2018-08-30-15-16-55-0400__CAM_BACK_LEFT__1535657209797405.jpg", "samples/CAM_BACK/n008-2018-08-30-15-16-55-0400__CAM_BACK__1535657209787558.jpg", "samples/CAM_BACK_RIGHT/n008-2018-08-30-15-16-55-0400__CAM_BACK_RIGHT__1535657209778113.jpg"], "intrinsics": [[[1257.8625342125129, 0.0, 827.2410631095686], [0.0, 1257.8625342125129, 450.915498205774], [0.0, 0.0, 1.0]], [[1252.8131021185304, 0.0, 826.588114781398], [0.0, 1252.8131021185304, 469.9846626224581], [0.0, 0.0, 1.0]], [[1256.7485116440405, 0.0, 817.7887570959712], [0.0, 1256.7485116440403, 451.9541780095127], [0.0, 0.0, 1.0]], [[1254.9860565800168, 0.0, 829.5769333630991], [0.0, 1254.9860565800168, 467.1680561863987], [0.0, 0.0, 1.0]], [[796.8910634503094, 0.0, 857.7774326863696], [0.0, 796.8910634503094, 476.8848988407415], [0.0, 0.0, 1.0]], [[1249.9629280788233, 0.0, 825.3768045375984], [0.0, 1249.9629280788233, 462.54816385708756], [0.0, 0.0, 1.0]]], "extrinsics": [[[0.8229674696922302, -0.5677927732467651, -0.018329234793782234, -0.802978515625], [-0.0019607178401201963, 0.029425624758005142, -0.999565064907074, 1.487802267074585], [0.5680851936340332, 0.8226454257965088, 0.023103049024939537, -1.194366455078125], [0.0, 0.0, 0.0, 1.0]], [[0.010893099009990692, -0.9996190071105957, -0.025360997766256332, 0.008083343505859375], [4.6320314140757546e-05, 0.025363007560372353, -0.9996783137321472, 1.480162501335144], [0.9999405145645142, 0.010888442397117615, 0.00032258566352538764, -1.5308837890625], [0.0, 0.0, 0.0, 1.0]], [[-0.843748927116394, -0.5365030765533447, -0.01588149555027485, 0.95599365234375], [0.00819067470729351, 0.016715409234166145, -0.9998267292976379, 1.4943723678588867], [0.5366755723953247, -0.8437327742576599, -0.00970928743481636, -1.191192626953125], [0.0, 0.0, 0.0, 1.0]], [[0.947822630405426, 0.31873810291290283, -0.0061792475171387196, -1.12811279296875], [-0.017272237688302994, 0.031988196074962616, -0.9993389844894409, 1.5617504119873047], [-0.318329781293869, 0.9473028779029846, 0.03582445904612541, -0.16156005859375], [0.0, 0.0, 0.0, 1.0]], [[0.009046206250786781, 0.9996637105941772, 0.024304449558258057, -0.028657913208007812], [-0.015209070406854153, 0.024440180510282516, -0.9995855689048767, 1.5670042037963867], [-0.999843418598175, 0.008672780357301235, 0.015425046905875206, -0.0245361328125], [0.0, 0.0, 0.0, 1.0]], [[-0.9239146113395691, 0.38244596123695374, 0.010807391256093979, 1.05072021484375], [-0.010995295830070972, 0.0016943744849413633, -0.9999380707740784, 1.5465059280395508], [-0.3824405074119568, -0.9239763021469116, 0.0026396482717245817, -0.088409423828125], [0.0, 0.0, 0.0, 1.0]]], "view": [[0.0, -2.0, 100.0], [-2.0, 0.0, 100.0], [0.0, 0.0, 1.0]], "bev": "bev_7cfdee2f9ca44e6eb34d41e7432f9200.png", "aux": "aux_7cfdee2f9ca44e6eb34d41e7432f9200.npz", "visibility": "visibility_7cfdee2f9ca44e6eb34d41e7432f9200.png", "pose": [[0.3824552893638611, -0.9239739775657654, 0.0, 373.4604797363281], [0.9239739775657654, 0.3824552893638611, 0.0, 808.6446533203125], [0.0, 0.0, 1.0, 0.0], [0.0, 0.0, 0.0, 1.0]], "pose_inverse": [[0.3824552893638611, 0.9239739775657654, 0.0, -889.9985961914062], [-0.9239739775657654, 0.3824552893638611, 0.0, 35.7973518371582], [0.0, 0.0, 1.0, 0.0], [0.0, 0.0, 0.0, 1.0]], "cam_ids": [0, 1, 2, 3, 4, 5], "cam_channels": ["CAM_FRONT_LEFT", "CAM_FRONT", "CAM_FRONT_RIGHT", "CAM_BACK_LEFT", "CAM_BACK", "CAM_BACK_RIGHT"], "token": "7cfdee2f9ca44e6eb34d41e7432f9200", "scene": "scene-0762"}, {"images": ["samples/CAM_FRONT_LEFT/n008-2018-08-30-15-16-55-0400__CAM_FRONT_LEFT__1535657210254799.jpg", "samples/CAM_FRONT/n008-2018-08-30-15-16-55-0400__CAM_FRONT__1535657210262404.jpg", "samples/CAM_FRONT_RIGHT/n008-2018-08-30-15-16-55-0400__CAM_FRONT_RIGHT__1535657210270482.jpg", "samples/CAM_BACK_LEFT/n008-2018-08-30-15-16-55-0400__CAM_BACK_LEFT__1535657210297405.jpg", "samples/CAM_BACK/n008-2018-08-30-15-16-55-0400__CAM_BACK__1535657210287558.jpg", "samples/CAM_BACK_RIGHT/n008-2018-08-30-15-16-55-0400__CAM_BACK_RIGHT__1535657210278113.jpg"], "intrinsics": [[[1257.8625342125129, 0.0, 827.2410631095686], [0.0, 1257.8625342125129, 450.915498205774], [0.0, 0.0, 1.0]], [[1252.8131021185304, 0.0, 826.588114781398], [0.0, 1252.8131021185304, 469.9846626224581], [0.0, 0.0, 1.0]], [[1256.7485116440405, 0.0, 817.7887570959712], [0.0, 1256.7485116440403, 451.9541780095127], [0.0, 0.0, 1.0]], [[1254.9860565800168, 0.0, 829.5769333630991], [0.0, 1254.9860565800168, 467.1680561863987], [0.0, 0.0, 1.0]], [[796.8910634503094, 0.0, 857.7774326863696], [0.0, 796.8910634503094, 476.8848988407415], [0.0, 0.0, 1.0]], [[1249.9629280788233, 0.0, 825.3768045375984], [0.0, 1249.9629280788233, 462.54816385708756], [0.0, 0.0, 1.0]]], "extrinsics": [[[0.8229131698608398, -0.5677769184112549, -0.021054953336715698, -0.81097412109375], [-0.0026162725407630205, 0.03327057138085365, -0.9994429349899292, 1.4876844882965088], [0.5681610703468323, 0.8225098848342896, 0.025893334299325943, -1.19915771484375], [0.0, 0.0, 0.0, 1.0]], [[0.010757729411125183, -0.9995124936103821, -0.029309723526239395, 0.00736236572265625], [-0.0007437171880155802, 0.02930341474711895, -0.9995702505111694, 1.4800242185592651], [0.999941885471344, 0.010774864815175533, -0.00042811621096916497, -1.5377197265625], [0.0, 0.0, 0.0, 1.0]], [[-0.8438544273376465, -0.5362963080406189, -0.017206715419888496, 0.95953369140625], [0.007187302689999342, 0.02076748199760914, -0.9997584819793701, 1.4941892623901367], [0.5365241169929504, -0.8437743186950684, -0.013670209795236588, -1.194244384765625], [0.0, 0.0, 0.0, 1.0]], [[0.9478316307067871, 0.3187202513217926, -0.005715740844607353, -1.13116455078125], [-0.01829058863222599, 0.03647530451416969, -0.9991671442985535, 1.561798095703125], [-0.31824636459350586, 0.9471467137336731, 0.04040202125906944, -0.160400390625], [0.0, 0.0, 0.0, 1.0]], [[0.009201942943036556, 0.9995487332344055, 0.028595443814992905, -0.028261184692382812], [-0.016122417524456978, 0.02874124050140381, -0.9994568228721619, 1.567000389099121], [-0.9998277425765991, 0.008735856972634792, 0.016379615291953087, -0.021484375], [0.0, 0.0, 0.0, 1.0]], [[-0.9238237738609314, 0.38259151577949524, 0.013170503079891205, 1.05340576171875], [-0.01183764822781086, 0.0058377026580274105, -0.9999129176139832, 1.5464372634887695], [-0.3826350271701813, -0.9238991737365723, -0.0008640250889584422, -0.0880126953125], [0.0, 0.0, 0.0, 1.0]]], "view": [[0.0, -2.0, 100.0], [-2.0, 0.0, 100.0], [0.0, 0.0, 1.0]], "bev": "bev_75b1623e0feb458b875e73a85b91a9af.png", "aux": "aux_75b1623e0feb458b875e73a85b91a9af.npz", "visibility": "visibility_75b1623e0feb458b875e73a85b91a9af.png", "pose": [[0.3941759467124939, -0.919035017490387, 0.0, 374.4487609863281], [0.919035017490387, 0.3941759467124939, 0.0, 810.9904174804688], [0.0, 0.0, 1.0, 0.0], [0.0, 0.0, 0.0, 1.0]], "pose_inverse": [[0.3941759467124939, 0.919035017490387, 0.0, -892.92724609375], [-0.919035017490387, 0.3941759467124939, 0.0, 24.458602905273438], [0.0, 0.0, 1.0, 0.0], [0.0, 0.0, 0.0, 1.0]], "cam_ids": [0, 1, 2, 3, 4, 5], "cam_channels": ["CAM_FRONT_LEFT", "CAM_FRONT", "CAM_FRONT_RIGHT", "CAM_BACK_LEFT", "CAM_BACK", "CAM_BACK_RIGHT"], "token": "75b1623e0feb458b875e73a85b91a9af", "scene": "scene-0762"}, {"images": ["samples/CAM_FRONT_LEFT/n008-2018-08-30-15-16-55-0400__CAM_FRONT_LEFT__1535657210754799.jpg", "samples/CAM_FRONT/n008-2018-08-30-15-16-55-0400__CAM_FRONT__1535657210762404.jpg", "samples/CAM_FRONT_RIGHT/n008-2018-08-30-15-16-55-0400__CAM_FRONT_RIGHT__1535657210770482.jpg", "samples/CAM_BACK_LEFT/n008-2018-08-30-15-16-55-0400__CAM_BACK_LEFT__1535657210797405.jpg", "samples/CAM_BACK/n008-2018-08-30-15-16-55-0400__CAM_BACK__1535657210787558.jpg", "samples/CAM_BACK_RIGHT/n008-2018-08-30-15-16-55-0400__CAM_BACK_RIGHT__1535657210778113.jpg"], "intrinsics": [[[1257.8625342125129, 0.0, 827.2410631095686], [0.0, 1257.8625342125129, 450.915498205774], [0.0, 0.0, 1.0]], [[1252.8131021185304, 0.0, 826.588114781398], [0.0, 1252.8131021185304, 469.9846626224581], [0.0, 0.0, 1.0]], [[1256.7485116440405, 0.0, 817.7887570959712], [0.0, 1256.7485116440403, 451.9541780095127], [0.0, 0.0, 1.0]], [[1254.9860565800168, 0.0, 829.5769333630991], [0.0, 1254.9860565800168, 467.1680561863987], [0.0, 0.0, 1.0]], [[796.8910634503094, 0.0, 857.7774326863696], [0.0, 796.8910634503094, 476.8848988407415], [0.0, 0.0, 1.0]], [[1249.9629280788233, 0.0, 825.3768045375984], [0.0, 1249.9629280788233, 462.54816385708756], [0.0, 0.0, 1.0]]], "extrinsics": [[[0.8230097889900208, -0.5673398375511169, -0.027937645092606544, -0.8282470703125], [-0.007165835704654455, 0.03880976513028145, -0.9992209076881409, 1.4867300987243652], [0.5679820775985718, 0.8225687146186829, 0.027875347062945366, -1.21234130859375], [0.0, 0.0, 0.0, 1.0]], [[0.010974814184010029, -0.9993333220481873, -0.034818973392248154, 0.007946014404296875], [-0.005290019791573286, 0.034762557595968246, -0.9993816018104553, 1.479201316833496], [0.9999257326126099, 0.011152196675539017, -0.004904980305582285, -1.55645751953125], [0.0, 0.0, 0.0, 1.0]], [[-0.8437599539756775, -0.5364726185798645, -0.0163198821246624, 0.97259521484375], [0.0027134432457387447, 0.026142524555325508, -0.9996545314788818, 1.4934390783309937], [0.5367139577865601, -0.843512773513794, -0.020602328702807426, -1.201873779296875], [0.0, 0.0, 0.0, 1.0]], [[0.9477956891059875, 0.31877145171165466, -0.00825539231300354, -1.13311767578125], [-0.02270296961069107, 0.041633814573287964, -0.9988749623298645, 1.5617809295654297], [-0.31806913018226624, 0.9469168186187744, 0.046697407960891724, -0.159759521484375], [0.0, 0.0, 0.0, 1.0]], [[0.009196692146360874, 0.9993869066238403, 0.03378327190876007, -0.02854299545288086], [-0.02057679183781147, 0.033966682851314545, -0.9992111325263977, 1.5668449401855469], [-0.9997460246086121, 0.008494304493069649, 0.020876556634902954, -0.014404296875], [0.0, 0.0, 0.0, 1.0]], [[-0.9238504767417908, 0.3822577893733978, 0.019474510103464127, 1.06439208984375], [-0.01645784080028534, 0.011160205118358135, -0.99980229139328, 1.5460939407348633], [-0.3823995590209961, -0.9239882826805115, -0.004019223153591156, -0.08319091796875], [0.0, 0.0, 0.0, 1.0]]], "view": [[0.0, -2.0, 100.0], [-2.0, 0.0, 100.0], [0.0, 0.0, 1.0]], "bev": "bev_f14b5f4663964978836c9e277181b4be.png", "aux": "aux_f14b5f4663964978836c9e277181b4be.npz", "visibility": "visibility_f14b5f4663964978836c9e277181b4be.png", "pose": [[0.40496042370796204, -0.914334237575531, 0.0, 375.4539794921875], [0.914334237575531, 0.40496042370796204, 0.0, 813.301025390625], [0.0, 0.0, 1.0, 0.0], [0.0, 0.0, 0.0, 1.0]], "pose_inverse": [[0.40496042370796204, 0.914334237575531, 0.0, -895.6729736328125], [-0.914334237575531, 0.40496042370796204, 0.0, 13.935704231262207], [0.0, 0.0, 1.0, 0.0], [0.0, 0.0, 0.0, 1.0]], "cam_ids": [0, 1, 2, 3, 4, 5], "cam_channels": ["CAM_FRONT_LEFT", "CAM_FRONT", "CAM_FRONT_RIGHT", "CAM_BACK_LEFT", "CAM_BACK", "CAM_BACK_RIGHT"], "token": "f14b5f4663964978836c9e277181b4be", "scene": "scene-0762"}, {"images": ["samples/CAM_FRONT_LEFT/n008-2018-08-30-15-16-55-0400__CAM_FRONT_LEFT__1535657211254799.jpg", "samples/CAM_FRONT/n008-2018-08-30-15-16-55-0400__CAM_FRONT__1535657211262404.jpg", "samples/CAM_FRONT_RIGHT/n008-2018-08-30-15-16-55-0400__CAM_FRONT_RIGHT__1535657211270482.jpg", "samples/CAM_BACK_LEFT/n008-2018-08-30-15-16-55-0400__CAM_BACK_LEFT__1535657211297405.jpg", "samples/CAM_BACK/n008-2018-08-30-15-16-55-0400__CAM_BACK__1535657211287558.jpg", "samples/CAM_BACK_RIGHT/n008-2018-08-30-15-16-55-0400__CAM_BACK_RIGHT__1535657211278113.jpg"], "intrinsics": [[[1257.8625342125129, 0.0, 827.2410631095686], [0.0, 1257.8625342125129, 450.915498205774], [0.0, 0.0, 1.0]], [[1252.8131021185304, 0.0, 826.588114781398], [0.0, 1252.8131021185304, 469.9846626224581], [0.0, 0.0, 1.0]], [[1256.7485116440405, 0.0, 817.7887570959712], [0.0, 1256.7485116440403, 451.9541780095127], [0.0, 0.0, 1.0]], [[1254.9860565800168, 0.0, 829.5769333630991], [0.0, 1254.9860565800168, 467.1680561863987], [0.0, 0.0, 1.0]], [[796.8910634503094, 0.0, 857.7774326863696], [0.0, 796.8910634503094, 476.8848988407415], [0.0, 0.0, 1.0]], [[1249.9629280788233, 0.0, 825.3768045375984], [0.0, 1249.9629280788233, 462.54816385708756], [0.0, 0.0, 1.0]]], "extrinsics": [[[0.8227807283401489, -0.5674757361412048, -0.03167278692126274, -0.83428955078125], [-0.006979004014283419, 0.04563513025641441, -0.9989337921142578, 1.486854076385498], [0.5683161020278931, 0.8221245408058167, 0.033587291836738586, -1.215240478515625], [0.0, 0.0, 0.0, 1.0]], [[0.010619678534567356, -0.9990761876106262, -0.04164079204201698, 0.007149696350097656], [-0.005001863930374384, 0.04158954322338104, -0.9991222620010376, 1.4793062210083008], [0.9999310374259949, 0.010818679817020893, -0.004555575083941221, -1.56256103515625], [0.0, 0.0, 0.0, 1.0]], [[-0.8438971638679504, -0.5361225008964539, -0.020254140719771385, 0.97711181640625], [0.0030498167034238577, 0.03295759856700897, -0.9994521141052246, 1.4934781789779663], [0.5364963412284851, -0.8434966206550598, -0.026177745312452316, -1.205291748046875], [0.0, 0.0, 0.0, 1.0]], [[0.9478105902671814, 0.3187807500362396, -0.005812908057123423, -1.13641357421875], [-0.022303981706500053, 0.04810585081577301, -0.9985932111740112, 1.5618667602539062], [-0.3180526793003082, 0.9466068148612976, 0.052705321460962296, -0.158660888671875], [0.0, 0.0, 0.0, 1.0]], [[0.009292163886129856, 0.9991395473480225, 0.04041944816708565, -0.028481483459472656], [-0.020174643024802208, 0.04060028865933418, -0.9989717602729797, 1.5669574737548828], [-0.9997532963752747, 0.008467194624245167, 0.02053455077111721, -0.01007080078125], [0.0, 0.0, 0.0, 1.0]], [[-0.9237915873527527, 0.3822850286960602, 0.02161337248980999, 1.06915283203125], [-0.015985291451215744, 0.01789259724318981, -0.9997121095657349, 1.546224594116211], [-0.38256174325942993, -0.9238712191581726, -0.010418093763291836, -0.08148193359375], [0.0, 0.0, 0.0, 1.0]]], "view": [[0.0, -2.0, 100.0], [-2.0, 0.0, 100.0], [0.0, 0.0, 1.0]], "bev": "bev_5ddf7657eafc4add80ac93965d7d56c5.png", "aux": "aux_5ddf7657eafc4add80ac93965d7d56c5.npz", "visibility": "visibility_5ddf7657eafc4add80ac93965d7d56c5.png", "pose": [[0.4147685468196869, -0.9099269509315491, 0.0, 376.4272766113281], [0.9099269509315491, 0.4147685468196869, 0.0, 815.4550170898438], [0.0, 0.0, 1.0, 0.0], [0.0, 0.0, 0.0, 1.0]], "pose_inverse": [[0.4147685468196869, 0.9099269509315491, 0.0, -898.1347045898438], [-0.9099269509315491, 0.4147685468196869, 0.0, 4.296243190765381], [0.0, 0.0, 1.0, 0.0], [0.0, 0.0, 0.0, 1.0]], "cam_ids": [0, 1, 2, 3, 4, 5], "cam_channels": ["CAM_FRONT_LEFT", "CAM_FRONT", "CAM_FRONT_RIGHT", "CAM_BACK_LEFT", "CAM_BACK", "CAM_BACK_RIGHT"], "token": "5ddf7657eafc4add80ac93965d7d56c5", "scene": "scene-0762"}, {"images": ["samples/CAM_FRONT_LEFT/n008-2018-08-30-15-16-55-0400__CAM_FRONT_LEFT__1535657211854799.jpg", "samples/CAM_FRONT/n008-2018-08-30-15-16-55-0400__CAM_FRONT__1535657211862404.jpg", "samples/CAM_FRONT_RIGHT/n008-2018-08-30-15-16-55-0400__CAM_FRONT_RIGHT__1535657211870482.jpg", "samples/CAM_BACK_LEFT/n008-2018-08-30-15-16-55-0400__CAM_BACK_LEFT__1535657211897405.jpg", "samples/CAM_BACK/n008-2018-08-30-15-16-55-0400__CAM_BACK__1535657211887558.jpg", "samples/CAM_BACK_RIGHT/n008-2018-08-30-15-16-55-0400__CAM_BACK_RIGHT__1535657211878113.jpg"], "intrinsics": [[[1257.8625342125129, 0.0, 827.2410631095686], [0.0, 1257.8625342125129, 450.915498205774], [0.0, 0.0, 1.0]], [[1252.8131021185304, 0.0, 826.588114781398], [0.0, 1252.8131021185304, 469.9846626224581], [0.0, 0.0, 1.0]], [[1256.7485116440405, 0.0, 817.7887570959712], [0.0, 1256.7485116440403, 451.9541780095127], [0.0, 0.0, 1.0]], [[1254.9860565800168, 0.0, 829.5769333630991], [0.0, 1254.9860565800168, 467.1680561863987], [0.0, 0.0, 1.0]], [[796.8910634503094, 0.0, 857.7774326863696], [0.0, 796.8910634503094, 476.8848988407415], [0.0, 0.0, 1.0]], [[1249.9629280788233, 0.0, 825.3768045375984], [0.0, 1249.9629280788233, 462.54816385708756], [0.0, 0.0, 1.0]]], "extrinsics": [[[0.8222689032554626, -0.5683004856109619, -0.030139276757836342, -0.833251953125], [-0.002938951598480344, 0.04871849715709686, -0.9988082051277161, 1.487720251083374], [0.5690916180610657, 0.8213775157928467, 0.038389500230550766, -1.21337890625], [0.0, 0.0, 0.0, 1.0]], [[0.009871769696474075, -0.9989556670188904, -0.04461003839969635, 0.006306648254394531], [-0.000875919999089092, 0.044603560119867325, -0.9990044236183167, 1.4800472259521484], [0.9999508261680603, 0.009901011362671852, -0.00043468805961310863, -1.561279296875], [0.0, 0.0, 0.0, 1.0]], [[-0.8441904783248901, -0.5354430079460144, -0.02536052279174328, 0.9761962890625], [0.0072465576231479645, 0.03590676560997963, -0.9993288516998291, 1.4940752983093262], [0.5359942317008972, -0.8438077569007874, -0.026432037353515625, -1.2056884765625], [0.0, 0.0, 0.0, 1.0]], [[0.9478372931480408, 0.3187541663646698, -0.00042829487938433886, -1.13885498046875], [-0.017639240249991417, 0.05110979452729225, -0.9985372424125671, 1.5619525909423828], [-0.3182660937309265, 0.9464584589004517, 0.05406635254621506, -0.157806396484375], [0.0, 0.0, 0.0, 1.0]], [[0.009396020323038101, 0.9990125298500061, 0.04342367872595787, -0.028057098388671875], [-0.015746600925922394, 0.04356802999973297, -0.9989263415336609, 1.5672378540039062], [-0.9998318552970886, 0.008702163584530354, 0.016140419989824295, -0.0087890625], [0.0, 0.0, 0.0, 1.0]], [[-0.9236761927604675, 0.38271623849868774, 0.0187208391726017, 1.0694580078125], [-0.011625378392636776, 0.02084420807659626, -0.9997151494026184, 1.5466737747192383], [-0.3829974830150604, -0.9236307740211487, -0.014804080128669739, -0.08209228515625], [0.0, 0.0, 0.0, 1.0]]], "view": [[0.0, -2.0, 100.0], [-2.0, 0.0, 100.0], [0.0, 0.0, 1.0]], "bev": "bev_66fc121a496e4675b170824b6c4385e1.png", "aux": "aux_66fc121a496e4675b170824b6c4385e1.npz", "visibility": "visibility_66fc121a496e4675b170824b6c4385e1.png", "pose": [[0.41871559619903564, -0.908117413520813, 0.0, 377.57940673828125], [0.908117413520813, 0.41871559619903564, 0.0, 817.9969482421875], [0.0, 0.0, 1.0, 0.0], [0.0, 0.0, 0.0, 1.0]], "pose_inverse": [[0.41871559619903564, 0.908117413520813, 0.0, -900.9356689453125], [-0.908117413520813, 0.41871559619903564, 0.0, 0.3783454895019531], [0.0, 0.0, 1.0, 0.0], [0.0, 0.0, 0.0, 1.0]], "cam_ids": [0, 1, 2, 3, 4, 5], "cam_channels": ["CAM_FRONT_LEFT", "CAM_FRONT", "CAM_FRONT_RIGHT", "CAM_BACK_LEFT", "CAM_BACK", "CAM_BACK_RIGHT"], "token": "66fc121a496e4675b170824b6c4385e1", "scene": "scene-0762"}, {"images": ["samples/CAM_FRONT_LEFT/n008-2018-08-30-15-16-55-0400__CAM_FRONT_LEFT__1535657212354799.jpg", "samples/CAM_FRONT/n008-2018-08-30-15-16-55-0400__CAM_FRONT__1535657212362404.jpg", "samples/CAM_FRONT_RIGHT/n008-2018-08-30-15-16-55-0400__CAM_FRONT_RIGHT__1535657212370482.jpg", "samples/CAM_BACK_LEFT/n008-2018-08-30-15-16-55-0400__CAM_BACK_LEFT__1535657212397405.jpg", "samples/CAM_BACK/n008-2018-08-30-15-16-55-0400__CAM_BACK__1535657212387558.jpg", "samples/CAM_BACK_RIGHT/n008-2018-08-30-15-16-55-0400__CAM_BACK_RIGHT__1535657212378113.jpg"], "intrinsics": [[[1257.8625342125129, 0.0, 827.2410631095686], [0.0, 1257.8625342125129, 450.915498205774], [0.0, 0.0, 1.0]], [[1252.8131021185304, 0.0, 826.588114781398], [0.0, 1252.8131021185304, 469.9846626224581], [0.0, 0.0, 1.0]], [[1256.7485116440405, 0.0, 817.7887570959712], [0.0, 1256.7485116440403, 451.9541780095127], [0.0, 0.0, 1.0]], [[1254.9860565800168, 0.0, 829.5769333630991], [0.0, 1254.9860565800168, 467.1680561863987], [0.0, 0.0, 1.0]], [[796.8910634503094, 0.0, 857.7774326863696], [0.0, 796.8910634503094, 476.8848988407415], [0.0, 0.0, 1.0]], [[1249.9629280788233, 0.0, 825.3768045375984], [0.0, 1249.9629280788233, 462.54816385708756], [0.0, 0.0, 1.0]]], "extrinsics": [[[0.8221545815467834, -0.5685573220252991, -0.028363481163978577, -0.8287353515625], [-0.0018747554859146476, 0.047120291739702225, -0.9988874197006226, 1.4878709316253662], [0.5692611932754517, 0.8212931156158447, 0.03767425939440727, -1.211822509765625], [0.0, 0.0, 0.0, 1.0]], [[0.009626546874642372, -0.9990317225456238, -0.042929623275995255, 0.0072765350341796875], [0.00010731835209298879, 0.04293264448642731, -0.9990779757499695, 1.4801753759384155], [0.99995356798172, 0.009613032452762127, 0.0005205089692026377, -1.55810546875], [0.0, 0.0, 0.0, 1.0]], [[-0.844338595867157, -0.5352162718772888, -0.02521362341940403, 0.97515869140625], [0.008178266696631908, 0.03417837247252464, -0.9993822574615479, 1.4941940307617188], [0.5357474684715271, -0.8440232872962952, -0.02448098175227642, -1.204376220703125], [0.0, 0.0, 0.0, 1.0]], [[0.947843074798584, 0.3187362849712372, -0.0006968742236495018, -1.1419677734375], [-0.017306167632341385, 0.049280889332294464, -0.9986349940299988, 1.5620088577270508], [-0.31826695799827576, 0.9465613961219788, 0.05222666263580322, -0.15679931640625], [0.0, 0.0, 0.0, 1.0]], [[0.009554355405271053, 0.9990871548652649, 0.0416368804872036, -0.02819371223449707], [-0.015185852535068989, 0.04177895188331604, -0.9990114569664001, 1.5672836303710938], [-0.9998391270637512, 0.008912625722587109, 0.01557116024196148, -0.00738525390625], [0.0, 0.0, 0.0, 1.0]], [[-0.9235584735870361, 0.3830617666244507, 0.017417805269360542, 1.06927490234375], [-0.01093287207186222, 0.01909988932311535, -0.9997577667236328, 1.5467348098754883], [-0.383301705121994, -0.9235252141952515, -0.013451900333166122, -0.081939697265625], [0.0, 0.0, 0.0, 1.0]]], "view": [[0.0, -2.0, 100.0], [-2.0, 0.0, 100.0], [0.0, 0.0, 1.0]], "bev": "bev_298cc50dfc9c403da2b3bda4b33430f2.png", "aux": "aux_298cc50dfc9c403da2b3bda4b33430f2.npz", "visibility": "visibility_298cc50dfc9c403da2b3bda4b33430f2.png", "pose": [[0.41411903500556946, -0.9102227091789246, 0.0, 378.59356689453125], [0.9102227091789246, 0.41411903500556946, 0.0, 820.1921997070312], [0.0, 0.0, 1.0, 0.0], [0.0, 0.0, 0.0, 1.0]], "pose_inverse": [[0.41411903500556946, 0.9102227091789246, 0.0, -903.3403930664062], [-0.9102227091789246, 0.41411903500556946, 0.0, 4.947265625], [0.0, 0.0, 1.0, 0.0], [0.0, 0.0, 0.0, 1.0]], "cam_ids": [0, 1, 2, 3, 4, 5], "cam_channels": ["CAM_FRONT_LEFT", "CAM_FRONT", "CAM_FRONT_RIGHT", "CAM_BACK_LEFT", "CAM_BACK", "CAM_BACK_RIGHT"], "token": "298cc50dfc9c403da2b3bda4b33430f2", "scene": "scene-0762"}, {"images": ["samples/CAM_FRONT_LEFT/n008-2018-08-30-15-16-55-0400__CAM_FRONT_LEFT__1535657212854799.jpg", "samples/CAM_FRONT/n008-2018-08-30-15-16-55-0400__CAM_FRONT__1535657212862404.jpg", "samples/CAM_FRONT_RIGHT/n008-2018-08-30-15-16-55-0400__CAM_FRONT_RIGHT__1535657212870728.jpg", "samples/CAM_BACK_LEFT/n008-2018-08-30-15-16-55-0400__CAM_BACK_LEFT__1535657212897405.jpg", "samples/CAM_BACK/n008-2018-08-30-15-16-55-0400__CAM_BACK__1535657212887558.jpg", "samples/CAM_BACK_RIGHT/n008-2018-08-30-15-16-55-0400__CAM_BACK_RIGHT__1535657212878113.jpg"], "intrinsics": [[[1257.8625342125129, 0.0, 827.2410631095686], [0.0, 1257.8625342125129, 450.915498205774], [0.0, 0.0, 1.0]], [[1252.8131021185304, 0.0, 826.588114781398], [0.0, 1252.8131021185304, 469.9846626224581], [0.0, 0.0, 1.0]], [[1256.7485116440405, 0.0, 817.7887570959712], [0.0, 1256.7485116440403, 451.9541780095127], [0.0, 0.0, 1.0]], [[1254.9860565800168, 0.0, 829.5769333630991], [0.0, 1254.9860565800168, 467.1680561863987], [0.0, 0.0, 1.0]], [[796.8910634503094, 0.0, 857.7774326863696], [0.0, 796.8910634503094, 476.8848988407415], [0.0, 0.0, 1.0]], [[1249.9629280788233, 0.0, 825.3768045375984], [0.0, 1249.9629280788233, 462.54816385708756], [0.0, 0.0, 1.0]]], "extrinsics": [[[0.8218761682510376, -0.5691313743591309, -0.024676978588104248, -0.83343505859375], [-0.000791097292676568, 0.04217800125479698, -0.9991098046302795, 1.4881471395492554], [0.5696656107902527, 0.821164071559906, 0.03421485796570778, -1.213836669921875], [0.0, 0.0, 0.0, 1.0]], [[0.009290638379752636, -0.999234676361084, -0.03799775615334511, 0.006595611572265625], [0.0011558658443391323, 0.03801010176539421, -0.9992766976356506, 1.480379343032837], [0.9999561309814453, 0.009239998646080494, 0.001508119865320623, -1.5621337890625], [0.0, 0.0, 0.0, 1.0]], [[-0.8444238305091858, -0.5351638197898865, -0.02340964786708355, 0.978759765625], [0.009164922870695591, 0.02926124446094036, -0.9995297193527222, 1.4942927360534668], [0.5355971455574036, -0.8442413210868835, -0.019804159179329872, -1.20697021484375], [0.0, 0.0, 0.0, 1.0]], [[0.9478552937507629, 0.3186980187892914, -0.0013679314870387316, -1.1400146484375], [-0.016327470541000366, 0.04427285119891167, -0.9988860487937927, 1.561976432800293], [-0.31828245520591736, 0.9468217492103577, 0.047167789191007614, -0.157379150390625], [0.0, 0.0, 0.0, 1.0]], [[0.009565836749970913, 0.9992814660072327, 0.03667465224862099, -0.02827310562133789], [-0.014158917590975761, 0.036808013916015625, -0.9992220401763916, 1.5673370361328125], [-0.9998540282249451, 0.009039131924510002, 0.014500846154987812, -0.007080078125], [0.0, 0.0, 0.0, 1.0]], [[-0.9235485792160034, 0.38320350646972656, 0.0145953930914402, 1.0714111328125], [-0.009924937039613724, 0.01416231133043766, -0.9998504519462585, 1.5468559265136719], [-0.38335293531417847, -0.923555314540863, -0.0092763127759099, -0.081024169921875], [0.0, 0.0, 0.0, 1.0]]], "view": [[0.0, -2.0, 100.0], [-2.0, 0.0, 100.0], [0.0, 0.0, 1.0]], "bev": "bev_d6419285b7884ca3b9090ae22c868a5d.png", "aux": "aux_d6419285b7884ca3b9090ae22c868a5d.npz", "visibility": "visibility_d6419285b7884ca3b9090ae22c868a5d.png", "pose": [[0.4049738347530365, -0.9143282771110535, 0.0, 379.56683349609375], [0.9143282771110535, 0.4049738347530365, 0.0, 822.3702392578125], [0.0, 0.0, 1.0, 0.0], [0.0, 0.0, 0.0, 1.0]], "pose_inverse": [[0.4049738347530365, 0.9143282771110535, 0.0, -905.6309814453125], [-0.9143282771110535, 0.4049738347530365, 0.0, 14.010265350341797], [0.0, 0.0, 1.0, 0.0], [0.0, 0.0, 0.0, 1.0]], "cam_ids": [0, 1, 2, 3, 4, 5], "cam_channels": ["CAM_FRONT_LEFT", "CAM_FRONT", "CAM_FRONT_RIGHT", "CAM_BACK_LEFT", "CAM_BACK", "CAM_BACK_RIGHT"], "token": "d6419285b7884ca3b9090ae22c868a5d", "scene": "scene-0762"}, {"images": ["samples/CAM_FRONT_LEFT/n008-2018-08-30-15-16-55-0400__CAM_FRONT_LEFT__1535657213354799.jpg", "samples/CAM_FRONT/n008-2018-08-30-15-16-55-0400__CAM_FRONT__1535657213362404.jpg", "samples/CAM_FRONT_RIGHT/n008-2018-08-30-15-16-55-0400__CAM_FRONT_RIGHT__1535657213370482.jpg", "samples/CAM_BACK_LEFT/n008-2018-08-30-15-16-55-0400__CAM_BACK_LEFT__1535657213397405.jpg", "samples/CAM_BACK/n008-2018-08-30-15-16-55-0400__CAM_BACK__1535657213387558.jpg", "samples/CAM_BACK_RIGHT/n008-2018-08-30-15-16-55-0400__CAM_BACK_RIGHT__1535657213378113.jpg"], "intrinsics": [[[1257.8625342125129, 0.0, 827.2410631095686], [0.0, 1257.8625342125129, 450.915498205774], [0.0, 0.0, 1.0]], [[1252.8131021185304, 0.0, 826.588114781398], [0.0, 1252.8131021185304, 469.9846626224581], [0.0, 0.0, 1.0]], [[1256.7485116440405, 0.0, 817.7887570959712], [0.0, 1256.7485116440403, 451.9541780095127], [0.0, 0.0, 1.0]], [[1254.9860565800168, 0.0, 829.5769333630991], [0.0, 1254.9860565800168, 467.1680561863987], [0.0, 0.0, 1.0]], [[796.8910634503094, 0.0, 857.7774326863696], [0.0, 796.8910634503094, 476.8848988407415], [0.0, 0.0, 1.0]], [[1249.9629280788233, 0.0, 825.3768045375984], [0.0, 1249.9629280788233, 462.54816385708756], [0.0, 0.0, 1.0]]], "extrinsics": [[[0.821953535079956, -0.5692178606987, -0.019586175680160522, -0.83502197265625], [0.0008978734840638936, 0.035683538764715195, -0.9993627667427063, 1.4884693622589111], [0.5695539712905884, 0.8214120864868164, 0.029841294512152672, -1.21588134765625], [0.0, 0.0, 0.0, 1.0]], [[0.009375285357236862, -0.9994609355926514, -0.03146270662546158, 0.0071315765380859375], [0.0028405904304236174, 0.03149058297276497, -0.999500036239624, 1.4806431531906128], [0.9999520778656006, 0.009281238541007042, 0.0031342925503849983, -1.5645751953125], [0.0, 0.0, 0.0, 1.0]], [[-0.8444021940231323, -0.5352855324745178, -0.0213161651045084, 0.97967529296875], [0.01083193439990282, 0.0227222703397274, -0.999683141708374, 1.494494915008545], [0.5356002449989319, -0.8443654775619507, -0.013388557359576225, -1.20721435546875], [0.0, 0.0, 0.0, 1.0]], [[0.9478689432144165, 0.31865638494491577, -0.0015954996924847364, -1.1383056640625], [-0.01437255460768938, 0.03774943947792053, -0.9991838335990906, 1.5619564056396484], [-0.3183360993862152, 0.9471182227134705, 0.0403614267706871, -0.15802001953125], [0.0, 0.0, 0.0, 1.0