[{"images": ["samples/CAM_FRONT_LEFT/n008-2018-09-18-14-54-39-0400__CAM_FRONT_LEFT__1537297352854799.jpg", "samples/CAM_FRONT/n008-2018-09-18-14-54-39-0400__CAM_FRONT__1537297352862404.jpg", "samples/CAM_FRONT_RIGHT/n008-2018-09-18-14-54-39-0400__CAM_FRONT_RIGHT__1537297352870482.jpg", "samples/CAM_BACK_LEFT/n008-2018-09-18-14-54-39-0400__CAM_BACK_LEFT__1537297352897405.jpg", "samples/CAM_BACK/n008-2018-09-18-14-54-39-0400__CAM_BACK__1537297352887558.jpg", "samples/CAM_BACK_RIGHT/n008-2018-09-18-14-54-39-0400__CAM_BACK_RIGHT__1537297352878113.jpg"], "intrinsics": [[[1257.8625342125129, 0.0, 827.2410631095686], [0.0, 1257.8625342125129, 450.915498205774], [0.0, 0.0, 1.0]], [[1252.8131021185304, 0.0, 826.588114781398], [0.0, 1252.8131021185304, 469.9846626224581], [0.0, 0.0, 1.0]], [[1256.7485116440405, 0.0, 817.7887570959712], [0.0, 1256.7485116440403, 451.9541780095127], [0.0, 0.0, 1.0]], [[1254.9860565800168, 0.0, 829.5769333630991], [0.0, 1254.9860565800168, 467.1680561863987], [0.0, 0.0, 1.0]], [[796.8910634503094, 0.0, 857.7774326863696], [0.0, 796.8910634503094, 476.8848988407415], [0.0, 0.0, 1.0]], [[1249.9629280788233, 0.0, 825.3768045375984], [0.0, 1249.9629280788233, 462.54816385708756], [0.0, 0.0, 1.0]]], "extrinsics": [[[0.8135595321655273, -0.5813257694244385, -0.013462407514452934, -0.8636474609375], [0.0019323080778121948, 0.025854574516415596, -0.9996638298034668, 1.488525390625], [0.5814784169197083, 0.8132600784301758, 0.02215753309428692, -1.2371826171875], [0.0, 0.0, 0.0, 1.0]], [[-0.0027146167121827602, -0.9997608661651611, -0.02169877663254738, 0.008056640625], [0.0037913620471954346, 0.021688411012291908, -0.9997575879096985, 1.4806327819824219], [0.9999890923500061, -0.002796235727146268, 0.0037315792869776487, -1.593292236328125], [0.0, 0.0, 0.0, 1.0]], [[-0.8494132161140442, -0.5274624228477478, -0.016750233247876167, 0.998291015625], [0.011716808192431927, 0.012882965616881847, -0.9998483657836914, 1.4943351745605469], [0.5275982618331909, -0.8494807481765747, -0.004762786440551281, -1.2177734375], [0.0, 0.0, 0.0, 1.0]], [[0.948015570640564, 0.3181985318660736, -0.004025516100227833, -1.14111328125], [-0.013647647574543953, 0.028015905991196632, -0.9995142817497253, 1.5619773864746094], [-0.31793129444122314, 0.947610080242157, 0.03090217523276806, -0.1578369140625], [0.0, 0.0, 0.0, 1.0]], [[0.013250919058918953, 0.9997033476829529, 0.020438097417354584, -0.0291748046875], [-0.011488096788525581, 0.020590754225850105, -0.9997219443321228, 1.5675468444824219], [-0.999846339225769, 0.013012452982366085, 0.011757533997297287, 0.001251220703125], [0.0, 0.0, 0.0, 1.0]], [[-0.9208897352218628, 0.38977640867233276, 0.006032462697476149, 1.0865478515625], [-0.007419939618557692, -0.002054156269878149, -0.9999703764915466, 1.5472216606140137], [-0.38975247740745544, -0.920907199382782, 0.00478376867249608, -0.073486328125], [0.0, 0.0, 0.0, 1.0]]], "view": [[0.0, -2.0, 100.0], [-2.0, 0.0, 100.0], [0.0, 0.0, 1.0]], "bev": "bev_d6ca92d13078491f8f3c2cdc092a6a3a.png", "aux": "aux_d6ca92d13078491f8f3c2cdc092a6a3a.npz", "visibility": "visibility_d6ca92d13078491f8f3c2cdc092a6a3a.png", "pose": [[-0.7263421416282654, -0.687333345413208, 0.0, 1545.4620361328125], [0.687333345413208, -0.7263421416282654, 0.0, 1345.382080078125], [0.0, 0.0, 1.0, 0.0], [0.0, 0.0, 0.0, 1.0]], "pose_inverse": [[-0.7263421416282654, 0.687333345413208, 0.0, 197.80825805664062], [-0.687333345413208, -0.7263421416282654, 0.0, 2039.4552001953125], [0.0, 0.0, 1.0, 0.0], [0.0, 0.0, 0.0, 1.0]], "cam_ids": [0, 1, 2, 3, 4, 5], "cam_channels": ["CAM_FRONT_LEFT", "CAM_FRONT", "CAM_FRONT_RIGHT", "CAM_BACK_LEFT", "CAM_BACK", "CAM_BACK_RIGHT"], "token": "d6ca92d13078491f8f3c2cdc092a6a3a", "scene": "scene-0883"}, {"images": ["samples/CAM_FRONT_LEFT/n008-2018-09-18-14-54-39-0400__CAM_FRONT_LEFT__1537297353354799.jpg", "samples/CAM_FRONT/n008-2018-09-18-14-54-39-0400__CAM_FRONT__1537297353362404.jpg", "samples/CAM_FRONT_RIGHT/n008-2018-09-18-14-54-39-0400__CAM_FRONT_RIGHT__1537297353370482.jpg", "samples/CAM_BACK_LEFT/n008-2018-09-18-14-54-39-0400__CAM_BACK_LEFT__1537297353397405.jpg", "samples/CAM_BACK/n008-2018-09-18-14-54-39-0400__CAM_BACK__1537297353387558.jpg", "samples/CAM_BACK_RIGHT/n008-2018-09-18-14-54-39-0400__CAM_BACK_RIGHT__1537297353378113.jpg"], "intrinsics": [[[1257.8625342125129, 0.0, 827.2410631095686], [0.0, 1257.8625342125129, 450.915498205774], [0.0, 0.0, 1.0]], [[1252.8131021185304, 0.0, 826.588114781398], [0.0, 1252.8131021185304, 469.9846626224581], [0.0, 0.0, 1.0]], [[1256.7485116440405, 0.0, 817.7887570959712], [0.0, 1256.7485116440403, 451.9541780095127], [0.0, 0.0, 1.0]], [[1254.9860565800168, 0.0, 829.5769333630991], [0.0, 1254.9860565800168, 467.1680561863987], [0.0, 0.0, 1.0]], [[796.8910634503094, 0.0, 857.7774326863696], [0.0, 796.8910634503094, 476.8848988407415], [0.0, 0.0, 1.0]], [[1249.9629280788233, 0.0, 825.3768045375984], [0.0, 1249.9629280788233, 462.54816385708756], [0.0, 0.0, 1.0]]], "extrinsics": [[[0.8181178569793701, -0.5749725699424744, -0.009480424225330353, -0.84893798828125], [0.0025496878661215305, 0.02011300064623356, -0.9997944235801697, 1.4886932373046875], [0.5750449895858765, 0.8179255127906799, 0.017920803278684616, -1.2283935546875], [0.0, 0.0, 0.0, 1.0]], [[0.0038635418750345707, -0.999864399433136, -0.0160052552819252, 0.00927734375], [0.0044097150675952435, 0.016022255644202232, -0.9998618960380554, 1.4808006286621094], [0.9999828338623047, 0.0037924207281321287, 0.00447101891040802, -1.578582763671875], [0.0, 0.0, 0.0, 1.0]], [[-0.8466576337814331, -0.5319436192512512, -0.014379402622580528, 0.98828125], [0.01237864512950182, 0.007326791062951088, -0.9998965263366699, 1.4945659637451172], [0.5319940447807312, -0.8467481136322021, 0.0003814568626694381, -1.2103271484375], [0.0, 0.0, 0.0, 1.0]], [[0.9479565024375916, 0.3183581531047821, -0.005151533056050539, -1.1375732421875], [-0.01304685603827238, 0.022672835737466812, -0.9996578097343445, 1.56195068359375], [-0.3181324601173401, 0.9476993680000305, 0.025646435096859932, -0.158447265625], [0.0, 0.0, 0.0, 1.0]], [[0.011231650598347187, 0.9998241662979126, 0.015018453821539879, -0.029296875], [-0.010931720957159996, 0.015141278505325317, -0.9998255968093872, 1.5675106048583984], [-0.9998772144317627, 0.01106549147516489, 0.0110998610034585, -0.004913330078125], [0.0, 0.0, 0.0, 1.0]], [[-0.9223563075065613, 0.38632673025131226, 0.0032422698568552732, 1.07733154296875], [-0.006708158645778894, -0.007623623590916395, -0.9999483823776245, 1.5472240447998047], [-0.3862820565700531, -0.9223304986953735, 0.009623237885534763, -0.0765380859375], [0.0, 0.0, 0.0, 1.0]]], "view": [[0.0, -2.0, 100.0], [-2.0, 0.0, 100.0], [0.0, 0.0, 1.0]], "bev": "bev_8abe1e69a62f4d9481d424a16e454efb.png", "aux": "aux_8abe1e69a62f4d9481d424a16e454efb.npz", "visibility": "visibility_8abe1e69a62f4d9481d424a16e454efb.png", "pose": [[-0.8115563988685608, -0.5842741131782532, 0.0, 1543.9100341796875], [0.5842741131782532, -0.8115563988685608, 0.0, 1346.6746826171875], [0.0, 0.0, 1.0, 0.0], [0.0, 0.0, 0.0, 1.0]], "pose_inverse": [[-0.8115563988685608, 0.5842741131782532, 0.0, 466.1429443359375], [-0.5842741131782532, -0.8115563988685608, 0.0, 1994.9691162109375], [0.0, 0.0, 1.0, 0.0], [0.0, 0.0, 0.0, 1.0]], "cam_ids": [0, 1, 2, 3, 4, 5], "cam_channels": ["CAM_FRONT_LEFT", "CAM_FRONT", "CAM_FRONT_RIGHT", "CAM_BACK_LEFT", "CAM_BACK", "CAM_BACK_RIGHT"], "token": "8abe1e69a62f4d9481d424a16e454efb", "scene": "scene-0883"}, {"images": ["samples/CAM_FRONT_LEFT/n008-2018-09-18-14-54-39-0400__CAM_FRONT_LEFT__1537297353854799.jpg", "samples/CAM_FRONT/n008-2018-09-18-14-54-39-0400__CAM_FRONT__1537297353862404.jpg", "samples/CAM_FRONT_RIGHT/n008-2018-09-18-14-54-39-0400__CAM_FRONT_RIGHT__1537297353870482.jpg", "samples/CAM_BACK_LEFT/n008-2018-09-18-14-54-39-0400__CAM_BACK_LEFT__1537297353897405.jpg", "samples/CAM_BACK/n008-2018-09-18-14-54-39-0400__CAM_BACK__1537297353887558.jpg", "samples/CAM_BACK_RIGHT/n008-2018-09-18-14-54-39-0400__CAM_BACK_RIGHT__1537297353878113.jpg"], "intrinsics": [[[1257.8625342125129, 0.0, 827.2410631095686], [0.0, 1257.8625342125129, 450.915498205774], [0.0, 0.0, 1.0]], [[1252.8131021185304, 0.0, 826.588114781398], [0.0, 1252.8131021185304, 469.9846626224581], [0.0, 0.0, 1.0]], [[1256.7485116440405, 0.0, 817.7887570959712], [0.0, 1256.7485116440403, 451.9541780095127], [0.0, 0.0, 1.0]], [[1254.9860565800168, 0.0, 829.5769333630991], [0.0, 1254.9860565800168, 467.1680561863987], [0.0, 0.0, 1.0]], [[796.8910634503094, 0.0, 857.7774326863696], [0.0, 796.8910634503094, 476.8848988407415], [0.0, 0.0, 1.0]], [[1249.9629280788233, 0.0, 825.3768045375984], [0.0, 1249.9629280788233, 462.54816385708756], [0.0, 0.0, 1.0]]], "extrinsics": [[[0.8209090828895569, -0.5709402561187744, -0.011648003943264484, -0.8424072265625], [-0.0001077809720300138, 0.020242294296622276, -0.9997950792312622, 1.4882164001464844], [0.5710590481758118, 0.8207420706748962, 0.01655554212629795, -1.223876953125], [0.0, 0.0, 0.0, 1.0]], [[0.007864935323596, -0.9998388290405273, -0.016136065125465393, 0.0087890625], [0.0018320298986509442, 0.01615094393491745, -0.9998679161071777, 1.4804229736328125], [0.9999673962593079, 0.007834253832697868, 0.001958759967237711, -1.5726318359375], [0.0, 0.0, 0.0, 1.0]], [[-0.8450318574905396, -0.5345742702484131, -0.01231179479509592, 0.9852294921875], [0.00985182449221611, 0.007455935701727867, -0.9999236464500427, 1.4942970275878906], [0.5346252918243408, -0.8450886607170105, -0.0010339716682210565, -1.2086181640625], [0.0, 0.0, 0.0, 1.0]], [[0.947880744934082, 0.3185397982597351, -0.007386788260191679, -1.1378173828125], [-0.01538745779544115, 0.02260768972337246, -0.9996259808540344, 1.5619392395019531], [-0.31825366616249084, 0.9476399421691895, 0.026330912485718727, -0.158447265625], [0.0, 0.0, 0.0, 1.0]], [[0.010009117424488068, 0.9998376369476318, 0.01498364843428135, -0.029052734375], [-0.013288219459354877, 0.0151160703971982, -0.9997974038124084, 1.5673828125], [-0.9998616576194763, 0.009807996451854706, 0.013437360525131226, -0.00616455078125], [0.0, 0.0, 0.0, 1.0]], [[-0.9232227206230164, 0.38422510027885437, 0.005565947387367487, 1.07525634765625], [-0.00918478611856699, -0.007584224455058575, -0.9999290108680725, 1.5469741821289062], [-0.38415560126304626, -0.9232082962989807, 0.010530953295528889, -0.0780029296875], [0.0, 0.0, 0.0, 1.0]]], "view": [[0.0, -2.0, 100.0], [-2.0, 0.0, 100.0], [0.0, 0.0, 1.0]], "bev": "bev_277b7b533f0742ac87254075a62155d9.png", "aux": "aux_277b7b533f0742ac87254075a62155d9.npz", "visibility": "visibility_277b7b533f0742ac87254075a62155d9.png", "pose": [[-0.840167760848999, -0.5423266291618347, 0.0, 1542.156005859375], [0.5423266291618347, -0.840167760848999, 0.0, 1347.9066162109375], [0.0, 0.0, 1.0, 0.0], [0.0, 0.0, 0.0, 1.0]], "pose_inverse": [[-0.840167760848999, 0.5423266291618347, 0.0, 564.6640625], [-0.5423266291618347, -0.840167760848999, 0.0, 1968.8199462890625], [0.0, 0.0, 1.0, 0.0], [0.0, 0.0, 0.0, 1.0]], "cam_ids": [0, 1, 2, 3, 4, 5], "cam_channels": ["CAM_FRONT_LEFT", "CAM_FRONT", "CAM_FRONT_RIGHT", "CAM_BACK_LEFT", "CAM_BACK", "CAM_BACK_RIGHT"], "token": "277b7b533f0742ac87254075a62155d9", "scene": "scene-0883"}, {"images": ["samples/CAM_FRONT_LEFT/n008-2018-09-18-14-54-39-0400__CAM_FRONT_LEFT__1537297354254799.jpg", "samples/CAM_FRONT/n008-2018-09-18-14-54-39-0400__CAM_FRONT__1537297354262404.jpg", "samples/CAM_FRONT_RIGHT/n008-2018-09-18-14-54-39-0400__CAM_FRONT_RIGHT__1537297354270482.jpg", "samples/CAM_BACK_LEFT/n008-2018-09-18-14-54-39-0400__CAM_BACK_LEFT__1537297354297405.jpg", "samples/CAM_BACK/n008-2018-09-18-14-54-39-0400__CAM_BACK__1537297354287558.jpg", "samples/CAM_BACK_RIGHT/n008-2018-09-18-14-54-39-0400__CAM_BACK_RIGHT__1537297354278113.jpg"], "intrinsics": [[[1257.8625342125129, 0.0, 827.2410631095686], [0.0, 1257.8625342125129, 450.915498205774], [0.0, 0.0, 1.0]], [[1252.8131021185304, 0.0, 826.588114781398], [0.0, 1252.8131021185304, 469.9846626224581], [0.0, 0.0, 1.0]], [[1256.7485116440405, 0.0, 817.7887570959712], [0.0, 1256.7485116440403, 451.9541780095127], [0.0, 0.0, 1.0]], [[1254.9860565800168, 0.0, 829.5769333630991], [0.0, 1254.9860565800168, 467.1680561863987], [0.0, 0.0, 1.0]], [[796.8910634503094, 0.0, 857.7774326863696], [0.0, 796.8910634503094, 476.8848988407415], [0.0, 0.0, 1.0]], [[1249.9629280788233, 0.0, 825.3768045375984], [0.0, 1249.9629280788233, 462.54816385708756], [0.0, 0.0, 1.0]]], "extrinsics": [[[0.8216413855552673, -0.5699179172515869, -0.009955422952771187, -0.84112548828125], [0.0008393660536967218, 0.018675221130251884, -0.9998252391815186, 1.4884300231933594], [0.5700041651725769, 0.8214894533157349, 0.015822703018784523, -1.2215576171875], [0.0, 0.0, 0.0, 1.0]], [[0.008898008614778519, -0.9998558163642883, -0.014463488012552261, 0.008056640625], [0.0028424689080566168, 0.014489293098449707, -0.9998909831047058, 1.4806156158447266], [0.9999564290046692, 0.008855889551341534, 0.0029709837399423122, -1.57025146484375], [0.0, 0.0, 0.0, 1.0]], [[-0.8446153402328491, -0.5352324843406677, -0.01229184865951538, 0.982421875], [0.010917817242443562, 0.005735000129789114, -0.9999239444732666, 1.4944725036621094], [0.5352622270584106, -0.8446853160858154, 0.000999700976535678, -1.208251953125], [0.0, 0.0, 0.0, 1.0]], [[0.9478739500045776, 0.31857097148895264, -0.006890485063195229, -1.13623046875], [-0.01429418008774519, 0.02090838924050331, -0.9996792078018188, 1.561920166015625], [-0.3183247447013855, 0.9476683139801025, 0.024372229352593422, -0.1588134765625], [0.0, 0.0, 0.0, 1.0]], [[0.009703608229756355, 0.9998652935028076, 0.013233756646513939, -0.028564453125], [-0.012229437939822674, 0.013352054171264172, -0.9998360276222229, 1.5674190521240234], [-0.9998781681060791, 0.009540081024169922, 0.01235735509544611, -0.0078125], [0.0, 0.0, 0.0, 1.0]], [[-0.9234359264373779, 0.38373273611068726, 0.0038900019135326147, 1.073211669921875], [-0.008093458600342274, -0.009340058080852032, -0.9999236464500427, 1.5470504760742188], [-0.3836670517921448, -0.92339688539505, 0.011730671860277653, -0.0797119140625], [0.0, 0.0, 0.0, 1.0]]], "view": [[0.0, -2.0, 100.0], [-2.0, 0.0, 100.0], [0.0, 0.0, 1.0]], "bev": "bev_19de7701e7594305b7b659e2b194b732.png", "aux": "aux_19de7701e7594305b7b659e2b194b732.npz", "visibility": "visibility_19de7701e7594305b7b659e2b194b732.png", "pose": [[-0.8495840430259705, -0.5274532437324524, 0.0, 1540.67724609375], [0.5274532437324524, -0.8495840430259705, 0.0, 1348.862548828125], [0.0, 0.0, 1.0, 0.0], [0.0, 0.0, 0.0, 1.0]], "pose_inverse": [[-0.8495840430259705, 0.5274532437324524, 0.0, 597.472900390625], [-0.5274532437324524, -0.8495840430259705, 0.0, 1958.6072998046875], [0.0, 0.0, 1.0, 0.0], [0.0, 0.0, 0.0, 1.0]], "cam_ids": [0, 1, 2, 3, 4, 5], "cam_channels": ["CAM_FRONT_LEFT", "CAM_FRONT", "CAM_FRONT_RIGHT", "CAM_BACK_LEFT", "CAM_BACK", "CAM_BACK_RIGHT"], "token": "19de7701e7594305b7b659e2b194b732", "scene": "scene-0883"}, {"images": ["samples/CAM_FRONT_LEFT/n008-2018-09-18-14-54-39-0400__CAM_FRONT_LEFT__1537297354754799.jpg", "samples/CAM_FRONT/n008-2018-09-18-14-54-39-0400__CAM_FRONT__1537297354762408.jpg", "samples/CAM_FRONT_RIGHT/n008-2018-09-18-14-54-39-0400__CAM_FRONT_RIGHT__1537297354770482.jpg", "samples/CAM_BACK_LEFT/n008-2018-09-18-14-54-39-0400__CAM_BACK_LEFT__1537297354797405.jpg", "samples/CAM_BACK/n008-2018-09-18-14-54-39-0400__CAM_BACK__1537297354787568.jpg", "samples/CAM_BACK_RIGHT/n008-2018-09-18-14-54-39-0400__CAM_BACK_RIGHT__1537297354778113.jpg"], "intrinsics": [[[1257.8625342125129, 0.0, 827.2410631095686], [0.0, 1257.8625342125129, 450.915498205774], [0.0, 0.0, 1.0]], [[1252.8131021185304, 0.0, 826.588114781398], [0.0, 1252.8131021185304, 469.9846626224581], [0.0, 0.0, 1.0]], [[1256.7485116440405, 0.0, 817.7887570959712], [0.0, 1256.7485116440403, 451.9541780095127], [0.0, 0.0, 1.0]], [[1254.9860565800168, 0.0, 829.5769333630991], [0.0, 1254.9860565800168, 467.1680561863987], [0.0, 0.0, 1.0]], [[796.8910634503094, 0.0, 857.7774326863696], [0.0, 796.8910634503094, 476.8848988407415], [0.0, 0.0, 1.0]], [[1249.9629280788233, 0.0, 825.3768045375984], [0.0, 1249.9629280788233, 462.54816385708756], [0.0, 0.0, 1.0]]], "extrinsics": [[[0.8215506076812744, -0.5700970888137817, -0.006622883025556803, -0.83905029296875], [0.0034666783176362514, 0.016611170023679733, -0.9998559951782227, 1.4889755249023438], [0.5701251029968262, 0.8214093446731567, 0.015623259358108044, -1.219482421875], [0.0, 0.0, 0.0, 1.0]], [[0.008801021613180637, -0.9998835921287537, -0.012467770837247372, 0.0078125], [0.005379796028137207, 0.012515419162809849, -0.9999071955680847, 1.4810562133789062], [0.9999467730522156, 0.008733128197491169, 0.005489318165928125, -1.5675048828125], [0.0, 0.0, 0.0, 1.0]], [[-0.844616711139679, -0.5352053046226501, -0.013342978432774544, 0.9803466796875], [0.013366801664233208, 0.003833794966340065, -0.9999032616615295, 1.4948186874389648], [0.5352047085762024, -0.8447133302688599, 0.003915895242244005, -1.206787109375], [0.0, 0.0, 0.0, 1.0]], [[0.9478961825370789, 0.31853482127189636, -0.005328433588147163, -1.1353759765625], [-0.012007253244519234, 0.019007476046681404, -0.9997472763061523, 1.5619354248046875], [-0.3183530569076538, 0.9477205872535706, 0.02184184454381466, -0.1590576171875], [0.0, 0.0, 0.0, 1.0]], [[0.009706598706543446, 0.9998878240585327, 0.011407768353819847, -0.028564453125], [-0.009888730943202972, 0.011503731831908226, -0.9998849034309387, 1.5675201416015625], [-0.9999040365219116, 0.009592683054506779, 0.009999284520745277, -0.0101318359375], [0.0, 0.0, 0.0, 1.0]], [[-0.9234254360198975, 0.3837764859199524, 0.0009761250112205744, 1.071197509765625], [-0.005713799502700567, -0.011205011047422886, -0.9999209046363831, 1.547262191772461], [-0.3837352693080902, -0.9233579635620117, 0.012539815157651901, -0.0804443359375], [0.0, 0.0, 0.0, 1.0]]], "view": [[0.0, -2.0, 100.0], [-2.0, 0.0, 100.0], [0.0, 0.0, 1.0]], "bev": "bev_e7913de2d27945659c487a29bdca819d.png", "aux": "aux_e7913de2d27945659c487a29bdca819d.npz", "visibility": "visibility_e7913de2d27945659c487a29bdca819d.png", "pose": [[-0.8596901893615723, -0.5108157992362976, 0.0, 1538.7435302734375], [0.5108157992362976, -0.8596901893615723, 0.0, 1350.0543212890625], [0.0, 0.0, 1.0, 0.0], [0.0, 0.0, 0.0, 1.0]], "pose_inverse": [[-0.8596901893615723, 0.5108157992362976, 0.0, 633.2136840820312], [-0.5108157992362976, -0.8596901893615723, 0.0, 1946.6429443359375], [0.0, 0.0, 1.0, 0.0], [0.0, 0.0, 0.0, 1.0]], "cam_ids": [0, 1, 2, 3, 4, 5], "cam_channels": ["CAM_FRONT_LEFT", "CAM_FRONT", "CAM_FRONT_RIGHT", "CAM_BACK_LEFT", "CAM_BACK", "CAM_BACK_RIGHT"], "token": "e7913de2d27945659c487a29bdca819d", "scene": "scene-0883"}, {"images": ["samples/CAM_FRONT_LEFT/n008-2018-09-18-14-54-39-0400__CAM_FRONT_LEFT__1537297355254799.jpg", "samples/CAM_FRONT/n008-2018-09-18-14-54-39-0400__CAM_FRONT__1537297355262404.jpg", "samples/CAM_FRONT_RIGHT/n008-2018-09-18-14-54-39-0400__CAM_FRONT_RIGHT__1537297355270482.jpg", "samples/CAM_BACK_LEFT/n008-2018-09-18-14-54-39-0400__CAM_BACK_LEFT__1537297355297405.jpg", "samples/CAM_BACK/n008-2018-09-18-14-54-39-0400__CAM_BACK__1537297355287558.jpg", "samples/CAM_BACK_RIGHT/n008-2018-09-18-14-54-39-0400__CAM_BACK_RIGHT__1537297355278113.jpg"], "intrinsics": [[[1257.8625342125129, 0.0, 827.2410631095686], [0.0, 1257.8625342125129, 450.915498205774], [0.0, 0.0, 1.0]], [[1252.8131021185304, 0.0, 826.588114781398], [0.0, 1252.8131021185304, 469.9846626224581], [0.0, 0.0, 1.0]], [[1256.7485116440405, 0.0, 817.7887570959712], [0.0, 1256.7485116440403, 451.9541780095127], [0.0, 0.0, 1.0]], [[1254.9860565800168, 0.0, 829.5769333630991], [0.0, 1254.9860565800168, 467.1680561863987], [0.0, 0.0, 1.0]], [[796.8910634503094, 0.0, 857.7774326863696], [0.0, 796.8910634503094, 476.8848988407415], [0.0, 0.0, 1.0]], [[1249.9629280788233, 0.0, 825.3768045375984], [0.0, 1249.9629280788233, 462.54816385708756], [0.0, 0.0, 1.0]]], "extrinsics": [[[0.8219667077064514, -0.569411039352417, -0.011911141686141491, -0.83154296875], [0.0009711029124446213, 0.02231496013700962, -0.9997504949569702, 1.4884262084960938], [0.5695348381996155, 0.8217500448226929, 0.018895108252763748, -1.2169189453125], [0.0, 0.0, 0.0, 1.0]], [[0.00938316248357296, -0.9997897148132324, -0.018237678334116936, 0.0096435546875], [0.0028996190521866083, 0.018265610560774803, -0.9998289346694946, 1.4806175231933594], [0.9999517798423767, 0.009328680112957954, 0.0030703977681696415, -1.56201171875], [0.0, 0.0, 0.0, 1.0]], [[-0.8444041013717651, -0.5355139970779419, -0.014374994672834873, 0.978515625], [0.010905267670750618, 0.009644975885748863, -0.9998940229415894, 1.4945144653320312], [0.5355958938598633, -0.8444713950157166, -0.002304333494976163, -1.2039794921875], [0.0, 0.0, 0.0, 1.0]], [[0.9478673338890076, 0.3186144232749939, -0.00569576770067215, -1.1343994140625], [-0.01443785335868597, 0.025082942098379135, -0.9995810985565186, 1.5618896484375], [-0.3183381259441376, 0.9475524425506592, 0.028375407680869102, -0.15966796875], [0.0, 0.0, 0.0, 1.0]], [[0.009553398936986923, 0.9998036026954651, 0.017366141080856323, -0.029052734375], [-0.01231922022998333, 0.017483294010162354, -0.999771237373352, 1.5673675537109375], [-0.9998785853385925, 0.009337212890386581, 0.012483824044466019, -0.01080322265625], [0.0, 0.0, 0.0, 1.0]], [[-0.923547089099884, 0.3834458291530609, 0.005481502041220665, 1.06878662109375], [-0.008148335851728916, -0.0053309486247599125, -0.9999526143074036, 1.5470151901245117], [-0.3833983838558197, -0.9235480427742004, 0.008047827519476414, -0.080078125], [0.0, 0.0, 0.0, 1.0]]], "view": [[0.0, -2.0, 100.0], [-2.0, 0.0, 100.0], [0.0, 0.0, 1.0]], "bev": "bev_59d7e4be72284b0faf88f80de1e61741.png", "aux": "aux_59d7e4be72284b0faf88f80de1e61741.npz", "visibility": "visibility_59d7e4be72284b0faf88f80de1e61741.png", "pose": [[-0.8651337027549744, -0.5015413761138916, 0.0, 1536.7353515625], [0.5015413761138916, -0.8651337027549744, 0.0, 1351.263916015625], [0.0, 0.0, 1.0, 0.0], [0.0, 0.0, 0.0, 1.0]], "pose_inverse": [[-0.8651337027549744, 0.5015413761138916, 0.0, 651.7667846679688], [-0.5015413761138916, -0.8651337027549744, 0.0, 1939.76025390625], [0.0, 0.0, 1.0, 0.0], [0.0, 0.0, 0.0, 1.0]], "cam_ids": [0, 1, 2, 3, 4, 5], "cam_channels": ["CAM_FRONT_LEFT", "CAM_FRONT", "CAM_FRONT_RIGHT", "CAM_BACK_LEFT", "CAM_BACK", "CAM_BACK_RIGHT"], "token": "59d7e4be72284b0faf88f80de1e61741", "scene": "scene-0883"}, {"images": ["samples/CAM_FRONT_LEFT/n008-2018-09-18-14-54-39-0400__CAM_FRONT_LEFT__1537297355754799.jpg", "samples/CAM_FRONT/n008-2018-09-18-14-54-39-0400__CAM_FRONT__1537297355762404.jpg", "samples/CAM_FRONT_RIGHT/n008-2018-09-18-14-54-39-0400__CAM_FRONT_RIGHT__1537297355770482.jpg", "samples/CAM_BACK_LEFT/n008-2018-09-18-14-54-39-0400__CAM_BACK_LEFT__1537297355797405.jpg", "samples/CAM_BACK/n008-2018-09-18-14-54-39-0400__CAM_BACK__1537297355787558.jpg", "samples/CAM_BACK_RIGHT/n008-2018-09-18-14-54-39-0400__CAM_BACK_RIGHT__1537297355778113.jpg"], "intrinsics": [[[1257.8625342125129, 0.0, 827.2410631095686], [0.0, 1257.8625342125129, 450.915498205774], [0.0, 0.0, 1.0]], [[1252.8131021185304, 0.0, 826.588114781398], [0.0, 1252.8131021185304, 469.9846626224581], [0.0, 0.0, 1.0]], [[1256.7485116440405, 0.0, 817.7887570959712], [0.0, 1256.7485116440403, 451.9541780095127], [0.0, 0.0, 1.0]], [[1254.9860565800168, 0.0, 829.5769333630991], [0.0, 1254.9860565800168, 467.1680561863987], [0.0, 0.0, 1.0]], [[796.8910634503094, 0.0, 857.7774326863696], [0.0, 796.8910634503094, 476.8848988407415], [0.0, 0.0, 1.0]], [[1249.9629280788233, 0.0, 825.3768045375984], [0.0, 1249.9629280788233, 462.54816385708756], [0.0, 0.0, 1.0]]], "extrinsics": [[[0.8218136429786682, -0.5697043538093567, -0.007701309863477945, -0.83331298828125], [0.005962360184639692, 0.022115398198366165, -0.9997376203536987, 1.4894638061523438], [0.5697252154350281, 0.8215520977973938, 0.02157151699066162, -1.2177734375], [0.0, 0.0, 0.0, 1.0]], [[0.009180491790175438, -0.9997968077659607, -0.0179414264857769, 0.0093994140625], [0.007858109660446644, 0.018013760447502136, -0.9998068809509277, 1.481475830078125], [0.9999269843101501, 0.009037707932293415, 0.008021888323128223, -1.56219482421875], [0.0, 0.0, 0.0, 1.0]], [[-0.8444449305534363, -0.5353274941444397, -0.01836717315018177, 0.976806640625], [0.015817224979400635, 0.009353707544505596, -0.9998310804367065, 1.4952049255371094], [0.5354088544845581, -0.8445927500724792, 0.0005687054363079369, -1.203369140625], [0.0, 0.0, 0.0, 1.0]], [[0.94790118932724, 0.31856125593185425, -0.0014581081923097372, -1.132568359375], [-0.009859303012490273, 0.0247614998370409, -0.9996447563171387, 1.561920166015625], [-0.31841203570365906, 0.9475787878036499, 0.02661224640905857, -0.16015625], [0.0, 0.0, 0.0, 1.0]], [[0.009589058347046375, 0.9998081922531128, 0.017078090459108353, -0.0289306640625], [-0.007641561329364777, 0.017151646316051483, -0.9998236298561096, 1.5676116943359375], [-0.9999247789382935, 0.009456850588321686, 0.00780456280335784, -0.01300048828125], [0.0, 0.0, 0.0, 1.0]], [[-0.923494279384613, 0.3836109936237335, 0.0008998567936941981, 1.0670547485351562], [-0.00331782060675323, -0.005641524214297533, -0.9999785423278809, 1.5474853515625], [-0.3835976719856262, -0.9234775304794312, 0.006482668220996857, -0.0810546875], [0.0, 0.0, 0.0, 1.0]]], "view": [[0.0, -2.0, 100.0], [-2.0, 0.0, 100.0], [0.0, 0.0, 1.0]], "bev": "bev_e038fd86c17c4e7b980f7d283f9bd790.png", "aux": "aux_e038fd86c17c4e7b980f7d283f9bd790.npz", "visibility": "visibility_e038fd86c17c4e7b980f7d283f9bd790.png", "pose": [[-0.8724521994590759, -0.48869940638542175, 0.0, 1534.7071533203125], [0.48869940638542175, -0.8724521994590759, 0.0, 1352.4530029296875], [0.0, 0.0, 1.0, 0.0], [0.0, 0.0, 0.0, 1.0]], "pose_inverse": [[-0.8724521994590759, 0.48869940638542175, 0.0, 678.0156860351562], [-0.48869940638542175, -0.8724521994590759, 0.0, 1929.9610595703125], [0.0, 0.0, 1.0, 0.0], [0.0, 0.0, 0.0, 1.0]], "cam_ids": [0, 1, 2, 3, 4, 5], "cam_channels": ["CAM_FRONT_LEFT", "CAM_FRONT", "CAM_FRONT_RIGHT", "CAM_BACK_LEFT", "CAM_BACK", "CAM_BACK_RIGHT"], "token": "e038fd86c17c4e7b980f7d283f9bd790", "scene": "scene-0883"}, {"images": ["samples/CAM_FRONT_LEFT/n008-2018-09-18-14-54-39-0400__CAM_FRONT_LEFT__1537297356254799.jpg", "samples/CAM_FRONT/n008-2018-09-18-14-54-39-0400__CAM_FRONT__1537297356262404.jpg", "samples/CAM_FRONT_RIGHT/n008-2018-09-18-14-54-39-0400__CAM_FRONT_RIGHT__1537297356270482.jpg", "samples/CAM_BACK_LEFT/n008-2018-09-18-14-54-39-0400__CAM_BACK_LEFT__1537297356297405.jpg", "samples/CAM_BACK/n008-2018-09-18-14-54-39-0400__CAM_BACK__1537297356287558.jpg", "samples/CAM_BACK_RIGHT/n008-2018-09-18-14-54-39-0400__CAM_BACK_RIGHT__1537297356278113.jpg"], "intrinsics": [[[1257.8625342125129, 0.0, 827.2410631095686], [0.0, 1257.8625342125129, 450.915498205774], [0.0, 0.0, 1.0]], [[1252.8131021185304, 0.0, 826.588114781398], [0.0, 1252.8131021185304, 469.9846626224581], [0.0, 0.0, 1.0]], [[1256.7485116440405, 0.0, 817.7887570959712], [0.0, 1256.7485116440403, 451.9541780095127], [0.0, 0.0, 1.0]], [[1254.9860565800168, 0.0, 829.5769333630991], [0.0, 1254.9860565800168, 467.1680561863987], [0.0, 0.0, 1.0]], [[796.8910634503094, 0.0, 857.7774326863696], [0.0, 796.8910634503094, 476.8848988407415], [0.0, 0.0, 1.0]], [[1249.9629280788233, 0.0, 825.3768045375984], [0.0, 1249.9629280788233, 462.54816385708756], [0.0, 0.0, 1.0]]], "extrinsics": [[[0.8218285441398621, -0.569610595703125, -0.011906247586011887, -0.84375], [-0.0012496046256273985, 0.019095690920948982, -0.99981689453125, 1.4880218505859375], [0.5697336196899414, 0.821692943572998, 0.014981593936681747, -1.2237548828125], [0.0, 0.0, 0.0, 1.0]], [[0.00925032515078783, -0.9998476505279541, -0.014800663106143475, 0.008544921875], [0.0005885933642275631, 0.014806738123297691, -0.9998902082443237, 1.4802360534667969], [0.9999570250511169, 0.009240593761205673, 0.0007254702504724264, -1.57196044921875], [0.0, 0.0, 0.0, 1.0]], [[-0.8444262742996216, -0.5355710983276367, -0.010384803637862206, 0.982666015625], [0.008542628958821297, 0.005920080933719873, -0.9999459981918335, 1.494161605834961], [0.5356036424636841, -0.8444693684577942, -0.0004238875990267843, -1.20751953125], [0.0, 0.0, 0.0, 1.0]], [[0.9478442668914795, 0.31858858466148376, -0.009634180925786495, -1.1337890625], [-0.01705804467201233, 0.020520564168691635, -0.999643862247467, 1.5618572235107422], [-0.31827741861343384, 0.9476709365844727, 0.024884793907403946, -0.15966796875], [0.0, 0.0, 0.0, 1.0]], [[0.009567872621119022, 0.9998689889907837, 0.013058039359748363, -0.0289306640625], [-0.014912523329257965, 0.013199861161410809, -0.9998016357421875, 1.5672492980957031], [-0.9998430609703064, 0.009371244348585606, 0.015036863274872303, -0.00946044921875], [0.0, 0.0, 0.0, 1.0]], [[-0.9235421419143677, 0.38344675302505493, 0.006202347110956907, 1.0723037719726562], [-0.010580460540950298, -0.009309692308306694, -0.9999006986618042, 1.54681396484375], [-0.3833508789539337, -0.9235160946846008, 0.01265493594110012, -0.0792236328125], [0.0, 0.0, 0.0, 1.0]]], "view": [[0.0, -2.0, 100.0], [-2.0, 0.0, 100.0], [0.0, 0.0, 1.0]], "bev": "bev_2d1b0f7ade56409fa13df7f059374854.png", "aux": "aux_2d1b0f7ade56409fa13df7f059374854.npz", "visibility": "visibility_2d1b0f7ade56409fa13df7f059374854.png", "pose": [[-0.8788199424743652, -0.47715359926223755, 0.0, 1532.8123779296875], [0.47715359926223755, -0.8788199424743652, 0.0, 1353.5264892578125], [0.0, 0.0, 1.0, 0.0], [0.0, 0.0, 0.0, 1.0]], "pose_inverse": [[-0.8788199424743652, 0.47715359926223755, 0.0, 701.2260131835938], [-0.47715359926223755, -0.8788199424743652, 0.0, 1920.8929443359375], [0.0, 0.0, 1.0, 0.0], [0.0, 0.0, 0.0, 1.0]], "cam_ids": [0, 1, 2, 3, 4, 5], "cam_channels": ["CAM_FRONT_LEFT", "CAM_FRONT", "CAM_FRONT_RIGHT", "CAM_BACK_LEFT", "CAM_BACK", "CAM_BACK_RIGHT"], "token": "2d1b0f7ade56409fa13df7f059374854", "scene": "scene-0883"}, {"images": ["samples/CAM_FRONT_LEFT/n008-2018-09-18-14-54-39-0400__CAM_FRONT_LEFT__1537297356754799.jpg", "samples/CAM_FRONT/n008-2018-09-18-14-54-39-0400__CAM_FRONT__1537297356762404.jpg", "samples/CAM_FRONT_RIGHT/n008-2018-09-18-14-54-39-0400__CAM_FRONT_RIGHT__1537297356770482.jpg", "samples/CAM_BACK_LEFT/n008-2018-09-18-14-54-39-0400__CAM_BACK_LEFT__1537297356797405.jpg", "samples/CAM_BACK/n008-2018-09-18-14-54-39-0400__CAM_BACK__1537297356787558.jpg", "samples/CAM_BACK_RIGHT/n008-2018-09-18-14-54-39-0400__CAM_BACK_RIGHT__1537297356778113.jpg"], "intrinsics": [[[1257.8625342125129, 0.0, 827.2410631095686], [0.0, 1257.8625342125129, 450.915498205774], [0.0, 0.0, 1.0]], [[1252.8131021185304, 0.0, 826.588114781398], [0.0, 1252.8131021185304, 469.9846626224581], [0.0, 0.0, 1.0]], [[1256.7485116440405, 0.0, 817.7887570959712], [0.0, 1256.7485116440403, 451.9541780095127], [0.0, 0.0, 1.0]], [[1254.9860565800168, 0.0, 829.5769333630991], [0.0, 1254.9860565800168, 467.1680561863987], [0.0, 0.0, 1.0]], [[796.8910634503094, 0.0, 857.7774326863696], [0.0, 796.8910634503094, 476.8848988407415], [0.0, 0.0, 1.0]], [[1249.9629280788233, 0.0, 825.3768045375984], [0.0, 1249.9629280788233, 462.54816385708756], [0.0, 0.0, 1.0]]], "extrinsics": [[[0.8219026327133179, -0.5695021748542786, -0.011978372931480408, -0.859954833984375], [-0.002529558725655079, 0.017379172146320343, -0.9998457431793213, 1.4878101348876953], [0.5696223974227905, 0.8218061327934265, 0.012843397445976734, -1.2359619140625], [0.0, 0.0, 0.0, 1.0]], [[0.00929258018732071, -0.9998687505722046, -0.013275764882564545, 0.009033203125], [-0.0005372721934691072, 0.01327134482562542, -0.9999117851257324, 1.4800586700439453], [0.9999566674232483, 0.009298928081989288, -0.000413877161918208, -1.590576171875], [0.0, 0.0, 0.0, 1.0]], [[-0.8444612622261047, -0.5355440378189087, -0.008817499503493309, 0.9971923828125], [0.007525883615016937, 0.0045968955382704735, -0.9999610781669617, 1.4939041137695312], [0.5355637669563293, -0.8444947600364685, 0.00014854062465019524, -1.216552734375], [0.0, 0.0, 0.0, 1.0]], [[0.9478384852409363, 0.318576842546463, -0.010540859773755074, -1.1336669921875], [-0.017802566289901733, 0.019891127943992615, -0.9996436238288879, 1.5618515014648438], [-0.31825369596481323, 0.9476883411407471, 0.02452506124973297, -0.15966796875], [0.0, 0.0, 0.0, 1.0]], [[0.009609676897525787, 0.9998795390129089, 0.012190321460366249, -0.0291748046875], [-0.015716634690761566, 0.012340407818555832, -0.9998003244400024, 1.5673065185546875], [-0.9998303651809692, 0.009416223503649235, 0.015833329409360886, -0.00311279296875], [0.0, 0.0, 0.0, 1.0]], [[-0.923516571521759, 0.38350141048431396, 0.006626787129789591, 1.0840835571289062], [-0.011501670815050602, -0.010419763624668121, -0.9998795986175537, 1.5468769073486328], [-0.38338619470596313, -0.9234815835952759, 0.014033730141818523, -0.073974609375], [0.0, 0.0, 0.0, 1.0]]], "view": [[0.0, -2.0, 100.0], [-2.0, 0.0, 100.0], [0.0, 0.0, 1.0]], "bev": "bev_10c4433ceaf24dc59c9ed467a4c5ca6b.png", "aux": "aux_10c4433ceaf24dc59c9ed467a4c5ca6b.npz", "visibility": "visibility_10c4433ceaf24dc59c9ed467a4c5ca6b.png", "pose": [[-0.8846641182899475, -0.4662289321422577, 0.0, 1530.972900390625], [0.4662289321422577, -0.8846641182899475, 0.0, 1354.5306396484375], [0.0, 0.0, 1.0, 0.0], [0.0, 0.0, 0.0, 1.0]], "pose_inverse": [[-0.8846641182899475, 0.4662289321422577, 0.0, 722.8754272460938], [-0.4662289321422577, -0.8846641182899475, 0.0, 1912.0885009765625], [0.0, 0.0, 1.0, 0.0], [0.0, 0.0, 0.0, 1.0]], "cam_ids": [0, 1, 2, 3, 4, 5], "cam_channels": ["CAM_FRONT_LEFT", "CAM_FRONT", "CAM_FRONT_RIGHT", "CAM_BACK_LEFT", "CAM_BACK", "CAM_BACK_RIGHT"], "token": "10c4433ceaf24dc59c9ed467a4c5ca6b", "scene": "scene-0883"}, {"images": ["samples/CAM_FRONT_LEFT/n008-2018-09-18-14-54-39-0400__CAM_FRONT_LEFT__1537297357254799.jpg", "samples/CAM_FRONT/n008-2018-09-18-14-54-39-0400__CAM_FRONT__1537297357262404.jpg", "samples/CAM_FRONT_RIGHT/n008-2018-09-18-14-54-39-0400__CAM_FRONT_RIGHT__1537297357270482.jpg", "samples/CAM_BACK_LEFT/n008-2018-09-18-14-54-39-0400__CAM_BACK_LEFT__1537297357297405.jpg", "samples/CAM_BACK/n008-2018-09-18-14-54-39-0400__CAM_BACK__1537297357287558.jpg", "samples/CAM_BACK_RIGHT/n008-2018-09-18-14-54-39-0400__CAM_BACK_RIGHT__1537297357278113.jpg"], "intrinsics": [[[1257.8625342125129, 0.0, 827.2410631095686], [0.0, 1257.8625342125129, 450.915498205774], [0.0, 0.0, 1.0]], [[1252.8131021185304, 0.0, 826.588114781398], [0.0, 1252.8131021185304, 469.9846626224581], [0.0, 0.0, 1.0]], [[1256.7485116440405, 0.0, 817.7887570959712], [0.0, 1256.7485116440403, 451.9541780095127], [0.0, 0.0, 1.0]], [[1254.9860565800168, 0.0, 829.5769333630991], [0.0, 1254.9860565800168, 467.1680561863987], [0.0, 0.0, 1.0]], [[796.8910634503094, 0.0, 857.7774326863696], [0.0, 796.8910634503094, 476.8848988407415], [0.0, 0.0, 1.0]], [[1249.9629280788233, 0.0, 825.3768045375984], [0.0, 1249.9629280788233, 462.54816385708756], [0.0, 0.0, 1.0]]], "extrinsics": [[[0.8220981955528259, -0.5691765546798706, -0.01388201117515564, -0.885345458984375], [-0.003584531834349036, 0.01920761726796627, -0.9998090863227844, 1.4877586364746094], [0.5693345069885254, 0.821990966796875, 0.01375031378120184, -1.25146484375], [0.0, 0.0, 0.0, 1.0]], [[0.009556419216096401, -0.999839723110199, -0.015141120180487633, 0.0072021484375], [-0.0016209858004003763, 0.015126301907002926, -0.999884307384491, 1.4799613952636719], [0.999953031539917, 0.009579879231750965, -0.0014761730562895536, -1.61468505859375], [0.0, 0.0, 0.0, 1.0]], [[-0.8443716168403625, -0.5356844663619995, -0.008871568366885185, 1.0115966796875], [0.006405869033187628, 0.006463259924203157, -0.9999585747718811, 1.4936714172363281], [0.535719633102417, -0.8443936109542847, -0.0020258696749806404, -1.226806640625], [0.0, 0.0, 0.0, 1.0]], [[0.9478177428245544, 0.3186207115650177, -0.01106267236173153, -1.1373291015625], [-0.018978042528033257, 0.021748937666416168, -0.9995833039283752, 1.5619087219238281], [-0.31824734807014465, 0.9476327896118164, 0.026660826057195663, -0.158447265625], [0.0, 0.0, 0.0, 1.0]], [[0.009538664482533932, 0.9998559951782227, 0.014038772322237492, -0.028564453125], [-0.016853943467140198, 0.014198172837495804, -0.9997571110725403, 1.5674066543579102], [-0.9998124837875366, 0.009299731813371181, 0.016986947506666183, 0.00555419921875], [0.0, 0.0, 0.0, 1.0]], [[-0.9235612750053406, 0.3833584189414978, 0.008407597430050373, 1.0968551635742188], [-0.012656241655349731, -0.008561697788536549, -0.999883234500885, 1.5469398498535156], [-0.3832416832447052, -0.9235599637031555, 0.012759130448102951, -0.070068359375], [0.0, 0.0, 0.0, 1.0]]], "view": [[0.0, -2.0, 100.0], [-2.0, 0.0, 100.0], [0.0, 0.0, 1.0]], "bev": "bev_75a413d368dc4f7ea0f6459193047d95.png", "aux": "aux_75a413d368dc4f7ea0f6459193047d95.npz", "visibility": "visibility_75a413d368dc4f7ea0f6459193047d95.png", "pose": [[-0.8882632255554199, -0.4593348205089569, 0.0, 1529.4449462890625], [0.4593348205089569, -0.8882632255554199, 0.0, 1355.3489990234375], [0.0, 0.0, 1.0, 0.0], [0.0, 0.0, 0.0, 1.0]], "pose_inverse": [[-0.8882632255554199, 0.4593348205089569, 0.0, 735.9906616210938], [-0.4593348205089569, -0.8882632255554199, 0.0, 1906.4339599609375], [0.0, 0.0, 1.0, 0.0], [0.0, 0.0, 0.0, 1.0]], "cam_ids": [0, 1, 2, 3, 4, 5], "cam_channels": ["CAM_FRONT_LEFT", "CAM_FRONT", "CAM_FRONT_RIGHT", "CAM_BACK_LEFT", "CAM_BACK", "CAM_BACK_RIGHT"], "token": "75a413d368dc4f7ea0f6459193047d95", "scene": "scene-0883"}, {"images": ["samples/CAM_FRONT_LEFT/n008-2018-09-18-14-54-39-0400__CAM_FRONT_LEFT__1537297357754799.jpg", "samples/CAM_FRONT/n008-2018-09-18-14-54-39-0400__CAM_FRONT__1537297357762404.jpg", "samples/CAM_FRONT_RIGHT/n008-2018-09-18-14-54-39-0400__CAM_FRONT_RIGHT__1537297357770482.jpg", "samples/CAM_BACK_LEFT/n008-2018-09-18-14-54-39-0400__CAM_BACK_LEFT__1537297357797405.jpg", "samples/CAM_BACK/n008-2018-09-18-14-54-39-0400__CAM_BACK__1537297357787558.jpg", "samples/CAM_BACK_RIGHT/n008-2018-09-18-14-54-39-0400__CAM_BACK_RIGHT__1537297357778113.jpg"], "intrinsics": [[[1257.8625342125129, 0.0, 827.2410631095686], [0.0, 1257.8625342125129, 450.915498205774], [0.0, 0.0, 1.0]], [[1252.8131021185304, 0.0, 826.588114781398], [0.0, 1252.8131021185304, 469.9846626224581], [0.0, 0.0, 1.0]], [[1256.7485116440405, 0.0, 817.7887570959712], [0.0, 1256.7485116440403, 451.9541780095127], [0.0, 0.0, 1.0]], [[1254.9860565800168, 0.0, 829.5769333630991], [0.0, 1254.9860565800168, 467.1680561863987], [0.0, 0.0, 1.0]], [[796.8910634503094, 0.0, 857.7774326863696], [0.0, 796.8910634503094, 476.8848988407415], [0.0, 0.0, 1.0]], [[1249.9629280788233, 0.0, 825.3768045375984], [0.0, 1249.9629280788233, 462.54816385708756], [0.0, 0.0, 1.0]]], "extrinsics": [[[0.8226318955421448, -0.5683833360671997, -0.014739342033863068, -0.907257080078125], [-0.0024002334102988243, 0.022451531141996384, -0.9997450709342957, 1.4879608154296875], [0.5685692429542542, 0.822457492351532, 0.017105091363191605, -1.2685546875], [0.0, 0.0, 0.0, 1.0]], [[0.010384874418377876, -0.9997773766517639, -0.018369201570749283, 0.0081787109375], [-0.0003594605077523738, 0.018366459757089615, -0.9998312592506409, 1.4800949096679688], [0.9999459981918335, 0.010389718227088451, -0.00016864585631992668, -1.63720703125], [0.0, 0.0, 0.0, 1.0]], [[-0.8439825773239136, -0.5362421274185181, -0.011739968322217464, 1.02685546875], [0.007742716930806637, 0.009705214761197567, -0.9999229311943054, 1.49365234375], [0.5363147258758545, -0.8440083861351013, -0.004039060790091753, -1.2354736328125], [0.0, 0.0, 0.0, 1.0]], [[0.9478222727775574, 0.3186819851398468, -0.008647681213915348, -1.1387939453125], [-0.017507441341876984, 0.024947375059127808, -0.9995354413986206, 1.5619392395019531], [-0.3183181583881378, 0.947533369064331, 0.029224982485175133, -0.158203125], [0.0, 0.0, 0.0, 1.0]], [[0.009234640747308731, 0.9998084902763367, 0.01725826971232891, -0.029052734375], [-0.015432377345860004, 0.017399447038769722, -0.9997294545173645, 1.567