[{"images": ["samples/CAM_FRONT_LEFT/n015-2018-07-18-11-18-34+0800__CAM_FRONT_LEFT__1531884297904844.jpg", "samples/CAM_FRONT/n015-2018-07-18-11-18-34+0800__CAM_FRONT__1531884297912467.jpg", "samples/CAM_FRONT_RIGHT/n015-2018-07-18-11-18-34+0800__CAM_FRONT_RIGHT__1531884297920339.jpg", "samples/CAM_BACK_LEFT/n015-2018-07-18-11-18-34+0800__CAM_BACK_LEFT__1531884297947425.jpg", "samples/CAM_BACK/n015-2018-07-18-11-18-34+0800__CAM_BACK__1531884297937525.jpg", "samples/CAM_BACK_RIGHT/n015-2018-07-18-11-18-34+0800__CAM_BACK_RIGHT__1531884297927893.jpg"], "intrinsics": [[[1272.5979470598488, 0.0, 826.6154927353808], [0.0, 1272.5979470598488, 479.75165386361925], [0.0, 0.0, 1.0]], [[1266.417203046554, 0.0, 816.2670197447984], [0.0, 1266.417203046554, 491.50706579294757], [0.0, 0.0, 1.0]], [[1260.8474446004698, 0.0, 807.968244525554], [0.0, 1260.8474446004698, 495.3344268742088], [0.0, 0.0, 1.0]], [[1256.7414812095406, 0.0, 792.1125740759628], [0.0, 1256.7414812095406, 492.7757465151356], [0.0, 0.0, 1.0]], [[809.2209905677063, 0.0, 829.2196003259838], [0.0, 809.2209905677063, 481.77842384512485], [0.0, 0.0, 1.0]], [[1259.5137405846733, 0.0, 807.2529053838625], [0.0, 1259.5137405846733, 501.19579884916527], [0.0, 0.0, 1.0]]], "extrinsics": [[[0.8206624388694763, -0.5712078809738159, 0.015323570929467678, -0.669921875], [-0.0036070470232516527, -0.03199499472975731, -0.9994814991950989, 1.50701904296875], [0.5714020133018494, 0.8201816082000732, -0.028317460790276527, -1.0771942138671875], [0.0, 0.0, 0.0, 1.0]], [[0.005586249753832817, -0.9993342161178589, 0.036055147647857666, 0.00836181640625], [-0.008965829387307167, -0.036104314029216766, -0.9993078708648682, 1.517913818359375], [0.9999441504478455, 0.005259125027805567, -0.009161547757685184, -1.3936767578125], [0.0, 0.0, 0.0, 1.0]], [[-0.8329869508743286, -0.553132176399231, 0.013321615755558014, 0.83587646484375], [-0.0034029833041131496, -0.018954787403345108, -0.999814510345459, 1.5028629302978516], [0.5532820820808411, -0.8328778743743896, 0.013906794600188732, -1.11669921875], [0.0, 0.0, 0.0, 1.0]], [[0.9477571249008179, 0.3188013434410095, -0.0110466368496418, -1.1195068359375], [0.005000313278287649, -0.04947298392653465, -0.9987629055976868, 1.5887031555175781], [-0.3189534544944763, 0.9465295672416687, -0.04848248511552811, -0.1119384765625], [0.0, 0.0, 0.0, 1.0]], [[0.0023825836833566427, 0.9992184638977051, -0.039457231760025024, 0.00238037109375], [-0.02031364105641842, -0.03940083831548691, -0.9990170001983643, 1.5773179531097412], [-0.9997907876968384, 0.0031817567069083452, 0.020203888416290283, -0.099853515625], [0.0, 0.0, 0.0, 1.0]], [[-0.9348016381263733, 0.3545992970466614, -0.020129477605223656, 0.9700927734375], [0.012414650991559029, -0.024018336087465286, -0.9996344447135925, 1.5536766052246094], [-0.3549531400203705, -0.9347098469734192, 0.01805015467107296, -0.1256561279296875], [0.0, 0.0, 0.0, 1.0]]], "view": [[0.0, -2.0, 100.0], [-2.0, 0.0, 100.0], [0.0, 0.0, 1.0]], "bev": "bev_29a1e9bcb75740479cd5acdfa88b2cfd.png", "aux": "aux_29a1e9bcb75740479cd5acdfa88b2cfd.npz", "visibility": "visibility_29a1e9bcb75740479cd5acdfa88b2cfd.png", "pose": [[0.03814641386270523, 0.9992721676826477, 0.0, 773.212158203125], [-0.9992721676826477, 0.03814641386270523, 0.0, 1671.16162109375], [0.0, 0.0, 1.0, 0.0], [0.0, 0.0, 0.0, 1.0]], "pose_inverse": [[0.03814641386270523, -0.9992721676826477, 0.0, 1640.4500732421875], [0.9992721676826477, 0.03814641386270523, 0.0, -836.398193359375], [0.0, 0.0, 1.0, 0.0], [0.0, 0.0, 0.0, 1.0]], "cam_ids": [0, 1, 2, 3, 4, 5], "cam_channels": ["CAM_FRONT_LEFT", "CAM_FRONT", "CAM_FRONT_RIGHT", "CAM_BACK_LEFT", "CAM_BACK", "CAM_BACK_RIGHT"], "token": "29a1e9bcb75740479cd5acdfa88b2cfd", "scene": "scene-0009"}, {"images": ["samples/CAM_FRONT_LEFT/n015-2018-07-18-11-18-34+0800__CAM_FRONT_LEFT__1531884298354844.jpg", "samples/CAM_FRONT/n015-2018-07-18-11-18-34+0800__CAM_FRONT__1531884298362460.jpg", "samples/CAM_FRONT_RIGHT/n015-2018-07-18-11-18-34+0800__CAM_FRONT_RIGHT__1531884298370339.jpg", "samples/CAM_BACK_LEFT/n015-2018-07-18-11-18-34+0800__CAM_BACK_LEFT__1531884298397423.jpg", "samples/CAM_BACK/n015-2018-07-18-11-18-34+0800__CAM_BACK__1531884298387525.jpg", "samples/CAM_BACK_RIGHT/n015-2018-07-18-11-18-34+0800__CAM_BACK_RIGHT__1531884298377893.jpg"], "intrinsics": [[[1272.5979470598488, 0.0, 826.6154927353808], [0.0, 1272.5979470598488, 479.75165386361925], [0.0, 0.0, 1.0]], [[1266.417203046554, 0.0, 816.2670197447984], [0.0, 1266.417203046554, 491.50706579294757], [0.0, 0.0, 1.0]], [[1260.8474446004698, 0.0, 807.968244525554], [0.0, 1260.8474446004698, 495.3344268742088], [0.0, 0.0, 1.0]], [[1256.7414812095406, 0.0, 792.1125740759628], [0.0, 1256.7414812095406, 492.7757465151356], [0.0, 0.0, 1.0]], [[809.2209905677063, 0.0, 829.2196003259838], [0.0, 809.2209905677063, 481.77842384512485], [0.0, 0.0, 1.0]], [[1259.5137405846733, 0.0, 807.2529053838625], [0.0, 1259.5137405846733, 501.19579884916527], [0.0, 0.0, 1.0]]], "extrinsics": [[[0.8208894729614258, -0.5708056092262268, 0.017926348373293877, -0.6470947265625], [-0.002846891526132822, -0.03547963127493858, -0.9993663430213928, 1.5071449279785156], [0.5710799694061279, 0.820318341255188, -0.03074987791478634, -1.05914306640625], [0.0, 0.0, 0.0, 1.0]], [[0.005883119534701109, -0.9992075562477112, 0.03936523571610451, 0.00689697265625], [-0.008071605116128922, -0.03941208869218826, -0.9991905093193054, 1.517913818359375], [0.9999500513076782, 0.0055606188252568245, -0.008297075517475605, -1.3682861328125], [0.0, 0.0, 0.0, 1.0]], [[-0.832866370677948, -0.5532912015914917, 0.014229374937713146, 0.81689453125], [-0.0024095438420772552, -0.022084278985857964, -0.9997531771659851, 1.5030202865600586], [0.5534688830375671, -0.8326950669288635, 0.01706007309257984, -1.1055908203125], [0.0, 0.0, 0.0, 1.0]], [[0.9477426409721375, 0.318857878446579, -0.010652720928192139, -1.1162109375], [0.006277609150856733, -0.0520220622420311, -0.9986262321472168, 1.5887260437011719], [-0.31897401809692383, 0.9463738203048706, -0.05130518972873688, -0.1124267578125], [0.0, 0.0, 0.0, 1.0]], [[0.002318631624802947, 0.9991054534912109, -0.042226869612932205, 0.00311279296875], [-0.019111279398202896, -0.04217499867081642, -0.9989274144172668, 1.5772099494934082], [-0.9998146891593933, 0.00312315346673131, 0.01899638958275318, -0.1103515625], [0.0, 0.0, 0.0, 1.0]], [[-0.9348398447036743, 0.35437557101249695, -0.022190898656845093, 0.9541015625], [0.013498401269316673, -0.026982547715306282, -0.9995447397232056, 1.5540771484375], [-0.3548130393028259, -0.9347137808799744, 0.020440855994820595, -0.1328582763671875], [0.0, 0.0, 0.0, 1.0]]], "view": [[0.0, -2.0, 100.0], [-2.0, 0.0, 100.0], [0.0, 0.0, 1.0]], "bev": "bev_0976bf335f734fa3ba456f77342837b0.png", "aux": "aux_0976bf335f734fa3ba456f77342837b0.npz", "visibility": "visibility_0976bf335f734fa3ba456f77342837b0.png", "pose": [[0.03581428900361061, 0.9993584752082825, 0.0, 773.3483276367188], [-0.9993584752082825, 0.03581428900361061, 0.0, 1667.4482421875], [0.0, 0.0, 1.0, 0.0], [0.0, 0.0, 0.0, 1.0]], "pose_inverse": [[0.03581428900361061, -0.9993584752082825, 0.0, 1638.681640625], [0.9993584752082825, 0.03581428900361061, 0.0, -832.5706787109375], [0.0, 0.0, 1.0, 0.0], [0.0, 0.0, 0.0, 1.0]], "cam_ids": [0, 1, 2, 3, 4, 5], "cam_channels": ["CAM_FRONT_LEFT", "CAM_FRONT", "CAM_FRONT_RIGHT", "CAM_BACK_LEFT", "CAM_BACK", "CAM_BACK_RIGHT"], "token": "0976bf335f734fa3ba456f77342837b0", "scene": "scene-0009"}, {"images": ["samples/CAM_FRONT_LEFT/n015-2018-07-18-11-18-34+0800__CAM_FRONT_LEFT__1531884298854844.jpg", "samples/CAM_FRONT/n015-2018-07-18-11-18-34+0800__CAM_FRONT__1531884298862460.jpg", "samples/CAM_FRONT_RIGHT/n015-2018-07-18-11-18-34+0800__CAM_FRONT_RIGHT__1531884298870339.jpg", "samples/CAM_BACK_LEFT/n015-2018-07-18-11-18-34+0800__CAM_BACK_LEFT__1531884298897423.jpg", "samples/CAM_BACK/n015-2018-07-18-11-18-34+0800__CAM_BACK__1531884298887525.jpg", "samples/CAM_BACK_RIGHT/n015-2018-07-18-11-18-34+0800__CAM_BACK_RIGHT__1531884298877893.jpg"], "intrinsics": [[[1272.5979470598488, 0.0, 826.6154927353808], [0.0, 1272.5979470598488, 479.75165386361925], [0.0, 0.0, 1.0]], [[1266.417203046554, 0.0, 816.2670197447984], [0.0, 1266.417203046554, 491.50706579294757], [0.0, 0.0, 1.0]], [[1260.8474446004698, 0.0, 807.968244525554], [0.0, 1260.8474446004698, 495.3344268742088], [0.0, 0.0, 1.0]], [[1256.7414812095406, 0.0, 792.1125740759628], [0.0, 1256.7414812095406, 492.7757465151356], [0.0, 0.0, 1.0]], [[809.2209905677063, 0.0, 829.2196003259838], [0.0, 809.2209905677063, 481.77842384512485], [0.0, 0.0, 1.0]], [[1259.5137405846733, 0.0, 807.2529053838625], [0.0, 1259.5137405846733, 501.19579884916527], [0.0, 0.0, 1.0]]], "extrinsics": [[[0.8208003044128418, -0.5709680914878845, 0.01679723523557186, -0.6373291015625], [-0.0021016066893935204, -0.03242451697587967, -0.9994719624519348, 1.5075206756591797], [0.5712112188339233, 0.8203316926956177, -0.027814006432890892, -1.056182861328125], [0.0, 0.0, 0.0, 1.0]], [[0.005700108595192432, -0.9993188381195068, 0.03646149858832359, 0.009765625], [-0.007422085385769606, -0.03650336712598801, -0.9993059635162354, 1.5181903839111328], [0.9999561309814453, 0.005425536539405584, -0.007625102531164885, -1.36279296875], [0.0, 0.0, 0.0, 1.0]], [[-0.8329756259918213, -0.553174614906311, 0.012224617414176464, 0.81707763671875], [-0.001856229966506362, -0.01929973065853119, -0.9998120069503784, 1.5032072067260742], [0.5533065795898438, -0.832841694355011, 0.015049390494823456, -1.1029052734375], [0.0, 0.0, 0.0, 1.0]], [[0.9477542042732239, 0.318856805562973, -0.009604326449334621, -1.1214599609375], [0.006593132391571999, -0.049680374562740326, -0.9987434148788452, 1.5887107849121094], [-0.31893324851989746, 0.9464999437332153, -0.04918705299496651, -0.1109619140625], [0.0, 0.0, 0.0, 1.0]], [[0.0024279123172163963, 0.999209463596344, -0.03968106582760811, 0.0020751953125], [-0.018779417499899864, -0.03962862491607666, -0.99903804063797, 1.5773518085479736], [-0.9998207092285156, 0.0031707657035440207, 0.01866835728287697, -0.10693359375], [0.0, 0.0, 0.0, 1.0]], [[-0.9347708225250244, 0.3545898497104645, -0.02166779711842537, 0.9547119140625], [0.013951961882412434, -0.024302445352077484, -0.9996073246002197, 1.5541954040527344], [-0.35497716069221497, -0.9347060322761536, 0.01776999793946743, -0.130645751953125], [0.0, 0.0, 0.0, 1.0]]], "view": [[0.0, -2.0, 100.0], [-2.0, 0.0, 100.0], [0.0, 0.0, 1.0]], "bev": "bev_b1b94622b5db4a66b2eb01b3608122e1.png", "aux": "aux_b1b94622b5db4a66b2eb01b3608122e1.npz", "visibility": "visibility_b1b94622b5db4a66b2eb01b3608122e1.png", "pose": [[0.03689168021082878, 0.9993192553520203, 0.0, 773.485107421875], [-0.9993192553520203, 0.03689168021082878, 0.0, 1663.0762939453125], [0.0, 0.0, 1.0, 0.0], [0.0, 0.0, 0.0, 1.0]], "pose_inverse": [[0.03689168021082878, -0.9993192553520203, 0.0, 1633.4090576171875], [0.9993192553520203, 0.03689168021082878, 0.0, -834.312255859375], [0.0, 0.0, 1.0, 0.0], [0.0, 0.0, 0.0, 1.0]], "cam_ids": [0, 1, 2, 3, 4, 5], "cam_channels": ["CAM_FRONT_LEFT", "CAM_FRONT", "CAM_FRONT_RIGHT", "CAM_BACK_LEFT", "CAM_BACK", "CAM_BACK_RIGHT"], "token": "b1b94622b5db4a66b2eb01b3608122e1", "scene": "scene-0009"}, {"images": ["samples/CAM_FRONT_LEFT/n015-2018-07-18-11-18-34+0800__CAM_FRONT_LEFT__1531884299354844.jpg", "samples/CAM_FRONT/n015-2018-07-18-11-18-34+0800__CAM_FRONT__1531884299362460.jpg", "samples/CAM_FRONT_RIGHT/n015-2018-07-18-11-18-34+0800__CAM_FRONT_RIGHT__1531884299370339.jpg", "samples/CAM_BACK_LEFT/n015-2018-07-18-11-18-34+0800__CAM_BACK_LEFT__1531884299397423.jpg", "samples/CAM_BACK/n015-2018-07-18-11-18-34+0800__CAM_BACK__1531884299387525.jpg", "samples/CAM_BACK_RIGHT/n015-2018-07-18-11-18-34+0800__CAM_BACK_RIGHT__1531884299377893.jpg"], "intrinsics": [[[1272.5979470598488, 0.0, 826.6154927353808], [0.0, 1272.5979470598488, 479.75165386361925], [0.0, 0.0, 1.0]], [[1266.417203046554, 0.0, 816.2670197447984], [0.0, 1266.417203046554, 491.50706579294757], [0.0, 0.0, 1.0]], [[1260.8474446004698, 0.0, 807.968244525554], [0.0, 1260.8474446004698, 495.3344268742088], [0.0, 0.0, 1.0]], [[1256.7414812095406, 0.0, 792.1125740759628], [0.0, 1256.7414812095406, 492.7757465151356], [0.0, 0.0, 1.0]], [[809.2209905677063, 0.0, 829.2196003259838], [0.0, 809.2209905677063, 481.77842384512485], [0.0, 0.0, 1.0]], [[1259.5137405846733, 0.0, 807.2529053838625], [0.0, 1259.5137405846733, 501.19579884916527], [0.0, 0.0, 1.0]]], "extrinsics": [[[0.820679783821106, -0.5711445212364197, 0.016695158556103706, -0.626708984375], [-0.0026326498482376337, -0.03299790620803833, -0.9994519352912903, 1.5072288513183594], [0.5713823437690735, 0.8201860785484314, -0.02858433686196804, -1.047088623046875], [0.0, 0.0, 0.0, 1.0]], [[0.005504812113940716, -0.9993008971214294, 0.036976564675569534, 0.00836181640625], [-0.007993213832378387, -0.037019915878772736, -0.9992825984954834, 1.517862319946289], [0.9999529123306274, 0.005205301567912102, -0.00819141324609518, -1.3514404296875], [0.0, 0.0, 0.0, 1.0]], [[-0.8330820798873901, -0.5529969334602356, 0.01298478152602911, 0.80902099609375], [-0.0024223446380347013, -0.01982683502137661, -0.9998005032539368, 1.5030107498168945], [0.5531441569328308, -0.832947313785553, 0.0151778319850564, -1.099365234375], [0.0, 0.0, 0.0, 1.0]], [[0.9477514624595642, 0.31884273886680603, -0.010320396162569523, -1.126220703125], [0.006027811672538519, -0.05024433135986328, -0.9987187385559082, 1.5886573791503906], [-0.318952739238739, 0.9464750289916992, -0.049541059881448746, -0.109130859375], [0.0, 0.0, 0.0, 1.0]], [[0.0024974732659757137, 0.9991862177848816, -0.04025888442993164, 0.00286865234375], [-0.019283205270767212, -0.040203407406806946, -0.9990054368972778, 1.5772650241851807], [-0.9998109340667725, 0.003271308960393071, 0.019167102873325348, -0.1070556640625], [0.0, 0.0, 0.0, 1.0]], [[-0.9347233772277832, 0.35473325848579407, -0.0213663037866354, 0.9501953125], [0.013413568027317524, -0.024863196536898613, -0.9996008276939392, 1.5541267395019531], [-0.3551229238510132, -0.9346369504928589, 0.018481969833374023, -0.133697509765625], [0.0, 0.0, 0.0, 1.0]]], "view": [[0.0, -2.0, 100.0], [-2.0, 0.0, 100.0], [0.0, 0.0, 1.0]], "bev": "bev_337a86934b9a46a99cd1ceb489939c02.png", "aux": "aux_337a86934b9a46a99cd1ceb489939c02.npz", "visibility": "visibility_337a86934b9a46a99cd1ceb489939c02.png", "pose": [[0.03770080581307411, 0.9992890954017639, 0.0, 773.62060546875], [-0.9992890954017639, 0.03770080581307411, 0.0, 1658.5706787109375], [0.0, 0.0, 1.0, 0.0], [0.0, 0.0, 0.0, 1.0]], "pose_inverse": [[0.03770080581307411, -0.9992890954017639, 0.0, 1628.2254638671875], [0.9992890954017639, 0.03770080581307411, 0.0, -835.60009765625], [0.0, 0.0, 1.0, 0.0], [0.0, 0.0, 0.0, 1.0]], "cam_ids": [0, 1, 2, 3, 4, 5], "cam_channels": ["CAM_FRONT_LEFT", "CAM_FRONT", "CAM_FRONT_RIGHT", "CAM_BACK_LEFT", "CAM_BACK", "CAM_BACK_RIGHT"], "token": "337a86934b9a46a99cd1ceb489939c02", "scene": "scene-0009"}, {"images": ["samples/CAM_FRONT_LEFT/n015-2018-07-18-11-18-34+0800__CAM_FRONT_LEFT__1531884299754844.jpg", "samples/CAM_FRONT/n015-2018-07-18-11-18-34+0800__CAM_FRONT__1531884299762460.jpg", "samples/CAM_FRONT_RIGHT/n015-2018-07-18-11-18-34+0800__CAM_FRONT_RIGHT__1531884299770339.jpg", "samples/CAM_BACK_LEFT/n015-2018-07-18-11-18-34+0800__CAM_BACK_LEFT__1531884299797423.jpg", "samples/CAM_BACK/n015-2018-07-18-11-18-34+0800__CAM_BACK__1531884299787525.jpg", "samples/CAM_BACK_RIGHT/n015-2018-07-18-11-18-34+0800__CAM_BACK_RIGHT__1531884299777893.jpg"], "intrinsics": [[[1272.5979470598488, 0.0, 826.6154927353808], [0.0, 1272.5979470598488, 479.75165386361925], [0.0, 0.0, 1.0]], [[1266.417203046554, 0.0, 816.2670197447984], [0.0, 1266.417203046554, 491.50706579294757], [0.0, 0.0, 1.0]], [[1260.8474446004698, 0.0, 807.968244525554], [0.0, 1260.8474446004698, 495.3344268742088], [0.0, 0.0, 1.0]], [[1256.7414812095406, 0.0, 792.1125740759628], [0.0, 1256.7414812095406, 492.7757465151356], [0.0, 0.0, 1.0]], [[809.2209905677063, 0.0, 829.2196003259838], [0.0, 809.2209905677063, 481.77842384512485], [0.0, 0.0, 1.0]], [[1259.5137405846733, 0.0, 807.2529053838625], [0.0, 1259.5137405846733, 501.19579884916527], [0.0, 0.0, 1.0]]], "extrinsics": [[[0.8205838203430176, -0.5712769627571106, 0.016877921298146248, -0.6219482421875], [-0.0025369450449943542, -0.033171918243169785, -0.999446451663971, 1.5072994232177734], [0.5715205669403076, 0.8200867772102356, -0.028669636696577072, -1.0450897216796875], [0.0, 0.0, 0.0, 1.0]], [[0.00536542059853673, -0.9992915987968445, 0.03724900260567665, 0.0093994140625], [-0.007858176715672016, -0.03729052469134331, -0.9992735981941223, 1.5179290771484375], [0.9999547600746155, 0.005068815313279629, -0.008052689954638481, -1.3486328125], [0.0, 0.0, 0.0, 1.0]], [[-0.8331411480903625, -0.5529072880744934, 0.0130155673250556, 0.80914306640625], [-0.0022439875174313784, -0.02015407383441925, -0.9997943639755249, 1.5030746459960938], [0.5530558228492737, -0.832999050617218, 0.015550471842288971, -1.098388671875], [0.0, 0.0, 0.0, 1.0]], [[0.9477549195289612, 0.31883734464645386, -0.010169971734285355, -1.132568359375], [0.006327727809548378, -0.050664834678173065, -0.9986956119537354, 1.588623046875], [-0.3189367353916168, 0.9464543461799622, -0.05003535747528076, -0.1070556640625], [0.0, 0.0, 0.0, 1.0]], [[0.0025500543415546417, 0.9991695284843445, -0.04066501185297966, 0.0023193359375], [-0.019058849662542343, -0.04060919210314751, -0.9989933371543884, 1.5773847103118896], [-0.9998151659965515, 0.003322516568005085, 0.018939467146992683, -0.1031494140625], [0.0, 0.0, 0.0, 1.0]], [[-0.9346871972084045, 0.3548089861869812, -0.0216890349984169, 0.951171875], [0.013617973774671555, -0.02522927336394787, -0.9995889663696289, 1.554168701171875], [-0.35521039366722107, -0.9345983862876892, 0.018749698996543884, -0.1325531005859375], [0.0, 0.0, 0.0, 1.0]]], "view": [[0.0, -2.0, 100.0], [-2.0, 0.0, 100.0], [0.0, 0.0, 1.0]], "bev": "bev_1076169d8ae84fbca5f00a397aea73e8.png", "aux": "aux_1076169d8ae84fbca5f00a397aea73e8.npz", "visibility": "visibility_1076169d8ae84fbca5f00a397aea73e8.png", "pose": [[0.0399259552359581, 0.9992026686668396, 0.0, 773.7451782226562], [-0.9992026686668396, 0.0399259552359581, 0.0, 1654.830810546875], [0.0, 0.0, 1.0, 0.0], [0.0, 0.0, 0.0, 1.0]], "pose_inverse": [[0.0399259552359581, -0.9992026686668396, 0.0, 1622.6187744140625], [0.9992026686668396, 0.0399259552359581, 0.0, -839.1989135742188], [0.0, 0.0, 1.0, 0.0], [0.0, 0.0, 0.0, 1.0]], "cam_ids": [0, 1, 2, 3, 4, 5], "cam_channels": ["CAM_FRONT_LEFT", "CAM_FRONT", "CAM_FRONT_RIGHT", "CAM_BACK_LEFT", "CAM_BACK", "CAM_BACK_RIGHT"], "token": "1076169d8ae84fbca5f00a397aea73e8", "scene": "scene-0009"}, {"images": ["samples/CAM_FRONT_LEFT/n015-2018-07-18-11-18-34+0800__CAM_FRONT_LEFT__1531884300254844.jpg", "samples/CAM_FRONT/n015-2018-07-18-11-18-34+0800__CAM_FRONT__1531884300262460.jpg", "samples/CAM_FRONT_RIGHT/n015-2018-07-18-11-18-34+0800__CAM_FRONT_RIGHT__1531884300270339.jpg", "samples/CAM_BACK_LEFT/n015-2018-07-18-11-18-34+0800__CAM_BACK_LEFT__1531884300297423.jpg", "samples/CAM_BACK/n015-2018-07-18-11-18-34+0800__CAM_BACK__1531884300287525.jpg", "samples/CAM_BACK_RIGHT/n015-2018-07-18-11-18-34+0800__CAM_BACK_RIGHT__1531884300277893.jpg"], "intrinsics": [[[1272.5979470598488, 0.0, 826.6154927353808], [0.0, 1272.5979470598488, 479.75165386361925], [0.0, 0.0, 1.0]], [[1266.417203046554, 0.0, 816.2670197447984], [0.0, 1266.417203046554, 491.50706579294757], [0.0, 0.0, 1.0]], [[1260.8474446004698, 0.0, 807.968244525554], [0.0, 1260.8474446004698, 495.3344268742088], [0.0, 0.0, 1.0]], [[1256.7414812095406, 0.0, 792.1125740759628], [0.0, 1256.7414812095406, 492.7757465151356], [0.0, 0.0, 1.0]], [[809.2209905677063, 0.0, 829.2196003259838], [0.0, 809.2209905677063, 481.77842384512485], [0.0, 0.0, 1.0]], [[1259.5137405846733, 0.0, 807.2529053838625], [0.0, 1259.5137405846733, 501.19579884916527], [0.0, 0.0, 1.0]]], "extrinsics": [[[0.8209960460662842, -0.5707268714904785, 0.015372378751635551, -0.61865234375], [-0.0038364543579518795, -0.03243914246559143, -0.9994663596153259, 1.506683349609375], [0.5709209442138672, 0.8204990029335022, -0.028821974992752075, -1.0411376953125], [0.0, 0.0, 0.0, 1.0]], [[0.006127991247922182, -0.9993195533752441, 0.0363701693713665, 0.00860595703125], [-0.009164152666926384, -0.03642544895410538, -0.9992943406105042, 1.517409324645996], [0.9999392032623291, 0.005790366791188717, -0.009381132200360298, -1.3455810546875], [0.0, 0.0, 0.0, 1.0]], [[-0.8327118158340454, -0.5535410046577454, 0.013544002547860146, 0.80816650390625], [-0.0035541285760700703, -0.019116701558232307, -0.9998109340667725, 1.5027103424072266], [0.5536952614784241, -0.8326025009155273, 0.013951347209513187, -1.09814453125], [0.0, 0.0, 0.0, 1.0]], [[0.9477338194847107, 0.3188791871070862, -0.010799860581755638, -1.138916015625], [0.005153654143214226, -0.04914388060569763, -0.9987784028053284, 1.5885734558105469], [-0.3190203905105591, 0.9465205073356628, -0.04821871221065521, -0.104736328125], [0.0, 0.0, 0.0, 1.0]], [[0.0021622811909765005, 0.9992265105247498, -0.039266202598810196, 0.00250244140625], [-0.020260822027921677, -0.03921445459127426, -0.9990254044532776, 1.5773335695266724], [-0.9997923374176025, 0.0029557403177022934, 0.020160356536507607, -0.099365234375], [0.0, 0.0, 0.0, 1.0]], [[-0.934944212436676, 0.354227751493454, -0.020051205530762672, 0.9525146484375], [0.01234152726829052, -0.024010710418224335, -0.9996355175971985, 1.55389404296875], [-0.3545800745487213, -0.9348509907722473, 0.018076959997415543, -0.1321868896484375], [0.0, 0.0, 0.0, 1.0]]], "view": [[0.0, -2.0, 100.0], [-2.0, 0.0, 100.0], [0.0, 0.0, 1.0]], "bev": "bev_69d132937efa411399801c94e2d149ee.png", "aux": "aux_69d132937efa411399801c94e2d149ee.npz", "visibility": "visibility_69d132937efa411399801c94e2d149ee.png", "pose": [[0.04059706628322601, 0.9991756081581116, 0.0, 773.9102783203125], [-0.9991756081581116, 0.04059706628322601, 0.0, 1650.0345458984375], [0.0, 0.0, 1.0, 0.0], [0.0, 0.0, 0.0, 1.0]], "pose_inverse": [[0.04059706628322601, -0.9991756081581116, 0.0, 1617.2557373046875], [0.9991756081581116, 0.04059706628322601, 0.0, -840.2588500976562], [0.0, 0.0, 1.0, 0.0], [0.0, 0.0, 0.0, 1.0]], "cam_ids": [0, 1, 2, 3, 4, 5], "cam_channels": ["CAM_FRONT_LEFT", "CAM_FRONT", "CAM_FRONT_RIGHT", "CAM_BACK_LEFT", "CAM_BACK", "CAM_BACK_RIGHT"], "token": "69d132937efa411399801c94e2d149ee", "scene": "scene-0009"}, {"images": ["samples/CAM_FRONT_LEFT/n015-2018-07-18-11-18-34+0800__CAM_FRONT_LEFT__1531884300754844.jpg", "samples/CAM_FRONT/n015-2018-07-18-11-18-34+0800__CAM_FRONT__1531884300762460.jpg", "samples/CAM_FRONT_RIGHT/n015-2018-07-18-11-18-34+0800__CAM_FRONT_RIGHT__1531884300770339.jpg", "samples/CAM_BACK_LEFT/n015-2018-07-18-11-18-34+0800__CAM_BACK_LEFT__1531884300797423.jpg", "samples/CAM_BACK/n015-2018-07-18-11-18-34+0800__CAM_BACK__1531884300787525.jpg", "samples/CAM_BACK_RIGHT/n015-2018-07-18-11-18-34+0800__CAM_BACK_RIGHT__1531884300777893.jpg"], "intrinsics": [[[1272.5979470598488, 0.0, 826.6154927353808], [0.0, 1272.5979470598488, 479.75165386361925], [0.0, 0.0, 1.0]], [[1266.417203046554, 0.0, 816.2670197447984], [0.0, 1266.417203046554, 491.50706579294757], [0.0, 0.0, 1.0]], [[1260.8474446004698, 0.0, 807.968244525554], [0.0, 1260.8474446004698, 495.3344268742088], [0.0, 0.0, 1.0]], [[1256.7414812095406, 0.0, 792.1125740759628], [0.0, 1256.7414812095406, 492.7757465151356], [0.0, 0.0, 1.0]], [[809.2209905677063, 0.0, 829.2196003259838], [0.0, 809.2209905677063, 481.77842384512485], [0.0, 0.0, 1.0]], [[1259.5137405846733, 0.0, 807.2529053838625], [0.0, 1259.5137405846733, 501.19579884916527], [0.0, 0.0, 1.0]]], "extrinsics": [[[0.820682942867279, -0.571246325969696, 0.012531694956123829, -0.6177978515625], [-0.006073228549212217, -0.0306518767029047, -0.9995116591453552, 1.5056571960449219], [0.5713514089584351, 0.8202061653137207, -0.02862478420138359, -1.0376434326171875], [0.0, 0.0, 0.0, 1.0]], [[0.0056090326979756355, -0.9993841648101807, 0.03463880717754364, 0.00634765625], [-0.011422330513596535, -0.03470112383365631, -0.9993324875831604, 1.5165300369262695], [0.9999189972877502, 0.005209630820900202, -0.011609936133027077, -1.343994140625], [0.0, 0.0, 0.0, 1.0]], [[-0.8330091238021851, -0.5530688166618347, 0.014513261616230011, 0.80670166015625], [-0.005840097554028034, -0.01744077540934086, -0.9998308420181274, 1.5020527839660645], [0.5532283186912537, -0.8329529762268066, 0.011298354715108871, -1.0997314453125], [0.0, 0.0, 0.0, 1.0]], [[0.9477123022079468, 0.3188799023628235, -0.012528946623206139, -1.1397705078125], [0.0028105357196182013, -0.0475987084209919, -0.9988625645637512, 1.5885658264160156], [-0.3191135823726654, 0.9465991258621216, -0.046006109565496445, -0.1044921875], [0.0, 0.0, 0.0, 1.0]], [[0.002330736257135868, 0.9992874264717102, -0.03767195716500282, 0.00335693359375], [-0.022663749754428864, -0.03760959580540657, -0.9990354776382446, 1.5770721435546875], [-0.9997404217720032, 0.003182277549058199, 0.022559938952326775, -0.0985107421875], [0.0, 0.0, 0.0, 1.0]], [[-0.934810221195221, 0.3547264039516449, -0.017291739583015442, 0.9534912109375], [0.010001403279602528, -0.022375358268618584, -0.9996996521949768, 1.5533943176269531], [-0.35500678420066833, -0.9347023963928223, 0.017368953675031662, -0.1336669921875], [0.0, 0.0, 0.0, 1.0]]], "view": [[0.0, -2.0, 100.0], [-2.0, 0.0, 100.0], [0.0, 0.0, 1.0]], "bev": "bev_75b5ebc0c19c4755899974e96055f705.png", "aux": "aux_75b5ebc0c19c4755899974e96055f705.npz", "visibility": "visibility_75b5ebc0c19c4755899974e96055f705.png", "pose": [[0.04313015937805176, 0.9990694522857666, 0.0, 774.1074829101562], [-0.9990694522857666, 0.04313015937805176, 0.0, 1645.15087890625], [0.0, 0.0, 1.0, 0.0], [0.0, 0.0, 0.0, 1.0]], "pose_inverse": [[0.04313015937805176, -0.9990694522857666, 0.0, 1610.232666015625], [0.9990694522857666, 0.04313015937805176, 0.0, -844.3427734375], [0.0, 0.0, 1.0, 0.0], [0.0, 0.0, 0.0, 1.0]], "cam_ids": [0, 1, 2, 3, 4, 5], "cam_channels": ["CAM_FRONT_LEFT", "CAM_FRONT", "CAM_FRONT_RIGHT", "CAM_BACK_LEFT", "CAM_BACK", "CAM_BACK_RIGHT"], "token": "75b5ebc0c19c4755899974e96055f705", "scene": "scene-0009"}, {"images": ["samples/CAM_FRONT_LEFT/n015-2018-07-18-11-18-34+0800__CAM_FRONT_LEFT__1531884301254844.jpg", "samples/CAM_FRONT/n015-2018-07-18-11-18-34+0800__CAM_FRONT__1531884301262460.jpg", "samples/CAM_FRONT_RIGHT/n015-2018-07-18-11-18-34+0800__CAM_FRONT_RIGHT__1531884301270339.jpg", "samples/CAM_BACK_LEFT/n015-2018-07-18-11-18-34+0800__CAM_BACK_LEFT__1531884301297423.jpg", "samples/CAM_BACK/n015-2018-07-18-11-18-34+0800__CAM_BACK__1531884301287525.jpg", "samples/CAM_BACK_RIGHT/n015-2018-07-18-11-18-34+0800__CAM_BACK_RIGHT__1531884301277893.jpg"], "intrinsics": [[[1272.5979470598488, 0.0, 826.6154927353808], [0.0, 1272.5979470598488, 479.75165386361925], [0.0, 0.0, 1.0]], [[1266.417203046554, 0.0, 816.2670197447984], [0.0, 1266.417203046554, 491.50706579294757], [0.0, 0.0, 1.0]], [[1260.8474446004698, 0.0, 807.968244525554], [0.0, 1260.8474446004698, 495.3344268742088], [0.0, 0.0, 1.0]], [[1256.7414812095406, 0.0, 792.1125740759628], [0.0, 1256.7414812095406, 492.7757465151356], [0.0, 0.0, 1.0]], [[809.2209905677063, 0.0, 829.2196003259838], [0.0, 809.2209905677063, 481.77842384512485], [0.0, 0.0, 1.0]], [[1259.5137405846733, 0.0, 807.2529053838625], [0.0, 1259.5137405846733, 501.19579884916527], [0.0, 0.0, 1.0]]], "extrinsics": [[[0.821044921875, -0.5707321166992188, 0.012253494001924992, -0.6138916015625], [-0.006244649179279804, -0.030442846938967705, -0.9995169639587402, 1.5056028366088867], [0.5708295106887817, 0.8205718398094177, -0.028558965772390366, -1.036865234375], [0.0, 0.0, 0.0, 1.0]], [[0.006331423297524452, -0.9993821978569031, 0.03457118943333626, 0.008056640625], [-0.011567702516913414, -0.034642767161130905, -0.999332845211029, 1.5165090560913086], [0.9999130964279175, 0.005927290767431259, -0.011779893189668655, -1.341796875], [0.0, 0.0, 0.0, 1.0]], [[-0.8325597643852234, -0.5537394881248474, 0.01472426950931549, 0.80712890625], [-0.0059979986399412155, -0.017567897215485573, -0.9998276233673096, 1.50203275680542], [0.553902804851532, -0.8325045704841614, 0.011304996907711029, -1.0977783203125], [0.0, 0.0, 0.0, 1.0]], [[0.9477015137672424, 0.3188876509666443, -0.013135491870343685, -1.1407470703125], [0.002398181241005659, -0.048270612955093384, -0.9988313913345337, 1.5885658264160156], [-0.3191490173339844, 0.9465625882148743, -0.046510886400938034, -0.104248046875], [0.0, 0.0, 0.0, 1.0]], [[0.001956106396391988, 0.999267041683197, -0.03823062777519226, 0.0025634765625], [-0.022888116538524628, -0.03817594796419144, -0.9990088939666748, 1.5770902633666992], [-0.9997361302375793, 0.0028291926719248295, 0.022796664386987686, -0.0980224609375], [0.0, 0.0, 0.0, 1.0]], [[-0.9350660443305969, 0.3540544807910919, -0.017232518643140793, 0.953369140625], [0.009831706061959267, -0.02269130013883114, -0.9996941685676575, 1.5533866882324219], [-0.35433724522590637, -0.9349495768547058, 0.017736904323101044, -0.1321258544921875], [0.0, 0.0, 0.0, 1.0]]], "view": [[0.0, -2.0, 100.0], [-2.0, 0.0, 100.0], [0.0, 0.0, 1.0]], "bev": "bev_a7bb7929ec0240268e34ca312e4d8881.png", "aux": "aux_a7bb7929ec0240268e34ca312e4d8881.npz", "visibility": "visibility_a7bb7929ec0240268e34ca312e4d8881.png", "pose": [[0.04457305371761322, 0.9990061521530151, 0.0, 774.3241577148438], [-0.9990061521530151, 0.04457305371761322, 0.0, 1640.1820068359375], [0.0, 0.0, 1.0, 0.0], [0.0, 0.0, 0.0, 1.0]], "pose_inverse": [[0.04457305371761322, -0.9990061521530151, 0.0, 1604.037841796875], [0.9990061521530151, 0.04457305371761322, 0.0, -846.6624755859375], [0.0, 0.0, 1.0, 0.0], [0.0, 0.0, 0.0, 1.0]], "cam_ids": [0, 1, 2, 3, 4, 5], "cam_channels": ["CAM_FRONT_LEFT", "CAM_FRONT", "CAM_FRONT_RIGHT", "CAM_BACK_LEFT", "CAM_BACK", "CAM_BACK_RIGHT"], "token": "a7bb7929ec0240268e34ca312e4d8881", "scene": "scene-0009"}, {"images": ["samples/CAM_FRONT_LEFT/n015-2018-07-18-11-18-34+0800__CAM_FRONT_LEFT__1531884301754844.jpg", "samples/CAM_FRONT/n015-2018-07-18-11-18-34+0800__CAM_FRONT__1531884301762460.jpg", "samples/CAM_FRONT_RIGHT/n015-2018-07-18-11-18-34+0800__CAM_FRONT_RIGHT__1531884301770339.jpg", "samples/CAM_BACK_LEFT/n015-2018-07-18-11-18-34+0800__CAM_BACK_LEFT__1531884301797862.jpg", "samples/CAM_BACK/n015-2018-07-18-11-18-34+0800__CAM_BACK__1531884301787525.jpg", "samples/CAM_BACK_RIGHT/n015-2018-07-18-11-18-34+0800__CAM_BACK_RIGHT__1531884301777893.jpg"], "intrinsics": [[[1272.5979470598488, 0.0, 826.6154927353808], [0.0, 1272.5979470598488, 479.75165386361925], [0.0, 0.0, 1.0]], [[1266.417203046554, 0.0, 816.2670197447984], [0.0, 1266.417203046554, 491.50706579294757], [0.0, 0.0, 1.0]], [[1260.8474446004698, 0.0, 807.968244525554], [0.0, 1260.8474446004698, 495.3344268742088], [0.0, 0.0, 1.0]], [[1256.7414812095406, 0.0, 792.1125740759628], [0.0, 1256.7414812095406, 492.7757465151356], [0.0, 0.0, 1.0]], [[809.2209905677063, 0.0, 829.2196003259838], [0.0, 809.2209905677063, 481.77842384512485], [0.0, 0.0, 1.0]], [[1259.5137405846733, 0.0, 807.2529053838625], [0.0, 1259.5137405846733, 501.19579884916527], [0.0, 0.0, 1.0]]], "extrinsics": [[[0.8204416632652283, -0.571514904499054, 0.015686554834246635, -0.60791015625], [-0.002714211121201515, -0.03133014962077141, -0.9995054006576538, 1.5070648193359375], [0.5717236399650574, 0.819993257522583, -0.027255775406956673, -1.03125], [0.0, 0.0, 0.0, 1.0]], [[0.005161111708730459, -0.9993597865104675, 0.03540005907416344, 0.0068359375], [-0.00816905777901411, -0.035441480576992035, -0.9993383884429932, 1.5176010131835938], [0.9999533295631409, 0.004868508782237768, -0.008346745744347572, -1.3341064453125], [0.0, 0.0, 0.0, 1.0]], [[-0.8332329988479614, -0.5527843236923218, 0.012339294888079166, 0.80010986328125], [-0.0026875650510191917, -0.018267201259732246, -0.9998294711112976, 1.5028915405273438], [0.5529154539108276, -0.8331241011619568, 0.013735191896557808, -1.0947265625], [0.0, 0.0, 0.0, 1.0]], [[0.9477433562278748, 0.3188687562942505, -0.010254566557705402, -1.140869140625], [0.00556979002431035, -0.048675138503313065, -0.9987991452217102, 1.5885658264160156], [-0.3189849853515625, 0.9465481042861938, -0.04790757596492767, -0.1043701171875], [0.0, 0.0, 0.0, 1.0]], [[0.002585521200671792, 0.9992473125457764, -0.038705501705408096, 0.00311279296875], [-0.019702661782503128, -0.03864721208810806, -0.9990586638450623, 1.5772737264633179], [-0.9998024702072144, 0.0033456876408308744, 0.019587909802794456, -0.1036376953125], [0.0, 0.0, 0.0, 1.0]], [[-0.9346561431884766, 0.35496199131011963, -0.020486950874328613, 0.9471435546875], [0.013063150458037853, -0.023298513144254684, -0.9996432662010193, 1.5540847778320312], [-0.35531264543533325, -0.9345903396606445, 0.017139175906777382, -0.13568115234375], [0.0, 0.0, 0.0, 1.0]]], "view": [[0.0, -2.0, 100.0], [-2.0, 0.0, 100.0], [0.0, 0.0, 1.0]], "bev": "bev_dbf2877ef5314d679ca75cd99079bb61.png", "aux": "aux_dbf2877ef5314d679ca75cd99079bb61.npz", "visibility": "visibility_dbf2877ef5314d679ca75cd99079bb61.png", "pose": [[0.04485291615128517, 0.9989935755729675, 0.0, 774.543212890625], [-0.9989935755729675, 0.04485291615128517, 0.0, 1635.12939453125], [0.0, 0.0, 1.0, 0.0], [0.0, 0.0, 0.0, 1.0]], "pose_inverse": [[0.04485291615128517, -0.9989935755729675, 0.0, 1598.7432861328125], [0.9989935755729675, 0.04485291615128517, 0.0, -847.1040649414062], [0.0, 0.0, 1.0, 0.0], [0.0, 0.0, 0.0, 1.0]], "cam_ids": [0, 1, 2, 3, 4, 5], "cam_channels": ["CAM_FRONT_LEFT", "CAM_FRONT", "CAM_FRONT_RIGHT", "CAM_BACK_LEFT", "CAM_BACK", "CAM_BACK_RIGHT"], "token": "dbf2877ef5314d679ca75cd99079bb61", "scene": "scene-0009"}, {"images": ["samples/CAM_FRONT_LEFT/n015-2018-07-18-11-18-34+0800__CAM_FRONT_LEFT__1531884302254844.jpg", "samples/CAM_FRONT/n015-2018-07-18-11-18-34+0800__CAM_FRONT__1531884302262460.jpg", "samples/CAM_FRONT_RIGHT/n015-2018-07-18-11-18-34+0800__CAM_FRONT_RIGHT__1531884302270339.jpg", "samples/CAM_BACK_LEFT/n015-2018-07-18-11-18-34+0800__CAM_BACK_LEFT__1531884302297423.jpg", "samples/CAM_BACK/n015-2018-07-18-11-18-34+0800__CAM_BACK__1531884302287525.jpg", "samples/CAM_BACK_RIGHT/n015-2018-07-18-11-18-34+0800__CAM_BACK_RIGHT__1531884302277893.jpg"], "intrinsics": [[[1272.5979470598488, 0.0, 826.6154927353808], [0.0, 1272.5979470598488, 479.75165386361925], [0.0, 0.0, 1.0]], [[1266.417203046554, 0.0, 816.2670197447984], [0.0, 1266.417203046554, 491.50706579294757], [0.0, 0.0, 1.0]], [[1260.8474446004698, 0.0, 807.968244525554], [0.0, 1260.8474446004698, 495.3344268742088], [0.0, 0.0, 1.0]], [[1256.7414812095406, 0.0, 792.1125740759628], [0.0, 1256.7414812095406, 492.7757465151356], [0.0, 0.0, 1.0]], [[809.2209905677063, 0.0, 829.2196003259838], [0.0, 809.2209905677063, 481.77842384512485], [0.0, 0.0, 1.0]], [[1259.5137405846733, 0.0, 807.2529053838625], [0.0, 1259.5137405846733, 501.19579884916527], [0.0, 0.0, 1.0]]], "extrinsics": [[[0.8208799362182617, -0.5709719657897949, 0.012131878174841404, -0.602294921875], [-0.004180993884801865, -0.027250654995441437, -0.9996199011802673, 1.506418228149414], [0.571085512638092, 0.8205171823501587, -0.024756746366620064, -1.028656005859375], [0.0, 0.0, 0.0, 1.0]], [[0.005897506605833769, -0.9994911551475525, 0.03134438768029213, 0.0076904296875], [-0.009513887576758862, -0.031399596482515335, -0.9994616508483887, 1.517080307006836], [0.9999373555183411, 0.005596121307462454, -0.009694227017462254, -1.327880859375], [0.0, 0.0, 0.0, 1.0]], [[-0.8328587412834167, -0.5533729195594788, 0.011173197068274021, 0.7955322265625], [-0.003928090911358595, -0.014276856556534767, -0.9998903274536133, 1.5025324821472168], [0.5534718036651611, -0.8328112959861755, 0.009716907516121864, -1.0909423828125], [0.0, 0.0, 0.0, 1.0]], [[0.947711706161499, 0.31897664070129395, -0.009821180254220963, -1.1324462890625], [0.004742040298879147, -0.044847410172224045, -0.9989825487136841, 1.5886039733886719], [-0.3190925419330597, 0.946700930595398, -0.04401501640677452, -0.107177734375], [0.0, 0.0, 0.0, 1.0]], [[0.0022768895141780376, 0.9993900656700134, -0.03484643995761871, 0.00286865234375], [-0.02067534811794758, -0.034792035818099976, -0.9991807341575623, 1.5770760774612427], [-0.9997836947441101, 0.002995491260662675, 0.020583517849445343, -0.108642578125], [0.0, 0.0, 0.0, 1.0]], [[-0.9348661303520203, 0.35454195737838745, -0.018036827445030212, 0.9415283203125], [0.01194318663328886, -0.019368307664990425, -0.9997411370277405, 1.5539398193359375], [-0.3547995388507843, -0.9348394870758057, 0.013872413896024227, -0.13720703125], [0.0, 0.0, 0.0, 1.0]]], "view": [[0.0, -2.0, 100.0], [-2.0, 0.0, 100.0], [0.0, 0.0, 1.0]], "bev": "bev_1a2beb30f34247c79283f07128ebdab7.png", "aux": "aux_1a2beb30f34247c79283f07128ebdab7.npz", "visibility": "visibility_1a2beb30f34247c79283f07128ebdab7.png", "pose": [[0.04717976599931717, 0.9988864064216614, 0.0, 774.7752075195312], [-0.9988864064216614, 0.04717976599931717, 0.0, 1630.1080322265625], [0.0, 0.0, 1.0, 0.0], [0.0, 0.0, 0.0, 1.0]], "pose_inverse": [[0.04717976599931717, -0.9988864064216614, 0.0, 1591.739013671875], [0.9988864064216614, 0.04717976599931717, 0.0, -850.820556640625], [0.0, 0.0, 1.0, 0.0], [0.0, 0.0, 0.0, 1.0]], "cam_ids": [0, 1, 2, 3, 4, 5], "cam_channels": ["CAM_FRONT_LEFT", "CAM_FRONT", "CAM_FRONT_RIGHT", "CAM_BACK_LEFT", "CAM_BACK", "CAM_BACK_RIGHT"], "token": "1a2beb30f34247c79283f07128ebdab7", "scene": "scene-0009"}, {"images": ["samples/CAM_FRONT_LEFT/n015-2018-07-18-11-18-34+0800__CAM_FRONT_LEFT__1531884302754844.jpg", "samples/CAM_FRONT/n015-2018-07-18-11-18-34+0800__CAM_FRONT__1531884302762511.jpg", "samples/CAM_FRONT_RIGHT/n015-2018-07-18-11-18-34+0800__CAM_FRONT_RIGHT__1531884302770339.jpg", "samples/CAM_BACK_LEFT/n015-2018-07-18-11-18-34+0800__CAM_BACK_LEFT__1531884302797423.jpg", "samples/CAM_BACK/n015-2018-07-18-11-18-34+0800__CAM_BACK__1531884302787525.jpg", "samples/CAM_BACK_RIGHT/n015-2018-07-18-11-18-34+0800__CAM_BACK_RIGHT__1531884302777893.jpg"], "intrinsics": [[[1272.5979470598488, 0.0, 826.6154927353808], [0.0, 1272.5979470598488, 479.75165386361925], [0.0, 0.0, 1.0]], [[1266.417203046554, 0.0, 816.2670197447984], [0.0, 1266.417203046554, 491.50706579294757], [0.0, 0.0, 1.0]], [[1260.8474446004698, 0.0, 807.968244525554], [0.0, 1260.8474446004698, 495.3344268742088], [0.0, 0.0, 1.0]], [[1256.7414812095406, 0.0, 792.1125740759628], [0.0, 1256.7414812095406, 492.7757465151356], [0.0, 0.0, 1.0]], [[809.2209905677063, 0.0, 829.2196003259838], [0.0, 809.2209905677063, 481.77842384512485], [0.0, 0.0, 1.0]], [[1259.5137405846733, 0.0, 807.2529053838625], [0.0, 1259.5137405846733, 501.19579884916527], [0.0, 0.0, 1.0]]], "extrinsics": [[[0.821288526058197, -0.5704737305641174, 0.006699295714497566, -0.5892333984375], [-0.008279243484139442, -0.023659002035856247, -0.9996858239173889, 1.5045456886291504], [0.5704529881477356, 0.8209750056266785, -0.02415395714342594, -1.0227813720703125], [0.0, 0.0, 0.0, 1.0]], [[0.006641148589551449, -0.9995925426483154, 0.027761006727814674, 0.010009765625], [-0.013682221062481403, -0.02784985490143299, -0.9995185136795044, 1.5154953002929688], [0.9998843669891357, 0.006258115172386169, -0.013861601240932941, -1.3193359375], [0.0, 0.0, 0.0, 1.0]], [[-0.8324805498123169, -0.553908109664917, 0.012723434716463089, 0.792724609375], [-0.008132940158247948, -0.010745041072368622, -0.9999092221260071, 1.501314640045166], [0.5539944767951965, -0.8325084447860718, 0.004440136719495058, -1.086669921875], [0.0, 0.0, 0.0, 1.0]], [[0.9476891756057739, 0.31894779205322266, -0.01255294494330883, -1.13916015625], [0.0006543186609633267, -0.0412680022418499, -0.9991478323936462, 1.58856201171875], [-0.31919407844543457, 0.9468733668327332, -0.03931793197989464, -0.1048583984375], [0.0, 0.0, 0.0, 1.0]], [[0.0018932142993435264, 0.9995083212852478, -0.031299322843551636, 0.00213623046875], [-0.02487703412771225, -