[{"images": ["samples/CAM_FRONT_LEFT/n015-2018-09-27-15-33-17+0800__CAM_FRONT_LEFT__1538033972754844.jpg", "samples/CAM_FRONT/n015-2018-09-27-15-33-17+0800__CAM_FRONT__1538033972762460.jpg", "samples/CAM_FRONT_RIGHT/n015-2018-09-27-15-33-17+0800__CAM_FRONT_RIGHT__1538033972770339.jpg", "samples/CAM_BACK_LEFT/n015-2018-09-27-15-33-17+0800__CAM_BACK_LEFT__1538033972797423.jpg", "samples/CAM_BACK/n015-2018-09-27-15-33-17+0800__CAM_BACK__1538033972787525.jpg", "samples/CAM_BACK_RIGHT/n015-2018-09-27-15-33-17+0800__CAM_BACK_RIGHT__1538033972777893.jpg"], "intrinsics": [[[1272.5979470598488, 0.0, 826.6154927353808], [0.0, 1272.5979470598488, 479.75165386361925], [0.0, 0.0, 1.0]], [[1266.417203046554, 0.0, 816.2670197447984], [0.0, 1266.417203046554, 491.50706579294757], [0.0, 0.0, 1.0]], [[1260.8474446004698, 0.0, 807.968244525554], [0.0, 1260.8474446004698, 495.3344268742088], [0.0, 0.0, 1.0]], [[1256.7414812095406, 0.0, 792.1125740759628], [0.0, 1256.7414812095406, 492.7757465151356], [0.0, 0.0, 1.0]], [[809.2209905677063, 0.0, 829.2196003259838], [0.0, 809.2209905677063, 481.77842384512485], [0.0, 0.0, 1.0]], [[1259.5137405846733, 0.0, 807.2529053838625], [0.0, 1259.5137405846733, 501.19579884916527], [0.0, 0.0, 1.0]]], "extrinsics": [[[0.8202577829360962, -0.5716022849082947, 0.021166233345866203, -0.690826416015625], [0.032035842537879944, 0.00896274484694004, -0.9994465708732605, 1.5188751220703125], [0.5710961818695068, 0.8204818964004517, 0.02566351555287838, -1.092529296875], [0.0, 0.0, 0.0, 1.0]], [[0.005473908502608538, -0.9999738931655884, -0.004714420530945063, 0.009033203125], [0.026714537292718887, 0.004859042353928089, -0.9996312856674194, 1.5277786254882812], [0.9996281266212463, 0.00534594664350152, 0.026740439236164093, -1.4205322265625], [0.0, 0.0, 0.0, 1.0]], [[-0.8322663307189941, -0.5529951453208923, -0.03910442441701889, 0.85986328125], [0.032308030873537064, 0.022035684436559677, -0.9992349743843079, 1.5103530883789062], [0.5534338355064392, -0.8328930139541626, -0.0004733746172860265, -1.13134765625], [0.0, 0.0, 0.0, 1.0]], [[0.9470981955528259, 0.3188991844654083, 0.03617122024297714, -1.1455078125], [0.04096810519695282, -0.008345033042132854, -0.999125599861145, 1.5884056091308594], [-0.3183184862136841, 0.9477519989013672, -0.020968258380889893, -0.102294921875], [0.0, 0.0, 0.0, 1.0]], [[0.0025057264138013124, 0.9999954104423523, 0.0017200165893882513, 0.001708984375], [0.01553848572075367, 0.001680879038758576, -0.9998778700828552, 1.5805015563964844], [-0.9998761415481567, 0.0025321445427834988, -0.015534200705587864, -0.0718994140625], [0.0, 0.0, 0.0, 1.0]], [[-0.9339210987091064, 0.35534730553627014, -0.0389840267598629, 0.9959716796875], [0.04816005378961563, 0.017010223120450974, -0.9986948370933533, 1.5586090087890625], [-0.354220449924469, -0.9345795512199402, -0.03299975022673607, -0.114990234375], [0.0, 0.0, 0.0, 1.0]]], "view": [[0.0, -2.0, 100.0], [-2.0, 0.0, 100.0], [0.0, 0.0, 1.0]], "bev": "bev_ebdbfe18d8bf4ed1a0243acf46f09368.png", "aux": "aux_ebdbfe18d8bf4ed1a0243acf46f09368.npz", "visibility": "visibility_ebdbfe18d8bf4ed1a0243acf46f09368.png", "pose": [[0.9671413898468018, 0.2542392313480377, 0.0, 2254.97509765625], [-0.2542392313480377, 0.9671413898468018, 0.0, 2386.935791015625], [0.0, 0.0, 1.0, 0.0], [0.0, 0.0, 0.0, 1.0]], "pose_inverse": [[0.9671413898468018, -0.2542392313480377, 0.0, -1574.0269775390625], [0.2542392313480377, 0.9671413898468018, 0.0, -2881.807373046875], [0.0, 0.0, 1.0, 0.0], [0.0, 0.0, 0.0, 1.0]], "cam_ids": [0, 1, 2, 3, 4, 5], "cam_channels": ["CAM_FRONT_LEFT", "CAM_FRONT", "CAM_FRONT_RIGHT", "CAM_BACK_LEFT", "CAM_BACK", "CAM_BACK_RIGHT"], "token": "ebdbfe18d8bf4ed1a0243acf46f09368", "scene": "scene-0416"}, {"images": ["samples/CAM_FRONT_LEFT/n015-2018-09-27-15-33-17+0800__CAM_FRONT_LEFT__1538033973254844.jpg", "samples/CAM_FRONT/n015-2018-09-27-15-33-17+0800__CAM_FRONT__1538033973262460.jpg", "samples/CAM_FRONT_RIGHT/n015-2018-09-27-15-33-17+0800__CAM_FRONT_RIGHT__1538033973270339.jpg", "samples/CAM_BACK_LEFT/n015-2018-09-27-15-33-17+0800__CAM_BACK_LEFT__1538033973297423.jpg", "samples/CAM_BACK/n015-2018-09-27-15-33-17+0800__CAM_BACK__1538033973287525.jpg", "samples/CAM_BACK_RIGHT/n015-2018-09-27-15-33-17+0800__CAM_BACK_RIGHT__1538033973277893.jpg"], "intrinsics": [[[1272.5979470598488, 0.0, 826.6154927353808], [0.0, 1272.5979470598488, 479.75165386361925], [0.0, 0.0, 1.0]], [[1266.417203046554, 0.0, 816.2670197447984], [0.0, 1266.417203046554, 491.50706579294757], [0.0, 0.0, 1.0]], [[1260.8474446004698, 0.0, 807.968244525554], [0.0, 1260.8474446004698, 495.3344268742088], [0.0, 0.0, 1.0]], [[1256.7414812095406, 0.0, 792.1125740759628], [0.0, 1256.7414812095406, 492.7757465151356], [0.0, 0.0, 1.0]], [[809.2209905677063, 0.0, 829.2196003259838], [0.0, 809.2209905677063, 481.77842384512485], [0.0, 0.0, 1.0]], [[1259.5137405846733, 0.0, 807.2529053838625], [0.0, 1259.5137405846733, 501.19579884916527], [0.0, 0.0, 1.0]]], "extrinsics": [[[0.8189525604248047, -0.5732125043869019, 0.027279037982225418, -0.71148681640625], [0.036952268332242966, 0.005237353499978781, -0.9993032813072205, 1.5195693969726562], [0.5726702213287354, 0.8193901181221008, 0.025470642372965813, -1.107177734375], [0.0, 0.0, 0.0, 1.0]], [[0.003770618000999093, -0.9999924898147583, -0.0008901505498215556, 0.009033203125], [0.031842805445194244, 0.0010097733465954661, -0.9994924068450928, 1.5285873413085938], [0.9994857907295227, 0.003740355372428894, 0.031846366822719574, -1.4395751953125], [0.0, 0.0, 0.0, 1.0]], [[-0.8327977657318115, -0.5520291328430176, -0.041372764855623245, 0.869873046875], [0.03768875077366829, 0.018023576587438583, -0.9991269707679749, 1.5110244750976562], [0.5522928833961487, -0.8336299657821655, 0.005795298609882593, -1.13818359375], [0.0, 0.0, 0.0, 1.0]], [[0.9468573927879333, 0.31910020112991333, 0.04044974595308304, -1.142333984375], [0.04705767706036568, -0.013022271916270256, -0.9988073110580444, 1.588531494140625], [-0.3181927800178528, 0.9476315379142761, -0.027346346527338028, -0.103515625], [0.0, 0.0, 0.0, 1.0]], [[0.002999726217240095, 0.9999920725822449, -0.0026533135678619146, 0.00244140625], [0.021396122872829437, -0.0027169014792889357, -0.9997674226760864, 1.5809001922607422], [-0.9997665882110596, 0.00294225150719285, -0.021404102444648743, -0.0701904296875], [0.0, 0.0, 0.0, 1.0]], [[-0.933333158493042, 0.35609444975852966, -0.045673731714487076, 1.00244140625], [0.0537504144012928, 0.01281427126377821, -0.9984722137451172, 1.5590896606445312], [-0.3549651801586151, -0.9343621134757996, -0.031100207939743996, -0.11279296875], [0.0, 0.0, 0.0, 1.0]]], "view": [[0.0, -2.0, 100.0], [-2.0, 0.0, 100.0], [0.0, 0.0, 1.0]], "bev": "bev_91521439084a4cd4b0433419e3c4efb1.png", "aux": "aux_91521439084a4cd4b0433419e3c4efb1.npz", "visibility": "visibility_91521439084a4cd4b0433419e3c4efb1.png", "pose": [[0.9706575274467468, 0.24046623706817627, 0.0, 2258.55908203125], [-0.24046623706817627, 0.9706575274467468, 0.0, 2385.97705078125], [0.0, 0.0, 1.0, 0.0], [0.0, 0.0, 0.0, 1.0]], "pose_inverse": [[0.9706575274467468, -0.24046623706817627, 0.0, -1618.5404052734375], [0.24046623706817627, 0.9706575274467468, 0.0, -2859.07373046875], [0.0, 0.0, 1.0, 0.0], [0.0, 0.0, 0.0, 1.0]], "cam_ids": [0, 1, 2, 3, 4, 5], "cam_channels": ["CAM_FRONT_LEFT", "CAM_FRONT", "CAM_FRONT_RIGHT", "CAM_BACK_LEFT", "CAM_BACK", "CAM_BACK_RIGHT"], "token": "91521439084a4cd4b0433419e3c4efb1", "scene": "scene-0416"}, {"images": ["samples/CAM_FRONT_LEFT/n015-2018-09-27-15-33-17+0800__CAM_FRONT_LEFT__1538033973754844.jpg", "samples/CAM_FRONT/n015-2018-09-27-15-33-17+0800__CAM_FRONT__1538033973762460.jpg", "samples/CAM_FRONT_RIGHT/n015-2018-09-27-15-33-17+0800__CAM_FRONT_RIGHT__1538033973770339.jpg", "samples/CAM_BACK_LEFT/n015-2018-09-27-15-33-17+0800__CAM_BACK_LEFT__1538033973797423.jpg", "samples/CAM_BACK/n015-2018-09-27-15-33-17+0800__CAM_BACK__1538033973787525.jpg", "samples/CAM_BACK_RIGHT/n015-2018-09-27-15-33-17+0800__CAM_BACK_RIGHT__1538033973777893.jpg"], "intrinsics": [[[1272.5979470598488, 0.0, 826.6154927353808], [0.0, 1272.5979470598488, 479.75165386361925], [0.0, 0.0, 1.0]], [[1266.417203046554, 0.0, 816.2670197447984], [0.0, 1266.417203046554, 491.50706579294757], [0.0, 0.0, 1.0]], [[1260.8474446004698, 0.0, 807.968244525554], [0.0, 1260.8474446004698, 495.3344268742088], [0.0, 0.0, 1.0]], [[1256.7414812095406, 0.0, 792.1125740759628], [0.0, 1256.7414812095406, 492.7757465151356], [0.0, 0.0, 1.0]], [[809.2209905677063, 0.0, 829.2196003259838], [0.0, 809.2209905677063, 481.77842384512485], [0.0, 0.0, 1.0]], [[1259.5137405846733, 0.0, 807.2529053838625], [0.0, 1259.5137405846733, 501.19579884916527], [0.0, 0.0, 1.0]]], "extrinsics": [[[0.8177250027656555, -0.574402928352356, 0.03724316507577896, -0.7093353271484375], [0.04106666147708893, -0.0063191987574100494, -0.9991364479064941, 1.52099609375], [0.5741422772407532, 0.818548321723938, 0.018421443179249763, -1.105224609375], [0.0, 0.0, 0.0, 1.0]], [[0.0022295797243714333, -0.999941349029541, 0.010598883032798767, 0.00830078125], [0.03566388413310051, -0.010512656532227993, -0.9993085265159607, 1.5296306610107422], [0.9993613362312317, 0.002606004010885954, 0.03563835471868515, -1.4381103515625], [0.0, 0.0, 0.0, 1.0]], [[-0.833278238773346, -0.551546573638916, -0.03799615427851677, 0.86962890625], [0.04122639819979668, 0.006545185577124357, -0.9991283416748047, 1.5117340087890625], [0.5513145327568054, -0.8341183662414551, 0.017284322530031204, -1.138427734375], [0.0, 0.0, 0.0, 1.0]], [[0.9467629790306091, 0.31953853368759155, 0.039178501814603806, -1.143798828125], [0.04951469972729683, -0.024284422397613525, -0.99847811460495, 1.5884895324707031], [-0.31810081005096436, 0.9472620487213135, -0.03881344571709633, -0.103515625], [0.0, 0.0, 0.0, 1.0]], [[0.003420958761125803, 0.9998961091041565, -0.014005197212100029, 0.002197265625], [0.024237584322690964, -0.014084071852266788, -0.9996070265769958, 1.5810893774032593], [-0.9997003674507141, 0.0030801596585661173, -0.02428324706852436, -0.0692138671875], [0.0, 0.0, 0.0, 1.0]], [[-0.9328991174697876, 0.35625436902046204, -0.052745621651411057, 1.00396728515625], [0.056978002190589905, 0.0013890131376683712, -0.9983744621276855, 1.5594940185546875], [-0.3556019365787506, -0.9343880414962769, -0.021594470366835594, -0.112548828125], [0.0, 0.0, 0.0, 1.0]]], "view": [[0.0, -2.0, 100.0], [-2.0, 0.0, 100.0], [0.0, 0.0, 1.0]], "bev": "bev_c86c389be3474e01b4e9ee77949e22aa.png", "aux": "aux_c86c389be3474e01b4e9ee77949e22aa.npz", "visibility": "visibility_c86c389be3474e01b4e9ee77949e22aa.png", "pose": [[0.9795622825622559, 0.20114102959632874, 0.0, 2262.107177734375], [-0.20114102959632874, 0.9795622825622559, 0.0, 2385.134765625], [0.0, 0.0, 1.0, 0.0], [0.0, 0.0, 0.0, 1.0]], "pose_inverse": [[0.9795622825622559, -0.20114102959632874, 0.0, -1736.12646484375], [0.20114102959632874, 0.9795622825622559, 0.0, -2791.390625], [0.0, 0.0, 1.0, 0.0], [0.0, 0.0, 0.0, 1.0]], "cam_ids": [0, 1, 2, 3, 4, 5], "cam_channels": ["CAM_FRONT_LEFT", "CAM_FRONT", "CAM_FRONT_RIGHT", "CAM_BACK_LEFT", "CAM_BACK", "CAM_BACK_RIGHT"], "token": "c86c389be3474e01b4e9ee77949e22aa", "scene": "scene-0416"}, {"images": ["samples/CAM_FRONT_LEFT/n015-2018-09-27-15-33-17+0800__CAM_FRONT_LEFT__1538033974254844.jpg", "samples/CAM_FRONT/n015-2018-09-27-15-33-17+0800__CAM_FRONT__1538033974262460.jpg", "samples/CAM_FRONT_RIGHT/n015-2018-09-27-15-33-17+0800__CAM_FRONT_RIGHT__1538033974270339.jpg", "samples/CAM_BACK_LEFT/n015-2018-09-27-15-33-17+0800__CAM_BACK_LEFT__1538033974297423.jpg", "samples/CAM_BACK/n015-2018-09-27-15-33-17+0800__CAM_BACK__1538033974287525.jpg", "samples/CAM_BACK_RIGHT/n015-2018-09-27-15-33-17+0800__CAM_BACK_RIGHT__1538033974277893.jpg"], "intrinsics": [[[1272.5979470598488, 0.0, 826.6154927353808], [0.0, 1272.5979470598488, 479.75165386361925], [0.0, 0.0, 1.0]], [[1266.417203046554, 0.0, 816.2670197447984], [0.0, 1266.417203046554, 491.50706579294757], [0.0, 0.0, 1.0]], [[1260.8474446004698, 0.0, 807.968244525554], [0.0, 1260.8474446004698, 495.3344268742088], [0.0, 0.0, 1.0]], [[1256.7414812095406, 0.0, 792.1125740759628], [0.0, 1256.7414812095406, 492.7757465151356], [0.0, 0.0, 1.0]], [[809.2209905677063, 0.0, 829.2196003259838], [0.0, 809.2209905677063, 481.77842384512485], [0.0, 0.0, 1.0]], [[1259.5137405846733, 0.0, 807.2529053838625], [0.0, 1259.5137405846733, 501.19579884916527], [0.0, 0.0, 1.0]]], "extrinsics": [[[0.8158882260322571, -0.5764416456222534, 0.04518274962902069, -0.7099227905273438], [0.04782044515013695, -0.010603643953800201, -0.9987996816635132, 1.5231437683105469], [0.5762287974357605, 0.8170695900917053, 0.018914302811026573, -1.103515625], [0.0, 0.0, 0.0, 1.0]], [[-5.801893348689191e-05, -0.9998913407325745, 0.01474375743418932, 0.007080078125], [0.042927518486976624, -0.014732657000422478, -0.9989696145057678, 1.5315284729003906], [0.9990781545639038, 0.0005749593838118017, 0.042923703789711, -1.4371337890625], [0.0, 0.0, 0.0, 1.0]], [[-0.8338831067085266, -0.5503227114677429, -0.042236220091581345, 0.867919921875], [0.04903889447450638, 0.0023487841244786978, -0.9987940788269043, 1.5133514404296875], [0.5497583150863647, -0.8349486589431763, 0.025028608739376068, -1.1383056640625], [0.0, 0.0, 0.0, 1.0]], [[0.9463318586349487, 0.3197755813598633, 0.04689955338835716, -1.140869140625], [0.05899430811405182, -0.028235597535967827, -0.9978588819503784, 1.5886306762695312], [-0.3177666664123535, 0.9470725059509277, -0.045585185289382935, -0.1044921875], [0.0, 0.0, 0.0, 1.0]], [[0.004124740604311228, 0.9998293519020081, -0.018009308725595474, 0.002197265625], [0.033136557787656784, -0.01813622936606407, -0.9992862939834595, 1.5817995071411133], [-0.9994423985481262, 0.0035250065848231316, -0.033205706626176834, -0.071533203125], [0.0, 0.0, 0.0, 1.0]], [[-0.9320059418678284, 0.35711008310317993, -0.06194652244448662, 1.00244140625], [0.06525883078575134, -0.0027795908972620964, -0.9978644847869873, 1.5607833862304688], [-0.3565196990966797, -0.9340581893920898, -0.020713994279503822, -0.114013671875], [0.0, 0.0, 0.0, 1.0]]], "view": [[0.0, -2.0, 100.0], [-2.0, 0.0, 100.0], [0.0, 0.0, 1.0]], "bev": "bev_050af978fc5742f5a064f9077c22eec5.png", "aux": "aux_050af978fc5742f5a064f9077c22eec5.npz", "visibility": "visibility_050af978fc5742f5a064f9077c22eec5.png", "pose": [[0.9910382628440857, 0.1335783451795578, 0.0, 2265.67236328125], [-0.1335783451795578, 0.9910382628440857, 0.0, 2384.501220703125], [0.0, 0.0, 1.0, 0.0], [0.0, 0.0, 0.0, 1.0]], "pose_inverse": [[0.9910382628440857, -0.1335783451795578, 0.0, -1926.8502197265625], [0.1335783451795578, 0.9910382628440857, 0.0, -2665.776611328125], [0.0, 0.0, 1.0, 0.0], [0.0, 0.0, 0.0, 1.0]], "cam_ids": [0, 1, 2, 3, 4, 5], "cam_channels": ["CAM_FRONT_LEFT", "CAM_FRONT", "CAM_FRONT_RIGHT", "CAM_BACK_LEFT", "CAM_BACK", "CAM_BACK_RIGHT"], "token": "050af978fc5742f5a064f9077c22eec5", "scene": "scene-0416"}, {"images": ["samples/CAM_FRONT_LEFT/n015-2018-09-27-15-33-17+0800__CAM_FRONT_LEFT__1538033974654844.jpg", "samples/CAM_FRONT/n015-2018-09-27-15-33-17+0800__CAM_FRONT__1538033974662460.jpg", "samples/CAM_FRONT_RIGHT/n015-2018-09-27-15-33-17+0800__CAM_FRONT_RIGHT__1538033974670339.jpg", "samples/CAM_BACK_LEFT/n015-2018-09-27-15-33-17+0800__CAM_BACK_LEFT__1538033974697442.jpg", "samples/CAM_BACK/n015-2018-09-27-15-33-17+0800__CAM_BACK__1538033974687525.jpg", "samples/CAM_BACK_RIGHT/n015-2018-09-27-15-33-17+0800__CAM_BACK_RIGHT__1538033974677893.jpg"], "intrinsics": [[[1272.5979470598488, 0.0, 826.6154927353808], [0.0, 1272.5979470598488, 479.75165386361925], [0.0, 0.0, 1.0]], [[1266.417203046554, 0.0, 816.2670197447984], [0.0, 1266.417203046554, 491.50706579294757], [0.0, 0.0, 1.0]], [[1260.8474446004698, 0.0, 807.968244525554], [0.0, 1260.8474446004698, 495.3344268742088], [0.0, 0.0, 1.0]], [[1256.7414812095406, 0.0, 792.1125740759628], [0.0, 1256.7414812095406, 492.7757465151356], [0.0, 0.0, 1.0]], [[809.2209905677063, 0.0, 829.2196003259838], [0.0, 809.2209905677063, 481.77842384512485], [0.0, 0.0, 1.0]], [[1259.5137405846733, 0.0, 807.2529053838625], [0.0, 1259.5137405846733, 501.19579884916527], [0.0, 0.0, 1.0]]], "extrinsics": [[[0.8145073652267456, -0.5779364109039307, 0.0506678968667984, -0.70306396484375], [0.05299624055624008, -0.012850332073867321, -0.9985120296478271, 1.5251693725585938], [0.5777276158332825, 0.8159806132316589, 0.020161768421530724, -1.09912109375], [0.0, 0.0, 0.0, 1.0]], [[-0.0017707841470837593, -0.9998579025268555, 0.016763441264629364, 0.0078125], [0.04773467779159546, -0.0168288741260767, -0.99871826171875, 1.5330657958984375], [0.9988584518432617, -0.0009683155221864581, 0.047757696360349655, -1.431396484375], [0.0, 0.0, 0.0, 1.0]], [[-0.8344064950942993, -0.5493137836456299, -0.04494683817028999, 0.864501953125], [0.053516559302806854, 0.000414812850067392, -0.9985668063163757, 1.5144882202148438], [0.5485451817512512, -0.8356161117553711, 0.02905126102268696, -1.13555908203125], [0.0, 0.0, 0.0, 1.0]], [[0.9461660385131836, 0.31983819603919983, 0.0497322753071785, -1.142822265625], [0.062418900430202484, -0.029530813917517662, -0.9976130723953247, 1.5885467529296875], [-0.317606121301651, 0.9470118284225464, -0.047905001789331436, -0.1041259765625], [0.0, 0.0, 0.0, 1.0]], [[0.004681965336203575, 0.9997984170913696, -0.019525999203324318, 0.002197265625], [0.03689059242606163, -0.019685611128807068, -0.9991254210472107, 1.5821075439453125], [-0.9993083477020264, 0.003957546781748533, -0.03697532042860985, -0.07177734375], [0.0, 0.0, 0.0, 1.0]], [[-0.9313924908638, 0.3579031825065613, -0.06643377989530563, 0.9996337890625], [0.06940361112356186, -0.00455681374296546, -0.9975782632827759, 1.56158447265625], [-0.35733917355537415, -0.9337475895881653, -0.020595591515302658, -0.1142578125], [0.0, 0.0, 0.0, 1.0]]], "view": [[0.0, -2.0, 100.0], [-2.0, 0.0, 100.0], [0.0, 0.0, 1.0]], "bev": "bev_5bd27946121446859b30a3e18a4737f9.png", "aux": "aux_5bd27946121446859b30a3e18a4737f9.npz", "visibility": "visibility_5bd27946121446859b30a3e18a4737f9.png", "pose": [[0.9985362887382507, 0.05408623442053795, 0.0, 2268.5478515625], [-0.05408623442053795, 0.9985362887382507, 0.0, 2384.209228515625], [0.0, 0.0, 1.0, 0.0], [0.0, 0.0, 0.0, 1.0]], "pose_inverse": [[0.9985362887382507, -0.05408623442053795, 0.0, -2136.2744140625], [0.05408623442053795, 0.9985362887382507, 0.0, -2503.41650390625], [0.0, 0.0, 1.0, 0.0], [0.0, 0.0, 0.0, 1.0]], "cam_ids": [0, 1, 2, 3, 4, 5], "cam_channels": ["CAM_FRONT_LEFT", "CAM_FRONT", "CAM_FRONT_RIGHT", "CAM_BACK_LEFT", "CAM_BACK", "CAM_BACK_RIGHT"], "token": "5bd27946121446859b30a3e18a4737f9", "scene": "scene-0416"}, {"images": ["samples/CAM_FRONT_LEFT/n015-2018-09-27-15-33-17+0800__CAM_FRONT_LEFT__1538033975154844.jpg", "samples/CAM_FRONT/n015-2018-09-27-15-33-17+0800__CAM_FRONT__1538033975162460.jpg", "samples/CAM_FRONT_RIGHT/n015-2018-09-27-15-33-17+0800__CAM_FRONT_RIGHT__1538033975170350.jpg", "samples/CAM_BACK_LEFT/n015-2018-09-27-15-33-17+0800__CAM_BACK_LEFT__1538033975197423.jpg", "samples/CAM_BACK/n015-2018-09-27-15-33-17+0800__CAM_BACK__1538033975187525.jpg", "samples/CAM_BACK_RIGHT/n015-2018-09-27-15-33-17+0800__CAM_BACK_RIGHT__1538033975177893.jpg"], "intrinsics": [[[1272.5979470598488, 0.0, 826.6154927353808], [0.0, 1272.5979470598488, 479.75165386361925], [0.0, 0.0, 1.0]], [[1266.417203046554, 0.0, 816.2670197447984], [0.0, 1266.417203046554, 491.50706579294757], [0.0, 0.0, 1.0]], [[1260.8474446004698, 0.0, 807.968244525554], [0.0, 1260.8474446004698, 495.3344268742088], [0.0, 0.0, 1.0]], [[1256.7414812095406, 0.0, 792.1125740759628], [0.0, 1256.7414812095406, 492.7757465151356], [0.0, 0.0, 1.0]], [[809.2209905677063, 0.0, 829.2196003259838], [0.0, 809.2209905677063, 481.77842384512485], [0.0, 0.0, 1.0]], [[1259.5137405846733, 0.0, 807.2529053838625], [0.0, 1259.5137405846733, 501.19579884916527], [0.0, 0.0, 1.0]]], "extrinsics": [[[0.8135115504264832, -0.579048216342926, 0.05387080833315849, -0.6949462890625], [0.06308186054229736, -0.004222800023853779, -0.997999370098114, 1.529022216796875], [0.5781172513961792, 0.81528240442276, 0.03309214860200882, -1.093505859375], [0.0, 0.0, 0.0, 1.0]], [[-0.0025214902125298977, -0.9999668002128601, 0.007749548647552729, 0.007568359375], [0.05773192644119263, -0.007882214151322842, -0.9983010292053223, 1.5361480712890625], [0.9983289241790771, -0.0020698043517768383, 0.057749878615140915, -1.4228515625], [0.0, 0.0, 0.0, 1.0]], [[-0.8341323137283325, -0.5484705567359924, -0.058337777853012085, 0.859375], [0.06344246119260788, 0.00965980626642704, -0.9979386925697327, 1.5168609619140625], [0.5479036569595337, -0.8361140489578247, 0.026738768443465233, -1.132080078125], [0.0, 0.0, 0.0, 1.0]], [[0.9456696510314941, 0.3191138803958893, 0.06225046142935753, -1.1396484375], [0.07219160348176956, -0.019407276064157486, -0.9972019195556641, 1.5887832641601562], [-0.31701281666755676, 0.9475176334381104, -0.04139021411538124, -0.1051025390625], [0.0, 0.0, 0.0, 1.0]], [[0.005058589857071638, 0.9999411702156067, -0.009603416547179222, 0.002197265625], [0.04669762775301933, -0.009829279035329819, -0.9988607168197632, 1.583038330078125], [-0.9988963007926941, 0.004604370333254337, -0.04674459993839264, -0.076416015625], [0.0, 0.0, 0.0, 1.0]], [[-0.9305988550186157, 0.3588466942310333, -0.0722130760550499, 0.9952392578125], [0.07925760000944138, 0.004938086494803429, -0.9968419671058655, 1.56341552734375], [-0.35735681653022766, -0.9333834648132324, -0.03303670510649681, -0.115966796875], [0.0, 0.0, 0.0, 1.0]]], "view": [[0.0, -2.0, 100.0], [-2.0, 0.0, 100.0], [0.0, 0.0, 1.0]], "bev": "bev_b366e9d84fec4e1a9050be6a10660d81.png", "aux": "aux_b366e9d84fec4e1a9050be6a10660d81.npz", "visibility": "visibility_b366e9d84fec4e1a9050be6a10660d81.png", "pose": [[0.9986588954925537, -0.051772646605968475, 0.0, 2272.31005859375], [0.051772646605968475, 0.9986588954925537, 0.0, 2384.17431640625], [0.0, 0.0, 1.0, 0.0], [0.0, 0.0, 0.0, 1.0]], "pose_inverse": [[0.9986588954925537, 0.051772646605968475, 0.0, -2392.69775390625], [-0.051772646605968475, 0.9986588954925537, 0.0, -2263.33349609375], [0.0, 0.0, 1.0, 0.0], [0.0, 0.0, 0.0, 1.0]], "cam_ids": [0, 1, 2, 3, 4, 5], "cam_channels": ["CAM_FRONT_LEFT", "CAM_FRONT", "CAM_FRONT_RIGHT", "CAM_BACK_LEFT", "CAM_BACK", "CAM_BACK_RIGHT"], "token": "b366e9d84fec4e1a9050be6a10660d81", "scene": "scene-0416"}, {"images": ["samples/CAM_FRONT_LEFT/n015-2018-09-27-15-33-17+0800__CAM_FRONT_LEFT__1538033975654844.jpg", "samples/CAM_FRONT/n015-2018-09-27-15-33-17+0800__CAM_FRONT__1538033975662460.jpg", "samples/CAM_FRONT_RIGHT/n015-2018-09-27-15-33-17+0800__CAM_FRONT_RIGHT__1538033975670339.jpg", "samples/CAM_BACK_LEFT/n015-2018-09-27-15-33-17+0800__CAM_BACK_LEFT__1538033975697423.jpg", "samples/CAM_BACK/n015-2018-09-27-15-33-17+0800__CAM_BACK__1538033975687525.jpg", "samples/CAM_BACK_RIGHT/n015-2018-09-27-15-33-17+0800__CAM_BACK_RIGHT__1538033975677893.jpg"], "intrinsics": [[[1272.5979470598488, 0.0, 826.6154927353808], [0.0, 1272.5979470598488, 479.75165386361925], [0.0, 0.0, 1.0]], [[1266.417203046554, 0.0, 816.2670197447984], [0.0, 1266.417203046554, 491.50706579294757], [0.0, 0.0, 1.0]], [[1260.8474446004698, 0.0, 807.968244525554], [0.0, 1260.8474446004698, 495.3344268742088], [0.0, 0.0, 1.0]], [[1256.7414812095406, 0.0, 792.1125740759628], [0.0, 1256.7414812095406, 492.7757465151356], [0.0, 0.0, 1.0]], [[809.2209905677063, 0.0, 829.2196003259838], [0.0, 809.2209905677063, 481.77842384512485], [0.0, 0.0, 1.0]], [[1259.5137405846733, 0.0, 807.2529053838625], [0.0, 1259.5137405846733, 501.19579884916527], [0.0, 0.0, 1.0]]], "extrinsics": [[[0.8139345049858093, -0.5775490403175354, 0.062830850481987, -0.6922607421875], [0.08049903064966202, 0.005012182984501123, -0.9967420697212219, 1.5348663330078125], [0.5753524303436279, 0.8163406252861023, 0.05057172477245331, -1.094482421875], [0.0, 0.0, 0.0, 1.0]], [[-0.0006398846744559705, -0.9999985694885254, -0.0015315235359594226, 0.009521484375], [0.07465066015720367, 0.0014794847229495645, -0.9972086548805237, 1.540863037109375], [0.9972094297409058, -0.0007524177781306207, 0.0746496170759201, -1.420654296875], [0.0, 0.0, 0.0, 1.0]], [[-0.8322798013687134, -0.5489606857299805, -0.07715203613042831, 0.85791015625], [0.07975061982870102, 0.01915849931538105, -0.9966307282447815, 1.5204620361328125], [0.548589289188385, -0.8356284499168396, 0.027834730222821236, -1.12933349609375], [0.0, 0.0, 0.0, 1.0]], [[0.9447585344314575, 0.3181779682636261, 0.07870099693536758, -1.140380859375], [0.0862119197845459, -0.00957044493407011, -0.9962308406829834, 1.5887451171875], [-0.31622549891471863, 0.9479826092720032, -0.03647249564528465, -0.1048583984375], [0.0, 0.0, 0.0, 1.0]], [[0.004827242810279131, 0.999988317489624, 0.0001645805750740692, 0.001708984375], [0.06167369708418846, -0.00013344921171665192, -0.9980964064598083, 1.584228515625], [-0.9980846643447876, 0.004828214179724455, -0.06167362630367279, -0.07666015625], [0.0, 0.0, 0.0, 1.0]], [[-0.9296752214431763, 0.35880228877067566, -0.08345608413219452, 0.9927978515625], [0.09496665745973587, 0.01454317569732666, -0.9953742027282715, 1.565948486328125], [-0.35592883825302124, -0.933300256729126, -0.04759468883275986, -0.115966796875], [0.0, 0.0, 0.0, 1.0]]], "view": [[0.0, -2.0, 100.0], [-2.0, 0.0, 100.0], [0.0, 0.0, 1.0]], "bev": "bev_11c861c69a6748079068076a996e356d.png", "aux": "aux_11c861c69a6748079068076a996e356d.npz", "visibility": "visibility_11c861c69a6748079068076a996e356d.png", "pose": [[0.9898712635040283, -0.14196772873401642, 0.0, 2276.0947265625], [0.14196772873401642, 0.9898712635040283, 0.0, 2384.51416015625], [0.0, 0.0, 1.0, 0.0], [0.0, 0.0, 0.0, 1.0]], "pose_inverse": [[0.9898712635040283, 0.14196772873401642, 0.0, -2591.56494140625], [-0.14196772873401642, 0.9898712635040283, 0.0, -2037.2301025390625], [0.0, 0.0, 1.0, 0.0], [0.0, 0.0, 0.0, 1.0]], "cam_ids": [0, 1, 2, 3, 4, 5], "cam_channels": ["CAM_FRONT_LEFT", "CAM_FRONT", "CAM_FRONT_RIGHT", "CAM_BACK_LEFT", "CAM_BACK", "CAM_BACK_RIGHT"], "token": "11c861c69a6748079068076a996e356d", "scene": "scene-0416"}, {"images": ["samples/CAM_FRONT_LEFT/n015-2018-09-27-15-33-17+0800__CAM_FRONT_LEFT__1538033976154844.jpg", "samples/CAM_FRONT/n015-2018-09-27-15-33-17+0800__CAM_FRONT__1538033976162460.jpg", "samples/CAM_FRONT_RIGHT/n015-2018-09-27-15-33-17+0800__CAM_FRONT_RIGHT__1538033976170339.jpg", "samples/CAM_BACK_LEFT/n015-2018-09-27-15-33-17+0800__CAM_BACK_LEFT__1538033976197423.jpg", "samples/CAM_BACK/n015-2018-09-27-15-33-17+0800__CAM_BACK__1538033976187525.jpg", "samples/CAM_BACK_RIGHT/n015-2018-09-27-15-33-17+0800__CAM_BACK_RIGHT__1538033976177893.jpg"], "intrinsics": [[[1272.5979470598488, 0.0, 826.6154927353808], [0.0, 1272.5979470598488, 479.75165386361925], [0.0, 0.0, 1.0]], [[1266.417203046554, 0.0, 816.2670197447984], [0.0, 1266.417203046554, 491.50706579294757], [0.0, 0.0, 1.0]], [[1260.8474446004698, 0.0, 807.968244525554], [0.0, 1260.8474446004698, 495.3344268742088], [0.0, 0.0, 1.0]], [[1256.7414812095406, 0.0, 792.1125740759628], [0.0, 1256.7414812095406, 492.7757465151356], [0.0, 0.0, 1.0]], [[809.2209905677063, 0.0, 829.2196003259838], [0.0, 809.2209905677063, 481.77842384512485], [0.0, 0.0, 1.0]], [[1259.5137405846733, 0.0, 807.2529053838625], [0.0, 1259.5137405846733, 501.19579884916527], [0.0, 0.0, 1.0]]], "extrinsics": [[[0.8186535239219666, -0.5722129344940186, 0.04877271130681038, -0.6904296875], [0.05701112747192383, -0.0035314089618623257, -0.9983673095703125, 1.5271759033203125], [0.5714508891105652, 0.8200974464416504, 0.02973150461912155, -1.093994140625], [0.0, 0.0, 0.0, 1.0]], [[0.00422297790646553, -0.9999581575393677, 0.008110088296234608, 0.009765625], [0.05211704969406128, -0.007879054173827171, -0.9986099004745483, 1.5348434448242188], [0.99863201379776, 0.004639783408492804, 0.05208159610629082, -1.418701171875], [0.0, 0.0, 0.0, 1.0]], [[-0.8316961526870728, -0.5526480674743652, -0.05349446088075638, 0.85595703125], [0.05818874388933182, 0.009058690629899502, -0.9982644319534302, 1.5160675048828125], [0.5521734952926636, -0.8333654999732971, 0.024623820558190346, -1.1287002563476562], [0.0, 0.0, 0.0, 1.0]], [[0.9459530711174011, 0.3190753161907196, 0.05799732357263565, -1.136962890625], [0.06854452937841415, -0.021916309371590614, -0.9974073171615601, 1.588958740234375], [-0.31697696447372437, 0.9474759101867676, -0.042602669447660446, -0.10552978515625], [0.0, 0.0, 0.0, 1.0]], [[0.0033934616949409246, 0.9999269247055054, -0.011604669503867626, 0.002197265625], [0.042510196566581726, -0.011738493107259274, -0.9990270733833313, 1.582855224609375], [-0.9990902543067932, 0.0028968313708901405, -0.042546920478343964, -0.079833984375], [0.0, 0.0, 0.0, 1.0]], [[-0.9321447610855103, 0.3555927574634552, -0.06826265901327133, 0.990234375], [0.07448328286409378, 0.0038152101915329695, -0.9972149729728699, 1.56304931640625], [-0.354341983795166, -0.9346332550048828, -0.030042050406336784, -0.117431640625], [0.0, 0.0, 0.0, 1.0]]], "view": [[0.0, -2.0, 100.0], [-2.0, 0.0, 100.0], [0.0, 0.0, 1.0]], "bev": "bev_3d5b1b9c6940433fbd1975523051679a.png", "aux": "aux_3d5b1b9c6940433fbd1975523051679a.npz", "visibility": "visibility_3d5b1b9c6940433fbd1975523051679a.png", "pose": [[0.9822404384613037, -0.1876264363527298, 0.0, 2279.8837890625], [0.1876264363527298, 0.9822404384613037, 0.0, 2385.1220703125], [0.0, 0.0, 1.0, 0.0], [0.0, 0.0, 0.0, 1.0]], "pose_inverse": [[0.9822404384613037, 0.1876264363527298, 0.0, -2686.906005859375], [-0.1876264363527298, 0.9822404384613037, 0.0, -1914.9969482421875], [0.0, 0.0, 1.0, 0.0], [0.0, 0.0, 0.0, 1.0]], "cam_ids": [0, 1, 2, 3, 4, 5], "cam_channels": ["CAM_FRONT_LEFT", "CAM_FRONT", "CAM_FRONT_RIGHT", "CAM_BACK_LEFT", "CAM_BACK", "CAM_BACK_RIGHT"], "token": "3d5b1b9c6940433fbd1975523051679a", "scene": "scene-0416"}, {"images": ["samples/CAM_FRONT_LEFT/n015-2018-09-27-15-33-17+0800__CAM_FRONT_LEFT__1538033976654844.jpg", "samples/CAM_FRONT/n015-2018-09-27-15-33-17+0800__CAM_FRONT__1538033976662460.jpg", "samples/CAM_FRONT_RIGHT/n015-2018-09-27-15-33-17+0800__CAM_FRONT_RIGHT__1538033976670339.jpg", "samples/CAM_BACK_LEFT/n015-2018-09-27-15-33-17+0800__CAM_BACK_LEFT__1538033976697423.jpg", "samples/CAM_BACK/n015-2018-09-27-15-33-17+0800__CAM_BACK__1538033976687525.jpg", "samples/CAM_BACK_RIGHT/n015-2018-09-27-15-33-17+0800__CAM_BACK_RIGHT__1538033976677893.jpg"], "intrinsics": [[[1272.5979470598488, 0.0, 826.6154927353808], [0.0, 1272.5979470598488, 479.75165386361925], [0.0, 0.0, 1.0]], [[1266.417203046554, 0.0, 816.2670197447984], [0.0, 1266.417203046554, 491.50706579294757], [0.0, 0.0, 1.0]], [[1260.8474446004698, 0.0, 807.968244525554], [0.0, 1260.8474446004698, 495.3344268742088], [0.0, 0.0, 1.0]], [[1256.7414812095406, 0.0, 792.1125740759628], [0.0, 1256.7414812095406, 492.7757465151356], [0.0, 0.0, 1.0]], [[809.2209905677063, 0.0, 829.2196003259838], [0.0, 809.2209905677063, 481.77842384512485], [0.0, 0.0, 1.0]], [[1259.5137405846733, 0.0, 807.2529053838625], [0.0, 1259.5137405846733, 501.19579884916527], [0.0, 0.0, 1.0]]], "extrinsics": [[[0.8185355067253113, -0.5719193816184998, 0.0539252869784832, -0.688232421875], [0.06414023041725159, -0.002295861253514886, -0.9979382157325745, 1.5297698974609375], [0.5708640217781067, 0.8203067183494568, 0.03480379283428192, -1.091796875], [0.0, 0.0, 0.0, 1.0]], [[0.004599601496011019, -0.9999676942825317, 0.006587873678654432, 0.009521484375], [0.05908537283539772, -0.006304668728262186, -0.9982330799102783, 1.5368804931640625], [0.9982423782348633, 0.004980708938091993, 0.059054452925920486, -1.4169921875], [0.0, 0.0, 0.0, 1.0]], [[-0.8310772180557251, -0.5528905391693115, -0.060189537703990936, 0.855712890625], [0.0650145560503006, 0.010899998247623444, -0.9978247284889221, 1.517578125], [0.552344024181366, -0.8331825137138367, 0.0268871933221817, -1.1276016235351562], [0.0, 0.0, 0.0, 1.0]], [[0.9455667734146118, 0.31891876459121704, 0.06476372480392456, -1.137451171875], [0.07493700087070465, -0.01971958577632904, -0.9969932436943054, 1.5889434814453125], [-0.31668275594711304, 0.9475769400596619, -0.042545001953840256, -0.1053466796875], [0.0, 0.0, 0.0, 1.0]], [[0.003297029063105583, 0.9999502301216125, -0.009425029158592224, 0.0018310546875], [0.04909331724047661, -0.009575570933520794, -0.9987483024597168, 1.5833740234375], [-0.9987887740135193, 0.0028301675338298082, -0.04912243410944939, -0.07958984375], [0.0, 0.0, 0.0, 1.0]], [[-0.9317914843559265, 0.35540467500686646, -0.07383902370929718, 0.9903564453125], [0.08120507746934891, 0.005830806214362383, -0.9966803789138794, 1.5640716552734375], [-0.3537943363189697, -0.9346943497657776, -0.0342937596142292, -0.11669921875], [0.0, 0.0, 0.0, 1.0]]], "view": [[0.0, -2.0, 100.0], [-2.0, 0.0, 100.0], [0.0, 0.0, 1.0]], "bev": "bev_69c98af58cf34895ac8131b38818302b.png", "aux": "aux_69c98af58cf34895ac8131b38818302b.npz", "visibility": "visibility_69c98af58cf34895ac8131b38818302b.png", "pose": [[0.9803797006607056, -0.19711846113204956, 0.0, 2283.694091796875], [0.19711846113204956, 0.9803797006607056, 0.0, 2385.82177734375], [0.0, 0.0, 1.0, 0.0], [0.0, 0.0, 0.0, 1.0]], "pose_inverse": [[0.9803797006607056, 0.19711846113204956, 0.0, -2709.1767578125], [-0.19711846113204956, 0.9803797006607056, 0.0, -1888.8529052734375], [0.0, 0.0, 1.0, 0.0], [0.0, 0.0, 0.0, 1.0]], "cam_ids": [0, 1, 2, 3, 4, 5], "cam_channels": ["CAM_FRONT_LEFT", "CAM_FRONT", "CAM_FRONT_RIGHT", "CAM_BACK_LEFT", "CAM_BACK", "CAM_BACK_RIGHT"], "token": "69c98af58cf34895ac8131b38818302b", "scene": "scene-0416"}, {"images": ["samples/CAM_FRONT_LEFT/n015-2018-09-27-15-33-17+0800__CAM_FRONT_LEFT__1538033977154844.jpg", "samples/CAM_FRONT/n015-2018-09-27-15-33-17+0800__CAM_FRONT__1538033977162460.jpg", "samples/CAM_FRONT_RIGHT/n015-2018-09-27-15-33-17+0800__CAM_FRONT_RIGHT__1538033977170339.jpg", "samples/CAM_BACK_LEFT/n015-2018-09-27-15-33-17+0800__CAM_BACK_LEFT__1538033977197423.jpg", "samples/CAM_BACK/n015-2018-09-27-15-33-17+0800__CAM_BACK__1538033977187525.jpg", "samples/CAM_BACK_RIGHT/n015-2018-09-27-15-33-17+0800__CAM_BACK_RIGHT__1538033977177893.jpg"], "intrinsics": [[[1272.5979470598488, 0.0, 826.6154927353808], [0.0, 1272.5979470598488, 479.75165386361925], [0.0, 0.0, 1.0]], [[1266.417203046554, 0.0, 816.2670197447984], [0.0, 1266.417203046554, 491.50706579294757], [0.0, 0.0, 1.0]], [[1260.8474446004698, 0.0, 807.968244525554], [0.0, 1260.8474446004698, 495.3344268742088], [0.0, 0.0, 1.0]], [[1256.7414812095406, 0.0, 792.1125740759628], [0.0, 1256.7414812095406, 492.7757465151356], [0.0, 0.0, 1.0]], [[809.2209905677063, 0.0, 829.2196003259838], [0.0, 809.2209905677063, 481.77842384512485], [0.0, 0.0, 1.0]], [[1259.5137405846733, 0.0, 807.2529053838625], [0.0, 1259.5137405846733, 501.19579884916527], [0.0, 0.0, 1.0]]], "extrinsics": [[[0.8178640604019165, -0.5722782611846924, 0.05996634438633919, -0.6878662109375], [0.07129359245300293, -0.002629989292472601, -0.997451901435852, 1.5322113037109375], [0.5709778070449829, 0.8200552463531494, 0.03864879533648491, -1.092041015625], [0.0, 0.0, 0.0, 1.0]], [[0.004166082479059696, -0.9999649524688721, 0.007259326055645943, 0.0098876953125], [0.06579149514436722, -0.006969572976231575, -0.9978090524673462, 1.5386962890625], [0.9978247284889221, 0.004634534940123558, 0.06576015800237656, -1.417236328125], [0.0, 0.0, 0.0, 1.0]], [[-0.83086097240448, -0.5526927709579468, -0.06481298804283142, 0.856201171875], [0.07120119780302048, 0.009927746839821339, -0.9974125623703003, 1.5188140869140625], [0.551906168460846, -0.8333259224891663, 0.031103814020752907, -1.1283283233642578], [0.0, 0.0, 0.0, 1.0]], [[0.9450752139091492, 0.31964150071144104, 0.06828030943870544, -1.144287109375], [0.07925965636968613, -0.02145090140402317, -0.996623158454895, 1.5883941650390625], [-0.3170974552631378, 0.9472957253456116, -0.04560738429427147, -0.1043701171875], [0.0, 0.0, 0.0, 1.0]], [[0.003108419245108962, 0.9999353885650635, -0.01093574333935976, 0.001220703125], [0.054036401212215424, -0.011087777093052864, -0.9984773993492126, 1.5835418701171875], [-0.998534083366394, 0.002512746024876833, -0.05406736955046654, -0.07470703125], [0.0, 0.0, 0.0, 1.0]], [[-0.9313049912452698, 0.3554512560367584, -0.07953294366598129, 0.9921875], [0.0868341475725174, 0.004606499802321196, -0.9962121844291687, 1.564788818359375], [-0.3537384867668152, -0.9346835017204285, -0.035155363380908966, -0.115966796875], [0.0, 0.0, 0.0, 1.0]]], "view": [[0.0, -2.0, 100.0], [-2.0, 0.0, 100.0], [0.0, 0.0, 1.0]], "bev": "bev_8ff9d384ee9d44c0a8d540c484096032.png", "aux": "aux_8ff9d384ee9d44c0a8d540c484096032.npz", "visibility": "visibility_8ff9d384ee9d44c0a8d540c484096032.png", "pose": [[0.9744330048561096, -0.22467827796936035, 0.0, 2287.527587890625], [0.22467827796936035, 0.9744330048561096, 0.0, 2386.61181640625], [0.0, 0.0, 1.0, 0.0], [0.0, 0.0, 0.0, 1.0]], "pose_inverse": [[0.9744330048561096, 0.22467827796936035, 0.0, -2765.26220703125], [-0.22467827796936035, 0.9744330048561096, 0.0, -1811.635498046875], [0.0, 0.0, 1.0, 0.0], [0.0, 0.0, 0.0, 1.0]], "cam_ids": [0, 1, 2, 3, 4, 5], "cam_channels": ["CAM_FRONT_LEFT", "CAM_FRONT", "CAM_FRONT_RIGHT", "CAM_BACK_LEFT", "CAM_BACK", "CAM_BACK_RIGHT"], "token": "8ff9d384ee9d44c0a8d540c484096032", "scene": "scene-0416"}, {"images": ["samples/CAM_FRONT_LEFT/n015-2018-09-27-15-33-17+0800__CAM_FRONT_LEFT__1538033977654844.jpg", "samples/CAM_FRONT/n015-2018-09-27-15-33-17+0800__CAM_FRONT__1538033977662460.jpg", "samples/CAM_FRONT_RIGHT/n015-2018-09-27-15-33-17+0800__CAM_FRONT_RIGHT__1538033977670339.jpg", "samples/CAM_BACK_LEFT/n015-2018-09-27-15-33-17+0800__CAM_BACK_LEFT__1538033977697423.jpg", "samples/CAM_BACK/n015-2018-09-27-15-33-17+0800__CAM_BACK__1538033977687525.jpg", "samples/CAM_BACK_RIGHT/n015-2018-09-27-15-33-17+0800__CAM_BACK_RIGHT__1538033977677893.jpg"], "intrinsics": [[[1272.5979470598488, 0.0, 826.6154927353808], [0.0, 1272.5979470598488, 479.75165386361925], [0.0, 0.0, 1.0]], [[1266.417203046554, 0.0, 816.2670197447984], [0.0, 1266.417203046554, 491.50706579294757], [0.0, 0.0, 1.0]], [[1260.8474446004698, 0.0, 807.968244525554], [0.0, 1260.8474446004698, 495.3344268742088], [0.0, 0.0, 1.0]], [[1256.7414812095406, 0.0, 792.1125740759628], [0.0, 1256.7414812095406, 492.7757465151356], [0.0, 0.0, 1.0]], [[809.2209905677063, 0.0, 829.2196003259838], [0.0, 809.2209905677063, 481.77842384512485], [0.0, 0.0, 1.0]], [[1259.5137405846733, 0.0, 807.2529053838625], [0.0, 1259.5137405846733, 501.19579884916527], [0.0, 0.0, 1.0]]], "extrinsics": [[[0.8170352578163147, -0.572055459022522, 0.07215242087841034, -0.68310546875], [0.08831435441970825, 0.0004989831941202283, -0.9960924983024597, 1.538543701171875], [0.5697841644287109, 0.8202148079872131, 0.05092838406562805, -1.08740234375], [0.0, 0.0, 0.0, 1.0]], [[0.004548010881990194, -0.999982476234436, 0.0037747500464320183, 0.0091552734375], [0.0825631320476532, -0.003386403899639845, -0.9965801239013672, 1.5437774658203125], [0.9965754747390747, 0.0048440746031701565, 0.08254628628492355, -1.411865234375], [0.0, 0.0, 0.0, 1.0]], [[-0.8294250965118408, -0.5527512431144714, -0.08074743300676346, 0.8525390625], [0.08761824667453766, 0.01403189916163683, -0.9960552453994751, 1.522674560546875], [0.5517038106918335, -0.8332281708717346, 0.036792680621147156, -1.1269187927246094], [0.0, 0.0, 0.0, 1.0]], [[0.9442393183708191, 0.31829819083213806, 0.08425240218639374, -1.142822265625], [0.0940583348274231, -0.015535404905676842, -0.9954454302787781, 1.58843994140625], [-0.3155395984649658, 0.9478633999824524, -0.0446077324450016, -0.103271484375], [0.0, 0.0, 0.0, 1.0]], [[0.003588408464565873, 0.9999780058860779, -0.005591004155576229, 0.0025634765625], [0.06958534568548203, -0.005827184766530991, -0.9975590109825134, 1.584869384765625], [-0.9975695610046387, 0.0031905837822705507, -0.06960471719503403, -0.076904296875], [0.0, 0.0, 0.0, 1.0]], [[-0.929997444152832, 0.35563984513282776, -0.09287112951278687, 0.98