[{"images": ["samples/CAM_FRONT_LEFT/n008-2018-08-28-13-40-50-0400__CAM_FRONT_LEFT__1535478530354799.jpg", "samples/CAM_FRONT/n008-2018-08-28-13-40-50-0400__CAM_FRONT__1535478530362404.jpg", "samples/CAM_FRONT_RIGHT/n008-2018-08-28-13-40-50-0400__CAM_FRONT_RIGHT__1535478530370482.jpg", "samples/CAM_BACK_LEFT/n008-2018-08-28-13-40-50-0400__CAM_BACK_LEFT__1535478530397405.jpg", "samples/CAM_BACK/n008-2018-08-28-13-40-50-0400__CAM_BACK__1535478530387558.jpg", "samples/CAM_BACK_RIGHT/n008-2018-08-28-13-40-50-0400__CAM_BACK_RIGHT__1535478530378113.jpg"], "intrinsics": [[[1257.8625342125129, 0.0, 827.2410631095686], [0.0, 1257.8625342125129, 450.915498205774], [0.0, 0.0, 1.0]], [[1252.8131021185304, 0.0, 826.588114781398], [0.0, 1252.8131021185304, 469.9846626224581], [0.0, 0.0, 1.0]], [[1256.7485116440405, 0.0, 817.7887570959712], [0.0, 1256.7485116440403, 451.9541780095127], [0.0, 0.0, 1.0]], [[1254.9860565800168, 0.0, 829.5769333630991], [0.0, 1254.9860565800168, 467.1680561863987], [0.0, 0.0, 1.0]], [[796.8910634503094, 0.0, 857.7774326863696], [0.0, 796.8910634503094, 476.8848988407415], [0.0, 0.0, 1.0]], [[1249.9629280788233, 0.0, 825.3768045375984], [0.0, 1249.9629280788233, 462.54816385708756], [0.0, 0.0, 1.0]]], "extrinsics": [[[0.822813093662262, -0.5682364106178284, -0.009269016794860363, -0.85986328125], [0.006502605974674225, 0.02572201006114483, -0.9996479749679565, 1.4894065856933594], [0.5682748556137085, 0.8224632143974304, 0.02485942281782627, -1.234619140625], [0.0, 0.0, 0.0, 1.0]], [[0.010651386342942715, -0.9997109174728394, -0.021557657048106194, 0.008026123046875], [0.00843315664678812, 0.021647922694683075, -0.999730110168457, 1.4813556671142578], [0.9999076724052429, 0.010466662235558033, 0.008661298081278801, -1.5908203125], [0.0, 0.0, 0.0, 1.0]], [[-0.8438150882720947, -0.5362290740013123, -0.0208436306566, 0.99853515625], [0.01642749086022377, 0.013011767528951168, -0.9997803568840027, 1.4948654174804688], [0.5363826155662537, -0.8439722061157227, -0.0021706277038902044, -1.2178955078125], [0.0, 0.0, 0.0, 1.0]], [[0.9478742480278015, 0.3186441957950592, 0.0005319890915416181, -1.1470947265625], [-0.008966454304754734, 0.02834140695631504, -0.9995580911636353, 1.5620784759521484], [-0.3185184895992279, 0.947450578212738, 0.029721198603510857, -0.1549072265625], [0.0, 0.0, 0.0, 1.0]], [[0.0090938126668334, 0.9997442960739136, 0.020701181143522263, -0.02874755859375], [-0.006807910744100809, 0.0207634549587965, -0.9997612237930298, 1.5677967071533203], [-0.999935507774353, 0.008950713090598583, 0.006994990166276693, 0.006103515625], [0.0, 0.0, 0.0, 1.0]], [[-0.9238224625587463, 0.38281744718551636, 0.001665641786530614, 1.088623046875], [-0.0026328363455832005, -0.0020026275888085365, -0.9999945163726807, 1.5476078987121582], [-0.3828119933605194, -0.9238218069076538, 0.002857969142496586, -0.07293701171875], [0.0, 0.0, 0.0, 1.0]]], "view": [[0.0, -2.0, 100.0], [-2.0, 0.0, 100.0], [0.0, 0.0, 1.0]], "bev": "bev_aae1d657067d49a394da3e2740337962.png", "aux": "aux_aae1d657067d49a394da3e2740337962.npz", "visibility": "visibility_aae1d657067d49a394da3e2740337962.png", "pose": [[0.6017270684242249, -0.7987017631530762, 0.0, 1153.75244140625], [0.7987017631530762, 0.6017270684242249, 0.0, 1741.1829833984375], [0.0, 0.0, 1.0, 0.0], [0.0, 0.0, 0.0, 1.0]], "pose_inverse": [[0.6017270684242249, 0.7987017631530762, 0.0, -2084.929931640625], [-0.7987017631530762, 0.6017270684242249, 0.0, -126.21279907226562], [0.0, 0.0, 1.0, 0.0], [0.0, 0.0, 0.0, 1.0]], "cam_ids": [0, 1, 2, 3, 4, 5], "cam_channels": ["CAM_FRONT_LEFT", "CAM_FRONT", "CAM_FRONT_RIGHT", "CAM_BACK_LEFT", "CAM_BACK", "CAM_BACK_RIGHT"], "token": "aae1d657067d49a394da3e2740337962", "scene": "scene-0501"}, {"images": ["samples/CAM_FRONT_LEFT/n008-2018-08-28-13-40-50-0400__CAM_FRONT_LEFT__1535478530854897.jpg", "samples/CAM_FRONT/n008-2018-08-28-13-40-50-0400__CAM_FRONT__1535478530862404.jpg", "samples/CAM_FRONT_RIGHT/n008-2018-08-28-13-40-50-0400__CAM_FRONT_RIGHT__1535478530870482.jpg", "samples/CAM_BACK_LEFT/n008-2018-08-28-13-40-50-0400__CAM_BACK_LEFT__1535478530897405.jpg", "samples/CAM_BACK/n008-2018-08-28-13-40-50-0400__CAM_BACK__1535478530887558.jpg", "samples/CAM_BACK_RIGHT/n008-2018-08-28-13-40-50-0400__CAM_BACK_RIGHT__1535478530878113.jpg"], "intrinsics": [[[1257.8625342125129, 0.0, 827.2410631095686], [0.0, 1257.8625342125129, 450.915498205774], [0.0, 0.0, 1.0]], [[1252.8131021185304, 0.0, 826.588114781398], [0.0, 1252.8131021185304, 469.9846626224581], [0.0, 0.0, 1.0]], [[1256.7485116440405, 0.0, 817.7887570959712], [0.0, 1256.7485116440403, 451.9541780095127], [0.0, 0.0, 1.0]], [[1254.9860565800168, 0.0, 829.5769333630991], [0.0, 1254.9860565800168, 467.1680561863987], [0.0, 0.0, 1.0]], [[796.8910634503094, 0.0, 857.7774326863696], [0.0, 796.8910634503094, 476.8848988407415], [0.0, 0.0, 1.0]], [[1249.9629280788233, 0.0, 825.3768045375984], [0.0, 1249.9629280788233, 462.54816385708756], [0.0, 0.0, 1.0]]], "extrinsics": [[[0.8227758407592773, -0.5682715177536011, -0.01036035269498825, -0.843505859375], [0.0045021902769804, 0.024744102731347084, -0.999683678150177, 1.4891471862792969], [0.5683481097221375, 0.8224689364433289, 0.02291731722652912, -1.223388671875], [0.0, 0.0, 0.0, 1.0]], [[0.010592972859740257, -0.9997316002845764, -0.02059825323522091, 0.00806427001953125], [0.0064530763775110245, 0.02066732384264469, -0.9997655749320984, 1.481191635131836], [0.9999229907989502, 0.010457548312842846, 0.006670272909104824, -1.57275390625], [0.0, 0.0, 0.0, 1.0]], [[-0.8438553214073181, -0.5362467765808105, -0.01864279992878437, 0.9847412109375], [0.014451325871050358, 0.012018118984997272, -0.9998233318328857, 1.4948806762695312], [0.5363761186599731, -0.8439756631851196, -0.0023920757230371237, -1.2093505859375], [0.0, 0.0, 0.0, 1.0]], [[0.9478659629821777, 0.3186635375022888, -0.001890050363726914, -1.1407470703125], [-0.011159366928040981, 0.027264967560768127, -0.9995659589767456, 1.5620059967041016], [-0.31847384572029114, 0.9474756121635437, 0.029399622231721878, -0.1572265625], [0.0, 0.0, 0.0, 1.0]], [[0.009125007316470146, 0.999765157699585, 0.019654126837849617, -0.0287322998046875], [-0.008935952559113503, 0.019735686480998993, -0.9997652769088745, 1.5676259994506836], [-0.9999184012413025, 0.00894724391400814, 0.009113944135606289, -0.003662109375], [0.0, 0.0, 0.0, 1.0]], [[-0.9238195419311523, 0.3828151524066925, 0.0031457177828997374, 1.076171875], [-0.0046533457934856415, -0.003012375207617879, -0.999984622001648, 1.547389030456543], [-0.38279974460601807, -0.9238200187683105, 0.004564262460917234, -0.078125], [0.0, 0.0, 0.0, 1.0]]], "view": [[0.0, -2.0, 100.0], [-2.0, 0.0, 100.0], [0.0, 0.0, 1.0]], "bev": "bev_941a37371d9f4f6da73c3bfcbc078211.png", "aux": "aux_941a37371d9f4f6da73c3bfcbc078211.npz", "visibility": "visibility_941a37371d9f4f6da73c3bfcbc078211.png", "pose": [[0.6074800491333008, -0.794334888458252, 0.0, 1155.10693359375], [0.794334888458252, 0.6074800491333008, 0.0, 1742.9393310546875], [0.0, 0.0, 1.0, 0.0], [0.0, 0.0, 0.0, 1.0]], "pose_inverse": [[0.6074800491333008, 0.794334888458252, 0.0, -2086.18212890625], [-0.794334888458252, 0.6074800491333008, 0.0, -141.25914001464844], [0.0, 0.0, 1.0, 0.0], [0.0, 0.0, 0.0, 1.0]], "cam_ids": [0, 1, 2, 3, 4, 5], "cam_channels": ["CAM_FRONT_LEFT", "CAM_FRONT", "CAM_FRONT_RIGHT", "CAM_BACK_LEFT", "CAM_BACK", "CAM_BACK_RIGHT"], "token": "941a37371d9f4f6da73c3bfcbc078211", "scene": "scene-0501"}, {"images": ["samples/CAM_FRONT_LEFT/n008-2018-08-28-13-40-50-0400__CAM_FRONT_LEFT__1535478531354799.jpg", "samples/CAM_FRONT/n008-2018-08-28-13-40-50-0400__CAM_FRONT__1535478531362404.jpg", "samples/CAM_FRONT_RIGHT/n008-2018-08-28-13-40-50-0400__CAM_FRONT_RIGHT__1535478531370482.jpg", "samples/CAM_BACK_LEFT/n008-2018-08-28-13-40-50-0400__CAM_BACK_LEFT__1535478531397405.jpg", "samples/CAM_BACK/n008-2018-08-28-13-40-50-0400__CAM_BACK__1535478531387558.jpg", "samples/CAM_BACK_RIGHT/n008-2018-08-28-13-40-50-0400__CAM_BACK_RIGHT__1535478531378113.jpg"], "intrinsics": [[[1257.8625342125129, 0.0, 827.2410631095686], [0.0, 1257.8625342125129, 450.915498205774], [0.0, 0.0, 1.0]], [[1252.8131021185304, 0.0, 826.588114781398], [0.0, 1252.8131021185304, 469.9846626224581], [0.0, 0.0, 1.0]], [[1256.7485116440405, 0.0, 817.7887570959712], [0.0, 1256.7485116440403, 451.9541780095127], [0.0, 0.0, 1.0]], [[1254.9860565800168, 0.0, 829.5769333630991], [0.0, 1254.9860565800168, 467.1680561863987], [0.0, 0.0, 1.0]], [[796.8910634503094, 0.0, 857.7774326863696], [0.0, 796.8910634503094, 476.8848988407415], [0.0, 0.0, 1.0]], [[1249.9629280788233, 0.0, 825.3768045375984], [0.0, 1249.9629280788233, 462.54816385708756], [0.0, 0.0, 1.0]]], "extrinsics": [[[0.8226476907730103, -0.568413257598877, -0.012534771114587784, -0.8282470703125], [0.0021320173982530832, 0.025130804628133774, -0.9996818900108337, 1.488724708557129], [0.5685474872589111, 0.8223593831062317, 0.021885665133595467, -1.212646484375], [0.0, 0.0, 0.0, 1.0]], [[0.010426441207528114, -0.9997259974479675, -0.020959164947271347, 0.0084686279296875], [0.004062574822455645, 0.02100248448550701, -0.9997711777687073, 1.4808645248413086], [0.9999373555183411, 0.01033877395093441, 0.004280441906303167, -1.556640625], [0.0, 0.0, 0.0, 1.0]], [[-0.8439264297485352, -0.5361983776092529, -0.016719143837690353, 0.972900390625], [0.011992260813713074, 0.012301585637032986, -0.9998523592948914, 1.4947395324707031], [0.5363249182701111, -0.844002366065979, -0.003951404243707657, -1.20172119140625], [0.0, 0.0, 0.0, 1.0]], [[0.9478583931922913, 0.3186657130718231, -0.004096860997378826, -1.13818359375], [-0.013552813790738583, 0.027462027966976166, -0.9995309710502625, 1.561960220336914], [-0.3184037506580353, 0.9474692344665527, 0.03034892864525318, -0.157958984375], [0.0, 0.0, 0.0, 1.0]], [[0.009180598892271519, 0.9997615218162537, 0.01981552690267563, -0.02880859375], [-0.011377455666661263, 0.019919514656066895, -0.9997368454933167, 1.5674247741699219], [-0.999893069267273, 0.008952807635068893, 0.011557616293430328, -0.010498046875], [0.0, 0.0, 0.0, 1.0]], [[-0.923800528049469, 0.38283398747444153, 0.005540614947676659, 1.0657958984375], [-0.007148984353989363, -0.0027787075378000736, -0.999970555305481, 1.5470809936523438], [-0.38280734419822693, -0.923812985420227, 0.005303845275193453, -0.08221435546875], [0.0, 0.0, 0.0, 1.0]]], "view": [[0.0, -2.0, 100.0], [-2.0, 0.0, 100.0], [0.0, 0.0, 1.0]], "bev": "bev_2fb43ff1b7aa456db9236beb153e2f11.png", "aux": "aux_2fb43ff1b7aa456db9236beb153e2f11.npz", "visibility": "visibility_2fb43ff1b7aa456db9236beb153e2f11.png", "pose": [[0.6111810207366943, -0.7914908528327942, 0.0, 1156.562744140625], [0.7914908528327942, 0.6111810207366943, 0.0, 1744.8018798828125], [0.0, 0.0, 1.0, 0.0], [0.0, 0.0, 0.0, 1.0]], "pose_inverse": [[0.6111810207366943, 0.7914908528327942, 0.0, -2087.864013671875], [-0.7914908528327942, 0.6111810207366943, 0.0, -150.9810028076172], [0.0, 0.0, 1.0, 0.0], [0.0, 0.0, 0.0, 1.0]], "cam_ids": [0, 1, 2, 3, 4, 5], "cam_channels": ["CAM_FRONT_LEFT", "CAM_FRONT", "CAM_FRONT_RIGHT", "CAM_BACK_LEFT", "CAM_BACK", "CAM_BACK_RIGHT"], "token": "2fb43ff1b7aa456db9236beb153e2f11", "scene": "scene-0501"}, {"images": ["samples/CAM_FRONT_LEFT/n008-2018-08-28-13-40-50-0400__CAM_FRONT_LEFT__1535478531854807.jpg", "samples/CAM_FRONT/n008-2018-08-28-13-40-50-0400__CAM_FRONT__1535478531862404.jpg", "samples/CAM_FRONT_RIGHT/n008-2018-08-28-13-40-50-0400__CAM_FRONT_RIGHT__1535478531870482.jpg", "samples/CAM_BACK_LEFT/n008-2018-08-28-13-40-50-0400__CAM_BACK_LEFT__1535478531897405.jpg", "samples/CAM_BACK/n008-2018-08-28-13-40-50-0400__CAM_BACK__1535478531887558.jpg", "samples/CAM_BACK_RIGHT/n008-2018-08-28-13-40-50-0400__CAM_BACK_RIGHT__1535478531878113.jpg"], "intrinsics": [[[1257.8625342125129, 0.0, 827.2410631095686], [0.0, 1257.8625342125129, 450.915498205774], [0.0, 0.0, 1.0]], [[1252.8131021185304, 0.0, 826.588114781398], [0.0, 1252.8131021185304, 469.9846626224581], [0.0, 0.0, 1.0]], [[1256.7485116440405, 0.0, 817.7887570959712], [0.0, 1256.7485116440403, 451.9541780095127], [0.0, 0.0, 1.0]], [[1254.9860565800168, 0.0, 829.5769333630991], [0.0, 1254.9860565800168, 467.1680561863987], [0.0, 0.0, 1.0]], [[796.8910634503094, 0.0, 857.7774326863696], [0.0, 796.8910634503094, 476.8848988407415], [0.0, 0.0, 1.0]], [[1249.9629280788233, 0.0, 825.3768045375984], [0.0, 1249.9629280788233, 462.54816385708756], [0.0, 0.0, 1.0]]], "extrinsics": [[[0.8228501081466675, -0.5680334568023682, -0.015995357185602188, -0.8216552734375], [-0.00037959255860187113, 0.027598582208156586, -0.9996190071105957, 1.4881486892700195], [0.5682584643363953, 0.8225427269935608, 0.02249387465417385, -1.2091064453125], [0.0, 0.0, 0.0, 1.0]], [[0.01072431355714798, -0.9996652603149414, -0.02354334481060505, 0.0091094970703125], [0.0014442539541050792, 0.023560158908367157, -0.9997214078903198, 1.4803900718688965], [0.9999414682388306, 0.010687422938644886, 0.001696438412182033, -1.550048828125], [0.0, 0.0, 0.0, 1.0]], [[-0.8438146114349365, -0.5363993048667908, -0.015895185992121696, 0.968505859375], [0.009327434934675694, 0.01495544146746397, -0.9998446702957153, 1.494405746459961], [0.5365538001060486, -0.8438318371772766, -0.007616390008479357, -1.1978759765625], [0.0, 0.0, 0.0, 1.0]], [[0.9478341937065125, 0.3187086582183838, -0.00592948030680418, -1.1361083984375], [-0.01647127978503704, 0.030391721054911613, -0.9994023442268372, 1.5619029998779297], [-0.318338006734848, 0.9473653435707092, 0.03405585139989853, -0.15887451171875], [0.0, 0.0, 0.0, 1.0]], [[0.009117416106164455, 0.9997024536132812, 0.02262730710208416, -0.0289459228515625], [-0.014176947064697742, 0.022755201905965805, -0.9996404647827148, 1.5672111511230469], [-0.9998579621315002, 0.008793297223746777, 0.014380197040736675, -0.014404296875], [0.0, 0.0, 0.0, 1.0]], [[-0.9238631725311279, 0.3826151192188263, 0.009086002595722675, 1.060791015625], [-0.009851634502410889, -4.181803888059221e-05, -0.9999514222145081, 1.5467548370361328], [-0.3825961649417877, -0.9239078164100647, 0.0038080180529505014, -0.0836181640625], [0.0, 0.0, 0.0, 1.0]]], "view": [[0.0, -2.0, 100.0], [-2.0, 0.0, 100.0], [0.0, 0.0, 1.0]], "bev": "bev_43f04b50986c4c42bf8ddb7d2f405697.png", "aux": "aux_43f04b50986c4c42bf8ddb7d2f405697.npz", "visibility": "visibility_43f04b50986c4c42bf8ddb7d2f405697.png", "pose": [[0.6143736243247986, -0.7890152335166931, 0.0, 1158.1043701171875], [0.7890152335166931, 0.6143736243247986, 0.0, 1746.755615234375], [0.0, 0.0, 1.0, 0.0], [0.0, 0.0, 0.0, 1.0]], "pose_inverse": [[0.6143736243247986, 0.7890152335166931, 0.0, -2089.7255859375], [-0.7890152335166931, 0.6143736243247986, 0.0, -159.3986053466797], [0.0, 0.0, 1.0, 0.0], [0.0, 0.0, 0.0, 1.0]], "cam_ids": [0, 1, 2, 3, 4, 5], "cam_channels": ["CAM_FRONT_LEFT", "CAM_FRONT", "CAM_FRONT_RIGHT", "CAM_BACK_LEFT", "CAM_BACK", "CAM_BACK_RIGHT"], "token": "43f04b50986c4c42bf8ddb7d2f405697", "scene": "scene-0501"}, {"images": ["samples/CAM_FRONT_LEFT/n008-2018-08-28-13-40-50-0400__CAM_FRONT_LEFT__1535478532404799.jpg", "samples/CAM_FRONT/n008-2018-08-28-13-40-50-0400__CAM_FRONT__1535478532412404.jpg", "samples/CAM_FRONT_RIGHT/n008-2018-08-28-13-40-50-0400__CAM_FRONT_RIGHT__1535478532420482.jpg", "samples/CAM_BACK_LEFT/n008-2018-08-28-13-40-50-0400__CAM_BACK_LEFT__1535478532447405.jpg", "samples/CAM_BACK/n008-2018-08-28-13-40-50-0400__CAM_BACK__1535478532437558.jpg", "samples/CAM_BACK_RIGHT/n008-2018-08-28-13-40-50-0400__CAM_BACK_RIGHT__1535478532428113.jpg"], "intrinsics": [[[1257.8625342125129, 0.0, 827.2410631095686], [0.0, 1257.8625342125129, 450.915498205774], [0.0, 0.0, 1.0]], [[1252.8131021185304, 0.0, 826.588114781398], [0.0, 1252.8131021185304, 469.9846626224581], [0.0, 0.0, 1.0]], [[1256.7485116440405, 0.0, 817.7887570959712], [0.0, 1256.7485116440403, 451.9541780095127], [0.0, 0.0, 1.0]], [[1254.9860565800168, 0.0, 829.5769333630991], [0.0, 1254.9860565800168, 467.1680561863987], [0.0, 0.0, 1.0]], [[796.8910634503094, 0.0, 857.7774326863696], [0.0, 796.8910634503094, 476.8848988407415], [0.0, 0.0, 1.0]], [[1249.9629280788233, 0.0, 825.3768045375984], [0.0, 1249.9629280788233, 462.54816385708756], [0.0, 0.0, 1.0]]], "extrinsics": [[[0.8224889636039734, -0.5685274600982666, -0.016986249014735222, -0.824462890625], [-0.0007375253480859101, 0.028798246756196022, -0.999584972858429, 1.4880964756011963], [0.5687806606292725, 0.8221601843833923, 0.023266933858394623, -1.2099609375], [0.0, 0.0, 0.0, 1.0]], [[0.010092878714203835, -0.9996432662010193, -0.02472793310880661, 0.008148193359375], [0.0013311725342646241, 0.024742603302001953, -0.999692976474762, 1.4803824424743652], [0.9999481439590454, 0.010056855157017708, 0.001580422162078321, -1.5546875], [0.0, 0.0, 0.0, 1.0]], [[-0.8441157341003418, -0.5359030365943909, -0.016634132713079453, 0.972900390625], [0.009472903795540333, 0.01611298881471157, -0.9998252391815186, 1.494384765625], [0.5360774397850037, -0.8441258072853088, -0.008524670265614986, -1.2020263671875], [0.0, 0.0, 0.0, 1.0]], [[0.9478611946105957, 0.3186495304107666, -0.004655936732888222, -1.1375732421875], [-0.015500223264098167, 0.03150481730699539, -0.9993834495544434, 1.5619468688964844], [-0.3183063566684723, 0.947348952293396, 0.03480133041739464, -0.1580810546875], [0.0, 0.0, 0.0, 1.0]], [[0.009373671375215054, 0.9996734261512756, 0.023774275556206703, -0.0286407470703125], [-0.01351397018879652, 0.02389979548752308, -0.9996230006217957, 1.5673103332519531], [-0.9998647570610046, 0.009048886597156525, 0.013733585365116596, -0.010498046875], [0.0, 0.0, 0.0, 1.0]], [[-0.9236955642700195, 0.3830176293849945, 0.009167889133095741, 1.0660400390625], [-0.00946373026818037, 0.0011118717957288027, -0.9999545812606812, 1.5468482971191406], [-0.3830103874206543, -0.9237403869628906, 0.0025977434124797583, -0.082275390625], [0.0, 0.0, 0.0, 1.0]]], "view": [[0.0, -2.0, 100.0], [-2.0, 0.0, 100.0], [0.0, 0.0, 1.0]], "bev": "bev_9a54fa6981d34b8d8b2ae730895ae596.png", "aux": "aux_9a54fa6981d34b8d8b2ae730895ae596.npz", "visibility": "visibility_9a54fa6981d34b8d8b2ae730895ae596.png", "pose": [[0.6164208650588989, -0.7874168753623962, 0.0, 1159.830322265625], [0.7874168753623962, 0.6164208650588989, 0.0, 1748.93505859375], [0.0, 0.0, 1.0, 0.0], [0.0, 0.0, 0.0, 1.0]], "pose_inverse": [[0.6164208650588989, 0.7874168753623962, 0.0, -2092.08447265625], [-0.7874168753623962, 0.6164208650588989, 0.0, -164.8101043701172], [0.0, 0.0, 1.0, 0.0], [0.0, 0.0, 0.0, 1.0]], "cam_ids": [0, 1, 2, 3, 4, 5], "cam_channels": ["CAM_FRONT_LEFT", "CAM_FRONT", "CAM_FRONT_RIGHT", "CAM_BACK_LEFT", "CAM_BACK", "CAM_BACK_RIGHT"], "token": "9a54fa6981d34b8d8b2ae730895ae596", "scene": "scene-0501"}, {"images": ["samples/CAM_FRONT_LEFT/n008-2018-08-28-13-40-50-0400__CAM_FRONT_LEFT__1535478532904799.jpg", "samples/CAM_FRONT/n008-2018-08-28-13-40-50-0400__CAM_FRONT__1535478532912404.jpg", "samples/CAM_FRONT_RIGHT/n008-2018-08-28-13-40-50-0400__CAM_FRONT_RIGHT__1535478532920482.jpg", "samples/CAM_BACK_LEFT/n008-2018-08-28-13-40-50-0400__CAM_BACK_LEFT__1535478532947405.jpg", "samples/CAM_BACK/n008-2018-08-28-13-40-50-0400__CAM_BACK__1535478532937558.jpg", "samples/CAM_BACK_RIGHT/n008-2018-08-28-13-40-50-0400__CAM_BACK_RIGHT__1535478532928113.jpg"], "intrinsics": [[[1257.8625342125129, 0.0, 827.2410631095686], [0.0, 1257.8625342125129, 450.915498205774], [0.0, 0.0, 1.0]], [[1252.8131021185304, 0.0, 826.588114781398], [0.0, 1252.8131021185304, 469.9846626224581], [0.0, 0.0, 1.0]], [[1256.7485116440405, 0.0, 817.7887570959712], [0.0, 1256.7485116440403, 451.9541780095127], [0.0, 0.0, 1.0]], [[1254.9860565800168, 0.0, 829.5769333630991], [0.0, 1254.9860565800168, 467.1680561863987], [0.0, 0.0, 1.0]], [[796.8910634503094, 0.0, 857.7774326863696], [0.0, 796.8910634503094, 476.8848988407415], [0.0, 0.0, 1.0]], [[1249.9629280788233, 0.0, 825.3768045375984], [0.0, 1249.9629280788233, 462.54816385708756], [0.0, 0.0, 1.0]]], "extrinsics": [[[0.8224121332168579, -0.5687592625617981, -0.01229848898947239, -0.82763671875], [0.0047275773249566555, 0.028450332581996918, -0.9995840191841125, 1.4892921447753906], [0.5688725709915161, 0.8220119476318359, 0.026086751371622086, -1.2117919921875], [0.0, 0.0, 0.0, 1.0]], [[0.010017474181950092, -0.9996562004089355, -0.024231232702732086, 0.0074615478515625], [0.0067662508226931095, 0.024299658834934235, -0.999681830406189, 1.4813556671142578], [0.9999269247055054, 0.009850420989096165, 0.00700734555721283, -1.557373046875], [0.0, 0.0, 0.0, 1.0]], [[-0.8440932631492615, -0.5357886552810669, -0.02090497687458992, 0.9752197265625], [0.014876353554427624, 0.015571621246635914, -0.999768078327179, 1.4951057434082031], [0.5359899997711182, -0.8442085385322571, -0.005173319950699806, -1.20379638671875], [0.0, 0.0, 0.0, 1.0]], [[0.9478680491447449, 0.31866317987442017, 3.893725079251453e-06, -1.1409912109375], [-0.010318652726709843, 0.030705193057656288, -0.9994752407073975, 1.5620155334472656], [-0.31849607825279236, 0.9473705291748047, 0.03239264339208603, -0.156982421875], [0.0, 0.0, 0.0, 1.0]], [[0.00928022712469101, 0.9996901750564575, 0.023093396797776222, -0.028472900390625], [-0.008256745524704456, 0.023170210421085358, -0.9996974468231201, 1.5676279067993164], [-0.9999229311943054, 0.009086714126169682, 0.008469211868941784, -0.0078125], [0.0, 0.0, 0.0, 1.0]], [[-0.923694372177124, 0.3831093907356262, 0.003986396361142397, 1.0692138671875], [-0.004116641357541084, 0.00047987382276915014, -0.9999914169311523, 1.5474023818969727], [-0.3831079304218292, -0.9237028956413269, 0.00113386707380414, -0.08148193359375], [0.0, 0.0, 0.0, 1.0]]], "view": [[0.0, -2.0, 100.0], [-2.0, 0.0, 100.0], [0.0, 0.0, 1.0]], "bev": "bev_fcf25567f8864caa9835fe386ef9b3cb.png", "aux": "aux_fcf25567f8864caa9835fe386ef9b3cb.npz", "visibility": "visibility_fcf25567f8864caa9835fe386ef9b3cb.png", "pose": [[0.617303729057312, -0.7867249250411987, 0.0, 1161.387939453125], [0.7867249250411987, 0.617303729057312, 0.0, 1750.8914794921875], [0.0, 0.0, 1.0, 0.0], [0.0, 0.0, 0.0, 1.0]], "pose_inverse": [[0.617303729057312, 0.7867249250411987, 0.0, -2094.399169921875], [-0.7867249250411987, 0.617303729057312, 0.0, -167.13894653320312], [0.0, 0.0, 1.0, 0.0], [0.0, 0.0, 0.0, 1.0]], "cam_ids": [0, 1, 2, 3, 4, 5], "cam_channels": ["CAM_FRONT_LEFT", "CAM_FRONT", "CAM_FRONT_RIGHT", "CAM_BACK_LEFT", "CAM_BACK", "CAM_BACK_RIGHT"], "token": "fcf25567f8864caa9835fe386ef9b3cb", "scene": "scene-0501"}, {"images": ["samples/CAM_FRONT_LEFT/n008-2018-08-28-13-40-50-0400__CAM_FRONT_LEFT__1535478533404799.jpg", "samples/CAM_FRONT/n008-2018-08-28-13-40-50-0400__CAM_FRONT__1535478533412404.jpg", "samples/CAM_FRONT_RIGHT/n008-2018-08-28-13-40-50-0400__CAM_FRONT_RIGHT__1535478533420482.jpg", "samples/CAM_BACK_LEFT/n008-2018-08-28-13-40-50-0400__CAM_BACK_LEFT__1535478533447405.jpg", "samples/CAM_BACK/n008-2018-08-28-13-40-50-0400__CAM_BACK__1535478533437558.jpg", "samples/CAM_BACK_RIGHT/n008-2018-08-28-13-40-50-0400__CAM_BACK_RIGHT__1535478533428113.jpg"], "intrinsics": [[[1257.8625342125129, 0.0, 827.2410631095686], [0.0, 1257.8625342125129, 450.915498205774], [0.0, 0.0, 1.0]], [[1252.8131021185304, 0.0, 826.588114781398], [0.0, 1252.8131021185304, 469.9846626224581], [0.0, 0.0, 1.0]], [[1256.7485116440405, 0.0, 817.7887570959712], [0.0, 1256.7485116440403, 451.9541780095127], [0.0, 0.0, 1.0]], [[1254.9860565800168, 0.0, 829.5769333630991], [0.0, 1254.9860565800168, 467.1680561863987], [0.0, 0.0, 1.0]], [[796.8910634503094, 0.0, 857.7774326863696], [0.0, 796.8910634503094, 476.8848988407415], [0.0, 0.0, 1.0]], [[1249.9629280788233, 0.0, 825.3768045375984], [0.0, 1249.9629280788233, 462.54816385708756], [0.0, 0.0, 1.0]]], "extrinsics": [[[0.8224709630012512, -0.5686591267585754, -0.01298101618885994, -0.836669921875], [0.002182472264394164, 0.025976240634918213, -0.9996601939201355, 1.488692283630371], [0.568803071975708, 0.8221631646156311, 0.022605784237384796, -1.21923828125], [0.0, 0.0, 0.0, 1.0]], [[0.010128745809197426, -0.9997124075889587, -0.02174229919910431, 0.00860595703125], [0.003974054008722305, 0.021783489733934402, -0.9997548460960388, 1.480799674987793], [0.9999408721923828, 0.010039830580353737, 0.004193549044430256, -1.56689453125], [0.0, 0.0, 0.0, 1.0]], [[-0.8440778851509094, -0.5359526872634888, -0.016948875039815903, 0.98193359375], [0.011817407794296741, 0.013007579371333122, -0.999845564365387, 1.4945926666259766], [0.5360904335975647, -0.8441478610038757, -0.004645838867872953, -1.207275390625], [0.0, 0.0, 0.0, 1.0]], [[0.9478596448898315, 0.31865715980529785, -0.004447922110557556, -1.141845703125], [-0.014075485989451408, 0.027916640043258667, -0.999511182308197, 1.56201171875], [-0.31837719678878784, 0.9474588632583618, 0.030946308746933937, -0.15673828125], [0.0, 0.0, 0.0, 1.0]], [[0.009304827079176903, 0.9997491836547852, 0.02037307433784008, -0.0288238525390625], [-0.011741059832274914, 0.020481785759329796, -0.9997212290763855, 1.5674800872802734], [-0.9998878240585327, 0.009063081815838814, 0.01192869246006012, -0.004150390625], [0.0, 0.0, 0.0, 1.0]], [[-0.9237160682678223, 0.3830310106277466, 0.005993712227791548, 1.07421875], [-0.007374315056949854, -0.0021362174302339554, -0.9999704957008362, 1.5471267700195312], [-0.38300684094429016, -0.9237330555915833, 0.0047978488728404045, -0.07855224609375], [0.0, 0.0, 0.0, 1.0]]], "view": [[0.0, -2.0, 100.0], [-2.0, 0.0, 100.0], [0.0, 0.0, 1.0]], "bev": "bev_0949985f2f9945fa9769dd83b709dad7.png", "aux": "aux_0949985f2f9945fa9769dd83b709dad7.npz", "visibility": "visibility_0949985f2f9945fa9769dd83b709dad7.png", "pose": [[0.6177036762237549, -0.7864109873771667, 0.0, 1162.87841796875], [0.7864109873771667, 0.6177036762237549, 0.0, 1752.7572021484375], [0.0, 0.0, 1.0, 0.0], [0.0, 0.0, 0.0, 1.0]], "pose_inverse": [[0.6177036762237549, 0.7864109873771667, 0.0, -2096.70166015625], [-0.7864109873771667, 0.6177036762237549, 0.0, -168.18417358398438], [0.0, 0.0, 1.0, 0.0], [0.0, 0.0, 0.0, 1.0]], "cam_ids": [0, 1, 2, 3, 4, 5], "cam_channels": ["CAM_FRONT_LEFT", "CAM_FRONT", "CAM_FRONT_RIGHT", "CAM_BACK_LEFT", "CAM_BACK", "CAM_BACK_RIGHT"], "token": "0949985f2f9945fa9769dd83b709dad7", "scene": "scene-0501"}, {"images": ["samples/CAM_FRONT_LEFT/n008-2018-08-28-13-40-50-0400__CAM_FRONT_LEFT__1535478533904799.jpg", "samples/CAM_FRONT/n008-2018-08-28-13-40-50-0400__CAM_FRONT__1535478533912404.jpg", "samples/CAM_FRONT_RIGHT/n008-2018-08-28-13-40-50-0400__CAM_FRONT_RIGHT__1535478533920482.jpg", "samples/CAM_BACK_LEFT/n008-2018-08-28-13-40-50-0400__CAM_BACK_LEFT__1535478533947405.jpg", "samples/CAM_BACK/n008-2018-08-28-13-40-50-0400__CAM_BACK__1535478533937558.jpg", "samples/CAM_BACK_RIGHT/n008-2018-08-28-13-40-50-0400__CAM_BACK_RIGHT__1535478533928113.jpg"], "intrinsics": [[[1257.8625342125129, 0.0, 827.2410631095686], [0.0, 1257.8625342125129, 450.915498205774], [0.0, 0.0, 1.0]], [[1252.8131021185304, 0.0, 826.588114781398], [0.0, 1252.8131021185304, 469.9846626224581], [0.0, 0.0, 1.0]], [[1256.7485116440405, 0.0, 817.7887570959712], [0.0, 1256.7485116440403, 451.9541780095127], [0.0, 0.0, 1.0]], [[1254.9860565800168, 0.0, 829.5769333630991], [0.0, 1254.9860565800168, 467.1680561863987], [0.0, 0.0, 1.0]], [[796.8910634503094, 0.0, 857.7774326863696], [0.0, 796.8910634503094, 476.8848988407415], [0.0, 0.0, 1.0]], [[1249.9629280788233, 0.0, 825.3768045375984], [0.0, 1249.9629280788233, 462.54816385708756], [0.0, 0.0, 1.0]]], "extrinsics": [[[0.8225495219230652, -0.5683884620666504, -0.018626609817147255, -0.84375], [-0.006760223302990198, 0.022978385910391808, -0.999713122844696, 1.4869213104248047], [0.5686533451080322, 0.8224394917488098, 0.01505842711776495, -1.2247314453125], [0.0, 0.0, 0.0, 1.0]], [[0.010246727615594864, -0.9997696876525879, -0.018856672570109367, 0.0087738037109375], [-0.004910809453576803, 0.018807122483849525, -0.999811053276062, 1.4793481826782227], [0.9999354481697083, 0.010337386280298233, -0.004716964904218912, -1.5751953125], [0.0, 0.0, 0.0, 1.0]], [[-0.8440656661987305, -0.5361813306808472, -0.007921990938484669, 0.98779296875], [0.0029972854536026716, 0.010055646300315857, -0.9999449253082275, 1.4934229850769043], [0.536231517791748, -0.8440430164337158, -0.006880538538098335, -1.210205078125], [0.0, 0.0, 0.0, 1.0]], [[0.9477797746658325, 0.31864309310913086, -0.013422374613583088, -1.1424560546875], [-0.022577201947569847, 0.02505459450185299, -0.9994310736656189, 1.5620040893554688], [-0.31812557578086853, 0.9475436210632324, 0.030940303578972816, -0.156646728515625], [0.0, 0.0, 0.0, 1.0]], [[0.009383240714669228, 0.9998049139976501, 0.017384562641382217, -0.0289459228515625], [-0.020426001399755478, 0.017573341727256775, -0.9996368885040283, 1.5671157836914062], [-0.9997473359107971, 0.009024699218571186, 0.020586909726262093, -0.001708984375], [0.0, 0.0, 0.0, 1.0]], [[-0.9236941933631897, 0.3829095661640167, 0.013011978939175606, 1.0787353515625], [-0.016185535117983818, -0.005067457910627127, -0.999856173992157, 1.54638671875], [-0.3827885687351227, -0.9237719178199768, 0.010878377594053745, -0.0765380859375], [0.0, 0.0, 0.0, 1.0]]], "view": [[0.0, -2.0, 100.0], [-2.0, 0.0, 100.0], [0.0, 0.0, 1.0]], "bev": "bev_007130ac964d4803b86134b70cf3c7b1.png", "aux": "aux_007130ac964d4803b86134b70cf3c7b1.npz", "visibility": "visibility_007130ac964d4803b86134b70cf3c7b1.png", "pose": [[0.6178937554359436, -0.7862616181373596, 0.0, 1164.3106689453125], [0.7862616181373596, 0.6178937554359436, 0.0, 1754.5439453125], [0.0, 0.0, 1.0, 0.0], [0.0, 0.0, 0.0, 1.0]], "pose_inverse": [[0.6178937554359436, 0.7862616181373596, 0.0, -2098.950927734375], [-0.7862616181373596, 0.6178937554359436, 0.0, -168.6689453125], [0.0, 0.0, 1.0, 0.0], [0.0, 0.0, 0.0, 1.0]], "cam_ids": [0, 1, 2, 3, 4, 5], "cam_channels": ["CAM_FRONT_LEFT", "CAM_FRONT", "CAM_FRONT_RIGHT", "CAM_BACK_LEFT", "CAM_BACK", "CAM_BACK_RIGHT"], "token": "007130ac964d4803b86134b70cf3c7b1", "scene": "scene-0501"}, {"images": ["samples/CAM_FRONT_LEFT/n008-2018-08-28-13-40-50-0400__CAM_FRONT_LEFT__1535478534404799.jpg", "samples/CAM_FRONT/n008-2018-08-28-13-40-50-0400__CAM_FRONT__1535478534412404.jpg", "samples/CAM_FRONT_RIGHT/n008-2018-08-28-13-40-50-0400__CAM_FRONT_RIGHT__1535478534420482.jpg", "samples/CAM_BACK_LEFT/n008-2018-08-28-13-40-50-0400__CAM_BACK_LEFT__1535478534447405.jpg", "samples/CAM_BACK/n008-2018-08-28-13-40-50-0400__CAM_BACK__1535478534437558.jpg", "samples/CAM_BACK_RIGHT/n008-2018-08-28-13-40-50-0400__CAM_BACK_RIGHT__1535478534428113.jpg"], "intrinsics": [[[1257.8625342125129, 0.0, 827.2410631095686], [0.0, 1257.8625342125129, 450.915498205774], [0.0, 0.0, 1.0]], [[1252.8131021185304, 0.0, 826.588114781398], [0.0, 1252.8131021185304, 469.9846626224581], [0.0, 0.0, 1.0]], [[1256.7485116440405, 0.0, 817.7887570959712], [0.0, 1256.7485116440403, 451.9541780095127], [0.0, 0.0, 1.0]], [[1254.9860565800168, 0.0, 829.5769333630991], [0.0, 1254.9860565800168, 467.1680561863987], [0.0, 0.0, 1.0]], [[796.8910634503094, 0.0, 857.7774326863696], [0.0, 796.8910634503094, 476.8848988407415], [0.0, 0.0, 1.0]], [[1249.9629280788233, 0.0, 825.3768045375984], [0.0, 1249.9629280788233, 462.54816385708756], [0.0, 0.0, 1.0]]], "extrinsics": [[[0.8223781585693359, -0.5686328411102295, -0.01872948929667473, -0.8585205078125], [-0.007379194255918264, 0.022256627678871155, -0.9997250437736511, 1.4869556427001953], [0.5688933730125427, 0.822290301322937, 0.014107313007116318, -1.233642578125], [0.0, 0.0, 0.0, 1.0]], [[0.010023953393101692, -0.9997830390930176, -0.018262483179569244, 0.0079193115234375], [-0.005391260609030724, 0.018209099769592285, -0.9998196959495544, 1.479360580444336], [0.9999352097511292, 0.010120573453605175, -0.005207562819123268, -1.5888671875], [0.0, 0.0, 0.0, 1.0]], [[-0.8441562056541443, -0.5360463857650757, -0.0073903752490878105, 0.9969482421875], [0.0026656263507902622, 0.00958835519850254, -0.9999504685401917, 1.4933624267578125], [0.5360907316207886, -0.8441340327262878, -0.0066651711240410805, -1.2171630859375], [0.0, 0.0, 0.0, 1.0]], [[0.9477608799934387, 0.3186958134174347, -0.013500602915883064, -1.143310546875], [-0.022647157311439514, 0.025011856108903885, -0.9994305968284607, 1.56201171875], [-0.3181766867637634, 0.9475269913673401, 0.030922815203666687, -0.15667724609375], [0.0, 0.0, 0.0, 1.0]], [[0.009427838027477264, 0.9998074769973755, 0.017209084704518318, -0.02886962890625], [-0.020530380308628082, 0.017399758100509644, -0.9996377825737, 1.5672225952148438], [-0.9997447729110718, 0.00907115638256073, 0.020690469071269035, 0.00390625], [0.0, 0.0, 0.0, 1.0]], [[-0.9236466288566589, 0.38302332162857056, 0.013036112301051617, 1.0870361328125], [-0.016352083534002304, -0.005402721464633942, -0.9998517036437988, 1.5465126037597656], [-0.3828961253166199, -0.9237228631973267, 0.011253435164690018, -0.07366943359375], [0.0, 0.0, 0.0, 1.0]]], "view": [[0.0, -2.0, 100.0], [-2.0, 0.0, 100.0], [0.0, 0.0, 1.0]], "bev": "bev_5348ebecd7b34de4ba61dc432751d064.png", "aux": "aux_5348ebecd7b34de4ba61dc432751d064.npz", "visibility": "visibility_5348ebecd7b34de4ba61dc432751d064.png", "pose": [[0.6167271733283997, -0.7871769666671753, 0.0, 1165.661865234375], [0.7871769666671753, 0.6167271733283997, 0.0, 1756.245361328125], [0.0, 0.0, 1.0, 0.0], [0.0, 0.0, 0.0, 1.0]], "pose_inverse": [[0.6167271733283997, 0.7871769666671753, 0.0, -2101.371337890625], [-0.7871769666671753, 0.6167271733283997, 0.0, -165.5420379638672], [0.0, 0.0, 1.0, 0.0], [0.0, 0.0, 0.0, 1.0]], "cam_ids": [0, 1, 2, 3, 4, 5], "cam_channels": ["CAM_FRONT_LEFT", "CAM_FRONT", "CAM_FRONT_RIGHT", "CAM_BACK_LEFT", "CAM_BACK", "CAM_BACK_RIGHT"], "token": "5348ebecd7b34de4ba61dc432751d064", "scene": "scene-0501"}, {"images": ["samples/CAM_FRONT_LEFT/n008-2018-08-28-13-40-50-0400__CAM_FRONT_LEFT__1535478534904799.jpg", "samples/CAM_FRONT/n008-2018-08-28-13-40-50-0400__CAM_FRONT__1535478534912404.jpg", "samples/CAM_FRONT_RIGHT/n008-2018-08-28-13-40-50-0400__CAM_FRONT_RIGHT__1535478534920482.jpg", "samples/CAM_BACK_LEFT/n008-2018-08-28-13-40-50-0400__CAM_BACK_LEFT__1535478534947405.jpg", "samples/CAM_BACK/n008-2018-08-28-13-40-50-0400__CAM_BACK__1535478534937558.jpg", "samples/CAM_BACK_RIGHT/n008-2018-08-28-13-40-50-0400__CAM_BACK_RIGHT__1535478534928113.jpg"], "intrinsics": [[[1257.8625342125129, 0.0, 827.2410631095686], [0.0, 1257.8625342125129, 450.915498205774], [0.0, 0.0, 1.0]], [[1252.8131021185304, 0.0, 826.588114781398], [0.0, 1252.8131021185304, 469.9846626224581], [0.0, 0.0, 1.0]], [[1256.7485116440405, 0.0, 817.7887570959712], [0.0, 1256.7485116440403, 451.9541780095127], [0.0, 0.0, 1.0]], [[1254.9860565800168, 0.0, 829.5769333630991], [0.0, 1254.9860565800168, 467.1680561863987], [0.0, 0.0, 1.0]], [[796.8910634503094, 0.0, 857.7774326863696], [0.0, 796.8910634503094, 476.8848988407415], [0.0, 0.0, 1.0]], [[1249.9629280788233, 0.0, 825.3768045375984], [0.0, 1249.9629280788233, 462.54816385708756], [0.0, 0.0, 1.0]]], "extrinsics": [[[0.8227242231369019, -0.5681031346321106, -0.01958848349750042, -0.857177734375], [-0.006482129450887442, 0.02508154883980751, -0.9996643662452698, 1.4870681762695312], [0.5684037208557129, 0.8225751519203186, 0.016952678561210632, -1.234619140625], [0.0, 0.0, 0.0, 1.0]], [[0.010471852496266365, -0.9997219443321228, -0.021126393228769302, 0.009246826171875], [-0.004441976547241211, 0.02108083665370941, -0.9997678995132446, 1.4794707298278809], [0.9999352693557739, 0.010563280433416367, -0.004219985567033291, -1.5888671875], [0.0, 0.0, 0.0, 1.0]], [[-0.8439733982086182, -0.5362954139709473, -0.009812028147280216, 0.996826171875], [0.003675400745123625, 0.012510369531810284, -0.9999150037765503, 1.493464469909668], [0.5363725423812866, -0.8439376950263977, -0.008587317541241646, -1.216064453125], [0.0, 0.0, 0.0, 1.0]], [[0.947808563709259, 0.31863537430763245, -0.011422920040786266, -1.143310546875], [-0.021480627357959747, 0.028068872168660164, -0.9993751645088196, 1.5620307922363281], [-0.3181157410144806, 0.9474616646766663, 0.03344840556383133, -0.156219482421875], [0.0, 0.0, 0.0, 1.0]], [[0.009325550869107246, 0.9997519850730896, 0.0202244371175766, -0.0289764404296875], [-0.019482852891087532, 0.020403137430548668, -0.9996019005775452, 1.5672454833984375], [-0.9997667074203491, 0.008927742950618267, 0.01966829039156437, 0.003173828125], [0.0, 0.0, 0.0, 1.0]], [[-0.9237481951713562, 0.3827715516090393, 0.013241255655884743, 1.0859375], [-0.015345013700425625, -0.0024434186052531004, -0.9998792409896851, 1.5465850830078125], [-0.38269296288490295, -0.9238397479057312, 0.008130737580358982, -0.0732421875], [0.0, 0.0, 0.0, 1.0]]], "view": [[0.0, -2.0, 100.0], [-2.0, 0.0, 100.0], [0.0, 0.0, 1.0]], "bev": "bev_cb06fad5a96643e18055be59fdb910ab.png", "aux": "aux_cb06fad5a96643e18055be59fdb910ab.npz", "visibility": "visibility_cb06fad5a96643e18055be59fdb910ab.png", "pose": [[0.6200721859931946, -0.7845447659492493, 0.0, 1167.010986328125], [0.7845447659492493, 0.6200721859931946, 0.0, 1757.931640625], [0.0, 0.0, 1.0, 0.0], [0.0, 0.0, 0.0, 1.0]], "pose_inverse": [[0.6200721859931946, 0.7845447659492493, 0.0, -2102.80712890625], [-0.7845447659492493, 0.6200721859931946, 0.0, -174.47218322753906], [0.0, 0.0, 1.0, 0.0], [0.0, 0.0, 0.0, 1.0]], "cam_ids": [0, 1, 2, 3, 4, 5], "cam_channels": ["CAM_FRONT_LEFT", "CAM_FRONT", "CAM_FRONT_RIGHT", "CAM_BACK_LEFT", "CAM_BACK", "CAM_BACK_RIGHT"], "token": "cb06fad5a96643e18055be59fdb910ab", "scene": "scene-0501"}, {"images": ["samples/CAM_FRONT_LEFT/n008-2018-08-28-13-40-50-0400__CAM_FRONT_LEFT__1535478535404799.jpg", "samples/CAM_FRONT/n008-2018-08-28-13-40-50-0400__CAM_FRONT__1535478535412404.jpg", "samples/CAM_FRONT_RIGHT/n008-2018-08-28-13-40-50-0400__CAM_FRONT_RIGHT__1535478535420482.jpg", "samples/CAM_BACK_LEFT/n008-2018-08-28-13-40-50-0400__CAM_BACK_LEFT__1535478535447405.jpg", "samples/CAM_BACK/n008-2018-08-28-13-40-50-0400__CAM_BACK__1535478535437558.jpg", "samples/CAM_BACK_RIGHT/n008-2018-08-28-13-40-50-0400__CAM_BACK_RIGHT__1535478535428113.jpg"], "intrinsics": [[[1257.8625342125129, 0.0, 827.2410631095686], [0.0, 1257.8625342125129, 450.915498205774], [0.0, 0.0, 1.0]], [[1252.8131021185304, 0.0, 826.588114781398], [0.0, 1252.8131021185304, 469.9846626224581], [0.0, 0.0, 1.0]], [[1256.7485116440405, 0.0, 817.7887570959712], [0.0, 1256.7485116440403, 451.9541780095127], [0.0, 0.0, 1.0]], [[1254.9860565800168, 0.0, 829.5769333630991], [0.0, 1254.9860565800168, 467.1680561863987], [0.0, 0.0, 1.0]], [[796.8910634503094, 0.0, 857.7774326863696], [0.0, 796.8910634503094, 476.8848988407415], [0.0, 0.0, 1.0]], [[1249.9629280788233, 0.0, 825.3768045375984], [0.0, 1249.9629280788233, 462.54816385708756], [0.0, 0.0, 1.0]]], "extrinsics": [[[0.8233231902122498, -0.5672475099563599, -0.019218681380152702, -0.8643798828125], [-0.003407579381018877, 0.02892034314572811, -0.9995759129524231, 1.487680196762085], [0.5675626993179321, 0.8230394721031189, 0.021877845749258995, -1.2381591796875], [0.0, 0.0, 0.0, 1.0]], [[0.01130801159888506, -0.9996259808540344, -0.024901732802391052, 0.0078277587890625], [-0.0014008961152285337, 0.024887464940547943, -0.9996892809867859, 1.4799450635910034], [0.9999350905418396, 0.011339442804455757, -0.0011189434444531798, -1.59521484375], [0.0, 0.0, 0.0, 1.0]], [[-0.843622088432312, -0.5367448329925537, -0.014379048720002174, 1.0010986328125], [0.006680129561573267, 0.016285795718431473, -0.999845027923584, 1.4937725067138672], [0.5368958115577698, -0.8435875177383423, -0.010153533890843391, -1.21942138671875], [0.0, 0.0, 0.0, 1.0]], [[0.9478497505187988, 0.31862854957580566, -0.007536778692156076, -1.146484375], [-0.018602263182401657, 0.031699806451797485, -0.9993243217468262, 1.5620841979980469], [-0.3181743323802948, 0.947349488735199, 0.03597386181354523, -0.155548095703125], [0.0, 0.0, 0.0, 1.0]], [[0.00906576868146658, 0.9996720552444458, 0.023952405899763107, -0.0291900634765625], [-0.016486290842294693, 0.02409955859184265, -0.9995735883712769, 1.567434310913086], [-0.9998230338096619, 0.008667083457112312, 0.01