[{"images": ["samples/CAM_FRONT_LEFT/n008-2018-09-18-14-54-39-0400__CAM_FRONT_LEFT__1537297553854799.jpg", "samples/CAM_FRONT/n008-2018-09-18-14-54-39-0400__CAM_FRONT__1537297553862404.jpg", "samples/CAM_FRONT_RIGHT/n008-2018-09-18-14-54-39-0400__CAM_FRONT_RIGHT__1537297553870482.jpg", "samples/CAM_BACK_LEFT/n008-2018-09-18-14-54-39-0400__CAM_BACK_LEFT__1537297553897405.jpg", "samples/CAM_BACK/n008-2018-09-18-14-54-39-0400__CAM_BACK__1537297553887561.jpg", "samples/CAM_BACK_RIGHT/n008-2018-09-18-14-54-39-0400__CAM_BACK_RIGHT__1537297553878113.jpg"], "intrinsics": [[[1257.8625342125129, 0.0, 827.2410631095686], [0.0, 1257.8625342125129, 450.915498205774], [0.0, 0.0, 1.0]], [[1252.8131021185304, 0.0, 826.588114781398], [0.0, 1252.8131021185304, 469.9846626224581], [0.0, 0.0, 1.0]], [[1256.7485116440405, 0.0, 817.7887570959712], [0.0, 1256.7485116440403, 451.9541780095127], [0.0, 0.0, 1.0]], [[1254.9860565800168, 0.0, 829.5769333630991], [0.0, 1254.9860565800168, 467.1680561863987], [0.0, 0.0, 1.0]], [[796.8910634503094, 0.0, 857.7774326863696], [0.0, 796.8910634503094, 476.8848988407415], [0.0, 0.0, 1.0]], [[1249.9629280788233, 0.0, 825.3768045375984], [0.0, 1249.9629280788233, 462.54816385708756], [0.0, 0.0, 1.0]]], "extrinsics": [[[0.8194836378097534, -0.5730453133583069, 0.008094665594398975, -0.890869140625], [0.020735861733555794, 0.01553236972540617, -0.9996643662452698, 1.4911460876464844], [0.5727272629737854, 0.8193764686584473, 0.024611113592982292, -1.2550048828125], [0.0, 0.0, 0.0, 1.0]], [[0.005942261777818203, -0.9999202489852905, -0.011148834601044655, 0.0068359375], [0.022558916360139847, 0.011280239559710026, -0.9996818900108337, 1.4827308654785156], [0.9997278451919556, 0.005688886158168316, 0.022624146193265915, -1.6204833984375], [0.0, 0.0, 0.0, 1.0]], [[-0.8455697298049927, -0.533180296421051, -0.027029413729906082, 1.015625], [0.030431967228651047, 0.0024090646766126156, -0.9995338916778564, 1.4957771301269531], [0.5329969525337219, -0.845998227596283, 0.014188692905008793, -1.2296142578125], [0.0, 0.0, 0.0, 1.0]], [[0.9479016661643982, 0.31841060519218445, 0.00985371321439743, -1.138916015625], [0.004653947427868843, 0.017087005078792572, -0.999843180179596, 1.562069058418274], [-0.31852906942367554, 0.9477988481521606, 0.014714936725795269, -0.157958984375], [0.0, 0.0, 0.0, 1.0]], [[0.010514659807085991, 0.9998962879180908, 0.009843678213655949, -0.02874755859375], [0.006939464248716831, 0.009771018289029598, -0.9999281764030457, 1.568310260772705], [-0.9999207258224487, 0.010582259856164455, -0.006836005486547947, 0.0084228515625], [0.0, 0.0, 0.0, 1.0]], [[-0.9226169586181641, 0.3854146897792816, -0.015278286300599575, 1.1002197265625], [0.011230864562094212, -0.012750666588544846, -0.999855637550354, 1.5485496520996094], [-0.38555386662483215, -0.9226553440093994, 0.007435441017150879, -0.068511962890625], [0.0, 0.0, 0.0, 1.0]]], "view": [[0.0, -2.0, 100.0], [-2.0, 0.0, 100.0], [0.0, 0.0, 1.0]], "bev": "bev_337da3ae168d4416b01d97951cfd71c8.png", "aux": "aux_337da3ae168d4416b01d97951cfd71c8.npz", "visibility": "visibility_337da3ae168d4416b01d97951cfd71c8.png", "pose": [[0.310026615858078, -0.9507278800010681, 0.0, 1186.0989990234375], [0.9507278800010681, 0.310026615858078, 0.0, 1658.882080078125], [0.0, 0.0, 1.0, 0.0], [0.0, 0.0, 0.0, 1.0]], "pose_inverse": [[0.310026615858078, 0.9507278800010681, 0.0, -1944.86767578125], [-0.9507278800010681, 0.310026615858078, 0.0, 613.3598022460938], [0.0, 0.0, 1.0, 0.0], [0.0, 0.0, 0.0, 1.0]], "cam_ids": [0, 1, 2, 3, 4, 5], "cam_channels": ["CAM_FRONT_LEFT", "CAM_FRONT", "CAM_FRONT_RIGHT", "CAM_BACK_LEFT", "CAM_BACK", "CAM_BACK_RIGHT"], "token": "337da3ae168d4416b01d97951cfd71c8", "scene": "scene-0891"}, {"images": ["samples/CAM_FRONT_LEFT/n008-2018-09-18-14-54-39-0400__CAM_FRONT_LEFT__1537297554404799.jpg", "samples/CAM_FRONT/n008-2018-09-18-14-54-39-0400__CAM_FRONT__1537297554412404.jpg", "samples/CAM_FRONT_RIGHT/n008-2018-09-18-14-54-39-0400__CAM_FRONT_RIGHT__1537297554420482.jpg", "samples/CAM_BACK_LEFT/n008-2018-09-18-14-54-39-0400__CAM_BACK_LEFT__1537297554447405.jpg", "samples/CAM_BACK/n008-2018-09-18-14-54-39-0400__CAM_BACK__1537297554437558.jpg", "samples/CAM_BACK_RIGHT/n008-2018-09-18-14-54-39-0400__CAM_BACK_RIGHT__1537297554428113.jpg"], "intrinsics": [[[1257.8625342125129, 0.0, 827.2410631095686], [0.0, 1257.8625342125129, 450.915498205774], [0.0, 0.0, 1.0]], [[1252.8131021185304, 0.0, 826.588114781398], [0.0, 1252.8131021185304, 469.9846626224581], [0.0, 0.0, 1.0]], [[1256.7485116440405, 0.0, 817.7887570959712], [0.0, 1256.7485116440403, 451.9541780095127], [0.0, 0.0, 1.0]], [[1254.9860565800168, 0.0, 829.5769333630991], [0.0, 1254.9860565800168, 467.1680561863987], [0.0, 0.0, 1.0]], [[796.8910634503094, 0.0, 857.7774326863696], [0.0, 796.8910634503094, 476.8848988407415], [0.0, 0.0, 1.0]], [[1249.9629280788233, 0.0, 825.3768045375984], [0.0, 1249.9629280788233, 462.54816385708756], [0.0, 0.0, 1.0]]], "extrinsics": [[[0.8181376457214355, -0.5749527215957642, 0.00895738136023283, -0.89111328125], [0.01634056866168976, 0.007675258908420801, -0.9998369812965393, 1.490518569946289], [0.5747902989387512, 0.8181506395339966, 0.015674471855163574, -1.2564697265625], [0.0, 0.0, 0.0, 1.0]], [[0.0039039331022650003, -0.9999865293502808, -0.0034156509209424257, 0.00848388671875], [0.018164893612265587, 0.0034860281739383936, -0.9998289346694946, 1.4822235107421875], [0.9998273849487305, 0.0038412294816225767, 0.018178259953856468, -1.620849609375], [0.0, 0.0, 0.0, 1.0]], [[-0.8465441465377808, -0.5319712162017822, -0.01922459341585636, 1.016357421875], [0.026038412004709244, -0.0053101773373782635, -0.999646782875061, 1.4954032897949219], [0.5316812992095947, -0.8467457890510559, 0.018346985802054405, -1.2283935546875], [0.0, 0.0, 0.0, 1.0]], [[0.9480083584785461, 0.3182271718978882, 0.003415775950998068, -1.1387939453125], [0.00036973171518184245, 0.009631824679672718, -0.9999535083770752, 1.5620369911193848], [-0.3182452917098999, 0.9479655623435974, 0.009013391099870205, -0.1588134765625], [0.0, 0.0, 0.0, 1.0]], [[0.011290935799479485, 0.999933660030365, 0.0022585659753531218, -0.03045654296875], [0.002650683047249913, 0.002228772034868598, -0.9999939799308777, 1.568153977394104], [-0.9999327659606934, 0.011296851560473442, -0.002625343156978488, 0.00830078125], [0.0, 0.0, 0.0, 1.0]], [[-0.9221858382225037, 0.386485755443573, -0.01420904602855444, 1.0994873046875], [0.006868201773613691, -0.020368162542581558, -0.9997689723968506, 1.5483016967773438], [-0.3866858184337616, -0.9220705032348633, 0.016128771007061005, -0.06719589233398438], [0.0, 0.0, 0.0, 1.0]]], "view": [[0.0, -2.0, 100.0], [-2.0, 0.0, 100.0], [0.0, 0.0, 1.0]], "bev": "bev_69a1e6ca8c794be9a8fec5b47ce9f2b5.png", "aux": "aux_69a1e6ca8c794be9a8fec5b47ce9f2b5.npz", "visibility": "visibility_69a1e6ca8c794be9a8fec5b47ce9f2b5.png", "pose": [[0.23738940060138702, -0.9714145660400391, 0.0, 1186.579345703125], [0.9714145660400391, 0.23738940060138702, 0.0, 1660.5001220703125], [0.0, 0.0, 1.0, 0.0], [0.0, 0.0, 0.0, 1.0]], "pose_inverse": [[0.23738940060138702, 0.9714145660400391, 0.0, -1894.71533203125], [-0.9714145660400391, 0.23738940060138702, 0.0, 758.475341796875], [0.0, 0.0, 1.0, 0.0], [0.0, 0.0, 0.0, 1.0]], "cam_ids": [0, 1, 2, 3, 4, 5], "cam_channels": ["CAM_FRONT_LEFT", "CAM_FRONT", "CAM_FRONT_RIGHT", "CAM_BACK_LEFT", "CAM_BACK", "CAM_BACK_RIGHT"], "token": "69a1e6ca8c794be9a8fec5b47ce9f2b5", "scene": "scene-0891"}, {"images": ["samples/CAM_FRONT_LEFT/n008-2018-09-18-14-54-39-0400__CAM_FRONT_LEFT__1537297554904799.jpg", "samples/CAM_FRONT/n008-2018-09-18-14-54-39-0400__CAM_FRONT__1537297554912404.jpg", "samples/CAM_FRONT_RIGHT/n008-2018-09-18-14-54-39-0400__CAM_FRONT_RIGHT__1537297554920482.jpg", "samples/CAM_BACK_LEFT/n008-2018-09-18-14-54-39-0400__CAM_BACK_LEFT__1537297554947405.jpg", "samples/CAM_BACK/n008-2018-09-18-14-54-39-0400__CAM_BACK__1537297554937558.jpg", "samples/CAM_BACK_RIGHT/n008-2018-09-18-14-54-39-0400__CAM_BACK_RIGHT__1537297554928113.jpg"], "intrinsics": [[[1257.8625342125129, 0.0, 827.2410631095686], [0.0, 1257.8625342125129, 450.915498205774], [0.0, 0.0, 1.0]], [[1252.8131021185304, 0.0, 826.588114781398], [0.0, 1252.8131021185304, 469.9846626224581], [0.0, 0.0, 1.0]], [[1256.7485116440405, 0.0, 817.7887570959712], [0.0, 1256.7485116440403, 451.9541780095127], [0.0, 0.0, 1.0]], [[1254.9860565800168, 0.0, 829.5769333630991], [0.0, 1254.9860565800168, 467.1680561863987], [0.0, 0.0, 1.0]], [[796.8910634503094, 0.0, 857.7774326863696], [0.0, 796.8910634503094, 476.8848988407415], [0.0, 0.0, 1.0]], [[1249.9629280788233, 0.0, 825.3768045375984], [0.0, 1249.9629280788233, 462.54816385708756], [0.0, 0.0, 1.0]]], "extrinsics": [[[0.8182857632637024, -0.5747570395469666, 0.007921217940747738, -0.899169921875], [0.010546187870204449, 0.0012336072977632284, -0.9999436140060425, 1.4896430969238281], [0.5747148394584656, 0.8183231353759766, 0.007070937659591436, -1.26153564453125], [0.0, 0.0, 0.0, 1.0]], [[0.004060983657836914, -0.9999876022338867, 0.0028695501387119293, 0.00762939453125], [0.012440855614840984, -0.0028188303112983704, -0.9999186396598816, 1.4815025329589844], [0.9999143481254578, 0.004096378572285175, 0.012429254129529, -1.6275634765625], [0.0, 0.0, 0.0, 1.0]], [[-0.8465560674667358, -0.5321826338768005, -0.0111576272174716, 1.019287109375], [0.020385432988405228, -0.01146756298840046, -0.999726414680481, 1.4948234558105469], [0.5319091081619263, -0.8465518951416016, 0.020556708797812462, -1.23095703125], [0.0, 0.0, 0.0, 1.0]], [[0.948003351688385, 0.31824105978012085, -0.003501095110550523, -1.1390380859375], [-0.005031280219554901, 0.003986436408013105, -0.9999793767929077, 1.5620126724243164], [-0.3182205557823181, 0.948001503944397, 0.005380315240472555, -0.158447265625], [0.0, 0.0, 0.0, 1.0]], [[0.011226849630475044, 0.9999304413795471, -0.00363125535659492, -0.02972412109375], [-0.002892515156418085, -0.0035989934112876654, -0.9999893307685852, 1.5679643154144287], [-0.9999328851699829, 0.011237211525440216, 0.0028519078623503447, 0.00927734375], [0.0, 0.0, 0.0, 1.0]], [[-0.922301709651947, 0.38630425930023193, -0.011337708681821823, 1.1016845703125], [0.0012385135050863028, -0.026381976902484894, -0.9996511340141296, 1.5479278564453125], [-0.3864686191082001, -0.9219940304756165, 0.02385369874536991, -0.0669097900390625], [0.0, 0.0, 0.0, 1.0]]], "view": [[0.0, -2.0, 100.0], [-2.0, 0.0, 100.0], [0.0, 0.0, 1.0]], "bev": "bev_f7a0c7dc322e454d9a873727a7c4c893.png", "aux": "aux_f7a0c7dc322e454d9a873727a7c4c893.npz", "visibility": "visibility_f7a0c7dc322e454d9a873727a7c4c893.png", "pose": [[0.15997400879859924, -0.9871212244033813, 0.0, 1186.8671875], [0.9871212244033813, 0.15997400879859924, 0.0, 1661.8603515625], [0.0, 0.0, 1.0, 0.0], [0.0, 0.0, 0.0, 1.0]], "pose_inverse": [[0.15997400879859924, 0.9871212244033813, 0.0, -1830.3255615234375], [-0.9871212244033813, 0.15997400879859924, 0.0, 905.727294921875], [0.0, 0.0, 1.0, 0.0], [0.0, 0.0, 0.0, 1.0]], "cam_ids": [0, 1, 2, 3, 4, 5], "cam_channels": ["CAM_FRONT_LEFT", "CAM_FRONT", "CAM_FRONT_RIGHT", "CAM_BACK_LEFT", "CAM_BACK", "CAM_BACK_RIGHT"], "token": "f7a0c7dc322e454d9a873727a7c4c893", "scene": "scene-0891"}, {"images": ["samples/CAM_FRONT_LEFT/n008-2018-09-18-14-54-39-0400__CAM_FRONT_LEFT__1537297555354799.jpg", "samples/CAM_FRONT/n008-2018-09-18-14-54-39-0400__CAM_FRONT__1537297555362404.jpg", "samples/CAM_FRONT_RIGHT/n008-2018-09-18-14-54-39-0400__CAM_FRONT_RIGHT__1537297555370482.jpg", "samples/CAM_BACK_LEFT/n008-2018-09-18-14-54-39-0400__CAM_BACK_LEFT__1537297555397405.jpg", "samples/CAM_BACK/n008-2018-09-18-14-54-39-0400__CAM_BACK__1537297555387558.jpg", "samples/CAM_BACK_RIGHT/n008-2018-09-18-14-54-39-0400__CAM_BACK_RIGHT__1537297555378113.jpg"], "intrinsics": [[[1257.8625342125129, 0.0, 827.2410631095686], [0.0, 1257.8625342125129, 450.915498205774], [0.0, 0.0, 1.0]], [[1252.8131021185304, 0.0, 826.588114781398], [0.0, 1252.8131021185304, 469.9846626224581], [0.0, 0.0, 1.0]], [[1256.7485116440405, 0.0, 817.7887570959712], [0.0, 1256.7485116440403, 451.9541780095127], [0.0, 0.0, 1.0]], [[1254.9860565800168, 0.0, 829.5769333630991], [0.0, 1254.9860565800168, 467.1680561863987], [0.0, 0.0, 1.0]], [[796.8910634503094, 0.0, 857.7774326863696], [0.0, 796.8910634503094, 476.8848988407415], [0.0, 0.0, 1.0]], [[1249.9629280788233, 0.0, 825.3768045375984], [0.0, 1249.9629280788233, 462.54816385708756], [0.0, 0.0, 1.0]]], "extrinsics": [[[0.818253755569458, -0.5747992396354675, 0.008166289888322353, -0.91064453125], [0.006867918651551008, -0.004429922439157963, -0.9999666213989258, 1.4890880584716797], [0.5748162865638733, 0.8182824850082397, 0.0003228729183319956, -1.2681732177734375], [0.0, 0.0, 0.0, 1.0]], [[0.0040115960873663425, -0.9999536871910095, 0.008748444728553295, 0.006591796875], [0.008703140541911125, -0.008713272400200367, -0.9999241828918457, 1.4809951782226562], [0.9999540448188782, 0.004087428096681833, 0.008667782880365849, -1.6402587890625], [0.0, 0.0, 0.0, 1.0]], [[-0.8465895056724548, -0.5322259068489075, -0.0046725948341190815, 1.02862548828125], [0.016575735062360764, -0.017589548602700233, -0.999707818031311, 1.4943008422851562], [0.531988263130188, -0.846419632434845, 0.023713164031505585, -1.2379150390625], [0.0, 0.0, 0.0, 1.0]], [[0.9479712247848511, 0.3182150423526764, -0.009479571133852005, -1.13916015625], [-0.009070934727787971, -0.0027659290935844183, -0.9999550580978394, 1.5619993209838867], [-0.31822696328163147, 0.9480145573616028, 0.00026448836433701217, -0.157958984375], [0.0, 0.0, 0.0, 1.0]], [[0.011192991398274899, 0.9998852014541626, -0.010221559554338455, -0.02886962890625], [-0.006832467392086983, -0.010145483538508415, -0.9999251961708069, 1.5678590536117554], [-0.9999140501022339, 0.011261997744441032, 0.006718124262988567, 0.0142822265625], [0.0, 0.0, 0.0, 1.0]], [[-0.9223556518554688, 0.3862070143222809, -0.010205444879829884, 1.110595703125], [-0.0026322200428694487, -0.032696958631277084, -0.999461829662323, 1.5476837158203125], [-0.3863328993320465, -0.9218323826789856, 0.031174805015325546, -0.0643310546875], [0.0, 0.0, 0.0, 1.0]]], "view": [[0.0, -2.0, 100.0], [-2.0, 0.0, 100.0], [0.0, 0.0, 1.0]], "bev": "bev_01a7b2b37b6843b2b1e0dba33e3c3301.png", "aux": "aux_01a7b2b37b6843b2b1e0dba33e3c3301.npz", "visibility": "visibility_01a7b2b37b6843b2b1e0dba33e3c3301.png", "pose": [[0.08509749174118042, -0.996372640132904, 0.0, 1187.0272216796875], [0.996372640132904, 0.08509749174118042, 0.0, 1663.0748291015625], [0.0, 0.0, 1.0, 0.0], [0.0, 0.0, 0.0, 1.0]], "pose_inverse": [[0.08509749174118042, 0.996372640132904, 0.0, -1758.0552978515625], [-0.996372640132904, 0.08509749174118042, 0.0, 1041.1978759765625], [0.0, 0.0, 1.0, 0.0], [0.0, 0.0, 0.0, 1.0]], "cam_ids": [0, 1, 2, 3, 4, 5], "cam_channels": ["CAM_FRONT_LEFT", "CAM_FRONT", "CAM_FRONT_RIGHT", "CAM_BACK_LEFT", "CAM_BACK", "CAM_BACK_RIGHT"], "token": "01a7b2b37b6843b2b1e0dba33e3c3301", "scene": "scene-0891"}, {"images": ["samples/CAM_FRONT_LEFT/n008-2018-09-18-14-54-39-0400__CAM_FRONT_LEFT__1537297555854799.jpg", "samples/CAM_FRONT/n008-2018-09-18-14-54-39-0400__CAM_FRONT__1537297555862404.jpg", "samples/CAM_FRONT_RIGHT/n008-2018-09-18-14-54-39-0400__CAM_FRONT_RIGHT__1537297555870482.jpg", "samples/CAM_BACK_LEFT/n008-2018-09-18-14-54-39-0400__CAM_BACK_LEFT__1537297555897405.jpg", "samples/CAM_BACK/n008-2018-09-18-14-54-39-0400__CAM_BACK__1537297555887558.jpg", "samples/CAM_BACK_RIGHT/n008-2018-09-18-14-54-39-0400__CAM_BACK_RIGHT__1537297555878113.jpg"], "intrinsics": [[[1257.8625342125129, 0.0, 827.2410631095686], [0.0, 1257.8625342125129, 450.915498205774], [0.0, 0.0, 1.0]], [[1252.8131021185304, 0.0, 826.588114781398], [0.0, 1252.8131021185304, 469.9846626224581], [0.0, 0.0, 1.0]], [[1256.7485116440405, 0.0, 817.7887570959712], [0.0, 1256.7485116440403, 451.9541780095127], [0.0, 0.0, 1.0]], [[1254.9860565800168, 0.0, 829.5769333630991], [0.0, 1254.9860565800168, 467.1680561863987], [0.0, 0.0, 1.0]], [[796.8910634503094, 0.0, 857.7774326863696], [0.0, 796.8910634503094, 476.8848988407415], [0.0, 0.0, 1.0]], [[1249.9629280788233, 0.0, 825.3768045375984], [0.0, 1249.9629280788233, 462.54816385708756], [0.0, 0.0, 1.0]]], "extrinsics": [[[0.8182833790779114, -0.574759840965271, 0.007964089512825012, -0.9298095703125], [0.006420728284865618, -0.004714771639555693, -0.9999682903289795, 1.4888858795166016], [0.5747791528701782, 0.8183085322380066, -0.0001676435931585729, -1.2814884185791016], [0.0, 0.0, 0.0, 1.0]], [[0.003978380002081394, -0.9999529719352722, 0.008838606998324394, 0.00634765625], [0.008368452079594135, -0.008805074729025364, -0.9999262094497681, 1.480813980102539], [0.9999569654464722, 0.004052051808685064, 0.008333029225468636, -1.657958984375], [0.0, 0.0, 0.0, 1.0]], [[-0.846619725227356, -0.5321787595748901, -0.0045599378645420074, 1.03985595703125], [0.01638958975672722, -0.017507508397102356, -0.9997124075889587, 1.4940719604492188], [0.5319458246231079, -0.8464509844779968, 0.023544395342469215, -1.2451171875], [0.0, 0.0, 0.0, 1.0]], [[0.9479733109474182, 0.31821584701538086, -0.009235501289367676, -1.1405029296875], [-0.008989003486931324, -0.0022430375684052706, -0.9999570846557617, 1.5620088577270508], [-0.31822293996810913, 0.9480156302452087, 0.0007341069867834449, -0.1575927734375], [0.0, 0.0, 0.0, 1.0]], [[0.01121381763368845, 0.9998887777328491, -0.009834089316427708, -0.0286865234375], [-0.0068875146098434925, -0.009757237508893013, -0.9999286532402039, 1.567893624305725], [-0.9999133944511414, 0.01128074899315834, 0.006777332630008459, 0.02001953125], [0.0, 0.0, 0.0, 1.0]], [[-0.9223408699035645, 0.38624587655067444, -0.010067934170365334, 1.1197509765625], [-0.002689798129722476, -0.03247542306780815, -0.9994689226150513, 1.5477027893066406], [-0.38636764883995056, -0.9218239784240723, 0.030992336571216583, -0.060516357421875], [0.0, 0.0, 0.0, 1.0]]], "view": [[0.0, -2.0, 100.0], [-2.0, 0.0, 100.0], [0.0, 0.0, 1.0]], "bev": "bev_beb1d720c08e4d949319667255e154b4.png", "aux": "aux_beb1d720c08e4d949319667255e154b4.npz", "visibility": "visibility_beb1d720c08e4d949319667255e154b4.png", "pose": [[0.0036333194002509117, -0.9999933838844299, 0.0, 1187.0823974609375], [0.9999933838844299, 0.0036333194002509117, 0.0, 1664.217529296875], [0.0, 0.0, 1.0, 0.0], [0.0, 0.0, 0.0, 1.0]], "pose_inverse": [[0.0036333194002509117, 0.9999933838844299, 0.0, -1668.5196533203125], [-0.9999933838844299, 0.0036333194002509117, 0.0, 1181.0279541015625], [0.0, 0.0, 1.0, 0.0], [0.0, 0.0, 0.0, 1.0]], "cam_ids": [0, 1, 2, 3, 4, 5], "cam_channels": ["CAM_FRONT_LEFT", "CAM_FRONT", "CAM_FRONT_RIGHT", "CAM_BACK_LEFT", "CAM_BACK", "CAM_BACK_RIGHT"], "token": "beb1d720c08e4d949319667255e154b4", "scene": "scene-0891"}, {"images": ["samples/CAM_FRONT_LEFT/n008-2018-09-18-14-54-39-0400__CAM_FRONT_LEFT__1537297556354799.jpg", "samples/CAM_FRONT/n008-2018-09-18-14-54-39-0400__CAM_FRONT__1537297556362404.jpg", "samples/CAM_FRONT_RIGHT/n008-2018-09-18-14-54-39-0400__CAM_FRONT_RIGHT__1537297556370482.jpg", "samples/CAM_BACK_LEFT/n008-2018-09-18-14-54-39-0400__CAM_BACK_LEFT__1537297556397405.jpg", "samples/CAM_BACK/n008-2018-09-18-14-54-39-0400__CAM_BACK__1537297556387558.jpg", "samples/CAM_BACK_RIGHT/n008-2018-09-18-14-54-39-0400__CAM_BACK_RIGHT__1537297556378113.jpg"], "intrinsics": [[[1257.8625342125129, 0.0, 827.2410631095686], [0.0, 1257.8625342125129, 450.915498205774], [0.0, 0.0, 1.0]], [[1252.8131021185304, 0.0, 826.588114781398], [0.0, 1252.8131021185304, 469.9846626224581], [0.0, 0.0, 1.0]], [[1256.7485116440405, 0.0, 817.7887570959712], [0.0, 1256.7485116440403, 451.9541780095127], [0.0, 0.0, 1.0]], [[1254.9860565800168, 0.0, 829.5769333630991], [0.0, 1254.9860565800168, 467.1680561863987], [0.0, 0.0, 1.0]], [[796.8910634503094, 0.0, 857.7774326863696], [0.0, 796.8910634503094, 476.8848988407415], [0.0, 0.0, 1.0]], [[1249.9629280788233, 0.0, 825.3768045375984], [0.0, 1249.9629280788233, 462.54816385708756], [0.0, 0.0, 1.0]]], "extrinsics": [[[0.8180537819862366, -0.5750641226768494, 0.00945761613547802, -0.9385986328125], [0.006372360046952963, -0.007380454335361719, -0.9999524354934692, 1.4888134002685547], [0.5751065611839294, 0.8180751204490662, -0.0023730939719825983, -1.28717041015625], [0.0, 0.0, 0.0, 1.0]], [[0.0036579924635589123, -0.9999262690544128, 0.011583108454942703, 0.005859375], [0.008386082015931606, -0.011552106589078903, -0.9998981356620789, 1.480733871459961], [0.9999581575393677, 0.003754756413400173, 0.008343205787241459, -1.6673583984375], [0.0, 0.0, 0.0, 1.0]], [[-0.8467562198638916, -0.5319721698760986, -0.0030874803196638823, 1.0460205078125], [0.016413336619734764, -0.020323749631643295, -0.9996587038040161, 1.4939422607421875], [0.5317277908325195, -0.8465179800987244, 0.025940699502825737, -1.24951171875], [0.0, 0.0, 0.0, 1.0]], [[0.9480174779891968, 0.3180602788925171, -0.010039638727903366, -1.1397705078125], [-0.008824102580547333, -0.0052622281946241856, -0.999947190284729, 1.5620055198669434], [-0.3180963099002838, 0.9480559229850769, -0.002182088326662779, -0.157470703125], [0.0, 0.0, 0.0, 1.0]], [[0.011384937912225723, 0.9998535513877869, -0.01278134435415268, -0.028564453125], [-0.00675491988658905, -0.012704978697001934, -0.9998964071273804, 1.5679116249084473], [-0.999912440776825, 0.011470092460513115, 0.006609284784644842, 0.0223388671875], [0.0, 0.0, 0.0, 1.0]], [[-0.9222573637962341, 0.3864145576953888, -0.011186635121703148, 1.124755859375], [-0.0026860747020691633, -0.0353425107896328, -0.9993716478347778, 1.5477104187011719], [-0.38656705617904663, -0.921647846698761, 0.033632826060056686, -0.05877685546875], [0.0, 0.0, 0.0, 1.0]]], "view": [[0.0, -2.0, 100.0], [-2.0, 0.0, 100.0], [0.0, 0.0, 1.0]], "bev": "bev_87171eedb0ca44448d5c70bdf4853cc7.png", "aux": "aux_87171eedb0ca44448d5c70bdf4853cc7.npz", "visibility": "visibility_87171eedb0ca44448d5c70bdf4853cc7.png", "pose": [[-0.08032921701669693, -0.9967684149742126, 0.0, 1187.050537109375], [0.9967684149742126, -0.08032921701669693, 0.0, 1665.1990966796875], [0.0, 0.0, 1.0, 0.0], [0.0, 0.0, 0.0, 1.0]], "pose_inverse": [[-0.08032921701669693, 0.9967684149742126, 0.0, -1564.4630126953125], [-0.9967684149742126, -0.08032921701669693, 0.0, 1316.9786376953125], [0.0, 0.0, 1.0, 0.0], [0.0, 0.0, 0.0, 1.0]], "cam_ids": [0, 1, 2, 3, 4, 5], "cam_channels": ["CAM_FRONT_LEFT", "CAM_FRONT", "CAM_FRONT_RIGHT", "CAM_BACK_LEFT", "CAM_BACK", "CAM_BACK_RIGHT"], "token": "87171eedb0ca44448d5c70bdf4853cc7", "scene": "scene-0891"}, {"images": ["samples/CAM_FRONT_LEFT/n008-2018-09-18-14-54-39-0400__CAM_FRONT_LEFT__1537297556904799.jpg", "samples/CAM_FRONT/n008-2018-09-18-14-54-39-0400__CAM_FRONT__1537297556912404.jpg", "samples/CAM_FRONT_RIGHT/n008-2018-09-18-14-54-39-0400__CAM_FRONT_RIGHT__1537297556920482.jpg", "samples/CAM_BACK_LEFT/n008-2018-09-18-14-54-39-0400__CAM_BACK_LEFT__1537297556947405.jpg", "samples/CAM_BACK/n008-2018-09-18-14-54-39-0400__CAM_BACK__1537297556937558.jpg", "samples/CAM_BACK_RIGHT/n008-2018-09-18-14-54-39-0400__CAM_BACK_RIGHT__1537297556928113.jpg"], "intrinsics": [[[1257.8625342125129, 0.0, 827.2410631095686], [0.0, 1257.8625342125129, 450.915498205774], [0.0, 0.0, 1.0]], [[1252.8131021185304, 0.0, 826.588114781398], [0.0, 1252.8131021185304, 469.9846626224581], [0.0, 0.0, 1.0]], [[1256.7485116440405, 0.0, 817.7887570959712], [0.0, 1256.7485116440403, 451.9541780095127], [0.0, 0.0, 1.0]], [[1254.9860565800168, 0.0, 829.5769333630991], [0.0, 1254.9860565800168, 467.1680561863987], [0.0, 0.0, 1.0]], [[796.8910634503094, 0.0, 857.7774326863696], [0.0, 796.8910634503094, 476.8848988407415], [0.0, 0.0, 1.0]], [[1249.9629280788233, 0.0, 825.3768045375984], [0.0, 1249.9629280788233, 462.54816385708756], [0.0, 0.0, 1.0]]], "extrinsics": [[[0.8171406984329224, -0.5762877464294434, 0.013169815763831139, -0.93505859375], [0.010439330711960793, -0.00804852694272995, -0.9999130964279175, 1.489187240600586], [0.5763436555862427, 0.8172072768211365, -0.0005607216153293848, -1.285888671875], [0.0, 0.0, 0.0, 1.0]], [[0.0023460187949240208, -0.9999231696128845, 0.01216816995292902, 0.0072021484375], [0.012542184442281723, -0.012137825600802898, -0.9998477101325989, 1.4810676574707031], [0.9999185800552368, 0.0024982450995594263, 0.012512746267020702, -1.6644287109375], [0.0, 0.0, 0.0, 1.0]], [[-0.8473065495491028, -0.5310645699501038, -0.006485611200332642, 1.044403076171875], [0.020706551149487495, -0.020829826593399048, -0.999568521976471, 1.4942474365234375], [0.5307003855705261, -0.8470752835273743, 0.02864576317369938, -1.2470703125], [0.0, 0.0, 0.0, 1.0]], [[0.9481379985809326, 0.31780967116355896, -0.005596731323748827, -1.1392822265625], [-0.004084428306668997, -0.00542463269084692, -0.9999769330024719, 1.5620237588882446], [-0.31783270835876465, 0.948138952255249, -0.00384522951208055, -0.1583251953125], [0.0, 0.0, 0.0, 1.0]], [[0.012014667503535748, 0.9998433589935303, -0.012996170669794083, -0.02978515625], [-0.002159158932045102, -0.012971135787665844, -0.9999135136604309, 1.5680255889892578], [-0.999925434589386, 0.012041682377457619, 0.002002977766096592, 0.0211181640625], [0.0, 0.0, 0.0, 1.0]], [[-0.921855628490448, 0.3872251510620117, -0.015452605672180653, 1.122314453125], [0.0017404939280822873, -0.03573689982295036, -0.9993597269058228, 1.5479240417480469], [-0.3875294327735901, -0.921292245388031, 0.03227030113339424, -0.0587158203125], [0.0, 0.0, 0.0, 1.0]]], "view": [[0.0, -2.0, 100.0], [-2.0, 0.0, 100.0], [0.0, 0.0, 1.0]], "bev": "bev_c1146aeeebc24fc9a4bf9acb738988f4.png", "aux": "aux_c1146aeeebc24fc9a4bf9acb738988f4.npz", "visibility": "visibility_c1146aeeebc24fc9a4bf9acb738988f4.png", "pose": [[-0.1782774031162262, -0.9839802384376526, 0.0, 1186.9268798828125], [0.9839802384376526, -0.1782774031162262, 0.0, 1666.192138671875], [0.0, 0.0, 1.0, 0.0], [0.0, 0.0, 0.0, 1.0]], "pose_inverse": [[-0.1782774031162262, 0.9839802384376526, 0.0, -1427.89794921875], [-0.9839802384376526, -0.1782774031162262, 0.0, 1464.95703125], [0.0, 0.0, 1.0, 0.0], [0.0, 0.0, 0.0, 1.0]], "cam_ids": [0, 1, 2, 3, 4, 5], "cam_channels": ["CAM_FRONT_LEFT", "CAM_FRONT", "CAM_FRONT_RIGHT", "CAM_BACK_LEFT", "CAM_BACK", "CAM_BACK_RIGHT"], "token": "c1146aeeebc24fc9a4bf9acb738988f4", "scene": "scene-0891"}, {"images": ["samples/CAM_FRONT_LEFT/n008-2018-09-18-14-54-39-0400__CAM_FRONT_LEFT__1537297557404799.jpg", "samples/CAM_FRONT/n008-2018-09-18-14-54-39-0400__CAM_FRONT__1537297557412404.jpg", "samples/CAM_FRONT_RIGHT/n008-2018-09-18-14-54-39-0400__CAM_FRONT_RIGHT__1537297557420482.jpg", "samples/CAM_BACK_LEFT/n008-2018-09-18-14-54-39-0400__CAM_BACK_LEFT__1537297557447405.jpg", "samples/CAM_BACK/n008-2018-09-18-14-54-39-0400__CAM_BACK__1537297557437578.jpg", "samples/CAM_BACK_RIGHT/n008-2018-09-18-14-54-39-0400__CAM_BACK_RIGHT__1537297557428113.jpg"], "intrinsics": [[[1257.8625342125129, 0.0, 827.2410631095686], [0.0, 1257.8625342125129, 450.915498205774], [0.0, 0.0, 1.0]], [[1252.8131021185304, 0.0, 826.588114781398], [0.0, 1252.8131021185304, 469.9846626224581], [0.0, 0.0, 1.0]], [[1256.7485116440405, 0.0, 817.7887570959712], [0.0, 1256.7485116440403, 451.9541780095127], [0.0, 0.0, 1.0]], [[1254.9860565800168, 0.0, 829.5769333630991], [0.0, 1254.9860565800168, 467.1680561863987], [0.0, 0.0, 1.0]], [[796.8910634503094, 0.0, 857.7774326863696], [0.0, 796.8910634503094, 476.8848988407415], [0.0, 0.0, 1.0]], [[1249.9629280788233, 0.0, 825.3768045375984], [0.0, 1249.9629280788233, 462.54816385708756], [0.0, 0.0, 1.0]]], "extrinsics": [[[0.8150672912597656, -0.5791137218475342, 0.017107687890529633, -0.9163818359375], [0.01575719378888607, -0.007359393872320652, -0.9998487234115601, 1.4899978637695312], [0.57915198802948, 0.8152135610580444, 0.003126805182546377, -1.2725830078125], [0.0, 0.0, 0.0, 1.0]], [[-0.0005745393573306501, -0.9999347925186157, 0.01139883790165186, 0.0072021484375], [0.017741665244102478, -0.01140724029392004, -0.9997774958610535, 1.4817695617675781], [0.9998424649238586, -0.00037219037767499685, 0.01774706318974495, -1.645751953125], [0.0, 0.0, 0.0, 1.0]], [[-0.84844571352005, -0.5291628837585449, -0.011255229823291302, 1.03216552734375], [0.025773728266358376, -0.020066382363438606, -0.9994663596153259, 1.494903564453125], [0.5286545753479004, -0.848283052444458, 0.030663734301924706, -1.2391357421875], [0.0, 0.0, 0.0, 1.0]], [[0.9482188820838928, 0.3176167905330658, -0.0007912554428912699, -1.1387939453125], [0.0006367789465002716, -0.004392256494611502, -0.9999901056289673, 1.5620512962341309], [-0.31761717796325684, 0.9482089877128601, -0.0043670739978551865, -0.1590576171875], [0.0, 0.0, 0.0, 1.0]], [[0.013003476895391941, 0.9998432993888855, -0.012012139894068241, -0.0302734375], [0.002687580417841673, -0.012048060074448586, -0.9999237656593323, 1.5681648254394531], [-0.9999118447303772, 0.012970222160220146, -0.0028438272420316935, 0.0157470703125], [0.0, 0.0, 0.0, 1.0]], [[-0.9211291670799255, 0.388757586479187, -0.019711054861545563, 1.1126708984375], [0.0066596344113349915, -0.03489123657345772, -0.9993689060211182, 1.5482177734375], [-0.38919997215270996, -0.9206791520118713, 0.029550354927778244, -0.06219482421875], [0.0, 0.0, 0.0, 1.0]]], "view": [[0.0, -2.0, 100.0], [-2.0, 0.0, 100.0], [0.0, 0.0, 1.0]], "bev": "bev_e151dcc0b73844d3bdff99b764e2b22b.png", "aux": "aux_e151dcc0b73844d3bdff99b764e2b22b.npz", "visibility": "visibility_e151dcc0b73844d3bdff99b764e2b22b.png", "pose": [[-0.29477086663246155, -0.9555679559707642, 0.0, 1186.6851806640625], [0.9555679559707642, -0.29477086663246155, 0.0, 1667.2025146484375], [0.0, 0.0, 1.0, 0.0], [0.0, 0.0, 0.0, 1.0]], "pose_inverse": [[-0.29477086663246155, 0.9555679559707642, 0.0, -1243.3250732421875], [-0.9555679559707642, -0.29477086663246155, 0.0, 1625.401123046875], [0.0, 0.0, 1.0, 0.0], [0.0, 0.0, 0.0, 1.0]], "cam_ids": [0, 1, 2, 3, 4, 5], "cam_channels": ["CAM_FRONT_LEFT", "CAM_FRONT", "CAM_FRONT_RIGHT", "CAM_BACK_LEFT", "CAM_BACK", "CAM_BACK_RIGHT"], "token": "e151dcc0b73844d3bdff99b764e2b22b", "scene": "scene-0891"}, {"images": ["samples/CAM_FRONT_LEFT/n008-2018-09-18-14-54-39-0400__CAM_FRONT_LEFT__1537297557904799.jpg", "samples/CAM_FRONT/n008-2018-09-18-14-54-39-0400__CAM_FRONT__1537297557912404.jpg", "samples/CAM_FRONT_RIGHT/n008-2018-09-18-14-54-39-0400__CAM_FRONT_RIGHT__1537297557920532.jpg", "samples/CAM_BACK_LEFT/n008-2018-09-18-14-54-39-0400__CAM_BACK_LEFT__1537297557947405.jpg", "samples/CAM_BACK/n008-2018-09-18-14-54-39-0400__CAM_BACK__1537297557937558.jpg", "samples/CAM_BACK_RIGHT/n008-2018-09-18-14-54-39-0400__CAM_BACK_RIGHT__1537297557928113.jpg"], "intrinsics": [[[1257.8625342125129, 0.0, 827.2410631095686], [0.0, 1257.8625342125129, 450.915498205774], [0.0, 0.0, 1.0]], [[1252.8131021185304, 0.0, 826.588114781398], [0.0, 1252.8131021185304, 469.9846626224581], [0.0, 0.0, 1.0]], [[1256.7485116440405, 0.0, 817.7887570959712], [0.0, 1256.7485116440403, 451.9541780095127], [0.0, 0.0, 1.0]], [[1254.9860565800168, 0.0, 829.5769333630991], [0.0, 1254.9860565800168, 467.1680561863987], [0.0, 0.0, 1.0]], [[796.8910634503094, 0.0, 857.7774326863696], [0.0, 796.8910634503094, 476.8848988407415], [0.0, 0.0, 1.0]], [[1249.9629280788233, 0.0, 825.3768045375984], [0.0, 1249.9629280788233, 462.54816385708756], [0.0, 0.0, 1.0]]], "extrinsics": [[[0.813965916633606, -0.580786943435669, 0.012086266651749611, -0.885009765625], [0.015112052671611309, 0.0003715836792252958, -0.9998857378959656, 1.4904842376708984], [0.580716073513031, 0.8140555620193481, 0.009079338982701302, -1.251953125], [0.0, 0.0, 0.0, 1.0]], [[-0.002152426401153207, -0.9999908208847046, 0.0037123861256986856, 0.0086669921875], [0.01690763793885708, -0.0037482569459825754, -0.9998500347137451, 1.4822025299072266], [0.9998547434806824, -0.0020893337205052376, 0.01691555045545101, -1.614990234375], [0.0, 0.0, 0.0, 1.0]], [[-0.8491018414497375, -0.5280326008796692, -0.01441118773072958, 1.0125274658203125], [0.024734575301408768, -0.01249263621866703, -0.9996159672737122, 1.49542236328125], [0.5276498198509216, -0.849132239818573, 0.023668183013796806, -1.22607421875], [0.0, 0.0, 0.0, 1.0]], [[0.9482197165489197, 0.317615270614624, -6.525713251903653e-05, -1.13720703125], [-0.0010017743334174156, 0.002785271033644676, -0.9999956488609314, 1.5620317459106445], [-0.3176136612892151, 0.948215663433075, 0.0029592271894216537, -0.159423828125], [0.0, 0.0, 0.0, 1.0]], [[0.013453002087771893, 0.9998985528945923, -0.00468512624502182, -0.0302734375], [0.0012319422094151378, -0.004702121019363403, -0.9999881982803345, 1.5681133270263672], [-0.9999087452888489, 0.013446995988488197, -0.0012950757518410683, 0.00616455078125], [0.0, 0.0, 0.0, 1.0]], [[-0.9208013415336609, 0.389717161655426, -0.015662716701626778, 1.0960693359375], [0.005411569960415363, -0.02738814614713192, -0.999610185623169, 1.5482406616210938], [-0.38999420404434204, -0.9205272793769836, 0.023110060021281242, -0.0687255859375], [0.0, 0.0, 0.0, 1.0]]], "view": [[0.0, -2.0, 100.0], [-2.0, 0.0, 100.0], [0.0, 0.0, 1.0]], "bev": "bev_d176ee94d7b745bf932c7867d1d99a5d.png", "aux": "aux_d176ee94d7b745bf932c7867d1d99a5d.npz", "visibility": "visibility_d176ee94d7b745bf932c7867d1d99a5d.png", "pose": [[-0.43404823541641235, -0.9008896350860596, 0.0, 1186.1693115234375], [0.9008896350860596, -0.43404823541641235, 0.0, 1668.55029296875], [0.0, 0.0, 1.0, 0.0], [0.0, 0.0, 0.0, 1.0]], "pose_inverse": [[-0.43404823541641235, 0.9008896350860596, 0.0, -988.324951171875], [-0.9008896350860596, -0.43404823541641235, 0.0, 1792.8389892578125], [0.0, 0.0, 1.0, 0.0], [0.0, 0.0, 0.0, 1.0]], "cam_ids": [0, 1, 2, 3, 4, 5], "cam_channels": ["CAM_FRONT_LEFT", "CAM_FRONT", "CAM_FRONT_RIGHT", "CAM_BACK_LEFT", "CAM_BACK", "CAM_BACK_RIGHT"], "token": "d176ee94d7b745bf932c7867d1d99a5d", "scene": "scene-0891"}, {"images": ["samples/CAM_FRONT_LEFT/n008-2018-09-18-14-54-39-0400__CAM_FRONT_LEFT__1537297558354799.jpg", "samples/CAM_FRONT/n008-2018-09-18-14-54-39-0400__CAM_FRONT__1537297558362404.jpg", "samples/CAM_FRONT_RIGHT/n008-2018-09-18-14-54-39-0400__CAM_FRONT_RIGHT__1537297558370482.jpg", "samples/CAM_BACK_LEFT/n008-2018-09-18-14-54-39-0400__CAM_BACK_LEFT__1537297558397405.jpg", "samples/CAM_BACK/n008-2018-09-18-14-54-39-0400__CAM_BACK__1537297558387558.jpg", "samples/CAM_BACK_RIGHT/n008-2018-09-18-14-54-39-0400__CAM_BACK_RIGHT__1537297558378113.jpg"], "intrinsics": [[[1257.8625342125129, 0.0, 827.2410631095686], [0.0, 1257.8625342125129, 450.915498205774], [0.0, 0.0, 1.0]], [[1252.8131021185304, 0.0, 826.588114781398], [0.0, 1252.8131021185304, 469.9846626224581], [0.0, 0.0, 1.0]], [[1256.7485116440405, 0.0, 817.7887570959712], [0.0, 1256.7485116440403, 451.9541780095127], [0.0, 0.0, 1.0]], [[1254.9860565800168, 0.0, 829.5769333630991], [0.0, 1254.9860565800168, 467.1680561863987], [0.0, 0.0, 1.0]], [[796.8910634503094, 0.0, 857.7774326863696], [0.0, 796.8910634503094, 476.8848988407415], [0.0, 0.0, 1.0]], [[1249.9629280788233, 0.0, 825.3768045375984], [0.0, 1249.9629280788233, 462.54816385708756], [0.0, 0.0, 1.0]]], "extrinsics": [[[0.8132247924804688, -0.5818062424659729, 0.012916161678731441, -0.8533935546875], [0.01616549864411354, 0.0003982650814577937, -0.9998692274093628, 1.4912614822387695], [0.5817250609397888, 0.8133273124694824, 0.009729066863656044, -1.230224609375], [0.0, 0.0, 0.0, 1.0]], [[-0.003047448117285967, -0.9999892115592957, 0.003507570829242468, 0.0084228515625], [0.01809636689722538, -0.0035621607676148415, -0.9998299479484558, 1.4829349517822266], [0.9998315572738647, -0.0029833621811121702, 0.01810702681541443, -1.582275390625], [0.0, 0.0, 0.0, 1.0]], [[-0.8494012355804443, -0.5275118947029114, -0.015769731253385544, 0.9901123046875], [0.026086343452334404, -0.012122130021452904, -0.9995861649513245, 1.4962348937988281], [0.5271024703979492, -0.8494611978530884, 0.024057410657405853, -1.212158203125], [0.0, 0.0, 0.0, 1.0]], [[0.9482077956199646, 0.317641943693161, 0.0023499918170273304, -1.1333427429199219], [0.0011313315480947495, 0.004020983818918467, -0.9999912977218628, 1.5620546340942383], [-0.31764861941337585, 0.9482021927833557, 0.0034533697180449963, -0.159912109375], [0.0, 0.0, 0.0, 1.0]], [[0.013664644211530685, 0.9998995065689087, -0.0037719483952969313, -0.0289306640625], [0.0030939336866140366, -0.003814563388004899, -0.9999879002571106, 1.568223476409912], [-0.9999018311500549, 0.013652835972607136, -0.0031457466538995504, -0.0069580078125], [0.0, 0.0, 0.0, 1.0]], [[-0.9206280708312988, 0.3900741934776306, -0.01691221259534359, 1.0777587890625], [0.007007453124970198, -0.0268012173473835, -0.999616265296936, 1.5484848022460938], [-0.3903776705265045, -0.9203932881355286, 0.021940527483820915, -0.076904296875], [0.0, 0.0, 0.0, 1.0]]], "view": [[0.0, -2.0, 100.0], [-2.0, 0.0, 100.0], [0.0, 0.0, 1.0]], "bev": "bev_581b52155aae4123abff0d81bb51a6d5.png", "aux": "aux_581b52155aae4123abff0d81bb51a6d5.npz", "visibility": "visibility_581b52155aae4123abff0d81bb51a6d5.png", "pose": [[-0.5704973340034485, -0.8212994337081909, 0.0, 1185.3480224609375], [0.8212994337081909, -0.5704973340034485, 0.0, 1669.9981689453125], [0.0, 0.0, 1.0, 0.0], [0.0, 0.0, 0.0, 1.0]], "pose_inverse": [[-0.5704973340034485, 0.8212994337081909, 0.0, -695.3306884765625], [-0.8212994337081909, -0.5704973340034485, 0.0, 1926.255126953125], [0.0, 0.0, 1.0, 0.0], [0.0, 0.0, 0.0, 1.0]], "cam_ids": [0, 1, 2, 3, 4, 5], "cam_channels": ["CAM_FRONT_LEFT", "CAM_FRONT", "CAM_FRONT_RIGHT", "CAM_BACK_LEFT", "CAM_BACK", "CAM_BACK_RIGHT"], "token": "581b52155aae4123abff0d81bb51a6d5", "scene": "scene-0891"}, {"images": ["samples/CAM_FRONT_LEFT/n008-2018-09-18-14-54-39-0400__CAM_FRONT_LEFT__1537297558854799.jpg", "samples/CAM_FRONT/n008-2018-09-18-14-54-39-0400__CAM_FRONT__1537297558862404.jpg", "samples/CAM_FRONT_RIGHT/n008-2018-09-18-14-54-39-0400__CAM_FRONT_RIGHT__1537297558870482.jpg", "samples/CAM_BACK_LEFT/n008-2018-09-18-14-54-39-0400__CAM_BACK_LEFT__1537297558897405.jpg", "samples/CAM_BACK/n008-2018-09-18-14-54-39-0400__CAM_BACK__1537297558887558.jpg", "samples/CAM_BACK_RIGHT/n008-2018-09-18-14-54-39-0400__CAM_BACK_RIGHT__1537297558878113.jpg"], "intrinsics": [[[1257.8625342125129, 0.0, 827.2410631095686], [0.0, 1257.8625342125129, 450.915498205774], [0.0, 0.0, 1.0]], [[1252.8131021185304, 0.0, 826.588114781398], [0.0, 1252.8131021185304, 469.9846626224581], [0.0, 0.0, 1.0]], [[1256.7485116440405, 0.0, 817.7887570959712], [0.0, 1256.7485116440403, 451.9541780095127], [0.0, 0.0, 1.0]], [[1254.9860565800168, 0.0, 829.5769333630991], [0.0, 1254.9860565800168, 467.1680561863987], [0.0, 0.0, 1.0]], [[796.8910634503094, 0.0, 857.7774326863696], [0.0, 796.8910634503094, 476.8848988407415], [0.0, 0.0, 1.0]], [[1249.9629280788233, 0.0, 825.3768045375984], [0.0, 1249.9629280788233, 462.54816385708756], [0.0, 0.0, 1.0]]], "extrinsics": [[[0.8139473795890808, -0.5808233022689819, 0.01157846674323082, -0.8316650390625], [0.015729105100035667, 0.002110203495249152, -0.9998740553855896, 1.4915729761123657], [0.5807256698608398, 0.814026951789856, 0.010853422805666924, -1.2159423828125], [0.0, 0.0, 0.0, 1.0]], [[-0.002061508595943451, -0.9999958276748657, 0.002008034847676754, 0.0091552734375], [0.01760517805814743, -0.0020440209191292524, -0.9998429417610168, 1.4832439422607422], [0.9998428225517273, -0.0020257371943444014, 0.01760931871831417, -1.56036376953125], [0.0, 0.0, 0.0, 1.0]], [[-0.8490084409713745, -0.5281372666358948, -0.015989825129508972, 0.9752197265625], [0.025539355352520943, -0.010791606269776821, -0.9996155500411987, 1.496622085571289], [0.5277617573738098, -0.8490904569625854, 0.022650450468063354, -1.2025146484375], [0.0, 0.0, 0.0, 1.0]], [[0.9482171535491943, 0.31761762499809265, 0.001782564795576036, -1.12994384765625], [0.00029470506706275046, 0.004732422064989805, -0.9999887347221375, 1.5620489120483398], [-0.31762251257896423, 0.9482070207595825, 0.0043937633745372295, -0.1611328125], [0.0, 0.0, 0.0, 1.0]], [[0.013365748338401318, 0.9999066591262817, -0.0028481101617217064, -0.02917480