[{"images": ["samples/CAM_FRONT_LEFT/n008-2018-09-18-12-53-31-0400__CAM_FRONT_LEFT__1537290296504799.jpg", "samples/CAM_FRONT/n008-2018-09-18-12-53-31-0400__CAM_FRONT__1537290296512404.jpg", "samples/CAM_FRONT_RIGHT/n008-2018-09-18-12-53-31-0400__CAM_FRONT_RIGHT__1537290296520482.jpg", "samples/CAM_BACK_LEFT/n008-2018-09-18-12-53-31-0400__CAM_BACK_LEFT__1537290296547405.jpg", "samples/CAM_BACK/n008-2018-09-18-12-53-31-0400__CAM_BACK__1537290296537558.jpg", "samples/CAM_BACK_RIGHT/n008-2018-09-18-12-53-31-0400__CAM_BACK_RIGHT__1537290296528113.jpg"], "intrinsics": [[[1257.8625342125129, 0.0, 827.2410631095686], [0.0, 1257.8625342125129, 450.915498205774], [0.0, 0.0, 1.0]], [[1252.8131021185304, 0.0, 826.588114781398], [0.0, 1252.8131021185304, 469.9846626224581], [0.0, 0.0, 1.0]], [[1256.7485116440405, 0.0, 817.7887570959712], [0.0, 1256.7485116440403, 451.9541780095127], [0.0, 0.0, 1.0]], [[1254.9860565800168, 0.0, 829.5769333630991], [0.0, 1254.9860565800168, 467.1680561863987], [0.0, 0.0, 1.0]], [[796.8910634503094, 0.0, 857.7774326863696], [0.0, 796.8910634503094, 476.8848988407415], [0.0, 0.0, 1.0]], [[1249.9629280788233, 0.0, 825.3768045375984], [0.0, 1249.9629280788233, 462.54816385708756], [0.0, 0.0, 1.0]]], "extrinsics": [[[0.82257479429245, -0.568645179271698, 0.0036564546171575785, -0.6832275390625], [0.006739920005202293, 0.003319710958749056, -0.9999717473983765, 1.4909305572509766], [0.5686169862747192, 0.8225762248039246, 0.0065633333288133144, -1.1109619140625], [0.0, 0.0, 0.0, 1.0]], [[0.010346844792366028, -0.9999461770057678, 0.0007059964118525386, 0.009033203125], [0.008658193051815033, -0.0006164163933135569, -0.999962329864502, 1.4829773902893066], [0.999908983707428, 0.010352619923651218, 0.00865134783089161, -1.410125732421875], [0.0, 0.0, 0.0, 1.0]], [[-0.8439117670059204, -0.5364039540290833, -0.009154664352536201, 0.876708984375], [0.01664009876549244, -0.009115815162658691, -0.9998199939727783, 1.4972991943359375], [0.5362238883972168, -0.8439121246337891, 0.0166187584400177, -1.14111328125], [0.0, 0.0, 0.0, 1.0]], [[0.9478837251663208, 0.31854772567749023, -0.006620210595428944, -1.1231536865234375], [-0.009212413802742958, 0.006631701253354549, -0.9999355673789978, 1.5618410110473633], [-0.31848326325416565, 0.9478836059570312, 0.009220676496624947, -0.1630859375], [0.0, 0.0, 0.0, 1.0]], [[0.009169177152216434, 0.9999573230743408, -0.0011480208486318588, -0.028076171875], [-0.006913234945386648, -0.0010846506338566542, -0.9999755024909973, 1.5673267841339111], [-0.9999340772628784, 0.009176858700811863, 0.006902994122356176, -0.0621337890625], [0.0, 0.0, 0.0, 1.0]], [[-0.9237779974937439, 0.3828671872615814, -0.006849963683634996, 0.9871826171875], [-0.002529046731069684, -0.02398807741701603, -0.9997090101242065, 1.5473480224609375], [-0.3829200863838196, -0.923491895198822, 0.023127948865294456, -0.1151123046875], [0.0, 0.0, 0.0, 1.0]]], "view": [[0.0, -2.0, 100.0], [-2.0, 0.0, 100.0], [0.0, 0.0, 1.0]], "bev": "bev_0388857dfc59499ea1d56b66b34c70a8.png", "aux": "aux_0388857dfc59499ea1d56b66b34c70a8.npz", "visibility": "visibility_0388857dfc59499ea1d56b66b34c70a8.png", "pose": [[0.7630276083946228, 0.6463658809661865, 0.0, 801.97607421875], [-0.6463658809661865, 0.7630276083946228, 0.0, 1478.6453857421875], [0.0, 0.0, 1.0, 0.0], [0.0, 0.0, 0.0, 1.0]], "pose_inverse": [[0.7630276083946228, -0.6463658809661865, 0.0, 343.8160705566406], [0.6463658809661865, 0.7630276083946228, 0.0, -1646.6171875], [0.0, 0.0, 1.0, 0.0], [0.0, 0.0, 0.0, 1.0]], "cam_ids": [0, 1, 2, 3, 4, 5], "cam_channels": ["CAM_FRONT_LEFT", "CAM_FRONT", "CAM_FRONT_RIGHT", "CAM_BACK_LEFT", "CAM_BACK", "CAM_BACK_RIGHT"], "token": "0388857dfc59499ea1d56b66b34c70a8", "scene": "scene-0480"}, {"images": ["samples/CAM_FRONT_LEFT/n008-2018-09-18-12-53-31-0400__CAM_FRONT_LEFT__1537290297004799.jpg", "samples/CAM_FRONT/n008-2018-09-18-12-53-31-0400__CAM_FRONT__1537290297012404.jpg", "samples/CAM_FRONT_RIGHT/n008-2018-09-18-12-53-31-0400__CAM_FRONT_RIGHT__1537290297020482.jpg", "samples/CAM_BACK_LEFT/n008-2018-09-18-12-53-31-0400__CAM_BACK_LEFT__1537290297047405.jpg", "samples/CAM_BACK/n008-2018-09-18-12-53-31-0400__CAM_BACK__1537290297037558.jpg", "samples/CAM_BACK_RIGHT/n008-2018-09-18-12-53-31-0400__CAM_BACK_RIGHT__1537290297028113.jpg"], "intrinsics": [[[1257.8625342125129, 0.0, 827.2410631095686], [0.0, 1257.8625342125129, 450.915498205774], [0.0, 0.0, 1.0]], [[1252.8131021185304, 0.0, 826.588114781398], [0.0, 1252.8131021185304, 469.9846626224581], [0.0, 0.0, 1.0]], [[1256.7485116440405, 0.0, 817.7887570959712], [0.0, 1256.7485116440403, 451.9541780095127], [0.0, 0.0, 1.0]], [[1254.9860565800168, 0.0, 829.5769333630991], [0.0, 1254.9860565800168, 467.1680561863987], [0.0, 0.0, 1.0]], [[796.8910634503094, 0.0, 857.7774326863696], [0.0, 796.8910634503094, 476.8848988407415], [0.0, 0.0, 1.0]], [[1249.9629280788233, 0.0, 825.3768045375984], [0.0, 1249.9629280788233, 462.54816385708756], [0.0, 0.0, 1.0]]], "extrinsics": [[[0.8226868510246277, -0.5684917569160461, 0.0019136954797431827, -0.698974609375], [0.0068730865605175495, 0.006580200046300888, -0.9999547600746155, 1.4908132553100586], [0.5684534311294556, 0.8226627111434937, 0.00932073500007391, -1.1260986328125], [0.0, 0.0, 0.0, 1.0]], [[0.010463272221386433, -0.9999419450759888, -0.002581731416285038, 0.011474609375], [0.008961351588368416, 0.002675538882613182, -0.9999563097953796, 1.4829045534133911], [0.9999051094055176, 0.010439666919410229, 0.008988826535642147, -1.42840576171875], [0.0, 0.0, 0.0, 1.0]], [[-0.8438909649848938, -0.5363947153091431, -0.011340029537677765, 0.8900146484375], [0.017116056755185127, -0.005790346302092075, -0.9998367428779602, 1.497178077697754], [0.5362414717674255, -0.8439473509788513, 0.014067383483052254, -1.1474609375], [0.0, 0.0, 0.0, 1.0]], [[0.9478738903999329, 0.3186107873916626, -0.004714436829090118, -1.1297760009765625], [-0.00829925388097763, 0.00989484041929245, -0.9999166131019592, 1.5619163513183594], [-0.31853756308555603, 0.9478339552879333, 0.012023291550576687, -0.1612548828125], [0.0, 0.0, 0.0, 1.0]], [[0.009162509813904762, 0.9999554753303528, 0.0022426918148994446, -0.02880859375], [-0.006158424075692892, 0.002299173269420862, -0.9999783635139465, 1.567460536956787], [-0.9999390244483948, 0.00914847943931818, 0.006179215852171183, -0.05291748046875], [0.0, 0.0, 0.0, 1.0]], [[-0.923772931098938, 0.38289210200309753, -0.006089301779866219, 0.9976806640625], [-0.0019620999228209257, -0.020633826032280922, -0.9997851252555847, 1.5475006103515625], [-0.38293546438217163, -0.9235625863075256, 0.019812243059277534, -0.1094970703125], [0.0, 0.0, 0.0, 1.0]]], "view": [[0.0, -2.0, 100.0], [-2.0, 0.0, 100.0], [0.0, 0.0, 1.0]], "bev": "bev_8b8808c6a1114f54a2873d709b10b765.png", "aux": "aux_8b8808c6a1114f54a2873d709b10b765.npz", "visibility": "visibility_8b8808c6a1114f54a2873d709b10b765.png", "pose": [[0.7640540599822998, 0.64515221118927, 0.0, 805.1941528320312], [-0.64515221118927, 0.7640540599822998, 0.0, 1475.8936767578125], [0.0, 0.0, 1.0, 0.0], [0.0, 0.0, 0.0, 1.0]], "pose_inverse": [[0.7640540599822998, -0.64515221118927, 0.0, 336.96417236328125], [0.64515221118927, 0.7640540599822998, 0.0, -1647.1353759765625], [0.0, 0.0, 1.0, 0.0], [0.0, 0.0, 0.0, 1.0]], "cam_ids": [0, 1, 2, 3, 4, 5], "cam_channels": ["CAM_FRONT_LEFT", "CAM_FRONT", "CAM_FRONT_RIGHT", "CAM_BACK_LEFT", "CAM_BACK", "CAM_BACK_RIGHT"], "token": "8b8808c6a1114f54a2873d709b10b765", "scene": "scene-0480"}, {"images": ["samples/CAM_FRONT_LEFT/n008-2018-09-18-12-53-31-0400__CAM_FRONT_LEFT__1537290297504799.jpg", "samples/CAM_FRONT/n008-2018-09-18-12-53-31-0400__CAM_FRONT__1537290297512404.jpg", "samples/CAM_FRONT_RIGHT/n008-2018-09-18-12-53-31-0400__CAM_FRONT_RIGHT__1537290297520482.jpg", "samples/CAM_BACK_LEFT/n008-2018-09-18-12-53-31-0400__CAM_BACK_LEFT__1537290297547405.jpg", "samples/CAM_BACK/n008-2018-09-18-12-53-31-0400__CAM_BACK__1537290297537570.jpg", "samples/CAM_BACK_RIGHT/n008-2018-09-18-12-53-31-0400__CAM_BACK_RIGHT__1537290297528113.jpg"], "intrinsics": [[[1257.8625342125129, 0.0, 827.2410631095686], [0.0, 1257.8625342125129, 450.915498205774], [0.0, 0.0, 1.0]], [[1252.8131021185304, 0.0, 826.588114781398], [0.0, 1252.8131021185304, 469.9846626224581], [0.0, 0.0, 1.0]], [[1256.7485116440405, 0.0, 817.7887570959712], [0.0, 1256.7485116440403, 451.9541780095127], [0.0, 0.0, 1.0]], [[1254.9860565800168, 0.0, 829.5769333630991], [0.0, 1254.9860565800168, 467.1680561863987], [0.0, 0.0, 1.0]], [[796.8910634503094, 0.0, 857.7774326863696], [0.0, 796.8910634503094, 476.8848988407415], [0.0, 0.0, 1.0]], [[1249.9629280788233, 0.0, 825.3768045375984], [0.0, 1249.9629280788233, 462.54816385708756], [0.0, 0.0, 1.0]]], "extrinsics": [[[0.8226020932197571, -0.5686171650886536, 0.0006433370872400701, -0.693115234375], [0.00754619250074029, 0.009785541333258152, -0.999923586845398, 1.4910764694213867], [0.5685674548149109, 0.8225440979003906, 0.012340500950813293, -1.1243896484375], [0.0, 0.0, 0.0, 1.0]], [[0.01025332324206829, -0.9999324679374695, -0.005472489167004824, 0.0128173828125], [0.00955444946885109, 0.005570496432483196, -0.9999388456344604, 1.4831109046936035], [0.9999017715454102, 0.01020040549337864, 0.009610920213162899, -1.424102783203125], [0.0, 0.0, 0.0, 1.0]], [[-0.8440355658531189, -0.536125898361206, -0.01315254159271717, 0.88824462890625], [0.01763121597468853, -0.003228613641113043, -0.9998393058776855, 1.497344970703125], [0.5359973907470703, -0.8441318869590759, 0.012177616357803345, -1.1453857421875], [0.0, 0.0, 0.0, 1.0]], [[0.9478896856307983, 0.31857892870903015, -0.0035289840307086706, -1.130157470703125], [-0.0077102091163396835, 0.0118645541369915, -0.9998998641967773, 1.5619316101074219], [-0.3185052275657654, 0.947822093963623, 0.01370260026305914, -0.160888671875], [0.0, 0.0, 0.0, 1.0]], [[0.00929727777838707, 0.9999477863311768, 0.004250132944434881, -0.029052734375], [-0.005595208611339331, 0.004302271641790867, -0.9999750852584839, 1.5675110816955566], [-0.9999411702156067, 0.009273194707930088, 0.005634916014969349, -0.053131103515625], [0.0, 0.0, 0.0, 1.0]], [[-0.9236713647842407, 0.38314247131347656, -0.00574719300493598, 0.99615478515625], [-0.001403599395416677, -0.01838136464357376, -0.9998300671577454, 1.5476036071777344], [-0.3831830322742462, -0.9235063195228577, 0.0175161175429821, -0.1094970703125], [0.0, 0.0, 0.0, 1.0]]], "view": [[0.0, -2.0, 100.0], [-2.0, 0.0, 100.0], [0.0, 0.0, 1.0]], "bev": "bev_39910a22341645a6b79291583d52c502.png", "aux": "aux_39910a22341645a6b79291583d52c502.npz", "visibility": "visibility_39910a22341645a6b79291583d52c502.png", "pose": [[0.7641043066978455, 0.6450927257537842, 0.0, 808.399169921875], [-0.6450927257537842, 0.7641043066978455, 0.0, 1473.1263427734375], [0.0, 0.0, 1.0, 0.0], [0.0, 0.0, 0.0, 1.0]], "pose_inverse": [[0.7641043066978455, -0.6450927257537842, 0.0, 332.601806640625], [0.6450927257537842, 0.7641043066978455, 0.0, -1647.1146240234375], [0.0, 0.0, 1.0, 0.0], [0.0, 0.0, 0.0, 1.0]], "cam_ids": [0, 1, 2, 3, 4, 5], "cam_channels": ["CAM_FRONT_LEFT", "CAM_FRONT", "CAM_FRONT_RIGHT", "CAM_BACK_LEFT", "CAM_BACK", "CAM_BACK_RIGHT"], "token": "39910a22341645a6b79291583d52c502", "scene": "scene-0480"}, {"images": ["samples/CAM_FRONT_LEFT/n008-2018-09-18-12-53-31-0400__CAM_FRONT_LEFT__1537290298004799.jpg", "samples/CAM_FRONT/n008-2018-09-18-12-53-31-0400__CAM_FRONT__1537290298012404.jpg", "samples/CAM_FRONT_RIGHT/n008-2018-09-18-12-53-31-0400__CAM_FRONT_RIGHT__1537290298020482.jpg", "samples/CAM_BACK_LEFT/n008-2018-09-18-12-53-31-0400__CAM_BACK_LEFT__1537290298047405.jpg", "samples/CAM_BACK/n008-2018-09-18-12-53-31-0400__CAM_BACK__1537290298037558.jpg", "samples/CAM_BACK_RIGHT/n008-2018-09-18-12-53-31-0400__CAM_BACK_RIGHT__1537290298028113.jpg"], "intrinsics": [[[1257.8625342125129, 0.0, 827.2410631095686], [0.0, 1257.8625342125129, 450.915498205774], [0.0, 0.0, 1.0]], [[1252.8131021185304, 0.0, 826.588114781398], [0.0, 1252.8131021185304, 469.9846626224581], [0.0, 0.0, 1.0]], [[1256.7485116440405, 0.0, 817.7887570959712], [0.0, 1256.7485116440403, 451.9541780095127], [0.0, 0.0, 1.0]], [[1254.9860565800168, 0.0, 829.5769333630991], [0.0, 1254.9860565800168, 467.1680561863987], [0.0, 0.0, 1.0]], [[796.8910634503094, 0.0, 857.7774326863696], [0.0, 796.8910634503094, 476.8848988407415], [0.0, 0.0, 1.0]], [[1249.9629280788233, 0.0, 825.3768045375984], [0.0, 1249.9629280788233, 462.54816385708756], [0.0, 0.0, 1.0]]], "extrinsics": [[[0.8225016593933105, -0.5687538981437683, 0.003149162046611309, -0.6954345703125], [0.007197377737611532, 0.004871725104749203, -0.9999622106552124, 1.491020679473877], [0.5687170624732971, 0.8224932551383972, 0.008100537583231926, -1.1171875], [0.0, 0.0, 0.0, 1.0]], [[0.010302536189556122, -0.999946653842926, -0.0006541923503391445, 0.007568359375], [0.009020288474857807, 0.0007471386925317347, -0.9999590516090393, 1.4829860925674438], [0.9999061226844788, 0.010296277701854706, 0.009027505293488503, -1.422210693359375], [0.0, 0.0, 0.0, 1.0]], [[-0.84388667345047, -0.5364284515380859, -0.010000490583479404, 0.88531494140625], [0.01690366305410862, -0.007952655665576458, -0.9998254776000977, 1.4971771240234375], [0.5362552404403687, -0.843908429145813, 0.015778742730617523, -1.1474609375], [0.0, 0.0, 0.0, 1.0]], [[0.9478826522827148, 0.318558007478714, -0.006262952461838722, -1.130828857421875], [-0.009026511572301388, 0.007199752610176802, -0.9999333620071411, 1.5619173049926758], [-0.318491667509079, 0.9478760361671448, 0.0096999891102314, -0.1605224609375], [0.0, 0.0, 0.0, 1.0]], [[0.009129466488957405, 0.9999582171440125, -0.00038678289274685085, -0.028076171875], [-0.006740430369973183, -0.0003252501192037016, -0.999977171421051, 1.5674036741256714], [-0.9999356269836426, 0.009131879545748234, 0.006737179588526487, -0.05322265625], [0.0, 0.0, 0.0, 1.0]], [[-0.9238048791885376, 0.3828049898147583, -0.006693390663713217, 0.99627685546875], [-0.0023001818917691708, -0.023031355813145638, -0.9997320771217346, 1.5474090576171875], [-0.3828565180301666, -0.9235419631004333, 0.022157002240419388, -0.111572265625], [0.0, 0.0, 0.0, 1.0]]], "view": [[0.0, -2.0, 100.0], [-2.0, 0.0, 100.0], [0.0, 0.0, 1.0]], "bev": "bev_5210c308afe549b39d190d73d5581356.png", "aux": "aux_5210c308afe549b39d190d73d5581356.npz", "visibility": "visibility_5210c308afe549b39d190d73d5581356.png", "pose": [[0.7646505236625671, 0.6444451212882996, 0.0, 811.6012573242188], [-0.6444451212882996, 0.7646505236625671, 0.0, 1470.379150390625], [0.0, 0.0, 1.0, 0.0], [0.0, 0.0, 0.0, 1.0]], "pose_inverse": [[0.7646505236625671, -0.6444451212882996, 0.0, 326.98736572265625], [0.6444451212882996, 0.7646505236625671, 0.0, -1647.3587646484375], [0.0, 0.0, 1.0, 0.0], [0.0, 0.0, 0.0, 1.0]], "cam_ids": [0, 1, 2, 3, 4, 5], "cam_channels": ["CAM_FRONT_LEFT", "CAM_FRONT", "CAM_FRONT_RIGHT", "CAM_BACK_LEFT", "CAM_BACK", "CAM_BACK_RIGHT"], "token": "5210c308afe549b39d190d73d5581356", "scene": "scene-0480"}, {"images": ["samples/CAM_FRONT_LEFT/n008-2018-09-18-12-53-31-0400__CAM_FRONT_LEFT__1537290298504799.jpg", "samples/CAM_FRONT/n008-2018-09-18-12-53-31-0400__CAM_FRONT__1537290298512404.jpg", "samples/CAM_FRONT_RIGHT/n008-2018-09-18-12-53-31-0400__CAM_FRONT_RIGHT__1537290298520482.jpg", "samples/CAM_BACK_LEFT/n008-2018-09-18-12-53-31-0400__CAM_BACK_LEFT__1537290298547405.jpg", "samples/CAM_BACK/n008-2018-09-18-12-53-31-0400__CAM_BACK__1537290298537558.jpg", "samples/CAM_BACK_RIGHT/n008-2018-09-18-12-53-31-0400__CAM_BACK_RIGHT__1537290298528113.jpg"], "intrinsics": [[[1257.8625342125129, 0.0, 827.2410631095686], [0.0, 1257.8625342125129, 450.915498205774], [0.0, 0.0, 1.0]], [[1252.8131021185304, 0.0, 826.588114781398], [0.0, 1252.8131021185304, 469.9846626224581], [0.0, 0.0, 1.0]], [[1256.7485116440405, 0.0, 817.7887570959712], [0.0, 1256.7485116440403, 451.9541780095127], [0.0, 0.0, 1.0]], [[1254.9860565800168, 0.0, 829.5769333630991], [0.0, 1254.9860565800168, 467.1680561863987], [0.0, 0.0, 1.0]], [[796.8910634503094, 0.0, 857.7774326863696], [0.0, 796.8910634503094, 476.8848988407415], [0.0, 0.0, 1.0]], [[1249.9629280788233, 0.0, 825.3768045375984], [0.0, 1249.9629280788233, 462.54816385708756], [0.0, 0.0, 1.0]]], "extrinsics": [[[0.8225669264793396, -0.5686480402946472, 0.004813602659851313, -0.701416015625], [0.0124492347240448, 0.009544250555336475, -0.9998769164085388, 1.4928312301635742], [0.5685320496559143, 0.8225255012512207, 0.014930015429854393, -1.12744140625], [0.0, 0.0, 0.0, 1.0]], [[0.010333062149584293, -0.999932050704956, -0.0053911032155156136, 0.0111083984375], [0.014658138155937195, 0.005542280152440071, -0.9998772144317627, 1.4845738410949707], [0.999839186668396, 0.010252812877297401, 0.014714410528540611, -1.432952880859375], [0.0, 0.0, 0.0, 1.0]], [[-0.8438739776611328, -0.5362479090690613, -0.017746927216649055, 0.89508056640625], [0.02294996753334999, -0.0030297713819891214, -0.9997320175170898, 1.4984149932861328], [0.5360503792762756, -0.84405517578125, 0.014863614924252033, -1.151611328125], [0.0, 0.0, 0.0, 1.0]], [[0.9478763341903687, 0.3186286389827728, 0.0025212757755070925, -1.1363525390625], [-0.0015449958154931664, 0.012508416548371315, -0.9999205470085144, 1.562032699584961], [-0.31863483786582947, 0.9477970600128174, 0.012348710559308529, -0.15869140625], [0.0, 0.0, 0.0, 1.0]], [[0.009161693975329399, 0.9999464154243469, 0.004832186736166477, -0.0284423828125], [0.00026738623273558915, 0.00482993945479393, -0.999988317489624, 1.5680842399597168], [-0.9999580383300781, 0.009162950329482555, -0.00022312154760584235, -0.04541015625], [0.0, 0.0, 0.0, 1.0]], [[-0.923688530921936, 0.3829939365386963, -0.01073431596159935, 1.00494384765625], [0.0041575306095182896, -0.017995646223425865, -0.9998294115066528, 1.5485305786132812], [-0.38312169909477234, -0.9235756397247314, 0.01503006275743246, -0.1072998046875], [0.0, 0.0, 0.0, 1.0]]], "view": [[0.0, -2.0, 100.0], [-2.0, 0.0, 100.0], [0.0, 0.0, 1.0]], "bev": "bev_8b437ae0d1bb43a1904c5114f4bae34f.png", "aux": "aux_8b437ae0d1bb43a1904c5114f4bae34f.npz", "visibility": "visibility_8b437ae0d1bb43a1904c5114f4bae34f.png", "pose": [[0.7623506188392639, 0.6471642255783081, 0.0, 814.8110961914062], [-0.6471642255783081, 0.7623506188392639, 0.0, 1467.612548828125], [0.0, 0.0, 1.0, 0.0], [0.0, 0.0, 0.0, 1.0]], "pose_inverse": [[0.7623506188392639, -0.6471642255783081, 0.0, 328.61456298828125], [0.6471642255783081, 0.7623506188392639, 0.0, -1646.1519775390625], [0.0, 0.0, 1.0, 0.0], [0.0, 0.0, 0.0, 1.0]], "cam_ids": [0, 1, 2, 3, 4, 5], "cam_channels": ["CAM_FRONT_LEFT", "CAM_FRONT", "CAM_FRONT_RIGHT", "CAM_BACK_LEFT", "CAM_BACK", "CAM_BACK_RIGHT"], "token": "8b437ae0d1bb43a1904c5114f4bae34f", "scene": "scene-0480"}, {"images": ["samples/CAM_FRONT_LEFT/n008-2018-09-18-12-53-31-0400__CAM_FRONT_LEFT__1537290299004799.jpg", "samples/CAM_FRONT/n008-2018-09-18-12-53-31-0400__CAM_FRONT__1537290299012404.jpg", "samples/CAM_FRONT_RIGHT/n008-2018-09-18-12-53-31-0400__CAM_FRONT_RIGHT__1537290299020482.jpg", "samples/CAM_BACK_LEFT/n008-2018-09-18-12-53-31-0400__CAM_BACK_LEFT__1537290299047405.jpg", "samples/CAM_BACK/n008-2018-09-18-12-53-31-0400__CAM_BACK__1537290299037558.jpg", "samples/CAM_BACK_RIGHT/n008-2018-09-18-12-53-31-0400__CAM_BACK_RIGHT__1537290299028113.jpg"], "intrinsics": [[[1257.8625342125129, 0.0, 827.2410631095686], [0.0, 1257.8625342125129, 450.915498205774], [0.0, 0.0, 1.0]], [[1252.8131021185304, 0.0, 826.588114781398], [0.0, 1252.8131021185304, 469.9846626224581], [0.0, 0.0, 1.0]], [[1256.7485116440405, 0.0, 817.7887570959712], [0.0, 1256.7485116440403, 451.9541780095127], [0.0, 0.0, 1.0]], [[1254.9860565800168, 0.0, 829.5769333630991], [0.0, 1254.9860565800168, 467.1680561863987], [0.0, 0.0, 1.0]], [[796.8910634503094, 0.0, 857.7774326863696], [0.0, 796.8910634503094, 476.8848988407415], [0.0, 0.0, 1.0]], [[1249.9629280788233, 0.0, 825.3768045375984], [0.0, 1249.9629280788233, 462.54816385708756], [0.0, 0.0, 1.0]]], "extrinsics": [[[0.8227254748344421, -0.5683934092521667, 0.00719927903264761, -0.693359375], [0.01456224825233221, 0.008414016105234623, -0.999858558177948, 1.4937019348144531], [0.568252444267273, 0.8227139711380005, 0.0151995113119483, -1.1251220703125], [0.0, 0.0, 0.0, 1.0]], [[0.010654889978468418, -0.9999353289604187, -0.003982178401201963, 0.0137939453125], [0.01648491807281971, 0.004157517105340958, -0.9998555183410645, 1.4852505922317505], [0.9998073577880859, 0.010587683878839016, 0.01652815006673336, -1.425018310546875], [0.0, 0.0, 0.0, 1.0]], [[-0.8436717391014099, -0.5365527272224426, -0.018140820786356926, 0.88970947265625], [0.024473296478390694, -0.004682187456637621, -0.999689519405365, 1.4989843368530273], [0.53630131483078, -0.843853771686554, 0.017081445083022118, -1.14501953125], [0.0, 0.0, 0.0, 1.0]], [[0.9478721022605896, 0.3186430335044861, 0.002283764071762562, -1.1330108642578125], [-0.001012168824672699, 0.010177692398428917, -0.999947726726532, 1.5620317459106445], [-0.31864961981773376, 0.9478201866149902, 0.009969670325517654, -0.159912109375], [0.0, 0.0, 0.0, 1.0]], [[0.009018241427838802, 0.9999556541442871, 0.0027199999894946814, -0.029541015625], [0.0011731270933523774, 0.002709528896957636, -0.9999956488609314, 1.5681686401367188], [-0.9999585747718811, 0.009021447040140629, -0.0011486394796520472, -0.051116943359375], [0.0, 0.0, 0.0, 1.0]], [[-0.9237770438194275, 0.38272321224212646, -0.012601401656866074, 0.9970703125], [0.005397458095103502, -0.019890815019607544, -0.9997875690460205, 1.5488243103027344], [-0.38289257884025574, -0.9236488938331604, 0.016308946534991264, -0.108154296875], [0.0, 0.0, 0.0, 1.0]]], "view": [[0.0, -2.0, 100.0], [-2.0, 0.0, 100.0], [0.0, 0.0, 1.0]], "bev": "bev_20952ebdfea044dca90b5c51fe3be467.png", "aux": "aux_20952ebdfea044dca90b5c51fe3be467.npz", "visibility": "visibility_20952ebdfea044dca90b5c51fe3be467.png", "pose": [[0.760660707950592, 0.6491496562957764, 0.0, 818.0298461914062], [-0.6491496562957764, 0.760660707950592, 0.0, 1464.8092041015625], [0.0, 0.0, 1.0, 0.0], [0.0, 0.0, 0.0, 1.0]], "pose_inverse": [[0.760660707950592, -0.6491496562957764, 0.0, 328.6371765136719], [0.6491496562957764, 0.760660707950592, 0.0, -1645.24658203125], [0.0, 0.0, 1.0, 0.0], [0.0, 0.0, 0.0, 1.0]], "cam_ids": [0, 1, 2, 3, 4, 5], "cam_channels": ["CAM_FRONT_LEFT", "CAM_FRONT", "CAM_FRONT_RIGHT", "CAM_BACK_LEFT", "CAM_BACK", "CAM_BACK_RIGHT"], "token": "20952ebdfea044dca90b5c51fe3be467", "scene": "scene-0480"}, {"images": ["samples/CAM_FRONT_LEFT/n008-2018-09-18-12-53-31-0400__CAM_FRONT_LEFT__1537290299504799.jpg", "samples/CAM_FRONT/n008-2018-09-18-12-53-31-0400__CAM_FRONT__1537290299512404.jpg", "samples/CAM_FRONT_RIGHT/n008-2018-09-18-12-53-31-0400__CAM_FRONT_RIGHT__1537290299520482.jpg", "samples/CAM_BACK_LEFT/n008-2018-09-18-12-53-31-0400__CAM_BACK_LEFT__1537290299547405.jpg", "samples/CAM_BACK/n008-2018-09-18-12-53-31-0400__CAM_BACK__1537290299537558.jpg", "samples/CAM_BACK_RIGHT/n008-2018-09-18-12-53-31-0400__CAM_BACK_RIGHT__1537290299528113.jpg"], "intrinsics": [[[1257.8625342125129, 0.0, 827.2410631095686], [0.0, 1257.8625342125129, 450.915498205774], [0.0, 0.0, 1.0]], [[1252.8131021185304, 0.0, 826.588114781398], [0.0, 1252.8131021185304, 469.9846626224581], [0.0, 0.0, 1.0]], [[1256.7485116440405, 0.0, 817.7887570959712], [0.0, 1256.7485116440403, 451.9541780095127], [0.0, 0.0, 1.0]], [[1254.9860565800168, 0.0, 829.5769333630991], [0.0, 1254.9860565800168, 467.1680561863987], [0.0, 0.0, 1.0]], [[796.8910634503094, 0.0, 857.7774326863696], [0.0, 796.8910634503094, 476.8848988407415], [0.0, 0.0, 1.0]], [[1249.9629280788233, 0.0, 825.3768045375984], [0.0, 1249.9629280788233, 462.54816385708756], [0.0, 0.0, 1.0]]], "extrinsics": [[[0.8227337598800659, -0.5684026479721069, 0.005246920511126518, -0.687255859375], [0.012095407582819462, 0.008277485147118568, -0.9998925924301147, 1.4929418563842773], [0.5682981610298157, 0.8227088451385498, 0.013685228303074837, -1.1156005859375], [0.0, 0.0, 0.0, 1.0]], [[0.010603824630379677, -0.9999354481697083, -0.00407759752124548, 0.0098876953125], [0.0140888886526227, 0.004226825665682554, -0.9998918175697327, 1.4846428632736206], [0.9998445510864258, 0.010545280762016773, 0.01413279864937067, -1.416473388671875], [0.0, 0.0, 0.0, 1.0]], [[-0.8437506556510925, -0.536486804485321, -0.016333334147930145, 0.88238525390625], [0.022148478776216507, -0.004396428354084492, -0.9997450113296509, 1.4985466003417969], [0.5362781286239624, -0.8438973426818848, 0.015591854229569435, -1.144775390625], [0.0, 0.0, 0.0, 1.0]], [[0.9478803277015686, 0.31862616539001465, 0.0005184094770811498, -1.129302978515625], [-0.0031265090219676495, 0.010927955619990826, -0.9999353885650635, 1.5619964599609375], [-0.3186112642288208, 0.9478174448013306, 0.011354581452906132, -0.1611328125], [0.0, 0.0, 0.0, 1.0]], [[0.009065655060112476, 0.9999535083770752, 0.003307127859443426, -0.0279541015625], [-0.0010876433225348592, 0.003317123046144843, -0.9999938607215881, 1.5679540634155273], [-0.999958336353302, 0.00906203780323267, 0.0011176641564816236, -0.05535888671875], [0.0, 0.0, 0.0, 1.0]], [[-0.9237773418426514, 0.3827917277812958, -0.0102947186678648, 0.99359130859375], [0.00309158256277442, -0.019427776336669922, -0.9998065233230591, 1.5483779907226562], [-0.382917582988739, -0.9236302971839905, 0.016763508319854736, -0.112548828125], [0.0, 0.0, 0.0, 1.0]]], "view": [[0.0, -2.0, 100.0], [-2.0, 0.0, 100.0], [0.0, 0.0, 1.0]], "bev": "bev_2fc764fe2f8d4e888e39ef4f1ee89505.png", "aux": "aux_2fc764fe2f8d4e888e39ef4f1ee89505.npz", "visibility": "visibility_2fc764fe2f8d4e888e39ef4f1ee89505.png", "pose": [[0.7591227889060974, 0.6509474515914917, 0.0, 821.3021240234375], [-0.6509474515914917, 0.7591227889060974, 0.0, 1461.9664306640625], [0.0, 0.0, 1.0, 0.0], [0.0, 0.0, 0.0, 1.0]], "pose_inverse": [[0.7591227889060974, -0.6509474515914917, 0.0, 328.194091796875], [0.6509474515914917, 0.7591227889060974, 0.0, -1644.4365234375], [0.0, 0.0, 1.0, 0.0], [0.0, 0.0, 0.0, 1.0]], "cam_ids": [0, 1, 2, 3, 4, 5], "cam_channels": ["CAM_FRONT_LEFT", "CAM_FRONT", "CAM_FRONT_RIGHT", "CAM_BACK_LEFT", "CAM_BACK", "CAM_BACK_RIGHT"], "token": "2fc764fe2f8d4e888e39ef4f1ee89505", "scene": "scene-0480"}, {"images": ["samples/CAM_FRONT_LEFT/n008-2018-09-18-12-53-31-0400__CAM_FRONT_LEFT__1537290300004799.jpg", "samples/CAM_FRONT/n008-2018-09-18-12-53-31-0400__CAM_FRONT__1537290300012404.jpg", "samples/CAM_FRONT_RIGHT/n008-2018-09-18-12-53-31-0400__CAM_FRONT_RIGHT__1537290300020482.jpg", "samples/CAM_BACK_LEFT/n008-2018-09-18-12-53-31-0400__CAM_BACK_LEFT__1537290300047405.jpg", "samples/CAM_BACK/n008-2018-09-18-12-53-31-0400__CAM_BACK__1537290300038384.jpg", "samples/CAM_BACK_RIGHT/n008-2018-09-18-12-53-31-0400__CAM_BACK_RIGHT__1537290300028113.jpg"], "intrinsics": [[[1257.8625342125129, 0.0, 827.2410631095686], [0.0, 1257.8625342125129, 450.915498205774], [0.0, 0.0, 1.0]], [[1252.8131021185304, 0.0, 826.588114781398], [0.0, 1252.8131021185304, 469.9846626224581], [0.0, 0.0, 1.0]], [[1256.7485116440405, 0.0, 817.7887570959712], [0.0, 1256.7485116440403, 451.9541780095127], [0.0, 0.0, 1.0]], [[1254.9860565800168, 0.0, 829.5769333630991], [0.0, 1254.9860565800168, 467.1680561863987], [0.0, 0.0, 1.0]], [[796.8910634503094, 0.0, 857.7774326863696], [0.0, 796.8910634503094, 476.8848988407415], [0.0, 0.0, 1.0]], [[1249.9629280788233, 0.0, 825.3768045375984], [0.0, 1249.9629280788233, 462.54816385708756], [0.0, 0.0, 1.0]]], "extrinsics": [[[0.8230568170547485, -0.5679556131362915, 0.001978317042812705, -0.6807861328125], [0.011794168502092361, 0.013608941808342934, -0.9998378157615662, 1.4928092956542969], [0.567836582660675, 0.8229466676712036, 0.017899496480822563, -1.1170654296875], [0.0, 0.0, 0.0, 1.0]], [[0.011047638952732086, -0.9998939633369446, -0.0094863660633564, 0.0137939453125], [0.013868569396436214, 0.009639249183237553, -0.9998573660850525, 1.4845809936523438], [0.9998428225517273, 0.01091450173407793, 0.013973589986562729, -1.412994384765625], [0.0, 0.0, 0.0, 1.0]], [[-0.8435832262039185, -0.5366561412811279, -0.0191709753125906, 0.882080078125], [0.022017527371644974, 0.001104429131373763, -0.9997569918632507, 1.4985647201538086], [0.5365469455718994, -0.8438003659248352, 0.010884163901209831, -1.1405029296875], [0.0, 0.0, 0.0, 1.0]], [[0.9478727579116821, 0.318641722202301, 0.002161542885005474, -1.1345062255859375], [-0.003327977145090699, 0.0166824609041214, -0.9998552799224854, 1.5620059967041016], [-0.31863173842430115, 0.9477283954620361, 0.016873283311724663, -0.1595458984375], [0.0, 0.0, 0.0, 1.0]], [[0.008952884934842587, 0.9999184608459473, 0.00910553801804781, -0.029541015625], [-0.0010756781557574868, 0.00911552831530571, -0.9999578595161438, 1.5679521560668945], [-0.999959409236908, 0.008942723274230957, 0.0011571997310966253, -0.045806884765625], [0.0, 0.0, 0.0, 1.0]], [[-0.9238621592521667, 0.38263946771621704, -0.008098476566374302, 0.99176025390625], [0.003055269829928875, -0.013785877265036106, -0.9999002814292908, 1.5484046936035156], [-0.3827129602432251, -0.9237948656082153, 0.011567184701561928, -0.110595703125], [0.0, 0.0, 0.0, 1.0]]], "view": [[0.0, -2.0, 100.0], [-2.0, 0.0, 100.0], [0.0, 0.0, 1.0]], "bev": "bev_08c2cce900654ce7a8dd8619efeed9fa.png", "aux": "aux_08c2cce900654ce7a8dd8619efeed9fa.npz", "visibility": "visibility_08c2cce900654ce7a8dd8619efeed9fa.png", "pose": [[0.7564822435379028, 0.6540142297744751, 0.0, 824.556884765625], [-0.6540142297744751, 0.7564822435379028, 0.0, 1459.1134033203125], [0.0, 0.0, 1.0, 0.0], [0.0, 0.0, 0.0, 1.0]], "pose_inverse": [[0.7564822435379028, -0.6540142297744751, 0.0, 330.51824951171875], [0.6540142297744751, 0.7564822435379028, 0.0, -1643.0653076171875], [0.0, 0.0, 1.0, 0.0], [0.0, 0.0, 0.0, 1.0]], "cam_ids": [0, 1, 2, 3, 4, 5], "cam_channels": ["CAM_FRONT_LEFT", "CAM_FRONT", "CAM_FRONT_RIGHT", "CAM_BACK_LEFT", "CAM_BACK", "CAM_BACK_RIGHT"], "token": "08c2cce900654ce7a8dd8619efeed9fa", "scene": "scene-0480"}, {"images": ["samples/CAM_FRONT_LEFT/n008-2018-09-18-12-53-31-0400__CAM_FRONT_LEFT__1537290300404799.jpg", "samples/CAM_FRONT/n008-2018-09-18-12-53-31-0400__CAM_FRONT__1537290300412404.jpg", "samples/CAM_FRONT_RIGHT/n008-2018-09-18-12-53-31-0400__CAM_FRONT_RIGHT__1537290300420482.jpg", "samples/CAM_BACK_LEFT/n008-2018-09-18-12-53-31-0400__CAM_BACK_LEFT__1537290300447665.jpg", "samples/CAM_BACK/n008-2018-09-18-12-53-31-0400__CAM_BACK__1537290300437558.jpg", "samples/CAM_BACK_RIGHT/n008-2018-09-18-12-53-31-0400__CAM_BACK_RIGHT__1537290300428113.jpg"], "intrinsics": [[[1257.8625342125129, 0.0, 827.2410631095686], [0.0, 1257.8625342125129, 450.915498205774], [0.0, 0.0, 1.0]], [[1252.8131021185304, 0.0, 826.588114781398], [0.0, 1252.8131021185304, 469.9846626224581], [0.0, 0.0, 1.0]], [[1256.7485116440405, 0.0, 817.7887570959712], [0.0, 1256.7485116440403, 451.9541780095127], [0.0, 0.0, 1.0]], [[1254.9860565800168, 0.0, 829.5769333630991], [0.0, 1254.9860565800168, 467.1680561863987], [0.0, 0.0, 1.0]], [[796.8910634503094, 0.0, 857.7774326863696], [0.0, 796.8910634503094, 476.8848988407415], [0.0, 0.0, 1.0]], [[1249.9629280788233, 0.0, 825.3768045375984], [0.0, 1249.9629280788233, 462.54816385708756], [0.0, 0.0, 1.0]]], "extrinsics": [[[0.822632372379303, -0.5685513615608215, -0.005054825451225042, -0.687744140625], [0.00101959565654397, 0.010365473106503487, -0.9999457597732544, 1.4886760711669922], [0.5685729384422302, 0.822582483291626, 0.009106663055717945, -1.1153564453125], [0.0, 0.0, 0.0, 1.0]], [[0.01036877278238535, -0.999927282333374, -0.006149948108941317, 0.0096435546875], [0.002691427478566766, 0.006178164854645729, -0.9999772906303406, 1.48101806640625], [0.9999426007270813, 0.010351981967687607, 0.0027552919927984476, -1.416046142578125], [0.0, 0.0, 0.0, 1.0]], [[-0.8439827561378479, -0.536319375038147, -0.007403917144984007, 0.88165283203125], [0.010418280959129333, -0.0025905421935021877, -0.9999423623085022, 1.4956588745117188], [0.5362692475318909, -0.8440111875534058, 0.007773899007588625, -1.1441650390625], [0.0, 0.0, 0.0, 1.0]], [[0.9478399157524109, 0.31853988766670227, -0.011482308618724346, -1.13385009765625], [-0.016165239736437798, 0.012061555869877338, -0.9997965693473816, 1.5618762969970703], [-0.3183366358280182, 0.9478327631950378, 0.0165816992521286, -0.1590576171875], [0.0, 0.0, 0.0, 1.0]], [[0.009220154955983162, 0.9999465942382812, 0.004676744807511568, -0.0281982421875], [-0.013526917435228825, 0.004801241680979729, -0.9998969435691833, 1.5667238235473633], [-0.9998660087585449, 0.009156031534075737, 0.013570462353527546, -0.054443359375], [0.0, 0.0, 0.0, 1.0]], [[-0.9237727522850037, 0.3829386532306671, 0.0013753529638051987, 0.99310302734375], [-0.008848118595778942, -0.017753679305315018, -0.9998032450675964, 1.5462169647216797], [-0.38283878564834595, -0.9236031770706177, 0.019788652658462524, -0.11279296875], [0.0, 0.0, 0.0, 1.0]]], "view": [[0.0, -2.0, 100.0], [-2.0, 0.0, 100.0], [0.0, 0.0, 1.0]], "bev": "bev_a8abe33b47254085bcb3e013d7c5617f.png", "aux": "aux_a8abe33b47254085bcb3e013d7c5617f.npz", "visibility": "visibility_a8abe33b47254085bcb3e013d7c5617f.png", "pose": [[0.7560014724731445, 0.6545699238777161, 0.0, 827.2088012695312], [-0.6545699238777161, 0.7560014724731445, 0.0, 1456.7938232421875], [0.0, 0.0, 1.0, 0.0], [0.0, 0.0, 0.0, 1.0]], "pose_inverse": [[0.7560014724731445, -0.6545699238777161, 0.0, 328.2023010253906], [0.6545699238777161, 0.7560014724731445, 0.0, -1642.8043212890625], [0.0, 0.0, 1.0, 0.0], [0.0, 0.0, 0.0, 1.0]], "cam_ids": [0, 1, 2, 3, 4, 5], "cam_channels": ["CAM_FRONT_LEFT", "CAM_FRONT", "CAM_FRONT_RIGHT", "CAM_BACK_LEFT", "CAM_BACK", "CAM_BACK_RIGHT"], "token": "a8abe33b47254085bcb3e013d7c5617f", "scene": "scene-0480"}, {"images": ["samples/CAM_FRONT_LEFT/n008-2018-09-18-12-53-31-0400__CAM_FRONT_LEFT__1537290301004799.jpg", "samples/CAM_FRONT/n008-2018-09-18-12-53-31-0400__CAM_FRONT__1537290301012404.jpg", "samples/CAM_FRONT_RIGHT/n008-2018-09-18-12-53-31-0400__CAM_FRONT_RIGHT__1537290301020482.jpg", "samples/CAM_BACK_LEFT/n008-2018-09-18-12-53-31-0400__CAM_BACK_LEFT__1537290301047405.jpg", "samples/CAM_BACK/n008-2018-09-18-12-53-31-0400__CAM_BACK__1537290301037558.jpg", "samples/CAM_BACK_RIGHT/n008-2018-09-18-12-53-31-0400__CAM_BACK_RIGHT__1537290301028113.jpg"], "intrinsics": [[[1257.8625342125129, 0.0, 827.2410631095686], [0.0, 1257.8625342125129, 450.915498205774], [0.0, 0.0, 1.0]], [[1252.8131021185304, 0.0, 826.588114781398], [0.0, 1252.8131021185304, 469.9846626224581], [0.0, 0.0, 1.0]], [[1256.7485116440405, 0.0, 817.7887570959712], [0.0, 1256.7485116440403, 451.9541780095127], [0.0, 0.0, 1.0]], [[1254.9860565800168, 0.0, 829.5769333630991], [0.0, 1254.9860565800168, 467.1680561863987], [0.0, 0.0, 1.0]], [[796.8910634503094, 0.0, 857.7774326863696], [0.0, 796.8910634503094, 476.8848988407415], [0.0, 0.0, 1.0]], [[1249.9629280788233, 0.0, 825.3768045375984], [0.0, 1249.9629280788233, 462.54816385708756], [0.0, 0.0, 1.0]]], "extrinsics": [[[0.8223970532417297, -0.5688677430152893, -0.00725247897207737, -0.6741943359375], [-0.011834283359348774, -0.004360551480203867, -0.9999204277992249, 1.483577013015747], [0.5687909126281738, 0.8224174976348877, -0.01031824853271246, -1.10888671875], [0.0, 0.0, 0.0, 1.0]], [[0.010135146789252758, -0.9999133348464966, 0.008402418345212936, 0.011474609375], [-0.009768171235918999, -0.008501453325152397, -0.999916136264801, 1.4769515991210938], [0.9999009966850281, 0.010052264668047428, -0.009853487834334373, -1.40313720703125], [0.0, 0.0, 0.0, 1.0]], [[-0.8440808057785034, -0.5361109972000122, 0.010608822107315063, 0.873046875], [-0.0016300793504342437, -0.01721903868019581, -0.9998503923416138, 1.492685317993164], [0.5362134575843811, -0.8439719676971436, 0.013660358265042305, -1.136962890625], [0.0, 0.0, 0.0, 1.0]], [[0.9476457238197327, 0.3182758390903473, -0.02584582008421421, -1.12738037109375], [-0.026614677160978317, -0.001933323685079813, -0.999643862247467, 1.5615768432617188], [-0.3182125389575958, 0.9479961395263672, 0.0066387043334543705, -0.161865234375], [0.0, 0.0, 0.0, 1.0]], [[0.00930723175406456, 0.9999091029167175, -0.009751373901963234, -0.02880859375], [-0.024598941206932068, -0.00951989833265543, -0.999652087688446, 1.5654630661010742], [-0.9996541142463684, 0.009543846361339092, 0.02450810745358467, -0.0616455078125], [0.0, 0.0, 0.0, 1.0]], [[-0.923656702041626, 0.38316306471824646, 0.006649533286690712, 0.98388671875], [-0.020581061020493507, -0.032271310687065125, -0.9992672204971313, 1.5439414978027344], [-0.382667601108551, -0.9231167435646057, 0.03769351541996002, -0.115234375], [0.0, 0.0, 0.0, 1.0]]], "view": [[0.0, -2.0, 100.0], [-2.0, 0.0, 100.0], [0.0, 0.0, 1.0]], "bev": "bev_680e86de9787463a907fd2ba48a82bec.png", "aux": "aux_680e86de9787463a907fd2ba48a82bec.npz", "visibility": "visibility_680e86de9787463a907fd2ba48a82bec.png", "pose": [[0.7551847100257874, 0.6555120348930359, 0.0, 831.234619140625], [-0.6555120348930359, 0.7551847100257874, 0.0, 1453.271240234375], [0.0, 0.0, 1.0, 0.0], [0.0, 0.0, 0.0, 1.0]], "pose_inverse": [[0.7551847100257874, -0.6555120348930359, 0.0, 324.901123046875], [0.6555120348930359, 0.7551847100257874, 0.0, -1642.37255859375], [0.0, 0.0, 1.0, 0.0], [0.0, 0.0, 0.0, 1.0]], "cam_ids": [0, 1, 2, 3, 4, 5], "cam_channels": ["CAM_FRONT_LEFT", "CAM_FRONT", "CAM_FRONT_RIGHT", "CAM_BACK_LEFT", "CAM_BACK", "CAM_BACK_RIGHT"], "token": "680e86de9787463a907fd2ba48a82bec", "scene": "scene-0480"}, {"images": ["samples/CAM_FRONT_LEFT/n008-2018-09-18-12-53-31-0400__CAM_FRONT_LEFT__1537290301504799.jpg", "samples/CAM_FRONT/n008-2018-09-18-12-53-31-0400__CAM_FRONT__1537290301512404.jpg", "samples/CAM_FRONT_RIGHT/n008-2018-09-18-12-53-31-0400__CAM_FRONT_RIGHT__1537290301520482.jpg", "samples/CAM_BACK_LEFT/n008-2018-09-18-12-53-31-0400__CAM_BACK_LEFT__1537290301547405.jpg", "samples/CAM_BACK/n008-2018-09-18-12-53-31-0400__CAM_BACK__1537290301537558.jpg", "samples/CAM_BACK_RIGHT/n008-2018-09-18-12-53-31-0400__CAM_BACK_RIGHT__1537290301528113.jpg"], "intrinsics": [[[1257.8625342125129, 0.0, 827.2410631095686], [0.0, 1257.8625342125129, 450.915498205774], [0.0, 0.0, 1.0]], [[1252.8131021185304, 0.0, 826.588114781398], [0.0, 1252.8131021185304, 469.9846626224581], [0.0, 0.0, 1.0]], [[1256.7485116440405, 0.0, 817.7887570959712], [0.0, 1256.7485116440403, 451.9541780095127], [0.0, 0.0, 1.0]], [[1254.9860565800168, 0.0, 829.5769333630991], [0.0, 1254.9860565800168, 467.1680561863987], [0.0, 0.0, 1.0]], [[796.8910634503094, 0.0, 857.7774326863696], [0.0, 796.8910634503094, 476.8848988407415], [0.0, 0.0, 1.0]], [[1249.9629280788233, 0.0, 825.3768045375984], [0.0, 1249.9629280788233, 462.54816385708756], [0.0, 0.0, 1.0]]], "extrinsics": [[[0.8222435116767883, -0.5691356062889099, -0.0006140336627140641, -0.677001953125], [0.0006015156977809966, 0.001947911106981337, -0.9999979138374329, 1.4885239601135254], [0.5691355466842651, 0.8222414255142212, 0.0019440018804743886, -1.1109619140625], [0.0, 0.0, 0.0, 1.0]], [[0.00987462978810072, -0.9999486207962036, 0.002276142593473196, 0.0118408203125], [0.002749816747382283, -0.0022490909323096275, -0.9999937415122986, 1.4810733795166016], [0.9999474883079529, 0.009880879893898964, 0.00272746616974473, -1.407257080078125], [0.0, 0.0, 0.0, 1.0]], [[-0.8441380262374878, -0.5361154675483704, -0.0033554600086063147, 0.8773193359375], [0.010978125035762787, -0.011027476750314236, -0.9998789429664612, 1.4958934783935547], [0.5360135436058044, -0.8440726399421692, 0.015194255858659744, -1.1390380859375], [0.0, 0.0, 0.0, 1.0]], [[0.9478650093078613, 0.3184509873390198, -0.011869971640408039, -1.132843017578125], [-0.013789966702461243, 0.003775364952161908, -0.9998977780342102, 1.561880111694336], [-0.3183736503124237, 0.9479318261146545, 0.007969965226948261, -0.159912109375], [0.0, 0.0, 0.0, 1.0]], [[0.009321724995970726, 0.9999497532844543, -0.0036931997165083885, -0.0289306640625], [-0.011930286884307861, -0.003581882454454899, -0.9999223947525024, 1.566866636