[{"images": ["samples/CAM_FRONT_LEFT/n008-2018-08-28-16-16-48-0400__CAM_FRONT_LEFT__1535488219754799.jpg", "samples/CAM_FRONT/n008-2018-08-28-16-16-48-0400__CAM_FRONT__1535488219762404.jpg", "samples/CAM_FRONT_RIGHT/n008-2018-08-28-16-16-48-0400__CAM_FRONT_RIGHT__1535488219770482.jpg", "samples/CAM_BACK_LEFT/n008-2018-08-28-16-16-48-0400__CAM_BACK_LEFT__1535488219797405.jpg", "samples/CAM_BACK/n008-2018-08-28-16-16-48-0400__CAM_BACK__1535488219787558.jpg", "samples/CAM_BACK_RIGHT/n008-2018-08-28-16-16-48-0400__CAM_BACK_RIGHT__1535488219778113.jpg"], "intrinsics": [[[1257.8625342125129, 0.0, 827.2410631095686], [0.0, 1257.8625342125129, 450.915498205774], [0.0, 0.0, 1.0]], [[1252.8131021185304, 0.0, 826.588114781398], [0.0, 1252.8131021185304, 469.9846626224581], [0.0, 0.0, 1.0]], [[1256.7485116440405, 0.0, 817.7887570959712], [0.0, 1256.7485116440403, 451.9541780095127], [0.0, 0.0, 1.0]], [[1254.9860565800168, 0.0, 829.5769333630991], [0.0, 1254.9860565800168, 467.1680561863987], [0.0, 0.0, 1.0]], [[796.8910634503094, 0.0, 857.7774326863696], [0.0, 796.8910634503094, 476.8848988407415], [0.0, 0.0, 1.0]], [[1249.9629280788233, 0.0, 825.3768045375984], [0.0, 1249.9629280788233, 462.54816385708756], [0.0, 0.0, 1.0]]], "extrinsics": [[[0.8224793672561646, -0.5686826109886169, -0.011303714476525784, -0.84521484375], [-0.014112836681306362, -0.0005362029187381268, -0.9999002814292908, 1.4855670928955078], [0.5686197876930237, 0.8225569128990173, -0.008466740138828754, -1.2247314453125], [0.0, 0.0, 0.0, 1.0]], [[0.010325977578759193, -0.9999361038208008, 0.004583240486681461, 0.00836181640625], [-0.012088905088603497, -0.004707985557615757, -0.9999158382415771, 1.4782447814941406], [0.9998735785484314, 0.010269724763929844, -0.012136747129261494, -1.5755615234375], [0.0, 0.0, 0.0, 1.0]], [[-0.843963623046875, -0.536296010017395, 0.01058419793844223, 0.9871826171875], [-0.0039908988401293755, -0.013453356921672821, -0.999901533126831, 1.4925966262817383], [0.5363855957984924, -0.8439226746559143, 0.009213841520249844, -1.21075439453125], [0.0, 0.0, 0.0, 1.0]], [[0.9474890232086182, 0.3186357915401459, -0.02712271362543106, -1.14013671875], [-0.029106857255101204, 0.0014663728652521968, -0.9995751976966858, 1.561920166015625], [-0.31846070289611816, 0.9478760957717896, 0.010663858614861965, -0.1579742431640625], [0.0, 0.0, 0.0, 1.0]], [[0.009064174257218838, 0.9999396800994873, -0.006199611816555262, -0.02911376953125], [-0.027097521349787712, -0.005951965693384409, -0.9996150732040405, 1.5667839050292969], [-0.9995917677879333, 0.009228645823895931, 0.02704193815588951, -0.0030517578125], [0.0, 0.0, 0.0, 1.0]], [[-0.9236981272697449, 0.3829828202724457, 0.010283678770065308, 1.078369140625], [-0.022972138598561287, -0.028571931645274162, -0.9993277192115784, 1.5457992553710938], [-0.3824315369129181, -0.9233133792877197, 0.035189781337976456, -0.076904296875], [0.0, 0.0, 0.0, 1.0]]], "view": [[0.0, -2.0, 100.0], [-2.0, 0.0, 100.0], [0.0, 0.0, 1.0]], "bev": "bev_7490c02965874f6781619290d7deb595.png", "aux": "aux_7490c02965874f6781619290d7deb595.npz", "visibility": "visibility_7490c02965874f6781619290d7deb595.png", "pose": [[0.4494732916355133, -0.8932937383651733, 0.0, 442.2138671875], [0.8932937383651733, 0.4494732916355133, 0.0, 1693.6336669921875], [0.0, 0.0, 1.0, 0.0], [0.0, 0.0, 0.0, 1.0]], "pose_inverse": [[0.4494732916355133, 0.8932937383651733, 0.0, -1711.67578125], [-0.8932937383651733, 0.4494732916355133, 0.0, -366.2162170410156], [0.0, 0.0, 1.0, 0.0], [0.0, 0.0, 0.0, 1.0]], "cam_ids": [0, 1, 2, 3, 4, 5], "cam_channels": ["CAM_FRONT_LEFT", "CAM_FRONT", "CAM_FRONT_RIGHT", "CAM_BACK_LEFT", "CAM_BACK", "CAM_BACK_RIGHT"], "token": "7490c02965874f6781619290d7deb595", "scene": "scene-0686"}, {"images": ["samples/CAM_FRONT_LEFT/n008-2018-08-28-16-16-48-0400__CAM_FRONT_LEFT__1535488220254799.jpg", "samples/CAM_FRONT/n008-2018-08-28-16-16-48-0400__CAM_FRONT__1535488220262404.jpg", "samples/CAM_FRONT_RIGHT/n008-2018-08-28-16-16-48-0400__CAM_FRONT_RIGHT__1535488220271090.jpg", "samples/CAM_BACK_LEFT/n008-2018-08-28-16-16-48-0400__CAM_BACK_LEFT__1535488220297405.jpg", "samples/CAM_BACK/n008-2018-08-28-16-16-48-0400__CAM_BACK__1535488220287558.jpg", "samples/CAM_BACK_RIGHT/n008-2018-08-28-16-16-48-0400__CAM_BACK_RIGHT__1535488220278113.jpg"], "intrinsics": [[[1257.8625342125129, 0.0, 827.2410631095686], [0.0, 1257.8625342125129, 450.915498205774], [0.0, 0.0, 1.0]], [[1252.8131021185304, 0.0, 826.588114781398], [0.0, 1252.8131021185304, 469.9846626224581], [0.0, 0.0, 1.0]], [[1256.7485116440405, 0.0, 817.7887570959712], [0.0, 1256.7485116440403, 451.9541780095127], [0.0, 0.0, 1.0]], [[1254.9860565800168, 0.0, 829.5769333630991], [0.0, 1254.9860565800168, 467.1680561863987], [0.0, 0.0, 1.0]], [[796.8910634503094, 0.0, 857.7774326863696], [0.0, 796.8910634503094, 476.8848988407415], [0.0, 0.0, 1.0]], [[1249.9629280788233, 0.0, 825.3768045375984], [0.0, 1249.9629280788233, 462.54816385708756], [0.0, 0.0, 1.0]]], "extrinsics": [[[0.8223729133605957, -0.5688608884811401, -0.010007410310208797, -0.8538818359375], [-0.012505580671131611, -0.00048803415847942233, -0.9999216794967651, 1.486001968383789], [0.5688114762306213, 0.8224337100982666, -0.007515282835811377, -1.2296142578125], [0.0, 0.0, 0.0, 1.0]], [[0.010141423903405666, -0.9999384880065918, 0.004490450490266085, 0.007415771484375], [-0.01049216091632843, -0.004596843849867582, -0.9999344348907471, 1.478586196899414], [0.9998935461044312, 0.01009361632168293, -0.010538134723901749, -1.5838623046875], [0.0, 0.0, 0.0, 1.0]], [[-0.8440558314323425, -0.5361769199371338, 0.009171576239168644, 0.9947509765625], [-0.002427591709420085, -0.01328240055590868, -0.9999088644981384, 1.492802619934082], [0.5362498760223389, -0.8440011143684387, 0.009909468702971935, -1.21624755859375], [0.0, 0.0, 0.0, 1.0]], [[0.9475871324539185, 0.31845584511756897, -0.02577800862491131, -1.140380859375], [-0.02783956564962864, 0.0019231813494116068, -0.9996105432510376, 1.5619468688964844], [-0.31828224658966064, 0.9479357004165649, 0.010688056237995625, -0.1572723388671875], [0.0, 0.0, 0.0, 1.0]], [[0.009231746196746826, 0.9999402165412903, -0.0058614653535187244, -0.0286865234375], [-0.025684630498290062, -0.0056226616725325584, -0.999654233455658, 1.5669136047363281], [-0.9996275305747986, 0.009379097260534763, 0.025631189346313477, -0.000244140625], [0.0, 0.0, 0.0, 1.0]], [[-0.9236674904823303, 0.38308951258659363, 0.008983385749161243, 1.0830078125], [-0.021474290639162064, -0.02834167703986168, -0.9993675947189331, 1.5460205078125], [-0.3825925886631012, -0.9232763051986694, 0.03440486267209053, -0.075439453125], [0.0, 0.0, 0.0, 1.0]]], "view": [[0.0, -2.0, 100.0], [-2.0, 0.0, 100.0], [0.0, 0.0, 1.0]], "bev": "bev_75824f384ac04663a0d1db79fea0e584.png", "aux": "aux_75824f384ac04663a0d1db79fea0e584.npz", "visibility": "visibility_75824f384ac04663a0d1db79fea0e584.png", "pose": [[0.44975799322128296, -0.8931504487991333, 0.0, 443.2167663574219], [0.8931504487991333, 0.44975799322128296, 0.0, 1695.606689453125], [0.0, 0.0, 1.0, 0.0], [0.0, 0.0, 0.0, 1.0]], "pose_inverse": [[0.44975799322128296, 0.8931504487991333, 0.0, -1713.772216796875], [-0.8931504487991333, 0.44975799322128296, 0.0, -366.7533874511719], [0.0, 0.0, 1.0, 0.0], [0.0, 0.0, 0.0, 1.0]], "cam_ids": [0, 1, 2, 3, 4, 5], "cam_channels": ["CAM_FRONT_LEFT", "CAM_FRONT", "CAM_FRONT_RIGHT", "CAM_BACK_LEFT", "CAM_BACK", "CAM_BACK_RIGHT"], "token": "75824f384ac04663a0d1db79fea0e584", "scene": "scene-0686"}, {"images": ["samples/CAM_FRONT_LEFT/n008-2018-08-28-16-16-48-0400__CAM_FRONT_LEFT__1535488220754799.jpg", "samples/CAM_FRONT/n008-2018-08-28-16-16-48-0400__CAM_FRONT__1535488220762404.jpg", "samples/CAM_FRONT_RIGHT/n008-2018-08-28-16-16-48-0400__CAM_FRONT_RIGHT__1535488220770482.jpg", "samples/CAM_BACK_LEFT/n008-2018-08-28-16-16-48-0400__CAM_BACK_LEFT__1535488220797405.jpg", "samples/CAM_BACK/n008-2018-08-28-16-16-48-0400__CAM_BACK__1535488220787558.jpg", "samples/CAM_BACK_RIGHT/n008-2018-08-28-16-16-48-0400__CAM_BACK_RIGHT__1535488220778113.jpg"], "intrinsics": [[[1257.8625342125129, 0.0, 827.2410631095686], [0.0, 1257.8625342125129, 450.915498205774], [0.0, 0.0, 1.0]], [[1252.8131021185304, 0.0, 826.588114781398], [0.0, 1252.8131021185304, 469.9846626224581], [0.0, 0.0, 1.0]], [[1256.7485116440405, 0.0, 817.7887570959712], [0.0, 1256.7485116440403, 451.9541780095127], [0.0, 0.0, 1.0]], [[1254.9860565800168, 0.0, 829.5769333630991], [0.0, 1254.9860565800168, 467.1680561863987], [0.0, 0.0, 1.0]], [[796.8910634503094, 0.0, 857.7774326863696], [0.0, 796.8910634503094, 476.8848988407415], [0.0, 0.0, 1.0]], [[1249.9629280788233, 0.0, 825.3768045375984], [0.0, 1249.9629280788233, 462.54816385708756], [0.0, 0.0, 1.0]]], "extrinsics": [[[0.8220754861831665, -0.5692028403282166, -0.014146349392831326, -0.8489990234375], [-0.015176909044384956, 0.0029305818025022745, -0.9998805522918701, 1.4854202270507812], [0.5691763758659363, 0.8221919536590576, -0.006229582708328962, -1.226806640625], [0.0, 0.0, 0.0, 1.0]], [[0.009737413376569748, -0.9999521374702454, 0.0009321418474428356, 0.0078125], [-0.013321210630238056, -0.0010618226369842887, -0.9999107122421265, 1.4780902862548828], [0.9998639225959778, 0.009724198840558529, -0.013330912217497826, -1.5787353515625], [0.0, 0.0, 0.0, 1.0]], [[-0.8442121148109436, -0.5359217524528503, 0.009692593477666378, 0.9888916015625], [-0.005360451526939869, -0.009640675038099289, -0.9999391436576843, 1.4924306869506836], [0.5359826683998108, -0.8442126512527466, 0.005265991203486919, -1.21221923828125], [0.0, 0.0, 0.0, 1.0]], [[0.9475480318069458, 0.31844088435173035, -0.02735189162194729, -1.1407470703125], [-0.03081759437918663, 0.005849498324096203, -0.9995079040527344, 1.5619392395019531], [-0.3181242048740387, 0.9479247331619263, 0.01535626221448183, -0.1571807861328125], [0.0, 0.0, 0.0, 1.0]], [[0.009422240778803825, 0.9999535083770752, -0.002055644290521741, -0.028594970703125], [-0.028658559545874596, -0.0017848522402346134, -0.9995876550674438, 1.5667343139648438], [-0.9995449185371399, 0.009477234445512295, 0.02864041179418564, -0.002197265625], [0.0, 0.0, 0.0, 1.0]], [[-0.9235294461250305, 0.3833024203777313, 0.01313701644539833, 1.07958984375], [-0.02442910149693489, -0.02460687793791294, -0.9993986487388611, 1.5456733703613281], [-0.38274869322776794, -0.9232950806617737, 0.032088909298181534, -0.0770263671875], [0.0, 0.0, 0.0, 1.0]]], "view": [[0.0, -2.0, 100.0], [-2.0, 0.0, 100.0], [0.0, 0.0, 1.0]], "bev": "bev_aa5e52fe7a37421792e3f7b2b5104b11.png", "aux": "aux_aa5e52fe7a37421792e3f7b2b5104b11.npz", "visibility": "visibility_aa5e52fe7a37421792e3f7b2b5104b11.png", "pose": [[0.44833284616470337, -0.8938667178153992, 0.0, 444.2012634277344], [0.8938667178153992, 0.44833284616470337, 0.0, 1697.535888671875], [0.0, 0.0, 1.0, 0.0], [0.0, 0.0, 0.0, 1.0]], "pose_inverse": [[0.44833284616470337, 0.8938667178153992, 0.0, -1716.520751953125], [-0.8938667178153992, 0.44833284616470337, 0.0, -364.0043640136719], [0.0, 0.0, 1.0, 0.0], [0.0, 0.0, 0.0, 1.0]], "cam_ids": [0, 1, 2, 3, 4, 5], "cam_channels": ["CAM_FRONT_LEFT", "CAM_FRONT", "CAM_FRONT_RIGHT", "CAM_BACK_LEFT", "CAM_BACK", "CAM_BACK_RIGHT"], "token": "aa5e52fe7a37421792e3f7b2b5104b11", "scene": "scene-0686"}, {"images": ["samples/CAM_FRONT_LEFT/n008-2018-08-28-16-16-48-0400__CAM_FRONT_LEFT__1535488221255450.jpg", "samples/CAM_FRONT/n008-2018-08-28-16-16-48-0400__CAM_FRONT__1535488221262404.jpg", "samples/CAM_FRONT_RIGHT/n008-2018-08-28-16-16-48-0400__CAM_FRONT_RIGHT__1535488221270482.jpg", "samples/CAM_BACK_LEFT/n008-2018-08-28-16-16-48-0400__CAM_BACK_LEFT__1535488221297405.jpg", "samples/CAM_BACK/n008-2018-08-28-16-16-48-0400__CAM_BACK__1535488221287579.jpg", "samples/CAM_BACK_RIGHT/n008-2018-08-28-16-16-48-0400__CAM_BACK_RIGHT__1535488221278565.jpg"], "intrinsics": [[[1257.8625342125129, 0.0, 827.2410631095686], [0.0, 1257.8625342125129, 450.915498205774], [0.0, 0.0, 1.0]], [[1252.8131021185304, 0.0, 826.588114781398], [0.0, 1252.8131021185304, 469.9846626224581], [0.0, 0.0, 1.0]], [[1256.7485116440405, 0.0, 817.7887570959712], [0.0, 1256.7485116440403, 451.9541780095127], [0.0, 0.0, 1.0]], [[1254.9860565800168, 0.0, 829.5769333630991], [0.0, 1254.9860565800168, 467.1680561863987], [0.0, 0.0, 1.0]], [[796.8910634503094, 0.0, 857.7774326863696], [0.0, 796.8910634503094, 476.8848988407415], [0.0, 0.0, 1.0]], [[1249.9629280788233, 0.0, 825.3768045375984], [0.0, 1249.9629280788233, 462.54816385708756], [0.0, 0.0, 1.0]]], "extrinsics": [[[0.8220407962799072, -0.5692051649093628, -0.01594967395067215, -0.85791015625], [-0.013771462254226208, 0.008128756657242775, -0.999872088432312, 1.4858341217041016], [0.5692619681358337, 0.8221554160118103, -0.0011566205648705363, -1.23291015625], [0.0, 0.0, 0.0, 1.0]], [[0.009700244292616844, -0.9999442100524902, -0.004185590893030167, 0.007843017578125], [-0.011874022893607616, 0.004070305731147528, -0.9999212622642517, 1.4783897399902344], [0.9998824000358582, 0.009749157354235649, -0.011833876371383667, -1.5859375], [0.0, 0.0, 0.0, 1.0]], [[-0.8442104458808899, -0.5359805822372437, 0.005794263910502195, 0.9937744140625], [-0.003966586664319038, -0.00456270994618535, -0.999981701374054, 1.4926233291625977], [0.5359972715377808, -0.8442180156707764, 0.0017258735606446862, -1.21502685546875], [0.0, 0.0, 0.0, 1.0]], [[0.9476017951965332, 0.31848853826522827, -0.02481786720454693, -1.1414794921875], [-0.02979515865445137, 0.010765016078948975, -0.9994980692863464, 1.5619621276855469], [-0.3180615305900574, 0.9478656053543091, 0.019690364599227905, -0.1569671630859375], [0.0, 0.0, 0.0, 1.0]], [[0.00942462868988514, 0.999951183795929, 0.0029443514067679644, -0.028839111328125], [-0.027499143034219742, 0.0032025501132011414, -0.9996166825294495, 1.5668601989746094], [-0.9995773434638977, 0.009340084157884121, 0.027527986094355583, 0.000732421875], [0.0, 0.0, 0.0, 1.0]], [[-0.9235761165618896, 0.38316255807876587, 0.01391669549047947, 1.08544921875], [-0.023178474977612495, -0.01956557296216488, -0.999539852142334, 1.5459403991699219], [-0.38271385431289673, -0.9234737157821655, 0.026951417326927185, -0.07415771484375], [0.0, 0.0, 0.0, 1.0]]], "view": [[0.0, -2.0, 100.0], [-2.0, 0.0, 100.0], [0.0, 0.0, 1.0]], "bev": "bev_b0a00474c4404e4c9b71d3d9e22c449e.png", "aux": "aux_b0a00474c4404e4c9b71d3d9e22c449e.npz", "visibility": "visibility_b0a00474c4404e4c9b71d3d9e22c449e.png", "pose": [[0.44168585538864136, -0.8971697688102722, 0.0, 445.11126708984375], [0.8971697688102722, 0.44168585538864136, 0.0, 1699.3428955078125], [0.0, 0.0, 1.0, 0.0], [0.0, 0.0, 0.0, 1.0]], "pose_inverse": [[0.44168585538864136, 0.8971697688102722, 0.0, -1721.198486328125], [-0.8971697688102722, 0.44168585538864136, 0.0, -351.2353210449219], [0.0, 0.0, 1.0, 0.0], [0.0, 0.0, 0.0, 1.0]], "cam_ids": [0, 1, 2, 3, 4, 5], "cam_channels": ["CAM_FRONT_LEFT", "CAM_FRONT", "CAM_FRONT_RIGHT", "CAM_BACK_LEFT", "CAM_BACK", "CAM_BACK_RIGHT"], "token": "b0a00474c4404e4c9b71d3d9e22c449e", "scene": "scene-0686"}, {"images": ["samples/CAM_FRONT_LEFT/n008-2018-08-28-16-16-48-0400__CAM_FRONT_LEFT__1535488221754799.jpg", "samples/CAM_FRONT/n008-2018-08-28-16-16-48-0400__CAM_FRONT__1535488221762404.jpg", "samples/CAM_FRONT_RIGHT/n008-2018-08-28-16-16-48-0400__CAM_FRONT_RIGHT__1535488221770482.jpg", "samples/CAM_BACK_LEFT/n008-2018-08-28-16-16-48-0400__CAM_BACK_LEFT__1535488221797405.jpg", "samples/CAM_BACK/n008-2018-08-28-16-16-48-0400__CAM_BACK__1535488221787558.jpg", "samples/CAM_BACK_RIGHT/n008-2018-08-28-16-16-48-0400__CAM_BACK_RIGHT__1535488221778113.jpg"], "intrinsics": [[[1257.8625342125129, 0.0, 827.2410631095686], [0.0, 1257.8625342125129, 450.915498205774], [0.0, 0.0, 1.0]], [[1252.8131021185304, 0.0, 826.588114781398], [0.0, 1252.8131021185304, 469.9846626224581], [0.0, 0.0, 1.0]], [[1256.7485116440405, 0.0, 817.7887570959712], [0.0, 1256.7485116440403, 451.9541780095127], [0.0, 0.0, 1.0]], [[1254.9860565800168, 0.0, 829.5769333630991], [0.0, 1254.9860565800168, 467.1680561863987], [0.0, 0.0, 1.0]], [[796.8910634503094, 0.0, 857.7774326863696], [0.0, 796.8910634503094, 476.8848988407415], [0.0, 0.0, 1.0]], [[1249.9629280788233, 0.0, 825.3768045375984], [0.0, 1249.9629280788233, 462.54816385708756], [0.0, 0.0, 1.0]]], "extrinsics": [[[0.8216221332550049, -0.5696637630462646, -0.020502746105194092, -0.86865234375], [-0.017652830109000206, 0.010522808879613876, -0.999788761138916, 1.4853668212890625], [0.5697592496871948, 0.8218104839324951, -0.0014104073634371161, -1.239013671875], [0.0, 0.0, 0.0, 1.0]], [[0.009128819219768047, -0.999937117099762, -0.006512716878205538, 0.00677490234375], [-0.015848608687520027, 0.006367488764226437, -0.9998541474342346, 1.4779834747314453], [0.9998327493667603, 0.009230653755366802, -0.01578948087990284, -1.597412109375], [0.0, 0.0, 0.0, 1.0]], [[-0.8444501757621765, -0.5355746746063232, 0.007975361309945583, 1.0001220703125], [-0.007944685406982899, -0.0023641828447580338, -0.9999656081199646, 1.492218017578125], [0.5355751514434814, -0.8444846272468567, -0.002258538268506527, -1.22003173828125], [0.0, 0.0, 0.0, 1.0]], [[0.9475350379943848, 0.31846022605895996, -0.02757572941482067, -1.14208984375], [-0.03337866812944412, 0.012778193689882755, -0.9993610978126526, 1.5619773864746094], [-0.31790444254875183, 0.9478500485420227, 0.022737568244338036, -0.15673828125], [0.0, 0.0, 0.0, 1.0]], [[0.009709006175398827, 0.9999404549598694, 0.004976326134055853, -0.02850341796875], [-0.0312991738319397, 0.005278017371892929, -0.9994961023330688, 1.5667762756347656], [-0.9994629621505737, 0.009548323228955269, 0.03134855628013611, 0.003173828125], [0.0, 0.0, 0.0, 1.0]], [[-0.9233424067497253, 0.3835412561893463, 0.018299104645848274, 1.0880126953125], [-0.027048785239458084, -0.017431413754820824, -0.9994820952415466, 1.5456886291503906], [-0.3830236792564392, -0.9233591556549072, 0.026469489559531212, -0.07379150390625], [0.0, 0.0, 0.0, 1.0]]], "view": [[0.0, -2.0, 100.0], [-2.0, 0.0, 100.0], [0.0, 0.0, 1.0]], "bev": "bev_2738957a855b4c5b9dca59c23a7b1c2d.png", "aux": "aux_2738957a855b4c5b9dca59c23a7b1c2d.npz", "visibility": "visibility_2738957a855b4c5b9dca59c23a7b1c2d.png", "pose": [[0.432878702878952, -0.9014521837234497, 0.0, 445.99993896484375], [0.9014521837234497, 0.432878702878952, 0.0, 1701.1507568359375], [0.0, 0.0, 1.0, 0.0], [0.0, 0.0, 0.0, 1.0]], "pose_inverse": [[0.432878702878952, 0.9014521837234497, 0.0, -1726.5699462890625], [-0.9014521837234497, 0.432878702878952, 0.0, -334.34429931640625], [0.0, 0.0, 1.0, 0.0], [0.0, 0.0, 0.0, 1.0]], "cam_ids": [0, 1, 2, 3, 4, 5], "cam_channels": ["CAM_FRONT_LEFT", "CAM_FRONT", "CAM_FRONT_RIGHT", "CAM_BACK_LEFT", "CAM_BACK", "CAM_BACK_RIGHT"], "token": "2738957a855b4c5b9dca59c23a7b1c2d", "scene": "scene-0686"}, {"images": ["samples/CAM_FRONT_LEFT/n008-2018-08-28-16-16-48-0400__CAM_FRONT_LEFT__1535488222254799.jpg", "samples/CAM_FRONT/n008-2018-08-28-16-16-48-0400__CAM_FRONT__1535488222262404.jpg", "samples/CAM_FRONT_RIGHT/n008-2018-08-28-16-16-48-0400__CAM_FRONT_RIGHT__1535488222270482.jpg", "samples/CAM_BACK_LEFT/n008-2018-08-28-16-16-48-0400__CAM_BACK_LEFT__1535488222297405.jpg", "samples/CAM_BACK/n008-2018-08-28-16-16-48-0400__CAM_BACK__1535488222287558.jpg", "samples/CAM_BACK_RIGHT/n008-2018-08-28-16-16-48-0400__CAM_BACK_RIGHT__1535488222278113.jpg"], "intrinsics": [[[1257.8625342125129, 0.0, 827.2410631095686], [0.0, 1257.8625342125129, 450.915498205774], [0.0, 0.0, 1.0]], [[1252.8131021185304, 0.0, 826.588114781398], [0.0, 1252.8131021185304, 469.9846626224581], [0.0, 0.0, 1.0]], [[1256.7485116440405, 0.0, 817.7887570959712], [0.0, 1256.7485116440403, 451.9541780095127], [0.0, 0.0, 1.0]], [[1254.9860565800168, 0.0, 829.5769333630991], [0.0, 1254.9860565800168, 467.1680561863987], [0.0, 0.0, 1.0]], [[796.8910634503094, 0.0, 857.7774326863696], [0.0, 796.8910634503094, 476.8848988407415], [0.0, 0.0, 1.0]], [[1249.9629280788233, 0.0, 825.3768045375984], [0.0, 1249.9629280788233, 462.54816385708756], [0.0, 0.0, 1.0]]], "extrinsics": [[[0.8217296600341797, -0.5694746971130371, -0.02142121084034443, -0.8831787109375], [-0.018481772392988205, 0.010938586667180061, -0.999769389629364, 1.4855518341064453], [0.5695776343345642, 0.8219361305236816, -0.0015363410348072648, -1.2496337890625], [0.0, 0.0, 0.0, 1.0]], [[0.009312598034739494, -0.9999329447746277, -0.006878264714032412, 0.00689697265625], [-0.0166351068764925, 0.006722691003233194, -0.9998390078544617, 1.478139877319336], [0.9998182058334351, 0.009425535798072815, -0.01657138764858246, -1.61328125], [0.0, 0.0, 0.0, 1.0]], [[-0.8443565964698792, -0.5357147455215454, 0.00846806075423956, 1.0115966796875], [-0.008709989488124847, -0.0020783175714313984, -0.9999598860740662, 1.4922571182250977], [0.5357108116149902, -0.8443965315818787, -0.0029112298507243395, -1.22698974609375], [0.0, 0.0, 0.0, 1.0]], [[0.9475125074386597, 0.31845951080322266, -0.02834719605743885, -1.1427001953125], [-0.034186601638793945, 0.012761176563799381, -0.9993340373039246, 1.5619964599609375], [-0.31788569688796997, 0.9478505849838257, 0.02297842688858509, -0.156524658203125], [0.0, 0.0, 0.0, 1.0]], [[0.009643846191465855, 0.9999405741691589, 0.005068488419055939, -0.0286865234375], [-0.03205323964357376, 0.005375244189053774, -0.9994716644287109, 1.5669403076171875], [-0.9994396567344666, 0.0094762509688735, 0.03210317716002464, 0.0093994140625], [0.0, 0.0, 0.0, 1.0]], [[-0.9233797788619995, 0.38341230154037476, 0.019099196419119835, 1.098388671875], [-0.02782517671585083, -0.017224906012415886, -0.9994643926620483, 1.5459480285644531], [-0.3828779458999634, -0.9234166741371155, 0.026573646813631058, -0.06927490234375], [0.0, 0.0, 0.0, 1.0]]], "view": [[0.0, -2.0, 100.0], [-2.0, 0.0, 100.0], [0.0, 0.0, 1.0]], "bev": "bev_510e210359fc46faa642ab5c896ae740.png", "aux": "aux_510e210359fc46faa642ab5c896ae740.npz", "visibility": "visibility_510e210359fc46faa642ab5c896ae740.png", "pose": [[0.4251040816307068, -0.905144453048706, 0.0, 446.79669189453125], [0.905144453048706, 0.4251040816307068, 0.0, 1702.81494140625], [0.0, 0.0, 1.0, 0.0], [0.0, 0.0, 0.0, 1.0]], "pose_inverse": [[0.4251040816307068, 0.905144453048706, 0.0, -1731.2286376953125], [-0.905144453048706, 0.4251040816307068, 0.0, -319.4580383300781], [0.0, 0.0, 1.0, 0.0], [0.0, 0.0, 0.0, 1.0]], "cam_ids": [0, 1, 2, 3, 4, 5], "cam_channels": ["CAM_FRONT_LEFT", "CAM_FRONT", "CAM_FRONT_RIGHT", "CAM_BACK_LEFT", "CAM_BACK", "CAM_BACK_RIGHT"], "token": "510e210359fc46faa642ab5c896ae740", "scene": "scene-0686"}, {"images": ["samples/CAM_FRONT_LEFT/n008-2018-08-28-16-16-48-0400__CAM_FRONT_LEFT__1535488222754799.jpg", "samples/CAM_FRONT/n008-2018-08-28-16-16-48-0400__CAM_FRONT__1535488222762404.jpg", "samples/CAM_FRONT_RIGHT/n008-2018-08-28-16-16-48-0400__CAM_FRONT_RIGHT__1535488222770482.jpg", "samples/CAM_BACK_LEFT/n008-2018-08-28-16-16-48-0400__CAM_BACK_LEFT__1535488222797405.jpg", "samples/CAM_BACK/n008-2018-08-28-16-16-48-0400__CAM_BACK__1535488222787558.jpg", "samples/CAM_BACK_RIGHT/n008-2018-08-28-16-16-48-0400__CAM_BACK_RIGHT__1535488222778113.jpg"], "intrinsics": [[[1257.8625342125129, 0.0, 827.2410631095686], [0.0, 1257.8625342125129, 450.915498205774], [0.0, 0.0, 1.0]], [[1252.8131021185304, 0.0, 826.588114781398], [0.0, 1252.8131021185304, 469.9846626224581], [0.0, 0.0, 1.0]], [[1256.7485116440405, 0.0, 817.7887570959712], [0.0, 1256.7485116440403, 451.9541780095127], [0.0, 0.0, 1.0]], [[1254.9860565800168, 0.0, 829.5769333630991], [0.0, 1254.9860565800168, 467.1680561863987], [0.0, 0.0, 1.0]], [[796.8910634503094, 0.0, 857.7774326863696], [0.0, 796.8910634503094, 476.8848988407415], [0.0, 0.0, 1.0]], [[1249.9629280788233, 0.0, 825.3768045375984], [0.0, 1249.9629280788233, 462.54816385708756], [0.0, 0.0, 1.0]]], "extrinsics": [[[0.8216549158096313, -0.569553792476654, -0.022173913195729256, -0.8939208984375], [-0.020229382440447807, 0.00973876565694809, -0.9997479319572449, 1.4855613708496094], [0.5696262121200562, 0.8218963146209717, -0.0035198195837438107, -1.25634765625], [0.0, 0.0, 0.0, 1.0]], [[0.009254701435565948, -0.9999405145645142, -0.005760648287832737, 0.0064697265625], [-0.018281662836670876, 0.005590736400336027, -0.9998172521591187, 1.4781417846679688], [0.9997900128364563, 0.009358287788927555, -0.018228836357593536, -1.624267578125], [0.0, 0.0, 0.0, 1.0]], [[-0.8443613648414612, -0.5356733798980713, 0.010384130291640759, 1.0194091796875], [-0.010307853110134602, -0.003136188955977559, -0.999941885471344, 1.4922065734863281], [0.5356749296188354, -0.8444194197654724, -0.0028735678642988205, -1.23223876953125], [0.0, 0.0, 0.0, 1.0]], [[0.9474623799324036, 0.31844064593315125, -0.030176157131791115, -1.14306640625], [-0.035833947360515594, 0.011922747828066349, -0.9992866516113281, 1.56201171875], [-0.317853718996048, 0.9478678107261658, 0.022707343101501465, -0.156341552734375], [0.0, 0.0, 0.0, 1.0]], [[0.009662092663347721, 0.9999447464942932, 0.004129953216761351, -0.0286865234375], [-0.03358892723917961, 0.0044523682445287704, -0.9994257688522339, 1.5670242309570312], [-0.9993889331817627, 0.009517861530184746, 0.033630095422267914, 0.013427734375], [0.0, 0.0, 0.0, 1.0]], [[-0.9233372807502747, 0.38345766067504883, 0.02020922303199768, 1.10546875], [-0.029438074678182602, -0.018213646486401558, -0.9994006752967834, 1.5460548400878906], [-0.38285964727401733, -0.9233788251876831, 0.028105594217777252, -0.06634521484375], [0.0, 0.0, 0.0, 1.0]]], "view": [[0.0, -2.0, 100.0], [-2.0, 0.0, 100.0], [0.0, 0.0, 1.0]], "bev": "bev_ca38df9ffa594678aab89d6f6425e9a7.png", "aux": "aux_ca38df9ffa594678aab89d6f6425e9a7.npz", "visibility": "visibility_ca38df9ffa594678aab89d6f6425e9a7.png", "pose": [[0.4159562289714813, -0.9093846082687378, 0.0, 447.4833984375], [0.9093846082687378, 0.4159562289714813, 0.0, 1704.2955322265625], [0.0, 0.0, 1.0, 0.0], [0.0, 0.0, 0.0, 1.0]], "pose_inverse": [[0.4159562289714813, 0.9093846082687378, 0.0, -1735.99365234375], [-0.9093846082687378, 0.4159562289714813, 0.0, -301.9778137207031], [0.0, 0.0, 1.0, 0.0], [0.0, 0.0, 0.0, 1.0]], "cam_ids": [0, 1, 2, 3, 4, 5], "cam_channels": ["CAM_FRONT_LEFT", "CAM_FRONT", "CAM_FRONT_RIGHT", "CAM_BACK_LEFT", "CAM_BACK", "CAM_BACK_RIGHT"], "token": "ca38df9ffa594678aab89d6f6425e9a7", "scene": "scene-0686"}, {"images": ["samples/CAM_FRONT_LEFT/n008-2018-08-28-16-16-48-0400__CAM_FRONT_LEFT__1535488223254799.jpg", "samples/CAM_FRONT/n008-2018-08-28-16-16-48-0400__CAM_FRONT__1535488223262404.jpg", "samples/CAM_FRONT_RIGHT/n008-2018-08-28-16-16-48-0400__CAM_FRONT_RIGHT__1535488223270482.jpg", "samples/CAM_BACK_LEFT/n008-2018-08-28-16-16-48-0400__CAM_BACK_LEFT__1535488223297405.jpg", "samples/CAM_BACK/n008-2018-08-28-16-16-48-0400__CAM_BACK__1535488223287558.jpg", "samples/CAM_BACK_RIGHT/n008-2018-08-28-16-16-48-0400__CAM_BACK_RIGHT__1535488223278113.jpg"], "intrinsics": [[[1257.8625342125129, 0.0, 827.2410631095686], [0.0, 1257.8625342125129, 450.915498205774], [0.0, 0.0, 1.0]], [[1252.8131021185304, 0.0, 826.588114781398], [0.0, 1252.8131021185304, 469.9846626224581], [0.0, 0.0, 1.0]], [[1256.7485116440405, 0.0, 817.7887570959712], [0.0, 1256.7485116440403, 451.9541780095127], [0.0, 0.0, 1.0]], [[1254.9860565800168, 0.0, 829.5769333630991], [0.0, 1254.9860565800168, 467.1680561863987], [0.0, 0.0, 1.0]], [[796.8910634503094, 0.0, 857.7774326863696], [0.0, 796.8910634503094, 476.8848988407415], [0.0, 0.0, 1.0]], [[1249.9629280788233, 0.0, 825.3768045375984], [0.0, 1249.9629280788233, 462.54816385708756], [0.0, 0.0, 1.0]]], "extrinsics": [[[0.8221583962440491, -0.5688386559486389, -0.02186940237879753, -0.902587890625], [-0.019847454503178596, 0.009750226512551308, -0.9997555017471313, 1.4858322143554688], [0.5689127445220947, 0.8223913908004761, -0.003273770911619067, -1.263671875], [0.0, 0.0, 0.0, 1.0]], [[0.009958431124687195, -0.9999339580535889, -0.005729130934923887, 0.006988525390625], [-0.01780823990702629, 0.005551157519221306, -0.9998260736465454, 1.4783458709716797], [0.9997918009757996, 0.010058745741844177, -0.0177517831325531, -1.6326904296875], [0.0, 0.0, 0.0, 1.0]], [[-0.8440832495689392, -0.5361200571060181, 0.00993612501770258, 1.0240478515625], [-0.009715751744806767, -0.0032356574665755033, -0.9999475479125977, 1.4923076629638672], [0.5361241102218628, -0.844135582447052, -0.0024776458740234375, -1.23486328125], [0.0, 0.0, 0.0, 1.0]], [[0.9474828243255615, 0.31845471262931824, -0.029373649507761, -1.1435546875], [-0.034882109612226486, 0.011607322841882706, -0.9993240237236023, 1.5620231628417969], [-0.31789857149124146, 0.9478669762611389, 0.02210611291229725, -0.15631103515625], [0.0, 0.0, 0.0, 1.0]], [[0.009457421489059925, 0.9999477863311768, 0.003893918124958873, -0.0286865234375], [-0.03283544257283211, 0.004202541895210743, -0.9994519352912903, 1.5670928955078125], [-0.9994160532951355, 0.009324400685727596, 0.03287347033619881, 0.0150146484375], [0.0, 0.0, 0.0, 1.0]], [[-0.9234936833381653, 0.383118212223053, 0.019488146528601646, 1.10791015625], [-0.02872089296579361, -0.01839316263794899, -0.9994181990623474, 1.546173095703125], [-0.38253679871559143, -0.9235161542892456, 0.027989469468593597, -0.06536865234375], [0.0, 0.0, 0.0, 1.0]]], "view": [[0.0, -2.0, 100.0], [-2.0, 0.0, 100.0], [0.0, 0.0, 1.0]], "bev": "bev_d39784d1281447aab30640521e192434.png", "aux": "aux_d39784d1281447aab30640521e192434.npz", "visibility": "visibility_d39784d1281447aab30640521e192434.png", "pose": [[0.4132392406463623, -0.9106224775314331, 0.0, 448.1153259277344], [0.9106224775314331, 0.4132392406463623, 0.0, 1705.6627197265625], [0.0, 0.0, 1.0, 0.0], [0.0, 0.0, 0.0, 1.0]], "pose_inverse": [[0.4132392406463623, 0.9106224775314331, 0.0, -1738.3936767578125], [-0.9106224775314331, 0.4132392406463623, 0.0, -296.7828369140625], [0.0, 0.0, 1.0, 0.0], [0.0, 0.0, 0.0, 1.0]], "cam_ids": [0, 1, 2, 3, 4, 5], "cam_channels": ["CAM_FRONT_LEFT", "CAM_FRONT", "CAM_FRONT_RIGHT", "CAM_BACK_LEFT", "CAM_BACK", "CAM_BACK_RIGHT"], "token": "d39784d1281447aab30640521e192434", "scene": "scene-0686"}, {"images": ["samples/CAM_FRONT_LEFT/n008-2018-08-28-16-16-48-0400__CAM_FRONT_LEFT__1535488223754799.jpg", "samples/CAM_FRONT/n008-2018-08-28-16-16-48-0400__CAM_FRONT__1535488223762404.jpg", "samples/CAM_FRONT_RIGHT/n008-2018-08-28-16-16-48-0400__CAM_FRONT_RIGHT__1535488223770482.jpg", "samples/CAM_BACK_LEFT/n008-2018-08-28-16-16-48-0400__CAM_BACK_LEFT__1535488223797405.jpg", "samples/CAM_BACK/n008-2018-08-28-16-16-48-0400__CAM_BACK__1535488223787558.jpg", "samples/CAM_BACK_RIGHT/n008-2018-08-28-16-16-48-0400__CAM_BACK_RIGHT__1535488223778113.jpg"], "intrinsics": [[[1257.8625342125129, 0.0, 827.2410631095686], [0.0, 1257.8625342125129, 450.915498205774], [0.0, 0.0, 1.0]], [[1252.8131021185304, 0.0, 826.588114781398], [0.0, 1252.8131021185304, 469.9846626224581], [0.0, 0.0, 1.0]], [[1256.7485116440405, 0.0, 817.7887570959712], [0.0, 1256.7485116440403, 451.9541780095127], [0.0, 0.0, 1.0]], [[1254.9860565800168, 0.0, 829.5769333630991], [0.0, 1254.9860565800168, 467.1680561863987], [0.0, 0.0, 1.0]], [[796.8910634503094, 0.0, 857.7774326863696], [0.0, 796.8910634503094, 476.8848988407415], [0.0, 0.0, 1.0]], [[1249.9629280788233, 0.0, 825.3768045375984], [0.0, 1249.9629280788233, 462.54816385708756], [0.0, 0.0, 1.0]]], "extrinsics": [[[0.8229033350944519, -0.5678636431694031, -0.019002102315425873, -0.91796875], [-0.017139693722128868, 0.008618787862360477, -0.9998159408569336, 1.4864826202392578], [0.5679228901863098, 0.8230776190757751, -0.002640580292791128, -1.274169921875], [0.0, 0.0, 0.0, 1.0]], [[0.011018672026693821, -0.9999285340309143, -0.004636301659047604, 0.006927490234375], [-0.01518468838185072, 0.0044687241315841675, -0.9998747110366821, 1.4788646697998047], [0.9998239278793335, 0.011087729595601559, -0.015134363435208797, -1.6495361328125], [0.0, 0.0, 0.0, 1.0]], [[-0.8436439633369446, -0.536838173866272, 0.008337974548339844, 1.03662109375], [-0.007181142456829548, -0.004245888441801071, -0.9999651312828064, 1.49261474609375], [0.5368549227714539, -0.8436746001243591, -0.00027309462893754244, -1.24249267578125], [0.0, 0.0, 0.0, 1.0]], [[0.9475316405296326, 0.3184720277786255, -0.02755943313241005, -1.1436767578125], [-0.03269818052649498, 0.010799912735819817, -0.9994069337844849, 1.5620307922363281], [-0.317985475063324, 0.9478707313537598, 0.0206467155367136, -0.156158447265625], [0.0, 0.0, 0.0, 1.0]], [[0.009080316871404648, 0.999954104423523, 0.003050527535378933, -0.0289306640625], [-0.030530570074915886, 0.0033264681696891785, -0.9995282888412476, 1.5673675537109375], [-0.9994926452636719, 0.008982905186712742, 0.030559375882148743, 0.021484375], [0.0, 0.0, 0.0, 1.0]], [[-0.9237992763519287, 0.38250455260276794, 0.016885751858353615, 1.1192626953125], [-0.026277493685483932, -0.019341910257935524, -0.9994674921035767, 1.5466499328613281], [-0.3819742798805237, -0.9237510561943054, 0.027919301763176918, -0.060302734375], [0.0, 0.0, 0.0, 1.0]]], "view": [[0.0, -2.0, 100.0], [-2.0, 0.0, 100.0], [0.0, 0.0, 1.0]], "bev": "bev_e77b642bbfd74feb9915966dfa421458.png", "aux": "aux_e77b642bbfd74feb9915966dfa421458.npz", "visibility": "visibility_e77b642bbfd74feb9915966dfa421458.png", "pose": [[0.41930535435676575, -0.9078452587127686, 0.0, 448.6891784667969], [0.9078452587127686, 0.41930535435676575, 0.0, 1706.900390625], [0.0, 0.0, 1.0, 0.0], [0.0, 0.0, 0.0, 1.0]], "pose_inverse": [[0.41930535435676575, 0.9078452587127686, 0.0, -1737.7392578125], [-0.9078452587127686, 0.41930535435676575, 0.0, -308.3721008300781], [0.0, 0.0, 1.0, 0.0], [0.0, 0.0, 0.0, 1.0]], "cam_ids": [0, 1, 2, 3, 4, 5], "cam_channels": ["CAM_FRONT_LEFT", "CAM_FRONT", "CAM_FRONT_RIGHT", "CAM_BACK_LEFT", "CAM_BACK", "CAM_BACK_RIGHT"], "token": "e77b642bbfd74feb9915966dfa421458", "scene": "scene-0686"}, {"images": ["samples/CAM_FRONT_LEFT/n008-2018-08-28-16-16-48-0400__CAM_FRONT_LEFT__1535488224254799.jpg", "samples/CAM_FRONT/n008-2018-08-28-16-16-48-0400__CAM_FRONT__1535488224262758.jpg", "samples/CAM_FRONT_RIGHT/n008-2018-08-28-16-16-48-0400__CAM_FRONT_RIGHT__1535488224270482.jpg", "samples/CAM_BACK_LEFT/n008-2018-08-28-16-16-48-0400__CAM_BACK_LEFT__1535488224297676.jpg", "samples/CAM_BACK/n008-2018-08-28-16-16-48-0400__CAM_BACK__1535488224287558.jpg", "samples/CAM_BACK_RIGHT/n008-2018-08-28-16-16-48-0400__CAM_BACK_RIGHT__1535488224278113.jpg"], "intrinsics": [[[1257.8625342125129, 0.0, 827.2410631095686], [0.0, 1257.8625342125129, 450.915498205774], [0.0, 0.0, 1.0]], [[1252.8131021185304, 0.0, 826.588114781398], [0.0, 1252.8131021185304, 469.9846626224581], [0.0, 0.0, 1.0]], [[1256.7485116440405, 0.0, 817.7887570959712], [0.0, 1256.7485116440403, 451.9541780095127], [0.0, 0.0, 1.0]], [[1254.9860565800168, 0.0, 829.5769333630991], [0.0, 1254.9860565800168, 467.1680561863987], [0.0, 0.0, 1.0]], [[796.8910634503094, 0.0, 857.7774326863696], [0.0, 796.8910634503094, 476.8848988407415], [0.0, 0.0, 1.0]], [[1249.9629280788233, 0.0, 825.3768045375984], [0.0, 1249.9629280788233, 462.54816385708756], [0.0, 0.0, 1.0]]], "extrinsics": [[[0.8228746652603149, -0.5678735971450806, -0.019924400374293327, -0.926513671875], [-0.017042290419340134, 0.010383942164480686, -0.9998008012771606, 1.4866676330566406], [0.5679672956466675, 0.8230503797531128, -0.0011331847636029124, -1.27978515625], [0.0, 0.0, 0.0, 1.0]], [[0.010906257666647434, -0.9999217391014099, -0.006127360742539167, 0.00640869140625], [-0.014942122623324394, 0.005964071489870548, -0.9998705983161926, 1.4790058135986328], [0.9998289346694946, 0.010996479541063309, -0.014875907450914383, -1.6568603515625], [0.0, 0.0, 0.0, 1.0]], [[-0.8437201380729675, -0.5367332696914673, 0.00733079481869936, 1.039306640625], [-0.0067914631217718124, -0.0029819244518876076, -0.9999724626541138, 1.492659568786621], [0.5367403626441956, -0.8437467813491821, -0.0011292955605313182, -1.24462890625], [0.0, 0.0, 0.0, 1.0]], [[0.9475632309913635, 0.3184700906276703, -0.026473350822925568, -1.1446533203125], [-0.03182477131485939, 0.011611225083470345, -0.9994260668754578, 1.5620651245117188], [-0.31797993183135986, 0.9478617906570435, 0.021137608215212822, -0.1558074951171875], [0.0, 0.0, 0.0, 1.0]], [[0.009167104959487915, 0.9999501705169678, 0.0039476435631513596, -0.028717041015625], [-0.02980457991361618, 0.004219285678118467, -0.9995468258857727, 1.5673942565917969], [-0.9995137453079224, 0.009045337326824665, 0.029841775074601173, 0.0218505859375], [0.0, 0.0, 0.0, 1.0]], [[-0.923747181892395, 0.38263460993766785, 0.01678948476910591, 1.1197509765625], [-0.025733811780810356, -0.018269164487719536, -0.9995018839836121, 1.5466804504394531], [-0.3821372389793396, -0.923719048500061, 0.026722736656665802, -0.0604248046875], [0.0, 0.0, 0.0, 1.0]]], "view": [[0.0, -2.0, 100.0], [-2.0, 0.0, 100.0], [0.0, 0.0, 1.0]], "bev": "bev_59c86c400024492eaf6cae1120af1e3e.png", "aux": "aux_59c86c400024492eaf6cae1120af1e3e.npz", "visibility": "visibility_59c86c400024492eaf6cae1120af1e3e.png", "pose": [[0.4312741160392761, -0.9022209644317627, 0.0, 449.1855163574219], [0.9022209644317627, 0.4312741160392761, 0.0, 1707.939453125], [0.0, 0.0, 1.0, 0.0], [0.0, 0.0, 0.0, 1.0]], "pose_inverse": [[0.4312741160392761, 0.9022209644317627, 0.0, -1734.660888671875], [-0.9022209644317627, 0.4312741160392761, 0.0, -331.32550048828125], [0.0, 0.0, 1.0, 0.0], [0.0, 0.0, 0.0, 1.0]], "cam_ids": [0, 1, 2, 3, 4, 5], "cam_channels": ["CAM_FRONT_LEFT", "CAM_FRONT", "CAM_FRONT_RIGHT", "CAM_BACK_LEFT", "CAM_BACK", "CAM_BACK_RIGHT"], "token": "59c86c400024492eaf6cae1120af1e3e", "scene": "scene-0686"}, {"images": ["samples/CAM_FRONT_LEFT/n008-2018-08-28-16-16-48-0400__CAM_FRONT_LEFT__1535488224754799.jpg", "samples/CAM_FRONT/n008-2018-08-28-16-16-48-0400__CAM_FRONT__1535488224762404.jpg", "samples/CAM_FRONT_RIGHT/n008-2018-08-28-16-16-48-0400__CAM_FRONT_RIGHT__1535488224770482.jpg", "samples/CAM_BACK_LEFT/n008-2018-08-28-16-16-48-0400__CAM_BACK_LEFT__1535488224797405.jpg", "samples/CAM_BACK/n008-2018-08-28-16-16-48-0400__CAM_BACK__1535488224787558.jpg", "samples/CAM_BACK_RIGHT/n008-2018-08-28-16-16-48-0400__CAM_BACK_RIGHT__1535488224778113.jpg"], "intrinsics": [[[1257.8625342125129, 0.0, 827.2410631095686], [0.0, 1257.8625342125129, 450.915498205774], [0.0, 0.0, 1.0]], [[1252.8131021185304, 0.0, 826.588114781398], [0.0, 1252.8131021185304, 469.9846626224581], [0.0, 0.0, 1.0]], [[1256.7485116440405, 0.0, 817.7887570959712], [0.0, 1256.7485116440403, 451.9541780095127], [0.0, 0.0, 1.0]], [[1254.9860565800168, 0.0, 829.5769333630991], [0.0, 1254.9860565800168, 467.1680561863987], [0.0, 0.0, 1.0]], [[796.8910634503094, 0.0, 857.7774326863696], [0.0, 796.8910634503094, 476.8848988407415], [0.0, 0.0, 1.0]], [[1249.9629280788233, 0.0, 825.3768045375984], [0.0, 1249.9629280788233, 462.54816385708756], [0.0, 0.0, 1.0]]], "extrinsics": [[[0.8232148885726929, -0.5673813223838806, -0.01989605836570263, -0.9371337890625], [-0.016567949205636978, 0.011021053418517113, -0.9998019933700562, 1.486928939819336], [0.5674881935119629, 0.8233814835548401, -0.00032765103969722986, -1.287841796875], [0.0, 0.0, 0.0, 1.0]], [[0.0113951051607728, -0.9999115467071533, -0.006857495289295912, 0.006927490234375], [-0.014705708250403404, 0.006689618807286024, -0.9998695254325867, 1.4791736602783203], [0.999826967716217, 0.011494484730064869, -0.01462817844003439, -1.667724609375], [0.0, 0.0, 0.0, 1.0]], [[-0.8435317277908325, -0.537034809589386, 0.006920680403709412, 1.0472412109375], [-0.006791429594159126, -0.002219066023826599, -0.9999744296073914, 1.4927282333374023], [0.5370364785194397, -0.8435572385787964, -0.0017753823194652796, -1.249267578125], [0.0, 0.0, 0.0, 1.0]], [[0.9475241899490356, 0.3185482919216156, -0.026925615966320038, -1.146484375], [-0.03255075216293335, 0.012347661890089512, -0.9993938207626343, 1.5621299743652344], [-0.3180227279663086, 0.9478262066841125, 0.022068694233894348, -0.155181884765625], [0.0, 0.0, 0.0, 1.0]], [[0.009024468250572681, 0.9999480247497559, 0.004733080044388771, -0.02886962890625], [-0.0302980504930019