[{"images": ["samples/CAM_FRONT_LEFT/n008-2018-08-30-15-16-55-0400__CAM_FRONT_LEFT__1535656915254799.jpg", "samples/CAM_FRONT/n008-2018-08-30-15-16-55-0400__CAM_FRONT__1535656915262404.jpg", "samples/CAM_FRONT_RIGHT/n008-2018-08-30-15-16-55-0400__CAM_FRONT_RIGHT__1535656915270482.jpg", "samples/CAM_BACK_LEFT/n008-2018-08-30-15-16-55-0400__CAM_BACK_LEFT__1535656915297405.jpg", "samples/CAM_BACK/n008-2018-08-30-15-16-55-0400__CAM_BACK__1535656915287558.jpg", "samples/CAM_BACK_RIGHT/n008-2018-08-30-15-16-55-0400__CAM_BACK_RIGHT__1535656915278113.jpg"], "intrinsics": [[[1257.8625342125129, 0.0, 827.2410631095686], [0.0, 1257.8625342125129, 450.915498205774], [0.0, 0.0, 1.0]], [[1252.8131021185304, 0.0, 826.588114781398], [0.0, 1252.8131021185304, 469.9846626224581], [0.0, 0.0, 1.0]], [[1256.7485116440405, 0.0, 817.7887570959712], [0.0, 1256.7485116440403, 451.9541780095127], [0.0, 0.0, 1.0]], [[1254.9860565800168, 0.0, 829.5769333630991], [0.0, 1254.9860565800168, 467.1680561863987], [0.0, 0.0, 1.0]], [[796.8910634503094, 0.0, 857.7774326863696], [0.0, 796.8910634503094, 476.8848988407415], [0.0, 0.0, 1.0]], [[1249.9629280788233, 0.0, 825.3768045375984], [0.0, 1249.9629280788233, 462.54816385708756], [0.0, 0.0, 1.0]]], "extrinsics": [[[0.823449432849884, -0.5673745274543762, -0.004136963281780481, -0.82476806640625], [0.006110536865890026, 0.016158750280737877, -0.9998507499694824, 1.4896135330200195], [0.5673568248748779, 0.8233013153076172, 0.01677287556231022, -1.21026611328125], [0.0, 0.0, 0.0, 1.0]], [[0.011613157577812672, -0.9998602271080017, -0.0120254997164011, 0.00836181640625], [0.007952294312417507, 0.012118280865252018, -0.9998949766159058, 1.4816007614135742], [0.9999009370803833, 0.01151619479060173, 0.008091914467513561, -1.5527191162109375], [0.0, 0.0, 0.0, 1.0]], [[-0.8434103727340698, -0.5370537638664246, -0.015236646868288517, 0.9703369140625], [0.01583048701286316, 0.0035062534734606743, -0.9998685717582703, 1.4953341484069824], [0.5370365977287292, -0.8435406684875488, 0.005544611718505621, -1.20001220703125], [0.0, 0.0, 0.0, 1.0]], [[0.9478458762168884, 0.3187102675437927, -0.0034622852690517902, -1.132171630859375], [-0.010006887838244438, 0.01889958791434765, -0.9997712969779968, 1.561920166015625], [-0.3185720145702362, 0.9476637244224548, 0.02110319584608078, -0.15997314453125], [0.0, 0.0, 0.0, 1.0]], [[0.008769793435931206, 0.9998985528945923, 0.0112177524715662, -0.02862548828125], [-0.007596434559673071, 0.0112844780087471, -0.9999074339866638, 1.5675992965698242], [-0.9999326467514038, 0.008683749474585056, 0.007694627158343792, -0.01593017578125], [0.0, 0.0, 0.0, 1.0]], [[-0.9240434169769287, 0.3822849690914154, -0.001358441892080009, 1.0625152587890625], [-0.003294701222330332, -0.011517039500176907, -0.9999282360076904, 1.547469139099121], [-0.38227322697639465, -0.9239726662635803, 0.01190176047384739, -0.083740234375], [0.0, 0.0, 0.0, 1.0]]], "view": [[0.0, -2.0, 100.0], [-2.0, 0.0, 100.0], [0.0, 0.0, 1.0]], "bev": "bev_8f45d1cf25794af68fc97387ec7dd0f1.png", "aux": "aux_8f45d1cf25794af68fc97387ec7dd0f1.npz", "visibility": "visibility_8f45d1cf25794af68fc97387ec7dd0f1.png", "pose": [[-0.7588913440704346, -0.6512172222137451, 0.0, 645.9296264648438], [0.6512172222137451, -0.7588913440704346, 0.0, 531.3488159179688], [0.0, 0.0, 1.0, 0.0], [0.0, 0.0, 0.0, 1.0]], "pose_inverse": [[-0.7588913440704346, 0.6512172222137451, 0.0, 144.16690063476562], [-0.6512172222137451, -0.7588913440704346, 0.0, 823.8765258789062], [0.0, 0.0, 1.0, 0.0], [0.0, 0.0, 0.0, 1.0]], "cam_ids": [0, 1, 2, 3, 4, 5], "cam_channels": ["CAM_FRONT_LEFT", "CAM_FRONT", "CAM_FRONT_RIGHT", "CAM_BACK_LEFT", "CAM_BACK", "CAM_BACK_RIGHT"], "token": "8f45d1cf25794af68fc97387ec7dd0f1", "scene": "scene-0752"}, {"images": ["samples/CAM_FRONT_LEFT/n008-2018-08-30-15-16-55-0400__CAM_FRONT_LEFT__1535656915754799.jpg", "samples/CAM_FRONT/n008-2018-08-30-15-16-55-0400__CAM_FRONT__1535656915762404.jpg", "samples/CAM_FRONT_RIGHT/n008-2018-08-30-15-16-55-0400__CAM_FRONT_RIGHT__1535656915770482.jpg", "samples/CAM_BACK_LEFT/n008-2018-08-30-15-16-55-0400__CAM_BACK_LEFT__1535656915797405.jpg", "samples/CAM_BACK/n008-2018-08-30-15-16-55-0400__CAM_BACK__1535656915787558.jpg", "samples/CAM_BACK_RIGHT/n008-2018-08-30-15-16-55-0400__CAM_BACK_RIGHT__1535656915778113.jpg"], "intrinsics": [[[1257.8625342125129, 0.0, 827.2410631095686], [0.0, 1257.8625342125129, 450.915498205774], [0.0, 0.0, 1.0]], [[1252.8131021185304, 0.0, 826.588114781398], [0.0, 1252.8131021185304, 469.9846626224581], [0.0, 0.0, 1.0]], [[1256.7485116440405, 0.0, 817.7887570959712], [0.0, 1256.7485116440403, 451.9541780095127], [0.0, 0.0, 1.0]], [[1254.9860565800168, 0.0, 829.5769333630991], [0.0, 1254.9860565800168, 467.1680561863987], [0.0, 0.0, 1.0]], [[796.8910634503094, 0.0, 857.7774326863696], [0.0, 796.8910634503094, 476.8848988407415], [0.0, 0.0, 1.0]], [[1249.9629280788233, 0.0, 825.3768045375984], [0.0, 1249.9629280788233, 462.54816385708756], [0.0, 0.0, 1.0]]], "extrinsics": [[[0.823436975479126, -0.5672482252120972, -0.013457011431455612, -0.8291015625], [-0.002343604573979974, 0.02031630463898182, -0.9997908473014832, 1.4877662658691406], [0.5674030184745789, 0.8232962489128113, 0.015399789437651634, -1.21380615234375], [0.0, 0.0, 0.0, 1.0]], [[0.01147738192230463, -0.9998006224632263, -0.016339773312211037, 0.0084228515625], [-0.000609654001891613, 0.016333848237991333, -0.9998664259910583, 1.4800424575805664], [0.9999338984489441, 0.011485820636153221, -0.00042206147918477654, -1.55853271484375], [0.0, 0.0, 0.0, 1.0]], [[-0.8435462117195129, -0.5369587540626526, -0.010254575870931149, 0.9749755859375], [0.007210094481706619, 0.007769595831632614, -0.9999437928199768, 1.494058609008789], [0.5370082855224609, -0.843572735786438, -0.0026824907399713993, -1.2030029296875], [0.0, 0.0, 0.0, 1.0]], [[0.94778972864151, 0.3187307119369507, -0.010269957594573498, -1.135223388671875], [-0.018638944253325462, 0.02321832999587059, -0.9995566606521606, 1.5618724822998047], [-0.3183509111404419, 0.9475608468055725, 0.027946896851062775, -0.15899658203125], [0.0, 0.0, 0.0, 1.0]], [[0.008909346535801888, 0.9998409152030945, 0.015455159358680248, -0.0286865234375], [-0.016332101076841354, 0.015599207952618599, -0.9997449517250061, 1.5671415328979492], [-0.999826967716217, 0.008654673583805561, 0.016468482092022896, -0.01172637939453125], [0.0, 0.0, 0.0, 1.0]], [[-0.9239992499351501, 0.382304310798645, 0.008298750035464764, 1.0670013427734375], [-0.011970418505370617, -0.007226495537906885, -0.9999022483825684, 1.546605110168457], [-0.38220691680908203, -0.9240082502365112, 0.011253618635237217, -0.08184814453125], [0.0, 0.0, 0.0, 1.0]]], "view": [[0.0, -2.0, 100.0], [-2.0, 0.0, 100.0], [0.0, 0.0, 1.0]], "bev": "bev_dc0cf6105f2743b486f0cbeda3fb189e.png", "aux": "aux_dc0cf6105f2743b486f0cbeda3fb189e.npz", "visibility": "visibility_dc0cf6105f2743b486f0cbeda3fb189e.png", "pose": [[-0.7455576658248901, -0.6664411425590515, 0.0, 644.14013671875], [0.6664411425590515, -0.7455576658248901, 0.0, 532.9448852539062], [0.0, 0.0, 1.0, 0.0], [0.0, 0.0, 0.0, 1.0]], "pose_inverse": [[-0.7455576658248901, 0.6664411425590515, 0.0, 125.06720733642578], [-0.6664411425590515, -0.7455576658248901, 0.0, 826.6226196289062], [0.0, 0.0, 1.0, 0.0], [0.0, 0.0, 0.0, 1.0]], "cam_ids": [0, 1, 2, 3, 4, 5], "cam_channels": ["CAM_FRONT_LEFT", "CAM_FRONT", "CAM_FRONT_RIGHT", "CAM_BACK_LEFT", "CAM_BACK", "CAM_BACK_RIGHT"], "token": "dc0cf6105f2743b486f0cbeda3fb189e", "scene": "scene-0752"}, {"images": ["samples/CAM_FRONT_LEFT/n008-2018-08-30-15-16-55-0400__CAM_FRONT_LEFT__1535656916254799.jpg", "samples/CAM_FRONT/n008-2018-08-30-15-16-55-0400__CAM_FRONT__1535656916262404.jpg", "samples/CAM_FRONT_RIGHT/n008-2018-08-30-15-16-55-0400__CAM_FRONT_RIGHT__1535656916270482.jpg", "samples/CAM_BACK_LEFT/n008-2018-08-30-15-16-55-0400__CAM_BACK_LEFT__1535656916297405.jpg", "samples/CAM_BACK/n008-2018-08-30-15-16-55-0400__CAM_BACK__1535656916287558.jpg", "samples/CAM_BACK_RIGHT/n008-2018-08-30-15-16-55-0400__CAM_BACK_RIGHT__1535656916278113.jpg"], "intrinsics": [[[1257.8625342125129, 0.0, 827.2410631095686], [0.0, 1257.8625342125129, 450.915498205774], [0.0, 0.0, 1.0]], [[1252.8131021185304, 0.0, 826.588114781398], [0.0, 1252.8131021185304, 469.9846626224581], [0.0, 0.0, 1.0]], [[1256.7485116440405, 0.0, 817.7887570959712], [0.0, 1256.7485116440403, 451.9541780095127], [0.0, 0.0, 1.0]], [[1254.9860565800168, 0.0, 829.5769333630991], [0.0, 1254.9860565800168, 467.1680561863987], [0.0, 0.0, 1.0]], [[796.8910634503094, 0.0, 857.7774326863696], [0.0, 796.8910634503094, 476.8848988407415], [0.0, 0.0, 1.0]], [[1249.9629280788233, 0.0, 825.3768045375984], [0.0, 1249.9629280788233, 462.54816385708756], [0.0, 0.0, 1.0]]], "extrinsics": [[[0.8232836723327637, -0.567311704158783, -0.01901250332593918, -0.82952880859375], [-0.00977200735360384, 0.019324317574501038, -0.9997655153274536, 1.4861927032470703], [0.5675460696220398, 0.8232764005661011, 0.010365620255470276, -1.21429443359375], [0.0, 0.0, 0.0, 1.0]], [[0.011326422914862633, -0.9998176693916321, -0.01536618359386921, 0.008544921875], [-0.007666910067200661, 0.015279882587492466, -0.9998538494110107, 1.4787912368774414], [0.9999063014984131, 0.0114425765350461, -0.0074924444779753685, -1.5578536987304688], [0.0, 0.0, 0.0, 1.0]], [[-0.8436024785041809, -0.5369530916213989, -0.004020889289677143, 0.9744873046875], [0.000517570530064404, 0.006675025913864374, -0.9999775290489197, 1.4931368827819824], [0.5369678735733032, -0.8435856699943542, -0.005353158339858055, -1.202392578125], [0.0, 0.0, 0.0, 1.0]], [[0.9476960301399231, 0.31877726316452026, -0.015910709276795387, -1.13580322265625], [-0.024242449551820755, 0.02218588814139366, -0.9994599223136902, 1.5618352890014648], [-0.31825217604637146, 0.9475699663162231, 0.02875342406332493, -0.1588134765625], [0.0, 0.0, 0.0, 1.0]], [[0.008972586132586002, 0.9998570680618286, 0.014329694211483002, -0.02880859375], [-0.022386079654097557, 0.014527528546750546, -0.9996438026428223, 1.5668010711669922], [-0.9997091293334961, 0.008648592047393322, 0.02251322939991951, -0.01169586181640625], [0.0, 0.0, 0.0, 1.0]], [[-0.9239285588264465, 0.38231492042541504, 0.0138287004083395, 1.0665435791015625], [-0.018401196226477623, -0.008306005038321018, -0.9997962117195129, 1.5459494590759277], [-0.3821220397949219, -0.9239946603775024, 0.014709207229316235, -0.08184814453125], [0.0, 0.0, 0.0, 1.0]]], "view": [[0.0, -2.0, 100.0], [-2.0, 0.0, 100.0], [0.0, 0.0, 1.0]], "bev": "bev_bd91978bdf8e427f89203c76c7c6be01.png", "aux": "aux_bd91978bdf8e427f89203c76c7c6be01.npz", "visibility": "visibility_bd91978bdf8e427f89203c76c7c6be01.png", "pose": [[-0.7314744591712952, -0.6818687915802002, 0.0, 642.3831176757812], [0.6818687915802002, -0.7314744591712952, 0.0, 534.5845947265625], [0.0, 0.0, 1.0, 0.0], [0.0, 0.0, 0.0, 1.0]], "pose_inverse": [[-0.7314744591712952, 0.6818687915802002, 0.0, 105.37029266357422], [-0.6818687915802002, -0.7314744591712952, 0.0, 829.0560302734375], [0.0, 0.0, 1.0, 0.0], [0.0, 0.0, 0.0, 1.0]], "cam_ids": [0, 1, 2, 3, 4, 5], "cam_channels": ["CAM_FRONT_LEFT", "CAM_FRONT", "CAM_FRONT_RIGHT", "CAM_BACK_LEFT", "CAM_BACK", "CAM_BACK_RIGHT"], "token": "bd91978bdf8e427f89203c76c7c6be01", "scene": "scene-0752"}, {"images": ["samples/CAM_FRONT_LEFT/n008-2018-08-30-15-16-55-0400__CAM_FRONT_LEFT__1535656916754799.jpg", "samples/CAM_FRONT/n008-2018-08-30-15-16-55-0400__CAM_FRONT__1535656916762404.jpg", "samples/CAM_FRONT_RIGHT/n008-2018-08-30-15-16-55-0400__CAM_FRONT_RIGHT__1535656916770482.jpg", "samples/CAM_BACK_LEFT/n008-2018-08-30-15-16-55-0400__CAM_BACK_LEFT__1535656916797412.jpg", "samples/CAM_BACK/n008-2018-08-30-15-16-55-0400__CAM_BACK__1535656916787558.jpg", "samples/CAM_BACK_RIGHT/n008-2018-08-30-15-16-55-0400__CAM_BACK_RIGHT__1535656916778113.jpg"], "intrinsics": [[[1257.8625342125129, 0.0, 827.2410631095686], [0.0, 1257.8625342125129, 450.915498205774], [0.0, 0.0, 1.0]], [[1252.8131021185304, 0.0, 826.588114781398], [0.0, 1252.8131021185304, 469.9846626224581], [0.0, 0.0, 1.0]], [[1256.7485116440405, 0.0, 817.7887570959712], [0.0, 1256.7485116440403, 451.9541780095127], [0.0, 0.0, 1.0]], [[1254.9860565800168, 0.0, 829.5769333630991], [0.0, 1254.9860565800168, 467.1680561863987], [0.0, 0.0, 1.0]], [[796.8910634503094, 0.0, 857.7774326863696], [0.0, 796.8910634503094, 476.8848988407415], [0.0, 0.0, 1.0]], [[1249.9629280788233, 0.0, 825.3768045375984], [0.0, 1249.9629280788233, 462.54816385708756], [0.0, 0.0, 1.0]]], "extrinsics": [[[0.8231115341186523, -0.56770920753479, -0.013916647993028164, -0.848846435546875], [4.4442123908083886e-05, 0.024570723995566368, -0.9996981024742126, 1.4882469177246094], [0.567879855632782, 0.8228623867034912, 0.02024967409670353, -1.22833251953125], [0.0, 0.0, 0.0, 1.0]], [[0.011098879389464855, -0.9997286796569824, -0.020480705425143242, 0.00921630859375], [0.002148010767996311, 0.02050575613975525, -0.999787449836731, 1.4804573059082031], [0.9999361038208008, 0.01105247251689434, 0.0023750178515911102, -1.579742431640625], [0.0, 0.0, 0.0, 1.0]], [[-0.8436753153800964, -0.5366412401199341, -0.015102283097803593, 0.990234375], [0.010357517749071121, 0.011855274438858032, -0.999876081943512, 1.4942960739135742], [0.53675377368927, -0.8437272310256958, -0.004443732555955648, -1.21160888671875], [0.0, 0.0, 0.0, 1.0]], [[0.947841465473175, 0.31870317459106445, -0.004980320576578379, -1.139190673828125], [-0.014352163299918175, 0.02706465683877468, -0.9995306730270386, 1.561971664428711], [-0.31841883063316345, 0.947468101978302, 0.030227085575461388, -0.15771484375], [0.0, 0.0, 0.0, 1.0]], [[0.00901210866868496, 0.9997711181640625, 0.01940670982003212, -0.0291748046875], [-0.012487070634961128, 0.019518503919243813, -0.9997314810752869, 1.5674610137939453], [-0.9998814463615417, 0.008767369203269482, 0.012660115025937557, -0.00267791748046875], [0.0, 0.0, 0.0, 1.0]], [[-0.923927903175354, 0.3825080096721649, 0.0066953678615391254, 1.07940673828125], [-0.008572136983275414, -0.003202415071427822, -0.9999580979347229, 1.547067642211914], [-0.3824705481529236, -0.9239466190338135, 0.006237710826098919, -0.075927734375], [0.0, 0.0, 0.0, 1.0]]], "view": [[0.0, -2.0, 100.0], [-2.0, 0.0, 100.0], [0.0, 0.0, 1.0]], "bev": "bev_98ba8d9f291d4a669a157824405ee394.png", "aux": "aux_98ba8d9f291d4a669a157824405ee394.npz", "visibility": "visibility_98ba8d9f291d4a669a157824405ee394.png", "pose": [[-0.7205007076263428, -0.6934542059898376, 0.0, 640.7876586914062], [0.6934542059898376, -0.7205007076263428, 0.0, 536.133544921875], [0.0, 0.0, 1.0, 0.0], [0.0, 0.0, 0.0, 1.0]], "pose_inverse": [[-0.7205007076263428, 0.6934542059898376, 0.0, 89.90386962890625], [-0.6934542059898376, -0.7205007076263428, 0.0, 830.6414794921875], [0.0, 0.0, 1.0, 0.0], [0.0, 0.0, 0.0, 1.0]], "cam_ids": [0, 1, 2, 3, 4, 5], "cam_channels": ["CAM_FRONT_LEFT", "CAM_FRONT", "CAM_FRONT_RIGHT", "CAM_BACK_LEFT", "CAM_BACK", "CAM_BACK_RIGHT"], "token": "98ba8d9f291d4a669a157824405ee394", "scene": "scene-0752"}, {"images": ["samples/CAM_FRONT_LEFT/n008-2018-08-30-15-16-55-0400__CAM_FRONT_LEFT__1535656917254799.jpg", "samples/CAM_FRONT/n008-2018-08-30-15-16-55-0400__CAM_FRONT__1535656917262404.jpg", "samples/CAM_FRONT_RIGHT/n008-2018-08-30-15-16-55-0400__CAM_FRONT_RIGHT__1535656917270482.jpg", "samples/CAM_BACK_LEFT/n008-2018-08-30-15-16-55-0400__CAM_BACK_LEFT__1535656917297405.jpg", "samples/CAM_BACK/n008-2018-08-30-15-16-55-0400__CAM_BACK__1535656917287558.jpg", "samples/CAM_BACK_RIGHT/n008-2018-08-30-15-16-55-0400__CAM_BACK_RIGHT__1535656917278113.jpg"], "intrinsics": [[[1257.8625342125129, 0.0, 827.2410631095686], [0.0, 1257.8625342125129, 450.915498205774], [0.0, 0.0, 1.0]], [[1252.8131021185304, 0.0, 826.588114781398], [0.0, 1252.8131021185304, 469.9846626224581], [0.0, 0.0, 1.0]], [[1256.7485116440405, 0.0, 817.7887570959712], [0.0, 1256.7485116440403, 451.9541780095127], [0.0, 0.0, 1.0]], [[1254.9860565800168, 0.0, 829.5769333630991], [0.0, 1254.9860565800168, 467.1680561863987], [0.0, 0.0, 1.0]], [[796.8910634503094, 0.0, 857.7774326863696], [0.0, 796.8910634503094, 476.8848988407415], [0.0, 0.0, 1.0]], [[1249.9629280788233, 0.0, 825.3768045375984], [0.0, 1249.9629280788233, 462.54816385708756], [0.0, 0.0, 1.0]]], "extrinsics": [[[0.8229768872261047, -0.5680177211761475, -0.008057531900703907, -0.8690185546875], [0.009042911231517792, 0.027281388640403748, -0.9995868802070618, 1.4897823333740234], [0.5680028796195984, 0.8225640654563904, 0.027588484808802605, -1.2396240234375], [0.0, 0.0, 0.0, 1.0]], [[0.010957433842122555, -0.9996849298477173, -0.022581780329346657, 0.007080078125], [0.01137494295835495, 0.0227062925696373, -0.9996774792671204, 1.4817142486572266], [0.9998753070831299, 0.010697129182517529, 0.011620162054896355, -1.5981597900390625], [0.0, 0.0, 0.0, 1.0]], [[-0.8436383008956909, -0.5363768339157104, -0.02396443486213684, 1.0015869140625], [0.019795522093772888, 0.013530195690691471, -0.9997124671936035, 1.495162010192871], [0.5365468859672546, -0.8438701629638672, -0.0007967306883074343, -1.22076416015625], [0.0, 0.0, 0.0, 1.0]], [[0.9478747248649597, 0.3186095952987671, 0.004636701662093401, -1.14215087890625], [-0.0042577581480145454, 0.027214381843805313, -0.9996205568313599, 1.5620365142822266], [-0.3186148703098297, 0.9474952816963196, 0.02715238742530346, -0.15655517578125], [0.0, 0.0, 0.0, 1.0]], [[0.008964437991380692, 0.9997563362121582, 0.020171411335468292, -0.02850341796875], [-0.002623682375997305, 0.020195668563246727, -0.9997925758361816, 1.5679588317871094], [-0.9999563694000244, 0.008909684605896473, 0.0028040874749422073, 0.0045166015625], [0.0, 0.0, 0.0, 1.0]], [[-0.9238693714141846, 0.38270366191864014, -0.0017934563802555203, 1.090240478515625], [0.0011210889788344502, -0.0019798940047621727, -0.9999973773956299, 1.5478979349136353], [-0.3827061653137207, -0.9238690137863159, 0.0014001198578625917, -0.07275390625], [0.0, 0.0, 0.0, 1.0]]], "view": [[0.0, -2.0, 100.0], [-2.0, 0.0, 100.0], [0.0, 0.0, 1.0]], "bev": "bev_54ea5283e6d643b4b54fe489bd373c16.png", "aux": "aux_54ea5283e6d643b4b54fe489bd373c16.npz", "visibility": "visibility_54ea5283e6d643b4b54fe489bd373c16.png", "pose": [[-0.7164421081542969, -0.6976465582847595, 0.0, 639.3635864257812], [0.6976465582847595, -0.7164421081542969, 0.0, 537.5407104492188], [0.0, 0.0, 1.0, 0.0], [0.0, 0.0, 0.0, 1.0]], "pose_inverse": [[-0.7164421081542969, 0.6976465582847595, 0.0, 83.05355834960938], [-0.6976465582847595, -0.7164421081542969, 0.0, 831.1666259765625], [0.0, 0.0, 1.0, 0.0], [0.0, 0.0, 0.0, 1.0]], "cam_ids": [0, 1, 2, 3, 4, 5], "cam_channels": ["CAM_FRONT_LEFT", "CAM_FRONT", "CAM_FRONT_RIGHT", "CAM_BACK_LEFT", "CAM_BACK", "CAM_BACK_RIGHT"], "token": "54ea5283e6d643b4b54fe489bd373c16", "scene": "scene-0752"}, {"images": ["samples/CAM_FRONT_LEFT/n008-2018-08-30-15-16-55-0400__CAM_FRONT_LEFT__1535656917754799.jpg", "samples/CAM_FRONT/n008-2018-08-30-15-16-55-0400__CAM_FRONT__1535656917762404.jpg", "samples/CAM_FRONT_RIGHT/n008-2018-08-30-15-16-55-0400__CAM_FRONT_RIGHT__1535656917770482.jpg", "samples/CAM_BACK_LEFT/n008-2018-08-30-15-16-55-0400__CAM_BACK_LEFT__1535656917797405.jpg", "samples/CAM_BACK/n008-2018-08-30-15-16-55-0400__CAM_BACK__1535656917787558.jpg", "samples/CAM_BACK_RIGHT/n008-2018-08-30-15-16-55-0400__CAM_BACK_RIGHT__1535656917778113.jpg"], "intrinsics": [[[1257.8625342125129, 0.0, 827.2410631095686], [0.0, 1257.8625342125129, 450.915498205774], [0.0, 0.0, 1.0]], [[1252.8131021185304, 0.0, 826.588114781398], [0.0, 1252.8131021185304, 469.9846626224581], [0.0, 0.0, 1.0]], [[1256.7485116440405, 0.0, 817.7887570959712], [0.0, 1256.7485116440403, 451.9541780095127], [0.0, 0.0, 1.0]], [[1254.9860565800168, 0.0, 829.5769333630991], [0.0, 1254.9860565800168, 467.1680561863987], [0.0, 0.0, 1.0]], [[796.8910634503094, 0.0, 857.7774326863696], [0.0, 796.8910634503094, 476.8848988407415], [0.0, 0.0, 1.0]], [[1249.9629280788233, 0.0, 825.3768045375984], [0.0, 1249.9629280788233, 462.54816385708756], [0.0, 0.0, 1.0]]], "extrinsics": [[[0.8218030333518982, -0.5697594881057739, -0.0037388743367046118, -0.883758544921875], [0.015229611657559872, 0.028525473549962044, -0.9994770288467407, 1.4904651641845703], [0.5695682168006897, 0.8213162422180176, 0.03211953490972519, -1.25152587890625], [0.0, 0.0, 0.0, 1.0]], [[0.009302524849772453, -0.9996673464775085, -0.024054335430264473, 0.00811767578125], [0.01736506074666977, 0.02421325072646141, -0.9995560050010681, 1.482208251953125], [0.9998059272766113, 0.00888069998472929, 0.017584528774023056, -1.6147537231445312], [0.0, 0.0, 0.0, 1.0]], [[-0.8442329168319702, -0.5351478457450867, -0.0297919400036335, 1.01348876953125], [0.025573421269655228, 0.015301907435059547, -0.9995558261871338, 1.4954090118408203], [0.5353660583496094, -0.8446198105812073, 0.0007671850034967065, -1.2271728515625], [0.0, 0.0, 0.0, 1.0]], [[0.9478837847709656, 0.318452388048172, 0.010224510915577412, -1.143890380859375], [0.0007533254683949053, 0.029850265011191368, -0.9995540976524353, 1.5620460510253906], [-0.3186156153678894, 0.9474688172340393, 0.028054682537913322, -0.15606689453125], [0.0, 0.0, 0.0, 1.0]], [[0.009400060400366783, 0.9997009634971619, 0.022578733041882515, -0.02899169921875], [0.0026666054036468267, 0.022554591298103333, -0.9997420310974121, 1.5681400299072266], [-0.9999523162841797, 0.009457865729928017, -0.002453792607411742, 0.01091766357421875], [0.0, 0.0, 0.0, 1.0]], [[-0.9234617352485657, 0.38364118337631226, -0.006148174870759249, 1.0995941162109375], [0.006683969404548407, 6.34750394965522e-05, -0.9999776482582092, 1.5482518672943115], [-0.38363221287727356, -0.9234822392463684, -0.0026228618808090687, -0.068115234375], [0.0, 0.0, 0.0, 1.0]]], "view": [[0.0, -2.0, 100.0], [-2.0, 0.0, 100.0], [0.0, 0.0, 1.0]], "bev": "bev_e4dc9d93153540ccb0cbeeb0f05ba214.png", "aux": "aux_e4dc9d93153540ccb0cbeeb0f05ba214.npz", "visibility": "visibility_e4dc9d93153540ccb0cbeeb0f05ba214.png", "pose": [[-0.7222066521644592, -0.6916773915290833, 0.0, 638.12109375], [0.6916773915290833, -0.7222066521644592, 0.0, 538.765625], [0.0, 0.0, 1.0, 0.0], [0.0, 0.0, 0.0, 1.0]], "pose_inverse": [[-0.7222066521644592, 0.6916773915290833, 0.0, 88.20329284667969], [-0.6916773915290833, -0.7222066521644592, 0.0, 830.4739990234375], [0.0, 0.0, 1.0, 0.0], [0.0, 0.0, 0.0, 1.0]], "cam_ids": [0, 1, 2, 3, 4, 5], "cam_channels": ["CAM_FRONT_LEFT", "CAM_FRONT", "CAM_FRONT_RIGHT", "CAM_BACK_LEFT", "CAM_BACK", "CAM_BACK_RIGHT"], "token": "e4dc9d93153540ccb0cbeeb0f05ba214", "scene": "scene-0752"}, {"images": ["samples/CAM_FRONT_LEFT/n008-2018-08-30-15-16-55-0400__CAM_FRONT_LEFT__1535656918254799.jpg", "samples/CAM_FRONT/n008-2018-08-30-15-16-55-0400__CAM_FRONT__1535656918262404.jpg", "samples/CAM_FRONT_RIGHT/n008-2018-08-30-15-16-55-0400__CAM_FRONT_RIGHT__1535656918270482.jpg", "samples/CAM_BACK_LEFT/n008-2018-08-30-15-16-55-0400__CAM_BACK_LEFT__1535656918297405.jpg", "samples/CAM_BACK/n008-2018-08-30-15-16-55-0400__CAM_BACK__1535656918287558.jpg", "samples/CAM_BACK_RIGHT/n008-2018-08-30-15-16-55-0400__CAM_BACK_RIGHT__1535656918278113.jpg"], "intrinsics": [[[1257.8625342125129, 0.0, 827.2410631095686], [0.0, 1257.8625342125129, 450.915498205774], [0.0, 0.0, 1.0]], [[1252.8131021185304, 0.0, 826.588114781398], [0.0, 1252.8131021185304, 469.9846626224581], [0.0, 0.0, 1.0]], [[1256.7485116440405, 0.0, 817.7887570959712], [0.0, 1256.7485116440403, 451.9541780095127], [0.0, 0.0, 1.0]], [[1254.9860565800168, 0.0, 829.5769333630991], [0.0, 1254.9860565800168, 467.1680561863987], [0.0, 0.0, 1.0]], [[796.8910634503094, 0.0, 857.7774326863696], [0.0, 796.8910634503094, 476.8848988407415], [0.0, 0.0, 1.0]], [[1249.9629280788233, 0.0, 825.3768045375984], [0.0, 1249.9629280788233, 462.54816385708756], [0.0, 0.0, 1.0]]], "extrinsics": [[[0.8212421536445618, -0.5705742239952087, -0.0025262157432734966, -0.891754150390625], [0.010934689082205296, 0.020164914429187775, -0.9997368454933167, 1.4897384643554688], [0.5704750418663025, 0.8209984302520752, 0.022799327969551086, -1.2574462890625], [0.0, 0.0, 0.0, 1.0]], [[0.008414257317781448, -0.9998331665992737, -0.016214817762374878, 0.0081787109375], [0.012898080982267857, 0.016322558745741844, -0.9997836351394653, 1.4815702438354492], [0.9998814463615417, 0.008203192614018917, 0.01303326990455389, -1.623321533203125], [0.0, 0.0, 0.0, 1.0]], [[-0.8446798324584961, -0.5348237752914429, -0.02190255932509899, 1.0196533203125], [0.02091054432094097, 0.007917320355772972, -0.9997499585151672, 1.494837760925293], [0.5348634123802185, -0.8449265360832214, 0.004495854489505291, -1.23095703125], [0.0, 0.0, 0.0, 1.0]], [[0.9478247165679932, 0.3187699019908905, 0.0037573985755443573, -1.1446533203125], [-0.004150721710175276, 0.024125337600708008, -0.9997003674507141, 1.5620346069335938], [-0.31876498460769653, 0.9475250840187073, 0.024189718067646027, -0.1563720703125], [0.0, 0.0, 0.0, 1.0]], [[0.00963660329580307, 0.9998218417167664, 0.016225870698690414, -0.02911376953125], [-0.0021574075799435377, 0.016247374936938286, -0.9998656511306763, 1.5679874420166016], [-0.9999513626098633, 0.009600293822586536, 0.0023135924711823463, 0.01474761962890625], [0.0, 0.0, 0.0, 1.0]], [[-0.9233246445655823, 0.3839951455593109, -0.004399391822516918, 1.10491943359375], [0.0019281565910205245, -0.006820312701165676, -0.9999749064445496, 1.5479340553283691], [-0.3840155303478241, -0.9233099818229675, 0.005556960590183735, -0.06585693359375], [0.0, 0.0, 0.0, 1.0]]], "view": [[0.0, -2.0, 100.0], [-2.0, 0.0, 100.0], [0.0, 0.0, 1.0]], "bev": "bev_ee4880e9f0fd4cac8c5741fe6a06ef48.png", "aux": "aux_ee4880e9f0fd4cac8c5741fe6a06ef48.npz", "visibility": "visibility_ee4880e9f0fd4cac8c5741fe6a06ef48.png", "pose": [[-0.7369886040687561, -0.675905168056488, 0.0, 636.945556640625], [0.675905168056488, -0.7369886040687561, 0.0, 539.9129638671875], [0.0, 0.0, 1.0, 0.0], [0.0, 0.0, 0.0, 1.0]], "pose_inverse": [[-0.7369886040687561, 0.675905168056488, 0.0, 104.49168395996094], [-0.675905168056488, -0.7369886040687561, 0.0, 828.4244995117188], [0.0, 0.0, 1.0, 0.0], [0.0, 0.0, 0.0, 1.0]], "cam_ids": [0, 1, 2, 3, 4, 5], "cam_channels": ["CAM_FRONT_LEFT", "CAM_FRONT", "CAM_FRONT_RIGHT", "CAM_BACK_LEFT", "CAM_BACK", "CAM_BACK_RIGHT"], "token": "ee4880e9f0fd4cac8c5741fe6a06ef48", "scene": "scene-0752"}, {"images": ["samples/CAM_FRONT_LEFT/n008-2018-08-30-15-16-55-0400__CAM_FRONT_LEFT__1535656918754799.jpg", "samples/CAM_FRONT/n008-2018-08-30-15-16-55-0400__CAM_FRONT__1535656918762404.jpg", "samples/CAM_FRONT_RIGHT/n008-2018-08-30-15-16-55-0400__CAM_FRONT_RIGHT__1535656918770482.jpg", "samples/CAM_BACK_LEFT/n008-2018-08-30-15-16-55-0400__CAM_BACK_LEFT__1535656918797405.jpg", "samples/CAM_BACK/n008-2018-08-30-15-16-55-0400__CAM_BACK__1535656918787558.jpg", "samples/CAM_BACK_RIGHT/n008-2018-08-30-15-16-55-0400__CAM_BACK_RIGHT__1535656918778113.jpg"], "intrinsics": [[[1257.8625342125129, 0.0, 827.2410631095686], [0.0, 1257.8625342125129, 450.915498205774], [0.0, 0.0, 1.0]], [[1252.8131021185304, 0.0, 826.588114781398], [0.0, 1252.8131021185304, 469.9846626224581], [0.0, 0.0, 1.0]], [[1256.7485116440405, 0.0, 817.7887570959712], [0.0, 1256.7485116440403, 451.9541780095127], [0.0, 0.0, 1.0]], [[1254.9860565800168, 0.0, 829.5769333630991], [0.0, 1254.9860565800168, 467.1680561863987], [0.0, 0.0, 1.0]], [[796.8910634503094, 0.0, 857.7774326863696], [0.0, 796.8910634503094, 476.8848988407415], [0.0, 0.0, 1.0]], [[1249.9629280788233, 0.0, 825.3768045375984], [0.0, 1249.9629280788233, 462.54816385708756], [0.0, 0.0, 1.0]]], "extrinsics": [[[0.8209783434867859, -0.5709423422813416, 0.004402484279125929, -0.904083251953125], [0.01581343449652195, 0.015029627829790115, -0.9997619986534119, 1.4902019500732422], [0.5707403421401978, 0.820852518081665, 0.02136756107211113, -1.264892578125], [0.0, 0.0, 0.0, 1.0]], [[0.008126947097480297, -0.9999093413352966, -0.010736900381743908, 0.00738525390625], [0.01795097626745701, 0.010881408117711544, -0.9997796416282654, 1.4819459915161133], [0.999805748462677, 0.007932370528578758, 0.01803778111934662, -1.634765625], [0.0, 0.0, 0.0, 1.0]], [[-0.8447054624557495, -0.5347257852554321, -0.023258784785866737, 1.02642822265625], [0.026168866083025932, 0.0021427415776997805, -0.9996552467346191, 1.4950742721557617], [0.5345913171768188, -0.8450228571891785, 0.012183182872831821, -1.23583984375], [0.0, 0.0, 0.0, 1.0]], [[0.9478110671043396, 0.31875988841056824, 0.006803371477872133, -1.145843505859375], [0.0013411534018814564, 0.017352186143398285, -0.9998485445976257, 1.5620365142822266], [-0.31882962584495544, 0.9476765990257263, 0.01601908914744854, -0.15570068359375], [0.0, 0.0, 0.0, 1.0]], [[0.0096823088824749, 0.9999046921730042, 0.009837918914854527, -0.029052734375], [0.0032264471519738436, 0.009807090274989605, -0.9999467134475708, 1.5681438446044922], [-0.9999479055404663, 0.009713558480143547, -0.0031311833299696445, 0.0173187255859375], [0.0, 0.0, 0.0, 1.0]], [[-0.9232058525085449, 0.38413068652153015, -0.011597051285207272, 1.1102142333984375], [0.007192763965576887, -0.012900254689157009, -0.999890923500061, 1.5482110977172852], [-0.38423845171928406, -0.9231885671615601, 0.009146630764007568, -0.06402587890625], [0.0, 0.0, 0.0, 1.0]]], "view": [[0.0, -2.0, 100.0], [-2.0, 0.0, 100.0], [0.0, 0.0, 1.0]], "bev": "bev_10044bdaf8d34440a559fd59add79f74.png", "aux": "aux_10044bdaf8d34440a559fd59add79f74.npz", "visibility": "visibility_10044bdaf8d34440a559fd59add79f74.png", "pose": [[-0.7574493885040283, -0.6528938412666321, 0.0, 635.8311767578125], [0.6528938412666321, -0.7574493885040283, 0.0, 540.920166015625], [0.0, 0.0, 1.0, 0.0], [0.0, 0.0, 0.0, 1.0]], "pose_inverse": [[-0.7574493885040283, 0.6528938412666321, 0.0, 128.4464874267578], [-0.6528938412666321, -0.7574493885040283, 0.0, 824.8499145507812], [0.0, 0.0, 1.0, 0.0], [0.0, 0.0, 0.0, 1.0]], "cam_ids": [0, 1, 2, 3, 4, 5], "cam_channels": ["CAM_FRONT_LEFT", "CAM_FRONT", "CAM_FRONT_RIGHT", "CAM_BACK_LEFT", "CAM_BACK", "CAM_BACK_RIGHT"], "token": "10044bdaf8d34440a559fd59add79f74", "scene": "scene-0752"}, {"images": ["samples/CAM_FRONT_LEFT/n008-2018-08-30-15-16-55-0400__CAM_FRONT_LEFT__1535656919254799.jpg", "samples/CAM_FRONT/n008-2018-08-30-15-16-55-0400__CAM_FRONT__1535656919262404.jpg", "samples/CAM_FRONT_RIGHT/n008-2018-08-30-15-16-55-0400__CAM_FRONT_RIGHT__1535656919270482.jpg", "samples/CAM_BACK_LEFT/n008-2018-08-30-15-16-55-0400__CAM_BACK_LEFT__1535656919297429.jpg", "samples/CAM_BACK/n008-2018-08-30-15-16-55-0400__CAM_BACK__1535656919287558.jpg", "samples/CAM_BACK_RIGHT/n008-2018-08-30-15-16-55-0400__CAM_BACK_RIGHT__1535656919278113.jpg"], "intrinsics": [[[1257.8625342125129, 0.0, 827.2410631095686], [0.0, 1257.8625342125129, 450.915498205774], [0.0, 0.0, 1.0]], [[1252.8131021185304, 0.0, 826.588114781398], [0.0, 1252.8131021185304, 469.9846626224581], [0.0, 0.0, 1.0]], [[1256.7485116440405, 0.0, 817.7887570959712], [0.0, 1256.7485116440403, 451.9541780095127], [0.0, 0.0, 1.0]], [[1254.9860565800168, 0.0, 829.5769333630991], [0.0, 1254.9860565800168, 467.1680561863987], [0.0, 0.0, 1.0]], [[796.8910634503094, 0.0, 857.7774326863696], [0.0, 796.8910634503094, 476.8848988407415], [0.0, 0.0, 1.0]], [[1249.9629280788233, 0.0, 825.3768045375984], [0.0, 1249.9629280788233, 462.54816385708756], [0.0, 0.0, 1.0]]], "extrinsics": [[[0.8212270140647888, -0.5705296993255615, 0.00906877126544714, -0.916961669921875], [0.022425232455134392, 0.016389917582273483, -0.9996141791343689, 1.4906864166259766], [0.5701608657836914, 0.8211134076118469, 0.02625410072505474, -1.272705078125], [0.0, 0.0, 0.0, 1.0]], [[0.008605371229350567, -0.9998910427093506, -0.011984758079051971, 0.00634765625], [0.024091480299830437, 0.012189031578600407, -0.9996354579925537, 1.4822797775268555], [0.9996726512908936, 0.008313486352562904, 0.024193746969103813, -1.6469268798828125], [0.0, 0.0, 0.0, 1.0]], [[-0.8443931937217712, -0.5349552035331726, -0.02869209088385105, 1.0338134765625], [0.0318010188639164, 0.003411219222471118, -0.999488353729248, 1.4952168464660645], [0.5347793102264404, -0.8448735475540161, 0.014131708070635796, -1.24127197265625], [0.0, 0.0, 0.0, 1.0]], [[0.947778046131134, 0.31873762607574463, 0.01110199373215437, -1.1456298828125], [0.005515561904758215, 0.01842397265136242, -0.999815046787262, 1.5620336532592773], [-0.31888318061828613, 0.9476639032363892, 0.015703819692134857, -0.155517578125], [0.0, 0.0, 0.0, 1.0]], [[0.00952029600739479, 0.9998937249183655, 0.011036365292966366, -0.0286865234375], [0.007991493679583073, 0.010960432700812817, -0.9999079704284668, 1.5682544708251953], [-0.9999227523803711, 0.009607632644474506, -0.00788629800081253, 0.020050048828125], [0.0, 0.0, 0.0, 1.0]], [[-0.9232187271118164, 0.383940726518631, -0.016017824411392212, 1.1160430908203125], [0.01248949021100998, -0.011681358329951763, -0.999853789806366, 1.5484166145324707], [-0.3840716779232025, -0.9232838153839111, 0.005989226046949625, -0.0621337890625], [0.0, 0.0, 0.0, 1.0]]], "view": [[0.0, -2.0, 100.0], [-2.0, 0.0, 100.0], [0.0, 0.0, 1.0]], "bev": "bev_10eed5d66c5b4f9cb0a223d483f62801.png", "aux": "aux_10eed5d66c5b4f9cb0a223d483f62801.npz", "visibility": "visibility_10eed5d66c5b4f9cb0a223d483f62801.png", "pose": [[-0.7769722938537598, -0.6295347809791565, 0.0, 634.809326171875], [0.6295347809791565, -0.7769722938537598, 0.0, 541.7800903320312], [0.0, 0.0, 1.0, 0.0], [0.0, 0.0, 0.0, 1.0]], "pose_inverse": [[-0.7769722938537598, 0.6295347809791565, 0.0, 152.1598358154297], [-0.6295347809791565, -0.7769722938537598, 0.0, 820.5827026367188], [0.0, 0.0, 1.0, 0.0], [0.0, 0.0, 0.0, 1.0]], "cam_ids": [0, 1, 2, 3, 4, 5], "cam_channels": ["CAM_FRONT_LEFT", "CAM_FRONT", "CAM_FRONT_RIGHT", "CAM_BACK_LEFT", "CAM_BACK", "CAM_BACK_RIGHT"], "token": "10eed5d66c5b4f9cb0a223d483f62801", "scene": "scene-0752"}, {"images": ["samples/CAM_FRONT_LEFT/n008-2018-08-30-15-16-55-0400__CAM_FRONT_LEFT__1535656919754799.jpg", "samples/CAM_FRONT/n008-2018-08-30-15-16-55-0400__CAM_FRONT__1535656919762404.jpg", "samples/CAM_FRONT_RIGHT/n008-2018-08-30-15-16-55-0400__CAM_FRONT_RIGHT__1535656919770482.jpg", "samples/CAM_BACK_LEFT/n008-2018-08-30-15-16-55-0400__CAM_BACK_LEFT__1535656919797405.jpg", "samples/CAM_BACK/n008-2018-08-30-15-16-55-0400__CAM_BACK__1535656919787558.jpg", "samples/CAM_BACK_RIGHT/n008-2018-08-30-15-16-55-0400__CAM_BACK_RIGHT__1535656919778113.jpg"], "intrinsics": [[[1257.8625342125129, 0.0, 827.2410631095686], [0.0, 1257.8625342125129, 450.915498205774], [0.0, 0.0, 1.0]], [[1252.8131021185304, 0.0, 826.588114781398], [0.0, 1252.8131021185304, 469.9846626224581], [0.0, 0.0, 1.0]], [[1256.7485116440405, 0.0, 817.7887570959712], [0.0, 1256.7485116440403, 451.9541780095127], [0.0, 0.0, 1.0]], [[1254.9860565800168, 0.0, 829.5769333630991], [0.0, 1254.9860565800168, 467.1680561863987], [0.0, 0.0, 1.0]], [[796.8910634503094, 0.0, 857.7774326863696], [0.0, 796.8910634503094, 476.8848988407415], [0.0, 0.0, 1.0]], [[1249.9629280788233, 0.0, 825.3768045375984], [0.0, 1249.9629280788233, 462.54816385708756], [0.0, 0.0, 1.0]]], "extrinsics": [[[0.8214473128318787, -0.5702835917472839, 0.0008929378818720579, -0.92095947265625], [0.012243925593793392, 0.01607092097401619, -0.9997958540916443, 1.4895410537719727], [0.570152997970581, 0.8212906122207642, 0.020183926448225975, -1.27520751953125], [0.0, 0.0, 0.0, 1.0]], [[0.008725577034056187, -0.9998927712440491, -0.011755636893212795, 0.00628662109375], [0.014015682972967625, 0.011877219192683697, -0.9998312592506409, 1.4813461303710938], [0.9998637437820435, 0.008559257723391056, 0.014117816463112831, -1.6502532958984375], [0.0, 0.0, 0.0, 1.0]], [[-0.8445472121238708, -0.5351037383079529, -0.020099375396966934, 1.03546142578125], [0.02182873897254467, 0.003100498579442501, -0.9997568726539612, 1.4944987297058105], [0.535036027431488, -0.8447806239128113, 0.009062123484909534, -1.242431640625], [0.0, 0.0, 0.0, 1.0]], [[0.9479067921638489, 0.31854307651519775, 0.0017224932089447975, -1.142303466796875], [-0.004233908373862505, 0.01800556667149067, -0.9998288750648499, 1.562042236328125], [-0.31851959228515625, 0.9477373361587524, 0.018416279926896095, -0.15631103515625], [0.0, 0.0, 0.0, 1.0]], [[0.009648706763982773, 0.9998975992202759, 0.010566093027591705, -0.028564453125], [-0.0018249738495796919, 0.010584174655377865, -0.9999423027038574, 1.5680150985717773], [-0.9999517798423767, 0.009628815576434135, 0.0019269094336777925, 0.0190887451171875], [0.0, 0.0, 0.0, 1.0]], [[-0.9233681559562683, 0.3838517665863037, -0.0070082033053040504, 1.11676025390625], [0.0025898658204823732, -0.012026187963783741, -0.9999243021011353, 1.5479369163513184], [-0.3839070200920105, -0.9233164191246033, 0.010110474191606045, -0.06182861328125], [0.0, 0.0, 0.0, 1.0]]], "view": [[0.0, -2.0, 100.0], [-2.0, 0.0, 100.0], [0.0, 0.0, 1.0]], "bev": "bev_d92c208fa07d4483b80ea52a0413c79d.png", "aux": "aux_d92c208fa07d4483b80ea52a0413c79d.npz", "visibility": "visibility_d92c208fa07d4483b80ea52a0413c79d.png", "pose": [[-0.7927083373069763, -0.6096010804176331, 0.0, 633.8521118164062], [0.6096010804176331, -0.7927083373069763, 0.0, 542.5499267578125], [0.0, 0.0, 1.0, 0.0], [0.0, 0.0, 0.0, 1.0]], "pose_inverse": [[-0.7927083373069763, 0.6096010804176331, 0.0, 171.72084045410156], [-0.6096010804176331, -0.7927083373069763, 0.0, 816.4807739257812], [0.0, 0.0, 1.0, 0.0], [0.0, 0.0, 0.0, 1.0]], "cam_ids": [0, 1, 2, 3, 4, 5], "cam_channels": ["CAM_FRONT_LEFT", "CAM_FRONT", "CAM_FRONT_RIGHT", "CAM_BACK_LEFT", "CAM_BACK", "CAM_BACK_RIGHT"], "token": "d92c208fa07d4483b80ea52a0413c79d", "scene": "scene-0752"}, {"images": ["samples/CAM_FRONT_LEFT/n008-2018-08-30-15-16-55-0400__CAM_FRONT_LEFT__1535656920254799.jpg", "samples/CAM_FRONT/n008-2018-08-30-15-16-55-0400__CAM_FRONT__1535656920262404.jpg", "samples/CAM_FRONT_RIGHT/n008-2018-08-30-15-16-55-0400__CAM_FRONT_RIGHT__1535656920270482.jpg", "samples/CAM_BACK_LEFT/n008-2018-08-30-15-16-55-0400__CAM_BACK_LEFT__1535656920297405.jpg", "samples/CAM_BACK/n008-2018-08-30-15-16-55-0400__CAM_BACK__1535656920287558.jpg", "samples/CAM_BACK_RIGHT/n008-2018-08-30-15-16-55-0400__CAM_BACK_RIGHT__1535656920278113.jpg"], "intrinsics": [[[1257.8625342125129, 0.0, 827.2410631095686], [0.0, 1257.8625342125129, 450.915498205774], [0.0, 0.0, 1.0]], [[1252.8131021185304, 0.0, 826.588114781398], [0.0, 1252.8131021185304, 469.9846626224581], [0.0, 0.0, 1.0]], [[1256.7485116440405, 0.0, 817.7887570959712], [0.0, 1256.7485116440403, 451.9541780095127], [0.0, 0.0, 1.0]], [[1254.9860565800168, 0.0, 829.5769333630991], [0.0, 1254.9860565800168, 467.1680561863987], [0.0, 0.0, 1.0]], [[796.8910634503094, 0.0, 857.7774326863696], [0.0, 796.8910634503094, 476.8848988407415], [0.0, 0.0, 1.0]], [[1249.9629280788233, 0.0, 825.3768045375984], [0.0, 1249.9629280788233, 462.54816385708756], [0.0, 0.0, 1.0]]], "extrinsics": [[[0.8218328952789307, -0.5697075724601746, -0.004900849424302578, -0.9248046875], [0.004146949388086796, 0.01458359882235527, -0.9998850226402283, 1.4886760711669922], [0.5697135329246521, 0.821718156337738, 0.014347828924655914, -1.27935791015625], [0.0, 0.0, 0.0, 1.0]], [[0.009220470674335957, -0.999903678894043, -0.010374708101153374, 0.00726318359375], [0.006221539340913296, 0.010432313196361065, -0.9999262690544128, 1.4806499481201172], [0.9999380707740784, 0.009155313484370708, 0.006317130755633116, -1.6549224853515625], [0.0, 0.0, 0.0, 1.0]], [[-0.8444315791130066, -0.5355044007301331, -0.013044930063188076, 1.03863525390625], [0.014369633980095387, 0.0016981924418359995, -0.9998952746391296, 1.4939618110656738], [0.5354705452919006, -0.8445307016372681, 0.006260995287448168, -1.24359130859375], [0.0, 0.0, 0.0, 1.0]], [[0.9478830695152283, 0.3185870349407196, -0.004480882082134485, -1.1392822265625], [-0.010332662612199783, 0.01668032445013523, -0.9998074769973755, 1.5619821548461914], [-0.31845104694366455, 0.947746753692627, 0.019102849066257477, -0.15814208984375], [0.0, 0.0, 0.0, 1.0]], [[0.009542420506477356, 0.99