[{"images": ["samples/CAM_FRONT_LEFT/n008-2018-08-29-16-04-13-0400__CAM_FRONT_LEFT__1535573630104799.jpg", "samples/CAM_FRONT/n008-2018-08-29-16-04-13-0400__CAM_FRONT__1535573630112404.jpg", "samples/CAM_FRONT_RIGHT/n008-2018-08-29-16-04-13-0400__CAM_FRONT_RIGHT__1535573630120482.jpg", "samples/CAM_BACK_LEFT/n008-2018-08-29-16-04-13-0400__CAM_BACK_LEFT__1535573630147405.jpg", "samples/CAM_BACK/n008-2018-08-29-16-04-13-0400__CAM_BACK__1535573630137558.jpg", "samples/CAM_BACK_RIGHT/n008-2018-08-29-16-04-13-0400__CAM_BACK_RIGHT__1535573630128113.jpg"], "intrinsics": [[[1257.8625342125129, 0.0, 827.2410631095686], [0.0, 1257.8625342125129, 450.915498205774], [0.0, 0.0, 1.0]], [[1252.8131021185304, 0.0, 826.588114781398], [0.0, 1252.8131021185304, 469.9846626224581], [0.0, 0.0, 1.0]], [[1256.7485116440405, 0.0, 817.7887570959712], [0.0, 1256.7485116440403, 451.9541780095127], [0.0, 0.0, 1.0]], [[1254.9860565800168, 0.0, 829.5769333630991], [0.0, 1254.9860565800168, 467.1680561863987], [0.0, 0.0, 1.0]], [[796.8910634503094, 0.0, 857.7774326863696], [0.0, 796.8910634503094, 476.8848988407415], [0.0, 0.0, 1.0]], [[1249.9629280788233, 0.0, 825.3768045375984], [0.0, 1249.9629280788233, 462.54816385708756], [0.0, 0.0, 1.0]]], "extrinsics": [[[0.822447657585144, -0.5687497854232788, -0.010176075622439384, -1.0050048828125], [-0.012460832484066486, -0.0001285239268327132, -0.9999223351478577, 1.4882946014404297], [0.5687043070793152, 0.8225106000900269, -0.00719279982149601, -1.3333740234375], [0.0, 0.0, 0.0, 1.0]], [[0.010250777937471867, -0.9999388456344604, 0.004149869084358215, 0.005401611328125], [-0.01050963532179594, -0.004257595166563988, -0.9999357461929321, 1.4801654815673828], [0.9998922944068909, 0.010206478647887707, -0.010552634485065937, -1.7347412109375], [0.0, 0.0, 0.0, 1.0]], [[-0.8440061211585999, -0.5362571477890015, 0.009054319001734257, 1.0906982421875], [-0.0024903190787881613, -0.012963344343006611, -0.9999128580093384, 1.493072509765625], [0.5363277792930603, -0.8439550995826721, 0.009605689905583858, -1.277587890625], [0.0, 0.0, 0.0, 1.0]], [[0.9475901126861572, 0.31845366954803467, -0.0256968941539526, -1.143798828125], [-0.027846090495586395, 0.00219753198325634, -0.9996098279953003, 1.5620460510253906], [-0.3182729184627533, 0.9479358792304993, 0.010950050316751003, -0.15606689453125], [0.0, 0.0, 0.0, 1.0]], [[0.009196331724524498, 0.9999422430992126, -0.0055661918595433235, -0.028900146484375], [-0.025728391483426094, -0.005327969789505005, -0.9996547698974609, 1.5680618286132812], [-0.9996266961097717, 0.009336371906101704, 0.025677906349301338, 0.0443115234375], [0.0, 0.0, 0.0, 1.0]], [[-0.9236962795257568, 0.383015900850296, 0.009158848784863949, 1.16064453125], [-0.021534081548452377, -0.028034944087266922, -0.9993749260902405, 1.5478134155273438], [-0.3825197219848633, -0.923316240310669, 0.03414367139339447, -0.0435791015625], [0.0, 0.0, 0.0, 1.0]]], "view": [[0.0, -2.0, 100.0], [-2.0, 0.0, 100.0], [0.0, 0.0, 1.0]], "bev": "bev_0ad960b20977487e9005f13e98685dd2.png", "aux": "aux_0ad960b20977487e9005f13e98685dd2.npz", "visibility": "visibility_0ad960b20977487e9005f13e98685dd2.png", "pose": [[0.47615310549736023, -0.8793624043464661, 0.0, 446.5206604003906], [0.8793624043464661, 0.47615310549736023, 0.0, 1703.4915771484375], [0.0, 0.0, 1.0, 0.0], [0.0, 0.0, 0.0, 1.0]], "pose_inverse": [[0.47615310549736023, 0.8793624043464661, 0.0, -1710.5986328125], [-0.8793624043464661, 0.47615310549736023, 0.0, -418.4693603515625], [0.0, 0.0, 1.0, 0.0], [0.0, 0.0, 0.0, 1.0]], "cam_ids": [0, 1, 2, 3, 4, 5], "cam_channels": ["CAM_FRONT_LEFT", "CAM_FRONT", "CAM_FRONT_RIGHT", "CAM_BACK_LEFT", "CAM_BACK", "CAM_BACK_RIGHT"], "token": "0ad960b20977487e9005f13e98685dd2", "scene": "scene-0719"}, {"images": ["samples/CAM_FRONT_LEFT/n008-2018-08-29-16-04-13-0400__CAM_FRONT_LEFT__1535573630604799.jpg", "samples/CAM_FRONT/n008-2018-08-29-16-04-13-0400__CAM_FRONT__1535573630612404.jpg", "samples/CAM_FRONT_RIGHT/n008-2018-08-29-16-04-13-0400__CAM_FRONT_RIGHT__1535573630620482.jpg", "samples/CAM_BACK_LEFT/n008-2018-08-29-16-04-13-0400__CAM_BACK_LEFT__1535573630647405.jpg", "samples/CAM_BACK/n008-2018-08-29-16-04-13-0400__CAM_BACK__1535573630637558.jpg", "samples/CAM_BACK_RIGHT/n008-2018-08-29-16-04-13-0400__CAM_BACK_RIGHT__1535573630628113.jpg"], "intrinsics": [[[1257.8625342125129, 0.0, 827.2410631095686], [0.0, 1257.8625342125129, 450.915498205774], [0.0, 0.0, 1.0]], [[1252.8131021185304, 0.0, 826.588114781398], [0.0, 1252.8131021185304, 469.9846626224581], [0.0, 0.0, 1.0]], [[1256.7485116440405, 0.0, 817.7887570959712], [0.0, 1256.7485116440403, 451.9541780095127], [0.0, 0.0, 1.0]], [[1254.9860565800168, 0.0, 829.5769333630991], [0.0, 1254.9860565800168, 467.1680561863987], [0.0, 0.0, 1.0]], [[796.8910634503094, 0.0, 857.7774326863696], [0.0, 796.8910634503094, 476.8848988407415], [0.0, 0.0, 1.0]], [[1249.9629280788233, 0.0, 825.3768045375984], [0.0, 1249.9629280788233, 462.54816385708756], [0.0, 0.0, 1.0]]], "extrinsics": [[[0.8224592208862305, -0.5687361359596252, -0.010003357194364071, -1.005126953125], [-0.012277143076062202, -0.00016676778614055365, -0.9999246001243591, 1.4882965087890625], [0.568691611289978, 0.8225200772285461, -0.007119614630937576, -1.3333740234375], [0.0, 0.0, 0.0, 1.0]], [[0.010263987816870213, -0.9999386072158813, 0.004181234166026115, 0.00537109375], [-0.010312757454812527, -0.004287087358534336, -0.9999376535415649, 1.4801654815673828], [0.9998941421508789, 0.010220239870250225, -0.010356125421822071, -1.734619140625], [0.0, 0.0, 0.0, 1.0]], [[-0.8440024852752686, -0.5362655520439148, 0.008887212723493576, 1.0906982421875], [-0.0022794294636696577, -0.01298348605632782, -0.9999130964279175, 1.4930734634399414], [0.5363343358039856, -0.8439494371414185, 0.009735717438161373, -1.2774658203125], [0.0, 0.0, 0.0, 1.0]], [[0.9475938677787781, 0.31845542788505554, -0.02553381584584713, -1.1439208984375], [-0.02766520343720913, 0.0021710910368710756, -0.9996148943901062, 1.562042236328125], [-0.31827738881111145, 0.9479353427886963, 0.010867446660995483, -0.156097412109375], [0.0, 0.0, 0.0, 1.0]], [[0.00919306930154562, 0.9999421238899231, -0.005587839055806398, -0.02886962890625], [-0.025536011904478073, -0.005351492203772068, -0.999659538269043, 1.5680580139160156], [-0.9996315836906433, 0.00933260377496481, 0.025485336780548096, 0.0443115234375], [0.0, 0.0, 0.0, 1.0]], [[-0.9237006306648254, 0.3830098807811737, 0.008967227302491665, 1.16064453125], [-0.021333487704396248, -0.02805175818502903, -0.9993788003921509, 1.5478134155273438], [-0.3825203776359558, -0.9233182668685913, 0.03408236429095268, -0.043701171875], [0.0, 0.0, 0.0, 1.0]]], "view": [[0.0, -2.0, 100.0], [-2.0, 0.0, 100.0], [0.0, 0.0, 1.0]], "bev": "bev_fc72e308a41f4c0aa61a6492ea104559.png", "aux": "aux_fc72e308a41f4c0aa61a6492ea104559.npz", "visibility": "visibility_fc72e308a41f4c0aa61a6492ea104559.png", "pose": [[0.4761694669723511, -0.8793535232543945, 0.0, 446.5206604003906], [0.8793535232543945, 0.4761694669723511, 0.0, 1703.4915771484375], [0.0, 0.0, 1.0, 0.0], [0.0, 0.0, 0.0, 1.0]], "pose_inverse": [[0.4761694669723511, 0.8793535232543945, 0.0, -1710.5908203125], [-0.8793535232543945, 0.4761694669723511, 0.0, -418.50115966796875], [0.0, 0.0, 1.0, 0.0], [0.0, 0.0, 0.0, 1.0]], "cam_ids": [0, 1, 2, 3, 4, 5], "cam_channels": ["CAM_FRONT_LEFT", "CAM_FRONT", "CAM_FRONT_RIGHT", "CAM_BACK_LEFT", "CAM_BACK", "CAM_BACK_RIGHT"], "token": "fc72e308a41f4c0aa61a6492ea104559", "scene": "scene-0719"}, {"images": ["samples/CAM_FRONT_LEFT/n008-2018-08-29-16-04-13-0400__CAM_FRONT_LEFT__1535573631254799.jpg", "samples/CAM_FRONT/n008-2018-08-29-16-04-13-0400__CAM_FRONT__1535573631262404.jpg", "samples/CAM_FRONT_RIGHT/n008-2018-08-29-16-04-13-0400__CAM_FRONT_RIGHT__1535573631270482.jpg", "samples/CAM_BACK_LEFT/n008-2018-08-29-16-04-13-0400__CAM_BACK_LEFT__1535573631297405.jpg", "samples/CAM_BACK/n008-2018-08-29-16-04-13-0400__CAM_BACK__1535573631287558.jpg", "samples/CAM_BACK_RIGHT/n008-2018-08-29-16-04-13-0400__CAM_BACK_RIGHT__1535573631278113.jpg"], "intrinsics": [[[1257.8625342125129, 0.0, 827.2410631095686], [0.0, 1257.8625342125129, 450.915498205774], [0.0, 0.0, 1.0]], [[1252.8131021185304, 0.0, 826.588114781398], [0.0, 1252.8131021185304, 469.9846626224581], [0.0, 0.0, 1.0]], [[1256.7485116440405, 0.0, 817.7887570959712], [0.0, 1256.7485116440403, 451.9541780095127], [0.0, 0.0, 1.0]], [[1254.9860565800168, 0.0, 829.5769333630991], [0.0, 1254.9860565800168, 467.1680561863987], [0.0, 0.0, 1.0]], [[796.8910634503094, 0.0, 857.7774326863696], [0.0, 796.8910634503094, 476.8848988407415], [0.0, 0.0, 1.0]], [[1249.9629280788233, 0.0, 825.3768045375984], [0.0, 1249.9629280788233, 462.54816385708756], [0.0, 0.0, 1.0]]], "extrinsics": [[[0.8224595189094543, -0.5687381625175476, -0.009862908162176609, -1.0050048828125], [-0.012166021391749382, -0.00025298530817963183, -0.999925971031189, 1.4882926940917969], [0.5686935186386108, 0.8225185871124268, -0.007127352058887482, -1.3333740234375], [0.0, 0.0, 0.0, 1.0]], [[0.010259624570608139, -0.9999381899833679, 0.0042736707255244255, 0.005340576171875], [-0.010212410241365433, -0.0043784542940557, -0.9999383091926575, 1.4801616668701172], [0.9998952150344849, 0.010215340182185173, -0.010256700217723846, -1.7347412109375], [0.0, 0.0, 0.0, 1.0]], [[-0.8440061807632446, -0.5362601280212402, 0.008867212571203709, 1.090576171875], [-0.0021881915163248777, -0.013089882209897041, -0.999911904335022, 1.4930744171142578], [0.5363289713859558, -0.8439512252807617, 0.009874500334262848, -1.27752685546875], [0.0, 0.0, 0.0, 1.0]], [[0.9475951790809631, 0.318453848361969, -0.025503790006041527, -1.14404296875], [-0.027596494182944298, 0.002060836413875222, -0.9996170401573181, 1.562042236328125], [-0.31827935576438904, 0.9479361176490784, 0.010741050355136395, -0.15606689453125], [0.0, 0.0, 0.0, 1.0]], [[0.009195543825626373, 0.9999415278434753, -0.005694839637726545, -0.028839111328125], [-0.025462830439209938, -0.0054590823128819466, -0.999660849571228, 1.5680618286132812], [-0.9996335506439209, 0.009337442927062511, 0.025411143898963928, 0.0443115234375], [0.0, 0.0, 0.0, 1.0]], [[-0.9236994385719299, 0.3830156922340393, 0.008844098076224327, 1.160888671875], [-0.021247122436761856, -0.02816428802907467, -0.999377429485321, 1.5478134155273438], [-0.3825281262397766, -0.9233123660087585, 0.03415331989526749, -0.043701171875], [0.0, 0.0, 0.0, 1.0]]], "view": [[0.0, -2.0, 100.0], [-2.0, 0.0, 100.0], [0.0, 0.0, 1.0]], "bev": "bev_f5052fdb45a442c685828acb09d86dc2.png", "aux": "aux_f5052fdb45a442c685828acb09d86dc2.npz", "visibility": "visibility_f5052fdb45a442c685828acb09d86dc2.png", "pose": [[0.4760786294937134, -0.8794026970863342, 0.0, 446.5206604003906], [0.8794026970863342, 0.4760786294937134, 0.0, 1703.4915771484375], [0.0, 0.0, 1.0, 0.0], [0.0, 0.0, 0.0, 1.0]], "pose_inverse": [[0.4760786294937134, 0.8794026970863342, 0.0, -1710.634033203125], [-0.8794026970863342, 0.4760786294937134, 0.0, -418.3244323730469], [0.0, 0.0, 1.0, 0.0], [0.0, 0.0, 0.0, 1.0]], "cam_ids": [0, 1, 2, 3, 4, 5], "cam_channels": ["CAM_FRONT_LEFT", "CAM_FRONT", "CAM_FRONT_RIGHT", "CAM_BACK_LEFT", "CAM_BACK", "CAM_BACK_RIGHT"], "token": "f5052fdb45a442c685828acb09d86dc2", "scene": "scene-0719"}, {"images": ["samples/CAM_FRONT_LEFT/n008-2018-08-29-16-04-13-0400__CAM_FRONT_LEFT__1535573631754799.jpg", "samples/CAM_FRONT/n008-2018-08-29-16-04-13-0400__CAM_FRONT__1535573631762404.jpg", "samples/CAM_FRONT_RIGHT/n008-2018-08-29-16-04-13-0400__CAM_FRONT_RIGHT__1535573631770482.jpg", "samples/CAM_BACK_LEFT/n008-2018-08-29-16-04-13-0400__CAM_BACK_LEFT__1535573631797405.jpg", "samples/CAM_BACK/n008-2018-08-29-16-04-13-0400__CAM_BACK__1535573631787558.jpg", "samples/CAM_BACK_RIGHT/n008-2018-08-29-16-04-13-0400__CAM_BACK_RIGHT__1535573631778113.jpg"], "intrinsics": [[[1257.8625342125129, 0.0, 827.2410631095686], [0.0, 1257.8625342125129, 450.915498205774], [0.0, 0.0, 1.0]], [[1252.8131021185304, 0.0, 826.588114781398], [0.0, 1252.8131021185304, 469.9846626224581], [0.0, 0.0, 1.0]], [[1256.7485116440405, 0.0, 817.7887570959712], [0.0, 1256.7485116440403, 451.9541780095127], [0.0, 0.0, 1.0]], [[1254.9860565800168, 0.0, 829.5769333630991], [0.0, 1254.9860565800168, 467.1680561863987], [0.0, 0.0, 1.0]], [[796.8910634503094, 0.0, 857.7774326863696], [0.0, 796.8910634503094, 476.8848988407415], [0.0, 0.0, 1.0]], [[1249.9629280788233, 0.0, 825.3768045375984], [0.0, 1249.9629280788233, 462.54816385708756], [0.0, 0.0, 1.0]]], "extrinsics": [[[0.822472095489502, -0.568722128868103, -0.009748625569045544, -1.0048828125], [-0.012143203988671303, -0.0004211869672872126, -0.9999261498451233, 1.4882946014404297], [0.5686759352684021, 0.822529673576355, -0.0072525255382061005, -1.3333740234375], [0.0, 0.0, 0.0, 1.0]], [[0.010279298759996891, -0.9999372959136963, 0.004439308773726225, 0.005340576171875], [-0.01020205020904541, -0.004544185474514961, -0.9999376535415649, 1.4801654815673828], [0.9998950958251953, 0.010233424603939056, -0.010248120874166489, -1.7347412109375], [0.0, 0.0, 0.0, 1.0]], [[-0.8439969420433044, -0.5362735986709595, 0.008930075913667679, 1.0906982421875], [-0.0021718682255595922, -0.013232470490038395, -0.9999100565910339, 1.493072509765625], [0.5363435745239258, -0.8439404964447021, 0.010003449395298958, -1.2774658203125], [0.0, 0.0, 0.0, 1.0]], [[0.9475948214530945, 0.3184567987918854, -0.02548133209347725, -1.1439208984375], [-0.027534356340765953, 0.0019462367054075003, -0.9996189475059509, 1.562042236328125], [-0.31828588247299194, 0.9479354023933411, 0.010612746700644493, -0.1561126708984375], [0.0, 0.0, 0.0, 1.0]], [[0.009187065064907074, 0.999940812587738, -0.005818633362650871, -0.028839111328125], [-0.025413844734430313, -0.005583514925092459, -0.999661386013031, 1.5680580139160156], [-0.999634861946106, 0.009331787005066872, 0.025361046195030212, 0.0443115234375], [0.0, 0.0, 0.0, 1.0]], [[-0.9237048625946045, 0.3830043375492096, 0.008764754049479961, 1.16064453125], [-0.021214613690972328, -0.028294119983911514, -0.999374508857727, 1.5478134155273438], [-0.3825167715549469, -0.9233130812644958, 0.03426070883870125, -0.0435791015625], [0.0, 0.0, 0.0, 1.0]]], "view": [[0.0, -2.0, 100.0], [-2.0, 0.0, 100.0], [0.0, 0.0, 1.0]], "bev": "bev_6c8d89dda2644fa6a2d272c92db14aaa.png", "aux": "aux_6c8d89dda2644fa6a2d272c92db14aaa.npz", "visibility": "visibility_6c8d89dda2644fa6a2d272c92db14aaa.png", "pose": [[0.4760451912879944, -0.879420816898346, 0.0, 446.5206604003906], [0.879420816898346, 0.4760451912879944, 0.0, 1703.4915771484375], [0.0, 0.0, 1.0, 0.0], [0.0, 0.0, 0.0, 1.0]], "pose_inverse": [[0.4760451912879944, 0.879420816898346, 0.0, -1710.6500244140625], [-0.879420816898346, 0.4760451912879944, 0.0, -418.2593688964844], [0.0, 0.0, 1.0, 0.0], [0.0, 0.0, 0.0, 1.0]], "cam_ids": [0, 1, 2, 3, 4, 5], "cam_channels": ["CAM_FRONT_LEFT", "CAM_FRONT", "CAM_FRONT_RIGHT", "CAM_BACK_LEFT", "CAM_BACK", "CAM_BACK_RIGHT"], "token": "6c8d89dda2644fa6a2d272c92db14aaa", "scene": "scene-0719"}, {"images": ["samples/CAM_FRONT_LEFT/n008-2018-08-29-16-04-13-0400__CAM_FRONT_LEFT__1535573632254799.jpg", "samples/CAM_FRONT/n008-2018-08-29-16-04-13-0400__CAM_FRONT__1535573632262404.jpg", "samples/CAM_FRONT_RIGHT/n008-2018-08-29-16-04-13-0400__CAM_FRONT_RIGHT__1535573632270482.jpg", "samples/CAM_BACK_LEFT/n008-2018-08-29-16-04-13-0400__CAM_BACK_LEFT__1535573632297405.jpg", "samples/CAM_BACK/n008-2018-08-29-16-04-13-0400__CAM_BACK__1535573632287558.jpg", "samples/CAM_BACK_RIGHT/n008-2018-08-29-16-04-13-0400__CAM_BACK_RIGHT__1535573632278113.jpg"], "intrinsics": [[[1257.8625342125129, 0.0, 827.2410631095686], [0.0, 1257.8625342125129, 450.915498205774], [0.0, 0.0, 1.0]], [[1252.8131021185304, 0.0, 826.588114781398], [0.0, 1252.8131021185304, 469.9846626224581], [0.0, 0.0, 1.0]], [[1256.7485116440405, 0.0, 817.7887570959712], [0.0, 1256.7485116440403, 451.9541780095127], [0.0, 0.0, 1.0]], [[1254.9860565800168, 0.0, 829.5769333630991], [0.0, 1254.9860565800168, 467.1680561863987], [0.0, 0.0, 1.0]], [[796.8910634503094, 0.0, 857.7774326863696], [0.0, 796.8910634503094, 476.8848988407415], [0.0, 0.0, 1.0]], [[1249.9629280788233, 0.0, 825.3768045375984], [0.0, 1249.9629280788233, 462.54816385708756], [0.0, 0.0, 1.0]]], "extrinsics": [[[0.8224576711654663, -0.5687445998191833, -0.009641677141189575, -1.0050048828125], [-0.012019774876534939, -0.00043037961586378515, -0.9999276995658875, 1.4882926940917969], [0.568699300289154, 0.8225141167640686, -0.007190151605755091, -1.33349609375], [0.0, 0.0, 0.0, 1.0]], [[0.010257215239107609, -0.9999374747276306, 0.004453620407730341, 0.005401611328125], [-0.010062565095722675, -0.004556847270578146, -0.9999390244483948, 1.4801654815673828], [0.999896764755249, 0.010211738757789135, -0.010108675807714462, -1.73486328125], [0.0, 0.0, 0.0, 1.0]], [[-0.8440062403678894, -0.5362605452537537, 0.008834275417029858, 1.090576171875], [-0.0020446793641895056, -0.013254298828542233, -0.9999099969863892, 1.4930744171142578], [0.536329448223114, -0.8439484238624573, 0.010090230964124203, -1.27752685546875], [0.0, 0.0, 0.0, 1.0]], [[0.9475978016853333, 0.31845536828041077, -0.02538786455988884, -1.1441650390625], [-0.027420353144407272, 0.0019004092318937182, -0.9996221661567688, 1.562042236328125], [-0.31828683614730835, 0.9479359984397888, 0.010532980784773827, -0.15606689453125], [0.0, 0.0, 0.0, 1.0]], [[0.009192178957164288, 0.9999406337738037, -0.0058568380773067474, -0.0289306640625], [-0.025298232212662697, -0.005622656084597111, -0.9996640682220459, 1.5680618286132812], [-0.9996377825737, 0.009337276220321655, 0.025245048105716705, 0.0440673828125], [0.0, 0.0, 0.0, 1.0]], [[-0.9237019419670105, 0.3830142319202423, 0.008645087480545044, 1.1607666015625], [-0.021097617223858833, -0.028323272243142128, -0.999376118183136, 1.5478134155273438], [-0.38253042101860046, -0.9233081340789795, 0.03424295037984848, -0.043701171875], [0.0, 0.0, 0.0, 1.0]]], "view": [[0.0, -2.0, 100.0], [-2.0, 0.0, 100.0], [0.0, 0.0, 1.0]], "bev": "bev_196b328f532c42e6a77c7effe6ef78ab.png", "aux": "aux_196b328f532c42e6a77c7effe6ef78ab.npz", "visibility": "visibility_196b328f532c42e6a77c7effe6ef78ab.png", "pose": [[0.4760694205760956, -0.8794077038764954, 0.0, 446.5206604003906], [0.8794077038764954, 0.4760694205760956, 0.0, 1703.4915771484375], [0.0, 0.0, 1.0, 0.0], [0.0, 0.0, 0.0, 1.0]], "pose_inverse": [[0.4760694205760956, 0.8794077038764954, 0.0, -1710.638427734375], [-0.8794077038764954, 0.4760694205760956, 0.0, -418.3065185546875], [0.0, 0.0, 1.0, 0.0], [0.0, 0.0, 0.0, 1.0]], "cam_ids": [0, 1, 2, 3, 4, 5], "cam_channels": ["CAM_FRONT_LEFT", "CAM_FRONT", "CAM_FRONT_RIGHT", "CAM_BACK_LEFT", "CAM_BACK", "CAM_BACK_RIGHT"], "token": "196b328f532c42e6a77c7effe6ef78ab", "scene": "scene-0719"}, {"images": ["samples/CAM_FRONT_LEFT/n008-2018-08-29-16-04-13-0400__CAM_FRONT_LEFT__1535573632754799.jpg", "samples/CAM_FRONT/n008-2018-08-29-16-04-13-0400__CAM_FRONT__1535573632762404.jpg", "samples/CAM_FRONT_RIGHT/n008-2018-08-29-16-04-13-0400__CAM_FRONT_RIGHT__1535573632770482.jpg", "samples/CAM_BACK_LEFT/n008-2018-08-29-16-04-13-0400__CAM_BACK_LEFT__1535573632797405.jpg", "samples/CAM_BACK/n008-2018-08-29-16-04-13-0400__CAM_BACK__1535573632787558.jpg", "samples/CAM_BACK_RIGHT/n008-2018-08-29-16-04-13-0400__CAM_BACK_RIGHT__1535573632778113.jpg"], "intrinsics": [[[1257.8625342125129, 0.0, 827.2410631095686], [0.0, 1257.8625342125129, 450.915498205774], [0.0, 0.0, 1.0]], [[1252.8131021185304, 0.0, 826.588114781398], [0.0, 1252.8131021185304, 469.9846626224581], [0.0, 0.0, 1.0]], [[1256.7485116440405, 0.0, 817.7887570959712], [0.0, 1256.7485116440403, 451.9541780095127], [0.0, 0.0, 1.0]], [[1254.9860565800168, 0.0, 829.5769333630991], [0.0, 1254.9860565800168, 467.1680561863987], [0.0, 0.0, 1.0]], [[796.8910634503094, 0.0, 857.7774326863696], [0.0, 796.8910634503094, 476.8848988407415], [0.0, 0.0, 1.0]], [[1249.9629280788233, 0.0, 825.3768045375984], [0.0, 1249.9629280788233, 462.54816385708756], [0.0, 0.0, 1.0]]], "extrinsics": [[[0.822463870048523, -0.5687392354011536, -0.00942612998187542, -1.005126953125], [-0.01188289001584053, -0.0006115016876719892, -0.9999291896820068, 1.4882965087890625], [0.5686932802200317, 0.8225176930427551, -0.007261204998940229, -1.3333740234375], [0.0, 0.0, 0.0, 1.0]], [[0.010262493044137955, -0.9999366998672485, 0.004617145750671625, 0.00537109375], [-0.00993815716356039, -0.004719155840575695, -0.999939501285553, 1.4801616668701172], [0.9998980164527893, 0.010215988382697105, -0.009985958226025105, -1.734619140625], [0.0, 0.0, 0.0, 1.0]], [[-0.8440056443214417, -0.5362619757652283, 0.008811852894723415, 1.0906982421875], [-0.001912082196213305, -0.013421114534139633, -0.9999080896377563, 1.493072509765625], [0.5363309383392334, -0.8439449071884155, 0.010302119888365269, -1.27764892578125], [0.0, 0.0, 0.0, 1.0]], [[0.9475998282432556, 0.3184545636177063, -0.025324378162622452, -1.1439208984375], [-0.0273014884442091, 0.0017458819784224033, -0.9996256828308105, 1.5620460510253906], [-0.31829121708869934, 0.9479365348815918, 0.010348680429160595, -0.1561431884765625], [0.0, 0.0, 0.0, 1.0]], [[0.009188802912831306, 0.9999397397041321, -0.006014437414705753, -0.028900146484375], [-0.025175288319587708, -0.0057814475148916245, -0.9996662735939026, 1.5680656433105469], [-0.9996408224105835, 0.009337213821709156, 0.025120645761489868, 0.0443115234375], [0.0, 0.0, 0.0, 1.0]], [[-0.9237045645713806, 0.3830122649669647, 0.008458318188786507, 1.1605224609375], [-0.020964117720723152, -0.028488975018262863, -0.9993742108345032, 1.5478096008300781], [-0.3825315833091736, -0.9233038425445557, 0.034344907850027084, -0.043701171875], [0.0, 0.0, 0.0, 1.0]]], "view": [[0.0, -2.0, 100.0], [-2.0, 0.0, 100.0], [0.0, 0.0, 1.0]], "bev": "bev_b943bc23fd8f4b25b20fb22a6e44a26d.png", "aux": "aux_b943bc23fd8f4b25b20fb22a6e44a26d.npz", "visibility": "visibility_b943bc23fd8f4b25b20fb22a6e44a26d.png", "pose": [[0.4761280417442322, -0.8793759942054749, 0.0, 446.5206604003906], [0.8793759942054749, 0.4761280417442322, 0.0, 1703.4915771484375], [0.0, 0.0, 1.0, 0.0], [0.0, 0.0, 0.0, 1.0]], "pose_inverse": [[0.4761280417442322, 0.8793759942054749, 0.0, -1710.610595703125], [-0.8793759942054749, 0.4761280417442322, 0.0, -418.4205627441406], [0.0, 0.0, 1.0, 0.0], [0.0, 0.0, 0.0, 1.0]], "cam_ids": [0, 1, 2, 3, 4, 5], "cam_channels": ["CAM_FRONT_LEFT", "CAM_FRONT", "CAM_FRONT_RIGHT", "CAM_BACK_LEFT", "CAM_BACK", "CAM_BACK_RIGHT"], "token": "b943bc23fd8f4b25b20fb22a6e44a26d", "scene": "scene-0719"}, {"images": ["samples/CAM_FRONT_LEFT/n008-2018-08-29-16-04-13-0400__CAM_FRONT_LEFT__1535573633254799.jpg", "samples/CAM_FRONT/n008-2018-08-29-16-04-13-0400__CAM_FRONT__1535573633262404.jpg", "samples/CAM_FRONT_RIGHT/n008-2018-08-29-16-04-13-0400__CAM_FRONT_RIGHT__1535573633270482.jpg", "samples/CAM_BACK_LEFT/n008-2018-08-29-16-04-13-0400__CAM_BACK_LEFT__1535573633297405.jpg", "samples/CAM_BACK/n008-2018-08-29-16-04-13-0400__CAM_BACK__1535573633287558.jpg", "samples/CAM_BACK_RIGHT/n008-2018-08-29-16-04-13-0400__CAM_BACK_RIGHT__1535573633278113.jpg"], "intrinsics": [[[1257.8625342125129, 0.0, 827.2410631095686], [0.0, 1257.8625342125129, 450.915498205774], [0.0, 0.0, 1.0]], [[1252.8131021185304, 0.0, 826.588114781398], [0.0, 1252.8131021185304, 469.9846626224581], [0.0, 0.0, 1.0]], [[1256.7485116440405, 0.0, 817.7887570959712], [0.0, 1256.7485116440403, 451.9541780095127], [0.0, 0.0, 1.0]], [[1254.9860565800168, 0.0, 829.5769333630991], [0.0, 1254.9860565800168, 467.1680561863987], [0.0, 0.0, 1.0]], [[796.8910634503094, 0.0, 857.7774326863696], [0.0, 796.8910634503094, 476.8848988407415], [0.0, 0.0, 1.0]], [[1249.9629280788233, 0.0, 825.3768045375984], [0.0, 1249.9629280788233, 462.54816385708756], [0.0, 0.0, 1.0]]], "extrinsics": [[[0.8224697113037109, -0.5687325596809387, -0.009322849102318287, -1.0048828125], [-0.01179279014468193, -0.0006628992268815637, -0.999930202960968, 1.4882984161376953], [0.5686867237091064, 0.8225222826004028, -0.007252161391079426, -1.333251953125], [0.0, 0.0, 0.0, 1.0]], [[0.01027089636772871, -0.9999362230300903, 0.004689505789428949, 0.005401611328125], [-0.009829510934650898, -0.004790487699210644, -0.9999402165412903, 1.4801654815673828], [0.9998989105224609, 0.010224223136901855, -0.009878084994852543, -1.73486328125], [0.0, 0.0, 0.0, 1.0]], [[-0.8440018892288208, -0.5362685918807983, 0.008763059042394161, 1.0906982421875], [-0.001815110445022583, -0.013482593931257725, -0.9999074339866638, 1.4930715560913086], [0.53633713722229, -0.8439397215843201, 0.010405948385596275, -1.27752685546875], [0.0, 0.0, 0.0, 1.0]], [[0.9476001858711243, 0.31846141815185547, -0.025224469602108, -1.1439208984375], [-0.027183009311556816, 0.001706683891825378, -0.9996289610862732, 1.562042236328125], [-0.3183002471923828, 0.9479343295097351, 0.010273994877934456, -0.1560821533203125], [0.0, 0.0, 0.0, 1.0]], [[0.009184862487018108, 0.9999394416809082, -0.006056550890207291, -0.028839111328125], [-0.025067826732993126, -0.005824653431773186, -0.9996687769889832, 1.5680656433105469], [-0.9996435642242432, 0.009333637543022633, 0.02501281164586544, 0.0443115234375], [0.0, 0.0, 0.0, 1.0]], [[-0.923707902431488, 0.38300639390945435, 0.008353637531399727, 1.16064453125], [-0.020872246474027634, -0.02854115329682827, -0.9993746876716614, 1.5478096008300781], [-0.3825283944606781, -0.9233046770095825, 0.03435789421200752, -0.043701171875], [0.0, 0.0, 0.0, 1.0]]], "view": [[0.0, -2.0, 100.0], [-2.0, 0.0, 100.0], [0.0, 0.0, 1.0]], "bev": "bev_313b1edba0a945bd9dea3d730571be85.png", "aux": "aux_313b1edba0a945bd9dea3d730571be85.npz", "visibility": "visibility_313b1edba0a945bd9dea3d730571be85.png", "pose": [[0.4762062728404999, -0.8793336153030396, 0.0, 446.5206604003906], [0.8793336153030396, 0.4762062728404999, 0.0, 1703.4915771484375], [0.0, 0.0, 1.0, 0.0], [0.0, 0.0, 0.0, 1.0]], "pose_inverse": [[0.4762062728404999, 0.8793336153030396, 0.0, -1710.5733642578125], [-0.8793336153030396, 0.4762062728404999, 0.0, -418.57275390625], [0.0, 0.0, 1.0, 0.0], [0.0, 0.0, 0.0, 1.0]], "cam_ids": [0, 1, 2, 3, 4, 5], "cam_channels": ["CAM_FRONT_LEFT", "CAM_FRONT", "CAM_FRONT_RIGHT", "CAM_BACK_LEFT", "CAM_BACK", "CAM_BACK_RIGHT"], "token": "313b1edba0a945bd9dea3d730571be85", "scene": "scene-0719"}, {"images": ["samples/CAM_FRONT_LEFT/n008-2018-08-29-16-04-13-0400__CAM_FRONT_LEFT__1535573633754799.jpg", "samples/CAM_FRONT/n008-2018-08-29-16-04-13-0400__CAM_FRONT__1535573633762404.jpg", "samples/CAM_FRONT_RIGHT/n008-2018-08-29-16-04-13-0400__CAM_FRONT_RIGHT__1535573633770482.jpg", "samples/CAM_BACK_LEFT/n008-2018-08-29-16-04-13-0400__CAM_BACK_LEFT__1535573633797405.jpg", "samples/CAM_BACK/n008-2018-08-29-16-04-13-0400__CAM_BACK__1535573633787558.jpg", "samples/CAM_BACK_RIGHT/n008-2018-08-29-16-04-13-0400__CAM_BACK_RIGHT__1535573633778113.jpg"], "intrinsics": [[[1257.8625342125129, 0.0, 827.2410631095686], [0.0, 1257.8625342125129, 450.915498205774], [0.0, 0.0, 1.0]], [[1252.8131021185304, 0.0, 826.588114781398], [0.0, 1252.8131021185304, 469.9846626224581], [0.0, 0.0, 1.0]], [[1256.7485116440405, 0.0, 817.7887570959712], [0.0, 1256.7485116440403, 451.9541780095127], [0.0, 0.0, 1.0]], [[1254.9860565800168, 0.0, 829.5769333630991], [0.0, 1254.9860565800168, 467.1680561863987], [0.0, 0.0, 1.0]], [[796.8910634503094, 0.0, 857.7774326863696], [0.0, 796.8910634503094, 476.8848988407415], [0.0, 0.0, 1.0]], [[1249.9629280788233, 0.0, 825.3768045375984], [0.0, 1249.9629280788233, 462.54816385708756], [0.0, 0.0, 1.0]]], "extrinsics": [[[0.8224755525588989, -0.5687261819839478, -0.00918662641197443, -1.0050048828125], [-0.011721081100404263, -0.0007988234283402562, -0.9999309778213501, 1.4882946014404297], [0.5686796307563782, 0.8225265145301819, -0.007323101162910461, -1.3333740234375], [0.0, 0.0, 0.0, 1.0]], [[0.010278054513037205, -0.9999355673789978, 0.004818374291062355, 0.005340576171875], [-0.00975897628813982, -0.0049187056720256805, -0.9999402761459351, 1.48016357421875], [0.9998995065689087, 0.01023045927286148, -0.009808901697397232, -1.7347412109375], [0.0, 0.0, 0.0, 1.0]], [[-0.8439995646476746, -0.5362724661827087, 0.008755180984735489, 1.090576171875], [-0.0017244810005649924, -0.013610424473881721, -0.9999058842658997, 1.4930744171142578], [0.53634113073349, -0.8439352512359619, 0.010562400333583355, -1.2774658203125], [0.0, 0.0, 0.0, 1.0]], [[0.9476013779640198, 0.3184608817100525, -0.025186453014612198, -1.1439208984375], [-0.02709176577627659, 0.0015544083435088396, -0.9996317625045776, 1.5620460510253906], [-0.3183044493198395, 0.9479346871376038, 0.010100629180669785, -0.1560821533203125], [0.0, 0.0, 0.0, 1.0]], [[0.009180642664432526, 0.9999387264251709, -0.006197696551680565, -0.028839111328125], [-0.02497023716568947, -0.005966776050627232, -0.9996703863143921, 1.5680618286132812], [-0.999646008014679, 0.009332397021353245, 0.024913927540183067, 0.044189453125], [0.0, 0.0, 0.0, 1.0]], [[-0.9237107634544373, 0.38300251960754395, 0.008209014311432838, 1.1607666015625], [-0.02077077515423298, -0.028674278408288956, -0.9993729591369629, 1.5478134155273438], [-0.3825269341468811, -0.923302173614502, 0.0344420000910759, -0.043701171875], [0.0, 0.0, 0.0, 1.0]]], "view": [[0.0, -2.0, 100.0], [-2.0, 0.0, 100.0], [0.0, 0.0, 1.0]], "bev": "bev_e02e4adc37d6448f96720d5fb3f7bcd9.png", "aux": "aux_e02e4adc37d6448f96720d5fb3f7bcd9.npz", "visibility": "visibility_e02e4adc37d6448f96720d5fb3f7bcd9.png", "pose": [[0.4762102961540222, -0.8793314099311829, 0.0, 446.5206604003906], [0.8793314099311829, 0.4762102961540222, 0.0, 1703.4915771484375], [0.0, 0.0, 1.0, 0.0], [0.0, 0.0, 0.0, 1.0]], "pose_inverse": [[0.4762102961540222, 0.8793314099311829, 0.0, -1710.5714111328125], [-0.8793314099311829, 0.4762102961540222, 0.0, -418.5805969238281], [0.0, 0.0, 1.0, 0.0], [0.0, 0.0, 0.0, 1.0]], "cam_ids": [0, 1, 2, 3, 4, 5], "cam_channels": ["CAM_FRONT_LEFT", "CAM_FRONT", "CAM_FRONT_RIGHT", "CAM_BACK_LEFT", "CAM_BACK", "CAM_BACK_RIGHT"], "token": "e02e4adc37d6448f96720d5fb3f7bcd9", "scene": "scene-0719"}, {"images": ["samples/CAM_FRONT_LEFT/n008-2018-08-29-16-04-13-0400__CAM_FRONT_LEFT__1535573634254799.jpg", "samples/CAM_FRONT/n008-2018-08-29-16-04-13-0400__CAM_FRONT__1535573634262404.jpg", "samples/CAM_FRONT_RIGHT/n008-2018-08-29-16-04-13-0400__CAM_FRONT_RIGHT__1535573634270482.jpg", "samples/CAM_BACK_LEFT/n008-2018-08-29-16-04-13-0400__CAM_BACK_LEFT__1535573634297405.jpg", "samples/CAM_BACK/n008-2018-08-29-16-04-13-0400__CAM_BACK__1535573634287558.jpg", "samples/CAM_BACK_RIGHT/n008-2018-08-29-16-04-13-0400__CAM_BACK_RIGHT__1535573634278113.jpg"], "intrinsics": [[[1257.8625342125129, 0.0, 827.2410631095686], [0.0, 1257.8625342125129, 450.915498205774], [0.0, 0.0, 1.0]], [[1252.8131021185304, 0.0, 826.588114781398], [0.0, 1252.8131021185304, 469.9846626224581], [0.0, 0.0, 1.0]], [[1256.7485116440405, 0.0, 817.7887570959712], [0.0, 1256.7485116440403, 451.9541780095127], [0.0, 0.0, 1.0]], [[1254.9860565800168, 0.0, 829.5769333630991], [0.0, 1254.9860565800168, 467.1680561863987], [0.0, 0.0, 1.0]], [[796.8910634503094, 0.0, 857.7774326863696], [0.0, 796.8910634503094, 476.8848988407415], [0.0, 0.0, 1.0]], [[1249.9629280788233, 0.0, 825.3768045375984], [0.0, 1249.9629280788233, 462.54816385708756], [0.0, 0.0, 1.0]]], "extrinsics": [[[0.8224254250526428, -0.5688074827194214, -0.008638299070298672, -1.0048828125], [-0.011147378012537956, -0.0009319984237663448, -0.9999374151229858, 1.4882965087890625], [0.568763792514801, 0.8224701881408691, -0.007107211742550135, -1.33349609375], [0.0, 0.0, 0.0, 1.0]], [[0.010197015479207039, -0.9999356269836426, 0.004961654543876648, 0.005401611328125], [-0.009140903130173683, -0.005054919049143791, -0.9999454617500305, 1.4801673889160156], [0.9999062418937683, 0.0101511524990201, -0.009191861376166344, -1.7344970703125], [0.0, 0.0, 0.0, 1.0]], [[-0.8440362811088562, -0.5362226366996765, 0.008255806751549244, 1.0904541015625], [-0.0010493609588593245, -0.013743029907345772, -0.999904990196228, 1.4930720329284668], [0.5362851023674011, -0.843964695930481, 0.01103692501783371, -1.27752685546875], [0.0, 0.0, 0.0, 1.0]], [[0.9476252794265747, 0.3184601962566376, -0.024277735501527786, -1.1439208984375], [-0.02609758824110031, 0.0014485209248960018, -0.9996583461761475, 1.5620460510253906], [-0.3183162808418274, 0.947935163974762, 0.00968370120972395, -0.15606689453125], [0.0, 0.0, 0.0, 1.0]], [[0.009199854917824268, 0.9999378323554993, -0.00630399351939559, -0.02886962890625], [-0.02411562018096447, -0.0060805585235357285, -0.9996906518936157, 1.5680580139160156], [-0.9996668696403503, 0.009348968043923378, 0.024058178067207336, 0.0440673828125], [0.0, 0.0, 0.0, 1.0]], [[-0.9237020015716553, 0.3830386996269226, 0.007474674377590418, 1.16064453125], [-0.020028917118906975, -0.02879781648516655, -0.9993845820426941, 1.5478134155273438], [-0.3825877010822296, -0.9232832789421082, 0.0342724546790123, -0.043701171875], [0.0, 0.0, 0.0, 1.0]]], "view": [[0.0, -2.0, 100.0], [-2.0, 0.0, 100.0], [0.0, 0.0, 1.0]], "bev": "bev_0ee685cbfbae4f979a5e94b1b0914eab.png", "aux": "aux_0ee685cbfbae4f979a5e94b1b0914eab.npz", "visibility": "visibility_0ee685cbfbae4f979a5e94b1b0914eab.png", "pose": [[0.47617119550704956, -0.8793525695800781, 0.0, 446.5206604003906], [0.8793525695800781, 0.47617119550704956, 0.0, 1703.4915771484375], [0.0, 0.0, 1.0, 0.0], [0.0, 0.0, 0.0, 1.0]], "pose_inverse": [[0.47617119550704956, 0.8793525695800781, 0.0, -1710.5899658203125], [-0.8793525695800781, 0.47617119550704956, 0.0, -418.5045471191406], [0.0, 0.0, 1.0, 0.0], [0.0, 0.0, 0.0, 1.0]], "cam_ids": [0, 1, 2, 3, 4, 5], "cam_channels": ["CAM_FRONT_LEFT", "CAM_FRONT", "CAM_FRONT_RIGHT", "CAM_BACK_LEFT", "CAM_BACK", "CAM_BACK_RIGHT"], "token": "0ee685cbfbae4f979a5e94b1b0914eab", "scene": "scene-0719"}, {"images": ["samples/CAM_FRONT_LEFT/n008-2018-08-29-16-04-13-0400__CAM_FRONT_LEFT__1535573634754799.jpg", "samples/CAM_FRONT/n008-2018-08-29-16-04-13-0400__CAM_FRONT__1535573634762404.jpg", "samples/CAM_FRONT_RIGHT/n008-2018-08-29-16-04-13-0400__CAM_FRONT_RIGHT__1535573634770482.jpg", "samples/CAM_BACK_LEFT/n008-2018-08-29-16-04-13-0400__CAM_BACK_LEFT__1535573634797405.jpg", "samples/CAM_BACK/n008-2018-08-29-16-04-13-0400__CAM_BACK__1535573634787560.jpg", "samples/CAM_BACK_RIGHT/n008-2018-08-29-16-04-13-0400__CAM_BACK_RIGHT__1535573634778113.jpg"], "intrinsics": [[[1257.8625342125129, 0.0, 827.2410631095686], [0.0, 1257.8625342125129, 450.915498205774], [0.0, 0.0, 1.0]], [[1252.8131021185304, 0.0, 826.588114781398], [0.0, 1252.8131021185304, 469.9846626224581], [0.0, 0.0, 1.0]], [[1256.7485116440405, 0.0, 817.7887570959712], [0.0, 1256.7485116440403, 451.9541780095127], [0.0, 0.0, 1.0]], [[1254.9860565800168, 0.0, 829.5769333630991], [0.0, 1254.9860565800168, 467.1680561863987], [0.0, 0.0, 1.0]], [[796.8910634503094, 0.0, 857.7774326863696], [0.0, 796.8910634503094, 476.8848988407415], [0.0, 0.0, 1.0]], [[1249.9629280788233, 0.0, 825.3768045375984], [0.0, 1249.9629280788233, 462.54816385708756], [0.0, 0.0, 1.0]]], "extrinsics": [[[0.8225052952766418, -0.5687487721443176, -0.003154168138280511, -0.9912109375], [-0.004813353065401316, -0.001415175967849791, -0.9999874234199524, 1.4882164001464844], [0.5687371492385864, 0.8225101232528687, -0.0039015801157802343, -1.323974609375], [0.0, 0.0, 0.0, 1.0]], [[0.01024107076227665, -0.9999324083328247, 0.005510349757969379, 0.005584716796875], [-0.002869037678465247, -0.005539999343454838, -0.9999805688858032, 1.4801273345947266], [0.9999434351921082, 0.010225040838122368, -0.0029255785048007965, -1.720947265625], [0.0, 0.0, 0.0, 1.0]], [[-0.8440296649932861, -0.5362865328788757, 0.0032912972383201122, 1.081298828125], [0.005142934154719114, -0.014230652712285519, -0.9998854398727417, 1.4931303262710571], [0.5362719297409058, -0.8439159989356995, 0.014769178815186024, -1.271728515625], [0.0, 0.0, 0.0, 1.0]], [[0.9477258324623108, 0.31852293014526367, -0.018943337723612785, -1.14404296875], [-0.020302223041653633, 0.0009466084302403033, -0.9997934699058533, 1.5620460510253906], [-0.31843918561935425, 0.9479146599769592, 0.007363850250840187, -0.156097412109375], [0.0, 0.0, 0.0, 1.0]], [[0.009167051874101162, 0.9999353289604187, -0.00674204807728529, -0.028900146484375], [-0.018153848126530647, -0.006574799306690693, -0.9998135566711426, 1.5679855346679688], [-0.9997932314872742, 0.009287719614803791, 0.018092401325702667, 0.040283203125], [0.0, 0.0, 0.0, 1.0]], [[-0.9237589836120605, 0.3829709589481354, 0.0016509857960045338, 1.1533203125], [-0.013928858563303947, -0.02928887866437435, -0.9994739294052124, 1.5477104187011719], [-0.3827211260795593, -0.9232959747314453, 0.03239021077752113, -0.046630859375], [0.0, 0.0, 0.0, 1.0]]], "view": [[0.0, -2.0, 100.0], [-2.0, 0.0, 100.0], [0.0, 0.0, 1.0]], "bev": "bev_bb07c807965d450084950cded4cab197.png", "aux": "aux_bb07c807965d450084950cded4cab197.npz", "visibility": "visibility_bb07c807965d450084950cded4cab197.png", "pose": [[0.4757225811481476, -0.8795953989028931, 0.0, 446.548828125], [0.8795953989028931, 0.4757225811481476, 0.0, 1703.54345703125], [0.0, 0.0, 1.0, 0.0], [0.0, 0.0, 0.0, 1.0]], "pose_inverse": [[0.4757225811481476, 0.8795953989028931, 0.0, -1710.8623046875], [-0.8795953989028931, 0.4757225811481476, 0.0, -417.63177490234375], [0.0, 0.0, 1.0, 0.0], [0.0, 0.0, 0.0, 1.0]], "cam_ids": [0, 1, 2, 3, 4, 5], "cam_channels": ["CAM_FRONT_LEFT", "CAM_FRONT", "CAM_FRONT_RIGHT", "CAM_BACK_LEFT", "CAM_BACK", "CAM_BACK_RIGHT"], "token": "bb07c807965d450084950cded4cab197", "scene": "scene-0719"}, {"images": ["samples/CAM_FRONT_LEFT/n008-2018-08-29-16-04-13-0400__CAM_FRONT_LEFT__1535573635254799.jpg", "samples/CAM_FRONT/n008-2018-08-29-16-04-13-0400__CAM_FRONT__1535573635262404.jpg", "samples/CAM_FRONT_RIGHT/n008-2018-08-29-16-04-13-0400__CAM_FRONT_RIGHT__1535573635270493.jpg", "samples/CAM_BACK_LEFT/n008-2018-08-29-16-04-13-0400__CAM_BACK_LEFT__1535573635297405.jpg", "samples/CAM_BACK/n008-2018-08-29-16-04-13-0400__CAM_BACK__1535573635287558.jpg", "samples/CAM_BACK_RIGHT/n008-2018-08-29-16-04-13-0400__CAM_BACK_RIGHT__1535573635278113.jpg"], "intrinsics": [[[1257.8625342125129, 0.0, 827.2410631095686], [0.0, 1257.8625342125129, 450.915498205774], [0.0, 0.0, 1.0]], [[1252.8131021185304, 0.0, 826.588114781398], [0.0, 1252.8131021185304, 469.9846626224581], [0.0, 0.0, 1.0]], [[1256.7485116440405, 0.0, 817.7887570959712], [0.0, 1256.7485116440403, 451.9541780095127], [0.0, 0.0, 1.0]], [[1254.9860565800168, 0.0, 829.5769333630991], [0.0, 1254.9860565800168, 467.1680561863987], [0.0, 0.0, 1.0]], [[796.8910634503094, 0.0, 857.7774326863696], [0.0, 796.8910634503094, 476.8848988407415], [0.0, 0.0, 1.0]], [[1249.9629280788233, 0.0, 825.3768045375984], [0.0, 1249.9629280788233, 462.54816385708756], [0.0, 0.0, 1.0]]], "extrinsics": [[[0.8227968811988831, -0.5683279633522034, -0.0029515258502215147, -0.95556640625], [-0.0051061962731182575, -0.0021992246620357037, -0.9999845027923584, 1.4879894256591797], [0.5683127045631409, 0.8227992057800293, -0.0047115120105445385, -1.29931640625], [0.0, 0.0, 0.0, 1.0]], [[0.010665911249816418, -0.9999231696128845, 0.006315590348094702, 0.00592041015625], [-0.003164321184158325, -0.006349669769406319, -0.9999748468399048, 1.4800071716308594], [0.9999381303787231, 0.010645701549947262, -0.003231802023947239, -1.68505859375], [0.0, 0.0, 0.0, 1.0]], [[-0.8438534736633301, -0.5365587472915649, 0.003985223360359669, 1.0582275390625], [0.004867395851761103, -0.015081467106938362, -0.9998744130134583, 1.493257761001587], [0.5365514755249023, -0.8437281847000122, 0.01533819455653429, -1.25689697265625], [0.0, 0.0, 0.0, 1.0]], [[0.9477171301841736, 0.318517804145813, -0.019459526985883713, -1.14306640625], [-0.02052215300500393, -1.9568853531382047e-05, -0.9997894167900085, 1.5620269775390625], [-0.3184511363506317, 0.9479168653488159, 0.0065181259997189045, -0.156402587890625], [0.0, 0.0, 0.0, 1.0]], [[0.009032468311488628, 0.999929666519165, -0.0076812822371