[{"images": ["samples/CAM_FRONT_LEFT/n008-2018-08-31-11-19-57-0400__CAM_FRONT_LEFT__1535729550404799.jpg", "samples/CAM_FRONT/n008-2018-08-31-11-19-57-0400__CAM_FRONT__1535729550412404.jpg", "samples/CAM_FRONT_RIGHT/n008-2018-08-31-11-19-57-0400__CAM_FRONT_RIGHT__1535729550420482.jpg", "samples/CAM_BACK_LEFT/n008-2018-08-31-11-19-57-0400__CAM_BACK_LEFT__1535729550447405.jpg", "samples/CAM_BACK/n008-2018-08-31-11-19-57-0400__CAM_BACK__1535729550437558.jpg", "samples/CAM_BACK_RIGHT/n008-2018-08-31-11-19-57-0400__CAM_BACK_RIGHT__1535729550428113.jpg"], "intrinsics": [[[1257.8625342125129, 0.0, 827.2410631095686], [0.0, 1257.8625342125129, 450.915498205774], [0.0, 0.0, 1.0]], [[1252.8131021185304, 0.0, 826.588114781398], [0.0, 1252.8131021185304, 469.9846626224581], [0.0, 0.0, 1.0]], [[1256.7485116440405, 0.0, 817.7887570959712], [0.0, 1256.7485116440403, 451.9541780095127], [0.0, 0.0, 1.0]], [[1254.9860565800168, 0.0, 829.5769333630991], [0.0, 1254.9860565800168, 467.1680561863987], [0.0, 0.0, 1.0]], [[796.8910634503094, 0.0, 857.7774326863696], [0.0, 796.8910634503094, 476.8848988407415], [0.0, 0.0, 1.0]], [[1249.9629280788233, 0.0, 825.3768045375984], [0.0, 1249.9629280788233, 462.54816385708756], [0.0, 0.0, 1.0]]], "extrinsics": [[[0.8226820230484009, -0.5684022307395935, -0.010642417706549168, -0.853790283203125], [0.004461895674467087, 0.025175239890813828, -0.999673068523407, 1.4890365600585938], [0.5684843063354492, 0.8223655819892883, 0.02324736677110195, -1.2322998046875], [0.0, 0.0, 0.0, 1.0]], [[0.010447448119521141, -0.9997237920761108, -0.021051529794931412, 0.00927734375], [0.0064888386987149715, 0.021120015531778336, -0.999755859375, 1.4810905456542969], [0.99992436170578, 0.010308272205293179, 0.00670769764110446, -1.58416748046875], [0.0, 0.0, 0.0, 1.0]], [[-0.843920111656189, -0.5361317992210388, -0.0190114825963974, 0.9927978515625], [0.014587628655135632, 0.012491673231124878, -0.9998155236244202, 1.494760513305664], [0.5362703800201416, -0.8440419435501099, -0.0027210854459553957, -1.21337890625], [0.0, 0.0, 0.0, 1.0]], [[0.9478747844696045, 0.31864050030708313, -0.0012743580155074596, -1.1375732421875], [-0.01069712545722723, 0.02782365307211876, -0.9995556473731995, 1.5619621276855469], [-0.3184635043144226, 0.9474671483039856, 0.029781877994537354, -0.15869140625], [0.0, 0.0, 0.0, 1.0]], [[0.009179918095469475, 0.9997541904449463, 0.020180594176054, -0.029296875], [-0.008610793389379978, 0.020259728655219078, -0.9997576475143433, 1.5676403045654297], [-0.9999207854270935, 0.009003926999866962, 0.008794659748673439, -0.00286865234375], [0.0, 0.0, 0.0, 1.0]], [[-0.9237829446792603, 0.38290372490882874, 0.003117747139185667, 1.0809364318847656], [-0.004416686482727528, -0.0025133034214377403, -0.9999870657920837, 1.5474371910095215], [-0.3828909397125244, -0.9237848520278931, 0.004012913443148136, -0.0753173828125], [0.0, 0.0, 0.0, 1.0]]], "view": [[0.0, -2.0, 100.0], [-2.0, 0.0, 100.0], [0.0, 0.0, 1.0]], "bev": "bev_f253701a39f84080aba3b8a88c35856d.png", "aux": "aux_f253701a39f84080aba3b8a88c35856d.npz", "visibility": "visibility_f253701a39f84080aba3b8a88c35856d.png", "pose": [[0.8997232913970947, 0.43646079301834106, 0.0, 1377.6246337890625], [-0.43646079301834106, 0.8997232913970947, 0.0, 1272.953857421875], [0.0, 0.0, 1.0, 0.0], [0.0, 0.0, 0.0, 1.0]], "pose_inverse": [[0.8997232913970947, -0.43646079301834106, 0.0, -683.886474609375], [0.43646079301834106, 0.8997232913970947, 0.0, -1746.5853271484375], [0.0, 0.0, 1.0, 0.0], [0.0, 0.0, 0.0, 1.0]], "cam_ids": [0, 1, 2, 3, 4, 5], "cam_channels": ["CAM_FRONT_LEFT", "CAM_FRONT", "CAM_FRONT_RIGHT", "CAM_BACK_LEFT", "CAM_BACK", "CAM_BACK_RIGHT"], "token": "f253701a39f84080aba3b8a88c35856d", "scene": "scene-0306"}, {"images": ["samples/CAM_FRONT_LEFT/n008-2018-08-31-11-19-57-0400__CAM_FRONT_LEFT__1535729550854799.jpg", "samples/CAM_FRONT/n008-2018-08-31-11-19-57-0400__CAM_FRONT__1535729550862404.jpg", "samples/CAM_FRONT_RIGHT/n008-2018-08-31-11-19-57-0400__CAM_FRONT_RIGHT__1535729550870493.jpg", "samples/CAM_BACK_LEFT/n008-2018-08-31-11-19-57-0400__CAM_BACK_LEFT__1535729550897405.jpg", "samples/CAM_BACK/n008-2018-08-31-11-19-57-0400__CAM_BACK__1535729550887558.jpg", "samples/CAM_BACK_RIGHT/n008-2018-08-31-11-19-57-0400__CAM_BACK_RIGHT__1535729550878113.jpg"], "intrinsics": [[[1257.8625342125129, 0.0, 827.2410631095686], [0.0, 1257.8625342125129, 450.915498205774], [0.0, 0.0, 1.0]], [[1252.8131021185304, 0.0, 826.588114781398], [0.0, 1252.8131021185304, 469.9846626224581], [0.0, 0.0, 1.0]], [[1256.7485116440405, 0.0, 817.7887570959712], [0.0, 1256.7485116440403, 451.9541780095127], [0.0, 0.0, 1.0]], [[1254.9860565800168, 0.0, 829.5769333630991], [0.0, 1254.9860565800168, 467.1680561863987], [0.0, 0.0, 1.0]], [[796.8910634503094, 0.0, 857.7774326863696], [0.0, 796.8910634503094, 476.8848988407415], [0.0, 0.0, 1.0]], [[1249.9629280788233, 0.0, 825.3768045375984], [0.0, 1249.9629280788233, 462.54816385708756], [0.0, 0.0, 1.0]]], "extrinsics": [[[0.8224555253982544, -0.5687752962112427, -0.007846839725971222, -0.854156494140625], [0.009110727347433567, 0.02696465328335762, -0.9995948672294617, 1.4899177551269531], [0.5687564015388489, 0.8220508694648743, 0.027359183877706528, -1.23095703125], [0.0, 0.0, 0.0, 1.0]], [[0.010154244489967823, -0.9996883869171143, -0.022802302613854408, 0.00830078125], [0.011157069355249405, 0.022915326058864594, -0.9996751546859741, 1.4818153381347656], [0.9998860955238342, 0.009896491654217243, 0.011386279948055744, -1.583984375], [0.0, 0.0, 0.0, 1.0]], [[-0.8439903259277344, -0.5358251929283142, -0.023910313844680786, 0.9923095703125], [0.01925751194357872, 0.014277582988142967, -0.9997125864028931, 1.4953117370605469], [0.536012589931488, -0.8442082405090332, -0.0017314832657575607, -1.2139892578125], [0.0, 0.0, 0.0, 1.0]], [[0.9479100704193115, 0.3185163140296936, 0.0037137530744075775, -1.1383056640625], [-0.006008336320519447, 0.02953515760600567, -0.999545693397522, 1.56201171875], [-0.31848135590553284, 0.9474571943283081, 0.029910428449511528, -0.1578369140625], [0.0, 0.0, 0.0, 1.0]], [[0.009246802888810635, 0.9997162818908691, 0.021949108690023422, -0.02880859375], [-0.0038994234055280685, 0.02198592945933342, -0.9997506737709045, 1.5678749084472656], [-0.9999496936798096, 0.009158918634057045, 0.0041016167961061, -0.00201416015625], [0.0, 0.0, 0.0, 1.0]], [[-0.9236947894096375, 0.38312867283821106, -0.0005287526873871684, 1.0814895629882812], [0.000256739353062585, -0.0007611142937093973, -0.9999997019767761, 1.5478324890136719], [-0.38312894105911255, -0.9236946702003479, 0.0006046735215932131, -0.0758056640625], [0.0, 0.0, 0.0, 1.0]]], "view": [[0.0, -2.0, 100.0], [-2.0, 0.0, 100.0], [0.0, 0.0, 1.0]], "bev": "bev_a53add64a4ff4dd1be95fdcfeb141fa8.png", "aux": "aux_a53add64a4ff4dd1be95fdcfeb141fa8.npz", "visibility": "visibility_a53add64a4ff4dd1be95fdcfeb141fa8.png", "pose": [[0.899779200553894, 0.43634548783302307, 0.0, 1379.29541015625], [-0.43634548783302307, 0.899779200553894, 0.0, 1272.1251220703125], [0.0, 0.0, 1.0, 0.0], [0.0, 0.0, 0.0, 1.0]], "pose_inverse": [[0.899779200553894, -0.43634548783302307, 0.0, -685.9752807617188], [0.43634548783302307, 0.899779200553894, 0.0, -1746.4810791015625], [0.0, 0.0, 1.0, 0.0], [0.0, 0.0, 0.0, 1.0]], "cam_ids": [0, 1, 2, 3, 4, 5], "cam_channels": ["CAM_FRONT_LEFT", "CAM_FRONT", "CAM_FRONT_RIGHT", "CAM_BACK_LEFT", "CAM_BACK", "CAM_BACK_RIGHT"], "token": "a53add64a4ff4dd1be95fdcfeb141fa8", "scene": "scene-0306"}, {"images": ["samples/CAM_FRONT_LEFT/n008-2018-08-31-11-19-57-0400__CAM_FRONT_LEFT__1535729551354799.jpg", "samples/CAM_FRONT/n008-2018-08-31-11-19-57-0400__CAM_FRONT__1535729551362404.jpg", "samples/CAM_FRONT_RIGHT/n008-2018-08-31-11-19-57-0400__CAM_FRONT_RIGHT__1535729551370482.jpg", "samples/CAM_BACK_LEFT/n008-2018-08-31-11-19-57-0400__CAM_BACK_LEFT__1535729551397405.jpg", "samples/CAM_BACK/n008-2018-08-31-11-19-57-0400__CAM_BACK__1535729551387558.jpg", "samples/CAM_BACK_RIGHT/n008-2018-08-31-11-19-57-0400__CAM_BACK_RIGHT__1535729551378113.jpg"], "intrinsics": [[[1257.8625342125129, 0.0, 827.2410631095686], [0.0, 1257.8625342125129, 450.915498205774], [0.0, 0.0, 1.0]], [[1252.8131021185304, 0.0, 826.588114781398], [0.0, 1252.8131021185304, 469.9846626224581], [0.0, 0.0, 1.0]], [[1256.7485116440405, 0.0, 817.7887570959712], [0.0, 1256.7485116440403, 451.9541780095127], [0.0, 0.0, 1.0]], [[1254.9860565800168, 0.0, 829.5769333630991], [0.0, 1254.9860565800168, 467.1680561863987], [0.0, 0.0, 1.0]], [[796.8910634503094, 0.0, 857.7774326863696], [0.0, 796.8910634503094, 476.8848988407415], [0.0, 0.0, 1.0]], [[1249.9629280788233, 0.0, 825.3768045375984], [0.0, 1249.9629280788233, 462.54816385708756], [0.0, 0.0, 1.0]]], "extrinsics": [[[0.8227499127388, -0.5683634281158447, -0.0067497743293643, -0.85919189453125], [0.008977852761745453, 0.024867789819836617, -0.9996504187583923, 1.4897918701171875], [0.5683326125144958, 0.8224017024040222, 0.025562657043337822, -1.2362060546875], [0.0, 0.0, 0.0, 1.0]], [[0.010556697845458984, -0.9997338652610779, -0.020510978996753693, 0.0091552734375], [0.010945165529847145, 0.02062641829252243, -0.9997273683547974, 1.481689453125], [0.9998843669891357, 0.010329351760447025, 0.011159999296069145, -1.59100341796875], [0.0, 0.0, 0.0, 1.0]], [[-0.8438311815261841, -0.5361425280570984, -0.02236337587237358, 0.998291015625], [0.01899799332022667, 0.01180037297308445, -0.9997498989105225, 1.4951515197753906], [0.5362723469734192, -0.8440449237823486, 0.0002281088673043996, -1.2166748046875], [0.0, 0.0, 0.0, 1.0]], [[0.947881817817688, 0.3186120092868805, 0.0025316523388028145, -1.141845703125], [-0.006218442227691412, 0.026443026959896088, -0.9996309876441956, 1.5620269775390625], [-0.3185613751411438, 0.9475162625312805, 0.02704613469541073, -0.1571044921875], [0.0, 0.0, 0.0, 1.0]], [[0.009115476161241531, 0.9997767806053162, 0.019059564918279648, -0.0291748046875], [-0.004211107734590769, 0.019098566845059395, -0.9998087286949158, 1.5678691864013672], [-0.9999496340751648, 0.009033458307385445, 0.004384261090308428, 0.0023193359375], [0.0, 0.0, 0.0, 1.0]], [[-0.9237817525863647, 0.38291725516319275, -0.0012672067387029529, 1.0863113403320312], [-4.582708788802847e-05, -0.0034198875073343515, -0.999994158744812, 1.5478119850158691], [-0.3829192817211151, -0.9237763285636902, 0.0031767780892550945, -0.0728759765625], [0.0, 0.0, 0.0, 1.0]]], "view": [[0.0, -2.0, 100.0], [-2.0, 0.0, 100.0], [0.0, 0.0, 1.0]], "bev": "bev_97da0618c1164997948e97374f86a7b3.png", "aux": "aux_97da0618c1164997948e97374f86a7b3.npz", "visibility": "visibility_97da0618c1164997948e97374f86a7b3.png", "pose": [[0.8974752426147461, 0.4410647749900818, 0.0, 1381.09716796875], [-0.4410647749900818, 0.8974752426147461, 0.0, 1271.20751953125], [0.0, 0.0, 1.0, 0.0], [0.0, 0.0, 0.0, 1.0]], "pose_inverse": [[0.8974752426147461, -0.4410647749900818, 0.0, -678.815673828125], [0.4410647749900818, 0.8974752426147461, 0.0, -1750.0306396484375], [0.0, 0.0, 1.0, 0.0], [0.0, 0.0, 0.0, 1.0]], "cam_ids": [0, 1, 2, 3, 4, 5], "cam_channels": ["CAM_FRONT_LEFT", "CAM_FRONT", "CAM_FRONT_RIGHT", "CAM_BACK_LEFT", "CAM_BACK", "CAM_BACK_RIGHT"], "token": "97da0618c1164997948e97374f86a7b3", "scene": "scene-0306"}, {"images": ["samples/CAM_FRONT_LEFT/n008-2018-08-31-11-19-57-0400__CAM_FRONT_LEFT__1535729551904800.jpg", "samples/CAM_FRONT/n008-2018-08-31-11-19-57-0400__CAM_FRONT__1535729551912404.jpg", "samples/CAM_FRONT_RIGHT/n008-2018-08-31-11-19-57-0400__CAM_FRONT_RIGHT__1535729551920482.jpg", "samples/CAM_BACK_LEFT/n008-2018-08-31-11-19-57-0400__CAM_BACK_LEFT__1535729551947405.jpg", "samples/CAM_BACK/n008-2018-08-31-11-19-57-0400__CAM_BACK__1535729551937558.jpg", "samples/CAM_BACK_RIGHT/n008-2018-08-31-11-19-57-0400__CAM_BACK_RIGHT__1535729551928113.jpg"], "intrinsics": [[[1257.8625342125129, 0.0, 827.2410631095686], [0.0, 1257.8625342125129, 450.915498205774], [0.0, 0.0, 1.0]], [[1252.8131021185304, 0.0, 826.588114781398], [0.0, 1252.8131021185304, 469.9846626224581], [0.0, 0.0, 1.0]], [[1256.7485116440405, 0.0, 817.7887570959712], [0.0, 1256.7485116440403, 451.9541780095127], [0.0, 0.0, 1.0]], [[1254.9860565800168, 0.0, 829.5769333630991], [0.0, 1254.9860565800168, 467.1680561863987], [0.0, 0.0, 1.0]], [[796.8910634503094, 0.0, 857.7774326863696], [0.0, 796.8910634503094, 476.8848988407415], [0.0, 0.0, 1.0]], [[1249.9629280788233, 0.0, 825.3768045375984], [0.0, 1249.9629280788233, 462.54816385708756], [0.0, 0.0, 1.0]]], "extrinsics": [[[0.8228747844696045, -0.5681448578834534, -0.009412015788257122, -0.854278564453125], [0.00744794774800539, 0.027346832677721977, -0.9995982646942139, 1.4896316528320312], [0.5681740641593933, 0.8224741220474243, 0.026734530925750732, -1.2301025390625], [0.0, 0.0, 0.0, 1.0]], [[0.010759972035884857, -0.9996733665466309, -0.023180149495601654, 0.0079345703125], [0.009350061416625977, 0.02328106388449669, -0.9996852874755859, 1.4815483093261719], [0.9998983144760132, 0.01053988840430975, 0.009597512893378735, -1.58404541015625], [0.0, 0.0, 0.0, 1.0]], [[-0.8437513113021851, -0.5362637042999268, -0.022469058632850647, 0.9925537109375], [0.017316725105047226, 0.014642554335296154, -0.9997428059577942, 1.4950790405273438], [0.5364547967910767, -0.8439235091209412, -0.0030683446675539017, -1.21435546875], [0.0, 0.0, 0.0, 1.0]], [[0.9478858113288879, 0.31860601902008057, 0.001609966391697526, -1.1431884765625], [-0.008402871899306774, 0.030050110071897507, -0.9995130300521851, 1.5620384216308594], [-0.31849929690361023, 0.9474107623100281, 0.03116127848625183, -0.1563720703125], [0.0, 0.0, 0.0, 1.0]], [[0.009064833633601665, 0.9997084736824036, 0.022378375753760338, -0.0289306640625], [-0.00617357948794961, 0.022434817627072334, -0.9997292160987854, 1.5677833557128906], [-0.9999398589134216, 0.008924209512770176, 0.006375147495418787, 0.00091552734375], [0.0, 0.0, 0.0, 1.0]], [[-0.9238497018814087, 0.38275203108787537, 0.0015668064588680863, 1.0826034545898438], [-0.0018504479667171836, -0.0003729134041350335, -0.9999982118606567, 1.5476539134979248], [-0.38275060057640076, -0.9238510131835938, 0.0010527783306315541, -0.0751953125], [0.0, 0.0, 0.0, 1.0]]], "view": [[0.0, -2.0, 100.0], [-2.0, 0.0, 100.0], [0.0, 0.0, 1.0]], "bev": "bev_b44e95beaac747acb0b7c7cf7b75cb9b.png", "aux": "aux_b44e95beaac747acb0b7c7cf7b75cb9b.npz", "visibility": "visibility_b44e95beaac747acb0b7c7cf7b75cb9b.png", "pose": [[0.894213080406189, 0.447641521692276, 0.0, 1383.114501953125], [-0.447641521692276, 0.894213080406189, 0.0, 1270.1837158203125], [0.0, 0.0, 1.0, 0.0], [0.0, 0.0, 0.0, 1.0]], "pose_inverse": [[0.894213080406189, -0.447641521692276, 0.0, -668.212158203125], [0.447641521692276, 0.894213080406189, 0.0, -1754.954345703125], [0.0, 0.0, 1.0, 0.0], [0.0, 0.0, 0.0, 1.0]], "cam_ids": [0, 1, 2, 3, 4, 5], "cam_channels": ["CAM_FRONT_LEFT", "CAM_FRONT", "CAM_FRONT_RIGHT", "CAM_BACK_LEFT", "CAM_BACK", "CAM_BACK_RIGHT"], "token": "b44e95beaac747acb0b7c7cf7b75cb9b", "scene": "scene-0306"}, {"images": ["samples/CAM_FRONT_LEFT/n008-2018-08-31-11-19-57-0400__CAM_FRONT_LEFT__1535729552404799.jpg", "samples/CAM_FRONT/n008-2018-08-31-11-19-57-0400__CAM_FRONT__1535729552412404.jpg", "samples/CAM_FRONT_RIGHT/n008-2018-08-31-11-19-57-0400__CAM_FRONT_RIGHT__1535729552420482.jpg", "samples/CAM_BACK_LEFT/n008-2018-08-31-11-19-57-0400__CAM_BACK_LEFT__1535729552447410.jpg", "samples/CAM_BACK/n008-2018-08-31-11-19-57-0400__CAM_BACK__1535729552437558.jpg", "samples/CAM_BACK_RIGHT/n008-2018-08-31-11-19-57-0400__CAM_BACK_RIGHT__1535729552428113.jpg"], "intrinsics": [[[1257.8625342125129, 0.0, 827.2410631095686], [0.0, 1257.8625342125129, 450.915498205774], [0.0, 0.0, 1.0]], [[1252.8131021185304, 0.0, 826.588114781398], [0.0, 1252.8131021185304, 469.9846626224581], [0.0, 0.0, 1.0]], [[1256.7485116440405, 0.0, 817.7887570959712], [0.0, 1256.7485116440403, 451.9541780095127], [0.0, 0.0, 1.0]], [[1254.9860565800168, 0.0, 829.5769333630991], [0.0, 1254.9860565800168, 467.1680561863987], [0.0, 0.0, 1.0]], [[796.8910634503094, 0.0, 857.7774326863696], [0.0, 796.8910634503094, 476.8848988407415], [0.0, 0.0, 1.0]], [[1249.9629280788233, 0.0, 825.3768045375984], [0.0, 1249.9629280788233, 462.54816385708756], [0.0, 0.0, 1.0]]], "extrinsics": [[[0.8224214315414429, -0.5687268972396851, -0.01314318086951971, -0.847747802734375], [0.005226322449743748, 0.030656302347779274, -0.9995163083076477, 1.4892501831054688], [0.5688547492027283, 0.8219549059867859, 0.02818474918603897, -1.2261962890625], [0.0, 0.0, 0.0, 1.0]], [[0.010094031691551208, -0.9995947480201721, -0.026616860181093216, 0.0081787109375], [0.007246717810630798, 0.026690643280744553, -0.9996175169944763, 1.48126220703125], [0.9999228119850159, 0.009897268377244473, 0.0075131976045668125, -1.578369140625], [0.0, 0.0, 0.0, 1.0]], [[-0.8440467715263367, -0.5357897281646729, -0.022680602967739105, 0.989501953125], [0.015338355675339699, 0.018156204372644424, -0.9997174739837646, 1.4948997497558594], [0.5360501408576965, -0.8441562652587891, -0.007106552366167307, -1.21240234375], [0.0, 0.0, 0.0, 1.0]], [[0.9479016065597534, 0.3185592591762543, 0.0015683567617088556, -1.146240234375], [-0.00970332883298397, 0.033793359994888306, -0.9993817210197449, 1.5620689392089844], [-0.3184153437614441, 0.947300374507904, 0.03512386605143547, -0.1552734375], [0.0, 0.0, 0.0, 1.0]], [[0.009278247132897377, 0.9996183514595032, 0.02602289617061615, -0.0286865234375], [-0.00762916961684823, 0.026094023138284683, -0.999630331993103, 1.5677261352539062], [-0.999927818775177, 0.009076325222849846, 0.007868366315960884, 0.00140380859375], [0.0, 0.0, 0.0, 1.0]], [[-0.923723578453064, 0.3830327093601227, 0.004543841350823641, 1.0804443359375], [-0.003579499898478389, 0.003230324015021324, -0.9999883770942688, 1.5475001335144043], [-0.38304299116134644, -0.9237290024757385, -0.0016128607094287872, -0.0760498046875], [0.0, 0.0, 0.0, 1.0]]], "view": [[0.0, -2.0, 100.0], [-2.0, 0.0, 100.0], [0.0, 0.0, 1.0]], "bev": "bev_87f7a33913c44d198617fefd64ec4003.png", "aux": "aux_87f7a33913c44d198617fefd64ec4003.npz", "visibility": "visibility_87f7a33913c44d198617fefd64ec4003.png", "pose": [[0.8930692672729492, 0.4499191641807556, 0.0, 1385.087158203125], [-0.4499191641807556, 0.8930692672729492, 0.0, 1269.1729736328125], [0.0, 0.0, 1.0, 0.0], [0.0, 0.0, 0.0, 1.0]], "pose_inverse": [[0.8930692672729492, -0.4499191641807556, 0.0, -665.9535522460938], [0.4499191641807556, 0.8930692672729492, 0.0, -1756.6365966796875], [0.0, 0.0, 1.0, 0.0], [0.0, 0.0, 0.0, 1.0]], "cam_ids": [0, 1, 2, 3, 4, 5], "cam_channels": ["CAM_FRONT_LEFT", "CAM_FRONT", "CAM_FRONT_RIGHT", "CAM_BACK_LEFT", "CAM_BACK", "CAM_BACK_RIGHT"], "token": "87f7a33913c44d198617fefd64ec4003", "scene": "scene-0306"}, {"images": ["samples/CAM_FRONT_LEFT/n008-2018-08-31-11-19-57-0400__CAM_FRONT_LEFT__1535729552904799.jpg", "samples/CAM_FRONT/n008-2018-08-31-11-19-57-0400__CAM_FRONT__1535729552912404.jpg", "samples/CAM_FRONT_RIGHT/n008-2018-08-31-11-19-57-0400__CAM_FRONT_RIGHT__1535729552920482.jpg", "samples/CAM_BACK_LEFT/n008-2018-08-31-11-19-57-0400__CAM_BACK_LEFT__1535729552947405.jpg", "samples/CAM_BACK/n008-2018-08-31-11-19-57-0400__CAM_BACK__1535729552937558.jpg", "samples/CAM_BACK_RIGHT/n008-2018-08-31-11-19-57-0400__CAM_BACK_RIGHT__1535729552928113.jpg"], "intrinsics": [[[1257.8625342125129, 0.0, 827.2410631095686], [0.0, 1257.8625342125129, 450.915498205774], [0.0, 0.0, 1.0]], [[1252.8131021185304, 0.0, 826.588114781398], [0.0, 1252.8131021185304, 469.9846626224581], [0.0, 0.0, 1.0]], [[1256.7485116440405, 0.0, 817.7887570959712], [0.0, 1256.7485116440403, 451.9541780095127], [0.0, 0.0, 1.0]], [[1254.9860565800168, 0.0, 829.5769333630991], [0.0, 1254.9860565800168, 467.1680561863987], [0.0, 0.0, 1.0]], [[796.8910634503094, 0.0, 857.7774326863696], [0.0, 796.8910634503094, 476.8848988407415], [0.0, 0.0, 1.0]], [[1249.9629280788233, 0.0, 825.3768045375984], [0.0, 1249.9629280788233, 462.54816385708756], [0.0, 0.0, 1.0]]], "extrinsics": [[[0.8228776454925537, -0.568102240562439, -0.01149240043014288, -0.831146240234375], [0.008905728347599506, 0.03311721608042717, -0.9994118213653564, 1.49005126953125], [0.5681487321853638, 0.822291374206543, 0.03231078386306763, -1.2174072265625], [0.0, 0.0, 0.0, 1.0]], [[0.010730923153460026, -0.9995251893997192, -0.02888258546590805, 0.0098876953125], [0.010870175436139107, 0.028999147936701775, -0.9995203614234924, 1.4819526672363281], [0.9998833537101746, 0.01041177473962307, 0.011176200583577156, -1.5633544921875], [0.0, 0.0, 0.0, 1.0]], [[-0.8437755703926086, -0.5360244512557983, -0.026842869818210602, 0.980712890625], [0.018902063369750977, 0.02030399814248085, -0.9996151328086853, 1.4955177307128906], [0.5363631844520569, -0.8439582586288452, -0.007000051438808441, -1.2052001953125], [0.0, 0.0, 0.0, 1.0]], [[0.9478797912597656, 0.31858915090560913, 0.005002617835998535, -1.14697265625], [-0.0065355608239769936, 0.03513725847005844, -0.9993611574172974, 1.5620689392089844], [-0.3185614049434662, 0.947241485118866, 0.035388052463531494, -0.1549072265625], [0.0, 0.0, 0.0, 1.0]], [[0.009087671525776386, 0.9995736479759216, 0.027749493718147278, -0.029052734375], [-0.004430007189512253, 0.027790609747171402, -0.9996039271354675, 1.5678367614746094], [-0.9999488592147827, 0.008961167186498642, 0.004680670332163572, -0.001708984375], [0.0, 0.0, 0.0, 1.0]], [[-0.9238032698631287, 0.38286158442497253, 0.002130382228642702, 1.0736732482910156], [-0.00014682243636343628, 0.005210024304687977, -0.9999864101409912, 1.5477919578552246], [-0.3828674852848053, -0.9237909913063049, -0.004756823182106018, -0.078125], [0.0, 0.0, 0.0, 1.0]]], "view": [[0.0, -2.0, 100.0], [-2.0, 0.0, 100.0], [0.0, 0.0, 1.0]], "bev": "bev_3d54e87358f34dc8b7b157a1911513ee.png", "aux": "aux_3d54e87358f34dc8b7b157a1911513ee.npz", "visibility": "visibility_3d54e87358f34dc8b7b157a1911513ee.png", "pose": [[0.891415536403656, 0.45318686962127686, 0.0, 1387.172607421875], [-0.45318686962127686, 0.891415536403656, 0.0, 1268.087646484375], [0.0, 0.0, 1.0, 0.0], [0.0, 0.0, 0.0, 1.0]], "pose_inverse": [[0.891415536403656, -0.45318686962127686, 0.0, -661.8665161132812], [0.45318686962127686, 0.891415536403656, 0.0, -1759.04150390625], [0.0, 0.0, 1.0, 0.0], [0.0, 0.0, 0.0, 1.0]], "cam_ids": [0, 1, 2, 3, 4, 5], "cam_channels": ["CAM_FRONT_LEFT", "CAM_FRONT", "CAM_FRONT_RIGHT", "CAM_BACK_LEFT", "CAM_BACK", "CAM_BACK_RIGHT"], "token": "3d54e87358f34dc8b7b157a1911513ee", "scene": "scene-0306"}, {"images": ["samples/CAM_FRONT_LEFT/n008-2018-08-31-11-19-57-0400__CAM_FRONT_LEFT__1535729553404799.jpg", "samples/CAM_FRONT/n008-2018-08-31-11-19-57-0400__CAM_FRONT__1535729553412404.jpg", "samples/CAM_FRONT_RIGHT/n008-2018-08-31-11-19-57-0400__CAM_FRONT_RIGHT__1535729553420482.jpg", "samples/CAM_BACK_LEFT/n008-2018-08-31-11-19-57-0400__CAM_BACK_LEFT__1535729553447405.jpg", "samples/CAM_BACK/n008-2018-08-31-11-19-57-0400__CAM_BACK__1535729553437558.jpg", "samples/CAM_BACK_RIGHT/n008-2018-08-31-11-19-57-0400__CAM_BACK_RIGHT__1535729553428113.jpg"], "intrinsics": [[[1257.8625342125129, 0.0, 827.2410631095686], [0.0, 1257.8625342125129, 450.915498205774], [0.0, 0.0, 1.0]], [[1252.8131021185304, 0.0, 826.588114781398], [0.0, 1252.8131021185304, 469.9846626224581], [0.0, 0.0, 1.0]], [[1256.7485116440405, 0.0, 817.7887570959712], [0.0, 1256.7485116440403, 451.9541780095127], [0.0, 0.0, 1.0]], [[1254.9860565800168, 0.0, 829.5769333630991], [0.0, 1254.9860565800168, 467.1680561863987], [0.0, 0.0, 1.0]], [[796.8910634503094, 0.0, 857.7774326863696], [0.0, 796.8910634503094, 476.8848988407415], [0.0, 0.0, 1.0]], [[1249.9629280788233, 0.0, 825.3768045375984], [0.0, 1249.9629280788233, 462.54816385708756], [0.0, 0.0, 1.0]]], "extrinsics": [[[0.8228292465209961, -0.5680888891220093, -0.015066880732774734, -0.82110595703125], [0.004176186863332987, 0.03255661204457283, -0.9994611740112305, 1.4891433715820312], [0.5682733654975891, 0.8223229646682739, 0.029160980135202408, -1.208984375], [0.0, 0.0, 0.0, 1.0]], [[0.010621115565299988, -0.9995424151420593, -0.02831942029297352, 0.00927734375], [0.0059628733433783054, 0.028383826836943626, -0.9995793104171753, 1.4811935424804688], [0.9999257326126099, 0.01044780109077692, 0.0062616136856377125, -1.55328369140625], [0.0, 0.0, 0.0, 1.0]], [[-0.8438813090324402, -0.5360713005065918, -0.022180650383234024, 0.9744873046875], [0.013806133531033993, 0.019630828872323036, -0.9997119307518005, 1.4949569702148438], [0.536352276802063, -0.8439444303512573, -0.009165018796920776, -1.2021484375], [0.0, 0.0, 0.0, 1.0]], [[0.9478867053985596, 0.31860727071762085, -0.00047968977014534175, -1.1475830078125], [-0.01210751198232174, 0.034516412764787674, -0.9993307590484619, 1.5620918273925781], [-0.3183775246143341, 0.9472581148147583, 0.03657519444823265, -0.1549072265625], [0.0, 0.0, 0.0, 1.0]], [[0.009207433089613914, 0.999593198299408, 0.0269940122961998, -0.02880859375], [-0.009807814843952656, 0.02708413265645504, -0.9995850324630737, 1.5675773620605469], [-0.999909520149231, 0.008938807994127274, 0.010053200647234917, -0.003662109375], [0.0, 0.0, 0.0, 1.0]], [[-0.9237936735153198, 0.3828312158584595, 0.006733113434165716, 1.0699539184570312], [-0.005430025048553944, 0.0044842795468866825, -0.9999752044677734, 1.547276496887207], [-0.38285183906555176, -0.9238074421882629, -0.0020637670531868935, -0.0802001953125], [0.0, 0.0, 0.0, 1.0]]], "view": [[0.0, -2.0, 100.0], [-2.0, 0.0, 100.0], [0.0, 0.0, 1.0]], "bev": "bev_1166b3eaf12b4ad1a582249964cb1f2e.png", "aux": "aux_1166b3eaf12b4ad1a582249964cb1f2e.npz", "visibility": "visibility_1166b3eaf12b4ad1a582249964cb1f2e.png", "pose": [[0.8901163935661316, 0.45573320984840393, 0.0, 1389.3995361328125], [-0.45573320984840393, 0.8901163935661316, 0.0, 1266.9276123046875], [0.0, 0.0, 1.0, 0.0], [0.0, 0.0, 0.0, 1.0]], "pose_inverse": [[0.8901163935661316, -0.45573320984840393, 0.0, -659.3463745117188], [0.45573320984840393, 0.8901163935661316, 0.0, -1760.9085693359375], [0.0, 0.0, 1.0, 0.0], [0.0, 0.0, 0.0, 1.0]], "cam_ids": [0, 1, 2, 3, 4, 5], "cam_channels": ["CAM_FRONT_LEFT", "CAM_FRONT", "CAM_FRONT_RIGHT", "CAM_BACK_LEFT", "CAM_BACK", "CAM_BACK_RIGHT"], "token": "1166b3eaf12b4ad1a582249964cb1f2e", "scene": "scene-0306"}, {"images": ["samples/CAM_FRONT_LEFT/n008-2018-08-31-11-19-57-0400__CAM_FRONT_LEFT__1535729553904799.jpg", "samples/CAM_FRONT/n008-2018-08-31-11-19-57-0400__CAM_FRONT__1535729553912404.jpg", "samples/CAM_FRONT_RIGHT/n008-2018-08-31-11-19-57-0400__CAM_FRONT_RIGHT__1535729553920482.jpg", "samples/CAM_BACK_LEFT/n008-2018-08-31-11-19-57-0400__CAM_BACK_LEFT__1535729553947405.jpg", "samples/CAM_BACK/n008-2018-08-31-11-19-57-0400__CAM_BACK__1535729553937558.jpg", "samples/CAM_BACK_RIGHT/n008-2018-08-31-11-19-57-0400__CAM_BACK_RIGHT__1535729553928113.jpg"], "intrinsics": [[[1257.8625342125129, 0.0, 827.2410631095686], [0.0, 1257.8625342125129, 450.915498205774], [0.0, 0.0, 1.0]], [[1252.8131021185304, 0.0, 826.588114781398], [0.0, 1252.8131021185304, 469.9846626224581], [0.0, 0.0, 1.0]], [[1256.7485116440405, 0.0, 817.7887570959712], [0.0, 1256.7485116440403, 451.9541780095127], [0.0, 0.0, 1.0]], [[1254.9860565800168, 0.0, 829.5769333630991], [0.0, 1254.9860565800168, 467.1680561863987], [0.0, 0.0, 1.0]], [[796.8910634503094, 0.0, 857.7774326863696], [0.0, 796.8910634503094, 476.8848988407415], [0.0, 0.0, 1.0]], [[1249.9629280788233, 0.0, 825.3768045375984], [0.0, 1249.9629280788233, 462.54816385708756], [0.0, 0.0, 1.0]]], "extrinsics": [[[0.8227816820144653, -0.5681824684143066, -0.014108377508819103, -0.8099365234375], [0.0025318830739706755, 0.028486965224146843, -0.9995909333229065, 1.4888229370117188], [0.5683519244194031, 0.822409451007843, 0.024877121672034264, -1.2015380859375], [0.0, 0.0, 0.0, 1.0]], [[0.010604094713926315, -0.9996479749679565, -0.024320315569639206, 0.0091552734375], [0.004451800137758255, 0.024368640035390854, -0.9996931552886963, 1.4809761047363281], [0.9999338388442993, 0.010492534376680851, 0.00470863888040185, -1.54217529296875], [0.0, 0.0, 0.0, 1.0]], [[-0.8438602685928345, -0.5362297892570496, -0.01890438422560692, 0.967041015625], [0.012437584809958935, 0.015674276277422905, -0.9997997879981995, 1.4948883056640625], [0.5364187359809875, -0.8439264893531799, -0.006557496730238199, -1.197509765625], [0.0, 0.0, 0.0, 1.0]], [[0.9478754997253418, 0.3186313211917877, -0.0024887181352823973, -1.1484375], [-0.01296974252909422, 0.03077654354274273, -0.9994421005249023, 1.562103271484375], [-0.31837698817253113, 0.9473789930343628, 0.03330489993095398, -0.1544189453125], [0.0, 0.0, 0.0, 1.0]], [[0.009159269742667675, 0.9996902346611023, 0.023140929639339447, -0.0286865234375], [-0.010812439024448395, 0.023239558562636375, -0.999671459197998, 1.5675010681152344], [-0.9998995661735535, 0.008906031958758831, 0.011021947488188744, -0.00653076171875], [0.0, 0.0, 0.0, 1.0]], [[-0.9238303899765015, 0.3827497065067291, 0.006322264671325684, 1.0641632080078125], [-0.0066016665659844875, 0.0005834228359162807, -0.9999780654907227, 1.5471222400665283], [-0.3827449381351471, -0.9238519072532654, 0.001987801631912589, -0.0828857421875], [0.0, 0.0, 0.0, 1.0]]], "view": [[0.0, -2.0, 100.0], [-2.0, 0.0, 100.0], [0.0, 0.0, 1.0]], "bev": "bev_508f9df7e9fa41c29d9c134b1023c901.png", "aux": "aux_508f9df7e9fa41c29d9c134b1023c901.npz", "visibility": "visibility_508f9df7e9fa41c29d9c134b1023c901.png", "pose": [[0.8869285583496094, 0.46190664172172546, 0.0, 1391.810302734375], [-0.46190664172172546, 0.8869285583496094, 0.0, 1265.6522216796875], [0.0, 0.0, 1.0, 0.0], [0.0, 0.0, 0.0, 1.0]], "pose_inverse": [[0.8869285583496094, -0.46190664172172546, 0.0, -649.8231201171875], [0.46190664172172546, 0.8869285583496094, 0.0, -1765.4295654296875], [0.0, 0.0, 1.0, 0.0], [0.0, 0.0, 0.0, 1.0]], "cam_ids": [0, 1, 2, 3, 4, 5], "cam_channels": ["CAM_FRONT_LEFT", "CAM_FRONT", "CAM_FRONT_RIGHT", "CAM_BACK_LEFT", "CAM_BACK", "CAM_BACK_RIGHT"], "token": "508f9df7e9fa41c29d9c134b1023c901", "scene": "scene-0306"}, {"images": ["samples/CAM_FRONT_LEFT/n008-2018-08-31-11-19-57-0400__CAM_FRONT_LEFT__1535729554404799.jpg", "samples/CAM_FRONT/n008-2018-08-31-11-19-57-0400__CAM_FRONT__1535729554412404.jpg", "samples/CAM_FRONT_RIGHT/n008-2018-08-31-11-19-57-0400__CAM_FRONT_RIGHT__1535729554420482.jpg", "samples/CAM_BACK_LEFT/n008-2018-08-31-11-19-57-0400__CAM_BACK_LEFT__1535729554447405.jpg", "samples/CAM_BACK/n008-2018-08-31-11-19-57-0400__CAM_BACK__1535729554437558.jpg", "samples/CAM_BACK_RIGHT/n008-2018-08-31-11-19-57-0400__CAM_BACK_RIGHT__1535729554428113.jpg"], "intrinsics": [[[1257.8625342125129, 0.0, 827.2410631095686], [0.0, 1257.8625342125129, 450.915498205774], [0.0, 0.0, 1.0]], [[1252.8131021185304, 0.0, 826.588114781398], [0.0, 1252.8131021185304, 469.9846626224581], [0.0, 0.0, 1.0]], [[1256.7485116440405, 0.0, 817.7887570959712], [0.0, 1256.7485116440403, 451.9541780095127], [0.0, 0.0, 1.0]], [[1254.9860565800168, 0.0, 829.5769333630991], [0.0, 1254.9860565800168, 467.1680561863987], [0.0, 0.0, 1.0]], [[796.8910634503094, 0.0, 857.7774326863696], [0.0, 796.8910634503094, 476.8848988407415], [0.0, 0.0, 1.0]], [[1249.9629280788233, 0.0, 825.3768045375984], [0.0, 1249.9629280788233, 462.54816385708756], [0.0, 0.0, 1.0]]], "extrinsics": [[[0.8228744864463806, -0.5681599974632263, -0.008471735753118992, -0.804901123046875], [0.007081521674990654, 0.02516200579702854, -0.9996582865715027, 1.4899520874023438], [0.5681790113449097, 0.822533369064331, 0.02472860738635063, -1.197998046875], [0.0, 0.0, 0.0, 1.0]], [[0.010737906210124493, -0.9997249841690063, -0.02084900066256523, 0.0093994140625], [0.009174720384180546, 0.020947827026247978, -0.9997385144233704, 1.4819374084472656], [0.9999001622200012, 0.010543822310864925, 0.009397133253514767, -1.5372314453125], [0.0, 0.0, 0.0, 1.0]], [[-0.8437751531600952, -0.5362796783447266, -0.021155672147870064, 0.9642333984375], [0.01734399050474167, 0.012151307426393032, -0.999775767326355, 1.49566650390625], [0.5364165306091309, -0.8439528346061707, -0.0009517425787635148, -1.195556640625], [0.0, 0.0, 0.0, 1.0]], [[0.9478020668029785, 0.31885647773742676, 0.0013313142117112875, -1.15234375], [-0.007792931981384754, 0.02733810618519783, -0.9995958805084229, 1.5620918273925781], [-0.3187640309333801, 0.9474086165428162, 0.028395941480994225, -0.154052734375], [0.0, 0.0, 0.0, 1.0]], [[0.00893994327634573, 0.9997664093971252, 0.019679047167301178, -0.0291748046875], [-0.0057506985031068325, 0.019730910658836365, -0.999788761138916, 1.5677566528320312], [-0.9999434947967529, 0.008824942633509636, 0.005925748962908983, -0.00555419921875], [0.0, 0.0, 0.0, 1.0]], [[-0.9238407611846924, 0.3827769160270691, 0.00046255163033492863, 1.0623245239257812], [-0.0017413269961252809, -0.0029943299014121294, -0.9999939799308777, 1.5476322174072266], [-0.3827732503414154, -0.9238359928131104, 0.0034328235778957605, -0.0833740234375], [0.0, 0.0, 0.0, 1.0]]], "view": [[0.0, -2.0, 100.0], [-2.0, 0.0, 100.0], [0.0, 0.0, 1.0]], "bev": "bev_cb3043ba0fb545afaa16d5bc9def7988.png", "aux": "aux_cb3043ba0fb545afaa16d5bc9def7988.npz", "visibility": "visibility_cb3043ba0fb545afaa16d5bc9def7988.png", "pose": [[0.8839556574821472, 0.4675707519054413, 0.0, 1394.3463134765625], [-0.4675707519054413, 0.8839556574821472, 0.0, 1264.2928466796875], [0.0, 0.0, 1.0, 0.0], [0.0, 0.0, 0.0, 1.0]], "pose_inverse": [[0.8839556574821472, -0.4675707519054413, 0.0, -641.3939208984375], [0.4675707519054413, 0.8839556574821472, 0.0, -1769.5343017578125], [0.0, 0.0, 1.0, 0.0], [0.0, 0.0, 0.0, 1.0]], "cam_ids": [0, 1, 2, 3, 4, 5], "cam_channels": ["CAM_FRONT_LEFT", "CAM_FRONT", "CAM_FRONT_RIGHT", "CAM_BACK_LEFT", "CAM_BACK", "CAM_BACK_RIGHT"], "token": "cb3043ba0fb545afaa16d5bc9def7988", "scene": "scene-0306"}, {"images": ["samples/CAM_FRONT_LEFT/n008-2018-08-31-11-19-57-0400__CAM_FRONT_LEFT__1535729554904799.jpg", "samples/CAM_FRONT/n008-2018-08-31-11-19-57-0400__CAM_FRONT__1535729554912404.jpg", "samples/CAM_FRONT_RIGHT/n008-2018-08-31-11-19-57-0400__CAM_FRONT_RIGHT__1535729554920482.jpg", "samples/CAM_BACK_LEFT/n008-2018-08-31-11-19-57-0400__CAM_BACK_LEFT__1535729554947405.jpg", "samples/CAM_BACK/n008-2018-08-31-11-19-57-0400__CAM_BACK__1535729554937558.jpg", "samples/CAM_BACK_RIGHT/n008-2018-08-31-11-19-57-0400__CAM_BACK_RIGHT__1535729554928113.jpg"], "intrinsics": [[[1257.8625342125129, 0.0, 827.2410631095686], [0.0, 1257.8625342125129, 450.915498205774], [0.0, 0.0, 1.0]], [[1252.8131021185304, 0.0, 826.588114781398], [0.0, 1252.8131021185304, 469.9846626224581], [0.0, 0.0, 1.0]], [[1256.7485116440405, 0.0, 817.7887570959712], [0.0, 1256.7485116440403, 451.9541780095127], [0.0, 0.0, 1.0]], [[1254.9860565800168, 0.0, 829.5769333630991], [0.0, 1254.9860565800168, 467.1680561863987], [0.0, 0.0, 1.0]], [[796.8910634503094, 0.0, 857.7774326863696], [0.0, 796.8910634503094, 476.8848988407415], [0.0, 0.0, 1.0]], [[1249.9629280788233, 0.0, 825.3768045375984], [0.0, 1249.9629280788233, 462.54816385708756], [0.0, 0.0, 1.0]]], "extrinsics": [[[0.8226599097251892, -0.5684515237808228, -0.009676452726125717, -0.7916259765625], [0.0043006353080272675, 0.02324158325791359, -0.9997206330299377, 1.4893760681152344], [0.5685175657272339, 0.8223885893821716, 0.021564621478319168, -1.187255859375], [0.0, 0.0, 0.0, 1.0]], [[0.010431937873363495, -0.9997637867927551, -0.019066819921135902, 0.0086669921875], [0.006259073503315449, 0.019132770597934723, -0.9997974038124084, 1.4814720153808594], [0.9999260306358337, 0.01031048409640789, 0.006457186304032803, -1.5220947265625], [0.0, 0.0, 0.0, 1.0]], [[-0.8439167141914368, -0.5361834764480591, -0.01766035705804825, 0.9532470703125], [0.014285369776189327, 0.010447786189615726, -0.9998433589935303, 1.4953994750976562], [0.5362840294837952, -0.8440368175506592, -0.0011574828531593084, -1.189208984375], [0.0, 0.0, 0.0, 1.0]], [[0.9478750824928284, 0.31863272190093994, -0.002482652198523283, -1.1473388671875], [-0.011246674694120884, 0.0256683137267828, -0.999607264995575, 1.5620803833007812], [-0.3184438645839691, 0.9475306868553162, 0.027913911268115044, -0.1549072265625], [0.0, 0.0, 0.0, 1.0]], [[0.009176242165267467, 0.9997947812080383, 0.018062125891447067, -0.02880859375], [-0.009058105759322643, 0.018145255744457245, -0.9997943043708801, 1.5675315856933594], [-0.9999169707298279, 0.009010722860693932, 0.00922275148332119, -0.0135498046875], [0.0, 0.0, 0.0, 1.0]], [[-0.923792839050293, 0.38288334012031555, 0.002660894300788641, 1.052703857421875], [-0.0047867922112345695, -0.004599754698574543, -0.9999780058860779, 1.5472602844238281], [-0.3828626573085785, -0.9237852096557617, 0.006082004401832819, -0.08740234375], [0.0, 0.0, 0.0, 1.0]]], "view": [[0.0, -2.0, 100.0], [-2.0, 0.0, 100.0], [0.0, 0.0, 1.0]], "bev": "bev_d408c7de69ab443b83a8490456263d4b.png", "aux": "aux_d408c7de69ab443b83a8490456263d4b.npz", "visibility": "visibility_d408c7de69ab443b83a8490456263d4b.png", "pose": [[0.8819756507873535, 0.471295028924942, 0.0, 1397.0009765625], [-0.471295028924942, 0.8819756507873535, 0.0, 1262.86181640625], [0.0, 0.0, 1.0, 0.0], [0.0, 0.0, 0.0, 1.0]], "pose_inverse": [[0.8819756507873535, -0.471295028924942, 0.0, -636.9403076171875], [0.471295028924942, 0.8819756507873535, 0.0, -1772.212890625], [0.0, 0.0, 1.0, 0.0], [0.0, 0.0, 0.0, 1.0]], "cam_ids": [0, 1, 2, 3, 4, 5], "cam_channels": ["CAM_FRONT_LEFT", "CAM_FRONT", "CAM_FRONT_RIGHT", "CAM_BACK_LEFT", "CAM_BACK", "CAM_BACK_RIGHT"], "token": "d408c7de69ab443b83a8490456263d4b", "scene": "scene-0306"}, {"images": ["samples/CAM_FRONT_LEFT/n008-2018-08-31-11-19-57-0400__CAM_FRONT_LEFT__1535729555404799.jpg", "samples/CAM_FRONT/n008-2018-08-31-11-19-57-0400__CAM_FRONT__1535729555412404.jpg", "samples/CAM_FRONT_RIGHT/n008-2018-08-31-11-19-57-0400__CAM_FRONT_RIGHT__1535729555420482.jpg", "samples/CAM_BACK_LEFT/n008-2018-08-31-11-19-57-0400__CAM_BACK_LEFT__1535729555447405.jpg", "samples/CAM_BACK/n008-2018-08-31-11-19-57-0400__CAM_BACK__1535729555437558.jpg", "samples/CAM_BACK_RIGHT/n008-2018-08-31-11-19-57-0400__CAM_BACK_RIGHT__1535729555428113.jpg"], "intrinsics": [[[1257.8625342125129, 0.0, 827.2410631095686], [0.0, 1257.8625342125129, 450.915498205774], [0.0, 0.0, 1.0]], [[1252.8131021185304, 0.0, 826.588114781398], [0.0, 1252.8131021185304, 469.9846626224581], [0.0, 0.0, 1.0]], [[1256.7485116440405, 0.0, 817.7887570959712], [0.0, 1256.7485116440403, 451.9541780095127], [0.0, 0.0, 1.0]], [[1254.9860565800168, 0.0, 829.5769333630991], [0.0, 1254.9860565800168, 467.1680561863987], [0.0, 0.0, 1.0]], [[796.8910634503094, 0.0, 857.7774326863696], [0.0, 796.8910634503094, 476.8848988407415], [0.0, 0.0, 1.0]], [[1249.9629280788233, 0.0, 825.3768045375984], [0.0, 1249.9629280788233, 462.54816385708756], [0.0, 0.0, 1.0]]], "extrinsics": [[[0.822620153427124, -0.5685901641845703, 0.0011847629211843014, -0.787872314453125], [0.013202587142586708, 0.017017927020788193, -0.9997679591178894, 1.491729736328125], [0.5684381127357483, 0.8224449753761292, 0.02150614932179451, -1.185546875], [0.0, 0.0, 0.0, 1.0]], [[0.010440012440085411, -0.9998665452003479, -0.012566998600959778, 0.0091552734375], [0.015325137414038181, 0.012726198881864548, -0.9998015761375427, 1.4834461212158203], [0.999828040599823, 0.010245345532894135, 0.01545595284551382, -1.5196533203125], [0.0, 0.0, 0.0, 1.0]], [[-0.8438064455986023, -0.5361997485160828, -0.0219188891351223, 0.952392578125], [0.023524489253759384, 0.003846599720418453, -0.9997158050537109, 1.4969367980957031], [0.536131739616394, -0.8440823554992676, 0.009368039667606354, -1.1884765625], [0.0, 0.0, 0.0, 1.0]], [[0.9479564428329468, 0.31836819648742676, 0.0044980901293456554, -1.1524658203125], [-0.0015580049948766828, 0.018765106797218323, -0.9998226761817932, 1.5620670318603516], [-0.3183961808681488, 0.9477813839912415, 0.018284523859620094, -0.152587890625], [0.0, 0.0, 0.0, 1.0]], [[0.00926173198968172, 0.9998939037322998, 0.011241716332733631, -0.0283203125], [0.00013622127880807966, 0.011240935884416103, -0.9999367594718933, 1.56806755065917