[{"images": ["samples/CAM_FRONT_LEFT/n015-2018-09-26-11-17-24+0800__CAM_FRONT_LEFT__1537932299354844.jpg", "samples/CAM_FRONT/n015-2018-09-26-11-17-24+0800__CAM_FRONT__1537932299362460.jpg", "samples/CAM_FRONT_RIGHT/n015-2018-09-26-11-17-24+0800__CAM_FRONT_RIGHT__1537932299370339.jpg", "samples/CAM_BACK_LEFT/n015-2018-09-26-11-17-24+0800__CAM_BACK_LEFT__1537932299397423.jpg", "samples/CAM_BACK/n015-2018-09-26-11-17-24+0800__CAM_BACK__1537932299387525.jpg", "samples/CAM_BACK_RIGHT/n015-2018-09-26-11-17-24+0800__CAM_BACK_RIGHT__1537932299377893.jpg"], "intrinsics": [[[1272.5979470598488, 0.0, 826.6154927353808], [0.0, 1272.5979470598488, 479.75165386361925], [0.0, 0.0, 1.0]], [[1266.417203046554, 0.0, 816.2670197447984], [0.0, 1266.417203046554, 491.50706579294757], [0.0, 0.0, 1.0]], [[1260.8474446004698, 0.0, 807.968244525554], [0.0, 1260.8474446004698, 495.3344268742088], [0.0, 0.0, 1.0]], [[1256.7414812095406, 0.0, 792.1125740759628], [0.0, 1256.7414812095406, 492.7757465151356], [0.0, 0.0, 1.0]], [[809.2209905677063, 0.0, 829.2196003259838], [0.0, 809.2209905677063, 481.77842384512485], [0.0, 0.0, 1.0]], [[1259.5137405846733, 0.0, 807.2529053838625], [0.0, 1259.5137405846733, 501.19579884916527], [0.0, 0.0, 1.0]]], "extrinsics": [[[0.8211805820465088, -0.5706347823143005, -0.006199341267347336, -0.813720703125], [-0.023305397480726242, -0.02267978899180889, -0.9994710683822632, 1.5040054321289062], [0.5701923370361328, 0.8208906650543213, -0.031923070549964905, -1.17669677734375], [0.0, 0.0, 0.0, 1.0]], [[0.006790098734200001, -0.999620795249939, 0.02668396756052971, 0.00713348388671875], [-0.028503380715847015, -0.0268672164529562, -0.9992325901985168, 1.5162811279296875], [0.9995704889297485, 0.006024281959980726, -0.028675004839897156, -1.5419921875], [0.0, 0.0, 0.0, 1.0]], [[-0.832383394241333, -0.5536625385284424, 0.024406438693404198, 0.9365234375], [-0.022771909832954407, -0.009832656010985374, -0.9996922612190247, 1.5010147094726562], [0.55373215675354, -0.8326830267906189, -0.004423413425683975, -1.18389892578125], [0.0, 0.0, 0.0, 1.0]], [[0.9474713206291199, 0.3187742829322815, -0.02609383314847946, -1.1435546875], [-0.013758907094597816, -0.04088588058948517, -0.9990690350532532, 1.5885753631591797], [-0.31954440474510193, 0.9469483494758606, -0.034352220594882965, -0.10333251953125], [0.0, 0.0, 0.0, 1.0]], [[0.001664005103521049, 0.9995273351669312, -0.030698029324412346, 0.002559661865234375], [-0.039269495755434036, -0.030609076842665672, -0.9987597465515137, 1.5777816772460938], [-0.9992272853851318, 0.002867444884032011, 0.03920000046491623, -0.038818359375], [0.0, 0.0, 0.0, 1.0]], [[-0.9350773692131042, 0.3544420897960663, 0.0010076288599520922, 1.05859375], [-0.006772798951715231, -0.015025302767753601, -0.9998642206192017, 1.5508995056152344], [-0.3543788194656372, -0.9349572062492371, 0.016450386494398117, -0.0924072265625], [0.0, 0.0, 0.0, 1.0]]], "view": [[0.0, -2.0, 100.0], [-2.0, 0.0, 100.0], [0.0, 0.0, 1.0]], "bev": "bev_468fabe2c0b845e5ad68178ee09c53e9.png", "aux": "aux_468fabe2c0b845e5ad68178ee09c53e9.npz", "visibility": "visibility_468fabe2c0b845e5ad68178ee09c53e9.png", "pose": [[-0.4945535659790039, 0.8691471219062805, 0.0, 881.583740234375], [-0.8691471219062805, -0.4945535659790039, 0.0, 1463.357666015625], [0.0, 0.0, 1.0, 0.0], [0.0, 0.0, 0.0, 1.0]], "pose_inverse": [[-0.4945535659790039, -0.8691471219062805, 0.0, 1707.863525390625], [0.8691471219062805, -0.4945535659790039, 0.0, -42.51721954345703], [0.0, 0.0, 1.0, 0.0], [0.0, 0.0, 0.0, 1.0]], "cam_ids": [0, 1, 2, 3, 4, 5], "cam_channels": ["CAM_FRONT_LEFT", "CAM_FRONT", "CAM_FRONT_RIGHT", "CAM_BACK_LEFT", "CAM_BACK", "CAM_BACK_RIGHT"], "token": "468fabe2c0b845e5ad68178ee09c53e9", "scene": "scene-0960"}, {"images": ["samples/CAM_FRONT_LEFT/n015-2018-09-26-11-17-24+0800__CAM_FRONT_LEFT__1537932299904844.jpg", "samples/CAM_FRONT/n015-2018-09-26-11-17-24+0800__CAM_FRONT__1537932299912460.jpg", "samples/CAM_FRONT_RIGHT/n015-2018-09-26-11-17-24+0800__CAM_FRONT_RIGHT__1537932299920339.jpg", "samples/CAM_BACK_LEFT/n015-2018-09-26-11-17-24+0800__CAM_BACK_LEFT__1537932299947423.jpg", "samples/CAM_BACK/n015-2018-09-26-11-17-24+0800__CAM_BACK__1537932299937525.jpg", "samples/CAM_BACK_RIGHT/n015-2018-09-26-11-17-24+0800__CAM_BACK_RIGHT__1537932299927893.jpg"], "intrinsics": [[[1272.5979470598488, 0.0, 826.6154927353808], [0.0, 1272.5979470598488, 479.75165386361925], [0.0, 0.0, 1.0]], [[1266.417203046554, 0.0, 816.2670197447984], [0.0, 1266.417203046554, 491.50706579294757], [0.0, 0.0, 1.0]], [[1260.8474446004698, 0.0, 807.968244525554], [0.0, 1260.8474446004698, 495.3344268742088], [0.0, 0.0, 1.0]], [[1256.7414812095406, 0.0, 792.1125740759628], [0.0, 1256.7414812095406, 492.7757465151356], [0.0, 0.0, 1.0]], [[809.2209905677063, 0.0, 829.2196003259838], [0.0, 809.2209905677063, 481.77842384512485], [0.0, 0.0, 1.0]], [[1259.5137405846733, 0.0, 807.2529053838625], [0.0, 1259.5137405846733, 501.19579884916527], [0.0, 0.0, 1.0]]], "extrinsics": [[[0.8214490413665771, -0.5701609253883362, -0.011744922026991844, -0.80517578125], [-0.030013294890522957, -0.02265637181699276, -0.9992926716804504, 1.5024337768554688], [0.5694915056228638, 0.8212205767631531, -0.03572346270084381, -1.17010498046875], [0.0, 0.0, 0.0, 1.0]], [[0.00735242897644639, -0.9996194839477539, 0.026586685329675674, 0.0067119598388671875], [-0.03534717112779617, -0.02683059498667717, -0.9990149140357971, 1.514923095703125], [0.9993480443954468, 0.006405456457287073, -0.03553099185228348, -1.5333251953125], [0.0, 0.0, 0.0, 1.0]], [[-0.8320814967155457, -0.5538309216499329, 0.030194934457540512, 0.9302978515625], [-0.029793081805109978, -0.009731904603540897, -0.9995086789131165, 1.4999847412109375], [0.5538526177406311, -0.8325722217559814, -0.00840259063988924, -1.180419921875], [0.0, 0.0, 0.0, 1.0]], [[0.9472783803939819, 0.31870266795158386, -0.03304698318243027, -1.143798828125], [-0.021346954628825188, -0.04013555869460106, -0.9989661574363708, 1.5885963439941406], [-0.31969955563545227, 0.947004497051239, -0.031216219067573547, -0.1031494140625], [0.0, 0.0, 0.0, 1.0]], [[0.0015199155313894153, 0.9995407462120056, -0.03026428632438183, 0.0029840469360351562], [-0.046643637120723724, -0.030160516500473022, -0.9984561204910278, 1.5773239135742188], [-0.9989104270935059, 0.0029292134568095207, 0.0465763695538044, -0.0418701171875], [0.0, 0.0, 0.0, 1.0]], [[-0.9350609183311462, 0.35440143942832947, 0.00779526773840189, 1.053955078125], [-0.013952101580798626, -0.01482052356004715, -0.9997928142547607, 1.5502166748046875], [-0.3542124927043915, -0.9349759817123413, 0.018802739679813385, -0.09478759765625], [0.0, 0.0, 0.0, 1.0]]], "view": [[0.0, -2.0, 100.0], [-2.0, 0.0, 100.0], [0.0, 0.0, 1.0]], "bev": "bev_116440c9f0774c1b84942dc00f486537.png", "aux": "aux_116440c9f0774c1b84942dc00f486537.npz", "visibility": "visibility_116440c9f0774c1b84942dc00f486537.png", "pose": [[-0.5085644721984863, 0.8610239028930664, 0.0, 880.3663330078125], [-0.8610239028930664, -0.5085644721984863, 0.0, 1461.2799072265625], [0.0, 0.0, 1.0, 0.0], [0.0, 0.0, 0.0, 1.0]], "pose_inverse": [[-0.5085644721984863, -0.8610239028930664, 0.0, 1705.919921875], [0.8610239028930664, -0.5085644721984863, 0.0, -14.861393928527832], [0.0, 0.0, 1.0, 0.0], [0.0, 0.0, 0.0, 1.0]], "cam_ids": [0, 1, 2, 3, 4, 5], "cam_channels": ["CAM_FRONT_LEFT", "CAM_FRONT", "CAM_FRONT_RIGHT", "CAM_BACK_LEFT", "CAM_BACK", "CAM_BACK_RIGHT"], "token": "116440c9f0774c1b84942dc00f486537", "scene": "scene-0960"}, {"images": ["samples/CAM_FRONT_LEFT/n015-2018-09-26-11-17-24+0800__CAM_FRONT_LEFT__1537932300404844.jpg", "samples/CAM_FRONT/n015-2018-09-26-11-17-24+0800__CAM_FRONT__1537932300412460.jpg", "samples/CAM_FRONT_RIGHT/n015-2018-09-26-11-17-24+0800__CAM_FRONT_RIGHT__1537932300420339.jpg", "samples/CAM_BACK_LEFT/n015-2018-09-26-11-17-24+0800__CAM_BACK_LEFT__1537932300447423.jpg", "samples/CAM_BACK/n015-2018-09-26-11-17-24+0800__CAM_BACK__1537932300437525.jpg", "samples/CAM_BACK_RIGHT/n015-2018-09-26-11-17-24+0800__CAM_BACK_RIGHT__1537932300427893.jpg"], "intrinsics": [[[1272.5979470598488, 0.0, 826.6154927353808], [0.0, 1272.5979470598488, 479.75165386361925], [0.0, 0.0, 1.0]], [[1266.417203046554, 0.0, 816.2670197447984], [0.0, 1266.417203046554, 491.50706579294757], [0.0, 0.0, 1.0]], [[1260.8474446004698, 0.0, 807.968244525554], [0.0, 1260.8474446004698, 495.3344268742088], [0.0, 0.0, 1.0]], [[1256.7414812095406, 0.0, 792.1125740759628], [0.0, 1256.7414812095406, 492.7757465151356], [0.0, 0.0, 1.0]], [[809.2209905677063, 0.0, 829.2196003259838], [0.0, 809.2209905677063, 481.77842384512485], [0.0, 0.0, 1.0]], [[1259.5137405846733, 0.0, 807.2529053838625], [0.0, 1259.5137405846733, 501.19579884916527], [0.0, 0.0, 1.0]]], "extrinsics": [[[0.8214223384857178, -0.5702118873596191, -0.011124576441943645, -0.8157958984375], [-0.03218448907136917, -0.026871176436543465, -0.9991206526756287, 1.5024185180664062], [0.5694115161895752, 0.8210580348968506, -0.040424562990665436, -1.17718505859375], [0.0, 0.0, 0.0, 1.0]], [[0.007501253858208656, -0.9995021820068359, 0.03064499795436859, 0.006443023681640625], [-0.037443991750478745, -0.030905121937394142, -0.9988207221031189, 1.5149879455566406], [0.999270498752594, 0.006344896741211414, -0.037657178938388824, -1.543701171875], [0.0, 0.0, 0.0, 1.0]], [[-0.8319274187088013, -0.5538381934165955, 0.034057773649692535, 0.937255859375], [-0.031817980110645294, -0.013663014397025108, -0.99940025806427, 1.5000038146972656], [0.5539714097976685, -0.8325121402740479, -0.0062553733587265015, -1.18505859375], [0.0, 0.0, 0.0, 1.0]], [[0.9472289681434631, 0.31856855750083923, -0.0356580875813961, -1.144287109375], [-0.02283298783004284, -0.04390369728207588, -0.9987748265266418, 1.5885963439941406], [-0.31974372267723083, 0.9468825459480286, -0.034312982112169266, -0.10296630859375], [0.0, 0.0, 0.0, 1.0]], [[0.0013019014149904251, 0.9994199275970459, -0.034032780677080154, 0.0027008056640625], [-0.048382483422756195, -0.03393000364303589, -0.9982524514198303, 1.5774078369140625], [-0.9988280534744263, 0.002946198219433427, 0.04831024259328842, -0.0384521484375], [0.0, 0.0, 0.0, 1.0]], [[-0.9351268410682678, 0.3542167842388153, 0.008262258023023605, 1.0594482421875], [-0.015893157571554184, -0.01863926090300083, -0.9996999502182007, 1.5501537322998047], [-0.35395655035972595, -0.9349775910377502, 0.023059697821736336, -0.09246826171875], [0.0, 0.0, 0.0, 1.0]]], "view": [[0.0, -2.0, 100.0], [-2.0, 0.0, 100.0], [0.0, 0.0, 1.0]], "bev": "bev_26c677d6debb4d4aaa550a9a7344dc32.png", "aux": "aux_26c677d6debb4d4aaa550a9a7344dc32.npz", "visibility": "visibility_26c677d6debb4d4aaa550a9a7344dc32.png", "pose": [[-0.5230834484100342, 0.8522815108299255, 0.0, 879.2125854492188], [-0.8522815108299255, -0.5230834484100342, 0.0, 1459.3729248046875], [0.0, 0.0, 1.0, 0.0], [0.0, 0.0, 0.0, 1.0]], "pose_inverse": [[-0.5230834484100342, -0.8522815108299255, 0.0, 1703.697998046875], [0.8522815108299255, -0.5230834484100342, 0.0, 14.0371675491333], [0.0, 0.0, 1.0, 0.0], [0.0, 0.0, 0.0, 1.0]], "cam_ids": [0, 1, 2, 3, 4, 5], "cam_channels": ["CAM_FRONT_LEFT", "CAM_FRONT", "CAM_FRONT_RIGHT", "CAM_BACK_LEFT", "CAM_BACK", "CAM_BACK_RIGHT"], "token": "26c677d6debb4d4aaa550a9a7344dc32", "scene": "scene-0960"}, {"images": ["samples/CAM_FRONT_LEFT/n015-2018-09-26-11-17-24+0800__CAM_FRONT_LEFT__1537932300904852.jpg", "samples/CAM_FRONT/n015-2018-09-26-11-17-24+0800__CAM_FRONT__1537932300912460.jpg", "samples/CAM_FRONT_RIGHT/n015-2018-09-26-11-17-24+0800__CAM_FRONT_RIGHT__1537932300920339.jpg", "samples/CAM_BACK_LEFT/n015-2018-09-26-11-17-24+0800__CAM_BACK_LEFT__1537932300947423.jpg", "samples/CAM_BACK/n015-2018-09-26-11-17-24+0800__CAM_BACK__1537932300937525.jpg", "samples/CAM_BACK_RIGHT/n015-2018-09-26-11-17-24+0800__CAM_BACK_RIGHT__1537932300927893.jpg"], "intrinsics": [[[1272.5979470598488, 0.0, 826.6154927353808], [0.0, 1272.5979470598488, 479.75165386361925], [0.0, 0.0, 1.0]], [[1266.417203046554, 0.0, 816.2670197447984], [0.0, 1266.417203046554, 491.50706579294757], [0.0, 0.0, 1.0]], [[1260.8474446004698, 0.0, 807.968244525554], [0.0, 1260.8474446004698, 495.3344268742088], [0.0, 0.0, 1.0]], [[1256.7414812095406, 0.0, 792.1125740759628], [0.0, 1256.7414812095406, 492.7757465151356], [0.0, 0.0, 1.0]], [[809.2209905677063, 0.0, 829.2196003259838], [0.0, 809.2209905677063, 481.77842384512485], [0.0, 0.0, 1.0]], [[1259.5137405846733, 0.0, 807.2529053838625], [0.0, 1259.5137405846733, 501.19579884916527], [0.0, 0.0, 1.0]]], "extrinsics": [[[0.8216147422790527, -0.5699557662010193, -0.009978702291846275, -0.814453125], [-0.03080728091299534, -0.026916779577732086, -0.9991628527641296, 1.5025901794433594], [0.5692099332809448, 0.821234405040741, -0.03967401385307312, -1.175537109375], [0.0, 0.0, 0.0, 1.0]], [[0.007714334409683943, -0.9994940161705017, 0.030855583027005196, 0.005916595458984375], [-0.03590709716081619, -0.031113477423787117, -0.9988706707954407, 1.5151252746582031], [0.9993252754211426, 0.006597667466849089, -0.036128949373960495, -1.5419921875], [0.0, 0.0, 0.0, 1.0]], [[-0.831876277923584, -0.553987979888916, 0.03285008668899536, 0.935546875], [-0.0301193930208683, -0.014037007465958595, -0.9994477033615112, 1.5001335144042969], [0.5541431307792664, -0.832406222820282, -0.005008728709071875, -1.184326171875], [0.0, 0.0, 0.0, 1.0]], [[0.9472469687461853, 0.31868770718574524, -0.0340767577290535, -1.142578125], [-0.020805880427360535, -0.04495502635836601, -0.9987723231315613, 1.58856201171875], [-0.3198283612728119, 0.9467931389808655, -0.035952936857938766, -0.103546142578125], [0.0, 0.0, 0.0, 1.0]], [[0.0012463389430195093, 0.9993926882743835, -0.03482472524046898, 0.00281524658203125], [-0.046442415565252304, -0.03472932428121567, -0.9983171224594116, 1.577392578125], [-0.998920202255249, 0.002861565910279751, 0.04637092724442482, -0.040283203125], [0.0, 0.0, 0.0, 1.0]], [[-0.935187041759491, 0.35409703850746155, 0.006362271495163441, 1.05810546875], [-0.01406148448586464, -0.01917453482747078, -0.9997172951698303, 1.5502700805664062], [-0.35387498140335083, -0.9350121021270752, 0.02291090600192547, -0.09332275390625], [0.0, 0.0, 0.0, 1.0]]], "view": [[0.0, -2.0, 100.0], [-2.0, 0.0, 100.0], [0.0, 0.0, 1.0]], "bev": "bev_3d8ac04627b64413b64a27e166d5dec8.png", "aux": "aux_3d8ac04627b64413b64a27e166d5dec8.npz", "visibility": "visibility_3d8ac04627b64413b64a27e166d5dec8.png", "pose": [[-0.5401116013526917, 0.8415933847427368, 0.0, 878.0516357421875], [-0.8415933847427368, -0.5401116013526917, 0.0, 1457.549072265625], [0.0, 0.0, 1.0, 0.0], [0.0, 0.0, 0.0, 1.0]], "pose_inverse": [[-0.5401116013526917, -0.8415933847427368, 0.0, 1700.9095458984375], [0.8415933847427368, -0.5401116013526917, 0.0, 48.27674102783203], [0.0, 0.0, 1.0, 0.0], [0.0, 0.0, 0.0, 1.0]], "cam_ids": [0, 1, 2, 3, 4, 5], "cam_channels": ["CAM_FRONT_LEFT", "CAM_FRONT", "CAM_FRONT_RIGHT", "CAM_BACK_LEFT", "CAM_BACK", "CAM_BACK_RIGHT"], "token": "3d8ac04627b64413b64a27e166d5dec8", "scene": "scene-0960"}, {"images": ["samples/CAM_FRONT_LEFT/n015-2018-09-26-11-17-24+0800__CAM_FRONT_LEFT__1537932301404844.jpg", "samples/CAM_FRONT/n015-2018-09-26-11-17-24+0800__CAM_FRONT__1537932301412460.jpg", "samples/CAM_FRONT_RIGHT/n015-2018-09-26-11-17-24+0800__CAM_FRONT_RIGHT__1537932301420547.jpg", "samples/CAM_BACK_LEFT/n015-2018-09-26-11-17-24+0800__CAM_BACK_LEFT__1537932301447615.jpg", "samples/CAM_BACK/n015-2018-09-26-11-17-24+0800__CAM_BACK__1537932301437525.jpg", "samples/CAM_BACK_RIGHT/n015-2018-09-26-11-17-24+0800__CAM_BACK_RIGHT__1537932301428497.jpg"], "intrinsics": [[[1272.5979470598488, 0.0, 826.6154927353808], [0.0, 1272.5979470598488, 479.75165386361925], [0.0, 0.0, 1.0]], [[1266.417203046554, 0.0, 816.2670197447984], [0.0, 1266.417203046554, 491.50706579294757], [0.0, 0.0, 1.0]], [[1260.8474446004698, 0.0, 807.968244525554], [0.0, 1260.8474446004698, 495.3344268742088], [0.0, 0.0, 1.0]], [[1256.7414812095406, 0.0, 792.1125740759628], [0.0, 1256.7414812095406, 492.7757465151356], [0.0, 0.0, 1.0]], [[809.2209905677063, 0.0, 829.2196003259838], [0.0, 809.2209905677063, 481.77842384512485], [0.0, 0.0, 1.0]], [[1259.5137405846733, 0.0, 807.2529053838625], [0.0, 1259.5137405846733, 501.19579884916527], [0.0, 0.0, 1.0]]], "extrinsics": [[[0.8214048743247986, -0.5702809691429138, -0.008573298342525959, -0.8167724609375], [-0.02731817401945591, -0.024324361234903336, -0.9993308186531067, 1.50335693359375], [0.5696908831596375, 0.8210894465446472, -0.03555918484926224, -1.1785888671875], [0.0, 0.0, 0.0, 1.0]], [[0.007269594352692366, -0.999581515789032, 0.027996866032481194, 0.00689697265625], [-0.03248536214232445, -0.02821889892220497, -0.9990738034248352, 1.5157432556152344], [0.9994457960128784, 0.006353303324431181, -0.03267690911889076, -1.5443115234375], [0.0, 0.0, 0.0, 1.0]], [[-0.832115650177002, -0.553881049156189, 0.028271697461605072, 0.9373779296875], [-0.026754777878522873, -0.010826962068676949, -0.99958336353302, 1.500579833984375], [0.5539563894271851, -0.832525372505188, -0.005809677764773369, -1.1845703125], [0.0, 0.0, 0.0, 1.0]], [[0.947380542755127, 0.3187335133552551, -0.029649648815393448, -1.143798828125], [-0.01762729324400425, -0.04053828492760658, -0.9990224838256836, 1.588582992553711], [-0.3196239173412323, 0.9469770789146423, -0.032786775380373, -0.10302734375], [0.0, 0.0, 0.0, 1.0]], [[0.0014559165574610233, 0.9995226263999939, -0.030861925333738327, 0.00244140625], [-0.04319482669234276, -0.03077029436826706, -0.998592734336853, 1.5775299072265625], [-0.9990655779838562, 0.0027869108598679304, 0.04312940314412117, -0.0408935546875], [0.0, 0.0, 0.0, 1.0]], [[-0.9351497292518616, 0.3542241156101227, 0.004496680572628975, 1.0595703125], [-0.010734796524047852, -0.015647636726498604, -0.9998199343681335, 1.5505809783935547], [-0.35408997535705566, -0.9350296258926392, 0.0184354055672884, -0.09210205078125], [0.0, 0.0, 0.0, 1.0]]], "view": [[0.0, -2.0, 100.0], [-2.0, 0.0, 100.0], [0.0, 0.0, 1.0]], "bev": "bev_743f84d030b349ce84bdf939b77c871f.png", "aux": "aux_743f84d030b349ce84bdf939b77c871f.npz", "visibility": "visibility_743f84d030b349ce84bdf939b77c871f.png", "pose": [[-0.5550715923309326, 0.8318026065826416, 0.0, 876.8859252929688], [-0.8318026065826416, -0.5550715923309326, 0.0, 1455.7818603515625], [0.0, 0.0, 1.0, 0.0], [0.0, 0.0, 0.0, 1.0]], "pose_inverse": [[-0.5550715923309326, -0.8318026065826416, 0.0, 1697.6575927734375], [0.8318026065826416, -0.5550715923309326, 0.0, 78.66718292236328], [0.0, 0.0, 1.0, 0.0], [0.0, 0.0, 0.0, 1.0]], "cam_ids": [0, 1, 2, 3, 4, 5], "cam_channels": ["CAM_FRONT_LEFT", "CAM_FRONT", "CAM_FRONT_RIGHT", "CAM_BACK_LEFT", "CAM_BACK", "CAM_BACK_RIGHT"], "token": "743f84d030b349ce84bdf939b77c871f", "scene": "scene-0960"}, {"images": ["samples/CAM_FRONT_LEFT/n015-2018-09-26-11-17-24+0800__CAM_FRONT_LEFT__1537932301904844.jpg", "samples/CAM_FRONT/n015-2018-09-26-11-17-24+0800__CAM_FRONT__1537932301912570.jpg", "samples/CAM_FRONT_RIGHT/n015-2018-09-26-11-17-24+0800__CAM_FRONT_RIGHT__1537932301920339.jpg", "samples/CAM_BACK_LEFT/n015-2018-09-26-11-17-24+0800__CAM_BACK_LEFT__1537932301947423.jpg", "samples/CAM_BACK/n015-2018-09-26-11-17-24+0800__CAM_BACK__1537932301937525.jpg", "samples/CAM_BACK_RIGHT/n015-2018-09-26-11-17-24+0800__CAM_BACK_RIGHT__1537932301927893.jpg"], "intrinsics": [[[1272.5979470598488, 0.0, 826.6154927353808], [0.0, 1272.5979470598488, 479.75165386361925], [0.0, 0.0, 1.0]], [[1266.417203046554, 0.0, 816.2670197447984], [0.0, 1266.417203046554, 491.50706579294757], [0.0, 0.0, 1.0]], [[1260.8474446004698, 0.0, 807.968244525554], [0.0, 1260.8474446004698, 495.3344268742088], [0.0, 0.0, 1.0]], [[1256.7414812095406, 0.0, 792.1125740759628], [0.0, 1256.7414812095406, 492.7757465151356], [0.0, 0.0, 1.0]], [[809.2209905677063, 0.0, 829.2196003259838], [0.0, 809.2209905677063, 481.77842384512485], [0.0, 0.0, 1.0]], [[1259.5137405846733, 0.0, 807.2529053838625], [0.0, 1259.5137405846733, 501.19579884916527], [0.0, 0.0, 1.0]]], "extrinsics": [[[0.8212962746620178, -0.5703915953636169, -0.011212930083274841, -0.8236083984375], [-0.030284684151411057, -0.023962723091244698, -0.9992539882659912, 1.5030899047851562], [0.5696973204612732, 0.8210232257843018, -0.03695462644100189, -1.18359375], [0.0, 0.0, 0.0, 1.0]], [[0.007215065881609917, -0.9995865225791931, 0.027831073850393295, 0.007049560546875], [-0.03553878515958786, -0.028070539236068726, -0.9989740252494812, 1.51556396484375], [0.9993422031402588, 0.0062185972929000854, -0.03572662174701691, -1.5518798828125], [0.0, 0.0, 0.0, 1.0]], [[-0.8321024775505066, -0.5537585020065308, 0.0309351347386837, 0.94140625], [-0.029902130365371704, -0.010903358459472656, -0.9994933605194092, 1.5003700256347656], [0.5538151860237122, -0.8326058983802795, -0.00748584745451808, -1.18731689453125], [0.0, 0.0, 0.0, 1.0]], [[0.947284460067749, 0.31867164373397827, -0.03317245468497276, -1.1414794921875], [-0.021110951900482178, -0.04122980684041977, -0.99892657995224, 1.5885391235351562], [-0.3196972608566284, 0.9469680190086365, -0.03232889622449875, -0.10406494140625], [0.0, 0.0, 0.0, 1.0]], [[0.0014687397051602602, 0.999506413936615, -0.03138189762830734, 0.00249481201171875], [-0.0465705506503582, -0.031279515475034714, -0.9984251260757446, 1.5774688720703125], [-0.9989138841629028, 0.0029279282316565514, 0.04650161787867546, -0.0390625], [0.0, 0.0, 0.0, 1.0]], [[-0.9350777268409729, 0.35436469316482544, 0.0074361576698720455, 1.0616455078125], [-0.013992643915116787, -0.015943260863423347, -0.9997749924659729, 1.5503387451171875], [-0.3541663587093353, -0.9349713921546936, 0.019866686314344406, -0.09124755859375], [0.0, 0.0, 0.0, 1.0]]], "view": [[0.0, -2.0, 100.0], [-2.0, 0.0, 100.0], [0.0, 0.0, 1.0]], "bev": "bev_4638934dc3f84b51955cd8a1cc94d577.png", "aux": "aux_4638934dc3f84b51955cd8a1cc94d577.npz", "visibility": "visibility_4638934dc3f84b51955cd8a1cc94d577.png", "pose": [[-0.5671662092208862, 0.8236033320426941, 0.0, 875.7132568359375], [-0.8236033320426941, -0.5671662092208862, 0.0, 1454.0693359375], [0.0, 0.0, 1.0, 0.0], [0.0, 0.0, 0.0, 1.0]], "pose_inverse": [[-0.5671662092208862, -0.8236033320426941, 0.0, 1694.2513427734375], [0.8236033320426941, -0.5671662092208862, 0.0, 103.4586181640625], [0.0, 0.0, 1.0, 0.0], [0.0, 0.0, 0.0, 1.0]], "cam_ids": [0, 1, 2, 3, 4, 5], "cam_channels": ["CAM_FRONT_LEFT", "CAM_FRONT", "CAM_FRONT_RIGHT", "CAM_BACK_LEFT", "CAM_BACK", "CAM_BACK_RIGHT"], "token": "4638934dc3f84b51955cd8a1cc94d577", "scene": "scene-0960"}, {"images": ["samples/CAM_FRONT_LEFT/n015-2018-09-26-11-17-24+0800__CAM_FRONT_LEFT__1537932302404844.jpg", "samples/CAM_FRONT/n015-2018-09-26-11-17-24+0800__CAM_FRONT__1537932302412460.jpg", "samples/CAM_FRONT_RIGHT/n015-2018-09-26-11-17-24+0800__CAM_FRONT_RIGHT__1537932302420987.jpg", "samples/CAM_BACK_LEFT/n015-2018-09-26-11-17-24+0800__CAM_BACK_LEFT__1537932302447443.jpg", "samples/CAM_BACK/n015-2018-09-26-11-17-24+0800__CAM_BACK__1537932302437536.jpg", "samples/CAM_BACK_RIGHT/n015-2018-09-26-11-17-24+0800__CAM_BACK_RIGHT__1537932302427893.jpg"], "intrinsics": [[[1272.5979470598488, 0.0, 826.6154927353808], [0.0, 1272.5979470598488, 479.75165386361925], [0.0, 0.0, 1.0]], [[1266.417203046554, 0.0, 816.2670197447984], [0.0, 1266.417203046554, 491.50706579294757], [0.0, 0.0, 1.0]], [[1260.8474446004698, 0.0, 807.968244525554], [0.0, 1260.8474446004698, 495.3344268742088], [0.0, 0.0, 1.0]], [[1256.7414812095406, 0.0, 792.1125740759628], [0.0, 1256.7414812095406, 492.7757465151356], [0.0, 0.0, 1.0]], [[809.2209905677063, 0.0, 829.2196003259838], [0.0, 809.2209905677063, 481.77842384512485], [0.0, 0.0, 1.0]], [[1259.5137405846733, 0.0, 807.2529053838625], [0.0, 1259.5137405846733, 501.19579884916527], [0.0, 0.0, 1.0]]], "extrinsics": [[[0.8206486105918884, -0.5712516903877258, -0.014402088709175587, -0.81298828125], [-0.03172418102622032, -0.020380785688757896, -0.9992888569831848, 1.5023918151855469], [0.5705518126487732, 0.8205218315124512, -0.03484795242547989, -1.1749267578125], [0.0, 0.0, 0.0, 1.0]], [[0.0062782177701592445, -0.999687135219574, 0.024211129173636436, 0.00643157958984375], [-0.036829233169555664, -0.02442634105682373, -0.9990230202674866, 1.5149421691894531], [0.9993018507957458, 0.00538039393723011, -0.036971066147089005, -1.5404052734375], [0.0, 0.0, 0.0, 1.0]], [[-0.8325250744819641, -0.5531846284866333, 0.029811294749379158, 0.936767578125], [-0.031003378331661224, -0.007203917484730482, -0.9994933009147644, 1.5000839233398438], [0.5531190633773804, -0.8330275416374207, -0.011153149418532848, -1.18499755859375], [0.0, 0.0, 0.0, 1.0]], [[0.947311520576477, 0.31865838170051575, -0.03252283111214638, -1.1396484375], [-0.02156921848654747, -0.03784364089369774, -0.9990508556365967, 1.5885009765625], [-0.31958669424057007, 0.9471138715744019, -0.028976505622267723, -0.10455322265625], [0.0, 0.0, 0.0, 1.0]], [[0.0018667909316718578, 0.9996126294136047, -0.0277694258838892, 0.0027923583984375], [-0.047277890145778656, -0.027650197967886925, -0.9984990358352661, 1.5772781372070312], [-0.9988799691200256, 0.003176767146214843, 0.04720795899629593, -0.042236328125], [0.0, 0.0, 0.0, 1.0]], [[-0.9348312616348267, 0.3549613356590271, 0.009631536900997162, 1.0567626953125], [-0.014943577349185944, -0.012226633727550507, -0.9998135566711426, 1.5501842498779297], [-0.35477739572525024, -0.9348010420799255, 0.016734231263399124, -0.09368896484375], [0.0, 0.0, 0.0, 1.0]]], "view": [[0.0, -2.0, 100.0], [-2.0, 0.0, 100.0], [0.0, 0.0, 1.0]], "bev": "bev_b1874931616e42398de4dff15a7d1736.png", "aux": "aux_b1874931616e42398de4dff15a7d1736.npz", "visibility": "visibility_b1874931616e42398de4dff15a7d1736.png", "pose": [[-0.5752963423728943, 0.8179450631141663, 0.0, 874.5155029296875], [-0.8179450631141663, -0.5752963423728943, 0.0, 1452.3651123046875], [0.0, 0.0, 1.0, 0.0], [0.0, 0.0, 0.0, 1.0]], "pose_inverse": [[-0.5752963423728943, -0.8179450631141663, 0.0, 1691.0604248046875], [0.8179450631141663, -0.5752963423728943, 0.0, 120.23474884033203], [0.0, 0.0, 1.0, 0.0], [0.0, 0.0, 0.0, 1.0]], "cam_ids": [0, 1, 2, 3, 4, 5], "cam_channels": ["CAM_FRONT_LEFT", "CAM_FRONT", "CAM_FRONT_RIGHT", "CAM_BACK_LEFT", "CAM_BACK", "CAM_BACK_RIGHT"], "token": "b1874931616e42398de4dff15a7d1736", "scene": "scene-0960"}, {"images": ["samples/CAM_FRONT_LEFT/n015-2018-09-26-11-17-24+0800__CAM_FRONT_LEFT__1537932302904844.jpg", "samples/CAM_FRONT/n015-2018-09-26-11-17-24+0800__CAM_FRONT__1537932302912460.jpg", "samples/CAM_FRONT_RIGHT/n015-2018-09-26-11-17-24+0800__CAM_FRONT_RIGHT__1537932302920339.jpg", "samples/CAM_BACK_LEFT/n015-2018-09-26-11-17-24+0800__CAM_BACK_LEFT__1537932302947423.jpg", "samples/CAM_BACK/n015-2018-09-26-11-17-24+0800__CAM_BACK__1537932302937525.jpg", "samples/CAM_BACK_RIGHT/n015-2018-09-26-11-17-24+0800__CAM_BACK_RIGHT__1537932302927893.jpg"], "intrinsics": [[[1272.5979470598488, 0.0, 826.6154927353808], [0.0, 1272.5979470598488, 479.75165386361925], [0.0, 0.0, 1.0]], [[1266.417203046554, 0.0, 816.2670197447984], [0.0, 1266.417203046554, 491.50706579294757], [0.0, 0.0, 1.0]], [[1260.8474446004698, 0.0, 807.968244525554], [0.0, 1260.8474446004698, 495.3344268742088], [0.0, 0.0, 1.0]], [[1256.7414812095406, 0.0, 792.1125740759628], [0.0, 1256.7414812095406, 492.7757465151356], [0.0, 0.0, 1.0]], [[809.2209905677063, 0.0, 829.2196003259838], [0.0, 809.2209905677063, 481.77842384512485], [0.0, 0.0, 1.0]], [[1259.5137405846733, 0.0, 807.2529053838625], [0.0, 1259.5137405846733, 501.19579884916527], [0.0, 0.0, 1.0]]], "extrinsics": [[[0.8206957578659058, -0.5711851716041565, -0.014353718608617783, -0.8087158203125], [-0.032388489693403244, -0.02142598107457161, -0.9992456436157227, 1.5020599365234375], [0.5704467296600342, 0.8205415606498718, -0.03608403354883194, -1.171142578125], [0.0, 0.0, 0.0, 1.0]], [[0.006400088779628277, -0.9996616840362549, 0.02521492913365364, 0.00586700439453125], [-0.03768385946750641, -0.025438645854592323, -0.998965859413147, 1.5146026611328125], [0.9992692470550537, 0.005443313159048557, -0.037833914160728455, -1.5355224609375], [0.0, 0.0, 0.0, 1.0]], [[-0.8324431777000427, -0.5532289147377014, 0.031243164092302322, 0.930419921875], [-0.03207369148731232, -0.008181991055607796, -0.9994519948959351, 1.499725341796875], [0.5531812906265259, -0.8329891562461853, -0.010933047160506248, -1.18121337890625], [0.0, 0.0, 0.0, 1.0]], [[0.9472925662994385, 0.31847256422042847, -0.03481443226337433, -1.14013671875], [-0.02370612323284149, -0.03869074210524559, -0.9989699721336365, 1.5884895324707031], [-0.31949156522750854, 0.9471421837806702, -0.029101697728037834, -0.103729248046875], [0.0, 0.0, 0.0, 1.0]], [[0.00185196113307029, 0.9995876550674438, -0.0286544281989336, 0.0031585693359375], [-0.048942599445581436, -0.028529534116387367, -0.9983940720558167, 1.5771102905273438], [-0.9987999200820923, 0.0032514354679733515, 0.048869580030441284, -0.0439453125], [0.0, 0.0, 0.0, 1.0]], [[-0.9348431825637817, 0.35490551590919495, 0.010504618287086487, 1.05322265625], [-0.016231719404459, -0.013163470663130283, -0.999781608581543, 1.550008773803711], [-0.35468965768814087, -0.9348095655441284, 0.01806650683283806, -0.09539794921875], [0.0, 0.0, 0.0, 1.0]]], "view": [[0.0, -2.0, 100.0], [-2.0, 0.0, 100.0], [0.0, 0.0, 1.0]], "bev": "bev_19f717d2941745a8b7c61a5457bf5581.png", "aux": "aux_19f717d2941745a8b7c61a5457bf5581.npz", "visibility": "visibility_19f717d2941745a8b7c61a5457bf5581.png", "pose": [[-0.5816778540611267, 0.8134192824363708, 0.0, 873.2756958007812], [-0.8134192824363708, -0.5816778540611267, 0.0, 1450.6282958984375], [0.0, 0.0, 1.0, 0.0], [0.0, 0.0, 0.0, 1.0]], "pose_inverse": [[-0.5816778540611267, -0.8134192824363708, 0.0, 1687.93408203125], [0.8134192824363708, -0.5816778540611267, 0.0, 133.4590606689453], [0.0, 0.0, 1.0, 0.0], [0.0, 0.0, 0.0, 1.0]], "cam_ids": [0, 1, 2, 3, 4, 5], "cam_channels": ["CAM_FRONT_LEFT", "CAM_FRONT", "CAM_FRONT_RIGHT", "CAM_BACK_LEFT", "CAM_BACK", "CAM_BACK_RIGHT"], "token": "19f717d2941745a8b7c61a5457bf5581", "scene": "scene-0960"}, {"images": ["samples/CAM_FRONT_LEFT/n015-2018-09-26-11-17-24+0800__CAM_FRONT_LEFT__1537932303404844.jpg", "samples/CAM_FRONT/n015-2018-09-26-11-17-24+0800__CAM_FRONT__1537932303413502.jpg", "samples/CAM_FRONT_RIGHT/n015-2018-09-26-11-17-24+0800__CAM_FRONT_RIGHT__1537932303420339.jpg", "samples/CAM_BACK_LEFT/n015-2018-09-26-11-17-24+0800__CAM_BACK_LEFT__1537932303447423.jpg", "samples/CAM_BACK/n015-2018-09-26-11-17-24+0800__CAM_BACK__1537932303437525.jpg", "samples/CAM_BACK_RIGHT/n015-2018-09-26-11-17-24+0800__CAM_BACK_RIGHT__1537932303427893.jpg"], "intrinsics": [[[1272.5979470598488, 0.0, 826.6154927353808], [0.0, 1272.5979470598488, 479.75165386361925], [0.0, 0.0, 1.0]], [[1266.417203046554, 0.0, 816.2670197447984], [0.0, 1266.417203046554, 491.50706579294757], [0.0, 0.0, 1.0]], [[1260.8474446004698, 0.0, 807.968244525554], [0.0, 1260.8474446004698, 495.3344268742088], [0.0, 0.0, 1.0]], [[1256.7414812095406, 0.0, 792.1125740759628], [0.0, 1256.7414812095406, 492.7757465151356], [0.0, 0.0, 1.0]], [[809.2209905677063, 0.0, 829.2196003259838], [0.0, 809.2209905677063, 481.77842384512485], [0.0, 0.0, 1.0]], [[1259.5137405846733, 0.0, 807.2529053838625], [0.0, 1259.5137405846733, 501.19579884916527], [0.0, 0.0, 1.0]]], "extrinsics": [[[0.8204386830329895, -0.5714394450187683, -0.01836385577917099, -0.8179931640625], [-0.037229303270578384, -0.02134508453309536, -0.9990787506103516, 1.5015640258789062], [0.5705210566520691, 0.8203665614128113, -0.0387866273522377, -1.177734375], [0.0, 0.0, 0.0, 1.0]], [[0.006227636244148016, -0.9996691346168518, 0.02495477721095085, 0.0055694580078125], [-0.04261491075158119, -0.02519790269434452, -0.9987738132476807, 1.5144424438476562], [0.9990720748901367, 0.00515649002045393, -0.04275773838162422, -1.5498046875], [0.0, 0.0, 0.0, 1.0]], [[-0.8324225544929504, -0.5530214309692383, 0.035214342176914215, 0.937744140625], [-0.03707234933972359, -0.007828257977962494, -0.9992818832397461, 1.4994316101074219], [0.5529000163078308, -0.8331302404403687, -0.013985387049615383, -1.18609619140625], [0.0, 0.0, 0.0, 1.0]], [[0.9472169876098633, 0.31818273663520813, -0.039238341152668, -1.14501953125], [-0.028824957087635994, -0.03737199306488037, -0.9988855719566345, 1.5886268615722656], [-0.3192945122718811, 0.9472925066947937, -0.026227787137031555, -0.102142333984375], [0.0, 0.0, 0.0, 1.0]], [[0.0019863066263496876, 0.9996116161346436, -0.027798421680927277, 0.003326416015625], [-0.05404055118560791, -0.02765055187046528, -0.9981558322906494, 1.5771865844726562], [-0.9985367655754089, 0.003484920598566532, 0.05396463721990585, -0.0380859375], [0.0, 0.0, 0.0, 1.0]], [[-0.9346938133239746, 0.3551199436187744, 0.015406456775963306, 1.0599365234375], [-0.02128230780363083, -0.012645602226257324, -0.9996935129165649, 1.5497055053710938], [-0.3548163175582886, -0.9347351789474487, 0.019377537071704865, -0.0927734375], [0.0, 0.0, 0.0, 1.0]]], "view": [[0.0, -2.0, 100.0], [-2.0, 0.0, 100.0], [0.0, 0.0, 1.0]], "bev": "bev_984d6ce335ec4bd892f7411487c01a97.png", "aux": "aux_984d6ce335ec4bd892f7411487c01a97.npz", "visibility": "visibility_984d6ce335ec4bd892f7411487c01a97.png", "pose": [[-0.5859714150428772, 0.8103317022323608, 0.0, 872.0206298828125], [-0.8103317022323608, -0.5859714150428772, 0.0, 1448.895751953125], [0.0, 0.0, 1.0, 0.0], [0.0, 0.0, 0.0, 1.0]], "pose_inverse": [[-0.5859714150428772, -0.8103317022323608, 0.0, 1685.0653076171875], [0.8103317022323608, -0.5859714150428772, 0.0, 142.385498046875], [0.0, 0.0, 1.0, 0.0], [0.0, 0.0, 0.0, 1.0]], "cam_ids": [0, 1, 2, 3, 4, 5], "cam_channels": ["CAM_FRONT_LEFT", "CAM_FRONT", "CAM_FRONT_RIGHT", "CAM_BACK_LEFT", "CAM_BACK", "CAM_BACK_RIGHT"], "token": "984d6ce335ec4bd892f7411487c01a97", "scene": "scene-0960"}, {"images": ["samples/CAM_FRONT_LEFT/n015-2018-09-26-11-17-24+0800__CAM_FRONT_LEFT__1537932303904844.jpg", "samples/CAM_FRONT/n015-2018-09-26-11-17-24+0800__CAM_FRONT__1537932303912460.jpg", "samples/CAM_FRONT_RIGHT/n015-2018-09-26-11-17-24+0800__CAM_FRONT_RIGHT__1537932303920339.jpg", "samples/CAM_BACK_LEFT/n015-2018-09-26-11-17-24+0800__CAM_BACK_LEFT__1537932303947423.jpg", "samples/CAM_BACK/n015-2018-09-26-11-17-24+0800__CAM_BACK__1537932303937525.jpg", "samples/CAM_BACK_RIGHT/n015-2018-09-26-11-17-24+0800__CAM_BACK_RIGHT__1537932303927893.jpg"], "intrinsics": [[[1272.5979470598488, 0.0, 826.6154927353808], [0.0, 1272.5979470598488, 479.75165386361925], [0.0, 0.0, 1.0]], [[1266.417203046554, 0.0, 816.2670197447984], [0.0, 1266.417203046554, 491.50706579294757], [0.0, 0.0, 1.0]], [[1260.8474446004698, 0.0, 807.968244525554], [0.0, 1260.8474446004698, 495.3344268742088], [0.0, 0.0, 1.0]], [[1256.7414812095406, 0.0, 792.1125740759628], [0.0, 1256.7414812095406, 492.7757465151356], [0.0, 0.0, 1.0]], [[809.2209905677063, 0.0, 829.2196003259838], [0.0, 809.2209905677063, 481.77842384512485], [0.0, 0.0, 1.0]], [[1259.5137405846733, 0.0, 807.2529053838625], [0.0, 1259.5137405846733, 501.19579884916527], [0.0, 0.0, 1.0]]], "extrinsics": [[[0.8204445242881775, -0.5713884234428406, -0.019647469744086266, -0.82666015625], [-0.0389336459338665, -0.021552570164203644, -0.999009370803833, 1.5016708374023438], [0.5703989267349243, 0.8203966617584229, -0.039928924292325974, -1.18359375], [0.0, 0.0, 0.0, 1.0]], [[0.006416021380573511, -0.9996628761291504, 0.025159327313303947, 0.0057220458984375], [-0.04421902075409889, -0.02541886270046234, -0.9986984133720398, 1.5143966674804688], [0.9990012645721436, 0.005295190028846264, -0.04436720162630081, -1.5538330078125], [0.0, 0.0, 0.0, 1.0]], [[-0.8322451114654541, -0.5531992316246033, 0.03658698499202728, 0.9427490234375], [-0.03860177844762802, -0.008012293837964535, -0.9992225170135498, 1.4994964599609375], [0.5530623197555542, -0.8330104947090149, -0.0146862817928195, -1.189453125], [0.0, 0.0, 0.0, 1.0]], [[0.9470430016517639, 0.31854572892189026, -0.040473002940416336, -1.1409912109375], [-0.029984096065163612, -0.037764403969049454, -0.9988366961479187, 1.5885162353515625], [-0.31970372796058655, 0.9471549391746521, -0.026213206350803375, -0.10400390625], [0.0, 0.0, 0.0, 1.0]], [[0.0015876906691119075, 0.9996048212051392, -0.02806568704545498, 0.0027618408203125], [-0.05534789711236954, -0.027934860438108444, -0.998076319694519, 1.5771636962890625], [-0.9984658360481262, 0.003137988969683647, 0.05528167262673378, -0.0380859375], [0.0, 0.0, 0.0, 1.0]], [[-0.9347758293151855, 0.35484570264816284, 0.016692914068698883, 1.063720703125], [-0.02272346243262291, -0.012834062799811363, -0.9996594190597534, 1.5496940612792969], [-0.35451066493988037, -0.9348368048667908, 0.02006029523909092, -0.09112548828125], [0.0, 0.0, 0.0, 1.0]]], "view": [[0.0, -2.0, 100.0], [-2.0, 0.0, 100.0], [0.0, 0.0, 1.0]], "bev": "bev_09fd3e9b93634f6f82909fa21db6f908.png", "aux": "aux_09fd3e9b93634f6f82909fa21db6f908.npz", "visibility": "visibility_09fd3e9b93634f6f82909fa21db6f908.png", "pose": [[-0.5888967514038086, 0.8082082867622375, 0.0, 870.8121948242188], [-0.8082082867622375, -0.5888967514038086, 0.0, 1447.2322998046875], [0.0, 0.0, 1.0, 0.0], [0.0, 0.0, 0.0, 1.0]], "pose_inverse": [[-0.5888967514038086, -0.8082082867622375, 0.0, 1682.483642578125], [0.8082082867622375, -0.5888967514038086, 0.0, 148.47279357910156], [0.0, 0.0, 1.0, 0.0], [0.0, 0.0, 0.0, 1.0]], "cam_ids": [0, 1, 2, 3, 4, 5], "cam_channels": ["CAM_FRONT_LEFT", "CAM_FRONT", "CAM_FRONT_RIGHT", "CAM_BACK_LEFT", "CAM_BACK", "CAM_BACK_RIGHT"], "token": "09fd3e9b93634f6f82909fa21db6f908", "scene": "scene-0960"}, {"images": ["samples/CAM_FRONT_LEFT/n015-2018-09-26-11-17-24+0800__CAM_FRONT_LEFT__1537932304404851.jpg", "samples/CAM_FRONT/n015-2018-09-26-11-17-24+0800__CAM_FRONT__1537932304412460.jpg", "samples/CAM_FRONT_RIGHT/n015-2018-09-26-11-17-24+0800__CAM_FRONT_RIGHT__1537932304420339.jpg", "samples/CAM_BACK_LEFT/n015-2018-09-26-11-17-24+0800__CAM_BACK_LEFT__1537932304447423.jpg", "samples/CAM_BACK/n015-2018-09-26-11-17-24+0800__CAM_BACK__1537932304437525.jpg", "samples/CAM_BACK_RIGHT/n015-2018-09-26-11-17-24+0800__CAM_BACK_RIGHT__1537932304427893.jpg"], "intrinsics": [[[1272.5979470598488, 0.0, 826.6154927353808], [0.0, 1272.5979470598488, 479.75165386361925], [0.0, 0.0, 1.0]], [[1266.417203046554, 0.0, 816.2670197447984], [0.0, 1266.417203046554, 491.50706579294757], [0.0, 0.0, 1.0]], [[1260.8474446004698, 0.0, 807.968244525554], [0.0, 1260.8474446004698, 495.3344268742088], [0.0, 0.0, 1.0]], [[1256.7414812095406, 0.0, 792.1125740759628], [0.0, 1256.7414812095406, 492.7757465151356], [0.0, 0.0, 1.0]], [[809.2209905677063, 0.0, 829.2196003259838], [0.0, 809.2209905677063, 481.77842384512485], [0.0, 0.0, 1.0]], [[1259.5137405846733, 0.0, 807.2529053838625], [0.0, 1259.5137405846733, 501.19579884916527], [0.0, 0.0, 1.0]]], "extrinsics": [[[0.8205899000167847, -0.5711967349052429, -0.019143130630254745, -0.839599609375], [-0.03533009812235832, -0.017267607152462006, -0.9992265105247498, 1.502899169921875], [0.5704244375228882, 0.8206315040588379, -0.034350063651800156, -1.19482421875], [0.0, 0.0, 0.0, 1.0]], [[0.006339686457067728, -0.999756395816803, 0.02113877236843109, 0.0068511962890625], [-0.04076913371682167, -0.02138003148138523, -0.9989398121833801, 1.5154647827148438], [0.999148428440094, 0.005471132695674896, -0.04089474305510521, -1.5675048828125], [0.0, 0.0, 0.0, 1.0]], [[-0.8324241042137146, -0.5532289743423462, 0.03174703195691109, 0.9521484375], [-0.03530554473400116, -0.004225681070238352, -0.9993675947189331, 1.5002288818359375], [0.553013265132904, -0.8330184817314148, -0.01601448841392994, -1.1944580078125], [0.0, 0.0, 0.0, 1.0]], [[0.94715815782547, 0.3186739981174469, -0.03658297285437584, -1.141845703125], [-0.02684878185391426, -0.034886639565229416, -0.9990305304527283, 1.5885429382324219], [-0.3196412920951843, 0.9472221732139587, -0.02448715642094612, -0.1041259765625], [0.0, 0.0, 0.0, 1.0]], [[0.0018353728810325265, 0.9996894001960754, -0.02485380321741104, 0.0023956298828125], [-0.052228640764