[{"images": ["samples/CAM_FRONT_LEFT/n015-2018-08-03-15-00-36+0800__CAM_FRONT_LEFT__1533280133604844.jpg", "samples/CAM_FRONT/n015-2018-08-03-15-00-36+0800__CAM_FRONT__1533280133612460.jpg", "samples/CAM_FRONT_RIGHT/n015-2018-08-03-15-00-36+0800__CAM_FRONT_RIGHT__1533280133620339.jpg", "samples/CAM_BACK_LEFT/n015-2018-08-03-15-00-36+0800__CAM_BACK_LEFT__1533280133647423.jpg", "samples/CAM_BACK/n015-2018-08-03-15-00-36+0800__CAM_BACK__1533280133637525.jpg", "samples/CAM_BACK_RIGHT/n015-2018-08-03-15-00-36+0800__CAM_BACK_RIGHT__1533280133627893.jpg"], "intrinsics": [[[1272.5979470598488, 0.0, 826.6154927353808], [0.0, 1272.5979470598488, 479.75165386361925], [0.0, 0.0, 1.0]], [[1266.417203046554, 0.0, 816.2670197447984], [0.0, 1266.417203046554, 491.50706579294757], [0.0, 0.0, 1.0]], [[1260.8474446004698, 0.0, 807.968244525554], [0.0, 1260.8474446004698, 495.3344268742088], [0.0, 0.0, 1.0]], [[1256.7414812095406, 0.0, 792.1125740759628], [0.0, 1256.7414812095406, 492.7757465151356], [0.0, 0.0, 1.0]], [[809.2209905677063, 0.0, 829.2196003259838], [0.0, 809.2209905677063, 481.77842384512485], [0.0, 0.0, 1.0]], [[1259.5137405846733, 0.0, 807.2529053838625], [0.0, 1259.5137405846733, 501.19579884916527], [0.0, 0.0, 1.0]]], "extrinsics": [[[0.8200917840003967, -0.5706278085708618, -0.04281739890575409, -0.54437255859375], [-0.016909677535295486, 0.0506264753639698, -0.9985744953155518, 1.49945068359375], [0.5719820857048035, 0.8196467757225037, 0.031869225203990936, -0.99072265625], [0.0, 0.0, 0.0, 1.0]], [[0.005058660171926022, -0.9988880157470703, -0.046874359250068665, 0.01031494140625], [-0.022099558264017105, 0.04675184562802315, -0.9986621141433716, 1.5110511779785156], [0.9997429847717285, 0.006087773013859987, -0.02183847874403, -1.2696075439453125], [0.0, 0.0, 0.0, 1.0]], [[-0.8331655859947205, -0.5525913834571838, -0.021859347820281982, 0.75762939453125], [-0.016353702172636986, 0.0641283467411995, -0.9978076219558716, 1.4980316162109375], [0.5527817010879517, -0.8309815526008606, -0.062466442584991455, -1.06292724609375], [0.0, 0.0, 0.0, 1.0]], [[0.9479078650474548, 0.3185237646102905, 0.0036430172622203827, -1.12255859375], [-0.007744739297777414, 0.03447793424129486, -0.9993754625320435, 1.58837890625], [-0.31845036149024963, 0.9472876787185669, 0.03514878451824188, -0.110595703125], [0.0, 0.0, 0.0, 1.0]], [[0.002848825417459011, 0.9990256428718567, 0.04404158517718315, 0.0018310546875], [-0.03301101177930832, 0.0441117137670517, -0.9984810948371887, 1.5748672485351562], [-0.9994509220123291, 0.0013906030217185616, 0.03310450538992882, -0.13219451904296875], [0.0, 0.0, 0.0, 1.0]], [[-0.9347161650657654, 0.3547489643096924, 0.021421702578663826, 0.906707763671875], [-0.00037779458216391504, 0.059283871203660965, -0.9982410669326782, 1.55120849609375], [-0.35539501905441284, -0.9330801367759705, -0.05527956783771515, -0.1483154296875], [0.0, 0.0, 0.0, 1.0]]], "view": [[0.0, -2.0, 100.0], [-2.0, 0.0, 100.0], [0.0, 0.0, 1.0]], "bev": "bev_335c80b0260a4c6dbd0052140f01ffa7.png", "aux": "aux_335c80b0260a4c6dbd0052140f01ffa7.npz", "visibility": "visibility_335c80b0260a4c6dbd0052140f01ffa7.png", "pose": [[-0.8345064520835876, -0.5509982109069824, 0.0, 617.0668334960938], [0.5509982109069824, -0.8345064520835876, 0.0, 807.9841918945312], [0.0, 0.0, 1.0, 0.0], [0.0, 0.0, 0.0, 1.0]], "pose_inverse": [[-0.8345064520835876, 0.5509982109069824, 0.0, 69.7484130859375], [-0.5509982109069824, -0.8345064520835876, 0.0, 1014.2706909179688], [0.0, 0.0, 1.0, 0.0], [0.0, 0.0, 0.0, 1.0]], "cam_ids": [0, 1, 2, 3, 4, 5], "cam_channels": ["CAM_FRONT_LEFT", "CAM_FRONT", "CAM_FRONT_RIGHT", "CAM_BACK_LEFT", "CAM_BACK", "CAM_BACK_RIGHT"], "token": "335c80b0260a4c6dbd0052140f01ffa7", "scene": "scene-0370"}, {"images": ["samples/CAM_FRONT_LEFT/n015-2018-08-03-15-00-36+0800__CAM_FRONT_LEFT__1533280134104844.jpg", "samples/CAM_FRONT/n015-2018-08-03-15-00-36+0800__CAM_FRONT__1533280134112460.jpg", "samples/CAM_FRONT_RIGHT/n015-2018-08-03-15-00-36+0800__CAM_FRONT_RIGHT__1533280134120339.jpg", "samples/CAM_BACK_LEFT/n015-2018-08-03-15-00-36+0800__CAM_BACK_LEFT__1533280134147423.jpg", "samples/CAM_BACK/n015-2018-08-03-15-00-36+0800__CAM_BACK__1533280134137525.jpg", "samples/CAM_BACK_RIGHT/n015-2018-08-03-15-00-36+0800__CAM_BACK_RIGHT__1533280134127893.jpg"], "intrinsics": [[[1272.5979470598488, 0.0, 826.6154927353808], [0.0, 1272.5979470598488, 479.75165386361925], [0.0, 0.0, 1.0]], [[1266.417203046554, 0.0, 816.2670197447984], [0.0, 1266.417203046554, 491.50706579294757], [0.0, 0.0, 1.0]], [[1260.8474446004698, 0.0, 807.968244525554], [0.0, 1260.8474446004698, 495.3344268742088], [0.0, 0.0, 1.0]], [[1256.7414812095406, 0.0, 792.1125740759628], [0.0, 1256.7414812095406, 492.7757465151356], [0.0, 0.0, 1.0]], [[809.2209905677063, 0.0, 829.2196003259838], [0.0, 809.2209905677063, 481.77842384512485], [0.0, 0.0, 1.0]], [[1259.5137405846733, 0.0, 807.2529053838625], [0.0, 1259.5137405846733, 501.19579884916527], [0.0, 0.0, 1.0]]], "extrinsics": [[[0.8199465870857239, -0.5696799159049988, -0.056146807968616486, -0.556884765625], [-0.026475263759493828, 0.0602387897670269, -0.9978327751159668, 1.4949188232421875], [0.5718275308609009, 0.8196561932563782, 0.03431016579270363, -1.0], [0.0, 0.0, 0.0, 1.0]], [[0.0048184520564973354, -0.9984023571014404, -0.05630011856555939, 0.01025390625], [-0.031981222331523895, 0.05611812323331833, -0.997911810874939, 1.5072517395019531], [0.9994768500328064, 0.0066088661551475525, -0.03165971860289574, -1.2826614379882812], [0.0, 0.0, 0.0, 1.0]], [[-0.8333960771560669, -0.5523706078529358, -0.018378201872110367, 0.76568603515625], [-0.02655385620892048, 0.07323386520147324, -0.996961236000061, 1.4949188232421875], [0.5520379543304443, -0.830375611782074, -0.07570037990808487, -1.06915283203125], [0.0, 0.0, 0.0, 1.0]], [[0.9478312134742737, 0.31874093413352966, -0.004490886349231005, -1.124420166015625], [-0.01917474903166294, 0.04294556379318237, -0.9988933801651001, 1.5881843566894531], [-0.31819531321525574, 0.9468685388565063, 0.04681692272424698, -0.10980224609375], [0.0, 0.0, 0.0, 1.0]], [[0.0033150403760373592, 0.9986076354980469, 0.052649494260549545, 0.00225830078125], [-0.0440499372780323, 0.05274450033903122, -0.9976360201835632, 1.5736083984375], [-0.9990238547325134, 0.0009880433790385723, 0.044163454324007034, -0.12735748291015625], [0.0, 0.0, 0.0, 1.0]], [[-0.9343817234039307, 0.3545979857444763, 0.034513503313064575, 0.91400146484375], [-0.010991270653903484, 0.0681367889046669, -0.9976154565811157, 1.5487213134765625], [-0.3561040461063385, -0.9325330257415771, -0.05976828560233116, -0.14630126953125], [0.0, 0.0, 0.0, 1.0]]], "view": [[0.0, -2.0, 100.0], [-2.0, 0.0, 100.0], [0.0, 0.0, 1.0]], "bev": "bev_ed6342352fe7416896be50714d0c19c4.png", "aux": "aux_ed6342352fe7416896be50714d0c19c4.npz", "visibility": "visibility_ed6342352fe7416896be50714d0c19c4.png", "pose": [[-0.8337708711624146, -0.5521106719970703, 0.0, 612.416259765625], [0.5521106719970703, -0.8337708711624146, 0.0, 811.1117553710938], [0.0, 0.0, 1.0, 0.0], [0.0, 0.0, 0.0, 1.0]], "pose_inverse": [[-0.8337708711624146, 0.5521106719970703, 0.0, 62.79139709472656], [-0.5521106719970703, -0.8337708711624146, 0.0, 1014.4028930664062], [0.0, 0.0, 1.0, 0.0], [0.0, 0.0, 0.0, 1.0]], "cam_ids": [0, 1, 2, 3, 4, 5], "cam_channels": ["CAM_FRONT_LEFT", "CAM_FRONT", "CAM_FRONT_RIGHT", "CAM_BACK_LEFT", "CAM_BACK", "CAM_BACK_RIGHT"], "token": "ed6342352fe7416896be50714d0c19c4", "scene": "scene-0370"}, {"images": ["samples/CAM_FRONT_LEFT/n015-2018-08-03-15-00-36+0800__CAM_FRONT_LEFT__1533280134604844.jpg", "samples/CAM_FRONT/n015-2018-08-03-15-00-36+0800__CAM_FRONT__1533280134612460.jpg", "samples/CAM_FRONT_RIGHT/n015-2018-08-03-15-00-36+0800__CAM_FRONT_RIGHT__1533280134620339.jpg", "samples/CAM_BACK_LEFT/n015-2018-08-03-15-00-36+0800__CAM_BACK_LEFT__1533280134647423.jpg", "samples/CAM_BACK/n015-2018-08-03-15-00-36+0800__CAM_BACK__1533280134637525.jpg", "samples/CAM_BACK_RIGHT/n015-2018-08-03-15-00-36+0800__CAM_BACK_RIGHT__1533280134627893.jpg"], "intrinsics": [[[1272.5979470598488, 0.0, 826.6154927353808], [0.0, 1272.5979470598488, 479.75165386361925], [0.0, 0.0, 1.0]], [[1266.417203046554, 0.0, 816.2670197447984], [0.0, 1266.417203046554, 491.50706579294757], [0.0, 0.0, 1.0]], [[1260.8474446004698, 0.0, 807.968244525554], [0.0, 1260.8474446004698, 495.3344268742088], [0.0, 0.0, 1.0]], [[1256.7414812095406, 0.0, 792.1125740759628], [0.0, 1256.7414812095406, 492.7757465151356], [0.0, 0.0, 1.0]], [[809.2209905677063, 0.0, 829.2196003259838], [0.0, 809.2209905677063, 481.77842384512485], [0.0, 0.0, 1.0]], [[1259.5137405846733, 0.0, 807.2529053838625], [0.0, 1259.5137405846733, 501.19579884916527], [0.0, 0.0, 1.0]]], "extrinsics": [[[0.8192571401596069, -0.5704403519630432, -0.05844246968626976, -0.54901123046875], [-0.02908114343881607, 0.0604548342525959, -0.9977471828460693, 1.493377685546875], [0.5726884603500366, 0.8191110491752625, 0.03293899819254875, -0.99267578125], [0.0, 0.0, 0.0, 1.0]], [[0.003922227304428816, -0.998386800289154, -0.05664324387907982, 0.0089111328125], [-0.034354113042354584, 0.056475717574357986, -0.9978127479553223, 1.5059928894042969], [0.9994020462036133, 0.005859511438757181, -0.03407718613743782, -1.2729873657226562], [0.0, 0.0, 0.0, 1.0]], [[-0.8337512016296387, -0.5518835186958313, -0.016838442534208298, 0.7576904296875], [-0.02866951934993267, 0.07372736930847168, -0.9968662261962891, 1.494049072265625], [0.5513954758644104, -0.8306556344032288, -0.07729251682758331, -1.06512451171875], [0.0, 0.0, 0.0, 1.0]], [[0.9478721022605896, 0.31861355900764465, -0.0048775156028568745, -1.11883544921875], [-0.019749782979488373, 0.043464288115501404, -0.9988597631454468, 1.5880584716796875], [-0.31803834438323975, 0.9468876719474792, 0.04749113693833351, -0.11163330078125], [0.0, 0.0, 0.0, 1.0]], [[0.003606643294915557, 0.9985761046409607, 0.053224340081214905, 0.00262451171875], [-0.04529177397489548, 0.05333318933844566, -0.9975491166114807, 1.5731620788574219], [-0.9989672899246216, 0.001187240006402135, 0.045419637113809586, -0.13385391235351562], [0.0, 0.0, 0.0, 1.0]], [[-0.9341703653335571, 0.3549655079841614, 0.03640573099255562, 0.907012939453125], [-0.012758143246173859, 0.06873449683189392, -0.9975534081459045, 1.5482406616210938], [-0.356599360704422, -0.9323492646217346, -0.05968102812767029, -0.14971923828125], [0.0, 0.0, 0.0, 1.0]]], "view": [[0.0, -2.0, 100.0], [-2.0, 0.0, 100.0], [0.0, 0.0, 1.0]], "bev": "bev_e55a3ad576e14b03b694b8396bf01e30.png", "aux": "aux_e55a3ad576e14b03b694b8396bf01e30.npz", "visibility": "visibility_e55a3ad576e14b03b694b8396bf01e30.png", "pose": [[-0.8356459736824036, -0.5492684245109558, 0.0, 607.729248046875], [0.5492684245109558, -0.8356459736824036, 0.0, 814.242431640625], [0.0, 0.0, 1.0, 0.0], [0.0, 0.0, 0.0, 1.0]], "pose_inverse": [[-0.8356459736824036, 0.5492684245109558, 0.0, 60.60886764526367], [-0.5492684245109558, -0.8356459736824036, 0.0, 1014.2249145507812], [0.0, 0.0, 1.0, 0.0], [0.0, 0.0, 0.0, 1.0]], "cam_ids": [0, 1, 2, 3, 4, 5], "cam_channels": ["CAM_FRONT_LEFT", "CAM_FRONT", "CAM_FRONT_RIGHT", "CAM_BACK_LEFT", "CAM_BACK", "CAM_BACK_RIGHT"], "token": "e55a3ad576e14b03b694b8396bf01e30", "scene": "scene-0370"}, {"images": ["samples/CAM_FRONT_LEFT/n015-2018-08-03-15-00-36+0800__CAM_FRONT_LEFT__1533280135104844.jpg", "samples/CAM_FRONT/n015-2018-08-03-15-00-36+0800__CAM_FRONT__1533280135112460.jpg", "samples/CAM_FRONT_RIGHT/n015-2018-08-03-15-00-36+0800__CAM_FRONT_RIGHT__1533280135120339.jpg", "samples/CAM_BACK_LEFT/n015-2018-08-03-15-00-36+0800__CAM_BACK_LEFT__1533280135147423.jpg", "samples/CAM_BACK/n015-2018-08-03-15-00-36+0800__CAM_BACK__1533280135137525.jpg", "samples/CAM_BACK_RIGHT/n015-2018-08-03-15-00-36+0800__CAM_BACK_RIGHT__1533280135127893.jpg"], "intrinsics": [[[1272.5979470598488, 0.0, 826.6154927353808], [0.0, 1272.5979470598488, 479.75165386361925], [0.0, 0.0, 1.0]], [[1266.417203046554, 0.0, 816.2670197447984], [0.0, 1266.417203046554, 491.50706579294757], [0.0, 0.0, 1.0]], [[1260.8474446004698, 0.0, 807.968244525554], [0.0, 1260.8474446004698, 495.3344268742088], [0.0, 0.0, 1.0]], [[1256.7414812095406, 0.0, 792.1125740759628], [0.0, 1256.7414812095406, 492.7757465151356], [0.0, 0.0, 1.0]], [[809.2209905677063, 0.0, 829.2196003259838], [0.0, 809.2209905677063, 481.77842384512485], [0.0, 0.0, 1.0]], [[1259.5137405846733, 0.0, 807.2529053838625], [0.0, 1259.5137405846733, 501.19579884916527], [0.0, 0.0, 1.0]]], "extrinsics": [[[0.8193472027778625, -0.5702254176139832, -0.05927131697535515, -0.555908203125], [-0.030002528801560402, 0.060595642775297165, -0.9977113604545593, 1.4931106567382812], [0.5725119709968567, 0.8192503452301025, 0.03254066780209541, -0.99920654296875], [0.0, 0.0, 0.0, 1.0]], [[0.00416611647233367, -0.9983866810798645, -0.0566268265247345, 0.0101318359375], [-0.03574536740779877, 0.05644244700670242, -0.997765839099884, 1.5056037902832031], [0.9993521571159363, 0.006180949509143829, -0.035452552139759064, -1.2802352905273438], [0.0, 0.0, 0.0, 1.0]], [[-0.8335624933242798, -0.5522164702415466, -0.015178898349404335, 0.76251220703125], [-0.03055298514664173, 0.0735192522406578, -0.996825635433197, 1.4935073852539062], [0.551579475402832, -0.8304527997970581, -0.07815475761890411, -1.0670166015625], [0.0, 0.0, 0.0, 1.0]], [[0.9477398991584778, 0.31893524527549744, -0.008329062722623348, -1.115753173828125], [-0.02323848009109497, 0.042970847338438034, -0.9988059997558594, 1.5878982543945312], [-0.3181965947151184, 0.9468018412590027, 0.04813676327466965, -0.11279296875], [0.0, 0.0, 0.0, 1.0]], [[0.0034489952959120274, 0.9985968470573425, 0.05284322053194046, 0.002197265625], [-0.04823414981365204, 0.052948154509067535, -0.9974316954612732, 1.5727119445800781], [-0.9988300800323486, 0.0008912787889130414, 0.048349086195230484, -0.13439559936523438], [0.0, 0.0, 0.0, 1.0]], [[-0.9342222809791565, 0.3546099066734314, 0.038474760949611664, 0.909210205078125], [-0.015117060393095016, 0.06840623915195465, -0.9975430369377136, 1.5476455688476562], [-0.35637059807777405, -0.932508647441864, -0.05854598432779312, -0.1480712890625], [0.0, 0.0, 0.0, 1.0]]], "view": [[0.0, -2.0, 100.0], [-2.0, 0.0, 100.0], [0.0, 0.0, 1.0]], "bev": "bev_df732a760851440cae84a352b06a5752.png", "aux": "aux_df732a760851440cae84a352b06a5752.npz", "visibility": "visibility_df732a760851440cae84a352b06a5752.png", "pose": [[-0.8377857804298401, -0.5459990501403809, 0.0, 603.150634765625], [0.5459990501403809, -0.8377857804298401, 0.0, 817.2976684570312], [0.0, 0.0, 1.0, 0.0], [0.0, 0.0, 0.0, 1.0]], "pose_inverse": [[-0.8377857804298401, 0.5459990501403809, 0.0, 59.067264556884766], [-0.5459990501403809, -0.8377857804298401, 0.0, 1014.0400390625], [0.0, 0.0, 1.0, 0.0], [0.0, 0.0, 0.0, 1.0]], "cam_ids": [0, 1, 2, 3, 4, 5], "cam_channels": ["CAM_FRONT_LEFT", "CAM_FRONT", "CAM_FRONT_RIGHT", "CAM_BACK_LEFT", "CAM_BACK", "CAM_BACK_RIGHT"], "token": "df732a760851440cae84a352b06a5752", "scene": "scene-0370"}, {"images": ["samples/CAM_FRONT_LEFT/n015-2018-08-03-15-00-36+0800__CAM_FRONT_LEFT__1533280135654844.jpg", "samples/CAM_FRONT/n015-2018-08-03-15-00-36+0800__CAM_FRONT__1533280135662460.jpg", "samples/CAM_FRONT_RIGHT/n015-2018-08-03-15-00-36+0800__CAM_FRONT_RIGHT__1533280135670339.jpg", "samples/CAM_BACK_LEFT/n015-2018-08-03-15-00-36+0800__CAM_BACK_LEFT__1533280135697429.jpg", "samples/CAM_BACK/n015-2018-08-03-15-00-36+0800__CAM_BACK__1533280135687525.jpg", "samples/CAM_BACK_RIGHT/n015-2018-08-03-15-00-36+0800__CAM_BACK_RIGHT__1533280135677893.jpg"], "intrinsics": [[[1272.5979470598488, 0.0, 826.6154927353808], [0.0, 1272.5979470598488, 479.75165386361925], [0.0, 0.0, 1.0]], [[1266.417203046554, 0.0, 816.2670197447984], [0.0, 1266.417203046554, 491.50706579294757], [0.0, 0.0, 1.0]], [[1260.8474446004698, 0.0, 807.968244525554], [0.0, 1260.8474446004698, 495.3344268742088], [0.0, 0.0, 1.0]], [[1256.7414812095406, 0.0, 792.1125740759628], [0.0, 1256.7414812095406, 492.7757465151356], [0.0, 0.0, 1.0]], [[809.2209905677063, 0.0, 829.2196003259838], [0.0, 809.2209905677063, 481.77842384512485], [0.0, 0.0, 1.0]], [[1259.5137405846733, 0.0, 807.2529053838625], [0.0, 1259.5137405846733, 501.19579884916527], [0.0, 0.0, 1.0]]], "extrinsics": [[[0.8192423582077026, -0.5707586407661438, -0.05546492710709572, -0.5604248046875], [-0.02554255537688732, 0.06030622497200966, -0.9978530406951904, 1.4954490661621094], [0.5728781223297119, 0.8189002275466919, 0.03482678160071373, -1.0025634765625], [0.0, 0.0, 0.0, 1.0]], [[0.003910021856427193, -0.9983928203582764, -0.05653565376996994, 0.01025390625], [-0.03072723001241684, 0.05638943612575531, -0.9979358911514282, 1.5078010559082031], [0.9995201826095581, 0.005639130715280771, -0.03045736625790596, -1.2847061157226562], [0.0, 0.0, 0.0, 1.0]], [[-0.8337309956550598, -0.5518102645874023, -0.01994898170232773, 0.76531982421875], [-0.024940533563494682, 0.0737249106168747, -0.9969666600227356, 1.4954071044921875], [0.5516072511672974, -0.8307045102119446, -0.07522919028997421, -1.0687255859375], [0.0, 0.0, 0.0, 1.0]], [[0.9479033350944519, 0.3185567259788513, -0.0010111820884048939, -1.11383056640625], [-0.01594071462750435, 0.04426274821162224, -0.9988926649093628, 1.5880622863769531], [-0.31815922260284424, 0.9468697309494019, 0.04703482612967491, -0.11346435546875], [0.0, 0.0, 0.0, 1.0]], [[0.0033777442295104265, 0.9985458850860596, 0.0538029707968235, 0.00189208984375], [-0.041443660855293274, 0.05389683321118355, -0.9976860880851746, 1.5736541748046875], [-0.9991351366043091, 0.0011401635129004717, 0.04156544432044029, -0.13387298583984375], [0.0, 0.0, 0.0, 1.0]], [[-0.9343134760856628, 0.35493284463882446, 0.03287588059902191, 0.911376953125], [-0.008930460549890995, 0.06889358907938004, -0.9975840449333191, 1.5491485595703125], [-0.3563404083251953, -0.9323498606681824, -0.06119849905371666, -0.14703369140625], [0.0, 0.0, 0.0, 1.0]]], "view": [[0.0, -2.0, 100.0], [-2.0, 0.0, 100.0], [0.0, 0.0, 1.0]], "bev": "bev_4431300b603c43b79d0851231e007fe5.png", "aux": "aux_4431300b603c43b79d0851231e007fe5.npz", "visibility": "visibility_4431300b603c43b79d0851231e007fe5.png", "pose": [[-0.8402040600776672, -0.542270302772522, 0.0, 598.12939453125], [0.542270302772522, -0.8402040600776672, 0.0, 820.6204223632812], [0.0, 0.0, 1.0, 0.0], [0.0, 0.0, 0.0, 1.0]], "pose_inverse": [[-0.8402040600776672, 0.542270302772522, 0.0, 57.55265426635742], [-0.542270302772522, -0.8402040600776672, 0.0, 1013.83642578125], [0.0, 0.0, 1.0, 0.0], [0.0, 0.0, 0.0, 1.0]], "cam_ids": [0, 1, 2, 3, 4, 5], "cam_channels": ["CAM_FRONT_LEFT", "CAM_FRONT", "CAM_FRONT_RIGHT", "CAM_BACK_LEFT", "CAM_BACK", "CAM_BACK_RIGHT"], "token": "4431300b603c43b79d0851231e007fe5", "scene": "scene-0370"}, {"images": ["samples/CAM_FRONT_LEFT/n015-2018-08-03-15-00-36+0800__CAM_FRONT_LEFT__1533280136154844.jpg", "samples/CAM_FRONT/n015-2018-08-03-15-00-36+0800__CAM_FRONT__1533280136162460.jpg", "samples/CAM_FRONT_RIGHT/n015-2018-08-03-15-00-36+0800__CAM_FRONT_RIGHT__1533280136170339.jpg", "samples/CAM_BACK_LEFT/n015-2018-08-03-15-00-36+0800__CAM_BACK_LEFT__1533280136197423.jpg", "samples/CAM_BACK/n015-2018-08-03-15-00-36+0800__CAM_BACK__1533280136187525.jpg", "samples/CAM_BACK_RIGHT/n015-2018-08-03-15-00-36+0800__CAM_BACK_RIGHT__1533280136177893.jpg"], "intrinsics": [[[1272.5979470598488, 0.0, 826.6154927353808], [0.0, 1272.5979470598488, 479.75165386361925], [0.0, 0.0, 1.0]], [[1266.417203046554, 0.0, 816.2670197447984], [0.0, 1266.417203046554, 491.50706579294757], [0.0, 0.0, 1.0]], [[1260.8474446004698, 0.0, 807.968244525554], [0.0, 1260.8474446004698, 495.3344268742088], [0.0, 0.0, 1.0]], [[1256.7414812095406, 0.0, 792.1125740759628], [0.0, 1256.7414812095406, 492.7757465151356], [0.0, 0.0, 1.0]], [[809.2209905677063, 0.0, 829.2196003259838], [0.0, 809.2209905677063, 481.77842384512485], [0.0, 0.0, 1.0]], [[1259.5137405846733, 0.0, 807.2529053838625], [0.0, 1259.5137405846733, 501.19579884916527], [0.0, 0.0, 1.0]]], "extrinsics": [[[0.8190938830375671, -0.5699217319488525, -0.06537887454032898, -0.5615234375], [-0.03615857660770416, 0.06244920939207077, -0.9973929524421692, 1.4903182983398438], [0.5725187063217163, 0.8193224668502808, 0.030544208362698555, -1.00213623046875], [0.0, 0.0, 0.0, 1.0]], [[0.003995017148554325, -0.9982799291610718, -0.05849048122763634, 0.00927734375], [-0.04090721532702446, 0.058278847485780716, -0.9974618554115295, 1.5037078857421875], [0.9991549849510193, 0.00637750793248415, -0.04060402512550354, -1.2850914001464844], [0.0, 0.0, 0.0, 1.0]], [[-0.8336166143417358, -0.5521966814994812, -0.012737905606627464, 0.764892578125], [-0.034660857170820236, 0.07531360536813736, -0.9965572953224182, 1.4923324584960938], [0.55125492811203, -0.8303052186965942, -0.08192228525876999, -1.0694580078125], [0.0, 0.0, 0.0, 1.0]], [[0.9479100108146667, 0.31842488050460815, -0.008492844179272652, -1.114349365234375], [-0.023910464718937874, 0.044541072100400925, -0.9987213611602783, 1.5878829956054688], [-0.31763944029808044, 0.9469010829925537, 0.049834612756967545, -0.11236572265625], [0.0, 0.0, 0.0, 1.0]], [[0.00374436448328197, 0.9985059499740601, 0.05451668053865433, 0.00274658203125], [-0.05007261410355568, 0.05463588237762451, -0.9972500801086426, 1.5725212097167969], [-0.9987385869026184, 0.0010042613139376044, 0.050202377140522, -0.133880615234375], [0.0, 0.0, 0.0, 1.0]], [[-0.9340836405754089, 0.35457807779312134, 0.04197772592306137, 0.91143798828125], [-0.018198397010564804, 0.07013563066720963, -0.9973714351654053, 1.5469818115234375], [-0.3565901815891266, -0.9323922991752625, -0.05905979499220848, -0.1478271484375], [0.0, 0.0, 0.0, 1.0]]], "view": [[0.0, -2.0, 100.0], [-2.0, 0.0, 100.0], [0.0, 0.0, 1.0]], "bev": "bev_f0f22e3b8d324deea6b538fddbee4d4c.png", "aux": "aux_f0f22e3b8d324deea6b538fddbee4d4c.npz", "visibility": "visibility_f0f22e3b8d324deea6b538fddbee4d4c.png", "pose": [[-0.8427119255065918, -0.5383647680282593, 0.0, 593.608642578125], [0.5383647680282593, -0.8427119255065918, 0.0, 823.5816650390625], [0.0, 0.0, 1.0, 0.0], [0.0, 0.0, 0.0, 1.0]], "pose_inverse": [[-0.8427119255065918, 0.5383647680282593, 0.0, 56.85371780395508], [-0.5383647680282593, -0.8427119255065918, 0.0, 1013.6200561523438], [0.0, 0.0, 1.0, 0.0], [0.0, 0.0, 0.0, 1.0]], "cam_ids": [0, 1, 2, 3, 4, 5], "cam_channels": ["CAM_FRONT_LEFT", "CAM_FRONT", "CAM_FRONT_RIGHT", "CAM_BACK_LEFT", "CAM_BACK", "CAM_BACK_RIGHT"], "token": "f0f22e3b8d324deea6b538fddbee4d4c", "scene": "scene-0370"}, {"images": ["samples/CAM_FRONT_LEFT/n015-2018-08-03-15-00-36+0800__CAM_FRONT_LEFT__1533280136654844.jpg", "samples/CAM_FRONT/n015-2018-08-03-15-00-36+0800__CAM_FRONT__1533280136662460.jpg", "samples/CAM_FRONT_RIGHT/n015-2018-08-03-15-00-36+0800__CAM_FRONT_RIGHT__1533280136670339.jpg", "samples/CAM_BACK_LEFT/n015-2018-08-03-15-00-36+0800__CAM_BACK_LEFT__1533280136697423.jpg", "samples/CAM_BACK/n015-2018-08-03-15-00-36+0800__CAM_BACK__1533280136687525.jpg", "samples/CAM_BACK_RIGHT/n015-2018-08-03-15-00-36+0800__CAM_BACK_RIGHT__1533280136677893.jpg"], "intrinsics": [[[1272.5979470598488, 0.0, 826.6154927353808], [0.0, 1272.5979470598488, 479.75165386361925], [0.0, 0.0, 1.0]], [[1266.417203046554, 0.0, 816.2670197447984], [0.0, 1266.417203046554, 491.50706579294757], [0.0, 0.0, 1.0]], [[1260.8474446004698, 0.0, 807.968244525554], [0.0, 1260.8474446004698, 495.3344268742088], [0.0, 0.0, 1.0]], [[1256.7414812095406, 0.0, 792.1125740759628], [0.0, 1256.7414812095406, 492.7757465151356], [0.0, 0.0, 1.0]], [[809.2209905677063, 0.0, 829.2196003259838], [0.0, 809.2209905677063, 481.77842384512485], [0.0, 0.0, 1.0]], [[1259.5137405846733, 0.0, 807.2529053838625], [0.0, 1259.5137405846733, 501.19579884916527], [0.0, 0.0, 1.0]]], "extrinsics": [[[0.8196549415588379, -0.5699343085289001, -0.05779849737882614, -0.5711669921875], [-0.03516920655965805, 0.05064079910516739, -0.9980974793434143, 1.4912376403808594], [0.5717769265174866, 0.820128321647644, 0.021463843062520027, -1.01092529296875], [0.0, 0.0, 0.0, 1.0]], [[0.0048202588222920895, -0.9989013075828552, -0.04661412537097931, 0.01055908203125], [-0.04048120230436325, 0.04638154059648514, -0.9981032609939575, 1.5043106079101562], [0.9991686344146729, 0.006698126904666424, -0.04021315276622772, -1.296112060546875], [0.0, 0.0, 0.0, 1.0]], [[-0.8332067728042603, -0.5529287457466125, -0.006025286857038736, 0.77294921875], [-0.03484710305929184, 0.06337949633598328, -0.9973809123039246, 1.4925537109375], [0.5518624782562256, -0.8308145999908447, -0.07207619398832321, -1.07354736328125], [0.0, 0.0, 0.0, 1.0]], [[0.9475367665290833, 0.31931623816490173, -0.014535898342728615, -1.117431640625], [-0.02622520923614502, 0.03233802691102028, -0.9991328120231628, 1.5878582000732422], [-0.31856924295425415, 0.9470962882041931, 0.039015598595142365, -0.1121826171875], [0.0, 0.0, 0.0, 1.0]], [[0.0030300056096166372, 0.999093234539032, 0.042469754815101624, 0.001953125], [-0.05160292237997055, 0.042569585144519806, -0.997759997844696, 1.5725364685058594], [-0.998663067817688, 0.0008316198945976794, 0.05168510973453522, -0.12899398803710938], [0.0, 0.0, 0.0, 1.0]], [[-0.9342988133430481, 0.35441476106643677, 0.03841979801654816, 0.917633056640625], [-0.018972177058458328, 0.05818634107708931, -0.998125433921814, 1.546905517578125], [-0.3559858798980713, -0.9332762956619263, -0.047639407217502594, -0.14459228515625], [0.0, 0.0, 0.0, 1.0]]], "view": [[0.0, -2.0, 100.0], [-2.0, 0.0, 100.0], [0.0, 0.0, 1.0]], "bev": "bev_14194dc1a2414258bacaac1e5a30df72.png", "aux": "aux_14194dc1a2414258bacaac1e5a30df72.npz", "visibility": "visibility_14194dc1a2414258bacaac1e5a30df72.png", "pose": [[-0.841629147529602, -0.5400559306144714, 0.0, 589.11572265625], [0.5400559306144714, -0.841629147529602, 0.0, 826.5169677734375], [0.0, 0.0, 1.0, 0.0], [0.0, 0.0, 0.0, 1.0]], "pose_inverse": [[-0.841629147529602, 0.5400559306144714, 0.0, 49.45157241821289], [-0.5400559306144714, -0.841629147529602, 0.0, 1013.7761840820312], [0.0, 0.0, 1.0, 0.0], [0.0, 0.0, 0.0, 1.0]], "cam_ids": [0, 1, 2, 3, 4, 5], "cam_channels": ["CAM_FRONT_LEFT", "CAM_FRONT", "CAM_FRONT_RIGHT", "CAM_BACK_LEFT", "CAM_BACK", "CAM_BACK_RIGHT"], "token": "14194dc1a2414258bacaac1e5a30df72", "scene": "scene-0370"}, {"images": ["samples/CAM_FRONT_LEFT/n015-2018-08-03-15-00-36+0800__CAM_FRONT_LEFT__1533280137154844.jpg", "samples/CAM_FRONT/n015-2018-08-03-15-00-36+0800__CAM_FRONT__1533280137162460.jpg", "samples/CAM_FRONT_RIGHT/n015-2018-08-03-15-00-36+0800__CAM_FRONT_RIGHT__1533280137170339.jpg", "samples/CAM_BACK_LEFT/n015-2018-08-03-15-00-36+0800__CAM_BACK_LEFT__1533280137197423.jpg", "samples/CAM_BACK/n015-2018-08-03-15-00-36+0800__CAM_BACK__1533280137187525.jpg", "samples/CAM_BACK_RIGHT/n015-2018-08-03-15-00-36+0800__CAM_BACK_RIGHT__1533280137177893.jpg"], "intrinsics": [[[1272.5979470598488, 0.0, 826.6154927353808], [0.0, 1272.5979470598488, 479.75165386361925], [0.0, 0.0, 1.0]], [[1266.417203046554, 0.0, 816.2670197447984], [0.0, 1266.417203046554, 491.50706579294757], [0.0, 0.0, 1.0]], [[1260.8474446004698, 0.0, 807.968244525554], [0.0, 1260.8474446004698, 495.3344268742088], [0.0, 0.0, 1.0]], [[1256.7414812095406, 0.0, 792.1125740759628], [0.0, 1256.7414812095406, 492.7757465151356], [0.0, 0.0, 1.0]], [[809.2209905677063, 0.0, 829.2196003259838], [0.0, 809.2209905677063, 481.77842384512485], [0.0, 0.0, 1.0]], [[1259.5137405846733, 0.0, 807.2529053838625], [0.0, 1259.5137405846733, 501.19579884916527], [0.0, 0.0, 1.0]]], "extrinsics": [[[0.8204014897346497, -0.5697851777076721, -0.04781392216682434, -0.565185546875], [-0.03174945339560509, 0.03809819370508194, -0.9987694621086121, 1.4926719665527344], [0.5709056854248047, 0.8209100365638733, 0.013165445998311043, -1.00946044921875], [0.0, 0.0, 0.0, 1.0]], [[0.005779667757451534, -0.9994054436683655, -0.03398936986923218, 0.01239013671875], [-0.036812350153923035, 0.03375425562262535, -0.9987519979476929, 1.5055999755859375], [0.9993054866790771, 0.007023673504590988, -0.03659537434577942, -1.2915000915527344], [0.0, 0.0, 0.0, 1.0]], [[-0.8328199982643127, -0.5535391569137573, -0.0022719677072018385, 0.77093505859375], [-0.030949652194976807, 0.0506620854139328, -0.9982361197471619, 1.4936485290527344], [0.5526779294013977, -0.8312807083129883, -0.0593242421746254, -1.070556640625], [0.0, 0.0, 0.0, 1.0]], [[0.9474982619285583, 0.3194517493247986, -0.014058220200240612, -1.1192626953125], [-0.021337216719985008, 0.019297359511256218, -0.9995860457420349, 1.5880107879638672], [-0.3190481960773468, 0.947405993938446, 0.025100423023104668, -0.1124267578125], [0.0, 0.0, 0.0, 1.0]], [[0.0024616450536996126, 0.9995593428611755, 0.029582586139440536, 0.00128173828125], [-0.047144338488578796, 0.029665784910321236, -0.9984474778175354, 1.5731048583984375], [-0.9988850355148315, 0.0010631626937538385, 0.04719658941030502, -0.12943649291992188], [0.0, 0.0, 0.0, 1.0]], [[-0.9346311688423157, 0.3543524146080017, 0.029981940984725952, 0.915374755859375], [-0.01483885943889618, 0.04537542536854744, -0.9988597631454468, 1.5478172302246094], [-0.3553088307380676, -0.93401038646698, -0.03715109825134277, -0.1444091796875], [0.0, 0.0, 0.0, 1.0]]], "view": [[0.0, -2.0, 100.0], [-2.0, 0.0, 100.0], [0.0, 0.0, 1.0]], "bev": "bev_6845f1da75d04436bb6f630ded4773f3.png", "aux": "aux_6845f1da75d04436bb6f630ded4773f3.npz", "visibility": "visibility_6845f1da75d04436bb6f630ded4773f3.png", "pose": [[-0.8422104716300964, -0.5391488671302795, 0.0, 584.6099243164062], [0.5391488671302795, -0.8422104716300964, 0.0, 829.446044921875], [0.0, 0.0, 1.0, 0.0], [0.0, 0.0, 0.0, 1.0]], "pose_inverse": [[-0.8422104716300964, 0.5391488671302795, 0.0, 45.16969299316406], [-0.5391488671302795, -0.8422104716300964, 0.0, 1013.7599487304688], [0.0, 0.0, 1.0, 0.0], [0.0, 0.0, 0.0, 1.0]], "cam_ids": [0, 1, 2, 3, 4, 5], "cam_channels": ["CAM_FRONT_LEFT", "CAM_FRONT", "CAM_FRONT_RIGHT", "CAM_BACK_LEFT", "CAM_BACK", "CAM_BACK_RIGHT"], "token": "6845f1da75d04436bb6f630ded4773f3", "scene": "scene-0370"}, {"images": ["samples/CAM_FRONT_LEFT/n015-2018-08-03-15-00-36+0800__CAM_FRONT_LEFT__1533280137654844.jpg", "samples/CAM_FRONT/n015-2018-08-03-15-00-36+0800__CAM_FRONT__1533280137662460.jpg", "samples/CAM_FRONT_RIGHT/n015-2018-08-03-15-00-36+0800__CAM_FRONT_RIGHT__1533280137670339.jpg", "samples/CAM_BACK_LEFT/n015-2018-08-03-15-00-36+0800__CAM_BACK_LEFT__1533280137697981.jpg", "samples/CAM_BACK/n015-2018-08-03-15-00-36+0800__CAM_BACK__1533280137687525.jpg", "samples/CAM_BACK_RIGHT/n015-2018-08-03-15-00-36+0800__CAM_BACK_RIGHT__1533280137677893.jpg"], "intrinsics": [[[1272.5979470598488, 0.0, 826.6154927353808], [0.0, 1272.5979470598488, 479.75165386361925], [0.0, 0.0, 1.0]], [[1266.417203046554, 0.0, 816.2670197447984], [0.0, 1266.417203046554, 491.50706579294757], [0.0, 0.0, 1.0]], [[1260.8474446004698, 0.0, 807.968244525554], [0.0, 1260.8474446004698, 495.3344268742088], [0.0, 0.0, 1.0]], [[1256.7414812095406, 0.0, 792.1125740759628], [0.0, 1256.7414812095406, 492.7757465151356], [0.0, 0.0, 1.0]], [[809.2209905677063, 0.0, 829.2196003259838], [0.0, 809.2209905677063, 481.77842384512485], [0.0, 0.0, 1.0]], [[1259.5137405846733, 0.0, 807.2529053838625], [0.0, 1259.5137405846733, 501.19579884916527], [0.0, 0.0, 1.0]]], "extrinsics": [[[0.8202216029167175, -0.5710161924362183, -0.03430765122175217, -0.5655517578125], [-0.03177858516573906, 0.014397638849914074, -0.9993911981582642, 1.492793083190918], [0.5711625814437866, 0.820812463760376, -0.006336832419037819, -1.00531005859375], [0.0, 0.0, 0.0, 1.0]], [[0.005622146651148796, -0.9999310374259949, -0.010300747118890285, 0.0093994140625], [-0.0370803028345108, 0.010085362941026688, -0.9992614388465881, 1.5055818557739258], [0.9992964863777161, 0.005999953020364046, -0.03702104836702347, -1.2900009155273438], [0.0, 0.0, 0.0, 1.0]], [[-0.8328256607055664, -0.5534204840660095, 0.011273889802396297, 0.7689208984375], [-0.03148461878299713, 0.027026500552892685, -0.9991387128829956, 1.4936103820800781], [0.5526391267776489, -0.8324633240699768, -0.03993259742856026, -1.07196044921875], [0.0, 0.0, 0.0, 1.0]], [[0.9473771452903748, 0.3192770779132843, -0.023209402337670326, -1.12811279296875], [-0.023036576807498932, -0.004318187944591045, -0.9997252821922302, 1.5882148742675781], [-0.31928956508636475, 0.9476515650749207, 0.003264098661020398, -0.10784912109375], [0.0, 0.0, 0.0, 1.0]], [[0.0022499538026750088, 0.9999796748161316, 0.0059652687050402164, 0.0025634765625], [-0.048360951244831085, 0.006067111622542143, -0.9988115429878235, 1.5730552673339844], [-0.9988272786140442, 0.001958751119673252, 0.048373620957136154, -0.12825393676757812], [0.0, 0.0, 0.0, 1.0]], [[-0.9346508979797363, 0.35486263036727905, 0.022367244586348534, 0.915618896484375], [-0.015666209161281586, 0.021745799109339714, -0.9996407628059387, 1.5477313995361328], [-0.3552215099334717, -0.9346655607223511, -0.014765379950404167, -0.1461181640625], [0.0, 0.0, 0.0, 1.0]]], "view": [[0.0, -2.0, 100.0], [-2.0, 0.0, 100.0], [0.0, 0.0, 1.0]], "bev": "bev_31fe35c32bbc44bcb5cc193c82007b4b.png", "aux": "aux_31fe35c32bbc44bcb5cc193c82007b4b.npz", "visibility": "visibility_31fe35c32bbc44bcb5cc193c82007b4b.png", "pose": [[-0.844393789768219, -0.5357229709625244, 0.0, 580.027587890625], [0.5357229709625244, -0.844393789768219, 0.0, 832.4099731445312], [0.0, 0.0, 1.0, 0.0], [0.0, 0.0, 0.0, 1.0]], "pose_inverse": [[-0.844393789768219, 0.5357229709625244, 0.0, 43.830570220947266], [-0.5357229709625244, -0.844393789768219, 0.0, 1013.6159057617188], [0.0, 0.0, 1.0, 0.0], [0.0, 0.0, 0.0, 1.0]], "cam_ids": [0, 1, 2, 3, 4, 5], "cam_channels": ["CAM_FRONT_LEFT", "CAM_FRONT", "CAM_FRONT_RIGHT", "CAM_BACK_LEFT", "CAM_BACK", "CAM_BACK_RIGHT"], "token": "31fe35c32bbc44bcb5cc193c82007b4b", "scene": "scene-0370"}, {"images": ["samples/CAM_FRONT_LEFT/n015-2018-08-03-15-00-36+0800__CAM_FRONT_LEFT__1533280138154844.jpg", "samples/CAM_FRONT/n015-2018-08-03-15-00-36+0800__CAM_FRONT__1533280138162460.jpg", "samples/CAM_FRONT_RIGHT/n015-2018-08-03-15-00-36+0800__CAM_FRONT_RIGHT__1533280138170339.jpg", "samples/CAM_BACK_LEFT/n015-2018-08-03-15-00-36+0800__CAM_BACK_LEFT__1533280138197423.jpg", "samples/CAM_BACK/n015-2018-08-03-15-00-36+0800__CAM_BACK__1533280138187525.jpg", "samples/CAM_BACK_RIGHT/n015-2018-08-03-15-00-36+0800__CAM_BACK_RIGHT__1533280138177893.jpg"], "intrinsics": [[[1272.5979470598488, 0.0, 826.6154927353808], [0.0, 1272.5979470598488, 479.75165386361925], [0.0, 0.0, 1.0]], [[1266.417203046554, 0.0, 816.2670197447984], [0.0, 1266.417203046554, 491.50706579294757], [0.0, 0.0, 1.0]], [[1260.8474446004698, 0.0, 807.968244525554], [0.0, 1260.8474446004698, 495.3344268742088], [0.0, 0.0, 1.0]], [[1256.7414812095406, 0.0, 792.1125740759628], [0.0, 1256.7414812095406, 492.7757465151356], [0.0, 0.0, 1.0]], [[809.2209905677063, 0.0, 829.2196003259838], [0.0, 809.2209905677063, 481.77842384512485], [0.0, 0.0, 1.0]], [[1259.5137405846733, 0.0, 807.2529053838625], [0.0, 1259.5137405846733, 501.19579884916527], [0.0, 0.0, 1.0]]], "extrinsics": [[[0.8206512928009033, -0.5706855058670044, -0.029148073866963387, -0.56072998046875], [-0.03596648573875427, -0.000677672098390758, -0.999352753162384, 1.4906736612319946], [0.5702963471412659, 0.8211684226989746, -0.021081682294607162, -1.00592041015625], [0.0, 0.0, 0.0, 1.0]], [[0.006443146616220474, -0.9999684691429138, 0.004620776046067476, 0.01220703125], [-0.04124309867620468, -0.004882678855210543, -0.9991372227668762, 1.5038337707519531], [0.9991283416748047, 0.006247056648135185, -0.04127325862646103, -1.2872962951660156], [0.0, 0.0, 0.0, 1.0]], [[-0.8323682546615601, -0.5537497997283936, 0.022894760593771935, 0.76849365234375], [-0.03559522330760956, 0.012189241126179695, -0.9992918968200684, 1.492234230041504], [0.5530785918235779, -0.8325938582420349, -0.029856784269213676, -1.0692138671875], [0.0, 0.0, 0.0, 1.0]], [[0.9471808671951294, 0.3191806972026825, -0.031180622056126595, -1.121826171875], [-0.02657841518521309, -0.018765384331345558, -0.9994705319404602, 1.5879936218261719], [-0.3195967972278595, 0.9475081562995911, -0.00929089356213808, -0.111572265625], [0.0, 0.0, 0.0, 1.0]], [[0.0018123241607099771, 0.9999611973762512, -0.008618113584816456, 0.0013427734375], [-0.052135951817035675, -0.008511923253536224, -0.9986037611961365, 1.5725460052490234], [-0.9986382722854614, 0.0022590868175029755, 0.05211850255727768, -0.12888336181640625], [0.0, 0.0, 0.0, 1.0]], [[-0.9347680807113647, 0.3546449542045593, 0.0208735391497612, 0.9139404296875], [-0.019651178270578384, 0.007048442494124174, -0.9997820258140564, 1.5467801094055176], [-0.3547147512435913, -0.9349744915962219, 0.00038053066236898303, -0.14520263671875], [0.0, 0.0, 0.0, 1.0]]], "view": [[0.0, -2.0, 100.0], [-2.0, 0.0, 100.0], [0.0, 0.0, 1.0]], "bev": "bev_ff98a52465e748829c40c16ead707484.png", "aux": "aux_ff98a52465e748829c40c16ead707484.npz", "visibility": "visibility_ff98a52465e748829c40c16ead707484.png", "pose": [[-0.8458604216575623, -0.5334042906761169, 0.0, 575.3870239257812], [0.5334042906761169, -0.8458604216575623, 0.0, 835.375732421875], [0.0, 0.0, 1.0, 0.0], [0.0, 0.0, 0.0, 1.0]], "pose_inverse": [[-0.8458604216575623, 0.5334042906761169, 0.0, 41.10408401489258], [-0.5334042906761169, -0.8458604216575623, 0.0, 1013.5252075195312], [0.0, 0.0, 1.0, 0.0], [0.0, 0.0, 0.0, 1.0]], "cam_ids": [0, 1, 2, 3, 4, 5], "cam_channels": ["CAM_FRONT_LEFT", "CAM_FRONT", "CAM_FRONT_RIGHT", "CAM_BACK_LEFT", "CAM_BACK", "CAM_BACK_RIGHT"], "token": "ff98a52465e748829c40c16ead707484", "scene": "scene-0370"}, {"images": ["samples/CAM_FRONT_LEFT/n015-2018-08-03-15-00-36+0800__CAM_FRONT_LEFT__1533280138654844.jpg", "samples/CAM_FRONT/n015-2018-08-03-15-00-36+0800__CAM_FRONT__1533280138662460.jpg", "samples/CAM_FRONT_RIGHT/n015-2018-08-03-15-00-36+0800__CAM_FRONT_RIGHT__1533280138670339.jpg", "samples/CAM_BACK_LEFT/n015-2018-08-03-15-00-36+0800__CAM_BACK_LEFT__1533280138697423.jpg", "samples/CAM_BACK/n015-2018-08-03-15-00-36+0800__CAM_BACK__1533280138687525.jpg", "samples/CAM_BACK_RIGHT/n015-2018-08-03-15-00-36+0800__CAM_BACK_RIGHT__1533280138677893.jpg"], "intrinsics": [[[1272.5979470598488, 0.0, 826.6154927353808], [0.0, 1272.5979470598488, 479.75165386361925], [0.0, 0.0, 1.0]], [[1266.417203046554, 0.0, 816.2670197447984], [0.0, 1266.417203046554, 491.50706579294757], [0.0, 0.0, 1.0]], [[1260.8474446004698, 0.0, 807.968244525554], [0.0, 1260.8474446004698, 495.3344268742088], [0.0, 0.0, 1.0]], [[1256.7414812095406, 0.0, 792.1125740759628], [0.0, 1256.7414812095406, 492.7757465151356], [0.0, 0.0, 1.0]], [[809.2209905677063, 0.0, 829.2196003259838], [0.0, 809.2209905677063, 481.77842384512485], [0.0, 0.0, 1.0]], [[1259.5137405846733, 0.0, 807.2529053838625], [0.0, 1259.5137405846733, 501.19579884916527], [0.0, 0.0, 1.0]]], "extrinsics": [[[0.8200321197509766, -0.5720300078392029, -0.018137631937861443, -0.552001953125], [-0.03132762387394905, -0.013220482505857944, -0.9994217157363892, 1.4924650192260742], [0.5714594721794128, 0.8201261162757874, -0.02876156195998192, -0.99212646484375], [0.0, 0.0, 0.0, 1.0]], [[0.005382576026022434, -0.9998353719711304, 0.017325498163700104, 0.00714111328125], [-0.03665395826101303, -0.01751137152314186, -0.9991745948791504, 1.5051841735839844], [0.999313473701477, 0.004743064753711224, -0.036742180585861206, -1.2739639282226562], [0.0, 0.0, 0.0, 1.0]], [[-0.832914412021637, -0.5527822375297546, 0.026180749759078026, 0.7568359375], [-0.03104202076792717, -0.0005658338777720928, -0.9995178580284119, 1.4933797121047974], [0.5525305271148682, -0.8333255648612976, -0.016688184812664986, -1.066162109375], [0.0, 0.0, 0.0, 1.0]], [[0.9473720192909241, 0.31859055161476135, -0.03140773996710777, -1.11590576171875], [-0.022491859272122383, -0.031626563519239426, -0.9992465972900391, 1.587930679321289], [-0.31934380531311035, 0.9473646283149719, -0.022796425968408585, -0.11236572265625], [0.0, 0.0, 0.0, 1.0]], [[0.0022345527540892363, 0.9997656941413879, -0.021532928571105003, 0.003234