[{"images": ["samples/CAM_FRONT_LEFT/n015-2018-07-18-11-50-34+0800__CAM_FRONT_LEFT__1531886322504844.jpg", "samples/CAM_FRONT/n015-2018-07-18-11-50-34+0800__CAM_FRONT__1531886322512465.jpg", "samples/CAM_FRONT_RIGHT/n015-2018-07-18-11-50-34+0800__CAM_FRONT_RIGHT__1531886322520339.jpg", "samples/CAM_BACK_LEFT/n015-2018-07-18-11-50-34+0800__CAM_BACK_LEFT__1531886322547423.jpg", "samples/CAM_BACK/n015-2018-07-18-11-50-34+0800__CAM_BACK__1531886322537525.jpg", "samples/CAM_BACK_RIGHT/n015-2018-07-18-11-50-34+0800__CAM_BACK_RIGHT__1531886322527893.jpg"], "intrinsics": [[[1272.5979470598488, 0.0, 826.6154927353808], [0.0, 1272.5979470598488, 479.75165386361925], [0.0, 0.0, 1.0]], [[1266.417203046554, 0.0, 816.2670197447984], [0.0, 1266.417203046554, 491.50706579294757], [0.0, 0.0, 1.0]], [[1260.8474446004698, 0.0, 807.968244525554], [0.0, 1260.8474446004698, 495.3344268742088], [0.0, 0.0, 1.0]], [[1256.7414812095406, 0.0, 792.1125740759628], [0.0, 1256.7414812095406, 492.7757465151356], [0.0, 0.0, 1.0]], [[809.2209905677063, 0.0, 829.2196003259838], [0.0, 809.2209905677063, 481.77842384512485], [0.0, 0.0, 1.0]], [[1259.5137405846733, 0.0, 807.2529053838625], [0.0, 1259.5137405846733, 501.19579884916527], [0.0, 0.0, 1.0]]], "extrinsics": [[[0.8171101808547974, -0.5762220621109009, 0.017294760793447495, -0.60797119140625], [0.021988386288285255, 0.001173797296360135, -0.9997575283050537, 1.5177913904190063], [0.5760619640350342, 0.8172922730445862, 0.013629315420985222, -1.0333251953125], [0.0, 0.0, 0.0, 1.0]], [[0.0005553201190195978, -0.9999961256980896, 0.002702181227505207, 0.0084228515625], [0.016641324386000633, -0.002692566253244877, -0.9998579025268555, 1.5265545845031738], [0.9998613595962524, 0.0006001456640660763, 0.01663976162672043, -1.3310585021972656], [0.0, 0.0, 0.0, 1.0]], [[-0.8347875475883484, -0.549924910068512, -0.02669263631105423, 0.7950439453125], [0.02230549417436123, 0.014661604538559914, -0.9996436238288879, 1.5099849700927734], [0.5501202344894409, -0.8350854516029358, 2.7022522772313096e-05, -1.0892333984375], [0.0, 0.0, 0.0, 1.0]], [[0.9476529955863953, 0.3183862566947937, 0.02416793815791607, -1.119598388671875], [0.030661066994071007, -0.015397469513118267, -0.9994112253189087, 1.5893058776855469], [-0.31782665848731995, 0.9478360414505005, -0.024353520944714546, -0.1119384765625], [0.0, 0.0, 0.0, 1.0]], [[0.004421992227435112, 0.9999757409095764, -0.005395829677581787, 0.0020751953125], [0.0053523266687989235, -0.005419472232460976, -0.9999709725379944, 1.580009937286377], [-0.999975860118866, 0.00439296243712306, -0.0053761620074510574, -0.11837196350097656], [0.0, 0.0, 0.0, 1.0]], [[-0.9331835508346558, 0.3579639196395874, -0.03209955245256424, 0.936248779296875], [0.03810327872633934, 0.009728996083140373, -0.999226450920105, 1.559565544128418], [-0.3573746681213379, -0.933684766292572, -0.022718535736203194, -0.137939453125], [0.0, 0.0, 0.0, 1.0]]], "view": [[0.0, -2.0, 100.0], [-2.0, 0.0, 100.0], [0.0, 0.0, 1.0]], "bev": "bev_3a77c8c2fa724db784cf3513d1a29cac.png", "aux": "aux_3a77c8c2fa724db784cf3513d1a29cac.npz", "visibility": "visibility_3a77c8c2fa724db784cf3513d1a29cac.png", "pose": [[0.6571103930473328, 0.7537943720817566, 0.0, 1029.458740234375], [-0.7537943720817566, 0.6571103930473328, 0.0, 855.417724609375], [0.0, 0.0, 1.0, 0.0], [0.0, 0.0, 0.0, 1.0]], "pose_inverse": [[0.6571103930473328, -0.7537943720817566, 0.0, -31.65899658203125], [0.7537943720817566, 0.6571103930473328, 0.0, -1338.1041259765625], [0.0, 0.0, 1.0, 0.0], [0.0, 0.0, 0.0, 1.0]], "cam_ids": [0, 1, 2, 3, 4, 5], "cam_channels": ["CAM_FRONT_LEFT", "CAM_FRONT", "CAM_FRONT_RIGHT", "CAM_BACK_LEFT", "CAM_BACK", "CAM_BACK_RIGHT"], "token": "3a77c8c2fa724db784cf3513d1a29cac", "scene": "scene-0033"}, {"images": ["samples/CAM_FRONT_LEFT/n015-2018-07-18-11-50-34+0800__CAM_FRONT_LEFT__1531886323004844.jpg", "samples/CAM_FRONT/n015-2018-07-18-11-50-34+0800__CAM_FRONT__1531886323012464.jpg", "samples/CAM_FRONT_RIGHT/n015-2018-07-18-11-50-34+0800__CAM_FRONT_RIGHT__1531886323020339.jpg", "samples/CAM_BACK_LEFT/n015-2018-07-18-11-50-34+0800__CAM_BACK_LEFT__1531886323047423.jpg", "samples/CAM_BACK/n015-2018-07-18-11-50-34+0800__CAM_BACK__1531886323037525.jpg", "samples/CAM_BACK_RIGHT/n015-2018-07-18-11-50-34+0800__CAM_BACK_RIGHT__1531886323027893.jpg"], "intrinsics": [[[1272.5979470598488, 0.0, 826.6154927353808], [0.0, 1272.5979470598488, 479.75165386361925], [0.0, 0.0, 1.0]], [[1266.417203046554, 0.0, 816.2670197447984], [0.0, 1266.417203046554, 491.50706579294757], [0.0, 0.0, 1.0]], [[1260.8474446004698, 0.0, 807.968244525554], [0.0, 1260.8474446004698, 495.3344268742088], [0.0, 0.0, 1.0]], [[1256.7414812095406, 0.0, 792.1125740759628], [0.0, 1256.7414812095406, 492.7757465151356], [0.0, 0.0, 1.0]], [[809.2209905677063, 0.0, 829.2196003259838], [0.0, 809.2209905677063, 481.77842384512485], [0.0, 0.0, 1.0]], [[1259.5137405846733, 0.0, 807.2529053838625], [0.0, 1259.5137405846733, 501.19579884916527], [0.0, 0.0, 1.0]]], "extrinsics": [[[0.8183203935623169, -0.5746936798095703, 0.008878673426806927, -0.5947265625], [0.010523376986384392, -0.0004640488768927753, -0.9999445080757141, 1.5129718780517578], [0.5746659636497498, 0.8183684349060059, 0.005667977500706911, -1.0269775390625], [0.0, 0.0, 0.0, 1.0]], [[0.0022058580070734024, -0.9999871850013733, 0.004549015779048204, 0.01025390625], [0.004969573579728603, -0.004538008477538824, -0.9999774098396301, 1.5224056243896484], [0.9999852180480957, 0.0022283850703388453, 0.0049594989977777, -1.319580078125], [0.0, 0.0, 0.0, 1.0]], [[-0.8343362212181091, -0.5510343313217163, -0.015626391395926476, 0.78900146484375], [0.010390949435532093, 0.012621275149285793, -0.9998663663864136, 1.5066509246826172], [0.5511578917503357, -0.8343870639801025, -0.00480461772531271, -1.08349609375], [0.0, 0.0, 0.0, 1.0]], [[0.9477595686912537, 0.31878387928009033, 0.011342299170792103, -1.1201171875], [0.01794941909611225, -0.017795931547880173, -0.9996805191040039, 1.5889816284179688], [-0.3184802234172821, 0.9476603269577026, -0.022588249295949936, -0.111572265625], [0.0, 0.0, 0.0, 1.0]], [[0.003680987749248743, 0.9999631643295288, -0.007754420395940542, 0.0015869140625], [-0.007062628399580717, -0.007728282827883959, -0.9999452233314514, 1.5785045623779297], [-0.9999682903289795, 0.003735577454790473, 0.007033919915556908, -0.1204986572265625], [0.0, 0.0, 0.0, 1.0]], [[-0.9338521361351013, 0.3570081889629364, -0.021572809666395187, 0.931060791015625], [0.02597990818321705, 0.007552985101938248, -0.9996339082717896, 1.5571069717407227], [-0.35671454668045044, -0.9340707063674927, -0.016328411176800728, -0.138916015625], [0.0, 0.0, 0.0, 1.0]]], "view": [[0.0, -2.0, 100.0], [-2.0, 0.0, 100.0], [0.0, 0.0, 1.0]], "bev": "bev_2e62af9882e144f8adc3d60bbd68804b.png", "aux": "aux_2e62af9882e144f8adc3d60bbd68804b.npz", "visibility": "visibility_2e62af9882e144f8adc3d60bbd68804b.png", "pose": [[0.692885160446167, 0.7210479378700256, 0.0, 1032.719482421875], [-0.7210479378700256, 0.692885160446167, 0.0, 851.7899780273438], [0.0, 0.0, 1.0, 0.0], [0.0, 0.0, 0.0, 1.0]], "pose_inverse": [[0.692885160446167, -0.7210479378700256, 0.0, -101.37457275390625], [0.7210479378700256, 0.692885160446167, 0.0, -1334.8328857421875], [0.0, 0.0, 1.0, 0.0], [0.0, 0.0, 0.0, 1.0]], "cam_ids": [0, 1, 2, 3, 4, 5], "cam_channels": ["CAM_FRONT_LEFT", "CAM_FRONT", "CAM_FRONT_RIGHT", "CAM_BACK_LEFT", "CAM_BACK", "CAM_BACK_RIGHT"], "token": "2e62af9882e144f8adc3d60bbd68804b", "scene": "scene-0033"}, {"images": ["samples/CAM_FRONT_LEFT/n015-2018-07-18-11-50-34+0800__CAM_FRONT_LEFT__1531886323504844.jpg", "samples/CAM_FRONT/n015-2018-07-18-11-50-34+0800__CAM_FRONT__1531886323512462.jpg", "samples/CAM_FRONT_RIGHT/n015-2018-07-18-11-50-34+0800__CAM_FRONT_RIGHT__1531886323520339.jpg", "samples/CAM_BACK_LEFT/n015-2018-07-18-11-50-34+0800__CAM_BACK_LEFT__1531886323547423.jpg", "samples/CAM_BACK/n015-2018-07-18-11-50-34+0800__CAM_BACK__1531886323537525.jpg", "samples/CAM_BACK_RIGHT/n015-2018-07-18-11-50-34+0800__CAM_BACK_RIGHT__1531886323527893.jpg"], "intrinsics": [[[1272.5979470598488, 0.0, 826.6154927353808], [0.0, 1272.5979470598488, 479.75165386361925], [0.0, 0.0, 1.0]], [[1266.417203046554, 0.0, 816.2670197447984], [0.0, 1266.417203046554, 491.50706579294757], [0.0, 0.0, 1.0]], [[1260.8474446004698, 0.0, 807.968244525554], [0.0, 1260.8474446004698, 495.3344268742088], [0.0, 0.0, 1.0]], [[1256.7414812095406, 0.0, 792.1125740759628], [0.0, 1256.7414812095406, 492.7757465151356], [0.0, 0.0, 1.0]], [[809.2209905677063, 0.0, 829.2196003259838], [0.0, 809.2209905677063, 481.77842384512485], [0.0, 0.0, 1.0]], [[1259.5137405846733, 0.0, 807.2529053838625], [0.0, 1259.5137405846733, 501.19579884916527], [0.0, 0.0, 1.0]]], "extrinsics": [[[0.8195112943649292, -0.5730604529380798, 0.0017164434539154172, -0.58306884765625], [0.0018203475046902895, -0.0003920098824892193, -0.9999982714653015, 1.5090906620025635], [0.573060154914856, 0.8195130228996277, 0.0007219126564450562, -1.0203857421875], [0.0, 0.0, 0.0, 1.0]], [[0.0039316266775131226, -0.9999826550483704, 0.00439275149255991, 0.011474609375], [-0.0036350958980619907, -0.004407049156725407, -0.9999837279319763, 1.5191550254821777], [0.9999856352806091, 0.0039155748672783375, -0.0036523593589663506, -1.30743408203125], [0.0, 0.0, 0.0, 1.0]], [[-0.8336432576179504, -0.5522356629371643, -0.00863595586270094, 0.7799072265625], [0.0018575764261186123, 0.012832699343562126, -0.9999158978462219, 1.5041589736938477], [0.5523000955581665, -0.8335893154144287, -0.0096720727160573, -1.0765380859375], [0.0, 0.0, 0.0, 1.0]], [[0.9477911591529846, 0.31887030601501465, 0.0036994447000324726, -1.115478515625], [0.009836318902671337, -0.01763753406703472, -0.9997960329055786, 1.5888404846191406], [-0.31874001026153564, 0.9476342797279358, -0.01985320821404457, -0.113037109375], [0.0, 0.0, 0.0, 1.0]], [[0.0029272804968059063, 0.9999673962593079, -0.007535351440310478, 0.00146484375], [-0.015311958268284798, -0.0074896798469126225, -0.9998546838760376, 1.5773725509643555], [-0.9998785257339478, 0.003042207332327962, 0.015289532952010632, -0.128631591796875], [0.0, 0.0, 0.0, 1.0]], [[-0.9344311952590942, 0.35588324069976807, -0.013622527942061424, 0.92083740234375], [0.0175626203417778, 0.007842596620321274, -0.999815046787262, 1.5554513931274414], [-0.35571053624153137, -0.9344975352287292, -0.013578607700765133, -0.14208984375], [0.0, 0.0, 0.0, 1.0]]], "view": [[0.0, -2.0, 100.0], [-2.0, 0.0, 100.0], [0.0, 0.0, 1.0]], "bev": "bev_688f86c9082242edaa9f4b19d759e3e0.png", "aux": "aux_688f86c9082242edaa9f4b19d759e3e0.npz", "visibility": "visibility_688f86c9082242edaa9f4b19d759e3e0.png", "pose": [[0.7110717296600342, 0.7031195163726807, 0.0, 1036.236572265625], [-0.7031195163726807, 0.7110717296600342, 0.0, 848.1532592773438], [0.0, 0.0, 1.0, 0.0], [0.0, 0.0, 0.0, 1.0]], "pose_inverse": [[0.7110717296600342, -0.7031195163726807, 0.0, -140.4854278564453], [0.7031195163726807, 0.7110717296600342, 0.0, -1331.6959228515625], [0.0, 0.0, 1.0, 0.0], [0.0, 0.0, 0.0, 1.0]], "cam_ids": [0, 1, 2, 3, 4, 5], "cam_channels": ["CAM_FRONT_LEFT", "CAM_FRONT", "CAM_FRONT_RIGHT", "CAM_BACK_LEFT", "CAM_BACK", "CAM_BACK_RIGHT"], "token": "688f86c9082242edaa9f4b19d759e3e0", "scene": "scene-0033"}, {"images": ["samples/CAM_FRONT_LEFT/n015-2018-07-18-11-50-34+0800__CAM_FRONT_LEFT__1531886324004844.jpg", "samples/CAM_FRONT/n015-2018-07-18-11-50-34+0800__CAM_FRONT__1531886324012466.jpg", "samples/CAM_FRONT_RIGHT/n015-2018-07-18-11-50-34+0800__CAM_FRONT_RIGHT__1531886324020339.jpg", "samples/CAM_BACK_LEFT/n015-2018-07-18-11-50-34+0800__CAM_BACK_LEFT__1531886324047423.jpg", "samples/CAM_BACK/n015-2018-07-18-11-50-34+0800__CAM_BACK__1531886324037525.jpg", "samples/CAM_BACK_RIGHT/n015-2018-07-18-11-50-34+0800__CAM_BACK_RIGHT__1531886324027893.jpg"], "intrinsics": [[[1272.5979470598488, 0.0, 826.6154927353808], [0.0, 1272.5979470598488, 479.75165386361925], [0.0, 0.0, 1.0]], [[1266.417203046554, 0.0, 816.2670197447984], [0.0, 1266.417203046554, 491.50706579294757], [0.0, 0.0, 1.0]], [[1260.8474446004698, 0.0, 807.968244525554], [0.0, 1260.8474446004698, 495.3344268742088], [0.0, 0.0, 1.0]], [[1256.7414812095406, 0.0, 792.1125740759628], [0.0, 1256.7414812095406, 492.7757465151356], [0.0, 0.0, 1.0]], [[809.2209905677063, 0.0, 829.2196003259838], [0.0, 809.2209905677063, 481.77842384512485], [0.0, 0.0, 1.0]], [[1259.5137405846733, 0.0, 807.2529053838625], [0.0, 1259.5137405846733, 501.19579884916527], [0.0, 0.0, 1.0]]], "extrinsics": [[[0.8195416331291199, -0.5730131268501282, -0.0027450653724372387, -0.57562255859375], [-0.0058151353150606155, -0.0035265223123133183, -0.9999768733978271, 1.5055170059204102], [0.5729901790618896, 0.8195385932922363, -0.00622228067368269, -1.0130615234375], [0.0, 0.0, 0.0, 1.0]], [[0.00399896502494812, -0.9999640583992004, 0.007467758376151323, 0.0098876953125], [-0.011327600106596947, -0.007512636482715607, -0.9999076724052429, 1.5161142349243164], [0.9999277591705322, 0.003913981840014458, -0.01135723665356636, -1.2998809814453125], [0.0, 0.0, 0.0, 1.0]], [[-0.8336871862411499, -0.552236795425415, -0.00047561852261424065, 0.77532958984375], [-0.005893539171665907, 0.009758416563272476, -0.9999350309371948, 1.5017919540405273], [0.5522055625915527, -0.8336302042007446, -0.011390095576643944, -1.0755615234375], [0.0, 0.0, 0.0, 1.0]], [[0.9477919936180115, 0.3188522458076477, -0.004865220282226801, -1.11578369140625], [0.0017215404659509659, -0.020372653380036354, -0.9997909069061279, 1.5886077880859375], [-0.3188846707344055, 0.9475854635238647, -0.01985795609652996, -0.11279296875], [0.0, 0.0, 0.0, 1.0]], [[0.002900398336350918, 0.9999406933784485, -0.01050350721925497, 0.0023193359375], [-0.02323930151760578, -0.010433313436806202, -0.999675452709198, 1.576333999633789], [-0.9997257590293884, 0.0031435254495590925, 0.023207660764455795, -0.128662109375], [0.0, 0.0, 0.0, 1.0]], [[-0.9344950914382935, 0.35589882731437683, -0.007417065557092428, 0.92010498046875], [0.009765354916453362, 0.004802061710506678, -0.9999407529830933, 1.5536909103393555], [-0.35584214329719543, -0.934512197971344, -0.007962983101606369, -0.1439208984375], [0.0, 0.0, 0.0, 1.0]]], "view": [[0.0, -2.0, 100.0], [-2.0, 0.0, 100.0], [0.0, 0.0, 1.0]], "bev": "bev_96ee33f7aa5e48bbab4b36f7ceead005.png", "aux": "aux_96ee33f7aa5e48bbab4b36f7ceead005.npz", "visibility": "visibility_96ee33f7aa5e48bbab4b36f7ceead005.png", "pose": [[0.7222861647605896, 0.6915943026542664, 0.0, 1039.8935546875], [-0.6915943026542664, 0.7222861647605896, 0.0, 844.5160522460938], [0.0, 0.0, 1.0, 0.0], [0.0, 0.0, 0.0, 1.0]], "pose_inverse": [[0.7222861647605896, -0.6915943026542664, 0.0, -167.03823852539062], [0.6915943026542664, 0.7222861647605896, 0.0, -1329.166748046875], [0.0, 0.0, 1.0, 0.0], [0.0, 0.0, 0.0, 1.0]], "cam_ids": [0, 1, 2, 3, 4, 5], "cam_channels": ["CAM_FRONT_LEFT", "CAM_FRONT", "CAM_FRONT_RIGHT", "CAM_BACK_LEFT", "CAM_BACK", "CAM_BACK_RIGHT"], "token": "96ee33f7aa5e48bbab4b36f7ceead005", "scene": "scene-0033"}, {"images": ["samples/CAM_FRONT_LEFT/n015-2018-07-18-11-50-34+0800__CAM_FRONT_LEFT__1531886324504844.jpg", "samples/CAM_FRONT/n015-2018-07-18-11-50-34+0800__CAM_FRONT__1531886324512466.jpg", "samples/CAM_FRONT_RIGHT/n015-2018-07-18-11-50-34+0800__CAM_FRONT_RIGHT__1531886324520339.jpg", "samples/CAM_BACK_LEFT/n015-2018-07-18-11-50-34+0800__CAM_BACK_LEFT__1531886324547423.jpg", "samples/CAM_BACK/n015-2018-07-18-11-50-34+0800__CAM_BACK__1531886324537525.jpg", "samples/CAM_BACK_RIGHT/n015-2018-07-18-11-50-34+0800__CAM_BACK_RIGHT__1531886324527893.jpg"], "intrinsics": [[[1272.5979470598488, 0.0, 826.6154927353808], [0.0, 1272.5979470598488, 479.75165386361925], [0.0, 0.0, 1.0]], [[1266.417203046554, 0.0, 816.2670197447984], [0.0, 1266.417203046554, 491.50706579294757], [0.0, 0.0, 1.0]], [[1260.8474446004698, 0.0, 807.968244525554], [0.0, 1260.8474446004698, 495.3344268742088], [0.0, 0.0, 1.0]], [[1256.7414812095406, 0.0, 792.1125740759628], [0.0, 1256.7414812095406, 492.7757465151356], [0.0, 0.0, 1.0]], [[809.2209905677063, 0.0, 829.2196003259838], [0.0, 809.2209905677063, 481.77842384512485], [0.0, 0.0, 1.0]], [[1259.5137405846733, 0.0, 807.2529053838625], [0.0, 1259.5137405846733, 501.19579884916527], [0.0, 0.0, 1.0]]], "extrinsics": [[[0.820341944694519, -0.5716937780380249, -0.014331678859889507, -0.57073974609375], [-0.01737203821539879, 0.00013732067600358278, -0.9998490810394287, 1.4999520778656006], [0.5716094970703125, 0.8204671144485474, -0.00981883518397808, -1.010986328125], [0.0, 0.0, 0.0, 1.0]], [[0.005484657362103462, -0.9999776482582092, 0.003828102955594659, 0.010986328125], [-0.022656740620732307, -0.003951443359255791, -0.9997355341911316, 1.5115842819213867], [0.999728262424469, 0.005396496970206499, -0.02267790399491787, -1.29669189453125], [0.0, 0.0, 0.0, 1.0]], [[-0.8330442905426025, -0.5531638264656067, 0.006856713909655809, 0.7747802734375], [-0.017015285789966583, 0.013231821358203888, -0.9997676610946655, 1.4983091354370117], [0.5529446601867676, -0.8329674005508423, -0.02043493278324604, -1.07415771484375], [0.0, 0.0, 0.0, 1.0]], [[0.9476739168167114, 0.3189617395401001, -0.013327323831617832, -1.12261962890625], [-0.008331846445798874, -0.017021039500832558, -0.9998204112052917, 1.5883903503417969], [-0.3191312253475189, 0.9476147890090942, -0.01347285509109497, -0.1109619140625], [0.0, 0.0, 0.0, 1.0]], [[0.0023715095594525337, 0.9999714493751526, -0.007178015075623989, 0.0018310546875], [-0.0337737612426281, -0.0070938486605882645, -0.9994043707847595, 1.5750761032104492], [-0.9994266629219055, 0.0026124727446585894, 0.03375596925616264, -0.125030517578125], [0.0, 0.0, 0.0, 1.0]], [[-0.9347946047782898, 0.3551667034626007, 0.003966263961046934, 0.920166015625], [-0.0011285521322861314, 0.008196611888706684, -0.9999657869338989, 1.5511703491210938], [-0.3551870286464691, -0.9347671270370483, -0.007261323742568493, -0.143310546875], [0.0, 0.0, 0.0, 1.0]]], "view": [[0.0, -2.0, 100.0], [-2.0, 0.0, 100.0], [0.0, 0.0, 1.0]], "bev": "bev_ba20a7743bae4d2dabc6be640c66ccc7.png", "aux": "aux_ba20a7743bae4d2dabc6be640c66ccc7.npz", "visibility": "visibility_ba20a7743bae4d2dabc6be640c66ccc7.png", "pose": [[0.7311041951179504, 0.6822658777236938, 0.0, 1043.73486328125], [-0.6822658777236938, 0.7311041951179504, 0.0, 840.8033447265625], [0.0, 0.0, 1.0, 0.0], [0.0, 0.0, 0.0, 1.0]], "pose_inverse": [[0.7311041951179504, -0.6822658777236938, 0.0, -189.42750549316406], [0.6822658777236938, 0.7311041951179504, 0.0, -1326.8194580078125], [0.0, 0.0, 1.0, 0.0], [0.0, 0.0, 0.0, 1.0]], "cam_ids": [0, 1, 2, 3, 4, 5], "cam_channels": ["CAM_FRONT_LEFT", "CAM_FRONT", "CAM_FRONT_RIGHT", "CAM_BACK_LEFT", "CAM_BACK", "CAM_BACK_RIGHT"], "token": "ba20a7743bae4d2dabc6be640c66ccc7", "scene": "scene-0033"}, {"images": ["samples/CAM_FRONT_LEFT/n015-2018-07-18-11-50-34+0800__CAM_FRONT_LEFT__1531886325004844.jpg", "samples/CAM_FRONT/n015-2018-07-18-11-50-34+0800__CAM_FRONT__1531886325012464.jpg", "samples/CAM_FRONT_RIGHT/n015-2018-07-18-11-50-34+0800__CAM_FRONT_RIGHT__1531886325020339.jpg", "samples/CAM_BACK_LEFT/n015-2018-07-18-11-50-34+0800__CAM_BACK_LEFT__1531886325047423.jpg", "samples/CAM_BACK/n015-2018-07-18-11-50-34+0800__CAM_BACK__1531886325037525.jpg", "samples/CAM_BACK_RIGHT/n015-2018-07-18-11-50-34+0800__CAM_BACK_RIGHT__1531886325027893.jpg"], "intrinsics": [[[1272.5979470598488, 0.0, 826.6154927353808], [0.0, 1272.5979470598488, 479.75165386361925], [0.0, 0.0, 1.0]], [[1266.417203046554, 0.0, 816.2670197447984], [0.0, 1266.417203046554, 491.50706579294757], [0.0, 0.0, 1.0]], [[1260.8474446004698, 0.0, 807.968244525554], [0.0, 1260.8474446004698, 495.3344268742088], [0.0, 0.0, 1.0]], [[1256.7414812095406, 0.0, 792.1125740759628], [0.0, 1256.7414812095406, 492.7757465151356], [0.0, 0.0, 1.0]], [[809.2209905677063, 0.0, 829.2196003259838], [0.0, 809.2209905677063, 481.77842384512485], [0.0, 0.0, 1.0]], [[1259.5137405846733, 0.0, 807.2529053838625], [0.0, 1259.5137405846733, 501.19579884916527], [0.0, 0.0, 1.0]]], "extrinsics": [[[0.8194226026535034, -0.5730103850364685, -0.014337535947561264, -0.570556640625], [-0.020451286807656288, -0.0042300112545490265, -0.9997819066047668, 1.498427391052246], [0.5728247761726379, 0.8195371627807617, -0.015184967778623104, -1.0059814453125], [0.0, 0.0, 0.0, 1.0]], [[0.0041159093379974365, -0.9999573230743408, 0.008271459490060806, 0.0074462890625], [-0.025513475760817528, -0.008373846299946308, -0.9996394515037537, 1.5103816986083984], [0.9996659755706787, 0.0039033323992043734, -0.0255468487739563, -1.2943572998046875], [0.0, 0.0, 0.0, 1.0]], [[-0.8336177468299866, -0.5522212982177734, 0.011532800272107124, 0.77178955078125], [-0.01961704157292843, 0.008733773604035378, -0.999769389629364, 1.4975008964538574], [0.551993191242218, -0.8336519002914429, -0.018113575875759125, -1.0755615234375], [0.0, 0.0, 0.0, 1.0]], [[0.9478775858879089, 0.3182159960269928, -0.016329700127243996, -1.12237548828125], [-0.009987429715692997, -0.02155212312936783, -0.9997178316116333, 1.5883216857910156], [-0.31847816705703735, 0.947773277759552, -0.017250612378120422, -0.10888671875], [0.0, 0.0, 0.0, 1.0]], [[0.003070429665967822, 0.9999261498451233, -0.011765186674892902, 0.0037841796875], [-0.035769518464803696, -0.01164789218455553, -0.9992921948432922, 1.5748043060302734], [-0.9993553161621094, 0.003489090595394373, 0.03573111072182655, -0.1252593994140625], [0.0, 0.0, 0.0, 1.0]], [[-0.9345038533210754, 0.3559238314628601, 0.004549137316644192, 0.920135498046875], [-0.003481745719909668, 0.003639469388872385, -0.9999873042106628, 1.5506415367126465], [-0.3559359312057495, -0.9345079064369202, -0.0021618627943098545, -0.145263671875], [0.0, 0.0, 0.0, 1.0]]], "view": [[0.0, -2.0, 100.0], [-2.0, 0.0, 100.0], [0.0, 0.0, 1.0]], "bev": "bev_cb8fbf228afd41fcb6e81ae7fe18ba61.png", "aux": "aux_cb8fbf228afd41fcb6e81ae7fe18ba61.npz", "visibility": "visibility_cb8fbf228afd41fcb6e81ae7fe18ba61.png", "pose": [[0.7385452389717102, 0.6742039322853088, 0.0, 1047.6539306640625], [-0.6742039322853088, 0.7385452389717102, 0.0, 837.1326293945312], [0.0, 0.0, 1.0, 0.0], [0.0, 0.0, 0.0, 1.0]], "pose_inverse": [[0.7385452389717102, -0.6742039322853088, 0.0, -209.34170532226562], [0.6742039322853088, 0.7385452389717102, 0.0, -1324.5926513671875], [0.0, 0.0, 1.0, 0.0], [0.0, 0.0, 0.0, 1.0]], "cam_ids": [0, 1, 2, 3, 4, 5], "cam_channels": ["CAM_FRONT_LEFT", "CAM_FRONT", "CAM_FRONT_RIGHT", "CAM_BACK_LEFT", "CAM_BACK", "CAM_BACK_RIGHT"], "token": "cb8fbf228afd41fcb6e81ae7fe18ba61", "scene": "scene-0033"}, {"images": ["samples/CAM_FRONT_LEFT/n015-2018-07-18-11-50-34+0800__CAM_FRONT_LEFT__1531886325404844.jpg", "samples/CAM_FRONT/n015-2018-07-18-11-50-34+0800__CAM_FRONT__1531886325412473.jpg", "samples/CAM_FRONT_RIGHT/n015-2018-07-18-11-50-34+0800__CAM_FRONT_RIGHT__1531886325420339.jpg", "samples/CAM_BACK_LEFT/n015-2018-07-18-11-50-34+0800__CAM_BACK_LEFT__1531886325447423.jpg", "samples/CAM_BACK/n015-2018-07-18-11-50-34+0800__CAM_BACK__1531886325437525.jpg", "samples/CAM_BACK_RIGHT/n015-2018-07-18-11-50-34+0800__CAM_BACK_RIGHT__1531886325427893.jpg"], "intrinsics": [[[1272.5979470598488, 0.0, 826.6154927353808], [0.0, 1272.5979470598488, 479.75165386361925], [0.0, 0.0, 1.0]], [[1266.417203046554, 0.0, 816.2670197447984], [0.0, 1266.417203046554, 491.50706579294757], [0.0, 0.0, 1.0]], [[1260.8474446004698, 0.0, 807.968244525554], [0.0, 1260.8474446004698, 495.3344268742088], [0.0, 0.0, 1.0]], [[1256.7414812095406, 0.0, 792.1125740759628], [0.0, 1256.7414812095406, 492.7757465151356], [0.0, 0.0, 1.0]], [[809.2209905677063, 0.0, 829.2196003259838], [0.0, 809.2209905677063, 481.77842384512485], [0.0, 0.0, 1.0]], [[1259.5137405846733, 0.0, 807.2529053838625], [0.0, 1259.5137405846733, 501.19579884916527], [0.0, 0.0, 1.0]]], "extrinsics": [[[0.8200716972351074, -0.5722038745880127, -0.00806894525885582, -0.5679931640625], [-0.012555095367133617, -0.0038934231270104647, -0.9999135732650757, 1.502197265625], [0.5721229910850525, 0.8201020956039429, -0.010376960039138794, -1.005859375], [0.0, 0.0, 0.0, 1.0]], [[0.004844836425036192, -0.9999558925628662, 0.008033014833927155, 0.0087890625], [-0.017882611602544785, -0.008118459954857826, -0.9998071789741516, 1.5134077072143555], [0.9998282790184021, 0.004700182471424341, -0.01792115718126297, -1.2931365966796875], [0.0, 0.0, 0.0, 1.0]], [[-0.8333384394645691, -0.5527375340461731, 0.0053016869351267815, 0.77178955078125], [-0.012271611019968987, 0.00891079194843769, -0.9998849630355835, 1.4997854232788086], [0.5526267290115356, -0.833307683467865, -0.014208684675395489, -1.07427978515625], [0.0, 0.0, 0.0, 1.0]], [[0.947653591632843, 0.3191315233707428, -0.010377324186265469, -1.126220703125], [-0.0035790454130619764, -0.021881500259041786, -0.9997541904449463, 1.5884990692138672], [-0.319280207157135, 0.9474577307701111, -0.019593896344304085, -0.109375], [0.0, 0.0, 0.0, 1.0]], [[0.002495533786714077, 0.9999264478683472, -0.011872387491166592, 0.0025634765625], [-0.028996678069233894, -0.011795076541602612, -0.9995099306106567, 1.575723648071289], [-0.9995763897895813, 0.002838531043380499, 0.02896510809659958, -0.123565673828125], [0.0, 0.0, 0.0, 1.0]], [[-0.9346734285354614, 0.355501651763916, -0.0020503047853708267, 0.91998291015625], [0.0036082707811146975, 0.003719465108588338, -0.9999865889549255, 1.5522804260253906], [-0.35548925399780273, -0.9346683025360107, -0.004759231582283974, -0.144775390625], [0.0, 0.0, 0.0, 1.0]]], "view": [[0.0, -2.0, 100.0], [-2.0, 0.0, 100.0], [0.0, 0.0, 1.0]], "bev": "bev_ff701e8d5743462ba9f6bc60eff70ab9.png", "aux": "aux_ff701e8d5743462ba9f6bc60eff70ab9.npz", "visibility": "visibility_ff701e8d5743462ba9f6bc60eff70ab9.png", "pose": [[0.7406885027885437, 0.6718485951423645, 0.0, 1050.8582763671875], [-0.6718485951423645, 0.7406885027885437, 0.0, 834.1605224609375], [0.0, 0.0, 1.0, 0.0], [0.0, 0.0, 0.0, 1.0]], "pose_inverse": [[0.7406885027885437, -0.6718485951423645, 0.0, -217.9290771484375], [0.6718485951423645, 0.7406885027885437, 0.0, -1323.8707275390625], [0.0, 0.0, 1.0, 0.0], [0.0, 0.0, 0.0, 1.0]], "cam_ids": [0, 1, 2, 3, 4, 5], "cam_channels": ["CAM_FRONT_LEFT", "CAM_FRONT", "CAM_FRONT_RIGHT", "CAM_BACK_LEFT", "CAM_BACK", "CAM_BACK_RIGHT"], "token": "ff701e8d5743462ba9f6bc60eff70ab9", "scene": "scene-0033"}, {"images": ["samples/CAM_FRONT_LEFT/n015-2018-07-18-11-50-34+0800__CAM_FRONT_LEFT__1531886325904844.jpg", "samples/CAM_FRONT/n015-2018-07-18-11-50-34+0800__CAM_FRONT__1531886325912464.jpg", "samples/CAM_FRONT_RIGHT/n015-2018-07-18-11-50-34+0800__CAM_FRONT_RIGHT__1531886325920339.jpg", "samples/CAM_BACK_LEFT/n015-2018-07-18-11-50-34+0800__CAM_BACK_LEFT__1531886325947423.jpg", "samples/CAM_BACK/n015-2018-07-18-11-50-34+0800__CAM_BACK__1531886325937525.jpg", "samples/CAM_BACK_RIGHT/n015-2018-07-18-11-50-34+0800__CAM_BACK_RIGHT__1531886325927893.jpg"], "intrinsics": [[[1272.5979470598488, 0.0, 826.6154927353808], [0.0, 1272.5979470598488, 479.75165386361925], [0.0, 0.0, 1.0]], [[1266.417203046554, 0.0, 816.2670197447984], [0.0, 1266.417203046554, 491.50706579294757], [0.0, 0.0, 1.0]], [[1260.8474446004698, 0.0, 807.968244525554], [0.0, 1260.8474446004698, 495.3344268742088], [0.0, 0.0, 1.0]], [[1256.7414812095406, 0.0, 792.1125740759628], [0.0, 1256.7414812095406, 492.7757465151356], [0.0, 0.0, 1.0]], [[809.2209905677063, 0.0, 829.2196003259838], [0.0, 809.2209905677063, 481.77842384512485], [0.0, 0.0, 1.0]], [[1259.5137405846733, 0.0, 807.2529053838625], [0.0, 1259.5137405846733, 501.19579884916527], [0.0, 0.0, 1.0]]], "extrinsics": [[[0.820573627948761, -0.5715150237083435, -0.005435730330646038, -0.56591796875], [-0.009470479562878609, -0.0040870048105716705, -0.9999468326568604, 1.503690242767334], [0.5714623928070068, 0.8205814361572266, -0.008766207844018936, -1.0078125], [0.0, 0.0, 0.0, 1.0]], [[0.005625979974865913, -0.9999507665634155, 0.008172525092959404, 0.011474609375], [-0.014854488894343376, -0.008255322463810444, -0.9998555779457092, 1.514627456665039], [0.9998738765716553, 0.005503758322447538, -0.014900201000273228, -1.29248046875], [0.0, 0.0, 0.0, 1.0]], [[-0.8330013751983643, -0.5532636046409607, 0.002869429299607873, 0.77294921875], [-0.009319767355918884, 0.00884602963924408, -0.9999174475669861, 1.500692367553711], [0.5531925559043884, -0.8329592943191528, -0.012525041587650776, -1.072509765625], [0.0, 0.0, 0.0, 1.0]], [[0.947733461856842, 0.31895819306373596, -0.00818293634802103, -1.1268310546875], [-0.0013000547187402844, -0.02178618125617504, -0.9997618198394775, 1.5885391235351562], [-0.3190605044364929, 0.9475183486938477, -0.020232828333973885, -0.1092529296875], [0.0, 0.0, 0.0, 1.0]], [[0.0023675451520830393, 0.9999286532402039, -0.011712037026882172, 0.0018310546875], [-0.026455240324139595, -0.011645342223346233, -0.9995821714401245, 1.5760669708251953], [-0.9996472597122192, 0.0026763458736240864, 0.02642577886581421, -0.123046875], [0.0, 0.0, 0.0, 1.0]], [[-0.9348288774490356, 0.3550678789615631, -0.0046745408326387405, 0.91973876953125], [0.00642820680513978, 0.0037594500463455915, -0.9999722838401794, 1.5529232025146484], [-0.3550404906272888, -0.9348329901695251, -0.00579689210280776, -0.14306640625], [0.0, 0.0, 0.0, 1.0]]], "view": [[0.0, -2.0, 100.0], [-2.0, 0.0, 100.0], [0.0, 0.0, 1.0]], "bev": "bev_672b12bead7d47d2a5cb8dc566a114a2.png", "aux": "aux_672b12bead7d47d2a5cb8dc566a114a2.npz", "visibility": "visibility_672b12bead7d47d2a5cb8dc566a114a2.png", "pose": [[0.7445290684700012, 0.6675900816917419, 0.0, 1054.941650390625], [-0.6675900816917419, 0.7445290684700012, 0.0, 830.4273681640625], [0.0, 0.0, 1.0, 0.0], [0.0, 0.0, 0.0, 1.0]], "pose_inverse": [[0.7445290684700012, -0.6675900816917419, 0.0, -231.04962158203125], [0.6675900816917419, 0.7445290684700012, 0.0, -1322.5458984375], [0.0, 0.0, 1.0, 0.0], [0.0, 0.0, 0.0, 1.0]], "cam_ids": [0, 1, 2, 3, 4, 5], "cam_channels": ["CAM_FRONT_LEFT", "CAM_FRONT", "CAM_FRONT_RIGHT", "CAM_BACK_LEFT", "CAM_BACK", "CAM_BACK_RIGHT"], "token": "672b12bead7d47d2a5cb8dc566a114a2", "scene": "scene-0033"}, {"images": ["samples/CAM_FRONT_LEFT/n015-2018-07-18-11-50-34+0800__CAM_FRONT_LEFT__1531886326404844.jpg", "samples/CAM_FRONT/n015-2018-07-18-11-50-34+0800__CAM_FRONT__1531886326412463.jpg", "samples/CAM_FRONT_RIGHT/n015-2018-07-18-11-50-34+0800__CAM_FRONT_RIGHT__1531886326420339.jpg", "samples/CAM_BACK_LEFT/n015-2018-07-18-11-50-34+0800__CAM_BACK_LEFT__1531886326447423.jpg", "samples/CAM_BACK/n015-2018-07-18-11-50-34+0800__CAM_BACK__1531886326437525.jpg", "samples/CAM_BACK_RIGHT/n015-2018-07-18-11-50-34+0800__CAM_BACK_RIGHT__1531886326427893.jpg"], "intrinsics": [[[1272.5979470598488, 0.0, 826.6154927353808], [0.0, 1272.5979470598488, 479.75165386361925], [0.0, 0.0, 1.0]], [[1266.417203046554, 0.0, 816.2670197447984], [0.0, 1266.417203046554, 491.50706579294757], [0.0, 0.0, 1.0]], [[1260.8474446004698, 0.0, 807.968244525554], [0.0, 1260.8474446004698, 495.3344268742088], [0.0, 0.0, 1.0]], [[1256.7414812095406, 0.0, 792.1125740759628], [0.0, 1256.7414812095406, 492.7757465151356], [0.0, 0.0, 1.0]], [[809.2209905677063, 0.0, 829.2196003259838], [0.0, 809.2209905677063, 481.77842384512485], [0.0, 0.0, 1.0]], [[1259.5137405846733, 0.0, 807.2529053838625], [0.0, 1259.5137405846733, 501.19579884916527], [0.0, 0.0, 1.0]]], "extrinsics": [[[0.8205428719520569, -0.5715516805648804, -0.006166990380734205, -0.55242919921875], [-0.01070061232894659, -0.004573055077344179, -0.9999322891235352, 1.5029325485229492], [0.5714848041534424, 0.8205533027648926, -0.009868340566754341, -0.9993896484375], [0.0, 0.0, 0.0, 1.0]], [[0.0056279306299984455, -0.9999481439590454, 0.008485888130962849, 0.0118408203125], [-0.016295116394758224, -0.008576602675020695, -0.999830424785614, 1.5138206481933594], [0.999851405620575, 0.005488693248480558, -0.016342541202902794, -1.278045654296875], [0.0, 0.0, 0.0, 1.0]], [[-0.8329993486404419, -0.5532569885253906, 0.004333854652941227, 0.7628173828125], [-0.010976873338222504, 0.008694510906934738, -0.9999018907546997, 1.5000362396240234], [0.5531650185585022, -0.8329652547836304, -0.013315551914274693, -1.0654296875], [0.0, 0.0, 0.0, 1.0]], [[0.947718620300293, 0.31895551085472107, -0.009830651804804802, -1.12225341796875], [-0.0032271689269691706, -0.0212253350764513, -0.9997695088386536, 1.5884933471679688], [-0.3190906345844269, 0.9475319981575012, -0.0190863236784935, -0.11083984375], [0.0, 0.0, 0.0, 1.0]], [[0.002350727329030633, 0.999931275844574, -0.011488348245620728, 0.00146484375], [-0.028348928317427635, -0.011417128145694733, -0.99953293800354, 1.5756149291992188], [-0.9995953440666199, 0.0026752937119454145, 0.02832014113664627, -0.1306610107421875], [0.0, 0.0, 0.0, 1.0]], [[-0.9348342418670654, 0.3550720810890198, -0.002980199409648776, 0.9099578857421875], [0.004611682612448931, 0.0037485617212951183, -0.9999823570251465, 1.5525527000427246], [-0.3550545871257782, -0.934831440448761, -0.005141764413565397, -0.146728515625], [0.0, 0.0, 0.0, 1.0]]], "view": [[0.0, -2.0, 100.0], [-2.0, 0.0, 100.0], [0.0, 0.0, 1.0]], "bev": "bev_0cd37221c4724bfc8e1c369278c49d03.png", "aux": "aux_0cd37221c4724bfc8e1c369278c49d03.npz", "visibility": "visibility_0cd37221c4724bfc8e1c369278c49d03.png", "pose": [[0.7458226680755615, 0.6661445498466492, 0.0, 1059.0699462890625], [-0.6661445498466492, 0.7458226680755615, 0.0, 826.6569213867188], [0.0, 0.0, 1.0, 0.0], [0.0, 0.0, 0.0, 1.0]], "pose_inverse": [[0.7458226680755615, -0.6661445498466492, 0.0, -239.2053680419922], [0.6661445498466492, 0.7458226680755615, 0.0, -1322.0330810546875], [0.0, 0.0, 1.0, 0.0], [0.0, 0.0, 0.0, 1.0]], "cam_ids": [0, 1, 2, 3, 4, 5], "cam_channels": ["CAM_FRONT_LEFT", "CAM_FRONT", "CAM_FRONT_RIGHT", "CAM_BACK_LEFT", "CAM_BACK", "CAM_BACK_RIGHT"], "token": "0cd37221c4724bfc8e1c369278c49d03", "scene": "scene-0033"}, {"images": ["samples/CAM_FRONT_LEFT/n015-2018-07-18-11-50-34+0800__CAM_FRONT_LEFT__1531886326904844.jpg", "samples/CAM_FRONT/n015-2018-07-18-11-50-34+0800__CAM_FRONT__1531886326912465.jpg", "samples/CAM_FRONT_RIGHT/n015-2018-07-18-11-50-34+0800__CAM_FRONT_RIGHT__1531886326920339.jpg", "samples/CAM_BACK_LEFT/n015-2018-07-18-11-50-34+0800__CAM_BACK_LEFT__1531886326947423.jpg", "samples/CAM_BACK/n015-2018-07-18-11-50-34+0800__CAM_BACK__1531886326937525.jpg", "samples/CAM_BACK_RIGHT/n015-2018-07-18-11-50-34+0800__CAM_BACK_RIGHT__1531886326927893.jpg"], "intrinsics": [[[1272.5979470598488, 0.0, 826.6154927353808], [0.0, 1272.5979470598488, 479.75165386361925], [0.0, 0.0, 1.0]], [[1266.417203046554, 0.0, 816.2670197447984], [0.0, 1266.417203046554, 491.50706579294757], [0.0, 0.0, 1.0]], [[1260.8474446004698, 0.0, 807.968244525554], [0.0, 1260.8474446004698, 495.3344268742088], [0.0, 0.0, 1.0]], [[1256.7414812095406, 0.0, 792.1125740759628], [0.0, 1256.7414812095406, 492.7757465151356], [0.0, 0.0, 1.0]], [[809.2209905677063, 0.0, 829.2196003259838], [0.0, 809.2209905677063, 481.77842384512485], [0.0, 0.0, 1.0]], [[1259.5137405846733, 0.0, 807.2529053838625], [0.0, 1259.5137405846733, 501.19579884916527], [0.0, 0.0, 1.0]]], "extrinsics": [[[0.8204564452171326, -0.5716536045074463, -0.007966115139424801, -0.555419921875], [-0.01003717165440321, -0.000471175997518003, -0.9999495148658752, 1.5032596588134766], [0.5716209411621094, 0.8204949498176575, -0.006124364212155342, -0.998779296875], [0.0, 0.0, 0.0, 1.0]], [[0.005366245750337839, -0.9999751448631287, 0.00456379447132349, 0.0098876953125], [-0.015504888258874416, -0.00464651407673955, -0.9998689889907837, 1.5141477584838867], [0.9998654127120972, 0.005294778384268284, -0.01552943792194128, -1.279693603515625], [0.0, 0.0, 0.0, 1.0]], [[-0.8331255316734314, -0.5530818700790405, 0.0014906075084581971, 0.76214599609375], [-0.010049662552773952, 0.012443391606211662, -0.999872088432312, 1.500349998474121], [0.552992582321167, -0.8330339789390564, -0.015925193205475807, -1.067138671875], [0.0, 0.0, 0.0, 1.0]], [[0.9477574825286865, 0.3189000189304352, -0.007653666660189629, -1.11761474609375], [-0.0020266943611204624, -0.017973029986023903, -0.9998363852500916, 1.5885066986083984], [-0.3189854323863983, 0.9476179480552673, -0.016387762501835823, -0.1123046875], [0.0, 0.0, 0.0, 1.0]], [[0.0025041319895535707, 0.9999645948410034, -0.008044780232012272, 0.00244140625], [-0.02721358835697174, -0.007973683066666126, -0.9995978474617004, 1.5756778717041016], [-0.9996265172958374, 0.0027220549527555704, 0.027192650362849236, -0.1334991455078125], [0.0, 0.0, 0.0, 1.0]], [[-0.9347633123397827, 0.3552611172199249, -0.0026714587584137917, 0.90948486328125], [0.005645306780934334, 0.007334550376981497, -0.9999572038650513, 1.5528068542480469], [-0.3552263379096985, -0.9347383975982666, -0.008861626498401165, -0.148193359375], [0.0, 0.0, 0.0, 1.0]]], "view": [[0.0, -2.0, 100.0], [-2.0, 0.0, 100.0], [0.0, 0.0, 1.0]], "bev": "bev_868c93c6935944fab6366fcc5de80dfb.png", "aux": "aux_868c93c6935944fab6366fcc5de80dfb.npz", "visibility": "visibility_868c93c6935944fab6366fcc5de80dfb.png", "pose": [[0.7469184994697571, 0.6649156212806702, 0.0, 1063.2227783203125], [-0.6649156212806702, 0.7469184994697571, 0.0, 822.9173583984375], [0.0, 0.0, 1.0, 0.0], [0.0, 0.0, 0.0, 1.0]], "pose_inverse": [[0.7469184994697571, -0.6649156212806702, 0.0, -246.97015380859375], [0.6649156212806702, 0.7469184994697571, 0.0, -1321.6055908203125], [0.0, 0.0, 1.0, 0.0], [0.0, 0.0, 0.0, 1.0]], "cam_ids": [0, 1, 2, 3, 4, 5], "cam_channels": ["CAM_FRONT_LEFT", "CAM_FRONT", "CAM_FRONT_RIGHT", "CAM_BACK_LEFT", "CAM_BACK", "CAM_BACK_RIGHT"], "token": "868c93c6935944fab6366fcc5de80dfb", "scene": "scene-0033"}, {"images": ["samples/CAM_FRONT_LEFT/n015-2018-07-18-11-50-34+0800__CAM_FRONT_LEFT__1531886327404844.jpg", "samples/CAM_FRONT/n015-2018-07-18-11-50-34+0800__CAM_FRONT__1531886327412466.jpg", "samples/CAM_FRONT_RIGHT/n015-2018-07-18-11-50-34+0800__CAM_FRONT_RIGHT__1531886327420339.jpg", "samples/CAM_BACK_LEFT/n015-2018-07-18-11-50-34+0800__CAM_BACK_LEFT__1531886327447423.jpg", "samples/CAM_BACK/n015-2018-07-18-11-50-34+0800__CAM_BACK__1531886327437525.jpg", "samples/CAM_BACK_RIGHT/n015-2018-07-18-11-50-34+0800__CAM_BACK_RIGHT__1531886327427893.jpg"], "intrinsics": [[[1272.5979470598488, 0.0, 826.6154927353808], [0.0, 1272.5979470598488, 479.75165386361925], [0.0, 0.0, 1.0]], [[1266.417203046554, 0.0, 816.2670197447984], [0.0, 1266.417203046554, 491.50706579294757], [0.0, 0.0, 1.0]], [[1260.8474446004698, 0.0, 807.968244525554], [0.0, 1260.8474446004698, 495.3344268742088], [0.0, 0.0, 1.0]], [[1256.7414812095406, 0.0, 792.1125740759628], [0.0, 1256.7414812095406, 492.7757465151356], [0.0, 0.0, 1.0]], [[809.2209905677063, 0.0, 829.2196003259838], [0.0, 809.2209905677063, 481.77842384512485], [0.0, 0.0, 1.0]], [[1259.5137405846733, 0.0, 807.2529053838625], [0.0, 1259.5137405846733, 501.19579884916527], [0.0, 0.0, 1.0]]], "extrinsics": [[[0.8207939267158508, -0.5710121393203735, -0.0155707448720932, -0.55328369140625], [-0.016699984669685364, 0.0032595531083643436, -0.9998552203178406, 1.4999067783355713], [0.5709802508354187, 0.8209351301193237, -0.0068604727275669575, -0.9989013671875], [0.0, 0.0, 0.0, 1.0]], [[0.005978220142424107, -0.9999818205833435, 0.0007527160341851413, 0.010986328125], [-0.021972283720970154, -0.0008839058573357761, -0.999758243560791, 1.511444091796875], [0.9997406601905823, 0.005960299167782068, -0.021977169439196587, -1.2786407470703125], [0.0, 0.0, 0.0, 1.0]], [[-0.8328356146812439, -0.5535011291503906, 0.004609760828316212, 0.76226806640625], [-0.016325924545526505, 0.016238946467638016, -0.9997348189353943, 1.498276710510254], [0.553279459476471, -0.8326900601387024, -0.022560790181159973, -1.06597900390625], [0.0, 0.0, 0.0, 1.0]], [[0.9478787779808044, 0.31843841075897217, -0.011076835915446281, -1.11785888671875], [-0.007007113192230463, -0.01392293255776167, -0.9998785257339478, 1.5883598327636719], [-0.31855395436286926, 0.9478413462638855, -0.010965920053422451, -0.1104736328125], [0.0, 0.0, 0.0, 1.0]], [[0.0024893