[{"images": ["samples/CAM_FRONT_LEFT/n015-2018-11-21-19-11-29+0800__CAM_FRONT_LEFT__1542798831904844.jpg", "samples/CAM_FRONT/n015-2018-11-21-19-11-29+0800__CAM_FRONT__1542798831912460.jpg", "samples/CAM_FRONT_RIGHT/n015-2018-11-21-19-11-29+0800__CAM_FRONT_RIGHT__1542798831920339.jpg", "samples/CAM_BACK_LEFT/n015-2018-11-21-19-11-29+0800__CAM_BACK_LEFT__1542798831947423.jpg", "samples/CAM_BACK/n015-2018-11-21-19-11-29+0800__CAM_BACK__1542798831937525.jpg", "samples/CAM_BACK_RIGHT/n015-2018-11-21-19-11-29+0800__CAM_BACK_RIGHT__1542798831927893.jpg"], "intrinsics": [[[1272.5979470598488, 0.0, 826.6154927353808], [0.0, 1272.5979470598488, 479.75165386361925], [0.0, 0.0, 1.0]], [[1266.417203046554, 0.0, 816.2670197447984], [0.0, 1266.417203046554, 491.50706579294757], [0.0, 0.0, 1.0]], [[1260.8474446004698, 0.0, 807.968244525554], [0.0, 1260.8474446004698, 495.3344268742088], [0.0, 0.0, 1.0]], [[1256.7414812095406, 0.0, 792.1125740759628], [0.0, 1256.7414812095406, 492.7757465151356], [0.0, 0.0, 1.0]], [[809.2209905677063, 0.0, 829.2196003259838], [0.0, 809.2209905677063, 481.77842384512485], [0.0, 0.0, 1.0]], [[1259.5137405846733, 0.0, 807.2529053838625], [0.0, 1259.5137405846733, 501.19579884916527], [0.0, 0.0, 1.0]]], "extrinsics": [[[0.8203835487365723, -0.5714088082313538, -0.021512337028980255, -0.532470703125], [-0.029651431366801262, -0.004940299782902002, -0.999548077583313, 1.4927139282226562], [0.5710443258285522, 0.8206506967544556, -0.020996030420064926, -0.983642578125], [0.0, 0.0, 0.0, 1.0]], [[0.005756244994699955, -0.9999442100524902, 0.008849045261740685, 0.01068115234375], [-0.03539884835481644, -0.009047403000295162, -0.9993323087692261, 1.5052566528320312], [0.9993566870689392, 0.005439102649688721, -0.03544895723462105, -1.2607421875], [0.0, 0.0, 0.0, 1.0]], [[-0.8328062891960144, -0.553176999092102, 0.02070758491754532, 0.7529296875], [-0.030242420732975006, 0.008114309050142765, -0.9995096325874329, 1.493438720703125], [0.5527377724647522, -0.8330242037773132, -0.023487059399485588, -1.06048583984375], [0.0, 0.0, 0.0, 1.0]], [[0.9474485516548157, 0.3185453712940216, -0.02949940599501133, -1.13525390625], [-0.023424485698342323, -0.02288556471467018, -0.9994636178016663, 1.5883941650390625], [-0.319049596786499, 0.9476313591003418, -0.014221135526895523, -0.1063385009765625], [0.0, 0.0, 0.0, 1.0]], [[0.002364381682127714, 0.9999170303344727, -0.012665284797549248, 0.00225830078125], [-0.04813380166888237, -0.012536842375993729, -0.9987621903419495, 1.5732040405273438], [-0.9988381266593933, 0.0029710824601352215, 0.04810016602277756, -0.12646484375], [0.0, 0.0, 0.0, 1.0]], [[-0.9346702694892883, 0.3552015721797943, 0.014948411844670773, 0.906005859375], [-0.014846468344330788, 0.003012780100107193, -0.9998852610588074, 1.5478019714355469], [-0.35520583391189575, -0.9347849488258362, 0.0024575318675488234, -0.1492919921875], [0.0, 0.0, 0.0, 1.0]]], "view": [[0.0, -2.0, 100.0], [-2.0, 0.0, 100.0], [0.0, 0.0, 1.0]], "bev": "bev_c0a034020a42472ea25c78a4182d9bfb.png", "aux": "aux_c0a034020a42472ea25c78a4182d9bfb.npz", "visibility": "visibility_c0a034020a42472ea25c78a4182d9bfb.png", "pose": [[0.5631403923034668, -0.8263612389564514, 0.0, 772.844970703125], [0.8263612389564514, 0.5631403923034668, 0.0, 2268.3271484375], [0.0, 0.0, 1.0, 0.0], [0.0, 0.0, 0.0, 1.0]], "pose_inverse": [[0.5631403923034668, 0.8263612389564514, 0.0, -2309.677734375], [-0.8263612389564514, 0.5631403923034668, 0.0, -638.737548828125], [0.0, 0.0, 1.0, 0.0], [0.0, 0.0, 0.0, 1.0]], "cam_ids": [0, 1, 2, 3, 4, 5], "cam_channels": ["CAM_FRONT_LEFT", "CAM_FRONT", "CAM_FRONT_RIGHT", "CAM_BACK_LEFT", "CAM_BACK", "CAM_BACK_RIGHT"], "token": "c0a034020a42472ea25c78a4182d9bfb", "scene": "scene-1050"}, {"images": ["samples/CAM_FRONT_LEFT/n015-2018-11-21-19-11-29+0800__CAM_FRONT_LEFT__1542798832504844.jpg", "samples/CAM_FRONT/n015-2018-11-21-19-11-29+0800__CAM_FRONT__1542798832512460.jpg", "samples/CAM_FRONT_RIGHT/n015-2018-11-21-19-11-29+0800__CAM_FRONT_RIGHT__1542798832520339.jpg", "samples/CAM_BACK_LEFT/n015-2018-11-21-19-11-29+0800__CAM_BACK_LEFT__1542798832547423.jpg", "samples/CAM_BACK/n015-2018-11-21-19-11-29+0800__CAM_BACK__1542798832537525.jpg", "samples/CAM_BACK_RIGHT/n015-2018-11-21-19-11-29+0800__CAM_BACK_RIGHT__1542798832527893.jpg"], "intrinsics": [[[1272.5979470598488, 0.0, 826.6154927353808], [0.0, 1272.5979470598488, 479.75165386361925], [0.0, 0.0, 1.0]], [[1266.417203046554, 0.0, 816.2670197447984], [0.0, 1266.417203046554, 491.50706579294757], [0.0, 0.0, 1.0]], [[1260.8474446004698, 0.0, 807.968244525554], [0.0, 1260.8474446004698, 495.3344268742088], [0.0, 0.0, 1.0]], [[1256.7414812095406, 0.0, 792.1125740759628], [0.0, 1256.7414812095406, 492.7757465151356], [0.0, 0.0, 1.0]], [[809.2209905677063, 0.0, 829.2196003259838], [0.0, 809.2209905677063, 481.77842384512485], [0.0, 0.0, 1.0]], [[1259.5137405846733, 0.0, 807.2529053838625], [0.0, 1259.5137405846733, 501.19579884916527], [0.0, 0.0, 1.0]]], "extrinsics": [[[0.8214768767356873, -0.5701409578323364, -0.01072554662823677, -0.5169677734375], [-0.018584592267870903, -0.00796901062130928, -0.9997954964637756, 1.4982147216796875], [0.5699388384819031, 0.8215082287788391, -0.017142195254564285, -0.9757080078125], [0.0, 0.0, 0.0, 1.0]], [[0.0069669196382164955, -0.9999037981033325, 0.01199530903249979, 0.01251220703125], [-0.024375498294830322, -0.012161849066615105, -0.9996289014816284, 1.5096664428710938], [0.9996786117553711, 0.006671944633126259, -0.024457881227135658, -1.24462890625], [0.0, 0.0, 0.0, 1.0]], [[-0.8323884010314941, -0.5540323853492737, 0.01332717202603817, 0.742431640625], [-0.019284900277853012, 0.004923893604427576, -0.9998018741607666, 1.4968719482421875], [0.5538570284843445, -0.8324805498123169, -0.014783051796257496, -1.05181884765625], [0.0, 0.0, 0.0, 1.0]], [[0.9476204514503479, 0.31876468658447266, -0.020113948732614517, -1.1298828125], [-0.012573915533721447, -0.025694239884614944, -0.9995907545089722, 1.5883941650390625], [-0.3191511034965515, 0.9474855661392212, -0.020340267568826675, -0.1080322265625], [0.0, 0.0, 0.0, 1.0]], [[0.0019311448559165, 0.9998764395713806, -0.01560057234019041, 0.001708984375], [-0.03723417967557907, -0.015517886728048325, -0.9991860389709473, 1.5742721557617188], [-0.9993046522140503, 0.0025104160886257887, 0.03719961270689964, -0.13525390625], [0.0, 0.0, 0.0, 1.0]], [[-0.9350787997245789, 0.3544212877750397, 0.003608058439567685, 0.8948974609375], [-0.003914708737283945, -0.00014822190860286355, -0.9999923706054688, 1.5504446029663086], [-0.3544180393218994, -0.9350858330726624, 0.0015260543441399932, -0.1524658203125], [0.0, 0.0, 0.0, 1.0]]], "view": [[0.0, -2.0, 100.0], [-2.0, 0.0, 100.0], [0.0, 0.0, 1.0]], "bev": "bev_5dc54a9fb07845d78a9a547e94adfa2c.png", "aux": "aux_5dc54a9fb07845d78a9a547e94adfa2c.npz", "visibility": "visibility_5dc54a9fb07845d78a9a547e94adfa2c.png", "pose": [[0.5683170557022095, -0.822809636592865, 0.0, 777.0525512695312], [0.822809636592865, 0.5683170557022095, 0.0, 2274.36376953125], [0.0, 0.0, 1.0, 0.0], [0.0, 0.0, 0.0, 1.0]], "pose_inverse": [[0.5683170557022095, 0.822809636592865, 0.0, -2312.980712890625], [-0.822809636592865, 0.5683170557022095, 0.0, -653.193359375], [0.0, 0.0, 1.0, 0.0], [0.0, 0.0, 0.0, 1.0]], "cam_ids": [0, 1, 2, 3, 4, 5], "cam_channels": ["CAM_FRONT_LEFT", "CAM_FRONT", "CAM_FRONT_RIGHT", "CAM_BACK_LEFT", "CAM_BACK", "CAM_BACK_RIGHT"], "token": "5dc54a9fb07845d78a9a547e94adfa2c", "scene": "scene-1050"}, {"images": ["samples/CAM_FRONT_LEFT/n015-2018-11-21-19-11-29+0800__CAM_FRONT_LEFT__1542798833004856.jpg", "samples/CAM_FRONT/n015-2018-11-21-19-11-29+0800__CAM_FRONT__1542798833012460.jpg", "samples/CAM_FRONT_RIGHT/n015-2018-11-21-19-11-29+0800__CAM_FRONT_RIGHT__1542798833020339.jpg", "samples/CAM_BACK_LEFT/n015-2018-11-21-19-11-29+0800__CAM_BACK_LEFT__1542798833047423.jpg", "samples/CAM_BACK/n015-2018-11-21-19-11-29+0800__CAM_BACK__1542798833037525.jpg", "samples/CAM_BACK_RIGHT/n015-2018-11-21-19-11-29+0800__CAM_BACK_RIGHT__1542798833027893.jpg"], "intrinsics": [[[1272.5979470598488, 0.0, 826.6154927353808], [0.0, 1272.5979470598488, 479.75165386361925], [0.0, 0.0, 1.0]], [[1266.417203046554, 0.0, 816.2670197447984], [0.0, 1266.417203046554, 491.50706579294757], [0.0, 0.0, 1.0]], [[1260.8474446004698, 0.0, 807.968244525554], [0.0, 1260.8474446004698, 495.3344268742088], [0.0, 0.0, 1.0]], [[1256.7414812095406, 0.0, 792.1125740759628], [0.0, 1256.7414812095406, 492.7757465151356], [0.0, 0.0, 1.0]], [[809.2209905677063, 0.0, 829.2196003259838], [0.0, 809.2209905677063, 481.77842384512485], [0.0, 0.0, 1.0]], [[1259.5137405846733, 0.0, 807.2529053838625], [0.0, 1259.5137405846733, 501.19579884916527], [0.0, 0.0, 1.0]]], "extrinsics": [[[0.8202124834060669, -0.5717742443084717, -0.018048321828246117, -0.517578125], [-0.03184812143445015, -0.01413995772600174, -0.9993926882743835, 1.4910049438476562], [0.571171760559082, 0.820289134979248, -0.02980770356953144, -0.972900390625], [0.0, 0.0, 0.0, 1.0]], [[0.00564413471147418, -0.999824583530426, 0.017856132239103317, 0.010498046875], [-0.03700903430581093, -0.01805303804576397, -0.999151885509491, 1.5039901733398438], [0.9992990493774414, 0.004978484008461237, -0.03710443899035454, -1.244140625], [0.0, 0.0, 0.0, 1.0]], [[-0.8328096270561218, -0.552928626537323, 0.026418786495923996, 0.74169921875], [-0.031244799494743347, -0.0006961185717955232, -0.9995115399360657, 1.492706298828125], [0.5526769161224365, -0.8332282900810242, -0.01669641025364399, -1.05316162109375], [0.0, 0.0, 0.0, 1.0]], [[0.947636067867279, 0.3179164528846741, -0.030249016359448433, -1.12744140625], [-0.021668894216418266, -0.030491093173623085, -0.9993001222610474, 1.5881881713867188], [-0.31861627101898193, 0.9476282596588135, -0.022005563601851463, -0.10753631591796875], [0.0, 0.0, 0.0, 1.0]], [[0.002514800289645791, 0.99978107213974, -0.020771579816937447, 0.002685546875], [-0.04745924100279808, -0.0206289142370224, -0.998660147190094, 1.572845458984375], [-0.9988700151443481, 0.0034971849527209997, 0.04739697277545929, -0.135498046875], [0.0, 0.0, 0.0, 1.0]], [[-0.9346764087677002, 0.355289489030838, 0.012225624173879623, 0.895263671875], [-0.015188860706984997, -0.005552221089601517, -0.9998692274093628, 1.5475578308105469], [-0.3551751375198364, -0.9347398281097412, 0.010585972107946873, -0.1534423828125], [0.0, 0.0, 0.0, 1.0]]], "view": [[0.0, -2.0, 100.0], [-2.0, 0.0, 100.0], [0.0, 0.0, 1.0]], "bev": "bev_3eb1b7c353d444d5ac0c41edac4bfaf7.png", "aux": "aux_3eb1b7c353d444d5ac0c41edac4bfaf7.npz", "visibility": "visibility_3eb1b7c353d444d5ac0c41edac4bfaf7.png", "pose": [[0.5711004137992859, -0.8208801746368408, 0.0, 780.621826171875], [0.8208801746368408, 0.5711004137992859, 0.0, 2279.411376953125], [0.0, 0.0, 1.0, 0.0], [0.0, 0.0, 0.0, 1.0]], "pose_inverse": [[0.5711004137992859, 0.8208801746368408, 0.0, -2316.93701171875], [-0.8208801746368408, 0.5711004137992859, 0.0, -660.975830078125], [0.0, 0.0, 1.0, 0.0], [0.0, 0.0, 0.0, 1.0]], "cam_ids": [0, 1, 2, 3, 4, 5], "cam_channels": ["CAM_FRONT_LEFT", "CAM_FRONT", "CAM_FRONT_RIGHT", "CAM_BACK_LEFT", "CAM_BACK", "CAM_BACK_RIGHT"], "token": "3eb1b7c353d444d5ac0c41edac4bfaf7", "scene": "scene-1050"}, {"images": ["samples/CAM_FRONT_LEFT/n015-2018-11-21-19-11-29+0800__CAM_FRONT_LEFT__1542798833504844.jpg", "samples/CAM_FRONT/n015-2018-11-21-19-11-29+0800__CAM_FRONT__1542798833512460.jpg", "samples/CAM_FRONT_RIGHT/n015-2018-11-21-19-11-29+0800__CAM_FRONT_RIGHT__1542798833520339.jpg", "samples/CAM_BACK_LEFT/n015-2018-11-21-19-11-29+0800__CAM_BACK_LEFT__1542798833547423.jpg", "samples/CAM_BACK/n015-2018-11-21-19-11-29+0800__CAM_BACK__1542798833537525.jpg", "samples/CAM_BACK_RIGHT/n015-2018-11-21-19-11-29+0800__CAM_BACK_RIGHT__1542798833527893.jpg"], "intrinsics": [[[1272.5979470598488, 0.0, 826.6154927353808], [0.0, 1272.5979470598488, 479.75165386361925], [0.0, 0.0, 1.0]], [[1266.417203046554, 0.0, 816.2670197447984], [0.0, 1266.417203046554, 491.50706579294757], [0.0, 0.0, 1.0]], [[1260.8474446004698, 0.0, 807.968244525554], [0.0, 1260.8474446004698, 495.3344268742088], [0.0, 0.0, 1.0]], [[1256.7414812095406, 0.0, 792.1125740759628], [0.0, 1256.7414812095406, 492.7757465151356], [0.0, 0.0, 1.0]], [[809.2209905677063, 0.0, 829.2196003259838], [0.0, 809.2209905677063, 481.77842384512485], [0.0, 0.0, 1.0]], [[1259.5137405846733, 0.0, 807.2529053838625], [0.0, 1259.5137405846733, 501.19579884916527], [0.0, 0.0, 1.0]]], "extrinsics": [[[0.8205944299697876, -0.5711938142776489, -0.01903678849339485, -0.508056640625], [-0.031045906245708466, -0.011291613802313805, -0.999454140663147, 1.4910888671875], [0.5706670880317688, 0.8207376003265381, -0.026999065652489662, -0.9669189453125], [0.0, 0.0, 0.0, 1.0]], [[0.006131852976977825, -0.9998674988746643, 0.015080038458108902, 0.01116943359375], [-0.03639962524175644, -0.015293503180146217, -0.9992203116416931, 1.5039215087890625], [0.9993184804916382, 0.0055781141854822636, -0.036488573998212814, -1.2353515625], [0.0, 0.0, 0.0, 1.0]], [[-0.8326143622398376, -0.5533065795898438, 0.024598192423582077, 0.736328125], [-0.030843418091535568, 0.0019776264671236277, -0.9995222091674805, 1.4926223754882812], [0.552993655204773, -0.8329752683639526, -0.018712468445301056, -1.049072265625], [0.0, 0.0, 0.0, 1.0]], [[0.947282075881958, 0.31898900866508484, -0.03004414588212967, -1.129150390625], [-0.02219359762966633, -0.028217852115631104, -0.9993553757667542, 1.5882492065429688], [-0.31963109970092773, 0.947338342666626, -0.01965075172483921, -0.10779571533203125], [0.0, 0.0, 0.0, 1.0]], [[0.0019535052124410868, 0.9998295903205872, -0.018359338864684105, 0.00238037109375], [-0.04761724919080734, -0.018245546147227287, -0.9986990094184875, 1.57275390625], [-0.9988637566566467, 0.0028251069597899914, 0.04757348820567131, -0.136962890625], [0.0, 0.0, 0.0, 1.0]], [[-0.9347681999206543, 0.35502177476882935, 0.012964257970452309, 0.891357421875], [-0.01500359270721674, -0.002991768065840006, -0.9998829960823059, 1.54754638671875], [-0.3549414277076721, -0.9348533153533936, 0.008123211562633514, -0.1546630859375], [0.0, 0.0, 0.0, 1.0]]], "view": [[0.0, -2.0, 100.0], [-2.0, 0.0, 100.0], [0.0, 0.0, 1.0]], "bev": "bev_b91a507444a44e0697af6835b50a8208.png", "aux": "aux_b91a507444a44e0697af6835b50a8208.npz", "visibility": "visibility_b91a507444a44e0697af6835b50a8208.png", "pose": [[0.5723759531974792, -0.8199913501739502, 0.0, 784.2191772460938], [0.8199913501739502, 0.5723759531974792, 0.0, 2284.505126953125], [0.0, 0.0, 1.0, 0.0], [0.0, 0.0, 0.0, 1.0]], "pose_inverse": [[0.5723759531974792, 0.8199913501739502, 0.0, -2322.142578125], [-0.8199913501739502, 0.5723759531974792, 0.0, -664.5429077148438], [0.0, 0.0, 1.0, 0.0], [0.0, 0.0, 0.0, 1.0]], "cam_ids": [0, 1, 2, 3, 4, 5], "cam_channels": ["CAM_FRONT_LEFT", "CAM_FRONT", "CAM_FRONT_RIGHT", "CAM_BACK_LEFT", "CAM_BACK", "CAM_BACK_RIGHT"], "token": "b91a507444a44e0697af6835b50a8208", "scene": "scene-1050"}, {"images": ["samples/CAM_FRONT_LEFT/n015-2018-11-21-19-11-29+0800__CAM_FRONT_LEFT__1542798834004844.jpg", "samples/CAM_FRONT/n015-2018-11-21-19-11-29+0800__CAM_FRONT__1542798834012460.jpg", "samples/CAM_FRONT_RIGHT/n015-2018-11-21-19-11-29+0800__CAM_FRONT_RIGHT__1542798834020339.jpg", "samples/CAM_BACK_LEFT/n015-2018-11-21-19-11-29+0800__CAM_BACK_LEFT__1542798834047423.jpg", "samples/CAM_BACK/n015-2018-11-21-19-11-29+0800__CAM_BACK__1542798834037525.jpg", "samples/CAM_BACK_RIGHT/n015-2018-11-21-19-11-29+0800__CAM_BACK_RIGHT__1542798834027893.jpg"], "intrinsics": [[[1272.5979470598488, 0.0, 826.6154927353808], [0.0, 1272.5979470598488, 479.75165386361925], [0.0, 0.0, 1.0]], [[1266.417203046554, 0.0, 816.2670197447984], [0.0, 1266.417203046554, 491.50706579294757], [0.0, 0.0, 1.0]], [[1260.8474446004698, 0.0, 807.968244525554], [0.0, 1260.8474446004698, 495.3344268742088], [0.0, 0.0, 1.0]], [[1256.7414812095406, 0.0, 792.1125740759628], [0.0, 1256.7414812095406, 492.7757465151356], [0.0, 0.0, 1.0]], [[809.2209905677063, 0.0, 829.2196003259838], [0.0, 809.2209905677063, 481.77842384512485], [0.0, 0.0, 1.0]], [[1259.5137405846733, 0.0, 807.2529053838625], [0.0, 1259.5137405846733, 501.19579884916527], [0.0, 0.0, 1.0]]], "extrinsics": [[[0.8193074464797974, -0.5729283094406128, -0.022098759189248085, -0.503662109375], [-0.032427605241537094, -0.007822479121387005, -0.9994434714317322, 1.4899063110351562], [0.5724365711212158, 0.8195681571960449, -0.024987708777189255, -0.95458984375], [0.0, 0.0, 0.0, 1.0]], [[0.004384314175695181, -0.9999198913574219, 0.011865900829434395, 0.0048828125], [-0.03763127326965332, -0.012022589333355427, -0.9992194175720215, 1.5029678344726562], [0.9992820620536804, 0.003934410400688648, -0.0376809723675251, -1.226806640625], [0.0, 0.0, 0.0, 1.0]], [[-0.8333593606948853, -0.5522183775901794, 0.02380998805165291, 0.72802734375], [-0.03188817575573921, 0.005028329323977232, -0.9994787573814392, 1.4920578002929688], [0.5518108606338501, -0.8336842656135559, -0.021799644455313683, -1.049560546875], [0.0, 0.0, 0.0, 1.0]], [[0.9476391673088074, 0.3179151117801666, -0.03016604110598564, -1.12841796875], [-0.02319435216486454, -0.025692667812108994, -0.999400794506073, 1.5881500244140625], [-0.31849971413612366, 0.9477710127830505, -0.016973543912172318, -0.10466766357421875], [0.0, 0.0, 0.0, 1.0]], [[0.00296150054782629, 0.9998726844787598, -0.01568179950118065, 0.0052490234375], [-0.04850854352116585, -0.015519763343036175, -0.9987022280693054, 1.5725021362304688], [-0.9988183975219727, 0.003718436462804675, 0.04845640808343887, -0.138916015625], [0.0, 0.0, 0.0, 1.0]], [[-0.9343855381011963, 0.35595399141311646, 0.01484378706663847, 0.888671875], [-0.01593172736465931, -0.00012493316899053752, -0.9998731017112732, 1.5472145080566406], [-0.3559069335460663, -0.9345034956932068, 0.0057876924984157085, -0.1593017578125], [0.0, 0.0, 0.0, 1.0]]], "view": [[0.0, -2.0, 100.0], [-2.0, 0.0, 100.0], [0.0, 0.0, 1.0]], "bev": "bev_6cdc1275a30a40ca83149a0c461874cb.png", "aux": "aux_6cdc1275a30a40ca83149a0c461874cb.npz", "visibility": "visibility_6cdc1275a30a40ca83149a0c461874cb.png", "pose": [[0.5700413584709167, -0.821615993976593, 0.0, 787.9315795898438], [0.821615993976593, 0.5700413584709167, 0.0, 2289.77197265625], [0.0, 0.0, 1.0, 0.0], [0.0, 0.0, 0.0, 1.0]], "pose_inverse": [[0.5700413584709167, 0.821615993976593, 0.0, -2330.466796875], [-0.821615993976593, 0.5700413584709167, 0.0, -657.8875122070312], [0.0, 0.0, 1.0, 0.0], [0.0, 0.0, 0.0, 1.0]], "cam_ids": [0, 1, 2, 3, 4, 5], "cam_channels": ["CAM_FRONT_LEFT", "CAM_FRONT", "CAM_FRONT_RIGHT", "CAM_BACK_LEFT", "CAM_BACK", "CAM_BACK_RIGHT"], "token": "6cdc1275a30a40ca83149a0c461874cb", "scene": "scene-1050"}, {"images": ["samples/CAM_FRONT_LEFT/n015-2018-11-21-19-11-29+0800__CAM_FRONT_LEFT__1542798834504844.jpg", "samples/CAM_FRONT/n015-2018-11-21-19-11-29+0800__CAM_FRONT__1542798834512460.jpg", "samples/CAM_FRONT_RIGHT/n015-2018-11-21-19-11-29+0800__CAM_FRONT_RIGHT__1542798834520339.jpg", "samples/CAM_BACK_LEFT/n015-2018-11-21-19-11-29+0800__CAM_BACK_LEFT__1542798834547423.jpg", "samples/CAM_BACK/n015-2018-11-21-19-11-29+0800__CAM_BACK__1542798834537525.jpg", "samples/CAM_BACK_RIGHT/n015-2018-11-21-19-11-29+0800__CAM_BACK_RIGHT__1542798834527893.jpg"], "intrinsics": [[[1272.5979470598488, 0.0, 826.6154927353808], [0.0, 1272.5979470598488, 479.75165386361925], [0.0, 0.0, 1.0]], [[1266.417203046554, 0.0, 816.2670197447984], [0.0, 1266.417203046554, 491.50706579294757], [0.0, 0.0, 1.0]], [[1260.8474446004698, 0.0, 807.968244525554], [0.0, 1260.8474446004698, 495.3344268742088], [0.0, 0.0, 1.0]], [[1256.7414812095406, 0.0, 792.1125740759628], [0.0, 1256.7414812095406, 492.7757465151356], [0.0, 0.0, 1.0]], [[809.2209905677063, 0.0, 829.2196003259838], [0.0, 809.2209905677063, 481.77842384512485], [0.0, 0.0, 1.0]], [[1259.5137405846733, 0.0, 807.2529053838625], [0.0, 1259.5137405846733, 501.19579884916527], [0.0, 0.0, 1.0]]], "extrinsics": [[[0.8201815485954285, -0.5718871355056763, -0.015728695318102837, -0.4898681640625], [-0.02481192722916603, -0.008090664632618427, -0.9996594190597534, 1.4939155578613281], [0.5715650320053101, 0.8202923536300659, -0.02082543447613716, -0.950927734375], [0.0, 0.0, 0.0, 1.0]], [[0.005320971831679344, -0.9999155402183533, 0.011859583668410778, 0.0087890625], [-0.029958589002490044, -0.012013827450573444, -0.9994789361953735, 1.5062713623046875], [0.99953693151474, 0.004962875507771969, -0.030019985511898994, -1.216064453125], [0.0, 0.0, 0.0, 1.0]], [[-0.8330624103546143, -0.552911639213562, 0.017193397507071495, 0.72314453125], [-0.02417212352156639, 0.005333149805665016, -0.9996935725212097, 1.4946517944335938], [0.5526505708694458, -0.8332227468490601, -0.017807895317673683, -1.04254150390625], [0.0, 0.0, 0.0, 1.0]], [[0.9475634694099426, 0.3187917470932007, -0.02225424163043499, -1.1318359375], [-0.015288603492081165, -0.024336036294698715, -0.9995869398117065, 1.5883865356445312], [-0.3192017078399658, 0.9475123882293701, -0.018186058849096298, -0.1073150634765625], [0.0, 0.0, 0.0, 1.0]], [[0.0023995302617549896, 0.9998890161514282, -0.014711752533912659, 0.0028076171875], [-0.04068072512745857, -0.014602014794945717, -0.9990655183792114, 1.5735626220703125], [-0.9991692900657654, 0.0029957150109112263, 0.040641169995069504, -0.140380859375], [0.0, 0.0, 0.0, 1.0]], [[-0.9346970915794373, 0.3553597927093506, 0.007789888419210911, 0.8828125], [-0.008154243230819702, 0.00047241844004020095, -0.9999666810035706, 1.5492401123046875], [-0.35535159707069397, -0.9347295761108398, 0.002456121612340212, -0.159423828125], [0.0, 0.0, 0.0, 1.0]]], "view": [[0.0, -2.0, 100.0], [-2.0, 0.0, 100.0], [0.0, 0.0, 1.0]], "bev": "bev_50d9efa2d3e040c4b6a865e60ffa8e12.png", "aux": "aux_50d9efa2d3e040c4b6a865e60ffa8e12.npz", "visibility": "visibility_50d9efa2d3e040c4b6a865e60ffa8e12.png", "pose": [[0.5698248147964478, -0.821766197681427, 0.0, 791.7196044921875], [0.821766197681427, 0.5698248147964478, 0.0, 2295.13525390625], [0.0, 0.0, 1.0, 0.0], [0.0, 0.0, 0.0, 1.0]], "pose_inverse": [[0.5698248147964478, 0.821766197681427, 0.0, -2337.2060546875], [-0.821766197681427, 0.5698248147964478, 0.0, -657.2166748046875], [0.0, 0.0, 1.0, 0.0], [0.0, 0.0, 0.0, 1.0]], "cam_ids": [0, 1, 2, 3, 4, 5], "cam_channels": ["CAM_FRONT_LEFT", "CAM_FRONT", "CAM_FRONT_RIGHT", "CAM_BACK_LEFT", "CAM_BACK", "CAM_BACK_RIGHT"], "token": "50d9efa2d3e040c4b6a865e60ffa8e12", "scene": "scene-1050"}, {"images": ["samples/CAM_FRONT_LEFT/n015-2018-11-21-19-11-29+0800__CAM_FRONT_LEFT__1542798835004844.jpg", "samples/CAM_FRONT/n015-2018-11-21-19-11-29+0800__CAM_FRONT__1542798835012460.jpg", "samples/CAM_FRONT_RIGHT/n015-2018-11-21-19-11-29+0800__CAM_FRONT_RIGHT__1542798835020339.jpg", "samples/CAM_BACK_LEFT/n015-2018-11-21-19-11-29+0800__CAM_BACK_LEFT__1542798835047423.jpg", "samples/CAM_BACK/n015-2018-11-21-19-11-29+0800__CAM_BACK__1542798835037525.jpg", "samples/CAM_BACK_RIGHT/n015-2018-11-21-19-11-29+0800__CAM_BACK_RIGHT__1542798835027893.jpg"], "intrinsics": [[[1272.5979470598488, 0.0, 826.6154927353808], [0.0, 1272.5979470598488, 479.75165386361925], [0.0, 0.0, 1.0]], [[1266.417203046554, 0.0, 816.2670197447984], [0.0, 1266.417203046554, 491.50706579294757], [0.0, 0.0, 1.0]], [[1260.8474446004698, 0.0, 807.968244525554], [0.0, 1260.8474446004698, 495.3344268742088], [0.0, 0.0, 1.0]], [[1256.7414812095406, 0.0, 792.1125740759628], [0.0, 1256.7414812095406, 492.7757465151356], [0.0, 0.0, 1.0]], [[809.2209905677063, 0.0, 829.2196003259838], [0.0, 809.2209905677063, 481.77842384512485], [0.0, 0.0, 1.0]], [[1259.5137405846733, 0.0, 807.2529053838625], [0.0, 1259.5137405846733, 501.19579884916527], [0.0, 0.0, 1.0]]], "extrinsics": [[[0.8206834197044373, -0.5710715651512146, -0.018865667283535004, -0.4837646484375], [-0.03138643875718117, -0.012088396586477757, -0.9994341731071472, 1.4899444580078125], [0.5705203413963318, 0.8208112120628357, -0.02784464880824089, -0.9495849609375], [0.0, 0.0, 0.0, 1.0]], [[0.006329247262328863, -0.9998498558998108, 0.0161297544836998, 0.01055908203125], [-0.03662993758916855, -0.016351068392395973, -0.9991951584815979, 1.502899169921875], [0.9993088245391846, 0.005733336787670851, -0.03672792762517929, -1.210205078125], [0.0, 0.0, 0.0, 1.0]], [[-0.832493007183075, -0.5534515976905823, 0.025428932160139084, 0.71923828125], [-0.030964350327849388, 0.0006520407623611391, -0.9995202422142029, 1.4919662475585938], [0.5531695485115051, -0.8328810930252075, -0.0176800899207592, -1.0386962890625], [0.0, 0.0, 0.0, 1.0]], [[0.9473761916160583, 0.3187066614627838, -0.030074335634708405, -1.126708984375], [-0.021613121032714844, -0.03005261719226837, -0.999314546585083, 1.58819580078125], [-0.31939199566841125, 0.9473769068717957, -0.021582886576652527, -0.10894775390625], [0.0, 0.0, 0.0, 1.0]], [[0.0019213736522942781, 0.9997977018356323, -0.020024102181196213, 0.00262451171875], [-0.047392334789037704, -0.019910598173737526, -0.9986778497695923, 1.5723495483398438], [-0.9988744854927063, 0.002867873525246978, 0.04734448716044426, -0.14599609375], [0.0, 0.0, 0.0, 1.0]], [[-0.9348500967025757, 0.3548251986503601, 0.012424043379724026, 0.877197265625], [-0.014994579367339611, -0.00449563842266798, -0.9998774528503418, 1.5473060607910156], [-0.3547258675098419, -0.93492192029953, 0.009523202665150166, -0.1607666015625], [0.0, 0.0, 0.0, 1.0]]], "view": [[0.0, -2.0, 100.0], [-2.0, 0.0, 100.0], [0.0, 0.0, 1.0]], "bev": "bev_c85e37d1fa3b4811ae49e38e7e3df0c3.png", "aux": "aux_c85e37d1fa3b4811ae49e38e7e3df0c3.npz", "visibility": "visibility_c85e37d1fa3b4811ae49e38e7e3df0c3.png", "pose": [[0.5685631036758423, -0.8226396441459656, 0.0, 795.5663452148438], [0.8226396441459656, 0.5685631036758423, 0.0, 2300.627197265625], [0.0, 0.0, 1.0, 0.0], [0.0, 0.0, 0.0, 1.0]], "pose_inverse": [[0.5685631036758423, 0.8226396441459656, 0.0, -2344.916748046875], [-0.8226396441459656, 0.5685631036758423, 0.0, -653.5873413085938], [0.0, 0.0, 1.0, 0.0], [0.0, 0.0, 0.0, 1.0]], "cam_ids": [0, 1, 2, 3, 4, 5], "cam_channels": ["CAM_FRONT_LEFT", "CAM_FRONT", "CAM_FRONT_RIGHT", "CAM_BACK_LEFT", "CAM_BACK", "CAM_BACK_RIGHT"], "token": "c85e37d1fa3b4811ae49e38e7e3df0c3", "scene": "scene-1050"}, {"images": ["samples/CAM_FRONT_LEFT/n015-2018-11-21-19-11-29+0800__CAM_FRONT_LEFT__1542798835504844.jpg", "samples/CAM_FRONT/n015-2018-11-21-19-11-29+0800__CAM_FRONT__1542798835512460.jpg", "samples/CAM_FRONT_RIGHT/n015-2018-11-21-19-11-29+0800__CAM_FRONT_RIGHT__1542798835520339.jpg", "samples/CAM_BACK_LEFT/n015-2018-11-21-19-11-29+0800__CAM_BACK_LEFT__1542798835547423.jpg", "samples/CAM_BACK/n015-2018-11-21-19-11-29+0800__CAM_BACK__1542798835537525.jpg", "samples/CAM_BACK_RIGHT/n015-2018-11-21-19-11-29+0800__CAM_BACK_RIGHT__1542798835527893.jpg"], "intrinsics": [[[1272.5979470598488, 0.0, 826.6154927353808], [0.0, 1272.5979470598488, 479.75165386361925], [0.0, 0.0, 1.0]], [[1266.417203046554, 0.0, 816.2670197447984], [0.0, 1266.417203046554, 491.50706579294757], [0.0, 0.0, 1.0]], [[1260.8474446004698, 0.0, 807.968244525554], [0.0, 1260.8474446004698, 495.3344268742088], [0.0, 0.0, 1.0]], [[1256.7414812095406, 0.0, 792.1125740759628], [0.0, 1256.7414812095406, 492.7757465151356], [0.0, 0.0, 1.0]], [[809.2209905677063, 0.0, 829.2196003259838], [0.0, 809.2209905677063, 481.77842384512485], [0.0, 0.0, 1.0]], [[1259.5137405846733, 0.0, 807.2529053838625], [0.0, 1259.5137405846733, 501.19579884916527], [0.0, 0.0, 1.0]]], "extrinsics": [[[0.8202802538871765, -0.5716052651405334, -0.020192811265587807, -0.4759521484375], [-0.029177052900195122, -0.006559738423675299, -0.9995527863502502, 1.4909286499023438], [0.5712171792984009, 0.820502519607544, -0.022058578208088875, -0.9432373046875], [0.0, 0.0, 0.0, 1.0]], [[0.005821386352181435, -0.9999299645423889, 0.010309056378901005, 0.0108642578125], [-0.034454457461833954, -0.0105036785826087, -0.9993510842323303, 1.5037307739257812], [0.9993892908096313, 0.005462470930069685, -0.034513186663389206, -1.2041015625], [0.0, 0.0, 0.0, 1.0]], [[-0.8326573371887207, -0.5534190535545349, 0.020224347710609436, 0.71826171875], [-0.028816521167755127, 0.006828117650002241, -0.9995613694190979, 1.4926986694335938], [0.5530382394790649, -0.8328749537467957, -0.021633092314004898, -1.03662109375], [0.0, 0.0, 0.0, 1.0]], [[0.9474774599075317, 0.31873294711112976, -0.026379138231277466, -1.135009765625], [-0.019862353801727295, -0.023679403588175774, -0.9995222687721252, 1.588409423828125], [-0.31920525431632996, 0.9475487470626831, -0.016104916110634804, -0.106109619140625], [0.0, 0.0, 0.0, 1.0]], [[0.0019231161568313837, 0.9999061822891235, -0.013565578497946262, 0.00115966796875], [-0.04542713239789009, -0.013464245945215225, -0.9988769292831421, 1.5729293823242188], [-0.9989657998085022, 0.0025371727533638477, 0.04539697617292404, -0.14013671875], [0.0, 0.0, 0.0, 1.0]], [[-0.934895396232605, 0.3546942174434662, 0.012751756235957146, 0.8787841796875], [-0.01290980726480484, 0.0019209502497687936, -0.999914824962616, 1.5479049682617188], [-0.35468852519989014, -0.9349804520606995, 0.0027831464540213346, -0.1580810546875], [0.0, 0.0, 0.0, 1.0]]], "view": [[0.0, -2.0, 100.0], [-2.0, 0.0, 100.0], [0.0, 0.0, 1.0]], "bev": "bev_c15c97a99ef242af9cbe73409db406b2.png", "aux": "aux_c15c97a99ef242af9cbe73409db406b2.npz", "visibility": "visibility_c15c97a99ef242af9cbe73409db406b2.png", "pose": [[0.5657126903533936, -0.8246024250984192, 0.0, 799.4620361328125], [0.8246024250984192, 0.5657126903533936, 0.0, 2306.2177734375], [0.0, 0.0, 1.0, 0.0], [0.0, 0.0, 0.0, 1.0]], "pose_inverse": [[0.5657126903533936, 0.8246024250984192, 0.0, -2353.978515625], [-0.8246024250984192, 0.5657126903533936, 0.0, -645.4182739257812], [0.0, 0.0, 1.0, 0.0], [0.0, 0.0, 0.0, 1.0]], "cam_ids": [0, 1, 2, 3, 4, 5], "cam_channels": ["CAM_FRONT_LEFT", "CAM_FRONT", "CAM_FRONT_RIGHT", "CAM_BACK_LEFT", "CAM_BACK", "CAM_BACK_RIGHT"], "token": "c15c97a99ef242af9cbe73409db406b2", "scene": "scene-1050"}, {"images": ["samples/CAM_FRONT_LEFT/n015-2018-11-21-19-11-29+0800__CAM_FRONT_LEFT__1542798836004844.jpg", "samples/CAM_FRONT/n015-2018-11-21-19-11-29+0800__CAM_FRONT__1542798836012460.jpg", "samples/CAM_FRONT_RIGHT/n015-2018-11-21-19-11-29+0800__CAM_FRONT_RIGHT__1542798836020339.jpg", "samples/CAM_BACK_LEFT/n015-2018-11-21-19-11-29+0800__CAM_BACK_LEFT__1542798836047423.jpg", "samples/CAM_BACK/n015-2018-11-21-19-11-29+0800__CAM_BACK__1542798836037525.jpg", "samples/CAM_BACK_RIGHT/n015-2018-11-21-19-11-29+0800__CAM_BACK_RIGHT__1542798836027893.jpg"], "intrinsics": [[[1272.5979470598488, 0.0, 826.6154927353808], [0.0, 1272.5979470598488, 479.75165386361925], [0.0, 0.0, 1.0]], [[1266.417203046554, 0.0, 816.2670197447984], [0.0, 1266.417203046554, 491.50706579294757], [0.0, 0.0, 1.0]], [[1260.8474446004698, 0.0, 807.968244525554], [0.0, 1260.8474446004698, 495.3344268742088], [0.0, 0.0, 1.0]], [[1256.7414812095406, 0.0, 792.1125740759628], [0.0, 1256.7414812095406, 492.7757465151356], [0.0, 0.0, 1.0]], [[809.2209905677063, 0.0, 829.2196003259838], [0.0, 809.2209905677063, 481.77842384512485], [0.0, 0.0, 1.0]], [[1259.5137405846733, 0.0, 807.2529053838625], [0.0, 1259.5137405846733, 501.19579884916527], [0.0, 0.0, 1.0]]], "extrinsics": [[[0.8204203844070435, -0.5715705156326294, -0.014746660366654396, -0.46484375], [-0.02848261408507824, -0.01509651355445385, -0.9994802474975586, 1.490997314453125], [0.571050763130188, 0.8204140663146973, -0.028665311634540558, -0.9364013671875], [0.0, 0.0, 0.0, 1.0]], [[0.005517550278455019, -0.9998055696487427, 0.01892993226647377, 0.010498046875], [-0.033924102783203125, -0.01910647377371788, -0.9992417693138123, 1.5035629272460938], [0.9994091391563416, 0.004871211480349302, -0.03402292728424072, -1.19140625], [0.0, 0.0, 0.0, 1.0]], [[-0.8330824971199036, -0.5525956749916077, 0.024728825315833092, 0.706787109375], [-0.028442302718758583, -0.0018530657980591059, -0.9995937347412109, 1.49249267578125], [0.5524169206619263, -0.8334473967552185, -0.014173335395753384, -1.03057861328125], [0.0, 0.0, 0.0, 1.0]], [[0.9474108219146729, 0.31865638494491577, -0.029509715735912323, -1.12939453125], [-0.02029569074511528, -0.03219760209321976, -0.9992754459381104, 1.588287353515625], [-0.3193756639957428, 0.9473232626914978, -0.024037005379796028, -0.1080474853515625], [0.0, 0.0, 0.0, 1.0]], [[0.002647918649017811, 0.9997497797012329, -0.022213853895664215, 0.0028076171875], [-0.045547965914011, -0.022070296108722687, -0.9987183213233948, 1.5724334716796875], [-0.9989585876464844, 0.0036563221365213394, 0.045478127896785736, -0.150146484375], [0.0, 0.0, 0.0, 1.0]], [[-0.93447345495224, 0.35590678453445435, 0.00947093591094017, 0.8675537109375], [-0.012734371237456799, -0.00682759378105402, -0.9998956322669983, 1.5478096008300781], [-0.3558049499988556, -0.9344965219497681, 0.010912454687058926, -0.1649169921875], [0.0, 0.0, 0.0, 1.0]]], "view": [[0.0, -2.0, 100.0], [-2.0, 0.0, 100.0], [0.0, 0.0, 1.0]], "bev": "bev_556aa39b92a542349aa083086ecea9f4.png", "aux": "aux_556aa39b92a542349aa083086ecea9f4.npz", "visibility": "visibility_556aa39b92a542349aa083086ecea9f4.png", "pose": [[0.5647314786911011, -0.8252747058868408, 0.0, 803.4132080078125], [0.8252747058868408, 0.5647314786911011, 0.0, 2311.91357421875], [0.0, 0.0, 1.0, 0.0], [0.0, 0.0, 0.0, 1.0]], "pose_inverse": [[0.5647314786911011, 0.8252747058868408, 0.0, -2361.676513671875], [-0.8252747058868408, 0.5647314786911011, 0.0, -642.5737915039062], [0.0, 0.0, 1.0, 0.0], [0.0, 0.0, 0.0, 1.0]], "cam_ids": [0, 1, 2, 3, 4, 5], "cam_channels": ["CAM_FRONT_LEFT", "CAM_FRONT", "CAM_FRONT_RIGHT", "CAM_BACK_LEFT", "CAM_BACK", "CAM_BACK_RIGHT"], "token": "556aa39b92a542349aa083086ecea9f4", "scene": "scene-1050"}, {"images": ["samples/CAM_FRONT_LEFT/n015-2018-11-21-19-11-29+0800__CAM_FRONT_LEFT__1542798836504844.jpg", "samples/CAM_FRONT/n015-2018-11-21-19-11-29+0800__CAM_FRONT__1542798836512460.jpg", "samples/CAM_FRONT_RIGHT/n015-2018-11-21-19-11-29+0800__CAM_FRONT_RIGHT__1542798836520354.jpg", "samples/CAM_BACK_LEFT/n015-2018-11-21-19-11-29+0800__CAM_BACK_LEFT__1542798836547423.jpg", "samples/CAM_BACK/n015-2018-11-21-19-11-29+0800__CAM_BACK__1542798836537525.jpg", "samples/CAM_BACK_RIGHT/n015-2018-11-21-19-11-29+0800__CAM_BACK_RIGHT__1542798836527893.jpg"], "intrinsics": [[[1272.5979470598488, 0.0, 826.6154927353808], [0.0, 1272.5979470598488, 479.75165386361925], [0.0, 0.0, 1.0]], [[1266.417203046554, 0.0, 816.2670197447984], [0.0, 1266.417203046554, 491.50706579294757], [0.0, 0.0, 1.0]], [[1260.8474446004698, 0.0, 807.968244525554], [0.0, 1260.8474446004698, 495.3344268742088], [0.0, 0.0, 1.0]], [[1256.7414812095406, 0.0, 792.1125740759628], [0.0, 1256.7414812095406, 492.7757465151356], [0.0, 0.0, 1.0]], [[809.2209905677063, 0.0, 829.2196003259838], [0.0, 809.2209905677063, 481.77842384512485], [0.0, 0.0, 1.0]], [[1259.5137405846733, 0.0, 807.2529053838625], [0.0, 1259.5137405846733, 501.19579884916527], [0.0, 0.0, 1.0]]], "extrinsics": [[[0.8204715251922607, -0.5715122222900391, -0.014147555455565453, -0.4769287109375], [-0.029282810166478157, -0.017298568040132523, -0.9994214773178101, 1.490814208984375], [0.5709367990493774, 0.820411205291748, -0.030928466469049454, -0.9404296875], [0.0, 0.0, 0.0, 1.0]], [[0.0059304856695234776, -0.9997597932815552, 0.02109343744814396, 0.0079345703125], [-0.034401945769786835, -0.021285299211740494, -0.9991814494132996, 1.5037002563476562], [0.9993904232978821, 0.005199952516704798, -0.03451991826295853, -1.20361328125], [0.0, 0.0, 0.0, 1.0]], [[-0.8327147960662842, -0.5530895590782166, 0.026040060445666313, 0.7158203125], [-0.028599325567483902, -0.004003182053565979, -0.9995829463005066, 1.4927978515625], [0.552963137626648, -0.8331121206283569, -0.012484477832913399, -1.03875732421875], [0.0, 0.0, 0.0, 1.0]], [[0.9472931027412415, 0.31902092695236206, -0.02934945747256279, -1.136474609375], [-0.019417649134993553, -0.034268833696842194, -0.9992239475250244, 1.588409423828125], [-0.3197791278362274, 0.9471279382705688, -0.026267992332577705, -0.104034423828125], [0.0, 0.0, 0.0, 1.0]], [[0.0018977951258420944, 0.9997004866600037, -0.024402568116784096, 0.003662109375], [-0.04497520998120308, -0.024292588233947754, -0.9986926913261414, 1.572967529296875], [-0.9989863038063049, 0.0029928816948086023, 0.04491563141345978, -0.1396484375], [0.0, 0.0, 0.0, 1.0]], [[-0.934796154499054, 0.35508185625076294, 0.008543628267943859, 0.879150390625], [-0.012546760030090809, -0.008972730487585068, -0.9998810291290283, 1.5479965209960938], [-0.35496294498443604, -0.934792160987854, 0.012842798605561256, -0.1612548828125], [0.0, 0.0, 0.0, 1.0]]], "view": [[0.0, -2.0, 100.0], [-2.0, 0.0, 100.0], [0.0, 0.0, 1.0]], "bev": "bev_0332f8345fe844978e074c18ac7c331d.png", "aux": "aux_0332f8345fe844978e074c18ac7c331d.npz", "visibility": "visibility_0332f8345fe844978e074c18ac7c331d.png", "pose": [[0.5612509846687317, -0.8276456594467163, 0.0, 807.3463134765625], [0.8276456594467163, 0.5612509846687317, 0.0, 2317.6318359375], [0.0, 0.0, 1.0, 0.0], [0.0, 0.0, 0.0, 1.0]], "pose_inverse": [[0.5612509846687317, 0.8276456594467163, 0.0, -2371.3017578125], [-0.8276456594467163, 0.5612509846687317, 0.0, -632.5764770507812], [0.0, 0.0, 1.0, 0.0], [0.0, 0.0, 0.0, 1.0]], "cam_ids": [0, 1, 2, 3, 4, 5], "cam_channels": ["CAM_FRONT_LEFT", "CAM_FRONT", "CAM_FRONT_RIGHT", "CAM_BACK_LEFT", "CAM_BACK", "CAM_BACK_RIGHT"], "token": "0332f8345fe844978e074c18ac7c331d", "scene": "scene-1050"}, {"images": ["samples/CAM_FRONT_LEFT/n015-2018-11-21-19-11-29+0800__CAM_FRONT_LEFT__1542798837004844.jpg", "samples/CAM_FRONT/n015-2018-11-21-19-11-29+0800__CAM_FRONT__1542798837012460.jpg", "samples/CAM_FRONT_RIGHT/n015-2018-11-21-19-11-29+0800__CAM_FRONT_RIGHT__1542798837020339.jpg", "samples/CAM_BACK_LEFT/n015-2018-11-21-19-11-29+0800__CAM_BACK_LEFT__1542798837047423.jpg", "samples/CAM_BACK/n015-2018-11-21-19-11-29+0800__CAM_BACK__1542798837037525.jpg", "samples/CAM_BACK_RIGHT/n015-2018-11-21-19-11-29+0800__CAM_BACK_RIGHT__1542798837027893.jpg"], "intrinsics": [[[1272.5979470598488, 0.0, 826.6154927353808], [0.0, 1272.5979470598488, 479.75165386361925], [0.0, 0.0, 1.0]], [[1266.417203046554, 0.0, 816.2670197447984], [0.0, 1266.417203046554, 491.50706579294757], [0.0, 0.0, 1.0]], [[1260.8474446004698, 0.0, 807.968244525554], [0.0, 1260.8474446004698, 495.3344268742088], [0.0, 0.0, 1.0]], [[1256.7414812095406, 0.0, 792.1125740759628], [0.0, 1256.7414812095406, 492.7757465151356], [0.0, 0.0, 1.0]], [[809.2209905677063, 0.0, 829.2196003259838], [0.0, 809.2209905677063, 481.77842384512485], [0.0, 0.0, 1.0]], [[1259.5137405846733, 0.0, 807.2529053838625], [0.0, 1259.5137405846733, 501.19579884916527], [0.0, 0.0, 1.0]]], "extrinsics": [[[0.820530891418457, -0.5713300704956055, -0.017638668417930603, -0.4837646484375], [-0.035201720893383026, -0.019708028063178062, -0.9991858601570129, 1.48779296875], [0.5705173015594482, 0.8204837441444397, -0.03628284111618996, -0.9505615234375], [0.0, 0.0, 0.0, 1.0]], [[0.006118168123066425, -0.9997033476829529, 0.02357228472828865, 0.01129150390625], [-0.0408325232565403, -0.023802822455763817, -0.9988824725151062, 1.5009536743164062], [0.9991472959518433, 0.005148794502019882, -0.04096604138612747, -1.21142578125], [0.0, 0.0, 0.0, 1.0]], [[-0.8325943946838379, -0.5528813004493713, 0.033298857510089874, 0.720703125], [-0.035561949014663696, -0.0066350307315588, -0.9993454217910767, 1.4903030395507812], [0.5527403354644775, -0.833233654499054, -0.01413724385201931, -1.03924560546875], [0.0, 0.0, 0.0, 1.0]], [[0.9471346139907837, 0.3185177147388458, -0.038503967225551605, -1.13232421875], [-0.028094444423913956, -0.03721260651946068, -0.9989123940467834, 1.5882644653320312], [-0.3196040689945221, 0.9471861124038696, -0.026296770200133324, -0.1071014404296875], [0.0, 0.0, 0.0, 1.0]], [[0.002099687932059169, 0.999626636505127, -0.027245137840509415, 0.0025634765625], [-0.053101129829883575, -0.027095304802060127, -0.9982214570045471, 1.5717315673828125], [-0.9985869526863098, 0.00354272010736167