[{"images": ["samples/CAM_FRONT_LEFT/n015-2018-11-14-19-09-14+0800__CAM_FRONT_LEFT__1542194120404844.jpg", "samples/CAM_FRONT/n015-2018-11-14-19-09-14+0800__CAM_FRONT__1542194120412460.jpg", "samples/CAM_FRONT_RIGHT/n015-2018-11-14-19-09-14+0800__CAM_FRONT_RIGHT__1542194120420339.jpg", "samples/CAM_BACK_LEFT/n015-2018-11-14-19-09-14+0800__CAM_BACK_LEFT__1542194120447423.jpg", "samples/CAM_BACK/n015-2018-11-14-19-09-14+0800__CAM_BACK__1542194120437525.jpg", "samples/CAM_BACK_RIGHT/n015-2018-11-14-19-09-14+0800__CAM_BACK_RIGHT__1542194120427893.jpg"], "intrinsics": [[[1272.5979470598488, 0.0, 826.6154927353808], [0.0, 1272.5979470598488, 479.75165386361925], [0.0, 0.0, 1.0]], [[1266.417203046554, 0.0, 816.2670197447984], [0.0, 1266.417203046554, 491.50706579294757], [0.0, 0.0, 1.0]], [[1260.8474446004698, 0.0, 807.968244525554], [0.0, 1260.8474446004698, 495.3344268742088], [0.0, 0.0, 1.0]], [[1256.7414812095406, 0.0, 792.1125740759628], [0.0, 1256.7414812095406, 492.7757465151356], [0.0, 0.0, 1.0]], [[809.2209905677063, 0.0, 829.2196003259838], [0.0, 809.2209905677063, 481.77842384512485], [0.0, 0.0, 1.0]], [[1259.5137405846733, 0.0, 807.2529053838625], [0.0, 1259.5137405846733, 501.19579884916527], [0.0, 0.0, 1.0]]], "extrinsics": [[[0.8202062845230103, -0.5709228515625, 0.036177970468997955, -0.74609375], [0.020057721063494682, -0.03450148180127144, -0.9992033243179321, 1.513631820678711], [0.5717161297798157, 0.820278525352478, -0.0168469175696373, -1.1292724609375], [0.0, 0.0, 0.0, 1.0]], [[0.005020292941480875, -0.999238133430481, 0.03870295360684395, 0.00726318359375], [0.014803088270127773, -0.038624946027994156, -0.9991441369056702, 1.5238066911697388], [0.9998778104782104, 0.005588996224105358, 0.014597899280488491, -1.473876953125], [0.0, 0.0, 0.0, 1.0]], [[-0.8328781723976135, -0.5534322261810303, -0.005167028866708279, 0.89208984375], [0.020479630678892136, -0.021488239988684654, -0.9995592832565308, 1.5071239471435547], [0.5530773401260376, -0.832616925239563, 0.029231175780296326, -1.154571533203125], [0.0, 0.0, 0.0, 1.0]], [[0.9476302862167358, 0.3191688358783722, 0.011315909214317799, -1.14794921875], [0.029330821707844734, -0.051693253219127655, -0.9982321858406067, 1.5883312225341797], [-0.31801965832710266, 0.9462870359420776, -0.05834756791591644, -0.1009979248046875], [0.0, 0.0, 0.0, 1.0]], [[0.002973566995933652, 0.9991187453269958, -0.04186805710196495, 0.00299072265625], [0.003836903488263488, -0.041879333555698395, -0.9991152882575989, 1.5795745849609375], [-0.9999881982803345, 0.0028103054501116276, -0.00395805761218071, -0.056884765625], [0.0, 0.0, 0.0, 1.0]], [[-0.9341889023780823, 0.35412389039993286, -0.04344276711344719, 1.0224609375], [0.03638990595936775, -0.026554610580205917, -0.9989848136901855, 1.5558929443359375], [-0.3549179434776306, -0.9348214268684387, 0.011920487508177757, -0.106201171875], [0.0, 0.0, 0.0, 1.0]]], "view": [[0.0, -2.0, 100.0], [-2.0, 0.0, 100.0], [0.0, 0.0, 1.0]], "bev": "bev_278a8c1c88e9445a9a34474487487f31.png", "aux": "aux_278a8c1c88e9445a9a34474487487f31.npz", "visibility": "visibility_278a8c1c88e9445a9a34474487487f31.png", "pose": [[0.6096084117889404, -0.7927027344703674, 0.0, 595.6931762695312], [0.7927027344703674, 0.6096084117889404, 0.0, 2105.7216796875], [0.0, 0.0, 1.0, 0.0], [0.0, 0.0, 0.0, 1.0]], "pose_inverse": [[0.6096084117889404, 0.7927027344703674, 0.0, -2032.350830078125], [-0.7927027344703674, 0.6096084117889404, 0.0, -811.4580078125], [0.0, 0.0, 1.0, 0.0], [0.0, 0.0, 0.0, 1.0]], "cam_ids": [0, 1, 2, 3, 4, 5], "cam_channels": ["CAM_FRONT_LEFT", "CAM_FRONT", "CAM_FRONT_RIGHT", "CAM_BACK_LEFT", "CAM_BACK", "CAM_BACK_RIGHT"], "token": "278a8c1c88e9445a9a34474487487f31", "scene": "scene-1020"}, {"images": ["samples/CAM_FRONT_LEFT/n015-2018-11-14-19-09-14+0800__CAM_FRONT_LEFT__1542194120904853.jpg", "samples/CAM_FRONT/n015-2018-11-14-19-09-14+0800__CAM_FRONT__1542194120912478.jpg", "samples/CAM_FRONT_RIGHT/n015-2018-11-14-19-09-14+0800__CAM_FRONT_RIGHT__1542194120920339.jpg", "samples/CAM_BACK_LEFT/n015-2018-11-14-19-09-14+0800__CAM_BACK_LEFT__1542194120947423.jpg", "samples/CAM_BACK/n015-2018-11-14-19-09-14+0800__CAM_BACK__1542194120937525.jpg", "samples/CAM_BACK_RIGHT/n015-2018-11-14-19-09-14+0800__CAM_BACK_RIGHT__1542194120927893.jpg"], "intrinsics": [[[1272.5979470598488, 0.0, 826.6154927353808], [0.0, 1272.5979470598488, 479.75165386361925], [0.0, 0.0, 1.0]], [[1266.417203046554, 0.0, 816.2670197447984], [0.0, 1266.417203046554, 491.50706579294757], [0.0, 0.0, 1.0]], [[1260.8474446004698, 0.0, 807.968244525554], [0.0, 1260.8474446004698, 495.3344268742088], [0.0, 0.0, 1.0]], [[1256.7414812095406, 0.0, 792.1125740759628], [0.0, 1256.7414812095406, 492.7757465151356], [0.0, 0.0, 1.0]], [[809.2209905677063, 0.0, 829.2196003259838], [0.0, 809.2209905677063, 481.77842384512485], [0.0, 0.0, 1.0]], [[1259.5137405846733, 0.0, 807.2529053838625], [0.0, 1259.5137405846733, 501.19579884916527], [0.0, 0.0, 1.0]]], "extrinsics": [[[0.8204260468482971, -0.5709905028343201, 0.02951221726834774, -0.744873046875], [0.013704243116080761, -0.03196384012699127, -0.9993950724601746, 1.511938452720642], [0.571588397026062, 0.8203341364860535, -0.01839897409081459, -1.1279296875], [0.0, 0.0, 0.0, 1.0]], [[0.005255160387605429, -0.9993440508842468, 0.035831112414598465, 0.006591796875], [0.008451562374830246, -0.035785939544439316, -0.9993237257003784, 1.5224037170410156], [0.9999504089355469, 0.005554403644055128, 0.008257956244051456, -1.4727783203125], [0.0, 0.0, 0.0, 1.0]], [[-0.832905650138855, -0.5534127354621887, -0.0016195871867239475, 0.890625], [0.014127486385405064, -0.018336603417992592, -0.9997320771217346, 1.5060510635375977], [0.5532346963882446, -0.8327053189277649, 0.023090993985533714, -1.154510498046875], [0.0, 0.0, 0.0, 1.0]], [[0.947630763053894, 0.31929513812065125, 0.0068280878476798534, -1.14111328125], [0.02342342771589756, -0.048163820058107376, -0.9985647201538086, 1.5885634422302246], [-0.3185079097747803, 0.9464306235313416, -0.053120505064725876, -0.10366058349609375], [0.0, 0.0, 0.0, 1.0]], [[0.002656032796949148, 0.9992626309394836, -0.038305122405290604, 0.00311279296875], [-0.002321856562048197, -0.03829898685216904, -0.9992636442184448, 1.5792083740234375], [-0.9999937415122986, 0.0027429128531366587, 0.002218421781435609, -0.0606689453125], [0.0, 0.0, 0.0, 1.0]], [[-0.9344329237937927, 0.3542780876159668, -0.03636046126484871, 1.0220947265625], [0.03010759875178337, -0.02314763516187668, -0.9992786049842834, 1.5551376342773438], [-0.3548641800880432, -0.9348536133766174, 0.010963449254631996, -0.1065673828125], [0.0, 0.0, 0.0, 1.0]]], "view": [[0.0, -2.0, 100.0], [-2.0, 0.0, 100.0], [0.0, 0.0, 1.0]], "bev": "bev_9abb9409f92548a9bb60acef23ec8bf7.png", "aux": "aux_9abb9409f92548a9bb60acef23ec8bf7.npz", "visibility": "visibility_9abb9409f92548a9bb60acef23ec8bf7.png", "pose": [[0.6083213686943054, -0.7936908006668091, 0.0, 597.6513671875], [0.7936908006668091, 0.6083213686943054, 0.0, 2108.237548828125], [0.0, 0.0, 1.0, 0.0], [0.0, 0.0, 0.0, 1.0]], "pose_inverse": [[0.6083213686943054, 0.7936908006668091, 0.0, -2036.8529052734375], [-0.7936908006668091, 0.6083213686943054, 0.0, -808.1355590820312], [0.0, 0.0, 1.0, 0.0], [0.0, 0.0, 0.0, 1.0]], "cam_ids": [0, 1, 2, 3, 4, 5], "cam_channels": ["CAM_FRONT_LEFT", "CAM_FRONT", "CAM_FRONT_RIGHT", "CAM_BACK_LEFT", "CAM_BACK", "CAM_BACK_RIGHT"], "token": "9abb9409f92548a9bb60acef23ec8bf7", "scene": "scene-1020"}, {"images": ["samples/CAM_FRONT_LEFT/n015-2018-11-14-19-09-14+0800__CAM_FRONT_LEFT__1542194121404844.jpg", "samples/CAM_FRONT/n015-2018-11-14-19-09-14+0800__CAM_FRONT__1542194121412460.jpg", "samples/CAM_FRONT_RIGHT/n015-2018-11-14-19-09-14+0800__CAM_FRONT_RIGHT__1542194121420339.jpg", "samples/CAM_BACK_LEFT/n015-2018-11-14-19-09-14+0800__CAM_BACK_LEFT__1542194121447423.jpg", "samples/CAM_BACK/n015-2018-11-14-19-09-14+0800__CAM_BACK__1542194121437525.jpg", "samples/CAM_BACK_RIGHT/n015-2018-11-14-19-09-14+0800__CAM_BACK_RIGHT__1542194121427915.jpg"], "intrinsics": [[[1272.5979470598488, 0.0, 826.6154927353808], [0.0, 1272.5979470598488, 479.75165386361925], [0.0, 0.0, 1.0]], [[1266.417203046554, 0.0, 816.2670197447984], [0.0, 1266.417203046554, 491.50706579294757], [0.0, 0.0, 1.0]], [[1260.8474446004698, 0.0, 807.968244525554], [0.0, 1260.8474446004698, 495.3344268742088], [0.0, 0.0, 1.0]], [[1256.7414812095406, 0.0, 792.1125740759628], [0.0, 1256.7414812095406, 492.7757465151356], [0.0, 0.0, 1.0]], [[809.2209905677063, 0.0, 829.2196003259838], [0.0, 809.2209905677063, 481.77842384512485], [0.0, 0.0, 1.0]], [[1259.5137405846733, 0.0, 807.2529053838625], [0.0, 1259.5137405846733, 501.19579884916527], [0.0, 0.0, 1.0]]], "extrinsics": [[[0.8201926946640015, -0.5706319808959961, 0.040782276540994644, -0.73779296875], [0.027544410899281502, -0.03181459754705429, -0.9991141557693481, 1.515899658203125], [0.5714238882064819, 0.8205894827842712, -0.010376383550465107, -1.1243896484375], [0.0, 0.0, 0.0, 1.0]], [[0.0051224748603999615, -0.9993369579315186, 0.0360492467880249, 0.0078125], [0.022241851314902306, -0.0359269417822361, -0.9991068840026855, 1.5256376266479492], [0.9997395277023315, 0.005919670220464468, 0.02204306796193123, -1.4652099609375], [0.0, 0.0, 0.0, 1.0]], [[-0.832650899887085, -0.55364990234375, -0.012815569527447224, 0.885498046875], [0.027865314856171608, -0.018773136660456657, -0.9994353652000427, 1.5085945129394531], [0.5530967116355896, -0.8325378894805908, 0.03105909936130047, -1.149810791015625], [0.0, 0.0, 0.0, 1.0]], [[0.9474515914916992, 0.3193400502204895, 0.018905924633145332, -1.13720703125], [0.03644481673836708, -0.04903579503297806, -0.9981318712234497, 1.5887336730957031], [-0.31781646609306335, 0.9463707208633423, -0.058097321540117264, -0.10524749755859375], [0.0, 0.0, 0.0, 1.0]], [[0.003054847242310643, 0.99923175573349, -0.039072420448064804, 0.00238037109375], [0.011064168065786362, -0.03910398855805397, -0.9991738796234131, 1.580124855041504], [-0.9999341368675232, 0.0026200609281659126, -0.0111751239746809, -0.0657958984375], [0.0, 0.0, 0.0, 1.0]], [[-0.9339214563369751, 0.35405945777893066, -0.049322403967380524, 1.0157470703125], [0.04372187331318855, -0.02380521036684513, -0.9987601041793823, 1.557098388671875], [-0.35479459166526794, -0.9349199533462524, 0.006752051413059235, -0.1083984375], [0.0, 0.0, 0.0, 1.0]]], "view": [[0.0, -2.0, 100.0], [-2.0, 0.0, 100.0], [0.0, 0.0, 1.0]], "bev": "bev_f0021e5fe95a4f3583f5b32ec86a8477.png", "aux": "aux_f0021e5fe95a4f3583f5b32ec86a8477.npz", "visibility": "visibility_f0021e5fe95a4f3583f5b32ec86a8477.png", "pose": [[0.6063506603240967, -0.7951974272727966, 0.0, 599.5833129882812], [0.7951974272727966, 0.6063506603240967, 0.0, 2110.729736328125], [0.0, 0.0, 1.0, 0.0], [0.0, 0.0, 0.0, 1.0]], "pose_inverse": [[0.6063506603240967, 0.7951974272727966, 0.0, -2042.0045166015625], [-0.7951974272727966, 0.6063506603240967, 0.0, -803.0552368164062], [0.0, 0.0, 1.0, 0.0], [0.0, 0.0, 0.0, 1.0]], "cam_ids": [0, 1, 2, 3, 4, 5], "cam_channels": ["CAM_FRONT_LEFT", "CAM_FRONT", "CAM_FRONT_RIGHT", "CAM_BACK_LEFT", "CAM_BACK", "CAM_BACK_RIGHT"], "token": "f0021e5fe95a4f3583f5b32ec86a8477", "scene": "scene-1020"}, {"images": ["samples/CAM_FRONT_LEFT/n015-2018-11-14-19-09-14+0800__CAM_FRONT_LEFT__1542194121904844.jpg", "samples/CAM_FRONT/n015-2018-11-14-19-09-14+0800__CAM_FRONT__1542194121912460.jpg", "samples/CAM_FRONT_RIGHT/n015-2018-11-14-19-09-14+0800__CAM_FRONT_RIGHT__1542194121920339.jpg", "samples/CAM_BACK_LEFT/n015-2018-11-14-19-09-14+0800__CAM_BACK_LEFT__1542194121947423.jpg", "samples/CAM_BACK/n015-2018-11-14-19-09-14+0800__CAM_BACK__1542194121937525.jpg", "samples/CAM_BACK_RIGHT/n015-2018-11-14-19-09-14+0800__CAM_BACK_RIGHT__1542194121929510.jpg"], "intrinsics": [[[1272.5979470598488, 0.0, 826.6154927353808], [0.0, 1272.5979470598488, 479.75165386361925], [0.0, 0.0, 1.0]], [[1266.417203046554, 0.0, 816.2670197447984], [0.0, 1266.417203046554, 491.50706579294757], [0.0, 0.0, 1.0]], [[1260.8474446004698, 0.0, 807.968244525554], [0.0, 1260.8474446004698, 495.3344268742088], [0.0, 0.0, 1.0]], [[1256.7414812095406, 0.0, 792.1125740759628], [0.0, 1256.7414812095406, 492.7757465151356], [0.0, 0.0, 1.0]], [[809.2209905677063, 0.0, 829.2196003259838], [0.0, 809.2209905677063, 481.77842384512485], [0.0, 0.0, 1.0]], [[1259.5137405846733, 0.0, 807.2529053838625], [0.0, 1259.5137405846733, 501.19579884916527], [0.0, 0.0, 1.0]]], "extrinsics": [[[0.8200609087944031, -0.5706594586372375, 0.0429873950779438, -0.7489013671875], [0.028603125363588333, -0.03415070101618767, -0.9990072846412659, 1.5158233642578125], [0.5715610384941101, 0.8204764127731323, -0.011683009564876556, -1.1328125], [0.0, 0.0, 0.0, 1.0]], [[0.004962728824466467, -0.9992499947547913, 0.038401924073696136, 0.00823974609375], [0.023187978193163872, -0.03827708214521408, -0.9989981055259705, 1.5256166458129883], [0.9997187852859497, 0.005848129279911518, 0.02298063039779663, -1.476806640625], [0.0, 0.0, 0.0, 1.0]], [[-0.8326940536499023, -0.5535988807678223, -0.012200882658362389, 0.892822265625], [0.02869752235710621, -0.02114007994532585, -0.9993644952774048, 1.5085067749023438], [0.5529891848564148, -0.8325151205062866, 0.033490139991045, -1.15435791015625], [0.0, 0.0, 0.0, 1.0]], [[0.9474458694458008, 0.3193865418434143, 0.01839977130293846, -1.138671875], [0.03686065599322319, -0.05185245722532272, -0.9979742169380188, 1.5886917114257812], [-0.31778547167778015, 0.9462049007415771, -0.06090019643306732, -0.10494232177734375], [0.0, 0.0, 0.0, 1.0]], [[0.0031174407340586185, 0.9991264939308167, -0.04167220741510391, 0.0025634765625], [0.01163265947252512, -0.04170582443475723, -0.9990622401237488, 1.5801267623901367], [-0.9999274611473083, 0.0026297233998775482, -0.011752513237297535, -0.0625], [0.0, 0.0, 0.0, 1.0]], [[-0.9338636994361877, 0.3539988100528717, -0.05082852020859718, 1.0299072265625], [0.044409409165382385, -0.026238854974508286, -0.9986687898635864, 1.5565032958984375], [-0.3548612892627716, -0.9348776936531067, 0.008782634511590004, -0.1031494140625], [0.0, 0.0, 0.0, 1.0]]], "view": [[0.0, -2.0, 100.0], [-2.0, 0.0, 100.0], [0.0, 0.0, 1.0]], "bev": "bev_c089e6fab6d240f0ad91b85923d37299.png", "aux": "aux_c089e6fab6d240f0ad91b85923d37299.npz", "visibility": "visibility_c089e6fab6d240f0ad91b85923d37299.png", "pose": [[0.6032593846321106, -0.7975450754165649, 0.0, 601.4689331054688], [0.7975450754165649, 0.6032593846321106, 0.0, 2113.1884765625], [0.0, 0.0, 1.0, 0.0], [0.0, 0.0, 0.0, 1.0]], "pose_inverse": [[0.6032593846321106, 0.7975450754165649, 0.0, -2048.204833984375], [-0.7975450754165649, 0.6032593846321106, 0.0, -795.1021728515625], [0.0, 0.0, 1.0, 0.0], [0.0, 0.0, 0.0, 1.0]], "cam_ids": [0, 1, 2, 3, 4, 5], "cam_channels": ["CAM_FRONT_LEFT", "CAM_FRONT", "CAM_FRONT_RIGHT", "CAM_BACK_LEFT", "CAM_BACK", "CAM_BACK_RIGHT"], "token": "c089e6fab6d240f0ad91b85923d37299", "scene": "scene-1020"}, {"images": ["samples/CAM_FRONT_LEFT/n015-2018-11-14-19-09-14+0800__CAM_FRONT_LEFT__1542194122354844.jpg", "samples/CAM_FRONT/n015-2018-11-14-19-09-14+0800__CAM_FRONT__1542194122362460.jpg", "samples/CAM_FRONT_RIGHT/n015-2018-11-14-19-09-14+0800__CAM_FRONT_RIGHT__1542194122370339.jpg", "samples/CAM_BACK_LEFT/n015-2018-11-14-19-09-14+0800__CAM_BACK_LEFT__1542194122397423.jpg", "samples/CAM_BACK/n015-2018-11-14-19-09-14+0800__CAM_BACK__1542194122387525.jpg", "samples/CAM_BACK_RIGHT/n015-2018-11-14-19-09-14+0800__CAM_BACK_RIGHT__1542194122377893.jpg"], "intrinsics": [[[1272.5979470598488, 0.0, 826.6154927353808], [0.0, 1272.5979470598488, 479.75165386361925], [0.0, 0.0, 1.0]], [[1266.417203046554, 0.0, 816.2670197447984], [0.0, 1266.417203046554, 491.50706579294757], [0.0, 0.0, 1.0]], [[1260.8474446004698, 0.0, 807.968244525554], [0.0, 1260.8474446004698, 495.3344268742088], [0.0, 0.0, 1.0]], [[1256.7414812095406, 0.0, 792.1125740759628], [0.0, 1256.7414812095406, 492.7757465151356], [0.0, 0.0, 1.0]], [[809.2209905677063, 0.0, 829.2196003259838], [0.0, 809.2209905677063, 481.77842384512485], [0.0, 0.0, 1.0]], [[1259.5137405846733, 0.0, 807.2529053838625], [0.0, 1259.5137405846733, 501.19579884916527], [0.0, 0.0, 1.0]]], "extrinsics": [[[0.820509135723114, -0.5709076523780823, 0.0287950336933136, -0.7471923828125], [0.013898858800530434, -0.030433593317866325, -0.9994401335716248, 1.5119876861572266], [0.5714643597602844, 0.8204500079154968, -0.0170360766351223, -1.1317138671875], [0.0, 0.0, 0.0, 1.0]], [[0.005366395227611065, -0.9993926882743835, 0.034428175538778305, 0.0084228515625], [0.008487616665661335, -0.034381914883852005, -0.9993727207183838, 1.5224485397338867], [0.9999495148658752, 0.005655265413224697, 0.008297955617308617, -1.47509765625], [0.0, 0.0, 0.0, 1.0]], [[-0.8328667283058167, -0.5534689426422119, -0.0022164571564644575, 0.892578125], [0.014010696671903133, -0.017079774290323257, -0.9997559785842896, 1.506037712097168], [0.5532961487770081, -0.8326945900917053, 0.021979667246341705, -1.15380859375], [0.0, 0.0, 0.0, 1.0]], [[0.9475929737091064, 0.3194202780723572, 0.00618547759950161, -1.136962890625], [0.022429225966334343, -0.04720034822821617, -0.9986335635185242, 1.5887045860290527], [-0.3186919093132019, 0.9464369416236877, -0.05189106613397598, -0.1058807373046875], [0.0, 0.0, 0.0, 1.0]], [[0.0026225049514323473, 0.9993020296096802, -0.037264544516801834, 0.00225830078125], [-0.0029004784300923347, -0.037256915122270584, -0.999301552772522, 1.5791893005371094], [-0.999992311000824, 0.002728846622630954, 0.002800747286528349, -0.0625], [0.0, 0.0, 0.0, 1.0]], [[-0.934459388256073, 0.35427871346473694, -0.03567126393318176, 1.0206298828125], [0.029802197590470314, -0.022010458633303642, -0.9993134140968323, 1.5551376342773438], [-0.3548205494880676, -0.9348809123039246, 0.010009593330323696, -0.1060791015625], [0.0, 0.0, 0.0, 1.0]]], "view": [[0.0, -2.0, 100.0], [-2.0, 0.0, 100.0], [0.0, 0.0, 1.0]], "bev": "bev_d1d1c00d83e246b6ab25099c561d20c1.png", "aux": "aux_d1d1c00d83e246b6ab25099c561d20c1.npz", "visibility": "visibility_d1d1c00d83e246b6ab25099c561d20c1.png", "pose": [[0.6005228161811829, -0.7996076345443726, 0.0, 603.1248168945312], [0.7996076345443726, 0.6005228161811829, 0.0, 2115.36376953125], [0.0, 0.0, 1.0, 0.0], [0.0, 0.0, 0.0, 1.0]], "pose_inverse": [[0.6005228161811829, 0.7996076345443726, 0.0, -2053.651123046875], [-0.7996076345443726, 0.6005228161811829, 0.0, -788.0609741210938], [0.0, 0.0, 1.0, 0.0], [0.0, 0.0, 0.0, 1.0]], "cam_ids": [0, 1, 2, 3, 4, 5], "cam_channels": ["CAM_FRONT_LEFT", "CAM_FRONT", "CAM_FRONT_RIGHT", "CAM_BACK_LEFT", "CAM_BACK", "CAM_BACK_RIGHT"], "token": "d1d1c00d83e246b6ab25099c561d20c1", "scene": "scene-1020"}, {"images": ["samples/CAM_FRONT_LEFT/n015-2018-11-14-19-09-14+0800__CAM_FRONT_LEFT__1542194122854844.jpg", "samples/CAM_FRONT/n015-2018-11-14-19-09-14+0800__CAM_FRONT__1542194122862460.jpg", "samples/CAM_FRONT_RIGHT/n015-2018-11-14-19-09-14+0800__CAM_FRONT_RIGHT__1542194122870339.jpg", "samples/CAM_BACK_LEFT/n015-2018-11-14-19-09-14+0800__CAM_BACK_LEFT__1542194122897423.jpg", "samples/CAM_BACK/n015-2018-11-14-19-09-14+0800__CAM_BACK__1542194122887525.jpg", "samples/CAM_BACK_RIGHT/n015-2018-11-14-19-09-14+0800__CAM_BACK_RIGHT__1542194122877893.jpg"], "intrinsics": [[[1272.5979470598488, 0.0, 826.6154927353808], [0.0, 1272.5979470598488, 479.75165386361925], [0.0, 0.0, 1.0]], [[1266.417203046554, 0.0, 816.2670197447984], [0.0, 1266.417203046554, 491.50706579294757], [0.0, 0.0, 1.0]], [[1260.8474446004698, 0.0, 807.968244525554], [0.0, 1260.8474446004698, 495.3344268742088], [0.0, 0.0, 1.0]], [[1256.7414812095406, 0.0, 792.1125740759628], [0.0, 1256.7414812095406, 492.7757465151356], [0.0, 0.0, 1.0]], [[809.2209905677063, 0.0, 829.2196003259838], [0.0, 809.2209905677063, 481.77842384512485], [0.0, 0.0, 1.0]], [[1259.5137405846733, 0.0, 807.2529053838625], [0.0, 1259.5137405846733, 501.19579884916527], [0.0, 0.0, 1.0]]], "extrinsics": [[[0.8197017312049866, -0.5722165703773499, 0.02563871257007122, -0.7552490234375], [0.013125014491379261, -0.02598535269498825, -0.9995761513710022, 1.5116429328918457], [0.5726401805877686, 0.8196907639503479, -0.01378988940268755, -1.136474609375], [0.0, 0.0, 0.0, 1.0]], [[0.004188097547739744, -0.9995437264442444, 0.029911242425441742, 0.0078125], [0.007782568223774433, -0.02987802028656006, -0.9995232820510864, 1.5222220420837402], [0.9999608993530273, 0.004418946336954832, 0.0076538859866559505, -1.482421875], [0.0, 0.0, 0.0, 1.0]], [[-0.8333922624588013, -0.5526654720306396, -0.00424946378916502, 0.896240234375], [0.013397376984357834, -0.012514839880168438, -0.9998319149017334, 1.5058631896972656], [0.5525194406509399, -0.8333091735839844, 0.017834041267633438, -1.15679931640625], [0.0, 0.0, 0.0, 1.0]], [[0.9476540684700012, 0.31921395659446716, 0.00735508743673563, -1.13720703125], [0.021999528631567955, -0.04229521006345749, -0.9988629221916199, 1.5886869430541992], [-0.3185398578643799, 0.9467383623123169, -0.04710379242897034, -0.10566329956054688], [0.0, 0.0, 0.0, 1.0]], [[0.00300014135427773, 0.9994677305221558, -0.03248338773846626, 0.0023193359375], [-0.003419612068682909, -0.032473091036081314, -0.9994667768478394, 1.57916259765625], [-0.9999896287918091, 0.0031096674501895905, 0.003320369403809309, -0.0625], [0.0, 0.0, 0.0, 1.0]], [[-0.9342284202575684, 0.3550984561443329, -0.03350142017006874, 1.0233154296875], [0.02923985756933689, -0.017362333834171295, -0.9994215965270996, 1.5549850463867188], [-0.35547468066215515, -0.934667706489563, 0.005837357137352228, -0.10546875], [0.0, 0.0, 0.0, 1.0]]], "view": [[0.0, -2.0, 100.0], [-2.0, 0.0, 100.0], [0.0, 0.0, 1.0]], "bev": "bev_41e68fc13a294f679e399e02211c029d.png", "aux": "aux_41e68fc13a294f679e399e02211c029d.npz", "visibility": "visibility_41e68fc13a294f679e399e02211c029d.png", "pose": [[0.5900317430496216, -0.8073800206184387, 0.0, 604.9373779296875], [0.8073800206184387, 0.5900317430496216, 0.0, 2117.77587890625], [0.0, 0.0, 1.0, 0.0], [0.0, 0.0, 0.0, 1.0]], "pose_inverse": [[0.5900317430496216, 0.8073800206184387, 0.0, -2066.7822265625], [-0.8073800206184387, 0.5900317430496216, 0.0, -761.140625], [0.0, 0.0, 1.0, 0.0], [0.0, 0.0, 0.0, 1.0]], "cam_ids": [0, 1, 2, 3, 4, 5], "cam_channels": ["CAM_FRONT_LEFT", "CAM_FRONT", "CAM_FRONT_RIGHT", "CAM_BACK_LEFT", "CAM_BACK", "CAM_BACK_RIGHT"], "token": "41e68fc13a294f679e399e02211c029d", "scene": "scene-1020"}, {"images": ["samples/CAM_FRONT_LEFT/n015-2018-11-14-19-09-14+0800__CAM_FRONT_LEFT__1542194123354844.jpg", "samples/CAM_FRONT/n015-2018-11-14-19-09-14+0800__CAM_FRONT__1542194123362460.jpg", "samples/CAM_FRONT_RIGHT/n015-2018-11-14-19-09-14+0800__CAM_FRONT_RIGHT__1542194123370339.jpg", "samples/CAM_BACK_LEFT/n015-2018-11-14-19-09-14+0800__CAM_BACK_LEFT__1542194123397423.jpg", "samples/CAM_BACK/n015-2018-11-14-19-09-14+0800__CAM_BACK__1542194123387525.jpg", "samples/CAM_BACK_RIGHT/n015-2018-11-14-19-09-14+0800__CAM_BACK_RIGHT__1542194123377893.jpg"], "intrinsics": [[[1272.5979470598488, 0.0, 826.6154927353808], [0.0, 1272.5979470598488, 479.75165386361925], [0.0, 0.0, 1.0]], [[1266.417203046554, 0.0, 816.2670197447984], [0.0, 1266.417203046554, 491.50706579294757], [0.0, 0.0, 1.0]], [[1260.8474446004698, 0.0, 807.968244525554], [0.0, 1260.8474446004698, 495.3344268742088], [0.0, 0.0, 1.0]], [[1256.7414812095406, 0.0, 792.1125740759628], [0.0, 1256.7414812095406, 492.7757465151356], [0.0, 0.0, 1.0]], [[809.2209905677063, 0.0, 829.2196003259838], [0.0, 809.2209905677063, 481.77842384512485], [0.0, 0.0, 1.0]], [[1259.5137405846733, 0.0, 807.2529053838625], [0.0, 1259.5137405846733, 501.19579884916527], [0.0, 0.0, 1.0]]], "extrinsics": [[[0.8192182183265686, -0.5732079744338989, 0.017723707482218742, -0.755859375], [0.010161642916500568, -0.01639162003993988, -0.999813973903656, 1.5108470916748047], [0.5733919143676758, 0.8192459344863892, -0.0076035792008042336, -1.1343994140625], [0.0, 0.0, 0.0, 1.0]], [[0.0034737049136310816, -0.9997889399528503, 0.02024674229323864, 0.006103515625], [0.004820465110242367, -0.020229889079928398, -0.9997837543487549, 1.5215539932250977], [0.9999823570251465, 0.00357055920176208, 0.004749175161123276, -1.481689453125], [0.0, 0.0, 0.0, 1.0]], [[-0.8337500691413879, -0.552095353603363, -0.00717387767508626, 0.895263671875], [0.01044867467135191, -0.002785978140309453, -0.9999415278434753, 1.505361557006836], [0.552043080329895, -0.8337762951850891, 0.008091476745903492, -1.1578369140625], [0.0, 0.0, 0.0, 1.0]], [[0.947727382183075, 0.3189876079559326, 0.007736529223620892, -1.135498046875], [0.018990717828273773, -0.03218588978052139, -0.9993014931678772, 1.5886640548706055], [-0.3185156583786011, 0.947212278842926, -0.03656125068664551, -0.10537493228912354], [0.0, 0.0, 0.0, 1.0]], [[0.0031847276259213686, 0.9997404217720032, -0.02256299927830696, 0.00299072265625], [-0.006387681700289249, -0.0225423164665699, -0.9997255206108093, 1.578948974609375], [-0.9999745488166809, 0.0033279249910265207, 0.006314230617135763, -0.06201171875], [0.0, 0.0, 0.0, 1.0]], [[-0.9341530203819275, 0.35582926869392395, -0.02727285400032997, 1.0238037109375], [0.02630244567990303, -0.007565798703581095, -0.9996254444122314, 1.5546150207519531], [-0.3559023141860962, -0.934520423412323, -0.0022915652953088284, -0.1063232421875], [0.0, 0.0, 0.0, 1.0]]], "view": [[0.0, -2.0, 100.0], [-2.0, 0.0, 100.0], [0.0, 0.0, 1.0]], "bev": "bev_7293089fc0524b9aafa1e3619638f775.png", "aux": "aux_7293089fc0524b9aafa1e3619638f775.npz", "visibility": "visibility_7293089fc0524b9aafa1e3619638f775.png", "pose": [[0.5676370859146118, -0.8232789039611816, 0.0, 606.6906127929688], [0.8232789039611816, 0.5676370859146118, 0.0, 2120.219970703125], [0.0, 0.0, 1.0, 0.0], [0.0, 0.0, 0.0, 1.0]], "pose_inverse": [[0.5676370859146118, 0.8232789039611816, 0.0, -2089.912353515625], [-0.8232789039611816, 0.5676370859146118, 0.0, -704.0399780273438], [0.0, 0.0, 1.0, 0.0], [0.0, 0.0, 0.0, 1.0]], "cam_ids": [0, 1, 2, 3, 4, 5], "cam_channels": ["CAM_FRONT_LEFT", "CAM_FRONT", "CAM_FRONT_RIGHT", "CAM_BACK_LEFT", "CAM_BACK", "CAM_BACK_RIGHT"], "token": "7293089fc0524b9aafa1e3619638f775", "scene": "scene-1020"}, {"images": ["samples/CAM_FRONT_LEFT/n015-2018-11-14-19-09-14+0800__CAM_FRONT_LEFT__1542194123854844.jpg", "samples/CAM_FRONT/n015-2018-11-14-19-09-14+0800__CAM_FRONT__1542194123862460.jpg", "samples/CAM_FRONT_RIGHT/n015-2018-11-14-19-09-14+0800__CAM_FRONT_RIGHT__1542194123870339.jpg", "samples/CAM_BACK_LEFT/n015-2018-11-14-19-09-14+0800__CAM_BACK_LEFT__1542194123897423.jpg", "samples/CAM_BACK/n015-2018-11-14-19-09-14+0800__CAM_BACK__1542194123887525.jpg", "samples/CAM_BACK_RIGHT/n015-2018-11-14-19-09-14+0800__CAM_BACK_RIGHT__1542194123877893.jpg"], "intrinsics": [[[1272.5979470598488, 0.0, 826.6154927353808], [0.0, 1272.5979470598488, 479.75165386361925], [0.0, 0.0, 1.0]], [[1266.417203046554, 0.0, 816.2670197447984], [0.0, 1266.417203046554, 491.50706579294757], [0.0, 0.0, 1.0]], [[1260.8474446004698, 0.0, 807.968244525554], [0.0, 1260.8474446004698, 495.3344268742088], [0.0, 0.0, 1.0]], [[1256.7414812095406, 0.0, 792.1125740759628], [0.0, 1256.7414812095406, 492.7757465151356], [0.0, 0.0, 1.0]], [[809.2209905677063, 0.0, 829.2196003259838], [0.0, 809.2209905677063, 481.77842384512485], [0.0, 0.0, 1.0]], [[1259.5137405846733, 0.0, 807.2529053838625], [0.0, 1259.5137405846733, 501.19579884916527], [0.0, 0.0, 1.0]]], "extrinsics": [[[0.8187298774719238, -0.5741593241691589, 0.004736462142318487, -0.74853515625], [0.003037021728232503, -0.003918605390936136, -0.9999876618385315, 1.5090532302856445], [0.5741707682609558, 0.8187341690063477, -0.0014645449118688703, -1.130615234375], [0.0, 0.0, 0.0, 1.0]], [[0.0027341810055077076, -0.9999650716781616, 0.007901344448328018, 0.00701904296875], [-0.0024535199627280235, -0.007908058352768421, -0.9999657273292542, 1.5200080871582031], [0.9999932646751404, 0.002714683534577489, -0.002475056331604719, -1.473876953125], [0.0, 0.0, 0.0, 1.0]], [[-0.8341799378395081, -0.5514388680458069, -0.007686441298574209, 0.889404296875], [0.003044998040422797, 0.009331941604614258, -0.9999517798423767, 1.5041589736938477], [0.5514839291572571, -0.8341631293296814, -0.00610538711771369, -1.15338134765625], [0.0, 0.0, 0.0, 1.0]], [[0.947776734828949, 0.31891024112701416, 0.00392084289342165, -1.13671875], [0.011207840405404568, -0.021017828956246376, -0.9997162818908691, 1.588623046875], [-0.31873729825019836, 0.9475518465042114, -0.023494508117437363, -0.105743408203125], [0.0, 0.0, 0.0, 1.0]], [[0.003331726649776101, 0.9999337196350098, -0.011016689240932465, 0.00250244140625], [-0.014042522758245468, -0.010968879796564579, -0.9998412132263184, 1.5784339904785156], [-0.9998958706855774, 0.0034858917351812124, 0.014005047269165516, -0.064453125], [0.0, 0.0, 0.0, 1.0]], [[-0.9341371655464172, 0.3565552830696106, -0.01600208505988121, 1.0189208984375], [0.018775947391986847, 0.00431964872404933, -0.9998143911361694, 1.5537986755371094], [-0.35642001032829285, -0.9342642426490784, -0.010729808360338211, -0.107666015625], [0.0, 0.0, 0.0, 1.0]]], "view": [[0.0, -2.0, 100.0], [-2.0, 0.0, 100.0], [0.0, 0.0, 1.0]], "bev": "bev_4a3079764c9c44a7a85f4e2b70ca23ed.png", "aux": "aux_4a3079764c9c44a7a85f4e2b70ca23ed.npz", "visibility": "visibility_4a3079764c9c44a7a85f4e2b70ca23ed.png", "pose": [[0.5387383103370667, -0.8424731492996216, 0.0, 608.3562622070312], [0.8424731492996216, 0.5387383103370667, 0.0, 2122.685302734375], [0.0, 0.0, 1.0, 0.0], [0.0, 0.0, 0.0, 1.0]], "pose_inverse": [[0.5387383103370667, 0.8424731492996216, 0.0, -2116.05029296875], [-0.8424731492996216, 0.5387383103370667, 0.0, -631.0481567382812], [0.0, 0.0, 1.0, 0.0], [0.0, 0.0, 0.0, 1.0]], "cam_ids": [0, 1, 2, 3, 4, 5], "cam_channels": ["CAM_FRONT_LEFT", "CAM_FRONT", "CAM_FRONT_RIGHT", "CAM_BACK_LEFT", "CAM_BACK", "CAM_BACK_RIGHT"], "token": "4a3079764c9c44a7a85f4e2b70ca23ed", "scene": "scene-1020"}, {"images": ["samples/CAM_FRONT_LEFT/n015-2018-11-14-19-09-14+0800__CAM_FRONT_LEFT__1542194124404844.jpg", "samples/CAM_FRONT/n015-2018-11-14-19-09-14+0800__CAM_FRONT__1542194124412460.jpg", "samples/CAM_FRONT_RIGHT/n015-2018-11-14-19-09-14+0800__CAM_FRONT_RIGHT__1542194124420339.jpg", "samples/CAM_BACK_LEFT/n015-2018-11-14-19-09-14+0800__CAM_BACK_LEFT__1542194124447423.jpg", "samples/CAM_BACK/n015-2018-11-14-19-09-14+0800__CAM_BACK__1542194124437525.jpg", "samples/CAM_BACK_RIGHT/n015-2018-11-14-19-09-14+0800__CAM_BACK_RIGHT__1542194124427893.jpg"], "intrinsics": [[[1272.5979470598488, 0.0, 826.6154927353808], [0.0, 1272.5979470598488, 479.75165386361925], [0.0, 0.0, 1.0]], [[1266.417203046554, 0.0, 816.2670197447984], [0.0, 1266.417203046554, 491.50706579294757], [0.0, 0.0, 1.0]], [[1260.8474446004698, 0.0, 807.968244525554], [0.0, 1260.8474446004698, 495.3344268742088], [0.0, 0.0, 1.0]], [[1256.7414812095406, 0.0, 792.1125740759628], [0.0, 1256.7414812095406, 492.7757465151356], [0.0, 0.0, 1.0]], [[809.2209905677063, 0.0, 829.2196003259838], [0.0, 809.2209905677063, 481.77842384512485], [0.0, 0.0, 1.0]], [[1259.5137405846733, 0.0, 807.2529053838625], [0.0, 1259.5137405846733, 501.19579884916527], [0.0, 0.0, 1.0]]], "extrinsics": [[[0.8184939026832581, -0.5744934678077698, 0.004997552372515202, -0.75244140625], [-0.0005027324659749866, -0.009414926171302795, -0.9999555349349976, 1.5081591606140137], [0.5745149254798889, 0.8184550404548645, -0.00799487717449665, -1.1361083984375], [0.0, 0.0, 0.0, 1.0]], [[0.002398911863565445, -0.999904453754425, 0.01361042819917202, 0.009033203125], [-0.0059338524006307125, -0.013624461367726326, -0.999889612197876, 1.519327163696289], [0.9999794363975525, 0.0023178597912192345, -0.005965969525277615, -1.481689453125], [0.0, 0.0, 0.0, 1.0]], [[-0.8343895673751831, -0.5511727929115295, -0.0015498544089496136, 0.89697265625], [-0.0003860479628201574, 0.0033963220193982124, -0.999994158744812, 1.5035738945007324], [0.5511748194694519, -0.8343842029571533, -0.003046635538339615, -1.15631103515625], [0.0, 0.0, 0.0, 1.0]], [[0.9477823972702026, 0.31891748309135437, 0.00025519030168652534, -1.13623046875], [0.009506314061582088, -0.02745172008872032, -0.9995778799057007, 1.5886197090148926], [-0.3187759220600128, 0.9473848342895508, -0.029049990698695183, -0.1058502197265625], [0.0, 0.0, 0.0, 1.0]], [[0.003504000836983323, 0.9998440146446228, -0.017310108989477158, 0.0020751953125], [-0.015823520720005035, -0.017252609133720398, -0.9997259974479675, 1.5783767700195312], [-0.999868631362915, 0.003776984056457877, 0.015760598704218864, -0.06103515625], [0.0, 0.0, 0.0, 1.0]], [[-0.9340388774871826, 0.35679152607917786, -0.016468076035380363, 1.0250244140625], [0.016941677778959274, -0.0017979766707867384, -0.9998548626899719, 1.5534591674804688], [-0.3567693531513214, -0.934182345867157, -0.0043652672320604324, -0.1041259765625], [0.0, 0.0, 0.0, 1.0]]], "view": [[0.0, -2.0, 100.0], [-2.0, 0.0, 100.0], [0.0, 0.0, 1.0]], "bev": "bev_ad6efaa95cb048b49aa2ec4979de9a6c.png", "aux": "aux_ad6efaa95cb048b49aa2ec4979de9a6c.npz", "visibility": "visibility_ad6efaa95cb048b49aa2ec4979de9a6c.png", "pose": [[0.49807801842689514, -0.8671321868896484, 0.0, 610.0603637695312], [0.8671321868896484, 0.49807801842689514, 0.0, 2125.4453125], [0.0, 0.0, 1.0, 0.0], [0.0, 0.0, 0.0, 1.0]], "pose_inverse": [[0.49807801842689514, 0.8671321868896484, 0.0, -2146.899658203125], [-0.8671321868896484, 0.49807801842689514, 0.0, -529.6346435546875], [0.0, 0.0, 1.0, 0.0], [0.0, 0.0, 0.0, 1.0]], "cam_ids": [0, 1, 2, 3, 4, 5], "cam_channels": ["CAM_FRONT_LEFT", "CAM_FRONT", "CAM_FRONT_RIGHT", "CAM_BACK_LEFT", "CAM_BACK", "CAM_BACK_RIGHT"], "token": "ad6efaa95cb048b49aa2ec4979de9a6c", "scene": "scene-1020"}, {"images": ["samples/CAM_FRONT_LEFT/n015-2018-11-14-19-09-14+0800__CAM_FRONT_LEFT__1542194124904844.jpg", "samples/CAM_FRONT/n015-2018-11-14-19-09-14+0800__CAM_FRONT__1542194124912460.jpg", "samples/CAM_FRONT_RIGHT/n015-2018-11-14-19-09-14+0800__CAM_FRONT_RIGHT__1542194124920339.jpg", "samples/CAM_BACK_LEFT/n015-2018-11-14-19-09-14+0800__CAM_BACK_LEFT__1542194124947423.jpg", "samples/CAM_BACK/n015-2018-11-14-19-09-14+0800__CAM_BACK__1542194124937525.jpg", "samples/CAM_BACK_RIGHT/n015-2018-11-14-19-09-14+0800__CAM_BACK_RIGHT__1542194124927893.jpg"], "intrinsics": [[[1272.5979470598488, 0.0, 826.6154927353808], [0.0, 1272.5979470598488, 479.75165386361925], [0.0, 0.0, 1.0]], [[1266.417203046554, 0.0, 816.2670197447984], [0.0, 1266.417203046554, 491.50706579294757], [0.0, 0.0, 1.0]], [[1260.8474446004698, 0.0, 807.968244525554], [0.0, 1260.8474446004698, 495.3344268742088], [0.0, 0.0, 1.0]], [[1256.7414812095406, 0.0, 792.1125740759628], [0.0, 1256.7414812095406, 492.7757465151356], [0.0, 0.0, 1.0]], [[809.2209905677063, 0.0, 829.2196003259838], [0.0, 809.2209905677063, 481.77842384512485], [0.0, 0.0, 1.0]], [[1259.5137405846733, 0.0, 807.2529053838625], [0.0, 1259.5137405846733, 501.19579884916527], [0.0, 0.0, 1.0]]], "extrinsics": [[[0.818664014339447, -0.5741093158721924, 0.01369672454893589, -0.7685546875], [0.00332625606097281, -0.019109705463051796, -0.9998118877410889, 1.509095549583435], [0.5742630362510681, 0.8185555934906006, -0.013734795153141022, -1.1461181640625], [0.0, 0.0, 0.0, 1.0]], [[0.0026039648801088333, -0.9997272491455078, 0.023204829543828964, 0.00787353515625], [-0.001910329912789166, -0.023209840059280396, -0.999728798866272, 1.5202140808105469], [0.9999947547912598, 0.002558944746851921, -0.0019702462013810873, -1.49658203125], [0.0, 0.0, 0.0, 1.0]], [[-0.8342745304107666, -0.5513491034507751, 0.0001505777327110991, 0.90576171875], [0.0038343705236911774, -0.006075081415474415, -0.9999741315841675, 1.5042409896850586], [0.5513357520103455, -0.8342524766921997, 0.007182365749031305, -1.1629638671875], [0.0, 0.0, 0.0, 1.0]], [[0.9478664398193359, 0.31866753101348877, 0.0004161132965236902, -1.1396484375], [0.012764526531100273, -0.03666287288069725, -0.9992461204528809, 1.5885992050170898], [-0.31841203570365906, 0.9471572637557983, -0.038819149136543274, -0.104766845703125], [0.0, 0.0, 0.0, 1.0]], [[0.003636288922280073, 0.999640166759491, -0.02657642960548401, 0.002166748046875], [-0.012770758010447025, -0.02652801387012005, -0.9995665550231934, 1.5786476135253906], [-0.9999118447303772, 0.003974089864641428, 0.012669699266552925, -0.055419921875], [0.0, 0.0, 0.0, 1.0]], [[-0.9340275526046753, 0.3564939796924591, -0.02246042713522911, 1.0321044921875], [0.019780050963163376, -0.011162938550114632, -0.9997420310974121, 1.5536613464355469], [-0.3566528260707855, -0.9342309236526489, 0.0033750212751328945, -0.101806640625], [0.0, 0.0, 0.0, 1.0]]], "view": [[0.0, -2.0, 100.0], [-2.0, 0.0, 100.0], [0.0, 0.0, 1.0]], "bev": "bev_4e1555ff76334d25a4ffb08c12f7d6e0.png", "aux": "aux_4e1555ff76334d25a4ffb08c12f7d6e0.npz", "visibility": "visibility_4e1555ff76334d25a4ffb08c12f7d6e0.png", "pose": [[0.46070241928100586, -0.8875546455383301, 0.0, 611.4574584960938], [0.8875546455383301, 0.46070241928100586, 0.0, 2127.954833984375], [0.0, 0.0, 1.0, 0.0], [0.0, 0.0, 0.0, 1.0]], "pose_inverse": [[0.46070241928100586, 0.8875546455383301, 0.0, -2170.376220703125], [-0.8875546455383301, 0.46070241928100586, 0.0, -437.65203857421875], [0.0, 0.0, 1.0, 0.0], [0.0, 0.0, 0.0, 1.0]], "cam_ids": [0, 1, 2, 3, 4, 5], "cam_channels": ["CAM_FRONT_LEFT", "CAM_FRONT", "CAM_FRONT_RIGHT", "CAM_BACK_LEFT", "CAM_BACK", "CAM_BACK_RIGHT"], "token": "4e1555ff76334d25a4ffb08c12f7d6e0", "scene": "scene-1020"}, {"images": ["samples/CAM_FRONT_LEFT/n015-2018-11-14-19-09-14+0800__CAM_FRONT_LEFT__1542194125404844.jpg", "samples/CAM_FRONT/n015-2018-11-14-19-09-14+0800__CAM_FRONT__1542194125412460.jpg", "samples/CAM_FRONT_RIGHT/n015-2018-11-14-19-09-14+0800__CAM_FRONT_RIGHT__1542194125420339.jpg", "samples/CAM_BACK_LEFT/n015-2018-11-14-19-09-14+0800__CAM_BACK_LEFT__1542194125447426.jpg", "samples/CAM_BACK/n015-2018-11-14-19-09-14+0800__CAM_BACK__1542194125437525.jpg", "samples/CAM_BACK_RIGHT/n015-2018-11-14-19-09-14+0800__CAM_BACK_RIGHT__1542194125427893.jpg"], "intrinsics": [[[1272.5979470598488, 0.0, 826.6154927353808], [0.0, 1272.5979470598488, 479.75165386361925], [0.0, 0.0, 1.0]], [[1266.417203046554, 0.0, 816.2670197447984], [0.0, 1266.417203046554, 491.50706579294757], [0.0, 0.0, 1.0]], [[1260.8474446004698, 0.0, 807.968244525554], [0.0, 1260.8474446004698, 495.3344268742088], [0.0, 0.0, 1.0]], [[1256.7414812095406, 0.0, 792.1125740759628], [0.0, 1256.7414812095406, 492.7757465151356], [0.0, 0.0, 1.0]], [[809.2209905677063, 0.0, 829.2196003259838], [0.0, 809.2209905677063, 481.77842384512485], [0.0, 0.0, 1.0]], [[1259.5137405846733, 0.0, 807.2529053838625], [0.0, 1259.5137405846733, 501.19579884916527], [0.0, 0.0, 1.0]]], "extrinsics": [[[0.8191229701042175, -0.5735258460044861, 0.010278088971972466, -0.7852783203125], [-0.0006422345759347081, -0.018834954127669334, -0.9998223781585693, 1.5081405639648438], [0.5736175179481506, 0.818970799446106, -0.0157964825630188, -1.15673828125], [0.0, 0.0, 0.0, 1.0]], [[0.0033851980697363615, -0.9997336864471436, 0.022827059030532837, 0.00726318359375], [-0.006299622356891632, -0.022848058491945267, -0.9997191429138184, 1.5194339752197266], [0.9999743700027466, 0.0032404414378106594, -0.0063752890564501286, -1.5126953125], [0.0, 0.0, 0.0, 1.0]], [[-0.8339077234268188, -0.5518898367881775, 0.003938313573598862, 0.9161376953125], [-0.0010059814667329192, -0.005615890491753817, -0.9999837279319763, 1.5035123825073242], [0.5519029498100281, -0.8338980674743652, 0.004127944353967905, -1.17010498046875], [0.0, 0.0, 0.0, 1.0]], [[0.9477379322052002, 0.31903088092803955, -0.003475521458312869, -1.139892578125], [0.008393504656851292, -0.03582102060317993, -0.9993229508399963, 1.5885725021362305], [-0.31893935799598694, 0.947067141532898, -0.03662673383951187, -0.1043701171875], [0.0, 0.0, 0.0, 1.0]], [[0.003029617015272379, 0.9996600151062012, -0.025897042825818062, 0.002471923828125], [-0.0166804026812315, -0.025843041017651558, -0.999526858329773, 1.5784912109375], [-0.9998562932014465, 0.0034600580111145973, 0.01