[{"images": ["samples/CAM_FRONT_LEFT/n015-2018-11-14-19-09-14+0800__CAM_FRONT_LEFT__1542194160104844.jpg", "samples/CAM_FRONT/n015-2018-11-14-19-09-14+0800__CAM_FRONT__1542194160112460.jpg", "samples/CAM_FRONT_RIGHT/n015-2018-11-14-19-09-14+0800__CAM_FRONT_RIGHT__1542194160120339.jpg", "samples/CAM_BACK_LEFT/n015-2018-11-14-19-09-14+0800__CAM_BACK_LEFT__1542194160147423.jpg", "samples/CAM_BACK/n015-2018-11-14-19-09-14+0800__CAM_BACK__1542194160137525.jpg", "samples/CAM_BACK_RIGHT/n015-2018-11-14-19-09-14+0800__CAM_BACK_RIGHT__1542194160127893.jpg"], "intrinsics": [[[1272.5979470598488, 0.0, 826.6154927353808], [0.0, 1272.5979470598488, 479.75165386361925], [0.0, 0.0, 1.0]], [[1266.417203046554, 0.0, 816.2670197447984], [0.0, 1266.417203046554, 491.50706579294757], [0.0, 0.0, 1.0]], [[1260.8474446004698, 0.0, 807.968244525554], [0.0, 1260.8474446004698, 495.3344268742088], [0.0, 0.0, 1.0]], [[1256.7414812095406, 0.0, 792.1125740759628], [0.0, 1256.7414812095406, 492.7757465151356], [0.0, 0.0, 1.0]], [[809.2209905677063, 0.0, 829.2196003259838], [0.0, 809.2209905677063, 481.77842384512485], [0.0, 0.0, 1.0]], [[1259.5137405846733, 0.0, 807.2529053838625], [0.0, 1259.5137405846733, 501.19579884916527], [0.0, 0.0, 1.0]]], "extrinsics": [[[0.8185782432556152, -0.5722105503082275, -0.05004684999585152, -0.7349853515625], [-0.08595976233482361, -0.035888079553842545, -0.9956520199775696, 1.4840545654296875], [0.5679265260696411, 0.8193211555480957, -0.07856427878141403, -1.1204833984375], [0.0, 0.0, 0.0, 1.0]], [[0.007320179138332605, -0.9991971254348755, 0.03938897326588631, 0.006591796875], [-0.09125882387161255, -0.03989319130778313, -0.9950278401374817, 1.499359130859375], [0.9958003163337708, 0.0036892350763082504, -0.09147757291793823, -1.46142578125], [0.0, 0.0, 0.0, 1.0]], [[-0.8298695087432861, -0.551606297492981, 0.0839468464255333, 0.8818359375], [-0.08569896966218948, -0.022656405344605446, -0.9960634112358093, 1.4881591796875], [0.5513367652893066, -0.8337968587875366, -0.028470231220126152, -1.14910888671875], [0.0, 0.0, 0.0, 1.0]], [[0.9441776871681213, 0.3169076144695282, -0.08998914808034897, -1.13720703125], [-0.07720506191253662, -0.05269628018140793, -0.9956216216087341, 1.5881805419921875], [-0.3202621340751648, 0.9469913840293884, -0.02528778649866581, -0.105133056640625], [0.0, 0.0, 0.0, 1.0]], [[0.0008270401740446687, 0.9990717768669128, -0.04306918755173683, 0.0029296875], [-0.10243381559848785, -0.04275801405310631, -0.9938204288482666, 1.572265625], [-0.9947394728660583, 0.0052336882799863815, 0.10230336338281631, -0.06689453125], [0.0, 0.0, 0.0, 1.0]], [[-0.9326952695846558, 0.35637176036834717, 0.05548578128218651, 1.01318359375], [-0.0698879137635231, -0.027654513716697693, -0.9971714615821838, 1.5422210693359375], [-0.35382941365242004, -0.9339348673820496, 0.05069931969046593, -0.1104736328125], [0.0, 0.0, 0.0, 1.0]]], "view": [[0.0, -2.0, 100.0], [-2.0, 0.0, 100.0], [0.0, 0.0, 1.0]], "bev": "bev_aecae31ceaac42b58365558c413867da.png", "aux": "aux_aecae31ceaac42b58365558c413867da.npz", "visibility": "visibility_aecae31ceaac42b58365558c413867da.png", "pose": [[0.49104437232017517, -0.8711345791816711, 0.0, 761.7884521484375], [0.8711345791816711, 0.49104437232017517, 0.0, 2303.662353515625], [0.0, 0.0, 1.0, 0.0], [0.0, 0.0, 0.0, 1.0]], "pose_inverse": [[0.49104437232017517, 0.8711345791816711, 0.0, -2380.871826171875], [-0.8711345791816711, 0.49104437232017517, 0.0, -467.5802001953125], [0.0, 0.0, 1.0, 0.0], [0.0, 0.0, 0.0, 1.0]], "cam_ids": [0, 1, 2, 3, 4, 5], "cam_channels": ["CAM_FRONT_LEFT", "CAM_FRONT", "CAM_FRONT_RIGHT", "CAM_BACK_LEFT", "CAM_BACK", "CAM_BACK_RIGHT"], "token": "aecae31ceaac42b58365558c413867da", "scene": "scene-1022"}, {"images": ["samples/CAM_FRONT_LEFT/n015-2018-11-14-19-09-14+0800__CAM_FRONT_LEFT__1542194160604844.jpg", "samples/CAM_FRONT/n015-2018-11-14-19-09-14+0800__CAM_FRONT__1542194160612460.jpg", "samples/CAM_FRONT_RIGHT/n015-2018-11-14-19-09-14+0800__CAM_FRONT_RIGHT__1542194160620339.jpg", "samples/CAM_BACK_LEFT/n015-2018-11-14-19-09-14+0800__CAM_BACK_LEFT__1542194160647423.jpg", "samples/CAM_BACK/n015-2018-11-14-19-09-14+0800__CAM_BACK__1542194160637525.jpg", "samples/CAM_BACK_RIGHT/n015-2018-11-14-19-09-14+0800__CAM_BACK_RIGHT__1542194160627893.jpg"], "intrinsics": [[[1272.5979470598488, 0.0, 826.6154927353808], [0.0, 1272.5979470598488, 479.75165386361925], [0.0, 0.0, 1.0]], [[1266.417203046554, 0.0, 816.2670197447984], [0.0, 1266.417203046554, 491.50706579294757], [0.0, 0.0, 1.0]], [[1260.8474446004698, 0.0, 807.968244525554], [0.0, 1260.8474446004698, 495.3344268742088], [0.0, 0.0, 1.0]], [[1256.7414812095406, 0.0, 792.1125740759628], [0.0, 1256.7414812095406, 492.7757465151356], [0.0, 0.0, 1.0]], [[809.2209905677063, 0.0, 829.2196003259838], [0.0, 809.2209905677063, 481.77842384512485], [0.0, 0.0, 1.0]], [[1259.5137405846733, 0.0, 807.2529053838625], [0.0, 1259.5137405846733, 501.19579884916527], [0.0, 0.0, 1.0]]], "extrinsics": [[[0.81803959608078, -0.5727497935295105, -0.052620600908994675, -0.7471923828125], [-0.08826446533203125, -0.034605395048856735, -0.9954957365989685, 1.4847869873046875], [0.5683490633964539, 0.8189994692802429, -0.07886204123497009, -1.129150390625], [0.0, 0.0, 0.0, 1.0]], [[0.006823498755693436, -0.9992480278015137, 0.038168199360370636, 0.00640869140625], [-0.09354918450117111, -0.038639578968286514, -0.9948646426200867, 1.500030517578125], [0.9955913424491882, 0.003217897145077586, -0.0937424972653389, -1.4736328125], [0.0, 0.0, 0.0, 1.0]], [[-0.8299168348312378, -0.5513467192649841, 0.08517513424158096, 0.890625], [-0.08796795457601547, -0.021436985582113266, -0.9958925843238831, 1.4886474609375], [0.5509080290794373, -0.8340007066726685, -0.030709927901625633, -1.15509033203125], [0.0, 0.0, 0.0, 1.0]], [[0.9440354704856873, 0.31681862473487854, -0.09177789092063904, -1.13818359375], [-0.0793624222278595, -0.05190160498023033, -0.9954937696456909, 1.5882415771484375], [-0.3201543390750885, 0.9470650553703308, -0.02385345660150051, -0.104888916015625], [0.0, 0.0, 0.0, 1.0]], [[0.000965750718023628, 0.9991134405136108, -0.042089276015758514, 0.003204345703125], [-0.10465662181377411, -0.04175717756152153, -0.9936314225196838, 1.572540283203125], [-0.9945079684257507, 0.005364530254155397, 0.10452349483966827, -0.0625], [0.0, 0.0, 0.0, 1.0]], [[-0.9324626326560974, 0.35658055543899536, 0.057998575270175934, 1.020751953125], [-0.07213958352804184, -0.026474718004465103, -0.9970431327819824, 1.5424652099609375], [-0.35399070382118225, -0.9338894486427307, 0.050410252064466476, -0.1082763671875], [0.0, 0.0, 0.0, 1.0]]], "view": [[0.0, -2.0, 100.0], [-2.0, 0.0, 100.0], [0.0, 0.0, 1.0]], "bev": "bev_c3e82b867e954b438c37aa4c8af79f82.png", "aux": "aux_c3e82b867e954b438c37aa4c8af79f82.npz", "visibility": "visibility_c3e82b867e954b438c37aa4c8af79f82.png", "pose": [[0.4914396405220032, -0.8709116578102112, 0.0, 763.3468627929688], [0.8709116578102112, 0.4914396405220032, 0.0, 2306.4130859375], [0.0, 0.0, 1.0, 0.0], [0.0, 0.0, 0.0, 1.0]], "pose_inverse": [[0.4914396405220032, 0.8709116578102112, 0.0, -2383.82080078125], [-0.8709116578102112, 0.4914396405220032, 0.0, -468.6551208496094], [0.0, 0.0, 1.0, 0.0], [0.0, 0.0, 0.0, 1.0]], "cam_ids": [0, 1, 2, 3, 4, 5], "cam_channels": ["CAM_FRONT_LEFT", "CAM_FRONT", "CAM_FRONT_RIGHT", "CAM_BACK_LEFT", "CAM_BACK", "CAM_BACK_RIGHT"], "token": "c3e82b867e954b438c37aa4c8af79f82", "scene": "scene-1022"}, {"images": ["samples/CAM_FRONT_LEFT/n015-2018-11-14-19-09-14+0800__CAM_FRONT_LEFT__1542194161104844.jpg", "samples/CAM_FRONT/n015-2018-11-14-19-09-14+0800__CAM_FRONT__1542194161112460.jpg", "samples/CAM_FRONT_RIGHT/n015-2018-11-14-19-09-14+0800__CAM_FRONT_RIGHT__1542194161120339.jpg", "samples/CAM_BACK_LEFT/n015-2018-11-14-19-09-14+0800__CAM_BACK_LEFT__1542194161147423.jpg", "samples/CAM_BACK/n015-2018-11-14-19-09-14+0800__CAM_BACK__1542194161137525.jpg", "samples/CAM_BACK_RIGHT/n015-2018-11-14-19-09-14+0800__CAM_BACK_RIGHT__1542194161127893.jpg"], "intrinsics": [[[1272.5979470598488, 0.0, 826.6154927353808], [0.0, 1272.5979470598488, 479.75165386361925], [0.0, 0.0, 1.0]], [[1266.417203046554, 0.0, 816.2670197447984], [0.0, 1266.417203046554, 491.50706579294757], [0.0, 0.0, 1.0]], [[1260.8474446004698, 0.0, 807.968244525554], [0.0, 1260.8474446004698, 495.3344268742088], [0.0, 0.0, 1.0]], [[1256.7414812095406, 0.0, 792.1125740759628], [0.0, 1256.7414812095406, 492.7757465151356], [0.0, 0.0, 1.0]], [[809.2209905677063, 0.0, 829.2196003259838], [0.0, 809.2209905677063, 481.77842384512485], [0.0, 0.0, 1.0]], [[1259.5137405846733, 0.0, 807.2529053838625], [0.0, 1259.5137405846733, 501.19579884916527], [0.0, 0.0, 1.0]]], "extrinsics": [[[0.8182218670845032, -0.5725371241569519, -0.05209719389677048, -0.7591552734375], [-0.09208892285823822, -0.04107596352696419, -0.9949032068252563, 1.4852752685546875], [0.5674790740013123, 0.8188491463661194, -0.08633358031511307, -1.14013671875], [0.0, 0.0, 0.0, 1.0]], [[0.007641980890184641, -0.9989748001098633, 0.04461726173758507, 0.008575439453125], [-0.09726949781179428, -0.04514958709478378, -0.9942334890365601, 1.500518798828125], [0.99522864818573, 0.0032580136321485043, -0.0975148156285286, -1.486572265625], [0.0, 0.0, 0.0, 1.0]], [[-0.8292325139045715, -0.5513108372688293, 0.09181308001279831, 0.8994140625], [-0.09160119295120239, -0.027991918846964836, -0.9954022169113159, 1.4888916015625], [0.5513461232185364, -0.8338302373886108, -0.027288924902677536, -1.15838623046875], [0.0, 0.0, 0.0, 1.0]], [[0.9435913562774658, 0.31658315658569336, -0.09700681269168854, -1.13916015625], [-0.08265148103237152, -0.058496441692113876, -0.9948602318763733, 1.5883026123046875], [-0.3206305503845215, 0.9467594027519226, -0.029030678793787956, -0.104827880859375], [0.0, 0.0, 0.0, 1.0]], [[0.00028260177350603044, 0.9988147020339966, -0.04867327958345413, 0.00225830078125], [-0.10807250440120697, -0.04835769534111023, -0.9929662346839905, 1.57275390625], [-0.9941429495811462, 0.005540812388062477, 0.1079307422041893, -0.05908203125], [0.0, 0.0, 0.0, 1.0]], [[-0.9324813485145569, 0.3563661277294159, 0.0590052455663681, 1.025634765625], [-0.07569701224565506, -0.03306278958916664, -0.996582567691803, 1.54254150390625], [-0.35319745540618896, -0.9337611794471741, 0.057806290686130524, -0.104248046875], [0.0, 0.0, 0.0, 1.0]]], "view": [[0.0, -2.0, 100.0], [-2.0, 0.0, 100.0], [0.0, 0.0, 1.0]], "bev": "bev_8ec4d3fcd96948ae8d3365e0a5578497.png", "aux": "aux_8ec4d3fcd96948ae8d3365e0a5578497.npz", "visibility": "visibility_8ec4d3fcd96948ae8d3365e0a5578497.png", "pose": [[0.49268242716789246, -0.8702091574668884, 0.0, 764.7861328125], [0.8702091574668884, 0.49268242716789246, 0.0, 2308.944580078125], [0.0, 0.0, 1.0, 0.0], [0.0, 0.0, 0.0, 1.0]], "pose_inverse": [[0.49268242716789246, 0.8702091574668884, 0.0, -2386.0615234375], [-0.8702091574668884, 0.49268242716789246, 0.0, -472.052490234375], [0.0, 0.0, 1.0, 0.0], [0.0, 0.0, 0.0, 1.0]], "cam_ids": [0, 1, 2, 3, 4, 5], "cam_channels": ["CAM_FRONT_LEFT", "CAM_FRONT", "CAM_FRONT_RIGHT", "CAM_BACK_LEFT", "CAM_BACK", "CAM_BACK_RIGHT"], "token": "8ec4d3fcd96948ae8d3365e0a5578497", "scene": "scene-1022"}, {"images": ["samples/CAM_FRONT_LEFT/n015-2018-11-14-19-09-14+0800__CAM_FRONT_LEFT__1542194161654844.jpg", "samples/CAM_FRONT/n015-2018-11-14-19-09-14+0800__CAM_FRONT__1542194161662460.jpg", "samples/CAM_FRONT_RIGHT/n015-2018-11-14-19-09-14+0800__CAM_FRONT_RIGHT__1542194161670339.jpg", "samples/CAM_BACK_LEFT/n015-2018-11-14-19-09-14+0800__CAM_BACK_LEFT__1542194161697423.jpg", "samples/CAM_BACK/n015-2018-11-14-19-09-14+0800__CAM_BACK__1542194161687525.jpg", "samples/CAM_BACK_RIGHT/n015-2018-11-14-19-09-14+0800__CAM_BACK_RIGHT__1542194161677893.jpg"], "intrinsics": [[[1272.5979470598488, 0.0, 826.6154927353808], [0.0, 1272.5979470598488, 479.75165386361925], [0.0, 0.0, 1.0]], [[1266.417203046554, 0.0, 816.2670197447984], [0.0, 1266.417203046554, 491.50706579294757], [0.0, 0.0, 1.0]], [[1260.8474446004698, 0.0, 807.968244525554], [0.0, 1260.8474446004698, 495.3344268742088], [0.0, 0.0, 1.0]], [[1256.7414812095406, 0.0, 792.1125740759628], [0.0, 1256.7414812095406, 492.7757465151356], [0.0, 0.0, 1.0]], [[809.2209905677063, 0.0, 829.2196003259838], [0.0, 809.2209905677063, 481.77842384512485], [0.0, 0.0, 1.0]], [[1259.5137405846733, 0.0, 807.2529053838625], [0.0, 1259.5137405846733, 501.19579884916527], [0.0, 0.0, 1.0]]], "extrinsics": [[[0.8179371953010559, -0.5729820728302002, -0.051673270761966705, -0.7701416015625], [-0.09074780344963074, -0.039804160594940186, -0.9950781464576721, 1.486846923828125], [0.5681051015853882, 0.8186006546020508, -0.08455418050289154, -1.1473388671875], [0.0, 0.0, 0.0, 1.0]], [[0.007127564400434494, -0.9990125298500061, 0.04385386407375336, 0.00799560546875], [-0.0961347371339798, -0.044336408376693726, -0.9943804144859314, 1.501861572265625], [0.9953427910804749, 0.0028716132510453463, -0.09635580331087112, -1.498046875], [0.0, 0.0, 0.0, 1.0]], [[-0.8294907212257385, -0.5510849356651306, 0.0908314511179924, 0.9072265625], [-0.09066534787416458, -0.02761192061007023, -0.995498538017273, 1.4899139404296875], [0.5511122941970825, -0.8339921236038208, -0.02706047333776951, -1.1640625], [0.0, 0.0, 0.0, 1.0]], [[0.9435911774635315, 0.3166029155254364, -0.09694468230009079, -1.135498046875], [-0.08222414553165436, -0.05956273525953293, -0.9948323369026184, 1.587982177734375], [-0.32074111700057983, 0.9466862678527832, -0.030170468613505363, -0.105865478515625], [0.0, 0.0, 0.0, 1.0]], [[0.0003217556222807616, 0.9987814426422119, -0.049351055175065994, 0.002349853515625], [-0.10746733099222183, -0.04903071001172066, -0.9929988980293274, 1.573150634765625], [-0.9942085146903992, 0.005623125936836004, 0.10732059925794601, -0.055419921875], [0.0, 0.0, 0.0, 1.0]], [[-0.9324676394462585, 0.35652947425842285, 0.05823035538196564, 1.032958984375], [-0.0749092698097229, -0.03314117342233658, -0.9966394901275635, 1.543212890625], [-0.3534014821052551, -0.9336961507797241, 0.05761043354868889, -0.1016845703125], [0.0, 0.0, 0.0, 1.0]]], "view": [[0.0, -2.0, 100.0], [-2.0, 0.0, 100.0], [0.0, 0.0, 1.0]], "bev": "bev_fbc07f14f4ca4f9692e6139031e58161.png", "aux": "aux_fbc07f14f4ca4f9692e6139031e58161.npz", "visibility": "visibility_fbc07f14f4ca4f9692e6139031e58161.png", "pose": [[0.48808249831199646, -0.8727974891662598, 0.0, 766.3063354492188], [0.8727974891662598, 0.48808249831199646, 0.0, 2311.615966796875], [0.0, 0.0, 1.0, 0.0], [0.0, 0.0, 0.0, 1.0]], "pose_inverse": [[0.48808249831199646, 0.8727974891662598, 0.0, -2391.59326171875], [-0.8727974891662598, 0.48808249831199646, 0.0, -459.42901611328125], [0.0, 0.0, 1.0, 0.0], [0.0, 0.0, 0.0, 1.0]], "cam_ids": [0, 1, 2, 3, 4, 5], "cam_channels": ["CAM_FRONT_LEFT", "CAM_FRONT", "CAM_FRONT_RIGHT", "CAM_BACK_LEFT", "CAM_BACK", "CAM_BACK_RIGHT"], "token": "fbc07f14f4ca4f9692e6139031e58161", "scene": "scene-1022"}, {"images": ["samples/CAM_FRONT_LEFT/n015-2018-11-14-19-09-14+0800__CAM_FRONT_LEFT__1542194162154844.jpg", "samples/CAM_FRONT/n015-2018-11-14-19-09-14+0800__CAM_FRONT__1542194162162460.jpg", "samples/CAM_FRONT_RIGHT/n015-2018-11-14-19-09-14+0800__CAM_FRONT_RIGHT__1542194162170339.jpg", "samples/CAM_BACK_LEFT/n015-2018-11-14-19-09-14+0800__CAM_BACK_LEFT__1542194162197423.jpg", "samples/CAM_BACK/n015-2018-11-14-19-09-14+0800__CAM_BACK__1542194162187525.jpg", "samples/CAM_BACK_RIGHT/n015-2018-11-14-19-09-14+0800__CAM_BACK_RIGHT__1542194162177893.jpg"], "intrinsics": [[[1272.5979470598488, 0.0, 826.6154927353808], [0.0, 1272.5979470598488, 479.75165386361925], [0.0, 0.0, 1.0]], [[1266.417203046554, 0.0, 816.2670197447984], [0.0, 1266.417203046554, 491.50706579294757], [0.0, 0.0, 1.0]], [[1260.8474446004698, 0.0, 807.968244525554], [0.0, 1260.8474446004698, 495.3344268742088], [0.0, 0.0, 1.0]], [[1256.7414812095406, 0.0, 792.1125740759628], [0.0, 1256.7414812095406, 492.7757465151356], [0.0, 0.0, 1.0]], [[809.2209905677063, 0.0, 829.2196003259838], [0.0, 809.2209905677063, 481.77842384512485], [0.0, 0.0, 1.0]], [[1259.5137405846733, 0.0, 807.2529053838625], [0.0, 1259.5137405846733, 501.19579884916527], [0.0, 0.0, 1.0]]], "extrinsics": [[[0.8181635737419128, -0.5727468729019165, -0.050690121948719025, -0.7911376953125], [-0.0901375487446785, -0.04069096967577934, -0.9950977563858032, 1.4892120361328125], [0.567876398563385, 0.8187217712402344, -0.08491786569356918, -1.1605224609375], [0.0, 0.0, 0.0, 1.0]], [[0.007360008545219898, -0.998989999294281, 0.044325292110443115, 0.007110595703125], [-0.09518563002347946, -0.04482511803507805, -0.9944498538970947, 1.5039215087890625], [0.9954322576522827, 0.0030999919399619102, -0.09541940689086914, -1.5185546875], [0.0, 0.0, 0.0, 1.0]], [[-0.8294880390167236, -0.5512530207633972, 0.08983096480369568, 0.91943359375], [-0.08938905596733093, -0.02773589827120304, -0.9956105351448059, 1.491455078125], [0.5513248443603516, -0.8338769674301147, -0.02626938745379448, -1.17303466796875], [0.0, 0.0, 0.0, 1.0]], [[0.9437336921691895, 0.3169061839580536, -0.09453684836626053, -1.137939453125], [-0.08008074015378952, -0.058366335928440094, -0.9950780868530273, 1.5882415771484375], [-0.32086417078971863, 0.9466593265533447, -0.029704194515943527, -0.1053466796875], [0.0, 0.0, 0.0, 1.0]], [[0.0003175075107719749, 0.9988219141960144, -0.04852541908621788, 0.002532958984375], [-0.1056433841586113, -0.048220373690128326, -0.9932342171669006, 1.57373046875], [-0.9944039583206177, 0.00544179929420352, 0.1055036187171936, -0.05078125], [0.0, 0.0, 0.0, 1.0]], [[-0.9326120615005493, 0.35636579990386963, 0.05690435320138931, 1.042724609375], [-0.07337883859872818, -0.03287040814757347, -0.9967622756958008, 1.54412841796875], [-0.35334154963493347, -0.933768093585968, 0.05680505186319351, -0.0987548828125], [0.0, 0.0, 0.0, 1.0]]], "view": [[0.0, -2.0, 100.0], [-2.0, 0.0, 100.0], [0.0, 0.0, 1.0]], "bev": "bev_3de0c4e464794abb8af9a7a305a6afde.png", "aux": "aux_3de0c4e464794abb8af9a7a305a6afde.npz", "visibility": "visibility_3de0c4e464794abb8af9a7a305a6afde.png", "pose": [[0.4846770763397217, -0.8746931552886963, 0.0, 767.52392578125], [0.8746931552886963, 0.4846770763397217, 0.0, 2313.77783203125], [0.0, 0.0, 1.0, 0.0], [0.0, 0.0, 0.0, 1.0]], "pose_inverse": [[0.4846770763397217, 0.8746931552886963, 0.0, -2395.846923828125], [-0.8746931552886963, 0.4846770763397217, 0.0, -450.08709716796875], [0.0, 0.0, 1.0, 0.0], [0.0, 0.0, 0.0, 1.0]], "cam_ids": [0, 1, 2, 3, 4, 5], "cam_channels": ["CAM_FRONT_LEFT", "CAM_FRONT", "CAM_FRONT_RIGHT", "CAM_BACK_LEFT", "CAM_BACK", "CAM_BACK_RIGHT"], "token": "3de0c4e464794abb8af9a7a305a6afde", "scene": "scene-1022"}, {"images": ["samples/CAM_FRONT_LEFT/n015-2018-11-14-19-09-14+0800__CAM_FRONT_LEFT__1542194162654844.jpg", "samples/CAM_FRONT/n015-2018-11-14-19-09-14+0800__CAM_FRONT__1542194162662460.jpg", "samples/CAM_FRONT_RIGHT/n015-2018-11-14-19-09-14+0800__CAM_FRONT_RIGHT__1542194162670339.jpg", "samples/CAM_BACK_LEFT/n015-2018-11-14-19-09-14+0800__CAM_BACK_LEFT__1542194162697424.jpg", "samples/CAM_BACK/n015-2018-11-14-19-09-14+0800__CAM_BACK__1542194162687525.jpg", "samples/CAM_BACK_RIGHT/n015-2018-11-14-19-09-14+0800__CAM_BACK_RIGHT__1542194162677893.jpg"], "intrinsics": [[[1272.5979470598488, 0.0, 826.6154927353808], [0.0, 1272.5979470598488, 479.75165386361925], [0.0, 0.0, 1.0]], [[1266.417203046554, 0.0, 816.2670197447984], [0.0, 1266.417203046554, 491.50706579294757], [0.0, 0.0, 1.0]], [[1260.8474446004698, 0.0, 807.968244525554], [0.0, 1260.8474446004698, 495.3344268742088], [0.0, 0.0, 1.0]], [[1256.7414812095406, 0.0, 792.1125740759628], [0.0, 1256.7414812095406, 492.7757465151356], [0.0, 0.0, 1.0]], [[809.2209905677063, 0.0, 829.2196003259838], [0.0, 809.2209905677063, 481.77842384512485], [0.0, 0.0, 1.0]], [[1259.5137405846733, 0.0, 807.2529053838625], [0.0, 1259.5137405846733, 501.19579884916527], [0.0, 0.0, 1.0]]], "extrinsics": [[[0.8188375234603882, -0.5725445747375488, -0.04120469465851784, -0.8115234375], [-0.08528438955545425, -0.05035759136080742, -0.995083212852478, 1.492523193359375], [0.5676544308662415, 0.8183256983757019, -0.09006380289793015, -1.176513671875], [0.0, 0.0, 0.0, 1.0]], [[0.007931019179522991, -0.9985312223434448, 0.05359448492527008, 0.0081787109375], [-0.09051410108804703, -0.05409301817417145, -0.9944250583648682, 1.50677490234375], [0.9958636164665222, 0.00303579936735332, -0.09081017225980759, -1.5400390625], [0.0, 0.0, 0.0, 1.0]], [[-0.8294467329978943, -0.551132321357727, 0.09094670414924622, 0.934326171875], [-0.08487579971551895, -0.03657469153404236, -0.9957200288772583, 1.4936065673828125], [0.5520998239517212, -0.8336158394813538, -0.01644103229045868, -1.1817626953125], [0.0, 0.0, 0.0, 1.0]], [[0.9438335299491882, 0.3171473741531372, -0.09271392226219177, -1.141845703125], [-0.07567381858825684, -0.06566012650728226, -0.9949684143066406, 1.58856201171875], [-0.3216392397880554, 0.9461005330085754, -0.037972476333379745, -0.104400634765625], [0.0, 0.0, 0.0, 1.0]], [[-0.0002925500157289207, 0.9984129667282104, -0.056315455585718155, 0.002197265625], [-0.10124801844358444, -0.05605563521385193, -0.9932807683944702, 1.574859619140625], [-0.9948611855506897, 0.005411278922110796, 0.10110373049974442, -0.04248046875], [0.0, 0.0, 0.0, 1.0]], [[-0.9331436157226562, 0.3560367822647095, 0.04980672523379326, 1.05517578125], [-0.06894784420728683, -0.0412670262157917, -0.9967663884162903, 1.5455322265625], [-0.352830171585083, -0.933560311794281, 0.06305602937936783, -0.0931396484375], [0.0, 0.0, 0.0, 1.0]]], "view": [[0.0, -2.0, 100.0], [-2.0, 0.0, 100.0], [0.0, 0.0, 1.0]], "bev": "bev_28154af299924246b293ec87c64ba140.png", "aux": "aux_28154af299924246b293ec87c64ba140.npz", "visibility": "visibility_28154af299924246b293ec87c64ba140.png", "pose": [[0.47795921564102173, -0.8783820271492004, 0.0, 768.616455078125], [0.8783820271492004, 0.47795921564102173, 0.0, 2315.752685546875], [0.0, 0.0, 1.0, 0.0], [0.0, 0.0, 0.0, 1.0]], "pose_inverse": [[0.47795921564102173, 0.8783820271492004, 0.0, -2401.48291015625], [-0.8783820271492004, 0.47795921564102173, 0.0, -431.6964416503906], [0.0, 0.0, 1.0, 0.0], [0.0, 0.0, 0.0, 1.0]], "cam_ids": [0, 1, 2, 3, 4, 5], "cam_channels": ["CAM_FRONT_LEFT", "CAM_FRONT", "CAM_FRONT_RIGHT", "CAM_BACK_LEFT", "CAM_BACK", "CAM_BACK_RIGHT"], "token": "28154af299924246b293ec87c64ba140", "scene": "scene-1022"}, {"images": ["samples/CAM_FRONT_LEFT/n015-2018-11-14-19-09-14+0800__CAM_FRONT_LEFT__1542194163154844.jpg", "samples/CAM_FRONT/n015-2018-11-14-19-09-14+0800__CAM_FRONT__1542194163162460.jpg", "samples/CAM_FRONT_RIGHT/n015-2018-11-14-19-09-14+0800__CAM_FRONT_RIGHT__1542194163170346.jpg", "samples/CAM_BACK_LEFT/n015-2018-11-14-19-09-14+0800__CAM_BACK_LEFT__1542194163197423.jpg", "samples/CAM_BACK/n015-2018-11-14-19-09-14+0800__CAM_BACK__1542194163187535.jpg", "samples/CAM_BACK_RIGHT/n015-2018-11-14-19-09-14+0800__CAM_BACK_RIGHT__1542194163177893.jpg"], "intrinsics": [[[1272.5979470598488, 0.0, 826.6154927353808], [0.0, 1272.5979470598488, 479.75165386361925], [0.0, 0.0, 1.0]], [[1266.417203046554, 0.0, 816.2670197447984], [0.0, 1266.417203046554, 491.50706579294757], [0.0, 0.0, 1.0]], [[1260.8474446004698, 0.0, 807.968244525554], [0.0, 1260.8474446004698, 495.3344268742088], [0.0, 0.0, 1.0]], [[1256.7414812095406, 0.0, 792.1125740759628], [0.0, 1256.7414812095406, 492.7757465151356], [0.0, 0.0, 1.0]], [[809.2209905677063, 0.0, 829.2196003259838], [0.0, 809.2209905677063, 481.77842384512485], [0.0, 0.0, 1.0]], [[1259.5137405846733, 0.0, 807.2529053838625], [0.0, 1259.5137405846733, 501.19579884916527], [0.0, 0.0, 1.0]]], "extrinsics": [[[0.818816602230072, -0.5729945302009583, -0.03487783670425415, -0.821533203125], [-0.07774964720010757, -0.050498005002737045, -0.9956931471824646, 1.4946441650390625], [0.5687655210494995, 0.8180018663406372, -0.0858987346291542, -1.180419921875], [0.0, 0.0, 0.0, 1.0]], [[0.00723301013931632, -0.9984852075576782, 0.05454288423061371, 0.00592041015625], [-0.08277152478694916, -0.05495494604110718, -0.9950522184371948, 1.50860595703125], [0.9965422749519348, 0.0026826513931155205, -0.08304363489151001, -1.54833984375], [0.0, 0.0, 0.0, 1.0]], [[-0.830161452293396, -0.55097496509552, 0.0851958766579628, 0.939453125], [-0.07690247893333435, -0.038186438381671906, -0.9963070750236511, 1.4950103759765625], [0.5521936416625977, -0.833647608757019, -0.010670437477529049, -1.18695068359375], [0.0, 0.0, 0.0, 1.0]], [[0.9444762468338013, 0.3171343505382538, -0.08596709370613098, -1.14208984375], [-0.06716194748878479, -0.06978137046098709, -0.9952988624572754, 1.5885467529296875], [-0.32164233922958374, 0.9458099007606506, -0.0446074903011322, -0.10357666015625], [0.0, 0.0, 0.0, 1.0]], [[-0.00030711464933119714, 0.9982269406318665, -0.05952240899205208, 0.002838134765625], [-0.092915378510952, -0.05929340049624443, -0.9939069151878357, 1.57550048828125], [-0.9956739544868469, 0.0052253492176532745, 0.0927688479423523, -0.039306640625], [0.0, 0.0, 0.0, 1.0]], [[-0.9335929155349731, 0.3559432327747345, 0.041334714740514755, 1.060546875], [-0.060770433396101, -0.04359092190861702, -0.9971994757652283, 1.5465240478515625], [-0.3531446158885956, -0.9334903955459595, 0.062327008694410324, -0.0924072265625], [0.0, 0.0, 0.0, 1.0]]], "view": [[0.0, -2.0, 100.0], [-2.0, 0.0, 100.0], [0.0, 0.0, 1.0]], "bev": "bev_df619c6c80b04abc94ee3c88203ca510.png", "aux": "aux_df619c6c80b04abc94ee3c88203ca510.npz", "visibility": "visibility_df619c6c80b04abc94ee3c88203ca510.png", "pose": [[0.46276819705963135, -0.8864793181419373, 0.0, 769.61865234375], [0.8864793181419373, 0.46276819705963135, 0.0, 2317.619873046875], [0.0, 0.0, 1.0, 0.0], [0.0, 0.0, 0.0, 1.0]], "pose_inverse": [[0.46276819705963135, 0.8864793181419373, 0.0, -2410.67724609375], [-0.8864793181419373, 0.46276819705963135, 0.0, -390.2697448730469], [0.0, 0.0, 1.0, 0.0], [0.0, 0.0, 0.0, 1.0]], "cam_ids": [0, 1, 2, 3, 4, 5], "cam_channels": ["CAM_FRONT_LEFT", "CAM_FRONT", "CAM_FRONT_RIGHT", "CAM_BACK_LEFT", "CAM_BACK", "CAM_BACK_RIGHT"], "token": "df619c6c80b04abc94ee3c88203ca510", "scene": "scene-1022"}, {"images": ["samples/CAM_FRONT_LEFT/n015-2018-11-14-19-09-14+0800__CAM_FRONT_LEFT__1542194163654844.jpg", "samples/CAM_FRONT/n015-2018-11-14-19-09-14+0800__CAM_FRONT__1542194163662460.jpg", "samples/CAM_FRONT_RIGHT/n015-2018-11-14-19-09-14+0800__CAM_FRONT_RIGHT__1542194163670339.jpg", "samples/CAM_BACK_LEFT/n015-2018-11-14-19-09-14+0800__CAM_BACK_LEFT__1542194163697423.jpg", "samples/CAM_BACK/n015-2018-11-14-19-09-14+0800__CAM_BACK__1542194163687525.jpg", "samples/CAM_BACK_RIGHT/n015-2018-11-14-19-09-14+0800__CAM_BACK_RIGHT__1542194163677893.jpg"], "intrinsics": [[[1272.5979470598488, 0.0, 826.6154927353808], [0.0, 1272.5979470598488, 479.75165386361925], [0.0, 0.0, 1.0]], [[1266.417203046554, 0.0, 816.2670197447984], [0.0, 1266.417203046554, 491.50706579294757], [0.0, 0.0, 1.0]], [[1260.8474446004698, 0.0, 807.968244525554], [0.0, 1260.8474446004698, 495.3344268742088], [0.0, 0.0, 1.0]], [[1256.7414812095406, 0.0, 792.1125740759628], [0.0, 1256.7414812095406, 492.7757465151356], [0.0, 0.0, 1.0]], [[809.2209905677063, 0.0, 829.2196003259838], [0.0, 809.2209905677063, 481.77842384512485], [0.0, 0.0, 1.0]], [[1259.5137405846733, 0.0, 807.2529053838625], [0.0, 1259.5137405846733, 501.19579884916527], [0.0, 0.0, 1.0]]], "extrinsics": [[[0.8184241056442261, -0.5734806060791016, -0.036081861704587936, -0.8177490234375], [-0.07506032288074493, -0.044442396610975266, -0.9961881041526794, 1.494781494140625], [0.569691002368927, 0.8180127143859863, -0.0794183760881424, -1.1783447265625], [0.0, 0.0, 0.0, 1.0]], [[0.006269221659749746, -0.998831033706665, 0.047928277403116226, 0.00634765625], [-0.08012641221284866, -0.0482768677175045, -0.9956149458885193, 1.508758544921875], [0.9967649579048157, 0.002401365665718913, -0.08033541589975357, -1.54541015625], [0.0, 0.0, 0.0, 1.0]], [[-0.8308112621307373, -0.5509214401245117, 0.07898128777742386, 0.937255859375], [-0.07426521182060242, -0.030902719125151634, -0.9967595338821411, 1.4951629638671875], [0.5515770316123962, -0.8339847326278687, -0.015239972621202469, -1.1854248046875], [0.0, 0.0, 0.0, 1.0]], [[0.9448752999305725, 0.3173799514770508, -0.08050115406513214, -1.1396484375], [-0.06444986909627914, -0.06077126786112785, -0.9960687756538391, 1.5883636474609375], [-0.32102444767951965, 0.9463492035865784, -0.03696617856621742, -0.10443115234375], [0.0, 0.0, 0.0, 1.0]], [[0.000484588963445276, 0.9986931681632996, -0.05110614374279976, 0.002777099609375], [-0.09025169163942337, -0.0508539080619812, -0.9946197867393494, 1.5755157470703125], [-0.995918869972229, 0.005094410385936499, 0.09010909497737885, -0.04052734375], [0.0, 0.0, 0.0, 1.0]], [[-0.9334486722946167, 0.35628995299339294, 0.041606344282627106, 1.05859375], [-0.05812646076083183, -0.035781994462013245, -0.9976677894592285, 1.5466461181640625], [-0.3539701998233795, -0.933690071105957, 0.05411052703857422, -0.0927734375], [0.0, 0.0, 0.0, 1.0]]], "view": [[0.0, -2.0, 100.0], [-2.0, 0.0, 100.0], [0.0, 0.0, 1.0]], "bev": "bev_9a1a65cacf1547719fa3b4a8e9a8777d.png", "aux": "aux_9a1a65cacf1547719fa3b4a8e9a8777d.npz", "visibility": "visibility_9a1a65cacf1547719fa3b4a8e9a8777d.png", "pose": [[0.4472483992576599, -0.8944097757339478, 0.0, 770.5281372070312], [0.8944097757339478, 0.4472483992576599, 0.0, 2319.381591796875], [0.0, 0.0, 1.0, 0.0], [0.0, 0.0, 0.0, 1.0]], "pose_inverse": [[0.4472483992576599, 0.8944097757339478, 0.0, -2419.094970703125], [-0.8944097757339478, 0.4472483992576599, 0.0, -348.17181396484375], [0.0, 0.0, 1.0, 0.0], [0.0, 0.0, 0.0, 1.0]], "cam_ids": [0, 1, 2, 3, 4, 5], "cam_channels": ["CAM_FRONT_LEFT", "CAM_FRONT", "CAM_FRONT_RIGHT", "CAM_BACK_LEFT", "CAM_BACK", "CAM_BACK_RIGHT"], "token": "9a1a65cacf1547719fa3b4a8e9a8777d", "scene": "scene-1022"}, {"images": ["samples/CAM_FRONT_LEFT/n015-2018-11-14-19-09-14+0800__CAM_FRONT_LEFT__1542194164104844.jpg", "samples/CAM_FRONT/n015-2018-11-14-19-09-14+0800__CAM_FRONT__1542194164112460.jpg", "samples/CAM_FRONT_RIGHT/n015-2018-11-14-19-09-14+0800__CAM_FRONT_RIGHT__1542194164120339.jpg", "samples/CAM_BACK_LEFT/n015-2018-11-14-19-09-14+0800__CAM_BACK_LEFT__1542194164147423.jpg", "samples/CAM_BACK/n015-2018-11-14-19-09-14+0800__CAM_BACK__1542194164137525.jpg", "samples/CAM_BACK_RIGHT/n015-2018-11-14-19-09-14+0800__CAM_BACK_RIGHT__1542194164127893.jpg"], "intrinsics": [[[1272.5979470598488, 0.0, 826.6154927353808], [0.0, 1272.5979470598488, 479.75165386361925], [0.0, 0.0, 1.0]], [[1266.417203046554, 0.0, 816.2670197447984], [0.0, 1266.417203046554, 491.50706579294757], [0.0, 0.0, 1.0]], [[1260.8474446004698, 0.0, 807.968244525554], [0.0, 1260.8474446004698, 495.3344268742088], [0.0, 0.0, 1.0]], [[1256.7414812095406, 0.0, 792.1125740759628], [0.0, 1256.7414812095406, 492.7757465151356], [0.0, 0.0, 1.0]], [[809.2209905677063, 0.0, 829.2196003259838], [0.0, 809.2209905677063, 481.77842384512485], [0.0, 0.0, 1.0]], [[1259.5137405846733, 0.0, 807.2529053838625], [0.0, 1259.5137405846733, 501.19579884916527], [0.0, 0.0, 1.0]]], "extrinsics": [[[0.8194335699081421, -0.5724865198135376, -0.028065452352166176, -0.828857421875], [-0.07236260920763016, -0.05475534871220589, -0.9958742260932922, 1.4963226318359375], [0.5685878396034241, 0.8180837035179138, -0.0862949937582016, -1.1871337890625], [0.0, 0.0, 0.0, 1.0]], [[0.007592071313410997, -0.9982753396034241, 0.058211423456668854, 0.007080078125], [-0.07742862403392792, -0.058625198900699615, -0.9952727556228638, 1.5100250244140625], [0.9969690442085266, 0.003048988524824381, -0.07774017751216888, -1.55615234375], [0.0, 0.0, 0.0, 1.0]], [[-0.8303019404411316, -0.5511731505393982, 0.08250297605991364, 0.9443359375], [-0.07162827998399734, -0.04127100110054016, -0.9965771436691284, 1.496063232421875], [0.5526915788650513, -0.8333695530891418, -0.005212194286286831, -1.189208984375], [0.0, 0.0, 0.0, 1.0]], [[0.9447116255760193, 0.31759318709373474, -0.08157522231340408, -1.140625], [-0.062159232795238495, -0.07081304490566254, -0.9955509901046753, 1.5884857177734375], [-0.3219567835330963, 0.9455792307853699, -0.04715655744075775, -0.104248046875], [0.0, 0.0, 0.0, 1.0]], [[-0.00044538520160131156, 0.9981216192245483, -0.06126181036233902, 0.002593994140625], [-0.08780430257320404, -0.061064235866069794, -0.9942643642425537, 1.57586669921875], [-0.9961376190185547, 0.00493620103225112, 0.0876665711402893, -0.037841796875], [0.0, 0.0, 0.0, 1.0]], [[-0.9339573383331299, 0.3556063771247864, 0.03560555726289749, 1.063720703125], [-0.05556630343198776, -0.04607304930686951, -0.9973914623260498, 1.547149658203125], [-0.3530382812023163, -0.9334995746612549, 0.06278999894857407, -0.090576171875], [0.0, 0.0, 0.0, 1.0]]], "view": [[0.0, -2.0, 100.0], [-2.0, 0.0, 100.0], [0.0, 0.0, 1.0]], "bev": "bev_a4373cc2be2346328efb63d4855fb02c.png", "aux": "aux_a4373cc2be2346328efb63d4855fb02c.npz", "visibility": "visibility_a4373cc2be2346328efb63d4855fb02c.png", "pose": [[0.4331088364124298, -0.9013416171073914, 0.0, 771.3291015625], [0.9013416171073914, 0.4331088364124298, 0.0, 2320.993896484375], [0.0, 0.0, 1.0, 0.0], [0.0, 0.0, 0.0, 1.0]], "pose_inverse": [[0.4331088364124298, 0.9013416171073914, 0.0, -2426.077880859375], [-0.9013416171073914, 0.4331088364124298, 0.0, -310.01190185546875], [0.0, 0.0, 1.0, 0.0], [0.0, 0.0, 0.0, 1.0]], "cam_ids": [0, 1, 2, 3, 4, 5], "cam_channels": ["CAM_FRONT_LEFT", "CAM_FRONT", "CAM_FRONT_RIGHT", "CAM_BACK_LEFT", "CAM_BACK", "CAM_BACK_RIGHT"], "token": "a4373cc2be2346328efb63d4855fb02c", "scene": "scene-1022"}, {"images": ["samples/CAM_FRONT_LEFT/n015-2018-11-14-19-09-14+0800__CAM_FRONT_LEFT__1542194164604844.jpg", "samples/CAM_FRONT/n015-2018-11-14-19-09-14+0800__CAM_FRONT__1542194164612460.jpg", "samples/CAM_FRONT_RIGHT/n015-2018-11-14-19-09-14+0800__CAM_FRONT_RIGHT__1542194164620339.jpg", "samples/CAM_BACK_LEFT/n015-2018-11-14-19-09-14+0800__CAM_BACK_LEFT__1542194164647423.jpg", "samples/CAM_BACK/n015-2018-11-14-19-09-14+0800__CAM_BACK__1542194164637525.jpg", "samples/CAM_BACK_RIGHT/n015-2018-11-14-19-09-14+0800__CAM_BACK_RIGHT__1542194164627893.jpg"], "intrinsics": [[[1272.5979470598488, 0.0, 826.6154927353808], [0.0, 1272.5979470598488, 479.75165386361925], [0.0, 0.0, 1.0]], [[1266.417203046554, 0.0, 816.2670197447984], [0.0, 1266.417203046554, 491.50706579294757], [0.0, 0.0, 1.0]], [[1260.8474446004698, 0.0, 807.968244525554], [0.0, 1260.8474446004698, 495.3344268742088], [0.0, 0.0, 1.0]], [[1256.7414812095406, 0.0, 792.1125740759628], [0.0, 1256.7414812095406, 492.7757465151356], [0.0, 0.0, 1.0]], [[809.2209905677063, 0.0, 829.2196003259838], [0.0, 809.2209905677063, 481.77842384512485], [0.0, 0.0, 1.0]], [[1259.5137405846733, 0.0, 807.2529053838625], [0.0, 1259.5137405846733, 501.19579884916527], [0.0, 0.0, 1.0]]], "extrinsics": [[[0.8196998238563538, -0.5721231698989868, -0.02770221047103405, -0.8460693359375], [-0.06449764966964722, -0.04413600265979767, -0.996941328048706, 1.4988861083984375], [0.5691505074501038, 0.8189793825149536, -0.07307886332273483, -1.1973876953125], [0.0, 0.0, 0.0, 1.0]], [[0.007154830731451511, -0.9988355040550232, 0.047711800783872604, 0.005523681640625], [-0.06912166625261307, -0.048092905431985855, -0.9964483380317688, 1.512237548828125], [0.9975825548171997, 0.003831480862572789, -0.06938526779413223, -1.57275390625], [0.0, 0.0, 0.0, 1.0]], [[-0.8310128450393677, -0.5519066452980042, 0.06940196454524994, 0.9541015625], [-0.06284807622432709, -0.030809910967946053, -0.997547447681427, 1.49774169921875], [0.5526912808418274, -0.8333364725112915, -0.009082836098968983, -1.197509765625], [0.0, 0.0, 0.0, 1.0]], [[0.9455968141555786, 0.31803402304649353, -0.06856335699558258, -1.1416015625], [-0.05172310024499893, -0.06110691651701927, -0.9967901706695557, 1.588531494140625], [-0.3212028741836548, 0.9461079835891724, -0.04133280739188194, -0.10400390625], [0.0, 0.0, 0.0, 1.0]], [[0.0003369494806975126, 0.9986886978149414, -0.05119476467370987, 0.00299072265625], [-0.07801814377307892, -0.05101246386766434, -0.9956459999084473, 1.576629638671875], [-0.9969518184661865, 0.0043296958319842815, 0.07789865136146545, -0.032958984375], [0.0, 0.0, 0.0, 1.0]], [[-0.9342116117477417, 0.35540062189102173, 0.030641864985227585, 1.07275390625], [-0.046340469270944595, -0.03574124351143837, -0.9982861280441284, 1.5482635498046875], [-0.3536962866783142, -0.9340304732322693, 0.049859318882226944, -0.0882568359375], [0.0, 0.0, 0.0, 1.0]]], "view": [[0.0, -2.0, 100.0], [-2.0, 0.0, 100.0], [0.0, 0.0, 1.0]], "bev": "bev_5d6f148ef2534f0caae73c8626cab84b.png", "aux": "aux_5d6f148ef2534f0caae73c8626cab84b.npz", "visibility": "visibility_5d6f148ef2534f0caae73c8626cab84b.png", "pose": [[0.4226478338241577, -0.9062939882278442, 0.0, 772.0975341796875], [0.9062939882278442, 0.4226478338241577, 0.0, 2322.60986328125], [0.0, 0.0, 1.0, 0.0], [0.0, 0.0, 0.0, 1.0]], "pose_inverse": [[0.4226478338241577, 0.9062939882278442, 0.0, -2431.292724609375], [-0.9062939882278442, 0.4226478338241577, 0.0, -281.898681640625], [0.0, 0.0, 1.0, 0.0], [0.0, 0.0, 0.0, 1.0]], "cam_ids": [0, 1, 2, 3, 4, 5], "cam_channels": ["CAM_FRONT_LEFT", "CAM_FRONT", "CAM_FRONT_RIGHT", "CAM_BACK_LEFT", "CAM_BACK", "CAM_BACK_RIGHT"], "token": "5d6f148ef2534f0caae73c8626cab84b", "scene": "scene-1022"}, {"images": ["samples/CAM_FRONT_LEFT/n015-2018-11-14-19-09-14+0800__CAM_FRONT_LEFT__1542194165104844.jpg", "samples/CAM_FRONT/n015-2018-11-14-19-09-14+0800__CAM_FRONT__1542194165112460.jpg", "samples/CAM_FRONT_RIGHT/n015-2018-11-14-19-09-14+0800__CAM_FRONT_RIGHT__1542194165120339.jpg", "samples/CAM_BACK_LEFT/n015-2018-11-14-19-09-14+0800__CAM_BACK_LEFT__1542194165147423.jpg", "samples/CAM_BACK/n015-2018-11-14-19-09-14+0800__CAM_BACK__1542194165137525.jpg", "samples/CAM_BACK_RIGHT/n015-2018-11-14-19-09-14+0800__CAM_BACK_RIGHT__1542194165127893.jpg"], "intrinsics": [[[1272.5979470598488, 0.0, 826.6154927353808], [0.0, 1272.5979470598488, 479.75165386361925], [0.0, 0.0, 1.0]], [[1266.417203046554, 0.0, 816.2670197447984], [0.0, 1266.417203046554, 491.50706579294757], [0.0, 0.0, 1.0]], [[1260.8474446004698, 0.0, 807.968244525554], [0.0, 1260.8474446004698, 495.3344268742088], [0.0, 0.0, 1.0]], [[1256.7414812095406, 0.0, 792.1125740759628], [0.0, 1256.7414812095406, 492.7757465151356], [0.0, 0.0, 1.0]], [[809.2209905677063, 0.0, 829.2196003259838], [0.0, 809.2209905677063, 481.77842384512485], [0.0, 0.0, 1.0]], [[1259.5137405846733, 0.0, 807.2529053838625], [0.0, 1259.5137405846733, 501.19579884916527], [0.0, 0.0, 1.0]]], "extrinsics": [[[0.8208006620407104, -0.5712078809738159, -0.00282031437382102, -0.86083984375], [-0.032995011657476425, -0.042482078075408936, -0.9985522627830505, 1.5040740966796875], [0.5702611207962036, 0.8197053670883179, -0.05371632054448128, -1.2080078125], [0.0, 0.0, 0.0, 1.0]], [[0.006766104139387608, -0.9989020824432373, 0.04635430499911308, 0.005889892578125], [-0.03790832310914993, -0.04657826945185661, -0.9981950521469116, 1.5166091918945312], [0.9992583394050598, 0.004996682051569223, -0.038181859999895096, -1.588623046875], [0.0, 0.0, 0.0, 1.0]], [[-0.8321544528007507, -0.5528846979141235, 0.042865678668022156, 0.9658203125], [-0.031912911683321, -0.029425308108329773, -0.999057412147522, 1.5011062622070312], [0.5536249279975891, -0.8327380418777466, 0.0068422420881688595, -1.2042236328125], [0.0, 0.0, 0.0, 1.0]], [[0.9469878673553467, 0.3187749683856964, -0.03995558246970177, -1.142333984375], [-0.02192152477800846, -0.05996282398700714, -0.9979598522186279, 1.5885543823242188], [-0.3205204904079437, 0.9459317922592163, -0.04979603365063667, -0.10369873046875], [0.0, 0.0, 0.0, 1.0]], [[0.0009834719821810722, 0.9987514615058899, -0.04994554445147514, 0.00262451171875], [-0.04780001938343048, -0.04984152317047119, -0.9976126551628113, 1.5779876708984375], [-0.9988564848899841, 0.00336849270388484, 0.04769132286310196, -0.027099609375], [0.0, 0.0, 0.0, 1.0]], [[-0.9350915551185608, 0.35439804196357727, 0.0024335719645023346, 1.082763