[{"images": ["samples/CAM_FRONT_LEFT/n008-2018-09-18-12-53-31-0400__CAM_FRONT_LEFT__1537289851504799.jpg", "samples/CAM_FRONT/n008-2018-09-18-12-53-31-0400__CAM_FRONT__1537289851512404.jpg", "samples/CAM_FRONT_RIGHT/n008-2018-09-18-12-53-31-0400__CAM_FRONT_RIGHT__1537289851520482.jpg", "samples/CAM_BACK_LEFT/n008-2018-09-18-12-53-31-0400__CAM_BACK_LEFT__1537289851547405.jpg", "samples/CAM_BACK/n008-2018-09-18-12-53-31-0400__CAM_BACK__1537289851537558.jpg", "samples/CAM_BACK_RIGHT/n008-2018-09-18-12-53-31-0400__CAM_BACK_RIGHT__1537289851528113.jpg"], "intrinsics": [[[1257.8625342125129, 0.0, 827.2410631095686], [0.0, 1257.8625342125129, 450.915498205774], [0.0, 0.0, 1.0]], [[1252.8131021185304, 0.0, 826.588114781398], [0.0, 1252.8131021185304, 469.9846626224581], [0.0, 0.0, 1.0]], [[1256.7485116440405, 0.0, 817.7887570959712], [0.0, 1256.7485116440403, 451.9541780095127], [0.0, 0.0, 1.0]], [[1254.9860565800168, 0.0, 829.5769333630991], [0.0, 1254.9860565800168, 467.1680561863987], [0.0, 0.0, 1.0]], [[796.8910634503094, 0.0, 857.7774326863696], [0.0, 796.8910634503094, 476.8848988407415], [0.0, 0.0, 1.0]], [[1249.9629280788233, 0.0, 825.3768045375984], [0.0, 1249.9629280788233, 462.54816385708756], [0.0, 0.0, 1.0]]], "extrinsics": [[[0.8227133750915527, -0.5684306025505066, -0.005415293853729963, -0.71356201171875], [0.017482219263911247, 0.0348222553730011, -0.9992406368255615, 1.4943313598632812], [0.5681874752044678, 0.8219939470291138, 0.03858616203069687, -1.135986328125], [0.0, 0.0, 0.0, 1.0]], [[0.010649450123310089, -0.9994768500328064, -0.030538003891706467, 0.0111083984375], [0.019563140347599983, 0.030742142349481583, -0.9993358850479126, 1.4857826232910156], [0.9997519254684448, 0.010044969618320465, 0.019880294799804688, -1.443572998046875], [0.0, 0.0, 0.0, 1.0]], [[-0.8436402082443237, -0.535751223564148, -0.03523876518011093, 0.9002685546875], [0.027717983350157738, 0.02208603546023369, -0.9993717670440674, 1.4993133544921875], [0.5361929535865784, -0.8440870046615601, -0.003782724030315876, -1.154052734375], [0.0, 0.0, 0.0, 1.0]], [[0.947803258895874, 0.3185509145259857, 0.013945884071290493, -1.13299560546875], [0.00222509796731174, 0.03712838515639305, -0.9993080496788025, 1.5620613098144531], [-0.31884822249412537, 0.9471783638000488, 0.03448159247636795, -0.1600341796875], [0.0, 0.0, 0.0, 1.0]], [[0.008986331522464752, 0.9995177388191223, 0.029724832624197006, -0.0289306640625], [0.004457654897123575, 0.029685694724321365, -0.9995493292808533, 1.5684394836425781], [-0.9999496936798096, 0.009114767424762249, -0.004188739228993654, -0.046722412109375], [0.0, 0.0, 0.0, 1.0]], [[-0.923715353012085, 0.3830427825450897, -0.005308249499648809, 1.0067138671875], [0.008660259656608105, 0.007027137093245983, -0.9999377727508545, 1.5492429733276367], [-0.38298162817955017, -0.9237039089202881, -0.009808323346078396, -0.1058349609375], [0.0, 0.0, 0.0, 1.0]]], "view": [[0.0, -2.0, 100.0], [-2.0, 0.0, 100.0], [0.0, 0.0, 1.0]], "bev": "bev_4369d8fbe85e4eb492f5b21e50510417.png", "aux": "aux_4369d8fbe85e4eb492f5b21e50510417.npz", "visibility": "visibility_4369d8fbe85e4eb492f5b21e50510417.png", "pose": [[-0.7610501050949097, -0.6486930847167969, 0.0, 1348.008056640625], [0.6486930847167969, -0.7610501050949097, 0.0, 1010.9085083007812], [0.0, 0.0, 1.0, 0.0], [0.0, 0.0, 0.0, 1.0]], "pose_inverse": [[-0.7610501050949097, 0.6486930847167969, 0.0, 370.1323547363281], [-0.6486930847167969, -0.7610501050949097, 0.0, 1643.7955322265625], [0.0, 0.0, 1.0, 0.0], [0.0, 0.0, 0.0, 1.0]], "cam_ids": [0, 1, 2, 3, 4, 5], "cam_channels": ["CAM_FRONT_LEFT", "CAM_FRONT", "CAM_FRONT_RIGHT", "CAM_BACK_LEFT", "CAM_BACK", "CAM_BACK_RIGHT"], "token": "4369d8fbe85e4eb492f5b21e50510417", "scene": "scene-0463"}, {"images": ["samples/CAM_FRONT_LEFT/n008-2018-09-18-12-53-31-0400__CAM_FRONT_LEFT__1537289852004799.jpg", "samples/CAM_FRONT/n008-2018-09-18-12-53-31-0400__CAM_FRONT__1537289852012404.jpg", "samples/CAM_FRONT_RIGHT/n008-2018-09-18-12-53-31-0400__CAM_FRONT_RIGHT__1537289852020482.jpg", "samples/CAM_BACK_LEFT/n008-2018-09-18-12-53-31-0400__CAM_BACK_LEFT__1537289852047405.jpg", "samples/CAM_BACK/n008-2018-09-18-12-53-31-0400__CAM_BACK__1537289852037558.jpg", "samples/CAM_BACK_RIGHT/n008-2018-09-18-12-53-31-0400__CAM_BACK_RIGHT__1537289852028113.jpg"], "intrinsics": [[[1257.8625342125129, 0.0, 827.2410631095686], [0.0, 1257.8625342125129, 450.915498205774], [0.0, 0.0, 1.0]], [[1252.8131021185304, 0.0, 826.588114781398], [0.0, 1252.8131021185304, 469.9846626224581], [0.0, 0.0, 1.0]], [[1256.7485116440405, 0.0, 817.7887570959712], [0.0, 1256.7485116440403, 451.9541780095127], [0.0, 0.0, 1.0]], [[1254.9860565800168, 0.0, 829.5769333630991], [0.0, 1254.9860565800168, 467.1680561863987], [0.0, 0.0, 1.0]], [[796.8910634503094, 0.0, 857.7774326863696], [0.0, 796.8910634503094, 476.8848988407415], [0.0, 0.0, 1.0]], [[1249.9629280788233, 0.0, 825.3768045375984], [0.0, 1249.9629280788233, 462.54816385708756], [0.0, 0.0, 1.0]]], "extrinsics": [[[0.8228130340576172, -0.5683019757270813, -0.003394420025870204, -0.73974609375], [0.019360406324267387, 0.03399920091032982, -0.9992343187332153, 1.4943313598632812], [0.5679823756217957, 0.8221173286437988, 0.038977544754743576, -1.1556396484375], [0.0, 0.0, 0.0, 1.0]], [[0.011029631830751896, -0.999496579170227, -0.029748540371656418, 0.012451171875], [0.021371467038989067, 0.02997918426990509, -0.9993220567703247, 1.4856681823730469], [0.999710738658905, 0.010386384092271328, 0.02169136516749859, -1.471282958984375], [0.0, 0.0, 0.0, 1.0]], [[-0.8433095216751099, -0.5361984372138977, -0.036333274096250534, 0.92041015625], [0.029454799368977547, 0.021390730515122414, -0.9993371367454529, 1.4990081787109375], [0.5366203188896179, -0.8438208699226379, -0.002245388925075531, -1.164794921875], [0.0, 0.0, 0.0, 1.0]], [[0.9478031992912292, 0.31848058104515076, 0.015466105192899704, -1.13385009765625], [0.003935203887522221, 0.03681763634085655, -0.9993142485618591, 1.5620765686035156], [-0.31883159279823303, 0.9472141265869141, 0.033642590045928955, -0.1597900390625], [0.0, 0.0, 0.0, 1.0]], [[0.008738012984395027, 0.9995335936546326, 0.02926149219274521, -0.0296630859375], [0.006169486790895462, 0.029208162799477577, -0.9995542764663696, 1.5685195922851562], [-0.9999427795410156, 0.008914623409509659, -0.005911390762776136, -0.037261962890625], [0.0, 0.0, 0.0, 1.0]], [[-0.9238455891609192, 0.3826984763145447, -0.007162256166338921, 1.021636962890625], [0.010404244996607304, 0.006402414757758379, -0.9999253749847412, 1.549346923828125], [-0.38262394070625305, -0.9238511323928833, -0.009896531701087952, -0.09814453125], [0.0, 0.0, 0.0, 1.0]]], "view": [[0.0, -2.0, 100.0], [-2.0, 0.0, 100.0], [0.0, 0.0, 1.0]], "bev": "bev_8a06e007a8bb4ba090ea96a99f0fdc61.png", "aux": "aux_8a06e007a8bb4ba090ea96a99f0fdc61.npz", "visibility": "visibility_8a06e007a8bb4ba090ea96a99f0fdc61.png", "pose": [[-0.7611760497093201, -0.6485453248023987, 0.0, 1345.1522216796875], [0.6485453248023987, -0.7611760497093201, 0.0, 1013.3894653320312], [0.0, 0.0, 1.0, 0.0], [0.0, 0.0, 0.0, 1.0]], "pose_inverse": [[-0.7611760497093201, 0.6485453248023987, 0.0, 366.6686096191406], [-0.6485453248023987, -0.7611760497093201, 0.0, 1643.760009765625], [0.0, 0.0, 1.0, 0.0], [0.0, 0.0, 0.0, 1.0]], "cam_ids": [0, 1, 2, 3, 4, 5], "cam_channels": ["CAM_FRONT_LEFT", "CAM_FRONT", "CAM_FRONT_RIGHT", "CAM_BACK_LEFT", "CAM_BACK", "CAM_BACK_RIGHT"], "token": "8a06e007a8bb4ba090ea96a99f0fdc61", "scene": "scene-0463"}, {"images": ["samples/CAM_FRONT_LEFT/n008-2018-09-18-12-53-31-0400__CAM_FRONT_LEFT__1537289852504799.jpg", "samples/CAM_FRONT/n008-2018-09-18-12-53-31-0400__CAM_FRONT__1537289852512404.jpg", "samples/CAM_FRONT_RIGHT/n008-2018-09-18-12-53-31-0400__CAM_FRONT_RIGHT__1537289852520482.jpg", "samples/CAM_BACK_LEFT/n008-2018-09-18-12-53-31-0400__CAM_BACK_LEFT__1537289852547405.jpg", "samples/CAM_BACK/n008-2018-09-18-12-53-31-0400__CAM_BACK__1537289852537569.jpg", "samples/CAM_BACK_RIGHT/n008-2018-09-18-12-53-31-0400__CAM_BACK_RIGHT__1537289852528113.jpg"], "intrinsics": [[[1257.8625342125129, 0.0, 827.2410631095686], [0.0, 1257.8625342125129, 450.915498205774], [0.0, 0.0, 1.0]], [[1252.8131021185304, 0.0, 826.588114781398], [0.0, 1252.8131021185304, 469.9846626224581], [0.0, 0.0, 1.0]], [[1256.7485116440405, 0.0, 817.7887570959712], [0.0, 1256.7485116440403, 451.9541780095127], [0.0, 0.0, 1.0]], [[1254.9860565800168, 0.0, 829.5769333630991], [0.0, 1254.9860565800168, 467.1680561863987], [0.0, 0.0, 1.0]], [[796.8910634503094, 0.0, 857.7774326863696], [0.0, 796.8910634503094, 476.8848988407415], [0.0, 0.0, 1.0]], [[1249.9629280788233, 0.0, 825.3768045375984], [0.0, 1249.9629280788233, 462.54816385708756], [0.0, 0.0, 1.0]]], "extrinsics": [[[0.8224229216575623, -0.5688360333442688, -0.0067934500984847546, -0.755126953125], [0.01756400801241398, 0.037326592952013016, -0.9991487860679626, 1.4935073852539062], [0.5686053037643433, 0.821603536605835, 0.04068928584456444, -1.16357421875], [0.0, 0.0, 0.0, 1.0]], [[0.01026152353733778, -0.9993985891342163, -0.033124782145023346, 0.0101318359375], [0.019544944167137146, 0.03332065790891647, -0.9992536306381226, 1.4849700927734375], [0.9997563362121582, 0.009606449864804745, 0.01987510919570923, -1.485260009765625], [0.0, 0.0, 0.0, 1.0]], [[-0.8437816500663757, -0.5354399681091309, -0.036557286977767944, 0.92822265625], [0.027595624327659607, 0.02474130317568779, -0.9993129372596741, 1.4983787536621094], [0.5359765291213989, -0.8442107439041138, -0.006100459489971399, -1.17236328125], [0.0, 0.0, 0.0, 1.0]], [[0.9478428959846497, 0.3183872401714325, 0.014940133318305016, -1.1348876953125], [0.002272319747135043, 0.04012177139520645, -0.9991922378540039, 1.5620574951171875], [-0.3187295198440552, 0.9471112489700317, 0.03730566427111626, -0.1593017578125], [0.0, 0.0, 0.0, 1.0]], [[0.009100066497921944, 0.9994271993637085, 0.03259510546922684, -0.0286865234375], [0.004386579152196646, 0.03255624324083328, -0.9994602799415588, 1.5683784484863281], [-0.999949038028717, 0.009238069877028465, -0.004087804816663265, -0.0323486328125], [0.0, 0.0, 0.0, 1.0]], [[-0.9236424565315247, 0.3832322359085083, -0.0041839350014925, 1.029541015625], [0.008583379909396172, 0.009770561940968037, -0.9999154210090637, 1.5490131378173828], [-0.38315895199775696, -0.9236003160476685, -0.012313934974372387, -0.096923828125], [0.0, 0.0, 0.0, 1.0]]], "view": [[0.0, -2.0, 100.0], [-2.0, 0.0, 100.0], [0.0, 0.0, 1.0]], "bev": "bev_900cdd49231645678f77556ecb083743.png", "aux": "aux_900cdd49231645678f77556ecb083743.npz", "visibility": "visibility_900cdd49231645678f77556ecb083743.png", "pose": [[-0.7613328099250793, -0.6483612656593323, 0.0, 1342.486083984375], [0.6483612656593323, -0.7613328099250793, 0.0, 1015.7112426757812], [0.0, 0.0, 1.0, 0.0], [0.0, 0.0, 0.0, 1.0]], "pose_inverse": [[-0.7613328099250793, 0.6483612656593323, 0.0, 363.5308532714844], [-0.6483612656593323, -0.7613328099250793, 0.0, 1643.7103271484375], [0.0, 0.0, 1.0, 0.0], [0.0, 0.0, 0.0, 1.0]], "cam_ids": [0, 1, 2, 3, 4, 5], "cam_channels": ["CAM_FRONT_LEFT", "CAM_FRONT", "CAM_FRONT_RIGHT", "CAM_BACK_LEFT", "CAM_BACK", "CAM_BACK_RIGHT"], "token": "900cdd49231645678f77556ecb083743", "scene": "scene-0463"}, {"images": ["samples/CAM_FRONT_LEFT/n008-2018-09-18-12-53-31-0400__CAM_FRONT_LEFT__1537289853004799.jpg", "samples/CAM_FRONT/n008-2018-09-18-12-53-31-0400__CAM_FRONT__1537289853012404.jpg", "samples/CAM_FRONT_RIGHT/n008-2018-09-18-12-53-31-0400__CAM_FRONT_RIGHT__1537289853020482.jpg", "samples/CAM_BACK_LEFT/n008-2018-09-18-12-53-31-0400__CAM_BACK_LEFT__1537289853047405.jpg", "samples/CAM_BACK/n008-2018-09-18-12-53-31-0400__CAM_BACK__1537289853037558.jpg", "samples/CAM_BACK_RIGHT/n008-2018-09-18-12-53-31-0400__CAM_BACK_RIGHT__1537289853028113.jpg"], "intrinsics": [[[1257.8625342125129, 0.0, 827.2410631095686], [0.0, 1257.8625342125129, 450.915498205774], [0.0, 0.0, 1.0]], [[1252.8131021185304, 0.0, 826.588114781398], [0.0, 1252.8131021185304, 469.9846626224581], [0.0, 0.0, 1.0]], [[1256.7485116440405, 0.0, 817.7887570959712], [0.0, 1256.7485116440403, 451.9541780095127], [0.0, 0.0, 1.0]], [[1254.9860565800168, 0.0, 829.5769333630991], [0.0, 1254.9860565800168, 467.1680561863987], [0.0, 0.0, 1.0]], [[796.8910634503094, 0.0, 857.7774326863696], [0.0, 796.8910634503094, 476.8848988407415], [0.0, 0.0, 1.0]], [[1249.9629280788233, 0.0, 825.3768045375984], [0.0, 1249.9629280788233, 462.54816385708756], [0.0, 0.0, 1.0]]], "extrinsics": [[[0.8226972222328186, -0.5684486627578735, -0.005961133632808924, -0.782958984375], [0.01653209514915943, 0.03440539166331291, -0.9992712140083313, 1.4926528930664062], [0.5682395100593567, 0.8219990730285645, 0.03770286589860916, -1.1829833984375], [0.0, 0.0, 0.0, 1.0]], [[0.010631019249558449, -0.9994928240776062, -0.03001859411597252, 0.009765625], [0.01851511560380459, 0.030211901292204857, -0.9993720650672913, 1.4841880798339844], [0.9997720718383789, 0.010068506002426147, 0.018826907500624657, -1.51385498046875], [0.0, 0.0, 0.0, 1.0]], [[-0.8436546921730042, -0.5358136296272278, -0.0339173823595047, 0.947265625], [0.026565691456198692, 0.02143533155322075, -0.9994171857833862, 1.4975662231445312], [0.5362284183502197, -0.8440641760826111, -0.003849760163575411, -1.184814453125], [0.0, 0.0, 0.0, 1.0]], [[0.9478430151939392, 0.31847453117370605, 0.012943707406520844, -1.1365966796875], [0.0014238427393138409, 0.03637825697660446, -0.9993370771408081, 1.5620498657226562], [-0.3187342882156372, 0.9472331404685974, 0.03402741625905037, -0.15869140625], [0.0, 0.0, 0.0, 1.0]], [[0.00899411365389824, 0.9995406270027161, 0.028943022713065147, -0.0289306640625], [0.0034667113795876503, 0.028912849724292755, -0.9995759129524231, 1.5682754516601562], [-0.99995356798172, 0.00909064244478941, -0.0032050730660557747, -0.0228271484375], [0.0, 0.0, 0.0, 1.0]], [[-0.923734724521637, 0.38300567865371704, -0.004569478798657656, 1.04534912109375], [0.007555070333182812, 0.00629134476184845, -0.9999516606330872, 1.5487442016601562], [-0.38295838236808777, -0.9237245321273804, -0.008705168962478638, -0.090087890625], [0.0, 0.0, 0.0, 1.0]]], "view": [[0.0, -2.0, 100.0], [-2.0, 0.0, 100.0], [0.0, 0.0, 1.0]], "bev": "bev_9439de7643aa45d8b5b5a6b0c39d71f6.png", "aux": "aux_9439de7643aa45d8b5b5a6b0c39d71f6.npz", "visibility": "visibility_9439de7643aa45d8b5b5a6b0c39d71f6.png", "pose": [[-0.7625342011451721, -0.6469479203224182, 0.0, 1340.045166015625], [0.6469479203224182, -0.7625342011451721, 0.0, 1017.8214111328125], [0.0, 0.0, 1.0, 0.0], [0.0, 0.0, 0.0, 1.0]], "pose_inverse": [[-0.7625342011451721, 0.6469479203224182, 0.0, 363.3528137207031], [-0.6469479203224182, -0.7625342011451721, 0.0, 1643.0631103515625], [0.0, 0.0, 1.0, 0.0], [0.0, 0.0, 0.0, 1.0]], "cam_ids": [0, 1, 2, 3, 4, 5], "cam_channels": ["CAM_FRONT_LEFT", "CAM_FRONT", "CAM_FRONT_RIGHT", "CAM_BACK_LEFT", "CAM_BACK", "CAM_BACK_RIGHT"], "token": "9439de7643aa45d8b5b5a6b0c39d71f6", "scene": "scene-0463"}, {"images": ["samples/CAM_FRONT_LEFT/n008-2018-09-18-12-53-31-0400__CAM_FRONT_LEFT__1537289853504799.jpg", "samples/CAM_FRONT/n008-2018-09-18-12-53-31-0400__CAM_FRONT__1537289853512404.jpg", "samples/CAM_FRONT_RIGHT/n008-2018-09-18-12-53-31-0400__CAM_FRONT_RIGHT__1537289853520482.jpg", "samples/CAM_BACK_LEFT/n008-2018-09-18-12-53-31-0400__CAM_BACK_LEFT__1537289853547405.jpg", "samples/CAM_BACK/n008-2018-09-18-12-53-31-0400__CAM_BACK__1537289853537558.jpg", "samples/CAM_BACK_RIGHT/n008-2018-09-18-12-53-31-0400__CAM_BACK_RIGHT__1537289853528113.jpg"], "intrinsics": [[[1257.8625342125129, 0.0, 827.2410631095686], [0.0, 1257.8625342125129, 450.915498205774], [0.0, 0.0, 1.0]], [[1252.8131021185304, 0.0, 826.588114781398], [0.0, 1252.8131021185304, 469.9846626224581], [0.0, 0.0, 1.0]], [[1256.7485116440405, 0.0, 817.7887570959712], [0.0, 1256.7485116440403, 451.9541780095127], [0.0, 0.0, 1.0]], [[1254.9860565800168, 0.0, 829.5769333630991], [0.0, 1254.9860565800168, 467.1680561863987], [0.0, 0.0, 1.0]], [[796.8910634503094, 0.0, 857.7774326863696], [0.0, 796.8910634503094, 476.8848988407415], [0.0, 0.0, 1.0]], [[1249.9629280788233, 0.0, 825.3768045375984], [0.0, 1249.9629280788233, 462.54816385708756], [0.0, 0.0, 1.0]]], "extrinsics": [[[0.8225255012512207, -0.568715512752533, -0.003823857754468918, -0.8057861328125], [0.016711261123418808, 0.030888797715306282, -0.9993830919265747, 1.49224853515625], [0.5684828162193298, 0.8219542503356934, 0.03491077199578285, -1.1983642578125], [0.0, 0.0, 0.0, 1.0]], [[0.010331771336495876, -0.9995944499969482, -0.026538092643022537, 0.0091552734375], [0.018726296722888947, 0.026728274300694466, -0.9994673132896423, 1.4838333129882812], [0.999771237373352, 0.009829293005168438, 0.018994849175214767, -1.5361328125], [0.0, 0.0, 0.0, 1.0]], [[-0.8438110947608948, -0.5356693863868713, -0.03226689621806145, 0.96142578125], [0.026803385466337204, 0.01798327825963497, -0.9994789361953735, 1.4971733093261719], [0.5359706282615662, -0.8442363142967224, -0.0008167367777787149, -1.194091796875], [0.0, 0.0, 0.0, 1.0]], [[0.9478433132171631, 0.31851470470428467, 0.011892907321453094, -1.1351318359375], [0.001498680911026895, 0.03285863250494003, -0.999458909034729, 1.5620498657226562], [-0.3187331259250641, 0.9473482966423035, 0.030667483806610107, -0.1593017578125], [0.0, 0.0, 0.0, 1.0]], [[0.009105591103434563, 0.9996341466903687, 0.02547270432114601, -0.02880859375], [0.0035852971486747265, 0.025440959259867668, -0.9996699094772339, 1.5682754516601562], [-0.9999521374702454, 0.00919398944824934, -0.003352331230416894, -0.01776123046875], [0.0, 0.0, 0.0, 1.0]], [[-0.9236487746238708, 0.3831917345523834, -0.006075679324567318, 1.05615234375], [0.007760496810078621, 0.0028510570991784334, -0.9999657869338989, 1.5486845970153809], [-0.3831612467765808, -0.9236644506454468, -0.005607133731245995, -0.086181640625], [0.0, 0.0, 0.0, 1.0]]], "view": [[0.0, -2.0, 100.0], [-2.0, 0.0, 100.0], [0.0, 0.0, 1.0]], "bev": "bev_e4116caa0f424d57ba1428e3d6d49f19.png", "aux": "aux_e4116caa0f424d57ba1428e3d6d49f19.npz", "visibility": "visibility_e4116caa0f424d57ba1428e3d6d49f19.png", "pose": [[-0.7628346681594849, -0.6465936303138733, 0.0, 1337.8438720703125], [0.6465936303138733, -0.7628346681594849, 0.0, 1019.7220458984375], [0.0, 0.0, 1.0, 0.0], [0.0, 0.0, 0.0, 1.0]], "pose_inverse": [[-0.7628346681594849, 0.6465936303138733, 0.0, 361.2078857421875], [-0.6465936303138733, -0.7628346681594849, 0.0, 1642.920654296875], [0.0, 0.0, 1.0, 0.0], [0.0, 0.0, 0.0, 1.0]], "cam_ids": [0, 1, 2, 3, 4, 5], "cam_channels": ["CAM_FRONT_LEFT", "CAM_FRONT", "CAM_FRONT_RIGHT", "CAM_BACK_LEFT", "CAM_BACK", "CAM_BACK_RIGHT"], "token": "e4116caa0f424d57ba1428e3d6d49f19", "scene": "scene-0463"}, {"images": ["samples/CAM_FRONT_LEFT/n008-2018-09-18-12-53-31-0400__CAM_FRONT_LEFT__1537289854004799.jpg", "samples/CAM_FRONT/n008-2018-09-18-12-53-31-0400__CAM_FRONT__1537289854012404.jpg", "samples/CAM_FRONT_RIGHT/n008-2018-09-18-12-53-31-0400__CAM_FRONT_RIGHT__1537289854020482.jpg", "samples/CAM_BACK_LEFT/n008-2018-09-18-12-53-31-0400__CAM_BACK_LEFT__1537289854047405.jpg", "samples/CAM_BACK/n008-2018-09-18-12-53-31-0400__CAM_BACK__1537289854037558.jpg", "samples/CAM_BACK_RIGHT/n008-2018-09-18-12-53-31-0400__CAM_BACK_RIGHT__1537289854028113.jpg"], "intrinsics": [[[1257.8625342125129, 0.0, 827.2410631095686], [0.0, 1257.8625342125129, 450.915498205774], [0.0, 0.0, 1.0]], [[1252.8131021185304, 0.0, 826.588114781398], [0.0, 1252.8131021185304, 469.9846626224581], [0.0, 0.0, 1.0]], [[1256.7485116440405, 0.0, 817.7887570959712], [0.0, 1256.7485116440403, 451.9541780095127], [0.0, 0.0, 1.0]], [[1254.9860565800168, 0.0, 829.5769333630991], [0.0, 1254.9860565800168, 467.1680561863987], [0.0, 0.0, 1.0]], [[796.8910634503094, 0.0, 857.7774326863696], [0.0, 796.8910634503094, 476.8848988407415], [0.0, 0.0, 1.0]], [[1249.9629280788233, 0.0, 825.3768045375984], [0.0, 1249.9629280788233, 462.54816385708756], [0.0, 0.0, 1.0]]], "extrinsics": [[[0.8226038813591003, -0.5686110854148865, 0.002093893475830555, -0.8212890625], [0.019120322540402412, 0.023980433121323586, -0.9995295405387878, 1.4924774169921875], [0.5682933926582336, 0.822256863117218, 0.03059842251241207, -1.208984375], [0.0, 0.0, 0.0, 1.0]], [[0.010470028966665268, -0.9997538924217224, -0.01955491304397583, 0.0091552734375], [0.021067950874567032, 0.01977219432592392, -0.9995825290679932, 1.4840087890625], [0.9997232556343079, 0.010053642094135284, 0.02126978524029255, -1.550567626953125], [0.0, 0.0, 0.0, 1.0]], [[-0.8437228798866272, -0.5359154939651489, -0.030434872955083847, 0.9698486328125], [0.029080715030431747, 0.010979529470205307, -0.9995167851448059, 1.4972476959228516], [0.5359907746315002, -0.8442001938819885, 0.006321126129478216, -1.19921875], [0.0, 0.0, 0.0, 1.0]], [[0.9478124976158142, 0.3186080753803253, 0.011845135129988194, -1.13629150390625], [0.0038241941947489977, 0.025788703933358192, -0.999660074710846, 1.5620689392089844], [-0.3188052773475647, 0.9475356340408325, 0.02322443760931492, -0.1588134765625], [0.0, 0.0, 0.0, 1.0]], [[0.009041736833751202, 0.9997885227203369, 0.018467845395207405, -0.0286865234375], [0.005847131367772818, 0.01841542311012745, -0.9998133182525635, 1.568389892578125], [-0.9999420642852783, 0.009148074313998222, -0.005679389461874962, -0.013458251953125], [0.0, 0.0, 0.0, 1.0]], [[-0.9236384630203247, 0.38311049342155457, -0.01087982952594757, 1.06268310546875], [0.010047004558146, -0.0041747381910681725, -0.999940812587738, 1.5488781929016113], [-0.383133202791214, -0.923693060874939, 6.836358807049692e-06, -0.0831298828125], [0.0, 0.0, 0.0, 1.0]]], "view": [[0.0, -2.0, 100.0], [-2.0, 0.0, 100.0], [0.0, 0.0, 1.0]], "bev": "bev_485a399756c541829d00a98bd4355c1e.png", "aux": "aux_485a399756c541829d00a98bd4355c1e.npz", "visibility": "visibility_485a399756c541829d00a98bd4355c1e.png", "pose": [[-0.7631716728210449, -0.6461957693099976, 0.0, 1335.9625244140625], [0.6461957693099976, -0.7631716728210449, 0.0, 1021.3530883789062], [0.0, 0.0, 1.0, 0.0], [0.0, 0.0, 0.0, 1.0]], "pose_inverse": [[-0.7631716728210449, 0.6461957693099976, 0.0, 359.5746765136719], [-0.6461957693099976, -0.7631716728210449, 0.0, 1642.7611083984375], [0.0, 0.0, 1.0, 0.0], [0.0, 0.0, 0.0, 1.0]], "cam_ids": [0, 1, 2, 3, 4, 5], "cam_channels": ["CAM_FRONT_LEFT", "CAM_FRONT", "CAM_FRONT_RIGHT", "CAM_BACK_LEFT", "CAM_BACK", "CAM_BACK_RIGHT"], "token": "485a399756c541829d00a98bd4355c1e", "scene": "scene-0463"}, {"images": ["samples/CAM_FRONT_LEFT/n008-2018-09-18-12-53-31-0400__CAM_FRONT_LEFT__1537289854504799.jpg", "samples/CAM_FRONT/n008-2018-09-18-12-53-31-0400__CAM_FRONT__1537289854512404.jpg", "samples/CAM_FRONT_RIGHT/n008-2018-09-18-12-53-31-0400__CAM_FRONT_RIGHT__1537289854520482.jpg", "samples/CAM_BACK_LEFT/n008-2018-09-18-12-53-31-0400__CAM_BACK_LEFT__1537289854547405.jpg", "samples/CAM_BACK/n008-2018-09-18-12-53-31-0400__CAM_BACK__1537289854537558.jpg", "samples/CAM_BACK_RIGHT/n008-2018-09-18-12-53-31-0400__CAM_BACK_RIGHT__1537289854528113.jpg"], "intrinsics": [[[1257.8625342125129, 0.0, 827.2410631095686], [0.0, 1257.8625342125129, 450.915498205774], [0.0, 0.0, 1.0]], [[1252.8131021185304, 0.0, 826.588114781398], [0.0, 1252.8131021185304, 469.9846626224581], [0.0, 0.0, 1.0]], [[1256.7485116440405, 0.0, 817.7887570959712], [0.0, 1256.7485116440403, 451.9541780095127], [0.0, 0.0, 1.0]], [[1254.9860565800168, 0.0, 829.5769333630991], [0.0, 1254.9860565800168, 467.1680561863987], [0.0, 0.0, 1.0]], [[796.8910634503094, 0.0, 857.7774326863696], [0.0, 796.8910634503094, 476.8848988407415], [0.0, 0.0, 1.0]], [[1249.9629280788233, 0.0, 825.3768045375984], [0.0, 1249.9629280788233, 462.54816385708756], [0.0, 0.0, 1.0]]], "extrinsics": [[[0.8226982951164246, -0.5684424042701721, 0.006383087020367384, -0.85821533203125], [0.01986384205520153, 0.017523501068353653, -0.9996491074562073, 1.4917831420898438], [0.5681312084197998, 0.8225364685058594, 0.025708002969622612, -1.2342529296875], [0.0, 0.0, 0.0, 1.0]], [[0.010682056657969952, -0.9998574256896973, -0.01307130791246891, 0.0084228515625], [0.021805766969919205, 0.013301869854331017, -0.9996737837791443, 1.4833507537841797], [0.9997050762176514, 0.010393534786999226, 0.021944750100374222, -1.587646484375], [0.0, 0.0, 0.0, 1.0]], [[-0.8435786366462708, -0.5362972021102905, -0.027575189247727394, 0.9942626953125], [0.029814651235938072, 0.004496851470321417, -0.9995453357696533, 1.4964923858642578], [0.536177396774292, -0.8440172076225281, 0.012196066789329052, -1.2149658203125], [0.0, 0.0, 0.0, 1.0]], [[0.9477494359016418, 0.3188445270061493, 0.01045459508895874, -1.13427734375], [0.004534314386546612, 0.019304532557725906, -0.999803364276886, 1.5620841979980469], [-0.31898364424705505, 0.9476104378700256, 0.016850117594003677, -0.1597900390625], [0.0, 0.0, 0.0, 1.0]], [[0.00883395504206419, 0.9998895525932312, 0.011954923160374165, -0.029052734375], [0.00663504283875227, 0.011896515265107155, -0.9999071955680847, 1.5683746337890625], [-0.99993896484375, 0.008912472054362297, -0.0065292175859212875, -0.00439453125], [0.0, 0.0, 0.0, 1.0]], [[-0.923711359500885, 0.38283175230026245, -0.014045563526451588, 1.0814208984375], [0.010774999856948853, -0.01068604551255703, -0.999884843826294, 1.548741340637207], [-0.38293763995170593, -0.9237563014030457, 0.0057458109222352505, -0.0755615234375], [0.0, 0.0, 0.0, 1.0]]], "view": [[0.0, -2.0, 100.0], [-2.0, 0.0, 100.0], [0.0, 0.0, 1.0]], "bev": "bev_272e0e67d15240658e479b4e4ec1ddf1.png", "aux": "aux_272e0e67d15240658e479b4e4ec1ddf1.npz", "visibility": "visibility_272e0e67d15240658e479b4e4ec1ddf1.png", "pose": [[-0.7624650597572327, -0.6470293998718262, 0.0, 1334.30859375], [0.6470293998718262, -0.7624650597572327, 0.0, 1022.7827758789062], [0.0, 0.0, 1.0, 0.0], [0.0, 0.0, 0.0, 1.0]], "pose_inverse": [[-0.7624650597572327, 0.6470293998718262, 0.0, 355.59307861328125], [-0.6470293998718262, -0.7624650597572327, 0.0, 1643.1729736328125], [0.0, 0.0, 1.0, 0.0], [0.0, 0.0, 0.0, 1.0]], "cam_ids": [0, 1, 2, 3, 4, 5], "cam_channels": ["CAM_FRONT_LEFT", "CAM_FRONT", "CAM_FRONT_RIGHT", "CAM_BACK_LEFT", "CAM_BACK", "CAM_BACK_RIGHT"], "token": "272e0e67d15240658e479b4e4ec1ddf1", "scene": "scene-0463"}, {"images": ["samples/CAM_FRONT_LEFT/n008-2018-09-18-12-53-31-0400__CAM_FRONT_LEFT__1537289855004799.jpg", "samples/CAM_FRONT/n008-2018-09-18-12-53-31-0400__CAM_FRONT__1537289855012404.jpg", "samples/CAM_FRONT_RIGHT/n008-2018-09-18-12-53-31-0400__CAM_FRONT_RIGHT__1537289855020482.jpg", "samples/CAM_BACK_LEFT/n008-2018-09-18-12-53-31-0400__CAM_BACK_LEFT__1537289855047405.jpg", "samples/CAM_BACK/n008-2018-09-18-12-53-31-0400__CAM_BACK__1537289855037558.jpg", "samples/CAM_BACK_RIGHT/n008-2018-09-18-12-53-31-0400__CAM_BACK_RIGHT__1537289855028113.jpg"], "intrinsics": [[[1257.8625342125129, 0.0, 827.2410631095686], [0.0, 1257.8625342125129, 450.915498205774], [0.0, 0.0, 1.0]], [[1252.8131021185304, 0.0, 826.588114781398], [0.0, 1252.8131021185304, 469.9846626224581], [0.0, 0.0, 1.0]], [[1256.7485116440405, 0.0, 817.7887570959712], [0.0, 1256.7485116440403, 451.9541780095127], [0.0, 0.0, 1.0]], [[1254.9860565800168, 0.0, 829.5769333630991], [0.0, 1254.9860565800168, 467.1680561863987], [0.0, 0.0, 1.0]], [[796.8910634503094, 0.0, 857.7774326863696], [0.0, 796.8910634503094, 476.8848988407415], [0.0, 0.0, 1.0]], [[1249.9629280788233, 0.0, 825.3768045375984], [0.0, 1249.9629280788233, 462.54816385708756], [0.0, 0.0, 1.0]]], "extrinsics": [[[0.8224777579307556, -0.5687257051467896, 0.009031590074300766, -0.86712646484375], [0.022102102637290955, 0.016089078038930893, -0.9996262788772583, 1.4919700622558594], [0.5683678388595581, 0.8223699331283569, 0.025802940130233765, -1.2391357421875], [0.0, 0.0, 0.0, 1.0]], [[0.01036815345287323, -0.9998776912689209, -0.011709100566804409, 0.007568359375], [0.02411584183573723, 0.011956356465816498, -0.9996376633644104, 1.4834918975830078], [0.9996553659439087, 0.010081984102725983, 0.024236854165792465, -1.5965576171875], [0.0, 0.0, 0.0, 1.0]], [[-0.8436841368675232, -0.5360605716705322, -0.02891496568918228, 1.0], [0.032191820442676544, 0.0032460789661854506, -0.9994763731956482, 1.496530532836914], [0.5358737707138062, -0.84417325258255, 0.014518099837005138, -1.2198486328125], [0.0, 0.0, 0.0, 1.0]], [[0.9477831125259399, 0.3186788260936737, 0.01229491550475359, -1.1390380859375], [0.006823879200965166, 0.018278656527400017, -0.9998096823692322, 1.5620765686035156], [-0.3188428580760956, 0.947686493396759, 0.015149575658142567, -0.1578369140625], [0.0, 0.0, 0.0, 1.0]], [[0.009045467711985111, 0.9998995661735535, 0.010911556892096996, -0.0284423828125], [0.008962919935584068, 0.010830491781234741, -0.9999011754989624, 1.5684432983398438], [-0.9999189376831055, 0.00914238952100277, -0.008864052593708038, 0.00177001953125], [0.0, 0.0, 0.0, 1.0]], [[-0.9235661029815674, 0.3830765187740326, -0.01667577028274536, 1.088134765625], [0.013149145059287548, -0.011822856031358242, -0.9998436570167542, 1.5488452911376953], [-0.3832137882709503, -0.9236409664154053, 0.0058820610865950584, -0.0736083984375], [0.0, 0.0, 0.0, 1.0]]], "view": [[0.0, -2.0, 100.0], [-2.0, 0.0, 100.0], [0.0, 0.0, 1.0]], "bev": "bev_d78ab169fca74f2ba148eddc34fdfd32.png", "aux": "aux_d78ab169fca74f2ba148eddc34fdfd32.npz", "visibility": "visibility_d78ab169fca74f2ba148eddc34fdfd32.png", "pose": [[-0.7620005011558533, -0.6475764513015747, 0.0, 1332.8065185546875], [0.6475764513015747, -0.7620005011558533, 0.0, 1024.07421875], [0.0, 0.0, 1.0, 0.0], [0.0, 0.0, 0.0, 1.0]], "pose_inverse": [[-0.7620005011558533, 0.6475764513015747, 0.0, 352.432861328125], [-0.6475764513015747, -0.7620005011558533, 0.0, 1643.439208984375], [0.0, 0.0, 1.0, 0.0], [0.0, 0.0, 0.0, 1.0]], "cam_ids": [0, 1, 2, 3, 4, 5], "cam_channels": ["CAM_FRONT_LEFT", "CAM_FRONT", "CAM_FRONT_RIGHT", "CAM_BACK_LEFT", "CAM_BACK", "CAM_BACK_RIGHT"], "token": "d78ab169fca74f2ba148eddc34fdfd32", "scene": "scene-0463"}, {"images": ["samples/CAM_FRONT_LEFT/n008-2018-09-18-12-53-31-0400__CAM_FRONT_LEFT__1537289855504799.jpg", "samples/CAM_FRONT/n008-2018-09-18-12-53-31-0400__CAM_FRONT__1537289855512404.jpg", "samples/CAM_FRONT_RIGHT/n008-2018-09-18-12-53-31-0400__CAM_FRONT_RIGHT__1537289855520482.jpg", "samples/CAM_BACK_LEFT/n008-2018-09-18-12-53-31-0400__CAM_BACK_LEFT__1537289855547405.jpg", "samples/CAM_BACK/n008-2018-09-18-12-53-31-0400__CAM_BACK__1537289855537558.jpg", "samples/CAM_BACK_RIGHT/n008-2018-09-18-12-53-31-0400__CAM_BACK_RIGHT__1537289855528113.jpg"], "intrinsics": [[[1257.8625342125129, 0.0, 827.2410631095686], [0.0, 1257.8625342125129, 450.915498205774], [0.0, 0.0, 1.0]], [[1252.8131021185304, 0.0, 826.588114781398], [0.0, 1252.8131021185304, 469.9846626224581], [0.0, 0.0, 1.0]], [[1256.7485116440405, 0.0, 817.7887570959712], [0.0, 1256.7485116440403, 451.9541780095127], [0.0, 0.0, 1.0]], [[1254.9860565800168, 0.0, 829.5769333630991], [0.0, 1254.9860565800168, 467.1680561863987], [0.0, 0.0, 1.0]], [[796.8910634503094, 0.0, 857.7774326863696], [0.0, 796.8910634503094, 476.8848988407415], [0.0, 0.0, 1.0]], [[1249.9629280788233, 0.0, 825.3768045375984], [0.0, 1249.9629280788233, 462.54816385708756], [0.0, 0.0, 1.0]]], "extrinsics": [[[0.8226693868637085, -0.5684261918067932, 0.010332264937460423, -0.8817138671875], [0.02268306165933609, 0.014658303931355476, -0.9996352195739746, 1.4916343688964844], [0.5680674314498901, 0.8226036429405212, 0.024952584877610207, -1.250732421875], [0.0, 0.0, 0.0, 1.0]], [[0.01071370393037796, -0.9998898506164551, -0.010272983461618423, 0.0084228515625], [0.024670811370015144, 0.010534761473536491, -0.999640166759491, 1.483175277709961], [0.9996381402015686, 0.010456319898366928, 0.024780958890914917, -1.61181640625], [0.0, 0.0, 0.0, 1.0]], [[-0.8434938788414001, -0.5363766551017761, -0.028604740276932716, 1.0108642578125], [0.03272804617881775, 0.0018335300264880061, -0.9994626045227051, 1.4961986541748047], [0.5361408591270447, -0.8439767360687256, 0.016007989645004272, -1.22509765625], [0.0, 0.0, 0.0, 1.0]], [[0.947771430015564, 0.3186994194984436, 0.012650071643292904, -1.14007568359375], [0.007668535225093365, 0.01688072830438614, -0.9998281002044678, 1.5620746612548828], [-0.31885820627212524, 0.9477055072784424, 0.013555113226175308, -0.1573486328125], [0.0, 0.0, 0.0, 1.0]], [[0.008911652490496635, 0.9999152421951294, 0.00948678981512785, -0.029052734375], [0.0096776457503438, 0.00940047949552536, -0.9999089241027832, 1.5684185028076172], [-0.9999135136604309, 0.00900267343968153, -0.00959305465221405, 0.006683349609375], [0.0, 0.0, 0.0, 1.0]], [[-0.9236465096473694, 0.38283300399780273, -0.017774246633052826, 1.095977783203125], [0.013743113726377487, -0.013262251392006874, -0.9998176097869873, 1.5487823486328125], [-0.38299885392189026, -0.9237223267555237, 0.0069883158430457115, -0.0693359375], [0.0, 0.0, 0.0, 1.0]]], "view": [[0.0, -2.0, 100.0], [-2.0, 0.0, 100.0], [0.0, 0.0, 1.0]], "bev": "bev_271a977e8d4c4698ba38ae9040269637.png", "aux": "aux_271a977e8d4c4698ba38ae9040269637.npz", "visibility": "visibility_271a977e8d4c4698ba38ae9040269637.png", "pose": [[-0.7617891430854797, -0.6478250622749329, 0.0, 1331.4951171875], [0.6478250622749329, -0.7617891430854797, 0.0, 1025.2052001953125], [0.0, 0.0, 1.0, 0.0], [0.0, 0.0, 0.0, 1.0]], "pose_inverse": [[-0.7617891430854797, 0.6478250622749329, 0.0, 350.1649475097656], [-0.6478250622749329, -0.7617891430854797, 0.0, 1643.5660400390625], [0.0, 0.0, 1.0, 0.0], [0.0, 0.0, 0.0, 1.0]], "cam_ids": [0, 1, 2, 3, 4, 5], "cam_channels": ["CAM_FRONT_LEFT", "CAM_FRONT", "CAM_FRONT_RIGHT", "CAM_BACK_LEFT", "CAM_BACK", "CAM_BACK_RIGHT"], "token": "271a977e8d4c4698ba38ae9040269637", "scene": "scene-0463"}, {"images": ["samples/CAM_FRONT_LEFT/n008-2018-09-18-12-53-31-0400__CAM_FRONT_LEFT__1537289856004799.jpg", "samples/CAM_FRONT/n008-2018-09-18-12-53-31-0400__CAM_FRONT__1537289856012404.jpg", "samples/CAM_FRONT_RIGHT/n008-2018-09-18-12-53-31-0400__CAM_FRONT_RIGHT__1537289856020482.jpg", "samples/CAM_BACK_LEFT/n008-2018-09-18-12-53-31-0400__CAM_BACK_LEFT__1537289856047405.jpg", "samples/CAM_BACK/n008-2018-09-18-12-53-31-0400__CAM_BACK__1537289856037558.jpg", "samples/CAM_BACK_RIGHT/n008-2018-09-18-12-53-31-0400__CAM_BACK_RIGHT__1537289856028113.jpg"], "intrinsics": [[[1257.8625342125129, 0.0, 827.2410631095686], [0.0, 1257.8625342125129, 450.915498205774], [0.0, 0.0, 1.0]], [[1252.8131021185304, 0.0, 826.588114781398], [0.0, 1252.8131021185304, 469.9846626224581], [0.0, 0.0, 1.0]], [[1256.7485116440405, 0.0, 817.7887570959712], [0.0, 1256.7485116440403, 451.9541780095127], [0.0, 0.0, 1.0]], [[1254.9860565800168, 0.0, 829.5769333630991], [0.0, 1254.9860565800168, 467.1680561863987], [0.0, 0.0, 1.0]], [[796.8910634503094, 0.0, 857.7774326863696], [0.0, 796.8910634503094, 476.8848988407415], [0.0, 0.0, 1.0]], [[1249.9629280788233, 0.0, 825.3768045375984], [0.0, 1249.9629280788233, 462.54816385708756], [0.0, 0.0, 1.0]]], "extrinsics": [[[0.822569727897644, -0.5685571432113647, 0.011036262847483158, -0.87640380859375], [0.024894997477531433, 0.01661495864391327, -0.9995519518852234, 1.4921722412109375], [0.5681191086769104, 0.8224760293960571, 0.027821190655231476, -1.2451171875], [0.0, 0.0, 0.0, 1.0]], [[0.010640732944011688, -0.9998685121536255, -0.012237107381224632, 0.00732421875], [0.02688504010438919, 0.012519448064267635, -0.9995601773262024, 1.4836139678955078], [0.9995818734169006, 0.010307068936526775, 0.0270147193223238, -1.6063232421875], [0.0, 0.0, 0.0, 1.0]], [[-0.8434592485427856, -0.5362656116485596, -0.031555209308862686, 1.0069580078125], [0.03494158759713173, 0.0038486472330987453, -0.999381959438324, 1.4965457916259766], [0.5360555648803711, -0.84404057264328, 0.015491793863475323, -1.2237548828125], [0.0, 0.0, 0.0, 1.0]], [[0.947729766368866, 0.31870949268341064, 0.015245901420712471, -1.14013671875], [0.009703213348984718, 0.018971549347043037, -0.9997729659080505, 1.5620803833007812], [-0.31892645359039307, 0.9476625323295593, 0.014887397177517414, -0.1572265625], [0.0, 0.0, 0.0, 1.0]], [[0.008891540579497814, 0.9998931288719177, 0.011600740253925323, -0.028564453125], [0.011751306243240833, 0.011495912447571754, -0.9998648762702942, 1.5685157775878906], [-0.999891459941864, 0.00902656652033329, -0.011647838167846203, 0.0057373046875], [0.0, 0.0, 0.0, 1.0]], [[-0.9235939383506775, 0.38290196657180786, -0.0189819298684597, 1.09375], [0.015899058431386948, -0.011214520782232285, -0.9998106956481934, 1.548966407775879], [-0.3830423355102539, -0.9237208366394043, 0.004269882570952177, -0.071044921875], [0.0, 0.0, 0.0, 1.0]]], "view": [[0.0, -2.0, 100.0], [-2.0, 0.0, 100.0], [0.0, 0.0, 1.0]], "bev": "bev_a922af439f144212a84992900bcf70f8.png", "aux": "aux_a922af439f144212a84992900bcf70f8.npz", "visibility": "visibility_a922af439f144212a84992900bcf70f8.png", "pose": [[-0.7604537606239319, -0.6493920683860779, 0.0, 1330.168212890625], [0.6493920683860779, -0.7604537606239319, 0.0, 1026.3519287109375], [0.0, 0.0, 1.0, 0.0], [0.0, 0.0, 0.0, 1.0]], "pose_inverse": [[-0.7604537606239319, 0.6493920683860779, 0.0, 345.0266418457031], [-0.6493920683860779, -0.7604537606239319, 0.0, 1644.2938232421875], [0.0, 0.0, 1.0, 0.0], [0.0, 0.0, 0.0, 1.0]], "cam_ids": [0, 1, 2, 3, 4, 5], "cam_channels": ["CAM_FRONT_LEFT", "CAM_FRONT", "CAM_FRONT_RIGHT", "CAM_BACK_LEFT", "CAM_BACK", "CAM_BACK_RIGHT"], "token": "a922af439f144212a84992900bcf70f8", "scene": "scene-0463"}, {"images": ["samples/CAM_FRONT_LEFT/n008-2018-09-18-12-53-31-0400__CAM_FRONT_LEFT__1537289856504799.jpg", "samples/CAM_FRONT/n008-2018-09-18-12-53-31-0400__CAM_FRONT__1537289856512412.jpg", "samples/CAM_FRONT_RIGHT/n008-2018-09-18-12-53-31-0400__CAM_FRONT_RIGHT__1537289856520482.jpg", "samples/CAM_BACK_LEFT/n008-2018-09-18-12-53-31-0400__CAM_BACK_LEFT__1537289856547405.jpg", "samples/CAM_BACK/n008-2018-09-18-12-53-31-0400__CAM_BACK__1537289856537558.jpg", "samples/CAM_BACK_RIGHT/n008-2018-09-18-12-53-31-0400__CAM_BACK_RIGHT__1537289856528113.jpg"], "intrinsics": [[[1257.8625342125129, 0.0, 827.2410631095686], [0.0, 1257.8625342125129, 450.915498205774], [0.0, 0.0, 1.0]], [[1252.8131021185304, 0.0, 826.588114781398], [0.0, 1252.8131021185304, 469.9846626224581], [0.0, 0.0, 1.0]], [[1256.7485116440405, 0.0, 817.7887570959712], [0.0, 1256.7485116440403, 451.9541780095127], [0.0, 0.0, 1.0]], [[1254.9860565800168, 0.0, 829.5769333630991], [0.0, 1254.9860565800168, 467.1680561863987], [0.0, 0.0, 1.0]], [[796.8910634503094, 0.0, 857.7774326863696], [0.0, 796.8910634503094, 476.8848988407415], [0.0, 0.0, 1.0]], [[1249.9629280788233, 0.0, 825.3768045375984], [0.0, 1249.9629280788233, 462.54816385708756], [0.0, 0.0, 1.0]]], "extrinsics": [[[0.8227015137672424, -0.5683243274688721, 0.01302704494446516, -0.87493896484375], [0.026762988418340683, 0.0158311128616333, -0.9995164275169373, 1.4924697875976562], [0.5678433179855347, 0.8226523399353027, 0.028234336525201797, -1.2454833984375], [0.0, 0.0, 0.0, 1.0]], [[0.010886899195611477, -0.9998754858970642, -0.01142401434481144, 0.008056640625], [0.028704842552542686, 0.011732486076653004, -0.9995191097259521, 1.483896255493164], [0.9995286464691162, 0.010553712025284767, 0.028829000890254974, -1.604400634765625], [0.0, 0.0, 0.0, 1.0]], [[-0.84330815076828, -0.5364392995834351, -0.03262532129883766, 1.0048828125], [0.03671504557132721, 0.003059200942516327, -0.9993210434913635, 1.496816635131836], [0.5361748933792114, -0.8439333438873291, 0.017115546390414238, -1.22216796875], [0.0, 0.0, 0.0, 1.0]], [[0.9477005004882812, 0.3187289237976074, 0.016606634482741356, -1.142822265625], [0.011402230709791183, 0.018187586218118668, -0.9997696280479431, 1.5620536804199219], [-0.31895750761032104, 0.9476714134216309, 0.013602162711322308, -0.1566162109375], [0.0, 0.0, 0.0, 1.0]], [[0.008801043964922428, 0.9999026656150818, 0.010822487995028496, -0.02880859375], [0.013477020896971226, 0.01070331409573555, -0.9998518824577332, 1.5685749053955078], [-0.9998704195022583, 0.008945673704147339, -0.013381510972976685, 0.006042480468