[{"images": ["samples/CAM_FRONT_LEFT/n008-2018-08-28-13-40-50-0400__CAM_FRONT_LEFT__1535478877104799.jpg", "samples/CAM_FRONT/n008-2018-08-28-13-40-50-0400__CAM_FRONT__1535478877112404.jpg", "samples/CAM_FRONT_RIGHT/n008-2018-08-28-13-40-50-0400__CAM_FRONT_RIGHT__1535478877120482.jpg", "samples/CAM_BACK_LEFT/n008-2018-08-28-13-40-50-0400__CAM_BACK_LEFT__1535478877147405.jpg", "samples/CAM_BACK/n008-2018-08-28-13-40-50-0400__CAM_BACK__1535478877137558.jpg", "samples/CAM_BACK_RIGHT/n008-2018-08-28-13-40-50-0400__CAM_BACK_RIGHT__1535478877128113.jpg"], "intrinsics": [[[1257.8625342125129, 0.0, 827.2410631095686], [0.0, 1257.8625342125129, 450.915498205774], [0.0, 0.0, 1.0]], [[1252.8131021185304, 0.0, 826.588114781398], [0.0, 1252.8131021185304, 469.9846626224581], [0.0, 0.0, 1.0]], [[1256.7485116440405, 0.0, 817.7887570959712], [0.0, 1256.7485116440403, 451.9541780095127], [0.0, 0.0, 1.0]], [[1254.9860565800168, 0.0, 829.5769333630991], [0.0, 1254.9860565800168, 467.1680561863987], [0.0, 0.0, 1.0]], [[796.8910634503094, 0.0, 857.7774326863696], [0.0, 796.8910634503094, 476.8848988407415], [0.0, 0.0, 1.0]], [[1249.9629280788233, 0.0, 825.3768045375984], [0.0, 1249.9629280788233, 462.54816385708756], [0.0, 0.0, 1.0]]], "extrinsics": [[[0.8225415349006653, -0.5685459971427917, 0.013450415804982185, -0.6776123046875], [0.009950621984899044, -0.009259361773729324, -0.9999076128005981, 1.492258071899414], [0.5686179995536804, 0.822599470615387, -0.0019588246941566467, -1.108154296875], [0.0, 0.0, 0.0, 1.0]], [[0.01037357747554779, -0.999854564666748, 0.013536836951971054, 0.009765625], [0.011978119611740112, -0.013412345200777054, -0.9998383522033691, 1.4841423034667969], [0.9998744130134583, 0.010534045286476612, 0.011837243102490902, -1.40380859375], [0.0, 0.0, 0.0, 1.0]], [[-0.8438271880149841, -0.5365912318229675, -0.005061346106231213, 0.87158203125], [0.02007247321307659, -0.022137170657515526, -0.9995534420013428, 1.4983139038085938], [0.5362396240234375, -0.8435519337654114, 0.029450658708810806, -1.13714599609375], [0.0, 0.0, 0.0, 1.0]], [[0.9478697776794434, 0.3185756802558899, -0.0072364965453743935, -1.124267578125], [-0.005321457050740719, -0.006881172303110361, -0.9999621510505676, 1.5619335174560547], [-0.3186134099960327, 0.9478724598884583, -0.004827168770134449, -0.16293716430664062], [0.0, 0.0, 0.0, 1.0]], [[0.009042090736329556, 0.9998539090156555, -0.01450411044061184, -0.0284423828125], [-0.003210977651178837, -0.014475596137344837, -0.9998900294303894, 1.567718505859375], [-0.9999539852142334, 0.009087671525776386, 0.0030796185601502657, -0.064453125], [0.0, 0.0, 0.0, 1.0]], [[-0.9238095879554749, 0.3825514018535614, -0.015174435451626778, 0.98193359375], [0.0010073555167764425, -0.03720628470182419, -0.9993070960044861, 1.5480403900146484], [-0.38285091519355774, -0.9231848120689392, 0.033986158668994904, -0.11669921875], [0.0, 0.0, 0.0, 1.0]]], "view": [[0.0, -2.0, 100.0], [-2.0, 0.0, 100.0], [0.0, 0.0, 1.0]], "bev": "bev_c1b9b21f003240bd99d133166d622e42.png", "aux": "aux_c1b9b21f003240bd99d133166d622e42.npz", "visibility": "visibility_c1b9b21f003240bd99d133166d622e42.png", "pose": [[0.9993270635604858, -0.0366804264485836, 0.0, 2447.01708984375], [0.0366804264485836, 0.9993270635604858, 0.0, 881.3114624023438], [0.0, 0.0, 1.0, 0.0], [0.0, 0.0, 0.0, 1.0]], "pose_inverse": [[0.9993270635604858, 0.0366804264485836, 0.0, -2477.697265625], [-0.0366804264485836, 0.9993270635604858, 0.0, -790.9607543945312], [0.0, 0.0, 1.0, 0.0], [0.0, 0.0, 0.0, 1.0]], "cam_ids": [0, 1, 2, 3, 4, 5], "cam_channels": ["CAM_FRONT_LEFT", "CAM_FRONT", "CAM_FRONT_RIGHT", "CAM_BACK_LEFT", "CAM_BACK", "CAM_BACK_RIGHT"], "token": "c1b9b21f003240bd99d133166d622e42", "scene": "scene-0512"}, {"images": ["samples/CAM_FRONT_LEFT/n008-2018-08-28-13-40-50-0400__CAM_FRONT_LEFT__1535478877604799.jpg", "samples/CAM_FRONT/n008-2018-08-28-13-40-50-0400__CAM_FRONT__1535478877612404.jpg", "samples/CAM_FRONT_RIGHT/n008-2018-08-28-13-40-50-0400__CAM_FRONT_RIGHT__1535478877620482.jpg", "samples/CAM_BACK_LEFT/n008-2018-08-28-13-40-50-0400__CAM_BACK_LEFT__1535478877647405.jpg", "samples/CAM_BACK/n008-2018-08-28-13-40-50-0400__CAM_BACK__1535478877637558.jpg", "samples/CAM_BACK_RIGHT/n008-2018-08-28-13-40-50-0400__CAM_BACK_RIGHT__1535478877628113.jpg"], "intrinsics": [[[1257.8625342125129, 0.0, 827.2410631095686], [0.0, 1257.8625342125129, 450.915498205774], [0.0, 0.0, 1.0]], [[1252.8131021185304, 0.0, 826.588114781398], [0.0, 1252.8131021185304, 469.9846626224581], [0.0, 0.0, 1.0]], [[1256.7485116440405, 0.0, 817.7887570959712], [0.0, 1256.7485116440403, 451.9541780095127], [0.0, 0.0, 1.0]], [[1254.9860565800168, 0.0, 829.5769333630991], [0.0, 1254.9860565800168, 467.1680561863987], [0.0, 0.0, 1.0]], [[796.8910634503094, 0.0, 857.7774326863696], [0.0, 796.8910634503094, 476.8848988407415], [0.0, 0.0, 1.0]], [[1249.9629280788233, 0.0, 825.3768045375984], [0.0, 1249.9629280788233, 462.54816385708756], [0.0, 0.0, 1.0]]], "extrinsics": [[[0.8226857781410217, -0.5683587193489075, 0.01251458004117012, -0.692138671875], [0.0075389002449810505, -0.011104443110525608, -0.9999099373817444, 1.4911832809448242], [0.5684465169906616, 0.8227059841156006, -0.004850667901337147, -1.12109375], [0.0, 0.0, 0.0, 1.0]], [[0.010444247163832188, -0.9998297095298767, 0.015212539583444595, 0.01165771484375], [0.009394494816660881, -0.015114586800336838, -0.9998416304588318, 1.483149528503418], [0.9999013543128967, 0.010585503652691841, 0.009235034696757793, -1.421630859375], [0.0, 0.0, 0.0, 1.0]], [[-0.8439104557037354, -0.5364806056022644, -0.0018967111827805638, 0.88623046875], [0.017306789755821228, -0.02369048446416855, -0.9995694756507874, 1.497354507446289], [0.5362048149108887, -0.8435800671577454, 0.029277408495545387, -1.1444091796875], [0.0, 0.0, 0.0, 1.0]], [[0.9478747844696045, 0.3184664845466614, -0.010613243095576763, -1.13037109375], [-0.00848277285695076, -0.008075916208326817, -0.9999313950538635, 1.5619220733642578], [-0.3185303509235382, 0.9478997588157654, -0.004953477997332811, -0.16068267822265625], [0.0, 0.0, 0.0, 1.0]], [[0.009175313636660576, 0.9998330473899841, -0.01580270752310753, -0.029052734375], [-0.0061750938184559345, -0.01574641652405262, -0.9998568892478943, 1.567474365234375], [-0.9999388456344604, 0.009271587245166302, 0.006029584910720587, -0.053955078125], [0.0, 0.0, 0.0, 1.0]], [[-0.9237536787986755, 0.3827625513076782, -0.013117989525198936, 0.994384765625], [-0.0018194145523011684, -0.038637176156044006, -0.999251663684845, 1.5475654602050781], [-0.38298290967941284, -0.9230384230613708, 0.03638763353228569, -0.1104736328125], [0.0, 0.0, 0.0, 1.0]]], "view": [[0.0, -2.0, 100.0], [-2.0, 0.0, 100.0], [0.0, 0.0, 1.0]], "bev": "bev_c138061fdd0945ffaf619f32bf97a7b6.png", "aux": "aux_c138061fdd0945ffaf619f32bf97a7b6.npz", "visibility": "visibility_c138061fdd0945ffaf619f32bf97a7b6.png", "pose": [[0.9993987083435059, -0.03467351943254471, 0.0, 2451.388671875], [0.03467351943254471, 0.9993987083435059, 0.0, 881.44091796875], [0.0, 0.0, 1.0, 0.0], [0.0, 0.0, 0.0, 1.0]], "pose_inverse": [[0.9993987083435059, 0.03467351943254471, 0.0, -2480.477294921875], [-0.03467351943254471, 0.9993987083435059, 0.0, -795.9126586914062], [0.0, 0.0, 1.0, 0.0], [0.0, 0.0, 0.0, 1.0]], "cam_ids": [0, 1, 2, 3, 4, 5], "cam_channels": ["CAM_FRONT_LEFT", "CAM_FRONT", "CAM_FRONT_RIGHT", "CAM_BACK_LEFT", "CAM_BACK", "CAM_BACK_RIGHT"], "token": "c138061fdd0945ffaf619f32bf97a7b6", "scene": "scene-0512"}, {"images": ["samples/CAM_FRONT_LEFT/n008-2018-08-28-13-40-50-0400__CAM_FRONT_LEFT__1535478878104799.jpg", "samples/CAM_FRONT/n008-2018-08-28-13-40-50-0400__CAM_FRONT__1535478878112404.jpg", "samples/CAM_FRONT_RIGHT/n008-2018-08-28-13-40-50-0400__CAM_FRONT_RIGHT__1535478878120482.jpg", "samples/CAM_BACK_LEFT/n008-2018-08-28-13-40-50-0400__CAM_BACK_LEFT__1535478878147405.jpg", "samples/CAM_BACK/n008-2018-08-28-13-40-50-0400__CAM_BACK__1535478878137558.jpg", "samples/CAM_BACK_RIGHT/n008-2018-08-28-13-40-50-0400__CAM_BACK_RIGHT__1535478878128113.jpg"], "intrinsics": [[[1257.8625342125129, 0.0, 827.2410631095686], [0.0, 1257.8625342125129, 450.915498205774], [0.0, 0.0, 1.0]], [[1252.8131021185304, 0.0, 826.588114781398], [0.0, 1252.8131021185304, 469.9846626224581], [0.0, 0.0, 1.0]], [[1256.7485116440405, 0.0, 817.7887570959712], [0.0, 1256.7485116440403, 451.9541780095127], [0.0, 0.0, 1.0]], [[1254.9860565800168, 0.0, 829.5769333630991], [0.0, 1254.9860565800168, 467.1680561863987], [0.0, 0.0, 1.0]], [[796.8910634503094, 0.0, 857.7774326863696], [0.0, 796.8910634503094, 476.8848988407415], [0.0, 0.0, 1.0]], [[1249.9629280788233, 0.0, 825.3768045375984], [0.0, 1249.9629280788233, 462.54816385708756], [0.0, 0.0, 1.0]]], "extrinsics": [[[0.8226996064186096, -0.5684387683868408, 0.006534881889820099, -0.706298828125], [0.004442524630576372, -0.005066280253231525, -0.9999772906303406, 1.4899115562438965], [0.5684589743614197, 0.8227099180221558, -0.0016427243826910853, -1.1298828125], [0.0, 0.0, 0.0, 1.0]], [[0.010510480031371117, -0.9999029040336609, 0.009140696376562119, 0.0106201171875], [0.006419813726097345, -0.009073536843061447, -0.9999382495880127, 1.4821100234985352], [0.9999241232872009, 0.010568509809672832, 0.006323824170976877, -1.434814453125], [0.0, 0.0, 0.0, 1.0]], [[-0.8438694477081299, -0.5365414619445801, -0.0027450958732515574, 0.8935546875], [0.014473297633230686, -0.01764857769012451, -0.9997394680976868, 1.4964981079101562], [0.5363532304763794, -0.8436893820762634, 0.02265862375497818, -1.1502685546875], [0.0, 0.0, 0.0, 1.0]], [[0.9478640556335449, 0.3184830844402313, -0.011055699549615383, -1.1318359375], [-0.010906344279646873, -0.002252182923257351, -0.9999379515647888, 1.5619049072265625], [-0.3184882700443268, 0.9479258060455322, 0.0013387238141149282, -0.16038131713867188], [0.0, 0.0, 0.0, 1.0]], [[0.009109117090702057, 0.999909520149231, -0.00989022571593523, -0.02880859375], [-0.008793510496616364, -0.00981015246361494, -0.999913215637207, 1.567239761352539], [-0.9999198317527771, 0.009195295162498951, 0.008703354746103287, -0.050048828125], [0.0, 0.0, 0.0, 1.0]], [[-0.9238256216049194, 0.3827245235443115, -0.008244912140071392, 1.0009765625], [-0.004592215642333031, -0.032615743577480316, -0.9994574189186096, 1.5470657348632812], [-0.38278573751449585, -0.9232866168022156, 0.031888820230960846, -0.1085205078125], [0.0, 0.0, 0.0, 1.0]]], "view": [[0.0, -2.0, 100.0], [-2.0, 0.0, 100.0], [0.0, 0.0, 1.0]], "bev": "bev_0296855282b44cd5b4e7d1d2bb8ed109.png", "aux": "aux_0296855282b44cd5b4e7d1d2bb8ed109.npz", "visibility": "visibility_0296855282b44cd5b4e7d1d2bb8ed109.png", "pose": [[0.999363899230957, -0.03566146641969681, 0.0, 2455.546142578125], [0.03566146641969681, 0.999363899230957, 0.0, 881.5709228515625], [0.0, 0.0, 1.0, 0.0], [0.0, 0.0, 0.0, 1.0]], "pose_inverse": [[0.999363899230957, 0.03566146641969681, 0.0, -2485.42236328125], [-0.03566146641969681, 0.999363899230957, 0.0, -793.4418334960938], [0.0, 0.0, 1.0, 0.0], [0.0, 0.0, 0.0, 1.0]], "cam_ids": [0, 1, 2, 3, 4, 5], "cam_channels": ["CAM_FRONT_LEFT", "CAM_FRONT", "CAM_FRONT_RIGHT", "CAM_BACK_LEFT", "CAM_BACK", "CAM_BACK_RIGHT"], "token": "0296855282b44cd5b4e7d1d2bb8ed109", "scene": "scene-0512"}, {"images": ["samples/CAM_FRONT_LEFT/n008-2018-08-28-13-40-50-0400__CAM_FRONT_LEFT__1535478878604799.jpg", "samples/CAM_FRONT/n008-2018-08-28-13-40-50-0400__CAM_FRONT__1535478878612404.jpg", "samples/CAM_FRONT_RIGHT/n008-2018-08-28-13-40-50-0400__CAM_FRONT_RIGHT__1535478878620482.jpg", "samples/CAM_BACK_LEFT/n008-2018-08-28-13-40-50-0400__CAM_BACK_LEFT__1535478878647405.jpg", "samples/CAM_BACK/n008-2018-08-28-13-40-50-0400__CAM_BACK__1535478878637558.jpg", "samples/CAM_BACK_RIGHT/n008-2018-08-28-13-40-50-0400__CAM_BACK_RIGHT__1535478878628113.jpg"], "intrinsics": [[[1257.8625342125129, 0.0, 827.2410631095686], [0.0, 1257.8625342125129, 450.915498205774], [0.0, 0.0, 1.0]], [[1252.8131021185304, 0.0, 826.588114781398], [0.0, 1252.8131021185304, 469.9846626224581], [0.0, 0.0, 1.0]], [[1256.7485116440405, 0.0, 817.7887570959712], [0.0, 1256.7485116440403, 451.9541780095127], [0.0, 0.0, 1.0]], [[1254.9860565800168, 0.0, 829.5769333630991], [0.0, 1254.9860565800168, 467.1680561863987], [0.0, 0.0, 1.0]], [[796.8910634503094, 0.0, 857.7774326863696], [0.0, 796.8910634503094, 476.8848988407415], [0.0, 0.0, 1.0]], [[1249.9629280788233, 0.0, 825.3768045375984], [0.0, 1249.9629280788233, 462.54816385708756], [0.0, 0.0, 1.0]]], "extrinsics": [[[0.8226287364959717, -0.5685471892356873, 0.00601561926305294, -0.709716796875], [0.007676951587200165, 0.000527377356775105, -0.9999703764915466, 1.4910316467285156], [0.568527102470398, 0.8226504921913147, 0.004798544105142355, -1.1328125], [0.0, 0.0, 0.0, 1.0]], [[0.010356158949434757, -0.9999396204948425, 0.003679439425468445, 0.0107421875], [0.009801110252737999, -0.003577952738851309, -0.9999455809593201, 1.4830608367919922], [0.9998982548713684, 0.0103916609659791, 0.009763465262949467, -1.43994140625], [0.0, 0.0, 0.0, 1.0]], [[-0.8439286947250366, -0.5363860726356506, -0.008616498671472073, 0.898681640625], [0.017997371032834053, -0.01225617527961731, -0.9997628927230835, 1.4972000122070312], [0.5361534357070923, -0.8438836932182312, 0.019996877759695053, -1.1533203125], [0.0, 0.0, 0.0, 1.0]], [[0.9478800892829895, 0.31857728958129883, -0.005647178273648024, -1.13720703125], [-0.007000258658081293, 0.0031025204807519913, -0.9999706745147705, 1.5619888305664062], [-0.3185504674911499, 0.9478917717933655, 0.005170941818505526, -0.15859603881835938], [0.0, 0.0, 0.0, 1.0]], [[0.009181263856589794, 0.9999473690986633, -0.004571462981402874, -0.02874755859375], [-0.0049898200668394566, -0.004525783006101847, -0.9999772906303406, 1.567626953125], [-0.9999454617500305, 0.009203867986798286, 0.004948006011545658, -0.0439453125], [0.0, 0.0, 0.0, 1.0]], [[-0.923740565776825, 0.38289907574653625, -0.009565250016748905, 1.007080078125], [-0.0009609374683350325, -0.027290066704154015, -0.9996271133422852, 1.5476875305175781], [-0.38301727175712585, -0.9233869314193726, 0.025576885789632797, -0.10595703125], [0.0, 0.0, 0.0, 1.0]]], "view": [[0.0, -2.0, 100.0], [-2.0, 0.0, 100.0], [0.0, 0.0, 1.0]], "bev": "bev_35dd7f02d802426c96ea1159b25e67c3.png", "aux": "aux_35dd7f02d802426c96ea1159b25e67c3.npz", "visibility": "visibility_35dd7f02d802426c96ea1159b25e67c3.png", "pose": [[0.9994065761566162, -0.034445181488990784, 0.0, 2459.6279296875], [0.034445181488990784, 0.9994065761566162, 0.0, 881.69580078125], [0.0, 0.0, 1.0, 0.0], [0.0, 0.0, 0.0, 1.0]], "pose_inverse": [[0.9994065761566162, 0.034445181488990784, 0.0, -2488.53857421875], [-0.034445181488990784, 0.9994065761566162, 0.0, -796.4502563476562], [0.0, 0.0, 1.0, 0.0], [0.0, 0.0, 0.0, 1.0]], "cam_ids": [0, 1, 2, 3, 4, 5], "cam_channels": ["CAM_FRONT_LEFT", "CAM_FRONT", "CAM_FRONT_RIGHT", "CAM_BACK_LEFT", "CAM_BACK", "CAM_BACK_RIGHT"], "token": "35dd7f02d802426c96ea1159b25e67c3", "scene": "scene-0512"}, {"images": ["samples/CAM_FRONT_LEFT/n008-2018-08-28-13-40-50-0400__CAM_FRONT_LEFT__1535478879154799.jpg", "samples/CAM_FRONT/n008-2018-08-28-13-40-50-0400__CAM_FRONT__1535478879162404.jpg", "samples/CAM_FRONT_RIGHT/n008-2018-08-28-13-40-50-0400__CAM_FRONT_RIGHT__1535478879170482.jpg", "samples/CAM_BACK_LEFT/n008-2018-08-28-13-40-50-0400__CAM_BACK_LEFT__1535478879197405.jpg", "samples/CAM_BACK/n008-2018-08-28-13-40-50-0400__CAM_BACK__1535478879187558.jpg", "samples/CAM_BACK_RIGHT/n008-2018-08-28-13-40-50-0400__CAM_BACK_RIGHT__1535478879178113.jpg"], "intrinsics": [[[1257.8625342125129, 0.0, 827.2410631095686], [0.0, 1257.8625342125129, 450.915498205774], [0.0, 0.0, 1.0]], [[1252.8131021185304, 0.0, 826.588114781398], [0.0, 1252.8131021185304, 469.9846626224581], [0.0, 0.0, 1.0]], [[1256.7485116440405, 0.0, 817.7887570959712], [0.0, 1256.7485116440403, 451.9541780095127], [0.0, 0.0, 1.0]], [[1254.9860565800168, 0.0, 829.5769333630991], [0.0, 1254.9860565800168, 467.1680561863987], [0.0, 0.0, 1.0]], [[796.8910634503094, 0.0, 857.7774326863696], [0.0, 796.8910634503094, 476.8848988407415], [0.0, 0.0, 1.0]], [[1249.9629280788233, 0.0, 825.3768045375984], [0.0, 1249.9629280788233, 462.54816385708756], [0.0, 0.0, 1.0]]], "extrinsics": [[[0.822591245174408, -0.5686225891113281, 0.0034734501969069242, -0.71728515625], [0.005456519778817892, 0.0017851797165349126, -0.999983549118042, 1.4901847839355469], [0.5686070322990417, 0.8225966095924377, 0.004571172874420881, -1.13818359375], [0.0, 0.0, 0.0, 1.0]], [[0.010270324535667896, -0.9999439716339111, 0.002551785670220852, 0.0108642578125], [0.007373390253633261, -0.0024761208333075047, -0.9999697804450989, 1.4822883605957031], [0.9999200701713562, 0.010288826189935207, 0.007347546052187681, -1.44775390625], [0.0, 0.0, 0.0, 1.0]], [[-0.8440005779266357, -0.5362982153892517, -0.006864652968943119, 0.904541015625], [0.01532013714313507, -0.011312359943985939, -0.9998186230659485, 1.496490478515625], [0.5361232161521912, -0.8439527750015259, 0.017763802781701088, -1.15704345703125], [0.0, 0.0, 0.0, 1.0]], [[0.9478715062141418, 0.31853657960891724, -0.008601830340921879, -1.139892578125], [-0.010257629677653313, 0.003521073143929243, -0.9999411702156067, 1.5619964599609375], [-0.31848758459091187, 0.9479040503501892, 0.00660495413467288, -0.15769577026367188], [0.0, 0.0, 0.0, 1.0]], [[0.009228885173797607, 0.9999493956565857, -0.00400425773113966, -0.02880859375], [-0.008039365522563457, -0.003930101171135902, -0.9999599456787109, 1.5673885345458984], [-0.9999251365661621, 0.009260708466172218, 0.00800268817692995, -0.039794921875], [0.0, 0.0, 0.0, 1.0]], [[-0.9237364530563354, 0.3829711377620697, -0.006638733204454184, 1.0123291015625], [-0.003803169121965766, -0.02650194615125656, -0.9996415376663208, 1.5472412109375], [-0.38300976157188416, -0.9233800768852234, 0.025937316939234734, -0.1038818359375], [0.0, 0.0, 0.0, 1.0]]], "view": [[0.0, -2.0, 100.0], [-2.0, 0.0, 100.0], [0.0, 0.0, 1.0]], "bev": "bev_9d405910ab4e4ddda4fa8bea7e50917a.png", "aux": "aux_9d405910ab4e4ddda4fa8bea7e50917a.npz", "visibility": "visibility_9d405910ab4e4ddda4fa8bea7e50917a.png", "pose": [[0.999445378780365, -0.033300481736660004, 0.0, 2464.0322265625], [0.033300481736660004, 0.999445378780365, 0.0, 881.8085327148438], [0.0, 0.0, 1.0, 0.0], [0.0, 0.0, 0.0, 1.0]], "pose_inverse": [[0.999445378780365, 0.033300481736660004, 0.0, -2492.0302734375], [-0.033300481736660004, 0.999445378780365, 0.0, -799.2659912109375], [0.0, 0.0, 1.0, 0.0], [0.0, 0.0, 0.0, 1.0]], "cam_ids": [0, 1, 2, 3, 4, 5], "cam_channels": ["CAM_FRONT_LEFT", "CAM_FRONT", "CAM_FRONT_RIGHT", "CAM_BACK_LEFT", "CAM_BACK", "CAM_BACK_RIGHT"], "token": "9d405910ab4e4ddda4fa8bea7e50917a", "scene": "scene-0512"}, {"images": ["samples/CAM_FRONT_LEFT/n008-2018-08-28-13-40-50-0400__CAM_FRONT_LEFT__1535478879654799.jpg", "samples/CAM_FRONT/n008-2018-08-28-13-40-50-0400__CAM_FRONT__1535478879662404.jpg", "samples/CAM_FRONT_RIGHT/n008-2018-08-28-13-40-50-0400__CAM_FRONT_RIGHT__1535478879670482.jpg", "samples/CAM_BACK_LEFT/n008-2018-08-28-13-40-50-0400__CAM_BACK_LEFT__1535478879697405.jpg", "samples/CAM_BACK/n008-2018-08-28-13-40-50-0400__CAM_BACK__1535478879687558.jpg", "samples/CAM_BACK_RIGHT/n008-2018-08-28-13-40-50-0400__CAM_BACK_RIGHT__1535478879678113.jpg"], "intrinsics": [[[1257.8625342125129, 0.0, 827.2410631095686], [0.0, 1257.8625342125129, 450.915498205774], [0.0, 0.0, 1.0]], [[1252.8131021185304, 0.0, 826.588114781398], [0.0, 1252.8131021185304, 469.9846626224581], [0.0, 0.0, 1.0]], [[1256.7485116440405, 0.0, 817.7887570959712], [0.0, 1256.7485116440403, 451.9541780095127], [0.0, 0.0, 1.0]], [[1254.9860565800168, 0.0, 829.5769333630991], [0.0, 1254.9860565800168, 467.1680561863987], [0.0, 0.0, 1.0]], [[796.8910634503094, 0.0, 857.7774326863696], [0.0, 796.8910634503094, 476.8848988407415], [0.0, 0.0, 1.0]], [[1249.9629280788233, 0.0, 825.3768045375984], [0.0, 1249.9629280788233, 462.54816385708756], [0.0, 0.0, 1.0]]], "extrinsics": [[[0.8224671483039856, -0.5688039660453796, 0.003140680957585573, -0.7205810546875], [0.0063056680373847485, 0.003596330527216196, -0.9999736547470093, 1.4904499053955078], [0.5687776803970337, 0.8224653601646423, 0.006544552277773619, -1.14013671875], [0.0, 0.0, 0.0, 1.0]], [[0.009984302334487438, -0.9999500513076782, 0.00047921232180669904, 0.01055908203125], [0.008229500614106655, -0.0003970494435634464, -0.9999660849571228, 1.4824848175048828], [0.9999162554740906, 0.00998790841549635, 0.008225125260651112, -1.45263671875], [0.0, 0.0, 0.0, 1.0]], [[-0.8441447615623474, -0.5360414385795593, -0.008902369998395443, 0.907958984375], [0.016253653913736343, -0.008991098031401634, -0.9998274445533752, 1.4966201782226562], [0.5358689427375793, -0.844143807888031, 0.01630242168903351, -1.15948486328125], [0.0, 0.0, 0.0, 1.0]], [[0.9478742480278015, 0.3185758590698242, -0.006626782473176718, -1.140625], [-0.00915050134062767, 0.006425962317734957, -0.9999374747276306, 1.5620155334472656], [-0.318513423204422, 0.9478755593299866, 0.009006132371723652, -0.15723037719726562], [0.0, 0.0, 0.0, 1.0]], [[0.009328323416411877, 0.9999557137489319, -0.0012449873611330986, -0.02880859375], [-0.007011406123638153, -0.001179603161290288, -0.9999746680259705, 1.5674915313720703], [-0.9999319314956665, 0.009336814284324646, 0.007000091951340437, -0.037109375], [0.0, 0.0, 0.0, 1.0]], [[-0.9236531257629395, 0.38317233324050903, -0.006610204465687275, 1.0157470703125], [-0.0027915462851524353, -0.023975374177098274, -0.9997086524963379, 1.5474052429199219], [-0.3832190930843353, -0.923365592956543, 0.02321457490324974, -0.1024169921875], [0.0, 0.0, 0.0, 1.0]]], "view": [[0.0, -2.0, 100.0], [-2.0, 0.0, 100.0], [0.0, 0.0, 1.0]], "bev": "bev_0bd31d96ac2e4caf802ae4c32c15f52a.png", "aux": "aux_0bd31d96ac2e4caf802ae4c32c15f52a.npz", "visibility": "visibility_0bd31d96ac2e4caf802ae4c32c15f52a.png", "pose": [[0.9995067119598389, -0.031405333429574966, 0.0, 2468.0224609375], [0.031405333429574966, 0.9995067119598389, 0.0, 881.9060668945312], [0.0, 0.0, 1.0, 0.0], [0.0, 0.0, 0.0, 1.0]], "pose_inverse": [[0.9995067119598389, 0.031405333429574966, 0.0, -2494.501708984375], [-0.031405333429574966, 0.9995067119598389, 0.0, -803.9619750976562], [0.0, 0.0, 1.0, 0.0], [0.0, 0.0, 0.0, 1.0]], "cam_ids": [0, 1, 2, 3, 4, 5], "cam_channels": ["CAM_FRONT_LEFT", "CAM_FRONT", "CAM_FRONT_RIGHT", "CAM_BACK_LEFT", "CAM_BACK", "CAM_BACK_RIGHT"], "token": "0bd31d96ac2e4caf802ae4c32c15f52a", "scene": "scene-0512"}, {"images": ["samples/CAM_FRONT_LEFT/n008-2018-08-28-13-40-50-0400__CAM_FRONT_LEFT__1535478880154799.jpg", "samples/CAM_FRONT/n008-2018-08-28-13-40-50-0400__CAM_FRONT__1535478880162404.jpg", "samples/CAM_FRONT_RIGHT/n008-2018-08-28-13-40-50-0400__CAM_FRONT_RIGHT__1535478880170482.jpg", "samples/CAM_BACK_LEFT/n008-2018-08-28-13-40-50-0400__CAM_BACK_LEFT__1535478880197405.jpg", "samples/CAM_BACK/n008-2018-08-28-13-40-50-0400__CAM_BACK__1535478880187558.jpg", "samples/CAM_BACK_RIGHT/n008-2018-08-28-13-40-50-0400__CAM_BACK_RIGHT__1535478880178113.jpg"], "intrinsics": [[[1257.8625342125129, 0.0, 827.2410631095686], [0.0, 1257.8625342125129, 450.915498205774], [0.0, 0.0, 1.0]], [[1252.8131021185304, 0.0, 826.588114781398], [0.0, 1252.8131021185304, 469.9846626224581], [0.0, 0.0, 1.0]], [[1256.7485116440405, 0.0, 817.7887570959712], [0.0, 1256.7485116440403, 451.9541780095127], [0.0, 0.0, 1.0]], [[1254.9860565800168, 0.0, 829.5769333630991], [0.0, 1254.9860565800168, 467.1680561863987], [0.0, 0.0, 1.0]], [[796.8910634503094, 0.0, 857.7774326863696], [0.0, 796.8910634503094, 476.8848988407415], [0.0, 0.0, 1.0]], [[1249.9629280788233, 0.0, 825.3768045375984], [0.0, 1249.9629280788233, 462.54816385708756], [0.0, 0.0, 1.0]]], "extrinsics": [[[0.8226490616798401, -0.5685401558876038, 0.00327539024874568, -0.721923828125], [0.008468931540846825, 0.0064933933317661285, -0.9999430179595947, 1.4911766052246094], [0.5684864521026611, 0.822629988193512, 0.010156708769500256, -1.140869140625], [0.0, 0.0, 0.0, 1.0]], [[0.010414051823318005, -0.9999427795410156, -0.0024519264698028564, 0.010498046875], [0.010440184734761715, 0.002560656052082777, -0.9999421834945679, 1.4830913543701172], [0.9998912811279297, 0.010387849062681198, 0.010466253384947777, -1.453369140625], [0.0, 0.0, 0.0, 1.0]], [[-0.8438953757286072, -0.5363650321960449, -0.0123764518648386, 0.90869140625], [0.01845039613544941, -0.005958776921033859, -0.9998120069503784, 1.4970779418945312], [0.536190390586853, -0.8439651131629944, 0.01492473017424345, -1.1600341796875], [0.0, 0.0, 0.0, 1.0]], [[0.947881817817688, 0.318604439496994, -0.0033620900940150023, -1.141845703125], [-0.006785859353840351, 0.009636827744543552, -0.9999305605888367, 1.5620269775390625], [-0.3185499608516693, 0.9478387832641602, 0.01129657868295908, -0.15680313110351562], [0.0, 0.0, 0.0, 1.0]], [[0.009155848994851112, 0.9999562501907349, 0.0019312013173475862, -0.02880859375], [-0.004788560792803764, 0.001975105842575431, -0.9999865293502808, 1.5676755905151367], [-0.9999467134475708, 0.00914647988975048, 0.004806435201317072, -0.0361328125], [0.0, 0.0, 0.0, 1.0]], [[-0.923757016658783, 0.3829071819782257, -0.007423367816954851, 1.015869140625], [-0.0006231836741790175, -0.020886048674583435, -0.999781608581543, 1.5477371215820312], [-0.3829785883426666, -0.9235506653785706, 0.019532253965735435, -0.102294921875], [0.0, 0.0, 0.0, 1.0]]], "view": [[0.0, -2.0, 100.0], [-2.0, 0.0, 100.0], [0.0, 0.0, 1.0]], "bev": "bev_16722d5efb444123b82046af85e314f9.png", "aux": "aux_16722d5efb444123b82046af85e314f9.npz", "visibility": "visibility_16722d5efb444123b82046af85e314f9.png", "pose": [[0.9995138049125671, -0.031179876998066902, 0.0, 2471.992431640625], [0.031179876998066902, 0.9995138049125671, 0.0, 882.00341796875], [0.0, 0.0, 1.0, 0.0], [0.0, 0.0, 0.0, 1.0]], "pose_inverse": [[0.9995138049125671, 0.031179876998066902, 0.0, -2498.291259765625], [-0.031179876998066902, 0.9995138049125671, 0.0, -804.4981689453125], [0.0, 0.0, 1.0, 0.0], [0.0, 0.0, 0.0, 1.0]], "cam_ids": [0, 1, 2, 3, 4, 5], "cam_channels": ["CAM_FRONT_LEFT", "CAM_FRONT", "CAM_FRONT_RIGHT", "CAM_BACK_LEFT", "CAM_BACK", "CAM_BACK_RIGHT"], "token": "16722d5efb444123b82046af85e314f9", "scene": "scene-0512"}, {"images": ["samples/CAM_FRONT_LEFT/n008-2018-08-28-13-40-50-0400__CAM_FRONT_LEFT__1535478880654799.jpg", "samples/CAM_FRONT/n008-2018-08-28-13-40-50-0400__CAM_FRONT__1535478880662404.jpg", "samples/CAM_FRONT_RIGHT/n008-2018-08-28-13-40-50-0400__CAM_FRONT_RIGHT__1535478880670482.jpg", "samples/CAM_BACK_LEFT/n008-2018-08-28-13-40-50-0400__CAM_BACK_LEFT__1535478880697405.jpg", "samples/CAM_BACK/n008-2018-08-28-13-40-50-0400__CAM_BACK__1535478880687558.jpg", "samples/CAM_BACK_RIGHT/n008-2018-08-28-13-40-50-0400__CAM_BACK_RIGHT__1535478880678119.jpg"], "intrinsics": [[[1257.8625342125129, 0.0, 827.2410631095686], [0.0, 1257.8625342125129, 450.915498205774], [0.0, 0.0, 1.0]], [[1252.8131021185304, 0.0, 826.588114781398], [0.0, 1252.8131021185304, 469.9846626224581], [0.0, 0.0, 1.0]], [[1256.7485116440405, 0.0, 817.7887570959712], [0.0, 1256.7485116440403, 451.9541780095127], [0.0, 0.0, 1.0]], [[1254.9860565800168, 0.0, 829.5769333630991], [0.0, 1254.9860565800168, 467.1680561863987], [0.0, 0.0, 1.0]], [[796.8910634503094, 0.0, 857.7774326863696], [0.0, 796.8910634503094, 476.8848988407415], [0.0, 0.0, 1.0]], [[1249.9629280788233, 0.0, 825.3768045375984], [0.0, 1249.9629280788233, 462.54816385708756], [0.0, 0.0, 1.0]]], "extrinsics": [[[0.8226217031478882, -0.5685886144638062, 0.0007557027274742723, -0.72412109375], [0.010324378497898579, 0.013608197681605816, -0.9998540878295898, 1.4917411804199219], [0.5684954524040222, 0.8225094079971313, 0.017064722254872322, -1.1435546875], [0.0, 0.0, 0.0, 1.0]], [[0.010419173166155815, -0.9999006986618042, -0.009489312767982483, 0.01129150390625], [0.012267795391380787, 0.00961693562567234, -0.999878466129303, 1.4835548400878906], [0.9998704791069031, 0.010301495902240276, 0.01236677821725607, -1.45556640625], [0.0, 0.0, 0.0, 1.0]], [[-0.8438615202903748, -0.5362690687179565, -0.01769648864865303, 0.91064453125], [0.020302986726164818, 0.001044104341417551, -0.999793291091919, 1.4974250793457031], [0.5361766815185547, -0.844046413898468, 0.010006786324083805, -1.16064453125], [0.0, 0.0, 0.0, 1.0]], [[0.9478806853294373, 0.31862521171569824, 0.0005829005385749042, -1.14306640625], [-0.004992202389985323, 0.016680490225553513, -0.9998484253883362, 1.5620362758636475], [-0.3185866177082062, 0.947733998298645, 0.01740175485610962, -0.15645408630371094], [0.0, 0.0, 0.0, 1.0]], [[0.009136691689491272, 0.9999184608459473, 0.008921393193304539, -0.02899169921875], [-0.002907083136960864, 0.008948289789259434, -0.9999557137489319, 1.5678237676620483], [-0.999954104423523, 0.009110351093113422, 0.00298860389739275, -0.035400390625], [0.0, 0.0, 0.0, 1.0]], [[-0.9237476587295532, 0.38294655084609985, -0.006511233281344175, 1.017333984375], [0.00127883767709136, -0.013916498981416225, -0.9999023079872131, 1.5480308532714844], [-0.3829997181892395, -0.9236657023429871, 0.012365604750812054, -0.1014404296875], [0.0, 0.0, 0.0, 1.0]]], "view": [[0.0, -2.0, 100.0], [-2.0, 0.0, 100.0], [0.0, 0.0, 1.0]], "bev": "bev_30172b23a71a443e9ef9f99d16f59a48.png", "aux": "aux_30172b23a71a443e9ef9f99d16f59a48.npz", "visibility": "visibility_30172b23a71a443e9ef9f99d16f59a48.png", "pose": [[0.9995573163032532, -0.02975226566195488, 0.0, 2476.018798828125], [0.02975226566195488, 0.9995573163032532, 0.0, 882.089111328125], [0.0, 0.0, 1.0, 0.0], [0.0, 0.0, 0.0, 1.0]], "pose_inverse": [[0.9995573163032532, 0.02975226566195488, 0.0, -2501.166748046875], [-0.02975226566195488, 0.9995573163032532, 0.0, -808.0314331054688], [0.0, 0.0, 1.0, 0.0], [0.0, 0.0, 0.0, 1.0]], "cam_ids": [0, 1, 2, 3, 4, 5], "cam_channels": ["CAM_FRONT_LEFT", "CAM_FRONT", "CAM_FRONT_RIGHT", "CAM_BACK_LEFT", "CAM_BACK", "CAM_BACK_RIGHT"], "token": "30172b23a71a443e9ef9f99d16f59a48", "scene": "scene-0512"}, {"images": ["samples/CAM_FRONT_LEFT/n008-2018-08-28-13-40-50-0400__CAM_FRONT_LEFT__1535478881154799.jpg", "samples/CAM_FRONT/n008-2018-08-28-13-40-50-0400__CAM_FRONT__1535478881162404.jpg", "samples/CAM_FRONT_RIGHT/n008-2018-08-28-13-40-50-0400__CAM_FRONT_RIGHT__1535478881170482.jpg", "samples/CAM_BACK_LEFT/n008-2018-08-28-13-40-50-0400__CAM_BACK_LEFT__1535478881197405.jpg", "samples/CAM_BACK/n008-2018-08-28-13-40-50-0400__CAM_BACK__1535478881187558.jpg", "samples/CAM_BACK_RIGHT/n008-2018-08-28-13-40-50-0400__CAM_BACK_RIGHT__1535478881178113.jpg"], "intrinsics": [[[1257.8625342125129, 0.0, 827.2410631095686], [0.0, 1257.8625342125129, 450.915498205774], [0.0, 0.0, 1.0]], [[1252.8131021185304, 0.0, 826.588114781398], [0.0, 1252.8131021185304, 469.9846626224581], [0.0, 0.0, 1.0]], [[1256.7485116440405, 0.0, 817.7887570959712], [0.0, 1256.7485116440403, 451.9541780095127], [0.0, 0.0, 1.0]], [[1254.9860565800168, 0.0, 829.5769333630991], [0.0, 1254.9860565800168, 467.1680561863987], [0.0, 0.0, 1.0]], [[796.8910634503094, 0.0, 857.7774326863696], [0.0, 796.8910634503094, 476.8848988407415], [0.0, 0.0, 1.0]], [[1249.9629280788233, 0.0, 825.3768045375984], [0.0, 1249.9629280788233, 462.54816385708756], [0.0, 0.0, 1.0]]], "extrinsics": [[[0.8227834105491638, -0.5683547258377075, -0.0005577857373282313, -0.7147216796875], [0.010815050452947617, 0.016637708991765976, -0.9998030662536621, 1.4919929504394531], [0.5682520866394043, 0.822615385055542, 0.01983601599931717, -1.138916015625], [0.0, 0.0, 0.0, 1.0]], [[0.010674184188246727, -0.9998677968978882, -0.01226438581943512, 0.0128173828125], [0.01275612972676754, 0.012400246225297451, -0.9998417496681213, 1.4837837219238281], [0.9998616576194763, 0.010516051203012466, 0.012886805459856987, -1.446533203125], [0.0, 0.0, 0.0, 1.0]], [[-0.843745231628418, -0.5363922715187073, -0.01942664198577404, 0.90478515625], [0.020725127309560776, 0.0036085827741771936, -0.999778687953949, 1.4976654052734375], [0.5363437533378601, -0.8439610600471497, 0.008072073571383953, -1.15545654296875], [0.0, 0.0, 0.0, 1.0]], [[0.9478822350502014, 0.31861749291419983, 0.0014660070883110166, -1.1435546875], [-0.004797263070940971, 0.018872063606977463, -0.9998103976249695, 1.5620414018630981], [-0.31858474016189575, 0.9476954936981201, 0.019416987895965576, -0.15620040893554688], [0.0, 0.0, 0.0, 1.0]], [[0.009060641750693321, 0.9998959898948669, 0.011222845874726772, -0.0294189453125], [-0.0026427162811160088, 0.011247211135923862, -0.9999332427978516, 1.5678309202194214], [-0.9999554753303528, 0.009030378423631191, 0.0027443482540547848, -0.037109375], [0.0, 0.0, 0.0, 1.0]], [[-0.9238009452819824, 0.3828276991844177, -0.005882791243493557, 1.0125732421875], [0.0015991621185094118, -0.011506709270179272, -0.9999325275421143, 1.548095703125], [-0.38286951184272766, -0.9237480759620667, 0.010017707012593746, -0.1024169921875], [0.0, 0.0, 0.0, 1.0]]], "view": [[0.0, -2.0, 100.0], [-2.0, 0.0, 100.0], [0.0, 0.0, 1.0]], "bev": "bev_18801e2b909e4354b22ad771ed6ba4a2.png", "aux": "aux_18801e2b909e4354b22ad771ed6ba4a2.npz", "visibility": "visibility_18801e2b909e4354b22ad771ed6ba4a2.png", "pose": [[0.9995977878570557, -0.028359856456518173, 0.0, 2480.04541015625], [0.028359856456518173, 0.9995977878570557, 0.0, 882.1639404296875], [0.0, 0.0, 1.0, 0.0], [0.0, 0.0, 0.0, 1.0]], "pose_inverse": [[0.9995977878570557, 0.028359856456518173, 0.0, -2504.06591796875], [-0.028359856456518173, 0.9995977878570557, 0.0, -811.4754028320312], [0.0, 0.0, 1.0, 0.0], [0.0, 0.0, 0.0, 1.0]], "cam_ids": [0, 1, 2, 3, 4, 5], "cam_channels": ["CAM_FRONT_LEFT", "CAM_FRONT", "CAM_FRONT_RIGHT", "CAM_BACK_LEFT", "CAM_BACK", "CAM_BACK_RIGHT"], "token": "18801e2b909e4354b22ad771ed6ba4a2", "scene": "scene-0512"}, {"images": ["samples/CAM_FRONT_LEFT/n008-2018-08-28-13-40-50-0400__CAM_FRONT_LEFT__1535478881654799.jpg", "samples/CAM_FRONT/n008-2018-08-28-13-40-50-0400__CAM_FRONT__1535478881662404.jpg", "samples/CAM_FRONT_RIGHT/n008-2018-08-28-13-40-50-0400__CAM_FRONT_RIGHT__1535478881670482.jpg", "samples/CAM_BACK_LEFT/n008-2018-08-28-13-40-50-0400__CAM_BACK_LEFT__1535478881697405.jpg", "samples/CAM_BACK/n008-2018-08-28-13-40-50-0400__CAM_BACK__1535478881687558.jpg", "samples/CAM_BACK_RIGHT/n008-2018-08-28-13-40-50-0400__CAM_BACK_RIGHT__1535478881678113.jpg"], "intrinsics": [[[1257.8625342125129, 0.0, 827.2410631095686], [0.0, 1257.8625342125129, 450.915498205774], [0.0, 0.0, 1.0]], [[1252.8131021185304, 0.0, 826.588114781398], [0.0, 1252.8131021185304, 469.9846626224581], [0.0, 0.0, 1.0]], [[1256.7485116440405, 0.0, 817.7887570959712], [0.0, 1256.7485116440403, 451.9541780095127], [0.0, 0.0, 1.0]], [[1254.9860565800168, 0.0, 829.5769333630991], [0.0, 1254.9860565800168, 467.1680561863987], [0.0, 0.0, 1.0]], [[796.8910634503094, 0.0, 857.7774326863696], [0.0, 796.8910634503094, 476.8848988407415], [0.0, 0.0, 1.0]], [[1249.9629280788233, 0.0, 825.3768045375984], [0.0, 1249.9629280788233, 462.54816385708756], [0.0, 0.0, 1.0]]], "extrinsics": [[[0.8231595754623413, -0.5678081512451172, 0.0014653317630290985, -0.723388671875], [0.012895633466541767, 0.0161148551851511, -0.9997869729995728, 1.4926719665527344], [0.5676636695861816, 0.8230032324790955, 0.020587343722581863, -1.140625], [0.0, 0.0, 0.0, 1.0]], [[0.01114124245941639, -0.999866247177124, -0.01196698285639286, 0.0098876953125], [0.014792359434068203, 0.01213121972978115, -0.9998170137405396, 1.4842987060546875], [0.9998285174369812, 0.010962185449898243, 0.014925537630915642, -1.4541015625], [0.0, 0.0, 0.0, 1.0]], [[-0.8435509204864502, -0.5366334319114685, -0.02112775668501854, 0.908935546875], [0.022758658975362778, 0.00358542799949646, -0.9997345209121704, 1.4979896545410156], [0.5365666747093201, -0.8438078761100769, 0.00918856542557478, -1.16064453125], [0.0, 0.0, 0.0, 1.0]], [[0.9478804469108582, 0.3186075687408447, 0.0034598654601722956, -1.14453125], [-0.002744299592450261, 0.019021812826395035, -0.9998152852058411, 1.5620441436767578], [-0.31861454248428345, 0.947695791721344, 0.018904756754636765, -0.15585041046142578], [0.0, 0.0, 0.0, 1.0]], [[0.008935390040278435, 0.999894917011261, 0.011409594677388668, -0.02862548828125], [-0.0005595825496129692, 0.011415047571063042, -0.9999346733093262, 1.5680127143859863], [-0.9999599456787109, 0.008928422816097736, 0.0006615207530558109, -0.0341796875], [0.0, 0.0, 0.0, 1.0]], [[-0.923865020275116, 0.3826400637626648, -0.007745532784610987, 1.0177001953125], [0.003671158803626895, -0.011377074755728245, -0.9999285340309143, 1.5483880043029785], [-0.38270077109336853, -0.9238274693489075, 0.009106148965656757, -0.1021728515625], [0.0, 0.0, 0.0, 1.0]]], "view": [[0.0, -2.0, 100.0], [-2.0, 0.0, 100.0], [0.0, 0.0, 1.0]], "bev": "bev_0ed4dbcd27d44c81abbfe38918c26a1f.png", "aux": "aux_0ed4dbcd27d44c81abbfe38918c26a1f.npz", "visibility": "visibility_0ed4dbcd27d44c81abbfe38918c26a1f.png", "pose": [[0.9997539520263672, -0.02218160778284073, 0.0, 2484.083984375], [0.02218160778284073, 0.9997539520263672, 0.0, 882.2359008789062], [0.0, 0.0, 1.0, 0.0], [0.0, 0.0, 0.0, 1.0]], "pose_inverse": [[0.9997539520263672, 0.02218160778284073, 0.0, -2503.042236328125], [-0.02218160778284073, 0.9997539520263672, 0.0, -826.9178466796875], [0.0, 0.0, 1.0, 0.0], [0.0, 0.0, 0.0, 1.0]], "cam_ids": [0, 1, 2, 3, 4, 5], "cam_channels": ["CAM_FRONT_LEFT", "CAM_FRONT", "CAM_FRONT_RIGHT", "CAM_BACK_LEFT", "CAM_BACK", "CAM_BACK_RIGHT"], "token": "0ed4dbcd27d44c81abbfe38918c26a1f", "scene": "scene-0512"}, {"images": ["samples/CAM_FRONT_LEFT/n008-2018-08-28-13-40-50-0400__CAM_FRONT_LEFT__1535478882154799.jpg", "samples/CAM_FRONT/n008-2018-08-28-13-40-50-0400__CAM_FRONT__1535478882162404.jpg", "samples/CAM_FRONT_RIGHT/n008-2018-08-28-13-40-50-0400__CAM_FRONT_RIGHT__1535478882170482.jpg", "samples/CAM_BACK_LEFT/n008-2018-08-28-13-40-50-0400__CAM_BACK_LEFT__1535478882197419.jpg", "samples/CAM_BACK/n008-2018-08-28-13-40-50-0400__CAM_BACK__1535478882187558.jpg", "samples/CAM_BACK_RIGHT/n008-2018-08-28-13-40-50-0400__CAM_BACK_RIGHT__1535478882178113.jpg"], "intrinsics": [[[1257.8625342125129, 0.0, 827.2410631095686], [0.0, 1257.8625342125129, 450.915498205774], [0.0, 0.0, 1.0]], [[1252.8131021185304, 0.0, 826.588114781398], [0.0, 1252.8131021185304, 469.9846626224581], [0.0, 0.0, 1.0]], [[1256.7485116440405, 0.0, 817.7887570959712], [0.0, 1256.7485116440403, 451.9541780095127], [0.0, 0.0, 1.0]], [[1254.9860565800168, 0.0, 829.5769333630991], [0.0, 1254.9860565800168, 467.1680561863987], [0.0, 0.0, 1.0]], [[796.8910634503094, 0.0, 857.7774326863696], [0.0, 796.8910634503094, 476.8848988407415], [0.0, 0.0, 1.0]], [[1249.9629280788233, 0.0, 825.3768045375984], [0.0, 1249.9629280788233, 462.54816385708756], [0.0, 0.0, 1.0]]], "extrinsics": [[[0.8242494463920593, -0.5662267804145813, -0.0002626792702358216, -0.7265625], [0.012289468199014664, 0.018353430554270744, -0.9997560381889343, 1.4924125671386719], [0.566093385219574, 0.8240451216697693, 0.022086432203650475, -1.1435546875], [0.0, 0.0, 0.0, 1.0]], [[0.012835441157221794, -0.9998185634613037, -0.014070956036448479, 0.00958251953125], [0.014227698557078838, 0.014253306202590466, -0.9997971653938293, 1.484100341796875], [0.9998162984848022, 0.0126326410099864, 0.01440806407481432, -1.45751953125], [0.0, 0.0, 0.0, 1.0]], [[-0.8428277969360352, -0.53774493932724, -0.021719202399253845, 0.9111328125], [0.022209787741303444, 0.005568592809140682, -0.9997377991676331, 1.4978103637695312], [0.5377249121665955, -0.8430891036987305, 0.007249836809933186, -1.162353515625], [0.0, 0.0, 0.0, 1.0]], [[0.9478882551193237, 0.31858354806900024, 0.0034977614413946867, -1.14599609375], [-0.0032353017013520002, 0.02060277760028839, -0.9997825026512146, 1.5620498657226562], [-0.3185863196849823, 0.9476708769798279, 0.020559847354888916, -0.1554718017578125], [0.0, 0.0, 0.0, 1.0]], [[0.00844885315746069, 0.9998785257339478, 0.0130976727232337, -0.0284423828125], [-0.0010602101683616638, 0.013107089325785637, -0.9999135136604309, 1.5679755210876465], [-0.9999637603759766, 0.00843423511832