[{"images": ["samples/CAM_FRONT_LEFT/n015-2018-11-21-19-11-29+0800__CAM_FRONT_LEFT__1542799151605108.jpg", "samples/CAM_FRONT/n015-2018-11-21-19-11-29+0800__CAM_FRONT__1542799151612460.jpg", "samples/CAM_FRONT_RIGHT/n015-2018-11-21-19-11-29+0800__CAM_FRONT_RIGHT__1542799151620339.jpg", "samples/CAM_BACK_LEFT/n015-2018-11-21-19-11-29+0800__CAM_BACK_LEFT__1542799151647423.jpg", "samples/CAM_BACK/n015-2018-11-21-19-11-29+0800__CAM_BACK__1542799151637525.jpg", "samples/CAM_BACK_RIGHT/n015-2018-11-21-19-11-29+0800__CAM_BACK_RIGHT__1542799151627893.jpg"], "intrinsics": [[[1272.5979470598488, 0.0, 826.6154927353808], [0.0, 1272.5979470598488, 479.75165386361925], [0.0, 0.0, 1.0]], [[1266.417203046554, 0.0, 816.2670197447984], [0.0, 1266.417203046554, 491.50706579294757], [0.0, 0.0, 1.0]], [[1260.8474446004698, 0.0, 807.968244525554], [0.0, 1260.8474446004698, 495.3344268742088], [0.0, 0.0, 1.0]], [[1256.7414812095406, 0.0, 792.1125740759628], [0.0, 1256.7414812095406, 492.7757465151356], [0.0, 0.0, 1.0]], [[809.2209905677063, 0.0, 829.2196003259838], [0.0, 809.2209905677063, 481.77842384512485], [0.0, 0.0, 1.0]], [[1259.5137405846733, 0.0, 807.2529053838625], [0.0, 1259.5137405846733, 501.19579884916527], [0.0, 0.0, 1.0]]], "extrinsics": [[[0.8203017711639404, -0.5719307065010071, -0.0005999970599077642, -0.541748046875], [-0.0017695350106805563, -0.0014889165759086609, -0.9999973177909851, 1.5073494911193848], [0.5719282031059265, 0.8203005194664001, -0.002233412116765976, -0.991546630859375], [0.0, 0.0, 0.0, 1.0]], [[0.004876436199992895, -0.999972939491272, 0.0055047012865543365, 0.01123046875], [-0.007345417980104685, -0.005540437530726194, -0.9999577403068542, 1.5174345970153809], [0.9999610781669617, 0.004835784435272217, -0.0073722368106245995, -1.267578125], [0.0, 0.0, 0.0, 1.0]], [[-0.8333303928375244, -0.5527544617652893, -0.004782665055245161, 0.75848388671875], [-0.0020031151361763477, 0.011671707034111023, -0.9999298453330994, 1.5029525756835938], [0.5527715086936951, -0.8332624435424805, -0.010833616368472576, -1.063720703125], [0.0, 0.0, 0.0, 1.0]], [[0.947762668132782, 0.31897619366645813, -0.0004974728217348456, -1.1383056640625], [0.00571162486448884, -0.018530050292611122, -0.9998120069503784, 1.5885810852050781], [-0.3189254105091095, 0.9475815892219543, -0.019383961334824562, -0.10546875], [0.0, 0.0, 0.0, 1.0]], [[0.002660213503986597, 0.9999586343765259, -0.008704137057065964, 0.001953125], [-0.019373467192053795, -0.008650997653603554, -0.9997748732566833, 1.5769824981689453], [-0.9998088479042053, 0.0028282473795115948, 0.019349651411175728, -0.12109375], [0.0, 0.0, 0.0, 1.0]], [[-0.9346202611923218, 0.3554964065551758, -0.010353044606745243, 0.91162109375], [0.013599374331533909, 0.006634078919887543, -0.9998855590820312, 1.5546932220458984], [-0.35538700222969055, -0.9346541166305542, -0.011034875176846981, -0.1468505859375], [0.0, 0.0, 0.0, 1.0]]], "view": [[0.0, -2.0, 100.0], [-2.0, 0.0, 100.0], [0.0, 0.0, 1.0]], "bev": "bev_85db54684c754509bd8763e5fce81970.png", "aux": "aux_85db54684c754509bd8763e5fce81970.npz", "visibility": "visibility_85db54684c754509bd8763e5fce81970.png", "pose": [[-0.1408715546131134, 0.990027904510498, 0.0, 2443.482177734375], [-0.990027904510498, -0.1408715546131134, 0.0, 2246.618896484375], [0.0, 0.0, 1.0, 0.0], [0.0, 0.0, 0.0, 1.0]], "pose_inverse": [[-0.1408715546131134, -0.990027904510498, 0.0, 2568.432373046875], [0.990027904510498, -0.1408715546131134, 0.0, -2102.630859375], [0.0, 0.0, 1.0, 0.0], [0.0, 0.0, 0.0, 1.0]], "cam_ids": [0, 1, 2, 3, 4, 5], "cam_channels": ["CAM_FRONT_LEFT", "CAM_FRONT", "CAM_FRONT_RIGHT", "CAM_BACK_LEFT", "CAM_BACK", "CAM_BACK_RIGHT"], "token": "85db54684c754509bd8763e5fce81970", "scene": "scene-1058"}, {"images": ["samples/CAM_FRONT_LEFT/n015-2018-11-21-19-11-29+0800__CAM_FRONT_LEFT__1542799152104844.jpg", "samples/CAM_FRONT/n015-2018-11-21-19-11-29+0800__CAM_FRONT__1542799152112460.jpg", "samples/CAM_FRONT_RIGHT/n015-2018-11-21-19-11-29+0800__CAM_FRONT_RIGHT__1542799152120339.jpg", "samples/CAM_BACK_LEFT/n015-2018-11-21-19-11-29+0800__CAM_BACK_LEFT__1542799152147423.jpg", "samples/CAM_BACK/n015-2018-11-21-19-11-29+0800__CAM_BACK__1542799152137525.jpg", "samples/CAM_BACK_RIGHT/n015-2018-11-21-19-11-29+0800__CAM_BACK_RIGHT__1542799152127893.jpg"], "intrinsics": [[[1272.5979470598488, 0.0, 826.6154927353808], [0.0, 1272.5979470598488, 479.75165386361925], [0.0, 0.0, 1.0]], [[1266.417203046554, 0.0, 816.2670197447984], [0.0, 1266.417203046554, 491.50706579294757], [0.0, 0.0, 1.0]], [[1260.8474446004698, 0.0, 807.968244525554], [0.0, 1260.8474446004698, 495.3344268742088], [0.0, 0.0, 1.0]], [[1256.7414812095406, 0.0, 792.1125740759628], [0.0, 1256.7414812095406, 492.7757465151356], [0.0, 0.0, 1.0]], [[809.2209905677063, 0.0, 829.2196003259838], [0.0, 809.2209905677063, 481.77842384512485], [0.0, 0.0, 1.0]], [[1259.5137405846733, 0.0, 807.2529053838625], [0.0, 1259.5137405846733, 501.19579884916527], [0.0, 0.0, 1.0]]], "extrinsics": [[[0.8201514482498169, -0.5721375346183777, -0.0032208894845098257, -0.545166015625], [-0.0036386079154908657, 0.0004136393254157156, -0.9999933242797852, 1.5063905715942383], [0.5721349716186523, 0.8201576471328735, -0.0017425374826416373, -0.989715576171875], [0.0, 0.0, 0.0, 1.0]], [[0.004947254899889231, -0.9999815225601196, 0.0035276184789836407, 0.009033203125], [-0.008882593363523483, -0.0035714672412723303, -0.9999542236328125, 1.516794204711914], [0.999948263168335, 0.004915677942335606, -0.008900098502635956, -1.270751953125], [0.0, 0.0, 0.0, 1.0]], [[-0.8332446813583374, -0.5528825521469116, -0.0049232603050768375, 0.7593994140625], [-0.0031895500142127275, 0.013710775412619114, -0.9999008774757385, 1.5025711059570312], [0.5528952479362488, -0.8331463932991028, -0.013187875971198082, -1.065673828125], [0.0, 0.0, 0.0, 1.0]], [[0.9477655291557312, 0.3189677894115448, 0.00010711694631027058, -1.1339111328125], [0.0055887047201395035, -0.016270233318209648, -0.9998519420623779, 1.5886039733886719], [-0.3189188539981842, 0.9476259350776672, -0.017202982679009438, -0.106689453125], [0.0, 0.0, 0.0, 1.0]], [[0.0026037911884486675, 0.9999757409095764, -0.006461559794843197, 0.00244140625], [-0.019877908751368523, -0.006408547516912222, -0.9997819066047668, 1.5768623352050781], [-0.9997990131378174, 0.0027316648047417402, 0.01986073888838291, -0.1240234375], [0.0, 0.0, 0.0, 1.0]], [[-0.9346696138381958, 0.3554089069366455, -0.008784353733062744, 0.912109375], [0.012733779847621918, 0.008774609304964542, -0.9998804330825806, 1.5544891357421875], [-0.3552893400192261, -0.9346697926521301, -0.012727062217891216, -0.147705078125], [0.0, 0.0, 0.0, 1.0]]], "view": [[0.0, -2.0, 100.0], [-2.0, 0.0, 100.0], [0.0, 0.0, 1.0]], "bev": "bev_1723765fbd394388ba47438e98f4b1ef.png", "aux": "aux_1723765fbd394388ba47438e98f4b1ef.npz", "visibility": "visibility_1723765fbd394388ba47438e98f4b1ef.png", "pose": [[-0.13840903341770172, 0.9903751611709595, 0.0, 2442.597900390625], [-0.9903751611709595, -0.13840903341770172, 0.0, 2240.71533203125], [0.0, 0.0, 1.0, 0.0], [0.0, 0.0, 0.0, 1.0]], "pose_inverse": [[-0.13840903341770172, -0.9903751611709595, 0.0, 2557.226318359375], [0.9903751611709595, -0.13840903341770172, 0.0, -2108.953125], [0.0, 0.0, 1.0, 0.0], [0.0, 0.0, 0.0, 1.0]], "cam_ids": [0, 1, 2, 3, 4, 5], "cam_channels": ["CAM_FRONT_LEFT", "CAM_FRONT", "CAM_FRONT_RIGHT", "CAM_BACK_LEFT", "CAM_BACK", "CAM_BACK_RIGHT"], "token": "1723765fbd394388ba47438e98f4b1ef", "scene": "scene-1058"}, {"images": ["samples/CAM_FRONT_LEFT/n015-2018-11-21-19-11-29+0800__CAM_FRONT_LEFT__1542799152604844.jpg", "samples/CAM_FRONT/n015-2018-11-21-19-11-29+0800__CAM_FRONT__1542799152612460.jpg", "samples/CAM_FRONT_RIGHT/n015-2018-11-21-19-11-29+0800__CAM_FRONT_RIGHT__1542799152620339.jpg", "samples/CAM_BACK_LEFT/n015-2018-11-21-19-11-29+0800__CAM_BACK_LEFT__1542799152647423.jpg", "samples/CAM_BACK/n015-2018-11-21-19-11-29+0800__CAM_BACK__1542799152637525.jpg", "samples/CAM_BACK_RIGHT/n015-2018-11-21-19-11-29+0800__CAM_BACK_RIGHT__1542799152627893.jpg"], "intrinsics": [[[1272.5979470598488, 0.0, 826.6154927353808], [0.0, 1272.5979470598488, 479.75165386361925], [0.0, 0.0, 1.0]], [[1266.417203046554, 0.0, 816.2670197447984], [0.0, 1266.417203046554, 491.50706579294757], [0.0, 0.0, 1.0]], [[1260.8474446004698, 0.0, 807.968244525554], [0.0, 1260.8474446004698, 495.3344268742088], [0.0, 0.0, 1.0]], [[1256.7414812095406, 0.0, 792.1125740759628], [0.0, 1256.7414812095406, 492.7757465151356], [0.0, 0.0, 1.0]], [[809.2209905677063, 0.0, 829.2196003259838], [0.0, 809.2209905677063, 481.77842384512485], [0.0, 0.0, 1.0]], [[1259.5137405846733, 0.0, 807.2529053838625], [0.0, 1259.5137405846733, 501.19579884916527], [0.0, 0.0, 1.0]]], "extrinsics": [[[0.8210755586624146, -0.5707707405090332, -0.007462641689926386, -0.55078125], [-0.0063023557886481285, 0.004008130170404911, -0.9999721050262451, 1.5050697326660156], [0.5707846879959106, 0.8210996389389038, -0.00030622255872003734, -0.997039794921875], [0.0, 0.0, 0.0, 1.0]], [[0.006167047657072544, -0.9999809265136719, -8.578704000683501e-05, 0.010986328125], [-0.011331671848893166, 1.589892417541705e-05, -0.9999358057975769, 1.5158519744873047], [0.9999167919158936, 0.006167632527649403, -0.01133135799318552, -1.279296875], [0.0, 0.0, 0.0, 1.0]], [[-0.832766056060791, -0.553601861000061, -0.005051328334957361, 0.765380859375], [-0.005438204854726791, 0.017303502187132835, -0.9998354315757751, 1.5018501281738281], [0.553598165512085, -0.8326017260551453, -0.017420370131731033, -1.068359375], [0.0, 0.0, 0.0, 1.0]], [[0.9478021860122681, 0.31885862350463867, 6.998831668170169e-05, -1.1348876953125], [0.004356182646006346, -0.01272920984774828, -0.9999094605445862, 1.5885810852050781], [-0.318828821182251, 0.9477168321609497, -0.013453780673444271, -0.105712890625], [0.0, 0.0, 0.0, 1.0]], [[0.002286613453179598, 0.9999931454658508, -0.0029368617106229067, 0.002197265625], [-0.021498527377843857, -0.002887031529098749, -0.9997646808624268, 1.57672119140625], [-0.9997662305831909, 0.002349209040403366, 0.021491777151823044, -0.120361328125], [0.0, 0.0, 0.0, 1.0]], [[-0.9349115490913391, 0.3548356890678406, -0.005645646248012781, 0.91650390625], [0.010730909183621407, 0.012365048751235008, -0.9998660087585449, 1.553938388824463], [-0.3547183573246002, -0.9348469376564026, -0.015367938205599785, -0.144775390625], [0.0, 0.0, 0.0, 1.0]]], "view": [[0.0, -2.0, 100.0], [-2.0, 0.0, 100.0], [0.0, 0.0, 1.0]], "bev": "bev_31a68e4d5e32498891c650e1e105c8db.png", "aux": "aux_31a68e4d5e32498891c650e1e105c8db.npz", "visibility": "visibility_31a68e4d5e32498891c650e1e105c8db.png", "pose": [[-0.13569000363349915, 0.990751326084137, 0.0, 2441.796142578125], [-0.990751326084137, -0.13569000363349915, 0.0, 2235.0380859375], [0.0, 0.0, 1.0, 0.0], [0.0, 0.0, 0.0, 1.0]], "pose_inverse": [[-0.13569000363349915, -0.990751326084137, 0.0, 2545.6943359375], [0.990751326084137, -0.13569000363349915, 0.0, -2115.9404296875], [0.0, 0.0, 1.0, 0.0], [0.0, 0.0, 0.0, 1.0]], "cam_ids": [0, 1, 2, 3, 4, 5], "cam_channels": ["CAM_FRONT_LEFT", "CAM_FRONT", "CAM_FRONT_RIGHT", "CAM_BACK_LEFT", "CAM_BACK", "CAM_BACK_RIGHT"], "token": "31a68e4d5e32498891c650e1e105c8db", "scene": "scene-1058"}, {"images": ["samples/CAM_FRONT_LEFT/n015-2018-11-21-19-11-29+0800__CAM_FRONT_LEFT__1542799153104844.jpg", "samples/CAM_FRONT/n015-2018-11-21-19-11-29+0800__CAM_FRONT__1542799153112460.jpg", "samples/CAM_FRONT_RIGHT/n015-2018-11-21-19-11-29+0800__CAM_FRONT_RIGHT__1542799153120339.jpg", "samples/CAM_BACK_LEFT/n015-2018-11-21-19-11-29+0800__CAM_BACK_LEFT__1542799153147423.jpg", "samples/CAM_BACK/n015-2018-11-21-19-11-29+0800__CAM_BACK__1542799153137525.jpg", "samples/CAM_BACK_RIGHT/n015-2018-11-21-19-11-29+0800__CAM_BACK_RIGHT__1542799153127893.jpg"], "intrinsics": [[[1272.5979470598488, 0.0, 826.6154927353808], [0.0, 1272.5979470598488, 479.75165386361925], [0.0, 0.0, 1.0]], [[1266.417203046554, 0.0, 816.2670197447984], [0.0, 1266.417203046554, 491.50706579294757], [0.0, 0.0, 1.0]], [[1260.8474446004698, 0.0, 807.968244525554], [0.0, 1260.8474446004698, 495.3344268742088], [0.0, 0.0, 1.0]], [[1256.7414812095406, 0.0, 792.1125740759628], [0.0, 1256.7414812095406, 492.7757465151356], [0.0, 0.0, 1.0]], [[809.2209905677063, 0.0, 829.2196003259838], [0.0, 809.2209905677063, 481.77842384512485], [0.0, 0.0, 1.0]], [[1259.5137405846733, 0.0, 807.2529053838625], [0.0, 1259.5137405846733, 501.19579884916527], [0.0, 0.0, 1.0]]], "extrinsics": [[[0.8204528093338013, -0.5716971158981323, -0.00442042900249362, -0.553955078125], [-0.0025932842399924994, 0.004010360222309828, -0.9999885559082031, 1.506941795349121], [0.5717082619667053, 0.8204549551010132, 0.0018077389104291797, -0.9976806640625], [0.0, 0.0, 0.0, 1.0]], [[0.005268069915473461, -0.9999861121177673, -3.278883741586469e-05, 0.009765625], [-0.007829084992408752, -8.456386240141e-06, -0.9999693632125854, 1.5173110961914062], [0.9999554753303528, 0.005268176086246967, -0.00782901979982853, -1.28076171875], [0.0, 0.0, 0.0, 1.0]], [[-0.8331252932548523, -0.5530300140380859, -0.007759459782391787, 0.7657470703125], [-0.0021329487208276987, 0.01724192500114441, -0.9998490810394287, 1.5029182434082031], [0.5530803203582764, -0.8329829573631287, -0.015544266439974308, -1.069091796875], [0.0, 0.0, 0.0, 1.0]], [[0.947839081287384, 0.3187401294708252, 0.0024104551412165165, -1.1298828125], [0.006932977586984634, -0.013055010698735714, -0.9998907446861267, 1.5886459350585938], [-0.3186738193035126, 0.9477522969245911, -0.01458386704325676, -0.107666015625], [0.0, 0.0, 0.0, 1.0]], [[0.002576271304860711, 0.9999920725822449, -0.003064405405893922, 0.002197265625], [-0.018659431487321854, -0.0030158101581037045, -0.9998213648796082, 1.5770225524902344], [-0.9998226165771484, 0.0026329862885177135, 0.018651509657502174, -0.12353515625], [0.0, 0.0, 0.0, 1.0]], [[-0.9347118139266968, 0.3553031086921692, -0.00857478566467762, 0.916259765625], [0.013832798227667809, 0.012260964140295982, -0.9998291730880737, 1.5546903610229492], [-0.35513728857040405, -0.9346707463264465, -0.016375303268432617, -0.14599609375], [0.0, 0.0, 0.0, 1.0]]], "view": [[0.0, -2.0, 100.0], [-2.0, 0.0, 100.0], [0.0, 0.0, 1.0]], "bev": "bev_18cc025ad0cc4afa9e29650570dab255.png", "aux": "aux_18cc025ad0cc4afa9e29650570dab255.npz", "visibility": "visibility_18cc025ad0cc4afa9e29650570dab255.png", "pose": [[-0.1356898844242096, 0.9907513856887817, 0.0, 2440.974365234375], [-0.9907513856887817, -0.1356898844242096, 0.0, 2229.377197265625], [0.0, 0.0, 1.0, 0.0], [0.0, 0.0, 0.0, 1.0]], "pose_inverse": [[-0.1356898844242096, -0.9907513856887817, 0.0, 2539.97412109375], [0.9907513856887817, -0.1356898844242096, 0.0, -2115.894775390625], [0.0, 0.0, 1.0, 0.0], [0.0, 0.0, 0.0, 1.0]], "cam_ids": [0, 1, 2, 3, 4, 5], "cam_channels": ["CAM_FRONT_LEFT", "CAM_FRONT", "CAM_FRONT_RIGHT", "CAM_BACK_LEFT", "CAM_BACK", "CAM_BACK_RIGHT"], "token": "18cc025ad0cc4afa9e29650570dab255", "scene": "scene-1058"}, {"images": ["samples/CAM_FRONT_LEFT/n015-2018-11-21-19-11-29+0800__CAM_FRONT_LEFT__1542799153604844.jpg", "samples/CAM_FRONT/n015-2018-11-21-19-11-29+0800__CAM_FRONT__1542799153612460.jpg", "samples/CAM_FRONT_RIGHT/n015-2018-11-21-19-11-29+0800__CAM_FRONT_RIGHT__1542799153620350.jpg", "samples/CAM_BACK_LEFT/n015-2018-11-21-19-11-29+0800__CAM_BACK_LEFT__1542799153647423.jpg", "samples/CAM_BACK/n015-2018-11-21-19-11-29+0800__CAM_BACK__1542799153637525.jpg", "samples/CAM_BACK_RIGHT/n015-2018-11-21-19-11-29+0800__CAM_BACK_RIGHT__1542799153627893.jpg"], "intrinsics": [[[1272.5979470598488, 0.0, 826.6154927353808], [0.0, 1272.5979470598488, 479.75165386361925], [0.0, 0.0, 1.0]], [[1266.417203046554, 0.0, 816.2670197447984], [0.0, 1266.417203046554, 491.50706579294757], [0.0, 0.0, 1.0]], [[1260.8474446004698, 0.0, 807.968244525554], [0.0, 1260.8474446004698, 495.3344268742088], [0.0, 0.0, 1.0]], [[1256.7414812095406, 0.0, 792.1125740759628], [0.0, 1256.7414812095406, 492.7757465151356], [0.0, 0.0, 1.0]], [[809.2209905677063, 0.0, 829.2196003259838], [0.0, 809.2209905677063, 481.77842384512485], [0.0, 0.0, 1.0]], [[1259.5137405846733, 0.0, 807.2529053838625], [0.0, 1259.5137405846733, 501.19579884916527], [0.0, 0.0, 1.0]]], "extrinsics": [[[0.8205111622810364, -0.5716227293014526, -0.002993646077811718, -0.563720703125], [0.00023452889581676573, 0.005573664326220751, -0.9999844431877136, 1.5083503723144531], [0.5716304779052734, 0.8204976320266724, 0.0047073159366846085, -1.003326416015625], [0.0, 0.0, 0.0, 1.0]], [[0.005331563297659159, -0.9999846816062927, -0.0015052843373268843, 0.00927734375], [-0.005060059949755669, 0.0014783079968765378, -0.9999861121177673, 1.5184955596923828], [0.9999729990959167, 0.005339123774319887, -0.0050521004013717175, -1.290283203125], [0.0, 0.0, 0.0, 1.0]], [[-0.8330749273300171, -0.5530548691749573, -0.010794308967888355, 0.77154541015625], [0.0005737931351177394, 0.01864990033209324, -0.9998258948326111, 1.5037956237792969], [0.5531598329544067, -0.8329360485076904, -0.015219423919916153, -1.073974609375], [0.0, 0.0, 0.0, 1.0]], [[0.9477186799049377, 0.3190665543079376, 0.005085210781544447, -1.1356201171875], [0.009290536865592003, -0.011659542098641396, -0.9998888373374939, 1.5886192321777344], [-0.31897181272506714, 0.9476606845855713, -0.014014264568686485, -0.106201171875], [0.0, 0.0, 0.0, 1.0]], [[0.002510067541152239, 0.9999954104423523, -0.0017483294941484928, 0.00244140625], [-0.0161435529589653, -0.0017075856449082494, -0.9998682141304016, 1.5774116516113281], [-0.9998666644096375, 0.0025379504077136517, 0.016139188781380653, -0.11865234375], [0.0, 0.0, 0.0, 1.0]], [[-0.9346983432769775, 0.35528475046157837, -0.010562906041741371, 0.921142578125], [0.016469521448016167, 0.013604694046080112, -0.9997718334197998, 1.5552129745483398], [-0.35505998134613037, -0.9346591234207153, -0.018567657098174095, -0.1441650390625], [0.0, 0.0, 0.0, 1.0]]], "view": [[0.0, -2.0, 100.0], [-2.0, 0.0, 100.0], [0.0, 0.0, 1.0]], "bev": "bev_ec5cd7ded8bc475389b960944fcac979.png", "aux": "aux_ec5cd7ded8bc475389b960944fcac979.npz", "visibility": "visibility_ec5cd7ded8bc475389b960944fcac979.png", "pose": [[-0.13387082517147064, 0.9909988045692444, 0.0, 2440.160400390625], [-0.9909988045692444, -0.13387082517147064, 0.0, 2223.759765625], [0.0, 0.0, 1.0, 0.0], [0.0, 0.0, 0.0, 1.0]], "pose_inverse": [[-0.13387082517147064, -0.9909988045692444, 0.0, 2530.409423828125], [0.9909988045692444, -0.13387082517147064, 0.0, -2120.49951171875], [0.0, 0.0, 1.0, 0.0], [0.0, 0.0, 0.0, 1.0]], "cam_ids": [0, 1, 2, 3, 4, 5], "cam_channels": ["CAM_FRONT_LEFT", "CAM_FRONT", "CAM_FRONT_RIGHT", "CAM_BACK_LEFT", "CAM_BACK", "CAM_BACK_RIGHT"], "token": "ec5cd7ded8bc475389b960944fcac979", "scene": "scene-1058"}, {"images": ["samples/CAM_FRONT_LEFT/n015-2018-11-21-19-11-29+0800__CAM_FRONT_LEFT__1542799154104844.jpg", "samples/CAM_FRONT/n015-2018-11-21-19-11-29+0800__CAM_FRONT__1542799154112460.jpg", "samples/CAM_FRONT_RIGHT/n015-2018-11-21-19-11-29+0800__CAM_FRONT_RIGHT__1542799154120339.jpg", "samples/CAM_BACK_LEFT/n015-2018-11-21-19-11-29+0800__CAM_BACK_LEFT__1542799154147423.jpg", "samples/CAM_BACK/n015-2018-11-21-19-11-29+0800__CAM_BACK__1542799154137525.jpg", "samples/CAM_BACK_RIGHT/n015-2018-11-21-19-11-29+0800__CAM_BACK_RIGHT__1542799154127893.jpg"], "intrinsics": [[[1272.5979470598488, 0.0, 826.6154927353808], [0.0, 1272.5979470598488, 479.75165386361925], [0.0, 0.0, 1.0]], [[1266.417203046554, 0.0, 816.2670197447984], [0.0, 1266.417203046554, 491.50706579294757], [0.0, 0.0, 1.0]], [[1260.8474446004698, 0.0, 807.968244525554], [0.0, 1260.8474446004698, 495.3344268742088], [0.0, 0.0, 1.0]], [[1256.7414812095406, 0.0, 792.1125740759628], [0.0, 1256.7414812095406, 492.7757465151356], [0.0, 0.0, 1.0]], [[809.2209905677063, 0.0, 829.2196003259838], [0.0, 809.2209905677063, 481.77842384512485], [0.0, 0.0, 1.0]], [[1259.5137405846733, 0.0, 807.2529053838625], [0.0, 1259.5137405846733, 501.19579884916527], [0.0, 0.0, 1.0]]], "extrinsics": [[[0.8208531141281128, -0.5711363554000854, -0.0018488344503566623, -0.56103515625], [0.002861298155039549, 0.007349352352321148, -0.9999688863754272, 1.5096168518066406], [0.5711321830749512, 0.8208222985267639, 0.007666929624974728, -1.004150390625], [0.0, 0.0, 0.0, 1.0]], [[0.005810671020299196, -0.9999775886535645, -0.0033142066095024347, 0.0107421875], [-0.0021909112110733986, 0.003301524557173252, -0.9999921917915344, 1.519639015197754], [0.9999807476997375, 0.005817893426865339, -0.0021716791670769453, -1.289794921875], [0.0, 0.0, 0.0, 1.0]], [[-0.8328343629837036, -0.55333411693573, -0.01442995760589838, 0.77197265625], [0.0036843176931142807, 0.02052718959748745, -0.9997825026512146, 1.5047492980957031], [0.5535099506378174, -0.8327064514160156, -0.015057088807225227, -1.07275390625], [0.0, 0.0, 0.0, 1.0]], [[0.9477132558822632, 0.3189854025840759, 0.009374615736305714, -1.131103515625], [0.013156023807823658, -0.009701935574412346, -0.9998663663864136, 1.588714599609375], [-0.3188517987728119, 0.9477099776268005, -0.013391232118010521, -0.108154296875], [0.0, 0.0, 0.0, 1.0]], [[0.0023814626038074493, 0.9999972581863403, 0.00019724623416550457, 0.001953125], [-0.012548958882689476, 0.00022711670317221433, -0.9999212622642517, 1.5778350830078125], [-0.9999184608459473, 0.0023787992540746927, 0.012549466453492641, -0.118896484375], [0.0, 0.0, 0.0, 1.0]], [[-0.9347540140151978, 0.3550579249858856, -0.012997535988688469, 0.921875], [0.019796578213572502, 0.015522832982242107, -0.9996834993362427, 1.5559501647949219], [-0.3547438383102417, -0.9347155094146729, -0.021538961678743362, -0.142822265625], [0.0, 0.0, 0.0, 1.0]]], "view": [[0.0, -2.0, 100.0], [-2.0, 0.0, 100.0], [0.0, 0.0, 1.0]], "bev": "bev_29716cf1c0194734b15f72c458dabb4c.png", "aux": "aux_29716cf1c0194734b15f72c458dabb4c.npz", "visibility": "visibility_29716cf1c0194734b15f72c458dabb4c.png", "pose": [[-0.13083046674728394, 0.9914047718048096, 0.0, 2439.3798828125], [-0.9914047718048096, -0.13083046674728394, 0.0, 2218.174560546875], [0.0, 0.0, 1.0, 0.0], [0.0, 0.0, 0.0, 1.0]], "pose_inverse": [[-0.13083046674728394, -0.9914047718048096, 0.0, 2518.254150390625], [0.9914047718048096, -0.13083046674728394, 0.0, -2128.2080078125], [0.0, 0.0, 1.0, 0.0], [0.0, 0.0, 0.0, 1.0]], "cam_ids": [0, 1, 2, 3, 4, 5], "cam_channels": ["CAM_FRONT_LEFT", "CAM_FRONT", "CAM_FRONT_RIGHT", "CAM_BACK_LEFT", "CAM_BACK", "CAM_BACK_RIGHT"], "token": "29716cf1c0194734b15f72c458dabb4c", "scene": "scene-1058"}, {"images": ["samples/CAM_FRONT_LEFT/n015-2018-11-21-19-11-29+0800__CAM_FRONT_LEFT__1542799154604844.jpg", "samples/CAM_FRONT/n015-2018-11-21-19-11-29+0800__CAM_FRONT__1542799154612460.jpg", "samples/CAM_FRONT_RIGHT/n015-2018-11-21-19-11-29+0800__CAM_FRONT_RIGHT__1542799154620339.jpg", "samples/CAM_BACK_LEFT/n015-2018-11-21-19-11-29+0800__CAM_BACK_LEFT__1542799154647423.jpg", "samples/CAM_BACK/n015-2018-11-21-19-11-29+0800__CAM_BACK__1542799154637525.jpg", "samples/CAM_BACK_RIGHT/n015-2018-11-21-19-11-29+0800__CAM_BACK_RIGHT__1542799154627893.jpg"], "intrinsics": [[[1272.5979470598488, 0.0, 826.6154927353808], [0.0, 1272.5979470598488, 479.75165386361925], [0.0, 0.0, 1.0]], [[1266.417203046554, 0.0, 816.2670197447984], [0.0, 1266.417203046554, 491.50706579294757], [0.0, 0.0, 1.0]], [[1260.8474446004698, 0.0, 807.968244525554], [0.0, 1260.8474446004698, 495.3344268742088], [0.0, 0.0, 1.0]], [[1256.7414812095406, 0.0, 792.1125740759628], [0.0, 1256.7414812095406, 492.7757465151356], [0.0, 0.0, 1.0]], [[809.2209905677063, 0.0, 829.2196003259838], [0.0, 809.2209905677063, 481.77842384512485], [0.0, 0.0, 1.0]], [[1259.5137405846733, 0.0, 807.2529053838625], [0.0, 1259.5137405846733, 501.19579884916527], [0.0, 0.0, 1.0]]], "extrinsics": [[[0.820704996585846, -0.5713304877281189, -0.004974243231117725, -0.574462890625], [0.0027367749717086554, 0.012637014500796795, -0.9999164342880249, 1.509511947631836], [0.5713455677032471, 0.8206227421760559, 0.011934864334762096, -1.011260986328125], [0.0, 0.0, 0.0, 1.0]], [[0.0054727718234062195, -0.9999465346336365, -0.008772889152169228, 0.00927734375], [-0.0026326107326895, 0.00875858310610056, -0.9999582171440125, 1.5194873809814453], [0.9999815225601196, 0.005495620425790548, -0.002584535861387849, -1.301513671875], [0.0, 0.0, 0.0, 1.0]], [[-0.8330198526382446, -0.5529847741127014, -0.01690150983631611, 0.77862548828125], [0.0029202760197222233, 0.026154441758990288, -0.9996536374092102, 1.5044937133789062], [0.5532353520393372, -0.8327807188034058, -0.020172301679849625, -1.078369140625], [0.0, 0.0, 0.0, 1.0]], [[0.9477433562278748, 0.3188921809196472, 0.009503797627985477, -1.1297607421875], [0.011258420534431934, -0.0036594243720173836, -0.9999299049377441, 1.5886993408203125], [-0.3188350200653076, 0.9477839469909668, -0.0070584178902208805, -0.1083984375], [0.0, 0.0, 0.0, 1.0]], [[0.002499247435480356, 0.9999781250953674, 0.0061317328363657, 0.00244140625], [-0.013998175039887428, 0.006166136357933283, -0.9998829960823059, 1.5776824951171875], [-0.9998987913131714, 0.0024131585378199816, 0.014013278298079967, -0.11767578125], [0.0, 0.0, 0.0, 1.0]], [[-0.9346873760223389, 0.3553316295146942, -0.009941726922988892, 0.926513671875], [0.01873304694890976, 0.021309157833456993, -0.999597430229187, 1.5556200742721558], [-0.35497674345970154, -0.9344973564147949, -0.026573847979307175, -0.14208984375], [0.0, 0.0, 0.0, 1.0]]], "view": [[0.0, -2.0, 100.0], [-2.0, 0.0, 100.0], [0.0, 0.0, 1.0]], "bev": "bev_aba7f23788be44f188db1063421290d4.png", "aux": "aux_aba7f23788be44f188db1063421290d4.npz", "visibility": "visibility_aba7f23788be44f188db1063421290d4.png", "pose": [[-0.12995007634162903, 0.9915205240249634, 0.0, 2438.621826171875], [-0.9915205240249634, -0.12995007634162903, 0.0, 2212.691162109375], [0.0, 0.0, 1.0, 0.0], [0.0, 0.0, 0.0, 1.0]], "pose_inverse": [[-0.12995007634162903, -0.9915205240249634, 0.0, 2510.827880859375], [0.9915205240249634, -0.12995007634162903, 0.0, -2130.404296875], [0.0, 0.0, 1.0, 0.0], [0.0, 0.0, 0.0, 1.0]], "cam_ids": [0, 1, 2, 3, 4, 5], "cam_channels": ["CAM_FRONT_LEFT", "CAM_FRONT", "CAM_FRONT_RIGHT", "CAM_BACK_LEFT", "CAM_BACK", "CAM_BACK_RIGHT"], "token": "aba7f23788be44f188db1063421290d4", "scene": "scene-1058"}, {"images": ["samples/CAM_FRONT_LEFT/n015-2018-11-21-19-11-29+0800__CAM_FRONT_LEFT__1542799155104844.jpg", "samples/CAM_FRONT/n015-2018-11-21-19-11-29+0800__CAM_FRONT__1542799155112460.jpg", "samples/CAM_FRONT_RIGHT/n015-2018-11-21-19-11-29+0800__CAM_FRONT_RIGHT__1542799155120339.jpg", "samples/CAM_BACK_LEFT/n015-2018-11-21-19-11-29+0800__CAM_BACK_LEFT__1542799155147423.jpg", "samples/CAM_BACK/n015-2018-11-21-19-11-29+0800__CAM_BACK__1542799155137525.jpg", "samples/CAM_BACK_RIGHT/n015-2018-11-21-19-11-29+0800__CAM_BACK_RIGHT__1542799155127893.jpg"], "intrinsics": [[[1272.5979470598488, 0.0, 826.6154927353808], [0.0, 1272.5979470598488, 479.75165386361925], [0.0, 0.0, 1.0]], [[1266.417203046554, 0.0, 816.2670197447984], [0.0, 1266.417203046554, 491.50706579294757], [0.0, 0.0, 1.0]], [[1260.8474446004698, 0.0, 807.968244525554], [0.0, 1260.8474446004698, 495.3344268742088], [0.0, 0.0, 1.0]], [[1256.7414812095406, 0.0, 792.1125740759628], [0.0, 1256.7414812095406, 492.7757465151356], [0.0, 0.0, 1.0]], [[809.2209905677063, 0.0, 829.2196003259838], [0.0, 809.2209905677063, 481.77842384512485], [0.0, 0.0, 1.0]], [[1259.5137405846733, 0.0, 807.2529053838625], [0.0, 1259.5137405846733, 501.19579884916527], [0.0, 0.0, 1.0]]], "extrinsics": [[[0.8205820918083191, -0.5714511871337891, -0.00941010657697916, -0.577880859375], [-0.00041201862040907145, 0.015873312950134277, -0.9998739361763, 1.50799560546875], [0.5715284943580627, 0.820482611656189, 0.012789908796548843, -1.01507568359375], [0.0, 0.0, 0.0, 1.0]], [[0.005431583151221275, -0.9999145865440369, -0.01187682244926691, 0.010498046875], [-0.005884574726223946, 0.011844832450151443, -0.9999125599861145, 1.5182266235351562], [0.9999679327011108, 0.005501000210642815, -0.005819736514240503, -1.30615234375], [0.0, 0.0, 0.0, 1.0]], [[-0.8330425024032593, -0.5529853701591492, -0.015726013109087944, 0.7830810546875], [-0.00043655626359395683, 0.02908400446176529, -0.9995768666267395, 1.5034446716308594], [0.5532087087631226, -0.8326832056045532, -0.02446962334215641, -1.080810546875], [0.0, 0.0, 0.0, 1.0]], [[0.9477847218513489, 0.3188357651233673, 0.006918686907738447, -1.1348876953125], [0.0077017066068947315, -0.0011952343629673123, -0.9999696612358093, 1.5886173248291016], [-0.31881779432296753, 0.9478091597557068, -0.0035884054377675056, -0.106201171875], [0.0, 0.0, 0.0, 1.0]], [[0.0025016230065375566, 0.9999586343765259, 0.008746879175305367, 0.001708984375], [-0.01754482463002205, 0.008789448998868465, -0.9998074173927307, 1.5773582458496094], [-0.9998430013656616, 0.0023476839996874332, 0.01756608486175537, -0.111572265625], [0.0, 0.0, 0.0, 1.0]], [[-0.9347307085990906, 0.3553107976913452, -0.005732221063226461, 0.931884765625], [0.015287581831216812, 0.02409125491976738, -0.9995928406715393, 1.554738998413086], [-0.3550280034542084, -0.9344377517700195, -0.027950679883360863, -0.1392822265625], [0.0, 0.0, 0.0, 1.0]]], "view": [[0.0, -2.0, 100.0], [-2.0, 0.0, 100.0], [0.0, 0.0, 1.0]], "bev": "bev_271c581cfd3642ebb0fa863f9fe569f4.png", "aux": "aux_271c581cfd3642ebb0fa863f9fe569f4.npz", "visibility": "visibility_271c581cfd3642ebb0fa863f9fe569f4.png", "pose": [[-0.13287734985351562, 0.9911324977874756, 0.0, 2437.86181640625], [-0.9911324977874756, -0.13287734985351562, 0.0, 2207.263916015625], [0.0, 0.0, 1.0, 0.0], [0.0, 0.0, 0.0, 1.0]], "pose_inverse": [[-0.13287734985351562, -0.9911324977874756, 0.0, 2511.627685546875], [0.9911324977874756, -0.13287734985351562, 0.0, -2122.94873046875], [0.0, 0.0, 1.0, 0.0], [0.0, 0.0, 0.0, 1.0]], "cam_ids": [0, 1, 2, 3, 4, 5], "cam_channels": ["CAM_FRONT_LEFT", "CAM_FRONT", "CAM_FRONT_RIGHT", "CAM_BACK_LEFT", "CAM_BACK", "CAM_BACK_RIGHT"], "token": "271c581cfd3642ebb0fa863f9fe569f4", "scene": "scene-1058"}, {"images": ["samples/CAM_FRONT_LEFT/n015-2018-11-21-19-11-29+0800__CAM_FRONT_LEFT__1542799155604844.jpg", "samples/CAM_FRONT/n015-2018-11-21-19-11-29+0800__CAM_FRONT__1542799155612460.jpg", "samples/CAM_FRONT_RIGHT/n015-2018-11-21-19-11-29+0800__CAM_FRONT_RIGHT__1542799155620339.jpg", "samples/CAM_BACK_LEFT/n015-2018-11-21-19-11-29+0800__CAM_BACK_LEFT__1542799155647423.jpg", "samples/CAM_BACK/n015-2018-11-21-19-11-29+0800__CAM_BACK__1542799155637525.jpg", "samples/CAM_BACK_RIGHT/n015-2018-11-21-19-11-29+0800__CAM_BACK_RIGHT__1542799155627893.jpg"], "intrinsics": [[[1272.5979470598488, 0.0, 826.6154927353808], [0.0, 1272.5979470598488, 479.75165386361925], [0.0, 0.0, 1.0]], [[1266.417203046554, 0.0, 816.2670197447984], [0.0, 1266.417203046554, 491.50706579294757], [0.0, 0.0, 1.0]], [[1260.8474446004698, 0.0, 807.968244525554], [0.0, 1260.8474446004698, 495.3344268742088], [0.0, 0.0, 1.0]], [[1256.7414812095406, 0.0, 792.1125740759628], [0.0, 1256.7414812095406, 492.7757465151356], [0.0, 0.0, 1.0]], [[809.2209905677063, 0.0, 829.2196003259838], [0.0, 809.2209905677063, 481.77842384512485], [0.0, 0.0, 1.0]], [[1259.5137405846733, 0.0, 807.2529053838625], [0.0, 1259.5137405846733, 501.19579884916527], [0.0, 0.0, 1.0]]], "extrinsics": [[[0.8204417824745178, -0.5712990164756775, -0.02219502441585064, -0.603515625], [-0.010603440925478935, 0.023609494790434837, -0.9996650218963623, 1.5035324096679688], [0.571631669998169, 0.8204022645950317, 0.013312478549778461, -1.0313720703125], [0.0, 0.0, 0.0, 1.0]], [[0.005165915470570326, -0.9997929930686951, -0.019679034128785133, 0.009033203125], [-0.015841683372855186, 0.019595004618167877, -0.9996824860572815, 1.5147705078125], [0.9998611807823181, 0.005476020276546478, -0.015737177804112434, -1.331787109375], [0.0, 0.0, 0.0, 1.0]], [[-0.8332586288452148, -0.5527549982070923, -0.011918795295059681, 0.7991943359375], [-0.010147093795239925, 0.03684316575527191, -0.9992695450782776, 1.5007476806640625], [0.5527902841567993, -0.8325290679931641, -0.03630874305963516, -1.09228515625], [0.0, 0.0, 0.0, 1.0]], [[0.9478126764297485, 0.3188265860080719, 0.0007832191186025739, -1.13232421875], [-0.0013490786077454686, 0.006467077415436506, -0.9999781847000122, 1.5885343551635742], [-0.3188246488571167, 0.9477910995483398, 0.006559701636433601, -0.10693359375], [0.0, 0.0, 0.0, 1.0]], [[0.0026884416583925486, 0.9998610019683838, 0.01645699329674244, 0.00244140625], [-0.026805032044649124, 0.016523193567991257, -0.9995040893554688, 1.5764389038085938], [-0.9996370673179626, 0.0022459891624748707, 0.026845727115869522, -0.10693359375], [0.0, 0.0, 0.0, 1.0]], [[-0.9346882700920105, 0.3554190993309021, 0.005915737710893154, 0.944091796875], [0.005788387265056372, 0.031858086585998535, -0.9994755983352661, 1.5526008605957031], [-0.35542118549346924, -0.9341640472412109, -0.031834688037633896, -0.1357421875], [0.0, 0.0, 0.0, 1.0]]], "view": [[0.0, -2.0, 100.0], [-2.0, 0.0, 100.0], [0.0, 0.0, 1.0]], "bev": "bev_a6baa5e27c164abeb2ee0c13d7daf63f.png", "aux": "aux_a6baa5e27c164abeb2ee0c13d7daf63f.npz", "visibility": "visibility_a6baa5e27c164abeb2ee0c13d7daf63f.png", "pose": [[-0.13457876443862915, 0.9909029006958008, 0.0, 2437.1376953125], [-0.9909029006958008, -0.13457876443862915, 0.0, 2202.126708984375], [0.0, 0.0, 1.0, 0.0], [0.0, 0.0, 0.0, 1.0]], "pose_inverse": [[-0.13457876443862915, -0.9909029006958008, 0.0, 2510.080810546875], [0.9909029006958008, -0.13457876443862915, 0.0, -2118.607421875], [0.0, 0.0, 1.0, 0.0], [0.0, 0.0, 0.0, 1.0]], "cam_ids": [0, 1, 2, 3, 4, 5], "cam_channels": ["CAM_FRONT_LEFT", "CAM_FRONT", "CAM_FRONT_RIGHT", "CAM_BACK_LEFT", "CAM_BACK", "CAM_BACK_RIGHT"], "token": "a6baa5e27c164abeb2ee0c13d7daf63f", "scene": "scene-1058"}, {"images": ["samples/CAM_FRONT_LEFT/n015-2018-11-21-19-11-29+0800__CAM_FRONT_LEFT__1542799156104844.jpg", "samples/CAM_FRONT/n015-2018-11-21-19-11-29+0800__CAM_FRONT__1542799156112460.jpg", "samples/CAM_FRONT_RIGHT/n015-2018-11-21-19-11-29+0800__CAM_FRONT_RIGHT__1542799156120339.jpg", "samples/CAM_BACK_LEFT/n015-2018-11-21-19-11-29+0800__CAM_BACK_LEFT__1542799156147423.jpg", "samples/CAM_BACK/n015-2018-11-21-19-11-29+0800__CAM_BACK__1542799156137525.jpg", "samples/CAM_BACK_RIGHT/n015-2018-11-21-19-11-29+0800__CAM_BACK_RIGHT__1542799156127893.jpg"], "intrinsics": [[[1272.5979470598488, 0.0, 826.6154927353808], [0.0, 1272.5979470598488, 479.75165386361925], [0.0, 0.0, 1.0]], [[1266.417203046554, 0.0, 816.2670197447984], [0.0, 1266.417203046554, 491.50706579294757], [0.0, 0.0, 1.0]], [[1260.8474446004698, 0.0, 807.968244525554], [0.0, 1260.8474446004698, 495.3344268742088], [0.0, 0.0, 1.0]], [[1256.7414812095406, 0.0, 792.1125740759628], [0.0, 1256.7414812095406, 492.7757465151356], [0.0, 0.0, 1.0]], [[809.2209905677063, 0.0, 829.2196003259838], [0.0, 809.2209905677063, 481.77842384512485], [0.0, 0.0, 1.0]], [[1259.5137405846733, 0.0, 807.2529053838625], [0.0, 1259.5137405846733, 501.19579884916527], [0.0, 0.0, 1.0]]], "extrinsics": [[[0.8201298713684082, -0.5712350606918335, -0.032823797315359116, -0.62744140625], [-0.01981360837817192, 0.028979025781154633, -0.9993836283683777, 1.5000457763671875], [0.571834146976471, 0.8202747702598572, 0.012448337860405445, -1.04791259765625], [0.0, 0.0, 0.0, 1.0]], [[0.004988381173461676, -0.999670684337616, -0.025173256173729897, 0.0087890625], [-0.025180881842970848, 0.025040017440915108, -0.9993692636489868, 1.5119705200195312], [0.9996705055236816, 0.005619126372039318, -0.025047678500413895, -1.3544921875], [0.0, 0.0, 0.0, 1.0]], [[-0.8333143591880798, -0.5527540445327759, -0.0070805721916258335, 0.8133544921875], [-0.01961416006088257, 0.04236533120274544, -0.998909592628479, 1.4983978271484375], [0.5524513721466064, -0.8322668075561523, -0.046145450323820114, -1.101806640625], [0.0, 0.0, 0.0, 1.0]], [[0.9478417038917542, 0.3186734616756439, -0.006580219138413668, -1.1346435546875], [-0.011089563369750977, 0.012338139116764069, -0.9998623728752136, 1.5884780883789062], [-0.31854844093322754, 0.9477843046188354, 0.015228550881147385, -0.105712890625], [0.0, 0.0, 0.0, 1.0]], [[0.0029162298887968063, 0.9997503757476807, 0.022155549377202988, 0.0029296875], [-0.036499325186014175, 0.022247295826673508, -0.9990860223770142, 1.5756378173828125], [-0.9993293285369873, 0.0021049196366220713, 0.03655508905649185, -0.099365234375], [0.0, 0.0, 0.0, 1.0]], [[-0.9345874190330505, 0.35533320903778076, 0.01687084138393402, 0.955810546875], [-0.0037986761890351772, 0.03745410218834877, -0.9992911219596863, 1.5506820678710938], [-0.35571327805519104, -0.9339890480041504, -0.033654339611530304, -0.1309814453125], [0.0, 0.0, 0.0, 1.0]]], "view": [[0.0, -2.0, 100.0], [-2.0, 0.0, 100.0], [0.0, 0.0, 1.0]], "bev": "bev_a71d9d0b75b94e73b9c00e72233ceffa.png", "aux": "aux_a71d9d0b75b94e73b9c00e72233ceffa.npz", "visibility": "visibility_a71d9d0b75b94e73b9c00e72233ceffa.png", "pose": [[-0.1349470168352127, 0.9908528327941895, 0.0, 2436.45458984375], [-0.9908528327941895, -0.1349470168352127, 0.0, 2197.407958984375], [0.0, 0.0, 1.0, 0.0], [0.0, 0.0, 0.0, 1.0]], "pose_inverse": [[-0.1349470168352127, -0.9908528327941895, 0.0, 2506.10009765625], [0.9908528327941895, -0.1349470168352127, 0.0, -2117.63427734375], [0.0, 0.0, 1.0, 0.0], [0.0, 0.0, 0.0, 1.0]], "cam_ids": [0, 1, 2, 3, 4, 5], "cam_channels": ["CAM_FRONT_LEFT", "CAM_FRONT", "CAM_FRONT_RIGHT", "CAM_BACK_LEFT", "CAM_BACK", "CAM_BACK_RIGHT"], "token": "a71d9d0b75b94e73b9c00e72233ceffa", "scene": "scene-1058"}, {"images": ["samples/CAM_FRONT_LEFT/n015-2018-11-21-19-11-29+0800__CAM_FRONT_LEFT__1542799156604844.jpg", "samples/CAM_FRONT/n015-2018-11-21-19-11-29+0800__CAM_FRONT__1542799156612460.jpg", "samples/CAM_FRONT_RIGHT/n015-2018-11-21-19-11-29+0800__CAM_FRONT_RIGHT__1542799156620339.jpg", "samples/CAM_BACK_LEFT/n015-2018-11-21-19-11-29+0800__CAM_BACK_LEFT__1542799156647423.jpg", "samples/CAM_BACK/n015-2018-11-21-19-11-29+0800__CAM_BACK__1542799156637525.jpg", "samples/CAM_BACK_RIGHT/n015-2018-11-21-19-11-29+0800__CAM_BACK_RIGHT__1542799156627893.jpg"], "intrinsics": [[[1272.5979470598488, 0.0, 826.6154927353808], [0.0, 1272.5979470598488, 479.75165386361925], [0.0, 0.0, 1.0]], [[1266.417203046554, 0.0, 816.2670197447984], [0.0, 1266.417203046554, 491.50706579294757], [0.0, 0.0, 1.0]], [[1260.8474446004698, 0.0, 807.968244525554], [0.0, 1260.8474446004698, 495.3344268742088], [0.0, 0.0, 1.0]], [[1256.7414812095406, 0.0, 792.1125740759628], [0.0, 1256.7414812095406, 492.7757465151356], [0.0, 0.0, 1.0]], [[809.2209905677063, 0.0, 829.2196003259838], [0.0, 809.2209905677063, 481.77842384512485], [0.0, 0.0, 1.0]], [[1259.5137405846733, 0.0, 807.2529053838625], [0.0, 1259.5137405846733, 501.19579884916527], [0.0, 0.0, 1.0]]], "extrinsics": [[[0.8205665349960327, -0.5709688067436218, -0.025789611041545868, -0.654541015625], [-0.01007415447384119, 0.030666571110486984, -0.9994789361953735, 1.5043487548828125], [0.5714621543884277, 0.82039874792099, 0.019411932677030563, -1.068328857421875], [0.0, 0.0, 0.0, 1.0]], [[0.005467753391712904, -0.9996305108070374, -0.026626333594322205, 0.010009765625], [-0.015459991060197353, 0.02653905190527439, -0.9995282292366028, 1.5156707763671875], [0.9998655915260315, 0.00587682006880641, -0.015309169888496399, -1.383056640625], [0.0, 0.0, 0.0, 1.0]], [[-0.833101749420166, -0.5528912544250488, -0.015895772725343704, 0.83294677734375], [-0.009921525605022907, 0.043671272695064545, -0.9989966750144958, 1.5011444091796875], [0.5530307292938232, -0.832108199596405, -0.04186813905835152, -1.11328125], [0.0, 0.0, 0.0, 1.0]], [[0.9477224349975586, 0.3190849721431732, 0.0026551035698503256, -1.1358642578125], [-0.0015217161271721125, 0.012839986011385918, -0.9999163746833801, 1.5885353088378906], [-0.31909236311912537, 0.9476391077041626, 0.012654301710426807, -0.10693359375], [0.0, 0.0, 0.0, 1.0]], [[0.0025637808721512556, 0.9997321963310242, 0.02299877069890499, 0.001708984375], [-0.026850488036870956, 0.02305937372148037, -0.9993734955787