[{"images": ["samples/CAM_FRONT_LEFT/n015-2018-11-21-19-21-35+0800__CAM_FRONT_LEFT__1542799642104844.jpg", "samples/CAM_FRONT/n015-2018-11-21-19-21-35+0800__CAM_FRONT__1542799642112460.jpg", "samples/CAM_FRONT_RIGHT/n015-2018-11-21-19-21-35+0800__CAM_FRONT_RIGHT__1542799642120339.jpg", "samples/CAM_BACK_LEFT/n015-2018-11-21-19-21-35+0800__CAM_BACK_LEFT__1542799642147423.jpg", "samples/CAM_BACK/n015-2018-11-21-19-21-35+0800__CAM_BACK__1542799642137525.jpg", "samples/CAM_BACK_RIGHT/n015-2018-11-21-19-21-35+0800__CAM_BACK_RIGHT__1542799642127893.jpg"], "intrinsics": [[[1272.5979470598488, 0.0, 826.6154927353808], [0.0, 1272.5979470598488, 479.75165386361925], [0.0, 0.0, 1.0]], [[1266.417203046554, 0.0, 816.2670197447984], [0.0, 1266.417203046554, 491.50706579294757], [0.0, 0.0, 1.0]], [[1260.8474446004698, 0.0, 807.968244525554], [0.0, 1260.8474446004698, 495.3344268742088], [0.0, 0.0, 1.0]], [[1256.7414812095406, 0.0, 792.1125740759628], [0.0, 1256.7414812095406, 492.7757465151356], [0.0, 0.0, 1.0]], [[809.2209905677063, 0.0, 829.2196003259838], [0.0, 809.2209905677063, 481.77842384512485], [0.0, 0.0, 1.0]], [[1259.5137405846733, 0.0, 807.2529053838625], [0.0, 1259.5137405846733, 501.19579884916527], [0.0, 0.0, 1.0]]], "extrinsics": [[[0.8211488127708435, -0.5705815553665161, 0.012300290167331696, -0.5523681640625], [0.008082141168415546, -0.009924333542585373, -0.9999180436134338, 1.512319564819336], [0.5706568956375122, 0.8211809396743774, -0.0035378322936594486, -0.99609375], [0.0, 0.0, 0.0, 1.0]], [[0.006225688848644495, -0.9998812079429626, 0.014099815860390663, 0.0096435546875], [0.002417009323835373, -0.01408500224351883, -0.9998978972434998, 1.5215535163879395], [0.9999776482582092, 0.006259213201701641, 0.0023290326353162527, -1.28125], [0.0, 0.0, 0.0, 1.0]], [[-0.8326048851013184, -0.5538089275360107, -0.00804808083921671, 0.76806640625], [0.007650156505405903, 0.0030303788371384144, -0.9999661445617676, 1.5060749053955078], [0.5538145899772644, -0.8326382040977478, 0.0017136172391474247, -1.0712890625], [0.0, 0.0, 0.0, 1.0]], [[0.9476140141487122, 0.3193754553794861, 0.005192726384848356, -1.14306640625], [0.01471987646073103, -0.027424000203609467, -0.9995154738426208, 1.5885677337646484], [-0.3190782964229584, 0.9472313523292542, -0.030688533559441566, -0.1041259765625], [0.0, 0.0, 0.0, 1.0]], [[0.002188455779105425, 0.9998452067375183, -0.017462732270359993, 0.00225830078125], [-0.010011104866862297, -0.01743999496102333, -0.9997978210449219, 1.578216552734375], [-0.9999475479125977, 0.00236278073862195, 0.00997138675302267, -0.113525390625], [0.0, 0.0, 0.0, 1.0]], [[-0.934775710105896, 0.3545326888561249, -0.022380731999874115, 0.921630859375], [0.02315136231482029, -0.002068508183583617, -0.9997298121452332, 1.5567626953125], [-0.3544832468032837, -0.9350413680076599, -0.0062743243761360645, -0.143798828125], [0.0, 0.0, 0.0, 1.0]]], "view": [[0.0, -2.0, 100.0], [-2.0, 0.0, 100.0], [0.0, 0.0, 1.0]], "bev": "bev_23779301ebc34c1284e539ddf057f0b4.png", "aux": "aux_23779301ebc34c1284e539ddf057f0b4.npz", "visibility": "visibility_23779301ebc34c1284e539ddf057f0b4.png", "pose": [[-0.5446892380714417, 0.8386379480361938, 0.0, 1058.620361328125], [-0.8386379480361938, -0.5446892380714417, 0.0, 2678.35107421875], [0.0, 0.0, 1.0, 0.0], [0.0, 0.0, 0.0, 1.0]], "pose_inverse": [[-0.5446892380714417, -0.8386379480361938, 0.0, 2822.7861328125], [0.8386379480361938, -0.5446892380714417, 0.0, 571.0697021484375], [0.0, 0.0, 1.0, 0.0], [0.0, 0.0, 0.0, 1.0]], "cam_ids": [0, 1, 2, 3, 4, 5], "cam_channels": ["CAM_FRONT_LEFT", "CAM_FRONT", "CAM_FRONT_RIGHT", "CAM_BACK_LEFT", "CAM_BACK", "CAM_BACK_RIGHT"], "token": "23779301ebc34c1284e539ddf057f0b4", "scene": "scene-1070"}, {"images": ["samples/CAM_FRONT_LEFT/n015-2018-11-21-19-21-35+0800__CAM_FRONT_LEFT__1542799642504844.jpg", "samples/CAM_FRONT/n015-2018-11-21-19-21-35+0800__CAM_FRONT__1542799642512460.jpg", "samples/CAM_FRONT_RIGHT/n015-2018-11-21-19-21-35+0800__CAM_FRONT_RIGHT__1542799642520339.jpg", "samples/CAM_BACK_LEFT/n015-2018-11-21-19-21-35+0800__CAM_BACK_LEFT__1542799642547423.jpg", "samples/CAM_BACK/n015-2018-11-21-19-21-35+0800__CAM_BACK__1542799642537525.jpg", "samples/CAM_BACK_RIGHT/n015-2018-11-21-19-21-35+0800__CAM_BACK_RIGHT__1542799642527893.jpg"], "intrinsics": [[[1272.5979470598488, 0.0, 826.6154927353808], [0.0, 1272.5979470598488, 479.75165386361925], [0.0, 0.0, 1.0]], [[1266.417203046554, 0.0, 816.2670197447984], [0.0, 1266.417203046554, 491.50706579294757], [0.0, 0.0, 1.0]], [[1260.8474446004698, 0.0, 807.968244525554], [0.0, 1260.8474446004698, 495.3344268742088], [0.0, 0.0, 1.0]], [[1256.7414812095406, 0.0, 792.1125740759628], [0.0, 1256.7414812095406, 492.7757465151356], [0.0, 0.0, 1.0]], [[809.2209905677063, 0.0, 829.2196003259838], [0.0, 809.2209905677063, 481.77842384512485], [0.0, 0.0, 1.0]], [[1259.5137405846733, 0.0, 807.2529053838625], [0.0, 1259.5137405846733, 501.19579884916527], [0.0, 0.0, 1.0]]], "extrinsics": [[[0.8209952712059021, -0.5709301829338074, 0.0023264861665666103, -0.54150390625], [-0.004369022324681282, -0.010357283055782318, -0.9999368190765381, 1.506021499633789], [0.5709182024002075, 0.8209332227706909, -0.010997687466442585, -0.988525390625], [0.0, 0.0, 0.0, 1.0]], [[0.0060610282234847546, -0.9998799562454224, 0.014257416129112244, 0.00927734375], [-0.00960221141576767, -0.014315216802060604, -0.999851405620575, 1.5165138244628906], [0.9999355673789978, 0.0059232828207314014, -0.009687822312116623, -1.270751953125], [0.0, 0.0, 0.0, 1.0]], [[-0.8327901363372803, -0.553586483001709, 0.0015989351086318493, 0.761962890625], [-0.0039180247113108635, 0.0030058124102652073, -0.999987781047821, 1.5023651123046875], [0.5535749197006226, -0.8327862024307251, -0.004672176204621792, -1.0673828125], [0.0, 0.0, 0.0, 1.0]], [[0.9477625489234924, 0.3189530670642853, -0.0038678168784826994, -1.144287109375], [0.005064222030341625, -0.027170203626155853, -0.9996179938316345, 1.5885268449783325], [-0.3189363181591034, 0.9473809599876404, -0.02736615389585495, -0.10223388671875], [0.0, 0.0, 0.0, 1.0]], [[0.0022727102041244507, 0.9998494386672974, -0.017206480726599693, 0.00286865234375], [-0.02046244591474533, -0.01715642586350441, -0.9996433854103088, 1.5769729614257812], [-0.9997881054878235, 0.0026239962317049503, 0.020420370623469353, -0.11474609375], [0.0, 0.0, 0.0, 1.0]], [[-0.9348943829536438, 0.3547247052192688, -0.01195646170526743, 0.917724609375], [0.012066500261425972, -0.0019019501050934196, -0.999925434589386, 1.5542716979980469], [-0.3547210693359375, -0.934968888759613, -0.0025021641049534082, -0.1455078125], [0.0, 0.0, 0.0, 1.0]]], "view": [[0.0, -2.0, 100.0], [-2.0, 0.0, 100.0], [0.0, 0.0, 1.0]], "bev": "bev_2fd75d8f942540d4928827d147899f63.png", "aux": "aux_2fd75d8f942540d4928827d147899f63.npz", "visibility": "visibility_2fd75d8f942540d4928827d147899f63.png", "pose": [[-0.5446228384971619, 0.8386811017990112, 0.0, 1056.0107421875], [-0.8386811017990112, -0.5446228384971619, 0.0, 2674.353271484375], [0.0, 0.0, 1.0, 0.0], [0.0, 0.0, 0.0, 1.0]], "pose_inverse": [[-0.5446228384971619, -0.8386811017990112, 0.0, 2818.05712890625], [0.8386811017990112, -0.5446228384971619, 0.0, 570.857666015625], [0.0, 0.0, 1.0, 0.0], [0.0, 0.0, 0.0, 1.0]], "cam_ids": [0, 1, 2, 3, 4, 5], "cam_channels": ["CAM_FRONT_LEFT", "CAM_FRONT", "CAM_FRONT_RIGHT", "CAM_BACK_LEFT", "CAM_BACK", "CAM_BACK_RIGHT"], "token": "2fd75d8f942540d4928827d147899f63", "scene": "scene-1070"}, {"images": ["samples/CAM_FRONT_LEFT/n015-2018-11-21-19-21-35+0800__CAM_FRONT_LEFT__1542799643004844.jpg", "samples/CAM_FRONT/n015-2018-11-21-19-21-35+0800__CAM_FRONT__1542799643012460.jpg", "samples/CAM_FRONT_RIGHT/n015-2018-11-21-19-21-35+0800__CAM_FRONT_RIGHT__1542799643020339.jpg", "samples/CAM_BACK_LEFT/n015-2018-11-21-19-21-35+0800__CAM_BACK_LEFT__1542799643047423.jpg", "samples/CAM_BACK/n015-2018-11-21-19-21-35+0800__CAM_BACK__1542799643037525.jpg", "samples/CAM_BACK_RIGHT/n015-2018-11-21-19-21-35+0800__CAM_BACK_RIGHT__1542799643027893.jpg"], "intrinsics": [[[1272.5979470598488, 0.0, 826.6154927353808], [0.0, 1272.5979470598488, 479.75165386361925], [0.0, 0.0, 1.0]], [[1266.417203046554, 0.0, 816.2670197447984], [0.0, 1266.417203046554, 491.50706579294757], [0.0, 0.0, 1.0]], [[1260.8474446004698, 0.0, 807.968244525554], [0.0, 1260.8474446004698, 495.3344268742088], [0.0, 0.0, 1.0]], [[1256.7414812095406, 0.0, 792.1125740759628], [0.0, 1256.7414812095406, 492.7757465151356], [0.0, 0.0, 1.0]], [[809.2209905677063, 0.0, 829.2196003259838], [0.0, 809.2209905677063, 481.77842384512485], [0.0, 0.0, 1.0]], [[1259.5137405846733, 0.0, 807.2529053838625], [0.0, 1259.5137405846733, 501.19579884916527], [0.0, 0.0, 1.0]]], "extrinsics": [[[0.8209121227264404, -0.5710141658782959, 0.006789543200284243, -0.5460205078125], [-0.007825704291462898, -0.02313731424510479, -0.9997016787528992, 1.5042686462402344], [0.571000874042511, 0.8206140995025635, -0.023462288081645966, -0.9892578125], [0.0, 0.0, 0.0, 1.0]], [[0.00601763604208827, -0.9996117949485779, 0.027202153578400612, 0.00799560546875], [-0.012951450422406197, -0.027278274297714233, -0.9995439648628235, 1.5151252746582031], [0.9998979568481445, 0.005662546958774328, -0.013110571540892124, -1.273681640625], [0.0, 0.0, 0.0, 1.0]], [[-0.8327974677085876, -0.5534565448760986, 0.011579358950257301, 0.76171875], [-0.00715579092502594, -0.01015281118452549, -0.9999228119850159, 1.5013275146484375], [0.5535314083099365, -0.8328161239624023, 0.004494817461818457, -1.0684814453125], [0.0, 0.0, 0.0, 1.0]], [[0.9477669596672058, 0.3187798857688904, -0.010821311734616756, -1.139404296875], [0.0023542288690805435, -0.04091688245534897, -0.9991597533226013, 1.5885534286499023], [-0.318954735994339, 0.9469451308250427, -0.03953015059232712, -0.10443115234375], [0.0, 0.0, 0.0, 1.0]], [[0.002209041966125369, 0.9995225667953491, -0.03081987239420414, 0.0028076171875], [-0.023406023159623146, -0.030759824439883232, -0.9992527365684509, 1.5765533447265625], [-0.9997235536575317, 0.0029287198558449745, 0.023326897993683815, -0.1181640625], [0.0, 0.0, 0.0, 1.0]], [[-0.9349367618560791, 0.3545474708080292, -0.013754351995885372, 0.91650390625], [0.008927753195166588, -0.015245692804455757, -0.9998438954353333, 1.5535507202148438], [-0.35470178723335266, -0.9349137544631958, 0.011088445782661438, -0.146484375], [0.0, 0.0, 0.0, 1.0]]], "view": [[0.0, -2.0, 100.0], [-2.0, 0.0, 100.0], [0.0, 0.0, 1.0]], "bev": "bev_016de52682c840a2be5a393e3fb92c29.png", "aux": "aux_016de52682c840a2be5a393e3fb92c29.npz", "visibility": "visibility_016de52682c840a2be5a393e3fb92c29.png", "pose": [[-0.5432408452033997, 0.8395769000053406, 0.0, 1052.75830078125], [-0.8395769000053406, -0.5432408452033997, 0.0, 2669.3642578125], [0.0, 0.0, 1.0, 0.0], [0.0, 0.0, 0.0, 1.0]], "pose_inverse": [[-0.5432408452033997, -0.8395769000053406, 0.0, 2813.037841796875], [0.8395769000053406, -0.5432408452033997, 0.0, 566.236083984375], [0.0, 0.0, 1.0, 0.0], [0.0, 0.0, 0.0, 1.0]], "cam_ids": [0, 1, 2, 3, 4, 5], "cam_channels": ["CAM_FRONT_LEFT", "CAM_FRONT", "CAM_FRONT_RIGHT", "CAM_BACK_LEFT", "CAM_BACK", "CAM_BACK_RIGHT"], "token": "016de52682c840a2be5a393e3fb92c29", "scene": "scene-1070"}, {"images": ["samples/CAM_FRONT_LEFT/n015-2018-11-21-19-21-35+0800__CAM_FRONT_LEFT__1542799643504844.jpg", "samples/CAM_FRONT/n015-2018-11-21-19-21-35+0800__CAM_FRONT__1542799643512460.jpg", "samples/CAM_FRONT_RIGHT/n015-2018-11-21-19-21-35+0800__CAM_FRONT_RIGHT__1542799643520339.jpg", "samples/CAM_BACK_LEFT/n015-2018-11-21-19-21-35+0800__CAM_BACK_LEFT__1542799643547423.jpg", "samples/CAM_BACK/n015-2018-11-21-19-21-35+0800__CAM_BACK__1542799643537525.jpg", "samples/CAM_BACK_RIGHT/n015-2018-11-21-19-21-35+0800__CAM_BACK_RIGHT__1542799643527893.jpg"], "intrinsics": [[[1272.5979470598488, 0.0, 826.6154927353808], [0.0, 1272.5979470598488, 479.75165386361925], [0.0, 0.0, 1.0]], [[1266.417203046554, 0.0, 816.2670197447984], [0.0, 1266.417203046554, 491.50706579294757], [0.0, 0.0, 1.0]], [[1260.8474446004698, 0.0, 807.968244525554], [0.0, 1260.8474446004698, 495.3344268742088], [0.0, 0.0, 1.0]], [[1256.7414812095406, 0.0, 792.1125740759628], [0.0, 1256.7414812095406, 492.7757465151356], [0.0, 0.0, 1.0]], [[809.2209905677063, 0.0, 829.2196003259838], [0.0, 809.2209905677063, 481.77842384512485], [0.0, 0.0, 1.0]], [[1259.5137405846733, 0.0, 807.2529053838625], [0.0, 1259.5137405846733, 501.19579884916527], [0.0, 0.0, 1.0]]], "extrinsics": [[[0.8215695023536682, -0.5699145793914795, 0.014862236566841602, -0.5142822265625], [0.002553544705733657, -0.02239028364419937, -0.9997460246086121, 1.5097627639770508], [0.5701026320457458, 0.8213987946510315, -0.01693987101316452, -0.974609375], [0.0, 0.0, 0.0, 1.0]], [[0.0068303244188427925, -0.9996244311332703, 0.0265393927693367, 0.01287841796875], [-0.0027148895896971226, -0.02655845321714878, -0.9996435642242432, 1.519439697265625], [0.9999729990959167, 0.0067557902075350285, -0.002895272569730878, -1.2431640625], [0.0, 0.0, 0.0, 1.0]], [[-0.8323912024497986, -0.5541813373565674, 0.0028069622348994017, 0.741943359375], [0.0029186548199504614, -0.00944869127124548, -0.9999511241912842, 1.504706859588623], [0.5541807413101196, -0.8323423266410828, 0.009482472203671932, -1.051025390625], [0.0, 0.0, 0.0, 1.0]], [[0.9474228620529175, 0.3199801743030548, -0.0016539051430299878, -1.13232421875], [0.011690122075378895, -0.03977737948298454, -0.9991401433944702, 1.588714599609375], [-0.31977078318595886, 0.9465888738632202, -0.04142660275101662, -0.107940673828125], [0.0, 0.0, 0.0, 1.0]], [[0.0016806750791147351, 0.9995518326759338, -0.029889343306422234, 0.0013427734375], [-0.013769485056400299, -0.029863419011235237, -0.9994591474533081, 1.5775299072265625], [-0.9999037981033325, 0.002091253874823451, 0.01371312327682972, -0.1337890625], [0.0, 0.0, 0.0, 1.0]], [[-0.9349865913391113, 0.3539522886276245, -0.022755958139896393, 0.89501953125], [0.018831640481948853, -0.014527921564877033, -0.999717116355896, 1.5563240051269531], [-0.35418274998664856, -0.935150682926178, 0.00691791158169508, -0.152099609375], [0.0, 0.0, 0.0, 1.0]]], "view": [[0.0, -2.0, 100.0], [-2.0, 0.0, 100.0], [0.0, 0.0, 1.0]], "bev": "bev_772b84ce4ae94232b1e48f7d1dc31ee0.png", "aux": "aux_772b84ce4ae94232b1e48f7d1dc31ee0.npz", "visibility": "visibility_772b84ce4ae94232b1e48f7d1dc31ee0.png", "pose": [[-0.5438538789749146, 0.8391799330711365, 0.0, 1049.4459228515625], [-0.8391799330711365, -0.5438538789749146, 0.0, 2664.29736328125], [0.0, 0.0, 1.0, 0.0], [0.0, 0.0, 0.0, 1.0]], "pose_inverse": [[-0.5438538789749146, -0.8391799330711365, 0.0, 2806.570068359375], [0.8391799330711365, -0.5438538789749146, 0.0, 568.3143920898438], [0.0, 0.0, 1.0, 0.0], [0.0, 0.0, 0.0, 1.0]], "cam_ids": [0, 1, 2, 3, 4, 5], "cam_channels": ["CAM_FRONT_LEFT", "CAM_FRONT", "CAM_FRONT_RIGHT", "CAM_BACK_LEFT", "CAM_BACK", "CAM_BACK_RIGHT"], "token": "772b84ce4ae94232b1e48f7d1dc31ee0", "scene": "scene-1070"}, {"images": ["samples/CAM_FRONT_LEFT/n015-2018-11-21-19-21-35+0800__CAM_FRONT_LEFT__1542799644004844.jpg", "samples/CAM_FRONT/n015-2018-11-21-19-21-35+0800__CAM_FRONT__1542799644012460.jpg", "samples/CAM_FRONT_RIGHT/n015-2018-11-21-19-21-35+0800__CAM_FRONT_RIGHT__1542799644020339.jpg", "samples/CAM_BACK_LEFT/n015-2018-11-21-19-21-35+0800__CAM_BACK_LEFT__1542799644047423.jpg", "samples/CAM_BACK/n015-2018-11-21-19-21-35+0800__CAM_BACK__1542799644037525.jpg", "samples/CAM_BACK_RIGHT/n015-2018-11-21-19-21-35+0800__CAM_BACK_RIGHT__1542799644027893.jpg"], "intrinsics": [[[1272.5979470598488, 0.0, 826.6154927353808], [0.0, 1272.5979470598488, 479.75165386361925], [0.0, 0.0, 1.0]], [[1266.417203046554, 0.0, 816.2670197447984], [0.0, 1266.417203046554, 491.50706579294757], [0.0, 0.0, 1.0]], [[1260.8474446004698, 0.0, 807.968244525554], [0.0, 1260.8474446004698, 495.3344268742088], [0.0, 0.0, 1.0]], [[1256.7414812095406, 0.0, 792.1125740759628], [0.0, 1256.7414812095406, 492.7757465151356], [0.0, 0.0, 1.0]], [[809.2209905677063, 0.0, 829.2196003259838], [0.0, 809.2209905677063, 481.77842384512485], [0.0, 0.0, 1.0]], [[1259.5137405846733, 0.0, 807.2529053838625], [0.0, 1259.5137405846733, 501.19579884916527], [0.0, 0.0, 1.0]]], "extrinsics": [[[0.8203745484352112, -0.5717058777809143, 0.011740043759346008, -0.52734375], [0.0007535501499660313, -0.019449908286333084, -0.9998105764389038, 1.5086193084716797], [0.5718259215354919, 0.8202280402183533, -0.015525403432548046, -0.9736328125], [0.0, 0.0, 0.0, 1.0]], [[0.005173103883862495, -0.9997085332870483, 0.023580262437462807, 0.00616455078125], [-0.0044726599007844925, -0.023603472858667374, -0.9997113943099976, 1.5185279846191406], [0.999976634979248, 0.005066197365522385, -0.0045934622175991535, -1.25048828125], [0.0, 0.0, 0.0, 1.0]], [[-0.8331272006034851, -0.55307537317276, 0.002565086120739579, 0.74267578125], [0.0012338170781731606, -0.0064963228069245815, -0.9999781250953674, 1.504063367843628], [0.5530799627304077, -0.8331059813499451, 0.006094657815992832, -1.05810546875], [0.0, 0.0, 0.0, 1.0]], [[0.9478105902671814, 0.3188249468803406, -0.0023724182974547148, -1.124755859375], [0.01008789986371994, -0.03742508962750435, -0.9992485046386719, 1.5887212753295898], [-0.31867414712905884, 0.9470744132995605, -0.03868817538022995, -0.109039306640625], [0.0, 0.0, 0.0, 1.0]], [[0.002603373257443309, 0.9996265769004822, -0.027202492579817772, 0.003662109375], [-0.015380230732262135, -0.02715934067964554, -0.9995128512382507, 1.5772132873535156], [-0.9998784065246582, 0.003020385978743434, 0.015303783118724823, -0.1357421875], [0.0, 0.0, 0.0, 1.0]], [[-0.9346708059310913, 0.3549400568008423, -0.020202303305268288, 0.8984375], [0.017195364460349083, -0.011624346487224102, -0.9997845888137817, 1.5558242797851562], [-0.3550983965396881, -0.934816837310791, 0.004761614371091127, -0.1549072265625], [0.0, 0.0, 0.0, 1.0]]], "view": [[0.0, -2.0, 100.0], [-2.0, 0.0, 100.0], [0.0, 0.0, 1.0]], "bev": "bev_bb88fe0c5edd41e784dba5aa7029e4eb.png", "aux": "aux_bb88fe0c5edd41e784dba5aa7029e4eb.npz", "visibility": "visibility_bb88fe0c5edd41e784dba5aa7029e4eb.png", "pose": [[-0.5386207699775696, 0.8425483107566833, 0.0, 1046.1505126953125], [-0.8425483107566833, -0.5386207699775696, 0.0, 2659.238525390625], [0.0, 0.0, 1.0, 0.0], [0.0, 0.0, 0.0, 1.0]], "pose_inverse": [[-0.5386207699775696, -0.8425483107566833, 0.0, 2804.015380859375], [0.8425483107566833, -0.5386207699775696, 0.0, 550.8887329101562], [0.0, 0.0, 1.0, 0.0], [0.0, 0.0, 0.0, 1.0]], "cam_ids": [0, 1, 2, 3, 4, 5], "cam_channels": ["CAM_FRONT_LEFT", "CAM_FRONT", "CAM_FRONT_RIGHT", "CAM_BACK_LEFT", "CAM_BACK", "CAM_BACK_RIGHT"], "token": "bb88fe0c5edd41e784dba5aa7029e4eb", "scene": "scene-1070"}, {"images": ["samples/CAM_FRONT_LEFT/n015-2018-11-21-19-21-35+0800__CAM_FRONT_LEFT__1542799644404844.jpg", "samples/CAM_FRONT/n015-2018-11-21-19-21-35+0800__CAM_FRONT__1542799644412470.jpg", "samples/CAM_FRONT_RIGHT/n015-2018-11-21-19-21-35+0800__CAM_FRONT_RIGHT__1542799644420339.jpg", "samples/CAM_BACK_LEFT/n015-2018-11-21-19-21-35+0800__CAM_BACK_LEFT__1542799644447423.jpg", "samples/CAM_BACK/n015-2018-11-21-19-21-35+0800__CAM_BACK__1542799644437525.jpg", "samples/CAM_BACK_RIGHT/n015-2018-11-21-19-21-35+0800__CAM_BACK_RIGHT__1542799644427893.jpg"], "intrinsics": [[[1272.5979470598488, 0.0, 826.6154927353808], [0.0, 1272.5979470598488, 479.75165386361925], [0.0, 0.0, 1.0]], [[1266.417203046554, 0.0, 816.2670197447984], [0.0, 1266.417203046554, 491.50706579294757], [0.0, 0.0, 1.0]], [[1260.8474446004698, 0.0, 807.968244525554], [0.0, 1260.8474446004698, 495.3344268742088], [0.0, 0.0, 1.0]], [[1256.7414812095406, 0.0, 792.1125740759628], [0.0, 1256.7414812095406, 492.7757465151356], [0.0, 0.0, 1.0]], [[809.2209905677063, 0.0, 829.2196003259838], [0.0, 809.2209905677063, 481.77842384512485], [0.0, 0.0, 1.0]], [[1259.5137405846733, 0.0, 807.2529053838625], [0.0, 1259.5137405846733, 501.19579884916527], [0.0, 0.0, 1.0]]], "extrinsics": [[[0.8205074071884155, -0.5715336799621582, 0.010811876505613327, -0.528076171875], [-0.004842574708163738, -0.025862867012619972, -0.9996537566184998, 1.505767822265625], [0.5716153979301453, 0.8201709985733032, -0.02398836985230446, -0.980224609375], [0.0, 0.0, 0.0, 1.0]], [[0.005413552280515432, -0.9995479583740234, 0.02957119792699814, 0.01007080078125], [-0.00992058590054512, -0.029623860493302345, -0.9995119571685791, 1.516265869140625], [0.9999361038208008, 0.0051175509579479694, -0.010076473467051983, -1.254638671875], [0.0, 0.0, 0.0, 1.0]], [[-0.8330499529838562, -0.5531057715415955, 0.010087448172271252, 0.747802734375], [-0.004065738059580326, -0.012112803757190704, -0.9999183416366577, 1.5022735595703125], [0.5531827807426453, -0.8330230116844177, 0.007841789163649082, -1.0576171875], [0.0, 0.0, 0.0, 1.0]], [[0.9478999376296997, 0.3184760808944702, -0.007657299749553204, -1.12841796875], [0.005876586772501469, -0.041513267904520035, -0.9991206526756287, 1.588618278503418], [-0.3185139298439026, 0.9470214247703552, -0.0412219762802124, -0.10760498046875], [0.0, 0.0, 0.0, 1.0]], [[0.0025499246548861265, 0.9994873404502869, -0.031916648149490356, 0.002685546875], [-0.020117107778787613, -0.03185902163386345, -0.9992899298667908, 1.57666015625], [-0.9997943639755249, 0.0031901837792247534, 0.020025555044412613, -0.132568359375], [0.0, 0.0, 0.0, 1.0]], [[-0.93478924036026, 0.3547832667827606, -0.017261633649468422, 0.90087890625], [0.012074409984052181, -0.016829727217555046, -0.9997854828834534, 1.5545024871826172], [-0.3549976348876953, -0.9347971081733704, 0.011448448523879051, -0.1514892578125], [0.0, 0.0, 0.0, 1.0]]], "view": [[0.0, -2.0, 100.0], [-2.0, 0.0, 100.0], [0.0, 0.0, 1.0]], "bev": "bev_55b96b9a99fe494ebc7886b8715322b4.png", "aux": "aux_55b96b9a99fe494ebc7886b8715322b4.npz", "visibility": "visibility_55b96b9a99fe494ebc7886b8715322b4.png", "pose": [[-0.5425319075584412, 0.8400352001190186, 0.0, 1043.5201416015625], [-0.8400352001190186, -0.5425319075584412, 0.0, 2655.213623046875], [0.0, 0.0, 1.0, 0.0], [0.0, 0.0, 0.0, 1.0]], "pose_inverse": [[-0.5425319075584412, -0.8400352001190186, 0.0, 2796.615966796875], [0.8400352001190186, -0.5425319075584412, 0.0, 563.9443969726562], [0.0, 0.0, 1.0, 0.0], [0.0, 0.0, 0.0, 1.0]], "cam_ids": [0, 1, 2, 3, 4, 5], "cam_channels": ["CAM_FRONT_LEFT", "CAM_FRONT", "CAM_FRONT_RIGHT", "CAM_BACK_LEFT", "CAM_BACK", "CAM_BACK_RIGHT"], "token": "55b96b9a99fe494ebc7886b8715322b4", "scene": "scene-1070"}, {"images": ["samples/CAM_FRONT_LEFT/n015-2018-11-21-19-21-35+0800__CAM_FRONT_LEFT__1542799645004844.jpg", "samples/CAM_FRONT/n015-2018-11-21-19-21-35+0800__CAM_FRONT__1542799645012460.jpg", "samples/CAM_FRONT_RIGHT/n015-2018-11-21-19-21-35+0800__CAM_FRONT_RIGHT__1542799645020339.jpg", "samples/CAM_BACK_LEFT/n015-2018-11-21-19-21-35+0800__CAM_BACK_LEFT__1542799645047423.jpg", "samples/CAM_BACK/n015-2018-11-21-19-21-35+0800__CAM_BACK__1542799645037533.jpg", "samples/CAM_BACK_RIGHT/n015-2018-11-21-19-21-35+0800__CAM_BACK_RIGHT__1542799645027893.jpg"], "intrinsics": [[[1272.5979470598488, 0.0, 826.6154927353808], [0.0, 1272.5979470598488, 479.75165386361925], [0.0, 0.0, 1.0]], [[1266.417203046554, 0.0, 816.2670197447984], [0.0, 1266.417203046554, 491.50706579294757], [0.0, 0.0, 1.0]], [[1260.8474446004698, 0.0, 807.968244525554], [0.0, 1260.8474446004698, 495.3344268742088], [0.0, 0.0, 1.0]], [[1256.7414812095406, 0.0, 792.1125740759628], [0.0, 1256.7414812095406, 492.7757465151356], [0.0, 0.0, 1.0]], [[809.2209905677063, 0.0, 829.2196003259838], [0.0, 809.2209905677063, 481.77842384512485], [0.0, 0.0, 1.0]], [[1259.5137405846733, 0.0, 807.2529053838625], [0.0, 1259.5137405846733, 501.19579884916527], [0.0, 0.0, 1.0]]], "extrinsics": [[[0.8206942081451416, -0.5712658762931824, 0.010780537500977516, -0.5260009765625], [0.000934743438847363, -0.017525531351566315, -0.9998459815979004, 1.50877046585083], [0.5713667869567871, 0.8205779194831848, -0.013849115930497646, -0.9765625], [0.0, 0.0, 0.0, 1.0]], [[0.0056127095595002174, -0.9997465014457703, 0.02180543728172779, 0.00860595703125], [-0.004152960143983364, -0.021828897297382355, -0.9997531175613403, 1.5187263488769531], [0.9999756217002869, 0.005520723760128021, -0.004274426959455013, -1.251953125], [0.0, 0.0, 0.0, 1.0]], [[-0.8329347968101501, -0.5533695220947266, 0.0012886554468423128, 0.7451171875], [0.001689116470515728, -0.004871179349720478, -0.9999867081642151, 1.5042304992675781], [0.5533684492111206, -0.8329216241836548, 0.004992080386728048, -1.0572509765625], [0.0, 0.0, 0.0, 1.0]], [[0.9478104114532471, 0.3188331127166748, -0.0009625061647966504, -1.12890625], [0.01111040823161602, -0.0360451377928257, -0.9992883801460266, 1.5886869430541992], [-0.3186408579349518, 0.947125256061554, -0.037706322968006134, -0.10748291015625], [0.0, 0.0, 0.0, 1.0]], [[0.002498024143278599, 0.9996635913848877, -0.025815900415182114, 0.0030517578125], [-0.014618909917771816, -0.025776715949177742, -0.9995608925819397, 1.5773849487304688], [-0.9998900890350342, 0.002874314086511731, 0.014549600891768932, -0.133056640625], [0.0, 0.0, 0.0, 1.0]], [[-0.9347504377365112, 0.3547309637069702, -0.020186278969049454, 0.8994140625], [0.017750278115272522, -0.010120297782123089, -0.9997912645339966, 1.5559463500976562], [-0.35486117005348206, -0.934913694858551, 0.0031633798498660326, -0.153076171875], [0.0, 0.0, 0.0, 1.0]]], "view": [[0.0, -2.0, 100.0], [-2.0, 0.0, 100.0], [0.0, 0.0, 1.0]], "bev": "bev_77fa92b807e649bd9b39b2c2efa78177.png", "aux": "aux_77fa92b807e649bd9b39b2c2efa78177.npz", "visibility": "visibility_77fa92b807e649bd9b39b2c2efa78177.png", "pose": [[-0.5473639369010925, 0.836894690990448, 0.0, 1039.52294921875], [-0.836894690990448, -0.5473639369010925, 0.0, 2649.152099609375], [0.0, 0.0, 1.0, 0.0], [0.0, 0.0, 0.0, 1.0]], "pose_inverse": [[-0.5473639369010925, -0.836894690990448, 0.0, 2786.05859375], [0.836894690990448, -0.5473639369010925, 0.0, 580.0789794921875], [0.0, 0.0, 1.0, 0.0], [0.0, 0.0, 0.0, 1.0]], "cam_ids": [0, 1, 2, 3, 4, 5], "cam_channels": ["CAM_FRONT_LEFT", "CAM_FRONT", "CAM_FRONT_RIGHT", "CAM_BACK_LEFT", "CAM_BACK", "CAM_BACK_RIGHT"], "token": "77fa92b807e649bd9b39b2c2efa78177", "scene": "scene-1070"}, {"images": ["samples/CAM_FRONT_LEFT/n015-2018-11-21-19-21-35+0800__CAM_FRONT_LEFT__1542799645404844.jpg", "samples/CAM_FRONT/n015-2018-11-21-19-21-35+0800__CAM_FRONT__1542799645412460.jpg", "samples/CAM_FRONT_RIGHT/n015-2018-11-21-19-21-35+0800__CAM_FRONT_RIGHT__1542799645420339.jpg", "samples/CAM_BACK_LEFT/n015-2018-11-21-19-21-35+0800__CAM_BACK_LEFT__1542799645447423.jpg", "samples/CAM_BACK/n015-2018-11-21-19-21-35+0800__CAM_BACK__1542799645437525.jpg", "samples/CAM_BACK_RIGHT/n015-2018-11-21-19-21-35+0800__CAM_BACK_RIGHT__1542799645427893.jpg"], "intrinsics": [[[1272.5979470598488, 0.0, 826.6154927353808], [0.0, 1272.5979470598488, 479.75165386361925], [0.0, 0.0, 1.0]], [[1266.417203046554, 0.0, 816.2670197447984], [0.0, 1266.417203046554, 491.50706579294757], [0.0, 0.0, 1.0]], [[1260.8474446004698, 0.0, 807.968244525554], [0.0, 1260.8474446004698, 495.3344268742088], [0.0, 0.0, 1.0]], [[1256.7414812095406, 0.0, 792.1125740759628], [0.0, 1256.7414812095406, 492.7757465151356], [0.0, 0.0, 1.0]], [[809.2209905677063, 0.0, 829.2196003259838], [0.0, 809.2209905677063, 481.77842384512485], [0.0, 0.0, 1.0]], [[1259.5137405846733, 0.0, 807.2529053838625], [0.0, 1259.5137405846733, 501.19579884916527], [0.0, 0.0, 1.0]]], "extrinsics": [[[0.8216189742088318, -0.5698503851890564, 0.014584330841898918, -0.5137939453125], [0.006759656593203545, -0.015843288972973824, -0.999851644039154, 1.5120019912719727], [0.5699968934059143, 0.8215956687927246, -0.009165155701339245, -0.971923828125], [0.0, 0.0, 0.0, 1.0]], [[0.006891064345836639, -0.9997809529304504, 0.01975904405117035, 0.01129150390625], [0.0012032145168632269, -0.019751207903027534, -0.9998042583465576, 1.5211386680603027], [0.9999755024909973, 0.006913455668836832, 0.0010668437462300062, -1.24169921875], [0.0, 0.0, 0.0, 1.0]], [[-0.8323274254798889, -0.5542687773704529, -0.004128699656575918, 0.739990234375], [0.006537188775837421, -0.0023679498117417097, -0.9999758005142212, 1.5059528350830078], [0.5542455911636353, -0.8323343396186829, 0.00559427123516798, -1.05126953125], [0.0, 0.0, 0.0, 1.0]], [[0.9475430250167847, 0.3196127116680145, 0.0031348676420748234, -1.12841796875], [0.014294437132775784, -0.032576028257608414, -0.9993669986724854, 1.5888004302978516], [-0.31930822134017944, 0.946988046169281, -0.03543587401509285, -0.10943603515625], [0.0, 0.0, 0.0, 1.0]], [[0.0018820356344804168, 0.9997431635856628, -0.02258463203907013, 0.00177001953125], [-0.010842489078640938, -0.022562941536307335, -0.9996866583824158, 1.5778923034667969], [-0.999939501285553, 0.002126291859894991, 0.01079723984003067, -0.13525390625], [0.0, 0.0, 0.0, 1.0]], [[-0.9349357485771179, 0.35405346751213074, -0.023261088877916336, 0.89453125], [0.022134851664304733, -0.007230868097394705, -0.9997288584709167, 1.5571632385253906], [-0.3541257381439209, -0.9351971745491028, -0.0010765243787318468, -0.1531982421875], [0.0, 0.0, 0.0, 1.0]]], "view": [[0.0, -2.0, 100.0], [-2.0, 0.0, 100.0], [0.0, 0.0, 1.0]], "bev": "bev_04ac1a9790f24dc28a41d0f49c6fd36a.png", "aux": "aux_04ac1a9790f24dc28a41d0f49c6fd36a.npz", "visibility": "visibility_04ac1a9790f24dc28a41d0f49c6fd36a.png", "pose": [[-0.5515412092208862, 0.8341476321220398, 0.0, 1036.7974853515625], [-0.8341476321220398, -0.5515412092208862, 0.0, 2645.05419921875], [0.0, 0.0, 1.0, 0.0], [0.0, 0.0, 0.0, 1.0]], "pose_inverse": [[-0.5515412092208862, -0.8341476321220398, 0.0, 2778.2021484375], [0.8341476321220398, -0.5515412092208862, 0.0, 594.0142211914062], [0.0, 0.0, 1.0, 0.0], [0.0, 0.0, 0.0, 1.0]], "cam_ids": [0, 1, 2, 3, 4, 5], "cam_channels": ["CAM_FRONT_LEFT", "CAM_FRONT", "CAM_FRONT_RIGHT", "CAM_BACK_LEFT", "CAM_BACK", "CAM_BACK_RIGHT"], "token": "04ac1a9790f24dc28a41d0f49c6fd36a", "scene": "scene-1070"}, {"images": ["samples/CAM_FRONT_LEFT/n015-2018-11-21-19-21-35+0800__CAM_FRONT_LEFT__1542799645904844.jpg", "samples/CAM_FRONT/n015-2018-11-21-19-21-35+0800__CAM_FRONT__1542799645912460.jpg", "samples/CAM_FRONT_RIGHT/n015-2018-11-21-19-21-35+0800__CAM_FRONT_RIGHT__1542799645920339.jpg", "samples/CAM_BACK_LEFT/n015-2018-11-21-19-21-35+0800__CAM_BACK_LEFT__1542799645947423.jpg", "samples/CAM_BACK/n015-2018-11-21-19-21-35+0800__CAM_BACK__1542799645937525.jpg", "samples/CAM_BACK_RIGHT/n015-2018-11-21-19-21-35+0800__CAM_BACK_RIGHT__1542799645927893.jpg"], "intrinsics": [[[1272.5979470598488, 0.0, 826.6154927353808], [0.0, 1272.5979470598488, 479.75165386361925], [0.0, 0.0, 1.0]], [[1266.417203046554, 0.0, 816.2670197447984], [0.0, 1266.417203046554, 491.50706579294757], [0.0, 0.0, 1.0]], [[1260.8474446004698, 0.0, 807.968244525554], [0.0, 1260.8474446004698, 495.3344268742088], [0.0, 0.0, 1.0]], [[1256.7414812095406, 0.0, 792.1125740759628], [0.0, 1256.7414812095406, 492.7757465151356], [0.0, 0.0, 1.0]], [[809.2209905677063, 0.0, 829.2196003259838], [0.0, 809.2209905677063, 481.77842384512485], [0.0, 0.0, 1.0]], [[1259.5137405846733, 0.0, 807.2529053838625], [0.0, 1259.5137405846733, 501.19579884916527], [0.0, 0.0, 1.0]]], "extrinsics": [[[0.8206787705421448, -0.5712495446205139, 0.012665227055549622, -0.5224609375], [0.007034236565232277, -0.01206328347325325, -0.9999024868011475, 1.5120429992675781], [0.5713465809822083, 0.8206877708435059, -0.0058817751705646515, -0.97216796875], [0.0, 0.0, 0.0, 1.0]], [[0.0055713471956551075, -0.9998531937599182, 0.016204005107283592, 0.00738525390625], [0.0017958509270101786, -0.01619422622025013, -0.9998672604560852, 1.5213332176208496], [0.9999828934669495, 0.005599639844149351, 0.0017053635092452168, -1.24755859375], [0.0, 0.0, 0.0, 1.0]], [[-0.8328900337219238, -0.5533973574638367, -0.006754509638994932, 0.74267578125], [0.00748230516910553, 0.0009439510176889598, -0.9999715685844421, 1.506246566772461], [0.5533879399299622, -0.8329169154167175, 0.00335448095574975, -1.056640625], [0.0, 0.0, 0.0, 1.0]], [[0.9476999640464783, 0.31910598278045654, 0.006020008586347103, -1.1337890625], [0.0162289310246706, -0.0293430183082819, -0.9994376301765442, 1.5887165069580078], [-0.31874987483024597, 0.9472647309303284, -0.03298712521791458, -0.10711669921875], [0.0, 0.0, 0.0, 1.0]], [[0.002491105580702424, 0.9998090267181396, -0.01939012110233307, 0.0029296875], [-0.009188233874738216, -0.01936647854745388, -0.9997702240943909, 1.5781326293945312], [-0.9999546408653259, 0.0026686645578593016, 0.009138233959674835, -0.131591796875], [0.0, 0.0, 0.0, 1.0]], [[-0.9346393942832947, 0.35483038425445557, -0.023340296000242233, 0.8994140625], [0.023412493988871574, -0.004090595990419388, -0.9997175335884094, 1.5573921203613281], [-0.3548256456851959, -0.9349218606948853, -0.00448423158377409, -0.1539306640625], [0.0, 0.0, 0.0, 1.0]]], "view": [[0.0, -2.0, 100.0], [-2.0, 0.0, 100.0], [0.0, 0.0, 1.0]], "bev": "bev_a322852092bd4851b21d7b8bb14d3af8.png", "aux": "aux_a322852092bd4851b21d7b8bb14d3af8.npz", "visibility": "visibility_a322852092bd4851b21d7b8bb14d3af8.png", "pose": [[-0.5548534989356995, 0.8319481015205383, 0.0, 1033.3515625], [-0.8319481015205383, -0.5548534989356995, 0.0, 2639.912109375], [0.0, 0.0, 1.0, 0.0], [0.0, 0.0, 0.0, 1.0]], "pose_inverse": [[-0.5548534989356995, -0.8319481015205383, 0.0, 2769.62841796875], [0.8319481015205383, -0.5548534989356995, 0.0, 605.069580078125], [0.0, 0.0, 1.0, 0.0], [0.0, 0.0, 0.0, 1.0]], "cam_ids": [0, 1, 2, 3, 4, 5], "cam_channels": ["CAM_FRONT_LEFT", "CAM_FRONT", "CAM_FRONT_RIGHT", "CAM_BACK_LEFT", "CAM_BACK", "CAM_BACK_RIGHT"], "token": "a322852092bd4851b21d7b8bb14d3af8", "scene": "scene-1070"}, {"images": ["samples/CAM_FRONT_LEFT/n015-2018-11-21-19-21-35+0800__CAM_FRONT_LEFT__1542799646404844.jpg", "samples/CAM_FRONT/n015-2018-11-21-19-21-35+0800__CAM_FRONT__1542799646412460.jpg", "samples/CAM_FRONT_RIGHT/n015-2018-11-21-19-21-35+0800__CAM_FRONT_RIGHT__1542799646420339.jpg", "samples/CAM_BACK_LEFT/n015-2018-11-21-19-21-35+0800__CAM_BACK_LEFT__1542799646447423.jpg", "samples/CAM_BACK/n015-2018-11-21-19-21-35+0800__CAM_BACK__1542799646437525.jpg", "samples/CAM_BACK_RIGHT/n015-2018-11-21-19-21-35+0800__CAM_BACK_RIGHT__1542799646427893.jpg"], "intrinsics": [[[1272.5979470598488, 0.0, 826.6154927353808], [0.0, 1272.5979470598488, 479.75165386361925], [0.0, 0.0, 1.0]], [[1266.417203046554, 0.0, 816.2670197447984], [0.0, 1266.417203046554, 491.50706579294757], [0.0, 0.0, 1.0]], [[1260.8474446004698, 0.0, 807.968244525554], [0.0, 1260.8474446004698, 495.3344268742088], [0.0, 0.0, 1.0]], [[1256.7414812095406, 0.0, 792.1125740759628], [0.0, 1256.7414812095406, 492.7757465151356], [0.0, 0.0, 1.0]], [[809.2209905677063, 0.0, 829.2196003259838], [0.0, 809.2209905677063, 481.77842384512485], [0.0, 0.0, 1.0]], [[1259.5137405846733, 0.0, 807.2529053838625], [0.0, 1259.5137405846733, 501.19579884916527], [0.0, 0.0, 1.0]]], "extrinsics": [[[0.8209763765335083, -0.570878267288208, 0.009779991582036018, -0.52294921875], [0.006906862836331129, -0.007197911851108074, -0.9999502301216125, 1.5119667053222656], [0.5709202289581299, 0.8210030794143677, -0.001966337440535426, -0.9716796875], [0.0, 0.0, 0.0, 1.0]], [[0.006003564223647118, -0.999919056892395, 0.011211142875254154, 0.00701904296875], [0.0016359114088118076, -0.011201508343219757, -0.9999359846115112, 1.5212539434432983], [0.9999805688858032, 0.006021528970450163, 0.0015685304533690214, -1.246826171875], [0.0, 0.0, 0.0, 1.0]], [[-0.8326793313026428, -0.5536751747131348, -0.009425663389265537, 0.7412109375], [0.007280425634235144, 0.0060739219188690186, -0.9999550580978394, 1.5061912536621094], [0.553707480430603, -0.8327105045318604, -0.0010266379686072469, -1.05615234375], [0.0, 0.0, 0.0, 1.0]], [[0.9476499557495117, 0.31922614574432373, 0.00735566345974803, -1.1259765625], [0.015902213752269745, -0.024174563586711884, -0.9995812773704529, 1.5887908935546875], [-0.318914532661438, 0.947370171546936, -0.027985431253910065, -0.107940673828125], [0.0, 0.0, 0.0, 1.0]], [[0.0022279787808656693, 0.9998965263366699, -0.014209629967808723, 0.00421142578125], [-0.009470666758716106, -0.014187929220497608, -0.9998545050621033, 1.578033447265625], [-0.9999526143074036, 0.0023621811997145414, 0.009438076056540012, -0.13623046875], [0.0, 0.0, 0.0, 1.0]], [[-0.9347644448280334, 0.35463017225265503, -0.0212788637727499, 0.89697265625], [0.023182494565844536, 0.0011195903643965721, -0.99973064661026, 1.5573883056640625], [-0.3545108437538147, -0.9350059628486633, -0.009267766028642654, -0.1552734375], [0.0, 0.0, 0.0, 1.0]]], "view": [[0.0, -2.0, 100.0], [-2.0, 0.0, 100.0], [0.0, 0.0, 1.0]], "bev": "bev_11a46849ff264ac3b75ba0709c4a0a35.png", "aux": "aux_11a46849ff264ac3b75ba0709c4a0a35.npz", "visibility": "visibility_11a46849ff264ac3b75ba0709c4a0a35.png", "pose": [[-0.5592911243438721, 0.828971266746521, 0.0, 1029.906005859375], [-0.828971266746521, -0.5592911243438721, 0.0, 2634.8056640625], [0.0, 0.0, 1.0, 0.0], [0.0, 0.0, 0.0, 1.0]], "pose_inverse": [[-0.5592911243438721, -0.828971266746521, 0.0, 2760.195556640625], [0.828971266746521, -0.5592911243438721, 0.0, 619.8609619140625], [0.0, 0.0, 1.0, 0.0], [0.0, 0.0, 0.0, 1.0]], "cam_ids": [0, 1, 2, 3, 4, 5], "cam_channels": ["CAM_FRONT_LEFT", "CAM_FRONT", "CAM_FRONT_RIGHT", "CAM_BACK_LEFT", "CAM_BACK", "CAM_BACK_RIGHT"], "token": "11a46849ff264ac3b75ba0709c4a0a35", "scene": "scene-1070"}, {"images": ["samples/CAM_FRONT_LEFT/n015-2018-11-21-19-21-35+0800__CAM_FRONT_LEFT__1542799646854844.jpg", "samples/CAM_FRONT/n015-2018-11-21-19-21-35+0800__CAM_FRONT__1542799646862460.jpg", "samples/CAM_FRONT_RIGHT/n015-2018-11-21-19-21-35+0800__CAM_FRONT_RIGHT__1542799646870339.jpg", "samples/CAM_BACK_LEFT/n015-2018-11-21-19-21-35+0800__CAM_BACK_LEFT__1542799646897423.jpg", "samples/CAM_BACK/n015-2018-11-21-19-21-35+0800__CAM_BACK__1542799646887525.jpg", "samples/CAM_BACK_RIGHT/n015-2018-11-21-19-21-35+0800__CAM_BACK_RIGHT__1542799646877893.jpg"], "intrinsics": [[[1272.5979470598488, 0.0, 826.6154927353808], [0.0, 1272.5979470598488, 479.75165386361925], [0.0, 0.0, 1.0]], [[1266.417203046554, 0.0, 816.2670197447984], [0.0, 1266.417203046554, 491.50706579294757], [0.0, 0.0, 1.0]], [[1260.8474446004698, 0.0, 807.968244525554], [0.0, 1260.8474446004698, 495.3344268742088], [0.0, 0.0, 1.0]], [[1256.7414812095406, 0.0, 792.1125740759628], [0.0, 1256.7414812095406, 492.7757465151356], [0.0, 0.0, 1.0]], [[809.2209905677063, 0.0, 829.2196003259838], [0.0, 809.2209905677063, 481.77842384512485], [0.0, 0.0, 1.0]], [[1259.5137405846733, 0.0, 807.2529053838625], [0.0, 1259.5137405846733, 501.19579884916527], [0.0, 0.0, 1.0]]], "extrinsics": [[[0.8214557766914368, -0.5702557563781738, 0.004328981973230839, -0.51904296875], [0.0043880753219127655, -0.0012701789382845163, -0.9999895691871643, 1.510624885559082], [0.5702552795410156, 0.8214662671089172, 0.0014589291531592607, -0.974365234375], [0.0, 0.0, 0.0, 1.0]], [[0.0066696153953671455, -0.99996417760849, 0.005201131105422974, 0.01025390625], [-0.0008309910190291703, -0.005206787493079901, -0.9999861717224121, 1.5201749801635742], [0.9999773502349854, 0.006665109656751156, -0.0008656881400384009, -1.2451171875], [0.0, 0.0, 0.0, 1.0]], [[-0.8324609994888306, -0.5539795160293579, -0.010746781714260578, 0.74169921875], [0.004851827397942543, 0.012106784619390965, -0.9999149441719055, 1.5053215026855469], [0.5540624856948853, -0.8324422240257263, -0.007390610873699188, -1.052978515625], [0.0, 0.0, 0.0, 1.0]], [[0.9475790858268738, 0.31943821907043457, 0.007281903643161058, -1.124267578125], [0.01379101537168026, -0.018119508400559425, -0.999740719795227, 1.5888252258300781], [-0.3192233741283417, 0.9474338293075562, -0.021575044840574265, -0.110260009765625], [0.0, 0.0, 0.0, 1.0]], [[0.002155784983187914, 0.9999646544456482, -0.008126350119709969, 0.00244140625], [-0.011734021827578545, -0.00810051430016756, -0.999898374080658, 1.5777320861816406], [-0.9999288320541382, 0.002250850899145007, 0.011716143228113651, -0.137