[{"images": ["samples/CAM_FRONT_LEFT/n015-2018-08-03-15-21-40+0800__CAM_FRONT_LEFT__1533281267754844.jpg", "samples/CAM_FRONT/n015-2018-08-03-15-21-40+0800__CAM_FRONT__1533281267762460.jpg", "samples/CAM_FRONT_RIGHT/n015-2018-08-03-15-21-40+0800__CAM_FRONT_RIGHT__1533281267770339.jpg", "samples/CAM_BACK_LEFT/n015-2018-08-03-15-21-40+0800__CAM_BACK_LEFT__1533281267797423.jpg", "samples/CAM_BACK/n015-2018-08-03-15-21-40+0800__CAM_BACK__1533281267787525.jpg", "samples/CAM_BACK_RIGHT/n015-2018-08-03-15-21-40+0800__CAM_BACK_RIGHT__1533281267777893.jpg"], "intrinsics": [[[1272.5979470598488, 0.0, 826.6154927353808], [0.0, 1272.5979470598488, 479.75165386361925], [0.0, 0.0, 1.0]], [[1266.417203046554, 0.0, 816.2670197447984], [0.0, 1266.417203046554, 491.50706579294757], [0.0, 0.0, 1.0]], [[1260.8474446004698, 0.0, 807.968244525554], [0.0, 1260.8474446004698, 495.3344268742088], [0.0, 0.0, 1.0]], [[1256.7414812095406, 0.0, 792.1125740759628], [0.0, 1256.7414812095406, 492.7757465151356], [0.0, 0.0, 1.0]], [[809.2209905677063, 0.0, 829.2196003259838], [0.0, 809.2209905677063, 481.77842384512485], [0.0, 0.0, 1.0]], [[1259.5137405846733, 0.0, 807.2529053838625], [0.0, 1259.5137405846733, 501.19579884916527], [0.0, 0.0, 1.0]]], "extrinsics": [[[0.828444242477417, -0.5595651865005493, 0.02380877546966076, -0.7907867431640625], [0.0010572117753326893, -0.04094777628779411, -0.9991607069969177, 1.5082588195800781], [0.5600705146789551, 0.827774167060852, -0.03333137556910515, -1.15625], [0.0, 0.0, 0.0, 1.0]], [[0.0167840626090765, -0.9988444447517395, 0.045032937079668045, 0.003662109375], [-0.004382952582091093, -0.04511234909296036, -0.9989722967147827, 1.5195655822753906], [0.9998494982719421, 0.016569441184401512, -0.005135057028383017, -1.51641845703125], [0.0, 0.0, 0.0, 1.0]], [[-0.8280930519104004, -0.5603925585746765, 0.014899009838700294, 0.9169921875], [0.0008885565912351012, -0.027889404445886612, -0.9996106028556824, 1.5036697387695312], [0.5605899095535278, -0.8277573585510254, 0.023592965677380562, -1.17462158203125], [0.0, 0.0, 0.0, 1.0]], [[0.9476008415222168, 0.31929811835289, -0.010060857981443405, -1.137451171875], [0.009069465100765228, -0.05837028846144676, -0.9982537627220154, 1.5885543823242188], [-0.31932783126831055, 0.9458549618721008, -0.05820760130882263, -0.1046142578125], [0.0, 0.0, 0.0, 1.0]], [[-0.0010230682091787457, 0.9988306760787964, -0.04833543673157692, 0.00439453125], [-0.016127461567521095, -0.0483456552028656, -0.9987004399299622, 1.5784378051757812], [-0.9998694658279419, -0.00024220671912189573, 0.01615806482732296, -0.05078125], [0.0, 0.0, 0.0, 1.0]], [[-0.9369961023330688, 0.34829145669937134, -0.027043798938393593, 1.04364013671875], [0.0166440661996603, -0.03281750902533531, -0.999322772026062, 1.553030014038086], [-0.34894314408302307, -0.9368116855621338, 0.02495288848876953, -0.1005859375], [0.0, 0.0, 0.0, 1.0]]], "view": [[0.0, -2.0, 100.0], [-2.0, 0.0, 100.0], [0.0, 0.0, 1.0]], "bev": "bev_0a6d228a30604342ba6f4ccd7ee0cc05.png", "aux": "aux_0a6d228a30604342ba6f4ccd7ee0cc05.npz", "visibility": "visibility_0a6d228a30604342ba6f4ccd7ee0cc05.png", "pose": [[-0.9927214980125427, 0.1204325407743454, 0.0, 770.8968505859375], [-0.1204325407743454, -0.9927214980125427, 0.0, 1446.240478515625], [0.0, 0.0, 1.0, 0.0], [0.0, 0.0, 0.0, 1.0]], "pose_inverse": [[-0.9927214980125427, -0.1204325407743454, 0.0, 939.4603271484375], [0.1204325407743454, -0.9927214980125427, 0.0, 1342.8729248046875], [0.0, 0.0, 1.0, 0.0], [0.0, 0.0, 0.0, 1.0]], "cam_ids": [0, 1, 2, 3, 4, 5], "cam_channels": ["CAM_FRONT_LEFT", "CAM_FRONT", "CAM_FRONT_RIGHT", "CAM_BACK_LEFT", "CAM_BACK", "CAM_BACK_RIGHT"], "token": "0a6d228a30604342ba6f4ccd7ee0cc05", "scene": "scene-0381"}, {"images": ["samples/CAM_FRONT_LEFT/n015-2018-08-03-15-21-40+0800__CAM_FRONT_LEFT__1533281268354844.jpg", "samples/CAM_FRONT/n015-2018-08-03-15-21-40+0800__CAM_FRONT__1533281268362460.jpg", "samples/CAM_FRONT_RIGHT/n015-2018-08-03-15-21-40+0800__CAM_FRONT_RIGHT__1533281268370339.jpg", "samples/CAM_BACK_LEFT/n015-2018-08-03-15-21-40+0800__CAM_BACK_LEFT__1533281268397423.jpg", "samples/CAM_BACK/n015-2018-08-03-15-21-40+0800__CAM_BACK__1533281268387525.jpg", "samples/CAM_BACK_RIGHT/n015-2018-08-03-15-21-40+0800__CAM_BACK_RIGHT__1533281268377904.jpg"], "intrinsics": [[[1272.5979470598488, 0.0, 826.6154927353808], [0.0, 1272.5979470598488, 479.75165386361925], [0.0, 0.0, 1.0]], [[1266.417203046554, 0.0, 816.2670197447984], [0.0, 1266.417203046554, 491.50706579294757], [0.0, 0.0, 1.0]], [[1260.8474446004698, 0.0, 807.968244525554], [0.0, 1260.8474446004698, 495.3344268742088], [0.0, 0.0, 1.0]], [[1256.7414812095406, 0.0, 792.1125740759628], [0.0, 1256.7414812095406, 492.7757465151356], [0.0, 0.0, 1.0]], [[809.2209905677063, 0.0, 829.2196003259838], [0.0, 809.2209905677063, 481.77842384512485], [0.0, 0.0, 1.0]], [[1259.5137405846733, 0.0, 807.2529053838625], [0.0, 1259.5137405846733, 501.19579884916527], [0.0, 0.0, 1.0]]], "extrinsics": [[[0.8267471194267273, -0.5620519518852234, 0.02422458492219448, -0.764801025390625], [0.001112503232434392, -0.041426803916692734, -0.9991409182548523, 1.5083160400390625], [0.5625726580619812, 0.826063871383667, -0.033624205738306046, -1.13818359375], [0.0, 0.0, 0.0, 1.0]], [[0.01408367045223713, -0.9988682866096497, 0.045427560806274414, 0.00390625], [-0.004205811303108931, -0.045490849763154984, -0.9989559650421143, 1.5195083618164062], [0.9998919367790222, 0.013877907767891884, -0.004841729998588562, -1.49053955078125], [0.0, 0.0, 0.0, 1.0]], [[-0.8294112682342529, -0.5584447383880615, 0.014716049656271935, 0.9007568359375], [0.00125639617908746, -0.028207357972860336, -0.9996012449264526, 1.503753662109375], [0.5586371421813965, -0.8290620446205139, 0.024097129702568054, -1.16375732421875], [0.0, 0.0, 0.0, 1.0]], [[0.9481330513954163, 0.31773844361305237, -0.009278744459152222, -1.1400146484375], [0.009829516522586346, -0.05848238989710808, -0.9982399940490723, 1.5885467529296875], [-0.3177219033241272, 0.9463731050491333, -0.058572299778461456, -0.103759765625], [0.0, 0.0, 0.0, 1.0]], [[0.000795117870438844, 0.9988206624984741, -0.048545800149440765, 0.004150390625], [-0.0154697485268116, -0.04852772504091263, -0.9987019896507263, 1.578399658203125], [-0.9998799562454224, 0.0015450833598151803, 0.015412917360663414, -0.056640625], [0.0, 0.0, 0.0, 1.0]], [[-0.936275839805603, 0.35017305612564087, -0.027684248983860016, 1.0307464599609375], [0.017160633578896523, -0.033120471984148026, -0.9993040561676025, 1.5533218383789062], [-0.35084623098373413, -0.9360993504524231, 0.025000710040330887, -0.1053466796875], [0.0, 0.0, 0.0, 1.0]]], "view": [[0.0, -2.0, 100.0], [-2.0, 0.0, 100.0], [0.0, 0.0, 1.0]], "bev": "bev_6e78acc2f8cf4628bd15e13c2e76eea3.png", "aux": "aux_6e78acc2f8cf4628bd15e13c2e76eea3.npz", "visibility": "visibility_6e78acc2f8cf4628bd15e13c2e76eea3.png", "pose": [[-0.9987357258796692, -0.05026930570602417, 0.0, 767.7310791015625], [0.05026930570602417, -0.9987357258796692, 0.0, 1446.108154296875], [0.0, 0.0, 1.0, 0.0], [0.0, 0.0, 0.0, 1.0]], "pose_inverse": [[-0.9987357258796692, 0.05026930570602417, 0.0, 694.0656127929688], [-0.05026930570602417, -0.9987357258796692, 0.0, 1482.8731689453125], [0.0, 0.0, 1.0, 0.0], [0.0, 0.0, 0.0, 1.0]], "cam_ids": [0, 1, 2, 3, 4, 5], "cam_channels": ["CAM_FRONT_LEFT", "CAM_FRONT", "CAM_FRONT_RIGHT", "CAM_BACK_LEFT", "CAM_BACK", "CAM_BACK_RIGHT"], "token": "6e78acc2f8cf4628bd15e13c2e76eea3", "scene": "scene-0381"}, {"images": ["samples/CAM_FRONT_LEFT/n015-2018-08-03-15-21-40+0800__CAM_FRONT_LEFT__1533281268854844.jpg", "samples/CAM_FRONT/n015-2018-08-03-15-21-40+0800__CAM_FRONT__1533281268862460.jpg", "samples/CAM_FRONT_RIGHT/n015-2018-08-03-15-21-40+0800__CAM_FRONT_RIGHT__1533281268870339.jpg", "samples/CAM_BACK_LEFT/n015-2018-08-03-15-21-40+0800__CAM_BACK_LEFT__1533281268897423.jpg", "samples/CAM_BACK/n015-2018-08-03-15-21-40+0800__CAM_BACK__1533281268887525.jpg", "samples/CAM_BACK_RIGHT/n015-2018-08-03-15-21-40+0800__CAM_BACK_RIGHT__1533281268877893.jpg"], "intrinsics": [[[1272.5979470598488, 0.0, 826.6154927353808], [0.0, 1272.5979470598488, 479.75165386361925], [0.0, 0.0, 1.0]], [[1266.417203046554, 0.0, 816.2670197447984], [0.0, 1266.417203046554, 491.50706579294757], [0.0, 0.0, 1.0]], [[1260.8474446004698, 0.0, 807.968244525554], [0.0, 1260.8474446004698, 495.3344268742088], [0.0, 0.0, 1.0]], [[1256.7414812095406, 0.0, 792.1125740759628], [0.0, 1256.7414812095406, 492.7757465151356], [0.0, 0.0, 1.0]], [[809.2209905677063, 0.0, 829.2196003259838], [0.0, 809.2209905677063, 481.77842384512485], [0.0, 0.0, 1.0]], [[1259.5137405846733, 0.0, 807.2529053838625], [0.0, 1259.5137405846733, 501.19579884916527], [0.0, 0.0, 1.0]]], "extrinsics": [[[0.8237012028694153, -0.5665608048439026, 0.022916166111826897, -0.7509765625], [0.004062135703861713, -0.03451762720942497, -0.9993958473205566, 1.5091361999511719], [0.5670095682144165, 0.8232965469360352, -0.026130760088562965, -1.1263427734375], [0.0, 0.0, 0.0, 1.0]], [[0.009884562343358994, -0.9992178082466125, 0.038286563009023666, 0.0028076171875], [-0.0011979349656030536, -0.03830023854970932, -0.9992655515670776, 1.5201034545898438], [0.9999504685401917, 0.009831462055444717, -0.0015755794011056423, -1.475341796875], [0.0, 0.0, 0.0, 1.0]], [[-0.8310838937759399, -0.5560908913612366, 0.007899784483015537, 0.8905029296875], [0.004382226150482893, -0.020752010866999626, -0.9997750520706177, 1.5043106079101562], [0.5561297535896301, -0.8308623433113098, 0.019683578982949257, -1.15777587890625], [0.0, 0.0, 0.0, 1.0]], [[0.9477787613868713, 0.31890934705734253, -0.0035000976640731096, -1.14471435546875], [0.013155772350728512, -0.05005863681435585, -0.998659610748291, 1.5885009765625], [-0.3186570703983307, 0.9464622735977173, -0.05164000764489174, -0.1025390625], [0.0, 0.0, 0.0, 1.0]], [[0.001334112137556076, 0.9991815686225891, -0.04042830318212509, 0.0042724609375], [-0.012264271266758442, -0.04040894657373428, -0.9991079568862915, 1.5785675048828125], [-0.9999238848686218, 0.0018287759739905596, 0.01220032200217247, -0.05865478515625], [0.0, 0.0, 0.0, 1.0]], [[-0.9355380535125732, 0.35211753845214844, -0.027958521619439125, 1.022979736328125], [0.020305367186665535, -0.025409936904907227, -0.9994708299636841, 1.5538654327392578], [-0.3526417016983032, -0.935610830783844, 0.016622090712189674, -0.1090087890625], [0.0, 0.0, 0.0, 1.0]]], "view": [[0.0, -2.0, 100.0], [-2.0, 0.0, 100.0], [0.0, 0.0, 1.0]], "bev": "bev_2eacbb69a17b4a129102572c7bdd341e.png", "aux": "aux_2eacbb69a17b4a129102572c7bdd341e.npz", "visibility": "visibility_2eacbb69a17b4a129102572c7bdd341e.png", "pose": [[-0.9865901470184326, -0.1632171869277954, 0.0, 764.7628784179688], [0.1632171869277954, -0.9865901470184326, 0.0, 1446.4075927734375], [0.0, 0.0, 1.0, 0.0], [0.0, 0.0, 0.0, 1.0]], "pose_inverse": [[-0.9865901470184326, 0.1632171869277954, 0.0, 518.428955078125], [-0.1632171869277954, -0.9865901470184326, 0.0, 1551.833984375], [0.0, 0.0, 1.0, 0.0], [0.0, 0.0, 0.0, 1.0]], "cam_ids": [0, 1, 2, 3, 4, 5], "cam_channels": ["CAM_FRONT_LEFT", "CAM_FRONT", "CAM_FRONT_RIGHT", "CAM_BACK_LEFT", "CAM_BACK", "CAM_BACK_RIGHT"], "token": "2eacbb69a17b4a129102572c7bdd341e", "scene": "scene-0381"}, {"images": ["samples/CAM_FRONT_LEFT/n015-2018-08-03-15-21-40+0800__CAM_FRONT_LEFT__1533281269354844.jpg", "samples/CAM_FRONT/n015-2018-08-03-15-21-40+0800__CAM_FRONT__1533281269362460.jpg", "samples/CAM_FRONT_RIGHT/n015-2018-08-03-15-21-40+0800__CAM_FRONT_RIGHT__1533281269370339.jpg", "samples/CAM_BACK_LEFT/n015-2018-08-03-15-21-40+0800__CAM_BACK_LEFT__1533281269397433.jpg", "samples/CAM_BACK/n015-2018-08-03-15-21-40+0800__CAM_BACK__1533281269387525.jpg", "samples/CAM_BACK_RIGHT/n015-2018-08-03-15-21-40+0800__CAM_BACK_RIGHT__1533281269377893.jpg"], "intrinsics": [[[1272.5979470598488, 0.0, 826.6154927353808], [0.0, 1272.5979470598488, 479.75165386361925], [0.0, 0.0, 1.0]], [[1266.417203046554, 0.0, 816.2670197447984], [0.0, 1266.417203046554, 491.50706579294757], [0.0, 0.0, 1.0]], [[1260.8474446004698, 0.0, 807.968244525554], [0.0, 1260.8474446004698, 495.3344268742088], [0.0, 0.0, 1.0]], [[1256.7414812095406, 0.0, 792.1125740759628], [0.0, 1256.7414812095406, 492.7757465151356], [0.0, 0.0, 1.0]], [[809.2209905677063, 0.0, 829.2196003259838], [0.0, 809.2209905677063, 481.77842384512485], [0.0, 0.0, 1.0]], [[1259.5137405846733, 0.0, 807.2529053838625], [0.0, 1259.5137405846733, 501.19579884916527], [0.0, 0.0, 1.0]]], "extrinsics": [[[0.8214473128318787, -0.5695432424545288, 0.029063602909445763, -0.72625732421875], [0.007965294644236565, -0.03949994221329689, -0.9991878271102905, 1.510406494140625], [0.570228636264801, 0.8210116624832153, -0.027910543605685234, -1.109130859375], [0.0, 0.0, 0.0, 1.0]], [[0.006646171677857637, -0.9990247488021851, 0.04364955425262451, 0.0029296875], [0.0027203222271054983, -0.04363229125738144, -0.9990440011024475, 1.5210189819335938], [0.9999741315841675, 0.00675854692235589, 0.002427681814879179, -1.4508056640625], [0.0, 0.0, 0.0, 1.0]], [[-0.8324285745620728, -0.5540795922279358, 0.00764701422303915, 0.8746337890625], [0.008431505411863327, -0.02646314539015293, -0.9996142387390137, 1.5051383972167969], [0.5540681481361389, -0.832042932510376, 0.02670040726661682, -1.1473388671875], [0.0, 0.0, 0.0, 1.0]], [[0.9480116367340088, 0.3182329535484314, -0.0012778057716786861, -1.14306640625], [0.017673900350928307, -0.0566585436463356, -0.998237133026123, 1.5884552001953125], [-0.31774434447288513, 0.9463179111480713, -0.05933738127350807, -0.10205078125], [0.0, 0.0, 0.0, 1.0]], [[0.0026970801409333944, 0.9989018440246582, -0.04677552357316017, 0.0047607421875], [-0.007955360226333141, -0.04675277695059776, -0.9988747835159302, 1.5787353515625], [-0.9999646544456482, 0.003066170495003462, 0.007820528000593185, -0.066192626953125], [0.0, 0.0, 0.0, 1.0]], [[-0.9348135590553284, 0.35350579023361206, -0.03401675447821617, 1.0104446411132812], [0.024463606998324394, -0.031458668410778046, -0.9992056488990784, 1.5546913146972656], [-0.35429513454437256, -0.9349032044410706, 0.020759964361786842, -0.11376953125], [0.0, 0.0, 0.0, 1.0]]], "view": [[0.0, -2.0, 100.0], [-2.0, 0.0, 100.0], [0.0, 0.0, 1.0]], "bev": "bev_50f846602c25491f99710bc6de868bae.png", "aux": "aux_50f846602c25491f99710bc6de868bae.npz", "visibility": "visibility_50f846602c25491f99710bc6de868bae.png", "pose": [[-0.9811646938323975, -0.19317296147346497, 0.0, 761.455810546875], [0.19317296147346497, -0.9811646938323975, 0.0, 1446.9766845703125], [0.0, 0.0, 1.0, 0.0], [0.0, 0.0, 0.0, 1.0]], "pose_inverse": [[-0.9811646938323975, 0.19317296147346497, 0.0, 467.5968017578125], [-0.19317296147346497, -0.9811646938323975, 0.0, 1566.815185546875], [0.0, 0.0, 1.0, 0.0], [0.0, 0.0, 0.0, 1.0]], "cam_ids": [0, 1, 2, 3, 4, 5], "cam_channels": ["CAM_FRONT_LEFT", "CAM_FRONT", "CAM_FRONT_RIGHT", "CAM_BACK_LEFT", "CAM_BACK", "CAM_BACK_RIGHT"], "token": "50f846602c25491f99710bc6de868bae", "scene": "scene-0381"}, {"images": ["samples/CAM_FRONT_LEFT/n015-2018-08-03-15-21-40+0800__CAM_FRONT_LEFT__1533281269904844.jpg", "samples/CAM_FRONT/n015-2018-08-03-15-21-40+0800__CAM_FRONT__1533281269912460.jpg", "samples/CAM_FRONT_RIGHT/n015-2018-08-03-15-21-40+0800__CAM_FRONT_RIGHT__1533281269920339.jpg", "samples/CAM_BACK_LEFT/n015-2018-08-03-15-21-40+0800__CAM_BACK_LEFT__1533281269947423.jpg", "samples/CAM_BACK/n015-2018-08-03-15-21-40+0800__CAM_BACK__1533281269937525.jpg", "samples/CAM_BACK_RIGHT/n015-2018-08-03-15-21-40+0800__CAM_BACK_RIGHT__1533281269927893.jpg"], "intrinsics": [[[1272.5979470598488, 0.0, 826.6154927353808], [0.0, 1272.5979470598488, 479.75165386361925], [0.0, 0.0, 1.0]], [[1266.417203046554, 0.0, 816.2670197447984], [0.0, 1266.417203046554, 491.50706579294757], [0.0, 0.0, 1.0]], [[1260.8474446004698, 0.0, 807.968244525554], [0.0, 1260.8474446004698, 495.3344268742088], [0.0, 0.0, 1.0]], [[1256.7414812095406, 0.0, 792.1125740759628], [0.0, 1256.7414812095406, 492.7757465151356], [0.0, 0.0, 1.0]], [[809.2209905677063, 0.0, 829.2196003259838], [0.0, 809.2209905677063, 481.77842384512485], [0.0, 0.0, 1.0]], [[1259.5137405846733, 0.0, 807.2529053838625], [0.0, 1259.5137405846733, 501.19579884916527], [0.0, 0.0, 1.0]]], "extrinsics": [[[0.8210356831550598, -0.5704135894775391, 0.022992856800556183, -0.679931640625], [0.006100873462855816, -0.03150692209601402, -0.9994849562644958, 1.5103225708007812], [0.570844292640686, 0.8207530379295349, -0.022388288751244545, -1.080078125], [0.0, 0.0, 0.0, 1.0]], [[0.006068863905966282, -0.99934983253479, 0.03553764149546623, 0.0054931640625], [0.0005911897169426084, -0.035534705966711044, -0.9993683099746704, 1.520660400390625], [0.9999813437461853, 0.006086042616516352, 0.000375150004401803, -1.4031982421875], [0.0, 0.0, 0.0, 1.0]], [[-0.8327040672302246, -0.5536943078041077, 0.005142366513609886, 0.8421630859375], [0.00598824443295598, -0.01829141192138195, -0.9998147487640381, 1.5049934387207031], [0.5536857843399048, -0.8325191140174866, 0.018546991050243378, -1.1231689453125], [0.0, 0.0, 0.0, 1.0]], [[0.9477201104164124, 0.3190949857234955, -0.002255828119814396, -1.12738037109375], [0.013936800882220268, -0.048453111201524734, -0.9987282156944275, 1.5887680053710938], [-0.3187984526157379, 0.9464832544326782, -0.050367146730422974, -0.1085205078125], [0.0, 0.0, 0.0, 1.0]], [[0.0024063566233962774, 0.9992538690567017, -0.038547735661268234, 0.0035400390625], [-0.01122470572590828, -0.03851843252778053, -0.999194860458374, 1.5783042907714844], [-0.9999341368675232, 0.002837078645825386, 0.011123640462756157, -0.091339111328125], [0.0, 0.0, 0.0, 1.0]], [[-0.9347590208053589, 0.35413697361946106, -0.028506560251116753, 0.978759765625], [0.021673493087291718, -0.023247130215168, -0.9994947910308838, 1.5550899505615234], [-0.35462072491645813, -0.9349046349525452, 0.014055076986551285, -0.1240234375], [0.0, 0.0, 0.0, 1.0]]], "view": [[0.0, -2.0, 100.0], [-2.0, 0.0, 100.0], [0.0, 0.0, 1.0]], "bev": "bev_b735e5ac0a544093bcaca3fec8c21ee4.png", "aux": "aux_b735e5ac0a544093bcaca3fec8c21ee4.npz", "visibility": "visibility_b735e5ac0a544093bcaca3fec8c21ee4.png", "pose": [[-0.9757534265518188, -0.21887269616127014, 0.0, 757.3750610351562], [0.21887269616127014, -0.9757534265518188, 0.0, 1447.8282470703125], [0.0, 0.0, 1.0, 0.0], [0.0, 0.0, 0.0, 1.0]], "pose_inverse": [[-0.9757534265518188, 0.21887269616127014, 0.0, 422.1212158203125], [-0.21887269616127014, -0.9757534265518188, 0.0, 1578.4920654296875], [0.0, 0.0, 1.0, 0.0], [0.0, 0.0, 0.0, 1.0]], "cam_ids": [0, 1, 2, 3, 4, 5], "cam_channels": ["CAM_FRONT_LEFT", "CAM_FRONT", "CAM_FRONT_RIGHT", "CAM_BACK_LEFT", "CAM_BACK", "CAM_BACK_RIGHT"], "token": "b735e5ac0a544093bcaca3fec8c21ee4", "scene": "scene-0381"}, {"images": ["samples/CAM_FRONT_LEFT/n015-2018-08-03-15-21-40+0800__CAM_FRONT_LEFT__1533281270404844.jpg", "samples/CAM_FRONT/n015-2018-08-03-15-21-40+0800__CAM_FRONT__1533281270412460.jpg", "samples/CAM_FRONT_RIGHT/n015-2018-08-03-15-21-40+0800__CAM_FRONT_RIGHT__1533281270420339.jpg", "samples/CAM_BACK_LEFT/n015-2018-08-03-15-21-40+0800__CAM_BACK_LEFT__1533281270447423.jpg", "samples/CAM_BACK/n015-2018-08-03-15-21-40+0800__CAM_BACK__1533281270437525.jpg", "samples/CAM_BACK_RIGHT/n015-2018-08-03-15-21-40+0800__CAM_BACK_RIGHT__1533281270427893.jpg"], "intrinsics": [[[1272.5979470598488, 0.0, 826.6154927353808], [0.0, 1272.5979470598488, 479.75165386361925], [0.0, 0.0, 1.0]], [[1266.417203046554, 0.0, 816.2670197447984], [0.0, 1266.417203046554, 491.50706579294757], [0.0, 0.0, 1.0]], [[1260.8474446004698, 0.0, 807.968244525554], [0.0, 1260.8474446004698, 495.3344268742088], [0.0, 0.0, 1.0]], [[1256.7414812095406, 0.0, 792.1125740759628], [0.0, 1256.7414812095406, 492.7757465151356], [0.0, 0.0, 1.0]], [[809.2209905677063, 0.0, 829.2196003259838], [0.0, 809.2209905677063, 481.77842384512485], [0.0, 0.0, 1.0]], [[1259.5137405846733, 0.0, 807.2529053838625], [0.0, 1259.5137405846733, 501.19579884916527], [0.0, 0.0, 1.0]]], "extrinsics": [[[0.8203731775283813, -0.5713647603988647, 0.02302645705640316, -0.65283203125], [0.008914570324122906, -0.027484312653541565, -0.9995824694633484, 1.5116424560546875], [0.5717591047286987, 0.8202359080314636, -0.01745392382144928, -1.0628662109375], [0.0, 0.0, 0.0, 1.0]], [[0.005124423652887344, -0.9994909763336182, 0.03148728609085083, 0.0067138671875], [0.003636024659499526, -0.03146887198090553, -0.9994981288909912, 1.5216903686523438], [0.9999802708625793, 0.005236334633082151, 0.003472913522273302, -1.376190185546875], [0.0, 0.0, 0.0, 1.0]], [[-0.8330616354942322, -0.5531800985336304, 0.00011022915714420378, 0.824462890625], [0.00928906723856926, -0.014188108965754509, -0.9998561143875122, 1.5059700012207031], [0.5531021356582642, -0.8329408168792725, 0.016958096995949745, -1.110595703125], [0.0, 0.0, 0.0, 1.0]], [[0.9477782249450684, 0.3189172148704529, 0.0028804484754800797, -1.12139892578125], [0.01794329844415188, -0.04430337995290756, -0.9988569021224976, 1.58892822265625], [-0.3184250593185425, 0.9467465877532959, -0.04771220684051514, -0.1104736328125], [0.0, 0.0, 0.0, 1.0]], [[0.0027095729019492865, 0.9994038939476013, -0.03441840410232544, 0.0030517578125], [-0.0074659688398242, -0.03439735621213913, -0.999380350112915, 1.578582763671875], [-0.9999684691429138, 0.0029648717027157545, 0.007368314545601606, -0.102691650390625], [0.0, 0.0, 0.0, 1.0]], [[-0.934504508972168, 0.3546566367149353, -0.030330825597047806, 0.962432861328125], [0.025180233642458916, -0.01913009211421013, -0.9994998574256897, 1.556131362915039], [-0.35505950450897217, -0.934800922870636, 0.008946821093559265, -0.129638671875], [0.0, 0.0, 0.0, 1.0]]], "view": [[0.0, -2.0, 100.0], [-2.0, 0.0, 100.0], [0.0, 0.0, 1.0]], "bev": "bev_bc94c18b7abf453d9ae39af6ab2a8636.png", "aux": "aux_bc94c18b7abf453d9ae39af6ab2a8636.npz", "visibility": "visibility_bc94c18b7abf453d9ae39af6ab2a8636.png", "pose": [[-0.9756914377212524, -0.2191489189863205, 0.0, 753.3927001953125], [0.2191489189863205, -0.9756914377212524, 0.0, 1448.7169189453125], [0.0, 0.0, 1.0, 0.0], [0.0, 0.0, 0.0, 1.0]], "pose_inverse": [[-0.9756914377212524, 0.2191489189863205, 0.0, 417.59405517578125], [-0.2191489189863205, -0.9756914377212524, 0.0, 1578.6058349609375], [0.0, 0.0, 1.0, 0.0], [0.0, 0.0, 0.0, 1.0]], "cam_ids": [0, 1, 2, 3, 4, 5], "cam_channels": ["CAM_FRONT_LEFT", "CAM_FRONT", "CAM_FRONT_RIGHT", "CAM_BACK_LEFT", "CAM_BACK", "CAM_BACK_RIGHT"], "token": "bc94c18b7abf453d9ae39af6ab2a8636", "scene": "scene-0381"}, {"images": ["samples/CAM_FRONT_LEFT/n015-2018-08-03-15-21-40+0800__CAM_FRONT_LEFT__1533281271004844.jpg", "samples/CAM_FRONT/n015-2018-08-03-15-21-40+0800__CAM_FRONT__1533281271012460.jpg", "samples/CAM_FRONT_RIGHT/n015-2018-08-03-15-21-40+0800__CAM_FRONT_RIGHT__1533281271020339.jpg", "samples/CAM_BACK_LEFT/n015-2018-08-03-15-21-40+0800__CAM_BACK_LEFT__1533281271047423.jpg", "samples/CAM_BACK/n015-2018-08-03-15-21-40+0800__CAM_BACK__1533281271037525.jpg", "samples/CAM_BACK_RIGHT/n015-2018-08-03-15-21-40+0800__CAM_BACK_RIGHT__1533281271027893.jpg"], "intrinsics": [[[1272.5979470598488, 0.0, 826.6154927353808], [0.0, 1272.5979470598488, 479.75165386361925], [0.0, 0.0, 1.0]], [[1266.417203046554, 0.0, 816.2670197447984], [0.0, 1266.417203046554, 491.50706579294757], [0.0, 0.0, 1.0]], [[1260.8474446004698, 0.0, 807.968244525554], [0.0, 1260.8474446004698, 495.3344268742088], [0.0, 0.0, 1.0]], [[1256.7414812095406, 0.0, 792.1125740759628], [0.0, 1256.7414812095406, 492.7757465151356], [0.0, 0.0, 1.0]], [[809.2209905677063, 0.0, 829.2196003259838], [0.0, 809.2209905677063, 481.77842384512485], [0.0, 0.0, 1.0]], [[1259.5137405846733, 0.0, 807.2529053838625], [0.0, 1259.5137405846733, 501.19579884916527], [0.0, 0.0, 1.0]]], "extrinsics": [[[0.8197272419929504, -0.5722644329071045, 0.023680975660681725, -0.62286376953125], [0.0108410669490695, -0.02583589218556881, -0.9996074438095093, 1.5127449035644531], [0.5726515054702759, 0.8196621537208557, -0.014974425546824932, -1.0394287109375], [0.0, 0.0, 0.0, 1.0]], [[0.00423883181065321, -0.9995425939559937, 0.0299433171749115, 0.005126953125], [0.005524579435586929, -0.02991972118616104, -0.9995370507240295, 1.5224189758300781], [0.9999757409095764, 0.00440230593085289, 0.005395226180553436, -1.343994140625], [0.0, 0.0, 0.0, 1.0]], [[-0.8333970308303833, -0.5526702404022217, -0.0022490585688501596, 0.8018798828125], [0.011153697036206722, -0.012750321999192238, -0.9998564720153809, 1.5067052841186523], [0.5525622367858887, -0.8333024978637695, 0.016790397465229034, -1.0970458984375], [0.0, 0.0, 0.0, 1.0]], [[0.9477993845939636, 0.3188309371471405, 0.004806652665138245, -1.1175537109375], [0.019558008760213852, -0.04308176785707474, -0.9988800883293152, 1.5890388488769531], [-0.31826674938201904, 0.946832001209259, -0.04706857353448868, -0.111572265625], [0.0, 0.0, 0.0, 1.0]], [[0.002997631672769785, 0.9994494318962097, -0.03304522484540939, 0.0035400390625], [-0.005745754111558199, -0.033027611672878265, -0.9994379281997681, 1.5786628723144531], [-0.9999790191650391, 0.0031857991125434637, 0.00564358476549387, -0.1162109375], [0.0, 0.0, 0.0, 1.0]], [[-0.9342910051345825, 0.35511326789855957, -0.03154517710208893, 0.9435882568359375], [0.026990748941898346, -0.017773177474737167, -0.9994776844978333, 1.557011604309082], [-0.35548850893974304, -0.9346542954444885, 0.0070205447264015675, -0.137939453125], [0.0, 0.0, 0.0, 1.0]]], "view": [[0.0, -2.0, 100.0], [-2.0, 0.0, 100.0], [0.0, 0.0, 1.0]], "bev": "bev_64c0f9bd421d43c190f760d087ac3a5f.png", "aux": "aux_64c0f9bd421d43c190f760d087ac3a5f.npz", "visibility": "visibility_64c0f9bd421d43c190f760d087ac3a5f.png", "pose": [[-0.9768787026405334, -0.21379432082176208, 0.0, 748.2023315429688], [0.21379432082176208, -0.9768787026405334, 0.0, 1449.8876953125], [0.0, 0.0, 1.0, 0.0], [0.0, 0.0, 0.0, 1.0]], "pose_inverse": [[-0.9768787026405334, 0.21379432082176208, 0.0, 420.9251708984375], [-0.21379432082176208, -0.9768787026405334, 0.0, 1576.3258056640625], [0.0, 0.0, 1.0, 0.0], [0.0, 0.0, 0.0, 1.0]], "cam_ids": [0, 1, 2, 3, 4, 5], "cam_channels": ["CAM_FRONT_LEFT", "CAM_FRONT", "CAM_FRONT_RIGHT", "CAM_BACK_LEFT", "CAM_BACK", "CAM_BACK_RIGHT"], "token": "64c0f9bd421d43c190f760d087ac3a5f", "scene": "scene-0381"}, {"images": ["samples/CAM_FRONT_LEFT/n015-2018-08-03-15-21-40+0800__CAM_FRONT_LEFT__1533281271504844.jpg", "samples/CAM_FRONT/n015-2018-08-03-15-21-40+0800__CAM_FRONT__1533281271512460.jpg", "samples/CAM_FRONT_RIGHT/n015-2018-08-03-15-21-40+0800__CAM_FRONT_RIGHT__1533281271520339.jpg", "samples/CAM_BACK_LEFT/n015-2018-08-03-15-21-40+0800__CAM_BACK_LEFT__1533281271547423.jpg", "samples/CAM_BACK/n015-2018-08-03-15-21-40+0800__CAM_BACK__1533281271537525.jpg", "samples/CAM_BACK_RIGHT/n015-2018-08-03-15-21-40+0800__CAM_BACK_RIGHT__1533281271527893.jpg"], "intrinsics": [[[1272.5979470598488, 0.0, 826.6154927353808], [0.0, 1272.5979470598488, 479.75165386361925], [0.0, 0.0, 1.0]], [[1266.417203046554, 0.0, 816.2670197447984], [0.0, 1266.417203046554, 491.50706579294757], [0.0, 0.0, 1.0]], [[1260.8474446004698, 0.0, 807.968244525554], [0.0, 1260.8474446004698, 495.3344268742088], [0.0, 0.0, 1.0]], [[1256.7414812095406, 0.0, 792.1125740759628], [0.0, 1256.7414812095406, 492.7757465151356], [0.0, 0.0, 1.0]], [[809.2209905677063, 0.0, 829.2196003259838], [0.0, 809.2209905677063, 481.77842384512485], [0.0, 0.0, 1.0]], [[1259.5137405846733, 0.0, 807.2529053838625], [0.0, 1259.5137405846733, 501.19579884916527], [0.0, 0.0, 1.0]]], "extrinsics": [[[0.8209027051925659, -0.5708496570587158, 0.015790406614542007, -0.6094970703125], [0.0019242266425862908, -0.02488550916314125, -0.999688446521759, 1.5091590881347656], [0.5710647106170654, 0.8206773400306702, -0.019330138340592384, -1.0369873046875], [0.0, 0.0, 0.0, 1.0]], [[0.005875473376363516, -0.9995638728141785, 0.02893732115626335, 0.0098876953125], [-0.0029996202792972326, -0.028955308720469475, -0.999576210975647, 1.5195350646972656], [0.9999781250953674, 0.005786179099231958, -0.003168438794091344, -1.332550048828125], [0.0, 0.0, 0.0, 1.0]], [[-0.832822859287262, -0.553524911403656, 0.0040025245398283005, 0.7952880859375], [0.003007569583132863, -0.011755571700632572, -0.9999263286590576, 1.504532814025879], [0.5535311698913574, -0.8327496647834778, 0.01145507674664259, -1.0882568359375], [0.0, 0.0, 0.0, 1.0]], [[0.9477400779724121, 0.31904247403144836, -0.0007832905976101756, -1.112060546875], [0.013353115878999233, -0.04211918264627457, -0.9990233182907104, 1.5889930725097656], [-0.3187638819217682, 0.9468039870262146, -0.044178251177072525, -0.1141357421875], [0.0, 0.0, 0.0, 1.0]], [[0.002425134414806962, 0.9994789361953735, -0.03218812867999077, 0.001953125], [-0.012722158804535866, -0.03215477988123894, -0.9994019865989685, 1.5778007507324219], [-0.9999160766601562, 0.002833185950294137, 0.012637549079954624, -0.123016357421875], [0.0, 0.0, 0.0, 1.0]], [[-0.9347623586654663, 0.35446128249168396, -0.02400851622223854, 0.93426513671875], [0.0193038173019886, -0.0168034378439188, -0.9996724724769592, 1.5556354522705078], [-0.35474857687950134, -0.9349196553230286, 0.008864766918122768, -0.138427734375], [0.0, 0.0, 0.0, 1.0]]], "view": [[0.0, -2.0, 100.0], [-2.0, 0.0, 100.0], [0.0, 0.0, 1.0]], "bev": "bev_7f97c5d6c0f24892a2616b726e9c0381.png", "aux": "aux_7f97c5d6c0f24892a2616b726e9c0381.npz", "visibility": "visibility_7f97c5d6c0f24892a2616b726e9c0381.png", "pose": [[-0.9775526523590088, -0.2106911838054657, 0.0, 743.5919189453125], [0.2106911838054657, -0.9775526523590088, 0.0, 1450.898193359375], [0.0, 0.0, 1.0, 0.0], [0.0, 0.0, 0.0, 1.0]], "pose_inverse": [[-0.9775526523590088, 0.2106911838054657, 0.0, 421.20880126953125], [-0.2106911838054657, -0.9775526523590088, 0.0, 1574.9976806640625], [0.0, 0.0, 1.0, 0.0], [0.0, 0.0, 0.0, 1.0]], "cam_ids": [0, 1, 2, 3, 4, 5], "cam_channels": ["CAM_FRONT_LEFT", "CAM_FRONT", "CAM_FRONT_RIGHT", "CAM_BACK_LEFT", "CAM_BACK", "CAM_BACK_RIGHT"], "token": "7f97c5d6c0f24892a2616b726e9c0381", "scene": "scene-0381"}, {"images": ["samples/CAM_FRONT_LEFT/n015-2018-08-03-15-21-40+0800__CAM_FRONT_LEFT__1533281272004851.jpg", "samples/CAM_FRONT/n015-2018-08-03-15-21-40+0800__CAM_FRONT__1533281272012460.jpg", "samples/CAM_FRONT_RIGHT/n015-2018-08-03-15-21-40+0800__CAM_FRONT_RIGHT__1533281272020339.jpg", "samples/CAM_BACK_LEFT/n015-2018-08-03-15-21-40+0800__CAM_BACK_LEFT__1533281272047423.jpg", "samples/CAM_BACK/n015-2018-08-03-15-21-40+0800__CAM_BACK__1533281272037525.jpg", "samples/CAM_BACK_RIGHT/n015-2018-08-03-15-21-40+0800__CAM_BACK_RIGHT__1533281272027893.jpg"], "intrinsics": [[[1272.5979470598488, 0.0, 826.6154927353808], [0.0, 1272.5979470598488, 479.75165386361925], [0.0, 0.0, 1.0]], [[1266.417203046554, 0.0, 816.2670197447984], [0.0, 1266.417203046554, 491.50706579294757], [0.0, 0.0, 1.0]], [[1260.8474446004698, 0.0, 807.968244525554], [0.0, 1260.8474446004698, 495.3344268742088], [0.0, 0.0, 1.0]], [[1256.7414812095406, 0.0, 792.1125740759628], [0.0, 1256.7414812095406, 492.7757465151356], [0.0, 0.0, 1.0]], [[809.2209905677063, 0.0, 829.2196003259838], [0.0, 809.2209905677063, 481.77842384512485], [0.0, 0.0, 1.0]], [[1259.5137405846733, 0.0, 807.2529053838625], [0.0, 1259.5137405846733, 501.19579884916527], [0.0, 0.0, 1.0]]], "extrinsics": [[[0.8207130432128906, -0.5711135268211365, 0.016104115173220634, -0.5992431640625], [0.005251833703368902, -0.020644253119826317, -0.9997730851173401, 1.5106086730957031], [0.5713163018226624, 0.8206114768981934, -0.013943617232143879, -1.0272216796875], [0.0, 0.0, 0.0, 1.0]], [[0.005615538451820612, -0.9996801018714905, 0.02465943992137909, 0.0081787109375], [-7.904259109636769e-05, -0.024660272523760796, -0.999695897102356, 1.5205345153808594], [0.9999842047691345, 0.005611875094473362, -0.00021749892039224505, -1.32147216796875], [0.0, 0.0, 0.0, 1.0]], [[-0.8328973054885864, -0.5534273386001587, -0.0004920937935821712, 0.7877197265625], [0.005511192604899406, -0.007405098062008619, -0.9999573826789856, 1.5052728652954102], [0.5534000992774963, -0.8328644633293152, 0.009217731654644012, -1.0849609375], [0.0, 0.0, 0.0, 1.0]], [[0.9477183222770691, 0.31910601258277893, 0.0011137011460959911, -1.1123046875], [0.013912179507315159, -0.037830788642168045, -0.9991872906684875, 1.5890121459960938], [-0.318804532289505, 0.9469636082649231, -0.04029238969087601, -0.114013671875], [0.0, 0.0, 0.0, 1.0]], [[0.0025010581593960524, 0.9996103644371033, -0.027800949290394783, 0.002685546875], [-0.011394095607101917, -0.027770742774009705, -0.999549388885498, 1.5779151916503906], [-0.9999319314956665, 0.0028167003765702248, 0.011320199817419052, -0.126007080078125], [0.0, 0.0, 0.0, 1.0]], [[-0.9346824884414673, 0.3546486794948578, -0.024351444095373154, 0.9292449951171875], [0.021339865401387215, -0.012401090003550053, -0.999695360660553, 1.5561790466308594], [-0.3548426032066345, -0.9349173903465271, 0.004022926092147827, -0.1414794921875], [0.0, 0.0, 0.0, 1.0]]], "view": [[0.0, -2.0, 100.0], [-2.0, 0.0, 100.0], [0.0, 0.0, 1.0]], "bev": "bev_f433ae3ea0e3400388dc9844f17d9d9c.png", "aux": "aux_f433ae3ea0e3400388dc9844f17d9d9c.npz", "visibility": "visibility_f433ae3ea0e3400388dc9844f17d9d9c.png", "pose": [[-0.9786761999130249, -0.20540906488895416, 0.0, 738.8991088867188], [0.20540906488895416, -0.9786761999130249, 0.0, 1451.91015625], [0.0, 0.0, 1.0, 0.0], [0.0, 0.0, 0.0, 1.0]], "pose_inverse": [[-0.9786761999130249, 0.20540906488895416, 0.0, 424.907470703125], [-0.20540906488895416, -0.9786761999130249, 0.0, 1572.7264404296875], [0.0, 0.0, 1.0, 0.0], [0.0, 0.0, 0.0, 1.0]], "cam_ids": [0, 1, 2, 3, 4, 5], "cam_channels": ["CAM_FRONT_LEFT", "CAM_FRONT", "CAM_FRONT_RIGHT", "CAM_BACK_LEFT", "CAM_BACK", "CAM_BACK_RIGHT"], "token": "f433ae3ea0e3400388dc9844f17d9d9c", "scene": "scene-0381"}, {"images": ["samples/CAM_FRONT_LEFT/n015-2018-08-03-15-21-40+0800__CAM_FRONT_LEFT__1533281272504844.jpg", "samples/CAM_FRONT/n015-2018-08-03-15-21-40+0800__CAM_FRONT__1533281272512460.jpg", "samples/CAM_FRONT_RIGHT/n015-2018-08-03-15-21-40+0800__CAM_FRONT_RIGHT__1533281272520339.jpg", "samples/CAM_BACK_LEFT/n015-2018-08-03-15-21-40+0800__CAM_BACK_LEFT__1533281272547423.jpg", "samples/CAM_BACK/n015-2018-08-03-15-21-40+0800__CAM_BACK__1533281272537525.jpg", "samples/CAM_BACK_RIGHT/n015-2018-08-03-15-21-40+0800__CAM_BACK_RIGHT__1533281272527893.jpg"], "intrinsics": [[[1272.5979470598488, 0.0, 826.6154927353808], [0.0, 1272.5979470598488, 479.75165386361925], [0.0, 0.0, 1.0]], [[1266.417203046554, 0.0, 816.2670197447984], [0.0, 1266.417203046554, 491.50706579294757], [0.0, 0.0, 1.0]], [[1260.8474446004698, 0.0, 807.968244525554], [0.0, 1260.8474446004698, 495.3344268742088], [0.0, 0.0, 1.0]], [[1256.7414812095406, 0.0, 792.1125740759628], [0.0, 1256.7414812095406, 492.7757465151356], [0.0, 0.0, 1.0]], [[809.2209905677063, 0.0, 829.2196003259838], [0.0, 809.2209905677063, 481.77842384512485], [0.0, 0.0, 1.0]], [[1259.5137405846733, 0.0, 807.2529053838625], [0.0, 1259.5137405846733, 501.19579884916527], [0.0, 0.0, 1.0]]], "extrinsics": [[[0.8204904198646545, -0.5714283585548401, 0.016280267387628555, -0.590576171875], [0.003464736510068178, -0.023507561534643173, -0.999717652797699, 1.5098991394042969], [0.5716497302055359, 0.8203151822090149, -0.017307881265878677, -1.0234375], [0.0, 0.0, 0.0, 1.0]], [[0.005256949458271265, -0.9996080994606018, 0.027496645227074623, 0.01025390625], [-0.002002340741455555, -0.027507493272423744, -0.9996196031570435, 1.5198631286621094], [0.9999842047691345, 0.005199892446398735, -0.0021461613941937685, -1.31439208984375], [0.0, 0.0, 0.0, 1.0]], [[-0.833096981048584, -0.5531197786331177, 0.002786745550110936, 0.7843017578125], [0.0034546791575849056, -0.01024129893630743, -0.9999415278434753, 1.5047082901000977], [0.5531160235404968, -0.8330386877059937, 0.01044284924864769, -1.080810546875], [0.0, 0.0, 0.0, 1.0]], [[0.9477571845054626, 0.31898704171180725, -0.0018935664556920528, -1.11279296875], [0.011551369912922382, -0.04025178775191307, -0.9991227984428406, 1.5889320373535156], [-0.3187834322452545, 0.9469039440155029, -0.04183365777134895, -0.114013671875], [0.0, 0.0, 0.0, 1.0]], [[0.0026330347172915936, 0.9995332360267639, -0.030436400324106216, 0.001953125], [-0.013649104163050652, -0.030397750437259674, -0.9994446635246277, 1.5776329040527344], [-0.9999033808708191, 0.003046996658667922, 0.013562691397964954, -0.12738037109375], [0.0, 0.0, 0.0, 1.0]], [[-0.9346304535865784, 0.3548550009727478, -0.023318635299801826, 0.925445556640625], [0.01917456090450287, -0.015190796926617622, -0.9997007846832275, 1.5557889938354492], [-0.3551030158996582, -0.934798002243042, 0.00739359250292182, -0.1412353515625], [0.0, 0.0, 0.0, 1.0]]], "view": [[0.0, -2.0, 100.0], [-2.0, 0.0, 100.0], [0.0, 0.0, 1.0]], "bev": "bev_3a005e6859f7409fb2b0a08cb5d2a615.png", "aux": "aux_3a005e6859f7409fb2b0a08cb5d2a615.npz", "visibility": "visibility_3a005e6859f7409fb2b0a08cb5d2a615.png", "pose": [[-0.9798908829689026, -0.1995341181755066, 0.0, 734.1104736328125], [0.1995341181755066, -0.9798908829689026, 0.0, 1452.92333984375], [0.0, 0.0, 1.0, 0.0], [0.0, 0.0, 0.0, 1.0]], "pose_inverse": [[-0.9798908829689026, 0.1995341181755066, 0.0, 429.44036865234375], [-0.1995341181755066, -0.9798908829689026, 0.0, 1570.1864013671875], [0.0, 0.0, 1.0, 0.0], [0.0, 0.0, 0.0, 1.0]], "cam_ids": [0, 1, 2, 3, 4, 5], "cam_channels": ["CAM_FRONT_LEFT", "CAM_FRONT", "CAM_FRONT_RIGHT", "CAM_BACK_LEFT", "CAM_BACK", "CAM_BACK_RIGHT"], "token": "3a005e6859f7409fb2b0a08cb5d2a615", "scene": "scene-0381"}, {"images": ["samples/CAM_FRONT_LEFT/n015-2018-08-03-15-21-40+0800__CAM_FRONT_LEFT__1533281273004844.jpg", "samples/CAM_FRONT/n015-2018-08-03-15-21-40+0800__CAM_FRONT__1533281273012460.jpg", "samples/CAM_FRONT_RIGHT/n015-2018-08-03-15-21-40+0800__CAM_FRONT_RIGHT__1533281273020339.jpg", "samples/CAM_BACK_LEFT/n015-2018-08-03-15-21-40+0800__CAM_BACK_LEFT__1533281273047423.jpg", "samples/CAM_BACK/n015-2018-08-03-15-21-40+0800__CAM_BACK__1533281273037696.jpg", "samples/CAM_BACK_RIGHT/n015-2018-08-03-15-21-40+0800__CAM_BACK_RIGHT__1533281273027893.jpg"], "intrinsics": [[[1272.5979470598488, 0.0, 826.6154927353808], [0.0, 1272.5979470598488, 479.75165386361925], [0.0, 0.0, 1.0]], [[1266.417203046554, 0.0, 816.2670197447984], [0.0, 1266.417203046554, 491.50706579294757], [0.0, 0.0, 1.0]], [[1260.8474446004698, 0.0, 807.968244525554], [0.0, 1260.8474446004698, 495.3344268742088], [0.0, 0.0, 1.0]], [[1256.7414812095406, 0.0, 792.1125740759628], [0.0, 1256.7414812095406, 492.7757465151356], [0.0, 0.0, 1.0]], [[809.2209905677063, 0.0, 829.2196003259838], [0.0, 809.2209905677063, 481.77842384512485], [0.0, 0.0, 1.0]], [[1259.5137405846733, 0.0, 807.2529053838625], [0.0, 1259.5137405846733, 501.19579884916527], [0.0, 0.0, 1.0]]], "extrinsics": [[[0.8199153542518616, -0.5722122192382812, 0.017660578712821007, -0.58758544921875], [0.004657168872654438, -0.024181131273508072, -0.9996967315673828, 1.5104560852050781], [0.5724658966064453, 0.8197489380836487, -0.017161590978503227, -1.020751953125], [0.0, 0.0, 0.0, 1.0]], [[0.004481556359678507, -0.9995908141136169, 0.02825087495148182, 0.009521484375], [-0.0007249360205605626, -0.028254400938749313, -0.9996005296707153, 1.5203323364257812], [0.9999896883964539, 0.0044592819176614285, -0.0008512623608112335, -1.31170654296875], [0.0, 0.0, 0.0, 1.0]], [[-0.8333861231803894, -0.5526871681213379, 0.0020920196548104286, 0.7830810546875], [0.0048331101424992085, -0.011072651483118534, -0.9999269843101501, 1.505117416381836], [0.5526700615882874, -0.8333151936531067, 0.011898994445800781, -1.0806884765625], [0.0, 0.0, 0.0, 1.0]], [[0.9477293491363525, 0.31907403469085693, -0.0008239549351856112, -1.117919921875], [0.013152698054909706, -0.04164665937423706, -0.9990457892417908, 1.5888938903808594], [-0.3188038766384125, 0.9468142986297607, -0.043666448444128036, -0.1119384765625], [0.0, 0.0, 0.0, 1.0]], [[0.002864742185920477, 0.9994972944259644, -0.03157462552189827, 0.0023193359375], [-0.012138845399