[{"images": ["samples/CAM_FRONT_LEFT/n008-2018-08-31-11-19-57-0400__CAM_FRONT_LEFT__1535728803404799.jpg", "samples/CAM_FRONT/n008-2018-08-31-11-19-57-0400__CAM_FRONT__1535728803412404.jpg", "samples/CAM_FRONT_RIGHT/n008-2018-08-31-11-19-57-0400__CAM_FRONT_RIGHT__1535728803420482.jpg", "samples/CAM_BACK_LEFT/n008-2018-08-31-11-19-57-0400__CAM_BACK_LEFT__1535728803447405.jpg", "samples/CAM_BACK/n008-2018-08-31-11-19-57-0400__CAM_BACK__1535728803437558.jpg", "samples/CAM_BACK_RIGHT/n008-2018-08-31-11-19-57-0400__CAM_BACK_RIGHT__1535728803428113.jpg"], "intrinsics": [[[1257.8625342125129, 0.0, 827.2410631095686], [0.0, 1257.8625342125129, 450.915498205774], [0.0, 0.0, 1.0]], [[1252.8131021185304, 0.0, 826.588114781398], [0.0, 1252.8131021185304, 469.9846626224581], [0.0, 0.0, 1.0]], [[1256.7485116440405, 0.0, 817.7887570959712], [0.0, 1256.7485116440403, 451.9541780095127], [0.0, 0.0, 1.0]], [[1254.9860565800168, 0.0, 829.5769333630991], [0.0, 1254.9860565800168, 467.1680561863987], [0.0, 0.0, 1.0]], [[796.8910634503094, 0.0, 857.7774326863696], [0.0, 796.8910634503094, 476.8848988407415], [0.0, 0.0, 1.0]], [[1249.9629280788233, 0.0, 825.3768045375984], [0.0, 1249.9629280788233, 462.54816385708756], [0.0, 0.0, 1.0]]], "extrinsics": [[[0.8227038383483887, -0.5682410001754761, -0.016147514805197716, -0.7938232421875], [-0.007399124559015036, 0.017698926851153374, -0.9998160004615784, 1.4863594770431519], [0.568422257900238, 0.8226718902587891, 0.010356487706303596, -1.1910400390625], [0.0, 0.0, 0.0, 1.0]], [[0.010576531291007996, -0.9998555183410645, -0.013309378176927567, 0.01031494140625], [-0.005330641288310289, 0.01325355563312769, -0.9998980164527893, 1.4790153503417969], [0.9999298453330994, 0.010646398179233074, -0.005189693067222834, -1.5252685546875], [0.0, 0.0, 0.0, 1.0]], [[-0.8438656330108643, -0.5365345478057861, -0.004635100718587637, 0.955322265625], [0.0028139823116362095, 0.0042129987850785255, -0.9999871253967285, 1.4935178756713867], [0.5365472435951233, -0.843867838382721, -0.0020454071927815676, -1.188934326171875], [0.0, 0.0, 0.0, 1.0]], [[0.9477698802947998, 0.31864187121391296, -0.014130692929029465, -1.13916015625], [-0.0212605819106102, 0.018908891826868057, -0.9995951056480408, 1.5619354248046875], [-0.31824570894241333, 0.9476865530014038, 0.02469579130411148, -0.1577606201171875], [0.0, 0.0, 0.0, 1.0]], [[0.009101686999201775, 0.9998949766159058, 0.011284645646810532, -0.029541015625], [-0.01966523565351963, 0.011461913585662842, -0.9997408986091614, 1.5668354034423828], [-0.9997652173042297, 0.008877416141331196, 0.01976749114692211, -0.0174560546875], [0.0, 0.0, 0.0, 1.0]], [[-0.9238534569740295, 0.38260307908058167, 0.010469616390764713, 1.0523681640625], [-0.015949860215187073, -0.01115438248962164, -0.999810516834259, 1.5459785461425781], [-0.382413774728775, -0.9238454103469849, 0.016407480463385582, -0.08642578125], [0.0, 0.0, 0.0, 1.0]]], "view": [[0.0, -2.0, 100.0], [-2.0, 0.0, 100.0], [0.0, 0.0, 1.0]], "bev": "bev_0199bcb55b8c46cb93fd683ed0801eea.png", "aux": "aux_0199bcb55b8c46cb93fd683ed0801eea.npz", "visibility": "visibility_0199bcb55b8c46cb93fd683ed0801eea.png", "pose": [[-0.9994930028915405, 0.03183966875076294, 0.0, 1964.8992919921875], [-0.03183966875076294, -0.9994930028915405, 0.0, 787.829345703125], [0.0, 0.0, 1.0, 0.0], [0.0, 0.0, 0.0, 1.0]], "pose_inverse": [[-0.9994930028915405, -0.03183966875076294, 0.0, 1988.9873046875], [0.03183966875076294, -0.9994930028915405, 0.0, 724.8681640625], [0.0, 0.0, 1.0, 0.0], [0.0, 0.0, 0.0, 1.0]], "cam_ids": [0, 1, 2, 3, 4, 5], "cam_channels": ["CAM_FRONT_LEFT", "CAM_FRONT", "CAM_FRONT_RIGHT", "CAM_BACK_LEFT", "CAM_BACK", "CAM_BACK_RIGHT"], "token": "0199bcb55b8c46cb93fd683ed0801eea", "scene": "scene-0283"}, {"images": ["samples/CAM_FRONT_LEFT/n008-2018-08-31-11-19-57-0400__CAM_FRONT_LEFT__1535728803854799.jpg", "samples/CAM_FRONT/n008-2018-08-31-11-19-57-0400__CAM_FRONT__1535728803862404.jpg", "samples/CAM_FRONT_RIGHT/n008-2018-08-31-11-19-57-0400__CAM_FRONT_RIGHT__1535728803870482.jpg", "samples/CAM_BACK_LEFT/n008-2018-08-31-11-19-57-0400__CAM_BACK_LEFT__1535728803897405.jpg", "samples/CAM_BACK/n008-2018-08-31-11-19-57-0400__CAM_BACK__1535728803887558.jpg", "samples/CAM_BACK_RIGHT/n008-2018-08-31-11-19-57-0400__CAM_BACK_RIGHT__1535728803878113.jpg"], "intrinsics": [[[1257.8625342125129, 0.0, 827.2410631095686], [0.0, 1257.8625342125129, 450.915498205774], [0.0, 0.0, 1.0]], [[1252.8131021185304, 0.0, 826.588114781398], [0.0, 1252.8131021185304, 469.9846626224581], [0.0, 0.0, 1.0]], [[1256.7485116440405, 0.0, 817.7887570959712], [0.0, 1256.7485116440403, 451.9541780095127], [0.0, 0.0, 1.0]], [[1254.9860565800168, 0.0, 829.5769333630991], [0.0, 1254.9860565800168, 467.1680561863987], [0.0, 0.0, 1.0]], [[796.8910634503094, 0.0, 857.7774326863696], [0.0, 796.8910634503094, 476.8848988407415], [0.0, 0.0, 1.0]], [[1249.9629280788233, 0.0, 825.3768045375984], [0.0, 1249.9629280788233, 462.54816385708756], [0.0, 0.0, 1.0]]], "extrinsics": [[[0.8222495317459106, -0.568966805934906, -0.013511339202523232, -0.817626953125], [-0.00036631798138841987, 0.023211361840367317, -0.9997304677963257, 1.4881477355957031], [0.569127082824707, 0.8220328688621521, 0.01887710765004158, -1.2071533203125], [0.0, 0.0, 0.0, 1.0]], [[0.009798146784305573, -0.9997732639312744, -0.01890440657734871, 0.00927734375], [0.00122506741899997, 0.018917301669716835, -0.999820351600647, 1.4803524017333984], [0.999951183795929, 0.009773233905434608, 0.00141014507971704, -1.550048828125], [0.0, 0.0, 0.0, 1.0]], [[-0.8442362546920776, -0.5358147621154785, -0.012951860204339027, 0.97216796875], [0.008930148556828499, 0.010099625214934349, -0.9999091029167175, 1.4943161010742188], [0.535896897315979, -0.844275176525116, -0.0037415637634694576, -1.200775146484375], [0.0, 0.0, 0.0, 1.0]], [[0.9478287696838379, 0.31867536902427673, -0.008161349222064018, -1.14208984375], [-0.017140178009867668, 0.0253814198076725, -0.9995309114456177, 1.5619993209838867], [-0.31831875443458557, 0.9475240111351013, 0.029519394040107727, -0.15691757202148438], [0.0, 0.0, 0.0, 1.0]], [[0.009417749010026455, 0.9998006224632263, 0.01760466769337654, -0.0289306640625], [-0.014741362072527409, 0.017742350697517395, -0.9997339248657227, 1.5672693252563477], [-0.9998470544815063, 0.009155727922916412, 0.014905518852174282, -0.008544921875], [0.0, 0.0, 0.0, 1.0]], [[-0.9236403703689575, 0.3831835985183716, 0.007656291592866182, 1.0662841796875], [-0.010350636206567287, -0.004970152396708727, -0.9999340772628784, 1.5467643737792969], [-0.38312020897865295, -0.9236588478088379, 0.008556827902793884, -0.081787109375], [0.0, 0.0, 0.0, 1.0]]], "view": [[0.0, -2.0, 100.0], [-2.0, 0.0, 100.0], [0.0, 0.0, 1.0]], "bev": "bev_1527cc38a4734b06a8eadb3a9734ea87.png", "aux": "aux_1527cc38a4734b06a8eadb3a9734ea87.npz", "visibility": "visibility_1527cc38a4734b06a8eadb3a9734ea87.png", "pose": [[-0.99950110912323, 0.031583111733198166, 0.0, 1962.39599609375], [-0.031583111733198166, -0.99950110912323, 0.0, 787.7886352539062], [0.0, 0.0, 1.0, 0.0], [0.0, 0.0, 0.0, 1.0]], "pose_inverse": [[-0.99950110912323, -0.031583111733198166, 0.0, 1986.2978515625], [0.031583111733198166, -0.99950110912323, 0.0, 725.4170532226562], [0.0, 0.0, 1.0, 0.0], [0.0, 0.0, 0.0, 1.0]], "cam_ids": [0, 1, 2, 3, 4, 5], "cam_channels": ["CAM_FRONT_LEFT", "CAM_FRONT", "CAM_FRONT_RIGHT", "CAM_BACK_LEFT", "CAM_BACK", "CAM_BACK_RIGHT"], "token": "1527cc38a4734b06a8eadb3a9734ea87", "scene": "scene-0283"}, {"images": ["samples/CAM_FRONT_LEFT/n008-2018-08-31-11-19-57-0400__CAM_FRONT_LEFT__1535728804354799.jpg", "samples/CAM_FRONT/n008-2018-08-31-11-19-57-0400__CAM_FRONT__1535728804362404.jpg", "samples/CAM_FRONT_RIGHT/n008-2018-08-31-11-19-57-0400__CAM_FRONT_RIGHT__1535728804370482.jpg", "samples/CAM_BACK_LEFT/n008-2018-08-31-11-19-57-0400__CAM_BACK_LEFT__1535728804397405.jpg", "samples/CAM_BACK/n008-2018-08-31-11-19-57-0400__CAM_BACK__1535728804387558.jpg", "samples/CAM_BACK_RIGHT/n008-2018-08-31-11-19-57-0400__CAM_BACK_RIGHT__1535728804378113.jpg"], "intrinsics": [[[1257.8625342125129, 0.0, 827.2410631095686], [0.0, 1257.8625342125129, 450.915498205774], [0.0, 0.0, 1.0]], [[1252.8131021185304, 0.0, 826.588114781398], [0.0, 1252.8131021185304, 469.9846626224581], [0.0, 0.0, 1.0]], [[1256.7485116440405, 0.0, 817.7887570959712], [0.0, 1256.7485116440403, 451.9541780095127], [0.0, 0.0, 1.0]], [[1254.9860565800168, 0.0, 829.5769333630991], [0.0, 1254.9860565800168, 467.1680561863987], [0.0, 0.0, 1.0]], [[796.8910634503094, 0.0, 857.7774326863696], [0.0, 796.8910634503094, 476.8848988407415], [0.0, 0.0, 1.0]], [[1249.9629280788233, 0.0, 825.3768045375984], [0.0, 1249.9629280788233, 462.54816385708756], [0.0, 0.0, 1.0]]], "extrinsics": [[[0.8221858143806458, -0.5690367221832275, -0.014415140263736248, -0.8060302734375], [-0.0065199765376746655, 0.015908248722553253, -0.9998522400856018, 1.4866833686828613], [0.5691819190979004, 0.8221582770347595, 0.00936942920088768, -1.199462890625], [0.0, 0.0, 0.0, 1.0]], [[0.00974104180932045, -0.9998840093612671, -0.01170422974973917, 0.00982666015625], [-0.004113679751753807, 0.011664615012705326, -0.9999235272407532, 1.4793254137039185], [0.9999440908432007, 0.00978844240307808, -0.0039995769038796425, -1.537353515625], [0.0, 0.0, 0.0, 1.0]], [[-0.8442707061767578, -0.5358908772468567, -0.005285471677780151, 0.963134765625], [0.004437064286321402, 0.0028724384028464556, -0.9999859929084778, 1.4937448501586914], [0.5358986854553223, -0.844282329082489, -4.7333196562249213e-05, -1.194427490234375], [0.0, 0.0, 0.0, 1.0]], [[0.9478024244308472, 0.3186163604259491, -0.012411607429385185, -1.14208984375], [-0.019119931384921074, 0.017935603857040405, -0.9996563196182251, 1.5620040893554688], [-0.318284273147583, 0.9477140307426453, 0.023091332986950874, -0.15675735473632812], [0.0, 0.0, 0.0, 1.0]], [[0.009449229575693607, 0.999902069568634, 0.010320624336600304, -0.0289306640625], [-0.017575981095433235, 0.010485569015145302, -0.9997904896736145, 1.5670509338378906], [-0.9998008608818054, 0.009265855886042118, 0.017673341557383537, -0.0126953125], [0.0, 0.0, 0.0, 1.0]], [[-0.9236141443252563, 0.3832317888736725, 0.008382221683859825, 1.0587158203125], [-0.014138570055365562, -0.012206253595650196, -0.9998255372047424, 1.5462799072265625], [-0.38306260108947754, -0.9235715866088867, 0.01669221743941307, -0.0843505859375], [0.0, 0.0, 0.0, 1.0]]], "view": [[0.0, -2.0, 100.0], [-2.0, 0.0, 100.0], [0.0, 0.0, 1.0]], "bev": "bev_d08d3e36fcc9401cb03aa91ef98bbcab.png", "aux": "aux_d08d3e36fcc9401cb03aa91ef98bbcab.npz", "visibility": "visibility_d08d3e36fcc9401cb03aa91ef98bbcab.png", "pose": [[-0.9995026588439941, 0.03153495118021965, 0.0, 1959.609375], [-0.03153495118021965, -0.9995026588439941, 0.0, 787.7403564453125], [0.0, 0.0, 1.0, 0.0], [0.0, 0.0, 0.0, 1.0]], "pose_inverse": [[-0.9995026588439941, -0.03153495118021965, 0.0, 1983.47607421875], [0.03153495118021965, -0.9995026588439941, 0.0, 725.5523681640625], [0.0, 0.0, 1.0, 0.0], [0.0, 0.0, 0.0, 1.0]], "cam_ids": [0, 1, 2, 3, 4, 5], "cam_channels": ["CAM_FRONT_LEFT", "CAM_FRONT", "CAM_FRONT_RIGHT", "CAM_BACK_LEFT", "CAM_BACK", "CAM_BACK_RIGHT"], "token": "d08d3e36fcc9401cb03aa91ef98bbcab", "scene": "scene-0283"}, {"images": ["samples/CAM_FRONT_LEFT/n008-2018-08-31-11-19-57-0400__CAM_FRONT_LEFT__1535728804854799.jpg", "samples/CAM_FRONT/n008-2018-08-31-11-19-57-0400__CAM_FRONT__1535728804862404.jpg", "samples/CAM_FRONT_RIGHT/n008-2018-08-31-11-19-57-0400__CAM_FRONT_RIGHT__1535728804870482.jpg", "samples/CAM_BACK_LEFT/n008-2018-08-31-11-19-57-0400__CAM_BACK_LEFT__1535728804897405.jpg", "samples/CAM_BACK/n008-2018-08-31-11-19-57-0400__CAM_BACK__1535728804887558.jpg", "samples/CAM_BACK_RIGHT/n008-2018-08-31-11-19-57-0400__CAM_BACK_RIGHT__1535728804878113.jpg"], "intrinsics": [[[1257.8625342125129, 0.0, 827.2410631095686], [0.0, 1257.8625342125129, 450.915498205774], [0.0, 0.0, 1.0]], [[1252.8131021185304, 0.0, 826.588114781398], [0.0, 1252.8131021185304, 469.9846626224581], [0.0, 0.0, 1.0]], [[1256.7485116440405, 0.0, 817.7887570959712], [0.0, 1256.7485116440403, 451.9541780095127], [0.0, 0.0, 1.0]], [[1254.9860565800168, 0.0, 829.5769333630991], [0.0, 1254.9860565800168, 467.1680561863987], [0.0, 0.0, 1.0]], [[796.8910634503094, 0.0, 857.7774326863696], [0.0, 796.8910634503094, 476.8848988407415], [0.0, 0.0, 1.0]], [[1249.9629280788233, 0.0, 825.3768045375984], [0.0, 1249.9629280788233, 462.54816385708756], [0.0, 0.0, 1.0]]], "extrinsics": [[[0.8239648938179016, -0.5665964484214783, -0.0071008834056556225, -0.8148193359375], [-0.0046776533126831055, 0.005729767959564924, -0.9999726414680481, 1.4872174263000488], [0.5666216611862183, 0.8239755034446716, 0.002070786664262414, -1.2025146484375], [0.0, 0.0, 0.0, 1.0]], [[0.012341699562966824, -0.9999228119850159, -0.00144724000710994, 0.00775146484375], [-0.0030301890801638365, 0.0014099436812102795, -0.9999943971633911, 1.4795894622802734], [0.9999191761016846, 0.012346017174422741, -0.0030125535558909178, -1.5443115234375], [0.0, 0.0, 0.0, 1.0]], [[-0.8431709408760071, -0.5376455783843994, 9.575691365171224e-05, 0.96630859375], [0.004663493484258652, -0.007491690572351217, -0.9999610185623169, 1.4937615394592285], [0.5376253724098206, -0.8431376218795776, 0.008824083022773266, -1.19830322265625], [0.0, 0.0, 0.0, 1.0]], [[0.9477829933166504, 0.31837886571884155, -0.018502581864595413, -1.140380859375], [-0.02182098850607872, 0.006859194487333298, -0.9997383952140808, 1.5619544982910156], [-0.31816864013671875, 0.9479387998580933, 0.013448367826640606, -0.15721893310546875], [0.0, 0.0, 0.0, 1.0]], [[0.008687235414981842, 0.9999621510505676, -0.0005361370858736336, -0.02838134765625], [-0.019391240552067757, -0.00036759438808076084, -0.9998118877410889, 1.5669670104980469], [-0.9997742176055908, 0.008695997297763824, 0.01938731223344803, -0.0123291015625], [0.0, 0.0, 0.0, 1.0]], [[-0.924175500869751, 0.38193702697753906, 0.004869365599006414, 1.06201171875], [-0.014688307419419289, -0.02279694937169552, -0.9996321797370911, 1.5462493896484375], [-0.3816854953765869, -0.9239071607589722, 0.02667839080095291, -0.084228515625], [0.0, 0.0, 0.0, 1.0]]], "view": [[0.0, -2.0, 100.0], [-2.0, 0.0, 100.0], [0.0, 0.0, 1.0]], "bev": "bev_af3b7b66edbb454eac41a56a2dd79688.png", "aux": "aux_af3b7b66edbb454eac41a56a2dd79688.npz", "visibility": "visibility_af3b7b66edbb454eac41a56a2dd79688.png", "pose": [[-0.9997573494911194, 0.022028736770153046, 0.0, 1956.7977294921875], [-0.022028736770153046, -0.9997573494911194, 0.0, 787.6668090820312], [0.0, 0.0, 1.0, 0.0], [0.0, 0.0, 0.0, 1.0]], "pose_inverse": [[-0.9997573494911194, -0.022028736770153046, 0.0, 1973.6741943359375], [0.022028736770153046, -0.9997573494911194, 0.0, 744.369873046875], [0.0, 0.0, 1.0, 0.0], [0.0, 0.0, 0.0, 1.0]], "cam_ids": [0, 1, 2, 3, 4, 5], "cam_channels": ["CAM_FRONT_LEFT", "CAM_FRONT", "CAM_FRONT_RIGHT", "CAM_BACK_LEFT", "CAM_BACK", "CAM_BACK_RIGHT"], "token": "af3b7b66edbb454eac41a56a2dd79688", "scene": "scene-0283"}, {"images": ["samples/CAM_FRONT_LEFT/n008-2018-08-31-11-19-57-0400__CAM_FRONT_LEFT__1535728805354799.jpg", "samples/CAM_FRONT/n008-2018-08-31-11-19-57-0400__CAM_FRONT__1535728805362404.jpg", "samples/CAM_FRONT_RIGHT/n008-2018-08-31-11-19-57-0400__CAM_FRONT_RIGHT__1535728805370482.jpg", "samples/CAM_BACK_LEFT/n008-2018-08-31-11-19-57-0400__CAM_BACK_LEFT__1535728805397405.jpg", "samples/CAM_BACK/n008-2018-08-31-11-19-57-0400__CAM_BACK__1535728805387558.jpg", "samples/CAM_BACK_RIGHT/n008-2018-08-31-11-19-57-0400__CAM_BACK_RIGHT__1535728805378113.jpg"], "intrinsics": [[[1257.8625342125129, 0.0, 827.2410631095686], [0.0, 1257.8625342125129, 450.915498205774], [0.0, 0.0, 1.0]], [[1252.8131021185304, 0.0, 826.588114781398], [0.0, 1252.8131021185304, 469.9846626224581], [0.0, 0.0, 1.0]], [[1256.7485116440405, 0.0, 817.7887570959712], [0.0, 1256.7485116440403, 451.9541780095127], [0.0, 0.0, 1.0]], [[1254.9860565800168, 0.0, 829.5769333630991], [0.0, 1254.9860565800168, 467.1680561863987], [0.0, 0.0, 1.0]], [[796.8910634503094, 0.0, 857.7774326863696], [0.0, 796.8910634503094, 476.8848988407415], [0.0, 0.0, 1.0]], [[1249.9629280788233, 0.0, 825.3768045375984], [0.0, 1249.9629280788233, 462.54816385708756], [0.0, 0.0, 1.0]]], "extrinsics": [[[0.8260700106620789, -0.5634370446205139, -0.012127770110964775, -0.8104248046875], [-0.015067952685058117, -0.0005693499115295708, -0.9998863339424133, 1.4847640991210938], [0.5633661150932312, 0.8261588215827942, -0.008960165083408356, -1.2027587890625], [0.0, 0.0, 0.0, 1.0]], [[0.015570489689707756, -0.9998684525489807, 0.004543885588645935, 0.0098876953125], [-0.01318120863288641, -0.004749302752315998, -0.9999018907546997, 1.4776191711425781], [0.9997919201850891, 0.015509067103266716, -0.013253423385322094, -1.541259765625], [0.0, 0.0, 0.0, 1.0]], [[-0.8417781591415405, -0.5396976470947266, 0.011663687415421009, 0.964599609375], [-0.0052083819173276424, -0.013485639356076717, -0.9998955130577087, 1.4923057556152344], [0.5397986173629761, -0.841750979423523, 0.008540964685380459, -1.195465087890625], [0.0, 0.0, 0.0, 1.0]], [[0.9475763440132141, 0.31823885440826416, -0.02869100123643875, -1.13720703125], [-0.030630219727754593, 0.001090215751901269, -0.9995301961898804, 1.5618171691894531], [-0.318058043718338, 0.9480099081993103, 0.010780789889395237, -0.1584930419921875], [0.0, 0.0, 0.0, 1.0]], [[0.007745872717350721, 0.99994957447052, -0.006389979273080826, -0.02886962890625], [-0.02843732386827469, -0.00616731122136116, -0.9995765089988708, 1.5663871765136719], [-0.9995656609535217, 0.007924303412437439, 0.028388120234012604, -0.0145263671875], [0.0, 0.0, 0.0, 1.0]], [[-0.9247740507125854, 0.380342572927475, 0.011514130979776382, 1.05908203125], [-0.02425205707550049, -0.02871537394821644, -0.9992933869361877, 1.5451812744140625], [-0.37974312901496887, -0.9243997931480408, 0.03577931970357895, -0.08447265625], [0.0, 0.0, 0.0, 1.0]]], "view": [[0.0, -2.0, 100.0], [-2.0, 0.0, 100.0], [0.0, 0.0, 1.0]], "bev": "bev_d29fe390ba2146ebafe364792377b3e8.png", "aux": "aux_d29fe390ba2146ebafe364792377b3e8.npz", "visibility": "visibility_d29fe390ba2146ebafe364792377b3e8.png", "pose": [[-0.9994922876358032, -0.03186238184571266, 0.0, 1954.100830078125], [0.03186238184571266, -0.9994922876358032, 0.0, 787.6846313476562], [0.0, 0.0, 1.0, 0.0], [0.0, 0.0, 0.0, 1.0]], "pose_inverse": [[-0.9994922876358032, 0.03186238184571266, 0.0, 1928.0111083984375], [-0.03186238184571266, -0.9994922876358032, 0.0, 849.5469970703125], [0.0, 0.0, 1.0, 0.0], [0.0, 0.0, 0.0, 1.0]], "cam_ids": [0, 1, 2, 3, 4, 5], "cam_channels": ["CAM_FRONT_LEFT", "CAM_FRONT", "CAM_FRONT_RIGHT", "CAM_BACK_LEFT", "CAM_BACK", "CAM_BACK_RIGHT"], "token": "d29fe390ba2146ebafe364792377b3e8", "scene": "scene-0283"}, {"images": ["samples/CAM_FRONT_LEFT/n008-2018-08-31-11-19-57-0400__CAM_FRONT_LEFT__1535728805854799.jpg", "samples/CAM_FRONT/n008-2018-08-31-11-19-57-0400__CAM_FRONT__1535728805862404.jpg", "samples/CAM_FRONT_RIGHT/n008-2018-08-31-11-19-57-0400__CAM_FRONT_RIGHT__1535728805870482.jpg", "samples/CAM_BACK_LEFT/n008-2018-08-31-11-19-57-0400__CAM_BACK_LEFT__1535728805897405.jpg", "samples/CAM_BACK/n008-2018-08-31-11-19-57-0400__CAM_BACK__1535728805887558.jpg", "samples/CAM_BACK_RIGHT/n008-2018-08-31-11-19-57-0400__CAM_BACK_RIGHT__1535728805878113.jpg"], "intrinsics": [[[1257.8625342125129, 0.0, 827.2410631095686], [0.0, 1257.8625342125129, 450.915498205774], [0.0, 0.0, 1.0]], [[1252.8131021185304, 0.0, 826.588114781398], [0.0, 1252.8131021185304, 469.9846626224581], [0.0, 0.0, 1.0]], [[1256.7485116440405, 0.0, 817.7887570959712], [0.0, 1256.7485116440403, 451.9541780095127], [0.0, 0.0, 1.0]], [[1254.9860565800168, 0.0, 829.5769333630991], [0.0, 1254.9860565800168, 467.1680561863987], [0.0, 0.0, 1.0]], [[796.8910634503094, 0.0, 857.7774326863696], [0.0, 796.8910634503094, 476.8848988407415], [0.0, 0.0, 1.0]], [[1249.9629280788233, 0.0, 825.3768045375984], [0.0, 1249.9629280788233, 462.54816385708756], [0.0, 0.0, 1.0]]], "extrinsics": [[[0.8290261030197144, -0.5591853260993958, -0.005240519065409899, -0.8037109375], [-0.007756718434393406, -0.0021284043323248625, -0.999967634677887, 1.4864006042480469], [0.559156060218811, 0.829039990901947, -0.006101946346461773, -1.19580078125], [0.0, 0.0, 0.0, 1.0]], [[0.01996108517050743, -0.9997827410697937, 0.0059929098933935165, 0.00836181640625], [-0.005522615741938353, -0.006104270461946726, -0.9999660849571228, 1.4790458679199219], [0.9997854232788086, 0.019927311688661575, -0.005643265321850777, -1.53369140625], [0.0, 0.0, 0.0, 1.0]], [[-0.8398882746696472, -0.5427296757698059, 0.0056711346842348576, 0.959228515625], [0.002684373641386628, -0.014602264389395714, -0.9998897314071655, 1.4934844970703125], [0.5427526235580444, -0.8397805094718933, 0.013721159659326077, -1.1930465698242188], [0.0, 0.0, 0.0, 1.0]], [[0.9476541876792908, 0.318621963262558, -0.020769769325852394, -1.13720703125], [-0.022161021828651428, 0.0007417088490910828, -0.9997541308403015, 1.5618896484375], [-0.3185282349586487, 0.9478815197944641, 0.0077638751827180386, -0.15826416015625], [0.0, 0.0, 0.0, 1.0]], [[0.006314176134765148, 0.999955415725708, -0.007020333781838417, -0.0281982421875], [-0.020367728546261787, -0.006890411954373121, -0.9997687935829163, 1.5668220520019531], [-0.9997726082801819, 0.006455685943365097, 0.020323315635323524, -0.0167236328125], [0.0, 0.0, 0.0, 1.0]], [[-0.9258458018302917, 0.37788355350494385, 0.003673054976388812, 1.0556640625], [-0.016091739758849144, -0.02971157245337963, -0.9994289875030518, 1.5459785461425781], [-0.3775585889816284, -0.9253762364387512, 0.033589139580726624, -0.0869140625], [0.0, 0.0, 0.0, 1.0]]], "view": [[0.0, -2.0, 100.0], [-2.0, 0.0, 100.0], [0.0, 0.0, 1.0]], "bev": "bev_7de99e760e244f63970ed952b6efa028.png", "aux": "aux_7de99e760e244f63970ed952b6efa028.npz", "visibility": "visibility_7de99e760e244f63970ed952b6efa028.png", "pose": [[-0.9904917478561401, -0.1375720351934433, 0.0, 1951.40966796875], [0.1375720351934433, -0.9904917478561401, 0.0, 787.9078979492188], [0.0, 0.0, 1.0, 0.0], [0.0, 0.0, 0.0, 1.0]], "pose_inverse": [[-0.9904917478561401, 0.1375720351934433, 0.0, 1824.4610595703125], [-0.1375720351934433, -0.9904917478561401, 0.0, 1048.875732421875], [0.0, 0.0, 1.0, 0.0], [0.0, 0.0, 0.0, 1.0]], "cam_ids": [0, 1, 2, 3, 4, 5], "cam_channels": ["CAM_FRONT_LEFT", "CAM_FRONT", "CAM_FRONT_RIGHT", "CAM_BACK_LEFT", "CAM_BACK", "CAM_BACK_RIGHT"], "token": "7de99e760e244f63970ed952b6efa028", "scene": "scene-0283"}, {"images": ["samples/CAM_FRONT_LEFT/n008-2018-08-31-11-19-57-0400__CAM_FRONT_LEFT__1535728806354799.jpg", "samples/CAM_FRONT/n008-2018-08-31-11-19-57-0400__CAM_FRONT__1535728806362404.jpg", "samples/CAM_FRONT_RIGHT/n008-2018-08-31-11-19-57-0400__CAM_FRONT_RIGHT__1535728806370482.jpg", "samples/CAM_BACK_LEFT/n008-2018-08-31-11-19-57-0400__CAM_BACK_LEFT__1535728806397405.jpg", "samples/CAM_BACK/n008-2018-08-31-11-19-57-0400__CAM_BACK__1535728806387558.jpg", "samples/CAM_BACK_RIGHT/n008-2018-08-31-11-19-57-0400__CAM_BACK_RIGHT__1535728806378113.jpg"], "intrinsics": [[[1257.8625342125129, 0.0, 827.2410631095686], [0.0, 1257.8625342125129, 450.915498205774], [0.0, 0.0, 1.0]], [[1252.8131021185304, 0.0, 826.588114781398], [0.0, 1252.8131021185304, 469.9846626224581], [0.0, 0.0, 1.0]], [[1256.7485116440405, 0.0, 817.7887570959712], [0.0, 1256.7485116440403, 451.9541780095127], [0.0, 0.0, 1.0]], [[1254.9860565800168, 0.0, 829.5769333630991], [0.0, 1254.9860565800168, 467.1680561863987], [0.0, 0.0, 1.0]], [[796.8910634503094, 0.0, 857.7774326863696], [0.0, 796.8910634503094, 476.8848988407415], [0.0, 0.0, 1.0]], [[1249.9629280788233, 0.0, 825.3768045375984], [0.0, 1249.9629280788233, 462.54816385708756], [0.0, 0.0, 1.0]]], "extrinsics": [[[0.8315072655677795, -0.5555022358894348, 0.0035993021447211504, -0.81317138671875], [-0.001435976242646575, -0.00862856861203909, -0.9999617338180542, 1.4879798889160156], [0.555512011051178, 0.8314703106880188, -0.007972407154738903, -1.2073974609375], [0.0, 0.0, 0.0, 1.0]], [[0.023435432463884354, -0.9996439218521118, 0.012756855227053165, 0.011474609375], [0.0005851684254594147, -0.012746642343699932, -0.9999186396598816, 1.4802961349487305], [0.9997251033782959, 0.023441029712557793, 0.0002862373075913638, -1.544189453125], [0.0, 0.0, 0.0, 1.0]], [[-0.838489294052124, -0.5449008345603943, 0.004317244980484247, 0.96630859375], [0.008701203390955925, -0.021310238167643547, -0.9997349977493286, 1.4943962097167969], [0.5448485016822815, -0.8382296562194824, 0.022609703242778778, -1.195220947265625], [0.0, 0.0, 0.0, 1.0]], [[0.9476141929626465, 0.318923681974411, -0.017749743536114693, -1.13427734375], [-0.016755905002355576, -0.005859750788658857, -0.9998424649238586, 1.5618782043457031], [-0.3189774453639984, 0.9477622509002686, -0.00020892742031719536, -0.159423828125], [0.0, 0.0, 0.0, 1.0]], [[0.005091932136565447, 0.9998932480812073, -0.013690266758203506, -0.0289306640625], [-0.014505275525152683, -0.013615148141980171, -0.9998020529747009, 1.5671806335449219], [-0.9998818039894104, 0.005289542954415083, 0.014434401877224445, -0.016845703125], [0.0, 0.0, 0.0, 1.0]], [[-0.9266076683998108, 0.37600475549697876, -0.004308217670768499, 1.05859375], [-0.010149895213544369, -0.03646257892251015, -0.999283492565155, 1.5467300415039062], [-0.3758924603462219, -0.9258999824523926, 0.03760291635990143, -0.0841064453125], [0.0, 0.0, 0.0, 1.0]]], "view": [[0.0, -2.0, 100.0], [-2.0, 0.0, 100.0], [0.0, 0.0, 1.0]], "bev": "bev_f1cae51a34e24283b285676838fe0928.png", "aux": "aux_f1cae51a34e24283b285676838fe0928.npz", "visibility": "visibility_f1cae51a34e24283b285676838fe0928.png", "pose": [[-0.9572023153305054, -0.289419561624527, 0.0, 1948.876708984375], [0.289419561624527, -0.9572023153305054, 0.0, 788.4686889648438], [0.0, 0.0, 1.0, 0.0], [0.0, 0.0, 0.0, 1.0]], "pose_inverse": [[-0.9572023153305054, 0.289419561624527, 0.0, 1637.2711181640625], [-0.289419561624527, -0.9572023153305054, 0.0, 1318.76708984375], [0.0, 0.0, 1.0, 0.0], [0.0, 0.0, 0.0, 1.0]], "cam_ids": [0, 1, 2, 3, 4, 5], "cam_channels": ["CAM_FRONT_LEFT", "CAM_FRONT", "CAM_FRONT_RIGHT", "CAM_BACK_LEFT", "CAM_BACK", "CAM_BACK_RIGHT"], "token": "f1cae51a34e24283b285676838fe0928", "scene": "scene-0283"}, {"images": ["samples/CAM_FRONT_LEFT/n008-2018-08-31-11-19-57-0400__CAM_FRONT_LEFT__1535728806854799.jpg", "samples/CAM_FRONT/n008-2018-08-31-11-19-57-0400__CAM_FRONT__1535728806862404.jpg", "samples/CAM_FRONT_RIGHT/n008-2018-08-31-11-19-57-0400__CAM_FRONT_RIGHT__1535728806870482.jpg", "samples/CAM_BACK_LEFT/n008-2018-08-31-11-19-57-0400__CAM_BACK_LEFT__1535728806897405.jpg", "samples/CAM_BACK/n008-2018-08-31-11-19-57-0400__CAM_BACK__1535728806887558.jpg", "samples/CAM_BACK_RIGHT/n008-2018-08-31-11-19-57-0400__CAM_BACK_RIGHT__1535728806878113.jpg"], "intrinsics": [[[1257.8625342125129, 0.0, 827.2410631095686], [0.0, 1257.8625342125129, 450.915498205774], [0.0, 0.0, 1.0]], [[1252.8131021185304, 0.0, 826.588114781398], [0.0, 1252.8131021185304, 469.9846626224581], [0.0, 0.0, 1.0]], [[1256.7485116440405, 0.0, 817.7887570959712], [0.0, 1256.7485116440403, 451.9541780095127], [0.0, 0.0, 1.0]], [[1254.9860565800168, 0.0, 829.5769333630991], [0.0, 1254.9860565800168, 467.1680561863987], [0.0, 0.0, 1.0]], [[796.8910634503094, 0.0, 857.7774326863696], [0.0, 796.8910634503094, 476.8848988407415], [0.0, 0.0, 1.0]], [[1249.9629280788233, 0.0, 825.3768045375984], [0.0, 1249.9629280788233, 462.54816385708756], [0.0, 0.0, 1.0]]], "extrinsics": [[[0.8316654562950134, -0.5552462339401245, -0.005853475537151098, -0.820343017578125], [-0.00613448116928339, 0.0013534997124224901, -0.9999802708625793, 1.4869303703308105], [0.5552433133125305, 0.831684947013855, -0.002280490705743432, -1.208740234375], [0.0, 0.0, 0.0, 1.0]], [[0.023708514869213104, -0.9997149705886841, 0.002823245245963335, 0.0091552734375], [-0.004234160762280226, -0.0029244276229292154, -0.9999867677688599, 1.479384422302246], [0.999709963798523, 0.02369627170264721, -0.004302286542952061, -1.5504150390625], [0.0, 0.0, 0.0, 1.0]], [[-0.8383802771568298, -0.5450754165649414, 0.0033477256074547768, 0.969970703125], [0.0037141304928809404, -0.01185399480164051, -0.9999228119850159, 1.4936037063598633], [0.5450730919837952, -0.83830326795578, 0.011962637305259705, -1.1995849609375], [0.0, 0.0, 0.0, 1.0]], [[0.9475839138031006, 0.3188536465167999, -0.020428316667675972, -1.1387939453125], [-0.022007381543517113, 0.0013501148205250502, -0.9997568726539612, 1.5619125366210938], [-0.31874847412109375, 0.9478030204772949, 0.008296478539705276, -0.1585693359375], [0.0, 0.0, 0.0, 1.0]], [[0.00514459703117609, 0.999971330165863, -0.0055612982250750065, -0.0284423828125], [-0.019622858613729477, -0.005459349602460861, -0.9997925162315369, 1.5669441223144531], [-0.9997941851615906, 0.005252632778137922, 0.019594209268689156, -0.0126953125], [0.0, 0.0, 0.0, 1.0]], [[-0.9266262650489807, 0.3759649395942688, 0.003746173344552517, 1.0633544921875], [-0.015222708694636822, -0.027559619396924973, -0.9995042085647583, 1.5462112426757812], [-0.375675231218338, -0.9262239933013916, 0.03126067295670509, -0.083251953125], [0.0, 0.0, 0.0, 1.0]]], "view": [[0.0, -2.0, 100.0], [-2.0, 0.0, 100.0], [0.0, 0.0, 1.0]], "bev": "bev_5663ad0168054bdab7ae22f75f5f4bd1.png", "aux": "aux_5663ad0168054bdab7ae22f75f5f4bd1.npz", "visibility": "visibility_5663ad0168054bdab7ae22f75f5f4bd1.png", "pose": [[-0.8933342695236206, -0.44939282536506653, 0.0, 1946.4874267578125], [0.44939282536506653, -0.8933342695236206, 0.0, 789.4342651367188], [0.0, 0.0, 1.0, 0.0], [0.0, 0.0, 0.0, 1.0]], "pose_inverse": [[-0.8933342695236206, 0.44939282536506653, 0.0, 1384.0977783203125], [-0.44939282536506653, -0.8933342695236206, 0.0, 1579.9661865234375], [0.0, 0.0, 1.0, 0.0], [0.0, 0.0, 0.0, 1.0]], "cam_ids": [0, 1, 2, 3, 4, 5], "cam_channels": ["CAM_FRONT_LEFT", "CAM_FRONT", "CAM_FRONT_RIGHT", "CAM_BACK_LEFT", "CAM_BACK", "CAM_BACK_RIGHT"], "token": "5663ad0168054bdab7ae22f75f5f4bd1", "scene": "scene-0283"}, {"images": ["samples/CAM_FRONT_LEFT/n008-2018-08-31-11-19-57-0400__CAM_FRONT_LEFT__1535728807354799.jpg", "samples/CAM_FRONT/n008-2018-08-31-11-19-57-0400__CAM_FRONT__1535728807362404.jpg", "samples/CAM_FRONT_RIGHT/n008-2018-08-31-11-19-57-0400__CAM_FRONT_RIGHT__1535728807370482.jpg", "samples/CAM_BACK_LEFT/n008-2018-08-31-11-19-57-0400__CAM_BACK_LEFT__1535728807397405.jpg", "samples/CAM_BACK/n008-2018-08-31-11-19-57-0400__CAM_BACK__1535728807387558.jpg", "samples/CAM_BACK_RIGHT/n008-2018-08-31-11-19-57-0400__CAM_BACK_RIGHT__1535728807378113.jpg"], "intrinsics": [[[1257.8625342125129, 0.0, 827.2410631095686], [0.0, 1257.8625342125129, 450.915498205774], [0.0, 0.0, 1.0]], [[1252.8131021185304, 0.0, 826.588114781398], [0.0, 1252.8131021185304, 469.9846626224581], [0.0, 0.0, 1.0]], [[1256.7485116440405, 0.0, 817.7887570959712], [0.0, 1256.7485116440403, 451.9541780095127], [0.0, 0.0, 1.0]], [[1254.9860565800168, 0.0, 829.5769333630991], [0.0, 1254.9860565800168, 467.1680561863987], [0.0, 0.0, 1.0]], [[796.8910634503094, 0.0, 857.7774326863696], [0.0, 796.8910634503094, 476.8848988407415], [0.0, 0.0, 1.0]], [[1249.9629280788233, 0.0, 825.3768045375984], [0.0, 1249.9629280788233, 462.54816385708756], [0.0, 0.0, 1.0]]], "extrinsics": [[[0.8319733738899231, -0.5547298789024353, -0.009753414429724216, -0.820709228515625], [-0.009451257064938545, 0.0034065728541463614, -0.9999495148658752, 1.4861969947814941], [0.5547350645065308, 0.832023561000824, -0.0024087182246148586, -1.20849609375], [0.0, 0.0, 0.0, 1.0]], [[0.02421279437839985, -0.9997067451477051, 0.0002636189165059477, 0.008544921875], [-0.006930193398147821, -0.0004315380356274545, -0.9999759197235107, 1.4788894653320312], [0.9996827244758606, 0.024210404604673386, -0.006938610225915909, -1.5513916015625], [0.0, 0.0, 0.0, 1.0]], [[-0.8381630182266235, -0.5454092621803284, 0.003379757283255458, 0.97119140625], [0.0016754813259467483, -0.00877129752188921, -0.9999600648880005, 1.4933042526245117], [0.5454171895980835, -0.8381239771842957, 0.0082656005397439, -1.20050048828125], [0.0, 0.0, 0.0, 1.0]], [[0.9476940631866455, 0.31863701343536377, -0.018610920757055283, -1.1400146484375], [-0.022031866014003754, 0.007135199848562479, -0.9997317790985107, 1.5619573593139648], [-0.3184187710285187, 0.9478499293327332, 0.013782155700027943, -0.1572265625], [0.0, 0.0, 0.0, 1.0]], [[0.005121110938489437, 0.9999865293502808, -0.0007943966775201261, -0.0281982421875], [-0.020679080858826637, -0.0006883356836624444, -0.9997859001159668, 1.5669403076171875], [-0.9997730851173401, 0.005136406514793634, 0.020675279200077057, -0.009765625], [0.0, 0.0, 0.0, 1.0]], [[-0.9267016053199768, 0.37573879957199097, 0.006674588657915592, 1.065704345703125], [-0.01682271808385849, -0.023734239861369133, -0.99957674741745, 1.5460739135742188], [-0.37542128562927246, -0.926421582698822, 0.028315505012869835, -0.082763671875], [0.0, 0.0, 0.0, 1.0]]], "view": [[0.0, -2.0, 100.0], [-2.0, 0.0, 100.0], [0.0, 0.0, 1.0]], "bev": "bev_fb0acab58baa49359a26e3c3d02631ea.png", "aux": "aux_fb0acab58baa49359a26e3c3d02631ea.npz", "visibility": "visibility_fb0acab58baa49359a26e3c3d02631ea.png", "pose": [[-0.7967022061347961, -0.6043720245361328, 0.0, 1944.333984375], [0.6043720245361328, -0.7967022061347961, 0.0, 790.7669677734375], [0.0, 0.0, 1.0, 0.0], [0.0, 0.0, 0.0, 1.0]], "pose_inverse": [[-0.7967022061347961, 0.6043720245361328, 0.0, 1071.1376953125], [-0.6043720245361328, -0.7967022061347961, 0.0, 1805.10693359375], [0.0, 0.0, 1.0, 0.0], [0.0, 0.0, 0.0, 1.0]], "cam_ids": [0, 1, 2, 3, 4, 5], "cam_channels": ["CAM_FRONT_LEFT", "CAM_FRONT", "CAM_FRONT_RIGHT", "CAM_BACK_LEFT", "CAM_BACK", "CAM_BACK_RIGHT"], "token": "fb0acab58baa49359a26e3c3d02631ea", "scene": "scene-0283"}, {"images": ["samples/CAM_FRONT_LEFT/n008-2018-08-31-11-19-57-0400__CAM_FRONT_LEFT__1535728807904799.jpg", "samples/CAM_FRONT/n008-2018-08-31-11-19-57-0400__CAM_FRONT__1535728807912404.jpg", "samples/CAM_FRONT_RIGHT/n008-2018-08-31-11-19-57-0400__CAM_FRONT_RIGHT__1535728807920482.jpg", "samples/CAM_BACK_LEFT/n008-2018-08-31-11-19-57-0400__CAM_BACK_LEFT__1535728807947405.jpg", "samples/CAM_BACK/n008-2018-08-31-11-19-57-0400__CAM_BACK__1535728807937558.jpg", "samples/CAM_BACK_RIGHT/n008-2018-08-31-11-19-57-0400__CAM_BACK_RIGHT__1535728807928113.jpg"], "intrinsics": [[[1257.8625342125129, 0.0, 827.2410631095686], [0.0, 1257.8625342125129, 450.915498205774], [0.0, 0.0, 1.0]], [[1252.8131021185304, 0.0, 826.588114781398], [0.0, 1252.8131021185304, 469.9846626224581], [0.0, 0.0, 1.0]], [[1256.7485116440405, 0.0, 817.7887570959712], [0.0, 1256.7485116440403, 451.9541780095127], [0.0, 0.0, 1.0]], [[1254.9860565800168, 0.0, 829.5769333630991], [0.0, 1254.9860565800168, 467.1680561863987], [0.0, 0.0, 1.0]], [[796.8910634503094, 0.0, 857.7774326863696], [0.0, 796.8910634503094, 476.8848988407415], [0.0, 0.0, 1.0]], [[1249.9629280788233, 0.0, 825.3768045375984], [0.0, 1249.9629280788233, 462.54816385708756], [0.0, 0.0, 1.0]]], "extrinsics": [[[0.8322320580482483, -0.5543400645256042, -0.009846808388829231, -0.81781005859375], [-0.004179447423666716, 0.011487177573144436, -0.9999252557754517, 1.4873332977294922], [0.554411768913269, 0.8322110176086426, 0.007243161555379629, -1.2115478515625], [0.0, 0.0, 0.0, 1.0]], [[0.024489231407642365, -0.9996705651283264, -0.007690554019063711, 0.012939453125], [-0.002250598045065999, 0.007637711241841316, -0.9999683499336243, 1.4797325134277344], [0.9996976256370544, 0.024505699053406715, -0.002062813378870487, -1.55218505859375], [0.0, 0.0, 0.0, 1.0]], [[-0.838131308555603, -0.5454503297805786, -0.004440496675670147, 0.9755859375], [0.005765982437878847, -0.0007190924370661378, -0.9999830722808838, 1.4938764572143555], [0.5454379320144653, -0.8381428718566895, 0.0037477510049939156, -1.19873046875], [0.0, 0.0, 0.0, 1.0]], [[0.9480130076408386, 0.3179253041744232, -0.013955384492874146, -1.14892578125], [-0.01992473565042019, 0.015531880781054497, -0.9996808171272278, 1.5621013641357422], [-0.3176071345806122, 0.9479885101318359, 0.021059004589915276, -0.15673828125], [0.0, 0.0, 0.0, 1.0]], [[0.005618001334369183, 0.9999563097953796, 0.007473529316484928, -0.0313720703125], [-0.017616208642721176, 0.0075714546255767345, -0.9998161196708679, 1.5671906471252441], [-0.999829113483429, 0.005485311150550842, 0.017657974734902382, -0.00390625], [0.0, 0.0, 0.0, 1.0]], [[-0.9267003536224365, 0.3757474422454834, 0.006344904657453299, 1.068084716796875], [-0.013196082785725594, -0.01566275767982006, -0.9997902512550354, 1.5465583801269531], [-0.37556928396224976, -0.9265897274017334, 0.019473079591989517, -0.078125], [0.0, 0.0, 0.0, 1.0]]], "view": [[0.0, -2.0, 100.0], [-2.0, 0.0, 100.0], [0.0, 0.0, 1.0]], "bev": "bev_c520f9e747fa490f8930be1dac1f97ed.png", "aux": "aux_c520f9e747fa490f8930be1dac1f97ed.npz", "visibility": "visibility_c520f9e747fa490f8930be1dac1f97ed.png", "pose": [[-0.6439940333366394, -0.7650305032730103, 0.0, 1942.3179931640625], [0.7650305032730103, -0.6439940333366394, 0.0, 792.7103271484375], [0.0, 0.0, 1.0, 0.0], [0.0, 0.0, 0.0, 1.0]], "pose_inverse": [[-0.6439940333366394, 0.7650305032730103, 0.0, 644.3935546875], [-0.7650305032730103, -0.6439940333366394, 0.0, 1996.4332275390625], [0.0, 0.0, 1.0, 0.0], [0.0, 0.0, 0.0, 1.0]], "cam_ids": [0, 1, 2, 3, 4, 5], "cam_channels": ["CAM_FRONT_LEFT", "CAM_FRONT", "CAM_FRONT_RIGHT", "CAM_BACK_LEFT", "CAM_BACK", "CAM_BACK_RIGHT"], "token": "c520f9e747fa490f8930be1dac1f97ed", "scene": "scene-0283"}, {"images": ["samples/CAM_FRONT_LEFT/n008-2018-08-31-11-19-57-0400__CAM_FRONT_LEFT__1535728808404799.jpg", "samples/CAM_FRONT/n008-2018-08-31-11-19-57-0400__CAM_FRONT__1535728808412404.jpg", "samples/CAM_FRONT_RIGHT/n008-2018-08-31-11-19-57-0400__CAM_FRONT_RIGHT__1535728808420482.jpg", "samples/CAM_BACK_LEFT/n008-2018-08-31-11-19-57-0400__CAM_BACK_LEFT__1535728808447405.jpg", "samples/CAM_BACK/n008-2018-08-31-11-19-57-0400__CAM_BACK__1535728808437558.jpg", "samples/CAM_BACK_RIGHT/n008-2018-08-31-11-19-57-0400__CAM_BACK_RIGHT__1535728808428113.jpg"], "intrinsics": [[[1257.8625342125129, 0.0, 827.2410631095686], [0.0, 1257.8625342125129, 450.915498205774], [0.0, 0.0, 1.0]], [[1252.8131021185304, 0.0, 826.588114781398], [0.0, 1252.8131021185304, 469.9846626224581], [0.0, 0.0, 1.0]], [[1256.7485116440405, 0.0, 817.7887570959712], [0.0, 1256.7485116440403, 451.9541780095127], [0.0, 0.0, 1.0]], [[1254.9860565800168, 0.0, 829.5769333630991], [0.0, 1254.9860565800168, 467.1680561863987], [0.0, 0.0, 1.0]], [[796.8910634503094, 0.0, 857.7774326863696], [0.0, 796.8910634503094, 476.8848988407415], [0.0, 0.0, 1.0]], [[1249.9629280788233, 0.0, 825.3768045375984], [0.0, 1249.9629280788233, 462.54816385708756], [0.0, 0.0, 1.0]]], "extrinsics": [[[0.831782341003418, -0.5548064112663269, -0.018110020086169243, -0.8193359375], [-0.010915618389844894, 0.016270767897367477, -0.9998080134391785, 1.4858779907226562], [0.554994523525238, 0.8318203687667847, 0.007477683015167713, -1.2071533203125], [0.0, 0.0, 0.0, 1.0]], [[0.02385782077908516, -0.9996365904808044, -0.012556146830320358, 0.008544921875], [-0.008889716118574142, 0.012347091920673847, -0.999884307384491, 1.478555679321289], [0.9996758699417114, 0.023966724053025246, -0.00859191082417965, -1.552276611328125], [0.0, 0.0, 0.0, 1.0]], [[-0.8383960127830505, -0.5450595617294312, -0.0014835998881608248, 0.974853515625], [-0.0007716795080341399, 0.003908858634531498, -0.9999920725822449, 1.4929661750793457], [0.5450610518455505, -0.838388204574585, -0.0036977832205593586, -1.2025146484375], [0.0, 0.0, 0.0, 1.0]], [[0.9477975964546204, 0.3183491826057434, -0.018267041072249413, -1.1480712890625], [-0.025596637278795242, 0.018855461850762367, -0.9994944930076599, 1.5621528625488281], [-0.31784379482269287, 0.9477860331535339, 0.026019828394055367, -0.1546630859375], [0.0, 0.0, 0.0, 1.0]], [[0.005670579615980387, 0.9999237656593323, 0.010972327552735806, -0.0283203125], [-0