[{"images": ["samples/CAM_FRONT_LEFT/n008-2018-09-18-13-10-39-0400__CAM_FRONT_LEFT__1537291061254799.jpg", "samples/CAM_FRONT/n008-2018-09-18-13-10-39-0400__CAM_FRONT__1537291061262404.jpg", "samples/CAM_FRONT_RIGHT/n008-2018-09-18-13-10-39-0400__CAM_FRONT_RIGHT__1537291061270482.jpg", "samples/CAM_BACK_LEFT/n008-2018-09-18-13-10-39-0400__CAM_BACK_LEFT__1537291061297405.jpg", "samples/CAM_BACK/n008-2018-09-18-13-10-39-0400__CAM_BACK__1537291061287558.jpg", "samples/CAM_BACK_RIGHT/n008-2018-09-18-13-10-39-0400__CAM_BACK_RIGHT__1537291061278113.jpg"], "intrinsics": [[[1257.8625342125129, 0.0, 827.2410631095686], [0.0, 1257.8625342125129, 450.915498205774], [0.0, 0.0, 1.0]], [[1252.8131021185304, 0.0, 826.588114781398], [0.0, 1252.8131021185304, 469.9846626224581], [0.0, 0.0, 1.0]], [[1256.7485116440405, 0.0, 817.7887570959712], [0.0, 1256.7485116440403, 451.9541780095127], [0.0, 0.0, 1.0]], [[1254.9860565800168, 0.0, 829.5769333630991], [0.0, 1254.9860565800168, 467.1680561863987], [0.0, 0.0, 1.0]], [[796.8910634503094, 0.0, 857.7774326863696], [0.0, 796.8910634503094, 476.8848988407415], [0.0, 0.0, 1.0]], [[1249.9629280788233, 0.0, 825.3768045375984], [0.0, 1249.9629280788233, 462.54816385708756], [0.0, 0.0, 1.0]]], "extrinsics": [[[0.8147748112678528, -0.5797132253646851, 0.008633292280137539, -0.9302139282226562], [0.018604334443807602, 0.011259181424975395, -0.999763548374176, 1.4899749755859375], [0.5794788002967834, 0.8147428631782532, 0.019958877936005592, -1.2816162109375], [0.0, 0.0, 0.0, 1.0]], [[-0.0007862353813834488, -0.9999728202819824, -0.007332495413720608, 0.0062255859375], [0.020593710243701935, 0.007314751856029034, -0.999761164188385, 1.4817066192626953], [0.9997876882553101, -0.0009370154002681375, 0.02058739773929119, -1.659423828125], [0.0, 0.0, 0.0, 1.0]], [[-0.8483659029006958, -0.5288805961608887, -0.02367708645761013, 1.04150390625], [0.028643790632486343, -0.0011969838524237275, -0.9995889663696289, 1.494741439819336], [0.5286349058151245, -0.8486953973770142, 0.01616462506353855, -1.246246337890625], [0.0, 0.0, 0.0, 1.0]], [[0.9479907155036926, 0.31819218397140503, 0.008207554928958416, -1.14068603515625], [0.0036027668975293636, 0.015057502314448357, -0.9998801350593567, 1.562056541442871], [-0.3182776868343353, 0.9479066729545593, 0.013127998448908329, -0.1571044921875], [0.0, 0.0, 0.0, 1.0]], [[0.01256971713155508, 0.999894917011261, 0.0072355857118964195, -0.0286865234375], [0.00559708196669817, 0.007165686693042517, -0.9999586343765259, 1.568190097808838], [-0.9999054074287415, 0.012609709054231644, -0.005506421905010939, 0.02105712890625], [0.0, 0.0, 0.0, 1.0]], [[-0.9211811423301697, 0.38884466886520386, -0.015004102140665054, 1.12158203125], [0.009589518420398235, -0.015861963853240013, -0.9998282194137573, 1.5482239723205566], [-0.38901591300964355, -0.921166718006134, 0.010882910341024399, -0.05987548828125], [0.0, 0.0, 0.0, 1.0]]], "view": [[0.0, -2.0, 100.0], [-2.0, 0.0, 100.0], [0.0, 0.0, 1.0]], "bev": "bev_c1cac50eacdf4b2699405b38540bc2e7.png", "aux": "aux_c1cac50eacdf4b2699405b38540bc2e7.npz", "visibility": "visibility_c1cac50eacdf4b2699405b38540bc2e7.png", "pose": [[0.9281582236289978, 0.3721858561038971, 0.0, 817.3939819335938], [-0.3721858561038971, 0.9281582236289978, 0.0, 508.0274658203125], [0.0, 0.0, 1.0, 0.0], [0.0, 0.0, 0.0, 1.0]], "pose_inverse": [[0.9281582236289978, -0.3721858561038971, 0.0, -569.5902709960938], [0.3721858561038971, 0.9281582236289978, 0.0, -775.7523803710938], [0.0, 0.0, 1.0, 0.0], [0.0, 0.0, 0.0, 1.0]], "cam_ids": [0, 1, 2, 3, 4, 5], "cam_channels": ["CAM_FRONT_LEFT", "CAM_FRONT", "CAM_FRONT_RIGHT", "CAM_BACK_LEFT", "CAM_BACK", "CAM_BACK_RIGHT"], "token": "c1cac50eacdf4b2699405b38540bc2e7", "scene": "scene-0580"}, {"images": ["samples/CAM_FRONT_LEFT/n008-2018-09-18-13-10-39-0400__CAM_FRONT_LEFT__1537291061754799.jpg", "samples/CAM_FRONT/n008-2018-09-18-13-10-39-0400__CAM_FRONT__1537291061762404.jpg", "samples/CAM_FRONT_RIGHT/n008-2018-09-18-13-10-39-0400__CAM_FRONT_RIGHT__1537291061770482.jpg", "samples/CAM_BACK_LEFT/n008-2018-09-18-13-10-39-0400__CAM_BACK_LEFT__1537291061797405.jpg", "samples/CAM_BACK/n008-2018-09-18-13-10-39-0400__CAM_BACK__1537291061787558.jpg", "samples/CAM_BACK_RIGHT/n008-2018-09-18-13-10-39-0400__CAM_BACK_RIGHT__1537291061778113.jpg"], "intrinsics": [[[1257.8625342125129, 0.0, 827.2410631095686], [0.0, 1257.8625342125129, 450.915498205774], [0.0, 0.0, 1.0]], [[1252.8131021185304, 0.0, 826.588114781398], [0.0, 1252.8131021185304, 469.9846626224581], [0.0, 0.0, 1.0]], [[1256.7485116440405, 0.0, 817.7887570959712], [0.0, 1256.7485116440403, 451.9541780095127], [0.0, 0.0, 1.0]], [[1254.9860565800168, 0.0, 829.5769333630991], [0.0, 1254.9860565800168, 467.1680561863987], [0.0, 0.0, 1.0]], [[796.8910634503094, 0.0, 857.7774326863696], [0.0, 796.8910634503094, 476.8848988407415], [0.0, 0.0, 1.0]], [[1249.9629280788233, 0.0, 825.3768045375984], [0.0, 1249.9629280788233, 462.54816385708756], [0.0, 0.0, 1.0]]], "extrinsics": [[[0.8110249042510986, -0.5849504470825195, 0.008466672152280807, -0.89923095703125], [0.0210112314671278, 0.014662332832813263, -0.9996717572212219, 1.4909496307373047], [0.5846343040466309, 0.8109365105628967, 0.024182045832276344, -1.260498046875], [0.0, 0.0, 0.0, 1.0]], [[-0.0060197231359779835, -0.9999252557754517, -0.010637859813869, 0.0069580078125], [0.022799266502261162, 0.010498046875, -0.9996849894523621, 1.4825630187988281], [0.9997219443321228, -0.006260358262807131, 0.022734368219971657, -1.62847900390625], [0.0, 0.0, 0.0, 1.0]], [[-0.8504952192306519, -0.5252896547317505, -0.026991432532668114, 1.02093505859375], [0.03067084029316902, 0.0017005644040182233, -0.9995280504226685, 1.4956092834472656], [0.5250877141952515, -0.8509216904640198, 0.014664754271507263, -1.2326507568359375], [0.0, 0.0, 0.0, 1.0]], [[0.9479580521583557, 0.31822505593299866, 0.010409297421574593, -1.14111328125], [0.005235245451331139, 0.017110023647546768, -0.9998399019241333, 1.5620594024658203], [-0.31835222244262695, 0.9478607773780823, 0.014553598128259182, -0.1571044921875], [0.0, 0.0, 0.0, 1.0]], [[0.01409483328461647, 0.999853789806366, 0.009681923314929008, -0.02886962890625], [0.00740830460563302, 0.00957819540053606, -0.9999266862869263, 1.56829833984375], [-0.9998732209205627, 0.014165516011416912, -0.007272218354046345, 0.01177978515625], [0.0, 0.0, 0.0, 1.0]], [[-0.9199523329734802, 0.3917138874530792, -0.015738733112812042, 1.104400634765625], [0.01150750182569027, -0.01314728707075119, -0.9998473525047302, 1.5485243797302246], [-0.3918609619140625, -0.9199931025505066, 0.007587231695652008, -0.06658935546875], [0.0, 0.0, 0.0, 1.0]]], "view": [[0.0, -2.0, 100.0], [-2.0, 0.0, 100.0], [0.0, 0.0, 1.0]], "bev": "bev_8ddfe81757b04003874520b65ecb9451.png", "aux": "aux_8ddfe81757b04003874520b65ecb9451.npz", "visibility": "visibility_8ddfe81757b04003874520b65ecb9451.png", "pose": [[0.9815057516098022, 0.19143256545066833, 0.0, 818.5973510742188], [-0.19143256545066833, 0.9815057516098022, 0.0, 507.647705078125], [0.0, 0.0, 1.0, 0.0], [0.0, 0.0, 0.0, 1.0]], "pose_inverse": [[0.9815057516098022, -0.19143256545066833, 0.0, -706.2777099609375], [0.19143256545066833, 0.9815057516098022, 0.0, -654.96533203125], [0.0, 0.0, 1.0, 0.0], [0.0, 0.0, 0.0, 1.0]], "cam_ids": [0, 1, 2, 3, 4, 5], "cam_channels": ["CAM_FRONT_LEFT", "CAM_FRONT", "CAM_FRONT_RIGHT", "CAM_BACK_LEFT", "CAM_BACK", "CAM_BACK_RIGHT"], "token": "8ddfe81757b04003874520b65ecb9451", "scene": "scene-0580"}, {"images": ["samples/CAM_FRONT_LEFT/n008-2018-09-18-13-10-39-0400__CAM_FRONT_LEFT__1537291062254799.jpg", "samples/CAM_FRONT/n008-2018-09-18-13-10-39-0400__CAM_FRONT__1537291062262404.jpg", "samples/CAM_FRONT_RIGHT/n008-2018-09-18-13-10-39-0400__CAM_FRONT_RIGHT__1537291062270482.jpg", "samples/CAM_BACK_LEFT/n008-2018-09-18-13-10-39-0400__CAM_BACK_LEFT__1537291062297405.jpg", "samples/CAM_BACK/n008-2018-09-18-13-10-39-0400__CAM_BACK__1537291062287558.jpg", "samples/CAM_BACK_RIGHT/n008-2018-09-18-13-10-39-0400__CAM_BACK_RIGHT__1537291062278113.jpg"], "intrinsics": [[[1257.8625342125129, 0.0, 827.2410631095686], [0.0, 1257.8625342125129, 450.915498205774], [0.0, 0.0, 1.0]], [[1252.8131021185304, 0.0, 826.588114781398], [0.0, 1252.8131021185304, 469.9846626224581], [0.0, 0.0, 1.0]], [[1256.7485116440405, 0.0, 817.7887570959712], [0.0, 1256.7485116440403, 451.9541780095127], [0.0, 0.0, 1.0]], [[1254.9860565800168, 0.0, 829.5769333630991], [0.0, 1254.9860565800168, 467.1680561863987], [0.0, 0.0, 1.0]], [[796.8910634503094, 0.0, 857.7774326863696], [0.0, 796.8910634503094, 476.8848988407415], [0.0, 0.0, 1.0]], [[1249.9629280788233, 0.0, 825.3768045375984], [0.0, 1249.9629280788233, 462.54816385708756], [0.0, 0.0, 1.0]]], "extrinsics": [[[0.8078693151473999, -0.5893463492393494, -0.004267807584255934, -0.85626220703125], [0.01227363757789135, 0.02406351827085018, -0.9996351003646851, 1.4903392791748047], [0.589233934879303, 0.8075221180915833, 0.02667360007762909, -1.2327880859375], [0.0, 0.0, 0.0, 1.0]], [[-0.010603446513414383, -0.9997372031211853, -0.02032388560473919, 0.0089111328125], [0.013834143057465553, 0.020176416262984276, -0.9997007250785828, 1.4821147918701172], [0.9998481869697571, -0.01088144350796938, 0.01361656654626131, -1.58624267578125], [0.0, 0.0, 0.0, 1.0]], [[-0.8525423407554626, -0.5220910906791687, -0.02434208244085312, 0.99395751953125], [0.021390652284026146, 0.011680752970278263, -0.9997029304504395, 1.4955024719238281], [0.5222203135490417, -0.8528097867965698, 0.0012095317943021655, -1.2139053344726562], [0.0, 0.0, 0.0, 1.0]], [[0.9480453729629517, 0.3181053102016449, 0.004372967407107353, -1.140380859375], [-0.004861422814428806, 0.028229715302586555, -0.9995896220207214, 1.5620222091674805], [-0.31809818744659424, 0.9476350545883179, 0.028309494256973267, -0.157318115234375], [0.0, 0.0, 0.0, 1.0]], [[0.015541999600827694, 0.9996739029884338, 0.020260585471987724, -0.02947998046875], [-0.0023964950814843178, 0.02030021883547306, -0.9997910261154175, 1.567927360534668], [-0.9998764395713806, 0.015490199439227581, 0.0027112194802612066, -0.0008544921875], [0.0, 0.0, 0.0, 1.0]], [[-0.9190557599067688, 0.3941172957420349, -0.002833978272974491, 1.0819091796875], [0.0018881001742556691, -0.0027877322863787413, -0.9999943375587463, 1.5479785203933716], [-0.3941228985786438, -0.9190559387207031, 0.0018179487669840455, -0.07470703125], [0.0, 0.0, 0.0, 1.0]]], "view": [[0.0, -2.0, 100.0], [-2.0, 0.0, 100.0], [0.0, 0.0, 1.0]], "bev": "bev_4669dc9136194a98a1f69c08e1d4ad38.png", "aux": "aux_4669dc9136194a98a1f69c08e1d4ad38.npz", "visibility": "visibility_4669dc9136194a98a1f69c08e1d4ad38.png", "pose": [[0.9976733326911926, -0.06817594915628433, 0.0, 820.3995971679688], [0.06817594915628433, 0.9976733326911926, 0.0, 507.4981384277344], [0.0, 0.0, 1.0, 0.0], [0.0, 0.0, 0.0, 1.0]], "pose_inverse": [[0.9976733326911926, 0.06817594915628433, 0.0, -853.0899658203125], [-0.06817594915628433, 0.9976733326911926, 0.0, -450.3858337402344], [0.0, 0.0, 1.0, 0.0], [0.0, 0.0, 0.0, 1.0]], "cam_ids": [0, 1, 2, 3, 4, 5], "cam_channels": ["CAM_FRONT_LEFT", "CAM_FRONT", "CAM_FRONT_RIGHT", "CAM_BACK_LEFT", "CAM_BACK", "CAM_BACK_RIGHT"], "token": "4669dc9136194a98a1f69c08e1d4ad38", "scene": "scene-0580"}, {"images": ["samples/CAM_FRONT_LEFT/n008-2018-09-18-13-10-39-0400__CAM_FRONT_LEFT__1537291062754799.jpg", "samples/CAM_FRONT/n008-2018-09-18-13-10-39-0400__CAM_FRONT__1537291062762404.jpg", "samples/CAM_FRONT_RIGHT/n008-2018-09-18-13-10-39-0400__CAM_FRONT_RIGHT__1537291062770482.jpg", "samples/CAM_BACK_LEFT/n008-2018-09-18-13-10-39-0400__CAM_BACK_LEFT__1537291062797405.jpg", "samples/CAM_BACK/n008-2018-09-18-13-10-39-0400__CAM_BACK__1537291062787558.jpg", "samples/CAM_BACK_RIGHT/n008-2018-09-18-13-10-39-0400__CAM_BACK_RIGHT__1537291062778113.jpg"], "intrinsics": [[[1257.8625342125129, 0.0, 827.2410631095686], [0.0, 1257.8625342125129, 450.915498205774], [0.0, 0.0, 1.0]], [[1252.8131021185304, 0.0, 826.588114781398], [0.0, 1252.8131021185304, 469.9846626224581], [0.0, 0.0, 1.0]], [[1256.7485116440405, 0.0, 817.7887570959712], [0.0, 1256.7485116440403, 451.9541780095127], [0.0, 0.0, 1.0]], [[1254.9860565800168, 0.0, 829.5769333630991], [0.0, 1254.9860565800168, 467.1680561863987], [0.0, 0.0, 1.0]], [[796.8910634503094, 0.0, 857.7774326863696], [0.0, 796.8910634503094, 476.8848988407415], [0.0, 0.0, 1.0]], [[1249.9629280788233, 0.0, 825.3768045375984], [0.0, 1249.9629280788233, 462.54816385708756], [0.0, 0.0, 1.0]]], "extrinsics": [[[0.8055502772331238, -0.5923265218734741, -0.015433073975145817, -0.82135009765625], [0.007921053096652031, 0.036808986216783524, -0.9992908835411072, 1.4897422790527344], [0.5924745798110962, 0.8048567771911621, 0.034343332052230835, -1.208740234375], [0.0, 0.0, 0.0, 1.0]], [[-0.013934096321463585, -0.9993623495101929, -0.03287167847156525, 0.0095062255859375], [0.0095698032528162, 0.03274007886648178, -0.9994180798530579, 1.4817094802856445], [0.9998571276664734, -0.014240588061511517, 0.009107498452067375, -1.55047607421875], [0.0, 0.0, 0.0, 1.0]], [[-0.8540160059928894, -0.5195345878601074, -0.027214335277676582, 0.96942138671875], [0.017262224107980728, 0.023983461782336235, -0.9995633363723755, 1.4954566955566406], [0.5199602842330933, -0.8541128635406494, -0.011513938196003437, -1.1981201171875], [0.0, 0.0, 0.0, 1.0]], [[0.9481403231620789, 0.31782227754592896, 0.004348054528236389, -1.13323974609375], [-0.008691655471920967, 0.03959882631897926, -0.9991778135299683, 1.5619069337844849], [-0.31773319840431213, 0.9473230242729187, 0.04030764475464821, -0.1605987548828125], [0.0, 0.0, 0.0, 1.0]], [[0.01679369807243347, 0.9993479251861572, 0.03196532651782036, -0.029632568359375], [-0.006329298485070467, 0.03207544609904289, -0.9994654059410095, 1.5676360130310059], [-0.9998389482498169, 0.01658240705728531, 0.006863836199045181, -0.013916015625], [0.0, 0.0, 0.0, 1.0]], [[-0.9182513356208801, 0.3959578573703766, 0.005637497641146183, 1.06097412109375], [-0.0021258117631077766, 0.009307079017162323, -0.9999544620513916, 1.547553539276123], [-0.39599230885505676, -0.9182214736938477, -0.007704504765570164, -0.0831298828125], [0.0, 0.0, 0.0, 1.0]]], "view": [[0.0, -2.0, 100.0], [-2.0, 0.0, 100.0], [0.0, 0.0, 1.0]], "bev": "bev_663d165ded864938a0f35c9a698fb775.png", "aux": "aux_663d165ded864938a0f35c9a698fb775.npz", "visibility": "visibility_663d165ded864938a0f35c9a698fb775.png", "pose": [[0.927733838558197, -0.37324246764183044, 0.0, 822.6527099609375], [0.37324246764183044, 0.927733838558197, 0.0, 507.9554748535156], [0.0, 0.0, 1.0, 0.0], [0.0, 0.0, 0.0, 1.0]], "pose_inverse": [[0.927733838558197, 0.37324246764183044, 0.0, -952.7933349609375], [-0.37324246764183044, 0.927733838558197, 0.0, -164.19854736328125], [0.0, 0.0, 1.0, 0.0], [0.0, 0.0, 0.0, 1.0]], "cam_ids": [0, 1, 2, 3, 4, 5], "cam_channels": ["CAM_FRONT_LEFT", "CAM_FRONT", "CAM_FRONT_RIGHT", "CAM_BACK_LEFT", "CAM_BACK", "CAM_BACK_RIGHT"], "token": "663d165ded864938a0f35c9a698fb775", "scene": "scene-0580"}, {"images": ["samples/CAM_FRONT_LEFT/n008-2018-09-18-13-10-39-0400__CAM_FRONT_LEFT__1537291063254799.jpg", "samples/CAM_FRONT/n008-2018-09-18-13-10-39-0400__CAM_FRONT__1537291063262404.jpg", "samples/CAM_FRONT_RIGHT/n008-2018-09-18-13-10-39-0400__CAM_FRONT_RIGHT__1537291063270482.jpg", "samples/CAM_BACK_LEFT/n008-2018-09-18-13-10-39-0400__CAM_BACK_LEFT__1537291063297405.jpg", "samples/CAM_BACK/n008-2018-09-18-13-10-39-0400__CAM_BACK__1537291063287558.jpg", "samples/CAM_BACK_RIGHT/n008-2018-09-18-13-10-39-0400__CAM_BACK_RIGHT__1537291063278113.jpg"], "intrinsics": [[[1257.8625342125129, 0.0, 827.2410631095686], [0.0, 1257.8625342125129, 450.915498205774], [0.0, 0.0, 1.0]], [[1252.8131021185304, 0.0, 826.588114781398], [0.0, 1252.8131021185304, 469.9846626224581], [0.0, 0.0, 1.0]], [[1256.7485116440405, 0.0, 817.7887570959712], [0.0, 1256.7485116440403, 451.9541780095127], [0.0, 0.0, 1.0]], [[1254.9860565800168, 0.0, 829.5769333630991], [0.0, 1254.9860565800168, 467.1680561863987], [0.0, 0.0, 1.0]], [[796.8910634503094, 0.0, 857.7774326863696], [0.0, 796.8910634503094, 476.8848988407415], [0.0, 0.0, 1.0]], [[1249.9629280788233, 0.0, 825.3768045375984], [0.0, 1249.9629280788233, 462.54816385708756], [0.0, 0.0, 1.0]]], "extrinsics": [[[0.8110299110412598, -0.5847911238670349, -0.01580936461687088, -0.79473876953125], [0.004653976298868656, 0.03347323462367058, -0.9994287490844727, 1.4891397953033447], [0.5849862098693848, 0.8104930520057678, 0.02986939810216427, -1.193756103515625], [0.0, 0.0, 0.0, 1.0]], [[-0.006167822051793337, -0.9995554089546204, -0.029171327129006386, 0.01203155517578125], [0.006413346156477928, 0.02913174405694008, -0.9995550513267517, 1.4812790155410767], [0.9999603629112244, -0.0063522253185510635, 0.006230815779417753, -1.52471923828125], [0.0, 0.0, 0.0, 1.0]], [[-0.8507933020591736, -0.525012195110321, -0.022648442536592484, 0.9534912109375], [0.014209547080099583, 0.02009894698858261, -0.9996969699859619, 1.4952936172485352], [0.5253083109855652, -0.8508573174476624, -0.009639866650104523, -1.18560791015625], [0.0, 0.0, 0.0, 1.0]], [[0.9482370018959045, 0.3175634741783142, 0.00015521796012762934, -1.129150390625], [-0.011393066495656967, 0.034507881850004196, -0.9993394613265991, 1.5618419647216797], [-0.3173591196537018, 0.9476088881492615, 0.03633967414498329, -0.161773681640625], [0.0, 0.0, 0.0, 1.0]], [[0.014585851691663265, 0.9995222687721252, 0.027249129489064217, -0.03037261962890625], [-0.009173735976219177, 0.027384651824831963, -0.999582827091217, 1.5673456192016602], [-0.9998515844345093, 0.014329757541418076, 0.009568780660629272, -0.0260009765625], [0.0, 0.0, 0.0, 1.0]], [[-0.9201116561889648, 0.3916001319885254, 0.006614819634705782, 1.04595947265625], [-0.005062256008386612, 0.00499696284532547, -0.9999746680259705, 1.547168254852295], [-0.39162325859069824, -0.9201219081878662, -0.0026153847575187683, -0.087677001953125], [0.0, 0.0, 0.0, 1.0]]], "view": [[0.0, -2.0, 100.0], [-2.0, 0.0, 100.0], [0.0, 0.0, 1.0]], "bev": "bev_ccfa65c821044d88a2b0df0b74521303.png", "aux": "aux_ccfa65c821044d88a2b0df0b74521303.npz", "visibility": "visibility_ccfa65c821044d88a2b0df0b74521303.png", "pose": [[0.7947354316711426, -0.6069560050964355, 0.0, 824.9125366210938], [0.6069560050964355, 0.7947354316711426, 0.0, 509.20025634765625], [0.0, 0.0, 1.0, 0.0], [0.0, 0.0, 0.0, 1.0]], "pose_inverse": [[0.7947354316711426, 0.6069560050964355, 0.0, -964.6493530273438], [-0.6069560050964355, 0.7947354316711426, 0.0, 96.0061264038086], [0.0, 0.0, 1.0, 0.0], [0.0, 0.0, 0.0, 1.0]], "cam_ids": [0, 1, 2, 3, 4, 5], "cam_channels": ["CAM_FRONT_LEFT", "CAM_FRONT", "CAM_FRONT_RIGHT", "CAM_BACK_LEFT", "CAM_BACK", "CAM_BACK_RIGHT"], "token": "ccfa65c821044d88a2b0df0b74521303", "scene": "scene-0580"}, {"images": ["samples/CAM_FRONT_LEFT/n008-2018-09-18-13-10-39-0400__CAM_FRONT_LEFT__1537291063754799.jpg", "samples/CAM_FRONT/n008-2018-09-18-13-10-39-0400__CAM_FRONT__1537291063762404.jpg", "samples/CAM_FRONT_RIGHT/n008-2018-09-18-13-10-39-0400__CAM_FRONT_RIGHT__1537291063770482.jpg", "samples/CAM_BACK_LEFT/n008-2018-09-18-13-10-39-0400__CAM_BACK_LEFT__1537291063797405.jpg", "samples/CAM_BACK/n008-2018-09-18-13-10-39-0400__CAM_BACK__1537291063787558.jpg", "samples/CAM_BACK_RIGHT/n008-2018-09-18-13-10-39-0400__CAM_BACK_RIGHT__1537291063778113.jpg"], "intrinsics": [[[1257.8625342125129, 0.0, 827.2410631095686], [0.0, 1257.8625342125129, 450.915498205774], [0.0, 0.0, 1.0]], [[1252.8131021185304, 0.0, 826.588114781398], [0.0, 1252.8131021185304, 469.9846626224581], [0.0, 0.0, 1.0]], [[1256.7485116440405, 0.0, 817.7887570959712], [0.0, 1256.7485116440403, 451.9541780095127], [0.0, 0.0, 1.0]], [[1254.9860565800168, 0.0, 829.5769333630991], [0.0, 1254.9860565800168, 467.1680561863987], [0.0, 0.0, 1.0]], [[796.8910634503094, 0.0, 857.7774326863696], [0.0, 796.8910634503094, 476.8848988407415], [0.0, 0.0, 1.0]], [[1249.9629280788233, 0.0, 825.3768045375984], [0.0, 1249.9629280788233, 462.54816385708756], [0.0, 0.0, 1.0]]], "extrinsics": [[[0.8192773461341858, -0.5733272433280945, -0.008976253680884838, -0.774169921875], [0.00742363091558218, 0.02625887282192707, -0.9996276497840881, 1.4901467561721802], [0.5733494162559509, 0.8189056515693665, 0.025769468396902084, -1.1810302734375], [0.0, 0.0, 0.0, 1.0]], [[0.0056217629462480545, -0.9997381567955017, -0.022180531173944473, 0.0130462646484375], [0.0093823978677392, 0.02223263867199421, -0.9997088313102722, 1.482184886932373], [0.9999402165412903, 0.005411963909864426, 0.009504927322268486, -1.50439453125], [0.0, 0.0, 0.0, 1.0]], [[-0.8458681702613831, -0.5329379439353943, -0.022005684673786163, 0.93988037109375], [0.017449937760829926, 0.013584989123046398, -0.9997554421424866, 1.496169090270996], [0.5331066250801086, -0.8460453152656555, -0.0021913759410381317, -1.17657470703125], [0.0, 0.0, 0.0, 1.0]], [[0.9479909539222717, 0.31829196214675903, 0.0018304490949958563, -1.12548828125], [-0.00773951830342412, 0.02879944071173668, -0.999555230140686, 1.5618743896484375], [-0.3182031810283661, 0.9475551843643188, 0.029765037819743156, -0.1629638671875], [0.0, 0.0, 0.0, 1.0]], [[0.010676387697458267, 0.999716579914093, 0.0212803166359663, -0.0302276611328125], [-0.005655643995851278, 0.021341560408473015, -0.9997562170028687, 1.5675668716430664], [-0.9999271035194397, 0.010553393512964249, 0.005881889723241329, -0.03448486328125], [0.0, 0.0, 0.0, 1.0]], [[-0.9227513670921326, 0.3853946626186371, 0.0008821137598715723, 1.03436279296875], [-0.0015357547672465444, -0.0013882076600566506, -0.9999978542327881, 1.5476090908050537], [-0.3853926360607147, -0.9227507710456848, 0.0018728418508544564, -0.09234619140625], [0.0, 0.0, 0.0, 1.0]]], "view": [[0.0, -2.0, 100.0], [-2.0, 0.0, 100.0], [0.0, 0.0, 1.0]], "bev": "bev_5aacbb1e09504b418ffcd6ceccc4b571.png", "aux": "aux_5aacbb1e09504b418ffcd6ceccc4b571.npz", "visibility": "visibility_5aacbb1e09504b418ffcd6ceccc4b571.png", "pose": [[0.7199661731719971, -0.6940091848373413, 0.0, 827.1220092773438], [0.6940091848373413, 0.7199661731719971, 0.0, 511.0575256347656], [0.0, 0.0, 1.0, 0.0], [0.0, 0.0, 0.0, 1.0]], "pose_inverse": [[0.7199661731719971, 0.6940091848373413, 0.0, -950.178466796875], [-0.6940091848373413, 0.7199661731719971, 0.0, 206.08612060546875], [0.0, 0.0, 1.0, 0.0], [0.0, 0.0, 0.0, 1.0]], "cam_ids": [0, 1, 2, 3, 4, 5], "cam_channels": ["CAM_FRONT_LEFT", "CAM_FRONT", "CAM_FRONT_RIGHT", "CAM_BACK_LEFT", "CAM_BACK", "CAM_BACK_RIGHT"], "token": "5aacbb1e09504b418ffcd6ceccc4b571", "scene": "scene-0580"}, {"images": ["samples/CAM_FRONT_LEFT/n008-2018-09-18-13-10-39-0400__CAM_FRONT_LEFT__1537291064254799.jpg", "samples/CAM_FRONT/n008-2018-09-18-13-10-39-0400__CAM_FRONT__1537291064262404.jpg", "samples/CAM_FRONT_RIGHT/n008-2018-09-18-13-10-39-0400__CAM_FRONT_RIGHT__1537291064270482.jpg", "samples/CAM_BACK_LEFT/n008-2018-09-18-13-10-39-0400__CAM_BACK_LEFT__1537291064297405.jpg", "samples/CAM_BACK/n008-2018-09-18-13-10-39-0400__CAM_BACK__1537291064287558.jpg", "samples/CAM_BACK_RIGHT/n008-2018-09-18-13-10-39-0400__CAM_BACK_RIGHT__1537291064278113.jpg"], "intrinsics": [[[1257.8625342125129, 0.0, 827.2410631095686], [0.0, 1257.8625342125129, 450.915498205774], [0.0, 0.0, 1.0]], [[1252.8131021185304, 0.0, 826.588114781398], [0.0, 1252.8131021185304, 469.9846626224581], [0.0, 0.0, 1.0]], [[1256.7485116440405, 0.0, 817.7887570959712], [0.0, 1256.7485116440403, 451.9541780095127], [0.0, 0.0, 1.0]], [[1254.9860565800168, 0.0, 829.5769333630991], [0.0, 1254.9860565800168, 467.1680561863987], [0.0, 0.0, 1.0]], [[796.8910634503094, 0.0, 857.7774326863696], [0.0, 796.8910634503094, 476.8848988407415], [0.0, 0.0, 1.0]], [[1249.9629280788233, 0.0, 825.3768045375984], [0.0, 1249.9629280788233, 462.54816385708756], [0.0, 0.0, 1.0]]], "extrinsics": [[[0.8198933601379395, -0.5724264979362488, -0.010138554498553276, -0.7470703125], [0.0083363251760602, 0.029643358662724495, -0.999525785446167, 1.4907361268997192], [0.5724555850028992, 0.8194200396537781, 0.02907632291316986, -1.15948486328125], [0.0, 0.0, 0.0, 1.0]], [[0.006450270768254995, -0.999660849571228, -0.025227315723896027, 0.011322021484375], [0.010536020621657372, 0.025294378399848938, -0.9996245503425598, 1.4827942848205566], [0.9999236464500427, 0.0061820149421691895, 0.010695604607462883, -1.47503662109375], [0.0, 0.0, 0.0, 1.0]], [[-0.8455294370651245, -0.5333641171455383, -0.02454621158540249, 0.9190673828125], [0.018765613436698914, 0.016258614137768745, -0.9996916651725769, 1.4968652725219727], [0.533598780632019, -0.8457294702529907, -0.003738234518095851, -1.16522216796875], [0.0, 0.0, 0.0, 1.0]], [[0.9479650855064392, 0.31835055351257324, 0.0038758355658501387, -1.12384033203125], [-0.005999935790896416, 0.03003528155386448, -0.9995307922363281, 1.5619020462036133], [-0.31831756234169006, 0.9474971294403076, 0.030382484197616577, -0.16326904296875], [0.0, 0.0, 0.0, 1.0]], [[0.010416435077786446, 0.9996796250343323, 0.02306709624826908, -0.0295257568359375], [-0.004177146591246128, 0.023111646994948387, -0.9997241497039795, 1.5676536560058594], [-0.9999370574951172, 0.010317170061171055, 0.004416550509631634, -0.0445556640625], [0.0, 0.0, 0.0, 1.0]], [[-0.9228994846343994, 0.38504067063331604, 0.0004929510178044438, 1.01800537109375], [-0.00016623690316919237, 0.0008818054338917136, -0.9999995827674866, 1.5477838516235352], [-0.38504090905189514, -0.9228991270065308, -0.0007498097838833928, -0.10040283203125], [0.0, 0.0, 0.0, 1.0]]], "view": [[0.0, -2.0, 100.0], [-2.0, 0.0, 100.0], [0.0, 0.0, 1.0]], "bev": "bev_d90bc92a64d947908b17c5746f3936e6.png", "aux": "aux_d90bc92a64d947908b17c5746f3936e6.npz", "visibility": "visibility_d90bc92a64d947908b17c5746f3936e6.png", "pose": [[0.6841221451759338, -0.7293674349784851, 0.0, 829.3833618164062], [0.7293674349784851, 0.6841221451759338, 0.0, 513.2772216796875], [0.0, 0.0, 1.0, 0.0], [0.0, 0.0, 0.0, 1.0]], "pose_inverse": [[0.6841221451759338, 0.7293674349784851, 0.0, -941.7672119140625], [-0.7293674349784851, 0.6841221451759338, 0.0, 253.78089904785156], [0.0, 0.0, 1.0, 0.0], [0.0, 0.0, 0.0, 1.0]], "cam_ids": [0, 1, 2, 3, 4, 5], "cam_channels": ["CAM_FRONT_LEFT", "CAM_FRONT", "CAM_FRONT_RIGHT", "CAM_BACK_LEFT", "CAM_BACK", "CAM_BACK_RIGHT"], "token": "d90bc92a64d947908b17c5746f3936e6", "scene": "scene-0580"}, {"images": ["samples/CAM_FRONT_LEFT/n008-2018-09-18-13-10-39-0400__CAM_FRONT_LEFT__1537291064754799.jpg", "samples/CAM_FRONT/n008-2018-09-18-13-10-39-0400__CAM_FRONT__1537291064762404.jpg", "samples/CAM_FRONT_RIGHT/n008-2018-09-18-13-10-39-0400__CAM_FRONT_RIGHT__1537291064770482.jpg", "samples/CAM_BACK_LEFT/n008-2018-09-18-13-10-39-0400__CAM_BACK_LEFT__1537291064797419.jpg", "samples/CAM_BACK/n008-2018-09-18-13-10-39-0400__CAM_BACK__1537291064787558.jpg", "samples/CAM_BACK_RIGHT/n008-2018-09-18-13-10-39-0400__CAM_BACK_RIGHT__1537291064778113.jpg"], "intrinsics": [[[1257.8625342125129, 0.0, 827.2410631095686], [0.0, 1257.8625342125129, 450.915498205774], [0.0, 0.0, 1.0]], [[1252.8131021185304, 0.0, 826.588114781398], [0.0, 1252.8131021185304, 469.9846626224581], [0.0, 0.0, 1.0]], [[1256.7485116440405, 0.0, 817.7887570959712], [0.0, 1256.7485116440403, 451.9541780095127], [0.0, 0.0, 1.0]], [[1254.9860565800168, 0.0, 829.5769333630991], [0.0, 1254.9860565800168, 467.1680561863987], [0.0, 0.0, 1.0]], [[796.8910634503094, 0.0, 857.7774326863696], [0.0, 796.8910634503094, 476.8848988407415], [0.0, 0.0, 1.0]], [[1249.9629280788233, 0.0, 825.3768045375984], [0.0, 1249.9629280788233, 462.54816385708756], [0.0, 0.0, 1.0]]], "extrinsics": [[[0.8218398690223694, -0.5697052478790283, -0.0038990129251033068, -0.72650146484375], [0.010085193440318108, 0.021390600129961967, -0.9997202754020691, 1.4915745258331299], [0.5696293711662292, 0.8215706944465637, 0.023325232788920403, -1.146209716796875], [0.0, 0.0, 0.0, 1.0]], [[0.009216818027198315, -0.9998081922531128, -0.01728113368153572, 0.011962890625], [0.01209702342748642, 0.01739208772778511, -0.9997755885124207, 1.4834742546081543], [0.9998843669891357, 0.00900566391646862, 0.012255001813173294, -1.45550537109375], [0.0, 0.0, 0.0, 1.0]], [[-0.8444092273712158, -0.5352571606636047, -0.021744098514318466, 0.90692138671875], [0.02016499824821949, 0.008801979012787342, -0.9997578859329224, 1.4974689483642578], [0.5353189706802368, -0.8446432948112488, 0.003360987873747945, -1.1575927734375], [0.0, 0.0, 0.0, 1.0]], [[0.9479089975357056, 0.31852805614471436, 0.002914195880293846, -1.12322998046875], [-0.005116811487823725, 0.0243732500821352, -0.9996898174285889, 1.5619239807128906], [-0.3185003101825714, 0.9476000070571899, 0.024733467027544975, -0.163330078125], [0.0, 0.0, 0.0, 1.0]], [[0.009600230492651463, 0.9998146891593933, 0.016686657443642616, -0.02911376953125], [-0.0030476099345833063, 0.016716603189706802, -0.9998555779457092, 1.5677552223205566], [-0.9999493360519409, 0.009547985158860683, 0.0032075275667011738, -0.0496826171875], [0.0, 0.0, 0.0, 1.0]], [[-0.9234339594841003, 0.3837423324584961, -0.0034041707403957844, 1.00927734375], [0.0011342487996444106, -0.006141362711787224, -0.9999804496765137, 1.5480091571807861], [-0.38375574350357056, -0.9234197735786438, 0.0052358838729560375, -0.10434722900390625], [0.0, 0.0, 0.0, 1.0]]], "view": [[0.0, -2.0, 100.0], [-2.0, 0.0, 100.0], [0.0, 0.0, 1.0]], "bev": "bev_a1cabf25bc244b00aee10a534cc0c55c.png", "aux": "aux_a1cabf25bc244b00aee10a534cc0c55c.npz", "visibility": "visibility_a1cabf25bc244b00aee10a534cc0c55c.png", "pose": [[0.6654821038246155, -0.7464138269424438, 0.0, 831.8424682617188], [0.7464138269424438, 0.6654821038246155, 0.0, 515.8984375], [0.0, 0.0, 1.0, 0.0], [0.0, 0.0, 0.0, 1.0]], "pose_inverse": [[0.6654821038246155, 0.7464138269424438, 0.0, -938.6499633789062], [-0.7464138269424438, 0.6654821038246155, 0.0, 277.5775451660156], [0.0, 0.0, 1.0, 0.0], [0.0, 0.0, 0.0, 1.0]], "cam_ids": [0, 1, 2, 3, 4, 5], "cam_channels": ["CAM_FRONT_LEFT", "CAM_FRONT", "CAM_FRONT_RIGHT", "CAM_BACK_LEFT", "CAM_BACK", "CAM_BACK_RIGHT"], "token": "a1cabf25bc244b00aee10a534cc0c55c", "scene": "scene-0580"}, {"images": ["samples/CAM_FRONT_LEFT/n008-2018-09-18-13-10-39-0400__CAM_FRONT_LEFT__1537291065254799.jpg", "samples/CAM_FRONT/n008-2018-09-18-13-10-39-0400__CAM_FRONT__1537291065262404.jpg", "samples/CAM_FRONT_RIGHT/n008-2018-09-18-13-10-39-0400__CAM_FRONT_RIGHT__1537291065270482.jpg", "samples/CAM_BACK_LEFT/n008-2018-09-18-13-10-39-0400__CAM_BACK_LEFT__1537291065297405.jpg", "samples/CAM_BACK/n008-2018-09-18-13-10-39-0400__CAM_BACK__1537291065287558.jpg", "samples/CAM_BACK_RIGHT/n008-2018-09-18-13-10-39-0400__CAM_BACK_RIGHT__1537291065278113.jpg"], "intrinsics": [[[1257.8625342125129, 0.0, 827.2410631095686], [0.0, 1257.8625342125129, 450.915498205774], [0.0, 0.0, 1.0]], [[1252.8131021185304, 0.0, 826.588114781398], [0.0, 1252.8131021185304, 469.9846626224581], [0.0, 0.0, 1.0]], [[1256.7485116440405, 0.0, 817.7887570959712], [0.0, 1256.7485116440403, 451.9541780095127], [0.0, 0.0, 1.0]], [[1254.9860565800168, 0.0, 829.5769333630991], [0.0, 1254.9860565800168, 467.1680561863987], [0.0, 0.0, 1.0]], [[796.8910634503094, 0.0, 857.7774326863696], [0.0, 796.8910634503094, 476.8848988407415], [0.0, 0.0, 1.0]], [[1249.9629280788233, 0.0, 825.3768045375984], [0.0, 1249.9629280788233, 462.54816385708756], [0.0, 0.0, 1.0]]], "extrinsics": [[[0.8222028613090515, -0.569189727306366, -0.0023584160953760147, -0.70513916015625], [0.012135814875364304, 0.02167254500091076, -0.9996914863586426, 1.4926700592041016], [0.5690652132034302, 0.8219205141067505, 0.024726809933781624, -1.12786865234375], [0.0, 0.0, 0.0, 1.0]], [[0.00982726737856865, -0.9997978210449219, -0.01753794029355049, 0.009857177734375], [0.014061789959669113, 0.01767522655427456, -0.9997448921203613, 1.4843902587890625], [0.9998527765274048, 0.009578038938343525, 0.014232647605240345, -1.432373046875], [0.0, 0.0, 0.0, 1.0]], [[-0.8440836668014526, -0.5356943607330322, -0.023542700335383415, 0.89105224609375], [0.0221021119505167, 0.009109562262892723, -0.999714195728302, 1.4983062744140625], [0.5357557535171509, -0.8443627953529358, 0.004150744061917067, -1.1494140625], [0.0, 0.0, 0.0, 1.0]], [[0.9478813409805298, 0.31858858466148376, 0.004720637574791908, -1.1260986328125], [-0.003340858267620206, 0.024752620607614517, -0.9996880292892456, 1.5619783401489258], [-0.3186059892177582, 0.9475698471069336, 0.02452690526843071, -0.16217041015625], [0.0, 0.0, 0.0, 1.0]], [[0.00929917860776186, 0.999811589717865, 0.017042972147464752, -0.02850341796875], [-0.00116808305028826, 0.017054559662938118, -0.9998538494110107, 1.5679354667663574], [-0.9999561309814453, 0.009277933277189732, 0.0013264556182548404, -0.0546875], [0.0, 0.0, 0.0, 1.0]], [[-0.9236037731170654, 0.38331469893455505, -0.00509724672883749, 0.99798583984375], [0.0031028869561851025, -0.005821061786264181, -0.999978244304657, 1.5483622550964355], [-0.38333597779273987, -0.9235994815826416, 0.004186972975730896, -0.11014556884765625], [0.0, 0.0, 0.0, 1.0]]], "view": [[0.0, -2.0, 100.0], [-2.0, 0.0, 100.0], [0.0, 0.0, 1.0]], "bev": "bev_bfd9b93c1d9e4838901ba68170b43388.png", "aux": "aux_bfd9b93c1d9e4838901ba68170b43388.npz", "visibility": "visibility_bfd9b93c1d9e4838901ba68170b43388.png", "pose": [[0.6559894680976868, -0.754770040512085, 0.0, 834.47021484375], [0.754770040512085, 0.6559894680976868, 0.0, 518.8364868164062], [0.0, 0.0, 1.0, 0.0], [0.0, 0.0, 0.0, 1.0]], "pose_inverse": [[0.6559894680976868, 0.754770040512085, 0.0, -939.0059204101562], [-0.754770040512085, 0.6559894680976868, 0.0, 289.4818420410156], [0.0, 0.0, 1.0, 0.0], [0.0, 0.0, 0.0, 1.0]], "cam_ids": [0, 1, 2, 3, 4, 5], "cam_channels": ["CAM_FRONT_LEFT", "CAM_FRONT", "CAM_FRONT_RIGHT", "CAM_BACK_LEFT", "CAM_BACK", "CAM_BACK_RIGHT"], "token": "bfd9b93c1d9e4838901ba68170b43388", "scene": "scene-0580"}, {"images": ["samples/CAM_FRONT_LEFT/n008-2018-09-18-13-10-39-0400__CAM_FRONT_LEFT__1537291065754799.jpg", "samples/CAM_FRONT/n008-2018-09-18-13-10-39-0400__CAM_FRONT__1537291065762404.jpg", "samples/CAM_FRONT_RIGHT/n008-2018-09-18-13-10-39-0400__CAM_FRONT_RIGHT__1537291065770482.jpg", "samples/CAM_BACK_LEFT/n008-2018-09-18-13-10-39-0400__CAM_BACK_LEFT__1537291065797405.jpg", "samples/CAM_BACK/n008-2018-09-18-13-10-39-0400__CAM_BACK__1537291065787558.jpg", "samples/CAM_BACK_RIGHT/n008-2018-09-18-13-10-39-0400__CAM_BACK_RIGHT__1537291065778113.jpg"], "intrinsics": [[[1257.8625342125129, 0.0, 827.2410631095686], [0.0, 1257.8625342125129, 450.915498205774], [0.0, 0.0, 1.0]], [[1252.8131021185304, 0.0, 826.588114781398], [0.0, 1252.8131021185304, 469.9846626224581], [0.0, 0.0, 1.0]], [[1256.7485116440405, 0.0, 817.7887570959712], [0.0, 1256.7485116440403, 451.9541780095127], [0.0, 0.0, 1.0]], [[1254.9860565800168, 0.0, 829.5769333630991], [0.0, 1254.9860565800168, 467.1680561863987], [0.0, 0.0, 1.0]], [[796.8910634503094, 0.0, 857.7774326863696], [0.0, 796.8910634503094, 476.8848988407415], [0.0, 0.0, 1.0]], [[1249.9629280788233, 0.0, 825.3768045375984], [0.0, 1249.9629280788233, 462.54816385708756], [0.0, 0.0, 1.0]]], "extrinsics": [[[0.8224273920059204, -0.5687566995620728, -0.011363753117620945, -0.68792724609375], [0.003610375802963972, 0.02519415318965912, -0.9996760487556458, 1.4896116256713867], [0.568858802318573, 0.8221198916435242, 0.022773783653974533, -1.117401123046875], [0.0, 0.0, 0.0, 1.0]], [[0.010024764575064182, -0.9997259974479675, -0.021151192486286163, 0.010650634765625], [0.005466838832944632, 0.021206732839345932, -0.9997602105140686, 1.4818589687347412], [0.9999347925186157, 0.009906790219247341, 0.0056779347360134125, -1.41668701171875], [0.0, 0.0, 0.0, 1.0]], [[-0.8441359400749207, -0.5358203053474426, -0.01819409616291523, 0.8818359375], [0.013494553975760937, 0.012690325267612934, -0.9998283982276917, 1.4964032173156738], [0.5359593629837036, -0.8442367315292358, -0.003481704741716385, -1.14306640625], [0.0, 0.0, 0.0, 1.0]], [[0.9478719830513, 0.3186456859111786, -0.0019125703256577253, -1.13018798828125], [-0.011597740463912487, 0.028500333428382874, -0.9995265007019043, 1.5618743896484375], [-0.31844037771224976, 0.947445273399353, 0.030710237100720406, -0.16070556640625], [0.0, 0.0, 0.0, 1.0]], [[0.009361219592392445, 0.9997416138648987, 0.020713290199637413, -0.028472900390625], [-0.009746033698320389, 0.020804431289434433, -0.9997360706329346, 1.567072868347168], [-0.9999087452888489, 0.009156924672424793, 0.009938270784914494, -0.055908203125], [0.0, 0.0, 0.0, 1.0]], [[-0.9236583709716797, 0.38319361209869385, 0.004228672478348017, 0.9915771484375], [-0.005477841477841139, -0.0021687608677893877, -0.9999826550483704, 1.5468144416809082], [-0.3831777572631836, -0.9236655235290527, 0.004102267790585756, -0.11260223388671875], [0.0, 0.0, 0.0, 1.0]]], "view": [[0.0, -2.0, 100.0], [-2.0, 0.0, 100.0], [0.0, 0.0, 1.0]], "bev": "bev_a92a10d2f25a4d0180045c2c18de230e.png", "aux": "aux_a92a10d2f25a4d0180045c2c18de230e.npz", "visibility": "visibility_a92a10d2f25a4d0180045c2c18de230e.png", "pose": [[0.6538740396499634, -0.7566034197807312, 0.0, 837.2510375976562], [0.7566034197807312, 0.6538740396499634, 0.0, 521.9932250976562], [0.0, 0.0, 1.0, 0.0], [0.0, 0.0, 0.0, 1.0]], "pose_inverse": [[0.6538740396499634, 0.7566034197807312, 0.0, -942.3985595703125], [-0.7566034197807312, 0.6538740396499634, 0.0, 292.149169921875], [0.0, 0.0, 1.0, 0.0], [0.0, 0.0, 0.0, 1.0]], "cam_ids": [0, 1, 2, 3, 4, 5], "cam_channels": ["CAM_FRONT_LEFT", "CAM_FRONT", "CAM_FRONT_RIGHT", "CAM_BACK_LEFT", "CAM_BACK", "CAM_BACK_RIGHT"], "token": "a92a10d2f25a4d0180045c2c18de230e", "scene": "scene-0580"}, {"images": ["samples/CAM_FRONT_LEFT/n008-2018-09-18-13-10-39-0400__CAM_FRONT_LEFT__1537291066254799.jpg", "samples/CAM_FRONT/n008-2018-09-18-13-10-39-0400__CAM_FRONT__1537291066262404.jpg", "samples/CAM_FRONT_RIGHT/n008-2018-09-18-13-10-39-0400__CAM_FRONT_RIGHT__1537291066270482.jpg", "samples/CAM_BACK_LEFT/n008-2018-09-18-13-10-39-0400__CAM_BACK_LEFT__1537291066297405.jpg", "samples/CAM_BACK/n008-2018-09-18-13-10-39-0400__CAM_BACK__1537291066287573.jpg", "samples/CAM_BACK_RIGHT/n008-2018-09-18-13-10-39-0400__CAM_BACK_RIGHT__1537291066278113.jpg"], "intrinsics": [[[1257.8625342125129, 0.0, 827.2410631095686], [0.0, 1257.8625342125129, 450.915498205774], [0.0, 0.0, 1.0]], [[1252.8131021185304, 0.0, 826.588114781398], [0.0, 1252.8131021185304, 469.9846626224581], [0.0, 0.0, 1.0]], [[1256.7485116440405, 0.0, 817.7887570959712], [0.0, 1256.7485116440403, 451.9541780095127], [0.0, 0.0, 1.0]], [[1254.9860565800168, 0.0, 829.5769333630991], [0.0, 1254.9860565800168, 467.1680561863987], [0.0, 0.0, 1.0]], [[796.8910634503094, 0.0, 857.7774326863696], [0.0, 796.8910634503094, 476.8848988407415], [0.0, 0.0, 1.0]], [[1249.9629280788233, 0.0, 825.3768045375984], [0.0, 1249.9629280788233, 462.54816385708756], [0.0, 0.0, 1.0]]], "extrinsics": [[[0.8224205374717712, -0.5688409209251404, -0.006679517682641745, -0.675537109375], [0.01076394971460104, 0.027299612760543823, -0.9995693564414978, 1.4925003051757812], [0.5687782168388367, 0.821994423866272, 0.028574734926223755, -1.109222412109375], [0.0, 0.0, 0.0, 1.0]], [[0.009951448068022728, -0.9996864199638367, -0.022979119792580605, 0.010833740234375], [0.01242340262979269, 0.023102089762687683, -0.9996559619903564, 1.4841947555541992], [0.9998733401298523, 0.00966259092092514, 0.012649405747652054, -1.4063720703125], [0.0, 0.0, 0.0, 1.0]], [[-0.8441718816757202, -0.5355045795440674, -0.024673404172062874, 0.87689208984375], [0.020136741921305656, 0.014317340217530727, -0.9996947050094604, 1.4981689453125], [0.5356943011283875, -0.8444110751152039, -0.0013029801193624735, -1.140380859375], [0.0, 0.0, 0.0, 1.0]], [[0.9478787779808044, 0.3186141848564148, 0.0033123467583209276, -1.13519287109375], [-0.006320212502032518, 0.02919413149356842, -0.9995537400245667, 1.5619831085205078], [-0.3185686469078064, 0.9474347829818726, 0.029686205089092255, -0.1590576171875], [0.0, 0.0, 0.0, 1.0]], [[0.009450598619878292, 0.999718964099884, 0.0217427164316177