[{"images": ["samples/CAM_FRONT_LEFT/n008-2018-08-28-16-16-48-0400__CAM_FRONT_LEFT__1535487842854799.jpg", "samples/CAM_FRONT/n008-2018-08-28-16-16-48-0400__CAM_FRONT__1535487842862404.jpg", "samples/CAM_FRONT_RIGHT/n008-2018-08-28-16-16-48-0400__CAM_FRONT_RIGHT__1535487842870482.jpg", "samples/CAM_BACK_LEFT/n008-2018-08-28-16-16-48-0400__CAM_BACK_LEFT__1535487842897405.jpg", "samples/CAM_BACK/n008-2018-08-28-16-16-48-0400__CAM_BACK__1535487842887558.jpg", "samples/CAM_BACK_RIGHT/n008-2018-08-28-16-16-48-0400__CAM_BACK_RIGHT__1535487842878113.jpg"], "intrinsics": [[[1257.8625342125129, 0.0, 827.2410631095686], [0.0, 1257.8625342125129, 450.915498205774], [0.0, 0.0, 1.0]], [[1252.8131021185304, 0.0, 826.588114781398], [0.0, 1252.8131021185304, 469.9846626224581], [0.0, 0.0, 1.0]], [[1256.7485116440405, 0.0, 817.7887570959712], [0.0, 1256.7485116440403, 451.9541780095127], [0.0, 0.0, 1.0]], [[1254.9860565800168, 0.0, 829.5769333630991], [0.0, 1254.9860565800168, 467.1680561863987], [0.0, 0.0, 1.0]], [[796.8910634503094, 0.0, 857.7774326863696], [0.0, 796.8910634503094, 476.8848988407415], [0.0, 0.0, 1.0]], [[1249.9629280788233, 0.0, 825.3768045375984], [0.0, 1249.9629280788233, 462.54816385708756], [0.0, 0.0, 1.0]]], "extrinsics": [[[0.8227100968360901, -0.5684165358543396, -0.007119433023035526, -0.766845703125], [0.01992972195148468, 0.04135753959417343, -0.9989455938339233, 1.4937362670898438], [0.5681115984916687, 0.8217007517814636, 0.04535365104675293, -1.176025390625], [0.0, 0.0, 0.0, 1.0]], [[0.01074153557419777, -0.9992601871490479, -0.03692883625626564, 0.0130615234375], [0.02199258841574192, 0.037158116698265076, -0.9990673661231995, 1.4851226806640625], [0.9997004866600037, 0.009919324889779091, 0.022375451400876045, -1.500823974609375], [0.0, 0.0, 0.0, 1.0]], [[-0.8435436487197876, -0.5355228781700134, -0.04061238467693329, 0.941162109375], [0.030089158564805984, 0.02837621420621872, -0.9991443157196045, 1.4983711242675781], [0.5362170934677124, -0.8440439105033875, -0.007823142223060131, -1.177734375], [0.0, 0.0, 0.0, 1.0]], [[0.9478289484977722, 0.3182796239852905, 0.01784362457692623, -1.14434814453125], [0.004292482044547796, 0.04322690889239311, -0.9990560412406921, 1.5620346069335938], [-0.3187505006790161, 0.9470108151435852, 0.039605505764484406, -0.1558837890625], [0.0, 0.0, 0.0, 1.0]], [[0.00896129384636879, 0.9993165135383606, 0.03586212918162346, -0.0296630859375], [0.006724422797560692, 0.035802531987428665, -0.9993361830711365, 1.5684471130371094], [-0.9999372363090515, 0.009196503087878227, -0.006398987490683794, -0.020965576171875], [0.0, 0.0, 0.0, 1.0]], [[-0.9236969947814941, 0.3830888271331787, -0.00515660410746932, 1.0408935546875], [0.011062528006732464, 0.013215175829827785, -0.9998515248298645, 1.5491943359375], [-0.3829638361930847, -0.9236169457435608, -0.016444748267531395, -0.09033203125], [0.0, 0.0, 0.0, 1.0]]], "view": [[0.0, -2.0, 100.0], [-2.0, 0.0, 100.0], [0.0, 0.0, 1.0]], "bev": "bev_85231ec4a7724c01903e57abda17b739.png", "aux": "aux_85231ec4a7724c01903e57abda17b739.npz", "visibility": "visibility_85231ec4a7724c01903e57abda17b739.png", "pose": [[-0.8229098320007324, -0.5681719779968262, 0.0, 1217.0357666015625], [0.5681719779968262, -0.8229098320007324, 0.0, 1111.5277099609375], [0.0, 0.0, 1.0, 0.0], [0.0, 0.0, 0.0, 1.0]], "pose_inverse": [[-0.8229098320007324, 0.5681719779968262, 0.0, 369.9718017578125], [-0.5681719779968262, -0.8229098320007324, 0.0, 1606.1727294921875], [0.0, 0.0, 1.0, 0.0], [0.0, 0.0, 0.0, 1.0]], "cam_ids": [0, 1, 2, 3, 4, 5], "cam_channels": ["CAM_FRONT_LEFT", "CAM_FRONT", "CAM_FRONT_RIGHT", "CAM_BACK_LEFT", "CAM_BACK", "CAM_BACK_RIGHT"], "token": "85231ec4a7724c01903e57abda17b739", "scene": "scene-0673"}, {"images": ["samples/CAM_FRONT_LEFT/n008-2018-08-28-16-16-48-0400__CAM_FRONT_LEFT__1535487843354799.jpg", "samples/CAM_FRONT/n008-2018-08-28-16-16-48-0400__CAM_FRONT__1535487843362404.jpg", "samples/CAM_FRONT_RIGHT/n008-2018-08-28-16-16-48-0400__CAM_FRONT_RIGHT__1535487843370482.jpg", "samples/CAM_BACK_LEFT/n008-2018-08-28-16-16-48-0400__CAM_BACK_LEFT__1535487843397405.jpg", "samples/CAM_BACK/n008-2018-08-28-16-16-48-0400__CAM_BACK__1535487843387558.jpg", "samples/CAM_BACK_RIGHT/n008-2018-08-28-16-16-48-0400__CAM_BACK_RIGHT__1535487843378113.jpg"], "intrinsics": [[[1257.8625342125129, 0.0, 827.2410631095686], [0.0, 1257.8625342125129, 450.915498205774], [0.0, 0.0, 1.0]], [[1252.8131021185304, 0.0, 826.588114781398], [0.0, 1252.8131021185304, 469.9846626224581], [0.0, 0.0, 1.0]], [[1256.7485116440405, 0.0, 817.7887570959712], [0.0, 1256.7485116440403, 451.9541780095127], [0.0, 0.0, 1.0]], [[1254.9860565800168, 0.0, 829.5769333630991], [0.0, 1254.9860565800168, 467.1680561863987], [0.0, 0.0, 1.0]], [[796.8910634503094, 0.0, 857.7774326863696], [0.0, 796.8910634503094, 476.8848988407415], [0.0, 0.0, 1.0]], [[1249.9629280788233, 0.0, 825.3768045375984], [0.0, 1249.9629280788233, 462.54816385708756], [0.0, 0.0, 1.0]]], "extrinsics": [[[0.8224916458129883, -0.5687463879585266, -0.005939377471804619, -0.780029296875], [0.02066352777183056, 0.04031474143266678, -0.9989733099937439, 1.4938278198242188], [0.5684018731117249, 0.8215245008468628, 0.04491083696484566, -1.1806640625], [0.0, 0.0, 0.0, 1.0]], [[0.010358447209000587, -0.9992976784706116, -0.03601301088929176, 0.0091552734375], [0.02262883447110653, 0.03623998165130615, -0.9990869164466858, 1.4851760864257812], [0.9996902346611023, 0.00953397061675787, 0.0229883324354887, -1.51129150390625], [0.0, 0.0, 0.0, 1.0]], [[-0.8437023162841797, -0.5352667570114136, -0.040693048387765884, 0.94677734375], [0.030673924833536148, 0.02761000208556652, -0.9991480112075806, 1.4982948303222656], [0.5359342694282532, -0.8442317843437195, -0.006875892169773579, -1.18505859375], [0.0, 0.0, 0.0, 1.0]], [[0.9478091597557068, 0.31829869747161865, 0.018539130687713623, -1.1485595703125], [0.005097510293126106, 0.04301074519753456, -0.9990615844726562, 1.5620193481445312], [-0.3187974989414215, 0.9470142722129822, 0.03914344310760498, -0.154541015625], [0.0, 0.0, 0.0, 1.0]], [[0.009057891555130482, 0.9993296265602112, 0.035470832139253616, -0.0284423828125], [0.0074312626384198666, 0.035404037684202194, -0.9993454217910767, 1.5684928894042969], [-0.9999314546585083, 0.009315583854913712, -0.007105596363544464, -0.015167236328125], [0.0, 0.0, 0.0, 1.0]], [[-0.9236004948616028, 0.38331106305122375, -0.005893195513635874, 1.04852294921875], [0.011626199819147587, 0.012641525827348232, -0.9998524785041809, 1.5492115020751953], [-0.38317999243736267, -0.9235328435897827, -0.0161321721971035, -0.08935546875], [0.0, 0.0, 0.0, 1.0]]], "view": [[0.0, -2.0, 100.0], [-2.0, 0.0, 100.0], [0.0, 0.0, 1.0]], "bev": "bev_e7ce7b97daab450db91e10c583466832.png", "aux": "aux_e7ce7b97daab450db91e10c583466832.npz", "visibility": "visibility_e7ce7b97daab450db91e10c583466832.png", "pose": [[-0.8210647702217102, -0.5708350539207458, 0.0, 1214.3614501953125], [0.5708350539207458, -0.8210647702217102, 0.0, 1113.44091796875], [0.0, 0.0, 1.0, 0.0], [0.0, 0.0, 0.0, 1.0]], "pose_inverse": [[-0.8210647702217102, 0.5708350539207458, 0.0, 361.47833251953125], [-0.5708350539207458, -0.8210647702217102, 0.0, 1607.4072265625], [0.0, 0.0, 1.0, 0.0], [0.0, 0.0, 0.0, 1.0]], "cam_ids": [0, 1, 2, 3, 4, 5], "cam_channels": ["CAM_FRONT_LEFT", "CAM_FRONT", "CAM_FRONT_RIGHT", "CAM_BACK_LEFT", "CAM_BACK", "CAM_BACK_RIGHT"], "token": "e7ce7b97daab450db91e10c583466832", "scene": "scene-0673"}, {"images": ["samples/CAM_FRONT_LEFT/n008-2018-08-28-16-16-48-0400__CAM_FRONT_LEFT__1535487843854799.jpg", "samples/CAM_FRONT/n008-2018-08-28-16-16-48-0400__CAM_FRONT__1535487843862404.jpg", "samples/CAM_FRONT_RIGHT/n008-2018-08-28-16-16-48-0400__CAM_FRONT_RIGHT__1535487843870482.jpg", "samples/CAM_BACK_LEFT/n008-2018-08-28-16-16-48-0400__CAM_BACK_LEFT__1535487843897405.jpg", "samples/CAM_BACK/n008-2018-08-28-16-16-48-0400__CAM_BACK__1535487843887558.jpg", "samples/CAM_BACK_RIGHT/n008-2018-08-28-16-16-48-0400__CAM_BACK_RIGHT__1535487843878113.jpg"], "intrinsics": [[[1257.8625342125129, 0.0, 827.2410631095686], [0.0, 1257.8625342125129, 450.915498205774], [0.0, 0.0, 1.0]], [[1252.8131021185304, 0.0, 826.588114781398], [0.0, 1252.8131021185304, 469.9846626224581], [0.0, 0.0, 1.0]], [[1256.7485116440405, 0.0, 817.7887570959712], [0.0, 1256.7485116440403, 451.9541780095127], [0.0, 0.0, 1.0]], [[1254.9860565800168, 0.0, 829.5769333630991], [0.0, 1254.9860565800168, 467.1680561863987], [0.0, 0.0, 1.0]], [[796.8910634503094, 0.0, 857.7774326863696], [0.0, 796.8910634503094, 476.8848988407415], [0.0, 0.0, 1.0]], [[1249.9629280788233, 0.0, 825.3768045375984], [0.0, 1249.9629280788233, 462.54816385708756], [0.0, 0.0, 1.0]]], "extrinsics": [[[0.8226179480552673, -0.5685456395149231, -0.007454532198607922, -0.802978515625], [0.018300892785191536, 0.03957832604646683, -0.9990488886833191, 1.492645263671875], [0.5682999491691589, 0.8216990828514099, 0.04296273738145828, -1.197265625], [0.0, 0.0, 0.0, 1.0]], [[0.010503232479095459, -0.9993255138397217, -0.03518791124224663, 0.0096435546875], [0.02039547637104988, 0.03539662808179855, -0.9991652369499207, 1.484130859375], [0.9997368454933167, 0.009776730090379715, 0.020753497257828712, -1.5361328125], [0.0, 0.0, 0.0, 1.0]], [[-0.8436897993087769, -0.5354563593864441, -0.038391582667827606, 0.963623046875], [0.028553960844874382, 0.026653142645955086, -0.9992368817329407, 1.4973487854003906], [0.5360710620880127, -0.8441421985626221, -0.007197583094239235, -1.1951904296875], [0.0, 0.0, 0.0, 1.0]], [[0.9478334784507751, 0.3183257281780243, 0.016741126775741577, -1.14886474609375], [0.0035912329331040382, 0.04185165464878082, -0.999117374420166, 1.5620269775390625], [-0.318745493888855, 0.9470570683479309, 0.03852522000670433, -0.154296875], [0.0, 0.0, 0.0, 1.0]], [[0.009048706851899624, 0.9993694424629211, 0.03433467075228691, -0.02880859375], [0.0055566574446856976, 0.0342852920293808, -0.9993966221809387, 1.568328857421875], [-0.9999436140060425, 0.009234072640538216, -0.005242915358394384, -0.007598876953125], [0.0, 0.0, 0.0, 1.0]], [[-0.9236619472503662, 0.38318225741386414, -0.00444188853725791, 1.0616455078125], [0.009611135348677635, 0.011576882563531399, -0.9998868107795715, 1.548828125], [-0.3830874562263489, -0.9236001968383789, -0.014375943690538406, -0.0836181640625], [0.0, 0.0, 0.0, 1.0]]], "view": [[0.0, -2.0, 100.0], [-2.0, 0.0, 100.0], [0.0, 0.0, 1.0]], "bev": "bev_37862e2bfc2044a39a448742613546a7.png", "aux": "aux_37862e2bfc2044a39a448742613546a7.npz", "visibility": "visibility_37862e2bfc2044a39a448742613546a7.png", "pose": [[-0.8182204961776733, -0.5749045014381409, 0.0, 1211.8848876953125], [0.5749045014381409, -0.8182204961776733, 0.0, 1115.2437744140625], [0.0, 0.0, 1.0, 0.0], [0.0, 0.0, 0.0, 1.0]], "pose_inverse": [[-0.8182204961776733, 0.5749045014381409, 0.0, 350.4303894042969], [-0.5749045014381409, -0.8182204961776733, 0.0, 1609.2333984375], [0.0, 0.0, 1.0, 0.0], [0.0, 0.0, 0.0, 1.0]], "cam_ids": [0, 1, 2, 3, 4, 5], "cam_channels": ["CAM_FRONT_LEFT", "CAM_FRONT", "CAM_FRONT_RIGHT", "CAM_BACK_LEFT", "CAM_BACK", "CAM_BACK_RIGHT"], "token": "37862e2bfc2044a39a448742613546a7", "scene": "scene-0673"}, {"images": ["samples/CAM_FRONT_LEFT/n008-2018-08-28-16-16-48-0400__CAM_FRONT_LEFT__1535487844404799.jpg", "samples/CAM_FRONT/n008-2018-08-28-16-16-48-0400__CAM_FRONT__1535487844412404.jpg", "samples/CAM_FRONT_RIGHT/n008-2018-08-28-16-16-48-0400__CAM_FRONT_RIGHT__1535487844420520.jpg", "samples/CAM_BACK_LEFT/n008-2018-08-28-16-16-48-0400__CAM_BACK_LEFT__1535487844447405.jpg", "samples/CAM_BACK/n008-2018-08-28-16-16-48-0400__CAM_BACK__1535487844437612.jpg", "samples/CAM_BACK_RIGHT/n008-2018-08-28-16-16-48-0400__CAM_BACK_RIGHT__1535487844428113.jpg"], "intrinsics": [[[1257.8625342125129, 0.0, 827.2410631095686], [0.0, 1257.8625342125129, 450.915498205774], [0.0, 0.0, 1.0]], [[1252.8131021185304, 0.0, 826.588114781398], [0.0, 1252.8131021185304, 469.9846626224581], [0.0, 0.0, 1.0]], [[1256.7485116440405, 0.0, 817.7887570959712], [0.0, 1256.7485116440403, 451.9541780095127], [0.0, 0.0, 1.0]], [[1254.9860565800168, 0.0, 829.5769333630991], [0.0, 1254.9860565800168, 467.1680561863987], [0.0, 0.0, 1.0]], [[796.8910634503094, 0.0, 857.7774326863696], [0.0, 796.8910634503094, 476.8848988407415], [0.0, 0.0, 1.0]], [[1249.9629280788233, 0.0, 825.3768045375984], [0.0, 1249.9629280788233, 462.54816385708756], [0.0, 0.0, 1.0]]], "extrinsics": [[[0.8228859901428223, -0.5682039260864258, -0.0017583363223820925, -0.80096435546875], [0.024729371070861816, 0.038904912769794464, -0.9989368915557861, 1.4941558837890625], [0.5676681995391846, 0.8219676613807678, 0.04606563225388527, -1.1986083984375], [0.0, 0.0, 0.0, 1.0]], [[0.011082158423960209, -0.9993460774421692, -0.03441932424902916, 0.0118408203125], [0.02660646103322506, 0.034703951328992844, -0.9990434050559998, 1.4853363037109375], [0.9995845556259155, 0.010155807249248028, 0.026973657310009003, -1.5352783203125], [0.0, 0.0, 0.0, 1.0]], [[-0.8432949185371399, -0.5357236862182617, -0.04305652156472206, 0.9642333984375], [0.03454393520951271, 0.02591937966644764, -0.9990670084953308, 1.49822998046875], [0.5363398790359497, -0.8439954519271851, -0.003351677907630801, -1.193603515625], [0.0, 0.0, 0.0, 1.0]], [[0.9477412700653076, 0.318307489156723, 0.021607618778944016, -1.14776611328125], [0.009092926047742367, 0.04075001925230026, -0.999127984046936, 1.56201171875], [-0.3189104497432709, 0.9471112489700317, 0.03572612628340721, -0.1546630859375], [0.0, 0.0, 0.0, 1.0]], [[0.008775865659117699, 0.9994028806686401, 0.033419426530599594, -0.0294189453125], [0.011382335796952248, 0.033318713307380676, -0.9993799328804016, 1.5686264038085938], [-0.9998967051506042, 0.009150839410722256, -0.011083140969276428, -0.0081787109375], [0.0, 0.0, 0.0, 1.0]], [[-0.9236934185028076, 0.38299861550331116, -0.010129207745194435, 1.06072998046875], [0.015425235033035278, 0.010759228840470314, -0.9998230934143066, 1.5494422912597656], [-0.3828219175338745, -0.9236863255500793, -0.015846071764826775, -0.0826416015625], [0.0, 0.0, 0.0, 1.0]]], "view": [[0.0, -2.0, 100.0], [-2.0, 0.0, 100.0], [0.0, 0.0, 1.0]], "bev": "bev_c2c854ea33c6449d9ae8f39420a28c94.png", "aux": "aux_c2c854ea33c6449d9ae8f39420a28c94.npz", "visibility": "visibility_c2c854ea33c6449d9ae8f39420a28c94.png", "pose": [[-0.815522313117981, -0.5787256956100464, 0.0, 1209.2005615234375], [0.5787256956100464, -0.815522313117981, 0.0, 1117.1956787109375], [0.0, 0.0, 1.0, 0.0], [0.0, 0.0, 0.0, 1.0]], "pose_inverse": [[-0.815522313117981, 0.5787256956100464, 0.0, 339.5802001953125], [-0.5787256956100464, -0.815522313117981, 0.0, 1610.8934326171875], [0.0, 0.0, 1.0, 0.0], [0.0, 0.0, 0.0, 1.0]], "cam_ids": [0, 1, 2, 3, 4, 5], "cam_channels": ["CAM_FRONT_LEFT", "CAM_FRONT", "CAM_FRONT_RIGHT", "CAM_BACK_LEFT", "CAM_BACK", "CAM_BACK_RIGHT"], "token": "c2c854ea33c6449d9ae8f39420a28c94", "scene": "scene-0673"}, {"images": ["samples/CAM_FRONT_LEFT/n008-2018-08-28-16-16-48-0400__CAM_FRONT_LEFT__1535487844904799.jpg", "samples/CAM_FRONT/n008-2018-08-28-16-16-48-0400__CAM_FRONT__1535487844912404.jpg", "samples/CAM_FRONT_RIGHT/n008-2018-08-28-16-16-48-0400__CAM_FRONT_RIGHT__1535487844920482.jpg", "samples/CAM_BACK_LEFT/n008-2018-08-28-16-16-48-0400__CAM_BACK_LEFT__1535487844947405.jpg", "samples/CAM_BACK/n008-2018-08-28-16-16-48-0400__CAM_BACK__1535487844937558.jpg", "samples/CAM_BACK_RIGHT/n008-2018-08-28-16-16-48-0400__CAM_BACK_RIGHT__1535487844928542.jpg"], "intrinsics": [[[1257.8625342125129, 0.0, 827.2410631095686], [0.0, 1257.8625342125129, 450.915498205774], [0.0, 0.0, 1.0]], [[1252.8131021185304, 0.0, 826.588114781398], [0.0, 1252.8131021185304, 469.9846626224581], [0.0, 0.0, 1.0]], [[1256.7485116440405, 0.0, 817.7887570959712], [0.0, 1256.7485116440403, 451.9541780095127], [0.0, 0.0, 1.0]], [[1254.9860565800168, 0.0, 829.5769333630991], [0.0, 1254.9860565800168, 467.1680561863987], [0.0, 0.0, 1.0]], [[796.8910634503094, 0.0, 857.7774326863696], [0.0, 796.8910634503094, 476.8848988407415], [0.0, 0.0, 1.0]], [[1249.9629280788233, 0.0, 825.3768045375984], [0.0, 1249.9629280788233, 462.54816385708756], [0.0, 0.0, 1.0]]], "extrinsics": [[[0.8225862383842468, -0.5686231255531311, -0.004432165529578924, -0.8040771484375], [0.02037065289914608, 0.03725628927350044, -0.9990980625152588, 1.4932327270507812], [0.5682754516601562, 0.8217540979385376, 0.04222973808646202, -1.195556640625], [0.0, 0.0, 0.0, 1.0]], [[0.010526949539780617, -0.9994015693664551, -0.03294754400849342, 0.0079345703125], [0.022288629785180092, 0.03317570313811302, -0.9992009997367859, 1.4845962524414062], [0.9996961355209351, 0.00978418905287981, 0.022624529898166656, -1.534942626953125], [0.0, 0.0, 0.0, 1.0]], [[-0.843635618686676, -0.5355198979377747, -0.03869600221514702, 0.9617919921875], [0.030269823968410492, 0.024518104270100594, -0.9992409944534302, 1.4976921081542969], [0.5360622406005859, -0.84416663646698, -0.004474255256354809, -1.1951904296875], [0.0, 0.0, 0.0, 1.0]], [[0.9478124380111694, 0.31836628913879395, 0.017162978649139404, -1.14556884765625], [0.004705448634922504, 0.03985745087265968, -0.999194324016571, 1.5620269775390625], [-0.3187938630580902, 0.947129487991333, 0.036279331892728806, -0.1556396484375], [0.0, 0.0, 0.0, 1.0]], [[0.009009036235511303, 0.999437153339386, 0.032313521951436996, -0.0284423828125], [0.00688224146142602, 0.03225209563970566, -0.9994560480117798, 1.5684318542480469], [-0.9999356865882874, 0.009226527065038681, -0.0065878103487193584, -0.01043701171875], [0.0, 0.0, 0.0, 1.0]], [[-0.9236471652984619, 0.38318461179733276, -0.006738825235515833, 1.062286376953125], [0.011235079728066921, 0.009497124701738358, -0.9998917579650879, 1.5490074157714844], [-0.3830792009830475, -0.9236229062080383, -0.013077099807560444, -0.084228515625], [0.0, 0.0, 0.0, 1.0]]], "view": [[0.0, -2.0, 100.0], [-2.0, 0.0, 100.0], [0.0, 0.0, 1.0]], "bev": "bev_74adf99d93924b72937fabd520302bce.png", "aux": "aux_74adf99d93924b72937fabd520302bce.npz", "visibility": "visibility_74adf99d93924b72937fabd520302bce.png", "pose": [[-0.813850462436676, -0.5810743570327759, 0.0, 1206.8326416015625], [0.5810743570327759, -0.813850462436676, 0.0, 1118.9161376953125], [0.0, 0.0, 1.0, 0.0], [0.0, 0.0, 0.0, 1.0]], "pose_inverse": [[-0.813850462436676, 0.5810743570327759, 0.0, 332.00787353515625], [-0.5810743570327759, -0.813850462436676, 0.0, 1611.889892578125], [0.0, 0.0, 1.0, 0.0], [0.0, 0.0, 0.0, 1.0]], "cam_ids": [0, 1, 2, 3, 4, 5], "cam_channels": ["CAM_FRONT_LEFT", "CAM_FRONT", "CAM_FRONT_RIGHT", "CAM_BACK_LEFT", "CAM_BACK", "CAM_BACK_RIGHT"], "token": "74adf99d93924b72937fabd520302bce", "scene": "scene-0673"}, {"images": ["samples/CAM_FRONT_LEFT/n008-2018-08-28-16-16-48-0400__CAM_FRONT_LEFT__1535487845354799.jpg", "samples/CAM_FRONT/n008-2018-08-28-16-16-48-0400__CAM_FRONT__1535487845362404.jpg", "samples/CAM_FRONT_RIGHT/n008-2018-08-28-16-16-48-0400__CAM_FRONT_RIGHT__1535487845370482.jpg", "samples/CAM_BACK_LEFT/n008-2018-08-28-16-16-48-0400__CAM_BACK_LEFT__1535487845397405.jpg", "samples/CAM_BACK/n008-2018-08-28-16-16-48-0400__CAM_BACK__1535487845387558.jpg", "samples/CAM_BACK_RIGHT/n008-2018-08-28-16-16-48-0400__CAM_BACK_RIGHT__1535487845378113.jpg"], "intrinsics": [[[1257.8625342125129, 0.0, 827.2410631095686], [0.0, 1257.8625342125129, 450.915498205774], [0.0, 0.0, 1.0]], [[1252.8131021185304, 0.0, 826.588114781398], [0.0, 1252.8131021185304, 469.9846626224581], [0.0, 0.0, 1.0]], [[1256.7485116440405, 0.0, 817.7887570959712], [0.0, 1256.7485116440403, 451.9541780095127], [0.0, 0.0, 1.0]], [[1254.9860565800168, 0.0, 829.5769333630991], [0.0, 1254.9860565800168, 467.1680561863987], [0.0, 0.0, 1.0]], [[796.8910634503094, 0.0, 857.7774326863696], [0.0, 796.8910634503094, 476.8848988407415], [0.0, 0.0, 1.0]], [[1249.9629280788233, 0.0, 825.3768045375984], [0.0, 1249.9629280788233, 462.54816385708756], [0.0, 0.0, 1.0]]], "extrinsics": [[[0.8222128748893738, -0.569162905216217, -0.004422218073159456, -0.79949951171875], [0.020368210971355438, 0.037186622619628906, -0.9991007447242737, 1.4933013916015625], [0.5688155293464661, 0.8213834166526794, 0.04216815158724785, -1.1932373046875], [0.0, 0.0, 0.0, 1.0]], [[0.009996936656534672, -0.999409556388855, -0.03287055343389511, 0.0087890625], [0.022326834499835968, 0.03308708593249321, -0.999203085899353, 1.4846763610839844], [0.999700665473938, 0.009255070239305496, 0.022644421085715294, -1.530853271484375], [0.0, 0.0, 0.0, 1.0]], [[-0.8438510894775391, -0.5351812243461609, -0.038681790232658386, 0.9591064453125], [0.030310465022921562, 0.02443087100982666, -0.9992418885231018, 1.4977951049804688], [0.5357205271720886, -0.8443838953971863, -0.0043944306671619415, -1.19287109375], [0.0, 0.0, 0.0, 1.0]], [[0.9478734135627747, 0.31818893551826477, 0.017080672085285187, -1.1448974609375], [0.0046513439156115055, 0.03978164494037628, -0.9991975426673889, 1.562042236328125], [-0.318613201379776, 0.9471922516822815, 0.03622795641422272, -0.155517578125], [0.0, 0.0, 0.0, 1.0]], [[0.009203960187733173, 0.9994366765022278, 0.032274071127176285, -0.028564453125], [0.006860658526420593, 0.032211560755968094, -0.9994575381278992, 1.5684394836425781], [-0.9999340772628784, 0.00942040141671896, -0.006560320965945721, -0.01226806640625], [0.0, 0.0, 0.0, 1.0]], [[-0.9235370755195618, 0.3834499418735504, -0.006728647276759148, 1.057037353515625], [0.01120259054005146, 0.009435604326426983, -0.9998927712440491, 1.5490589141845703], [-0.3833453059196472, -0.9235133528709412, -0.013009762391448021, -0.0859375], [0.0, 0.0, 0.0, 1.0]]], "view": [[0.0, -2.0, 100.0], [-2.0, 0.0, 100.0], [0.0, 0.0, 1.0]], "bev": "bev_adbcc05a3a2b4e72ab96b4e58d130a16.png", "aux": "aux_adbcc05a3a2b4e72ab96b4e58d130a16.npz", "visibility": "visibility_adbcc05a3a2b4e72ab96b4e58d130a16.png", "pose": [[-0.8127592206001282, -0.5825996994972229, 0.0, 1204.72021484375], [0.5825996994972229, -0.8127592206001282, 0.0, 1120.4527587890625], [0.0, 0.0, 1.0, 0.0], [0.0, 0.0, 0.0, 1.0]], "pose_inverse": [[-0.8127592206001282, 0.5825996994972229, 0.0, 326.3720397949219], [-0.5825996994972229, -0.8127592206001282, 0.0, 1612.5279541015625], [0.0, 0.0, 1.0, 0.0], [0.0, 0.0, 0.0, 1.0]], "cam_ids": [0, 1, 2, 3, 4, 5], "cam_channels": ["CAM_FRONT_LEFT", "CAM_FRONT", "CAM_FRONT_RIGHT", "CAM_BACK_LEFT", "CAM_BACK", "CAM_BACK_RIGHT"], "token": "adbcc05a3a2b4e72ab96b4e58d130a16", "scene": "scene-0673"}, {"images": ["samples/CAM_FRONT_LEFT/n008-2018-08-28-16-16-48-0400__CAM_FRONT_LEFT__1535487845854799.jpg", "samples/CAM_FRONT/n008-2018-08-28-16-16-48-0400__CAM_FRONT__1535487845862404.jpg", "samples/CAM_FRONT_RIGHT/n008-2018-08-28-16-16-48-0400__CAM_FRONT_RIGHT__1535487845870482.jpg", "samples/CAM_BACK_LEFT/n008-2018-08-28-16-16-48-0400__CAM_BACK_LEFT__1535487845897405.jpg", "samples/CAM_BACK/n008-2018-08-28-16-16-48-0400__CAM_BACK__1535487845887558.jpg", "samples/CAM_BACK_RIGHT/n008-2018-08-28-16-16-48-0400__CAM_BACK_RIGHT__1535487845878113.jpg"], "intrinsics": [[[1257.8625342125129, 0.0, 827.2410631095686], [0.0, 1257.8625342125129, 450.915498205774], [0.0, 0.0, 1.0]], [[1252.8131021185304, 0.0, 826.588114781398], [0.0, 1252.8131021185304, 469.9846626224581], [0.0, 0.0, 1.0]], [[1256.7485116440405, 0.0, 817.7887570959712], [0.0, 1256.7485116440403, 451.9541780095127], [0.0, 0.0, 1.0]], [[1254.9860565800168, 0.0, 829.5769333630991], [0.0, 1254.9860565800168, 467.1680561863987], [0.0, 0.0, 1.0]], [[796.8910634503094, 0.0, 857.7774326863696], [0.0, 796.8910634503094, 476.8848988407415], [0.0, 0.0, 1.0]], [[1249.9629280788233, 0.0, 825.3768045375984], [0.0, 1249.9629280788233, 462.54816385708756], [0.0, 0.0, 1.0]]], "extrinsics": [[[0.8227502703666687, -0.5683032870292664, -0.010643723420798779, -0.80731201171875], [0.012862196192145348, 0.037335339933633804, -0.9992200136184692, 1.4912567138671875], [0.5682574510574341, 0.8219716548919678, 0.038027290254831314, -1.2000732421875], [0.0, 0.0, 0.0, 1.0]], [[0.010685780085623264, -0.9993945956230164, -0.03310822322964668, 0.0098876953125], [0.014712857082486153, 0.0332636721432209, -0.9993383288383484, 1.48297119140625], [0.9998347163200378, 0.010191566310822964, 0.015059398487210274, -1.53839111328125], [0.0, 0.0, 0.0, 1.0]], [[-0.8437191843986511, -0.5358113050460815, -0.03231406584382057, 0.9642333984375], [0.02264181710779667, 0.024621818214654922, -0.9994403719902039, 1.4964408874511719], [0.536307156085968, -0.8439786434173584, -0.008642161265015602, -1.195068359375], [0.0, 0.0, 0.0, 1.0]], [[0.9478917121887207, 0.31844303011894226, 0.009763159789144993, -1.1455078125], [-0.0031670366879552603, 0.04006142169237137, -0.9991921782493591, 1.5620536804199219], [-0.3185769021511078, 0.9470950961112976, 0.038982413709163666, -0.1553955078125], [0.0, 0.0, 0.0, 1.0]], [[0.009081157855689526, 0.9994343519210815, 0.032379262149333954, -0.0291748046875], [-0.0007733931997790933, 0.03238760679960251, -0.9994750618934631, 1.5679969787597656], [-0.9999584555625916, 0.009051365777850151, 0.0010670730844140053, -0.00982666015625], [0.0, 0.0, 0.0, 1.0]], [[-0.923775315284729, 0.3829346001148224, 0.0004537479253485799, 1.06085205078125], [0.0034911441616714, 0.009606746025383472, -0.999947726726532, 1.548177719116211], [-0.38291895389556885, -0.9237254858016968, -0.010211355052888393, -0.0836181640625], [0.0, 0.0, 0.0, 1.0]]], "view": [[0.0, -2.0, 100.0], [-2.0, 0.0, 100.0], [0.0, 0.0, 1.0]], "bev": "bev_772de7d5973c4aea82bb981b77c91c0f.png", "aux": "aux_772de7d5973c4aea82bb981b77c91c0f.npz", "visibility": "visibility_772de7d5973c4aea82bb981b77c91c0f.png", "pose": [[-0.8116379976272583, -0.5841607451438904, 0.0, 1202.4039306640625], [0.5841607451438904, -0.8116379976272583, 0.0, 1122.1435546875], [0.0, 0.0, 1.0, 0.0], [0.0, 0.0, 0.0, 1.0]], "pose_inverse": [[-0.8116379976272583, 0.5841607451438904, 0.0, 320.4045104980469], [-0.5841607451438904, -0.8116379976272583, 0.0, 1613.1715087890625], [0.0, 0.0, 1.0, 0.0], [0.0, 0.0, 0.0, 1.0]], "cam_ids": [0, 1, 2, 3, 4, 5], "cam_channels": ["CAM_FRONT_LEFT", "CAM_FRONT", "CAM_FRONT_RIGHT", "CAM_BACK_LEFT", "CAM_BACK", "CAM_BACK_RIGHT"], "token": "772de7d5973c4aea82bb981b77c91c0f", "scene": "scene-0673"}, {"images": ["samples/CAM_FRONT_LEFT/n008-2018-08-28-16-16-48-0400__CAM_FRONT_LEFT__1535487846354799.jpg", "samples/CAM_FRONT/n008-2018-08-28-16-16-48-0400__CAM_FRONT__1535487846362679.jpg", "samples/CAM_FRONT_RIGHT/n008-2018-08-28-16-16-48-0400__CAM_FRONT_RIGHT__1535487846370482.jpg", "samples/CAM_BACK_LEFT/n008-2018-08-28-16-16-48-0400__CAM_BACK_LEFT__1535487846397405.jpg", "samples/CAM_BACK/n008-2018-08-28-16-16-48-0400__CAM_BACK__1535487846387558.jpg", "samples/CAM_BACK_RIGHT/n008-2018-08-28-16-16-48-0400__CAM_BACK_RIGHT__1535487846378113.jpg"], "intrinsics": [[[1257.8625342125129, 0.0, 827.2410631095686], [0.0, 1257.8625342125129, 450.915498205774], [0.0, 0.0, 1.0]], [[1252.8131021185304, 0.0, 826.588114781398], [0.0, 1252.8131021185304, 469.9846626224581], [0.0, 0.0, 1.0]], [[1256.7485116440405, 0.0, 817.7887570959712], [0.0, 1256.7485116440403, 451.9541780095127], [0.0, 0.0, 1.0]], [[1254.9860565800168, 0.0, 829.5769333630991], [0.0, 1254.9860565800168, 467.1680561863987], [0.0, 0.0, 1.0]], [[796.8910634503094, 0.0, 857.7774326863696], [0.0, 796.8910634503094, 476.8848988407415], [0.0, 0.0, 1.0]], [[1249.9629280788233, 0.0, 825.3768045375984], [0.0, 1249.9629280788233, 462.54816385708756], [0.0, 0.0, 1.0]]], "extrinsics": [[[0.8227914571762085, -0.5682063102722168, -0.012484721839427948, -0.8197021484375], [0.012993939220905304, 0.04076792299747467, -0.9990841150283813, 1.49114990234375], [0.5681948065757751, 0.8218756914138794, 0.0409267395734787, -1.2073974609375], [0.0, 0.0, 0.0, 1.0]], [[0.010602844879031181, -0.9992774724960327, -0.036498866975307465, 0.00830078125], [0.014834253117442131, 0.03665408864617348, -0.9992179274559021, 1.4828529357910156], [0.9998337626457214, 0.010053143836557865, 0.015212171711027622, -1.5513916015625], [0.0, 0.0, 0.0, 1.0]], [[-0.8437731862068176, -0.5356111526489258, -0.03416725993156433, 0.9710693359375], [0.022730689495801926, 0.027941051870584488, -0.9993510246276855, 1.4962844848632812], [0.5362182259559631, -0.844002366065979, -0.011401101015508175, -1.2010498046875], [0.0, 0.0, 0.0, 1.0]], [[0.9478956460952759, 0.31837835907936096, 0.011364038102328777, -1.1463623046875], [-0.0024436430539935827, 0.04293584078550339, -0.9990748763084412, 1.5620498657226562], [-0.3185717761516571, 0.9469908475875854, 0.041476696729660034, -0.1553955078125], [0.0, 0.0, 0.0, 1.0]], [[0.009131412953138351, 0.999329149723053, 0.03546515852212906, -0.028564453125], [-0.00046143317013047636, 0.03547084331512451, -0.9993705749511719, 1.5680274963378906], [-0.9999581575393677, 0.009109309874475002, 0.0007850226829759777, -0.006134033203125], [0.0, 0.0, 0.0, 1.0]], [[-0.9237425923347473, 0.38301050662994385, 0.0015644400846213102, 1.067169189453125], [0.003628995968028903, 0.012836617417633533, -0.9999110102653503, 1.5481739044189453], [-0.382996529340744, -0.9236547350883484, -0.013247675262391567, -0.08203125], [0.0, 0.0, 0.0, 1.0]]], "view": [[0.0, -2.0, 100.0], [-2.0, 0.0, 100.0], [0.0, 0.0, 1.0]], "bev": "bev_856c7f2965df4d86b0d3712f2a4ada07.png", "aux": "aux_856c7f2965df4d86b0d3712f2a4ada07.npz", "visibility": "visibility_856c7f2965df4d86b0d3712f2a4ada07.png", "pose": [[-0.8101090788841248, -0.5862791538238525, 0.0, 1200.260986328125], [0.5862791538238525, -0.8101090788841248, 0.0, 1123.7177734375], [0.0, 0.0, 1.0, 0.0], [0.0, 0.0, 0.0, 1.0]], "pose_inverse": [[-0.8101090788841248, 0.5862791538238525, 0.0, 313.530029296875], [-0.5862791538238525, -0.8101090788841248, 0.0, 1614.02197265625], [0.0, 0.0, 1.0, 0.0], [0.0, 0.0, 0.0, 1.0]], "cam_ids": [0, 1, 2, 3, 4, 5], "cam_channels": ["CAM_FRONT_LEFT", "CAM_FRONT", "CAM_FRONT_RIGHT", "CAM_BACK_LEFT", "CAM_BACK", "CAM_BACK_RIGHT"], "token": "856c7f2965df4d86b0d3712f2a4ada07", "scene": "scene-0673"}, {"images": ["samples/CAM_FRONT_LEFT/n008-2018-08-28-16-16-48-0400__CAM_FRONT_LEFT__1535487846854799.jpg", "samples/CAM_FRONT/n008-2018-08-28-16-16-48-0400__CAM_FRONT__1535487846862404.jpg", "samples/CAM_FRONT_RIGHT/n008-2018-08-28-16-16-48-0400__CAM_FRONT_RIGHT__1535487846870482.jpg", "samples/CAM_BACK_LEFT/n008-2018-08-28-16-16-48-0400__CAM_BACK_LEFT__1535487846897405.jpg", "samples/CAM_BACK/n008-2018-08-28-16-16-48-0400__CAM_BACK__1535487846887558.jpg", "samples/CAM_BACK_RIGHT/n008-2018-08-28-16-16-48-0400__CAM_BACK_RIGHT__1535487846878113.jpg"], "intrinsics": [[[1257.8625342125129, 0.0, 827.2410631095686], [0.0, 1257.8625342125129, 450.915498205774], [0.0, 0.0, 1.0]], [[1252.8131021185304, 0.0, 826.588114781398], [0.0, 1252.8131021185304, 469.9846626224581], [0.0, 0.0, 1.0]], [[1256.7485116440405, 0.0, 817.7887570959712], [0.0, 1256.7485116440403, 451.9541780095127], [0.0, 0.0, 1.0]], [[1254.9860565800168, 0.0, 829.5769333630991], [0.0, 1254.9860565800168, 467.1680561863987], [0.0, 0.0, 1.0]], [[796.8910634503094, 0.0, 857.7774326863696], [0.0, 796.8910634503094, 476.8848988407415], [0.0, 0.0, 1.0]], [[1249.9629280788233, 0.0, 825.3768045375984], [0.0, 1249.9629280788233, 462.54816385708756], [0.0, 0.0, 1.0]]], "extrinsics": [[[0.8224090933799744, -0.5687790513038635, -0.011559338308870792, -0.83123779296875], [0.01638171076774597, 0.04398731514811516, -0.9988977313041687, 1.4918060302734375], [0.5686606168746948, 0.821313202381134, 0.045493144541978836, -1.2120361328125], [0.0, 0.0, 0.0, 1.0]], [[0.01015175599604845, -0.9991589188575745, -0.03972947224974632, 0.0062255859375], [0.018538422882556915, 0.03991274908185005, -0.9990311861038208, 1.4834671020507812], [0.9997766017913818, 0.009405366145074368, 0.01892801560461521, -1.5584716796875], [0.0, 0.0, 0.0, 1.0]], [[-0.8438811898231506, -0.5350946187973022, -0.03922145813703537, 0.9754638671875], [0.026627101004123688, 0.03124360926449299, -0.9991570711135864, 1.4967193603515625], [0.5358690619468689, -0.8442142009735107, -0.01211787573993206, -1.2052001953125], [0.0, 0.0, 0.0, 1.0]], [[0.9478706121444702, 0.3182581663131714, 0.015900319442152977, -1.143798828125], [0.001156345591880381, 0.04646248370409012, -0.9989193677902222, 1.5620498657226562], [-0.3186531364917755, 0.9468647241592407, 0.043672408908605576, -0.156005859375], [0.0, 0.0, 0.0, 1.0]], [[0.009215776808559895, 0.9991981387138367, 0.038961440324783325, -0.028076171875], [0.003170186188071966, 0.03893370181322098, -0.9992367625236511, 1.5682296752929688], [-0.9999524354934692, 0.00933228898793459, -0.0028088397812098265, -0.005584716796875], [0.0, 0.0, 0.0, 1.0]], [[-0.9236074090003967, 0.3833390772342682, -0.0006248279241845012, 1.070831298828125], [0.0074056461453437805, 0.016213273629546165, -0.9998411536216736, 1.5485420227050781], [-0.3832680284976959, -0.9234653115272522, -0.01781357452273369, -0.0816650390625], [0.0, 0.0, 0.0, 1.0]]], "view": [[0.0, -2.0, 100.0], [-2.0, 0.0, 100.0], [0.0, 0.0, 1.0]], "bev": "bev_941634e74daf4779ad95e3cf762cefcc.png", "aux": "aux_941634e74daf4779ad95e3cf762cefcc.npz", "visibility": "visibility_941634e74daf4779ad95e3cf762cefcc.png", "pose": [[-0.810796320438385, -0.5853283405303955, 0.0, 1198.2017822265625], [0.5853283405303955, -0.810796320438385, 0.0, 1125.207275390625], [0.0, 0.0, 1.0, 0.0], [0.0, 0.0, 0.0, 1.0]], "pose_inverse": [[-0.810796320438385, 0.5853283405303955, 0.0, 312.8818664550781], [-0.5853283405303955, -0.810796320438385, 0.0, 1613.6553955078125], [0.0, 0.0, 1.0, 0.0], [0.0, 0.0, 0.0, 1.0]], "cam_ids": [0, 1, 2, 3, 4, 5], "cam_channels": ["CAM_FRONT_LEFT", "CAM_FRONT", "CAM_FRONT_RIGHT", "CAM_BACK_LEFT", "CAM_BACK", "CAM_BACK_RIGHT"], "token": "941634e74daf4779ad95e3cf762cefcc", "scene": "scene-0673"}, {"images": ["samples/CAM_FRONT_LEFT/n008-2018-08-28-16-16-48-0400__CAM_FRONT_LEFT__1535487847404799.jpg", "samples/CAM_FRONT/n008-2018-08-28-16-16-48-0400__CAM_FRONT__1535487847412404.jpg", "samples/CAM_FRONT_RIGHT/n008-2018-08-28-16-16-48-0400__CAM_FRONT_RIGHT__1535487847420482.jpg", "samples/CAM_BACK_LEFT/n008-2018-08-28-16-16-48-0400__CAM_BACK_LEFT__1535487847447405.jpg", "samples/CAM_BACK/n008-2018-08-28-16-16-48-0400__CAM_BACK__1535487847437558.jpg", "samples/CAM_BACK_RIGHT/n008-2018-08-28-16-16-48-0400__CAM_BACK_RIGHT__1535487847428121.jpg"], "intrinsics": [[[1257.8625342125129, 0.0, 827.2410631095686], [0.0, 1257.8625342125129, 450.915498205774], [0.0, 0.0, 1.0]], [[1252.8131021185304, 0.0, 826.588114781398], [0.0, 1252.8131021185304, 469.9846626224581], [0.0, 0.0, 1.0]], [[1256.7485116440405, 0.0, 817.7887570959712], [0.0, 1256.7485116440403, 451.9541780095127], [0.0, 0.0, 1.0]], [[1254.9860565800168, 0.0, 829.5769333630991], [0.0, 1254.9860565800168, 467.1680561863987], [0.0, 0.0, 1.0]], [[796.8910634503094, 0.0, 857.7774326863696], [0.0, 796.8910634503094, 476.8848988407415], [0.0, 0.0, 1.0]], [[1249.9629280788233, 0.0, 825.3768045375984], [0.0, 1249.9629280788233, 462.54816385708756], [0.0, 0.0, 1.0]]], "extrinsics": [[[0.8225199580192566, -0.5686194896697998, -0.011523479595780373, -0.84820556640625], [0.01788044162094593, 0.04610535502433777, -0.9987765550613403, 1.4916152954101562], [0.5684550404548645, 0.8213077187538147, 0.04808974266052246, -1.226806640625], [0.0, 0.0, 0.0, 1.0]], [[0.010317722335457802, -0.9990670084953308, -0.041937053203582764, 0.0081787109375], [0.01992892660200596, 0.04213641211390495, -0.998913049697876, 1.4832229614257812], [0.999748170375824, 0.009470861405134201, 0.020345084369182587, -1.57916259765625], [0.0, 0.0, 0.0, 1.0]], [[-0.8438120484352112, -0.535017728805542, -0.0416814349591732, 0.9901123046875], [0.02804783545434475, 0.033595893532037735, -0.9990418553352356, 1.4964065551757812], [0.5359053611755371, -0.8441726565361023, -0.013342535123229027, -1.2130126953125], [0.0, 0.0, 0.0, 1.0]], [[0.9478621482849121, 0.31814301013946533, 0.018505649641156197, -1.14300537109375], [0.0029622563160955906, 0.049271177500486374, -0.9987810850143433, 1.5620498657226562], [-0.3186670243740082, 0.9467614889144897, 0.045759860426187515, -0.15625], [0.0, 0.0, 0.0, 1.0]], [[0.00918667297810316, 0.9990916848182678, 0.04161139205098152, -0.0284423828125], [0.005002676509320736, 0.04156670346856117, -0.9991231560707092, 1.5682754516601562], [-0.9999452829360962, 0.009386783465743065, -0.004616272635757923, 6.103515625e-05], [0.0, 0.0, 0.0, 1.0]], [[-0.92359459400177, 0.3833686113357544, -0.0012194419978186488, 1.08135986328125], [0.009075743146240711, 0.01868470013141632, -0.9997842311859131, 1.548583984375], [-0.38326308131217957, -0.9234063625335693, -0.020736442878842354, -0.0762939453125], [0.0, 0.0, 0.0, 1.0]]], "view": [[0.0, -2.0, 100.0], [-2.0, 0.0, 100.0], [0.0, 0.0, 1.0]], "bev": "bev_5de49ec71576476d9fe5a1f393936ab2.png", "aux": "aux_5de49ec71576476d9fe5a1f393936ab2.npz", "visibility": "visibility_5de49ec71576476d9fe5a1f393936ab2.png", "pose": [[-0.8092830777168274, -0.5874188542366028, 0.0, 1196.1959228515625], [0.5874188542366028, -0.8092830777168274, 0.0, 1126.6829833984375], [0.0, 0.0, 1.0, 0.0], [0.0, 0.0, 0.0, 1.0]], "pose_inverse": [[-0.8092830777168274, 0.5874188542366028, 0.0, 306.22625732421875], [-0.5874188542366028, -0.8092830777168274, 0.0, 1614.4735107421875], [0.0, 0.0, 1.0, 0.0], [0.0, 0.0, 0.0, 1.0]], "cam_ids": [0, 1, 2, 3, 4, 5], "cam_channels": ["CAM_FRONT_LEFT", "CAM_FRONT", "CAM_FRONT_RIGHT", "CAM_BACK_LEFT", "CAM_BACK", "CAM_BACK_RIGHT"], "token": "5de49ec71576476d9fe5a1f393936ab2", "scene": "scene-0673"}, {"images": ["samples/CAM_FRONT_LEFT/n008-2018-08-28-16-16-48-0400__CAM_FRONT_LEFT__1535487847904799.jpg", "samples/CAM_FRONT/n008-2018-08-28-16-16-48-0400__CAM_FRONT__1535487847912404.jpg", "samples/CAM_FRONT_RIGHT/n008-2018-08-28-16-16-48-0400__CAM_FRONT_RIGHT__1535487847920482.jpg", "samples/CAM_BACK_LEFT/n008-2018-08-28-16-16-48-0400__CAM_BACK_LEFT__1535487847947405.jpg", "samples/CAM_BACK/n008-2018-08-28-16-16-48-0400__CAM_BACK__1535487847937558.jpg", "samples/CAM_BACK_RIGHT/n008-2018-08-28-16-16-48-0400__CAM_BACK_RIGHT__1535487847928113.jpg"], "intrinsics": [[[1257.8625342125129, 0.0, 827.2410631095686], [0.0, 1257.8625342125129, 450.915498205774], [0.0, 0.0, 1.0]], [[1252.8131021185304, 0.0, 826.588114781398], [0.0, 1252.8131021185304, 469.9846626224581], [0.0, 0.0, 1.0]], [[1256.7485116440405, 0.0, 817.7887570959712], [0.0, 1256.7485116440403, 451.9541780095127], [0.0, 0.0, 1.0]], [[1254.9860565800168, 0.0, 829.5769333630991], [0.0, 1254.9860565800168, 467.1680561863987], [0.0, 0.0, 1.0]], [[796.8910634503094, 0.0, 857.7774326863696], [0.0, 796.8910634503094, 476.8848988407415], [0.0, 0.0, 1.0]], [[1249.9629280788233, 0.0, 825.3768045375984], [0.0, 1249.9629280788233, 462.54816385708756], [0.0, 0.0, 1.0]]], "extrinsics": [[[0.8223916888237, -0.5688126087188721, -0.011140339076519012, -0.86297607421875], [0.01919635571539402, 0.0473138801753521, -0.9986956119537354, 1.4915847778320312], [0.5685977935791016, 0.8211051225662231, 0.049829669296741486, -1.2357177734375], [0.0, 0.0, 0.0, 1.0]], [[0.010212025605142117, -0.9990262985229492, -0.042918551713228226, 0.0072021484375], [0.021359646692872047, 0.043128930032253265, -0.9988411664962769, 1.4831771850585938], [0.9997196197509766, 0.009283527731895447, 0.021779287606477737, -1.5933837890625], [0.0, 0.0, 0.0, 1.0]], [[-0.8437871336936951, -0.5349209904670715, -0.04338977113366127, 0.9990234375], [0.02958706207573414, 0.0343601331114769, -0.9989714622497559, 1.4962844848632812], [0.5358616709709167, -0.8442031741142273, -0.013165900483727455, -1.218994140625], [0.0, 0.0, 0.0, 1.0]], [[0.9478355646133423, 0.31812670826911926, 0.02007342129945755, -1.14373779296875], [0.004678880795836449, 0.04908168315887451, -0.9987838268280029, 1.562042236328125], [-0.3187250792980194, 0.946776807308197, 0.045032888650894165, -0.15625], [0.0, 0.0, 0.0, 1.0]], [[0.009135810658335686, 0.9990833401679993, 0.04182033613324165, -0.028564453125], [0.006842232309281826, 0.041758645325899124, -0.9991042613983154, 1.568328857421875], [-0.9999347925186157, 0.0094137666746974, -0.006454461254179478, 0.00439453125], [0.0,