[{"images": ["samples/CAM_FRONT_LEFT/n015-2018-10-02-10-50-40+0800__CAM_FRONT_LEFT__1538448804104844.jpg", "samples/CAM_FRONT/n015-2018-10-02-10-50-40+0800__CAM_FRONT__1538448804112460.jpg", "samples/CAM_FRONT_RIGHT/n015-2018-10-02-10-50-40+0800__CAM_FRONT_RIGHT__1538448804120339.jpg", "samples/CAM_BACK_LEFT/n015-2018-10-02-10-50-40+0800__CAM_BACK_LEFT__1538448804147423.jpg", "samples/CAM_BACK/n015-2018-10-02-10-50-40+0800__CAM_BACK__1538448804137525.jpg", "samples/CAM_BACK_RIGHT/n015-2018-10-02-10-50-40+0800__CAM_BACK_RIGHT__1538448804127893.jpg"], "intrinsics": [[[1272.5979470598488, 0.0, 826.6154927353808], [0.0, 1272.5979470598488, 479.75165386361925], [0.0, 0.0, 1.0]], [[1266.417203046554, 0.0, 816.2670197447984], [0.0, 1266.417203046554, 491.50706579294757], [0.0, 0.0, 1.0]], [[1260.8474446004698, 0.0, 807.968244525554], [0.0, 1260.8474446004698, 495.3344268742088], [0.0, 0.0, 1.0]], [[1256.7414812095406, 0.0, 792.1125740759628], [0.0, 1256.7414812095406, 492.7757465151356], [0.0, 0.0, 1.0]], [[809.2209905677063, 0.0, 829.2196003259838], [0.0, 809.2209905677063, 481.77842384512485], [0.0, 0.0, 1.0]], [[1259.5137405846733, 0.0, 807.2529053838625], [0.0, 1259.5137405846733, 501.19579884916527], [0.0, 0.0, 1.0]]], "extrinsics": [[[0.8203112483024597, -0.571086049079895, 0.030824877321720123, -0.96484375], [0.002962561324238777, -0.04965364187955856, -0.9987621307373047, 1.5082855224609375], [0.5719096660614014, 0.8193871974945068, -0.03903956711292267, -1.280517578125], [0.0, 0.0, 0.0, 1.0]], [[0.004896830301731825, -0.9985454678535461, 0.0536942258477211, 0.005615234375], [-0.0023211073130369186, -0.05370607599616051, -0.9985541105270386, 1.5205535888671875], [0.9999853372573853, 0.004765129182487726, -0.0025807206984609365, -1.692138671875], [0.0, 0.0, 0.0, 1.0]], [[-0.8333285450935364, -0.552503764629364, 0.017409196123480797, 1.032135009765625], [0.0033339806832373142, -0.03651702031493187, -0.9993274211883545, 1.5036544799804688], [0.5527679324150085, -0.8327100872993469, 0.032272711396217346, -1.248779296875], [0.0, 0.0, 0.0, 1.0]], [[0.9479877948760986, 0.31815531849861145, -0.009817334823310375, -1.142303466796875], [0.012104310095310211, -0.06685222685337067, -0.997689425945282, 1.58856201171875], [-0.318076491355896, 0.9456786513328552, -0.06722614169120789, -0.103515625], [0.0, 0.0, 0.0, 1.0]], [[0.0032139490358531475, 0.9983759522438049, -0.05688080936670303, 0.00244140625], [-0.01334699522703886, -0.05683320760726929, -0.998294472694397, 1.579376220703125], [-0.9999057650566101, 0.0039676520973443985, 0.013142656534910202, 0.0018310546875], [0.0, 0.0, 0.0, 1.0]], [[-0.934455394744873, 0.3545719087123871, -0.03273990750312805, 1.1357421875], [0.019238179549574852, -0.041538454592227936, -0.9989516735076904, 1.5514678955078125], [-0.35556015372276306, -0.9341056942939758, 0.03199451416730881, -0.063720703125], [0.0, 0.0, 0.0, 1.0]]], "view": [[0.0, -2.0, 100.0], [-2.0, 0.0, 100.0], [0.0, 0.0, 1.0]], "bev": "bev_154dbc8467d64780a1acffda0193d46b.png", "aux": "aux_154dbc8467d64780a1acffda0193d46b.npz", "visibility": "visibility_154dbc8467d64780a1acffda0193d46b.png", "pose": [[-0.5587425827980042, -0.8293411731719971, 0.0, 1666.53173828125], [0.8293411731719971, -0.5587425827980042, 0.0, 2740.265869140625], [0.0, 0.0, 1.0, 0.0], [0.0, 0.0, 0.0, 1.0]], "pose_inverse": [[-0.5587425827980042, 0.8293411731719971, 0.0, -1341.4530029296875], [-0.8293411731719971, -0.5587425827980042, 0.0, 2913.2265625], [0.0, 0.0, 1.0, 0.0], [0.0, 0.0, 0.0, 1.0]], "cam_ids": [0, 1, 2, 3, 4, 5], "cam_channels": ["CAM_FRONT_LEFT", "CAM_FRONT", "CAM_FRONT_RIGHT", "CAM_BACK_LEFT", "CAM_BACK", "CAM_BACK_RIGHT"], "token": "154dbc8467d64780a1acffda0193d46b", "scene": "scene-0798"}, {"images": ["samples/CAM_FRONT_LEFT/n015-2018-10-02-10-50-40+0800__CAM_FRONT_LEFT__1538448804604844.jpg", "samples/CAM_FRONT/n015-2018-10-02-10-50-40+0800__CAM_FRONT__1538448804612460.jpg", "samples/CAM_FRONT_RIGHT/n015-2018-10-02-10-50-40+0800__CAM_FRONT_RIGHT__1538448804620339.jpg", "samples/CAM_BACK_LEFT/n015-2018-10-02-10-50-40+0800__CAM_BACK_LEFT__1538448804647423.jpg", "samples/CAM_BACK/n015-2018-10-02-10-50-40+0800__CAM_BACK__1538448804637525.jpg", "samples/CAM_BACK_RIGHT/n015-2018-10-02-10-50-40+0800__CAM_BACK_RIGHT__1538448804627893.jpg"], "intrinsics": [[[1272.5979470598488, 0.0, 826.6154927353808], [0.0, 1272.5979470598488, 479.75165386361925], [0.0, 0.0, 1.0]], [[1266.417203046554, 0.0, 816.2670197447984], [0.0, 1266.417203046554, 491.50706579294757], [0.0, 0.0, 1.0]], [[1260.8474446004698, 0.0, 807.968244525554], [0.0, 1260.8474446004698, 495.3344268742088], [0.0, 0.0, 1.0]], [[1256.7414812095406, 0.0, 792.1125740759628], [0.0, 1256.7414812095406, 492.7757465151356], [0.0, 0.0, 1.0]], [[809.2209905677063, 0.0, 829.2196003259838], [0.0, 809.2209905677063, 481.77842384512485], [0.0, 0.0, 1.0]], [[1259.5137405846733, 0.0, 807.2529053838625], [0.0, 1259.5137405846733, 501.19579884916527], [0.0, 0.0, 1.0]]], "extrinsics": [[[0.8203262090682983, -0.5710433721542358, 0.031215528026223183, -0.96533203125], [0.003652768675237894, -0.04934971034526825, -0.9987748861312866, 1.5082550048828125], [0.5718842148780823, 0.819435179233551, -0.03839696943759918, -1.2802734375], [0.0, 0.0, 0.0, 1.0]], [[0.004919662605971098, -0.9985619187355042, 0.053385064005851746, 0.00537109375], [-0.0016401840839534998, -0.05339370295405388, -0.9985721707344055, 1.5205535888671875], [0.9999865889549255, 0.004825042560696602, -0.0019005050417035818, -1.692138671875], [0.0, 0.0, 0.0, 1.0]], [[-0.8333092927932739, -0.5525554418563843, 0.016673533245921135, 1.032257080078125], [0.004004722461104393, -0.0361948199570179, -0.9993367195129395, 1.5036468505859375], [0.552792489528656, -0.8326898217201233, 0.032374314963817596, -1.248779296875], [0.0, 0.0, 0.0, 1.0]], [[0.9479867815971375, 0.3181779384613037, -0.009155791252851486, -1.142242431640625], [0.012680253013968468, -0.0664895549416542, -0.9977065324783325, 1.58856201171875], [-0.31805694103240967, 0.9456965327262878, -0.06706579029560089, -0.103759765625], [0.0, 0.0, 0.0, 1.0]], [[0.003212006064131856, 0.9983959794044495, -0.05652524158358574, 0.0029296875], [-0.012744025327265263, -0.05648007243871689, -0.9983223676681519, 1.579376220703125], [-0.9999136328697205, 0.003926973789930344, 0.012542173266410828, 0.001953125], [0.0, 0.0, 0.0, 1.0]], [[-0.9344520568847656, 0.35453492403030396, -0.0332324355840683, 1.13623046875], [0.019896065816283226, -0.04119684174656868, -0.9989529252052307, 1.55145263671875], [-0.35553279519081116, -0.9341347813606262, 0.03144261986017227, -0.06396484375], [0.0, 0.0, 0.0, 1.0]]], "view": [[0.0, -2.0, 100.0], [-2.0, 0.0, 100.0], [0.0, 0.0, 1.0]], "bev": "bev_eec42a16e60d4161919ca507526be264.png", "aux": "aux_eec42a16e60d4161919ca507526be264.npz", "visibility": "visibility_eec42a16e60d4161919ca507526be264.png", "pose": [[-0.55875563621521, -0.8293323516845703, 0.0, 1666.532958984375], [0.8293323516845703, -0.55875563621521, 0.0, 2740.2666015625], [0.0, 0.0, 1.0, 0.0], [0.0, 0.0, 0.0, 1.0]], "pose_inverse": [[-0.55875563621521, 0.8293323516845703, 0.0, -1341.406982421875], [-0.8293323516845703, -0.55875563621521, 0.0, 2913.2490234375], [0.0, 0.0, 1.0, 0.0], [0.0, 0.0, 0.0, 1.0]], "cam_ids": [0, 1, 2, 3, 4, 5], "cam_channels": ["CAM_FRONT_LEFT", "CAM_FRONT", "CAM_FRONT_RIGHT", "CAM_BACK_LEFT", "CAM_BACK", "CAM_BACK_RIGHT"], "token": "eec42a16e60d4161919ca507526be264", "scene": "scene-0798"}, {"images": ["samples/CAM_FRONT_LEFT/n015-2018-10-02-10-50-40+0800__CAM_FRONT_LEFT__1538448805154844.jpg", "samples/CAM_FRONT/n015-2018-10-02-10-50-40+0800__CAM_FRONT__1538448805162460.jpg", "samples/CAM_FRONT_RIGHT/n015-2018-10-02-10-50-40+0800__CAM_FRONT_RIGHT__1538448805170339.jpg", "samples/CAM_BACK_LEFT/n015-2018-10-02-10-50-40+0800__CAM_BACK_LEFT__1538448805197423.jpg", "samples/CAM_BACK/n015-2018-10-02-10-50-40+0800__CAM_BACK__1538448805187752.jpg", "samples/CAM_BACK_RIGHT/n015-2018-10-02-10-50-40+0800__CAM_BACK_RIGHT__1538448805177893.jpg"], "intrinsics": [[[1272.5979470598488, 0.0, 826.6154927353808], [0.0, 1272.5979470598488, 479.75165386361925], [0.0, 0.0, 1.0]], [[1266.417203046554, 0.0, 816.2670197447984], [0.0, 1266.417203046554, 491.50706579294757], [0.0, 0.0, 1.0]], [[1260.8474446004698, 0.0, 807.968244525554], [0.0, 1260.8474446004698, 495.3344268742088], [0.0, 0.0, 1.0]], [[1256.7414812095406, 0.0, 792.1125740759628], [0.0, 1256.7414812095406, 492.7757465151356], [0.0, 0.0, 1.0]], [[809.2209905677063, 0.0, 829.2196003259838], [0.0, 809.2209905677063, 481.77842384512485], [0.0, 0.0, 1.0]], [[1259.5137405846733, 0.0, 807.2529053838625], [0.0, 1259.5137405846733, 501.19579884916527], [0.0, 0.0, 1.0]]], "extrinsics": [[[0.8203701972961426, -0.5709574818611145, 0.031626541167497635, -0.95458984375], [0.004392955917865038, -0.04901306703686714, -0.9987884759902954, 1.5083160400390625], [0.5718157887458801, 0.8195152878761292, -0.03770066797733307, -1.2734375], [0.0, 0.0, 0.0, 1.0]], [[0.0049799527041614056, -0.9985788464546204, 0.053060971200466156, 0.005615234375], [-0.0008791594882495701, -0.053065985441207886, -0.9985906481742859, 1.520538330078125], [0.9999871850013733, 0.004926222842186689, -0.0011421771487221122, -1.681884765625], [0.0, 0.0, 0.0, 1.0]], [[-0.8332763910293579, -0.552629292011261, 0.01585065759718418, 1.0257568359375], [0.0047842669300735, -0.03587738052010536, -0.9993447065353394, 1.503692626953125], [0.5528358221054077, -0.8326546549797058, 0.03253969922661781, -1.243896484375], [0.0, 0.0, 0.0, 1.0]], [[0.9479831457138062, 0.3182132840156555, -0.008259427733719349, -1.14215087890625], [0.0135395722463727, -0.06623173505067825, -0.9977123737335205, 1.5885772705078125], [-0.3180323541164398, 0.9457027316093445, -0.06709503382444382, -0.10400390625], [0.0, 0.0, 0.0, 1.0]], [[0.003214647062122822, 0.9984122514724731, -0.056237537413835526, 0.002197265625], [-0.01191443856805563, -0.056195590645074844, -0.9983487129211426, 1.5793304443359375], [-0.9999237656593323, 0.003879353404045105, 0.011714874766767025, -0.0009765625], [0.0, 0.0, 0.0, 1.0]], [[-0.9344478845596313, 0.35448595881462097, -0.03386324644088745, 1.130615234375], [0.02068813517689705, -0.04089212417602539, -0.998949408531189, 1.55157470703125], [-0.35549822449684143, -0.9341667890548706, 0.03087790682911873, -0.065673828125], [0.0, 0.0, 0.0, 1.0]]], "view": [[0.0, -2.0, 100.0], [-2.0, 0.0, 100.0], [0.0, 0.0, 1.0]], "bev": "bev_cd7259ef235c4425999c4bb3f0e5925c.png", "aux": "aux_cd7259ef235c4425999c4bb3f0e5925c.npz", "visibility": "visibility_cd7259ef235c4425999c4bb3f0e5925c.png", "pose": [[-0.5586372017860413, -0.8294121026992798, 0.0, 1666.4853515625], [0.8294121026992798, -0.5586372017860413, 0.0, 2740.340087890625], [0.0, 0.0, 1.0, 0.0], [0.0, 0.0, 0.0, 1.0]], "pose_inverse": [[-0.5586372017860413, 0.8294121026992798, 0.0, -1341.9105224609375], [-0.8294121026992798, -0.5586372017860413, 0.0, 2913.05908203125], [0.0, 0.0, 1.0, 0.0], [0.0, 0.0, 0.0, 1.0]], "cam_ids": [0, 1, 2, 3, 4, 5], "cam_channels": ["CAM_FRONT_LEFT", "CAM_FRONT", "CAM_FRONT_RIGHT", "CAM_BACK_LEFT", "CAM_BACK", "CAM_BACK_RIGHT"], "token": "cd7259ef235c4425999c4bb3f0e5925c", "scene": "scene-0798"}, {"images": ["samples/CAM_FRONT_LEFT/n015-2018-10-02-10-50-40+0800__CAM_FRONT_LEFT__1538448805654844.jpg", "samples/CAM_FRONT/n015-2018-10-02-10-50-40+0800__CAM_FRONT__1538448805662460.jpg", "samples/CAM_FRONT_RIGHT/n015-2018-10-02-10-50-40+0800__CAM_FRONT_RIGHT__1538448805670339.jpg", "samples/CAM_BACK_LEFT/n015-2018-10-02-10-50-40+0800__CAM_BACK_LEFT__1538448805697423.jpg", "samples/CAM_BACK/n015-2018-10-02-10-50-40+0800__CAM_BACK__1538448805687525.jpg", "samples/CAM_BACK_RIGHT/n015-2018-10-02-10-50-40+0800__CAM_BACK_RIGHT__1538448805677893.jpg"], "intrinsics": [[[1272.5979470598488, 0.0, 826.6154927353808], [0.0, 1272.5979470598488, 479.75165386361925], [0.0, 0.0, 1.0]], [[1266.417203046554, 0.0, 816.2670197447984], [0.0, 1266.417203046554, 491.50706579294757], [0.0, 0.0, 1.0]], [[1260.8474446004698, 0.0, 807.968244525554], [0.0, 1260.8474446004698, 495.3344268742088], [0.0, 0.0, 1.0]], [[1256.7414812095406, 0.0, 792.1125740759628], [0.0, 1256.7414812095406, 492.7757465151356], [0.0, 0.0, 1.0]], [[809.2209905677063, 0.0, 829.2196003259838], [0.0, 809.2209905677063, 481.77842384512485], [0.0, 0.0, 1.0]], [[1259.5137405846733, 0.0, 807.2529053838625], [0.0, 1259.5137405846733, 501.19579884916527], [0.0, 0.0, 1.0]]], "extrinsics": [[[0.8202098608016968, -0.5710675120353699, 0.03373212367296219, -0.93994140625], [0.0074301110580563545, -0.048326216638088226, -0.998803973197937, 1.50848388671875], [0.572014570236206, 0.8194794654846191, -0.035394541919231415, -1.26318359375], [0.0, 0.0, 0.0, 1.0]], [[0.004746375605463982, -0.9986161589622498, 0.052376702427864075, 0.00537109375], [0.002128103980794549, -0.05236709117889404, -0.9986256957054138, 1.520599365234375], [0.9999865293502808, 0.004851328209042549, 0.0018766004359349608, -1.667236328125], [0.0, 0.0, 0.0, 1.0]], [[-0.8333422541618347, -0.5526052713394165, 0.01296851597726345, 1.01611328125], [0.007763203699141741, -0.03515983372926712, -0.9993515014648438, 1.5037994384765625], [0.5527029633522034, -0.8327011466026306, 0.0335901640355587, -1.237548828125], [0.0, 0.0, 0.0, 1.0]], [[0.947983980178833, 0.3182740807533264, -0.005302958656102419, -1.142425537109375], [0.016389787197113037, -0.06544087082147598, -0.9977218508720398, 1.58856201171875], [-0.3178960680961609, 0.945737361907959, -0.06725333631038666, -0.103759765625], [0.0, 0.0, 0.0, 1.0]], [[0.0033445183653384447, 0.9984548687934875, -0.05546875670552254, 0.0029296875], [-0.00900961458683014, -0.05543673038482666, -0.9984215497970581, 1.5792999267578125], [-0.9999538064002991, 0.003838968463242054, 0.008810285478830338, -0.00537109375], [0.0, 0.0, 0.0, 1.0]], [[-0.9343414902687073, 0.354519784450531, -0.03635594621300697, 1.123046875], [0.02363324724137783, -0.040152765810489655, -0.9989140629768372, 1.5518035888671875], [-0.35559460520744324, -0.9341859817504883, 0.02913793921470642, -0.06884765625], [0.0, 0.0, 0.0, 1.0]]], "view": [[0.0, -2.0, 100.0], [-2.0, 0.0, 100.0], [0.0, 0.0, 1.0]], "bev": "bev_9076c937f57e4201a544f92c6dee39f1.png", "aux": "aux_9076c937f57e4201a544f92c6dee39f1.npz", "visibility": "visibility_9076c937f57e4201a544f92c6dee39f1.png", "pose": [[-0.5584837198257446, -0.8295155167579651, 0.0, 1666.3511962890625], [0.8295155167579651, -0.5584837198257446, 0.0, 2740.5439453125], [0.0, 0.0, 1.0, 0.0], [0.0, 0.0, 0.0, 1.0]], "pose_inverse": [[-0.5584837198257446, 0.8295155167579651, 0.0, -1342.6937255859375], [-0.8295155167579651, -0.5584837198257446, 0.0, 2912.813232421875], [0.0, 0.0, 1.0, 0.0], [0.0, 0.0, 0.0, 1.0]], "cam_ids": [0, 1, 2, 3, 4, 5], "cam_channels": ["CAM_FRONT_LEFT", "CAM_FRONT", "CAM_FRONT_RIGHT", "CAM_BACK_LEFT", "CAM_BACK", "CAM_BACK_RIGHT"], "token": "9076c937f57e4201a544f92c6dee39f1", "scene": "scene-0798"}, {"images": ["samples/CAM_FRONT_LEFT/n015-2018-10-02-10-50-40+0800__CAM_FRONT_LEFT__1538448806154844.jpg", "samples/CAM_FRONT/n015-2018-10-02-10-50-40+0800__CAM_FRONT__1538448806162460.jpg", "samples/CAM_FRONT_RIGHT/n015-2018-10-02-10-50-40+0800__CAM_FRONT_RIGHT__1538448806170339.jpg", "samples/CAM_BACK_LEFT/n015-2018-10-02-10-50-40+0800__CAM_BACK_LEFT__1538448806197457.jpg", "samples/CAM_BACK/n015-2018-10-02-10-50-40+0800__CAM_BACK__1538448806187525.jpg", "samples/CAM_BACK_RIGHT/n015-2018-10-02-10-50-40+0800__CAM_BACK_RIGHT__1538448806177893.jpg"], "intrinsics": [[[1272.5979470598488, 0.0, 826.6154927353808], [0.0, 1272.5979470598488, 479.75165386361925], [0.0, 0.0, 1.0]], [[1266.417203046554, 0.0, 816.2670197447984], [0.0, 1266.417203046554, 491.50706579294757], [0.0, 0.0, 1.0]], [[1260.8474446004698, 0.0, 807.968244525554], [0.0, 1260.8474446004698, 495.3344268742088], [0.0, 0.0, 1.0]], [[1256.7414812095406, 0.0, 792.1125740759628], [0.0, 1256.7414812095406, 492.7757465151356], [0.0, 0.0, 1.0]], [[809.2209905677063, 0.0, 829.2196003259838], [0.0, 809.2209905677063, 481.77842384512485], [0.0, 0.0, 1.0]], [[1259.5137405846733, 0.0, 807.2529053838625], [0.0, 1259.5137405846733, 501.19579884916527], [0.0, 0.0, 1.0]]], "extrinsics": [[[0.8201248049736023, -0.5711750984191895, 0.0339755043387413, -0.912109375], [0.008338555693626404, -0.0474415123462677, -0.9988391995429993, 1.5088043212890625], [0.5721238255500793, 0.819456160068512, -0.03414519131183624, -1.2435302734375], [0.0, 0.0, 0.0, 1.0]], [[0.004627374932169914, -0.9986632466316223, 0.05148063227534294, 0.005615234375], [0.003055471694096923, -0.05146682634949684, -0.9986700415611267, 1.5207061767578125], [0.999984622001648, 0.004778521601110697, 0.002813233295455575, -1.63916015625], [0.0, 0.0, 0.0, 1.0]], [[-0.8333790302276611, -0.5525787472724915, 0.011664990335702896, 0.997772216796875], [0.008715334348380566, -0.03424106538295746, -0.999375581741333, 1.5040130615234375], [0.5526330471038818, -0.8327570557594299, 0.03335169702768326, -1.22607421875], [0.0, 0.0, 0.0, 1.0]], [[0.9479798674583435, 0.3183048367500305, -0.004013768397271633, -1.142913818359375], [0.017426056787371635, -0.06448019295930862, -0.9977667927742004, 1.58856201171875], [-0.31785279512405396, 0.9457929134368896, -0.06667272746562958, -0.103515625], [0.0, 0.0, 0.0, 1.0]], [[0.003388171549886465, 0.9985073208808899, -0.05451129749417305, 0.0029296875], [-0.008006895892322063, -0.05448276922106743, -0.9984825849533081, 1.5792388916015625], [-0.9999621510505676, 0.003819463774561882, 0.007810347247868776, -0.01416015625], [0.0, 0.0, 0.0, 1.0]], [[-0.9342983365058899, 0.35457301139831543, -0.03693973645567894, 1.10791015625], [0.024611545726656914, -0.03921786695718765, -0.9989275336265564, 1.552215576171875], [-0.3556414544582367, -0.9342054724693298, 0.02791459672152996, -0.074462890625], [0.0, 0.0, 0.0, 1.0]]], "view": [[0.0, -2.0, 100.0], [-2.0, 0.0, 100.0], [0.0, 0.0, 1.0]], "bev": "bev_745e6a480cbc42fab8d91b73f9a2fd6a.png", "aux": "aux_745e6a480cbc42fab8d91b73f9a2fd6a.npz", "visibility": "visibility_745e6a480cbc42fab8d91b73f9a2fd6a.png", "pose": [[-0.5585911870002747, -0.829443097114563, 0.0, 1666.031005859375], [0.829443097114563, -0.5585911870002747, 0.0, 2741.026611328125], [0.0, 0.0, 1.0, 0.0], [0.0, 0.0, 0.0, 1.0]], "pose_inverse": [[-0.5585911870002747, 0.829443097114563, 0.0, -1342.8953857421875], [-0.829443097114563, -0.5585911870002747, 0.0, 2912.9912109375], [0.0, 0.0, 1.0, 0.0], [0.0, 0.0, 0.0, 1.0]], "cam_ids": [0, 1, 2, 3, 4, 5], "cam_channels": ["CAM_FRONT_LEFT", "CAM_FRONT", "CAM_FRONT_RIGHT", "CAM_BACK_LEFT", "CAM_BACK", "CAM_BACK_RIGHT"], "token": "745e6a480cbc42fab8d91b73f9a2fd6a", "scene": "scene-0798"}, {"images": ["samples/CAM_FRONT_LEFT/n015-2018-10-02-10-50-40+0800__CAM_FRONT_LEFT__1538448806654844.jpg", "samples/CAM_FRONT/n015-2018-10-02-10-50-40+0800__CAM_FRONT__1538448806662460.jpg", "samples/CAM_FRONT_RIGHT/n015-2018-10-02-10-50-40+0800__CAM_FRONT_RIGHT__1538448806670339.jpg", "samples/CAM_BACK_LEFT/n015-2018-10-02-10-50-40+0800__CAM_BACK_LEFT__1538448806697423.jpg", "samples/CAM_BACK/n015-2018-10-02-10-50-40+0800__CAM_BACK__1538448806687525.jpg", "samples/CAM_BACK_RIGHT/n015-2018-10-02-10-50-40+0800__CAM_BACK_RIGHT__1538448806677893.jpg"], "intrinsics": [[[1272.5979470598488, 0.0, 826.6154927353808], [0.0, 1272.5979470598488, 479.75165386361925], [0.0, 0.0, 1.0]], [[1266.417203046554, 0.0, 816.2670197447984], [0.0, 1266.417203046554, 491.50706579294757], [0.0, 0.0, 1.0]], [[1260.8474446004698, 0.0, 807.968244525554], [0.0, 1260.8474446004698, 495.3344268742088], [0.0, 0.0, 1.0]], [[1256.7414812095406, 0.0, 792.1125740759628], [0.0, 1256.7414812095406, 492.7757465151356], [0.0, 0.0, 1.0]], [[809.2209905677063, 0.0, 829.2196003259838], [0.0, 809.2209905677063, 481.77842384512485], [0.0, 0.0, 1.0]], [[1259.5137405846733, 0.0, 807.2529053838625], [0.0, 1259.5137405846733, 501.19579884916527], [0.0, 0.0, 1.0]]], "extrinsics": [[[0.8203533291816711, -0.5708865523338318, 0.03330076485872269, -0.890869140625], [0.008029755204916, -0.04672745615243912, -0.9988754391670227, 1.5089569091796875], [0.5718005895614624, 0.8196982145309448, -0.033748943358659744, -1.228271484375], [0.0, 0.0, 0.0, 1.0]], [[0.00496253278106451, -0.9987000823020935, 0.050731074064970016, 0.00537109375], [0.002733110450208187, -0.05071796849370003, -0.9987093210220337, 1.5207366943359375], [0.9999839663505554, 0.0050948504358530045, 0.0024778672959655523, -1.617919921875], [0.0, 0.0, 0.0, 1.0]], [[-0.8332354426383972, -0.5527981519699097, 0.011528989300131798, 0.983795166015625], [0.008373968303203583, -0.03346540033817291, -0.999404788017273, 1.5041351318359375], [0.5528548955917358, -0.8326430320739746, 0.03251367434859276, -1.216552734375], [0.0, 0.0, 0.0, 1.0]], [[0.9479858875274658, 0.3182850778102875, -0.004178941249847412, -1.142364501953125], [0.01697731390595436, -0.06366654485464096, -0.9978268146514893, 1.5885467529296875], [-0.3178594410419464, 0.9458547830581665, -0.0657586082816124, -0.103515625], [0.0, 0.0, 0.0, 1.0]], [[0.0032595584634691477, 0.998551070690155, -0.05371479690074921, 0.002685546875], [-0.008407027460634708, -0.05368582159280777, -0.9985225200653076, 1.579193115234375], [-0.9999593496322632, 0.0037062724586576223, 0.008219854906201363, -0.0205078125], [0.0, 0.0, 0.0, 1.0]], [[-0.9343785643577576, 0.3544256389141083, -0.03631971403956413, 1.0966796875], [0.024253254756331444, -0.038429707288742065, -0.9989669322967529, 1.5524749755859375], [-0.35545530915260315, -0.9342942237854004, 0.027311917394399643, -0.07861328125], [0.0, 0.0, 0.0, 1.0]]], "view": [[0.0, -2.0, 100.0], [-2.0, 0.0, 100.0], [0.0, 0.0, 1.0]], "bev": "bev_e39e3e5e0e6b41938d3dbd8d024c4477.png", "aux": "aux_e39e3e5e0e6b41938d3dbd8d024c4477.npz", "visibility": "visibility_e39e3e5e0e6b41938d3dbd8d024c4477.png", "pose": [[-0.5578717589378357, -0.8299272060394287, 0.0, 1665.5147705078125], [0.8299272060394287, -0.5578717589378357, 0.0, 2741.79150390625], [0.0, 0.0, 1.0, 0.0], [0.0, 0.0, 0.0, 1.0]], "pose_inverse": [[-0.5578717589378357, 0.8299272060394287, 0.0, -1346.3436279296875], [-0.8299272060394287, -0.5578717589378357, 0.0, 2911.823974609375], [0.0, 0.0, 1.0, 0.0], [0.0, 0.0, 0.0, 1.0]], "cam_ids": [0, 1, 2, 3, 4, 5], "cam_channels": ["CAM_FRONT_LEFT", "CAM_FRONT", "CAM_FRONT_RIGHT", "CAM_BACK_LEFT", "CAM_BACK", "CAM_BACK_RIGHT"], "token": "e39e3e5e0e6b41938d3dbd8d024c4477", "scene": "scene-0798"}, {"images": ["samples/CAM_FRONT_LEFT/n015-2018-10-02-10-50-40+0800__CAM_FRONT_LEFT__1538448807154844.jpg", "samples/CAM_FRONT/n015-2018-10-02-10-50-40+0800__CAM_FRONT__1538448807162460.jpg", "samples/CAM_FRONT_RIGHT/n015-2018-10-02-10-50-40+0800__CAM_FRONT_RIGHT__1538448807170750.jpg", "samples/CAM_BACK_LEFT/n015-2018-10-02-10-50-40+0800__CAM_BACK_LEFT__1538448807197423.jpg", "samples/CAM_BACK/n015-2018-10-02-10-50-40+0800__CAM_BACK__1538448807187525.jpg", "samples/CAM_BACK_RIGHT/n015-2018-10-02-10-50-40+0800__CAM_BACK_RIGHT__1538448807177893.jpg"], "intrinsics": [[[1272.5979470598488, 0.0, 826.6154927353808], [0.0, 1272.5979470598488, 479.75165386361925], [0.0, 0.0, 1.0]], [[1266.417203046554, 0.0, 816.2670197447984], [0.0, 1266.417203046554, 491.50706579294757], [0.0, 0.0, 1.0]], [[1260.8474446004698, 0.0, 807.968244525554], [0.0, 1260.8474446004698, 495.3344268742088], [0.0, 0.0, 1.0]], [[1256.7414812095406, 0.0, 792.1125740759628], [0.0, 1256.7414812095406, 492.7757465151356], [0.0, 0.0, 1.0]], [[809.2209905677063, 0.0, 829.2196003259838], [0.0, 809.2209905677063, 481.77842384512485], [0.0, 0.0, 1.0]], [[1259.5137405846733, 0.0, 807.2529053838625], [0.0, 1259.5137405846733, 501.19579884916527], [0.0, 0.0, 1.0]]], "extrinsics": [[[0.8204883337020874, -0.5708456635475159, 0.03056330978870392, -0.859130859375], [0.006470703054219484, -0.044186513870954514, -0.9990023970603943, 1.509124755859375], [0.5716266632080078, 0.8198675513267517, -0.032560743391513824, -1.207275390625], [0.0, 0.0, 0.0, 1.0]], [[0.005163990892469883, -0.9988224506378174, 0.04823823645710945, 0.006591796875], [0.0011554808588698506, -0.04823289066553116, -0.9988355040550232, 1.5207061767578125], [0.9999860525131226, 0.00521370442584157, 0.0009050447843037546, -1.5859375], [0.0, 0.0, 0.0, 1.0]], [[-0.8331626057624817, -0.5529080629348755, 0.011519581079483032, 0.964263916015625], [0.006767380051314831, -0.031021615490317345, -0.999495804309845, 1.5042343139648438], [0.5529866218566895, -0.8326646685600281, 0.029587790369987488, -1.202880859375], [0.0, 0.0, 0.0, 1.0]], [[0.9479202628135681, 0.3184688091278076, -0.004986676387488842, -1.137969970703125], [0.015332081355154514, -0.06126287207007408, -0.9980039000511169, 1.5886383056640625], [-0.3181385397911072, 0.9459515810012817, -0.0629551112651825, -0.10498046875], [0.0, 0.0, 0.0, 1.0]], [[0.0031037982553243637, 0.9986768960952759, -0.05133116990327835, 0.002685546875], [-0.010049560107290745, -0.05129767209291458, -0.9986328482627869, 1.5790252685546875], [-0.9999447464942932, 0.0036154307890683413, 0.009877044707536697, -0.0311279296875], [0.0, 0.0, 0.0, 1.0]], [[-0.9344656467437744, 0.35443243384361267, -0.03393549844622612, 1.0791015625], [0.02262280136346817, -0.03601410239934921, -0.9990952014923096, 1.5528564453125], [-0.35533392429351807, -0.9343879222869873, 0.02563568577170372, -0.084716796875], [0.0, 0.0, 0.0, 1.0]]], "view": [[0.0, -2.0, 100.0], [-2.0, 0.0, 100.0], [0.0, 0.0, 1.0]], "bev": "bev_f93bf83a3f0e44baa8ba57974aab4c33.png", "aux": "aux_f93bf83a3f0e44baa8ba57974aab4c33.npz", "visibility": "visibility_f93bf83a3f0e44baa8ba57974aab4c33.png", "pose": [[-0.555587887763977, -0.8314578533172607, 0.0, 1664.79541015625], [0.8314578533172607, -0.555587887763977, 0.0, 2742.87451171875], [0.0, 0.0, 1.0, 0.0], [0.0, 0.0, 0.0, 1.0]], "pose_inverse": [[-0.555587887763977, 0.8314578533172607, 0.0, -1355.644287109375], [-0.8314578533172607, -0.555587887763977, 0.0, 2908.114990234375], [0.0, 0.0, 1.0, 0.0], [0.0, 0.0, 0.0, 1.0]], "cam_ids": [0, 1, 2, 3, 4, 5], "cam_channels": ["CAM_FRONT_LEFT", "CAM_FRONT", "CAM_FRONT_RIGHT", "CAM_BACK_LEFT", "CAM_BACK", "CAM_BACK_RIGHT"], "token": "f93bf83a3f0e44baa8ba57974aab4c33", "scene": "scene-0798"}, {"images": ["samples/CAM_FRONT_LEFT/n015-2018-10-02-10-50-40+0800__CAM_FRONT_LEFT__1538448807654844.jpg", "samples/CAM_FRONT/n015-2018-10-02-10-50-40+0800__CAM_FRONT__1538448807662460.jpg", "samples/CAM_FRONT_RIGHT/n015-2018-10-02-10-50-40+0800__CAM_FRONT_RIGHT__1538448807670339.jpg", "samples/CAM_BACK_LEFT/n015-2018-10-02-10-50-40+0800__CAM_BACK_LEFT__1538448807697423.jpg", "samples/CAM_BACK/n015-2018-10-02-10-50-40+0800__CAM_BACK__1538448807687525.jpg", "samples/CAM_BACK_RIGHT/n015-2018-10-02-10-50-40+0800__CAM_BACK_RIGHT__1538448807677893.jpg"], "intrinsics": [[[1272.5979470598488, 0.0, 826.6154927353808], [0.0, 1272.5979470598488, 479.75165386361925], [0.0, 0.0, 1.0]], [[1266.417203046554, 0.0, 816.2670197447984], [0.0, 1266.417203046554, 491.50706579294757], [0.0, 0.0, 1.0]], [[1260.8474446004698, 0.0, 807.968244525554], [0.0, 1260.8474446004698, 495.3344268742088], [0.0, 0.0, 1.0]], [[1256.7414812095406, 0.0, 792.1125740759628], [0.0, 1256.7414812095406, 492.7757465151356], [0.0, 0.0, 1.0]], [[809.2209905677063, 0.0, 829.2196003259838], [0.0, 809.2209905677063, 481.77842384512485], [0.0, 0.0, 1.0]], [[1259.5137405846733, 0.0, 807.2529053838625], [0.0, 1259.5137405846733, 501.19579884916527], [0.0, 0.0, 1.0]]], "extrinsics": [[[0.8204639554023743, -0.5709987878799438, 0.028272269293665886, -0.83935546875], [0.005186316091567278, -0.042017143219709396, -0.9991034269332886, 1.5090713500976562], [0.5716747045516968, 0.8198750615119934, -0.031512171030044556, -1.1937255859375], [0.0, 0.0, 0.0, 1.0]], [[0.005139996763318777, -0.9989254474639893, 0.046060577034950256, 0.006591796875], [-7.935292524052784e-05, -0.046061597764492035, -0.9989386200904846, 1.5205535888671875], [0.9999867081642151, 0.005130870267748833, -0.00031602574745193124, -1.56591796875], [0.0, 0.0, 0.0, 1.0]], [[-0.8331784009933472, -0.5528887510299683, 0.011305054649710655, 0.95050048828125], [0.005591513589024544, -0.028864571824669838, -0.9995676279067993, 1.5042037963867188], [0.5529759526252747, -0.8327550292015076, 0.027140822261571884, -1.19384765625], [0.0, 0.0, 0.0, 1.0]], [[0.947925329208374, 0.3184491991996765, -0.005256521049886942, -1.135467529296875], [0.014380509965121746, -0.05928223207592964, -0.9981376528739929, 1.5886383056640625], [-0.3181677460670471, 0.9460844397544861, -0.06077459827065468, -0.10595703125], [0.0, 0.0, 0.0, 1.0]], [[0.003058051224797964, 0.9987818598747253, -0.049250442534685135, 0.0029296875], [-0.01108261477202177, -0.049213800579309464, -0.9987267851829529, 1.5789337158203125], [-0.9999340176582336, 0.003599905176088214, 0.010918617248535156, -0.037109375], [0.0, 0.0, 0.0, 1.0]], [[-0.9344913363456726, 0.35453206300735474, -0.03214032202959061, 1.068603515625], [0.021510912105441093, -0.03388315066695213, -0.9991942644119263, 1.5530242919921875], [-0.35533538460731506, -0.9344297647476196, 0.024037202820181847, -0.089111328125], [0.0, 0.0, 0.0, 1.0]]], "view": [[0.0, -2.0, 100.0], [-2.0, 0.0, 100.0], [0.0, 0.0, 1.0]], "bev": "bev_d92188150ae74dcbbe5c72f94ecb4a64.png", "aux": "aux_d92188150ae74dcbbe5c72f94ecb4a64.npz", "visibility": "visibility_d92188150ae74dcbbe5c72f94ecb4a64.png", "pose": [[-0.5545125007629395, -0.8321754336357117, 0.0, 1663.9129638671875], [0.8321754336357117, -0.5545125007629395, 0.0, 2744.206787109375], [0.0, 0.0, 1.0, 0.0], [0.0, 0.0, 0.0, 1.0]], "pose_inverse": [[-0.5545125007629395, 0.8321754336357117, 0.0, -1361.0009765625], [-0.8321754336357117, -0.5545125007629395, 0.0, 2906.3642578125], [0.0, 0.0, 1.0, 0.0], [0.0, 0.0, 0.0, 1.0]], "cam_ids": [0, 1, 2, 3, 4, 5], "cam_channels": ["CAM_FRONT_LEFT", "CAM_FRONT", "CAM_FRONT_RIGHT", "CAM_BACK_LEFT", "CAM_BACK", "CAM_BACK_RIGHT"], "token": "d92188150ae74dcbbe5c72f94ecb4a64", "scene": "scene-0798"}, {"images": ["samples/CAM_FRONT_LEFT/n015-2018-10-02-10-50-40+0800__CAM_FRONT_LEFT__1538448808154844.jpg", "samples/CAM_FRONT/n015-2018-10-02-10-50-40+0800__CAM_FRONT__1538448808162460.jpg", "samples/CAM_FRONT_RIGHT/n015-2018-10-02-10-50-40+0800__CAM_FRONT_RIGHT__1538448808170351.jpg", "samples/CAM_BACK_LEFT/n015-2018-10-02-10-50-40+0800__CAM_BACK_LEFT__1538448808197423.jpg", "samples/CAM_BACK/n015-2018-10-02-10-50-40+0800__CAM_BACK__1538448808187525.jpg", "samples/CAM_BACK_RIGHT/n015-2018-10-02-10-50-40+0800__CAM_BACK_RIGHT__1538448808177893.jpg"], "intrinsics": [[[1272.5979470598488, 0.0, 826.6154927353808], [0.0, 1272.5979470598488, 479.75165386361925], [0.0, 0.0, 1.0]], [[1266.417203046554, 0.0, 816.2670197447984], [0.0, 1266.417203046554, 491.50706579294757], [0.0, 0.0, 1.0]], [[1260.8474446004698, 0.0, 807.968244525554], [0.0, 1260.8474446004698, 495.3344268742088], [0.0, 0.0, 1.0]], [[1256.7414812095406, 0.0, 792.1125740759628], [0.0, 1256.7414812095406, 492.7757465151356], [0.0, 0.0, 1.0]], [[809.2209905677063, 0.0, 829.2196003259838], [0.0, 809.2209905677063, 481.77842384512485], [0.0, 0.0, 1.0]], [[1259.5137405846733, 0.0, 807.2529053838625], [0.0, 1259.5137405846733, 501.19579884916527], [0.0, 0.0, 1.0]]], "extrinsics": [[[0.8201985359191895, -0.5714688897132874, 0.026414580643177032, -0.82373046875], [0.004899980034679174, -0.03915358707308769, -0.9992212057113647, 1.5091400146484375], [0.5720579028129578, 0.819689154624939, -0.029313525184988976, -1.1829833984375], [0.0, 0.0, 0.0, 1.0]], [[0.00476203253492713, -0.9990493059158325, 0.04333232343196869, 0.006591796875], [-0.00036734994500875473, -0.043334562331438065, -0.9990605711936951, 1.5205078125], [0.9999886155128479, 0.004741569049656391, -0.0005733604193665087, -1.550537109375], [0.0, 0.0, 0.0, 1.0]], [[-0.8333401679992676, -0.5526679754257202, 0.010113594122231007, 0.940765380859375], [0.005299082957208157, -0.026283223181962967, -0.9996404647827148, 1.504241943359375], [0.5527350306510925, -0.8329870104789734, 0.0248315017670393, -1.187255859375], [0.0, 0.0, 0.0, 1.0]], [[0.9479198455810547, 0.31847119331359863, -0.004920761566609144, -1.13739013671875], [0.014013287611305714, -0.057134564965963364, -0.9982681274414062, 1.5886383056640625], [-0.3182007372379303, 0.946209192276001, -0.058621812611818314, -0.10546875], [0.0, 0.0, 0.0, 1.0]], [[0.003131231525912881, 0.9988923072814941, -0.04695020243525505, 0.002685546875], [-0.011432128958404064, -0.046911608427762985, -0.9988336563110352, 1.5788803100585938], [-0.9999297261238098, 0.003664272138848901, 0.01127257477492094, -0.041259765625], [0.0, 0.0, 0.0, 1.0]], [[-0.9344280362129211, 0.35480183362960815, -0.03098190575838089, 1.060302734375], [0.021195147186517715, -0.03143807873129845, -0.9992809295654297, 1.5531692504882812], [-0.35552069544792175, -0.9344128370285034, 0.021856550127267838, -0.092041015625], [0.0, 0.0, 0.0, 1.0]]], "view": [[0.0, -2.0, 100.0], [-2.0, 0.0, 100.0], [0.0, 0.0, 1.0]], "bev": "bev_96759fe0ba264f178d7d60ef4dc129b7.png", "aux": "aux_96759fe0ba264f178d7d60ef4dc129b7.npz", "visibility": "visibility_96759fe0ba264f178d7d60ef4dc129b7.png", "pose": [[-0.5560302734375, -0.8311620354652405, 0.0, 1662.921142578125], [0.8311620354652405, -0.5560302734375, 0.0, 2745.71240234375], [0.0, 0.0, 1.0, 0.0], [0.0, 0.0, 0.0, 1.0]], "pose_inverse": [[-0.5560302734375, 0.8311620354652405, 0.0, -1357.4974365234375], [-0.8311620354652405, -0.5560302734375, 0.0, 2908.856201171875], [0.0, 0.0, 1.0, 0.0], [0.0, 0.0, 0.0, 1.0]], "cam_ids": [0, 1, 2, 3, 4, 5], "cam_channels": ["CAM_FRONT_LEFT", "CAM_FRONT", "CAM_FRONT_RIGHT", "CAM_BACK_LEFT", "CAM_BACK", "CAM_BACK_RIGHT"], "token": "96759fe0ba264f178d7d60ef4dc129b7", "scene": "scene-0798"}, {"images": ["samples/CAM_FRONT_LEFT/n015-2018-10-02-10-50-40+0800__CAM_FRONT_LEFT__1538448808604844.jpg", "samples/CAM_FRONT/n015-2018-10-02-10-50-40+0800__CAM_FRONT__1538448808612460.jpg", "samples/CAM_FRONT_RIGHT/n015-2018-10-02-10-50-40+0800__CAM_FRONT_RIGHT__1538448808620339.jpg", "samples/CAM_BACK_LEFT/n015-2018-10-02-10-50-40+0800__CAM_BACK_LEFT__1538448808647423.jpg", "samples/CAM_BACK/n015-2018-10-02-10-50-40+0800__CAM_BACK__1538448808637525.jpg", "samples/CAM_BACK_RIGHT/n015-2018-10-02-10-50-40+0800__CAM_BACK_RIGHT__1538448808627893.jpg"], "intrinsics": [[[1272.5979470598488, 0.0, 826.6154927353808], [0.0, 1272.5979470598488, 479.75165386361925], [0.0, 0.0, 1.0]], [[1266.417203046554, 0.0, 816.2670197447984], [0.0, 1266.417203046554, 491.50706579294757], [0.0, 0.0, 1.0]], [[1260.8474446004698, 0.0, 807.968244525554], [0.0, 1260.8474446004698, 495.3344268742088], [0.0, 0.0, 1.0]], [[1256.7414812095406, 0.0, 792.1125740759628], [0.0, 1256.7414812095406, 492.7757465151356], [0.0, 0.0, 1.0]], [[809.2209905677063, 0.0, 829.2196003259838], [0.0, 809.2209905677063, 481.77842384512485], [0.0, 0.0, 1.0]], [[1259.5137405846733, 0.0, 807.2529053838625], [0.0, 1259.5137405846733, 501.19579884916527], [0.0, 0.0, 1.0]]], "extrinsics": [[[0.8201334476470947, -0.5716286897659302, 0.024938132613897324, -0.802001953125], [0.0039404574781656265, -0.037941209971904755, -0.9992722272872925, 1.509063720703125], [0.5721587538719177, 0.8196347951889038, -0.02886437624692917, -1.1676025390625], [0.0, 0.0, 0.0, 1.0]], [[0.004661635961383581, -0.9991036057472229, 0.042075514793395996, 0.006591796875], [-0.0014282508054748178, -0.04208258539438248, -0.999113142490387, 1.5203170776367188], [0.9999881386756897, 0.0045974357053637505, -0.0016231430927291512, -1.5281982421875], [0.0, 0.0, 0.0, 1.0]], [[-0.8334031105041504, -0.5525686144828796, 0.010352496057748795, 0.925140380859375], [0.0041428240947425365, -0.02497756853699684, -0.999679446220398, 1.5041885375976562], [0.552649974822998, -0.8330931067466736, 0.023105578497052193, -1.177001953125], [0.0, 0.0, 0.0, 1.0]], [[0.9479082226753235, 0.3184922933578491, -0.005728672258555889, -1.13720703125], [0.012690148316323757, -0.0557263121008873, -0.9983654022216797, 1.588623046875], [-0.31829091906547546, 0.9462860226631165, -0.0568651407957077, -0.105224609375], [0.0, 0.0, 0.0, 1.0]], [[0.0031304406002163887, 0.9989554286003113, -0.04558859393000603, 0.002685546875], [-0.012737263925373554, -0.04554528743028641, -0.9988811016082764, 1.5787353515625], [-0.9999140501022339, 0.003707622177898884, 0.01258138008415699, -0.0487060546875], [0.0, 0.0, 0.0, 1.0]], [[-0.9344217777252197, 0.3549566864967346, -0.029354942962527275, 1.047607421875], [0.019963348284363747, -0.03009270876646042, -0.9993477463722229, 1.5533523559570312], [-0.3556085526943207, -0.934398353099823, 0.021033158525824547, -0.09716796875], [0.0, 0.0, 0.0, 1.0]]], "view": [[0.0, -2.0, 100.0], [-2.0, 0.0, 100.0], [0.0, 0.0, 1.0]], "bev": "bev_70f8b28210d64799a4f664bcb221b6fc.png", "aux": "aux_70f8b28210d64799a4f664bcb221b6fc.npz", "visibility": "visibility_70f8b28210d64799a4f664bcb221b6fc.png", "pose": [[-0.5584724545478821, -0.8295230865478516, 0.0, 1661.8641357421875], [0.8295230865478516, -0.5584724545478821, 0.0, 2747.307373046875], [0.0, 0.0, 1.0, 0.0], [0.0, 0.0, 0.0, 1.0]], "pose_inverse": [[-0.5584724545478821, 0.8295230865478516, 0.0, -1350.849609375], [-0.8295230865478516, -0.5584724545478821, 0.0, 2912.85009765625], [0.0, 0.0, 1.0, 0.0], [0.0, 0.0, 0.0, 1.0]], "cam_ids": [0, 1, 2, 3, 4, 5], "cam_channels": ["CAM_FRONT_LEFT", "CAM_FRONT", "CAM_FRONT_RIGHT", "CAM_BACK_LEFT", "CAM_BACK", "CAM_BACK_RIGHT"], "token": "70f8b28210d64799a4f664bcb221b6fc", "scene": "scene-0798"}, {"images": ["samples/CAM_FRONT_LEFT/n015-2018-10-02-10-50-40+0800__CAM_FRONT_LEFT__1538448809104844.jpg", "samples/CAM_FRONT/n015-2018-10-02-10-50-40+0800__CAM_FRONT__1538448809112460.jpg", "samples/CAM_FRONT_RIGHT/n015-2018-10-02-10-50-40+0800__CAM_FRONT_RIGHT__1538448809120339.jpg", "samples/CAM_BACK_LEFT/n015-2018-10-02-10-50-40+0800__CAM_BACK_LEFT__1538448809147423.jpg", "samples/CAM_BACK/n015-2018-10-02-10-50-40+0800__CAM_BACK__1538448809137525.jpg", "samples/CAM_BACK_RIGHT/n015-2018-10-02-10-50-40+0800__CAM_BACK_RIGHT__1538448809127893.jpg"], "intrinsics": [[[1272.5979470598488, 0.0, 826.6154927353808], [0.0, 1272.5979470598488, 479.75165386361925], [0.0, 0.0, 1.0]], [[1266.417203046554, 0.0, 816.2670197447984], [0.0, 1266.417203046554, 491.50706579294757], [0.0, 0.0, 1.0]], [[1260.8474446004698, 0.0, 807.968244525554], [0.0, 1260.8474446004698, 495.3344268742088], [0.0, 0.0, 1.0]], [[1256.7414812095406, 0.0, 792.1125740759628], [0.0, 1256.7414812095406, 492.7757465151356], [0.0, 0.0, 1.0]], [[809.2209905677063, 0.0, 829.2196003259838], [0.0, 809.2209905677063, 481.77842384512485], [0.0, 0.0, 1.0]], [[1259.5137405846733, 0.0, 807.2529053838625], [0.0, 1259.5137405846733, 501.19579884916527], [0.0, 0.0, 1.0]]], "extrinsics": [[[0.8202510476112366, -0.5715033411979675, 0.02391945756971836, -0.794189453125], [0.0029291464015841484, -0.037619698792696, -0.9992878437042236, 1.5089111328125], [0.5719962120056152, 0.8197369575500488, -0.029183577746152878, -1.162841796875], [0.0, 0.0, 0.0, 1.0]], [[0.0048629771918058395, -0.9991293549537659, 0.04143362119793892, 0.00732421875], [-0.002294244710355997, -0.04144515469670296, -0.9991381764411926, 1.52020263671875], [0.9999854564666748, 0.004763694014400244, -0.002493792213499546, -1.5203857421875], [0.0, 0.0, 0.0, 1.0]], [[-0.8333070278167725, -0.5527122616767883, 0.010421937331557274, 0.920379638671875], [0.0034227916039526463, -0.024010879918932915, -0.9997057914733887, 1.5041275024414062], [0.5527999401092529, -0.8330262303352356, 0.021900253370404243, -1.17333984375], [0.0, 0.0, 0.0, 1.0]], [[0.9478950500488281, 0.3185367286205292, -0.005411303136497736, -1.13525390625], [0.012425534427165985, -0.05393761768937111, -0.9984670281410217, 1.588653564453125], [-0.3183402717113495, 0.9463747143745422, -0.0550851933658123, -0.106201171875], [0.0, 0.0, 0.0, 1.0]], [[0.0030187503434717655, 0.9990267753601074, -0.044005196541547775, 0.00244140625], [-0.013139793649315834, -0.04396197199821472, -0.9989467859268188, 1.5786819458007812], [-0.9999090433120728, 0.003593821544200182, 0.012994296848773956, -0.0521240234375], [0.0, 0.0, 0.0, 1.0]], [[-0.9344910979270935, 0.35485440492630005, -0.028366023674