[{"images": ["samples/CAM_FRONT_LEFT/n015-2018-11-21-19-11-29+0800__CAM_FRONT_LEFT__1542799051604844.jpg", "samples/CAM_FRONT/n015-2018-11-21-19-11-29+0800__CAM_FRONT__1542799051612460.jpg", "samples/CAM_FRONT_RIGHT/n015-2018-11-21-19-11-29+0800__CAM_FRONT_RIGHT__1542799051620339.jpg", "samples/CAM_BACK_LEFT/n015-2018-11-21-19-11-29+0800__CAM_BACK_LEFT__1542799051647423.jpg", "samples/CAM_BACK/n015-2018-11-21-19-11-29+0800__CAM_BACK__1542799051637525.jpg", "samples/CAM_BACK_RIGHT/n015-2018-11-21-19-11-29+0800__CAM_BACK_RIGHT__1542799051627893.jpg"], "intrinsics": [[[1272.5979470598488, 0.0, 826.6154927353808], [0.0, 1272.5979470598488, 479.75165386361925], [0.0, 0.0, 1.0]], [[1266.417203046554, 0.0, 816.2670197447984], [0.0, 1266.417203046554, 491.50706579294757], [0.0, 0.0, 1.0]], [[1260.8474446004698, 0.0, 807.968244525554], [0.0, 1260.8474446004698, 495.3344268742088], [0.0, 0.0, 1.0]], [[1256.7414812095406, 0.0, 792.1125740759628], [0.0, 1256.7414812095406, 492.7757465151356], [0.0, 0.0, 1.0]], [[809.2209905677063, 0.0, 829.2196003259838], [0.0, 809.2209905677063, 481.77842384512485], [0.0, 0.0, 1.0]], [[1259.5137405846733, 0.0, 807.2529053838625], [0.0, 1259.5137405846733, 501.19579884916527], [0.0, 0.0, 1.0]]], "extrinsics": [[[0.8208963871002197, -0.5710323452949524, 0.0071534765884280205, -0.75836181640625], [-0.009640616364777088, -0.026381345465779305, -0.9996054172515869, 1.505859375], [0.5709956884384155, 0.8205035328865051, -0.027161454781889915, -1.138427734375], [0.0, 0.0, 0.0, 1.0]], [[0.005872003268450499, -0.9994996190071106, 0.031082533299922943, 0.00732421875], [-0.015662554651498795, -0.03117118589580059, -0.9993913769721985, 1.5173492431640625], [0.9998600482940674, 0.005381582770496607, -0.01583775132894516, -1.4873046875], [0.0, 0.0, 0.0, 1.0]], [[-0.8329682946205139, -0.5530553460121155, 0.017131667584180832, 0.90087890625], [-0.010788931511342525, -0.014721809886395931, -0.9998334050178528, 1.5019493103027344], [0.5532153844833374, -0.8330144882202148, 0.006295925937592983, -1.1610107421875], [0.0, 0.0, 0.0, 1.0]], [[0.9477591514587402, 0.3184303641319275, -0.01883307471871376, -1.137939453125], [-0.003979213070124388, -0.0472334623336792, -0.9988759160041809, 1.588531494140625], [-0.3189619779586792, 0.9467688202857971, -0.043498843908309937, -0.10498046875], [0.0, 0.0, 0.0, 1.0]], [[0.002398471813648939, 0.9993248581886292, -0.036662694066762924, 0.0029296875], [-0.02884821593761444, -0.03657839447259903, -0.9989143013954163, 1.5776214599609375], [-0.9995809197425842, 0.0034535019658505917, 0.028741003945469856, -0.058349609375], [0.0, 0.0, 0.0, 1.0]], [[-0.9348382353782654, 0.354889839887619, -0.011429842561483383, 1.028778076171875], [0.004466234240680933, -0.02043488807976246, -0.9997811913490295, 1.5519638061523438], [-0.35504573583602905, -0.9346848130226135, 0.017518289387226105, -0.10400390625], [0.0, 0.0, 0.0, 1.0]]], "view": [[0.0, -2.0, 100.0], [-2.0, 0.0, 100.0], [0.0, 0.0, 1.0]], "bev": "bev_c767fff8c8cd478e80674c89064e5f38.png", "aux": "aux_c767fff8c8cd478e80674c89064e5f38.npz", "visibility": "visibility_c767fff8c8cd478e80674c89064e5f38.png", "pose": [[0.988345205783844, 0.15222935378551483, 0.0, 2028.1666259765625], [-0.15222935378551483, 0.988345205783844, 0.0, 2596.114013671875], [0.0, 0.0, 1.0, 0.0], [0.0, 0.0, 0.0, 1.0]], "pose_inverse": [[0.988345205783844, -0.15222935378551483, 0.0, -1609.323974609375], [0.15222935378551483, 0.988345205783844, 0.0, -2874.603271484375], [0.0, 0.0, 1.0, 0.0], [0.0, 0.0, 0.0, 1.0]], "cam_ids": [0, 1, 2, 3, 4, 5], "cam_channels": ["CAM_FRONT_LEFT", "CAM_FRONT", "CAM_FRONT_RIGHT", "CAM_BACK_LEFT", "CAM_BACK", "CAM_BACK_RIGHT"], "token": "c767fff8c8cd478e80674c89064e5f38", "scene": "scene-1056"}, {"images": ["samples/CAM_FRONT_LEFT/n015-2018-11-21-19-11-29+0800__CAM_FRONT_LEFT__1542799052154844.jpg", "samples/CAM_FRONT/n015-2018-11-21-19-11-29+0800__CAM_FRONT__1542799052162460.jpg", "samples/CAM_FRONT_RIGHT/n015-2018-11-21-19-11-29+0800__CAM_FRONT_RIGHT__1542799052170339.jpg", "samples/CAM_BACK_LEFT/n015-2018-11-21-19-11-29+0800__CAM_BACK_LEFT__1542799052197423.jpg", "samples/CAM_BACK/n015-2018-11-21-19-11-29+0800__CAM_BACK__1542799052187525.jpg", "samples/CAM_BACK_RIGHT/n015-2018-11-21-19-11-29+0800__CAM_BACK_RIGHT__1542799052177893.jpg"], "intrinsics": [[[1272.5979470598488, 0.0, 826.6154927353808], [0.0, 1272.5979470598488, 479.75165386361925], [0.0, 0.0, 1.0]], [[1266.417203046554, 0.0, 816.2670197447984], [0.0, 1266.417203046554, 491.50706579294757], [0.0, 0.0, 1.0]], [[1260.8474446004698, 0.0, 807.968244525554], [0.0, 1260.8474446004698, 495.3344268742088], [0.0, 0.0, 1.0]], [[1256.7414812095406, 0.0, 792.1125740759628], [0.0, 1256.7414812095406, 492.7757465151356], [0.0, 0.0, 1.0]], [[809.2209905677063, 0.0, 829.2196003259838], [0.0, 809.2209905677063, 481.77842384512485], [0.0, 0.0, 1.0]], [[1259.5137405846733, 0.0, 807.2529053838625], [0.0, 1259.5137405846733, 501.19579884916527], [0.0, 0.0, 1.0]]], "extrinsics": [[[0.820207953453064, -0.5719479918479919, 0.01158942375332117, -0.793212890625], [0.0048891231417655945, -0.01324975211173296, -0.999900221824646, 1.509286880493164], [0.5720444321632385, 0.8201828598976135, -0.008071229793131351, -1.161865234375], [0.0, 0.0, 0.0, 1.0]], [[0.004886772017925978, -0.9998326301574707, 0.017629222944378853, 0.00732421875], [-0.00022878109302837402, -0.017630552873015404, -0.9998445510864258, 1.5205154418945312], [0.9999880194664001, 0.004881962202489376, -0.00031489887624047697, -1.52099609375], [0.0, 0.0, 0.0, 1.0]], [[-0.833188533782959, -0.5529727339744568, -0.004241943359375, 0.921875], [0.005597666837275028, -0.0007632131455466151, -0.9999840259552002, 1.5043859481811523], [0.5529606342315674, -0.8331989645957947, 0.003731258912011981, -1.174560546875], [0.0, 0.0, 0.0, 1.0]], [[0.9477316737174988, 0.3190462291240692, 0.0037741283886134624, -1.13818359375], [0.014854438602924347, -0.03230340778827667, -0.9993677139282227, 1.588623046875], [-0.31872251629829407, 0.9471884965896606, -0.035354211926460266, -0.105224609375], [0.0, 0.0, 0.0, 1.0]], [[0.0026486043352633715, 0.9997568726539612, -0.021889574825763702, 0.00244140625], [-0.010763009078800678, -0.02185988239943981, -0.9997031092643738, 1.578826904296875], [-0.9999385476112366, 0.0028834184631705284, 0.010702494531869888, -0.048828125], [0.0, 0.0, 0.0, 1.0]], [[-0.9345617294311523, 0.355094313621521, -0.02241234853863716, 1.046295166015625], [0.02165391482412815, -0.006110361311584711, -0.9997468590736389, 1.5535268783569336], [-0.35514137148857117, -0.9348104596138, -0.001978672342374921, -0.096923828125], [0.0, 0.0, 0.0, 1.0]]], "view": [[0.0, -2.0, 100.0], [-2.0, 0.0, 100.0], [0.0, 0.0, 1.0]], "bev": "bev_7565b67b4ced4b64a4cb492c5d554755.png", "aux": "aux_7565b67b4ced4b64a4cb492c5d554755.npz", "visibility": "visibility_7565b67b4ced4b64a4cb492c5d554755.png", "pose": [[0.9886890649795532, 0.1499795913696289, 0.0, 2031.02294921875], [-0.1499795913696289, 0.9886890649795532, 0.0, 2595.651611328125], [0.0, 0.0, 1.0, 0.0], [0.0, 0.0, 0.0, 1.0]], "pose_inverse": [[0.9886890649795532, -0.1499795913696289, 0.0, -1618.7554931640625], [0.1499795913696289, 0.9886890649795532, 0.0, -2870.904541015625], [0.0, 0.0, 1.0, 0.0], [0.0, 0.0, 0.0, 1.0]], "cam_ids": [0, 1, 2, 3, 4, 5], "cam_channels": ["CAM_FRONT_LEFT", "CAM_FRONT", "CAM_FRONT_RIGHT", "CAM_BACK_LEFT", "CAM_BACK", "CAM_BACK_RIGHT"], "token": "7565b67b4ced4b64a4cb492c5d554755", "scene": "scene-1056"}, {"images": ["samples/CAM_FRONT_LEFT/n015-2018-11-21-19-11-29+0800__CAM_FRONT_LEFT__1542799052754844.jpg", "samples/CAM_FRONT/n015-2018-11-21-19-11-29+0800__CAM_FRONT__1542799052762460.jpg", "samples/CAM_FRONT_RIGHT/n015-2018-11-21-19-11-29+0800__CAM_FRONT_RIGHT__1542799052770339.jpg", "samples/CAM_BACK_LEFT/n015-2018-11-21-19-11-29+0800__CAM_BACK_LEFT__1542799052797423.jpg", "samples/CAM_BACK/n015-2018-11-21-19-11-29+0800__CAM_BACK__1542799052787525.jpg", "samples/CAM_BACK_RIGHT/n015-2018-11-21-19-11-29+0800__CAM_BACK_RIGHT__1542799052777893.jpg"], "intrinsics": [[[1272.5979470598488, 0.0, 826.6154927353808], [0.0, 1272.5979470598488, 479.75165386361925], [0.0, 0.0, 1.0]], [[1266.417203046554, 0.0, 816.2670197447984], [0.0, 1266.417203046554, 491.50706579294757], [0.0, 0.0, 1.0]], [[1260.8474446004698, 0.0, 807.968244525554], [0.0, 1260.8474446004698, 495.3344268742088], [0.0, 0.0, 1.0]], [[1256.7414812095406, 0.0, 792.1125740759628], [0.0, 1256.7414812095406, 492.7757465151356], [0.0, 0.0, 1.0]], [[809.2209905677063, 0.0, 829.2196003259838], [0.0, 809.2209905677063, 481.77842384512485], [0.0, 0.0, 1.0]], [[1259.5137405846733, 0.0, 807.2529053838625], [0.0, 1259.5137405846733, 501.19579884916527], [0.0, 0.0, 1.0]]], "extrinsics": [[[0.8197148442268372, -0.5726489424705505, 0.011862378567457199, -0.8087005615234375], [0.005035565700381994, -0.013504641130566597, -0.9998961091041565, 1.5092124938964844], [0.5727496147155762, 0.8196895122528076, -0.008186344057321548, -1.17138671875], [0.0, 0.0, 0.0, 1.0]], [[0.0041884686797857285, -0.9998404383659363, 0.01736384443938732, 0.005859375], [0.00011679039744194597, -0.01736350730061531, -0.999849259853363, 1.5205535888671875], [0.9999911785125732, 0.004189840517938137, 4.404526771395467e-05, -1.53515625], [0.0, 0.0, 0.0, 1.0]], [[-0.8335033059120178, -0.5524902939796448, -0.005160634871572256, 0.93017578125], [0.006166653707623482, 3.730452590389177e-05, -0.9999809861183167, 1.504399299621582], [0.5524799823760986, -0.8335192799568176, 0.0033759234938770533, -1.1810302734375], [0.0, 0.0, 0.0, 1.0]], [[0.9478306770324707, 0.31872040033340454, 0.005864577367901802, -1.138427734375], [0.016174132004380226, -0.029709795489907265, -0.9994276762008667, 1.5886001586914062], [-0.3183637261390686, 0.9473830461502075, -0.03331488370895386, -0.1044921875], [0.0, 0.0, 0.0, 1.0]], [[0.0030496453400701284, 0.999796986579895, -0.01991884410381317, 0.0029296875], [-0.009719130583107471, -0.019888361915946007, -0.9997549653053284, 1.5789031982421875], [-0.9999480843544006, 0.0032424929086118937, 0.009656505659222603, -0.045166015625], [0.0, 0.0, 0.0, 1.0]], [[-0.9343804121017456, 0.3555549085140228, -0.022672565653920174, 1.052490234375], [0.022430364042520523, -0.004804067313671112, -0.9997369050979614, 1.5534534454345703], [-0.3555702567100525, -0.9346430897712708, -0.003486399771645665, -0.095458984375], [0.0, 0.0, 0.0, 1.0]]], "view": [[0.0, -2.0, 100.0], [-2.0, 0.0, 100.0], [0.0, 0.0, 1.0]], "bev": "bev_799d80c94c4a47cd9c7df49f6959018b.png", "aux": "aux_799d80c94c4a47cd9c7df49f6959018b.npz", "visibility": "visibility_799d80c94c4a47cd9c7df49f6959018b.png", "pose": [[0.9912402033805847, 0.13207155466079712, 0.0, 2033.676025390625], [-0.13207155466079712, 0.9912402033805847, 0.0, 2595.257568359375], [0.0, 0.0, 1.0, 0.0], [0.0, 0.0, 0.0, 1.0]], "pose_inverse": [[0.9912402033805847, -0.13207155466079712, 0.0, -1673.1016845703125], [0.13207155466079712, 0.9912402033805847, 0.0, -2841.1142578125], [0.0, 0.0, 1.0, 0.0], [0.0, 0.0, 0.0, 1.0]], "cam_ids": [0, 1, 2, 3, 4, 5], "cam_channels": ["CAM_FRONT_LEFT", "CAM_FRONT", "CAM_FRONT_RIGHT", "CAM_BACK_LEFT", "CAM_BACK", "CAM_BACK_RIGHT"], "token": "799d80c94c4a47cd9c7df49f6959018b", "scene": "scene-1056"}, {"images": ["samples/CAM_FRONT_LEFT/n015-2018-11-21-19-11-29+0800__CAM_FRONT_LEFT__1542799053254844.jpg", "samples/CAM_FRONT/n015-2018-11-21-19-11-29+0800__CAM_FRONT__1542799053262460.jpg", "samples/CAM_FRONT_RIGHT/n015-2018-11-21-19-11-29+0800__CAM_FRONT_RIGHT__1542799053270339.jpg", "samples/CAM_BACK_LEFT/n015-2018-11-21-19-11-29+0800__CAM_BACK_LEFT__1542799053297423.jpg", "samples/CAM_BACK/n015-2018-11-21-19-11-29+0800__CAM_BACK__1542799053287525.jpg", "samples/CAM_BACK_RIGHT/n015-2018-11-21-19-11-29+0800__CAM_BACK_RIGHT__1542799053277893.jpg"], "intrinsics": [[[1272.5979470598488, 0.0, 826.6154927353808], [0.0, 1272.5979470598488, 479.75165386361925], [0.0, 0.0, 1.0]], [[1266.417203046554, 0.0, 816.2670197447984], [0.0, 1266.417203046554, 491.50706579294757], [0.0, 0.0, 1.0]], [[1260.8474446004698, 0.0, 807.968244525554], [0.0, 1260.8474446004698, 495.3344268742088], [0.0, 0.0, 1.0]], [[1256.7414812095406, 0.0, 792.1125740759628], [0.0, 1256.7414812095406, 492.7757465151356], [0.0, 0.0, 1.0]], [[809.2209905677063, 0.0, 829.2196003259838], [0.0, 809.2209905677063, 481.77842384512485], [0.0, 0.0, 1.0]], [[1259.5137405846733, 0.0, 807.2529053838625], [0.0, 1259.5137405846733, 501.19579884916527], [0.0, 0.0, 1.0]]], "extrinsics": [[[0.8199096918106079, -0.5723304748535156, 0.013639837503433228, -0.791168212890625], [0.006329408381134272, -0.014761635102331638, -0.999871015548706, 1.5096073150634766], [0.572458028793335, 0.8198902010917664, -0.008480693213641644, -1.160888671875], [0.0, 0.0, 0.0, 1.0]], [[0.00441103707998991, -0.9998072981834412, 0.019130965694785118, 0.007080078125], [0.0005471855401992798, -0.01912873610854149, -0.99981689453125, 1.5206527709960938], [0.9999901056289673, 0.00442068325355649, 0.0004627025336958468, -1.5185546875], [0.0, 0.0, 0.0, 1.0]], [[-0.8334283232688904, -0.552616536617279, -0.003464018227532506, 0.919921875], [0.005658670328557491, -0.0022658430971205235, -0.9999814033508301, 1.5044121742248535], [0.5525984168052673, -0.8334324955940247, 0.005015493370592594, -1.172607421875], [0.0, 0.0, 0.0, 1.0]], [[0.9477567672729492, 0.3189924955368042, 0.0009726668940857053, -1.138671875], [0.012325681746006012, -0.03357352316379547, -0.9993602633476257, 1.5886001586914062], [-0.31875574588775635, 0.9471624493598938, -0.0357513353228569, -0.104736328125], [0.0, 0.0, 0.0, 1.0]], [[0.0028679242823272943, 0.9997240304946899, -0.0233174916356802, 0.00244140625], [-0.012341729365289211, -0.023280424997210503, -0.9996528029441833, 1.5787277221679688], [-0.9999197125434875, 0.003154718317091465, 0.01227155514061451, -0.0504150390625], [0.0, 0.0, 0.0, 1.0]], [[-0.9344313740730286, 0.3554426431655884, -0.02233104221522808, 1.0430908203125], [0.020999489352107048, -0.007604305632412434, -0.9997506141662598, 1.5535392761230469], [-0.35552382469177246, -0.9346672296524048, -0.0003584141086321324, -0.098388671875], [0.0, 0.0, 0.0, 1.0]]], "view": [[0.0, -2.0, 100.0], [-2.0, 0.0, 100.0], [0.0, 0.0, 1.0]], "bev": "bev_72022e6ed50c4c19ad6ae85201bd14fd.png", "aux": "aux_72022e6ed50c4c19ad6ae85201bd14fd.npz", "visibility": "visibility_72022e6ed50c4c19ad6ae85201bd14fd.png", "pose": [[0.9929409027099609, 0.11861029267311096, 0.0, 2035.9461669921875], [-0.11861029267311096, 0.9929409027099609, 0.0, 2594.958251953125], [0.0, 0.0, 1.0, 0.0], [0.0, 0.0, 0.0, 1.0]], "pose_inverse": [[0.9929409027099609, -0.11861029267311096, 0.0, -1713.785400390625], [0.11861029267311096, 0.9929409027099609, 0.0, -2818.124267578125], [0.0, 0.0, 1.0, 0.0], [0.0, 0.0, 0.0, 1.0]], "cam_ids": [0, 1, 2, 3, 4, 5], "cam_channels": ["CAM_FRONT_LEFT", "CAM_FRONT", "CAM_FRONT_RIGHT", "CAM_BACK_LEFT", "CAM_BACK", "CAM_BACK_RIGHT"], "token": "72022e6ed50c4c19ad6ae85201bd14fd", "scene": "scene-1056"}, {"images": ["samples/CAM_FRONT_LEFT/n015-2018-11-21-19-11-29+0800__CAM_FRONT_LEFT__1542799053754844.jpg", "samples/CAM_FRONT/n015-2018-11-21-19-11-29+0800__CAM_FRONT__1542799053762460.jpg", "samples/CAM_FRONT_RIGHT/n015-2018-11-21-19-11-29+0800__CAM_FRONT_RIGHT__1542799053770339.jpg", "samples/CAM_BACK_LEFT/n015-2018-11-21-19-11-29+0800__CAM_BACK_LEFT__1542799053797423.jpg", "samples/CAM_BACK/n015-2018-11-21-19-11-29+0800__CAM_BACK__1542799053787525.jpg", "samples/CAM_BACK_RIGHT/n015-2018-11-21-19-11-29+0800__CAM_BACK_RIGHT__1542799053777893.jpg"], "intrinsics": [[[1272.5979470598488, 0.0, 826.6154927353808], [0.0, 1272.5979470598488, 479.75165386361925], [0.0, 0.0, 1.0]], [[1266.417203046554, 0.0, 816.2670197447984], [0.0, 1266.417203046554, 491.50706579294757], [0.0, 0.0, 1.0]], [[1260.8474446004698, 0.0, 807.968244525554], [0.0, 1260.8474446004698, 495.3344268742088], [0.0, 0.0, 1.0]], [[1256.7414812095406, 0.0, 792.1125740759628], [0.0, 1256.7414812095406, 492.7757465151356], [0.0, 0.0, 1.0]], [[809.2209905677063, 0.0, 829.2196003259838], [0.0, 809.2209905677063, 481.77842384512485], [0.0, 0.0, 1.0]], [[1259.5137405846733, 0.0, 807.2529053838625], [0.0, 1259.5137405846733, 501.19579884916527], [0.0, 0.0, 1.0]]], "extrinsics": [[[0.8204274773597717, -0.5715500116348267, 0.01514348853379488, -0.7737884521484375], [-0.0003854379756376147, -0.0270390622317791, -0.9996342658996582, 1.5082015991210938], [0.5717504620552063, 0.8201215863227844, -0.022403886541724205, -1.14892578125], [0.0, 0.0, 0.0, 1.0]], [[0.005230344831943512, -0.9994900822639465, 0.031500156968832016, 0.0078125], [-0.005625870544463396, -0.031529501080513, -0.9994869828224182, 1.5195159912109375], [0.9999704360961914, 0.005050443112850189, -0.005787911359220743, -1.5018310546875], [0.0, 0.0, 0.0, 1.0]], [[-0.833130955696106, -0.5530156493186951, 0.008151362650096416, 0.909912109375], [4.6054599806666374e-05, -0.014807606115937233, -0.9998903274536133, 1.503662109375], [0.5530757308006287, -0.8330392241477966, 0.012362145818769932, -1.1658935546875], [0.0, 0.0, 0.0, 1.0]], [[0.9478135108947754, 0.31875768303871155, -0.006570398807525635, -1.142578125], [0.008889068849384785, -0.04702020436525345, -0.998854398727417, 1.5885391235351562], [-0.31870144605636597, 0.9466692805290222, -0.047399841248989105, -0.10302734375], [0.0, 0.0, 0.0, 1.0]], [[0.0026395628228783607, 0.9993349313735962, -0.03637101501226425, 0.00244140625], [-0.016622094437479973, -0.03632226586341858, -0.9992018938064575, 1.5784759521484375], [-0.9998583793640137, 0.003242033999413252, 0.016515163704752922, -0.052001953125], [0.0, 0.0, 0.0, 1.0]], [[-0.9346755146980286, 0.3548116981983185, -0.022144541144371033, 1.036376953125], [0.015963483601808548, -0.02033885195851326, -0.9996656775474548, 1.5531673431396484], [-0.3551434576511383, -0.9347165822982788, 0.01334619801491499, -0.100830078125], [0.0, 0.0, 0.0, 1.0]]], "view": [[0.0, -2.0, 100.0], [-2.0, 0.0, 100.0], [0.0, 0.0, 1.0]], "bev": "bev_9ffb0eec69b64b16b6efda03c689314b.png", "aux": "aux_9ffb0eec69b64b16b6efda03c689314b.npz", "visibility": "visibility_9ffb0eec69b64b16b6efda03c689314b.png", "pose": [[0.9942682981491089, 0.10691387951374054, 0.0, 2038.542724609375], [-0.10691387951374054, 0.9942682981491089, 0.0, 2594.650390625], [0.0, 0.0, 1.0, 0.0], [0.0, 0.0, 0.0, 1.0]], "pose_inverse": [[0.9942682981491089, -0.10691387951374054, 0.0, -1749.4542236328125], [0.10691387951374054, 0.9942682981491089, 0.0, -2797.72705078125], [0.0, 0.0, 1.0, 0.0], [0.0, 0.0, 0.0, 1.0]], "cam_ids": [0, 1, 2, 3, 4, 5], "cam_channels": ["CAM_FRONT_LEFT", "CAM_FRONT", "CAM_FRONT_RIGHT", "CAM_BACK_LEFT", "CAM_BACK", "CAM_BACK_RIGHT"], "token": "9ffb0eec69b64b16b6efda03c689314b", "scene": "scene-1056"}, {"images": ["samples/CAM_FRONT_LEFT/n015-2018-11-21-19-11-29+0800__CAM_FRONT_LEFT__1542799054254844.jpg", "samples/CAM_FRONT/n015-2018-11-21-19-11-29+0800__CAM_FRONT__1542799054262460.jpg", "samples/CAM_FRONT_RIGHT/n015-2018-11-21-19-11-29+0800__CAM_FRONT_RIGHT__1542799054270339.jpg", "samples/CAM_BACK_LEFT/n015-2018-11-21-19-11-29+0800__CAM_BACK_LEFT__1542799054297423.jpg", "samples/CAM_BACK/n015-2018-11-21-19-11-29+0800__CAM_BACK__1542799054287525.jpg", "samples/CAM_BACK_RIGHT/n015-2018-11-21-19-11-29+0800__CAM_BACK_RIGHT__1542799054277893.jpg"], "intrinsics": [[[1272.5979470598488, 0.0, 826.6154927353808], [0.0, 1272.5979470598488, 479.75165386361925], [0.0, 0.0, 1.0]], [[1266.417203046554, 0.0, 816.2670197447984], [0.0, 1266.417203046554, 491.50706579294757], [0.0, 0.0, 1.0]], [[1260.8474446004698, 0.0, 807.968244525554], [0.0, 1260.8474446004698, 495.3344268742088], [0.0, 0.0, 1.0]], [[1256.7414812095406, 0.0, 792.1125740759628], [0.0, 1256.7414812095406, 492.7757465151356], [0.0, 0.0, 1.0]], [[809.2209905677063, 0.0, 829.2196003259838], [0.0, 809.2209905677063, 481.77842384512485], [0.0, 0.0, 1.0]], [[1259.5137405846733, 0.0, 807.2529053838625], [0.0, 1259.5137405846733, 501.19579884916527], [0.0, 0.0, 1.0]]], "extrinsics": [[[0.8210296034812927, -0.5697575211524963, 0.03587213158607483, -0.761993408203125], [0.00976505782455206, -0.0488106906414032, -0.9987602829933167, 1.51068115234375], [0.5708021521568298, 0.8203619718551636, -0.034511301666498184, -1.140380859375], [0.0, 0.0, 0.0, 1.0]], [[0.006086509674787521, -0.998590350151062, 0.05272747203707695, 0.006591796875], [0.0049715242348611355, -0.05269758030772209, -0.9985981583595276, 1.521575927734375], [0.9999691247940063, 0.006340106949210167, 0.004643771331757307, -1.489990234375], [0.0, 0.0, 0.0, 1.0]], [[-0.8326004147529602, -0.5537782907485962, 0.010303668677806854, 0.902099609375], [0.011131057515740395, -0.03532879799604416, -0.9993137717247009, 1.505401611328125], [0.5537622570991516, -0.8319143056869507, 0.03557891026139259, -1.1617431640625], [0.0, 0.0, 0.0, 1.0]], [[0.9476783275604248, 0.31922683119773865, -0.00034565283567644656, -1.142333984375], [0.021635396406054497, -0.06530851125717163, -0.9976305365562439, 1.58856201171875], [-0.31849297881126404, 0.9454253315925598, -0.06879805773496628, -0.103759765625], [0.0, 0.0, 0.0, 1.0]], [[0.0024187457747757435, 0.9984632134437561, -0.055366478860378265, 0.00244140625], [-0.004416274838149548, -0.055355437099933624, -0.9984569549560547, 1.5791168212890625], [-0.9999873638153076, 0.0026595096569508314, 0.004275596234947443, -0.0552978515625], [0.0, 0.0, 0.0, 1.0]], [[-0.9346671104431152, 0.35326775908470154, -0.039990026503801346, 1.03070068359375], [0.027552660554647446, -0.04016781598329544, -0.9988129734992981, 1.5545806884765625], [-0.35445472598075867, -0.9346595406532288, 0.027810072526335716, -0.103515625], [0.0, 0.0, 0.0, 1.0]]], "view": [[0.0, -2.0, 100.0], [-2.0, 0.0, 100.0], [0.0, 0.0, 1.0]], "bev": "bev_32603e3f2af84ac7ac26c118c0c83be5.png", "aux": "aux_32603e3f2af84ac7ac26c118c0c83be5.npz", "visibility": "visibility_32603e3f2af84ac7ac26c118c0c83be5.png", "pose": [[0.9938111901283264, 0.11108240485191345, 0.0, 2041.3800048828125], [-0.11108240485191345, 0.9938111901283264, 0.0, 2594.330322265625], [0.0, 0.0, 1.0, 0.0], [0.0, 0.0, 0.0, 1.0]], "pose_inverse": [[0.9938111901283264, -0.11108240485191345, 0.0, -1740.5618896484375], [0.11108240485191345, 0.9938111901283264, 0.0, -2805.035888671875], [0.0, 0.0, 1.0, 0.0], [0.0, 0.0, 0.0, 1.0]], "cam_ids": [0, 1, 2, 3, 4, 5], "cam_channels": ["CAM_FRONT_LEFT", "CAM_FRONT", "CAM_FRONT_RIGHT", "CAM_BACK_LEFT", "CAM_BACK", "CAM_BACK_RIGHT"], "token": "32603e3f2af84ac7ac26c118c0c83be5", "scene": "scene-1056"}, {"images": ["samples/CAM_FRONT_LEFT/n015-2018-11-21-19-11-29+0800__CAM_FRONT_LEFT__1542799054754844.jpg", "samples/CAM_FRONT/n015-2018-11-21-19-11-29+0800__CAM_FRONT__1542799054762460.jpg", "samples/CAM_FRONT_RIGHT/n015-2018-11-21-19-11-29+0800__CAM_FRONT_RIGHT__1542799054770339.jpg", "samples/CAM_BACK_LEFT/n015-2018-11-21-19-11-29+0800__CAM_BACK_LEFT__1542799054797423.jpg", "samples/CAM_BACK/n015-2018-11-21-19-11-29+0800__CAM_BACK__1542799054787525.jpg", "samples/CAM_BACK_RIGHT/n015-2018-11-21-19-11-29+0800__CAM_BACK_RIGHT__1542799054777893.jpg"], "intrinsics": [[[1272.5979470598488, 0.0, 826.6154927353808], [0.0, 1272.5979470598488, 479.75165386361925], [0.0, 0.0, 1.0]], [[1266.417203046554, 0.0, 816.2670197447984], [0.0, 1266.417203046554, 491.50706579294757], [0.0, 0.0, 1.0]], [[1260.8474446004698, 0.0, 807.968244525554], [0.0, 1260.8474446004698, 495.3344268742088], [0.0, 0.0, 1.0]], [[1256.7414812095406, 0.0, 792.1125740759628], [0.0, 1256.7414812095406, 492.7757465151356], [0.0, 0.0, 1.0]], [[809.2209905677063, 0.0, 829.2196003259838], [0.0, 809.2209905677063, 481.77842384512485], [0.0, 0.0, 1.0]], [[1259.5137405846733, 0.0, 807.2529053838625], [0.0, 1259.5137405846733, 501.19579884916527], [0.0, 0.0, 1.0]]], "extrinsics": [[[0.8202714323997498, -0.5701659917831421, 0.04544709250330925, -0.7585601806640625], [0.02317938767373562, -0.046254657208919525, -0.998660683631897, 1.51409912109375], [0.571504533290863, 0.8202263116836548, -0.024725276976823807, -1.13720703125], [0.0, 0.0, 0.0, 1.0]], [[0.0052057248540222645, -0.9987257719039917, 0.05019603297114372, 0.0068359375], [0.017641540616750717, -0.05009717866778374, -0.9985885620117188, 1.5242080688476562], [0.9998307824134827, 0.006083915941417217, 0.017358267679810524, -1.485595703125], [0.0, 0.0, 0.0, 1.0]], [[-0.8327109813690186, -0.5537068247795105, -0.0010811053216457367, 0.8984375], [0.02303035371005535, -0.03268405422568321, -0.9992003440856934, 1.5073661804199219], [0.5532287359237671, -0.8320699334144592, 0.03996843844652176, -1.1593017578125], [0.0, 0.0, 0.0, 1.0]], [[0.9475733637809753, 0.3193987309932709, 0.009439032524824142, -1.143310546875], [0.030943244695663452, -0.06231971085071564, -0.9975764751434326, 1.5884780883789062], [-0.31803637742996216, 0.9455689787864685, -0.06893573701381683, -0.102783203125], [0.0, 0.0, 0.0, 1.0]], [[0.00285303290002048, 0.9986135363578796, -0.05256344750523567, 0.0029296875], [0.005793612450361252, -0.052579283714294434, -0.9986000061035156, 1.579681396484375], [-0.9999790787696838, 0.0025445062201470137, -0.005935590248554945, -0.0567626953125], [0.0, 0.0, 0.0, 1.0]], [[-0.9341764450073242, 0.35336822271347046, -0.04944821447134018, 1.0272216796875], [0.038680966943502426, -0.03747253119945526, -0.9985487461090088, 1.5559730529785156], [-0.35470837354660034, -0.9347334504127502, 0.02133733592927456, -0.104736328125], [0.0, 0.0, 0.0, 1.0]]], "view": [[0.0, -2.0, 100.0], [-2.0, 0.0, 100.0], [0.0, 0.0, 1.0]], "bev": "bev_bf190893684f4d58a4d4393a6bed7acb.png", "aux": "aux_bf190893684f4d58a4d4393a6bed7acb.npz", "visibility": "visibility_bf190893684f4d58a4d4393a6bed7acb.png", "pose": [[0.9934769868850708, 0.11403264850378036, 0.0, 2044.2708740234375], [-0.11403264850378036, 0.9934769868850708, 0.0, 2593.9990234375], [0.0, 0.0, 1.0, 0.0], [0.0, 0.0, 0.0, 1.0]], "pose_inverse": [[0.9934769868850708, -0.11403264850378036, 0.0, -1735.135498046875], [0.11403264850378036, 0.9934769868850708, 0.0, -2810.19189453125], [0.0, 0.0, 1.0, 0.0], [0.0, 0.0, 0.0, 1.0]], "cam_ids": [0, 1, 2, 3, 4, 5], "cam_channels": ["CAM_FRONT_LEFT", "CAM_FRONT", "CAM_FRONT_RIGHT", "CAM_BACK_LEFT", "CAM_BACK", "CAM_BACK_RIGHT"], "token": "bf190893684f4d58a4d4393a6bed7acb", "scene": "scene-1056"}, {"images": ["samples/CAM_FRONT_LEFT/n015-2018-11-21-19-11-29+0800__CAM_FRONT_LEFT__1542799055254844.jpg", "samples/CAM_FRONT/n015-2018-11-21-19-11-29+0800__CAM_FRONT__1542799055262460.jpg", "samples/CAM_FRONT_RIGHT/n015-2018-11-21-19-11-29+0800__CAM_FRONT_RIGHT__1542799055270339.jpg", "samples/CAM_BACK_LEFT/n015-2018-11-21-19-11-29+0800__CAM_BACK_LEFT__1542799055297423.jpg", "samples/CAM_BACK/n015-2018-11-21-19-11-29+0800__CAM_BACK__1542799055287525.jpg", "samples/CAM_BACK_RIGHT/n015-2018-11-21-19-11-29+0800__CAM_BACK_RIGHT__1542799055277893.jpg"], "intrinsics": [[[1272.5979470598488, 0.0, 826.6154927353808], [0.0, 1272.5979470598488, 479.75165386361925], [0.0, 0.0, 1.0]], [[1266.417203046554, 0.0, 816.2670197447984], [0.0, 1266.417203046554, 491.50706579294757], [0.0, 0.0, 1.0]], [[1260.8474446004698, 0.0, 807.968244525554], [0.0, 1260.8474446004698, 495.3344268742088], [0.0, 0.0, 1.0]], [[1256.7414812095406, 0.0, 792.1125740759628], [0.0, 1256.7414812095406, 492.7757465151356], [0.0, 0.0, 1.0]], [[809.2209905677063, 0.0, 829.2196003259838], [0.0, 809.2209905677063, 481.77842384512485], [0.0, 0.0, 1.0]], [[1259.5137405846733, 0.0, 807.2529053838625], [0.0, 1259.5137405846733, 501.19579884916527], [0.0, 0.0, 1.0]]], "extrinsics": [[[0.8206015825271606, -0.5706109404563904, 0.03187842294573784, -0.7562408447265625], [0.014258294366300106, -0.03532162681221962, -0.9992742538452148, 1.51190185546875], [0.5713228583335876, 0.8204604983329773, -0.020849045366048813, -1.136474609375], [0.0, 0.0, 0.0, 1.0]], [[0.005516106728464365, -0.9992206692695618, 0.03908504545688629, 0.00732421875], [0.00942629761993885, -0.03903195261955261, -0.999193549156189, 1.52252197265625], [0.9999403357505798, 0.0058800773695111275, 0.009203645400702953, -1.4833984375], [0.0, 0.0, 0.0, 1.0]], [[-0.8327597975730896, -0.5536332726478577, -0.0011110238265246153, 0.89697265625], [0.01560192834585905, -0.021461909636855125, -0.9996479153633118, 1.506195068359375], [0.553414523601532, -0.8324840068817139, 0.026510365307331085, -1.1578369140625], [0.0, 0.0, 0.0, 1.0]], [[0.9476348161697388, 0.31922516226768494, 0.009133939631283283, -1.135986328125], [0.02670658566057682, -0.05071393772959709, -0.99835604429245, 1.5887069702148438], [-0.31823715567588806, 0.9463210105895996, -0.056583717465400696, -0.105224609375], [0.0, 0.0, 0.0, 1.0]], [[0.002675768220797181, 0.9991527795791626, -0.041068825870752335, 0.0029296875], [0.0002904325374402106, -0.041069746017456055, -0.9991562366485596, 1.5793838500976562], [-0.9999963045120239, 0.002661591162905097, -0.0004000777262263, -0.061279296875], [0.0, 0.0, 0.0, 1.0]], [[-0.9344375729560852, 0.3539557158946991, -0.03926535323262215, 1.02496337890625], [0.032084956765174866, -0.026134153828024864, -0.9991434216499329, 1.5552787780761719], [-0.3546786606311798, -0.9348970055580139, 0.013064080849289894, -0.105224609375], [0.0, 0.0, 0.0, 1.0]]], "view": [[0.0, -2.0, 100.0], [-2.0, 0.0, 100.0], [0.0, 0.0, 1.0]], "bev": "bev_bc9e71ab2d924188b9df39cb57f14ae5.png", "aux": "aux_bc9e71ab2d924188b9df39cb57f14ae5.npz", "visibility": "visibility_bc9e71ab2d924188b9df39cb57f14ae5.png", "pose": [[0.9929103255271912, 0.11886583268642426, 0.0, 2047.177490234375], [-0.11886583268642426, 0.9929103255271912, 0.0, 2593.639892578125], [0.0, 0.0, 1.0, 0.0], [0.0, 0.0, 0.0, 1.0]], "pose_inverse": [[0.9929103255271912, -0.11886583268642426, 0.0, -1724.3685302734375], [0.11886583268642426, 0.9929103255271912, 0.0, -2818.59130859375], [0.0, 0.0, 1.0, 0.0], [0.0, 0.0, 0.0, 1.0]], "cam_ids": [0, 1, 2, 3, 4, 5], "cam_channels": ["CAM_FRONT_LEFT", "CAM_FRONT", "CAM_FRONT_RIGHT", "CAM_BACK_LEFT", "CAM_BACK", "CAM_BACK_RIGHT"], "token": "bc9e71ab2d924188b9df39cb57f14ae5", "scene": "scene-1056"}, {"images": ["samples/CAM_FRONT_LEFT/n015-2018-11-21-19-11-29+0800__CAM_FRONT_LEFT__1542799055754844.jpg", "samples/CAM_FRONT/n015-2018-11-21-19-11-29+0800__CAM_FRONT__1542799055762460.jpg", "samples/CAM_FRONT_RIGHT/n015-2018-11-21-19-11-29+0800__CAM_FRONT_RIGHT__1542799055770339.jpg", "samples/CAM_BACK_LEFT/n015-2018-11-21-19-11-29+0800__CAM_BACK_LEFT__1542799055797423.jpg", "samples/CAM_BACK/n015-2018-11-21-19-11-29+0800__CAM_BACK__1542799055787525.jpg", "samples/CAM_BACK_RIGHT/n015-2018-11-21-19-11-29+0800__CAM_BACK_RIGHT__1542799055777893.jpg"], "intrinsics": [[[1272.5979470598488, 0.0, 826.6154927353808], [0.0, 1272.5979470598488, 479.75165386361925], [0.0, 0.0, 1.0]], [[1266.417203046554, 0.0, 816.2670197447984], [0.0, 1266.417203046554, 491.50706579294757], [0.0, 0.0, 1.0]], [[1260.8474446004698, 0.0, 807.968244525554], [0.0, 1260.8474446004698, 495.3344268742088], [0.0, 0.0, 1.0]], [[1256.7414812095406, 0.0, 792.1125740759628], [0.0, 1256.7414812095406, 492.7757465151356], [0.0, 0.0, 1.0]], [[809.2209905677063, 0.0, 829.2196003259838], [0.0, 809.2209905677063, 481.77842384512485], [0.0, 0.0, 1.0]], [[1259.5137405846733, 0.0, 807.2529053838625], [0.0, 1259.5137405846733, 501.19579884916527], [0.0, 0.0, 1.0]]], "extrinsics": [[[0.8196858167648315, -0.5705782175064087, 0.05055410414934158, -0.7636566162109375], [0.036253672093153, -0.03640294447541237, -0.9986793398857117, 1.5171623229980469], [0.5716649889945984, 0.8204360604286194, -0.009153423830866814, -1.14111328125], [0.0, 0.0, 0.0, 1.0]], [[0.004781086463481188, -0.9991686344146729, 0.04048615321516991, 0.0068359375], [0.028804035857319832, -0.040332213044166565, -0.998771071434021, 1.5263824462890625], [0.9995735883712769, 0.005941374693065882, 0.028587257489562035, -1.4906005859375], [0.0, 0.0, 0.0, 1.0]], [[-0.832598090171814, -0.5537021160125732, -0.013941742479801178, 0.9013671875], [0.03205282986164093, -0.023038100451231003, -0.999220609664917, 1.5087041854858398], [0.5529494285583496, -0.8323960900306702, 0.03692919760942459, -1.1612548828125], [0.0, 0.0, 0.0, 1.0]], [[0.9474856853485107, 0.31952816247940063, 0.013139182701706886, -1.139892578125], [0.03185398504137993, -0.05341453477740288, -0.9980642199516296, 1.5886077880859375], [-0.3182078003883362, 0.9460700750350952, -0.060787755995988846, -0.104248046875], [0.0, 0.0, 0.0, 1.0]], [[0.0028947198297828436, 0.9990556240081787, -0.043353818356990814, 0.0029296875], [0.00979708507657051, -0.0433802530169487, -0.9990106225013733, 1.5799407958984375], [-0.9999477863311768, 0.002467116806656122, -0.00991340447217226, -0.05712890625], [0.0, 0.0, 0.0, 1.0]], [[-0.933856725692749, 0.35377687215805054, -0.052473608404397964, 1.0289306640625], [0.04549207538366318, -0.028027737513184547, -0.9985714554786682, 1.556668758392334], [-0.35474225878715515, -0.9349098205566406, 0.010079844854772091, -0.103759765625], [0.0, 0.0, 0.0, 1.0]]], "view": [[0.0, -2.0, 100.0], [-2.0, 0.0, 100.0], [0.0, 0.0, 1.0]], "bev": "bev_3f05d14b966a407681da6c317d59ec29.png", "aux": "aux_3f05d14b966a407681da6c317d59ec29.npz", "visibility": "visibility_3f05d14b966a407681da6c317d59ec29.png", "pose": [[0.9929205179214478, 0.11878065764904022, 0.0, 2050.014892578125], [-0.11878065764904022, 0.9929205179214478, 0.0, 2593.28271484375], [0.0, 0.0, 1.0, 0.0], [0.0, 0.0, 0.0, 1.0]], "pose_inverse": [[0.9929205179214478, -0.11878065764904022, 0.0, -1727.469970703125], [0.11878065764904022, 0.9929205179214478, 0.0, -2818.42578125], [0.0, 0.0, 1.0, 0.0], [0.0, 0.0, 0.0, 1.0]], "cam_ids": [0, 1, 2, 3, 4, 5], "cam_channels": ["CAM_FRONT_LEFT", "CAM_FRONT", "CAM_FRONT_RIGHT", "CAM_BACK_LEFT", "CAM_BACK", "CAM_BACK_RIGHT"], "token": "3f05d14b966a407681da6c317d59ec29", "scene": "scene-1056"}, {"images": ["samples/CAM_FRONT_LEFT/n015-2018-11-21-19-11-29+0800__CAM_FRONT_LEFT__1542799056254844.jpg", "samples/CAM_FRONT/n015-2018-11-21-19-11-29+0800__CAM_FRONT__1542799056262460.jpg", "samples/CAM_FRONT_RIGHT/n015-2018-11-21-19-11-29+0800__CAM_FRONT_RIGHT__1542799056270339.jpg", "samples/CAM_BACK_LEFT/n015-2018-11-21-19-11-29+0800__CAM_BACK_LEFT__1542799056297423.jpg", "samples/CAM_BACK/n015-2018-11-21-19-11-29+0800__CAM_BACK__1542799056287525.jpg", "samples/CAM_BACK_RIGHT/n015-2018-11-21-19-11-29+0800__CAM_BACK_RIGHT__1542799056277893.jpg"], "intrinsics": [[[1272.5979470598488, 0.0, 826.6154927353808], [0.0, 1272.5979470598488, 479.75165386361925], [0.0, 0.0, 1.0]], [[1266.417203046554, 0.0, 816.2670197447984], [0.0, 1266.417203046554, 491.50706579294757], [0.0, 0.0, 1.0]], [[1260.8474446004698, 0.0, 807.968244525554], [0.0, 1260.8474446004698, 495.3344268742088], [0.0, 0.0, 1.0]], [[1256.7414812095406, 0.0, 792.1125740759628], [0.0, 1256.7414812095406, 492.7757465151356], [0.0, 0.0, 1.0]], [[809.2209905677063, 0.0, 829.2196003259838], [0.0, 809.2209905677063, 481.77842384512485], [0.0, 0.0, 1.0]], [[1259.5137405846733, 0.0, 807.2529053838625], [0.0, 1259.5137405846733, 501.19579884916527], [0.0, 0.0, 1.0]]], "extrinsics": [[[0.8210706114768982, -0.5708133578300476, 0.0038885942194610834, -0.750335693359375], [-0.01697765477001667, -0.03122910112142563, -0.9993680715560913, 1.5038909912109375], [0.5705741047859192, 0.8204857110977173, -0.035332370549440384, -1.13330078125], [0.0, 0.0, 0.0, 1.0]], [[0.006356469355523586, -0.9993672966957092, 0.03499297797679901, 0.0078125], [-0.019732723012566566, -0.035112231969833374, -0.9991885423660278, 1.5163421630859375], [0.9997851252555847, 0.005660803057253361, -0.01994342729449272, -1.478271484375], [0.0, 0.0, 0.0, 1.0]], [[-0.8327030539512634, -0.5533837080001831, 0.019286658614873886, 0.894287109375], [-0.011408359743654728, -0.01767781190574169, -0.9997786283493042, 1.5017623901367188], [0.5536021590232849, -0.8327388167381287, 0.008407168090343475, -1.155517578125], [0.0, 0.0, 0.0, 1.0]], [[0.9476925730705261, 0.3190631866455078, -0.008799612522125244, -1.1435546875], [0.0065514277666807175, -0.047007735818624496, -0.9988730549812317, 1.5885696411132812], [-0.3191172182559967, 0.9465669989585876, -0.046639200299978256, -0.103759765625], [0.0, 0.0, 0.0, 1.0]], [[0.0021337540820240974, 0.9992952942848206, -0.03747577965259552, 0.002197265625], [-0.022222092375159264, -0.03741922602057457, -0.9990525245666504, 1.578033447265625], [-0.9997507929801941, 0.0029645280446857214, 0.022126587107777596, -0.059326171875], [0.0, 0.0, 0.0, 1.0]], [[-0.9349550604820251, 0.35446441173553467, -0.014625337906181812, 1.022705078125], [0.007130071986466646, -0.022442271932959557, -0.9997227191925049, 1.5523223876953125], [-0.3546943962574005, -0.9348001480102539, 0.018455155193805695, -0.10595703125], [0.0, 0.0, 0.0, 1.0]]], "view": [[0.0, -2.0, 100.0], [-2.0, 0.0, 100.0], [0.0, 0.0, 1.0]], "bev": "bev_752d779dc21a4ded8432899561ec6666.png", "aux": "aux_752d779dc21a4ded8432899561ec6666.npz", "visibility": "visibility_752d779dc21a4ded8432899561ec6666.png", "pose": [[0.9926777482032776, 0.12079274654388428, 0.0, 2052.9267578125], [-0.12079274654388428, 0.9926777482032776, 0.0, 2592.91064453125], [0.0, 0.0, 1.0, 0.0], [0.0, 0.0, 0.0, 1.0]], "pose_inverse": [[0.9926777482032776, -0.12079274654388428, 0.0, -1724.68994140625], [0.12079274654388428, 0.9926777482032776, 0.0, -2821.9033203125], [0.0, 0.0, 1.0, 0.0], [0.0, 0.0, 0.0, 1.0]], "cam_ids": [0, 1, 2, 3, 4, 5], "cam_channels": ["CAM_FRONT_LEFT", "CAM_FRONT", "CAM_FRONT_RIGHT", "CAM_BACK_LEFT", "CAM_BACK", "CAM_BACK_RIGHT"], "token": "752d779dc21a4ded8432899561ec6666", "scene": "scene-1056"}, {"images": ["samples/CAM_FRONT_LEFT/n015-2018-11-21-19-11-29+0800__CAM_FRONT_LEFT__1542799056754844.jpg", "samples/CAM_FRONT/n015-2018-11-21-19-11-29+0800__CAM_FRONT__1542799056762460.jpg", "samples/CAM_FRONT_RIGHT/n015-2018-11-21-19-11-29+0800__CAM_FRONT_RIGHT__1542799056770339.jpg", "samples/CAM_BACK_LEFT/n015-2018-11-21-19-11-29+0800__CAM_BACK_LEFT__1542799056797423.jpg", "samples/CAM_BACK/n015-2018-11-21-19-11-29+0800__CAM_BACK__1542799056787525.jpg", "samples/CAM_BACK_RIGHT/n015-2018-11-21-19-11-29+0800__CAM_BACK_RIGHT__1542799056777893.jpg"], "intrinsics": [[[1272.5979470598488, 0.0, 826.6154927353808], [0.0, 1272.5979470598488, 479.75165386361925], [0.0, 0.0, 1.0]], [[1266.417203046554, 0.0, 816.2670197447984], [0.0, 1266.417203046554, 491.50706579294757], [0.0, 0.0, 1.0]], [[1260.8474446004698, 0.0, 807.968244525554], [0.0, 1260.8474446004698, 495.3344268742088], [0.0, 0.0, 1.0]], [[1256.7414812095406, 0.0, 792.1125740759628], [0.0, 1256.7414812095406, 492.7757465151356], [0.0, 0.0, 1.0]], [[809.2209905677063, 0.0, 829.2196003259838], [0.0, 809.2209905677063, 481.77842384512485], [0.0, 0.0, 1.0]], [[1259.5137405846733, 0.0, 807.2529053838625], [0.0, 1259.5137405846733, 501.19579884916527], [0.0, 0.0, 1.0]]], "extrinsics": [[[0.8207659721374512, -0.5710489749908447, 0.015695523470640182, -0.728363037109375], [0.0050134132616221905, -0.02027367427945137, -0.9997819066047668, 1.5097084045410156], [0.57124263048172, 0.8206656575202942, -0.013777039013803005, -1.1162109375], [0.0, 0.0, 0.0, 1.0]], [[0.005684074480086565, -0.999688982963562, 0.024283085018396378, 0.0068359375], [3.465285408310592e-05, -0.024283282458782196, -0.9997051358222961, 1.5205459594726562], [0.9999839067459106, 0.005683251190930605, -0.00010338646825402975, -1.4547119140625], [0.0, 0.0, 0.0, 1.0]], [[-0.8328593969345093, -0.5534834861755371, -0.0011510460171848536, 0.878173828125], [0.0060462043620646, -0.007018533535301685, -0.9999570846557617, 1.5047645568847656], [0.553451657295227, -0.832830548286438, 0.009191924706101418, -1.1455078125], [0.0, 0.0, 0.0, 1.0]], [[0.9477133750915527, 0.31910204887390137, 0.0036302367225289345, -1.139404296875], [0.016289720311760902, -0.037012360990047455, -0.9991820454597473, 1.5886001586914062], [-0.3187066316604614, 0.946997344493866, -0.040275197476148605, -0.1044921875], [0.0, 0.0, 0.0, 1.0]], [[0.0024662320502102375, 0.9996268153190613, -0.027206996455788612, 0.0029296875], [-0.009705847129225731, -0.027181867510080338, -0.9995834231376648, 1.5786819458007812], [-0.9999498724937439, 0.0027292680460959673, 0.009635187685489655, -0.068359375],