[{"images": ["samples/CAM_FRONT_LEFT/n008-2018-09-18-13-10-39-0400__CAM_FRONT_LEFT__1537290776354799.jpg", "samples/CAM_FRONT/n008-2018-09-18-13-10-39-0400__CAM_FRONT__1537290776362404.jpg", "samples/CAM_FRONT_RIGHT/n008-2018-09-18-13-10-39-0400__CAM_FRONT_RIGHT__1537290776370482.jpg", "samples/CAM_BACK_LEFT/n008-2018-09-18-13-10-39-0400__CAM_BACK_LEFT__1537290776397405.jpg", "samples/CAM_BACK/n008-2018-09-18-13-10-39-0400__CAM_BACK__1537290776387558.jpg", "samples/CAM_BACK_RIGHT/n008-2018-09-18-13-10-39-0400__CAM_BACK_RIGHT__1537290776378113.jpg"], "intrinsics": [[[1257.8625342125129, 0.0, 827.2410631095686], [0.0, 1257.8625342125129, 450.915498205774], [0.0, 0.0, 1.0]], [[1252.8131021185304, 0.0, 826.588114781398], [0.0, 1252.8131021185304, 469.9846626224581], [0.0, 0.0, 1.0]], [[1256.7485116440405, 0.0, 817.7887570959712], [0.0, 1256.7485116440403, 451.9541780095127], [0.0, 0.0, 1.0]], [[1254.9860565800168, 0.0, 829.5769333630991], [0.0, 1254.9860565800168, 467.1680561863987], [0.0, 0.0, 1.0]], [[796.8910634503094, 0.0, 857.7774326863696], [0.0, 796.8910634503094, 476.8848988407415], [0.0, 0.0, 1.0]], [[1249.9629280788233, 0.0, 825.3768045375984], [0.0, 1249.9629280788233, 462.54816385708756], [0.0, 0.0, 1.0]]], "extrinsics": [[[0.8223637938499451, -0.5689502358436584, -0.003683611983433366, -0.8089599609375], [0.0004812444094568491, 0.007169829681515694, -0.9999741911888123, 1.4884028434753418], [0.5689619779586792, 0.822340726852417, 0.006170012056827545, -1.1988754272460938], [0.0, 0.0, 0.0, 1.0]], [[0.009861034341156483, -0.9999468326568604, -0.002997948555275798, 0.008026123046875], [0.002357843331992626, 0.0030213373247534037, -0.9999926686286926, 1.4806283712387085], [0.9999486804008484, 0.009853905066847801, 0.002387511543929577, -1.53741455078125], [0.0, 0.0, 0.0, 1.0]], [[-0.8442330360412598, -0.5359463691711426, -0.005649017170071602, 0.960662841796875], [0.010304789058864117, -0.005692766979336739, -0.9999306797981262, 1.494664192199707], [0.5358771681785583, -0.8442327976226807, 0.010328837670385838, -1.194580078125], [0.0, 0.0, 0.0, 1.0]], [[0.9478334188461304, 0.318559467792511, -0.011470706202089787, -1.1356201171875], [-0.015302388928830624, 0.009528127498924732, -0.9998375177383423, 1.5619096755981445], [-0.31839847564697266, 0.9478550553321838, 0.013905799947679043, -0.15875244140625], [0.0, 0.0, 0.0, 1.0]], [[0.009387193247675896, 0.9999542832374573, 0.001833830727264285, -0.028350830078125], [-0.013084529899060726, 0.0019565888214856386, -0.999912440776825, 1.5672531127929688], [-0.9998703598976135, 0.009362317621707916, 0.01310229767113924, -0.01751708984375], [0.0, 0.0, 0.0, 1.0]], [[-0.9236452579498291, 0.383248507976532, 0.00018089327204506844, 1.05633544921875], [-0.008809520862996578, -0.02075944095849991, -0.9997456669807434, 1.5468230247497559], [-0.38314729928970337, -0.9234119653701782, 0.022550594061613083, -0.086669921875], [0.0, 0.0, 0.0, 1.0]]], "view": [[0.0, -2.0, 100.0], [-2.0, 0.0, 100.0], [0.0, 0.0, 1.0]], "bev": "bev_196e8df0f64a48fab582d4896df4abc2.png", "aux": "aux_196e8df0f64a48fab582d4896df4abc2.npz", "visibility": "visibility_196e8df0f64a48fab582d4896df4abc2.png", "pose": [[-0.6547564268112183, 0.7558399438858032, 0.0, 904.1822509765625], [-0.7558399438858032, -0.6547564268112183, 0.0, 346.40069580078125], [0.0, 0.0, 1.0, 0.0], [0.0, 0.0, 0.0, 1.0]], "pose_inverse": [[-0.6547564268112183, -0.7558399438858032, 0.0, 853.8425903320312], [0.7558399438858032, -0.6547564268112183, 0.0, -456.6089782714844], [0.0, 0.0, 1.0, 0.0], [0.0, 0.0, 0.0, 1.0]], "cam_ids": [0, 1, 2, 3, 4, 5], "cam_channels": ["CAM_FRONT_LEFT", "CAM_FRONT", "CAM_FRONT_RIGHT", "CAM_BACK_LEFT", "CAM_BACK", "CAM_BACK_RIGHT"], "token": "196e8df0f64a48fab582d4896df4abc2", "scene": "scene-0570"}, {"images": ["samples/CAM_FRONT_LEFT/n008-2018-09-18-13-10-39-0400__CAM_FRONT_LEFT__1537290776854803.jpg", "samples/CAM_FRONT/n008-2018-09-18-13-10-39-0400__CAM_FRONT__1537290776862404.jpg", "samples/CAM_FRONT_RIGHT/n008-2018-09-18-13-10-39-0400__CAM_FRONT_RIGHT__1537290776870482.jpg", "samples/CAM_BACK_LEFT/n008-2018-09-18-13-10-39-0400__CAM_BACK_LEFT__1537290776897405.jpg", "samples/CAM_BACK/n008-2018-09-18-13-10-39-0400__CAM_BACK__1537290776887558.jpg", "samples/CAM_BACK_RIGHT/n008-2018-09-18-13-10-39-0400__CAM_BACK_RIGHT__1537290776878113.jpg"], "intrinsics": [[[1257.8625342125129, 0.0, 827.2410631095686], [0.0, 1257.8625342125129, 450.915498205774], [0.0, 0.0, 1.0]], [[1252.8131021185304, 0.0, 826.588114781398], [0.0, 1252.8131021185304, 469.9846626224581], [0.0, 0.0, 1.0]], [[1256.7485116440405, 0.0, 817.7887570959712], [0.0, 1256.7485116440403, 451.9541780095127], [0.0, 0.0, 1.0]], [[1254.9860565800168, 0.0, 829.5769333630991], [0.0, 1254.9860565800168, 467.1680561863987], [0.0, 0.0, 1.0]], [[796.8910634503094, 0.0, 857.7774326863696], [0.0, 796.8910634503094, 476.8848988407415], [0.0, 0.0, 1.0]], [[1249.9629280788233, 0.0, 825.3768045375984], [0.0, 1249.9629280788233, 462.54816385708756], [0.0, 0.0, 1.0]]], "extrinsics": [[[0.8224291801452637, -0.5688391327857971, -0.0056738825514912605, -0.82440185546875], [-0.002053897362202406, 0.0070046973414719105, -0.9999733567237854, 1.48783540725708], [0.5688637495040894, 0.8224190473556519, 0.0045925285667181015, -1.2101974487304688], [0.0, 0.0, 0.0, 1.0]], [[0.009995833970606327, -0.999945878982544, -0.0028830580413341522, 0.008270263671875], [-0.00016551649605389684, 0.002881546737626195, -0.9999958276748657, 1.4801323413848877], [0.9999499917030334, 0.009996249340474606, -0.0001367030490655452, -1.5543212890625], [0.0, 0.0, 0.0, 1.0]], [[-0.8441809415817261, -0.5360470414161682, -0.0034564926754683256, 0.972564697265625], [0.007783612236380577, -0.005810027942061424, -0.9999527931213379, 1.4941682815551758], [0.5360017418861389, -0.8441680669784546, 0.009077098220586777, -1.20172119140625], [0.0, 0.0, 0.0, 1.0]], [[0.947808027267456, 0.31854426860809326, -0.013763436116278172, -1.1343994140625], [-0.017686709761619568, 0.009427055716514587, -0.9997991323471069, 1.5618648529052734], [-0.31835052371025085, 0.9478610754013062, 0.014569040387868881, -0.15924072265625], [0.0, 0.0, 0.0, 1.0]], [[0.009356796741485596, 0.9999547004699707, 0.001729392446577549, -0.028656005859375], [-0.015442323870956898, 0.0018737600184977055, -0.9998789429664612, 1.5671720504760742], [-0.9998369812965393, 0.00932890735566616, 0.015459159389138222, -0.01318359375], [0.0, 0.0, 0.0, 1.0]], [[-0.9236729145050049, 0.38317379355430603, 0.0024625619407743216, 1.0650634765625], [-0.011318523436784744, -0.02085931971669197, -0.9997183084487915, 1.5466538667678833], [-0.3830144703388214, -0.92344069480896, 0.023604152724146843, -0.08280181884765625], [0.0, 0.0, 0.0, 1.0]]], "view": [[0.0, -2.0, 100.0], [-2.0, 0.0, 100.0], [0.0, 0.0, 1.0]], "bev": "bev_c6e6ff6abb0f4feea9175e960ccca007.png", "aux": "aux_c6e6ff6abb0f4feea9175e960ccca007.npz", "visibility": "visibility_c6e6ff6abb0f4feea9175e960ccca007.png", "pose": [[-0.6552426218986511, 0.7554184794425964, 0.0, 902.4780883789062], [-0.7554184794425964, -0.6552426218986511, 0.0, 344.4699401855469], [0.0, 0.0, 1.0, 0.0], [0.0, 0.0, 0.0, 1.0]], "pose_inverse": [[-0.6552426218986511, -0.7554184794425964, 0.0, 851.5610961914062], [0.7554184794425964, -0.6552426218986511, 0.0, -456.0372619628906], [0.0, 0.0, 1.0, 0.0], [0.0, 0.0, 0.0, 1.0]], "cam_ids": [0, 1, 2, 3, 4, 5], "cam_channels": ["CAM_FRONT_LEFT", "CAM_FRONT", "CAM_FRONT_RIGHT", "CAM_BACK_LEFT", "CAM_BACK", "CAM_BACK_RIGHT"], "token": "c6e6ff6abb0f4feea9175e960ccca007", "scene": "scene-0570"}, {"images": ["samples/CAM_FRONT_LEFT/n008-2018-09-18-13-10-39-0400__CAM_FRONT_LEFT__1537290777354829.jpg", "samples/CAM_FRONT/n008-2018-09-18-13-10-39-0400__CAM_FRONT__1537290777362404.jpg", "samples/CAM_FRONT_RIGHT/n008-2018-09-18-13-10-39-0400__CAM_FRONT_RIGHT__1537290777370482.jpg", "samples/CAM_BACK_LEFT/n008-2018-09-18-13-10-39-0400__CAM_BACK_LEFT__1537290777397405.jpg", "samples/CAM_BACK/n008-2018-09-18-13-10-39-0400__CAM_BACK__1537290777387558.jpg", "samples/CAM_BACK_RIGHT/n008-2018-09-18-13-10-39-0400__CAM_BACK_RIGHT__1537290777378113.jpg"], "intrinsics": [[[1257.8625342125129, 0.0, 827.2410631095686], [0.0, 1257.8625342125129, 450.915498205774], [0.0, 0.0, 1.0]], [[1252.8131021185304, 0.0, 826.588114781398], [0.0, 1252.8131021185304, 469.9846626224581], [0.0, 0.0, 1.0]], [[1256.7485116440405, 0.0, 817.7887570959712], [0.0, 1256.7485116440403, 451.9541780095127], [0.0, 0.0, 1.0]], [[1254.9860565800168, 0.0, 829.5769333630991], [0.0, 1254.9860565800168, 467.1680561863987], [0.0, 0.0, 1.0]], [[796.8910634503094, 0.0, 857.7774326863696], [0.0, 796.8910634503094, 476.8848988407415], [0.0, 0.0, 1.0]], [[1249.9629280788233, 0.0, 825.3768045375984], [0.0, 1249.9629280788233, 462.54816385708756], [0.0, 0.0, 1.0]]], "extrinsics": [[[0.8226394057273865, -0.5685358643531799, -0.00560880359262228, -0.83575439453125], [-0.0032021156512200832, 0.005231880117207766, -0.999981164932251, 1.48762845993042], [0.5685545206069946, 0.822641909122467, 0.0024834326468408108, -1.2189483642578125], [0.0, 0.0, 0.0, 1.0]], [[0.010444918647408485, -0.999944806098938, -0.0011558171827346087, 0.00897216796875], [-0.001270478474907577, 0.0011426092823967338, -0.9999985694885254, 1.4799476861953735], [0.9999446868896484, 0.010446416214108467, -0.001258474076166749, -1.5650634765625], [0.0, 0.0, 0.0, 1.0]], [[-0.8439429402351379, -0.5364304780960083, -0.0016592515166848898, 0.9794921875], [0.006726677063852549, -0.007489814423024654, -0.9999493360519409, 1.4939746856689453], [0.5363908410072327, -0.843911349773407, 0.009929369203746319, -1.20513916015625], [0.0, 0.0, 0.0, 1.0]], [[0.9477832913398743, 0.3185453712940216, -0.015350837260484695, -1.13580322265625], [-0.018872587010264397, 0.00797219853848219, -0.9997900724411011, 1.561880111694336], [-0.3183562159538269, 0.947874128818512, 0.013567694462835789, -0.15887451171875], [0.0, 0.0, 0.0, 1.0]], [[0.009172321297228336, 0.9999579191207886, 0.00018562725745141506, -0.02899169921875], [-0.01669210009276867, 0.0003387205651961267, -0.9998605847358704, 1.5671577453613281], [-0.9998186230659485, 0.009167914278805256, 0.016694504767656326, -0.00970458984375], [0.0, 0.0, 0.0, 1.0]], [[-0.9237971901893616, 0.3828718960285187, 0.0028222708497196436, 1.0701904296875], [-0.0123711246997118, -0.022480284795165062, -0.999670684337616, 1.5466315746307373], [-0.38268232345581055, -0.9235278964042664, 0.02550377883017063, -0.0799407958984375], [0.0, 0.0, 0.0, 1.0]]], "view": [[0.0, -2.0, 100.0], [-2.0, 0.0, 100.0], [0.0, 0.0, 1.0]], "bev": "bev_f747a5367a0e42238f738262cfeb26a4.png", "aux": "aux_f747a5367a0e42238f738262cfeb26a4.npz", "visibility": "visibility_f747a5367a0e42238f738262cfeb26a4.png", "pose": [[-0.6552554368972778, 0.7554073929786682, 0.0, 900.9338989257812], [-0.7554073929786682, -0.6552554368972778, 0.0, 342.71234130859375], [0.0, 0.0, 1.0, 0.0], [0.0, 0.0, 0.0, 1.0]], "pose_inverse": [[-0.6552554368972778, -0.7554073929786682, 0.0, 849.229248046875], [0.7554073929786682, -0.6552554368972778, 0.0, -456.00799560546875], [0.0, 0.0, 1.0, 0.0], [0.0, 0.0, 0.0, 1.0]], "cam_ids": [0, 1, 2, 3, 4, 5], "cam_channels": ["CAM_FRONT_LEFT", "CAM_FRONT", "CAM_FRONT_RIGHT", "CAM_BACK_LEFT", "CAM_BACK", "CAM_BACK_RIGHT"], "token": "f747a5367a0e42238f738262cfeb26a4", "scene": "scene-0570"}, {"images": ["samples/CAM_FRONT_LEFT/n008-2018-09-18-13-10-39-0400__CAM_FRONT_LEFT__1537290777854799.jpg", "samples/CAM_FRONT/n008-2018-09-18-13-10-39-0400__CAM_FRONT__1537290777862404.jpg", "samples/CAM_FRONT_RIGHT/n008-2018-09-18-13-10-39-0400__CAM_FRONT_RIGHT__1537290777870482.jpg", "samples/CAM_BACK_LEFT/n008-2018-09-18-13-10-39-0400__CAM_BACK_LEFT__1537290777897405.jpg", "samples/CAM_BACK/n008-2018-09-18-13-10-39-0400__CAM_BACK__1537290777887558.jpg", "samples/CAM_BACK_RIGHT/n008-2018-09-18-13-10-39-0400__CAM_BACK_RIGHT__1537290777878113.jpg"], "intrinsics": [[[1257.8625342125129, 0.0, 827.2410631095686], [0.0, 1257.8625342125129, 450.915498205774], [0.0, 0.0, 1.0]], [[1252.8131021185304, 0.0, 826.588114781398], [0.0, 1252.8131021185304, 469.9846626224581], [0.0, 0.0, 1.0]], [[1256.7485116440405, 0.0, 817.7887570959712], [0.0, 1256.7485116440403, 451.9541780095127], [0.0, 0.0, 1.0]], [[1254.9860565800168, 0.0, 829.5769333630991], [0.0, 1254.9860565800168, 467.1680561863987], [0.0, 0.0, 1.0]], [[796.8910634503094, 0.0, 857.7774326863696], [0.0, 796.8910634503094, 476.8848988407415], [0.0, 0.0, 1.0]], [[1249.9629280788233, 0.0, 825.3768045375984], [0.0, 1249.9629280788233, 462.54816385708756], [0.0, 0.0, 1.0]]], "extrinsics": [[[0.8224500417709351, -0.5687581300735474, -0.009492929093539715, -0.83795166015625], [-0.008341118693351746, 0.0046282303519546986, -0.9999544620513916, 1.4866037368774414], [0.5687761902809143, 0.8224918246269226, -0.0009375922381877899, -1.2205581665039062], [0.0, 0.0, 0.0, 1.0]], [[0.01014090795069933, -0.9999485015869141, -0.0003799302503466606, 0.0089111328125], [-0.006571762263774872, 0.00031329330522567034, -0.9999784231185913, 1.4790644645690918], [0.9999269247055054, 0.010143197141587734, -0.006568246055394411, -1.567138671875], [0.0, 0.0, 0.0, 1.0]], [[-0.8440935611724854, -0.5361842513084412, 0.0035222305450588465, 0.9808349609375], [0.0013134084874764085, -0.00863646250218153, -0.999961793422699, 1.4932546615600586], [0.5361942052841187, -0.8440567851066589, 0.0079942112788558, -1.20611572265625], [0.0, 0.0, 0.0, 1.0]], [[0.9476974010467529, 0.3184566795825958, -0.021332846954464912, -1.13623046875], [-0.024366263300180435, 0.005544424057006836, -0.9996877312660217, 1.5618457794189453], [-0.31823891401290894, 0.9479212164878845, 0.013014034368097782, -0.15869140625], [0.0, 0.0, 0.0, 1.0]], [[0.009303761646151543, 0.9999550580978394, -0.0018225895473733544, -0.028839111328125], [-0.022147243842482567, -0.0016161591047421098, -0.9997534155845642, 1.5668907165527344], [-0.9997113943099976, 0.009341906756162643, 0.022131212055683136, -0.00860595703125], [0.0, 0.0, 0.0, 1.0]], [[-0.9236847758293152, 0.3830840587615967, 0.0072856261394917965, 1.07159423828125], [-0.017826206982135773, -0.023972341790795326, -0.9995536208152771, 1.5461220741271973], [-0.3827383816242218, -0.9234023690223694, 0.028971822932362556, -0.07961273193359375], [0.0, 0.0, 0.0, 1.0]]], "view": [[0.0, -2.0, 100.0], [-2.0, 0.0, 100.0], [0.0, 0.0, 1.0]], "bev": "bev_48282a6f8d644641bb5367c540af2f79.png", "aux": "aux_48282a6f8d644641bb5367c540af2f79.npz", "visibility": "visibility_48282a6f8d644641bb5367c540af2f79.png", "pose": [[-0.655240535736084, 0.7554203271865845, 0.0, 899.4214477539062], [-0.7554203271865845, -0.655240535736084, 0.0, 341.0053405761719], [0.0, 0.0, 1.0, 0.0], [0.0, 0.0, 0.0, 1.0]], "pose_inverse": [[-0.655240535736084, -0.7554203271865845, 0.0, 846.9397583007812], [0.7554203271865845, -0.655240535736084, 0.0, -456.000732421875], [0.0, 0.0, 1.0, 0.0], [0.0, 0.0, 0.0, 1.0]], "cam_ids": [0, 1, 2, 3, 4, 5], "cam_channels": ["CAM_FRONT_LEFT", "CAM_FRONT", "CAM_FRONT_RIGHT", "CAM_BACK_LEFT", "CAM_BACK", "CAM_BACK_RIGHT"], "token": "48282a6f8d644641bb5367c540af2f79", "scene": "scene-0570"}, {"images": ["samples/CAM_FRONT_LEFT/n008-2018-09-18-13-10-39-0400__CAM_FRONT_LEFT__1537290778354799.jpg", "samples/CAM_FRONT/n008-2018-09-18-13-10-39-0400__CAM_FRONT__1537290778362404.jpg", "samples/CAM_FRONT_RIGHT/n008-2018-09-18-13-10-39-0400__CAM_FRONT_RIGHT__1537290778370482.jpg", "samples/CAM_BACK_LEFT/n008-2018-09-18-13-10-39-0400__CAM_BACK_LEFT__1537290778397405.jpg", "samples/CAM_BACK/n008-2018-09-18-13-10-39-0400__CAM_BACK__1537290778387558.jpg", "samples/CAM_BACK_RIGHT/n008-2018-09-18-13-10-39-0400__CAM_BACK_RIGHT__1537290778378113.jpg"], "intrinsics": [[[1257.8625342125129, 0.0, 827.2410631095686], [0.0, 1257.8625342125129, 450.915498205774], [0.0, 0.0, 1.0]], [[1252.8131021185304, 0.0, 826.588114781398], [0.0, 1252.8131021185304, 469.9846626224581], [0.0, 0.0, 1.0]], [[1256.7485116440405, 0.0, 817.7887570959712], [0.0, 1256.7485116440403, 451.9541780095127], [0.0, 0.0, 1.0]], [[1254.9860565800168, 0.0, 829.5769333630991], [0.0, 1254.9860565800168, 467.1680561863987], [0.0, 0.0, 1.0]], [[796.8910634503094, 0.0, 857.7774326863696], [0.0, 796.8910634503094, 476.8848988407415], [0.0, 0.0, 1.0]], [[1249.9629280788233, 0.0, 825.3768045375984], [0.0, 1249.9629280788233, 462.54816385708756], [0.0, 0.0, 1.0]]], "extrinsics": [[[0.8225386142730713, -0.5686084032058716, -0.010715499520301819, -0.853759765625], [-0.01242532953619957, 0.0008694154093973339, -0.9999224543571472, 1.4860267639160156], [0.5685735940933228, 0.8226078748703003, -0.006350020412355661, -1.2318344116210938], [0.0, 0.0, 0.0, 1.0]], [[0.010369069874286652, -0.9999414086341858, 0.003102255752310157, 0.009063720703125], [-0.01059228926897049, -0.00321208662353456, -0.9999387264251709, 1.4785757064819336], [0.999890148639679, 0.010335585102438927, -0.010624975897371769, -1.58416748046875], [0.0, 0.0, 0.0, 1.0]], [[-0.8439660668373108, -0.5363274216651917, 0.00860598124563694, 0.99237060546875], [-0.002653338247910142, -0.011869646608829498, -0.9999260306358337, 1.4927783012390137], [0.536389946937561, -0.8439264893531799, 0.008594520390033722, -1.213134765625], [0.0, 0.0, 0.0, 1.0]], [[0.9476081728935242, 0.3184046447277069, -0.025638189166784286, -1.1353759765625], [-0.028179578483104706, 0.00337727228179574, -0.9995971322059631, 1.5617904663085938], [-0.318189799785614, 0.9479488134384155, 0.012172838672995567, -0.1590576171875], [0.0, 0.0, 0.0, 1.0]], [[0.009224188514053822, 0.999947726726532, -0.00440492108464241, -0.02911376953125], [-0.025998009368777275, -0.004163800273090601, -0.9996532797813416, 1.566802978515625], [-0.9996194243431091, 0.00933551974594593, 0.025958241894841194, -0.00421142578125], [0.0, 0.0, 0.0, 1.0]], [[-0.9237038493156433, 0.38298264145851135, 0.009770666249096394, 1.08001708984375], [-0.0217287614941597, -0.026910150423645973, -0.9994016885757446, 1.5459604263305664], [-0.38249048590660095, -0.9233633875846863, 0.033178746700286865, -0.07575225830078125], [0.0, 0.0, 0.0, 1.0]]], "view": [[0.0, -2.0, 100.0], [-2.0, 0.0, 100.0], [0.0, 0.0, 1.0]], "bev": "bev_588441385b3e4dfb88c072e8de899f23.png", "aux": "aux_588441385b3e4dfb88c072e8de899f23.npz", "visibility": "visibility_588441385b3e4dfb88c072e8de899f23.png", "pose": [[-0.6542888283729553, 0.7562447190284729, 0.0, 897.9922485351562], [-0.7562447190284729, -0.6542888283729553, 0.0, 339.3835754394531], [0.0, 0.0, 1.0, 0.0], [0.0, 0.0, 0.0, 1.0]], "pose_inverse": [[-0.6542888283729553, -0.7562447190284729, 0.0, 844.203369140625], [0.7562447190284729, -0.6542888283729553, 0.0, -457.0470275878906], [0.0, 0.0, 1.0, 0.0], [0.0, 0.0, 0.0, 1.0]], "cam_ids": [0, 1, 2, 3, 4, 5], "cam_channels": ["CAM_FRONT_LEFT", "CAM_FRONT", "CAM_FRONT_RIGHT", "CAM_BACK_LEFT", "CAM_BACK", "CAM_BACK_RIGHT"], "token": "588441385b3e4dfb88c072e8de899f23", "scene": "scene-0570"}, {"images": ["samples/CAM_FRONT_LEFT/n008-2018-09-18-13-10-39-0400__CAM_FRONT_LEFT__1537290778854799.jpg", "samples/CAM_FRONT/n008-2018-09-18-13-10-39-0400__CAM_FRONT__1537290778862404.jpg", "samples/CAM_FRONT_RIGHT/n008-2018-09-18-13-10-39-0400__CAM_FRONT_RIGHT__1537290778870482.jpg", "samples/CAM_BACK_LEFT/n008-2018-09-18-13-10-39-0400__CAM_BACK_LEFT__1537290778897405.jpg", "samples/CAM_BACK/n008-2018-09-18-13-10-39-0400__CAM_BACK__1537290778887558.jpg", "samples/CAM_BACK_RIGHT/n008-2018-09-18-13-10-39-0400__CAM_BACK_RIGHT__1537290778878113.jpg"], "intrinsics": [[[1257.8625342125129, 0.0, 827.2410631095686], [0.0, 1257.8625342125129, 450.915498205774], [0.0, 0.0, 1.0]], [[1252.8131021185304, 0.0, 826.588114781398], [0.0, 1252.8131021185304, 469.9846626224581], [0.0, 0.0, 1.0]], [[1256.7485116440405, 0.0, 817.7887570959712], [0.0, 1256.7485116440403, 451.9541780095127], [0.0, 0.0, 1.0]], [[1254.9860565800168, 0.0, 829.5769333630991], [0.0, 1254.9860565800168, 467.1680561863987], [0.0, 0.0, 1.0]], [[796.8910634503094, 0.0, 857.7774326863696], [0.0, 796.8910634503094, 476.8848988407415], [0.0, 0.0, 1.0]], [[1249.9629280788233, 0.0, 825.3768045375984], [0.0, 1249.9629280788233, 462.54816385708756], [0.0, 0.0, 1.0]]], "extrinsics": [[[0.8223270773887634, -0.5688782334327698, -0.012486344203352928, -0.866455078125], [-0.015651585534214973, -0.0006783669232390821, -0.9998772740364075, 1.4856700897216797], [0.5687999129295349, 0.8224214911460876, -0.00946168601512909, -1.2388229370117188], [0.0, 0.0, 0.0, 1.0]], [[0.010097348131239414, -0.9999387264251709, 0.004536581225693226, 0.007659912109375], [-0.013755717314779758, -0.004675287753343582, -0.9998944997787476, 1.4782629013061523], [0.9998543858528137, 0.01003384031355381, -0.013802080415189266, -1.59613037109375], [0.0, 0.0, 0.0, 1.0]], [[-0.844065248966217, -0.5361055135726929, 0.012029796838760376, 0.9998779296875], [-0.005824501160532236, -0.01326656062155962, -0.9998949766159058, 1.492450475692749], [0.5362088680267334, -0.8440467715263367, 0.008075294084846973, -1.2191162109375], [0.0, 0.0, 0.0, 1.0]], [[0.9475290775299072, 0.31833207607269287, -0.029214398935437202, -1.1363525390625], [-0.03151442110538483, 0.002076447010040283, -0.9995011687278748, 1.5617923736572266], [-0.31811270117759705, 0.9479770064353943, 0.011999545618891716, -0.1585693359375], [0.0, 0.0, 0.0, 1.0]], [[0.009327544830739498, 0.9999399781227112, -0.0057460954412817955, -0.0286865234375], [-0.029310151934623718, -0.005470475647598505, -0.9995554089546204, 1.566762924194336], [-0.9995269179344177, 0.009491820819675922, 0.02925736829638481, -6.103515625e-05], [0.0, 0.0, 0.0, 1.0]], [[-0.9235951900482178, 0.3831729590892792, 0.012258922681212425, 1.0870361328125], [-0.024985715746879578, -0.028254834935069084, -0.9992884397506714, 1.5458378791809082], [-0.3825538754463196, -0.9232443571090698, 0.03566988185048103, -0.07366943359375], [0.0, 0.0, 0.0, 1.0]]], "view": [[0.0, -2.0, 100.0], [-2.0, 0.0, 100.0], [0.0, 0.0, 1.0]], "bev": "bev_b4ba76614bbb489c9caa62c38f460413.png", "aux": "aux_b4ba76614bbb489c9caa62c38f460413.npz", "visibility": "visibility_b4ba76614bbb489c9caa62c38f460413.png", "pose": [[-0.6533294320106506, 0.7570737600326538, 0.0, 896.7291870117188], [-0.7570737600326538, -0.6533294320106506, 0.0, 337.956298828125], [0.0, 0.0, 1.0, 0.0], [0.0, 0.0, 0.0, 1.0]], "pose_inverse": [[-0.6533294320106506, -0.7570737600326538, 0.0, 841.7174072265625], [0.7570737600326538, -0.6533294320106506, 0.0, -458.09332275390625], [0.0, 0.0, 1.0, 0.0], [0.0, 0.0, 0.0, 1.0]], "cam_ids": [0, 1, 2, 3, 4, 5], "cam_channels": ["CAM_FRONT_LEFT", "CAM_FRONT", "CAM_FRONT_RIGHT", "CAM_BACK_LEFT", "CAM_BACK", "CAM_BACK_RIGHT"], "token": "b4ba76614bbb489c9caa62c38f460413", "scene": "scene-0570"}, {"images": ["samples/CAM_FRONT_LEFT/n008-2018-09-18-13-10-39-0400__CAM_FRONT_LEFT__1537290779404799.jpg", "samples/CAM_FRONT/n008-2018-09-18-13-10-39-0400__CAM_FRONT__1537290779412404.jpg", "samples/CAM_FRONT_RIGHT/n008-2018-09-18-13-10-39-0400__CAM_FRONT_RIGHT__1537290779420482.jpg", "samples/CAM_BACK_LEFT/n008-2018-09-18-13-10-39-0400__CAM_BACK_LEFT__1537290779447405.jpg", "samples/CAM_BACK/n008-2018-09-18-13-10-39-0400__CAM_BACK__1537290779437558.jpg", "samples/CAM_BACK_RIGHT/n008-2018-09-18-13-10-39-0400__CAM_BACK_RIGHT__1537290779428113.jpg"], "intrinsics": [[[1257.8625342125129, 0.0, 827.2410631095686], [0.0, 1257.8625342125129, 450.915498205774], [0.0, 0.0, 1.0]], [[1252.8131021185304, 0.0, 826.588114781398], [0.0, 1252.8131021185304, 469.9846626224581], [0.0, 0.0, 1.0]], [[1256.7485116440405, 0.0, 817.7887570959712], [0.0, 1256.7485116440403, 451.9541780095127], [0.0, 0.0, 1.0]], [[1254.9860565800168, 0.0, 829.5769333630991], [0.0, 1254.9860565800168, 467.1680561863987], [0.0, 0.0, 1.0]], [[796.8910634503094, 0.0, 857.7774326863696], [0.0, 796.8910634503094, 476.8848988407415], [0.0, 0.0, 1.0]], [[1249.9629280788233, 0.0, 825.3768045375984], [0.0, 1249.9629280788233, 462.54816385708756], [0.0, 0.0, 1.0]]], "extrinsics": [[[0.8222485780715942, -0.5689186453819275, -0.015452315099537373, -0.8992919921875], [-0.019522178918123245, -0.0010594174964353442, -0.9998088479042053, 1.4858026504516602], [0.5687936544418335, 0.8223931193351746, -0.011977637186646461, -1.26165771484375], [0.0, 0.0, 0.0, 1.0]], [[0.010096614249050617, -0.9999362826347351, 0.005047563463449478, 0.007293701171875], [-0.017585143446922302, -0.00522459764033556, -0.9998317360877991, 1.4783191680908203], [0.9997943639755249, 0.010006111115217209, -0.017636774107813835, -1.62939453125], [0.0, 0.0, 0.0, 1.0]], [[-0.8440165519714355, -0.5360907912254333, 0.015579094178974628, 1.021697998046875], [-0.009582587517797947, -0.01396964117884636, -0.9998564720153809, 1.492294430732727], [0.5362316370010376, -0.8440447449684143, 0.006653470918536186, -1.23291015625], [0.0, 0.0, 0.0, 1.0]], [[0.9474369883537292, 0.31825581192970276, -0.03280957415699959, -1.1407470703125], [-0.034958042204380035, 0.0010401734616607428, -0.9993882179260254, 1.5619239807128906], [-0.3180270493030548, 0.9480042457580566, 0.012111101299524307, -0.15728759765625], [0.0, 0.0, 0.0, 1.0]], [[0.009329374879598618, 0.9999337792396545, -0.0067352671176195145, -0.02874755859375], [-0.032845720648765564, -0.006425487343221903, -0.9994397759437561, 1.5670013427734375], [-0.9994168877601624, 0.009545370936393738, 0.03278360143303871, 0.011962890625], [0.0, 0.0, 0.0, 1.0]], [[-0.9235404133796692, 0.38319405913352966, 0.015341130085289478, 1.10504150390625], [-0.028659718111157417, -0.02907160483300686, -0.9991663694381714, 1.5460996627807617], [-0.3824286162853241, -0.9232102632522583, 0.037831034511327744, -0.0662994384765625], [0.0, 0.0, 0.0, 1.0]]], "view": [[0.0, -2.0, 100.0], [-2.0, 0.0, 100.0], [0.0, 0.0, 1.0]], "bev": "bev_de38de07336142879d054488ec2b21f5.png", "aux": "aux_de38de07336142879d054488ec2b21f5.npz", "visibility": "visibility_de38de07336142879d054488ec2b21f5.png", "pose": [[-0.6526775360107422, 0.7576358318328857, 0.0, 895.5347290039062], [-0.7576358318328857, -0.6526775360107422, 0.0, 336.5942687988281], [0.0, 0.0, 1.0, 0.0], [0.0, 0.0, 0.0, 1.0]], "pose_inverse": [[-0.6526775360107422, -0.7576358318328857, 0.0, 839.5112915039062], [0.7576358318328857, -0.6526775360107422, 0.0, -458.8016662597656], [0.0, 0.0, 1.0, 0.0], [0.0, 0.0, 0.0, 1.0]], "cam_ids": [0, 1, 2, 3, 4, 5], "cam_channels": ["CAM_FRONT_LEFT", "CAM_FRONT", "CAM_FRONT_RIGHT", "CAM_BACK_LEFT", "CAM_BACK", "CAM_BACK_RIGHT"], "token": "de38de07336142879d054488ec2b21f5", "scene": "scene-0570"}, {"images": ["samples/CAM_FRONT_LEFT/n008-2018-09-18-13-10-39-0400__CAM_FRONT_LEFT__1537290779904799.jpg", "samples/CAM_FRONT/n008-2018-09-18-13-10-39-0400__CAM_FRONT__1537290779912404.jpg", "samples/CAM_FRONT_RIGHT/n008-2018-09-18-13-10-39-0400__CAM_FRONT_RIGHT__1537290779920482.jpg", "samples/CAM_BACK_LEFT/n008-2018-09-18-13-10-39-0400__CAM_BACK_LEFT__1537290779947405.jpg", "samples/CAM_BACK/n008-2018-09-18-13-10-39-0400__CAM_BACK__1537290779937558.jpg", "samples/CAM_BACK_RIGHT/n008-2018-09-18-13-10-39-0400__CAM_BACK_RIGHT__1537290779928113.jpg"], "intrinsics": [[[1257.8625342125129, 0.0, 827.2410631095686], [0.0, 1257.8625342125129, 450.915498205774], [0.0, 0.0, 1.0]], [[1252.8131021185304, 0.0, 826.588114781398], [0.0, 1252.8131021185304, 469.9846626224581], [0.0, 0.0, 1.0]], [[1256.7485116440405, 0.0, 817.7887570959712], [0.0, 1256.7485116440403, 451.9541780095127], [0.0, 0.0, 1.0]], [[1254.9860565800168, 0.0, 829.5769333630991], [0.0, 1254.9860565800168, 467.1680561863987], [0.0, 0.0, 1.0]], [[796.8910634503094, 0.0, 857.7774326863696], [0.0, 796.8910634503094, 476.8848988407415], [0.0, 0.0, 1.0]], [[1249.9629280788233, 0.0, 825.3768045375984], [0.0, 1249.9629280788233, 462.54816385708756], [0.0, 0.0, 1.0]]], "extrinsics": [[[0.8222559690475464, -0.5688401460647583, -0.01777711696922779, -0.9117431640625], [-0.02090120129287243, 0.001032078405842185, -0.9997810125350952, 1.4859428405761719], [0.5687339305877686, 0.8224475383758545, -0.011040809564292431, -1.2704315185546875], [0.0, 0.0, 0.0, 1.0]], [[0.010109098628163338, -0.9999449253082275, 0.00284254620783031, 0.007293701171875], [-0.01900467462837696, -0.003034307388588786, -0.9998147487640381, 1.478414535522461], [0.9997683167457581, 0.010053210891783237, -0.01903429999947548, -1.6424560546875], [0.0, 0.0, 0.0, 1.0]], [[-0.8440142273902893, -0.5360944867134094, 0.015578167513012886, 1.031158447265625], [-0.0110393101349473, -0.011674849316477776, -0.9998708963394165, 1.492297887802124], [0.5362071394920349, -0.8440773487091064, 0.003935625776648521, -1.2388916015625], [0.0, 0.0, 0.0, 1.0]], [[0.9474161863327026, 0.3182559907436371, -0.033404748886823654, -1.142822265625], [-0.03649822622537613, 0.0037603380624204874, -0.9993266463279724, 1.562002182006836], [-0.31791606545448303, 0.9479973912239075, 0.015178382396697998, -0.1563720703125], [0.0, 0.0, 0.0, 1.0]], [[0.009410340338945389, 0.9999468922615051, -0.004208459984511137, -0.028839111328125], [-0.034368228167295456, -0.0038827292155474424, -0.9994016885757446, 1.5671558380126953], [-0.9993649125099182, 0.009549341164529324, 0.034329865127801895, 0.01788330078125], [0.0, 0.0, 0.0, 1.0]], [[-0.9234862327575684, 0.3832281827926636, 0.01758536323904991, 1.11358642578125], [-0.030097460374236107, -0.026677194982767105, -0.9991909265518188, 1.5463027954101562], [-0.3824489712715149, -0.9232684373855591, 0.036170218139886856, -0.06261444091796875], [0.0, 0.0, 0.0, 1.0]]], "view": [[0.0, -2.0, 100.0], [-2.0, 0.0, 100.0], [0.0, 0.0, 1.0]], "bev": "bev_a0eb9303c4794e48ae5c04435bc65af4.png", "aux": "aux_a0eb9303c4794e48ae5c04435bc65af4.npz", "visibility": "visibility_a0eb9303c4794e48ae5c04435bc65af4.png", "pose": [[-0.6528899669647217, 0.7574527859687805, 0.0, 894.5968017578125], [-0.7574527859687805, -0.6528899669647217, 0.0, 335.5193176269531], [0.0, 0.0, 1.0, 0.0], [0.0, 0.0, 0.0, 1.0]], "pose_inverse": [[-0.6528899669647217, -0.7574527859687805, 0.0, 838.2133178710938], [0.7574527859687805, -0.6528899669647217, 0.0, -458.5576477050781], [0.0, 0.0, 1.0, 0.0], [0.0, 0.0, 0.0, 1.0]], "cam_ids": [0, 1, 2, 3, 4, 5], "cam_channels": ["CAM_FRONT_LEFT", "CAM_FRONT", "CAM_FRONT_RIGHT", "CAM_BACK_LEFT", "CAM_BACK", "CAM_BACK_RIGHT"], "token": "a0eb9303c4794e48ae5c04435bc65af4", "scene": "scene-0570"}, {"images": ["samples/CAM_FRONT_LEFT/n008-2018-09-18-13-10-39-0400__CAM_FRONT_LEFT__1537290780404799.jpg", "samples/CAM_FRONT/n008-2018-09-18-13-10-39-0400__CAM_FRONT__1537290780412404.jpg", "samples/CAM_FRONT_RIGHT/n008-2018-09-18-13-10-39-0400__CAM_FRONT_RIGHT__1537290780420482.jpg", "samples/CAM_BACK_LEFT/n008-2018-09-18-13-10-39-0400__CAM_BACK_LEFT__1537290780447405.jpg", "samples/CAM_BACK/n008-2018-09-18-13-10-39-0400__CAM_BACK__1537290780437558.jpg", "samples/CAM_BACK_RIGHT/n008-2018-09-18-13-10-39-0400__CAM_BACK_RIGHT__1537290780428113.jpg"], "intrinsics": [[[1257.8625342125129, 0.0, 827.2410631095686], [0.0, 1257.8625342125129, 450.915498205774], [0.0, 0.0, 1.0]], [[1252.8131021185304, 0.0, 826.588114781398], [0.0, 1252.8131021185304, 469.9846626224581], [0.0, 0.0, 1.0]], [[1256.7485116440405, 0.0, 817.7887570959712], [0.0, 1256.7485116440403, 451.9541780095127], [0.0, 0.0, 1.0]], [[1254.9860565800168, 0.0, 829.5769333630991], [0.0, 1254.9860565800168, 467.1680561863987], [0.0, 0.0, 1.0]], [[796.8910634503094, 0.0, 857.7774326863696], [0.0, 796.8910634503094, 476.8848988407415], [0.0, 0.0, 1.0]], [[1249.9629280788233, 0.0, 825.3768045375984], [0.0, 1249.9629280788233, 462.54816385708756], [0.0, 0.0, 1.0]]], "extrinsics": [[[0.82219398021698, -0.5689511299133301, -0.017079923301935196, -0.939208984375], [-0.021321773529052734, -0.0007990086451172829, -0.999772310256958, 1.486593246459961], [0.5688080191612244, 0.8223709464073181, -0.012787990272045135, -1.288238525390625], [0.0, 0.0, 0.0, 1.0]], [[0.010062566958367825, -0.9999381899833679, 0.004723774269223213, 0.006378173828125], [-0.019394155591726303, -0.00491828890517354, -0.9997998476028442, 1.4788923263549805], [0.9997612833976746, 0.009968983009457588, -0.019442448392510414, -1.66900634765625], [0.0, 0.0, 0.0, 1.0]], [[-0.8440097570419312, -0.5360606908798218, 0.016923382878303528, 1.047882080078125], [-0.011400701478123665, -0.013614892959594727, -0.9998423457145691, 1.4924956560134888], [0.5362066030502319, -0.8440696001052856, 0.005379633978009224, -1.24993896484375], [0.0, 0.0, 0.0, 1.0]], [[0.9473920464515686, 0.3182266354560852, -0.03435260429978371, -1.142333984375], [-0.03678702935576439, 0.001641703536733985, -0.9993217587471008, 1.5619850158691406], [-0.3179543912410736, 0.9480132460594177, 0.013261950574815273, -0.1566162109375], [0.0, 0.0, 0.0, 1.0]], [[0.009364486671984196, 0.9999364614486694, -0.0062658824026584625, -0.02874755859375], [-0.03470483049750328, -0.005937379784882069, -0.9993799328804016, 1.5673828125], [-0.9993537664413452, 0.009576210752129555, 0.034647028893232346, 0.02471923828125], [0.0, 0.0, 0.0, 1.0]], [[-0.9234945774078369, 0.38322722911834717, 0.01716194860637188, 1.12646484375], [-0.030466733500361443, -0.028674745932221413, -0.9991243481636047, 1.5466947555541992], [-0.3823995888233185, -0.9232088327407837, 0.038156658411026, -0.05754852294921875], [0.0, 0.0, 0.0, 1.0]]], "view": [[0.0, -2.0, 100.0], [-2.0, 0.0, 100.0], [0.0, 0.0, 1.0]], "bev": "bev_8cc85870dc1f4ce3b0c0b0ff2d7c5806.png", "aux": "aux_8cc85870dc1f4ce3b0c0b0ff2d7c5806.npz", "visibility": "visibility_8cc85870dc1f4ce3b0c0b0ff2d7c5806.png", "pose": [[-0.6523577570915222, 0.7579111456871033, 0.0, 893.8638916015625], [-0.7579111456871033, -0.6523577570915222, 0.0, 334.6831359863281], [0.0, 0.0, 1.0, 0.0], [0.0, 0.0, 0.0, 1.0]], "pose_inverse": [[-0.6523577570915222, -0.7579111456871033, 0.0, 836.7791748046875], [0.7579111456871033, -0.6523577570915222, 0.0, -459.13629150390625], [0.0, 0.0, 1.0, 0.0], [0.0, 0.0, 0.0, 1.0]], "cam_ids": [0, 1, 2, 3, 4, 5], "cam_channels": ["CAM_FRONT_LEFT", "CAM_FRONT", "CAM_FRONT_RIGHT", "CAM_BACK_LEFT", "CAM_BACK", "CAM_BACK_RIGHT"], "token": "8cc85870dc1f4ce3b0c0b0ff2d7c5806", "scene": "scene-0570"}, {"images": ["samples/CAM_FRONT_LEFT/n008-2018-09-18-13-10-39-0400__CAM_FRONT_LEFT__1537290780904799.jpg", "samples/CAM_FRONT/n008-2018-09-18-13-10-39-0400__CAM_FRONT__1537290780912404.jpg", "samples/CAM_FRONT_RIGHT/n008-2018-09-18-13-10-39-0400__CAM_FRONT_RIGHT__1537290780920482.jpg", "samples/CAM_BACK_LEFT/n008-2018-09-18-13-10-39-0400__CAM_BACK_LEFT__1537290780947405.jpg", "samples/CAM_BACK/n008-2018-09-18-13-10-39-0400__CAM_BACK__1537290780937558.jpg", "samples/CAM_BACK_RIGHT/n008-2018-09-18-13-10-39-0400__CAM_BACK_RIGHT__1537290780928113.jpg"], "intrinsics": [[[1257.8625342125129, 0.0, 827.2410631095686], [0.0, 1257.8625342125129, 450.915498205774], [0.0, 0.0, 1.0]], [[1252.8131021185304, 0.0, 826.588114781398], [0.0, 1252.8131021185304, 469.9846626224581], [0.0, 0.0, 1.0]], [[1256.7485116440405, 0.0, 817.7887570959712], [0.0, 1256.7485116440403, 451.9541780095127], [0.0, 0.0, 1.0]], [[1254.9860565800168, 0.0, 829.5769333630991], [0.0, 1254.9860565800168, 467.1680561863987], [0.0, 0.0, 1.0]], [[796.8910634503094, 0.0, 857.7774326863696], [0.0, 796.8910634503094, 476.8848988407415], [0.0, 0.0, 1.0]], [[1249.9629280788233, 0.0, 825.3768045375984], [0.0, 1249.9629280788233, 462.54816385708756], [0.0, 0.0, 1.0]]], "extrinsics": [[[0.8222494721412659, -0.5689268708229065, -0.015100767835974693, -0.978271484375], [-0.01879844442009926, -0.0006308612646535039, -0.9998230934143066, 1.4876995086669922], [0.5688167214393616, 0.8223878741264343, -0.011213665828108788, -1.3161392211914062], [0.0, 0.0, 0.0, 1.0]], [[0.010074303485453129, -0.9999387264251709, 0.004581404384225607, 0.00653076171875], [-0.016763465479016304, -0.004749879706650972, -0.9998482465744019, 1.4797296524047852], [0.999808669090271, 0.009995990432798862, -0.01681029051542282, -1.7083740234375], [0.0, 0.0, 0.0, 1.0]], [[-0.8440396785736084, -0.5360842943191528, 0.014514540322124958, 1.073760986328125], [-0.008654090575873852, -0.013446183875203133, -0.999872088432312, 1.492906093597412], [0.5362109541893005, -0.8440573215484619, 0.0067097898572683334, -1.265869140625], [0.0, 0.0, 0.0, 1.0]], [[0.9474707841873169, 0.3182837963104248, -0.03153681382536888, -1.143310546875], [-0.03385328873991966, 0.0017478440422564745, -0.9994252920150757, 1.5620269775390625], [-0.3180457353591919, 0.9479938745498657, 0.012430982664227486, -0.15631103515625], [0.0, 0.0, 0.0, 1.0]], [[0.009341550059616566, 0.9999379515647888, -0.006076372228562832, -0.029022216796875], [-0.03178445249795914, -0.005776640493422747, -0.9994779825210571, 1.56781005859375], [-0.9994511008262634, 0.009529824368655682, 0.03172852098941803, 0.03631591796875], [0.0, 0.0, 0.0, 1.0]], [[-0.9235501289367676, 0.3831993043422699, 0.014607474207878113, 1.146484375], [-0.0276311244815588, -0.028504153713583946, -0.9992117285728455, 1.5474128723144531], [-0.38248077034950256, -0.9232257604598999, 0.03691324219107628, -0.048919677734375], [0.0, 0.0, 0.0, 1.0]]], "view": [[0.0, -2.0, 100.0], [-2.0, 0.0, 100.0], [0.0, 0.0, 1.0]], "bev": "bev_2821955f7f6140879af2a21ceccfdabf.png", "aux": "aux_2821955f7f6140879af2a21ceccfdabf.npz", "visibility": "visibility_2821955f7f6140879af2a21ceccfdabf.png", "pose": [[-0.6518843173980713, 0.7583184242248535, 0.0, 893.4494018554688], [-0.7583184242248535, -0.6518843173980713, 0.0, 334.2140197753906], [0.0, 0.0, 1.0, 0.0], [0.0, 0.0, 0.0, 1.0]], "pose_inverse": [[-0.6518843173980713, -0.7583184242248535, 0.0, 835.8663330078125], [0.7583184242248535, -0.6518843173980713, 0.0, -459.6502685546875], [0.0, 0.0, 1.0, 0.0], [0.0, 0.0, 0.0, 1.0]], "cam_ids": [0, 1, 2, 3, 4, 5], "cam_channels": ["CAM_FRONT_LEFT", "CAM_FRONT", "CAM_FRONT_RIGHT", "CAM_BACK_LEFT", "CAM_BACK", "CAM_BACK_RIGHT"], "token": "2821955f7f6140879af2a21ceccfdabf", "scene": "scene-0570"}, {"images": ["samples/CAM_FRONT_LEFT/n008-2018-09-18-13-10-39-0400__CAM_FRONT_LEFT__1537290781404799.jpg", "samples/CAM_FRONT/n008-2018-09-18-13-10-39-0400__CAM_FRONT__1537290781412404.jpg", "samples/CAM_FRONT_RIGHT/n008-2018-09-18-13-10-39-0400__CAM_FRONT_RIGHT__1537290781420482.jpg", "samples/CAM_BACK_LEFT/n008-2018-09-18-13-10-39-0400__CAM_BACK_LEFT__1537290781447405.jpg", "samples/CAM_BACK/n008-2018-09-18-13-10-39-0400__CAM_BACK__1537290781437558.jpg", "samples/CAM_BACK_RIGHT/n008-2018-09-18-13-10-39-0400__CAM_BACK_RIGHT__1537290781428113.jpg"], "intrinsics": [[[1257.8625342125129, 0.0, 827.2410631095686], [0.0, 1257.8625342125129, 450.915498205774], [0.0, 0.0, 1.0]], [[1252.8131021185304, 0.0, 826.588114781398], [0.0, 1252.8131021185304, 469.9846626224581], [0.0, 0.0, 1.0]], [[1256.7485116440405, 0.0, 817.7887570959712], [0.0, 1256.7485116440403, 451.9541780095127], [0.0, 0.0, 1.0]], [[1254.9860565800168, 0.0, 829.5769333630991], [0.0, 1254.9860565800168, 467.1680561863987], [0.0, 0.0, 1.0]], [[796.8910634503094, 0.0, 857.7774326863696], [0.0, 796.8910634503094, 476.8848988407415], [0.0, 0.0, 1.0]], [[1249.9629280788233, 0.0, 825.3768045375984], [0.0, 1249.9629280788233, 462.54816385708756], [0.0, 0.0, 1.0]]], "extrinsics": [[[0.8225153088569641, -0.5686064958572388, -0.012463732622563839, -1.00335693359375], [-0.015191257931292057, -5.759031409979798e-05, -0.9998846054077148, 1.488271713256836], [0.5685401558876038, 0.8226096630096436, -0.008685220032930374, -1.3331298828125], [0.0, 0.0, 0.0, 1.0]], [[0.010388447903096676, -0.9999382495880127, 0.003951954655349255, 0.00604248046875], [-0.013165381737053394, -0.0040886010974645615, -0.9999049305915833, 1.4801530838012695], [0.9998593330383301, 0.01033539418131113, -0.01320704072713852, -1.73358154296875], [0.0, 0.0, 0.0, 1.0]], [[-0.8439403772354126, -0.5363225936889648, 0.011079544201493263, 1.090118408203125], [-0.005062229000031948, -0.012690666131675243, -0.999906599521637, 1.4930737018585205], [0.5364131331443787, -0.843917727470398, 0.007995177060365677, -1.27655029296875], [0.0, 0.0, 0.0, 1.0]], [[0.9475720524787903, 0.31837308406829834, -0.02730787917971611, -1.14385986328125], [-0.029675858095288277, 0.0025889556854963303, -0.9995562434196472, 1.562042236328125], [-0.31816115975379944, 0.9479619860649