[{"images": ["samples/CAM_FRONT_LEFT/n008-2018-09-18-13-10-39-0400__CAM_FRONT_LEFT__1537291123354799.jpg", "samples/CAM_FRONT/n008-2018-09-18-13-10-39-0400__CAM_FRONT__1537291123362404.jpg", "samples/CAM_FRONT_RIGHT/n008-2018-09-18-13-10-39-0400__CAM_FRONT_RIGHT__1537291123370482.jpg", "samples/CAM_BACK_LEFT/n008-2018-09-18-13-10-39-0400__CAM_BACK_LEFT__1537291123397405.jpg", "samples/CAM_BACK/n008-2018-09-18-13-10-39-0400__CAM_BACK__1537291123387558.jpg", "samples/CAM_BACK_RIGHT/n008-2018-09-18-13-10-39-0400__CAM_BACK_RIGHT__1537291123378113.jpg"], "intrinsics": [[[1257.8625342125129, 0.0, 827.2410631095686], [0.0, 1257.8625342125129, 450.915498205774], [0.0, 0.0, 1.0]], [[1252.8131021185304, 0.0, 826.588114781398], [0.0, 1252.8131021185304, 469.9846626224581], [0.0, 0.0, 1.0]], [[1256.7485116440405, 0.0, 817.7887570959712], [0.0, 1256.7485116440403, 451.9541780095127], [0.0, 0.0, 1.0]], [[1254.9860565800168, 0.0, 829.5769333630991], [0.0, 1254.9860565800168, 467.1680561863987], [0.0, 0.0, 1.0]], [[796.8910634503094, 0.0, 857.7774326863696], [0.0, 796.8910634503094, 476.8848988407415], [0.0, 0.0, 1.0]], [[1249.9629280788233, 0.0, 825.3768045375984], [0.0, 1249.9629280788233, 462.54816385708756], [0.0, 0.0, 1.0]]], "extrinsics": [[[0.8224237561225891, -0.5688725709915161, 0.001783799147233367, -0.6619873046875], [0.018579455092549324, 0.023726223036646843, -0.9995458126068115, 1.4959278106689453], [0.5685718655586243, 0.8220833539962769, 0.030082352459430695, -1.09991455078125], [0.0, 0.0, 0.0, 1.0]], [[0.010133967734873295, -0.9997612833976746, -0.01935339719057083, 0.011505126953125], [0.020499324426054955, 0.01955803483724594, -0.9995985627174377, 1.4871749877929688], [0.9997385144233704, 0.009733142331242561, 0.020692631602287292, -1.390380859375], [0.0, 0.0, 0.0, 1.0]], [[-0.8439178466796875, -0.5356394648551941, -0.029883861541748047, 0.8641357421875], [0.028527632355690002, 0.010818787850439548, -0.9995344281196594, 1.5007400512695312], [0.5357133746147156, -0.8443773984909058, 0.006150356028228998, -1.13134765625], [0.0, 0.0, 0.0, 1.0]], [[0.9478451013565063, 0.3185330033302307, 0.011242980137467384, -1.1226806640625], [0.0031441953033208847, 0.025928029790520668, -0.9996588230133057, 1.5621073246002197], [-0.3187159299850464, 0.9475570917129517, 0.02357422560453415, -0.1634521484375], [0.0, 0.0, 0.0, 1.0]], [[0.009268940426409245, 0.999786376953125, 0.018471339717507362, -0.02862548828125], [0.005199663806706667, 0.018423695117235184, -0.9998167157173157, 1.5686320066452026], [-0.9999435544013977, 0.009363306686282158, -0.005027784965932369, -0.0682373046875], [0.0, 0.0, 0.0, 1.0]], [[-0.9235098361968994, 0.38343390822410583, -0.010394987650215626, 0.975830078125], [0.009483694098889828, -0.004267076030373573, -0.999945878982544, 1.549708366394043], [-0.3834575414657593, -0.9235584735870361, 0.0003043175966013223, -0.118743896484375], [0.0, 0.0, 0.0, 1.0]]], "view": [[0.0, -2.0, 100.0], [-2.0, 0.0, 100.0], [0.0, 0.0, 1.0]], "bev": "bev_6051c898026044398620656ab858cc32.png", "aux": "aux_6051c898026044398620656ab858cc32.npz", "visibility": "visibility_6051c898026044398620656ab858cc32.png", "pose": [[0.6574673652648926, -0.75348299741745, 0.0, 1187.2880859375], [0.75348299741745, 0.6574673652648926, 0.0, 921.4396362304688], [0.0, 0.0, 1.0, 0.0], [0.0, 0.0, 0.0, 1.0]], "pose_inverse": [[0.6574673652648926, 0.75348299741745, 0.0, -1474.892333984375], [-0.75348299741745, 0.6574673652648926, 0.0, 288.784912109375], [0.0, 0.0, 1.0, 0.0], [0.0, 0.0, 0.0, 1.0]], "cam_ids": [0, 1, 2, 3, 4, 5], "cam_channels": ["CAM_FRONT_LEFT", "CAM_FRONT", "CAM_FRONT_RIGHT", "CAM_BACK_LEFT", "CAM_BACK", "CAM_BACK_RIGHT"], "token": "6051c898026044398620656ab858cc32", "scene": "scene-0582"}, {"images": ["samples/CAM_FRONT_LEFT/n008-2018-09-18-13-10-39-0400__CAM_FRONT_LEFT__1537291123854799.jpg", "samples/CAM_FRONT/n008-2018-09-18-13-10-39-0400__CAM_FRONT__1537291123862413.jpg", "samples/CAM_FRONT_RIGHT/n008-2018-09-18-13-10-39-0400__CAM_FRONT_RIGHT__1537291123870482.jpg", "samples/CAM_BACK_LEFT/n008-2018-09-18-13-10-39-0400__CAM_BACK_LEFT__1537291123897405.jpg", "samples/CAM_BACK/n008-2018-09-18-13-10-39-0400__CAM_BACK__1537291123887558.jpg", "samples/CAM_BACK_RIGHT/n008-2018-09-18-13-10-39-0400__CAM_BACK_RIGHT__1537291123878113.jpg"], "intrinsics": [[[1257.8625342125129, 0.0, 827.2410631095686], [0.0, 1257.8625342125129, 450.915498205774], [0.0, 0.0, 1.0]], [[1252.8131021185304, 0.0, 826.588114781398], [0.0, 1252.8131021185304, 469.9846626224581], [0.0, 0.0, 1.0]], [[1256.7485116440405, 0.0, 817.7887570959712], [0.0, 1256.7485116440403, 451.9541780095127], [0.0, 0.0, 1.0]], [[1254.9860565800168, 0.0, 829.5769333630991], [0.0, 1254.9860565800168, 467.1680561863987], [0.0, 0.0, 1.0]], [[796.8910634503094, 0.0, 857.7774326863696], [0.0, 796.8910634503094, 476.8848988407415], [0.0, 0.0, 1.0]], [[1249.9629280788233, 0.0, 825.3768045375984], [0.0, 1249.9629280788233, 462.54816385708756], [0.0, 0.0, 1.0]]], "extrinsics": [[[0.8222499489784241, -0.5691095590591431, 0.004406914580613375, -0.670166015625], [0.023363998159766197, 0.026017537340521812, -0.9993883967399597, 1.4977378845214844], [0.5686467885971069, 0.8218500018119812, 0.03468959033489227, -1.10394287109375], [0.0, 0.0, 0.0, 1.0]], [[0.01012231782078743, -0.9997130632400513, -0.021710257977247238, 0.010345458984375], [0.02538311295211315, 0.021961262449622154, -0.9994365572929382, 1.4886932373046875], [0.9996265769004822, 0.009565462358295918, 0.025598127394914627, -1.397705078125], [0.0, 0.0, 0.0, 1.0]], [[-0.8437196612358093, -0.5356143712997437, -0.03541811555624008, 0.8682861328125], [0.033501021564006805, 0.01331112626940012, -0.9993500113487244, 1.5019149780273438], [0.5357376933097839, -0.8443577885627747, 0.006712767295539379, -1.135009765625], [0.0, 0.0, 0.0, 1.0]], [[0.9477785229682922, 0.3184729516506195, 0.017058201134204865, -1.1241455078125], [0.008386041037738323, 0.028581783175468445, -0.999556303024292, 1.5622191429138184], [-0.31881919503211975, 0.947501003742218, 0.02441847138106823, -0.1627197265625], [0.0, 0.0, 0.0, 1.0]], [[0.009089833125472069, 0.9997347593307495, 0.021161003038287163, -0.028350830078125], [0.010522584430873394, 0.02106507495045662, -0.9997227191925049, 1.5692086219787598], [-0.9999033808708191, 0.00931001640856266, -0.010328314267098904, -0.0655517578125], [0.0, 0.0, 0.0, 1.0]], [[-0.9235033988952637, 0.38333043456077576, -0.014118840917944908, 0.97998046875], [0.014580248855054379, -0.001701963134109974, -0.9998922944068909, 1.5506591796875], [-0.3833130896091461, -0.923609733581543, -0.00401728181168437, -0.117767333984375], [0.0, 0.0, 0.0, 1.0]]], "view": [[0.0, -2.0, 100.0], [-2.0, 0.0, 100.0], [0.0, 0.0, 1.0]], "bev": "bev_6fb967a6aaf941c2aa99c39c166a3134.png", "aux": "aux_6fb967a6aaf941c2aa99c39c166a3134.npz", "visibility": "visibility_6fb967a6aaf941c2aa99c39c166a3134.png", "pose": [[0.6586759090423584, -0.75242680311203, 0.0, 1190.32666015625], [0.75242680311203, 0.6586759090423584, 0.0, 924.8575439453125], [0.0, 0.0, 1.0, 0.0], [0.0, 0.0, 0.0, 1.0]], "pose_inverse": [[0.6586759090423584, 0.75242680311203, 0.0, -1479.927001953125], [-0.75242680311203, 0.6586759090423584, 0.0, 286.4523010253906], [0.0, 0.0, 1.0, 0.0], [0.0, 0.0, 0.0, 1.0]], "cam_ids": [0, 1, 2, 3, 4, 5], "cam_channels": ["CAM_FRONT_LEFT", "CAM_FRONT", "CAM_FRONT_RIGHT", "CAM_BACK_LEFT", "CAM_BACK", "CAM_BACK_RIGHT"], "token": "6fb967a6aaf941c2aa99c39c166a3134", "scene": "scene-0582"}, {"images": ["samples/CAM_FRONT_LEFT/n008-2018-09-18-13-10-39-0400__CAM_FRONT_LEFT__1537291124354799.jpg", "samples/CAM_FRONT/n008-2018-09-18-13-10-39-0400__CAM_FRONT__1537291124362404.jpg", "samples/CAM_FRONT_RIGHT/n008-2018-09-18-13-10-39-0400__CAM_FRONT_RIGHT__1537291124370482.jpg", "samples/CAM_BACK_LEFT/n008-2018-09-18-13-10-39-0400__CAM_BACK_LEFT__1537291124397405.jpg", "samples/CAM_BACK/n008-2018-09-18-13-10-39-0400__CAM_BACK__1537291124387558.jpg", "samples/CAM_BACK_RIGHT/n008-2018-09-18-13-10-39-0400__CAM_BACK_RIGHT__1537291124378113.jpg"], "intrinsics": [[[1257.8625342125129, 0.0, 827.2410631095686], [0.0, 1257.8625342125129, 450.915498205774], [0.0, 0.0, 1.0]], [[1252.8131021185304, 0.0, 826.588114781398], [0.0, 1252.8131021185304, 469.9846626224581], [0.0, 0.0, 1.0]], [[1256.7485116440405, 0.0, 817.7887570959712], [0.0, 1256.7485116440403, 451.9541780095127], [0.0, 0.0, 1.0]], [[1254.9860565800168, 0.0, 829.5769333630991], [0.0, 1254.9860565800168, 467.1680561863987], [0.0, 0.0, 1.0]], [[796.8910634503094, 0.0, 857.7774326863696], [0.0, 796.8910634503094, 476.8848988407415], [0.0, 0.0, 1.0]], [[1249.9629280788233, 0.0, 825.3768045375984], [0.0, 1249.9629280788233, 462.54816385708756], [0.0, 0.0, 1.0]]], "extrinsics": [[[0.8227476477622986, -0.5683860182762146, 0.004869328811764717, -0.6741943359375], [0.024966519325971603, 0.027578415349125862, -0.9993078112602234, 1.498220443725586], [0.5678583383560181, 0.8222996592521667, 0.036880698055028915, -1.1080322265625], [0.0, 0.0, 0.0, 1.0]], [[0.010926981456577778, -0.999670684337616, -0.02321847341954708, 0.011077880859375], [0.026826413348317146, 0.023504573851823807, -0.9993637800216675, 1.4890422821044922], [0.999580442905426, 0.010297190397977829, 0.027074409648776054, -1.4019775390625], [0.0, 0.0, 0.0, 1.0]], [[-0.8433281779289246, -0.5361051559448242, -0.0372670441865921, 0.8714599609375], [0.03470350056886673, 0.014874007552862167, -0.999286949634552, 1.5021018981933594], [0.536277174949646, -0.8440201878547668, 0.006061054300516844, -1.13623046875], [0.0, 0.0, 0.0, 1.0]], [[0.9477400779724121, 0.31852987408638, 0.018094751983880997, -1.1256103515625], [0.008904403075575829, 0.030285002663731575, -0.999501645565033, 1.56221342086792], [-0.3189190924167633, 0.9474289417266846, 0.025865992531180382, -0.162353515625], [0.0, 0.0, 0.0, 1.0]], [[0.008781805634498596, 0.9997023940086365, 0.02276054583489895, -0.028778076171875], [0.011156821623444557, 0.022662049159407616, -0.9996809363365173, 1.5692453384399414], [-0.9998992085456848, 0.0090329609811306, -0.010954489931464195, -0.0635986328125], [0.0, 0.0, 0.0, 1.0]], [[-0.9236859679222107, 0.3828807473182678, -0.014369901269674301, 0.98193359375], [0.015502098947763443, -0.0001282444573007524, -0.9998798370361328, 1.550802230834961], [-0.38283658027648926, -0.9237978458404541, -0.005816998425871134, -0.116363525390625], [0.0, 0.0, 0.0, 1.0]]], "view": [[0.0, -2.0, 100.0], [-2.0, 0.0, 100.0], [0.0, 0.0, 1.0]], "bev": "bev_fa68cbe8f9f047ff885917dddb8453e0.png", "aux": "aux_fa68cbe8f9f047ff885917dddb8453e0.npz", "visibility": "visibility_fa68cbe8f9f047ff885917dddb8453e0.png", "pose": [[0.6603243350982666, -0.7509805560112, 0.0, 1193.3125], [0.7509805560112, 0.6603243350982666, 0.0, 928.2081909179688], [0.0, 0.0, 1.0, 0.0], [0.0, 0.0, 0.0, 1.0]], "pose_inverse": [[0.6603243350982666, 0.7509805560112, 0.0, -1485.03955078125], [-0.7509805560112, 0.6603243350982666, 0.0, 283.23602294921875], [0.0, 0.0, 1.0, 0.0], [0.0, 0.0, 0.0, 1.0]], "cam_ids": [0, 1, 2, 3, 4, 5], "cam_channels": ["CAM_FRONT_LEFT", "CAM_FRONT", "CAM_FRONT_RIGHT", "CAM_BACK_LEFT", "CAM_BACK", "CAM_BACK_RIGHT"], "token": "fa68cbe8f9f047ff885917dddb8453e0", "scene": "scene-0582"}, {"images": ["samples/CAM_FRONT_LEFT/n008-2018-09-18-13-10-39-0400__CAM_FRONT_LEFT__1537291124854799.jpg", "samples/CAM_FRONT/n008-2018-09-18-13-10-39-0400__CAM_FRONT__1537291124862404.jpg", "samples/CAM_FRONT_RIGHT/n008-2018-09-18-13-10-39-0400__CAM_FRONT_RIGHT__1537291124870482.jpg", "samples/CAM_BACK_LEFT/n008-2018-09-18-13-10-39-0400__CAM_BACK_LEFT__1537291124897405.jpg", "samples/CAM_BACK/n008-2018-09-18-13-10-39-0400__CAM_BACK__1537291124887558.jpg", "samples/CAM_BACK_RIGHT/n008-2018-09-18-13-10-39-0400__CAM_BACK_RIGHT__1537291124878113.jpg"], "intrinsics": [[[1257.8625342125129, 0.0, 827.2410631095686], [0.0, 1257.8625342125129, 450.915498205774], [0.0, 0.0, 1.0]], [[1252.8131021185304, 0.0, 826.588114781398], [0.0, 1252.8131021185304, 469.9846626224581], [0.0, 0.0, 1.0]], [[1256.7485116440405, 0.0, 817.7887570959712], [0.0, 1256.7485116440403, 451.9541780095127], [0.0, 0.0, 1.0]], [[1254.9860565800168, 0.0, 829.5769333630991], [0.0, 1254.9860565800168, 467.1680561863987], [0.0, 0.0, 1.0]], [[796.8910634503094, 0.0, 857.7774326863696], [0.0, 796.8910634503094, 476.8848988407415], [0.0, 0.0, 1.0]], [[1249.9629280788233, 0.0, 825.3768045375984], [0.0, 1249.9629280788233, 462.54816385708756], [0.0, 0.0, 1.0]]], "extrinsics": [[[0.8227711915969849, -0.5683675408363342, 0.002403531689196825, -0.6798095703125], [0.02484259009361267, 0.031736839562654495, -0.9991874694824219, 1.4978618621826172], [0.5678294897079468, 0.8221624493598938, 0.04023188352584839, -1.1151123046875], [0.0, 0.0, 0.0, 1.0]], [[0.010917512699961662, -0.9995657205581665, -0.027371902018785477, 0.013275146484375], [0.026925629004836082, 0.02765747345983982, -0.9992547631263733, 1.4887676239013672], [0.9995777606964111, 0.010172329843044281, 0.02721588686108589, -1.410888671875], [0.0, 0.0, 0.0, 1.0]], [[-0.8433499932289124, -0.5358889102935791, -0.03979558125138283, 0.8800048828125], [0.035062164068222046, 0.019023021683096886, -0.9992040991783142, 1.5018463134765625], [0.5362195372581482, -0.8440741300582886, 0.002746360842138529, -1.139404296875], [0.0, 0.0, 0.0, 1.0]], [[0.9477052688598633, 0.31848710775375366, 0.02050924114882946, -1.131103515625], [0.01002910640090704, 0.03451114892959595, -0.9993540048599243, 1.5621728897094727], [-0.318989098072052, 0.9472988247871399, 0.029512260109186172, -0.16046142578125], [0.0, 0.0, 0.0, 1.0]], [[0.008784840814769268, 0.9995982050895691, 0.026949696242809296, -0.029510498046875], [0.0119958920404315, 0.026843447238206863, -0.9995676279067993, 1.569230079650879], [-0.9998894333839417, 0.009104342199862003, -0.011755256913602352, -0.0562744140625], [0.0, 0.0, 0.0, 1.0]], [[-0.9236463904380798, 0.383014053106308, -0.013322309590876102, 0.9893798828125], [0.016093797981739044, 0.004032497759908438, -0.9998623728752136, 1.5507678985595703], [-0.382907509803772, -0.9237337112426758, -0.009888752363622189, -0.111846923828125], [0.0, 0.0, 0.0, 1.0]]], "view": [[0.0, -2.0, 100.0], [-2.0, 0.0, 100.0], [0.0, 0.0, 1.0]], "bev": "bev_0d425ac203e9410c80ec514ecfb7adf9.png", "aux": "aux_0d425ac203e9410c80ec514ecfb7adf9.npz", "visibility": "visibility_0d425ac203e9410c80ec514ecfb7adf9.png", "pose": [[0.6597765684127808, -0.7514618039131165, 0.0, 1196.3079833984375], [0.7514618039131165, 0.6597765684127808, 0.0, 931.547607421875], [0.0, 0.0, 1.0, 0.0], [0.0, 0.0, 0.0, 1.0]], "pose_inverse": [[0.6597765684127808, 0.7514618039131165, 0.0, -1489.3184814453125], [-0.7514618039131165, 0.6597765684127808, 0.0, 284.3664855957031], [0.0, 0.0, 1.0, 0.0], [0.0, 0.0, 0.0, 1.0]], "cam_ids": [0, 1, 2, 3, 4, 5], "cam_channels": ["CAM_FRONT_LEFT", "CAM_FRONT", "CAM_FRONT_RIGHT", "CAM_BACK_LEFT", "CAM_BACK", "CAM_BACK_RIGHT"], "token": "0d425ac203e9410c80ec514ecfb7adf9", "scene": "scene-0582"}, {"images": ["samples/CAM_FRONT_LEFT/n008-2018-09-18-13-10-39-0400__CAM_FRONT_LEFT__1537291125354799.jpg", "samples/CAM_FRONT/n008-2018-09-18-13-10-39-0400__CAM_FRONT__1537291125362408.jpg", "samples/CAM_FRONT_RIGHT/n008-2018-09-18-13-10-39-0400__CAM_FRONT_RIGHT__1537291125370482.jpg", "samples/CAM_BACK_LEFT/n008-2018-09-18-13-10-39-0400__CAM_BACK_LEFT__1537291125397405.jpg", "samples/CAM_BACK/n008-2018-09-18-13-10-39-0400__CAM_BACK__1537291125387558.jpg", "samples/CAM_BACK_RIGHT/n008-2018-09-18-13-10-39-0400__CAM_BACK_RIGHT__1537291125378113.jpg"], "intrinsics": [[[1257.8625342125129, 0.0, 827.2410631095686], [0.0, 1257.8625342125129, 450.915498205774], [0.0, 0.0, 1.0]], [[1252.8131021185304, 0.0, 826.588114781398], [0.0, 1252.8131021185304, 469.9846626224581], [0.0, 0.0, 1.0]], [[1256.7485116440405, 0.0, 817.7887570959712], [0.0, 1256.7485116440403, 451.9541780095127], [0.0, 0.0, 1.0]], [[1254.9860565800168, 0.0, 829.5769333630991], [0.0, 1254.9860565800168, 467.1680561863987], [0.0, 0.0, 1.0]], [[796.8910634503094, 0.0, 857.7774326863696], [0.0, 796.8910634503094, 476.8848988407415], [0.0, 0.0, 1.0]], [[1249.9629280788233, 0.0, 825.3768045375984], [0.0, 1249.9629280788233, 462.54816385708756], [0.0, 0.0, 1.0]]], "extrinsics": [[[0.8226472735404968, -0.5685365796089172, -0.0041859871707856655, -0.697265625], [0.021417366340756416, 0.038345616310834885, -0.9990350008010864, 1.4961967468261719], [0.5681484937667847, 0.821763813495636, 0.04372147470712662, -1.123291015625], [0.0, 0.0, 0.0, 1.0]], [[0.010726421140134335, -0.9993605613708496, -0.0341060645878315, 0.0106201171875], [0.023372149094939232, 0.03434927389025688, -0.9991365671157837, 1.4873409271240234], [0.9996691942214966, 0.009919951669871807, 0.02372564747929573, -1.4254150390625], [0.0, 0.0, 0.0, 1.0]], [[-0.8434680700302124, -0.5356647372245789, -0.04030905291438103, 0.8868408203125], [0.031378474086523056, 0.02577929012477398, -0.9991750121116638, 1.5006523132324219], [0.5362619757652283, -0.8440371751785278, -0.004935668781399727, -1.1461181640625], [0.0, 0.0, 0.0, 1.0]], [[0.9477248787879944, 0.3185349106788635, 0.018791714683175087, -1.12841796875], [0.005967054516077042, 0.04118954390287399, -0.9991335272789001, 1.5621378421783447], [-0.3190329372882843, 0.9470158219337463, 0.037135638296604156, -0.1614990234375], [0.0, 0.0, 0.0, 1.0]], [[0.008732807822525501, 0.9993936419487, 0.03370656445622444, -0.0286865234375], [0.00813740212470293, 0.0336357057094574, -0.9994009733200073, 1.5688461065292358], [-0.9999287128448486, 0.009001806378364563, -0.007838734425604343, -0.05517578125], [0.0, 0.0, 0.0, 1.0]], [[-0.9237400889396667, 0.3829517066478729, -0.007223336957395077, 0.99462890625], [0.01230794657021761, 0.010828981176018715, -0.9998655915260315, 1.550002098083496], [-0.3828220069408417, -0.9237048625946045, -0.014716513454914093, -0.111053466796875], [0.0, 0.0, 0.0, 1.0]]], "view": [[0.0, -2.0, 100.0], [-2.0, 0.0, 100.0], [0.0, 0.0, 1.0]], "bev": "bev_a28b7a8c422a4d72b048c092534f7f30.png", "aux": "aux_a28b7a8c422a4d72b048c092534f7f30.npz", "visibility": "visibility_a28b7a8c422a4d72b048c092534f7f30.png", "pose": [[0.6575164794921875, -0.7534401416778564, 0.0, 1199.1888427734375], [0.7534401416778564, 0.6575164794921875, 0.0, 934.7919921875], [0.0, 0.0, 1.0, 0.0], [0.0, 0.0, 0.0, 1.0]], "pose_inverse": [[0.6575164794921875, 0.7534401416778564, 0.0, -1492.7962646484375], [-0.7534401416778564, 0.6575164794921875, 0.0, 288.87591552734375], [0.0, 0.0, 1.0, 0.0], [0.0, 0.0, 0.0, 1.0]], "cam_ids": [0, 1, 2, 3, 4, 5], "cam_channels": ["CAM_FRONT_LEFT", "CAM_FRONT", "CAM_FRONT_RIGHT", "CAM_BACK_LEFT", "CAM_BACK", "CAM_BACK_RIGHT"], "token": "a28b7a8c422a4d72b048c092534f7f30", "scene": "scene-0582"}, {"images": ["samples/CAM_FRONT_LEFT/n008-2018-09-18-13-10-39-0400__CAM_FRONT_LEFT__1537291125854799.jpg", "samples/CAM_FRONT/n008-2018-09-18-13-10-39-0400__CAM_FRONT__1537291125862404.jpg", "samples/CAM_FRONT_RIGHT/n008-2018-09-18-13-10-39-0400__CAM_FRONT_RIGHT__1537291125870482.jpg", "samples/CAM_BACK_LEFT/n008-2018-09-18-13-10-39-0400__CAM_BACK_LEFT__1537291125897405.jpg", "samples/CAM_BACK/n008-2018-09-18-13-10-39-0400__CAM_BACK__1537291125887558.jpg", "samples/CAM_BACK_RIGHT/n008-2018-09-18-13-10-39-0400__CAM_BACK_RIGHT__1537291125878113.jpg"], "intrinsics": [[[1257.8625342125129, 0.0, 827.2410631095686], [0.0, 1257.8625342125129, 450.915498205774], [0.0, 0.0, 1.0]], [[1252.8131021185304, 0.0, 826.588114781398], [0.0, 1252.8131021185304, 469.9846626224581], [0.0, 0.0, 1.0]], [[1256.7485116440405, 0.0, 817.7887570959712], [0.0, 1256.7485116440403, 451.9541780095127], [0.0, 0.0, 1.0]], [[1254.9860565800168, 0.0, 829.5769333630991], [0.0, 1254.9860565800168, 467.1680561863987], [0.0, 0.0, 1.0]], [[796.8910634503094, 0.0, 857.7774326863696], [0.0, 796.8910634503094, 476.8848988407415], [0.0, 0.0, 1.0]], [[1249.9629280788233, 0.0, 825.3768045375984], [0.0, 1249.9629280788233, 462.54816385708756], [0.0, 0.0, 1.0]]], "extrinsics": [[[0.8227072954177856, -0.5684418082237244, -0.0051863547414541245, -0.7052001953125], [0.018561074510216713, 0.035979822278022766, -0.9991801381111145, 1.494802474975586], [0.5681623220443726, 0.8219364285469055, 0.040151748806238174, -1.13262939453125], [0.0, 0.0, 0.0, 1.0]], [[0.010630018077790737, -0.9994447827339172, -0.03157858923077583, 0.01263427734375], [0.02033979445695877, 0.031789958477020264, -0.9992876052856445, 1.4861030578613281], [0.9997366666793823, 0.009980129078030586, 0.02066642791032791, -1.4364013671875], [0.0, 0.0, 0.0, 1.0]], [[-0.8436577916145325, -0.535661518573761, -0.03617072105407715, 0.896484375], [0.028240526095032692, 0.023002175614237785, -0.9993364214897156, 1.4995536804199219], [0.536138117313385, -0.8441194891929626, -0.004278605803847313, -1.1505126953125], [0.0, 0.0, 0.0, 1.0]], [[0.9477901458740234, 0.31857386231422424, 0.01430504024028778, -1.13427734375], [0.0023335570003837347, 0.03792836144566536, -0.9992777705192566, 1.5620646476745605], [-0.31888633966445923, 0.9471389055252075, 0.03520471602678299, -0.1595458984375], [0.0, 0.0, 0.0, 1.0]], [[0.008944767527282238, 0.999494731426239, 0.030503779649734497, -0.029083251953125], [0.004706690553575754, 0.030462579801678658, -0.9995248317718506, 1.5684599876403809], [-0.9999489784240723, 0.009084075689315796, -0.004431833513081074, -0.0469970703125], [0.0, 0.0, 0.0, 1.0]], [[-0.923690140247345, 0.3831019997596741, -0.005408767610788345, 1.003662109375], [0.009110434912145138, 0.007848672568798065, -0.9999276995658875, 1.5493354797363281], [-0.38303181529045105, -0.9236726760864258, -0.010739969089627266, -0.106597900390625], [0.0, 0.0, 0.0, 1.0]]], "view": [[0.0, -2.0, 100.0], [-2.0, 0.0, 100.0], [0.0, 0.0, 1.0]], "bev": "bev_5a2d9ee2956e4128b87731ab103a9ab2.png", "aux": "aux_5a2d9ee2956e4128b87731ab103a9ab2.npz", "visibility": "visibility_5a2d9ee2956e4128b87731ab103a9ab2.png", "pose": [[0.6568424105644226, -0.7540279030799866, 0.0, 1201.9385986328125], [0.7540279030799866, 0.6568424105644226, 0.0, 937.8812866210938], [0.0, 0.0, 1.0, 0.0], [0.0, 0.0, 0.0, 1.0]], "pose_inverse": [[0.6568424105644226, 0.7540279030799866, 0.0, -1496.6728515625], [-0.7540279030799866, 0.6568424105644226, 0.0, 290.2550048828125], [0.0, 0.0, 1.0, 0.0], [0.0, 0.0, 0.0, 1.0]], "cam_ids": [0, 1, 2, 3, 4, 5], "cam_channels": ["CAM_FRONT_LEFT", "CAM_FRONT", "CAM_FRONT_RIGHT", "CAM_BACK_LEFT", "CAM_BACK", "CAM_BACK_RIGHT"], "token": "5a2d9ee2956e4128b87731ab103a9ab2", "scene": "scene-0582"}, {"images": ["samples/CAM_FRONT_LEFT/n008-2018-09-18-13-10-39-0400__CAM_FRONT_LEFT__1537291126354799.jpg", "samples/CAM_FRONT/n008-2018-09-18-13-10-39-0400__CAM_FRONT__1537291126362404.jpg", "samples/CAM_FRONT_RIGHT/n008-2018-09-18-13-10-39-0400__CAM_FRONT_RIGHT__1537291126370482.jpg", "samples/CAM_BACK_LEFT/n008-2018-09-18-13-10-39-0400__CAM_BACK_LEFT__1537291126397405.jpg", "samples/CAM_BACK/n008-2018-09-18-13-10-39-0400__CAM_BACK__1537291126387558.jpg", "samples/CAM_BACK_RIGHT/n008-2018-09-18-13-10-39-0400__CAM_BACK_RIGHT__1537291126378113.jpg"], "intrinsics": [[[1257.8625342125129, 0.0, 827.2410631095686], [0.0, 1257.8625342125129, 450.915498205774], [0.0, 0.0, 1.0]], [[1252.8131021185304, 0.0, 826.588114781398], [0.0, 1252.8131021185304, 469.9846626224581], [0.0, 0.0, 1.0]], [[1256.7485116440405, 0.0, 817.7887570959712], [0.0, 1256.7485116440403, 451.9541780095127], [0.0, 0.0, 1.0]], [[1254.9860565800168, 0.0, 829.5769333630991], [0.0, 1254.9860565800168, 467.1680561863987], [0.0, 0.0, 1.0]], [[796.8910634503094, 0.0, 857.7774326863696], [0.0, 796.8910634503094, 476.8848988407415], [0.0, 0.0, 1.0]], [[1249.9629280788233, 0.0, 825.3768045375984], [0.0, 1249.9629280788233, 462.54816385708756], [0.0, 0.0, 1.0]]], "extrinsics": [[[0.822590708732605, -0.5686274170875549, -0.0027377542573958635, -0.7227783203125], [0.02000940777361393, 0.03375707566738129, -0.9992297887802124, 1.4949798583984375], [0.5682818293571472, 0.8219022750854492, 0.03914615139365196, -1.1429443359375], [0.0, 0.0, 0.0, 1.0]], [[0.010556932538747787, -0.9995141625404358, -0.02932245098054409, 0.011505126953125], [0.02197069488465786, 0.02954886294901371, -0.9993218779563904, 1.4862842559814453], [0.9997028112411499, 0.00990553479641676, 0.02227196842432022, -1.4521484375], [0.0, 0.0, 0.0, 1.0]], [[-0.8436059951782227, -0.5357215404510498, -0.036487046629190445, 0.9052734375], [0.03004191815853119, 0.020755507051944733, -0.9993330836296082, 1.4996719360351562], [0.536121666431427, -0.8441396355628967, -0.0014153671218082309, -1.15673828125], [0.0, 0.0, 0.0, 1.0]], [[0.94777512550354, 0.31854334473609924, 0.015895046293735504, -1.1317138671875], [0.004776792600750923, 0.03565428406000137, -0.999352753162384, 1.5620992183685303], [-0.31890392303466797, 0.947237491607666, 0.03227062523365021, -0.16046142578125], [0.0, 0.0, 0.0, 1.0]], [[0.008901100605726242, 0.9995604753494263, 0.028279151767492294, -0.029083251953125], [0.006938966456800699, 0.028217848390340805, -0.9995777010917664, 1.56865394115448], [-0.9999362826347351, 0.009093549102544785, -0.006684747524559498, -0.0452880859375], [0.0, 0.0, 0.0, 1.0]], [[-0.9236841201782227, 0.38306930661201477, -0.008087096735835075, 1.0093994140625], [0.011079329997301102, 0.00560558307915926, -0.9999229311943054, 1.549607276916504], [-0.3829943835735321, -0.923702597618103, -0.0094219371676445, -0.104278564453125], [0.0, 0.0, 0.0, 1.0]]], "view": [[0.0, -2.0, 100.0], [-2.0, 0.0, 100.0], [0.0, 0.0, 1.0]], "bev": "bev_43617341f9074eaaa9743ffbac49558a.png", "aux": "aux_43617341f9074eaaa9743ffbac49558a.npz", "visibility": "visibility_43617341f9074eaaa9743ffbac49558a.png", "pose": [[0.6552860736846924, -0.7553808093070984, 0.0, 1204.589111328125], [0.7553808093070984, 0.6552860736846924, 0.0, 940.869873046875], [0.0, 0.0, 1.0, 0.0], [0.0, 0.0, 0.0, 1.0]], "pose_inverse": [[0.6552860736846924, 0.7553808093070984, 0.0, -1500.0655517578125], [-0.7553808093070984, 0.6552860736846924, 0.0, 293.3845520019531], [0.0, 0.0, 1.0, 0.0], [0.0, 0.0, 0.0, 1.0]], "cam_ids": [0, 1, 2, 3, 4, 5], "cam_channels": ["CAM_FRONT_LEFT", "CAM_FRONT", "CAM_FRONT_RIGHT", "CAM_BACK_LEFT", "CAM_BACK", "CAM_BACK_RIGHT"], "token": "43617341f9074eaaa9743ffbac49558a", "scene": "scene-0582"}, {"images": ["samples/CAM_FRONT_LEFT/n008-2018-09-18-13-10-39-0400__CAM_FRONT_LEFT__1537291126854799.jpg", "samples/CAM_FRONT/n008-2018-09-18-13-10-39-0400__CAM_FRONT__1537291126862404.jpg", "samples/CAM_FRONT_RIGHT/n008-2018-09-18-13-10-39-0400__CAM_FRONT_RIGHT__1537291126870482.jpg", "samples/CAM_BACK_LEFT/n008-2018-09-18-13-10-39-0400__CAM_BACK_LEFT__1537291126897405.jpg", "samples/CAM_BACK/n008-2018-09-18-13-10-39-0400__CAM_BACK__1537291126887558.jpg", "samples/CAM_BACK_RIGHT/n008-2018-09-18-13-10-39-0400__CAM_BACK_RIGHT__1537291126878113.jpg"], "intrinsics": [[[1257.8625342125129, 0.0, 827.2410631095686], [0.0, 1257.8625342125129, 450.915498205774], [0.0, 0.0, 1.0]], [[1252.8131021185304, 0.0, 826.588114781398], [0.0, 1252.8131021185304, 469.9846626224581], [0.0, 0.0, 1.0]], [[1256.7485116440405, 0.0, 817.7887570959712], [0.0, 1256.7485116440403, 451.9541780095127], [0.0, 0.0, 1.0]], [[1254.9860565800168, 0.0, 829.5769333630991], [0.0, 1254.9860565800168, 467.1680561863987], [0.0, 0.0, 1.0]], [[796.8910634503094, 0.0, 857.7774326863696], [0.0, 796.8910634503094, 476.8848988407415], [0.0, 0.0, 1.0]], [[1249.9629280788233, 0.0, 825.3768045375984], [0.0, 1249.9629280788233, 462.54816385708756], [0.0, 0.0, 1.0]]], "extrinsics": [[[0.8225940465927124, -0.568627655506134, -0.001313135726377368, -0.7451171875], [0.017025401815772057, 0.02693760395050049, -0.9994921088218689, 1.4935245513916016], [0.5683741569519043, 0.8221539258956909, 0.031839825212955475, -1.15826416015625], [0.0, 0.0, 0.0, 1.0]], [[0.01043117418885231, -0.9996889233589172, -0.022653993219137192, 0.010955810546875], [0.01870065927505493, 0.022846294566988945, -0.9995641112327576, 1.4849166870117188], [0.9997707009315491, 0.010002953000366688, 0.01893315277993679, -1.4774169921875], [0.0, 0.0, 0.0, 1.0]], [[-0.843779981136322, -0.535853922367096, -0.02992963418364525, 0.92431640625], [0.026448342949151993, 0.01418216247111559, -0.9995495676994324, 1.4982948303222656], [0.536037027835846, -0.8441915512084961, 0.0022058230824768543, -1.169677734375], [0.0, 0.0, 0.0, 1.0]], [[0.9478447437286377, 0.3185928761959076, 0.009428479708731174, -1.13720703125], [-3.4887927995441714e-06, 0.029591552913188934, -0.9995620846748352, 1.5620403289794922], [-0.3187324106693268, 0.9474296569824219, 0.02804930880665779, -0.15838623046875], [0.0, 0.0, 0.0, 1.0]], [[0.009086624719202518, 0.9997173547744751, 0.021972155198454857, -0.0289306640625], [0.002603034023195505, 0.021949339658021927, -0.9997556805610657, 1.5682470798492432], [-0.9999553561210632, 0.009141543880105019, -0.0024028518237173557, -0.032470703125], [0.0, 0.0, 0.0, 1.0]], [[-0.9236674904823303, 0.3831322491168976, -0.0069316960871219635, 1.0277099609375], [0.007156164851039648, -0.0008393973112106323, -0.9999740123748779, 1.5488405227661133], [-0.3831281363964081, -0.9236931204795837, -0.0019664333667606115, -0.097412109375], [0.0, 0.0, 0.0, 1.0]]], "view": [[0.0, -2.0, 100.0], [-2.0, 0.0, 100.0], [0.0, 0.0, 1.0]], "bev": "bev_f3f0ad7d9b0f4d969fa7a9d1b9db8a43.png", "aux": "aux_f3f0ad7d9b0f4d969fa7a9d1b9db8a43.npz", "visibility": "visibility_f3f0ad7d9b0f4d969fa7a9d1b9db8a43.png", "pose": [[0.6548750400543213, -0.7557371854782104, 0.0, 1207.0552978515625], [0.7557371854782104, 0.6548750400543213, 0.0, 943.6517944335938], [0.0, 0.0, 1.0, 0.0], [0.0, 0.0, 0.0, 1.0]], "pose_inverse": [[0.6548750400543213, 0.7557371854782104, 0.0, -1503.6231689453125], [-0.7557371854782104, 0.6548750400543213, 0.0, 294.2425231933594], [0.0, 0.0, 1.0, 0.0], [0.0, 0.0, 0.0, 1.0]], "cam_ids": [0, 1, 2, 3, 4, 5], "cam_channels": ["CAM_FRONT_LEFT", "CAM_FRONT", "CAM_FRONT_RIGHT", "CAM_BACK_LEFT", "CAM_BACK", "CAM_BACK_RIGHT"], "token": "f3f0ad7d9b0f4d969fa7a9d1b9db8a43", "scene": "scene-0582"}, {"images": ["samples/CAM_FRONT_LEFT/n008-2018-09-18-13-10-39-0400__CAM_FRONT_LEFT__1537291127354799.jpg", "samples/CAM_FRONT/n008-2018-09-18-13-10-39-0400__CAM_FRONT__1537291127362404.jpg", "samples/CAM_FRONT_RIGHT/n008-2018-09-18-13-10-39-0400__CAM_FRONT_RIGHT__1537291127370482.jpg", "samples/CAM_BACK_LEFT/n008-2018-09-18-13-10-39-0400__CAM_BACK_LEFT__1537291127397405.jpg", "samples/CAM_BACK/n008-2018-09-18-13-10-39-0400__CAM_BACK__1537291127387558.jpg", "samples/CAM_BACK_RIGHT/n008-2018-09-18-13-10-39-0400__CAM_BACK_RIGHT__1537291127378113.jpg"], "intrinsics": [[[1257.8625342125129, 0.0, 827.2410631095686], [0.0, 1257.8625342125129, 450.915498205774], [0.0, 0.0, 1.0]], [[1252.8131021185304, 0.0, 826.588114781398], [0.0, 1252.8131021185304, 469.9846626224581], [0.0, 0.0, 1.0]], [[1256.7485116440405, 0.0, 817.7887570959712], [0.0, 1256.7485116440403, 451.9541780095127], [0.0, 0.0, 1.0]], [[1254.9860565800168, 0.0, 829.5769333630991], [0.0, 1254.9860565800168, 467.1680561863987], [0.0, 0.0, 1.0]], [[796.8910634503094, 0.0, 857.7774326863696], [0.0, 796.8910634503094, 476.8848988407415], [0.0, 0.0, 1.0]], [[1249.9629280788233, 0.0, 825.3768045375984], [0.0, 1249.9629280788233, 462.54816385708756], [0.0, 0.0, 1.0]]], "extrinsics": [[[0.8223539590835571, -0.5689161419868469, -0.008276024833321571, -0.7662353515625], [0.010793275199830532, 0.03014095313847065, -0.9994874000549316, 1.491316318511963], [0.5688740015029907, 0.8218430280685425, 0.03092700056731701, -1.17169189453125], [0.0, 0.0, 0.0, 1.0]], [[0.01005227118730545, -0.9996122717857361, -0.02596503309905529, 0.010498046875], [0.012909650802612305, 0.026093915104866028, -0.9995760917663574, 1.4831771850585938], [0.9998660087585449, 0.009712737053632736, 0.013166948221623898, -1.4962158203125], [0.0, 0.0, 0.0, 1.0]], [[-0.8439871072769165, -0.535676121711731, -0.027144432067871094, 0.934814453125], [0.021047549322247505, 0.017492663115262985, -0.9996253848075867, 1.4969463348388672], [0.5359503626823425, -0.8442423343658447, -0.0034889138769358397, -1.1759033203125], [0.0, 0.0, 0.0, 1.0]], [[0.9478580951690674, 0.31862443685531616, 0.006588515359908342, -1.1348876953125], [-0.0041272458620369434, 0.032944511622190475, -0.9994486570358276, 1.562002182006836], [-0.31866583228111267, 0.947308361530304, 0.03254176676273346, -0.15924072265625], [0.0, 0.0, 0.0, 1.0]], [[0.009176243096590042, 0.9996373057365417, 0.025319455191493034, -0.02923583984375], [-0.002215901156887412, 0.025340786203742027, -0.9996764063835144, 1.56787109375], [-0.999955415725708, 0.009117241017520428, 0.0024476302787661552, -0.0296630859375], [0.0, 0.0, 0.0, 1.0]], [[-0.9236831068992615, 0.3831561505794525, -0.0008976811077445745, 1.0343017578125], [0.002020870801061392, 0.002528910292312503, -0.9999947547912598, 1.5480821132659912], [-0.3831517994403839, -0.9236801266670227, -0.0031102208886295557, -0.09405517578125], [0.0, 0.0, 0.0, 1.0]]], "view": [[0.0, -2.0, 100.0], [-2.0, 0.0, 100.0], [0.0, 0.0, 1.0]], "bev": "bev_a6c49a17109a45ecbbab006c02a52ad2.png", "aux": "aux_a6c49a17109a45ecbbab006c02a52ad2.npz", "visibility": "visibility_a6c49a17109a45ecbbab006c02a52ad2.png", "pose": [[0.6534615159034729, -0.7569597363471985, 0.0, 1209.3031005859375], [0.7569597363471985, 0.6534615159034729, 0.0, 946.208251953125], [0.0, 0.0, 1.0, 0.0], [0.0, 0.0, 0.0, 1.0]], "pose_inverse": [[0.6534615159034729, 0.7569597363471985, 0.0, -1506.474609375], [-0.7569597363471985, 0.6534615159034729, 0.0, 297.0831298828125], [0.0, 0.0, 1.0, 0.0], [0.0, 0.0, 0.0, 1.0]], "cam_ids": [0, 1, 2, 3, 4, 5], "cam_channels": ["CAM_FRONT_LEFT", "CAM_FRONT", "CAM_FRONT_RIGHT", "CAM_BACK_LEFT", "CAM_BACK", "CAM_BACK_RIGHT"], "token": "a6c49a17109a45ecbbab006c02a52ad2", "scene": "scene-0582"}, {"images": ["samples/CAM_FRONT_LEFT/n008-2018-09-18-13-10-39-0400__CAM_FRONT_LEFT__1537291127904799.jpg", "samples/CAM_FRONT/n008-2018-09-18-13-10-39-0400__CAM_FRONT__1537291127912404.jpg", "samples/CAM_FRONT_RIGHT/n008-2018-09-18-13-10-39-0400__CAM_FRONT_RIGHT__1537291127920482.jpg", "samples/CAM_BACK_LEFT/n008-2018-09-18-13-10-39-0400__CAM_BACK_LEFT__1537291127947405.jpg", "samples/CAM_BACK/n008-2018-09-18-13-10-39-0400__CAM_BACK__1537291127937558.jpg", "samples/CAM_BACK_RIGHT/n008-2018-09-18-13-10-39-0400__CAM_BACK_RIGHT__1537291127928113.jpg"], "intrinsics": [[[1257.8625342125129, 0.0, 827.2410631095686], [0.0, 1257.8625342125129, 450.915498205774], [0.0, 0.0, 1.0]], [[1252.8131021185304, 0.0, 826.588114781398], [0.0, 1252.8131021185304, 469.9846626224581], [0.0, 0.0, 1.0]], [[1256.7485116440405, 0.0, 817.7887570959712], [0.0, 1256.7485116440403, 451.9541780095127], [0.0, 0.0, 1.0]], [[1254.9860565800168, 0.0, 829.5769333630991], [0.0, 1254.9860565800168, 467.1680561863987], [0.0, 0.0, 1.0]], [[796.8910634503094, 0.0, 857.7774326863696], [0.0, 796.8910634503094, 476.8848988407415], [0.0, 0.0, 1.0]], [[1249.9629280788233, 0.0, 825.3768045375984], [0.0, 1249.9629280788233, 462.54816385708756], [0.0, 0.0, 1.0]]], "extrinsics": [[[0.8225703239440918, -0.5686522126197815, -0.003570010419934988, -0.78369140625], [0.015406166203320026, 0.028560137376189232, -0.9994733333587646, 1.4922904968261719], [0.5684546828269958, 0.8220820426940918, 0.03225347027182579, -1.18511962890625], [0.0, 0.0, 0.0, 1.0]], [[0.010407594963908195, -0.9996539950370789, -0.024157268926501274, 0.010955810546875], [0.017251506447792053, 0.024334484711289406, -0.9995549917221069, 1.4838790893554688], [0.9997970461845398, 0.009986125864088535, 0.0174988005310297, -1.514892578125], [0.0, 0.0, 0.0, 1.0]], [[-0.8437852263450623, -0.5358665585517883, -0.029554342851042747, 0.947998046875], [0.025150997564196587, 0.015525112859904766, -0.9995630979537964, 1.4973258972167969], [0.5360913276672363, -0.8441599607467651, 0.00037771681672893465, -1.1842041015625], [0.0, 0.0, 0.0, 1.0]], [[0.9478452801704407, 0.31861069798469543, 0.008755220100283623, -1.1376953125], [-0.0011363053927198052, 0.030846698209643364, -0.9995235204696655, 1.5620203018188477], [-0.3187290132045746, 0.9473836421966553, 0.029599934816360474, -0.1585693359375], [0.0, 0.0, 0.0, 1.0]], [[0.009060380049049854, 0.9996910095214844, 0.02314683049917221, -0.029296875], [0.0013494056183844805, 0.023135535418987274, -0.9997313618659973, 1.5681262016296387], [-0.9999580979347229, 0.009089113213121891, -0.0011393728200346231, -0.022216796875], [0.0, 0.0, 0.0, 1.0]], [[-0.923706591129303, 0.38306400179862976, -0.0052794478833675385, 1.0452880859375], [0.005877991672605276, 0.00039205740904435515, -0.9999826550483704, 1.5485405921936035], [-0.3830553889274597, -0.9237216711044312, -0.002613793360069394, -0.089630126953125], [0.0, 0.0, 0.0, 1.0]]], "view": [[0.0, -2.0, 100.0], [-2.0, 0.0, 100.0], [0.0, 0.0, 1.0]], "bev": "bev_99c5552e140f4f2c84fba478a71a97f9.png", "aux": "aux_99c5552e140f4f2c84fba478a71a97f9.npz", "visibility": "visibility_99c5552e140f4f2c84fba478a71a97f9.png", "pose": [[0.6535837054252625, -0.756854236125946, 0.0, 1211.6019287109375], [0.756854236125946, 0.6535837054252625, 0.0, 948.8021240234375], [0.0, 0.0, 1.0, 0.0], [0.0, 0.0, 0.0, 1.0]], "pose_inverse": [[0.6535837054252625, 0.756854236125946, 0.0, -1509.9881591796875], [-0.756854236125946, 0.6535837054252625, 0.0, 296.8843994140625], [0.0, 0.0, 1.0, 0.0], [0.0, 0.0, 0.0, 1.0]], "cam_ids": [0, 1, 2, 3, 4, 5], "cam_channels": ["CAM_FRONT_LEFT", "CAM_FRONT", "CAM_FRONT_RIGHT", "CAM_BACK_LEFT", "CAM_BACK", "CAM_BACK_RIGHT"], "token": "99c5552e140f4f2c84fba478a71a97f9", "scene": "scene-0582"}, {"images": ["samples/CAM_FRONT_LEFT/n008-2018-09-18-13-10-39-0400__CAM_FRONT_LEFT__1537291128504799.jpg", "samples/CAM_FRONT/n008-2018-09-18-13-10-39-0400__CAM_FRONT__1537291128512404.jpg", "samples/CAM_FRONT_RIGHT/n008-2018-09-18-13-10-39-0400__CAM_FRONT_RIGHT__1537291128520482.jpg", "samples/CAM_BACK_LEFT/n008-2018-09-18-13-10-39-0400__CAM_BACK_LEFT__1537291128547405.jpg", "samples/CAM_BACK/n008-2018-09-18-13-10-39-0400__CAM_BACK__1537291128537558.jpg", "samples/CAM_BACK_RIGHT/n008-2018-09-18-13-10-39-0400__CAM_BACK_RIGHT__1537291128528113.jpg"], "intrinsics": [[[1257.8625342125129, 0.0, 827.2410631095686], [0.0, 1257.8625342125129, 450.915498205774], [0.0, 0.0, 1.0]], [[1252.8131021185304, 0.0, 826.588114781398], [0.0, 1252.8131021185304, 469.9846626224581], [0.0, 0.0, 1.0]], [[1256.7485116440405, 0.0, 817.7887570959712], [0.0, 1256.7485116440403, 451.9541780095127], [0.0, 0.0, 1.0]], [[1254.9860565800168, 0.0, 829.5769333630991], [0.0, 1254.9860565800168, 467.1680561863987], [0.0, 0.0, 1.0]], [[796.8910634503094, 0.0, 857.7774326863696], [0.0, 796.8910634503094, 476.8848988407415], [0.0, 0.0, 1.0]], [[1249.9629280788233, 0.0, 825.3768045375984], [0.0, 1249.9629280788233, 462.54816385708756], [0.0, 0.0, 1.0]]], "extrinsics": [[[0.822985053062439, -0.5679188370704651, -0.012802275829017162, -0.8028564453125], [0.004047025926411152, 0.028397807851433754, -0.9995884895324707, 1.4892282485961914], [0.5680486559867859, 0.8225945234298706, 0.02566935308277607, -1.196044921875], [0.0, 0.0, 0.0, 1.0]], [[0.010964198969304562, -0.9996481537818909, -0.024152040481567383, 0.00927734375], [0.005935147870332003, 0.024218125268816948, -0.9996891021728516, 1.481318712234497], [0.9999222159385681, 0.010817393660545349, 0.00619859155267477, -1.5335693359375], [0.0, 0.0, 0.0, 1.0]], [[-0.8436965346336365, -0.536446750164032, -0.020022975280880928, 0.9598388671875], [0.013896007090806961, 0.015462174080312252, -0.9997838735580444, 1.4952201843261719], [0.5366405248641968, -0.8437924385070801, -0.005590915214270353, -1.19287109375], [0.0, 0.0, 0.0, 1.0]], [[0.9478709101676941, 0.3186512589454651, -0.0014562844298779964, -1.13818359375], [-0.011857007630169392, 0.030702583491802216, -0.9994581937789917, 1.5619697570800781], [-0.318433940410614, 0.947374701499939, 0.03288033604621887, -0.15814208984375], [0.0, 0.0, 0.0, 1.0]], [[0.009012996219098568, 0.9996951818466187, 0.022984452545642853, -0.02886962890625], [-0.009533808566629887, 0.02307024970650673, -0.9996883869171143, 1.5674705505371094], [-0.9999139308929443, 0.008791044354438782, 0.00973883643746376, -0.0164794921875], [0.0, 0