[{"images": ["samples/CAM_FRONT_LEFT/n015-2018-11-21-19-21-35+0800__CAM_FRONT_LEFT__1542799342104844.jpg", "samples/CAM_FRONT/n015-2018-11-21-19-21-35+0800__CAM_FRONT__1542799342112460.jpg", "samples/CAM_FRONT_RIGHT/n015-2018-11-21-19-21-35+0800__CAM_FRONT_RIGHT__1542799342120339.jpg", "samples/CAM_BACK_LEFT/n015-2018-11-21-19-21-35+0800__CAM_BACK_LEFT__1542799342147423.jpg", "samples/CAM_BACK/n015-2018-11-21-19-21-35+0800__CAM_BACK__1542799342137525.jpg", "samples/CAM_BACK_RIGHT/n015-2018-11-21-19-21-35+0800__CAM_BACK_RIGHT__1542799342127893.jpg"], "intrinsics": [[[1272.5979470598488, 0.0, 826.6154927353808], [0.0, 1272.5979470598488, 479.75165386361925], [0.0, 0.0, 1.0]], [[1266.417203046554, 0.0, 816.2670197447984], [0.0, 1266.417203046554, 491.50706579294757], [0.0, 0.0, 1.0]], [[1260.8474446004698, 0.0, 807.968244525554], [0.0, 1260.8474446004698, 495.3344268742088], [0.0, 0.0, 1.0]], [[1256.7414812095406, 0.0, 792.1125740759628], [0.0, 1256.7414812095406, 492.7757465151356], [0.0, 0.0, 1.0]], [[809.2209905677063, 0.0, 829.2196003259838], [0.0, 809.2209905677063, 481.77842384512485], [0.0, 0.0, 1.0]], [[1259.5137405846733, 0.0, 807.2529053838625], [0.0, 1259.5137405846733, 501.19579884916527], [0.0, 0.0, 1.0]]], "extrinsics": [[[0.819679856300354, -0.5711770057678223, 0.04337846115231514, -0.693359375], [0.040742065757513046, -0.017403392121195793, -0.9990180730819702, 1.521759033203125], [0.5713710784912109, 0.8206424117088318, 0.009005717001855373, -1.092132568359375], [0.0, 0.0, 0.0, 1.0]], [[0.004695998504757881, -0.9997523427009583, 0.021752871572971344, 0.00732421875], [0.03559870272874832, -0.021572189405560493, -0.9991333484649658, 1.530303955078125], [0.9993550777435303, 0.005466299597173929, 0.03548857942223549, -1.418701171875], [0.0, 0.0, 0.0, 1.0]], [[-0.8324377536773682, -0.5531933307647705, -0.032006893306970596, 0.85400390625], [0.04139068350195885, -0.004475881345570087, -0.9991329312324524, 1.5125579833984375], [0.5525704622268677, -0.8330408334732056, 0.026622941717505455, -1.12890625], [0.0, 0.0, 0.0, 1.0]], [[0.947097897529602, 0.31886452436447144, 0.03648213669657707, -1.13720703125], [0.05037350952625275, -0.03542492166161537, -0.9981019496917725, 1.5888214111328125], [-0.3169669210910797, 0.9471380710601807, -0.049613188952207565, -0.105224609375], [0.0, 0.0, 0.0, 1.0]], [[0.003675967687740922, 0.9996795058250427, -0.02504901960492134, 0.0028076171875], [0.024913880974054337, -0.02513296715915203, -0.9993736147880554, 1.5814437866210938], [-0.9996828436851501, 0.003049577586352825, -0.02499827928841114, -0.0810546875], [0.0, 0.0, 0.0, 1.0]], [[-0.9331023693084717, 0.3550536036491394, -0.0570693202316761, 0.98779296875], [0.05739796534180641, -0.009616617113351822, -0.998305082321167, 1.5605621337890625], [-0.35500070452690125, -0.9347964525222778, -0.011406068690121174, -0.11956787109375], [0.0, 0.0, 0.0, 1.0]]], "view": [[0.0, -2.0, 100.0], [-2.0, 0.0, 100.0], [0.0, 0.0, 1.0]], "bev": "bev_e74b8ce0b1824e0c8167f2534d8d4f7d.png", "aux": "aux_e74b8ce0b1824e0c8167f2534d8d4f7d.npz", "visibility": "visibility_e74b8ce0b1824e0c8167f2534d8d4f7d.png", "pose": [[0.34408512711524963, -0.9389384388923645, 0.0, 2450.60107421875], [0.9389384388923645, 0.34408512711524963, 0.0, 2074.21044921875], [0.0, 0.0, 1.0, 0.0], [0.0, 0.0, 0.0, 1.0]], "pose_inverse": [[0.34408512711524963, 0.9389384388923645, 0.0, -2790.771240234375], [-0.9389384388923645, 0.34408512711524963, 0.0, 1587.258544921875], [0.0, 0.0, 1.0, 0.0], [0.0, 0.0, 0.0, 1.0]], "cam_ids": [0, 1, 2, 3, 4, 5], "cam_channels": ["CAM_FRONT_LEFT", "CAM_FRONT", "CAM_FRONT_RIGHT", "CAM_BACK_LEFT", "CAM_BACK", "CAM_BACK_RIGHT"], "token": "e74b8ce0b1824e0c8167f2534d8d4f7d", "scene": "scene-1060"}, {"images": ["samples/CAM_FRONT_LEFT/n015-2018-11-21-19-21-35+0800__CAM_FRONT_LEFT__1542799342654844.jpg", "samples/CAM_FRONT/n015-2018-11-21-19-21-35+0800__CAM_FRONT__1542799342662460.jpg", "samples/CAM_FRONT_RIGHT/n015-2018-11-21-19-21-35+0800__CAM_FRONT_RIGHT__1542799342670339.jpg", "samples/CAM_BACK_LEFT/n015-2018-11-21-19-21-35+0800__CAM_BACK_LEFT__1542799342697423.jpg", "samples/CAM_BACK/n015-2018-11-21-19-21-35+0800__CAM_BACK__1542799342687525.jpg", "samples/CAM_BACK_RIGHT/n015-2018-11-21-19-21-35+0800__CAM_BACK_RIGHT__1542799342677893.jpg"], "intrinsics": [[[1272.5979470598488, 0.0, 826.6154927353808], [0.0, 1272.5979470598488, 479.75165386361925], [0.0, 0.0, 1.0]], [[1266.417203046554, 0.0, 816.2670197447984], [0.0, 1266.417203046554, 491.50706579294757], [0.0, 0.0, 1.0]], [[1260.8474446004698, 0.0, 807.968244525554], [0.0, 1260.8474446004698, 495.3344268742088], [0.0, 0.0, 1.0]], [[1256.7414812095406, 0.0, 792.1125740759628], [0.0, 1256.7414812095406, 492.7757465151356], [0.0, 0.0, 1.0]], [[809.2209905677063, 0.0, 829.2196003259838], [0.0, 809.2209905677063, 481.77842384512485], [0.0, 0.0, 1.0]], [[1259.5137405846733, 0.0, 807.2529053838625], [0.0, 1259.5137405846733, 501.19579884916527], [0.0, 0.0, 1.0]]], "extrinsics": [[[0.8200278282165527, -0.5706779360771179, 0.043371040374040604, -0.681884765625], [0.036633025854825974, -0.023288195952773094, -0.999057412147522, 1.520904541015625], [0.571150004863739, 0.8208436965942383, 0.0018086907221004367, -1.08599853515625], [0.0, 0.0, 0.0, 1.0]], [[0.0051124729216098785, -0.9996079802513123, 0.027522796764969826, 0.0081787109375], [0.03136772662401199, -0.027349302545189857, -0.9991336464881897, 1.5294952392578125], [0.9994947910308838, 0.005971428006887436, 0.03121560625731945, -1.40869140625], [0.0, 0.0, 0.0, 1.0]], [[-0.83237624168396, -0.5536345839500427, -0.025265494361519814, 0.8487548828125], [0.03703462705016136, -0.010078618302941322, -0.9992631673812866, 1.511871337890625], [0.5529720187187195, -0.83269864320755, 0.02889285609126091, -1.125], [0.0, 0.0, 0.0, 1.0]], [[0.9472628235816956, 0.3189782202243805, 0.030757183209061623, -1.135986328125], [0.04589071497321129, -0.04003557190299034, -0.9981438517570496, 1.5888519287109375], [-0.31715476512908936, 0.9469161033630371, -0.052562348544597626, -0.10595703125], [0.0, 0.0, 0.0, 1.0]], [[0.003411154728382826, 0.9995405077934265, -0.030118396505713463, 0.0028076171875], [0.02044820226728916, -0.030181994661688805, -0.9993352293968201, 1.5811080932617188], [-0.9997850656509399, 0.0027930194046348333, -0.020541762933135033, -0.08349609375], [0.0, 0.0, 0.0, 1.0]], [[-0.9334719777107239, 0.3544335663318634, -0.05483536049723625, 0.98486328125], [0.05296652391552925, -0.014980124309659004, -0.9984839558601379, 1.5600128173828125], [-0.3547177016735077, -0.934961199760437, -0.004789590835571289, -0.1202392578125], [0.0, 0.0, 0.0, 1.0]]], "view": [[0.0, -2.0, 100.0], [-2.0, 0.0, 100.0], [0.0, 0.0, 1.0]], "bev": "bev_e06c4c64a1bc4e8a8d2a6d31a9cb5638.png", "aux": "aux_e06c4c64a1bc4e8a8d2a6d31a9cb5638.npz", "visibility": "visibility_e06c4c64a1bc4e8a8d2a6d31a9cb5638.png", "pose": [[0.3478732705116272, -0.9375415444374084, 0.0, 2452.08544921875], [0.9375415444374084, 0.3478732705116272, 0.0, 2078.17626953125], [0.0, 0.0, 1.0, 0.0], [0.0, 0.0, 0.0, 1.0]], "pose_inverse": [[0.3478732705116272, 0.9375415444374084, 0.0, -2801.3916015625], [-0.9375415444374084, 0.3478732705116272, 0.0, 1575.989990234375], [0.0, 0.0, 1.0, 0.0], [0.0, 0.0, 0.0, 1.0]], "cam_ids": [0, 1, 2, 3, 4, 5], "cam_channels": ["CAM_FRONT_LEFT", "CAM_FRONT", "CAM_FRONT_RIGHT", "CAM_BACK_LEFT", "CAM_BACK", "CAM_BACK_RIGHT"], "token": "e06c4c64a1bc4e8a8d2a6d31a9cb5638", "scene": "scene-1060"}, {"images": ["samples/CAM_FRONT_LEFT/n015-2018-11-21-19-21-35+0800__CAM_FRONT_LEFT__1542799343154844.jpg", "samples/CAM_FRONT/n015-2018-11-21-19-21-35+0800__CAM_FRONT__1542799343162460.jpg", "samples/CAM_FRONT_RIGHT/n015-2018-11-21-19-21-35+0800__CAM_FRONT_RIGHT__1542799343170368.jpg", "samples/CAM_BACK_LEFT/n015-2018-11-21-19-21-35+0800__CAM_BACK_LEFT__1542799343197423.jpg", "samples/CAM_BACK/n015-2018-11-21-19-21-35+0800__CAM_BACK__1542799343187525.jpg", "samples/CAM_BACK_RIGHT/n015-2018-11-21-19-21-35+0800__CAM_BACK_RIGHT__1542799343177893.jpg"], "intrinsics": [[[1272.5979470598488, 0.0, 826.6154927353808], [0.0, 1272.5979470598488, 479.75165386361925], [0.0, 0.0, 1.0]], [[1266.417203046554, 0.0, 816.2670197447984], [0.0, 1266.417203046554, 491.50706579294757], [0.0, 0.0, 1.0]], [[1260.8474446004698, 0.0, 807.968244525554], [0.0, 1260.8474446004698, 495.3344268742088], [0.0, 0.0, 1.0]], [[1256.7414812095406, 0.0, 792.1125740759628], [0.0, 1256.7414812095406, 492.7757465151356], [0.0, 0.0, 1.0]], [[809.2209905677063, 0.0, 829.2196003259838], [0.0, 809.2209905677063, 481.77842384512485], [0.0, 0.0, 1.0]], [[1259.5137405846733, 0.0, 807.2529053838625], [0.0, 1259.5137405846733, 501.19579884916527], [0.0, 0.0, 1.0]]], "extrinsics": [[[0.8201074600219727, -0.5706900954246521, 0.04167317599058151, -0.677734375], [0.03635212033987045, -0.020718837156891823, -0.9991242289543152, 1.5209808349609375], [0.571053683757782, 0.8209041357040405, 0.003754120087251067, -1.081207275390625], [0.0, 0.0, 0.0, 1.0]], [[0.005258635617792606, -0.9996756315231323, 0.024916527792811394, 0.007568359375], [0.030914969742298126, -0.02474244125187397, -0.9992157816886902, 1.5294723510742188], [0.9995082020759583, 0.006024761125445366, 0.030774829909205437, -1.404296875], [0.0, 0.0, 0.0, 1.0]], [[-0.8323198556900024, -0.5536792278289795, -0.026135198771953583, 0.845947265625], [0.036335840821266174, -0.007451655808836222, -0.9993118643760681, 1.5117950439453125], [0.5531034469604492, -0.8326966762542725, 0.026320558041334152, -1.124267578125], [0.0, 0.0, 0.0, 1.0]], [[0.9473701119422913, 0.3187495172023773, 0.02980947494506836, -1.138916015625], [0.04402490332722664, -0.037484850734472275, -0.9983268976211548, 1.5886993408203125], [-0.31709885597229004, 0.9470974802970886, -0.049544937908649445, -0.10400390625], [0.0, 0.0, 0.0, 1.0]], [[0.003290926804766059, 0.9996155500411987, -0.027531960979104042, 0.002685546875], [0.019002778455615044, -0.02758965454995632, -0.9994387030601501, 1.58099365234375], [-0.9998139142990112, 0.0027659088373184204, -0.019086269661784172, -0.083251953125], [0.0, 0.0, 0.0, 1.0]], [[-0.933569073677063, 0.35446280241012573, -0.05295979976654053, 0.9833984375], [0.051949016749858856, -0.012374303303658962, -0.9985731244087219, 1.5599517822265625], [-0.3546123504638672, -0.934988260269165, -0.006861725356429815, -0.121124267578125], [0.0, 0.0, 0.0, 1.0]]], "view": [[0.0, -2.0, 100.0], [-2.0, 0.0, 100.0], [0.0, 0.0, 1.0]], "bev": "bev_e7e330644fcf4526bde068fe637a3bc3.png", "aux": "aux_e7e330644fcf4526bde068fe637a3bc3.npz", "visibility": "visibility_e7e330644fcf4526bde068fe637a3bc3.png", "pose": [[0.3485991656780243, -0.9372718930244446, 0.0, 2453.495849609375], [0.9372718930244446, 0.3485991656780243, 0.0, 2081.942138671875], [0.0, 0.0, 1.0, 0.0], [0.0, 0.0, 0.0, 1.0]], "pose_inverse": [[0.3485991656780243, 0.9372718930244446, 0.0, -2806.632568359375], [-0.9372718930244446, 0.3485991656780243, 0.0, 1573.8294677734375], [0.0, 0.0, 1.0, 0.0], [0.0, 0.0, 0.0, 1.0]], "cam_ids": [0, 1, 2, 3, 4, 5], "cam_channels": ["CAM_FRONT_LEFT", "CAM_FRONT", "CAM_FRONT_RIGHT", "CAM_BACK_LEFT", "CAM_BACK", "CAM_BACK_RIGHT"], "token": "e7e330644fcf4526bde068fe637a3bc3", "scene": "scene-1060"}, {"images": ["samples/CAM_FRONT_LEFT/n015-2018-11-21-19-21-35+0800__CAM_FRONT_LEFT__1542799343654844.jpg", "samples/CAM_FRONT/n015-2018-11-21-19-21-35+0800__CAM_FRONT__1542799343662460.jpg", "samples/CAM_FRONT_RIGHT/n015-2018-11-21-19-21-35+0800__CAM_FRONT_RIGHT__1542799343670339.jpg", "samples/CAM_BACK_LEFT/n015-2018-11-21-19-21-35+0800__CAM_BACK_LEFT__1542799343697426.jpg", "samples/CAM_BACK/n015-2018-11-21-19-21-35+0800__CAM_BACK__1542799343687525.jpg", "samples/CAM_BACK_RIGHT/n015-2018-11-21-19-21-35+0800__CAM_BACK_RIGHT__1542799343677893.jpg"], "intrinsics": [[[1272.5979470598488, 0.0, 826.6154927353808], [0.0, 1272.5979470598488, 479.75165386361925], [0.0, 0.0, 1.0]], [[1266.417203046554, 0.0, 816.2670197447984], [0.0, 1266.417203046554, 491.50706579294757], [0.0, 0.0, 1.0]], [[1260.8474446004698, 0.0, 807.968244525554], [0.0, 1260.8474446004698, 495.3344268742088], [0.0, 0.0, 1.0]], [[1256.7414812095406, 0.0, 792.1125740759628], [0.0, 1256.7414812095406, 492.7757465151356], [0.0, 0.0, 1.0]], [[809.2209905677063, 0.0, 829.2196003259838], [0.0, 809.2209905677063, 481.77842384512485], [0.0, 0.0, 1.0]], [[1259.5137405846733, 0.0, 807.2529053838625], [0.0, 1259.5137405846733, 501.19579884916527], [0.0, 0.0, 1.0]]], "extrinsics": [[[0.8201401829719543, -0.5712701082229614, 0.031946081668138504, -0.685791015625], [0.03136748448014259, -0.010857807472348213, -0.9994489550590515, 1.5189056396484375], [0.5713021755218506, 0.8206903338432312, 0.00901438295841217, -1.088287353515625], [0.0, 0.0, 0.0, 1.0]], [[0.00503156054764986, -0.9998809099197388, 0.014587816782295704, 0.008056640625], [0.025941280648112297, -0.01445257943123579, -0.9995590448379517, 1.5278244018554688], [0.999650776386261, 0.005407807417213917, 0.0258654672652483, -1.41259765625], [0.0, 0.0, 0.0, 1.0]], [[-0.8325968384742737, -0.5531753301620483, -0.02792024426162243, 0.851318359375], [0.031425174325704575, 0.0031487613450735807, -0.99950110912323, 1.5105056762695312], [0.552987277507782, -0.8330588936805725, 0.01476198248565197, -1.126953125], [0.0, 0.0, 0.0, 1.0]], [[0.9473445415496826, 0.31890666484832764, 0.028929734602570534, -1.137451171875], [0.039407242089509964, -0.026450062170624733, -0.9988731145858765, 1.5887451171875], [-0.31778207421302795, 0.9474169611930847, -0.037624552845954895, -0.105224609375], [0.0, 0.0, 0.0, 1.0]], [[0.0030797941144555807, 0.9998577237129211, -0.016586657613515854, 0.00244140625], [0.014261875301599503, -0.016628965735435486, -0.9997600317001343, 1.5805587768554688], [-0.9998934864997864, 0.002842525253072381, -0.01431105937808752, -0.080810546875], [0.0, 0.0, 0.0, 1.0]], [[-0.9337668418884277, 0.35508984327316284, -0.04461727663874626, 0.987548828125], [0.04712545871734619, -0.0015868155751377344, -0.9988877177238464, 1.5589447021484375], [-0.35476571321487427, -0.9348308444023132, -0.01525205560028553, -0.119171142578125], [0.0, 0.0, 0.0, 1.0]]], "view": [[0.0, -2.0, 100.0], [-2.0, 0.0, 100.0], [0.0, 0.0, 1.0]], "bev": "bev_0660df67866547b09bf286b9fe0b05f2.png", "aux": "aux_0660df67866547b09bf286b9fe0b05f2.npz", "visibility": "visibility_0660df67866547b09bf286b9fe0b05f2.png", "pose": [[0.3529012203216553, -0.9356606006622314, 0.0, 2454.920654296875], [0.9356606006622314, 0.3529012203216553, 0.0, 2085.7001953125], [0.0, 0.0, 1.0, 0.0], [0.0, 0.0, 0.0, 1.0]], "pose_inverse": [[0.3529012203216553, 0.9356606006622314, 0.0, -2817.85205078125], [-0.9356606006622314, 0.3529012203216553, 0.0, 1560.9263916015625], [0.0, 0.0, 1.0, 0.0], [0.0, 0.0, 0.0, 1.0]], "cam_ids": [0, 1, 2, 3, 4, 5], "cam_channels": ["CAM_FRONT_LEFT", "CAM_FRONT", "CAM_FRONT_RIGHT", "CAM_BACK_LEFT", "CAM_BACK", "CAM_BACK_RIGHT"], "token": "0660df67866547b09bf286b9fe0b05f2", "scene": "scene-1060"}, {"images": ["samples/CAM_FRONT_LEFT/n015-2018-11-21-19-21-35+0800__CAM_FRONT_LEFT__1542799344154844.jpg", "samples/CAM_FRONT/n015-2018-11-21-19-21-35+0800__CAM_FRONT__1542799344162460.jpg", "samples/CAM_FRONT_RIGHT/n015-2018-11-21-19-21-35+0800__CAM_FRONT_RIGHT__1542799344170339.jpg", "samples/CAM_BACK_LEFT/n015-2018-11-21-19-21-35+0800__CAM_BACK_LEFT__1542799344197423.jpg", "samples/CAM_BACK/n015-2018-11-21-19-21-35+0800__CAM_BACK__1542799344187525.jpg", "samples/CAM_BACK_RIGHT/n015-2018-11-21-19-21-35+0800__CAM_BACK_RIGHT__1542799344177893.jpg"], "intrinsics": [[[1272.5979470598488, 0.0, 826.6154927353808], [0.0, 1272.5979470598488, 479.75165386361925], [0.0, 0.0, 1.0]], [[1266.417203046554, 0.0, 816.2670197447984], [0.0, 1266.417203046554, 491.50706579294757], [0.0, 0.0, 1.0]], [[1260.8474446004698, 0.0, 807.968244525554], [0.0, 1260.8474446004698, 495.3344268742088], [0.0, 0.0, 1.0]], [[1256.7414812095406, 0.0, 792.1125740759628], [0.0, 1256.7414812095406, 492.7757465151356], [0.0, 0.0, 1.0]], [[809.2209905677063, 0.0, 829.2196003259838], [0.0, 809.2209905677063, 481.77842384512485], [0.0, 0.0, 1.0]], [[1259.5137405846733, 0.0, 807.2529053838625], [0.0, 1259.5137405846733, 501.19579884916527], [0.0, 0.0, 1.0]]], "extrinsics": [[[0.8203599452972412, -0.5709956884384155, 0.0312018021941185, -0.704833984375], [0.03324640169739723, -0.006847343407571316, -0.9994236826896667, 1.5187225341796875], [0.5708802342414856, 0.8209245800971985, 0.01336626335978508, -1.103790283203125], [0.0, 0.0, 0.0, 1.0]], [[0.0056760055013000965, -0.9999228119850159, 0.011049635708332062, 0.009521484375], [0.02767418697476387, -0.010888509452342987, -0.9995577335357666, 1.5277099609375], [0.9996009469032288, 0.005979321431368589, 0.02761024609208107, -1.433837890625], [0.0, 0.0, 0.0, 1.0]], [[-0.8321877121925354, -0.5536263585090637, -0.031008059158921242, 0.86669921875], [0.033014681190252304, 0.006351068150252104, -0.9994346499443054, 1.5102691650390625], [0.553510308265686, -0.8327410221099854, 0.012992518953979015, -1.135498046875], [0.0, 0.0, 0.0, 1.0]], [[0.9472923874855042, 0.31886884570121765, 0.03098001517355442, -1.138427734375], [0.04072260484099388, -0.023930761963129044, -0.998883843421936, 1.5886993408203125], [-0.3177715837955475, 0.9474967122077942, -0.03565460070967674, -0.10498046875], [0.0, 0.0, 0.0, 1.0]], [[0.002827652730047703, 0.9999002814292908, -0.013839010149240494, 0.002197265625], [0.01571536995470524, -0.013881790451705456, -0.9997801184654236, 1.5805587768554688], [-0.9998725056648254, 0.0026095500215888023, -0.01575305126607418, -0.073974609375], [0.0, 0.0, 0.0, 1.0]], [[-0.9338717460632324, 0.354767382144928, -0.0449855662882328, 0.99951171875], [0.048644185066223145, 0.0013957186602056026, -0.9988151788711548, 1.55853271484375], [-0.3542843461036682, -0.9349535703659058, -0.018560796976089478, -0.113677978515625], [0.0, 0.0, 0.0, 1.0]]], "view": [[0.0, -2.0, 100.0], [-2.0, 0.0, 100.0], [0.0, 0.0, 1.0]], "bev": "bev_ffced1bcacb046af9928fe92d99fdb23.png", "aux": "aux_ffced1bcacb046af9928fe92d99fdb23.npz", "visibility": "visibility_ffced1bcacb046af9928fe92d99fdb23.png", "pose": [[0.35139867663383484, -0.936225950717926, 0.0, 2456.279296875], [0.936225950717926, 0.35139867663383484, 0.0, 2089.240966796875], [0.0, 0.0, 1.0, 0.0], [0.0, 0.0, 0.0, 1.0]], "pose_inverse": [[0.35139867663383484, 0.936225950717926, 0.0, -2819.134765625], [-0.936225950717926, 0.35139867663383484, 0.0, 1565.475830078125], [0.0, 0.0, 1.0, 0.0], [0.0, 0.0, 0.0, 1.0]], "cam_ids": [0, 1, 2, 3, 4, 5], "cam_channels": ["CAM_FRONT_LEFT", "CAM_FRONT", "CAM_FRONT_RIGHT", "CAM_BACK_LEFT", "CAM_BACK", "CAM_BACK_RIGHT"], "token": "ffced1bcacb046af9928fe92d99fdb23", "scene": "scene-1060"}, {"images": ["samples/CAM_FRONT_LEFT/n015-2018-11-21-19-21-35+0800__CAM_FRONT_LEFT__1542799344654844.jpg", "samples/CAM_FRONT/n015-2018-11-21-19-21-35+0800__CAM_FRONT__1542799344662460.jpg", "samples/CAM_FRONT_RIGHT/n015-2018-11-21-19-21-35+0800__CAM_FRONT_RIGHT__1542799344670339.jpg", "samples/CAM_BACK_LEFT/n015-2018-11-21-19-21-35+0800__CAM_BACK_LEFT__1542799344697423.jpg", "samples/CAM_BACK/n015-2018-11-21-19-21-35+0800__CAM_BACK__1542799344687525.jpg", "samples/CAM_BACK_RIGHT/n015-2018-11-21-19-21-35+0800__CAM_BACK_RIGHT__1542799344677893.jpg"], "intrinsics": [[[1272.5979470598488, 0.0, 826.6154927353808], [0.0, 1272.5979470598488, 479.75165386361925], [0.0, 0.0, 1.0]], [[1266.417203046554, 0.0, 816.2670197447984], [0.0, 1266.417203046554, 491.50706579294757], [0.0, 0.0, 1.0]], [[1260.8474446004698, 0.0, 807.968244525554], [0.0, 1260.8474446004698, 495.3344268742088], [0.0, 0.0, 1.0]], [[1256.7414812095406, 0.0, 792.1125740759628], [0.0, 1256.7414812095406, 492.7757465151356], [0.0, 0.0, 1.0]], [[809.2209905677063, 0.0, 829.2196003259838], [0.0, 809.2209905677063, 481.77842384512485], [0.0, 0.0, 1.0]], [[1259.5137405846733, 0.0, 807.2529053838625], [0.0, 1259.5137405846733, 501.19579884916527], [0.0, 0.0, 1.0]]], "extrinsics": [[[0.818430483341217, -0.5741499662399292, 0.022875934839248657, -0.717529296875], [0.020819077268242836, -0.010155584663152695, -0.999731719493866, 1.5145416259765625], [0.5742281675338745, 0.8186871409416199, 0.0036416328512132168, -1.109405517578125], [0.0, 0.0, 0.0, 1.0]], [[0.002425843384116888, -0.9998967051506042, 0.014163995161652565, 0.007568359375], [0.015388554893434048, -0.014125034213066101, -0.9997818470001221, 1.52435302734375], [0.9998785853385925, 0.002643280429765582, 0.015352699905633926, -1.44580078125], [0.0, 0.0, 0.0, 1.0]], [[-0.8339930772781372, -0.5514407157897949, -0.019199559465050697, 0.8741455078125], [0.02092963270843029, 0.0031555353198200464, -0.9997759461402893, 1.5076370239257812], [0.5513777732849121, -0.834208071231842, 0.008909757249057293, -1.142578125], [0.0, 0.0, 0.0, 1.0]], [[0.9474769830703735, 0.31924936175346375, 0.01916343905031681, -1.142822265625], [0.029234599322080612, -0.0267838966101408, -0.999213695526123, 1.58856201171875], [-0.3184850215911865, 0.947292149066925, -0.03471025079488754, -0.1044921875], [0.0, 0.0, 0.0, 1.0]], [[0.0035769331734627485, 0.9998502135276794, -0.016936274245381355, 0.00244140625], [0.0038949812296777964, -0.016950182616710663, -0.9998487234115601, 1.5796356201171875], [-0.9999859929084778, 0.0035104413982480764, -0.003955027088522911, -0.067138671875], [0.0, 0.0, 0.0, 1.0]], [[-0.9336567521095276, 0.35646525025367737, -0.03489375114440918, 1.007568359375], [0.03666946291923523, -0.0017772756982594728, -0.9993258714675903, 1.5564727783203125], [-0.35628700256347656, -0.9343069195747375, -0.011412025429308414, -0.1112060546875], [0.0, 0.0, 0.0, 1.0]]], "view": [[0.0, -2.0, 100.0], [-2.0, 0.0, 100.0], [0.0, 0.0, 1.0]], "bev": "bev_ce3718b3d5a4404c80b724e1b15cf7bf.png", "aux": "aux_ce3718b3d5a4404c80b724e1b15cf7bf.npz", "visibility": "visibility_ce3718b3d5a4404c80b724e1b15cf7bf.png", "pose": [[0.3334195017814636, -0.9427785873413086, 0.0, 2457.525390625], [0.9427785873413086, 0.3334195017814636, 0.0, 2092.547119140625], [0.0, 0.0, 1.0, 0.0], [0.0, 0.0, 0.0, 1.0]], "pose_inverse": [[0.3334195017814636, 0.9427785873413086, 0.0, -2792.195556640625], [-0.9427785873413086, 0.3334195017814636, 0.0, 1619.2061767578125], [0.0, 0.0, 1.0, 0.0], [0.0, 0.0, 0.0, 1.0]], "cam_ids": [0, 1, 2, 3, 4, 5], "cam_channels": ["CAM_FRONT_LEFT", "CAM_FRONT", "CAM_FRONT_RIGHT", "CAM_BACK_LEFT", "CAM_BACK", "CAM_BACK_RIGHT"], "token": "ce3718b3d5a4404c80b724e1b15cf7bf", "scene": "scene-1060"}, {"images": ["samples/CAM_FRONT_LEFT/n015-2018-11-21-19-21-35+0800__CAM_FRONT_LEFT__1542799345154844.jpg", "samples/CAM_FRONT/n015-2018-11-21-19-21-35+0800__CAM_FRONT__1542799345162460.jpg", "samples/CAM_FRONT_RIGHT/n015-2018-11-21-19-21-35+0800__CAM_FRONT_RIGHT__1542799345170339.jpg", "samples/CAM_BACK_LEFT/n015-2018-11-21-19-21-35+0800__CAM_BACK_LEFT__1542799345197423.jpg", "samples/CAM_BACK/n015-2018-11-21-19-21-35+0800__CAM_BACK__1542799345187525.jpg", "samples/CAM_BACK_RIGHT/n015-2018-11-21-19-21-35+0800__CAM_BACK_RIGHT__1542799345177893.jpg"], "intrinsics": [[[1272.5979470598488, 0.0, 826.6154927353808], [0.0, 1272.5979470598488, 479.75165386361925], [0.0, 0.0, 1.0]], [[1266.417203046554, 0.0, 816.2670197447984], [0.0, 1266.417203046554, 491.50706579294757], [0.0, 0.0, 1.0]], [[1260.8474446004698, 0.0, 807.968244525554], [0.0, 1260.8474446004698, 495.3344268742088], [0.0, 0.0, 1.0]], [[1256.7414812095406, 0.0, 792.1125740759628], [0.0, 1256.7414812095406, 492.7757465151356], [0.0, 0.0, 1.0]], [[809.2209905677063, 0.0, 829.2196003259838], [0.0, 809.2209905677063, 481.77842384512485], [0.0, 0.0, 1.0]], [[1259.5137405846733, 0.0, 807.2529053838625], [0.0, 1259.5137405846733, 501.19579884916527], [0.0, 0.0, 1.0]]], "extrinsics": [[[0.815730094909668, -0.5782487988471985, 0.01458657905459404, -0.73193359375], [0.011702540330588818, -0.008714091032743454, -0.9998935461044312, 1.5115890502929688], [0.5783143639564514, 0.8158140182495117, -0.00034136674366891384, -1.1191425323486328], [0.0, 0.0, 0.0, 1.0]], [[-0.0015351271722465754, -0.9999133348464966, 0.013078764081001282, 0.00732421875], [0.0069261640310287476, -0.013089098036289215, -0.9998903870582581, 1.5221824645996094], [0.9999749064445496, -0.0014443087857216597, 0.0069456547498703, -1.4599609375], [0.0, 0.0, 0.0, 1.0]], [[-0.8358476758003235, -0.5488043427467346, -0.013133061118423939, 0.8831787109375], [0.013293550349771976, 0.003681511851027608, -0.9999048709869385, 1.5060272216796875], [0.5488004684448242, -0.8359427452087402, 0.004218377638608217, -1.1484375], [0.0, 0.0, 0.0, 1.0]], [[0.9476019144058228, 0.3191411793231964, 0.014127969741821289, -1.144287109375], [0.024479631334543228, -0.02844800241291523, -0.9992954730987549, 1.5885162353515625], [-0.3185144364833832, 0.9472801685333252, -0.03476983681321144, -0.103515625], [0.0, 0.0, 0.0, 1.0]], [[0.004627467133104801, 0.9998320937156677, -0.01773144118487835, 0.0025634765625], [-0.0019485881784930825, -0.017722580581903458, -0.9998410940170288, 1.5792369842529297], [-0.9999874234199524, 0.004661257844418287, 0.0018662501825019717, -0.062744140625], [0.0, 0.0, 0.0, 1.0]], [[-0.9330666065216064, 0.3585728108882904, -0.028499888256192207, 1.01513671875], [0.0298178531229496, -0.0018549266969785094, -0.9995536208152771, 1.5553054809570312], [-0.3584655523300171, -0.9334999918937683, -0.008961099199950695, -0.10858154296875], [0.0, 0.0, 0.0, 1.0]]], "view": [[0.0, -2.0, 100.0], [-2.0, 0.0, 100.0], [0.0, 0.0, 1.0]], "bev": "bev_f868336acfca41f6b3b7a3d1b6518691.png", "aux": "aux_f868336acfca41f6b3b7a3d1b6518691.npz", "visibility": "visibility_f868336acfca41f6b3b7a3d1b6518691.png", "pose": [[0.2549569010734558, -0.9669524431228638, 0.0, 2458.541015625], [0.9669524431228638, 0.2549569010734558, 0.0, 2095.731201171875], [0.0, 0.0, 1.0, 0.0], [0.0, 0.0, 0.0, 1.0]], "pose_inverse": [[0.2549569010734558, 0.9669524431228638, 0.0, -2653.29443359375], [-0.9669524431228638, 0.2549569010734558, 0.0, 1842.9710693359375], [0.0, 0.0, 1.0, 0.0], [0.0, 0.0, 0.0, 1.0]], "cam_ids": [0, 1, 2, 3, 4, 5], "cam_channels": ["CAM_FRONT_LEFT", "CAM_FRONT", "CAM_FRONT_RIGHT", "CAM_BACK_LEFT", "CAM_BACK", "CAM_BACK_RIGHT"], "token": "f868336acfca41f6b3b7a3d1b6518691", "scene": "scene-1060"}, {"images": ["samples/CAM_FRONT_LEFT/n015-2018-11-21-19-21-35+0800__CAM_FRONT_LEFT__1542799345654844.jpg", "samples/CAM_FRONT/n015-2018-11-21-19-21-35+0800__CAM_FRONT__1542799345662460.jpg", "samples/CAM_FRONT_RIGHT/n015-2018-11-21-19-21-35+0800__CAM_FRONT_RIGHT__1542799345670339.jpg", "samples/CAM_BACK_LEFT/n015-2018-11-21-19-21-35+0800__CAM_BACK_LEFT__1542799345697423.jpg", "samples/CAM_BACK/n015-2018-11-21-19-21-35+0800__CAM_BACK__1542799345687525.jpg", "samples/CAM_BACK_RIGHT/n015-2018-11-21-19-21-35+0800__CAM_BACK_RIGHT__1542799345677893.jpg"], "intrinsics": [[[1272.5979470598488, 0.0, 826.6154927353808], [0.0, 1272.5979470598488, 479.75165386361925], [0.0, 0.0, 1.0]], [[1266.417203046554, 0.0, 816.2670197447984], [0.0, 1266.417203046554, 491.50706579294757], [0.0, 0.0, 1.0]], [[1260.8474446004698, 0.0, 807.968244525554], [0.0, 1260.8474446004698, 495.3344268742088], [0.0, 0.0, 1.0]], [[1256.7414812095406, 0.0, 792.1125740759628], [0.0, 1256.7414812095406, 492.7757465151356], [0.0, 0.0, 1.0]], [[809.2209905677063, 0.0, 829.2196003259838], [0.0, 809.2209905677063, 481.77842384512485], [0.0, 0.0, 1.0]], [[1259.5137405846733, 0.0, 807.2529053838625], [0.0, 1259.5137405846733, 501.19579884916527], [0.0, 0.0, 1.0]]], "extrinsics": [[[0.8118892908096313, -0.5826421976089478, 0.03693002089858055, -0.743896484375], [0.030963925644755363, -0.020193353295326233, -0.9993164539337158, 1.51666259765625], [0.5829896926879883, 0.8124778866767883, 0.0016461213817819953, -1.126312255859375], [0.0, 0.0, 0.0, 1.0]], [[-0.006629860494285822, -0.9996800422668457, 0.024409042671322823, 0.00634765625], [0.025327781215310097, -0.024569621309638023, -0.9993772506713867, 1.5261688232421875], [0.9996570944786072, -0.006007511634379625, 0.025482570752501488, -1.472412109375], [0.0, 0.0, 0.0, 1.0]], [[-0.8375571966171265, -0.5459217429161072, -0.02161823958158493, 0.89190673828125], [0.030895430594682693, -0.007820594124495983, -0.9994919896125793, 1.508880615234375], [0.5454753041267395, -0.8377996683120728, 0.023416683077812195, -1.155029296875], [0.0, 0.0, 0.0, 1.0]], [[0.9473771452903748, 0.3191845715045929, 0.02444646507501602, -1.147705078125], [0.03896603360772133, -0.03918241336941719, -0.9984720349311829, 1.5883636474609375], [-0.31773898005485535, 0.9468822479248047, -0.0495578795671463, -0.102294921875], [0.0, 0.0, 0.0, 1.0]], [[0.0063552167266607285, 0.9995642304420471, -0.028825804591178894, 0.00244140625], [0.013671617954969406, -0.028910543769598007, -0.9994885325431824, 1.580169677734375], [-0.9998863339424133, 0.005957867484539747, -0.013849392533302307, -0.055908203125], [0.0, 0.0, 0.0, 1.0]], [[-0.9314693212509155, 0.360611230134964, -0.04821205139160156, 1.02392578125], [0.046550050377845764, -0.013298461213707924, -0.9988274574279785, 1.5570526123046875], [-0.36082953214645386, -0.9326213598251343, -0.004399363417178392, -0.1055908203125], [0.0, 0.0, 0.0, 1.0]]], "view": [[0.0, -2.0, 100.0], [-2.0, 0.0, 100.0], [0.0, 0.0, 1.0]], "bev": "bev_a5f8715674ad4460b583cf6067096e5b.png", "aux": "aux_a5f8715674ad4460b583cf6067096e5b.npz", "visibility": "visibility_a5f8715674ad4460b583cf6067096e5b.png", "pose": [[0.10935498028993607, -0.9940027594566345, 0.0, 2459.1591796875], [0.9940027594566345, 0.10935498028993607, 0.0, 2098.896240234375], [0.0, 0.0, 1.0, 0.0], [0.0, 0.0, 0.0, 1.0]], "pose_inverse": [[0.10935498028993607, 0.9940027594566345, 0.0, -2355.22998046875], [-0.9940027594566345, 0.10935498028993607, 0.0, 2214.88623046875], [0.0, 0.0, 1.0, 0.0], [0.0, 0.0, 0.0, 1.0]], "cam_ids": [0, 1, 2, 3, 4, 5], "cam_channels": ["CAM_FRONT_LEFT", "CAM_FRONT", "CAM_FRONT_RIGHT", "CAM_BACK_LEFT", "CAM_BACK", "CAM_BACK_RIGHT"], "token": "a5f8715674ad4460b583cf6067096e5b", "scene": "scene-1060"}, {"images": ["samples/CAM_FRONT_LEFT/n015-2018-11-21-19-21-35+0800__CAM_FRONT_LEFT__1542799346154844.jpg", "samples/CAM_FRONT/n015-2018-11-21-19-21-35+0800__CAM_FRONT__1542799346162460.jpg", "samples/CAM_FRONT_RIGHT/n015-2018-11-21-19-21-35+0800__CAM_FRONT_RIGHT__1542799346170339.jpg", "samples/CAM_BACK_LEFT/n015-2018-11-21-19-21-35+0800__CAM_BACK_LEFT__1542799346197423.jpg", "samples/CAM_BACK/n015-2018-11-21-19-21-35+0800__CAM_BACK__1542799346187525.jpg", "samples/CAM_BACK_RIGHT/n015-2018-11-21-19-21-35+0800__CAM_BACK_RIGHT__1542799346177893.jpg"], "intrinsics": [[[1272.5979470598488, 0.0, 826.6154927353808], [0.0, 1272.5979470598488, 479.75165386361925], [0.0, 0.0, 1.0]], [[1266.417203046554, 0.0, 816.2670197447984], [0.0, 1266.417203046554, 491.50706579294757], [0.0, 0.0, 1.0]], [[1260.8474446004698, 0.0, 807.968244525554], [0.0, 1260.8474446004698, 495.3344268742088], [0.0, 0.0, 1.0]], [[1256.7414812095406, 0.0, 792.1125740759628], [0.0, 1256.7414812095406, 492.7757465151356], [0.0, 0.0, 1.0]], [[809.2209905677063, 0.0, 829.2196003259838], [0.0, 809.2209905677063, 481.77842384512485], [0.0, 0.0, 1.0]], [[1259.5137405846733, 0.0, 807.2529053838625], [0.0, 1259.5137405846733, 501.19579884916527], [0.0, 0.0, 1.0]]], "extrinsics": [[[0.8102824091911316, -0.5847435593605042, 0.038953643292188644, -0.744384765625], [0.03995195031166077, -0.011197611689567566, -0.9991388320922852, 1.5190505981445312], [0.584676206111908, 0.8111408948898315, 0.014288419857621193, -1.12628173828125], [0.0, 0.0, 0.0, 1.0]], [[-0.008501827716827393, -0.9998608231544495, 0.01435310859233141, 0.006591796875], [0.034559328109025955, -0.014638850465416908, -0.9992954730987549, 1.5281753540039062], [0.9993664622306824, -0.007999798282980919, 0.034678973257541656, -1.4725341796875], [0.0, 0.0, 0.0, 1.0]], [[-0.8379341959953308, -0.5446195006370544, -0.03543552756309509, 0.89215087890625], [0.04034632444381714, 0.0029359012842178345, -0.9991814494132996, 1.5104522705078125], [0.5442777276039124, -0.8386780023574829, 0.019513309001922607, -1.155029296875], [0.0, 0.0, 0.0, 1.0]], [[0.9469106793403625, 0.3192870318889618, 0.03762904927134514, -1.14971923828125], [0.048800308257341385, -0.027057485654950142, -0.9984419941902161, 1.5881805419921875], [-0.31777140498161316, 0.9472717046737671, -0.041202325373888016, -0.100830078125], [0.0, 0.0, 0.0, 1.0]], [[0.006621270906180143, 0.9998379349708557, -0.016746483743190765, 0.00244140625], [0.023409930989146233, -0.01689724437892437, -0.9995831251144409, 1.5807113647460938], [-0.9997039437294006, 0.006226481404155493, -0.023518018424510956, -0.054931640625], [0.0, 0.0, 0.0, 1.0]], [[-0.9307392239570618, 0.36181947588920593, -0.05301978439092636, 1.024169921875], [0.05612293258309364, -0.0019355090335011482, -0.9984220266342163, 1.5581741333007812], [-0.3613511323928833, -0.9322462677955627, -0.0185049157589674, -0.105224609375], [0.0, 0.0, 0.0, 1.0]]], "view": [[0.0, -2.0, 100.0], [-2.0, 0.0, 100.0], [0.0, 0.0, 1.0]], "bev": "bev_5961c01ec5e04ee48959a30d2b337c57.png", "aux": "aux_5961c01ec5e04ee48959a30d2b337c57.npz", "visibility": "visibility_5961c01ec5e04ee48959a30d2b337c57.png", "pose": [[-0.07582613080739975, -0.9971210360527039, 0.0, 2459.248779296875], [0.9971210360527039, -0.07582613080739975, 0.0, 2102.119140625], [0.0, 0.0, 1.0, 0.0], [0.0, 0.0, 0.0, 1.0]], "pose_inverse": [[-0.07582613080739975, 0.9971210360527039, 0.0, -1909.5919189453125], [-0.9971210360527039, -0.07582613080739975, 0.0, 2611.564208984375], [0.0, 0.0, 1.0, 0.0], [0.0, 0.0, 0.0, 1.0]], "cam_ids": [0, 1, 2, 3, 4, 5], "cam_channels": ["CAM_FRONT_LEFT", "CAM_FRONT", "CAM_FRONT_RIGHT", "CAM_BACK_LEFT", "CAM_BACK", "CAM_BACK_RIGHT"], "token": "5961c01ec5e04ee48959a30d2b337c57", "scene": "scene-1060"}, {"images": ["samples/CAM_FRONT_LEFT/n015-2018-11-21-19-21-35+0800__CAM_FRONT_LEFT__1542799346654844.jpg", "samples/CAM_FRONT/n015-2018-11-21-19-21-35+0800__CAM_FRONT__1542799346662460.jpg", "samples/CAM_FRONT_RIGHT/n015-2018-11-21-19-21-35+0800__CAM_FRONT_RIGHT__1542799346670339.jpg", "samples/CAM_BACK_LEFT/n015-2018-11-21-19-21-35+0800__CAM_BACK_LEFT__1542799346697423.jpg", "samples/CAM_BACK/n015-2018-11-21-19-21-35+0800__CAM_BACK__1542799346687525.jpg", "samples/CAM_BACK_RIGHT/n015-2018-11-21-19-21-35+0800__CAM_BACK_RIGHT__1542799346677893.jpg"], "intrinsics": [[[1272.5979470598488, 0.0, 826.6154927353808], [0.0, 1272.5979470598488, 479.75165386361925], [0.0, 0.0, 1.0]], [[1266.417203046554, 0.0, 816.2670197447984], [0.0, 1266.417203046554, 491.50706579294757], [0.0, 0.0, 1.0]], [[1260.8474446004698, 0.0, 807.968244525554], [0.0, 1260.8474446004698, 495.3344268742088], [0.0, 0.0, 1.0]], [[1256.7414812095406, 0.0, 792.1125740759628], [0.0, 1256.7414812095406, 492.7757465151356], [0.0, 0.0, 1.0]], [[809.2209905677063, 0.0, 829.2196003259838], [0.0, 809.2209905677063, 481.77842384512485], [0.0, 0.0, 1.0]], [[1259.5137405846733, 0.0, 807.2529053838625], [0.0, 1259.5137405846733, 501.19579884916527], [0.0, 0.0, 1.0]]], "extrinsics": [[[0.8126140832901001, -0.5816842317581177, 0.036078885197639465, -0.744140625], [0.03278729319572449, -0.01617947220802307, -0.9993313550949097, 1.5171279907226562], [0.5818790197372437, 0.8132537603378296, 0.005924181081354618, -1.1285400390625], [0.0, 0.0, 0.0, 1.0]], [[-0.005588098894804716, -0.9997859001159668, 0.01992427557706833, 0.007568359375], [0.027193427085876465, -0.020069152116775513, -0.9994286894798279, 1.5266036987304688], [0.9996145367622375, -0.00504309544339776, 0.027299752458930016, -1.4720458984375], [0.0, 0.0, 0.0, 1.0]], [[-0.8370591402053833, -0.5464988946914673, -0.02590142749249935, 0.89111328125], [0.032745715230703354, -0.0027862151619046926, -0.9994598031044006, 1.5092201232910156], [0.5461315512657166, -0.8374552130699158, 0.02022772654891014, -1.1533203125], [0.0, 0.0, 0.0, 1.0]], [[0.947320282459259, 0.3190366327762604, 0.028283316642045975, -1.143096923828125], [0.040811676532030106, -0.032651644200086594, -0.9986331462860107, 1.5885467529296875], [-0.31767696142196655, 0.9471798539161682, -0.04395198076963425, -0.10400390625], [0.0, 0.0, 0.0, 1.0]], [[0.00607233727350831, 0.9997241497039795, -0.02268829010426998, 0.002197265625], [0.015513734892010689, -0.0227801613509655, -0.9996201395988464, 1.5803451538085938], [-0.9998612403869629, 0.005718069151043892, -0.015647782012820244, -0.0601806640625], [0.0, 0.0, 0.0, 1.0]], [[-0.9316023588180542, 0.36030593514442444, -0.047923844307661057, 1.02099609375], [0.04838040843605995, -0.007757245562970638, -0.9987988471984863, 1.5574111938476562], [-0.3602449595928192, -0.9328019618988037, -0.010205080732703209, -0.106201171875], [0.0, 0.0, 0.0, 1.0]]], "view": [[0.0, -2.0, 100.0], [-2.0, 0.0, 100.0], [0.0, 0.0, 1.0]], "bev": "bev_6a572eb7bc84490487b6fad4266bc0d4.png", "aux": "aux_6a572eb7bc84490487b6fad4266bc0d4.npz", "visibility": "visibility_6a572eb7bc84490487b6fad4266bc0d4.png", "pose": [[-0.25661513209342957, -0.9665136933326721, 0.0, 2458.734375], [0.9665136933326721, -0.25661513209342957, 0.0, 2105.2744140625], [0.0, 0.0, 1.0, 0.0], [0.0, 0.0, 0.0, 1.0]], "pose_inverse": [[-0.25661513209342957, 0.9665136933326721, 0.0, -1403.828125], [-0.9665136933326721, -0.25661513209342957, 0.0, 2916.645751953125], [0.0, 0.0, 1.0, 0.0], [0.0, 0.0, 0.0, 1.0]], "cam_ids": [0, 1, 2, 3, 4, 5], "cam_channels": ["CAM_FRONT_LEFT", "CAM_FRONT", "CAM_FRONT_RIGHT", "CAM_BACK_LEFT", "CAM_BACK", "CAM_BACK_RIGHT"], "token": "6a572eb7bc84490487b6fad4266bc0d4", "scene": "scene-1060"}, {"images": ["samples/CAM_FRONT_LEFT/n015-2018-11-21-19-21-35+0800__CAM_FRONT_LEFT__1542799347154844.jpg", "samples/CAM_FRONT/n015-2018-11-21-19-21-35+0800__CAM_FRONT__1542799347162463.jpg", "samples/CAM_FRONT_RIGHT/n015-2018-11-21-19-21-35+0800__CAM_FRONT_RIGHT__1542799347170339.jpg", "samples/CAM_BACK_LEFT/n015-2018-11-21-19-21-35+0800__CAM_BACK_LEFT__1542799347197423.jpg", "samples/CAM_BACK/n015-2018-11-21-19-21-35+0800__CAM_BACK__1542799347187525.jpg", "samples/CAM_BACK_RIGHT/n015-2018-11-21-19-21-35+0800__CAM_BACK_RIGHT__1542799347177893.jpg"], "intrinsics": [[[1272.5979470598488, 0.0, 826.6154927353808], [0.0, 1272.5979470598488, 479.75165386361925], [0.0, 0.0, 1.0]], [[1266.417203046554, 0.0, 816.2670197447984], [0.0, 1266.417203046554, 491.50706579294757], [0.0, 0.0, 1.0]], [[1260.8474446004698, 0.0, 807.968244525554], [0.0, 1260.8474446004698, 495.3344268742088], [0.0, 0.0, 1.0]], [[1256.7414812095406, 0.0, 792.1125740759628], [0.0, 1256.7414812095406, 492.7757465151356], [0.0, 0.0, 1.0]], [[809.2209905677063, 0.0, 829.2196003259838], [0.0, 809.2209905677063, 481.77842384512485], [0.0, 0.0, 1.0]], [[1259.5137405846733, 0.0, 807.2529053838625], [0.0, 1259.5137405846733, 501.19579884916527], [0.0, 0.0, 1.0]]], "extrinsics": [[[0.8132176995277405, -0.5810369849205017, 0.03275565803050995, -0.7216796875], [0.03611644729971886, -0.0057882824912667274, -0.9993308186531067, 1.5189399719238281], [0.5808377861976624, 0.8138565421104431, 0.0162778589874506, -1.1138916015625], [0.0, 0.0, 0.0, 1.0]], [[-0.004621862433850765, -0.9999441504478455, 0.009501797147095203, 0.008544921875], [0.03070901148021221, -0.009639346972107887, -0.9994819164276123, 1.5280303955078125], [0.9995176792144775, -0.004327666480094194, 0.030751841142773628, -1.4498291015625], [0.0, 0.0, 0.0, 1.0]], [[-0.8364938497543335, -0.5468762516975403, -0.0347035750746727, 0.87664794921875], [0.036431536078453064, 0.00768867414444685, -0.9993064999580383, 1.5104808807373047], [0.5467637777328491, -0.837178111076355, 0.013492012396454811, -1.14306640625], [0.0, 0.0, 0.0, 1.0]], [[0.9470185041427612, 0.31918543577194214, 0.035728078335523605, -1.1405029296875], [0.04508121311664581, -0.021960953250527382, -0.998741865158081, 1.5886611938476562], [-0.3179992437362671, 0.9474377632141113, -0.03518669679760933, -0.10498046875], [0.0, 0.0, 0.0, 1.0]], [[0.005574388895183802, 0.9999117255210876, -0.012058665044605732, 0.00146484375], [0.019559068605303764, -0.012165569700300694, -0.99973464012146, 1.5807456970214844], [-0.9997931122779846, 0.005337048787623644, -0.01962515339255333, -0.068115234375], [0.0, 0.0, 0.0, 1.0]], [[-0.931673467159271