[{"images": ["samples/CAM_FRONT_LEFT/n015-2018-10-08-15-52-24+0800__CAM_FRONT_LEFT__1538985170254844.jpg", "samples/CAM_FRONT/n015-2018-10-08-15-52-24+0800__CAM_FRONT__1538985170262460.jpg", "samples/CAM_FRONT_RIGHT/n015-2018-10-08-15-52-24+0800__CAM_FRONT_RIGHT__1538985170270339.jpg", "samples/CAM_BACK_LEFT/n015-2018-10-08-15-52-24+0800__CAM_BACK_LEFT__1538985170297423.jpg", "samples/CAM_BACK/n015-2018-10-08-15-52-24+0800__CAM_BACK__1538985170287525.jpg", "samples/CAM_BACK_RIGHT/n015-2018-10-08-15-52-24+0800__CAM_BACK_RIGHT__1538985170277893.jpg"], "intrinsics": [[[1272.5979470598488, 0.0, 826.6154927353808], [0.0, 1272.5979470598488, 479.75165386361925], [0.0, 0.0, 1.0]], [[1266.417203046554, 0.0, 816.2670197447984], [0.0, 1266.417203046554, 491.50706579294757], [0.0, 0.0, 1.0]], [[1260.8474446004698, 0.0, 807.968244525554], [0.0, 1260.8474446004698, 495.3344268742088], [0.0, 0.0, 1.0]], [[1256.7414812095406, 0.0, 792.1125740759628], [0.0, 1256.7414812095406, 492.7757465151356], [0.0, 0.0, 1.0]], [[809.2209905677063, 0.0, 829.2196003259838], [0.0, 809.2209905677063, 481.77842384512485], [0.0, 0.0, 1.0]], [[1259.5137405846733, 0.0, 807.2529053838625], [0.0, 1259.5137405846733, 501.19579884916527], [0.0, 0.0, 1.0]]], "extrinsics": [[[0.8196361660957336, -0.5724201798439026, -0.023057790473103523, -0.94757080078125], [-0.027783766388893127, 0.0004826989024877548, -0.999613881111145, 1.507655143737793], [0.5722102522850037, 0.8199602365493774, -0.015508349984884262, -1.2677001953125], [0.0, 0.0, 0.0, 1.0]], [[0.004621349275112152, -0.9999833703041077, 0.003454954596236348, 0.0048828125], [-0.033156443387269974, -0.0036063201259821653, -0.9994436502456665, 1.5199527740478516], [0.9994394183158875, 0.004504219628870487, -0.03317255526781082, -1.6748046875], [0.0, 0.0, 0.0, 1.0]], [[-0.8333256244659424, -0.552565336227417, 0.015489156357944012, 1.02099609375], [-0.02757175825536251, 0.013562935404479504, -0.9995278120040894, 1.5032739639282227], [0.5520942807197571, -0.8333592414855957, -0.026537537574768066, -1.2412109375], [0.0, 0.0, 0.0, 1.0]], [[0.9474977254867554, 0.3188934326171875, -0.023562384769320488, -1.1422119140625], [-0.01915196143090725, -0.016959378495812416, -0.9996727705001831, 1.5885543823242188], [-0.3191886842250824, 0.9476388692855835, -0.009961538016796112, -0.1038818359375], [0.0, 0.0, 0.0, 1.0]], [[0.0026110492181032896, 0.9999721646308899, -0.006994793191552162, 0.0028076171875], [-0.044476255774497986, -0.006871767807751894, -0.9989868402481079, 1.579132080078125], [-0.9990070462226868, 0.0029195088427513838, 0.044457074254751205, -0.00311279296875], [0.0, 0.0, 0.0, 1.0]], [[-0.9345033764839172, 0.35567814111709595, 0.014018349349498749, 1.1271820068359375], [-0.01176454033702612, 0.008498888462781906, -0.9998946785926819, 1.551335334777832], [-0.3557598292827606, -0.9345698952674866, -0.003757850266993046, -0.0672607421875], [0.0, 0.0, 0.0, 1.0]]], "view": [[0.0, -2.0, 100.0], [-2.0, 0.0, 100.0], [0.0, 0.0, 1.0]], "bev": "bev_b2e2004d5cb24db9b1d4edd5b60b5b7f.png", "aux": "aux_b2e2004d5cb24db9b1d4edd5b60b5b7f.npz", "visibility": "visibility_b2e2004d5cb24db9b1d4edd5b60b5b7f.png", "pose": [[-0.9995181560516357, -0.031040042638778687, 0.0, 617.1611328125], [0.031040042638778687, -0.9995181560516357, 0.0, 1818.0828857421875], [0.0, 0.0, 1.0, 0.0], [0.0, 0.0, 0.0, 1.0]], "pose_inverse": [[-0.9995181560516357, 0.031040042638778687, 0.0, 560.4303588867188], [-0.031040042638778687, -0.9995181560516357, 0.0, 1836.363525390625], [0.0, 0.0, 1.0, 0.0], [0.0, 0.0, 0.0, 1.0]], "cam_ids": [0, 1, 2, 3, 4, 5], "cam_channels": ["CAM_FRONT_LEFT", "CAM_FRONT", "CAM_FRONT_RIGHT", "CAM_BACK_LEFT", "CAM_BACK", "CAM_BACK_RIGHT"], "token": "b2e2004d5cb24db9b1d4edd5b60b5b7f", "scene": "scene-0421"}, {"images": ["samples/CAM_FRONT_LEFT/n015-2018-10-08-15-52-24+0800__CAM_FRONT_LEFT__1538985170754844.jpg", "samples/CAM_FRONT/n015-2018-10-08-15-52-24+0800__CAM_FRONT__1538985170762460.jpg", "samples/CAM_FRONT_RIGHT/n015-2018-10-08-15-52-24+0800__CAM_FRONT_RIGHT__1538985170770339.jpg", "samples/CAM_BACK_LEFT/n015-2018-10-08-15-52-24+0800__CAM_BACK_LEFT__1538985170797423.jpg", "samples/CAM_BACK/n015-2018-10-08-15-52-24+0800__CAM_BACK__1538985170787525.jpg", "samples/CAM_BACK_RIGHT/n015-2018-10-08-15-52-24+0800__CAM_BACK_RIGHT__1538985170777893.jpg"], "intrinsics": [[[1272.5979470598488, 0.0, 826.6154927353808], [0.0, 1272.5979470598488, 479.75165386361925], [0.0, 0.0, 1.0]], [[1266.417203046554, 0.0, 816.2670197447984], [0.0, 1266.417203046554, 491.50706579294757], [0.0, 0.0, 1.0]], [[1260.8474446004698, 0.0, 807.968244525554], [0.0, 1260.8474446004698, 495.3344268742088], [0.0, 0.0, 1.0]], [[1256.7414812095406, 0.0, 792.1125740759628], [0.0, 1256.7414812095406, 492.7757465151356], [0.0, 0.0, 1.0]], [[809.2209905677063, 0.0, 829.2196003259838], [0.0, 809.2209905677063, 481.77842384512485], [0.0, 0.0, 1.0]], [[1259.5137405846733, 0.0, 807.2529053838625], [0.0, 1259.5137405846733, 501.19579884916527], [0.0, 0.0, 1.0]]], "extrinsics": [[[0.8202904462814331, -0.5714026689529419, -0.024952007457613945, -0.958740234375], [-0.029634887352585793, 0.0011057342635467649, -0.9995601773262024, 1.5080223083496094], [0.5711790323257446, 0.8206691145896912, -0.016026431694626808, -1.2760009765625], [0.0, 0.0, 0.0, 1.0]], [[0.005642014555633068, -0.9999802708625793, 0.0027565977070480585, 0.0050048828125], [-0.034921374171972275, -0.002951989648863673, -0.9993857145309448, 1.5203132629394531], [0.9993740916252136, 0.00554228387773037, -0.03493734076619148, -1.68609619140625], [0.0, 0.0, 0.0, 1.0]], [[-0.8328611850738525, -0.5532358288764954, 0.016500787809491158, 1.0283203125], [-0.02927492745220661, 0.014261400327086449, -0.9994696378707886, 1.503504753112793], [0.5527070760726929, -0.8329026103019714, -0.028073705732822418, -1.2459716796875], [0.0, 0.0, 0.0, 1.0]], [[0.9474633932113647, 0.31891942024230957, -0.024566298350691795, -1.1422119140625], [-0.0205069612711668, -0.016080429777503014, -0.9996603727340698, 1.5885543823242188], [-0.3192060887813568, 0.9476454257965088, -0.008695552125573158, -0.1038818359375], [0.0, 0.0, 0.0, 1.0]], [[0.002308677416294813, 0.9999781847000122, -0.006186685524880886, 0.0029296875], [-0.045953746885061264, -0.006074075121432543, -0.9989251494407654, 1.5792732238769531], [-0.9989409446716309, 0.002590496325865388, 0.04593871906399727, 0.0001220703125], [0.0, 0.0, 0.0, 1.0]], [[-0.9346827268600464, 0.355132132768631, 0.015787994489073753, 1.1328964233398438], [-0.013373233377933502, 0.009253382682800293, -0.9998677968978882, 1.5514039993286133], [-0.35523128509521484, -0.9347703456878662, -0.0038997139781713486, -0.064697265625], [0.0, 0.0, 0.0, 1.0]]], "view": [[0.0, -2.0, 100.0], [-2.0, 0.0, 100.0], [0.0, 0.0, 1.0]], "bev": "bev_2a5939a37ebb424aae965e27b8d3d1c8.png", "aux": "aux_2a5939a37ebb424aae965e27b8d3d1c8.npz", "visibility": "visibility_2a5939a37ebb424aae965e27b8d3d1c8.png", "pose": [[-0.9996967315673828, -0.024626024067401886, 0.0, 617.0288696289062], [0.024626024067401886, -0.9996967315673828, 0.0, 1818.086181640625], [0.0, 0.0, 1.0, 0.0], [0.0, 0.0, 0.0, 1.0]], "pose_inverse": [[-0.9996967315673828, 0.024626024067401886, 0.0, 572.0695190429688], [-0.024626024067401886, -0.9996967315673828, 0.0, 1832.729736328125], [0.0, 0.0, 1.0, 0.0], [0.0, 0.0, 0.0, 1.0]], "cam_ids": [0, 1, 2, 3, 4, 5], "cam_channels": ["CAM_FRONT_LEFT", "CAM_FRONT", "CAM_FRONT_RIGHT", "CAM_BACK_LEFT", "CAM_BACK", "CAM_BACK_RIGHT"], "token": "2a5939a37ebb424aae965e27b8d3d1c8", "scene": "scene-0421"}, {"images": ["samples/CAM_FRONT_LEFT/n015-2018-10-08-15-52-24+0800__CAM_FRONT_LEFT__1538985171254844.jpg", "samples/CAM_FRONT/n015-2018-10-08-15-52-24+0800__CAM_FRONT__1538985171262460.jpg", "samples/CAM_FRONT_RIGHT/n015-2018-10-08-15-52-24+0800__CAM_FRONT_RIGHT__1538985171270339.jpg", "samples/CAM_BACK_LEFT/n015-2018-10-08-15-52-24+0800__CAM_BACK_LEFT__1538985171297423.jpg", "samples/CAM_BACK/n015-2018-10-08-15-52-24+0800__CAM_BACK__1538985171287525.jpg", "samples/CAM_BACK_RIGHT/n015-2018-10-08-15-52-24+0800__CAM_BACK_RIGHT__1538985171277893.jpg"], "intrinsics": [[[1272.5979470598488, 0.0, 826.6154927353808], [0.0, 1272.5979470598488, 479.75165386361925], [0.0, 0.0, 1.0]], [[1266.417203046554, 0.0, 816.2670197447984], [0.0, 1266.417203046554, 491.50706579294757], [0.0, 0.0, 1.0]], [[1260.8474446004698, 0.0, 807.968244525554], [0.0, 1260.8474446004698, 495.3344268742088], [0.0, 0.0, 1.0]], [[1256.7414812095406, 0.0, 792.1125740759628], [0.0, 1256.7414812095406, 492.7757465151356], [0.0, 0.0, 1.0]], [[809.2209905677063, 0.0, 829.2196003259838], [0.0, 809.2209905677063, 481.77842384512485], [0.0, 0.0, 1.0]], [[1259.5137405846733, 0.0, 807.2529053838625], [0.0, 1259.5137405846733, 501.19579884916527], [0.0, 0.0, 1.0]]], "extrinsics": [[[0.8202741742134094, -0.5715488195419312, -0.0219592172652483, -0.96685791015625], [-0.025695795193314552, 0.0015297798672690988, -0.9996685981750488, 1.508310317993164], [0.5713930130004883, 0.8205666542053223, -0.01343156024813652, -1.2816162109375], [0.0, 0.0, 0.0, 1.0]], [[0.005460606887936592, -0.9999822378158569, 0.0023408441338688135, 0.0048828125], [-0.030995648354291916, -0.002509011421352625, -0.9995163679122925, 1.5205936431884766], [0.999504566192627, 0.005385412834584713, -0.031008802354335785, -1.69427490234375], [0.0, 0.0, 0.0, 1.0]], [[-0.8329953551292419, -0.5531272888183594, 0.012994545511901379, 1.0335693359375], [-0.025365294888615608, 0.014716717414557934, -0.9995698928833008, 1.5036840438842773], [0.5526981353759766, -0.8329667448997498, -0.026289192959666252, -1.24951171875], [0.0, 0.0, 0.0, 1.0]], [[0.9475494623184204, 0.3189367651939392, -0.02071877010166645, -1.142333984375], [-0.016614483669400215, -0.015584119595587254, -0.999740481376648, 1.5885581970214844], [-0.31917688250541687, 0.9476478695869446, -0.009467755444347858, -0.103759765625], [0.0, 0.0, 0.0, 1.0]], [[0.002383604645729065, 0.9999810457229614, -0.0056841266341507435, 0.0028076171875], [-0.04206518456339836, -0.005578846205025911, -0.9990993142127991, 1.5793838500976562], [-0.9991119503974915, 0.002620561048388481, 0.04205108806490898, 0.0023193359375], [0.0, 0.0, 0.0, 1.0]], [[-0.9347015023231506, 0.35522034764289856, 0.012311949394643307, 1.1372833251953125], [-0.009473963640630245, 0.009727717377245426, -0.9999077916145325, 1.551462173461914], [-0.35530737042427063, -0.9347320199012756, -0.005727168172597885, -0.063232421875], [0.0, 0.0, 0.0, 1.0]]], "view": [[0.0, -2.0, 100.0], [-2.0, 0.0, 100.0], [0.0, 0.0, 1.0]], "bev": "bev_6960470e56374cedb4fcdc7ea094d8ee.png", "aux": "aux_6960470e56374cedb4fcdc7ea094d8ee.npz", "visibility": "visibility_6960470e56374cedb4fcdc7ea094d8ee.png", "pose": [[-0.999725878238678, -0.023412218317389488, 0.0, 617.0370483398438], [0.023412218317389488, -0.999725878238678, 0.0, 1818.0853271484375], [0.0, 0.0, 1.0, 0.0], [0.0, 0.0, 0.0, 1.0]], "pose_inverse": [[-0.999725878238678, 0.023412218317389488, 0.0, 574.302490234375], [-0.023412218317389488, -0.999725878238678, 0.0, 1832.033203125], [0.0, 0.0, 1.0, 0.0], [0.0, 0.0, 0.0, 1.0]], "cam_ids": [0, 1, 2, 3, 4, 5], "cam_channels": ["CAM_FRONT_LEFT", "CAM_FRONT", "CAM_FRONT_RIGHT", "CAM_BACK_LEFT", "CAM_BACK", "CAM_BACK_RIGHT"], "token": "6960470e56374cedb4fcdc7ea094d8ee", "scene": "scene-0421"}, {"images": ["samples/CAM_FRONT_LEFT/n015-2018-10-08-15-52-24+0800__CAM_FRONT_LEFT__1538985171754844.jpg", "samples/CAM_FRONT/n015-2018-10-08-15-52-24+0800__CAM_FRONT__1538985171762460.jpg", "samples/CAM_FRONT_RIGHT/n015-2018-10-08-15-52-24+0800__CAM_FRONT_RIGHT__1538985171770339.jpg", "samples/CAM_BACK_LEFT/n015-2018-10-08-15-52-24+0800__CAM_BACK_LEFT__1538985171797423.jpg", "samples/CAM_BACK/n015-2018-10-08-15-52-24+0800__CAM_BACK__1538985171787525.jpg", "samples/CAM_BACK_RIGHT/n015-2018-10-08-15-52-24+0800__CAM_BACK_RIGHT__1538985171777893.jpg"], "intrinsics": [[[1272.5979470598488, 0.0, 826.6154927353808], [0.0, 1272.5979470598488, 479.75165386361925], [0.0, 0.0, 1.0]], [[1266.417203046554, 0.0, 816.2670197447984], [0.0, 1266.417203046554, 491.50706579294757], [0.0, 0.0, 1.0]], [[1260.8474446004698, 0.0, 807.968244525554], [0.0, 1260.8474446004698, 495.3344268742088], [0.0, 0.0, 1.0]], [[1256.7414812095406, 0.0, 792.1125740759628], [0.0, 1256.7414812095406, 492.7757465151356], [0.0, 0.0, 1.0]], [[809.2209905677063, 0.0, 829.2196003259838], [0.0, 809.2209905677063, 481.77842384512485], [0.0, 0.0, 1.0]], [[1259.5137405846733, 0.0, 807.2529053838625], [0.0, 1259.5137405846733, 501.19579884916527], [0.0, 0.0, 1.0]]], "extrinsics": [[[0.8202795386314392, -0.5716005563735962, -0.020353179425001144, -0.96539306640625], [-0.023413918912410736, 0.0019971956498920918, -0.9997238516807556, 1.5082626342773438], [0.571483314037323, 0.820529580116272, -0.011745150201022625, -1.2806396484375], [0.0, 0.0, 0.0, 1.0]], [[0.005404521711170673, -0.999983549118042, 0.0018930332735180855, 0.0050048828125], [-0.028670689091086388, -0.0020472363103181124, -0.9995868802070618, 1.520547866821289], [0.9995742440223694, 0.005348014645278454, -0.028681281954050064, -1.69287109375], [0.0, 0.0, 0.0, 1.0]], [[-0.8330432176589966, -0.5531033277511597, 0.010753928683698177, 1.0328369140625], [-0.022975804284214973, 0.01516893319785595, -0.9996209144592285, 1.5036563873291016], [0.5527304410934448, -0.8329744935035706, -0.025344371795654297, -1.248779296875], [0.0, 0.0, 0.0, 1.0]], [[0.9475977420806885, 0.31894180178642273, -0.018291523680090904, -1.14208984375], [-0.014183183200657368, -0.015199069865047932, -0.9997838735580444, 1.5885581970214844], [-0.3191508650779724, 0.9476524591445923, -0.009878994897007942, -0.103759765625], [0.0, 0.0, 0.0, 1.0]], [[0.0024084688629955053, 0.9999831914901733, -0.005272068083286285, 0.0028076171875], [-0.03963875770568848, -0.005172471981495619, -0.999200701713562, 1.5793647766113281], [-0.9992111921310425, 0.0026155193336308002, 0.039625637233257294, 0.002197265625], [0.0, 0.0, 0.0, 1.0]], [[-0.9347201585769653, 0.35523805022239685, 0.010203824378550053, 1.1364517211914062], [-0.007054470479488373, 0.010159635916352272, -0.9999235272407532, 1.5514535903930664], [-0.35531455278396606, -0.9347206354141235, -0.0069904024712741375, -0.0634765625], [0.0, 0.0, 0.0, 1.0]]], "view": [[0.0, -2.0, 100.0], [-2.0, 0.0, 100.0], [0.0, 0.0, 1.0]], "bev": "bev_4017866c98794c869356fbc20a4bce04.png", "aux": "aux_4017866c98794c869356fbc20a4bce04.npz", "visibility": "visibility_4017866c98794c869356fbc20a4bce04.png", "pose": [[-0.9997988939285278, -0.02005348540842533, 0.0, 617.0506591796875], [0.02005348540842533, -0.9997988939285278, 0.0, 1818.0848388671875], [0.0, 0.0, 1.0, 0.0], [0.0, 0.0, 0.0, 1.0]], "pose_inverse": [[-0.9997988939285278, 0.02005348540842533, 0.0, 580.4676513671875], [-0.02005348540842533, -0.9997988939285278, 0.0, 1830.09326171875], [0.0, 0.0, 1.0, 0.0], [0.0, 0.0, 0.0, 1.0]], "cam_ids": [0, 1, 2, 3, 4, 5], "cam_channels": ["CAM_FRONT_LEFT", "CAM_FRONT", "CAM_FRONT_RIGHT", "CAM_BACK_LEFT", "CAM_BACK", "CAM_BACK_RIGHT"], "token": "4017866c98794c869356fbc20a4bce04", "scene": "scene-0421"}, {"images": ["samples/CAM_FRONT_LEFT/n015-2018-10-08-15-52-24+0800__CAM_FRONT_LEFT__1538985172254852.jpg", "samples/CAM_FRONT/n015-2018-10-08-15-52-24+0800__CAM_FRONT__1538985172262460.jpg", "samples/CAM_FRONT_RIGHT/n015-2018-10-08-15-52-24+0800__CAM_FRONT_RIGHT__1538985172270339.jpg", "samples/CAM_BACK_LEFT/n015-2018-10-08-15-52-24+0800__CAM_BACK_LEFT__1538985172297423.jpg", "samples/CAM_BACK/n015-2018-10-08-15-52-24+0800__CAM_BACK__1538985172287535.jpg", "samples/CAM_BACK_RIGHT/n015-2018-10-08-15-52-24+0800__CAM_BACK_RIGHT__1538985172277893.jpg"], "intrinsics": [[[1272.5979470598488, 0.0, 826.6154927353808], [0.0, 1272.5979470598488, 479.75165386361925], [0.0, 0.0, 1.0]], [[1266.417203046554, 0.0, 816.2670197447984], [0.0, 1266.417203046554, 491.50706579294757], [0.0, 0.0, 1.0]], [[1260.8474446004698, 0.0, 807.968244525554], [0.0, 1260.8474446004698, 495.3344268742088], [0.0, 0.0, 1.0]], [[1256.7414812095406, 0.0, 792.1125740759628], [0.0, 1256.7414812095406, 492.7757465151356], [0.0, 0.0, 1.0]], [[809.2209905677063, 0.0, 829.2196003259838], [0.0, 809.2209905677063, 481.77842384512485], [0.0, 0.0, 1.0]], [[1259.5137405846733, 0.0, 807.2529053838625], [0.0, 1259.5137405846733, 501.19579884916527], [0.0, 0.0, 1.0]]], "extrinsics": [[[0.8199928998947144, -0.5720865726470947, -0.018126536160707474, -0.95526123046875], [-0.01993642933666706, 0.003102880669757724, -0.999796450138092, 1.5080108642578125], [0.5720263719558716, 0.8201874494552612, -0.00886102207005024, -1.2734375], [0.0, 0.0, 0.0, 1.0]], [[0.0048799170181155205, -0.9999877214431763, 0.0008263004710897803, 0.0050048828125], [-0.025180455297231674, -0.0009489282965660095, -0.9996824860572815, 1.5202836990356445], [0.9996709823608398, 0.004857559688389301, -0.02518477477133274, -1.68231201171875], [0.0, 0.0, 0.0, 1.0]], [[-0.8333010673522949, -0.5527717471122742, 0.007267308421432972, 1.02587890625], [-0.019495733082294464, 0.016246937215328217, -0.9996778964996338, 1.5034942626953125], [0.5524755716323853, -0.8331743478775024, -0.024315277114510536, -1.2442626953125], [0.0, 0.0, 0.0, 1.0]], [[0.947655975818634, 0.3189576268196106, -0.014634679071605206, -1.14208984375], [-0.01069189514964819, -0.014108914881944656, -0.9998432993888855, 1.5885562896728516], [-0.31911414861679077, 0.9476639628410339, -0.009960136376321316, -0.103759765625], [0.0, 0.0, 0.0, 1.0]], [[0.0025823006872087717, 0.9999879598617554, -0.004180266987532377, 0.0028076171875], [-0.0361630916595459, -0.004084163345396519, -0.9993376135826111, 1.5792503356933594], [-0.9993425607681274, 0.002731762593612075, 0.036152102053165436, -0.00103759765625], [0.0, 0.0, 0.0, 1.0]], [[-0.9346438646316528, 0.355509489774704, 0.007340006064623594, 1.130828857421875], [-0.003581459866836667, 0.011229259893298149, -0.9999305605888367, 1.5514278411865234], [-0.35556724667549133, -0.9346052408218384, -0.009222116321325302, -0.0655517578125], [0.0, 0.0, 0.0, 1.0]]], "view": [[0.0, -2.0, 100.0], [-2.0, 0.0, 100.0], [0.0, 0.0, 1.0]], "bev": "bev_f062b40008ad4c67bd781d175c5dbcb1.png", "aux": "aux_f062b40008ad4c67bd781d175c5dbcb1.npz", "visibility": "visibility_f062b40008ad4c67bd781d175c5dbcb1.png", "pose": [[-0.9999212622642517, -0.012550117447972298, 0.0, 617.0082397460938], [0.012550117447972298, -0.9999212622642517, 0.0, 1818.08544921875], [0.0, 0.0, 1.0, 0.0], [0.0, 0.0, 0.0, 1.0]], "pose_inverse": [[-0.9999212622642517, 0.012550117447972298, 0.0, 594.1424560546875], [-0.012550117447972298, -0.9999212622642517, 0.0, 1825.685791015625], [0.0, 0.0, 1.0, 0.0], [0.0, 0.0, 0.0, 1.0]], "cam_ids": [0, 1, 2, 3, 4, 5], "cam_channels": ["CAM_FRONT_LEFT", "CAM_FRONT", "CAM_FRONT_RIGHT", "CAM_BACK_LEFT", "CAM_BACK", "CAM_BACK_RIGHT"], "token": "f062b40008ad4c67bd781d175c5dbcb1", "scene": "scene-0421"}, {"images": ["samples/CAM_FRONT_LEFT/n015-2018-10-08-15-52-24+0800__CAM_FRONT_LEFT__1538985172754844.jpg", "samples/CAM_FRONT/n015-2018-10-08-15-52-24+0800__CAM_FRONT__1538985172762460.jpg", "samples/CAM_FRONT_RIGHT/n015-2018-10-08-15-52-24+0800__CAM_FRONT_RIGHT__1538985172770339.jpg", "samples/CAM_BACK_LEFT/n015-2018-10-08-15-52-24+0800__CAM_BACK_LEFT__1538985172797423.jpg", "samples/CAM_BACK/n015-2018-10-08-15-52-24+0800__CAM_BACK__1538985172787525.jpg", "samples/CAM_BACK_RIGHT/n015-2018-10-08-15-52-24+0800__CAM_BACK_RIGHT__1538985172777893.jpg"], "intrinsics": [[[1272.5979470598488, 0.0, 826.6154927353808], [0.0, 1272.5979470598488, 479.75165386361925], [0.0, 0.0, 1.0]], [[1266.417203046554, 0.0, 816.2670197447984], [0.0, 1266.417203046554, 491.50706579294757], [0.0, 0.0, 1.0]], [[1260.8474446004698, 0.0, 807.968244525554], [0.0, 1260.8474446004698, 495.3344268742088], [0.0, 0.0, 1.0]], [[1256.7414812095406, 0.0, 792.1125740759628], [0.0, 1256.7414812095406, 492.7757465151356], [0.0, 0.0, 1.0]], [[809.2209905677063, 0.0, 829.2196003259838], [0.0, 809.2209905677063, 481.77842384512485], [0.0, 0.0, 1.0]], [[1259.5137405846733, 0.0, 807.2529053838625], [0.0, 1259.5137405846733, 501.19579884916527], [0.0, 0.0, 1.0]]], "extrinsics": [[[0.8195657730102539, -0.5727058053016663, -0.017890149727463722, -0.93450927734375], [-0.021424729377031326, 0.000571091310121119, -0.9997702836990356, 1.5074472427368164], [0.5725844502449036, 0.8197607398033142, -0.011802020482718945, -1.2589111328125], [0.0, 0.0, 0.0, 1.0]], [[0.004303778521716595, -0.9999845623970032, 0.003508255584165454, 0.005126953125], [-0.02685743384063244, -0.0036226112861186266, -0.999632716178894, 1.5196990966796875], [0.9996299743652344, 0.00420797523111105, -0.026872610673308372, -1.661376953125], [0.0, 0.0, 0.0, 1.0]], [[-0.8335348963737488, -0.5523688793182373, 0.010394083335995674, 1.0123291015625], [-0.021367723122239113, 0.013433004729449749, -0.9996814131736755, 1.5031309127807617], [0.5520533323287964, -0.8334915041923523, -0.022999746724963188, -1.2354736328125], [0.0, 0.0, 0.0, 1.0]], [[0.9476152062416077, 0.31889763474464417, -0.018157174810767174, -1.1422119140625], [-0.013291708193719387, -0.01742687076330185, -0.9997597932815552, 1.5885543823242188], [-0.31913742423057556, 0.947628915309906, -0.01227527391165495, -0.103759765625], [0.0, 0.0, 0.0, 1.0]], [[0.0027421019040048122, 0.9999694228172302, -0.007326653227210045, 0.0028076171875], [-0.03849190101027489, -0.007215703837573528, -0.9992328882217407, 1.579010009765625], [-0.9992551207542419, 0.00302201509475708, 0.03847093507647514, -0.00714111328125], [0.0, 0.0, 0.0, 1.0]], [[-0.9345100522041321, 0.35584157705307007, 0.008223416283726692, 1.119903564453125], [-0.005649878643453121, 0.008270910941064358, -0.9999498128890991, 1.5513525009155273], [-0.35589176416397095, -0.9345096945762634, -0.00571878906339407, -0.070068359375], [0.0, 0.0, 0.0, 1.0]]], "view": [[0.0, -2.0, 100.0], [-2.0, 0.0, 100.0], [0.0, 0.0, 1.0]], "bev": "bev_589ba575524b47f89d79480d5c1ddbac.png", "aux": "aux_589ba575524b47f89d79480d5c1ddbac.npz", "visibility": "visibility_589ba575524b47f89d79480d5c1ddbac.png", "pose": [[-0.9999907612800598, 0.00429219426587224, 0.0, 616.720458984375], [-0.00429219426587224, -0.9999907612800598, 0.0, 1818.0869140625], [0.0, 0.0, 1.0, 0.0], [0.0, 0.0, 0.0, 1.0]], "pose_inverse": [[-0.9999907612800598, -0.00429219426587224, 0.0, 624.5183715820312], [0.00429219426587224, -0.9999907612800598, 0.0, 1815.423095703125], [0.0, 0.0, 1.0, 0.0], [0.0, 0.0, 0.0, 1.0]], "cam_ids": [0, 1, 2, 3, 4, 5], "cam_channels": ["CAM_FRONT_LEFT", "CAM_FRONT", "CAM_FRONT_RIGHT", "CAM_BACK_LEFT", "CAM_BACK", "CAM_BACK_RIGHT"], "token": "589ba575524b47f89d79480d5c1ddbac", "scene": "scene-0421"}, {"images": ["samples/CAM_FRONT_LEFT/n015-2018-10-08-15-52-24+0800__CAM_FRONT_LEFT__1538985173254844.jpg", "samples/CAM_FRONT/n015-2018-10-08-15-52-24+0800__CAM_FRONT__1538985173262460.jpg", "samples/CAM_FRONT_RIGHT/n015-2018-10-08-15-52-24+0800__CAM_FRONT_RIGHT__1538985173270339.jpg", "samples/CAM_BACK_LEFT/n015-2018-10-08-15-52-24+0800__CAM_BACK_LEFT__1538985173298303.jpg", "samples/CAM_BACK/n015-2018-10-08-15-52-24+0800__CAM_BACK__1538985173287525.jpg", "samples/CAM_BACK_RIGHT/n015-2018-10-08-15-52-24+0800__CAM_BACK_RIGHT__1538985173277893.jpg"], "intrinsics": [[[1272.5979470598488, 0.0, 826.6154927353808], [0.0, 1272.5979470598488, 479.75165386361925], [0.0, 0.0, 1.0]], [[1266.417203046554, 0.0, 816.2670197447984], [0.0, 1266.417203046554, 491.50706579294757], [0.0, 0.0, 1.0]], [[1260.8474446004698, 0.0, 807.968244525554], [0.0, 1260.8474446004698, 495.3344268742088], [0.0, 0.0, 1.0]], [[1256.7414812095406, 0.0, 792.1125740759628], [0.0, 1256.7414812095406, 492.7757465151356], [0.0, 0.0, 1.0]], [[809.2209905677063, 0.0, 829.2196003259838], [0.0, 809.2209905677063, 481.77842384512485], [0.0, 0.0, 1.0]], [[1259.5137405846733, 0.0, 807.2529053838625], [0.0, 1259.5137405846733, 501.19579884916527], [0.0, 0.0, 1.0]]], "extrinsics": [[[0.819141685962677, -0.5729579329490662, -0.026942886412143707, -0.897216796875], [-0.03118325211107731, 0.002419375581666827, -0.9995107650756836, 1.505671501159668], [0.5727427005767822, 0.819581151008606, -0.01588488183915615, -1.23291015625], [0.0, 0.0, 0.0, 1.0]], [[0.004027632065117359, -0.9999906420707703, 0.0015234261518344283, 0.0052490234375], [-0.03673798590898514, -0.0016703784931451082, -0.9993235468864441, 1.5180187225341797], [0.9993168115615845, 0.00396893871948123, -0.0367443785071373, -1.62396240234375], [0.0, 0.0, 0.0, 1.0]], [[-0.8335312008857727, -0.5521920919418335, 0.01759636029601097, 0.98779296875], [-0.03135408088564873, 0.015481946058571339, -0.9993883967399597, 1.5019655227661133], [0.551581859588623, -0.8335731625556946, -0.030218157917261124, -1.2191162109375], [0.0, 0.0, 0.0, 1.0]], [[0.9473885893821716, 0.31892475485801697, -0.02723659947514534, -1.1422119140625], [-0.023629428818821907, -0.015174761414527893, -0.9996055960655212, 1.5885543823242188], [-0.31921225786209106, 0.9476585388183594, -0.006840387359261513, -0.103759765625], [0.0, 0.0, 0.0, 1.0]], [[0.0028095098678022623, 0.9999827146530151, -0.005157002247869968, 0.0028076171875], [-0.04869764670729637, -0.005014088470488787, -0.9988009929656982, 1.5783500671386719], [-0.9988095760345459, 0.003057275665923953, 0.048682719469070435, -0.018798828125], [0.0, 0.0, 0.0, 1.0]], [[-0.9343059659004211, 0.35599610209465027, 0.01841389760375023, 1.0997114181518555], [-0.015744641423225403, 0.010394233278930187, -0.9998220205307007, 1.5508337020874023], [-0.3561241626739502, -0.9344295859336853, -0.00410636467859149, -0.07763671875], [0.0, 0.0, 0.0, 1.0]]], "view": [[0.0, -2.0, 100.0], [-2.0, 0.0, 100.0], [0.0, 0.0, 1.0]], "bev": "bev_80383c24bd54425581214b6d60252184.png", "aux": "aux_80383c24bd54425581214b6d60252184.npz", "visibility": "visibility_80383c24bd54425581214b6d60252184.png", "pose": [[-0.9995657801628113, 0.029465531930327415, 0.0, 615.9921875], [-0.029465531930327415, -0.9995657801628113, 0.0, 1818.074462890625], [0.0, 0.0, 1.0, 0.0], [0.0, 0.0, 0.0, 1.0]], "pose_inverse": [[-0.9995657801628113, -0.029465531930327415, 0.0, 669.2952270507812], [0.029465531930327415, -0.9995657801628113, 0.0, 1799.134521484375], [0.0, 0.0, 1.0, 0.0], [0.0, 0.0, 0.0, 1.0]], "cam_ids": [0, 1, 2, 3, 4, 5], "cam_channels": ["CAM_FRONT_LEFT", "CAM_FRONT", "CAM_FRONT_RIGHT", "CAM_BACK_LEFT", "CAM_BACK", "CAM_BACK_RIGHT"], "token": "80383c24bd54425581214b6d60252184", "scene": "scene-0421"}, {"images": ["samples/CAM_FRONT_LEFT/n015-2018-10-08-15-52-24+0800__CAM_FRONT_LEFT__1538985173754844.jpg", "samples/CAM_FRONT/n015-2018-10-08-15-52-24+0800__CAM_FRONT__1538985173762460.jpg", "samples/CAM_FRONT_RIGHT/n015-2018-10-08-15-52-24+0800__CAM_FRONT_RIGHT__1538985173770339.jpg", "samples/CAM_BACK_LEFT/n015-2018-10-08-15-52-24+0800__CAM_BACK_LEFT__1538985173797423.jpg", "samples/CAM_BACK/n015-2018-10-08-15-52-24+0800__CAM_BACK__1538985173787525.jpg", "samples/CAM_BACK_RIGHT/n015-2018-10-08-15-52-24+0800__CAM_BACK_RIGHT__1538985173777893.jpg"], "intrinsics": [[[1272.5979470598488, 0.0, 826.6154927353808], [0.0, 1272.5979470598488, 479.75165386361925], [0.0, 0.0, 1.0]], [[1266.417203046554, 0.0, 816.2670197447984], [0.0, 1266.417203046554, 491.50706579294757], [0.0, 0.0, 1.0]], [[1260.8474446004698, 0.0, 807.968244525554], [0.0, 1260.8474446004698, 495.3344268742088], [0.0, 0.0, 1.0]], [[1256.7414812095406, 0.0, 792.1125740759628], [0.0, 1256.7414812095406, 492.7757465151356], [0.0, 0.0, 1.0]], [[809.2209905677063, 0.0, 829.2196003259838], [0.0, 809.2209905677063, 481.77842384512485], [0.0, 0.0, 1.0]], [[1259.5137405846733, 0.0, 807.2529053838625], [0.0, 1259.5137405846733, 501.19579884916527], [0.0, 0.0, 1.0]]], "extrinsics": [[[0.8174411654472351, -0.575969398021698, -0.007009291555732489, -0.865325927734375], [-0.013301374390721321, -0.0067096916027367115, -0.9998890161514282, 1.5066490173339844], [0.575858473777771, 0.8174436688423157, -0.013145963661372662, -1.2119140625], [0.0, 0.0, 0.0, 1.0]], [[0.0009680381626822054, -0.9999416470527649, 0.010760540142655373, 0.0064697265625], [-0.01791202276945114, -0.0107761574909091, -0.9997814893722534, 1.518747329711914], [0.9998390078544617, 0.0007750802324153483, -0.017921408638358116, -1.59185791015625], [0.0, 0.0, 0.0, 1.0]], [[-0.8350227475166321, -0.5501816272735596, 0.0060944510623812675, 0.9674072265625], [-0.01150593999773264, 0.006386619061231613, -0.9999133944511414, 1.5027332305908203], [0.5500950217247009, -0.8350206017494202, -0.011663327924907207, -1.204833984375], [0.0, 0.0, 0.0, 1.0]], [[0.9477378726005554, 0.31894394755363464, -0.008221467956900597, -1.1419677734375], [-0.0006023486494086683, -0.02397986873984337, -0.9997122287750244, 1.5885581970214844], [-0.31904929876327515, 0.9474701881408691, -0.02253451757133007, -0.10400390625], [0.0, 0.0, 0.0, 1.0]], [[0.003739984706044197, 0.9998942613601685, -0.014057192951440811, 0.0025634765625], [-0.02683643251657486, -0.013951868750154972, -0.9995425343513489, 1.578582763671875], [-0.9996328353881836, 0.004115511663258076, 0.026781415566802025, -0.02716064453125], [0.0, 0.0, 0.0, 1.0]], [[-0.9338822364807129, 0.35755595564842224, -0.00420981552451849, 1.0830917358398438], [0.00501136714592576, 0.0013152231695130467, -0.9999865889549255, 1.5517358779907227], [-0.3575456440448761, -0.9338907599449158, -0.003020109375938773, -0.083251953125], [0.0, 0.0, 0.0, 1.0]]], "view": [[0.0, -2.0, 100.0], [-2.0, 0.0, 100.0], [0.0, 0.0, 1.0]], "bev": "bev_51dd7f5193c3446e94ccf278223a47e5.png", "aux": "aux_51dd7f5193c3446e94ccf278223a47e5.npz", "visibility": "visibility_51dd7f5193c3446e94ccf278223a47e5.png", "pose": [[-0.9972803592681885, 0.07370108366012573, 0.0, 614.7941284179688], [-0.07370108366012573, -0.9972803592681885, 0.0, 1818.0206298828125], [0.0, 0.0, 1.0, 0.0], [0.0, 0.0, 0.0, 1.0]], "pose_inverse": [[-0.9972803592681885, -0.07370108366012573, 0.0, 747.1121826171875], [0.07370108366012573, -0.9972803592681885, 0.0, 1767.7652587890625], [0.0, 0.0, 1.0, 0.0], [0.0, 0.0, 0.0, 1.0]], "cam_ids": [0, 1, 2, 3, 4, 5], "cam_channels": ["CAM_FRONT_LEFT", "CAM_FRONT", "CAM_FRONT_RIGHT", "CAM_BACK_LEFT", "CAM_BACK", "CAM_BACK_RIGHT"], "token": "51dd7f5193c3446e94ccf278223a47e5", "scene": "scene-0421"}, {"images": ["samples/CAM_FRONT_LEFT/n015-2018-10-08-15-52-24+0800__CAM_FRONT_LEFT__1538985174254844.jpg", "samples/CAM_FRONT/n015-2018-10-08-15-52-24+0800__CAM_FRONT__1538985174262460.jpg", "samples/CAM_FRONT_RIGHT/n015-2018-10-08-15-52-24+0800__CAM_FRONT_RIGHT__1538985174270339.jpg", "samples/CAM_BACK_LEFT/n015-2018-10-08-15-52-24+0800__CAM_BACK_LEFT__1538985174297423.jpg", "samples/CAM_BACK/n015-2018-10-08-15-52-24+0800__CAM_BACK__1538985174287525.jpg", "samples/CAM_BACK_RIGHT/n015-2018-10-08-15-52-24+0800__CAM_BACK_RIGHT__1538985174277893.jpg"], "intrinsics": [[[1272.5979470598488, 0.0, 826.6154927353808], [0.0, 1272.5979470598488, 479.75165386361925], [0.0, 0.0, 1.0]], [[1266.417203046554, 0.0, 816.2670197447984], [0.0, 1266.417203046554, 491.50706579294757], [0.0, 0.0, 1.0]], [[1260.8474446004698, 0.0, 807.968244525554], [0.0, 1260.8474446004698, 495.3344268742088], [0.0, 0.0, 1.0]], [[1256.7414812095406, 0.0, 792.1125740759628], [0.0, 1256.7414812095406, 492.7757465151356], [0.0, 0.0, 1.0]], [[809.2209905677063, 0.0, 829.2196003259838], [0.0, 809.2209905677063, 481.77842384512485], [0.0, 0.0, 1.0]], [[1259.5137405846733, 0.0, 807.2529053838625], [0.0, 1259.5137405846733, 501.19579884916527], [0.0, 0.0, 1.0]]], "extrinsics": [[[0.8146091103553772, -0.5795986652374268, 0.021849775686860085, -0.8583984375], [0.027964431792497635, 0.0016198763623833656, -0.9996076226234436, 1.5118579864501953], [0.5793358683586121, 0.8149004578590393, 0.017527712509036064, -1.2071533203125], [0.0, 0.0, 0.0, 1.0]], [[-0.0027590773534029722, -0.9999940395355225, 0.0021072577219456434, 0.006591796875], [0.023208675906062126, -0.0021707324776798487, -0.999728262424469, 1.5229911804199219], [0.9997267723083496, -0.0027093880344182253, 0.023214522749185562, -1.5865478515625], [0.0, 0.0, 0.0, 1.0]], [[-0.8358960151672363, -0.54789137840271, -0.03305785357952118, 0.9647216796875], [0.029533829540014267, 0.015244586393237114, -0.9994475245475769, 1.5060386657714844], [0.5480927228927612, -0.8364105224609375, 0.0034384424798190594, -1.2030029296875], [0.0, 0.0, 0.0, 1.0]], [[0.9471589922904968, 0.3190408945083618, 0.03321027010679245, -1.1431884765625], [0.039833322167396545, -0.01425507478415966, -0.9991046786308289, 1.5885238647460938], [-0.31828179955482483, 0.9476338028907776, -0.026210280135273933, -0.103759765625], [0.0, 0.0, 0.0, 1.0]], [[0.004911449272185564, 0.9999780654907227, -0.0044432831928133965, 0.00244140625], [0.013818345963954926, -0.004510780330747366, -0.999894380569458, 1.5797624588012695], [-0.99989253282547, 0.004849560093134642, -0.013840196654200554, -0.02740478515625], [0.0, 0.0, 0.0, 1.0]], [[-0.9323500990867615, 0.3594386577606201, -0.03907940164208412, 1.0812835693359375], [0.04587838798761368, 0.010401163250207901, -0.9988929033279419, 1.5541305541992188], [-0.35863426327705383, -0.933110773563385, -0.026187991723418236, -0.0838623046875], [0.0, 0.0, 0.0, 1.0]]], "view": [[0.0, -2.0, 100.0], [-2.0, 0.0, 100.0], [0.0, 0.0, 1.0]], "bev": "bev_d263e4fae1034bbaa330b475e1cfd638.png", "aux": "aux_d263e4fae1034bbaa330b475e1cfd638.npz", "visibility": "visibility_d263e4fae1034bbaa330b475e1cfd638.png", "pose": [[-0.9855843186378479, 0.16918505728244781, 0.0, 613.3040161132812], [-0.16918505728244781, -0.9855843186378479, 0.0, 1817.85986328125], [0.0, 0.0, 1.0, 0.0], [0.0, 0.0, 0.0, 1.0]], "pose_inverse": [[-0.9855843186378479, -0.16918505728244781, 0.0, 912.0175170898438], [0.16918505728244781, -0.9855843186378479, 0.0, 1687.8922119140625], [0.0, 0.0, 1.0, 0.0], [0.0, 0.0, 0.0, 1.0]], "cam_ids": [0, 1, 2, 3, 4, 5], "cam_channels": ["CAM_FRONT_LEFT", "CAM_FRONT", "CAM_FRONT_RIGHT", "CAM_BACK_LEFT", "CAM_BACK", "CAM_BACK_RIGHT"], "token": "d263e4fae1034bbaa330b475e1cfd638", "scene": "scene-0421"}, {"images": ["samples/CAM_FRONT_LEFT/n015-2018-10-08-15-52-24+0800__CAM_FRONT_LEFT__1538985174754844.jpg", "samples/CAM_FRONT/n015-2018-10-08-15-52-24+0800__CAM_FRONT__1538985174762460.jpg", "samples/CAM_FRONT_RIGHT/n015-2018-10-08-15-52-24+0800__CAM_FRONT_RIGHT__1538985174770339.jpg", "samples/CAM_BACK_LEFT/n015-2018-10-08-15-52-24+0800__CAM_BACK_LEFT__1538985174797423.jpg", "samples/CAM_BACK/n015-2018-10-08-15-52-24+0800__CAM_BACK__1538985174787525.jpg", "samples/CAM_BACK_RIGHT/n015-2018-10-08-15-52-24+0800__CAM_BACK_RIGHT__1538985174777893.jpg"], "intrinsics": [[[1272.5979470598488, 0.0, 826.6154927353808], [0.0, 1272.5979470598488, 479.75165386361925], [0.0, 0.0, 1.0]], [[1266.417203046554, 0.0, 816.2670197447984], [0.0, 1266.417203046554, 491.50706579294757], [0.0, 0.0, 1.0]], [[1260.8474446004698, 0.0, 807.968244525554], [0.0, 1260.8474446004698, 495.3344268742088], [0.0, 0.0, 1.0]], [[1256.7414812095406, 0.0, 792.1125740759628], [0.0, 1256.7414812095406, 492.7757465151356], [0.0, 0.0, 1.0]], [[809.2209905677063, 0.0, 829.2196003259838], [0.0, 809.2209905677063, 481.77842384512485], [0.0, 0.0, 1.0]], [[1259.5137405846733, 0.0, 807.2529053838625], [0.0, 1259.5137405846733, 501.19579884916527], [0.0, 0.0, 1.0]]], "extrinsics": [[[0.8127223253250122, -0.5820819735527039, 0.02574920654296875, -0.8636150360107422], [0.026836415752768517, -0.006749548017978668, -0.9996170401573181, 1.5115699768066406], [0.5820327997207642, 0.8131020665168762, 0.010135485790669918, -1.2099609375], [0.0, 0.0, 0.0, 1.0]], [[-0.005576809402555227, -0.9999307990074158, 0.010353422723710537, 0.005859375], [0.021442892029881477, -0.010470781475305557, -0.999715268611908, 1.5227298736572266], [0.9997544884681702, -0.005353189539164305, 0.02149980515241623, -1.5906982421875], [0.0, 0.0, 0.0, 1.0]], [[-0.8372177481651306, -0.5462242960929871, -0.026560019701719284, 0.9669189453125], [0.02716268226504326, 0.006972399540245533, -0.999606728553772, 1.5057868957519531], [0.5461945533752441, -0.8376099467277527, 0.00899950135499239, -1.20452880859375], [0.0, 0.0, 0.0, 1.0]], [[0.9473981261253357, 0.3189621567726135, 0.026453427970409393, -1.1407470703125], [0.03546389192342758, -0.0224738959223032, -0.9991182088851929, 1.5886211395263672], [-0.3180863857269287, 0.9475009441375732, -0.032603368163108826, -0.1046142578125], [0.0, 0.0, 0.0, 1.0]], [[0.005921570584177971, 0.9999022483825684, -0.012666900642216206, 0.00244140625], [0.010134607553482056, -0.012726481072604656, -0.9998676776885986, 1.5796656608581543], [-0.9999310374259949, 0.005792394280433655, -0.010208974592387676, -0.0281982421875], [0.0, 0.0, 0.0, 1.0]], [[-0.9318421483039856, 0.3607341945171356, -0.039256636053323746, 1.08233642578125], [0.04291512817144394, 0.002133826492354274, -0.9990764856338501, 1.5539169311523438], [-0.36031726002693176, -0.9326663017272949, -0.017469344660639763, -0.0836181640625], [0.0, 0.0, 0.0, 1.0]]], "view": [[0.0, -2.0, 100.0], [-2.0, 0.0, 100.0], [0.0, 0.0, 1.0]], "bev": "bev_4527fc3a992343129e3de9a0aec49b8f.png", "aux": "aux_4527fc3a992343129e3de9a0aec49b8f.npz", "visibility": "visibility_4527fc3a992343129e3de9a0aec49b8f.png", "pose": [[-0.952811598777771, 0.3035622537136078, 0.0, 611.839111328125], [-0.3035622537136078, -0.952811598777771, 0.0, 1817.5223388671875], [0.0, 0.0, 1.0, 0.0], [0.0, 0.0, 0.0, 1.0]], "pose_inverse": [[-0.952811598777771, -0.3035622537136078, 0.0, 1134.6986083984375], [0.3035622537136078, -0.952811598777771, 0.0, 1546.025146484375], [0.0, 0.0, 1.0, 0.0], [0.0, 0.0, 0.0, 1.0]], "cam_ids": [0, 1, 2, 3, 4, 5], "cam_channels": ["CAM_FRONT_LEFT", "CAM_FRONT", "CAM_FRONT_RIGHT", "CAM_BACK_LEFT", "CAM_BACK", "CAM_BACK_RIGHT"], "token": "4527fc3a992343129e3de9a0aec49b8f", "scene": "scene-0421"}, {"images": ["samples/CAM_FRONT_LEFT/n015-2018-10-08-15-52-24+0800__CAM_FRONT_LEFT__1538985175154844.jpg", "samples/CAM_FRONT/n015-2018-10-08-15-52-24+0800__CAM_FRONT__1538985175162460.jpg", "samples/CAM_FRONT_RIGHT/n015-2018-10-08-15-52-24+0800__CAM_FRONT_RIGHT__1538985175170339.jpg", "samples/CAM_BACK_LEFT/n015-2018-10-08-15-52-24+0800__CAM_BACK_LEFT__1538985175197423.jpg", "samples/CAM_BACK/n015-2018-10-08-15-52-24+0800__CAM_BACK__1538985175187525.jpg", "samples/CAM_BACK_RIGHT/n015-2018-10-08-15-52-24+0800__CAM_BACK_RIGHT__1538985175177893.jpg"], "intrinsics": [[[1272.5979470598488, 0.0, 826.6154927353808], [0.0, 1272.5979470598488, 479.75165386361925], [0.0, 0.0, 1.0]], [[1266.417203046554, 0.0, 816.2670197447984], [0.0, 1266.417203046554, 491.50706579294757], [0.0, 0.0, 1.0]], [[1260.8474446004698, 0.0, 807.968244525554], [0.0, 1260.8474446004698, 495.3344268742088], [0.0, 0.0, 1.0]], [[1256.7414812095406, 0.0, 792.1125740759628], [0.0, 1256.7414812095406, 492.7757465151356], [0.0, 0.0, 1.0]], [[809.2209905677063, 0.0, 829.2196003259838], [0.0, 809.2209905677063, 481.77842384512485], [0.0, 0.0, 1.0]], [[1259.5137405846733, 0.0, 807.2529053838625], [0.0, 1259.5137405846733, 501.19579884916527], [0.0, 0.0, 1.0]]], "extrinsics": [[[0.811974287033081, -0.5834802985191345, 0.015760177746415138, -0.857757568359375], [0.01566261425614357, -0.0052107819356024265, -0.9998637437820435, 1.5103044509887695], [0.5834829807281494, 0.8121105432510376, 0.004907806403934956, -1.2059326171875], [0.0, 0.0, 0.0, 1.0]], [[-0.0066849892027676105, -0.9999355673789978, 0.00916443020105362, 0.005859375], [0.010000965557992458, -0.00923103280365467, -0.999907374382019, 1.5216171741485596], [0.9999275803565979, -0.006592753808945417, 0.010062030516564846, -1.58544921875], [0.0, 0.0, 0.0, 1.0]], [[-0.8379635810852051, -0.5454524159431458, -0.01727929338812828, 0.963623046875], [0.015474805608391762, 0.007900521159172058, -0.9998490214347839, 1.5049152374267578], [0.5455065965652466, -0.8381044864654541, 0.0018204229418188334, -1.202667236328125], [0.0, 0.0, 0.0, 1.0]], [[0.9476670026779175, 0.3189294934272766, 0.014532779343426228, -1.14111328125], [0.022888410836458206, -0.022466683760285378, -0.9994855523109436, 1.5885800123214722], [-0.31843891739845276, 0.9475120902061462, -0.028590725734829903, -0.10406494140625], [0.0, 0.0, 0.0, 1.0]], [[0.006107861641