[{"images": ["samples/CAM_FRONT_LEFT/n008-2018-08-30-15-52-26-0400__CAM_FRONT_LEFT__1535659487004799.jpg", "samples/CAM_FRONT/n008-2018-08-30-15-52-26-0400__CAM_FRONT__1535659487012449.jpg", "samples/CAM_FRONT_RIGHT/n008-2018-08-30-15-52-26-0400__CAM_FRONT_RIGHT__1535659487020482.jpg", "samples/CAM_BACK_LEFT/n008-2018-08-30-15-52-26-0400__CAM_BACK_LEFT__1535659487047405.jpg", "samples/CAM_BACK/n008-2018-08-30-15-52-26-0400__CAM_BACK__1535659487037558.jpg", "samples/CAM_BACK_RIGHT/n008-2018-08-30-15-52-26-0400__CAM_BACK_RIGHT__1535659487028113.jpg"], "intrinsics": [[[1257.8625342125129, 0.0, 827.2410631095686], [0.0, 1257.8625342125129, 450.915498205774], [0.0, 0.0, 1.0]], [[1252.8131021185304, 0.0, 826.588114781398], [0.0, 1252.8131021185304, 469.9846626224581], [0.0, 0.0, 1.0]], [[1256.7485116440405, 0.0, 817.7887570959712], [0.0, 1256.7485116440403, 451.9541780095127], [0.0, 0.0, 1.0]], [[1254.9860565800168, 0.0, 829.5769333630991], [0.0, 1254.9860565800168, 467.1680561863987], [0.0, 0.0, 1.0]], [[796.8910634503094, 0.0, 857.7774326863696], [0.0, 796.8910634503094, 476.8848988407415], [0.0, 0.0, 1.0]], [[1249.9629280788233, 0.0, 825.3768045375984], [0.0, 1249.9629280788233, 462.54816385708756], [0.0, 0.0, 1.0]]], "extrinsics": [[[0.8226208686828613, -0.5684442520141602, -0.01288384385406971, -0.7750244140625], [0.006728621199727058, 0.03238997235894203, -0.9994526505470276, 1.4901115894317627], [0.5685505270957947, 0.8220839500427246, 0.030469514429569244, -1.176483154296875], [0.0, 0.0, 0.0, 1.0]], [[0.010367115959525108, -0.999549925327301, -0.028149893507361412, 0.00927734375], [0.008705169893801212, 0.02824055776000023, -0.9995632171630859, 1.4821113348007202], [0.9999083280563354, 0.010117502883076668, 0.0089940270408988, -1.5062255859375], [0.0, 0.0, 0.0, 1.0]], [[-0.8439302444458008, -0.5358885526657104, -0.024599909782409668, 0.94183349609375], [0.016749661415815353, 0.019511939957737923, -0.9996692538261414, 1.4960155487060547], [0.536191463470459, -0.8440632224082947, -0.0074907648377120495, -1.1815185546875], [0.0, 0.0, 0.0, 1.0]], [[0.9478561878204346, 0.3186863958835602, 0.002771099330857396, -1.13531494140625], [-0.008684329688549042, 0.03451932221651077, -0.999366283416748, 1.5619621276855469], [-0.31858012080192566, 0.9472314119338989, 0.03548693284392357, -0.1590576171875], [0.0, 0.0, 0.0, 1.0]], [[0.009139667265117168, 0.9995935559272766, 0.02700522355735302, -0.028717041015625], [-0.006492347922176123, 0.027065100148320198, -0.99961256980896, 1.5675897598266602], [-0.9999371767044067, 0.008960745297372341, 0.0067370738834142685, -0.026123046875], [0.0, 0.0, 0.0, 1.0]], [[-0.9237655401229858, 0.38293951749801636, 0.003820245387032628, 1.040771484375], [-0.002305805217474699, 0.004413683898746967, -0.9999876022338867, 1.5475103855133057], [-0.3829514980316162, -0.9237629175186157, -0.003194226184859872, -0.092376708984375], [0.0, 0.0, 0.0, 1.0]]], "view": [[0.0, -2.0, 100.0], [-2.0, 0.0, 100.0], [0.0, 0.0, 1.0]], "bev": "bev_3de825d424f948bbb94bd1edc855fd12.png", "aux": "aux_3de825d424f948bbb94bd1edc855fd12.npz", "visibility": "visibility_3de825d424f948bbb94bd1edc855fd12.png", "pose": [[0.6644296646118164, -0.747350811958313, 0.0, 984.2062377929688], [0.747350811958313, 0.6644296646118164, 0.0, 689.6898193359375], [0.0, 0.0, 1.0, 0.0], [0.0, 0.0, 0.0, 1.0]], "pose_inverse": [[0.6644296646118164, 0.747350811958313, 0.0, -1169.3760986328125], [-0.747350811958313, 0.6644296646118164, 0.0, 277.2969665527344], [0.0, 0.0, 1.0, 0.0], [0.0, 0.0, 0.0, 1.0]], "cam_ids": [0, 1, 2, 3, 4, 5], "cam_channels": ["CAM_FRONT_LEFT", "CAM_FRONT", "CAM_FRONT_RIGHT", "CAM_BACK_LEFT", "CAM_BACK", "CAM_BACK_RIGHT"], "token": "3de825d424f948bbb94bd1edc855fd12", "scene": "scene-0544"}, {"images": ["samples/CAM_FRONT_LEFT/n008-2018-08-30-15-52-26-0400__CAM_FRONT_LEFT__1535659487504799.jpg", "samples/CAM_FRONT/n008-2018-08-30-15-52-26-0400__CAM_FRONT__1535659487512404.jpg", "samples/CAM_FRONT_RIGHT/n008-2018-08-30-15-52-26-0400__CAM_FRONT_RIGHT__1535659487520482.jpg", "samples/CAM_BACK_LEFT/n008-2018-08-30-15-52-26-0400__CAM_BACK_LEFT__1535659487547405.jpg", "samples/CAM_BACK/n008-2018-08-30-15-52-26-0400__CAM_BACK__1535659487537558.jpg", "samples/CAM_BACK_RIGHT/n008-2018-08-30-15-52-26-0400__CAM_BACK_RIGHT__1535659487528113.jpg"], "intrinsics": [[[1257.8625342125129, 0.0, 827.2410631095686], [0.0, 1257.8625342125129, 450.915498205774], [0.0, 0.0, 1.0]], [[1252.8131021185304, 0.0, 826.588114781398], [0.0, 1252.8131021185304, 469.9846626224581], [0.0, 0.0, 1.0]], [[1256.7485116440405, 0.0, 817.7887570959712], [0.0, 1256.7485116440403, 451.9541780095127], [0.0, 0.0, 1.0]], [[1254.9860565800168, 0.0, 829.5769333630991], [0.0, 1254.9860565800168, 467.1680561863987], [0.0, 0.0, 1.0]], [[796.8910634503094, 0.0, 857.7774326863696], [0.0, 796.8910634503094, 476.8848988407415], [0.0, 0.0, 1.0]], [[1249.9629280788233, 0.0, 825.3768045375984], [0.0, 1249.9629280788233, 462.54816385708756], [0.0, 0.0, 1.0]]], "extrinsics": [[[0.8224088549613953, -0.5687519907951355, -0.012837658636271954, -0.759765625], [0.0050083426758646965, 0.02980332262814045, -0.9995431900024414, 1.489748239517212], [0.5688748955726624, 0.8219689726829529, 0.027359019964933395, -1.1651611328125], [0.0, 0.0, 0.0, 1.0]], [[0.010125917382538319, -0.9996201992034912, -0.025630725547671318, 0.008880615234375], [0.006948087364435196, 0.02570175752043724, -0.9996455311775208, 1.4818586111068726], [0.9999245405197144, 0.009944221936166286, 0.007205703295767307, -1.4874267578125], [0.0, 0.0, 0.0, 1.0]], [[-0.8440158367156982, -0.5358770489692688, -0.02175065688788891, 0.927490234375], [0.014955452643334866, 0.017023373395204544, -0.9997432231903076, 1.4959592819213867], [0.5361096858978271, -0.844124436378479, -0.006353715434670448, -1.1729736328125], [0.0, 0.0, 0.0, 1.0]], [[0.947864294052124, 0.31867411732673645, 0.00034226529533043504, -1.13177490234375], [-0.010503529570996761, 0.03231510519981384, -0.999422550201416, 1.5619068145751953], [-0.31850117444992065, 0.9473133683204651, 0.03397753834724426, -0.16021728515625], [0.0, 0.0, 0.0, 1.0]], [[0.009222602471709251, 0.9996533989906311, 0.024659747257828712, -0.028472900390625], [-0.008316848427057266, 0.02473662607371807, -0.9996594190597534, 1.5673961639404297], [-0.9999228715896606, 0.009014418348670006, 0.008542101830244064, -0.0345458984375], [0.0, 0.0, 0.0, 1.0]], [[-0.9237346053123474, 0.38300642371177673, 0.00453841220587492, 1.02880859375], [-0.004093408118933439, 0.0019768401980400085, -0.9999896883964539, 1.5472278594970703], [-0.3830113410949707, -0.923743486404419, -0.0002582743181847036, -0.097747802734375], [0.0, 0.0, 0.0, 1.0]]], "view": [[0.0, -2.0, 100.0], [-2.0, 0.0, 100.0], [0.0, 0.0, 1.0]], "bev": "bev_37fbf215cf674e11828f4e56b9d52190.png", "aux": "aux_37fbf215cf674e11828f4e56b9d52190.npz", "visibility": "visibility_37fbf215cf674e11828f4e56b9d52190.png", "pose": [[0.6624895334243774, -0.7490711808204651, 0.0, 986.3557739257812], [0.7490711808204651, 0.6624895334243774, 0.0, 692.0848388671875], [0.0, 0.0, 1.0, 0.0], [0.0, 0.0, 0.0, 1.0]], "pose_inverse": [[0.6624895334243774, 0.7490711808204651, 0.0, -1171.8712158203125], [-0.7490711808204651, 0.6624895334243774, 0.0, 280.3517150878906], [0.0, 0.0, 1.0, 0.0], [0.0, 0.0, 0.0, 1.0]], "cam_ids": [0, 1, 2, 3, 4, 5], "cam_channels": ["CAM_FRONT_LEFT", "CAM_FRONT", "CAM_FRONT_RIGHT", "CAM_BACK_LEFT", "CAM_BACK", "CAM_BACK_RIGHT"], "token": "37fbf215cf674e11828f4e56b9d52190", "scene": "scene-0544"}, {"images": ["samples/CAM_FRONT_LEFT/n008-2018-08-30-15-52-26-0400__CAM_FRONT_LEFT__1535659488004799.jpg", "samples/CAM_FRONT/n008-2018-08-30-15-52-26-0400__CAM_FRONT__1535659488012404.jpg", "samples/CAM_FRONT_RIGHT/n008-2018-08-30-15-52-26-0400__CAM_FRONT_RIGHT__1535659488020482.jpg", "samples/CAM_BACK_LEFT/n008-2018-08-30-15-52-26-0400__CAM_BACK_LEFT__1535659488047405.jpg", "samples/CAM_BACK/n008-2018-08-30-15-52-26-0400__CAM_BACK__1535659488037558.jpg", "samples/CAM_BACK_RIGHT/n008-2018-08-30-15-52-26-0400__CAM_BACK_RIGHT__1535659488028113.jpg"], "intrinsics": [[[1257.8625342125129, 0.0, 827.2410631095686], [0.0, 1257.8625342125129, 450.915498205774], [0.0, 0.0, 1.0]], [[1252.8131021185304, 0.0, 826.588114781398], [0.0, 1252.8131021185304, 469.9846626224581], [0.0, 0.0, 1.0]], [[1256.7485116440405, 0.0, 817.7887570959712], [0.0, 1256.7485116440403, 451.9541780095127], [0.0, 0.0, 1.0]], [[1254.9860565800168, 0.0, 829.5769333630991], [0.0, 1254.9860565800168, 467.1680561863987], [0.0, 0.0, 1.0]], [[796.8910634503094, 0.0, 857.7774326863696], [0.0, 796.8910634503094, 476.8848988407415], [0.0, 0.0, 1.0]], [[1249.9629280788233, 0.0, 825.3768045375984], [0.0, 1249.9629280788233, 462.54816385708756], [0.0, 0.0, 1.0]]], "extrinsics": [[[0.8225045204162598, -0.568640410900116, -0.011596190743148327, -0.7666015625], [0.007428889628499746, 0.03112783469259739, -0.9994878172874451, 1.4903615713119507], [0.5687101483345032, 0.8219970464706421, 0.02982715144753456, -1.171295166015625], [0.0, 0.0, 0.0, 1.0]], [[0.010299669578671455, -0.9995803833007812, -0.027071751654148102, 0.009735107421875], [0.009369204752147198, 0.02716846950352192, -0.9995869398117065, 1.4823375940322876], [0.9999030232429504, 0.0100418571382761, 0.009645101614296436, -1.4971923828125], [0.0, 0.0, 0.0, 1.0]], [[-0.843912661075592, -0.535913348197937, -0.02466355636715889, 0.9359130859375], [0.01737784408032894, 0.018641378730535507, -0.9996752142906189, 1.4962491989135742], [0.5361990928649902, -0.8440671563148499, -0.006418677978217602, -1.17742919921875], [0.0, 0.0, 0.0, 1.0]], [[0.9478596448898315, 0.3186698257923126, 0.0034152171574532986, -1.13323974609375], [-0.007919113151729107, 0.03426527976989746, -0.999381422996521, 1.56195068359375], [-0.3185897171497345, 0.9472461938858032, 0.03500225767493248, -0.15985107421875], [0.0, 0.0, 0.0, 1.0]], [[0.009123883210122585, 0.9996063709259033, 0.02652936801314354, -0.02886962890625], [-0.005795080680400133, 0.026582883670926094, -0.9996297955513, 1.5676116943359375], [-0.9999415874481201, 0.008966833353042603, 0.006035340949892998, -0.0303955078125], [0.0, 0.0, 0.0, 1.0]], [[-0.9237681031227112, 0.3829411566257477, 0.002936877775937319, 1.03515625], [-0.0016448864480480552, 0.0037012482061982155, -0.9999918341636658, 1.5475850105285645], [-0.38294878602027893, -0.923765242099762, -0.0027891991194337606, -0.0944671630859375], [0.0, 0.0, 0.0, 1.0]]], "view": [[0.0, -2.0, 100.0], [-2.0, 0.0, 100.0], [0.0, 0.0, 1.0]], "bev": "bev_6a9efeab43244dd1a2cc8b2256a707db.png", "aux": "aux_6a9efeab43244dd1a2cc8b2256a707db.npz", "visibility": "visibility_6a9efeab43244dd1a2cc8b2256a707db.png", "pose": [[0.6618646383285522, -0.7496233582496643, 0.0, 988.5328979492188], [0.7496233582496643, 0.6618646383285522, 0.0, 694.5054321289062], [0.0, 0.0, 1.0, 0.0], [0.0, 0.0, 0.0, 1.0]], "pose_inverse": [[0.6618646383285522, 0.7496233582496643, 0.0, -1174.8924560546875], [-0.7496233582496643, 0.6618646383285522, 0.0, 281.3587341308594], [0.0, 0.0, 1.0, 0.0], [0.0, 0.0, 0.0, 1.0]], "cam_ids": [0, 1, 2, 3, 4, 5], "cam_channels": ["CAM_FRONT_LEFT", "CAM_FRONT", "CAM_FRONT_RIGHT", "CAM_BACK_LEFT", "CAM_BACK", "CAM_BACK_RIGHT"], "token": "6a9efeab43244dd1a2cc8b2256a707db", "scene": "scene-0544"}, {"images": ["samples/CAM_FRONT_LEFT/n008-2018-08-30-15-52-26-0400__CAM_FRONT_LEFT__1535659488504799.jpg", "samples/CAM_FRONT/n008-2018-08-30-15-52-26-0400__CAM_FRONT__1535659488512404.jpg", "samples/CAM_FRONT_RIGHT/n008-2018-08-30-15-52-26-0400__CAM_FRONT_RIGHT__1535659488520482.jpg", "samples/CAM_BACK_LEFT/n008-2018-08-30-15-52-26-0400__CAM_BACK_LEFT__1535659488547405.jpg", "samples/CAM_BACK/n008-2018-08-30-15-52-26-0400__CAM_BACK__1535659488537558.jpg", "samples/CAM_BACK_RIGHT/n008-2018-08-30-15-52-26-0400__CAM_BACK_RIGHT__1535659488528113.jpg"], "intrinsics": [[[1257.8625342125129, 0.0, 827.2410631095686], [0.0, 1257.8625342125129, 450.915498205774], [0.0, 0.0, 1.0]], [[1252.8131021185304, 0.0, 826.588114781398], [0.0, 1252.8131021185304, 469.9846626224581], [0.0, 0.0, 1.0]], [[1256.7485116440405, 0.0, 817.7887570959712], [0.0, 1256.7485116440403, 451.9541780095127], [0.0, 0.0, 1.0]], [[1254.9860565800168, 0.0, 829.5769333630991], [0.0, 1254.9860565800168, 467.1680561863987], [0.0, 0.0, 1.0]], [[796.8910634503094, 0.0, 857.7774326863696], [0.0, 796.8910634503094, 476.8848988407415], [0.0, 0.0, 1.0]], [[1249.9629280788233, 0.0, 825.3768045375984], [0.0, 1249.9629280788233, 462.54816385708756], [0.0, 0.0, 1.0]]], "extrinsics": [[[0.8224300146102905, -0.5686604380607605, -0.015308413654565811, -0.76611328125], [0.0054197534918785095, 0.034741856157779694, -0.9993816614151001, 1.489790439605713], [0.5688406229019165, 0.8218384981155396, 0.03165474161505699, -1.1705322265625], [0.0, 0.0, 0.0, 1.0]], [[0.010016124695539474, -0.9994832873344421, -0.03054208494722843, 0.009368896484375], [0.007378565613180399, 0.03061665967106819, -0.9995039701461792, 1.4818896055221558], [0.9999226927757263, 0.009785777889192104, 0.007681410759687424, -1.494873046875], [0.0, 0.0, 0.0, 1.0]], [[-0.8441190123558044, -0.5355845093727112, -0.02474590577185154, 0.932861328125], [0.015402278862893581, 0.021911898627877235, -0.9996412396430969, 1.495936393737793], [0.5359346270561218, -0.8441973328590393, -0.010247026570141315, -1.17596435546875], [0.0, 0.0, 0.0, 1.0]], [[0.9478549957275391, 0.3186926245689392, 0.0024552561808377504, -1.13037109375], [-0.009853323921561241, 0.03700423985719681, -0.999266505241394, 1.561899185180664], [-0.3185497522354126, 0.9471355080604553, 0.03821483254432678, -0.16070556640625], [0.0, 0.0, 0.0, 1.0]], [[0.00927751138806343, 0.9995234608650208, 0.02944212779402733, -0.0286865234375], [-0.007738845888525248, 0.029514281079173088, -0.9995343685150146, 1.5674457550048828], [-0.9999270439147949, 0.009045368991792202, 0.00800897553563118, -0.0333251953125], [0.0, 0.0, 0.0, 1.0]], [[-0.9236801266670227, 0.383118212223053, 0.005958107765763998, 1.0323486328125], [-0.003617520211264491, 0.006829479709267616, -0.9999701380729675, 1.547304630279541], [-0.3831474483013153, -0.9236741065979004, -0.004922317340970039, -0.09588623046875], [0.0, 0.0, 0.0, 1.0]]], "view": [[0.0, -2.0, 100.0], [-2.0, 0.0, 100.0], [0.0, 0.0, 1.0]], "bev": "bev_12a0559497ae4592b3e061a591f7c35e.png", "aux": "aux_12a0559497ae4592b3e061a591f7c35e.npz", "visibility": "visibility_12a0559497ae4592b3e061a591f7c35e.png", "pose": [[0.6609716415405273, -0.7504109144210815, 0.0, 990.7080688476562], [0.7504109144210815, 0.6609716415405273, 0.0, 696.9312744140625], [0.0, 0.0, 1.0, 0.0], [0.0, 0.0, 0.0, 1.0]], "pose_inverse": [[0.6609716415405273, 0.7504109144210815, 0.0, -1177.814697265625], [-0.7504109144210815, 0.6609716415405273, 0.0, 282.7863464355469], [0.0, 0.0, 1.0, 0.0], [0.0, 0.0, 0.0, 1.0]], "cam_ids": [0, 1, 2, 3, 4, 5], "cam_channels": ["CAM_FRONT_LEFT", "CAM_FRONT", "CAM_FRONT_RIGHT", "CAM_BACK_LEFT", "CAM_BACK", "CAM_BACK_RIGHT"], "token": "12a0559497ae4592b3e061a591f7c35e", "scene": "scene-0544"}, {"images": ["samples/CAM_FRONT_LEFT/n008-2018-08-30-15-52-26-0400__CAM_FRONT_LEFT__1535659489004799.jpg", "samples/CAM_FRONT/n008-2018-08-30-15-52-26-0400__CAM_FRONT__1535659489012404.jpg", "samples/CAM_FRONT_RIGHT/n008-2018-08-30-15-52-26-0400__CAM_FRONT_RIGHT__1535659489020498.jpg", "samples/CAM_BACK_LEFT/n008-2018-08-30-15-52-26-0400__CAM_BACK_LEFT__1535659489047405.jpg", "samples/CAM_BACK/n008-2018-08-30-15-52-26-0400__CAM_BACK__1535659489037558.jpg", "samples/CAM_BACK_RIGHT/n008-2018-08-30-15-52-26-0400__CAM_BACK_RIGHT__1535659489028113.jpg"], "intrinsics": [[[1257.8625342125129, 0.0, 827.2410631095686], [0.0, 1257.8625342125129, 450.915498205774], [0.0, 0.0, 1.0]], [[1252.8131021185304, 0.0, 826.588114781398], [0.0, 1252.8131021185304, 469.9846626224581], [0.0, 0.0, 1.0]], [[1256.7485116440405, 0.0, 817.7887570959712], [0.0, 1256.7485116440403, 451.9541780095127], [0.0, 0.0, 1.0]], [[1254.9860565800168, 0.0, 829.5769333630991], [0.0, 1254.9860565800168, 467.1680561863987], [0.0, 0.0, 1.0]], [[796.8910634503094, 0.0, 857.7774326863696], [0.0, 796.8910634503094, 476.8848988407415], [0.0, 0.0, 1.0]], [[1249.9629280788233, 0.0, 825.3768045375984], [0.0, 1249.9629280788233, 462.54816385708756], [0.0, 0.0, 1.0]]], "extrinsics": [[[0.8226712346076965, -0.5683955550193787, -0.011771111749112606, -0.7650146484375], [0.007761495187878609, 0.031931836158037186, -0.9994598627090454, 1.490501880645752], [0.568464457988739, 0.8221355676651001, 0.030680999159812927, -1.1693115234375], [0.0, 0.0, 0.0, 1.0]], [[0.010486298240721226, -0.9995601773262024, -0.02773890644311905, 0.009124755859375], [0.00970962643623352, 0.027840910479426384, -0.9995652437210083, 1.4824862480163574], [0.9998978972434998, 0.01021244004368782, 0.00999730359762907, -1.4921875], [0.0, 0.0, 0.0, 1.0]], [[-0.843853771686554, -0.5359790921211243, -0.02524329535663128, 0.929931640625], [0.0177252646535635, 0.019174546003341675, -0.99965900182724, 1.4964380264282227], [0.5362804532051086, -0.844013512134552, -0.006680142134428024, -1.1744384765625], [0.0, 0.0, 0.0, 1.0]], [[0.947858989238739, 0.31866714358329773, 0.0038321625906974077, -1.127685546875], [-0.007508414797484875, 0.03435155376791954, -0.9993816018104553, 1.5619144439697266], [-0.3186017572879791, 0.9472440481185913, 0.03495311364531517, -0.16156005859375], [0.0, 0.0, 0.0, 1.0]], [[0.00907528679817915, 0.9996001720428467, 0.02677927538752556, -0.02850341796875], [-0.005426866002380848, 0.02682921662926674, -0.9996252655982971, 1.5676136016845703], [-0.9999441504478455, 0.008926546201109886, 0.005668178200721741, -0.0362548828125], [0.0, 0.0, 0.0, 1.0]], [[-0.9237956404685974, 0.3828760087490082, 0.0027472330257296562, 1.0296630859375], [-0.0012685757828876376, 0.004114395473152399, -0.9999907612800598, 1.5476291179656982], [-0.38288378715515137, -0.9237906336784363, -0.0033151526004076004, -0.0973358154296875], [0.0, 0.0, 0.0, 1.0]]], "view": [[0.0, -2.0, 100.0], [-2.0, 0.0, 100.0], [0.0, 0.0, 1.0]], "bev": "bev_396b0b564a8648a99fafd766e0883963.png", "aux": "aux_396b0b564a8648a99fafd766e0883963.npz", "visibility": "visibility_396b0b564a8648a99fafd766e0883963.png", "pose": [[0.66178297996521, -0.7496954798698425, 0.0, 992.90771484375], [0.7496954798698425, 0.66178297996521, 0.0, 699.38720703125], [0.0, 0.0, 1.0, 0.0], [0.0, 0.0, 0.0, 1.0]], "pose_inverse": [[0.66178297996521, 0.7496954798698425, 0.0, -1181.4168701171875], [-0.7496954798698425, 0.66178297996521, 0.0, 281.535888671875], [0.0, 0.0, 1.0, 0.0], [0.0, 0.0, 0.0, 1.0]], "cam_ids": [0, 1, 2, 3, 4, 5], "cam_channels": ["CAM_FRONT_LEFT", "CAM_FRONT", "CAM_FRONT_RIGHT", "CAM_BACK_LEFT", "CAM_BACK", "CAM_BACK_RIGHT"], "token": "396b0b564a8648a99fafd766e0883963", "scene": "scene-0544"}, {"images": ["samples/CAM_FRONT_LEFT/n008-2018-08-30-15-52-26-0400__CAM_FRONT_LEFT__1535659489504799.jpg", "samples/CAM_FRONT/n008-2018-08-30-15-52-26-0400__CAM_FRONT__1535659489512404.jpg", "samples/CAM_FRONT_RIGHT/n008-2018-08-30-15-52-26-0400__CAM_FRONT_RIGHT__1535659489520482.jpg", "samples/CAM_BACK_LEFT/n008-2018-08-30-15-52-26-0400__CAM_BACK_LEFT__1535659489547405.jpg", "samples/CAM_BACK/n008-2018-08-30-15-52-26-0400__CAM_BACK__1535659489537558.jpg", "samples/CAM_BACK_RIGHT/n008-2018-08-30-15-52-26-0400__CAM_BACK_RIGHT__1535659489528113.jpg"], "intrinsics": [[[1257.8625342125129, 0.0, 827.2410631095686], [0.0, 1257.8625342125129, 450.915498205774], [0.0, 0.0, 1.0]], [[1252.8131021185304, 0.0, 826.588114781398], [0.0, 1252.8131021185304, 469.9846626224581], [0.0, 0.0, 1.0]], [[1256.7485116440405, 0.0, 817.7887570959712], [0.0, 1256.7485116440403, 451.9541780095127], [0.0, 0.0, 1.0]], [[1254.9860565800168, 0.0, 829.5769333630991], [0.0, 1254.9860565800168, 467.1680561863987], [0.0, 0.0, 1.0]], [[796.8910634503094, 0.0, 857.7774326863696], [0.0, 796.8910634503094, 476.8848988407415], [0.0, 0.0, 1.0]], [[1249.9629280788233, 0.0, 825.3768045375984], [0.0, 1249.9629280788233, 462.54816385708756], [0.0, 0.0, 1.0]]], "extrinsics": [[[0.8227478265762329, -0.5683250427246094, -0.009631244465708733, -0.7552490234375], [0.011602271348237991, 0.03373220935463905, -0.9993635416030884, 1.491711139678955], [0.5682882070541382, 0.8221124410629272, 0.034346964210271835, -1.16387939453125], [0.0, 0.0, 0.0, 1.0]], [[0.010677785612642765, -0.9995099306106567, -0.029425855726003647, 0.0101318359375], [0.013656497932970524, 0.029570555314421654, -0.9994694590568542, 1.4835290908813477], [0.9998497366905212, 0.010270287282764912, 0.013965552672743797, -1.4840087890625], [0.0, 0.0, 0.0, 1.0]], [[-0.8436964750289917, -0.5360060930252075, -0.029558470472693443, 0.9256591796875], [0.0217855516821146, 0.020829323679208755, -0.999545693397522, 1.4973220825195312], [0.5363782048225403, -0.8439570665359497, -0.00589643744751811, -1.170654296875], [0.0, 0.0, 0.0, 1.0]], [[0.9478402733802795, 0.3186379373073578, 0.008294296450912952, -1.1279296875], [-0.00326753337867558, 0.03573351353406906, -0.9993560314178467, 1.5619792938232422], [-0.31872913241386414, 0.9472026824951172, 0.034910816699266434, -0.16156005859375], [0.0, 0.0, 0.0, 1.0]], [[0.008940658532083035, 0.9995592832565308, 0.028307851403951645, -0.02886962890625], [-0.0013140580849722028, 0.02832070365548134, -0.9995980262756348, 1.5679311752319336], [-0.9999591708183289, 0.008899812586605549, 0.0015666831750422716, -0.038330078125], [0.0, 0.0, 0.0, 1.0]], [[-0.9238221645355225, 0.3828215003013611, -0.00041948677971959114, 1.0255126953125], [0.0028187744319438934, 0.00570649141445756, -0.9999797344207764, 1.5482146739959717], [-0.38281136751174927, -0.9238047003746033, -0.0063508725725114346, -0.098297119140625], [0.0, 0.0, 0.0, 1.0]]], "view": [[0.0, -2.0, 100.0], [-2.0, 0.0, 100.0], [0.0, 0.0, 1.0]], "bev": "bev_e3f8a59bf6ce4e3c97c2fab17d828e50.png", "aux": "aux_e3f8a59bf6ce4e3c97c2fab17d828e50.npz", "visibility": "visibility_e3f8a59bf6ce4e3c97c2fab17d828e50.png", "pose": [[0.6644250750541687, -0.7473548650741577, 0.0, 995.1282958984375], [0.7473548650741577, 0.6644250750541687, 0.0, 701.8496704101562], [0.0, 0.0, 1.0, 0.0], [0.0, 0.0, 0.0, 1.0]], "pose_inverse": [[0.6644250750541687, 0.7473548650741577, 0.0, -1185.718994140625], [-0.7473548650741577, 0.6644250750541687, 0.0, 277.387451171875], [0.0, 0.0, 1.0, 0.0], [0.0, 0.0, 0.0, 1.0]], "cam_ids": [0, 1, 2, 3, 4, 5], "cam_channels": ["CAM_FRONT_LEFT", "CAM_FRONT", "CAM_FRONT_RIGHT", "CAM_BACK_LEFT", "CAM_BACK", "CAM_BACK_RIGHT"], "token": "e3f8a59bf6ce4e3c97c2fab17d828e50", "scene": "scene-0544"}, {"images": ["samples/CAM_FRONT_LEFT/n008-2018-08-30-15-52-26-0400__CAM_FRONT_LEFT__1535659490004799.jpg", "samples/CAM_FRONT/n008-2018-08-30-15-52-26-0400__CAM_FRONT__1535659490012404.jpg", "samples/CAM_FRONT_RIGHT/n008-2018-08-30-15-52-26-0400__CAM_FRONT_RIGHT__1535659490020482.jpg", "samples/CAM_BACK_LEFT/n008-2018-08-30-15-52-26-0400__CAM_BACK_LEFT__1535659490047405.jpg", "samples/CAM_BACK/n008-2018-08-30-15-52-26-0400__CAM_BACK__1535659490037558.jpg", "samples/CAM_BACK_RIGHT/n008-2018-08-30-15-52-26-0400__CAM_BACK_RIGHT__1535659490028113.jpg"], "intrinsics": [[[1257.8625342125129, 0.0, 827.2410631095686], [0.0, 1257.8625342125129, 450.915498205774], [0.0, 0.0, 1.0]], [[1252.8131021185304, 0.0, 826.588114781398], [0.0, 1252.8131021185304, 469.9846626224581], [0.0, 0.0, 1.0]], [[1256.7485116440405, 0.0, 817.7887570959712], [0.0, 1256.7485116440403, 451.9541780095127], [0.0, 0.0, 1.0]], [[1254.9860565800168, 0.0, 829.5769333630991], [0.0, 1254.9860565800168, 467.1680561863987], [0.0, 0.0, 1.0]], [[796.8910634503094, 0.0, 857.7774326863696], [0.0, 796.8910634503094, 476.8848988407415], [0.0, 0.0, 1.0]], [[1249.9629280788233, 0.0, 825.3768045375984], [0.0, 1249.9629280788233, 462.54816385708756], [0.0, 0.0, 1.0]]], "extrinsics": [[[0.8225976824760437, -0.5685882568359375, -0.006365810986608267, -0.761962890625], [0.01197868213057518, 0.02852046489715576, -0.9995214343070984, 1.4917726516723633], [0.5684976577758789, 0.8221276998519897, 0.030271805822849274, -1.167449951171875], [0.0, 0.0, 0.0, 1.0]], [[0.010312151163816452, -0.9996544122695923, -0.02417832799255848, 0.009063720703125], [0.013959870673716068, 0.02432117611169815, -0.999606728553772, 1.4835538864135742], [0.9998493790626526, 0.009970493614673615, 0.014205851592123508, -1.489990234375], [0.0, 0.0, 0.0, 1.0]], [[-0.843917191028595, -0.5357982516288757, -0.02690737508237362, 0.9288330078125], [0.02200719714164734, 0.0155382314696908, -0.9996370077133179, 1.4972915649414062], [0.536021888256073, -0.8442031145095825, -0.0013215630315244198, -1.173828125], [0.0, 0.0, 0.0, 1.0]], [[0.9478582739830017, 0.31862571835517883, 0.006507698446512222, -1.1290283203125], [-0.0033951017539948225, 0.030514491721987724, -0.9995285272598267, 1.5619850158691406], [-0.31867414712905884, 0.9473892450332642, 0.030005181208252907, -0.1611328125], [0.0, 0.0, 0.0, 1.0]], [[0.009146577678620815, 0.999692976474762, 0.023026345297694206, -0.028411865234375], [-0.0012484294129535556, 0.023038705810904503, -0.9997337460517883, 1.5679516792297363], [-0.9999573826789856, 0.009115437977015972, 0.0014587708283215761, -0.0360107421875], [0.0, 0.0, 0.0, 1.0]], [[-0.923696756362915, 0.38311564922332764, -0.0025598297361284494, 1.029052734375], [0.0029368887189775705, 0.00039929317426867783, -0.9999955892562866, 1.5482299327850342], [-0.38311290740966797, -0.9237002730369568, -0.001493993797339499, -0.0976104736328125], [0.0, 0.0, 0.0, 1.0]]], "view": [[0.0, -2.0, 100.0], [-2.0, 0.0, 100.0], [0.0, 0.0, 1.0]], "bev": "bev_bdafb98fee5d4b1bb7cf7922cb422231.png", "aux": "aux_bdafb98fee5d4b1bb7cf7922cb422231.npz", "visibility": "visibility_bdafb98fee5d4b1bb7cf7922cb422231.png", "pose": [[0.6676722168922424, -0.7444553375244141, 0.0, 997.3514404296875], [0.7444553375244141, 0.6676722168922424, 0.0, 704.30615234375], [0.0, 0.0, 1.0, 0.0], [0.0, 0.0, 0.0, 1.0]], "pose_inverse": [[0.6676722168922424, 0.7444553375244141, 0.0, -1190.2283935546875], [-0.7444553375244141, 0.6676722168922424, 0.0, 272.23797607421875], [0.0, 0.0, 1.0, 0.0], [0.0, 0.0, 0.0, 1.0]], "cam_ids": [0, 1, 2, 3, 4, 5], "cam_channels": ["CAM_FRONT_LEFT", "CAM_FRONT", "CAM_FRONT_RIGHT", "CAM_BACK_LEFT", "CAM_BACK", "CAM_BACK_RIGHT"], "token": "bdafb98fee5d4b1bb7cf7922cb422231", "scene": "scene-0544"}, {"images": ["samples/CAM_FRONT_LEFT/n008-2018-08-30-15-52-26-0400__CAM_FRONT_LEFT__1535659490504799.jpg", "samples/CAM_FRONT/n008-2018-08-30-15-52-26-0400__CAM_FRONT__1535659490512404.jpg", "samples/CAM_FRONT_RIGHT/n008-2018-08-30-15-52-26-0400__CAM_FRONT_RIGHT__1535659490520482.jpg", "samples/CAM_BACK_LEFT/n008-2018-08-30-15-52-26-0400__CAM_BACK_LEFT__1535659490547405.jpg", "samples/CAM_BACK/n008-2018-08-30-15-52-26-0400__CAM_BACK__1535659490537558.jpg", "samples/CAM_BACK_RIGHT/n008-2018-08-30-15-52-26-0400__CAM_BACK_RIGHT__1535659490528113.jpg"], "intrinsics": [[[1257.8625342125129, 0.0, 827.2410631095686], [0.0, 1257.8625342125129, 450.915498205774], [0.0, 0.0, 1.0]], [[1252.8131021185304, 0.0, 826.588114781398], [0.0, 1252.8131021185304, 469.9846626224581], [0.0, 0.0, 1.0]], [[1256.7485116440405, 0.0, 817.7887570959712], [0.0, 1256.7485116440403, 451.9541780095127], [0.0, 0.0, 1.0]], [[1254.9860565800168, 0.0, 829.5769333630991], [0.0, 1254.9860565800168, 467.1680561863987], [0.0, 0.0, 1.0]], [[796.8910634503094, 0.0, 857.7774326863696], [0.0, 796.8910634503094, 476.8848988407415], [0.0, 0.0, 1.0]], [[1249.9629280788233, 0.0, 825.3768045375984], [0.0, 1249.9629280788233, 462.54816385708756], [0.0, 0.0, 1.0]]], "extrinsics": [[[0.8227829933166504, -0.5683210492134094, -0.006283897440880537, -0.76904296875], [0.011237001046538353, 0.027320420369505882, -0.9995635747909546, 1.4914650917053223], [0.5682446360588074, 0.8223532438278198, 0.028864998370409012, -1.172149658203125], [0.0, 0.0, 0.0, 1.0]], [[0.010671650990843773, -0.9996783137321472, -0.023006651550531387, 0.0091552734375], [0.013230377808213234, 0.023147108033299446, -0.9996445775032043, 1.4832782745361328], [0.9998555183410645, 0.010363487526774406, 0.013473139144480228, -1.497314453125], [0.0, 0.0, 0.0, 1.0]], [[-0.8437322378158569, -0.536149263381958, -0.02569166198372841, 0.93414306640625], [0.021293556317687035, 0.014393595978617668, -0.99966961145401, 1.497018814086914], [0.5363419055938721, -0.844000518321991, -0.0007278191042132676, -1.17681884765625], [0.0, 0.0, 0.0, 1.0]], [[0.9478609561920166, 0.31863632798194885, 0.005515816155821085, -1.1302490234375], [-0.004134340677410364, 0.029601553454995155, -0.9995532035827637, 1.561981201171875], [-0.318657249212265, 0.9474146962165833, 0.029375508427619934, -0.16070556640625], [0.0, 0.0, 0.0, 1.0]], [[0.009007005952298641, 0.9997179508209229, 0.02197587862610817, -0.0284881591796875], [-0.00199746317230165, 0.021994713693857193, -0.9997560381889343, 1.5678987503051758], [-0.9999575018882751, 0.008960912935435772, 0.002195006236433983, -0.032958984375], [0.0, 0.0, 0.0, 1.0]], [[-0.9238058924674988, 0.3828542232513428, -0.002320855390280485, 1.0333251953125], [0.0022131658624857664, -0.000721720396541059, -0.9999973177909851, 1.5481164455413818], [-0.3828548491001129, -0.9238084554672241, -0.00018059018475469202, -0.0955657958984375], [0.0, 0.0, 0.0, 1.0]]], "view": [[0.0, -2.0, 100.0], [-2.0, 0.0, 100.0], [0.0, 0.0, 1.0]], "bev": "bev_e4113c921e394d5b9e40637e15d213c9.png", "aux": "aux_e4113c921e394d5b9e40637e15d213c9.npz", "visibility": "visibility_e4113c921e394d5b9e40637e15d213c9.png", "pose": [[0.6712959408760071, -0.7411894202232361, 0.0, 999.5093994140625], [0.7411894202232361, 0.6712959408760071, 0.0, 706.66455078125], [0.0, 0.0, 1.0, 0.0], [0.0, 0.0, 0.0, 1.0]], "pose_inverse": [[0.6712959408760071, 0.7411894202232361, 0.0, -1194.7388916015625], [-0.7411894202232361, 0.6712959408760071, 0.0, 266.4447937011719], [0.0, 0.0, 1.0, 0.0], [0.0, 0.0, 0.0, 1.0]], "cam_ids": [0, 1, 2, 3, 4, 5], "cam_channels": ["CAM_FRONT_LEFT", "CAM_FRONT", "CAM_FRONT_RIGHT", "CAM_BACK_LEFT", "CAM_BACK", "CAM_BACK_RIGHT"], "token": "e4113c921e394d5b9e40637e15d213c9", "scene": "scene-0544"}, {"images": ["samples/CAM_FRONT_LEFT/n008-2018-08-30-15-52-26-0400__CAM_FRONT_LEFT__1535659491004799.jpg", "samples/CAM_FRONT/n008-2018-08-30-15-52-26-0400__CAM_FRONT__1535659491012404.jpg", "samples/CAM_FRONT_RIGHT/n008-2018-08-30-15-52-26-0400__CAM_FRONT_RIGHT__1535659491020482.jpg", "samples/CAM_BACK_LEFT/n008-2018-08-30-15-52-26-0400__CAM_BACK_LEFT__1535659491047405.jpg", "samples/CAM_BACK/n008-2018-08-30-15-52-26-0400__CAM_BACK__1535659491037558.jpg", "samples/CAM_BACK_RIGHT/n008-2018-08-30-15-52-26-0400__CAM_BACK_RIGHT__1535659491028335.jpg"], "intrinsics": [[[1257.8625342125129, 0.0, 827.2410631095686], [0.0, 1257.8625342125129, 450.915498205774], [0.0, 0.0, 1.0]], [[1252.8131021185304, 0.0, 826.588114781398], [0.0, 1252.8131021185304, 469.9846626224581], [0.0, 0.0, 1.0]], [[1256.7485116440405, 0.0, 817.7887570959712], [0.0, 1256.7485116440403, 451.9541780095127], [0.0, 0.0, 1.0]], [[1254.9860565800168, 0.0, 829.5769333630991], [0.0, 1254.9860565800168, 467.1680561863987], [0.0, 0.0, 1.0]], [[796.8910634503094, 0.0, 857.7774326863696], [0.0, 796.8910634503094, 476.8848988407415], [0.0, 0.0, 1.0]], [[1249.9629280788233, 0.0, 825.3768045375984], [0.0, 1249.9629280788233, 462.54816385708756], [0.0, 0.0, 1.0]]], "extrinsics": [[[0.8228963017463684, -0.5681767463684082, -0.0041245282627642155, -0.78857421875], [0.016945991665124893, 0.031797584146261215, -0.9993506669998169, 1.4925737380981445], [0.5679388642311096, 0.8222920298576355, 0.03579442575573921, -1.18896484375], [0.0, 0.0, 0.0, 1.0]], [[0.01101755816489458, -0.9995613098144531, -0.027490563690662384, 0.01129150390625], [0.018900008872151375, 0.027695486322045326, -0.999437689781189, 1.4841423034667969], [0.9997606873512268, 0.010491794906556606, 0.019196856766939163, -1.5191650390625], [0.0, 0.0, 0.0, 1.0]], [[-0.843427300453186, -0.5362335443496704, -0.032923873513936996, 0.95013427734375], [0.026922672986984253, 0.019019072875380516, -0.999456524848938, 1.4975547790527344], [0.5365682244300842, -0.8438553810119629, -0.0016043672803789377, -1.18463134765625], [0.0, 0.0, 0.0, 1.0]], [[0.9478026032447815, 0.3186202645301819, 0.012303650379180908, -1.132080078125], [0.001535722054541111, 0.034024678170681, -0.9994198083877563, 1.5620551109313965], [-0.3188540041446686, 0.9472715258598328, 0.031759366393089294, -0.16033935546875], [0.0, 0.0, 0.0, 1.0]], [[0.00876790750771761, 0.9996070265769958, 0.02662820555269718, -0.0295562744140625], [0.0036171898245811462, 0.026597347110509872, -0.9996396899223328, 1.5682783126831055], [-0.9999549984931946, 0.008861057460308075, -0.003382566152140498, -0.0252685546875], [0.0, 0.0, 0.0, 1.0]], [[-0.9238543510437012, 0.3827008605003357, -0.0057420190423727036, 1.0462646484375], [0.007850072346627712, 0.0039470139890909195, -0.9999613761901855, 1.548769474029541], [-0.3826634883880615, -0.9238638877868652, -0.006650696974247694, -0.08868408203125], [0.0, 0.0, 0.0, 1.0]]], "view": [[0.0, -2.0, 100.0], [-2.0, 0.0, 100.0], [0.0, 0.0, 1.0]], "bev": "bev_4e257c2e312a407294cfc9f8410a0fc5.png", "aux": "aux_4e257c2e312a407294cfc9f8410a0fc5.npz", "visibility": "visibility_4e257c2e312a407294cfc9f8410a0fc5.png", "pose": [[0.6756917834281921, -0.7371842265129089, 0.0, 1001.59765625], [0.7371842265129089, 0.6756917834281921, 0.0, 708.904541015625], [0.0, 0.0, 1.0, 0.0], [0.0, 0.0, 0.0, 1.0]], "pose_inverse": [[0.6756917834281921, 0.7371842265129089, 0.0, -1199.3646240234375], [-0.7371842265129089, 0.6756917834281921, 0.0, 259.36102294921875], [0.0, 0.0, 1.0, 0.0], [0.0, 0.0, 0.0, 1.0]], "cam_ids": [0, 1, 2, 3, 4, 5], "cam_channels": ["CAM_FRONT_LEFT", "CAM_FRONT", "CAM_FRONT_RIGHT", "CAM_BACK_LEFT", "CAM_BACK", "CAM_BACK_RIGHT"], "token": "4e257c2e312a407294cfc9f8410a0fc5", "scene": "scene-0544"}, {"images": ["samples/CAM_FRONT_LEFT/n008-2018-08-30-15-52-26-0400__CAM_FRONT_LEFT__1535659491404799.jpg", "samples/CAM_FRONT/n008-2018-08-30-15-52-26-0400__CAM_FRONT__1535659491412404.jpg", "samples/CAM_FRONT_RIGHT/n008-2018-08-30-15-52-26-0400__CAM_FRONT_RIGHT__1535659491420482.jpg", "samples/CAM_BACK_LEFT/n008-2018-08-30-15-52-26-0400__CAM_BACK_LEFT__1535659491447405.jpg", "samples/CAM_BACK/n008-2018-08-30-15-52-26-0400__CAM_BACK__1535659491437558.jpg", "samples/CAM_BACK_RIGHT/n008-2018-08-30-15-52-26-0400__CAM_BACK_RIGHT__1535659491428113.jpg"], "intrinsics": [[[1257.8625342125129, 0.0, 827.2410631095686], [0.0, 1257.8625342125129, 450.915498205774], [0.0, 0.0, 1.0]], [[1252.8131021185304, 0.0, 826.588114781398], [0.0, 1252.8131021185304, 469.9846626224581], [0.0, 0.0, 1.0]], [[1256.7485116440405, 0.0, 817.7887570959712], [0.0, 1256.7485116440403, 451.9541780095127], [0.0, 0.0, 1.0]], [[1254.9860565800168, 0.0, 829.5769333630991], [0.0, 1254.9860565800168, 467.1680561863987], [0.0, 0.0, 1.0]], [[796.8910634503094, 0.0, 857.7774326863696], [0.0, 796.8910634503094, 476.8848988407415], [0.0, 0.0, 1.0]], [[1249.9629280788233, 0.0, 825.3768045375984], [0.0, 1249.9629280788233, 462.54816385708756], [0.0, 0.0, 1.0]]], "extrinsics": [[[0.8225569725036621, -0.5686378479003906, -0.007149202283471823, -0.8031005859375], [0.011656156741082668, 0.029427295550704002, -0.9994989633560181, 1.4910697937011719], [0.5685633420944214, 0.8220615386962891, 0.030833758413791656, -1.196502685546875], [0.0, 0.0, 0.0, 1.0]], [[0.010299626737833023, -0.9996297955513, -0.025182444602251053, 0.0093994140625], [0.0136403264477849, 0.025321893393993378, -0.999586284160614, 1.4828882217407227], [0.9998539090156555, 0.009951834566891193, 0.013896082527935505, -1.5316162109375], [0.0, 0.0, 0.0, 1.0]], [[-0.843902051448822, -0.5358057618141174, -0.027231255546212196, 0.95709228515625], [0.021691953763365746, 0.01663885824382305, -0.9996261596679688, 1.4965019226074219], [0.5360585451126099, -0.8441773056983948, -0.00241889338940382, -1.19085693359375], [0.0, 0.0, 0.0, 1.0]], [[0.9478595852851868, 0.3186151683330536, 0.006833360996097326, -1.134033203125], [-0.0036195393186062574, 0.03220369294285774, -0.9994747638702393, 1.562002182006836], [-0.3186678886413574, 0.9473369121551514, 0.031677816063165665, -0.15948486328125], [0.0, 0.0, 0.0, 1.0]], [[0.009124791249632835, 0.9996597170829773, 0.0244380421936512, -0.0288848876953125], [-0.001556989038363099, 0.024453235790133476, -0.9996997714042664, 1.5679426193237305], [-0.9999572038650513, 0.009084023535251617, 0.0017795886378735304, -0.020751953125], [0.0, 0.0, 0.0, 1.0]], [[-0.9237117171287537, 0.3830839991569519, -0.0018140362808480859, 1.0521240234375], [0.0026302062906324863, 0.001606761827133596, -0.999995231628418, 1.5481181144714355], [-0.3830792307853699, -0.9237121343612671, -0.0024917745031416416, -0.087554931640625], [0.0, 0.0, 0.0, 1.0]]], "view": [[0.0, -2.0, 100.0], [-2.0, 0.0, 100.0], [0.0, 0.0, 1.0]], "bev": "bev_bfc17daf64ab48199f890be9eb691f8a.png", "aux": "aux_bfc17daf64ab48199f890be9eb691f8a.npz", "visibility": "visibility_bfc17daf64ab48199f890be9eb691f8a.png", "pose": [[0.6767838597297668, -0.7361817955970764, 0.0, 1003.1148681640625], [0.7361817955970764, 0.6767838597297668, 0.0, 710.517822265625], [0.0, 0.0, 1.0, 0.0], [0.0, 0.0, 0.0, 1.0]], "pose_inverse": [[0.6767838597297668, 0.7361817955970764, 0.0, -1201.962158203125], [-0.7361817955970764, 0.6767838597297668, 0.0, 257.60791015625], [0.0, 0.0, 1.0, 0.0], [0.0, 0.0, 0.0, 1.0]], "cam_ids": [0, 1, 2, 3, 4, 5], "cam_channels": ["CAM_FRONT_LEFT", "CAM_FRONT", "CAM_FRONT_RIGHT", "CAM_BACK_LEFT", "CAM_BACK", "CAM_BACK_RIGHT"], "token": "bfc17daf64ab48199f890be9eb691f8a", "scene": "scene-0544"}, {"images": ["samples/CAM_FRONT_LEFT/n008-2018-08-30-15-52-26-0400__CAM_FRONT_LEFT__1535659491904799.jpg", "samples/CAM_FRONT/n008-2018-08-30-15-52-26-0400__CAM_FRONT__1535659491913409.jpg", "samples/CAM_FRONT_RIGHT/n008-2018-08-30-15-52-26-0400__CAM_FRONT_RIGHT__1535659491920482.jpg", "samples/CAM_BACK_LEFT/n008-2018-08-30-15-52-26-0400__CAM_BACK_LEFT__1535659491947405.jpg", "samples/CAM_BACK/n008-2018-08-30-15-52-26-0400__CAM_BACK__1535659491937558.jpg", "samples/CAM_BACK_RIGHT/n008-2018-08-30-15-52-26-0400__CAM_BACK_RIGHT__1535659491928113.jpg"], "intrinsics": [[[1257.8625342125129, 0.0, 827.2410631095686], [0.0, 1257.8625342125129, 450.915498205774], [0.0, 0.0, 1.0]], [[1252.8131021185304, 0.0, 826.588114781398], [0.0, 1252.8131021185304, 469.9846626224581], [0.0, 0.0, 1.0]], [[1256.7485116440405, 0.0, 817.7887570959712], [0.0, 1256.7485116440403, 451.9541780095127], [0.0, 0.0, 1.0]], [[1254.9860565800168, 0.0, 829.5769333630991], [0.0, 1254.9860565800168, 467.1680561863987], [0.0, 0.0, 1.0]], [[796.8910634503094, 0.0, 857.7774326863696], [0.0, 796.8910634503094, 476.8848988407415], [0.0, 0.0, 1.0]], [[1249.9629280788233, 0.0, 825.3768045375984], [0.0, 1249.9629280788233, 462.54816385708756], [0.0, 0.0, 1.0]]], "extrinsics": [[[0.8225117325782776, -0.5687481164932251, -2.254801438539289e-05, -0.8016357421875], [0.017664823681116104, 0.025586126372218132, -0.9995165467262268, 1.4925355911254883], [0.5684738159179688, 0.8221137523651123, 0.03109172359108925, -1.196868896484375], [0.0, 0.0, 0.0, 1.0]], [[0.010521890595555305, -0.9997171759605408, -0.021327978000044823, 0.010284423828125], [0.019477512687444687, 0.021530015394091606, -0.9995784759521484, 1.4839401245117188], [0.9997549057006836, 0.010102005675435066, 0.01969853974878788, -1.537841796875], [0.0, 0.0, 0.0, 1.0]], [[-0.8436236381530762, -0.5360948443412781, -0.030023910105228424, 0.95892333984375], [0.02738427370786667, 0.012886031530797482, -0.9995418787002563, 1.497354507446289], [0.5362362265586853, -0.8440594673156738, 0.003809607122093439, -1.19110107421875], [0.0, 0.0, 0.0, 1.0]], [[0.9476443529129028, 0.3191526532173157, 0.01057109609246254, -1.13427734375], [0.0015927216736599803, 0.028379809111356735, -0.9995959401130676, 1.5620489120483398], [-0.31932374835014343, 0.9472783207893372, 0.02638564445078373, -0.15972900390625], [0.0, 0.0, 0.0, 1.0]], [[0.008666119538247585, 0.9997475743293762, 0.020729687064886093, -0.029327392578125], [0.003935552667826414, 0.020696204155683517, -0.9997780323028564, 1.5682909