[{"images": ["samples/CAM_FRONT_LEFT/n008-2018-08-06-15-06-32-0400__CAM_FRONT_LEFT__1533583046154799.jpg", "samples/CAM_FRONT/n008-2018-08-06-15-06-32-0400__CAM_FRONT__1533583046162404.jpg", "samples/CAM_FRONT_RIGHT/n008-2018-08-06-15-06-32-0400__CAM_FRONT_RIGHT__1533583046170482.jpg", "samples/CAM_BACK_LEFT/n008-2018-08-06-15-06-32-0400__CAM_BACK_LEFT__1533583046197405.jpg", "samples/CAM_BACK/n008-2018-08-06-15-06-32-0400__CAM_BACK__1533583046187558.jpg", "samples/CAM_BACK_RIGHT/n008-2018-08-06-15-06-32-0400__CAM_BACK_RIGHT__1533583046178113.jpg"], "intrinsics": [[[1257.8625342125129, 0.0, 827.2410631095686], [0.0, 1257.8625342125129, 450.915498205774], [0.0, 0.0, 1.0]], [[1252.8131021185304, 0.0, 826.588114781398], [0.0, 1252.8131021185304, 469.9846626224581], [0.0, 0.0, 1.0]], [[1256.7485116440405, 0.0, 817.7887570959712], [0.0, 1256.7485116440403, 451.9541780095127], [0.0, 0.0, 1.0]], [[1254.9860565800168, 0.0, 829.5769333630991], [0.0, 1254.9860565800168, 467.1680561863987], [0.0, 0.0, 1.0]], [[796.8910634503094, 0.0, 857.7774326863696], [0.0, 796.8910634503094, 476.8848988407415], [0.0, 0.0, 1.0]], [[1249.9629280788233, 0.0, 825.3768045375984], [0.0, 1249.9629280788233, 462.54816385708756], [0.0, 0.0, 1.0]]], "extrinsics": [[[0.8225656747817993, -0.5686225891113281, -0.0073548913933336735, -1.005126953125], [0.012033265084028244, 0.03033492900431156, -0.9994673728942871, 1.4882926940917969], [0.5685427784919739, 0.8220390677452087, 0.03179485723376274, -1.3333740234375], [0.0, 0.0, 0.0, 1.0]], [[0.010342409834265709, -0.9996065497398376, -0.02607041783630848, 0.00537109375], [0.013982389122247696, 0.026213832199573517, -0.9995586276054382, 1.48016357421875], [0.9998487830162048, 0.009973321110010147, 0.01424800418317318, -1.7347412109375], [0.0, 0.0, 0.0, 1.0]], [[-0.8438739776611328, -0.5358121991157532, -0.027963021770119667, 1.0906982421875], [0.022001484408974648, 0.01751636154949665, -0.9996044635772705, 1.4930706024169922], [0.5360901355743408, -0.844155490398407, -0.002992939669638872, -1.277587890625], [0.0, 0.0, 0.0, 1.0]], [[0.947880744934082, 0.3185437023639679, 0.007214793935418129, -1.143890380859375], [-0.0033724724780768156, 0.0326724499464035, -0.9994604587554932, 1.562042236328125], [-0.31860753893852234, 0.947344958782196, 0.03204386681318283, -0.1561279296875], [0.0, 0.0, 0.0, 1.0]], [[0.009155342355370522, 0.9996420741081238, 0.025140022858977318, -0.02880859375], [-0.0012502409517765045, 0.025152498856186867, -0.9996827840805054, 1.5680618286132812], [-0.9999573230743408, 0.009121015667915344, 0.0014800714561715722, 0.0443115234375], [0.0, 0.0, 0.0, 1.0]], [[-0.923712432384491, 0.3830823600292206, -0.001784397754818201, 1.16064453125], [0.0029450738802552223, 0.0024433829821646214, -0.9999926686286926, 1.5478100776672363], [-0.38307517766952515, -0.9237110018730164, -0.003385188989341259, -0.0438232421875], [0.0, 0.0, 0.0, 1.0]]], "view": [[0.0, -2.0, 100.0], [-2.0, 0.0, 100.0], [0.0, 0.0, 1.0]], "bev": "bev_f4a2c7c37bc84ff9a75461b41e5c405b.png", "aux": "aux_f4a2c7c37bc84ff9a75461b41e5c405b.npz", "visibility": "visibility_f4a2c7c37bc84ff9a75461b41e5c405b.png", "pose": [[0.7629206776618958, 0.6464921236038208, 0.0, 760.0953979492188], [-0.6464921236038208, 0.7629206776618958, 0.0, 1514.828857421875], [0.0, 0.0, 1.0, 0.0], [0.0, 0.0, 0.0, 1.0]], "pose_inverse": [[0.7629206776618958, -0.6464921236038208, 0.0, 399.4324645996094], [0.6464921236038208, 0.7629206776618958, 0.0, -1647.0899658203125], [0.0, 0.0, 1.0, 0.0], [0.0, 0.0, 0.0, 1.0]], "cam_ids": [0, 1, 2, 3, 4, 5], "cam_channels": ["CAM_FRONT_LEFT", "CAM_FRONT", "CAM_FRONT_RIGHT", "CAM_BACK_LEFT", "CAM_BACK", "CAM_BACK_RIGHT"], "token": "f4a2c7c37bc84ff9a75461b41e5c405b", "scene": "scene-0260"}, {"images": ["samples/CAM_FRONT_LEFT/n008-2018-08-06-15-06-32-0400__CAM_FRONT_LEFT__1533583046654799.jpg", "samples/CAM_FRONT/n008-2018-08-06-15-06-32-0400__CAM_FRONT__1533583046662404.jpg", "samples/CAM_FRONT_RIGHT/n008-2018-08-06-15-06-32-0400__CAM_FRONT_RIGHT__1533583046670482.jpg", "samples/CAM_BACK_LEFT/n008-2018-08-06-15-06-32-0400__CAM_BACK_LEFT__1533583046697405.jpg", "samples/CAM_BACK/n008-2018-08-06-15-06-32-0400__CAM_BACK__1533583046687558.jpg", "samples/CAM_BACK_RIGHT/n008-2018-08-06-15-06-32-0400__CAM_BACK_RIGHT__1533583046678113.jpg"], "intrinsics": [[[1257.8625342125129, 0.0, 827.2410631095686], [0.0, 1257.8625342125129, 450.915498205774], [0.0, 0.0, 1.0]], [[1252.8131021185304, 0.0, 826.588114781398], [0.0, 1252.8131021185304, 469.9846626224581], [0.0, 0.0, 1.0]], [[1256.7485116440405, 0.0, 817.7887570959712], [0.0, 1256.7485116440403, 451.9541780095127], [0.0, 0.0, 1.0]], [[1254.9860565800168, 0.0, 829.5769333630991], [0.0, 1254.9860565800168, 467.1680561863987], [0.0, 0.0, 1.0]], [[796.8910634503094, 0.0, 857.7774326863696], [0.0, 796.8910634503094, 476.8848988407415], [0.0, 0.0, 1.0]], [[1249.9629280788233, 0.0, 825.3768045375984], [0.0, 1249.9629280788233, 462.54816385708756], [0.0, 0.0, 1.0]]], "extrinsics": [[[0.8225377798080444, -0.5686642527580261, -0.007253190968185663, -1.0050048828125], [0.012090877629816532, 0.030236730352044106, -0.9994695782661438, 1.4882926940917969], [0.5685819387435913, 0.822013795375824, 0.031746502965688705, -1.33349609375], [0.0, 0.0, 0.0, 1.0]], [[0.010298626497387886, -0.999609649181366, -0.025969302281737328, 0.0052490234375], [0.014047454111278057, 0.026112746447324753, -0.9995602965354919, 1.48016357421875], [0.9998482465744019, 0.009929310530424118, 0.014310898259282112, -1.734771728515625], [0.0, 0.0, 0.0, 1.0]], [[-0.8438907861709595, -0.5357857346534729, -0.02796504646539688, 1.090576171875], [0.02206987887620926, 0.01741260476410389, -0.9996047616004944, 1.493072509765625], [0.5360609292984009, -0.8441744446754456, -0.0028696113731712103, -1.2777099609375], [0.0, 0.0, 0.0, 1.0]], [[0.9478804469108582, 0.31854385137557983, 0.007236796896904707, -1.1439361572265625], [-0.00332195614464581, 0.032591208815574646, -0.9994632601737976, 1.562042236328125], [-0.31860873103141785, 0.9473476409912109, 0.03195076063275337, -0.1561279296875], [0.0, 0.0, 0.0, 1.0]], [[0.00916637945920229, 0.9996442794799805, 0.02504766546189785, -0.02880859375], [-0.0011856865603476763, 0.025059564039111137, -0.9996852278709412, 1.5680618286132812], [-0.9999573230743408, 0.009133746847510338, 0.0014149683993309736, 0.0443115234375], [0.0, 0.0, 0.0, 1.0]], [[-0.9237028360366821, 0.38310495018959045, -0.0018841993296518922, 1.16064453125], [0.0030126168858259916, 0.0023455112241208553, -0.9999927282333374, 1.5478112697601318], [-0.38309770822525024, -0.923701822757721, -0.0033207035157829523, -0.0438232421875], [0.0, 0.0, 0.0, 1.0]]], "view": [[0.0, -2.0, 100.0], [-2.0, 0.0, 100.0], [0.0, 0.0, 1.0]], "bev": "bev_81c6af1da4fd4f8ab22c3dc46637ac72.png", "aux": "aux_81c6af1da4fd4f8ab22c3dc46637ac72.npz", "visibility": "visibility_81c6af1da4fd4f8ab22c3dc46637ac72.png", "pose": [[0.7629240155220032, 0.6464881300926208, 0.0, 760.0953979492188], [-0.6464881300926208, 0.7629240155220032, 0.0, 1514.828857421875], [0.0, 0.0, 1.0, 0.0], [0.0, 0.0, 0.0, 1.0]], "pose_inverse": [[0.7629240155220032, -0.6464881300926208, 0.0, 399.4238586425781], [0.6464881300926208, 0.7629240155220032, 0.0, -1647.092041015625], [0.0, 0.0, 1.0, 0.0], [0.0, 0.0, 0.0, 1.0]], "cam_ids": [0, 1, 2, 3, 4, 5], "cam_channels": ["CAM_FRONT_LEFT", "CAM_FRONT", "CAM_FRONT_RIGHT", "CAM_BACK_LEFT", "CAM_BACK", "CAM_BACK_RIGHT"], "token": "81c6af1da4fd4f8ab22c3dc46637ac72", "scene": "scene-0260"}, {"images": ["samples/CAM_FRONT_LEFT/n008-2018-08-06-15-06-32-0400__CAM_FRONT_LEFT__1533583047154799.jpg", "samples/CAM_FRONT/n008-2018-08-06-15-06-32-0400__CAM_FRONT__1533583047162404.jpg", "samples/CAM_FRONT_RIGHT/n008-2018-08-06-15-06-32-0400__CAM_FRONT_RIGHT__1533583047170482.jpg", "samples/CAM_BACK_LEFT/n008-2018-08-06-15-06-32-0400__CAM_BACK_LEFT__1533583047197405.jpg", "samples/CAM_BACK/n008-2018-08-06-15-06-32-0400__CAM_BACK__1533583047187558.jpg", "samples/CAM_BACK_RIGHT/n008-2018-08-06-15-06-32-0400__CAM_BACK_RIGHT__1533583047178113.jpg"], "intrinsics": [[[1257.8625342125129, 0.0, 827.2410631095686], [0.0, 1257.8625342125129, 450.915498205774], [0.0, 0.0, 1.0]], [[1252.8131021185304, 0.0, 826.588114781398], [0.0, 1252.8131021185304, 469.9846626224581], [0.0, 0.0, 1.0]], [[1256.7485116440405, 0.0, 817.7887570959712], [0.0, 1256.7485116440403, 451.9541780095127], [0.0, 0.0, 1.0]], [[1254.9860565800168, 0.0, 829.5769333630991], [0.0, 1254.9860565800168, 467.1680561863987], [0.0, 0.0, 1.0]], [[796.8910634503094, 0.0, 857.7774326863696], [0.0, 796.8910634503094, 476.8848988407415], [0.0, 0.0, 1.0]], [[1249.9629280788233, 0.0, 825.3768045375984], [0.0, 1249.9629280788233, 462.54816385708756], [0.0, 0.0, 1.0]]], "extrinsics": [[[0.822558581829071, -0.5686332583427429, -0.007331667002290487, -1.0050048828125], [0.012010974809527397, 0.030261175706982613, -0.9994698166847229, 1.4882926940917969], [0.568553626537323, 0.8220344185829163, 0.03172142431139946, -1.333251953125], [0.0, 0.0, 0.0, 1.0]], [[0.010331615805625916, -0.9996082186698914, -0.026012301445007324, 0.00537109375], [0.01396220363676548, 0.026155363768339157, -0.9995604157447815, 1.48016357421875], [0.9998490810394287, 0.00996391475200653, 0.014226960949599743, -1.734649658203125], [0.0, 0.0, 0.0, 1.0]], [[-0.8438785076141357, -0.5358072519302368, -0.027923034504055977, 1.09051513671875], [0.021988028660416603, 0.017462993040680885, -0.9996057152748108, 1.493072509765625], [0.5360836386680603, -0.8441597819328308, -0.0029552991036325693, -1.277587890625], [0.0, 0.0, 0.0, 1.0]], [[0.9478805065155029, 0.3185451924800873, 0.007178515195846558, -1.14398193359375], [-0.0034002859611064196, 0.032641246914863586, -0.9994613528251648, 1.5620384216308594], [-0.31860801577568054, 0.947345495223999, 0.032023150473833084, -0.1561279296875], [0.0, 0.0, 0.0, 1.0]], [[0.009157807566225529, 0.9996429681777954, 0.02510247193276882, -0.02880859375], [-0.0012642323272302747, 0.025115080177783966, -0.9996837377548218, 1.5680618286132812], [-0.999957263469696, 0.009123272262513638, 0.0014937800588086247, 0.04443359375], [0.0, 0.0, 0.0, 1.0]], [[-0.9237104654312134, 0.3830871284008026, -0.0017944388091564178, 1.16070556640625], [0.002938944846391678, 0.002402346348389983, -0.9999927878379822, 1.547811508178711], [-0.38307997584342957, -0.9237090945243835, -0.0033449444454163313, -0.0438232421875], [0.0, 0.0, 0.0, 1.0]]], "view": [[0.0, -2.0, 100.0], [-2.0, 0.0, 100.0], [0.0, 0.0, 1.0]], "bev": "bev_507b20e2538a4304aee0225dcf75e6fe.png", "aux": "aux_507b20e2538a4304aee0225dcf75e6fe.npz", "visibility": "visibility_507b20e2538a4304aee0225dcf75e6fe.png", "pose": [[0.7629318833351135, 0.6464788913726807, 0.0, 760.0953979492188], [-0.6464788913726807, 0.7629318833351135, 0.0, 1514.828857421875], [0.0, 0.0, 1.0, 0.0], [0.0, 0.0, 0.0, 1.0]], "pose_inverse": [[0.7629318833351135, -0.6464788913726807, 0.0, 399.4039001464844], [0.6464788913726807, 0.7629318833351135, 0.0, -1647.0968017578125], [0.0, 0.0, 1.0, 0.0], [0.0, 0.0, 0.0, 1.0]], "cam_ids": [0, 1, 2, 3, 4, 5], "cam_channels": ["CAM_FRONT_LEFT", "CAM_FRONT", "CAM_FRONT_RIGHT", "CAM_BACK_LEFT", "CAM_BACK", "CAM_BACK_RIGHT"], "token": "507b20e2538a4304aee0225dcf75e6fe", "scene": "scene-0260"}, {"images": ["samples/CAM_FRONT_LEFT/n008-2018-08-06-15-06-32-0400__CAM_FRONT_LEFT__1533583047654799.jpg", "samples/CAM_FRONT/n008-2018-08-06-15-06-32-0400__CAM_FRONT__1533583047662404.jpg", "samples/CAM_FRONT_RIGHT/n008-2018-08-06-15-06-32-0400__CAM_FRONT_RIGHT__1533583047670482.jpg", "samples/CAM_BACK_LEFT/n008-2018-08-06-15-06-32-0400__CAM_BACK_LEFT__1533583047697405.jpg", "samples/CAM_BACK/n008-2018-08-06-15-06-32-0400__CAM_BACK__1533583047687558.jpg", "samples/CAM_BACK_RIGHT/n008-2018-08-06-15-06-32-0400__CAM_BACK_RIGHT__1533583047678113.jpg"], "intrinsics": [[[1257.8625342125129, 0.0, 827.2410631095686], [0.0, 1257.8625342125129, 450.915498205774], [0.0, 0.0, 1.0]], [[1252.8131021185304, 0.0, 826.588114781398], [0.0, 1252.8131021185304, 469.9846626224581], [0.0, 0.0, 1.0]], [[1256.7485116440405, 0.0, 817.7887570959712], [0.0, 1256.7485116440403, 451.9541780095127], [0.0, 0.0, 1.0]], [[1254.9860565800168, 0.0, 829.5769333630991], [0.0, 1254.9860565800168, 467.1680561863987], [0.0, 0.0, 1.0]], [[796.8910634503094, 0.0, 857.7774326863696], [0.0, 796.8910634503094, 476.8848988407415], [0.0, 0.0, 1.0]], [[1249.9629280788233, 0.0, 825.3768045375984], [0.0, 1249.9629280788233, 462.54816385708756], [0.0, 0.0, 1.0]]], "extrinsics": [[[0.8225553035736084, -0.5686371922492981, -0.007387802004814148, -1.0050048828125], [0.012036828324198723, 0.030396904796361923, -0.9994654059410095, 1.4882926940917969], [0.5685577988624573, 0.8220266699790955, 0.031847722828388214, -1.3333740234375], [0.0, 0.0, 0.0, 1.0]], [[0.010327080264687538, -0.9996049404144287, -0.02613678015768528, 0.0054931640625], [0.01400316134095192, 0.026280183345079422, -0.9995565414428711, 1.48016357421875], [0.9998486042022705, 0.00995647069066763, 0.01426902785897255, -1.73468017578125], [0.0, 0.0, 0.0, 1.0]], [[-0.843879759311676, -0.535800039768219, -0.02802225574851036, 1.09063720703125], [0.022028407081961632, 0.017584538087248802, -0.9996026754379272, 1.4930744171142578], [0.5360798835754395, -0.8441618084907532, -0.0030364152044057846, -1.2774658203125], [0.0, 0.0, 0.0, 1.0]], [[0.9478821158409119, 0.3185383677482605, 0.007262512110173702, -1.1439056396484375], [-0.003345406847074628, 0.03274214640259743, -0.9994582533836365, 1.562042236328125], [-0.318603515625, 0.9473443031311035, 0.0321013405919075, -0.1561279296875], [0.0, 0.0, 0.0, 1.0]], [[0.009160404093563557, 0.999640166759491, 0.025212783366441727, -0.02880859375], [-0.0012113521806895733, 0.025224914774298668, -0.9996810555458069, 1.5680618286132812], [-0.9999573230743408, 0.009127037599682808, 0.001441987114958465, 0.04443359375], [0.0, 0.0, 0.0, 1.0]], [[-0.9237090945243835, 0.38309043645858765, -0.0017887610010802746, 1.16064453125], [0.002981552854180336, 0.0025198734365403652, -0.9999923706054688, 1.5478105545043945], [-0.3830829858779907, -0.9237074255943298, -0.0034698336385190487, -0.0438232421875], [0.0, 0.0, 0.0, 1.0]]], "view": [[0.0, -2.0, 100.0], [-2.0, 0.0, 100.0], [0.0, 0.0, 1.0]], "bev": "bev_a2f33d10489f4d30a3c97f86b7900cb7.png", "aux": "aux_a2f33d10489f4d30a3c97f86b7900cb7.npz", "visibility": "visibility_a2f33d10489f4d30a3c97f86b7900cb7.png", "pose": [[0.7629321217536926, 0.6464785933494568, 0.0, 760.0953979492188], [-0.6464785933494568, 0.7629321217536926, 0.0, 1514.828857421875], [0.0, 0.0, 1.0, 0.0], [0.0, 0.0, 0.0, 1.0]], "pose_inverse": [[0.7629321217536926, -0.6464785933494568, 0.0, 399.4031982421875], [0.6464785933494568, 0.7629321217536926, 0.0, -1647.0970458984375], [0.0, 0.0, 1.0, 0.0], [0.0, 0.0, 0.0, 1.0]], "cam_ids": [0, 1, 2, 3, 4, 5], "cam_channels": ["CAM_FRONT_LEFT", "CAM_FRONT", "CAM_FRONT_RIGHT", "CAM_BACK_LEFT", "CAM_BACK", "CAM_BACK_RIGHT"], "token": "a2f33d10489f4d30a3c97f86b7900cb7", "scene": "scene-0260"}, {"images": ["samples/CAM_FRONT_LEFT/n008-2018-08-06-15-06-32-0400__CAM_FRONT_LEFT__1533583048104799.jpg", "samples/CAM_FRONT/n008-2018-08-06-15-06-32-0400__CAM_FRONT__1533583048112404.jpg", "samples/CAM_FRONT_RIGHT/n008-2018-08-06-15-06-32-0400__CAM_FRONT_RIGHT__1533583048120482.jpg", "samples/CAM_BACK_LEFT/n008-2018-08-06-15-06-32-0400__CAM_BACK_LEFT__1533583048147405.jpg", "samples/CAM_BACK/n008-2018-08-06-15-06-32-0400__CAM_BACK__1533583048137558.jpg", "samples/CAM_BACK_RIGHT/n008-2018-08-06-15-06-32-0400__CAM_BACK_RIGHT__1533583048128113.jpg"], "intrinsics": [[[1257.8625342125129, 0.0, 827.2410631095686], [0.0, 1257.8625342125129, 450.915498205774], [0.0, 0.0, 1.0]], [[1252.8131021185304, 0.0, 826.588114781398], [0.0, 1252.8131021185304, 469.9846626224581], [0.0, 0.0, 1.0]], [[1256.7485116440405, 0.0, 817.7887570959712], [0.0, 1256.7485116440403, 451.9541780095127], [0.0, 0.0, 1.0]], [[1254.9860565800168, 0.0, 829.5769333630991], [0.0, 1254.9860565800168, 467.1680561863987], [0.0, 0.0, 1.0]], [[796.8910634503094, 0.0, 857.7774326863696], [0.0, 796.8910634503094, 476.8848988407415], [0.0, 0.0, 1.0]], [[1249.9629280788233, 0.0, 825.3768045375984], [0.0, 1249.9629280788233, 462.54816385708756], [0.0, 0.0, 1.0]]], "extrinsics": [[[0.8225512504577637, -0.5686439275741577, -0.007325295824557543, -1.005126953125], [0.012073260731995106, 0.030339315533638, -0.9994667172431946, 1.4883003234863281], [0.568562924861908, 0.8220241665840149, 0.03182102367281914, -1.333251953125], [0.0, 0.0, 0.0, 1.0]], [[0.010319847613573074, -0.9996066093444824, -0.026079488918185234, 0.00537109375], [0.014023537747561932, 0.026222992688417435, -0.9995577931404114, 1.48016357421875], [0.9998484253883362, 0.009949586354196072, 0.014288639649748802, -1.734771728515625], [0.0, 0.0, 0.0, 1.0]], [[-0.8438830971717834, -0.5357959270477295, -0.028001725673675537, 1.09051513671875], [0.022039879113435745, 0.01752820611000061, -0.9996033906936646, 1.493072509765625], [0.5360742211341858, -0.8441656231880188, -0.002982880687341094, -1.277587890625], [0.0, 0.0, 0.0, 1.0]], [[0.9478803873062134, 0.3185443580150604, 0.0072318753227591515, -1.14385986328125], [-0.003364862874150276, 0.032703302800655365, -0.999459445476532, 1.562042236328125], [-0.31860867142677307, 0.947343647480011, 0.03207067772746086, -0.1561279296875], [0.0, 0.0, 0.0, 1.0]], [[0.009161450900137424, 0.9996414184570312, 0.025165405124425888, -0.0286865234375], [-0.0012369300238788128, 0.025177769362926483, -0.9996821880340576, 1.5680618286132812], [-0.9999573826789856, 0.009127375669777393, 0.0014671512180939317, 0.044342041015625], [0.0, 0.0, 0.0, 1.0]], [[-0.9237072467803955, 0.3830949366092682, -0.0017987157916650176, 1.16070556640625], [0.002970196772366762, 0.0024664646480232477, -0.9999925494194031, 1.5478100776672363], [-0.38308754563331604, -0.9237056374549866, -0.003416157327592373, -0.043701171875], [0.0, 0.0, 0.0, 1.0]]], "view": [[0.0, -2.0, 100.0], [-2.0, 0.0, 100.0], [0.0, 0.0, 1.0]], "bev": "bev_ab39d332e2fb40d9841180a05d8df288.png", "aux": "aux_ab39d332e2fb40d9841180a05d8df288.npz", "visibility": "visibility_ab39d332e2fb40d9841180a05d8df288.png", "pose": [[0.7629460692405701, 0.6464621424674988, 0.0, 760.0953979492188], [-0.6464621424674988, 0.7629460692405701, 0.0, 1514.828857421875], [0.0, 0.0, 1.0, 0.0], [0.0, 0.0, 0.0, 1.0]], "pose_inverse": [[0.7629460692405701, -0.6464621424674988, 0.0, 399.36773681640625], [0.6464621424674988, 0.7629460692405701, 0.0, -1647.1055908203125], [0.0, 0.0, 1.0, 0.0], [0.0, 0.0, 0.0, 1.0]], "cam_ids": [0, 1, 2, 3, 4, 5], "cam_channels": ["CAM_FRONT_LEFT", "CAM_FRONT", "CAM_FRONT_RIGHT", "CAM_BACK_LEFT", "CAM_BACK", "CAM_BACK_RIGHT"], "token": "ab39d332e2fb40d9841180a05d8df288", "scene": "scene-0260"}, {"images": ["samples/CAM_FRONT_LEFT/n008-2018-08-06-15-06-32-0400__CAM_FRONT_LEFT__1533583048654799.jpg", "samples/CAM_FRONT/n008-2018-08-06-15-06-32-0400__CAM_FRONT__1533583048662404.jpg", "samples/CAM_FRONT_RIGHT/n008-2018-08-06-15-06-32-0400__CAM_FRONT_RIGHT__1533583048670486.jpg", "samples/CAM_BACK_LEFT/n008-2018-08-06-15-06-32-0400__CAM_BACK_LEFT__1533583048697405.jpg", "samples/CAM_BACK/n008-2018-08-06-15-06-32-0400__CAM_BACK__1533583048687558.jpg", "samples/CAM_BACK_RIGHT/n008-2018-08-06-15-06-32-0400__CAM_BACK_RIGHT__1533583048678113.jpg"], "intrinsics": [[[1257.8625342125129, 0.0, 827.2410631095686], [0.0, 1257.8625342125129, 450.915498205774], [0.0, 0.0, 1.0]], [[1252.8131021185304, 0.0, 826.588114781398], [0.0, 1252.8131021185304, 469.9846626224581], [0.0, 0.0, 1.0]], [[1256.7485116440405, 0.0, 817.7887570959712], [0.0, 1256.7485116440403, 451.9541780095127], [0.0, 0.0, 1.0]], [[1254.9860565800168, 0.0, 829.5769333630991], [0.0, 1254.9860565800168, 467.1680561863987], [0.0, 0.0, 1.0]], [[796.8910634503094, 0.0, 857.7774326863696], [0.0, 796.8910634503094, 476.8848988407415], [0.0, 0.0, 1.0]], [[1249.9629280788233, 0.0, 825.3768045375984], [0.0, 1249.9629280788233, 462.54816385708756], [0.0, 0.0, 1.0]]], "extrinsics": [[[0.8225428462028503, -0.5686562061309814, -0.007305004168301821, -1.0048828125], [0.012146242894232273, 0.0304083414375782, -0.9994637370109558, 1.4882926940917969], [0.5685734748840332, 0.8220131397247314, 0.0319191999733448, -1.3333740234375], [0.0, 0.0, 0.0, 1.0]], [[0.010308999568223953, -0.9996049404144287, -0.026148607954382896, 0.00537109375], [0.014101252891123295, 0.026292726397514343, -0.9995548725128174, 1.48016357421875], [0.999847412109375, 0.009935612790286541, 0.014366731978952885, -1.734771728515625], [0.0, 0.0, 0.0, 1.0]], [[-0.8438856601715088, -0.535785973072052, -0.028114980086684227, 1.09063720703125], [0.022124167531728745, 0.017606792971491814, -0.9996001720428467, 1.493072509765625], [0.5360668301582336, -0.8441702723503113, -0.0030043015722185373, -1.277587890625], [0.0, 0.0, 0.0, 1.0]], [[0.9478815793991089, 0.31853827834129333, 0.0073513067327439785, -1.1438446044921875], [-0.0032630744390189648, 0.03277573734521866, -0.9994573593139648, 1.562042236328125], [-0.31860634684562683, 0.9473432302474976, 0.032106928527355194, -0.1561279296875], [0.0, 0.0, 0.0, 1.0]], [[0.00916433334350586, 0.9996393322944641, 0.02524382248520851, -0.02880859375], [-0.001141153508797288, 0.025255320593714714, -0.9996803402900696, 1.5680618286132812], [-0.9999573826789856, 0.009132645092904568, 0.001372191240079701, 0.044342041015625], [0.0, 0.0, 0.0, 1.0]], [[-0.9237045645713806, 0.3831009864807129, -0.0018570522079244256, 1.16064453125], [0.003066122531890869, 0.0025454210117459297, -0.9999920725822449, 1.5478136539459229], [-0.3830932378768921, -0.9237030148506165, -0.0035258519928902388, -0.0439453125], [0.0, 0.0, 0.0, 1.0]]], "view": [[0.0, -2.0, 100.0], [-2.0, 0.0, 100.0], [0.0, 0.0, 1.0]], "bev": "bev_d549c760c7af4136be59f9131bad636e.png", "aux": "aux_d549c760c7af4136be59f9131bad636e.npz", "visibility": "visibility_d549c760c7af4136be59f9131bad636e.png", "pose": [[0.7628829479217529, 0.646536648273468, 0.0, 760.0953369140625], [-0.646536648273468, 0.7628829479217529, 0.0, 1514.828857421875], [0.0, 0.0, 1.0, 0.0], [0.0, 0.0, 0.0, 1.0]], "pose_inverse": [[0.7628829479217529, -0.646536648273468, 0.0, 399.52862548828125], [0.646536648273468, 0.7628829479217529, 0.0, -1647.0665283203125], [0.0, 0.0, 1.0, 0.0], [0.0, 0.0, 0.0, 1.0]], "cam_ids": [0, 1, 2, 3, 4, 5], "cam_channels": ["CAM_FRONT_LEFT", "CAM_FRONT", "CAM_FRONT_RIGHT", "CAM_BACK_LEFT", "CAM_BACK", "CAM_BACK_RIGHT"], "token": "d549c760c7af4136be59f9131bad636e", "scene": "scene-0260"}, {"images": ["samples/CAM_FRONT_LEFT/n008-2018-08-06-15-06-32-0400__CAM_FRONT_LEFT__1533583049154799.jpg", "samples/CAM_FRONT/n008-2018-08-06-15-06-32-0400__CAM_FRONT__1533583049162404.jpg", "samples/CAM_FRONT_RIGHT/n008-2018-08-06-15-06-32-0400__CAM_FRONT_RIGHT__1533583049170482.jpg", "samples/CAM_BACK_LEFT/n008-2018-08-06-15-06-32-0400__CAM_BACK_LEFT__1533583049197405.jpg", "samples/CAM_BACK/n008-2018-08-06-15-06-32-0400__CAM_BACK__1533583049187558.jpg", "samples/CAM_BACK_RIGHT/n008-2018-08-06-15-06-32-0400__CAM_BACK_RIGHT__1533583049178113.jpg"], "intrinsics": [[[1257.8625342125129, 0.0, 827.2410631095686], [0.0, 1257.8625342125129, 450.915498205774], [0.0, 0.0, 1.0]], [[1252.8131021185304, 0.0, 826.588114781398], [0.0, 1252.8131021185304, 469.9846626224581], [0.0, 0.0, 1.0]], [[1256.7485116440405, 0.0, 817.7887570959712], [0.0, 1256.7485116440403, 451.9541780095127], [0.0, 0.0, 1.0]], [[1254.9860565800168, 0.0, 829.5769333630991], [0.0, 1254.9860565800168, 467.1680561863987], [0.0, 0.0, 1.0]], [[796.8910634503094, 0.0, 857.7774326863696], [0.0, 796.8910634503094, 476.8848988407415], [0.0, 0.0, 1.0]], [[1249.9629280788233, 0.0, 825.3768045375984], [0.0, 1249.9629280788233, 462.54816385708756], [0.0, 0.0, 1.0]]], "extrinsics": [[[0.8225454688072205, -0.5686513781547546, -0.007387752644717693, -1.0048828125], [0.012096588499844074, 0.030482249334454536, -0.9994620680809021, 1.4882965087890625], [0.5685707330703735, 0.8220136761665344, 0.03195177763700485, -1.3333740234375], [0.0, 0.0, 0.0, 1.0]], [[0.010314666666090488, -0.9996030330657959, -0.026216935366392136, 0.00537109375], [0.014036716893315315, 0.026360489428043365, -0.9995539784431458, 1.48016357421875], [0.9998482465744019, 0.009941977448761463, 0.01430304255336523, -1.734771728515625], [0.0, 0.0, 0.0, 1.0]], [[-0.8438845276832581, -0.5357893109321594, -0.028083691373467445, 1.09075927734375], [0.022053275257349014, 0.017660044133663177, -0.9996008276939392, 1.4930744171142578], [0.5360714793205261, -0.8441669940948486, -0.0030871289782226086, -1.2774658203125], [0.0, 0.0, 0.0, 1.0]], [[0.9478791356086731, 0.3185466229915619, 0.007295380812138319, -1.143829345703125], [-0.0033337485510855913, 0.032809656113386154, -0.9994560480117798, 1.5620384216308594], [-0.318612664937973, 0.9473392367362976, 0.032161541283130646, -0.15625], [0.0, 0.0, 0.0, 1.0]], [[0.009160906076431274, 0.9996383786201477, 0.02528156340122223, -0.0289306640625], [-0.001199238933622837, 0.025293588638305664, -0.9996792674064636, 1.5680618286132812], [-0.9999574422836304, 0.009127623401582241, 0.0014305164804682136, 0.04437255859375], [0.0, 0.0, 0.0, 1.0]], [[-0.9237062335014343, 0.38309726119041443, -0.0017749906983226538, 1.1605224609375], [0.002996896393597126, 0.002592748496681452, -0.9999921917915344, 1.5478122234344482], [-0.3830896019935608, -0.9237043261528015, -0.0035430395510047674, -0.0435791015625], [0.0, 0.0, 0.0, 1.0]]], "view": [[0.0, -2.0, 100.0], [-2.0, 0.0, 100.0], [0.0, 0.0, 1.0]], "bev": "bev_5ba3f218d31e4613b8712061ffeb018c.png", "aux": "aux_5ba3f218d31e4613b8712061ffeb018c.npz", "visibility": "visibility_5ba3f218d31e4613b8712061ffeb018c.png", "pose": [[0.7628816962242126, 0.6465381383895874, 0.0, 760.0953369140625], [-0.6465381383895874, 0.7628816962242126, 0.0, 1514.8289794921875], [0.0, 0.0, 1.0, 0.0], [0.0, 0.0, 0.0, 1.0]], "pose_inverse": [[0.7628816962242126, -0.6465381383895874, 0.0, 399.5318908691406], [0.6465381383895874, 0.7628816962242126, 0.0, -1647.06591796875], [0.0, 0.0, 1.0, 0.0], [0.0, 0.0, 0.0, 1.0]], "cam_ids": [0, 1, 2, 3, 4, 5], "cam_channels": ["CAM_FRONT_LEFT", "CAM_FRONT", "CAM_FRONT_RIGHT", "CAM_BACK_LEFT", "CAM_BACK", "CAM_BACK_RIGHT"], "token": "5ba3f218d31e4613b8712061ffeb018c", "scene": "scene-0260"}, {"images": ["samples/CAM_FRONT_LEFT/n008-2018-08-06-15-06-32-0400__CAM_FRONT_LEFT__1533583049604799.jpg", "samples/CAM_FRONT/n008-2018-08-06-15-06-32-0400__CAM_FRONT__1533583049612404.jpg", "samples/CAM_FRONT_RIGHT/n008-2018-08-06-15-06-32-0400__CAM_FRONT_RIGHT__1533583049620482.jpg", "samples/CAM_BACK_LEFT/n008-2018-08-06-15-06-32-0400__CAM_BACK_LEFT__1533583049647405.jpg", "samples/CAM_BACK/n008-2018-08-06-15-06-32-0400__CAM_BACK__1533583049637558.jpg", "samples/CAM_BACK_RIGHT/n008-2018-08-06-15-06-32-0400__CAM_BACK_RIGHT__1533583049628237.jpg"], "intrinsics": [[[1257.8625342125129, 0.0, 827.2410631095686], [0.0, 1257.8625342125129, 450.915498205774], [0.0, 0.0, 1.0]], [[1252.8131021185304, 0.0, 826.588114781398], [0.0, 1252.8131021185304, 469.9846626224581], [0.0, 0.0, 1.0]], [[1256.7485116440405, 0.0, 817.7887570959712], [0.0, 1256.7485116440403, 451.9541780095127], [0.0, 0.0, 1.0]], [[1254.9860565800168, 0.0, 829.5769333630991], [0.0, 1254.9860565800168, 467.1680561863987], [0.0, 0.0, 1.0]], [[796.8910634503094, 0.0, 857.7774326863696], [0.0, 796.8910634503094, 476.8848988407415], [0.0, 0.0, 1.0]], [[1249.9629280788233, 0.0, 825.3768045375984], [0.0, 1249.9629280788233, 462.54816385708756], [0.0, 0.0, 1.0]]], "extrinsics": [[[0.8225539922714233, -0.568638265132904, -0.007447124924510717, -1.0050048828125], [0.012006663717329502, 0.03045743517577648, -0.9994639754295349, 1.4882888793945312], [0.5685602426528931, 0.8220236301422119, 0.03188033774495125, -1.3333740234375], [0.0, 0.0, 0.0, 1.0]], [[0.010326805524528027, -0.999603271484375, -0.026200521737337112, 0.00537109375], [0.013967808336019516, 0.026343563571572304, -0.9995553493499756, 1.48016357421875], [0.9998490810394287, 0.009956290014088154, 0.014234312810003757, -1.734619140625], [0.0, 0.0, 0.0, 1.0]], [[-0.8438783884048462, -0.5358018279075623, -0.028030579909682274, 1.090576171875], [0.02199576608836651, 0.017651451751589775, -0.999602198600769, 1.493072509765625], [0.536083459854126, -0.8441591858863831, -0.0031103063374757767, -1.277587890625], [0.0, 0.0, 0.0, 1.0]], [[0.947879433631897, 0.318546324968338, 0.007250537164509296, -1.1439056396484375], [-0.003382266964763403, 0.03281335532665253, -0.9994558095932007, 1.562042236328125], [-0.3186108469963074, 0.9473391175270081, 0.03218052163720131, -0.1561279296875], [0.0, 0.0, 0.0, 1.0]], [[0.00915717426687479, 0.9996384978294373, 0.025277594104409218, -0.0286865234375], [-0.0012602328788489103, 0.025290170684456825, -0.9996793270111084, 1.5680618286132812], [-0.999957263469696, 0.009122389368712902, 0.0014913640916347504, 0.0443115234375], [0.0, 0.0, 0.0, 1.0]], [[-0.9237108826637268, 0.38308635354042053, -0.001720714382827282, 1.16064453125], [0.002936201635748148, 0.0025881885085254908, -0.999992311000824, 1.5478127002716064], [-0.3830789625644684, -0.9237089157104492, -0.003515556687489152, -0.0438232421875], [0.0, 0.0, 0.0, 1.0]]], "view": [[0.0, -2.0, 100.0], [-2.0, 0.0, 100.0], [0.0, 0.0, 1.0]], "bev": "bev_cbd8e61baa4f405f9339166495ee3de6.png", "aux": "aux_cbd8e61baa4f405f9339166495ee3de6.npz", "visibility": "visibility_cbd8e61baa4f405f9339166495ee3de6.png", "pose": [[0.7628964781761169, 0.6465206146240234, 0.0, 760.0953369140625], [-0.6465206146240234, 0.7628964781761169, 0.0, 1514.828857421875], [0.0, 0.0, 1.0, 0.0], [0.0, 0.0, 0.0, 1.0]], "pose_inverse": [[0.7628964781761169, -0.6465206146240234, 0.0, 399.4940185546875], [0.6465206146240234, 0.7628964781761169, 0.0, -1647.074951171875], [0.0, 0.0, 1.0, 0.0], [0.0, 0.0, 0.0, 1.0]], "cam_ids": [0, 1, 2, 3, 4, 5], "cam_channels": ["CAM_FRONT_LEFT", "CAM_FRONT", "CAM_FRONT_RIGHT", "CAM_BACK_LEFT", "CAM_BACK", "CAM_BACK_RIGHT"], "token": "cbd8e61baa4f405f9339166495ee3de6", "scene": "scene-0260"}, {"images": ["samples/CAM_FRONT_LEFT/n008-2018-08-06-15-06-32-0400__CAM_FRONT_LEFT__1533583050104799.jpg", "samples/CAM_FRONT/n008-2018-08-06-15-06-32-0400__CAM_FRONT__1533583050112404.jpg", "samples/CAM_FRONT_RIGHT/n008-2018-08-06-15-06-32-0400__CAM_FRONT_RIGHT__1533583050120482.jpg", "samples/CAM_BACK_LEFT/n008-2018-08-06-15-06-32-0400__CAM_BACK_LEFT__1533583050147405.jpg", "samples/CAM_BACK/n008-2018-08-06-15-06-32-0400__CAM_BACK__1533583050137558.jpg", "samples/CAM_BACK_RIGHT/n008-2018-08-06-15-06-32-0400__CAM_BACK_RIGHT__1533583050128113.jpg"], "intrinsics": [[[1257.8625342125129, 0.0, 827.2410631095686], [0.0, 1257.8625342125129, 450.915498205774], [0.0, 0.0, 1.0]], [[1252.8131021185304, 0.0, 826.588114781398], [0.0, 1252.8131021185304, 469.9846626224581], [0.0, 0.0, 1.0]], [[1256.7485116440405, 0.0, 817.7887570959712], [0.0, 1256.7485116440403, 451.9541780095127], [0.0, 0.0, 1.0]], [[1254.9860565800168, 0.0, 829.5769333630991], [0.0, 1254.9860565800168, 467.1680561863987], [0.0, 0.0, 1.0]], [[796.8910634503094, 0.0, 857.7774326863696], [0.0, 796.8910634503094, 476.8848988407415], [0.0, 0.0, 1.0]], [[1249.9629280788233, 0.0, 825.3768045375984], [0.0, 1249.9629280788233, 462.54816385708756], [0.0, 0.0, 1.0]]], "extrinsics": [[[0.8225477933883667, -0.5686478018760681, -0.007395205087959766, -1.0050048828125], [0.01208180096000433, 0.030474206432700157, -0.9994625449180603, 1.4882926940917969], [0.5685675144195557, 0.8220164179801941, 0.03193678334355354, -1.3333740234375], [0.0, 0.0, 0.0, 1.0]], [[0.010317071340978146, -0.9996030926704407, -0.026213720440864563, 0.00537109375], [0.014044276438653469, 0.026357382535934448, -0.999553918838501, 1.4801673889160156], [0.9998481273651123, 0.009944243356585503, 0.014310633763670921, -1.734832763671875], [0.0, 0.0, 0.0, 1.0]], [[-0.8438824415206909, -0.5357916951179504, -0.028102250769734383, 1.090576171875], [0.022074153646826744, 0.017661768943071365, -0.9996002912521362, 1.493072509765625], [0.5360737442970276, -0.8441655039787292, -0.003077310975641012, -1.277587890625], [0.0, 0.0, 0.0, 1.0]], [[0.9478803873062134, 0.3185420036315918, 0.00733099365606904, -1.1439666748046875], [-0.003297556657344103, 0.03281417116522789, -0.999455988407135, 1.562042236328125], [-0.3186092972755432, 0.9473405480384827, 0.03215432167053223, -0.15625], [0.0, 0.0, 0.0, 1.0]], [[0.009160652756690979, 0.9996380805969238, 0.025295009836554527, -0.0286865234375], [-0.001180868479423225, 0.02530686929821968, -0.9996789693832397, 1.5680656433105469], [-0.9999573826789856, 0.009127822704613209, 0.0014122665161266923, 0.044403076171875], [0.0, 0.0, 0.0, 1.0]], [[-0.9237070679664612, 0.38309526443481445, -0.0017917925724759698, 1.1607666015625], [0.003017294919118285, 0.0025980959180742502, -0.9999920129776001, 1.5478124618530273], [-0.3830876052379608, -0.9237051606178284, -0.0035557912196964025, -0.043701171875], [0.0, 0.0, 0.0, 1.0]]], "view": [[0.0, -2.0, 100.0], [-2.0, 0.0, 100.0], [0.0, 0.0, 1.0]], "bev": "bev_e20ff2bc0991438a964d363898f1c3b4.png", "aux": "aux_e20ff2bc0991438a964d363898f1c3b4.npz", "visibility": "visibility_e20ff2bc0991438a964d363898f1c3b4.png", "pose": [[0.7629064917564392, 0.6465088129043579, 0.0, 760.0953979492188], [-0.6465088129043579, 0.7629064917564392, 0.0, 1514.828857421875], [0.0, 0.0, 1.0, 0.0], [0.0, 0.0, 0.0, 1.0]], "pose_inverse": [[0.7629064917564392, -0.6465088129043579, 0.0, 399.4684753417969], [0.6465088129043579, 0.7629064917564392, 0.0, -1647.0811767578125], [0.0, 0.0, 1.0, 0.0], [0.0, 0.0, 0.0, 1.0]], "cam_ids": [0, 1, 2, 3, 4, 5], "cam_channels": ["CAM_FRONT_LEFT", "CAM_FRONT", "CAM_FRONT_RIGHT", "CAM_BACK_LEFT", "CAM_BACK", "CAM_BACK_RIGHT"], "token": "e20ff2bc0991438a964d363898f1c3b4", "scene": "scene-0260"}, {"images": ["samples/CAM_FRONT_LEFT/n008-2018-08-06-15-06-32-0400__CAM_FRONT_LEFT__1533583050604799.jpg", "samples/CAM_FRONT/n008-2018-08-06-15-06-32-0400__CAM_FRONT__1533583050612404.jpg", "samples/CAM_FRONT_RIGHT/n008-2018-08-06-15-06-32-0400__CAM_FRONT_RIGHT__1533583050620482.jpg", "samples/CAM_BACK_LEFT/n008-2018-08-06-15-06-32-0400__CAM_BACK_LEFT__1533583050647405.jpg", "samples/CAM_BACK/n008-2018-08-06-15-06-32-0400__CAM_BACK__1533583050637558.jpg", "samples/CAM_BACK_RIGHT/n008-2018-08-06-15-06-32-0400__CAM_BACK_RIGHT__1533583050628113.jpg"], "intrinsics": [[[1257.8625342125129, 0.0, 827.2410631095686], [0.0, 1257.8625342125129, 450.915498205774], [0.0, 0.0, 1.0]], [[1252.8131021185304, 0.0, 826.588114781398], [0.0, 1252.8131021185304, 469.9846626224581], [0.0, 0.0, 1.0]], [[1256.7485116440405, 0.0, 817.7887570959712], [0.0, 1256.7485116440403, 451.9541780095127], [0.0, 0.0, 1.0]], [[1254.9860565800168, 0.0, 829.5769333630991], [0.0, 1254.9860565800168, 467.1680561863987], [0.0, 0.0, 1.0]], [[796.8910634503094, 0.0, 857.7774326863696], [0.0, 796.8910634503094, 476.8848988407415], [0.0, 0.0, 1.0]], [[1249.9629280788233, 0.0, 825.3768045375984], [0.0, 1249.9629280788233, 462.54816385708756], [0.0, 0.0, 1.0]]], "extrinsics": [[[0.8225402235984802, -0.568658709526062, -0.007415525149554014, -1.005126953125], [0.011977647431194782, 0.030358582735061646, -0.9994673132896423, 1.4882965087890625], [0.5685809254646301, 0.822013258934021, 0.031782347708940506, -1.33349609375], [0.0, 0.0, 0.0, 1.0]], [[0.010303430259227753, -0.9996060132980347, -0.02610825188457966, 0.00537109375], [0.013936509378254414, 0.026250654831528664, -0.9995582699775696, 1.48016357421875], [0.9998497366905212, 0.009935040026903152, 0.014201493002474308, -1.73468017578125], [0.0, 0.0, 0.0, 1.0]], [[-0.8438906669616699, -0.535786509513855, -0.027955511584877968, 1.090576171875], [0.021961970254778862, 0.017564745619893074, -0.9996045231819153, 1.493072509765625], [0.5360655188560486, -0.8441708087921143, -0.003055797889828682, -1.277587890625], [0.0, 0.0, 0.0, 1.0]], [[0.9478817582130432, 0.31854087114334106, 0.007208690047264099, -1.14385986328125], [-0.0034013683907687664, 0.03273953124880791, -0.9994581341743469, 1.562042236328125], [-0.3186042606830597, 0.9473435282707214, 0.03211667761206627, -0.15625], [0.0, 0.0, 0.0, 1.0]], [[0.009166632778942585, 0.9996402859687805, 0.025206400081515312, -0.02880859375], [-0.0012881448492407799, 0.02521924301981926, -0.9996810555458069, 1.5680618286132812], [-0.999957263469696, 0.009131227619946003, 0.0015188556862995028, 0.0443115234375], [0.0, 0.0, 0.0, 1.0]], [[-0.9237046241760254, 0.3831014633178711, -0.00171849993057549, 1.16064453125], [0.002900573890656233, 0.002507915487512946, -0.9999926090240479, 1.5478127002716064], [-0.38309431076049805, -0.9237028956413269, -0.0034277867525815964, -0.043701171875], [0.0, 0.0, 0.0, 1.0]]], "view": [[0.0, -2.0, 100.0], [-2.0, 0.0, 100.0], [0.0, 0.0, 1.0]], "bev": "bev_639a8aa20c364f8085f04496296ecdfd.png", "aux": "aux_639a8aa20c364f8085f04496296ecdfd.npz", "visibility": "visibility_639a8aa20c364f8085f04496296ecdfd.png", "pose": [[0.7629101872444153, 0.6465045213699341, 0.0, 760.0953369140625], [-0.6465045213699341, 0.7629101872444153, 0.0, 1514.828857421875], [0.0, 0.0, 1.0, 0.0], [0.0, 0.0, 0.0, 1.0]], "pose_inverse": [[0.7629101872444153, -0.6465045213699341, 0.0, 399.4591979980469], [0.6465045213699341, 0.7629101872444153, 0.0, -1647.0833740234375], [0.0, 0.0, 1.0, 0.0], [0.0, 0.0, 0.0, 1.0]], "cam_ids": [0, 1, 2, 3, 4, 5], "cam_channels": ["CAM_FRONT_LEFT", "CAM_FRONT", "CAM_FRONT_RIGHT", "CAM_BACK_LEFT", "CAM_BACK", "CAM_BACK_RIGHT"], "token": "639a8aa20c364f8085f04496296ecdfd", "scene": "scene-0260"}, {"images": ["samples/CAM_FRONT_LEFT/n008-2018-08-06-15-06-32-0400__CAM_FRONT_LEFT__1533583051104799.jpg", "samples/CAM_FRONT/n008-2018-08-06-15-06-32-0400__CAM_FRONT__1533583051112404.jpg", "samples/CAM_FRONT_RIGHT/n008-2018-08-06-15-06-32-0400__CAM_FRONT_RIGHT__1533583051120482.jpg", "samples/CAM_BACK_LEFT/n008-2018-08-06-15-06-32-0400__CAM_BACK_LEFT__1533583051147405.jpg", "samples/CAM_BACK/n008-2018-08-06-15-06-32-0400__CAM_BACK__1533583051137558.jpg", "samples/CAM_BACK_RIGHT/n008-2018-08-06-15-06-32-0400__CAM_BACK_RIGHT__1533583051128113.jpg"], "intrinsics": [[[1257.8625342125129, 0.0, 827.2410631095686], [0.0, 1257.8625342125129, 450.915498205774], [0.0, 0.0, 1.0]], [[1252.8131021185304, 0.0, 826.588114781398], [0.0, 1252.8131021185304, 469.9846626224581], [0.0, 0.0, 1.0]], [[1256.7485116440405, 0.0, 817.7887570959712], [0.0, 1256.7485116440403, 451.9541780095127], [0.0, 0.0, 1.0]], [[1254.9860565800168, 0.0, 829.5769333630991], [0.0, 1254.9860565800168, 467.1680561863987], [0.0, 0.0, 1.0]], [[796.8910634503094, 0.0, 857.7774326863696], [0.0, 796.8910634503094, 476.8848988407415], [0.0, 0.0, 1.0]], [[1249.9629280788233, 0.0, 825.3768045375984], [0.0, 1249.9629280788233, 462.54816385708756], [0.0, 0.0, 1.0]]], "extrinsics": [[[0.8225516676902771, -0.568641722202301, -0.0074395653791725636, -1.0050048828125], [0.01191077008843422, 0.030305277556180954, -0.9994696974754333, 1.4882926940917969], [0.5685656070709229, 0.8220269680023193, 0.03170061483979225, -1.333251953125], [0.0, 0.0, 0.0, 1.0]], [[0.010319559834897518, -0.9996073842048645, -0.026047900319099426, 0.0054931640625], [0.013863680884242058, 0.026189807802438736, -0.9995608329772949, 1.48016357421875], [0.9998506903648376, 0.009953898377716541, 0.014128504320979118, -1.734710693359375], [0.0, 0.0, 0.0, 1.0]], [[-0.8438850045204163, -0.5358007550239563, -0.027851896360516548, 1.0906982421875], [0.021882852539420128, 0.017495963722467422, -0.9996074438095093, 1.4930744171142578], [0.5360776782035828, -0.844163179397583, -0.0030397330410778522, -1.2777099609375], [0.0, 0.0, 0.0, 1.0]], [[0.9478812217712402, 0.31854477524757385, 0.007098098751157522, -1.1439056396484375], [-0.0034880812745541334, 0.03265021741390228, -0.999460756778717, 1.5620460510253906], [-0.31860479712486267, 0.9473453760147095, 0.03205963969230652, -0.1561279296875], [0.0, 0.0, 0.0, 1.0]], [[0.009162425063550472, 0.9996424913406372, 0.025118377059698105, -0.0289306640625], [-0.001371906022541225, 0.02513197250664234, -0.999683141708374, 1.5680618286132812], [-0.9999570846557617, 0.0091250315