[{"images": ["samples/CAM_FRONT_LEFT/n008-2018-08-30-15-31-50-0400__CAM_FRONT_LEFT__1535657714004799.jpg", "samples/CAM_FRONT/n008-2018-08-30-15-31-50-0400__CAM_FRONT__1535657714012404.jpg", "samples/CAM_FRONT_RIGHT/n008-2018-08-30-15-31-50-0400__CAM_FRONT_RIGHT__1535657714020482.jpg", "samples/CAM_BACK_LEFT/n008-2018-08-30-15-31-50-0400__CAM_BACK_LEFT__1535657714047405.jpg", "samples/CAM_BACK/n008-2018-08-30-15-31-50-0400__CAM_BACK__1535657714037558.jpg", "samples/CAM_BACK_RIGHT/n008-2018-08-30-15-31-50-0400__CAM_BACK_RIGHT__1535657714028113.jpg"], "intrinsics": [[[1257.8625342125129, 0.0, 827.2410631095686], [0.0, 1257.8625342125129, 450.915498205774], [0.0, 0.0, 1.0]], [[1252.8131021185304, 0.0, 826.588114781398], [0.0, 1252.8131021185304, 469.9846626224581], [0.0, 0.0, 1.0]], [[1256.7485116440405, 0.0, 817.7887570959712], [0.0, 1256.7485116440403, 451.9541780095127], [0.0, 0.0, 1.0]], [[1254.9860565800168, 0.0, 829.5769333630991], [0.0, 1254.9860565800168, 467.1680561863987], [0.0, 0.0, 1.0]], [[796.8910634503094, 0.0, 857.7774326863696], [0.0, 796.8910634503094, 476.8848988407415], [0.0, 0.0, 1.0]], [[1249.9629280788233, 0.0, 825.3768045375984], [0.0, 1249.9629280788233, 462.54816385708756], [0.0, 0.0, 1.0]]], "extrinsics": [[[0.8219260573387146, -0.5679336190223694, -0.04346088692545891, -1.0048828125], [-0.01769462414085865, 0.0508057065308094, -0.9985517859458923, 1.4882965087890625], [0.5693193078041077, 0.8215048313140869, 0.03170916438102722, -1.3333740234375], [0.0, 0.0, 0.0, 1.0]], [[0.009467115625739098, -0.9988570809364319, -0.04684973880648613, 0.00537109375], [-0.015732772648334503, 0.04669725522398949, -0.9987851977348328, 1.48016357421875], [0.9998314380645752, 0.010192734189331532, -0.01527270395308733, -1.734527587890625], [0.0, 0.0, 0.0, 1.0]], [[-0.8443800210952759, -0.5355653762817383, -0.013862970285117626, 1.090576171875], [-0.00770552596077323, 0.03801390156149864, -0.9992474913597107, 1.493072509765625], [0.5356892943382263, -0.8436377644538879, -0.03622499480843544, -1.2774658203125], [0.0, 0.0, 0.0, 1.0]], [[0.9477032423019409, 0.31882718205451965, -0.014416378922760487, -1.14385986328125], [-0.03307303413748741, 0.053180351853370667, -0.9980370402336121, 1.562042236328125], [-0.317434698343277, 0.9463197588920593, 0.06094377487897873, -0.1561279296875], [0.0, 0.0, 0.0, 1.0]], [[0.009982625022530556, 0.9989205002784729, 0.04536700248718262, -0.02880859375], [-0.03095763921737671, 0.045656245201826096, -0.9984773993492126, 1.5680618286132812], [-0.9994707703590393, 0.008562905713915825, 0.03137999027967453, 0.044281005859375], [0.0, 0.0, 0.0, 1.0]], [[-0.9233248233795166, 0.38255396485328674, 0.03352086991071701, 1.1607513427734375], [-0.02677145227789879, 0.022954333573579788, -0.9993780255317688, 1.5478096008300781], [-0.3830853998661041, -0.923647940158844, -0.0109527837485075, -0.043701171875], [0.0, 0.0, 0.0, 1.0]]], "view": [[0.0, -2.0, 100.0], [-2.0, 0.0, 100.0], [0.0, 0.0, 1.0]], "bev": "bev_485c78dbfed04fd5a6aad2a88b116fe9.png", "aux": "aux_485c78dbfed04fd5a6aad2a88b116fe9.npz", "visibility": "visibility_485c78dbfed04fd5a6aad2a88b116fe9.png", "pose": [[0.7547942996025085, 0.6559615135192871, 0.0, 1301.203369140625], [-0.6559615135192871, 0.7547942996025085, 0.0, 896.0731201171875], [0.0, 0.0, 1.0, 0.0], [0.0, 0.0, 0.0, 1.0]], "pose_inverse": [[0.7547942996025085, -0.6559615135192871, 0.0, -394.3514099121094], [0.6559615135192871, 0.7547942996025085, 0.0, -1529.8902587890625], [0.0, 0.0, 1.0, 0.0], [0.0, 0.0, 0.0, 1.0]], "cam_ids": [0, 1, 2, 3, 4, 5], "cam_channels": ["CAM_FRONT_LEFT", "CAM_FRONT", "CAM_FRONT_RIGHT", "CAM_BACK_LEFT", "CAM_BACK", "CAM_BACK_RIGHT"], "token": "485c78dbfed04fd5a6aad2a88b116fe9", "scene": "scene-0778"}, {"images": ["samples/CAM_FRONT_LEFT/n008-2018-08-30-15-31-50-0400__CAM_FRONT_LEFT__1535657714504799.jpg", "samples/CAM_FRONT/n008-2018-08-30-15-31-50-0400__CAM_FRONT__1535657714512404.jpg", "samples/CAM_FRONT_RIGHT/n008-2018-08-30-15-31-50-0400__CAM_FRONT_RIGHT__1535657714520482.jpg", "samples/CAM_BACK_LEFT/n008-2018-08-30-15-31-50-0400__CAM_BACK_LEFT__1535657714547405.jpg", "samples/CAM_BACK/n008-2018-08-30-15-31-50-0400__CAM_BACK__1535657714537558.jpg", "samples/CAM_BACK_RIGHT/n008-2018-08-30-15-31-50-0400__CAM_BACK_RIGHT__1535657714528385.jpg"], "intrinsics": [[[1257.8625342125129, 0.0, 827.2410631095686], [0.0, 1257.8625342125129, 450.915498205774], [0.0, 0.0, 1.0]], [[1252.8131021185304, 0.0, 826.588114781398], [0.0, 1252.8131021185304, 469.9846626224581], [0.0, 0.0, 1.0]], [[1256.7485116440405, 0.0, 817.7887570959712], [0.0, 1256.7485116440403, 451.9541780095127], [0.0, 0.0, 1.0]], [[1254.9860565800168, 0.0, 829.5769333630991], [0.0, 1254.9860565800168, 467.1680561863987], [0.0, 0.0, 1.0]], [[796.8910634503094, 0.0, 857.7774326863696], [0.0, 796.8910634503094, 476.8848988407415], [0.0, 0.0, 1.0]], [[1249.9629280788233, 0.0, 825.3768045375984], [0.0, 1249.9629280788233, 462.54816385708756], [0.0, 0.0, 1.0]]], "extrinsics": [[[0.8219109773635864, -0.5679647922515869, -0.04333909600973129, -1.0050048828125], [-0.017561715096235275, 0.05078187584877014, -0.9985553622245789, 1.4882965087890625], [0.5693451762199402, 0.8214847445487976, 0.031763747334480286, -1.3333740234375], [0.0, 0.0, 0.0, 1.0]], [[0.00943920761346817, -0.9988594055175781, -0.046805839985609055, 0.00537109375], [-0.015616538003087044, 0.04665496572852135, -0.9987890124320984, 1.4801712036132812], [0.9998335242271423, 0.010158706456422806, -0.015158339403569698, -1.7347412109375], [0.0, 0.0, 0.0, 1.0]], [[-0.8443946242332458, -0.5355410575866699, -0.013911793939769268, 1.0906982421875], [-0.0076070972718298435, 0.03795182332396507, -0.999250590801239, 1.493072509765625], [0.5356677174568176, -0.843656063079834, -0.036120228469371796, -1.277587890625], [0.0, 0.0, 0.0, 1.0]], [[0.9477066397666931, 0.31882068514823914, -0.01433292031288147, -1.14385986328125], [-0.032961320132017136, 0.05311064422130585, -0.998044490814209, 1.562042236328125], [-0.31743595004081726, 0.9463258981704712, 0.060842059552669525, -0.1561279296875], [0.0, 0.0, 0.0, 1.0]], [[0.009993193671107292, 0.9989230632781982, 0.04530836641788483, -0.02880859375], [-0.0308507289737463, 0.045597054064273834, -0.9984833598136902, 1.5680580139160156], [-0.9994741082191467, 0.008580248802900314, 0.031273167580366135, 0.044281005859375], [0.0, 0.0, 0.0, 1.0]], [[-0.9233188629150391, 0.38257887959480286, 0.03340036794543266, 1.16070556640625], [-0.026667313650250435, 0.022890180349349976, -0.9993822574615479, 1.5478096008300781], [-0.3831070363521576, -0.9236392378807068, -0.010932587087154388, -0.043701171875], [0.0, 0.0, 0.0, 1.0]]], "view": [[0.0, -2.0, 100.0], [-2.0, 0.0, 100.0], [0.0, 0.0, 1.0]], "bev": "bev_cee883729e3545c28aff734573ebc672.png", "aux": "aux_cee883729e3545c28aff734573ebc672.npz", "visibility": "visibility_cee883729e3545c28aff734573ebc672.png", "pose": [[0.7548136115074158, 0.6559393405914307, 0.0, 1301.203369140625], [-0.6559393405914307, 0.7548136115074158, 0.0, 896.0731201171875], [0.0, 0.0, 1.0, 0.0], [0.0, 0.0, 0.0, 1.0]], "pose_inverse": [[0.7548136115074158, -0.6559393405914307, 0.0, -394.3963623046875], [0.6559393405914307, 0.7548136115074158, 0.0, -1529.878662109375], [0.0, 0.0, 1.0, 0.0], [0.0, 0.0, 0.0, 1.0]], "cam_ids": [0, 1, 2, 3, 4, 5], "cam_channels": ["CAM_FRONT_LEFT", "CAM_FRONT", "CAM_FRONT_RIGHT", "CAM_BACK_LEFT", "CAM_BACK", "CAM_BACK_RIGHT"], "token": "cee883729e3545c28aff734573ebc672", "scene": "scene-0778"}, {"images": ["samples/CAM_FRONT_LEFT/n008-2018-08-30-15-31-50-0400__CAM_FRONT_LEFT__1535657715004799.jpg", "samples/CAM_FRONT/n008-2018-08-30-15-31-50-0400__CAM_FRONT__1535657715012415.jpg", "samples/CAM_FRONT_RIGHT/n008-2018-08-30-15-31-50-0400__CAM_FRONT_RIGHT__1535657715020482.jpg", "samples/CAM_BACK_LEFT/n008-2018-08-30-15-31-50-0400__CAM_BACK_LEFT__1535657715047405.jpg", "samples/CAM_BACK/n008-2018-08-30-15-31-50-0400__CAM_BACK__1535657715037558.jpg", "samples/CAM_BACK_RIGHT/n008-2018-08-30-15-31-50-0400__CAM_BACK_RIGHT__1535657715028113.jpg"], "intrinsics": [[[1257.8625342125129, 0.0, 827.2410631095686], [0.0, 1257.8625342125129, 450.915498205774], [0.0, 0.0, 1.0]], [[1252.8131021185304, 0.0, 826.588114781398], [0.0, 1252.8131021185304, 469.9846626224581], [0.0, 0.0, 1.0]], [[1256.7485116440405, 0.0, 817.7887570959712], [0.0, 1256.7485116440403, 451.9541780095127], [0.0, 0.0, 1.0]], [[1254.9860565800168, 0.0, 829.5769333630991], [0.0, 1254.9860565800168, 467.1680561863987], [0.0, 0.0, 1.0]], [[796.8910634503094, 0.0, 857.7774326863696], [0.0, 796.8910634503094, 476.8848988407415], [0.0, 0.0, 1.0]], [[1249.9629280788233, 0.0, 825.3768045375984], [0.0, 1249.9629280788233, 462.54816385708756], [0.0, 0.0, 1.0]]], "extrinsics": [[[0.8219158053398132, -0.5679622888565063, -0.04328205808997154, -1.00494384765625], [-0.01753961853682995, 0.05071394518017769, -0.9985591769218445, 1.4882965087890625], [0.5693389177322388, 0.8214906454086304, 0.03172075003385544, -1.3333740234375], [0.0, 0.0, 0.0, 1.0]], [[0.009445643052458763, -0.9988625049591064, -0.04673776030540466, 0.00537109375], [-0.015619873069226742, 0.04658675938844681, -0.9987921714782715, 1.48016357421875], [0.999833345413208, 0.010164273902773857, -0.015162063762545586, -1.734649658203125], [0.0, 0.0, 0.0, 1.0]], [[-0.8443916440010071, -0.5355474352836609, -0.013849791139364243, 1.0904541015625], [-0.0076373424381017685, 0.03788338974118233, -0.99925297498703, 1.493072509765625], [0.5356720089912415, -0.8436550498008728, -0.03607857972383499, -1.2777099609375], [0.0, 0.0, 0.0, 1.0]], [[0.9477031826972961, 0.31882601976394653, -0.014443492516875267, -1.143798828125], [-0.033051665872335434, 0.053031761199235916, -0.9980456829071045, 1.562042236328125], [-0.31743690371513367, 0.9463284611701965, 0.0607960969209671, -0.15625], [0.0, 0.0, 0.0, 1.0]], [[0.009990155696868896, 0.9989268779754639, 0.04522523656487465, -0.02880859375], [-0.030916664749383926, 0.04551443085074425, -0.9984851479530334, 1.5680618286132812], [-0.9994720816612244, 0.008576896041631699, 0.03133818879723549, 0.044403076171875], [0.0, 0.0, 0.0, 1.0]], [[-0.9233199954032898, 0.3825756907463074, 0.03340676426887512, 1.1605682373046875], [-0.026705868542194366, 0.02281402051448822, -0.9993829131126404, 1.547811508178711], [-0.38310176134109497, -0.9236423969268799, -0.010847625322639942, -0.043701171875], [0.0, 0.0, 0.0, 1.0]]], "view": [[0.0, -2.0, 100.0], [-2.0, 0.0, 100.0], [0.0, 0.0, 1.0]], "bev": "bev_01963bcec49d4fceb084713049217422.png", "aux": "aux_01963bcec49d4fceb084713049217422.npz", "visibility": "visibility_01963bcec49d4fceb084713049217422.png", "pose": [[0.7547736763954163, 0.6559852957725525, 0.0, 1301.203369140625], [-0.6559852957725525, 0.7547736763954163, 0.0, 896.0731201171875], [0.0, 0.0, 1.0, 0.0], [0.0, 0.0, 0.0, 1.0]], "pose_inverse": [[0.7547736763954163, -0.6559852957725525, 0.0, -394.30322265625], [0.6559852957725525, 0.7547736763954163, 0.0, -1529.9027099609375], [0.0, 0.0, 1.0, 0.0], [0.0, 0.0, 0.0, 1.0]], "cam_ids": [0, 1, 2, 3, 4, 5], "cam_channels": ["CAM_FRONT_LEFT", "CAM_FRONT", "CAM_FRONT_RIGHT", "CAM_BACK_LEFT", "CAM_BACK", "CAM_BACK_RIGHT"], "token": "01963bcec49d4fceb084713049217422", "scene": "scene-0778"}, {"images": ["samples/CAM_FRONT_LEFT/n008-2018-08-30-15-31-50-0400__CAM_FRONT_LEFT__1535657715504799.jpg", "samples/CAM_FRONT/n008-2018-08-30-15-31-50-0400__CAM_FRONT__1535657715512404.jpg", "samples/CAM_FRONT_RIGHT/n008-2018-08-30-15-31-50-0400__CAM_FRONT_RIGHT__1535657715520482.jpg", "samples/CAM_BACK_LEFT/n008-2018-08-30-15-31-50-0400__CAM_BACK_LEFT__1535657715547405.jpg", "samples/CAM_BACK/n008-2018-08-30-15-31-50-0400__CAM_BACK__1535657715537558.jpg", "samples/CAM_BACK_RIGHT/n008-2018-08-30-15-31-50-0400__CAM_BACK_RIGHT__1535657715528113.jpg"], "intrinsics": [[[1257.8625342125129, 0.0, 827.2410631095686], [0.0, 1257.8625342125129, 450.915498205774], [0.0, 0.0, 1.0]], [[1252.8131021185304, 0.0, 826.588114781398], [0.0, 1252.8131021185304, 469.9846626224581], [0.0, 0.0, 1.0]], [[1256.7485116440405, 0.0, 817.7887570959712], [0.0, 1256.7485116440403, 451.9541780095127], [0.0, 0.0, 1.0]], [[1254.9860565800168, 0.0, 829.5769333630991], [0.0, 1254.9860565800168, 467.1680561863987], [0.0, 0.0, 1.0]], [[796.8910634503094, 0.0, 857.7774326863696], [0.0, 796.8910634503094, 476.8848988407415], [0.0, 0.0, 1.0]], [[1249.9629280788233, 0.0, 825.3768045375984], [0.0, 1249.9629280788233, 462.54816385708756], [0.0, 0.0, 1.0]]], "extrinsics": [[[0.8219215869903564, -0.5679540038108826, -0.043280210345983505, -1.005126953125], [-0.017593521624803543, 0.050633497536182404, -0.9985623359680176, 1.4882965087890625], [0.5693289041519165, 0.8215014338493347, 0.031624455004930496, -1.333251953125], [0.0, 0.0, 0.0, 1.0]], [[0.009457088075578213, -0.9988660216331482, -0.046660467982292175, 0.00537109375], [-0.015637872740626335, 0.046509113162755966, -0.9987954497337341, 1.48016357421875], [0.9998329877853394, 0.010175375267863274, -0.015180297195911407, -1.734710693359375], [0.0, 0.0, 0.0, 1.0]], [[-0.8443857431411743, -0.5355571508407593, -0.013827119953930378, 1.090576171875], [-0.007617253344506025, 0.03780872002243996, -0.9992559552192688, 1.493072509765625], [0.5356814861297607, -0.8436521887779236, -0.036004625260829926, -1.277587890625], [0.0, 0.0, 0.0, 1.0]], [[0.9477040767669678, 0.31882619857788086, -0.014379706233739853, -1.14398193359375], [-0.032955657690763474, 0.052945759147405624, -0.9980534315109253, 1.562042236328125], [-0.3174442648887634, 0.9463332295417786, 0.06068404018878937, -0.1561279296875], [0.0, 0.0, 0.0, 1.0]], [[0.00998268648982048, 0.9989307522773743, 0.04514041170477867, -0.02880859375], [-0.030849775299429893, 0.045428838580846786, -0.9984910488128662, 1.5680656433105469], [-0.9994741678237915, 0.008575049228966236, 0.03127029165625572, 0.0443115234375], [0.0, 0.0, 0.0, 1.0]], [[-0.9233237504959106, 0.3825708031654358, 0.033357392996549606, 1.160675048828125], [-0.026682883501052856, 0.022740745916962624, -0.9993852376937866, 1.547811508178711], [-0.3830941617488861, -0.9236462116241455, -0.010788978077471256, -0.043701171875], [0.0, 0.0, 0.0, 1.0]]], "view": [[0.0, -2.0, 100.0], [-2.0, 0.0, 100.0], [0.0, 0.0, 1.0]], "bev": "bev_93013c31a7504147a9396583a40d545a.png", "aux": "aux_93013c31a7504147a9396583a40d545a.npz", "visibility": "visibility_93013c31a7504147a9396583a40d545a.png", "pose": [[0.7547814846038818, 0.6559762954711914, 0.0, 1301.203369140625], [-0.6559762954711914, 0.7547814846038818, 0.0, 896.0731201171875], [0.0, 0.0, 1.0, 0.0], [0.0, 0.0, 0.0, 1.0]], "pose_inverse": [[0.7547814846038818, -0.6559762954711914, 0.0, -394.321533203125], [0.6559762954711914, 0.7547814846038818, 0.0, -1529.89794921875], [0.0, 0.0, 1.0, 0.0], [0.0, 0.0, 0.0, 1.0]], "cam_ids": [0, 1, 2, 3, 4, 5], "cam_channels": ["CAM_FRONT_LEFT", "CAM_FRONT", "CAM_FRONT_RIGHT", "CAM_BACK_LEFT", "CAM_BACK", "CAM_BACK_RIGHT"], "token": "93013c31a7504147a9396583a40d545a", "scene": "scene-0778"}, {"images": ["samples/CAM_FRONT_LEFT/n008-2018-08-30-15-31-50-0400__CAM_FRONT_LEFT__1535657716004799.jpg", "samples/CAM_FRONT/n008-2018-08-30-15-31-50-0400__CAM_FRONT__1535657716012404.jpg", "samples/CAM_FRONT_RIGHT/n008-2018-08-30-15-31-50-0400__CAM_FRONT_RIGHT__1535657716020482.jpg", "samples/CAM_BACK_LEFT/n008-2018-08-30-15-31-50-0400__CAM_BACK_LEFT__1535657716047405.jpg", "samples/CAM_BACK/n008-2018-08-30-15-31-50-0400__CAM_BACK__1535657716037558.jpg", "samples/CAM_BACK_RIGHT/n008-2018-08-30-15-31-50-0400__CAM_BACK_RIGHT__1535657716028113.jpg"], "intrinsics": [[[1257.8625342125129, 0.0, 827.2410631095686], [0.0, 1257.8625342125129, 450.915498205774], [0.0, 0.0, 1.0]], [[1252.8131021185304, 0.0, 826.588114781398], [0.0, 1252.8131021185304, 469.9846626224581], [0.0, 0.0, 1.0]], [[1256.7485116440405, 0.0, 817.7887570959712], [0.0, 1256.7485116440403, 451.9541780095127], [0.0, 0.0, 1.0]], [[1254.9860565800168, 0.0, 829.5769333630991], [0.0, 1254.9860565800168, 467.1680561863987], [0.0, 0.0, 1.0]], [[796.8910634503094, 0.0, 857.7774326863696], [0.0, 796.8910634503094, 476.8848988407415], [0.0, 0.0, 1.0]], [[1249.9629280788233, 0.0, 825.3768045375984], [0.0, 1249.9629280788233, 462.54816385708756], [0.0, 0.0, 1.0]]], "extrinsics": [[[0.8219242095947266, -0.5679437518119812, -0.04336508736014366, -1.0050048828125], [-0.017638804391026497, 0.05071762949228287, -0.9985572099685669, 1.4882965087890625], [0.5693238377571106, 0.8215032815933228, 0.031668197363615036, -1.3333740234375], [0.0, 0.0, 0.0, 1.0]], [[0.009460827335715294, -0.9988616704940796, -0.046752214431762695, 0.00537109375], [-0.015658121556043625, 0.046600595116615295, -0.9987908601760864, 1.48016357421875], [0.9998326301574707, 0.010181399993598461, -0.015199420973658562, -1.734771728515625], [0.0, 0.0, 0.0, 1.0]], [[-0.8443851470947266, -0.5355565547943115, -0.013885729014873505, 1.090576171875], [-0.007610914763063192, 0.03790801763534546, -0.999252200126648, 1.493072509765625], [0.5356824398040771, -0.8436480760574341, -0.03608505055308342, -1.277587890625], [0.0, 0.0, 0.0, 1.0]], [[0.9477043151855469, 0.3188251256942749, -0.014387517236173153, -1.1439208984375], [-0.03299791365861893, 0.053047433495521545, -0.9980466961860657, 1.562042236328125], [-0.31743913888931274, 0.9463278651237488, 0.06079385057091713, -0.15625], [0.0, 0.0, 0.0, 1.0]], [[0.009986668825149536, 0.998926043510437, 0.04524347186088562, -0.0289306640625], [-0.030904555693268776, 0.04553244262933731, -0.99848473072052, 1.5680618286132812], [-0.999472439289093, 0.008573289029300213, 0.031326085329055786, 0.044281005859375], [0.0, 0.0, 0.0, 1.0]], [[-0.9233234524726868, 0.3825684189796448, 0.03339342772960663, 1.1606292724609375], [-0.02668050490319729, 0.0228405874222517, -0.9993830323219299, 1.5478153228759766], [-0.3830950856208801, -0.9236447215080261, -0.010882130824029446, -0.0435791015625], [0.0, 0.0, 0.0, 1.0]]], "view": [[0.0, -2.0, 100.0], [-2.0, 0.0, 100.0], [0.0, 0.0, 1.0]], "bev": "bev_c69a8d12362d408eba32a41821cecc30.png", "aux": "aux_c69a8d12362d408eba32a41821cecc30.npz", "visibility": "visibility_c69a8d12362d408eba32a41821cecc30.png", "pose": [[0.7547745108604431, 0.6559842824935913, 0.0, 1301.203369140625], [-0.6559842824935913, 0.7547745108604431, 0.0, 896.0731201171875], [0.0, 0.0, 1.0, 0.0], [0.0, 0.0, 0.0, 1.0]], "pose_inverse": [[0.7547745108604431, -0.6559842824935913, 0.0, -394.3052673339844], [0.6559842824935913, 0.7547745108604431, 0.0, -1529.902099609375], [0.0, 0.0, 1.0, 0.0], [0.0, 0.0, 0.0, 1.0]], "cam_ids": [0, 1, 2, 3, 4, 5], "cam_channels": ["CAM_FRONT_LEFT", "CAM_FRONT", "CAM_FRONT_RIGHT", "CAM_BACK_LEFT", "CAM_BACK", "CAM_BACK_RIGHT"], "token": "c69a8d12362d408eba32a41821cecc30", "scene": "scene-0778"}, {"images": ["samples/CAM_FRONT_LEFT/n008-2018-08-30-15-31-50-0400__CAM_FRONT_LEFT__1535657716604799.jpg", "samples/CAM_FRONT/n008-2018-08-30-15-31-50-0400__CAM_FRONT__1535657716612404.jpg", "samples/CAM_FRONT_RIGHT/n008-2018-08-30-15-31-50-0400__CAM_FRONT_RIGHT__1535657716620482.jpg", "samples/CAM_BACK_LEFT/n008-2018-08-30-15-31-50-0400__CAM_BACK_LEFT__1535657716647405.jpg", "samples/CAM_BACK/n008-2018-08-30-15-31-50-0400__CAM_BACK__1535657716637558.jpg", "samples/CAM_BACK_RIGHT/n008-2018-08-30-15-31-50-0400__CAM_BACK_RIGHT__1535657716628113.jpg"], "intrinsics": [[[1257.8625342125129, 0.0, 827.2410631095686], [0.0, 1257.8625342125129, 450.915498205774], [0.0, 0.0, 1.0]], [[1252.8131021185304, 0.0, 826.588114781398], [0.0, 1252.8131021185304, 469.9846626224581], [0.0, 0.0, 1.0]], [[1256.7485116440405, 0.0, 817.7887570959712], [0.0, 1256.7485116440403, 451.9541780095127], [0.0, 0.0, 1.0]], [[1254.9860565800168, 0.0, 829.5769333630991], [0.0, 1254.9860565800168, 467.1680561863987], [0.0, 0.0, 1.0]], [[796.8910634503094, 0.0, 857.7774326863696], [0.0, 796.8910634503094, 476.8848988407415], [0.0, 0.0, 1.0]], [[1249.9629280788233, 0.0, 825.3768045375984], [0.0, 1249.9629280788233, 462.54816385708756], [0.0, 0.0, 1.0]]], "extrinsics": [[[0.8219009637832642, -0.5679712295532227, -0.04344582185149193, -1.0050048828125], [-0.017626138404011726, 0.05087558180093765, -0.9985494613647461, 1.4882965087890625], [0.569357693195343, 0.821474552154541, 0.03180355206131935, -1.3333740234375], [0.0, 0.0, 0.0, 1.0]], [[0.009425736963748932, -0.9988539218902588, -0.04692568629980087, 0.0054931640625], [-0.01564135029911995, 0.04677475616335869, -0.9987829923629761, 1.48016357421875], [0.9998332858085632, 0.010148280300199986, -0.015182535164058208, -1.734588623046875], [0.0, 0.0, 0.0, 1.0]], [[-0.8444010019302368, -0.5355286002159119, -0.014004968106746674, 1.090576171875], [-0.0075898380018770695, 0.03809930384159088, -0.9992451071739197, 1.4930763244628906], [0.5356578826904297, -0.8436573147773743, -0.036235664039850235, -1.277587890625], [0.0, 0.0, 0.0, 1.0]], [[0.9477105736732483, 0.3188168406486511, -0.014164150692522526, -1.14385986328125], [-0.03282894939184189, 0.05324665457010269, -0.9980416297912598, 1.5620498657226562], [-0.3174383342266083, 0.9463195204734802, 0.060928840190172195, -0.156005859375], [0.0, 0.0, 0.0, 1.0]], [[0.00999833457171917, 0.998916506767273, 0.04545212909579277, -0.02880859375], [-0.030759813264012337, 0.04574013128876686, -0.9984796643257141, 1.5680656433105469], [-0.9994768500328064, 0.00858501996845007, 0.031183812767267227, 0.044281005859375], [0.0, 0.0, 0.0, 1.0]], [[-0.9233162999153137, 0.3825845718383789, 0.03340761736035347, 1.16070556640625], [-0.02661367692053318, 0.023038243874907494, -0.9993802309036255, 1.5478134155273438], [-0.38311707973480225, -0.9236332178115845, -0.011089605279266834, -0.043701171875], [0.0, 0.0, 0.0, 1.0]]], "view": [[0.0, -2.0, 100.0], [-2.0, 0.0, 100.0], [0.0, 0.0, 1.0]], "bev": "bev_7ff89b70dc764d9b98b84e5e2a3e5d44.png", "aux": "aux_7ff89b70dc764d9b98b84e5e2a3e5d44.npz", "visibility": "visibility_7ff89b70dc764d9b98b84e5e2a3e5d44.png", "pose": [[0.7549170851707458, 0.6558202505111694, 0.0, 1301.203369140625], [-0.6558202505111694, 0.7549170851707458, 0.0, 896.0731201171875], [0.0, 0.0, 1.0, 0.0], [0.0, 0.0, 0.0, 1.0]], "pose_inverse": [[0.7549170851707458, -0.6558202505111694, 0.0, -394.6377868652344], [0.6558202505111694, 0.7549170851707458, 0.0, -1529.81640625], [0.0, 0.0, 1.0, 0.0], [0.0, 0.0, 0.0, 1.0]], "cam_ids": [0, 1, 2, 3, 4, 5], "cam_channels": ["CAM_FRONT_LEFT", "CAM_FRONT", "CAM_FRONT_RIGHT", "CAM_BACK_LEFT", "CAM_BACK", "CAM_BACK_RIGHT"], "token": "7ff89b70dc764d9b98b84e5e2a3e5d44", "scene": "scene-0778"}, {"images": ["samples/CAM_FRONT_LEFT/n008-2018-08-30-15-31-50-0400__CAM_FRONT_LEFT__1535657717154799.jpg", "samples/CAM_FRONT/n008-2018-08-30-15-31-50-0400__CAM_FRONT__1535657717162404.jpg", "samples/CAM_FRONT_RIGHT/n008-2018-08-30-15-31-50-0400__CAM_FRONT_RIGHT__1535657717170482.jpg", "samples/CAM_BACK_LEFT/n008-2018-08-30-15-31-50-0400__CAM_BACK_LEFT__1535657717197405.jpg", "samples/CAM_BACK/n008-2018-08-30-15-31-50-0400__CAM_BACK__1535657717187558.jpg", "samples/CAM_BACK_RIGHT/n008-2018-08-30-15-31-50-0400__CAM_BACK_RIGHT__1535657717178113.jpg"], "intrinsics": [[[1257.8625342125129, 0.0, 827.2410631095686], [0.0, 1257.8625342125129, 450.915498205774], [0.0, 0.0, 1.0]], [[1252.8131021185304, 0.0, 826.588114781398], [0.0, 1252.8131021185304, 469.9846626224581], [0.0, 0.0, 1.0]], [[1256.7485116440405, 0.0, 817.7887570959712], [0.0, 1256.7485116440403, 451.9541780095127], [0.0, 0.0, 1.0]], [[1254.9860565800168, 0.0, 829.5769333630991], [0.0, 1254.9860565800168, 467.1680561863987], [0.0, 0.0, 1.0]], [[796.8910634503094, 0.0, 857.7774326863696], [0.0, 796.8910634503094, 476.8848988407415], [0.0, 0.0, 1.0]], [[1249.9629280788233, 0.0, 825.3768045375984], [0.0, 1249.9629280788233, 462.54816385708756], [0.0, 0.0, 1.0]]], "extrinsics": [[[0.8216546773910522, -0.5684203505516052, -0.042213305830955505, -1.0006103515625], [-0.01596096158027649, 0.05108614265918732, -0.9985666871070862, 1.4881973266601562], [0.569762110710144, 0.8211507797241211, 0.032902635633945465, -1.3304443359375], [0.0, 0.0, 0.0, 1.0]], [[0.00902491994202137, -0.9988492131233215, -0.04710329696536064, 0.005615234375], [-0.013989423401653767, 0.04697449132800102, -0.998798131942749, 1.4800949096679688], [0.9998612999916077, 0.009673060849308968, -0.013549383729696274, -1.730224609375], [0.0, 0.0, 0.0, 1.0]], [[-0.8445834517478943, -0.5351997017860413, -0.015488330274820328, 1.0877685546875], [-0.005945422220975161, 0.03829989954829216, -0.9992485642433167, 1.4930419921875], [0.5353908538818359, -0.8438567519187927, -0.03552945703268051, -1.2755126953125], [0.0, 0.0, 0.0, 1.0]], [[0.9477482438087463, 0.3187705874443054, -0.012592690996825695, -1.14398193359375], [-0.03124665841460228, 0.05347247049212456, -0.998080313205719, 1.5620498657226562], [-0.3174853026866913, 0.9463223218917847, 0.06063895672559738, -0.156005859375], [0.0, 0.0, 0.0, 1.0]], [[0.010105181485414505, 0.9989056587219238, 0.04566507413983345, -0.02880859375], [-0.02915066108107567, 0.0459422767162323, -0.9985186457633972, 1.5680274963378906], [-0.999523937702179, 0.008759025484323502, 0.02958301641047001, 0.0430908203125], [0.0, 0.0, 0.0, 1.0]], [[-0.9232556819915771, 0.3828505873680115, 0.03200490400195122, 1.1583404541015625], [-0.025004053488373756, 0.023249564692378044, -0.9994169473648071, 1.5477447509765625], [-0.3833714723587036, -0.923517644405365, -0.011892477981746197, -0.044677734375], [0.0, 0.0, 0.0, 1.0]]], "view": [[0.0, -2.0, 100.0], [-2.0, 0.0, 100.0], [0.0, 0.0, 1.0]], "bev": "bev_bbac20f166b44c03a7a00148c666126c.png", "aux": "aux_bbac20f166b44c03a7a00148c666126c.npz", "visibility": "visibility_bbac20f166b44c03a7a00148c666126c.png", "pose": [[0.7572968602180481, 0.6530707478523254, 0.0, 1301.2384033203125], [-0.6530707478523254, 0.7572968602180481, 0.0, 896.0424194335938], [0.0, 0.0, 1.0, 0.0], [0.0, 0.0, 0.0, 1.0]], "pose_inverse": [[0.7572968602180481, -0.6530707478523254, 0.0, -400.2446594238281], [0.6530707478523254, 0.7572968602180481, 0.0, -1528.370849609375], [0.0, 0.0, 1.0, 0.0], [0.0, 0.0, 0.0, 1.0]], "cam_ids": [0, 1, 2, 3, 4, 5], "cam_channels": ["CAM_FRONT_LEFT", "CAM_FRONT", "CAM_FRONT_RIGHT", "CAM_BACK_LEFT", "CAM_BACK", "CAM_BACK_RIGHT"], "token": "bbac20f166b44c03a7a00148c666126c", "scene": "scene-0778"}, {"images": ["samples/CAM_FRONT_LEFT/n008-2018-08-30-15-31-50-0400__CAM_FRONT_LEFT__1535657717654799.jpg", "samples/CAM_FRONT/n008-2018-08-30-15-31-50-0400__CAM_FRONT__1535657717662404.jpg", "samples/CAM_FRONT_RIGHT/n008-2018-08-30-15-31-50-0400__CAM_FRONT_RIGHT__1535657717671523.jpg", "samples/CAM_BACK_LEFT/n008-2018-08-30-15-31-50-0400__CAM_BACK_LEFT__1535657717697405.jpg", "samples/CAM_BACK/n008-2018-08-30-15-31-50-0400__CAM_BACK__1535657717687558.jpg", "samples/CAM_BACK_RIGHT/n008-2018-08-30-15-31-50-0400__CAM_BACK_RIGHT__1535657717678113.jpg"], "intrinsics": [[[1257.8625342125129, 0.0, 827.2410631095686], [0.0, 1257.8625342125129, 450.915498205774], [0.0, 0.0, 1.0]], [[1252.8131021185304, 0.0, 826.588114781398], [0.0, 1252.8131021185304, 469.9846626224581], [0.0, 0.0, 1.0]], [[1256.7485116440405, 0.0, 817.7887570959712], [0.0, 1256.7485116440403, 451.9541780095127], [0.0, 0.0, 1.0]], [[1254.9860565800168, 0.0, 829.5769333630991], [0.0, 1254.9860565800168, 467.1680561863987], [0.0, 0.0, 1.0]], [[796.8910634503094, 0.0, 857.7774326863696], [0.0, 796.8910634503094, 476.8848988407415], [0.0, 0.0, 1.0]], [[1249.9629280788233, 0.0, 825.3768045375984], [0.0, 1249.9629280788233, 462.54816385708756], [0.0, 0.0, 1.0]]], "extrinsics": [[[0.8206117153167725, -0.569969892501831, -0.041603393852710724, -0.98504638671875], [-0.014390942640602589, 0.05216601863503456, -0.9985346794128418, 1.487945556640625], [0.5713050365447998, 0.8200079202651978, 0.034605637192726135, -1.319580078125], [0.0, 0.0, 0.0, 1.0]], [[0.007470018696039915, -0.9988119006156921, -0.04815547540783882, 0.00537109375], [-0.012466678395867348, 0.04806005582213402, -0.9987666606903076, 1.4799118041992188], [0.9998943209648132, 0.008061075583100319, -0.012092860415577888, -1.71466064453125], [0.0, 0.0, 0.0, 1.0]], [[-0.8452119827270508, -0.5341526865959167, -0.017251141369342804, 1.0777587890625], [-0.004491134081035852, 0.039377402514219284, -0.9992142915725708, 1.4930038452148438], [0.5344123840332031, -0.8444705009460449, -0.03568120673298836, -1.26953125], [0.0, 0.0, 0.0, 1.0]], [[0.947813093662262, 0.3186382055282593, -0.010953712277114391, -1.14276123046875], [-0.02987111173570156, 0.054543737322092056, -0.9980644583702087, 1.5620040893554688], [-0.31742408871650696, 0.9463058114051819, 0.061215344816446304, -0.156494140625], [0.0, 0.0, 0.0, 1.0]], [[0.010583722032606602, 0.9988504648208618, 0.046752072870731354, -0.0289306640625], [-0.02774813398718834, 0.04703005775809288, -0.9985079765319824, 1.5678825378417969], [-0.9995590448379517, 0.009270571172237396, 0.028213990852236748, 0.037933349609375], [0.0, 0.0, 0.0, 1.0]], [[-0.9229385256767273, 0.3836880028247833, 0.031112756580114365, 1.150146484375], [-0.023573489859700203, 0.02433750219643116, -0.9994258284568787, 1.5475387573242188], [-0.38422489166259766, -0.9231419563293457, -0.013417155481874943, -0.0479736328125], [0.0, 0.0, 0.0, 1.0]]], "view": [[0.0, -2.0, 100.0], [-2.0, 0.0, 100.0], [0.0, 0.0, 1.0]], "bev": "bev_9944b1650c314ad795338f01da85afce.png", "aux": "aux_9944b1650c314ad795338f01da85afce.npz", "visibility": "visibility_9944b1650c314ad795338f01da85afce.png", "pose": [[0.768025279045105, 0.6404195427894592, 0.0, 1301.379638671875], [-0.6404195427894592, 0.768025279045105, 0.0, 895.9221801757812], [0.0, 0.0, 1.0, 0.0], [0.0, 0.0, 0.0, 1.0]], "pose_inverse": [[0.768025279045105, -0.6404195427894592, 0.0, -425.72637939453125], [0.6404195427894592, 0.768025279045105, 0.0, -1521.519775390625], [0.0, 0.0, 1.0, 0.0], [0.0, 0.0, 0.0, 1.0]], "cam_ids": [0, 1, 2, 3, 4, 5], "cam_channels": ["CAM_FRONT_LEFT", "CAM_FRONT", "CAM_FRONT_RIGHT", "CAM_BACK_LEFT", "CAM_BACK", "CAM_BACK_RIGHT"], "token": "9944b1650c314ad795338f01da85afce", "scene": "scene-0778"}, {"images": ["samples/CAM_FRONT_LEFT/n008-2018-08-30-15-31-50-0400__CAM_FRONT_LEFT__1535657718155362.jpg", "samples/CAM_FRONT/n008-2018-08-30-15-31-50-0400__CAM_FRONT__1535657718162404.jpg", "samples/CAM_FRONT_RIGHT/n008-2018-08-30-15-31-50-0400__CAM_FRONT_RIGHT__1535657718171102.jpg", "samples/CAM_BACK_LEFT/n008-2018-08-30-15-31-50-0400__CAM_BACK_LEFT__1535657718197405.jpg", "samples/CAM_BACK/n008-2018-08-30-15-31-50-0400__CAM_BACK__1535657718187562.jpg", "samples/CAM_BACK_RIGHT/n008-2018-08-30-15-31-50-0400__CAM_BACK_RIGHT__1535657718178660.jpg"], "intrinsics": [[[1257.8625342125129, 0.0, 827.2410631095686], [0.0, 1257.8625342125129, 450.915498205774], [0.0, 0.0, 1.0]], [[1252.8131021185304, 0.0, 826.588114781398], [0.0, 1252.8131021185304, 469.9846626224581], [0.0, 0.0, 1.0]], [[1256.7485116440405, 0.0, 817.7887570959712], [0.0, 1256.7485116440403, 451.9541780095127], [0.0, 0.0, 1.0]], [[1254.9860565800168, 0.0, 829.5769333630991], [0.0, 1254.9860565800168, 467.1680561863987], [0.0, 0.0, 1.0]], [[796.8910634503094, 0.0, 857.7774326863696], [0.0, 796.8910634503094, 476.8848988407415], [0.0, 0.0, 1.0]], [[1249.9629280788233, 0.0, 825.3768045375984], [0.0, 1249.9629280788233, 462.54816385708756], [0.0, 0.0, 1.0]]], "extrinsics": [[[0.8188757300376892, -0.5725764632225037, -0.0399843193590641, -0.972930908203125], [-0.012656068429350853, 0.051633331924676895, -0.9985859394073486, 1.4877777099609375], [0.5738313794136047, 0.8182238340377808, 0.03503471985459328, -1.3115234375], [0.0, 0.0, 0.0, 1.0]], [[0.0048584407195448875, -0.9988559484481812, -0.0475739948451519, 0.005859375], [-0.010750356130301952, 0.047519635409116745, -0.9988124966621399, 1.47979736328125], [0.9999303221702576, 0.0053641051054000854, -0.010507181286811829, -1.70220947265625], [0.0, 0.0, 0.0, 1.0]], [[-0.8462874293327332, -0.5324112176895142, -0.018325582146644592, 1.06982421875], [-0.0027874838560819626, 0.038824692368507385, -0.9992421269416809, 1.4929924011230469], [0.5327192544937134, -0.8455950021743774, -0.03434094041585922, -1.26397705078125], [0.0, 0.0, 0.0, 1.0]], [[0.9478112459182739, 0.31869229674339294, -0.00944477878510952, -1.14324951171875], [-0.028142768889665604, 0.05411753058433533, -0.998137891292572, 1.5620193481445312], [-0.3175877332687378, 0.9463120698928833, 0.060262084007263184, -0.1563720703125], [0.0, 0.0, 0.0, 1.0]], [[0.01128679420799017, 0.9988635778427124, 0.046305637806653976, -0.02880859375], [-0.026026887819170952, 0.04658636078238487, -0.9985750913619995, 1.5678024291992188], [-0.9995974898338318, 0.010065610520541668, 0.026523124426603317, 0.03460693359375], [0.0, 0.0, 0.0, 1.0]], [[-0.9224315881729126, 0.385040819644928, 0.029384704306721687, 1.14404296875], [-0.02187976986169815, 0.02385905385017395, -0.99947589635849, 1.5474166870117188], [-0.38554003834724426, -0.9225910902023315, -0.013583741150796413, -0.0504150390625], [0.0, 0.0, 0.0, 1.0]]], "view": [[0.0, -2.0, 100.0], [-2.0, 0.0, 100.0], [0.0, 0.0, 1.0]], "bev": "bev_17a4d9178bb247009aa81ad4d43ac609.png", "aux": "aux_17a4d9178bb247009aa81ad4d43ac609.npz", "visibility": "visibility_17a4d9178bb247009aa81ad4d43ac609.png", "pose": [[0.7965530753135681, 0.604568600654602, 0.0, 1301.6810302734375], [-0.604568600654602, 0.7965530753135681, 0.0, 895.6793212890625], [0.0, 0.0, 1.0, 0.0], [0.0, 0.0, 0.0, 1.0]], "pose_inverse": [[0.7965530753135681, -0.604568600654602, 0.0, -495.3583984375], [0.604568600654602, 0.7965530753135681, 0.0, -1500.41162109375], [0.0, 0.0, 1.0, 0.0], [0.0, 0.0, 0.0, 1.0]], "cam_ids": [0, 1, 2, 3, 4, 5], "cam_channels": ["CAM_FRONT_LEFT", "CAM_FRONT", "CAM_FRONT_RIGHT", "CAM_BACK_LEFT", "CAM_BACK", "CAM_BACK_RIGHT"], "token": "17a4d9178bb247009aa81ad4d43ac609", "scene": "scene-0778"}, {"images": ["samples/CAM_FRONT_LEFT/n008-2018-08-30-15-31-50-0400__CAM_FRONT_LEFT__1535657718654799.jpg", "samples/CAM_FRONT/n008-2018-08-30-15-31-50-0400__CAM_FRONT__1535657718662404.jpg", "samples/CAM_FRONT_RIGHT/n008-2018-08-30-15-31-50-0400__CAM_FRONT_RIGHT__1535657718670482.jpg", "samples/CAM_BACK_LEFT/n008-2018-08-30-15-31-50-0400__CAM_BACK_LEFT__1535657718697405.jpg", "samples/CAM_BACK/n008-2018-08-30-15-31-50-0400__CAM_BACK__1535657718687558.jpg", "samples/CAM_BACK_RIGHT/n008-2018-08-30-15-31-50-0400__CAM_BACK_RIGHT__1535657718678113.jpg"], "intrinsics": [[[1257.8625342125129, 0.0, 827.2410631095686], [0.0, 1257.8625342125129, 450.915498205774], [0.0, 0.0, 1.0]], [[1252.8131021185304, 0.0, 826.588114781398], [0.0, 1252.8131021185304, 469.9846626224581], [0.0, 0.0, 1.0]], [[1256.7485116440405, 0.0, 817.7887570959712], [0.0, 1256.7485116440403, 451.9541780095127], [0.0, 0.0, 1.0]], [[1254.9860565800168, 0.0, 829.5769333630991], [0.0, 1254.9860565800168, 467.1680561863987], [0.0, 0.0, 1.0]], [[796.8910634503094, 0.0, 857.7774326863696], [0.0, 796.8910634503094, 476.8848988407415], [0.0, 0.0, 1.0]], [[1249.9629280788233, 0.0, 825.3768045375984], [0.0, 1249.9629280788233, 462.54816385708756], [0.0, 0.0, 1.0]]], "extrinsics": [[[0.8156530857086182, -0.5772126317024231, -0.03918902575969696, -0.962310791015625], [-0.00981847569346428, 0.053917158395051956, -0.9984971284866333, 1.4877166748046875], [0.5784581303596497, 0.8148120045661926, 0.03831034153699875, -1.3048095703125], [0.0, 0.0, 0.0, 1.0]], [[0.00026909427833743393, -0.9987587332725525, -0.04980902373790741, 0.006591796875], [-0.008015620522201061, 0.04980527237057686, -0.9987267851829529, 1.479766845703125], [0.9999678730964661, 0.0006679020007140934, -0.007992269471287727, -1.6920166015625], [0.0, 0.0, 0.0, 1.0]], [[-0.8482146263122559, -0.5292112231254578, -0.02162146009504795, 1.0628662109375], [-0.00015694323519710451, 0.04107308015227318, -0.99915611743927, 1.4930343627929688], [0.5296527147293091, -0.847495436668396, -0.03492184728384018, -1.25933837890625], [0.0, 0.0, 0.0, 1.0]], [[0.9478289484977722, 0.3187118470668793, -0.006570027209818363, -1.1435546875], [-0.02582998014986515, 0.05624194070696831, -0.9980829954147339, 1.5620346069335938], [-0.3177313208580017, 0.94618159532547, 0.06154005229473114, -0.15625], [0.0, 0.0, 0.0, 1.0]], [[0.012497943826019764, 0.998744547367096, 0.04850992560386658, -0.029052734375], [-0.023582566529512405, 0.04879462718963623, -0.9985303282737732, 1.5677566528320312], [-0.9996438026428223, 0.011335628107190132, 0.024162791669368744, 0.03204345703125], [0.0, 0.0, 0.0, 1.0]], [[-0.9214661717414856, 0.3874475955963135, 0.0280078686773777, 1.1385765075683594], [-0.019390923902392387, 0.026132455095648766, -0.9994703531265259, 1.547332763671875], [-0.38797420263290405, -0.9215213656425476, -0.016567209735512733, -0.0523681640625], [0.0, 0.0, 0.0, 1.0]]], "view": [[0.0, -2.0, 100.0], [-2.0, 0.0, 100.0], [0.0, 0.0, 1.0]], "bev": "bev_a95743c4001c4482bc251003c0fb20d0.png", "aux": "aux_a95743c4001c4482bc251003c0fb20d0.npz", "visibility": "visibility_a95743c4001c4482bc251003c0fb20d0.png", "pose": [[0.8529792428016663, 0.5219448804855347, 0.0, 1302.09619140625], [-0.5219448804855347, 0.8529792428016663, 0.0, 895.3865966796875], [0.0, 0.0, 1.0, 0.0], [0.0, 0.0, 0.0, 1.0]], "pose_inverse": [[0.8529792428016663, -0.5219448804855347, 0.0, -643.3185424804688], [0.5219448804855347, 0.8529792428016663, 0.0, -1443.36865234375], [0.0, 0.0, 1.0, 0.0], [0.0, 0.0, 0.0, 1.0]], "cam_ids": [0, 1, 2, 3, 4, 5], "cam_channels": ["CAM_FRONT_LEFT", "CAM_FRONT", "CAM_FRONT_RIGHT", "CAM_BACK_LEFT", "CAM_BACK", "CAM_BACK_RIGHT"], "token": "a95743c4001c4482bc251003c0fb20d0", "scene": "scene-0778"}, {"images": ["samples/CAM_FRONT_LEFT/n008-2018-08-30-15-31-50-0400__CAM_FRONT_LEFT__1535657719154799.jpg", "samples/CAM_FRONT/n008-2018-08-30-15-31-50-0400__CAM_FRONT__1535657719162404.jpg", "samples/CAM_FRONT_RIGHT/n008-2018-08-30-15-31-50-0400__CAM_FRONT_RIGHT__1535657719170482.jpg", "samples/CAM_BACK_LEFT/n008-2018-08-30-15-31-50-0400__CAM_BACK_LEFT__1535657719197405.jpg", "samples/CAM_BACK/n008-2018-08-30-15-31-50-0400__CAM_BACK__1535657719187558.jpg", "samples/CAM_BACK_RIGHT/n008-2018-08-30-15-31-50-0400__CAM_BACK_RIGHT__1535657719178113.jpg"], "intrinsics": [[[1257.8625342125129, 0.0, 827.2410631095686], [0.0, 1257.8625342125129, 450.915498205774], [0.0, 0.0, 1.0]], [[1252.8131021185304, 0.0, 826.588114781398], [0.0, 1252.8131021185304, 469.9846626224581], [0.0, 0.0, 1.0]], [[1256.7485116440405, 0.0, 817.7887570959712], [0.0, 1256.7485116440403, 451.9541780095127], [0.0, 0.0, 1.0]], [[1254.9860565800168, 0.0, 829.5769333630991], [0.0, 1254.9860565800168, 467.1680561863987], [0.0, 0.0, 1.0]], [[796.8910634503094, 0.0, 857.7774326863696], [0.0, 796.8910634503094, 476.8848988407415], [0.0, 0.0, 1.0]], [[1249.9629280788233, 0.0, 825.3768045375984], [0.0, 1249.9629280788233, 462.54816385708756], [0.0, 0.0, 1.0]]], "extrinsics": [[[0.8136807084083557, -0.5802614092826843, -0.0349343866109848, -0.9522857666015625], [-0.005463467910885811, 0.052459537982940674, -0.9986081123352051, 1.487823486328125], [0.5812863111495972, 0.8127390742301941, 0.03951507434248924, -1.2987060546875], [0.0, 0.0, 0.0, 1.0]], [[-0.0024824468418955803, -0.9988322257995605, -0.04824936389923096, 0.0072021484375], [-0.0036162869073450565, 0.04825816676020622, -0.9988283514976501, 1.4798812866210938], [0.9999904036521912, -0.0023050550371408463, -0.0037318614777177572, -1.6826171875], [0.0, 0.0, 0.0, 1.0]], [[-0.8492894768714905, -0.5273600816726685, -0.0244688019156456, 1.057373046875], [0.004305817186832428, 0.03942783176898956, -0.9992130994796753, 1.4931869506835938], [0.5279098749160767, -0.8487266302108765, -0.03121493011713028, -1.255126953125], [0.0, 0.0, 0.0, 1.0]], [[0.9477940797805786, 0.3188720643520355, -0.0026422771625220776, -1.1446533203125], [-0.02110298164188862, 0.054452914744615555, -0.9982932806015015, 1.5620574951171875], [-0.3181839883327484, 0.946232259273529, 0.058339301496744156, -0.15594482421875], [0.0, 0.0, 0.0, 1.0]], [[0.012973489239811897, 0.9988188147544861, 0.04682518169283867, -0.029296875], [-0.01896136812865734, 0.047066450119018555, -0.9987117648124695, 1.5677642822265625], [-0.9997360110282898, 0.012068874202668667, 0.01954958587884903, 0.03009033203125], [0.0, 0.