[{"images": ["samples/CAM_FRONT_LEFT/n015-2018-08-01-16-41-59+0800__CAM_FRONT_LEFT__1533112927504844.jpg", "samples/CAM_FRONT/n015-2018-08-01-16-41-59+0800__CAM_FRONT__1533112927512460.jpg", "samples/CAM_FRONT_RIGHT/n015-2018-08-01-16-41-59+0800__CAM_FRONT_RIGHT__1533112927520339.jpg", "samples/CAM_BACK_LEFT/n015-2018-08-01-16-41-59+0800__CAM_BACK_LEFT__1533112927547423.jpg", "samples/CAM_BACK/n015-2018-08-01-16-41-59+0800__CAM_BACK__1533112927537525.jpg", "samples/CAM_BACK_RIGHT/n015-2018-08-01-16-41-59+0800__CAM_BACK_RIGHT__1533112927527893.jpg"], "intrinsics": [[[1272.5979470598488, 0.0, 826.6154927353808], [0.0, 1272.5979470598488, 479.75165386361925], [0.0, 0.0, 1.0]], [[1266.417203046554, 0.0, 816.2670197447984], [0.0, 1266.417203046554, 491.50706579294757], [0.0, 0.0, 1.0]], [[1260.8474446004698, 0.0, 807.968244525554], [0.0, 1260.8474446004698, 495.3344268742088], [0.0, 0.0, 1.0]], [[1256.7414812095406, 0.0, 792.1125740759628], [0.0, 1256.7414812095406, 492.7757465151356], [0.0, 0.0, 1.0]], [[809.2209905677063, 0.0, 829.2196003259838], [0.0, 809.2209905677063, 481.77842384512485], [0.0, 0.0, 1.0]], [[1259.5137405846733, 0.0, 807.2529053838625], [0.0, 1259.5137405846733, 501.19579884916527], [0.0, 0.0, 1.0]]], "extrinsics": [[[0.820758044719696, -0.5712433457374573, 0.006106363609433174, -0.9649658203125], [0.0015147669473662972, -0.008512796834111214, -0.999962568283081, 1.508247971534729], [0.571273922920227, 0.8207365870475769, -0.006121646612882614, -1.28021240234375], [0.0, 0.0, 0.0, 1.0]], [[0.005681207403540611, -0.9999050498008728, 0.0125485984608531, 0.005126953125], [-0.003782417392358184, -0.012570199556648731, -0.9999138712882996, 1.520533561706543], [0.9999767541885376, 0.005633298307657242, -0.0038534735795110464, -1.69232177734375], [0.0, 0.0, 0.0, 1.0]], [[-0.8329105377197266, -0.5533924102783203, -0.0041047921404242516, 1.0323486328125], [0.0018420676933601499, 0.004644919186830521, -0.9999874830245972, 1.5036449432373047], [0.5534045696258545, -0.8329076766967773, -0.002849414711818099, -1.2487335205078125], [0.0, 0.0, 0.0, 1.0]], [[0.9477475881576538, 0.31901663541793823, 0.0017426538979634643, -1.1422119140625], [0.010488813742995262, -0.025700116530060768, -0.9996146559715271, 1.5885549783706665], [-0.3188488781452179, 0.9474006295204163, -0.02770332619547844, -0.10369873046875], [0.0, 0.0, 0.0, 1.0]], [[0.0024168670643121004, 0.9998734593391418, -0.01572565734386444, 0.00274658203125], [-0.014911966398358345, -0.015687916427850723, -0.9997657537460327, 1.5793571472167969], [-0.9998858571052551, 0.0026507822331041098, 0.014872163534164429, 0.00189208984375], [0.0, 0.0, 0.0, 1.0]], [[-0.9347562789916992, 0.35489732027053833, -0.01669320836663246, 1.13623046875], [0.017718873918056488, -0.0003599868214223534, -0.9998429417610168, 1.5514488220214844], [-0.3548475503921509, -0.9349052309989929, -0.0059518818743526936, -0.06365966796875], [0.0, 0.0, 0.0, 1.0]]], "view": [[0.0, -2.0, 100.0], [-2.0, 0.0, 100.0], [0.0, 0.0, 1.0]], "bev": "bev_accbc57b8104487d9a56b3c671d1c166.png", "aux": "aux_accbc57b8104487d9a56b3c671d1c166.npz", "visibility": "visibility_accbc57b8104487d9a56b3c671d1c166.png", "pose": [[-0.590986967086792, 0.8066810965538025, 0.0, 174.11094665527344], [-0.8066810965538025, -0.590986967086792, 0.0, 1112.9735107421875], [0.0, 0.0, 1.0, 0.0], [0.0, 0.0, 0.0, 1.0]], "pose_inverse": [[-0.590986967086792, -0.8066810965538025, 0.0, 1000.7119750976562], [0.8066810965538025, -0.590986967086792, 0.0, 517.3008422851562], [0.0, 0.0, 1.0, 0.0], [0.0, 0.0, 0.0, 1.0]], "cam_ids": [0, 1, 2, 3, 4, 5], "cam_channels": ["CAM_FRONT_LEFT", "CAM_FRONT", "CAM_FRONT_RIGHT", "CAM_BACK_LEFT", "CAM_BACK", "CAM_BACK_RIGHT"], "token": "accbc57b8104487d9a56b3c671d1c166", "scene": "scene-0130"}, {"images": ["samples/CAM_FRONT_LEFT/n015-2018-08-01-16-41-59+0800__CAM_FRONT_LEFT__1533112927904844.jpg", "samples/CAM_FRONT/n015-2018-08-01-16-41-59+0800__CAM_FRONT__1533112927912471.jpg", "samples/CAM_FRONT_RIGHT/n015-2018-08-01-16-41-59+0800__CAM_FRONT_RIGHT__1533112927920339.jpg", "samples/CAM_BACK_LEFT/n015-2018-08-01-16-41-59+0800__CAM_BACK_LEFT__1533112927947423.jpg", "samples/CAM_BACK/n015-2018-08-01-16-41-59+0800__CAM_BACK__1533112927937525.jpg", "samples/CAM_BACK_RIGHT/n015-2018-08-01-16-41-59+0800__CAM_BACK_RIGHT__1533112927927893.jpg"], "intrinsics": [[[1272.5979470598488, 0.0, 826.6154927353808], [0.0, 1272.5979470598488, 479.75165386361925], [0.0, 0.0, 1.0]], [[1266.417203046554, 0.0, 816.2670197447984], [0.0, 1266.417203046554, 491.50706579294757], [0.0, 0.0, 1.0]], [[1260.8474446004698, 0.0, 807.968244525554], [0.0, 1260.8474446004698, 495.3344268742088], [0.0, 0.0, 1.0]], [[1256.7414812095406, 0.0, 792.1125740759628], [0.0, 1256.7414812095406, 492.7757465151356], [0.0, 0.0, 1.0]], [[809.2209905677063, 0.0, 829.2196003259838], [0.0, 809.2209905677063, 481.77842384512485], [0.0, 0.0, 1.0]], [[1259.5137405846733, 0.0, 807.2529053838625], [0.0, 1259.5137405846733, 501.19579884916527], [0.0, 0.0, 1.0]]], "extrinsics": [[[0.8207609057426453, -0.5712403059005737, 0.006016591563820839, -0.96490478515625], [0.0014370797434821725, -0.008467313833534718, -0.999963104724884, 1.508248209953308], [0.5712701678276062, 0.8207392692565918, -0.006128722336143255, -1.28021240234375], [0.0, 0.0, 0.0, 1.0]], [[0.0056858668103814125, -0.9999055862426758, 0.01250501163303852, 0.005035400390625], [-0.003859263611957431, -0.012527063488960266, -0.9999141097068787, 1.520533561706543], [0.999976396560669, 0.005637090187519789, -0.003930126316845417, -1.69232177734375], [0.0, 0.0, 0.0, 1.0]], [[-0.8329092264175415, -0.5533947944641113, -0.004064011387526989, 1.0323486328125], [0.0017660146113485098, 0.004685680381953716, -0.9999874234199524, 1.5036449432373047], [0.5534068942070007, -0.8329059481620789, -0.0029254411347210407, -1.248779296875], [0.0, 0.0, 0.0, 1.0]], [[0.9477483630180359, 0.31901437044143677, 0.0017115229275077581, -1.142333984375], [0.0104434909299016, -0.025663215667009354, -0.9996160864830017, 1.5885566473007202], [-0.31884801387786865, 0.9474024772644043, -0.027653895318508148, -0.10369873046875], [0.0, 0.0, 0.0, 1.0]], [[0.0024150682147592306, 0.9998741149902344, -0.01568436808884144, 0.0028076171875], [-0.014982028864324093, -0.015646474435925484, -0.9997653961181641, 1.5793571472167969], [-0.9998849034309387, 0.0026494567282497883, 0.014942354522645473, 0.001953125], [0.0, 0.0, 0.0, 1.0]], [[-0.9347580671310425, 0.35489609837532043, -0.016612282022833824, 1.13616943359375], [0.017648132517933846, -0.0003182899672538042, -0.9998441934585571, 1.5514469146728516], [-0.35484614968299866, -0.9349058270454407, -0.005965730175375938, -0.06365966796875], [0.0, 0.0, 0.0, 1.0]]], "view": [[0.0, -2.0, 100.0], [-2.0, 0.0, 100.0], [0.0, 0.0, 1.0]], "bev": "bev_4cfee7ca610244e9bc1cf4f4e541573b.png", "aux": "aux_4cfee7ca610244e9bc1cf4f4e541573b.npz", "visibility": "visibility_4cfee7ca610244e9bc1cf4f4e541573b.png", "pose": [[-0.5909173488616943, 0.8067321181297302, 0.0, 174.11099243164062], [-0.8067321181297302, -0.5909173488616943, 0.0, 1112.9735107421875], [0.0, 0.0, 1.0, 0.0], [0.0, 0.0, 0.0, 1.0]], "pose_inverse": [[-0.5909173488616943, -0.8067321181297302, 0.0, 1000.7566528320312], [0.8067321181297302, -0.5909173488616943, 0.0, 517.2144165039062], [0.0, 0.0, 1.0, 0.0], [0.0, 0.0, 0.0, 1.0]], "cam_ids": [0, 1, 2, 3, 4, 5], "cam_channels": ["CAM_FRONT_LEFT", "CAM_FRONT", "CAM_FRONT_RIGHT", "CAM_BACK_LEFT", "CAM_BACK", "CAM_BACK_RIGHT"], "token": "4cfee7ca610244e9bc1cf4f4e541573b", "scene": "scene-0130"}, {"images": ["samples/CAM_FRONT_LEFT/n015-2018-08-01-16-41-59+0800__CAM_FRONT_LEFT__1533112928404844.jpg", "samples/CAM_FRONT/n015-2018-08-01-16-41-59+0800__CAM_FRONT__1533112928412460.jpg", "samples/CAM_FRONT_RIGHT/n015-2018-08-01-16-41-59+0800__CAM_FRONT_RIGHT__1533112928420339.jpg", "samples/CAM_BACK_LEFT/n015-2018-08-01-16-41-59+0800__CAM_BACK_LEFT__1533112928447423.jpg", "samples/CAM_BACK/n015-2018-08-01-16-41-59+0800__CAM_BACK__1533112928437525.jpg", "samples/CAM_BACK_RIGHT/n015-2018-08-01-16-41-59+0800__CAM_BACK_RIGHT__1533112928427893.jpg"], "intrinsics": [[[1272.5979470598488, 0.0, 826.6154927353808], [0.0, 1272.5979470598488, 479.75165386361925], [0.0, 0.0, 1.0]], [[1266.417203046554, 0.0, 816.2670197447984], [0.0, 1266.417203046554, 491.50706579294757], [0.0, 0.0, 1.0]], [[1260.8474446004698, 0.0, 807.968244525554], [0.0, 1260.8474446004698, 495.3344268742088], [0.0, 0.0, 1.0]], [[1256.7414812095406, 0.0, 792.1125740759628], [0.0, 1256.7414812095406, 492.7757465151356], [0.0, 0.0, 1.0]], [[809.2209905677063, 0.0, 829.2196003259838], [0.0, 809.2209905677063, 481.77842384512485], [0.0, 0.0, 1.0]], [[1259.5137405846733, 0.0, 807.2529053838625], [0.0, 1259.5137405846733, 501.19579884916527], [0.0, 0.0, 1.0]]], "extrinsics": [[[0.820772647857666, -0.5712240934371948, 0.005940223578363657, -0.9649658203125], [0.0013601194368675351, -0.008444420993328094, -0.9999634027481079, 1.5082484483718872], [0.5712534189224243, 0.8207507133483887, -0.006154016125947237, -1.2801513671875], [0.0, 0.0, 0.0, 1.0]], [[0.005703311879187822, -0.9999058842658997, 0.012477651238441467, 0.005096435546875], [-0.0039269872941076756, -0.012500153854489326, -0.9999141693115234, 1.520533561706543], [0.9999759793281555, 0.0056539010256528854, -0.003997910302132368, -1.6922607421875], [0.0, 0.0, 0.0, 1.0]], [[-0.8329020738601685, -0.5534056425094604, -0.004032621160149574, 1.0322265625], [0.001707522664219141, 0.004716922529041767, -0.9999873638153076, 1.503645420074463], [0.5534178018569946, -0.8328985571861267, -0.002983780112117529, -1.2487411499023438], [0.0, 0.0, 0.0, 1.0]], [[0.9477468729019165, 0.3190189301967621, 0.0016709589399397373, -1.142333984375], [0.010383175686001778, -0.02561071328818798, -0.9996180534362793, 1.588556170463562], [-0.3188542425632477, 0.9474022388458252, -0.027584901079535484, -0.103729248046875], [0.0, 0.0, 0.0, 1.0]], [[0.0024097803980112076, 0.9998747706413269, -0.015642687678337097, 0.00286865234375], [-0.01502880547195673, -0.015604753978550434, -0.9997652769088745, 1.5793590545654297], [-0.9998841285705566, 0.002644365420565009, 0.014989316463470459, 0.0018310546875], [0.0, 0.0, 0.0, 1.0]], [[-0.9347623586654663, 0.35488781332969666, -0.016551589593291283, 1.13623046875], [0.017596155405044556, -0.00028404276235960424, -0.9998451471328735, 1.5514507293701172], [-0.35483765602111816, -0.9349088668823242, -0.0059791505336761475, -0.0635986328125], [0.0, 0.0, 0.0, 1.0]]], "view": [[0.0, -2.0, 100.0], [-2.0, 0.0, 100.0], [0.0, 0.0, 1.0]], "bev": "bev_b74977e083a844ffb8afa2ee60e3d58d.png", "aux": "aux_b74977e083a844ffb8afa2ee60e3d58d.npz", "visibility": "visibility_b74977e083a844ffb8afa2ee60e3d58d.png", "pose": [[-0.5909503102302551, 0.8067079782485962, 0.0, 174.11102294921875], [-0.8067079782485962, -0.5909503102302551, 0.0, 1112.9735107421875], [0.0, 0.0, 1.0, 0.0], [0.0, 0.0, 0.0, 1.0]], "pose_inverse": [[-0.5909503102302551, -0.8067079782485962, 0.0, 1000.7355346679688], [0.8067079782485962, -0.5909503102302551, 0.0, 517.2552490234375], [0.0, 0.0, 1.0, 0.0], [0.0, 0.0, 0.0, 1.0]], "cam_ids": [0, 1, 2, 3, 4, 5], "cam_channels": ["CAM_FRONT_LEFT", "CAM_FRONT", "CAM_FRONT_RIGHT", "CAM_BACK_LEFT", "CAM_BACK", "CAM_BACK_RIGHT"], "token": "b74977e083a844ffb8afa2ee60e3d58d", "scene": "scene-0130"}, {"images": ["samples/CAM_FRONT_LEFT/n015-2018-08-01-16-41-59+0800__CAM_FRONT_LEFT__1533112928904844.jpg", "samples/CAM_FRONT/n015-2018-08-01-16-41-59+0800__CAM_FRONT__1533112928912460.jpg", "samples/CAM_FRONT_RIGHT/n015-2018-08-01-16-41-59+0800__CAM_FRONT_RIGHT__1533112928920339.jpg", "samples/CAM_BACK_LEFT/n015-2018-08-01-16-41-59+0800__CAM_BACK_LEFT__1533112928947423.jpg", "samples/CAM_BACK/n015-2018-08-01-16-41-59+0800__CAM_BACK__1533112928937525.jpg", "samples/CAM_BACK_RIGHT/n015-2018-08-01-16-41-59+0800__CAM_BACK_RIGHT__1533112928927893.jpg"], "intrinsics": [[[1272.5979470598488, 0.0, 826.6154927353808], [0.0, 1272.5979470598488, 479.75165386361925], [0.0, 0.0, 1.0]], [[1266.417203046554, 0.0, 816.2670197447984], [0.0, 1266.417203046554, 491.50706579294757], [0.0, 0.0, 1.0]], [[1260.8474446004698, 0.0, 807.968244525554], [0.0, 1260.8474446004698, 495.3344268742088], [0.0, 0.0, 1.0]], [[1256.7414812095406, 0.0, 792.1125740759628], [0.0, 1256.7414812095406, 492.7757465151356], [0.0, 0.0, 1.0]], [[809.2209905677063, 0.0, 829.2196003259838], [0.0, 809.2209905677063, 481.77842384512485], [0.0, 0.0, 1.0]], [[1259.5137405846733, 0.0, 807.2529053838625], [0.0, 1259.5137405846733, 501.19579884916527], [0.0, 0.0, 1.0]]], "extrinsics": [[[0.820793867111206, -0.5711938738822937, 0.00591310765594244, -0.96484375], [0.0013071553548797965, -0.008473454974591732, -0.9999632239341736, 1.5082486867904663], [0.5712229013442993, 0.8207714557647705, -0.006208320148289204, -1.28021240234375], [0.0, 0.0, 0.0, 1.0]], [[0.0057347919791936874, -0.9999052882194519, 0.012511254288256168, 0.00506591796875], [-0.003991950303316116, -0.012534253299236298, -0.9999135136604309, 1.520533561706543], [0.9999755620956421, 0.005684368312358856, -0.004063453990966082, -1.69232177734375], [0.0, 0.0, 0.0, 1.0]], [[-0.8328890204429626, -0.5534259080886841, -0.003946175333112478, 1.0322265625], [0.0016295653767883778, 0.004677916411310434, -0.9999877214431763, 1.5036439895629883], [0.5534375905990601, -0.8328852653503418, -0.0029943392146378756, -1.2487411499023438], [0.0, 0.0, 0.0, 1.0]], [[0.9477458000183105, 0.3190227150917053, 0.0015589853283017874, -1.1422119140625], [0.010287395678460598, -0.02567669004201889, -0.999617338180542, 1.5885554552078247], [-0.31886059045791626, 0.9473992586135864, -0.027616890147328377, -0.1037139892578125], [0.0, 0.0, 0.0, 1.0]], [[0.002399764722213149, 0.9998738169670105, -0.015702536329627037, 0.0028076171875], [-0.015132165513932705, -0.01566447503864765, -0.999762773513794, 1.5793571472167969], [-0.9998826384544373, 0.002636803314089775, 0.015092664398252964, 0.001953125], [0.0, 0.0, 0.0, 1.0]], [[-0.934769868850708, 0.35487112402915955, -0.016488004475831985, 1.13623046875], [0.017512567341327667, -0.0003247885324526578, -0.9998466372489929, 1.5514507293701172], [-0.3548220694065094, -0.9349151849746704, -0.005911102518439293, -0.063720703125], [0.0, 0.0, 0.0, 1.0]]], "view": [[0.0, -2.0, 100.0], [-2.0, 0.0, 100.0], [0.0, 0.0, 1.0]], "bev": "bev_e38f2364ce574d9c9789bcab73bedd99.png", "aux": "aux_e38f2364ce574d9c9789bcab73bedd99.npz", "visibility": "visibility_e38f2364ce574d9c9789bcab73bedd99.png", "pose": [[-0.5909899473190308, 0.8066789507865906, 0.0, 174.11105346679688], [-0.8066789507865906, -0.5909899473190308, 0.0, 1112.9735107421875], [0.0, 0.0, 1.0, 0.0], [0.0, 0.0, 0.0, 1.0]], "pose_inverse": [[-0.5909899473190308, -0.8066789507865906, 0.0, 1000.7101440429688], [0.8066789507865906, -0.5909899473190308, 0.0, 517.304443359375], [0.0, 0.0, 1.0, 0.0], [0.0, 0.0, 0.0, 1.0]], "cam_ids": [0, 1, 2, 3, 4, 5], "cam_channels": ["CAM_FRONT_LEFT", "CAM_FRONT", "CAM_FRONT_RIGHT", "CAM_BACK_LEFT", "CAM_BACK", "CAM_BACK_RIGHT"], "token": "e38f2364ce574d9c9789bcab73bedd99", "scene": "scene-0130"}, {"images": ["samples/CAM_FRONT_LEFT/n015-2018-08-01-16-41-59+0800__CAM_FRONT_LEFT__1533112929404844.jpg", "samples/CAM_FRONT/n015-2018-08-01-16-41-59+0800__CAM_FRONT__1533112929412460.jpg", "samples/CAM_FRONT_RIGHT/n015-2018-08-01-16-41-59+0800__CAM_FRONT_RIGHT__1533112929420339.jpg", "samples/CAM_BACK_LEFT/n015-2018-08-01-16-41-59+0800__CAM_BACK_LEFT__1533112929447423.jpg", "samples/CAM_BACK/n015-2018-08-01-16-41-59+0800__CAM_BACK__1533112929437525.jpg", "samples/CAM_BACK_RIGHT/n015-2018-08-01-16-41-59+0800__CAM_BACK_RIGHT__1533112929427893.jpg"], "intrinsics": [[[1272.5979470598488, 0.0, 826.6154927353808], [0.0, 1272.5979470598488, 479.75165386361925], [0.0, 0.0, 1.0]], [[1266.417203046554, 0.0, 816.2670197447984], [0.0, 1266.417203046554, 491.50706579294757], [0.0, 0.0, 1.0]], [[1260.8474446004698, 0.0, 807.968244525554], [0.0, 1260.8474446004698, 495.3344268742088], [0.0, 0.0, 1.0]], [[1256.7414812095406, 0.0, 792.1125740759628], [0.0, 1256.7414812095406, 492.7757465151356], [0.0, 0.0, 1.0]], [[809.2209905677063, 0.0, 829.2196003259838], [0.0, 809.2209905677063, 481.77842384512485], [0.0, 0.0, 1.0]], [[1259.5137405846733, 0.0, 807.2529053838625], [0.0, 1259.5137405846733, 501.19579884916527], [0.0, 0.0, 1.0]]], "extrinsics": [[[0.8207716941833496, -0.5712262392044067, 0.0058691962622106075, -0.96490478515625], [0.0012650639982894063, -0.0084566380828619, -0.9999634623527527, 1.50824773311615], [0.5712550282478333, 0.8207491040229797, -0.006218330934643745, -1.2802734375], [0.0, 0.0, 0.0, 1.0]], [[0.00570637546479702, -0.9999057054519653, 0.012491092085838318, 0.005096435546875], [-0.0040213968604803085, -0.012514141388237476, -0.9999136328697205, 1.520533561706543], [0.9999756217002869, 0.005655636545270681, -0.004092428833246231, -1.69232177734375], [0.0, 0.0, 0.0, 1.0]], [[-0.8328999876976013, -0.5534095168113708, -0.003945724572986364, 1.0322265625], [0.0016136773629114032, 0.004701120778918266, -0.9999876022338867, 1.5036449432373047], [0.5534211993217468, -0.8328960537910461, -0.0030225380323827267, -1.24871826171875], [0.0, 0.0, 0.0, 1.0]], [[0.947746992111206, 0.31901928782463074, 0.001558832824230194, -1.142333984375], [0.01027774903923273, -0.025648824870586395, -0.9996181726455688, 1.5885554552078247], [-0.31885743141174316, 0.9474011063575745, -0.027587397024035454, -0.103729248046875], [0.0, 0.0, 0.0, 1.0]], [[0.0024067466147243977, 0.9998744130134583, -0.015665346756577492, 0.00274658203125], [-0.0151387182995677, -0.015627164393663406, -0.9997633099555969, 1.579355239868164], [-0.9998825192451477, 0.00264331279322505, 0.015099206939339638, 0.0018310546875], [0.0, 0.0, 0.0, 1.0]], [[-0.9347650408744812, 0.3548847734928131, -0.016467740759253502, 1.13616943359375], [0.017498966306447983, -0.0003037543501704931, -0.9998468160629272, 1.5514507293701172], [-0.3548353612422943, -0.934909999370575, -0.005926177836954594, -0.0635986328125], [0.0, 0.0, 0.0, 1.0]]], "view": [[0.0, -2.0, 100.0], [-2.0, 0.0, 100.0], [0.0, 0.0, 1.0]], "bev": "bev_f3be2ae993194491990feac37e9bbb6a.png", "aux": "aux_f3be2ae993194491990feac37e9bbb6a.npz", "visibility": "visibility_f3be2ae993194491990feac37e9bbb6a.png", "pose": [[-0.5909378528594971, 0.8067170977592468, 0.0, 174.111083984375], [-0.8067170977592468, -0.5909378528594971, 0.0, 1112.9735107421875], [0.0, 0.0, 1.0, 0.0], [0.0, 0.0, 0.0, 1.0]], "pose_inverse": [[-0.5909378528594971, -0.8067170977592468, 0.0, 1000.7435913085938], [0.8067170977592468, -0.5909378528594971, 0.0, 517.2398071289062], [0.0, 0.0, 1.0, 0.0], [0.0, 0.0, 0.0, 1.0]], "cam_ids": [0, 1, 2, 3, 4, 5], "cam_channels": ["CAM_FRONT_LEFT", "CAM_FRONT", "CAM_FRONT_RIGHT", "CAM_BACK_LEFT", "CAM_BACK", "CAM_BACK_RIGHT"], "token": "f3be2ae993194491990feac37e9bbb6a", "scene": "scene-0130"}, {"images": ["samples/CAM_FRONT_LEFT/n015-2018-08-01-16-41-59+0800__CAM_FRONT_LEFT__1533112929904844.jpg", "samples/CAM_FRONT/n015-2018-08-01-16-41-59+0800__CAM_FRONT__1533112929912460.jpg", "samples/CAM_FRONT_RIGHT/n015-2018-08-01-16-41-59+0800__CAM_FRONT_RIGHT__1533112929920339.jpg", "samples/CAM_BACK_LEFT/n015-2018-08-01-16-41-59+0800__CAM_BACK_LEFT__1533112929947423.jpg", "samples/CAM_BACK/n015-2018-08-01-16-41-59+0800__CAM_BACK__1533112929937525.jpg", "samples/CAM_BACK_RIGHT/n015-2018-08-01-16-41-59+0800__CAM_BACK_RIGHT__1533112929927893.jpg"], "intrinsics": [[[1272.5979470598488, 0.0, 826.6154927353808], [0.0, 1272.5979470598488, 479.75165386361925], [0.0, 0.0, 1.0]], [[1266.417203046554, 0.0, 816.2670197447984], [0.0, 1266.417203046554, 491.50706579294757], [0.0, 0.0, 1.0]], [[1260.8474446004698, 0.0, 807.968244525554], [0.0, 1260.8474446004698, 495.3344268742088], [0.0, 0.0, 1.0]], [[1256.7414812095406, 0.0, 792.1125740759628], [0.0, 1256.7414812095406, 492.7757465151356], [0.0, 0.0, 1.0]], [[809.2209905677063, 0.0, 829.2196003259838], [0.0, 809.2209905677063, 481.77842384512485], [0.0, 0.0, 1.0]], [[1259.5137405846733, 0.0, 807.2529053838625], [0.0, 1259.5137405846733, 501.19579884916527], [0.0, 0.0, 1.0]]], "extrinsics": [[[0.8207762241363525, -0.5712200999259949, 0.005825539585202932, -0.9649658203125], [0.0012341249966993928, -0.008424753323197365, -0.9999637603759766, 1.508248209953308], [0.571248471736908, 0.8207536339759827, -0.00620987918227911, -1.28021240234375], [0.0, 0.0, 0.0, 1.0]], [[0.005710189696401358, -0.9999061226844788, 0.012456418946385384, 0.005035400390625], [-0.004065539222210646, -0.012479733675718307, -0.9999138712882996, 1.520533561706543], [0.9999754428863525, 0.005659060552716255, -0.004136418458074331, -1.6923828125], [0.0, 0.0, 0.0, 1.0]], [[-0.8329001069068909, -0.5534093976020813, -0.003918074071407318, 1.0322265625], [0.0015558551531285048, 0.004738179501146078, -0.9999875426292419, 1.503645420074463], [0.553421139717102, -0.8328958749771118, -0.0030854051001369953, -1.24871826171875], [0.0, 0.0, 0.0, 1.0]], [[0.9477471113204956, 0.319019079208374, 0.0015093815745785832, -1.14208984375], [0.01021083164960146, -0.025604991242289543, -0.9996199607849121, 1.588556170463562], [-0.3188590705394745, 0.9474023580551147, -0.02752450667321682, -0.103759765625], [0.0, 0.0, 0.0, 1.0]], [[0.002405879320576787, 0.999875009059906, -0.015627441927790642, 0.0028076171875], [-0.015207855962216854, -0.015589095652103424, -0.9997628331184387, 1.5793590545654297], [-0.9998814463615417, 0.0026429351419210434, 0.015168447047472, 0.00189208984375], [0.0, 0.0, 0.0, 1.0]], [[-0.9347661733627319, 0.354885458946228, -0.01638621650636196, 1.13623046875], [0.017427723854780197, -0.00026172350044362247, -0.9998480677604675, 1.5514507293701172], [-0.35483574867248535, -0.9349098205566406, -0.005940193776041269, -0.0635986328125], [0.0, 0.0, 0.0, 1.0]]], "view": [[0.0, -2.0, 100.0], [-2.0, 0.0, 100.0], [0.0, 0.0, 1.0]], "bev": "bev_4c9ff230ffea4a55931d2c9ea0afcd96.png", "aux": "aux_4c9ff230ffea4a55931d2c9ea0afcd96.npz", "visibility": "visibility_4c9ff230ffea4a55931d2c9ea0afcd96.png", "pose": [[-0.5909717082977295, 0.8066923022270203, 0.0, 174.11109924316406], [-0.8066923022270203, -0.5909717082977295, 0.0, 1112.9735107421875], [0.0, 0.0, 1.0, 0.0], [0.0, 0.0, 0.0, 1.0]], "pose_inverse": [[-0.5909717082977295, -0.8066923022270203, 0.0, 1000.7218627929688], [0.8066923022270203, -0.5909717082977295, 0.0, 517.2817993164062], [0.0, 0.0, 1.0, 0.0], [0.0, 0.0, 0.0, 1.0]], "cam_ids": [0, 1, 2, 3, 4, 5], "cam_channels": ["CAM_FRONT_LEFT", "CAM_FRONT", "CAM_FRONT_RIGHT", "CAM_BACK_LEFT", "CAM_BACK", "CAM_BACK_RIGHT"], "token": "4c9ff230ffea4a55931d2c9ea0afcd96", "scene": "scene-0130"}, {"images": ["samples/CAM_FRONT_LEFT/n015-2018-08-01-16-41-59+0800__CAM_FRONT_LEFT__1533112930404844.jpg", "samples/CAM_FRONT/n015-2018-08-01-16-41-59+0800__CAM_FRONT__1533112930412460.jpg", "samples/CAM_FRONT_RIGHT/n015-2018-08-01-16-41-59+0800__CAM_FRONT_RIGHT__1533112930420339.jpg", "samples/CAM_BACK_LEFT/n015-2018-08-01-16-41-59+0800__CAM_BACK_LEFT__1533112930447423.jpg", "samples/CAM_BACK/n015-2018-08-01-16-41-59+0800__CAM_BACK__1533112930437525.jpg", "samples/CAM_BACK_RIGHT/n015-2018-08-01-16-41-59+0800__CAM_BACK_RIGHT__1533112930427893.jpg"], "intrinsics": [[[1272.5979470598488, 0.0, 826.6154927353808], [0.0, 1272.5979470598488, 479.75165386361925], [0.0, 0.0, 1.0]], [[1266.417203046554, 0.0, 816.2670197447984], [0.0, 1266.417203046554, 491.50706579294757], [0.0, 0.0, 1.0]], [[1260.8474446004698, 0.0, 807.968244525554], [0.0, 1260.8474446004698, 495.3344268742088], [0.0, 0.0, 1.0]], [[1256.7414812095406, 0.0, 792.1125740759628], [0.0, 1256.7414812095406, 492.7757465151356], [0.0, 0.0, 1.0]], [[809.2209905677063, 0.0, 829.2196003259838], [0.0, 809.2209905677063, 481.77842384512485], [0.0, 0.0, 1.0]], [[1259.5137405846733, 0.0, 807.2529053838625], [0.0, 1259.5137405846733, 501.19579884916527], [0.0, 0.0, 1.0]]], "extrinsics": [[[0.8207631707191467, -0.5712394714355469, 0.005772766191512346, -0.9649658203125], [0.0011615795083343983, -0.008436348289251328, -0.9999637007713318, 1.5082484483718872], [0.5712674856185913, 0.8207400441169739, -0.0062607028521597385, -1.2802734375], [0.0, 0.0, 0.0, 1.0]], [[0.005689278244972229, -0.9999060034751892, 0.012472548522055149, 0.0050048828125], [-0.004134699236601591, -0.012496167793869972, -0.9999133944511414, 1.520533561706543], [0.9999752640724182, 0.005637180060148239, -0.004205404780805111, -1.6923828125], [0.0, 0.0, 0.0, 1.0]], [[-0.8329107165336609, -0.5533939003944397, -0.0038516849745064974, 1.032470703125], [0.0014906232245266438, 0.00471649831160903, -0.9999877214431763, 1.5036437511444092], [0.5534053444862366, -0.8329063057899475, -0.0031035186257213354, -1.248687744140625], [0.0, 0.0, 0.0, 1.0]], [[0.9477475881576538, 0.31901785731315613, 0.0014478893717750907, -1.1422119140625], [0.010155105963349342, -0.02563222125172615, -0.9996198415756226, 1.5885552167892456], [-0.3188595175743103, 0.9474020004272461, -0.027532538399100304, -0.1036224365234375], [0.0, 0.0, 0.0, 1.0]], [[0.0024113378021866083, 0.9998745918273926, -0.015654051676392555, 0.00274658203125], [-0.015265739522874355, -0.015615466982126236, -0.9997615218162537, 1.5793609619140625], [-0.9998806118965149, 0.002649689093232155, 0.015226167626678944, 0.00189208984375], [0.0, 0.0, 0.0, 1.0]], [[-0.9347623586654663, 0.35489723086357117, -0.016350841149687767, 1.13623046875], [0.01737796701490879, -0.0002933406503871083, -0.9998489022254944, 1.5514507293701172], [-0.3548485040664673, -0.9349052906036377, -0.005893188063055277, -0.06365966796875], [0.0, 0.0, 0.0, 1.0]]], "view": [[0.0, -2.0, 100.0], [-2.0, 0.0, 100.0], [0.0, 0.0, 1.0]], "bev": "bev_1aef0655608748e099c97ae6a8559634.png", "aux": "aux_1aef0655608748e099c97ae6a8559634.npz", "visibility": "visibility_1aef0655608748e099c97ae6a8559634.png", "pose": [[-0.5910501480102539, 0.8066348433494568, 0.0, 174.11111450195312], [-0.8066348433494568, -0.5910501480102539, 0.0, 1112.973388671875], [0.0, 0.0, 1.0, 0.0], [0.0, 0.0, 0.0, 1.0]], "pose_inverse": [[-0.5910501480102539, -0.8066348433494568, 0.0, 1000.6715087890625], [0.8066348433494568, -0.5910501480102539, 0.0, 517.3789672851562], [0.0, 0.0, 1.0, 0.0], [0.0, 0.0, 0.0, 1.0]], "cam_ids": [0, 1, 2, 3, 4, 5], "cam_channels": ["CAM_FRONT_LEFT", "CAM_FRONT", "CAM_FRONT_RIGHT", "CAM_BACK_LEFT", "CAM_BACK", "CAM_BACK_RIGHT"], "token": "1aef0655608748e099c97ae6a8559634", "scene": "scene-0130"}, {"images": ["samples/CAM_FRONT_LEFT/n015-2018-08-01-16-41-59+0800__CAM_FRONT_LEFT__1533112930904844.jpg", "samples/CAM_FRONT/n015-2018-08-01-16-41-59+0800__CAM_FRONT__1533112930912460.jpg", "samples/CAM_FRONT_RIGHT/n015-2018-08-01-16-41-59+0800__CAM_FRONT_RIGHT__1533112930920339.jpg", "samples/CAM_BACK_LEFT/n015-2018-08-01-16-41-59+0800__CAM_BACK_LEFT__1533112930947423.jpg", "samples/CAM_BACK/n015-2018-08-01-16-41-59+0800__CAM_BACK__1533112930937525.jpg", "samples/CAM_BACK_RIGHT/n015-2018-08-01-16-41-59+0800__CAM_BACK_RIGHT__1533112930927893.jpg"], "intrinsics": [[[1272.5979470598488, 0.0, 826.6154927353808], [0.0, 1272.5979470598488, 479.75165386361925], [0.0, 0.0, 1.0]], [[1266.417203046554, 0.0, 816.2670197447984], [0.0, 1266.417203046554, 491.50706579294757], [0.0, 0.0, 1.0]], [[1260.8474446004698, 0.0, 807.968244525554], [0.0, 1260.8474446004698, 495.3344268742088], [0.0, 0.0, 1.0]], [[1256.7414812095406, 0.0, 792.1125740759628], [0.0, 1256.7414812095406, 492.7757465151356], [0.0, 0.0, 1.0]], [[809.2209905677063, 0.0, 829.2196003259838], [0.0, 809.2209905677063, 481.77842384512485], [0.0, 0.0, 1.0]], [[1259.5137405846733, 0.0, 807.2529053838625], [0.0, 1259.5137405846733, 501.19579884916527], [0.0, 0.0, 1.0]]], "extrinsics": [[[0.8207672238349915, -0.5712341666221619, 0.005709778983145952, -0.96502685546875], [0.0011021184036508203, -0.008411596529185772, -0.9999640583992004, 1.508248209953308], [0.5712615847587585, 0.8207440376281738, -0.006274393759667873, -1.2801513671875], [0.0, 0.0, 0.0, 1.0]], [[0.005697988905012608, -0.9999063014984131, 0.012446530163288116, 0.005035400390625], [-0.004197912756353617, -0.012470542453229427, -0.9999134540557861, 1.520533561706543], [0.9999749064445496, 0.005645173601806164, -0.004268574994057417, -1.69232177734375], [0.0, 0.0, 0.0, 1.0]], [[-0.8329064846038818, -0.5534005761146545, -0.0038103985134512186, 1.0323486328125], [0.0014233400579541922, 0.0047431159764528275, -0.9999877214431763, 1.5036437511444092], [0.5534118413925171, -0.8329017162322998, -0.0031628943979740143, -1.2487411499023438], [0.0, 0.0, 0.0, 1.0]], [[0.9477484226226807, 0.3190155625343323, 0.0013929324923083186, -1.1422119140625], [0.010098466649651527, -0.025636376813054085, -0.9996203184127808, 1.5885545015335083], [-0.31885871291160583, 0.9474027156829834, -0.02751840464770794, -0.103668212890625], [0.0, 0.0, 0.0, 1.0]], [[0.002407807856798172, 0.9998747110366821, -0.01564587838947773, 0.00286865234375], [-0.015323181636631489, -0.015607194043695927, -0.9997607469558716, 1.5793590545654297], [-0.9998796582221985, 0.0026469372678548098, 0.015283680520951748, 0.00189208984375], [0.0, 0.0, 0.0, 1.0]], [[-0.9347654581069946, 0.35489222407341003, -0.016278652474284172, 1.1363525390625], [0.017309393733739853, -0.00027047962066717446, -0.9998501539230347, 1.5514507293701172], [-0.3548435568809509, -0.9349071383476257, -0.0058901370503008366, -0.06365966796875], [0.0, 0.0, 0.0, 1.0]]], "view": [[0.0, -2.0, 100.0], [-2.0, 0.0, 100.0], [0.0, 0.0, 1.0]], "bev": "bev_2d1cd9513afc4e7d88132cbb3f9b56ed.png", "aux": "aux_2d1cd9513afc4e7d88132cbb3f9b56ed.npz", "visibility": "visibility_2d1cd9513afc4e7d88132cbb3f9b56ed.png", "pose": [[-0.591023325920105, 0.8066544532775879, 0.0, 174.1111297607422], [-0.8066544532775879, -0.591023325920105, 0.0, 1112.973388671875], [0.0, 0.0, 1.0, 0.0], [0.0, 0.0, 0.0, 1.0]], "pose_inverse": [[-0.591023325920105, -0.8066544532775879, 0.0, 1000.6886596679688], [0.8066544532775879, -0.591023325920105, 0.0, 517.3457641601562], [0.0, 0.0, 1.0, 0.0], [0.0, 0.0, 0.0, 1.0]], "cam_ids": [0, 1, 2, 3, 4, 5], "cam_channels": ["CAM_FRONT_LEFT", "CAM_FRONT", "CAM_FRONT_RIGHT", "CAM_BACK_LEFT", "CAM_BACK", "CAM_BACK_RIGHT"], "token": "2d1cd9513afc4e7d88132cbb3f9b56ed", "scene": "scene-0130"}, {"images": ["samples/CAM_FRONT_LEFT/n015-2018-08-01-16-41-59+0800__CAM_FRONT_LEFT__1533112931404844.jpg", "samples/CAM_FRONT/n015-2018-08-01-16-41-59+0800__CAM_FRONT__1533112931412460.jpg", "samples/CAM_FRONT_RIGHT/n015-2018-08-01-16-41-59+0800__CAM_FRONT_RIGHT__1533112931420339.jpg", "samples/CAM_BACK_LEFT/n015-2018-08-01-16-41-59+0800__CAM_BACK_LEFT__1533112931447423.jpg", "samples/CAM_BACK/n015-2018-08-01-16-41-59+0800__CAM_BACK__1533112931437525.jpg", "samples/CAM_BACK_RIGHT/n015-2018-08-01-16-41-59+0800__CAM_BACK_RIGHT__1533112931427893.jpg"], "intrinsics": [[[1272.5979470598488, 0.0, 826.6154927353808], [0.0, 1272.5979470598488, 479.75165386361925], [0.0, 0.0, 1.0]], [[1266.417203046554, 0.0, 816.2670197447984], [0.0, 1266.417203046554, 491.50706579294757], [0.0, 0.0, 1.0]], [[1260.8474446004698, 0.0, 807.968244525554], [0.0, 1260.8474446004698, 495.3344268742088], [0.0, 0.0, 1.0]], [[1256.7414812095406, 0.0, 792.1125740759628], [0.0, 1256.7414812095406, 492.7757465151356], [0.0, 0.0, 1.0]], [[809.2209905677063, 0.0, 829.2196003259838], [0.0, 809.2209905677063, 481.77842384512485], [0.0, 0.0, 1.0]], [[1259.5137405846733, 0.0, 807.2529053838625], [0.0, 1259.5137405846733, 501.19579884916527], [0.0, 0.0, 1.0]]], "extrinsics": [[[0.8207553029060364, -0.5712453126907349, 0.006289909593760967, -0.9649658203125], [0.0017655136762186885, -0.008473801426589489, -0.999962568283081, 1.5082486867904663], [0.5712771415710449, 0.8207356333732605, -0.0059463754296302795, -1.28021240234375], [0.0, 0.0, 0.0, 1.0]], [[0.005678356625139713, -0.9999057650566101, 0.01249910518527031, 0.005096435546875], [-0.0035167899914085865, -0.012519198469817638, -0.9999154210090637, 1.5205345153808594], [0.999977707862854, 0.005633875261992216, -0.0035875472240149975, -1.6922607421875], [0.0, 0.0, 0.0, 1.0]], [[-0.8329079747200012, -0.553394079208374, -0.00437396252527833, 1.0323486328125], [0.0021230815909802914, 0.004708349704742432, -0.9999866485595703, 1.5036439895629883], [0.5534073114395142, -0.832906186580658, -0.0027467203326523304, -1.24871826171875], [0.0, 0.0, 0.0, 1.0]], [[0.9477461576461792, 0.31901881098747253, 0.002046803943812847, -1.1422119140625], [0.010790013708174229, -0.02564169280230999, -0.9996129274368286, 1.588555932044983], [-0.3188428282737732, 0.9474014639854431, -0.027744034305214882, -0.103668212890625], [0.0, 0.0, 0.0, 1.0]], [[0.0024201050400733948, 0.999874472618103, -0.015658583492040634, 0.00286865234375], [-0.014614127576351166, -0.015621592290699482, -0.9997711777687073, 1.579355239868164], [-0.9998902678489685, 0.0026483116671442986, 0.014574486762285233, 0.001953125], [0.0, 0.0, 0.0, 1.0]], [[-0.9347520470619202, 0.354896605014801, -0.016943510621786118, 1.13629150390625], [0.018011018633842468, -0.0002956515527330339, -0.9998377561569214, 1.5514507293701172], [-0.3548440635204315, -0.9349055290222168, -0.006115689408034086, -0.0635986328125], [0.0, 0.0, 0.0, 1.0]]], "view": [[0.0, -2.0, 100.0], [-2.0, 0.0, 100.0], [0.0, 0.0, 1.0]], "bev": "bev_5406d0dee99e4d6c800abbc80c1dac1d.png", "aux": "aux_5406d0dee99e4d6c800abbc80c1dac1d.npz", "visibility": "visibility_5406d0dee99e4d6c800abbc80c1dac1d.png", "pose": [[-0.5909777879714966, 0.8066878318786621, 0.0, 174.11114501953125], [-0.8066878318786621, -0.5909777879714966, 0.0, 1112.973388671875], [0.0, 0.0, 1.0, 0.0], [0.0, 0.0, 0.0, 1.0]], "pose_inverse": [[-0.5909777879714966, -0.8066878318786621, 0.0, 1000.7178955078125], [0.8066878318786621, -0.5909777879714966, 0.0, 517.2892456054688], [0.0, 0.0, 1.0, 0.0], [0.0, 0.0, 0.0, 1.0]], "cam_ids": [0, 1, 2, 3, 4, 5], "cam_channels": ["CAM_FRONT_LEFT", "CAM_FRONT", "CAM_FRONT_RIGHT", "CAM_BACK_LEFT", "CAM_BACK", "CAM_BACK_RIGHT"], "token": "5406d0dee99e4d6c800abbc80c1dac1d", "scene": "scene-0130"}, {"images": ["samples/CAM_FRONT_LEFT/n015-2018-08-01-16-41-59+0800__CAM_FRONT_LEFT__1533112931904844.jpg", "samples/CAM_FRONT/n015-2018-08-01-16-41-59+0800__CAM_FRONT__1533112931912460.jpg", "samples/CAM_FRONT_RIGHT/n015-2018-08-01-16-41-59+0800__CAM_FRONT_RIGHT__1533112931920339.jpg", "samples/CAM_BACK_LEFT/n015-2018-08-01-16-41-59+0800__CAM_BACK_LEFT__1533112931947423.jpg", "samples/CAM_BACK/n015-2018-08-01-16-41-59+0800__CAM_BACK__1533112931937525.jpg", "samples/CAM_BACK_RIGHT/n015-2018-08-01-16-41-59+0800__CAM_BACK_RIGHT__1533112931927893.jpg"], "intrinsics": [[[1272.5979470598488, 0.0, 826.6154927353808], [0.0, 1272.5979470598488, 479.75165386361925], [0.0, 0.0, 1.0]], [[1266.417203046554, 0.0, 816.2670197447984], [0.0, 1266.417203046554, 491.50706579294757], [0.0, 0.0, 1.0]], [[1260.8474446004698, 0.0, 807.968244525554], [0.0, 1260.8474446004698, 495.3344268742088], [0.0, 0.0, 1.0]], [[1256.7414812095406, 0.0, 792.1125740759628], [0.0, 1256.7414812095406, 492.7757465151356], [0.0, 0.0, 1.0]], [[809.2209905677063, 0.0, 829.2196003259838], [0.0, 809.2209905677063, 481.77842384512485], [0.0, 0.0, 1.0]], [[1259.5137405846733, 0.0, 807.2529053838625], [0.0, 1259.5137405846733, 501.19579884916527], [0.0, 0.0, 1.0]]], "extrinsics": [[[0.820769727230072, -0.5712189078330994, 0.006781814619898796, -0.96429443359375], [0.002459742361679673, -0.00833774171769619, -0.9999622106552124, 1.5082502365112305], [0.5712538957595825, 0.8207554221153259, -0.005438315216451883, -1.27972412109375], [0.0, 0.0, 0.0, 1.0]], [[0.005697169341146946, -0.9999071955680847, 0.012371394783258438, 0.005096435546875], [-0.0028101045172661543, -0.012387555092573166, -0.9999193549156189, 1.5205302238464355], [0.9999797940254211, 0.005662015173584223, -0.0028804189059883356, -1.691650390625], [0.0, 0.0, 0.0, 1.0]], [[-0.832892656326294, -0.5534114241600037, -0.005043499171733856, 1.0318603515625], [0.0028422207105904818, 0.004835742060095072, -0.9999842643737793, 1.5036463737487793], [0.5534271001815796, -0.8328939080238342, -0.0024547362700104713, -1.2483596801757812], [0.0, 0.0, 0.0, 1.0]], [[0.9477423429489136, 0.319023996591568, 0.0028330408968031406, -1.142333984375], [0.011577343568205833, -0.025516610592603683, -0.9996073246002197, 1.588553547859192], [-0.31882643699645996, 0.9474031925201416, -0.02787662483751774, -0.1036224365234375], [0.0, 0.0, 0.0, 1.0]], [[0.0024234841112047434, 0.9998763799667358, -0.015531200915575027, 0.0029296875], [-0.013857115991413593, -0.015496175736188889, -0.9997839331626892, 1.5793533325195312], [-0.9999010562896729, 0.0026381968054920435, 0.013817848637700081, 0.0015869140625], [0.0, 0.0, 0.0, 1.0]], [[-0.9347448348999023, 0.35488399863243103, -0.01758941262960434, 1.13580322265625], [0.018750322982668877, -0.00016780757869128138, -0.9998241662979126, 1.5514602661132812], [-0.3548245131969452, -0.9349103569984436, -0.006497334223240614, -0.0638427734375], [0.0, 0.0, 0.0, 1.0]]], "view": [[0.0, -2.0, 100.0], [-2.0, 0.0, 100.0], [0.0, 0.0, 1.0]], "bev": "bev_a808c98e44a14944a0e6ec47ca86763f.png", "aux": "aux_a808c98e44a14944a0e6ec47ca86763f.npz", "visibility": "visibility_a808c98e44a14944a0e6ec47ca86763f.png", "pose": [[-0.5910126566886902, 0.8066622614860535, 0.0, 174.11056518554688], [-0.8066622614860535, -0.5910126566886902, 0.0, 1112.9725341796875], [0.0, 0.0, 1.0, 0.0], [0.0, 0.0, 0.0, 1.0]], "pose_inverse": [[-0.5910126566886902, -0.8066622614860535, 0.0, 1000.6945190429688], [0.8066622614860535, -0.5910126566886902, 0.0, 517.3324584960938], [0.0, 0.0, 1.0, 0.0], [0.0, 0.0, 0.0, 1.0]], "cam_ids": [0, 1, 2, 3, 4, 5], "cam_channels": ["CAM_FRONT_LEFT", "CAM_FRONT", "CAM_FRONT_RIGHT", "CAM_BACK_LEFT", "CAM_BACK", "CAM_BACK_RIGHT"], "token": "a808c98e44a14944a0e6ec47ca86763f", "scene": "scene-0130"}, {"images": ["samples/CAM_FRONT_LEFT/n015-2018-08-01-16-41-59+0800__CAM_FRONT_LEFT__1533112932404844.jpg", "samples/CAM_FRONT/n015-2018-08-01-16-41-59+0800__CAM_FRONT__1533112932412460.jpg", "samples/CAM_FRONT_RIGHT/n015-2018-08-01-16-41-59+0800__CAM_FRONT_RIGHT__1533112932420339.jpg", "samples/CAM_BACK_LEFT/n015-2018-08-01-16-41-59+0800__CAM_BACK_LEFT__1533112932447423.jpg", "samples/CAM_BACK/n015-2018-08-01-16-41-59+0800__CAM_BACK__1533112932437525.jpg", "samples/CAM_BACK_RIGHT/n015-2018-08-01-16-41-59+0800__CAM_BACK_RIGHT__1533112932427893.jpg"], "intrinsics": [[[1272.5979470598488, 0.0, 826.6154927353808], [0.0, 1272.5979470598488, 479.75165386361925], [0.0, 0.0, 1.0]], [[1266.417203046554, 0.0, 816.2670197447984], [0.0, 1266.417203046554, 491.50706579294757], [0.0, 0.0, 1.0]], [[1260.8474446004698, 0.0, 807.968244525554], [0.0, 1260.8474446004698, 495.3344268742088], [0.0, 0.0, 1.0]], [[1256.7414812095406, 0.0, 792.1125740759628], [0.0, 1256.7414812095406, 492.7757465151356], [0.0, 0.0, 1.0]], [[809.2209905677063, 0.0, 829.2196003259838], [0.0, 809.2209905677063, 481.77842384512485], [0.0, 0.0, 1.0]], [[1259.5137405846733, 0.0, 807.2529053838625], [0.0, 1259.5137405846733, 501.19579884916527], [0.0, 0.0, 1.0]]], "extrinsics": [[[0.8207687139511108, -0.5712153315544128, 0.007190529257059097, -0.9534912109375], [0.003085328731685877, -0.008154393173754215, -0.9999619722366333, 1.5082911252975464], [0.5712522268295288, 0.8207597136497498, -0.0049304841086268425, -1.2723388671875], [0.0, 0.0, 0.0, 1.0]], [[0.005693407729268074, -0.9999093413352966, 0.012199860997498035, 0.00518798828125], [-0.0022022100165486336, -0.01221256610006094, -0.999923050403595, 1.5205073356628418], [0.9999812841415405, 0.005666104611009359, -0.00227154279127717, -1.68096923828125], [0.0, 0.0, 0.0, 1.0]], [[-0.8328884243965149, -0.5534123182296753, -0.005626676604151726, 1.0252685546875], [0.003431823570281267, 0.005002141464501619, -0.9999815821647644, 1.5036745071411133], [0.5534301996231079, -0.8328923583030701, -0.002267012372612953, -1.2439117431640625], [0.0, 0.0, 0.0, 1.0]], [[0.947740912437439, 0.3190228044986725, 0.003401633119210601, -1.142578125], [0.012126236222684383, -0.02536572329699993, -0.9996047019958496, 1.5885508060455322], [-0.3188104033470154, 0.9474074840545654