[{"images": ["samples/CAM_FRONT_LEFT/n015-2018-07-24-11-13-19+0800__CAM_FRONT_LEFT__1532402156004844.jpg", "samples/CAM_FRONT/n015-2018-07-24-11-13-19+0800__CAM_FRONT__1532402156012460.jpg", "samples/CAM_FRONT_RIGHT/n015-2018-07-24-11-13-19+0800__CAM_FRONT_RIGHT__1532402156020339.jpg", "samples/CAM_BACK_LEFT/n015-2018-07-24-11-13-19+0800__CAM_BACK_LEFT__1532402156047423.jpg", "samples/CAM_BACK/n015-2018-07-24-11-13-19+0800__CAM_BACK__1532402156037905.jpg", "samples/CAM_BACK_RIGHT/n015-2018-07-24-11-13-19+0800__CAM_BACK_RIGHT__1532402156027893.jpg"], "intrinsics": [[[1272.5979470598488, 0.0, 826.6154927353808], [0.0, 1272.5979470598488, 479.75165386361925], [0.0, 0.0, 1.0]], [[1266.417203046554, 0.0, 816.2670197447984], [0.0, 1266.417203046554, 491.50706579294757], [0.0, 0.0, 1.0]], [[1260.8474446004698, 0.0, 807.968244525554], [0.0, 1260.8474446004698, 495.3344268742088], [0.0, 0.0, 1.0]], [[1256.7414812095406, 0.0, 792.1125740759628], [0.0, 1256.7414812095406, 492.7757465151356], [0.0, 0.0, 1.0]], [[809.2209905677063, 0.0, 829.2196003259838], [0.0, 809.2209905677063, 481.77842384512485], [0.0, 0.0, 1.0]], [[1259.5137405846733, 0.0, 807.2529053838625], [0.0, 1259.5137405846733, 501.19579884916527], [0.0, 0.0, 1.0]]], "extrinsics": [[[0.8199297785758972, -0.5720363855361938, 0.022122971713542938, -0.5595703125], [0.003749932162463665, -0.033277399837970734, -0.9994391202926636, 1.51019287109375], [0.5724517107009888, 0.8195528984069824, -0.025140034034848213, -1.00067138671875], [0.0, 0.0, 0.0, 1.0]], [[0.004539992194622755, -0.9992902874946594, 0.03739331290125847, 0.009288787841796875], [-0.0016418186714872718, -0.03740110248327255, -0.9992989897727966, 1.5199556350708008], [0.999988317489624, 0.004475389141589403, -0.001810454181395471, -1.2864990234375], [0.0, 0.0, 0.0, 1.0]], [[-0.8333561420440674, -0.5526791214942932, 0.007954247295856476, 0.769775390625], [0.0039042725693434477, -0.020276138558983803, -0.9997867345809937, 1.5049169063568115], [0.5527225732803345, -0.8331474661827087, 0.01905505731701851, -1.07232666015625], [0.0, 0.0, 0.0, 1.0]], [[0.9476393461227417, 0.31930962204933167, -0.004580936394631863, -1.133056640625], [0.012204932980239391, -0.05054846778512001, -0.9986469745635986, 1.588667869567871], [-0.319109171628952, 0.9463013410568237, -0.051798876374959946, -0.106689453125], [0.0, 0.0, 0.0, 1.0]], [[0.0026834411546587944, 0.9991666078567505, -0.040729764848947525, 0.0023937225341796875], [-0.013110318221151829, -0.040691256523132324, -0.9990857839584351, 1.5778465270996094], [-0.9999104738235474, 0.003214980475604534, 0.012990197166800499, -0.1156005859375], [0.0, 0.0, 0.0, 1.0]], [[-0.9345191717147827, 0.35485875606536865, -0.027371380478143692, 0.9200439453125], [0.019647469744086266, -0.02535194717347622, -0.9994855523109436, 1.5560169219970703], [-0.3553701639175415, -0.9345762133598328, 0.01671980321407318, -0.14447021484375], [0.0, 0.0, 0.0, 1.0]]], "view": [[0.0, -2.0, 100.0], [-2.0, 0.0, 100.0], [0.0, 0.0, 1.0]], "bev": "bev_29c1c29d330746488a5ba7cfb66cdb33.png", "aux": "aux_29c1c29d330746488a5ba7cfb66cdb33.npz", "visibility": "visibility_29c1c29d330746488a5ba7cfb66cdb33.png", "pose": [[0.35315343737602234, -0.9355654120445251, 0.0, 499.06622314453125], [0.9355654120445251, 0.35315343737602234, 0.0, 1386.6690673828125], [0.0, 0.0, 1.0, 0.0], [0.0, 0.0, 0.0, 1.0]], "pose_inverse": [[0.35315343737602234, 0.9355654120445251, 0.0, -1473.5665283203125], [-0.9355654120445251, 0.35315343737602234, 0.0, -22.79783821105957], [0.0, 0.0, 1.0, 0.0], [0.0, 0.0, 0.0, 1.0]], "cam_ids": [0, 1, 2, 3, 4, 5], "cam_channels": ["CAM_FRONT_LEFT", "CAM_FRONT", "CAM_FRONT_RIGHT", "CAM_BACK_LEFT", "CAM_BACK", "CAM_BACK_RIGHT"], "token": "29c1c29d330746488a5ba7cfb66cdb33", "scene": "scene-0048"}, {"images": ["samples/CAM_FRONT_LEFT/n015-2018-07-24-11-13-19+0800__CAM_FRONT_LEFT__1532402156604844.jpg", "samples/CAM_FRONT/n015-2018-07-24-11-13-19+0800__CAM_FRONT__1532402156612460.jpg", "samples/CAM_FRONT_RIGHT/n015-2018-07-24-11-13-19+0800__CAM_FRONT_RIGHT__1532402156620339.jpg", "samples/CAM_BACK_LEFT/n015-2018-07-24-11-13-19+0800__CAM_BACK_LEFT__1532402156647423.jpg", "samples/CAM_BACK/n015-2018-07-24-11-13-19+0800__CAM_BACK__1532402156637525.jpg", "samples/CAM_BACK_RIGHT/n015-2018-07-24-11-13-19+0800__CAM_BACK_RIGHT__1532402156627893.jpg"], "intrinsics": [[[1272.5979470598488, 0.0, 826.6154927353808], [0.0, 1272.5979470598488, 479.75165386361925], [0.0, 0.0, 1.0]], [[1266.417203046554, 0.0, 816.2670197447984], [0.0, 1266.417203046554, 491.50706579294757], [0.0, 0.0, 1.0]], [[1260.8474446004698, 0.0, 807.968244525554], [0.0, 1260.8474446004698, 495.3344268742088], [0.0, 0.0, 1.0]], [[1256.7414812095406, 0.0, 792.1125740759628], [0.0, 1256.7414812095406, 492.7757465151356], [0.0, 0.0, 1.0]], [[809.2209905677063, 0.0, 829.2196003259838], [0.0, 809.2209905677063, 481.77842384512485], [0.0, 0.0, 1.0]], [[1259.5137405846733, 0.0, 807.2529053838625], [0.0, 1259.5137405846733, 501.19579884916527], [0.0, 0.0, 1.0]]], "extrinsics": [[[0.8197392225265503, -0.5722998976707458, 0.022369729354977608, -0.587158203125], [0.004554438404738903, -0.032542720437049866, -0.999459981918335, 1.5105209350585938], [0.5727188587188721, 0.8193984627723694, -0.02407003939151764, -1.0234375], [0.0, 0.0, 0.0, 1.0]], [[0.0040974970906972885, -0.9993171095848083, 0.03672242909669876, 0.011278152465820312], [-0.0006935831042937934, -0.036725569516420364, -0.999325156211853, 1.5204458236694336], [0.9999913573265076, 0.004069227259606123, -0.0008435930358245969, -1.315673828125], [0.0, 0.0, 0.0, 1.0]], [[-0.8335948586463928, -0.5523359179496765, 0.006683673709630966, 0.7899169921875], [0.005013967864215374, -0.019665412604808807, -0.9997940063476562, 1.5051827430725098], [0.5523536801338196, -0.8333896398544312, 0.019162382930517197, -1.0838623046875], [0.0, 0.0, 0.0, 1.0]], [[0.94769287109375, 0.3191678822040558, -0.0031702383421361446, -1.1395263671875], [0.013646620325744152, -0.050439637154340744, -0.998633861541748, 1.5886116027832031], [-0.3188917934894562, 0.9463550448417664, -0.05215684697031975, -0.104888916015625], [0.0, 0.0, 0.0, 1.0]], [[0.0028997992631047964, 0.9991821646690369, -0.04033247008919716, 0.0018157958984375], [-0.011740335263311863, -0.04029584303498268, -0.9991188645362854, 1.5781326293945312], [-0.9999268651008606, 0.003370773745700717, 0.011613885872066021, -0.10693359375], [0.0, 0.0, 0.0, 1.0]], [[-0.9343783855438232, 0.3551534414291382, -0.028340645134449005, 0.93701171875], [0.020884163677692413, -0.024811893701553345, -0.9994739890098572, 1.5559444427490234], [-0.355669766664505, -0.934478759765625, 0.01576661318540573, -0.13665771484375], [0.0, 0.0, 0.0, 1.0]]], "view": [[0.0, -2.0, 100.0], [-2.0, 0.0, 100.0], [0.0, 0.0, 1.0]], "bev": "bev_ce281c1d428c4bdea116ed560796de33.png", "aux": "aux_ce281c1d428c4bdea116ed560796de33.npz", "visibility": "visibility_ce281c1d428c4bdea116ed560796de33.png", "pose": [[0.3317228853702545, -0.943376898765564, 0.0, 501.34368896484375], [0.943376898765564, 0.3317228853702545, 0.0, 1392.752197265625], [0.0, 0.0, 1.0, 0.0], [0.0, 0.0, 0.0, 1.0]], "pose_inverse": [[0.3317228853702545, 0.943376898765564, 0.0, -1480.1973876953125], [-0.943376898765564, 0.3317228853702545, 0.0, 10.948264122009277], [0.0, 0.0, 1.0, 0.0], [0.0, 0.0, 0.0, 1.0]], "cam_ids": [0, 1, 2, 3, 4, 5], "cam_channels": ["CAM_FRONT_LEFT", "CAM_FRONT", "CAM_FRONT_RIGHT", "CAM_BACK_LEFT", "CAM_BACK", "CAM_BACK_RIGHT"], "token": "ce281c1d428c4bdea116ed560796de33", "scene": "scene-0048"}, {"images": ["samples/CAM_FRONT_LEFT/n015-2018-07-24-11-13-19+0800__CAM_FRONT_LEFT__1532402157104844.jpg", "samples/CAM_FRONT/n015-2018-07-24-11-13-19+0800__CAM_FRONT__1532402157112460.jpg", "samples/CAM_FRONT_RIGHT/n015-2018-07-24-11-13-19+0800__CAM_FRONT_RIGHT__1532402157120339.jpg", "samples/CAM_BACK_LEFT/n015-2018-07-24-11-13-19+0800__CAM_BACK_LEFT__1532402157147427.jpg", "samples/CAM_BACK/n015-2018-07-24-11-13-19+0800__CAM_BACK__1532402157137525.jpg", "samples/CAM_BACK_RIGHT/n015-2018-07-24-11-13-19+0800__CAM_BACK_RIGHT__1532402157127893.jpg"], "intrinsics": [[[1272.5979470598488, 0.0, 826.6154927353808], [0.0, 1272.5979470598488, 479.75165386361925], [0.0, 0.0, 1.0]], [[1266.417203046554, 0.0, 816.2670197447984], [0.0, 1266.417203046554, 491.50706579294757], [0.0, 0.0, 1.0]], [[1260.8474446004698, 0.0, 807.968244525554], [0.0, 1260.8474446004698, 495.3344268742088], [0.0, 0.0, 1.0]], [[1256.7414812095406, 0.0, 792.1125740759628], [0.0, 1256.7414812095406, 492.7757465151356], [0.0, 0.0, 1.0]], [[809.2209905677063, 0.0, 829.2196003259838], [0.0, 809.2209905677063, 481.77842384512485], [0.0, 0.0, 1.0]], [[1259.5137405846733, 0.0, 807.2529053838625], [0.0, 1259.5137405846733, 501.19579884916527], [0.0, 0.0, 1.0]]], "extrinsics": [[[0.8200186491012573, -0.5722076296806335, 0.012160493060946465, -0.6041259765625], [-0.003751891665160656, -0.02662096545100212, -0.999638557434082, 1.5067191123962402], [0.5723244547843933, 0.8196766376495361, -0.02397654764354229, -1.03350830078125], [0.0, 0.0, 0.0, 1.0]], [[0.004707584157586098, -0.9995186924934387, 0.03066362626850605, 0.010158538818359375], [-0.00896498654037714, -0.03070491924881935, -0.999488353729248, 1.5174102783203125], [0.9999487996101379, 0.004430297762155533, -0.009105217643082142, -1.332275390625], [0.0, 0.0, 0.0, 1.0]], [[-0.8333389163017273, -0.5526686906814575, 0.01017848402261734, 0.80029296875], [-0.0032362444326281548, -0.013535430654883385, -0.9999030828475952, 1.5027728080749512], [0.5527529716491699, -0.8332911133766174, 0.009491031989455223, -1.09149169921875], [0.0, 0.0, 0.0, 1.0]], [[0.9476817846298218, 0.31910407543182373, -0.008475476875901222, -1.1346435546875], [0.005996061023324728, -0.04434085264801979, -0.9989984631538391, 1.5886259078979492], [-0.3191602826118469, 0.9466819167137146, -0.04393438622355461, -0.10675048828125], [0.0, 0.0, 0.0, 1.0]], [[0.0025374179240316153, 0.999413788318634, -0.03414396569132805, 0.001987457275390625], [-0.019682301208376884, -0.03408754989504814, -0.9992250204086304, 1.5772857666015625], [-0.9998031258583069, 0.0032074800692498684, 0.01958426460623741, -0.105224609375], [0.0, 0.0, 0.0, 1.0]], [[-0.9346457719802856, 0.35509803891181946, -0.018511582165956497, 0.94482421875], [0.012742591090500355, -0.01857818104326725, -0.9997462034225464, 1.5540847778320312], [-0.3553517758846283, -0.9346445202827454, 0.012839149683713913, -0.13427734375], [0.0, 0.0, 0.0, 1.0]]], "view": [[0.0, -2.0, 100.0], [-2.0, 0.0, 100.0], [0.0, 0.0, 1.0]], "bev": "bev_6a5253fa0d4641a58ae661498d9515a7.png", "aux": "aux_6a5253fa0d4641a58ae661498d9515a7.npz", "visibility": "visibility_6a5253fa0d4641a58ae661498d9515a7.png", "pose": [[0.3127497136592865, -0.9498355984687805, 0.0, 503.05279541015625], [0.9498355984687805, 0.3127497136592865, 0.0, 1397.623046875], [0.0, 0.0, 1.0, 0.0], [0.0, 0.0, 0.0, 1.0]], "pose_inverse": [[0.3127497136592865, 0.9498355984687805, 0.0, -1484.8416748046875], [-0.9498355984687805, 0.3127497136592865, 0.0, 40.71123504638672], [0.0, 0.0, 1.0, 0.0], [0.0, 0.0, 0.0, 1.0]], "cam_ids": [0, 1, 2, 3, 4, 5], "cam_channels": ["CAM_FRONT_LEFT", "CAM_FRONT", "CAM_FRONT_RIGHT", "CAM_BACK_LEFT", "CAM_BACK", "CAM_BACK_RIGHT"], "token": "6a5253fa0d4641a58ae661498d9515a7", "scene": "scene-0048"}, {"images": ["samples/CAM_FRONT_LEFT/n015-2018-07-24-11-13-19+0800__CAM_FRONT_LEFT__1532402157604844.jpg", "samples/CAM_FRONT/n015-2018-07-24-11-13-19+0800__CAM_FRONT__1532402157612460.jpg", "samples/CAM_FRONT_RIGHT/n015-2018-07-24-11-13-19+0800__CAM_FRONT_RIGHT__1532402157620339.jpg", "samples/CAM_BACK_LEFT/n015-2018-07-24-11-13-19+0800__CAM_BACK_LEFT__1532402157647423.jpg", "samples/CAM_BACK/n015-2018-07-24-11-13-19+0800__CAM_BACK__1532402157637525.jpg", "samples/CAM_BACK_RIGHT/n015-2018-07-24-11-13-19+0800__CAM_BACK_RIGHT__1532402157627893.jpg"], "intrinsics": [[[1272.5979470598488, 0.0, 826.6154927353808], [0.0, 1272.5979470598488, 479.75165386361925], [0.0, 0.0, 1.0]], [[1266.417203046554, 0.0, 816.2670197447984], [0.0, 1266.417203046554, 491.50706579294757], [0.0, 0.0, 1.0]], [[1260.8474446004698, 0.0, 807.968244525554], [0.0, 1260.8474446004698, 495.3344268742088], [0.0, 0.0, 1.0]], [[1256.7414812095406, 0.0, 792.1125740759628], [0.0, 1256.7414812095406, 492.7757465151356], [0.0, 0.0, 1.0]], [[809.2209905677063, 0.0, 829.2196003259838], [0.0, 809.2209905677063, 481.77842384512485], [0.0, 0.0, 1.0]], [[1259.5137405846733, 0.0, 807.2529053838625], [0.0, 1259.5137405846733, 501.19579884916527], [0.0, 0.0, 1.0]]], "extrinsics": [[[0.8202393054962158, -0.5718018412590027, 0.01581387408077717, -0.6318359375], [-0.001970502082258463, -0.030469970777630806, -0.9995337724685669, 1.5075632333755493], [0.5720169544219971, 0.8198257088661194, -0.026119409129023552, -1.05224609375], [0.0, 0.0, 0.0, 1.0]], [[0.004982628393918276, -0.9993963241577148, 0.03438028693199158, 0.00963592529296875], [-0.007089828606694937, -0.03441515192389488, -0.999382495880127, 1.5182790756225586], [0.9999623894691467, 0.004735847935080528, -0.007257028017193079, -1.35986328125], [0.0, 0.0, 0.0, 1.0]], [[-0.8332193493843079, -0.5528424978256226, 0.010512636043131351, 0.8182373046875], [-0.0012687485432252288, -0.017100606113672256, -0.9998529553413391, 1.5033581256866455], [0.5529410243034363, -0.8331102132797241, 0.013547140173614025, -1.1036376953125], [0.0, 0.0, 0.0, 1.0]], [[0.9476720094680786, 0.3191615343093872, -0.007316820789128542, -1.1375732421875], [0.008024711161851883, -0.0467267669737339, -0.9988754987716675, 1.5886163711547852], [-0.31914448738098145, 0.9465476870536804, -0.04684283584356308, -0.105712890625], [0.0, 0.0, 0.0, 1.0]], [[0.0024966858327388763, 0.9993107914924622, -0.037036068737506866, 0.002094268798828125], [-0.017633192241191864, -0.03698642924427986, -0.9991602301597595, 1.5776634216308594], [-0.9998413324356079, 0.003147655166685581, 0.017528697848320007, -0.09619140625], [0.0, 0.0, 0.0, 1.0]], [[-0.9346731305122375, 0.3548496663570404, -0.02162799797952175, 0.9598388671875], [0.01478794775903225, -0.02197694592177868, -0.9996491074562073, 1.5542659759521484], [-0.3552004098892212, -0.9346650242805481, 0.015293761156499386, -0.12884521484375], [0.0, 0.0, 0.0, 1.0]]], "view": [[0.0, -2.0, 100.0], [-2.0, 0.0, 100.0], [0.0, 0.0, 1.0]], "bev": "bev_5845238756da40deb28eb39cee880c97.png", "aux": "aux_5845238756da40deb28eb39cee880c97.npz", "visibility": "visibility_5845238756da40deb28eb39cee880c97.png", "pose": [[0.30186647176742554, -0.9533501863479614, 0.0, 504.57672119140625], [0.9533501863479614, 0.30186647176742554, 0.0, 1402.2432861328125], [0.0, 0.0, 1.0, 0.0], [0.0, 0.0, 0.0, 1.0]], "pose_inverse": [[0.30186647176742554, 0.9533501863479614, 0.0, -1489.1436767578125], [-0.9533501863479614, 0.30186647176742554, 0.0, 57.748077392578125], [0.0, 0.0, 1.0, 0.0], [0.0, 0.0, 0.0, 1.0]], "cam_ids": [0, 1, 2, 3, 4, 5], "cam_channels": ["CAM_FRONT_LEFT", "CAM_FRONT", "CAM_FRONT_RIGHT", "CAM_BACK_LEFT", "CAM_BACK", "CAM_BACK_RIGHT"], "token": "5845238756da40deb28eb39cee880c97", "scene": "scene-0048"}, {"images": ["samples/CAM_FRONT_LEFT/n015-2018-07-24-11-13-19+0800__CAM_FRONT_LEFT__1532402158104844.jpg", "samples/CAM_FRONT/n015-2018-07-24-11-13-19+0800__CAM_FRONT__1532402158114769.jpg", "samples/CAM_FRONT_RIGHT/n015-2018-07-24-11-13-19+0800__CAM_FRONT_RIGHT__1532402158120339.jpg", "samples/CAM_BACK_LEFT/n015-2018-07-24-11-13-19+0800__CAM_BACK_LEFT__1532402158147423.jpg", "samples/CAM_BACK/n015-2018-07-24-11-13-19+0800__CAM_BACK__1532402158137525.jpg", "samples/CAM_BACK_RIGHT/n015-2018-07-24-11-13-19+0800__CAM_BACK_RIGHT__1532402158127893.jpg"], "intrinsics": [[[1272.5979470598488, 0.0, 826.6154927353808], [0.0, 1272.5979470598488, 479.75165386361925], [0.0, 0.0, 1.0]], [[1266.417203046554, 0.0, 816.2670197447984], [0.0, 1266.417203046554, 491.50706579294757], [0.0, 0.0, 1.0]], [[1260.8474446004698, 0.0, 807.968244525554], [0.0, 1260.8474446004698, 495.3344268742088], [0.0, 0.0, 1.0]], [[1256.7414812095406, 0.0, 792.1125740759628], [0.0, 1256.7414812095406, 492.7757465151356], [0.0, 0.0, 1.0]], [[809.2209905677063, 0.0, 829.2196003259838], [0.0, 809.2209905677063, 481.77842384512485], [0.0, 0.0, 1.0]], [[1259.5137405846733, 0.0, 807.2529053838625], [0.0, 1259.5137405846733, 501.19579884916527], [0.0, 0.0, 1.0]]], "extrinsics": [[[0.8202475905418396, -0.5713879466056824, 0.026638943701982498, -0.6385498046875], [0.0007328338106162846, -0.04552111402153969, -0.9989631175994873, 1.5085344314575195], [0.5720080733299255, 0.8194166421890259, -0.03691985458135605, -1.05255126953125], [0.0, 0.0, 0.0, 1.0]], [[0.005102397408336401, -0.9987411499023438, 0.04989911615848541, 0.00652313232421875], [-0.004808471072465181, -0.049923695623874664, -0.9987415075302124, 1.5190508365631104], [0.9999753832817078, 0.0048560332506895065, -0.005057149101048708, -1.38525390625], [0.0, 0.0, 0.0, 1.0]], [[-0.833156406879425, -0.552756130695343, 0.017635170370340347, 0.8187255859375], [0.0006886261398904026, -0.03292471170425415, -0.9994575381278992, 1.5038204193115234], [0.5530369281768799, -0.8326923847198486, 0.027812078595161438, -1.107177734375], [0.0, 0.0, 0.0, 1.0]], [[0.94769287109375, 0.3189636468887329, -0.011845877394080162, -1.132568359375], [0.009089391678571701, -0.06406687200069427, -0.9979042410850525, 1.5886383056640625], [-0.31905409693717957, 0.9455990791320801, -0.06361491233110428, -0.1068115234375], [0.0, 0.0, 0.0, 1.0]], [[0.0023892526514828205, 0.998544454574585, -0.05388136953115463, 0.0030517578125], [-0.016331560909748077, -0.053835369646549225, -0.9984162449836731, 1.5777320861816406], [-0.9998637437820435, 0.0032654281239956617, 0.016179164871573448, -0.09765625], [0.0, 0.0, 0.0, 1.0]], [[-0.9346936941146851, 0.3542789816856384, -0.028881654143333435, 0.9613037109375], [0.016394762322306633, -0.03819761425256729, -0.9991357326507568, 1.5545215606689453], [-0.35507598519325256, -0.9343593716621399, 0.029894744977355003, -0.130035400390625], [0.0, 0.0, 0.0, 1.0]]], "view": [[0.0, -2.0, 100.0], [-2.0, 0.0, 100.0], [0.0, 0.0, 1.0]], "bev": "bev_7981d9d42c944689affd1fa2637268a6.png", "aux": "aux_7981d9d42c944689affd1fa2637268a6.npz", "visibility": "visibility_7981d9d42c944689affd1fa2637268a6.png", "pose": [[0.2906513810157776, -0.9568290114402771, 0.0, 505.95465087890625], [0.9568290114402771, 0.2906513810157776, 0.0, 1406.625732421875], [0.0, 0.0, 1.0, 0.0], [0.0, 0.0, 0.0, 1.0]], "pose_inverse": [[0.2906513810157776, 0.9568290114402771, 0.0, -1492.956787109375], [-0.9568290114402771, 0.2906513810157776, 0.0, 75.27438354492188], [0.0, 0.0, 1.0, 0.0], [0.0, 0.0, 0.0, 1.0]], "cam_ids": [0, 1, 2, 3, 4, 5], "cam_channels": ["CAM_FRONT_LEFT", "CAM_FRONT", "CAM_FRONT_RIGHT", "CAM_BACK_LEFT", "CAM_BACK", "CAM_BACK_RIGHT"], "token": "7981d9d42c944689affd1fa2637268a6", "scene": "scene-0048"}, {"images": ["samples/CAM_FRONT_LEFT/n015-2018-07-24-11-13-19+0800__CAM_FRONT_LEFT__1532402158604844.jpg", "samples/CAM_FRONT/n015-2018-07-24-11-13-19+0800__CAM_FRONT__1532402158612460.jpg", "samples/CAM_FRONT_RIGHT/n015-2018-07-24-11-13-19+0800__CAM_FRONT_RIGHT__1532402158620339.jpg", "samples/CAM_BACK_LEFT/n015-2018-07-24-11-13-19+0800__CAM_BACK_LEFT__1532402158647742.jpg", "samples/CAM_BACK/n015-2018-07-24-11-13-19+0800__CAM_BACK__1532402158637525.jpg", "samples/CAM_BACK_RIGHT/n015-2018-07-24-11-13-19+0800__CAM_BACK_RIGHT__1532402158627906.jpg"], "intrinsics": [[[1272.5979470598488, 0.0, 826.6154927353808], [0.0, 1272.5979470598488, 479.75165386361925], [0.0, 0.0, 1.0]], [[1266.417203046554, 0.0, 816.2670197447984], [0.0, 1266.417203046554, 491.50706579294757], [0.0, 0.0, 1.0]], [[1260.8474446004698, 0.0, 807.968244525554], [0.0, 1260.8474446004698, 495.3344268742088], [0.0, 0.0, 1.0]], [[1256.7414812095406, 0.0, 792.1125740759628], [0.0, 1256.7414812095406, 492.7757465151356], [0.0, 0.0, 1.0]], [[809.2209905677063, 0.0, 829.2196003259838], [0.0, 809.2209905677063, 481.77842384512485], [0.0, 0.0, 1.0]], [[1259.5137405846733, 0.0, 807.2529053838625], [0.0, 1259.5137405846733, 501.19579884916527], [0.0, 0.0, 1.0]]], "extrinsics": [[[0.8196578621864319, -0.5723356604576111, 0.02435074746608734, -0.663330078125], [0.0048015122301876545, -0.03564237058162689, -0.9993530511856079, 1.5100688934326172], [0.572833240032196, 0.8192444443702698, -0.02646647021174431, -1.07159423828125], [0.0, 0.0, 0.0, 1.0]], [[0.004152802750468254, -0.9992215633392334, 0.03922729939222336, 0.0076751708984375], [-0.0007866703672334552, -0.039230890572071075, -0.999229907989502, 1.5203486680984497], [0.9999910593032837, 0.004118742421269417, -0.0009489772492088377, -1.389892578125], [0.0, 0.0, 0.0, 1.0]], [[-0.8335141539573669, -0.552438497543335, 0.008108014240860939, 0.8363037109375], [0.004562688060104847, -0.02155735157430172, -0.9997571706771851, 1.5047426223754883], [0.552479088306427, -0.8332748413085938, 0.020488964393734932, -1.11749267578125], [0.0, 0.0, 0.0, 1.0]], [[0.9477490186691284, 0.3189801275730133, -0.004853545222431421, -1.13720703125], [0.01205393485724926, -0.05100937932729721, -0.9986253976821899, 1.5886268615722656], [-0.3187892436981201, 0.946387767791748, -0.05218905210494995, -0.10546875], [0.0, 0.0, 0.0, 1.0]], [[0.0028407913632690907, 0.9991451501846313, -0.041241828352212906, 0.00263214111328125], [-0.012894666753709316, -0.041201964020729065, -0.9990676641464233, 1.5782060623168945], [-0.9999127984046936, 0.003369948361068964, 0.012766599655151367, -0.0892333984375], [0.0, 0.0, 0.0, 1.0]], [[-0.934429407119751, 0.35503503680229187, -0.028136558830738068, 0.9752197265625], [0.020146246999502182, -0.026183202862739563, -0.999454140663147, 1.5549354553222656], [-0.3555779755115509, -0.9344862699508667, 0.017313731834292412, -0.124176025390625], [0.0, 0.0, 0.0, 1.0]]], "view": [[0.0, -2.0, 100.0], [-2.0, 0.0, 100.0], [0.0, 0.0, 1.0]], "bev": "bev_742c4b32ead141f5b825033c8e2f7486.png", "aux": "aux_742c4b32ead141f5b825033c8e2f7486.npz", "visibility": "visibility_742c4b32ead141f5b825033c8e2f7486.png", "pose": [[0.2756354808807373, -0.9612622261047363, 0.0, 507.1949157714844], [0.9612622261047363, 0.2756354808807373, 0.0, 1410.78759765625], [0.0, 0.0, 1.0, 0.0], [0.0, 0.0, 0.0, 1.0]], "pose_inverse": [[0.2756354808807373, 0.9612622261047363, 0.0, -1495.937744140625], [-0.9612622261047363, 0.2756354808807373, 0.0, 98.68421173095703], [0.0, 0.0, 1.0, 0.0], [0.0, 0.0, 0.0, 1.0]], "cam_ids": [0, 1, 2, 3, 4, 5], "cam_channels": ["CAM_FRONT_LEFT", "CAM_FRONT", "CAM_FRONT_RIGHT", "CAM_BACK_LEFT", "CAM_BACK", "CAM_BACK_RIGHT"], "token": "742c4b32ead141f5b825033c8e2f7486", "scene": "scene-0048"}, {"images": ["samples/CAM_FRONT_LEFT/n015-2018-07-24-11-13-19+0800__CAM_FRONT_LEFT__1532402159104844.jpg", "samples/CAM_FRONT/n015-2018-07-24-11-13-19+0800__CAM_FRONT__1532402159112460.jpg", "samples/CAM_FRONT_RIGHT/n015-2018-07-24-11-13-19+0800__CAM_FRONT_RIGHT__1532402159120390.jpg", "samples/CAM_BACK_LEFT/n015-2018-07-24-11-13-19+0800__CAM_BACK_LEFT__1532402159147423.jpg", "samples/CAM_BACK/n015-2018-07-24-11-13-19+0800__CAM_BACK__1532402159137525.jpg", "samples/CAM_BACK_RIGHT/n015-2018-07-24-11-13-19+0800__CAM_BACK_RIGHT__1532402159127893.jpg"], "intrinsics": [[[1272.5979470598488, 0.0, 826.6154927353808], [0.0, 1272.5979470598488, 479.75165386361925], [0.0, 0.0, 1.0]], [[1266.417203046554, 0.0, 816.2670197447984], [0.0, 1266.417203046554, 491.50706579294757], [0.0, 0.0, 1.0]], [[1260.8474446004698, 0.0, 807.968244525554], [0.0, 1260.8474446004698, 495.3344268742088], [0.0, 0.0, 1.0]], [[1256.7414812095406, 0.0, 792.1125740759628], [0.0, 1256.7414812095406, 492.7757465151356], [0.0, 0.0, 1.0]], [[809.2209905677063, 0.0, 829.2196003259838], [0.0, 809.2209905677063, 481.77842384512485], [0.0, 0.0, 1.0]], [[1259.5137405846733, 0.0, 807.2529053838625], [0.0, 1259.5137405846733, 501.19579884916527], [0.0, 0.0, 1.0]]], "extrinsics": [[[0.8200545907020569, -0.5717562437057495, 0.02460203692317009, -0.68359375], [0.004420038312673569, -0.036660000681877136, -0.99931800365448, 1.5098142623901367], [0.5722681879997253, 0.8196040391921997, -0.027536017820239067, -1.0858154296875], [0.0, 0.0, 0.0, 1.0]], [[0.004699293989688158, -0.9991699457168579, 0.04046443849802017, 0.007598876953125], [-0.000935338728595525, -0.04046926274895668, -0.9991803765296936, 1.5203187465667725], [0.9999884963035583, 0.004657582845538855, -0.0011247391812503338, -1.4112548828125], [0.0, 0.0, 0.0, 1.0]], [[-0.8332881927490234, -0.5527678728103638, 0.008854853920638561, 0.8514404296875], [0.004645160865038633, -0.023017199710011482, -0.9997242093086243, 1.504678726196289], [0.5528192520141602, -0.8330173492431641, 0.021747658029198647, -1.12762451171875], [0.0, 0.0, 0.0, 1.0]], [[0.9476814270019531, 0.3191850483417511, -0.004579001571983099, -1.1407470703125], [0.012926948256790638, -0.052705734968185425, -0.998526394367218, 1.5885848999023438], [-0.31895601749420166, 0.9462257623672485, -0.05407433211803436, -0.1043701171875], [0.0, 0.0, 0.0, 1.0]], [[0.002680704928934574, 0.9990741014480591, -0.04293984919786453, 0.0027313232421875], [-0.012359101325273514, -0.04290362447500229, -0.9990028142929077, 1.5783729553222656], [-0.9999200105667114, 0.0032087357249110937, 0.012232646346092224, -0.0791015625], [0.0, 0.0, 0.0, 1.0]], [[-0.9345284700393677, 0.35470572113990784, -0.028989484533667564, 0.988525390625], [0.020453041419386864, -0.02779281698167324, -0.9994044303894043, 1.5546913146972656], [-0.3553001880645752, -0.9345648288726807, 0.01871836930513382, -0.119049072265625], [0.0, 0.0, 0.0, 1.0]]], "view": [[0.0, -2.0, 100.0], [-2.0, 0.0, 100.0], [0.0, 0.0, 1.0]], "bev": "bev_a6afbd306d194022a3290e5806da289d.png", "aux": "aux_a6afbd306d194022a3290e5806da289d.npz", "visibility": "visibility_a6afbd306d194022a3290e5806da289d.png", "pose": [[0.2607855498790741, -0.9653967618942261, 0.0, 508.306396484375], [0.9653967618942261, 0.2607855498790741, 0.0, 1414.7537841796875], [0.0, 0.0, 1.0, 0.0], [0.0, 0.0, 0.0, 1.0]], "pose_inverse": [[0.2607855498790741, 0.9653967618942261, 0.0, -1498.357666015625], [-0.9653967618942261, 0.2607855498790741, 0.0, 121.77001953125], [0.0, 0.0, 1.0, 0.0], [0.0, 0.0, 0.0, 1.0]], "cam_ids": [0, 1, 2, 3, 4, 5], "cam_channels": ["CAM_FRONT_LEFT", "CAM_FRONT", "CAM_FRONT_RIGHT", "CAM_BACK_LEFT", "CAM_BACK", "CAM_BACK_RIGHT"], "token": "a6afbd306d194022a3290e5806da289d", "scene": "scene-0048"}, {"images": ["samples/CAM_FRONT_LEFT/n015-2018-07-24-11-13-19+0800__CAM_FRONT_LEFT__1532402159604844.jpg", "samples/CAM_FRONT/n015-2018-07-24-11-13-19+0800__CAM_FRONT__1532402159612460.jpg", "samples/CAM_FRONT_RIGHT/n015-2018-07-24-11-13-19+0800__CAM_FRONT_RIGHT__1532402159620339.jpg", "samples/CAM_BACK_LEFT/n015-2018-07-24-11-13-19+0800__CAM_BACK_LEFT__1532402159647423.jpg", "samples/CAM_BACK/n015-2018-07-24-11-13-19+0800__CAM_BACK__1532402159637525.jpg", "samples/CAM_BACK_RIGHT/n015-2018-07-24-11-13-19+0800__CAM_BACK_RIGHT__1532402159627893.jpg"], "intrinsics": [[[1272.5979470598488, 0.0, 826.6154927353808], [0.0, 1272.5979470598488, 479.75165386361925], [0.0, 0.0, 1.0]], [[1266.417203046554, 0.0, 816.2670197447984], [0.0, 1266.417203046554, 491.50706579294757], [0.0, 0.0, 1.0]], [[1260.8474446004698, 0.0, 807.968244525554], [0.0, 1260.8474446004698, 495.3344268742088], [0.0, 0.0, 1.0]], [[1256.7414812095406, 0.0, 792.1125740759628], [0.0, 1256.7414812095406, 492.7757465151356], [0.0, 0.0, 1.0]], [[809.2209905677063, 0.0, 829.2196003259838], [0.0, 809.2209905677063, 481.77842384512485], [0.0, 0.0, 1.0]], [[1259.5137405846733, 0.0, 807.2529053838625], [0.0, 1259.5137405846733, 501.19579884916527], [0.0, 0.0, 1.0]]], "extrinsics": [[[0.8201577663421631, -0.5711492300033569, 0.033610060811042786, -0.680908203125], [0.014990636147558689, -0.037272632122039795, -0.9991927146911621, 1.5134658813476562], [0.5719408988952637, 0.8199995160102844, -0.022007551044225693, -1.08319091796875], [0.0, 0.0, 0.0, 1.0]], [[0.004835690837353468, -0.9991201162338257, 0.041659124195575714, 0.00714111328125], [0.009612439200282097, -0.041611239314079285, -0.9990876913070679, 1.523294448852539], [0.9999420642852783, 0.005231737159192562, 0.009402761235833168, -1.4080810546875], [0.0, 0.0, 0.0, 1.0]], [[-0.833102285861969, -0.5531178712844849, 0.0010285464813932776, 0.8489990234375], [0.015166894532740116, -0.02470303326845169, -0.9995797872543335, 1.5069999694824219], [0.5529108643531799, -0.832736611366272, 0.028969237580895424, -1.12652587890625], [0.0, 0.0, 0.0, 1.0]], [[0.9477550983428955, 0.3189685046672821, 0.00439972709864378, -1.14208984375], [0.02347288466989994, -0.055977098643779755, -0.9981560707092285, 1.5885505676269531], [-0.318134069442749, 0.9461108446121216, -0.060539692640304565, -0.10369873046875], [0.0, 0.0, 0.0, 1.0]], [[0.003007030114531517, 0.9989537000656128, -0.045634761452674866, 0.0028076171875], [-0.0017415256006643176, -0.04562966898083687, -0.9989569187164307, 1.5792250633239746], [-0.9999939799308777, 0.0030833850614726543, 0.0016024919459596276, -0.0792236328125], [0.0, 0.0, 0.0, 1.0]], [[-0.9342793822288513, 0.35433995723724365, -0.039561063051223755, 0.987548828125], [0.030938012525439262, -0.029970068484544754, -0.9990718960762024, 1.5563812255859375], [-0.35519683361053467, -0.9346362948417664, 0.01703784056007862, -0.119659423828125], [0.0, 0.0, 0.0, 1.0]]], "view": [[0.0, -2.0, 100.0], [-2.0, 0.0, 100.0], [0.0, 0.0, 1.0]], "bev": "bev_ec231d572c6f40538170b0879fb8df24.png", "aux": "aux_ec231d572c6f40538170b0879fb8df24.npz", "visibility": "visibility_ec231d572c6f40538170b0879fb8df24.png", "pose": [[0.2505819797515869, -0.9680953621864319, 0.0, 509.3352966308594], [0.9680953621864319, 0.2505819797515869, 0.0, 1418.5960693359375], [0.0, 0.0, 1.0, 0.0], [0.0, 0.0, 0.0, 1.0]], "pose_inverse": [[0.2505819797515869, 0.9680953621864319, 0.0, -1500.966552734375], [-0.9680953621864319, 0.2505819797515869, 0.0, 137.61053466796875], [0.0, 0.0, 1.0, 0.0], [0.0, 0.0, 0.0, 1.0]], "cam_ids": [0, 1, 2, 3, 4, 5], "cam_channels": ["CAM_FRONT_LEFT", "CAM_FRONT", "CAM_FRONT_RIGHT", "CAM_BACK_LEFT", "CAM_BACK", "CAM_BACK_RIGHT"], "token": "ec231d572c6f40538170b0879fb8df24", "scene": "scene-0048"}, {"images": ["samples/CAM_FRONT_LEFT/n015-2018-07-24-11-13-19+0800__CAM_FRONT_LEFT__1532402160154844.jpg", "samples/CAM_FRONT/n015-2018-07-24-11-13-19+0800__CAM_FRONT__1532402160162460.jpg", "samples/CAM_FRONT_RIGHT/n015-2018-07-24-11-13-19+0800__CAM_FRONT_RIGHT__1532402160170339.jpg", "samples/CAM_BACK_LEFT/n015-2018-07-24-11-13-19+0800__CAM_BACK_LEFT__1532402160197423.jpg", "samples/CAM_BACK/n015-2018-07-24-11-13-19+0800__CAM_BACK__1532402160187525.jpg", "samples/CAM_BACK_RIGHT/n015-2018-07-24-11-13-19+0800__CAM_BACK_RIGHT__1532402160177893.jpg"], "intrinsics": [[[1272.5979470598488, 0.0, 826.6154927353808], [0.0, 1272.5979470598488, 479.75165386361925], [0.0, 0.0, 1.0]], [[1266.417203046554, 0.0, 816.2670197447984], [0.0, 1266.417203046554, 491.50706579294757], [0.0, 0.0, 1.0]], [[1260.8474446004698, 0.0, 807.968244525554], [0.0, 1260.8474446004698, 495.3344268742088], [0.0, 0.0, 1.0]], [[1256.7414812095406, 0.0, 792.1125740759628], [0.0, 1256.7414812095406, 492.7757465151356], [0.0, 0.0, 1.0]], [[809.2209905677063, 0.0, 829.2196003259838], [0.0, 809.2209905677063, 481.77842384512485], [0.0, 0.0, 1.0]], [[1259.5137405846733, 0.0, 807.2529053838625], [0.0, 1259.5137405846733, 501.19579884916527], [0.0, 0.0, 1.0]]], "extrinsics": [[[0.81998211145401, -0.5715835690498352, 0.030356837436556816, -0.6771240234375], [0.010172911919653416, -0.03847413510084152, -0.9992077946662903, 1.5118217468261719], [0.5722986459732056, 0.8196414113044739, -0.02573343738913536, -1.07958984375], [0.0, 0.0, 0.0, 1.0]], [[0.004558906424790621, -0.9990952014923096, 0.04228609427809715, 0.0065460205078125], [0.004861787892878056, -0.04226389154791832, -0.9990946650505066, 1.5219383239746094], [0.9999778270721436, 0.004760390147566795, 0.0046647111885249615, -1.404541015625], [0.0, 0.0, 0.0, 1.0]], [[-0.8332929015159607, -0.5528092980384827, 0.004981639329344034, 0.84716796875], [0.010433787479996681, -0.024735912680625916, -0.9996395111083984, 1.5059661865234375], [0.5527332425117493, -0.8329405784606934, 0.026380158960819244, -1.125732421875], [0.0, 0.0, 0.0, 1.0]], [[0.9476576447486877, 0.31928786635398865, 0.0005580147844739258, -1.142333984375], [0.01885761320590973, -0.05422526225447655, -0.9983506202697754, 1.5885543823242188], [-0.3187309503555298, 0.9461051225662231, -0.05740799009799957, -0.1036376953125], [0.0, 0.0, 0.0, 1.0]], [[0.0027957872953265905, 0.9990063905715942, -0.04448038712143898, 0.00299072265625], [-0.006502429023385048, -0.044461458921432495, -0.9989899396896362, 1.57883620262146], [-0.9999749660491943, 0.003082195995375514, 0.0063716634176671505, -0.0789794921875], [0.0, 0.0, 0.0, 1.0]], [[-0.9343627691268921, 0.3546021580696106, -0.03498068079352379, 0.9866943359375], [0.02622857131063938, -0.029459666460752487, -0.9992218017578125, 1.5556373596191406], [-0.35535672307014465, -0.9345530867576599, 0.018225306645035744, -0.120361328125], [0.0, 0.0, 0.0, 1.0]]], "view": [[0.0, -2.0, 100.0], [-2.0, 0.0, 100.0], [0.0, 0.0, 1.0]], "bev": "bev_cca4562b799b4fbe84bb8599ae816638.png", "aux": "aux_cca4562b799b4fbe84bb8599ae816638.npz", "visibility": "visibility_cca4562b799b4fbe84bb8599ae816638.png", "pose": [[0.24263441562652588, -0.9701178073883057, 0.0, 510.46612548828125], [0.9701178073883057, 0.24263441562652588, 0.0, 1422.9849853515625], [0.0, 0.0, 1.0, 0.0], [0.0, 0.0, 0.0, 1.0]], "pose_inverse": [[0.24263441562652588, 0.9701178073883057, 0.0, -1504.3197021484375], [-0.9701178073883057, 0.24263441562652588, 0.0, 149.9471435546875], [0.0, 0.0, 1.0, 0.0], [0.0, 0.0, 0.0, 1.0]], "cam_ids": [0, 1, 2, 3, 4, 5], "cam_channels": ["CAM_FRONT_LEFT", "CAM_FRONT", "CAM_FRONT_RIGHT", "CAM_BACK_LEFT", "CAM_BACK", "CAM_BACK_RIGHT"], "token": "cca4562b799b4fbe84bb8599ae816638", "scene": "scene-0048"}, {"images": ["samples/CAM_FRONT_LEFT/n015-2018-07-24-11-13-19+0800__CAM_FRONT_LEFT__1532402160654844.jpg", "samples/CAM_FRONT/n015-2018-07-24-11-13-19+0800__CAM_FRONT__1532402160662460.jpg", "samples/CAM_FRONT_RIGHT/n015-2018-07-24-11-13-19+0800__CAM_FRONT_RIGHT__1532402160670339.jpg", "samples/CAM_BACK_LEFT/n015-2018-07-24-11-13-19+0800__CAM_BACK_LEFT__1532402160697423.jpg", "samples/CAM_BACK/n015-2018-07-24-11-13-19+0800__CAM_BACK__1532402160687525.jpg", "samples/CAM_BACK_RIGHT/n015-2018-07-24-11-13-19+0800__CAM_BACK_RIGHT__1532402160677893.jpg"], "intrinsics": [[[1272.5979470598488, 0.0, 826.6154927353808], [0.0, 1272.5979470598488, 479.75165386361925], [0.0, 0.0, 1.0]], [[1266.417203046554, 0.0, 816.2670197447984], [0.0, 1266.417203046554, 491.50706579294757], [0.0, 0.0, 1.0]], [[1260.8474446004698, 0.0, 807.968244525554], [0.0, 1260.8474446004698, 495.3344268742088], [0.0, 0.0, 1.0]], [[1256.7414812095406, 0.0, 792.1125740759628], [0.0, 1256.7414812095406, 492.7757465151356], [0.0, 0.0, 1.0]], [[809.2209905677063, 0.0, 829.2196003259838], [0.0, 809.2209905677063, 481.77842384512485], [0.0, 0.0, 1.0]], [[1259.5137405846733, 0.0, 807.2529053838625], [0.0, 1259.5137405846733, 501.19579884916527], [0.0, 0.0, 1.0]]], "extrinsics": [[[0.8200184106826782, -0.5714890956878662, 0.03114495985209942, -0.6796875], [0.007633403409272432, -0.043491724878549576, -0.9990245699882507, 1.5109729766845703], [0.5722862482070923, 0.8194562792778015, -0.03130160644650459, -1.0833740234375], [0.0, 0.0, 0.0, 1.0]], [[0.004720954690128565, -0.9988390207290649, 0.04794047772884369, 0.00811767578125], [0.0025514804292470217, -0.0479288287460804, -0.9988475441932678, 1.521336555480957], [0.9999855756759644, 0.004837806336581707, 0.002322247950360179, -1.4091796875], [0.0, 0.0, 0.0, 1.0]], [[-0.83316969871521, -0.5529228448867798, 0.010221634060144424, 0.85205078125], [0.008383636362850666, -0.031109798699617386, -0.9994807839393616, 1.5055179595947266], [0.5529537796974182, -0.8326514959335327, 0.030555248260498047, -1.12713623046875], [0.0, 0.0, 0.0, 1.0]], [[0.9477362036705017, 0.3190396726131439, -0.003147268434986472, -1.14501953125], [0.01768978126347065, -0.06239314749836922, -0.9978948831558228, 1.5885047912597656], [-0.31856438517570496, 0.9456852674484253, -0.0647759810090065, -0.1026611328125], [0.0, 0.0, 0.0, 1.0]], [[0.0027005434967577457, 0.998636782169342, -0.05212826281785965, 0.0023345947265625], [-0.007974337786436081, -0.05210528522729874, -0.9986097812652588, 1.578777551651001], [-0.9999645352363586, 0.0031124751549214125, 0.007822753861546516, -0.0751953125], [0.0, 0.0, 0.0, 1.0]], [[-0.934531033039093, 0.3540797233581543, -0.03576658293604851, 0.9910888671875], [0.024434983730316162, -0.03642375022172928, -0.9990376830101013, 1.5552787780761719], [-0.3550417423248291, -0.9345057010650635, 0.025387194007635117, -0.11724853515625], [0.0, 0.0, 0.0, 1.0]]], "view": [[0.0, -2.0, 100.0], [-2.0, 0.0, 100.0], [0.0, 0.0, 1.0]], "bev": "bev_f5d9a58215e64439af872923fb009ae5.png", "aux": "aux_f5d9a58215e64439af872923fb009ae5.npz", "visibility": "visibility_f5d9a58215e64439af872923fb009ae5.png", "pose": [[0.23190544545650482, -0.9727383255958557, 0.0, 511.4554138183594], [0.9727383255958557, 0.23190544545650482, 0.0, 1426.9752197265625], [0.0, 0.0, 1.0, 0.0], [0.0, 0.0, 0.0, 1.0]], "pose_inverse": [[0.23190544545650482, 0.9727383255958557, 0.0, -1506.6827392578125], [-0.9727383255958557, 0.23190544545650482, 0.0, 166.58897399902344], [0.0, 0.0, 1.0, 0.0], [0.0, 0.0, 0.0, 1.0]], "cam_ids": [0, 1, 2, 3, 4, 5], "cam_channels": ["CAM_FRONT_LEFT", "CAM_FRONT", "CAM_FRONT_RIGHT", "CAM_BACK_LEFT", "CAM_BACK", "CAM_BACK_RIGHT"], "token": "f5d9a58215e64439af872923fb009ae5", "scene": "scene-0048"}, {"images": ["samples/CAM_FRONT_LEFT/n015-2018-07-24-11-13-19+0800__CAM_FRONT_LEFT__1532402161154844.jpg", "samples/CAM_FRONT/n015-2018-07-24-11-13-19+0800__CAM_FRONT__1532402161162460.jpg", "samples/CAM_FRONT_RIGHT/n015-2018-07-24-11-13-19+0800__CAM_FRONT_RIGHT__1532402161170339.jpg", "samples/CAM_BACK_LEFT/n015-2018-07-24-11-13-19+0800__CAM_BACK_LEFT__1532402161198004.jpg", "samples/CAM_BACK/n015-2018-07-24-11-13-19+0800__CAM_BACK__1532402161187525.jpg", "samples/CAM_BACK_RIGHT/n015-2018-07-24-11-13-19+0800__CAM_BACK_RIGHT__1532402161177893.jpg"], "intrinsics": [[[1272.5979470598488, 0.0, 826.6154927353808], [0.0, 1272.5979470598488, 479.75165386361925], [0.0, 0.0, 1.0]], [[1266.417203046554, 0.0, 816.2670197447984], [0.0, 1266.417203046554, 491.50706579294757], [0.0, 0.0, 1.0]], [[1260.8474446004698, 0.0, 807.968244525554], [0.0, 1260.8474446004698, 495.3344268742088], [0.0, 0.0, 1.0]], [[1256.7414812095406, 0.0, 792.1125740759628], [0.0, 1256.7414812095406, 492.7757465151356], [0.0, 0.0, 1.0]], [[809.2209905677063, 0.0, 829.2196003259838], [0.0, 809.2209905677063, 481.77842384512485], [0.0, 0.0, 1.0]], [[1259.5137405846733, 0.0, 807.2529053838625], [0.0, 1259.5137405846733, 501.19579884916527], [0.0, 0.0, 1.0]]], "extrinsics": [[[0.8197973966598511, -0.5718256831169128, 0.030780073255300522, -0.6829833984375], [0.008095571771264076, -0.04217185080051422, -0.999077558517456, 1.511087417602539], [0.5725962519645691, 0.8192904591560364, -0.02994312345981598, -1.0849609375], [0.0, 0.0, 0.0, 1.0]], [[0.004257174674421549, -0.9989280104637146, 0.04609406739473343, 0.00732421875], [0.0026488553266972303, -0.04608306288719177, -0.9989341497421265, 1.5213298797607422], [0.9999873638153076, 0.004374719224870205, 0.0024498305283486843, -1.4111328125], [0.0, 0.0, 0.0, 1.0]], [[-0.8334759473800659, -0.5524805784225464, 0.009115652181208134, 0.8519287109375], [0.008126167580485344, -0.028751321136951447, -0.9995535612106323, 1.5054264068603516], [0.5524959564208984, -0.8330297470092773, 0.02845308557152748, -1.12835693359375], [0.0, 0.0, 0.0, 1.0]], [[0.9477189779281616, 0.31908705830574036, -0.00348302791826427, -1.1556396484375], [0.016011588275432587, -0.05845148116350174, -0.9981618523597717, 1.5883255004882812], [-0.31870409846305847, 0.9459211230278015, -0.06050467491149902, -0.09912109375], [0.0, 0.0, 0.0, 1.0]], [[0.002950781723484397, 0.9988088011741638, -0.04870482534170151, 0.002899169921875], [