[{"images": ["samples/CAM_FRONT_LEFT/n015-2018-08-02-17-28-51+0800__CAM_FRONT_LEFT__1533202629004844.jpg", "samples/CAM_FRONT/n015-2018-08-02-17-28-51+0800__CAM_FRONT__1533202629012460.jpg", "samples/CAM_FRONT_RIGHT/n015-2018-08-02-17-28-51+0800__CAM_FRONT_RIGHT__1533202629020339.jpg", "samples/CAM_BACK_LEFT/n015-2018-08-02-17-28-51+0800__CAM_BACK_LEFT__1533202629047423.jpg", "samples/CAM_BACK/n015-2018-08-02-17-28-51+0800__CAM_BACK__1533202629037525.jpg", "samples/CAM_BACK_RIGHT/n015-2018-08-02-17-28-51+0800__CAM_BACK_RIGHT__1533202629027893.jpg"], "intrinsics": [[[1272.5979470598488, 0.0, 826.6154927353808], [0.0, 1272.5979470598488, 479.75165386361925], [0.0, 0.0, 1.0]], [[1266.417203046554, 0.0, 816.2670197447984], [0.0, 1266.417203046554, 491.50706579294757], [0.0, 0.0, 1.0]], [[1260.8474446004698, 0.0, 807.968244525554], [0.0, 1260.8474446004698, 495.3344268742088], [0.0, 0.0, 1.0]], [[1256.7414812095406, 0.0, 792.1125740759628], [0.0, 1256.7414812095406, 492.7757465151356], [0.0, 0.0, 1.0]], [[809.2209905677063, 0.0, 829.2196003259838], [0.0, 809.2209905677063, 481.77842384512485], [0.0, 0.0, 1.0]], [[1259.5137405846733, 0.0, 807.2529053838625], [0.0, 1259.5137405846733, 501.19579884916527], [0.0, 0.0, 1.0]]], "extrinsics": [[[0.8204224109649658, -0.5715621113777161, 0.014959927648305893, -0.82293701171875], [-0.004411473870277405, -0.032491929829120636, -0.9994622468948364, 1.507476806640625], [0.5717407464981079, 0.8199152946472168, -0.02917853742837906, -1.180908203125], [0.0, 0.0, 0.0, 1.0]], [[0.005267960485070944, -0.9993257522583008, 0.03633636608719826, 0.00557708740234375], [-0.009732496924698353, -0.036386389285326004, -0.999290406703949, 1.5191307067871094], [0.9999387264251709, 0.004910574294626713, -0.009917614050209522, -1.548583984375], [0.0, 0.0, 0.0, 1.0]], [[-0.8331116437911987, -0.5529286861419678, 0.013955242931842804, 0.93798828125], [-0.0041250744834542274, -0.019018640741705894, -0.9998106360435486, 1.503173828125], [0.5530893206596375, -0.8330115079879761, 0.013563779182732105, -1.18634033203125], [0.0, 0.0, 0.0, 1.0]], [[0.9476727247238159, 0.31904736161231995, -0.011194498278200626, -1.1353759765625], [0.004684004932641983, -0.04895780235528946, -0.9987898468971252, 1.5885896682739258], [-0.3192092776298523, 0.9464734196662903, -0.04789039120078087, -0.105987548828125], [0.0, 0.0, 0.0, 1.0]], [[0.0023174849338829517, 0.9992324113845825, -0.03910583257675171, 0.00296783447265625], [-0.020811257883906364, -0.03904927521944046, -0.999020516872406, 1.5783977508544922], [-0.9997807145118713, 0.0031290194019675255, 0.020704787224531174, -0.0440673828125], [0.0, 0.0, 0.0, 1.0]], [[-0.9347693920135498, 0.3547210097312927, -0.01947353594005108, 1.0582275390625], [0.011763341724872589, -0.023879678919911385, -0.9996456503868103, 1.5524282455444336], [-0.355060338973999, -0.9346672296524048, 0.01814928837120533, -0.09332275390625], [0.0, 0.0, 0.0, 1.0]]], "view": [[0.0, -2.0, 100.0], [-2.0, 0.0, 100.0], [0.0, 0.0, 1.0]], "bev": "bev_59c53c8ca9f9431b9087623849135904.png", "aux": "aux_59c53c8ca9f9431b9087623849135904.npz", "visibility": "visibility_59c53c8ca9f9431b9087623849135904.png", "pose": [[-0.40987467765808105, 0.9121418595314026, 0.0, 394.8846130371094], [-0.9121418595314026, -0.40987467765808105, 0.0, 1154.28564453125], [0.0, 0.0, 1.0, 0.0], [0.0, 0.0, 0.0, 1.0]], "pose_inverse": [[-0.40987467765808105, -0.9121418595314026, 0.0, 1214.7254638671875], [0.9121418595314026, -0.40987467765808105, 0.0, 112.92167663574219], [0.0, 0.0, 1.0, 0.0], [0.0, 0.0, 0.0, 1.0]], "cam_ids": [0, 1, 2, 3, 4, 5], "cam_channels": ["CAM_FRONT_LEFT", "CAM_FRONT", "CAM_FRONT_RIGHT", "CAM_BACK_LEFT", "CAM_BACK", "CAM_BACK_RIGHT"], "token": "59c53c8ca9f9431b9087623849135904", "scene": "scene-0356"}, {"images": ["samples/CAM_FRONT_LEFT/n015-2018-08-02-17-28-51+0800__CAM_FRONT_LEFT__1533202629504844.jpg", "samples/CAM_FRONT/n015-2018-08-02-17-28-51+0800__CAM_FRONT__1533202629512460.jpg", "samples/CAM_FRONT_RIGHT/n015-2018-08-02-17-28-51+0800__CAM_FRONT_RIGHT__1533202629520339.jpg", "samples/CAM_BACK_LEFT/n015-2018-08-02-17-28-51+0800__CAM_BACK_LEFT__1533202629547423.jpg", "samples/CAM_BACK/n015-2018-08-02-17-28-51+0800__CAM_BACK__1533202629537525.jpg", "samples/CAM_BACK_RIGHT/n015-2018-08-02-17-28-51+0800__CAM_BACK_RIGHT__1533202629527893.jpg"], "intrinsics": [[[1272.5979470598488, 0.0, 826.6154927353808], [0.0, 1272.5979470598488, 479.75165386361925], [0.0, 0.0, 1.0]], [[1266.417203046554, 0.0, 816.2670197447984], [0.0, 1266.417203046554, 491.50706579294757], [0.0, 0.0, 1.0]], [[1260.8474446004698, 0.0, 807.968244525554], [0.0, 1260.8474446004698, 495.3344268742088], [0.0, 0.0, 1.0]], [[1256.7414812095406, 0.0, 792.1125740759628], [0.0, 1256.7414812095406, 492.7757465151356], [0.0, 0.0, 1.0]], [[809.2209905677063, 0.0, 829.2196003259838], [0.0, 809.2209905677063, 481.77842384512485], [0.0, 0.0, 1.0]], [[1259.5137405846733, 0.0, 807.2529053838625], [0.0, 1259.5137405846733, 501.19579884916527], [0.0, 0.0, 1.0]]], "extrinsics": [[[0.8208247423171997, -0.5709857940673828, 0.014895394444465637, -0.818115234375], [-0.001268810243345797, -0.027900967746973038, -0.9996098875999451, 1.5080547332763672], [0.5711786150932312, 0.8204856514930725, -0.023626279085874557, -1.17950439453125], [0.0, 0.0, 0.0, 1.0]], [[0.005785833578556776, -0.9994730949401855, 0.03193765878677368, 0.00687408447265625], [-0.0064660897478461266, -0.0319749191403389, -0.9994677901268005, 1.5196056365966797], [0.999962329864502, 0.0055763004347682, -0.006647685542702675, -1.544189453125], [0.0, 0.0, 0.0, 1.0]], [[-0.8328917622566223, -0.5533658862113953, 0.008797676302492619, 0.9351806640625], [-0.0007398392190225422, -0.01478317566215992, -0.9998904466629028, 1.5035667419433594], [0.5534353256225586, -0.8328070640563965, 0.011903385631740093, -1.183349609375], [0.0, 0.0, 0.0, 1.0]], [[0.9477039575576782, 0.31908169388771057, -0.0066301459446549416, -1.1337890625], [0.008254777640104294, -0.045274317264556885, -0.9989404678344727, 1.5886330604553223], [-0.3190438151359558, 0.9466451406478882, -0.04554060101509094, -0.1065673828125], [0.0, 0.0, 0.0, 1.0]], [[0.0022854867856949568, 0.9993760585784912, -0.035246461629867554, 0.00263214111328125], [-0.017277207225561142, -0.03520182892680168, -0.9992308616638184, 1.5785274505615234], [-0.9998481273651123, 0.0028926890809088945, 0.01718597300350666, -0.046630859375], [0.0, 0.0, 0.0, 1.0]], [[-0.934813380241394, 0.3545011579990387, -0.021281525492668152, 1.0548095703125], [0.015244608744978905, -0.019813787192106247, -0.9996874332427979, 1.5527839660644531], [-0.35481202602386475, -0.9348456859588623, 0.013117962516844273, -0.09405517578125], [0.0, 0.0, 0.0, 1.0]]], "view": [[0.0, -2.0, 100.0], [-2.0, 0.0, 100.0], [0.0, 0.0, 1.0]], "bev": "bev_a711b16d048442d89474556abdfb1f03.png", "aux": "aux_a711b16d048442d89474556abdfb1f03.npz", "visibility": "visibility_a711b16d048442d89474556abdfb1f03.png", "pose": [[-0.40630894899368286, 0.9137357473373413, 0.0, 394.0921630859375], [-0.9137357473373413, -0.40630894899368286, 0.0, 1152.517578125], [0.0, 0.0, 1.0, 0.0], [0.0, 0.0, 0.0, 1.0]], "pose_inverse": [[-0.40630894899368286, -0.9137357473373413, 0.0, 1213.2197265625], [0.9137357473373413, -0.40630894899368286, 0.0, 108.18212127685547], [0.0, 0.0, 1.0, 0.0], [0.0, 0.0, 0.0, 1.0]], "cam_ids": [0, 1, 2, 3, 4, 5], "cam_channels": ["CAM_FRONT_LEFT", "CAM_FRONT", "CAM_FRONT_RIGHT", "CAM_BACK_LEFT", "CAM_BACK", "CAM_BACK_RIGHT"], "token": "a711b16d048442d89474556abdfb1f03", "scene": "scene-0356"}, {"images": ["samples/CAM_FRONT_LEFT/n015-2018-08-02-17-28-51+0800__CAM_FRONT_LEFT__1533202630104844.jpg", "samples/CAM_FRONT/n015-2018-08-02-17-28-51+0800__CAM_FRONT__1533202630112460.jpg", "samples/CAM_FRONT_RIGHT/n015-2018-08-02-17-28-51+0800__CAM_FRONT_RIGHT__1533202630120339.jpg", "samples/CAM_BACK_LEFT/n015-2018-08-02-17-28-51+0800__CAM_BACK_LEFT__1533202630147423.jpg", "samples/CAM_BACK/n015-2018-08-02-17-28-51+0800__CAM_BACK__1533202630137525.jpg", "samples/CAM_BACK_RIGHT/n015-2018-08-02-17-28-51+0800__CAM_BACK_RIGHT__1533202630127893.jpg"], "intrinsics": [[[1272.5979470598488, 0.0, 826.6154927353808], [0.0, 1272.5979470598488, 479.75165386361925], [0.0, 0.0, 1.0]], [[1266.417203046554, 0.0, 816.2670197447984], [0.0, 1266.417203046554, 491.50706579294757], [0.0, 0.0, 1.0]], [[1260.8474446004698, 0.0, 807.968244525554], [0.0, 1260.8474446004698, 495.3344268742088], [0.0, 0.0, 1.0]], [[1256.7414812095406, 0.0, 792.1125740759628], [0.0, 1256.7414812095406, 492.7757465151356], [0.0, 0.0, 1.0]], [[809.2209905677063, 0.0, 829.2196003259838], [0.0, 809.2209905677063, 481.77842384512485], [0.0, 0.0, 1.0]], [[1259.5137405846733, 0.0, 807.2529053838625], [0.0, 1259.5137405846733, 501.19579884916527], [0.0, 0.0, 1.0]]], "extrinsics": [[[0.8205918669700623, -0.5714712142944336, 0.007055806927382946, -0.81903076171875], [-0.004682149272412062, -0.019067594781517982, -0.9998072385787964, 1.5074830055236816], [0.571495532989502, 0.820400595664978, -0.018322424963116646, -1.1822509765625], [0.0, 0.0, 0.0, 1.0]], [[0.005481983069330454, -0.999724805355072, 0.022805901244282722, 0.0083770751953125], [-0.010114733129739761, -0.022860514000058174, -0.9996875524520874, 1.5191240310668945], [0.9999338388442993, 0.005249604117125273, -0.010237270966172218, -1.5469970703125], [0.0, 0.0, 0.0, 1.0]], [[-0.8330449461936951, -0.5531632304191589, 0.00682880450040102, 0.93896484375], [-0.004626088310033083, -0.005377965979278088, -0.99997478723526, 1.5031299591064453], [0.5531859993934631, -0.8330555558204651, 0.001921106013469398, -1.1842041015625], [0.0, 0.0, 0.0, 1.0]], [[0.9477261304855347, 0.31898993253707886, -0.007797624450176954, -1.1324462890625], [0.0036120021250098944, -0.03516080230474472, -0.9993751049041748, 1.5885999202728271], [-0.31906476616859436, 0.9471057057380676, -0.03447499871253967, -0.107177734375], [0.0, 0.0, 0.0, 1.0]], [[0.0023737801238894463, 0.9996764063835144, -0.025328578427433968, 0.0020904541015625], [-0.021655824035406113, -0.025271320715546608, -0.9994460940361023, 1.5783424377441406], [-0.9997626543045044, 0.0029209947679191828, 0.021588824689388275, -0.0460205078125], [0.0, 0.0, 0.0, 1.0]], [[-0.9347888231277466, 0.3549279272556305, -0.014006474055349827, 1.05712890625], [0.011125736869871616, -0.010156067088246346, -0.9998865127563477, 1.552403450012207], [-0.3550298511981964, -0.9348385334014893, 0.005544941872358322, -0.09228515625], [0.0, 0.0, 0.0, 1.0]]], "view": [[0.0, -2.0, 100.0], [-2.0, 0.0, 100.0], [0.0, 0.0, 1.0]], "bev": "bev_91d9754add944734a3ba8eadc662810a.png", "aux": "aux_91d9754add944734a3ba8eadc662810a.npz", "visibility": "visibility_91d9754add944734a3ba8eadc662810a.png", "pose": [[-0.4029310941696167, 0.9152303338050842, 0.0, 393.11907958984375], [-0.9152303338050842, -0.4029310941696167, 0.0, 1150.37060546875], [0.0, 0.0, 1.0, 0.0], [0.0, 0.0, 0.0, 1.0]], "pose_inverse": [[-0.4029310941696167, -0.9152303338050842, 0.0, 1211.25390625], [0.9152303338050842, -0.4029310941696167, 0.0, 103.72559356689453], [0.0, 0.0, 1.0, 0.0], [0.0, 0.0, 0.0, 1.0]], "cam_ids": [0, 1, 2, 3, 4, 5], "cam_channels": ["CAM_FRONT_LEFT", "CAM_FRONT", "CAM_FRONT_RIGHT", "CAM_BACK_LEFT", "CAM_BACK", "CAM_BACK_RIGHT"], "token": "91d9754add944734a3ba8eadc662810a", "scene": "scene-0356"}, {"images": ["samples/CAM_FRONT_LEFT/n015-2018-08-02-17-28-51+0800__CAM_FRONT_LEFT__1533202630654844.jpg", "samples/CAM_FRONT/n015-2018-08-02-17-28-51+0800__CAM_FRONT__1533202630662460.jpg", "samples/CAM_FRONT_RIGHT/n015-2018-08-02-17-28-51+0800__CAM_FRONT_RIGHT__1533202630670339.jpg", "samples/CAM_BACK_LEFT/n015-2018-08-02-17-28-51+0800__CAM_BACK_LEFT__1533202630697423.jpg", "samples/CAM_BACK/n015-2018-08-02-17-28-51+0800__CAM_BACK__1533202630690516.jpg", "samples/CAM_BACK_RIGHT/n015-2018-08-02-17-28-51+0800__CAM_BACK_RIGHT__1533202630677893.jpg"], "intrinsics": [[[1272.5979470598488, 0.0, 826.6154927353808], [0.0, 1272.5979470598488, 479.75165386361925], [0.0, 0.0, 1.0]], [[1266.417203046554, 0.0, 816.2670197447984], [0.0, 1266.417203046554, 491.50706579294757], [0.0, 0.0, 1.0]], [[1260.8474446004698, 0.0, 807.968244525554], [0.0, 1260.8474446004698, 495.3344268742088], [0.0, 0.0, 1.0]], [[1256.7414812095406, 0.0, 792.1125740759628], [0.0, 1256.7414812095406, 492.7757465151356], [0.0, 0.0, 1.0]], [[809.2209905677063, 0.0, 829.2196003259838], [0.0, 809.2209905677063, 481.77842384512485], [0.0, 0.0, 1.0]], [[1259.5137405846733, 0.0, 807.2529053838625], [0.0, 1259.5137405846733, 501.19579884916527], [0.0, 0.0, 1.0]]], "extrinsics": [[[0.8209766745567322, -0.5709395408630371, 0.005050616804510355, -0.82635498046875], [-0.005223297048360109, -0.01635563373565674, -0.9998525977134705, 1.5074167251586914], [0.570937991142273, 0.8208292126655579, -0.016409777104854584, -1.18682861328125], [0.0, 0.0, 0.0, 1.0]], [[0.006079099141061306, -0.9997739195823669, 0.020375456660985947, 0.00799560546875], [-0.010503833182156086, -0.020438553765416145, -0.999735951423645, 1.5191125869750977], [0.9999263286590576, 0.005863478872925043, -0.010625706985592842, -1.552978515625], [0.0, 0.0, 0.0, 1.0]], [[-0.8327558040618896, -0.5536093711853027, 0.005871559958904982, 0.9415283203125], [-0.004881680477410555, -0.0032626097090542316, -0.9999827146530151, 1.5031118392944336], [0.5536190271377563, -0.8327701091766357, 1.441534095647512e-05, -1.18634033203125], [0.0, 0.0, 0.0, 1.0]], [[0.947673499584198, 0.3191588222980499, -0.0072601852007210255, -1.130126953125], [0.003725845366716385, -0.03379782289266586, -0.9994217157363892, 1.5886119604110718], [-0.3192196190357208, 0.947098433971405, -0.03321843594312668, -0.108062744140625], [0.0, 0.0, 0.0, 1.0]], [[0.002075166441500187, 0.9997148513793945, -0.023791953921318054, 0.00225830078125], [-0.021668657660484314, -0.02374146692454815, -0.9994832873344421, 1.5785655975341797], [-0.999763011932373, 0.0025896725710481405, 0.02161320671439171, -0.0352783203125], [0.0, 0.0, 0.0, 1.0]], [[-0.9349461793899536, 0.3545427620410919, -0.013231047429144382, 1.0584716796875], [0.01099785789847374, -0.008313201367855072, -0.9999049305915833, 1.5523691177368164], [-0.3546190857887268, -0.9350028038024902, 0.003873185720294714, -0.091796875], [0.0, 0.0, 0.0, 1.0]]], "view": [[0.0, -2.0, 100.0], [-2.0, 0.0, 100.0], [0.0, 0.0, 1.0]], "bev": "bev_59c1bd3b140444a5a51bc69b2ec34c90.png", "aux": "aux_59c1bd3b140444a5a51bc69b2ec34c90.npz", "visibility": "visibility_59c1bd3b140444a5a51bc69b2ec34c90.png", "pose": [[-0.40137219429016113, 0.9159150719642639, 0.0, 392.23626708984375], [-0.9159150719642639, -0.40137219429016113, 0.0, 1148.436279296875], [0.0, 0.0, 1.0, 0.0], [0.0, 0.0, 0.0, 1.0]], "pose_inverse": [[-0.40137219429016113, -0.9159150719642639, 0.0, 1209.302734375], [0.9159150719642639, -0.40137219429016113, 0.0, 101.6952896118164], [0.0, 0.0, 1.0, 0.0], [0.0, 0.0, 0.0, 1.0]], "cam_ids": [0, 1, 2, 3, 4, 5], "cam_channels": ["CAM_FRONT_LEFT", "CAM_FRONT", "CAM_FRONT_RIGHT", "CAM_BACK_LEFT", "CAM_BACK", "CAM_BACK_RIGHT"], "token": "59c1bd3b140444a5a51bc69b2ec34c90", "scene": "scene-0356"}, {"images": ["samples/CAM_FRONT_LEFT/n015-2018-08-02-17-28-51+0800__CAM_FRONT_LEFT__1533202631155057.jpg", "samples/CAM_FRONT/n015-2018-08-02-17-28-51+0800__CAM_FRONT__1533202631162460.jpg", "samples/CAM_FRONT_RIGHT/n015-2018-08-02-17-28-51+0800__CAM_FRONT_RIGHT__1533202631170339.jpg", "samples/CAM_BACK_LEFT/n015-2018-08-02-17-28-51+0800__CAM_BACK_LEFT__1533202631197423.jpg", "samples/CAM_BACK/n015-2018-08-02-17-28-51+0800__CAM_BACK__1533202631187525.jpg", "samples/CAM_BACK_RIGHT/n015-2018-08-02-17-28-51+0800__CAM_BACK_RIGHT__1533202631177893.jpg"], "intrinsics": [[[1272.5979470598488, 0.0, 826.6154927353808], [0.0, 1272.5979470598488, 479.75165386361925], [0.0, 0.0, 1.0]], [[1266.417203046554, 0.0, 816.2670197447984], [0.0, 1266.417203046554, 491.50706579294757], [0.0, 0.0, 1.0]], [[1260.8474446004698, 0.0, 807.968244525554], [0.0, 1260.8474446004698, 495.3344268742088], [0.0, 0.0, 1.0]], [[1256.7414812095406, 0.0, 792.1125740759628], [0.0, 1256.7414812095406, 492.7757465151356], [0.0, 0.0, 1.0]], [[809.2209905677063, 0.0, 829.2196003259838], [0.0, 809.2209905677063, 481.77842384512485], [0.0, 0.0, 1.0]], [[1259.5137405846733, 0.0, 807.2529053838625], [0.0, 1259.5137405846733, 501.19579884916527], [0.0, 0.0, 1.0]]], "extrinsics": [[[0.8203837275505066, -0.5717969536781311, 0.004344034008681774, -0.83990478515625], [-0.007523576263338327, -0.01839008741080761, -0.9998025298118591, 1.507136344909668], [0.5717638731002808, 0.8201889991760254, -0.01938888616859913, -1.19476318359375], [0.0, 0.0, 0.0, 1.0]], [[0.005238490179181099, -0.9997362494468689, 0.022358344867825508, 0.0070343017578125], [-0.012814218178391457, -0.02242393046617508, -0.9996664524078369, 1.5189476013183594], [0.9999041557312012, 0.004950263537466526, -0.012928306125104427, -1.566162109375], [0.0, 0.0, 0.0, 1.0]], [[-0.8331440687179565, -0.552985429763794, 0.008838264271616936, 0.9503173828125], [-0.007173462305217981, -0.005174442660063505, -0.9999608993530273, 1.5029363632202148], [0.5530095100402832, -0.8331748247146606, 0.00034423579927533865, -1.19305419921875], [0.0, 0.0, 0.0, 1.0]], [[0.9477136731147766, 0.3189711570739746, -0.009797393344342709, -1.133544921875], [0.001523298560641706, -0.03522247076034546, -0.9993782639503479, 1.5885717868804932], [-0.319117933511734, 0.9471096992492676, -0.03386671096086502, -0.106719970703125], [0.0, 0.0, 0.0, 1.0]], [[0.002400011057034135, 0.9996740221977234, -0.025418343022465706, 0.0023956298828125], [-0.023899521678686142, -0.025353815406560898, -0.9993928670883179, 1.5783863067626953], [-0.9997114539146423, 0.003006035229191184, 0.02383088320493698, -0.0391845703125], [0.0, 0.0, 0.0, 1.0]], [[-0.9347671866416931, 0.35506635904312134, -0.011749200522899628, 1.0673828125], [0.008718771860003471, -0.010133682750165462, -0.9999106526374817, 1.5520963668823242], [-0.3551536798477173, -0.9347862005233765, 0.006376890931278467, -0.08892822265625], [0.0, 0.0, 0.0, 1.0]]], "view": [[0.0, -2.0, 100.0], [-2.0, 0.0, 100.0], [0.0, 0.0, 1.0]], "bev": "bev_0d541ffc1415494eb400a51b89cdd894.png", "aux": "aux_0d541ffc1415494eb400a51b89cdd894.npz", "visibility": "visibility_0d541ffc1415494eb400a51b89cdd894.png", "pose": [[-0.39841026067733765, 0.9172073006629944, 0.0, 391.5182800292969], [-0.9172073006629944, -0.39841026067733765, 0.0, 1146.8538818359375], [0.0, 0.0, 1.0, 0.0], [0.0, 0.0, 0.0, 1.0]], "pose_inverse": [[-0.39841026067733765, -0.9172073006629944, 0.0, 1207.8876953125], [0.9172073006629944, -0.39841026067733765, 0.0, 97.81490325927734], [0.0, 0.0, 1.0, 0.0], [0.0, 0.0, 0.0, 1.0]], "cam_ids": [0, 1, 2, 3, 4, 5], "cam_channels": ["CAM_FRONT_LEFT", "CAM_FRONT", "CAM_FRONT_RIGHT", "CAM_BACK_LEFT", "CAM_BACK", "CAM_BACK_RIGHT"], "token": "0d541ffc1415494eb400a51b89cdd894", "scene": "scene-0356"}, {"images": ["samples/CAM_FRONT_LEFT/n015-2018-08-02-17-28-51+0800__CAM_FRONT_LEFT__1533202631754844.jpg", "samples/CAM_FRONT/n015-2018-08-02-17-28-51+0800__CAM_FRONT__1533202631762460.jpg", "samples/CAM_FRONT_RIGHT/n015-2018-08-02-17-28-51+0800__CAM_FRONT_RIGHT__1533202631770339.jpg", "samples/CAM_BACK_LEFT/n015-2018-08-02-17-28-51+0800__CAM_BACK_LEFT__1533202631797423.jpg", "samples/CAM_BACK/n015-2018-08-02-17-28-51+0800__CAM_BACK__1533202631787525.jpg", "samples/CAM_BACK_RIGHT/n015-2018-08-02-17-28-51+0800__CAM_BACK_RIGHT__1533202631777893.jpg"], "intrinsics": [[[1272.5979470598488, 0.0, 826.6154927353808], [0.0, 1272.5979470598488, 479.75165386361925], [0.0, 0.0, 1.0]], [[1266.417203046554, 0.0, 816.2670197447984], [0.0, 1266.417203046554, 491.50706579294757], [0.0, 0.0, 1.0]], [[1260.8474446004698, 0.0, 807.968244525554], [0.0, 1260.8474446004698, 495.3344268742088], [0.0, 0.0, 1.0]], [[1256.7414812095406, 0.0, 792.1125740759628], [0.0, 1256.7414812095406, 492.7757465151356], [0.0, 0.0, 1.0]], [[809.2209905677063, 0.0, 829.2196003259838], [0.0, 809.2209905677063, 481.77842384512485], [0.0, 0.0, 1.0]], [[1259.5137405846733, 0.0, 807.2529053838625], [0.0, 1259.5137405846733, 501.19579884916527], [0.0, 0.0, 1.0]]], "extrinsics": [[[0.8204717636108398, -0.571661651134491, 0.0054008192382752895, -0.8369140625], [-0.0089323865249753, -0.022264981642365456, -0.9997122287750244, 1.5068464279174805], [0.5716173052787781, 0.8201873302459717, -0.02337408997118473, -1.19061279296875], [0.0, 0.0, 0.0, 1.0]], [[0.005434921011328697, -0.9996477365493774, 0.02597672864794731, 0.0056610107421875], [-0.014121266081929207, -0.026051245629787445, -0.9995608925819397, 1.5186996459960938], [0.9998854398727417, 0.005065705627202988, -0.014257877133786678, -1.5623779296875], [0.0, 0.0, 0.0, 1.0]], [[-0.8330262899398804, -0.553109347820282, 0.011715750209987164, 0.947021484375], [-0.008357040584087372, -0.008593731559813023, -0.9999281764030457, 1.5027875900268555], [0.5531702637672424, -0.8330643177032471, 0.0025364477187395096, -1.1920166015625], [0.0, 0.0, 0.0, 1.0]], [[0.9476820230484009, 0.3190096616744995, -0.011470199562609196, -1.134765625], [0.0007892872090451419, -0.03827403113245964, -0.9992669224739075, 1.5885647535324097], [-0.319214791059494, 0.9469782710075378, -0.036523401737213135, -0.1063232421875], [0.0, 0.0, 0.0, 1.0]], [[0.0021882043220102787, 0.9995904564857483, -0.028534069657325745, 0.00261688232421875], [-0.02480505034327507, -0.028471101075410843, -0.9992868304252625, 1.5783119201660156], [-0.9996899366378784, 0.0028944467194378376, 0.024732589721679688, -0.040771484375], [0.0, 0.0, 0.0, 1.0]], [[-0.934857189655304, 0.3548242151737213, -0.0119109395891428, 1.0648193359375], [0.007658521179109812, -0.013386634178459644, -0.9998810291290283, 1.5520343780517578], [-0.3549415171146393, -0.9348372220993042, 0.009797164238989353, -0.09051513671875], [0.0, 0.0, 0.0, 1.0]]], "view": [[0.0, -2.0, 100.0], [-2.0, 0.0, 100.0], [0.0, 0.0, 1.0]], "bev": "bev_2e200ef0c5b24a4c981197fcb5a8fdb5.png", "aux": "aux_2e200ef0c5b24a4c981197fcb5a8fdb5.npz", "visibility": "visibility_2e200ef0c5b24a4c981197fcb5a8fdb5.png", "pose": [[-0.39460811018943787, 0.918849527835846, 0.0, 390.654296875], [-0.918849527835846, -0.39460811018943787, 0.0, 1144.904296875], [0.0, 0.0, 1.0, 0.0], [0.0, 0.0, 0.0, 1.0]], "pose_inverse": [[-0.39460811018943787, -0.918849527835846, 0.0, 1206.150146484375], [0.918849527835846, -0.39460811018943787, 0.0, 92.83602142333984], [0.0, 0.0, 1.0, 0.0], [0.0, 0.0, 0.0, 1.0]], "cam_ids": [0, 1, 2, 3, 4, 5], "cam_channels": ["CAM_FRONT_LEFT", "CAM_FRONT", "CAM_FRONT_RIGHT", "CAM_BACK_LEFT", "CAM_BACK", "CAM_BACK_RIGHT"], "token": "2e200ef0c5b24a4c981197fcb5a8fdb5", "scene": "scene-0356"}, {"images": ["samples/CAM_FRONT_LEFT/n015-2018-08-02-17-28-51+0800__CAM_FRONT_LEFT__1533202632254844.jpg", "samples/CAM_FRONT/n015-2018-08-02-17-28-51+0800__CAM_FRONT__1533202632262460.jpg", "samples/CAM_FRONT_RIGHT/n015-2018-08-02-17-28-51+0800__CAM_FRONT_RIGHT__1533202632270339.jpg", "samples/CAM_BACK_LEFT/n015-2018-08-02-17-28-51+0800__CAM_BACK_LEFT__1533202632297423.jpg", "samples/CAM_BACK/n015-2018-08-02-17-28-51+0800__CAM_BACK__1533202632287525.jpg", "samples/CAM_BACK_RIGHT/n015-2018-08-02-17-28-51+0800__CAM_BACK_RIGHT__1533202632277893.jpg"], "intrinsics": [[[1272.5979470598488, 0.0, 826.6154927353808], [0.0, 1272.5979470598488, 479.75165386361925], [0.0, 0.0, 1.0]], [[1266.417203046554, 0.0, 816.2670197447984], [0.0, 1266.417203046554, 491.50706579294757], [0.0, 0.0, 1.0]], [[1260.8474446004698, 0.0, 807.968244525554], [0.0, 1260.8474446004698, 495.3344268742088], [0.0, 0.0, 1.0]], [[1256.7414812095406, 0.0, 792.1125740759628], [0.0, 1256.7414812095406, 492.7757465151356], [0.0, 0.0, 1.0]], [[809.2209905677063, 0.0, 829.2196003259838], [0.0, 809.2209905677063, 481.77842384512485], [0.0, 0.0, 1.0]], [[1259.5137405846733, 0.0, 807.2529053838625], [0.0, 1259.5137405846733, 501.19579884916527], [0.0, 0.0, 1.0]]], "extrinsics": [[[0.8202663064002991, -0.5718953609466553, 0.00993392150849104, -0.8338623046875], [-0.0026427372358739376, -0.021156687289476395, -0.9997726678848267, 1.507826805114746], [0.5719754695892334, 0.8200536966323853, -0.018865490332245827, -1.18878173828125], [0.0, 0.0, 0.0, 1.0]], [[0.005002420395612717, -0.9996688365936279, 0.02523893304169178, 0.0057373046875], [-0.00791302602738142, -0.025278029963374138, -0.999649167060852, 1.5194873809814453], [0.9999561309814453, 0.004800989292562008, -0.008036857470870018, -1.559814453125], [0.0, 0.0, 0.0, 1.0]], [[-0.8332280516624451, -0.5528925657272339, 0.006384032778441906, 0.9453125], [-0.002253439510241151, -0.00815018080174923, -0.9999642372131348, 1.5034096240997314], [0.5529248714447021, -0.8332126140594482, 0.0055450499057769775, -1.19097900390625], [0.0, 0.0, 0.0, 1.0]], [[0.947738528251648, 0.31898653507232666, -0.0062529537826776505, -1.1312255859375], [0.0064608268439769745, -0.03878311440348625, -0.9992267489433289, 1.5886273384094238], [-0.31898239254951477, 0.9469653367996216, -0.03881717473268509, -0.10736083984375], [0.0, 0.0, 0.0, 1.0]], [[0.0025352160446345806, 0.9995844960212708, -0.028711438179016113, 0.0028839111328125], [-0.018969349563121796, -0.028658291324973106, -0.9994092583656311, 1.578521728515625], [-0.9998168349266052, 0.003078350331634283, 0.018888814374804497, -0.0419921875], [0.0, 0.0, 0.0, 1.0]], [[-0.9346781373023987, 0.3550659418106079, -0.017459962517023087, 1.06396484375], [0.013646779581904411, -0.013241085223853588, -0.9998192191123962, 1.552506446838379], [-0.3552328944206238, -0.9347474575042725, 0.007530646398663521, -0.091094970703125], [0.0, 0.0, 0.0, 1.0]]], "view": [[0.0, -2.0, 100.0], [-2.0, 0.0, 100.0], [0.0, 0.0, 1.0]], "bev": "bev_18b1fd7ab1ed49c3adf89898e383b633.png", "aux": "aux_18b1fd7ab1ed49c3adf89898e383b633.npz", "visibility": "visibility_18b1fd7ab1ed49c3adf89898e383b633.png", "pose": [[-0.3864617645740509, 0.9223054051399231, 0.0, 389.9479675292969], [-0.9223054051399231, -0.3864617645740509, 0.0, 1143.246337890625], [0.0, 0.0, 1.0, 0.0], [0.0, 0.0, 0.0, 1.0]], "pose_inverse": [[-0.3864617645740509, -0.9223054051399231, 0.0, 1205.122314453125], [0.9223054051399231, -0.3864617645740509, 0.0, 82.16985321044922], [0.0, 0.0, 1.0, 0.0], [0.0, 0.0, 0.0, 1.0]], "cam_ids": [0, 1, 2, 3, 4, 5], "cam_channels": ["CAM_FRONT_LEFT", "CAM_FRONT", "CAM_FRONT_RIGHT", "CAM_BACK_LEFT", "CAM_BACK", "CAM_BACK_RIGHT"], "token": "18b1fd7ab1ed49c3adf89898e383b633", "scene": "scene-0356"}, {"images": ["samples/CAM_FRONT_LEFT/n015-2018-08-02-17-28-51+0800__CAM_FRONT_LEFT__1533202632754844.jpg", "samples/CAM_FRONT/n015-2018-08-02-17-28-51+0800__CAM_FRONT__1533202632762460.jpg", "samples/CAM_FRONT_RIGHT/n015-2018-08-02-17-28-51+0800__CAM_FRONT_RIGHT__1533202632770339.jpg", "samples/CAM_BACK_LEFT/n015-2018-08-02-17-28-51+0800__CAM_BACK_LEFT__1533202632797423.jpg", "samples/CAM_BACK/n015-2018-08-02-17-28-51+0800__CAM_BACK__1533202632787525.jpg", "samples/CAM_BACK_RIGHT/n015-2018-08-02-17-28-51+0800__CAM_BACK_RIGHT__1533202632777893.jpg"], "intrinsics": [[[1272.5979470598488, 0.0, 826.6154927353808], [0.0, 1272.5979470598488, 479.75165386361925], [0.0, 0.0, 1.0]], [[1266.417203046554, 0.0, 816.2670197447984], [0.0, 1266.417203046554, 491.50706579294757], [0.0, 0.0, 1.0]], [[1260.8474446004698, 0.0, 807.968244525554], [0.0, 1260.8474446004698, 495.3344268742088], [0.0, 0.0, 1.0]], [[1256.7414812095406, 0.0, 792.1125740759628], [0.0, 1256.7414812095406, 492.7757465151356], [0.0, 0.0, 1.0]], [[809.2209905677063, 0.0, 829.2196003259838], [0.0, 809.2209905677063, 481.77842384512485], [0.0, 0.0, 1.0]], [[1259.5137405846733, 0.0, 807.2529053838625], [0.0, 1259.5137405846733, 501.19579884916527], [0.0, 0.0, 1.0]]], "extrinsics": [[[0.8207508325576782, -0.5712156891822815, 0.008974897675216198, -0.836181640625], [-0.0014501414261758327, -0.01779305562376976, -0.9998406767845154, 1.508055329322815], [0.5712844133377075, 0.8206070065498352, -0.015432008542120457, -1.19293212890625], [0.0, 0.0, 0.0, 1.0]], [[0.005694837309420109, -0.9997466206550598, 0.021774956956505775, 0.007415771484375], [-0.006693191826343536, -0.021812930703163147, -0.9997397065162659, 1.5197057723999023], [0.9999613165855408, 0.005547649692744017, -0.006815718021243811, -1.5631103515625], [0.0, 0.0, 0.0, 1.0]], [[-0.8329232931137085, -0.5533780455589294, 0.0033955895341932774, 0.9486083984375], [-0.0010276504326611757, -0.004589262418448925, -0.9999889135360718, 1.5035451650619507], [0.5533875226974487, -0.8329175114631653, 0.0032538261730223894, -1.19158935546875], [0.0, 0.0, 0.0, 1.0]], [[0.9477449655532837, 0.31900548934936523, -0.0038597912061959505, -1.13330078125], [0.007725441362708807, -0.03504344820976257, -0.9993559122085571, 1.5886235237121582], [-0.31893524527549744, 0.9471046924591064, -0.03567671403288841, -0.106597900390625], [0.0, 0.0, 0.0, 1.0]], [[0.002359759993851185, 0.9996845722198486, -0.02500273287296295, 0.0024566650390625], [-0.017711114138364792, -0.024957098066806793, -0.999531626701355, 1.578622817993164], [-0.9998403787612915, 0.002801451599225402, 0.017646634951233864, -0.040283203125], [0.0, 0.0, 0.0, 1.0]], [[-0.9348015785217285, 0.3547475039958954, -0.017325833439826965, 1.0657958984375], [0.014887877739965916, -0.009600921534001827, -0.9998430609703064, 1.5525760650634766], [-0.3548581898212433, -0.9349128007888794, 0.0036935179959982634, -0.08941650390625], [0.0, 0.0, 0.0, 1.0]]], "view": [[0.0, -2.0, 100.0], [-2.0, 0.0, 100.0], [0.0, 0.0, 1.0]], "bev": "bev_4727f11d4faf49acb03aa2e25b1d9460.png", "aux": "aux_4727f11d4faf49acb03aa2e25b1d9460.npz", "visibility": "visibility_4727f11d4faf49acb03aa2e25b1d9460.png", "pose": [[-0.3792756199836731, 0.9252837300300598, 0.0, 389.2746887207031], [-0.9252837300300598, -0.3792756199836731, 0.0, 1141.649169921875], [0.0, 0.0, 1.0, 0.0], [0.0, 0.0, 0.0, 1.0]], "pose_inverse": [[-0.3792756199836731, -0.9252837300300598, 0.0, 1203.9918212890625], [0.9252837300300598, -0.3792756199836731, 0.0, 72.8101577758789], [0.0, 0.0, 1.0, 0.0], [0.0, 0.0, 0.0, 1.0]], "cam_ids": [0, 1, 2, 3, 4, 5], "cam_channels": ["CAM_FRONT_LEFT", "CAM_FRONT", "CAM_FRONT_RIGHT", "CAM_BACK_LEFT", "CAM_BACK", "CAM_BACK_RIGHT"], "token": "4727f11d4faf49acb03aa2e25b1d9460", "scene": "scene-0356"}, {"images": ["samples/CAM_FRONT_LEFT/n015-2018-08-02-17-28-51+0800__CAM_FRONT_LEFT__1533202633254844.jpg", "samples/CAM_FRONT/n015-2018-08-02-17-28-51+0800__CAM_FRONT__1533202633262460.jpg", "samples/CAM_FRONT_RIGHT/n015-2018-08-02-17-28-51+0800__CAM_FRONT_RIGHT__1533202633270339.jpg", "samples/CAM_BACK_LEFT/n015-2018-08-02-17-28-51+0800__CAM_BACK_LEFT__1533202633297423.jpg", "samples/CAM_BACK/n015-2018-08-02-17-28-51+0800__CAM_BACK__1533202633287525.jpg", "samples/CAM_BACK_RIGHT/n015-2018-08-02-17-28-51+0800__CAM_BACK_RIGHT__1533202633277893.jpg"], "intrinsics": [[[1272.5979470598488, 0.0, 826.6154927353808], [0.0, 1272.5979470598488, 479.75165386361925], [0.0, 0.0, 1.0]], [[1266.417203046554, 0.0, 816.2670197447984], [0.0, 1266.417203046554, 491.50706579294757], [0.0, 0.0, 1.0]], [[1260.8474446004698, 0.0, 807.968244525554], [0.0, 1260.8474446004698, 495.3344268742088], [0.0, 0.0, 1.0]], [[1256.7414812095406, 0.0, 792.1125740759628], [0.0, 1256.7414812095406, 492.7757465151356], [0.0, 0.0, 1.0]], [[809.2209905677063, 0.0, 829.2196003259838], [0.0, 809.2209905677063, 481.77842384512485], [0.0, 0.0, 1.0]], [[1259.5137405846733, 0.0, 807.2529053838625], [0.0, 1259.5137405846733, 501.19579884916527], [0.0, 0.0, 1.0]]], "extrinsics": [[[0.8208514451980591, -0.571023166179657, 0.011638524942100048, -0.84271240234375], [-0.0006970473914407194, -0.021379226818680763, -0.999771237373352, 1.508151888847351], [0.571141242980957, 0.8206555247306824, -0.017947198823094368, -1.19549560546875], [0.0, 0.0, 0.0, 1.0]], [[0.005839133635163307, -0.9996641874313354, 0.025244757533073425, 0.00604248046875], [-0.0060296556912362576, -0.025279927998781204, -0.9996622204780579, 1.5197978019714355], [0.999964714050293, 0.005684900097548962, -0.00617524329572916, -1.569091796875], [0.0, 0.0, 0.0, 1.0]], [[-0.832853376865387, -0.5534731149673462, 0.004761534743010998, 0.9517822265625], [-0.00045534747187048197, -0.007917539216578007, -0.9999685287475586, 1.5036002397537231], [0.5534934401512146, -0.8328293561935425, 0.006342126987874508, -1.19500732421875], [0.0, 0.0, 0.0, 1.0]], [[0.9477791786193848, 0.31889668107032776, -0.004414411727339029, -1.1375732421875], [0.008064188994467258, -0.0377996563911438, -0.9992527961730957, 1.5885815620422363], [-0.31882524490356445, 0.9470354318618774, -0.038397371768951416, -0.104888916015625], [0.0, 0.0, 0.0, 1.0]], [[0.0023430739529430866, 0.9996054768562317, -0.027989927679300308, 0.0029449462890625], [-0.01730237528681755, -0.02794528938829899, -0.9994596838951111, 1.5786857604980469], [-0.9998475313186646, 0.002826107433065772, 0.017230071127414703, -0.037109375], [0.0, 0.0, 0.0, 1.0]], [[-0.9348291754722595, 0.3545936048030853, -0.018915947526693344, 1.0693359375], [0.01538127101957798, -0.012784501537680626, -0.9997999668121338, 1.5525531768798828], [-0.35476455092430115, -0.934933066368103, 0.006497222930192947, -0.088897705078125], [0.0, 0.0, 0.0, 1.0]]], "view": [[0.0, -2.0, 100.0], [-2.0, 0.0, 100.0], [0.0, 0.0, 1.0]], "bev": "bev_9b5b8152ff7742dab2184456e4fd4565.png", "aux": "aux_9b5b8152ff7742dab2184456e4fd4565.npz", "visibility": "visibility_9b5b8152ff7742dab2184456e4fd4565.png", "pose": [[-0.37840211391448975, 0.9256412982940674, 0.0, 388.615234375], [-0.9256412982940674, -0.37840211391448975, 0.0, 1140.0916748046875], [0.0, 0.0, 1.0, 0.0], [0.0, 0.0, 0.0, 1.0]], "pose_inverse": [[-0.37840211391448975, -0.9256412982940674, 0.0, 1202.3687744140625], [0.9256412982940674, -0.37840211391448975, 0.0, 71.69479370117188], [0.0, 0.0, 1.0, 0.0], [0.0, 0.0, 0.0, 1.0]], "cam_ids": [0, 1, 2, 3, 4, 5], "cam_channels": ["CAM_FRONT_LEFT", "CAM_FRONT", "CAM_FRONT_RIGHT", "CAM_BACK_LEFT", "CAM_BACK", "CAM_BACK_RIGHT"], "token": "9b5b8152ff7742dab2184456e4fd4565", "scene": "scene-0356"}, {"images": ["samples/CAM_FRONT_LEFT/n015-2018-08-02-17-28-51+0800__CAM_FRONT_LEFT__1533202633654844.jpg", "samples/CAM_FRONT/n015-2018-08-02-17-28-51+0800__CAM_FRONT__1533202633662460.jpg", "samples/CAM_FRONT_RIGHT/n015-2018-08-02-17-28-51+0800__CAM_FRONT_RIGHT__1533202633670339.jpg", "samples/CAM_BACK_LEFT/n015-2018-08-02-17-28-51+0800__CAM_BACK_LEFT__1533202633697423.jpg", "samples/CAM_BACK/n015-2018-08-02-17-28-51+0800__CAM_BACK__1533202633687525.jpg", "samples/CAM_BACK_RIGHT/n015-2018-08-02-17-28-51+0800__CAM_BACK_RIGHT__1533202633677893.jpg"], "intrinsics": [[[1272.5979470598488, 0.0, 826.6154927353808], [0.0, 1272.5979470598488, 479.75165386361925], [0.0, 0.0, 1.0]], [[1266.417203046554, 0.0, 816.2670197447984], [0.0, 1266.417203046554, 491.50706579294757], [0.0, 0.0, 1.0]], [[1260.8474446004698, 0.0, 807.968244525554], [0.0, 1260.8474446004698, 495.3344268742088], [0.0, 0.0, 1.0]], [[1256.7414812095406, 0.0, 792.1125740759628], [0.0, 1256.7414812095406, 492.7757465151356], [0.0, 0.0, 1.0]], [[809.2209905677063, 0.0, 829.2196003259838], [0.0, 809.2209905677063, 481.77842384512485], [0.0, 0.0, 1.0]], [[1259.5137405846733, 0.0, 807.2529053838625], [0.0, 1259.5137405846733, 501.19579884916527], [0.0, 0.0, 1.0]]], "extrinsics": [[[0.8210022449493408, -0.570867657661438, 0.008086207322776318, -0.853515625], [-0.0037630589213222265, -0.01957385428249836, -0.9998012781143188, 1.5077385902404785], [0.5709124803543091, 0.8208087086677551, -0.0182183887809515, -1.20281982421875], [0.0, 0.0, 0.0, 1.0]], [[0.006023412570357323, -0.9997028112411499, 0.02362024411559105, 0.005828857421875], [-0.009110478684306145, -0.023674555122852325, -0.9996781945228577, 1.5195112228393555], [0.9999403357505798, 0.005806306842714548, -0.00925037357956171, -1.579833984375], [0.0, 0.0, 0.0, 1.0]], [[-0.8328046798706055, -0.5535281300544739, 0.0065549323335289955, 0.9588623046875], [-0.0035323023330420256, -0.006527279503643513, -0.9999724626541138, 1.5033323764801025], [0.5535556077957153, -0.8328048586845398, 0.0034807221964001656, -1.1998291015625], [0.0, 0.0, 0.0, 1.0]], [[0.9478654861450195, 0.31859320402145386, -0.0070250025019049644, -1.1385498046875], [0.005067568738013506, -0.037111420184373856, -0.9992982745170593, 1.588552474975586], [-0.3186303377151489, 0.94716477394104, -0.0367911271750927, -0.104339599609375], [0.0, 0.0, 0.0, 1.0]], [[0.002367858774960041, 0.9996308088302612, -0.027067501097917557, 0.00307464599609375], [-0.02032642625272274, -0.02701386995613575, -0.9994284510612488, 1.5786380767822266], [-0.9997905492782593, 0.0029166985768824816, 0.020254958420991898, -0.0335693359375], [0.0, 0.0, 0.0, 1.0]], [[-0.9348861575126648, 0.35460296273231506, -0.01563921570777893, 1.0751953125], [0.01232550386339426, -0.011601800099015236, -0.99985671043396, 1.5522546768188477], [-0.35473358631134033, -0.9349449872970581, 0.0064757028594613075, -0.086822509765625], [0.0, 0.0, 0.0, 1.0]]], "view": [[0.0, -2.0, 100.0], [-2.0, 0.0, 100.0], [0.0, 0.0, 1.0]], "bev": "bev_b51aa0e8bd8d4739acac3fff78acc25d.png", "aux": "aux_b51aa0e8bd8d4739acac3fff78acc25d.npz", "visibility": "visibility_b51aa0e8bd8d4739acac3fff78acc25d.png", "pose": [[-0.38376736640930176, 0.9234297871589661, 0.0, 388.1150207519531], [-0.9234297871589661, -0.38376736640930176, 0.0, 1138.8934326171875], [0.0, 0.0, 1.0, 0.0], [0.0, 0.0, 0.0, 1.0]], "pose_inverse": [[-0.38376736640930176, -0.9234297871589661, 0.0, 1200.634033203125], [0.9234297871589661, -0.38376736640930176, 0.0, 78.67314910888672], [0.0, 0.0, 1.0, 0.0], [0.0, 0.0, 0.0, 1.0]], "cam_ids": [0, 1, 2, 3, 4, 5], "cam_channels": ["CAM_FRONT_LEFT", "CAM_FRONT", "CAM_FRONT_RIGHT", "CAM_BACK_LEFT", "CAM_BACK", "CAM_BACK_RIGHT"], "token": "b51aa0e8bd8d4739acac3fff78acc25d", "scene": "scene-0356"}, {"images": ["samples/CAM_FRONT_LEFT/n015-2018-08-02-17-28-51+0800__CAM_FRONT_LEFT__1533202634104844.jpg", "samples/CAM_FRONT/n015-2018-08-02-17-28-51+0800__CAM_FRONT__1533202634112460.jpg", "samples/CAM_FRONT_RIGHT/n015-2018-08-02-17-28-51+0800__CAM_FRONT_RIGHT__1533202634120339.jpg", "samples/CAM_BACK_LEFT/n015-2018-08-02-17-28-51+0800__CAM_BACK_LEFT__1533202634147423.jpg", "samples/CAM_BACK/n015-2018-08-02-17-28-51+0800__CAM_BACK__1533202634137525.jpg", "samples/CAM_BACK_RIGHT/n015-2018-08-02-17-28-51+0800__CAM_BACK_RIGHT__1533202634127893.jpg"], "intrinsics": [[[1272.5979470598488, 0.0, 826.6154927353808], [0.0, 1272.5979470598488, 479.75165386361925], [0.0, 0.0, 1.0]], [[1266.417203046554, 0.0, 816.2670197447984], [0.0, 1266.417203046554, 491.50706579294757], [0.0, 0.0, 1.0]], [[1260.8474446004698, 0.0, 807.968244525554], [0.0, 1260.8474446004698, 495.3344268742088], [0.0, 0.0, 1.0]], [[1256.7414812095406, 0.0, 792.1125740759628], [0.0, 1256.7414812095406, 492.7757465151356], [0.0, 0.0, 1.0]], [[809.2209905677063, 0.0, 829.2196003259838], [0.0, 809.2209905677063, 481.77842384512485], [0.0, 0.0, 1.0]], [[1259.5137405846733, 0.0, 807.2529053838625], [0.0, 1259.5137405846733, 501.19579884916527], [0.0, 0.0, 1.0]]], "extrinsics": [[[0.8215906620025635, -0.5700250267982483, 0.007767987437546253, -0.861572265625], [-0.00547987362369895, -0.02152235619723797, -0.9997532963752747, 1.5075960159301758], [0.5700516104698181, 0.821345329284668, -0.02080622874200344, -1.21014404296875], [0.0, 0.0, 0.0, 1.0]], [[0.006991831120103598, -0.9996495842933655, 0.025531113147735596, 0.0070343017578125], [-0.010643948800861835, -0.025604691356420517, -0.999615490436554, 1.5194759368896484], [0.9999188780784607, 0.006717422511428595, -0.010819241404533386, -1.5897216796875], [0.0, 0.0, 0.0, 1.0]], [[-0.832352876663208, -0.5541770458221436, 0.008742911741137505, 0.967041015625], [-0.004906451795250177, -0.008406335487961769, -0.9999526143074036, 1.5032644271850586], [0.5542243123054504, -0.8323563933372498, 0.004277994390577078, -1.2039794921875], [0.0, 0.0, 0.0, 1.0]], [[0.9476889967918396, 0.3190869390964508, -0.008315814658999443, -1.138916015625], [0.004272600635886192, -0.03873112052679062, -0.999240517616272, 1.5885710716247559], [-0.31916671991348267, 0.9469337463378906, -0.038068387657403946, -0.104766845703125], [0.0, 