[{"images": ["samples/CAM_FRONT_LEFT/n008-2018-08-01-15-52-19-0400__CAM_FRONT_LEFT__1533153272254799.jpg", "samples/CAM_FRONT/n008-2018-08-01-15-52-19-0400__CAM_FRONT__1533153272262404.jpg", "samples/CAM_FRONT_RIGHT/n008-2018-08-01-15-52-19-0400__CAM_FRONT_RIGHT__1533153272270482.jpg", "samples/CAM_BACK_LEFT/n008-2018-08-01-15-52-19-0400__CAM_BACK_LEFT__1533153272297405.jpg", "samples/CAM_BACK/n008-2018-08-01-15-52-19-0400__CAM_BACK__1533153272287558.jpg", "samples/CAM_BACK_RIGHT/n008-2018-08-01-15-52-19-0400__CAM_BACK_RIGHT__1533153272278121.jpg"], "intrinsics": [[[1257.8625342125129, 0.0, 827.2410631095686], [0.0, 1257.8625342125129, 450.915498205774], [0.0, 0.0, 1.0]], [[1252.8131021185304, 0.0, 826.588114781398], [0.0, 1252.8131021185304, 469.9846626224581], [0.0, 0.0, 1.0]], [[1256.7485116440405, 0.0, 817.7887570959712], [0.0, 1256.7485116440403, 451.9541780095127], [0.0, 0.0, 1.0]], [[1254.9860565800168, 0.0, 829.5769333630991], [0.0, 1254.9860565800168, 467.1680561863987], [0.0, 0.0, 1.0]], [[796.8910634503094, 0.0, 857.7774326863696], [0.0, 796.8910634503094, 476.8848988407415], [0.0, 0.0, 1.0]], [[1249.9629280788233, 0.0, 825.3768045375984], [0.0, 1249.9629280788233, 462.54816385708756], [0.0, 0.0, 1.0]]], "extrinsics": [[[0.8225493431091309, -0.5685688257217407, 0.011921689845621586, -0.7205810546875], [0.009195513091981411, -0.007663227152079344, -0.9999282956123352, 1.4914779663085938], [0.568619430065155, 0.8226000070571899, -0.0010751020163297653, -1.1397705078125], [0.0, 0.0, 0.0, 1.0]], [[0.010281327180564404, -0.999875009059906, 0.012009287253022194, 0.01025390625], [0.011136339977383614, -0.011894683353602886, -0.9998672604560852, 1.4833345413208008], [0.9998851418495178, 0.010413704439997673, 0.011012655682861805, -1.452392578125], [0.0, 0.0, 0.0, 1.0]], [[-0.843942403793335, -0.5364099740982056, -0.00505409762263298, 0.90869140625], [0.019173629581928253, -0.02074785716831684, -0.9996008276939392, 1.4972591400146484], [0.5360910296440125, -0.843702495098114, 0.027794919908046722, -1.160125732421875], [0.0, 0.0, 0.0, 1.0]], [[0.9478398561477661, 0.31864964962005615, -0.007868019863963127, -1.146728515625], [-0.006206423044204712, -0.006229477468878031, -0.9999613165855408, 1.5620603561401367], [-0.3186863660812378, 0.9478520750999451, -0.0039268722757697105, -0.15533065795898438], [0.0, 0.0, 0.0, 1.0]], [[0.009185750037431717, 0.9998665452003479, -0.013508843258023262, -0.0286865234375], [-0.004106415901333094, -0.013471580110490322, -0.999900758266449, 1.5677490234375], [-0.9999493360519409, 0.00924031063914299, 0.003982120659202337, -0.033935546875], [0.0, 0.0, 0.0, 1.0]], [[-0.9237238168716431, 0.38280782103538513, -0.013875278644263744, 1.01708984375], [0.00010377330909250304, -0.03597220405936241, -0.9993528127670288, 1.5478668212890625], [-0.38305914402008057, -0.9231273531913757, 0.033188655972480774, -0.10205078125], [0.0, 0.0, 0.0, 1.0]]], "view": [[0.0, -2.0, 100.0], [-2.0, 0.0, 100.0], [0.0, 0.0, 1.0]], "bev": "bev_dc53f0d721694157832cc9fc73daa275.png", "aux": "aux_dc53f0d721694157832cc9fc73daa275.npz", "visibility": "visibility_dc53f0d721694157832cc9fc73daa275.png", "pose": [[-0.9996246099472046, 0.027397876605391502, 0.0, 2043.4569091796875], [-0.027397876605391502, -0.9996246099472046, 0.0, 786.0233764648438], [0.0, 0.0, 1.0, 0.0], [0.0, 0.0, 0.0, 1.0]], "pose_inverse": [[-0.9996246099472046, -0.027397876605391502, 0.0, 2064.22509765625], [0.027397876605391502, -0.9996246099472046, 0.0, 729.741943359375], [0.0, 0.0, 1.0, 0.0], [0.0, 0.0, 0.0, 1.0]], "cam_ids": [0, 1, 2, 3, 4, 5], "cam_channels": ["CAM_FRONT_LEFT", "CAM_FRONT", "CAM_FRONT_RIGHT", "CAM_BACK_LEFT", "CAM_BACK", "CAM_BACK_RIGHT"], "token": "dc53f0d721694157832cc9fc73daa275", "scene": "scene-0063"}, {"images": ["samples/CAM_FRONT_LEFT/n008-2018-08-01-15-52-19-0400__CAM_FRONT_LEFT__1533153272754799.jpg", "samples/CAM_FRONT/n008-2018-08-01-15-52-19-0400__CAM_FRONT__1533153272762404.jpg", "samples/CAM_FRONT_RIGHT/n008-2018-08-01-15-52-19-0400__CAM_FRONT_RIGHT__1533153272770507.jpg", "samples/CAM_BACK_LEFT/n008-2018-08-01-15-52-19-0400__CAM_BACK_LEFT__1533153272797405.jpg", "samples/CAM_BACK/n008-2018-08-01-15-52-19-0400__CAM_BACK__1533153272787558.jpg", "samples/CAM_BACK_RIGHT/n008-2018-08-01-15-52-19-0400__CAM_BACK_RIGHT__1533153272778113.jpg"], "intrinsics": [[[1257.8625342125129, 0.0, 827.2410631095686], [0.0, 1257.8625342125129, 450.915498205774], [0.0, 0.0, 1.0]], [[1252.8131021185304, 0.0, 826.588114781398], [0.0, 1252.8131021185304, 469.9846626224581], [0.0, 0.0, 1.0]], [[1256.7485116440405, 0.0, 817.7887570959712], [0.0, 1256.7485116440403, 451.9541780095127], [0.0, 0.0, 1.0]], [[1254.9860565800168, 0.0, 829.5769333630991], [0.0, 1254.9860565800168, 467.1680561863987], [0.0, 0.0, 1.0]], [[796.8910634503094, 0.0, 857.7774326863696], [0.0, 796.8910634503094, 476.8848988407415], [0.0, 0.0, 1.0]], [[1249.9629280788233, 0.0, 825.3768045375984], [0.0, 1249.9629280788233, 462.54816385708756], [0.0, 0.0, 1.0]]], "extrinsics": [[[0.8222261071205139, -0.5689611434936523, 0.015079664997756481, -0.7158203125], [0.014920988120138645, -0.004937728401273489, -0.9998764395713806, 1.4935379028320312], [0.5689653754234314, 0.8223495483398438, 0.004429532214999199, -1.1341552734375], [0.0, 0.0, 0.0, 1.0]], [[0.009888900443911552, -0.9999100565910339, 0.009054675698280334, 0.00872802734375], [0.01675359532237053, -0.008888172917068005, -0.9998201727867126, 1.485006332397461], [0.9998107552528381, 0.010038819164037704, 0.01666419580578804, -1.4462890625], [0.0, 0.0, 0.0, 1.0]], [[-0.844020426273346, -0.5361904501914978, -0.011378523893654346, 0.903564453125], [0.024542568251490593, -0.01742115616798401, -0.9995469450950623, 1.4985313415527344], [0.5357493758201599, -0.8439172506332397, 0.02786330133676529, -1.158172607421875], [0.0, 0.0, 0.0, 1.0]], [[0.9478995203971863, 0.31856569647789, -0.0015928021166473627, -1.14306640625], [-0.0011243376648053527, -0.0016544167883694172, -0.9999979734420776, 1.56204092502594], [-0.31856769323349, 0.947899341583252, -0.0012100448366254568, -0.15607452392578125], [0.0, 0.0, 0.0, 1.0]], [[0.009259555488824844, 0.9999131560325623, -0.009380952455103397, -0.02825927734375], [0.0010758668649941683, -0.009391311556100845, -0.9999552965164185, 1.5681514739990234], [-0.9999565482139587, 0.009249049238860607, -0.0011627329513430595, -0.03759765625], [0.0, 0.0, 0.0, 1.0]], [[-0.9235904216766357, 0.3829874098300934, -0.017361735925078392, 1.01318359375], [0.005384692922234535, -0.03232263773679733, -0.9994629621505737, 1.5486812591552734], [-0.3833428919315338, -0.9231879115104675, 0.027790609747171402, -0.1046142578125], [0.0, 0.0, 0.0, 1.0]]], "view": [[0.0, -2.0, 100.0], [-2.0, 0.0, 100.0], [0.0, 0.0, 1.0]], "bev": "bev_38049f6b32124cb3b7e5dda85e03a280.png", "aux": "aux_38049f6b32124cb3b7e5dda85e03a280.npz", "visibility": "visibility_38049f6b32124cb3b7e5dda85e03a280.png", "pose": [[-0.9995864033699036, 0.028758659958839417, 0.0, 2039.3353271484375], [-0.028758659958839417, -0.9995864033699036, 0.0, 785.934814453125], [0.0, 0.0, 1.0, 0.0], [0.0, 0.0, 0.0, 1.0]], "pose_inverse": [[-0.9995864033699036, -0.028758659958839417, 0.0, 2061.09423828125], [0.028758659958839417, -0.9995864033699036, 0.0, 726.961181640625], [0.0, 0.0, 1.0, 0.0], [0.0, 0.0, 0.0, 1.0]], "cam_ids": [0, 1, 2, 3, 4, 5], "cam_channels": ["CAM_FRONT_LEFT", "CAM_FRONT", "CAM_FRONT_RIGHT", "CAM_BACK_LEFT", "CAM_BACK", "CAM_BACK_RIGHT"], "token": "38049f6b32124cb3b7e5dda85e03a280", "scene": "scene-0063"}, {"images": ["samples/CAM_FRONT_LEFT/n008-2018-08-01-15-52-19-0400__CAM_FRONT_LEFT__1533153273254799.jpg", "samples/CAM_FRONT/n008-2018-08-01-15-52-19-0400__CAM_FRONT__1533153273262404.jpg", "samples/CAM_FRONT_RIGHT/n008-2018-08-01-15-52-19-0400__CAM_FRONT_RIGHT__1533153273270482.jpg", "samples/CAM_BACK_LEFT/n008-2018-08-01-15-52-19-0400__CAM_BACK_LEFT__1533153273297405.jpg", "samples/CAM_BACK/n008-2018-08-01-15-52-19-0400__CAM_BACK__1533153273287558.jpg", "samples/CAM_BACK_RIGHT/n008-2018-08-01-15-52-19-0400__CAM_BACK_RIGHT__1533153273278113.jpg"], "intrinsics": [[[1257.8625342125129, 0.0, 827.2410631095686], [0.0, 1257.8625342125129, 450.915498205774], [0.0, 0.0, 1.0]], [[1252.8131021185304, 0.0, 826.588114781398], [0.0, 1252.8131021185304, 469.9846626224581], [0.0, 0.0, 1.0]], [[1256.7485116440405, 0.0, 817.7887570959712], [0.0, 1256.7485116440403, 451.9541780095127], [0.0, 0.0, 1.0]], [[1254.9860565800168, 0.0, 829.5769333630991], [0.0, 1254.9860565800168, 467.1680561863987], [0.0, 0.0, 1.0]], [[796.8910634503094, 0.0, 857.7774326863696], [0.0, 796.8910634503094, 476.8848988407415], [0.0, 0.0, 1.0]], [[1249.9629280788233, 0.0, 825.3768045375984], [0.0, 1249.9629280788233, 462.54816385708756], [0.0, 0.0, 1.0]]], "extrinsics": [[[0.8224843740463257, -0.5686526894569397, 0.012387309223413467, -0.710693359375], [0.014317701570689678, -0.001072614104487002, -0.9998968839645386, 1.4934024810791016], [0.5686073899269104, 0.8225768804550171, 0.007259591948240995, -1.131591796875], [0.0, 0.0, 0.0, 1.0]], [[0.010253939777612686, -0.9999322891235352, 0.005493981763720512, 0.00946044921875], [0.016290972009301186, -0.005326489917933941, -0.9998531341552734, 1.4849433898925781], [0.9998146891593933, 0.010341938585042953, 0.01623525097966194, -1.441650390625], [0.0, 0.0, 0.0, 1.0]], [[-0.8438730239868164, -0.5363858342170715, -0.012977736070752144, 0.90087890625], [0.02438221499323845, -0.014174354262650013, -0.999602198600769, 1.4985847473144531], [0.5359885096549988, -0.8438538908958435, 0.025039633736014366, -1.155975341796875], [0.0, 0.0, 0.0, 1.0]], [[0.9478676319122314, 0.3186638355255127, -0.0004784773336723447, -1.1416015625], [-0.0007087995181791484, 0.0006068181828595698, -0.9999995231628418, 1.5620434284210205], [-0.3186633884906769, 0.9478675723075867, 0.0008010520832613111, -0.15680313110351562], [0.0, 0.0, 0.0, 1.0]], [[0.009152526035904884, 0.9999352097511292, -0.006763738580048084, -0.02838134765625], [0.0012052076635882258, -0.00677504763007164, -0.9999762773513794, 1.5681627988815308], [-0.9999574422836304, 0.009144159965217113, -0.0012671392178162932, -0.038330078125], [0.0, 0.0, 0.0, 1.0]], [[-0.9236695170402527, 0.38285017013549805, -0.01612962782382965, 1.0111083984375], [0.005283168517053127, -0.029365384951233864, -0.9995547533035278, 1.5486831665039062], [-0.38315337896347046, -0.9233435392379761, 0.025101251900196075, -0.1048583984375], [0.0, 0.0, 0.0, 1.0]]], "view": [[0.0, -2.0, 100.0], [-2.0, 0.0, 100.0], [0.0, 0.0, 1.0]], "bev": "bev_0729893238404ab4855b6180ea85aa1e.png", "aux": "aux_0729893238404ab4855b6180ea85aa1e.npz", "visibility": "visibility_0729893238404ab4855b6180ea85aa1e.png", "pose": [[-0.9995635747909546, 0.029539847746491432, 0.0, 2035.1949462890625], [-0.029539847746491432, -0.9995635747909546, 0.0, 785.8395385742188], [0.0, 0.0, 1.0, 0.0], [0.0, 0.0, 0.0, 1.0]], "pose_inverse": [[-0.9995635747909546, -0.029539847746491432, 0.0, 2057.520263671875], [0.029539847746491432, -0.9995635747909546, 0.0, 725.3772583007812], [0.0, 0.0, 1.0, 0.0], [0.0, 0.0, 0.0, 1.0]], "cam_ids": [0, 1, 2, 3, 4, 5], "cam_channels": ["CAM_FRONT_LEFT", "CAM_FRONT", "CAM_FRONT_RIGHT", "CAM_BACK_LEFT", "CAM_BACK", "CAM_BACK_RIGHT"], "token": "0729893238404ab4855b6180ea85aa1e", "scene": "scene-0063"}, {"images": ["samples/CAM_FRONT_LEFT/n008-2018-08-01-15-52-19-0400__CAM_FRONT_LEFT__1533153273754799.jpg", "samples/CAM_FRONT/n008-2018-08-01-15-52-19-0400__CAM_FRONT__1533153273762413.jpg", "samples/CAM_FRONT_RIGHT/n008-2018-08-01-15-52-19-0400__CAM_FRONT_RIGHT__1533153273770482.jpg", "samples/CAM_BACK_LEFT/n008-2018-08-01-15-52-19-0400__CAM_BACK_LEFT__1533153273797405.jpg", "samples/CAM_BACK/n008-2018-08-01-15-52-19-0400__CAM_BACK__1533153273787558.jpg", "samples/CAM_BACK_RIGHT/n008-2018-08-01-15-52-19-0400__CAM_BACK_RIGHT__1533153273778113.jpg"], "intrinsics": [[[1257.8625342125129, 0.0, 827.2410631095686], [0.0, 1257.8625342125129, 450.915498205774], [0.0, 0.0, 1.0]], [[1252.8131021185304, 0.0, 826.588114781398], [0.0, 1252.8131021185304, 469.9846626224581], [0.0, 0.0, 1.0]], [[1256.7485116440405, 0.0, 817.7887570959712], [0.0, 1256.7485116440403, 451.9541780095127], [0.0, 0.0, 1.0]], [[1254.9860565800168, 0.0, 829.5769333630991], [0.0, 1254.9860565800168, 467.1680561863987], [0.0, 0.0, 1.0]], [[796.8910634503094, 0.0, 857.7774326863696], [0.0, 796.8910634503094, 476.8848988407415], [0.0, 0.0, 1.0]], [[1249.9629280788233, 0.0, 825.3768045375984], [0.0, 1249.9629280788233, 462.54816385708756], [0.0, 0.0, 1.0]]], "extrinsics": [[[0.8225315809249878, -0.5684924721717834, 0.016063503921031952, -0.7178955078125], [0.011200932785868645, -0.01204625889658928, -0.9998646974563599, 1.4922094345092773], [0.5686090588569641, 0.822600245475769, -0.0035407838877290487, -1.1361083984375], [0.0, 0.0, 0.0, 1.0]], [[0.010281834751367569, -0.9998118281364441, 0.016448579728603363, 0.0091552734375], [0.0130778132006526, -0.016313588246703148, -0.9997813701629639, 1.4839153289794922], [0.9998615384101868, 0.010494701564311981, 0.012907617725431919, -1.44873046875], [0.0, 0.0, 0.0, 1.0]], [[-0.8439130187034607, -0.5364630818367004, -0.004244778770953417, 0.905517578125], [0.02101730741560459, -0.02515416592359543, -0.9994626045227051, 1.497711181640625], [0.5360681414604187, -0.8435487747192383, 0.03250294178724289, -1.15924072265625], [0.0, 0.0, 0.0, 1.0]], [[0.9478841423988342, 0.3185293972492218, -0.007393526844680309, -1.145263671875], [-0.004340795800089836, -0.010292598977684975, -0.9999376535415649, 1.5620527267456055], [-0.3185856342315674, 0.9478570818901062, -0.008373518474400043, -0.15584945678710938], [0.0, 0.0, 0.0, 1.0]], [[0.009165415540337563, 0.9998006820678711, -0.01773686707019806, -0.02838134765625], [-0.002288785995915532, -0.01771658845245838, -0.9998403787612915, 1.5678796768188477], [-0.9999552965164185, 0.009204545058310032, 0.002125949366018176, -0.0360107421875], [0.0, 0.0, 0.0, 1.0]], [[-0.9237124919891357, 0.38270026445388794, -0.01719282567501068, 1.01513671875], [0.001892121508717537, -0.040321461856365204, -0.9991849064826965, 1.5481300354003906], [-0.3830815851688385, -0.9229921698570251, 0.03652132675051689, -0.1033935546875], [0.0, 0.0, 0.0, 1.0]]], "view": [[0.0, -2.0, 100.0], [-2.0, 0.0, 100.0], [0.0, 0.0, 1.0]], "bev": "bev_4f33efc0e9724dc8bfcade6c6394c46b.png", "aux": "aux_4f33efc0e9724dc8bfcade6c6394c46b.npz", "visibility": "visibility_4f33efc0e9724dc8bfcade6c6394c46b.png", "pose": [[-0.9995654225349426, 0.02947736158967018, 0.0, 2031.0321044921875], [-0.02947736158967018, -0.9995654225349426, 0.0, 785.7380981445312], [0.0, 0.0, 1.0, 0.0], [0.0, 0.0, 0.0, 1.0]], "pose_inverse": [[-0.9995654225349426, -0.02947736158967018, 0.0, 2053.31103515625], [0.02947736158967018, -0.9995654225349426, 0.0, 725.5271606445312], [0.0, 0.0, 1.0, 0.0], [0.0, 0.0, 0.0, 1.0]], "cam_ids": [0, 1, 2, 3, 4, 5], "cam_channels": ["CAM_FRONT_LEFT", "CAM_FRONT", "CAM_FRONT_RIGHT", "CAM_BACK_LEFT", "CAM_BACK", "CAM_BACK_RIGHT"], "token": "4f33efc0e9724dc8bfcade6c6394c46b", "scene": "scene-0063"}, {"images": ["samples/CAM_FRONT_LEFT/n008-2018-08-01-15-52-19-0400__CAM_FRONT_LEFT__1533153274254799.jpg", "samples/CAM_FRONT/n008-2018-08-01-15-52-19-0400__CAM_FRONT__1533153274262404.jpg", "samples/CAM_FRONT_RIGHT/n008-2018-08-01-15-52-19-0400__CAM_FRONT_RIGHT__1533153274270705.jpg", "samples/CAM_BACK_LEFT/n008-2018-08-01-15-52-19-0400__CAM_BACK_LEFT__1533153274297405.jpg", "samples/CAM_BACK/n008-2018-08-01-15-52-19-0400__CAM_BACK__1533153274287558.jpg", "samples/CAM_BACK_RIGHT/n008-2018-08-01-15-52-19-0400__CAM_BACK_RIGHT__1533153274278113.jpg"], "intrinsics": [[[1257.8625342125129, 0.0, 827.2410631095686], [0.0, 1257.8625342125129, 450.915498205774], [0.0, 0.0, 1.0]], [[1252.8131021185304, 0.0, 826.588114781398], [0.0, 1252.8131021185304, 469.9846626224581], [0.0, 0.0, 1.0]], [[1256.7485116440405, 0.0, 817.7887570959712], [0.0, 1256.7485116440403, 451.9541780095127], [0.0, 0.0, 1.0]], [[1254.9860565800168, 0.0, 829.5769333630991], [0.0, 1254.9860565800168, 467.1680561863987], [0.0, 0.0, 1.0]], [[796.8910634503094, 0.0, 857.7774326863696], [0.0, 796.8910634503094, 476.8848988407415], [0.0, 0.0, 1.0]], [[1249.9629280788233, 0.0, 825.3768045375984], [0.0, 1249.9629280788233, 462.54816385708756], [0.0, 0.0, 1.0]]], "extrinsics": [[[0.8225535750389099, -0.5683948397636414, 0.018252456560730934, -0.7010498046875], [0.01587432250380516, -0.009134345687925816, -0.999832272529602, 1.4941635131835938], [0.5684661865234375, 0.8227052688598633, 0.0015093922847881913, -1.1260986328125], [0.0, 0.0, 0.0, 1.0]], [[0.010413245297968388, -0.9998555779457092, 0.013437324203550816, 0.0106201171875], [0.017589246854186058, -0.013252819888293743, -0.9997574687004089, 1.4855117797851562], [0.9997910261154175, 0.010647079907357693, 0.017448699101805687, -1.43212890625], [0.0, 0.0, 0.0, 1.0]], [[-0.8437672257423401, -0.5366228222846985, -0.00963388942182064, 0.896484375], [0.025360774248838425, -0.02193368598818779, -0.999437689781189, 1.4989662170410156], [0.5361098647117615, -0.8435371518135071, 0.03211609274148941, -1.15252685546875], [0.0, 0.0, 0.0, 1.0]], [[0.9478617310523987, 0.3186712861061096, -0.002606210531666875, -1.14111328125], [-0.0005595781258307397, -0.00651377160102129, -0.9999786019325256, 1.5620431900024414], [-0.3186814486980438, 0.9478428959846497, -0.005995833780616522, -0.1570587158203125], [0.0, 0.0, 0.0, 1.0]], [[0.00908751506358385, 0.9998586773872375, -0.014143576845526695, -0.0286865234375], [0.0018343098927289248, -0.014160806313157082, -0.9998980164527893, 1.5682315826416016], [-0.9999570250511169, 0.009060642682015896, -0.0019627369474619627, -0.0428466796875], [0.0, 0.0, 0.0, 1.0]], [[-0.9237030744552612, 0.38259294629096985, -0.019879050552845, 1.0052490234375], [0.006198108661919832, -0.036958012729883194, -0.999297559261322, 1.5488967895507812], [-0.3830588459968567, -0.9231775999069214, 0.03176688030362129, -0.106689453125], [0.0, 0.0, 0.0, 1.0]]], "view": [[0.0, -2.0, 100.0], [-2.0, 0.0, 100.0], [0.0, 0.0, 1.0]], "bev": "bev_900bef6496fd4df5a3c9a639e8d9750d.png", "aux": "aux_900bef6496fd4df5a3c9a639e8d9750d.npz", "visibility": "visibility_900bef6496fd4df5a3c9a639e8d9750d.png", "pose": [[-0.9996055364608765, 0.028085870668292046, 0.0, 2026.797119140625], [-0.028085870668292046, -0.9996055364608765, 0.0, 785.6342163085938], [0.0, 0.0, 1.0, 0.0], [0.0, 0.0, 0.0, 1.0]], "pose_inverse": [[-0.9996055364608765, -0.028085870668292046, 0.0, 2048.062744140625], [0.028085870668292046, -0.9996055364608765, 0.0, 728.39990234375], [0.0, 0.0, 1.0, 0.0], [0.0, 0.0, 0.0, 1.0]], "cam_ids": [0, 1, 2, 3, 4, 5], "cam_channels": ["CAM_FRONT_LEFT", "CAM_FRONT", "CAM_FRONT_RIGHT", "CAM_BACK_LEFT", "CAM_BACK", "CAM_BACK_RIGHT"], "token": "900bef6496fd4df5a3c9a639e8d9750d", "scene": "scene-0063"}, {"images": ["samples/CAM_FRONT_LEFT/n008-2018-08-01-15-52-19-0400__CAM_FRONT_LEFT__1533153274754799.jpg", "samples/CAM_FRONT/n008-2018-08-01-15-52-19-0400__CAM_FRONT__1533153274762404.jpg", "samples/CAM_FRONT_RIGHT/n008-2018-08-01-15-52-19-0400__CAM_FRONT_RIGHT__1533153274770482.jpg", "samples/CAM_BACK_LEFT/n008-2018-08-01-15-52-19-0400__CAM_BACK_LEFT__1533153274797405.jpg", "samples/CAM_BACK/n008-2018-08-01-15-52-19-0400__CAM_BACK__1533153274787558.jpg", "samples/CAM_BACK_RIGHT/n008-2018-08-01-15-52-19-0400__CAM_BACK_RIGHT__1533153274778113.jpg"], "intrinsics": [[[1257.8625342125129, 0.0, 827.2410631095686], [0.0, 1257.8625342125129, 450.915498205774], [0.0, 0.0, 1.0]], [[1252.8131021185304, 0.0, 826.588114781398], [0.0, 1252.8131021185304, 469.9846626224581], [0.0, 0.0, 1.0]], [[1256.7485116440405, 0.0, 817.7887570959712], [0.0, 1256.7485116440403, 451.9541780095127], [0.0, 0.0, 1.0]], [[1254.9860565800168, 0.0, 829.5769333630991], [0.0, 1254.9860565800168, 467.1680561863987], [0.0, 0.0, 1.0]], [[796.8910634503094, 0.0, 857.7774326863696], [0.0, 796.8910634503094, 476.8848988407415], [0.0, 0.0, 1.0]], [[1249.9629280788233, 0.0, 825.3768045375984], [0.0, 1249.9629280788233, 462.54816385708756], [0.0, 0.0, 1.0]]], "extrinsics": [[[0.8224537372589111, -0.568651020526886, 0.014347368851304054, -0.6971435546875], [0.012433931231498718, -0.007244421634823084, -0.9998964071273804, 1.4929428100585938], [0.5686960220336914, 0.8225470185279846, 0.001112362602725625, -1.1214599609375], [0.0, 0.0, 0.0, 1.0]], [[0.010183877311646938, -0.9998806715011597, 0.011613916605710983, 0.0091552734375], [0.014464477077126503, -0.011466001160442829, -0.9998296499252319, 1.4846267700195312], [0.9998435378074646, 0.010350130498409271, 0.014345982111990452, -1.426513671875], [0.0, 0.0, 0.0, 1.0]], [[-0.8439314365386963, -0.5363892316818237, -0.008149193599820137, 0.889892578125], [0.022498510777950287, -0.020212437957525253, -0.9995425343513489, 1.4984416961669922], [0.5359790325164795, -0.8437286615371704, 0.029125869274139404, -1.149383544921875], [0.0, 0.0, 0.0, 1.0]], [[0.947894811630249, 0.31855708360671997, -0.004101912956684828, -1.134765625], [-0.0026433125603944063, -0.005010927561670542, -0.9999839663505554, 1.5620174407958984], [-0.3185725212097168, 0.9478904008865356, -0.003907785750925541, -0.15845489501953125], [0.0, 0.0, 0.0, 1.0]], [[0.009187079966068268, 0.9998791217803955, -0.012544017285108566, -0.02825927734375], [-0.0005893866182304919, -0.012539129704236984, -0.9999211430549622, 1.5680084228515625], [-0.9999576210975647, 0.009193746373057365, 0.0004741170851048082, -0.0472412109375], [0.0, 0.0, 0.0, 1.0]], [[-0.9236742854118347, 0.3828108310699463, -0.016781780868768692, 1.0009765625], [0.0035439312923699617, -0.03525971993803978, -0.9993718862533569, 1.5484390258789062], [-0.38316208124160767, -0.9231536388397217, 0.031211839988827705, -0.1094970703125], [0.0, 0.0, 0.0, 1.0]]], "view": [[0.0, -2.0, 100.0], [-2.0, 0.0, 100.0], [0.0, 0.0, 1.0]], "bev": "bev_a03bd30fe2b04037a95510ca2d88fda8.png", "aux": "aux_a03bd30fe2b04037a95510ca2d88fda8.npz", "visibility": "visibility_a03bd30fe2b04037a95510ca2d88fda8.png", "pose": [[-0.9995996952056885, 0.02829216979444027, 0.0, 2022.5721435546875], [-0.02829216979444027, -0.9995996952056885, 0.0, 785.5399780273438], [0.0, 0.0, 1.0, 0.0], [0.0, 0.0, 0.0, 1.0]], "pose_inverse": [[-0.9995996952056885, -0.02829216979444027, 0.0, 2043.9871826171875], [0.02829216979444027, -0.9995996952056885, 0.0, 728.0025634765625], [0.0, 0.0, 1.0, 0.0], [0.0, 0.0, 0.0, 1.0]], "cam_ids": [0, 1, 2, 3, 4, 5], "cam_channels": ["CAM_FRONT_LEFT", "CAM_FRONT", "CAM_FRONT_RIGHT", "CAM_BACK_LEFT", "CAM_BACK", "CAM_BACK_RIGHT"], "token": "a03bd30fe2b04037a95510ca2d88fda8", "scene": "scene-0063"}, {"images": ["samples/CAM_FRONT_LEFT/n008-2018-08-01-15-52-19-0400__CAM_FRONT_LEFT__1533153275254799.jpg", "samples/CAM_FRONT/n008-2018-08-01-15-52-19-0400__CAM_FRONT__1533153275262404.jpg", "samples/CAM_FRONT_RIGHT/n008-2018-08-01-15-52-19-0400__CAM_FRONT_RIGHT__1533153275270482.jpg", "samples/CAM_BACK_LEFT/n008-2018-08-01-15-52-19-0400__CAM_BACK_LEFT__1533153275297405.jpg", "samples/CAM_BACK/n008-2018-08-01-15-52-19-0400__CAM_BACK__1533153275287558.jpg", "samples/CAM_BACK_RIGHT/n008-2018-08-01-15-52-19-0400__CAM_BACK_RIGHT__1533153275278113.jpg"], "intrinsics": [[[1257.8625342125129, 0.0, 827.2410631095686], [0.0, 1257.8625342125129, 450.915498205774], [0.0, 0.0, 1.0]], [[1252.8131021185304, 0.0, 826.588114781398], [0.0, 1252.8131021185304, 469.9846626224581], [0.0, 0.0, 1.0]], [[1256.7485116440405, 0.0, 817.7887570959712], [0.0, 1256.7485116440403, 451.9541780095127], [0.0, 0.0, 1.0]], [[1254.9860565800168, 0.0, 829.5769333630991], [0.0, 1254.9860565800168, 467.1680561863987], [0.0, 0.0, 1.0]], [[796.8910634503094, 0.0, 857.7774326863696], [0.0, 796.8910634503094, 476.8848988407415], [0.0, 0.0, 1.0]], [[1249.9629280788233, 0.0, 825.3768045375984], [0.0, 1249.9629280788233, 462.54816385708756], [0.0, 0.0, 1.0]]], "extrinsics": [[[0.8226342797279358, -0.5684434175491333, 0.012040638364851475, -0.710693359375], [0.008799896575510502, -0.00844524521380663, -0.9999255537986755, 1.4914445877075195], [0.5685027837753296, 0.8226791024208069, -0.0019451079424470663, -1.1319580078125], [0.0, 0.0, 0.0, 1.0]], [[0.010403952561318874, -0.9998636245727539, 0.012827830389142036, 0.00970458984375], [0.010759673081338406, -0.012715840712189674, -0.9998612403869629, 1.483332633972168], [0.9998880624771118, 0.010540529154241085, 0.010625909082591534, -1.44189453125], [0.0, 0.0, 0.0, 1.0]], [[-0.8438940644264221, -0.5364924669265747, -0.004316014237701893, 0.900634765625], [0.018799539655447006, -0.0215297881513834, -0.9995914697647095, 1.4973335266113281], [0.5361804366111755, -0.8436304330825806, 0.0282546728849411, -1.15594482421875], [0.0, 0.0, 0.0, 1.0]], [[0.9478943347930908, 0.31847336888313293, -0.008436410687863827, -1.14404296875], [-0.006764725781977177, -0.0063546993769705296, -0.9999569654464722, 1.562042236328125], [-0.31851327419281006, 0.9479105472564697, -0.0038691950030624866, -0.15547561645507812], [0.0, 0.0, 0.0, 1.0]], [[0.009151926264166832, 0.9998606443405151, -0.013964460231363773, -0.0284423828125], [-0.00458681583404541, -0.013922921381890774, -0.99989253282547, 1.5676860809326172], [-0.9999476075172424, 0.009214996360242367, 0.004458755254745483, -0.0386962890625], [0.0, 0.0, 0.0, 1.0]], [[-0.9237546920776367, 0.3827398419380188, -0.013697165995836258, 1.0108642578125], [-0.0003591582935769111, -0.036629967391490936, -0.9993287920951843, 1.547780990600586], [-0.38298463821411133, -0.9231297373771667, 0.03397456556558609, -0.1051025390625], [0.0, 0.0, 0.0, 1.0]]], "view": [[0.0, -2.0, 100.0], [-2.0, 0.0, 100.0], [0.0, 0.0, 1.0]], "bev": "bev_381d9dfde64041cbac749fd66627e3aa.png", "aux": "aux_381d9dfde64041cbac749fd66627e3aa.npz", "visibility": "visibility_381d9dfde64041cbac749fd66627e3aa.png", "pose": [[-0.9995927810668945, 0.028536079451441765, 0.0, 2018.355712890625], [-0.028536079451441765, -0.9995927810668945, 0.0, 785.4510498046875], [0.0, 0.0, 1.0, 0.0], [0.0, 0.0, 0.0, 1.0]], "pose_inverse": [[-0.9995927810668945, -0.028536079451441765, 0.0, 2039.947509765625], [0.028536079451441765, -0.9995927810668945, 0.0, 727.5352172851562], [0.0, 0.0, 1.0, 0.0], [0.0, 0.0, 0.0, 1.0]], "cam_ids": [0, 1, 2, 3, 4, 5], "cam_channels": ["CAM_FRONT_LEFT", "CAM_FRONT", "CAM_FRONT_RIGHT", "CAM_BACK_LEFT", "CAM_BACK", "CAM_BACK_RIGHT"], "token": "381d9dfde64041cbac749fd66627e3aa", "scene": "scene-0063"}, {"images": ["samples/CAM_FRONT_LEFT/n008-2018-08-01-15-52-19-0400__CAM_FRONT_LEFT__1533153275754799.jpg", "samples/CAM_FRONT/n008-2018-08-01-15-52-19-0400__CAM_FRONT__1533153275762404.jpg", "samples/CAM_FRONT_RIGHT/n008-2018-08-01-15-52-19-0400__CAM_FRONT_RIGHT__1533153275770482.jpg", "samples/CAM_BACK_LEFT/n008-2018-08-01-15-52-19-0400__CAM_BACK_LEFT__1533153275797405.jpg", "samples/CAM_BACK/n008-2018-08-01-15-52-19-0400__CAM_BACK__1533153275787558.jpg", "samples/CAM_BACK_RIGHT/n008-2018-08-01-15-52-19-0400__CAM_BACK_RIGHT__1533153275778113.jpg"], "intrinsics": [[[1257.8625342125129, 0.0, 827.2410631095686], [0.0, 1257.8625342125129, 450.915498205774], [0.0, 0.0, 1.0]], [[1252.8131021185304, 0.0, 826.588114781398], [0.0, 1252.8131021185304, 469.9846626224581], [0.0, 0.0, 1.0]], [[1256.7485116440405, 0.0, 817.7887570959712], [0.0, 1256.7485116440403, 451.9541780095127], [0.0, 0.0, 1.0]], [[1254.9860565800168, 0.0, 829.5769333630991], [0.0, 1254.9860565800168, 467.1680561863987], [0.0, 0.0, 1.0]], [[796.8910634503094, 0.0, 857.7774326863696], [0.0, 796.8910634503094, 476.8848988407415], [0.0, 0.0, 1.0]], [[1249.9629280788233, 0.0, 825.3768045375984], [0.0, 1249.9629280788233, 462.54816385708756], [0.0, 0.0, 1.0]]], "extrinsics": [[[0.822488009929657, -0.5686655044555664, 0.01153530552983284, -0.70556640625], [0.006704351399093866, -0.010586452670395374, -0.9999215006828308, 1.4907445907592773], [0.5687429904937744, 0.8225008249282837, -0.004894698970019817, -1.1285400390625], [0.0, 0.0, 0.0, 1.0]], [[0.010143911466002464, -0.9998371601104736, 0.014926069416105747, 0.0096435546875], [0.008587965741753578, -0.014839177951216698, -0.9998530149459839, 1.4827499389648438], [0.9999116659164429, 0.010270606726408005, 0.00843604002147913, -1.4361572265625], [0.0, 0.0, 0.0, 1.0]], [[-0.844048798084259, -0.5362648367881775, -0.0012523088371381164, 0.896240234375], [0.016519002616405487, -0.0236656554043293, -0.9995834231376648, 1.4969024658203125], [0.5360119342803955, -0.8437179327011108, 0.028833530843257904, -1.1534423828125], [0.0, 0.0, 0.0, 1.0]], [[0.9478731751441956, 0.3184572160243988, -0.011029561050236225, -1.139892578125], [-0.008569246158003807, -0.009125679731369019, -0.9999216198921204, 1.5620059967041016], [-0.31853291392326355, 0.9478933811187744, -0.005921048577874899, -0.15759658813476562], [0.0, 0.0, 0.0, 1.0]], [[0.00925271213054657, 0.9998213052749634, -0.01648639515042305, -0.02838134765625], [-0.006470056716352701, -0.016426896676421165, -0.9998441338539124, 1.5675010681152344], [-0.9999362826347351, 0.00935793574899435, 0.006316907238215208, -0.04296875], [0.0, 0.0, 0.0, 1.0]], [[-0.9237014651298523, 0.3829047679901123, -0.012628380209207535, 1.006591796875], [-0.0024593051057308912, -0.03888813778758049, -0.999240517616272, 1.5474262237548828], [-0.3831050395965576, -0.9229689240455627, 0.03686270862817764, -0.1070556640625], [0.0, 0.0, 0.0, 1.0]]], "view": [[0.0, -2.0, 100.0], [-2.0, 0.0, 100.0], [0.0, 0.0, 1.0]], "bev": "bev_b3c35a96810b4a00aec8a2c1a4de2ee1.png", "aux": "aux_b3c35a96810b4a00aec8a2c1a4de2ee1.npz", "visibility": "visibility_b3c35a96810b4a00aec8a2c1a4de2ee1.png", "pose": [[-0.9995705485343933, 0.029304422438144684, 0.0, 2014.1651611328125], [-0.029304422438144684, -0.9995705485343933, 0.0, 785.364013671875], [0.0, 0.0, 1.0, 0.0], [0.0, 0.0, 0.0, 1.0]], "pose_inverse": [[-0.9995705485343933, -0.029304422438144684, 0.0, 2036.3148193359375], [0.029304422438144684, -0.9995705485343933, 0.0, 726.0028076171875], [0.0, 0.0, 1.0, 0.0], [0.0, 0.0, 0.0, 1.0]], "cam_ids": [0, 1, 2, 3, 4, 5], "cam_channels": ["CAM_FRONT_LEFT", "CAM_FRONT", "CAM_FRONT_RIGHT", "CAM_BACK_LEFT", "CAM_BACK", "CAM_BACK_RIGHT"], "token": "b3c35a96810b4a00aec8a2c1a4de2ee1", "scene": "scene-0063"}, {"images": ["samples/CAM_FRONT_LEFT/n008-2018-08-01-15-52-19-0400__CAM_FRONT_LEFT__1533153276254799.jpg", "samples/CAM_FRONT/n008-2018-08-01-15-52-19-0400__CAM_FRONT__1533153276262404.jpg", "samples/CAM_FRONT_RIGHT/n008-2018-08-01-15-52-19-0400__CAM_FRONT_RIGHT__1533153276270482.jpg", "samples/CAM_BACK_LEFT/n008-2018-08-01-15-52-19-0400__CAM_BACK_LEFT__1533153276297405.jpg", "samples/CAM_BACK/n008-2018-08-01-15-52-19-0400__CAM_BACK__1533153276287558.jpg", "samples/CAM_BACK_RIGHT/n008-2018-08-01-15-52-19-0400__CAM_BACK_RIGHT__1533153276278113.jpg"], "intrinsics": [[[1257.8625342125129, 0.0, 827.2410631095686], [0.0, 1257.8625342125129, 450.915498205774], [0.0, 0.0, 1.0]], [[1252.8131021185304, 0.0, 826.588114781398], [0.0, 1252.8131021185304, 469.9846626224581], [0.0, 0.0, 1.0]], [[1256.7485116440405, 0.0, 817.7887570959712], [0.0, 1256.7485116440403, 451.9541780095127], [0.0, 0.0, 1.0]], [[1254.9860565800168, 0.0, 829.5769333630991], [0.0, 1254.9860565800168, 467.1680561863987], [0.0, 0.0, 1.0]], [[796.8910634503094, 0.0, 857.7774326863696], [0.0, 796.8910634503094, 476.8848988407415], [0.0, 0.0, 1.0]], [[1249.9629280788233, 0.0, 825.3768045375984], [0.0, 1249.9629280788233, 462.54816385708756], [0.0, 0.0, 1.0]]], "extrinsics": [[[0.8226755857467651, -0.5683680176734924, 0.012752320617437363, -0.7197265625], [0.007959749549627304, -0.010913465172052383, -0.9999088048934937, 1.4910774230957031], [0.5684553980827332, 0.8227020502090454, -0.004454173147678375, -1.140625], [0.0, 0.0, 0.0, 1.0]], [[0.010465065017342567, -0.9998311996459961, 0.015101236291229725, 0.011474609375], [0.00980057381093502, -0.01499878242611885, -0.9998394846916199, 1.4830102920532227], [0.9998972415924072, 0.01061138417571783, 0.009641955606639385, -1.4495849609375], [0.0, 0.0, 0.0, 1.0]], [[-0.8438758850097656, -0.536533534526825, -0.002295778365805745, 0.904296875], [0.0177572350949049, -0.02365207113325596, -0.9995625019073486, 1.4970874786376953], [0.5362445116043091, -0.843547523021698, 0.0294867642223835, -1.156097412109375], [0.0, 0.0, 0.0, 1.0]], [[0.9478723406791687, 0.3184816241264343, -0.010370060801506042, -1.13671875], [-0.008045738562941551, -0.008612767793238163, -0.9999305605888367, 1.561981201171875], [-0.3185487985610962, 0.9478899836540222, -0.005601383280009031, -0.15878677368164062], [0.0, 0.0, 0.0, 1.0]], [[0.009136742912232876, 0.999828577041626, -0.016101377084851265, -0.02899169921875], [-0.0057949768379330635, -0.016048837453126907, -0.9998543858528137, 1.5675773620605469], [-0.9999415874481201, 0.009228723123669624, 0.005647349637001753, -0.0418701171875], [0.0, 0.0, 0.0, 1.0]], [[-0.9237775206565857, 0.3826920688152313, -0.013486497104167938, 1.0106201171875], [-0.0014447967987507582, -0.03870226815342903, -0.9992497563362122, 1.5476493835449219], [-0.38292691111564636, -0.9230650067329407, 0.03630519658327103, -0.103759765625], [0.0, 0.0, 0.0, 1.0]]], "view": [[0.0, -2.0, 100.0], [-2.0, 0.0, 100.0], [0.0, 0.0, 1.0]], "bev": "bev_a01c0f0b80a94bb29471a91a80008631.png", "aux": "aux_a01c0f0b80a94bb29471a91a80008631.npz", "visibility": "visibility_a01c0f0b80a94bb29471a91a80008631.png", "pose": [[-0.9995173215866089, 0.031067268922924995, 0.0, 2010.087890625], [-0.031067268922924995, -0.9995173215866089, 0.0, 785.2682495117188], [0.0, 0.0, 1.0, 0.0], [0.0, 0.0, 0.0, 1.0]], "pose_inverse": [[-0.9995173215866089, -0.031067268922924995, 0.0, 2033.5137939453125], [0.031067268922924995, -0.9995173215866089, 0.0, 722.4412841796875], [0.0, 0.0, 1.0, 0.0], [0.0, 0.0, 0.0, 1.0]], "cam_ids": [0, 1, 2, 3, 4, 5], "cam_channels": ["CAM_FRONT_LEFT", "CAM_FRONT", "CAM_FRONT_RIGHT", "CAM_BACK_LEFT", "CAM_BACK", "CAM_BACK_RIGHT"], "token": "a01c0f0b80a94bb29471a91a80008631", "scene": "scene-0063"}, {"images": ["samples/CAM_FRONT_LEFT/n008-2018-08-01-15-52-19-0400__CAM_FRONT_LEFT__1533153276754799.jpg", "samples/CAM_FRONT/n008-2018-08-01-15-52-19-0400__CAM_FRONT__1533153276762404.jpg", "samples/CAM_FRONT_RIGHT/n008-2018-08-01-15-52-19-0400__CAM_FRONT_RIGHT__1533153276770482.jpg", "samples/CAM_BACK_LEFT/n008-2018-08-01-15-52-19-0400__CAM_BACK_LEFT__1533153276797405.jpg", "samples/CAM_BACK/n008-2018-08-01-15-52-19-0400__CAM_BACK__1533153276787558.jpg", "samples/CAM_BACK_RIGHT/n008-2018-08-01-15-52-19-0400__CAM_BACK_RIGHT__1533153276778113.jpg"], "intrinsics": [[[1257.8625342125129, 0.0, 827.2410631095686], [0.0, 1257.8625342125129, 450.915498205774], [0.0, 0.0, 1.0]], [[1252.8131021185304, 0.0, 826.588114781398], [0.0, 1252.8131021185304, 469.9846626224581], [0.0, 0.0, 1.0]], [[1256.7485116440405, 0.0, 817.7887570959712], [0.0, 1256.7485116440403, 451.9541780095127], [0.0, 0.0, 1.0]], [[1254.9860565800168, 0.0, 829.5769333630991], [0.0, 1254.9860565800168, 467.1680561863987], [0.0, 0.0, 1.0]], [[796.8910634503094, 0.0, 857.7774326863696], [0.0, 796.8910634503094, 476.8848988407415], [0.0, 0.0, 1.0]], [[1249.9629280788233, 0.0, 825.3768045375984], [0.0, 1249.9629280788233, 462.54816385708756], [0.0, 0.0, 1.0]]], "extrinsics": [[[0.8224347829818726, -0.5687380433082581, 0.011753265745937824, -0.72265625], [0.007917702198028564, -0.00921444222331047, -0.9999261498451233, 1.4910173416137695], [0.5688044428825378, 0.8224671483039856, -0.0030751812737435102, -1.139404296875], [0.0, 0.0, 0.0, 1.0]], [[0.010107182897627354, -0.9998575448989868, 0.013516088016331196, 0.00909423828125], [0.009950943291187286, -0.013415536843240261, -0.9998605251312256, 1.482987403869629], [0.9998995065689087, 0.01024026982486248, 0.00981393177062273, -1.452392578125], [0.0, 0.0, 0.0, 1.0]], [[-0.844026505947113, -0.5362907648086548, -0.0033799714874476194, 0.90625], [0.018100770190358162, -0.0221874862909317, -0.9995899200439453, 1.497049331665039], [0.5359959602355957, -0.8437415957450867, 0.02843410335481167, -1.159820556640625], [0.0, 0.0, 0.0, 1.0]], [[0.9479209184646606, 0.3183964192867279, -0.008350573480129242, -1.135498046875], [-0.006379124242812395, -0.0072340029291808605, -0.9999535083770752, 1.5619850158691406], [-0.3184419870376587, 0.947930097579956, -0.004826171323657036, -0.15862655639648438], [0.0, 0.0, 0.0, 1.0]], [[0.009235622361302376, 0.9998492002487183, -0.01470778975635767, -0.0283203125], [-0.004471838474273682, -0.014666972681879997, -0.9998824000358582, 1.56768798828125], [-0.9999474287033081, 0.009300315752625465, 0.004335705190896988, -0.039794921875], [0.0, 0.0, 0.0, 1.0]], [[-0.9236933588981628, 0.38288819789886475, -0.013679074123501778, 1.013916015625], [-0.0006583476206287742, -0.03728939965367317, -0.9993042945861816, 1.5477275848388672], [-0.38313186168670654, -0.9230417609214783, 0.03469604253768921, -0.1041259765625], [0.0, 0.0, 0.0, 1.0]]], "view": [[0.0, -2.0, 100.0], [-2.0, 0.0, 100.0], [0.0, 0.0, 1.0]], "bev": "bev_caf1afbc89944f168ac7caad1256a98d.png", "aux": "aux_caf1afbc89944f168ac7caad1256a98d.npz", "visibility": "visibility_caf1afbc89944f168ac7caad1256a98d.png", "pose": [[-0.9994692802429199, 0.03257589414715767, 0.0, 2006.158203125], [-0.03257589414715767, -0.9994692802429199, 0.0, 785.1729125976562], [0.0, 0.0, 1.0, 0.0], [0.0, 0.0, 0.0, 1.0]], "pose_inverse": [[-0.9994692802429199, -0.03257589414715767, 0.0, 2030.671142578125], [0.03257589414715767, -0.9994692802429199, 0.0, 719.40380859375], [0.0, 0.0, 1.0, 0.0], [0.0, 0.0, 0.0, 1.0]], "cam_ids": [0, 1, 2, 3, 4, 5], "cam_channels": ["CAM_FRONT_LEFT", "CAM_FRONT", "CAM_FRONT_RIGHT", "CAM_BACK_LEFT", "CAM_BACK", "CAM_BACK_RIGHT"], "token": "caf1afbc89944f168ac7caad1256a98d", "scene": "scene-0063"}, {"images": ["samples/CAM_FRONT_LEFT/n008-2018-08-01-15-52-19-0400__CAM_FRONT_LEFT__1533153277254799.jpg", "samples/CAM_FRONT/n008-2018-08-01-15-52-19-0400__CAM_FRONT__1533153277262404.jpg", "samples/CAM_FRONT_RIGHT/n008-2018-08-01-15-52-19-0400__CAM_FRONT_RIGHT__1533153277270482.jpg", "samples/CAM_BACK_LEFT/n008-2018-08-01-15-52-19-0400__CAM_BACK_LEFT__1533153277297405.jpg", "samples/CAM_BACK/n008-2018-08-01-15-52-19-0400__CAM_BACK__1533153277287558.jpg", "samples/CAM_BACK_RIGHT/n008-2018-08-01-15-52-19-0400__CAM_BACK_RIGHT__1533153277278113.jpg"], "intrinsics": [[[1257.8625342125129, 0.0, 827.2410631095686], [0.0, 1257.8625342125129, 450.915498205774], [0.0, 0.0, 1.0]], [[1252.8131021185304, 0.0, 826.588114781398], [0.0, 1252.8131021185304, 469.9846626224581], [0.0, 0.0, 1.0]], [[1256.7485116440405, 0.0, 817.7887570959712], [0.0, 1256.7485116440403, 451.9541780095127], [0.0, 0.0, 1.0]], [[1254.9860565800168, 0.0, 829.5769333630991], [0.0, 1254.9860565800168, 467.1680561863987], [0.0, 0.0, 1.0]], [[796.8910634503094, 0.0, 857.7774326863696], [0.0, 796.8910634503094, 476.8848988407415], [0.0, 0.0, 1.0]], [[1249.9629280788233, 0.0, 825.3768045375984], [0.0, 1249.9629280788233, 462.54816385708756], [0.0, 0.0, 1.0]]], "extrinsics": [[[0.8225984573364258, -0.5685849189758301, 0.006557885091751814, -0.7220458984375], [0.002327424706891179, -0.008166084997355938, -0.9999639391899109, 1.4891201257705688], [0.5686179399490356, 0.8225840926170349, -0.005394071340560913, -1.142333984375], [0.0, 0.0, 0.0, 1.0]], [[0.010303372517228127, -0.9998674392700195, 0.012601549737155437, 0.0113525390625], [0.004286162555217743, -0.012557941488921642, -0.9999119639396667, 1.4814105033874512], [0.9999377131462097, 0.010356470942497253, 0.004156205337494612, -1.453369140625], [0.0, 0.0, 0.0, 1.0]], [[-0.8440093994140625, -0.5363269448280334, 0.0012580986367538571, 0.908203125], [0.01217771228402853, -0.021508928388357162, -0.9996944665908813, 1.495772361755371], [0.5361901521682739, -0.8437361717224121, 0.024684971198439598, -1.15887451171875], [0.0, 0.0, 0.0, 1.0]], [[0.9478749632835388, 0.31831127405166626, -0.01452248077839613, -1.138427734375], [-0.01299610361456871, -0.00691846152767539, -0.9998915791511536, 1.5619659423828125], [-0.318377286195755, 0.9479609131813049, -0.0024210293777287006, -0.15761947631835938], [0.0, 0.0, 0.0, 1.0]], [[0.009234720841050148, 0.9998545050621033, -0.0143