[{"images": ["samples/CAM_FRONT_LEFT/n008-2018-09-18-15-26-58-0400__CAM_FRONT_LEFT__1537298841654799.jpg", "samples/CAM_FRONT/n008-2018-09-18-15-26-58-0400__CAM_FRONT__1537298841662404.jpg", "samples/CAM_FRONT_RIGHT/n008-2018-09-18-15-26-58-0400__CAM_FRONT_RIGHT__1537298841670482.jpg", "samples/CAM_BACK_LEFT/n008-2018-09-18-15-26-58-0400__CAM_BACK_LEFT__1537298841697405.jpg", "samples/CAM_BACK/n008-2018-09-18-15-26-58-0400__CAM_BACK__1537298841687558.jpg", "samples/CAM_BACK_RIGHT/n008-2018-09-18-15-26-58-0400__CAM_BACK_RIGHT__1537298841678113.jpg"], "intrinsics": [[[1257.8625342125129, 0.0, 827.2410631095686], [0.0, 1257.8625342125129, 450.915498205774], [0.0, 0.0, 1.0]], [[1252.8131021185304, 0.0, 826.588114781398], [0.0, 1252.8131021185304, 469.9846626224581], [0.0, 0.0, 1.0]], [[1256.7485116440405, 0.0, 817.7887570959712], [0.0, 1256.7485116440403, 451.9541780095127], [0.0, 0.0, 1.0]], [[1254.9860565800168, 0.0, 829.5769333630991], [0.0, 1254.9860565800168, 467.1680561863987], [0.0, 0.0, 1.0]], [[796.8910634503094, 0.0, 857.7774326863696], [0.0, 796.8910634503094, 476.8848988407415], [0.0, 0.0, 1.0]], [[1249.9629280788233, 0.0, 825.3768045375984], [0.0, 1249.9629280788233, 462.54816385708756], [0.0, 0.0, 1.0]]], "extrinsics": [[[0.8226631879806519, -0.568496584892273, -0.006072334013879299, -1.0048828125], [0.0184593815356493, 0.037384405732154846, -0.9991304874420166, 1.488295555114746], [0.5682293176651001, 0.8218357563018799, 0.0412488728761673, -1.333251953125], [0.0, 0.0, 0.0, 1.0]], [[0.010627822019159794, -0.9993970990180969, -0.03305285423994064, 0.005340576171875], [0.02041158825159073, 0.033264659345149994, -0.999238133430481, 1.4801654815673828], [0.9997351169586182, 0.009945103898644447, 0.020752813667058945, -1.734619140625], [0.0, 0.0, 0.0, 1.0]], [[-0.843610942363739, -0.5356668829917908, -0.03717000037431717, 1.090576171875], [0.028433185070753098, 0.02456228993833065, -0.999293863773346, 1.493072509765625], [0.536201536655426, -0.8440720438957214, -0.005490303039550781, -1.27764892578125], [0.0, 0.0, 0.0, 1.0]], [[0.9477719664573669, 0.3185701370239258, 0.01553838886320591, -1.143798828125], [0.0030359793454408646, 0.039704445749521255, -0.9992068409919739, 1.5620417594909668], [-0.3189343810081482, 0.9470673203468323, 0.03666358441114426, -0.15606689453125], [0.0, 0.0, 0.0, 1.0]], [[0.008862536400556564, 0.9994409084320068, 0.032236646860837936, -0.02880859375], [0.005174518097192049, 0.03219164162874222, -0.9994683265686035, 1.568058967590332], [-0.9999473094940186, 0.00902456697076559, -0.004886328242719173, 0.044189453125], [0.0, 0.0, 0.0, 1.0]], [[-0.9237303137779236, 0.3830101490020752, -0.005029850173741579, 1.1605224609375], [0.009380441159009933, 0.00949216540902853, -0.9999109506607056, 1.5478105545043945], [-0.38292834162712097, -0.9236953258514404, -0.012361006811261177, -0.0436859130859375], [0.0, 0.0, 0.0, 1.0]]], "view": [[0.0, -2.0, 100.0], [-2.0, 0.0, 100.0], [0.0, 0.0, 1.0]], "bev": "bev_42da2c6a6c554ea2a087eaa777a7b4d5.png", "aux": "aux_42da2c6a6c554ea2a087eaa777a7b4d5.npz", "visibility": "visibility_42da2c6a6c554ea2a087eaa777a7b4d5.png", "pose": [[0.6493074297904968, -0.7605260014533997, 0.0, 1150.5245361328125], [0.7605260014533997, 0.6493074297904968, 0.0, 873.1322021484375], [0.0, 0.0, 1.0, 0.0], [0.0, 0.0, 0.0, 1.0]], "pose_inverse": [[0.6493074297904968, 0.7605260014533997, 0.0, -1411.0838623046875], [-0.7605260014533997, 0.6493074297904968, 0.0, 308.0726318359375], [0.0, 0.0, 1.0, 0.0], [0.0, 0.0, 0.0, 1.0]], "cam_ids": [0, 1, 2, 3, 4, 5], "cam_channels": ["CAM_FRONT_LEFT", "CAM_FRONT", "CAM_FRONT_RIGHT", "CAM_BACK_LEFT", "CAM_BACK", "CAM_BACK_RIGHT"], "token": "42da2c6a6c554ea2a087eaa777a7b4d5", "scene": "scene-0803"}, {"images": ["samples/CAM_FRONT_LEFT/n008-2018-09-18-15-26-58-0400__CAM_FRONT_LEFT__1537298842154799.jpg", "samples/CAM_FRONT/n008-2018-09-18-15-26-58-0400__CAM_FRONT__1537298842162404.jpg", "samples/CAM_FRONT_RIGHT/n008-2018-09-18-15-26-58-0400__CAM_FRONT_RIGHT__1537298842170482.jpg", "samples/CAM_BACK_LEFT/n008-2018-09-18-15-26-58-0400__CAM_BACK_LEFT__1537298842197405.jpg", "samples/CAM_BACK/n008-2018-09-18-15-26-58-0400__CAM_BACK__1537298842187558.jpg", "samples/CAM_BACK_RIGHT/n008-2018-09-18-15-26-58-0400__CAM_BACK_RIGHT__1537298842178113.jpg"], "intrinsics": [[[1257.8625342125129, 0.0, 827.2410631095686], [0.0, 1257.8625342125129, 450.915498205774], [0.0, 0.0, 1.0]], [[1252.8131021185304, 0.0, 826.588114781398], [0.0, 1252.8131021185304, 469.9846626224581], [0.0, 0.0, 1.0]], [[1256.7485116440405, 0.0, 817.7887570959712], [0.0, 1256.7485116440403, 451.9541780095127], [0.0, 0.0, 1.0]], [[1254.9860565800168, 0.0, 829.5769333630991], [0.0, 1254.9860565800168, 467.1680561863987], [0.0, 0.0, 1.0]], [[796.8910634503094, 0.0, 857.7774326863696], [0.0, 796.8910634503094, 476.8848988407415], [0.0, 0.0, 1.0]], [[1249.9629280788233, 0.0, 825.3768045375984], [0.0, 1249.9629280788233, 462.54816385708756], [0.0, 0.0, 1.0]]], "extrinsics": [[[0.8226521611213684, -0.568513035774231, -0.006046800874173641, -1.0050048828125], [0.018439969047904015, 0.03731003403663635, -0.9991335868835449, 1.488295555114746], [0.568246066570282, 0.82182776927948, 0.041176535189151764, -1.333251953125], [0.0, 0.0, 0.0, 1.0]], [[0.010613488033413887, -0.9993993639945984, -0.032988596707582474, 0.005462646484375], [0.02039920538663864, 0.033199992030858994, -0.999240517616272, 1.48016357421875], [0.9997354745864868, 0.009932427667081356, 0.020739318802952766, -1.73486328125], [0.0, 0.0, 0.0, 1.0]], [[-0.8436170816421509, -0.5356594324111938, -0.0371360257267952, 1.090576171875], [0.02842479757964611, 0.024512235075235367, -0.9992952942848206, 1.493072509765625], [0.5361922979354858, -0.8440783023834229, -0.005452930927276611, -1.277587890625], [0.0, 0.0, 0.0, 1.0]], [[0.9477754831314087, 0.3185608685016632, 0.015516656450927258, -1.143798828125], [0.0030174851417541504, 0.03969244658946991, -0.9992073774337769, 1.5620455741882324], [-0.3189242482185364, 0.9470710158348083, 0.03665827214717865, -0.15606689453125], [0.0, 0.0, 0.0, 1.0]], [[0.008870960213243961, 0.9994418025016785, 0.032211609184741974, -0.02880859375], [0.005155379883944988, 0.032166738063097, -0.9994691610336304, 1.5680630207061768], [-0.9999474287033081, 0.009032291360199451, -0.00486715417355299, 0.0443115234375], [0.0, 0.0, 0.0, 1.0]], [[-0.9237273335456848, 0.3830174505710602, -0.005035288166254759, 1.16064453125], [0.009371062740683556, 0.009455092251300812, -0.9999114274978638, 1.5478096008300781], [-0.3829359710216522, -0.9236927032470703, -0.012323207221925259, -0.04376220703125], [0.0, 0.0, 0.0, 1.0]]], "view": [[0.0, -2.0, 100.0], [-2.0, 0.0, 100.0], [0.0, 0.0, 1.0]], "bev": "bev_93352f38416047d9a887807d85294fd5.png", "aux": "aux_93352f38416047d9a887807d85294fd5.npz", "visibility": "visibility_93352f38416047d9a887807d85294fd5.png", "pose": [[0.6492597460746765, -0.760566771030426, 0.0, 1150.5245361328125], [0.760566771030426, 0.6492597460746765, 0.0, 873.1322021484375], [0.0, 0.0, 1.0, 0.0], [0.0, 0.0, 0.0, 1.0]], "pose_inverse": [[0.6492597460746765, 0.760566771030426, 0.0, -1411.0645751953125], [-0.760566771030426, 0.6492597460746765, 0.0, 308.1611633300781], [0.0, 0.0, 1.0, 0.0], [0.0, 0.0, 0.0, 1.0]], "cam_ids": [0, 1, 2, 3, 4, 5], "cam_channels": ["CAM_FRONT_LEFT", "CAM_FRONT", "CAM_FRONT_RIGHT", "CAM_BACK_LEFT", "CAM_BACK", "CAM_BACK_RIGHT"], "token": "93352f38416047d9a887807d85294fd5", "scene": "scene-0803"}, {"images": ["samples/CAM_FRONT_LEFT/n008-2018-09-18-15-26-58-0400__CAM_FRONT_LEFT__1537298842654799.jpg", "samples/CAM_FRONT/n008-2018-09-18-15-26-58-0400__CAM_FRONT__1537298842662535.jpg", "samples/CAM_FRONT_RIGHT/n008-2018-09-18-15-26-58-0400__CAM_FRONT_RIGHT__1537298842670482.jpg", "samples/CAM_BACK_LEFT/n008-2018-09-18-15-26-58-0400__CAM_BACK_LEFT__1537298842697405.jpg", "samples/CAM_BACK/n008-2018-09-18-15-26-58-0400__CAM_BACK__1537298842687558.jpg", "samples/CAM_BACK_RIGHT/n008-2018-09-18-15-26-58-0400__CAM_BACK_RIGHT__1537298842678113.jpg"], "intrinsics": [[[1257.8625342125129, 0.0, 827.2410631095686], [0.0, 1257.8625342125129, 450.915498205774], [0.0, 0.0, 1.0]], [[1252.8131021185304, 0.0, 826.588114781398], [0.0, 1252.8131021185304, 469.9846626224581], [0.0, 0.0, 1.0]], [[1256.7485116440405, 0.0, 817.7887570959712], [0.0, 1256.7485116440403, 451.9541780095127], [0.0, 0.0, 1.0]], [[1254.9860565800168, 0.0, 829.5769333630991], [0.0, 1254.9860565800168, 467.1680561863987], [0.0, 0.0, 1.0]], [[796.8910634503094, 0.0, 857.7774326863696], [0.0, 796.8910634503094, 476.8848988407415], [0.0, 0.0, 1.0]], [[1249.9629280788233, 0.0, 825.3768045375984], [0.0, 1249.9629280788233, 462.54816385708756], [0.0, 0.0, 1.0]]], "extrinsics": [[[0.8226637244224548, -0.5684961080551147, -0.006041162181645632, -1.0050048828125], [0.01840980537235737, 0.03725798800587654, -0.9991360902786255, 1.4882936477661133], [0.568230152130127, 0.8218417763710022, 0.04111669585108757, -1.333251953125], [0.0, 0.0, 0.0, 1.0]], [[0.010629137046635151, -0.9994010329246521, -0.032931793481111526, 0.00537109375], [0.020358741283416748, 0.033143118023872375, -0.9992432594299316, 1.48016357421875], [0.9997361898422241, 0.009950652718544006, 0.020698830485343933, -1.7347412109375], [0.0, 0.0, 0.0, 1.0]], [[-0.8436124920845032, -0.5356717109680176, -0.03706366568803787, 1.090576171875], [0.028379175812005997, 0.024448974058032036, -0.9992981553077698, 1.493072509765625], [0.5362020134925842, -0.8440723419189453, -0.005423539783805609, -1.27740478515625], [0.0, 0.0, 0.0, 1.0]], [[0.9477737545967102, 0.31856802105903625, 0.015473639592528343, -1.1439208984375], [0.003000515978783369, 0.03960728645324707, -0.999210774898529, 1.562042236328125], [-0.3189294934272766, 0.9470721483230591, 0.03658287599682808, -0.1561279296875], [0.0, 0.0, 0.0, 1.0]], [[0.00886693224310875, 0.999444305896759, 0.032132990658283234, -0.028961181640625], [0.005125975236296654, 0.03208840265870094, -0.99947190284729, 1.568058729171753], [-0.9999475479125977, 0.009027007967233658, -0.004838601686060429, 0.0443115234375], [0.0, 0.0, 0.0, 1.0]], [[-0.923730194568634, 0.38301095366477966, -0.005023035686463118, 1.1605224609375], [0.0093284472823143, 0.009384517557919025, -0.999912440776825, 1.547811508178711], [-0.382930189371109, -0.9236961603164673, -0.012241656892001629, -0.043670654296875], [0.0, 0.0, 0.0, 1.0]]], "view": [[0.0, -2.0, 100.0], [-2.0, 0.0, 100.0], [0.0, 0.0, 1.0]], "bev": "bev_52eb648eb6d4478f9497b089c2305fcb.png", "aux": "aux_52eb648eb6d4478f9497b089c2305fcb.npz", "visibility": "visibility_52eb648eb6d4478f9497b089c2305fcb.png", "pose": [[0.6492061614990234, -0.7606124877929688, 0.0, 1150.5245361328125], [0.7606124877929688, 0.6492061614990234, 0.0, 873.1322021484375], [0.0, 0.0, 1.0, 0.0], [0.0, 0.0, 0.0, 1.0]], "pose_inverse": [[0.6492061614990234, 0.7606124877929688, 0.0, -1411.0428466796875], [-0.7606124877929688, 0.6492061614990234, 0.0, 308.26055908203125], [0.0, 0.0, 1.0, 0.0], [0.0, 0.0, 0.0, 1.0]], "cam_ids": [0, 1, 2, 3, 4, 5], "cam_channels": ["CAM_FRONT_LEFT", "CAM_FRONT", "CAM_FRONT_RIGHT", "CAM_BACK_LEFT", "CAM_BACK", "CAM_BACK_RIGHT"], "token": "52eb648eb6d4478f9497b089c2305fcb", "scene": "scene-0803"}, {"images": ["samples/CAM_FRONT_LEFT/n008-2018-09-18-15-26-58-0400__CAM_FRONT_LEFT__1537298843154799.jpg", "samples/CAM_FRONT/n008-2018-09-18-15-26-58-0400__CAM_FRONT__1537298843162404.jpg", "samples/CAM_FRONT_RIGHT/n008-2018-09-18-15-26-58-0400__CAM_FRONT_RIGHT__1537298843170482.jpg", "samples/CAM_BACK_LEFT/n008-2018-09-18-15-26-58-0400__CAM_BACK_LEFT__1537298843197405.jpg", "samples/CAM_BACK/n008-2018-09-18-15-26-58-0400__CAM_BACK__1537298843187595.jpg", "samples/CAM_BACK_RIGHT/n008-2018-09-18-15-26-58-0400__CAM_BACK_RIGHT__1537298843178113.jpg"], "intrinsics": [[[1257.8625342125129, 0.0, 827.2410631095686], [0.0, 1257.8625342125129, 450.915498205774], [0.0, 0.0, 1.0]], [[1252.8131021185304, 0.0, 826.588114781398], [0.0, 1252.8131021185304, 469.9846626224581], [0.0, 0.0, 1.0]], [[1256.7485116440405, 0.0, 817.7887570959712], [0.0, 1256.7485116440403, 451.9541780095127], [0.0, 0.0, 1.0]], [[1254.9860565800168, 0.0, 829.5769333630991], [0.0, 1254.9860565800168, 467.1680561863987], [0.0, 0.0, 1.0]], [[796.8910634503094, 0.0, 857.7774326863696], [0.0, 796.8910634503094, 476.8848988407415], [0.0, 0.0, 1.0]], [[1249.9629280788233, 0.0, 825.3768045375984], [0.0, 1249.9629280788233, 462.54816385708756], [0.0, 0.0, 1.0]]], "extrinsics": [[[0.8226577639579773, -0.5685052871704102, -0.006009052041918039, -1.0048828125], [0.018399182707071304, 0.037185415625572205, -0.9991389513015747, 1.4882946014404297], [0.5682392716407776, 0.8218387961387634, 0.041050899773836136, -1.3333740234375], [0.0, 0.0, 0.0, 1.0]], [[0.010621237568557262, -0.9994035363197327, -0.03285931423306465, 0.005340576171875], [0.020354628562927246, 0.03307044506072998, -0.9992457628250122, 1.48016357421875], [0.9997363090515137, 0.009944397024810314, 0.020693736150860786, -1.73486328125], [0.0, 0.0, 0.0, 1.0]], [[-0.8436151146888733, -0.5356701016426086, -0.037029411643743515, 1.090576171875], [0.02838301658630371, 0.024379083886742592, -0.9992997646331787, 1.493072509765625], [0.53619784116745, -0.8440753221511841, -0.005362628493458033, -1.27740478515625], [0.0, 0.0, 0.0, 1.0]], [[0.9477726221084595, 0.3185720443725586, 0.015459292568266392, -1.143798828125], [0.003003367455676198, 0.039553429931402206, -0.999212920665741, 1.5620441436767578], [-0.31893277168273926, 0.9470731019973755, 0.03653086721897125, -0.156005859375], [0.0, 0.0, 0.0, 1.0]], [[0.00886631291359663, 0.9994459748268127, 0.03208008036017418, -0.028900146484375], [0.00512620247900486, 0.03203549236059189, -0.9994735717773438, 1.5680623054504395], [-0.9999475479125977, 0.009026126936078072, -0.004839325323700905, 0.0443115234375], [0.0, 0.0, 0.0, 1.0]], [[-0.9237292408943176, 0.3830127418041229, -0.005053005646914244, 1.1605224609375], [0.00933512207120657, 0.009322301484644413, -0.9999129176139832, 1.5478124618530273], [-0.382932186126709, -0.9236960411071777, -0.012186754494905472, -0.0436553955078125], [0.0, 0.0, 0.0, 1.0]]], "view": [[0.0, -2.0, 100.0], [-2.0, 0.0, 100.0], [0.0, 0.0, 1.0]], "bev": "bev_b3da8724ef924177b63ea342add94aab.png", "aux": "aux_b3da8724ef924177b63ea342add94aab.npz", "visibility": "visibility_b3da8724ef924177b63ea342add94aab.png", "pose": [[0.6492243409156799, -0.7605969905853271, 0.0, 1150.5245361328125], [0.7605969905853271, 0.6492243409156799, 0.0, 873.1322021484375], [0.0, 0.0, 1.0, 0.0], [0.0, 0.0, 0.0, 1.0]], "pose_inverse": [[0.6492243409156799, 0.7605969905853271, 0.0, -1411.05029296875], [-0.7605969905853271, 0.6492243409156799, 0.0, 308.2267761230469], [0.0, 0.0, 1.0, 0.0], [0.0, 0.0, 0.0, 1.0]], "cam_ids": [0, 1, 2, 3, 4, 5], "cam_channels": ["CAM_FRONT_LEFT", "CAM_FRONT", "CAM_FRONT_RIGHT", "CAM_BACK_LEFT", "CAM_BACK", "CAM_BACK_RIGHT"], "token": "b3da8724ef924177b63ea342add94aab", "scene": "scene-0803"}, {"images": ["samples/CAM_FRONT_LEFT/n008-2018-09-18-15-26-58-0400__CAM_FRONT_LEFT__1537298843654799.jpg", "samples/CAM_FRONT/n008-2018-09-18-15-26-58-0400__CAM_FRONT__1537298843662602.jpg", "samples/CAM_FRONT_RIGHT/n008-2018-09-18-15-26-58-0400__CAM_FRONT_RIGHT__1537298843670482.jpg", "samples/CAM_BACK_LEFT/n008-2018-09-18-15-26-58-0400__CAM_BACK_LEFT__1537298843697405.jpg", "samples/CAM_BACK/n008-2018-09-18-15-26-58-0400__CAM_BACK__1537298843687558.jpg", "samples/CAM_BACK_RIGHT/n008-2018-09-18-15-26-58-0400__CAM_BACK_RIGHT__1537298843678113.jpg"], "intrinsics": [[[1257.8625342125129, 0.0, 827.2410631095686], [0.0, 1257.8625342125129, 450.915498205774], [0.0, 0.0, 1.0]], [[1252.8131021185304, 0.0, 826.588114781398], [0.0, 1252.8131021185304, 469.9846626224581], [0.0, 0.0, 1.0]], [[1256.7485116440405, 0.0, 817.7887570959712], [0.0, 1256.7485116440403, 451.9541780095127], [0.0, 0.0, 1.0]], [[1254.9860565800168, 0.0, 829.5769333630991], [0.0, 1254.9860565800168, 467.1680561863987], [0.0, 0.0, 1.0]], [[796.8910634503094, 0.0, 857.7774326863696], [0.0, 796.8910634503094, 476.8848988407415], [0.0, 0.0, 1.0]], [[1249.9629280788233, 0.0, 825.3768045375984], [0.0, 1249.9629280788233, 462.54816385708756], [0.0, 0.0, 1.0]]], "extrinsics": [[[0.8226489424705505, -0.5685192942619324, -0.005878933239728212, -1.005126953125], [0.018498186022043228, 0.03709881752729416, -0.9991403818130493, 1.4882946014404297], [0.5682485699653625, 0.821833074092865, 0.04103587940335274, -1.33343505859375], [0.0, 0.0, 0.0, 1.0]], [[0.010610183700919151, -0.999406635761261, -0.032765232026576996, 0.005401611328125], [0.020447907969355583, 0.03297707438468933, -0.9992469549179077, 1.4801654815673828], [0.9997345805168152, 0.009932149201631546, 0.02078566700220108, -1.734619140625], [0.0, 0.0, 0.0, 1.0]], [[-0.8436183333396912, -0.535663902759552, -0.037046223878860474, 1.090576171875], [0.028465645387768745, 0.024280425161123276, -0.9992998242378235, 1.493072509765625], [0.5361883640289307, -0.8440821170806885, -0.005235394462943077, -1.27752685546875], [0.0, 0.0, 0.0, 1.0]], [[0.9477709531784058, 0.31857535243034363, 0.015492352657020092, -1.143798828125], [0.00307192443870008, 0.039452943950891495, -0.9992167353630066, 1.5620403289794922], [-0.3189370632171631, 0.9470760822296143, 0.03641371428966522, -0.15606689453125], [0.0, 0.0, 0.0, 1.0]], [[0.008868414908647537, 0.9994494915008545, 0.03196955472230911, -0.028900146484375], [0.005206729751080275, 0.03192422166466713, -0.9994767308235168, 1.5680632591247559], [-0.9999471306800842, 0.009030267596244812, -0.004920744802802801, 0.0443115234375], [0.0, 0.0, 0.0, 1.0]], [[-0.9237252473831177, 0.38302081823349, -0.005161534529179335, 1.16064453125], [0.009409699589014053, 0.009218531660735607, -0.999913215637207, 1.5478143692016602], [-0.38293999433517456, -0.9236935973167419, -0.01211949996650219, -0.0436553955078125], [0.0, 0.0, 0.0, 1.0]]], "view": [[0.0, -2.0, 100.0], [-2.0, 0.0, 100.0], [0.0, 0.0, 1.0]], "bev": "bev_df6353119873476b83655e3a28331720.png", "aux": "aux_df6353119873476b83655e3a28331720.npz", "visibility": "visibility_df6353119873476b83655e3a28331720.png", "pose": [[0.6492487192153931, -0.7605761289596558, 0.0, 1150.5245361328125], [0.7605761289596558, 0.6492487192153931, 0.0, 873.1322021484375], [0.0, 0.0, 1.0, 0.0], [0.0, 0.0, 0.0, 1.0]], "pose_inverse": [[0.6492487192153931, 0.7605761289596558, 0.0, -1411.0601806640625], [-0.7605761289596558, 0.6492487192153931, 0.0, 308.1815185546875], [0.0, 0.0, 1.0, 0.0], [0.0, 0.0, 0.0, 1.0]], "cam_ids": [0, 1, 2, 3, 4, 5], "cam_channels": ["CAM_FRONT_LEFT", "CAM_FRONT", "CAM_FRONT_RIGHT", "CAM_BACK_LEFT", "CAM_BACK", "CAM_BACK_RIGHT"], "token": "df6353119873476b83655e3a28331720", "scene": "scene-0803"}, {"images": ["samples/CAM_FRONT_LEFT/n008-2018-09-18-15-26-58-0400__CAM_FRONT_LEFT__1537298844154799.jpg", "samples/CAM_FRONT/n008-2018-09-18-15-26-58-0400__CAM_FRONT__1537298844162404.jpg", "samples/CAM_FRONT_RIGHT/n008-2018-09-18-15-26-58-0400__CAM_FRONT_RIGHT__1537298844170482.jpg", "samples/CAM_BACK_LEFT/n008-2018-09-18-15-26-58-0400__CAM_BACK_LEFT__1537298844197410.jpg", "samples/CAM_BACK/n008-2018-09-18-15-26-58-0400__CAM_BACK__1537298844187558.jpg", "samples/CAM_BACK_RIGHT/n008-2018-09-18-15-26-58-0400__CAM_BACK_RIGHT__1537298844178113.jpg"], "intrinsics": [[[1257.8625342125129, 0.0, 827.2410631095686], [0.0, 1257.8625342125129, 450.915498205774], [0.0, 0.0, 1.0]], [[1252.8131021185304, 0.0, 826.588114781398], [0.0, 1252.8131021185304, 469.9846626224581], [0.0, 0.0, 1.0]], [[1256.7485116440405, 0.0, 817.7887570959712], [0.0, 1256.7485116440403, 451.9541780095127], [0.0, 0.0, 1.0]], [[1254.9860565800168, 0.0, 829.5769333630991], [0.0, 1254.9860565800168, 467.1680561863987], [0.0, 0.0, 1.0]], [[796.8910634503094, 0.0, 857.7774326863696], [0.0, 796.8910634503094, 476.8848988407415], [0.0, 0.0, 1.0]], [[1249.9629280788233, 0.0, 825.3768045375984], [0.0, 1249.9629280788233, 462.54816385708756], [0.0, 0.0, 1.0]]], "extrinsics": [[[0.8226513862609863, -0.568515419960022, -0.005917328409850597, -1.0050048828125], [0.01846453547477722, 0.03711793199181557, -0.9991403222084045, 1.4882946014404297], [0.5682463049888611, 0.8218348622322083, 0.04103248566389084, -1.3333740234375], [0.0, 0.0, 0.0, 1.0]], [[0.010610849596560001, -0.9994060397148132, -0.0327865295112133, 0.005340576171875], [0.02041693963110447, 0.03299808129668236, -0.9992468953132629, 1.4801673889160156], [0.9997352361679077, 0.00993350613862276, 0.020754948258399963, -1.734619140625], [0.0, 0.0, 0.0, 1.0]], [[-0.8436185717582703, -0.535664439201355, -0.03703176975250244, 1.0906982421875], [0.028436603024601936, 0.02429918386042118, -0.9993001818656921, 1.493072509765625], [0.5361894369125366, -0.8440812826156616, -0.0052667660638689995, -1.27752685546875], [0.0, 0.0, 0.0, 1.0]], [[0.9477716088294983, 0.31857362389564514, 0.015485888347029686, -1.1439208984375], [0.0030561741441488266, 0.039479680359363556, -0.9992156624794006, 1.5620417594909668], [-0.3189351558685303, 0.9470756649971008, 0.036444101482629776, -0.15606689453125], [0.0, 0.0, 0.0, 1.0]], [[0.008868941105902195, 0.9994487166404724, 0.03199468180537224, -0.028839111328125], [0.00518215773627162, 0.03194957599043846, -0.9994760155677795, 1.5680615901947021], [-0.9999473094940186, 0.009030114859342575, -0.004895942751318216, 0.0443115234375], [0.0, 0.0, 0.0, 1.0]], [[-0.9237257838249207, 0.3830198049545288, -0.005131789017468691, 1.16064453125], [0.009384761564433575, 0.00923608336597681, -0.9999132752418518, 1.547811508178711], [-0.3829391598701477, -0.9236940145492554, -0.012126157991588116, -0.043609619140625], [0.0, 0.0, 0.0, 1.0]]], "view": [[0.0, -2.0, 100.0], [-2.0, 0.0, 100.0], [0.0, 0.0, 1.0]], "bev": "bev_693e69a5e3534a3b91147f20ccc3710d.png", "aux": "aux_693e69a5e3534a3b91147f20ccc3710d.npz", "visibility": "visibility_693e69a5e3534a3b91147f20ccc3710d.png", "pose": [[0.6491950154304504, -0.7606220245361328, 0.0, 1150.5245361328125], [0.7606220245361328, 0.6491950154304504, 0.0, 873.1322021484375], [0.0, 0.0, 1.0, 0.0], [0.0, 0.0, 0.0, 1.0]], "pose_inverse": [[0.6491950154304504, 0.7606220245361328, 0.0, -1411.038330078125], [-0.7606220245361328, 0.6491950154304504, 0.0, 308.28118896484375], [0.0, 0.0, 1.0, 0.0], [0.0, 0.0, 0.0, 1.0]], "cam_ids": [0, 1, 2, 3, 4, 5], "cam_channels": ["CAM_FRONT_LEFT", "CAM_FRONT", "CAM_FRONT_RIGHT", "CAM_BACK_LEFT", "CAM_BACK", "CAM_BACK_RIGHT"], "token": "693e69a5e3534a3b91147f20ccc3710d", "scene": "scene-0803"}, {"images": ["samples/CAM_FRONT_LEFT/n008-2018-09-18-15-26-58-0400__CAM_FRONT_LEFT__1537298844654799.jpg", "samples/CAM_FRONT/n008-2018-09-18-15-26-58-0400__CAM_FRONT__1537298844662404.jpg", "samples/CAM_FRONT_RIGHT/n008-2018-09-18-15-26-58-0400__CAM_FRONT_RIGHT__1537298844670482.jpg", "samples/CAM_BACK_LEFT/n008-2018-09-18-15-26-58-0400__CAM_BACK_LEFT__1537298844697405.jpg", "samples/CAM_BACK/n008-2018-09-18-15-26-58-0400__CAM_BACK__1537298844687558.jpg", "samples/CAM_BACK_RIGHT/n008-2018-09-18-15-26-58-0400__CAM_BACK_RIGHT__1537298844678113.jpg"], "intrinsics": [[[1257.8625342125129, 0.0, 827.2410631095686], [0.0, 1257.8625342125129, 450.915498205774], [0.0, 0.0, 1.0]], [[1252.8131021185304, 0.0, 826.588114781398], [0.0, 1252.8131021185304, 469.9846626224581], [0.0, 0.0, 1.0]], [[1256.7485116440405, 0.0, 817.7887570959712], [0.0, 1256.7485116440403, 451.9541780095127], [0.0, 0.0, 1.0]], [[1254.9860565800168, 0.0, 829.5769333630991], [0.0, 1254.9860565800168, 467.1680561863987], [0.0, 0.0, 1.0]], [[796.8910634503094, 0.0, 857.7774326863696], [0.0, 796.8910634503094, 476.8848988407415], [0.0, 0.0, 1.0]], [[1249.9629280788233, 0.0, 825.3768045375984], [0.0, 1249.9629280788233, 462.54816385708756], [0.0, 0.0, 1.0]]], "extrinsics": [[[0.8226569890975952, -0.5685074925422668, -0.005900506861507893, -1.0050048828125], [0.018509389832615852, 0.0371539480984211, -0.9991381168365479, 1.488295555114746], [0.568236768245697, 0.8218387365341187, 0.04108767583966255, -1.33331298828125], [0.0, 0.0, 0.0, 1.0]], [[0.01062081754207611, -0.999404788017273, -0.03282144293189049, 0.00537109375], [0.02045557089149952, 0.0330335758626461, -0.9992449283599854, 1.4801654815673828], [0.9997343420982361, 0.00994142796844244, 0.020794237032532692, -1.7347412109375], [0.0, 0.0, 0.0, 1.0]], [[-0.8436136245727539, -0.5356687307357788, -0.037083037197589874, 1.090576171875], [0.028469795361161232, 0.024342484772205353, -0.9992981553077698, 1.4930763244628906], [0.5361955165863037, -0.8440772891044617, -0.005285271909087896, -1.277587890625], [0.0, 0.0, 0.0, 1.0]], [[0.9477735757827759, 0.3185661733150482, 0.015519815497100353, -1.14404296875], [0.0030670634005218744, 0.03955446556210518, -0.9992126822471619, 1.562042236328125], [-0.3189293146133423, 0.9470750093460083, 0.0365116149187088, -0.156005859375], [0.0, 0.0, 0.0, 1.0]], [[0.00886738020926714, 0.9994465708732605, 0.03206047788262367, -0.02886962890625], [0.005211919546127319, 0.032015111297369, -0.9994737505912781, 1.568058967590332], [-0.9999471306800842, 0.009029833599925041, -0.004925146233290434, 0.04443359375], [0.0, 0.0, 0.0, 1.0]], [[-0.9237278699874878, 0.3830149173736572, -0.005133768543601036, 1.1607666015625], [0.009410795755684376, 0.009293878450989723, -0.9999125003814697, 1.5478124618530273], [-0.38293370604515076, -0.9236953854560852, -0.012189487926661968, -0.04364013671875], [0.0, 0.0, 0.0, 1.0]]], "view": [[0.0, -2.0, 100.0], [-2.0, 0.0, 100.0], [0.0, 0.0, 1.0]], "bev": "bev_95ada028da894e2db9f4020757d2c31e.png", "aux": "aux_95ada028da894e2db9f4020757d2c31e.npz", "visibility": "visibility_95ada028da894e2db9f4020757d2c31e.png", "pose": [[0.6491891741752625, -0.760627031326294, 0.0, 1150.5245361328125], [0.760627031326294, 0.6491891741752625, 0.0, 873.1322021484375], [0.0, 0.0, 1.0, 0.0], [0.0, 0.0, 0.0, 1.0]], "pose_inverse": [[0.6491891741752625, 0.760627031326294, 0.0, -1411.0360107421875], [-0.760627031326294, 0.6491891741752625, 0.0, 308.2920837402344], [0.0, 0.0, 1.0, 0.0], [0.0, 0.0, 0.0, 1.0]], "cam_ids": [0, 1, 2, 3, 4, 5], "cam_channels": ["CAM_FRONT_LEFT", "CAM_FRONT", "CAM_FRONT_RIGHT", "CAM_BACK_LEFT", "CAM_BACK", "CAM_BACK_RIGHT"], "token": "95ada028da894e2db9f4020757d2c31e", "scene": "scene-0803"}, {"images": ["samples/CAM_FRONT_LEFT/n008-2018-09-18-15-26-58-0400__CAM_FRONT_LEFT__1537298845154799.jpg", "samples/CAM_FRONT/n008-2018-09-18-15-26-58-0400__CAM_FRONT__1537298845162404.jpg", "samples/CAM_FRONT_RIGHT/n008-2018-09-18-15-26-58-0400__CAM_FRONT_RIGHT__1537298845170482.jpg", "samples/CAM_BACK_LEFT/n008-2018-09-18-15-26-58-0400__CAM_BACK_LEFT__1537298845197405.jpg", "samples/CAM_BACK/n008-2018-09-18-15-26-58-0400__CAM_BACK__1537298845187558.jpg", "samples/CAM_BACK_RIGHT/n008-2018-09-18-15-26-58-0400__CAM_BACK_RIGHT__1537298845178113.jpg"], "intrinsics": [[[1257.8625342125129, 0.0, 827.2410631095686], [0.0, 1257.8625342125129, 450.915498205774], [0.0, 0.0, 1.0]], [[1252.8131021185304, 0.0, 826.588114781398], [0.0, 1252.8131021185304, 469.9846626224581], [0.0, 0.0, 1.0]], [[1256.7485116440405, 0.0, 817.7887570959712], [0.0, 1256.7485116440403, 451.9541780095127], [0.0, 0.0, 1.0]], [[1254.9860565800168, 0.0, 829.5769333630991], [0.0, 1254.9860565800168, 467.1680561863987], [0.0, 0.0, 1.0]], [[796.8910634503094, 0.0, 857.7774326863696], [0.0, 796.8910634503094, 476.8848988407415], [0.0, 0.0, 1.0]], [[1249.9629280788233, 0.0, 825.3768045375984], [0.0, 1249.9629280788233, 462.54816385708756], [0.0, 0.0, 1.0]]], "extrinsics": [[[0.8226546049118042, -0.5685088634490967, -0.006092257797718048, -1.0050048828125], [0.018275393173098564, 0.03715222701430321, -0.9991425275802612, 1.488295555114746], [0.5682476758956909, 0.8218379020690918, 0.040953170508146286, -1.33331298828125], [0.0, 0.0, 0.0, 1.0]], [[0.01061150524765253, -0.9994048476219177, -0.03282482177019119, 0.005340576171875], [0.020237894728779793, 0.03303459659218788, -0.999249279499054, 1.4801654815673828], [0.9997388124465942, 0.009939325042068958, 0.020576396957039833, -1.7347412109375], [0.0, 0.0, 0.0, 1.0]], [[-0.8436219096183777, -0.535667896270752, -0.036904964596033096, 1.0904541015625], [0.02825731784105301, 0.024344919249415398, -0.9993041753768921, 1.493072509765625], [0.5361936092376709, -0.8440777659416199, -0.005401370115578175, -1.27752685546875], [0.0, 0.0, 0.0, 1.0]], [[0.947776198387146, 0.31856822967529297, 0.015314090996980667, -1.1439208984375], [0.002850540680810809, 0.03955312445759773, -0.9992133975028992, 1.5620412826538086], [-0.3189234733581543, 0.9470744132995605, 0.03657941892743111, -0.15606689453125], [0.0, 0.0, 0.0, 1.0]], [[0.008873090147972107, 0.9994468688964844, 0.03205166757106781, -0.028900146484375], [0.004993909038603306, 0.03200823813676834, -0.9994751214981079, 1.5680615901947021], [-0.9999481439590454, 0.009028562344610691, -0.004707135260105133, 0.04443359375], [0.0, 0.0, 0.0, 1.0]], [[-0.9237290024757385, 0.38301482796669006, -0.004935263190418482, 1.1607666015625], [0.009195602498948574, 0.009293117560446262, -0.9999145269393921, 1.5478134155273438], [-0.3829362094402313, -0.92369544506073, -0.012106373906135559, -0.043670654296875], [0.0, 0.0, 0.0, 1.0]]], "view": [[0.0, -2.0, 100.0], [-2.0, 0.0, 100.0], [0.0, 0.0, 1.0]], "bev": "bev_07a0a222a02244b0b4afb685eb95941e.png", "aux": "aux_07a0a222a02244b0b4afb685eb95941e.npz", "visibility": "visibility_07a0a222a02244b0b4afb685eb95941e.png", "pose": [[0.6492598056793213, -0.7605667114257812, 0.0, 1150.5245361328125], [0.7605667114257812, 0.6492598056793213, 0.0, 873.1322021484375], [0.0, 0.0, 1.0, 0.0], [0.0, 0.0, 0.0, 1.0]], "pose_inverse": [[0.6492598056793213, 0.7605667114257812, 0.0, -1411.0645751953125], [-0.7605667114257812, 0.6492598056793213, 0.0, 308.1610412597656], [0.0, 0.0, 1.0, 0.0], [0.0, 0.0, 0.0, 1.0]], "cam_ids": [0, 1, 2, 3, 4, 5], "cam_channels": ["CAM_FRONT_LEFT", "CAM_FRONT", "CAM_FRONT_RIGHT", "CAM_BACK_LEFT", "CAM_BACK", "CAM_BACK_RIGHT"], "token": "07a0a222a02244b0b4afb685eb95941e", "scene": "scene-0803"}, {"images": ["samples/CAM_FRONT_LEFT/n008-2018-09-18-15-26-58-0400__CAM_FRONT_LEFT__1537298845654799.jpg", "samples/CAM_FRONT/n008-2018-09-18-15-26-58-0400__CAM_FRONT__1537298845662404.jpg", "samples/CAM_FRONT_RIGHT/n008-2018-09-18-15-26-58-0400__CAM_FRONT_RIGHT__1537298845670482.jpg", "samples/CAM_BACK_LEFT/n008-2018-09-18-15-26-58-0400__CAM_BACK_LEFT__1537298845697405.jpg", "samples/CAM_BACK/n008-2018-09-18-15-26-58-0400__CAM_BACK__1537298845687558.jpg", "samples/CAM_BACK_RIGHT/n008-2018-09-18-15-26-58-0400__CAM_BACK_RIGHT__1537298845678113.jpg"], "intrinsics": [[[1257.8625342125129, 0.0, 827.2410631095686], [0.0, 1257.8625342125129, 450.915498205774], [0.0, 0.0, 1.0]], [[1252.8131021185304, 0.0, 826.588114781398], [0.0, 1252.8131021185304, 469.9846626224581], [0.0, 0.0, 1.0]], [[1256.7485116440405, 0.0, 817.7887570959712], [0.0, 1256.7485116440403, 451.9541780095127], [0.0, 0.0, 1.0]], [[1254.9860565800168, 0.0, 829.5769333630991], [0.0, 1254.9860565800168, 467.1680561863987], [0.0, 0.0, 1.0]], [[796.8910634503094, 0.0, 857.7774326863696], [0.0, 796.8910634503094, 476.8848988407415], [0.0, 0.0, 1.0]], [[1249.9629280788233, 0.0, 825.3768045375984], [0.0, 1249.9629280788233, 462.54816385708756], [0.0, 0.0, 1.0]]], "extrinsics": [[[0.8226830959320068, -0.5684663653373718, -0.006203693803399801, -1.005126953125], [0.01807158999145031, 0.03705691546201706, -0.999149739742279, 1.4882936477661133], [0.5682129263877869, 0.8218714594841003, 0.040759194642305374, -1.3333740234375], [0.0, 0.0, 0.0, 1.0]], [[0.010648656636476517, -0.9994070529937744, -0.03274104371666908, 0.00537109375], [0.02001640573143959, 0.032949384301900864, -0.9992565512657166, 1.4801673889160156], [0.9997429251670837, 0.009985427372157574, 0.020355405285954475, -1.7347412109375], [0.0, 0.0, 0.0, 1.0]], [[-0.8436110615730286, -0.5357005596160889, -0.03667896240949631, 1.0904541015625], [0.028038889169692993, 0.024266952648758888, -0.9993122220039368, 1.4930763244628906], [0.5362222194671631, -0.84405916929245, -0.005451420322060585, -1.277587890625], [0.0, 0.0, 0.0, 1.0]], [[0.947775661945343, 0.31857988238334656, 0.015103831887245178, -1.1439208984375], [0.0026526206638664007, 0.039481181651353836, -0.9992167949676514, 1.5620403289794922], [-0.31892675161361694, 0.9470734596252441, 0.03657423332333565, -0.15606689453125], [0.0, 0.0, 0.0, 1.0]], [[0.008861467242240906, 0.9994490146636963, 0.031986966729164124, -0.028900146484375], [0.004777438007295132, 0.031945545226335526, -0.9994781613349915, 1.5680601596832275], [-0.9999493956565857, 0.009009666740894318, -0.004491722676903009, 0.0443115234375], [0.0, 0.0, 0.0, 1.0]], [[-0.9237401485443115, 0.3829897344112396, -0.004773361142724752, 1.16064453125], [0.00898913573473692, 0.009218684397637844, -0.9999170899391174, 1.5478105545043945], [-0.3829140365123749, -0.923706591129303, -0.011958416551351547, -0.0437469482421875], [0.0, 0.0, 0.0, 1.0]]], "view": [[0.0, -2.0, 100.0], [-2.0, 0.0, 100.0], [0.0, 0.0, 1.0]], "bev": "bev_d0fd7956f0414ea695d6e4f293aab841.png", "aux": "aux_d0fd7956f0414ea695d6e4f293aab841.npz", "visibility": "visibility_d0fd7956f0414ea695d6e4f293aab841.png", "pose": [[0.6493206024169922, -0.7605147957801819, 0.0, 1150.5245361328125], [0.7605147957801819, 0.6493206024169922, 0.0, 873.1322021484375], [0.0, 0.0, 1.0, 0.0], [0.0, 0.0, 0.0, 1.0]], "pose_inverse": [[0.6493206024169922, 0.7605147957801819, 0.0, -1411.0892333984375], [-0.7605147957801819, 0.6493206024169922, 0.0, 308.04815673828125], [0.0, 0.0, 1.0, 0.0], [0.0, 0.0, 0.0, 1.0]], "cam_ids": [0, 1, 2, 3, 4, 5], "cam_channels": ["CAM_FRONT_LEFT", "CAM_FRONT", "CAM_FRONT_RIGHT", "CAM_BACK_LEFT", "CAM_BACK", "CAM_BACK_RIGHT"], "token": "d0fd7956f0414ea695d6e4f293aab841", "scene": "scene-0803"}, {"images": ["samples/CAM_FRONT_LEFT/n008-2018-09-18-15-26-58-0400__CAM_FRONT_LEFT__1537298846154809.jpg", "samples/CAM_FRONT/n008-2018-09-18-15-26-58-0400__CAM_FRONT__1537298846162404.jpg", "samples/CAM_FRONT_RIGHT/n008-2018-09-18-15-26-58-0400__CAM_FRONT_RIGHT__1537298846170482.jpg", "samples/CAM_BACK_LEFT/n008-2018-09-18-15-26-58-0400__CAM_BACK_LEFT__1537298846197405.jpg", "samples/CAM_BACK/n008-2018-09-18-15-26-58-0400__CAM_BACK__1537298846187558.jpg", "samples/CAM_BACK_RIGHT/n008-2018-09-18-15-26-58-0400__CAM_BACK_RIGHT__1537298846178113.jpg"], "intrinsics": [[[1257.8625342125129, 0.0, 827.2410631095686], [0.0, 1257.8625342125129, 450.915498205774], [0.0, 0.0, 1.0]], [[1252.8131021185304, 0.0, 826.588114781398], [0.0, 1252.8131021185304, 469.9846626224581], [0.0, 0.0, 1.0]], [[1256.7485116440405, 0.0, 817.7887570959712], [0.0, 1256.7485116440403, 451.9541780095127], [0.0, 0.0, 1.0]], [[1254.9860565800168, 0.0, 829.5769333630991], [0.0, 1254.9860565800168, 467.1680561863987], [0.0, 0.0, 1.0]], [[796.8910634503094, 0.0, 857.7774326863696], [0.0, 796.8910634503094, 476.8848988407415], [0.0, 0.0, 1.0]], [[1249.9629280788233, 0.0, 825.3768045375984], [0.0, 1249.9629280788233, 462.54816385708756], [0.0, 0.0, 1.0]]], "extrinsics": [[[0.8226660490036011, -0.5684899687767029, -0.006288497243076563, -1.0050048828125], [0.018077805638313293, 0.037212807685136795, -0.9991437792778015, 1.4882926940917969], [0.5682373642921448, 0.8218480944633484, 0.04089077189564705, -1.33343505859375], [0.0, 0.0, 0.0, 1.0]], [[0.010630435310304165, -0.9994028806686401, -0.032877158373594284, 0.005340576171875], [0.02004624344408512, 0.033085405826568604, -0.9992514848709106, 1.4801654815673828], [0.9997424483299255, 0.00996342021971941, 0.0203859843313694, -1.7347412109375], [0.0, 0.0, 0.0, 1.0]], [[-0.8436176180839539, -0.5356833934783936, -0.03677700459957123, 1.090576171875], [0.028079839423298836, 0.02438550442457199, -0.999308168888092, 1.493072509765625], [0.5362096428871155, -0.8440667390823364, -0.005530138500034809, -1.27752685546875], [0.0, 0.0, 0.0, 1.0]], [[0.9477770328521729, 0.3185725808143616, 0.015168001875281334, -1.1441650390625], [0.0027072017546743155, 0.03952088579535484, -0.9992150664329529, 1.5620431900024414], [-0.31892192363739014, 0.9470741152763367, 0.03659455105662346, -0.1558837890625], [0.0, 0.0, 0.0, 1.0]], [[0.008868755772709846, 0.9994469285011292, 0.03204968944191933, -0.02899169921875], [0.004827430006116629, 0.03200778365135193, -0.9994759559631348, 1.5680632591247559], [-0.999949038028717, 0.0090189753100276, -0.004540888126939535, 0.0443115234375], [0.0, 0.0, 0.0, 1.0]], [[-0.9237356185913086, 0.38300082087516785, -0.004774442408233881, 1.16064453125], [0.009031670168042183, 0.009318087249994278, -0.9999157786369324, 1.547811508178711], [-0.38292405009269714, -0.9237009882926941, -0.012066585943102837, -0.043701171875], [0.0, 0.0, 0.0, 1.0]]], "view": [[0.0, -2.0, 100.0], [-2.0, 0.0, 100.0], [0.0, 0.0, 1.0]], "bev": "bev_e56ada07b94e4e00aa4713eee9a257f3.png", "aux": "aux_e56ada07b94e4e00aa4713eee9a257f3.npz", "visibility": "visibility_e56ada07b94e4e00aa4713eee9a257f3.png", "pose": [[0.6492820978164673, -0.7605476379394531, 0.0, 1150.5245361328125], [0.7605476379394531, 0.6492820978164673, 0.0, 873.1322021484375], [0.0, 0.0, 1.0, 0.0], [0.0, 0.0, 0.0, 1.0]], "pose_inverse": [[0.6492820978164673, 0.7605476379394531, 0.0, -1411.0736083984375], [-0.7605476379394531, 0.6492820978164673, 0.0, 308.11962890625], [0.0, 0.0, 1.0, 0.0], [0.0, 0.0, 0.0, 1.0]], "cam_ids": [0, 1, 2, 3, 4, 5], "cam_channels": ["CAM_FRONT_LEFT", "CAM_FRONT", "CAM_FRONT_RIGHT", "CAM_BACK_LEFT", "CAM_BACK", "CAM_BACK_RIGHT"], "token": "e56ada07b94e4e00aa4713eee9a257f3", "scene": "scene-0803"}, {"images": ["samples/CAM_FRONT_LEFT/n008-2018-09-18-15-26-58-0400__CAM_FRONT_LEFT__1537298846604799.jpg", "samples/CAM_FRONT/n008-2018-09-18-15-26-58-0400__CAM_FRONT__1537298846612411.jpg", "samples/CAM_FRONT_RIGHT/n008-2018-09-18-15-26-58-0400__CAM_FRONT_RIGHT__1537298846620482.jpg", "samples/CAM_BACK_LEFT/n008-2018-09-18-15-26-58-0400__CAM_BACK_LEFT__1537298846647405.jpg", "samples/CAM_BACK/n008-2018-09-18-15-26-58-0400__CAM_BACK__1537298846637558.jpg", "samples/CAM_BACK_RIGHT/n008-2018-09-18-15-26-58-0400__CAM_BACK_RIGHT__1537298846628113.jpg"], "intrinsics": [[[1257.8625342125129, 0.0, 827.2410631095686], [0.0, 1257.8625342125129, 450.915498205774], [0.0, 0.0, 1.0]], [[1252.8131021185304, 0.0, 826.588114781398], [0.0, 1252.8131021185304, 469.9846626224581], [0.0, 0.0, 1.0]], [[1256.7485116440405, 0.0, 817.7887570959712], [0.0, 1256.7485116440403, 451.9541780095127], [0.0, 0.0, 1.0]], [[1254.9860565800168, 0.0, 829.5769333630991], [0.0, 1254.9860565800168, 467.1680561863987], [0.0, 0.0, 1.0]], [[796.8910634503094, 0.0, 857.7774326863696], [0.0, 796.8910634503094, 476.8848988407415], [0.0, 0.0, 1.0]], [[1249.9629280788233, 0.0, 825.3768045375984], [0.0, 1249.9629280788233, 462.54816385708756], [0.0, 0.0, 1.0]]], "extrinsics": [[[0.8226372599601746, -0.5685295462608337, -0.0064824665896594524, -1.005126953125], [0.017835495993494987, 0.037199635058641434, -0.9991486668586731, 1.4882926940917969], [0.5682867765426636, 0.8218214511871338, 0.04074181616306305, -1.333251953125], [0.0, 0.0, 0.0, 1.0]], [[0.010577053762972355, -0.999403178691864, -0.032884202897548676, 0.005401611328125], [0.01975673995912075, 0.03308849036693573, -0.9992571473121643, 1.4801673889160156], [0.9997488260269165, 0.009919431060552597, 0.02009492740035057, -1.7347412109375], [0.0, 0.0, 0.0, 1.0]], [[-0.8436481952667236, -0.5356543660163879, -0.03649945929646492, 1.0904541015625], [0.02774246595799923, 0.024399423971772194, -0.9993172883987427, 1.4930706024169922], [0.53617924451828, -0.8440847396850586, -0.005724156275391579, -1.277587890625], [0.0, 0.0, 0.0, 1.0]], [[0.9477822184562683, 0.31857553124427795, 0.014780478551983833, -1.14404296875], [0.0022801856976002455, 0.039575353264808655, -0.9992139935493469, 1.5620450973510742], [-0.318910151720047, 0.9470710158348083, 0.0367824025452137, -0.156005859375], [0.0, 0.0, 0.0, 1.0]], [[0.008890153840184212, 0.9994456768035889, 0.03208545595407486, -0.028900146484375], [0.00441457936540246, 0.03204718604683876, -0.9994765520095825, 1.5680618286132812], [-0.9999507665634155, 0.009027204476296902, -0.0041272263042628765, 0.044189453125], [0.0, 0.0, 0