[{"images": ["samples/CAM_FRONT_LEFT/n008-2018-08-21-11-53-44-0400__CAM_FRONT_LEFT__1534867229904799.jpg", "samples/CAM_FRONT/n008-2018-08-21-11-53-44-0400__CAM_FRONT__1534867229912404.jpg", "samples/CAM_FRONT_RIGHT/n008-2018-08-21-11-53-44-0400__CAM_FRONT_RIGHT__1534867229920482.jpg", "samples/CAM_BACK_LEFT/n008-2018-08-21-11-53-44-0400__CAM_BACK_LEFT__1534867229947405.jpg", "samples/CAM_BACK/n008-2018-08-21-11-53-44-0400__CAM_BACK__1534867229937558.jpg", "samples/CAM_BACK_RIGHT/n008-2018-08-21-11-53-44-0400__CAM_BACK_RIGHT__1534867229928113.jpg"], "intrinsics": [[[1257.8625342125129, 0.0, 827.2410631095686], [0.0, 1257.8625342125129, 450.915498205774], [0.0, 0.0, 1.0]], [[1252.8131021185304, 0.0, 826.588114781398], [0.0, 1252.8131021185304, 469.9846626224581], [0.0, 0.0, 1.0]], [[1256.7485116440405, 0.0, 817.7887570959712], [0.0, 1256.7485116440403, 451.9541780095127], [0.0, 0.0, 1.0]], [[1254.9860565800168, 0.0, 829.5769333630991], [0.0, 1254.9860565800168, 467.1680561863987], [0.0, 0.0, 1.0]], [[796.8910634503094, 0.0, 857.7774326863696], [0.0, 796.8910634503094, 476.8848988407415], [0.0, 0.0, 1.0]], [[1249.9629280788233, 0.0, 825.3768045375984], [0.0, 1249.9629280788233, 462.54816385708756], [0.0, 0.0, 1.0]]], "extrinsics": [[[0.8228978514671326, -0.5679783225059509, -0.01548678707331419, -0.698974609375], [0.0027014524675905704, 0.031167086213827133, -0.9995105266571045, 1.4892768859863281], [0.5681830048561096, 0.8224532604217529, 0.02718169428408146, -1.122802734375], [0.0, 0.0, 0.0, 1.0]], [[0.010807766579091549, -0.9995788335800171, -0.026933440938591957, 0.0093994140625], [0.004738313145935535, 0.026985906064510345, -0.9996246099472046, 1.4816017150878906], [0.9999303817749023, 0.010676071047782898, 0.0050279744900763035, -1.4278488159179688], [0.0, 0.0, 0.0, 1.0]], [[-0.8437880277633667, -0.5362802743911743, -0.02062186971306801, 0.887939453125], [0.012850459665060043, 0.018224945291876793, -0.9997512698173523, 1.49615478515625], [0.5365228056907654, -0.8438432812690735, -0.008486543782055378, -1.1480712890625], [0.0, 0.0, 0.0, 1.0]], [[0.9478738307952881, 0.3186434209346771, -0.0012953096302226186, -1.1251220703125], [-0.012482933700084686, 0.033070653676986694, -0.99937504529953, 1.5617942810058594], [-0.3184014558792114, 0.9472976326942444, 0.03532440960407257, -0.1624755859375], [0.0, 0.0, 0.0, 1.0]], [[0.009101460687816143, 0.9996312856674194, 0.025585073977708817, -0.028076171875], [-0.010228832252323627, 0.025677865371108055, -0.9996179342269897, 1.5670280456542969], [-0.9999063611030579, 0.008836173452436924, 0.010458764620125294, -0.05591773986816406], [0.0, 0.0, 0.0, 1.0]], [[-0.9238602519035339, 0.3826678693294525, 0.006905258167535067, 0.9962158203125], [-0.006198287010192871, 0.00308032613247633, -0.9999760389328003, 1.5467095375061035], [-0.3826799690723419, -0.9238808155059814, -0.00047390477266162634, -0.111328125], [0.0, 0.0, 0.0, 1.0]]], "view": [[0.0, -2.0, 100.0], [-2.0, 0.0, 100.0], [0.0, 0.0, 1.0]], "bev": "bev_b933189061454f71a78fbf9ec9b10da9.png", "aux": "aux_b933189061454f71a78fbf9ec9b10da9.npz", "visibility": "visibility_b933189061454f71a78fbf9ec9b10da9.png", "pose": [[-0.8600596785545349, -0.5101934671401978, 0.0, 850.7865600585938], [0.5101934671401978, -0.8600596785545349, 0.0, 1358.1751708984375], [0.0, 0.0, 1.0, 0.0], [0.0, 0.0, 0.0, 1.0]], "pose_inverse": [[-0.8600596785545349, 0.5101934671401978, 0.0, 38.79510498046875], [-0.5101934671401978, -0.8600596785545349, 0.0, 1602.1773681640625], [0.0, 0.0, 1.0, 0.0], [0.0, 0.0, 0.0, 1.0]], "cam_ids": [0, 1, 2, 3, 4, 5], "cam_channels": ["CAM_FRONT_LEFT", "CAM_FRONT", "CAM_FRONT_RIGHT", "CAM_BACK_LEFT", "CAM_BACK", "CAM_BACK_RIGHT"], "token": "b933189061454f71a78fbf9ec9b10da9", "scene": "scene-0246"}, {"images": ["samples/CAM_FRONT_LEFT/n008-2018-08-21-11-53-44-0400__CAM_FRONT_LEFT__1534867230354899.jpg", "samples/CAM_FRONT/n008-2018-08-21-11-53-44-0400__CAM_FRONT__1534867230362404.jpg", "samples/CAM_FRONT_RIGHT/n008-2018-08-21-11-53-44-0400__CAM_FRONT_RIGHT__1534867230370482.jpg", "samples/CAM_BACK_LEFT/n008-2018-08-21-11-53-44-0400__CAM_BACK_LEFT__1534867230397405.jpg", "samples/CAM_BACK/n008-2018-08-21-11-53-44-0400__CAM_BACK__1534867230387558.jpg", "samples/CAM_BACK_RIGHT/n008-2018-08-21-11-53-44-0400__CAM_BACK_RIGHT__1534867230378113.jpg"], "intrinsics": [[[1257.8625342125129, 0.0, 827.2410631095686], [0.0, 1257.8625342125129, 450.915498205774], [0.0, 0.0, 1.0]], [[1252.8131021185304, 0.0, 826.588114781398], [0.0, 1252.8131021185304, 469.9846626224581], [0.0, 0.0, 1.0]], [[1256.7485116440405, 0.0, 817.7887570959712], [0.0, 1256.7485116440403, 451.9541780095127], [0.0, 0.0, 1.0]], [[1254.9860565800168, 0.0, 829.5769333630991], [0.0, 1254.9860565800168, 467.1680561863987], [0.0, 0.0, 1.0]], [[796.8910634503094, 0.0, 857.7774326863696], [0.0, 796.8910634503094, 476.8848988407415], [0.0, 0.0, 1.0]], [[1249.9629280788233, 0.0, 825.3768045375984], [0.0, 1249.9629280788233, 462.54816385708756], [0.0, 0.0, 1.0]]], "extrinsics": [[[0.8224142789840698, -0.5687082409858704, -0.014345399104058743, -0.67974853515625], [0.0014303246280178428, 0.027283519506454468, -0.9996266961097717, 1.4887275695800781], [0.5688874125480652, 0.822086751461029, 0.023251792415976524, -1.1141357421875], [0.0, 0.0, 0.0, 1.0]], [[0.01006988063454628, -0.9996824860572815, -0.023099033161997795, 0.012451171875], [0.0031232580076903105, 0.023131534457206726, -0.9997276067733765, 1.4811019897460938], [0.9999443292617798, 0.009994945488870144, 0.0033551992382854223, -1.4071884155273438], [0.0, 0.0, 0.0, 1.0]], [[-0.844089150428772, -0.5359327793121338, -0.017012756317853928, 0.87451171875], [0.01102243922650814, 0.01437874510884285, -0.9998358488082886, 1.4958763122558594], [0.5360894203186035, -0.8441381454467773, -0.0062296586111187935, -1.13720703125], [0.0, 0.0, 0.0, 1.0]], [[0.9478651881217957, 0.31865060329437256, -0.003650732571259141, -1.12335205078125], [-0.013690359890460968, 0.029272787272930145, -0.999477744102478, 1.5617408752441406], [-0.3183773458003998, 0.947420060634613, 0.0321091003715992, -0.163330078125], [0.0, 0.0, 0.0, 1.0]], [[0.009322199039161205, 0.9997205138206482, 0.021727442741394043, -0.029052734375], [-0.012054799124598503, 0.021839164197444916, -0.9996888041496277, 1.5667304992675781], [-0.9998838901519775, 0.009057438932359219, 0.012255020439624786, -0.06380271911621094], [0.0, 0.0, 0.0, 1.0]], [[-0.9237121939659119, 0.38302314281463623, 0.006989782676100731, 0.98370361328125], [-0.007888020016252995, -0.0007746202754788101, -0.9999685883522034, 1.5463060140609741], [-0.3830057382583618, -0.9237383604049683, 0.00373681983910501, -0.114990234375], [0.0, 0.0, 0.0, 1.0]]], "view": [[0.0, -2.0, 100.0], [-2.0, 0.0, 100.0], [0.0, 0.0, 1.0]], "bev": "bev_fa1dd3e957a242aebdeda5f110b11b72.png", "aux": "aux_fa1dd3e957a242aebdeda5f110b11b72.npz", "visibility": "visibility_fa1dd3e957a242aebdeda5f110b11b72.png", "pose": [[-0.8600325584411621, -0.5102391242980957, 0.0, 847.5303344726562], [0.5102391242980957, -0.8600325584411621, 0.0, 1360.135009765625], [0.0, 0.0, 1.0, 0.0], [0.0, 0.0, 0.0, 1.0]], "pose_inverse": [[-0.8600325584411621, 0.5102391242980957, 0.0, 34.90960693359375], [-0.5102391242980957, -0.8600325584411621, 0.0, 1602.20361328125], [0.0, 0.0, 1.0, 0.0], [0.0, 0.0, 0.0, 1.0]], "cam_ids": [0, 1, 2, 3, 4, 5], "cam_channels": ["CAM_FRONT_LEFT", "CAM_FRONT", "CAM_FRONT_RIGHT", "CAM_BACK_LEFT", "CAM_BACK", "CAM_BACK_RIGHT"], "token": "fa1dd3e957a242aebdeda5f110b11b72", "scene": "scene-0246"}, {"images": ["samples/CAM_FRONT_LEFT/n008-2018-08-21-11-53-44-0400__CAM_FRONT_LEFT__1534867230854799.jpg", "samples/CAM_FRONT/n008-2018-08-21-11-53-44-0400__CAM_FRONT__1534867230862404.jpg", "samples/CAM_FRONT_RIGHT/n008-2018-08-21-11-53-44-0400__CAM_FRONT_RIGHT__1534867230870482.jpg", "samples/CAM_BACK_LEFT/n008-2018-08-21-11-53-44-0400__CAM_BACK_LEFT__1534867230897405.jpg", "samples/CAM_BACK/n008-2018-08-21-11-53-44-0400__CAM_BACK__1534867230887558.jpg", "samples/CAM_BACK_RIGHT/n008-2018-08-21-11-53-44-0400__CAM_BACK_RIGHT__1534867230878113.jpg"], "intrinsics": [[[1257.8625342125129, 0.0, 827.2410631095686], [0.0, 1257.8625342125129, 450.915498205774], [0.0, 0.0, 1.0]], [[1252.8131021185304, 0.0, 826.588114781398], [0.0, 1252.8131021185304, 469.9846626224581], [0.0, 0.0, 1.0]], [[1256.7485116440405, 0.0, 817.7887570959712], [0.0, 1256.7485116440403, 451.9541780095127], [0.0, 0.0, 1.0]], [[1254.9860565800168, 0.0, 829.5769333630991], [0.0, 1254.9860565800168, 467.1680561863987], [0.0, 0.0, 1.0]], [[796.8910634503094, 0.0, 857.7774326863696], [0.0, 796.8910634503094, 476.8848988407415], [0.0, 0.0, 1.0]], [[1249.9629280788233, 0.0, 825.3768045375984], [0.0, 1249.9629280788233, 462.54816385708756], [0.0, 0.0, 1.0]]], "extrinsics": [[[0.8223147392272949, -0.5688925981521606, -0.01264194119721651, -0.70172119140625], [0.0032161094713956118, 0.02686266042292118, -0.9996339678764343, 1.4893531799316406], [0.5690239071846008, 0.8219730854034424, 0.023919180035591125, -1.1287841796875], [0.0, 0.0, 0.0, 1.0]], [[0.00994324404746294, -0.9996933341026306, -0.02268284372985363, 0.0120849609375], [0.00547278905287385, 0.022738032042980194, -0.9997264742851257, 1.4817390441894531], [0.9999355673789978, 0.009816362522542477, 0.005697198212146759, -1.4315223693847656], [0.0, 0.0, 0.0, 1.0]], [[-0.8441197276115417, -0.5358192324638367, -0.018965834751725197, 0.8924560546875], [0.013561156578361988, 0.014025231823325157, -0.9998096823692322, 1.4962387084960938], [0.5359832048416138, -0.8442162871360779, -0.004572648089379072, -1.148193359375], [0.0, 0.0, 0.0, 1.0]], [[0.9478775262832642, 0.3186276853084564, -0.0021831721533089876, -1.125732421875], [-0.012040694244205952, 0.02897113561630249, -0.9995077252388, 1.561798095703125], [-0.3184075951576233, 0.9474371671676636, 0.031297583132982254, -0.1627197265625], [0.0, 0.0, 0.0, 1.0]], [[0.009333398193120956, 0.9997266530990601, 0.021436912938952446, -0.0289306640625], [-0.00949501246213913, 0.021525485441088676, -0.9997231960296631, 1.5670967102050781], [-0.9999114274978638, 0.009127276949584484, 0.009693322703242302, -0.05441856384277344], [0.0, 0.0, 0.0, 1.0]], [[-0.9236834049224854, 0.3831256031990051, 0.004862970672547817, 0.99822998046875], [-0.005708951968699694, -0.0010711255017668009, -0.9999831318855286, 1.546813726425171], [-0.38311395049095154, -0.9236956238746643, 0.003176626982167363, -0.10888671875], [0.0, 0.0, 0.0, 1.0]]], "view": [[0.0, -2.0, 100.0], [-2.0, 0.0, 100.0], [0.0, 0.0, 1.0]], "bev": "bev_f3ba86aaa6864700a5ac9e4d655dea43.png", "aux": "aux_f3ba86aaa6864700a5ac9e4d655dea43.npz", "visibility": "visibility_f3ba86aaa6864700a5ac9e4d655dea43.png", "pose": [[-0.8609039783477783, -0.5087675452232361, 0.0, 843.9674682617188], [0.5087675452232361, -0.8609039783477783, 0.0, 1362.3011474609375], [0.0, 0.0, 1.0, 0.0], [0.0, 0.0, 0.0, 1.0]], "pose_inverse": [[-0.8609039783477783, 0.5087675452232361, 0.0, 33.480350494384766], [-0.5087675452232361, -0.8609039783477783, 0.0, 1602.1937255859375], [0.0, 0.0, 1.0, 0.0], [0.0, 0.0, 0.0, 1.0]], "cam_ids": [0, 1, 2, 3, 4, 5], "cam_channels": ["CAM_FRONT_LEFT", "CAM_FRONT", "CAM_FRONT_RIGHT", "CAM_BACK_LEFT", "CAM_BACK", "CAM_BACK_RIGHT"], "token": "f3ba86aaa6864700a5ac9e4d655dea43", "scene": "scene-0246"}, {"images": ["samples/CAM_FRONT_LEFT/n008-2018-08-21-11-53-44-0400__CAM_FRONT_LEFT__1534867231254799.jpg", "samples/CAM_FRONT/n008-2018-08-21-11-53-44-0400__CAM_FRONT__1534867231262404.jpg", "samples/CAM_FRONT_RIGHT/n008-2018-08-21-11-53-44-0400__CAM_FRONT_RIGHT__1534867231270482.jpg", "samples/CAM_BACK_LEFT/n008-2018-08-21-11-53-44-0400__CAM_BACK_LEFT__1534867231297405.jpg", "samples/CAM_BACK/n008-2018-08-21-11-53-44-0400__CAM_BACK__1534867231287558.jpg", "samples/CAM_BACK_RIGHT/n008-2018-08-21-11-53-44-0400__CAM_BACK_RIGHT__1534867231278113.jpg"], "intrinsics": [[[1257.8625342125129, 0.0, 827.2410631095686], [0.0, 1257.8625342125129, 450.915498205774], [0.0, 0.0, 1.0]], [[1252.8131021185304, 0.0, 826.588114781398], [0.0, 1252.8131021185304, 469.9846626224581], [0.0, 0.0, 1.0]], [[1256.7485116440405, 0.0, 817.7887570959712], [0.0, 1256.7485116440403, 451.9541780095127], [0.0, 0.0, 1.0]], [[1254.9860565800168, 0.0, 829.5769333630991], [0.0, 1254.9860565800168, 467.1680561863987], [0.0, 0.0, 1.0]], [[796.8910634503094, 0.0, 857.7774326863696], [0.0, 796.8910634503094, 476.8848988407415], [0.0, 0.0, 1.0]], [[1249.9629280788233, 0.0, 825.3768045375984], [0.0, 1249.9629280788233, 462.54816385708756], [0.0, 0.0, 1.0]]], "extrinsics": [[[0.8224232196807861, -0.5687869787216187, -0.010071273893117905, -0.7122802734375], [0.003979732282459736, 0.023455966264009476, -0.9997169971466064, 1.489654541015625], [0.5688621997833252, 0.8221503496170044, 0.02155435085296631, -1.133544921875], [0.0, 0.0, 0.0, 1.0]], [[0.010005677118897438, -0.9997642040252686, -0.019274462014436722, 0.01025390625], [0.005924557335674763, 0.01933436095714569, -0.9997955560684204, 1.48187255859375], [0.9999324083328247, 0.009889441542327404, 0.006116613280028105, -1.4402008056640625], [0.0, 0.0, 0.0, 1.0]], [[-0.8441541790962219, -0.5358158946037292, -0.01746615767478943, 0.89654541015625], [0.013928589411079884, 0.010648423805832863, -0.9998462796211243, 1.4962749481201172], [0.5359195470809937, -0.844267725944519, -0.0015257520135492086, -1.152587890625], [0.0, 0.0, 0.0, 1.0]], [[0.9478753805160522, 0.31862935423851013, -0.002771073719486594, -1.12786865234375], [-0.011558596044778824, 0.025691717863082886, -0.9996030926704407, 1.5618438720703125], [-0.31843167543411255, 0.9475311636924744, 0.02803545445203781, -0.16162109375], [0.0, 0.0, 0.0, 1.0]], [[0.009359894320368767, 0.9997904896736145, 0.018206128850579262, -0.0283203125], [-0.009406065568327904, 0.01829415000975132, -0.9997883439064026, 1.5671558380126953], [-0.9999119639396667, 0.009186632931232452, 0.00957532599568367, -0.050708770751953125], [0.0, 0.0, 0.0, 1.0]], [[-0.9236634373664856, 0.3831925690174103, 0.003056418616324663, 1.00299072265625], [-0.005127762444317341, -0.004384161904454231, -0.9999772310256958, 1.5469436645507812], [-0.38317036628723145, -0.923658013343811, 0.0060144104063510895, -0.10791015625], [0.0, 0.0, 0.0, 1.0]]], "view": [[0.0, -2.0, 100.0], [-2.0, 0.0, 100.0], [0.0, 0.0, 1.0]], "bev": "bev_1bc6067c54234432b668d5da05239f5f.png", "aux": "aux_1bc6067c54234432b668d5da05239f5f.npz", "visibility": "visibility_1bc6067c54234432b668d5da05239f5f.png", "pose": [[-0.8620909452438354, -0.5067536234855652, 0.0, 841.2394409179688], [0.5067536234855652, -0.8620909452438354, 0.0, 1363.93896484375], [0.0, 0.0, 1.0, 0.0], [0.0, 0.0, 0.0, 1.0]], "pose_inverse": [[-0.8620909452438354, 0.5067536234855652, 0.0, 34.043888092041016], [-0.5067536234855652, -0.8620909452438354, 0.0, 1602.1405029296875], [0.0, 0.0, 1.0, 0.0], [0.0, 0.0, 0.0, 1.0]], "cam_ids": [0, 1, 2, 3, 4, 5], "cam_channels": ["CAM_FRONT_LEFT", "CAM_FRONT", "CAM_FRONT_RIGHT", "CAM_BACK_LEFT", "CAM_BACK", "CAM_BACK_RIGHT"], "token": "1bc6067c54234432b668d5da05239f5f", "scene": "scene-0246"}, {"images": ["samples/CAM_FRONT_LEFT/n008-2018-08-21-11-53-44-0400__CAM_FRONT_LEFT__1534867231754839.jpg", "samples/CAM_FRONT/n008-2018-08-21-11-53-44-0400__CAM_FRONT__1534867231762404.jpg", "samples/CAM_FRONT_RIGHT/n008-2018-08-21-11-53-44-0400__CAM_FRONT_RIGHT__1534867231770482.jpg", "samples/CAM_BACK_LEFT/n008-2018-08-21-11-53-44-0400__CAM_BACK_LEFT__1534867231797405.jpg", "samples/CAM_BACK/n008-2018-08-21-11-53-44-0400__CAM_BACK__1534867231787558.jpg", "samples/CAM_BACK_RIGHT/n008-2018-08-21-11-53-44-0400__CAM_BACK_RIGHT__1534867231778113.jpg"], "intrinsics": [[[1257.8625342125129, 0.0, 827.2410631095686], [0.0, 1257.8625342125129, 450.915498205774], [0.0, 0.0, 1.0]], [[1252.8131021185304, 0.0, 826.588114781398], [0.0, 1252.8131021185304, 469.9846626224581], [0.0, 0.0, 1.0]], [[1256.7485116440405, 0.0, 817.7887570959712], [0.0, 1256.7485116440403, 451.9541780095127], [0.0, 0.0, 1.0]], [[1254.9860565800168, 0.0, 829.5769333630991], [0.0, 1254.9860565800168, 467.1680561863987], [0.0, 0.0, 1.0]], [[796.8910634503094, 0.0, 857.7774326863696], [0.0, 796.8910634503094, 476.8848988407415], [0.0, 0.0, 1.0]], [[1249.9629280788233, 0.0, 825.3768045375984], [0.0, 1249.9629280788233, 462.54816385708756], [0.0, 0.0, 1.0]]], "extrinsics": [[[0.8219056129455566, -0.5694530010223389, -0.0139474431052804, -0.71728515625], [0.0010228626197203994, 0.025960760191082954, -0.999662458896637, 1.4886054992675781], [0.5696227550506592, 0.8216139078140259, 0.021919766440987587, -1.1363525390625], [0.0, 0.0, 0.0, 1.0]], [[0.009307700209319592, -0.9997172355651855, -0.021881159394979477, 0.0096435546875], [0.002872667508199811, 0.021908752620220184, -0.999755859375, 1.4809646606445312], [0.9999525547027588, 0.009242582134902477, 0.003075776621699333, -1.4449310302734375], [0.0, 0.0, 0.0, 1.0]], [[-0.8444254398345947, -0.535423219203949, -0.016361156478524208, 0.89990234375], [0.010867892764508724, 0.013412929140031338, -0.9998509287834167, 1.4955196380615234], [0.5355629324913025, -0.8444774150848389, -0.005507297348231077, -1.1553955078125], [0.0, 0.0, 0.0, 1.0]], [[0.947880208492279, 0.318596214056015, -0.004437371622771025, -1.12890625], [-0.014525826089084148, 0.029296468943357468, -0.9994652271270752, 1.5618095397949219], [-0.31829580664634705, 0.9474377036094666, 0.03239741548895836, -0.161376953125], [0.0, 0.0, 0.0, 1.0]], [[0.009574977681040764, 0.9997243881225586, 0.02143288031220436, -0.0281982421875], [-0.012157974764704704, 0.021548667922616005, -0.9996938705444336, 1.566925048828125], [-0.9998801946640015, 0.009311401285231113, 0.012360951863229275, -0.04861640930175781], [0.0, 0.0, 0.0, 1.0]], [[-0.9235339164733887, 0.38345038890838623, 0.007140248082578182, 1.00634765625], [-0.00829330924898386, -0.0013539071660488844, -0.999964714050293, 1.5464277267456055], [-0.3834272027015686, -0.9235605001449585, 0.004430452361702919, -0.1070556640625], [0.0, 0.0, 0.0, 1.0]]], "view": [[0.0, -2.0, 100.0], [-2.0, 0.0, 100.0], [0.0, 0.0, 1.0]], "bev": "bev_8c493567920b412f9488ac9a73f1a316.png", "aux": "aux_8c493567920b412f9488ac9a73f1a316.npz", "visibility": "visibility_8c493567920b412f9488ac9a73f1a316.png", "pose": [[-0.8658548593521118, -0.5002952814102173, 0.0, 837.8551635742188], [0.5002952814102173, -0.8658548593521118, 0.0, 1365.9534912109375], [0.0, 0.0, 1.0, 0.0], [0.0, 0.0, 0.0, 1.0]], "pose_inverse": [[-0.8658548593521118, 0.5002952814102173, 0.0, 42.08088684082031], [-0.5002952814102173, -0.8658548593521118, 0.0, 1601.8924560546875], [0.0, 0.0, 1.0, 0.0], [0.0, 0.0, 0.0, 1.0]], "cam_ids": [0, 1, 2, 3, 4, 5], "cam_channels": ["CAM_FRONT_LEFT", "CAM_FRONT", "CAM_FRONT_RIGHT", "CAM_BACK_LEFT", "CAM_BACK", "CAM_BACK_RIGHT"], "token": "8c493567920b412f9488ac9a73f1a316", "scene": "scene-0246"}, {"images": ["samples/CAM_FRONT_LEFT/n008-2018-08-21-11-53-44-0400__CAM_FRONT_LEFT__1534867232254799.jpg", "samples/CAM_FRONT/n008-2018-08-21-11-53-44-0400__CAM_FRONT__1534867232262404.jpg", "samples/CAM_FRONT_RIGHT/n008-2018-08-21-11-53-44-0400__CAM_FRONT_RIGHT__1534867232270482.jpg", "samples/CAM_BACK_LEFT/n008-2018-08-21-11-53-44-0400__CAM_BACK_LEFT__1534867232297405.jpg", "samples/CAM_BACK/n008-2018-08-21-11-53-44-0400__CAM_BACK__1534867232287558.jpg", "samples/CAM_BACK_RIGHT/n008-2018-08-21-11-53-44-0400__CAM_BACK_RIGHT__1534867232278113.jpg"], "intrinsics": [[[1257.8625342125129, 0.0, 827.2410631095686], [0.0, 1257.8625342125129, 450.915498205774], [0.0, 0.0, 1.0]], [[1252.8131021185304, 0.0, 826.588114781398], [0.0, 1252.8131021185304, 469.9846626224581], [0.0, 0.0, 1.0]], [[1256.7485116440405, 0.0, 817.7887570959712], [0.0, 1256.7485116440403, 451.9541780095127], [0.0, 0.0, 1.0]], [[1254.9860565800168, 0.0, 829.5769333630991], [0.0, 1254.9860565800168, 467.1680561863987], [0.0, 0.0, 1.0]], [[796.8910634503094, 0.0, 857.7774326863696], [0.0, 796.8910634503094, 476.8848988407415], [0.0, 0.0, 1.0]], [[1249.9629280788233, 0.0, 825.3768045375984], [0.0, 1249.9629280788233, 462.54816385708756], [0.0, 0.0, 1.0]]], "extrinsics": [[[0.8221464157104492, -0.5686668157577515, -0.026335204020142555, -0.7237548828125], [-0.01531223300844431, 0.024153929203748703, -0.9995909333229065, 1.4830245971679688], [0.5690702795982361, 0.822213351726532, 0.01115050632506609, -1.1416015625], [0.0, 0.0, 0.0, 1.0]], [[0.009902103804051876, -0.999750554561615, -0.020019227638840675, 0.0106201171875], [-0.013008935377001762, 0.019889719784259796, -0.9997175931930542, 1.4764461517333984], [0.9998663067817688, 0.010159767232835293, -0.012808737345039845, -1.452880859375], [0.0, 0.0, 0.0, 1.0]], [[-0.8441129922866821, -0.5361612439155579, -0.0020962839480489492, 0.9061279296875], [-0.0045648678205907345, 0.011096281930804253, -0.9999279975891113, 1.492044448852539], [0.5361459255218506, -0.8440426588058472, -0.011814022436738014, -1.157958984375], [0.0, 0.0, 0.0, 1.0]], [[0.9476342797279358, 0.3187998831272125, -0.018869725987315178, -1.1302490234375], [-0.028712421655654907, 0.026202669367194176, -0.999244213104248, 1.5616264343261719], [-0.31806451082229614, 0.9474598169326782, 0.03398406505584717, -0.1607666015625], [0.0, 0.0, 0.0, 1.0]], [[0.009403173811733723, 0.9997867941856384, 0.01838293857872486, -0.02880859375], [-0.026843775063753128, 0.018629511818289757, -0.9994660019874573, 1.5656414031982422], [-0.9995954036712646, 0.008904621936380863, 0.027013227343559265, -0.045200347900390625], [0.0, 0.0, 0.0, 1.0]], [[-0.9235967993736267, 0.38285982608795166, 0.01968352310359478, 1.0108642578125], [-0.02298285998404026, -0.00404516514390707, -0.9997276663780212, 1.5441045761108398], [-0.3826759457588196, -0.9237975478172302, 0.012535314075648785, -0.104248046875], [0.0, 0.0, 0.0, 1.0]]], "view": [[0.0, -2.0, 100.0], [-2.0, 0.0, 100.0], [0.0, 0.0, 1.0]], "bev": "bev_8a05f4952ae14fa3aab136f2be28ebe9.png", "aux": "aux_8a05f4952ae14fa3aab136f2be28ebe9.npz", "visibility": "visibility_8a05f4952ae14fa3aab136f2be28ebe9.png", "pose": [[-0.869863748550415, -0.49329209327697754, 0.0, 834.5404052734375], [0.49329209327697754, -0.869863748550415, 0.0, 1367.8748779296875], [0.0, 0.0, 1.0, 0.0], [0.0, 0.0, 0.0, 1.0]], "pose_inverse": [[-0.869863748550415, 0.49329209327697754, 0.0, 51.17456817626953], [-0.49329209327697754, -0.869863748550415, 0.0, 1601.5369873046875], [0.0, 0.0, 1.0, 0.0], [0.0, 0.0, 0.0, 1.0]], "cam_ids": [0, 1, 2, 3, 4, 5], "cam_channels": ["CAM_FRONT_LEFT", "CAM_FRONT", "CAM_FRONT_RIGHT", "CAM_BACK_LEFT", "CAM_BACK", "CAM_BACK_RIGHT"], "token": "8a05f4952ae14fa3aab136f2be28ebe9", "scene": "scene-0246"}, {"images": ["samples/CAM_FRONT_LEFT/n008-2018-08-21-11-53-44-0400__CAM_FRONT_LEFT__1534867232754799.jpg", "samples/CAM_FRONT/n008-2018-08-21-11-53-44-0400__CAM_FRONT__1534867232762404.jpg", "samples/CAM_FRONT_RIGHT/n008-2018-08-21-11-53-44-0400__CAM_FRONT_RIGHT__1534867232770482.jpg", "samples/CAM_BACK_LEFT/n008-2018-08-21-11-53-44-0400__CAM_BACK_LEFT__1534867232797405.jpg", "samples/CAM_BACK/n008-2018-08-21-11-53-44-0400__CAM_BACK__1534867232787562.jpg", "samples/CAM_BACK_RIGHT/n008-2018-08-21-11-53-44-0400__CAM_BACK_RIGHT__1534867232778113.jpg"], "intrinsics": [[[1257.8625342125129, 0.0, 827.2410631095686], [0.0, 1257.8625342125129, 450.915498205774], [0.0, 0.0, 1.0]], [[1252.8131021185304, 0.0, 826.588114781398], [0.0, 1252.8131021185304, 469.9846626224581], [0.0, 0.0, 1.0]], [[1256.7485116440405, 0.0, 817.7887570959712], [0.0, 1256.7485116440403, 451.9541780095127], [0.0, 0.0, 1.0]], [[1254.9860565800168, 0.0, 829.5769333630991], [0.0, 1254.9860565800168, 467.1680561863987], [0.0, 0.0, 1.0]], [[796.8910634503094, 0.0, 857.7774326863696], [0.0, 796.8910634503094, 476.8848988407415], [0.0, 0.0, 1.0]], [[1249.9629280788233, 0.0, 825.3768045375984], [0.0, 1249.9629280788233, 462.54816385708756], [0.0, 0.0, 1.0]]], "extrinsics": [[[0.8227992653846741, -0.5678330659866333, -0.023812053725123405, -0.73431396484375], [-0.01562260277569294, 0.01928463578224182, -0.9996919631958008, 1.4831199645996094], [0.5681173801422119, 0.8229177594184875, 0.006996351294219494, -1.15087890625], [0.0, 0.0, 0.0, 1.0]], [[0.010873229242861271, -0.9998230934143066, -0.01534799113869667, 0.0115966796875], [-0.012768986634910107, 0.015208814293146133, -0.9998027682304382, 1.476654052734375], [0.9998593330383301, 0.01106710359454155, -0.012601358816027641, -1.4637298583984375], [0.0, 0.0, 0.0, 1.0]], [[-0.8437044620513916, -0.5368078351020813, -0.00037330627674236894, 0.9132080078125], [-0.0037792488001286983, 0.006635266821831465, -0.9999708533287048, 1.492253303527832], [0.5367946624755859, -0.8436784744262695, -0.0076269349083304405, -1.1612548828125], [0.0, 0.0, 0.0, 1.0]], [[0.9476526379585266, 0.31881609559059143, -0.01762830652296543, -1.128173828125], [-0.02625235542654991, 0.02277318574488163, -0.9993959069252014, 1.5615921020507812], [-0.3182220757007599, 0.9475429654121399, 0.029950745403766632, -0.161865234375], [0.0, 0.0, 0.0, 1.0]], [[0.009062327444553375, 0.9998528361320496, 0.01456558145582676, -0.0291748046875], [-0.02521800622344017, 0.01479006465524435, -0.9995725154876709, 1.5658206939697266], [-0.9996408820152283, 0.008691145107150078, 0.025348329916596413, -0.04387474060058594], [0.0, 0.0, 0.0, 1.0]], [[-0.9238321185112, 0.3824148178100586, 0.01712082512676716, 1.01495361328125], [-0.021937675774097443, -0.008238709531724453, -0.9997254014015198, 1.5443925857543945], [-0.3821687400341034, -0.9239540100097656, 0.016000475734472275, -0.1015625], [0.0, 0.0, 0.0, 1.0]]], "view": [[0.0, -2.0, 100.0], [-2.0, 0.0, 100.0], [0.0, 0.0, 1.0]], "bev": "bev_1f11f259655d49e99b270a3204628c2f.png", "aux": "aux_1f11f259655d49e99b270a3204628c2f.npz", "visibility": "visibility_1f11f259655d49e99b270a3204628c2f.png", "pose": [[-0.869401216506958, -0.49410679936408997, 0.0, 831.267822265625], [0.49410679936408997, -0.869401216506958, 0.0, 1369.7633056640625], [0.0, 0.0, 1.0, 0.0], [0.0, 0.0, 0.0, 1.0]], "pose_inverse": [[-0.869401216506958, 0.49410679936408997, 0.0, 45.89591598510742], [-0.49410679936408997, -0.869401216506958, 0.0, 1601.6090087890625], [0.0, 0.0, 1.0, 0.0], [0.0, 0.0, 0.0, 1.0]], "cam_ids": [0, 1, 2, 3, 4, 5], "cam_channels": ["CAM_FRONT_LEFT", "CAM_FRONT", "CAM_FRONT_RIGHT", "CAM_BACK_LEFT", "CAM_BACK", "CAM_BACK_RIGHT"], "token": "1f11f259655d49e99b270a3204628c2f", "scene": "scene-0246"}, {"images": ["samples/CAM_FRONT_LEFT/n008-2018-08-21-11-53-44-0400__CAM_FRONT_LEFT__1534867233254799.jpg", "samples/CAM_FRONT/n008-2018-08-21-11-53-44-0400__CAM_FRONT__1534867233262404.jpg", "samples/CAM_FRONT_RIGHT/n008-2018-08-21-11-53-44-0400__CAM_FRONT_RIGHT__1534867233270482.jpg", "samples/CAM_BACK_LEFT/n008-2018-08-21-11-53-44-0400__CAM_BACK_LEFT__1534867233297405.jpg", "samples/CAM_BACK/n008-2018-08-21-11-53-44-0400__CAM_BACK__1534867233287558.jpg", "samples/CAM_BACK_RIGHT/n008-2018-08-21-11-53-44-0400__CAM_BACK_RIGHT__1534867233278113.jpg"], "intrinsics": [[[1257.8625342125129, 0.0, 827.2410631095686], [0.0, 1257.8625342125129, 450.915498205774], [0.0, 0.0, 1.0]], [[1252.8131021185304, 0.0, 826.588114781398], [0.0, 1252.8131021185304, 469.9846626224581], [0.0, 0.0, 1.0]], [[1256.7485116440405, 0.0, 817.7887570959712], [0.0, 1256.7485116440403, 451.9541780095127], [0.0, 0.0, 1.0]], [[1254.9860565800168, 0.0, 829.5769333630991], [0.0, 1254.9860565800168, 467.1680561863987], [0.0, 0.0, 1.0]], [[796.8910634503094, 0.0, 857.7774326863696], [0.0, 796.8910634503094, 476.8848988407415], [0.0, 0.0, 1.0]], [[1249.9629280788233, 0.0, 825.3768045375984], [0.0, 1249.9629280788233, 462.54816385708756], [0.0, 0.0, 1.0]]], "extrinsics": [[[0.8223865628242493, -0.5686865448951721, -0.01661505736410618, -0.74896240234375], [-0.000871362048201263, 0.027945036068558693, -0.9996090531349182, 1.4879913330078125], [0.5689285397529602, 0.8220794796943665, 0.022486088797450066, -1.15771484375], [0.0, 0.0, 0.0, 1.0]], [[0.009914287365972996, -0.9996665120124817, -0.023844284936785698, 0.009033203125], [0.001030929503031075, 0.0238556619733572, -0.9997149109840393, 1.4804000854492188], [0.9999502301216125, 0.00988689437508583, 0.0012670984724536538, -1.4771652221679688], [0.0, 0.0, 0.0, 1.0]], [[-0.8442479372024536, -0.5357197523117065, -0.015803173184394836, 0.921142578125], [0.009042348712682724, 0.015244361013174057, -0.9998428821563721, 1.4948787689208984], [0.5358765125274658, -0.8442582488059998, -0.008025857619941235, -1.1688232421875], [0.0, 0.0, 0.0, 1.0]], [[0.9478620886802673, 0.31862980127334595, -0.0056968978606164455, -1.1295166015625], [-0.016442686319351196, 0.031045489013195038, -0.9993826746940613, 1.5617904663085938], [-0.3182562589645386, 0.9473706483840942, 0.034665971994400024, -0.1607666015625], [0.0, 0.0, 0.0, 1.0]], [[0.009460068307816982, 0.9996877908706665, 0.023126445710659027, -0.0284423828125], [-0.014149610884487629, 0.023258989676833153, -0.9996292591094971, 1.5668754577636719], [-0.9998551607131958, 0.009129378013312817, 0.014365226030349731, -0.03884124755859375], [0.0, 0.0, 0.0, 1.0]], [[-0.923626720905304, 0.38318008184432983, 0.009311776608228683, 1.02313232421875], [-0.009949876926839352, 0.0003166749665979296, -0.9999504685401917, 1.5463335514068604], [-0.38316404819488525, -0.9236736297607422, 0.0035201054997742176, -0.099853515625], [0.0, 0.0, 0.0, 1.0]]], "view": [[0.0, -2.0, 100.0], [-2.0, 0.0, 100.0], [0.0, 0.0, 1.0]], "bev": "bev_3fa6bde5718146d5a1634ff3b01f257c.png", "aux": "aux_3fa6bde5718146d5a1634ff3b01f257c.npz", "visibility": "visibility_3fa6bde5718146d5a1634ff3b01f257c.png", "pose": [[-0.8688689470291138, -0.49504217505455017, 0.0, 828.2522583007812], [0.49504217505455017, -0.8688689470291138, 0.0, 1371.506103515625], [0.0, 0.0, 1.0, 0.0], [0.0, 0.0, 0.0, 1.0]], "pose_inverse": [[-0.8688689470291138, 0.49504217505455017, 0.0, 40.68929672241211], [-0.49504217505455017, -0.8688689470291138, 0.0, 1601.6788330078125], [0.0, 0.0, 1.0, 0.0], [0.0, 0.0, 0.0, 1.0]], "cam_ids": [0, 1, 2, 3, 4, 5], "cam_channels": ["CAM_FRONT_LEFT", "CAM_FRONT", "CAM_FRONT_RIGHT", "CAM_BACK_LEFT", "CAM_BACK", "CAM_BACK_RIGHT"], "token": "3fa6bde5718146d5a1634ff3b01f257c", "scene": "scene-0246"}, {"images": ["samples/CAM_FRONT_LEFT/n008-2018-08-21-11-53-44-0400__CAM_FRONT_LEFT__1534867233754799.jpg", "samples/CAM_FRONT/n008-2018-08-21-11-53-44-0400__CAM_FRONT__1534867233762404.jpg", "samples/CAM_FRONT_RIGHT/n008-2018-08-21-11-53-44-0400__CAM_FRONT_RIGHT__1534867233770482.jpg", "samples/CAM_BACK_LEFT/n008-2018-08-21-11-53-44-0400__CAM_BACK_LEFT__1534867233797405.jpg", "samples/CAM_BACK/n008-2018-08-21-11-53-44-0400__CAM_BACK__1534867233787558.jpg", "samples/CAM_BACK_RIGHT/n008-2018-08-21-11-53-44-0400__CAM_BACK_RIGHT__1534867233778113.jpg"], "intrinsics": [[[1257.8625342125129, 0.0, 827.2410631095686], [0.0, 1257.8625342125129, 450.915498205774], [0.0, 0.0, 1.0]], [[1252.8131021185304, 0.0, 826.588114781398], [0.0, 1252.8131021185304, 469.9846626224581], [0.0, 0.0, 1.0]], [[1256.7485116440405, 0.0, 817.7887570959712], [0.0, 1256.7485116440403, 451.9541780095127], [0.0, 0.0, 1.0]], [[1254.9860565800168, 0.0, 829.5769333630991], [0.0, 1254.9860565800168, 467.1680561863987], [0.0, 0.0, 1.0]], [[796.8910634503094, 0.0, 857.7774326863696], [0.0, 796.8910634503094, 476.8848988407415], [0.0, 0.0, 1.0]], [[1249.9629280788233, 0.0, 825.3768045375984], [0.0, 1249.9629280788233, 462.54816385708756], [0.0, 0.0, 1.0]]], "extrinsics": [[[0.8224900960922241, -0.5683369636535645, -0.022432832047343254, -0.765380859375], [-0.0047330246306955814, 0.03260001540184021, -0.9994572401046753, 1.4868698120117188], [0.5687597393989563, 0.822149932384491, 0.024123238399624825, -1.1697998046875], [0.0, 0.0, 0.0, 1.0]], [[0.010199726559221745, -0.9995374083518982, -0.02865120954811573, 0.009033203125], [-0.0027549536898732185, 0.028624501079320908, -0.9995864629745483, 1.4794654846191406], [0.9999440908432007, 0.010274411179125309, -0.0024617172311991453, -1.4944305419921875], [0.0, 0.0, 0.0, 1.0]], [[-0.8440591096878052, -0.536034107208252, -0.015221772715449333, 0.93304443359375], [0.005306931212544441, 0.020034434273838997, -0.9997851848602295, 1.4940452575683594], [0.5362238883972168, -0.8439585566520691, -0.01406555064022541, -1.17626953125], [0.0, 0.0, 0.0, 1.0]], [[0.9478107690811157, 0.31873682141304016, -0.007849456742405891, -1.13104248046875], [-0.020130906254053116, 0.03525574877858162, -0.9991755485534668, 1.5617637634277344], [-0.3181972801685333, 0.9471873044967651, 0.03983223810791969, -0.16064453125], [0.0, 0.0, 0.0, 1.0]], [[0.009349910542368889, 0.9995751976966858, 0.027605582028627396, -0.028564453125], [-0.01795913837850094, 0.027770191431045532, -0.9994529485702515, 1.5666694641113281], [-0.9997950196266174, 0.00884901825338602, 0.018211157992482185, -0.032726287841796875], [0.0, 0.0, 0.0, 1.0]], [[-0.9237185120582581, 0.382795512676239, 0.014552376233041286, 1.03277587890625], [-0.013669520616531372, 0.005026300437748432, -0.9998939633369446, 1.5459213256835938], [-0.3828279674053192, -0.9238194823265076, 0.0005897436640225351, -0.0958251953125], [0.0, 0.0, 0.0, 1.0]]], "view": [[0.0, -2.0, 100.0], [-2.0, 0.0, 100.0], [0.0, 0.0, 1.0]], "bev": "bev_db58db60c9cb4c2ab38c643b5de332ec.png", "aux": "aux_db58db60c9cb4c2ab38c643b5de332ec.npz", "visibility": "visibility_db58db60c9cb4c2ab38c643b5de332ec.png", "pose": [[-0.8672405481338501, -0.49788933992385864, 0.0, 825.3562622070312], [0.49788933992385864, -0.8672405481338501, 0.0, 1373.1868896484375], [0.0, 0.0, 1.0, 0.0], [0.0, 0.0, 0.0, 1.0]], "pose_inverse": [[-0.8672405481338501, 0.49788933992385864, 0.0, 32.08734130859375], [-0.49788933992385864, -0.8672405481338501, 0.0, 1601.8194580078125], [0.0, 0.0, 1.0, 0.0], [0.0, 0.0, 0.0, 1.0]], "cam_ids": [0, 1, 2, 3, 4, 5], "cam_channels": ["CAM_FRONT_LEFT", "CAM_FRONT", "CAM_FRONT_RIGHT", "CAM_BACK_LEFT", "CAM_BACK", "CAM_BACK_RIGHT"], "token": "db58db60c9cb4c2ab38c643b5de332ec", "scene": "scene-0246"}, {"images": ["samples/CAM_FRONT_LEFT/n008-2018-08-21-11-53-44-0400__CAM_FRONT_LEFT__1534867234254799.jpg", "samples/CAM_FRONT/n008-2018-08-21-11-53-44-0400__CAM_FRONT__1534867234262404.jpg", "samples/CAM_FRONT_RIGHT/n008-2018-08-21-11-53-44-0400__CAM_FRONT_RIGHT__1534867234270482.jpg", "samples/CAM_BACK_LEFT/n008-2018-08-21-11-53-44-0400__CAM_BACK_LEFT__1534867234297405.jpg", "samples/CAM_BACK/n008-2018-08-21-11-53-44-0400__CAM_BACK__1534867234287558.jpg", "samples/CAM_BACK_RIGHT/n008-2018-08-21-11-53-44-0400__CAM_BACK_RIGHT__1534867234278113.jpg"], "intrinsics": [[[1257.8625342125129, 0.0, 827.2410631095686], [0.0, 1257.8625342125129, 450.915498205774], [0.0, 0.0, 1.0]], [[1252.8131021185304, 0.0, 826.588114781398], [0.0, 1252.8131021185304, 469.9846626224581], [0.0, 0.0, 1.0]], [[1256.7485116440405, 0.0, 817.7887570959712], [0.0, 1256.7485116440403, 451.9541780095127], [0.0, 0.0, 1.0]], [[1254.9860565800168, 0.0, 829.5769333630991], [0.0, 1254.9860565800168, 467.1680561863987], [0.0, 0.0, 1.0]], [[796.8910634503094, 0.0, 857.7774326863696], [0.0, 796.8910634503094, 476.8848988407415], [0.0, 0.0, 1.0]], [[1249.9629280788233, 0.0, 825.3768045375984], [0.0, 1249.9629280788233, 462.54816385708756], [0.0, 0.0, 1.0]]], "extrinsics": [[[0.8225641250610352, -0.5681876540184021, -0.02347424440085888, -0.804443359375], [-0.003059511538594961, 0.03685673326253891, -0.9993158578872681, 1.4875526428222656], [0.5686641335487366, 0.8220732808113098, 0.02857865020632744, -1.19482421875], [0.0, 0.0, 0.0, 1.0]], [[0.010262802243232727, -0.9994089007377625, -0.032809142023324966, 0.0076904296875], [-0.0011993160005658865, 0.03279854357242584, -0.9994612336158752, 1.4799079895019531], [0.9999465942382812, 0.01029659528285265, -0.0008620021981187165, -1.5345230102539062], [0.0, 0.0, 0.0, 1.0]], [[-0.8440538048744202, -0.5359346866607666, -0.018632208928465843, 0.9610595703125], [0.006734956055879593, 0.0241478830575943, -0.9996857047080994, 1.4940872192382812], [0.536216139793396, -0.8439140915870667, -0.016772616654634476, -1.1943359375], [0.0, 0.0, 0.0, 1.0]], [[0.9478464126586914, 0.3186797797679901, -0.005497163627296686, -1.1365966796875], [-0.019022222608327866, 0.03934431076049805, -0.99904465675354, 1.5619010925292969], [-0.3181590139865875, 0.9470454454421997, 0.04335436597466469, -0.1583251953125], [0.0, 0.0, 0.0, 1.0]], [[0.009373320266604424, 0.999454140663147, 0.03168069198727608, -0.0286865234375], [-0.016860084608197212, 0.031835541129112244, -0.999350905418396, 1.5670280456542969], [-0.9998139142990112, 0.008833104744553566, 0.017149286344647408, -0.016599655151367188], [0.0, 0.0, 0.0, 1.0]], [[-0.9237186312675476, 0.38277700543403625, 0.015016729943454266, 1.05682373046875], [-0.012480865232646465, 0.009107466787099838, -0.9998806118965149, 1.546402931213379], [-0.38286805152893066, -0.9237958192825317, -0.00363534945063293, -0.086181640625], [0.0, 0.0, 0.0, 1.0]]], "view": [[0.0, -2.0, 100.0], [-2.0, 0.0, 100.0], [0.0, 0.0, 1.0]], "bev": "bev_112816eadb0a41da9e30742500aa3dca.png", "aux": "aux_112816eadb0a41da9e30742500aa3dca.npz", "visibility": "visibility_112816eadb0a41da9e30742500aa3dca.png", "pose": [[-0.866212010383606, -0.4996766448020935, 0.0, 822.7864990234375], [0.4996766448020935, -0.866212010383606, 0.0, 1374.6790771484375], [0.0, 0.0, 1.0, 0.0], [0.0, 0.0, 0.0, 1.0]], "pose_inverse": [[-0.866212010383606, 0.4996766448020935, 0.0, 25.812501907348633], [-0.4996766448020935, -0.866212010383606, 0.0, 1601.8907470703125], [0.0, 0.0, 1.0, 0.0], [0.0, 0.0, 0.0, 1.0]], "cam_ids": [0, 1, 2, 3, 4, 5], "cam_channels": ["CAM_FRONT_LEFT", "CAM_FRONT", "CAM_FRONT_RIGHT", "CAM_BACK_LEFT", "CAM_BACK", "CAM_BACK_RIGHT"], "token": "112816eadb0a41da9e30742500aa3dca", "scene": "scene-0246"}, {"images": ["samples/CAM_FRONT_LEFT/n008-2018-08-21-11-53-44-0400__CAM_FRONT_LEFT__1534867234754799.jpg", "samples/CAM_FRONT/n008-2018-08-21-11-53-44-0400__CAM_FRONT__1534867234762404.jpg", "samples/CAM_FRONT_RIGHT/n008-2018-08-21-11-53-44-0400__CAM_FRONT_RIGHT__1534867234770482.jpg", "samples/CAM_BACK_LEFT/n008-2018-08-21-11-53-44-0400__CAM_BACK_LEFT__1534867234797405.jpg", "samples/CAM_BACK/n008-2018-08-21-11-53-44-0400__CAM_BACK__1534867234787558.jpg", "samples/CAM_BACK_RIGHT/n008-2018-08-21-11-53-44-0400__CAM_BACK_RIGHT__1534867234778113.jpg"], "intrinsics": [[[1257.8625342125129, 0.0, 827.2410631095686], [0.0, 1257.8625342125129, 450.915498205774], [0.0, 0.0, 1.0]], [[1252.8131021185304, 0.0, 826.588114781398], [0.0, 1252.8131021185304, 469.9846626224581], [0.0, 0.0, 1.0]], [[1256.7485116440405, 0.0, 817.7887570959712], [0.0, 1256.7485116440403, 451.9541780095127], [0.0, 0.0, 1.0]], [[1254.9860565800168, 0.0, 829.5769333630991], [0.0, 1254.9860565800168, 467.1680561863987], [0.0, 0.0, 1.0]], [[796.8910634503094, 0.0, 857.7774326863696], [0.0, 796.8910634503094, 476.8848988407415], [0.0, 0.0, 1.0]], [[1249.9629280788233, 0.0, 825.3768045375984], [0.0, 1249.9629280788233, 462.54816385708756], [0.0, 0.0, 1.0]]], "extrinsics": [[[0.8225389719009399, -0.5681050419807434, -0.026195628568530083, -0.82769775390625], [-0.004959168843924999, 0.03889487311244011, -0.9992309808731079, 1.4871482849121094], [0.5686870217323303, 0.8220363855361938, 0.029175223782658577, -1.213623046875], [0.0, 0.0, 0.0, 1.0]], [[0.010211070068180561, -0.9993335008621216, -0.03504668176174164, 0.0091552734375], [-0.0028178184293210506, 0.035019613802433014, -0.9993826150894165, 1.4795951843261719], [0.9999438524246216, 0.01030348427593708, -0.0024583537597209215, -1.5578842163085938], [0.0, 0.0, 0.0, 1.0]], [[-0.8440958857536316, -0.5358607172966003, -0.01885133981704712, 0.9755859375], [0.0054722982458770275, 0.026546575129032135, -0.9996325373649597, 1.4937820434570312], [0.5361643433570862, -0.8438889980316162, -0.01947546936571598, -1.202392578125], [0.0, 0.0, 0.0, 1.0]], [[0.9478515386581421, 0.31867578625679016, -0.0048080990090966225, -1.137939453125], [-0.019269967451691628, 0.04224405065178871, -0.9989214539527893, 1.5619125366210938], [-0.3181289732456207, 0.9469219446182251, 0.04618196189403534, -0.1583251953125], [0.0, 0.0, 0.0, 1.0]], [[0.009424868039786816, 0.9993650913238525, 0.03436107933521271, -0.02917