[{"images": ["samples/CAM_FRONT_LEFT/n008-2018-08-28-16-16-48-0400__CAM_FRONT_LEFT__1535488460154799.jpg", "samples/CAM_FRONT/n008-2018-08-28-16-16-48-0400__CAM_FRONT__1535488460162404.jpg", "samples/CAM_FRONT_RIGHT/n008-2018-08-28-16-16-48-0400__CAM_FRONT_RIGHT__1535488460170482.jpg", "samples/CAM_BACK_LEFT/n008-2018-08-28-16-16-48-0400__CAM_BACK_LEFT__1535488460197415.jpg", "samples/CAM_BACK/n008-2018-08-28-16-16-48-0400__CAM_BACK__1535488460187558.jpg", "samples/CAM_BACK_RIGHT/n008-2018-08-28-16-16-48-0400__CAM_BACK_RIGHT__1535488460178113.jpg"], "intrinsics": [[[1257.8625342125129, 0.0, 827.2410631095686], [0.0, 1257.8625342125129, 450.915498205774], [0.0, 0.0, 1.0]], [[1252.8131021185304, 0.0, 826.588114781398], [0.0, 1252.8131021185304, 469.9846626224581], [0.0, 0.0, 1.0]], [[1256.7485116440405, 0.0, 817.7887570959712], [0.0, 1256.7485116440403, 451.9541780095127], [0.0, 0.0, 1.0]], [[1254.9860565800168, 0.0, 829.5769333630991], [0.0, 1254.9860565800168, 467.1680561863987], [0.0, 0.0, 1.0]], [[796.8910634503094, 0.0, 857.7774326863696], [0.0, 796.8910634503094, 476.8848988407415], [0.0, 0.0, 1.0]], [[1249.9629280788233, 0.0, 825.3768045375984], [0.0, 1249.9629280788233, 462.54816385708756], [0.0, 0.0, 1.0]]], "extrinsics": [[[0.8208247423171997, -0.570989727973938, -0.014748940244317055, -0.689453125], [0.010851546190679073, 0.04140642657876015, -0.9990834593772888, 1.4922409057617188], [0.5710771083831787, 0.8199123740196228, 0.04018353670835495, -1.1192626953125], [0.0, 0.0, 0.0, 1.0]], [[0.00782508309930563, -0.9992691874504089, -0.037415482103824615, 0.0115966796875], [0.012740857899188995, 0.03751322627067566, -0.9992149472236633, 1.4840011596679688], [0.9998881816864014, 0.007342253811657429, 0.013025090098381042, -1.4227142333984375], [0.0, 0.0, 0.0, 1.0]], [[-0.8449254035949707, -0.5338671803474426, -0.03296897932887077, 0.8905029296875], [0.02066292241215706, 0.02901363931596279, -0.9993653893470764, 1.4979171752929688], [0.5344849824905396, -0.8450705409049988, -0.013483107089996338, -1.14794921875], [0.0, 0.0, 0.0, 1.0]], [[0.9479033946990967, 0.31841135025024414, 0.009660257957875729, -1.14874267578125], [-0.00493651581928134, 0.04500370845198631, -0.998974621295929, 1.56207275390625], [-0.31851959228515625, 0.9468837380409241, 0.04423101246356964, -0.1544189453125], [0.0, 0.0, 0.0, 1.0]], [[0.009907230734825134, 0.9992647767066956, 0.03703782707452774, -0.029052734375], [-0.0026475267950445414, 0.03706572577357292, -0.9993093013763428, 1.5678024291992188], [-0.9999474287033081, 0.009802300482988358, 0.0030127998907119036, -0.03963470458984375], [0.0, 0.0, 0.0, 1.0]], [[-0.9231929779052734, 0.3843151926994324, 0.0040622251108288765, 1.00335693359375], [0.001489868969656527, 0.014147888869047165, -0.9998987913131714, 1.5480327606201172], [-0.3843337893486023, -0.9230934977531433, -0.013633811846375465, -0.1068115234375], [0.0, 0.0, 0.0, 1.0]]], "view": [[0.0, -2.0, 100.0], [-2.0, 0.0, 100.0], [0.0, 0.0, 1.0]], "bev": "bev_a8621840f3104b63b56f09464881eb96.png", "aux": "aux_a8621840f3104b63b56f09464881eb96.npz", "visibility": "visibility_a8621840f3104b63b56f09464881eb96.png", "pose": [[0.8739332556724548, 0.4860459566116333, 0.0, 888.5782470703125], [-0.4860459566116333, 0.8739332556724548, 0.0, 1405.9361572265625], [0.0, 0.0, 1.0, 0.0], [0.0, 0.0, 0.0, 1.0]], "pose_inverse": [[0.8739332556724548, -0.4860459566116333, 0.0, -93.20850372314453], [0.4860459566116333, 0.8739332556724548, 0.0, -1660.584228515625], [0.0, 0.0, 1.0, 0.0], [0.0, 0.0, 0.0, 1.0]], "cam_ids": [0, 1, 2, 3, 4, 5], "cam_channels": ["CAM_FRONT_LEFT", "CAM_FRONT", "CAM_FRONT_RIGHT", "CAM_BACK_LEFT", "CAM_BACK", "CAM_BACK_RIGHT"], "token": "a8621840f3104b63b56f09464881eb96", "scene": "scene-0324"}, {"images": ["samples/CAM_FRONT_LEFT/n008-2018-08-28-16-16-48-0400__CAM_FRONT_LEFT__1535488460654799.jpg", "samples/CAM_FRONT/n008-2018-08-28-16-16-48-0400__CAM_FRONT__1535488460662404.jpg", "samples/CAM_FRONT_RIGHT/n008-2018-08-28-16-16-48-0400__CAM_FRONT_RIGHT__1535488460670482.jpg", "samples/CAM_BACK_LEFT/n008-2018-08-28-16-16-48-0400__CAM_BACK_LEFT__1535488460697405.jpg", "samples/CAM_BACK/n008-2018-08-28-16-16-48-0400__CAM_BACK__1535488460687558.jpg", "samples/CAM_BACK_RIGHT/n008-2018-08-28-16-16-48-0400__CAM_BACK_RIGHT__1535488460678113.jpg"], "intrinsics": [[[1257.8625342125129, 0.0, 827.2410631095686], [0.0, 1257.8625342125129, 450.915498205774], [0.0, 0.0, 1.0]], [[1252.8131021185304, 0.0, 826.588114781398], [0.0, 1252.8131021185304, 469.9846626224581], [0.0, 0.0, 1.0]], [[1256.7485116440405, 0.0, 817.7887570959712], [0.0, 1256.7485116440403, 451.9541780095127], [0.0, 0.0, 1.0]], [[1254.9860565800168, 0.0, 829.5769333630991], [0.0, 1254.9860565800168, 467.1680561863987], [0.0, 0.0, 1.0]], [[796.8910634503094, 0.0, 857.7774326863696], [0.0, 796.8910634503094, 476.8848988407415], [0.0, 0.0, 1.0]], [[1249.9629280788233, 0.0, 825.3768045375984], [0.0, 1249.9629280788233, 462.54816385708756], [0.0, 0.0, 1.0]]], "extrinsics": [[[0.8207578063011169, -0.5711669325828552, -0.011173020116984844, -0.67877197265625], [0.0166411641985178, 0.0434536412358284, -0.9989168643951416, 1.4944992065429688], [0.5710338354110718, 0.8196829557418823, 0.04516980051994324, -1.1156005859375], [0.0, 0.0, 0.0, 1.0]], [[0.0078124538995325565, -0.9992104172706604, -0.03895553573966026, 0.013916015625], [0.018689222633838654, 0.03909582272171974, -0.9990606307983398, 1.4859161376953125], [0.9997947812080383, 0.0070770131424069405, 0.01897989958524704, -1.41455078125], [0.0, 0.0, 0.0, 1.0]], [[-0.8448281288146973, -0.5336310267448425, -0.038770947605371475, 0.88690185546875], [0.026802409440279007, 0.030163049697875977, -0.9991855621337891, 1.4994773864746094], [0.5343659520149231, -0.8451793789863586, -0.011179996654391289, -1.1434326171875], [0.0, 0.0, 0.0, 1.0]], [[0.9478541016578674, 0.3183102607727051, 0.01585380919277668, -1.14990234375], [0.00168636126909405, 0.04473462700843811, -0.9989974498748779, 1.5620346069335938], [-0.3187003433704376, 0.946930468082428, 0.04186511039733887, -0.154052734375], [0.0, 0.0, 0.0, 1.0]], [[0.00982081051915884, 0.9992493987083435, 0.037474073469638824, -0.0294189453125], [0.00374962342903018, 0.03743881732225418, -0.9992918968200684, 1.5683212280273438], [-0.9999447464942932, 0.009954321198165417, -0.003379128873348236, -0.0405426025390625], [0.0, 0.0, 0.0, 1.0]], [[-0.9231224060058594, 0.3845033049583435, -0.0014803396770730615, 1.0001220703125], [0.007832634262740612, 0.014955270104110241, -0.999857485294342, 1.5491142272949219], [-0.3844262659549713, -0.9230024218559265, -0.01681721769273281, -0.10693359375], [0.0, 0.0, 0.0, 1.0]]], "view": [[0.0, -2.0, 100.0], [-2.0, 0.0, 100.0], [0.0, 0.0, 1.0]], "bev": "bev_14f5da54495243cc83cdbe11cb96f2b7.png", "aux": "aux_14f5da54495243cc83cdbe11cb96f2b7.npz", "visibility": "visibility_14f5da54495243cc83cdbe11cb96f2b7.png", "pose": [[0.8915706872940063, 0.4528815448284149, 0.0, 892.6141357421875], [-0.4528815448284149, 0.8915706872940063, 0.0, 1403.7196044921875], [0.0, 0.0, 1.0, 0.0], [0.0, 0.0, 0.0, 1.0]], "pose_inverse": [[0.8915706872940063, -0.4528815448284149, 0.0, -160.1099090576172], [0.4528815448284149, 0.8915706872940063, 0.0, -1655.763671875], [0.0, 0.0, 1.0, 0.0], [0.0, 0.0, 0.0, 1.0]], "cam_ids": [0, 1, 2, 3, 4, 5], "cam_channels": ["CAM_FRONT_LEFT", "CAM_FRONT", "CAM_FRONT_RIGHT", "CAM_BACK_LEFT", "CAM_BACK", "CAM_BACK_RIGHT"], "token": "14f5da54495243cc83cdbe11cb96f2b7", "scene": "scene-0324"}, {"images": ["samples/CAM_FRONT_LEFT/n008-2018-08-28-16-16-48-0400__CAM_FRONT_LEFT__1535488461104799.jpg", "samples/CAM_FRONT/n008-2018-08-28-16-16-48-0400__CAM_FRONT__1535488461112404.jpg", "samples/CAM_FRONT_RIGHT/n008-2018-08-28-16-16-48-0400__CAM_FRONT_RIGHT__1535488461120482.jpg", "samples/CAM_BACK_LEFT/n008-2018-08-28-16-16-48-0400__CAM_BACK_LEFT__1535488461147405.jpg", "samples/CAM_BACK/n008-2018-08-28-16-16-48-0400__CAM_BACK__1535488461137558.jpg", "samples/CAM_BACK_RIGHT/n008-2018-08-28-16-16-48-0400__CAM_BACK_RIGHT__1535488461128210.jpg"], "intrinsics": [[[1257.8625342125129, 0.0, 827.2410631095686], [0.0, 1257.8625342125129, 450.915498205774], [0.0, 0.0, 1.0]], [[1252.8131021185304, 0.0, 826.588114781398], [0.0, 1252.8131021185304, 469.9846626224581], [0.0, 0.0, 1.0]], [[1256.7485116440405, 0.0, 817.7887570959712], [0.0, 1256.7485116440403, 451.9541780095127], [0.0, 0.0, 1.0]], [[1254.9860565800168, 0.0, 829.5769333630991], [0.0, 1254.9860565800168, 467.1680561863987], [0.0, 0.0, 1.0]], [[796.8910634503094, 0.0, 857.7774326863696], [0.0, 796.8910634503094, 476.8848988407415], [0.0, 0.0, 1.0]], [[1249.9629280788233, 0.0, 825.3768045375984], [0.0, 1249.9629280788233, 462.54816385708756], [0.0, 0.0, 1.0]]], "extrinsics": [[[0.8211074471473694, -0.5705898404121399, -0.01448124647140503, -0.68988037109375], [0.01240445114672184, 0.0432044081389904, -0.9989892244338989, 1.4927825927734375], [0.5706387758255005, 0.8200979232788086, 0.04255331680178642, -1.120849609375], [0.0, 0.0, 0.0, 1.0]], [[0.008508037775754929, -0.9992074966430664, -0.03888532146811485, 0.0130615234375], [0.01478791143745184, 0.03900820389389992, -0.9991294741630554, 1.4845504760742188], [0.9998544454574585, 0.007925651036202908, 0.015108074061572552, -1.42437744140625], [0.0, 0.0, 0.0, 1.0]], [[-0.8445829749107361, -0.534224808216095, -0.03582729026675224, 0.8914794921875], [0.023275014013051987, 0.030218634754419327, -0.9992722868919373, 1.4984970092773438], [0.5349186658859253, -0.84480220079422, -0.013088054955005646, -1.1466064453125], [0.0, 0.0, 0.0, 1.0]], [[0.9477874040603638, 0.3185918629169464, 0.014081902801990509, -1.14630126953125], [-0.00039653165731579065, 0.045334652066230774, -0.9989717602729797, 1.5620269775390625], [-0.3189026713371277, 0.9468072652816772, 0.04309394210577011, -0.1556396484375], [0.0, 0.0, 0.0, 1.0]], [[0.009575542993843555, 0.9992404580116272, 0.037774328142404556, -0.029541015625], [0.0011180908186361194, 0.03776533529162407, -0.9992859363555908, 1.5680923461914062], [-0.9999535083770752, 0.009610961191356182, -0.0007556184427812696, -0.0410308837890625], [0.0, 0.0, 0.0, 1.0]], [[-0.9233179688453674, 0.38403335213661194, 0.0014966735616326332, 1.003143310546875], [0.0046602836810052395, 0.015101319178938866, -0.9998750686645508, 1.5485553741455078], [-0.38400799036026, -0.9231957197189331, -0.0157330222427845, -0.10595703125], [0.0, 0.0, 0.0, 1.0]]], "view": [[0.0, -2.0, 100.0], [-2.0, 0.0, 100.0], [0.0, 0.0, 1.0]], "bev": "bev_d29213b0b4ea4c18900238d5033f5feb.png", "aux": "aux_d29213b0b4ea4c18900238d5033f5feb.npz", "visibility": "visibility_d29213b0b4ea4c18900238d5033f5feb.png", "pose": [[0.9074633121490479, 0.4201313555240631, 0.0, 896.3063354492188], [-0.4201313555240631, 0.9074633121490479, 0.0, 1401.888427734375], [0.0, 0.0, 1.0, 0.0], [0.0, 0.0, 0.0, 1.0]], "pose_inverse": [[0.9074633121490479, -0.4201313555240631, 0.0, -224.38780212402344], [0.4201313555240631, 0.9074633121490479, 0.0, -1648.728759765625], [0.0, 0.0, 1.0, 0.0], [0.0, 0.0, 0.0, 1.0]], "cam_ids": [0, 1, 2, 3, 4, 5], "cam_channels": ["CAM_FRONT_LEFT", "CAM_FRONT", "CAM_FRONT_RIGHT", "CAM_BACK_LEFT", "CAM_BACK", "CAM_BACK_RIGHT"], "token": "d29213b0b4ea4c18900238d5033f5feb", "scene": "scene-0324"}, {"images": ["samples/CAM_FRONT_LEFT/n008-2018-08-28-16-16-48-0400__CAM_FRONT_LEFT__1535488461604799.jpg", "samples/CAM_FRONT/n008-2018-08-28-16-16-48-0400__CAM_FRONT__1535488461612404.jpg", "samples/CAM_FRONT_RIGHT/n008-2018-08-28-16-16-48-0400__CAM_FRONT_RIGHT__1535488461620482.jpg", "samples/CAM_BACK_LEFT/n008-2018-08-28-16-16-48-0400__CAM_BACK_LEFT__1535488461647405.jpg", "samples/CAM_BACK/n008-2018-08-28-16-16-48-0400__CAM_BACK__1535488461637558.jpg", "samples/CAM_BACK_RIGHT/n008-2018-08-28-16-16-48-0400__CAM_BACK_RIGHT__1535488461628113.jpg"], "intrinsics": [[[1257.8625342125129, 0.0, 827.2410631095686], [0.0, 1257.8625342125129, 450.915498205774], [0.0, 0.0, 1.0]], [[1252.8131021185304, 0.0, 826.588114781398], [0.0, 1252.8131021185304, 469.9846626224581], [0.0, 0.0, 1.0]], [[1256.7485116440405, 0.0, 817.7887570959712], [0.0, 1256.7485116440403, 451.9541780095127], [0.0, 0.0, 1.0]], [[1254.9860565800168, 0.0, 829.5769333630991], [0.0, 1254.9860565800168, 467.1680561863987], [0.0, 0.0, 1.0]], [[796.8910634503094, 0.0, 857.7774326863696], [0.0, 796.8910634503094, 476.8848988407415], [0.0, 0.0, 1.0]], [[1249.9629280788233, 0.0, 825.3768045375984], [0.0, 1249.9629280788233, 462.54816385708756], [0.0, 0.0, 1.0]]], "extrinsics": [[[0.8209750056266785, -0.5709018111228943, -0.008441479876637459, -0.68304443359375], [0.01636398211121559, 0.038305312395095825, -0.9991320371627808, 1.49444580078125], [0.5707297325134277, 0.8201243281364441, 0.040789928287267685, -1.1160888671875], [0.0, 0.0, 0.0, 1.0]], [[0.008121523074805737, -0.9993991255760193, -0.0336935929954052, 0.0130615234375], [0.01815715990960598, 0.03383653610944748, -0.9992624521255493, 1.4857749938964844], [0.9998020529747009, 0.007503751665353775, 0.018421057611703873, -1.41632080078125], [0.0, 0.0, 0.0, 1.0]], [[-0.8447179198265076, -0.5340522527694702, -0.03521069884300232, 0.88671875], [0.026003774255514145, 0.024758145213127136, -0.9993551969528198, 1.4993171691894531], [0.5345796942710876, -0.8450888395309448, -0.00702627282589674, -1.1439208984375], [0.0, 0.0, 0.0, 1.0]], [[0.9477938413619995, 0.31862327456474304, 0.012886098586022854, -1.149658203125], [0.000664880033582449, 0.038435373455286026, -0.9992608428001404, 1.5620307922363281], [-0.3188830614089966, 0.9471018314361572, 0.036216963082551956, -0.1544189453125], [0.0, 0.0, 0.0, 1.0]], [[0.009677419438958168, 0.9994531869888306, 0.031617891043424606, -0.029541015625], [0.002743612742051482, 0.0315927118062973, -0.9994969964027405, 1.5682449340820312], [-0.9999494552612305, 0.009759295731782913, -0.0024363785050809383, -0.041046142578125], [0.0, 0.0, 0.0, 1.0]], [[-0.9232014417648315, 0.38430652022361755, -0.0027497524861246347, 1.0], [0.0068753440864384174, 0.009361698292195797, -0.9999325275421143, 1.5489749908447266], [-0.38425472378730774, -0.9231581091880798, -0.011284973472356796, -0.1075439453125], [0.0, 0.0, 0.0, 1.0]]], "view": [[0.0, -2.0, 100.0], [-2.0, 0.0, 100.0], [0.0, 0.0, 1.0]], "bev": "bev_d746c97a0fd34bd3913ba61bb5b304b9.png", "aux": "aux_d746c97a0fd34bd3913ba61bb5b304b9.npz", "visibility": "visibility_d746c97a0fd34bd3913ba61bb5b304b9.png", "pose": [[0.9225397109985352, 0.38590213656425476, 0.0, 900.43994140625], [-0.38590213656425476, 0.9225397109985352, 0.0, 1400.0115966796875], [0.0, 0.0, 1.0, 0.0], [0.0, 0.0, 0.0, 1.0]], "pose_inverse": [[0.9225397109985352, -0.38590213656425476, 0.0, -290.4241638183594], [0.38590213656425476, 0.9225397109985352, 0.0, -1639.0479736328125], [0.0, 0.0, 1.0, 0.0], [0.0, 0.0, 0.0, 1.0]], "cam_ids": [0, 1, 2, 3, 4, 5], "cam_channels": ["CAM_FRONT_LEFT", "CAM_FRONT", "CAM_FRONT_RIGHT", "CAM_BACK_LEFT", "CAM_BACK", "CAM_BACK_RIGHT"], "token": "d746c97a0fd34bd3913ba61bb5b304b9", "scene": "scene-0324"}, {"images": ["samples/CAM_FRONT_LEFT/n008-2018-08-28-16-16-48-0400__CAM_FRONT_LEFT__1535488462154799.jpg", "samples/CAM_FRONT/n008-2018-08-28-16-16-48-0400__CAM_FRONT__1535488462162404.jpg", "samples/CAM_FRONT_RIGHT/n008-2018-08-28-16-16-48-0400__CAM_FRONT_RIGHT__1535488462170482.jpg", "samples/CAM_BACK_LEFT/n008-2018-08-28-16-16-48-0400__CAM_BACK_LEFT__1535488462197429.jpg", "samples/CAM_BACK/n008-2018-08-28-16-16-48-0400__CAM_BACK__1535488462187558.jpg", "samples/CAM_BACK_RIGHT/n008-2018-08-28-16-16-48-0400__CAM_BACK_RIGHT__1535488462178113.jpg"], "intrinsics": [[[1257.8625342125129, 0.0, 827.2410631095686], [0.0, 1257.8625342125129, 450.915498205774], [0.0, 0.0, 1.0]], [[1252.8131021185304, 0.0, 826.588114781398], [0.0, 1252.8131021185304, 469.9846626224581], [0.0, 0.0, 1.0]], [[1256.7485116440405, 0.0, 817.7887570959712], [0.0, 1256.7485116440403, 451.9541780095127], [0.0, 0.0, 1.0]], [[1254.9860565800168, 0.0, 829.5769333630991], [0.0, 1254.9860565800168, 467.1680561863987], [0.0, 0.0, 1.0]], [[796.8910634503094, 0.0, 857.7774326863696], [0.0, 796.8910634503094, 476.8848988407415], [0.0, 0.0, 1.0]], [[1249.9629280788233, 0.0, 825.3768045375984], [0.0, 1249.9629280788233, 462.54816385708756], [0.0, 0.0, 1.0]]], "extrinsics": [[[0.8215300440788269, -0.5701422095298767, -0.005127442069351673, -0.68475341796875], [0.014523627236485481, 0.029915696009993553, -0.9994468688964844, 1.493804931640625], [0.5699803233146667, 0.8210011720657349, 0.032857172191143036, -1.1158447265625], [0.0, 0.0, 0.0, 1.0]], [[0.008902337402105331, -0.9996318221092224, -0.025631818920373917, 0.0113525390625], [0.016490377485752106, 0.025776108726859093, -0.9995316863059998, 1.4853172302246094], [0.9998243451118469, 0.00847548246383667, 0.01671377196907997, -1.417205810546875], [0.0, 0.0, 0.0, 1.0]], [[-0.8444119095802307, -0.5348616242408752, -0.02985791303217411, 0.88623046875], [0.024522187188267708, 0.017084317281842232, -0.9995532631874084, 1.4990043640136719], [0.535132884979248, -0.8447669744491577, -0.0013102239463478327, -1.1453857421875], [0.0, 0.0, 0.0, 1.0]], [[0.9478609561920166, 0.3185392916202545, 0.009608113206923008, -1.1485595703125], [-0.0007585720741190016, 0.03240443393588066, -0.9994745850563049, 1.5620460510253906], [-0.3186832368373871, 0.9473555684089661, 0.030956534668803215, -0.1546630859375], [0.0, 0.0, 0.0, 1.0]], [[0.009512887336313725, 0.9996461868286133, 0.024838890880346298, -0.02880859375], [0.001284141093492508, 0.024827780202031136, -0.9996908903121948, 1.5681533813476562], [-0.9999538660049438, 0.009541818872094154, -0.0010475035523995757, -0.041748046875], [0.0, 0.0, 0.0, 1.0]], [[-0.9233930706977844, 0.38383230566978455, -0.004227057099342346, 1.000152587890625], [0.005441315472126007, 0.002077697776257992, -0.999983012676239, 1.5487523078918457], [-0.3838169276714325, -0.9234004616737366, -0.0040070838294923306, -0.108642578125], [0.0, 0.0, 0.0, 1.0]]], "view": [[0.0, -2.0, 100.0], [-2.0, 0.0, 100.0], [0.0, 0.0, 1.0]], "bev": "bev_dd876adb9b6e4e939d355e74859f4d51.png", "aux": "aux_dd876adb9b6e4e939d355e74859f4d51.npz", "visibility": "visibility_dd876adb9b6e4e939d355e74859f4d51.png", "pose": [[0.9333397746086121, 0.35899415612220764, 0.0, 905.0385131835938], [-0.35899415612220764, 0.9333397746086121, 0.0, 1398.0814208984375], [0.0, 0.0, 1.0, 0.0], [0.0, 0.0, 0.0, 1.0]], "pose_inverse": [[0.9333397746086121, -0.35899415612220764, 0.0, -342.8053894042969], [0.35899415612220764, 0.9333397746086121, 0.0, -1629.78857421875], [0.0, 0.0, 1.0, 0.0], [0.0, 0.0, 0.0, 1.0]], "cam_ids": [0, 1, 2, 3, 4, 5], "cam_channels": ["CAM_FRONT_LEFT", "CAM_FRONT", "CAM_FRONT_RIGHT", "CAM_BACK_LEFT", "CAM_BACK", "CAM_BACK_RIGHT"], "token": "dd876adb9b6e4e939d355e74859f4d51", "scene": "scene-0324"}, {"images": ["samples/CAM_FRONT_LEFT/n008-2018-08-28-16-16-48-0400__CAM_FRONT_LEFT__1535488462654799.jpg", "samples/CAM_FRONT/n008-2018-08-28-16-16-48-0400__CAM_FRONT__1535488462662404.jpg", "samples/CAM_FRONT_RIGHT/n008-2018-08-28-16-16-48-0400__CAM_FRONT_RIGHT__1535488462670482.jpg", "samples/CAM_BACK_LEFT/n008-2018-08-28-16-16-48-0400__CAM_BACK_LEFT__1535488462697405.jpg", "samples/CAM_BACK/n008-2018-08-28-16-16-48-0400__CAM_BACK__1535488462687558.jpg", "samples/CAM_BACK_RIGHT/n008-2018-08-28-16-16-48-0400__CAM_BACK_RIGHT__1535488462678113.jpg"], "intrinsics": [[[1257.8625342125129, 0.0, 827.2410631095686], [0.0, 1257.8625342125129, 450.915498205774], [0.0, 0.0, 1.0]], [[1252.8131021185304, 0.0, 826.588114781398], [0.0, 1252.8131021185304, 469.9846626224581], [0.0, 0.0, 1.0]], [[1256.7485116440405, 0.0, 817.7887570959712], [0.0, 1256.7485116440403, 451.9541780095127], [0.0, 0.0, 1.0]], [[1254.9860565800168, 0.0, 829.5769333630991], [0.0, 1254.9860565800168, 467.1680561863987], [0.0, 0.0, 1.0]], [[796.8910634503094, 0.0, 857.7774326863696], [0.0, 796.8910634503094, 476.8848988407415], [0.0, 0.0, 1.0]], [[1249.9629280788233, 0.0, 825.3768045375984], [0.0, 1249.9629280788233, 462.54816385708756], [0.0, 0.0, 1.0]]], "extrinsics": [[[0.8214420676231384, -0.5702226161956787, -0.00889634434133768, -0.6773681640625], [0.011284923180937767, 0.031849272549152374, -0.9994289875030518, 1.4926223754882812], [0.570180356502533, 0.8208726048469543, 0.03259725123643875, -1.111328125], [0.0, 0.0, 0.0, 1.0]], [[0.008712220005691051, -0.9995801448822021, -0.027633456513285637, 0.0118408203125], [0.013274052180349827, 0.02774767577648163, -0.999526858329773, 1.4843788146972656], [0.9998739361763, 0.008341281674802303, 0.013510221615433693, -1.409820556640625], [0.0, 0.0, 0.0, 1.0]], [[-0.844555139541626, -0.5347244739532471, -0.028218219056725502, 0.88134765625], [0.021318955346941948, 0.019078299403190613, -0.9995906352996826, 1.4983406066894531], [0.5350439548492432, -0.8448110818862915, -0.004712912254035473, -1.1416015625], [0.0, 0.0, 0.0, 1.0]], [[0.9478890895843506, 0.31852126121520996, 0.007102086208760738, -1.14459228515625], [-0.004038372542709112, 0.03430156409740448, -0.9994033575057983, 1.5620460510253906], [-0.3185748755931854, 0.9472948908805847, 0.033800385892391205, -0.1558837890625], [0.0, 0.0, 0.0, 1.0]], [[0.009624412283301353, 0.999595046043396, 0.02677910402417183, -0.0289306640625], [-0.0018845612648874521, 0.02679842710494995, -0.999639093875885, 1.5678634643554688], [-0.999951958656311, 0.009570487774908543, 0.00214171689003706, -0.04644775390625], [0.0, 0.0, 0.0, 1.0]], [[-0.9233740568161011, 0.383900910615921, -0.0005293696885928512, 0.99493408203125], [0.002266489202156663, 0.004072543699294329, -0.9999891519546509, 1.5482096672058105], [-0.3838946223258972, -0.9233652353286743, -0.004630587995052338, -0.110595703125], [0.0, 0.0, 0.0, 1.0]]], "view": [[0.0, -2.0, 100.0], [-2.0, 0.0, 100.0], [0.0, 0.0, 1.0]], "bev": "bev_16f70ba280f24457988b9615e1d3240f.png", "aux": "aux_16f70ba280f24457988b9615e1d3240f.npz", "visibility": "visibility_16f70ba280f24457988b9615e1d3240f.png", "pose": [[0.9432139992713928, 0.33218565583229065, 0.0, 909.4091186523438], [-0.33218565583229065, 0.9432139992713928, 0.0, 1396.45068359375], [0.0, 0.0, 1.0, 0.0], [0.0, 0.0, 0.0, 1.0]], "pose_inverse": [[0.9432139992713928, -0.33218565583229065, 0.0, -393.88653564453125], [0.33218565583229065, 0.9432139992713928, 0.0, -1619.2445068359375], [0.0, 0.0, 1.0, 0.0], [0.0, 0.0, 0.0, 1.0]], "cam_ids": [0, 1, 2, 3, 4, 5], "cam_channels": ["CAM_FRONT_LEFT", "CAM_FRONT", "CAM_FRONT_RIGHT", "CAM_BACK_LEFT", "CAM_BACK", "CAM_BACK_RIGHT"], "token": "16f70ba280f24457988b9615e1d3240f", "scene": "scene-0324"}, {"images": ["samples/CAM_FRONT_LEFT/n008-2018-08-28-16-16-48-0400__CAM_FRONT_LEFT__1535488463154799.jpg", "samples/CAM_FRONT/n008-2018-08-28-16-16-48-0400__CAM_FRONT__1535488463162404.jpg", "samples/CAM_FRONT_RIGHT/n008-2018-08-28-16-16-48-0400__CAM_FRONT_RIGHT__1535488463170482.jpg", "samples/CAM_BACK_LEFT/n008-2018-08-28-16-16-48-0400__CAM_BACK_LEFT__1535488463197405.jpg", "samples/CAM_BACK/n008-2018-08-28-16-16-48-0400__CAM_BACK__1535488463187558.jpg", "samples/CAM_BACK_RIGHT/n008-2018-08-28-16-16-48-0400__CAM_BACK_RIGHT__1535488463178113.jpg"], "intrinsics": [[[1257.8625342125129, 0.0, 827.2410631095686], [0.0, 1257.8625342125129, 450.915498205774], [0.0, 0.0, 1.0]], [[1252.8131021185304, 0.0, 826.588114781398], [0.0, 1252.8131021185304, 469.9846626224581], [0.0, 0.0, 1.0]], [[1256.7485116440405, 0.0, 817.7887570959712], [0.0, 1256.7485116440403, 451.9541780095127], [0.0, 0.0, 1.0]], [[1254.9860565800168, 0.0, 829.5769333630991], [0.0, 1254.9860565800168, 467.1680561863987], [0.0, 0.0, 1.0]], [[796.8910634503094, 0.0, 857.7774326863696], [0.0, 796.8910634503094, 476.8848988407415], [0.0, 0.0, 1.0]], [[1249.9629280788233, 0.0, 825.3768045375984], [0.0, 1249.9629280788233, 462.54816385708756], [0.0, 0.0, 1.0]]], "extrinsics": [[[0.821898341178894, -0.5695670247077942, -0.008745363913476467, -0.6661376953125], [0.011861034668982029, 0.032460980117321014, -0.9994025826454163, 1.4929618835449219], [0.5695106983184814, 0.82130366563797, 0.03343527764081955, -1.1053466796875], [0.0, 0.0, 0.0, 1.0]], [[0.009356622584164143, -0.9995583295822144, -0.028206702321767807, 0.0130615234375], [0.013899327255785465, 0.028335217386484146, -0.9995018243789673, 1.4847335815429688], [0.9998595714569092, 0.008959837257862091, 0.014158308506011963, -1.396575927734375], [0.0, 0.0, 0.0, 1.0]], [[-0.8442930579185486, -0.5350906848907471, -0.029107335954904556, 0.8695068359375], [0.02202596142888069, 0.01961967535316944, -0.9995648264884949, 1.4988174438476562], [0.5354289412498474, -0.844566822052002, -0.004778871312737465, -1.13330078125], [0.0, 0.0, 0.0, 1.0]], [[0.9478991031646729, 0.31845954060554504, 0.008419591002166271, -1.1290283203125], [-0.0028088607359677553, 0.034783005714416504, -0.9993909001350403, 1.5619888305664062], [-0.3185584545135498, 0.9472980499267578, 0.03386528417468071, -0.1614990234375], [0.0, 0.0, 0.0, 1.0]], [[0.009478007443249226, 0.9995840191841125, 0.027241075411438942, -0.0291748046875], [-0.0009100830066017807, 0.02725091017782688, -0.9996281862258911, 1.5679283142089844], [-0.9999547004699707, 0.009449693374335766, 0.0011679880553856492, -0.062164306640625], [0.0, 0.0, 0.0, 1.0]], [[-0.9234883189201355, 0.38362497091293335, -0.0010923537192866206, 0.9810333251953125], [0.0030765202827751637, 0.0045586032792925835, -0.999984860420227, 1.5483975410461426], [-0.3836142122745514, -0.9234777092933655, -0.005390047095716, -0.11572265625], [0.0, 0.0, 0.0, 1.0]]], "view": [[0.0, -2.0, 100.0], [-2.0, 0.0, 100.0], [0.0, 0.0, 1.0]], "bev": "bev_2ceb8ef0868b4b5aba86c96ce6d2d5af.png", "aux": "aux_2ceb8ef0868b4b5aba86c96ce6d2d5af.npz", "visibility": "visibility_2ceb8ef0868b4b5aba86c96ce6d2d5af.png", "pose": [[0.948065459728241, 0.3180753290653229, 0.0, 913.7659301757812], [-0.3180753290653229, 0.948065459728241, 0.0, 1394.9144287109375], [0.0, 0.0, 1.0, 0.0], [0.0, 0.0, 0.0, 1.0]], "pose_inverse": [[0.948065459728241, -0.3180753290653229, 0.0, -422.6220703125], [0.3180753290653229, 0.948065459728241, 0.0, -1613.1165771484375], [0.0, 0.0, 1.0, 0.0], [0.0, 0.0, 0.0, 1.0]], "cam_ids": [0, 1, 2, 3, 4, 5], "cam_channels": ["CAM_FRONT_LEFT", "CAM_FRONT", "CAM_FRONT_RIGHT", "CAM_BACK_LEFT", "CAM_BACK", "CAM_BACK_RIGHT"], "token": "2ceb8ef0868b4b5aba86c96ce6d2d5af", "scene": "scene-0324"}, {"images": ["samples/CAM_FRONT_LEFT/n008-2018-08-28-16-16-48-0400__CAM_FRONT_LEFT__1535488463654799.jpg", "samples/CAM_FRONT/n008-2018-08-28-16-16-48-0400__CAM_FRONT__1535488463662404.jpg", "samples/CAM_FRONT_RIGHT/n008-2018-08-28-16-16-48-0400__CAM_FRONT_RIGHT__1535488463670482.jpg", "samples/CAM_BACK_LEFT/n008-2018-08-28-16-16-48-0400__CAM_BACK_LEFT__1535488463697405.jpg", "samples/CAM_BACK/n008-2018-08-28-16-16-48-0400__CAM_BACK__1535488463687558.jpg", "samples/CAM_BACK_RIGHT/n008-2018-08-28-16-16-48-0400__CAM_BACK_RIGHT__1535488463678113.jpg"], "intrinsics": [[[1257.8625342125129, 0.0, 827.2410631095686], [0.0, 1257.8625342125129, 450.915498205774], [0.0, 0.0, 1.0]], [[1252.8131021185304, 0.0, 826.588114781398], [0.0, 1252.8131021185304, 469.9846626224581], [0.0, 0.0, 1.0]], [[1256.7485116440405, 0.0, 817.7887570959712], [0.0, 1256.7485116440403, 451.9541780095127], [0.0, 0.0, 1.0]], [[1254.9860565800168, 0.0, 829.5769333630991], [0.0, 1254.9860565800168, 467.1680561863987], [0.0, 0.0, 1.0]], [[796.8910634503094, 0.0, 857.7774326863696], [0.0, 796.8910634503094, 476.8848988407415], [0.0, 0.0, 1.0]], [[1249.9629280788233, 0.0, 825.3768045375984], [0.0, 1249.9629280788233, 462.54816385708756], [0.0, 0.0, 1.0]]], "extrinsics": [[[0.8221502304077148, -0.5691425204277039, -0.012079288251698017, -0.6827392578125], [0.007049342151731253, 0.03139573708176613, -0.9994821548461914, 1.4909706115722656], [0.5692271590232849, 0.8216392993927002, 0.029824089258909225, -1.1131591796875], [0.0, 0.0, 0.0, 1.0]], [[0.009689140133559704, -0.9995874762535095, -0.027037063613533974, 0.010498046875], [0.009033299051225185, 0.02712472900748253, -0.9995912313461304, 1.4830093383789062], [0.9999122619628906, 0.009441002272069454, 0.009292388334870338, -1.41387939453125], [0.0, 0.0, 0.0, 1.0]], [[-0.844210147857666, -0.5354644656181335, -0.02422679401934147, 0.8826904296875], [0.017102129757404327, 0.018267158418893814, -0.9996868968009949, 1.4972763061523438], [0.5357394218444824, -0.8443601727485657, -0.006263740360736847, -1.143798828125], [0.0, 0.0, 0.0, 1.0]], [[0.9478905200958252, 0.3185817301273346, 0.003051621140912175, -1.14202880859375], [-0.007879595272243023, 0.03301776200532913, -0.9994237422943115, 1.5620307922363281], [-0.3184989094734192, 0.9473202228546143, 0.03380751609802246, -0.15673828125], [0.0, 0.0, 0.0, 1.0]], [[0.009389367885887623, 0.9996287822723389, 0.02557642012834549, -0.028564453125], [-0.0059264590963721275, 0.02563272789120674, -0.9996538758277893, 1.5675048828125], [-0.9999383091926575, 0.009234505705535412, 0.006164934020489454, -0.04730224609375], [0.0, 0.0, 0.0, 1.0]], [[-0.923608124256134, 0.383326917886734, 0.0029191849753260612, 0.9962615966796875], [-0.0018845940940082073, 0.003074501408264041, -0.9999935030937195, 1.5474724769592285], [-0.3833334147930145, -0.923607587814331, -0.0021172193810343742, -0.11083984375], [0.0, 0.0, 0.0, 1.0]]], "view": [[0.0, -2.0, 100.0], [-2.0, 0.0, 100.0], [0.0, 0.0, 1.0]], "bev": "bev_c29a2235790c456699d20b21c9cf0e5c.png", "aux": "aux_c29a2235790c456699d20b21c9cf0e5c.npz", "visibility": "visibility_c29a2235790c456699d20b21c9cf0e5c.png", "pose": [[0.9507884979248047, 0.30984067916870117, 0.0, 918.0338745117188], [-0.30984067916870117, 0.9507884979248047, 0.0, 1393.45654296875], [0.0, 0.0, 1.0, 0.0], [0.0, 0.0, 0.0, 1.0]], "pose_inverse": [[0.9507884979248047, -0.30984067916870117, 0.0, -441.1065368652344], [0.30984067916870117, 0.9507884979248047, 0.0, -1609.32666015625], [0.0, 0.0, 1.0, 0.0], [0.0, 0.0, 0.0, 1.0]], "cam_ids": [0, 1, 2, 3, 4, 5], "cam_channels": ["CAM_FRONT_LEFT", "CAM_FRONT", "CAM_FRONT_RIGHT", "CAM_BACK_LEFT", "CAM_BACK", "CAM_BACK_RIGHT"], "token": "c29a2235790c456699d20b21c9cf0e5c", "scene": "scene-0324"}, {"images": ["samples/CAM_FRONT_LEFT/n008-2018-08-28-16-16-48-0400__CAM_FRONT_LEFT__1535488464155664.jpg", "samples/CAM_FRONT/n008-2018-08-28-16-16-48-0400__CAM_FRONT__1535488464162404.jpg", "samples/CAM_FRONT_RIGHT/n008-2018-08-28-16-16-48-0400__CAM_FRONT_RIGHT__1535488464170482.jpg", "samples/CAM_BACK_LEFT/n008-2018-08-28-16-16-48-0400__CAM_BACK_LEFT__1535488464197405.jpg", "samples/CAM_BACK/n008-2018-08-28-16-16-48-0400__CAM_BACK__1535488464187558.jpg", "samples/CAM_BACK_RIGHT/n008-2018-08-28-16-16-48-0400__CAM_BACK_RIGHT__1535488464178113.jpg"], "intrinsics": [[[1257.8625342125129, 0.0, 827.2410631095686], [0.0, 1257.8625342125129, 450.915498205774], [0.0, 0.0, 1.0]], [[1252.8131021185304, 0.0, 826.588114781398], [0.0, 1252.8131021185304, 469.9846626224581], [0.0, 0.0, 1.0]], [[1256.7485116440405, 0.0, 817.7887570959712], [0.0, 1256.7485116440403, 451.9541780095127], [0.0, 0.0, 1.0]], [[1254.9860565800168, 0.0, 829.5769333630991], [0.0, 1254.9860565800168, 467.1680561863987], [0.0, 0.0, 1.0]], [[796.8910634503094, 0.0, 857.7774326863696], [0.0, 796.8910634503094, 476.8848988407415], [0.0, 0.0, 1.0]], [[1249.9629280788233, 0.0, 825.3768045375984], [0.0, 1249.9629280788233, 462.54816385708756], [0.0, 0.0, 1.0]]], "extrinsics": [[[0.8223474621772766, -0.5689579248428345, -0.005621612071990967, -0.692626953125], [0.013500945642590523, 0.029389062896370888, -0.9994768500328064, 1.4932937622070312], [0.5688254237174988, 0.8218413591384888, 0.031849492341279984, -1.1214599609375], [0.0, 0.0, 0.0, 1.0]], [[0.010018767789006233, -0.9996338486671448, -0.025132199749350548, 0.011474609375], [0.0155436210334301, 0.02528611198067665, -0.9995594620704651, 1.4850120544433594], [0.9998288750648499, 0.009623757563531399, 0.015791267156600952, -1.418060302734375], [0.0, 0.0, 0.0, 1.0]], [[-0.8439977765083313, -0.5355695486068726, -0.02886320650577545, 0.8861083984375], [0.023642245680093765, 0.016612503677606583, -0.9995824098587036, 1.4987983703613281], [0.5358254313468933, -0.8443277478218079, -0.0013588477158918977, -1.1451416015625], [0.0, 0.0, 0.0, 1.0]], [[0.947874128818512, 0.3185240626335144, 0.008777613751590252, -1.14312744140625], [-0.0014809793792665005, 0.03195019066333771, -0.999488353729248, 1.562042236328125], [-0.3186415433883667, 0.9473761916160583, 0.03075648471713066, -0.1563720703125], [0.0, 0.0, 0.0, 1.0]], [[0.009249771013855934, 0.9996604919433594, 0.024359358474612236, -0.0289306640625], [0.0005613199900835752, 0.0243552066385746, -0.9997031688690186, 1.5680923461914062], [-0.9999570846557617, 0.00926070474088192, -0.0003358497633598745, -0.0452880859375], [0.0, 0.0, 0.0, 1.0]], [[-0.9236127138137817, 0.38330915570259094, -0.0036608465015888214, 0.9986114501953125], [0.004622965585440397, 0.0015888665802776814, -0.9999880194664001, 1.5486178398132324], [-0.3832987844944, -0.923618733882904, -0.0032395219895988703, -0.1092529296875], [0.0, 0.0, 0.0, 1.0]]], "view": [[0.0, -2.0, 100.0], [-2.0, 0.0, 100.0], [0.0, 0.0, 1.0]], "bev": "bev_95715d4770dc480eb56f061066db1113.png", "aux": "aux_95715d4770dc480eb56f061066db1113.npz", "visibility": "visibility_95715d4770dc480eb56f061066db1113.png", "pose": [[0.9534749984741211, 0.3014720678329468, 0.0, 922.2974243164062], [-0.3014720678329468, 0.9534749984741211, 0.0, 1392.0592041015625], [0.0, 0.0, 1.0, 0.0], [0.0, 0.0, 0.0, 1.0]], "pose_inverse": [[0.9534749984741211, -0.3014720678329468, 0.0, -459.7205810546875], [0.3014720678329468, 0.9534749984741211, 0.0, -1605.340576171875], [0.0, 0.0, 1.0, 0.0], [0.0, 0.0, 0.0, 1.0]], "cam_ids": [0, 1, 2, 3, 4, 5], "cam_channels": ["CAM_FRONT_LEFT", "CAM_FRONT", "CAM_FRONT_RIGHT", "CAM_BACK_LEFT", "CAM_BACK", "CAM_BACK_RIGHT"], "token": "95715d4770dc480eb56f061066db1113", "scene": "scene-0324"}, {"images": ["samples/CAM_FRONT_LEFT/n008-2018-08-28-16-16-48-0400__CAM_FRONT_LEFT__1535488464654799.jpg", "samples/CAM_FRONT/n008-2018-08-28-16-16-48-0400__CAM_FRONT__1535488464662404.jpg", "samples/CAM_FRONT_RIGHT/n008-2018-08-28-16-16-48-0400__CAM_FRONT_RIGHT__1535488464670482.jpg", "samples/CAM_BACK_LEFT/n008-2018-08-28-16-16-48-0400__CAM_BACK_LEFT__1535488464697405.jpg", "samples/CAM_BACK/n008-2018-08-28-16-16-48-0400__CAM_BACK__1535488464687558.jpg", "samples/CAM_BACK_RIGHT/n008-2018-08-28-16-16-48-0400__CAM_BACK_RIGHT__1535488464678113.jpg"], "intrinsics": [[[1257.8625342125129, 0.0, 827.2410631095686], [0.0, 1257.8625342125129, 450.915498205774], [0.0, 0.0, 1.0]], [[1252.8131021185304, 0.0, 826.588114781398], [0.0, 1252.8131021185304, 469.9846626224581], [0.0, 0.0, 1.0]], [[1256.7485116440405, 0.0, 817.7887570959712], [0.0, 1256.7485116440403, 451.9541780095127], [0.0, 0.0, 1.0]], [[1254.9860565800168, 0.0, 829.5769333630991], [0.0, 1254.9860565800168, 467.1680561863987], [0.0, 0.0, 1.0]], [[796.8910634503094, 0.0, 857.7774326863696], [0.0, 796.8910634503094, 476.8848988407415], [0.0, 0.0, 1.0]], [[1249.9629280788233, 0.0, 825.3768045375984], [0.0, 1249.9629280788233, 462.54816385708756], [0.0, 0.0, 1.0]]], "extrinsics": [[[0.8218427896499634, -0.5695984363555908, -0.011492601595818996, -0.69805908203125], [0.006839013658463955, 0.03003474324941635, -0.9995254874229431, 1.4908103942871094], [0.5696732401847839, 0.821374237537384, 0.02857932820916176, -1.1220703125], [0.0, 0.0, 0.0, 1.0]], [[0.009225844405591488, -0.99962317943573, -0.025852138176560402, 0.00927734375], [0.008837435394525528, 0.02593373879790306, -0.9996246099472046, 1.48284912109375], [0.9999184608459473, 0.008993923664093018, 0.009073366411030293, -1.427581787109375], [0.0, 0.0, 0.0, 1.0]], [[-0.8444156050682068, -0.5351710915565491, -0.02354009822010994, 0.8905029296875], [0.016937559470534325, 0.01724846102297306, -0.9997077584266663, 1.4970779418945312], [0.5354207754135132, -0.844567596912384, -0.005500377155840397, -1.150146484375], [0.0, 0.0, 0.0, 1.0]], [[0.9478956460952759, 0.3185696601867676, 0.002688289387151599, -1.1392822265625], [-0.008081329055130482, 0.032479677349328995, -0.9994397163391113, 1.5620040893554688], [-0.3184784948825836, 0.9473428130149841, 0.03336181119084358, -0.1575927734375], [0.0, 0.0, 0.0, 1.0]], [[0.009541388601064682, 0.9996446967124939, 0.024891041219234467, -0.0281982421875], [-0.0061116889119148254, 0.02495000883936882, -0.9996699690818787, 1.5675086975097656], [-0.9999358654022217, 0.009386084973812103, 0.006347574759274721, -0.045562744140625], [0.0, 0.0, 0.0, 1.0]], [[-0.9234997630119324, 0.3835892379283905, 0.0027099254075437784, 1.0022125244140625], [-0.00201611896045506, 0.0022107702679932117, -0.9999955296516418, 1.5474655628204346], [-0.38359346985816956, -0.923501193523407, -0.0012682838132604957, -0.1090087890625], [0.0, 0.0, 0.0, 1.0]]], "view": [[0.0, -2.0, 100.0], [-2.0, 0.0, 100.0], [0.0, 0.0, 1.0]], "bev": "bev_5cb5da9154544105b4c9b18b71762829.png", "aux": "aux_5cb5da9154544105b4c9b18b71762829.npz", "visibility": "visibility_5cb5da9154544105b4c9b18b71762829.png", "pose": [[0.9546250700950623, 0.2978103458881378, 0.0, 926.5036010742188], [-0.2978103458881378, 0.9546250700950623, 0.0, 1390.7034912109375], [0.0, 0.0, 1.0, 0.0], [0.0, 0.0, 0.0, 1.0]], "pose_inverse": [[0.9546250700950623, -0.2978103458881378, 0.0, -470.29766845703125], [0.2978103458881378, 0.9546250700950623, 0.0, -1603.522705078125], [0.0, 0.0, 1.0, 0.0], [0.0, 0.0, 0.0, 1.0]], "cam_ids": [0, 1, 2, 3, 4, 5], "cam_channels": ["CAM_FRONT_LEFT", "CAM_FRONT", "CAM_FRONT_RIGHT", "CAM_BACK_LEFT", "CAM_BACK", "CAM_BACK_RIGHT"], "token": "5cb5da9154544105b4c9b18b71762829", "scene": "scene-0324"}, {"images": ["samples/CAM_FRONT_LEFT/n008-2018-08-28-16-16-48-0400__CAM_FRONT_LEFT__1535488465156466.jpg", "samples/CAM_FRONT/n008-2018-08-28-16-16-48-0400__CAM_FRONT__1535488465162404.jpg", "samples/CAM_FRONT_RIGHT/n008-2018-08-28-16-16-48-0400__CAM_FRONT_RIGHT__1535488465170482.jpg", "samples/CAM_BACK_LEFT/n008-2018-08-28-16-16-48-0400__CAM_BACK_LEFT__1535488465197405.jpg", "samples/CAM_BACK/n008-2018-08-28-16-16-48-0400__CAM_BACK__1535488465187558.jpg", "samples/CAM_BACK_RIGHT/n008-2018-08-28-16-16-48-0400__CAM_BACK_RIGHT__1535488465178113.jpg"], "intrinsics": [[[1257.8625342125129, 0.0, 827.2410631095686], [0.0, 1257.8625342125129, 450.915498205774], [0.0, 0.0, 1.0]], [[1252.8131021185304, 0.0, 826.588114781398], [0.0, 1252.8131021185304, 469.9846626224581], [0.0, 0.0, 1.0]], [[1256.7485116440405, 0.0, 817.7887570959712], [0.0, 1256.7485116440403, 451.9541780095127], [0.0, 0.0, 1.0]], [[1254.9860565800168, 0.0, 829.5769333630991], [0.0, 1254.9860565800168, 467.1680561863987], [0.0, 0.0, 1.0]], [[796.8910634503094, 0.0, 857.7774326863696], [0.0, 796.8910634503094, 476.8848988407415], [0.0, 0.0, 1.0]], [[1249.9629280788233, 0.0, 825.3768045375984], [0.0, 1249.9629280788233, 462.54816385708756], [0.0, 0.0, 1.0]]], "extrinsics": [[[0.8225854635238647, -0.5685649514198303, -0.0093302046880126, -0.7218017578125], [0.008971784263849258, 0.029382500797510147, -0.9995279908180237, 1.4912490844726562], [0.5685707926750183, 0.8221135139465332, 0.029270658269524574, -1.14208984375], [0.0, 0.0, 0.0, 1.0]], [[0.01033380813896656, -0.9996272325515747, -0.02526848018169403, 0.0118408203125], [0.010938991792500019, 0.025381330400705338, -0.9996179938316345, 1.4832839965820312], [0.9998868107795715, 0.010053439997136593, 0.011197201907634735, -1.441680908203125], [0.0, 0.0, 0.0, 1.0]], [[-0.8439227342605591, -0.5358784794807434, -0.02507171407341957, 0.90087890625], [0.01901504211127758, 0.016825463622808456, -0.9996775984764099, 1.4973335266113281], [0.5361275672912598, -0.8441274762153625, -0.004009638912975788, -1.1534423828125], [0.0, 0.0, 0.0, 1.0]], [[0.9478892087936401, 0.31856629252433777, 0.00465092109516263, -1.140869140625], [-0.005940656643360853, 0.032268013805150986, -0.9994615912437439, 1.5620193481445312], [-0.3185448944568634, 0.9473512172698975, 0.032478995621204376, -0.1571044921875], [0.0, 0.0, 0.0, 1.0]], [[0.009188479743897915, 0.9996541738510132, 0.024640224874019623, -0.029296875], [-0.004010803531855345, 0.024677909910678864, -0.9996873736381531, 1.56768798828125], [-0.9999497