[{"images": ["samples/CAM_FRONT_LEFT/n008-2018-08-30-15-16-55-0400__CAM_FRONT_LEFT__1535656635254799.jpg", "samples/CAM_FRONT/n008-2018-08-30-15-16-55-0400__CAM_FRONT__1535656635262404.jpg", "samples/CAM_FRONT_RIGHT/n008-2018-08-30-15-16-55-0400__CAM_FRONT_RIGHT__1535656635270482.jpg", "samples/CAM_BACK_LEFT/n008-2018-08-30-15-16-55-0400__CAM_BACK_LEFT__1535656635297405.jpg", "samples/CAM_BACK/n008-2018-08-30-15-16-55-0400__CAM_BACK__1535656635287558.jpg", "samples/CAM_BACK_RIGHT/n008-2018-08-30-15-16-55-0400__CAM_BACK_RIGHT__1535656635278113.jpg"], "intrinsics": [[[1257.8625342125129, 0.0, 827.2410631095686], [0.0, 1257.8625342125129, 450.915498205774], [0.0, 0.0, 1.0]], [[1252.8131021185304, 0.0, 826.588114781398], [0.0, 1252.8131021185304, 469.9846626224581], [0.0, 0.0, 1.0]], [[1256.7485116440405, 0.0, 817.7887570959712], [0.0, 1256.7485116440403, 451.9541780095127], [0.0, 0.0, 1.0]], [[1254.9860565800168, 0.0, 829.5769333630991], [0.0, 1254.9860565800168, 467.1680561863987], [0.0, 0.0, 1.0]], [[796.8910634503094, 0.0, 857.7774326863696], [0.0, 796.8910634503094, 476.8848988407415], [0.0, 0.0, 1.0]], [[1249.9629280788233, 0.0, 825.3768045375984], [0.0, 1249.9629280788233, 462.54816385708756], [0.0, 0.0, 1.0]]], "extrinsics": [[[0.8264998197555542, -0.5626527070999146, -0.01788981445133686, -0.906982421875], [0.006806731224060059, 0.041765645146369934, -0.9991042613983154, 1.4891433715820312], [0.5628958344459534, 0.825637698173523, 0.038349125534296036, -1.265380859375], [0.0, 0.0, 0.0, 1.0]], [[0.016023773699998856, -0.9991731643676758, -0.03736572712659836, 0.0062255859375], [0.008965385146439075, 0.03751260042190552, -0.9992559552192688, 1.4810791015625], [0.9998314380645752, 0.01567688211798668, 0.009559066966176033, -1.635894775390625], [0.0, 0.0, 0.0, 1.0]], [[-0.8415723443031311, -0.5393128991127014, -0.029961492866277695, 1.0255126953125], [0.017181603237986565, 0.028712743893265724, -0.9994400143623352, 1.4944076538085938], [0.5398711562156677, -0.8416157364845276, -0.014897591434419155, -1.2364501953125], [0.0, 0.0, 0.0, 1.0]], [[0.9478419423103333, 0.3186706304550171, 0.006682666949927807, -1.1392822265625], [-0.007520114071667194, 0.04331770911812782, -0.9990330338478088, 1.56201171875], [-0.31865206360816956, 0.9468750953674316, 0.04345478117465973, -0.157470703125], [0.0, 0.0, 0.0, 1.0]], [[0.007483019959181547, 0.9993268847465515, 0.03591398894786835, -0.0283203125], [-0.00564981484785676, 0.035956673324108124, -0.9993373155593872, 1.5678939819335938], [-0.9999560117721558, 0.007275142706930637, 0.00591507600620389, 0.013214111328125], [0.0, 0.0, 0.0, 1.0]], [[-0.924966037273407, 0.37999242544174194, 0.006606659851968288, 1.108673095703125], [-0.0016266179736703634, 0.01342524029314518, -0.9999085664749146, 1.5477237701416016], [-0.3800463378429413, -0.924892246723175, -0.01179978996515274, -0.065673828125], [0.0, 0.0, 0.0, 1.0]]], "view": [[0.0, -2.0, 100.0], [-2.0, 0.0, 100.0], [0.0, 0.0, 1.0]], "bev": "bev_c8e2ca1ddba54e38878a03c63f43ddac.png", "aux": "aux_c8e2ca1ddba54e38878a03c63f43ddac.npz", "visibility": "visibility_c8e2ca1ddba54e38878a03c63f43ddac.png", "pose": [[0.7064891457557678, 0.70772385597229, 0.0, 1340.9302978515625], [-0.70772385597229, 0.7064891457557678, 0.0, 864.0791015625], [0.0, 0.0, 1.0, 0.0], [0.0, 0.0, 0.0, 1.0]], "pose_inverse": [[0.7064891457557678, -0.70772385597229, 0.0, -335.8233337402344], [0.70772385597229, 0.7064891457557678, 0.0, -1559.470947265625], [0.0, 0.0, 1.0, 0.0], [0.0, 0.0, 0.0, 1.0]], "cam_ids": [0, 1, 2, 3, 4, 5], "cam_channels": ["CAM_FRONT_LEFT", "CAM_FRONT", "CAM_FRONT_RIGHT", "CAM_BACK_LEFT", "CAM_BACK", "CAM_BACK_RIGHT"], "token": "c8e2ca1ddba54e38878a03c63f43ddac", "scene": "scene-0740"}, {"images": ["samples/CAM_FRONT_LEFT/n008-2018-08-30-15-16-55-0400__CAM_FRONT_LEFT__1535656635754799.jpg", "samples/CAM_FRONT/n008-2018-08-30-15-16-55-0400__CAM_FRONT__1535656635762404.jpg", "samples/CAM_FRONT_RIGHT/n008-2018-08-30-15-16-55-0400__CAM_FRONT_RIGHT__1535656635770482.jpg", "samples/CAM_BACK_LEFT/n008-2018-08-30-15-16-55-0400__CAM_BACK_LEFT__1535656635797405.jpg", "samples/CAM_BACK/n008-2018-08-30-15-16-55-0400__CAM_BACK__1535656635787558.jpg", "samples/CAM_BACK_RIGHT/n008-2018-08-30-15-16-55-0400__CAM_BACK_RIGHT__1535656635778113.jpg"], "intrinsics": [[[1257.8625342125129, 0.0, 827.2410631095686], [0.0, 1257.8625342125129, 450.915498205774], [0.0, 0.0, 1.0]], [[1252.8131021185304, 0.0, 826.588114781398], [0.0, 1252.8131021185304, 469.9846626224581], [0.0, 0.0, 1.0]], [[1256.7485116440405, 0.0, 817.7887570959712], [0.0, 1256.7485116440403, 451.9541780095127], [0.0, 0.0, 1.0]], [[1254.9860565800168, 0.0, 829.5769333630991], [0.0, 1254.9860565800168, 467.1680561863987], [0.0, 0.0, 1.0]], [[796.8910634503094, 0.0, 857.7774326863696], [0.0, 796.8910634503094, 476.8848988407415], [0.0, 0.0, 1.0]], [[1249.9629280788233, 0.0, 825.3768045375984], [0.0, 1249.9629280788233, 462.54816385708756], [0.0, 0.0, 1.0]]], "extrinsics": [[[0.8292325139045715, -0.5588142275810242, -0.010005285032093525, -0.88848876953125], [0.012449861504137516, 0.03636579215526581, -0.9992610216140747, 1.4901237487792969], [0.5587651133537292, 0.8284952044487, 0.03711285814642906, -1.2525634765625], [0.0, 0.0, 0.0, 1.0]], [[0.020203787833452225, -0.999294638633728, -0.03165345638990402, 0.00634765625], [0.014651068486273289, 0.03195243701338768, -0.9993820190429688, 1.4819374084472656], [0.9996885061264038, 0.019727511331439018, 0.015286294743418694, -1.61639404296875], [0.0, 0.0, 0.0, 1.0]], [[-0.8396673798561096, -0.5421725511550903, -0.03174446523189545, 1.011474609375], [0.022948671132326126, 0.022978797554969788, -0.9994724988937378, 1.4952507019042969], [0.542616069316864, -0.8399529457092285, -0.006852404680103064, -1.2279052734375], [0.0, 0.0, 0.0, 1.0]], [[0.9477397203445435, 0.31889021396636963, 0.00992791447788477, -1.138427734375], [-0.002004603622481227, 0.03706891089677811, -0.9993106722831726, 1.5620574951171875], [-0.3190384805202484, 0.9470664858818054, 0.035770926624536514, -0.157470703125], [0.0, 0.0, 0.0, 1.0]], [[0.006005628500133753, 0.9995371699333191, 0.02982223778963089, -0.028076171875], [-7.702394213993102e-05, 0.029823238030076027, -0.9995551705360413, 1.5680732727050781], [-0.9999819993972778, 0.006000658497214317, 0.00025609583826735616, 0.0066375732421875], [0.0, 0.0, 0.0, 1.0]], [[-0.9258751273155212, 0.37782806158065796, -0.0010515819303691387, 1.097320556640625], [0.004184499382972717, 0.007471069693565369, -0.9999632835388184, 1.5481071472167969], [-0.37780633568763733, -0.9258456230163574, -0.0084982980042696, -0.070556640625], [0.0, 0.0, 0.0, 1.0]]], "view": [[0.0, -2.0, 100.0], [-2.0, 0.0, 100.0], [0.0, 0.0, 1.0]], "bev": "bev_29b980b558ed41808158fcdc93ed597c.png", "aux": "aux_29b980b558ed41808158fcdc93ed597c.npz", "visibility": "visibility_29b980b558ed41808158fcdc93ed597c.png", "pose": [[0.6245645880699158, 0.7809731960296631, 0.0, 1341.938720703125], [-0.7809731960296631, 0.6245645880699158, 0.0, 862.965576171875], [0.0, 0.0, 1.0, 0.0], [0.0, 0.0, 0.0, 1.0]], "pose_inverse": [[0.6245645880699158, -0.7809731960296631, 0.0, -164.1743927001953], [0.7809731960296631, 0.6245645880699158, 0.0, -1586.995849609375], [0.0, 0.0, 1.0, 0.0], [0.0, 0.0, 0.0, 1.0]], "cam_ids": [0, 1, 2, 3, 4, 5], "cam_channels": ["CAM_FRONT_LEFT", "CAM_FRONT", "CAM_FRONT_RIGHT", "CAM_BACK_LEFT", "CAM_BACK", "CAM_BACK_RIGHT"], "token": "29b980b558ed41808158fcdc93ed597c", "scene": "scene-0740"}, {"images": ["samples/CAM_FRONT_LEFT/n008-2018-08-30-15-16-55-0400__CAM_FRONT_LEFT__1535656636254799.jpg", "samples/CAM_FRONT/n008-2018-08-30-15-16-55-0400__CAM_FRONT__1535656636262404.jpg", "samples/CAM_FRONT_RIGHT/n008-2018-08-30-15-16-55-0400__CAM_FRONT_RIGHT__1535656636270482.jpg", "samples/CAM_BACK_LEFT/n008-2018-08-30-15-16-55-0400__CAM_BACK_LEFT__1535656636297405.jpg", "samples/CAM_BACK/n008-2018-08-30-15-16-55-0400__CAM_BACK__1535656636287558.jpg", "samples/CAM_BACK_RIGHT/n008-2018-08-30-15-16-55-0400__CAM_BACK_RIGHT__1535656636278113.jpg"], "intrinsics": [[[1257.8625342125129, 0.0, 827.2410631095686], [0.0, 1257.8625342125129, 450.915498205774], [0.0, 0.0, 1.0]], [[1252.8131021185304, 0.0, 826.588114781398], [0.0, 1252.8131021185304, 469.9846626224581], [0.0, 0.0, 1.0]], [[1256.7485116440405, 0.0, 817.7887570959712], [0.0, 1256.7485116440403, 451.9541780095127], [0.0, 0.0, 1.0]], [[1254.9860565800168, 0.0, 829.5769333630991], [0.0, 1254.9860565800168, 467.1680561863987], [0.0, 0.0, 1.0]], [[796.8910634503094, 0.0, 857.7774326863696], [0.0, 796.8910634503094, 476.8848988407415], [0.0, 0.0, 1.0]], [[1249.9629280788233, 0.0, 825.3768045375984], [0.0, 1249.9629280788233, 462.54816385708756], [0.0, 0.0, 1.0]]], "extrinsics": [[[0.8310059905052185, -0.5562031269073486, -0.008189426735043526, -0.8741455078125], [0.01844656839966774, 0.04226858168840408, -0.9989359974861145, 1.4913711547851562], [0.555957555770874, 0.82997065782547, 0.045385491102933884, -1.2421875], [0.0, 0.0, 0.0, 1.0]], [[0.022840281948447227, -0.9990313649177551, -0.03760957345366478, 0.0059814453125], [0.02066587284207344, 0.03808315470814705, -0.999060869216919, 1.48297119140625], [0.9995254874229431, 0.022041570395231247, 0.021515686064958572, -1.6032791137695312], [0.0, 0.0, 0.0, 1.0]], [[-0.8385065197944641, -0.5433982014656067, -0.04031321406364441, 1.00457763671875], [0.02901661954820156, 0.029349081218242645, -0.9991479516029358, 1.4960708618164062], [0.5441184043884277, -0.8389618396759033, -0.008841817267239094, -1.2236328125], [0.0, 0.0, 0.0, 1.0]], [[0.9475749135017395, 0.3190225064754486, 0.018065353855490685, -1.136566162109375], [0.004255136474967003, 0.043933212757110596, -0.9990254044532776, 1.5621109008789062], [-0.31950536370277405, 0.9467282891273499, 0.04027252644300461, -0.15771484375], [0.0, 0.0, 0.0, 1.0]], [[0.005037542432546616, 0.9993169903755188, 0.03660838305950165, -0.0279541015625], [0.006153346970677376, 0.03657717630267143, -0.9993118643760681, 1.5683403015136719], [-0.9999683499336243, 0.005259324796497822, -0.005964885465800762, 0.0027008056640625], [0.0, 0.0, 0.0, 1.0]], [[-0.9263362884521484, 0.37667420506477356, -0.004195982590317726, 1.09210205078125], [0.0102305319160223, 0.014021568931639194, -0.9998493790626526, 1.5485916137695312], [-0.3765585720539093, -0.9262397289276123, -0.01684226468205452, -0.072998046875], [0.0, 0.0, 0.0, 1.0]]], "view": [[0.0, -2.0, 100.0], [-2.0, 0.0, 100.0], [0.0, 0.0, 1.0]], "bev": "bev_16e621fc35b84ea3b90da8d390f6fcb2.png", "aux": "aux_16e621fc35b84ea3b90da8d390f6fcb2.npz", "visibility": "visibility_16e621fc35b84ea3b90da8d390f6fcb2.png", "pose": [[0.48781996965408325, 0.8729442358016968, 0.0, 1342.9267578125], [-0.8729442358016968, 0.48781996965408325, 0.0, 861.525146484375], [0.0, 0.0, 1.0, 0.0], [0.0, 0.0, 0.0, 1.0]], "pose_inverse": [[0.48781996965408325, -0.8729442358016968, 0.0, 96.95695495605469], [0.8729442358016968, 0.48781996965408325, 0.0, -1592.5693359375], [0.0, 0.0, 1.0, 0.0], [0.0, 0.0, 0.0, 1.0]], "cam_ids": [0, 1, 2, 3, 4, 5], "cam_channels": ["CAM_FRONT_LEFT", "CAM_FRONT", "CAM_FRONT_RIGHT", "CAM_BACK_LEFT", "CAM_BACK", "CAM_BACK_RIGHT"], "token": "16e621fc35b84ea3b90da8d390f6fcb2", "scene": "scene-0740"}, {"images": ["samples/CAM_FRONT_LEFT/n008-2018-08-30-15-16-55-0400__CAM_FRONT_LEFT__1535656636754799.jpg", "samples/CAM_FRONT/n008-2018-08-30-15-16-55-0400__CAM_FRONT__1535656636762655.jpg", "samples/CAM_FRONT_RIGHT/n008-2018-08-30-15-16-55-0400__CAM_FRONT_RIGHT__1535656636770482.jpg", "samples/CAM_BACK_LEFT/n008-2018-08-30-15-16-55-0400__CAM_BACK_LEFT__1535656636797405.jpg", "samples/CAM_BACK/n008-2018-08-30-15-16-55-0400__CAM_BACK__1535656636787558.jpg", "samples/CAM_BACK_RIGHT/n008-2018-08-30-15-16-55-0400__CAM_BACK_RIGHT__1535656636778113.jpg"], "intrinsics": [[[1257.8625342125129, 0.0, 827.2410631095686], [0.0, 1257.8625342125129, 450.915498205774], [0.0, 0.0, 1.0]], [[1252.8131021185304, 0.0, 826.588114781398], [0.0, 1252.8131021185304, 469.9846626224581], [0.0, 0.0, 1.0]], [[1256.7485116440405, 0.0, 817.7887570959712], [0.0, 1256.7485116440403, 451.9541780095127], [0.0, 0.0, 1.0]], [[1254.9860565800168, 0.0, 829.5769333630991], [0.0, 1254.9860565800168, 467.1680561863987], [0.0, 0.0, 1.0]], [[796.8910634503094, 0.0, 857.7774326863696], [0.0, 796.8910634503094, 476.8848988407415], [0.0, 0.0, 1.0]], [[1249.9629280788233, 0.0, 825.3768045375984], [0.0, 1249.9629280788233, 462.54816385708756], [0.0, 0.0, 1.0]]], "extrinsics": [[[0.8320994973182678, -0.5545933246612549, 0.006056320853531361, -0.8758544921875], [0.029949920251965523, 0.03402712941169739, -0.9989720582962036, 1.4930496215820312], [0.5538171529769897, 0.8314256072044373, 0.04492398351430893, -1.2449951171875], [0.0, 0.0, 0.0, 1.0]], [[0.024897539988160133, -0.9992663264274597, -0.029103174805641174, 0.0072021484375], [0.03197861462831497, 0.02989340014755726, -0.9990414381027222, 1.4843330383300781], [0.9991784691810608, 0.023943018168210983, 0.03269942104816437, -1.605712890625], [0.0, 0.0, 0.0, 1.0]], [[-0.8371679782867432, -0.5450770258903503, -0.045175861567258835, 1.00482177734375], [0.04008684679865837, 0.021226251497864723, -0.9989706873893738, 1.4971771240234375], [0.5454748868942261, -0.8381173014640808, 0.00408047903329134, -1.222900390625], [0.0, 0.0, 0.0, 1.0]], [[0.9473116397857666, 0.3192993104457855, 0.02546793222427368, -1.1366729736328125], [0.01476161926984787, 0.035906367003917694, -0.9992461204528809, 1.5622024536132812], [-0.3199731409549713, 0.9469733834266663, 0.029301142320036888, -0.1572265625], [0.0, 0.0, 0.0, 1.0]], [[0.0040119425393640995, 0.9995837211608887, 0.028572045266628265, -0.0283203125], [0.016935719177126884, 0.028500258922576904, -0.9994502663612366, 1.5687789916992188], [-0.9998486042022705, 0.004493586253374815, -0.016814328730106354, 0.002655029296875], [0.0, 0.0, 0.0, 1.0]], [[-0.9266768097877502, 0.3754519820213318, -0.017489556223154068, 1.09136962890625], [0.02125431038439274, 0.0058877673000097275, -0.9997567534446716, 1.5494087934494019], [-0.3752576410770416, -0.9268231391906738, -0.013436028733849525, -0.072509765625], [0.0, 0.0, 0.0, 1.0]]], "view": [[0.0, -2.0, 100.0], [-2.0, 0.0, 100.0], [0.0, 0.0, 1.0]], "bev": "bev_fbd26bfbe281423e9c8484e7f66eb357.png", "aux": "aux_fbd26bfbe281423e9c8484e7f66eb357.npz", "visibility": "visibility_fbd26bfbe281423e9c8484e7f66eb357.png", "pose": [[0.3231596350669861, 0.9463444948196411, 0.0, 1343.6722412109375], [-0.9463444948196411, 0.3231596350669861, 0.0, 859.8920288085938], [0.0, 0.0, 1.0, 0.0], [0.0, 0.0, 0.0, 1.0]], "pose_inverse": [[0.3231596350669861, -0.9463444948196411, 0.0, 379.533447265625], [0.9463444948196411, 0.3231596350669861, 0.0, -1549.459228515625], [0.0, 0.0, 1.0, 0.0], [0.0, 0.0, 0.0, 1.0]], "cam_ids": [0, 1, 2, 3, 4, 5], "cam_channels": ["CAM_FRONT_LEFT", "CAM_FRONT", "CAM_FRONT_RIGHT", "CAM_BACK_LEFT", "CAM_BACK", "CAM_BACK_RIGHT"], "token": "fbd26bfbe281423e9c8484e7f66eb357", "scene": "scene-0740"}, {"images": ["samples/CAM_FRONT_LEFT/n008-2018-08-30-15-16-55-0400__CAM_FRONT_LEFT__1535656637254799.jpg", "samples/CAM_FRONT/n008-2018-08-30-15-16-55-0400__CAM_FRONT__1535656637262404.jpg", "samples/CAM_FRONT_RIGHT/n008-2018-08-30-15-16-55-0400__CAM_FRONT_RIGHT__1535656637270482.jpg", "samples/CAM_BACK_LEFT/n008-2018-08-30-15-16-55-0400__CAM_BACK_LEFT__1535656637297405.jpg", "samples/CAM_BACK/n008-2018-08-30-15-16-55-0400__CAM_BACK__1535656637287558.jpg", "samples/CAM_BACK_RIGHT/n008-2018-08-30-15-16-55-0400__CAM_BACK_RIGHT__1535656637278113.jpg"], "intrinsics": [[[1257.8625342125129, 0.0, 827.2410631095686], [0.0, 1257.8625342125129, 450.915498205774], [0.0, 0.0, 1.0]], [[1252.8131021185304, 0.0, 826.588114781398], [0.0, 1252.8131021185304, 469.9846626224581], [0.0, 0.0, 1.0]], [[1256.7485116440405, 0.0, 817.7887570959712], [0.0, 1256.7485116440403, 451.9541780095127], [0.0, 0.0, 1.0]], [[1254.9860565800168, 0.0, 829.5769333630991], [0.0, 1254.9860565800168, 467.1680561863987], [0.0, 0.0, 1.0]], [[796.8910634503094, 0.0, 857.7774326863696], [0.0, 796.8910634503094, 476.8848988407415], [0.0, 0.0, 1.0]], [[1249.9629280788233, 0.0, 825.3768045375984], [0.0, 1249.9629280788233, 462.54816385708756], [0.0, 0.0, 1.0]]], "extrinsics": [[[0.8330274820327759, -0.5532085299491882, 0.0050602443516254425, -0.875732421875], [0.021142683923244476, 0.022694207727909088, -0.999518871307373, 1.4917011260986328], [0.5528274774551392, 0.832733690738678, 0.03060121089220047, -1.24346923828125], [0.0, 0.0, 0.0, 1.0]], [[0.02607816457748413, -0.9995007514953613, -0.017835931852459908, 0.0062255859375], [0.023099226877093315, 0.018439728766679764, -0.9995631575584412, 1.4832391738891602], [0.9993930459022522, 0.02565474435687065, 0.023568570613861084, -1.603759765625], [0.0, 0.0, 0.0, 1.0]], [[-0.8369687795639038, -0.5463477373123169, -0.03142578527331352, 1.0036163330078125], [0.031205391511321068, 0.00968443788588047, -0.999466061592102, 1.496293544769287], [0.5463602542877197, -0.8375025391578674, 0.00894341990351677, -1.22314453125], [0.0, 0.0, 0.0, 1.0]], [[0.9474838972091675, 0.3195345401763916, 0.013113577850162983, -1.13531494140625], [0.005663243588060141, 0.024234263226389885, -0.9996902346611023, 1.5621395111083984], [-0.31975337862968445, 0.9472647309303284, 0.021151971071958542, -0.1571044921875], [0.0, 0.0, 0.0, 1.0]], [[0.003849034896120429, 0.9998502731323242, 0.0168735533952713, -0.0279541015625], [0.007862801663577557, 0.016842897981405258, -0.9998272061347961, 1.5684127807617188], [-0.9999616742134094, 0.003981067333370447, -0.007796795107424259, 0.0015869140625], [0.0, 0.0, 0.0, 1.0]], [[-0.9270765781402588, 0.37462761998176575, -0.013534230180084705, 1.091064453125], [0.01228633988648653, -0.005719307344406843, -0.9999081492424011, 1.5487346649169922], [-0.3746705651283264, -0.9271577000617981, 0.000699434254784137, -0.0736083984375], [0.0, 0.0, 0.0, 1.0]]], "view": [[0.0, -2.0, 100.0], [-2.0, 0.0, 100.0], [0.0, 0.0, 1.0]], "bev": "bev_73ad7fbdc8b94c6592387e5b154492b2.png", "aux": "aux_73ad7fbdc8b94c6592387e5b154492b2.npz", "visibility": "visibility_73ad7fbdc8b94c6592387e5b154492b2.png", "pose": [[0.13165126740932465, 0.991296112537384, 0.0, 1344.0950927734375], [-0.991296112537384, 0.13165126740932465, 0.0, 858.16748046875], [0.0, 0.0, 1.0, 0.0], [0.0, 0.0, 0.0, 1.0]], "pose_inverse": [[0.13165126740932465, -0.991296112537384, 0.0, 673.7462158203125], [0.991296112537384, 0.13165126740932465, 0.0, -1445.375], [0.0, 0.0, 1.0, 0.0], [0.0, 0.0, 0.0, 1.0]], "cam_ids": [0, 1, 2, 3, 4, 5], "cam_channels": ["CAM_FRONT_LEFT", "CAM_FRONT", "CAM_FRONT_RIGHT", "CAM_BACK_LEFT", "CAM_BACK", "CAM_BACK_RIGHT"], "token": "73ad7fbdc8b94c6592387e5b154492b2", "scene": "scene-0740"}, {"images": ["samples/CAM_FRONT_LEFT/n008-2018-08-30-15-16-55-0400__CAM_FRONT_LEFT__1535656637754799.jpg", "samples/CAM_FRONT/n008-2018-08-30-15-16-55-0400__CAM_FRONT__1535656637762404.jpg", "samples/CAM_FRONT_RIGHT/n008-2018-08-30-15-16-55-0400__CAM_FRONT_RIGHT__1535656637770482.jpg", "samples/CAM_BACK_LEFT/n008-2018-08-30-15-16-55-0400__CAM_BACK_LEFT__1535656637797405.jpg", "samples/CAM_BACK/n008-2018-08-30-15-16-55-0400__CAM_BACK__1535656637787558.jpg", "samples/CAM_BACK_RIGHT/n008-2018-08-30-15-16-55-0400__CAM_BACK_RIGHT__1535656637778113.jpg"], "intrinsics": [[[1257.8625342125129, 0.0, 827.2410631095686], [0.0, 1257.8625342125129, 450.915498205774], [0.0, 0.0, 1.0]], [[1252.8131021185304, 0.0, 826.588114781398], [0.0, 1252.8131021185304, 469.9846626224581], [0.0, 0.0, 1.0]], [[1256.7485116440405, 0.0, 817.7887570959712], [0.0, 1256.7485116440403, 451.9541780095127], [0.0, 0.0, 1.0]], [[1254.9860565800168, 0.0, 829.5769333630991], [0.0, 1254.9860565800168, 467.1680561863987], [0.0, 0.0, 1.0]], [[796.8910634503094, 0.0, 857.7774326863696], [0.0, 796.8910634503094, 476.8848988407415], [0.0, 0.0, 1.0]], [[1249.9629280788233, 0.0, 825.3768045375984], [0.0, 1249.9629280788233, 462.54816385708756], [0.0, 0.0, 1.0]]], "extrinsics": [[[0.833389937877655, -0.5524977445602417, 0.01440275739878416, -0.8753662109375], [0.02982276864349842, 0.01893262192606926, -0.9993758797645569, 1.4929866790771484], [0.5518803000450134, 0.8332993388175964, 0.03225526958703995, -1.24591064453125], [0.0, 0.0, 0.0, 1.0]], [[0.026776643469929695, -0.9995448589324951, -0.013896902091801167, 0.0078125], [0.032027628272771835, 0.014752566814422607, -0.9993780851364136, 1.4843168258666992], [0.9991282224655151, 0.026314906775951385, 0.03240807354450226, -1.60565185546875], [0.0, 0.0, 0.0, 1.0]], [[-0.8364991545677185, -0.5467143654823303, -0.03704771772027016, 1.0064468383789062], [0.040306899696588516, 0.006036517210304737, -0.999169111251831, 1.4971141815185547], [0.5464838147163391, -0.8372974395751953, 0.016986818984150887, -1.223388671875], [0.0, 0.0, 0.0, 1.0]], [[0.9473498463630676, 0.319505900144577, 0.021078292280435562, -1.136138916015625], [0.01535917166620493, 0.020409349352121353, -0.9996737241744995, 1.5621967315673828], [-0.31983184814453125, 0.9473644495010376, 0.014427446760237217, -0.1568603515625], [0.0, 0.0, 0.0, 1.0]], [[0.003691292367875576, 0.9999065399169922, 0.013167503289878368, -0.028564453125], [0.017451133579015732, 0.013101175427436829, -0.9997618198394775, 1.5687847137451172], [-0.9998409152030945, 0.003920216578990221, -0.017401142045855522, 0.0029296875], [0.0, 0.0, 0.0, 1.0]], [[-0.9269607663154602, 0.3744204044342041, -0.02351992204785347, 1.092529296875], [0.02156863920390606, -0.009401545859873295, -0.9997231364250183, 1.5493965148925781], [-0.374537855386734, -0.9272114038467407, 0.0006391250644810498, -0.07171630859375], [0.0, 0.0, 0.0, 1.0]]], "view": [[0.0, -2.0, 100.0], [-2.0, 0.0, 100.0], [0.0, 0.0, 1.0]], "bev": "bev_c2ebec0f2b544e069d79b3a761e6a541.png", "aux": "aux_c2ebec0f2b544e069d79b3a761e6a541.npz", "visibility": "visibility_c2ebec0f2b544e069d79b3a761e6a541.png", "pose": [[-0.08059702068567276, 0.9967467784881592, 0.0, 1344.1427001953125], [-0.9967467784881592, -0.08059702068567276, 0.0, 856.4295043945312], [0.0, 0.0, 1.0, 0.0], [0.0, 0.0, 0.0, 1.0]], "pose_inverse": [[-0.08059702068567276, -0.9967467784881592, 0.0, 961.9772338867188], [0.9967467784881592, -0.08059702068567276, 0.0, -1270.7442626953125], [0.0, 0.0, 1.0, 0.0], [0.0, 0.0, 0.0, 1.0]], "cam_ids": [0, 1, 2, 3, 4, 5], "cam_channels": ["CAM_FRONT_LEFT", "CAM_FRONT", "CAM_FRONT_RIGHT", "CAM_BACK_LEFT", "CAM_BACK", "CAM_BACK_RIGHT"], "token": "c2ebec0f2b544e069d79b3a761e6a541", "scene": "scene-0740"}, {"images": ["samples/CAM_FRONT_LEFT/n008-2018-08-30-15-16-55-0400__CAM_FRONT_LEFT__1535656638254799.jpg", "samples/CAM_FRONT/n008-2018-08-30-15-16-55-0400__CAM_FRONT__1535656638262404.jpg", "samples/CAM_FRONT_RIGHT/n008-2018-08-30-15-16-55-0400__CAM_FRONT_RIGHT__1535656638270493.jpg", "samples/CAM_BACK_LEFT/n008-2018-08-30-15-16-55-0400__CAM_BACK_LEFT__1535656638297405.jpg", "samples/CAM_BACK/n008-2018-08-30-15-16-55-0400__CAM_BACK__1535656638287558.jpg", "samples/CAM_BACK_RIGHT/n008-2018-08-30-15-16-55-0400__CAM_BACK_RIGHT__1535656638278113.jpg"], "intrinsics": [[[1257.8625342125129, 0.0, 827.2410631095686], [0.0, 1257.8625342125129, 450.915498205774], [0.0, 0.0, 1.0]], [[1252.8131021185304, 0.0, 826.588114781398], [0.0, 1252.8131021185304, 469.9846626224581], [0.0, 0.0, 1.0]], [[1256.7485116440405, 0.0, 817.7887570959712], [0.0, 1256.7485116440403, 451.9541780095127], [0.0, 0.0, 1.0]], [[1254.9860565800168, 0.0, 829.5769333630991], [0.0, 1254.9860565800168, 467.1680561863987], [0.0, 0.0, 1.0]], [[796.8910634503094, 0.0, 857.7774326863696], [0.0, 796.8910634503094, 476.8848988407415], [0.0, 0.0, 1.0]], [[1249.9629280788233, 0.0, 825.3768045375984], [0.0, 1249.9629280788233, 462.54816385708756], [0.0, 0.0, 1.0]]], "extrinsics": [[[0.8320059776306152, -0.554675817489624, 0.010045221075415611, -0.8822021484375], [0.02271716482937336, 0.015972336754202843, -0.9996142983436584, 1.4917449951171875], [0.5543014407157898, 0.8319132328033447, 0.025889741256833076, -1.2476959228515625], [0.0, 0.0, 0.0, 1.0]], [[0.02455354668200016, -0.9996352791786194, -0.011242900975048542, 0.006103515625], [0.024610240012407303, 0.011847295798361301, -0.9996269345283508, 1.4832572937011719], [0.9993956089019775, 0.02426765486598015, 0.024892156943678856, -1.6103515625], [0.0, 0.0, 0.0, 1.0]], [[-0.8376145958900452, -0.5454890131950378, -0.029045213013887405, 1.008148193359375], [0.03256785869598389, 0.003208757843822241, -0.9994643926620483, 1.4962539672851562], [0.5452900528907776, -0.8381118178367615, 0.01507770735770464, -1.2257080078125], [0.0, 0.0, 0.0, 1.0]], [[0.9474879503250122, 0.31955263018608093, 0.012362896464765072, -1.13555908203125], [0.006912815850228071, 0.018184011802077293, -0.9998107552528381, 1.5621252059936523], [-0.3197169303894043, 0.9473940134048462, 0.01502012275159359, -0.15771484375], [0.0, 0.0, 0.0, 1.0]], [[0.0043667335994541645, 0.9999336004257202, 0.010664224624633789, -0.0281982421875], [0.009144885465502739, 0.010623948648571968, -0.9999017119407654, 1.5684430599212646], [-0.9999486207962036, 0.004463836085051298, -0.009097887203097343, 0.003173828125], [0.0, 0.0, 0.0, 1.0]], [[-0.9267047643661499, 0.3753999173641205, -0.01712120696902275, 1.09423828125], [0.013579093851149082, -0.012079297564923763, -0.9998348355293274, 1.5487785339355469], [-0.3755446970462799, -0.9267842173576355, 0.006096352823078632, -0.07196044921875], [0.0, 0.0, 0.0, 1.0]]], "view": [[0.0, -2.0, 100.0], [-2.0, 0.0, 100.0], [0.0, 0.0, 1.0]], "bev": "bev_d843890e493748d2abcd8758de508761.png", "aux": "aux_d843890e493748d2abcd8758de508761.npz", "visibility": "visibility_d843890e493748d2abcd8758de508761.png", "pose": [[-0.28466564416885376, 0.9586268663406372, 0.0, 1343.838134765625], [-0.9586268663406372, -0.28466564416885376, 0.0, 854.7993774414062], [0.0, 0.0, 1.0, 0.0], [0.0, 0.0, 0.0, 1.0]], "pose_inverse": [[-0.28466564416885376, -0.9586268663406372, 0.0, 1201.978271484375], [0.9586268663406372, -0.28466564416885376, 0.0, -1044.9073486328125], [0.0, 0.0, 1.0, 0.0], [0.0, 0.0, 0.0, 1.0]], "cam_ids": [0, 1, 2, 3, 4, 5], "cam_channels": ["CAM_FRONT_LEFT", "CAM_FRONT", "CAM_FRONT_RIGHT", "CAM_BACK_LEFT", "CAM_BACK", "CAM_BACK_RIGHT"], "token": "d843890e493748d2abcd8758de508761", "scene": "scene-0740"}, {"images": ["samples/CAM_FRONT_LEFT/n008-2018-08-30-15-16-55-0400__CAM_FRONT_LEFT__1535656638754799.jpg", "samples/CAM_FRONT/n008-2018-08-30-15-16-55-0400__CAM_FRONT__1535656638762404.jpg", "samples/CAM_FRONT_RIGHT/n008-2018-08-30-15-16-55-0400__CAM_FRONT_RIGHT__1535656638770482.jpg", "samples/CAM_BACK_LEFT/n008-2018-08-30-15-16-55-0400__CAM_BACK_LEFT__1535656638797405.jpg", "samples/CAM_BACK/n008-2018-08-30-15-16-55-0400__CAM_BACK__1535656638787558.jpg", "samples/CAM_BACK_RIGHT/n008-2018-08-30-15-16-55-0400__CAM_BACK_RIGHT__1535656638778113.jpg"], "intrinsics": [[[1257.8625342125129, 0.0, 827.2410631095686], [0.0, 1257.8625342125129, 450.915498205774], [0.0, 0.0, 1.0]], [[1252.8131021185304, 0.0, 826.588114781398], [0.0, 1252.8131021185304, 469.9846626224581], [0.0, 0.0, 1.0]], [[1256.7485116440405, 0.0, 817.7887570959712], [0.0, 1256.7485116440403, 451.9541780095127], [0.0, 0.0, 1.0]], [[1254.9860565800168, 0.0, 829.5769333630991], [0.0, 1254.9860565800168, 467.1680561863987], [0.0, 0.0, 1.0]], [[796.8910634503094, 0.0, 857.7774326863696], [0.0, 796.8910634503094, 476.8848988407415], [0.0, 0.0, 1.0]], [[1249.9629280788233, 0.0, 825.3768045375984], [0.0, 1249.9629280788233, 462.54816385708756], [0.0, 0.0, 1.0]]], "extrinsics": [[[0.8295795321464539, -0.5583798289299011, -0.0031353062950074673, -0.8837890625], [0.012216613627970219, 0.023763105273246765, -0.9996429085731506, 1.4901628494262695], [0.5582549571990967, 0.8292449712753296, 0.026534894481301308, -1.2485733032226562], [0.0, 0.0, 0.0, 1.0]], [[0.020582301542162895, -0.999608039855957, -0.018975097686052322, 0.005859375], [0.01417141780257225, 0.019268902018666267, -0.9997139573097229, 1.481933832168579], [0.999687671661377, 0.02030751295387745, 0.014562461525201797, -1.61279296875], [0.0, 0.0, 0.0, 1.0]], [[-0.8396082520484924, -0.5426499843597412, -0.024269230663776398, 1.01019287109375], [0.02229181118309498, 0.010219376534223557, -0.9996992349624634, 1.4951972961425781], [0.5427348017692566, -0.8398967981338501, 0.00351637601852417, -1.2276611328125], [0.0, 0.0, 0.0, 1.0]], [[0.9477390646934509, 0.3190136253833771, 0.004599228035658598, -1.1396484375], [-0.003198256716132164, 0.02391434833407402, -0.999708890914917, 1.562042236328125], [-0.3190307319164276, 0.9474483132362366, 0.023684848099946976, -0.1571044921875], [0.0, 0.0, 0.0, 1.0]], [[0.006002007517963648, 0.9998403191566467, 0.016829511150717735, -0.02813720703125], [-0.0010078171035274863, 0.016835853457450867, -0.9998577237129211, 1.5680322647094727], [-0.9999815225601196, 0.005984202492982149, 0.0011087054153904319, 0.006591796875], [0.0, 0.0, 0.0, 1.0]], [[-0.9259029626846313, 0.3777277171611786, -0.0050422814674675465, 1.0970458984375], [0.0032499597873538733, -0.005382274277508259, -0.9999802112579346, 1.548029899597168], [-0.37774741649627686, -0.9259010553359985, 0.0037558639887720346, -0.07086181640625], [0.0, 0.0, 0.0, 1.0]]], "view": [[0.0, -2.0, 100.0], [-2.0, 0.0, 100.0], [0.0, 0.0, 1.0]], "bev": "bev_b64794ebe44649d4a320224e992b6143.png", "aux": "aux_b64794ebe44649d4a320224e992b6143.npz", "visibility": "visibility_b64794ebe44649d4a320224e992b6143.png", "pose": [[-0.4354497194290161, 0.9002130627632141, 0.0, 1343.239013671875], [-0.9002130627632141, -0.4354497194290161, 0.0, 853.2320556640625], [0.0, 0.0, 1.0, 0.0], [0.0, 0.0, 0.0, 1.0]], "pose_inverse": [[-0.4354497194290161, -0.9002130627632141, 0.0, 1353.003662109375], [0.9002130627632141, -0.4354497194290161, 0.0, -837.66162109375], [0.0, 0.0, 1.0, 0.0], [0.0, 0.0, 0.0, 1.0]], "cam_ids": [0, 1, 2, 3, 4, 5], "cam_channels": ["CAM_FRONT_LEFT", "CAM_FRONT", "CAM_FRONT_RIGHT", "CAM_BACK_LEFT", "CAM_BACK", "CAM_BACK_RIGHT"], "token": "b64794ebe44649d4a320224e992b6143", "scene": "scene-0740"}, {"images": ["samples/CAM_FRONT_LEFT/n008-2018-08-30-15-16-55-0400__CAM_FRONT_LEFT__1535656639254799.jpg", "samples/CAM_FRONT/n008-2018-08-30-15-16-55-0400__CAM_FRONT__1535656639262404.jpg", "samples/CAM_FRONT_RIGHT/n008-2018-08-30-15-16-55-0400__CAM_FRONT_RIGHT__1535656639270486.jpg", "samples/CAM_BACK_LEFT/n008-2018-08-30-15-16-55-0400__CAM_BACK_LEFT__1535656639297405.jpg", "samples/CAM_BACK/n008-2018-08-30-15-16-55-0400__CAM_BACK__1535656639287558.jpg", "samples/CAM_BACK_RIGHT/n008-2018-08-30-15-16-55-0400__CAM_BACK_RIGHT__1535656639278113.jpg"], "intrinsics": [[[1257.8625342125129, 0.0, 827.2410631095686], [0.0, 1257.8625342125129, 450.915498205774], [0.0, 0.0, 1.0]], [[1252.8131021185304, 0.0, 826.588114781398], [0.0, 1252.8131021185304, 469.9846626224581], [0.0, 0.0, 1.0]], [[1256.7485116440405, 0.0, 817.7887570959712], [0.0, 1256.7485116440403, 451.9541780095127], [0.0, 0.0, 1.0]], [[1254.9860565800168, 0.0, 829.5769333630991], [0.0, 1254.9860565800168, 467.1680561863987], [0.0, 0.0, 1.0]], [[796.8910634503094, 0.0, 857.7774326863696], [0.0, 796.8910634503094, 476.8848988407415], [0.0, 0.0, 1.0]], [[1249.9629280788233, 0.0, 825.3768045375984], [0.0, 1249.9629280788233, 462.54816385708756], [0.0, 0.0, 1.0]]], "extrinsics": [[[0.8275396823883057, -0.561374843120575, -0.0060324533842504025, -0.8721923828125], [0.00810698140412569, 0.022693485021591187, -0.9997096061706543, 1.4896292686462402], [0.5613487362861633, 0.8272504806518555, 0.023330815136432648, -1.24176025390625], [0.0, 0.0, 0.0, 1.0]], [[0.017571454867720604, -0.9996733665466309, -0.01855776645243168, 0.00677490234375], [0.01005404070019722, 0.018736353144049644, -0.9997739195823669, 1.4815239906311035], [0.9997950792312622, 0.01738087832927704, 0.010379981249570847, -1.6011962890625], [0.0, 0.0, 0.0, 1.0]], [[-0.8409039974212646, -0.5407856106758118, -0.02076711319386959, 1.00262451171875], [0.018111083656549454, 0.010231291875243187, -0.9997836351394653, 1.4949684143066406], [0.5408810973167419, -0.8410981297492981, 0.0011906798463314772, -1.2215576171875], [0.0, 0.0, 0.0, 1.0]], [[0.9478248953819275, 0.3187897205352783, 0.0010314222890883684, -1.141357421875], [-0.007532013114541769, 0.025628436356782913, -0.9996431469917297, 1.5620365142822266], [-0.31870248913764954, 0.9474789500236511, 0.026692399755120277, -0.1566162109375], [0.0, 0.0, 0.0, 1.0]], [[0.007019644603133202, 0.9998141527175903, 0.017955590039491653, -0.0283203125], [-0.005313808564096689, 0.017993075773119926, -0.9998239278793335, 1.5678558349609375], [-0.9999613165855408, 0.006922952365130186, 0.0054391250014305115, 0.00439453125], [0.0, 0.0, 0.0, 1.0]], [[-0.9252973794937134, 0.3792409598827362, -0.0009726809221319854, 1.0906982421875], [-0.0009273276082240045, -0.004827333614230156, -0.9999879002571106, 1.54774010181427], [-0.37924110889434814, -0.925285279750824, 0.004818400833755732, -0.07285308837890625], [0.0, 0.0, 0.0, 1.0]]], "view": [[0.0, -2.0, 100.0], [-2.0, 0.0, 100.0], [0.0, 0.0, 1.0]], "bev": "bev_12b77eb3b9404a42b6098090614933c3.png", "aux": "aux_12b77eb3b9404a42b6098090614933c3.npz", "visibility": "visibility_12b77eb3b9404a42b6098090614933c3.png", "pose": [[-0.5380961298942566, 0.8428834676742554, 0.0, 1342.357177734375], [-0.8428834676742554, -0.5380961298942566, 0.0, 851.6398315429688], [0.0, 0.0, 1.0, 0.0], [0.0, 0.0, 0.0, 1.0]], "pose_inverse": [[-0.5380961298942566, -0.8428834676742554, 0.0, 1440.150390625], [0.8428834676742554, -0.5380961298942566, 0.0, -673.1865844726562], [0.0, 0.0, 1.0, 0.0], [0.0, 0.0, 0.0, 1.0]], "cam_ids": [0, 1, 2, 3, 4, 5], "cam_channels": ["CAM_FRONT_LEFT", "CAM_FRONT", "CAM_FRONT_RIGHT", "CAM_BACK_LEFT", "CAM_BACK", "CAM_BACK_RIGHT"], "token": "12b77eb3b9404a42b6098090614933c3", "scene": "scene-0740"}, {"images": ["samples/CAM_FRONT_LEFT/n008-2018-08-30-15-16-55-0400__CAM_FRONT_LEFT__1535656639754799.jpg", "samples/CAM_FRONT/n008-2018-08-30-15-16-55-0400__CAM_FRONT__1535656639762404.jpg", "samples/CAM_FRONT_RIGHT/n008-2018-08-30-15-16-55-0400__CAM_FRONT_RIGHT__1535656639770482.jpg", "samples/CAM_BACK_LEFT/n008-2018-08-30-15-16-55-0400__CAM_BACK_LEFT__1535656639797405.jpg", "samples/CAM_BACK/n008-2018-08-30-15-16-55-0400__CAM_BACK__1535656639787558.jpg", "samples/CAM_BACK_RIGHT/n008-2018-08-30-15-16-55-0400__CAM_BACK_RIGHT__1535656639778141.jpg"], "intrinsics": [[[1257.8625342125129, 0.0, 827.2410631095686], [0.0, 1257.8625342125129, 450.915498205774], [0.0, 0.0, 1.0]], [[1252.8131021185304, 0.0, 826.588114781398], [0.0, 1252.8131021185304, 469.9846626224581], [0.0, 0.0, 1.0]], [[1256.7485116440405, 0.0, 817.7887570959712], [0.0, 1256.7485116440403, 451.9541780095127], [0.0, 0.0, 1.0]], [[1254.9860565800168, 0.0, 829.5769333630991], [0.0, 1254.9860565800168, 467.1680561863987], [0.0, 0.0, 1.0]], [[796.8910634503094, 0.0, 857.7774326863696], [0.0, 796.8910634503094, 476.8848988407415], [0.0, 0.0, 1.0]], [[1249.9629280788233, 0.0, 825.3768045375984], [0.0, 1249.9629280788233, 462.54816385708756], [0.0, 0.0, 1.0]]], "extrinsics": [[[0.8253326416015625, -0.5645620822906494, -0.00978771410882473, -0.8685302734375], [0.005724061280488968, 0.025698814541101456, -0.9996533393859863, 1.4892759323120117], [0.5646178722381592, 0.824990451335907, 0.024441657587885857, -1.238616943359375], [0.0, 0.0, 0.0, 1.0]], [[0.014299275353550911, -0.999662458896637, -0.02168666012585163, 0.006591796875], [0.007617807015776634, 0.021797163411974907, -0.9997333884239197, 1.4812254905700684], [0.9998686909675598, 0.01413028035312891, 0.007926919497549534, -1.597900390625], [0.0, 0.0, 0.0, 1.0]], [[-0.8423153758049011, -0.5386019945144653, -0.020314587280154228, 1.00140380859375], [0.015592142939567566, 0.013324891217052937, -0.9997895956039429, 1.494725227355957], [0.5387594699859619, -0.8424548506736755, -0.002825802890583873, -1.2210693359375], [0.0, 0.0, 0.0, 1.0]], [[0.9478422403335571, 0.3187396824359894, -0.00028369188657961786, -1.1416015625], [-0.01005155686289072, 0.029000885784626007, -0.9995288252830505, 1.5620288848876953], [-0.3185812830924988, 0.9473985433578491, 0.030692096799612045, -0.1566162109375], [0.0, 0.0, 0.0, 1.0]], [[0.008033460937440395, 0.9997424483299255, 0.02122514508664608, -0.02838134765625], [-0.007955104112625122, 0.021289050579071045, -0.9997417330741882, 1.5677471160888672], [-0.9999361038208008, 0.007862523198127747, 0.00812408048659563, 0.004150390625], [0.0, 0.0, 0.0, 1.0]], [[-0.9245988130569458, 0.38093265891075134, 0.002699641278013587, 1.09033203125], [-0.00358704780228436, -0.001619604299776256, -0.9999922513961792, 1.5475382804870605], [-0.38092532753944397, -0.9246013164520264, 0.002863907953724265, -0.07308197021484375], [0.0, 0.0, 0.0, 1.0]]], "view": [[0.0, -2.0, 100.0], [-2.0, 0.0, 100.0], [0.0, 0.0, 1.0]], "bev": "bev_b55d87f0df9e492ebf61cb223db352be.png", "aux": "aux_b55d87f0df9e492ebf61cb223db352be.npz", "visibility": "visibility_b55d87f0df9e492ebf61cb223db352be.png", "pose": [[-0.602362334728241, 0.7982227802276611, 0.0, 1341.264404296875], [-0.7982227802276611, -0.602362334728241, 0.0, 850.0592651367188], [0.0, 0.0, 1.0, 0.0], [0.0, 0.0, 0.0, 1.0]], "pose_inverse": [[-0.602362334728241, -0.7982227802276611, 0.0, 1486.4638671875], [0.7982227802276611, -0.602362334728241, 0.0, -558.5841674804688], [0.0, 0.0, 1.0, 0.0], [0.0, 0.0, 0.0, 1.0]], "cam_ids": [0, 1, 2, 3, 4, 5], "cam_channels": ["CAM_FRONT_LEFT", "CAM_FRONT", "CAM_FRONT_RIGHT", "CAM_BACK_LEFT", "CAM_BACK", "CAM_BACK_RIGHT"], "token": "b55d87f0df9e492ebf61cb223db352be", "scene": "scene-0740"}, {"images": ["samples/CAM_FRONT_LEFT/n008-2018-08-30-15-16-55-0400__CAM_FRONT_LEFT__1535656640254799.jpg", "samples/CAM_FRONT/n008-2018-08-30-15-16-55-0400__CAM_FRONT__1535656640262404.jpg", "samples/CAM_FRONT_RIGHT/n008-2018-08-30-15-16-55-0400__CAM_FRONT_RIGHT__1535656640270482.jpg", "samples/CAM_BACK_LEFT/n008-2018-08-30-15-16-55-0400__CAM_BACK_LEFT__1535656640297405.jpg", "samples/CAM_BACK/n008-2018-08-30-15-16-55-0400__CAM_BACK__1535656640287558.jpg", "samples/CAM_BACK_RIGHT/n008-2018-08-30-15-16-55-0400__CAM_BACK_RIGHT__1535656640278113.jpg"], "intrinsics": [[[1257.8625342125129, 0.0, 827.2410631095686], [0.0, 1257.8625342125129, 450.915498205774], [0.0, 0.0, 1.0]], [[1252.8131021185304, 0.0, 826.588114781398], [0.0, 1252.8131021185304, 469.9846626224581], [0.0, 0.0, 1.0]], [[1256.7485116440405, 0.0, 817.7887570959712], [0.0, 1256.7485116440403, 451.9541780095127], [0.0, 0.0, 1.0]], [[1254.9860565800168, 0.0, 829.5769333630991], [0.0, 1254.9860565800168, 467.1680561863987], [0.0, 0.0, 1.0]], [[796.8910634503094, 0.0, 857.7774326863696], [0.0, 796.8910634503094, 476.8848988407415], [0.0, 0.0, 1.0]], [[1249.9629280788233, 0.0, 825.3768045375984], [0.0, 1249.9629280788233, 462.54816385708756], [0.0, 0.0, 1.0]]], "extrinsics": [[[0.8244506120681763, -0.565739631652832, -0.014831575565040112, -0.8629150390625], [0.0036634933203458786, 0.03154183551669121, -0.9994957447052002, 1.4889144897460938], [0.5659221410751343, 0.8239805102348328, 0.028077268972992897, -1.23614501953125], [0.0, 0.0, 0.0, 1.0]], [[0.01300048828125, -0.9995375275611877, -0.027489665895700455, 0.007537841796875], [0.005631148349493742, 0.02756473980844021, -0.9996041655540466, 1.4809446334838867], [0.9998996257781982, 0.01284055970609188, 0.005986898206174374, -1.5938720703125], [0.0, 0.0, 0.0, 1.0]], [[-0.8428770899772644, -0.5376665592193604, -0.021748138591647148, 1.0006103515625], [0.013670026324689388, 0.019008109346032143, -0.999725878238678, 1.4945316314697266], [0.5379325747489929, -0.8429433107376099, -0.008671584539115429, -1.219482421875], [0.0, 0.0, 0.0, 1.0]], [[0.9478529691696167, 0.3187079131603241, -0.00020916068751830608, -1.14404296875], [-0.011800081469118595, 0.03443817421793938, -0.9993371963500977, 1.5620498657226562], [-0.31848952174186707, 0.9472271800041199, 0.0364031046628952, -0.15594482421875], [0.0, 0.0, 0.0, 1.0]], [[0.008451204746961594, 0.999607264995575, 0.0267188660800457, -0.028717041015625], [-0.009614999406039715, 0.026799816638231277, -0.999594509601593, 1.5676822662353516], [-0.9999181032180786, 0.008190912194550037, 0.009837