[{"images": ["samples/CAM_FRONT_LEFT/n008-2018-08-30-15-16-55-0400__CAM_FRONT_LEFT__1535657108254799.jpg", "samples/CAM_FRONT/n008-2018-08-30-15-16-55-0400__CAM_FRONT__1535657108262404.jpg", "samples/CAM_FRONT_RIGHT/n008-2018-08-30-15-16-55-0400__CAM_FRONT_RIGHT__1535657108270482.jpg", "samples/CAM_BACK_LEFT/n008-2018-08-30-15-16-55-0400__CAM_BACK_LEFT__1535657108297405.jpg", "samples/CAM_BACK/n008-2018-08-30-15-16-55-0400__CAM_BACK__1535657108287558.jpg", "samples/CAM_BACK_RIGHT/n008-2018-08-30-15-16-55-0400__CAM_BACK_RIGHT__1535657108278113.jpg"], "intrinsics": [[[1257.8625342125129, 0.0, 827.2410631095686], [0.0, 1257.8625342125129, 450.915498205774], [0.0, 0.0, 1.0]], [[1252.8131021185304, 0.0, 826.588114781398], [0.0, 1252.8131021185304, 469.9846626224581], [0.0, 0.0, 1.0]], [[1256.7485116440405, 0.0, 817.7887570959712], [0.0, 1256.7485116440403, 451.9541780095127], [0.0, 0.0, 1.0]], [[1254.9860565800168, 0.0, 829.5769333630991], [0.0, 1254.9860565800168, 467.1680561863987], [0.0, 0.0, 1.0]], [[796.8910634503094, 0.0, 857.7774326863696], [0.0, 796.8910634503094, 476.8848988407415], [0.0, 0.0, 1.0]], [[1249.9629280788233, 0.0, 825.3768045375984], [0.0, 1249.9629280788233, 462.54816385708756], [0.0, 0.0, 1.0]]], "extrinsics": [[[0.8243603110313416, -0.565888524055481, -0.014152852818369865, -0.80596923828125], [-0.008299213834106922, 0.012917106039822102, -0.999882161617279, 1.4862775802612305], [0.5660046339035034, 0.8243805766105652, 0.00595192052423954, -1.1990966796875], [0.0, 0.0, 0.0, 1.0]], [[0.012974252924323082, -0.9998751878738403, -0.009017911739647388, 0.0098876953125], [-0.006244877353310585, 0.008937468752264977, -0.9999405741691589, 1.4788928031921387], [0.9998963475227356, 0.013029783964157104, -0.0061281402595341206, -1.533782958984375], [0.0, 0.0, 0.0, 1.0]], [[-0.8428964018821716, -0.5380730628967285, -0.0017843891400843859, 0.95733642578125], [0.0018636402674019337, 0.00039684571675024927, -0.999998152256012, 1.4933679103851318], [0.5380727648735046, -0.8428981900215149, 0.0006682741222903132, -1.19036865234375], [0.0, 0.0, 0.0, 1.0]], [[0.9476425051689148, 0.3188723921775818, -0.017147809267044067, -1.124420166015625], [-0.023470811545848846, 0.0159971434623003, -0.9995965361595154, 1.5615572929382324], [-0.31846946477890015, 0.9476626515388489, 0.022643767297267914, -0.16278076171875], [0.0, 0.0, 0.0, 1.0]], [[0.008360418491065502, 0.9999319911003113, 0.008127809502184391, -0.02911376953125], [-0.02131756953895092, 0.008304470218718052, -0.9997382164001465, 1.5665314197540283], [-0.9997377395629883, 0.008184959180653095, 0.021385548636317253, -0.02716064453125], [0.0, 0.0, 0.0, 1.0]], [[-0.9243157505989075, 0.381488174200058, 0.010347949340939522, 1.049041748046875], [-0.0172047708183527, -0.014567487873136997, -0.9997458457946777, 1.5457649230957031], [-0.3812403976917267, -0.9242589473724365, 0.0200283732265234, -0.08819580078125], [0.0, 0.0, 0.0, 1.0]]], "view": [[0.0, -2.0, 100.0], [-2.0, 0.0, 100.0], [0.0, 0.0, 1.0]], "bev": "bev_cd9964f8c3d34383b16e9c2997de1ed0.png", "aux": "aux_cd9964f8c3d34383b16e9c2997de1ed0.npz", "visibility": "visibility_cd9964f8c3d34383b16e9c2997de1ed0.png", "pose": [[-0.9659067392349243, -0.258890300989151, 0.0, 334.53985595703125], [0.258890300989151, -0.9659067392349243, 0.0, 658.7025146484375], [0.0, 0.0, 1.0, 0.0], [0.0, 0.0, 0.0, 1.0]], "pose_inverse": [[-0.9659067392349243, 0.258890300989151, 0.0, 152.60260009765625], [-0.258890300989151, -0.9659067392349243, 0.0, 722.8543090820312], [0.0, 0.0, 1.0, 0.0], [0.0, 0.0, 0.0, 1.0]], "cam_ids": [0, 1, 2, 3, 4, 5], "cam_channels": ["CAM_FRONT_LEFT", "CAM_FRONT", "CAM_FRONT_RIGHT", "CAM_BACK_LEFT", "CAM_BACK", "CAM_BACK_RIGHT"], "token": "cd9964f8c3d34383b16e9c2997de1ed0", "scene": "scene-0757"}, {"images": ["samples/CAM_FRONT_LEFT/n008-2018-08-30-15-16-55-0400__CAM_FRONT_LEFT__1535657108754799.jpg", "samples/CAM_FRONT/n008-2018-08-30-15-16-55-0400__CAM_FRONT__1535657108762404.jpg", "samples/CAM_FRONT_RIGHT/n008-2018-08-30-15-16-55-0400__CAM_FRONT_RIGHT__1535657108770482.jpg", "samples/CAM_BACK_LEFT/n008-2018-08-30-15-16-55-0400__CAM_BACK_LEFT__1535657108797405.jpg", "samples/CAM_BACK/n008-2018-08-30-15-16-55-0400__CAM_BACK__1535657108787558.jpg", "samples/CAM_BACK_RIGHT/n008-2018-08-30-15-16-55-0400__CAM_BACK_RIGHT__1535657108778113.jpg"], "intrinsics": [[[1257.8625342125129, 0.0, 827.2410631095686], [0.0, 1257.8625342125129, 450.915498205774], [0.0, 0.0, 1.0]], [[1252.8131021185304, 0.0, 826.588114781398], [0.0, 1252.8131021185304, 469.9846626224581], [0.0, 0.0, 1.0]], [[1256.7485116440405, 0.0, 817.7887570959712], [0.0, 1256.7485116440403, 451.9541780095127], [0.0, 0.0, 1.0]], [[1254.9860565800168, 0.0, 829.5769333630991], [0.0, 1254.9860565800168, 467.1680561863987], [0.0, 0.0, 1.0]], [[796.8910634503094, 0.0, 857.7774326863696], [0.0, 796.8910634503094, 476.8848988407415], [0.0, 0.0, 1.0]], [[1249.9629280788233, 0.0, 825.3768045375984], [0.0, 1249.9629280788233, 462.54816385708756], [0.0, 0.0, 1.0]]], "extrinsics": [[[0.8238729238510132, -0.5666530132293701, -0.011742942035198212, -0.8076171875], [-0.007452220190316439, 0.009886758401989937, -0.9999233484268188, 1.4865069389343262], [0.5667256712913513, 0.8238972425460815, 0.003922608681023121, -1.19793701171875], [0.0, 0.0, 0.0, 1.0]], [[0.012147624045610428, -0.999908983707428, -0.005871393717825413, 0.008056640625], [-0.0056611159816384315, 0.005802960135042667, -0.9999671578407288, 1.4790329933166504], [0.9999101758003235, 0.012180454097688198, -0.005590108688920736, -1.5349884033203125], [0.0, 0.0, 0.0, 1.0]], [[-0.843282163143158, -0.5374710559844971, -0.00029058719519525766, 0.957855224609375], [0.002149758394807577, -0.00283228000625968, -0.999993622303009, 1.4934120178222656], [0.5374668836593628, -0.8432775139808655, 0.0035438439808785915, -1.1927490234375], [0.0, 0.0, 0.0, 1.0]], [[0.947677493095398, 0.31870540976524353, -0.01828046701848507, -1.125457763671875], [-0.02352454885840416, 0.012612685561180115, -0.9996436834335327, 1.5615849494934082], [-0.3183612823486328, 0.947769820690155, 0.01945015974342823, -0.16229248046875], [0.0, 0.0, 0.0, 1.0]], [[0.008743669837713242, 0.9999503493309021, 0.004780517425388098, -0.02825927734375], [-0.02130475454032421, 0.004965901840478182, -0.9997606873512268, 1.5665795803070068], [-0.9997348189353943, 0.008639730513095856, 0.02134711854159832, -0.02519989013671875], [0.0, 0.0, 0.0, 1.0]], [[-0.9240845441818237, 0.3820849657058716, 0.008882977068424225, 1.0517425537109375], [-0.016988886520266533, -0.017846517264842987, -0.9996963739395142, 1.5458087921142578], [-0.38181042671203613, -0.9239549040794373, 0.0229828879237175, -0.088623046875], [0.0, 0.0, 0.0, 1.0]]], "view": [[0.0, -2.0, 100.0], [-2.0, 0.0, 100.0], [0.0, 0.0, 1.0]], "bev": "bev_9ab95de13c2d432ebb678ebb5da1ac5e.png", "aux": "aux_9ab95de13c2d432ebb678ebb5da1ac5e.npz", "visibility": "visibility_9ab95de13c2d432ebb678ebb5da1ac5e.png", "pose": [[-0.9581958055496216, -0.28611332178115845, 0.0, 332.07977294921875], [0.28611332178115845, -0.9581958055496216, 0.0, 659.4188842773438], [0.0, 0.0, 1.0, 0.0], [0.0, 0.0, 0.0, 1.0]], "pose_inverse": [[-0.9581958055496216, 0.28611332178115845, 0.0, 129.52891540527344], [-0.28611332178115845, -0.9581958055496216, 0.0, 726.8648681640625], [0.0, 0.0, 1.0, 0.0], [0.0, 0.0, 0.0, 1.0]], "cam_ids": [0, 1, 2, 3, 4, 5], "cam_channels": ["CAM_FRONT_LEFT", "CAM_FRONT", "CAM_FRONT_RIGHT", "CAM_BACK_LEFT", "CAM_BACK", "CAM_BACK_RIGHT"], "token": "9ab95de13c2d432ebb678ebb5da1ac5e", "scene": "scene-0757"}, {"images": ["samples/CAM_FRONT_LEFT/n008-2018-08-30-15-16-55-0400__CAM_FRONT_LEFT__1535657109254799.jpg", "samples/CAM_FRONT/n008-2018-08-30-15-16-55-0400__CAM_FRONT__1535657109262404.jpg", "samples/CAM_FRONT_RIGHT/n008-2018-08-30-15-16-55-0400__CAM_FRONT_RIGHT__1535657109270482.jpg", "samples/CAM_BACK_LEFT/n008-2018-08-30-15-16-55-0400__CAM_BACK_LEFT__1535657109297405.jpg", "samples/CAM_BACK/n008-2018-08-30-15-16-55-0400__CAM_BACK__1535657109287558.jpg", "samples/CAM_BACK_RIGHT/n008-2018-08-30-15-16-55-0400__CAM_BACK_RIGHT__1535657109278113.jpg"], "intrinsics": [[[1257.8625342125129, 0.0, 827.2410631095686], [0.0, 1257.8625342125129, 450.915498205774], [0.0, 0.0, 1.0]], [[1252.8131021185304, 0.0, 826.588114781398], [0.0, 1252.8131021185304, 469.9846626224581], [0.0, 0.0, 1.0]], [[1256.7485116440405, 0.0, 817.7887570959712], [0.0, 1256.7485116440403, 451.9541780095127], [0.0, 0.0, 1.0]], [[1254.9860565800168, 0.0, 829.5769333630991], [0.0, 1254.9860565800168, 467.1680561863987], [0.0, 0.0, 1.0]], [[796.8910634503094, 0.0, 857.7774326863696], [0.0, 796.8910634503094, 476.8848988407415], [0.0, 0.0, 1.0]], [[1249.9629280788233, 0.0, 825.3768045375984], [0.0, 1249.9629280788233, 462.54816385708756], [0.0, 0.0, 1.0]]], "extrinsics": [[[0.8233713507652283, -0.5673491954803467, -0.013208283111453056, -0.80950927734375], [-0.015363069251179695, 0.00098212412558496, -0.9998815059661865, 1.484661340713501], [0.5672948956489563, 0.8234767317771912, -0.007907573133707047, -1.20050048828125], [0.0, 0.0, 0.0, 1.0]], [[0.01158922165632248, -0.9999290704727173, 0.0027498523704707623, 0.0089111328125], [-0.013160036876797676, -0.002902322681620717, -0.9999092221260071, 1.4775612354278564], [0.9998462796211243, 0.011551991105079651, -0.013192736543715, -1.5366134643554688], [0.0, 0.0, 0.0, 1.0]], [[-0.8434540629386902, -0.5371047854423523, 0.010175465606153011, 0.958221435546875], [-0.004852285608649254, -0.011323695071041584, -0.9999240636825562, 1.492316722869873], [0.5371792912483215, -0.843439519405365, 0.006944830995053053, -1.19219970703125], [0.0, 0.0, 0.0, 1.0]], [[0.9475607872009277, 0.31847378611564636, -0.02651260234415531, -1.1256103515625], [-0.029617762193083763, 0.00491085322573781, -0.9995492100715637, 1.56147038936615], [-0.31820008158683777, 0.9479189515113831, 0.014085815288126469, -0.16229248046875], [0.0, 0.0, 0.0, 1.0]], [[0.008883200585842133, 0.9999550580978394, -0.0032941228710114956, -0.0284423828125], [-0.027812760323286057, -0.003045904915779829, -0.9996084570884705, 1.5661005973815918], [-0.9995736479759216, 0.008971309289336205, 0.027784455567598343, -0.026153564453125], [0.0, 0.0, 0.0, 1.0]], [[-0.9239255785942078, 0.38238489627838135, 0.011963807977735996, 1.0504150390625], [-0.023750418797135353, -0.026118367910385132, -0.999376654624939, 1.544992446899414], [-0.38183411955833435, -0.9236338138580322, 0.03321323171257973, -0.08880615234375], [0.0, 0.0, 0.0, 1.0]]], "view": [[0.0, -2.0, 100.0], [-2.0, 0.0, 100.0], [0.0, 0.0, 1.0]], "bev": "bev_4a61e56dd1ee4c159cc595b52aa2a254.png", "aux": "aux_4a61e56dd1ee4c159cc595b52aa2a254.npz", "visibility": "visibility_4a61e56dd1ee4c159cc595b52aa2a254.png", "pose": [[-0.9515174031257629, -0.30759483575820923, 0.0, 329.6474914550781], [0.30759483575820923, -0.9515174031257629, 0.0, 660.1967163085938], [0.0, 0.0, 1.0, 0.0], [0.0, 0.0, 0.0, 1.0]], "pose_inverse": [[-0.9515174031257629, 0.30759483575820923, 0.0, 110.59223175048828], [-0.30759483575820923, -0.9515174031257629, 0.0, 729.5865478515625], [0.0, 0.0, 1.0, 0.0], [0.0, 0.0, 0.0, 1.0]], "cam_ids": [0, 1, 2, 3, 4, 5], "cam_channels": ["CAM_FRONT_LEFT", "CAM_FRONT", "CAM_FRONT_RIGHT", "CAM_BACK_LEFT", "CAM_BACK", "CAM_BACK_RIGHT"], "token": "4a61e56dd1ee4c159cc595b52aa2a254", "scene": "scene-0757"}, {"images": ["samples/CAM_FRONT_LEFT/n008-2018-08-30-15-16-55-0400__CAM_FRONT_LEFT__1535657109754799.jpg", "samples/CAM_FRONT/n008-2018-08-30-15-16-55-0400__CAM_FRONT__1535657109762404.jpg", "samples/CAM_FRONT_RIGHT/n008-2018-08-30-15-16-55-0400__CAM_FRONT_RIGHT__1535657109770482.jpg", "samples/CAM_BACK_LEFT/n008-2018-08-30-15-16-55-0400__CAM_BACK_LEFT__1535657109797405.jpg", "samples/CAM_BACK/n008-2018-08-30-15-16-55-0400__CAM_BACK__1535657109787558.jpg", "samples/CAM_BACK_RIGHT/n008-2018-08-30-15-16-55-0400__CAM_BACK_RIGHT__1535657109778113.jpg"], "intrinsics": [[[1257.8625342125129, 0.0, 827.2410631095686], [0.0, 1257.8625342125129, 450.915498205774], [0.0, 0.0, 1.0]], [[1252.8131021185304, 0.0, 826.588114781398], [0.0, 1252.8131021185304, 469.9846626224581], [0.0, 0.0, 1.0]], [[1256.7485116440405, 0.0, 817.7887570959712], [0.0, 1256.7485116440403, 451.9541780095127], [0.0, 0.0, 1.0]], [[1254.9860565800168, 0.0, 829.5769333630991], [0.0, 1254.9860565800168, 467.1680561863987], [0.0, 0.0, 1.0]], [[796.8910634503094, 0.0, 857.7774326863696], [0.0, 796.8910634503094, 476.8848988407415], [0.0, 0.0, 1.0]], [[1249.9629280788233, 0.0, 825.3768045375984], [0.0, 1249.9629280788233, 462.54816385708756], [0.0, 0.0, 1.0]]], "extrinsics": [[[0.8225812315940857, -0.5685727596282959, -0.009231098927557468, -0.80975341796875], [-0.008727764710783958, 0.0036079681012779474, -0.999955415725708, 1.4862289428710938], [0.5685806274414062, 0.8226251602172852, -0.001994522288441658, -1.2012939453125], [0.0, 0.0, 0.0, 1.0]], [[0.010336099192500114, -0.9999464154243469, 0.0004974722978658974, 0.0093994140625], [-0.006847124546766281, -0.0005682645132765174, -0.999976396560669, 1.4788181781768799], [0.999923050403595, 0.010332426056265831, -0.00685263192281127, -1.5377960205078125], [0.0, 0.0, 0.0, 1.0]], [[-0.8440070152282715, -0.5363162755966187, 0.004127496853470802, 0.959991455078125], [0.0010069386335089803, -0.009280308149755001, -0.9999564290046692, 1.49324369430542], [0.5363312363624573, -0.8439660668373108, 0.008372683078050613, -1.192626953125], [0.0, 0.0, 0.0, 1.0]], [[0.9476400017738342, 0.3185804784297943, -0.022020896896719933, -1.127227783203125], [-0.02532677911221981, 0.00623786635696888, -0.9996597170829773, 1.5615911483764648], [-0.3183347284793854, 0.9478753209114075, 0.013979868963360786, -0.1622314453125], [0.0, 0.0, 0.0, 1.0]], [[0.009207557886838913, 0.9999561905860901, -0.0016717435792088509, -0.02899169921875], [-0.022909924387931824, -0.0014604213647544384, -0.9997364282608032, 1.566494107246399], [-0.9996951222419739, 0.009243456646800041, 0.02289547771215439, -0.02411651611328125], [0.0, 0.0, 0.0, 1.0]], [[-0.9237188696861267, 0.38299357891082764, 0.007703311741352081, 1.05218505859375], [-0.018401723355054855, -0.024277906864881516, -0.999535858631134, 1.5456886291503906], [-0.38262876868247986, -0.923431932926178, 0.02947370335459709, -0.0872802734375], [0.0, 0.0, 0.0, 1.0]]], "view": [[0.0, -2.0, 100.0], [-2.0, 0.0, 100.0], [0.0, 0.0, 1.0]], "bev": "bev_8c0372d87281421aba897bec0084d0da.png", "aux": "aux_8c0372d87281421aba897bec0084d0da.npz", "visibility": "visibility_8c0372d87281421aba897bec0084d0da.png", "pose": [[-0.9480589628219604, -0.3180946409702301, 0.0, 327.23382568359375], [0.3180946409702301, -0.9480589628219604, 0.0, 661.0255126953125], [0.0, 0.0, 1.0, 0.0], [0.0, 0.0, 0.0, 1.0]], "pose_inverse": [[-0.9480589628219604, 0.3180946409702301, 0.0, 99.9682846069336], [-0.3180946409702301, -0.9480589628219604, 0.0, 730.782470703125], [0.0, 0.0, 1.0, 0.0], [0.0, 0.0, 0.0, 1.0]], "cam_ids": [0, 1, 2, 3, 4, 5], "cam_channels": ["CAM_FRONT_LEFT", "CAM_FRONT", "CAM_FRONT_RIGHT", "CAM_BACK_LEFT", "CAM_BACK", "CAM_BACK_RIGHT"], "token": "8c0372d87281421aba897bec0084d0da", "scene": "scene-0757"}, {"images": ["samples/CAM_FRONT_LEFT/n008-2018-08-30-15-16-55-0400__CAM_FRONT_LEFT__1535657110154799.jpg", "samples/CAM_FRONT/n008-2018-08-30-15-16-55-0400__CAM_FRONT__1535657110162404.jpg", "samples/CAM_FRONT_RIGHT/n008-2018-08-30-15-16-55-0400__CAM_FRONT_RIGHT__1535657110170482.jpg", "samples/CAM_BACK_LEFT/n008-2018-08-30-15-16-55-0400__CAM_BACK_LEFT__1535657110197405.jpg", "samples/CAM_BACK/n008-2018-08-30-15-16-55-0400__CAM_BACK__1535657110187558.jpg", "samples/CAM_BACK_RIGHT/n008-2018-08-30-15-16-55-0400__CAM_BACK_RIGHT__1535657110178113.jpg"], "intrinsics": [[[1257.8625342125129, 0.0, 827.2410631095686], [0.0, 1257.8625342125129, 450.915498205774], [0.0, 0.0, 1.0]], [[1252.8131021185304, 0.0, 826.588114781398], [0.0, 1252.8131021185304, 469.9846626224581], [0.0, 0.0, 1.0]], [[1256.7485116440405, 0.0, 817.7887570959712], [0.0, 1256.7485116440403, 451.9541780095127], [0.0, 0.0, 1.0]], [[1254.9860565800168, 0.0, 829.5769333630991], [0.0, 1254.9860565800168, 467.1680561863987], [0.0, 0.0, 1.0]], [[796.8910634503094, 0.0, 857.7774326863696], [0.0, 796.8910634503094, 476.8848988407415], [0.0, 0.0, 1.0]], [[1249.9629280788233, 0.0, 825.3768045375984], [0.0, 1249.9629280788233, 462.54816385708756], [0.0, 0.0, 1.0]]], "extrinsics": [[[0.8224514722824097, -0.5684201717376709, -0.02173137106001377, -0.823211669921875], [-0.014929401688277721, 0.016620170325040817, -0.9997503757476807, 1.4849767684936523], [0.5686394572257996, 0.8225705623626709, 0.005183108150959015, -1.2108154296875], [0.0, 0.0, 0.0, 1.0]], [[0.010307752527296543, -0.9998676776885986, -0.012588252313435078, 0.00958251953125], [-0.012874412350356579, 0.012455174699425697, -0.9998395442962646, 1.4777846336364746], [0.9998639822006226, 0.010468184016644955, -0.012744324281811714, -1.5520477294921875], [0.0, 0.0, 0.0, 1.0]], [[-0.8439679741859436, -0.5363898873329163, 0.0020235730335116386, 0.970062255859375], [-0.004757835064083338, 0.0037135775201022625, -0.9999817609786987, 1.4923791885375977], [0.5363726019859314, -0.8439621329307556, -0.005686195567250252, -1.19879150390625], [0.0, 0.0, 0.0, 1.0]], [[0.9475950002670288, 0.3186984062194824, -0.022251317277550697, -1.130645751953125], [-0.029755724593997, 0.01869729720056057, -0.9993823170661926, 1.5616226196289062], [-0.31808555126190186, 0.9476717710494995, 0.027200566604733467, -0.16064453125], [0.0, 0.0, 0.0, 1.0]], [[0.009254656732082367, 0.9998970031738281, 0.01097541581839323, -0.02911376953125], [-0.02780987322330475, 0.011229005642235279, -0.9995501637458801, 1.566333293914795], [-0.999570369720459, 0.008945267647504807, 0.027910927310585976, -0.01750946044921875], [0.0, 0.0, 0.0, 1.0]], [[-0.9236785173416138, 0.38276606798171997, 0.017554085701704025, 1.06085205078125], [-0.023724103346467018, -0.011404982767999172, -0.9996535181999207, 1.5452775955200195], [-0.3824332654476166, -0.9237748384475708, 0.01961531862616539, -0.08349609375], [0.0, 0.0, 0.0, 1.0]]], "view": [[0.0, -2.0, 100.0], [-2.0, 0.0, 100.0], [0.0, 0.0, 1.0]], "bev": "bev_ebce5a3b3484446580028d6538e69a81.png", "aux": "aux_ebce5a3b3484446580028d6538e69a81.npz", "visibility": "visibility_ebce5a3b3484446580028d6538e69a81.png", "pose": [[-0.9473364949226379, -0.32023993134498596, 0.0, 325.3623046875], [0.32023993134498596, -0.9473364949226379, 0.0, 661.6868286132812], [0.0, 0.0, 1.0, 0.0], [0.0, 0.0, 0.0, 1.0]], "pose_inverse": [[-0.9473364949226379, 0.32023993134498596, 0.0, 96.32902526855469], [-0.32023993134498596, -0.9473364949226379, 0.0, 731.0340576171875], [0.0, 0.0, 1.0, 0.0], [0.0, 0.0, 0.0, 1.0]], "cam_ids": [0, 1, 2, 3, 4, 5], "cam_channels": ["CAM_FRONT_LEFT", "CAM_FRONT", "CAM_FRONT_RIGHT", "CAM_BACK_LEFT", "CAM_BACK", "CAM_BACK_RIGHT"], "token": "ebce5a3b3484446580028d6538e69a81", "scene": "scene-0757"}, {"images": ["samples/CAM_FRONT_LEFT/n008-2018-08-30-15-16-55-0400__CAM_FRONT_LEFT__1535657110604799.jpg", "samples/CAM_FRONT/n008-2018-08-30-15-16-55-0400__CAM_FRONT__1535657110612404.jpg", "samples/CAM_FRONT_RIGHT/n008-2018-08-30-15-16-55-0400__CAM_FRONT_RIGHT__1535657110620482.jpg", "samples/CAM_BACK_LEFT/n008-2018-08-30-15-16-55-0400__CAM_BACK_LEFT__1535657110647405.jpg", "samples/CAM_BACK/n008-2018-08-30-15-16-55-0400__CAM_BACK__1535657110637558.jpg", "samples/CAM_BACK_RIGHT/n008-2018-08-30-15-16-55-0400__CAM_BACK_RIGHT__1535657110628113.jpg"], "intrinsics": [[[1257.8625342125129, 0.0, 827.2410631095686], [0.0, 1257.8625342125129, 450.915498205774], [0.0, 0.0, 1.0]], [[1252.8131021185304, 0.0, 826.588114781398], [0.0, 1252.8131021185304, 469.9846626224581], [0.0, 0.0, 1.0]], [[1256.7485116440405, 0.0, 817.7887570959712], [0.0, 1256.7485116440403, 451.9541780095127], [0.0, 0.0, 1.0]], [[1254.9860565800168, 0.0, 829.5769333630991], [0.0, 1254.9860565800168, 467.1680561863987], [0.0, 0.0, 1.0]], [[796.8910634503094, 0.0, 857.7774326863696], [0.0, 796.8910634503094, 476.8848988407415], [0.0, 0.0, 1.0]], [[1249.9629280788233, 0.0, 825.3768045375984], [0.0, 1249.9629280788233, 462.54816385708756], [0.0, 0.0, 1.0]]], "extrinsics": [[[0.8229020237922668, -0.5678417682647705, -0.019695503637194633, -0.8316650390625], [-0.010142852552235126, 0.019977368414402008, -0.999748945236206, 1.4861211776733398], [0.5680927038192749, 0.8228952288627625, 0.010679882951080799, -1.2169189453125], [0.0, 0.0, 0.0, 1.0]], [[0.010782797820866108, -0.9998098611831665, -0.016246380284428596, 0.00946044921875], [-0.008180897682905197, 0.0161585733294487, -0.9998359680175781, 1.4787006378173828], [0.9999083280563354, 0.01091398298740387, -0.008005107752978802, -1.559967041015625], [0.0, 0.0, 0.0, 1.0]], [[-0.8438594341278076, -0.5365490317344666, -0.004048976581543684, 0.974395751953125], [-0.00015076674753800035, 0.007783220149576664, -0.9999696612358093, 1.4930391311645508], [0.536564290523529, -0.8438332676887512, -0.006648837588727474, -1.2017822265625], [0.0, 0.0, 0.0, 1.0]], [[0.9477046132087708, 0.31873050332069397, -0.016340458765625954, -1.12738037109375], [-0.0251793023198843, 0.02363070473074913, -0.9994035959243774, 1.5615921020507812], [-0.3181542754173279, 0.9475507736206055, 0.030420338734984398, -0.1619873046875], [0.0, 0.0, 0.0, 1.0]], [[0.009160501882433891, 0.9998350143432617, 0.015685059130191803, -0.029052734375], [-0.023173853754997253, 0.01589377038180828, -0.9996050596237183, 1.5666170120239258], [-0.9996894598007202, 0.008793395943939686, 0.023315628990530968, -0.0174560546875], [0.0, 0.0, 0.0, 1.0]], [[-0.9237894415855408, 0.3826112151145935, 0.014890342950820923, 1.0639190673828125], [-0.019050227478146553, -0.007085864432156086, -0.9997934103012085, 1.5458345413208008], [-0.3824267089366913, -0.923882246017456, 0.013834676705300808, -0.08245849609375], [0.0, 0.0, 0.0, 1.0]]], "view": [[0.0, -2.0, 100.0], [-2.0, 0.0, 100.0], [0.0, 0.0, 1.0]], "bev": "bev_12e1aa58e9d04068a33f37b896b901a3.png", "aux": "aux_12e1aa58e9d04068a33f37b896b901a3.npz", "visibility": "visibility_12e1aa58e9d04068a33f37b896b901a3.png", "pose": [[-0.944826066493988, -0.32757240533828735, 0.0, 323.3629150390625], [0.32757240533828735, -0.944826066493988, 0.0, 662.4053344726562], [0.0, 0.0, 1.0, 0.0], [0.0, 0.0, 0.0, 1.0]], "pose_inverse": [[-0.944826066493988, 0.32757240533828735, 0.0, 88.53601837158203], [-0.32757240533828735, -0.944826066493988, 0.0, 731.7825927734375], [0.0, 0.0, 1.0, 0.0], [0.0, 0.0, 0.0, 1.0]], "cam_ids": [0, 1, 2, 3, 4, 5], "cam_channels": ["CAM_FRONT_LEFT", "CAM_FRONT", "CAM_FRONT_RIGHT", "CAM_BACK_LEFT", "CAM_BACK", "CAM_BACK_RIGHT"], "token": "12e1aa58e9d04068a33f37b896b901a3", "scene": "scene-0757"}, {"images": ["samples/CAM_FRONT_LEFT/n008-2018-08-30-15-16-55-0400__CAM_FRONT_LEFT__1535657111104799.jpg", "samples/CAM_FRONT/n008-2018-08-30-15-16-55-0400__CAM_FRONT__1535657111112404.jpg", "samples/CAM_FRONT_RIGHT/n008-2018-08-30-15-16-55-0400__CAM_FRONT_RIGHT__1535657111120482.jpg", "samples/CAM_BACK_LEFT/n008-2018-08-30-15-16-55-0400__CAM_BACK_LEFT__1535657111147405.jpg", "samples/CAM_BACK/n008-2018-08-30-15-16-55-0400__CAM_BACK__1535657111137558.jpg", "samples/CAM_BACK_RIGHT/n008-2018-08-30-15-16-55-0400__CAM_BACK_RIGHT__1535657111128113.jpg"], "intrinsics": [[[1257.8625342125129, 0.0, 827.2410631095686], [0.0, 1257.8625342125129, 450.915498205774], [0.0, 0.0, 1.0]], [[1252.8131021185304, 0.0, 826.588114781398], [0.0, 1252.8131021185304, 469.9846626224581], [0.0, 0.0, 1.0]], [[1256.7485116440405, 0.0, 817.7887570959712], [0.0, 1256.7485116440403, 451.9541780095127], [0.0, 0.0, 1.0]], [[1254.9860565800168, 0.0, 829.5769333630991], [0.0, 1254.9860565800168, 467.1680561863987], [0.0, 0.0, 1.0]], [[796.8910634503094, 0.0, 857.7774326863696], [0.0, 796.8910634503094, 476.8848988407415], [0.0, 0.0, 1.0]], [[1249.9629280788233, 0.0, 825.3768045375984], [0.0, 1249.9629280788233, 462.54816385708756], [0.0, 0.0, 1.0]]], "extrinsics": [[[0.8236246705055237, -0.5662685632705688, -0.03134447708725929, -0.85443115234375], [-0.015456890687346458, 0.03283451125025749, -0.9993413090705872, 1.4854164123535156], [0.5669246912002563, 0.8235666155815125, 0.018290560692548752, -1.2325439453125], [0.0, 0.0, 0.0, 1.0]], [[0.011999426409602165, -0.9994877576828003, -0.02966937981545925, 0.00909423828125], [-0.013683074153959751, 0.02950460836291313, -0.9994710087776184, 1.478057861328125], [0.9998342990875244, 0.012399047613143921, -0.013322025537490845, -1.5849380493164062], [0.0, 0.0, 0.0, 1.0]], [[-0.8432667255401611, -0.5374535322189331, -0.006708434782922268, 0.993255615234375], [-0.005849280394613743, 0.02165628969669342, -0.9997483491897583, 1.4923601150512695], [0.5374635457992554, -0.8430152535438538, -0.021405745297670364, -1.21368408203125], [0.0, 0.0, 0.0, 1.0]], [[0.9475758075714111, 0.319042444229126, -0.0176621712744236, -1.13604736328125], [-0.03186484053730965, 0.03935161232948303, -0.998717188835144, 1.5617637634277344], [-0.3179381787776947, 0.9469230771064758, 0.047454871237277985, -0.1590576171875], [0.0, 0.0, 0.0, 1.0]], [[0.008830342441797256, 0.9994927644729614, 0.030599160119891167, -0.0291748046875], [-0.029536442831158638, 0.03084770403802395, -0.9990875720977783, 1.5666255950927734], [-0.999524712562561, 0.007918531075119972, 0.02979385480284691, -0.00362396240234375], [0.0, 0.0, 0.0, 1.0]], [[-0.9239943623542786, 0.38152676820755005, 0.025916486978530884, 1.0810394287109375], [-0.025051970034837723, 0.007233554031699896, -0.9996599555015564, 1.5456571578979492], [-0.381584495306015, -0.9243294596672058, 0.0028742325957864523, -0.0753173828125], [0.0, 0.0, 0.0, 1.0]]], "view": [[0.0, -2.0, 100.0], [-2.0, 0.0, 100.0], [0.0, 0.0, 1.0]], "bev": "bev_407969e29bf741f184bf8405af03588e.png", "aux": "aux_407969e29bf741f184bf8405af03588e.npz", "visibility": "visibility_407969e29bf741f184bf8405af03588e.png", "pose": [[-0.9357776045799255, -0.3525908291339874, 0.0, 321.35845947265625], [0.3525908291339874, -0.9357776045799255, 0.0, 663.1649169921875], [0.0, 0.0, 1.0, 0.0], [0.0, 0.0, 0.0, 1.0]], "pose_inverse": [[-0.9357776045799255, 0.3525908291339874, 0.0, 66.89417266845703], [-0.3525908291339874, -0.9357776045799255, 0.0, 733.8829345703125], [0.0, 0.0, 1.0, 0.0], [0.0, 0.0, 0.0, 1.0]], "cam_ids": [0, 1, 2, 3, 4, 5], "cam_channels": ["CAM_FRONT_LEFT", "CAM_FRONT", "CAM_FRONT_RIGHT", "CAM_BACK_LEFT", "CAM_BACK", "CAM_BACK_RIGHT"], "token": "407969e29bf741f184bf8405af03588e", "scene": "scene-0757"}, {"images": ["samples/CAM_FRONT_LEFT/n008-2018-08-30-15-16-55-0400__CAM_FRONT_LEFT__1535657111604799.jpg", "samples/CAM_FRONT/n008-2018-08-30-15-16-55-0400__CAM_FRONT__1535657111612404.jpg", "samples/CAM_FRONT_RIGHT/n008-2018-08-30-15-16-55-0400__CAM_FRONT_RIGHT__1535657111620482.jpg", "samples/CAM_BACK_LEFT/n008-2018-08-30-15-16-55-0400__CAM_BACK_LEFT__1535657111647405.jpg", "samples/CAM_BACK/n008-2018-08-30-15-16-55-0400__CAM_BACK__1535657111637558.jpg", "samples/CAM_BACK_RIGHT/n008-2018-08-30-15-16-55-0400__CAM_BACK_RIGHT__1535657111628113.jpg"], "intrinsics": [[[1257.8625342125129, 0.0, 827.2410631095686], [0.0, 1257.8625342125129, 450.915498205774], [0.0, 0.0, 1.0]], [[1252.8131021185304, 0.0, 826.588114781398], [0.0, 1252.8131021185304, 469.9846626224581], [0.0, 0.0, 1.0]], [[1256.7485116440405, 0.0, 817.7887570959712], [0.0, 1256.7485116440403, 451.9541780095127], [0.0, 0.0, 1.0]], [[1254.9860565800168, 0.0, 829.5769333630991], [0.0, 1254.9860565800168, 467.1680561863987], [0.0, 0.0, 1.0]], [[796.8910634503094, 0.0, 857.7774326863696], [0.0, 796.8910634503094, 476.8848988407415], [0.0, 0.0, 1.0]], [[1249.9629280788233, 0.0, 825.3768045375984], [0.0, 1249.9629280788233, 462.54816385708756], [0.0, 0.0, 1.0]]], "extrinsics": [[[0.8236081600189209, -0.567003071308136, -0.013312986120581627, -0.873016357421875], [-0.005066456273198128, 0.01611686311662197, -0.9998572468757629, 1.4874334335327148], [0.5671367645263672, 0.8235580325126648, 0.010401281528174877, -1.2470703125], [0.0, 0.0, 0.0, 1.0]], [[0.011807105503976345, -0.9998528957366943, -0.012441216967999935, 0.010009765625], [-0.0033333294559270144, 0.012402658350765705, -0.9999175071716309, 1.4796934127807617], [0.9999246597290039, 0.01184759195894003, -0.0031863993499428034, -1.6049575805664062], [0.0, 0.0, 0.0, 1.0]], [[-0.8434040546417236, -0.5372464656829834, -0.005984112620353699, 1.0072021484375], [0.00445616664364934, 0.004142700228840113, -0.9999814629554749, 1.4935107231140137], [0.5372613668441772, -0.8434151411056519, -0.0010999107034876943, -1.22174072265625], [0.0, 0.0, 0.0, 1.0]], [[0.9477516412734985, 0.31870800256729126, -0.013857508078217506, -1.138702392578125], [-0.02177482284605503, 0.02129235863685608, -0.9995360970497131, 1.5619182586669922], [-0.3182651102542877, 0.9476137757301331, 0.027119677513837814, -0.15789794921875], [0.0, 0.0, 0.0, 1.0]], [[0.008811600506305695, 0.9998810291290283, 0.012665280140936375, -0.029541015625], [-0.019390450790524483, 0.012834245339035988, -0.999729573726654, 1.567270278930664], [-0.9997731447219849, 0.00856359675526619, 0.019501235336065292, 0.0042572021484375], [0.0, 0.0, 0.0, 1.0]], [[-0.9240621328353882, 0.3821187913417816, 0.009711631573736668, 1.0922698974609375], [-0.01486994605511427, -0.010548388585448265, -0.9998337626457214, 1.5467400550842285], [-0.3819528818130493, -0.9240530133247375, 0.015429453924298286, -0.070068359375], [0.0, 0.0, 0.0, 1.0]]], "view": [[0.0, -2.0, 100.0], [-2.0, 0.0, 100.0], [0.0, 0.0, 1.0]], "bev": "bev_f4163d8adea94bcf892e005d5d2937a8.png", "aux": "aux_f4163d8adea94bcf892e005d5d2937a8.npz", "visibility": "visibility_f4163d8adea94bcf892e005d5d2937a8.png", "pose": [[-0.9248359203338623, -0.3803662657737732, 0.0, 319.5181579589844], [0.3803662657737732, -0.9248359203338623, 0.0, 663.9384765625], [0.0, 0.0, 1.0, 0.0], [0.0, 0.0, 0.0, 1.0]], "pose_inverse": [[-0.9248359203338623, 0.3803662657737732, 0.0, 42.962066650390625], [-0.3803662657737732, -0.9248359203338623, 0.0, 735.568115234375], [0.0, 0.0, 1.0, 0.0], [0.0, 0.0, 0.0, 1.0]], "cam_ids": [0, 1, 2, 3, 4, 5], "cam_channels": ["CAM_FRONT_LEFT", "CAM_FRONT", "CAM_FRONT_RIGHT", "CAM_BACK_LEFT", "CAM_BACK", "CAM_BACK_RIGHT"], "token": "f4163d8adea94bcf892e005d5d2937a8", "scene": "scene-0757"}, {"images": ["samples/CAM_FRONT_LEFT/n008-2018-08-30-15-16-55-0400__CAM_FRONT_LEFT__1535657112104799.jpg", "samples/CAM_FRONT/n008-2018-08-30-15-16-55-0400__CAM_FRONT__1535657112112404.jpg", "samples/CAM_FRONT_RIGHT/n008-2018-08-30-15-16-55-0400__CAM_FRONT_RIGHT__1535657112120482.jpg", "samples/CAM_BACK_LEFT/n008-2018-08-30-15-16-55-0400__CAM_BACK_LEFT__1535657112147405.jpg", "samples/CAM_BACK/n008-2018-08-30-15-16-55-0400__CAM_BACK__1535657112137558.jpg", "samples/CAM_BACK_RIGHT/n008-2018-08-30-15-16-55-0400__CAM_BACK_RIGHT__1535657112128113.jpg"], "intrinsics": [[[1257.8625342125129, 0.0, 827.2410631095686], [0.0, 1257.8625342125129, 450.915498205774], [0.0, 0.0, 1.0]], [[1252.8131021185304, 0.0, 826.588114781398], [0.0, 1252.8131021185304, 469.9846626224581], [0.0, 0.0, 1.0]], [[1256.7485116440405, 0.0, 817.7887570959712], [0.0, 1256.7485116440403, 451.9541780095127], [0.0, 0.0, 1.0]], [[1254.9860565800168, 0.0, 829.5769333630991], [0.0, 1254.9860565800168, 467.1680561863987], [0.0, 0.0, 1.0]], [[796.8910634503094, 0.0, 857.7774326863696], [0.0, 796.8910634503094, 476.8848988407415], [0.0, 0.0, 1.0]], [[1249.9629280788233, 0.0, 825.3768045375984], [0.0, 1249.9629280788233, 462.54816385708756], [0.0, 0.0, 1.0]]], "extrinsics": [[[0.8222970962524414, -0.5685354471206665, -0.02439323626458645, -0.87799072265625], [-0.01699858158826828, 0.018306229263544083, -0.999687910079956, 1.485640525817871], [0.5688045024871826, 0.822455108165741, 0.005388862919062376, -1.250732421875], [0.0, 0.0, 0.0, 1.0]], [[0.010071110911667347, -0.9998576045036316, -0.013536949642002583, 0.01025390625], [-0.015552877448499203, 0.013379370793700218, -0.9997895359992981, 1.4781732559204102], [0.9998283386230469, 0.010279540903866291, -0.01541591715067625, -1.6098365783691406], [0.0, 0.0, 0.0, 1.0]], [[-0.8440672159194946, -0.5362163186073303, 0.004762196913361549, 1.010498046875], [-0.008071750402450562, 0.003825125051662326, -0.9999600648880005, 1.4922804832458496], [0.5361766815185547, -0.8440719842910767, -0.007556868251413107, -1.2232666015625], [0.0, 0.0, 0.0, 1.0]], [[0.9474422335624695, 0.31871283054351807, -0.02784676104784012, -1.140838623046875], [-0.03478926047682762, 0.016110192984342575, -0.9992647767066956, 1.5619239807128906], [-0.31802991032600403, 0.9477143883705139, 0.026351258158683777, -0.1572265625], [0.0, 0.0, 0.0, 1.0]], [[0.009384257718920708, 0.999912440776825, 0.009334024041891098, -0.0296630859375], [-0.03217783570289612, 0.0096315648406744, -0.9994357228279114, 1.5668487548828125], [-0.9994381666183472, 0.009078591130673885, 0.032265402376651764, 0.00695037841796875], [0.0, 0.0, 0.0, 1.0]], [[-0.9235355854034424, 0.38294658064842224, 0.02082670107483864, 1.095001220703125], [-0.027526967227458954, -0.012024743482470512, -0.9995487332344055, 1.545903205871582], [-0.3825233280658722, -0.9236921668052673, 0.021646637469530106, -0.06866455078125], [0.0, 0.0, 0.0, 1.0]]], "view": [[0.0, -2.0, 100.0], [-2.0, 0.0, 100.0], [0.0, 0.0, 1.0]], "bev": "bev_e122a34ec57c4edf8311b40c3f85f863.png", "aux": "aux_e122a34ec57c4edf8311b40c3f85f863.npz", "visibility": "visibility_e122a34ec57c4edf8311b40c3f85f863.png", "pose": [[-0.9197966456413269, -0.39239537715911865, 0.0, 317.89862060546875], [0.39239537715911865, -0.9197966456413269, 0.0, 664.6608276367188], [0.0, 0.0, 1.0, 0.0], [0.0, 0.0, 0.0, 1.0]], "pose_inverse": [[-0.9197966456413269, 0.39239537715911865, 0.0, 31.592254638671875], [-0.39239537715911865, -0.9197966456413269, 0.0, 736.0947265625], [0.0, 0.0, 1.0, 0.0], [0.0, 0.0, 0.0, 1.0]], "cam_ids": [0, 1, 2, 3, 4, 5], "cam_channels": ["CAM_FRONT_LEFT", "CAM_FRONT", "CAM_FRONT_RIGHT", "CAM_BACK_LEFT", "CAM_BACK", "CAM_BACK_RIGHT"], "token": "e122a34ec57c4edf8311b40c3f85f863", "scene": "scene-0757"}, {"images": ["samples/CAM_FRONT_LEFT/n008-2018-08-30-15-16-55-0400__CAM_FRONT_LEFT__1535657112604799.jpg", "samples/CAM_FRONT/n008-2018-08-30-15-16-55-0400__CAM_FRONT__1535657112612404.jpg", "samples/CAM_FRONT_RIGHT/n008-2018-08-30-15-16-55-0400__CAM_FRONT_RIGHT__1535657112620482.jpg", "samples/CAM_BACK_LEFT/n008-2018-08-30-15-16-55-0400__CAM_BACK_LEFT__1535657112647405.jpg", "samples/CAM_BACK/n008-2018-08-30-15-16-55-0400__CAM_BACK__1535657112637558.jpg", "samples/CAM_BACK_RIGHT/n008-2018-08-30-15-16-55-0400__CAM_BACK_RIGHT__1535657112628113.jpg"], "intrinsics": [[[1257.8625342125129, 0.0, 827.2410631095686], [0.0, 1257.8625342125129, 450.915498205774], [0.0, 0.0, 1.0]], [[1252.8131021185304, 0.0, 826.588114781398], [0.0, 1252.8131021185304, 469.9846626224581], [0.0, 0.0, 1.0]], [[1256.7485116440405, 0.0, 817.7887570959712], [0.0, 1256.7485116440403, 451.9541780095127], [0.0, 0.0, 1.0]], [[1254.9860565800168, 0.0, 829.5769333630991], [0.0, 1254.9860565800168, 467.1680561863987], [0.0, 0.0, 1.0]], [[796.8910634503094, 0.0, 857.7774326863696], [0.0, 796.8910634503094, 476.8848988407415], [0.0, 0.0, 1.0]], [[1249.9629280788233, 0.0, 825.3768045375984], [0.0, 1249.9629280788233, 462.54816385708756], [0.0, 0.0, 1.0]]], "extrinsics": [[[0.822573184967041, -0.5678529739379883, -0.030270332470536232, -0.888275146484375], [-0.01831231825053692, 0.026751991361379623, -0.9994743466377258, 1.4856643676757812], [0.5683643817901611, 0.8226951956748962, 0.011606765910983086, -1.2552490234375], [0.0, 0.0, 0.0, 1.0]], [[0.010550448670983315, -0.9996877312660217, -0.022652581334114075, 0.00830078125], [-0.01633649505674839, 0.02247849479317665, -0.999613881111145, 1.4782371520996094], [0.9998108744621277, 0.010916435159742832, -0.016094237565994263, -1.61907958984375], [0.0, 0.0, 0.0, 1.0]], [[-0.8438370823860168, -0.5365992188453674, -0.00031343562295660377, 1.015899658203125], [-0.008290664292871952, 0.013621647842228413, -0.9998728036880493, 1.492314338684082], [0.5365352630615234, -0.8437272310256958, -0.015943218022584915, -1.22857666015625], [0.0, 0.0, 0.0, 1.0]], [[0.9475201368331909, 0.3188830316066742, -0.02278456836938858, -1.14141845703125], [-0.03357803449034691, 0.028390776365995407, -0.9990327954292297, 1.5619525909423828], [-0.317927747964859, 0.9473687410354614, 0.037608299404382706, -0.156982421875], [0.0, 0.0, 0.0, 1.0]], [[0.009256626479327679, 0.9997432231903076, 0.02068491466343403, -0.029052734375], [-0.031459059566259384, 0.02096671797335148, -0.9992850422859192, 1.566971778869629], [-0.9994622468948364, 0.00859928596764803, 0.03164506331086159, 0.010051727294921875], [0.0, 0.0, 0.0, 1.0]], [[-0.9236506223678589, 0.3824412226676941, 0.024659233167767525, 1.100555419921875], [-0.027344917878508568, -0.0015876214019954205, -0.9996247887611389, 1.5460445880889893], [-0.3822585344314575, -0.9239783883094788, 0.011924231424927711, -0.067626953125], [0.0, 0.0, 0.0, 1.0]]], "view": [[0.0, -2.0, 100.0], [-2.0, 0.0, 100.0], [0.0, 0.0, 1.0]], "bev": "bev_8366b5125ac945f3b93153cfa39f1677.png", "aux": "aux_8366b5125ac945f3b93153cfa39f1677.npz", "visibility": "visibility_8366b5125ac945f3b93153cfa39f1677.png", "pose": [[-0.9184754490852356, -0.39547795057296753, 0.0, 316.33697509765625], [0.39547795057296753, -0.9184754490852356, 0.0, 665.3582763671875], [0.0, 0.0, 1.0, 0.0], [0.0, 0.0, 0.0, 1.0]], "pose_inverse": [[-0.9184754490852356, 0.39547795057296753, 0.0, 27.41321563720703], [-0.39547795057296753, -0.9184754490852356, 0.0, 736.2195434570312], [0.0, 0.0, 1.0, 0.0], [0.0, 0.0, 0.0, 1.0]], "cam_ids": [0, 1, 2, 3, 4, 5], "cam_channels": ["CAM_FRONT_LEFT", "CAM_FRONT", "CAM_FRONT_RIGHT", "CAM_BACK_LEFT", "CAM_BACK", "CAM_BACK_RIGHT"], "token": "8366b5125ac945f3b93153cfa39f1677", "scene": "scene-0757"}, {"images": ["samples/CAM_FRONT_LEFT/n008-2018-08-30-15-16-55-0400__CAM_FRONT_LEFT__1535657113104799.jpg", "samples/CAM_FRONT/n008-2018-08-30-15-16-55-0400__CAM_FRONT__1535657113112404.jpg", "samples/CAM_FRONT_RIGHT/n008-2018-08-30-15-16-55-0400__CAM_FRONT_RIGHT__1535657113120482.jpg", "samples/CAM_BACK_LEFT/n008-2018-08-30-15-16-55-0400__CAM_BACK_LEFT__1535657113147405.jpg", "samples/CAM_BACK/n008-2018-08-30-15-16-55-0400__CAM_BACK__1535657113137570.jpg", "samples/CAM_BACK_RIGHT/n008-2018-08-30-15-16-55-0400__CAM_BACK_RIGHT__1535657113128113.jpg"], "intrinsics": [[[1257.8625342125129, 0.0, 827.2410631095686], [0.0, 1257.8625342125129, 450.915498205774], [0.0, 0.0, 1.0]], [[1252.8131021185304, 0.0, 826.588114781398], [0.0, 1252.8131021185304, 469.9846626224581], [0.0, 0.0, 1.0]], [[1256.7485116440405, 0.0, 817.7887570959712], [0.0, 1256.7485116440403, 451.9541780095127], [0.0, 0.0, 1.0]], [[1254.9860565800168, 0.0, 829.5769333630991], [0.0, 1254.9860565800168, 467.1680561863987], [0.0, 0.0, 1.0]], [[796.8910634503094, 0.0, 857.7774326863696], [0.0, 796.8910634503094, 476.8848988407415], [0.0, 0.0, 1.0]], [[1249.9629280788233, 0.0, 825.3768045375984], [0.0, 1249.9629280788233, 462.54816385708756], [0.0, 0.0, 1.0]]], "extrinsics": [[[0.8222478032112122, -0.5683833956718445, -0.02913551591336727, -0.904144287109375], [-0.019490240141749382, 0.023041551932692528, -0.9995445013046265, 1.4858951568603516], [0.5687958002090454, 0.8224411606788635, 0.007867936976253986, -1.26458740234375], [0.0, 0.0, 0.0, 1.0]], [[0.009969620034098625, -0.9997681975364685, -0.01908448524773121, 0.00701904296875], [-0.017609627917408943, 0.018906936049461365, -0.999666154384613, 1.4783802032470703], [0.9997951984405518, 0.010302350856363773, -0.017417052760720253, -1.6339836120605469], [0.0, 0.0, 0.0, 1.0]], [[-0.8441501259803772, -0.5361000299453735, 0.0026970249600708485, 1.0247802734375], [-0.009668240323662758, 0.010193410329520702, -0.9999012351036072, 1.4923152923583984], [0.5360196232795715, -0.8440929651260376, -0.01378791406750679, -1.23541259765625], [0.0, 0.0, 0.0, 1.0]], [[0.9474578499794006, 0.3188793361186981, -0.025290366262197495, -1.140625], [-0.03522162511944771, 0.025415588170289993, -0.9990562796592712, 1.5619220733642578], [-0.31793567538261414, 0.9474544525146484, 0.03531165048480034, -0.157165