[{"images": ["samples/CAM_FRONT_LEFT/n008-2018-05-21-11-06-59-0400__CAM_FRONT_LEFT__1526915677004917.jpg", "samples/CAM_FRONT/n008-2018-05-21-11-06-59-0400__CAM_FRONT__1526915677012683.jpg", "samples/CAM_FRONT_RIGHT/n008-2018-05-21-11-06-59-0400__CAM_FRONT_RIGHT__1526915677019956.jpg", "samples/CAM_BACK_LEFT/n008-2018-05-21-11-06-59-0400__CAM_BACK_LEFT__1526915677047295.jpg", "samples/CAM_BACK/n008-2018-05-21-11-06-59-0400__CAM_BACK__1526915677037570.jpg", "samples/CAM_BACK_RIGHT/n008-2018-05-21-11-06-59-0400__CAM_BACK_RIGHT__1526915677027813.jpg"], "intrinsics": [[[1256.4720761102153, 0.0, 759.9201772536986], [0.0, 1256.472076110215, 418.2347543062189], [0.0, 0.0, 1.0]], [[1262.8093578767177, 0.0, 786.6784634591471], [0.0, 1262.8093578767177, 437.9890946201144], [0.0, 0.0, 1.0]], [[1264.1253743585607, 0.0, 761.8659236816043], [0.0, 1264.125374358561, 415.0768894058469], [0.0, 0.0, 1.0]], [[1258.2338510172276, 0.0, 742.9036438917772], [0.0, 1258.2338510172278, 422.93240569290015], [0.0, 0.0, 1.0]], [[798.1242652672415, 0.0, 679.0081140747895], [0.0, 798.1242652672414, 419.2474525237902], [0.0, 0.0, 1.0]], [[1259.4297629105833, 0.0, 752.9541347831612], [0.0, 1259.4297629105833, 429.46398926977497], [0.0, 0.0, 1.0]]], "extrinsics": [[[0.8037908673286438, -0.5947490334510803, 0.013920673169195652, -0.890869140625], [0.017486007884144783, 0.00022958805493544787, -0.9998471140861511, 1.501108169555664], [0.59465491771698, 0.8039113879203796, 0.010584327392280102, -1.2274169921875], [0.0, 0.0, 0.0, 1.0]], [[-0.01285745482891798, -0.9999063611030579, 0.0046858577989041805, -0.0269775390625], [0.007800061255693436, -0.0047863987274467945, -0.9999581575393677, 1.5140037536621094], [0.9998869299888611, -0.012820398434996605, 0.007860872894525528, -1.5619888305664062], [0.0, 0.0, 0.0, 1.0]], [[-0.8147299289703369, -0.5797194838523865, -0.011850846000015736, 0.9239501953125], [0.01335971336811781, 0.0016649652970954776, -0.9999093413352966, 1.4972479343414307], [0.57968670129776, -0.8148144483566284, 0.006388388574123383, -1.314208984375], [0.0, 0.0, 0.0, 1.0]], [[0.9458532333374023, 0.32458069920539856, 0.0030293152667582035, -1.150390625], [0.0008471501059830189, 0.006864129565656185, -0.9999760389328003, 1.5959234237670898], [-0.324593722820282, 0.9458330869674683, 0.006217489950358868, -0.0809326171875], [0.0, 0.0, 0.0, 1.0]], [[0.020311444997787476, 0.9997933506965637, 0.0007641352713108063, 0.006103515625], [0.00938626192510128, 0.000573571480344981, -0.9999557733535767, 1.5399198532104492], [-0.9997496604919434, 0.020317725837230682, -0.009372672066092491, 0.06977081298828125], [0.0, 0.0, 0.0, 1.0]], [[-0.9333236813545227, 0.359011173248291, -0.004220654256641865, 1.08123779296875], [0.004314456135034561, -0.0005398993962444365, -0.9999905228614807, 1.5842604637145996], [-0.35901010036468506, -0.933333158493042, -0.0010450371773913503, -0.079833984375], [0.0, 0.0, 0.0, 1.0]]], "view": [[0.0, -2.0, 100.0], [-2.0, 0.0, 100.0], [0.0, 0.0, 1.0]], "bev": "bev_12bb466d25b242e5b3fdcbdd8f5c9919.png", "aux": "aux_12bb466d25b242e5b3fdcbdd8f5c9919.npz", "visibility": "visibility_12bb466d25b242e5b3fdcbdd8f5c9919.png", "pose": [[0.5492164492607117, 0.8356801271438599, 0.0, 1669.790771484375], [-0.8356801271438599, 0.5492164492607117, 0.0, 935.7483520507812], [0.0, 0.0, 1.0, 0.0], [0.0, 0.0, 0.0, 1.0]], "pose_inverse": [[0.5492164492607117, -0.8356801271438599, 0.0, -135.09031677246094], [0.8356801271438599, 0.5492164492607117, 0.0, -1909.33935546875], [0.0, 0.0, 1.0, 0.0], [0.0, 0.0, 0.0, 1.0]], "cam_ids": [0, 1, 2, 3, 4, 5], "cam_channels": ["CAM_FRONT_LEFT", "CAM_FRONT", "CAM_FRONT_RIGHT", "CAM_BACK_LEFT", "CAM_BACK", "CAM_BACK_RIGHT"], "token": "12bb466d25b242e5b3fdcbdd8f5c9919", "scene": "scene-0173"}, {"images": ["samples/CAM_FRONT_LEFT/n008-2018-05-21-11-06-59-0400__CAM_FRONT_LEFT__1526915677504917.jpg", "samples/CAM_FRONT/n008-2018-05-21-11-06-59-0400__CAM_FRONT__1526915677512465.jpg", "samples/CAM_FRONT_RIGHT/n008-2018-05-21-11-06-59-0400__CAM_FRONT_RIGHT__1526915677519956.jpg", "samples/CAM_BACK_LEFT/n008-2018-05-21-11-06-59-0400__CAM_BACK_LEFT__1526915677547295.jpg", "samples/CAM_BACK/n008-2018-05-21-11-06-59-0400__CAM_BACK__1526915677537570.jpg", "samples/CAM_BACK_RIGHT/n008-2018-05-21-11-06-59-0400__CAM_BACK_RIGHT__1526915677527813.jpg"], "intrinsics": [[[1256.4720761102153, 0.0, 759.9201772536986], [0.0, 1256.472076110215, 418.2347543062189], [0.0, 0.0, 1.0]], [[1262.8093578767177, 0.0, 786.6784634591471], [0.0, 1262.8093578767177, 437.9890946201144], [0.0, 0.0, 1.0]], [[1264.1253743585607, 0.0, 761.8659236816043], [0.0, 1264.125374358561, 415.0768894058469], [0.0, 0.0, 1.0]], [[1258.2338510172276, 0.0, 742.9036438917772], [0.0, 1258.2338510172278, 422.93240569290015], [0.0, 0.0, 1.0]], [[798.1242652672415, 0.0, 679.0081140747895], [0.0, 798.1242652672414, 419.2474525237902], [0.0, 0.0, 1.0]], [[1259.4297629105833, 0.0, 752.9541347831612], [0.0, 1259.4297629105833, 429.46398926977497], [0.0, 0.0, 1.0]]], "extrinsics": [[[0.8046882152557373, -0.59341961145401, 0.018166525289416313, -0.88665771484375], [0.022966178134083748, 0.000537367828655988, -0.9997361302375793, 1.5020809173583984], [0.5932532548904419, 0.8048930168151855, 0.014060995541512966, -1.22509765625], [0.0, 0.0, 0.0, 1.0]], [[-0.011499362997710705, -0.9999237060546875, 0.004510662518441677, -0.026611328125], [0.013286923058331013, -0.004663361236453056, -0.9999008774757385, 1.5147814750671387], [0.9998455047607422, -0.0114382803440094, 0.013339536264538765, -1.5572509765625], [0.0, 0.0, 0.0, 1.0]], [[-0.8140042424201965, -0.5806306600570679, -0.016285238787531853, 0.9208984375], [0.018847370520234108, 0.001619765185751021, -0.9998210668563843, 1.4978885650634766], [0.5805531144142151, -0.814165472984314, 0.009624864906072617, -1.311767578125], [0.0, 0.0, 0.0, 1.0]], [[0.9458532333374023, 0.324493408203125, 0.008095641620457172, -1.1463623046875], [0.006395995616912842, 0.00630410760641098, -0.9999596476554871, 1.5959701538085938], [-0.3245314061641693, 0.9458669424057007, 0.003887302242219448, -0.0819091796875], [0.0, 0.0, 0.0, 1.0]], [[0.0199549850076437, 0.9998007416725159, 0.0004647612804546952, 0.006591796875], [0.014965938404202461, 0.00016609724843874574, -0.999888002872467, 1.5401904582977295], [-0.9996888637542725, 0.01995968259871006, -0.014959641732275486, 0.066253662109375], [0.0, 0.0, 0.0, 1.0]], [[-0.9335679411888123, 0.35827529430389404, -0.009468073025345802, 1.07818603515625], [0.009846916422247887, -0.0007671352359466255, -0.9999512434005737, 1.5847080945968628], [-0.35826507210731506, -0.9336155652999878, -0.002811734564602375, -0.0810546875], [0.0, 0.0, 0.0, 1.0]]], "view": [[0.0, -2.0, 100.0], [-2.0, 0.0, 100.0], [0.0, 0.0, 1.0]], "bev": "bev_b8c11d5d23854c968d07f23d8c56ba77.png", "aux": "aux_b8c11d5d23854c968d07f23d8c56ba77.npz", "visibility": "visibility_b8c11d5d23854c968d07f23d8c56ba77.png", "pose": [[0.6322187185287476, 0.7747899293899536, 0.0, 1670.8721923828125], [-0.7747899293899536, 0.6322187185287476, 0.0, 934.260498046875], [0.0, 0.0, 1.0, 0.0], [0.0, 0.0, 0.0, 1.0]], "pose_inverse": [[0.6322187185287476, -0.7747899293899536, 0.0, -332.5010986328125], [0.7747899293899536, 0.6322187185287476, 0.0, -1885.23193359375], [0.0, 0.0, 1.0, 0.0], [0.0, 0.0, 0.0, 1.0]], "cam_ids": [0, 1, 2, 3, 4, 5], "cam_channels": ["CAM_FRONT_LEFT", "CAM_FRONT", "CAM_FRONT_RIGHT", "CAM_BACK_LEFT", "CAM_BACK", "CAM_BACK_RIGHT"], "token": "b8c11d5d23854c968d07f23d8c56ba77", "scene": "scene-0173"}, {"images": ["samples/CAM_FRONT_LEFT/n008-2018-05-21-11-06-59-0400__CAM_FRONT_LEFT__1526915678004917.jpg", "samples/CAM_FRONT/n008-2018-05-21-11-06-59-0400__CAM_FRONT__1526915678012465.jpg", "samples/CAM_FRONT_RIGHT/n008-2018-05-21-11-06-59-0400__CAM_FRONT_RIGHT__1526915678019956.jpg", "samples/CAM_BACK_LEFT/n008-2018-05-21-11-06-59-0400__CAM_BACK_LEFT__1526915678047295.jpg", "samples/CAM_BACK/n008-2018-05-21-11-06-59-0400__CAM_BACK__1526915678037570.jpg", "samples/CAM_BACK_RIGHT/n008-2018-05-21-11-06-59-0400__CAM_BACK_RIGHT__1526915678027813.jpg"], "intrinsics": [[[1256.4720761102153, 0.0, 759.9201772536986], [0.0, 1256.472076110215, 418.2347543062189], [0.0, 0.0, 1.0]], [[1262.8093578767177, 0.0, 786.6784634591471], [0.0, 1262.8093578767177, 437.9890946201144], [0.0, 0.0, 1.0]], [[1264.1253743585607, 0.0, 761.8659236816043], [0.0, 1264.125374358561, 415.0768894058469], [0.0, 0.0, 1.0]], [[1258.2338510172276, 0.0, 742.9036438917772], [0.0, 1258.2338510172278, 422.93240569290015], [0.0, 0.0, 1.0]], [[798.1242652672415, 0.0, 679.0081140747895], [0.0, 798.1242652672414, 419.2474525237902], [0.0, 0.0, 1.0]], [[1259.4297629105833, 0.0, 752.9541347831612], [0.0, 1259.4297629105833, 429.46398926977497], [0.0, 0.0, 1.0]]], "extrinsics": [[[0.8066403269767761, -0.5907320380210876, 0.019158747047185898, -0.89154052734375], [0.024822982028126717, 0.0014734170399606228, -0.99969083070755, 1.5022211074829102], [0.5905210971832275, 0.806866466999054, 0.015852248296141624, -1.2294921875], [0.0, 0.0, 0.0, 1.0]], [[-0.0088099529966712, -0.9999547600746155, 0.003567481180652976, -0.0260009765625], [0.015079059638082981, -0.0037000642623752356, -0.9998794794082642, 1.5149378776550293], [0.999847412109375, -0.00875514093786478, 0.015110976062715054, -1.562774658203125], [0.0, 0.0, 0.0, 1.0]], [[-0.8127279281616211, -0.5823585391044617, -0.018217051401734352, 0.925048828125], [0.02054838463664055, 0.002597880084067583, -0.9997854828834534, 1.497971534729004], [0.5822809934616089, -0.812927782535553, 0.009855157695710659, -1.3143310546875], [0.0, 0.0, 0.0, 1.0]], [[0.9457346200942993, 0.3247992694377899, 0.00955931842327118, -1.1500244140625], [0.007697367109358311, 0.007017049938440323, -0.9999457597732544, 1.5959463119506836], [-0.3248487710952759, 0.9457569122314453, 0.00413616793230176, -0.0814208984375], [0.0, 0.0, 0.0, 1.0]], [[0.01903446391224861, 0.9998179078102112, 0.0013116043992340565, 0.0059814453125], [0.016406893730163574, 0.0009993119165301323, -0.999864935874939, 1.5401926040649414], [-0.9996841549873352, 0.01905343309044838, -0.016384882852435112, 0.069793701171875], [0.0, 0.0, 0.0, 1.0]], [[-0.9341113567352295, 0.35682299733161926, -0.01063542440533638, 1.0815277099609375], [0.01144331507384777, 0.00015302852261811495, -0.9999345541000366, 1.5847892761230469], [-0.3567980229854584, -0.9341719150543213, -0.004226183984428644, -0.0792236328125], [0.0, 0.0, 0.0, 1.0]]], "view": [[0.0, -2.0, 100.0], [-2.0, 0.0, 100.0], [0.0, 0.0, 1.0]], "bev": "bev_5dfa194a641c4521a5ab8027e62e8294.png", "aux": "aux_5dfa194a641c4521a5ab8027e62e8294.npz", "visibility": "visibility_5dfa194a641c4521a5ab8027e62e8294.png", "pose": [[0.6857473850250244, 0.7278395891189575, 0.0, 1672.0406494140625], [-0.7278395891189575, 0.6857473850250244, 0.0, 932.9186401367188], [0.0, 0.0, 1.0, 0.0], [0.0, 0.0, 0.0, 1.0]], "pose_inverse": [[0.6857473850250244, -0.7278395891189575, 0.0, -467.5823669433594], [0.7278395891189575, 0.6857473850250244, 0.0, -1856.7239990234375], [0.0, 0.0, 1.0, 0.0], [0.0, 0.0, 0.0, 1.0]], "cam_ids": [0, 1, 2, 3, 4, 5], "cam_channels": ["CAM_FRONT_LEFT", "CAM_FRONT", "CAM_FRONT_RIGHT", "CAM_BACK_LEFT", "CAM_BACK", "CAM_BACK_RIGHT"], "token": "5dfa194a641c4521a5ab8027e62e8294", "scene": "scene-0173"}, {"images": ["samples/CAM_FRONT_LEFT/n008-2018-05-21-11-06-59-0400__CAM_FRONT_LEFT__1526915678504917.jpg", "samples/CAM_FRONT/n008-2018-05-21-11-06-59-0400__CAM_FRONT__1526915678512916.jpg", "samples/CAM_FRONT_RIGHT/n008-2018-05-21-11-06-59-0400__CAM_FRONT_RIGHT__1526915678519956.jpg", "samples/CAM_BACK_LEFT/n008-2018-05-21-11-06-59-0400__CAM_BACK_LEFT__1526915678547295.jpg", "samples/CAM_BACK/n008-2018-05-21-11-06-59-0400__CAM_BACK__1526915678537570.jpg", "samples/CAM_BACK_RIGHT/n008-2018-05-21-11-06-59-0400__CAM_BACK_RIGHT__1526915678527813.jpg"], "intrinsics": [[[1256.4720761102153, 0.0, 759.9201772536986], [0.0, 1256.472076110215, 418.2347543062189], [0.0, 0.0, 1.0]], [[1262.8093578767177, 0.0, 786.6784634591471], [0.0, 1262.8093578767177, 437.9890946201144], [0.0, 0.0, 1.0]], [[1264.1253743585607, 0.0, 761.8659236816043], [0.0, 1264.125374358561, 415.0768894058469], [0.0, 0.0, 1.0]], [[1258.2338510172276, 0.0, 742.9036438917772], [0.0, 1258.2338510172278, 422.93240569290015], [0.0, 0.0, 1.0]], [[798.1242652672415, 0.0, 679.0081140747895], [0.0, 798.1242652672414, 419.2474525237902], [0.0, 0.0, 1.0]], [[1259.4297629105833, 0.0, 752.9541347831612], [0.0, 1259.4297629105833, 429.46398926977497], [0.0, 0.0, 1.0]]], "extrinsics": [[[0.8060123920440674, -0.5916833281517029, 0.015965504571795464, -0.89776611328125], [0.022982897236943245, 0.004332320298999548, -0.9997264742851257, 1.501760482788086], [0.5914523005485535, 0.8061588406562805, 0.01709050126373768, -1.2333984375], [0.0, 0.0, 0.0, 1.0]], [[-0.00968348141759634, -0.9999529123306274, 0.0006037240964360535, -0.0263671875], [0.01322388555854559, -0.0007317588315345347, -0.9999123215675354, 1.5145912170410156], [0.9998657703399658, -0.009674611501395702, 0.013230348005890846, -1.57025146484375], [0.0, 0.0, 0.0, 1.0]], [[-0.813194990158081, -0.5816972255706787, -0.01849811151623726, 0.928955078125], [0.018682410940527916, 0.005676737055182457, -0.9998093247413635, 1.4976882934570312], [0.581691324710846, -0.813385546207428, 0.006251213140785694, -1.3173828125], [0.0, 0.0, 0.0, 1.0]], [[0.9456053376197815, 0.3251942992210388, 0.008900551125407219, -1.1505126953125], [0.005777530837804079, 0.010567965917289257, -0.9999274611473083, 1.5959281921386719], [-0.32526469230651855, 0.9455881714820862, 0.008114305324852467, -0.081787109375], [0.0, 0.0, 0.0, 1.0]], [[0.01914491318166256, 0.9998058676719666, 0.004664600361138582, 0.0059814453125], [0.014492837712168694, 0.00438745366409421, -0.9998853802680969, 1.5400896072387695], [-0.9997116327285767, 0.019210299476981163, -0.014406025409698486, 0.07177734375], [0.0, 0.0, 0.0, 1.0]], [[-0.9339368939399719, 0.35735467076301575, -0.007716905325651169, 1.0849227905273438], [0.009553358890116215, 0.0033740277867764235, -0.9999486804008484, 1.584610939025879], [-0.35731035470962524, -0.9339626431465149, -0.006565066985785961, -0.078125], [0.0, 0.0, 0.0, 1.0]]], "view": [[0.0, -2.0, 100.0], [-2.0, 0.0, 100.0], [0.0, 0.0, 1.0]], "bev": "bev_4b1b5db15efe490c92b34e611766c521.png", "aux": "aux_4b1b5db15efe490c92b34e611766c521.npz", "visibility": "visibility_4b1b5db15efe490c92b34e611766c521.png", "pose": [[0.7293412685394287, 0.6841500997543335, 0.0, 1673.253662109375], [-0.6841500997543335, 0.7293412685394287, 0.0, 931.697021484375], [0.0, 0.0, 1.0, 0.0], [0.0, 0.0, 0.0, 1.0]], "pose_inverse": [[0.7293412685394287, -0.6841500997543335, 0.0, -582.9523315429688], [0.6841500997543335, 0.7293412685394287, 0.0, -1824.28173828125], [0.0, 0.0, 1.0, 0.0], [0.0, 0.0, 0.0, 1.0]], "cam_ids": [0, 1, 2, 3, 4, 5], "cam_channels": ["CAM_FRONT_LEFT", "CAM_FRONT", "CAM_FRONT_RIGHT", "CAM_BACK_LEFT", "CAM_BACK", "CAM_BACK_RIGHT"], "token": "4b1b5db15efe490c92b34e611766c521", "scene": "scene-0173"}, {"images": ["samples/CAM_FRONT_LEFT/n008-2018-05-21-11-06-59-0400__CAM_FRONT_LEFT__1526915679005599.jpg", "samples/CAM_FRONT/n008-2018-05-21-11-06-59-0400__CAM_FRONT__1526915679012465.jpg", "samples/CAM_FRONT_RIGHT/n008-2018-05-21-11-06-59-0400__CAM_FRONT_RIGHT__1526915679019956.jpg", "samples/CAM_BACK_LEFT/n008-2018-05-21-11-06-59-0400__CAM_BACK_LEFT__1526915679047295.jpg", "samples/CAM_BACK/n008-2018-05-21-11-06-59-0400__CAM_BACK__1526915679037570.jpg", "samples/CAM_BACK_RIGHT/n008-2018-05-21-11-06-59-0400__CAM_BACK_RIGHT__1526915679027813.jpg"], "intrinsics": [[[1256.4720761102153, 0.0, 759.9201772536986], [0.0, 1256.472076110215, 418.2347543062189], [0.0, 0.0, 1.0]], [[1262.8093578767177, 0.0, 786.6784634591471], [0.0, 1262.8093578767177, 437.9890946201144], [0.0, 0.0, 1.0]], [[1264.1253743585607, 0.0, 761.8659236816043], [0.0, 1264.125374358561, 415.0768894058469], [0.0, 0.0, 1.0]], [[1258.2338510172276, 0.0, 742.9036438917772], [0.0, 1258.2338510172278, 422.93240569290015], [0.0, 0.0, 1.0]], [[798.1242652672415, 0.0, 679.0081140747895], [0.0, 798.1242652672414, 419.2474525237902], [0.0, 0.0, 1.0]], [[1259.4297629105833, 0.0, 752.9541347831612], [0.0, 1259.4297629105833, 429.46398926977497], [0.0, 0.0, 1.0]]], "extrinsics": [[[0.8063346147537231, -0.5912047028541565, 0.017362063750624657, -0.912750244140625], [0.021939717233181, 0.0005630389205180109, -0.9997591972351074, 1.5012187957763672], [0.5910525918006897, 0.8065213561058044, 0.01342486310750246, -1.2427978515625], [0.0, 0.0, 0.0, 1.0]], [[-0.009367583319544792, -0.9999462962150574, 0.004435415379703045, -0.0272216796875], [0.012152373790740967, -0.004549125675112009, -0.9999158382415771, 1.5143215656280518], [0.9998822808265686, -0.009312952868640423, 0.012194335460662842, -1.5819091796875], [0.0, 0.0, 0.0, 1.0]], [[-0.8130369782447815, -0.5820095539093018, -0.015351399779319763, 0.93701171875], [0.017568368464708328, 0.0018303319811820984, -0.999843955039978, 1.4973974227905273], [0.5819469094276428, -0.8131798505783081, 0.00873683113604784, -1.32421875], [0.0, 0.0, 0.0, 1.0]], [[0.9458106756210327, 0.324652761220932, 0.006538238376379013, -1.1505126953125], [0.004604532849043608, 0.006724122446030378, -0.9999668002128601, 1.5959339141845703], [-0.3246859610080719, 0.9458093047142029, 0.004864872433245182, -0.0811767578125], [0.0, 0.0, 0.0, 1.0]], [[0.019251830875873566, 0.9998142719268799, 0.000778097310103476, 0.0059814453125], [0.013328089378774166, 0.0005215337150730193, -0.9999110698699951, 1.5399913787841797], [-0.9997257590293884, 0.019260568544268608, -0.013315576128661633, 0.07586669921875], [0.0, 0.0, 0.0, 1.0]], [[-0.9340275526046753, 0.3571108281612396, -0.008027234114706516, 1.0924263000488281], [0.008405990898609161, -0.0004915077006444335, -0.9999645948410034, 1.5844683647155762], [-0.35710206627845764, -0.9340619444847107, -0.0025427883956581354, -0.0758056640625], [0.0, 0.0, 0.0, 1.0]]], "view": [[0.0, -2.0, 100.0], [-2.0, 0.0, 100.0], [0.0, 0.0, 1.0]], "bev": "bev_9e7c5b8587424fa2965468c1380f4eb5.png", "aux": "aux_9e7c5b8587424fa2965468c1380f4eb5.npz", "visibility": "visibility_9e7c5b8587424fa2965468c1380f4eb5.png", "pose": [[0.7766391634941101, 0.629945695400238, 0.0, 1674.466796875], [-0.629945695400238, 0.7766391634941101, 0.0, 930.6378173828125], [0.0, 0.0, 1.0, 0.0], [0.0, 0.0, 0.0, 1.0]], "pose_inverse": [[0.7766391634941101, -0.629945695400238, 0.0, -714.2052001953125], [0.629945695400238, 0.7766391634941101, 0.0, -1777.593017578125], [0.0, 0.0, 1.0, 0.0], [0.0, 0.0, 0.0, 1.0]], "cam_ids": [0, 1, 2, 3, 4, 5], "cam_channels": ["CAM_FRONT_LEFT", "CAM_FRONT", "CAM_FRONT_RIGHT", "CAM_BACK_LEFT", "CAM_BACK", "CAM_BACK_RIGHT"], "token": "9e7c5b8587424fa2965468c1380f4eb5", "scene": "scene-0173"}, {"images": ["samples/CAM_FRONT_LEFT/n008-2018-05-21-11-06-59-0400__CAM_FRONT_LEFT__1526915679504917.jpg", "samples/CAM_FRONT/n008-2018-05-21-11-06-59-0400__CAM_FRONT__1526915679512465.jpg", "samples/CAM_FRONT_RIGHT/n008-2018-05-21-11-06-59-0400__CAM_FRONT_RIGHT__1526915679519956.jpg", "samples/CAM_BACK_LEFT/n008-2018-05-21-11-06-59-0400__CAM_BACK_LEFT__1526915679547295.jpg", "samples/CAM_BACK/n008-2018-05-21-11-06-59-0400__CAM_BACK__1526915679537570.jpg", "samples/CAM_BACK_RIGHT/n008-2018-05-21-11-06-59-0400__CAM_BACK_RIGHT__1526915679527813.jpg"], "intrinsics": [[[1256.4720761102153, 0.0, 759.9201772536986], [0.0, 1256.472076110215, 418.2347543062189], [0.0, 0.0, 1.0]], [[1262.8093578767177, 0.0, 786.6784634591471], [0.0, 1262.8093578767177, 437.9890946201144], [0.0, 0.0, 1.0]], [[1264.1253743585607, 0.0, 761.8659236816043], [0.0, 1264.125374358561, 415.0768894058469], [0.0, 0.0, 1.0]], [[1258.2338510172276, 0.0, 742.9036438917772], [0.0, 1258.2338510172278, 422.93240569290015], [0.0, 0.0, 1.0]], [[798.1242652672415, 0.0, 679.0081140747895], [0.0, 798.1242652672414, 419.2474525237902], [0.0, 0.0, 1.0]], [[1259.4297629105833, 0.0, 752.9541347831612], [0.0, 1259.4297629105833, 429.46398926977497], [0.0, 0.0, 1.0]]], "extrinsics": [[[0.8082089424133301, -0.5886425375938416, 0.017268141731619835, -0.912872314453125], [0.021296583116054535, -8.857043576426804e-05, -0.9997732043266296, 1.5011367797851562], [0.5885105729103088, 0.8083933591842651, 0.012464490719139576, -1.2430419921875], [0.0, 0.0, 0.0, 1.0]], [[-0.006680533289909363, -0.999963641166687, 0.0052918181754648685, -0.02734375], [0.011567704379558563, -0.005368861835449934, -0.9999186992645264, 1.5142353773117065], [0.9999107122421265, -0.006618769373744726, 0.011603151448071003, -1.5836181640625], [0.0, 0.0, 0.0, 1.0]], [[-0.8118046522140503, -0.5837529301643372, -0.014342112466692924, 0.9381103515625], [0.017004309222102165, 0.0009179456974379718, -0.9998549818992615, 1.4973230361938477], [0.5836814045906067, -0.811930775642395, 0.009181122295558453, -1.3251953125], [0.0, 0.0, 0.0, 1.0]], [[0.9456813931465149, 0.3250335156917572, 0.006317726336419582, -1.1514892578125], [0.004193618893623352, 0.007235186640173197, -0.9999650120735168, 1.5959300994873047], [-0.325067937374115, 0.9456747174263, 0.0054791150614619255, -0.0806884765625], [0.0, 0.0, 0.0, 1.0]], [[0.018314721062779427, 0.9998321533203125, 0.00032657451811246574, 0.0062255859375], [0.012866375036537647, 9.09189329831861e-05, -0.999917209148407, 1.5399675369262695], [-0.9997494220733643, 0.01831747591495514, -0.012862551026046276, 0.07672119140625], [0.0, 0.0, 0.0, 1.0]], [[-0.9345824122428894, 0.35565856099128723, -0.00791399460285902, 1.0936279296875], [0.007887180894613266, -0.0015253899618983269, -0.9999677538871765, 1.5844264030456543], [-0.3556590974330902, -0.9346147179603577, -0.0013795403065159917, -0.075927734375], [0.0, 0.0, 0.0, 1.0]]], "view": [[0.0, -2.0, 100.0], [-2.0, 0.0, 100.0], [0.0, 0.0, 1.0]], "bev": "bev_4936150e6384447891ca64b46eb9d31c.png", "aux": "aux_4936150e6384447891ca64b46eb9d31c.npz", "visibility": "visibility_4936150e6384447891ca64b46eb9d31c.png", "pose": [[0.8040989637374878, 0.594495415687561, 0.0, 1675.6962890625], [-0.594495415687561, 0.8040989637374878, 0.0, 929.6962890625], [0.0, 0.0, 1.0, 0.0], [0.0, 0.0, 0.0, 1.0]], "pose_inverse": [[0.8040989637374878, -0.594495415687561, 0.0, -794.7254638671875], [0.594495415687561, 0.8040989637374878, 0.0, -1743.7615966796875], [0.0, 0.0, 1.0, 0.0], [0.0, 0.0, 0.0, 1.0]], "cam_ids": [0, 1, 2, 3, 4, 5], "cam_channels": ["CAM_FRONT_LEFT", "CAM_FRONT", "CAM_FRONT_RIGHT", "CAM_BACK_LEFT", "CAM_BACK", "CAM_BACK_RIGHT"], "token": "4936150e6384447891ca64b46eb9d31c", "scene": "scene-0173"}, {"images": ["samples/CAM_FRONT_LEFT/n008-2018-05-21-11-06-59-0400__CAM_FRONT_LEFT__1526915680004917.jpg", "samples/CAM_FRONT/n008-2018-05-21-11-06-59-0400__CAM_FRONT__1526915680012465.jpg", "samples/CAM_FRONT_RIGHT/n008-2018-05-21-11-06-59-0400__CAM_FRONT_RIGHT__1526915680019956.jpg", "samples/CAM_BACK_LEFT/n008-2018-05-21-11-06-59-0400__CAM_BACK_LEFT__1526915680047295.jpg", "samples/CAM_BACK/n008-2018-05-21-11-06-59-0400__CAM_BACK__1526915680037570.jpg", "samples/CAM_BACK_RIGHT/n008-2018-05-21-11-06-59-0400__CAM_BACK_RIGHT__1526915680027813.jpg"], "intrinsics": [[[1256.4720761102153, 0.0, 759.9201772536986], [0.0, 1256.472076110215, 418.2347543062189], [0.0, 0.0, 1.0]], [[1262.8093578767177, 0.0, 786.6784634591471], [0.0, 1262.8093578767177, 437.9890946201144], [0.0, 0.0, 1.0]], [[1264.1253743585607, 0.0, 761.8659236816043], [0.0, 1264.125374358561, 415.0768894058469], [0.0, 0.0, 1.0]], [[1258.2338510172276, 0.0, 742.9036438917772], [0.0, 1258.2338510172278, 422.93240569290015], [0.0, 0.0, 1.0]], [[798.1242652672415, 0.0, 679.0081140747895], [0.0, 798.1242652672414, 419.2474525237902], [0.0, 0.0, 1.0]], [[1259.4297629105833, 0.0, 752.9541347831612], [0.0, 1259.4297629105833, 429.46398926977497], [0.0, 0.0, 1.0]]], "extrinsics": [[[0.8088186383247375, -0.5878555774688721, 0.015434730798006058, -0.916290283203125], [0.019571324810385704, 0.0006768350140191615, -0.9998082518577576, 1.5008296966552734], [0.5877323150634766, 0.8089656233787537, 0.012052549980580807, -1.244873046875], [0.0, 0.0, 0.0, 1.0]], [[-0.005839320831000805, -0.9999731779098511, 0.004407415632158518, -0.02783203125], [0.009810011833906174, -0.004464562050998211, -0.9999419450759888, 1.514007806777954], [0.9999348521232605, -0.005795776378363371, 0.009835819713771343, -1.5872802734375], [0.0, 0.0, 0.0, 1.0]], [[-0.8114420175552368, -0.5842772722244263, -0.013484056107699871, 0.9405517578125], [0.015224515460431576, 0.0019317112164571881, -0.9998822212219238, 1.4971237182617188], [0.5842345356941223, -0.8115518093109131, 0.0073278662748634815, -1.327392578125], [0.0, 0.0, 0.0, 1.0]], [[0.9457796812057495, 0.32477980852127075, 0.004348594695329666, -1.151611328125], [0.002286313334479928, 0.006731135305017233, -0.9999747276306152, 1.5959281921386719], [-0.32480093836784363, 0.9457657337188721, 0.005623622797429562, -0.079833984375], [0.0, 0.0, 0.0, 1.0]], [[0.018171897158026695, 0.9998345971107483, 0.0007603960111737251, 0.006591796875], [0.01101865153759718, 0.0005602117744274437, -0.9999392032623291, 1.5398845672607422], [-0.9997740983963013, 0.018179118633270264, -0.01100664958357811, 0.07855224609375], [0.0, 0.0, 0.0, 1.0]], [[-0.9347674250602722, 0.3552122116088867, -0.005841698031872511, 1.09649658203125], [0.006085970904678106, -0.00042966470937244594, -0.9999814033508301, 1.5842962265014648], [-0.3552080988883972, -0.9347855448722839, -0.0017601747531443834, -0.0745849609375], [0.0, 0.0, 0.0, 1.0]]], "view": [[0.0, -2.0, 100.0], [-2.0, 0.0, 100.0], [0.0, 0.0, 1.0]], "bev": "bev_bf0ac7827b2d476ca2489eb5475da4d4.png", "aux": "aux_bf0ac7827b2d476ca2489eb5475da4d4.npz", "visibility": "visibility_bf0ac7827b2d476ca2489eb5475da4d4.png", "pose": [[0.8177832961082458, 0.575526237487793, 0.0, 1676.902587890625], [-0.575526237487793, 0.8177832961082458, 0.0, 928.8340454101562], [0.0, 0.0, 1.0, 0.0], [0.0, 0.0, 0.0, 1.0]], "pose_inverse": [[0.8177832961082458, -0.575526237487793, 0.0, -836.7745361328125], [0.575526237487793, 0.8177832961082458, 0.0, -1724.6864013671875], [0.0, 0.0, 1.0, 0.0], [0.0, 0.0, 0.0, 1.0]], "cam_ids": [0, 1, 2, 3, 4, 5], "cam_channels": ["CAM_FRONT_LEFT", "CAM_FRONT", "CAM_FRONT_RIGHT", "CAM_BACK_LEFT", "CAM_BACK", "CAM_BACK_RIGHT"], "token": "bf0ac7827b2d476ca2489eb5475da4d4", "scene": "scene-0173"}, {"images": ["samples/CAM_FRONT_LEFT/n008-2018-05-21-11-06-59-0400__CAM_FRONT_LEFT__1526915680504917.jpg", "samples/CAM_FRONT/n008-2018-05-21-11-06-59-0400__CAM_FRONT__1526915680512465.jpg", "samples/CAM_FRONT_RIGHT/n008-2018-05-21-11-06-59-0400__CAM_FRONT_RIGHT__1526915680519956.jpg", "samples/CAM_BACK_LEFT/n008-2018-05-21-11-06-59-0400__CAM_BACK_LEFT__1526915680547295.jpg", "samples/CAM_BACK/n008-2018-05-21-11-06-59-0400__CAM_BACK__1526915680537570.jpg", "samples/CAM_BACK_RIGHT/n008-2018-05-21-11-06-59-0400__CAM_BACK_RIGHT__1526915680527813.jpg"], "intrinsics": [[[1256.4720761102153, 0.0, 759.9201772536986], [0.0, 1256.472076110215, 418.2347543062189], [0.0, 0.0, 1.0]], [[1262.8093578767177, 0.0, 786.6784634591471], [0.0, 1262.8093578767177, 437.9890946201144], [0.0, 0.0, 1.0]], [[1264.1253743585607, 0.0, 761.8659236816043], [0.0, 1264.125374358561, 415.0768894058469], [0.0, 0.0, 1.0]], [[1258.2338510172276, 0.0, 742.9036438917772], [0.0, 1258.2338510172278, 422.93240569290015], [0.0, 0.0, 1.0]], [[798.1242652672415, 0.0, 679.0081140747895], [0.0, 798.1242652672414, 419.2474525237902], [0.0, 0.0, 1.0]], [[1259.4297629105833, 0.0, 752.9541347831612], [0.0, 1259.4297629105833, 429.46398926977497], [0.0, 0.0, 1.0]]], "extrinsics": [[[0.8106747269630432, -0.5852962732315063, 0.015325847081840038, -0.92401123046875], [0.018879782408475876, -3.033417306141928e-05, -0.9998217821121216, 1.500539779663086], [0.5851924419403076, 0.8108195066452026, 0.01102567370980978, -1.2530517578125], [0.0, 0.0, 0.0, 1.0]], [[-0.003260532859712839, -0.999981164932251, 0.005204122979193926, -0.026123046875], [0.009192048572003841, -0.005233902018517256, -0.9999440908432007, 1.51386559009552], [0.9999524354934692, -0.0032125827856361866, 0.009208940900862217, -1.59649658203125], [0.0, 0.0, 0.0, 1.0]], [[-0.8102632761001587, -0.5859319567680359, -0.012540115974843502, 0.9471435546875], [0.014640619046986103, 0.0011537345126271248, -0.9998921155929565, 1.4969711303710938], [0.5858832597732544, -0.8103594183921814, 0.0076435767114162445, -1.33062744140625], [0.0, 0.0, 0.0, 1.0]], [[0.9456722736358643, 0.32510024309158325, 0.0037270665634423494, -1.155029296875], [0.001913802814669907, 0.005897150840610266, -0.9999807476997375, 1.5959157943725586], [-0.32511603832244873, 0.9456612467765808, 0.004954594187438488, -0.07958984375], [0.0, 0.0, 0.0, 1.0]], [[0.01731286011636257, 0.9998501539230347, -6.688421126455069e-05, 0.0057373046875], [0.010567397810518742, -0.0002498691901564598, -0.9999441504478455, 1.5398283004760742], [-0.9997942447662354, 0.01731114834547043, -0.010570140555500984, 0.082763671875], [0.0, 0.0, 0.0, 1.0]], [[-0.9352855086326599, 0.35384923219680786, -0.005634339060634375, 1.1009521484375], [0.005560354795306921, -0.0012257421622052789, -0.9999838471412659, 1.5842342376708984], [-0.35385042428970337, -0.9353016018867493, -0.0008211092208512127, -0.072021484375], [0.0, 0.0, 0.0, 1.0]]], "view": [[0.0, -2.0, 100.0], [-2.0, 0.0, 100.0], [0.0, 0.0, 1.0]], "bev": "bev_efd94e754407486fb8e7aec5f9913c1e.png", "aux": "aux_efd94e754407486fb8e7aec5f9913c1e.npz", "visibility": "visibility_efd94e754407486fb8e7aec5f9913c1e.png", "pose": [[0.816299557685852, 0.5776288509368896, 0.0, 1678.0462646484375], [-0.5776288509368896, 0.816299557685852, 0.0, 928.0237426757812], [0.0, 0.0, 1.0, 0.0], [0.0, 0.0, 0.0, 1.0]], "pose_inverse": [[0.816299557685852, -0.5776288509368896, 0.0, -833.735107421875], [0.5776288509368896, 0.816299557685852, 0.0, -1726.833251953125], [0.0, 0.0, 1.0, 0.0], [0.0, 0.0, 0.0, 1.0]], "cam_ids": [0, 1, 2, 3, 4, 5], "cam_channels": ["CAM_FRONT_LEFT", "CAM_FRONT", "CAM_FRONT_RIGHT", "CAM_BACK_LEFT", "CAM_BACK", "CAM_BACK_RIGHT"], "token": "efd94e754407486fb8e7aec5f9913c1e", "scene": "scene-0173"}, {"images": ["samples/CAM_FRONT_LEFT/n008-2018-05-21-11-06-59-0400__CAM_FRONT_LEFT__1526915681004917.jpg", "samples/CAM_FRONT/n008-2018-05-21-11-06-59-0400__CAM_FRONT__1526915681012472.jpg", "samples/CAM_FRONT_RIGHT/n008-2018-05-21-11-06-59-0400__CAM_FRONT_RIGHT__1526915681019956.jpg", "samples/CAM_BACK_LEFT/n008-2018-05-21-11-06-59-0400__CAM_BACK_LEFT__1526915681047295.jpg", "samples/CAM_BACK/n008-2018-05-21-11-06-59-0400__CAM_BACK__1526915681037570.jpg", "samples/CAM_BACK_RIGHT/n008-2018-05-21-11-06-59-0400__CAM_BACK_RIGHT__1526915681027813.jpg"], "intrinsics": [[[1256.4720761102153, 0.0, 759.9201772536986], [0.0, 1256.472076110215, 418.2347543062189], [0.0, 0.0, 1.0]], [[1262.8093578767177, 0.0, 786.6784634591471], [0.0, 1262.8093578767177, 437.9890946201144], [0.0, 0.0, 1.0]], [[1264.1253743585607, 0.0, 761.8659236816043], [0.0, 1264.125374358561, 415.0768894058469], [0.0, 0.0, 1.0]], [[1258.2338510172276, 0.0, 742.9036438917772], [0.0, 1258.2338510172278, 422.93240569290015], [0.0, 0.0, 1.0]], [[798.1242652672415, 0.0, 679.0081140747895], [0.0, 798.1242652672414, 419.2474525237902], [0.0, 0.0, 1.0]], [[1259.4297629105833, 0.0, 752.9541347831612], [0.0, 1259.4297629105833, 429.46398926977497], [0.0, 0.0, 1.0]]], "extrinsics": [[[0.8102669715881348, -0.5857681035995483, 0.018527181819081306, -0.9210205078125], [0.022942662239074707, 0.00011501881090225652, -0.9997368454933167, 1.5011100769042969], [0.5856117606163025, 0.8104787468910217, 0.013532274402678013, -1.2498779296875], [0.0, 0.0, 0.0, 1.0]], [[-0.003752365242689848, -0.9999801516532898, 0.005044959485530853, -0.026611328125], [0.013222585432231426, -0.005094169173389673, -0.9998995661735535, 1.5142968893051147], [0.999905526638031, -0.003685270668938756, 0.013241438195109367, -1.59283447265625], [0.0, 0.0, 0.0, 1.0]], [[-0.8104242086410522, -0.5856286287307739, -0.01586788147687912, 0.9447021484375], [0.01865675300359726, 0.001272517372854054, -0.999825119972229, 1.4973182678222656], [0.5855464339256287, -0.810578465461731, 0.00989464856684208, -1.32928466796875], [0.0, 0.0, 0.0, 1.0]], [[0.9457175135612488, 0.32490411400794983, 0.007475968915969133, -1.15234375], [0.0058724540285766125, 0.005915677174925804, -0.999965250492096, 1.5959253311157227], [-0.32493704557418823, 0.9457284808158875, 0.0036865745205432177, -0.0804443359375], [0.0, 0.0, 0.0, 1.0]], [[0.017529655247926712, 0.9998463988304138, 7.042506331345066e-05, 0.0059814453125], [0.014537048526108265, -0.00018443951557856053, -0.999894380569458, 1.5399627685546875], [-0.9997406005859375, 0.017528826370835304, -0.014538047835230827, 0.0806884765625], [0.0, 0.0, 0.0, 1.0]], [[-0.9351605772972107, 0.3541010022163391, -0.009340464137494564, 1.0994110107421875], [0.009558371268212795, -0.0011336308671161532, -0.9999536871910095, 1.5844688415527344], [-0.3540951609611511, -0.9352065324783325, -0.0023245017509907484, -0.072998046875], [0.0, 0.0, 0.0, 1.0]]], "view": [[0.0, -2.0, 100.0], [-2.0, 0.0, 100.0], [0.0, 0.0, 1.0]], "bev": "bev_aa86b36529c44afc966f084288368ac6.png", "aux": "aux_aa86b36529c44afc966f084288368ac6.npz", "visibility": "visibility_aa86b36529c44afc966f084288368ac6.png", "pose": [[0.8066757321357727, 0.5909942984580994, 0.0, 1679.1884765625], [-0.5909942984580994, 0.8066757321357727, 0.0, 927.191650390625], [0.0, 0.0, 1.0, 0.0], [0.0, 0.0, 0.0, 1.0]], "pose_inverse": [[0.8066757321357727, -0.5909942984580994, 0.0, -806.5956420898438], [0.5909942984580994, 0.8066757321357727, 0.0, -1740.3338623046875], [0.0, 0.0, 1.0, 0.0], [0.0, 0.0, 0.0, 1.0]], "cam_ids": [0, 1, 2, 3, 4, 5], "cam_channels": ["CAM_FRONT_LEFT", "CAM_FRONT", "CAM_FRONT_RIGHT", "CAM_BACK_LEFT", "CAM_BACK", "CAM_BACK_RIGHT"], "token": "aa86b36529c44afc966f084288368ac6", "scene": "scene-0173"}, {"images": ["samples/CAM_FRONT_LEFT/n008-2018-05-21-11-06-59-0400__CAM_FRONT_LEFT__1526915681404917.jpg", "samples/CAM_FRONT/n008-2018-05-21-11-06-59-0400__CAM_FRONT__1526915681412465.jpg", "samples/CAM_FRONT_RIGHT/n008-2018-05-21-11-06-59-0400__CAM_FRONT_RIGHT__1526915681419956.jpg", "samples/CAM_BACK_LEFT/n008-2018-05-21-11-06-59-0400__CAM_BACK_LEFT__1526915681447652.jpg", "samples/CAM_BACK/n008-2018-05-21-11-06-59-0400__CAM_BACK__1526915681437570.jpg", "samples/CAM_BACK_RIGHT/n008-2018-05-21-11-06-59-0400__CAM_BACK_RIGHT__1526915681427813.jpg"], "intrinsics": [[[1256.4720761102153, 0.0, 759.9201772536986], [0.0, 1256.472076110215, 418.2347543062189], [0.0, 0.0, 1.0]], [[1262.8093578767177, 0.0, 786.6784634591471], [0.0, 1262.8093578767177, 437.9890946201144], [0.0, 0.0, 1.0]], [[1264.1253743585607, 0.0, 761.8659236816043], [0.0, 1264.125374358561, 415.0768894058469], [0.0, 0.0, 1.0]], [[1258.2338510172276, 0.0, 742.9036438917772], [0.0, 1258.2338510172278, 422.93240569290015], [0.0, 0.0, 1.0]], [[798.1242652672415, 0.0, 679.0081140747895], [0.0, 798.1242652672414, 419.2474525237902], [0.0, 0.0, 1.0]], [[1259.4297629105833, 0.0, 752.9541347831612], [0.0, 1259.4297629105833, 429.46398926977497], [0.0, 0.0, 1.0]]], "extrinsics": [[[0.8099221587181091, -0.5862259268760681, 0.019113831222057343, -0.906463623046875], [0.02328326739370823, -0.0004281890287529677, -0.9997288584709167, 1.5015678405761719], [0.5860751271247864, 0.8101475238800049, 0.0133024537935853, -1.2392578125], [0.0, 0.0, 0.0, 1.0]], [[-0.0042366087436676025, -0.999975860118866, 0.005509060341864824, -0.0267333984375], [0.01360534317791462, -0.0055662402883172035, -0.999891996383667, 1.5145304203033447], [0.9998984932899475, -0.004161213058978319, 0.013628596439957619, -1.578369140625], [0.0, 0.0, 0.0, 1.0]], [[-0.8106414675712585, -0.5853251814842224, -0.015961889177560806, 0.93603515625], [0.019037868827581406, 0.0008988232584670186, -0.9998183250427246, 1.4975528717041016], [0.5852333307266235, -0.810798168182373, 0.010414719581604004, -1.3232421875], [0.0, 0.0, 0.0, 1.0]], [[0.9456567168235779, 0.3250718414783478, 0.007856733165681362, -1.1568603515625], [0.006262494251132011, 0.005950287450104952, -0.9999626874923706, 1.5958976745605469], [-0.32510650157928467, 0.9456707239151001, 0.003591168439015746, -0.078369140625], [0.0, 0.0, 0.0, 1.0]], [[0.017603827640414238, 0.999845027923584, -5.97333928453736e-05, 0.0062255859375], [0.014914890751242638, -0.0003223355452064425, -0.9998887777328491, 1.5400009155273438], [-0.9997338056564331, 0.017600983381271362, -0.014918252825737, 0.07891845703125], [0.0, 0.0, 0.0, 1.0]], [[-0.9350593090057373, 0.35435613989830017, -0.00978757906705141, 1.0929183959960938], [0.009934136644005775, -0.0014055889332666993, -0.9999496936798096, 1.5845584869384766], [-0.35435205698013306, -0.9351094961166382, -0.0022059131879359484, -0.0755615234375], [0.0, 0.0, 0.0, 1.0]]], "view": [[0.0, -2.0, 100.0], [-2.0, 0.0, 100.0], [0.0, 0.0, 1.0]], "bev": "bev_bebe8c776d8f4d3aa23bac3f85a25014.png", "aux": "aux_bebe8c776d8f4d3aa23bac3f85a25014.npz", "visibility": "visibility_bebe8c776d8f4d3aa23bac3f85a25014.png", "pose": [[0.803280234336853, 0.5956013202667236, 0.0, 1680.1898193359375], [-0.5956013202667236, 0.803280234336853, 0.0, 926.446044921875], [0.0, 0.0, 1.0, 0.0], [0.0, 0.0, 0.0, 1.0]], "pose_inverse": [[0.803280234336853, -0.5956013202667236, 0.0, -797.8707885742188], [0.5956013202667236, 0.803280234336853, 0.0, -1744.9190673828125], [0.0, 0.0, 1.0, 0.0], [0.0, 0.0, 0.0, 1.0]], "cam_ids": [0, 1, 2, 3, 4, 5], "cam_channels": ["CAM_FRONT_LEFT", "CAM_FRONT", "CAM_FRONT_RIGHT", "CAM_BACK_LEFT", "CAM_BACK", "CAM_BACK_RIGHT"], "token": "bebe8c776d8f4d3aa23bac3f85a25014", "scene": "scene-0173"}, {"images": ["samples/CAM_FRONT_LEFT/n008-2018-05-21-11-06-59-0400__CAM_FRONT_LEFT__1526915681904917.jpg", "samples/CAM_FRONT/n008-2018-05-21-11-06-59-0400__CAM_FRONT__1526915681912465.jpg", "samples/CAM_FRONT_RIGHT/n008-2018-05-21-11-06-59-0400__CAM_FRONT_RIGHT__1526915681919956.jpg", "samples/CAM_BACK_LEFT/n008-2018-05-21-11-06-59-0400__CAM_BACK_LEFT__1526915681947295.jpg", "samples/CAM_BACK/n008-2018-05-21-11-06-59-0400__CAM_BACK__1526915681937570.jpg", "samples/CAM_BACK_RIGHT/n008-2018-05-21-11-06-59-0400__CAM_BACK_RIGHT__1526915681927813.jpg"], "intrinsics": [[[1256.4720761102153, 0.0, 759.9201772536986], [0.0, 1256.472076110215, 418.2347543062189], [0.0, 0.0, 1.0]], [[1262.8093578767177, 0.0, 786.6784634591471], [0.0, 1262.8093578767177, 437.9890946201144], [0.0, 0.0, 1.0]], [[1264.1253743585607, 0.0, 761.8659236816043], [0.0, 1264.125374358561, 415.0768894058469], [0.0, 0.0, 1.0]], [[1258.2338510172276, 0.0, 742.9036438917772], [0.0, 1258.2338510172278, 422.93240569290015], [0.0, 0.0, 1.0]], [[798.1242652672415, 0.0, 679.0081140747895], [0.0, 798.1242652672414, 419.2474525237902], [0.0, 0.0, 1.0]], [[1259.4297629105833, 0.0, 752.9541347831612], [0.0, 1259.4297629105833, 429.46398926977497], [0.0, 0.0, 1.0]]], "extrinsics": [[[0.8096575736999512, -0.5865188837051392, 0.021217145025730133, -0.888519287109375], [0.025690997019410133, -0.0006977200973778963, -0.9996697306632996, 1.5024700164794922], [0.5863399505615234, 0.8099352717399597, 0.014503342099487782, -1.22607421875], [0.0, 0.0, 0.0, 1.0]], [[-0.004562921356409788, -0.999973475933075, 0.005685348529368639, -0.027099609375], [0.01601867377758026, -0.005757770501077175, -0.999855101108551, 1.5150909423828125], [0.9998612999916077, -0.004471213556826115, 0.01604451984167099, -1.56036376953125], [0.0, 0.0, 0.0, 1.0]], [[-0.810742199420929, -0.585129976272583, -0.017890138551592827, 0.9244384765625], [0.02152509242296219, 0.0007428905228152871, -0.9997680187225342, 1.498077392578125], [0.5850075483322144, -0.8109391331672668, 0.011992685496807098, -1.31494140625], [0.0, 0.0, 0.0, 1.0]], [[0.9456667900085449, 0.32497337460517883, 0.010325548239052296, -1.15380859375], [0.008921385742723942, 0.005810646805912256, -0.9999433159828186, 1.5959196090698242], [-0.32501497864723206, 0.9457053542137146, 0.0025957226753234863, -0.079833984375], [0.0, 0.0, 0.0, 1.0]], [[0.017727069556713104, 0.9998428225517273, -9.246442641597241e-05, 0.00634765625], [0.017508583143353462, -0.0004028889525216073, -0.99984669685363