[{"images": ["samples/CAM_FRONT_LEFT/n015-2018-10-08-16-03-24+0800__CAM_FRONT_LEFT__1538985969754844.jpg", "samples/CAM_FRONT/n015-2018-10-08-16-03-24+0800__CAM_FRONT__1538985969762460.jpg", "samples/CAM_FRONT_RIGHT/n015-2018-10-08-16-03-24+0800__CAM_FRONT_RIGHT__1538985969770339.jpg", "samples/CAM_BACK_LEFT/n015-2018-10-08-16-03-24+0800__CAM_BACK_LEFT__1538985969797423.jpg", "samples/CAM_BACK/n015-2018-10-08-16-03-24+0800__CAM_BACK__1538985969787525.jpg", "samples/CAM_BACK_RIGHT/n015-2018-10-08-16-03-24+0800__CAM_BACK_RIGHT__1538985969777893.jpg"], "intrinsics": [[[1272.5979470598488, 0.0, 826.6154927353808], [0.0, 1272.5979470598488, 479.75165386361925], [0.0, 0.0, 1.0]], [[1266.417203046554, 0.0, 816.2670197447984], [0.0, 1266.417203046554, 491.50706579294757], [0.0, 0.0, 1.0]], [[1260.8474446004698, 0.0, 807.968244525554], [0.0, 1260.8474446004698, 495.3344268742088], [0.0, 0.0, 1.0]], [[1256.7414812095406, 0.0, 792.1125740759628], [0.0, 1256.7414812095406, 492.7757465151356], [0.0, 0.0, 1.0]], [[809.2209905677063, 0.0, 829.2196003259838], [0.0, 809.2209905677063, 481.77842384512485], [0.0, 0.0, 1.0]], [[1259.5137405846733, 0.0, 807.2529053838625], [0.0, 1259.5137405846733, 501.19579884916527], [0.0, 0.0, 1.0]]], "extrinsics": [[[0.8227717280387878, -0.5683680176734924, -0.0021088465582579374, -0.7974853515625], [-0.006988819222897291, -0.006406855769455433, -0.9999549984931946, 1.5068330764770508], [0.5683289766311646, 0.8227494955062866, -0.009243601001799107, -1.1656494140625], [0.0, 0.0, 0.0, 1.0]], [[0.008668302558362484, -0.9999098777770996, 0.0102470638230443, 0.006988525390625], [-0.012037964537739754, -0.010351053439080715, -0.9998739957809448, 1.5185279846191406], [0.9998899102210999, 0.008543838746845722, -0.012126605026423931, -1.525634765625], [0.0, 0.0, 0.0, 1.0]], [[-0.8316760063171387, -0.5552597045898438, 0.0013147827703505754, 0.9248046875], [-0.006224373821169138, 0.0069551910273730755, -0.9999564290046692, 1.5028324127197266], [0.5552263259887695, -0.8316479921340942, -0.009240608662366867, -1.1761474609375], [0.0, 0.0, 0.0, 1.0]], [[0.9477822184562683, 0.31888818740844727, -0.004383814055472612, -1.141357421875], [0.003214917378500104, -0.023298589512705803, -0.9997233748435974, 1.5885486602783203], [-0.31890207529067993, 0.9475059509277344, -0.023107187822461128, -0.10345458984375], [0.0, 0.0, 0.0, 1.0]], [[0.0015106044011190534, 0.9999097585678101, -0.013349542394280434, 0.0027217864990234375], [-0.02245127409696579, -0.013312280178070068, -0.9996592998504639, 1.5782699584960938], [-0.9997467994689941, 0.001809856272302568, 0.02242913655936718, -0.04638671875], [0.0, 0.0, 0.0, 1.0]], [[-0.9354267120361328, 0.35341787338256836, -0.008524036966264248, 1.048095703125], [0.009878266602754593, 0.002028167014941573, -0.9999491572380066, 1.5523796081542969], [-0.35338255763053894, -0.9354633688926697, -0.005388358142226934, -0.09649658203125], [0.0, 0.0, 0.0, 1.0]]], "view": [[0.0, -2.0, 100.0], [-2.0, 0.0, 100.0], [0.0, 0.0, 1.0]], "bev": "bev_4ba33dc3548343498f27a98a9d6b31e6.png", "aux": "aux_4ba33dc3548343498f27a98a9d6b31e6.npz", "visibility": "visibility_4ba33dc3548343498f27a98a9d6b31e6.png", "pose": [[-0.7678020596504211, 0.640687108039856, 0.0, 1816.228759765625], [-0.640687108039856, -0.7678020596504211, 0.0, 1492.6571044921875], [0.0, 0.0, 1.0, 0.0], [0.0, 0.0, 0.0, 1.0]], "pose_inverse": [[-0.7678020596504211, -0.640687108039856, 0.0, 2350.830322265625], [0.640687108039856, -0.7678020596504211, 0.0, -17.56911277770996], [0.0, 0.0, 1.0, 0.0], [0.0, 0.0, 0.0, 1.0]], "cam_ids": [0, 1, 2, 3, 4, 5], "cam_channels": ["CAM_FRONT_LEFT", "CAM_FRONT", "CAM_FRONT_RIGHT", "CAM_BACK_LEFT", "CAM_BACK", "CAM_BACK_RIGHT"], "token": "4ba33dc3548343498f27a98a9d6b31e6", "scene": "scene-0855"}, {"images": ["samples/CAM_FRONT_LEFT/n015-2018-10-08-16-03-24+0800__CAM_FRONT_LEFT__1538985970254844.jpg", "samples/CAM_FRONT/n015-2018-10-08-16-03-24+0800__CAM_FRONT__1538985970262460.jpg", "samples/CAM_FRONT_RIGHT/n015-2018-10-08-16-03-24+0800__CAM_FRONT_RIGHT__1538985970270339.jpg", "samples/CAM_BACK_LEFT/n015-2018-10-08-16-03-24+0800__CAM_BACK_LEFT__1538985970297423.jpg", "samples/CAM_BACK/n015-2018-10-08-16-03-24+0800__CAM_BACK__1538985970287525.jpg", "samples/CAM_BACK_RIGHT/n015-2018-10-08-16-03-24+0800__CAM_BACK_RIGHT__1538985970277893.jpg"], "intrinsics": [[[1272.5979470598488, 0.0, 826.6154927353808], [0.0, 1272.5979470598488, 479.75165386361925], [0.0, 0.0, 1.0]], [[1266.417203046554, 0.0, 816.2670197447984], [0.0, 1266.417203046554, 491.50706579294757], [0.0, 0.0, 1.0]], [[1260.8474446004698, 0.0, 807.968244525554], [0.0, 1260.8474446004698, 495.3344268742088], [0.0, 0.0, 1.0]], [[1256.7414812095406, 0.0, 792.1125740759628], [0.0, 1256.7414812095406, 492.7757465151356], [0.0, 0.0, 1.0]], [[809.2209905677063, 0.0, 829.2196003259838], [0.0, 809.2209905677063, 481.77842384512485], [0.0, 0.0, 1.0]], [[1259.5137405846733, 0.0, 807.2529053838625], [0.0, 1259.5137405846733, 501.19579884916527], [0.0, 0.0, 1.0]]], "extrinsics": [[[0.8233591914176941, -0.5675147175788879, 0.0025685206055641174, -0.7998046875], [-0.0054193343967199326, -0.012387949973344803, -0.9999085664749146, 1.5071887969970703], [0.5674946904182434, 0.8232700824737549, -0.013275285251438618, -1.1685791015625], [0.0, 0.0, 0.0, 1.0]], [[0.009498686529695988, -0.9998278617858887, 0.01593206636607647, 0.00804901123046875], [-0.010954873636364937, -0.01603587716817856, -0.9998114109039307, 1.5187549591064453], [0.9998947978019714, 0.009322386234998703, -0.01110530924052, -1.52783203125], [0.0, 0.0, 0.0, 1.0]], [[-0.8313108086585999, -0.5557947754859924, 0.003793141571804881, 0.9261474609375], [-0.00564598198980093, 0.001620182185433805, -0.9999827146530151, 1.502920150756836], [0.5557790398597717, -0.8313179016113281, -0.004484882112592459, -1.1761474609375], [0.0, 0.0, 0.0, 1.0]], [[0.9476867914199829, 0.3191322982311249, -0.006644383538514376, -1.13671875], [0.0021856899838894606, -0.02730291336774826, -0.9996247887611389, 1.5885660648345947], [-0.3191939890384674, 0.9473167657852173, -0.02657213807106018, -0.105224609375], [0.0, 0.0, 0.0, 1.0]], [[0.0011943152640014887, 0.9998396635055542, -0.01786261610686779, 0.00244140625], [-0.022917142137885094, -0.01783057115972042, -0.9995783567428589, 1.5782318115234375], [-0.9997366666793823, 0.0016031519044190645, 0.022892175242304802, -0.047607421875], [0.0, 0.0, 0.0, 1.0]], [[-0.9356008172035217, 0.3529064357280731, -0.010401247069239616, 1.048583984375], [0.010003405623137951, -0.0029511754401028156, -0.9999456405639648, 1.5523872375488281], [-0.3529179096221924, -0.9356539249420166, -0.0007691460778005421, -0.095947265625], [0.0, 0.0, 0.0, 1.0]]], "view": [[0.0, -2.0, 100.0], [-2.0, 0.0, 100.0], [0.0, 0.0, 1.0]], "bev": "bev_d3df8838627b4977a634d8a23044ec09.png", "aux": "aux_d3df8838627b4977a634d8a23044ec09.npz", "visibility": "visibility_d3df8838627b4977a634d8a23044ec09.png", "pose": [[-0.7957046627998352, 0.605684757232666, 0.0, 1814.4053955078125], [-0.605684757232666, -0.7957046627998352, 0.0, 1491.21630859375], [0.0, 0.0, 1.0, 0.0], [0.0, 0.0, 0.0, 1.0]], "pose_inverse": [[-0.7957046627998352, -0.605684757232666, 0.0, 2346.93798828125], [0.605684757232666, -0.7957046627998352, 0.0, 87.61007690429688], [0.0, 0.0, 1.0, 0.0], [0.0, 0.0, 0.0, 1.0]], "cam_ids": [0, 1, 2, 3, 4, 5], "cam_channels": ["CAM_FRONT_LEFT", "CAM_FRONT", "CAM_FRONT_RIGHT", "CAM_BACK_LEFT", "CAM_BACK", "CAM_BACK_RIGHT"], "token": "d3df8838627b4977a634d8a23044ec09", "scene": "scene-0855"}, {"images": ["samples/CAM_FRONT_LEFT/n015-2018-10-08-16-03-24+0800__CAM_FRONT_LEFT__1538985970754844.jpg", "samples/CAM_FRONT/n015-2018-10-08-16-03-24+0800__CAM_FRONT__1538985970763459.jpg", "samples/CAM_FRONT_RIGHT/n015-2018-10-08-16-03-24+0800__CAM_FRONT_RIGHT__1538985970770339.jpg", "samples/CAM_BACK_LEFT/n015-2018-10-08-16-03-24+0800__CAM_BACK_LEFT__1538985970797423.jpg", "samples/CAM_BACK/n015-2018-10-08-16-03-24+0800__CAM_BACK__1538985970787525.jpg", "samples/CAM_BACK_RIGHT/n015-2018-10-08-16-03-24+0800__CAM_BACK_RIGHT__1538985970777893.jpg"], "intrinsics": [[[1272.5979470598488, 0.0, 826.6154927353808], [0.0, 1272.5979470598488, 479.75165386361925], [0.0, 0.0, 1.0]], [[1266.417203046554, 0.0, 816.2670197447984], [0.0, 1266.417203046554, 491.50706579294757], [0.0, 0.0, 1.0]], [[1260.8474446004698, 0.0, 807.968244525554], [0.0, 1260.8474446004698, 495.3344268742088], [0.0, 0.0, 1.0]], [[1256.7414812095406, 0.0, 792.1125740759628], [0.0, 1256.7414812095406, 492.7757465151356], [0.0, 0.0, 1.0]], [[809.2209905677063, 0.0, 829.2196003259838], [0.0, 809.2209905677063, 481.77842384512485], [0.0, 0.0, 1.0]], [[1259.5137405846733, 0.0, 807.2529053838625], [0.0, 1259.5137405846733, 501.19579884916527], [0.0, 0.0, 1.0]]], "extrinsics": [[[0.8239555358886719, -0.5666545033454895, 0.00028898660093545914, -0.798583984375], [-0.007266858126968145, -0.01107646431773901, -0.9999122619628906, 1.506814956665039], [0.5666079521179199, 0.8238810896873474, -0.013244309462606907, -1.1683349609375], [0.0, 0.0, 0.0, 1.0]], [[0.010286156088113785, -0.9998365640640259, 0.014863702468574047, 0.0084228515625], [-0.012302982620894909, -0.014989906921982765, -0.9998119473457336, 1.5185832977294922], [0.9998713135719299, 0.010101329535245895, -0.012455161660909653, -1.531982421875], [0.0, 0.0, 0.0, 1.0]], [[-0.8309113383293152, -0.556389570236206, 0.0041099111549556255, 0.926025390625], [-0.006545436102896929, 0.0023883720859885216, -0.9999756813049316, 1.502798080444336], [0.5563663244247437, -0.8309181332588196, -0.005626338068395853, -1.1759033203125], [0.0, 0.0, 0.0, 1.0]], [[0.9477308988571167, 0.31901678442955017, -0.005863262806087732, -1.141357421875], [0.0029995753429830074, -0.02728334069252014, -0.9996232390403748, 1.5885573625564575], [-0.31905654072761536, 0.9473562836647034, -0.026814179494976997, -0.10400390625], [0.0, 0.0, 0.0, 1.0]], [[0.0009470082586631179, 0.9998449683189392, -0.017582502216100693, 0.0023345947265625], [-0.022706270217895508, -0.017556479200720787, -0.9995880722999573, 1.5782508850097656], [-0.9997417330741882, 0.0013458178145810962, 0.022686121985316277, -0.047119140625], [0.0, 0.0, 0.0, 1.0]], [[-0.9357868432998657, 0.3524290919303894, -0.009830971248447895, 1.04833984375], [0.009598950855433941, -0.0024059275165200233, -0.9999510049819946, 1.5523509979248047], [-0.35243549942970276, -0.9358353614807129, -0.0011315158335492015, -0.095703125], [0.0, 0.0, 0.0, 1.0]]], "view": [[0.0, -2.0, 100.0], [-2.0, 0.0, 100.0], [0.0, 0.0, 1.0]], "bev": "bev_d96d5d3ac83740518e941a82de5c7714.png", "aux": "aux_d96d5d3ac83740518e941a82de5c7714.npz", "visibility": "visibility_d96d5d3ac83740518e941a82de5c7714.png", "pose": [[-0.8306826949119568, 0.5567461252212524, 0.0, 1812.5108642578125], [-0.5567461252212524, -0.8306826949119568, 0.0, 1489.8865966796875], [0.0, 0.0, 1.0, 0.0], [0.0, 0.0, 0.0, 1.0]], "pose_inverse": [[-0.8306826949119568, -0.5567461252212524, 0.0, 2335.110107421875], [0.5567461252212524, -0.8306826949119568, 0.0, 228.51467895507812], [0.0, 0.0, 1.0, 0.0], [0.0, 0.0, 0.0, 1.0]], "cam_ids": [0, 1, 2, 3, 4, 5], "cam_channels": ["CAM_FRONT_LEFT", "CAM_FRONT", "CAM_FRONT_RIGHT", "CAM_BACK_LEFT", "CAM_BACK", "CAM_BACK_RIGHT"], "token": "d96d5d3ac83740518e941a82de5c7714", "scene": "scene-0855"}, {"images": ["samples/CAM_FRONT_LEFT/n015-2018-10-08-16-03-24+0800__CAM_FRONT_LEFT__1538985971254844.jpg", "samples/CAM_FRONT/n015-2018-10-08-16-03-24+0800__CAM_FRONT__1538985971262460.jpg", "samples/CAM_FRONT_RIGHT/n015-2018-10-08-16-03-24+0800__CAM_FRONT_RIGHT__1538985971270339.jpg", "samples/CAM_BACK_LEFT/n015-2018-10-08-16-03-24+0800__CAM_BACK_LEFT__1538985971297423.jpg", "samples/CAM_BACK/n015-2018-10-08-16-03-24+0800__CAM_BACK__1538985971287525.jpg", "samples/CAM_BACK_RIGHT/n015-2018-10-08-16-03-24+0800__CAM_BACK_RIGHT__1538985971277893.jpg"], "intrinsics": [[[1272.5979470598488, 0.0, 826.6154927353808], [0.0, 1272.5979470598488, 479.75165386361925], [0.0, 0.0, 1.0]], [[1266.417203046554, 0.0, 816.2670197447984], [0.0, 1266.417203046554, 491.50706579294757], [0.0, 0.0, 1.0]], [[1260.8474446004698, 0.0, 807.968244525554], [0.0, 1260.8474446004698, 495.3344268742088], [0.0, 0.0, 1.0]], [[1256.7414812095406, 0.0, 792.1125740759628], [0.0, 1256.7414812095406, 492.7757465151356], [0.0, 0.0, 1.0]], [[809.2209905677063, 0.0, 829.2196003259838], [0.0, 809.2209905677063, 481.77842384512485], [0.0, 0.0, 1.0]], [[1259.5137405846733, 0.0, 807.2529053838625], [0.0, 1259.5137405846733, 501.19579884916527], [0.0, 0.0, 1.0]]], "extrinsics": [[[0.8245156407356262, -0.5658378601074219, -0.001228444860316813, -0.7921142578125], [-0.002256698440760374, -0.0011173553066328168, -0.9999967813491821, 1.5077705383300781], [0.565834641456604, 0.8245158195495605, -0.002198202768340707, -1.15966796875], [0.0, 0.0, 0.0, 1.0]], [[0.011165117844939232, -0.9999249577522278, 0.005033975001424551, 0.005859375], [-0.007547890767455101, -0.0051184226758778095, -0.9999584555625916, 1.5192146301269531], [0.9999092221260071, 0.011126753874123096, -0.007604473270475864, -1.518798828125], [0.0, 0.0, 0.0, 1.0]], [[-0.8305681347846985, -0.5568934082984924, -0.005123810842633247, 0.91943359375], [-0.002019434003159404, 0.012211845256388187, -0.9999234080314636, 1.5033819675445557], [0.5569133758544922, -0.830494225025177, -0.011267377994954586, -1.1741943359375], [0.0, 0.0, 0.0, 1.0]], [[0.9477674961090088, 0.31896141171455383, 0.0005259591271169484, -1.138916015625], [0.006564708426594734, -0.01785781793296337, -0.9998189806938171, 1.588566780090332], [-0.31889423727989197, 0.947599470615387, -0.019018948078155518, -0.104156494140625], [0.0, 0.0, 0.0, 1.0]], [[0.0007958105998113751, 0.9999679923057556, -0.007972304709255695, 0.00311279296875], [-0.018770558759570122, -0.007955965586006641, -0.9997921586036682, 1.5783882141113281], [-0.9998235702514648, 0.0009453165694139898, 0.018763624131679535, -0.049072265625], [0.0, 0.0, 0.0, 1.0]], [[-0.9358969926834106, 0.3521204888820648, -0.010398553684353828, 1.04443359375], [0.013873705640435219, 0.007347156759351492, -0.9998767375946045, 1.5528182983398438], [-0.3520006835460663, -0.9359259009361267, -0.011761396192014217, -0.0987548828125], [0.0, 0.0, 0.0, 1.0]]], "view": [[0.0, -2.0, 100.0], [-2.0, 0.0, 100.0], [0.0, 0.0, 1.0]], "bev": "bev_0b9ffef0adb44253a4553e7529ebb611.png", "aux": "aux_0b9ffef0adb44253a4553e7529ebb611.npz", "visibility": "visibility_0b9ffef0adb44253a4553e7529ebb611.png", "pose": [[-0.8707025051116943, 0.4918101131916046, 0.0, 1810.4598388671875], [-0.4918101131916046, -0.8707025051116943, 0.0, 1488.6375732421875], [0.0, 0.0, 1.0, 0.0], [0.0, 0.0, 0.0, 1.0]], "pose_inverse": [[-0.8707025051116943, -0.4918101131916046, 0.0, 2308.498779296875], [0.4918101131916046, -0.8707025051116943, 0.0, 405.75799560546875], [0.0, 0.0, 1.0, 0.0], [0.0, 0.0, 0.0, 1.0]], "cam_ids": [0, 1, 2, 3, 4, 5], "cam_channels": ["CAM_FRONT_LEFT", "CAM_FRONT", "CAM_FRONT_RIGHT", "CAM_BACK_LEFT", "CAM_BACK", "CAM_BACK_RIGHT"], "token": "0b9ffef0adb44253a4553e7529ebb611", "scene": "scene-0855"}, {"images": ["samples/CAM_FRONT_LEFT/n015-2018-10-08-16-03-24+0800__CAM_FRONT_LEFT__1538985971754844.jpg", "samples/CAM_FRONT/n015-2018-10-08-16-03-24+0800__CAM_FRONT__1538985971762460.jpg", "samples/CAM_FRONT_RIGHT/n015-2018-10-08-16-03-24+0800__CAM_FRONT_RIGHT__1538985971770339.jpg", "samples/CAM_BACK_LEFT/n015-2018-10-08-16-03-24+0800__CAM_BACK_LEFT__1538985971797423.jpg", "samples/CAM_BACK/n015-2018-10-08-16-03-24+0800__CAM_BACK__1538985971787525.jpg", "samples/CAM_BACK_RIGHT/n015-2018-10-08-16-03-24+0800__CAM_BACK_RIGHT__1538985971777893.jpg"], "intrinsics": [[[1272.5979470598488, 0.0, 826.6154927353808], [0.0, 1272.5979470598488, 479.75165386361925], [0.0, 0.0, 1.0]], [[1266.417203046554, 0.0, 816.2670197447984], [0.0, 1266.417203046554, 491.50706579294757], [0.0, 0.0, 1.0]], [[1260.8474446004698, 0.0, 807.968244525554], [0.0, 1260.8474446004698, 495.3344268742088], [0.0, 0.0, 1.0]], [[1256.7414812095406, 0.0, 792.1125740759628], [0.0, 1256.7414812095406, 492.7757465151356], [0.0, 0.0, 1.0]], [[809.2209905677063, 0.0, 829.2196003259838], [0.0, 809.2209905677063, 481.77842384512485], [0.0, 0.0, 1.0]], [[1259.5137405846733, 0.0, 807.2529053838625], [0.0, 1259.5137405846733, 501.19579884916527], [0.0, 0.0, 1.0]]], "extrinsics": [[[0.826816737651825, -0.562445342540741, -0.005415931344032288, -0.7825927734375], [-0.004380926955491304, 0.0031889835372567177, -0.9999852776527405, 1.5072827339172363], [0.562454342842102, 0.8268283009529114, 0.00017267359362449497, -1.1541748046875], [0.0, 0.0, 0.0, 1.0]], [[0.014543050900101662, -0.9998934268951416, 0.0012601035414263606, 0.0064697265625], [-0.009694267995655537, -0.0014011760940775275, -0.9999520182609558, 1.5187625885009766], [0.9998472929000854, 0.014530069194734097, -0.0097136115655303, -1.510009765625], [0.0, 0.0, 0.0, 1.0]], [[-0.829118013381958, -0.5590470433235168, -0.00545539753511548, 0.913818359375], [-0.004236062988638878, 0.016039514914155006, -0.9998623728752136, 1.5030564069747925], [0.5590575933456421, -0.8289808034896851, -0.015666808933019638, -1.1700439453125], [0.0, 0.0, 0.0, 1.0]], [[0.9477859735488892, 0.31890666484832764, -0.0005076880916021764, -1.14013671875], [0.00428567873314023, -0.014328761026263237, -0.9998881220817566, 1.5885555744171143], [-0.3188783526420593, 0.9476778507232666, -0.014947330579161644, -0.1036224365234375], [0.0, 0.0, 0.0, 1.0]], [[-0.00018019721028394997, 0.9999920725822449, -0.003994337283074856, 0.00311279296875], [-0.021009940654039383, -0.003997241612523794, -0.9997712969779968, 1.5782318115234375], [-0.999779224395752, -9.622950165066868e-05, 0.021010491997003555, -0.051513671875], [0.0, 0.0, 0.0, 1.0]], [[-0.9365813136100769, 0.3503812551498413, -0.006967407651245594, 1.0396728515625], [0.011652595363557339, 0.011265181936323643, -0.999868631362915, 1.5526580810546875], [-0.3502567410469055, -0.9365395307540894, -0.014633608981966972, -0.100341796875], [0.0, 0.0, 0.0, 1.0]]], "view": [[0.0, -2.0, 100.0], [-2.0, 0.0, 100.0], [0.0, 0.0, 1.0]], "bev": "bev_81f8c4ef1f4f46a091b0ee4311f3d303.png", "aux": "aux_81f8c4ef1f4f46a091b0ee4311f3d303.npz", "visibility": "visibility_81f8c4ef1f4f46a091b0ee4311f3d303.png", "pose": [[-0.9208953380584717, 0.3898099958896637, 0.0, 1808.1802978515625], [-0.3898099958896637, -0.9208953380584717, 0.0, 1487.509521484375], [0.0, 0.0, 1.0, 0.0], [0.0, 0.0, 0.0, 1.0]], "pose_inverse": [[-0.9208953380584717, -0.3898099958896637, 0.0, 2244.99072265625], [0.3898099958896637, -0.9208953380584717, 0.0, 664.9938354492188], [0.0, 0.0, 1.0, 0.0], [0.0, 0.0, 0.0, 1.0]], "cam_ids": [0, 1, 2, 3, 4, 5], "cam_channels": ["CAM_FRONT_LEFT", "CAM_FRONT", "CAM_FRONT_RIGHT", "CAM_BACK_LEFT", "CAM_BACK", "CAM_BACK_RIGHT"], "token": "81f8c4ef1f4f46a091b0ee4311f3d303", "scene": "scene-0855"}, {"images": ["samples/CAM_FRONT_LEFT/n015-2018-10-08-16-03-24+0800__CAM_FRONT_LEFT__1538985972254844.jpg", "samples/CAM_FRONT/n015-2018-10-08-16-03-24+0800__CAM_FRONT__1538985972262460.jpg", "samples/CAM_FRONT_RIGHT/n015-2018-10-08-16-03-24+0800__CAM_FRONT_RIGHT__1538985972270339.jpg", "samples/CAM_BACK_LEFT/n015-2018-10-08-16-03-24+0800__CAM_BACK_LEFT__1538985972297423.jpg", "samples/CAM_BACK/n015-2018-10-08-16-03-24+0800__CAM_BACK__1538985972287525.jpg", "samples/CAM_BACK_RIGHT/n015-2018-10-08-16-03-24+0800__CAM_BACK_RIGHT__1538985972277893.jpg"], "intrinsics": [[[1272.5979470598488, 0.0, 826.6154927353808], [0.0, 1272.5979470598488, 479.75165386361925], [0.0, 0.0, 1.0]], [[1266.417203046554, 0.0, 816.2670197447984], [0.0, 1266.417203046554, 491.50706579294757], [0.0, 0.0, 1.0]], [[1260.8474446004698, 0.0, 807.968244525554], [0.0, 1260.8474446004698, 495.3344268742088], [0.0, 0.0, 1.0]], [[1256.7414812095406, 0.0, 792.1125740759628], [0.0, 1256.7414812095406, 492.7757465151356], [0.0, 0.0, 1.0]], [[809.2209905677063, 0.0, 829.2196003259838], [0.0, 809.2209905677063, 481.77842384512485], [0.0, 0.0, 1.0]], [[1259.5137405846733, 0.0, 807.2529053838625], [0.0, 1259.5137405846733, 501.19579884916527], [0.0, 0.0, 1.0]]], "extrinsics": [[[0.8282617926597595, -0.5602894425392151, -0.0076305437833070755, -0.755615234375], [-0.010599433444440365, -0.002050737151876092, -0.9999417066574097, 1.5055599212646484], [0.5602411031723022, 0.8282943964004517, -0.007637298200279474, -1.1378173828125], [0.0, 0.0, 0.0, 1.0]], [[0.01671396754682064, -0.999842643737793, 0.005935101769864559, 0.0081787109375], [-0.015976587310433388, -0.00620223768055439, -0.9998531341552734, 1.5172004699707031], [0.9997326731681824, 0.016616681590676308, -0.016077738255262375, -1.484130859375], [0.0, 0.0, 0.0, 1.0]], [[-0.8282039761543274, -0.5604205131530762, 0.0026283925399184227, 0.89794921875], [-0.010636911727488041, 0.011030019260942936, -0.9998825192451477, 1.5019207000732422], [0.5603257417678833, -0.8281347751617432, -0.015096248127520084, -1.15802001953125], [0.0, 0.0, 0.0, 1.0]], [[0.9476724863052368, 0.31913360953330994, -0.008399137295782566, -1.14111328125], [-0.002341721672564745, -0.019359774887561798, -0.9998098015785217, 1.58856201171875], [-0.319235622882843, 0.9475119709968567, -0.017599403858184814, -0.1042327880859375], [0.0, 0.0, 0.0, 1.0]], [[-0.0008411791059188545, 0.9999558329582214, -0.00936700589954853, 0.002685546875], [-0.027557536959648132, -0.009386630728840828, -0.999576210975647, 1.57769775390625], [-0.9996199011802673, -0.0005827191635034978, 0.027564214542508125, -0.05859375], [0.0, 0.0, 0.0, 1.0]], [[-0.937025785446167, 0.34924939274787903, -0.002724691992625594, 1.026123046875], [0.005181450862437487, 0.006100358907133341, -0.9999679327011108, 1.5520572662353516], [-0.3492216467857361, -0.9370099902153015, -0.007525811903178692, -0.104736328125], [0.0, 0.0, 0.0, 1.0]]], "view": [[0.0, -2.0, 100.0], [-2.0, 0.0, 100.0], [0.0, 0.0, 1.0]], "bev": "bev_346cacf20805485c954f65e3f44b2c65.png", "aux": "aux_346cacf20805485c954f65e3f44b2c65.npz", "visibility": "visibility_346cacf20805485c954f65e3f44b2c65.png", "pose": [[-0.9677054286003113, 0.2520837187767029, 0.0, 1805.5384521484375], [-0.2520837187767029, -0.9677054286003113, 0.0, 1486.6219482421875], [0.0, 0.0, 1.0, 0.0], [0.0, 0.0, 0.0, 1.0]], "pose_inverse": [[-0.9677054286003113, -0.2520837187767029, 0.0, 2121.982666015625], [0.2520837187767029, -0.9677054286003113, 0.0, 983.4652709960938], [0.0, 0.0, 1.0, 0.0], [0.0, 0.0, 0.0, 1.0]], "cam_ids": [0, 1, 2, 3, 4, 5], "cam_channels": ["CAM_FRONT_LEFT", "CAM_FRONT", "CAM_FRONT_RIGHT", "CAM_BACK_LEFT", "CAM_BACK", "CAM_BACK_RIGHT"], "token": "346cacf20805485c954f65e3f44b2c65", "scene": "scene-0855"}, {"images": ["samples/CAM_FRONT_LEFT/n015-2018-10-08-16-03-24+0800__CAM_FRONT_LEFT__1538985972754844.jpg", "samples/CAM_FRONT/n015-2018-10-08-16-03-24+0800__CAM_FRONT__1538985972762460.jpg", "samples/CAM_FRONT_RIGHT/n015-2018-10-08-16-03-24+0800__CAM_FRONT_RIGHT__1538985972770339.jpg", "samples/CAM_BACK_LEFT/n015-2018-10-08-16-03-24+0800__CAM_BACK_LEFT__1538985972797423.jpg", "samples/CAM_BACK/n015-2018-10-08-16-03-24+0800__CAM_BACK__1538985972787525.jpg", "samples/CAM_BACK_RIGHT/n015-2018-10-08-16-03-24+0800__CAM_BACK_RIGHT__1538985972777897.jpg"], "intrinsics": [[[1272.5979470598488, 0.0, 826.6154927353808], [0.0, 1272.5979470598488, 479.75165386361925], [0.0, 0.0, 1.0]], [[1266.417203046554, 0.0, 816.2670197447984], [0.0, 1266.417203046554, 491.50706579294757], [0.0, 0.0, 1.0]], [[1260.8474446004698, 0.0, 807.968244525554], [0.0, 1260.8474446004698, 495.3344268742088], [0.0, 0.0, 1.0]], [[1256.7414812095406, 0.0, 792.1125740759628], [0.0, 1256.7414812095406, 492.7757465151356], [0.0, 0.0, 1.0]], [[809.2209905677063, 0.0, 829.2196003259838], [0.0, 809.2209905677063, 481.77842384512485], [0.0, 0.0, 1.0]], [[1259.5137405846733, 0.0, 807.2529053838625], [0.0, 1259.5137405846733, 501.19579884916527], [0.0, 0.0, 1.0]]], "extrinsics": [[[0.8269592523574829, -0.5620858669281006, -0.014065002091228962, -0.76300048828125], [-0.01897086575627327, -0.002892299322411418, -0.9998158812522888, 1.5036048889160156], [0.5619416832923889, 0.827073872089386, -0.01305506844073534, -1.14208984375], [0.0, 0.0, 0.0, 1.0]], [[0.014941951259970665, -0.99986732006073, 0.006482051685452461, 0.0076904296875], [-0.02442767471075058, -0.006845870055258274, -0.9996781945228577, 1.5156364440917969], [0.9995899200439453, 0.014778814278542995, -0.024526720866560936, -1.4915771484375], [0.0, 0.0, 0.0, 1.0]], [[-0.8289768099784851, -0.5591946244239807, 0.009943134151399136, 0.9033203125], [-0.019140517339110374, 0.01059790514409542, -0.999760627746582, 1.5006790161132812], [0.5589553713798523, -0.8289687037467957, -0.019488690420985222, -1.1621284484863281], [0.0, 0.0, 0.0, 1.0]], [[0.9476141333580017, 0.31899020075798035, -0.016516638919711113, -1.14404296875], [-0.011011154390871525, -0.01905486360192299, -0.9997577667236328, 1.5885734558105469], [-0.3192276656627655, 0.9475664496421814, -0.014544205740094185, -0.10260009765625], [0.0, 0.0, 0.0, 1.0]], [[-0.00022328455816023052, 0.9999564290046692, -0.009332800284028053, 0.0028076171875], [-0.03618142753839493, -0.00933476909995079, -0.9993016123771667, 1.5773391723632812], [-0.9993452429771423, 0.00011454396008048207, 0.03618193417787552, -0.0538330078125], [0.0, 0.0, 0.0, 1.0]], [[-0.936617910861969, 0.35031363368034363, 0.00523105263710022, 1.0321044921875], [-0.003392650745809078, 0.005861357320100069, -0.9999771118164062, 1.5510708093643188], [-0.3503362536430359, -0.9366141557693481, -0.004301360808312893, -0.1026611328125], [0.0, 0.0, 0.0, 1.0]]], "view": [[0.0, -2.0, 100.0], [-2.0, 0.0, 100.0], [0.0, 0.0, 1.0]], "bev": "bev_f69075d1598b4252970eda0615dc7adf.png", "aux": "aux_f69075d1598b4252970eda0615dc7adf.npz", "visibility": "visibility_f69075d1598b4252970eda0615dc7adf.png", "pose": [[-0.9930858016014099, 0.11739093065261841, 0.0, 1802.662109375], [-0.11739093065261841, -0.9930858016014099, 0.0, 1486.0848388671875], [0.0, 0.0, 1.0, 0.0], [0.0, 0.0, 0.0, 1.0]], "pose_inverse": [[-0.9930858016014099, -0.11739093065261841, 0.0, 1964.6510009765625], [0.11739093065261841, -0.9930858016014099, 0.0, 1264.1934814453125], [0.0, 0.0, 1.0, 0.0], [0.0, 0.0, 0.0, 1.0]], "cam_ids": [0, 1, 2, 3, 4, 5], "cam_channels": ["CAM_FRONT_LEFT", "CAM_FRONT", "CAM_FRONT_RIGHT", "CAM_BACK_LEFT", "CAM_BACK", "CAM_BACK_RIGHT"], "token": "f69075d1598b4252970eda0615dc7adf", "scene": "scene-0855"}, {"images": ["samples/CAM_FRONT_LEFT/n015-2018-10-08-16-03-24+0800__CAM_FRONT_LEFT__1538985973254844.jpg", "samples/CAM_FRONT/n015-2018-10-08-16-03-24+0800__CAM_FRONT__1538985973262460.jpg", "samples/CAM_FRONT_RIGHT/n015-2018-10-08-16-03-24+0800__CAM_FRONT_RIGHT__1538985973270339.jpg", "samples/CAM_BACK_LEFT/n015-2018-10-08-16-03-24+0800__CAM_BACK_LEFT__1538985973297423.jpg", "samples/CAM_BACK/n015-2018-10-08-16-03-24+0800__CAM_BACK__1538985973287525.jpg", "samples/CAM_BACK_RIGHT/n015-2018-10-08-16-03-24+0800__CAM_BACK_RIGHT__1538985973277893.jpg"], "intrinsics": [[[1272.5979470598488, 0.0, 826.6154927353808], [0.0, 1272.5979470598488, 479.75165386361925], [0.0, 0.0, 1.0]], [[1266.417203046554, 0.0, 816.2670197447984], [0.0, 1266.417203046554, 491.50706579294757], [0.0, 0.0, 1.0]], [[1260.8474446004698, 0.0, 807.968244525554], [0.0, 1260.8474446004698, 495.3344268742088], [0.0, 0.0, 1.0]], [[1256.7414812095406, 0.0, 792.1125740759628], [0.0, 1256.7414812095406, 492.7757465151356], [0.0, 0.0, 1.0]], [[809.2209905677063, 0.0, 829.2196003259838], [0.0, 809.2209905677063, 481.77842384512485], [0.0, 0.0, 1.0]], [[1259.5137405846733, 0.0, 807.2529053838625], [0.0, 1259.5137405846733, 501.19579884916527], [0.0, 0.0, 1.0]]], "extrinsics": [[[0.8240537047386169, -0.5661093592643738, -0.02134247124195099, -0.7672119140625], [-0.025943022221326828, -7.623717101523653e-05, -0.9996634721755981, 1.5020294189453125], [0.5659171342849731, 0.8243301510810852, -0.01474941149353981, -1.144775390625], [0.0, 0.0, 0.0, 1.0]], [[0.010894437320530415, -0.9999341368675232, 0.003605595091357827, 0.0076904296875], [-0.031222181394696236, -0.003944217227399349, -0.9995046854019165, 1.5144081115722656], [0.9994531273841858, 0.01077647041529417, -0.031263094395399094, -1.4962158203125], [0.0, 0.0, 0.0, 1.0]], [[-0.8306713104248047, -0.5565918684005737, 0.01381116546690464, 0.90673828125], [-0.025668315589427948, 0.013504650443792343, -0.9995792508125305, 1.4997539520263672], [0.5561712384223938, -0.830676257610321, -0.0255047008395195, -1.1642913818359375], [0.0, 0.0, 0.0, 1.0]], [[0.9475472569465637, 0.318899005651474, -0.021391961723566055, -1.145263671875], [-0.01708589680492878, -0.016294507309794426, -0.9997212290763855, 1.5886116027832031], [-0.3191586136817932, 0.9476486444473267, -0.00999114103615284, -0.1021728515625], [0.0, 0.0, 0.0, 1.0]], [[0.0008954568766057491, 0.9999783039093018, -0.006520076189190149, 0.0028076171875], [-0.042415060102939606, -0.006476230453699827, -0.9990790486335754, 1.5770950317382812], [-0.999099612236023, 0.0011711801635101438, 0.04240833967924118, -0.0518798828125], [0.0, 0.0, 0.0, 1.0]], [[-0.9357573986053467, 0.3524322211742401, 0.012229819782078266, 1.0347900390625], [-0.009785640984773636, 0.00871595460921526, -0.9999141097068787, 1.5503883361816406], [-0.3525085747241974, -0.9357967376708984, -0.004707243759185076, -0.1015625], [0.0, 0.0, 0.0, 1.0]]], "view": [[0.0, -2.0, 100.0], [-2.0, 0.0, 100.0], [0.0, 0.0, 1.0]], "bev": "bev_3bd2bf8e14c6417eac56ac18cace3cc1.png", "aux": "aux_3bd2bf8e14c6417eac56ac18cace3cc1.npz", "visibility": "visibility_3bd2bf8e14c6417eac56ac18cace3cc1.png", "pose": [[-0.9997388124465942, 0.022853542119264603, 0.0, 1799.797607421875], [-0.022853542119264603, -0.9997388124465942, 0.0, 1485.912841796875], [0.0, 0.0, 1.0, 0.0], [0.0, 0.0, 0.0, 1.0]], "pose_inverse": [[-0.9997388124465942, -0.022853542119264603, 0.0, 1833.285888671875], [0.022853542119264603, -0.9997388124465942, 0.0, 1444.39306640625], [0.0, 0.0, 1.0, 0.0], [0.0, 0.0, 0.0, 1.0]], "cam_ids": [0, 1, 2, 3, 4, 5], "cam_channels": ["CAM_FRONT_LEFT", "CAM_FRONT", "CAM_FRONT_RIGHT", "CAM_BACK_LEFT", "CAM_BACK", "CAM_BACK_RIGHT"], "token": "3bd2bf8e14c6417eac56ac18cace3cc1", "scene": "scene-0855"}, {"images": ["samples/CAM_FRONT_LEFT/n015-2018-10-08-16-03-24+0800__CAM_FRONT_LEFT__1538985973754844.jpg", "samples/CAM_FRONT/n015-2018-10-08-16-03-24+0800__CAM_FRONT__1538985973762460.jpg", "samples/CAM_FRONT_RIGHT/n015-2018-10-08-16-03-24+0800__CAM_FRONT_RIGHT__1538985973770339.jpg", "samples/CAM_BACK_LEFT/n015-2018-10-08-16-03-24+0800__CAM_BACK_LEFT__1538985973797423.jpg", "samples/CAM_BACK/n015-2018-10-08-16-03-24+0800__CAM_BACK__1538985973787525.jpg", "samples/CAM_BACK_RIGHT/n015-2018-10-08-16-03-24+0800__CAM_BACK_RIGHT__1538985973777893.jpg"], "intrinsics": [[[1272.5979470598488, 0.0, 826.6154927353808], [0.0, 1272.5979470598488, 479.75165386361925], [0.0, 0.0, 1.0]], [[1266.417203046554, 0.0, 816.2670197447984], [0.0, 1266.417203046554, 491.50706579294757], [0.0, 0.0, 1.0]], [[1260.8474446004698, 0.0, 807.968244525554], [0.0, 1260.8474446004698, 495.3344268742088], [0.0, 0.0, 1.0]], [[1256.7414812095406, 0.0, 792.1125740759628], [0.0, 1256.7414812095406, 492.7757465151356], [0.0, 0.0, 1.0]], [[809.2209905677063, 0.0, 829.2196003259838], [0.0, 809.2209905677063, 481.77842384512485], [0.0, 0.0, 1.0]], [[1259.5137405846733, 0.0, 807.2529053838625], [0.0, 1259.5137405846733, 501.19579884916527], [0.0, 0.0, 1.0]]], "extrinsics": [[[0.8236092925071716, -0.5666789412498474, -0.023293986916542053, -0.79254150390625], [-0.02872280776500702, -0.0006564557552337646, -0.9995871782302856, 1.5022544860839844], [0.5664297938346863, 0.8239384293556213, -0.016817273572087288, -1.162841796875], [0.0, 0.0, 0.0, 1.0]], [[0.010395975783467293, -0.9999359846115112, 0.0044578188098967075, 0.007568359375], [-0.03404246270656586, -0.0048093958757817745, -0.9994088411331177, 1.5147171020507812], [0.9993663430213928, 0.010238084010779858, -0.03409028425812721, -1.521728515625], [0.0, 0.0, 0.0, 1.0]], [[-0.8308326005935669, -0.5562659502029419, 0.01688641868531704, 0.923095703125], [-0.02856975607573986, 0.012329444289207458, -0.9995157122612, 1.4998703002929688], [0.5557883381843567, -0.8309128284454346, -0.026136087253689766, -1.174896240234375], [0.0, 0.0, 0.0, 1.0]], [[0.9474907517433167, 0.3188042938709259, -0.02500278130173683, -1.14306640625], [-0.020139792934060097, -0.01854160614311695, -0.9996252059936523, 1.58856201171875], [-0.31914836168289185, 0.9476392269134521, -0.011147349141538143, -0.10321044921875], [0.0, 0.0, 0.0, 1.0]], [[0.001009759376756847, 0.9999644160270691, -0.008374450728297234, 0.0025634765625], [-0.04542115330696106, -0.008319947868585587, -0.9989333152770996, 1.5772323608398438], [-0.9989674091339111, 0.0013890628470107913, 0.045411136001348495, -0.044921875], [0.0, 0.0, 0.0, 1.0]], [[-0.9356247186660767, 0.3526993989944458, 0.014471515081822872, 1.0478515625], [-0.012733564712107182, 0.007247317582368851, -0.9998926520347595, 1.5502510070800781], [-0.3527664244174957, -0.9357086420059204, -0.0022896509617567062, -0.096435546875], [0.0, 0.0, 0.0, 1.0]]], "view": [[0.0, -2.0, 100.0], [-2.0, 0.0, 100.0], [0.0, 0.0, 1.0]], "bev": "bev_9c823431c5ad4296bf0f4c74417f3e8c.png", "aux": "aux_9c823431c5ad4296bf0f4c74417f3e8c.npz", "visibility": "visibility_9c823431c5ad4296bf0f4c74417f3e8c.png", "pose": [[-0.9989921450614929, -0.04488509148359299, 0.0, 1797.1881103515625], [0.04488509148359299, -0.9989921450614929, 0.0, 1485.9639892578125], [0.0, 0.0, 1.0, 0.0], [0.0, 0.0, 0.0, 1.0]], "pose_inverse": [[-0.9989921450614929, 0.04488509148359299, 0.0, 1728.67919921875], [-0.04488509148359299, -0.9989921450614929, 0.0, 1565.13330078125], [0.0, 0.0, 1.0, 0.0], [0.0, 0.0, 0.0, 1.0]], "cam_ids": [0, 1, 2, 3, 4, 5], "cam_channels": ["CAM_FRONT_LEFT", "CAM_FRONT", "CAM_FRONT_RIGHT", "CAM_BACK_LEFT", "CAM_BACK", "CAM_BACK_RIGHT"], "token": "9c823431c5ad4296bf0f4c74417f3e8c", "scene": "scene-0855"}, {"images": ["samples/CAM_FRONT_LEFT/n015-2018-10-08-16-03-24+0800__CAM_FRONT_LEFT__1538985974254844.jpg", "samples/CAM_FRONT/n015-2018-10-08-16-03-24+0800__CAM_FRONT__1538985974262460.jpg", "samples/CAM_FRONT_RIGHT/n015-2018-10-08-16-03-24+0800__CAM_FRONT_RIGHT__1538985974270339.jpg", "samples/CAM_BACK_LEFT/n015-2018-10-08-16-03-24+0800__CAM_BACK_LEFT__1538985974297423.jpg", "samples/CAM_BACK/n015-2018-10-08-16-03-24+0800__CAM_BACK__1538985974287525.jpg", "samples/CAM_BACK_RIGHT/n015-2018-10-08-16-03-24+0800__CAM_BACK_RIGHT__1538985974277893.jpg"], "intrinsics": [[[1272.5979470598488, 0.0, 826.6154927353808], [0.0, 1272.5979470598488, 479.75165386361925], [0.0, 0.0, 1.0]], [[1266.417203046554, 0.0, 816.2670197447984], [0.0, 1266.417203046554, 491.50706579294757], [0.0, 0.0, 1.0]], [[1260.8474446004698, 0.0, 807.968244525554], [0.0, 1260.8474446004698, 495.3344268742088], [0.0, 0.0, 1.0]], [[1256.7414812095406, 0.0, 792.1125740759628], [0.0, 1256.7414812095406, 492.7757465151356], [0.0, 0.0, 1.0]], [[809.2209905677063, 0.0, 829.2196003259838], [0.0, 809.2209905677063, 481.77842384512485], [0.0, 0.0, 1.0]], [[1259.5137405846733, 0.0, 807.2529053838625], [0.0, 1259.5137405846733, 501.19579884916527], [0.0, 0.0, 1.0]]], "extrinsics": [[[0.824428141117096, -0.5659617781639099, -0.0023576447274535894, -0.823089599609375], [-0.015465212054550648, -0.018363412469625473, -0.9997117519378662, 1.5056114196777344], [0.5657554268836975, 0.824226975440979, -0.023892030119895935, -1.18408203125], [0.0, 0.0, 0.0, 1.0]], [[0.0112083675339818, -0.9996918439865112, 0.022148536518216133, 0.00732421875], [-0.020330825820565224, -0.02237318456172943, -0.9995429515838623, 1.5176849365234375], [0.9997304677963257, 0.010752949863672256, -0.020575327798724174, -1.5516357421875], [0.0, 0.0, 0.0, 1.0]], [[-0.8305984139442444, -0.5566763281822205, 0.014755066484212875, 0.94189453125], [-0.01435958780348301, -0.005077103152871132, -0.9998840093612671, 1.5020790100097656], [0.5566866993904114, -0.8307139873504639, -0.003776607336476445, -1.18719482421875], [0.0, 0.0, 0.0, 1.0]], [[0.9477126598358154, 0.3187648057937622, -0.015163624659180641, -1.14599609375], [-0.004048272036015987, -0.03550374135375023, -0.9993613362312317, 1.5885848999023438], [-0.3190995752811432, 0.9471686482429504, -0.03235689550638199, -0.1031494140625], [0.0, 0.0, 0.0, 1.0]], [[0.0008120987331494689, 0.9996748566627502, -0.025486741214990616, 0.0025634765625], [-0.03005661629140377, -0.02545083314180374, -0.9992241263389587, 1.5781936645507812], [-0.9995478987693787, 0.0015775086358189583, 0.03002616949379444, -0.037353515625], [0.0, 0.0, 0.0, 1.0]], [[-0.9359235763549805, 0.3521619141101837, -0.005383922718465328, 1.06256103515625], [0.001976366387680173, -0.010034913197159767, -0.9999476671218872, 1.5516090393066406], [-0.3521974980831146, -0.9358853697776794, 0.008695910684764385, -0.091064453125], [0.0, 0.0, 0.0, 1.0]]], "view": [[0.0, -2.0, 100.0], [-2.0, 0.0, 100.0], [0.0, 0.0, 1.0]], "bev": "bev_57d879c30b4b488ea049b27e786fa866.png", "aux": "aux_57d879c30b4b488ea049b27e786fa866.npz", "visibility": "visibility_57d879c30b4b488ea049b27e786fa866.png", "pose": [[-0.992356538772583, -0.12340395897626877, 0.0, 1794.9683837890625], [0.12340395897626877, -0.992356538772583, 0.0, 1486.171142578125], [0.0, 0.0, 1.0, 0.0], [0.0, 0.0, 0.0, 1.0]], "pose_inverse": [[-0.992356538772583, 0.12340395897626877, 0.0, 1597.84912109375], [-0.12340395897626877, -0.992356538772583, 0.0, 1696.31787109375], [0.0, 0.0, 1.0, 0.0], [0.0, 0.0, 0.0, 1.0]], "cam_ids": [0, 1, 2, 3, 4, 5], "cam_channels": ["CAM_FRONT_LEFT", "CAM_FRONT", "CAM_FRONT_RIGHT", "CAM_BACK_LEFT", "CAM_BACK", "CAM_BACK_RIGHT"], "token": "57d879c30b4b488ea049b27e786fa866", "scene": "scene-0855"}, {"images": ["samples/CAM_FRONT_LEFT/n015-2018-10-08-16-03-24+0800__CAM_FRONT_LEFT__1538985974754844.jpg", "samples/CAM_FRONT/n015-2018-10-08-16-03-24+0800__CAM_FRONT__1538985974762460.jpg", "samples/CAM_FRONT_RIGHT/n015-2018-10-08-16-03-24+0800__CAM_FRONT_RIGHT__1538985974770339.jpg", "samples/CAM_BACK_LEFT/n015-2018-10-08-16-03-24+0800__CAM_BACK_LEFT__1538985974797423.jpg", "samples/CAM_BACK/n015-2018-10-08-16-03-24+0800__CAM_BACK__1538985974787525.jpg", "samples/CAM_BACK_RIGHT/n015-2018-10-08-16-03-24+0800__CAM_BACK_RIGHT__1538985974777893.jpg"], "intrinsics": [[[1272.5979470598488, 0.0, 826.6154927353808], [0.0, 1272.5979470598488, 479.75165386361925], [0.0, 0.0, 1.0]], [[1266.417203046554, 0.0, 816.2670197447984], [0.0, 1266.417203046554, 491.50706579294757], [0.0, 0.0, 1.0]], [[1260.8474446004698, 0.0, 807.968244525554], [0.0, 1260.8474446004698, 495.3344268742088], [0.0, 0.0, 1.0]], [[1256.7414812095406, 0.0, 792.1125740759628], [0.0, 1256.7414812095406, 492.7757465151356], [0.0, 0.0, 1.0]], [[809.2209905677063, 0.0, 829.2196003259838], [0.0, 809.2209905677063, 481.77842384512485], [0.0, 0.0, 1.0]], [[1259.5137405846733, 0.0, 807.2529053838625], [0.0, 1259.5137405846733, 501.19579884916527], [0.0, 0.0, 1.0]]], "extrinsics": [[[0.8248216509819031, -0.5652003288269043, 0.01476295106112957, -0.8216552734375], [-0.0004007679526694119, -0.026695402339100838, -0.9996435046195984, 1.5081863403320312], [0.5653929114341736, 0.8245216608047485, -0.022245459258556366, -1.182373046875], [0.0, 0.0, 0.0, 1.0]], [[0.011532722041010857, -0.9994659423828125, 0.030574725940823555, 0.007080078125], [-0.005741786677390337, -0.030642449855804443, -0.9995139241218567, 1.5197334289550781], [0.9999169707298279, 0.01135157234966755, -0.006092111114412546, -1.550048828125], [0.0, 0.0, 0.0, 1.0]], [[-0.8304324150085449, -0.5570674538612366, 0.007612473797053099, 0.941162109375], [-0.0002642619365360588, -0.013270119205117226, -0.999911904335022, 1.5036201477050781], [0.5571194291114807, -0.8303612470626831, 0.01087272446602583, -1.18707275390625], [0.0, 0.0, 0.0, 1.0]], [[0.9478578567504883, 0.3186379671096802, -0.005944507196545601, -1.1424560546875], [0.00826540868729353, -0.04322516918182373, -0.999031126499176, 1.5885543823242188], [-0.31858620047569275, 0.9468904137611389, -0.04360499233007431, -0.1036376953125], [0.0, 0.0, 0.0, 1.0]], [[0.0008765548700466752, 0.99