[{"images": ["samples/CAM_FRONT_LEFT/n008-2018-08-31-11-19-57-0400__CAM_FRONT_LEFT__1535729258404799.jpg", "samples/CAM_FRONT/n008-2018-08-31-11-19-57-0400__CAM_FRONT__1535729258412404.jpg", "samples/CAM_FRONT_RIGHT/n008-2018-08-31-11-19-57-0400__CAM_FRONT_RIGHT__1535729258420482.jpg", "samples/CAM_BACK_LEFT/n008-2018-08-31-11-19-57-0400__CAM_BACK_LEFT__1535729258447405.jpg", "samples/CAM_BACK/n008-2018-08-31-11-19-57-0400__CAM_BACK__1535729258437558.jpg", "samples/CAM_BACK_RIGHT/n008-2018-08-31-11-19-57-0400__CAM_BACK_RIGHT__1535729258428113.jpg"], "intrinsics": [[[1257.8625342125129, 0.0, 827.2410631095686], [0.0, 1257.8625342125129, 450.915498205774], [0.0, 0.0, 1.0]], [[1252.8131021185304, 0.0, 826.588114781398], [0.0, 1252.8131021185304, 469.9846626224581], [0.0, 0.0, 1.0]], [[1256.7485116440405, 0.0, 817.7887570959712], [0.0, 1256.7485116440403, 451.9541780095127], [0.0, 0.0, 1.0]], [[1254.9860565800168, 0.0, 829.5769333630991], [0.0, 1254.9860565800168, 467.1680561863987], [0.0, 0.0, 1.0]], [[796.8910634503094, 0.0, 857.7774326863696], [0.0, 796.8910634503094, 476.8848988407415], [0.0, 0.0, 1.0]], [[1249.9629280788233, 0.0, 825.3768045375984], [0.0, 1249.9629280788233, 462.54816385708756], [0.0, 0.0, 1.0]]], "extrinsics": [[[0.8229765892028809, -0.5679194927215576, -0.013304193504154682, -0.7623291015625], [-0.005832445342093706, 0.014971328899264336, -0.9998708963394165, 1.4865550994873047], [0.5680453777313232, 0.8229479193687439, 0.00900869257748127, -1.16845703125], [0.0, 0.0, 0.0, 1.0]], [[0.010876396670937538, -0.9998825192451477, -0.01080232672393322, 0.009674072265625], [-0.003840913763269782, 0.010761111043393612, -0.999934732913971, 1.4792168140411377], [0.9999334216117859, 0.01091715693473816, -0.0037234199699014425, -1.492919921875], [0.0, 0.0, 0.0, 1.0]], [[-0.8437950611114502, -0.5366457104682922, -0.004619153216481209, 0.9327392578125], [0.004221030510962009, 0.001970423385500908, -0.9999891519546509, 1.4938626289367676], [0.5366489887237549, -0.8438054323196411, 0.0006025637267157435, -1.1756591796875], [0.0, 0.0, 0.0, 1.0]], [[0.9476918578147888, 0.3188513517379761, -0.01462149154394865, -1.1375732421875], [-0.021062398329377174, 0.01676163822412491, -0.9996376633644104, 1.5618934631347656], [-0.31849074363708496, 0.947656512260437, 0.022600647062063217, -0.1585845947265625], [0.0, 0.0, 0.0, 1.0]], [[0.009069775231182575, 0.9999166131019592, 0.009192908182740211, -0.0289306640625], [-0.018993835896253586, 0.009363898076117039, -0.9997757077217102, 1.566671371459961], [-0.9997784495353699, 0.008893148973584175, 0.019077181816101074, -0.028564453125], [0.0, 0.0, 0.0, 1.0]], [[-0.9238534569740295, 0.3826478123664856, 0.008687511086463928, 1.0341796875], [-0.014867148362100124, -0.013195613399147987, -0.9998023509979248, 1.545797348022461], [-0.38245752453804016, -0.9238000512123108, 0.01787969470024109, -0.09503173828125], [0.0, 0.0, 0.0, 1.0]]], "view": [[0.0, -2.0, 100.0], [-2.0, 0.0, 100.0], [0.0, 0.0, 1.0]], "bev": "bev_ba7de88773954597a28c735d55bd18c4.png", "aux": "aux_ba7de88773954597a28c735d55bd18c4.npz", "visibility": "visibility_ba7de88773954597a28c735d55bd18c4.png", "pose": [[0.4476029574871063, -0.8942323923110962, 0.0, 429.039306640625], [0.8942323923110962, 0.4476029574871063, 0.0, 1667.4237060546875], [0.0, 0.0, 1.0, 0.0], [0.0, 0.0, 0.0, 1.0]], "pose_inverse": [[0.4476029574871063, 0.8942323923110962, 0.0, -1683.103515625], [-0.8942323923110962, 0.4476029574871063, 0.0, -362.6829528808594], [0.0, 0.0, 1.0, 0.0], [0.0, 0.0, 0.0, 1.0]], "cam_ids": [0, 1, 2, 3, 4, 5], "cam_channels": ["CAM_FRONT_LEFT", "CAM_FRONT", "CAM_FRONT_RIGHT", "CAM_BACK_LEFT", "CAM_BACK", "CAM_BACK_RIGHT"], "token": "ba7de88773954597a28c735d55bd18c4", "scene": "scene-0298"}, {"images": ["samples/CAM_FRONT_LEFT/n008-2018-08-31-11-19-57-0400__CAM_FRONT_LEFT__1535729258904799.jpg", "samples/CAM_FRONT/n008-2018-08-31-11-19-57-0400__CAM_FRONT__1535729258912404.jpg", "samples/CAM_FRONT_RIGHT/n008-2018-08-31-11-19-57-0400__CAM_FRONT_RIGHT__1535729258920482.jpg", "samples/CAM_BACK_LEFT/n008-2018-08-31-11-19-57-0400__CAM_BACK_LEFT__1535729258947405.jpg", "samples/CAM_BACK/n008-2018-08-31-11-19-57-0400__CAM_BACK__1535729258937558.jpg", "samples/CAM_BACK_RIGHT/n008-2018-08-31-11-19-57-0400__CAM_BACK_RIGHT__1535729258928113.jpg"], "intrinsics": [[[1257.8625342125129, 0.0, 827.2410631095686], [0.0, 1257.8625342125129, 450.915498205774], [0.0, 0.0, 1.0]], [[1252.8131021185304, 0.0, 826.588114781398], [0.0, 1252.8131021185304, 469.9846626224581], [0.0, 0.0, 1.0]], [[1256.7485116440405, 0.0, 817.7887570959712], [0.0, 1256.7485116440403, 451.9541780095127], [0.0, 0.0, 1.0]], [[1254.9860565800168, 0.0, 829.5769333630991], [0.0, 1254.9860565800168, 467.1680561863987], [0.0, 0.0, 1.0]], [[796.8910634503094, 0.0, 857.7774326863696], [0.0, 796.8910634503094, 476.8848988407415], [0.0, 0.0, 1.0]], [[1249.9629280788233, 0.0, 825.3768045375984], [0.0, 1249.9629280788233, 462.54816385708756], [0.0, 0.0, 1.0]]], "extrinsics": [[[0.8225923776626587, -0.5684852600097656, -0.012895197607576847, -0.7642822265625], [-0.004777688533067703, 0.015767086297273636, -0.9998642802238464, 1.4868707656860352], [0.5686113834381104, 0.8225423693656921, 0.010253839194774628, -1.169677734375], [0.0, 0.0, 0.0, 1.0]], [[0.010328860022127628, -0.9998776912689209, -0.011743924580514431, 0.009613037109375], [-0.0025216522626578808, 0.011718466877937317, -0.9999281764030457, 1.479540228843689], [0.9999434351921082, 0.010357721708714962, -0.002400304889306426, -1.4947509765625], [0.0, 0.0, 0.0, 1.0]], [[-0.8440182209014893, -0.5362741947174072, -0.006574080791324377, 0.93408203125], [0.005820781923830509, 0.0030974671244621277, -0.999978244304657, 1.4941520690917969], [0.5362828969955444, -0.8440381288528442, 0.0005072164931334555, -1.17657470703125], [0.0, 0.0, 0.0, 1.0]], [[0.9478206634521484, 0.31859856843948364, -0.011441654525697231, -1.1383056640625], [-0.01816757768392563, 0.018147358670830727, -0.9996702075004578, 1.5619354248046875], [-0.31828591227531433, 0.9477159976959229, 0.022988606244325638, -0.15802001953125], [0.0, 0.0, 0.0, 1.0]], [[0.00927550345659256, 0.9999008178710938, 0.010598715394735336, -0.02874755859375], [-0.01655152067542076, 0.010751241818070412, -0.9998051524162292, 1.5668678283691406], [-0.9998199939727783, 0.009098288603127003, 0.016649603843688965, -0.0274658203125], [0.0, 0.0, 0.0, 1.0]], [[-0.9237488508224487, 0.3829289376735687, 0.007305055391043425, 1.03564453125], [-0.012855014763772488, -0.0119366105645895, -0.9998461008071899, 1.5460872650146484], [-0.38278284668922424, -0.9237006306648254, 0.015948988497257233, -0.094482421875], [0.0, 0.0, 0.0, 1.0]]], "view": [[0.0, -2.0, 100.0], [-2.0, 0.0, 100.0], [0.0, 0.0, 1.0]], "bev": "bev_694b4845196f479fbc501ad3c2a27962.png", "aux": "aux_694b4845196f479fbc501ad3c2a27962.npz", "visibility": "visibility_694b4845196f479fbc501ad3c2a27962.png", "pose": [[0.4460015594959259, -0.8950321674346924, 0.0, 430.5843505859375], [0.8950321674346924, 0.4460015594959259, 0.0, 1670.47119140625], [0.0, 0.0, 1.0, 0.0], [0.0, 0.0, 0.0, 1.0]], "pose_inverse": [[0.4460015594959259, 0.8950321674346924, 0.0, -1687.166748046875], [-0.8950321674346924, 0.4460015594959259, 0.0, -359.6459045410156], [0.0, 0.0, 1.0, 0.0], [0.0, 0.0, 0.0, 1.0]], "cam_ids": [0, 1, 2, 3, 4, 5], "cam_channels": ["CAM_FRONT_LEFT", "CAM_FRONT", "CAM_FRONT_RIGHT", "CAM_BACK_LEFT", "CAM_BACK", "CAM_BACK_RIGHT"], "token": "694b4845196f479fbc501ad3c2a27962", "scene": "scene-0298"}, {"images": ["samples/CAM_FRONT_LEFT/n008-2018-08-31-11-19-57-0400__CAM_FRONT_LEFT__1535729259404799.jpg", "samples/CAM_FRONT/n008-2018-08-31-11-19-57-0400__CAM_FRONT__1535729259412404.jpg", "samples/CAM_FRONT_RIGHT/n008-2018-08-31-11-19-57-0400__CAM_FRONT_RIGHT__1535729259420482.jpg", "samples/CAM_BACK_LEFT/n008-2018-08-31-11-19-57-0400__CAM_BACK_LEFT__1535729259447405.jpg", "samples/CAM_BACK/n008-2018-08-31-11-19-57-0400__CAM_BACK__1535729259437558.jpg", "samples/CAM_BACK_RIGHT/n008-2018-08-31-11-19-57-0400__CAM_BACK_RIGHT__1535729259428113.jpg"], "intrinsics": [[[1257.8625342125129, 0.0, 827.2410631095686], [0.0, 1257.8625342125129, 450.915498205774], [0.0, 0.0, 1.0]], [[1252.8131021185304, 0.0, 826.588114781398], [0.0, 1252.8131021185304, 469.9846626224581], [0.0, 0.0, 1.0]], [[1256.7485116440405, 0.0, 817.7887570959712], [0.0, 1256.7485116440403, 451.9541780095127], [0.0, 0.0, 1.0]], [[1254.9860565800168, 0.0, 829.5769333630991], [0.0, 1254.9860565800168, 467.1680561863987], [0.0, 0.0, 1.0]], [[796.8910634503094, 0.0, 857.7774326863696], [0.0, 796.8910634503094, 476.8848988407415], [0.0, 0.0, 1.0]], [[1249.9629280788233, 0.0, 825.3768045375984], [0.0, 1249.9629280788233, 462.54816385708756], [0.0, 0.0, 1.0]]], "extrinsics": [[[0.8226279616355896, -0.568458616733551, -0.011751820333302021, -0.7659912109375], [-0.004661586135625839, 0.013925029896199703, -0.9998921751976013, 1.486922025680542], [0.5685609579086304, 0.8225940465927124, 0.008805198594927788, -1.1702880859375], [0.0, 0.0, 0.0, 1.0]], [[0.010322311893105507, -0.999898374080658, -0.009826833382248878, 0.0093994140625], [-0.0028607011772692204, 0.009797787293791771, -0.9999479055404663, 1.4794636964797974], [0.9999426007270813, 0.010349923744797707, -0.0027592743281275034, -1.4949951171875], [0.0, 0.0, 0.0, 1.0]], [[-0.8440314531326294, -0.5362721681594849, -0.0048040603287518024, 0.9342041015625], [0.004997296258807182, 0.0010929550044238567, -0.9999868869781494, 1.4939961433410645], [0.5362703800201416, -0.8440445065498352, 0.00175742176361382, -1.17669677734375], [0.0, 0.0, 0.0, 1.0]], [[0.9477733373641968, 0.3185991048812866, -0.014839264564216137, -1.1392822265625], [-0.021055571734905243, 0.01607617549598217, -0.9996490478515625, 1.5619373321533203], [-0.31824877858161926, 0.9477532505989075, 0.021944858133792877, -0.1577301025390625], [0.0, 0.0, 0.0, 1.0]], [[0.00929354690015316, 0.9999207854270935, 0.00849070679396391, -0.0286865234375], [-0.01868964545428753, 0.008663284592330456, -0.9997877478599548, 1.5667247772216797], [-0.9997822046279907, 0.009132900275290012, 0.0187686774879694, -0.027099609375], [0.0, 0.0, 0.0, 1.0]], [[-0.923734724521637, 0.3829536736011505, 0.007788572460412979, 1.03564453125], [-0.014232619665563107, -0.013996845111250877, -0.9998006820678711, 1.5459060668945312], [-0.3827682435512543, -0.9236615300178528, 0.018379803746938705, -0.0943603515625], [0.0, 0.0, 0.0, 1.0]]], "view": [[0.0, -2.0, 100.0], [-2.0, 0.0, 100.0], [0.0, 0.0, 1.0]], "bev": "bev_71c49b22b0ca4c7aaa214c55560ddfb1.png", "aux": "aux_71c49b22b0ca4c7aaa214c55560ddfb1.npz", "visibility": "visibility_71c49b22b0ca4c7aaa214c55560ddfb1.png", "pose": [[0.44606441259384155, -0.8950008749961853, 0.0, 432.13055419921875], [0.8950008749961853, 0.44606441259384155, 0.0, 1673.5286865234375], [0.0, 0.0, 1.0, 0.0], [0.0, 0.0, 0.0, 1.0]], "pose_inverse": [[0.44606441259384155, 0.8950008749961853, 0.0, -1690.567626953125], [-0.8950008749961853, 0.44606441259384155, 0.0, -359.7443542480469], [0.0, 0.0, 1.0, 0.0], [0.0, 0.0, 0.0, 1.0]], "cam_ids": [0, 1, 2, 3, 4, 5], "cam_channels": ["CAM_FRONT_LEFT", "CAM_FRONT", "CAM_FRONT_RIGHT", "CAM_BACK_LEFT", "CAM_BACK", "CAM_BACK_RIGHT"], "token": "71c49b22b0ca4c7aaa214c55560ddfb1", "scene": "scene-0298"}, {"images": ["samples/CAM_FRONT_LEFT/n008-2018-08-31-11-19-57-0400__CAM_FRONT_LEFT__1535729259854799.jpg", "samples/CAM_FRONT/n008-2018-08-31-11-19-57-0400__CAM_FRONT__1535729259862404.jpg", "samples/CAM_FRONT_RIGHT/n008-2018-08-31-11-19-57-0400__CAM_FRONT_RIGHT__1535729259870482.jpg", "samples/CAM_BACK_LEFT/n008-2018-08-31-11-19-57-0400__CAM_BACK_LEFT__1535729259897405.jpg", "samples/CAM_BACK/n008-2018-08-31-11-19-57-0400__CAM_BACK__1535729259887558.jpg", "samples/CAM_BACK_RIGHT/n008-2018-08-31-11-19-57-0400__CAM_BACK_RIGHT__1535729259878113.jpg"], "intrinsics": [[[1257.8625342125129, 0.0, 827.2410631095686], [0.0, 1257.8625342125129, 450.915498205774], [0.0, 0.0, 1.0]], [[1252.8131021185304, 0.0, 826.588114781398], [0.0, 1252.8131021185304, 469.9846626224581], [0.0, 0.0, 1.0]], [[1256.7485116440405, 0.0, 817.7887570959712], [0.0, 1256.7485116440403, 451.9541780095127], [0.0, 0.0, 1.0]], [[1254.9860565800168, 0.0, 829.5769333630991], [0.0, 1254.9860565800168, 467.1680561863987], [0.0, 0.0, 1.0]], [[796.8910634503094, 0.0, 857.7774326863696], [0.0, 796.8910634503094, 476.8848988407415], [0.0, 0.0, 1.0]], [[1249.9629280788233, 0.0, 825.3768045375984], [0.0, 1249.9629280788233, 462.54816385708756], [0.0, 0.0, 1.0]]], "extrinsics": [[[0.8224538564682007, -0.5686016082763672, -0.016181379556655884, -0.7569580078125], [-0.012032901868224144, 0.01104940939694643, -0.9998665452003479, 1.484659194946289], [0.5687046051025391, 0.8225388526916504, 0.002245701150968671, -1.164794921875], [0.0, 0.0, 0.0, 1.0]], [[0.010206403210759163, -0.9999226331710815, -0.007112701889127493, 0.010009765625], [-0.010097402147948742, 0.007009650114923716, -0.9999244213104248, 1.4776506423950195], [0.9998968839645386, 0.01027742400765419, -0.010025077499449253, -1.4874267578125], [0.0, 0.0, 0.0, 1.0]], [[-0.8440585136413574, -0.5362445712089539, 0.0026331732515245676, 0.9295654296875], [-0.0021068877540528774, -0.0015940972371026874, -0.9999964833259583, 1.4926681518554688], [0.5362468361854553, -0.8440611362457275, 0.00021570356329903007, -1.1734619140625], [0.0, 0.0, 0.0, 1.0]], [[0.9476483464241028, 0.31857603788375854, -0.02172398567199707, -1.1385498046875], [-0.027564670890569687, 0.013836463913321495, -0.9995242357254028, 1.5618858337402344], [-0.31812387704849243, 0.9477962851524353, 0.02189354971051216, -0.15789794921875], [0.0, 0.0, 0.0, 1.0]], [[0.009369045495986938, 0.9999381303787231, 0.005993882194161415, -0.028778076171875], [-0.025413241237401962, 0.006230313330888748, -0.9996575713157654, 1.5661735534667969], [-0.9996331334114075, 0.009213528595864773, 0.02547004073858261, -0.0296630859375], [0.0, 0.0, 0.0, 1.0]], [[-0.9236487746238708, 0.38301166892051697, 0.013221176341176033, 1.03173828125], [-0.02118338830769062, -0.016578136011958122, -0.9996381402015686, 1.5448837280273438], [-0.3826538324356079, -0.9235947728157043, 0.023425862193107605, -0.09588623046875], [0.0, 0.0, 0.0, 1.0]]], "view": [[0.0, -2.0, 100.0], [-2.0, 0.0, 100.0], [0.0, 0.0, 1.0]], "bev": "bev_e80d40b08c0d4f0aac154bbbcfdf15e1.png", "aux": "aux_e80d40b08c0d4f0aac154bbbcfdf15e1.npz", "visibility": "visibility_e80d40b08c0d4f0aac154bbbcfdf15e1.png", "pose": [[0.44833701848983765, -0.8938645720481873, 0.0, 433.55010986328125], [0.8938645720481873, 0.44833701848983765, 0.0, 1676.3175048828125], [0.0, 0.0, 1.0, 0.0], [0.0, 0.0, 0.0, 1.0]], "pose_inverse": [[0.44833701848983765, 0.8938645720481873, 0.0, -1692.7774658203125], [-0.8938645720481873, 0.44833701848983765, 0.0, -364.0201110839844], [0.0, 0.0, 1.0, 0.0], [0.0, 0.0, 0.0, 1.0]], "cam_ids": [0, 1, 2, 3, 4, 5], "cam_channels": ["CAM_FRONT_LEFT", "CAM_FRONT", "CAM_FRONT_RIGHT", "CAM_BACK_LEFT", "CAM_BACK", "CAM_BACK_RIGHT"], "token": "e80d40b08c0d4f0aac154bbbcfdf15e1", "scene": "scene-0298"}, {"images": ["samples/CAM_FRONT_LEFT/n008-2018-08-31-11-19-57-0400__CAM_FRONT_LEFT__1535729260354799.jpg", "samples/CAM_FRONT/n008-2018-08-31-11-19-57-0400__CAM_FRONT__1535729260362404.jpg", "samples/CAM_FRONT_RIGHT/n008-2018-08-31-11-19-57-0400__CAM_FRONT_RIGHT__1535729260370495.jpg", "samples/CAM_BACK_LEFT/n008-2018-08-31-11-19-57-0400__CAM_BACK_LEFT__1535729260397405.jpg", "samples/CAM_BACK/n008-2018-08-31-11-19-57-0400__CAM_BACK__1535729260387558.jpg", "samples/CAM_BACK_RIGHT/n008-2018-08-31-11-19-57-0400__CAM_BACK_RIGHT__1535729260378113.jpg"], "intrinsics": [[[1257.8625342125129, 0.0, 827.2410631095686], [0.0, 1257.8625342125129, 450.915498205774], [0.0, 0.0, 1.0]], [[1252.8131021185304, 0.0, 826.588114781398], [0.0, 1252.8131021185304, 469.9846626224581], [0.0, 0.0, 1.0]], [[1256.7485116440405, 0.0, 817.7887570959712], [0.0, 1256.7485116440403, 451.9541780095127], [0.0, 0.0, 1.0]], [[1254.9860565800168, 0.0, 829.5769333630991], [0.0, 1254.9860565800168, 467.1680561863987], [0.0, 0.0, 1.0]], [[796.8910634503094, 0.0, 857.7774326863696], [0.0, 796.8910634503094, 476.8848988407415], [0.0, 0.0, 1.0]], [[1249.9629280788233, 0.0, 825.3768045375984], [0.0, 1249.9629280788233, 462.54816385708756], [0.0, 0.0, 1.0]]], "extrinsics": [[[0.8224702477455139, -0.5687083601951599, -0.010657437145709991, -0.74658203125], [-0.005141329485923052, 0.011302848346531391, -0.9999228715896606, 1.4866676330566406], [0.5687849521636963, 0.8224616050720215, 0.006372338626533747, -1.156494140625], [0.0, 0.0, 0.0, 1.0]], [[0.01013134978711605, -0.9999228715896606, -0.007176294922828674, 0.009246826171875], [-0.003158737439662218, 0.0071446243673563, -0.999969482421875, 1.4793422222137451], [0.999943733215332, 0.010153712704777718, -0.0030861091800034046, -1.47705078125], [0.0, 0.0, 0.0, 1.0]], [[-0.8441178202629089, -0.5361477136611938, -0.0032620662823319435, 0.92333984375], [0.004873448051512241, -0.001588631421327591, -0.9999868273735046, 1.4940414428710938], [0.5361354947090149, -0.8441226482391357, 0.0039538792334496975, -1.1702880859375], [0.0, 0.0, 0.0, 1.0]], [[0.9477770328521729, 0.31857532262802124, -0.015114867128431797, -1.142578125], [-0.020495517179369926, 0.013544284738600254, -0.9996981620788574, 1.5620136260986328], [-0.31827446818351746, 0.9478007555007935, 0.019366329535841942, -0.1565704345703125], [0.0, 0.0, 0.0, 1.0]], [[0.009346596896648407, 0.9999392628669739, 0.0058524166233837605, -0.028472900390625], [-0.018364237621426582, 0.006023332942277193, -0.9998131394386292, 1.5667076110839844], [-0.9997876286506653, 0.009237408638000488, 0.01841941848397255, -0.0291748046875], [0.0, 0.0, 0.0, 1.0]], [[-0.9236856698989868, 0.38309240341186523, 0.006707177963107824, 1.0284423828125], [-0.014175641350448132, -0.016675522550940514, -0.9997604489326477, 1.5457954406738281], [-0.3828887641429901, -0.9235594868659973, 0.020833522081375122, -0.09796142578125], [0.0, 0.0, 0.0, 1.0]]], "view": [[0.0, -2.0, 100.0], [-2.0, 0.0, 100.0], [0.0, 0.0, 1.0]], "bev": "bev_a023d5553f754eebae012e88cbe79c21.png", "aux": "aux_a023d5553f754eebae012e88cbe79c21.npz", "visibility": "visibility_a023d5553f754eebae012e88cbe79c21.png", "pose": [[0.44932621717453003, -0.8933677673339844, 0.0, 435.1532897949219], [0.8933677673339844, 0.44932621717453003, 0.0, 1679.4698486328125], [0.0, 0.0, 1.0, 0.0], [0.0, 0.0, 0.0, 1.0]], "pose_inverse": [[0.44932621717453003, 0.8933677673339844, 0.0, -1695.9100341796875], [-0.8933677673339844, 0.44932621717453003, 0.0, -365.8779296875], [0.0, 0.0, 1.0, 0.0], [0.0, 0.0, 0.0, 1.0]], "cam_ids": [0, 1, 2, 3, 4, 5], "cam_channels": ["CAM_FRONT_LEFT", "CAM_FRONT", "CAM_FRONT_RIGHT", "CAM_BACK_LEFT", "CAM_BACK", "CAM_BACK_RIGHT"], "token": "a023d5553f754eebae012e88cbe79c21", "scene": "scene-0298"}, {"images": ["samples/CAM_FRONT_LEFT/n008-2018-08-31-11-19-57-0400__CAM_FRONT_LEFT__1535729260854799.jpg", "samples/CAM_FRONT/n008-2018-08-31-11-19-57-0400__CAM_FRONT__1535729260862404.jpg", "samples/CAM_FRONT_RIGHT/n008-2018-08-31-11-19-57-0400__CAM_FRONT_RIGHT__1535729260870482.jpg", "samples/CAM_BACK_LEFT/n008-2018-08-31-11-19-57-0400__CAM_BACK_LEFT__1535729260897405.jpg", "samples/CAM_BACK/n008-2018-08-31-11-19-57-0400__CAM_BACK__1535729260887558.jpg", "samples/CAM_BACK_RIGHT/n008-2018-08-31-11-19-57-0400__CAM_BACK_RIGHT__1535729260878113.jpg"], "intrinsics": [[[1257.8625342125129, 0.0, 827.2410631095686], [0.0, 1257.8625342125129, 450.915498205774], [0.0, 0.0, 1.0]], [[1252.8131021185304, 0.0, 826.588114781398], [0.0, 1252.8131021185304, 469.9846626224581], [0.0, 0.0, 1.0]], [[1256.7485116440405, 0.0, 817.7887570959712], [0.0, 1256.7485116440403, 451.9541780095127], [0.0, 0.0, 1.0]], [[1254.9860565800168, 0.0, 829.5769333630991], [0.0, 1254.9860565800168, 467.1680561863987], [0.0, 0.0, 1.0]], [[796.8910634503094, 0.0, 857.7774326863696], [0.0, 796.8910634503094, 476.8848988407415], [0.0, 0.0, 1.0]], [[1249.9629280788233, 0.0, 825.3768045375984], [0.0, 1249.9629280788233, 462.54816385708756], [0.0, 0.0, 1.0]]], "extrinsics": [[[0.8220934271812439, -0.5691924095153809, -0.013506736606359482, -0.7581787109375], [-0.0068579176440835, 0.013821830041706562, -0.9998809099197388, 1.4862160682678223], [0.5693113803863525, 0.8220882415771484, 0.007459359709173441, -1.1646728515625], [0.0, 0.0, 0.0, 1.0]], [[0.009528717957437038, -0.9999063611030579, -0.009823269210755825, 0.0093994140625], [-0.004947793669998646, 0.009776448830962181, -0.9999399781227112, 1.478935718536377], [0.9999423027038574, 0.009576721116900444, -0.004854174796491861, -1.4893798828125], [0.0, 0.0, 0.0, 1.0]], [[-0.8444169163703918, -0.5356772541999817, -0.003158825682476163, 0.9317626953125], [0.0030109367799013853, 0.001150551252067089, -0.9999947547912598, 1.493640422821045], [0.5356781482696533, -0.844421923160553, 0.0006413444061763585, -1.17547607421875], [0.0, 0.0, 0.0, 1.0]], [[0.947759211063385, 0.31857845187187195, -0.016134411096572876, -1.1434326171875], [-0.022588124498724937, 0.016573702916502953, -0.9996074438095093, 1.5620307922363281], [-0.3181859850883484, 0.947751522064209, 0.022903969511389732, -0.1562957763671875], [0.0, 0.0, 0.0, 1.0]], [[0.009614621289074421, 0.9999154806137085, 0.008748953230679035, -0.028594970703125], [-0.020403685048222542, 0.008943711407482624, -0.9997517466545105, 1.5666427612304688], [-0.9997456073760986, 0.00943372119218111, 0.02048795111477375, -0.0250244140625], [0.0, 0.0, 0.0, 1.0]], [[-0.9234977960586548, 0.3834848999977112, 0.009550272487103939, 1.0352783203125], [-0.016090843826532364, -0.013851235620677471, -0.9997745752334595, 1.5456466674804688], [-0.3832661211490631, -0.9234432578086853, 0.018962180241942406, -0.09478759765625], [0.0, 0.0, 0.0, 1.0]]], "view": [[0.0, -2.0, 100.0], [-2.0, 0.0, 100.0], [0.0, 0.0, 1.0]], "bev": "bev_d43cbbe46b7844599eddf045d261b998.png", "aux": "aux_d43cbbe46b7844599eddf045d261b998.npz", "visibility": "visibility_d43cbbe46b7844599eddf045d261b998.png", "pose": [[0.4475921094417572, -0.8942378163337708, 0.0, 436.7643737792969], [0.8942378163337708, 0.4475921094417572, 0.0, 1682.6376953125], [0.0, 0.0, 1.0, 0.0], [0.0, 0.0, 0.0, 1.0]], "pose_inverse": [[0.4475921094417572, 0.8942378163337708, 0.0, -1700.1705322265625], [-0.8942378163337708, 0.4475921094417572, 0.0, -362.5641174316406], [0.0, 0.0, 1.0, 0.0], [0.0, 0.0, 0.0, 1.0]], "cam_ids": [0, 1, 2, 3, 4, 5], "cam_channels": ["CAM_FRONT_LEFT", "CAM_FRONT", "CAM_FRONT_RIGHT", "CAM_BACK_LEFT", "CAM_BACK", "CAM_BACK_RIGHT"], "token": "d43cbbe46b7844599eddf045d261b998", "scene": "scene-0298"}, {"images": ["samples/CAM_FRONT_LEFT/n008-2018-08-31-11-19-57-0400__CAM_FRONT_LEFT__1535729261404799.jpg", "samples/CAM_FRONT/n008-2018-08-31-11-19-57-0400__CAM_FRONT__1535729261412404.jpg", "samples/CAM_FRONT_RIGHT/n008-2018-08-31-11-19-57-0400__CAM_FRONT_RIGHT__1535729261420482.jpg", "samples/CAM_BACK_LEFT/n008-2018-08-31-11-19-57-0400__CAM_BACK_LEFT__1535729261447405.jpg", "samples/CAM_BACK/n008-2018-08-31-11-19-57-0400__CAM_BACK__1535729261437558.jpg", "samples/CAM_BACK_RIGHT/n008-2018-08-31-11-19-57-0400__CAM_BACK_RIGHT__1535729261428113.jpg"], "intrinsics": [[[1257.8625342125129, 0.0, 827.2410631095686], [0.0, 1257.8625342125129, 450.915498205774], [0.0, 0.0, 1.0]], [[1252.8131021185304, 0.0, 826.588114781398], [0.0, 1252.8131021185304, 469.9846626224581], [0.0, 0.0, 1.0]], [[1256.7485116440405, 0.0, 817.7887570959712], [0.0, 1256.7485116440403, 451.9541780095127], [0.0, 0.0, 1.0]], [[1254.9860565800168, 0.0, 829.5769333630991], [0.0, 1254.9860565800168, 467.1680561863987], [0.0, 0.0, 1.0]], [[796.8910634503094, 0.0, 857.7774326863696], [0.0, 796.8910634503094, 476.8848988407415], [0.0, 0.0, 1.0]], [[1249.9629280788233, 0.0, 825.3768045375984], [0.0, 1249.9629280788233, 462.54816385708756], [0.0, 0.0, 1.0]]], "extrinsics": [[[0.8222874999046326, -0.5689021944999695, -0.013913535512983799, -0.7523193359375], [-0.008926976472139359, 0.011551217176020145, -0.9998934268951416, 1.4855422973632812], [0.5690022706985474, 0.8223241567611694, 0.004419843666255474, -1.16015625], [0.0, 0.0, 0.0, 1.0]], [[0.010169916786253452, -0.9999209642410278, -0.0073913088999688625, 0.009185791015625], [-0.007089641876518726, 0.0073194014839828014, -0.9999480843544006, 1.4783620834350586], [0.9999231100082397, 0.010221763513982296, -0.0070146434009075165, -1.4822998046875], [0.0, 0.0, 0.0, 1.0]], [[-0.8440037965774536, -0.5363373160362244, 0.00011593762610573322, 0.9271240234375], [0.0008117730030789971, -0.0014936028746888041, -0.9999985098838806, 1.4932339191436768], [0.5363366603851318, -0.8440024256706238, 0.0016959892818704247, -1.17230224609375], [0.0, 0.0, 0.0, 1.0]], [[0.9475617408752441, 0.31897494196891785, -0.019536364823579788, -1.146240234375], [-0.025050358846783638, 0.013192974962294102, -0.9995991587638855, 1.5620956420898438], [-0.31858935952186584, 0.9476712346076965, 0.020491596311330795, -0.1556854248046875], [0.0, 0.0, 0.0, 1.0]], [[0.009051612578332424, 0.9999431371688843, 0.005641499999910593, -0.028839111328125], [-0.02272673510015011, 0.0058459932915866375, -0.9997245669364929, 1.5664787292480469], [-0.9997007846832275, 0.008920971304178238, 0.022778356447815895, -0.025390625], [0.0, 0.0, 0.0, 1.0]], [[-0.923754870891571, 0.38283902406692505, 0.01054682582616806, 1.0323486328125], [-0.01833287626504898, -0.016695009544491768, -0.9996925592422485, 1.5452880859375], [-0.38254523277282715, -0.9236641526222229, 0.022440634667873383, -0.09600830078125], [0.0, 0.0, 0.0, 1.0]]], "view": [[0.0, -2.0, 100.0], [-2.0, 0.0, 100.0], [0.0, 0.0, 1.0]], "bev": "bev_c343e532bd02478585e7588a4a72269c.png", "aux": "aux_c343e532bd02478585e7588a4a72269c.npz", "visibility": "visibility_c343e532bd02478585e7588a4a72269c.png", "pose": [[0.43960097432136536, -0.8981931805610657, 0.0, 438.5455017089844], [0.8981931805610657, 0.43960097432136536, 0.0, 1686.1925048828125], [0.0, 0.0, 1.0, 0.0], [0.0, 0.0, 0.0, 1.0]], "pose_inverse": [[0.43960097432136536, 0.8981931805610657, 0.0, -1707.3116455078125], [-0.8981931805610657, 0.43960097432136536, 0.0, -347.3533020019531], [0.0, 0.0, 1.0, 0.0], [0.0, 0.0, 0.0, 1.0]], "cam_ids": [0, 1, 2, 3, 4, 5], "cam_channels": ["CAM_FRONT_LEFT", "CAM_FRONT", "CAM_FRONT_RIGHT", "CAM_BACK_LEFT", "CAM_BACK", "CAM_BACK_RIGHT"], "token": "c343e532bd02478585e7588a4a72269c", "scene": "scene-0298"}, {"images": ["samples/CAM_FRONT_LEFT/n008-2018-08-31-11-19-57-0400__CAM_FRONT_LEFT__1535729261904799.jpg", "samples/CAM_FRONT/n008-2018-08-31-11-19-57-0400__CAM_FRONT__1535729261912404.jpg", "samples/CAM_FRONT_RIGHT/n008-2018-08-31-11-19-57-0400__CAM_FRONT_RIGHT__1535729261920482.jpg", "samples/CAM_BACK_LEFT/n008-2018-08-31-11-19-57-0400__CAM_BACK_LEFT__1535729261947463.jpg", "samples/CAM_BACK/n008-2018-08-31-11-19-57-0400__CAM_BACK__1535729261937558.jpg", "samples/CAM_BACK_RIGHT/n008-2018-08-31-11-19-57-0400__CAM_BACK_RIGHT__1535729261928113.jpg"], "intrinsics": [[[1257.8625342125129, 0.0, 827.2410631095686], [0.0, 1257.8625342125129, 450.915498205774], [0.0, 0.0, 1.0]], [[1252.8131021185304, 0.0, 826.588114781398], [0.0, 1252.8131021185304, 469.9846626224581], [0.0, 0.0, 1.0]], [[1256.7485116440405, 0.0, 817.7887570959712], [0.0, 1256.7485116440403, 451.9541780095127], [0.0, 0.0, 1.0]], [[1254.9860565800168, 0.0, 829.5769333630991], [0.0, 1254.9860565800168, 467.1680561863987], [0.0, 0.0, 1.0]], [[796.8910634503094, 0.0, 857.7774326863696], [0.0, 796.8910634503094, 476.8848988407415], [0.0, 0.0, 1.0]], [[1249.9629280788233, 0.0, 825.3768045375984], [0.0, 1249.9629280788233, 462.54816385708756], [0.0, 0.0, 1.0]]], "extrinsics": [[[0.8223429322242737, -0.5688557028770447, -0.012466304004192352, -0.7525634765625], [-0.01138380914926529, 0.0054564205929636955, -0.9999203085899353, 1.4848079681396484], [0.5688783526420593, 0.8224193453788757, -0.0019886961672455072, -1.16162109375], [0.0, 0.0, 0.0, 1.0]], [[0.010116838850080967, -0.9999479055404663, -0.0013134223408997059, 0.00994873046875], [-0.00940174050629139, 0.0012183107901364565, -0.9999550580978394, 1.477804183959961], [0.9999046325683594, 0.010128723457455635, -0.00938892550766468, -1.4833984375], [0.0, 0.0, 0.0, 1.0]], [[-0.8440711498260498, -0.5362057685852051, 0.0052162883803248405, 0.9285888671875], [-0.001349611789919436, -0.007603359408676624, -0.9999701976776123, 1.492823600769043], [0.5362294316291809, -0.8440530896186829, 0.005694106686860323, -1.1728515625], [0.0, 0.0, 0.0, 1.0]], [[0.9476467967033386, 0.31849271059036255, -0.022974060848355293, -1.147216796875], [-0.026621775701642036, 0.007104415446519852, -0.9996203184127808, 1.5621337890625], [-0.31820857524871826, 0.9478986859321594, 0.0152113176882267, -0.155059814453125], [0.0, 0.0, 0.0, 1.0]], [[0.0092907240614295, 0.9999567270278931, -0.0004850184195674956, -0.028839111328125], [-0.024463284760713577, -0.00025760321295820177, -0.999700665473938, 1.5663795471191406], [-0.9996575713157654, 0.009299783036112785, 0.024459833279252052, -0.024169921875], [0.0, 0.0, 0.0, 1.0]], [[-0.9236688613891602, 0.38305842876434326, 0.010101324878633022, 1.0333251953125], [-0.020381085574626923, -0.022787058725953102, -0.9995325803756714, 1.5450401306152344], [-0.38264912366867065, -0.923443078994751, 0.028854843229055405, -0.0953369140625], [0.0, 0.0, 0.0, 1.0]]], "view": [[0.0, -2.0, 100.0], [-2.0, 0.0, 100.0], [0.0, 0.0, 1.0]], "bev": "bev_fd9039d8f7f343b085031eed86d23f63.png", "aux": "aux_fd9039d8f7f343b085031eed86d23f63.npz", "visibility": "visibility_fd9039d8f7f343b085031eed86d23f63.png", "pose": [[0.43249520659446716, -0.9016362428665161, 0.0, 440.1131591796875], [0.9016362428665161, 0.43249520659446716, 0.0, 1689.3873291015625], [0.0, 0.0, 1.0, 0.0], [0.0, 0.0, 0.0, 1.0]], "pose_inverse": [[0.43249520659446716, 0.9016362428665161, 0.0, -1713.5596923828125], [-0.9016362428665161, 0.43249520659446716, 0.0, -333.8299865722656], [0.0, 0.0, 1.0, 0.0], [0.0, 0.0, 0.0, 1.0]], "cam_ids": [0, 1, 2, 3, 4, 5], "cam_channels": ["CAM_FRONT_LEFT", "CAM_FRONT", "CAM_FRONT_RIGHT", "CAM_BACK_LEFT", "CAM_BACK", "CAM_BACK_RIGHT"], "token": "fd9039d8f7f343b085031eed86d23f63", "scene": "scene-0298"}, {"images": ["samples/CAM_FRONT_LEFT/n008-2018-08-31-11-19-57-0400__CAM_FRONT_LEFT__1535729262404799.jpg", "samples/CAM_FRONT/n008-2018-08-31-11-19-57-0400__CAM_FRONT__1535729262412404.jpg", "samples/CAM_FRONT_RIGHT/n008-2018-08-31-11-19-57-0400__CAM_FRONT_RIGHT__1535729262420482.jpg", "samples/CAM_BACK_LEFT/n008-2018-08-31-11-19-57-0400__CAM_BACK_LEFT__1535729262447405.jpg", "samples/CAM_BACK/n008-2018-08-31-11-19-57-0400__CAM_BACK__1535729262437558.jpg", "samples/CAM_BACK_RIGHT/n008-2018-08-31-11-19-57-0400__CAM_BACK_RIGHT__1535729262428113.jpg"], "intrinsics": [[[1257.8625342125129, 0.0, 827.2410631095686], [0.0, 1257.8625342125129, 450.915498205774], [0.0, 0.0, 1.0]], [[1252.8131021185304, 0.0, 826.588114781398], [0.0, 1252.8131021185304, 469.9846626224581], [0.0, 0.0, 1.0]], [[1256.7485116440405, 0.0, 817.7887570959712], [0.0, 1256.7485116440403, 451.9541780095127], [0.0, 0.0, 1.0]], [[1254.9860565800168, 0.0, 829.5769333630991], [0.0, 1254.9860565800168, 467.1680561863987], [0.0, 0.0, 1.0]], [[796.8910634503094, 0.0, 857.7774326863696], [0.0, 796.8910634503094, 476.8848988407415], [0.0, 0.0, 1.0]], [[1249.9629280788233, 0.0, 825.3768045375984], [0.0, 1249.9629280788233, 462.54816385708756], [0.0, 0.0, 1.0]]], "extrinsics": [[[0.822584331035614, -0.5685291290283203, -0.011391503736376762, -0.7537841796875], [-0.013412163592875004, 0.0006294173072092235, -0.9999098777770996, 1.4842166900634766], [0.5684850215911865, 0.8226629495620728, -0.007107458543032408, -1.16259765625], [0.0, 0.0, 0.0, 1.0]], [[0.010437875054776669, -0.9999396800994873, 0.0034305653534829617, 0.010009765625], [-0.01162518560886383, -0.003551869187504053, -0.9999261498451233, 1.4772682189941406], [0.9998779296875, 0.010397209785878658, -0.011661557480692863, -1.4852294921875], [0.0, 0.0, 0.0, 1.0]], [[-0.8439248204231262, -0.5363720059394836, 0.009795298799872398, 0.929931640625], [-0.003780192229896784, -0.01231288630515337, -0.9999170303344727, 1.4923686981201172], [0.5364481806755066, -0.8438918590545654, 0.00836355984210968, -1.173583984375], [0.0, 0.0, 0.0, 1.0]], [[0.9475467205047607, 0.3184652328491211, -0.027114862576127052, -1.1475830078125], [-0.029531197622418404, 0.0027609169483184814, -0.9995600581169128, 1.5621528625488281], [-0.31825026869773865, 0.9479305744171143, 0.012020759284496307, -0.15484619140625], [0.0, 0.0, 0.0, 1.0]], [[0.009148363023996353, 0.9999455213546753, -0.005011334549635649, -0.028778076171875], [-0.02721548266708851, -0.004760703071951866, -0.9996182322502136, 1.56622314453125], [-0.9995877742767334, 0.009281209670007229, 0.027170449495315552, -0.0233154296875], [0.0, 0.0, 0.0, 1.0]], [[-0.9237158298492432, 0.3829299211502075, 0.01065745111554861, 1.03466796875], [-0.022903762757778168, -0.027435624971985817, -0.9993611574172974, 1.5447273254394531], [-0.3823929727077484, -0.923369824886322, 0.034113261848688126, -0.0947265625], [0.0, 0.0, 0.0, 1.0]]], "view": [[0.0, -2.0, 100.0], [-2.0, 0.0, 100.0], [0.0, 0.0, 1.0]], "bev": "bev_cb288c7ff5be4d84b1d48a905ed4f73f.png", "aux": "aux_cb288c7ff5be4d84b1d48a905ed4f73f.npz", "visibility": "visibility_cb288c7ff5be4d84b1d48a905ed4f73f.png", "pose": [[0.4330241084098816, -0.901382327079773, 0.0, 441.70123291015625], [0.901382327079773, 0.4330241084098816, 0.0, 1692.6572265625], [0.0, 0.0, 1.0, 0.0], [0.0, 0.0, 0.0, 1.0]], "pose_inverse": [[0.4330241084098816, 0.901382327079773, 0.0, -1716.9986572265625], [-0.901382327079773, 0.4330241084098816, 0.0, -334.8197021484375], [0.0, 0.0, 1.0, 0.0], [0.0, 0.0, 0.0, 1.0]], "cam_ids": [0, 1, 2, 3, 4, 5], "cam_channels": ["CAM_FRONT_LEFT", "CAM_FRONT", "CAM_FRONT_RIGHT", "CAM_BACK_LEFT", "CAM_BACK", "CAM_BACK_RIGHT"], "token": "cb288c7ff5be4d84b1d48a905ed4f73f", "scene": "scene-0298"}, {"images": ["samples/CAM_FRONT_LEFT/n008-2018-08-31-11-19-57-0400__CAM_FRONT_LEFT__1535729262904799.jpg", "samples/CAM_FRONT/n008-2018-08-31-11-19-57-0400__CAM_FRONT__1535729262912404.jpg", "samples/CAM_FRONT_RIGHT/n008-2018-08-31-11-19-57-0400__CAM_FRONT_RIGHT__1535729262920482.jpg", "samples/CAM_BACK_LEFT/n008-2018-08-31-11-19-57-0400__CAM_BACK_LEFT__1535729262947405.jpg", "samples/CAM_BACK/n008-2018-08-31-11-19-57-0400__CAM_BACK__1535729262937558.jpg", "samples/CAM_BACK_RIGHT/n008-2018-08-31-11-19-57-0400__CAM_BACK_RIGHT__1535729262928113.jpg"], "intrinsics": [[[1257.8625342125129, 0.0, 827.2410631095686], [0.0, 1257.8625342125129, 450.915498205774], [0.0, 0.0, 1.0]], [[1252.8131021185304, 0.0, 826.588114781398], [0.0, 1252.8131021185304, 469.9846626224581], [0.0, 0.0, 1.0]], [[1256.7485116440405, 0.0, 817.7887570959712], [0.0, 1256.7485116440403, 451.9541780095127], [0.0, 0.0, 1.0]], [[1254.9860565800168, 0.0, 829.5769333630991], [0.0, 1254.9860565800168, 467.1680561863987], [0.0, 0.0, 1.0]], [[796.8910634503094, 0.0, 857.7774326863696], [0.0, 796.8910634503094, 476.8848988407415], [0.0, 0.0, 1.0]], [[1249.9629280788233, 0.0, 825.3768045375984], [0.0, 1249.9629280788233, 462.54816385708756], [0.0, 0.0, 1.0]]], "extrinsics": [[[0.822625994682312, -0.5684689879417419, -0.011378396302461624, -0.7691650390625], [-0.015128545463085175, -0.0018788381712511182, -0.999883770942688, 1.4839706420898438], [0.5683814883232117, 0.8227025270462036, -0.010145691223442554, -1.171875], [0.0, 0.0, 0.0, 1.0]], [[0.010585224255919456, -0.9999266266822815, 0.005884150043129921, 0.0087890625], [-0.013068456202745438, -0.006022315472364426, -0.9998964667320251, 1.477121353149414], [0.9998586177825928, 0.010507252998650074, -0.01313124317675829, -1.50146484375], [0.0, 0.0, 0.0, 1.0]], [[-0.843842625617981, -0.5364548563957214, 0.01207231730222702, 0.940185546875], [-0.00493287481367588, -0.014741755090653896, -0.9998791217803955, 1.492197036743164], [0.5365680456161499, -0.8438001871109009, 0.009793458506464958, -1.1810302734375], [0.0, 0.0, 0.0, 1.0]], [[0.9475235939025879, 0.3184041976928711, -0.028596561402082443, -1.14404296875], [-0.0303022600710392, 0.0004041365173179656, -0.9995406866073608, 1.5620460510253906], [-0.31824642419815063, 0.9479550123214722, 0.010031298734247684, -0.1560211181640625], [0.0, 0.0, 0.0, 1.0]], [[0.009079602546989918, 0.9999315142631531, -0.007389956619590521, -0.028533935546875], [-0.028082164004445076, -0.007132367230951786, -0.9995801448822021, 1.5662307739257812], [-0.9995644092559814, 0.009283325634896755, 0.028015481308102608, -0.0208740234375], [0.0, 0.0, 0.0, 1.0]], [[-0.9237443208694458, 0.3828604221343994, 0.010683269239962101, 1.0421142578125], [-0.02392246387898922, -0.029835380613803864, -0.9992685317993164, 1.544769287109375], [-0.38226160407066345, -0.9233242273330688, 0.03671923279762268, -0.09210205078125], [0.0, 0.0, 0.0, 1.0]]], "view": [[0.0, -2.0, 100.0], [-2.0, 0.0, 100.0], [0.0, 0.0, 1.0]], "bev": "bev_30bf374111894960b94ff825b97de35f.png", "aux": "aux_30bf374111894960b94ff825b97de35f.npz", "visibility": "visibility_30bf374111894960b94ff825b97de35f.png", "pose": [[0.4378108084201813, -0.8990671038627625, 0.0, 443.275390625], [0.8990671038627625, 0.4378108084201813, 0.0, 1695.846923828125], [0.0, 0.0, 1.0, 0.0], [0.0, 0.0, 0.0, 1.0]], "pose_inverse": [[0.4378108084201813, 0.8990671038627625, 0.0, -1718.7509765625], [-0.8990671038627625, 0.4378108084201813, 0.0, -343.9257507324219], [0.0, 0.0, 1.0, 0.0], [0.0, 0.0, 0.0, 1.0]], "cam_ids": [0, 1, 2, 3, 4, 5], "cam_channels": ["CAM_FRONT_LEFT", "CAM_FRONT", "CAM_FRONT_RIGHT", "CAM_BACK_LEFT", "CAM_BACK", "CAM_BACK_RIGHT"], "token": "30bf374111894960b94ff825b97de35f", "scene": "scene-0298"}, {"images": ["samples/CAM_FRONT_LEFT/n008-2018-08-31-11-19-57-0400__CAM_FRONT_LEFT__1535729263404799.jpg", "samples/CAM_FRONT/n008-2018-08-31-11-19-57-0400__CAM_FRONT__1535729263412415.jpg", "samples/CAM_FRONT_RIGHT/n008-2018-08-31-11-19-57-0400__CAM_FRONT_RIGHT__1535729263420489.jpg", "samples/CAM_BACK_LEFT/n008-2018-08-31-11-19-57-0400__CAM_BACK_LEFT__1535729263447405.jpg", "samples/CAM_BACK/n008-2018-08-31-11-19-57-0400__CAM_BACK__1535729263437558.jpg", "samples/CAM_BACK_RIGHT/n008-2018-08-31-11-19-57-0400__CAM_BACK_RIGHT__1535729263428113.jpg"], "intrinsics": [[[1257.8625342125129, 0.0, 827.2410631095686], [0.0, 1257.8625342125129, 450.915498205774], [0.0, 0.0, 1.0]], [[1252.8131021185304, 0.0, 826.588114781398], [0.0, 1252.8131021185304, 469.9846626224581], [0.0, 0.0, 1.0]], [[1256.7485116440405, 0.0, 817.7887570959712], [0.0, 1256.7485116440403, 451.9541780095127], [0.0, 0.0, 1.0]], [[1254.9860565800168, 0.0, 829.5769333630991], [0.0, 1254.9860565800168, 467.1680561863987], [0.0, 0.0, 1.0]], [[796.8910634503094, 0.0, 857.7774326863696], [0.0, 796.8910634503094, 476.8848988407415], [0.0, 0.0, 1.0]], [[1249.9629280788233, 0.0, 825.3768045375984], [0.0, 1249.9629280788233, 462.54816385708756], [0.0, 0.0, 1.0]]], "extrinsics": [[[0.822333812713623, -0.5687568187713623, -0.016818413510918617, -0.767578125], [-0.016533538699150085, 0.005661046598106623, -0.9998472929000854, 1.4835281372070312], [0.5687652230262756, 0.8224862217903137, -0.004748294595628977, -1.1712646484375], [0.0, 0.0, 0.0, 1.0]], [[0.010138330049812794, -0.9999470114707947, -0.0017979986732825637, 0.009185791015625], [-0.014395889826118946, 0.0016519473865628242, -0.9998950362205505, 1.4767704010009766], [0.9998449087142944, 0.010163144208490849, -0.014378377236425877, -1.4990234375], [0.0, 0.0, 0.0, 1.0]], [[-0.8440433740615845, -0.5362005233764648, 0.008930707350373268, 0.9383544921875], [-0.006179528310894966, -0.006927501875907183, -0.9999569058418274, 1.4919624328613281], [0.5362393260002136, -0.8440622091293335, 0.0025336449034512043, -1.17950439453125], [0.0, 0.0, 0.0, 1.0]], [[0.9475772976875305, 0.31839463114738464, -0.026873033493757248, -1.146240234375], [-0.031204642727971077, 0.00851093977689743, -0.9994767308235168, 1.5621147155761719], [-0.31799933314323425, 0.947920024394989, 0.01800016313791275, -0.155670166015625], [0.0, 0.0, 0.0, 1.0]], [[0.009359787218272686, 0.9999560713768005, 0.0006195075111463666