[{"images": ["samples/CAM_FRONT_LEFT/n008-2018-09-18-12-53-31-0400__CAM_FRONT_LEFT__1537289771504799.jpg", "samples/CAM_FRONT/n008-2018-09-18-12-53-31-0400__CAM_FRONT__1537289771512404.jpg", "samples/CAM_FRONT_RIGHT/n008-2018-09-18-12-53-31-0400__CAM_FRONT_RIGHT__1537289771520482.jpg", "samples/CAM_BACK_LEFT/n008-2018-09-18-12-53-31-0400__CAM_BACK_LEFT__1537289771547405.jpg", "samples/CAM_BACK/n008-2018-09-18-12-53-31-0400__CAM_BACK__1537289771537558.jpg", "samples/CAM_BACK_RIGHT/n008-2018-09-18-12-53-31-0400__CAM_BACK_RIGHT__1537289771528113.jpg"], "intrinsics": [[[1257.8625342125129, 0.0, 827.2410631095686], [0.0, 1257.8625342125129, 450.915498205774], [0.0, 0.0, 1.0]], [[1252.8131021185304, 0.0, 826.588114781398], [0.0, 1252.8131021185304, 469.9846626224581], [0.0, 0.0, 1.0]], [[1256.7485116440405, 0.0, 817.7887570959712], [0.0, 1256.7485116440403, 451.9541780095127], [0.0, 0.0, 1.0]], [[1254.9860565800168, 0.0, 829.5769333630991], [0.0, 1254.9860565800168, 467.1680561863987], [0.0, 0.0, 1.0]], [[796.8910634503094, 0.0, 857.7774326863696], [0.0, 796.8910634503094, 476.8848988407415], [0.0, 0.0, 1.0]], [[1249.9629280788233, 0.0, 825.3768045375984], [0.0, 1249.9629280788233, 462.54816385708756], [0.0, 0.0, 1.0]]], "extrinsics": [[[0.8228460550308228, -0.5681971311569214, -0.008739958517253399, -0.7496337890625], [0.0016742071602493525, 0.017803987488150597, -0.9998400807380676, 1.4887466430664062], [0.5682619214057922, 0.8226998448371887, 0.015601220540702343, -1.1614990234375], [0.0, 0.0, 0.0, 1.0]], [[0.010676681995391846, -0.9998521208763123, -0.013480636291205883, 0.01123046875], [0.003616834757849574, 0.013519931584596634, -0.999902069568634, 1.4810466766357422], [0.9999364018440247, 0.010626882314682007, 0.003760647727176547, -1.4793701171875], [0.0, 0.0, 0.0, 1.0]], [[-0.8438498377799988, -0.5364381670951843, -0.012307018972933292, 0.923095703125], [0.011627557687461376, 0.004649444483220577, -0.9999215602874756, 1.4953880310058594], [0.536453366279602, -0.843926727771759, 0.002314033918082714, -1.16827392578125], [0.0, 0.0, 0.0, 1.0]], [[0.9478184580802917, 0.3187378942966461, -0.006803210359066725, -1.1312255859375], [-0.013621890917420387, 0.019168570637702942, -0.999723494052887, 1.5618562698364258], [-0.31851935386657715, 0.9476490020751953, 0.022510141134262085, -0.1605682373046875], [0.0, 0.0, 0.0, 1.0]], [[0.009118903428316116, 0.9998900294303894, 0.01169681642204523, -0.029052734375], [-0.011569044552743435, 0.011802014894783497, -0.9998633861541748, 1.5670948028564453], [-0.999891459941864, 0.008982335217297077, 0.011675394140183926, -0.0379638671875], [0.0, 0.0, 0.0, 1.0]], [[-0.9238374829292297, 0.38277480006217957, 0.002760346746072173, 1.0238037109375], [-0.007393235806375742, -0.010632972232997417, -0.999916136264801, 1.5467414855957031], [-0.38271331787109375, -0.9237805008888245, 0.01265308354049921, -0.098388671875], [0.0, 0.0, 0.0, 1.0]]], "view": [[0.0, -2.0, 100.0], [-2.0, 0.0, 100.0], [0.0, 0.0, 1.0]], "bev": "bev_561d6bea37a046b3931668920b3be44d.png", "aux": "aux_561d6bea37a046b3931668920b3be44d.npz", "visibility": "visibility_561d6bea37a046b3931668920b3be44d.png", "pose": [[-0.9993756413459778, 0.0353308841586113, 0.0, 1818.53955078125], [-0.0353308841586113, -0.9993756413459778, 0.0, 871.0744018554688], [0.0, 0.0, 1.0, 0.0], [0.0, 0.0, 0.0, 1.0]], "pose_inverse": [[-0.9993756413459778, -0.0353308841586113, 0.0, 1848.1800537109375], [0.0353308841586113, -0.9993756413459778, 0.0, 806.2799682617188], [0.0, 0.0, 1.0, 0.0], [0.0, 0.0, 0.0, 1.0]], "cam_ids": [0, 1, 2, 3, 4, 5], "cam_channels": ["CAM_FRONT_LEFT", "CAM_FRONT", "CAM_FRONT_RIGHT", "CAM_BACK_LEFT", "CAM_BACK", "CAM_BACK_RIGHT"], "token": "561d6bea37a046b3931668920b3be44d", "scene": "scene-0459"}, {"images": ["samples/CAM_FRONT_LEFT/n008-2018-09-18-12-53-31-0400__CAM_FRONT_LEFT__1537289772004799.jpg", "samples/CAM_FRONT/n008-2018-09-18-12-53-31-0400__CAM_FRONT__1537289772012404.jpg", "samples/CAM_FRONT_RIGHT/n008-2018-09-18-12-53-31-0400__CAM_FRONT_RIGHT__1537289772020482.jpg", "samples/CAM_BACK_LEFT/n008-2018-09-18-12-53-31-0400__CAM_BACK_LEFT__1537289772047405.jpg", "samples/CAM_BACK/n008-2018-09-18-12-53-31-0400__CAM_BACK__1537289772037558.jpg", "samples/CAM_BACK_RIGHT/n008-2018-09-18-12-53-31-0400__CAM_BACK_RIGHT__1537289772028113.jpg"], "intrinsics": [[[1257.8625342125129, 0.0, 827.2410631095686], [0.0, 1257.8625342125129, 450.915498205774], [0.0, 0.0, 1.0]], [[1252.8131021185304, 0.0, 826.588114781398], [0.0, 1252.8131021185304, 469.9846626224581], [0.0, 0.0, 1.0]], [[1256.7485116440405, 0.0, 817.7887570959712], [0.0, 1256.7485116440403, 451.9541780095127], [0.0, 0.0, 1.0]], [[1254.9860565800168, 0.0, 829.5769333630991], [0.0, 1254.9860565800168, 467.1680561863987], [0.0, 0.0, 1.0]], [[796.8910634503094, 0.0, 857.7774326863696], [0.0, 796.8910634503094, 476.8848988407415], [0.0, 0.0, 1.0]], [[1249.9629280788233, 0.0, 825.3768045375984], [0.0, 1249.9629280788233, 462.54816385708756], [0.0, 0.0, 1.0]]], "extrinsics": [[[0.8224273920059204, -0.568827211856842, -0.006988718640059233, -0.722900390625], [0.0043372102081775665, 0.018554827198386192, -0.9998184442520142, 1.4896163940429688], [0.5688536167144775, 0.8222478032112122, 0.017727121710777283, -1.147705078125], [0.0, 0.0, 0.0, 1.0]], [[0.010191328823566437, -0.999849259853363, -0.014055425301194191, 0.01434326171875], [0.00654413178563118, 0.01412254385650158, -0.9998788833618164, 1.481893539428711], [0.9999266266822815, 0.010098115541040897, 0.006687073037028313, -1.45751953125], [0.0, 0.0, 0.0, 1.0]], [[-0.8439465761184692, -0.536210298538208, -0.015254893340170383, 0.9129638671875], [0.014835353009402752, 0.005096451845020056, -0.9998769760131836, 1.4962177276611328], [0.5362220406532288, -0.8440691828727722, 0.0036537358537316322, -1.15924072265625], [0.0, 0.0, 0.0, 1.0]], [[0.9478633403778076, 0.318665087223053, -0.002768793608993292, -1.126708984375], [-0.009496158920228481, 0.019559478387236595, -0.999763548374176, 1.5618598461151123], [-0.3185356557369232, 0.9476655721664429, 0.02156580612063408, -0.162322998046875], [0.0, 0.0, 0.0, 1.0]], [[0.00914529524743557, 0.9998850226402283, 0.012092240154743195, -0.0299072265625], [-0.007543605752289295, 0.01216138806194067, -0.9998975992202759, 1.5673699378967285], [-0.9999297261238098, 0.009053141809999943, 0.007653958164155483, -0.044189453125], [0.0, 0.0, 0.0, 1.0]], [[-0.9237905740737915, 0.38289788365364075, -0.0003013340465258807, 1.0150146484375], [-0.003921871539205313, -0.010248958133161068, -0.9999397397041321, 1.547231674194336], [-0.3828778564929962, -0.9237338304519653, 0.01096956804394722, -0.1005859375], [0.0, 0.0, 0.0, 1.0]]], "view": [[0.0, -2.0, 100.0], [-2.0, 0.0, 100.0], [0.0, 0.0, 1.0]], "bev": "bev_8b4933a95d8448cfa624ce25f5651253.png", "aux": "aux_8b4933a95d8448cfa624ce25f5651253.npz", "visibility": "visibility_8b4933a95d8448cfa624ce25f5651253.png", "pose": [[-0.9993749260902405, 0.03535250201821327, 0.0, 1814.8565673828125], [-0.03535250201821327, -0.9993749260902405, 0.0, 870.9876098632812], [0.0, 0.0, 1.0, 0.0], [0.0, 0.0, 0.0, 1.0]], "pose_inverse": [[-0.9993749260902405, -0.03535250201821327, 0.0, 1844.513671875], [0.03535250201821327, -0.9993749260902405, 0.0, 806.283447265625], [0.0, 0.0, 1.0, 0.0], [0.0, 0.0, 0.0, 1.0]], "cam_ids": [0, 1, 2, 3, 4, 5], "cam_channels": ["CAM_FRONT_LEFT", "CAM_FRONT", "CAM_FRONT_RIGHT", "CAM_BACK_LEFT", "CAM_BACK", "CAM_BACK_RIGHT"], "token": "8b4933a95d8448cfa624ce25f5651253", "scene": "scene-0459"}, {"images": ["samples/CAM_FRONT_LEFT/n008-2018-09-18-12-53-31-0400__CAM_FRONT_LEFT__1537289772504799.jpg", "samples/CAM_FRONT/n008-2018-09-18-12-53-31-0400__CAM_FRONT__1537289772512404.jpg", "samples/CAM_FRONT_RIGHT/n008-2018-09-18-12-53-31-0400__CAM_FRONT_RIGHT__1537289772520482.jpg", "samples/CAM_BACK_LEFT/n008-2018-09-18-12-53-31-0400__CAM_BACK_LEFT__1537289772547405.jpg", "samples/CAM_BACK/n008-2018-09-18-12-53-31-0400__CAM_BACK__1537289772537558.jpg", "samples/CAM_BACK_RIGHT/n008-2018-09-18-12-53-31-0400__CAM_BACK_RIGHT__1537289772528113.jpg"], "intrinsics": [[[1257.8625342125129, 0.0, 827.2410631095686], [0.0, 1257.8625342125129, 450.915498205774], [0.0, 0.0, 1.0]], [[1252.8131021185304, 0.0, 826.588114781398], [0.0, 1252.8131021185304, 469.9846626224581], [0.0, 0.0, 1.0]], [[1256.7485116440405, 0.0, 817.7887570959712], [0.0, 1256.7485116440403, 451.9541780095127], [0.0, 0.0, 1.0]], [[1254.9860565800168, 0.0, 829.5769333630991], [0.0, 1254.9860565800168, 467.1680561863987], [0.0, 0.0, 1.0]], [[796.8910634503094, 0.0, 857.7774326863696], [0.0, 796.8910634503094, 476.8848988407415], [0.0, 0.0, 1.0]], [[1249.9629280788233, 0.0, 825.3768045375984], [0.0, 1249.9629280788233, 462.54816385708756], [0.0, 0.0, 1.0]]], "extrinsics": [[[0.8230215311050415, -0.5679764747619629, -0.006183977238833904, -0.740478515625], [0.010081249289214611, 0.02549179270863533, -0.9996241331100464, 1.4914398193359375], [0.5679206848144531, 0.8226499557495117, 0.026706205680966377, -1.1544189453125], [0.0, 0.0, 0.0, 1.0]], [[0.011001665145158768, -0.9997202157974243, -0.020938439294695854, 0.0108642578125], [0.011940409429371357, 0.021069558337330818, -0.9997066855430603, 1.4832725524902344], [0.9998681545257568, 0.010748430155217648, 0.012168869376182556, -1.4698486328125], [0.0, 0.0, 0.0, 1.0]], [[-0.8436155319213867, -0.5364450812339783, -0.02323145605623722, 0.916748046875], [0.019866764545440674, 0.012052073143422604, -0.9997299909591675, 1.4971694946289062], [0.5365802049636841, -0.843849241733551, 0.0004901110660284758, -1.1644287109375], [0.0, 0.0, 0.0, 1.0]], [[0.9478594064712524, 0.31868070363998413, 0.0022570230066776276, -1.1279296875], [-0.006529737263917923, 0.026501303538680077, -0.9996274709701538, 1.5619287490844727], [-0.3186218738555908, 0.9474915266036987, 0.02720041386783123, -0.161590576171875], [0.0, 0.0, 0.0, 1.0]], [[0.008939214050769806, 0.999778151512146, 0.019074251875281334, -0.029052734375], [-0.0038523816037923098, 0.019109303131699562, -0.9998099207878113, 1.5677108764648438], [-0.9999527335166931, 0.008864035829901695, 0.004022348206490278, -0.0421142578125], [0.0, 0.0, 0.0, 1.0]], [[-0.9238888025283813, 0.3826562464237213, -0.0019164003897458315, 1.0184326171875], [0.0006976574659347534, -0.0033236925955861807, -0.9999942183494568, 1.5479236841201782], [-0.3826603889465332, -0.9238847494125366, 0.00280376011505723, -0.10107421875], [0.0, 0.0, 0.0, 1.0]]], "view": [[0.0, -2.0, 100.0], [-2.0, 0.0, 100.0], [0.0, 0.0, 1.0]], "bev": "bev_d90e838c4fd145d38d27063ad91fc13b.png", "aux": "aux_d90e838c4fd145d38d27063ad91fc13b.npz", "visibility": "visibility_d90e838c4fd145d38d27063ad91fc13b.png", "pose": [[-0.9993787407875061, 0.0352439321577549, 0.0, 1811.2806396484375], [-0.0352439321577549, -0.9993787407875061, 0.0, 870.8959350585938], [0.0, 0.0, 1.0, 0.0], [0.0, 0.0, 0.0, 1.0]], "pose_inverse": [[-0.9993787407875061, -0.0352439321577549, 0.0, 1840.84912109375], [0.0352439321577549, -0.9993787407875061, 0.0, 806.5182495117188], [0.0, 0.0, 1.0, 0.0], [0.0, 0.0, 0.0, 1.0]], "cam_ids": [0, 1, 2, 3, 4, 5], "cam_channels": ["CAM_FRONT_LEFT", "CAM_FRONT", "CAM_FRONT_RIGHT", "CAM_BACK_LEFT", "CAM_BACK", "CAM_BACK_RIGHT"], "token": "d90e838c4fd145d38d27063ad91fc13b", "scene": "scene-0459"}, {"images": ["samples/CAM_FRONT_LEFT/n008-2018-09-18-12-53-31-0400__CAM_FRONT_LEFT__1537289773004799.jpg", "samples/CAM_FRONT/n008-2018-09-18-12-53-31-0400__CAM_FRONT__1537289773012404.jpg", "samples/CAM_FRONT_RIGHT/n008-2018-09-18-12-53-31-0400__CAM_FRONT_RIGHT__1537289773020482.jpg", "samples/CAM_BACK_LEFT/n008-2018-09-18-12-53-31-0400__CAM_BACK_LEFT__1537289773047405.jpg", "samples/CAM_BACK/n008-2018-09-18-12-53-31-0400__CAM_BACK__1537289773037558.jpg", "samples/CAM_BACK_RIGHT/n008-2018-09-18-12-53-31-0400__CAM_BACK_RIGHT__1537289773028113.jpg"], "intrinsics": [[[1257.8625342125129, 0.0, 827.2410631095686], [0.0, 1257.8625342125129, 450.915498205774], [0.0, 0.0, 1.0]], [[1252.8131021185304, 0.0, 826.588114781398], [0.0, 1252.8131021185304, 469.9846626224581], [0.0, 0.0, 1.0]], [[1256.7485116440405, 0.0, 817.7887570959712], [0.0, 1256.7485116440403, 451.9541780095127], [0.0, 0.0, 1.0]], [[1254.9860565800168, 0.0, 829.5769333630991], [0.0, 1254.9860565800168, 467.1680561863987], [0.0, 0.0, 1.0]], [[796.8910634503094, 0.0, 857.7774326863696], [0.0, 796.8910634503094, 476.8848988407415], [0.0, 0.0, 1.0]], [[1249.9629280788233, 0.0, 825.3768045375984], [0.0, 1249.9629280788233, 462.54816385708756], [0.0, 0.0, 1.0]]], "extrinsics": [[[0.8227363228797913, -0.5682005882263184, -0.015908053144812584, -0.74462890625], [0.005032938905060291, 0.03526701405644417, -0.9993652701377869, 1.4897270202636719], [0.5684009790420532, 0.8221340775489807, 0.03187517076730728, -1.15869140625], [0.0, 0.0, 0.0, 1.0]], [[0.010614038445055485, -0.9994686841964722, -0.03081902116537094, 0.0115966796875], [0.00688261678442359, 0.030893048271536827, -0.9994990229606628, 1.481842041015625], [0.9999199509620667, 0.010396604426205158, 0.007206860929727554, -1.4754638671875], [0.0, 0.0, 0.0, 1.0]], [[-0.8437889218330383, -0.5361257791519165, -0.0242757610976696, 0.9215087890625], [0.014828843995928764, 0.02192552573978901, -0.9996495842933655, 1.4960136413574219], [0.5364702343940735, -0.8438533544540405, -0.010550392791628838, -1.167083740234375], [0.0, 0.0, 0.0, 1.0]], [[0.9478579163551331, 0.3186895549297333, 0.0015404100995510817, -1.1292724609375], [-0.010586807504296303, 0.03631778061389923, -0.9992842078208923, 1.5618696212768555], [-0.31851741671562195, 0.9471631646156311, 0.037797994911670685, -0.1613311767578125], [0.0, 0.0, 0.0, 1.0]], [[0.009043775498867035, 0.999541163444519, 0.028910500928759575, -0.029296875], [-0.008493361063301563, 0.028987426310777664, -0.9995436668395996, 1.5673179626464844], [-0.9999231100082397, 0.008794103749096394, 0.00875161960721016, -0.0390625], [0.0, 0.0, 0.0, 1.0]], [[-0.9238672852516174, 0.3826597034931183, 0.006374830845743418, 1.0224609375], [-0.004172844346612692, 0.006584133952856064, -0.9999696016311646, 1.5471789836883545], [-0.3826900124549866, -0.9238659143447876, -0.0044860877096652985, -0.098876953125], [0.0, 0.0, 0.0, 1.0]]], "view": [[0.0, -2.0, 100.0], [-2.0, 0.0, 100.0], [0.0, 0.0, 1.0]], "bev": "bev_51a4f957444e4088b60bd82ad75ef663.png", "aux": "aux_51a4f957444e4088b60bd82ad75ef663.npz", "visibility": "visibility_51a4f957444e4088b60bd82ad75ef663.png", "pose": [[-0.99937504529953, 0.03534902632236481, 0.0, 1807.7723388671875], [-0.03534902632236481, -0.99937504529953, 0.0, 870.8037109375], [0.0, 0.0, 1.0, 0.0], [0.0, 0.0, 0.0, 1.0]], "pose_inverse": [[-0.99937504529953, -0.03534902632236481, 0.0, 1837.424560546875], [0.03534902632236481, -0.99937504529953, 0.0, 806.3565063476562], [0.0, 0.0, 1.0, 0.0], [0.0, 0.0, 0.0, 1.0]], "cam_ids": [0, 1, 2, 3, 4, 5], "cam_channels": ["CAM_FRONT_LEFT", "CAM_FRONT", "CAM_FRONT_RIGHT", "CAM_BACK_LEFT", "CAM_BACK", "CAM_BACK_RIGHT"], "token": "51a4f957444e4088b60bd82ad75ef663", "scene": "scene-0459"}, {"images": ["samples/CAM_FRONT_LEFT/n008-2018-09-18-12-53-31-0400__CAM_FRONT_LEFT__1537289773504799.jpg", "samples/CAM_FRONT/n008-2018-09-18-12-53-31-0400__CAM_FRONT__1537289773512404.jpg", "samples/CAM_FRONT_RIGHT/n008-2018-09-18-12-53-31-0400__CAM_FRONT_RIGHT__1537289773520482.jpg", "samples/CAM_BACK_LEFT/n008-2018-09-18-12-53-31-0400__CAM_BACK_LEFT__1537289773547405.jpg", "samples/CAM_BACK/n008-2018-09-18-12-53-31-0400__CAM_BACK__1537289773537558.jpg", "samples/CAM_BACK_RIGHT/n008-2018-09-18-12-53-31-0400__CAM_BACK_RIGHT__1537289773528113.jpg"], "intrinsics": [[[1257.8625342125129, 0.0, 827.2410631095686], [0.0, 1257.8625342125129, 450.915498205774], [0.0, 0.0, 1.0]], [[1252.8131021185304, 0.0, 826.588114781398], [0.0, 1252.8131021185304, 469.9846626224581], [0.0, 0.0, 1.0]], [[1256.7485116440405, 0.0, 817.7887570959712], [0.0, 1256.7485116440403, 451.9541780095127], [0.0, 0.0, 1.0]], [[1254.9860565800168, 0.0, 829.5769333630991], [0.0, 1254.9860565800168, 467.1680561863987], [0.0, 0.0, 1.0]], [[796.8910634503094, 0.0, 857.7774326863696], [0.0, 796.8910634503094, 476.8848988407415], [0.0, 0.0, 1.0]], [[1249.9629280788233, 0.0, 825.3768045375984], [0.0, 1249.9629280788233, 462.54816385708756], [0.0, 0.0, 1.0]]], "extrinsics": [[[0.8227196335792542, -0.5681554675102234, -0.018216732889413834, -0.7354736328125], [0.0012813278008252382, 0.03389991447329521, -0.999424397945404, 1.4886150360107422], [0.5684460401535034, 0.8222227692604065, 0.028618117794394493, -1.150634765625], [0.0, 0.0, 0.0, 1.0]], [[0.010419248603284359, -0.9995043277740479, -0.02970881015062332, 0.01068115234375], [0.0032494321931153536, 0.029744111001491547, -0.9995522499084473, 1.4809761047363281], [0.9999404549598694, 0.010318050161004066, 0.0035577332600951195, -1.46337890625], [0.0, 0.0, 0.0, 1.0]], [[-0.844010055065155, -0.5359242558479309, -0.020788170397281647, 0.911376953125], [0.011283482424914837, 0.02100835181772709, -0.9997155666351318, 1.4954452514648438], [0.5362085700035095, -0.8440046906471252, -0.011684168130159378, -1.161376953125], [0.0, 0.0, 0.0, 1.0]], [[0.9478503465652466, 0.3187103867530823, -0.001847457722760737, -1.12890625], [-0.014083216898143291, 0.03609142079949379, -0.9992492198944092, 1.5618152618408203], [-0.3184044361114502, 0.9471647143363953, 0.0386977344751358, -0.16119384765625], [0.0, 0.0, 0.0, 1.0]], [[0.009259426966309547, 0.9995520114898682, 0.028462423011660576, -0.02880859375], [-0.011869220063090324, 0.02857149764895439, -0.9995212554931641, 1.566990852355957], [-0.9998867511749268, 0.008917166851460934, 0.012128460220992565, -0.0439453125], [0.0, 0.0, 0.0, 1.0]], [[-0.9237404465675354, 0.38290348649024963, 0.009411684237420559, 1.0140380859375], [-0.007741834968328476, 0.005901726894080639, -0.9999526143074036, 1.5465788841247559], [-0.3829408288002014, -0.9237695336341858, -0.002487288322299719, -0.10302734375], [0.0, 0.0, 0.0, 1.0]]], "view": [[0.0, -2.0, 100.0], [-2.0, 0.0, 100.0], [0.0, 0.0, 1.0]], "bev": "bev_332058f002334aa9a8a00eb774c96567.png", "aux": "aux_332058f002334aa9a8a00eb774c96567.npz", "visibility": "visibility_332058f002334aa9a8a00eb774c96567.png", "pose": [[-0.999459445476532, 0.03287609666585922, 0.0, 1804.287109375], [-0.03287609666585922, -0.999459445476532, 0.0, 870.7103881835938], [0.0, 0.0, 1.0, 0.0], [0.0, 0.0, 0.0, 1.0]], "pose_inverse": [[-0.999459445476532, -0.03287609666585922, 0.0, 1831.9373779296875], [0.03287609666585922, -0.999459445476532, 0.0, 810.9218139648438], [0.0, 0.0, 1.0, 0.0], [0.0, 0.0, 0.0, 1.0]], "cam_ids": [0, 1, 2, 3, 4, 5], "cam_channels": ["CAM_FRONT_LEFT", "CAM_FRONT", "CAM_FRONT_RIGHT", "CAM_BACK_LEFT", "CAM_BACK", "CAM_BACK_RIGHT"], "token": "332058f002334aa9a8a00eb774c96567", "scene": "scene-0459"}, {"images": ["samples/CAM_FRONT_LEFT/n008-2018-09-18-12-53-31-0400__CAM_FRONT_LEFT__1537289774004799.jpg", "samples/CAM_FRONT/n008-2018-09-18-12-53-31-0400__CAM_FRONT__1537289774012404.jpg", "samples/CAM_FRONT_RIGHT/n008-2018-09-18-12-53-31-0400__CAM_FRONT_RIGHT__1537289774020482.jpg", "samples/CAM_BACK_LEFT/n008-2018-09-18-12-53-31-0400__CAM_BACK_LEFT__1537289774047405.jpg", "samples/CAM_BACK/n008-2018-09-18-12-53-31-0400__CAM_BACK__1537289774037562.jpg", "samples/CAM_BACK_RIGHT/n008-2018-09-18-12-53-31-0400__CAM_BACK_RIGHT__1537289774028113.jpg"], "intrinsics": [[[1257.8625342125129, 0.0, 827.2410631095686], [0.0, 1257.8625342125129, 450.915498205774], [0.0, 0.0, 1.0]], [[1252.8131021185304, 0.0, 826.588114781398], [0.0, 1252.8131021185304, 469.9846626224581], [0.0, 0.0, 1.0]], [[1256.7485116440405, 0.0, 817.7887570959712], [0.0, 1256.7485116440403, 451.9541780095127], [0.0, 0.0, 1.0]], [[1254.9860565800168, 0.0, 829.5769333630991], [0.0, 1254.9860565800168, 467.1680561863987], [0.0, 0.0, 1.0]], [[796.8910634503094, 0.0, 857.7774326863696], [0.0, 796.8910634503094, 476.8848988407415], [0.0, 0.0, 1.0]], [[1249.9629280788233, 0.0, 825.3768045375984], [0.0, 1249.9629280788233, 462.54816385708756], [0.0, 0.0, 1.0]]], "extrinsics": [[[0.8225442171096802, -0.5684806704521179, -0.015832962468266487, -0.74169921875], [0.002225876785814762, 0.03105851821601391, -0.9995150566101074, 1.4888839721679688], [0.5686968564987183, 0.8221101760864258, 0.026812370866537094, -1.156005859375], [0.0, 0.0, 0.0, 1.0]], [[0.01022981759160757, -0.9995883703231812, -0.02680417150259018, 0.01104736328125], [0.0041493019089102745, 0.026847776025533676, -0.9996309280395508, 1.4811782836914062], [0.9999390840530396, 0.010114820674061775, 0.004422241356223822, -1.4716796875], [0.0, 0.0, 0.0, 1.0]], [[-0.8440384864807129, -0.5359123349189758, -0.019926486536860466, 0.918701171875], [0.012139985337853432, 0.01805362105369568, -0.9997633099555969, 1.4955177307128906], [0.5361452102661133, -0.8440805673599243, -0.008731985464692116, -1.165679931640625], [0.0, 0.0, 0.0, 1.0]], [[0.9478603005409241, 0.31868037581443787, -0.0018853582441806793, -1.13037109375], [-0.013059302233159542, 0.03293023630976677, -0.9993723630905151, 1.5618515014648438], [-0.3184182941913605, 0.9472900032997131, 0.03537501022219658, -0.1607666015625], [0.0, 0.0, 0.0, 1.0]], [[0.00925891101360321, 0.9996351599693298, 0.02537386305630207, -0.02899169921875], [-0.010889464989304543, 0.025474241003394127, -0.9996161460876465, 1.5671238899230957], [-0.9998977780342102, 0.008979045785963535, 0.011121355928480625, -0.039794921875], [0.0, 0.0, 0.0, 1.0]], [[-0.9237353205680847, 0.3829587996006012, 0.007448690012097359, 1.0206298828125], [-0.00686808954924345, 0.002883301815018058, -0.9999722838401794, 1.546769142150879], [-0.38296961784362793, -0.9237608313560486, -3.321228359709494e-05, -0.10009765625], [0.0, 0.0, 0.0, 1.0]]], "view": [[0.0, -2.0, 100.0], [-2.0, 0.0, 100.0], [0.0, 0.0, 1.0]], "bev": "bev_9825688d9bd746669eafbf6ce3d9a220.png", "aux": "aux_9825688d9bd746669eafbf6ce3d9a220.npz", "visibility": "visibility_9825688d9bd746669eafbf6ce3d9a220.png", "pose": [[-0.9995170831680298, 0.031073935329914093, 0.0, 1800.6602783203125], [-0.031073935329914093, -0.9995170831680298, 0.0, 870.6272583007812], [0.0, 0.0, 1.0, 0.0], [0.0, 0.0, 0.0, 1.0]], "pose_inverse": [[-0.9995170831680298, -0.031073935329914093, 0.0, 1826.844482421875], [0.031073935329914093, -0.9995170831680298, 0.0, 814.2532348632812], [0.0, 0.0, 1.0, 0.0], [0.0, 0.0, 0.0, 1.0]], "cam_ids": [0, 1, 2, 3, 4, 5], "cam_channels": ["CAM_FRONT_LEFT", "CAM_FRONT", "CAM_FRONT_RIGHT", "CAM_BACK_LEFT", "CAM_BACK", "CAM_BACK_RIGHT"], "token": "9825688d9bd746669eafbf6ce3d9a220", "scene": "scene-0459"}, {"images": ["samples/CAM_FRONT_LEFT/n008-2018-09-18-12-53-31-0400__CAM_FRONT_LEFT__1537289774504799.jpg", "samples/CAM_FRONT/n008-2018-09-18-12-53-31-0400__CAM_FRONT__1537289774512404.jpg", "samples/CAM_FRONT_RIGHT/n008-2018-09-18-12-53-31-0400__CAM_FRONT_RIGHT__1537289774520482.jpg", "samples/CAM_BACK_LEFT/n008-2018-09-18-12-53-31-0400__CAM_BACK_LEFT__1537289774547743.jpg", "samples/CAM_BACK/n008-2018-09-18-12-53-31-0400__CAM_BACK__1537289774537558.jpg", "samples/CAM_BACK_RIGHT/n008-2018-09-18-12-53-31-0400__CAM_BACK_RIGHT__1537289774528446.jpg"], "intrinsics": [[[1257.8625342125129, 0.0, 827.2410631095686], [0.0, 1257.8625342125129, 450.915498205774], [0.0, 0.0, 1.0]], [[1252.8131021185304, 0.0, 826.588114781398], [0.0, 1252.8131021185304, 469.9846626224581], [0.0, 0.0, 1.0]], [[1256.7485116440405, 0.0, 817.7887570959712], [0.0, 1256.7485116440403, 451.9541780095127], [0.0, 0.0, 1.0]], [[1254.9860565800168, 0.0, 829.5769333630991], [0.0, 1254.9860565800168, 467.1680561863987], [0.0, 0.0, 1.0]], [[796.8910634503094, 0.0, 857.7774326863696], [0.0, 796.8910634503094, 476.8848988407415], [0.0, 0.0, 1.0]], [[1249.9629280788233, 0.0, 825.3768045375984], [0.0, 1249.9629280788233, 462.54816385708756], [0.0, 0.0, 1.0]]], "extrinsics": [[[0.822637677192688, -0.5684118270874023, -0.013235462829470634, -0.7474365234375], [0.002825408708304167, 0.027365267276763916, -0.9996215105056763, 1.4890575408935547], [0.5685588717460632, 0.8222889304161072, 0.024117697030305862, -1.160400390625], [0.0, 0.0, 0.0, 1.0]], [[0.010340653359889984, -0.9996788501739502, -0.02313379757106304, 0.01116943359375], [0.004778198432177305, 0.023184170946478844, -0.9997197985649109, 1.4813175201416016], [0.9999351501464844, 0.010227212682366371, 0.005016403738409281, -1.4779052734375], [0.0, 0.0, 0.0, 1.0]], [[-0.8440055251121521, -0.5360140800476074, -0.018534744158387184, 0.9229736328125], [0.01279758382588625, 0.014421386644244194, -0.9998140931129456, 1.4956016540527344], [0.5361817479133606, -0.8440858125686646, -0.005312045570462942, -1.16851806640625], [0.0, 0.0, 0.0, 1.0]], [[0.9478651285171509, 0.3186631202697754, -0.0023143747821450233, -1.1302490234375], [-0.012229187414050102, 0.029116643592715263, -0.9995012283325195, 1.5618640184402466], [-0.31843680143356323, 0.9474207758903503, 0.03149564564228058, -0.1608428955078125], [0.0, 0.0, 0.0, 1.0]], [[0.009245260618627071, 0.9997217059135437, 0.021703755483031273, -0.02886962890625], [-0.010409974493086338, 0.021799730136990547, -0.9997081160545349, 1.5671755075454712], [-0.9999030828475952, 0.009016626514494419, 0.010608621872961521, -0.0391845703125], [0.0, 0.0, 0.0, 1.0]], [[-0.9237450361251831, 0.3829692602157593, 0.00544649176299572, 1.025634765625], [-0.006204279605299234, -0.0007436302839778364, -0.9999804496765137, 1.5469121932983398], [-0.38295769691467285, -0.9237607717514038, 0.003062972566112876, -0.0980224609375], [0.0, 0.0, 0.0, 1.0]]], "view": [[0.0, -2.0, 100.0], [-2.0, 0.0, 100.0], [0.0, 0.0, 1.0]], "bev": "bev_eebe1130e4364f9a89b86a7825042ea1.png", "aux": "aux_eebe1130e4364f9a89b86a7825042ea1.npz", "visibility": "visibility_eebe1130e4364f9a89b86a7825042ea1.png", "pose": [[-0.9995703101158142, 0.029312502592802048, 0.0, 1797.029296875], [-0.029312502592802048, -0.9995703101158142, 0.0, 870.5520629882812], [0.0, 0.0, 1.0, 0.0], [0.0, 0.0, 0.0, 1.0]], "pose_inverse": [[-0.9995703101158142, -0.029312502592802048, 0.0, 1821.775146484375], [0.029312502592802048, -0.9995703101158142, 0.0, 817.5025634765625], [0.0, 0.0, 1.0, 0.0], [0.0, 0.0, 0.0, 1.0]], "cam_ids": [0, 1, 2, 3, 4, 5], "cam_channels": ["CAM_FRONT_LEFT", "CAM_FRONT", "CAM_FRONT_RIGHT", "CAM_BACK_LEFT", "CAM_BACK", "CAM_BACK_RIGHT"], "token": "eebe1130e4364f9a89b86a7825042ea1", "scene": "scene-0459"}, {"images": ["samples/CAM_FRONT_LEFT/n008-2018-09-18-12-53-31-0400__CAM_FRONT_LEFT__1537289775004799.jpg", "samples/CAM_FRONT/n008-2018-09-18-12-53-31-0400__CAM_FRONT__1537289775012404.jpg", "samples/CAM_FRONT_RIGHT/n008-2018-09-18-12-53-31-0400__CAM_FRONT_RIGHT__1537289775020482.jpg", "samples/CAM_BACK_LEFT/n008-2018-09-18-12-53-31-0400__CAM_BACK_LEFT__1537289775047405.jpg", "samples/CAM_BACK/n008-2018-09-18-12-53-31-0400__CAM_BACK__1537289775037558.jpg", "samples/CAM_BACK_RIGHT/n008-2018-09-18-12-53-31-0400__CAM_BACK_RIGHT__1537289775028113.jpg"], "intrinsics": [[[1257.8625342125129, 0.0, 827.2410631095686], [0.0, 1257.8625342125129, 450.915498205774], [0.0, 0.0, 1.0]], [[1252.8131021185304, 0.0, 826.588114781398], [0.0, 1252.8131021185304, 469.9846626224581], [0.0, 0.0, 1.0]], [[1256.7485116440405, 0.0, 817.7887570959712], [0.0, 1256.7485116440403, 451.9541780095127], [0.0, 0.0, 1.0]], [[1254.9860565800168, 0.0, 829.5769333630991], [0.0, 1254.9860565800168, 467.1680561863987], [0.0, 0.0, 1.0]], [[796.8910634503094, 0.0, 857.7774326863696], [0.0, 796.8910634503094, 476.8848988407415], [0.0, 0.0, 1.0]], [[1249.9629280788233, 0.0, 825.3768045375984], [0.0, 1249.9629280788233, 462.54816385708756], [0.0, 0.0, 1.0]]], "extrinsics": [[[0.822391927242279, -0.5687425136566162, -0.01426808349788189, -0.7418212890625], [0.004331069998443127, 0.03133716806769371, -0.999499499797821, 1.489532470703125], [0.5689049959182739, 0.8219184875488281, 0.0282346960157156, -1.15673828125], [0.0, 0.0, 0.0, 1.0]], [[0.010040436871349812, -0.9995750188827515, -0.027368633076548576, 0.01153564453125], [0.006363017950206995, 0.027433326467871666, -0.9996033906936646, 1.4817390441894531], [0.9999294281005859, 0.009862300008535385, 0.006635755300521851, -1.47216796875], [0.0, 0.0, 0.0, 1.0]], [[-0.8440807461738586, -0.535749077796936, -0.022377651184797287, 0.9185791015625], [0.014466756954789162, 0.018964428454637527, -0.9997155070304871, 1.4959945678710938], [0.5360209941864014, -0.8441643118858337, -0.008256958797574043, -1.165283203125], [0.0, 0.0, 0.0, 1.0]], [[0.9478728771209717, 0.3186475932598114, 0.0008685222710482776, -1.1282958984375], [-0.010761291719973087, 0.03473518416285515, -0.9993386268615723, 1.5618600845336914], [-0.31846705079078674, 0.9472365379333496, 0.03635359928011894, -0.161529541015625], [0.0, 0.0, 0.0, 1.0]], [[0.009282829239964485, 0.9995939135551453, 0.026941614225506783, -0.02899169921875], [-0.008594617247581482, 0.027021540328860283, -0.9995978474617004, 1.567298412322998], [-0.9999200105667114, 0.009047542698681355, 0.008841963484883308, -0.041259765625], [0.0, 0.0, 0.0, 1.0]], [[-0.9237039685249329, 0.383063942193985, 0.005752100609242916, 1.0198974609375], [-0.0045258160680532455, 0.004102394916117191, -0.9999813437461853, 1.5471177101135254], [-0.383080393075943, -0.9237127304077148, -0.002055720193311572, -0.10009765625], [0.0, 0.0, 0.0, 1.0]]], "view": [[0.0, -2.0, 100.0], [-2.0, 0.0, 100.0], [0.0, 0.0, 1.0]], "bev": "bev_98bc2999a93d463d8a15a11670486a69.png", "aux": "aux_98bc2999a93d463d8a15a11670486a69.npz", "visibility": "visibility_98bc2999a93d463d8a15a11670486a69.png", "pose": [[-0.9995793104171753, 0.02900436706840992, 0.0, 1793.393310546875], [-0.02900436706840992, -0.9995793104171753, 0.0, 870.4761352539062], [0.0, 0.0, 1.0, 0.0], [0.0, 0.0, 0.0, 1.0]], "pose_inverse": [[-0.9995793104171753, -0.02900436706840992, 0.0, 1817.8863525390625], [0.02900436706840992, -0.9995793104171753, 0.0, 818.0936889648438], [0.0, 0.0, 1.0, 0.0], [0.0, 0.0, 0.0, 1.0]], "cam_ids": [0, 1, 2, 3, 4, 5], "cam_channels": ["CAM_FRONT_LEFT", "CAM_FRONT", "CAM_FRONT_RIGHT", "CAM_BACK_LEFT", "CAM_BACK", "CAM_BACK_RIGHT"], "token": "98bc2999a93d463d8a15a11670486a69", "scene": "scene-0459"}, {"images": ["samples/CAM_FRONT_LEFT/n008-2018-09-18-12-53-31-0400__CAM_FRONT_LEFT__1537289775504799.jpg", "samples/CAM_FRONT/n008-2018-09-18-12-53-31-0400__CAM_FRONT__1537289775512404.jpg", "samples/CAM_FRONT_RIGHT/n008-2018-09-18-12-53-31-0400__CAM_FRONT_RIGHT__1537289775520482.jpg", "samples/CAM_BACK_LEFT/n008-2018-09-18-12-53-31-0400__CAM_BACK_LEFT__1537289775547405.jpg", "samples/CAM_BACK/n008-2018-09-18-12-53-31-0400__CAM_BACK__1537289775537558.jpg", "samples/CAM_BACK_RIGHT/n008-2018-09-18-12-53-31-0400__CAM_BACK_RIGHT__1537289775528113.jpg"], "intrinsics": [[[1257.8625342125129, 0.0, 827.2410631095686], [0.0, 1257.8625342125129, 450.915498205774], [0.0, 0.0, 1.0]], [[1252.8131021185304, 0.0, 826.588114781398], [0.0, 1252.8131021185304, 469.9846626224581], [0.0, 0.0, 1.0]], [[1256.7485116440405, 0.0, 817.7887570959712], [0.0, 1256.7485116440403, 451.9541780095127], [0.0, 0.0, 1.0]], [[1254.9860565800168, 0.0, 829.5769333630991], [0.0, 1254.9860565800168, 467.1680561863987], [0.0, 0.0, 1.0]], [[796.8910634503094, 0.0, 857.7774326863696], [0.0, 796.8910634503094, 476.8848988407415], [0.0, 0.0, 1.0]], [[1249.9629280788233, 0.0, 825.3768045375984], [0.0, 1249.9629280788233, 462.54816385708756], [0.0, 0.0, 1.0]]], "extrinsics": [[[0.8224653005599976, -0.5685349106788635, -0.01785781793296337, -0.73486328125], [0.005837850738316774, 0.0398300476372242, -0.9991894364356995, 1.4900360107421875], [0.5687853693962097, 0.8216944336891174, 0.03607785329222679, -1.1513671875], [0.0, 0.0, 0.0, 1.0]], [[0.0101836072281003, -0.9993043541908264, -0.03587544336915016, 0.01153564453125], [0.007651188876479864, 0.035954125225543976, -0.9993242025375366, 1.4821014404296875], [0.9999188780784607, 0.009902233257889748, 0.008012009784579277, -1.4652099609375], [0.0, 0.0, 0.0, 1.0]], [[-0.8439900279045105, -0.5356349945068359, -0.027856770902872086, 0.9149169921875], [0.015527074225246906, 0.027515320107340813, -0.9995007514953613, 1.4962539672851562], [0.5361340641975403, -0.8440012335777283, -0.014905812218785286, -1.162506103515625], [0.0, 0.0, 0.0, 1.0]], [[0.9478753805160522, 0.3186066150665283, 0.004694090224802494, -1.12890625], [-0.00974283181130886, 0.04370396211743355, -0.9989970326423645, 1.5618782043457031], [-0.31849220395088196, 0.9468790292739868, 0.04453004151582718, -0.1614532470703125], [0.0, 0.0, 0.0, 1.0]], [[0.009208394214510918, 0.9993206858634949, 0.035685889422893524, -0.029296875], [-0.0077028293162584305, 0.03575723245739937, -0.9993308186531067, 1.567352294921875], [-0.9999280571937561, 0.008927352726459503, 0.008026862516999245, -0.0421142578125], [0.0, 0.0, 0.0, 1.0]], [[-0.9237470030784607, 0.3829169273376465, 0.00812732893973589, 1.0169677734375], [-0.003534340299665928, 0.012696713209152222, -0.9999131560325623, 1.547239065170288], [-0.382986843585968, -0.9236955642700195, -0.0103751914575696, -0.1009521484375], [0.0, 0.0, 0.0, 1.0]]], "view": [[0.0, -2.0, 100.0], [-2.0, 0.0, 100.0], [0.0, 0.0, 1.0]], "bev": "bev_6fa5c410e7a2492b9015fe5cd43d5b70.png", "aux": "aux_6fa5c410e7a2492b9015fe5cd43d5b70.npz", "visibility": "visibility_6fa5c410e7a2492b9015fe5cd43d5b70.png", "pose": [[-0.9995454549789429, 0.03014853037893772, 0.0, 1789.677001953125], [-0.03014853037893772, -0.9995454549789429, 0.0, 870.4087524414062], [0.0, 0.0, 1.0, 0.0], [0.0, 0.0, 0.0, 1.0]], "pose_inverse": [[-0.9995454549789429, -0.03014853037893772, 0.0, 1815.10498046875], [0.03014853037893772, -0.9995454549789429, 0.0, 816.0569458007812], [0.0, 0.0, 1.0, 0.0], [0.0, 0.0, 0.0, 1.0]], "cam_ids": [0, 1, 2, 3, 4, 5], "cam_channels": ["CAM_FRONT_LEFT", "CAM_FRONT", "CAM_FRONT_RIGHT", "CAM_BACK_LEFT", "CAM_BACK", "CAM_BACK_RIGHT"], "token": "6fa5c410e7a2492b9015fe5cd43d5b70", "scene": "scene-0459"}, {"images": ["samples/CAM_FRONT_LEFT/n008-2018-09-18-12-53-31-0400__CAM_FRONT_LEFT__1537289776004799.jpg", "samples/CAM_FRONT/n008-2018-09-18-12-53-31-0400__CAM_FRONT__1537289776012404.jpg", "samples/CAM_FRONT_RIGHT/n008-2018-09-18-12-53-31-0400__CAM_FRONT_RIGHT__1537289776020482.jpg", "samples/CAM_BACK_LEFT/n008-2018-09-18-12-53-31-0400__CAM_BACK_LEFT__1537289776047405.jpg", "samples/CAM_BACK/n008-2018-09-18-12-53-31-0400__CAM_BACK__1537289776037558.jpg", "samples/CAM_BACK_RIGHT/n008-2018-09-18-12-53-31-0400__CAM_BACK_RIGHT__1537289776028113.jpg"], "intrinsics": [[[1257.8625342125129, 0.0, 827.2410631095686], [0.0, 1257.8625342125129, 450.915498205774], [0.0, 0.0, 1.0]], [[1252.8131021185304, 0.0, 826.588114781398], [0.0, 1252.8131021185304, 469.9846626224581], [0.0, 0.0, 1.0]], [[1256.7485116440405, 0.0, 817.7887570959712], [0.0, 1256.7485116440403, 451.9541780095127], [0.0, 0.0, 1.0]], [[1254.9860565800168, 0.0, 829.5769333630991], [0.0, 1254.9860565800168, 467.1680561863987], [0.0, 0.0, 1.0]], [[796.8910634503094, 0.0, 857.7774326863696], [0.0, 796.8910634503094, 476.8848988407415], [0.0, 0.0, 1.0]], [[1249.9629280788233, 0.0, 825.3768045375984], [0.0, 1249.9629280788233, 462.54816385708756], [0.0, 0.0, 1.0]]], "extrinsics": [[[0.8223537802696228, -0.5683102011680603, -0.027528077363967896, -0.71484375], [0.0038869346026331186, 0.05399191007018089, -0.9985337853431702, 1.4893722534179688], [0.5689632296562195, 0.8210410475730896, 0.046609435230493546, -1.1390380859375], [0.0, 0.0, 0.0, 1.0]], [[0.01000489853322506, -0.998699963092804, -0.04998302087187767, 0.0128173828125], [0.006204554811120033, 0.050046566873788834, -0.9987276196479797, 1.4817428588867188], [0.9999306797981262, 0.009682048112154007, 0.0066971988417208195, -1.443359375], [0.0, 0.0, 0.0, 1.0]], [[-0.84408038854599, -0.5350999236106873, -0.03458849713206291, 0.898681640625], [0.01460747979581356, 0.0415344275534153, -0.9990302324295044, 1.4962692260742188], [0.536017656326294, -0.8437672257423401, -0.027241939678788185, -1.1513671875], [0.0, 0.0, 0.0, 1.0]], [[0.9478719234466553, 0.3185175657272339, 0.00924915075302124, -1.12841796875], [-0.009539476595818996, 0.05737733840942383, -0.9983069896697998, 1.561868667602539], [-0.318509042263031, 0.9461788535118103, 0.05742485821247101, -0.161712646484375], [0.0, 0.0, 0.0, 1.0]], [[0.009263535961508751, 0.9987325668334961, 0.04947216808795929, -0.029541015625], [-0.007869020104408264, 0.049545563757419586, -0.9987408518791199, 1.5672416687011719], [-0.9999261498451233, 0.008862576447427273, 0.00831801351159811, -0.05029296875], [0.0, 0.0, 0.0, 1.0]], [[-0.9237059950828552, 0.38284584879875183, 0.014008798636496067, 1.0028076171875], [-0.004118335898965597, 0.026641471311450005, -0.9996365904808044, 1.5470380783081055], [-0.3830799162387848, -0.9234279990196228, -0.02303219959139824, -0.1060791015625], [0.0, 0.0, 0.0, 1.0]]], "view": [[0.0, -2.0, 100.0], [-2.0, 0.0, 100.0], [0.0, 0.0, 1.0]], "bev": "bev_cf1c81f24a0f407bb32719ec6fd414f2.png", "aux": "aux_cf1c81f24a0f407bb32719ec6fd414f2.npz", "visibility": "visibility_cf1c81f24a0f407bb32719ec6fd414f2.png", "pose": [[-0.9995523691177368, 0.029917549341917038, 0.0, 1785.9761962890625], [-0.029917549341917038, -0.9995523691177368, 0.0, 870.351806640625], [0.0, 0.0, 1.0, 0.0], [0.0, 0.0, 0.0, 1.0]], "pose_inverse": [[-0.9995523691177368, -0.029917549341917038, 0.0, 1811.215576171875], [0.029917549341917038, -0.9995523691177368, 0.0, 816.5301513671875], [0.0, 0.0, 1.0, 0.0], [0.0, 0.0, 0.0, 1.0]], "cam_ids": [0, 1, 2, 3, 4, 5], "cam_channels": ["CAM_FRONT_LEFT", "CAM_FRONT", "CAM_FRONT_RIGHT", "CAM_BACK_LEFT", "CAM_BACK", "CAM_BACK_RIGHT"], "token": "cf1c81f24a0f407bb32719ec6fd414f2", "scene": "scene-0459"}, {"images": ["samples/CAM_FRONT_LEFT/n008-2018-09-18-12-53-31-0400__CAM_FRONT_LEFT__1537289776504799.jpg", "samples/CAM_FRONT/n008-2018-09-18-12-53-31-0400__CAM_FRONT__1537289776512404.jpg", "samples/CAM_FRONT_RIGHT/n008-2018-09-18-12-53-31-0400__CAM_FRONT_RIGHT__1537289776520482.jpg", "samples/CAM_BACK_LEFT/n008-2018-09-18-12-53-31-0400__CAM_BACK_LEFT__1537289776547405.jpg", "samples/CAM_BACK/n008-2018-09-18-12-53-31-0400__CAM_BACK__1537289776537558.jpg", "samples/CAM_BACK_RIGHT/n008-2018-09-18-12-53-31-0400__CAM_BACK_RIGHT__1537289776528113.jpg"], "intrinsics": [[[1257.8625342125129, 0.0, 827.2410631095686], [0.0, 1257.8625342125129, 450.915498205774], [0.0, 0.0, 1.0]], [[1252.8131021185304, 0.0, 826.588114781398], [0.0, 1252.8131021185304, 469.9846626224581], [0.0, 0.0, 1.0]], [[1256.7485116440405, 0.0, 817.7887570959712], [0.0, 1256.7485116440403, 451.9541780095127], [0.0, 0.0, 1.0]], [[1254.9860565800168, 0.0, 829.5769333630991], [0.0, 1254.9860565800168, 467.1680561863987], [0.0, 0.0, 1.0]], [[796.8910634503094, 0.0, 857.7774326863696], [0.0, 796.8910634503094, 476.8848988407415], [0.0, 0.0, 1.0]], [[1249.9629280788233, 0.0, 825.3768045375984], [0.0, 1249.9629280788233, 462.54816385708756], [0.0, 0.0, 1.0]]], "extrinsics": [[[0.8225224018096924, -0.5682695508003235, -0.022949635982513428, -0.73126220703125], [0.008404338732361794, 0.052492592483758926, -0.9985859394073486, 1.4908370971679688], [0.5686706900596619, 0.8211663961410522, 0.047952257096767426, -1.1492919921875], [0.0, 0.0, 0.0, 1.0]], [[0.010284428484737873, -0.998779296875, -0.048312995582818985, 0.0118408203125], [0.010505232028663158, 0.04842080548405647, -0.9987717866897583, 1.4828529357910156], [0.9998919367790222, 0.009764255955815315, 0.010990387760102749, -1.46142578125], [0.0, 0.0, 0.0, 1.0]], [[-0.8439140915870667, -0.5351954102516174, -0.03708008676767349, 0.912353515625], [0.018670665100216866, 0.039775822311639786, -0.9990341663360596, 1.4969253540039062], [0.5361534357070923, -0.8437913060188293, -0.02357492595911026, -1.160552978515625], [0.0, 0.0, 0.0, 1.0]], [[0.9478732943534851, 0.3184386193752289, 0.011533059179782867, -1.1337890625], [-0.006333588622510433, 0.05501468479633331, -0.9984654188156128, 1.5619659423828125], [-0.31858447194099426, 0.9463456869125366, 0.05416380986571312, -0.159576416015625], [0.0, 0.0, 0.0, 1.0]], [[0.00914261769503355, 0.9988318085670471, 0.047450628131628036, -0.02947998046875], [-0.004315853584557772, 0.04749158024787903, -0.9988622665405273, 1.5676345825195312], [-0.999948978