[{"images": ["samples/CAM_FRONT_LEFT/n015-2018-10-08-15-36-50+0800__CAM_FRONT_LEFT__1538984453504844.jpg", "samples/CAM_FRONT/n015-2018-10-08-15-36-50+0800__CAM_FRONT__1538984453512460.jpg", "samples/CAM_FRONT_RIGHT/n015-2018-10-08-15-36-50+0800__CAM_FRONT_RIGHT__1538984453520339.jpg", "samples/CAM_BACK_LEFT/n015-2018-10-08-15-36-50+0800__CAM_BACK_LEFT__1538984453547423.jpg", "samples/CAM_BACK/n015-2018-10-08-15-36-50+0800__CAM_BACK__1538984453537525.jpg", "samples/CAM_BACK_RIGHT/n015-2018-10-08-15-36-50+0800__CAM_BACK_RIGHT__1538984453527893.jpg"], "intrinsics": [[[1272.5979470598488, 0.0, 826.6154927353808], [0.0, 1272.5979470598488, 479.75165386361925], [0.0, 0.0, 1.0]], [[1266.417203046554, 0.0, 816.2670197447984], [0.0, 1266.417203046554, 491.50706579294757], [0.0, 0.0, 1.0]], [[1260.8474446004698, 0.0, 807.968244525554], [0.0, 1260.8474446004698, 495.3344268742088], [0.0, 0.0, 1.0]], [[1256.7414812095406, 0.0, 792.1125740759628], [0.0, 1256.7414812095406, 492.7757465151356], [0.0, 0.0, 1.0]], [[809.2209905677063, 0.0, 829.2196003259838], [0.0, 809.2209905677063, 481.77842384512485], [0.0, 0.0, 1.0]], [[1259.5137405846733, 0.0, 807.2529053838625], [0.0, 1259.5137405846733, 501.19579884916527], [0.0, 0.0, 1.0]]], "extrinsics": [[[0.8229948878288269, -0.5679247379302979, 0.011868961155414581, -0.801025390625], [0.04676433280110359, 0.04691452160477638, -0.9978036284446716, 1.517416000366211], [0.5661205649375916, 0.8217422962188721, 0.06516903638839722, -1.1695098876953125], [0.0, 0.0, 0.0, 1.0]], [[0.010383125394582748, -0.9990494847297668, -0.04233399033546448, 0.008056640625], [0.041720129549503326, 0.04273223131895065, -0.9982151389122009, 1.5272817611694336], [0.9990752935409546, 0.00859841052442789, 0.04212417080998421, -1.529296875], [0.0, 0.0, 0.0, 1.0]], [[-0.8292697072029114, -0.5540935397148132, -0.072746142745018, 0.927001953125], [0.047494929283857346, 0.0598229244351387, -0.9970784187316895, 1.509637713432312], [0.556826651096344, -0.8303020000457764, -0.023292705416679382, -1.177001953125], [0.0, 0.0, 0.0, 1.0]], [[0.9458048939704895, 0.31850042939186096, 0.06332944333553314, -1.1368408203125], [0.057007450610399246, 0.029141521081328392, -0.9979483485221863, 1.5888748168945312], [-0.319692462682724, 0.9474746584892273, 0.009405295364558697, -0.10546875], [0.0, 0.0, 0.0, 1.0]], [[-0.000261119072092697, 0.9992291331291199, 0.0392574705183506, 0.00244140625], [0.0313301645219326, 0.03924637287855148, -0.9987382888793945, 1.5809155702590942], [-0.9995090365409851, 0.0009691514424048364, -0.031316254287958145, -0.04833984375], [0.0, 0.0, 0.0, 1.0]], [[-0.9344525337219238, 0.35380956530570984, -0.040215570479631424, 1.0484619140625], [0.06360388547182083, 0.054721664637327194, -0.9964738488197327, 1.5573558807373047], [-0.35036131739616394, -0.9337154030799866, -0.07363846153020859, -0.09564208984375], [0.0, 0.0, 0.0, 1.0]]], "view": [[0.0, -2.0, 100.0], [-2.0, 0.0, 100.0], [0.0, 0.0, 1.0]], "bev": "bev_e8a25125ab404726ab03976d3871c460.png", "aux": "aux_e8a25125ab404726ab03976d3871c460.npz", "visibility": "visibility_e8a25125ab404726ab03976d3871c460.png", "pose": [[0.06014109030365944, -0.9981898665428162, 0.0, 1213.8447265625], [0.9981898665428162, 0.06014109030365944, 0.0, 1347.490234375], [0.0, 0.0, 1.0, 0.0], [0.0, 0.0, 0.0, 1.0]], "pose_inverse": [[0.06014109030365944, 0.9981898665428162, 0.0, -1418.0531005859375], [-0.9981898665428162, 0.06014109030365944, 0.0, 1130.6080322265625], [0.0, 0.0, 1.0, 0.0], [0.0, 0.0, 0.0, 1.0]], "cam_ids": [0, 1, 2, 3, 4, 5], "cam_channels": ["CAM_FRONT_LEFT", "CAM_FRONT", "CAM_FRONT_RIGHT", "CAM_BACK_LEFT", "CAM_BACK", "CAM_BACK_RIGHT"], "token": "e8a25125ab404726ab03976d3871c460", "scene": "scene-0920"}, {"images": ["samples/CAM_FRONT_LEFT/n015-2018-10-08-15-36-50+0800__CAM_FRONT_LEFT__1538984454004844.jpg", "samples/CAM_FRONT/n015-2018-10-08-15-36-50+0800__CAM_FRONT__1538984454012460.jpg", "samples/CAM_FRONT_RIGHT/n015-2018-10-08-15-36-50+0800__CAM_FRONT_RIGHT__1538984454020339.jpg", "samples/CAM_BACK_LEFT/n015-2018-10-08-15-36-50+0800__CAM_BACK_LEFT__1538984454047423.jpg", "samples/CAM_BACK/n015-2018-10-08-15-36-50+0800__CAM_BACK__1538984454037525.jpg", "samples/CAM_BACK_RIGHT/n015-2018-10-08-15-36-50+0800__CAM_BACK_RIGHT__1538984454027893.jpg"], "intrinsics": [[[1272.5979470598488, 0.0, 826.6154927353808], [0.0, 1272.5979470598488, 479.75165386361925], [0.0, 0.0, 1.0]], [[1266.417203046554, 0.0, 816.2670197447984], [0.0, 1266.417203046554, 491.50706579294757], [0.0, 0.0, 1.0]], [[1260.8474446004698, 0.0, 807.968244525554], [0.0, 1260.8474446004698, 495.3344268742088], [0.0, 0.0, 1.0]], [[1256.7414812095406, 0.0, 792.1125740759628], [0.0, 1256.7414812095406, 492.7757465151356], [0.0, 0.0, 1.0]], [[809.2209905677063, 0.0, 829.2196003259838], [0.0, 809.2209905677063, 481.77842384512485], [0.0, 0.0, 1.0]], [[1259.5137405846733, 0.0, 807.2529053838625], [0.0, 1259.5137405846733, 501.19579884916527], [0.0, 0.0, 1.0]]], "extrinsics": [[[0.8235461711883545, -0.5670581459999084, 0.014717649668455124, -0.80517578125], [0.053736891597509384, 0.0521613173186779, -0.997191846370697, 1.5184917449951172], [0.5646980404853821, 0.8220245242118835, 0.07342919707298279, -1.1731185913085938], [0.0, 0.0, 0.0, 1.0]], [[0.011742827482521534, -0.9987965226173401, -0.04761886224150658, 0.0087890625], [0.048527587205171585, 0.04813527688384056, -0.997661292552948, 1.5280895233154297], [0.9987528324127197, 0.009404531680047512, 0.04903442785143852, -1.534912109375], [0.0, 0.0, 0.0, 1.0]], [[-0.8282325863838196, -0.5544474720954895, -0.08135625720024109, 0.93280029296875], [0.054100584238767624, 0.06538919359445572, -0.9963921904563904, 1.5100831985473633], [0.5577669739723206, -0.8296458125114441, -0.024161523208022118, -1.179443359375], [0.0, 0.0, 0.0, 1.0]], [[0.9453427195549011, 0.31825679540634155, 0.07099105417728424, -1.1419677734375], [0.063070148229599, 0.035137929022312164, -0.9973903298377991, 1.5885734558105469], [-0.31992074847221375, 0.9473530650138855, 0.01314487960189581, -0.1036376953125], [0.0, 0.0, 0.0, 1.0]], [[-0.000988360377959907, 0.9989813566207886, 0.04511455073952675, 0.002197265625], [0.037601180374622345, 0.045119792222976685, -0.9982736706733704, 1.5809993743896484], [-0.9992923140525818, 0.0007097037159837782, -0.03760747238993645, -0.04248046875], [0.0, 0.0, 0.0, 1.0]], [[-0.9344364404678345, 0.35336652398109436, -0.04427815228700638, 1.0540771484375], [0.07004112005233765, 0.06044924259185791, -0.9957109093666077, 1.5575027465820312], [-0.3491743206977844, -0.9335298538208008, -0.08123616874217987, -0.092864990234375], [0.0, 0.0, 0.0, 1.0]]], "view": [[0.0, -2.0, 100.0], [-2.0, 0.0, 100.0], [0.0, 0.0, 1.0]], "bev": "bev_ff20c0be3cf145a184651dabc345f46c.png", "aux": "aux_ff20c0be3cf145a184651dabc345f46c.npz", "visibility": "visibility_ff20c0be3cf145a184651dabc345f46c.png", "pose": [[0.10397932678461075, -0.9945794343948364, 0.0, 1214.04638671875], [0.9945794343948364, 0.10397932678461075, 0.0, 1349.77685546875], [0.0, 0.0, 1.0, 0.0], [0.0, 0.0, 0.0, 1.0]], "pose_inverse": [[0.10397932678461075, 0.9945794343948364, 0.0, -1468.696044921875], [-0.9945794343948364, 0.10397932678461075, 0.0, 1067.11669921875], [0.0, 0.0, 1.0, 0.0], [0.0, 0.0, 0.0, 1.0]], "cam_ids": [0, 1, 2, 3, 4, 5], "cam_channels": ["CAM_FRONT_LEFT", "CAM_FRONT", "CAM_FRONT_RIGHT", "CAM_BACK_LEFT", "CAM_BACK", "CAM_BACK_RIGHT"], "token": "ff20c0be3cf145a184651dabc345f46c", "scene": "scene-0920"}, {"images": ["samples/CAM_FRONT_LEFT/n015-2018-10-08-15-36-50+0800__CAM_FRONT_LEFT__1538984454504844.jpg", "samples/CAM_FRONT/n015-2018-10-08-15-36-50+0800__CAM_FRONT__1538984454512460.jpg", "samples/CAM_FRONT_RIGHT/n015-2018-10-08-15-36-50+0800__CAM_FRONT_RIGHT__1538984454520339.jpg", "samples/CAM_BACK_LEFT/n015-2018-10-08-15-36-50+0800__CAM_BACK_LEFT__1538984454547423.jpg", "samples/CAM_BACK/n015-2018-10-08-15-36-50+0800__CAM_BACK__1538984454537525.jpg", "samples/CAM_BACK_RIGHT/n015-2018-10-08-15-36-50+0800__CAM_BACK_RIGHT__1538984454527893.jpg"], "intrinsics": [[[1272.5979470598488, 0.0, 826.6154927353808], [0.0, 1272.5979470598488, 479.75165386361925], [0.0, 0.0, 1.0]], [[1266.417203046554, 0.0, 816.2670197447984], [0.0, 1266.417203046554, 491.50706579294757], [0.0, 0.0, 1.0]], [[1260.8474446004698, 0.0, 807.968244525554], [0.0, 1260.8474446004698, 495.3344268742088], [0.0, 0.0, 1.0]], [[1256.7414812095406, 0.0, 792.1125740759628], [0.0, 1256.7414812095406, 492.7757465151356], [0.0, 0.0, 1.0]], [[809.2209905677063, 0.0, 829.2196003259838], [0.0, 809.2209905677063, 481.77842384512485], [0.0, 0.0, 1.0]], [[1259.5137405846733, 0.0, 807.2529053838625], [0.0, 1259.5137405846733, 501.19579884916527], [0.0, 0.0, 1.0]]], "extrinsics": [[[0.8238866329193115, -0.5665419101715088, 0.01552634034305811, -0.802490234375], [0.05893845856189728, 0.05839956924319267, -0.9965519309043884, 1.5198440551757812], [0.5636817216873169, 0.8219608664512634, 0.08150573074817657, -1.1693916320800781], [0.0, 0.0, 0.0, 1.0]], [[0.01257049199193716, -0.9984921813011169, -0.053434379398822784, 0.00732421875], [0.05392066016793251, 0.05403774231672287, -0.9970820546150208, 1.5292472839355469], [0.9984660148620605, 0.009652596898376942, 0.05451864004135132, -1.53076171875], [0.0, 0.0, 0.0, 1.0]], [[-0.8275414109230042, -0.5542916059494019, -0.08908490836620331, 0.9287109375], [0.059670139104127884, 0.07094065845012665, -0.9956941604614258, 1.5111026763916016], [0.5582246780395508, -0.8292937874794006, -0.025631675496697426, -1.1788330078125], [0.0, 0.0, 0.0, 1.0]], [[0.9448726773262024, 0.3179132044315338, 0.07840120792388916, -1.1422119140625], [0.06942009180784225, 0.039500027894973755, -0.9968051910400391, 1.5885543823242188], [-0.31999436020851135, 0.9472966194152832, 0.015252938494086266, -0.1026611328125], [0.0, 0.0, 0.0, 1.0]], [[-0.0015105516649782658, 0.9987529516220093, 0.049903593957424164, 0.00311279296875], [0.043656717985868454, 0.04992193356156349, -0.9977985620498657, 1.581374168395996], [-0.9990454316139221, 0.0006713988841511309, -0.0436776801943779, -0.0438232421875], [0.0, 0.0, 0.0, 1.0]], [[-0.9342809319496155, 0.3533104360103607, -0.047862306237220764, 1.052001953125], [0.07580733299255371, 0.06567706912755966, -0.9949571490287781, 1.5583114624023438], [-0.3483853340148926, -0.9331977963447571, -0.08814436197280884, -0.095367431640625], [0.0, 0.0, 0.0, 1.0]]], "view": [[0.0, -2.0, 100.0], [-2.0, 0.0, 100.0], [0.0, 0.0, 1.0]], "bev": "bev_caccb9f684a14ff0a17f35c9f822f259.png", "aux": "aux_caccb9f684a14ff0a17f35c9f822f259.npz", "visibility": "visibility_caccb9f684a14ff0a17f35c9f822f259.png", "pose": [[0.15873169898986816, -0.9873217344284058, 0.0, 1214.3701171875], [0.9873217344284058, 0.15873169898986816, 0.0, 1352.06494140625], [0.0, 0.0, 1.0, 0.0], [0.0, 0.0, 0.0, 1.0]], "pose_inverse": [[0.15873169898986816, 0.9873217344284058, 0.0, -1527.68212890625], [-0.9873217344284058, 0.15873169898986816, 0.0, 984.3584594726562], [0.0, 0.0, 1.0, 0.0], [0.0, 0.0, 0.0, 1.0]], "cam_ids": [0, 1, 2, 3, 4, 5], "cam_channels": ["CAM_FRONT_LEFT", "CAM_FRONT", "CAM_FRONT_RIGHT", "CAM_BACK_LEFT", "CAM_BACK", "CAM_BACK_RIGHT"], "token": "caccb9f684a14ff0a17f35c9f822f259", "scene": "scene-0920"}, {"images": ["samples/CAM_FRONT_LEFT/n015-2018-10-08-15-36-50+0800__CAM_FRONT_LEFT__1538984455004844.jpg", "samples/CAM_FRONT/n015-2018-10-08-15-36-50+0800__CAM_FRONT__1538984455012460.jpg", "samples/CAM_FRONT_RIGHT/n015-2018-10-08-15-36-50+0800__CAM_FRONT_RIGHT__1538984455020339.jpg", "samples/CAM_BACK_LEFT/n015-2018-10-08-15-36-50+0800__CAM_BACK_LEFT__1538984455047423.jpg", "samples/CAM_BACK/n015-2018-10-08-15-36-50+0800__CAM_BACK__1538984455037525.jpg", "samples/CAM_BACK_RIGHT/n015-2018-10-08-15-36-50+0800__CAM_BACK_RIGHT__1538984455027916.jpg"], "intrinsics": [[[1272.5979470598488, 0.0, 826.6154927353808], [0.0, 1272.5979470598488, 479.75165386361925], [0.0, 0.0, 1.0]], [[1266.417203046554, 0.0, 816.2670197447984], [0.0, 1266.417203046554, 491.50706579294757], [0.0, 0.0, 1.0]], [[1260.8474446004698, 0.0, 807.968244525554], [0.0, 1260.8474446004698, 495.3344268742088], [0.0, 0.0, 1.0]], [[1256.7414812095406, 0.0, 792.1125740759628], [0.0, 1256.7414812095406, 492.7757465151356], [0.0, 0.0, 1.0]], [[809.2209905677063, 0.0, 829.2196003259838], [0.0, 809.2209905677063, 481.77842384512485], [0.0, 0.0, 1.0]], [[1259.5137405846733, 0.0, 807.2529053838625], [0.0, 1259.5137405846733, 501.19579884916527], [0.0, 0.0, 1.0]]], "extrinsics": [[[0.8266025185585022, -0.5618950724601746, 0.03165629506111145, -0.8016357421875], [0.06674326211214066, 0.04202292487025261, -0.996884822845459, 1.5216827392578125], [0.5588143467903137, 0.8261404037475586, 0.0722389668226242, -1.1662750244140625], [0.0, 0.0, 0.0, 1.0]], [[0.016850348562002182, -0.9991810917854309, -0.03678512945771217, 0.00494384765625], [0.061812885105609894, 0.03776099532842636, -0.9973732233047485, 1.5307693481445312], [0.9979453682899475, 0.01453225314617157, 0.06239854544401169, -1.5289306640625], [0.0, 0.0, 0.0, 1.0]], [[-0.8253564834594727, -0.5579164624214172, -0.08669453859329224, 0.92633056640625], [0.06757087260484695, 0.054839007556438446, -0.9962062239646912, 1.5123329162597656], [0.5605540871620178, -0.828083336353302, -0.007562826853245497, -1.1795654296875], [0.0, 0.0, 0.0, 1.0]], [[0.9447006583213806, 0.3177090287208557, 0.08124975115060806, -1.142333984375], [0.07758887112140656, 0.02418161742389202, -0.9966921210289001, 1.588531494140625], [-0.3186228275299072, 0.9478798508644104, -0.001806291053071618, -0.100830078125], [0.0, 0.0, 0.0, 1.0]], [[-0.0018781379330903292, 0.9994127154350281, 0.03421694412827492, 0.00531005859375], [0.051770757883787155, 0.03426829352974892, -0.9980708956718445, 1.5818672180175781], [-0.9986572861671448, -0.00010310010111425072, -0.051804713904857635, -0.0447998046875], [0.0, 0.0, 0.0, 1.0]], [[-0.9343622922897339, 0.35104426741600037, -0.061114080250263214, 1.0518798828125], [0.083794966340065, 0.049770746380090714, -0.9952393174171448, 1.559295654296875], [-0.34633126854896545, -0.9350351095199585, -0.07591965794563293, -0.0986480712890625], [0.0, 0.0, 0.0, 1.0]]], "view": [[0.0, -2.0, 100.0], [-2.0, 0.0, 100.0], [0.0, 0.0, 1.0]], "bev": "bev_188e7d58e565459096ad682313f93902.png", "aux": "aux_188e7d58e565459096ad682313f93902.npz", "visibility": "visibility_188e7d58e565459096ad682313f93902.png", "pose": [[0.25851720571517944, -0.9660066366195679, 0.0, 1214.8602294921875], [0.9660066366195679, 0.25851720571517944, 0.0, 1354.3519287109375], [0.0, 0.0, 1.0, 0.0], [0.0, 0.0, 0.0, 1.0]], "pose_inverse": [[0.25851720571517944, 0.9660066366195679, 0.0, -1622.375244140625], [-0.9660066366195679, 0.25851720571517944, 0.0, 823.4398193359375], [0.0, 0.0, 1.0, 0.0], [0.0, 0.0, 0.0, 1.0]], "cam_ids": [0, 1, 2, 3, 4, 5], "cam_channels": ["CAM_FRONT_LEFT", "CAM_FRONT", "CAM_FRONT_RIGHT", "CAM_BACK_LEFT", "CAM_BACK", "CAM_BACK_RIGHT"], "token": "188e7d58e565459096ad682313f93902", "scene": "scene-0920"}, {"images": ["samples/CAM_FRONT_LEFT/n015-2018-10-08-15-36-50+0800__CAM_FRONT_LEFT__1538984455504844.jpg", "samples/CAM_FRONT/n015-2018-10-08-15-36-50+0800__CAM_FRONT__1538984455512460.jpg", "samples/CAM_FRONT_RIGHT/n015-2018-10-08-15-36-50+0800__CAM_FRONT_RIGHT__1538984455520339.jpg", "samples/CAM_BACK_LEFT/n015-2018-10-08-15-36-50+0800__CAM_BACK_LEFT__1538984455547423.jpg", "samples/CAM_BACK/n015-2018-10-08-15-36-50+0800__CAM_BACK__1538984455537525.jpg", "samples/CAM_BACK_RIGHT/n015-2018-10-08-15-36-50+0800__CAM_BACK_RIGHT__1538984455527893.jpg"], "intrinsics": [[[1272.5979470598488, 0.0, 826.6154927353808], [0.0, 1272.5979470598488, 479.75165386361925], [0.0, 0.0, 1.0]], [[1266.417203046554, 0.0, 816.2670197447984], [0.0, 1266.417203046554, 491.50706579294757], [0.0, 0.0, 1.0]], [[1260.8474446004698, 0.0, 807.968244525554], [0.0, 1260.8474446004698, 495.3344268742088], [0.0, 0.0, 1.0]], [[1256.7414812095406, 0.0, 792.1125740759628], [0.0, 1256.7414812095406, 492.7757465151356], [0.0, 0.0, 1.0]], [[809.2209905677063, 0.0, 829.2196003259838], [0.0, 809.2209905677063, 481.77842384512485], [0.0, 0.0, 1.0]], [[1259.5137405846733, 0.0, 807.2529053838625], [0.0, 1259.5137405846733, 501.19579884916527], [0.0, 0.0, 1.0]]], "extrinsics": [[[0.826005220413208, -0.5608670711517334, 0.05606631189584732, -0.8255615234375], [0.08961515128612518, 0.03247033432126045, -0.995447039604187, 1.52392578125], [0.5564929246902466, 0.8272687792778015, 0.07708285748958588, -1.179351806640625], [0.0, 0.0, 0.0, 1.0]], [[0.017788046970963478, -0.9994754195213318, -0.027060063555836678, 0.002197265625], [0.08420491963624954, 0.02846572734415531, -0.9960418343544006, 1.5326385498046875], [0.9962895512580872, 0.015439046546816826, 0.08466710150241852, -1.5509033203125], [0.0, 0.0, 0.0, 1.0]], [[-0.8234707713127136, -0.5585213899612427, -0.09974782913923264, 0.9398193359375], [0.08943167328834534, 0.04583266004920006, -0.9949378371238708, 1.513641357421875], [0.5602657794952393, -0.8282228708267212, 0.01220764871686697, -1.19091796875], [0.0, 0.0, 0.0, 1.0]], [[0.943536639213562, 0.31663498282432556, 0.09736943989992142, -1.14208984375], [0.09709625691175461, 0.016681259498000145, -0.9951351881027222, 1.5885162353515625], [-0.3167188763618469, 0.9484007358551025, -0.01500469446182251, -0.0999755859375], [0.0, 0.0, 0.0, 1.0]], [[-0.001251540263183415, 0.9996584057807922, 0.02610517106950283, 0.00653076171875], [0.0722392201423645, 0.026127364486455917, -0.9970450401306152, 1.5823440551757812], [-0.9973865151405334, 0.0006379771512001753, -0.07224723696708679, -0.037841796875], [0.0, 0.0, 0.0, 1.0]], [[-0.9325652718544006, 0.35107409954071045, -0.08407667279243469, 1.0643310546875], [0.10504573583602905, 0.04107928276062012, -0.9936186075210571, 1.5599822998046875], [-0.34537994861602783, -0.9354461431503296, -0.07518795877695084, -0.0958709716796875], [0.0, 0.0, 0.0, 1.0]]], "view": [[0.0, -2.0, 100.0], [-2.0, 0.0, 100.0], [0.0, 0.0, 1.0]], "bev": "bev_b4628dfbfee742588decee154f7eeecb.png", "aux": "aux_b4628dfbfee742588decee154f7eeecb.npz", "visibility": "visibility_b4628dfbfee742588decee154f7eeecb.png", "pose": [[0.4066541790962219, -0.9135821461677551, 0.0, 1215.6033935546875], [0.9135821461677551, 0.4066541790962219, 0.0, 1356.427978515625], [0.0, 0.0, 1.0, 0.0], [0.0, 0.0, 0.0, 1.0]], "pose_inverse": [[0.4066541790962219, 0.9135821461677551, 0.0, -1733.53857421875], [-0.9135821461677551, 0.4066541790962219, 0.0, 558.9564819335938], [0.0, 0.0, 1.0, 0.0], [0.0, 0.0, 0.0, 1.0]], "cam_ids": [0, 1, 2, 3, 4, 5], "cam_channels": ["CAM_FRONT_LEFT", "CAM_FRONT", "CAM_FRONT_RIGHT", "CAM_BACK_LEFT", "CAM_BACK", "CAM_BACK_RIGHT"], "token": "b4628dfbfee742588decee154f7eeecb", "scene": "scene-0920"}, {"images": ["samples/CAM_FRONT_LEFT/n015-2018-10-08-15-36-50+0800__CAM_FRONT_LEFT__1538984456004844.jpg", "samples/CAM_FRONT/n015-2018-10-08-15-36-50+0800__CAM_FRONT__1538984456012460.jpg", "samples/CAM_FRONT_RIGHT/n015-2018-10-08-15-36-50+0800__CAM_FRONT_RIGHT__1538984456020339.jpg", "samples/CAM_BACK_LEFT/n015-2018-10-08-15-36-50+0800__CAM_BACK_LEFT__1538984456047423.jpg", "samples/CAM_BACK/n015-2018-10-08-15-36-50+0800__CAM_BACK__1538984456037525.jpg", "samples/CAM_BACK_RIGHT/n015-2018-10-08-15-36-50+0800__CAM_BACK_RIGHT__1538984456027893.jpg"], "intrinsics": [[[1272.5979470598488, 0.0, 826.6154927353808], [0.0, 1272.5979470598488, 479.75165386361925], [0.0, 0.0, 1.0]], [[1266.417203046554, 0.0, 816.2670197447984], [0.0, 1266.417203046554, 491.50706579294757], [0.0, 0.0, 1.0]], [[1260.8474446004698, 0.0, 807.968244525554], [0.0, 1260.8474446004698, 495.3344268742088], [0.0, 0.0, 1.0]], [[1256.7414812095406, 0.0, 792.1125740759628], [0.0, 1256.7414812095406, 492.7757465151356], [0.0, 0.0, 1.0]], [[809.2209905677063, 0.0, 829.2196003259838], [0.0, 809.2209905677063, 481.77842384512485], [0.0, 0.0, 1.0]], [[1259.5137405846733, 0.0, 807.2529053838625], [0.0, 1259.5137405846733, 501.19579884916527], [0.0, 0.0, 1.0]]], "extrinsics": [[[0.8280365467071533, -0.5605878233909607, 0.009834636002779007, -0.837646484375], [0.05101647228002548, 0.05786457657814026, -0.9970200657844543, 1.5164642333984375], [0.5583481788635254, 0.8260707259178162, 0.07651319354772568, -1.18963623046875], [0.0, 0.0, 0.0, 1.0]], [[0.017795419320464134, -0.9984642267227173, -0.052462827414274216, 0.003143310546875], [0.045120496302843094, 0.053219638764858246, -0.9975629448890686, 1.5265350341796875], [0.9988230466842651, 0.015384918078780174, 0.04599827155470848, -1.5640869140625], [0.0, 0.0, 0.0, 1.0]], [[-0.8260460495948792, -0.5578259229660034, -0.0804862305521965, 0.9486083984375], [0.04987344145774841, 0.06989850848913193, -0.9963065385818481, 1.5088348388671875], [0.5613915324211121, -0.8270092606544495, -0.029918689280748367, -1.196533203125], [0.0, 0.0, 0.0, 1.0]], [[0.9460888504981995, 0.3173302412033081, 0.06494069844484329, -1.139892578125], [0.05573432147502899, 0.03801439702510834, -0.9977216720581055, 1.588775634765625], [-0.31907594203948975, 0.9475528597831726, 0.018278812989592552, -0.09979248046875], [0.0, 0.0, 0.0, 1.0]], [[-0.0019773005042225122, 0.9988222718238831, 0.04847768321633339, 0.006744384765625], [0.031349070370197296, 0.048515863716602325, -0.9983303546905518, 1.5806655883789062], [-0.9995065331459045, -0.00045425494317896664, -0.03140807896852493, -0.0335693359375], [0.0, 0.0, 0.0, 1.0]], [[-0.9357262849807739, 0.3506404161453247, -0.038306862115859985, 1.071533203125], [0.06492669880390167, 0.06447475403547287, -0.9958049654960632, 1.5563888549804688], [-0.3466997444629669, -0.9342880845069885, -0.08309666812419891, -0.092987060546875], [0.0, 0.0, 0.0, 1.0]]], "view": [[0.0, -2.0, 100.0], [-2.0, 0.0, 100.0], [0.0, 0.0, 1.0]], "bev": "bev_dca35073998e47bdbababe82ccd13857.png", "aux": "aux_dca35073998e47bdbababe82ccd13857.npz", "visibility": "visibility_dca35073998e47bdbababe82ccd13857.png", "pose": [[0.5532072186470032, -0.83304363489151, 0.0, 1216.5684814453125], [0.83304363489151, 0.5532072186470032, 0.0, 1358.137939453125], [0.0, 0.0, 1.0, 0.0], [0.0, 0.0, 0.0, 1.0]], "pose_inverse": [[0.5532072186470032, 0.83304363489151, 0.0, -1804.4027099609375], [-0.83304363489151, 0.5532072186470032, 0.0, 262.1229248046875], [0.0, 0.0, 1.0, 0.0], [0.0, 0.0, 0.0, 1.0]], "cam_ids": [0, 1, 2, 3, 4, 5], "cam_channels": ["CAM_FRONT_LEFT", "CAM_FRONT", "CAM_FRONT_RIGHT", "CAM_BACK_LEFT", "CAM_BACK", "CAM_BACK_RIGHT"], "token": "dca35073998e47bdbababe82ccd13857", "scene": "scene-0920"}, {"images": ["samples/CAM_FRONT_LEFT/n015-2018-10-08-15-36-50+0800__CAM_FRONT_LEFT__1538984456504844.jpg", "samples/CAM_FRONT/n015-2018-10-08-15-36-50+0800__CAM_FRONT__1538984456512460.jpg", "samples/CAM_FRONT_RIGHT/n015-2018-10-08-15-36-50+0800__CAM_FRONT_RIGHT__1538984456520339.jpg", "samples/CAM_BACK_LEFT/n015-2018-10-08-15-36-50+0800__CAM_BACK_LEFT__1538984456547423.jpg", "samples/CAM_BACK/n015-2018-10-08-15-36-50+0800__CAM_BACK__1538984456537525.jpg", "samples/CAM_BACK_RIGHT/n015-2018-10-08-15-36-50+0800__CAM_BACK_RIGHT__1538984456527896.jpg"], "intrinsics": [[[1272.5979470598488, 0.0, 826.6154927353808], [0.0, 1272.5979470598488, 479.75165386361925], [0.0, 0.0, 1.0]], [[1266.417203046554, 0.0, 816.2670197447984], [0.0, 1266.417203046554, 491.50706579294757], [0.0, 0.0, 1.0]], [[1260.8474446004698, 0.0, 807.968244525554], [0.0, 1260.8474446004698, 495.3344268742088], [0.0, 0.0, 1.0]], [[1256.7414812095406, 0.0, 792.1125740759628], [0.0, 1256.7414812095406, 492.7757465151356], [0.0, 0.0, 1.0]], [[809.2209905677063, 0.0, 829.2196003259838], [0.0, 809.2209905677063, 481.77842384512485], [0.0, 0.0, 1.0]], [[1259.5137405846733, 0.0, 807.2529053838625], [0.0, 1259.5137405846733, 501.19579884916527], [0.0, 0.0, 1.0]]], "extrinsics": [[[0.8276531100273132, -0.559844970703125, -0.039547596126794815, -0.8514404296875], [0.0035258049611002207, 0.07564982026815414, -0.9971281886100769, 1.508763313293457], [0.56122887134552, 0.8251367807388306, 0.06458571553230286, -1.202880859375], [0.0, 0.0, 0.0, 1.0]], [[0.015797657892107964, -0.9973165988922119, -0.07148405909538269, 0.005702972412109375], [-0.0018412667559459805, 0.07146384567022324, -0.9974415302276611, 1.5204005241394043], [0.9998735785484314, 0.015888921916484833, -0.0007073620217852294, -1.579833984375], [0.0, 0.0, 0.0, 1.0]], [[-0.8284285068511963, -0.5576266646385193, -0.05252237617969513, 0.96044921875], [0.003518749261274934, 0.08859063684940338, -0.9960618615150452, 1.504035472869873], [0.5600837469100952, -0.8253508806228638, -0.07142886519432068, -1.20123291015625], [0.0, 0.0, 0.0, 1.0]], [[0.9474194049835205, 0.31865426898002625, 0.029255781322717667, -1.14306640625], [0.011408155784010887, 0.05773269757628441, -0.998266875743866, 1.5887031555175781], [-0.3197910189628601, 0.9461111426353455, 0.05106182023882866, -0.100341796875], [0.0, 0.0, 0.0, 1.0]], [[-0.0012701969826593995, 0.9976893067359924, 0.06793007999658585, 0.00489497184753418], [-0.013831042684614658, 0.06790611147880554, -0.9975958466529846, 1.5790863037109375], [-0.9999035596847534, -0.002206660807132721, 0.013712827116250992, -0.0284423828125], [0.0, 0.0, 0.0, 1.0]], [[-0.9368889331817627, 0.3494413495063782, 0.011400260962545872, 1.0792236328125], [0.019043488427996635, 0.08356181532144547, -0.9963206052780151, 1.5528144836425781], [-0.3491082191467285, -0.933224618434906, -0.08494271337985992, -0.08721923828125], [0.0, 0.0, 0.0, 1.0]]], "view": [[0.0, -2.0, 100.0], [-2.0, 0.0, 100.0], [0.0, 0.0, 1.0]], "bev": "bev_17478511cd1048a29ab268b9d01bd6a2.png", "aux": "aux_17478511cd1048a29ab268b9d01bd6a2.npz", "visibility": "visibility_17478511cd1048a29ab268b9d01bd6a2.png", "pose": [[0.6667960286140442, -0.7452402710914612, 0.0, 1217.629638671875], [0.7452402710914612, 0.6667960286140442, 0.0, 1359.43994140625], [0.0, 0.0, 1.0, 0.0], [0.0, 0.0, 0.0, 1.0]], "pose_inverse": [[0.6667960286140442, 0.7452402710914612, 0.0, -1825.02001953125], [-0.7452402710914612, 0.6667960286140442, 0.0, 0.9574414491653442], [0.0, 0.0, 1.0, 0.0], [0.0, 0.0, 0.0, 1.0]], "cam_ids": [0, 1, 2, 3, 4, 5], "cam_channels": ["CAM_FRONT_LEFT", "CAM_FRONT", "CAM_FRONT_RIGHT", "CAM_BACK_LEFT", "CAM_BACK", "CAM_BACK_RIGHT"], "token": "17478511cd1048a29ab268b9d01bd6a2", "scene": "scene-0920"}, {"images": ["samples/CAM_FRONT_LEFT/n015-2018-10-08-15-36-50+0800__CAM_FRONT_LEFT__1538984457004844.jpg", "samples/CAM_FRONT/n015-2018-10-08-15-36-50+0800__CAM_FRONT__1538984457012460.jpg", "samples/CAM_FRONT_RIGHT/n015-2018-10-08-15-36-50+0800__CAM_FRONT_RIGHT__1538984457020339.jpg", "samples/CAM_BACK_LEFT/n015-2018-10-08-15-36-50+0800__CAM_BACK_LEFT__1538984457047423.jpg", "samples/CAM_BACK/n015-2018-10-08-15-36-50+0800__CAM_BACK__1538984457037525.jpg", "samples/CAM_BACK_RIGHT/n015-2018-10-08-15-36-50+0800__CAM_BACK_RIGHT__1538984457027893.jpg"], "intrinsics": [[[1272.5979470598488, 0.0, 826.6154927353808], [0.0, 1272.5979470598488, 479.75165386361925], [0.0, 0.0, 1.0]], [[1266.417203046554, 0.0, 816.2670197447984], [0.0, 1266.417203046554, 491.50706579294757], [0.0, 0.0, 1.0]], [[1260.8474446004698, 0.0, 807.968244525554], [0.0, 1260.8474446004698, 495.3344268742088], [0.0, 0.0, 1.0]], [[1256.7414812095406, 0.0, 792.1125740759628], [0.0, 1256.7414812095406, 492.7757465151356], [0.0, 0.0, 1.0]], [[809.2209905677063, 0.0, 829.2196003259838], [0.0, 809.2209905677063, 481.77842384512485], [0.0, 0.0, 1.0]], [[1259.5137405846733, 0.0, 807.2529053838625], [0.0, 1259.5137405846733, 501.19579884916527], [0.0, 0.0, 1.0]]], "extrinsics": [[[0.8262122869491577, -0.5615562796592712, -0.04503132030367851, -0.8707275390625], [-0.005648673512041569, 0.07167186588048935, -0.9974122643470764, 1.5076847076416016], [0.5633305907249451, 0.8243286609649658, 0.05604412406682968, -1.2144775390625], [0.0, 0.0, 0.0, 1.0]], [[0.013694189488887787, -0.9976038932800293, -0.06781493872404099, 0.0050201416015625], [-0.010769928805530071, 0.06767020374536514, -0.9976496696472168, 1.519608974456787], [0.9998481869697571, 0.01439242996275425, -0.00981743074953556, -1.5982666015625], [0.0, 0.0, 0.0, 1.0]], [[-0.829450249671936, -0.5569044351577759, -0.04323917254805565, 0.9720458984375], [-0.005113594233989716, 0.08497629314661026, -0.9963698387145996, 1.5033760070800781], [0.5585570931434631, -0.8262181878089905, -0.07333140075206757, -1.2095947265625], [0.0, 0.0, 0.0, 1.0]], [[0.947520911693573, 0.3189644515514374, 0.021582014858722687, -1.142578125], [0.004255687352269888, 0.05491802096366882, -0.998481810092926, 1.5886764526367188], [-0.31966543197631836, 0.9461743235588074, 0.0506785623729229, -0.101226806640625], [0.0, 0.0, 0.0, 1.0]], [[-0.00047541208914481103, 0.9978972673416138, 0.06481482833623886, 0.00433349609375], [-0.021409830078482628, 0.06478982418775558, -0.9976692199707031, 1.5789260864257812], [-0.9997705817222595, -0.0018619574839249253, 0.021334005519747734, -0.023193359375], [0.0, 0.0, 0.0, 1.0]], [[-0.9365130662918091, 0.3501773178577423, 0.017865533009171486, 1.0887451171875], [0.010950051248073578, 0.08013616502285004, -0.9967237710952759, 1.5521621704101562], [-0.3504617214202881, -0.9332491755485535, -0.07888302952051163, -0.08331298828125], [0.0, 0.0, 0.0, 1.0]]], "view": [[0.0, -2.0, 100.0], [-2.0, 0.0, 100.0], [0.0, 0.0, 1.0]], "bev": "bev_11c7f38d42cc41a384115421f58f51bc.png", "aux": "aux_11c7f38d42cc41a384115421f58f51bc.npz", "visibility": "visibility_11c7f38d42cc41a384115421f58f51bc.png", "pose": [[0.748080313205719, -0.663608193397522, 0.0, 1218.6988525390625], [0.663608193397522, 0.748080313205719, 0.0, 1360.4520263671875], [0.0, 0.0, 1.0, 0.0], [0.0, 0.0, 0.0, 1.0]], "pose_inverse": [[0.748080313205719, 0.663608193397522, 0.0, -1814.49169921875], [-0.663608193397522, 0.748080313205719, 0.0, -208.9888458251953], [0.0, 0.0, 1.0, 0.0], [0.0, 0.0, 0.0, 1.0]], "cam_ids": [0, 1, 2, 3, 4, 5], "cam_channels": ["CAM_FRONT_LEFT", "CAM_FRONT", "CAM_FRONT_RIGHT", "CAM_BACK_LEFT", "CAM_BACK", "CAM_BACK_RIGHT"], "token": "11c7f38d42cc41a384115421f58f51bc", "scene": "scene-0920"}, {"images": ["samples/CAM_FRONT_LEFT/n015-2018-10-08-15-36-50+0800__CAM_FRONT_LEFT__1538984457504844.jpg", "samples/CAM_FRONT/n015-2018-10-08-15-36-50+0800__CAM_FRONT__1538984457512460.jpg", "samples/CAM_FRONT_RIGHT/n015-2018-10-08-15-36-50+0800__CAM_FRONT_RIGHT__1538984457520339.jpg", "samples/CAM_BACK_LEFT/n015-2018-10-08-15-36-50+0800__CAM_BACK_LEFT__1538984457547423.jpg", "samples/CAM_BACK/n015-2018-10-08-15-36-50+0800__CAM_BACK__1538984457537525.jpg", "samples/CAM_BACK_RIGHT/n015-2018-10-08-15-36-50+0800__CAM_BACK_RIGHT__1538984457527893.jpg"], "intrinsics": [[[1272.5979470598488, 0.0, 826.6154927353808], [0.0, 1272.5979470598488, 479.75165386361925], [0.0, 0.0, 1.0]], [[1266.417203046554, 0.0, 816.2670197447984], [0.0, 1266.417203046554, 491.50706579294757], [0.0, 0.0, 1.0]], [[1260.8474446004698, 0.0, 807.968244525554], [0.0, 1260.8474446004698, 495.3344268742088], [0.0, 0.0, 1.0]], [[1256.7414812095406, 0.0, 792.1125740759628], [0.0, 1256.7414812095406, 492.7757465151356], [0.0, 0.0, 1.0]], [[809.2209905677063, 0.0, 829.2196003259838], [0.0, 809.2209905677063, 481.77842384512485], [0.0, 0.0, 1.0]], [[1259.5137405846733, 0.0, 807.2529053838625], [0.0, 1259.5137405846733, 501.19579884916527], [0.0, 0.0, 1.0]]], "extrinsics": [[[0.8250482082366943, -0.5640600919723511, -0.033642347902059555, -0.8857421875], [-0.000853989680763334, 0.058292631059885025, -0.9982991218566895, 1.5080623626708984], [0.5650617480278015, 0.823673665523529, 0.04761252552270889, -1.2281494140625], [0.0, 0.0, 0.0, 1.0]], [[0.011977541260421276, -0.9984207153320312, -0.0548875667154789, 0.00726318359375], [-0.005919024348258972, 0.054819751530885696, -0.9984787702560425, 1.5200042724609375], [0.9999107718467712, 0.012284215539693832, -0.005253069568425417, -1.6148681640625], [0.0, 0.0, 0.0, 1.0]], [[-0.8301540613174438, -0.5560703277587891, -0.04037363827228546, 0.9833984375], [-0.00017098378157243133, 0.07266857475042343, -0.9973560571670532, 1.503570556640625], [0.5575340986251831, -0.8279522657394409, -0.060421183705329895, -1.21484375], [0.0, 0.0, 0.0, 1.0]], [[0.9475902318954468, 0.31872087717056274, 0.022131027653813362, -1.145751953125], [0.008302325382828712, 0.044681597501039505, -0.9989668130874634, 1.5885639190673828], [-0.31938034296035767, 0.946794867515564, 0.039693716913461685, -0.1014556884765625], [0.0, 0.0, 0.0, 1.0]], [[0.00017886870773509145, 0.9985536336898804, 0.053764961659908295, 0.003265380859375], [-0.017235834151506424, 0.05376005545258522, -0.9984050989151001, 1.5790338516235352], [-0.9998513460159302, -0.0007482072105631232, 0.017220517620444298, -0.0181884765625], [0.0, 0.0, 0.0, 1.0]], [[-0.9361124634742737, 0.35156333446502686, 0.009836393408477306, 1.0968017578125], [0.015182592906057835, 0.06833726912736893, -0.9975467324256897, 1.5520973205566406], [-0.35137301683425903, -0.9336665272712708, -0.06930901110172272, -0.07855224609375], [0.0, 0.0, 0.0, 1.0]]], "view": [[0.0, -2.0, 100.0], [-2.0, 0.0, 100.0], [0.0, 0.0, 1.0]], "bev": "bev_98db55f2b560424595f3b720122aa8fe.png", "aux": "aux_98db55f2b560424595f3b720122aa8fe.npz", "visibility": "visibility_98db55f2b560424595f3b720122aa8fe.png", "pose": [[0.8065322041511536, -0.5911901593208313, 0.0, 1219.70849609375], [0.5911901593208313, 0.8065322041511536, 0.0, 1361.2193603515625], [0.0, 0.0, 1.0, 0.0], [0.0, 0.0, 0.0, 1.0]], "pose_inverse": [[0.8065322041511536, 0.5911901593208313, 0.0, -1788.4736328125], [-0.5911901593208313, 0.8065322041511536, 0.0, -376.7876281738281], [0.0, 0.0, 1.0, 0.0], [0.0, 0.0, 0.0, 1.0]], "cam_ids": [0, 1, 2, 3, 4, 5], "cam_channels": ["CAM_FRONT_LEFT", "CAM_FRONT", "CAM_FRONT_RIGHT", "CAM_BACK_LEFT", "CAM_BACK", "CAM_BACK_RIGHT"], "token": "98db55f2b560424595f3b720122aa8fe", "scene": "scene-0920"}, {"images": ["samples/CAM_FRONT_LEFT/n015-2018-10-08-15-36-50+0800__CAM_FRONT_LEFT__1538984458004844.jpg", "samples/CAM_FRONT/n015-2018-10-08-15-36-50+0800__CAM_FRONT__1538984458012460.jpg", "samples/CAM_FRONT_RIGHT/n015-2018-10-08-15-36-50+0800__CAM_FRONT_RIGHT__1538984458020339.jpg", "samples/CAM_BACK_LEFT/n015-2018-10-08-15-36-50+0800__CAM_BACK_LEFT__1538984458047423.jpg", "samples/CAM_BACK/n015-2018-10-08-15-36-50+0800__CAM_BACK__1538984458037525.jpg", "samples/CAM_BACK_RIGHT/n015-2018-10-08-15-36-50+0800__CAM_BACK_RIGHT__1538984458027893.jpg"], "intrinsics": [[[1272.5979470598488, 0.0, 826.6154927353808], [0.0, 1272.5979470598488, 479.75165386361925], [0.0, 0.0, 1.0]], [[1266.417203046554, 0.0, 816.2670197447984], [0.0, 1266.417203046554, 491.50706579294757], [0.0, 0.0, 1.0]], [[1260.8474446004698, 0.0, 807.968244525554], [0.0, 1260.8474446004698, 495.3344268742088], [0.0, 0.0, 1.0]], [[1256.7414812095406, 0.0, 792.1125740759628], [0.0, 1256.7414812095406, 492.7757465151356], [0.0, 0.0, 1.0]], [[809.2209905677063, 0.0, 829.2196003259838], [0.0, 809.2209905677063, 481.77842384512485], [0.0, 0.0, 1.0]], [[1259.5137405846733, 0.0, 807.2529053838625], [0.0, 1259.5137405846733, 501.19579884916527], [0.0, 0.0, 1.0]]], "extrinsics": [[[0.8231856226921082, -0.5627338886260986, -0.07547193765640259, -0.8714599609375], [-0.04685316979885101, 0.06514570862054825, -0.996775209903717, 1.5029144287109375], [0.5658358931541443, 0.8240671157836914, 0.027261143550276756, -1.21630859375], [0.0, 0.0, 0.0, 1.0]], [[0.010502868331968784, -0.9980918765068054, -0.06084528937935829, 0.006195068359375], [-0.05224810913205147, 0.06021776422858238, -0.9968169331550598, 1.5156745910644531], [0.9985789060592651, 0.0136485006660223, -0.05151595547795296, -1.599365234375], [0.0, 0.0, 0.0, 1.0]], [[-0.8304759860038757, -0.5570414662361145, -0.0037843927275389433, 0.9727783203125], [-0.046820927411317825, 0.07657019793987274, -0.9959642291069031, 1.5002975463867188], [0.5550832152366638, -0.8269472718238831, -0.08967091888189316, -1.20892333984375], [0.0, 0.0, 0.0, 1.0]], [[0.9470582604408264, 0.3202938139438629, -0.022195296362042427, -1.1429443359375], [-0.03824469447135925, 0.04390440508723259, -0.9983034133911133, 1.5886268615722656], [-0.31877589225769043, 0.9463003277778625, 0.05382956191897392, -0.10252761840820312], [0.0, 0.0, 0.0, 1.0]], [[0.0012791111366823316, 0.9985068440437317, 0.054611686617136, 0.00341796875], [-0.0636446550488472, 0.054582301527261734, -0.9964788556098938, 1.5777816772460938], [-0.9979718327522278, -0.002201156225055456, 0.06361943483352661, -0.023681640625], [0.0, 0.0, 0.0, 1.0]], [[-0.9351057410240173, 0.35022997856140137, 0.05400146171450615, 1.0885009765625], [-0.031034348532557487, 0.07086547464132309, -0.9970029592514038, 1.549905776977539], [-0.35300716757774353, -0.9339792132377625, -0.055397555232048035, -0.082275390625], [0.0, 0.0, 0.0, 1.0]]], "view": [[0.0, -2.0, 100.0], [-2.0, 0.0, 100.0], [0.0, 0.0, 1.0]], "bev": "bev_00ec13f22fba455e8006c2293cc29428.png", "aux": "aux_00ec13f22fba455e8006c2293cc29428.npz", "visibility": "visibility_00ec13f22fba455e8006c2293cc29428.png", "pose": [[0.8536196947097778, -0.5208967328071594, 0.0, 1220.7783203125], [0.5208967328071594, 0.8536196947097778, 0.0, 1361.8984375], [0.0, 0.0, 1.0, 0.0], [0.0, 0.0, 0.0, 1.0]], "pose_inverse": [[0.8536196947097778, 0.5208967328071594, 0.0, -1751.4888916015625], [-0.5208967328071594, 0.8536196947097778, 0.0, -526.6438598632812], [0.0, 0.0, 1.0, 0.0], [0.0, 0.0, 0.0, 1.0]], "cam_ids": [0, 1, 2, 3, 4, 5], "cam_channels": ["CAM_FRONT_LEFT", "CAM_FRONT", "CAM_FRONT_RIGHT", "CAM_BACK_LEFT", "CAM_BACK", "CAM_BACK_RIGHT"], "token": "00ec13f22fba455e8006c2293cc29428", "scene": "scene-0920"}, {"images": ["samples/CAM_FRONT_LEFT/n015-2018-10-08-15-36-50+0800__CAM_FRONT_LEFT__1538984458504844.jpg", "samples/CAM_FRONT/n015-2018-10-08-15-36-50+0800__CAM_FRONT__1538984458512460.jpg", "samples/CAM_FRONT_RIGHT/n015-2018-10-08-15-36-50+0800__CAM_FRONT_RIGHT__1538984458520339.jpg", "samples/CAM_BACK_LEFT/n015-2018-10-08-15-36-50+0800__CAM_BACK_LEFT__1538984458547423.jpg", "samples/CAM_BACK/n015-2018-10-08-15-36-50+0800__CAM_BACK__1538984458537525.jpg", "samples/CAM_BACK_RIGHT/n015-2018-10-08-15-36-50+0800__CAM_BACK_RIGHT__1538984458527893.jpg"], "intrinsics": [[[1272.5979470598488, 0.0, 826.6154927353808], [0.0, 1272.5979470598488, 479.75165386361925], [0.0, 0.0, 1.0]], [[1266.417203046554, 0.0, 816.2670197447984], [0.0, 1266.417203046554, 491.50706579294757], [0.0, 0.0, 1.0]], [[1260.8474446004698, 0.0, 807.968244525554], [0.0, 1260.8474446004698, 495.3344268742088], [0.0, 0.0, 1.0]], [[1256.7414812095406, 0.0, 792.1125740759628], [0.0, 1256.7414812095406, 492.7757465151356], [0.0, 0.0, 1.0]], [[809.2209905677063, 0.0, 829.2196003259838], [0.0, 809.2209905677063, 481.77842384512485], [0.0, 0.0, 1.0]], [[1259.5137405846733, 0.0, 807.2529053838625], [0.0, 1259.5137405846733, 501.19579884916527], [0.0, 0.0, 1.0]]], "extrinsics": [[[0.8201462030410767, -0.5629557371139526, -0.10218139737844467, -0.8729248046875], [-0.07720500230789185, 0.06806807219982147, -0.9946889281272888, 1.4995956420898438], [0.566921055316925, 0.8236792683601379, 0.01236278098076582, -1.2161865234375], [0.0, 0.0, 0.0, 1.0]], [[0.008279657922685146, -0.9978527426719666, -0.06497109681367874, 0.00537109375], [-0.08265821635723114, 0.06406800448894501, -0.9945164918899536, 1.5129547119140625], [0.9965434670448303, 0.013604708947241306, -0.08195027709007263, -1.6004638671875], [0.0, 0.0, 0.0, 1.0]], [[-0.8302503824234009, -0.5570688247680664, 0.01893654465675354, 0.9730224609375], [-0.07726261019706726, 0.08137300610542297, -0.9936844706535339, 1.4982070922851562], [0.5520097613334656, -0.8264700770378113, -0.1106005609035492, -1.2100830078125], [0.0, 0.0, 0.0, 1.0]], [[0.9456912279129028, 0.3214368522167206, -0.04843992367386818, -1.1439208984375], [-0.06855408102273941, 0.051548488438129425, -0.9963147044181824, 1.5887451171875], [-0.31775522232055664, 0.9455268383026123, 0.07078476995229721, -0.10216522216796875], [0.0, 0.0, 0.0, 1.0]], [[0.002440454438328743, 0.9981160163879395, 0.06130707263946533, 0.0035400390625], [-0.0940372496843338, 0.061264652758836746, -0.9936818480491638, 1.577056884765625], [-0.9955657124519348, -0.003340122988447547, 0.09400958567857742, -0.0230712890625], [0.0, 0