[{"images": ["samples/CAM_FRONT_LEFT/n015-2018-10-02-10-56-37+0800__CAM_FRONT_LEFT__1538449278354844.jpg", "samples/CAM_FRONT/n015-2018-10-02-10-56-37+0800__CAM_FRONT__1538449278362460.jpg", "samples/CAM_FRONT_RIGHT/n015-2018-10-02-10-56-37+0800__CAM_FRONT_RIGHT__1538449278370339.jpg", "samples/CAM_BACK_LEFT/n015-2018-10-02-10-56-37+0800__CAM_BACK_LEFT__1538449278397423.jpg", "samples/CAM_BACK/n015-2018-10-02-10-56-37+0800__CAM_BACK__1538449278387525.jpg", "samples/CAM_BACK_RIGHT/n015-2018-10-02-10-56-37+0800__CAM_BACK_RIGHT__1538449278377893.jpg"], "intrinsics": [[[1272.5979470598488, 0.0, 826.6154927353808], [0.0, 1272.5979470598488, 479.75165386361925], [0.0, 0.0, 1.0]], [[1266.417203046554, 0.0, 816.2670197447984], [0.0, 1266.417203046554, 491.50706579294757], [0.0, 0.0, 1.0]], [[1260.8474446004698, 0.0, 807.968244525554], [0.0, 1260.8474446004698, 495.3344268742088], [0.0, 0.0, 1.0]], [[1256.7414812095406, 0.0, 792.1125740759628], [0.0, 1256.7414812095406, 492.7757465151356], [0.0, 0.0, 1.0]], [[809.2209905677063, 0.0, 829.2196003259838], [0.0, 809.2209905677063, 481.77842384512485], [0.0, 0.0, 1.0]], [[1259.5137405846733, 0.0, 807.2529053838625], [0.0, 1259.5137405846733, 501.19579884916527], [0.0, 0.0, 1.0]]], "extrinsics": [[[0.8211127519607544, -0.5707661509513855, -5.16348700330127e-05, -0.541748046875], [-0.009716762229800224, -0.013888224959373474, -0.9998563528060913, 1.5032768249511719], [0.5706833600997925, 0.8209952116012573, -0.016949797049164772, -0.98779296875], [0.0, 0.0, 0.0, 1.0]], [[0.006551303900778294, -0.9998134970664978, 0.018166299909353256, 0.009765625], [-0.015131138265132904, -0.01826372556388378, -0.9997187256813049, 1.5141677856445312], [0.9998640418052673, 0.0062745073810219765, -0.015247967094182968, -1.2698974609375], [0.0, 0.0, 0.0, 1.0]], [[-0.8325155973434448, -0.5539323091506958, 0.008754202164709568, 0.7603759765625], [-0.009623929858207703, -0.0013389972737058997, -0.9999527931213379, 1.5004901885986328], [0.5539178848266602, -0.8325605988502502, -0.004216269589960575, -1.06591796875], [0.0, 0.0, 0.0, 1.0]], [[0.9477363228797913, 0.318841814994812, -0.011651035398244858, -1.138885498046875], [-0.0012939468724653125, -0.032676029950380325, -0.9994651675224304, 1.5885467529296875], [-0.31905195116996765, 0.9472445249557495, -0.03055569715797901, -0.104736328125], [0.0, 0.0, 0.0, 1.0]], [[0.0020475515630096197, 0.9997492432594299, -0.022299589589238167, 0.002197265625], [-0.026548389345407486, -0.02223742939531803, -0.9994001388549805, 1.5761299133300781], [-0.999645471572876, 0.002638355130329728, 0.026496198028326035, -0.11981201171875], [0.0, 0.0, 0.0, 1.0]], [[-0.9350547194480896, 0.35441067814826965, -0.008114462718367577, 0.9141845703125], [0.006181843113154173, -0.0065849414095282555, -0.9999592304229736, 1.5529232025146484], [-0.35444965958595276, -0.9350666999816895, 0.003966369200497866, -0.14697265625], [0.0, 0.0, 0.0, 1.0]]], "view": [[0.0, -2.0, 100.0], [-2.0, 0.0, 100.0], [0.0, 0.0, 1.0]], "bev": "bev_bda08df9732a4daf8bdcc20a8d92dcd7.png", "aux": "aux_bda08df9732a4daf8bdcc20a8d92dcd7.npz", "visibility": "visibility_bda08df9732a4daf8bdcc20a8d92dcd7.png", "pose": [[0.66717529296875, 0.7449007630348206, 0.0, 1775.646240234375], [-0.7449007630348206, 0.66717529296875, 0.0, 2618.374755859375], [0.0, 0.0, 1.0, 0.0], [0.0, 0.0, 0.0, 1.0]], "pose_inverse": [[0.66717529296875, -0.7449007630348206, 0.0, 765.761962890625], [0.7449007630348206, 0.66717529296875, 0.0, -3069.59521484375], [0.0, 0.0, 1.0, 0.0], [0.0, 0.0, 0.0, 1.0]], "cam_ids": [0, 1, 2, 3, 4, 5], "cam_channels": ["CAM_FRONT_LEFT", "CAM_FRONT", "CAM_FRONT_RIGHT", "CAM_BACK_LEFT", "CAM_BACK", "CAM_BACK_RIGHT"], "token": "bda08df9732a4daf8bdcc20a8d92dcd7", "scene": "scene-0792"}, {"images": ["samples/CAM_FRONT_LEFT/n015-2018-10-02-10-56-37+0800__CAM_FRONT_LEFT__1538449278854844.jpg", "samples/CAM_FRONT/n015-2018-10-02-10-56-37+0800__CAM_FRONT__1538449278862460.jpg", "samples/CAM_FRONT_RIGHT/n015-2018-10-02-10-56-37+0800__CAM_FRONT_RIGHT__1538449278870339.jpg", "samples/CAM_BACK_LEFT/n015-2018-10-02-10-56-37+0800__CAM_BACK_LEFT__1538449278897423.jpg", "samples/CAM_BACK/n015-2018-10-02-10-56-37+0800__CAM_BACK__1538449278887525.jpg", "samples/CAM_BACK_RIGHT/n015-2018-10-02-10-56-37+0800__CAM_BACK_RIGHT__1538449278877893.jpg"], "intrinsics": [[[1272.5979470598488, 0.0, 826.6154927353808], [0.0, 1272.5979470598488, 479.75165386361925], [0.0, 0.0, 1.0]], [[1266.417203046554, 0.0, 816.2670197447984], [0.0, 1266.417203046554, 491.50706579294757], [0.0, 0.0, 1.0]], [[1260.8474446004698, 0.0, 807.968244525554], [0.0, 1260.8474446004698, 495.3344268742088], [0.0, 0.0, 1.0]], [[1256.7414812095406, 0.0, 792.1125740759628], [0.0, 1256.7414812095406, 492.7757465151356], [0.0, 0.0, 1.0]], [[809.2209905677063, 0.0, 829.2196003259838], [0.0, 809.2209905677063, 481.77842384512485], [0.0, 0.0, 1.0]], [[1259.5137405846733, 0.0, 807.2529053838625], [0.0, 1259.5137405846733, 501.19579884916527], [0.0, 0.0, 1.0]]], "extrinsics": [[[0.8211366534233093, -0.5705695152282715, 0.013605105690658092, -0.53125], [-0.00887329876422882, -0.036597903817892075, -0.9992906451225281, 1.5036087036132812], [0.5706626176834106, 0.820433497428894, -0.03511470928788185, -0.980712890625], [0.0, 0.0, 0.0, 1.0]], [[0.006267888005822897, -0.9991479516029358, 0.04079350829124451, 0.009033203125], [-0.01405180711299181, -0.0408782884478569, -0.9990653395652771, 1.5144729614257812], [0.9998816251754761, 0.005688729230314493, -0.014296053908765316, -1.25811767578125], [0.0, 0.0, 0.0, 1.0]], [[-0.8327537178993225, -0.5532786846160889, 0.02009841613471508, 0.7508544921875], [-0.008312174119055271, -0.02380361780524254, -0.9996820688247681, 1.5008621215820312], [0.5535812377929688, -0.8326560854911804, 0.015223607420921326, -1.06103515625], [0.0, 0.0, 0.0, 1.0]], [[0.9478093981742859, 0.31840813159942627, -0.016544291749596596, -1.134613037109375], [0.0007883895304985344, -0.054229721426963806, -0.9985281825065613, 1.588531494140625], [-0.3188367187976837, 0.9464013576507568, -0.05165046826004982, -0.105712890625], [0.0, 0.0, 0.0, 1.0]], [[0.0023620515130460262, 0.9990140199661255, -0.044334057718515396, 0.0029296875], [-0.024774178862571716, -0.0442621111869812, -0.9987127780914307, 1.576171875], [-0.9996903538703918, 0.003457311075180769, 0.024645203724503517, -0.12725830078125], [0.0, 0.0, 0.0, 1.0]], [[-0.9349163174629211, 0.35443952679634094, -0.017441609874367714, 0.90576171875], [0.007702440023422241, -0.028870053589344025, -0.9995535016059875, 1.5533676147460938], [-0.35478475689888, -0.934633195400238, 0.02426103688776493, -0.150634765625], [0.0, 0.0, 0.0, 1.0]]], "view": [[0.0, -2.0, 100.0], [-2.0, 0.0, 100.0], [0.0, 0.0, 1.0]], "bev": "bev_6ba17bc380984319b41b0c97cd18c312.png", "aux": "aux_6ba17bc380984319b41b0c97cd18c312.npz", "visibility": "visibility_6ba17bc380984319b41b0c97cd18c312.png", "pose": [[0.6612821817398071, 0.7501372694969177, 0.0, 1779.64892578125], [-0.7501372694969177, 0.6612821817398071, 0.0, 2613.837158203125], [0.0, 0.0, 1.0, 0.0], [0.0, 0.0, 0.0, 1.0]], "pose_inverse": [[0.6612821817398071, -0.7501372694969177, 0.0, 783.886474609375], [0.7501372694969177, 0.6612821817398071, 0.0, -3063.46484375], [0.0, 0.0, 1.0, 0.0], [0.0, 0.0, 0.0, 1.0]], "cam_ids": [0, 1, 2, 3, 4, 5], "cam_channels": ["CAM_FRONT_LEFT", "CAM_FRONT", "CAM_FRONT_RIGHT", "CAM_BACK_LEFT", "CAM_BACK", "CAM_BACK_RIGHT"], "token": "6ba17bc380984319b41b0c97cd18c312", "scene": "scene-0792"}, {"images": ["samples/CAM_FRONT_LEFT/n015-2018-10-02-10-56-37+0800__CAM_FRONT_LEFT__1538449279354844.jpg", "samples/CAM_FRONT/n015-2018-10-02-10-56-37+0800__CAM_FRONT__1538449279362460.jpg", "samples/CAM_FRONT_RIGHT/n015-2018-10-02-10-56-37+0800__CAM_FRONT_RIGHT__1538449279370339.jpg", "samples/CAM_BACK_LEFT/n015-2018-10-02-10-56-37+0800__CAM_BACK_LEFT__1538449279397423.jpg", "samples/CAM_BACK/n015-2018-10-02-10-56-37+0800__CAM_BACK__1538449279387525.jpg", "samples/CAM_BACK_RIGHT/n015-2018-10-02-10-56-37+0800__CAM_BACK_RIGHT__1538449279377893.jpg"], "intrinsics": [[[1272.5979470598488, 0.0, 826.6154927353808], [0.0, 1272.5979470598488, 479.75165386361925], [0.0, 0.0, 1.0]], [[1266.417203046554, 0.0, 816.2670197447984], [0.0, 1266.417203046554, 491.50706579294757], [0.0, 0.0, 1.0]], [[1260.8474446004698, 0.0, 807.968244525554], [0.0, 1260.8474446004698, 495.3344268742088], [0.0, 0.0, 1.0]], [[1256.7414812095406, 0.0, 792.1125740759628], [0.0, 1256.7414812095406, 492.7757465151356], [0.0, 0.0, 1.0]], [[809.2209905677063, 0.0, 829.2196003259838], [0.0, 809.2209905677063, 481.77842384512485], [0.0, 0.0, 1.0]], [[1259.5137405846733, 0.0, 807.2529053838625], [0.0, 1259.5137405846733, 501.19579884916527], [0.0, 0.0, 1.0]]], "extrinsics": [[[0.8215268850326538, -0.5697704553604126, 0.021333131939172745, -0.5224609375], [-0.002268563024699688, -0.04068147391080856, -0.9991695880889893, 1.50701904296875], [0.57016521692276, 0.8207964301109314, -0.03471348434686661, -0.972900390625], [0.0, 0.0, 0.0, 1.0]], [[0.0067190127447247505, -0.9989698529243469, 0.04487888514995575, 0.0078125], [-0.007424309849739075, -0.044928502291440964, -0.9989626407623291, 1.517242431640625], [0.9999498724937439, 0.006378783378750086, -0.007718535605818033, -1.24755859375], [0.0, 0.0, 0.0, 1.0]], [[-0.8325549364089966, -0.5536856651306152, 0.016858940944075584, 0.7427978515625], [-0.0016752019291743636, -0.02791772410273552, -0.9996087551116943, 1.5030746459960938], [0.5539397597312927, -0.8322575688362122, 0.022315511479973793, -1.056396484375], [0.0, 0.0, 0.0, 1.0]], [[0.947888195514679, 0.3183870017528534, -0.01173576433211565, -1.12841796875], [0.007362306583672762, -0.05871421471238136, -0.9982476830482483, 1.5886688232421875], [-0.3185180723667145, 0.9461407661437988, -0.057998575270175934, -0.108154296875], [0.0, 0.0, 0.0, 1.0]], [[0.0024221898056566715, 0.9988136291503906, -0.04863685742020607, 0.0029296875], [-0.018171612173318863, -0.04858500510454178, -0.9986537098884583, 1.576873779296875], [-0.9998319149017334, 0.0033026563469320536, 0.0180323738604784, -0.13458251953125], [0.0, 0.0, 0.0, 1.0]], [[-0.9349291920661926, 0.3539430499076843, -0.02513190172612667, 0.8978271484375], [0.014336797408759594, -0.03308911249041557, -0.9993495941162109, 1.5551071166992188], [-0.354544460773468, -0.9346814155578613, 0.02586156688630581, -0.154296875], [0.0, 0.0, 0.0, 1.0]]], "view": [[0.0, -2.0, 100.0], [-2.0, 0.0, 100.0], [0.0, 0.0, 1.0]], "bev": "bev_32d220ac02f04fc98686338631a035aa.png", "aux": "aux_32d220ac02f04fc98686338631a035aa.npz", "visibility": "visibility_32d220ac02f04fc98686338631a035aa.png", "pose": [[0.6523397564888, 0.7579266428947449, 0.0, 1783.6673583984375], [-0.7579266428947449, 0.6523397564888, 0.0, 2609.19287109375], [0.0, 0.0, 1.0, 0.0], [0.0, 0.0, 0.0, 1.0]], "pose_inverse": [[0.6523397564888, -0.7579266428947449, 0.0, 814.0196533203125], [0.7579266428947449, 0.6523397564888, 0.0, -3053.96923828125], [0.0, 0.0, 1.0, 0.0], [0.0, 0.0, 0.0, 1.0]], "cam_ids": [0, 1, 2, 3, 4, 5], "cam_channels": ["CAM_FRONT_LEFT", "CAM_FRONT", "CAM_FRONT_RIGHT", "CAM_BACK_LEFT", "CAM_BACK", "CAM_BACK_RIGHT"], "token": "32d220ac02f04fc98686338631a035aa", "scene": "scene-0792"}, {"images": ["samples/CAM_FRONT_LEFT/n015-2018-10-02-10-56-37+0800__CAM_FRONT_LEFT__1538449279854844.jpg", "samples/CAM_FRONT/n015-2018-10-02-10-56-37+0800__CAM_FRONT__1538449279862460.jpg", "samples/CAM_FRONT_RIGHT/n015-2018-10-02-10-56-37+0800__CAM_FRONT_RIGHT__1538449279870339.jpg", "samples/CAM_BACK_LEFT/n015-2018-10-02-10-56-37+0800__CAM_BACK_LEFT__1538449279897423.jpg", "samples/CAM_BACK/n015-2018-10-02-10-56-37+0800__CAM_BACK__1538449279887525.jpg", "samples/CAM_BACK_RIGHT/n015-2018-10-02-10-56-37+0800__CAM_BACK_RIGHT__1538449279877893.jpg"], "intrinsics": [[[1272.5979470598488, 0.0, 826.6154927353808], [0.0, 1272.5979470598488, 479.75165386361925], [0.0, 0.0, 1.0]], [[1266.417203046554, 0.0, 816.2670197447984], [0.0, 1266.417203046554, 491.50706579294757], [0.0, 0.0, 1.0]], [[1260.8474446004698, 0.0, 807.968244525554], [0.0, 1260.8474446004698, 495.3344268742088], [0.0, 0.0, 1.0]], [[1256.7414812095406, 0.0, 792.1125740759628], [0.0, 1256.7414812095406, 492.7757465151356], [0.0, 0.0, 1.0]], [[809.2209905677063, 0.0, 829.2196003259838], [0.0, 809.2209905677063, 481.77842384512485], [0.0, 0.0, 1.0]], [[1259.5137405846733, 0.0, 807.2529053838625], [0.0, 1259.5137405846733, 501.19579884916527], [0.0, 0.0, 1.0]]], "extrinsics": [[[0.8212754130363464, -0.5701958537101746, 0.019576163962483406, -0.5234375], [0.0008702386985532939, -0.03306012973189354, -0.9994529485702515, 1.5087890625], [0.5705311894416809, 0.8208432793617249, -0.02665526792407036, -0.976318359375], [0.0, 0.0, 0.0, 1.0]], [[0.006351159885525703, -0.9992948770523071, 0.037004970014095306, 0.009521484375], [-0.004377627745270729, -0.03703314810991287, -0.999304473400116, 1.5186614990234375], [0.9999701976776123, 0.006184796802699566, -0.004609746392816305, -1.24859619140625], [0.0, 0.0, 0.0, 1.0]], [[-0.8326756358146667, -0.5536729097366333, 0.009879284538328648, 0.7432861328125], [0.0012686876580119133, -0.019747674465179443, -0.9998041391372681, 1.5041122436523438], [0.5537596344947815, -0.8324999809265137, 0.017145846039056778, -1.0546875], [0.0, 0.0, 0.0, 1.0]], [[0.9478170871734619, 0.3187476098537445, -0.006524744443595409, -1.1259613037109375], [0.009910392574965954, -0.049912624061107635, -0.9987044334411621, 1.5887298583984375], [-0.31866028904914856, 0.9465245008468628, -0.050466958433389664, -0.109375], [0.0, 0.0, 0.0, 1.0]], [[0.002453925320878625, 0.999196469783783, -0.040003228932619095, 0.002197265625], [-0.015464565716683865, -0.039960648864507675, -0.999081552028656, 1.5772247314453125], [-0.9998773336410522, 0.003070309292525053, 0.015354081988334656, -0.1375732421875], [0.0, 0.0, 0.0, 1.0]], [[-0.9348426461219788, 0.3541945815086365, -0.024806994944810867, 0.8961181640625], [0.017162781208753586, -0.024707511067390442, -0.9995473623275757, 1.555877685546875], [-0.3546472191810608, -0.9348453283309937, 0.017018670216202736, -0.15380859375], [0.0, 0.0, 0.0, 1.0]]], "view": [[0.0, -2.0, 100.0], [-2.0, 0.0, 100.0], [0.0, 0.0, 1.0]], "bev": "bev_f6539da89d2c47378458bf3a212ee5d9.png", "aux": "aux_f6539da89d2c47378458bf3a212ee5d9.npz", "visibility": "visibility_f6539da89d2c47378458bf3a212ee5d9.png", "pose": [[0.6436165571212769, 0.7653480768203735, 0.0, 1787.6087646484375], [-0.7653480768203735, 0.6436165571212769, 0.0, 2604.519775390625], [0.0, 0.0, 1.0, 0.0], [0.0, 0.0, 0.0, 1.0]], "pose_inverse": [[0.6436165571212769, -0.7653480768203735, 0.0, 842.8296508789062], [0.7653480768203735, 0.6436165571212769, 0.0, -3044.455078125], [0.0, 0.0, 1.0, 0.0], [0.0, 0.0, 0.0, 1.0]], "cam_ids": [0, 1, 2, 3, 4, 5], "cam_channels": ["CAM_FRONT_LEFT", "CAM_FRONT", "CAM_FRONT_RIGHT", "CAM_BACK_LEFT", "CAM_BACK", "CAM_BACK_RIGHT"], "token": "f6539da89d2c47378458bf3a212ee5d9", "scene": "scene-0792"}, {"images": ["samples/CAM_FRONT_LEFT/n015-2018-10-02-10-56-37+0800__CAM_FRONT_LEFT__1538449280354844.jpg", "samples/CAM_FRONT/n015-2018-10-02-10-56-37+0800__CAM_FRONT__1538449280362460.jpg", "samples/CAM_FRONT_RIGHT/n015-2018-10-02-10-56-37+0800__CAM_FRONT_RIGHT__1538449280370339.jpg", "samples/CAM_BACK_LEFT/n015-2018-10-02-10-56-37+0800__CAM_BACK_LEFT__1538449280397423.jpg", "samples/CAM_BACK/n015-2018-10-02-10-56-37+0800__CAM_BACK__1538449280387525.jpg", "samples/CAM_BACK_RIGHT/n015-2018-10-02-10-56-37+0800__CAM_BACK_RIGHT__1538449280377893.jpg"], "intrinsics": [[[1272.5979470598488, 0.0, 826.6154927353808], [0.0, 1272.5979470598488, 479.75165386361925], [0.0, 0.0, 1.0]], [[1266.417203046554, 0.0, 816.2670197447984], [0.0, 1266.417203046554, 491.50706579294757], [0.0, 0.0, 1.0]], [[1260.8474446004698, 0.0, 807.968244525554], [0.0, 1260.8474446004698, 495.3344268742088], [0.0, 0.0, 1.0]], [[1256.7414812095406, 0.0, 792.1125740759628], [0.0, 1256.7414812095406, 492.7757465151356], [0.0, 0.0, 1.0]], [[809.2209905677063, 0.0, 829.2196003259838], [0.0, 809.2209905677063, 481.77842384512485], [0.0, 0.0, 1.0]], [[1259.5137405846733, 0.0, 807.2529053838625], [0.0, 1259.5137405846733, 501.19579884916527], [0.0, 0.0, 1.0]]], "extrinsics": [[[0.8210276365280151, -0.5706830620765686, 0.015314294956624508, -0.512939453125], [-0.0024389326572418213, -0.030331434682011604, -0.99953693151474, 1.5069046020507812], [0.5708832740783691, 0.8206101059913635, -0.026294801384210587, -0.9656982421875], [0.0, 0.0, 0.0, 1.0]], [[0.0060238768346607685, -0.9993923902511597, 0.03433031588792801, 0.008056640625], [-0.0075522903352975845, -0.03437542915344238, -0.9993804693222046, 1.5170822143554688], [0.9999533295631409, 0.005760842934250832, -0.007754775695502758, -1.2357177734375], [0.0, 0.0, 0.0, 1.0]], [[-0.8328332304954529, -0.5534151196479797, 0.010974337346851826, 0.73321533203125], [-0.0018035188550129533, -0.017113162204623222, -0.9998518824577332, 1.5029945373535156], [0.5535209774971008, -0.8327297568321228, 0.013254319317638874, -1.0498046875], [0.0, 0.0, 0.0, 1.0]], [[0.9478655457496643, 0.31855952739715576, -0.008414171636104584, -1.1175537109375], [0.006936789955943823, -0.047023575752973557, -0.9988696575164795, 1.58868408203125], [-0.3185950815677643, 0.9467357993125916, -0.04678180441260338, -0.110595703125], [0.0, 0.0, 0.0, 1.0]], [[0.002474837005138397, 0.9993026852607727, -0.03725648298859596, 0.002685546875], [-0.018440967425704002, -0.03720465302467346, -0.9991375207901001, 1.5766525268554688], [-0.9998268485069275, 0.003159703454002738, 0.018336035311222076, -0.14495849609375], [0.0, 0.0, 0.0, 1.0]], [[-0.9348235130310059, 0.3544887900352478, -0.021042924374341965, 0.887451171875], [0.014148226007819176, -0.022030647844076157, -0.999657154083252, 1.5552215576171875], [-0.35483089089393616, -0.9348007440567017, 0.015579378232359886, -0.157958984375], [0.0, 0.0, 0.0, 1.0]]], "view": [[0.0, -2.0, 100.0], [-2.0, 0.0, 100.0], [0.0, 0.0, 1.0]], "bev": "bev_377905df873241b4a6d8d64972abf0c4.png", "aux": "aux_377905df873241b4a6d8d64972abf0c4.npz", "visibility": "visibility_377905df873241b4a6d8d64972abf0c4.png", "pose": [[0.6418678760528564, 0.7668152451515198, 0.0, 1791.6285400390625], [-0.7668152451515198, 0.6418678760528564, 0.0, 2599.717529296875], [0.0, 0.0, 1.0, 0.0], [0.0, 0.0, 0.0, 1.0]], "pose_inverse": [[0.6418678760528564, -0.7668152451515198, 0.0, 843.51416015625], [0.7668152451515198, 0.6418678760528564, 0.0, -3042.523193359375], [0.0, 0.0, 1.0, 0.0], [0.0, 0.0, 0.0, 1.0]], "cam_ids": [0, 1, 2, 3, 4, 5], "cam_channels": ["CAM_FRONT_LEFT", "CAM_FRONT", "CAM_FRONT_RIGHT", "CAM_BACK_LEFT", "CAM_BACK", "CAM_BACK_RIGHT"], "token": "377905df873241b4a6d8d64972abf0c4", "scene": "scene-0792"}, {"images": ["samples/CAM_FRONT_LEFT/n015-2018-10-02-10-56-37+0800__CAM_FRONT_LEFT__1538449280854844.jpg", "samples/CAM_FRONT/n015-2018-10-02-10-56-37+0800__CAM_FRONT__1538449280862460.jpg", "samples/CAM_FRONT_RIGHT/n015-2018-10-02-10-56-37+0800__CAM_FRONT_RIGHT__1538449280870339.jpg", "samples/CAM_BACK_LEFT/n015-2018-10-02-10-56-37+0800__CAM_BACK_LEFT__1538449280897423.jpg", "samples/CAM_BACK/n015-2018-10-02-10-56-37+0800__CAM_BACK__1538449280887525.jpg", "samples/CAM_BACK_RIGHT/n015-2018-10-02-10-56-37+0800__CAM_BACK_RIGHT__1538449280877893.jpg"], "intrinsics": [[[1272.5979470598488, 0.0, 826.6154927353808], [0.0, 1272.5979470598488, 479.75165386361925], [0.0, 0.0, 1.0]], [[1266.417203046554, 0.0, 816.2670197447984], [0.0, 1266.417203046554, 491.50706579294757], [0.0, 0.0, 1.0]], [[1260.8474446004698, 0.0, 807.968244525554], [0.0, 1260.8474446004698, 495.3344268742088], [0.0, 0.0, 1.0]], [[1256.7414812095406, 0.0, 792.1125740759628], [0.0, 1256.7414812095406, 492.7757465151356], [0.0, 0.0, 1.0]], [[809.2209905677063, 0.0, 829.2196003259838], [0.0, 809.2209905677063, 481.77842384512485], [0.0, 0.0, 1.0]], [[1259.5137405846733, 0.0, 807.2529053838625], [0.0, 1259.5137405846733, 501.19579884916527], [0.0, 0.0, 1.0]]], "extrinsics": [[[0.821220874786377, -0.5704917907714844, 0.011634621769189835, -0.51416015625], [-0.003407952841371298, -0.02529311366379261, -0.9996742606163025, 1.5065231323242188], [0.5706002116203308, 0.8209137320518494, -0.02271544188261032, -0.9735107421875], [0.0, 0.0, 0.0, 1.0]], [[0.006470257416367531, -0.9995501041412354, 0.029285984113812447, 0.0126953125], [-0.008800541050732136, -0.029342379420995712, -0.9995307326316833, 1.516693115234375], [0.9999403357505798, 0.0062094819732010365, -0.00898643396794796, -1.23968505859375], [0.0, 0.0, 0.0, 1.0]], [[-0.8325830698013306, -0.5538188219070435, 0.009491167031228542, 0.73846435546875], [-0.0033129353541880846, -0.012155811302363873, -0.9999206066131592, 1.5025138854980469], [0.5538902282714844, -0.8325484395027161, 0.008285957388579845, -1.04833984375], [0.0, 0.0, 0.0, 1.0]], [[0.9477941989898682, 0.3187573552131653, -0.00893018115311861, -1.1267547607421875], [0.0049578226171433926, -0.04273127764463425, -0.9990742802619934, 1.588653564453125], [-0.31884387135505676, 0.9468725919723511, -0.04208080470561981, -0.109130859375], [0.0, 0.0, 0.0, 1.0]], [[0.0022241040132939816, 0.9994639754295349, -0.032662373036146164, 0.001220703125], [-0.02032870426774025, -0.032610513269901276, -0.9992613792419434, 1.5765609741210938], [-0.9997908473014832, 0.0028864601626992226, 0.020245278254151344, -0.13836669921875], [0.0, 0.0, 0.0, 1.0]], [[-0.9349693059921265, 0.3542848229408264, -0.017737559974193573, 0.89111328125], [0.012442081235349178, -0.017219465225934982, -0.9997743368148804, 1.5547523498535156], [-0.3545103073120117, -0.9349790811538696, 0.011691633611917496, -0.1533203125], [0.0, 0.0, 0.0, 1.0]]], "view": [[0.0, -2.0, 100.0], [-2.0, 0.0, 100.0], [0.0, 0.0, 1.0]], "bev": "bev_f8eb9d30e3184620a930b80d784f0086.png", "aux": "aux_f8eb9d30e3184620a930b80d784f0086.npz", "visibility": "visibility_f8eb9d30e3184620a930b80d784f0086.png", "pose": [[0.6397486329078674, 0.7685841917991638, 0.0, 1795.543212890625], [-0.7685841917991638, 0.6397486329078674, 0.0, 2594.990478515625], [0.0, 0.0, 1.0, 0.0], [0.0, 0.0, 0.0, 1.0]], "pose_inverse": [[0.6397486329078674, -0.7685841917991638, 0.0, 845.7722778320312], [0.7685841917991638, 0.6397486329078674, 0.0, -3040.167724609375], [0.0, 0.0, 1.0, 0.0], [0.0, 0.0, 0.0, 1.0]], "cam_ids": [0, 1, 2, 3, 4, 5], "cam_channels": ["CAM_FRONT_LEFT", "CAM_FRONT", "CAM_FRONT_RIGHT", "CAM_BACK_LEFT", "CAM_BACK", "CAM_BACK_RIGHT"], "token": "f8eb9d30e3184620a930b80d784f0086", "scene": "scene-0792"}, {"images": ["samples/CAM_FRONT_LEFT/n015-2018-10-02-10-56-37+0800__CAM_FRONT_LEFT__1538449281354844.jpg", "samples/CAM_FRONT/n015-2018-10-02-10-56-37+0800__CAM_FRONT__1538449281362460.jpg", "samples/CAM_FRONT_RIGHT/n015-2018-10-02-10-56-37+0800__CAM_FRONT_RIGHT__1538449281370339.jpg", "samples/CAM_BACK_LEFT/n015-2018-10-02-10-56-37+0800__CAM_BACK_LEFT__1538449281397423.jpg", "samples/CAM_BACK/n015-2018-10-02-10-56-37+0800__CAM_BACK__1538449281387525.jpg", "samples/CAM_BACK_RIGHT/n015-2018-10-02-10-56-37+0800__CAM_BACK_RIGHT__1538449281377893.jpg"], "intrinsics": [[[1272.5979470598488, 0.0, 826.6154927353808], [0.0, 1272.5979470598488, 479.75165386361925], [0.0, 0.0, 1.0]], [[1266.417203046554, 0.0, 816.2670197447984], [0.0, 1266.417203046554, 491.50706579294757], [0.0, 0.0, 1.0]], [[1260.8474446004698, 0.0, 807.968244525554], [0.0, 1260.8474446004698, 495.3344268742088], [0.0, 0.0, 1.0]], [[1256.7414812095406, 0.0, 792.1125740759628], [0.0, 1256.7414812095406, 492.7757465151356], [0.0, 0.0, 1.0]], [[809.2209905677063, 0.0, 829.2196003259838], [0.0, 809.2209905677063, 481.77842384512485], [0.0, 0.0, 1.0]], [[1259.5137405846733, 0.0, 807.2529053838625], [0.0, 1259.5137405846733, 501.19579884916527], [0.0, 0.0, 1.0]]], "extrinsics": [[[0.820487916469574, -0.571424126625061, 0.01655130833387375, -0.513916015625], [0.0007010184344835579, -0.02794712781906128, -0.999609112739563, 1.5086822509765625], [0.5716633796691895, 0.8201789259910583, -0.02252970263361931, -0.968017578125], [0.0, 0.0, 0.0, 1.0]], [[0.005361524876207113, -0.9994722604751587, 0.032036490738391876, 0.009521484375], [-0.004509676713496447, -0.03206079080700874, -0.9994757771492004, 1.5185470581054688], [0.9999754428863525, 0.005214196164160967, -0.00467919185757637, -1.239013671875], [0.0, 0.0, 0.0, 1.0]], [[-0.8330509662628174, -0.553148090839386, 0.007296218071132898, 0.7374267578125], [0.0011950914049521089, -0.014988687820732594, -0.9998869299888611, 1.5040931701660156], [0.5531949400901794, -0.8329480886459351, 0.013147406280040741, -1.05126953125], [0.0, 0.0, 0.0, 1.0]], [[0.9478468298912048, 0.31868165731430054, -0.005323347635567188, -1.127655029296875], [0.00989463273435831, -0.04611505568027496, -0.9988871216773987, 1.588714599609375], [-0.31857243180274963, 0.9467393755912781, -0.04686324670910835, -0.108642578125], [0.0, 0.0, 0.0, 1.0]], [[0.002692629350349307, 0.9993525147438049, -0.0358794704079628, 0.00244140625], [-0.015478072687983513, -0.03583364933729172, -0.9992378950119019, 1.5772323608398438], [-0.9998766183853149, 0.0032459073700010777, 0.015371563844382763, -0.13726806640625], [0.0, 0.0, 0.0, 1.0]], [[-0.934671938419342, 0.3547542691230774, -0.023189498111605644, 0.892822265625], [0.017128951847553253, -0.020215138792991638, -0.9996488690376282, 1.5559234619140625], [-0.3550984859466553, -0.9347409605979919, 0.01281795185059309, -0.155029296875], [0.0, 0.0, 0.0, 1.0]]], "view": [[0.0, -2.0, 100.0], [-2.0, 0.0, 100.0], [0.0, 0.0, 1.0]], "bev": "bev_19eaa79e280f491ca9f7645526a697b6.png", "aux": "aux_19eaa79e280f491ca9f7645526a697b6.npz", "visibility": "visibility_19eaa79e280f491ca9f7645526a697b6.png", "pose": [[0.6387873888015747, 0.7693833112716675, 0.0, 1799.52734375], [-0.7693833112716675, 0.6387873888015747, 0.0, 2590.15576171875], [0.0, 0.0, 1.0, 0.0], [0.0, 0.0, 0.0, 1.0]], "pose_inverse": [[0.6387873888015747, -0.7693833112716675, 0.0, 843.307373046875], [0.7693833112716675, 0.6387873888015747, 0.0, -3039.085205078125], [0.0, 0.0, 1.0, 0.0], [0.0, 0.0, 0.0, 1.0]], "cam_ids": [0, 1, 2, 3, 4, 5], "cam_channels": ["CAM_FRONT_LEFT", "CAM_FRONT", "CAM_FRONT_RIGHT", "CAM_BACK_LEFT", "CAM_BACK", "CAM_BACK_RIGHT"], "token": "19eaa79e280f491ca9f7645526a697b6", "scene": "scene-0792"}, {"images": ["samples/CAM_FRONT_LEFT/n015-2018-10-02-10-56-37+0800__CAM_FRONT_LEFT__1538449281854844.jpg", "samples/CAM_FRONT/n015-2018-10-02-10-56-37+0800__CAM_FRONT__1538449281862460.jpg", "samples/CAM_FRONT_RIGHT/n015-2018-10-02-10-56-37+0800__CAM_FRONT_RIGHT__1538449281870339.jpg", "samples/CAM_BACK_LEFT/n015-2018-10-02-10-56-37+0800__CAM_BACK_LEFT__1538449281897429.jpg", "samples/CAM_BACK/n015-2018-10-02-10-56-37+0800__CAM_BACK__1538449281887525.jpg", "samples/CAM_BACK_RIGHT/n015-2018-10-02-10-56-37+0800__CAM_BACK_RIGHT__1538449281877893.jpg"], "intrinsics": [[[1272.5979470598488, 0.0, 826.6154927353808], [0.0, 1272.5979470598488, 479.75165386361925], [0.0, 0.0, 1.0]], [[1266.417203046554, 0.0, 816.2670197447984], [0.0, 1266.417203046554, 491.50706579294757], [0.0, 0.0, 1.0]], [[1260.8474446004698, 0.0, 807.968244525554], [0.0, 1260.8474446004698, 495.3344268742088], [0.0, 0.0, 1.0]], [[1256.7414812095406, 0.0, 792.1125740759628], [0.0, 1256.7414812095406, 492.7757465151356], [0.0, 0.0, 1.0]], [[809.2209905677063, 0.0, 829.2196003259838], [0.0, 809.2209905677063, 481.77842384512485], [0.0, 0.0, 1.0]], [[1259.5137405846733, 0.0, 807.2529053838625], [0.0, 1259.5137405846733, 501.19579884916527], [0.0, 0.0, 1.0]]], "extrinsics": [[[0.8204914927482605, -0.571271538734436, 0.021035391837358475, -0.512451171875], [0.0007430312689393759, -0.03573134168982506, -0.9993611574172974, 1.5087890625], [0.5716582536697388, 0.8199829459190369, -0.028892794623970985, -0.969482421875], [0.0, 0.0, 0.0, 1.0]], [[0.005208801012486219, -0.9991964101791382, 0.03974118456244469, 0.010498046875], [-0.004381480161100626, -0.039764150977134705, -0.9991995096206665, 1.5186538696289062], [0.9999767541885376, 0.005030568223446608, -0.004585083108395338, -1.23785400390625], [0.0, 0.0, 0.0, 1.0]], [[-0.8331765532493591, -0.5528935194015503, 0.011201845481991768, 0.73638916015625], [0.0014662726316601038, -0.022464849054813385, -0.999746561050415, 1.5042266845703125], [0.5530049800872803, -0.8329490423202515, 0.019527878612279892, -1.0498046875], [0.0, 0.0, 0.0, 1.0]], [[0.9478663206100464, 0.31860557198524475, -0.006322076544165611, -1.1222686767578125], [0.010969055816531181, -0.052447881549596786, -0.9985633492469788, 1.58880615234375], [-0.3184795081615448, 0.9464352130889893, -0.05320838466286659, -0.11083984375], [0.0, 0.0, 0.0, 1.0]], [[0.002865850692614913, 0.9990919232368469, -0.042510803788900375, 0.001953125], [-0.014725086279213428, -0.042464207857847214, -0.998989462852478, 1.5772933959960938], [-0.9998875260353088, 0.0034889739472419024, 0.014590018428862095, -0.1412353515625], [0.0, 0.0, 0.0, 1.0]], [[-0.9345932602882385, 0.35475561022758484, -0.02615114115178585, 0.8900146484375], [0.017595525830984116, -0.027322104200720787, -0.9994718432426453, 1.556121826171875], [-0.3552826941013336, -0.9345597624778748, 0.019292941316962242, -0.155517578125], [0.0, 0.0, 0.0, 1.0]]], "view": [[0.0, -2.0, 100.0], [-2.0, 0.0, 100.0], [0.0, 0.0, 1.0]], "bev": "bev_c779d0fcdf44417782707fff5c90a9af.png", "aux": "aux_c779d0fcdf44417782707fff5c90a9af.npz", "visibility": "visibility_c779d0fcdf44417782707fff5c90a9af.png", "pose": [[0.6371917724609375, 0.7707052826881409, 0.0, 1803.4852294921875], [-0.7707052826881409, 0.6371917724609375, 0.0, 2585.322998046875], [0.0, 0.0, 1.0, 0.0], [0.0, 0.0, 0.0, 1.0]], "pose_inverse": [[0.6371917724609375, -0.7707052826881409, 0.0, 843.3561401367188], [0.7707052826881409, 0.6371917724609375, 0.0, -3037.30224609375], [0.0, 0.0, 1.0, 0.0], [0.0, 0.0, 0.0, 1.0]], "cam_ids": [0, 1, 2, 3, 4, 5], "cam_channels": ["CAM_FRONT_LEFT", "CAM_FRONT", "CAM_FRONT_RIGHT", "CAM_BACK_LEFT", "CAM_BACK", "CAM_BACK_RIGHT"], "token": "c779d0fcdf44417782707fff5c90a9af", "scene": "scene-0792"}, {"images": ["samples/CAM_FRONT_LEFT/n015-2018-10-02-10-56-37+0800__CAM_FRONT_LEFT__1538449282404844.jpg", "samples/CAM_FRONT/n015-2018-10-02-10-56-37+0800__CAM_FRONT__1538449282412460.jpg", "samples/CAM_FRONT_RIGHT/n015-2018-10-02-10-56-37+0800__CAM_FRONT_RIGHT__1538449282420339.jpg", "samples/CAM_BACK_LEFT/n015-2018-10-02-10-56-37+0800__CAM_BACK_LEFT__1538449282447423.jpg", "samples/CAM_BACK/n015-2018-10-02-10-56-37+0800__CAM_BACK__1538449282437525.jpg", "samples/CAM_BACK_RIGHT/n015-2018-10-02-10-56-37+0800__CAM_BACK_RIGHT__1538449282427893.jpg"], "intrinsics": [[[1272.5979470598488, 0.0, 826.6154927353808], [0.0, 1272.5979470598488, 479.75165386361925], [0.0, 0.0, 1.0]], [[1266.417203046554, 0.0, 816.2670197447984], [0.0, 1266.417203046554, 491.50706579294757], [0.0, 0.0, 1.0]], [[1260.8474446004698, 0.0, 807.968244525554], [0.0, 1260.8474446004698, 495.3344268742088], [0.0, 0.0, 1.0]], [[1256.7414812095406, 0.0, 792.1125740759628], [0.0, 1256.7414812095406, 492.7757465151356], [0.0, 0.0, 1.0]], [[809.2209905677063, 0.0, 829.2196003259838], [0.0, 809.2209905677063, 481.77842384512485], [0.0, 0.0, 1.0]], [[1259.5137405846733, 0.0, 807.2529053838625], [0.0, 1259.5137405846733, 501.19579884916527], [0.0, 0.0, 1.0]]], "extrinsics": [[[0.8207504153251648, -0.5709907412528992, 0.01839064247906208, -0.516357421875], [0.002977467607706785, -0.027915753424167633, -0.9996058344841003, 1.5099258422851562], [0.5712790489196777, 0.8204817771911621, -0.021211760118603706, -0.9705810546875], [0.0, 0.0, 0.0, 1.0]], [[0.005630445200949907, -0.9994787573814392, 0.031786613166332245, 0.009765625], [-0.002380749210715294, -0.03180042654275894, -0.9994913935661316, 1.5195236206054688], [0.9999812245368958, 0.0055518681183457375, -0.0025585598777979612, -1.242919921875], [0.0, 0.0, 0.0, 1.0]], [[-0.8329417705535889, -0.5533350706100464, 0.005325322970747948, 0.7412109375], [0.0031820524018257856, -0.01441297959536314, -0.9998910427093506, 1.5047798156738281], [0.5533515214920044, -0.8328340649604797, 0.013765914365649223, -1.053466796875], [0.0, 0.0, 0.0, 1.0]], [[0.9478301405906677, 0.3187590539455414, -0.0032572520431131124, -1.1272125244140625], [0.011500312015414238, -0.044403962790966034, -0.9989474415779114, 1.5887451171875], [-0.3185681402683258, 0.9467951059341431, -0.045753248035907745, -0.10888671875], [0.0, 0.0, 0.0, 1.0]], [[0.002622685395181179, 0.9994005560874939, -0.034522686153650284, 0.002197265625], [-0.013767297379672527, -0.034483447670936584, -0.9993104338645935, 1.5774917602539062], [-0.9999018311500549, 0.0030961043667048216, 0.0136686060577631, -0.13555908203125], [0.0, 0.0, 0.0, 1.0]], [[-0.9346969723701477, 0.3545933663845062, -0.024597052484750748, 0.896484375], [0.01899757608771324, -0.019264517351984978, -0.9996339678764343, 1.55633544921875], [-0.35493743419647217, -0.934822142124176, 0.0112700704485178, -0.1533203125], [0.0, 0.0, 0.0, 1.0]]], "view": [[0.0, -2.0, 100.0], [-2.0, 0.0, 100.0], [0.0, 0.0, 1.0]], "bev": "bev_4407cf7fba6447e59300947a3fcaa474.png", "aux": "aux_4407cf7fba6447e59300947a3fcaa474.npz", "visibility": "visibility_4407cf7fba6447e59300947a3fcaa474.png", "pose": [[0.6411137580871582, 0.7674458622932434, 0.0, 1807.896728515625], [-0.7674458622932434, 0.6411137580871582, 0.0, 2579.988037109375], [0.0, 0.0, 1.0, 0.0], [0.0, 0.0, 0.0, 1.0]], "pose_inverse": [[0.6411137580871582, -0.7674458622932434, 0.0, 820.9337158203125], [0.7674458622932434, 0.6411137580871582, 0.0, -3041.528564453125], [0.0, 0.0, 1.0, 0.0], [0.0, 0.0, 0.0, 1.0]], "cam_ids": [0, 1, 2, 3, 4, 5], "cam_channels": ["CAM_FRONT_LEFT", "CAM_FRONT", "CAM_FRONT_RIGHT", "CAM_BACK_LEFT", "CAM_BACK", "CAM_BACK_RIGHT"], "token": "4407cf7fba6447e59300947a3fcaa474", "scene": "scene-0792"}, {"images": ["samples/CAM_FRONT_LEFT/n015-2018-10-02-10-56-37+0800__CAM_FRONT_LEFT__1538449282904844.jpg", "samples/CAM_FRONT/n015-2018-10-02-10-56-37+0800__CAM_FRONT__1538449282912460.jpg", "samples/CAM_FRONT_RIGHT/n015-2018-10-02-10-56-37+0800__CAM_FRONT_RIGHT__1538449282920339.jpg", "samples/CAM_BACK_LEFT/n015-2018-10-02-10-56-37+0800__CAM_BACK_LEFT__1538449282947423.jpg", "samples/CAM_BACK/n015-2018-10-02-10-56-37+0800__CAM_BACK__1538449282937525.jpg", "samples/CAM_BACK_RIGHT/n015-2018-10-02-10-56-37+0800__CAM_BACK_RIGHT__1538449282927893.jpg"], "intrinsics": [[[1272.5979470598488, 0.0, 826.6154927353808], [0.0, 1272.5979470598488, 479.75165386361925], [0.0, 0.0, 1.0]], [[1266.417203046554, 0.0, 816.2670197447984], [0.0, 1266.417203046554, 491.50706579294757], [0.0, 0.0, 1.0]], [[1260.8474446004698, 0.0, 807.968244525554], [0.0, 1260.8474446004698, 495.3344268742088], [0.0, 0.0, 1.0]], [[1256.7414812095406, 0.0, 792.1125740759628], [0.0, 1256.7414812095406, 492.7757465151356], [0.0, 0.0, 1.0]], [[809.2209905677063, 0.0, 829.2196003259838], [0.0, 809.2209905677063, 481.77842384512485], [0.0, 0.0, 1.0]], [[1259.5137405846733, 0.0, 807.2529053838625], [0.0, 1259.5137405846733, 501.19579884916527], [0.0, 0.0, 1.0]]], "extrinsics": [[[0.8208568096160889, -0.5708425641059875, 0.018242033198475838, -0.51220703125], [0.004481185227632523, -0.025501783937215805, -0.9996647238731384, 1.5107574462890625], [0.5711163878440857, 0.820663332939148, -0.01837526261806488, -0.967529296875], [0.0, 0.0, 0.0, 1.0]], [[0.005756322294473648, -0.9995450377464294, 0.0296073816716671, 0.009033203125], [-0.000767393852584064, -0.029612280428409576, -0.9995611906051636, 1.5202255249023438], [0.9999831318855286, 0.005731101147830486, -0.0009375023655593395, -1.2386474609375], [0.0, 0.0, 0.0, 1.0]], [[-0.8328849077224731, -0.5534390807151794, 0.0028062546625733376, 0.73822021484375], [0.004908294882625341, -0.012456738390028477, -0.9999103546142578, 1.5053901672363281], [0.5534244179725647, -0.832796573638916, 0.013091472908854485, -1.052490234375], [0.0, 0.0, 0.0, 1.0]], [[0.9478189945220947, 0.31880828738212585, -0.0005931512569077313, -1.1351165771484375], [0.013863478787243366, -0.0430748276412487, -0.9989756345748901, 1.5886688232421875], [-0.31850722432136536, 0.9468399882316589, -0.04524692893028259, -0.106201171875], [0.0, 0.0, 0.0, 1.0]], [[0.0026383448857814074, 0.9994484186172485, -0.033105798065662384, 0.0029296875], [-0.011628694832324982, -0.03307300806045532, -0.9993852972984314, 1.5778121948242188], [-0.999928891658783, 0.003021699609234929, 0.011535021476447582, -0.13250732421875], [0.0, 0.0, 0.0, 1.0]], [[-0.9346721768379211, 0.35457754135131836, -0.025742357596755028, 0.8948974609375], [0.02087150514125824, -0.01755545102059841, -0.9996280670166016, 1.5568466186523438], [-0.3548976480960846, -0.9348618388175964, 0.009008021093904972, -0.15478515625], [0.0, 0.0, 0.0, 1.0]]], "view": [[0.0, -2.0, 100.0], [-2.0, 0.0, 100.0], [0.0, 0.0, 1.0]], "bev": "bev_d9774d09d66b426e9355056b41bdd2e7.png", "aux": "aux_d9774d09d66b426e9355056b41bdd2e7.npz", "visibility": "visibility_d9774d09d66b426e9355056b41bdd2e7.png", "pose": [[0.6410858631134033, 0.7674691677093506, 0.0, 1811.9366455078125], [-0.7674691677093506, 0.6410858631134033, 0.0, 2575.093017578125], [0.0, 0.0, 1.0, 0.0], [0.0, 0.0, 0.0, 1.0]], "pose_inverse": [[0.6410858631134033, -0.7674691677093506, 0.0, 814.697509765625], [0.7674691677093506, 0.6410858631134033, 0.0, -3041.461181640625], [0.0, 0.0, 1.0, 0.0], [0.0, 0.0, 0.0, 1.0]], "cam_ids": [0, 1, 2, 3, 4, 5], "cam_channels": ["CAM_FRONT_LEFT", "CAM_FRONT", "CAM_FRONT_RIGHT", "CAM_BACK_LEFT", "CAM_BACK", "CAM_BACK_RIGHT"], "token": "d9774d09d66b426e9355056b41bdd2e7", "scene": "scene-0792"}, {"images": ["samples/CAM_FRONT_LEFT/n015-2018-10-02-10-56-37+0800__CAM_FRONT_LEFT__1538449283404844.jpg", "samples/CAM_FRONT/n015-2018-10-02-10-56-37+0800__CAM_FRONT__1538449283412460.jpg", "samples/CAM_FRONT_RIGHT/n015-2018-10-02-10-56-37+0800__CAM_FRONT_RIGHT__1538449283420625.jpg", "samples/CAM_BACK_LEFT/n015-2018-10-02-10-56-37+0800__CAM_BACK_LEFT__1538449283447423.jpg", "samples/CAM_BACK/n015-2018-10-02-10-56-37+0800__CAM_BACK__1538449283437545.jpg", "samples/CAM_BACK_RIGHT/n015-2018-10-02-10-56-37+0800__CAM_BACK_RIGHT__1538449283427893.jpg"], "intrinsics": [[[1272.5979470598488, 0.0, 826.6154927353808], [0.0, 1272.5979470598488, 479.75165386361925], [0.0, 0.0, 1.0]], [[1266.417203046554, 0.0, 816.2670197447984], [0.0, 1266.417203046554, 491.50706579294757], [0.0, 0.0, 1.0]], [[1260.8474446004698, 0.0, 807.968244525554], [0.0, 1260.8474446004698, 495.3344268742088], [0.0, 0.0, 1.0]], [[1256.7414812095406, 0.0, 792.1125740759628], [0.0, 1256.7414812095406, 492.7757465151356], [0.0, 0.0, 1.0]], [[809.2209905677063, 0.0, 829.2196003259838], [0.0, 809.2209905677063, 481.77842384512485], [0.0, 0.0, 1.0]], [[1259.5137405846733, 0.0, 807.2529053838625], [0.0, 1259.5137405846733, 501.19579884916527], [0.0, 0.0, 1.0]]], "extrinsics": [[[0.8207113146781921, -0.5708597302436829, 0.02349640429019928, -0.51318359375], [0.008888821117579937, -0.028362253680825233, -0.9995582103729248, 1.5131912231445312], [0.5712739825248718, 0.8205575942993164, -0.018202949315309525, -0.96923828125], [0.0, 0.0, 0.0, 1.0]], [[0.005712167359888554, -0.9994528293609619, 0.032579004764556885, 0.009765625], [0.0035857504699379206, -0.032558854669332504, -0.9994633793830872, 1.5222396850585938], [0.9999772310256958, 0.005825995933264494, 0.0033978065475821495, -1.23834228515625], [0.0, 0.0, 0.0, 1.0]], [[-0.8327414989471436, -0.5536611676216125, 0.0009182204375974834, 0.73968505859375], [0.009201130829751492, -0.015497266314923763, -0.9998375773429871, 1.5069236755371094], [0.5535854697227478, -0.8325977921485901, 0.017999526113271713, -1.052001953125], [0.0, 0.0, 0.0, 1.0]], [[0.9478024244308472, 0.3188493847846985, 0.002380529185757041, -1.1234588623046875], [0.01817307621240616, -0.04656410589814186, -0.9987499713897705, 1.58892822265625], [-0.31833985447883606, 0.9466609358787537, -0.04992804676294327, -0.110107421875], [0.0, 0.0, 0.0, 1.0]], [[0.002566473325714469, 0.9993376731872559, -0.03629954904317856, 0.002197265625], [-0.007409504149109125, -0.03627966716885567, -0.9993142485618591, 1.5783538818359375], [-0.9999693036079407, 0.002833627862855792, 0.007311487104743719, -0.14068603515625]