[{"images": ["samples/CAM_FRONT_LEFT/n008-2018-09-18-13-41-50-0400__CAM_FRONT_LEFT__1537292731254799.jpg", "samples/CAM_FRONT/n008-2018-09-18-13-41-50-0400__CAM_FRONT__1537292731262404.jpg", "samples/CAM_FRONT_RIGHT/n008-2018-09-18-13-41-50-0400__CAM_FRONT_RIGHT__1537292731270482.jpg", "samples/CAM_BACK_LEFT/n008-2018-09-18-13-41-50-0400__CAM_BACK_LEFT__1537292731297405.jpg", "samples/CAM_BACK/n008-2018-09-18-13-41-50-0400__CAM_BACK__1537292731287558.jpg", "samples/CAM_BACK_RIGHT/n008-2018-09-18-13-41-50-0400__CAM_BACK_RIGHT__1537292731278113.jpg"], "intrinsics": [[[1257.8625342125129, 0.0, 827.2410631095686], [0.0, 1257.8625342125129, 450.915498205774], [0.0, 0.0, 1.0]], [[1252.8131021185304, 0.0, 826.588114781398], [0.0, 1252.8131021185304, 469.9846626224581], [0.0, 0.0, 1.0]], [[1256.7485116440405, 0.0, 817.7887570959712], [0.0, 1256.7485116440403, 451.9541780095127], [0.0, 0.0, 1.0]], [[1254.9860565800168, 0.0, 829.5769333630991], [0.0, 1254.9860565800168, 467.1680561863987], [0.0, 0.0, 1.0]], [[796.8910634503094, 0.0, 857.7774326863696], [0.0, 796.8910634503094, 476.8848988407415], [0.0, 0.0, 1.0]], [[1249.9629280788233, 0.0, 825.3768045375984], [0.0, 1249.9629280788233, 462.54816385708756], [0.0, 0.0, 1.0]]], "extrinsics": [[[0.8225009441375732, -0.5686251521110535, -0.012554693967103958, -1.0050048828125], [0.001251324894838035, 0.023882726207375526, -0.9997139573097229, 1.4882965087890625], [0.5687623620033264, 0.8222500085830688, 0.02035509981215, -1.333251953125], [0.0, 0.0, 0.0, 1.0]], [[0.010174269787967205, -0.9997532963752747, -0.0197394210845232, 0.00537109375], [0.0032159604597836733, 0.019773056730628014, -0.9997993111610413, 1.4801645278930664], [0.9999430179595947, 0.010108794085681438, 0.0034163438249379396, -1.734619140625], [0.0, 0.0, 0.0, 1.0]], [[-0.8440612554550171, -0.5360247492790222, -0.01542811281979084, 1.090576171875], [0.011237144470214844, 0.011084100231528282, -0.9998753666877747, 1.493072509765625], [0.5361289381980896, -0.8441295027732849, -0.0033322719391435385, -1.2774658203125], [0.0, 0.0, 0.0, 1.0]], [[0.9478572607040405, 0.31865572929382324, -0.005024705547839403, -1.1439208984375], [-0.014136542566120625, 0.02628842368721962, -0.999554455280304, 1.5620460510253906], [-0.3183816969394684, 0.9475058913230896, 0.02942236140370369, -0.1561279296875], [0.0, 0.0, 0.0, 1.0]], [[0.00928888563066721, 0.9997832179069519, 0.018631301820278168, -0.02880859375], [-0.012026095762848854, 0.018742451444268227, -0.9997519850730896, 1.568063735961914], [-0.9998845458030701, 0.009062543511390686, 0.012197587639093399, 0.0443115234375], [0.0, 0.0, 0.0, 1.0]], [[-0.9237272143363953, 0.3830081820487976, 0.005711286794394255, 1.1605224609375], [-0.007831300608813763, -0.003976208157837391, -0.9999614357948303, 1.5478096008300781], [-0.3829706907272339, -0.9237363338470459, 0.006672384683042765, -0.0436859130859375], [0.0, 0.0, 0.0, 1.0]]], "view": [[0.0, -2.0, 100.0], [-2.0, 0.0, 100.0], [0.0, 0.0, 1.0]], "bev": "bev_5a815d0fa83346778d3272b9105908e2.png", "aux": "aux_5a815d0fa83346778d3272b9105908e2.npz", "visibility": "visibility_5a815d0fa83346778d3272b9105908e2.png", "pose": [[-0.6949636936187744, 0.7190448045730591, 0.0, 1566.3001708984375], [-0.7190448045730591, -0.6949636936187744, 0.0, 843.2435913085938], [0.0, 0.0, 1.0, 0.0], [0.0, 0.0, 0.0, 1.0]], "pose_inverse": [[-0.6949636936187744, -0.7190448045730591, 0.0, 1694.8516845703125], [0.7190448045730591, -0.6949636936187744, 0.0, -540.21630859375], [0.0, 0.0, 1.0, 0.0], [0.0, 0.0, 0.0, 1.0]], "cam_ids": [0, 1, 2, 3, 4, 5], "cam_channels": ["CAM_FRONT_LEFT", "CAM_FRONT", "CAM_FRONT_RIGHT", "CAM_BACK_LEFT", "CAM_BACK", "CAM_BACK_RIGHT"], "token": "5a815d0fa83346778d3272b9105908e2", "scene": "scene-0588"}, {"images": ["samples/CAM_FRONT_LEFT/n008-2018-09-18-13-41-50-0400__CAM_FRONT_LEFT__1537292731754799.jpg", "samples/CAM_FRONT/n008-2018-09-18-13-41-50-0400__CAM_FRONT__1537292731762404.jpg", "samples/CAM_FRONT_RIGHT/n008-2018-09-18-13-41-50-0400__CAM_FRONT_RIGHT__1537292731770482.jpg", "samples/CAM_BACK_LEFT/n008-2018-09-18-13-41-50-0400__CAM_BACK_LEFT__1537292731797405.jpg", "samples/CAM_BACK/n008-2018-09-18-13-41-50-0400__CAM_BACK__1537292731787558.jpg", "samples/CAM_BACK_RIGHT/n008-2018-09-18-13-41-50-0400__CAM_BACK_RIGHT__1537292731778113.jpg"], "intrinsics": [[[1257.8625342125129, 0.0, 827.2410631095686], [0.0, 1257.8625342125129, 450.915498205774], [0.0, 0.0, 1.0]], [[1252.8131021185304, 0.0, 826.588114781398], [0.0, 1252.8131021185304, 469.9846626224581], [0.0, 0.0, 1.0]], [[1256.7485116440405, 0.0, 817.7887570959712], [0.0, 1256.7485116440403, 451.9541780095127], [0.0, 0.0, 1.0]], [[1254.9860565800168, 0.0, 829.5769333630991], [0.0, 1254.9860565800168, 467.1680561863987], [0.0, 0.0, 1.0]], [[796.8910634503094, 0.0, 857.7774326863696], [0.0, 796.8910634503094, 476.8848988407415], [0.0, 0.0, 1.0]], [[1249.9629280788233, 0.0, 825.3768045375984], [0.0, 1249.9629280788233, 462.54816385708756], [0.0, 0.0, 1.0]]], "extrinsics": [[[0.8225292563438416, -0.5685989856719971, -0.0118643119931221, -1.0050048828125], [0.0021345531567931175, 0.023947659879922867, -0.9997109174728394, 1.4882936477661133], [0.5687187314033508, 0.8222662210464478, 0.020911358296871185, -1.333251953125], [0.0, 0.0, 0.0, 1.0]], [[0.010218446142971516, -0.9997516870498657, -0.01979951187968254, 0.00531005859375], [0.004111829213798046, 0.019842389971017838, -0.9997946619987488, 1.4801642894744873], [0.9999392628669739, 0.010134899988770485, 0.004313566256314516, -1.7347412109375], [0.0, 0.0, 0.0, 1.0]], [[-0.8440362215042114, -0.5360404253005981, -0.016230091452598572, 1.0906982421875], [0.012142186984419823, 0.011154823936522007, -0.9998640418052673, 1.4930715560913086], [0.5361485481262207, -0.844118595123291, -0.0029063739348202944, -1.2774658203125], [0.0, 0.0, 0.0, 1.0]], [[0.9478622674942017, 0.31865349411964417, -0.004106373526155949, -1.1436767578125], [-0.013182099908590317, 0.026330243796110153, -0.999566376209259, 1.5620384216308594], [-0.31840723752975464, 0.9475054144859314, 0.02915797010064125, -0.1561279296875], [0.0, 0.0, 0.0, 1.0]], [[0.009265264496207237, 0.9997822642326355, 0.01869731955230236, -0.02880859375], [-0.011077411472797394, 0.018799597397446632, -0.9997618794441223, 1.5680656433105469], [-0.9998957514762878, 0.009055999107658863, 0.011249183677136898, 0.0443115234375], [0.0, 0.0, 0.0, 1.0]], [[-0.9237374067306519, 0.3829951584339142, 0.004887728951871395, 1.16064453125], [-0.006912702694535255, -0.003911140374839306, -0.9999684691429138, 1.5478105545043945], [-0.3829639256000519, -0.9237420558929443, 0.006260397844016552, -0.043670654296875], [0.0, 0.0, 0.0, 1.0]]], "view": [[0.0, -2.0, 100.0], [-2.0, 0.0, 100.0], [0.0, 0.0, 1.0]], "bev": "bev_b933f1e8d8624f0d8a3a88cb9b956e3b.png", "aux": "aux_b933f1e8d8624f0d8a3a88cb9b956e3b.npz", "visibility": "visibility_b933f1e8d8624f0d8a3a88cb9b956e3b.png", "pose": [[-0.6949372291564941, 0.7190703749656677, 0.0, 1566.3001708984375], [-0.7190703749656677, -0.6949372291564941, 0.0, 843.2435913085938], [0.0, 0.0, 1.0, 0.0], [0.0, 0.0, 0.0, 1.0]], "pose_inverse": [[-0.6949372291564941, -0.7190703749656677, 0.0, 1694.831787109375], [0.7190703749656677, -0.6949372291564941, 0.0, -540.2787475585938], [0.0, 0.0, 1.0, 0.0], [0.0, 0.0, 0.0, 1.0]], "cam_ids": [0, 1, 2, 3, 4, 5], "cam_channels": ["CAM_FRONT_LEFT", "CAM_FRONT", "CAM_FRONT_RIGHT", "CAM_BACK_LEFT", "CAM_BACK", "CAM_BACK_RIGHT"], "token": "b933f1e8d8624f0d8a3a88cb9b956e3b", "scene": "scene-0588"}, {"images": ["samples/CAM_FRONT_LEFT/n008-2018-09-18-13-41-50-0400__CAM_FRONT_LEFT__1537292732254799.jpg", "samples/CAM_FRONT/n008-2018-09-18-13-41-50-0400__CAM_FRONT__1537292732262404.jpg", "samples/CAM_FRONT_RIGHT/n008-2018-09-18-13-41-50-0400__CAM_FRONT_RIGHT__1537292732270482.jpg", "samples/CAM_BACK_LEFT/n008-2018-09-18-13-41-50-0400__CAM_BACK_LEFT__1537292732297405.jpg", "samples/CAM_BACK/n008-2018-09-18-13-41-50-0400__CAM_BACK__1537292732287558.jpg", "samples/CAM_BACK_RIGHT/n008-2018-09-18-13-41-50-0400__CAM_BACK_RIGHT__1537292732278113.jpg"], "intrinsics": [[[1257.8625342125129, 0.0, 827.2410631095686], [0.0, 1257.8625342125129, 450.915498205774], [0.0, 0.0, 1.0]], [[1252.8131021185304, 0.0, 826.588114781398], [0.0, 1252.8131021185304, 469.9846626224581], [0.0, 0.0, 1.0]], [[1256.7485116440405, 0.0, 817.7887570959712], [0.0, 1256.7485116440403, 451.9541780095127], [0.0, 0.0, 1.0]], [[1254.9860565800168, 0.0, 829.5769333630991], [0.0, 1254.9860565800168, 467.1680561863987], [0.0, 0.0, 1.0]], [[796.8910634503094, 0.0, 857.7774326863696], [0.0, 796.8910634503094, 476.8848988407415], [0.0, 0.0, 1.0]], [[1249.9629280788233, 0.0, 825.3768045375984], [0.0, 1249.9629280788233, 462.54816385708756], [0.0, 0.0, 1.0]]], "extrinsics": [[[0.8226950168609619, -0.5683994293212891, -0.009752076119184494, -0.9993896484375], [0.0046527208760380745, 0.02388629876077175, -0.9997038245201111, 1.4883251190185547], [0.5684640407562256, 0.822405993938446, 0.022295741364359856, -1.32940673828125], [0.0, 0.0, 0.0, 1.0]], [[0.010467413812875748, -0.9997510313987732, -0.019703732803463936, 0.00531005859375], [0.006761162541806698, 0.01977512426674366, -0.999781608581543, 1.4802069664001465], [0.9999223351478577, 0.01033187098801136, 0.006966473069041967, -1.7286376953125], [0.0, 0.0, 0.0, 1.0]], [[-0.8439056277275085, -0.5361705422401428, -0.018559377640485764, 1.0867919921875], [0.014947338029742241, 0.01108233816921711, -0.9998268485069275, 1.4931411743164062], [0.5362833738327026, -0.8440369963645935, -0.0013381269527599216, -1.2750244140625], [0.0, 0.0, 0.0, 1.0]], [[0.947871208190918, 0.31865194439888, -0.0010298766428604722, -1.143798828125], [-0.009907691739499569, 0.0262409970164299, -0.9996065497398376, 1.5620384216308594], [-0.31849953532218933, 0.9475085139274597, 0.028030194342136383, -0.15625], [0.0, 0.0, 0.0, 1.0]], [[0.009150891564786434, 0.9997841715812683, 0.0186518132686615, -0.02886962890625], [-0.007970922626554966, 0.01872493326663971, -0.9997928142547607, 1.5680465698242188], [-0.9999263882637024, 0.009000347927212715, 0.008140552788972855, 0.04248046875], [0.0, 0.0, 0.0, 1.0]], [[-0.9237902760505676, 0.3828928470611572, 0.0021274143364280462, 1.157470703125], [-0.003956375643610954, -0.003989316988736391, -0.9999842047691345, 1.5477972030639648], [-0.38287830352783203, -0.9237841367721558, 0.005200160667300224, -0.0449981689453125], [0.0, 0.0, 0.0, 1.0]]], "view": [[0.0, -2.0, 100.0], [-2.0, 0.0, 100.0], [0.0, 0.0, 1.0]], "bev": "bev_d23e9f8c61424b0a8069470dc2061ccd.png", "aux": "aux_d23e9f8c61424b0a8069470dc2061ccd.npz", "visibility": "visibility_d23e9f8c61424b0a8069470dc2061ccd.png", "pose": [[-0.6957944631576538, 0.7182409167289734, 0.0, 1566.290771484375], [-0.7182409167289734, -0.6957944631576538, 0.0, 843.2340087890625], [0.0, 0.0, 1.0, 0.0], [0.0, 0.0, 0.0, 1.0]], "pose_inverse": [[-0.6957944631576538, -0.7182409167289734, 0.0, 1695.461669921875], [0.7182409167289734, -0.6957944631576538, 0.0, -538.2565307617188], [0.0, 0.0, 1.0, 0.0], [0.0, 0.0, 0.0, 1.0]], "cam_ids": [0, 1, 2, 3, 4, 5], "cam_channels": ["CAM_FRONT_LEFT", "CAM_FRONT", "CAM_FRONT_RIGHT", "CAM_BACK_LEFT", "CAM_BACK", "CAM_BACK_RIGHT"], "token": "d23e9f8c61424b0a8069470dc2061ccd", "scene": "scene-0588"}, {"images": ["samples/CAM_FRONT_LEFT/n008-2018-09-18-13-41-50-0400__CAM_FRONT_LEFT__1537292732754799.jpg", "samples/CAM_FRONT/n008-2018-09-18-13-41-50-0400__CAM_FRONT__1537292732762404.jpg", "samples/CAM_FRONT_RIGHT/n008-2018-09-18-13-41-50-0400__CAM_FRONT_RIGHT__1537292732770482.jpg", "samples/CAM_BACK_LEFT/n008-2018-09-18-13-41-50-0400__CAM_BACK_LEFT__1537292732797405.jpg", "samples/CAM_BACK/n008-2018-09-18-13-41-50-0400__CAM_BACK__1537292732787558.jpg", "samples/CAM_BACK_RIGHT/n008-2018-09-18-13-41-50-0400__CAM_BACK_RIGHT__1537292732778113.jpg"], "intrinsics": [[[1257.8625342125129, 0.0, 827.2410631095686], [0.0, 1257.8625342125129, 450.915498205774], [0.0, 0.0, 1.0]], [[1252.8131021185304, 0.0, 826.588114781398], [0.0, 1252.8131021185304, 469.9846626224581], [0.0, 0.0, 1.0]], [[1256.7485116440405, 0.0, 817.7887570959712], [0.0, 1256.7485116440403, 451.9541780095127], [0.0, 0.0, 1.0]], [[1254.9860565800168, 0.0, 829.5769333630991], [0.0, 1254.9860565800168, 467.1680561863987], [0.0, 0.0, 1.0]], [[796.8910634503094, 0.0, 857.7774326863696], [0.0, 796.8910634503094, 476.8848988407415], [0.0, 0.0, 1.0]], [[1249.9629280788233, 0.0, 825.3768045375984], [0.0, 1249.9629280788233, 462.54816385708756], [0.0, 0.0, 1.0]]], "extrinsics": [[[0.8235687613487244, -0.567176878452301, -0.006697469856590033, -0.9827880859375], [0.007647394202649593, 0.022909382358193398, -0.9997082948684692, 1.488507628440857], [0.5671648979187012, 0.8232772946357727, 0.023204877972602844, -1.31787109375], [0.0, 0.0, 0.0, 1.0]], [[0.01176945585757494, -0.9997566938400269, -0.018653206527233124, 0.0054931640625], [0.009649897925555706, 0.018767191097140312, -0.9997773170471191, 1.4803876876831055], [0.9998841881752014, 0.011586811393499374, 0.009868429973721504, -1.712158203125], [0.0, 0.0, 0.0, 1.0]], [[-0.8433284163475037, -0.5370131731033325, -0.020347224548459053, 1.0755615234375], [0.017721351236104965, 0.010052049532532692, -0.9997923970222473, 1.4933891296386719], [0.5371062159538269, -0.843514084815979, 0.0010394188575446606, -1.26806640625], [0.0, 0.0, 0.0, 1.0]], [[0.947853684425354, 0.3187047243118286, 0.0008351007709279656, -1.1429443359375], [-0.007559299934655428, 0.025101367384195328, -0.9996563196182251, 1.5620346069335938], [-0.31861618161201477, 0.9475216865539551, 0.026201609522104263, -0.1563720703125], [0.0, 0.0, 0.0, 1.0]], [[0.008710493333637714, 0.9998078346252441, 0.017563601955771446, -0.0286865234375], [-0.00547499256208539, 0.017611689865589142, -0.999829888343811, 1.568023681640625], [-0.999947190284729, 0.00861288607120514, 0.0056273480877280235, 0.0372314453125], [0.0, 0.0, 0.0, 1.0]], [[-0.9240667819976807, 0.38223031163215637, -0.0007423158967867494, 1.1485595703125], [-0.0012906341580674052, -0.005062229000031948, -0.9999863505363464, 1.5477955341339111], [-0.38222888112068176, -0.9240532517433167, 0.005171156954020262, -0.0487060546875], [0.0, 0.0, 0.0, 1.0]]], "view": [[0.0, -2.0, 100.0], [-2.0, 0.0, 100.0], [0.0, 0.0, 1.0]], "bev": "bev_9e78bd46439446ab9ed0c6ac121fa417.png", "aux": "aux_9e78bd46439446ab9ed0c6ac121fa417.npz", "visibility": "visibility_9e78bd46439446ab9ed0c6ac121fa417.png", "pose": [[-0.703381359577179, 0.7108126878738403, 0.0, 1566.15771484375], [-0.7108126878738403, -0.703381359577179, 0.0, 843.0971069335938], [0.0, 0.0, 1.0, 0.0], [0.0, 0.0, 0.0, 1.0]], "pose_inverse": [[-0.703381359577179, -0.7108126878738403, 0.0, 1700.8902587890625], [0.7108126878738403, -0.703381359577179, 0.0, -520.2259521484375], [0.0, 0.0, 1.0, 0.0], [0.0, 0.0, 0.0, 1.0]], "cam_ids": [0, 1, 2, 3, 4, 5], "cam_channels": ["CAM_FRONT_LEFT", "CAM_FRONT", "CAM_FRONT_RIGHT", "CAM_BACK_LEFT", "CAM_BACK", "CAM_BACK_RIGHT"], "token": "9e78bd46439446ab9ed0c6ac121fa417", "scene": "scene-0588"}, {"images": ["samples/CAM_FRONT_LEFT/n008-2018-09-18-13-41-50-0400__CAM_FRONT_LEFT__1537292733254799.jpg", "samples/CAM_FRONT/n008-2018-09-18-13-41-50-0400__CAM_FRONT__1537292733262404.jpg", "samples/CAM_FRONT_RIGHT/n008-2018-09-18-13-41-50-0400__CAM_FRONT_RIGHT__1537292733270482.jpg", "samples/CAM_BACK_LEFT/n008-2018-09-18-13-41-50-0400__CAM_BACK_LEFT__1537292733297405.jpg", "samples/CAM_BACK/n008-2018-09-18-13-41-50-0400__CAM_BACK__1537292733287558.jpg", "samples/CAM_BACK_RIGHT/n008-2018-09-18-13-41-50-0400__CAM_BACK_RIGHT__1537292733278113.jpg"], "intrinsics": [[[1257.8625342125129, 0.0, 827.2410631095686], [0.0, 1257.8625342125129, 450.915498205774], [0.0, 0.0, 1.0]], [[1252.8131021185304, 0.0, 826.588114781398], [0.0, 1252.8131021185304, 469.9846626224581], [0.0, 0.0, 1.0]], [[1256.7485116440405, 0.0, 817.7887570959712], [0.0, 1256.7485116440403, 451.9541780095127], [0.0, 0.0, 1.0]], [[1254.9860565800168, 0.0, 829.5769333630991], [0.0, 1254.9860565800168, 467.1680561863987], [0.0, 0.0, 1.0]], [[796.8910634503094, 0.0, 857.7774326863696], [0.0, 796.8910634503094, 476.8848988407415], [0.0, 0.0, 1.0]], [[1249.9629280788233, 0.0, 825.3768045375984], [0.0, 1249.9629280788233, 462.54816385708756], [0.0, 0.0, 1.0]]], "extrinsics": [[[0.8241447806358337, -0.5663555860519409, -0.0051727090030908585, -0.953857421875], [0.006601918023079634, 0.01873844861984253, -0.9998026490211487, 1.488720178604126], [0.5663407444953918, 0.8239479660987854, 0.019182225689291954, -1.2972412109375], [0.0, 0.0, 0.0, 1.0]], [[0.01257908996194601, -0.9998161196708679, -0.014476709999144077, 0.005218505859375], [0.008422656916081905, 0.014583288691937923, -0.9998582005500793, 1.4806122779846191], [0.9998854398727417, 0.01245538704097271, 0.008604551665484905, -1.6829833984375], [0.0, 0.0, 0.0, 1.0]], [[-0.8430067896842957, -0.5376377701759338, -0.016886549070477486, 1.05615234375], [0.016292240470647812, 0.0058581214398145676, -0.9998500943183899, 1.493734359741211], [0.5376561880111694, -0.843155562877655, 0.0038208873011171818, -1.2564697265625], [0.0, 0.0, 0.0, 1.0]], [[0.9478349685668945, 0.3187520503997803, -0.002467269077897072, -1.140869140625], [-0.009624404832720757, 0.02088058367371559, -0.9997356534004211, 1.5620174407958984], [-0.3186163604259491, 0.9476081728935242, 0.02285914495587349, -0.15692138671875], [0.0, 0.0, 0.0, 1.0]], [[0.008470834232866764, 0.9998753070831299, 0.01332829985767603, -0.028411865234375], [-0.0073125725612044334, 0.013390361331403255, -0.9998835921287537, 1.567941665649414], [-0.9999374151229858, 0.008372466079890728, 0.007425087969750166, 0.0274658203125], [0.0, 0.0, 0.0, 1.0]], [[-0.9242500066757202, 0.38178685307502747, -0.0008532498613931239, 1.1331787109375], [-0.0029104214627295732, -0.009280484169721603, -0.9999527335166931, 1.5477203130722046], [-0.38177669048309326, -0.9242037534713745, 0.009688648395240307, -0.055511474609375], [0.0, 0.0, 0.0, 1.0]]], "view": [[0.0, -2.0, 100.0], [-2.0, 0.0, 100.0], [0.0, 0.0, 1.0]], "bev": "bev_1373475ea81046d3923becca44016b70.png", "aux": "aux_1373475ea81046d3923becca44016b70.npz", "visibility": "visibility_1373475ea81046d3923becca44016b70.png", "pose": [[-0.722711980342865, 0.6911493539810181, 0.0, 1565.78515625], [-0.6911493539810181, -0.722711980342865, 0.0, 842.7189331054688], [0.0, 0.0, 1.0, 0.0], [0.0, 0.0, 0.0, 1.0]], "pose_inverse": [[-0.722711980342865, -0.6911493539810181, 0.0, 1714.0562744140625], [0.6911493539810181, -0.722711980342865, 0.0, -473.1482849121094], [0.0, 0.0, 1.0, 0.0], [0.0, 0.0, 0.0, 1.0]], "cam_ids": [0, 1, 2, 3, 4, 5], "cam_channels": ["CAM_FRONT_LEFT", "CAM_FRONT", "CAM_FRONT_RIGHT", "CAM_BACK_LEFT", "CAM_BACK", "CAM_BACK_RIGHT"], "token": "1373475ea81046d3923becca44016b70", "scene": "scene-0588"}, {"images": ["samples/CAM_FRONT_LEFT/n008-2018-09-18-13-41-50-0400__CAM_FRONT_LEFT__1537292733754799.jpg", "samples/CAM_FRONT/n008-2018-09-18-13-41-50-0400__CAM_FRONT__1537292733762404.jpg", "samples/CAM_FRONT_RIGHT/n008-2018-09-18-13-41-50-0400__CAM_FRONT_RIGHT__1537292733770482.jpg", "samples/CAM_BACK_LEFT/n008-2018-09-18-13-41-50-0400__CAM_BACK_LEFT__1537292733797405.jpg", "samples/CAM_BACK/n008-2018-09-18-13-41-50-0400__CAM_BACK__1537292733787558.jpg", "samples/CAM_BACK_RIGHT/n008-2018-09-18-13-41-50-0400__CAM_BACK_RIGHT__1537292733778113.jpg"], "intrinsics": [[[1257.8625342125129, 0.0, 827.2410631095686], [0.0, 1257.8625342125129, 450.915498205774], [0.0, 0.0, 1.0]], [[1252.8131021185304, 0.0, 826.588114781398], [0.0, 1252.8131021185304, 469.9846626224581], [0.0, 0.0, 1.0]], [[1256.7485116440405, 0.0, 817.7887570959712], [0.0, 1256.7485116440403, 451.9541780095127], [0.0, 0.0, 1.0]], [[1254.9860565800168, 0.0, 829.5769333630991], [0.0, 1254.9860565800168, 467.1680561863987], [0.0, 0.0, 1.0]], [[796.8910634503094, 0.0, 857.7774326863696], [0.0, 796.8910634503094, 476.8848988407415], [0.0, 0.0, 1.0]], [[1249.9629280788233, 0.0, 825.3768045375984], [0.0, 1249.9629280788233, 462.54816385708756], [0.0, 0.0, 1.0]]], "extrinsics": [[[0.8244252800941467, -0.5659397840499878, -0.005935851018875837, -0.93505859375], [0.00496071157976985, 0.017713159322738647, -0.9998307824134827, 1.4887301921844482], [0.5659492015838623, 0.8242563009262085, 0.01741063967347145, -1.28436279296875], [0.0, 0.0, 0.0, 1.0]], [[0.012987992726266384, -0.9998249411582947, -0.013470460660755634, 0.005767822265625], [0.006916543003171682, 0.013561107218265533, -0.9998841285705566, 1.4806647300720215], [0.9998917579650879, 0.012893356382846832, 0.007091463077813387, -1.6636962890625], [0.0, 0.0, 0.0, 1.0]], [[-0.8428477644920349, -0.5379379987716675, -0.0151758324354887, 1.04345703125], [0.014947248622775078, 0.004788112826645374, -0.9998767971992493, 1.493906021118164], [0.5379444360733032, -0.8429708480834961, 0.004005042836070061, -1.2479248046875], [0.0, 0.0, 0.0, 1.0]], [[0.9478310346603394, 0.3187507688999176, -0.0037667325232177973, -1.1397705078125], [-0.010493146255612373, 0.01938791573047638, -0.999756932258606, 1.5619964599609375], [-0.3186003267765045, 0.9476402401924133, 0.021721169352531433, -0.1573486328125], [0.0, 0.0, 0.0, 1.0]], [[0.008355318568646908, 0.9998928308486938, 0.012017972767353058, -0.02850341796875], [-0.008384952321648598, 0.012088026851415634, -0.9998916983604431, 1.5678749084472656], [-0.9999299645423889, 0.00825366098433733, 0.008485052734613419, 0.0213623046875], [0.0, 0.0, 0.0, 1.0]], [[-0.9243447184562683, 0.38155820965766907, -0.00018629974510986358, 1.122802734375], [-0.004110082983970642, -0.010445119813084602, -0.9999369978904724, 1.5476396083831787], [-0.3815361261367798, -0.9242857694625854, 0.011223128996789455, -0.0596923828125], [0.0, 0.0, 0.0, 1.0]]], "view": [[0.0, -2.0, 100.0], [-2.0, 0.0, 100.0], [0.0, 0.0, 1.0]], "bev": "bev_520558ccbaea4431b1f0fac77ead3114.png", "aux": "aux_520558ccbaea4431b1f0fac77ead3114.npz", "visibility": "visibility_520558ccbaea4431b1f0fac77ead3114.png", "pose": [[-0.7470109462738037, 0.6648117303848267, 0.0, 1565.174560546875], [-0.6648117303848267, -0.7470109462738037, 0.0, 842.147705078125], [0.0, 0.0, 1.0, 0.0], [0.0, 0.0, 0.0, 1.0]], "pose_inverse": [[-0.7470109462738037, -0.6648117303848267, 0.0, 1729.072265625], [0.6648117303848267, -0.7470109462738037, 0.0, -411.4527893066406], [0.0, 0.0, 1.0, 0.0], [0.0, 0.0, 0.0, 1.0]], "cam_ids": [0, 1, 2, 3, 4, 5], "cam_channels": ["CAM_FRONT_LEFT", "CAM_FRONT", "CAM_FRONT_RIGHT", "CAM_BACK_LEFT", "CAM_BACK", "CAM_BACK_RIGHT"], "token": "520558ccbaea4431b1f0fac77ead3114", "scene": "scene-0588"}, {"images": ["samples/CAM_FRONT_LEFT/n008-2018-09-18-13-41-50-0400__CAM_FRONT_LEFT__1537292734254799.jpg", "samples/CAM_FRONT/n008-2018-09-18-13-41-50-0400__CAM_FRONT__1537292734262404.jpg", "samples/CAM_FRONT_RIGHT/n008-2018-09-18-13-41-50-0400__CAM_FRONT_RIGHT__1537292734270482.jpg", "samples/CAM_BACK_LEFT/n008-2018-09-18-13-41-50-0400__CAM_BACK_LEFT__1537292734297405.jpg", "samples/CAM_BACK/n008-2018-09-18-13-41-50-0400__CAM_BACK__1537292734287558.jpg", "samples/CAM_BACK_RIGHT/n008-2018-09-18-13-41-50-0400__CAM_BACK_RIGHT__1537292734278113.jpg"], "intrinsics": [[[1257.8625342125129, 0.0, 827.2410631095686], [0.0, 1257.8625342125129, 450.915498205774], [0.0, 0.0, 1.0]], [[1252.8131021185304, 0.0, 826.588114781398], [0.0, 1252.8131021185304, 469.9846626224581], [0.0, 0.0, 1.0]], [[1256.7485116440405, 0.0, 817.7887570959712], [0.0, 1256.7485116440403, 451.9541780095127], [0.0, 0.0, 1.0]], [[1254.9860565800168, 0.0, 829.5769333630991], [0.0, 1254.9860565800168, 467.1680561863987], [0.0, 0.0, 1.0]], [[796.8910634503094, 0.0, 857.7774326863696], [0.0, 796.8910634503094, 476.8848988407415], [0.0, 0.0, 1.0]], [[1249.9629280788233, 0.0, 825.3768045375984], [0.0, 1249.9629280788233, 462.54816385708756], [0.0, 0.0, 1.0]]], "extrinsics": [[[0.8248258233070374, -0.5652531385421753, -0.012300118803977966, -0.92138671875], [0.00026809281553141773, 0.02214623987674713, -0.9997546672821045, 1.4883379936218262], [0.5653868913650513, 0.824620246887207, 0.01841832883656025, -1.2750244140625], [0.0, 0.0, 0.0, 1.0]], [[0.013551345095038414, -0.9997448325157166, -0.018074195832014084, 0.005828857421875], [0.0022646442521363497, 0.018106495961546898, -0.9998334646224976, 1.4803684949874878], [0.9999056458473206, 0.013508173637092113, 0.0025094340089708567, -1.65087890625], [0.0, 0.0, 0.0, 1.0]], [[-0.8426482677459717, -0.5382877588272095, -0.013792449608445168, 1.034912109375], [0.010314391925930977, 0.009473915211856365, -0.9999018907546997, 1.4937562942504883], [0.5383656024932861, -0.8427078723907471, -0.002431068569421768, -1.24267578125], [0.0, 0.0, 0.0, 1.0]], [[0.9477739930152893, 0.31887659430503845, -0.006486126687377691, -1.1392822265625], [-0.015128064900636673, 0.024632006883621216, -0.9995821118354797, 1.5619697570800781], [-0.318583607673645, 0.9474760890007019, 0.02816956304013729, -0.1573486328125], [0.0, 0.0, 0.0, 1.0]], [[0.008194193243980408, 0.9998217225074768, 0.01700846292078495, -0.0284423828125], [-0.012997999787330627, 0.01711409166455269, -0.9997690320014954, 1.5677146911621094], [-0.9998819231987, 0.007971190847456455, 0.013135917484760284, 0.0172119140625], [0.0, 0.0, 0.0, 1.0]], [[-0.9244694113731384, 0.381210058927536, 0.005936753004789352, 1.1162109375], [-0.008736531250178814, -0.005614288151264191, -0.9999460577964783, 1.547389030456543], [-0.3811561167240143, -0.924471378326416, 0.008520691655576229, -0.062469482421875], [0.0, 0.0, 0.0, 1.0]]], "view": [[0.0, -2.0, 100.0], [-2.0, 0.0, 100.0], [0.0, 0.0, 1.0]], "bev": "bev_e34cc7bd436940aba3d9782aef1b66a2.png", "aux": "aux_e34cc7bd436940aba3d9782aef1b66a2.npz", "visibility": "visibility_e34cc7bd436940aba3d9782aef1b66a2.png", "pose": [[-0.7760050892829895, 0.6307266354560852, 0.0, 1564.33984375], [-0.6307266354560852, -0.7760050892829895, 0.0, 841.427490234375], [0.0, 0.0, 1.0, 0.0], [0.0, 0.0, 0.0, 1.0]], "pose_inverse": [[-0.7760050892829895, -0.6307266354560852, 0.0, 1744.6463623046875], [0.6307266354560852, -0.7760050892829895, 0.0, -333.71881103515625], [0.0, 0.0, 1.0, 0.0], [0.0, 0.0, 0.0, 1.0]], "cam_ids": [0, 1, 2, 3, 4, 5], "cam_channels": ["CAM_FRONT_LEFT", "CAM_FRONT", "CAM_FRONT_RIGHT", "CAM_BACK_LEFT", "CAM_BACK", "CAM_BACK_RIGHT"], "token": "e34cc7bd436940aba3d9782aef1b66a2", "scene": "scene-0588"}, {"images": ["samples/CAM_FRONT_LEFT/n008-2018-09-18-13-41-50-0400__CAM_FRONT_LEFT__1537292734754799.jpg", "samples/CAM_FRONT/n008-2018-09-18-13-41-50-0400__CAM_FRONT__1537292734762409.jpg", "samples/CAM_FRONT_RIGHT/n008-2018-09-18-13-41-50-0400__CAM_FRONT_RIGHT__1537292734770482.jpg", "samples/CAM_BACK_LEFT/n008-2018-09-18-13-41-50-0400__CAM_BACK_LEFT__1537292734797405.jpg", "samples/CAM_BACK/n008-2018-09-18-13-41-50-0400__CAM_BACK__1537292734787558.jpg", "samples/CAM_BACK_RIGHT/n008-2018-09-18-13-41-50-0400__CAM_BACK_RIGHT__1537292734778113.jpg"], "intrinsics": [[[1257.8625342125129, 0.0, 827.2410631095686], [0.0, 1257.8625342125129, 450.915498205774], [0.0, 0.0, 1.0]], [[1252.8131021185304, 0.0, 826.588114781398], [0.0, 1252.8131021185304, 469.9846626224581], [0.0, 0.0, 1.0]], [[1256.7485116440405, 0.0, 817.7887570959712], [0.0, 1256.7485116440403, 451.9541780095127], [0.0, 0.0, 1.0]], [[1254.9860565800168, 0.0, 829.5769333630991], [0.0, 1254.9860565800168, 467.1680561863987], [0.0, 0.0, 1.0]], [[796.8910634503094, 0.0, 857.7774326863696], [0.0, 796.8910634503094, 476.8848988407415], [0.0, 0.0, 1.0]], [[1249.9629280788233, 0.0, 825.3768045375984], [0.0, 1249.9629280788233, 462.54816385708756], [0.0, 0.0, 1.0]]], "extrinsics": [[[0.8252678513526917, -0.5645827054977417, -0.01339158695191145, -0.9180908203125], [-0.006586735602468252, 0.014088543131947517, -0.999879002571106, 1.4875965118408203], [0.564703106880188, 0.8252564072608948, 0.007908063009381294, -1.2745361328125], [0.0, 0.0, 0.0, 1.0]], [[0.014297048561275005, -0.9998466372489929, -0.010119142942130566, 0.007080078125], [-0.0046759312972426414, 0.010053211823105812, -0.9999385476112366, 1.4797477722167969], [0.9998869299888611, 0.014343484304845333, -0.004531483165919781, -1.64697265625], [0.0, 0.0, 0.0, 1.0]], [[-0.842355489730835, -0.5389103889465332, -0.003584702732041478, 1.032958984375], [0.003318748902529478, 0.0014642756432294846, -0.9999933838844299, 1.4932990074157715], [0.5389121174812317, -0.8423618078231812, 0.0005550674395635724, -1.2403564453125], [0.0, 0.0, 0.0, 1.0]], [[0.9477320909500122, 0.31868019700050354, -0.015712324529886246, -1.1397705078125], [-0.022243866696953773, 0.016866518184542656, -0.9996103048324585, 1.5619468688964844], [-0.31829097867012024, 0.9477121829986572, 0.023073621094226837, -0.1573486328125], [0.0, 0.0, 0.0, 1.0]], [[0.008083385415375233, 0.9999263286590576, 0.009057811461389065, -0.0287933349609375], [-0.02005288191139698, 0.009218377992510796, -0.999756395816803, 1.5675010681152344], [-0.9997663497924805, 0.007899871096014977, 0.020125919952988625, 0.0164794921875], [0.0, 0.0, 0.0, 1.0]], [[-0.9245980381965637, 0.3808281421661377, 0.009395301342010498, 1.11376953125], [-0.0157546978443861, -0.01358485035598278, -0.9997836351394653, 1.5470199584960938], [-0.3806181848049164, -0.9245460033416748, 0.018560361117124557, -0.062530517578125], [0.0, 0.0, 0.0, 1.0]]], "view": [[0.0, -2.0, 100.0], [-2.0, 0.0, 100.0], [0.0, 0.0, 1.0]], "bev": "bev_6bf9329595b74be389d6a196a17db716.png", "aux": "aux_6bf9329595b74be389d6a196a17db716.npz", "visibility": "visibility_6bf9329595b74be389d6a196a17db716.png", "pose": [[-0.8050122261047363, 0.593258261680603, 0.0, 1563.4154052734375], [-0.593258261680603, -0.8050122261047363, 0.0, 840.7105712890625], [0.0, 0.0, 1.0, 0.0], [0.0, 0.0, 0.0, 1.0]], "pose_inverse": [[-0.8050122261047363, -0.593258261680603, 0.0, 1757.326904296875], [0.593258261680603, -0.8050122261047363, 0.0, -250.726806640625], [0.0, 0.0, 1.0, 0.0], [0.0, 0.0, 0.0, 1.0]], "cam_ids": [0, 1, 2, 3, 4, 5], "cam_channels": ["CAM_FRONT_LEFT", "CAM_FRONT", "CAM_FRONT_RIGHT", "CAM_BACK_LEFT", "CAM_BACK", "CAM_BACK_RIGHT"], "token": "6bf9329595b74be389d6a196a17db716", "scene": "scene-0588"}, {"images": ["samples/CAM_FRONT_LEFT/n008-2018-09-18-13-41-50-0400__CAM_FRONT_LEFT__1537292735254799.jpg", "samples/CAM_FRONT/n008-2018-09-18-13-41-50-0400__CAM_FRONT__1537292735262404.jpg", "samples/CAM_FRONT_RIGHT/n008-2018-09-18-13-41-50-0400__CAM_FRONT_RIGHT__1537292735270482.jpg", "samples/CAM_BACK_LEFT/n008-2018-09-18-13-41-50-0400__CAM_BACK_LEFT__1537292735297405.jpg", "samples/CAM_BACK/n008-2018-09-18-13-41-50-0400__CAM_BACK__1537292735287558.jpg", "samples/CAM_BACK_RIGHT/n008-2018-09-18-13-41-50-0400__CAM_BACK_RIGHT__1537292735278113.jpg"], "intrinsics": [[[1257.8625342125129, 0.0, 827.2410631095686], [0.0, 1257.8625342125129, 450.915498205774], [0.0, 0.0, 1.0]], [[1252.8131021185304, 0.0, 826.588114781398], [0.0, 1252.8131021185304, 469.9846626224581], [0.0, 0.0, 1.0]], [[1256.7485116440405, 0.0, 817.7887570959712], [0.0, 1256.7485116440403, 451.9541780095127], [0.0, 0.0, 1.0]], [[1254.9860565800168, 0.0, 829.5769333630991], [0.0, 1254.9860565800168, 467.1680561863987], [0.0, 0.0, 1.0]], [[796.8910634503094, 0.0, 857.7774326863696], [0.0, 796.8910634503094, 476.8848988407415], [0.0, 0.0, 1.0]], [[1249.9629280788233, 0.0, 825.3768045375984], [0.0, 1249.9629280788233, 462.54816385708756], [0.0, 0.0, 1.0]]], "extrinsics": [[[0.8273900151252747, -0.5615102648735046, -0.01149644423276186, -0.9053955078125], [-0.006556016393005848, 0.010812169872224331, -0.9999200105667114, 1.4875078201293945], [0.5615896582603455, 0.8273992538452148, 0.005264610052108765, -1.26495361328125], [0.0, 0.0, 0.0, 1.0]], [[0.01735171116888523, -0.9998258948326111, -0.006865410599857569, 0.0067138671875], [-0.0046543157659471035, 0.006785599514842033, -0.9999661445617676, 1.479705810546875], [0.999838650226593, 0.017383025959134102, -0.0045357635244727135, -1.635498046875], [0.0, 0.0, 0.0, 1.0]], [[-0.8410683274269104, -0.540925920009613, -0.0018090340308845043, 1.025146484375], [0.0033040319103747606, -0.001793028088286519, -0.9999929070472717, 1.4933271408081055], [0.5409188270568848, -0.8410683274269104, 0.003295294474810362, -1.23583984375], [0.0, 0.0, 0.0, 1.0]], [[0.9476720690727234, 0.31878626346588135, -0.017115186899900436, -1.1392822265625], [-0.022602692246437073, 0.013522197492420673, -0.9996531009674072, 1.5619354248046875], [-0.31844425201416016, 0.9477302432060242, 0.02002003602683544, -0.15728759765625], [0.0, 0.0, 0.0, 1.0]], [[0.0071110655553638935, 0.9999581575393677, 0.005764552857726812, -0.028350830078125], [-0.020350903272628784, 0.005908224266022444, -0.9997754096984863, 1.5674247741699219], [-0.9997676610946655, 0.006992199458181858, 0.02039206400513649, 0.012939453125], [0.0, 0.0, 0.0, 1.0]], [[-0.9252625107765198, 0.3792373836040497, 0.00825816672295332, 1.10791015625], [-0.01584523171186447, -0.016889279708266258, -0.9997317790985107, 1.5469074249267578], [-0.37899619340896606, -0.9251452088356018, 0.021636120975017548, -0.06549072265625], [0.0, 0.0, 0.0, 1.0]]], "view": [[0.0, -2.0, 100.0], [-2.0, 0.0, 100.0], [0.0, 0.0, 1.0]], "bev": "bev_246a239b9993488b9c97aa3eb502f821.png", "aux": "aux_246a239b9993488b9c97aa3eb502f821.npz", "visibility": "visibility_246a239b9993488b9c97aa3eb502f821.png", "pose": [[-0.8527350425720215, 0.5223437547683716, 0.0, 1562.3812255859375], [-0.5223437547683716, -0.8527350425720215, 0.0, 840.0151977539062], [0.0, 0.0, 1.0, 0.0], [0.0, 0.0, 0.0, 1.0]], "pose_inverse": [[-0.8527350425720215, -0.5223437547683716, 0.0, 1771.0738525390625], [0.5223437547683716, -0.8527350425720215, 0.0, -99.7896499633789], [0.0, 0.0, 1.0, 0.0], [0.0, 0.0, 0.0, 1.0]], "cam_ids": [0, 1, 2, 3, 4, 5], "cam_channels": ["CAM_FRONT_LEFT", "CAM_FRONT", "CAM_FRONT_RIGHT", "CAM_BACK_LEFT", "CAM_BACK", "CAM_BACK_RIGHT"], "token": "246a239b9993488b9c97aa3eb502f821", "scene": "scene-0588"}, {"images": ["samples/CAM_FRONT_LEFT/n008-2018-09-18-13-41-50-0400__CAM_FRONT_LEFT__1537292735754799.jpg", "samples/CAM_FRONT/n008-2018-09-18-13-41-50-0400__CAM_FRONT__1537292735762404.jpg", "samples/CAM_FRONT_RIGHT/n008-2018-09-18-13-41-50-0400__CAM_FRONT_RIGHT__1537292735770482.jpg", "samples/CAM_BACK_LEFT/n008-2018-09-18-13-41-50-0400__CAM_BACK_LEFT__1537292735797405.jpg", "samples/CAM_BACK/n008-2018-09-18-13-41-50-0400__CAM_BACK__1537292735787558.jpg", "samples/CAM_BACK_RIGHT/n008-2018-09-18-13-41-50-0400__CAM_BACK_RIGHT__1537292735778113.jpg"], "intrinsics": [[[1257.8625342125129, 0.0, 827.2410631095686], [0.0, 1257.8625342125129, 450.915498205774], [0.0, 0.0, 1.0]], [[1252.8131021185304, 0.0, 826.588114781398], [0.0, 1252.8131021185304, 469.9846626224581], [0.0, 0.0, 1.0]], [[1256.7485116440405, 0.0, 817.7887570959712], [0.0, 1256.7485116440403, 451.9541780095127], [0.0, 0.0, 1.0]], [[1254.9860565800168, 0.0, 829.5769333630991], [0.0, 1254.9860565800168, 467.1680561863987], [0.0, 0.0, 1.0]], [[796.8910634503094, 0.0, 857.7774326863696], [0.0, 796.8910634503094, 476.8848988407415], [0.0, 0.0, 1.0]], [[1249.9629280788233, 0.0, 825.3768045375984], [0.0, 1249.9629280788233, 462.54816385708756], [0.0, 0.0, 1.0]]], "extrinsics": [[[0.830651044845581, -0.5567238330841064, -0.008789153769612312, -0.8736572265625], [-0.0066893757320940495, 0.0058058793656528, -0.9999607801437378, 1.4872407913208008], [0.5567530989646912, 0.8306772708892822, 0.0010985240805894136, -1.2423095703125], [0.0, 0.0, 0.0, 1.0]], [[0.022267714142799377, -0.999749481678009, -0.0022374563850462437, 0.00638580322265625], [-0.004413792863488197, 0.002139680553227663, -0.9999879598617554, 1.4795818328857422], [0.9997422695159912, 0.0222773440182209, -0.004365042317658663, -1.6015625], [0.0, 0.0, 0.0, 1.0]], [[-0.8389647006988525, -0.5441857576370239, -9.503334149485454e-05, 1.002197265625], [0.004014138597995043, -0.006013919599354267, -0.9999738931655884, 1.4934816360473633], [0.5441710352897644, -0.8389431834220886, 0.007229904644191265, -1.22198486328125], [0.0, 0.0, 0.0, 1.0]], [[0.9475990533828735, 0.31906944513320923, -0.015833858400583267, -1.13671875], [-0.020282559096813202, 0.01062473002821207, -0.9997377991676331, 1.5618934631347656], [-0.3188175559043884, 0.9476717710494995, 0.016539528965950012, -0.15802001953125], [0.0, 0.0, 0.0, 1.0]], [[0.005449479911476374, 0.9999822378158569, 0.002386802574619651, -0.02783203125], [-0.01857152208685875, 0.0024876329116523266, -0.9998244047164917, 1.5672607421875], [-0.999812662601471, 0.005404236260801554, 0.018584752455353737, 0.001220703125], [0.0, 0.0, 0.0, 1.0]], [[-0.9263640642166138, 0.37658557295799255, 0.005726603325456381, 1.0897216796875], [-0.014629737474024296, -0.020786011591553688, -0.9996768832206726, 1.546661376953125], [-0.37634482979774475, -0.9261485934257507, 0.024764765053987503, -0.07379150390625], [0.0, 0.0, 0.0, 1.0]]], "view": [[0.0, -2.0, 100.0], [-2.0, 0.0, 100.0], [0.0, 0.0, 1.0]], "bev": "bev_03b20346a22640a2a30c7e350016d90f.png", "aux": "aux_03b20346a22640a2a30c7e350016d90f.npz", "visibility": "visibility_03b20346a22640a2a30c7e350016d90f.png", "pose": [[-0.9157739877700806, 0.40169385075569153, 0.0, 1560.9854736328125], [-0.40169385075569153, -0.9157739877700806, 0.0, 839.2791137695312], [0.0, 0.0, 1.0, 0.0], [0.0, 0.0, 0.0, 1.0]], "pose_inverse": [[-0.9157739877700806, -0.40169385075569153, 0.0, 1766.6431884765625], [0.40169385075569153, -0.9157739877700806, 0.0, 141.55172729492188], [0.0, 0.0, 1.0, 0.0], [0.0, 0.0, 0.0, 1.0]], "cam_ids": [0, 1, 2, 3, 4, 5], "cam_channels": ["CAM_FRONT_LEFT", "CAM_FRONT", "CAM_FRONT_RIGHT", "CAM_BACK_LEFT", "CAM_BACK", "CAM_BACK_RIGHT"], "token": "03b20346a22640a2a30c7e350016d90f", "scene": "scene-0588"}, {"images": ["samples/CAM_FRONT_LEFT/n008-2018-09-18-13-41-50-0400__CAM_FRONT_LEFT__1537292736254799.jpg", "samples/CAM_FRONT/n008-2018-09-18-13-41-50-0400__CAM_FRONT__1537292736262404.jpg", "samples/CAM_FRONT_RIGHT/n008-2018-09-18-13-41-50-0400__CAM_FRONT_RIGHT__1537292736270482.jpg", "samples/CAM_BACK_LEFT/n008-2018-09-18-13-41-50-0400__CAM_BACK_LEFT__1537292736297405.jpg", "samples/CAM_BACK/n008-2018-09-18-13-41-50-0400__CAM_BACK__1537292736287558.jpg", "samples/CAM_BACK_RIGHT/n008-2018-09-18-13-41-50-0400__CAM_BACK_RIGHT__1537292736278113.jpg"], "intrinsics": [[[1257.8625342125129, 0.0, 827.2410631095686], [0.0, 1257.8625342125129, 450.915498205774], [0.0, 0.0, 1.0]], [[1252.8131021185304, 0.0, 826.588114781398], [0.0, 1252.8131021185304, 469.9846626224581], [0.0, 0.0, 1.0]], [[1256.7485116440405, 0.0, 817.7887570959712], [0.0, 1256.7485116440403, 451.9541780095127], [0.0, 0.0, 1.0]], [[1254.9860565800168, 0.0, 829.5769333630991], [0.0, 1254.9860565800168, 467.1680561863987], [0.0, 0.0, 1.0]], [[796.8910634503094, 0.0, 857.7774326863696], [0.0, 796.8910634503094, 476.8848988407415], [0.0, 0.0, 1.0]], [[1249.9629280788233, 0.0, 825.3768045375984], [0.0, 1249.9629280788233, 462.54816385708756], [0.0, 0.0, 1.0]]], "extrinsics": [[[0.8333227634429932, -0.5527702569961548, 0.004278133157640696, -0.85546875], [0.007660595700144768, 0.003809490008279681, -0.9999634027481079, 1.4896955490112305], [0.5527337789535522, 0.8333250880241394, 0.007409082259982824, -1.23046875], [0.0, 0.0, 0.0, 1.0]], [[0.02633620984852314, -0.9996528625488281, 0.0007772259414196014, 0.007110595703125], [0.009737708605825901, -0.0005209161317907274, -0.9999524354934692, 1.4816417694091797], [0.9996057748794556, 0.026342540979385376, 0.009720608592033386, -1.5830078125], [0.0, 0.0, 0.0, 1.0]], [[-0.8371081948280334, -0.5469479560852051, -0.009889787994325161, 0.989501953125], [0.017942268401384354, -0.009382717311382294, -0.9997950196266174, 1.4952049255371094], [0.5467430949211121, -0.8371140360832214, 0.01766783557832241, -1.2135009765625], [0.0, 0.0, 0.0, 1.0]], [[0.947509229183197, 0.31968194246292114, -0.00545528857037425, -1.1334228515625], [-0.0073873670771718025, 0.0048314351588487625, -0.9999610185623169, 1.5619611740112305], [-0.31964311003685, 0.9475126266479492, 0.006939437240362167, -0.15949249267578125], [0.0, 0.0, 0.0, 1.0]], [[0.003813041839748621, 0.9999896287918091, -0.0024794491473585367, -0.02801513671875], [-0.005415583495050669, -0.0024587807711213827, -0.99