[{"images": ["samples/CAM_FRONT_LEFT/n008-2018-09-18-14-54-39-0400__CAM_FRONT_LEFT__1537297332854799.jpg", "samples/CAM_FRONT/n008-2018-09-18-14-54-39-0400__CAM_FRONT__1537297332862404.jpg", "samples/CAM_FRONT_RIGHT/n008-2018-09-18-14-54-39-0400__CAM_FRONT_RIGHT__1537297332870482.jpg", "samples/CAM_BACK_LEFT/n008-2018-09-18-14-54-39-0400__CAM_BACK_LEFT__1537297332897405.jpg", "samples/CAM_BACK/n008-2018-09-18-14-54-39-0400__CAM_BACK__1537297332887558.jpg", "samples/CAM_BACK_RIGHT/n008-2018-09-18-14-54-39-0400__CAM_BACK_RIGHT__1537297332878113.jpg"], "intrinsics": [[[1257.8625342125129, 0.0, 827.2410631095686], [0.0, 1257.8625342125129, 450.915498205774], [0.0, 0.0, 1.0]], [[1252.8131021185304, 0.0, 826.588114781398], [0.0, 1252.8131021185304, 469.9846626224581], [0.0, 0.0, 1.0]], [[1256.7485116440405, 0.0, 817.7887570959712], [0.0, 1256.7485116440403, 451.9541780095127], [0.0, 0.0, 1.0]], [[1254.9860565800168, 0.0, 829.5769333630991], [0.0, 1254.9860565800168, 467.1680561863987], [0.0, 0.0, 1.0]], [[796.8910634503094, 0.0, 857.7774326863696], [0.0, 796.8910634503094, 476.8848988407415], [0.0, 0.0, 1.0]], [[1249.9629280788233, 0.0, 825.3768045375984], [0.0, 1249.9629280788233, 462.54816385708756], [0.0, 0.0, 1.0]]], "extrinsics": [[[0.8225366473197937, -0.568683385848999, -0.005731482524424791, -1.0050048828125], [0.006234570872038603, 0.019094089046120644, -0.9997982382774353, 1.4882936477661133], [0.5686780214309692, 0.8223349452018738, 0.019251082092523575, -1.333251953125], [0.0, 0.0, 0.0, 1.0]], [[0.010246393270790577, -0.9998363852500916, -0.014904642477631569, 0.00543212890625], [0.008195852860808372, 0.014988896436989307, -0.9998540878295898, 1.4801654815673828], [0.9999138712882996, 0.01012270525097847, 0.008348094299435616, -1.734619140625], [0.0, 0.0, 0.0, 1.0]], [[-0.843986988067627, -0.5360919237136841, -0.017069004476070404, 1.090576171875], [0.0162208192050457, 0.0062979101203382015, -0.9998485445976257, 1.4930686950683594], [0.53611820936203, -0.8441360592842102, 0.0033804948907345533, -1.2777099609375], [0.0, 0.0, 0.0, 1.0]], [[0.9478774070739746, 0.3186299204826355, -0.001842547208070755, -1.1439208984375], [-0.009158608503639698, 0.021464377641677856, -0.9997276067733765, 1.5620403289794922], [-0.31850355863571167, 0.9476361274719238, 0.023263802751898766, -0.15606689453125], [0.0, 0.0, 0.0, 1.0]], [[0.009219741448760033, 0.9998613595962524, 0.013869130052626133, -0.02886962890625], [-0.0070333098992705345, 0.01393421832472086, -0.9998781681060791, 1.568063735961914], [-0.9999327659606934, 0.009121067821979523, 0.007160805631428957, 0.044189453125], [0.0, 0.0, 0.0, 1.0]], [[-0.9237348437309265, 0.3830317258834839, -0.0007390088867396116, 1.16064453125], [-0.002837458625435829, -0.00877221766859293, -0.9999575018882751, 1.5478129386901855], [-0.38302189111709595, -0.9236935377120972, 0.009190041571855545, -0.043731689453125], [0.0, 0.0, 0.0, 1.0]]], "view": [[0.0, -2.0, 100.0], [-2.0, 0.0, 100.0], [0.0, 0.0, 1.0]], "bev": "bev_8a3f68fd59264a7abc8658b147f1ebd4.png", "aux": "aux_8a3f68fd59264a7abc8658b147f1ebd4.npz", "visibility": "visibility_8a3f68fd59264a7abc8658b147f1ebd4.png", "pose": [[0.6459163427352905, -0.7634081840515137, 0.0, 1536.119140625], [0.7634081840515137, 0.6459163427352905, 0.0, 1320.222900390625], [0.0, 0.0, 1.0, 0.0], [0.0, 0.0, 0.0, 1.0]], "pose_inverse": [[0.6459163427352905, 0.7634081840515137, 0.0, -2000.073486328125], [-0.7634081840515137, 0.6459163427352905, 0.0, 319.9324035644531], [0.0, 0.0, 1.0, 0.0], [0.0, 0.0, 0.0, 1.0]], "cam_ids": [0, 1, 2, 3, 4, 5], "cam_channels": ["CAM_FRONT_LEFT", "CAM_FRONT", "CAM_FRONT_RIGHT", "CAM_BACK_LEFT", "CAM_BACK", "CAM_BACK_RIGHT"], "token": "8a3f68fd59264a7abc8658b147f1ebd4", "scene": "scene-0882"}, {"images": ["samples/CAM_FRONT_LEFT/n008-2018-09-18-14-54-39-0400__CAM_FRONT_LEFT__1537297333354799.jpg", "samples/CAM_FRONT/n008-2018-09-18-14-54-39-0400__CAM_FRONT__1537297333362404.jpg", "samples/CAM_FRONT_RIGHT/n008-2018-09-18-14-54-39-0400__CAM_FRONT_RIGHT__1537297333370482.jpg", "samples/CAM_BACK_LEFT/n008-2018-09-18-14-54-39-0400__CAM_BACK_LEFT__1537297333397405.jpg", "samples/CAM_BACK/n008-2018-09-18-14-54-39-0400__CAM_BACK__1537297333387558.jpg", "samples/CAM_BACK_RIGHT/n008-2018-09-18-14-54-39-0400__CAM_BACK_RIGHT__1537297333378113.jpg"], "intrinsics": [[[1257.8625342125129, 0.0, 827.2410631095686], [0.0, 1257.8625342125129, 450.915498205774], [0.0, 0.0, 1.0]], [[1252.8131021185304, 0.0, 826.588114781398], [0.0, 1252.8131021185304, 469.9846626224581], [0.0, 0.0, 1.0]], [[1256.7485116440405, 0.0, 817.7887570959712], [0.0, 1256.7485116440403, 451.9541780095127], [0.0, 0.0, 1.0]], [[1254.9860565800168, 0.0, 829.5769333630991], [0.0, 1254.9860565800168, 467.1680561863987], [0.0, 0.0, 1.0]], [[796.8910634503094, 0.0, 857.7774326863696], [0.0, 796.8910634503094, 476.8848988407415], [0.0, 0.0, 1.0]], [[1249.9629280788233, 0.0, 825.3768045375984], [0.0, 1249.9629280788233, 462.54816385708756], [0.0, 0.0, 1.0]]], "extrinsics": [[[0.8225486278533936, -0.5686678886413574, -0.005549911875277758, -1.0050048828125], [0.006362150423228741, 0.018960068002343178, -0.9997999668121338, 1.4882926940917969], [0.5686593055725098, 0.8223487734794617, 0.01921352744102478, -1.33331298828125], [0.0, 0.0, 0.0, 1.0]], [[0.010260109789669514, -0.9998383522033691, -0.01476265024393797, 0.005401611328125], [0.008312511257827282, 0.014848199672996998, -0.9998552203178406, 1.4801645278930664], [0.9999127388000488, 0.010135884396731853, 0.008463513106107712, -1.73486328125], [0.0, 0.0, 0.0, 1.0]], [[-0.8439831137657166, -0.5360974073410034, -0.017090801149606705, 1.0904541015625], [0.016332993283867836, 0.00616198917850852, -0.9998475909233093, 1.4930744171142578], [0.5361210703849792, -0.8441336154937744, 0.003555460600182414, -1.277587890625], [0.0, 0.0, 0.0, 1.0]], [[0.9478779435157776, 0.3186286985874176, -0.0017627570778131485, -1.1441650390625], [-0.009033279493451118, 0.021341964602470398, -0.9997314214706421, 1.5620403289794922], [-0.31850552558898926, 0.9476393461227417, 0.02310783974826336, -0.156005859375], [0.0, 0.0, 0.0, 1.0]], [[0.009217255748808384, 0.9998629689216614, 0.013752230443060398, -0.02886962890625], [-0.006912802811712027, 0.013816200196743011, -0.9998806118965149, 1.5680618286132812], [-0.9999337196350098, 0.009121100418269634, 0.007039202842861414, 0.044189453125], [0.0, 0.0, 0.0, 1.0]], [[-0.9237354397773743, 0.3830299973487854, -0.0008929925388656557, 1.1605224609375], [-0.002722248202189803, -0.008896409533917904, -0.9999566674232483, 1.54781174659729], [-0.3830212950706482, -0.9236931204795837, 0.0092606320977211, -0.043701171875], [0.0, 0.0, 0.0, 1.0]]], "view": [[0.0, -2.0, 100.0], [-2.0, 0.0, 100.0], [0.0, 0.0, 1.0]], "bev": "bev_a8fb01f793284709a83a605f160f3413.png", "aux": "aux_a8fb01f793284709a83a605f160f3413.npz", "visibility": "visibility_a8fb01f793284709a83a605f160f3413.png", "pose": [[0.6458778381347656, -0.7634407877922058, 0.0, 1536.119140625], [0.7634407877922058, 0.6458778381347656, 0.0, 1320.222900390625], [0.0, 0.0, 1.0, 0.0], [0.0, 0.0, 0.0, 1.0]], "pose_inverse": [[0.6458778381347656, 0.7634407877922058, 0.0, -2000.0572509765625], [-0.7634407877922058, 0.6458778381347656, 0.0, 320.0333251953125], [0.0, 0.0, 1.0, 0.0], [0.0, 0.0, 0.0, 1.0]], "cam_ids": [0, 1, 2, 3, 4, 5], "cam_channels": ["CAM_FRONT_LEFT", "CAM_FRONT", "CAM_FRONT_RIGHT", "CAM_BACK_LEFT", "CAM_BACK", "CAM_BACK_RIGHT"], "token": "a8fb01f793284709a83a605f160f3413", "scene": "scene-0882"}, {"images": ["samples/CAM_FRONT_LEFT/n008-2018-09-18-14-54-39-0400__CAM_FRONT_LEFT__1537297333854799.jpg", "samples/CAM_FRONT/n008-2018-09-18-14-54-39-0400__CAM_FRONT__1537297333862404.jpg", "samples/CAM_FRONT_RIGHT/n008-2018-09-18-14-54-39-0400__CAM_FRONT_RIGHT__1537297333870482.jpg", "samples/CAM_BACK_LEFT/n008-2018-09-18-14-54-39-0400__CAM_BACK_LEFT__1537297333897405.jpg", "samples/CAM_BACK/n008-2018-09-18-14-54-39-0400__CAM_BACK__1537297333887558.jpg", "samples/CAM_BACK_RIGHT/n008-2018-09-18-14-54-39-0400__CAM_BACK_RIGHT__1537297333878113.jpg"], "intrinsics": [[[1257.8625342125129, 0.0, 827.2410631095686], [0.0, 1257.8625342125129, 450.915498205774], [0.0, 0.0, 1.0]], [[1252.8131021185304, 0.0, 826.588114781398], [0.0, 1252.8131021185304, 469.9846626224581], [0.0, 0.0, 1.0]], [[1256.7485116440405, 0.0, 817.7887570959712], [0.0, 1256.7485116440403, 451.9541780095127], [0.0, 0.0, 1.0]], [[1254.9860565800168, 0.0, 829.5769333630991], [0.0, 1254.9860565800168, 467.1680561863987], [0.0, 0.0, 1.0]], [[796.8910634503094, 0.0, 857.7774326863696], [0.0, 796.8910634503094, 476.8848988407415], [0.0, 0.0, 1.0]], [[1249.9629280788233, 0.0, 825.3768045375984], [0.0, 1249.9629280788233, 462.54816385708756], [0.0, 0.0, 1.0]]], "extrinsics": [[[0.8225497603416443, -0.5686648488044739, -0.005677435547113419, -1.0050048828125], [0.006199345923960209, 0.018948907032608986, -0.9998012185096741, 1.4882941246032715], [0.5686594247817993, 0.8223510980606079, 0.019111767411231995, -1.33331298828125], [0.0, 0.0, 0.0, 1.0]], [[0.010262464173138142, -0.9998384118080139, -0.014754644595086575, 0.005401611328125], [0.008154531009495258, 0.014838611707091331, -0.9998566508293152, 1.4801654815673828], [0.9999140501022339, 0.010140690952539444, 0.008305494673550129, -1.73486328125], [0.0, 0.0, 0.0, 1.0]], [[-0.8439826965332031, -0.5361024737358093, -0.0169527530670166, 1.090576171875], [0.016178201884031296, 0.00614825077354908, -0.9998502135276794, 1.4930744171142578], [0.536126434803009, -0.8441305160522461, 0.003484155982732773, -1.2777099609375], [0.0, 0.0, 0.0, 1.0]], [[0.9478779435157776, 0.31862783432006836, -0.0019484773511067033, -1.143798828125], [-0.009218382649123669, 0.02130996808409691, -0.9997304081916809, 1.5620460510253906], [-0.3185003697872162, 0.9476402997970581, 0.023136481642723083, -0.1558837890625], [0.0, 0.0, 0.0, 1.0]], [[0.009217198938131332, 0.99986332654953, 0.013726388104259968, -0.02886962890625], [-0.007093740627169609, 0.013792005367577076, -0.9998797178268433, 1.5680656433105469], [-0.9999324083328247, 0.009118731133639812, 0.007219895254820585, 0.0443115234375], [0.0, 0.0, 0.0, 1.0]], [[-0.9237373471260071, 0.38302576541900635, -0.0007541472441516817, 1.16064453125], [-0.002882076660171151, -0.008919494226574898, -0.9999560713768005, 1.5478122234344482], [-0.38301557302474976, -0.9236945509910583, 0.009343179874122143, -0.0435791015625], [0.0, 0.0, 0.0, 1.0]]], "view": [[0.0, -2.0, 100.0], [-2.0, 0.0, 100.0], [0.0, 0.0, 1.0]], "bev": "bev_fe28cf9497764110b353b6ad307d54db.png", "aux": "aux_fe28cf9497764110b353b6ad307d54db.npz", "visibility": "visibility_fe28cf9497764110b353b6ad307d54db.png", "pose": [[0.6459040641784668, -0.7634186148643494, 0.0, 1536.119140625], [0.7634186148643494, 0.6459040641784668, 0.0, 1320.222900390625], [0.0, 0.0, 1.0, 0.0], [0.0, 0.0, 0.0, 1.0]], "pose_inverse": [[0.6459040641784668, 0.7634186148643494, 0.0, -2000.0682373046875], [-0.7634186148643494, 0.6459040641784668, 0.0, 319.964599609375], [0.0, 0.0, 1.0, 0.0], [0.0, 0.0, 0.0, 1.0]], "cam_ids": [0, 1, 2, 3, 4, 5], "cam_channels": ["CAM_FRONT_LEFT", "CAM_FRONT", "CAM_FRONT_RIGHT", "CAM_BACK_LEFT", "CAM_BACK", "CAM_BACK_RIGHT"], "token": "fe28cf9497764110b353b6ad307d54db", "scene": "scene-0882"}, {"images": ["samples/CAM_FRONT_LEFT/n008-2018-09-18-14-54-39-0400__CAM_FRONT_LEFT__1537297334354799.jpg", "samples/CAM_FRONT/n008-2018-09-18-14-54-39-0400__CAM_FRONT__1537297334362404.jpg", "samples/CAM_FRONT_RIGHT/n008-2018-09-18-14-54-39-0400__CAM_FRONT_RIGHT__1537297334370482.jpg", "samples/CAM_BACK_LEFT/n008-2018-09-18-14-54-39-0400__CAM_BACK_LEFT__1537297334397405.jpg", "samples/CAM_BACK/n008-2018-09-18-14-54-39-0400__CAM_BACK__1537297334387558.jpg", "samples/CAM_BACK_RIGHT/n008-2018-09-18-14-54-39-0400__CAM_BACK_RIGHT__1537297334378113.jpg"], "intrinsics": [[[1257.8625342125129, 0.0, 827.2410631095686], [0.0, 1257.8625342125129, 450.915498205774], [0.0, 0.0, 1.0]], [[1252.8131021185304, 0.0, 826.588114781398], [0.0, 1252.8131021185304, 469.9846626224581], [0.0, 0.0, 1.0]], [[1256.7485116440405, 0.0, 817.7887570959712], [0.0, 1256.7485116440403, 451.9541780095127], [0.0, 0.0, 1.0]], [[1254.9860565800168, 0.0, 829.5769333630991], [0.0, 1254.9860565800168, 467.1680561863987], [0.0, 0.0, 1.0]], [[796.8910634503094, 0.0, 857.7774326863696], [0.0, 796.8910634503094, 476.8848988407415], [0.0, 0.0, 1.0]], [[1249.9629280788233, 0.0, 825.3768045375984], [0.0, 1249.9629280788233, 462.54816385708756], [0.0, 0.0, 1.0]]], "extrinsics": [[[0.8225662708282471, -0.5686410665512085, -0.005662563256919384, -1.0050048828125], [0.0062167588621377945, 0.01894892007112503, -0.9998010993003845, 1.488293170928955], [0.5686353445053101, 0.8223675489425659, 0.019121846184134483, -1.33331298828125], [0.0, 0.0, 0.0, 1.0]], [[0.010291672311723232, -0.9998382925987244, -0.014744880609214306, 0.005279541015625], [0.00816479604691267, 0.014829195104539394, -0.99985671043396, 1.4801664352416992], [0.9999136924743652, 0.010169832967221737, 0.008316092193126678, -1.734619140625], [0.0, 0.0, 0.0, 1.0]], [[-0.8439667820930481, -0.5361273884773254, -0.016952907666563988, 1.090576171875], [0.016187414526939392, 0.006134228780865669, -0.9998500943183899, 1.4930744171142578], [0.536151111125946, -0.8441147804260254, 0.003501429921016097, -1.2774658203125], [0.0, 0.0, 0.0, 1.0]], [[0.9478771686553955, 0.3186299502849579, -0.001935659209266305, -1.1439208984375], [-0.009203317575156689, 0.021305205300450325, -0.99973064661026, 1.5620441436767578], [-0.31850290298461914, 0.9476397037506104, 0.023127170279622078, -0.15618896484375], [0.0, 0.0, 0.0, 1.0]], [[0.009204715490341187, 0.9998635053634644, 0.013719928450882435, -0.028900146484375], [-0.007068576291203499, 0.013785228133201599, -0.9998799562454224, 1.568063735961914], [-0.9999326467514038, 0.009106697514653206, 0.007194501347839832, 0.04443359375], [0.0, 0.0, 0.0, 1.0]], [[-0.9237458109855652, 0.38300517201423645, -0.0007728472701273859, 1.16064453125], [-0.0028661510441452265, -0.008930450305342674, -0.9999560117721558, 1.5478124618530273], [-0.3829951882362366, -0.9237030148506165, 0.009347218088805676, -0.04364013671875], [0.0, 0.0, 0.0, 1.0]]], "view": [[0.0, -2.0, 100.0], [-2.0, 0.0, 100.0], [0.0, 0.0, 1.0]], "bev": "bev_2d2e63bccfa940d59f36cd617f938277.png", "aux": "aux_2d2e63bccfa940d59f36cd617f938277.npz", "visibility": "visibility_2d2e63bccfa940d59f36cd617f938277.png", "pose": [[0.6458869576454163, -0.763433039188385, 0.0, 1536.119140625], [0.763433039188385, 0.6458869576454163, 0.0, 1320.222900390625], [0.0, 0.0, 1.0, 0.0], [0.0, 0.0, 0.0, 1.0]], "pose_inverse": [[0.6458869576454163, 0.763433039188385, 0.0, -2000.0611572265625], [-0.763433039188385, 0.6458869576454163, 0.0, 320.0093994140625], [0.0, 0.0, 1.0, 0.0], [0.0, 0.0, 0.0, 1.0]], "cam_ids": [0, 1, 2, 3, 4, 5], "cam_channels": ["CAM_FRONT_LEFT", "CAM_FRONT", "CAM_FRONT_RIGHT", "CAM_BACK_LEFT", "CAM_BACK", "CAM_BACK_RIGHT"], "token": "2d2e63bccfa940d59f36cd617f938277", "scene": "scene-0882"}, {"images": ["samples/CAM_FRONT_LEFT/n008-2018-09-18-14-54-39-0400__CAM_FRONT_LEFT__1537297334854799.jpg", "samples/CAM_FRONT/n008-2018-09-18-14-54-39-0400__CAM_FRONT__1537297334862404.jpg", "samples/CAM_FRONT_RIGHT/n008-2018-09-18-14-54-39-0400__CAM_FRONT_RIGHT__1537297334870482.jpg", "samples/CAM_BACK_LEFT/n008-2018-09-18-14-54-39-0400__CAM_BACK_LEFT__1537297334897405.jpg", "samples/CAM_BACK/n008-2018-09-18-14-54-39-0400__CAM_BACK__1537297334887558.jpg", "samples/CAM_BACK_RIGHT/n008-2018-09-18-14-54-39-0400__CAM_BACK_RIGHT__1537297334878113.jpg"], "intrinsics": [[[1257.8625342125129, 0.0, 827.2410631095686], [0.0, 1257.8625342125129, 450.915498205774], [0.0, 0.0, 1.0]], [[1252.8131021185304, 0.0, 826.588114781398], [0.0, 1252.8131021185304, 469.9846626224581], [0.0, 0.0, 1.0]], [[1256.7485116440405, 0.0, 817.7887570959712], [0.0, 1256.7485116440403, 451.9541780095127], [0.0, 0.0, 1.0]], [[1254.9860565800168, 0.0, 829.5769333630991], [0.0, 1254.9860565800168, 467.1680561863987], [0.0, 0.0, 1.0]], [[796.8910634503094, 0.0, 857.7774326863696], [0.0, 796.8910634503094, 476.8848988407415], [0.0, 0.0, 1.0]], [[1249.9629280788233, 0.0, 825.3768045375984], [0.0, 1249.9629280788233, 462.54816385708756], [0.0, 0.0, 1.0]]], "extrinsics": [[[0.8225582838058472, -0.5686522126197815, -0.005717186722904444, -1.005126953125], [0.006166753824800253, 0.018972165882587433, -0.999800980091095, 1.4882965087890625], [0.5686474442481995, 0.8223593235015869, 0.019112449139356613, -1.333251953125], [0.0, 0.0, 0.0, 1.0]], [[0.010275174863636494, -0.9998381733894348, -0.014764534309506416, 0.00543212890625], [0.008115449920296669, 0.014848210848867893, -0.9998568296432495, 1.4801645278930664], [0.9999142289161682, 0.010153848677873611, 0.00826670415699482, -1.73486328125], [0.0, 0.0, 0.0, 1.0]], [[-0.8439773917198181, -0.5361117720603943, -0.016919922083616257, 1.0906982421875], [0.016139108687639236, 0.006148629821836948, -0.999850869178772, 1.4930686950683594], [0.5361358523368835, -0.8441245555877686, 0.0034630626905709505, -1.2777099609375], [0.0, 0.0, 0.0, 1.0]], [[0.9478769898414612, 0.31863048672676086, -0.0019704955630004406, -1.1439208984375], [-0.009243957698345184, 0.021316764876246452, -0.9997300505638123, 1.5620460510253906], [-0.3185025155544281, 0.9476393461227417, 0.023151079192757607, -0.15618896484375], [0.0, 0.0, 0.0, 1.0]], [[0.009212939999997616, 0.9998633861541748, 0.013724572025239468, -0.029022216796875], [-0.007114298641681671, 0.013790346682071686, -0.9998795986175537, 1.5680618286132812], [-0.9999322295188904, 0.009114222601056099, 0.007240376900881529, 0.0445556640625], [0.0, 0.0, 0.0, 1.0]], [[-0.923740565776825, 0.3830181062221527, -0.0007288895430974662, 1.1607666015625], [-0.002910067792981863, -0.008921264670789242, -0.999955952167511, 1.5478134155273438], [-0.3830077350139618, -0.9236977100372314, 0.009355543181300163, -0.043731689453125], [0.0, 0.0, 0.0, 1.0]]], "view": [[0.0, -2.0, 100.0], [-2.0, 0.0, 100.0], [0.0, 0.0, 1.0]], "bev": "bev_2a176eb8a9064c2db92c9e29570a9be8.png", "aux": "aux_2a176eb8a9064c2db92c9e29570a9be8.npz", "visibility": "visibility_2a176eb8a9064c2db92c9e29570a9be8.png", "pose": [[0.6459502577781677, -0.7633795142173767, 0.0, 1536.119140625], [0.7633795142173767, 0.6459502577781677, 0.0, 1320.222900390625], [0.0, 0.0, 1.0, 0.0], [0.0, 0.0, 0.0, 1.0]], "pose_inverse": [[0.6459502577781677, 0.7633795142173767, 0.0, -2000.087646484375], [-0.7633795142173767, 0.6459502577781677, 0.0, 319.84356689453125], [0.0, 0.0, 1.0, 0.0], [0.0, 0.0, 0.0, 1.0]], "cam_ids": [0, 1, 2, 3, 4, 5], "cam_channels": ["CAM_FRONT_LEFT", "CAM_FRONT", "CAM_FRONT_RIGHT", "CAM_BACK_LEFT", "CAM_BACK", "CAM_BACK_RIGHT"], "token": "2a176eb8a9064c2db92c9e29570a9be8", "scene": "scene-0882"}, {"images": ["samples/CAM_FRONT_LEFT/n008-2018-09-18-14-54-39-0400__CAM_FRONT_LEFT__1537297335404799.jpg", "samples/CAM_FRONT/n008-2018-09-18-14-54-39-0400__CAM_FRONT__1537297335412404.jpg", "samples/CAM_FRONT_RIGHT/n008-2018-09-18-14-54-39-0400__CAM_FRONT_RIGHT__1537297335420482.jpg", "samples/CAM_BACK_LEFT/n008-2018-09-18-14-54-39-0400__CAM_BACK_LEFT__1537297335447405.jpg", "samples/CAM_BACK/n008-2018-09-18-14-54-39-0400__CAM_BACK__1537297335437558.jpg", "samples/CAM_BACK_RIGHT/n008-2018-09-18-14-54-39-0400__CAM_BACK_RIGHT__1537297335428113.jpg"], "intrinsics": [[[1257.8625342125129, 0.0, 827.2410631095686], [0.0, 1257.8625342125129, 450.915498205774], [0.0, 0.0, 1.0]], [[1252.8131021185304, 0.0, 826.588114781398], [0.0, 1252.8131021185304, 469.9846626224581], [0.0, 0.0, 1.0]], [[1256.7485116440405, 0.0, 817.7887570959712], [0.0, 1256.7485116440403, 451.9541780095127], [0.0, 0.0, 1.0]], [[1254.9860565800168, 0.0, 829.5769333630991], [0.0, 1254.9860565800168, 467.1680561863987], [0.0, 0.0, 1.0]], [[796.8910634503094, 0.0, 857.7774326863696], [0.0, 796.8910634503094, 476.8848988407415], [0.0, 0.0, 1.0]], [[1249.9629280788233, 0.0, 825.3768045375984], [0.0, 1249.9629280788233, 462.54816385708756], [0.0, 0.0, 1.0]]], "extrinsics": [[[0.8225238919258118, -0.5687026381492615, -0.005636196117848158, -1.0050048828125], [0.006258127745240927, 0.018959878012537956, -0.9998006224632263, 1.488295555114746], [0.5686962008476257, 0.8223246932029724, 0.019153963774442673, -1.333251953125], [0.0, 0.0, 0.0, 1.0]], [[0.010225111618638039, -0.999838650226593, -0.014762138947844505, 0.005401611328125], [0.008221778087317944, 0.01484647486358881, -0.9998559951782227, 1.4801654815673828], [0.9999139308929443, 0.010102341882884502, 0.008372260257601738, -1.7347412109375], [0.0, 0.0, 0.0, 1.0]], [[-0.8439962863922119, -0.536078929901123, -0.01701970025897026, 1.090576171875], [0.016252702102065086, 0.006155642680823803, -0.9998489618301392, 1.4930763244628906], [0.5361027717590332, -0.8441454768180847, 0.003517389530315995, -1.27734375], [0.0, 0.0, 0.0, 1.0]], [[0.9478833079338074, 0.31861206889152527, -0.0018968889489769936, -1.14404296875], [-0.009164663963019848, 0.02131323330104351, -0.9997308254241943, 1.5620441436767578], [-0.31848588585853577, 0.9476454854011536, 0.023122431710362434, -0.156005859375], [0.0, 0.0, 0.0, 1.0]], [[0.009231946431100368, 0.9998630881309509, 0.013729697093367577, -0.029052734375], [-0.0070202243514359, 0.013794750906527042, -0.9998801946640015, 1.5680618286132812], [-0.9999327063560486, 0.009134568274021149, 0.00714661693200469, 0.0443115234375], [0.0, 0.0, 0.0, 1.0]], [[-0.9237295985221863, 0.38304418325424194, -0.0008139426936395466, 1.16064453125], [-0.002813897095620632, -0.008910689502954483, -0.9999563694000244, 1.5478129386901855], [-0.38303467631340027, -0.9236869812011719, 0.009308915585279465, -0.043609619140625], [0.0, 0.0, 0.0, 1.0]]], "view": [[0.0, -2.0, 100.0], [-2.0, 0.0, 100.0], [0.0, 0.0, 1.0]], "bev": "bev_acfbb65237f84e6485579bd3620dcc8c.png", "aux": "aux_acfbb65237f84e6485579bd3620dcc8c.npz", "visibility": "visibility_acfbb65237f84e6485579bd3620dcc8c.png", "pose": [[0.6459030508995056, -0.7634194493293762, 0.0, 1536.119140625], [0.7634194493293762, 0.6459030508995056, 0.0, 1320.222900390625], [0.0, 0.0, 1.0, 0.0], [0.0, 0.0, 0.0, 1.0]], "pose_inverse": [[0.6459030508995056, 0.7634194493293762, 0.0, -2000.06787109375], [-0.7634194493293762, 0.6459030508995056, 0.0, 319.9672546386719], [0.0, 0.0, 1.0, 0.0], [0.0, 0.0, 0.0, 1.0]], "cam_ids": [0, 1, 2, 3, 4, 5], "cam_channels": ["CAM_FRONT_LEFT", "CAM_FRONT", "CAM_FRONT_RIGHT", "CAM_BACK_LEFT", "CAM_BACK", "CAM_BACK_RIGHT"], "token": "acfbb65237f84e6485579bd3620dcc8c", "scene": "scene-0882"}, {"images": ["samples/CAM_FRONT_LEFT/n008-2018-09-18-14-54-39-0400__CAM_FRONT_LEFT__1537297335904799.jpg", "samples/CAM_FRONT/n008-2018-09-18-14-54-39-0400__CAM_FRONT__1537297335912404.jpg", "samples/CAM_FRONT_RIGHT/n008-2018-09-18-14-54-39-0400__CAM_FRONT_RIGHT__1537297335920482.jpg", "samples/CAM_BACK_LEFT/n008-2018-09-18-14-54-39-0400__CAM_BACK_LEFT__1537297335947405.jpg", "samples/CAM_BACK/n008-2018-09-18-14-54-39-0400__CAM_BACK__1537297335937558.jpg", "samples/CAM_BACK_RIGHT/n008-2018-09-18-14-54-39-0400__CAM_BACK_RIGHT__1537297335928113.jpg"], "intrinsics": [[[1257.8625342125129, 0.0, 827.2410631095686], [0.0, 1257.8625342125129, 450.915498205774], [0.0, 0.0, 1.0]], [[1252.8131021185304, 0.0, 826.588114781398], [0.0, 1252.8131021185304, 469.9846626224581], [0.0, 0.0, 1.0]], [[1256.7485116440405, 0.0, 817.7887570959712], [0.0, 1256.7485116440403, 451.9541780095127], [0.0, 0.0, 1.0]], [[1254.9860565800168, 0.0, 829.5769333630991], [0.0, 1254.9860565800168, 467.1680561863987], [0.0, 0.0, 1.0]], [[796.8910634503094, 0.0, 857.7774326863696], [0.0, 796.8910634503094, 476.8848988407415], [0.0, 0.0, 1.0]], [[1249.9629280788233, 0.0, 825.3768045375984], [0.0, 1249.9629280788233, 462.54816385708756], [0.0, 0.0, 1.0]]], "extrinsics": [[[0.822550356388092, -0.5686648488044739, -0.005599411204457283, -1.0048828125], [0.006243470590561628, 0.018875574693083763, -0.9998023509979248, 1.488293170928955], [0.568658173084259, 0.8223527669906616, 0.019076552242040634, -1.333251953125], [0.0, 0.0, 0.0, 1.0]], [[0.01026944350451231, -0.9998396039009094, -0.014672390185296535, 0.0054931640625], [0.008200867101550102, 0.014756884425878525, -0.9998575448989868, 1.4801645278930664], [0.9999135732650757, 0.010147655382752419, 0.008351096883416176, -1.73486328125], [0.0, 0.0, 0.0, 1.0]], [[-0.8439767360687256, -0.5361120700836182, -0.01694532483816147, 1.0904541015625], [0.01622537523508072, 0.006060193758457899, -0.9998499751091003, 1.493072509765625], [0.5361343622207642, -0.8441250920295715, 0.0035839565098285675, -1.2774658203125], [0.0, 0.0, 0.0, 1.0]], [[0.9478774666786194, 0.31862935423851013, -0.0019462831551209092, -1.143798828125], [-0.009183969348669052, 0.021214349195361137, -0.9997327327728271, 1.562042236328125], [-0.31850287318229675, 0.9476419687271118, 0.02303488366305828, -0.15606689453125], [0.0, 0.0, 0.0, 1.0]], [[0.009209348820149899, 0.9998648762702942, 0.013622971251606941, -0.028961181640625], [-0.007044949568808079, 0.013688086532056332, -0.9998814463615417, 1.5680618286132812], [-0.9999327659606934, 0.009112318977713585, 0.007170055527240038, 0.0443115234375], [0.0, 0.0, 0.0, 1.0]], [[-0.923741340637207, 0.3830159902572632, -0.0008374740718863904, 1.16064453125], [-0.002830945188179612, -0.009013980627059937, -0.9999553561210632, 1.5478122234344482], [-0.38300633430480957, -0.9236977696418762, 0.009410884231328964, -0.043731689453125], [0.0, 0.0, 0.0, 1.0]]], "view": [[0.0, -2.0, 100.0], [-2.0, 0.0, 100.0], [0.0, 0.0, 1.0]], "bev": "bev_ec312eac9ffa401f91dd63c89a3040c4.png", "aux": "aux_ec312eac9ffa401f91dd63c89a3040c4.npz", "visibility": "visibility_ec312eac9ffa401f91dd63c89a3040c4.png", "pose": [[0.6458099484443665, -0.7634981870651245, 0.0, 1536.119140625], [0.7634981870651245, 0.6458099484443665, 0.0, 1320.222900390625], [0.0, 0.0, 1.0, 0.0], [0.0, 0.0, 0.0, 1.0]], "pose_inverse": [[0.6458099484443665, 0.7634981870651245, 0.0, -2000.02880859375], [-0.7634981870651245, 0.6458099484443665, 0.0, 320.2110900878906], [0.0, 0.0, 1.0, 0.0], [0.0, 0.0, 0.0, 1.0]], "cam_ids": [0, 1, 2, 3, 4, 5], "cam_channels": ["CAM_FRONT_LEFT", "CAM_FRONT", "CAM_FRONT_RIGHT", "CAM_BACK_LEFT", "CAM_BACK", "CAM_BACK_RIGHT"], "token": "ec312eac9ffa401f91dd63c89a3040c4", "scene": "scene-0882"}, {"images": ["samples/CAM_FRONT_LEFT/n008-2018-09-18-14-54-39-0400__CAM_FRONT_LEFT__1537297336354799.jpg", "samples/CAM_FRONT/n008-2018-09-18-14-54-39-0400__CAM_FRONT__1537297336362404.jpg", "samples/CAM_FRONT_RIGHT/n008-2018-09-18-14-54-39-0400__CAM_FRONT_RIGHT__1537297336370482.jpg", "samples/CAM_BACK_LEFT/n008-2018-09-18-14-54-39-0400__CAM_BACK_LEFT__1537297336397405.jpg", "samples/CAM_BACK/n008-2018-09-18-14-54-39-0400__CAM_BACK__1537297336387558.jpg", "samples/CAM_BACK_RIGHT/n008-2018-09-18-14-54-39-0400__CAM_BACK_RIGHT__1537297336378113.jpg"], "intrinsics": [[[1257.8625342125129, 0.0, 827.2410631095686], [0.0, 1257.8625342125129, 450.915498205774], [0.0, 0.0, 1.0]], [[1252.8131021185304, 0.0, 826.588114781398], [0.0, 1252.8131021185304, 469.9846626224581], [0.0, 0.0, 1.0]], [[1256.7485116440405, 0.0, 817.7887570959712], [0.0, 1256.7485116440403, 451.9541780095127], [0.0, 0.0, 1.0]], [[1254.9860565800168, 0.0, 829.5769333630991], [0.0, 1254.9860565800168, 467.1680561863987], [0.0, 0.0, 1.0]], [[796.8910634503094, 0.0, 857.7774326863696], [0.0, 796.8910634503094, 476.8848988407415], [0.0, 0.0, 1.0]], [[1249.9629280788233, 0.0, 825.3768045375984], [0.0, 1249.9629280788233, 462.54816385708756], [0.0, 0.0, 1.0]]], "extrinsics": [[[0.822559654712677, -0.5686511397361755, -0.0056127822026610374, -1.0052490234375], [0.006249063182622194, 0.01890772208571434, -0.9998016953468323, 1.488293170928955], [0.5686445236206055, 0.8223615288734436, 0.019106265157461166, -1.33331298828125], [0.0, 0.0, 0.0, 1.0]], [[0.010278390720486641, -0.9998388290405273, -0.014715748839080334, 0.00537109375], [0.008206426165997982, 0.014800374396145344, -0.9998568296432495, 1.4801645278930664], [0.9999133944511414, 0.010156139731407166, 0.008357229642570019, -1.73486328125], [0.0, 0.0, 0.0, 1.0]], [[-0.8439747095108032, -0.5361144542694092, -0.016968516632914543, 1.0906982421875], [0.016223957762122154, 0.0061057028360664845, -0.9998497366905212, 1.4930706024169922], [0.5361374616622925, -0.8441232442855835, 0.003544838633388281, -1.2774658203125], [0.0, 0.0, 0.0, 1.0]], [[0.9478779435157776, 0.31862813234329224, -0.0018906199838966131, -1.1439208984375], [-0.009147219359874725, 0.021279780194163322, -0.999731719493866, 1.5620441436767578], [-0.3185023367404938, 0.9476408958435059, 0.02308519557118416, -0.156005859375], [0.0, 0.0, 0.0, 1.0]], [[0.009210629388689995, 0.9998639822006226, 0.013683230616152287, -0.02886962890625], [-0.007021033205091953, 0.013748139142990112, -0.9998807907104492, 1.5680618286132812], [-0.9999329447746277, 0.009113527834415436, 0.007146707270294428, 0.044189453125], [0.0, 0.0, 0.0, 1.0]], [[-0.9237411618232727, 0.38301655650138855, -0.0008140762220136821, 1.16064453125], [-0.0028365266043692827, -0.008966343477368355, -0.9999557733535767, 1.5478127002716064], [-0.3830067813396454, -0.9236979484558105, 0.0093690175563097, -0.043670654296875], [0.0, 0.0, 0.0, 1.0]]], "view": [[0.0, -2.0, 100.0], [-2.0, 0.0, 100.0], [0.0, 0.0, 1.0]], "bev": "bev_fe0140f752c547829c5c49a3a80f7934.png", "aux": "aux_fe0140f752c547829c5c49a3a80f7934.npz", "visibility": "visibility_fe0140f752c547829c5c49a3a80f7934.png", "pose": [[0.6458978056907654, -0.7634238600730896, 0.0, 1536.119140625], [0.7634238600730896, 0.6458978056907654, 0.0, 1320.222900390625], [0.0, 0.0, 1.0, 0.0], [0.0, 0.0, 0.0, 1.0]], "pose_inverse": [[0.6458978056907654, 0.7634238600730896, 0.0, -2000.065673828125], [-0.7634238600730896, 0.6458978056907654, 0.0, 319.9809265136719], [0.0, 0.0, 1.0, 0.0], [0.0, 0.0, 0.0, 1.0]], "cam_ids": [0, 1, 2, 3, 4, 5], "cam_channels": ["CAM_FRONT_LEFT", "CAM_FRONT", "CAM_FRONT_RIGHT", "CAM_BACK_LEFT", "CAM_BACK", "CAM_BACK_RIGHT"], "token": "fe0140f752c547829c5c49a3a80f7934", "scene": "scene-0882"}, {"images": ["samples/CAM_FRONT_LEFT/n008-2018-09-18-14-54-39-0400__CAM_FRONT_LEFT__1537297336854799.jpg", "samples/CAM_FRONT/n008-2018-09-18-14-54-39-0400__CAM_FRONT__1537297336862404.jpg", "samples/CAM_FRONT_RIGHT/n008-2018-09-18-14-54-39-0400__CAM_FRONT_RIGHT__1537297336870482.jpg", "samples/CAM_BACK_LEFT/n008-2018-09-18-14-54-39-0400__CAM_BACK_LEFT__1537297336897405.jpg", "samples/CAM_BACK/n008-2018-09-18-14-54-39-0400__CAM_BACK__1537297336887558.jpg", "samples/CAM_BACK_RIGHT/n008-2018-09-18-14-54-39-0400__CAM_BACK_RIGHT__1537297336878113.jpg"], "intrinsics": [[[1257.8625342125129, 0.0, 827.2410631095686], [0.0, 1257.8625342125129, 450.915498205774], [0.0, 0.0, 1.0]], [[1252.8131021185304, 0.0, 826.588114781398], [0.0, 1252.8131021185304, 469.9846626224581], [0.0, 0.0, 1.0]], [[1256.7485116440405, 0.0, 817.7887570959712], [0.0, 1256.7485116440403, 451.9541780095127], [0.0, 0.0, 1.0]], [[1254.9860565800168, 0.0, 829.5769333630991], [0.0, 1254.9860565800168, 467.1680561863987], [0.0, 0.0, 1.0]], [[796.8910634503094, 0.0, 857.7774326863696], [0.0, 796.8910634503094, 476.8848988407415], [0.0, 0.0, 1.0]], [[1249.9629280788233, 0.0, 825.3768045375984], [0.0, 1249.9629280788233, 462.54816385708756], [0.0, 0.0, 1.0]]], "extrinsics": [[[0.8225378394126892, -0.5686822533607483, -0.005652961786836386, -1.0052490234375], [0.006237385328859091, 0.01896018534898758, -0.9998008012771606, 1.4882941246032715], [0.5686761736869812, 0.8223387598991394, 0.01914256066083908, -1.33343505859375], [0.0, 0.0, 0.0, 1.0]], [[0.010247655212879181, -0.9998384714126587, -0.014765962958335876, 0.0054931640625], [0.00819577369838953, 0.014850224368274212, -0.999856173992157, 1.4801654815673828], [0.9999138712882996, 0.010125121101737022, 0.00834663026034832, -1.73486328125], [0.0, 0.0, 0.0, 1.0]], [[-0.8439871072769165, -0.5360944271087646, -0.0169867854565382, 1.090576171875], [0.016209905967116356, 0.006161751691251993, -0.9998495578765869, 1.493072509765625], [0.5361185073852539, -0.8441356420516968, 0.0034895993303507566, -1.277587890625], [0.0, 0.0, 0.0, 1.0]], [[0.9478787183761597, 0.3186257779598236, -0.0019118125783279538, -1.14404296875], [-0.009186300449073315, 0.02132973074913025, -0.9997302889823914, 1.5620460510253906], [-0.31849905848503113, 0.947640597820282, 0.023144986480474472, -0.156005859375], [0.0, 0.0, 0.0, 1.0]], [[0.009220185689628124, 0.9998630881309509, 0.013739483430981636, -0.028961181640625], [-0.007060226984322071, 0.013804818503558636, -0.9998797178268433, 1.5680618286132812], [-0.9999325275421143, 0.009122113697230816, 0.00718654366210103, 0.0445556640625], [0.0, 0.0, 0.0, 1.0]], [[-0.9237349033355713, 0.38303160667419434, -0.0007664670119993389, 1.1605224609375], [-0.0028631906025111675, -0.008905956521630287, -0.9999561905860901, 1.5478129386901855], [-0.38302165269851685, -0.9236922264099121, 0.009323435835540295, -0.043609619140625], [0.0, 0.0, 0.0, 1.0]]], "view": [[0.0, -2.0, 100.0], [-2.0, 0.0, 100.0], [0.0, 0.0, 1.0]], "bev": "bev_9d80a6a23db6491db92d98cc1bbd146c.png", "aux": "aux_9d80a6a23db6491db92d98cc1bbd146c.npz", "visibility": "visibility_9d80a6a23db6491db92d98cc1bbd146c.png", "pose": [[0.6459192633628845, -0.7634057402610779, 0.0, 1536.119140625], [0.7634057402610779, 0.6459192633628845, 0.0, 1320.222900390625], [0.0, 0.0, 1.0, 0.0], [0.0, 0.0, 0.0, 1.0]], "pose_inverse": [[0.6459192633628845, 0.7634057402610779, 0.0, -2000.07470703125], [-0.7634057402610779, 0.6459192633628845, 0.0, 319.9248046875], [0.0, 0.0, 1.0, 0.0], [0.0, 0.0, 0.0, 1.0]], "cam_ids": [0, 1, 2, 3, 4, 5], "cam_channels": ["CAM_FRONT_LEFT", "CAM_FRONT", "CAM_FRONT_RIGHT", "CAM_BACK_LEFT", "CAM_BACK", "CAM_BACK_RIGHT"], "token": "9d80a6a23db6491db92d98cc1bbd146c", "scene": "scene-0882"}, {"images": ["samples/CAM_FRONT_LEFT/n008-2018-09-18-14-54-39-0400__CAM_FRONT_LEFT__1537297337404799.jpg", "samples/CAM_FRONT/n008-2018-09-18-14-54-39-0400__CAM_FRONT__1537297337412404.jpg", "samples/CAM_FRONT_RIGHT/n008-2018-09-18-14-54-39-0400__CAM_FRONT_RIGHT__1537297337420482.jpg", "samples/CAM_BACK_LEFT/n008-2018-09-18-14-54-39-0400__CAM_BACK_LEFT__1537297337447405.jpg", "samples/CAM_BACK/n008-2018-09-18-14-54-39-0400__CAM_BACK__1537297337437558.jpg", "samples/CAM_BACK_RIGHT/n008-2018-09-18-14-54-39-0400__CAM_BACK_RIGHT__1537297337428113.jpg"], "intrinsics": [[[1257.8625342125129, 0.0, 827.2410631095686], [0.0, 1257.8625342125129, 450.915498205774], [0.0, 0.0, 1.0]], [[1252.8131021185304, 0.0, 826.588114781398], [0.0, 1252.8131021185304, 469.9846626224581], [0.0, 0.0, 1.0]], [[1256.7485116440405, 0.0, 817.7887570959712], [0.0, 1256.7485116440403, 451.9541780095127], [0.0, 0.0, 1.0]], [[1254.9860565800168, 0.0, 829.5769333630991], [0.0, 1254.9860565800168, 467.1680561863987], [0.0, 0.0, 1.0]], [[796.8910634503094, 0.0, 857.7774326863696], [0.0, 796.8910634503094, 476.8848988407415], [0.0, 0.0, 1.0]], [[1249.9629280788233, 0.0, 825.3768045375984], [0.0, 1249.9629280788233, 462.54816385708756], [0.0, 0.0, 1.0]]], "extrinsics": [[[0.8225470781326294, -0.568669855594635, -0.005564540158957243, -1.0050048828125], [0.0062753562815487385, 0.018860183656215668, -0.9998024106025696, 1.4882946014404297], [0.5686624050140381, 0.8223496675491333, 0.019081994891166687, -1.33343505859375], [0.0, 0.0, 0.0, 1.0]], [[0.0102592958137393, -0.9998399019241333, -0.014659133739769459, 0.005462646484375], [0.008234058506786823, 0.014743879437446594, -0.9998574256896973, 1.4801654815673828], [0.9999133944511414, 0.010137099772691727, 0.008384001441299915, -1.7347412109375], [0.0, 0.0, 0.0, 1.0]], [[-0.8439820408821106, -0.5361029505729675, -0.01696912571787834, 1.0904541015625], [0.01625991053879261, 0.006050144322216511, -0.9998494386672974, 1.4930744171142578], [0.5361249446868896, -0.8441309332847595, 0.0036107725463807583, -1.277587890625], [0.0, 0.0, 0.0, 1.0]], [[0.9478780627250671, 0.3186277151107788, -0.0018922642339020967, -1.143798828125], [-0.009130354970693588, 0.021224472671747208, -0.999733030796051, 1.5620479583740234], [-0.3185024559497833, 0.9476422071456909, 0.02302739769220352, -0.15594482421875], [0.0, 0.0, 0.0, 1.0]], [[0.009216558188199997, 0.9998646378517151, 0.013628941029310226, -0.028778076171875], [-0.006993134040385485, 0.013693636283278465, -0.9998817443847656, 1.5680599212646484], [-0.999933123588562, 0.009120137430727482, 0.007118395529687405, 0.0443115234375], [0.0, 0.0, 0.0, 1.0]], [[-0.9237369298934937, 0.3830263316631317, -0.0008712179842405021, 1.160888671875], [-0.0027952673844993114, -0.009015753865242004, -0.999955415725708, 1.547811508178711], [-0.38301706314086914, -0.9236934185028076, 0.009398845955729485, -0.043731689453125], [0.0, 0.0, 0.0, 1.0]]], "view": [[0.0, -2.0, 100.0], [-2.0, 0.0, 100.0], [0.0, 0.0, 1.0]], "bev": "bev_bd5d994c80564481bea7855e1a3ba831.png", "aux": "aux_bd5d994c80564481bea7855e1a3ba831.npz", "visibility": "visibility_bd5d994c80564481bea7855e1a3ba831.png", "pose": [[0.6459131836891174, -0.7634108662605286, 0.0, 1536.119140625], [0.7634108662605286, 0.6459131836891174, 0.0, 1320.222900390625], [0.0, 0.0, 1.0, 0.0], [0.0, 0.0, 0.0, 1.0]], "pose_inverse": [[0.6459131836891174, 0.7634108662605286, 0.0, -2000.0721435546875], [-0.7634108662605286, 0.6459131836891174, 0.0, 319.9407043457031], [0.0, 0.0, 1.0, 0.0], [0.0, 0.0, 0.0, 1.0]], "cam_ids": [0, 1, 2, 3, 4, 5], "cam_channels": ["CAM_FRONT_LEFT", "CAM_FRONT", "CAM_FRONT_RIGHT", "CAM_BACK_LEFT", "CAM_BACK", "CAM_BACK_RIGHT"], "token": "bd5d994c80564481bea7855e1a3ba831", "scene": "scene-0882"}, {"images": ["samples/CAM_FRONT_LEFT/n008-2018-09-18-14-54-39-0400__CAM_FRONT_LEFT__1537297337904799.jpg", "samples/CAM_FRONT/n008-2018-09-18-14-54-39-0400__CAM_FRONT__1537297337912404.jpg", "samples/CAM_FRONT_RIGHT/n008-2018-09-18-14-54-39-0400__CAM_FRONT_RIGHT__1537297337920482.jpg", "samples/CAM_BACK_LEFT/n008-2018-09-18-14-54-39-0400__CAM_BACK_LEFT__1537297337947405.jpg", "samples/CAM_BACK/n008-2018-09-18-14-54-39-0400__CAM_BACK__1537297337937558.jpg", "samples/CAM_BACK_RIGHT/n008-2018-09-18-14-54-39-0400__CAM_BACK_RIGHT__1537297337928113.jpg"], "intrinsics": [[[1257.8625342125129, 0.0, 827.2410631095686], [0.0, 1257.8625342125129, 450.915498205774], [0.0, 0.0, 1.0]], [[1252.8131021185304, 0.0, 826.588114781398], [0.0, 1252.8131021185304, 469.9846626224581], [0.0, 0.0, 1.0]], [[1256.7485116440405, 0.0, 817.7887570959712], [0.0, 1256.7485116440403, 451.9541780095127], [0.0, 0.0, 1.0]], [[1254.9860565800168, 0.0, 829.5769333630991], [0.0, 1254.9860565800168, 467.1680561863987], [0.0, 0.0, 1.0]], [[796.8910634503094, 0.0, 857.7774326863696], [0.0, 796.8910634503094, 476.8848988407415], [0.0, 0.0, 1.0]], [[1249.9629280788233, 0.0, 825.3768045375984], [0.0, 1249.9629280788233, 462.54816385708756], [0.0, 0.0, 1.0]]], "extrinsics": [[[0.8225516080856323, -0.5686643123626709, -0.005451838951557875, -1.005126953125], [0.006376445759087801, 0.018808497115969658, -0.9998027682304382, 1.4882922172546387], [0.5686546564102173, 0.8223546743392944, 0.019097017124295235, -1.3333740234375], [0.0, 0.0, 0.0, 1.0]], [[0.010265449993312359, -0.9998407959938049, -0.01459844596683979, 0.005279541015625], [0.008334682323038578, 0.014684263616800308, -0.999857485294342, 1.4801664352416992], [0.9999125599861145, 0.010142358019948006, 0.008484096266329288, -1.73486328125], [0.0, 0.0, 0.0, 1.0]], [[-0.8439786434173584, -0.5361067652702332, -0.017017537727952003, 1.0906982421875], [0.016360271722078323, 0.0059824553318321705, -0.9998482465744019, 1.4930706024169922], [0.5361272096633911, -0.8441289663314819, 0.00372178852558136, -1.277587890625], [0.0, 0.0, 0.0, 1.0]], [[0.9478780031204224, 0.318628191947937, -0.0018077287822961807, -1.1439208984375], [-0.009019087068736553, 0.021158648654818535, -0.9997354745864868, 1.5620441436767578], [-0.31850573420524597, 0.9476435780525208, 0.022929556667804718, -0.15618896484375], [0.0, 0.0, 0.0, 1.0]], [[0.009214332327246666, 0.9998655319213867, 0.01356275100260973, -0.02886962890625], [-0.006888496223837137, 0.01362647395581007, -0.9998834133148193, 1.5680618286132812], 