[{"images": ["samples/CAM_FRONT_LEFT/n015-2018-10-02-10-50-40+0800__CAM_FRONT_LEFT__1538448704104844.jpg", "samples/CAM_FRONT/n015-2018-10-02-10-50-40+0800__CAM_FRONT__1538448704112460.jpg", "samples/CAM_FRONT_RIGHT/n015-2018-10-02-10-50-40+0800__CAM_FRONT_RIGHT__1538448704120339.jpg", "samples/CAM_BACK_LEFT/n015-2018-10-02-10-50-40+0800__CAM_BACK_LEFT__1538448704147423.jpg", "samples/CAM_BACK/n015-2018-10-02-10-50-40+0800__CAM_BACK__1538448704137525.jpg", "samples/CAM_BACK_RIGHT/n015-2018-10-02-10-50-40+0800__CAM_BACK_RIGHT__1538448704127893.jpg"], "intrinsics": [[[1272.5979470598488, 0.0, 826.6154927353808], [0.0, 1272.5979470598488, 479.75165386361925], [0.0, 0.0, 1.0]], [[1266.417203046554, 0.0, 816.2670197447984], [0.0, 1266.417203046554, 491.50706579294757], [0.0, 0.0, 1.0]], [[1260.8474446004698, 0.0, 807.968244525554], [0.0, 1260.8474446004698, 495.3344268742088], [0.0, 0.0, 1.0]], [[1256.7414812095406, 0.0, 792.1125740759628], [0.0, 1256.7414812095406, 492.7757465151356], [0.0, 0.0, 1.0]], [[809.2209905677063, 0.0, 829.2196003259838], [0.0, 809.2209905677063, 481.77842384512485], [0.0, 0.0, 1.0]], [[1259.5137405846733, 0.0, 807.2529053838625], [0.0, 1259.5137405846733, 501.19579884916527], [0.0, 0.0, 1.0]]], "extrinsics": [[[0.8207286596298218, -0.5712218284606934, -0.010490398854017258, -0.965087890625], [0.005332099739462137, 0.026019494980573654, -0.9996472001075745, 1.5082550048828125], [0.571293294429779, 0.8203831911087036, 0.024400757625699043, -1.280517578125], [0.0, 0.0, 0.0, 1.0]], [[0.005631186068058014, -0.999742865562439, -0.02196628414094448, 0.005126953125], [2.6718913431977853e-05, 0.021966785192489624, -0.9997587203979492, 1.5205230712890625], [0.999984085559845, 0.005629236809909344, 0.00015041032747831196, -1.6922607421875], [0.0, 0.0, 0.0, 1.0]], [[-0.8328951001167297, -0.5528018474578857, -0.02637847140431404, 1.0322265625], [0.005644992925226688, 0.039175182580947876, -0.9992163777351379, 1.5036392211914062], [0.5534020662307739, -0.8323913812637329, -0.029508253559470177, -1.248779296875], [0.0, 0.0, 0.0, 1.0]], [[0.9477459192276001, 0.31860587000846863, 0.016368137672543526, -1.142333984375], [0.014312137849628925, 0.0087931789457798, -0.9998588562011719, 1.5885505676269531], [-0.3187048137187958, 0.947846531867981, 0.0037737709935754538, -0.103759765625], [0.0, 0.0, 0.0, 1.0]], [[0.0025085133966058493, 0.9998202323913574, 0.018794454634189606, 0.002685546875], [-0.01109924353659153, 0.018821192905306816, -0.9997612833976746, 1.5793609619140625], [-0.9999352693557739, 0.0022993057500571012, 0.011144460178911686, 0.00189208984375], [0.0, 0.0, 0.0, 1.0]], [[-0.9346783757209778, 0.3554045557975769, -0.007998018525540829, 1.136260986328125], [0.02153628133237362, 0.03415261581540108, -0.9991846084594727, 1.55145263671875], [-0.35484156012535095, -0.9340884685516357, -0.03957580402493477, -0.0634765625], [0.0, 0.0, 0.0, 1.0]]], "view": [[0.0, -2.0, 100.0], [-2.0, 0.0, 100.0], [0.0, 0.0, 1.0]], "bev": "bev_159f9a70a6d64e27a38b3b2668b5a68e.png", "aux": "aux_159f9a70a6d64e27a38b3b2668b5a68e.npz", "visibility": "visibility_159f9a70a6d64e27a38b3b2668b5a68e.png", "pose": [[-0.8757573962211609, -0.4827514588832855, 0.0, 2043.4000244140625], [0.4827514588832855, -0.8757573962211609, 0.0, 2325.110107421875], [0.0, 0.0, 1.0, 0.0], [0.0, 0.0, 0.0, 1.0]], "pose_inverse": [[-0.8757573962211609, 0.4827514588832855, 0.0, 667.0724487304688], [-0.4827514588832855, -0.8757573962211609, 0.0, 3022.686767578125], [0.0, 0.0, 1.0, 0.0], [0.0, 0.0, 0.0, 1.0]], "cam_ids": [0, 1, 2, 3, 4, 5], "cam_channels": ["CAM_FRONT_LEFT", "CAM_FRONT", "CAM_FRONT_RIGHT", "CAM_BACK_LEFT", "CAM_BACK", "CAM_BACK_RIGHT"], "token": "159f9a70a6d64e27a38b3b2668b5a68e", "scene": "scene-0794"}, {"images": ["samples/CAM_FRONT_LEFT/n015-2018-10-02-10-50-40+0800__CAM_FRONT_LEFT__1538448704604844.jpg", "samples/CAM_FRONT/n015-2018-10-02-10-50-40+0800__CAM_FRONT__1538448704612460.jpg", "samples/CAM_FRONT_RIGHT/n015-2018-10-02-10-50-40+0800__CAM_FRONT_RIGHT__1538448704620339.jpg", "samples/CAM_BACK_LEFT/n015-2018-10-02-10-50-40+0800__CAM_BACK_LEFT__1538448704647423.jpg", "samples/CAM_BACK/n015-2018-10-02-10-50-40+0800__CAM_BACK__1538448704637525.jpg", "samples/CAM_BACK_RIGHT/n015-2018-10-02-10-50-40+0800__CAM_BACK_RIGHT__1538448704627893.jpg"], "intrinsics": [[[1272.5979470598488, 0.0, 826.6154927353808], [0.0, 1272.5979470598488, 479.75165386361925], [0.0, 0.0, 1.0]], [[1266.417203046554, 0.0, 816.2670197447984], [0.0, 1266.417203046554, 491.50706579294757], [0.0, 0.0, 1.0]], [[1260.8474446004698, 0.0, 807.968244525554], [0.0, 1260.8474446004698, 495.3344268742088], [0.0, 0.0, 1.0]], [[1256.7414812095406, 0.0, 792.1125740759628], [0.0, 1256.7414812095406, 492.7757465151356], [0.0, 0.0, 1.0]], [[809.2209905677063, 0.0, 829.2196003259838], [0.0, 809.2209905677063, 481.77842384512485], [0.0, 0.0, 1.0]], [[1259.5137405846733, 0.0, 807.2529053838625], [0.0, 1259.5137405846733, 501.19579884916527], [0.0, 0.0, 1.0]]], "extrinsics": [[[0.820721447467804, -0.5712321400642395, -0.010493410751223564, -0.96484375], [0.005312509369105101, 0.025996100157499313, -0.9996479153633118, 1.5082473754882812], [0.5713037848472595, 0.8203766942024231, 0.024370234459638596, -1.2802734375], [0.0, 0.0, 0.0, 1.0]], [[0.005618076305836439, -0.9997434020042419, -0.021945495158433914, 0.005126953125], [2.5698172976262867e-05, 0.02194598689675331, -0.9997591376304626, 1.5205307006835938], [0.9999841451644897, 0.005616162437945604, 0.00014898457447998226, -1.6922607421875], [0.0, 0.0, 0.0, 1.0]], [[-0.8329005241394043, -0.5527933835983276, -0.026382939890027046, 1.0322265625], [0.005661788862198591, 0.039158523082733154, -0.9992169737815857, 1.5036392211914062], [0.5533936619758606, -0.8323977589607239, -0.02948535420000553, -1.24853515625], [0.0, 0.0, 0.0, 1.0]], [[0.9477468729019165, 0.31860196590423584, 0.016389871016144753, -1.14208984375], [0.014337567612528801, 0.008785787969827652, -0.9998586177825928, 1.5885505676269531], [-0.318700909614563, 0.947847843170166, 0.0037587254773825407, -0.103759765625], [0.0, 0.0, 0.0, 1.0]], [[0.0025142785161733627, 0.9998204708099365, 0.018783381208777428, 0.002685546875], [-0.011077462695538998, 0.018810134381055832, -0.999761700630188, 1.5793571472167969], [-0.999935507774353, 0.0023056254722177982, 0.011122766882181168, 0.00189208984375], [0.0, 0.0, 0.0, 1.0]], [[-0.934675395488739, 0.3554123044013977, -0.008006375283002853, 1.136077880859375], [0.021539324894547462, 0.034136198461055756, -0.9991850852966309, 1.55145263671875], [-0.35484933853149414, -0.9340860843658447, -0.03956160321831703, -0.0634765625], [0.0, 0.0, 0.0, 1.0]]], "view": [[0.0, -2.0, 100.0], [-2.0, 0.0, 100.0], [0.0, 0.0, 1.0]], "bev": "bev_e73731bc298d47b6bb89195fc1f0222f.png", "aux": "aux_e73731bc298d47b6bb89195fc1f0222f.npz", "visibility": "visibility_e73731bc298d47b6bb89195fc1f0222f.png", "pose": [[-0.875697135925293, -0.4828607738018036, 0.0, 2043.400146484375], [0.4828607738018036, -0.875697135925293, 0.0, 2325.1103515625], [0.0, 0.0, 1.0, 0.0], [0.0, 0.0, 0.0, 1.0]], "pose_inverse": [[-0.875697135925293, 0.4828607738018036, 0.0, 666.695068359375], [-0.4828607738018036, -0.875697135925293, 0.0, 3022.770263671875], [0.0, 0.0, 1.0, 0.0], [0.0, 0.0, 0.0, 1.0]], "cam_ids": [0, 1, 2, 3, 4, 5], "cam_channels": ["CAM_FRONT_LEFT", "CAM_FRONT", "CAM_FRONT_RIGHT", "CAM_BACK_LEFT", "CAM_BACK", "CAM_BACK_RIGHT"], "token": "e73731bc298d47b6bb89195fc1f0222f", "scene": "scene-0794"}, {"images": ["samples/CAM_FRONT_LEFT/n015-2018-10-02-10-50-40+0800__CAM_FRONT_LEFT__1538448705104844.jpg", "samples/CAM_FRONT/n015-2018-10-02-10-50-40+0800__CAM_FRONT__1538448705112460.jpg", "samples/CAM_FRONT_RIGHT/n015-2018-10-02-10-50-40+0800__CAM_FRONT_RIGHT__1538448705120339.jpg", "samples/CAM_BACK_LEFT/n015-2018-10-02-10-50-40+0800__CAM_BACK_LEFT__1538448705147433.jpg", "samples/CAM_BACK/n015-2018-10-02-10-50-40+0800__CAM_BACK__1538448705137525.jpg", "samples/CAM_BACK_RIGHT/n015-2018-10-02-10-50-40+0800__CAM_BACK_RIGHT__1538448705127893.jpg"], "intrinsics": [[[1272.5979470598488, 0.0, 826.6154927353808], [0.0, 1272.5979470598488, 479.75165386361925], [0.0, 0.0, 1.0]], [[1266.417203046554, 0.0, 816.2670197447984], [0.0, 1266.417203046554, 491.50706579294757], [0.0, 0.0, 1.0]], [[1260.8474446004698, 0.0, 807.968244525554], [0.0, 1260.8474446004698, 495.3344268742088], [0.0, 0.0, 1.0]], [[1256.7414812095406, 0.0, 792.1125740759628], [0.0, 1256.7414812095406, 492.7757465151356], [0.0, 0.0, 1.0]], [[809.2209905677063, 0.0, 829.2196003259838], [0.0, 809.2209905677063, 481.77842384512485], [0.0, 0.0, 1.0]], [[1259.5137405846733, 0.0, 807.2529053838625], [0.0, 1259.5137405846733, 501.19579884916527], [0.0, 0.0, 1.0]]], "extrinsics": [[[0.8207072019577026, -0.5712522268295288, -0.010514393448829651, -0.96484375], [0.005237285513430834, 0.02592373639345169, -0.999650239944458, 1.5082473754882812], [0.5713249444961548, 0.8203650712966919, 0.024267608299851418, -1.280517578125], [0.0, 0.0, 0.0, 1.0]], [[0.005597086623311043, -0.9997453093528748, -0.021860411390662193, 0.00537109375], [-6.698200013488531e-05, 0.021860379725694656, -0.9997610449790955, 1.5205307006835938], [0.9999843239784241, 0.005597223527729511, 5.5388834880432114e-05, -1.69232177734375], [0.0, 0.0, 0.0, 1.0]], [[-0.8329107165336609, -0.5527852177619934, -0.026235707104206085, 1.032470703125], [0.005551536101847887, 0.03905920311808586, -0.9992214441299438, 1.5036468505859375], [0.5533795952796936, -0.8324078917503357, -0.02946401759982109, -1.24853515625], [0.0, 0.0, 0.0, 1.0]], [[0.9477479457855225, 0.3186047673225403, 0.016272954642772675, -1.142333984375], [0.014238392934203148, 0.00871386006474495, -0.9998606443405151, 1.5885581970214844], [-0.3187021017074585, 0.9478476047515869, 0.0037221256643533707, -0.103515625], [0.0, 0.0, 0.0, 1.0]], [[0.0025187176652252674, 0.9998218417167664, 0.01870613545179367, 0.0029296875], [-0.011190720833837986, 0.018733201548457146, -0.9997618794441223, 1.5793571472167969], [-0.999934196472168, 0.002308773808181286, 0.011235910467803478, 0.00189208984375], [0.0, 0.0, 0.0, 1.0]], [[-0.934673547744751, 0.35541832447052, -0.007946077734231949, 1.136138916015625], [0.02144203521311283, 0.03404906392097473, -0.9991901516914368, 1.5514602661132812], [-0.354859858751297, -0.9340870380401611, -0.039445653557777405, -0.0634765625], [0.0, 0.0, 0.0, 1.0]]], "view": [[0.0, -2.0, 100.0], [-2.0, 0.0, 100.0], [0.0, 0.0, 1.0]], "bev": "bev_06352dee7bb546dbb5a8dc21aa59f373.png", "aux": "aux_06352dee7bb546dbb5a8dc21aa59f373.npz", "visibility": "visibility_06352dee7bb546dbb5a8dc21aa59f373.png", "pose": [[-0.8757354021072388, -0.48279136419296265, 0.0, 2043.4002685546875], [0.48279136419296265, -0.8757354021072388, 0.0, 2325.110595703125], [0.0, 0.0, 1.0, 0.0], [0.0, 0.0, 0.0, 1.0]], "pose_inverse": [[-0.8757354021072388, 0.48279136419296265, 0.0, 666.9346313476562], [-0.48279136419296265, -0.8757354021072388, 0.0, 3022.7177734375], [0.0, 0.0, 1.0, 0.0], [0.0, 0.0, 0.0, 1.0]], "cam_ids": [0, 1, 2, 3, 4, 5], "cam_channels": ["CAM_FRONT_LEFT", "CAM_FRONT", "CAM_FRONT_RIGHT", "CAM_BACK_LEFT", "CAM_BACK", "CAM_BACK_RIGHT"], "token": "06352dee7bb546dbb5a8dc21aa59f373", "scene": "scene-0794"}, {"images": ["samples/CAM_FRONT_LEFT/n015-2018-10-02-10-50-40+0800__CAM_FRONT_LEFT__1538448705604844.jpg", "samples/CAM_FRONT/n015-2018-10-02-10-50-40+0800__CAM_FRONT__1538448705612460.jpg", "samples/CAM_FRONT_RIGHT/n015-2018-10-02-10-50-40+0800__CAM_FRONT_RIGHT__1538448705620339.jpg", "samples/CAM_BACK_LEFT/n015-2018-10-02-10-50-40+0800__CAM_BACK_LEFT__1538448705647423.jpg", "samples/CAM_BACK/n015-2018-10-02-10-50-40+0800__CAM_BACK__1538448705637525.jpg", "samples/CAM_BACK_RIGHT/n015-2018-10-02-10-50-40+0800__CAM_BACK_RIGHT__1538448705627893.jpg"], "intrinsics": [[[1272.5979470598488, 0.0, 826.6154927353808], [0.0, 1272.5979470598488, 479.75165386361925], [0.0, 0.0, 1.0]], [[1266.417203046554, 0.0, 816.2670197447984], [0.0, 1266.417203046554, 491.50706579294757], [0.0, 0.0, 1.0]], [[1260.8474446004698, 0.0, 807.968244525554], [0.0, 1260.8474446004698, 495.3344268742088], [0.0, 0.0, 1.0]], [[1256.7414812095406, 0.0, 792.1125740759628], [0.0, 1256.7414812095406, 492.7757465151356], [0.0, 0.0, 1.0]], [[809.2209905677063, 0.0, 829.2196003259838], [0.0, 809.2209905677063, 481.77842384512485], [0.0, 0.0, 1.0]], [[1259.5137405846733, 0.0, 807.2529053838625], [0.0, 1259.5137405846733, 501.19579884916527], [0.0, 0.0, 1.0]]], "extrinsics": [[[0.8207148909568787, -0.5712423920631409, -0.010452097281813622, -0.9649658203125], [0.005283634178340435, 0.025881847366690636, -0.9996510148048401, 1.5082473754882812], [0.5713135600090027, 0.8203732967376709, 0.02425985224545002, -1.2802734375], [0.0, 0.0, 0.0, 1.0]], [[0.005604252684861422, -0.9997460246086121, -0.02182844467461109, 0.005126953125], [-5.526137556444155e-06, 0.021828757598996162, -0.9997617602348328, 1.5205307006835938], [0.9999842643737793, 0.005603049881756306, 0.00011680893658194691, -1.6925048828125], [0.0, 0.0, 0.0, 1.0]], [[-0.8329067826271057, -0.5527887344360352, -0.026288116350769997, 1.032470703125], [0.005628242157399654, 0.03903817757964134, -0.9992218613624573, 1.5036392211914062], [0.5533847212791443, -0.8324065208435059, -0.0294039286673069, -1.2490234375], [0.0, 0.0, 0.0, 1.0]], [[0.9477479457855225, 0.3186022937297821, 0.016323672607541084, -1.1422119140625], [0.01430344395339489, 0.008679557591676712, -0.9998599886894226, 1.5885543823242188], [-0.31869933009147644, 0.9478487372398376, 0.003668925492092967, -0.103759765625], [0.0, 0.0, 0.0, 1.0]], [[0.002518479013815522, 0.9998224377632141, 0.018674956634640694, 0.002685546875], [-0.011116868816316128, 0.01870185323059559, -0.9997633099555969, 1.5793609619140625], [-0.9999350905418396, 0.002310271142050624, 0.011161992326378822, 0.00177001953125], [0.0, 0.0, 0.0, 1.0]], [[-0.9346734881401062, 0.3554169535636902, -0.008014648221433163, 1.13623046875], [0.02150801569223404, 0.034029942005872726, -0.9991893768310547, 1.5514450073242188], [-0.35485610365867615, -0.9340882301330566, -0.039451196789741516, -0.0634765625], [0.0, 0.0, 0.0, 1.0]]], "view": [[0.0, -2.0, 100.0], [-2.0, 0.0, 100.0], [0.0, 0.0, 1.0]], "bev": "bev_9b0ff6d0f7c14ea4b7643b8219e5998f.png", "aux": "aux_9b0ff6d0f7c14ea4b7643b8219e5998f.npz", "visibility": "visibility_9b0ff6d0f7c14ea4b7643b8219e5998f.png", "pose": [[-0.875817596912384, -0.4826422929763794, 0.0, 2043.400390625], [0.4826422929763794, -0.875817596912384, 0.0, 2325.11083984375], [0.0, 0.0, 1.0, 0.0], [0.0, 0.0, 0.0, 1.0]], "pose_inverse": [[-0.875817596912384, 0.4826422929763794, 0.0, 667.4490966796875], [-0.4826422929763794, -0.875817596912384, 0.0, 3022.6044921875], [0.0, 0.0, 1.0, 0.0], [0.0, 0.0, 0.0, 1.0]], "cam_ids": [0, 1, 2, 3, 4, 5], "cam_channels": ["CAM_FRONT_LEFT", "CAM_FRONT", "CAM_FRONT_RIGHT", "CAM_BACK_LEFT", "CAM_BACK", "CAM_BACK_RIGHT"], "token": "9b0ff6d0f7c14ea4b7643b8219e5998f", "scene": "scene-0794"}, {"images": ["samples/CAM_FRONT_LEFT/n015-2018-10-02-10-50-40+0800__CAM_FRONT_LEFT__1538448706104844.jpg", "samples/CAM_FRONT/n015-2018-10-02-10-50-40+0800__CAM_FRONT__1538448706112460.jpg", "samples/CAM_FRONT_RIGHT/n015-2018-10-02-10-50-40+0800__CAM_FRONT_RIGHT__1538448706120339.jpg", "samples/CAM_BACK_LEFT/n015-2018-10-02-10-50-40+0800__CAM_BACK_LEFT__1538448706147423.jpg", "samples/CAM_BACK/n015-2018-10-02-10-50-40+0800__CAM_BACK__1538448706137525.jpg", "samples/CAM_BACK_RIGHT/n015-2018-10-02-10-50-40+0800__CAM_BACK_RIGHT__1538448706127893.jpg"], "intrinsics": [[[1272.5979470598488, 0.0, 826.6154927353808], [0.0, 1272.5979470598488, 479.75165386361925], [0.0, 0.0, 1.0]], [[1266.417203046554, 0.0, 816.2670197447984], [0.0, 1266.417203046554, 491.50706579294757], [0.0, 0.0, 1.0]], [[1260.8474446004698, 0.0, 807.968244525554], [0.0, 1260.8474446004698, 495.3344268742088], [0.0, 0.0, 1.0]], [[1256.7414812095406, 0.0, 792.1125740759628], [0.0, 1256.7414812095406, 492.7757465151356], [0.0, 0.0, 1.0]], [[809.2209905677063, 0.0, 829.2196003259838], [0.0, 809.2209905677063, 481.77842384512485], [0.0, 0.0, 1.0]], [[1259.5137405846733, 0.0, 807.2529053838625], [0.0, 1259.5137405846733, 501.19579884916527], [0.0, 0.0, 1.0]]], "extrinsics": [[[0.8207042217254639, -0.5712592601776123, -0.010371411219239235, -0.96484375], [0.0053346347995102406, 0.025813085958361626, -0.9996525645256042, 1.5082473754882812], [0.5713284611701965, 0.8203637003898621, 0.024232367053627968, -1.280517578125], [0.0, 0.0, 0.0, 1.0]], [[0.0055904691107571125, -0.9997478723526001, -0.02174733765423298, 0.0048828125], [2.3286236682906747e-05, 0.021747808903455734, -0.9997634887695312, 1.5205307006835938], [0.9999843835830688, 0.0055886609479784966, 0.00014486073632724583, -1.69244384765625], [0.0, 0.0, 0.0, 1.0]], [[-0.8329127430915833, -0.5527818202972412, -0.026241114363074303, 1.0322265625], [0.005634413566440344, 0.03894450515508652, -0.9992254376411438, 1.5036468505859375], [0.5533756613731384, -0.8324155211448669, -0.029322771355509758, -1.248779296875], [0.0, 0.0, 0.0, 1.0]], [[0.9477503895759583, 0.3185952305793762, 0.016319623216986656, -1.1422119140625], [0.014328033663332462, 0.008593802340328693, -0.9998603463172913, 1.5885543823242188], [-0.3186909854412079, 0.9478519558906555, 0.003579936921596527, -0.10400390625], [0.0, 0.0, 0.0, 1.0]], [[0.0025260390248149633, 0.9998242259025574, 0.018580831587314606, 0.002685546875], [-0.011103324592113495, 0.018607789650559425, -0.9997652173042297, 1.5793533325195312], [-0.9999352097511292, 0.0023191855289041996, 0.011148378252983093, 0.0018310546875], [0.0, 0.0, 0.0, 1.0]], [[-0.9346705079078674, 0.35542362928390503, -0.008057068102061749, 1.136016845703125], [0.0215148888528347, 0.033927883952856064, -0.9991926550865173, 1.55145263671875], [-0.3548632860183716, -0.9340894222259521, -0.03935829550027847, -0.063720703125], [0.0, 0.0, 0.0, 1.0]]], "view": [[0.0, -2.0, 100.0], [-2.0, 0.0, 100.0], [0.0, 0.0, 1.0]], "bev": "bev_a13789ea66f94f3eb89fdd4d77ed1bc9.png", "aux": "aux_a13789ea66f94f3eb89fdd4d77ed1bc9.npz", "visibility": "visibility_a13789ea66f94f3eb89fdd4d77ed1bc9.png", "pose": [[-0.8758243918418884, -0.4826299250125885, 0.0, 2043.400390625], [0.4826299250125885, -0.8758243918418884, 0.0, 2325.111083984375], [0.0, 0.0, 1.0, 0.0], [0.0, 0.0, 0.0, 1.0]], "pose_inverse": [[-0.8758243918418884, 0.4826299250125885, 0.0, 667.4917602539062], [-0.4826299250125885, -0.8758243918418884, 0.0, 3022.59521484375], [0.0, 0.0, 1.0, 0.0], [0.0, 0.0, 0.0, 1.0]], "cam_ids": [0, 1, 2, 3, 4, 5], "cam_channels": ["CAM_FRONT_LEFT", "CAM_FRONT", "CAM_FRONT_RIGHT", "CAM_BACK_LEFT", "CAM_BACK", "CAM_BACK_RIGHT"], "token": "a13789ea66f94f3eb89fdd4d77ed1bc9", "scene": "scene-0794"}, {"images": ["samples/CAM_FRONT_LEFT/n015-2018-10-02-10-50-40+0800__CAM_FRONT_LEFT__1538448706604844.jpg", "samples/CAM_FRONT/n015-2018-10-02-10-50-40+0800__CAM_FRONT__1538448706612460.jpg", "samples/CAM_FRONT_RIGHT/n015-2018-10-02-10-50-40+0800__CAM_FRONT_RIGHT__1538448706620339.jpg", "samples/CAM_BACK_LEFT/n015-2018-10-02-10-50-40+0800__CAM_BACK_LEFT__1538448706647423.jpg", "samples/CAM_BACK/n015-2018-10-02-10-50-40+0800__CAM_BACK__1538448706637525.jpg", "samples/CAM_BACK_RIGHT/n015-2018-10-02-10-50-40+0800__CAM_BACK_RIGHT__1538448706627893.jpg"], "intrinsics": [[[1272.5979470598488, 0.0, 826.6154927353808], [0.0, 1272.5979470598488, 479.75165386361925], [0.0, 0.0, 1.0]], [[1266.417203046554, 0.0, 816.2670197447984], [0.0, 1266.417203046554, 491.50706579294757], [0.0, 0.0, 1.0]], [[1260.8474446004698, 0.0, 807.968244525554], [0.0, 1260.8474446004698, 495.3344268742088], [0.0, 0.0, 1.0]], [[1256.7414812095406, 0.0, 792.1125740759628], [0.0, 1256.7414812095406, 492.7757465151356], [0.0, 0.0, 1.0]], [[809.2209905677063, 0.0, 829.2196003259838], [0.0, 809.2209905677063, 481.77842384512485], [0.0, 0.0, 1.0]], [[1259.5137405846733, 0.0, 807.2529053838625], [0.0, 1259.5137405846733, 501.19579884916527], [0.0, 0.0, 1.0]]], "extrinsics": [[[0.8207204937934875, -0.5712363123893738, -0.01033933088183403, -0.9649658203125], [0.005312641151249409, 0.025726575404405594, -0.9996549487113953, 1.50823974609375], [0.5713052153587341, 0.820382297039032, 0.024149101227521896, -1.2802734375], [0.0, 0.0, 0.0, 1.0]], [[0.005616986192762852, -0.9997491836547852, -0.02167614921927452, 0.005126953125], [2.0967247110093012e-05, 0.02167660929262638, -0.9997650384902954, 1.5205307006835938], [0.9999842047691345, 0.005615234840661287, 0.0001427198585588485, -1.6923828125], [0.0, 0.0, 0.0, 1.0]], [[-0.8329007625579834, -0.5528005957603455, -0.02622595801949501, 1.032470703125], [0.005652034189552069, 0.038889460265636444, -0.9992275238037109, 1.5036468505859375], [0.5533934831619263, -0.8324055671691895, -0.029266614466905594, -1.2490234375], [0.0, 0.0, 0.0, 1.0]], [[0.9477479457855225, 0.31860342621803284, 0.016298074275255203, -1.1422119140625], [0.014324639923870564, 0.008536183275282383, -0.999860942363739, 1.5885581970214844], [-0.3186982572078705, 0.947849690914154, 0.0035262727178633213, -0.10400390625], [0.0, 0.0, 0.0, 1.0]], [[0.0025148263666778803, 0.9998250603675842, 0.018535790964961052, 0.002685546875], [-0.01109161227941513, 0.018562598153948784, -0.9997661709785461, 1.5793609619140625], [-0.9999353289604187, 0.002308623632416129, 0.011136352084577084, 0.00177001953125], [0.0, 0.0, 0.0, 1.0]], [[-0.9346756935119629, 0.35540902614593506, -0.008098323829472065, 1.136199951171875], [0.021537691354751587, 0.0338735356926918, -0.9991940855979919, 1.5514373779296875], [-0.3548482656478882, -0.9340968728065491, -0.03931546211242676, -0.063720703125], [0.0, 0.0, 0.0, 1.0]]], "view": [[0.0, -2.0, 100.0], [-2.0, 0.0, 100.0], [0.0, 0.0, 1.0]], "bev": "bev_448fb51aeb4941c0abb029686572c14a.png", "aux": "aux_448fb51aeb4941c0abb029686572c14a.npz", "visibility": "visibility_448fb51aeb4941c0abb029686572c14a.png", "pose": [[-0.8758416175842285, -0.48259860277175903, 0.0, 2043.4005126953125], [0.48259860277175903, -0.8758416175842285, 0.0, 2325.111083984375], [0.0, 0.0, 1.0, 0.0], [0.0, 0.0, 0.0, 1.0]], "pose_inverse": [[-0.8758416175842285, 0.48259860277175903, 0.0, 667.599853515625], [-0.48259860277175903, -0.8758416175842285, 0.0, 3022.5712890625], [0.0, 0.0, 1.0, 0.0], [0.0, 0.0, 0.0, 1.0]], "cam_ids": [0, 1, 2, 3, 4, 5], "cam_channels": ["CAM_FRONT_LEFT", "CAM_FRONT", "CAM_FRONT_RIGHT", "CAM_BACK_LEFT", "CAM_BACK", "CAM_BACK_RIGHT"], "token": "448fb51aeb4941c0abb029686572c14a", "scene": "scene-0794"}, {"images": ["samples/CAM_FRONT_LEFT/n015-2018-10-02-10-50-40+0800__CAM_FRONT_LEFT__1538448707104844.jpg", "samples/CAM_FRONT/n015-2018-10-02-10-50-40+0800__CAM_FRONT__1538448707112460.jpg", "samples/CAM_FRONT_RIGHT/n015-2018-10-02-10-50-40+0800__CAM_FRONT_RIGHT__1538448707120339.jpg", "samples/CAM_BACK_LEFT/n015-2018-10-02-10-50-40+0800__CAM_BACK_LEFT__1538448707147423.jpg", "samples/CAM_BACK/n015-2018-10-02-10-50-40+0800__CAM_BACK__1538448707137525.jpg", "samples/CAM_BACK_RIGHT/n015-2018-10-02-10-50-40+0800__CAM_BACK_RIGHT__1538448707127904.jpg"], "intrinsics": [[[1272.5979470598488, 0.0, 826.6154927353808], [0.0, 1272.5979470598488, 479.75165386361925], [0.0, 0.0, 1.0]], [[1266.417203046554, 0.0, 816.2670197447984], [0.0, 1266.417203046554, 491.50706579294757], [0.0, 0.0, 1.0]], [[1260.8474446004698, 0.0, 807.968244525554], [0.0, 1260.8474446004698, 495.3344268742088], [0.0, 0.0, 1.0]], [[1256.7414812095406, 0.0, 792.1125740759628], [0.0, 1256.7414812095406, 492.7757465151356], [0.0, 0.0, 1.0]], [[809.2209905677063, 0.0, 829.2196003259838], [0.0, 809.2209905677063, 481.77842384512485], [0.0, 0.0, 1.0]], [[1259.5137405846733, 0.0, 807.2529053838625], [0.0, 1259.5137405846733, 501.19579884916527], [0.0, 0.0, 1.0]]], "extrinsics": [[[0.8207063674926758, -0.5712577700614929, -0.010278684087097645, -0.9649658203125], [0.005397769622504711, 0.025741640478372574, -0.9996540546417236, 1.50823974609375], [0.5713246464729309, 0.8203669190406799, 0.024209843948483467, -1.2802734375], [0.0, 0.0, 0.0, 1.0]], [[0.005594159942120314, -0.9997490644454956, -0.021688105538487434, 0.005126953125], [9.50718458625488e-05, 0.021688977256417274, -0.9997648000717163, 1.5205307006835938], [0.9999843239784241, 0.0055907671339809895, 0.00021637813188135624, -1.6922607421875], [0.0, 0.0, 0.0, 1.0]], [[-0.8329098224639893, -0.5527843236923218, -0.02628309652209282, 1.0322265625], [0.005715109407901764, 0.03889872506260872, -0.9992268085479736, 1.5036468505859375], [0.5533792972564697, -0.8324159979820251, -0.029239904135465622, -1.248779296875], [0.0, 0.0, 0.0, 1.0]], [[0.9477473497390747, 0.3186008036136627, 0.016384217888116837, -1.1422119140625], [0.014415114186704159, 0.00853742379695177, -0.999859631061554, 1.5885581970214844], [-0.31869593262672424, 0.9478505253791809, 0.003498656442388892, -0.103515625], [0.0, 0.0, 0.0, 1.0]], [[0.002521996619179845, 0.9998250603675842, 0.018534155562520027, 0.002685546875], [-0.011017534881830215, 0.018560871481895447, -0.999767005443573, 1.5793533325195312], [-0.9999361634254456, 0.0023172807414084673, 0.01106241811066866, 0.00189208984375], [0.0, 0.0, 0.0, 1.0]], [[-0.9346701502799988, 0.3554224967956543, -0.008153816685080528, 1.136322021484375], [0.021602490916848183, 0.03388635814189911, -0.9991922378540039, 1.5514602661132812], [-0.35485905408859253, -0.934091329574585, -0.03935058414936066, -0.063720703125], [0.0, 0.0, 0.0, 1.0]]], "view": [[0.0, -2.0, 100.0], [-2.0, 0.0, 100.0], [0.0, 0.0, 1.0]], "bev": "bev_711ee097e5764153a25a265cc20292a3.png", "aux": "aux_711ee097e5764153a25a265cc20292a3.npz", "visibility": "visibility_711ee097e5764153a25a265cc20292a3.png", "pose": [[-0.8758319020271301, -0.48261624574661255, 0.0, 2043.4005126953125], [0.48261624574661255, -0.8758319020271301, 0.0, 2325.111328125], [0.0, 0.0, 1.0, 0.0], [0.0, 0.0, 0.0, 1.0]], "pose_inverse": [[-0.8758319020271301, 0.48261624574661255, 0.0, 667.5388793945312], [-0.48261624574661255, -0.8758319020271301, 0.0, 3022.5849609375], [0.0, 0.0, 1.0, 0.0], [0.0, 0.0, 0.0, 1.0]], "cam_ids": [0, 1, 2, 3, 4, 5], "cam_channels": ["CAM_FRONT_LEFT", "CAM_FRONT", "CAM_FRONT_RIGHT", "CAM_BACK_LEFT", "CAM_BACK", "CAM_BACK_RIGHT"], "token": "711ee097e5764153a25a265cc20292a3", "scene": "scene-0794"}, {"images": ["samples/CAM_FRONT_LEFT/n015-2018-10-02-10-50-40+0800__CAM_FRONT_LEFT__1538448707604844.jpg", "samples/CAM_FRONT/n015-2018-10-02-10-50-40+0800__CAM_FRONT__1538448707612460.jpg", "samples/CAM_FRONT_RIGHT/n015-2018-10-02-10-50-40+0800__CAM_FRONT_RIGHT__1538448707620339.jpg", "samples/CAM_BACK_LEFT/n015-2018-10-02-10-50-40+0800__CAM_BACK_LEFT__1538448707647423.jpg", "samples/CAM_BACK/n015-2018-10-02-10-50-40+0800__CAM_BACK__1538448707637525.jpg", "samples/CAM_BACK_RIGHT/n015-2018-10-02-10-50-40+0800__CAM_BACK_RIGHT__1538448707627893.jpg"], "intrinsics": [[[1272.5979470598488, 0.0, 826.6154927353808], [0.0, 1272.5979470598488, 479.75165386361925], [0.0, 0.0, 1.0]], [[1266.417203046554, 0.0, 816.2670197447984], [0.0, 1266.417203046554, 491.50706579294757], [0.0, 0.0, 1.0]], [[1260.8474446004698, 0.0, 807.968244525554], [0.0, 1260.8474446004698, 495.3344268742088], [0.0, 0.0, 1.0]], [[1256.7414812095406, 0.0, 792.1125740759628], [0.0, 1256.7414812095406, 492.7757465151356], [0.0, 0.0, 1.0]], [[809.2209905677063, 0.0, 829.2196003259838], [0.0, 809.2209905677063, 481.77842384512485], [0.0, 0.0, 1.0]], [[1259.5137405846733, 0.0, 807.2529053838625], [0.0, 1259.5137405846733, 501.19579884916527], [0.0, 0.0, 1.0]]], "extrinsics": [[[0.8207024931907654, -0.5712632536888123, -0.010276932269334793, -0.9649658203125], [0.005405770149081945, 0.025749780237674713, -0.9996538162231445, 1.50823974609375], [0.5713301301002502, 0.8203628063201904, 0.0242210291326046, -1.280029296875], [0.0, 0.0, 0.0, 1.0]], [[0.005588687025010586, -0.9997488856315613, -0.021701527759432793, 0.005126953125], [0.00012154092837590724, 0.021702546626329422, -0.9997645020484924, 1.5205307006835938], [0.9999843835830688, 0.00558472890406847, 0.00024280058278236538, -1.69232177734375], [0.0, 0.0, 0.0, 1.0]], [[-0.8329112529754639, -0.5527797341346741, -0.026331573724746704, 1.0322265625], [0.0057607186026871204, 0.03891788795590401, -0.9992257952690125, 1.5036544799804688], [0.5533764958381653, -0.8324180841445923, -0.029230739921331406, -1.24853515625], [0.0, 0.0, 0.0, 1.0]], [[0.9477457404136658, 0.31860440969467163, 0.01640530303120613, -1.14208984375], [0.014428837224841118, 0.008562725968658924, -0.9998592138290405, 1.5885505676269531], [-0.31870007514953613, 0.9478490352630615, 0.003518196754157543, -0.103759765625], [0.0, 0.0, 0.0, 1.0]], [[0.0025215214118361473, 0.9998247623443604, 0.018550308421254158, 0.002685546875], [-0.010981196537613869, 0.018576934933662415, -0.9997671246528625, 1.5793571472167969], [-0.999936580657959, 0.002317235805094242, 0.011026114225387573, 0.00189208984375], [0.0, 0.0, 0.0, 1.0]], [[-0.9346685409545898, 0.35542622208595276, -0.008184978738427162, 1.136199951171875], [0.021643003448843956, 0.033904872834682465, -0.9991907477378845, 1.5514602661132812], [-0.3548610508441925, -0.9340891242027283, -0.03938230872154236, -0.06396484375], [0.0, 0.0, 0.0, 1.0]]], "view": [[0.0, -2.0, 100.0], [-2.0, 0.0, 100.0], [0.0, 0.0, 1.0]], "bev": "bev_e37222196d2746f9ad3666fb1da40987.png", "aux": "aux_e37222196d2746f9ad3666fb1da40987.npz", "visibility": "visibility_e37222196d2746f9ad3666fb1da40987.png", "pose": [[-0.8758195638656616, -0.4826386272907257, 0.0, 2043.400634765625], [0.4826386272907257, -0.8758195638656616, 0.0, 2325.111328125], [0.0, 0.0, 1.0, 0.0], [0.0, 0.0, 0.0, 1.0]], "pose_inverse": [[-0.8758195638656616, 0.4826386272907257, 0.0, 667.4617919921875], [-0.4826386272907257, -0.8758195638656616, 0.0, 3022.60205078125], [0.0, 0.0, 1.0, 0.0], [0.0, 0.0, 0.0, 1.0]], "cam_ids": [0, 1, 2, 3, 4, 5], "cam_channels": ["CAM_FRONT_LEFT", "CAM_FRONT", "CAM_FRONT_RIGHT", "CAM_BACK_LEFT", "CAM_BACK", "CAM_BACK_RIGHT"], "token": "e37222196d2746f9ad3666fb1da40987", "scene": "scene-0794"}, {"images": ["samples/CAM_FRONT_LEFT/n015-2018-10-02-10-50-40+0800__CAM_FRONT_LEFT__1538448708104844.jpg", "samples/CAM_FRONT/n015-2018-10-02-10-50-40+0800__CAM_FRONT__1538448708112460.jpg", "samples/CAM_FRONT_RIGHT/n015-2018-10-02-10-50-40+0800__CAM_FRONT_RIGHT__1538448708120339.jpg", "samples/CAM_BACK_LEFT/n015-2018-10-02-10-50-40+0800__CAM_BACK_LEFT__1538448708147423.jpg", "samples/CAM_BACK/n015-2018-10-02-10-50-40+0800__CAM_BACK__1538448708137525.jpg", "samples/CAM_BACK_RIGHT/n015-2018-10-02-10-50-40+0800__CAM_BACK_RIGHT__1538448708127893.jpg"], "intrinsics": [[[1272.5979470598488, 0.0, 826.6154927353808], [0.0, 1272.5979470598488, 479.75165386361925], [0.0, 0.0, 1.0]], [[1266.417203046554, 0.0, 816.2670197447984], [0.0, 1266.417203046554, 491.50706579294757], [0.0, 0.0, 1.0]], [[1260.8474446004698, 0.0, 807.968244525554], [0.0, 1260.8474446004698, 495.3344268742088], [0.0, 0.0, 1.0]], [[1256.7414812095406, 0.0, 792.1125740759628], [0.0, 1256.7414812095406, 492.7757465151356], [0.0, 0.0, 1.0]], [[809.2209905677063, 0.0, 829.2196003259838], [0.0, 809.2209905677063, 481.77842384512485], [0.0, 0.0, 1.0]], [[1259.5137405846733, 0.0, 807.2529053838625], [0.0, 1259.5137405846733, 501.19579884916527], [0.0, 0.0, 1.0]]], "extrinsics": [[[0.8207167387008667, -0.5712466835975647, -0.010061508975923061, -0.96484375], [0.005613464396446943, 0.025672094896435738, -0.9996546506881714, 1.5082550048828125], [0.5713076591491699, 0.8203768134117126, 0.024276193231344223, -1.2802734375], [0.0, 0.0, 0.0, 1.0]], [[0.0056107197888195515, -0.9997506737709045, -0.021608656272292137, 0.005126953125], [0.00030567465000785887, 0.021610712632536888, -0.9997664093971252, 1.5205307006835938], [0.9999842643737793, 0.005602851044386625, 0.0004268510965630412, -1.69244384765625], [0.0, 0.0, 0.0, 1.0]], [[-0.8328994512557983, -0.5527939796447754, -0.02640603668987751, 1.0322265625], [0.005920060910284519, 0.03881167620420456, -0.9992289543151855, 1.5036468505859375], [0.5533926486968994, -0.8324135541915894, -0.029053648933768272, -1.248779296875], [0.0, 0.0, 0.0, 1.0]], [[0.9477431774139404, 0.31860604882240295, 0.01652149111032486, -1.1419677734375], [0.014585559256374836, 0.00846115779131651, -0.9998578429222107, 1.5885505676269531], [-0.31870052218437195, 0.947849452495575, 0.0033719553612172604, -0.103759765625], [0.0, 0.0, 0.0, 1.0]], [[0.0025138885248452425, 0.9998267292976379, 0.018447069451212883, 0.002685546875], [-0.010829368606209755, 0.018473265692591667, -0.9997707009315491, 1.5793571472167969], [-0.9999382495880127, 0.002313567092642188, 0.010873931460082531, 0.00177001953125], [0.0, 0.0, 0.0, 1.0]], [[-0.934670627117157, 0.35541629791259766, -0.008372637443244457, 1.136138916015625], [0.021801505237817764, 0.03379519656300545, -0.9991909861564636, 1.5514450073242188], [-0.3548457622528076, -0.9340970516204834, -0.03933598846197128, -0.063720703125], [0.0, 0.0, 0.0, 1.0]]], "view": [[0.0, -2.0, 100.0], [-2.0, 0.0, 100.0], [0.0, 0.0, 1.0]], "bev": "bev_dcd373ecd06b429f87052dc5f8ac36b7.png", "aux": "aux_dcd373ecd06b429f87052dc5f8ac36b7.npz", "visibility": "visibility_dcd373ecd06b429f87052dc5f8ac36b7.png", "pose": [[-0.8758410215377808, -0.48259973526000977, 0.0, 2043.400634765625], [0.48259973526000977, -0.8758410215377808, 0.0, 2325.111328125], [0.0, 0.0, 1.0, 0.0], [0.0, 0.0, 0.0, 1.0]], "pose_inverse": [[-0.8758410215377808, 0.48259973526000977, 0.0, 667.5960083007812], [-0.48259973526000977, -0.8758410215377808, 0.0, 3022.572509765625], [0.0, 0.0, 1.0, 0.0], [0.0, 0.0, 0.0, 1.0]], "cam_ids": [0, 1, 2, 3, 4, 5], "cam_channels": ["CAM_FRONT_LEFT", "CAM_FRONT", "CAM_FRONT_RIGHT", "CAM_BACK_LEFT", "CAM_BACK", "CAM_BACK_RIGHT"], "token": "dcd373ecd06b429f87052dc5f8ac36b7", "scene": "scene-0794"}, {"images": ["samples/CAM_FRONT_LEFT/n015-2018-10-02-10-50-40+0800__CAM_FRONT_LEFT__1538448708604844.jpg", "samples/CAM_FRONT/n015-2018-10-02-10-50-40+0800__CAM_FRONT__1538448708612460.jpg", "samples/CAM_FRONT_RIGHT/n015-2018-10-02-10-50-40+0800__CAM_FRONT_RIGHT__1538448708620339.jpg", "samples/CAM_BACK_LEFT/n015-2018-10-02-10-50-40+0800__CAM_BACK_LEFT__1538448708647423.jpg", "samples/CAM_BACK/n015-2018-10-02-10-50-40+0800__CAM_BACK__1538448708637525.jpg", "samples/CAM_BACK_RIGHT/n015-2018-10-02-10-50-40+0800__CAM_BACK_RIGHT__1538448708627893.jpg"], "intrinsics": [[[1272.5979470598488, 0.0, 826.6154927353808], [0.0, 1272.5979470598488, 479.75165386361925], [0.0, 0.0, 1.0]], [[1266.417203046554, 0.0, 816.2670197447984], [0.0, 1266.417203046554, 491.50706579294757], [0.0, 0.0, 1.0]], [[1260.8474446004698, 0.0, 807.968244525554], [0.0, 1260.8474446004698, 495.3344268742088], [0.0, 0.0, 1.0]], [[1256.7414812095406, 0.0, 792.1125740759628], [0.0, 1256.7414812095406, 492.7757465151356], [0.0, 0.0, 1.0]], [[809.2209905677063, 0.0, 829.2196003259838], [0.0, 809.2209905677063, 481.77842384512485], [0.0, 0.0, 1.0]], [[1259.5137405846733, 0.0, 807.2529053838625], [0.0, 1259.5137405846733, 501.19579884916527], [0.0, 0.0, 1.0]]], "extrinsics": [[[0.8207125663757324, -0.5712513327598572, -0.010138634592294693, -0.96484375], [0.005569821689277887, 0.025744076818227768, -0.9996530413627625, 1.5082550048828125], [0.5713140964508057, 0.8203713893890381, 0.02431025728583336, -1.2802734375], [0.0, 0.0, 0.0, 1.0]], [[0.005604185629636049, -0.9997490048408508, -0.02169160544872284, 0.00537109375], [0.000278455758234486, 0.021693505346775055, -0.9997646808624268, 1.5205307006835938], [0.9999842643737793, 0.0055968305096030235, 0.00039996017585508525, -1.6922607421875], [0.0, 0.0, 0.0, 1.0]], [[-0.8329023718833923, -0.5527874827384949, -0.026449384167790413, 1.0322265625], [0.005909944884479046, 0.03890553489327431, -0.999225378036499, 1.5036468505859375], [0.5533882975578308, -0.8324135541915894, -0.029137566685676575, -1.248779296875], [0.0, 0.0, 0.0, 1.0]], [[0.9477441310882568, 0.318601131439209, 0.016565624624490738, -1.14208984375], [0.01460097637027502, 0.008553841151297092, -0.9998567700386047, 1.5885505676269531], [-0.3186971843242645, 0.9478502869606018, 0.0034549639094620943, -0.103759765625], [0.0, 0.0, 0.0, 1.0]], [[0.002516977721825242, 0.9998246431350708, 0.018559345975518227, 0.00244140625], [-0.010817432776093483, 0.01858554035425186, -0.9997687935829163, 1.5793609619140625], [-0.9999383091926575, 0.002315621357411146, 0.010862314142286777, 0.00201416015625], [0.0, 0.0, 0.0, 1.0]], [[-0.9346692562103271, 0.3554205298423767, -0.008342108689248562, 1.136260986328125], [0.021808361634612083, 0.033898644149303436, -0.9991873502731323, 1.55145263671875], [-0.3548489212989807, -0.9340915679931641, -0.039435163140296936, -0.063720703125], [0.0, 0.0, 0.0, 1.0]]], "view": [[0.0, -2.0, 100.0], [-2.0, 0.0, 100.0], [0.0, 0.0, 1.0]], "bev": "bev_b5bcd48b2e764f0fb9756af14ea07166.png", "aux": "aux_b5bcd48b2e764f0fb9756af14ea07166.npz", "visibility": "visibility_b5bcd48b2e764f0fb9756af14ea07166.png", "pose": [[-0.8758249282836914, -0.4826289415359497, 0.0, 2043.4007568359375], [0.4826289415359497, -0.8758249282836914, 0.0, 2325.111572265625], [0.0, 0.0, 1.0, 0.0], [0.0, 0.0, 0.0, 1.0]], "pose_inverse": [[-0.8758249282836914, 0.4826289415359497, 0.0, 667.4951782226562], [-0.4826289415359497, -0.8758249282836914, 0.0, 3022.594970703125], [0.0, 0.0, 1.0, 0.0], [0.0, 0.0, 0.0, 1.0]], "cam_ids": [0, 1, 2, 3, 4, 5], "cam_channels": ["CAM_FRONT_LEFT", "CAM_FRONT", "CAM_FRONT_RIGHT", "CAM_BACK_LEFT", "CAM_BACK", "CAM_BACK_RIGHT"], "token": "b5bcd48b2e764f0fb9756af14ea07166", "scene": "scene-0794"}, {"images": ["samples/CAM_FRONT_LEFT/n015-2018-10-02-10-50-40+0800__CAM_FRONT_LEFT__1538448709104844.jpg", "samples/CAM_FRONT/n015-2018-10-02-10-50-40+0800__CAM_FRONT__1538448709112460.jpg", "samples/CAM_FRONT_RIGHT/n015-2018-10-02-10-50-40+0800__CAM_FRONT_RIGHT__1538448709120339.jpg", "samples/CAM_BACK_LEFT/n015-2018-10-02-10-50-40+0800__CAM_BACK_LEFT__1538448709147423.jpg", "samples/CAM_BACK/n015-2018-10-02-10-50-40+0800__CAM_BACK__1538448709137525.jpg", "samples/CAM_BACK_RIGHT/n015-2018-10-02-10-50-40+0800__CAM_BACK_RIGHT__1538448709127893.jpg"], "intrinsics": [[[1272.5979470598488, 0.0, 826.6154927353808], [0.0, 1272.5979470598488, 479.75165386361925], [0.0, 0.0, 1.0]], [[1266.417203046554, 0.0, 816.2670197447984], [0.0, 1266.417203046554, 491.50706579294757], [0.0, 0.0, 1.0]], [[1260.8474446004698, 0.0, 807.968244525554], [0.0, 1260.8474446004698, 495.3344268742088], [0.0, 0.0, 1.0]], [[1256.7414812095406, 0.0, 792.1125740759628], [0.0, 1256.7414812095406, 492.7757465151356], [0.0, 0.0, 1.0]], [[809.2209905677063, 0.0, 829.2196003259838], [0.0, 809.2209905677063, 481.77842384512485], [0.0, 0.0, 1.0]], [[1259.5137405846733, 0.0, 807.2529053838625], [0.0, 1259.5137405846733, 501.19579884916527], [0.0, 0.0, 1.0]]], "extrinsics": [[[0.8207269906997681, -0.5712317228317261, -0.010073969140648842, -0.9649658203125], [0.005627620033919811, 0.025714991614222527, -0.9996534585952759, 1.5082550048828125], [0.5712928175926208, 0.8203859329223633, 0.024319663643836975, -1.2802734375], [0.0, 0.0, 0.0, 1.0]], [[0.005624514538794756, -0.9997496008872986, -0.021655917167663574, 0.005126953125], [0.00032424554228782654, 0.02165808342397213, -0.9997653961181641, 1.5205307006835938], [0.9999841451644897, 0.0056161764077842236, 0.00044598031672649086, -1.69244384765625], [0.0, 0.0, 0.0, 1.0]], [[-0.8328933119773865, -0.5528008937835693, -0.026454225182533264, 1.032470703125], [0.005942927207797766, 0.038863807916641235, -0.9992268085479736, 1.5036468505859375], [0.5534015893936157, -0.8324065804481506, -0.02908414974808693, -1.24853515625], [0.0, 0.0, 0.0, 1.0]], [[0.9477445483207703, 0.31859758496284485, 0.016602711752057076, -1.1422119140625], [0.014644782058894634, 0.008539962582290173, -0.9998562932014465, 1.5885429382324219], [-0.3186935782432556, 0.9478515386581421, 0.0034279117826372385, -0.103759765625], [0.0, 0.0, 0.0, 1.0]], [[0.002512924838811159, 0.9998253583908081, 0.018521619960665703, 0.002685546875], [-0.010788416489958763, 0.01854770816862583, -0.9997698068618774, 1.5793495178222656], [-0.9999386668205261, 0.0023125018924474716, 0.010833141393959522, 0.002014160