[{"images": ["samples/CAM_FRONT_LEFT/n015-2018-09-27-15-33-17+0800__CAM_FRONT_LEFT__1538033912754844.jpg", "samples/CAM_FRONT/n015-2018-09-27-15-33-17+0800__CAM_FRONT__1538033912762460.jpg", "samples/CAM_FRONT_RIGHT/n015-2018-09-27-15-33-17+0800__CAM_FRONT_RIGHT__1538033912770339.jpg", "samples/CAM_BACK_LEFT/n015-2018-09-27-15-33-17+0800__CAM_BACK_LEFT__1538033912797423.jpg", "samples/CAM_BACK/n015-2018-09-27-15-33-17+0800__CAM_BACK__1538033912787525.jpg", "samples/CAM_BACK_RIGHT/n015-2018-09-27-15-33-17+0800__CAM_BACK_RIGHT__1538033912777893.jpg"], "intrinsics": [[[1272.5979470598488, 0.0, 826.6154927353808], [0.0, 1272.5979470598488, 479.75165386361925], [0.0, 0.0, 1.0]], [[1266.417203046554, 0.0, 816.2670197447984], [0.0, 1266.417203046554, 491.50706579294757], [0.0, 0.0, 1.0]], [[1260.8474446004698, 0.0, 807.968244525554], [0.0, 1260.8474446004698, 495.3344268742088], [0.0, 0.0, 1.0]], [[1256.7414812095406, 0.0, 792.1125740759628], [0.0, 1256.7414812095406, 492.7757465151356], [0.0, 0.0, 1.0]], [[809.2209905677063, 0.0, 829.2196003259838], [0.0, 809.2209905677063, 481.77842384512485], [0.0, 0.0, 1.0]], [[1259.5137405846733, 0.0, 807.2529053838625], [0.0, 1259.5137405846733, 501.19579884916527], [0.0, 0.0, 1.0]]], "extrinsics": [[[0.8209418058395386, -0.5703954696655273, 0.026523396372795105, -0.748443603515625], [-0.0022307701874524355, -0.04965316876769066, -0.9987640380859375, 1.5077362060546875], [0.5710074305534363, 0.8198679685592651, -0.04203478619456291, -1.131591796875], [0.0, 0.0, 0.0, 1.0]], [[0.005933012347668409, -0.9985488057136536, 0.05352365970611572, 0.0078125], [-0.007047811523079872, -0.053565025329589844, -0.9985395073890686, 1.51910400390625], [0.9999575018882751, 0.005547113250941038, -0.007355386856943369, -1.4779052734375], [0.0, 0.0, 0.0, 1.0]], [[-0.8328480124473572, -0.5531120300292969, 0.020763402804732323, 0.895751953125], [-0.0008906367002055049, -0.03617357462644577, -0.9993451237678528, 1.5035400390625], [0.5535008907318115, -0.8323211073875427, 0.029634471982717514, -1.15673828125], [0.0, 0.0, 0.0, 1.0]], [[0.9478178024291992, 0.3185957968235016, -0.011756078340113163, -1.1455078125], [0.009735488332808018, -0.06578092277050018, -0.9977865815162659, 1.588531494140625], [-0.31866389513015747, 0.9456053376197815, -0.06545001268386841, -0.1025390625], [0.0, 0.0, 0.0, 1.0]], [[0.002481485716998577, 0.9984254837036133, -0.056039609014987946, 0.0029296875], [-0.01637931913137436, -0.05599168315529823, -0.998296856880188, 1.5784454345703125], [-0.999862790107727, 0.0033951574005186558, 0.016214584931731224, -0.0557861328125], [0.0, 0.0, 0.0, 1.0]], [[-0.9348059296607971, 0.3539683222770691, -0.029056129977107048, 1.02655029296875], [0.015550078824162483, -0.04094136133790016, -0.9990405440330505, 1.5533065795898438], [-0.35481834411621094, -0.9343608617782593, 0.032767992466688156, -0.104736328125], [0.0, 0.0, 0.0, 1.0]]], "view": [[0.0, -2.0, 100.0], [-2.0, 0.0, 100.0], [0.0, 0.0, 1.0]], "bev": "bev_75e4a51c51bf4830b4b8b3d6b3a32825.png", "aux": "aux_75e4a51c51bf4830b4b8b3d6b3a32825.npz", "visibility": "visibility_75e4a51c51bf4830b4b8b3d6b3a32825.png", "pose": [[0.9902192950248718, 0.13951954245567322, 0.0, 2041.37548828125], [-0.13951954245567322, 0.9902192950248718, 0.0, 2594.64404296875], [0.0, 0.0, 1.0, 0.0], [0.0, 0.0, 0.0, 1.0]], "pose_inverse": [[0.9902192950248718, -0.13951954245567322, 0.0, -1659.4058837890625], [0.13951954245567322, 0.9902192950248718, 0.0, -2854.078369140625], [0.0, 0.0, 1.0, 0.0], [0.0, 0.0, 0.0, 1.0]], "cam_ids": [0, 1, 2, 3, 4, 5], "cam_channels": ["CAM_FRONT_LEFT", "CAM_FRONT", "CAM_FRONT_RIGHT", "CAM_BACK_LEFT", "CAM_BACK", "CAM_BACK_RIGHT"], "token": "75e4a51c51bf4830b4b8b3d6b3a32825", "scene": "scene-0413"}, {"images": ["samples/CAM_FRONT_LEFT/n015-2018-09-27-15-33-17+0800__CAM_FRONT_LEFT__1538033913254844.jpg", "samples/CAM_FRONT/n015-2018-09-27-15-33-17+0800__CAM_FRONT__1538033913262460.jpg", "samples/CAM_FRONT_RIGHT/n015-2018-09-27-15-33-17+0800__CAM_FRONT_RIGHT__1538033913270339.jpg", "samples/CAM_BACK_LEFT/n015-2018-09-27-15-33-17+0800__CAM_BACK_LEFT__1538033913297423.jpg", "samples/CAM_BACK/n015-2018-09-27-15-33-17+0800__CAM_BACK__1538033913287525.jpg", "samples/CAM_BACK_RIGHT/n015-2018-09-27-15-33-17+0800__CAM_BACK_RIGHT__1538033913277893.jpg"], "intrinsics": [[[1272.5979470598488, 0.0, 826.6154927353808], [0.0, 1272.5979470598488, 479.75165386361925], [0.0, 0.0, 1.0]], [[1266.417203046554, 0.0, 816.2670197447984], [0.0, 1266.417203046554, 491.50706579294757], [0.0, 0.0, 1.0]], [[1260.8474446004698, 0.0, 807.968244525554], [0.0, 1260.8474446004698, 495.3344268742088], [0.0, 0.0, 1.0]], [[1256.7414812095406, 0.0, 792.1125740759628], [0.0, 1256.7414812095406, 492.7757465151356], [0.0, 0.0, 1.0]], [[809.2209905677063, 0.0, 829.2196003259838], [0.0, 809.2209905677063, 481.77842384512485], [0.0, 0.0, 1.0]], [[1259.5137405846733, 0.0, 807.2529053838625], [0.0, 1259.5137405846733, 501.19579884916527], [0.0, 0.0, 1.0]]], "extrinsics": [[[0.8200027346611023, -0.5711319446563721, 0.03746715560555458, -0.7622222900390625], [0.013351892121136189, -0.046355221420526505, -0.9988358020782471, 1.5115814208984375], [0.5722036957740784, 0.8195483684539795, -0.03038571961224079, -1.1396484375], [0.0, 0.0, 0.0, 1.0]], [[0.004640262573957443, -0.9987280368804932, 0.05020776391029358, 0.00634765625], [0.007897762581706047, -0.05017014220356941, -0.998709499835968, 1.52215576171875], [0.9999580383300781, 0.005030810367316008, 0.007654912769794464, -1.4896240234375], [0.0, 0.0, 0.0, 1.0]], [[-0.8331945538520813, -0.5529361963272095, 0.0069608851335942745, 0.90185546875], [0.013390528969466686, -0.032758645713329315, -0.9993735551834106, 1.5057449340820312], [0.5528178811073303, -0.8325793147087097, 0.03469843044877052, -1.1614990234375], [0.0, 0.0, 0.0, 1.0]], [[0.947754442691803, 0.3189999461174011, 0.0006062355823814869, -1.137939453125], [0.021667687222361565, -0.062478817999362946, -0.9978110194206238, 1.588653564453125], [-0.31826379895210266, 0.9456931352615356, -0.06612657010555267, -0.105224609375], [0.0, 0.0, 0.0, 1.0]], [[0.002988235792145133, 0.9986076951026917, -0.052667442709207535, 0.002685546875], [-0.003639612114056945, -0.052656468003988266, -0.9986060857772827, 1.57916259765625], [-0.9999889731407166, 0.003175749909132719, 0.003477195044979453, -0.057861328125], [0.0, 0.0, 0.0, 1.0]], [[-0.9343215823173523, 0.35411393642425537, -0.04057643190026283, 1.031005859375], [0.029140107333660126, -0.03757070377469063, -0.9988690614700317, 1.5547370910644531], [-0.3552379012107849, -0.9344473481178284, 0.024784205481410027, -0.103515625], [0.0, 0.0, 0.0, 1.0]]], "view": [[0.0, -2.0, 100.0], [-2.0, 0.0, 100.0], [0.0, 0.0, 1.0]], "bev": "bev_809014dd10c1419296190b1c98c61ff9.png", "aux": "aux_809014dd10c1419296190b1c98c61ff9.npz", "visibility": "visibility_809014dd10c1419296190b1c98c61ff9.png", "pose": [[0.9906792044639587, 0.13621573150157928, 0.0, 2044.3162841796875], [-0.13621573150157928, 0.9906792044639587, 0.0, 2594.21923828125], [0.0, 0.0, 1.0, 0.0], [0.0, 0.0, 0.0, 1.0]], "pose_inverse": [[0.9906792044639587, -0.13621573150157928, 0.0, -1671.88818359375], [0.13621573150157928, 0.9906792044639587, 0.0, -2848.507080078125], [0.0, 0.0, 1.0, 0.0], [0.0, 0.0, 0.0, 1.0]], "cam_ids": [0, 1, 2, 3, 4, 5], "cam_channels": ["CAM_FRONT_LEFT", "CAM_FRONT", "CAM_FRONT_RIGHT", "CAM_BACK_LEFT", "CAM_BACK", "CAM_BACK_RIGHT"], "token": "809014dd10c1419296190b1c98c61ff9", "scene": "scene-0413"}, {"images": ["samples/CAM_FRONT_LEFT/n015-2018-09-27-15-33-17+0800__CAM_FRONT_LEFT__1538033913654844.jpg", "samples/CAM_FRONT/n015-2018-09-27-15-33-17+0800__CAM_FRONT__1538033913662460.jpg", "samples/CAM_FRONT_RIGHT/n015-2018-09-27-15-33-17+0800__CAM_FRONT_RIGHT__1538033913670339.jpg", "samples/CAM_BACK_LEFT/n015-2018-09-27-15-33-17+0800__CAM_BACK_LEFT__1538033913697423.jpg", "samples/CAM_BACK/n015-2018-09-27-15-33-17+0800__CAM_BACK__1538033913687527.jpg", "samples/CAM_BACK_RIGHT/n015-2018-09-27-15-33-17+0800__CAM_BACK_RIGHT__1538033913677893.jpg"], "intrinsics": [[[1272.5979470598488, 0.0, 826.6154927353808], [0.0, 1272.5979470598488, 479.75165386361925], [0.0, 0.0, 1.0]], [[1266.417203046554, 0.0, 816.2670197447984], [0.0, 1266.417203046554, 491.50706579294757], [0.0, 0.0, 1.0]], [[1260.8474446004698, 0.0, 807.968244525554], [0.0, 1260.8474446004698, 495.3344268742088], [0.0, 0.0, 1.0]], [[1256.7414812095406, 0.0, 792.1125740759628], [0.0, 1256.7414812095406, 492.7757465151356], [0.0, 0.0, 1.0]], [[809.2209905677063, 0.0, 829.2196003259838], [0.0, 809.2209905677063, 481.77842384512485], [0.0, 0.0, 1.0]], [[1259.5137405846733, 0.0, 807.2529053838625], [0.0, 1259.5137405846733, 501.19579884916527], [0.0, 0.0, 1.0]]], "extrinsics": [[[0.8207563757896423, -0.5707057118415833, 0.025572357699275017, -0.775421142578125], [0.003990632947534323, -0.03903469815850258, -0.9992298483848572, 1.509246826171875], [0.571264386177063, 0.8202263712882996, -0.02976050414144993, -1.15087890625], [0.0, 0.0, 0.0, 1.0]], [[0.005639625713229179, -0.9990613460540771, 0.04295007884502411, 0.007568359375], [-0.0013792922254651785, -0.042958494275808334, -0.9990759491920471, 1.5203399658203125], [0.9999831318855286, 0.005575163755565882, -0.0016202667029574513, -1.5037841796875], [0.0, 0.0, 0.0, 1.0]], [[-0.8329280018806458, -0.5532781481742859, 0.010681486688554287, 0.911376953125], [0.004178798291832209, -0.025590259581804276, -0.999663770198822, 1.5042877197265625], [0.5533655285835266, -0.8326033353805542, 0.023626884445548058, -1.1669921875], [0.0, 0.0, 0.0, 1.0]], [[0.9477787613868713, 0.3188810348510742, -0.0055196164175868034, -1.140869140625], [0.012759022414684296, -0.055203910917043686, -0.9983935952186584, 1.5885772705078125], [-0.3186734616756439, 0.9461856484413147, -0.0563897006213665, -0.1044921875], [0.0, 0.0, 0.0, 1.0]], [[0.0025596716441214085, 0.9989600777626038, -0.04552176967263222, 0.002197265625], [-0.012677459046244621, -0.04548584669828415, -0.9988845586776733, 1.5786895751953125], [-0.9999163746833801, 0.003133920254185796, 0.01254784781485796, -0.05224609375], [0.0, 0.0, 0.0, 1.0]], [[-0.9346821308135986, 0.354259192943573, -0.029491277411580086, 1.03759765625], [0.020004497841000557, -0.030412429943680763, -0.9993371963500977, 1.5535850524902344], [-0.3549213111400604, -0.9346526265144348, 0.021339179947972298, -0.100341796875], [0.0, 0.0, 0.0, 1.0]]], "view": [[0.0, -2.0, 100.0], [-2.0, 0.0, 100.0], [0.0, 0.0, 1.0]], "bev": "bev_e047bba6e2fa44c48f06a8471ddb2bd1.png", "aux": "aux_e047bba6e2fa44c48f06a8471ddb2bd1.npz", "visibility": "visibility_e047bba6e2fa44c48f06a8471ddb2bd1.png", "pose": [[0.9908221364021301, 0.135172039270401, 0.0, 2046.4581298828125], [-0.135172039270401, 0.9908221364021301, 0.0, 2593.916259765625], [0.0, 0.0, 1.0, 0.0], [0.0, 0.0, 0.0, 1.0]], "pose_inverse": [[0.9908221364021301, -0.135172039270401, 0.0, -1677.051025390625], [0.135172039270401, 0.9908221364021301, 0.0, -2846.733642578125], [0.0, 0.0, 1.0, 0.0], [0.0, 0.0, 0.0, 1.0]], "cam_ids": [0, 1, 2, 3, 4, 5], "cam_channels": ["CAM_FRONT_LEFT", "CAM_FRONT", "CAM_FRONT_RIGHT", "CAM_BACK_LEFT", "CAM_BACK", "CAM_BACK_RIGHT"], "token": "e047bba6e2fa44c48f06a8471ddb2bd1", "scene": "scene-0413"}, {"images": ["samples/CAM_FRONT_LEFT/n015-2018-09-27-15-33-17+0800__CAM_FRONT_LEFT__1538033914154845.jpg", "samples/CAM_FRONT/n015-2018-09-27-15-33-17+0800__CAM_FRONT__1538033914162460.jpg", "samples/CAM_FRONT_RIGHT/n015-2018-09-27-15-33-17+0800__CAM_FRONT_RIGHT__1538033914170339.jpg", "samples/CAM_BACK_LEFT/n015-2018-09-27-15-33-17+0800__CAM_BACK_LEFT__1538033914197423.jpg", "samples/CAM_BACK/n015-2018-09-27-15-33-17+0800__CAM_BACK__1538033914187525.jpg", "samples/CAM_BACK_RIGHT/n015-2018-09-27-15-33-17+0800__CAM_BACK_RIGHT__1538033914177893.jpg"], "intrinsics": [[[1272.5979470598488, 0.0, 826.6154927353808], [0.0, 1272.5979470598488, 479.75165386361925], [0.0, 0.0, 1.0]], [[1266.417203046554, 0.0, 816.2670197447984], [0.0, 1266.417203046554, 491.50706579294757], [0.0, 0.0, 1.0]], [[1260.8474446004698, 0.0, 807.968244525554], [0.0, 1260.8474446004698, 495.3344268742088], [0.0, 0.0, 1.0]], [[1256.7414812095406, 0.0, 792.1125740759628], [0.0, 1256.7414812095406, 492.7757465151356], [0.0, 0.0, 1.0]], [[809.2209905677063, 0.0, 829.2196003259838], [0.0, 809.2209905677063, 481.77842384512485], [0.0, 0.0, 1.0]], [[1259.5137405846733, 0.0, 807.2529053838625], [0.0, 1259.5137405846733, 501.19579884916527], [0.0, 0.0, 1.0]]], "extrinsics": [[[0.8199488520622253, -0.5697492957115173, 0.055403634905815125, -0.79583740234375], [0.040562763810157776, -0.03871366009116173, -0.9984266757965088, 1.5166358947753906], [0.5709977746009827, 0.8209062218666077, -0.008632618933916092, -1.163818359375], [0.0, 0.0, 0.0, 1.0]], [[0.005356707144528627, -0.9990545511245728, 0.043144408613443375, 0.007080078125], [0.03547777980566025, -0.042928002774715424, -0.9984481334686279, 1.5265617370605469], [0.9993560910224915, 0.006879052147269249, 0.03521427884697914, -1.523681640625], [0.0, 0.0, 0.0, 1.0]], [[-0.83195960521698, -0.5544756054878235, -0.01999945566058159, 0.92431640625], [0.04124214127659798, -0.02585514821112156, -0.9988145232200623, 1.5090422630310059], [0.5533012747764587, -0.831798255443573, 0.04437819868326187, -1.17578125], [0.0, 0.0, 0.0, 1.0]], [[0.9468116760253906, 0.3204611837863922, 0.029195325449109077, -1.141845703125], [0.04990296810865402, -0.05659535527229309, -0.9971492290496826, 1.5885772705078125], [-0.3178953230381012, 0.9455695152282715, -0.06957710534334183, -0.10400390625], [0.0, 0.0, 0.0, 1.0]], [[0.0026698950678110123, 0.9989178776741028, -0.04643252119421959, 0.00244140625], [0.024618642404675484, -0.046484269201755524, -0.9986156225204468, 1.5805587768554688], [-0.9996934533119202, 0.0015230828430503607, -0.024716105312108994, -0.0462646484375], [0.0, 0.0, 0.0, 1.0]], [[-0.9334874749183655, 0.35277360677719116, -0.06443469971418381, 1.0482177734375], [0.05718213692307472, -0.030953379347920418, -0.9978837966918945, 1.5568475723266602], [-0.35402151942253113, -0.9351966381072998, 0.008722245693206787, -0.095947265625], [0.0, 0.0, 0.0, 1.0]]], "view": [[0.0, -2.0, 100.0], [-2.0, 0.0, 100.0], [0.0, 0.0, 1.0]], "bev": "bev_6832b7ff4cf442d1b2617792aa121818.png", "aux": "aux_6832b7ff4cf442d1b2617792aa121818.npz", "visibility": "visibility_6832b7ff4cf442d1b2617792aa121818.png", "pose": [[0.9907994270324707, 0.1353386640548706, 0.0, 2048.97509765625], [-0.1353386640548706, 0.9907994270324707, 0.0, 2593.5595703125], [0.0, 0.0, 1.0, 0.0], [0.0, 0.0, 0.0, 1.0]], "pose_inverse": [[0.9907994270324707, -0.1353386640548706, 0.0, -1679.1143798828125], [0.1353386640548706, 0.9907994270324707, 0.0, -2847.0029296875], [0.0, 0.0, 1.0, 0.0], [0.0, 0.0, 0.0, 1.0]], "cam_ids": [0, 1, 2, 3, 4, 5], "cam_channels": ["CAM_FRONT_LEFT", "CAM_FRONT", "CAM_FRONT_RIGHT", "CAM_BACK_LEFT", "CAM_BACK", "CAM_BACK_RIGHT"], "token": "6832b7ff4cf442d1b2617792aa121818", "scene": "scene-0413"}, {"images": ["samples/CAM_FRONT_LEFT/n015-2018-09-27-15-33-17+0800__CAM_FRONT_LEFT__1538033914654844.jpg", "samples/CAM_FRONT/n015-2018-09-27-15-33-17+0800__CAM_FRONT__1538033914662460.jpg", "samples/CAM_FRONT_RIGHT/n015-2018-09-27-15-33-17+0800__CAM_FRONT_RIGHT__1538033914670339.jpg", "samples/CAM_BACK_LEFT/n015-2018-09-27-15-33-17+0800__CAM_BACK_LEFT__1538033914697423.jpg", "samples/CAM_BACK/n015-2018-09-27-15-33-17+0800__CAM_BACK__1538033914687525.jpg", "samples/CAM_BACK_RIGHT/n015-2018-09-27-15-33-17+0800__CAM_BACK_RIGHT__1538033914677893.jpg"], "intrinsics": [[[1272.5979470598488, 0.0, 826.6154927353808], [0.0, 1272.5979470598488, 479.75165386361925], [0.0, 0.0, 1.0]], [[1266.417203046554, 0.0, 816.2670197447984], [0.0, 1266.417203046554, 491.50706579294757], [0.0, 0.0, 1.0]], [[1260.8474446004698, 0.0, 807.968244525554], [0.0, 1260.8474446004698, 495.3344268742088], [0.0, 0.0, 1.0]], [[1256.7414812095406, 0.0, 792.1125740759628], [0.0, 1256.7414812095406, 492.7757465151356], [0.0, 0.0, 1.0]], [[809.2209905677063, 0.0, 829.2196003259838], [0.0, 809.2209905677063, 481.77842384512485], [0.0, 0.0, 1.0]], [[1259.5137405846733, 0.0, 807.2529053838625], [0.0, 1259.5137405846733, 501.19579884916527], [0.0, 0.0, 1.0]]], "extrinsics": [[[0.8196637034416199, -0.5725456476211548, -0.018514959141612053, -0.7957916259765625], [-0.048516713082790375, -0.03717965632677078, -0.9981301426887512, 1.4983367919921875], [0.5707866549491882, 0.8190293908119202, -0.05825284123420715, -1.16455078125], [0.0, 0.0, 0.0, 1.0]], [[0.005671654362231493, -0.9991506338119507, 0.04081501066684723, 0.00732421875], [-0.054776906967163086, -0.04106481000781059, -0.9976538419723511, 1.511322021484375], [0.9984824657440186, 0.0034226367715746164, -0.054963283240795135, -1.5235595703125], [0.0, 0.0, 0.0, 1.0]], [[-0.8323522806167603, -0.5515304803848267, 0.05480533465743065, 0.923095703125], [-0.050030261278152466, -0.023713041096925735, -0.9984661340713501, 1.4970703125], [0.5519841909408569, -0.8338176012039185, -0.007855611853301525, -1.1754150390625], [0.0, 0.0, 0.0, 1.0]], [[0.9466376900672913, 0.3169926702976227, -0.05824768543243408, -1.1396484375], [-0.04339975491166115, -0.05370727926492691, -0.9976131319999695, 1.5884552001953125], [-0.31936436891555786, 0.9469061493873596, -0.03708392754197121, -0.104248046875], [0.0, 0.0, 0.0, 1.0]], [[0.0021592958364635706, 0.9990308284759521, -0.04396454989910126, 0.00244140625], [-0.06827522069215775, -0.04371477663516998, -0.996708333492279, 1.5759735107421875], [-0.9976642727851868, 0.005153893958777189, 0.06811464577913284, -0.0478515625], [0.0, 0.0, 0.0, 1.0]], [[-0.9341179132461548, 0.3562600016593933, 0.022417884320020676, 1.04644775390625], [-0.03488575667142868, -0.02860931307077408, -0.998981773853302, 1.548126220703125], [-0.35525593161582947, -0.933948814868927, 0.03915287181735039, -0.09765625], [0.0, 0.0, 0.0, 1.0]]], "view": [[0.0, -2.0, 100.0], [-2.0, 0.0, 100.0], [0.0, 0.0, 1.0]], "bev": "bev_7eed6bd04b6440d48f80ad454bfba5e9.png", "aux": "aux_7eed6bd04b6440d48f80ad454bfba5e9.npz", "visibility": "visibility_7eed6bd04b6440d48f80ad454bfba5e9.png", "pose": [[0.9917776584625244, 0.12797299027442932, 0.0, 2051.347900390625], [-0.12797299027442932, 0.9917776584625244, 0.0, 2593.234619140625], [0.0, 0.0, 1.0, 0.0], [0.0, 0.0, 0.0, 1.0]], "pose_inverse": [[0.9917776584625244, -0.12797299027442932, 0.0, -1702.6170654296875], [0.12797299027442932, 0.9917776584625244, 0.0, -2834.42919921875], [0.0, 0.0, 1.0, 0.0], [0.0, 0.0, 0.0, 1.0]], "cam_ids": [0, 1, 2, 3, 4, 5], "cam_channels": ["CAM_FRONT_LEFT", "CAM_FRONT", "CAM_FRONT_RIGHT", "CAM_BACK_LEFT", "CAM_BACK", "CAM_BACK_RIGHT"], "token": "7eed6bd04b6440d48f80ad454bfba5e9", "scene": "scene-0413"}, {"images": ["samples/CAM_FRONT_LEFT/n015-2018-09-27-15-33-17+0800__CAM_FRONT_LEFT__1538033915154844.jpg", "samples/CAM_FRONT/n015-2018-09-27-15-33-17+0800__CAM_FRONT__1538033915162460.jpg", "samples/CAM_FRONT_RIGHT/n015-2018-09-27-15-33-17+0800__CAM_FRONT_RIGHT__1538033915170339.jpg", "samples/CAM_BACK_LEFT/n015-2018-09-27-15-33-17+0800__CAM_BACK_LEFT__1538033915197423.jpg", "samples/CAM_BACK/n015-2018-09-27-15-33-17+0800__CAM_BACK__1538033915187525.jpg", "samples/CAM_BACK_RIGHT/n015-2018-09-27-15-33-17+0800__CAM_BACK_RIGHT__1538033915177893.jpg"], "intrinsics": [[[1272.5979470598488, 0.0, 826.6154927353808], [0.0, 1272.5979470598488, 479.75165386361925], [0.0, 0.0, 1.0]], [[1266.417203046554, 0.0, 816.2670197447984], [0.0, 1266.417203046554, 491.50706579294757], [0.0, 0.0, 1.0]], [[1260.8474446004698, 0.0, 807.968244525554], [0.0, 1260.8474446004698, 495.3344268742088], [0.0, 0.0, 1.0]], [[1256.7414812095406, 0.0, 792.1125740759628], [0.0, 1256.7414812095406, 492.7757465151356], [0.0, 0.0, 1.0]], [[809.2209905677063, 0.0, 829.2196003259838], [0.0, 809.2209905677063, 481.77842384512485], [0.0, 0.0, 1.0]], [[1259.5137405846733, 0.0, 807.2529053838625], [0.0, 1259.5137405846733, 501.19579884916527], [0.0, 0.0, 1.0]]], "extrinsics": [[[0.8201905488967896, -0.5715484023094177, 0.024896984919905663, -0.785614013671875], [0.009525175206363201, -0.02987024001777172, -0.9995084404945374, 1.510345458984375], [0.5720111131668091, 0.8200244903564453, -0.019055187702178955, -1.156005859375], [0.0, 0.0, 0.0, 1.0]], [[0.0048690903931856155, -0.9994174838066101, 0.03377822786569595, 0.006103515625], [0.004841936752200127, -0.03375466912984848, -0.9994184374809265, 1.52142333984375], [0.999976396560669, 0.005029816646128893, 0.00467476062476635, -1.5123291015625], [0.0, 0.0, 0.0, 1.0]], [[-0.833136796951294, -0.5530669093132019, -9.255115583073348e-05, 0.915283203125], [0.010994560085237026, -0.016394831240177155, -0.9998050928115845, 1.5051898956298828], [0.5529576539993286, -0.8329755067825317, 0.019739866256713867, -1.170654296875], [0.0, 0.0, 0.0, 1.0]], [[0.9476696252822876, 0.319216251373291, 0.004838974215090275, -1.140380859375], [0.02066650241613388, -0.04621395841240883, -0.9987177848815918, 1.5886001586914062], [-0.31858325004577637, 0.94655442237854, -0.05039264261722565, -0.104248046875], [0.0, 0.0, 0.0, 1.0]], [[0.0027553774416446686, 0.9993322491645813, -0.03643585741519928, 0.002685546875], [-0.004940971732139587, -0.03642194718122482, -0.9993243217468262, 1.5791015625], [-0.999984085559845, 0.00293354713357985, 0.004837315063923597, -0.05126953125], [0.0, 0.0, 0.0, 1.0]], [[-0.9344183802604675, 0.35464122891426086, -0.033044710755348206, 1.04034423828125], [0.027269020676612854, -0.021272968500852585, -0.9994018077850342, 1.5542421340942383], [-0.3551320731639862, -0.9347604513168335, 0.010207129642367363, -0.099853515625], [0.0, 0.0, 0.0, 1.0]]], "view": [[0.0, -2.0, 100.0], [-2.0, 0.0, 100.0], [0.0, 0.0, 1.0]], "bev": "bev_07eb090d5a7a42a0b3cd8a634a626197.png", "aux": "aux_07eb090d5a7a42a0b3cd8a634a626197.npz", "visibility": "visibility_07eb090d5a7a42a0b3cd8a634a626197.png", "pose": [[0.9918277263641357, 0.12758445739746094, 0.0, 2053.80859375], [-0.12758445739746094, 0.9918277263641357, 0.0, 2592.903076171875], [0.0, 0.0, 1.0, 0.0], [0.0, 0.0, 0.0, 1.0]], "pose_inverse": [[0.9918277263641357, -0.12758445739746094, 0.0, -1706.2100830078125], [0.12758445739746094, 0.9918277263641357, 0.0, -2833.7470703125], [0.0, 0.0, 1.0, 0.0], [0.0, 0.0, 0.0, 1.0]], "cam_ids": [0, 1, 2, 3, 4, 5], "cam_channels": ["CAM_FRONT_LEFT", "CAM_FRONT", "CAM_FRONT_RIGHT", "CAM_BACK_LEFT", "CAM_BACK", "CAM_BACK_RIGHT"], "token": "07eb090d5a7a42a0b3cd8a634a626197", "scene": "scene-0413"}, {"images": ["samples/CAM_FRONT_LEFT/n015-2018-09-27-15-33-17+0800__CAM_FRONT_LEFT__1538033915654844.jpg", "samples/CAM_FRONT/n015-2018-09-27-15-33-17+0800__CAM_FRONT__1538033915662460.jpg", "samples/CAM_FRONT_RIGHT/n015-2018-09-27-15-33-17+0800__CAM_FRONT_RIGHT__1538033915670339.jpg", "samples/CAM_BACK_LEFT/n015-2018-09-27-15-33-17+0800__CAM_BACK_LEFT__1538033915697423.jpg", "samples/CAM_BACK/n015-2018-09-27-15-33-17+0800__CAM_BACK__1538033915687525.jpg", "samples/CAM_BACK_RIGHT/n015-2018-09-27-15-33-17+0800__CAM_BACK_RIGHT__1538033915677893.jpg"], "intrinsics": [[[1272.5979470598488, 0.0, 826.6154927353808], [0.0, 1272.5979470598488, 479.75165386361925], [0.0, 0.0, 1.0]], [[1266.417203046554, 0.0, 816.2670197447984], [0.0, 1266.417203046554, 491.50706579294757], [0.0, 0.0, 1.0]], [[1260.8474446004698, 0.0, 807.968244525554], [0.0, 1260.8474446004698, 495.3344268742088], [0.0, 0.0, 1.0]], [[1256.7414812095406, 0.0, 792.1125740759628], [0.0, 1256.7414812095406, 492.7757465151356], [0.0, 0.0, 1.0]], [[809.2209905677063, 0.0, 829.2196003259838], [0.0, 809.2209905677063, 481.77842384512485], [0.0, 0.0, 1.0]], [[1259.5137405846733, 0.0, 807.2529053838625], [0.0, 1259.5137405846733, 501.19579884916527], [0.0, 0.0, 1.0]]], "extrinsics": [[[0.8205173015594482, -0.5711941123008728, 0.022101929411292076, -0.7722320556640625], [0.011141818948090076, -0.022676732391119003, -0.999680757522583, 1.5108757019042969], [0.5715129375457764, 0.8205016255378723, -0.012242509052157402, -1.1474609375], [0.0, 0.0, 0.0, 1.0]], [[0.0053787678480148315, -0.999631941318512, 0.026586763560771942, 0.007080078125], [0.005910616368055344, -0.026554903015494347, -0.9996299147605896, 1.5217056274414062], [0.9999679327011108, 0.005533921532332897, 0.005765608046203852, -1.4984130859375], [0.0, 0.0, 0.0, 1.0]], [[-0.8328917026519775, -0.553416907787323, -0.004586384166032076, 0.906005859375], [0.0115693723782897, -0.00912539567798376, -0.9998914003372192, 1.5054073333740234], [0.5533149838447571, -0.8328543901443481, 0.014003155753016472, -1.1640625], [0.0, 0.0, 0.0, 1.0]], [[0.9476667046546936, 0.3191889822483063, 0.006790184415876865, -1.137939453125], [0.020150968804955482, -0.03857480362057686, -0.9990525245666504, 1.5886383056640625], [-0.3186246454715729, 0.9469057321548462, -0.04298802837729454, -0.10498046875], [0.0, 0.0, 0.0, 1.0]], [[0.002564112888649106, 0.9995776414871216, -0.028946304693818092, 0.00244140625], [-0.005195342469960451, -0.028932690620422363, -0.9995678663253784, 1.5790634155273438], [-0.9999831318855286, 0.002713393187150359, 0.005118961445987225, -0.05712890625], [0.0, 0.0, 0.0, 1.0]], [[-0.9345340728759766, 0.3545559346675873, -0.030594507232308388, 1.03106689453125], [0.02744993194937706, -0.013896605931222439, -0.9995266199111938, 1.5545449256896973], [-0.35481321811676025, -0.9349315762519836, 0.0032543186098337173, -0.10302734375], [0.0, 0.0, 0.0, 1.0]]], "view": [[0.0, -2.0, 100.0], [-2.0, 0.0, 100.0], [0.0, 0.0, 1.0]], "bev": "bev_073b1636dc7e4ce8af63c5558cc7dc84.png", "aux": "aux_073b1636dc7e4ce8af63c5558cc7dc84.npz", "visibility": "visibility_073b1636dc7e4ce8af63c5558cc7dc84.png", "pose": [[0.9923665523529053, 0.12332306057214737, 0.0, 2056.432373046875], [-0.12332306057214737, 0.9923665523529053, 0.0, 2592.561279296875], [0.0, 0.0, 1.0, 0.0], [0.0, 0.0, 0.0, 1.0]], "pose_inverse": [[0.9923665523529053, -0.12332306057214737, 0.0, -1721.01220703125], [0.12332306057214737, 0.9923665523529053, 0.0, -2826.376708984375], [0.0, 0.0, 1.0, 0.0], [0.0, 0.0, 0.0, 1.0]], "cam_ids": [0, 1, 2, 3, 4, 5], "cam_channels": ["CAM_FRONT_LEFT", "CAM_FRONT", "CAM_FRONT_RIGHT", "CAM_BACK_LEFT", "CAM_BACK", "CAM_BACK_RIGHT"], "token": "073b1636dc7e4ce8af63c5558cc7dc84", "scene": "scene-0413"}, {"images": ["samples/CAM_FRONT_LEFT/n015-2018-09-27-15-33-17+0800__CAM_FRONT_LEFT__1538033916154844.jpg", "samples/CAM_FRONT/n015-2018-09-27-15-33-17+0800__CAM_FRONT__1538033916162460.jpg", "samples/CAM_FRONT_RIGHT/n015-2018-09-27-15-33-17+0800__CAM_FRONT_RIGHT__1538033916170339.jpg", "samples/CAM_BACK_LEFT/n015-2018-09-27-15-33-17+0800__CAM_BACK_LEFT__1538033916197423.jpg", "samples/CAM_BACK/n015-2018-09-27-15-33-17+0800__CAM_BACK__1538033916187525.jpg", "samples/CAM_BACK_RIGHT/n015-2018-09-27-15-33-17+0800__CAM_BACK_RIGHT__1538033916177893.jpg"], "intrinsics": [[[1272.5979470598488, 0.0, 826.6154927353808], [0.0, 1272.5979470598488, 479.75165386361925], [0.0, 0.0, 1.0]], [[1266.417203046554, 0.0, 816.2670197447984], [0.0, 1266.417203046554, 491.50706579294757], [0.0, 0.0, 1.0]], [[1260.8474446004698, 0.0, 807.968244525554], [0.0, 1260.8474446004698, 495.3344268742088], [0.0, 0.0, 1.0]], [[1256.7414812095406, 0.0, 792.1125740759628], [0.0, 1256.7414812095406, 492.7757465151356], [0.0, 0.0, 1.0]], [[809.2209905677063, 0.0, 829.2196003259838], [0.0, 809.2209905677063, 481.77842384512485], [0.0, 0.0, 1.0]], [[1259.5137405846733, 0.0, 807.2529053838625], [0.0, 1259.5137405846733, 501.19579884916527], [0.0, 0.0, 1.0]]], "extrinsics": [[[0.8206027746200562, -0.5713931322097778, 0.010989053174853325, -0.7601470947265625], [0.003781078150495887, -0.01379989180713892, -0.9998976588249207, 1.5091972351074219], [0.5714863538742065, 0.8205603361129761, -0.009163748472929, -1.13916015625], [0.0, 0.0, 0.0, 1.0]], [[0.0054730442352592945, -0.9998278617858887, 0.01772322505712509, 0.007080078125], [-0.0016688844189047813, -0.01773259975016117, -0.9998413920402527, 1.5202064514160156], [0.9999836087226868, 0.005442606285214424, -0.0017656487179920077, -1.4864501953125], [0.0, 0.0, 0.0, 1.0]], [[-0.8329678177833557, -0.553313672542572, -0.0029420985374599695, 0.8984375], [0.0037933753337711096, -0.0003934160922653973, -0.9999927282333374, 1.504260778427124], [0.5533084273338318, -0.8329728841781616, 0.0024266308173537254, -1.1593017578125], [0.0, 0.0, 0.0, 1.0]], [[0.9477494955062866, 0.31901147961616516, 0.001563164871186018, -1.138427734375], [0.01185780018568039, -0.030330847948789597, -0.999469518661499, 1.5886001586914062], [-0.3187948763370514, 0.9472653865814209, -0.032528821378946304, -0.10498046875], [0.0, 0.0, 0.0, 1.0]], [[0.0024872394278645515, 0.9997872710227966, -0.020477423444390297, 0.0029296875], [-0.013320229947566986, -0.020442547276616096, -0.9997023344039917, 1.5785369873046875], [-0.9999082684516907, 0.0027592661790549755, 0.013266549445688725, -0.059814453125], [0.0, 0.0, 0.0, 1.0]], [[-0.9347002506256104, 0.3548673391342163, -0.020115002989768982, 1.02593994140625], [0.019512364640831947, -0.005277133546769619, -0.9997957348823547, 1.553750991821289], [-0.35490095615386963, -0.9349018335342407, -0.0019917646422982216, -0.10498046875], [0.0, 0.0, 0.0, 1.0]]], "view": [[0.0, -2.0, 100.0], [-2.0, 0.0, 100.0], [0.0, 0.0, 1.0]], "bev": "bev_d76ad6cba4294b418aca84015b896675.png", "aux": "aux_d76ad6cba4294b418aca84015b896675.npz", "visibility": "visibility_d76ad6cba4294b418aca84015b896675.png", "pose": [[0.9926937222480774, 0.12066132575273514, 0.0, 2059.2705078125], [-0.12066132575273514, 0.9926937222480774, 0.0, 2592.19970703125], [0.0, 0.0, 1.0, 0.0], [0.0, 0.0, 0.0, 1.0]], "pose_inverse": [[0.9926937222480774, -0.12066132575273514, 0.0, -1731.4466552734375], [0.12066132575273514, 0.9926937222480774, 0.0, -2821.734619140625], [0.0, 0.0, 1.0, 0.0], [0.0, 0.0, 0.0, 1.0]], "cam_ids": [0, 1, 2, 3, 4, 5], "cam_channels": ["CAM_FRONT_LEFT", "CAM_FRONT", "CAM_FRONT_RIGHT", "CAM_BACK_LEFT", "CAM_BACK", "CAM_BACK_RIGHT"], "token": "d76ad6cba4294b418aca84015b896675", "scene": "scene-0413"}, {"images": ["samples/CAM_FRONT_LEFT/n015-2018-09-27-15-33-17+0800__CAM_FRONT_LEFT__1538033916654844.jpg", "samples/CAM_FRONT/n015-2018-09-27-15-33-17+0800__CAM_FRONT__1538033916662460.jpg", "samples/CAM_FRONT_RIGHT/n015-2018-09-27-15-33-17+0800__CAM_FRONT_RIGHT__1538033916670339.jpg", "samples/CAM_BACK_LEFT/n015-2018-09-27-15-33-17+0800__CAM_BACK_LEFT__1538033916697426.jpg", "samples/CAM_BACK/n015-2018-09-27-15-33-17+0800__CAM_BACK__1538033916687525.jpg", "samples/CAM_BACK_RIGHT/n015-2018-09-27-15-33-17+0800__CAM_BACK_RIGHT__1538033916677893.jpg"], "intrinsics": [[[1272.5979470598488, 0.0, 826.6154927353808], [0.0, 1272.5979470598488, 479.75165386361925], [0.0, 0.0, 1.0]], [[1266.417203046554, 0.0, 816.2670197447984], [0.0, 1266.417203046554, 491.50706579294757], [0.0, 0.0, 1.0]], [[1260.8474446004698, 0.0, 807.968244525554], [0.0, 1260.8474446004698, 495.3344268742088], [0.0, 0.0, 1.0]], [[1256.7414812095406, 0.0, 792.1125740759628], [0.0, 1256.7414812095406, 492.7757465151356], [0.0, 0.0, 1.0]], [[809.2209905677063, 0.0, 829.2196003259838], [0.0, 809.2209905677063, 481.77842384512485], [0.0, 0.0, 1.0]], [[1259.5137405846733, 0.0, 807.2529053838625], [0.0, 1259.5137405846733, 501.19579884916527], [0.0, 0.0, 1.0]]], "extrinsics": [[[0.8203282356262207, -0.5718551278114319, 0.006576291285455227, -0.7341461181640625], [-0.000991665292531252, -0.012921507470309734, -0.9999160170555115, 1.5079765319824219], [0.5718920826911926, 0.8202528357505798, -0.011166965588927269, -1.120361328125], [0.0, 0.0, 0.0, 1.0]], [[0.0051281447522342205, -0.9998384118080139, 0.017228659242391586, 0.007080078125], [-0.006373024079948664, -0.017261214554309845, -0.9998307228088379, 1.519073486328125], [0.999966561794281, 0.005017481744289398, -0.006460512522608042, -1.4615478515625], [0.0, 0.0, 0.0, 1.0]], [[-0.833134651184082, -0.5530693531036377, 0.0009065623162314296, 0.883544921875], [-0.0008361581130884588, -0.00037957000313326716, -0.9999995231628418, 1.5034992694854736], [0.5530694723129272, -0.8331351280212402, -0.0001462175277993083, -1.149169921875], [0.0, 0.0, 0.0, 1.0]], [[0.9477704167366028, 0.3189364969730377, -0.003278034506365657, -1.14208984375], [0.007336074486374855, -0.032072763890028, -0.9994585514068604, 1.5885543823242188], [-0.3188689351081848, 0.947233259677887, -0.032737355679273605, -0.103759765625], [0.0, 0.0, 0.0, 1.0]], [[0.0025214352644979954, 0.9997636079788208, -0.021594956517219543, 0.00244140625], [-0.017853301018476486, -0.021546578034758568, -0.9996083974838257, 1.5782012939453125], [-0.9998374581336975, 0.002905989298596978, 0.01779475435614586, -0.0634765625], [0.0, 0.0, 0.0, 1.0]], [[-0.9347192645072937, 0.3550262749195099, -0.016006557270884514, 1.01519775390625], [0.014943072572350502, -0.005737407598644495, -0.9998719096183777, 1.553384780883789], [-0.35507267713546753, -0.9348387718200684, 5.7681460020830855e-05, -0.109130859375], [0.0, 0.0, 0.0, 1.0]]], "view": [[0.0, -2.0, 100.0], [-2.0, 0.0, 100.0], [0.0, 0.0, 1.0]], "bev": "bev_d5e19c9dce9c42f2b5e6b887f062e01a.png", "aux": "aux_d5e19c9dce9c42f2b5e6b887f062e01a.npz", "visibility": "visibility_d5e19c9dce9c42f2b5e6b887f062e01a.png", "pose": [[0.9930106401443481, 0.11802488565444946, 0.0, 2062.41015625], [-0.11802488565444946, 0.9930106401443481, 0.0, 2591.802490234375], [0.0, 0.0, 1.0, 0.0], [0.0, 0.0, 0.0, 1.0]], "pose_inverse": [[0.9930106401443481, -0.11802488565444946, 0.0, -1742.0980224609375], [0.11802488565444946, 0.9930106401443481, 0.0, -2817.103271484375], [0.0, 0.0, 1.0, 0.0], [0.0, 0.0, 0.0, 1.0]], "cam_ids": [0, 1, 2, 3, 4, 5], "cam_channels": ["CAM_FRONT_LEFT", "CAM_FRONT", "CAM_FRONT_RIGHT", "CAM_BACK_LEFT", "CAM_BACK", "CAM_BACK_RIGHT"], "token": "d5e19c9dce9c42f2b5e6b887f062e01a", "scene": "scene-0413"}, {"images": ["samples/CAM_FRONT_LEFT/n015-2018-09-27-15-33-17+0800__CAM_FRONT_LEFT__1538033917154844.jpg", "samples/CAM_FRONT/n015-2018-09-27-15-33-17+0800__CAM_FRONT__1538033917162460.jpg", "samples/CAM_FRONT_RIGHT/n015-2018-09-27-15-33-17+0800__CAM_FRONT_RIGHT__1538033917170339.jpg", "samples/CAM_BACK_LEFT/n015-2018-09-27-15-33-17+0800__CAM_BACK_LEFT__1538033917197423.jpg", "samples/CAM_BACK/n015-2018-09-27-15-33-17+0800__CAM_BACK__1538033917187525.jpg", "samples/CAM_BACK_RIGHT/n015-2018-09-27-15-33-17+0800__CAM_BACK_RIGHT__1538033917177893.jpg"], "intrinsics": [[[1272.5979470598488, 0.0, 826.6154927353808], [0.0, 1272.5979470598488, 479.75165386361925], [0.0, 0.0, 1.0]], [[1266.417203046554, 0.0, 816.2670197447984], [0.0, 1266.417203046554, 491.50706579294757], [0.0, 0.0, 1.0]], [[1260.8474446004698, 0.0, 807.968244525554], [0.0, 1260.8474446004698, 495.3344268742088], [0.0, 0.0, 1.0]], [[1256.7414812095406, 0.0, 792.1125740759628], [0.0, 1256.7414812095406, 492.7757465151356], [0.0, 0.0, 1.0]], [[809.2209905677063, 0.0, 829.2196003259838], [0.0, 809.2209905677063, 481.77842384512485], [0.0, 0.0, 1.0]], [[1259.5137405846733, 0.0, 807.2529053838625], [0.0, 1259.5137405846733, 501.19579884916527], [0.0, 0.0, 1.0]]], "extrinsics": [[[0.8206703662872314, -0.5713024139404297, 0.010662206448614597, -0.7119598388671875], [-0.008277402259409428, -0.030544046312570572, -0.9994991421699524, 1.5057220458984375], [0.571341872215271, 0.8201711177825928, -0.029795492067933083, -1.10546875], [0.0, 0.0, 0.0, 1.0]], [[0.005634546745568514, -0.9993832111358643, 0.03466091305017471, 0.007568359375], [-0.013382699340581894, -0.03473372384905815, -0.9993070363998413, 1.5171432495117188], [0.9998945593833923, 0.005166789051145315, -0.013570153154432774, -1.4383544921875], [0.0, 0.0, 0.0, 1.0]], [[-0.8329923152923584, -0.5530496835708618, 0.01611987315118313, 0.86767578125], [-0.007613318506628275, -0.017674820497632027, -0.9998148083686829, 1.5021514892578125], [0.5532321929931641, -0.8329607844352722, 0.01051244605332613, -1.138427734375], [0.0, 0.0, 0.0, 1.0]], [[0.9477822780609131, 0.3185975253582001, -0.014297105371952057, -1.14306640625], [0.0012677805498242378, -0.04859354346990585, -0.9988178014755249, 1.58856201171875], [-0.31891560554504395, 0.9466437101364136, -0.04646001011133194, -0.103515625], [0.0, 0.0, 0.0, 1.0]], [[0.002429405227303505, 0.9992579221725464, -0.038441143929958344, 0.002685546875], [-0.024175802245736122, -0.03837133198976517, -0.9989711046218872, 1.577606201171875], [-0.9997047185897827, 0.003356269793584943, 0.024064641445875168, -0.07080078125], [0.0, 0.0, 0.0, 1.0]], [[-0.9348264932632446, 0.35474729537963867, -0.015929948538541794, 1.0009765625], [0.008366916328668594, -0.022843362763524055, -0.9997040629386902, 1.5526657104492188], [-0.3550061583518982, -0.9346832036972046, 0.018386436626315117, -0.1142578125], [0.0, 0.0, 0.0, 1.0]]], "view": [[0.0, -2.0, 100.0], [-2.0, 0.0, 100.0], [0.0, 0.0, 1.0]], "bev": "bev_bb38cb7d39d344cf9f67319e96e6e0af.png", "aux": "aux_bb38cb7d39d344cf9f67319e96e6e0af.npz", "visibility": "visibility_bb38cb7d39d344cf9f67319e96e6e0af.png", "pose": [[0.9932020902633667, 0.11640290170907974, 0.0, 2065.8505859375], [-0.11640290170907974, 0.9932020902633667, 0.0, 2591.383544921875], [0.0, 0.0, 1.0, 0.0], [0.0, 0.0, 0.0, 1.0]], "pose_inverse": [[0.9932020902633667, -0.11640290170907974, 0.0, -1750.1624755859375], [0.11640290170907974, 0.9932020902633667, 0.0, -2814.238525390625], [0.0, 0.0, 1.0, 0.0], [0.0, 0.0, 0.0, 1.0]], "cam_ids": [0, 1, 2, 3, 4, 5], "cam_channels": ["CAM_FRONT_LEFT", "CAM_FRONT", "CAM_FRONT_RIGHT", "CAM_BACK_LEFT", "CAM_BACK", "CAM_BACK_RIGHT"], "token": "bb38cb7d39d344cf9f67319e96e6e0af", "scene": "scene-0413"}, {"images": ["samples/CAM_FRONT_LEFT/n015-2018-09-27-15-33-17+0800__CAM_FRONT_LEFT__1538033917654844.jpg", "samples/CAM_FRONT/n015-2018-09-27-15-33-17+0800__CAM_FRONT__1538033917662460.jpg", "samples/CAM_FRONT_RIGHT/n015-2018-09-27-15-33-17+0800__CAM_FRONT_RIGHT__1538033917670339.jpg", "samples/CAM_BACK_LEFT/n015-2018-09-27-15-33-17+0800__CAM_BACK_LEFT__1538033917697423.jpg", "samples/CAM_BACK/n015-2018-09-27-15-33-17+0800__CAM_BACK__1538033917687525.jpg", "samples/CAM_BACK_RIGHT/n015-2018-09-27-15-33-17+0800__CAM_BACK_RIGHT__1538033917677893.jpg"], "intrinsics": [[[1272.5979470598488, 0.0, 826.6154927353808], [0.0, 1272.5979470598488, 479.75165386361925], [0.0, 0.0, 1.0]], [[1266.417203046554, 0.0, 816.2670197447984], [0.0, 1266.417203046554, 491.50706579294757], [0.0, 0.0, 1.0]], [[1260.8474446004698, 0.0, 807.968244525554], [0.0, 1260.8474446004698, 495.3344268742088], [0.0, 0.0, 1.0]], [[1256.7414812095406, 0.0, 792.1125740759628], [0.0, 1256.7414812095406, 492.7757465151356], [0.0, 0.0, 1.0]], [[809.2209905677063, 0.0, 829.2196003259838], [0.0, 809.2209905677063, 481.77842384512485], [0.0, 0.0, 1.0]], [[1259.5137405846733, 0.0, 807.2529053838625], [0.0, 1259.5137405846733, 501.19579884916527], [0.0, 0.0, 1.0]]], "extrinsics": [[[0.820911169052124, -0.5707910656929016, 0.017389560118317604, -0.687347412109375], [0.0004980368539690971, -0.029735969379544258, -0.9995576739311218, 1.5084381103515625], [0.5710556507110596, 0.8205567002296448, -0.024126313626766205, -1.088134765625], [0.0, 0.0, 0.0, 1.0]], [[0.005904015619307756, -0.9994111061096191, 0.03380127251148224, 0.0078125], [-0.004271173849701881, -0.033826760947704315, -0.9994186162948608, 1.5193710327148438], [0.9999735355377197, 0.005756213795393705, -0.00446837255731225, -1.4150390625], [0.0, 0.0, 0.0, 1.0]], [[-0.8328137397766113, -0.5535001158714294, 0.007672467734664679, 0.8544921875], [0.0018645314266905189, -0.01666521281003952, -0.9998593926429749, 1.5040473937988281], [0.553550124168396, -0.8326823115348816, 0.01491103507578373, -1.129638671875], [0.0, 0.0, 0.0, 1.0]], [[0.9477635025978088, 0.31895458698272705, -0.003509316360577941, -1.14404296875], [0.012162872590124607, -0.04713110998272896, -0.9988146424293518, 1.588531494140625], [-0.31874188780784607, 0.9465974569320679, -0.04854855313897133, -0.10302734375], [0.0, 0.0, 0.0, 1.0]], [[0.0024023381993174553, 0.9993075132369995, -0.037130579352378845, 0.00244140625], [-0.013828299008309841, -0.037093937397003174, -0.9992161393165588, 1.5782928466796875], [-0.999901533126831, 0.002913899254053831, 0.013729610480368137, -0.075195