[{"images": ["samples/CAM_FRONT_LEFT/n015-2018-09-25-13-17-43+0800__CAM_FRONT_LEFT__1537853034154844.jpg", "samples/CAM_FRONT/n015-2018-09-25-13-17-43+0800__CAM_FRONT__1537853034162460.jpg", "samples/CAM_FRONT_RIGHT/n015-2018-09-25-13-17-43+0800__CAM_FRONT_RIGHT__1537853034170339.jpg", "samples/CAM_BACK_LEFT/n015-2018-09-25-13-17-43+0800__CAM_BACK_LEFT__1537853034197423.jpg", "samples/CAM_BACK/n015-2018-09-25-13-17-43+0800__CAM_BACK__1537853034187525.jpg", "samples/CAM_BACK_RIGHT/n015-2018-09-25-13-17-43+0800__CAM_BACK_RIGHT__1537853034177893.jpg"], "intrinsics": [[[1272.5979470598488, 0.0, 826.6154927353808], [0.0, 1272.5979470598488, 479.75165386361925], [0.0, 0.0, 1.0]], [[1266.417203046554, 0.0, 816.2670197447984], [0.0, 1266.417203046554, 491.50706579294757], [0.0, 0.0, 1.0]], [[1260.8474446004698, 0.0, 807.968244525554], [0.0, 1260.8474446004698, 495.3344268742088], [0.0, 0.0, 1.0]], [[1256.7414812095406, 0.0, 792.1125740759628], [0.0, 1256.7414812095406, 492.7757465151356], [0.0, 0.0, 1.0]], [[809.2209905677063, 0.0, 829.2196003259838], [0.0, 809.2209905677063, 481.77842384512485], [0.0, 0.0, 1.0]], [[1259.5137405846733, 0.0, 807.2529053838625], [0.0, 1259.5137405846733, 501.19579884916527], [0.0, 0.0, 1.0]]], "extrinsics": [[[0.8204971551895142, -0.5715544819831848, -0.010484336875379086, -0.795166015625], [0.009385415352880955, 0.03180672600865364, -0.9994499683380127, 1.5101046562194824], [0.5715735554695129, 0.8199474215507507, 0.031461603939533234, -1.1646881103515625], [0.0, 0.0, 0.0, 1.0]], [[0.00534976227208972, -0.9996007680892944, -0.02774052694439888, 0.0078125], [0.004062409978359938, 0.02776241861283779, -0.9996063113212585, 1.5211677551269531], [0.9999774694442749, 0.005234932992607355, 0.004209309350699186, -1.52349853515625], [0.0, 0.0, 0.0, 1.0]], [[-0.8329218626022339, -0.5524104833602905, -0.032921552658081055, 0.92413330078125], [0.00965869054198265, 0.04496977850794792, -0.9989416003227234, 1.504842758178711], [0.5533062219619751, -0.8323583006858826, -0.03212074935436249, -1.17523193359375], [0.0, 0.0, 0.0, 1.0]], [[0.9475407004356384, 0.3188779652118683, 0.02198832668364048, -1.1441650390625], [0.018250104039907455, 0.014706474728882313, -0.9997252821922302, 1.5885143280029297], [-0.31911367177963257, 0.9476816058158875, 0.008115427568554878, -0.1033935546875], [0.0, 0.0, 0.0, 1.0]], [[0.0023308321833610535, 0.9996931552886963, 0.02466067485511303, 0.00225830078125], [-0.007159844972193241, 0.024676794186234474, -0.9996698498725891, 1.5790023803710938], [-0.9999716877937317, 0.002153483685106039, 0.007215164601802826, -0.04534912109375], [0.0, 0.0, 0.0, 1.0]], [[-0.9345899820327759, 0.35559597611427307, -0.00964277796447277, 1.0474853515625], [0.02551170624792576, 0.039964042603969574, -0.9988753795623779, 1.553816795349121], [-0.3548107147216797, -0.9337849617004395, -0.04642185568809509, -0.096160888671875], [0.0, 0.0, 0.0, 1.0]]], "view": [[0.0, -2.0, 100.0], [-2.0, 0.0, 100.0], [0.0, 0.0, 1.0]], "bev": "bev_e80bfd61023745b0a97caae3ff4a1727.png", "aux": "aux_e80bfd61023745b0a97caae3ff4a1727.npz", "visibility": "visibility_e80bfd61023745b0a97caae3ff4a1727.png", "pose": [[-0.23895251750946045, -0.9710312485694885, 0.0, 129.6624298095703], [0.9710312485694885, -0.23895251750946045, 0.0, 997.3103637695312], [0.0, 0.0, 1.0, 0.0], [0.0, 0.0, 0.0, 1.0]], "pose_inverse": [[-0.23895251750946045, 0.9710312485694885, 0.0, -937.4363403320312], [-0.9710312485694885, -0.23895251750946045, 0.0, 364.2160949707031], [0.0, 0.0, 1.0, 0.0], [0.0, 0.0, 0.0, 1.0]], "cam_ids": [0, 1, 2, 3, 4, 5], "cam_channels": ["CAM_FRONT_LEFT", "CAM_FRONT", "CAM_FRONT_RIGHT", "CAM_BACK_LEFT", "CAM_BACK", "CAM_BACK_RIGHT"], "token": "e80bfd61023745b0a97caae3ff4a1727", "scene": "scene-0972"}, {"images": ["samples/CAM_FRONT_LEFT/n015-2018-09-25-13-17-43+0800__CAM_FRONT_LEFT__1537853034654844.jpg", "samples/CAM_FRONT/n015-2018-09-25-13-17-43+0800__CAM_FRONT__1537853034662460.jpg", "samples/CAM_FRONT_RIGHT/n015-2018-09-25-13-17-43+0800__CAM_FRONT_RIGHT__1537853034670339.jpg", "samples/CAM_BACK_LEFT/n015-2018-09-25-13-17-43+0800__CAM_BACK_LEFT__1537853034697423.jpg", "samples/CAM_BACK/n015-2018-09-25-13-17-43+0800__CAM_BACK__1537853034687525.jpg", "samples/CAM_BACK_RIGHT/n015-2018-09-25-13-17-43+0800__CAM_BACK_RIGHT__1537853034677912.jpg"], "intrinsics": [[[1272.5979470598488, 0.0, 826.6154927353808], [0.0, 1272.5979470598488, 479.75165386361925], [0.0, 0.0, 1.0]], [[1266.417203046554, 0.0, 816.2670197447984], [0.0, 1266.417203046554, 491.50706579294757], [0.0, 0.0, 1.0]], [[1260.8474446004698, 0.0, 807.968244525554], [0.0, 1260.8474446004698, 495.3344268742088], [0.0, 0.0, 1.0]], [[1256.7414812095406, 0.0, 792.1125740759628], [0.0, 1256.7414812095406, 492.7757465151356], [0.0, 0.0, 1.0]], [[809.2209905677063, 0.0, 829.2196003259838], [0.0, 809.2209905677063, 481.77842384512485], [0.0, 0.0, 1.0]], [[1259.5137405846733, 0.0, 807.2529053838625], [0.0, 1259.5137405846733, 501.19579884916527], [0.0, 0.0, 1.0]]], "extrinsics": [[[0.8204107880592346, -0.5717331767082214, -0.006876848172396421, -0.80108642578125], [0.016088923439383507, 0.03510596603155136, -0.9992541074752808, 1.511407494544983], [0.5715481042861938, 0.8196882009506226, 0.03799988329410553, -1.1674652099609375], [0.0, 0.0, 0.0, 1.0]], [[0.005375743377953768, -0.9995059370994568, -0.030966399237513542, 0.006866455078125], [0.011183415539562702, 0.031025005504488945, -0.9994561076164246, 1.5223311185836792], [0.9999229907989502, 0.005026515107601881, 0.011344673112034798, -1.5289306640625], [0.0, 0.0, 0.0, 1.0]], [[-0.8327160477638245, -0.5521798729896545, -0.04100600257515907, 0.92730712890625], [0.01723550632596016, 0.048172738403081894, -0.9986902475357056, 1.5057886838912964], [0.553432047367096, -0.8323321342468262, -0.030597109347581863, -1.177978515625], [0.0, 0.0, 0.0, 1.0]], [[0.9474887251853943, 0.3182181417942047, 0.03165958821773529, -1.14788818359375], [0.02754341997206211, 0.017427315935492516, -0.9994686245918274, 1.5883960723876953], [-0.3186008036136627, 0.9478572607040405, 0.00774737074971199, -0.1011962890625], [0.0, 0.0, 0.0, 1.0]], [[0.0023963372223079205, 0.9996152520179749, 0.027637122198939323, 0.002838134765625], [0.0015077046118676662, 0.027633560821413994, -0.9996169805526733, 1.5794219970703125], [-0.9999960064888, 0.002437073038890958, -0.0014409077120944858, -0.041748046875], [0.0, 0.0, 0.0, 1.0]], [[-0.9344553351402283, 0.3557182848453522, -0.01605823263525963, 1.05084228515625], [0.03355483338236809, 0.0430711954832077, -0.9985083937644958, 1.5544824600219727], [-0.354496031999588, -0.9336002469062805, -0.05218416824936867, -0.09542083740234375], [0.0, 0.0, 0.0, 1.0]]], "view": [[0.0, -2.0, 100.0], [-2.0, 0.0, 100.0], [0.0, 0.0, 1.0]], "bev": "bev_a2082422ce9449d8aac9d5372e99f307.png", "aux": "aux_a2082422ce9449d8aac9d5372e99f307.npz", "visibility": "visibility_a2082422ce9449d8aac9d5372e99f307.png", "pose": [[-0.24988402426242828, -0.968275785446167, 0.0, 129.0897979736328], [0.968275785446167, -0.24988402426242828, 0.0, 999.6626586914062], [0.0, 0.0, 1.0, 0.0], [0.0, 0.0, 0.0, 1.0]], "pose_inverse": [[-0.24988402426242828, 0.968275785446167, 0.0, -935.691650390625], [-0.968275785446167, -0.24988402426242828, 0.0, 374.79425048828125], [0.0, 0.0, 1.0, 0.0], [0.0, 0.0, 0.0, 1.0]], "cam_ids": [0, 1, 2, 3, 4, 5], "cam_channels": ["CAM_FRONT_LEFT", "CAM_FRONT", "CAM_FRONT_RIGHT", "CAM_BACK_LEFT", "CAM_BACK", "CAM_BACK_RIGHT"], "token": "a2082422ce9449d8aac9d5372e99f307", "scene": "scene-0972"}, {"images": ["samples/CAM_FRONT_LEFT/n015-2018-09-25-13-17-43+0800__CAM_FRONT_LEFT__1537853035154844.jpg", "samples/CAM_FRONT/n015-2018-09-25-13-17-43+0800__CAM_FRONT__1537853035162462.jpg", "samples/CAM_FRONT_RIGHT/n015-2018-09-25-13-17-43+0800__CAM_FRONT_RIGHT__1537853035170339.jpg", "samples/CAM_BACK_LEFT/n015-2018-09-25-13-17-43+0800__CAM_BACK_LEFT__1537853035197423.jpg", "samples/CAM_BACK/n015-2018-09-25-13-17-43+0800__CAM_BACK__1537853035187525.jpg", "samples/CAM_BACK_RIGHT/n015-2018-09-25-13-17-43+0800__CAM_BACK_RIGHT__1537853035177893.jpg"], "intrinsics": [[[1272.5979470598488, 0.0, 826.6154927353808], [0.0, 1272.5979470598488, 479.75165386361925], [0.0, 0.0, 1.0]], [[1266.417203046554, 0.0, 816.2670197447984], [0.0, 1266.417203046554, 491.50706579294757], [0.0, 0.0, 1.0]], [[1260.8474446004698, 0.0, 807.968244525554], [0.0, 1260.8474446004698, 495.3344268742088], [0.0, 0.0, 1.0]], [[1256.7414812095406, 0.0, 792.1125740759628], [0.0, 1256.7414812095406, 492.7757465151356], [0.0, 0.0, 1.0]], [[809.2209905677063, 0.0, 829.2196003259838], [0.0, 809.2209905677063, 481.77842384512485], [0.0, 0.0, 1.0]], [[1259.5137405846733, 0.0, 807.2529053838625], [0.0, 1259.5137405846733, 501.19579884916527], [0.0, 0.0, 1.0]]], "extrinsics": [[[0.8208011984825134, -0.5710872411727905, 0.01202558632940054, -0.80059814453125], [0.037080954760313034, 0.03226309269666672, -0.9987913370132446, 1.5154895782470703], [0.5700089931488037, 0.8202551007270813, 0.047658052295446396, -1.1699066162109375], [0.0, 0.0, 0.0, 1.0]], [[0.006604165304452181, -0.9995862245559692, -0.027995744720101357, 0.00872802734375], [0.03169742971658707, 0.028191544115543365, -0.999099850654602, 1.5256195068359375], [0.9994756579399109, 0.005710878875106573, 0.03187049552798271, -1.529541015625], [0.0, 0.0, 0.0, 1.0]], [[-0.8314758539199829, -0.552724301815033, -0.056068796664476395, 0.92822265625], [0.03716330602765083, 0.04536061733961105, -0.9982791543006897, 1.5082511901855469], [0.554316520690918, -0.8321287035942078, -0.017175188288092613, -1.17694091796875], [0.0, 0.0, 0.0, 1.0]], [[0.9466143846511841, 0.3188539743423462, 0.04746886342763901, -1.14178466796875], [0.045113179832696915, 0.014773417264223099, -0.9988725781440735, 1.5885734558105469], [-0.31919580698013306, 0.947688639163971, -0.00039978811400942504, -0.1041259765625], [0.0, 0.0, 0.0, 1.0]], [[0.0014856640482321382, 0.9996883869171143, 0.02491694502532482, 0.00201416015625], [0.02002379670739174, 0.024882236495614052, -0.9994898438453674, 1.5802702903747559], [-0.9997982978820801, 0.0019838116131722927, -0.019980590790510178, -0.044677734375], [0.0, 0.0, 0.0, 1.0]], [[-0.9340881705284119, 0.35530927777290344, -0.03513852506875992, 1.05010986328125], [0.05286218598484993, 0.0402948334813118, -0.9977884888648987, 1.5562286376953125], [-0.3531075716018677, -0.9338798522949219, -0.056421346962451935, -0.09461212158203125], [0.0, 0.0, 0.0, 1.0]]], "view": [[0.0, -2.0, 100.0], [-2.0, 0.0, 100.0], [0.0, 0.0, 1.0]], "bev": "bev_f64f5bce1ee44667b53464a8fe5f33c3.png", "aux": "aux_f64f5bce1ee44667b53464a8fe5f33c3.npz", "visibility": "visibility_f64f5bce1ee44667b53464a8fe5f33c3.png", "pose": [[-0.2531837224960327, -0.9674181938171387, 0.0, 128.50140380859375], [0.9674181938171387, -0.2531837224960327, 0.0, 1002.0108032226562], [0.0, 0.0, 1.0, 0.0], [0.0, 0.0, 0.0, 1.0]], "pose_inverse": [[-0.2531837224960327, 0.9674181938171387, 0.0, -936.8290405273438], [-0.9674181938171387, -0.2531837224960327, 0.0, 378.0074157714844], [0.0, 0.0, 1.0, 0.0], [0.0, 0.0, 0.0, 1.0]], "cam_ids": [0, 1, 2, 3, 4, 5], "cam_channels": ["CAM_FRONT_LEFT", "CAM_FRONT", "CAM_FRONT_RIGHT", "CAM_BACK_LEFT", "CAM_BACK", "CAM_BACK_RIGHT"], "token": "f64f5bce1ee44667b53464a8fe5f33c3", "scene": "scene-0972"}, {"images": ["samples/CAM_FRONT_LEFT/n015-2018-09-25-13-17-43+0800__CAM_FRONT_LEFT__1537853035654844.jpg", "samples/CAM_FRONT/n015-2018-09-25-13-17-43+0800__CAM_FRONT__1537853035662460.jpg", "samples/CAM_FRONT_RIGHT/n015-2018-09-25-13-17-43+0800__CAM_FRONT_RIGHT__1537853035670339.jpg", "samples/CAM_BACK_LEFT/n015-2018-09-25-13-17-43+0800__CAM_BACK_LEFT__1537853035697423.jpg", "samples/CAM_BACK/n015-2018-09-25-13-17-43+0800__CAM_BACK__1537853035687525.jpg", "samples/CAM_BACK_RIGHT/n015-2018-09-25-13-17-43+0800__CAM_BACK_RIGHT__1537853035678490.jpg"], "intrinsics": [[[1272.5979470598488, 0.0, 826.6154927353808], [0.0, 1272.5979470598488, 479.75165386361925], [0.0, 0.0, 1.0]], [[1266.417203046554, 0.0, 816.2670197447984], [0.0, 1266.417203046554, 491.50706579294757], [0.0, 0.0, 1.0]], [[1260.8474446004698, 0.0, 807.968244525554], [0.0, 1260.8474446004698, 495.3344268742088], [0.0, 0.0, 1.0]], [[1256.7414812095406, 0.0, 792.1125740759628], [0.0, 1256.7414812095406, 492.7757465151356], [0.0, 0.0, 1.0]], [[809.2209905677063, 0.0, 829.2196003259838], [0.0, 809.2209905677063, 481.77842384512485], [0.0, 0.0, 1.0]], [[1259.5137405846733, 0.0, 807.2529053838625], [0.0, 1259.5137405846733, 501.19579884916527], [0.0, 0.0, 1.0]]], "extrinsics": [[[0.8206010460853577, -0.5710386633872986, 0.022995591163635254, -0.81866455078125], [0.04135442525148392, 0.01919976808130741, -0.9989600777626038, 1.5155181884765625], [0.57000333070755, 0.820698618888855, 0.039370324462652206, -1.1810302734375], [0.0, 0.0, 0.0, 1.0]], [[0.006523188669234514, -0.9998674988746643, -0.014909554272890091, 0.0076904296875], [0.03628835082054138, 0.01513674296438694, -0.9992266893386841, 1.5257720947265625], [0.9993200302124023, 0.005977103020995855, 0.0363822840154171, -1.54742431640625], [0.0, 0.0, 0.0, 1.0]], [[-0.8312925100326538, -0.5533062219619751, -0.05296097695827484, 0.9404296875], [0.04208160936832428, 0.03235851228237152, -0.9985899925231934, 1.5082874298095703], [0.5542398691177368, -0.8323490619659424, -0.003615369787439704, -1.18597412109375], [0.0, 0.0, 0.0, 1.0]], [[0.9463553428649902, 0.3193570375442505, 0.049219902604818344, -1.14599609375], [0.05123069882392883, 0.002106450730934739, -0.9986845850944519, 1.5883522033691406], [-0.3190407156944275, 0.9476320743560791, -0.014367436058819294, -0.10260009765625], [0.0, 0.0, 0.0, 1.0]], [[0.0014997519319877028, 0.9999256730079651, 0.012098010629415512, 0.002197265625], [0.025677628815174103, 0.012055527418851852, -0.9995976090431213, 1.5803260803222656], [-0.999669075012207, 0.001809784327633679, -0.025657644495368004, -0.03619384765625], [0.0, 0.0, 0.0, 1.0]], [[-0.9338350892066956, 0.3549075722694397, -0.04463742673397064, 1.06439208984375], [0.05810301750898361, 0.027368741109967232, -0.99793541431427, 1.5558700561523438], [-0.352953165769577, -0.9345006346702576, -0.04617910087108612, -0.08975028991699219], [0.0, 0.0, 0.0, 1.0]]], "view": [[0.0, -2.0, 100.0], [-2.0, 0.0, 100.0], [0.0, 0.0, 1.0]], "bev": "bev_608c9c8d4d9545c39557634df08112cf.png", "aux": "aux_608c9c8d4d9545c39557634df08112cf.npz", "visibility": "visibility_608c9c8d4d9545c39557634df08112cf.png", "pose": [[-0.26043501496315, -0.9654913544654846, 0.0, 127.94316864013672], [0.9654913544654846, -0.26043501496315, 0.0, 1004.1980590820312], [0.0, 0.0, 1.0, 0.0], [0.0, 0.0, 0.0, 1.0]], "pose_inverse": [[-0.26043501496315, 0.9654913544654846, 0.0, -936.2236938476562], [-0.9654913544654846, -0.26043501496315, 0.0, 385.0563659667969], [0.0, 0.0, 1.0, 0.0], [0.0, 0.0, 0.0, 1.0]], "cam_ids": [0, 1, 2, 3, 4, 5], "cam_channels": ["CAM_FRONT_LEFT", "CAM_FRONT", "CAM_FRONT_RIGHT", "CAM_BACK_LEFT", "CAM_BACK", "CAM_BACK_RIGHT"], "token": "608c9c8d4d9545c39557634df08112cf", "scene": "scene-0972"}, {"images": ["samples/CAM_FRONT_LEFT/n015-2018-09-25-13-17-43+0800__CAM_FRONT_LEFT__1537853036154844.jpg", "samples/CAM_FRONT/n015-2018-09-25-13-17-43+0800__CAM_FRONT__1537853036162460.jpg", "samples/CAM_FRONT_RIGHT/n015-2018-09-25-13-17-43+0800__CAM_FRONT_RIGHT__1537853036170339.jpg", "samples/CAM_BACK_LEFT/n015-2018-09-25-13-17-43+0800__CAM_BACK_LEFT__1537853036197423.jpg", "samples/CAM_BACK/n015-2018-09-25-13-17-43+0800__CAM_BACK__1537853036187525.jpg", "samples/CAM_BACK_RIGHT/n015-2018-09-25-13-17-43+0800__CAM_BACK_RIGHT__1537853036177893.jpg"], "intrinsics": [[[1272.5979470598488, 0.0, 826.6154927353808], [0.0, 1272.5979470598488, 479.75165386361925], [0.0, 0.0, 1.0]], [[1266.417203046554, 0.0, 816.2670197447984], [0.0, 1266.417203046554, 491.50706579294757], [0.0, 0.0, 1.0]], [[1260.8474446004698, 0.0, 807.968244525554], [0.0, 1260.8474446004698, 495.3344268742088], [0.0, 0.0, 1.0]], [[1256.7414812095406, 0.0, 792.1125740759628], [0.0, 1256.7414812095406, 492.7757465151356], [0.0, 0.0, 1.0]], [[809.2209905677063, 0.0, 829.2196003259838], [0.0, 809.2209905677063, 481.77842384512485], [0.0, 0.0, 1.0]], [[1259.5137405846733, 0.0, 807.2529053838625], [0.0, 1259.5137405846733, 501.19579884916527], [0.0, 0.0, 1.0]]], "extrinsics": [[[0.8207772374153137, -0.5706908106803894, 0.025231696665287018, -0.82659912109375], [0.043511249125003815, 0.018415452912449837, -0.9988831877708435, 1.5154533386230469], [0.5695887804031372, 0.8209584355354309, 0.039946455508470535, -1.1873626708984375], [0.0, 0.0, 0.0, 1.0]], [[0.006799057591706514, -0.9998764991760254, -0.014160888269543648, 0.0081787109375], [0.037868574261665344, 0.014408507384359837, -0.9991788864135742, 1.5256977081298828], [0.9992595314979553, 0.006257189903408289, 0.03796186298131943, -1.55535888671875], [0.0, 0.0, 0.0, 1.0]], [[-0.8311678767204285, -0.5534476637840271, -0.05343801900744438, 0.94451904296875], [0.043114736676216125, 0.03166680037975311, -0.9985681176185608, 1.5081901550292969], [0.5543474555015564, -0.8322816491127014, -0.002458676230162382, -1.18817138671875], [0.0, 0.0, 0.0, 1.0]], [[0.9464678168296814, 0.3191290497779846, 0.048531752079725266, -1.14202880859375], [0.050730615854263306, 0.0014236175920814276, -0.998711347579956, 1.5885696411132812], [-0.3187869191169739, 0.9477102160453796, -0.014842205680906773, -0.10430908203125], [0.0, 0.0, 0.0, 1.0]], [[0.0016342389862984419, 0.9999332427978516, 0.011443323455750942, 0.002044677734375], [0.025687217712402344, 0.01139758713543415, -0.9996050596237183, 1.5803604125976562], [-0.9996686577796936, 0.0019275449449196458, -0.025666873902082443, -0.03753662109375], [0.0, 0.0, 0.0, 1.0]], [[-0.9338091015815735, 0.3548784554004669, -0.04540693759918213, 1.06353759765625], [0.05866970494389534, 0.026695886626839638, -0.9979203939437866, 1.5559577941894531], [-0.3529283106327057, -0.9345312714576721, -0.045749481767416, -0.08977890014648438], [0.0, 0.0, 0.0, 1.0]]], "view": [[0.0, -2.0, 100.0], [-2.0, 0.0, 100.0], [0.0, 0.0, 1.0]], "bev": "bev_c8151359de4e4c76aab4e3e73a54fcfe.png", "aux": "aux_c8151359de4e4c76aab4e3e73a54fcfe.npz", "visibility": "visibility_c8151359de4e4c76aab4e3e73a54fcfe.png", "pose": [[-0.2615547478199005, -0.9651886224746704, 0.0, 127.41942596435547], [0.9651886224746704, -0.2615547478199005, 0.0, 1006.215576171875], [0.0, 0.0, 1.0, 0.0], [0.0, 0.0, 0.0, 1.0]], "pose_inverse": [[-0.2615547478199005, 0.9651886224746704, 0.0, -937.8606567382812], [-0.9651886224746704, -0.2615547478199005, 0.0, 386.16424560546875], [0.0, 0.0, 1.0, 0.0], [0.0, 0.0, 0.0, 1.0]], "cam_ids": [0, 1, 2, 3, 4, 5], "cam_channels": ["CAM_FRONT_LEFT", "CAM_FRONT", "CAM_FRONT_RIGHT", "CAM_BACK_LEFT", "CAM_BACK", "CAM_BACK_RIGHT"], "token": "c8151359de4e4c76aab4e3e73a54fcfe", "scene": "scene-0972"}, {"images": ["samples/CAM_FRONT_LEFT/n015-2018-09-25-13-17-43+0800__CAM_FRONT_LEFT__1537853036654844.jpg", "samples/CAM_FRONT/n015-2018-09-25-13-17-43+0800__CAM_FRONT__1537853036662460.jpg", "samples/CAM_FRONT_RIGHT/n015-2018-09-25-13-17-43+0800__CAM_FRONT_RIGHT__1537853036670339.jpg", "samples/CAM_BACK_LEFT/n015-2018-09-25-13-17-43+0800__CAM_BACK_LEFT__1537853036697423.jpg", "samples/CAM_BACK/n015-2018-09-25-13-17-43+0800__CAM_BACK__1537853036687525.jpg", "samples/CAM_BACK_RIGHT/n015-2018-09-25-13-17-43+0800__CAM_BACK_RIGHT__1537853036677893.jpg"], "intrinsics": [[[1272.5979470598488, 0.0, 826.6154927353808], [0.0, 1272.5979470598488, 479.75165386361925], [0.0, 0.0, 1.0]], [[1266.417203046554, 0.0, 816.2670197447984], [0.0, 1266.417203046554, 491.50706579294757], [0.0, 0.0, 1.0]], [[1260.8474446004698, 0.0, 807.968244525554], [0.0, 1260.8474446004698, 495.3344268742088], [0.0, 0.0, 1.0]], [[1256.7414812095406, 0.0, 792.1125740759628], [0.0, 1256.7414812095406, 492.7757465151356], [0.0, 0.0, 1.0]], [[809.2209905677063, 0.0, 829.2196003259838], [0.0, 809.2209905677063, 481.77842384512485], [0.0, 0.0, 1.0]], [[1259.5137405846733, 0.0, 807.2529053838625], [0.0, 1259.5137405846733, 501.19579884916527], [0.0, 0.0, 1.0]]], "extrinsics": [[[0.8206539750099182, -0.5712332129478455, 0.014819247648119926, -0.83001708984375], [0.03601895645260811, 0.02582906000316143, -0.9990172982215881, 1.5141315460205078], [0.5702890157699585, 0.8203813433647156, 0.04177194461226463, -1.1874542236328125], [0.0, 0.0, 0.0, 1.0]], [[0.0063251652754843235, -0.9997451901435852, -0.02167166769504547, 0.006561279296875], [0.03056015819311142, 0.02185523509979248, -0.9992939829826355, 1.5246467590332031], [0.9995129108428955, 0.005658434703946114, 0.03069060482084751, -1.557373046875], [0.0, 0.0, 0.0, 1.0]], [[-0.8316686153411865, -0.5528644919395447, -0.0516539141535759, 0.94500732421875], [0.035985302180051804, 0.03916503116488457, -0.9985845685005188, 1.507415771484375], [0.5541050434112549, -0.8323502540588379, -0.012677332386374474, -1.18988037109375], [0.0, 0.0, 0.0, 1.0]], [[0.9468259215354919, 0.3186311423778534, 0.04466453567147255, -1.13775634765625], [0.044017624109983444, 0.009234219789505005, -0.9989880323410034, 1.5887603759765625], [-0.31872108578681946, 0.9478338360786438, -0.005282187834382057, -0.1048583984375], [0.0, 0.0, 0.0, 1.0]], [[0.0018437951803207397, 0.9998154640197754, 0.01912824623286724, 0.002777099609375], [0.018857667222619057, 0.019090114161372185, -0.9996399283409119, 1.580129623413086], [-0.9998205304145813, 0.002203893382102251, -0.018818985670804977, -0.0391845703125], [0.0, 0.0, 0.0, 1.0]], [[-0.934054434299469, 0.3552943468093872, -0.0361713208258152, 1.0643310546875], [0.051685504615306854, 0.03426840528845787, -0.9980753064155579, 1.5554046630859375], [-0.3533709645271301, -0.9341261386871338, -0.05037212371826172, -0.09040260314941406], [0.0, 0.0, 0.0, 1.0]]], "view": [[0.0, -2.0, 100.0], [-2.0, 0.0, 100.0], [0.0, 0.0, 1.0]], "bev": "bev_6cd9c11f733a4e68933766d12fd96488.png", "aux": "aux_6cd9c11f733a4e68933766d12fd96488.npz", "visibility": "visibility_6cd9c11f733a4e68933766d12fd96488.png", "pose": [[-0.2643420398235321, -0.9644290208816528, 0.0, 126.93269348144531], [0.9644290208816528, -0.2643420398235321, 0.0, 1008.0423583984375], [0.0, 0.0, 1.0, 0.0], [0.0, 0.0, 0.0, 1.0]], "pose_inverse": [[-0.2643420398235321, 0.9644290208816528, 0.0, -938.6316528320312], [-0.9644290208816528, -0.2643420398235321, 0.0, 388.88555908203125], [0.0, 0.0, 1.0, 0.0], [0.0, 0.0, 0.0, 1.0]], "cam_ids": [0, 1, 2, 3, 4, 5], "cam_channels": ["CAM_FRONT_LEFT", "CAM_FRONT", "CAM_FRONT_RIGHT", "CAM_BACK_LEFT", "CAM_BACK", "CAM_BACK_RIGHT"], "token": "6cd9c11f733a4e68933766d12fd96488", "scene": "scene-0972"}, {"images": ["samples/CAM_FRONT_LEFT/n015-2018-09-25-13-17-43+0800__CAM_FRONT_LEFT__1537853037154844.jpg", "samples/CAM_FRONT/n015-2018-09-25-13-17-43+0800__CAM_FRONT__1537853037162460.jpg", "samples/CAM_FRONT_RIGHT/n015-2018-09-25-13-17-43+0800__CAM_FRONT_RIGHT__1537853037170339.jpg", "samples/CAM_BACK_LEFT/n015-2018-09-25-13-17-43+0800__CAM_BACK_LEFT__1537853037197423.jpg", "samples/CAM_BACK/n015-2018-09-25-13-17-43+0800__CAM_BACK__1537853037187525.jpg", "samples/CAM_BACK_RIGHT/n015-2018-09-25-13-17-43+0800__CAM_BACK_RIGHT__1537853037177893.jpg"], "intrinsics": [[[1272.5979470598488, 0.0, 826.6154927353808], [0.0, 1272.5979470598488, 479.75165386361925], [0.0, 0.0, 1.0]], [[1266.417203046554, 0.0, 816.2670197447984], [0.0, 1266.417203046554, 491.50706579294757], [0.0, 0.0, 1.0]], [[1260.8474446004698, 0.0, 807.968244525554], [0.0, 1260.8474446004698, 495.3344268742088], [0.0, 0.0, 1.0]], [[1256.7414812095406, 0.0, 792.1125740759628], [0.0, 1256.7414812095406, 492.7757465151356], [0.0, 0.0, 1.0]], [[809.2209905677063, 0.0, 829.2196003259838], [0.0, 809.2209905677063, 481.77842384512485], [0.0, 0.0, 1.0]], [[1259.5137405846733, 0.0, 807.2529053838625], [0.0, 1259.5137405846733, 501.19579884916527], [0.0, 0.0, 1.0]]], "extrinsics": [[[0.8210489749908447, -0.5707373023033142, 0.011722336523234844, -0.84619140625], [0.03643360733985901, 0.03189767152070999, -0.9988268613815308, 1.5134525299072266], [0.5696938037872314, 0.8205129504203796, 0.04698357358574867, -1.1992645263671875], [0.0, 0.0, 0.0, 1.0]], [[0.006939907092601061, -0.9996015429496765, -0.027362611144781113, 0.00689697265625], [0.03132426738739014, 0.027567151933908463, -0.999129056930542, 1.5242156982421875], [0.9994852542877197, 0.0060767242684960365, 0.0315030999481678, -1.5738525390625], [0.0, 0.0, 0.0, 1.0]], [[-0.8313360810279846, -0.5529887676239014, -0.05553143844008446, 0.95611572265625], [0.03708525747060776, 0.04449978843331337, -0.9983208179473877, 1.5070304870605469], [0.5545312762260437, -0.8319995403289795, -0.016486551612615585, -1.1968994140625], [0.0, 0.0, 0.0, 1.0]], [[0.9465289115905762, 0.3190229833126068, 0.048033539205789566, -1.13946533203125], [0.04621279984712601, 0.013278764672577381, -0.9988433122634888, 1.5886955261230469], [-0.31929174065589905, 0.9476540088653564, -0.0021742077078670263, -0.10504150390625], [0.0, 0.0, 0.0, 1.0]], [[0.0013392968103289604, 0.9997202754020691, 0.023613575845956802, 0.00238037109375], [0.020668672397732735, 0.023580877110362053, -0.999508261680603, 1.5800809860229492], [-0.9997854828834534, 0.0018266973784193397, -0.020631305873394012, -0.03363037109375], [0.0, 0.0, 0.0, 1.0]], [[-0.9341426491737366, 0.3551054000854492, -0.035746149718761444, 1.0733642578125], [0.053100232034921646, 0.039241984486579895, -0.997817873954773, 1.55499267578125], [-0.3529277443885803, -0.9340023398399353, -0.05551379173994064, -0.08680534362792969], [0.0, 0.0, 0.0, 1.0]]], "view": [[0.0, -2.0, 100.0], [-2.0, 0.0, 100.0], [0.0, 0.0, 1.0]], "bev": "bev_e9eddbf3cf304b1e840fb6c03939495e.png", "aux": "aux_e9eddbf3cf304b1e840fb6c03939495e.npz", "visibility": "visibility_e9eddbf3cf304b1e840fb6c03939495e.png", "pose": [[-0.2642171382904053, -0.9644632339477539, 0.0, 126.48944854736328], [0.9644632339477539, -0.2642171382904053, 0.0, 1009.7005615234375], [0.0, 0.0, 1.0, 0.0], [0.0, 0.0, 0.0, 1.0]], "pose_inverse": [[-0.2642171382904053, 0.9644632339477539, 0.0, -940.3983764648438], [-0.9644632339477539, -0.2642171382904053, 0.0, 388.77459716796875], [0.0, 0.0, 1.0, 0.0], [0.0, 0.0, 0.0, 1.0]], "cam_ids": [0, 1, 2, 3, 4, 5], "cam_channels": ["CAM_FRONT_LEFT", "CAM_FRONT", "CAM_FRONT_RIGHT", "CAM_BACK_LEFT", "CAM_BACK", "CAM_BACK_RIGHT"], "token": "e9eddbf3cf304b1e840fb6c03939495e", "scene": "scene-0972"}, {"images": ["samples/CAM_FRONT_LEFT/n015-2018-09-25-13-17-43+0800__CAM_FRONT_LEFT__1537853037654844.jpg", "samples/CAM_FRONT/n015-2018-09-25-13-17-43+0800__CAM_FRONT__1537853037662460.jpg", "samples/CAM_FRONT_RIGHT/n015-2018-09-25-13-17-43+0800__CAM_FRONT_RIGHT__1537853037670339.jpg", "samples/CAM_BACK_LEFT/n015-2018-09-25-13-17-43+0800__CAM_BACK_LEFT__1537853037697423.jpg", "samples/CAM_BACK/n015-2018-09-25-13-17-43+0800__CAM_BACK__1537853037687525.jpg", "samples/CAM_BACK_RIGHT/n015-2018-09-25-13-17-43+0800__CAM_BACK_RIGHT__1537853037677893.jpg"], "intrinsics": [[[1272.5979470598488, 0.0, 826.6154927353808], [0.0, 1272.5979470598488, 479.75165386361925], [0.0, 0.0, 1.0]], [[1266.417203046554, 0.0, 816.2670197447984], [0.0, 1266.417203046554, 491.50706579294757], [0.0, 0.0, 1.0]], [[1260.8474446004698, 0.0, 807.968244525554], [0.0, 1260.8474446004698, 495.3344268742088], [0.0, 0.0, 1.0]], [[1256.7414812095406, 0.0, 792.1125740759628], [0.0, 1256.7414812095406, 492.7757465151356], [0.0, 0.0, 1.0]], [[809.2209905677063, 0.0, 829.2196003259838], [0.0, 809.2209905677063, 481.77842384512485], [0.0, 0.0, 1.0]], [[1259.5137405846733, 0.0, 807.2529053838625], [0.0, 1259.5137405846733, 501.19579884916527], [0.0, 0.0, 1.0]]], "extrinsics": [[[0.8209047317504883, -0.5710427165031433, 0.005057689733803272, -0.85076904296875], [0.030211273580789566, 0.034582749009132385, -0.9989451169967651, 1.512406349182129], [0.5702654123306274, 0.8201915621757507, 0.04564106836915016, -1.20184326171875], [0.0, 0.0, 0.0, 1.0]], [[0.006482124328613281, -0.9995188117027283, -0.030332721769809723, 0.006439208984375], [0.024861950427293777, 0.03048507310450077, -0.9992259740829468, 1.5233516693115234], [0.9996697902679443, 0.005722974427044392, 0.02504759281873703, -1.57830810546875], [0.0, 0.0, 0.0, 1.0]], [[-0.831805944442749, -0.5526547431945801, -0.051686450839042664, 0.9586181640625], [0.03039584867656231, 0.04762547090649605, -0.9984026551246643, 1.5063199996948242], [0.5542335510253906, -0.8320482969284058, -0.02281673438847065, -1.19921875], [0.0, 0.0, 0.0, 1.0]], [[0.9469426870346069, 0.31862372159957886, 0.04217079281806946, -1.13909912109375], [0.03878973051905632, 0.016952073201537132, -0.9991035461425781, 1.5886859893798828], [-0.31905290484428406, 0.9477296471595764, 0.0036933128722012043, -0.10479736328125], [0.0, 0.0, 0.0, 1.0]], [[0.0016882303170859814, 0.9996304512023926, 0.02713298797607422, 0.00274658203125], [0.01349552907049656, 0.027107782661914825, -0.9995414018630981, 1.5798147916793823], [-0.9999074935913086, 0.0020536049269139767, -0.013444780372083187, -0.0323486328125], [0.0, 0.0, 0.0, 1.0]], [[-0.9343168139457703, 0.3553338050842285, -0.028104666620492935, 1.0758056640625], [0.04620160534977913, 0.04254522547125816, -0.9980257153511047, 1.5544204711914062], [-0.3534366190433502, -0.9337707161903381, -0.05616771802306175, -0.0862274169921875], [0.0, 0.0, 0.0, 1.0]]], "view": [[0.0, -2.0, 100.0], [-2.0, 0.0, 100.0], [0.0, 0.0, 1.0]], "bev": "bev_d11f99c71cc44264a994fb0a14494b55.png", "aux": "aux_d11f99c71cc44264a994fb0a14494b55.npz", "visibility": "visibility_d11f99c71cc44264a994fb0a14494b55.png", "pose": [[-0.2637888491153717, -0.9645804166793823, 0.0, 126.09417724609375], [0.9645804166793823, -0.2637888491153717, 0.0, 1011.1774291992188], [0.0, 0.0, 1.0, 0.0], [0.0, 0.0, 0.0, 1.0]], "pose_inverse": [[-0.2637888491153717, 0.9645804166793823, 0.0, -942.0997314453125], [-0.9645804166793823, -0.2637888491153717, 0.0, 388.3653259277344], [0.0, 0.0, 1.0, 0.0], [0.0, 0.0, 0.0, 1.0]], "cam_ids": [0, 1, 2, 3, 4, 5], "cam_channels": ["CAM_FRONT_LEFT", "CAM_FRONT", "CAM_FRONT_RIGHT", "CAM_BACK_LEFT", "CAM_BACK", "CAM_BACK_RIGHT"], "token": "d11f99c71cc44264a994fb0a14494b55", "scene": "scene-0972"}, {"images": ["samples/CAM_FRONT_LEFT/n015-2018-09-25-13-17-43+0800__CAM_FRONT_LEFT__1537853038154844.jpg", "samples/CAM_FRONT/n015-2018-09-25-13-17-43+0800__CAM_FRONT__1537853038162460.jpg", "samples/CAM_FRONT_RIGHT/n015-2018-09-25-13-17-43+0800__CAM_FRONT_RIGHT__1537853038170339.jpg", "samples/CAM_BACK_LEFT/n015-2018-09-25-13-17-43+0800__CAM_BACK_LEFT__1537853038197423.jpg", "samples/CAM_BACK/n015-2018-09-25-13-17-43+0800__CAM_BACK__1537853038187525.jpg", "samples/CAM_BACK_RIGHT/n015-2018-09-25-13-17-43+0800__CAM_BACK_RIGHT__1537853038177893.jpg"], "intrinsics": [[[1272.5979470598488, 0.0, 826.6154927353808], [0.0, 1272.5979470598488, 479.75165386361925], [0.0, 0.0, 1.0]], [[1266.417203046554, 0.0, 816.2670197447984], [0.0, 1266.417203046554, 491.50706579294757], [0.0, 0.0, 1.0]], [[1260.8474446004698, 0.0, 807.968244525554], [0.0, 1260.8474446004698, 495.3344268742088], [0.0, 0.0, 1.0]], [[1256.7414812095406, 0.0, 792.1125740759628], [0.0, 1256.7414812095406, 492.7757465151356], [0.0, 0.0, 1.0]], [[809.2209905677063, 0.0, 829.2196003259838], [0.0, 809.2209905677063, 481.77842384512485], [0.0, 0.0, 1.0]], [[1259.5137405846733, 0.0, 807.2529053838625], [0.0, 1259.5137405846733, 501.19579884916527], [0.0, 0.0, 1.0]]], "extrinsics": [[[0.8213820457458496, -0.570376455783844, 0.0015043857274577022, -0.84710693359375], [0.019394496455788612, 0.02529323846101761, -0.9994919300079346, 1.5109729766845703], [0.5700486302375793, 0.8209938406944275, 0.031837571412324905, -1.200225830078125], [0.0, 0.0, 0.0, 1.0]], [[0.006793903186917305, -0.9997522830963135, -0.02119320258498192, 0.007110595703125], [0.014119558036327362, 0.02128748781979084, -0.9996737241744995, 1.5221610069274902], [0.9998772144317627, 0.006492484826594591, 0.014260686933994293, -1.57513427734375], [0.0, 0.0, 0.0, 1.0]], [[-0.832064151763916, -0.5533887147903442, -0.03781555965542793, 0.9571533203125], [0.019754527136683464, 0.038567833602428436, -0.9990606904029846, 1.505403995513916], [0.5543273687362671, -0.8320296406745911, -0.021158980205655098, -1.197509765625], [0.0, 0.0, 0.0, 1.0]], [[0.9473652839660645, 0.31877028942108154, 0.029741112142801285, -1.1392822265625], [0.02850724756717682, 0.008536440320312977, -0.9995571374893188, 1.588644027709961], [-0.3188830018043518, 0.9477935433387756, -0.0010001359041780233, -0.10467529296875], [0.0, 0.0, 0.0, 1.0]], [[0.0019081649370491505, 0.9998284578323364, 0.018427519127726555, 0.002471923828125], [0.003068303456529975, 0.018421610817313194, -0.999825656414032, 1.5794572830200195], [-0.9999934434890747, 0.001964387483894825, -0.0030326256528496742, -0.0328369140625], [0.0, 0.0, 0.0, 1.0]], [[-0.9346518516540527, 0.35491856932640076, -0.021413560956716537, 1.074462890625], [0.035659290850162506, 0.033644940704107285, -0.9987974762916565, 1.5537776947021484], [-0.3537713587284088, -0.934291660785675, -0.04410245642066002, -0.08634757995605469], [0.0, 0.0, 0.0, 1.0]]], "view": [[0.0, -2.0, 100.0], [-2.0, 0.0, 100.0], [0.0, 0.0, 1.0]], "bev": "bev_0ee2e970ef9140d7b440c93a06d4c633.png", "aux": "aux_0ee2e970ef9140d7b440c93a06d4c633.npz", "visibility": "visibility_0ee2e970ef9140d7b440c93a06d4c633.png", "pose": [[-0.25802186131477356, -0.9661390781402588, 0.0, 125.67745971679688], [0.9661390781402588, -0.25802186131477356, 0.0, 1012.7627563476562], [0.0, 0.0, 1.0, 0.0], [0.0, 0.0, 0.0, 1.0]], "pose_inverse": [[-0.25802186131477356, 0.9661390781402588, 0.0, -946.0421752929688], [-0.9661390781402588, -0.25802186131477356, 0.0, 382.7368469238281], [0.0, 0.0, 1.0, 0.0], [0.0, 0.0, 0.0, 1.0]], "cam_ids": [0, 1, 2, 3, 4, 5], "cam_channels": ["CAM_FRONT_LEFT", "CAM_FRONT", "CAM_FRONT_RIGHT", "CAM_BACK_LEFT", "CAM_BACK", "CAM_BACK_RIGHT"], "token": "0ee2e970ef9140d7b440c93a06d4c633", "scene": "scene-0972"}, {"images": ["samples/CAM_FRONT_LEFT/n015-2018-09-25-13-17-43+0800__CAM_FRONT_LEFT__1537853038654844.jpg", "samples/CAM_FRONT/n015-2018-09-25-13-17-43+0800__CAM_FRONT__1537853038662460.jpg", "samples/CAM_FRONT_RIGHT/n015-2018-09-25-13-17-43+0800__CAM_FRONT_RIGHT__1537853038670360.jpg", "samples/CAM_BACK_LEFT/n015-2018-09-25-13-17-43+0800__CAM_BACK_LEFT__1537853038697423.jpg", "samples/CAM_BACK/n015-2018-09-25-13-17-43+0800__CAM_BACK__1537853038687525.jpg", "samples/CAM_BACK_RIGHT/n015-2018-09-25-13-17-43+0800__CAM_BACK_RIGHT__1537853038677896.jpg"], "intrinsics": [[[1272.5979470598488, 0.0, 826.6154927353808], [0.0, 1272.5979470598488, 479.75165386361925], [0.0, 0.0, 1.0]], [[1266.417203046554, 0.0, 816.2670197447984], [0.0, 1266.417203046554, 491.50706579294757], [0.0, 0.0, 1.0]], [[1260.8474446004698, 0.0, 807.968244525554], [0.0, 1260.8474446004698, 495.3344268742088], [0.0, 0.0, 1.0]], [[1256.7414812095406, 0.0, 792.1125740759628], [0.0, 1256.7414812095406, 492.7757465151356], [0.0, 0.0, 1.0]], [[809.2209905677063, 0.0, 829.2196003259838], [0.0, 809.2209905677063, 481.77842384512485], [0.0, 0.0, 1.0]], [[1259.5137405846733, 0.0, 807.2529053838625], [0.0, 1259.5137405846733, 501.19579884916527], [0.0, 0.0, 1.0]]], "extrinsics": [[[0.8214097619056702, -0.5703227519989014, 0.004231418017297983, -0.82977294921875], [0.017865749076008797, 0.018314311280846596, -0.9996726512908936, 1.5111513137817383], [0.5700586438179016, 0.8212164640426636, 0.025232797488570213, -1.1877899169921875], [0.0, 0.0, 0.0, 1.0]], [[0.0068407217040658, -0.9998791813850403, -0.013960186392068863, 0.007080078125], [0.012751403264701366, 0.014046601951122284, -0.9998200535774231, 1.522240161895752], [0.9998952746391296, 0.006661468651145697, 0.01284594926983118, -1.55718994140625], [0.0, 0.0, 0.0, 1.0]], [[-0.8320558071136475, -0.553729236125946, -0.03266454488039017, 0.945068359375], [0.018554355949163437, 0.03107093647122383, -0.9993449449539185, 1.5055718421936035], [0.5543814897537231, -0.8321168422698975, -0.015578662976622581, -1.18951416015625], [0.0, 0.0, 0.0, 1.0]], [[0.9474083781242371, 0.31891798973083496, 0.026619669049978256, -1.13739013671875], [0.0280106533318758, 0.00022480296320281923, -0.9996075630187988, 1.5886993408203125], [-0.31879884004592896, 0.9477823376655579, -0.00872012134641409, -0.10546875], [0.0, 0.0, 0.0, 1.0]], [[0.0018911121878772974, 0.9999443888664246, 0.010383754968643188, 0.00238037109375], [0.0023099647369235754, 0.010379377752542496, -0.9999434947967529, 1.5794484615325928], [-0.9999955296516418, 0.0019150027073919773, -0.0022902069613337517, -0.0396728515625], [0.0, 0.0, 0.0, 1.0]], [[-0.9347142577171326, 0.35464099049568176, -0.02321753092110157, 1.06378173828125], [0.03464741259813309, 0.02591250278055668, -0.9990636110305786, 1.5541038513183594], [-0.35370731353759766, -0.9346433877944946, -0.03650818020105362, -0.0901632308959961], [0.0, 0.0, 0.0, 1.0]]], "view": [[0.0, -2.0, 100.0], [-2.0, 0.0, 100.0], [0.0, 0.0, 1.0]], "bev": "bev_dbaed05362384292b62080dbf03eb0c8.png", "aux": "aux_dbaed05362384292b62080dbf03eb0c8.npz", "visibility": "visibility_dbaed05362384292b62080dbf03eb0c8.png", "pose": [[-0.24793750047683716, -0.9687760472297668, 0.0, 125.24134063720703], [0.9687760472297668, -0.24793750047683716, 0.0, 1014.476806640625], [0.0, 0.0, 1.0, 0.0], [0.0, 0.0, 0.0, 1.0]], "pose_inverse": [[-0.24793750047683716, 0.9687760472297668, 0.0, -951.748779296875], [-0.9687760472297668, -0.24793750047683716, 0.0, 372.857666015625], [0.0, 0.0, 1.0, 0.0], [0.0, 0.0, 0.0, 1.0]], "cam_ids": [0, 1, 2, 3, 4, 5], "cam_channels": ["CAM_FRONT_LEFT", "CAM_FRONT", "CAM_FRONT_RIGHT", "CAM_BACK_LEFT", "CAM_BACK", "CAM_BACK_RIGHT"], "token": "dbaed05362384292b62080dbf03eb0c8", "scene": "scene-0972"}, {"images": ["samples/CAM_FRONT_LEFT/n015-2018-09-25-13-17-43+0800__CAM_FRONT_LEFT__1537853039154844.jpg", "samples/CAM_FRONT/n015-2018-09-25-13-17-43+0800__CAM_FRONT__1537853039162460.jpg", "samples/CAM_FRONT_RIGHT/n015-2018-09-25-13-17-43+0800__CAM_FRONT_RIGHT__1537853039170339.jpg", "samples/CAM_BACK_LEFT/n015-2018-09-25-13-17-43+0800__CAM_BACK_LEFT__1537853039197423.jpg", "samples/CAM_BACK/n015-2018-09-25-13-17-43+0800__CAM_BACK__1537853039187525.jpg", "samples/CAM_BACK_RIGHT/n015-2018-09-25-13-17-43+0800__CAM_BACK_RIGHT__1537853039177893.jpg"], "intrinsics": [[[1272.5979470598488, 0.0, 826.6154927353808], [0.0, 1272.5979470598488, 479.75165386361925], [0.0, 0.0, 1.0]], [[1266.417203046554, 0.0, 816.2670197447984], [0.0, 1266.417203046554, 491.50706579294757], [0.0, 0.0, 1.0]], [[1260.8474446004698, 0.0, 807.968244525554], [0.0, 1260.8474446004698, 495.3344268742088], [0.0, 0.0, 1.0]], [[1256.7414812095406, 0.0, 792.1125740759628], [0.0, 1256.7414812095406, 492.7757465151356], [0.0, 0.0, 1.0]], [[809.2209905677063, 0.0, 829.2196003259838], [0.0, 809.2209905677063, 481.77842384512485], [0.0, 0.0, 1.0]], [[1259.5137405846733, 0.0, 807.2529053838625], [0.0, 1259.5137405846733, 501.19579884916527], [0.0, 0.0, 1.0]]], "extrinsics": [[[0.8207575678825378, -0.5700449347496033, 0.03749362379312515, -0.81103515625], [0.05768195912241936, 0.0173975620418787, -0.9981833696365356, 1.5189628601074219], [0.5683570504188538, 0.8214293718338013, 0.04716048389673233, -1.1757049560546875], [0.0, 0.0, 0.0, 1.0]], [[0.007611710112541914, -0.9998893737792969, -0.012775242328643799, 0.007568359375], [0.05296490341424942, 0.013160811737179756, -0.9985097050666809, 1.5286521911621094], [0.9985672831535339, 0.006923708599060774, 0.05305921286344528, -1.53900146484375], [0.0, 0.0, 0.0, 1.0]], [[-0.8299600481987, -0.5539162158966064, -0.06590224802494049, 0.9334716796875], [0.05908768251538277, 0.0301789790391922, -0.9977964758872986, 1.5106925964355469], [0.554684579372406, -0.8320252299308777, 0.007682276424020529, -1.18133544921875], [0.0, 0.0, 0.0, 1.0]], [[0.9454156160354614, 0.31924930214881897, 0.06533864140510559, -1.13726806640625], [0.06928350776433945, -0.0010027005337178707, -0.9975965023040771, 1.5889205932617188], [-0.3184164762496948, 0.9476702809333801, -0.023066679015755653, -0.10540771484375], [0.0, 0.0, 0.0, 1.0]], [[0.001306735328398645, 0.9999551773071289, 0.0093767633