[{"images": ["samples/CAM_FRONT_LEFT/n015-2018-09-27-15-33-17+0800__CAM_FRONT_LEFT__1538033692754844.jpg", "samples/CAM_FRONT/n015-2018-09-27-15-33-17+0800__CAM_FRONT__1538033692762460.jpg", "samples/CAM_FRONT_RIGHT/n015-2018-09-27-15-33-17+0800__CAM_FRONT_RIGHT__1538033692770339.jpg", "samples/CAM_BACK_LEFT/n015-2018-09-27-15-33-17+0800__CAM_BACK_LEFT__1538033692797423.jpg", "samples/CAM_BACK/n015-2018-09-27-15-33-17+0800__CAM_BACK__1538033692787525.jpg", "samples/CAM_BACK_RIGHT/n015-2018-09-27-15-33-17+0800__CAM_BACK_RIGHT__1538033692777894.jpg"], "intrinsics": [[[1272.5979470598488, 0.0, 826.6154927353808], [0.0, 1272.5979470598488, 479.75165386361925], [0.0, 0.0, 1.0]], [[1266.417203046554, 0.0, 816.2670197447984], [0.0, 1266.417203046554, 491.50706579294757], [0.0, 0.0, 1.0]], [[1260.8474446004698, 0.0, 807.968244525554], [0.0, 1260.8474446004698, 495.3344268742088], [0.0, 0.0, 1.0]], [[1256.7414812095406, 0.0, 792.1125740759628], [0.0, 1256.7414812095406, 492.7757465151356], [0.0, 0.0, 1.0]], [[809.2209905677063, 0.0, 829.2196003259838], [0.0, 809.2209905677063, 481.77842384512485], [0.0, 0.0, 1.0]], [[1259.5137405846733, 0.0, 807.2529053838625], [0.0, 1259.5137405846733, 501.19579884916527], [0.0, 0.0, 1.0]]], "extrinsics": [[[0.8204129338264465, -0.5713540315628052, -0.021841224282979965, -0.5595703125], [-0.03046898916363716, -0.005541933234781027, -0.9995203614234924, 1.4932937622070312], [0.5709589123725891, 0.8206849098205566, -0.021955255419015884, -1.0028076171875], [0.0, 0.0, 0.0, 1.0]], [[0.00584009662270546, -0.9999387264251709, 0.009400437586009502, 0.01080322265625], [-0.03536338359117508, -0.009601239114999771, -0.9993284344673157, 1.5062332153320312], [0.999357283115387, 0.0055037387646734715, -0.03541728854179382, -1.28759765625], [0.0, 0.0, 0.0, 1.0]], [[-0.8327760696411133, -0.5532364249229431, 0.020329657942056656, 0.7705078125], [-0.02939784526824951, 0.007522149942815304, -0.9995394349098206, 1.4943351745605469], [0.5528287291526794, -0.8329902291297913, -0.02252822555601597, -1.072021484375], [0.0, 0.0, 0.0, 1.0]], [[0.9474741816520691, 0.3187430799007416, -0.026370175182819366, -1.1337890625], [-0.019980020821094513, -0.02330150082707405, -0.9995287656784058, 1.5883865356445312], [-0.3192073404788971, 0.9475545883178711, -0.015709081664681435, -0.106689453125], [0.0, 0.0, 0.0, 1.0]], [[0.002252531237900257, 0.9999087452888489, -0.013316871598362923, 0.00213623046875], [-0.04557850956916809, -0.013200405985116959, -0.9988735914230347, 1.5738296508789062], [-0.9989581108093262, 0.0028569705318659544, 0.045544616878032684, -0.119140625], [0.0, 0.0, 0.0, 1.0]], [[-0.9347232580184937, 0.35513004660606384, 0.013223004527390003, 0.9200439453125], [-0.013257396407425404, 0.0023366259410977364, -0.9999094009399414, 1.5483856201171875], [-0.35512885451316833, -0.9348139762878418, 0.0025240008253604174, -0.14404296875], [0.0, 0.0, 0.0, 1.0]]], "view": [[0.0, -2.0, 100.0], [-2.0, 0.0, 100.0], [0.0, 0.0, 1.0]], "bev": "bev_bddc93fb09264474b6dad85252842615.png", "aux": "aux_bddc93fb09264474b6dad85252842615.npz", "visibility": "visibility_bddc93fb09264474b6dad85252842615.png", "pose": [[0.556167483329773, -0.8310701847076416, 0.0, 676.3799438476562], [0.8310701847076416, 0.556167483329773, 0.0, 2128.019775390625], [0.0, 0.0, 1.0, 0.0], [0.0, 0.0, 0.0, 1.0]], "pose_inverse": [[0.556167483329773, 0.8310701847076416, 0.0, -2144.71435546875], [-0.8310701847076416, 0.556167483329773, 0.0, -621.416259765625], [0.0, 0.0, 1.0, 0.0], [0.0, 0.0, 0.0, 1.0]], "cam_ids": [0, 1, 2, 3, 4, 5], "cam_channels": ["CAM_FRONT_LEFT", "CAM_FRONT", "CAM_FRONT_RIGHT", "CAM_BACK_LEFT", "CAM_BACK", "CAM_BACK_RIGHT"], "token": "bddc93fb09264474b6dad85252842615", "scene": "scene-0402"}, {"images": ["samples/CAM_FRONT_LEFT/n015-2018-09-27-15-33-17+0800__CAM_FRONT_LEFT__1538033693254844.jpg", "samples/CAM_FRONT/n015-2018-09-27-15-33-17+0800__CAM_FRONT__1538033693262460.jpg", "samples/CAM_FRONT_RIGHT/n015-2018-09-27-15-33-17+0800__CAM_FRONT_RIGHT__1538033693270339.jpg", "samples/CAM_BACK_LEFT/n015-2018-09-27-15-33-17+0800__CAM_BACK_LEFT__1538033693297423.jpg", "samples/CAM_BACK/n015-2018-09-27-15-33-17+0800__CAM_BACK__1538033693287525.jpg", "samples/CAM_BACK_RIGHT/n015-2018-09-27-15-33-17+0800__CAM_BACK_RIGHT__1538033693277893.jpg"], "intrinsics": [[[1272.5979470598488, 0.0, 826.6154927353808], [0.0, 1272.5979470598488, 479.75165386361925], [0.0, 0.0, 1.0]], [[1266.417203046554, 0.0, 816.2670197447984], [0.0, 1266.417203046554, 491.50706579294757], [0.0, 0.0, 1.0]], [[1260.8474446004698, 0.0, 807.968244525554], [0.0, 1260.8474446004698, 495.3344268742088], [0.0, 0.0, 1.0]], [[1256.7414812095406, 0.0, 792.1125740759628], [0.0, 1256.7414812095406, 492.7757465151356], [0.0, 0.0, 1.0]], [[809.2209905677063, 0.0, 829.2196003259838], [0.0, 809.2209905677063, 481.77842384512485], [0.0, 0.0, 1.0]], [[1259.5137405846733, 0.0, 807.2529053838625], [0.0, 1259.5137405846733, 501.19579884916527], [0.0, 0.0, 1.0]]], "extrinsics": [[[0.820201575756073, -0.57160484790802, -0.023175083100795746, -0.5623779296875], [-0.037994634360075, -0.01400825660675764, -0.9991797208786011, 1.4896621704101562], [0.57081139087677, 0.8204094171524048, -0.03320751339197159, -1.0020751953125], [0.0, 0.0, 0.0, 1.0]], [[0.005905474070459604, -0.9998214840888977, 0.017947053536772728, 0.0087890625], [-0.04319898411631584, -0.018185686320066452, -0.9989010095596313, 1.50311279296875], [0.9990489482879639, 0.00512368930503726, -0.043298669159412384, -1.289306640625], [0.0, 0.0, 0.0, 1.0]], [[-0.8325721025466919, -0.5530003905296326, 0.03184462711215019, 0.770751953125], [-0.037483420222997665, -0.0011113423388451338, -0.9992966055870056, 1.491851806640625], [0.5526467561721802, -0.8331801891326904, -0.01980307325720787, -1.0740966796875], [0.0, 0.0, 0.0, 1.0]], [[0.9472557306289673, 0.31831473112106323, -0.03718029707670212, -1.134765625], [-0.028499124571681023, -0.031887687742710114, -0.999085009098053, 1.58831787109375], [-0.3192090690135956, 0.9474486112594604, -0.02113410457968712, -0.10546875], [0.0, 0.0, 0.0, 1.0]], [[0.002090053865686059, 0.9997580051422119, -0.02189800888299942, 0.00274658203125], [-0.05400930345058441, -0.021753236651420593, -0.9983034729957581, 1.5728607177734375], [-0.9985382556915283, 0.0032691904343664646, 0.05395076796412468, -0.1181640625], [0.0, 0.0, 0.0, 1.0]], [[-0.9345991015434265, 0.3552529215812683, 0.0178828127682209, 0.9219970703125], [-0.021511631086468697, -0.006267167627811432, -0.999748945236206, 1.5465240478515625], [-0.3550516664981842, -0.9347492456436157, 0.013499358668923378, -0.144287109375], [0.0, 0.0, 0.0, 1.0]]], "view": [[0.0, -2.0, 100.0], [-2.0, 0.0, 100.0], [0.0, 0.0, 1.0]], "bev": "bev_921b2a5eeff840be8d77a3e040b45434.png", "aux": "aux_921b2a5eeff840be8d77a3e040b45434.npz", "visibility": "visibility_921b2a5eeff840be8d77a3e040b45434.png", "pose": [[0.5579048991203308, -0.8299048542976379, 0.0, 679.545166015625], [0.8299048542976379, 0.5579048991203308, 0.0, 2132.67041015625], [0.0, 0.0, 1.0, 0.0], [0.0, 0.0, 0.0, 1.0]], "pose_inverse": [[0.5579048991203308, 0.8299048542976379, 0.0, -2149.03515625], [-0.8299048542976379, 0.5579048991203308, 0.0, -625.8694458007812], [0.0, 0.0, 1.0, 0.0], [0.0, 0.0, 0.0, 1.0]], "cam_ids": [0, 1, 2, 3, 4, 5], "cam_channels": ["CAM_FRONT_LEFT", "CAM_FRONT", "CAM_FRONT_RIGHT", "CAM_BACK_LEFT", "CAM_BACK", "CAM_BACK_RIGHT"], "token": "921b2a5eeff840be8d77a3e040b45434", "scene": "scene-0402"}, {"images": ["samples/CAM_FRONT_LEFT/n015-2018-09-27-15-33-17+0800__CAM_FRONT_LEFT__1538033693754844.jpg", "samples/CAM_FRONT/n015-2018-09-27-15-33-17+0800__CAM_FRONT__1538033693762460.jpg", "samples/CAM_FRONT_RIGHT/n015-2018-09-27-15-33-17+0800__CAM_FRONT_RIGHT__1538033693770339.jpg", "samples/CAM_BACK_LEFT/n015-2018-09-27-15-33-17+0800__CAM_BACK_LEFT__1538033693797423.jpg", "samples/CAM_BACK/n015-2018-09-27-15-33-17+0800__CAM_BACK__1538033693787525.jpg", "samples/CAM_BACK_RIGHT/n015-2018-09-27-15-33-17+0800__CAM_BACK_RIGHT__1538033693777893.jpg"], "intrinsics": [[[1272.5979470598488, 0.0, 826.6154927353808], [0.0, 1272.5979470598488, 479.75165386361925], [0.0, 0.0, 1.0]], [[1266.417203046554, 0.0, 816.2670197447984], [0.0, 1266.417203046554, 491.50706579294757], [0.0, 0.0, 1.0]], [[1260.8474446004698, 0.0, 807.968244525554], [0.0, 1260.8474446004698, 495.3344268742088], [0.0, 0.0, 1.0]], [[1256.7414812095406, 0.0, 792.1125740759628], [0.0, 1256.7414812095406, 492.7757465151356], [0.0, 0.0, 1.0]], [[809.2209905677063, 0.0, 829.2196003259838], [0.0, 809.2209905677063, 481.77842384512485], [0.0, 0.0, 1.0]], [[1259.5137405846733, 0.0, 807.2529053838625], [0.0, 1259.5137405846733, 501.19579884916527], [0.0, 0.0, 1.0]]], "extrinsics": [[[0.8202083706855774, -0.5717410445213318, -0.019244709983468056, -0.572021484375], [-0.03354441374540329, -0.014484794810414314, -0.9993322491645813, 1.4922027587890625], [0.5710804462432861, 0.8203062415122986, -0.0310592669993639, -1.0076904296875], [0.0, 0.0, 0.0, 1.0]], [[0.005728285294026136, -0.9998141527175903, 0.01840551197528839, 0.00811767578125], [-0.03897317498922348, -0.01861504651606083, -0.9990668892860413, 1.5052261352539062], [0.9992238283157349, 0.005005607847124338, -0.039072565734386444, -1.2998046875], [0.0, 0.0, 0.0, 1.0]], [[-0.8327237963676453, -0.5529411435127258, 0.028760114684700966, 0.779052734375], [-0.03354372829198837, -0.0014671306125819683, -0.9994361400604248, 1.4934310913085938], [0.5526715517044067, -0.8332189321517944, -0.01732599548995495, -1.08001708984375], [0.0, 0.0, 0.0, 1.0]], [[0.9473384022712708, 0.31834346055984497, -0.03474603220820427, -1.14306640625], [-0.025858093053102493, -0.032104093581438065, -0.9991499781608582, 1.5885696411132812], [-0.31918832659721375, 0.9474316239356995, -0.022181691601872444, -0.10277557373046875], [0.0, 0.0, 0.0, 1.0]], [[0.002141363453119993, 0.9997547268867493, -0.02204396016895771, 0.0029296875], [-0.050861719995737076, -0.021906593814492226, -0.9984654188156128, 1.5736923217773438], [-0.9987033605575562, 0.0032592439092695713, 0.050802335143089294, -0.109619140625], [0.0, 0.0, 0.0, 1.0]], [[-0.9346482157707214, 0.3552810549736023, 0.014422639273107052, 0.9307861328125], [-0.01791025698184967, -0.00652940571308136, -0.9998182654380798, 1.5475120544433594], [-0.35512226819992065, -0.9347367882728577, 0.012465872801840305, -0.1412353515625], [0.0, 0.0, 0.0, 1.0]]], "view": [[0.0, -2.0, 100.0], [-2.0, 0.0, 100.0], [0.0, 0.0, 1.0]], "bev": "bev_a4e8e0c0ae2f4e6f9b8224b102256150.png", "aux": "aux_a4e8e0c0ae2f4e6f9b8224b102256150.npz", "visibility": "visibility_a4e8e0c0ae2f4e6f9b8224b102256150.png", "pose": [[0.5577921867370605, -0.8299806118011475, 0.0, 682.7234497070312], [0.8299806118011475, 0.5577921867370605, 0.0, 2137.34814453125], [0.0, 0.0, 1.0, 0.0], [0.0, 0.0, 0.0, 1.0]], "pose_inverse": [[0.5577921867370605, 0.8299806118011475, 0.0, -2154.775390625], [-0.8299806118011475, 0.5577921867370605, 0.0, -625.5488891601562], [0.0, 0.0, 1.0, 0.0], [0.0, 0.0, 0.0, 1.0]], "cam_ids": [0, 1, 2, 3, 4, 5], "cam_channels": ["CAM_FRONT_LEFT", "CAM_FRONT", "CAM_FRONT_RIGHT", "CAM_BACK_LEFT", "CAM_BACK", "CAM_BACK_RIGHT"], "token": "a4e8e0c0ae2f4e6f9b8224b102256150", "scene": "scene-0402"}, {"images": ["samples/CAM_FRONT_LEFT/n015-2018-09-27-15-33-17+0800__CAM_FRONT_LEFT__1538033694254844.jpg", "samples/CAM_FRONT/n015-2018-09-27-15-33-17+0800__CAM_FRONT__1538033694262460.jpg", "samples/CAM_FRONT_RIGHT/n015-2018-09-27-15-33-17+0800__CAM_FRONT_RIGHT__1538033694270339.jpg", "samples/CAM_BACK_LEFT/n015-2018-09-27-15-33-17+0800__CAM_BACK_LEFT__1538033694297423.jpg", "samples/CAM_BACK/n015-2018-09-27-15-33-17+0800__CAM_BACK__1538033694287525.jpg", "samples/CAM_BACK_RIGHT/n015-2018-09-27-15-33-17+0800__CAM_BACK_RIGHT__1538033694277893.jpg"], "intrinsics": [[[1272.5979470598488, 0.0, 826.6154927353808], [0.0, 1272.5979470598488, 479.75165386361925], [0.0, 0.0, 1.0]], [[1266.417203046554, 0.0, 816.2670197447984], [0.0, 1266.417203046554, 491.50706579294757], [0.0, 0.0, 1.0]], [[1260.8474446004698, 0.0, 807.968244525554], [0.0, 1260.8474446004698, 495.3344268742088], [0.0, 0.0, 1.0]], [[1256.7414812095406, 0.0, 792.1125740759628], [0.0, 1256.7414812095406, 492.7757465151356], [0.0, 0.0, 1.0]], [[809.2209905677063, 0.0, 829.2196003259838], [0.0, 809.2209905677063, 481.77842384512485], [0.0, 0.0, 1.0]], [[1259.5137405846733, 0.0, 807.2529053838625], [0.0, 1259.5137405846733, 501.19579884916527], [0.0, 0.0, 1.0]]], "extrinsics": [[[0.8196674585342407, -0.5724285244941711, -0.021702151745557785, -0.5655517578125], [-0.035763438791036606, -0.013325309380888939, -0.9992714524269104, 1.4908294677734375], [0.5717222094535828, 0.8198463916778564, -0.03139433264732361, -1.001953125], [0.0, 0.0, 0.0, 1.0]], [[0.00507395388558507, -0.9998407959938049, 0.017111456021666527, 0.007080078125], [-0.04137789085507393, -0.017306946218013763, -0.9989936351776123, 1.5039825439453125], [0.9991306662559509, 0.004360788036137819, -0.041459113359451294, -1.292724609375], [0.0, 0.0, 0.0, 1.0]], [[-0.8329492807388306, -0.552527666091919, 0.030145645141601562, 0.7744140625], [-0.03613462671637535, -5.005338243790902e-05, -0.9993468523025513, 1.492462158203125], [0.5521683692932129, -0.8334945440292358, -0.01992368884384632, -1.0777587890625], [0.0, 0.0, 0.0, 1.0]], [[0.9473397731781006, 0.3180764317512512, -0.0370791032910347, -1.142822265625], [-0.02893362194299698, -0.0302964486181736, -0.9991220831871033, 1.5885543823242188], [-0.3189204931259155, 0.9475809335708618, -0.01949792541563511, -0.10208892822265625], [0.0, 0.0, 0.0, 1.0]], [[0.0023895597551018, 0.9997860193252563, -0.0205527413636446, 0.003173828125], [-0.053835541009902954, -0.020394373685121536, -0.9983415603637695, 1.5733184814453125], [-0.9985469579696655, 0.0034920929465442896, 0.053775276988744736, -0.1103515625], [0.0, 0.0, 0.0, 1.0]], [[-0.9344525933265686, 0.3556555509567261, 0.01753198727965355, 0.9281005859375], [-0.020688211545348167, -0.005072735715657473, -0.9997730851173401, 1.5468406677246094], [-0.3554859161376953, -0.9346033930778503, 0.012098107486963272, -0.142578125], [0.0, 0.0, 0.0, 1.0]]], "view": [[0.0, -2.0, 100.0], [-2.0, 0.0, 100.0], [0.0, 0.0, 1.0]], "bev": "bev_34277fb1f7314151b0e12b94a8b9da29.png", "aux": "aux_34277fb1f7314151b0e12b94a8b9da29.npz", "visibility": "visibility_34277fb1f7314151b0e12b94a8b9da29.png", "pose": [[0.5553544759750366, -0.8316137790679932, 0.0, 685.9231567382812], [0.8316137790679932, 0.5553544759750366, 0.0, 2142.086669921875], [0.0, 0.0, 1.0, 0.0], [0.0, 0.0, 0.0, 1.0]], "pose_inverse": [[0.5553544759750366, 0.8316137790679932, 0.0, -2162.319091796875], [-0.8316137790679932, 0.5553544759750366, 0.0, -619.1942138671875], [0.0, 0.0, 1.0, 0.0], [0.0, 0.0, 0.0, 1.0]], "cam_ids": [0, 1, 2, 3, 4, 5], "cam_channels": ["CAM_FRONT_LEFT", "CAM_FRONT", "CAM_FRONT_RIGHT", "CAM_BACK_LEFT", "CAM_BACK", "CAM_BACK_RIGHT"], "token": "34277fb1f7314151b0e12b94a8b9da29", "scene": "scene-0402"}, {"images": ["samples/CAM_FRONT_LEFT/n015-2018-09-27-15-33-17+0800__CAM_FRONT_LEFT__1538033694754844.jpg", "samples/CAM_FRONT/n015-2018-09-27-15-33-17+0800__CAM_FRONT__1538033694762460.jpg", "samples/CAM_FRONT_RIGHT/n015-2018-09-27-15-33-17+0800__CAM_FRONT_RIGHT__1538033694770339.jpg", "samples/CAM_BACK_LEFT/n015-2018-09-27-15-33-17+0800__CAM_BACK_LEFT__1538033694797445.jpg", "samples/CAM_BACK/n015-2018-09-27-15-33-17+0800__CAM_BACK__1538033694787525.jpg", "samples/CAM_BACK_RIGHT/n015-2018-09-27-15-33-17+0800__CAM_BACK_RIGHT__1538033694777893.jpg"], "intrinsics": [[[1272.5979470598488, 0.0, 826.6154927353808], [0.0, 1272.5979470598488, 479.75165386361925], [0.0, 0.0, 1.0]], [[1266.417203046554, 0.0, 816.2670197447984], [0.0, 1266.417203046554, 491.50706579294757], [0.0, 0.0, 1.0]], [[1260.8474446004698, 0.0, 807.968244525554], [0.0, 1260.8474446004698, 495.3344268742088], [0.0, 0.0, 1.0]], [[1256.7414812095406, 0.0, 792.1125740759628], [0.0, 1256.7414812095406, 492.7757465151356], [0.0, 0.0, 1.0]], [[809.2209905677063, 0.0, 829.2196003259838], [0.0, 809.2209905677063, 481.77842384512485], [0.0, 0.0, 1.0]], [[1259.5137405846733, 0.0, 807.2529053838625], [0.0, 1259.5137405846733, 501.19579884916527], [0.0, 0.0, 1.0]]], "extrinsics": [[[0.8200364708900452, -0.5719823241233826, -0.01939612254500389, -0.5626220703125], [-0.03807138279080391, -0.020703477784991264, -0.9990605115890503, 1.4896392822265625], [0.5710434317588806, 0.8200045228004456, -0.03875377029180527, -1.001953125], [0.0, 0.0, 0.0, 1.0]], [[0.00571121321991086, -0.9996799230575562, 0.02464280277490616, 0.0086669921875], [-0.04308324307203293, -0.024866310879588127, -0.9987620115280151, 1.5032196044921875], [0.9990551471710205, 0.004642456769943237, -0.043211475014686584, -1.290283203125], [0.0, 0.0, 0.0, 1.0]], [[-0.832633376121521, -0.5526984333992004, 0.03529776632785797, 0.7724609375], [-0.03720415011048317, -0.007770670112222433, -0.9992774128913879, 1.4920272827148438], [0.5525733828544617, -0.8333449959754944, -0.014092556200921535, -1.0750732421875], [0.0, 0.0, 0.0, 1.0]], [[0.9470794200897217, 0.31866931915283203, -0.0386066734790802, -1.138427734375], [-0.02782261371612549, -0.03832539543509483, -0.9988778829574585, 1.5884552001953125], [-0.31979137659072876, 0.9470908045768738, -0.027430975809693336, -0.10497283935546875], [0.0, 0.0, 0.0, 1.0]], [[0.001932693412527442, 0.9995937347412109, -0.02843555621802807, 0.0025634765625], [-0.05345500633120537, -0.02829167991876602, -0.9981694221496582, 1.5731353759765625], [-0.9985684156417847, 0.0034492211416363716, 0.05337861180305481, -0.114990234375], [0.0, 0.0, 0.0, 1.0]], [[-0.9346058368682861, 0.3553621768951416, 0.015154306776821613, 0.92431640625], [-0.0211093220859766, -0.01288608182221651, -0.9996941089630127, 1.5466728210449219], [-0.35505813360214233, -0.9346398711204529, 0.01954486034810543, -0.143310546875], [0.0, 0.0, 0.0, 1.0]]], "view": [[0.0, -2.0, 100.0], [-2.0, 0.0, 100.0], [0.0, 0.0, 1.0]], "bev": "bev_004ea3a910194629bb06d75a378ee642.png", "aux": "aux_004ea3a910194629bb06d75a378ee642.npz", "visibility": "visibility_004ea3a910194629bb06d75a378ee642.png", "pose": [[0.5548465251922607, -0.831952691078186, 0.0, 689.1255493164062], [0.831952691078186, 0.5548465251922607, 0.0, 2146.808837890625], [0.0, 0.0, 1.0, 0.0], [0.0, 0.0, 0.0, 1.0]], "pose_inverse": [[0.5548465251922607, 0.831952691078186, 0.0, -2168.40234375], [-0.831952691078186, 0.5548465251922607, 0.0, -617.82958984375], [0.0, 0.0, 1.0, 0.0], [0.0, 0.0, 0.0, 1.0]], "cam_ids": [0, 1, 2, 3, 4, 5], "cam_channels": ["CAM_FRONT_LEFT", "CAM_FRONT", "CAM_FRONT_RIGHT", "CAM_BACK_LEFT", "CAM_BACK", "CAM_BACK_RIGHT"], "token": "004ea3a910194629bb06d75a378ee642", "scene": "scene-0402"}, {"images": ["samples/CAM_FRONT_LEFT/n015-2018-09-27-15-33-17+0800__CAM_FRONT_LEFT__1538033695254848.jpg", "samples/CAM_FRONT/n015-2018-09-27-15-33-17+0800__CAM_FRONT__1538033695262460.jpg", "samples/CAM_FRONT_RIGHT/n015-2018-09-27-15-33-17+0800__CAM_FRONT_RIGHT__1538033695270339.jpg", "samples/CAM_BACK_LEFT/n015-2018-09-27-15-33-17+0800__CAM_BACK_LEFT__1538033695297423.jpg", "samples/CAM_BACK/n015-2018-09-27-15-33-17+0800__CAM_BACK__1538033695287525.jpg", "samples/CAM_BACK_RIGHT/n015-2018-09-27-15-33-17+0800__CAM_BACK_RIGHT__1538033695277893.jpg"], "intrinsics": [[[1272.5979470598488, 0.0, 826.6154927353808], [0.0, 1272.5979470598488, 479.75165386361925], [0.0, 0.0, 1.0]], [[1266.417203046554, 0.0, 816.2670197447984], [0.0, 1266.417203046554, 491.50706579294757], [0.0, 0.0, 1.0]], [[1260.8474446004698, 0.0, 807.968244525554], [0.0, 1260.8474446004698, 495.3344268742088], [0.0, 0.0, 1.0]], [[1256.7414812095406, 0.0, 792.1125740759628], [0.0, 1256.7414812095406, 492.7757465151356], [0.0, 0.0, 1.0]], [[809.2209905677063, 0.0, 829.2196003259838], [0.0, 809.2209905677063, 481.77842384512485], [0.0, 0.0, 1.0]], [[1259.5137405846733, 0.0, 807.2529053838625], [0.0, 1259.5137405846733, 501.19579884916527], [0.0, 0.0, 1.0]]], "extrinsics": [[[0.8198197484016418, -0.5722617506980896, -0.020302964374423027, -0.5684814453125], [-0.03864554315805435, -0.019918520003557205, -0.9990544319152832, 1.4897079467773438], [0.5713161826133728, 0.8198291063308716, -0.03844495862722397, -1.008056640625], [0.0, 0.0, 0.0, 1.0]], [[0.005432468838989735, -0.9997031688690186, 0.023751255124807358, 0.0098876953125], [-0.04397879168391228, -0.023967474699020386, -0.9987449645996094, 1.5031967163085938], [0.9990177154541016, 0.004381127655506134, -0.04409593343734741, -1.29736328125], [0.0, 0.0, 0.0, 1.0]], [[-0.8327292799949646, -0.5525276064872742, 0.0357116237282753, 0.77783203125], [-0.03837215527892113, -0.006752407178282738, -0.9992406964302063, 1.49188232421875], [0.5523492097854614, -0.8334672451019287, -0.015578744933009148, -1.07757568359375], [0.0, 0.0, 0.0, 1.0]], [[0.9471346735954285, 0.3183405101299286, -0.03993949294090271, -1.138671875], [-0.029620077461004257, -0.03719325363636017, -0.998869001865387, 1.5884552001953125], [-0.3194659948348999, 0.9472465515136719, -0.025797750800848007, -0.10526275634765625], [0.0, 0.0, 0.0, 1.0]], [[0.0020771538838744164, 0.9996272325515747, -0.027223775163292885, 0.00238037109375], [-0.05506853759288788, -0.027068180963397026, -0.9981156587600708, 1.5731048583984375], [-0.9984804391860962, 0.003572346642613411, 0.05499178543686867, -0.111572265625], [0.0, 0.0, 0.0, 1.0]], [[-0.9345110058784485, 0.35553523898124695, 0.01684701070189476, 0.9285888671875], [-0.022498158738017082, -0.011765913106501102, -0.9996776580810547, 1.5464668273925781], [-0.3552224040031433, -0.9345888495445251, 0.01899426057934761, -0.140869140625], [0.0, 0.0, 0.0, 1.0]]], "view": [[0.0, -2.0, 100.0], [-2.0, 0.0, 100.0], [0.0, 0.0, 1.0]], "bev": "bev_de33503e21344fdb8699e493bfa2f132.png", "aux": "aux_de33503e21344fdb8699e493bfa2f132.npz", "visibility": "visibility_de33503e21344fdb8699e493bfa2f132.png", "pose": [[0.5509009957313538, -0.8345706462860107, 0.0, 692.2479858398438], [0.8345706462860107, 0.5509009957313538, 0.0, 2151.463134765625], [0.0, 0.0, 1.0, 0.0], [0.0, 0.0, 0.0, 1.0]], "pose_inverse": [[0.5509009957313538, 0.8345706462860107, 0.0, -2176.907958984375], [-0.8345706462860107, 0.5509009957313538, 0.0, -607.5133056640625], [0.0, 0.0, 1.0, 0.0], [0.0, 0.0, 0.0, 1.0]], "cam_ids": [0, 1, 2, 3, 4, 5], "cam_channels": ["CAM_FRONT_LEFT", "CAM_FRONT", "CAM_FRONT_RIGHT", "CAM_BACK_LEFT", "CAM_BACK", "CAM_BACK_RIGHT"], "token": "de33503e21344fdb8699e493bfa2f132", "scene": "scene-0402"}, {"images": ["samples/CAM_FRONT_LEFT/n015-2018-09-27-15-33-17+0800__CAM_FRONT_LEFT__1538033695754844.jpg", "samples/CAM_FRONT/n015-2018-09-27-15-33-17+0800__CAM_FRONT__1538033695762460.jpg", "samples/CAM_FRONT_RIGHT/n015-2018-09-27-15-33-17+0800__CAM_FRONT_RIGHT__1538033695770339.jpg", "samples/CAM_BACK_LEFT/n015-2018-09-27-15-33-17+0800__CAM_BACK_LEFT__1538033695797423.jpg", "samples/CAM_BACK/n015-2018-09-27-15-33-17+0800__CAM_BACK__1538033695787525.jpg", "samples/CAM_BACK_RIGHT/n015-2018-09-27-15-33-17+0800__CAM_BACK_RIGHT__1538033695777893.jpg"], "intrinsics": [[[1272.5979470598488, 0.0, 826.6154927353808], [0.0, 1272.5979470598488, 479.75165386361925], [0.0, 0.0, 1.0]], [[1266.417203046554, 0.0, 816.2670197447984], [0.0, 1266.417203046554, 491.50706579294757], [0.0, 0.0, 1.0]], [[1260.8474446004698, 0.0, 807.968244525554], [0.0, 1260.8474446004698, 495.3344268742088], [0.0, 0.0, 1.0]], [[1256.7414812095406, 0.0, 792.1125740759628], [0.0, 1256.7414812095406, 492.7757465151356], [0.0, 0.0, 1.0]], [[809.2209905677063, 0.0, 829.2196003259838], [0.0, 809.2209905677063, 481.77842384512485], [0.0, 0.0, 1.0]], [[1259.5137405846733, 0.0, 807.2529053838625], [0.0, 1259.5137405846733, 501.19579884916527], [0.0, 0.0, 1.0]]], "extrinsics": [[[0.8201155066490173, -0.5719489455223083, -0.01688246987760067, -0.565185546875], [-0.03545748069882393, -0.02135019563138485, -0.9991430640220642, 1.4910736083984375], [0.5710983872413635, 0.82001131772995, -0.037789493799209595, -1.004638671875], [0.0, 0.0, 0.0, 1.0]], [[0.005706049967557192, -0.9996647834777832, 0.025250814855098724, 0.00897216796875], [-0.04097769036889076, -0.02546376734972, -0.998835563659668, 1.5041732788085938], [0.9991437196731567, 0.004664721433073282, -0.04110925272107124, -1.29248046875], [0.0, 0.0, 0.0, 1.0]], [[-0.8326688408851624, -0.5527127981185913, 0.034221552312374115, 0.773681640625], [-0.0355951227247715, -0.008249767124652863, -0.9993322491645813, 1.4925613403320312], [0.5526260137557983, -0.8333309292793274, -0.012804554775357246, -1.075439453125], [0.0, 0.0, 0.0, 1.0]], [[0.9471971988677979, 0.3183078169822693, -0.038696981966495514, -1.139404296875], [-0.02786370739340782, -0.03851870819926262, -0.9988692998886108, 1.5884628295898438], [-0.31943848729133606, 0.9472045302391052, -0.027615578845143318, -0.104888916015625], [0.0, 0.0, 0.0, 1.0]], [[0.001997136976569891, 0.9995895028114319, -0.028581196442246437, 0.0025634765625], [-0.052920084446668625, -0.028435559943318367, -0.9981938600540161, 1.5731353759765625], [-0.9985966682434082, 0.0035060339141637087, 0.05284156650304794, -0.115966796875], [0.0, 0.0, 0.0, 1.0]], [[-0.9346315860748291, 0.3553428053855896, 0.013976716436445713, 0.923828125], [-0.019970083609223366, -0.013204042799770832, -0.9997133612632751, 1.54693603515625], [-0.35505643486976624, -0.9346427917480469, 0.019437137991189957, -0.1431884765625], [0.0, 0.0, 0.0, 1.0]]], "view": [[0.0, -2.0, 100.0], [-2.0, 0.0, 100.0], [0.0, 0.0, 1.0]], "bev": "bev_6c1e7f204093497d86a3664c50bb0d6f.png", "aux": "aux_6c1e7f204093497d86a3664c50bb0d6f.npz", "visibility": "visibility_6c1e7f204093497d86a3664c50bb0d6f.png", "pose": [[0.5511252284049988, -0.8344225287437439, 0.0, 695.358154296875], [0.8344225287437439, 0.5511252284049988, 0.0, 2156.1162109375], [0.0, 0.0, 1.0, 0.0], [0.0, 0.0, 0.0, 1.0]], "pose_inverse": [[0.5511252284049988, 0.8344225287437439, 0.0, -2182.34130859375], [-0.8344225287437439, 0.5511252284049988, 0.0, -608.0675659179688], [0.0, 0.0, 1.0, 0.0], [0.0, 0.0, 0.0, 1.0]], "cam_ids": [0, 1, 2, 3, 4, 5], "cam_channels": ["CAM_FRONT_LEFT", "CAM_FRONT", "CAM_FRONT_RIGHT", "CAM_BACK_LEFT", "CAM_BACK", "CAM_BACK_RIGHT"], "token": "6c1e7f204093497d86a3664c50bb0d6f", "scene": "scene-0402"}, {"images": ["samples/CAM_FRONT_LEFT/n015-2018-09-27-15-33-17+0800__CAM_FRONT_LEFT__1538033696254844.jpg", "samples/CAM_FRONT/n015-2018-09-27-15-33-17+0800__CAM_FRONT__1538033696262460.jpg", "samples/CAM_FRONT_RIGHT/n015-2018-09-27-15-33-17+0800__CAM_FRONT_RIGHT__1538033696270339.jpg", "samples/CAM_BACK_LEFT/n015-2018-09-27-15-33-17+0800__CAM_BACK_LEFT__1538033696297423.jpg", "samples/CAM_BACK/n015-2018-09-27-15-33-17+0800__CAM_BACK__1538033696287525.jpg", "samples/CAM_BACK_RIGHT/n015-2018-09-27-15-33-17+0800__CAM_BACK_RIGHT__1538033696277893.jpg"], "intrinsics": [[[1272.5979470598488, 0.0, 826.6154927353808], [0.0, 1272.5979470598488, 479.75165386361925], [0.0, 0.0, 1.0]], [[1266.417203046554, 0.0, 816.2670197447984], [0.0, 1266.417203046554, 491.50706579294757], [0.0, 0.0, 1.0]], [[1260.8474446004698, 0.0, 807.968244525554], [0.0, 1260.8474446004698, 495.3344268742088], [0.0, 0.0, 1.0]], [[1256.7414812095406, 0.0, 792.1125740759628], [0.0, 1256.7414812095406, 492.7757465151356], [0.0, 0.0, 1.0]], [[809.2209905677063, 0.0, 829.2196003259838], [0.0, 809.2209905677063, 481.77842384512485], [0.0, 0.0, 1.0]], [[1259.5137405846733, 0.0, 807.2529053838625], [0.0, 1259.5137405846733, 501.19579884916527], [0.0, 0.0, 1.0]]], "extrinsics": [[[0.8201018571853638, -0.5720672607421875, -0.013114916160702705, -0.5648193359375], [-0.032181501388549805, -0.023227209225296974, -0.9992120862007141, 1.4925765991210938], [0.5713119506835938, 0.8198777437210083, -0.03745865449309349, -1.0023193359375], [0.0, 0.0, 0.0, 1.0]], [[0.005569500848650932, -0.9996181130409241, 0.02706790901720524, 0.00787353515625], [-0.03756958991289139, -0.027258388698101044, -0.9989221692085266, 1.5054779052734375], [0.9992784857749939, 0.00454650167375803, -0.03770705685019493, -1.291259765625], [0.0, 0.0, 0.0, 1.0]], [[-0.8327843546867371, -0.5526590347290039, 0.03222385421395302, 0.772216796875], [-0.03203131631016731, -0.010007127188146114, -0.9994367361068726, 1.49365234375], [0.5526701807975769, -0.8333473801612854, -0.00936861801892519, -1.075927734375], [0.0, 0.0, 0.0, 1.0]], [[0.9473533034324646, 0.31823858618736267, -0.03529909625649452, -1.137451171875], [-0.02369428053498268, -0.04026445001363754, -0.9989081025123596, 1.588409423828125], [-0.31931230425834656, 0.947155237197876, -0.030604224652051926, -0.104248046875], [0.0, 0.0, 0.0, 1.0]], [[0.002034737030044198, 0.9995371699333191, -0.030353982001543045, 0.00299072265625], [-0.048966921865940094, -0.03021804243326187, -0.9983431696891785, 1.5736160278320312], [-0.9987983107566833, 0.0035176926758140326, 0.04888277128338814, -0.115478515625], [0.0, 0.0, 0.0, 1.0]], [[-0.9346932172775269, 0.3553186058998108, 0.009861520491540432, 0.924560546875], [-0.01623513735830784, -0.01496053021401167, -0.9997562766075134, 1.5477714538574219], [-0.35508447885513306, -0.934625506401062, 0.019752148538827896, -0.1436767578125], [0.0, 0.0, 0.0, 1.0]]], "view": [[0.0, -2.0, 100.0], [-2.0, 0.0, 100.0], [0.0, 0.0, 1.0]], "bev": "bev_836c6b1710804ec8819a86f070ea1cdb.png", "aux": "aux_836c6b1710804ec8819a86f070ea1cdb.npz", "visibility": "visibility_836c6b1710804ec8819a86f070ea1cdb.png", "pose": [[0.5521240234375, -0.833761990070343, 0.0, 698.5179443359375], [0.833761990070343, 0.5521240234375, 0.0, 2160.8359375], [0.0, 0.0, 1.0, 0.0], [0.0, 0.0, 0.0, 1.0]], "pose_inverse": [[0.5521240234375, 0.833761990070343, 0.0, -2187.29150390625], [-0.833761990070343, 0.5521240234375, 0.0, -610.6516723632812], [0.0, 0.0, 1.0, 0.0], [0.0, 0.0, 0.0, 1.0]], "cam_ids": [0, 1, 2, 3, 4, 5], "cam_channels": ["CAM_FRONT_LEFT", "CAM_FRONT", "CAM_FRONT_RIGHT", "CAM_BACK_LEFT", "CAM_BACK", "CAM_BACK_RIGHT"], "token": "836c6b1710804ec8819a86f070ea1cdb", "scene": "scene-0402"}, {"images": ["samples/CAM_FRONT_LEFT/n015-2018-09-27-15-33-17+0800__CAM_FRONT_LEFT__1538033696754844.jpg", "samples/CAM_FRONT/n015-2018-09-27-15-33-17+0800__CAM_FRONT__1538033696762460.jpg", "samples/CAM_FRONT_RIGHT/n015-2018-09-27-15-33-17+0800__CAM_FRONT_RIGHT__1538033696770339.jpg", "samples/CAM_BACK_LEFT/n015-2018-09-27-15-33-17+0800__CAM_BACK_LEFT__1538033696797423.jpg", "samples/CAM_BACK/n015-2018-09-27-15-33-17+0800__CAM_BACK__1538033696787525.jpg", "samples/CAM_BACK_RIGHT/n015-2018-09-27-15-33-17+0800__CAM_BACK_RIGHT__1538033696777893.jpg"], "intrinsics": [[[1272.5979470598488, 0.0, 826.6154927353808], [0.0, 1272.5979470598488, 479.75165386361925], [0.0, 0.0, 1.0]], [[1266.417203046554, 0.0, 816.2670197447984], [0.0, 1266.417203046554, 491.50706579294757], [0.0, 0.0, 1.0]], [[1260.8474446004698, 0.0, 807.968244525554], [0.0, 1260.8474446004698, 495.3344268742088], [0.0, 0.0, 1.0]], [[1256.7414812095406, 0.0, 792.1125740759628], [0.0, 1256.7414812095406, 492.7757465151356], [0.0, 0.0, 1.0]], [[809.2209905677063, 0.0, 829.2196003259838], [0.0, 809.2209905677063, 481.77842384512485], [0.0, 0.0, 1.0]], [[1259.5137405846733, 0.0, 807.2529053838625], [0.0, 1259.5137405846733, 501.19579884916527], [0.0, 0.0, 1.0]]], "extrinsics": [[[0.8209415078163147, -0.5709400177001953, -0.00908306147903204, -0.5565185546875], [-0.026051562279462814, -0.021559083834290504, -0.9994280934333801, 1.4954833984375], [0.5704177021980286, 0.8207085728645325, -0.03257262334227562, -1.002685546875], [0.0, 0.0, 0.0, 1.0]], [[0.006494702305644751, -0.9996549487113953, 0.025452176108956337, 0.0118408203125], [-0.0313962958753109, -0.02564401552081108, -0.9991780519485474, 1.5078811645507812], [0.9994858503341675, 0.005690343212336302, -0.031552013009786606, -1.2861328125], [0.0, 0.0, 0.0, 1.0]], [[-0.8324954509735107, -0.5534104704856873, 0.026230404153466225, 0.77099609375], [-0.02584916725754738, -0.008495282381772995, -0.9996297359466553, 1.4954986572265625], [0.5534284114837646, -0.832865297794342, -0.007232917472720146, -1.07110595703125], [0.0, 0.0, 0.0, 1.0]], [[0.9474182724952698, 0.31868481636047363, -0.02895628660917282, -1.13916015625], [-0.01745169423520565, -0.03889704495668411, -0.9990907907485962, 1.5885009765625], [-0.319521427154541, 0.9470621943473816, -0.03129018098115921, -0.104949951171875], [0.0, 0.0, 0.0, 1.0]], [[0.0017859681975096464, 0.9995750784873962, -0.029095321893692017, 0.0015869140625], [-0.04272586107254028, -0.02899252064526081, -0.9986661076545715, 1.5743484497070312], [-0.9990851879119873, 0.0030267396941781044, 0.04265592619776726, -0.1162109375], [0.0, 0.0, 0.0, 1.0]], [[-0.9349661469459534, 0.3547073304653168, 0.00456235883757472, 0.921142578125], [-0.010038311593234539, -0.013599315658211708, -0.9998571276664734, 1.5491828918457031], [-0.3545946180820465, -0.9348785281181335, 0.016275566071271896, -0.142578125], [0.0, 0.0, 0.0, 1.0]]], "view": [[0.0, -2.0, 100.0], [-2.0, 0.0, 100.0], [0.0, 0.0, 1.0]], "bev": "bev_6890ede51e044b69b9cef6271f3bda90.png", "aux": "aux_6890ede51e044b69b9cef6271f3bda90.npz", "visibility": "visibility_6890ede51e044b69b9cef6271f3bda90.png", "pose": [[0.5556508302688599, -0.8314157128334045, 0.0, 701.718017578125], [0.8314157128334045, 0.5556508302688599, 0.0, 2165.569091796875], [0.0, 0.0, 1.0, 0.0], [0.0, 0.0, 0.0, 1.0]], "pose_inverse": [[0.5556508302688599, 0.8314157128334045, 0.0, -2190.3984375], [-0.8314157128334045, 0.5556508302688599, 0.0, -619.8809204101562], [0.0, 0.0, 1.0, 0.0], [0.0, 0.0, 0.0, 1.0]], "cam_ids": [0, 1, 2, 3, 4, 5], "cam_channels": ["CAM_FRONT_LEFT", "CAM_FRONT", "CAM_FRONT_RIGHT", "CAM_BACK_LEFT", "CAM_BACK", "CAM_BACK_RIGHT"], "token": "6890ede51e044b69b9cef6271f3bda90", "scene": "scene-0402"}, {"images": ["samples/CAM_FRONT_LEFT/n015-2018-09-27-15-33-17+0800__CAM_FRONT_LEFT__1538033697254844.jpg", "samples/CAM_FRONT/n015-2018-09-27-15-33-17+0800__CAM_FRONT__1538033697262460.jpg", "samples/CAM_FRONT_RIGHT/n015-2018-09-27-15-33-17+0800__CAM_FRONT_RIGHT__1538033697270339.jpg", "samples/CAM_BACK_LEFT/n015-2018-09-27-15-33-17+0800__CAM_BACK_LEFT__1538033697297423.jpg", "samples/CAM_BACK/n015-2018-09-27-15-33-17+0800__CAM_BACK__1538033697287525.jpg", "samples/CAM_BACK_RIGHT/n015-2018-09-27-15-33-17+0800__CAM_BACK_RIGHT__1538033697277893.jpg"], "intrinsics": [[[1272.5979470598488, 0.0, 826.6154927353808], [0.0, 1272.5979470598488, 479.75165386361925], [0.0, 0.0, 1.0]], [[1266.417203046554, 0.0, 816.2670197447984], [0.0, 1266.417203046554, 491.50706579294757], [0.0, 0.0, 1.0]], [[1260.8474446004698, 0.0, 807.968244525554], [0.0, 1260.8474446004698, 495.3344268742088], [0.0, 0.0, 1.0]], [[1256.7414812095406, 0.0, 792.1125740759628], [0.0, 1256.7414812095406, 492.7757465151356], [0.0, 0.0, 1.0]], [[809.2209905677063, 0.0, 829.2196003259838], [0.0, 809.2209905677063, 481.77842384512485], [0.0, 0.0, 1.0]], [[1259.5137405846733, 0.0, 807.2529053838625], [0.0, 1259.5137405846733, 501.19579884916527], [0.0, 0.0, 1.0]]], "extrinsics": [[[0.8204470872879028, -0.5713645815849304, -0.020225800573825836, -0.56494140625], [-0.0332670733332634, -0.012392831034958363, -0.9993696808815002, 1.4920501708984375], [0.5707536935806274, 0.8206027746200562, -0.02917528711259365, -1.0028076171875], [0.0, 0.0, 0.0, 1.0]], [[0.0060378918424248695, -0.9998514652252197, 0.01614290662109852, 0.00811767578125], [-0.038770388811826706, -0.016365131363272667, -0.9991141557693481, 1.5050506591796875], [0.999229907989502, 0.005406687501817942, -0.03886343911290169, -1.293212890625], [0.0, 0.0, 0.0, 1.0]], [[-0.8326061367988586, -0.5531934499740601, 0.0272747203707695, 0.775634765625], [-0.03334304690361023, 0.0009076131391339004, -0.999443531036377, 1.4933624267578125], [0.5528608560562134, -0.8330522775650024, -0.019200842827558517, -1.077392578125], [0.0, 0.0, 0.0, 1.0]], [[0.9472337961196899, 0.31879714131355286, -0.033412106335163116, -1.1455078125], [-0.025381064042448997, -0.02931385301053524, -0.9992479681968689, 1.5886611938476562], [-0.31953683495521545, 0.9473695755004883, -0.019675666466355324, -0.102752685546875], [0.0, 0.0, 0.0, 1.0]], [[0.0020613600499927998, 0.9998077750205994, -0.019501781091094017, 0.0028076171875], [-0.050469424575567245, -0.019372951239347458, -0.9985376596450806, 1.5737762451171875], [-0.9987234473228455, 0.0030425251461565495, 0.05041978508234024, -0.10888671875], [0.0, 0.0, 0.0, 1.0]], [[-0.9347023367881775, 0.3551132380962372, 0.015038061887025833, 0.9287109375], [-0.01763644628226757, -0.00408102897927165, -0.9998361468315125, 1.5475387573242188], [-0.3549937307834625, -0.9348143339157104, 0.010077484883368015, -0.14208984375], [0.0, 0.0, 0.0, 1.0]]], "view": [[0.0, -2.0, 100.0], [-2.0, 0.0, 100.0], [0.0, 0.0, 1.0]], "bev": "bev_58e269b3b545459e847f5a84dada1ef8.png", "aux": "aux_58e269b3b545459e847f5a84dada1ef8.npz", "visibility": "visibility_58e269b3b545459e847f5a84dada1ef8.png", "pose": [[0.5557495951652527, -0.8313497304916382, 0.0, 704.955810546875], [0.8313497304916382, 0.5557495951652527, 0.0, 2170.368408203125], [0.0, 0.0, 1.0, 0.0], [0.0, 0.0, 0.0, 1.0]], "pose_inverse": [[0.5557495951652527, 0.8313497304916382, 0.0, -2196.114013671875], [-0.8313497304916382, 0.5557495951652527, 0.0, -620.116455078125], [0.0, 0.0, 1.0, 0.0], [0.0, 0.0, 0.0, 1.0]], "cam_ids": [0, 1, 2, 3, 4, 5], "cam_channels": ["CAM_FRONT_LEFT", "CAM_FRONT", "CAM_FRONT_RIGHT", "CAM_BACK_LEFT", "CAM_BACK", "CAM_BACK_RIGHT"], "token": "58e269b3b545459e847f5a84dada1ef8", "scene": "scene-0402"}, {"images": ["samples/CAM_FRONT_LEFT/n015-2018-09-27-15-33-17+0800__CAM_FRONT_LEFT__1538033697754844.jpg", "samples/CAM_FRONT/n015-2018-09-27-15-33-17+0800__CAM_FRONT__1538033697762460.jpg", "samples/CAM_FRONT_RIGHT/n015-2018-09-27-15-33-17+0800__CAM_FRONT_RIGHT__1538033697770339.jpg", "samples/CAM_BACK_LEFT/n015-2018-09-27-15-33-17+0800__CAM_BACK_LEFT__1538033697797423.jpg", "samples/CAM_BACK/n015-2018-09-27-15-33-17+0800__CAM_BACK__1538033697787525.jpg", "samples/CAM_BACK_RIGHT/n015-2018-09-27-15-33-17+0800__CAM_BACK_RIGHT__1538033697777893.jpg"], "intrinsics": [[[1272.5979470598488, 0.0, 826.6154927353808], [0.0, 1272.5979470598488, 479.75165386361925], [0.0, 0.0, 1.0]], [[1266.417203046554, 0.0, 816.2670197447984], [0.0, 1266.417203046554, 491.50706579294757], [0.0, 0.0, 1.0]], [[1260.8474446004698, 0.0, 807.968244525554], [0.0, 1260.8474446004698, 495.3344268742088], [0.0, 0.0, 1.0]], [[1256.7414812095406, 0.0, 792.1125740759628], [0.0, 1256.7414812095406, 492.7757465151356], [0.0, 0.0, 1.0]], [[809.2209905677063, 0.0, 829.2196003259838], [0.0, 809.2209905677063, 481.77842384512485], [0.0, 0.0, 1.0]], [[1259.5137405846733, 0.0, 807.2529053838625], [0.0, 1259.5137405846733, 501.19579884916527], [0.0, 0.0, 1.0]]], "extrinsics": [[[0.8200358748435974, -0.5720288157463074, -0.018003197386860847, -0.5540771484375], [-0.03825995326042175, -0.023406952619552612, -0.9989936351776123, 1.4891510009765625], [0.5710318088531494, 0.8198994398117065, -0.04108034074306488, -0.99560546875], [0.0, 0.0, 0.0, 1.0]], [[0.005750700365751982, -0.9996142387390137, 0.027173131704330444, 0.00836181640625], [-0.04359157010912895, -0.027398347854614258, -0.998673677444458, 1.5027008056640625], [0.9990329146385193, 0.004558640997856855, -0.04373231157660484, -1.283203125], [0.0, 0.0, 0.0, 1.0]], [[-0.8325873613357544, -0.5526459813117981, 0.037157781422138214, 0.76904296875], [-0.03790568560361862, -0.010077678598463535, -0.9992304444313049, 1.4916763305664062], [0.5525951981544495, -0.8333551287651062, -0.01255787629634142, -1.0732421875], [0.0, 0.0, 0.0, 1.0]], [[0.9470953941345215, 0.3184623122215271, -0.03990073874592781, -1.146240234375], [-0.02864372916519642, -0.03995496407151222, -0.9987908601760864, 1.5886993408203125], [-0.31967148184776306, 0.94709312915802, -0.028719214722514153, -0.10245513916015625], [0.0, 0.0, 0.0, 1.0]], [[0.0018977147992700338, 0.9995416402816772, -0.030213739722967148, 0.002685546875], [-0.05430714786052704, -0.030066190287470818, -0.9980714917182922, 1.5732421875], [-0.9985225200653076, 0.003534911433234811, 0.054225195199251175, -0.110595703125], [0.0, 0.0, 0.0, 1.0]], [[-