[{"images": ["samples/CAM_FRONT_LEFT/n015-2018-11-21-19-21-35+0800__CAM_FRONT_LEFT__1542799742504844.jpg", "samples/CAM_FRONT/n015-2018-11-21-19-21-35+0800__CAM_FRONT__1542799742512460.jpg", "samples/CAM_FRONT_RIGHT/n015-2018-11-21-19-21-35+0800__CAM_FRONT_RIGHT__1542799742520339.jpg", "samples/CAM_BACK_LEFT/n015-2018-11-21-19-21-35+0800__CAM_BACK_LEFT__1542799742547423.jpg", "samples/CAM_BACK/n015-2018-11-21-19-21-35+0800__CAM_BACK__1542799742537525.jpg", "samples/CAM_BACK_RIGHT/n015-2018-11-21-19-21-35+0800__CAM_BACK_RIGHT__1542799742527893.jpg"], "intrinsics": [[[1272.5979470598488, 0.0, 826.6154927353808], [0.0, 1272.5979470598488, 479.75165386361925], [0.0, 0.0, 1.0]], [[1266.417203046554, 0.0, 816.2670197447984], [0.0, 1266.417203046554, 491.50706579294757], [0.0, 0.0, 1.0]], [[1260.8474446004698, 0.0, 807.968244525554], [0.0, 1260.8474446004698, 495.3344268742088], [0.0, 0.0, 1.0]], [[1256.7414812095406, 0.0, 792.1125740759628], [0.0, 1256.7414812095406, 492.7757465151356], [0.0, 0.0, 1.0]], [[809.2209905677063, 0.0, 829.2196003259838], [0.0, 809.2209905677063, 481.77842384512485], [0.0, 0.0, 1.0]], [[1259.5137405846733, 0.0, 807.2529053838625], [0.0, 1259.5137405846733, 501.19579884916527], [0.0, 0.0, 1.0]]], "extrinsics": [[[0.8162524104118347, -0.5707022547721863, 0.08961503207683563, -0.96484375], [0.07981162518262863, -0.04223307594656944, -0.995914876461029, 1.5082550048828125], [0.5721555352210999, 0.8200703859329224, 0.011075826361775398, -1.2802734375], [0.0, 0.0, 0.0, 1.0]], [[0.0020500142127275467, -0.9989129900932312, 0.04656971991062164, 0.005126953125], [0.07452412694692612, -0.046287719160318375, -0.9961443543434143, 1.5205459594726562], [0.9972171187400818, 0.005512584466487169, 0.07434822618961334, -1.6922607421875], [0.0, 0.0, 0.0, 1.0]], [[-0.8314829468727112, -0.553225576877594, -0.05077096074819565, 1.032470703125], [0.080190509557724, -0.029086019843816757, -0.9963550567626953, 1.503662109375], [0.5497323870658875, -0.8325235843658447, 0.06854797154664993, -1.24859619140625], [0.0, 0.0, 0.0, 1.0]], [[0.9455324411392212, 0.3189040720462799, 0.06533489376306534, -1.14208984375], [0.08874067664146423, -0.059409406036138535, -0.9942814707756042, 1.58856201171875], [-0.31319889426231384, 0.9459232687950134, -0.08447327464818954, -0.1036834716796875], [0.0, 0.0, 0.0, 1.0]], [[0.006278457585722208, 0.9987741708755493, -0.049101900309324265, 0.00274658203125], [0.06343439221382141, -0.04940176382660866, -0.9967625737190247, 1.5793609619140625], [-0.9979662895202637, 0.00314341951161623, -0.06366678327322006, 0.0018310546875], [0.0, 0.0, 0.0, 1.0]], [[-0.9296361207962036, 0.3541233241558075, -0.10184989124536514, 1.1363525390625], [0.0960048958659172, -0.03408521041274071, -0.9947971105575562, 1.55145263671875], [-0.35575246810913086, -0.9345774054527283, -0.0023107342422008514, -0.063720703125], [0.0, 0.0, 0.0, 1.0]]], "view": [[0.0, -2.0, 100.0], [-2.0, 0.0, 100.0], [0.0, 0.0, 1.0]], "bev": "bev_127c5ddf95e947ef96888e56d5a355f6.png", "aux": "aux_127c5ddf95e947ef96888e56d5a355f6.npz", "visibility": "visibility_127c5ddf95e947ef96888e56d5a355f6.png", "pose": [[-0.553535521030426, 0.8328256011009216, 0.0, 623.8821411132812], [-0.8328256011009216, -0.553535521030426, 0.0, 2039.560546875], [0.0, 0.0, 1.0, 0.0], [0.0, 0.0, 0.0, 1.0]], "pose_inverse": [[-0.553535521030426, -0.8328256011009216, 0.0, 2043.9390869140625], [0.8328256011009216, -0.553535521030426, 0.0, 609.3842163085938], [0.0, 0.0, 1.0, 0.0], [0.0, 0.0, 0.0, 1.0]], "cam_ids": [0, 1, 2, 3, 4, 5], "cam_channels": ["CAM_FRONT_LEFT", "CAM_FRONT", "CAM_FRONT_RIGHT", "CAM_BACK_LEFT", "CAM_BACK", "CAM_BACK_RIGHT"], "token": "127c5ddf95e947ef96888e56d5a355f6", "scene": "scene-1073"}, {"images": ["samples/CAM_FRONT_LEFT/n015-2018-11-21-19-21-35+0800__CAM_FRONT_LEFT__1542799743004844.jpg", "samples/CAM_FRONT/n015-2018-11-21-19-21-35+0800__CAM_FRONT__1542799743012460.jpg", "samples/CAM_FRONT_RIGHT/n015-2018-11-21-19-21-35+0800__CAM_FRONT_RIGHT__1542799743020339.jpg", "samples/CAM_BACK_LEFT/n015-2018-11-21-19-21-35+0800__CAM_BACK_LEFT__1542799743047423.jpg", "samples/CAM_BACK/n015-2018-11-21-19-21-35+0800__CAM_BACK__1542799743037525.jpg", "samples/CAM_BACK_RIGHT/n015-2018-11-21-19-21-35+0800__CAM_BACK_RIGHT__1542799743027893.jpg"], "intrinsics": [[[1272.5979470598488, 0.0, 826.6154927353808], [0.0, 1272.5979470598488, 479.75165386361925], [0.0, 0.0, 1.0]], [[1266.417203046554, 0.0, 816.2670197447984], [0.0, 1266.417203046554, 491.50706579294757], [0.0, 0.0, 1.0]], [[1260.8474446004698, 0.0, 807.968244525554], [0.0, 1260.8474446004698, 495.3344268742088], [0.0, 0.0, 1.0]], [[1256.7414812095406, 0.0, 792.1125740759628], [0.0, 1256.7414812095406, 492.7757465151356], [0.0, 0.0, 1.0]], [[809.2209905677063, 0.0, 829.2196003259838], [0.0, 809.2209905677063, 481.77842384512485], [0.0, 0.0, 1.0]], [[1259.5137405846733, 0.0, 807.2529053838625], [0.0, 1259.5137405846733, 501.19579884916527], [0.0, 0.0, 1.0]]], "extrinsics": [[[0.8162637948989868, -0.5706868767738342, 0.08960990607738495, -0.965087890625], [0.07982736080884933, -0.04220119118690491, -0.9959149956703186, 1.5082550048828125], [0.5721372365951538, 0.8200826644897461, 0.011109120212495327, -1.2803955078125], [0.0, 0.0, 0.0, 1.0]], [[0.0020656303968280554, -0.9989144802093506, 0.046534277498722076, 0.0050048828125], [0.07453901320695877, -0.04625111445784569, -0.9961449503898621, 1.5205307006835938], [0.9972158670425415, 0.005526243709027767, 0.07436256855726242, -1.6922607421875], [0.0, 0.0, 0.0, 1.0]], [[-0.8314759731292725, -0.553232729434967, -0.050804853439331055, 1.0322265625], [0.08020428568124771, -0.02904430404305458, -0.9963551759719849, 1.5036468505859375], [0.5497406721115112, -0.8325201869010925, 0.06852127611637115, -1.24871826171875], [0.0, 0.0, 0.0, 1.0]], [[0.9455296397209167, 0.31890130043029785, 0.06538762897253036, -1.14208984375], [0.0887768566608429, -0.05935201048851013, -0.9942816495895386, 1.58856201171875], [-0.3131968080997467, 0.9459277391433716, -0.08443015068769455, -0.10366439819335938], [0.0, 0.0, 0.0, 1.0]], [[0.006276395637542009, 0.9987761378288269, -0.049058739095926285, 0.00286865234375], [0.06345494836568832, -0.04935862123966217, -0.9967634081840515, 1.5793533325195312], [-0.9979649186134338, 0.0031430793460458517, -0.06368708610534668, 0.001708984375], [0.0, 0.0, 0.0, 1.0]], [[-0.9296368956565857, 0.3541218936443329, -0.10184737294912338, 1.13623046875], [0.09601718932390213, -0.034045811742544174, -0.9947972297668457, 1.55145263671875], [-0.3557470142841339, -0.9345793724060059, -0.002351548057049513, -0.0634765625], [0.0, 0.0, 0.0, 1.0]]], "view": [[0.0, -2.0, 100.0], [-2.0, 0.0, 100.0], [0.0, 0.0, 1.0]], "bev": "bev_4518c3b25dc5423cb72619bcad0d7091.png", "aux": "aux_4518c3b25dc5423cb72619bcad0d7091.npz", "visibility": "visibility_4518c3b25dc5423cb72619bcad0d7091.png", "pose": [[-0.5534875392913818, 0.8328574299812317, 0.0, 623.882080078125], [-0.8328574299812317, -0.5534875392913818, 0.0, 2039.5606689453125], [0.0, 0.0, 1.0, 0.0], [0.0, 0.0, 0.0, 1.0]], "pose_inverse": [[-0.5534875392913818, -0.8328574299812317, 0.0, 2043.9742431640625], [0.8328574299812317, -0.5534875392913818, 0.0, 609.2666015625], [0.0, 0.0, 1.0, 0.0], [0.0, 0.0, 0.0, 1.0]], "cam_ids": [0, 1, 2, 3, 4, 5], "cam_channels": ["CAM_FRONT_LEFT", "CAM_FRONT", "CAM_FRONT_RIGHT", "CAM_BACK_LEFT", "CAM_BACK", "CAM_BACK_RIGHT"], "token": "4518c3b25dc5423cb72619bcad0d7091", "scene": "scene-1073"}, {"images": ["samples/CAM_FRONT_LEFT/n015-2018-11-21-19-21-35+0800__CAM_FRONT_LEFT__1542799743404844.jpg", "samples/CAM_FRONT/n015-2018-11-21-19-21-35+0800__CAM_FRONT__1542799743412460.jpg", "samples/CAM_FRONT_RIGHT/n015-2018-11-21-19-21-35+0800__CAM_FRONT_RIGHT__1542799743420339.jpg", "samples/CAM_BACK_LEFT/n015-2018-11-21-19-21-35+0800__CAM_BACK_LEFT__1542799743447423.jpg", "samples/CAM_BACK/n015-2018-11-21-19-21-35+0800__CAM_BACK__1542799743437525.jpg", "samples/CAM_BACK_RIGHT/n015-2018-11-21-19-21-35+0800__CAM_BACK_RIGHT__1542799743427893.jpg"], "intrinsics": [[[1272.5979470598488, 0.0, 826.6154927353808], [0.0, 1272.5979470598488, 479.75165386361925], [0.0, 0.0, 1.0]], [[1266.417203046554, 0.0, 816.2670197447984], [0.0, 1266.417203046554, 491.50706579294757], [0.0, 0.0, 1.0]], [[1260.8474446004698, 0.0, 807.968244525554], [0.0, 1260.8474446004698, 495.3344268742088], [0.0, 0.0, 1.0]], [[1256.7414812095406, 0.0, 792.1125740759628], [0.0, 1256.7414812095406, 492.7757465151356], [0.0, 0.0, 1.0]], [[809.2209905677063, 0.0, 829.2196003259838], [0.0, 809.2209905677063, 481.77842384512485], [0.0, 0.0, 1.0]], [[1259.5137405846733, 0.0, 807.2529053838625], [0.0, 1259.5137405846733, 501.19579884916527], [0.0, 0.0, 1.0]]], "extrinsics": [[[0.8162469267845154, -0.5707088708877563, 0.08962342888116837, -0.96484375], [0.07989940047264099, -0.042122114449739456, -0.9959125518798828, 1.5082550048828125], [0.572151243686676, 0.8200715184211731, 0.011217242106795311, -1.2803955078125], [0.0, 0.0, 0.0, 1.0]], [[0.0020513564813882113, -0.9989188313484192, 0.04644336923956871, 0.005126953125], [0.0746009349822998, -0.04616117849946022, -0.9961445331573486, 1.5205230712890625], [0.9972112774848938, 0.0055082631297409534, 0.07442557066679001, -1.692138671875], [0.0, 0.0, 0.0, 1.0]], [[-0.8314762115478516, -0.5532233119010925, -0.05090431496500969, 1.0323486328125], [0.08025585860013962, -0.028943313285708427, -0.9963539838790894, 1.503631591796875], [0.5497328639030457, -0.8325300216674805, 0.06846508383750916, -1.2486572265625], [0.0, 0.0, 0.0, 1.0]], [[0.9455263614654541, 0.31890395283699036, 0.06542328000068665, -1.14208984375], [0.08877865225076675, -0.059243474155664444, -0.9942879676818848, 1.58856201171875], [-0.31320643424987793, 0.9459336996078491, -0.08432811498641968, -0.10358428955078125], [0.0, 0.0, 0.0, 1.0]], [[0.006272220518440008, 0.998781681060791, -0.04894806444644928, 0.0028076171875], [0.06348320096731186, -0.049247995018959045, -0.9967670440673828, 1.5793533325195312], [-0.9979631900787354, 0.003144540125504136, -0.06371475011110306, 0.0018310546875], [0.0, 0.0, 0.0, 1.0]], [[-0.9296321868896484, 0.3541325628757477, -0.10185442864894867, 1.1363525390625], [0.0960661843419075, -0.0339369997382164, -0.9947962164878845, 1.55145263671875], [-0.35574638843536377, -0.9345793128013611, -0.002471237676218152, -0.0635986328125], [0.0, 0.0, 0.0, 1.0]]], "view": [[0.0, -2.0, 100.0], [-2.0, 0.0, 100.0], [0.0, 0.0, 1.0]], "bev": "bev_8f96ab01c9ee4e088cff0e50c294ed05.png", "aux": "aux_8f96ab01c9ee4e088cff0e50c294ed05.npz", "visibility": "visibility_8f96ab01c9ee4e088cff0e50c294ed05.png", "pose": [[-0.5535090565681458, 0.8328431844711304, 0.0, 623.8820190429688], [-0.8328431844711304, -0.5535090565681458, 0.0, 2039.5606689453125], [0.0, 0.0, 1.0, 0.0], [0.0, 0.0, 0.0, 1.0]], "pose_inverse": [[-0.5535090565681458, -0.8328431844711304, 0.0, 2043.95849609375], [0.8328431844711304, -0.5535090565681458, 0.0, 609.3194580078125], [0.0, 0.0, 1.0, 0.0], [0.0, 0.0, 0.0, 1.0]], "cam_ids": [0, 1, 2, 3, 4, 5], "cam_channels": ["CAM_FRONT_LEFT", "CAM_FRONT", "CAM_FRONT_RIGHT", "CAM_BACK_LEFT", "CAM_BACK", "CAM_BACK_RIGHT"], "token": "8f96ab01c9ee4e088cff0e50c294ed05", "scene": "scene-1073"}, {"images": ["samples/CAM_FRONT_LEFT/n015-2018-11-21-19-21-35+0800__CAM_FRONT_LEFT__1542799744005548.jpg", "samples/CAM_FRONT/n015-2018-11-21-19-21-35+0800__CAM_FRONT__1542799744012460.jpg", "samples/CAM_FRONT_RIGHT/n015-2018-11-21-19-21-35+0800__CAM_FRONT_RIGHT__1542799744020339.jpg", "samples/CAM_BACK_LEFT/n015-2018-11-21-19-21-35+0800__CAM_BACK_LEFT__1542799744047423.jpg", "samples/CAM_BACK/n015-2018-11-21-19-21-35+0800__CAM_BACK__1542799744037525.jpg", "samples/CAM_BACK_RIGHT/n015-2018-11-21-19-21-35+0800__CAM_BACK_RIGHT__1542799744027893.jpg"], "intrinsics": [[[1272.5979470598488, 0.0, 826.6154927353808], [0.0, 1272.5979470598488, 479.75165386361925], [0.0, 0.0, 1.0]], [[1266.417203046554, 0.0, 816.2670197447984], [0.0, 1266.417203046554, 491.50706579294757], [0.0, 0.0, 1.0]], [[1260.8474446004698, 0.0, 807.968244525554], [0.0, 1260.8474446004698, 495.3344268742088], [0.0, 0.0, 1.0]], [[1256.7414812095406, 0.0, 792.1125740759628], [0.0, 1256.7414812095406, 492.7757465151356], [0.0, 0.0, 1.0]], [[809.2209905677063, 0.0, 829.2196003259838], [0.0, 809.2209905677063, 481.77842384512485], [0.0, 0.0, 1.0]], [[1259.5137405846733, 0.0, 807.2529053838625], [0.0, 1259.5137405846733, 501.19579884916527], [0.0, 0.0, 1.0]]], "extrinsics": [[[0.81626957654953, -0.5706973671913147, 0.08948972821235657, -0.965087890625], [0.0798136442899704, -0.04201092943549156, -0.9959241151809692, 1.5082550048828125], [0.5721308588981628, 0.8200850486755371, 0.01125719677656889, -1.2803955078125], [0.0, 0.0, 0.0, 1.0]], [[0.002078225137665868, -0.9989234209060669, 0.046341609209775925, 0.00494384765625], [0.07452204078435898, -0.04605814442038536, -0.9961551427841187, 1.5205307006835938], [0.9972171187400818, 0.005523601546883583, 0.07434611022472382, -1.6920166015625], [0.0, 0.0, 0.0, 1.0]], [[-0.8314684629440308, -0.5532357692718506, -0.05089578777551651, 1.032470703125], [0.08018381893634796, -0.028847841545939445, -0.9963625073432922, 1.5036468505859375], [0.5497550964355469, -0.8325250744819641, 0.06834663450717926, -1.2486572265625], [0.0, 0.0, 0.0, 1.0]], [[0.9455302357673645, 0.31889671087265015, 0.06540200114250183, -1.14208984375], [0.08872964978218079, -0.059165108948946, -0.9942970275878906, 1.5885467529296875], [-0.3132084608078003, 0.9459410309791565, -0.08423798531293869, -0.10366058349609375], [0.0, 0.0, 0.0, 1.0]], [[0.006261332426220179, 0.9987855553627014, -0.048868466168642044, 0.0028076171875], [0.06342405825853348, -0.04916767403483391, -0.9967747330665588, 1.5793533325195312], [-0.997967004776001, 0.0031417266000062227, -0.06365489214658737, 0.0018310546875], [0.0, 0.0, 0.0, 1.0]], [[-0.9296452403068542, 0.3541245460510254, -0.10176179558038712, 1.1363525390625], [0.09600210189819336, -0.03384489193558693, -0.9948055744171143, 1.55145263671875], [-0.3557291328907013, -0.9345856308937073, -0.0025329510681331158, -0.063720703125], [0.0, 0.0, 0.0, 1.0]]], "view": [[0.0, -2.0, 100.0], [-2.0, 0.0, 100.0], [0.0, 0.0, 1.0]], "bev": "bev_ce89081ab6de4d0c92c33f910c0db5f1.png", "aux": "aux_ce89081ab6de4d0c92c33f910c0db5f1.npz", "visibility": "visibility_ce89081ab6de4d0c92c33f910c0db5f1.png", "pose": [[-0.5534953474998474, 0.8328522443771362, 0.0, 623.8819580078125], [-0.8328522443771362, -0.5534953474998474, 0.0, 2039.5606689453125], [0.0, 0.0, 1.0, 0.0], [0.0, 0.0, 0.0, 1.0]], "pose_inverse": [[-0.5534953474998474, -0.8328522443771362, 0.0, 2043.968505859375], [0.8328522443771362, -0.5534953474998474, 0.0, 609.285888671875], [0.0, 0.0, 1.0, 0.0], [0.0, 0.0, 0.0, 1.0]], "cam_ids": [0, 1, 2, 3, 4, 5], "cam_channels": ["CAM_FRONT_LEFT", "CAM_FRONT", "CAM_FRONT_RIGHT", "CAM_BACK_LEFT", "CAM_BACK", "CAM_BACK_RIGHT"], "token": "ce89081ab6de4d0c92c33f910c0db5f1", "scene": "scene-1073"}, {"images": ["samples/CAM_FRONT_LEFT/n015-2018-11-21-19-21-35+0800__CAM_FRONT_LEFT__1542799744504844.jpg", "samples/CAM_FRONT/n015-2018-11-21-19-21-35+0800__CAM_FRONT__1542799744512460.jpg", "samples/CAM_FRONT_RIGHT/n015-2018-11-21-19-21-35+0800__CAM_FRONT_RIGHT__1542799744520661.jpg", "samples/CAM_BACK_LEFT/n015-2018-11-21-19-21-35+0800__CAM_BACK_LEFT__1542799744547423.jpg", "samples/CAM_BACK/n015-2018-11-21-19-21-35+0800__CAM_BACK__1542799744537525.jpg", "samples/CAM_BACK_RIGHT/n015-2018-11-21-19-21-35+0800__CAM_BACK_RIGHT__1542799744527893.jpg"], "intrinsics": [[[1272.5979470598488, 0.0, 826.6154927353808], [0.0, 1272.5979470598488, 479.75165386361925], [0.0, 0.0, 1.0]], [[1266.417203046554, 0.0, 816.2670197447984], [0.0, 1266.417203046554, 491.50706579294757], [0.0, 0.0, 1.0]], [[1260.8474446004698, 0.0, 807.968244525554], [0.0, 1260.8474446004698, 495.3344268742088], [0.0, 0.0, 1.0]], [[1256.7414812095406, 0.0, 792.1125740759628], [0.0, 1256.7414812095406, 492.7757465151356], [0.0, 0.0, 1.0]], [[809.2209905677063, 0.0, 829.2196003259838], [0.0, 809.2209905677063, 481.77842384512485], [0.0, 0.0, 1.0]], [[1259.5137405846733, 0.0, 807.2529053838625], [0.0, 1259.5137405846733, 501.19579884916527], [0.0, 0.0, 1.0]]], "extrinsics": [[[0.8162697553634644, -0.5706919431686401, 0.08952266722917557, -0.965087890625], [0.07983243465423584, -0.04204147309064865, -0.9959213137626648, 1.5082550048828125], [0.5721279382705688, 0.8200873136520386, 0.011242540553212166, -1.2802734375], [0.0, 0.0, 0.0, 1.0]], [[0.0020760754123330116, -0.9989218711853027, 0.046375419944524765, 0.005126953125], [0.0745430737733841, -0.04609190300107002, -0.9961520433425903, 1.5205230712890625], [0.9972156286239624, 0.005525097716599703, 0.07436702400445938, -1.6923828125], [0.0, 0.0, 0.0, 1.0]], [[-0.8314711451530457, -0.5532317757606506, -0.05089487507939339, 1.0323486328125], [0.0802072063088417, -0.028885504230856895, -0.9963595271110535, 1.5036468505859375], [0.54974764585495, -0.8325263857841492, 0.06839064508676529, -1.248779296875], [0.0, 0.0, 0.0, 1.0]], [[0.9455294609069824, 0.3188972473144531, 0.06541068851947784, -1.142333984375], [0.08875419199466705, -0.05921148508787155, -0.9942920207977295, 1.58856201171875], [-0.31320393085479736, 0.9459379315376282, -0.08428967744112015, -0.10373306274414062], [0.0, 0.0, 0.0, 1.0]], [[0.0062697227112948895, 0.9987836480140686, -0.048906221985816956, 0.0028076171875], [0.06345220655202866, -0.04920598119497299, -0.9967710971832275, 1.5793609619140625], [-0.9979651570320129, 0.003146217670291662, -0.06368353962898254, 0.001953125], [0.0, 0.0, 0.0, 1.0]], [[-0.9296395182609558, 0.3541314899921417, -0.10179063677787781, 1.1363525390625], [0.09601648151874542, -0.03388821333646774, -0.994802713394165, 1.55145263671875], [-0.35574039816856384, -0.934581458568573, -0.0024986336939036846, -0.0635986328125], [0.0, 0.0, 0.0, 1.0]]], "view": [[0.0, -2.0, 100.0], [-2.0, 0.0, 100.0], [0.0, 0.0, 1.0]], "bev": "bev_ca68f0367d7749bba32868d90d1288cd.png", "aux": "aux_ca68f0367d7749bba32868d90d1288cd.npz", "visibility": "visibility_ca68f0367d7749bba32868d90d1288cd.png", "pose": [[-0.5534660816192627, 0.832871675491333, 0.0, 623.8818969726562], [-0.832871675491333, -0.5534660816192627, 0.0, 2039.5606689453125], [0.0, 0.0, 1.0, 0.0], [0.0, 0.0, 0.0, 1.0]], "pose_inverse": [[-0.5534660816192627, -0.832871675491333, 0.0, 2043.9898681640625], [0.832871675491333, -0.5534660816192627, 0.0, 609.214111328125], [0.0, 0.0, 1.0, 0.0], [0.0, 0.0, 0.0, 1.0]], "cam_ids": [0, 1, 2, 3, 4, 5], "cam_channels": ["CAM_FRONT_LEFT", "CAM_FRONT", "CAM_FRONT_RIGHT", "CAM_BACK_LEFT", "CAM_BACK", "CAM_BACK_RIGHT"], "token": "ca68f0367d7749bba32868d90d1288cd", "scene": "scene-1073"}, {"images": ["samples/CAM_FRONT_LEFT/n015-2018-11-21-19-21-35+0800__CAM_FRONT_LEFT__1542799745004844.jpg", "samples/CAM_FRONT/n015-2018-11-21-19-21-35+0800__CAM_FRONT__1542799745012460.jpg", "samples/CAM_FRONT_RIGHT/n015-2018-11-21-19-21-35+0800__CAM_FRONT_RIGHT__1542799745020339.jpg", "samples/CAM_BACK_LEFT/n015-2018-11-21-19-21-35+0800__CAM_BACK_LEFT__1542799745047423.jpg", "samples/CAM_BACK/n015-2018-11-21-19-21-35+0800__CAM_BACK__1542799745037525.jpg", "samples/CAM_BACK_RIGHT/n015-2018-11-21-19-21-35+0800__CAM_BACK_RIGHT__1542799745027893.jpg"], "intrinsics": [[[1272.5979470598488, 0.0, 826.6154927353808], [0.0, 1272.5979470598488, 479.75165386361925], [0.0, 0.0, 1.0]], [[1266.417203046554, 0.0, 816.2670197447984], [0.0, 1266.417203046554, 491.50706579294757], [0.0, 0.0, 1.0]], [[1260.8474446004698, 0.0, 807.968244525554], [0.0, 1260.8474446004698, 495.3344268742088], [0.0, 0.0, 1.0]], [[1256.7414812095406, 0.0, 792.1125740759628], [0.0, 1256.7414812095406, 492.7757465151356], [0.0, 0.0, 1.0]], [[809.2209905677063, 0.0, 829.2196003259838], [0.0, 809.2209905677063, 481.77842384512485], [0.0, 0.0, 1.0]], [[1259.5137405846733, 0.0, 807.2529053838625], [0.0, 1259.5137405846733, 501.19579884916527], [0.0, 0.0, 1.0]]], "extrinsics": [[[0.816266655921936, -0.57069993019104, 0.08949918299913406, -0.9649658203125], [0.07980957627296448, -0.042033348232507706, -0.9959235191345215, 1.5082550048828125], [0.5721354484558105, 0.8200821280479431, 0.011236900463700294, -1.2802734375], [0.0, 0.0, 0.0, 1.0]], [[0.0020733473356813192, -0.9989221692085266, 0.04636909440159798, 0.00518798828125], [0.07450202852487564, -0.04608601704239845, -0.9961553812026978, 1.5205459594726562], [0.997218668460846, 0.005520046688616276, 0.07432617992162704, -1.692138671875], [0.0, 0.0, 0.0, 1.0]], [[-0.8314732909202576, -0.5532328486442566, -0.05084671825170517, 1.0322265625], [0.08014725148677826, -0.02888195402920246, -0.9963644742965698, 1.5036468505859375], [0.5497531294822693, -0.8325257897377014, 0.06835468113422394, -1.24871826171875], [0.0, 0.0, 0.0, 1.0]], [[0.9455336928367615, 0.3188994228839874, 0.06533856689929962, -1.141845703125], [0.08868078142404556, -0.05921820178627968, -0.9942981600761414, 1.58856201171875], [-0.3132118582725525, 0.9459367394447327, -0.0842730700969696, -0.103790283203125], [0.0, 0.0, 0.0, 1.0]], [[0.006261925678700209, 0.998783528804779, -0.04891030862927437, 0.0028076171875], [0.06337548047304153, -0.049209319055080414, -0.9967758059501648, 1.5793533325195312], [-0.9979700446128845, 0.0031420402228832245, -0.06360653042793274, 0.0020751953125], [0.0, 0.0, 0.0, 1.0]], [[-0.9296482801437378, 0.3541257083415985, -0.10172993689775467, 1.1361083984375], [0.09595353156328201, -0.033882904797792435, -0.9948089718818665, 1.55145263671875], [-0.35573431849479675, -0.934583842754364, -0.0024804258719086647, -0.0635986328125], [0.0, 0.0, 0.0, 1.0]]], "view": [[0.0, -2.0, 100.0], [-2.0, 0.0, 100.0], [0.0, 0.0, 1.0]], "bev": "bev_29ac0fcfafd84f309c87aadf3115c950.png", "aux": "aux_29ac0fcfafd84f309c87aadf3115c950.npz", "visibility": "visibility_29ac0fcfafd84f309c87aadf3115c950.png", "pose": [[-0.5534811615943909, 0.8328616619110107, 0.0, 623.8818969726562], [-0.8328616619110107, -0.5534811615943909, 0.0, 2039.560791015625], [0.0, 0.0, 1.0, 0.0], [0.0, 0.0, 0.0, 1.0]], "pose_inverse": [[-0.5534811615943909, -0.8328616619110107, 0.0, 2043.9788818359375], [0.8328616619110107, -0.5534811615943909, 0.0, 609.2511596679688], [0.0, 0.0, 1.0, 0.0], [0.0, 0.0, 0.0, 1.0]], "cam_ids": [0, 1, 2, 3, 4, 5], "cam_channels": ["CAM_FRONT_LEFT", "CAM_FRONT", "CAM_FRONT_RIGHT", "CAM_BACK_LEFT", "CAM_BACK", "CAM_BACK_RIGHT"], "token": "29ac0fcfafd84f309c87aadf3115c950", "scene": "scene-1073"}, {"images": ["samples/CAM_FRONT_LEFT/n015-2018-11-21-19-21-35+0800__CAM_FRONT_LEFT__1542799745504844.jpg", "samples/CAM_FRONT/n015-2018-11-21-19-21-35+0800__CAM_FRONT__1542799745512460.jpg", "samples/CAM_FRONT_RIGHT/n015-2018-11-21-19-21-35+0800__CAM_FRONT_RIGHT__1542799745520339.jpg", "samples/CAM_BACK_LEFT/n015-2018-11-21-19-21-35+0800__CAM_BACK_LEFT__1542799745547423.jpg", "samples/CAM_BACK/n015-2018-11-21-19-21-35+0800__CAM_BACK__1542799745537525.jpg", "samples/CAM_BACK_RIGHT/n015-2018-11-21-19-21-35+0800__CAM_BACK_RIGHT__1542799745527893.jpg"], "intrinsics": [[[1272.5979470598488, 0.0, 826.6154927353808], [0.0, 1272.5979470598488, 479.75165386361925], [0.0, 0.0, 1.0]], [[1266.417203046554, 0.0, 816.2670197447984], [0.0, 1266.417203046554, 491.50706579294757], [0.0, 0.0, 1.0]], [[1260.8474446004698, 0.0, 807.968244525554], [0.0, 1260.8474446004698, 495.3344268742088], [0.0, 0.0, 1.0]], [[1256.7414812095406, 0.0, 792.1125740759628], [0.0, 1256.7414812095406, 492.7757465151356], [0.0, 0.0, 1.0]], [[809.2209905677063, 0.0, 829.2196003259838], [0.0, 809.2209905677063, 481.77842384512485], [0.0, 0.0, 1.0]], [[1259.5137405846733, 0.0, 807.2529053838625], [0.0, 1259.5137405846733, 501.19579884916527], [0.0, 0.0, 1.0]]], "extrinsics": [[[0.8162743449211121, -0.570701003074646, 0.08942387253046036, -0.9649658203125], [0.07973667979240417, -0.04200616478919983, -0.9959304928779602, 1.5082550048828125], [0.5721348524093628, 0.8200828433036804, 0.011217255145311356, -1.2801513671875], [0.0, 0.0, 0.0, 1.0]], [[0.002076247474178672, -0.998923659324646, 0.04633825272321701, 0.00506591796875], [0.07445807754993439, -0.046055298298597336, -0.996160089969635, 1.5205230712890625], [0.9972219467163086, 0.005518540274351835, 0.07428231090307236, -1.6920166015625], [0.0, 0.0, 0.0, 1.0]], [[-0.831474244594574, -0.553230881690979, -0.05085412412881851, 1.032470703125], [0.08013323694467545, -0.028847573325037956, -0.9963666200637817, 1.5036468505859375], [0.5497538447380066, -0.832528293132782, 0.0683182030916214, -1.24884033203125], [0.0, 0.0, 0.0, 1.0]], [[0.9455337524414062, 0.3188977539539337, 0.06534744799137115, -1.142333984375], [0.08867271989583969, -0.059166137129068375, -0.9943020343780518, 1.5885772705078125], [-0.3132143020629883, 0.9459405541419983, -0.08422110229730606, -0.103729248046875], [0.0, 0.0, 0.0, 1.0]], [[0.006260992027819157, 0.9987860918045044, -0.04886091500520706, 0.0028076171875], [0.06336898356676102, -0.049159955233335495, -0.996778666973114, 1.5793533325195312], [-0.9979705810546875, 0.003144548973068595, -0.0635998323559761, 0.001953125], [0.0, 0.0, 0.0, 1.0]], [[-0.9296488761901855, 0.3541307747364044, -0.10170719772577286, 1.13623046875], [0.09594522416591644, -0.0338408499956131, -0.9948111772537231, 1.55145263671875], [-0.3557351231575012, -0.9345834851264954, -0.0025170489680022, -0.063720703125], [0.0, 0.0, 0.0, 1.0]]], "view": [[0.0, -2.0, 100.0], [-2.0, 0.0, 100.0], [0.0, 0.0, 1.0]], "bev": "bev_9f545f2c3235455294cb98e22a39e831.png", "aux": "aux_9f545f2c3235455294cb98e22a39e831.npz", "visibility": "visibility_9f545f2c3235455294cb98e22a39e831.png", "pose": [[-0.5534200668334961, 0.8329023122787476, 0.0, 623.8818359375], [-0.8329023122787476, -0.5534200668334961, 0.0, 2039.560791015625], [0.0, 0.0, 1.0, 0.0], [0.0, 0.0, 0.0, 1.0]], "pose_inverse": [[-0.5534200668334961, -0.8329023122787476, 0.0, 2044.0235595703125], [0.8329023122787476, -0.5534200668334961, 0.0, 609.1011962890625], [0.0, 0.0, 1.0, 0.0], [0.0, 0.0, 0.0, 1.0]], "cam_ids": [0, 1, 2, 3, 4, 5], "cam_channels": ["CAM_FRONT_LEFT", "CAM_FRONT", "CAM_FRONT_RIGHT", "CAM_BACK_LEFT", "CAM_BACK", "CAM_BACK_RIGHT"], "token": "9f545f2c3235455294cb98e22a39e831", "scene": "scene-1073"}, {"images": ["samples/CAM_FRONT_LEFT/n015-2018-11-21-19-21-35+0800__CAM_FRONT_LEFT__1542799746004844.jpg", "samples/CAM_FRONT/n015-2018-11-21-19-21-35+0800__CAM_FRONT__1542799746012460.jpg", "samples/CAM_FRONT_RIGHT/n015-2018-11-21-19-21-35+0800__CAM_FRONT_RIGHT__1542799746020339.jpg", "samples/CAM_BACK_LEFT/n015-2018-11-21-19-21-35+0800__CAM_BACK_LEFT__1542799746047423.jpg", "samples/CAM_BACK/n015-2018-11-21-19-21-35+0800__CAM_BACK__1542799746037525.jpg", "samples/CAM_BACK_RIGHT/n015-2018-11-21-19-21-35+0800__CAM_BACK_RIGHT__1542799746027893.jpg"], "intrinsics": [[[1272.5979470598488, 0.0, 826.6154927353808], [0.0, 1272.5979470598488, 479.75165386361925], [0.0, 0.0, 1.0]], [[1266.417203046554, 0.0, 816.2670197447984], [0.0, 1266.417203046554, 491.50706579294757], [0.0, 0.0, 1.0]], [[1260.8474446004698, 0.0, 807.968244525554], [0.0, 1260.8474446004698, 495.3344268742088], [0.0, 0.0, 1.0]], [[1256.7414812095406, 0.0, 792.1125740759628], [0.0, 1256.7414812095406, 492.7757465151356], [0.0, 0.0, 1.0]], [[809.2209905677063, 0.0, 829.2196003259838], [0.0, 809.2209905677063, 481.77842384512485], [0.0, 0.0, 1.0]], [[1259.5137405846733, 0.0, 807.2529053838625], [0.0, 1259.5137405846733, 501.19579884916527], [0.0, 0.0, 1.0]]], "extrinsics": [[[0.8162605166435242, -0.5707092881202698, 0.08949621766805649, -0.96484375], [0.07985793054103851, -0.041959069669246674, -0.9959227442741394, 1.5082550048828125], [0.5721375346183777, 0.820079505443573, 0.011326128616929054, -1.2803955078125], [0.0, 0.0, 0.0, 1.0]], [[0.002067298861220479, -0.9989256262779236, 0.046293821185827255, 0.0050048828125], [0.07456517219543457, -0.046011071652173996, -0.9961541295051575, 1.5205307006835938], [0.9972139596939087, 0.005511214025318623, 0.07438994944095612, -1.692138671875], [0.0, 0.0, 0.0, 1.0]], [[-0.8314710855484009, -0.5532265305519104, -0.050954420119524, 1.0323486328125], [0.08022575080394745, -0.028806334361433983, -0.9963603019714355, 1.5036468505859375], [0.5497451424598694, -0.8325326442718506, 0.06833464652299881, -1.24871826171875], [0.0, 0.0, 0.0, 1.0]], [[0.9455273151397705, 0.3188944160938263, 0.06545490026473999, -1.14208984375], [0.08877420425415039, -0.05913226306438446, -0.9942950010299683, 1.58856201171875], [-0.31320467591285706, 0.9459438323974609, -0.0842207670211792, -0.10369491577148438], [0.0, 0.0, 0.0, 1.0]], [[0.006267322227358818, 0.9987877011299133, -0.048826586455106735, 0.0028076171875], [0.0634654238820076, -0.049126408994197845, -0.9967741966247559, 1.5793533325195312], [-0.9979643225669861, 0.0031483510974794626, -0.06369636952877045, 0.001708984375], [0.0, 0.0, 0.0, 1.0]], [[-0.9296385049819946, 0.35413625836372375, -0.1017828956246376, 1.1361083984375], [0.09603916853666306, -0.03380688279867172, -0.9948033094406128, 1.55145263671875], [-0.3557368516921997, -0.9345826506614685, -0.002582776127383113, -0.0635986328125], [0.0, 0.0, 0.0, 1.0]]], "view": [[0.0, -2.0, 100.0], [-2.0, 0.0, 100.0], [0.0, 0.0, 1.0]], "bev": "bev_643644c758904260b1f840cc82e669bb.png", "aux": "aux_643644c758904260b1f840cc82e669bb.npz", "visibility": "visibility_643644c758904260b1f840cc82e669bb.png", "pose": [[-0.5534955859184265, 0.8328521251678467, 0.0, 623.8818359375], [-0.8328521251678467, -0.5534955859184265, 0.0, 2039.560791015625], [0.0, 0.0, 1.0, 0.0], [0.0, 0.0, 0.0, 1.0]], "pose_inverse": [[-0.5534955859184265, -0.8328521251678467, 0.0, 2043.9683837890625], [0.8328521251678467, -0.5534955859184265, 0.0, 609.2865600585938], [0.0, 0.0, 1.0, 0.0], [0.0, 0.0, 0.0, 1.0]], "cam_ids": [0, 1, 2, 3, 4, 5], "cam_channels": ["CAM_FRONT_LEFT", "CAM_FRONT", "CAM_FRONT_RIGHT", "CAM_BACK_LEFT", "CAM_BACK", "CAM_BACK_RIGHT"], "token": "643644c758904260b1f840cc82e669bb", "scene": "scene-1073"}, {"images": ["samples/CAM_FRONT_LEFT/n015-2018-11-21-19-21-35+0800__CAM_FRONT_LEFT__1542799746504844.jpg", "samples/CAM_FRONT/n015-2018-11-21-19-21-35+0800__CAM_FRONT__1542799746512460.jpg", "samples/CAM_FRONT_RIGHT/n015-2018-11-21-19-21-35+0800__CAM_FRONT_RIGHT__1542799746520339.jpg", "samples/CAM_BACK_LEFT/n015-2018-11-21-19-21-35+0800__CAM_BACK_LEFT__1542799746547423.jpg", "samples/CAM_BACK/n015-2018-11-21-19-21-35+0800__CAM_BACK__1542799746537525.jpg", "samples/CAM_BACK_RIGHT/n015-2018-11-21-19-21-35+0800__CAM_BACK_RIGHT__1542799746527893.jpg"], "intrinsics": [[[1272.5979470598488, 0.0, 826.6154927353808], [0.0, 1272.5979470598488, 479.75165386361925], [0.0, 0.0, 1.0]], [[1266.417203046554, 0.0, 816.2670197447984], [0.0, 1266.417203046554, 491.50706579294757], [0.0, 0.0, 1.0]], [[1260.8474446004698, 0.0, 807.968244525554], [0.0, 1260.8474446004698, 495.3344268742088], [0.0, 0.0, 1.0]], [[1256.7414812095406, 0.0, 792.1125740759628], [0.0, 1256.7414812095406, 492.7757465151356], [0.0, 0.0, 1.0]], [[809.2209905677063, 0.0, 829.2196003259838], [0.0, 809.2209905677063, 481.77842384512485], [0.0, 0.0, 1.0]], [[1259.5137405846733, 0.0, 807.2529053838625], [0.0, 1259.5137405846733, 501.19579884916527], [0.0, 0.0, 1.0]]], "extrinsics": [[[0.8162660598754883, -0.570706844329834, 0.08946191519498825, -0.96484375], [0.07982449978590012, -0.04194696247577667, -0.9959259629249573, 1.50823974609375], [0.5721343755722046, 0.8200818300247192, 0.011316506192088127, -1.2802734375], [0.0, 0.0, 0.0, 1.0]], [[0.0020740218460559845, -0.9989264607429504, 0.046278148889541626, 0.00506591796875], [0.0745193362236023, -0.04599519819021225, -0.9961583018302917, 1.5205307006835938], [0.9972173571586609, 0.005514718126505613, 0.07434392720460892, -1.6922607421875], [0.0, 0.0, 0.0, 1.0]], [[-0.8314721584320068, -0.5532283782958984, -0.050916045904159546, 1.0322265625], [0.08016694337129593, -0.02878662757575512, -0.9963656663894653, 1.5036468505859375], [0.5497520565986633, -0.8325321078300476, 0.06828590482473373, -1.24871826171875], [0.0, 0.0, 0.0, 1.0]], [[0.9455312490463257, 0.3188949525356293, 0.06539759039878845, -1.14208984375], [0.08870171755552292, -0.05909525230526924, -0.9943036437034607, 1.58856201171875], [-0.31321367621421814, 0.9459459781646729, -0.08416292071342468, -0.103759765625], [0.0, 0.0, 0.0, 1.0]], [[0.006260840687900782, 0.9987894296646118, -0.048791032284498215, 0.00274658203125], [0.06340031325817108, -0.049090299755334854, -0.9967800974845886, 1.5793685913085938], [-0.9979685544967651, 0.0031473166309297085, -0.06363090872764587, 0.001953125], [0.0, 0.0, 0.0, 1.0]], [[-0.9296455979347229, 0.35413622856140137, -0.10171864926815033, 1.13623046875], [0.09597906470298767, -0.033784180879592896, -0.9948098659515381, 1.5514678955078125], [-0.3557347059249878, -0.9345834851264954, -0.0025823430623859167, -0.0633544921875], [0.0, 0.0, 0.0, 1.0]]], "view": [[0.0, -2.0, 100.0], [-2.0, 0.0, 100.0], [0.0, 0.0, 1.0]], "bev": "bev_de18907d85164692bafbb4916484b9b9.png", "aux": "aux_de18907d85164692bafbb4916484b9b9.npz", "visibility": "visibility_de18907d85164692bafbb4916484b9b9.png", "pose": [[-0.5535189509391785, 0.8328366279602051, 0.0, 623.8817749023438], [-0.8328366279602051, -0.5535189509391785, 0.0, 2039.560791015625], [0.0, 0.0, 1.0, 0.0], [0.0, 0.0, 0.0, 1.0]], "pose_inverse": [[-0.5535189509391785, -0.8328366279602051, 0.0, 2043.9512939453125], [0.8328366279602051, -0.5535189509391785, 0.0, 609.3439331054688], [0.0, 0.0, 1.0, 0.0], [0.0, 0.0, 0.0, 1.0]], "cam_ids": [0, 1, 2, 3, 4, 5], "cam_channels": ["CAM_FRONT_LEFT", "CAM_FRONT", "CAM_FRONT_RIGHT", "CAM_BACK_LEFT", "CAM_BACK", "CAM_BACK_RIGHT"], "token": "de18907d85164692bafbb4916484b9b9", "scene": "scene-1073"}, {"images": ["samples/CAM_FRONT_LEFT/n015-2018-11-21-19-21-35+0800__CAM_FRONT_LEFT__1542799747004844.jpg", "samples/CAM_FRONT/n015-2018-11-21-19-21-35+0800__CAM_FRONT__1542799747012460.jpg", "samples/CAM_FRONT_RIGHT/n015-2018-11-21-19-21-35+0800__CAM_FRONT_RIGHT__1542799747020339.jpg", "samples/CAM_BACK_LEFT/n015-2018-11-21-19-21-35+0800__CAM_BACK_LEFT__1542799747047423.jpg", "samples/CAM_BACK/n015-2018-11-21-19-21-35+0800__CAM_BACK__1542799747037525.jpg", "samples/CAM_BACK_RIGHT/n015-2018-11-21-19-21-35+0800__CAM_BACK_RIGHT__1542799747027893.jpg"], "intrinsics": [[[1272.5979470598488, 0.0, 826.6154927353808], [0.0, 1272.5979470598488, 479.75165386361925], [0.0, 0.0, 1.0]], [[1266.417203046554, 0.0, 816.2670197447984], [0.0, 1266.417203046554, 491.50706579294757], [0.0, 0.0, 1.0]], [[1260.8474446004698, 0.0, 807.968244525554], [0.0, 1260.8474446004698, 495.3344268742088], [0.0, 0.0, 1.0]], [[1256.7414812095406, 0.0, 792.1125740759628], [0.0, 1256.7414812095406, 492.7757465151356], [0.0, 0.0, 1.0]], [[809.2209905677063, 0.0, 829.2196003259838], [0.0, 809.2209905677063, 481.77842384512485], [0.0, 0.0, 1.0]], [[1259.5137405846733, 0.0, 807.2529053838625], [0.0, 1259.5137405846733, 501.19579884916527], [0.0, 0.0, 1.0]]], "extrinsics": [[[0.8162872195243835, -0.5707030296325684, 0.08929257094860077, -0.96484375], [0.07971260696649551, -0.04181108623743057, -0.995940625667572, 1.5082550048828125], [0.5721196532249451, 0.8200914263725281, 0.011362362653017044, -1.2802734375], [0.0, 0.0, 0.0, 1.0]], [[0.0020949721802026033, -0.9989322423934937, 0.046149931848049164, 0.005126953125], [0.07442374527454376, -0.04586629569530487, -0.9961714148521423, 1.520538330078125], [0.9972244501113892, 0.005521641578525305, 0.07424818724393845, -1.6922607421875], [0.0, 0.0, 0.0, 1.0]], [[-0.8314685225486755, -0.5532336235046387, -0.05091683566570282, 1.0321044921875], [0.08008792996406555, -0.028664754703640938, -0.996375560760498, 1.503662109375], [0.5497689843177795, -0.8325327634811401, 0.06814117729663849, -1.2486572265625], [0.0, 0.0, 0.0, 1.0]], [[0.9455352425575256, 0.3188937306404114, 0.0653441995382309, -1.14208984375], [0.08861388266086578, -0.05899985134601593, -0.9943171143531799, 1.5885467529296875], [-0.3132261633872986, 0.945952296257019, -0.08404485136270523, -0.1038055419921875], [0.0, 0.0, 0.0, 1.0]], [[0.006249420810490847, 0.9987942576408386, -0.04869334027171135, 0.0028076171875], [0.06332725286483765, -0.0489918515086174, -0.9967896342277527, 1.5793609619140625], [-0.9979732036590576, 0.003145787166431546, -0.06355706602334976, 0.0018310546875], [0.0, 0.0, 0.0, 1.0]], [[-0.9296578168869019, 0.3541375696659088, -0.10160201042890549, 1.1363525390625], [0.09589958935976028, -0.03366506099700928, -0.9948215484619141, 1.5514678955078125], [-0.3557240962982178, -0.9345872402191162, -0.002664657076820731, -0.0635986328125], [0.0, 0.0, 0.0, 1.0]]], "view": [[0.0, -2.0, 100.0], [-2.0, 0.0, 100.0], [0.0, 0.0, 1.0]], "bev": "bev_b0415129874746caa11b0985a4a65dc6.png", "aux": "aux_b0415129874746caa11b0985a4a65dc6.npz", "visibility": "visibility_b0415129874746caa11b0985a4a65dc6.png", "pose": [[-0.5534997582435608, 0.8328493237495422, 0.0, 623.8817749023438], [-0.8328493237495422, -0.5534997582435608, 0.0, 2039.560791015625], [0.0, 0.0, 1.0, 0.0], [0.0, 0.0, 0.0, 1.0]], "pose_inverse": [[-0.5534997582435608, -0.8328493237495422, 0.0, 2043.9652099609375], [0.8328493237495422, -0.5534997582435608, 0.0, 609.2969360351562], [0.0, 0.0, 1.0, 0.0], [0.0, 0.0, 0.0, 1.0]], "cam_ids": [0, 1, 2, 3, 4, 5], "cam_channels": ["CAM_FRONT_LEFT", "CAM_FRONT", "CAM_FRONT_RIGHT", "CAM_BACK_LEFT", "CAM_BACK", "CAM_BACK_RIGHT"], "token": "b0415129874746caa11b0985a4a65dc6", "scene": "scene-1073"}, {"images": ["samples/CAM_FRONT_LEFT/n015-2018-11-21-19-21-35+0800__CAM_FRONT_LEFT__1542799747504844.jpg", "samples/CAM_FRONT/n015-2018-11-21-19-21-35+0800__CAM_FRONT__1542799747512460.jpg", "samples/CAM_FRONT_RIGHT/n015-2018-11-21-19-21-35+0800__CAM_FRONT_RIGHT__1542799747520339.jpg", "samples/CAM_BACK_LEFT/n015-2018-11-21-19-21-35+0800__CAM_BACK_LEFT__1542799747547423.jpg", "samples/CAM_BACK/n015-2018-11-21-19-21-35+0800__CAM_BACK__1542799747537525.jpg", "samples/CAM_BACK_RIGHT/n015-2018-11-21-19-21-35+0800__CAM_BACK_RIGHT__1542799747527893.jpg"], "intrinsics": [[[1272.5979470598488, 0.0, 826.6154927353808], [0.0, 1272.5979470598488, 479.75165386361925], [0.0, 0.0, 1.0]], [[1266.417203046554, 0.0, 816.2670197447984], [0.0, 1266.417203046554, 491.50706579294757], [0.0, 0.0, 1.0]], [[1260.8474446004698, 0.0, 807.968244525554], [0.0, 1260.8474446004698, 495.3344268742088], [0.0, 0.0, 1.0]], [[1256.7414812095406, 0.0, 792.1125740759628], [0.0, 1256.7414812095406, 492.7757465151356], [0.0, 0.0, 1.0]], [[809.2209905677063, 0.0, 829.2196003259838], [0.0, 809.2209905677063, 481.77842384512485], [0.0, 0.0, 1.0]], [[1259.5137405846733, 0.0, 807.2529053838625], [0.0, 1259.5137405846733, 501.19579884916527], [0.0, 0.0, 1.0]]], "extrinsics": [[[0.8163043260574341, -0.5706818103790283, 0.0892716497182846, -0.965087890625], [0.07968906313180923, -0.041807711124420166, -0.9959426522254944, 1.5082550048828125], [0.5720986723899841, 0.8201062083244324, 0.01134929247200489, -1.2801513671875], [0.0, 0.0, 0.0, 1.0]], [[0.0021183399949222803, -0.9989325404167175, 0.04614239186048508, 0.0052490234375], [0.07440247386693954, -0.045857153832912445, -0.9961734414100647, 1.5205154418945312], [0.9972260594367981, 0.005543448496609926, 0.07422591000795364, -1.692138671875], [0.0, 0.0, 0.0, 1.0]], [[-0.8314593434333801, -0.5532482266426086, -0.0509079210460186, 1.0323486328125], [0.08006855845451355, -0.02864941582083702, -0.9963775277137756, 1.5036468505859375], [0.5497856140136719, -0.8325235843658447, 0.0681186094880104, -1.24859619140625], [0.0, 0.0, 0.0, 1.0]], [[0.9455363750457764, 0.31889432668685913, 0.06532372534275055, -1.141845703125], [0.08858717232942581, -0.05898408219218254, -0.9943204522132874, 1.5885467529296875], [-0.31323012709617615, 0.9459530115127563, -0.08402155339717865, -0.1037139892578125], [0.0, 0.0, 0.0, 1.0]], [[0.006239093840122223, 0.9987953901290894, -0.0486711710691452, 0.0028076171875], [0.06328871846199036, -0.04896893724799156, -0.9967931509017944, 1.5793533325195312], [-0.9979757070541382, 0.0031387796625494957, -0.06351801007986069, 0.001708984375], [0.0, 0.0, 0.0, 1.0]], [[-0.9296649098396301, 0.35412612557411194, -0.10157660394906998, 1.13623046875