[{"images": ["samples/CAM_FRONT_LEFT/n015-2018-07-27-11-36-48+0800__CAM_FRONT_LEFT__1532662882904844.jpg", "samples/CAM_FRONT/n015-2018-07-27-11-36-48+0800__CAM_FRONT__1532662882912460.jpg", "samples/CAM_FRONT_RIGHT/n015-2018-07-27-11-36-48+0800__CAM_FRONT_RIGHT__1532662882920339.jpg", "samples/CAM_BACK_LEFT/n015-2018-07-27-11-36-48+0800__CAM_BACK_LEFT__1532662882947423.jpg", "samples/CAM_BACK/n015-2018-07-27-11-36-48+0800__CAM_BACK__1532662882937525.jpg", "samples/CAM_BACK_RIGHT/n015-2018-07-27-11-36-48+0800__CAM_BACK_RIGHT__1532662882927893.jpg"], "intrinsics": [[[1272.5979470598488, 0.0, 826.6154927353808], [0.0, 1272.5979470598488, 479.75165386361925], [0.0, 0.0, 1.0]], [[1266.417203046554, 0.0, 816.2670197447984], [0.0, 1266.417203046554, 491.50706579294757], [0.0, 0.0, 1.0]], [[1260.8474446004698, 0.0, 807.968244525554], [0.0, 1260.8474446004698, 495.3344268742088], [0.0, 0.0, 1.0]], [[1256.7414812095406, 0.0, 792.1125740759628], [0.0, 1256.7414812095406, 492.7757465151356], [0.0, 0.0, 1.0]], [[809.2209905677063, 0.0, 829.2196003259838], [0.0, 809.2209905677063, 481.77842384512485], [0.0, 0.0, 1.0]], [[1259.5137405846733, 0.0, 807.2529053838625], [0.0, 1259.5137405846733, 501.19579884916527], [0.0, 0.0, 1.0]]], "extrinsics": [[[0.8204950094223022, -0.5687494874000549, 0.05755011737346649, -0.71893310546875], [0.06170198693871498, -0.011973919346928596, -0.9980227947235107, 1.52679443359375], [0.5683140158653259, 0.8224236965179443, 0.025268429890275, -1.10791015625], [0.0, 0.0, 0.0, 1.0]], [[0.007452924735844135, -0.999836266040802, 0.016488991677761078, 0.005615234375], [0.05659779906272888, -0.016041245311498642, -0.998268187046051, 1.5346183776855469], [0.9983692169189453, 0.008373245596885681, 0.05646897107362747, -1.4435577392578125], [0.0, 0.0, 0.0, 1.0]], [[-0.8298656344413757, -0.5554865002632141, -0.05251444876194, 0.869384765625], [0.06235819682478905, 0.0011940557742491364, -0.9980530738830566, 1.5158491134643555], [0.5544677376747131, -0.831524670124054, 0.033648230135440826, -1.140625], [0.0, 0.0, 0.0, 1.0]], [[0.9454681277275085, 0.32042109966278076, 0.05848567932844162, -1.13250732421875], [0.07152845710515976, -0.029076678678393364, -0.9970146417617798, 1.5892791748046875], [-0.31776392459869385, 0.9468288421630859, -0.05041029304265976, -0.10693359375], [0.0, 0.0, 0.0, 1.0]], [[0.0017064795829355717, 0.9998176097869873, -0.01902596652507782, 0.003173828125], [0.046011120080947876, -0.019084349274635315, -0.9987586140632629, 1.5829486846923828], [-0.9989395141601562, 0.0008289484540000558, -0.046035297214984894, -0.0762939453125], [0.0, 0.0, 0.0, 1.0]], [[-0.9327456951141357, 0.35272473096847534, -0.07463739812374115, 1.00164794921875], [0.07836516201496124, -0.0037212593015283346, -0.9969177842140198, 1.5627641677856445], [-0.35191529989242554, -0.9357197284698486, -0.024170344695448875, -0.11474609375], [0.0, 0.0, 0.0, 1.0]]], "view": [[0.0, -2.0, 100.0], [-2.0, 0.0, 100.0], [0.0, 0.0, 1.0]], "bev": "bev_63ab650b55194cb6aa796756f001e8bd.png", "aux": "aux_63ab650b55194cb6aa796756f001e8bd.npz", "visibility": "visibility_63ab650b55194cb6aa796756f001e8bd.png", "pose": [[0.9309772253036499, 0.36507734656333923, 0.0, 790.0888061523438], [-0.36507734656333923, 0.9309772253036499, 0.0, 1548.327392578125], [0.0, 0.0, 1.0, 0.0], [0.0, 0.0, 0.0, 1.0]], "pose_inverse": [[0.9309772253036499, -0.36507734656333923, 0.0, -170.29542541503906], [0.36507734656333923, 0.9309772253036499, 0.0, -1729.9010009765625], [0.0, 0.0, 1.0, 0.0], [0.0, 0.0, 0.0, 1.0]], "cam_ids": [0, 1, 2, 3, 4, 5], "cam_channels": ["CAM_FRONT_LEFT", "CAM_FRONT", "CAM_FRONT_RIGHT", "CAM_BACK_LEFT", "CAM_BACK", "CAM_BACK_RIGHT"], "token": "63ab650b55194cb6aa796756f001e8bd", "scene": "scene-0183"}, {"images": ["samples/CAM_FRONT_LEFT/n015-2018-07-27-11-36-48+0800__CAM_FRONT_LEFT__1532662883404844.jpg", "samples/CAM_FRONT/n015-2018-07-27-11-36-48+0800__CAM_FRONT__1532662883412460.jpg", "samples/CAM_FRONT_RIGHT/n015-2018-07-27-11-36-48+0800__CAM_FRONT_RIGHT__1532662883420339.jpg", "samples/CAM_BACK_LEFT/n015-2018-07-27-11-36-48+0800__CAM_BACK_LEFT__1532662883447423.jpg", "samples/CAM_BACK/n015-2018-07-27-11-36-48+0800__CAM_BACK__1532662883437525.jpg", "samples/CAM_BACK_RIGHT/n015-2018-07-27-11-36-48+0800__CAM_BACK_RIGHT__1532662883427901.jpg"], "intrinsics": [[[1272.5979470598488, 0.0, 826.6154927353808], [0.0, 1272.5979470598488, 479.75165386361925], [0.0, 0.0, 1.0]], [[1266.417203046554, 0.0, 816.2670197447984], [0.0, 1266.417203046554, 491.50706579294757], [0.0, 0.0, 1.0]], [[1260.8474446004698, 0.0, 807.968244525554], [0.0, 1260.8474446004698, 495.3344268742088], [0.0, 0.0, 1.0]], [[1256.7414812095406, 0.0, 792.1125740759628], [0.0, 1256.7414812095406, 492.7757465151356], [0.0, 0.0, 1.0]], [[809.2209905677063, 0.0, 829.2196003259838], [0.0, 809.2209905677063, 481.77842384512485], [0.0, 0.0, 1.0]], [[1259.5137405846733, 0.0, 807.2529053838625], [0.0, 1259.5137405846733, 501.19579884916527], [0.0, 0.0, 1.0]]], "extrinsics": [[[0.8203148245811462, -0.5688518285751343, 0.05908600986003876, -0.7159423828125], [0.0646824985742569, -0.010370149277150631, -0.9978519678115845, 1.5279197692871094], [0.5682426691055298, 0.8223746418952942, 0.02828797698020935, -1.106201171875], [0.0, 0.0, 0.0, 1.0]], [[0.007390110287815332, -0.9998632073402405, 0.01479217316955328, 0.005859375], [0.05946717411279678, -0.014326964505016804, -0.9981274604797363, 1.5354738235473633], [0.9982028603553772, 0.008255942724645138, 0.05935316160321236, -1.44122314453125], [0.0, 0.0, 0.0, 1.0]], [[-0.8297291398048401, -0.5553678274154663, -0.0558219850063324, 0.8687744140625], [0.0651116669178009, 0.00302182137966156, -0.9978733658790588, 1.516463279724121], [0.5543555021286011, -0.8315992951393127, 0.033653635531663895, -1.1402587890625], [0.0, 0.0, 0.0, 1.0]], [[0.9453036785125732, 0.3203876316547394, 0.06125795468688011, -1.13336181640625], [0.07372764497995377, -0.026923801749944687, -0.9969148635864258, 1.5892486572265625], [-0.31774991750717163, 0.9469038844108582, -0.04907259717583656, -0.106689453125], [0.0, 0.0, 0.0, 1.0]], [[0.0017191175138577819, 0.9998530745506287, -0.017056725919246674, 0.003173828125], [0.04842429608106613, -0.01711997389793396, -0.9986801743507385, 1.5831241607666016], [-0.9988253116607666, 0.0008909069001674652, -0.04844660684466362, -0.0759124755859375], [0.0, 0.0, 0.0, 1.0]], [[-0.9325379133224487, 0.3528960645198822, -0.07640261203050613, 1.0018310546875], [0.0809626653790474, -0.0018444763263687491, -0.9967154264450073, 1.5631370544433594], [-0.3518778681755066, -0.9356607794761658, -0.026851359754800797, -0.1148681640625], [0.0, 0.0, 0.0, 1.0]]], "view": [[0.0, -2.0, 100.0], [-2.0, 0.0, 100.0], [0.0, 0.0, 1.0]], "bev": "bev_9e6ba415a4b244d1b705e58e5c165212.png", "aux": "aux_9e6ba415a4b244d1b705e58e5c165212.npz", "visibility": "visibility_9e6ba415a4b244d1b705e58e5c165212.png", "pose": [[0.9258313179016113, 0.3779370188713074, 0.0, 793.2693481445312], [-0.3779370188713074, 0.9258313179016113, 0.0, 1547.064453125], [0.0, 0.0, 1.0, 0.0], [0.0, 0.0, 0.0, 1.0]], "pose_inverse": [[0.9258313179016113, -0.3779370188713074, 0.0, -149.74066162109375], [0.3779370188713074, 0.9258313179016113, 0.0, -1732.1265869140625], [0.0, 0.0, 1.0, 0.0], [0.0, 0.0, 0.0, 1.0]], "cam_ids": [0, 1, 2, 3, 4, 5], "cam_channels": ["CAM_FRONT_LEFT", "CAM_FRONT", "CAM_FRONT_RIGHT", "CAM_BACK_LEFT", "CAM_BACK", "CAM_BACK_RIGHT"], "token": "9e6ba415a4b244d1b705e58e5c165212", "scene": "scene-0183"}, {"images": ["samples/CAM_FRONT_LEFT/n015-2018-07-27-11-36-48+0800__CAM_FRONT_LEFT__1532662883904844.jpg", "samples/CAM_FRONT/n015-2018-07-27-11-36-48+0800__CAM_FRONT__1532662883912460.jpg", "samples/CAM_FRONT_RIGHT/n015-2018-07-27-11-36-48+0800__CAM_FRONT_RIGHT__1532662883920339.jpg", "samples/CAM_BACK_LEFT/n015-2018-07-27-11-36-48+0800__CAM_BACK_LEFT__1532662883947423.jpg", "samples/CAM_BACK/n015-2018-07-27-11-36-48+0800__CAM_BACK__1532662883937525.jpg", "samples/CAM_BACK_RIGHT/n015-2018-07-27-11-36-48+0800__CAM_BACK_RIGHT__1532662883927893.jpg"], "intrinsics": [[[1272.5979470598488, 0.0, 826.6154927353808], [0.0, 1272.5979470598488, 479.75165386361925], [0.0, 0.0, 1.0]], [[1266.417203046554, 0.0, 816.2670197447984], [0.0, 1266.417203046554, 491.50706579294757], [0.0, 0.0, 1.0]], [[1260.8474446004698, 0.0, 807.968244525554], [0.0, 1260.8474446004698, 495.3344268742088], [0.0, 0.0, 1.0]], [[1256.7414812095406, 0.0, 792.1125740759628], [0.0, 1256.7414812095406, 492.7757465151356], [0.0, 0.0, 1.0]], [[809.2209905677063, 0.0, 829.2196003259838], [0.0, 809.2209905677063, 481.77842384512485], [0.0, 0.0, 1.0]], [[1259.5137405846733, 0.0, 807.2529053838625], [0.0, 1259.5137405846733, 501.19579884916527], [0.0, 0.0, 1.0]]], "extrinsics": [[[0.8196720480918884, -0.570376992225647, 0.05298933759331703, -0.7320556640625], [0.06138128414750099, -0.004516941960901022, -0.9981041550636292, 1.525626540184021], [0.5695350170135498, 0.8213706016540527, 0.03130805864930153, -1.1204833984375], [0.0, 0.0, 0.0, 1.0]], [[0.006193044129759073, -0.9999427199363708, 0.008726770058274269, 0.007568359375], [0.05651319772005081, -0.008363006636500359, -0.9983668327331543, 1.5337204933166504], [0.9983826279640198, 0.006676101125776768, 0.056458164006471634, -1.4595794677734375], [0.0, 0.0, 0.0, 1.0]], [[-0.8304360508918762, -0.5541816353797913, -0.05708468705415726, 0.8819580078125], [0.06254199147224426, 0.009082685224711895, -0.998000979423523, 1.5149860382080078], [0.553592324256897, -0.8323462009429932, 0.027117032557725906, -1.147705078125], [0.0, 0.0, 0.0, 1.0]], [[0.94536954164505, 0.320015013217926, 0.062183450907468796, -1.1378173828125], [0.07265989482402802, -0.02088955044746399, -0.9971380233764648, 1.5889015197753906], [-0.3178001344203949, 0.9471821188926697, -0.04300060495734215, -0.1053466796875], [0.0, 0.0, 0.0, 1.0]], [[0.0020964283030480146, 0.9999392628669739, -0.01081771682947874, 0.0028076171875], [0.04672351852059364, -0.01090387161821127, -0.9988483786582947, 1.582594871520996], [-0.9989056587219238, 0.0015885900938883424, -0.046743545681238174, -0.0672607421875], [0.0, 0.0, 0.0, 1.0]], [[-0.9324177503585815, 0.35410428047180176, -0.07216159999370575, 1.01312255859375], [0.07877490669488907, 0.004276759456843138, -0.99688321352005, 1.5618438720703125], [-0.3526920974254608, -0.9351961612701416, -0.031882259994745255, -0.1099853515625], [0.0, 0.0, 0.0, 1.0]]], "view": [[0.0, -2.0, 100.0], [-2.0, 0.0, 100.0], [0.0, 0.0, 1.0]], "bev": "bev_c9ca695273ce4998a056231f7a6a6122.png", "aux": "aux_c9ca695273ce4998a056231f7a6a6122.npz", "visibility": "visibility_c9ca695273ce4998a056231f7a6a6122.png", "pose": [[0.9237362146377563, 0.3830292522907257, 0.0, 796.30908203125], [-0.3830292522907257, 0.9237362146377563, 0.0, 1545.7965087890625], [0.0, 0.0, 1.0, 0.0], [0.0, 0.0, 0.0, 1.0]], "pose_inverse": [[0.9237362146377563, -0.3830292522907257, 0.0, -143.49423217773438], [0.3830292522907257, 0.9237362146377563, 0.0, -1732.9178466796875], [0.0, 0.0, 1.0, 0.0], [0.0, 0.0, 0.0, 1.0]], "cam_ids": [0, 1, 2, 3, 4, 5], "cam_channels": ["CAM_FRONT_LEFT", "CAM_FRONT", "CAM_FRONT_RIGHT", "CAM_BACK_LEFT", "CAM_BACK", "CAM_BACK_RIGHT"], "token": "c9ca695273ce4998a056231f7a6a6122", "scene": "scene-0183"}, {"images": ["samples/CAM_FRONT_LEFT/n015-2018-07-27-11-36-48+0800__CAM_FRONT_LEFT__1532662884404844.jpg", "samples/CAM_FRONT/n015-2018-07-27-11-36-48+0800__CAM_FRONT__1532662884412460.jpg", "samples/CAM_FRONT_RIGHT/n015-2018-07-27-11-36-48+0800__CAM_FRONT_RIGHT__1532662884420339.jpg", "samples/CAM_BACK_LEFT/n015-2018-07-27-11-36-48+0800__CAM_BACK_LEFT__1532662884447423.jpg", "samples/CAM_BACK/n015-2018-07-27-11-36-48+0800__CAM_BACK__1532662884437525.jpg", "samples/CAM_BACK_RIGHT/n015-2018-07-27-11-36-48+0800__CAM_BACK_RIGHT__1532662884427893.jpg"], "intrinsics": [[[1272.5979470598488, 0.0, 826.6154927353808], [0.0, 1272.5979470598488, 479.75165386361925], [0.0, 0.0, 1.0]], [[1266.417203046554, 0.0, 816.2670197447984], [0.0, 1266.417203046554, 491.50706579294757], [0.0, 0.0, 1.0]], [[1260.8474446004698, 0.0, 807.968244525554], [0.0, 1260.8474446004698, 495.3344268742088], [0.0, 0.0, 1.0]], [[1256.7414812095406, 0.0, 792.1125740759628], [0.0, 1256.7414812095406, 492.7757465151356], [0.0, 0.0, 1.0]], [[809.2209905677063, 0.0, 829.2196003259838], [0.0, 809.2209905677063, 481.77842384512485], [0.0, 0.0, 1.0]], [[1259.5137405846733, 0.0, 807.2529053838625], [0.0, 1259.5137405846733, 501.19579884916527], [0.0, 0.0, 1.0]]], "extrinsics": [[[0.8199887275695801, -0.5701689124107361, 0.050257958471775055, -0.72900390625], [0.05777396634221077, -0.004909783136099577, -0.9983176589012146, 1.5248137712478638], [0.5694564580917358, 0.8215126991271973, 0.028914954513311386, -1.1182861328125], [0.0, 0.0, 0.0, 1.0]], [[0.006540222559124231, -0.9999354481697083, 0.009284663014113903, 0.0076904296875], [0.05254682898521423, -0.008928374387323856, -0.9985786080360413, 1.532979965209961], [0.9985970854759216, 0.007018817123025656, 0.052485041320323944, -1.455902099609375], [0.0, 0.0, 0.0, 1.0]], [[-0.8304600715637207, -0.5545465350151062, -0.053049713373184204, 0.879150390625], [0.05819885432720184, 0.008342181332409382, -0.9982700943946838, 1.5144004821777344], [0.5540297627449036, -0.8321108818054199, 0.025346124544739723, -1.145263671875], [0.0, 0.0, 0.0, 1.0]], [[0.9457371830940247, 0.3199373185634613, 0.05675649642944336, -1.13861083984375], [0.06725712865591049, -0.02185795269906521, -0.9974961876869202, 1.5888175964355469], [-0.3178957402706146, 0.9471865892410278, -0.04218994453549385, -0.104736328125], [0.0, 0.0, 0.0, 1.0]], [[0.0018863207660615444, 0.99992835521698, -0.011821668595075607, 0.0025634765625], [0.04173609986901283, -0.011890112422406673, -0.9990578889846802, 1.5823040008544922], [-0.9991268515586853, 0.001391139579936862, -0.04175553843379021, -0.068572998046875], [0.0, 0.0, 0.0, 1.0]], [[-0.9329010248184204, 0.35362476110458374, -0.06815455853939056, 1.009613037109375], [0.074149489402771, 0.0034149151761084795, -0.9972412586212158, 1.5614824295043945], [-0.3524165451526642, -0.9353811740875244, -0.029406877234578133, -0.110595703125], [0.0, 0.0, 0.0, 1.0]]], "view": [[0.0, -2.0, 100.0], [-2.0, 0.0, 100.0], [0.0, 0.0, 1.0]], "bev": "bev_57475490bb1344a885f02e1055affa7a.png", "aux": "aux_57475490bb1344a885f02e1055affa7a.npz", "visibility": "visibility_57475490bb1344a885f02e1055affa7a.png", "pose": [[0.9231632947921753, 0.38440802693367004, 0.0, 799.317138671875], [-0.38440802693367004, 0.9231632947921753, 0.0, 1544.5296630859375], [0.0, 0.0, 1.0, 0.0], [0.0, 0.0, 0.0, 1.0]], "pose_inverse": [[0.9231632947921753, -0.38440802693367004, 0.0, -144.17062377929688], [0.38440802693367004, 0.9231632947921753, 0.0, -1733.1170654296875], [0.0, 0.0, 1.0, 0.0], [0.0, 0.0, 0.0, 1.0]], "cam_ids": [0, 1, 2, 3, 4, 5], "cam_channels": ["CAM_FRONT_LEFT", "CAM_FRONT", "CAM_FRONT_RIGHT", "CAM_BACK_LEFT", "CAM_BACK", "CAM_BACK_RIGHT"], "token": "57475490bb1344a885f02e1055affa7a", "scene": "scene-0183"}, {"images": ["samples/CAM_FRONT_LEFT/n015-2018-07-27-11-36-48+0800__CAM_FRONT_LEFT__1532662885004844.jpg", "samples/CAM_FRONT/n015-2018-07-27-11-36-48+0800__CAM_FRONT__1532662885012460.jpg", "samples/CAM_FRONT_RIGHT/n015-2018-07-27-11-36-48+0800__CAM_FRONT_RIGHT__1532662885020339.jpg", "samples/CAM_BACK_LEFT/n015-2018-07-27-11-36-48+0800__CAM_BACK_LEFT__1532662885047423.jpg", "samples/CAM_BACK/n015-2018-07-27-11-36-48+0800__CAM_BACK__1532662885037525.jpg", "samples/CAM_BACK_RIGHT/n015-2018-07-27-11-36-48+0800__CAM_BACK_RIGHT__1532662885027893.jpg"], "intrinsics": [[[1272.5979470598488, 0.0, 826.6154927353808], [0.0, 1272.5979470598488, 479.75165386361925], [0.0, 0.0, 1.0]], [[1266.417203046554, 0.0, 816.2670197447984], [0.0, 1266.417203046554, 491.50706579294757], [0.0, 0.0, 1.0]], [[1260.8474446004698, 0.0, 807.968244525554], [0.0, 1260.8474446004698, 495.3344268742088], [0.0, 0.0, 1.0]], [[1256.7414812095406, 0.0, 792.1125740759628], [0.0, 1256.7414812095406, 492.7757465151356], [0.0, 0.0, 1.0]], [[809.2209905677063, 0.0, 829.2196003259838], [0.0, 809.2209905677063, 481.77842384512485], [0.0, 0.0, 1.0]], [[1259.5137405846733, 0.0, 807.2529053838625], [0.0, 1259.5137405846733, 501.19579884916527], [0.0, 0.0, 1.0]]], "extrinsics": [[[0.8195325136184692, -0.5701900720596313, 0.057005397975444794, -0.713623046875], [0.06337584555149078, -0.00868145003914833, -0.9979519844055176, 1.5276308059692383], [0.5695172548294067, 0.821466863155365, 0.029021553695201874, -1.107421875], [0.0, 0.0, 0.0, 1.0]], [[0.006175662390887737, -0.9998948574066162, 0.013117954134941101, 0.007568359375], [0.05810243636369705, -0.012737247161567211, -0.9982293844223022, 1.535202980041504], [0.9982914924621582, 0.006926929112523794, 0.05801767855882645, -1.4404296875], [0.0, 0.0, 0.0, 1.0]], [[-0.8303428888320923, -0.5544813871383667, -0.05550648272037506, 0.8690185546875], [0.0637102872133255, 0.0044938852079212666, -0.9979583024978638, 1.5162019729614258], [0.5535987615585327, -0.8321838974952698, 0.03159470856189728, -1.138916015625], [0.0, 0.0, 0.0, 1.0]], [[0.945404052734375, 0.3202502131462097, 0.06042300909757614, -1.135009765625], [0.07241690903902054, -0.02566378563642502, -0.9970442056655884, 1.5891075134277344], [-0.3177529275417328, 0.9469853043556213, -0.04745417833328247, -0.106201171875], [0.0, 0.0, 0.0, 1.0]], [[0.0020856226328760386, 0.9998747110366821, -0.01568884216248989, 0.002685546875], [0.04703745245933533, -0.0157695971429348, -0.99876868724823, 1.5829753875732422], [-0.9988908767700195, 0.0013450696133077145, -0.04706444591283798, -0.0748443603515625], [0.0, 0.0, 0.0, 1.0]], [[-0.9323931336402893, 0.353663831949234, -0.07459743320941925, 1.00140380859375], [0.07957524806261063, -0.00046778639080002904, -0.9968287348747253, 1.5629215240478516], [-0.352577269077301, -0.9353724122047424, -0.02770674228668213, -0.114013671875], [0.0, 0.0, 0.0, 1.0]]], "view": [[0.0, -2.0, 100.0], [-2.0, 0.0, 100.0], [0.0, 0.0, 1.0]], "bev": "bev_77d352fbde814d93bcd6c9321f3c3c0a.png", "aux": "aux_77d352fbde814d93bcd6c9321f3c3c0a.npz", "visibility": "visibility_77d352fbde814d93bcd6c9321f3c3c0a.png", "pose": [[0.9228407740592957, 0.38518157601356506, 0.0, 803.1045532226562], [-0.38518157601356506, 0.9228407740592957, 0.0, 1542.9237060546875], [0.0, 0.0, 1.0, 0.0], [0.0, 0.0, 0.0, 1.0]], "pose_inverse": [[0.9228407740592957, -0.38518157601356506, 0.0, -146.83184814453125], [0.38518157601356506, 0.9228407740592957, 0.0, -1733.2139892578125], [0.0, 0.0, 1.0, 0.0], [0.0, 0.0, 0.0, 1.0]], "cam_ids": [0, 1, 2, 3, 4, 5], "cam_channels": ["CAM_FRONT_LEFT", "CAM_FRONT", "CAM_FRONT_RIGHT", "CAM_BACK_LEFT", "CAM_BACK", "CAM_BACK_RIGHT"], "token": "77d352fbde814d93bcd6c9321f3c3c0a", "scene": "scene-0183"}, {"images": ["samples/CAM_FRONT_LEFT/n015-2018-07-27-11-36-48+0800__CAM_FRONT_LEFT__1532662885504844.jpg", "samples/CAM_FRONT/n015-2018-07-27-11-36-48+0800__CAM_FRONT__1532662885512460.jpg", "samples/CAM_FRONT_RIGHT/n015-2018-07-27-11-36-48+0800__CAM_FRONT_RIGHT__1532662885520339.jpg", "samples/CAM_BACK_LEFT/n015-2018-07-27-11-36-48+0800__CAM_BACK_LEFT__1532662885547423.jpg", "samples/CAM_BACK/n015-2018-07-27-11-36-48+0800__CAM_BACK__1532662885537525.jpg", "samples/CAM_BACK_RIGHT/n015-2018-07-27-11-36-48+0800__CAM_BACK_RIGHT__1532662885527893.jpg"], "intrinsics": [[[1272.5979470598488, 0.0, 826.6154927353808], [0.0, 1272.5979470598488, 479.75165386361925], [0.0, 0.0, 1.0]], [[1266.417203046554, 0.0, 816.2670197447984], [0.0, 1266.417203046554, 491.50706579294757], [0.0, 0.0, 1.0]], [[1260.8474446004698, 0.0, 807.968244525554], [0.0, 1260.8474446004698, 495.3344268742088], [0.0, 0.0, 1.0]], [[1256.7414812095406, 0.0, 792.1125740759628], [0.0, 1256.7414812095406, 492.7757465151356], [0.0, 0.0, 1.0]], [[809.2209905677063, 0.0, 829.2196003259838], [0.0, 809.2209905677063, 481.77842384512485], [0.0, 0.0, 1.0]], [[1259.5137405846733, 0.0, 807.2529053838625], [0.0, 1259.5137405846733, 501.19579884916527], [0.0, 0.0, 1.0]]], "extrinsics": [[[0.8188201189041138, -0.5713904500007629, 0.05519542098045349, -0.7149658203125], [0.06348034739494324, -0.005432887002825737, -0.997968316078186, 1.5275592803955078], [0.5705294609069824, 0.8206602931022644, 0.03182350844144821, -1.108154296875], [0.0, 0.0, 0.0, 1.0]], [[0.005196721758693457, -0.9999380707740784, 0.00983302854001522, 0.0078125], [0.05817262455821037, -0.009514210745692253, -0.9982612133026123, 1.5351133346557617], [0.9982929825782776, 0.005759700667113066, 0.058119580149650574, -1.4423828125], [0.0, 0.0, 0.0, 1.0]], [[-0.8307392597198486, -0.5537006855010986, -0.057339202612638474, 0.871337890625], [0.06376245617866516, 0.007677162066102028, -0.9979355335235596, 1.5160503387451172], [0.5529978275299072, -0.832680344581604, 0.028927601873874664, -1.14013671875], [0.0, 0.0, 0.0, 1.0]], [[0.9454020857810974, 0.3200761377811432, 0.06136763468384743, -1.13604736328125], [0.07241830229759216, -0.022725235670804977, -0.9971153736114502, 1.5890331268310547], [-0.3177582025527954, 0.9471191763877869, -0.04466386139392853, -0.10595703125], [0.0, 0.0, 0.0, 1.0]], [[0.0023262135218828917, 0.9999171495437622, -0.012658446095883846, 0.0023193359375], [0.04701825976371765, -0.012753844261169434, -0.9988126158714294, 1.5828847885131836], [-0.998891294002533, 0.001728247618302703, -0.04704403504729271, -0.0729522705078125], [0.0, 0.0, 0.0, 1.0]], [[-0.9322233200073242, 0.3543439209461212, -0.07348468154668808, 1.0042724609375], [0.07958272099494934, 0.00264578009955585, -0.9968247413635254, 1.5626945495605469], [-0.35302433371543884, -0.9351114630699158, -0.030666107311844826, -0.1126708984375], [0.0, 0.0, 0.0, 1.0]]], "view": [[0.0, -2.0, 100.0], [-2.0, 0.0, 100.0], [0.0, 0.0, 1.0]], "bev": "bev_782a6272d78e4980ad01f80a26d60758.png", "aux": "aux_782a6272d78e4980ad01f80a26d60758.npz", "visibility": "visibility_782a6272d78e4980ad01f80a26d60758.png", "pose": [[0.9261184334754944, 0.3772328197956085, 0.0, 806.3480834960938], [-0.3772328197956085, 0.9261184334754944, 0.0, 1541.56494140625], [0.0, 0.0, 1.0, 0.0], [0.0, 0.0, 0.0, 1.0]], "pose_inverse": [[0.9261184334754944, -0.3772328197956085, 0.0, -165.24497985839844], [0.3772328197956085, 0.9261184334754944, 0.0, -1731.8526611328125], [0.0, 0.0, 1.0, 0.0], [0.0, 0.0, 0.0, 1.0]], "cam_ids": [0, 1, 2, 3, 4, 5], "cam_channels": ["CAM_FRONT_LEFT", "CAM_FRONT", "CAM_FRONT_RIGHT", "CAM_BACK_LEFT", "CAM_BACK", "CAM_BACK_RIGHT"], "token": "782a6272d78e4980ad01f80a26d60758", "scene": "scene-0183"}, {"images": ["samples/CAM_FRONT_LEFT/n015-2018-07-27-11-36-48+0800__CAM_FRONT_LEFT__1532662886004844.jpg", "samples/CAM_FRONT/n015-2018-07-27-11-36-48+0800__CAM_FRONT__1532662886012460.jpg", "samples/CAM_FRONT_RIGHT/n015-2018-07-27-11-36-48+0800__CAM_FRONT_RIGHT__1532662886020339.jpg", "samples/CAM_BACK_LEFT/n015-2018-07-27-11-36-48+0800__CAM_BACK_LEFT__1532662886047423.jpg", "samples/CAM_BACK/n015-2018-07-27-11-36-48+0800__CAM_BACK__1532662886037525.jpg", "samples/CAM_BACK_RIGHT/n015-2018-07-27-11-36-48+0800__CAM_BACK_RIGHT__1532662886027893.jpg"], "intrinsics": [[[1272.5979470598488, 0.0, 826.6154927353808], [0.0, 1272.5979470598488, 479.75165386361925], [0.0, 0.0, 1.0]], [[1266.417203046554, 0.0, 816.2670197447984], [0.0, 1266.417203046554, 491.50706579294757], [0.0, 0.0, 1.0]], [[1260.8474446004698, 0.0, 807.968244525554], [0.0, 1260.8474446004698, 495.3344268742088], [0.0, 0.0, 1.0]], [[1256.7414812095406, 0.0, 792.1125740759628], [0.0, 1256.7414812095406, 492.7757465151356], [0.0, 0.0, 1.0]], [[809.2209905677063, 0.0, 829.2196003259838], [0.0, 809.2209905677063, 481.77842384512485], [0.0, 0.0, 1.0]], [[1259.5137405846733, 0.0, 807.2529053838625], [0.0, 1259.5137405846733, 501.19579884916527], [0.0, 0.0, 1.0]]], "extrinsics": [[[0.8189926743507385, -0.5715579986572266, 0.05071941390633583, -0.7218017578125], [0.0603136382997036, -0.0021529418881982565, -0.9981771111488342, 1.526073932647705], [0.5706253051757812, 0.8205588459968567, 0.032709501683712006, -1.11328125], [0.0, 0.0, 0.0, 1.0]], [[0.005149261560291052, -0.9999659061431885, 0.00644236896187067, 0.008056640625], [0.05496339872479439, -0.006149699445813894, -0.9984694123268127, 1.5339468717575073], [0.9984750747680664, 0.005495445337146521, 0.054929859936237335, -1.4488525390625], [0.0, 0.0, 0.0, 1.0]], [[-0.8310096263885498, -0.5533759593963623, -0.05655192583799362, 0.874755859375], [0.06051395460963249, 0.011126432567834854, -0.9981053471565247, 1.5151615142822266], [0.5529566407203674, -0.8328572511672974, 0.02424079366028309, -1.14208984375], [0.0, 0.0, 0.0, 1.0]], [[0.9456359148025513, 0.3197806775569916, 0.059271249920129776, -1.1365966796875], [0.0689462274312973, -0.019008498638868332, -0.9974392652511597, 1.588958740234375], [-0.31783512234687805, 0.947300910949707, -0.04002278670668602, -0.1055908203125], [0.0, 0.0, 0.0, 1.0]], [[0.002433980582281947, 0.9999566078186035, -0.008991090580821037, 0.0025634765625], [0.04366485774517059, -0.009088815189898014, -0.9990049004554749, 1.582573413848877], [-0.9990432858467102, 0.00203895615413785, -0.04368508234620094, -0.0715789794921875], [0.0, 0.0, 0.0, 1.0]], [[-0.932381808757782, 0.3547993302345276, -0.06914853304624557, 1.006103515625], [0.0762956291437149, 0.00617532292380929, -0.9970661401748657, 1.5620746612548828], [-0.3533313274383545, -0.9349220991134644, -0.03282739222049713, -0.1116943359375], [0.0, 0.0, 0.0, 1.0]]], "view": [[0.0, -2.0, 100.0], [-2.0, 0.0, 100.0], [0.0, 0.0, 1.0]], "bev": "bev_c210ab45cc2e4e7f97e19eed15d2a902.png", "aux": "aux_c210ab45cc2e4e7f97e19eed15d2a902.npz", "visibility": "visibility_c210ab45cc2e4e7f97e19eed15d2a902.png", "pose": [[0.9314036965370178, 0.3639878034591675, 0.0, 809.529052734375], [-0.3639878034591675, 0.9314036965370178, 0.0, 1540.279541015625], [0.0, 0.0, 1.0, 0.0], [0.0, 0.0, 0.0, 1.0]], "pose_inverse": [[0.9314036965370178, -0.3639878034591675, 0.0, -193.3553924560547], [0.3639878034591675, 0.9314036965370178, 0.0, -1729.28076171875], [0.0, 0.0, 1.0, 0.0], [0.0, 0.0, 0.0, 1.0]], "cam_ids": [0, 1, 2, 3, 4, 5], "cam_channels": ["CAM_FRONT_LEFT", "CAM_FRONT", "CAM_FRONT_RIGHT", "CAM_BACK_LEFT", "CAM_BACK", "CAM_BACK_RIGHT"], "token": "c210ab45cc2e4e7f97e19eed15d2a902", "scene": "scene-0183"}, {"images": ["samples/CAM_FRONT_LEFT/n015-2018-07-27-11-36-48+0800__CAM_FRONT_LEFT__1532662886504844.jpg", "samples/CAM_FRONT/n015-2018-07-27-11-36-48+0800__CAM_FRONT__1532662886512460.jpg", "samples/CAM_FRONT_RIGHT/n015-2018-07-27-11-36-48+0800__CAM_FRONT_RIGHT__1532662886520339.jpg", "samples/CAM_BACK_LEFT/n015-2018-07-27-11-36-48+0800__CAM_BACK_LEFT__1532662886547423.jpg", "samples/CAM_BACK/n015-2018-07-27-11-36-48+0800__CAM_BACK__1532662886537525.jpg", "samples/CAM_BACK_RIGHT/n015-2018-07-27-11-36-48+0800__CAM_BACK_RIGHT__1532662886527893.jpg"], "intrinsics": [[[1272.5979470598488, 0.0, 826.6154927353808], [0.0, 1272.5979470598488, 479.75165386361925], [0.0, 0.0, 1.0]], [[1266.417203046554, 0.0, 816.2670197447984], [0.0, 1266.417203046554, 491.50706579294757], [0.0, 0.0, 1.0]], [[1260.8474446004698, 0.0, 807.968244525554], [0.0, 1260.8474446004698, 495.3344268742088], [0.0, 0.0, 1.0]], [[1256.7414812095406, 0.0, 792.1125740759628], [0.0, 1256.7414812095406, 492.7757465151356], [0.0, 0.0, 1.0]], [[809.2209905677063, 0.0, 829.2196003259838], [0.0, 809.2209905677063, 481.77842384512485], [0.0, 0.0, 1.0]], [[1259.5137405846733, 0.0, 807.2529053838625], [0.0, 1259.5137405846733, 501.19579884916527], [0.0, 0.0, 1.0]]], "extrinsics": [[[0.8189730048179626, -0.5717713236808777, 0.04858662188053131, -0.73614501953125], [0.05791017413139343, -0.0018855768721550703, -0.9983199834823608, 1.5244064331054688], [0.570902407169342, 0.8204109072685242, 0.03156714513897896, -1.1212158203125], [0.0, 0.0, 0.0, 1.0]], [[0.00499695586040616, -0.9999681711196899, 0.0062070987187325954, 0.006591796875], [0.052663277834653854, -0.005935407243669033, -0.9985947012901306, 1.532712697982788], [0.9985997676849365, 0.005316825583577156, 0.05263194814324379, -1.46136474609375], [0.0, 0.0, 0.0, 1.0]], [[-0.8311821818351746, -0.5532910227775574, -0.05481855943799019, 0.88134765625], [0.05832483619451523, 0.011283699423074722, -0.9982338547706604, 1.5142459869384766], [0.5529324412345886, -0.8329115509986877, 0.022891800850629807, -1.14794921875], [0.0, 0.0, 0.0, 1.0]], [[0.9457653760910034, 0.31971821188926697, 0.05751529335975647, -1.134521484375], [0.0671234130859375, -0.019104143604636192, -0.9975617527961731, 1.589101791381836], [-0.3178398907184601, 0.9473200440406799, -0.03952861577272415, -0.1064453125], [0.0, 0.0, 0.0, 1.0]], [[0.0024668467231094837, 0.9999564290046692, -0.009003688581287861, 0.0029296875], [0.041675832122564316, -0.009098697453737259, -0.999089777469635, 1.5823631286621094], [-0.9991280436515808, 0.0020893532782793045, -0.0416964590549469, -0.070220947265625], [0.0, 0.0, 0.0, 1.0]], [[-0.9325152635574341, 0.3548327088356018, -0.06714873015880585, 1.011016845703125], [0.07419498264789581, 0.006272341590374708, -0.9972240328788757, 1.5614185333251953], [-0.3534265458583832, -0.9349088072776794, -0.03217586502432823, -0.111083984375], [0.0, 0.0, 0.0, 1.0]]], "view": [[0.0, -2.0, 100.0], [-2.0, 0.0, 100.0], [0.0, 0.0, 1.0]], "bev": "bev_e8b5b6ce8ee24ab3b0d9d3925b4a3b4c.png", "aux": "aux_e8b5b6ce8ee24ab3b0d9d3925b4a3b4c.npz", "visibility": "visibility_e8b5b6ce8ee24ab3b0d9d3925b4a3b4c.png", "pose": [[0.9368810653686523, 0.3496481478214264, 0.0, 812.5671997070312], [-0.3496481478214264, 0.9368810653686523, 0.0, 1539.110595703125], [0.0, 0.0, 1.0, 0.0], [0.0, 0.0, 0.0, 1.0]], "pose_inverse": [[0.9368810653686523, -0.3496481478214264, 0.0, -223.13165283203125], [0.3496481478214264, 0.9368810653686523, 0.0, -1726.076171875], [0.0, 0.0, 1.0, 0.0], [0.0, 0.0, 0.0, 1.0]], "cam_ids": [0, 1, 2, 3, 4, 5], "cam_channels": ["CAM_FRONT_LEFT", "CAM_FRONT", "CAM_FRONT_RIGHT", "CAM_BACK_LEFT", "CAM_BACK", "CAM_BACK_RIGHT"], "token": "e8b5b6ce8ee24ab3b0d9d3925b4a3b4c", "scene": "scene-0183"}, {"images": ["samples/CAM_FRONT_LEFT/n015-2018-07-27-11-36-48+0800__CAM_FRONT_LEFT__1532662887004844.jpg", "samples/CAM_FRONT/n015-2018-07-27-11-36-48+0800__CAM_FRONT__1532662887012460.jpg", "samples/CAM_FRONT_RIGHT/n015-2018-07-27-11-36-48+0800__CAM_FRONT_RIGHT__1532662887020339.jpg", "samples/CAM_BACK_LEFT/n015-2018-07-27-11-36-48+0800__CAM_BACK_LEFT__1532662887047423.jpg", "samples/CAM_BACK/n015-2018-07-27-11-36-48+0800__CAM_BACK__1532662887037525.jpg", "samples/CAM_BACK_RIGHT/n015-2018-07-27-11-36-48+0800__CAM_BACK_RIGHT__1532662887027893.jpg"], "intrinsics": [[[1272.5979470598488, 0.0, 826.6154927353808], [0.0, 1272.5979470598488, 479.75165386361925], [0.0, 0.0, 1.0]], [[1266.417203046554, 0.0, 816.2670197447984], [0.0, 1266.417203046554, 491.50706579294757], [0.0, 0.0, 1.0]], [[1260.8474446004698, 0.0, 807.968244525554], [0.0, 1260.8474446004698, 495.3344268742088], [0.0, 0.0, 1.0]], [[1256.7414812095406, 0.0, 792.1125740759628], [0.0, 1256.7414812095406, 492.7757465151356], [0.0, 0.0, 1.0]], [[809.2209905677063, 0.0, 829.2196003259838], [0.0, 809.2209905677063, 481.77842384512485], [0.0, 0.0, 1.0]], [[1259.5137405846733, 0.0, 807.2529053838625], [0.0, 1259.5137405846733, 501.19579884916527], [0.0, 0.0, 1.0]]], "extrinsics": [[[0.8195635676383972, -0.5708720088005066, 0.049200158566236496, -0.75201416015625], [0.05701012909412384, -0.004197580274194479, -0.9983647465705872, 1.5230331420898438], [0.5701450705528259, 0.8210283517837524, 0.029105303809046745, -1.1328125], [0.0, 0.0, 0.0, 1.0]], [[0.005721478257328272, -0.9999464750289917, 0.008613393642008305, 0.0067138671875], [0.0517238974571228, -0.00830607395619154, -0.9986269474029541, 1.5316243171691895], [0.9986449480056763, 0.006159139331430197, 0.051673609763383865, -1.478240966796875], [0.0, 0.0, 0.0, 1.0]], [[-0.8309708833694458, -0.5538198351860046, -0.05263884738087654, 0.8929443359375], [0.05733315274119377, 0.008862096816301346, -0.998315691947937, 1.513265609741211], [0.5533536076545715, -0.832589328289032, 0.02438809722661972, -1.1556396484375], [0.0, 0.0, 0.0, 1.0]], [[0.94584721326828, 0.3198124170303345, 0.05561572685837746, -1.1328125], [0.06595133244991302, -0.021569546312093735, -0.997589647769928, 1.5892009735107422], [-0.31784191727638245, 0.9472354054450989, -0.04149354621767998, -0.10693359375], [0.0, 0.0, 0.0, 1.0]], [[0.0023509252350777388, 0.9999314546585083, -0.011469431221485138, 0.0029296875], [0.040575239807367325, -0.011555401608347893, -0.99910968542099, 1.5820884704589844], [-0.9991737008094788, 0.0018834666116163135, -0.040599629282951355, -0.06536865234375], [0.0, 0.0, 0.0, 1.0]], [[-0.9326746463775635, 0.35443130135536194, -0.06705626845359802, 1.021240234375], [0.07315760850906372, 0.003826284082606435, -0.9973130822181702, 1.5604667663574219], [-0.3532223105430603, -0.9350742697715759, -0.0294980239123106, -0.1070556640625], [0.0, 0.0, 0.0, 1.0]]], "view": [[0.0, -2.0, 100.0], [-2.0, 0.0, 100.0], [0.0, 0.0, 1.0]], "bev": "bev_4fc74e6cfef5440abad0b2af102b6375.png", "aux": "aux_4fc74e6cfef5440abad0b2af102b6375.npz", "visibility": "visibility_4fc74e6cfef5440abad0b2af102b6375.png", "pose": [[0.940412163734436, 0.3400367200374603, 0.0, 815.4815673828125], [-0.3400367200374603, 0.940412163734436, 0.0, 1538.0372314453125], [0.0, 0.0, 1.0, 0.0], [0.0, 0.0, 0.0, 1.0]], "pose_inverse": [[0.940412163734436, -0.3400367200374603, 0.0, -243.899658203125], [0.3400367200374603, 0.940412163734436, 0.0, -1723.6826171875], [0.0, 0.0, 1.0, 0.0], [0.0, 0.0, 0.0, 1.0]], "cam_ids": [0, 1, 2, 3, 4, 5], "cam_channels": ["CAM_FRONT_LEFT", "CAM_FRONT", "CAM_FRONT_RIGHT", "CAM_BACK_LEFT", "CAM_BACK", "CAM_BACK_RIGHT"], "token": "4fc74e6cfef5440abad0b2af102b6375", "scene": "scene-0183"}, {"images": ["samples/CAM_FRONT_LEFT/n015-2018-07-27-11-36-48+0800__CAM_FRONT_LEFT__1532662887504844.jpg", "samples/CAM_FRONT/n015-2018-07-27-11-36-48+0800__CAM_FRONT__1532662887512460.jpg", "samples/CAM_FRONT_RIGHT/n015-2018-07-27-11-36-48+0800__CAM_FRONT_RIGHT__1532662887520339.jpg", "samples/CAM_BACK_LEFT/n015-2018-07-27-11-36-48+0800__CAM_BACK_LEFT__1532662887547423.jpg", "samples/CAM_BACK/n015-2018-07-27-11-36-48+0800__CAM_BACK__1532662887537525.jpg", "samples/CAM_BACK_RIGHT/n015-2018-07-27-11-36-48+0800__CAM_BACK_RIGHT__1532662887527893.jpg"], "intrinsics": [[[1272.5979470598488, 0.0, 826.6154927353808], [0.0, 1272.5979470598488, 479.75165386361925], [0.0, 0.0, 1.0]], [[1266.417203046554, 0.0, 816.2670197447984], [0.0, 1266.417203046554, 491.50706579294757], [0.0, 0.0, 1.0]], [[1260.8474446004698, 0.0, 807.968244525554], [0.0, 1260.8474446004698, 495.3344268742088], [0.0, 0.0, 1.0]], [[1256.7414812095406, 0.0, 792.1125740759628], [0.0, 1256.7414812095406, 492.7757465151356], [0.0, 0.0, 1.0]], [[809.2209905677063, 0.0, 829.2196003259838], [0.0, 809.2209905677063, 481.77842384512485], [0.0, 0.0, 1.0]], [[1259.5137405846733, 0.0, 807.2529053838625], [0.0, 1259.5137405846733, 501.19579884916527], [0.0, 0.0, 1.0]]], "extrinsics": [[[0.8200339078903198, -0.5701481699943542, 0.04975368082523346, -0.7689208984375], [0.05687857046723366, -0.005314534995704889, -0.9983669519424438, 1.5217680931091309], [0.569481372833252, 0.8215247392654419, 0.02807110734283924, -1.1470947265625], [0.0, 0.0, 0.0, 1.0]], [[0.00653348071500659, -0.9999317526817322, 0.009673691354691982, 0.0084228515625], [0.05166303738951683, -0.009323446080088615, -0.9986210465431213, 1.5306763648986816], [0.9986432194709778, 0.0070242914371192455, 0.05159860476851463, -1.496551513671875], [0.0, 0.0, 0.0, 1.0]], [[-0.8305214047431946, -0.5545434951782227, -0.0521121472120285, 0.9061279296875], [0.057327985763549805, 0.007957306690514088, -0.9983236193656921, 1.5124168395996094], [0.5540285706520081, -0.8321166634559631, 0.025182152166962624, -1.1624755859375], [0.0, 0.0, 0.0, 1.0]], [[0.9458184242248535, 0.3198997676372528, 0.055602479726076126, -1.1370849609375], [0.06620218604803085, -0.022346561774611473, -0.9975559711456299, 1.588918685913086], [-0.31787535548210144, 0.9471877813339233, -0.04231385514140129, -0.1055908203125], [0.0, 0.0, 0.0, 1.0]], [[0.0019246273441240191, 0.9999228715896606, -0.01227070763707161, 0.0023193359375], [0.04074743390083313, -0.012338957749307156, -0.9990932941436768, 1.5817909240722656], [-0.9991675615310669, 0.001422900939360261, -0.04076803848147392, -0.0575714111328125], [0.0, 0.0, 0.0, 1.0]], [[-0.9329516291618347, 0.35362809896469116, -0.06744178384542465, 1.031097412109375], [0.07323683053255081, 0.0030146148055791855, -0.9973100423812866, 1.5596561431884766], [-0.35247355699539185, -0.9353812336921692, -0.028711093589663506, -0.1019287109375], [0.0, 0.0, 0.0, 1.0]]], "view": [[0.0, -2.0, 100.0], [-2.0, 0.0, 100.0], [0.0, 0.0, 1.0]], "bev": "bev_188c2d5a543343cfaa343abd9c702859.png", "aux": "aux_188c2d5a543343cfaa343abd9c702859.npz", "visibility": "visibility_188c2d5a543343cfaa343abd9c702859.png", "pose": [[0.9414494037628174, 0.33715420961380005, 0.0, 818.1714477539062], [-0.33715420961380005, 0.9414494037628174, 0.0, 1537.0565185546875], [0.0, 0.0, 1.0, 0.0], [0.0, 0.0, 0.0, 1.0]], "pose_inverse": [[0.9414494037628174, -0.33715420961380005, 0.0, -252.04196166992188], [0.33715420961380005, 0.9414494037628174, 0.0, -1722.910888671875], [0.0, 0.0, 1.0, 0.0], [0.0, 0.0, 0.0, 1.0]], "cam_ids": [0, 1, 2, 3, 4, 5], "cam_channels": ["CAM_FRONT_LEFT", "CAM_FRONT", "CAM_FRONT_RIGHT", "CAM_BACK_LEFT", "CAM_BACK", "CAM_BACK_RIGHT"], "token": "188c2d5a543343cfaa343abd9c702859", "scene": "scene-0183"}, {"images": ["samples/CAM_FRONT_LEFT/n015-2018-07-27-11-36-48+0800__CAM_FRONT_LEFT__1532662888004844.jpg", "samples/CAM_FRONT/n015-2018-07-27-11-36-48+0800__CAM_FRONT__1532662888012460.jpg", "samples/CAM_FRONT_RIGHT/n015-2018-07-27-11-36-48+0800__CAM_FRONT_RIGHT__1532662888020339.jpg", "samples/CAM_BACK_LEFT/n015-2018-07-27-11-36-48+0800__CAM_BACK_LEFT__1532662888047423.jpg", "samples/CAM_BACK/n015-2018-07-27-11-36-48+0800__CAM_BACK__1532662888037525.jpg", "samples/CAM_BACK_RIGHT/n015-2018-07-27-11-36-48+0800__CAM_BACK_RIGHT__1532662888027893.jpg"], "intrinsics": [[[1272.5979470598488, 0.0, 826.6154927353808], [0.0, 1272.5979470598488, 479.75165386361925], [0.0, 0.0, 1.0]], [[1266.417203046554, 0.0, 816.2670197447984], [0.0, 1266.417203046554, 491.50706579294757], [0.0, 0.0, 1.0]], [[1260.8474446004698, 0.0, 807.968244525554], [0.0, 1260.8474446004698, 495.3344268742088], [0.0, 0.0, 1.0]], [[1256.7414812095406, 0.0, 792.1125740759628], [0.0, 1256.7414812095406, 492.7757465151356], [0.0, 0.0, 1.0]], [[809.2209905677063, 0.0, 829.2196003259838], [0.0, 809.2209905677063, 481.77842384512485], [0.0, 0.0, 1.0]], [[1259.5137405846733, 0.0, 807.2529053838625], [0.0, 1259.5137405846733, 501.19579884916527], [0.0, 0.0, 1.0]]], "extrinsics": [[[0.8203339576721191, -0.5695467591285706, 0.05165901035070419, -0.78485107421875], [0.05947813764214516, -0.004872294142842293, -0.9982177019119263, 1.5212254524230957], [0.5687833428382874, 0.8219444155693054, 0.02987867221236229, -1.157958984375], [0.0, 0.0, 0.0, 1.0]], [[0.006998296361416578, -0.9999324679374695, 0.009265733882784843, 0.008056640625], [0.054256100207567215, -0.008872617967426777, -0.998487651348114, 1.530301570892334], [0.9985024929046631, 0.007490397896617651, 0.05419034883379936, -1.51287841796875], [0.0, 0.0, 0.0, 1.0]], [[-0.8302642703056335, -0.5546979904174805, -0.054509587585926056, 0.9166259765625], [0.059906091541051865, 0.008422343991696835, -0.9981684684753418, 1.5120277404785156], [0.5541411638259888, -0.8320090770721436, 0.026237022131681442, -1.169921875], [0.0, 0.0, 0.0, 1.0]], [[0.9456464648246765, 0.31994155049324036, 0.058224696666002274, -1.13531494140625], [0.06873136013746262, -0.02163592539727688, -0.9974005222320557, 1.5890617370605469], [-0.31785014271736145, 0.9471902251243591, -0.0424499548971653, -0.1060791015625], [0.0, 0.0, 0.0, 1.0]], [[0.001929595717228949, 0.9999299645423889, -0.011672438122332096, 0.0023193359375], [0.043306946754455566, -0.011745067313313484, -0.9989928007125854, 1.5817651748657227], [-0.9990599155426025, 0.0014221419114619493, -0.04332657530903816, -0.053451538085937