[{"images": ["samples/CAM_FRONT_LEFT/n008-2018-08-01-15-52-19-0400__CAM_FRONT_LEFT__1533153292254809.jpg", "samples/CAM_FRONT/n008-2018-08-01-15-52-19-0400__CAM_FRONT__1533153292262404.jpg", "samples/CAM_FRONT_RIGHT/n008-2018-08-01-15-52-19-0400__CAM_FRONT_RIGHT__1533153292270482.jpg", "samples/CAM_BACK_LEFT/n008-2018-08-01-15-52-19-0400__CAM_BACK_LEFT__1533153292297405.jpg", "samples/CAM_BACK/n008-2018-08-01-15-52-19-0400__CAM_BACK__1533153292287558.jpg", "samples/CAM_BACK_RIGHT/n008-2018-08-01-15-52-19-0400__CAM_BACK_RIGHT__1533153292278113.jpg"], "intrinsics": [[[1257.8625342125129, 0.0, 827.2410631095686], [0.0, 1257.8625342125129, 450.915498205774], [0.0, 0.0, 1.0]], [[1252.8131021185304, 0.0, 826.588114781398], [0.0, 1252.8131021185304, 469.9846626224581], [0.0, 0.0, 1.0]], [[1256.7485116440405, 0.0, 817.7887570959712], [0.0, 1256.7485116440403, 451.9541780095127], [0.0, 0.0, 1.0]], [[1254.9860565800168, 0.0, 829.5769333630991], [0.0, 1254.9860565800168, 467.1680561863987], [0.0, 0.0, 1.0]], [[796.8910634503094, 0.0, 857.7774326863696], [0.0, 796.8910634503094, 476.8848988407415], [0.0, 0.0, 1.0]], [[1249.9629280788233, 0.0, 825.3768045375984], [0.0, 1249.9629280788233, 462.54816385708756], [0.0, 0.0, 1.0]]], "extrinsics": [[[0.8226213455200195, -0.5685634016990662, 0.00546139944344759, -0.8485107421875], [0.023046769201755524, 0.023744676262140274, -0.9994524121284485, 1.4926528930664062], [0.568122386932373, 0.822296679019928, 0.03263642638921738, -1.226318359375], [0.0, 0.0, 0.0, 1.0]], [[0.010661904700100422, -0.9997513294219971, -0.019582616165280342, 0.0078125], [0.02526017464697361, 0.01984676532447338, -0.9994838833808899, 1.4840774536132812], [0.9996240139007568, 0.010161724872887135, 0.025465499609708786, -1.5789794921875], [0.0, 0.0, 0.0, 1.0]], [[-0.8434910774230957, -0.536039412021637, -0.03441827371716499, 0.990234375], [0.03354712203145027, 0.011379709467291832, -0.9993723630905151, 1.4970779418945312], [0.5360946655273438, -0.8441162109375, 0.008383898064494133, -1.2129364013671875], [0.0, 0.0, 0.0, 1.0]], [[0.9477707147598267, 0.31850898265838623, 0.01681596040725708, -1.146728515625], [0.008594704791903496, 0.027199575677514076, -0.9995930790901184, 1.5620193481445312], [-0.3188368082046509, 0.9475295543670654, 0.023041468113660812, -0.15521240234375], [0.0, 0.0, 0.0, 1.0]], [[0.008947975933551788, 0.9997683763504028, 0.019576389342546463, -0.02874755859375], [0.010619607754051685, 0.019481061026453972, -0.9997537732124329, 1.568511962890625], [-0.999903678894043, 0.009153662249445915, -0.010442832484841347, 0.00146484375], [0.0, 0.0, 0.0, 1.0]], [[-0.9236137270927429, 0.3830353915691376, -0.014883521012961864, 1.081787109375], [0.014674247242510319, -0.0034683269914239645, -0.9998863339424133, 1.549062728881836], [-0.3830433785915375, -0.9237271547317505, -0.0024173608981072903, -0.075927734375], [0.0, 0.0, 0.0, 1.0]]], "view": [[0.0, -2.0, 100.0], [-2.0, 0.0, 100.0], [0.0, 0.0, 1.0]], "bev": "bev_5718fa033dad4893bd1f6e6720e5dd5a.png", "aux": "aux_5718fa033dad4893bd1f6e6720e5dd5a.npz", "visibility": "visibility_5718fa033dad4893bd1f6e6720e5dd5a.png", "pose": [[-0.9966710805892944, -0.081527478992939, 0.0, 1944.9114990234375], [0.081527478992939, -0.9966710805892944, 0.0, 784.892578125], [0.0, 0.0, 1.0, 0.0], [0.0, 0.0, 0.0, 1.0]], "pose_inverse": [[-0.9966710805892944, 0.081527478992939, 0.0, 1874.44677734375], [-0.081527478992939, -0.9966710805892944, 0.0, 940.843505859375], [0.0, 0.0, 1.0, 0.0], [0.0, 0.0, 0.0, 1.0]], "cam_ids": [0, 1, 2, 3, 4, 5], "cam_channels": ["CAM_FRONT_LEFT", "CAM_FRONT", "CAM_FRONT_RIGHT", "CAM_BACK_LEFT", "CAM_BACK", "CAM_BACK_RIGHT"], "token": "5718fa033dad4893bd1f6e6720e5dd5a", "scene": "scene-0064"}, {"images": ["samples/CAM_FRONT_LEFT/n008-2018-08-01-15-52-19-0400__CAM_FRONT_LEFT__1533153292754799.jpg", "samples/CAM_FRONT/n008-2018-08-01-15-52-19-0400__CAM_FRONT__1533153292762404.jpg", "samples/CAM_FRONT_RIGHT/n008-2018-08-01-15-52-19-0400__CAM_FRONT_RIGHT__1533153292770482.jpg", "samples/CAM_BACK_LEFT/n008-2018-08-01-15-52-19-0400__CAM_BACK_LEFT__1533153292797405.jpg", "samples/CAM_BACK/n008-2018-08-01-15-52-19-0400__CAM_BACK__1533153292787558.jpg", "samples/CAM_BACK_RIGHT/n008-2018-08-01-15-52-19-0400__CAM_BACK_RIGHT__1533153292778113.jpg"], "intrinsics": [[[1257.8625342125129, 0.0, 827.2410631095686], [0.0, 1257.8625342125129, 450.915498205774], [0.0, 0.0, 1.0]], [[1252.8131021185304, 0.0, 826.588114781398], [0.0, 1252.8131021185304, 469.9846626224581], [0.0, 0.0, 1.0]], [[1256.7485116440405, 0.0, 817.7887570959712], [0.0, 1256.7485116440403, 451.9541780095127], [0.0, 0.0, 1.0]], [[1254.9860565800168, 0.0, 829.5769333630991], [0.0, 1254.9860565800168, 467.1680561863987], [0.0, 0.0, 1.0]], [[796.8910634503094, 0.0, 857.7774326863696], [0.0, 796.8910634503094, 476.8848988407415], [0.0, 0.0, 1.0]], [[1249.9629280788233, 0.0, 825.3768045375984], [0.0, 1249.9629280788233, 462.54816385708756], [0.0, 0.0, 1.0]]], "extrinsics": [[[0.822702169418335, -0.5684612393379211, 0.003607868915423751, -0.82940673828125], [0.02376922219991684, 0.02805742807686329, -0.9993236660957336, 1.493438720703125], [0.5679755806922913, 0.8222315311431885, 0.03659478574991226, -1.21044921875], [0.0, 0.0, 0.0, 1.0]], [[0.010783175006508827, -0.9996592402458191, -0.02377144806087017, 0.00604248046875], [0.025550663471221924, 0.024040523916482925, -0.9993844032287598, 1.4847259521484375], [0.9996153712272644, 0.010169155895709991, 0.025801189243793488, -1.5576171875], [0.0, 0.0, 0.0, 1.0]], [[-0.8434523940086365, -0.5359654426574707, -0.03645641729235649, 0.97412109375], [0.03339146450161934, 0.015425684861838818, -0.999323308467865, 1.4976882934570312], [0.5361651182174683, -0.8440990447998047, 0.004885839764028788, -1.2045440673828125], [0.0, 0.0, 0.0, 1.0]], [[0.94780033826828, 0.3184067904949188, 0.01707756705582142, -1.137939453125], [0.007636146619915962, 0.030876804143190384, -0.9994940161705017, 1.5620918273925781], [-0.3187730312347412, 0.9474511742591858, 0.02683364413678646, -0.158050537109375], [0.0, 0.0, 0.0, 1.0]], [[0.008921625092625618, 0.9996880888938904, 0.023327454924583435, -0.02801513671875], [0.009924553334712982, 0.023238712921738625, -0.9996806979179382, 1.5686073303222656], [-0.9999109506607056, 0.009150288999080658, -0.009714131243526936, -0.0096435546875], [0.0, 0.0, 0.0, 1.0]], [[-0.923643946647644, 0.3830309212207794, -0.013004355132579803, 1.0682373046875], [0.014253878965973854, 0.00042418864904902875, -0.9998983144760132, 1.5492439270019531], [-0.3829864263534546, -0.9237353801727295, -0.005851475056260824, -0.082763671875], [0.0, 0.0, 0.0, 1.0]]], "view": [[0.0, -2.0, 100.0], [-2.0, 0.0, 100.0], [0.0, 0.0, 1.0]], "bev": "bev_c9391a7a19e648a5a97fb66b44301771.png", "aux": "aux_c9391a7a19e648a5a97fb66b44301771.npz", "visibility": "visibility_c9391a7a19e648a5a97fb66b44301771.png", "pose": [[-0.9963470101356506, -0.08539699018001556, 0.0, 1942.5604248046875], [0.08539699018001556, -0.9963470101356506, 0.0, 785.0933227539062], [0.0, 0.0, 1.0, 0.0], [0.0, 0.0, 0.0, 1.0]], "pose_inverse": [[-0.9963470101356506, 0.08539699018001556, 0.0, 1868.419677734375], [-0.08539699018001556, -0.9963470101356506, 0.0, 948.1141967773438], [0.0, 0.0, 1.0, 0.0], [0.0, 0.0, 0.0, 1.0]], "cam_ids": [0, 1, 2, 3, 4, 5], "cam_channels": ["CAM_FRONT_LEFT", "CAM_FRONT", "CAM_FRONT_RIGHT", "CAM_BACK_LEFT", "CAM_BACK", "CAM_BACK_RIGHT"], "token": "c9391a7a19e648a5a97fb66b44301771", "scene": "scene-0064"}, {"images": ["samples/CAM_FRONT_LEFT/n008-2018-08-01-15-52-19-0400__CAM_FRONT_LEFT__1533153293254799.jpg", "samples/CAM_FRONT/n008-2018-08-01-15-52-19-0400__CAM_FRONT__1533153293262404.jpg", "samples/CAM_FRONT_RIGHT/n008-2018-08-01-15-52-19-0400__CAM_FRONT_RIGHT__1533153293270482.jpg", "samples/CAM_BACK_LEFT/n008-2018-08-01-15-52-19-0400__CAM_BACK_LEFT__1533153293297405.jpg", "samples/CAM_BACK/n008-2018-08-01-15-52-19-0400__CAM_BACK__1533153293287558.jpg", "samples/CAM_BACK_RIGHT/n008-2018-08-01-15-52-19-0400__CAM_BACK_RIGHT__1533153293278124.jpg"], "intrinsics": [[[1257.8625342125129, 0.0, 827.2410631095686], [0.0, 1257.8625342125129, 450.915498205774], [0.0, 0.0, 1.0]], [[1252.8131021185304, 0.0, 826.588114781398], [0.0, 1252.8131021185304, 469.9846626224581], [0.0, 0.0, 1.0]], [[1256.7485116440405, 0.0, 817.7887570959712], [0.0, 1256.7485116440403, 451.9541780095127], [0.0, 0.0, 1.0]], [[1254.9860565800168, 0.0, 829.5769333630991], [0.0, 1254.9860565800168, 467.1680561863987], [0.0, 0.0, 1.0]], [[796.8910634503094, 0.0, 857.7774326863696], [0.0, 796.8910634503094, 476.8848988407415], [0.0, 0.0, 1.0]], [[1249.9629280788233, 0.0, 825.3768045375984], [0.0, 1249.9629280788233, 462.54816385708756], [0.0, 0.0, 1.0]]], "extrinsics": [[[0.8227243423461914, -0.5684194564819336, 0.004895951133221388, -0.824951171875], [0.023098476231098175, 0.024824177846312523, -0.999424934387207, 1.4932937622070312], [0.5679709911346436, 0.8223643898963928, 0.03355307877063751, -1.2105712890625], [0.0, 0.0, 0.0, 1.0]], [[0.010794616304337978, -0.999733030796051, -0.02042871154844761, 0.00848388671875], [0.025092286989092827, 0.020694289356470108, -0.9994709491729736, 1.4846115112304688], [0.9996268153190613, 0.01027629617601633, 0.025308974087238312, -1.5565185546875], [0.0, 0.0, 0.0, 1.0]], [[-0.8434618711471558, -0.5360941290855408, -0.03428008779883385, 0.975830078125], [0.03299533203244209, 0.011991646140813828, -0.9993835687637329, 1.49755859375], [0.5361747741699219, -0.8440730571746826, 0.007574107032269239, -1.203582763671875], [0.0, 0.0, 0.0, 1.0]], [[0.9477925300598145, 0.3185100257396698, 0.015514208935201168, -1.146484375], [0.007198521867394447, 0.02726864255964756, -0.9996022582054138, 1.5620231628417969], [-0.31880638003349304, 0.9475272297859192, 0.023552214726805687, -0.155303955078125], [0.0, 0.0, 0.0, 1.0]], [[0.008933257311582565, 0.9997655153274536, 0.019726844504475594, -0.02874755859375], [0.00949251838028431, 0.019641956314444542, -0.9997619986534119, 1.568511962890625], [-0.9999150633811951, 0.009118391200900078, -0.0093148248270154, -0.004150390625], [0.0, 0.0, 0.0, 1.0]], [[-0.9236510396003723, 0.3829803764820099, -0.01395509485155344, 1.071044921875], [0.013827326707541943, -0.0030865028966218233, -0.9998996257781982, 1.549154281616211], [-0.3829849660396576, -0.9237512946128845, -0.0024447424802929163, -0.0802001953125], [0.0, 0.0, 0.0, 1.0]]], "view": [[0.0, -2.0, 100.0], [-2.0, 0.0, 100.0], [0.0, 0.0, 1.0]], "bev": "bev_3621246382a54d6d91ea2f03958f3c21.png", "aux": "aux_3621246382a54d6d91ea2f03958f3c21.npz", "visibility": "visibility_3621246382a54d6d91ea2f03958f3c21.png", "pose": [[-0.996023416519165, -0.0890919491648674, 0.0, 1940.0865478515625], [0.0890919491648674, -0.996023416519165, 0.0, 785.3153686523438], [0.0, 0.0, 1.0, 0.0], [0.0, 0.0, 0.0, 1.0]], "pose_inverse": [[-0.996023416519165, 0.0890919491648674, 0.0, 1862.4063720703125], [-0.0890919491648674, -0.996023416519165, 0.0, 955.03857421875], [0.0, 0.0, 1.0, 0.0], [0.0, 0.0, 0.0, 1.0]], "cam_ids": [0, 1, 2, 3, 4, 5], "cam_channels": ["CAM_FRONT_LEFT", "CAM_FRONT", "CAM_FRONT_RIGHT", "CAM_BACK_LEFT", "CAM_BACK", "CAM_BACK_RIGHT"], "token": "3621246382a54d6d91ea2f03958f3c21", "scene": "scene-0064"}, {"images": ["samples/CAM_FRONT_LEFT/n008-2018-08-01-15-52-19-0400__CAM_FRONT_LEFT__1533153293754799.jpg", "samples/CAM_FRONT/n008-2018-08-01-15-52-19-0400__CAM_FRONT__1533153293762404.jpg", "samples/CAM_FRONT_RIGHT/n008-2018-08-01-15-52-19-0400__CAM_FRONT_RIGHT__1533153293770482.jpg", "samples/CAM_BACK_LEFT/n008-2018-08-01-15-52-19-0400__CAM_BACK_LEFT__1533153293797405.jpg", "samples/CAM_BACK/n008-2018-08-01-15-52-19-0400__CAM_BACK__1533153293787558.jpg", "samples/CAM_BACK_RIGHT/n008-2018-08-01-15-52-19-0400__CAM_BACK_RIGHT__1533153293778113.jpg"], "intrinsics": [[[1257.8625342125129, 0.0, 827.2410631095686], [0.0, 1257.8625342125129, 450.915498205774], [0.0, 0.0, 1.0]], [[1252.8131021185304, 0.0, 826.588114781398], [0.0, 1252.8131021185304, 469.9846626224581], [0.0, 0.0, 1.0]], [[1256.7485116440405, 0.0, 817.7887570959712], [0.0, 1256.7485116440403, 451.9541780095127], [0.0, 0.0, 1.0]], [[1254.9860565800168, 0.0, 829.5769333630991], [0.0, 1254.9860565800168, 467.1680561863987], [0.0, 0.0, 1.0]], [[796.8910634503094, 0.0, 857.7774326863696], [0.0, 796.8910634503094, 476.8848988407415], [0.0, 0.0, 1.0]], [[1249.9629280788233, 0.0, 825.3768045375984], [0.0, 1249.9629280788233, 462.54816385708756], [0.0, 0.0, 1.0]]], "extrinsics": [[[0.8230369687080383, -0.5679236054420471, -0.008542846888303757, -0.8111572265625], [0.002098641823977232, 0.018081115558743477, -0.9998343586921692, 1.48876953125], [0.5679839253425598, 0.8228827118873596, 0.01607329584658146, -1.2008056640625], [0.0, 0.0, 0.0, 1.0]], [[0.010937666520476341, -0.999838650226593, -0.014247351326048374, 0.00830078125], [0.003884717123582959, 0.014290583319962025, -0.9998903870582581, 1.4809017181396484], [0.9999327063560486, 0.010881139896810055, 0.004040396306663752, -1.5421142578125], [0.0, 0.0, 0.0, 1.0]], [[-0.8437520265579224, -0.5365740656852722, -0.013064321130514145, 0.9658203125], [0.011647474952042103, 0.006030136253684759, -0.9999139904975891, 1.4947948455810547], [0.5366067290306091, -0.8438316583633423, 0.0011617930140346289, -1.19744873046875], [0.0, 0.0, 0.0, 1.0]], [[0.9478474259376526, 0.318663626909256, -0.006220267154276371, -1.14404296875], [-0.014185602776706219, 0.022681429982185364, -0.9996420741081238, 1.562042236328125], [-0.3184085190296173, 0.9475964307785034, 0.02601897157728672, -0.15606689453125], [0.0, 0.0, 0.0, 1.0]], [[0.009072150103747845, 0.9998542666435242, 0.014459015801548958, -0.02862548828125], [-0.011921239085495472, 0.014566726982593536, -0.9998227953910828, 1.5674118995666504], [-0.9998878240585327, 0.008898170664906502, 0.012051654048264027, -0.0098876953125], [0.0, 0.0, 0.0, 1.0]], [[-0.9238849878311157, 0.3826526701450348, 0.0036653876304626465, 1.0623779296875], [-0.0075538186356425285, -0.008659849874675274, -0.9999339580535889, 1.5470142364501953], [-0.38259562849998474, -0.9238516688346863, 0.010891194455325603, -0.083740234375], [0.0, 0.0, 0.0, 1.0]]], "view": [[0.0, -2.0, 100.0], [-2.0, 0.0, 100.0], [0.0, 0.0, 1.0]], "bev": "bev_a5e17bb0b01045199ae4a868f5ba0721.png", "aux": "aux_a5e17bb0b01045199ae4a868f5ba0721.npz", "visibility": "visibility_a5e17bb0b01045199ae4a868f5ba0721.png", "pose": [[-0.9953593611717224, -0.09622746706008911, 0.0, 1937.4415283203125], [0.09622746706008911, -0.9953593611717224, 0.0, 785.5734252929688], [0.0, 0.0, 1.0, 0.0], [0.0, 0.0, 0.0, 1.0]], "pose_inverse": [[-0.9953593611717224, 0.09622746706008911, 0.0, 1852.8568115234375], [-0.09622746706008911, -0.9953593611717224, 0.0, 968.3629760742188], [0.0, 0.0, 1.0, 0.0], [0.0, 0.0, 0.0, 1.0]], "cam_ids": [0, 1, 2, 3, 4, 5], "cam_channels": ["CAM_FRONT_LEFT", "CAM_FRONT", "CAM_FRONT_RIGHT", "CAM_BACK_LEFT", "CAM_BACK", "CAM_BACK_RIGHT"], "token": "a5e17bb0b01045199ae4a868f5ba0721", "scene": "scene-0064"}, {"images": ["samples/CAM_FRONT_LEFT/n008-2018-08-01-15-52-19-0400__CAM_FRONT_LEFT__1533153294154799.jpg", "samples/CAM_FRONT/n008-2018-08-01-15-52-19-0400__CAM_FRONT__1533153294162404.jpg", "samples/CAM_FRONT_RIGHT/n008-2018-08-01-15-52-19-0400__CAM_FRONT_RIGHT__1533153294170482.jpg", "samples/CAM_BACK_LEFT/n008-2018-08-01-15-52-19-0400__CAM_BACK_LEFT__1533153294197405.jpg", "samples/CAM_BACK/n008-2018-08-01-15-52-19-0400__CAM_BACK__1533153294187558.jpg", "samples/CAM_BACK_RIGHT/n008-2018-08-01-15-52-19-0400__CAM_BACK_RIGHT__1533153294178113.jpg"], "intrinsics": [[[1257.8625342125129, 0.0, 827.2410631095686], [0.0, 1257.8625342125129, 450.915498205774], [0.0, 0.0, 1.0]], [[1252.8131021185304, 0.0, 826.588114781398], [0.0, 1252.8131021185304, 469.9846626224581], [0.0, 0.0, 1.0]], [[1256.7485116440405, 0.0, 817.7887570959712], [0.0, 1256.7485116440403, 451.9541780095127], [0.0, 0.0, 1.0]], [[1254.9860565800168, 0.0, 829.5769333630991], [0.0, 1254.9860565800168, 467.1680561863987], [0.0, 0.0, 1.0]], [[796.8910634503094, 0.0, 857.7774326863696], [0.0, 796.8910634503094, 476.8848988407415], [0.0, 0.0, 1.0]], [[1249.9629280788233, 0.0, 825.3768045375984], [0.0, 1249.9629280788233, 462.54816385708756], [0.0, 0.0, 1.0]]], "extrinsics": [[[0.8227220773696899, -0.5684196352958679, -0.005244607105851173, -0.8118896484375], [0.01285517681390047, 0.027828702703118324, -0.9995300769805908, 1.4911613464355469], [0.5682983994483948, 0.8222680687904358, 0.03020242415368557, -1.2049560546875], [0.0, 0.0, 0.0, 1.0]], [[0.010608701966702938, -0.9996784925460815, -0.023027261719107628, 0.01068115234375], [0.014841867610812187, 0.023183440789580345, -0.9996210336685181, 1.4829177856445312], [0.9998335242271423, 0.01026290562003851, 0.015083043836057186, -1.544189453125], [0.0, 0.0, 0.0, 1.0]], [[-0.8437204360961914, -0.536097526550293, -0.027116231620311737, 0.968505859375], [0.02322382852435112, 0.014012071304023266, -0.9996320605278015, 1.4964408874511719], [0.5362802147865295, -0.8440398573875427, 0.0006279651424847543, -1.1966705322265625], [0.0, 0.0, 0.0, 1.0]], [[0.9478460550308228, 0.3186376988887787, 0.0076031736098229885, -1.14501953125], [-0.0014077569358050823, 0.028039725497364998, -0.9996058344841003, 1.562042236328125], [-0.3187253177165985, 0.947461724281311, 0.02702590823173523, -0.15570068359375], [0.0, 0.0, 0.0, 1.0]], [[0.00904307421296835, 0.9997414946556091, 0.02086225524544716, -0.02935791015625], [0.0005825053085573018, 0.020857838913798332, -0.9997822046279907, 1.5680713653564453], [-0.9999589920043945, 0.009053248912096024, -0.00039373658364638686, -0.00830078125], [0.0, 0.0, 0.0, 1.0]], [[-0.9237666726112366, 0.3829268515110016, -0.00470398273319006, 1.063232421875], [0.004496826324611902, -0.0014360774075612426, -0.999988853931427, 1.5482840538024902], [-0.382929265499115, -0.9237775206565857, -0.0003953550476580858, -0.0821533203125], [0.0, 0.0, 0.0, 1.0]]], "view": [[0.0, -2.0, 100.0], [-2.0, 0.0, 100.0], [0.0, 0.0, 1.0]], "bev": "bev_86b70d00d4eb420d859c3c6024e256d6.png", "aux": "aux_86b70d00d4eb420d859c3c6024e256d6.npz", "visibility": "visibility_86b70d00d4eb420d859c3c6024e256d6.png", "pose": [[-0.9950233101844788, -0.09964235126972198, 0.0, 1935.254150390625], [0.09964235126972198, -0.9950233101844788, 0.0, 785.8115844726562], [0.0, 0.0, 1.0, 0.0], [0.0, 0.0, 0.0, 1.0]], "pose_inverse": [[-0.9950233101844788, 0.09964235126972198, 0.0, 1847.3228759765625], [-0.09964235126972198, -0.9950233101844788, 0.0, 974.734130859375], [0.0, 0.0, 1.0, 0.0], [0.0, 0.0, 0.0, 1.0]], "cam_ids": [0, 1, 2, 3, 4, 5], "cam_channels": ["CAM_FRONT_LEFT", "CAM_FRONT", "CAM_FRONT_RIGHT", "CAM_BACK_LEFT", "CAM_BACK", "CAM_BACK_RIGHT"], "token": "86b70d00d4eb420d859c3c6024e256d6", "scene": "scene-0064"}, {"images": ["samples/CAM_FRONT_LEFT/n008-2018-08-01-15-52-19-0400__CAM_FRONT_LEFT__1533153294654799.jpg", "samples/CAM_FRONT/n008-2018-08-01-15-52-19-0400__CAM_FRONT__1533153294662404.jpg", "samples/CAM_FRONT_RIGHT/n008-2018-08-01-15-52-19-0400__CAM_FRONT_RIGHT__1533153294670520.jpg", "samples/CAM_BACK_LEFT/n008-2018-08-01-15-52-19-0400__CAM_BACK_LEFT__1533153294697405.jpg", "samples/CAM_BACK/n008-2018-08-01-15-52-19-0400__CAM_BACK__1533153294687558.jpg", "samples/CAM_BACK_RIGHT/n008-2018-08-01-15-52-19-0400__CAM_BACK_RIGHT__1533153294678113.jpg"], "intrinsics": [[[1257.8625342125129, 0.0, 827.2410631095686], [0.0, 1257.8625342125129, 450.915498205774], [0.0, 0.0, 1.0]], [[1252.8131021185304, 0.0, 826.588114781398], [0.0, 1252.8131021185304, 469.9846626224581], [0.0, 0.0, 1.0]], [[1256.7485116440405, 0.0, 817.7887570959712], [0.0, 1256.7485116440403, 451.9541780095127], [0.0, 0.0, 1.0]], [[1254.9860565800168, 0.0, 829.5769333630991], [0.0, 1254.9860565800168, 467.1680561863987], [0.0, 0.0, 1.0]], [[796.8910634503094, 0.0, 857.7774326863696], [0.0, 796.8910634503094, 476.8848988407415], [0.0, 0.0, 1.0]], [[1249.9629280788233, 0.0, 825.3768045375984], [0.0, 1249.9629280788233, 462.54816385708756], [0.0, 0.0, 1.0]]], "extrinsics": [[[0.8215922713279724, -0.5700451135635376, -0.005897993221879005, -0.806640625], [0.019956354051828384, 0.039099182933568954, -0.9990360736846924, 1.4929656982421875], [0.5697261691093445, 0.8206825852394104, 0.04349960759282112, -1.1993408203125], [0.0, 0.0, 0.0, 1.0]], [[0.009084587916731834, -0.9993400573730469, -0.03516960144042969, 0.00946044921875], [0.021807361394166946, 0.03536068648099899, -0.9991366267204285, 1.484375], [0.9997208714485168, 0.008309786207973957, 0.022114206105470657, -1.5377197265625], [0.0, 0.0, 0.0, 1.0]], [[-0.8442497849464417, -0.5345014333724976, -0.03937693312764168, 0.963623046875], [0.029481638222932816, 0.027044909074902534, -0.999199390411377, 1.4974899291992188], [0.5351384878158569, -0.844734787940979, -0.007074681110680103, -1.1948699951171875], [0.0, 0.0, 0.0, 1.0]], [[0.9478582739830017, 0.3182583451271057, 0.01662546582520008, -1.14404296875], [0.0029896076302975416, 0.043285857886075974, -0.9990582466125488, 1.5620498657226562], [-0.3186783194541931, 0.9470152854919434, 0.040077388286590576, -0.155975341796875], [0.0, 0.0, 0.0, 1.0]], [[0.0094637805595994, 0.9993258118629456, 0.03547465801239014, -0.02899169921875], [0.0055635301396250725, 0.035423073917627335, -0.9993568658828735, 1.5683517456054688], [-0.9999397397041321, 0.009655055589973927, -0.00522454222664237, -0.0118408203125], [0.0, 0.0, 0.0, 1.0]], [[-0.9233526587486267, 0.38392528891563416, -0.004604916553944349, 1.059326171875], [0.010117556899785995, 0.012340273708105087, -0.9998726844787598, 1.5488967895507812], [-0.383819580078125, -0.9232816696166992, -0.015278810635209084, -0.0843505859375], [0.0, 0.0, 0.0, 1.0]]], "view": [[0.0, -2.0, 100.0], [-2.0, 0.0, 100.0], [0.0, 0.0, 1.0]], "bev": "bev_c370568cda2d4161acd15ace5fcb1822.png", "aux": "aux_c370568cda2d4161acd15ace5fcb1822.npz", "visibility": "visibility_c370568cda2d4161acd15ace5fcb1822.png", "pose": [[-0.9966932535171509, -0.08125641196966171, 0.0, 1932.4443359375], [0.08125641196966171, -0.9966932535171509, 0.0, 786.1033325195312], [0.0, 0.0, 1.0, 0.0], [0.0, 0.0, 0.0, 1.0]], "pose_inverse": [[-0.9966932535171509, 0.08125641196966171, 0.0, 1862.17822265625], [-0.08125641196966171, -0.9966932535171509, 0.0, 940.52734375], [0.0, 0.0, 1.0, 0.0], [0.0, 0.0, 0.0, 1.0]], "cam_ids": [0, 1, 2, 3, 4, 5], "cam_channels": ["CAM_FRONT_LEFT", "CAM_FRONT", "CAM_FRONT_RIGHT", "CAM_BACK_LEFT", "CAM_BACK", "CAM_BACK_RIGHT"], "token": "c370568cda2d4161acd15ace5fcb1822", "scene": "scene-0064"}, {"images": ["samples/CAM_FRONT_LEFT/n008-2018-08-01-15-52-19-0400__CAM_FRONT_LEFT__1533153295154799.jpg", "samples/CAM_FRONT/n008-2018-08-01-15-52-19-0400__CAM_FRONT__1533153295162404.jpg", "samples/CAM_FRONT_RIGHT/n008-2018-08-01-15-52-19-0400__CAM_FRONT_RIGHT__1533153295170482.jpg", "samples/CAM_BACK_LEFT/n008-2018-08-01-15-52-19-0400__CAM_BACK_LEFT__1533153295197405.jpg", "samples/CAM_BACK/n008-2018-08-01-15-52-19-0400__CAM_BACK__1533153295187558.jpg", "samples/CAM_BACK_RIGHT/n008-2018-08-01-15-52-19-0400__CAM_BACK_RIGHT__1533153295178113.jpg"], "intrinsics": [[[1257.8625342125129, 0.0, 827.2410631095686], [0.0, 1257.8625342125129, 450.915498205774], [0.0, 0.0, 1.0]], [[1252.8131021185304, 0.0, 826.588114781398], [0.0, 1252.8131021185304, 469.9846626224581], [0.0, 0.0, 1.0]], [[1256.7485116440405, 0.0, 817.7887570959712], [0.0, 1256.7485116440403, 451.9541780095127], [0.0, 0.0, 1.0]], [[1254.9860565800168, 0.0, 829.5769333630991], [0.0, 1254.9860565800168, 467.1680561863987], [0.0, 0.0, 1.0]], [[796.8910634503094, 0.0, 857.7774326863696], [0.0, 796.8910634503094, 476.8848988407415], [0.0, 0.0, 1.0]], [[1249.9629280788233, 0.0, 825.3768045375984], [0.0, 1249.9629280788233, 462.54816385708756], [0.0, 0.0, 1.0]]], "extrinsics": [[[0.8209941387176514, -0.570323646068573, -0.02644927054643631, -0.7996826171875], [-0.004345693159848452, 0.04008246585726738, -0.9991869330406189, 1.4870986938476562], [0.5709199905395508, 0.820441484451294, 0.030429018661379814, -1.1942138671875], [0.0, 0.0, 0.0, 1.0]], [[0.008062003180384636, -0.99929279088974, -0.03672747686505318, 0.0093994140625], [-0.0019412316614761949, 0.03671296313405037, -0.9993240237236023, 1.4796810150146484], [0.999965488910675, 0.008127840235829353, -0.0016438777092844248, -1.531005859375], [0.0, 0.0, 0.0, 1.0]], [[-0.844927191734314, -0.5344716310501099, -0.02093461900949478, 0.95947265625], [0.006508750841021538, 0.02886221371591091, -0.99956214427948, 1.4940414428710938], [0.5348418354988098, -0.8446934819221497, -0.020907726138830185, -1.19207763671875], [0.0, 0.0, 0.0, 1.0]], [[0.9478297829627991, 0.3187738060951233, -0.0014078508829697967, -1.144287109375], [-0.017352700233459473, 0.04718498885631561, -0.9987354278564453, 1.5620546340942383], [-0.31830427050590515, 0.9466555714607239, 0.05025492236018181, -0.1558380126953125], [0.0, 0.0, 0.0, 1.0]], [[0.009897690266370773, 0.9992141127586365, 0.038381610065698624, -0.02899169921875], [-0.015695754438638687, 0.038534004241228104, -0.9991340041160583, 1.5671300888061523], [-0.9998278617858887, 0.009286686778068542, 0.01606481894850731, -0.01318359375], [0.0, 0.0, 0.0, 1.0]], [[-0.9232839345932007, 0.38374996185302734, 0.01681308075785637, 1.056396484375], [-0.01208591740578413, 0.01472650095820427, -0.9998185038566589, 1.5464344024658203], [-0.3839278817176819, -0.9233195781707764, -0.008958772756159306, -0.0855712890625], [0.0, 0.0, 0.0, 1.0]]], "view": [[0.0, -2.0, 100.0], [-2.0, 0.0, 100.0], [0.0, 0.0, 1.0]], "bev": "bev_02f64cc49e0640f99b3f54903224c610.png", "aux": "aux_02f64cc49e0640f99b3f54903224c610.npz", "visibility": "visibility_02f64cc49e0640f99b3f54903224c610.png", "pose": [[-0.9986588358879089, -0.05177353322505951, 0.0, 1929.59326171875], [0.05177353322505951, -0.9986588358879089, 0.0, 786.30810546875], [0.0, 0.0, 1.0, 0.0], [0.0, 0.0, 0.0, 1.0]], "pose_inverse": [[-0.9986588358879089, 0.05177353322505951, 0.0, 1886.29541015625], [-0.05177353322505951, -0.9986588358879089, 0.0, 885.1553955078125], [0.0, 0.0, 1.0, 0.0], [0.0, 0.0, 0.0, 1.0]], "cam_ids": [0, 1, 2, 3, 4, 5], "cam_channels": ["CAM_FRONT_LEFT", "CAM_FRONT", "CAM_FRONT_RIGHT", "CAM_BACK_LEFT", "CAM_BACK", "CAM_BACK_RIGHT"], "token": "02f64cc49e0640f99b3f54903224c610", "scene": "scene-0064"}, {"images": ["samples/CAM_FRONT_LEFT/n008-2018-08-01-15-52-19-0400__CAM_FRONT_LEFT__1533153295654799.jpg", "samples/CAM_FRONT/n008-2018-08-01-15-52-19-0400__CAM_FRONT__1533153295662404.jpg", "samples/CAM_FRONT_RIGHT/n008-2018-08-01-15-52-19-0400__CAM_FRONT_RIGHT__1533153295670482.jpg", "samples/CAM_BACK_LEFT/n008-2018-08-01-15-52-19-0400__CAM_BACK_LEFT__1533153295697405.jpg", "samples/CAM_BACK/n008-2018-08-01-15-52-19-0400__CAM_BACK__1533153295687558.jpg", "samples/CAM_BACK_RIGHT/n008-2018-08-01-15-52-19-0400__CAM_BACK_RIGHT__1533153295678113.jpg"], "intrinsics": [[[1257.8625342125129, 0.0, 827.2410631095686], [0.0, 1257.8625342125129, 450.915498205774], [0.0, 0.0, 1.0]], [[1252.8131021185304, 0.0, 826.588114781398], [0.0, 1252.8131021185304, 469.9846626224581], [0.0, 0.0, 1.0]], [[1256.7485116440405, 0.0, 817.7887570959712], [0.0, 1256.7485116440403, 451.9541780095127], [0.0, 0.0, 1.0]], [[1254.9860565800168, 0.0, 829.5769333630991], [0.0, 1254.9860565800168, 467.1680561863987], [0.0, 0.0, 1.0]], [[796.8910634503094, 0.0, 857.7774326863696], [0.0, 796.8910634503094, 476.8848988407415], [0.0, 0.0, 1.0]], [[1249.9629280788233, 0.0, 825.3768045375984], [0.0, 1249.9629280788233, 462.54816385708756], [0.0, 0.0, 1.0]]], "extrinsics": [[[0.8202550411224365, -0.5715761184692383, -0.021962720900774002, -0.76416015625], [0.008211562409996986, 0.05015939101576805, -0.9987074136734009, 1.4906005859375], [0.5719390511512756, 0.8190144896507263, 0.045837026089429855, -1.167724609375], [0.0, 0.0, 0.0, 1.0]], [[0.006863330025225878, -0.9988852143287659, -0.04670253396034241, 0.008544921875], [0.009624885395169258, 0.046767458319664, -0.9988594055175781, 1.4824790954589844], [0.999930202960968, 0.006405999418348074, 0.009935136884450912, -1.487548828125], [0.0, 0.0, 0.0, 1.0]], [[-0.8454448580741882, -0.5329027771949768, -0.035181622952222824, 0.922607421875], [0.01708809658885002, 0.03884926438331604, -0.9990989565849304, 1.4964370727539062], [0.5337894558906555, -0.8452842235565186, -0.023738615214824677, -1.170135498046875], [0.0, 0.0, 0.0, 1.0]], [[0.948022723197937, 0.31810262799263, 0.007983135059475899, -1.10498046875], [-0.010646859183907509, 0.056784383952617645, -0.9983296990394592, 1.5615692138671875], [-0.3180246651172638, 0.9463542103767395, 0.05721967667341232, -0.1698455810546875], [0.0, 0.0, 0.0, 1.0]], [[0.010592938400804996, 0.9987799525260925, 0.048232853412628174, -0.0283203125], [-0.007674640044569969, 0.048315346240997314, -0.9988026022911072, 1.5672798156738281], [-0.9999144673347473, 0.010210090316832066, 0.008177078329026699, -0.05419921875], [0.0, 0.0, 0.0, 1.0]], [[-0.9229159355163574, 0.3848153352737427, 0.011979905888438225, 1.0179443359375], [-0.002701237564906478, 0.024643534794449806, -0.9996926188468933, 1.5473718643188477], [-0.38499224185943604, -0.9226645231246948, -0.021704427897930145, -0.102294921875], [0.0, 0.0, 0.0, 1.0]]], "view": [[0.0, -2.0, 100.0], [-2.0, 0.0, 100.0], [0.0, 0.0, 1.0]], "bev": "bev_9165015b97254c078758133676e17804.png", "aux": "aux_9165015b97254c078758133676e17804.npz", "visibility": "visibility_9165015b97254c078758133676e17804.png", "pose": [[-0.9997870326042175, -0.020638175308704376, 0.0, 1926.5498046875], [0.020638175308704376, -0.9997870326042175, 0.0, 786.4452514648438], [0.0, 0.0, 1.0, 0.0], [0.0, 0.0, 0.0, 1.0]], "pose_inverse": [[-0.9997870326042175, 0.020638175308704376, 0.0, 1909.90869140625], [-0.020638175308704376, -0.9997870326042175, 0.0, 826.0382080078125], [0.0, 0.0, 1.0, 0.0], [0.0, 0.0, 0.0, 1.0]], "cam_ids": [0, 1, 2, 3, 4, 5], "cam_channels": ["CAM_FRONT_LEFT", "CAM_FRONT", "CAM_FRONT_RIGHT", "CAM_BACK_LEFT", "CAM_BACK", "CAM_BACK_RIGHT"], "token": "9165015b97254c078758133676e17804", "scene": "scene-0064"}, {"images": ["samples/CAM_FRONT_LEFT/n008-2018-08-01-15-52-19-0400__CAM_FRONT_LEFT__1533153296154799.jpg", "samples/CAM_FRONT/n008-2018-08-01-15-52-19-0400__CAM_FRONT__1533153296162404.jpg", "samples/CAM_FRONT_RIGHT/n008-2018-08-01-15-52-19-0400__CAM_FRONT_RIGHT__1533153296170482.jpg", "samples/CAM_BACK_LEFT/n008-2018-08-01-15-52-19-0400__CAM_BACK_LEFT__1533153296197405.jpg", "samples/CAM_BACK/n008-2018-08-01-15-52-19-0400__CAM_BACK__1533153296187558.jpg", "samples/CAM_BACK_RIGHT/n008-2018-08-01-15-52-19-0400__CAM_BACK_RIGHT__1533153296178113.jpg"], "intrinsics": [[[1257.8625342125129, 0.0, 827.2410631095686], [0.0, 1257.8625342125129, 450.915498205774], [0.0, 0.0, 1.0]], [[1252.8131021185304, 0.0, 826.588114781398], [0.0, 1252.8131021185304, 469.9846626224581], [0.0, 0.0, 1.0]], [[1256.7485116440405, 0.0, 817.7887570959712], [0.0, 1256.7485116440403, 451.9541780095127], [0.0, 0.0, 1.0]], [[1254.9860565800168, 0.0, 829.5769333630991], [0.0, 1254.9860565800168, 467.1680561863987], [0.0, 0.0, 1.0]], [[796.8910634503094, 0.0, 857.7774326863696], [0.0, 796.8910634503094, 476.8848988407415], [0.0, 0.0, 1.0]], [[1249.9629280788233, 0.0, 825.3768045375984], [0.0, 1249.9629280788233, 462.54816385708756], [0.0, 0.0, 1.0]]], "extrinsics": [[[0.8208590745925903, -0.570265531539917, -0.03142586722970009, -0.79052734375], [0.007033330388367176, 0.0651131197810173, -0.9978531002998352, 1.4900398254394531], [0.5710874795913696, 0.8188757300376892, 0.05745956301689148, -1.1856689453125], [0.0, 0.0, 0.0, 1.0]], [[0.00781339406967163, -0.9981080293655396, -0.060985177755355835, 0.008056640625], [0.009034579619765282, 0.0610550120472908, -0.9980935454368591, 1.4820289611816406], [0.9999286532402039, 0.007247524335980415, 0.009494534693658352, -1.52099609375], [0.0, 0.0, 0.0, 1.0]], [[-0.8449926972389221, -0.5330942273139954, -0.04240255802869797, 0.9522705078125], [0.017032228410243988, 0.052422236651182175, -0.9984797239303589, 1.4958267211914062], [0.5345066785812378, -0.8444303274154663, -0.03521662577986717, -1.1893310546875], [0.0, 0.0, 0.0, 1.0]], [[0.9478476047515869, 0.31844019889831543, 0.013444696553051472, -1.144775390625], [-0.00855991616845131, 0.06760121136903763, -0.9976757168769836, 1.5620613098144531], [-0.31860893964767456, 0.9455294609069824, 0.06680147349834442, -0.1556549072265625], [0.0, 0.0, 0.0, 1.0]], [[0.009888137690722942, 0.9981465935707092, 0.060045525431632996, -0.02850341796875], [-0.006318996660411358, 0.060109637677669525, -0.9981717467308044, 1.5676727294921875], [-0.9999311566352844, 0.009490633383393288, 0.006901657208800316, -0.0150146484375], [0.0, 0.0, 0.0, 1.0]], [[-0.9232138991355896, 0.38394099473953247, 0.0162896029651165, 1.052001953125], [-0.002066849498078227, 0.03742765262722969, -0.9992972016334534, 1.5475502014160156], [-0.3842807710170746, -0.9225987792015076, -0.033760182559490204, -0.08837890625], [0.0, 0.0, 0.0, 1.0]]], "view": [[0.0, -2.0, 100.0], [-2.0, 0.0, 100.0], [0.0, 0.0, 1.0]], "bev": "bev_5c15c019742a4c4197a45081e90fbce4.png", "aux": "aux_5c15c019742a4c4197a45081e90fbce4.npz", "visibility": "visibility_5c15c019742a4c4197a45081e90fbce4.png", "pose": [[-0.9999121427536011, 0.013256184756755829, 0.0, 1923.6026611328125], [-0.013256184756755829, -0.9999121427536011, 0.0, 786.4569702148438], [0.0, 0.0, 1.0, 0.0], [0.0, 0.0, 0.0, 1.0]], "pose_inverse": [[-0.9999121427536011, -0.013256184756755829, 0.0, 1933.8590087890625], [0.013256184756755829, -0.9999121427536011, 0.0, 760.8882446289062], [0.0, 0.0, 1.0, 0.0], [0.0, 0.0, 0.0, 1.0]], "cam_ids": [0, 1, 2, 3, 4, 5], "cam_channels": ["CAM_FRONT_LEFT", "CAM_FRONT", "CAM_FRONT_RIGHT", "CAM_BACK_LEFT", "CAM_BACK", "CAM_BACK_RIGHT"], "token": "5c15c019742a4c4197a45081e90fbce4", "scene": "scene-0064"}, {"images": ["samples/CAM_FRONT_LEFT/n008-2018-08-01-15-52-19-0400__CAM_FRONT_LEFT__1533153296654799.jpg", "samples/CAM_FRONT/n008-2018-08-01-15-52-19-0400__CAM_FRONT__1533153296662404.jpg", "samples/CAM_FRONT_RIGHT/n008-2018-08-01-15-52-19-0400__CAM_FRONT_RIGHT__1533153296670482.jpg", "samples/CAM_BACK_LEFT/n008-2018-08-01-15-52-19-0400__CAM_BACK_LEFT__1533153296697405.jpg", "samples/CAM_BACK/n008-2018-08-01-15-52-19-0400__CAM_BACK__1533153296687558.jpg", "samples/CAM_BACK_RIGHT/n008-2018-08-01-15-52-19-0400__CAM_BACK_RIGHT__1533153296678113.jpg"], "intrinsics": [[[1257.8625342125129, 0.0, 827.2410631095686], [0.0, 1257.8625342125129, 450.915498205774], [0.0, 0.0, 1.0]], [[1252.8131021185304, 0.0, 826.588114781398], [0.0, 1252.8131021185304, 469.9846626224581], [0.0, 0.0, 1.0]], [[1256.7485116440405, 0.0, 817.7887570959712], [0.0, 1256.7485116440403, 451.9541780095127], [0.0, 0.0, 1.0]], [[1254.9860565800168, 0.0, 829.5769333630991], [0.0, 1254.9860565800168, 467.1680561863987], [0.0, 0.0, 1.0]], [[796.8910634503094, 0.0, 857.7774326863696], [0.0, 796.8910634503094, 476.8848988407415], [0.0, 0.0, 1.0]], [[1249.9629280788233, 0.0, 825.3768045375984], [0.0, 1249.9629280788233, 462.54816385708756], [0.0, 0.0, 1.0]]], "extrinsics": [[[0.8225070834159851, -0.5686957240104675, -0.008205744437873363, -0.780029296875], [0.02637597545981407, 0.05255178362131119, -0.9982698559761047, 1.49530029296875], [0.5681429505348206, 0.8208675384521484, 0.058224115520715714, -1.181640625], [0.0, 0.0, 0.0, 1.0]], [[0.010582289658486843, -0.9987744092941284, -0.048349495977163315, 0.01007080078125], [0.028338726609945297, 0.048632338643074036, -0.9984146356582642, 1.486358642578125], [0.9995423555374146, 0.009195351973176003, 0.028818635269999504, -1.51220703125], [0.0, 0.0, 0.0, 1.0]], [[-0.8434616327285767, -0.5346642136573792, -0.05202596262097359, 0.9476318359375], [0.036217864602804184, 0.040028344839811325, -0.9985418915748596, 1.4991836547851562], [0.5359671115875244, -0.8441160917282104, -0.014397975988686085, -1.184478759765625], [0.0, 0.0, 0.0, 1.0]], [[0.94781893491745, 0.3176611363887787, 0.027034830302000046, -1.14794921875], [0.010226048529148102, 0.05446320399641991, -0.9984633922576904, 1.5620231628417969], [-0.3186454474925995, 0.946638822555542, 0.04837283492088318, -0.15444183349609375], [0.0, 0.0, 0.0, 1.0]], [[0.008960549719631672, 0.9988309144973755, 0.04750418663024902, -0.0289306640625], [0.012609285302460194, 0.047389451414346695, -0.9987968802452087, 1.5687942504882812], [-0.9998803734779358, 0.009548763744533062, -0.012169908732175827, -0.0167236328125], [0.0, 0.0, 0.0, 1.0]], [[-0.9235417246818542, 0.38344791531562805, -0.006181065924465656, 1.0478515625], [0.01702207513153553, 0.024885626509785652, -0.9995453357696533, 1.5498542785644531], [-0.38311976194381714, -0.9232271313667297, -0.02950999140739441, -0.089111328125], [0.0, 0.0, 0.0, 1.0]]], "view": [[0.0, -2.0, 100.0], [-2.0, 0.0, 100.0], [0.0, 0.0, 1.0]], "bev": "bev_bd074621e1ec42e29f7ce05d9d856b9f.png", "aux": "aux_bd074621e1ec42e29f7ce05d9d856b9f.npz", "visibility": "visibility_bd074621e1ec42e29f7ce05d9d856b9f.png", "pose": [[-0.9997005462646484, 0.02447112649679184, 0.0, 1920.406982421875], [-0.02447112649679184, -0.9997005462646484, 0.0, 786.423828125], [0.0, 0.0, 1.0, 0.0], [0.0, 0.0, 0.0, 1.0]], "pose_inverse": [[-0.9997005462646484, -0.02447112649679184, 0.0, 1939.0765380859375], [0.02447112649679184, -0.9997005462646484, 0.0, 739.1937866210938], [0.0, 0.0, 1.0, 0.0], [0.0, 0.0, 0.0, 1.0]], "cam_ids": [0, 1, 2, 3, 4, 5], "cam_channels": ["CAM_FRONT_LEFT", "CAM_FRONT", "CAM_FRONT_RIGHT", "CAM_BACK_LEFT", "CAM_BACK", "CAM_BACK_RIGHT"], "token": "bd074621e1ec42e29f7ce05d9d856b9f", "scene": "scene-0064"}, {"images": ["samples/CAM_FRONT_LEFT/n008-2018-08-01-15-52-19-0400__CAM_FRONT_LEFT__1533153297154799.jpg", "samples/CAM_FRONT/n008-2018-08-01-15-52-19-0400__CAM_FRONT__1533153297162404.jpg", "samples/CAM_FRONT_RIGHT/n008-2018-08-01-15-52-19-0400__CAM_FRONT_RIGHT__1533153297170482.jpg", "samples/CAM_BACK_LEFT/n008-2018-08-01-15-52-19-0400__CAM_BACK_LEFT__1533153297198105.jpg", "samples/CAM_BACK/n008-2018-08-01-15-52-19-0400__CAM_BACK__1533153297187558.jpg", "samples/CAM_BACK_RIGHT/n008-2018-08-01-15-52-19-0400__CAM_BACK_RIGHT__1533153297178113.jpg"], "intrinsics": [[[1257.8625342125129, 0.0, 827.2410631095686], [0.0, 1257.8625342125129, 450.915498205774], [0.0, 0.0, 1.0]], [[1252.8131021185304, 0.0, 826.588114781398], [0.0, 1252.8131021185304, 469.9846626224581], [0.0, 0.0, 1.0]], [[1256.7485116440405, 0.0, 817.7887570959712], [0.0, 1256.7485116440403, 451.9541780095127], [0.0, 0.0, 1.0]], [[1254.9860565800168, 0.0, 829.5769333630991], [0.0, 1254.9860565800168, 467.1680561863987], [0.0, 0.0, 1.0]], [[796.8910634503094, 0.0, 857.7774326863696], [0.0, 796.8910634503094, 476.8848988407415], [0.0, 0.0, 1.0]], [[1249.9629280788233, 0.0, 825.3768045375984], [0.0, 1249.9629280788233, 462.54816385708756], [0.0, 0.0, 1.0]]], "extrinsics": [[[0.8223019242286682, -0.5689168572425842, -0.012378296814858913, -0.7728271484375], [0.012408668175339699, 0.03967411071062088, -0.9991356134414673, 1.49163818359375], [0.5689162611961365, 0.8214375376701355, 0.039683595299720764, -1.1767578125], [0.0, 0.0, 0.0, 1.0]], [[0.009971410036087036, -0.9993287324905396, -0.035252463072538376, 0.01025390625], [0.014335685409605503, 0.03539345785975456, -0.9992706179618835, 1.483367919921875], [0.9998475313186646, 0.009458770044147968, 0.014678983949124813, -1.5048828125], [0.0, 0.0, 0.0, 1.0]], [[-0.8440189361572266, -0.5352951884269714, -0.033033374696969986, 0.9422607421875], [0.022288141772150993, 0.026531018316745758, -0.9993994832038879, 1.4969635009765625], [0.5358501076698303, -0.844248354434967, -0.01046194788068533, -1.18096923828125], [0.0, 0.0, 0.0, 1.0]], [[0.9479151964187622, 0.31836754083633423, 0.009947136044502258, -1.14697265625], [-0.0034083977807313204, 0.04136551171541214, -0.9991382360458374, 1.5620594024658203], [-0.31850466132164, 0.9470644593238831, 0.04029611870646477, -0.15508270263671875], [0.0, 0.0, 0.0, 1.0]], [[0.009248532354831696, 0.9993804693222046, 0.03395947441458702, -0.02899169921875], [-0.001179439015686512, 0.03397180512547493, -0.9994220733642578, 1.5679607391357422], [-0.9999564290046692, 0.009203130379319191, 0.0014928971650