[{"images": ["samples/CAM_FRONT_LEFT/n008-2018-08-30-10-33-52-0400__CAM_FRONT_LEFT__1535639636654799.jpg", "samples/CAM_FRONT/n008-2018-08-30-10-33-52-0400__CAM_FRONT__1535639636662404.jpg", "samples/CAM_FRONT_RIGHT/n008-2018-08-30-10-33-52-0400__CAM_FRONT_RIGHT__1535639636670482.jpg", "samples/CAM_BACK_LEFT/n008-2018-08-30-10-33-52-0400__CAM_BACK_LEFT__1535639636699699.jpg", "samples/CAM_BACK/n008-2018-08-30-10-33-52-0400__CAM_BACK__1535639636687558.jpg", "samples/CAM_BACK_RIGHT/n008-2018-08-30-10-33-52-0400__CAM_BACK_RIGHT__1535639636678113.jpg"], "intrinsics": [[[1257.8625342125129, 0.0, 827.2410631095686], [0.0, 1257.8625342125129, 450.915498205774], [0.0, 0.0, 1.0]], [[1252.8131021185304, 0.0, 826.588114781398], [0.0, 1252.8131021185304, 469.9846626224581], [0.0, 0.0, 1.0]], [[1256.7485116440405, 0.0, 817.7887570959712], [0.0, 1256.7485116440403, 451.9541780095127], [0.0, 0.0, 1.0]], [[1254.9860565800168, 0.0, 829.5769333630991], [0.0, 1254.9860565800168, 467.1680561863987], [0.0, 0.0, 1.0]], [[796.8910634503094, 0.0, 857.7774326863696], [0.0, 796.8910634503094, 476.8848988407415], [0.0, 0.0, 1.0]], [[1249.9629280788233, 0.0, 825.3768045375984], [0.0, 1249.9629280788233, 462.54816385708756], [0.0, 0.0, 1.0]]], "extrinsics": [[[0.822720468044281, -0.568203866481781, 0.01659623719751835, -0.91253662109375], [0.029975267127156258, 0.014209981076419353, -0.9994496703147888, 1.4915828704833984], [0.5676552653312683, 0.8227651715278625, 0.02872290275990963, -1.2723388671875], [0.0, 0.0, 0.0, 1.0]], [[0.01108553260564804, -0.9998911023139954, -0.009743613190948963, 0.0086669921875], [0.03193312883377075, 0.01009324099868536, -0.9994390606880188, 1.4836788177490234], [0.9994285106658936, 0.010768145322799683, 0.03204154223203659, -1.6239471435546875], [0.0, 0.0, 0.0, 1.0]], [[-0.8430841565132141, -0.5366759300231934, -0.03446755185723305, 0.99853515625], [0.0399569608271122, 0.0014029104495421052, -0.9992004036903381, 1.4974980354309082], [0.5362951755523682, -0.8437873125076294, 0.020261166617274284, -1.2161865234375], [0.0, 0.0, 0.0, 1.0]], [[0.9476106762886047, 0.31886348128318787, 0.01897362433373928, -1.1422119140625], [0.014368957839906216, 0.01678716391324997, -0.9997557997703552, 1.5620613098144531], [-0.3191041350364685, 0.9476519823074341, 0.0113259581848979, -0.1575927734375], [0.0, 0.0, 0.0, 1.0]], [[0.008623660542070866, 0.9999200701713562, 0.009241302497684956, -0.029541015625], [0.016602173447608948, 0.009097203612327576, -0.9998207688331604, 1.5689868927001953], [-0.9998250007629395, 0.008775489404797554, -0.016522394493222237, -0.0118560791015625], [0.0, 0.0, 0.0, 1.0]], [[-0.9236220717430115, 0.382517009973526, -0.024554822593927383, 1.06903076171875], [0.02091286890208721, -0.013676692731678486, -0.9996877908706665, 1.549896240234375], [-0.38273340463638306, -0.9238471388816833, 0.004632567521184683, -0.079345703125], [0.0, 0.0, 0.0, 1.0]]], "view": [[0.0, -2.0, 100.0], [-2.0, 0.0, 100.0], [0.0, 0.0, 1.0]], "bev": "bev_4e26b42796024b45a9a852738e3701bb.png", "aux": "aux_4e26b42796024b45a9a852738e3701bb.npz", "visibility": "visibility_4e26b42796024b45a9a852738e3701bb.png", "pose": [[0.8264261484146118, 0.5630451440811157, 0.0, 1224.58203125], [-0.5630451440811157, 0.8264261484146118, 0.0, 1521.1666259765625], [0.0, 0.0, 1.0, 0.0], [0.0, 0.0, 0.0, 1.0]], "pose_inverse": [[0.8264261484146118, -0.5630451440811157, 0.0, -155.5410614013672], [0.5630451440811157, 0.8264261484146118, 0.0, -1946.6268310546875], [0.0, 0.0, 1.0, 0.0], [0.0, 0.0, 0.0, 1.0]], "cam_ids": [0, 1, 2, 3, 4, 5], "cam_channels": ["CAM_FRONT_LEFT", "CAM_FRONT", "CAM_FRONT_RIGHT", "CAM_BACK_LEFT", "CAM_BACK", "CAM_BACK_RIGHT"], "token": "4e26b42796024b45a9a852738e3701bb", "scene": "scene-0519"}, {"images": ["samples/CAM_FRONT_LEFT/n008-2018-08-30-10-33-52-0400__CAM_FRONT_LEFT__1535639637154799.jpg", "samples/CAM_FRONT/n008-2018-08-30-10-33-52-0400__CAM_FRONT__1535639637162404.jpg", "samples/CAM_FRONT_RIGHT/n008-2018-08-30-10-33-52-0400__CAM_FRONT_RIGHT__1535639637170482.jpg", "samples/CAM_BACK_LEFT/n008-2018-08-30-10-33-52-0400__CAM_BACK_LEFT__1535639637197405.jpg", "samples/CAM_BACK/n008-2018-08-30-10-33-52-0400__CAM_BACK__1535639637187558.jpg", "samples/CAM_BACK_RIGHT/n008-2018-08-30-10-33-52-0400__CAM_BACK_RIGHT__1535639637178113.jpg"], "intrinsics": [[[1257.8625342125129, 0.0, 827.2410631095686], [0.0, 1257.8625342125129, 450.915498205774], [0.0, 0.0, 1.0]], [[1252.8131021185304, 0.0, 826.588114781398], [0.0, 1252.8131021185304, 469.9846626224581], [0.0, 0.0, 1.0]], [[1256.7485116440405, 0.0, 817.7887570959712], [0.0, 1256.7485116440403, 451.9541780095127], [0.0, 0.0, 1.0]], [[1254.9860565800168, 0.0, 829.5769333630991], [0.0, 1254.9860565800168, 467.1680561863987], [0.0, 0.0, 1.0]], [[796.8910634503094, 0.0, 857.7774326863696], [0.0, 796.8910634503094, 476.8848988407415], [0.0, 0.0, 1.0]], [[1249.9629280788233, 0.0, 825.3768045375984], [0.0, 1249.9629280788233, 462.54816385708756], [0.0, 0.0, 1.0]]], "extrinsics": [[[0.8226802945137024, -0.5680325627326965, 0.02315509505569935, -0.82421875], [0.03210774064064026, 0.005759587045758963, -0.9994677901268005, 1.4952754974365234], [0.5675969123840332, 0.8229859471321106, 0.02297654002904892, -1.2117919921875], [0.0, 0.0, 0.0, 1.0]], [[0.011024167761206627, -0.9999386668205261, -0.0011205867631360888, 0.00927734375], [0.03413098677992821, 0.0014962913701310754, -0.9994162321090698, 1.4863343238830566], [0.9993565678596497, 0.010979502461850643, 0.03414538875222206, -1.554046630859375], [0.0, 0.0, 0.0, 1.0]], [[-0.843095064163208, -0.5368306040763855, -0.031681593507528305, 0.9722900390625], [0.04221595823764801, -0.007338571362197399, -0.999081552028656, 1.4990501403808594], [0.5361050367355347, -0.8436582088470459, 0.028849929571151733, -1.200439453125], [0.0, 0.0, 0.0, 1.0]], [[0.9475882649421692, 0.3189646899700165, 0.018385672941803932, -1.13568115234375], [0.016934342682361603, 0.007322936784476042, -0.9998297691345215, 1.5621957778930664], [-0.3190450966358185, 0.9477382302284241, 0.001537669450044632, -0.158935546875], [0.0, 0.0, 0.0, 1.0]], [[0.008755406364798546, 0.9999616742134094, 0.0001354589912807569, -0.0289306640625], [0.019006272777915, -3.09726528939791e-05, -0.9998193383216858, 1.5691651105880737], [-0.99978107213974, 0.008756310679018497, -0.01900581642985344, -0.0137939453125], [0.0, 0.0, 0.0, 1.0]], [[-0.923483669757843, 0.38245734572410583, -0.030069082975387573, 1.06402587890625], [0.023203713819384575, -0.02255176566541195, -0.9994763135910034, 1.5502548217773438], [-0.38293519616127014, -0.9236979484558105, 0.011951758526265621, -0.08251953125], [0.0, 0.0, 0.0, 1.0]]], "view": [[0.0, -2.0, 100.0], [-2.0, 0.0, 100.0], [0.0, 0.0, 1.0]], "bev": "bev_309a9721e7184261beb804f18d385044.png", "aux": "aux_309a9721e7184261beb804f18d385044.npz", "visibility": "visibility_309a9721e7184261beb804f18d385044.png", "pose": [[0.8237113356590271, 0.5670093894004822, 0.0, 1226.4918212890625], [-0.5670093894004822, 0.8237113356590271, 0.0, 1519.8209228515625], [0.0, 0.0, 1.0, 0.0], [0.0, 0.0, 0.0, 1.0]], "pose_inverse": [[0.8237113356590271, -0.5670093894004822, 0.0, -148.5224151611328], [0.5670093894004822, 0.8237113356590271, 0.0, -1947.3260498046875], [0.0, 0.0, 1.0, 0.0], [0.0, 0.0, 0.0, 1.0]], "cam_ids": [0, 1, 2, 3, 4, 5], "cam_channels": ["CAM_FRONT_LEFT", "CAM_FRONT", "CAM_FRONT_RIGHT", "CAM_BACK_LEFT", "CAM_BACK", "CAM_BACK_RIGHT"], "token": "309a9721e7184261beb804f18d385044", "scene": "scene-0519"}, {"images": ["samples/CAM_FRONT_LEFT/n008-2018-08-30-10-33-52-0400__CAM_FRONT_LEFT__1535639637654799.jpg", "samples/CAM_FRONT/n008-2018-08-30-10-33-52-0400__CAM_FRONT__1535639637662404.jpg", "samples/CAM_FRONT_RIGHT/n008-2018-08-30-10-33-52-0400__CAM_FRONT_RIGHT__1535639637670482.jpg", "samples/CAM_BACK_LEFT/n008-2018-08-30-10-33-52-0400__CAM_BACK_LEFT__1535639637697405.jpg", "samples/CAM_BACK/n008-2018-08-30-10-33-52-0400__CAM_BACK__1535639637687558.jpg", "samples/CAM_BACK_RIGHT/n008-2018-08-30-10-33-52-0400__CAM_BACK_RIGHT__1535639637678113.jpg"], "intrinsics": [[[1257.8625342125129, 0.0, 827.2410631095686], [0.0, 1257.8625342125129, 450.915498205774], [0.0, 0.0, 1.0]], [[1252.8131021185304, 0.0, 826.588114781398], [0.0, 1252.8131021185304, 469.9846626224581], [0.0, 0.0, 1.0]], [[1256.7485116440405, 0.0, 817.7887570959712], [0.0, 1256.7485116440403, 451.9541780095127], [0.0, 0.0, 1.0]], [[1254.9860565800168, 0.0, 829.5769333630991], [0.0, 1254.9860565800168, 467.1680561863987], [0.0, 0.0, 1.0]], [[796.8910634503094, 0.0, 857.7774326863696], [0.0, 796.8910634503094, 476.8848988407415], [0.0, 0.0, 1.0]], [[1249.9629280788233, 0.0, 825.3768045375984], [0.0, 1249.9629280788233, 462.54816385708756], [0.0, 0.0, 1.0]]], "extrinsics": [[[0.82281893491745, -0.5682927966117859, 0.00348875904455781, -0.81365966796875], [0.005823413375765085, 0.002292702440172434, -0.9999803900718689, 1.4896292686462402], [0.5682737231254578, 0.822823166847229, 0.005195883568376303, -1.20458984375], [0.0, 0.0, 0.0, 1.0]], [[0.010644038207828999, -0.9999406337738037, 0.0023310338146984577, 0.0096435546875], [0.007492591626942158, -0.0022513449657708406, -0.9999694228172302, 1.4816062450408936], [0.9999153017997742, 0.010661200620234013, 0.007468183524906635, -1.5430908203125], [0.0, 0.0, 0.0, 1.0]], [[-0.843837320804596, -0.5365561842918396, -0.006787994876503944, 0.9644775390625], [0.015260948799550533, -0.01135200820863247, -0.9998190999031067, 1.4953899383544922], [0.5363820195198059, -0.8437882661819458, 0.017767606303095818, -1.1954345703125], [0.0, 0.0, 0.0, 1.0]], [[0.9478650689125061, 0.31853359937667847, -0.009390859864652157, -1.13397216796875], [-0.010817508213222027, 0.0027101116720587015, -0.9999378323554993, 1.5619277954101562], [-0.31848838925361633, 0.9479076266288757, 0.0060145617462694645, -0.1597900390625], [0.0, 0.0, 0.0, 1.0]], [[0.009137100540101528, 0.9999479651451111, -0.004525808617472649, -0.029052734375], [-0.008486437611281872, -0.00444828812032938, -0.9999540448188782, 1.567530632019043], [-0.9999222159385681, 0.009175102226436138, 0.008445353247225285, -0.01857757568359375], [0.0, 0.0, 0.0, 1.0]], [[-0.9238181114196777, 0.3827759325504303, -0.006522246636450291, 1.05712890625], [-0.0040286835283041, -0.02675619162619114, -0.9996338486671448, 1.5474014282226562], [-0.3828103542327881, -0.9234536290168762, 0.02625994011759758, -0.0850830078125], [0.0, 0.0, 0.0, 1.0]]], "view": [[0.0, -2.0, 100.0], [-2.0, 0.0, 100.0], [0.0, 0.0, 1.0]], "bev": "bev_0f36b39b8dea4de68f1641a63343125e.png", "aux": "aux_0f36b39b8dea4de68f1641a63343125e.npz", "visibility": "visibility_0f36b39b8dea4de68f1641a63343125e.png", "pose": [[0.8214278221130371, 0.5703124403953552, 0.0, 1228.532470703125], [-0.5703124403953552, 0.8214278221130371, 0.0, 1518.3714599609375], [0.0, 0.0, 1.0, 0.0], [0.0, 0.0, 0.0, 1.0]], "pose_inverse": [[0.8214278221130371, -0.5703124403953552, 0.0, -143.20462036132812], [0.5703124403953552, 0.8214278221130371, 0.0, -1947.8800048828125], [0.0, 0.0, 1.0, 0.0], [0.0, 0.0, 0.0, 1.0]], "cam_ids": [0, 1, 2, 3, 4, 5], "cam_channels": ["CAM_FRONT_LEFT", "CAM_FRONT", "CAM_FRONT_RIGHT", "CAM_BACK_LEFT", "CAM_BACK", "CAM_BACK_RIGHT"], "token": "0f36b39b8dea4de68f1641a63343125e", "scene": "scene-0519"}, {"images": ["samples/CAM_FRONT_LEFT/n008-2018-08-30-10-33-52-0400__CAM_FRONT_LEFT__1535639638154799.jpg", "samples/CAM_FRONT/n008-2018-08-30-10-33-52-0400__CAM_FRONT__1535639638162411.jpg", "samples/CAM_FRONT_RIGHT/n008-2018-08-30-10-33-52-0400__CAM_FRONT_RIGHT__1535639638170482.jpg", "samples/CAM_BACK_LEFT/n008-2018-08-30-10-33-52-0400__CAM_BACK_LEFT__1535639638197405.jpg", "samples/CAM_BACK/n008-2018-08-30-10-33-52-0400__CAM_BACK__1535639638187558.jpg", "samples/CAM_BACK_RIGHT/n008-2018-08-30-10-33-52-0400__CAM_BACK_RIGHT__1535639638178119.jpg"], "intrinsics": [[[1257.8625342125129, 0.0, 827.2410631095686], [0.0, 1257.8625342125129, 450.915498205774], [0.0, 0.0, 1.0]], [[1252.8131021185304, 0.0, 826.588114781398], [0.0, 1252.8131021185304, 469.9846626224581], [0.0, 0.0, 1.0]], [[1256.7485116440405, 0.0, 817.7887570959712], [0.0, 1256.7485116440403, 451.9541780095127], [0.0, 0.0, 1.0]], [[1254.9860565800168, 0.0, 829.5769333630991], [0.0, 1254.9860565800168, 467.1680561863987], [0.0, 0.0, 1.0]], [[796.8910634503094, 0.0, 857.7774326863696], [0.0, 796.8910634503094, 476.8848988407415], [0.0, 0.0, 1.0]], [[1249.9629280788233, 0.0, 825.3768045375984], [0.0, 1249.9629280788233, 462.54816385708756], [0.0, 0.0, 1.0]]], "extrinsics": [[[0.8221035599708557, -0.5693223476409912, 0.0042236861772835255, -0.79412841796875], [0.013287029229104519, 0.011768892407417297, -0.9998424649238586, 1.491617202758789], [0.5691829919815063, 0.8220301866531372, 0.017239850014448166, -1.1922607421875], [0.0, 0.0, 0.0, 1.0]], [[0.009744363836944103, -0.9999266862869263, -0.00718759186565876, 0.0108642578125], [0.01506299339234829, 0.007333899848163128, -0.999859631061554, 1.4833259582519531], [0.9998390674591064, 0.009634713642299175, 0.015133352018892765, -1.5232086181640625], [0.0, 0.0, 0.0, 1.0]], [[-0.8440882563591003, -0.5358878970146179, -0.0184168741106987, 0.951171875], [0.022907394915819168, -0.001723960624076426, -0.9997361302375793, 1.4968968629837036], [0.5357147455215454, -0.8442873954772949, 0.013730970211327076, -1.185791015625], [0.0, 0.0, 0.0, 1.0]], [[0.9478939175605774, 0.31858405470848083, 0.0011497477535158396, -1.12847900390625], [-0.0028819020371884108, 0.012183268554508686, -0.9999216794967651, 1.5619926452636719], [-0.3185730576515198, 0.9478163123130798, 0.01246657595038414, -0.16162109375], [0.0, 0.0, 0.0, 1.0]], [[0.009337224066257477, 0.9999434947967529, 0.005079314112663269, -0.029296875], [-0.0006384558510035276, 0.005085496231913567, -0.9999868273735046, 1.568009376525879], [-0.9999562501907349, 0.009333892725408077, 0.0006859043496660888, -0.0270538330078125], [0.0, 0.0, 0.0, 1.0]], [[-0.9235824346542358, 0.3832697570323944, -0.009984537027776241, 1.04498291015625], [0.0036909393966197968, -0.017152702435851097, -0.9998460412025452, 1.5483055114746094], [-0.38338205218315125, -0.9234771132469177, 0.014427309855818748, -0.0894775390625], [0.0, 0.0, 0.0, 1.0]]], "view": [[0.0, -2.0, 100.0], [-2.0, 0.0, 100.0], [0.0, 0.0, 1.0]], "bev": "bev_f93bfd9e73c14756a42d6e44d849db59.png", "aux": "aux_f93bfd9e73c14756a42d6e44d849db59.npz", "visibility": "visibility_f93bfd9e73c14756a42d6e44d849db59.png", "pose": [[0.824958086013794, 0.5651938915252686, 0.0, 1230.766845703125], [-0.5651938915252686, 0.824958086013794, 0.0, 1516.7978515625], [0.0, 0.0, 1.0, 0.0], [0.0, 0.0, 0.0, 1.0]], "pose_inverse": [[0.824958086013794, -0.5651938915252686, 0.0, -158.0462188720703], [0.5651938915252686, 0.824958086013794, 0.0, -1946.9166259765625], [0.0, 0.0, 1.0, 0.0], [0.0, 0.0, 0.0, 1.0]], "cam_ids": [0, 1, 2, 3, 4, 5], "cam_channels": ["CAM_FRONT_LEFT", "CAM_FRONT", "CAM_FRONT_RIGHT", "CAM_BACK_LEFT", "CAM_BACK", "CAM_BACK_RIGHT"], "token": "f93bfd9e73c14756a42d6e44d849db59", "scene": "scene-0519"}, {"images": ["samples/CAM_FRONT_LEFT/n008-2018-08-30-10-33-52-0400__CAM_FRONT_LEFT__1535639638654799.jpg", "samples/CAM_FRONT/n008-2018-08-30-10-33-52-0400__CAM_FRONT__1535639638662404.jpg", "samples/CAM_FRONT_RIGHT/n008-2018-08-30-10-33-52-0400__CAM_FRONT_RIGHT__1535639638670482.jpg", "samples/CAM_BACK_LEFT/n008-2018-08-30-10-33-52-0400__CAM_BACK_LEFT__1535639638699632.jpg", "samples/CAM_BACK/n008-2018-08-30-10-33-52-0400__CAM_BACK__1535639638687558.jpg", "samples/CAM_BACK_RIGHT/n008-2018-08-30-10-33-52-0400__CAM_BACK_RIGHT__1535639638678113.jpg"], "intrinsics": [[[1257.8625342125129, 0.0, 827.2410631095686], [0.0, 1257.8625342125129, 450.915498205774], [0.0, 0.0, 1.0]], [[1252.8131021185304, 0.0, 826.588114781398], [0.0, 1252.8131021185304, 469.9846626224581], [0.0, 0.0, 1.0]], [[1256.7485116440405, 0.0, 817.7887570959712], [0.0, 1256.7485116440403, 451.9541780095127], [0.0, 0.0, 1.0]], [[1254.9860565800168, 0.0, 829.5769333630991], [0.0, 1254.9860565800168, 467.1680561863987], [0.0, 0.0, 1.0]], [[796.8910634503094, 0.0, 857.7774326863696], [0.0, 796.8910634503094, 476.8848988407415], [0.0, 0.0, 1.0]], [[1249.9629280788233, 0.0, 825.3768045375984], [0.0, 1249.9629280788233, 462.54816385708756], [0.0, 0.0, 1.0]]], "extrinsics": [[[0.8224591016769409, -0.5688193440437317, 0.002365388907492161, -0.7799072265625], [0.012035660445690155, 0.013244678266346455, -0.9998398423194885, 1.4914989471435547], [0.568696916103363, 0.8223558068275452, 0.017739322036504745, -1.1827392578125], [0.0, 0.0, 0.0, 1.0]], [[0.01026846095919609, -0.9999056458473206, -0.009127432480454445, 0.01123046875], [0.013751978985965252, 0.009268264286220074, -0.9998624920845032, 1.4832324981689453], [0.9998526573181152, 0.010141542181372643, 0.013845850713551044, -1.5091552734375], [0.0, 0.0, 0.0, 1.0]], [[-0.8438778519630432, -0.5362147092819214, -0.01854582317173481, 0.9423828125], [0.02151387184858322, 0.0007206889567896724, -0.9997683167457581, 1.496891975402832], [0.5361037850379944, -0.8440813422203064, 0.010927881114184856, -1.1798095703125], [0.0, 0.0, 0.0, 1.0]], [[0.9478961825370789, 0.3185788691043854, 0.0006231337320059538, -1.13751220703125], [-0.004808471072465181, 0.01626276969909668, -0.999856173992157, 1.5620079040527344], [-0.3185432255268097, 0.947756826877594, 0.016947293654084206, -0.158447265625], [0.0, 0.0, 0.0, 1.0]], [[0.009156011044979095, 0.9999210834503174, 0.00859691109508276, -0.0294189453125], [-0.0022794355172663927, 0.008618120104074478, -0.9999602437019348, 1.5678720474243164], [-0.9999554753303528, 0.009135980159044266, 0.002358163706958294, -0.0333099365234375], [0.0, 0.0, 0.0, 1.0]], [[-0.9237216711044312, 0.38299089670181274, -0.007489894982427359, 1.03704833984375], [0.0022063490469008684, -0.014232885092496872, -0.9998962879180908, 1.5481376647949219], [-0.3830578029155731, -0.9236424565315247, 0.012302215211093426, -0.092529296875], [0.0, 0.0, 0.0, 1.0]]], "view": [[0.0, -2.0, 100.0], [-2.0, 0.0, 100.0], [0.0, 0.0, 1.0]], "bev": "bev_72322fb3df6c4cf0a93cddb8e1778bf9.png", "aux": "aux_72322fb3df6c4cf0a93cddb8e1778bf9.npz", "visibility": "visibility_72322fb3df6c4cf0a93cddb8e1778bf9.png", "pose": [[0.8280519843101501, 0.5606513023376465, 0.0, 1233.1434326171875], [-0.5606513023376465, 0.8280519843101501, 0.0, 1515.131103515625], [0.0, 0.0, 1.0, 0.0], [0.0, 0.0, 0.0, 1.0]], "pose_inverse": [[0.8280519843101501, -0.5606513023376465, 0.0, -171.64666748046875], [0.5606513023376465, 0.8280519843101501, 0.0, -1945.9708251953125], [0.0, 0.0, 1.0, 0.0], [0.0, 0.0, 0.0, 1.0]], "cam_ids": [0, 1, 2, 3, 4, 5], "cam_channels": ["CAM_FRONT_LEFT", "CAM_FRONT", "CAM_FRONT_RIGHT", "CAM_BACK_LEFT", "CAM_BACK", "CAM_BACK_RIGHT"], "token": "72322fb3df6c4cf0a93cddb8e1778bf9", "scene": "scene-0519"}, {"images": ["samples/CAM_FRONT_LEFT/n008-2018-08-30-10-33-52-0400__CAM_FRONT_LEFT__1535639639154799.jpg", "samples/CAM_FRONT/n008-2018-08-30-10-33-52-0400__CAM_FRONT__1535639639162404.jpg", "samples/CAM_FRONT_RIGHT/n008-2018-08-30-10-33-52-0400__CAM_FRONT_RIGHT__1535639639170482.jpg", "samples/CAM_BACK_LEFT/n008-2018-08-30-10-33-52-0400__CAM_BACK_LEFT__1535639639197405.jpg", "samples/CAM_BACK/n008-2018-08-30-10-33-52-0400__CAM_BACK__1535639639187558.jpg", "samples/CAM_BACK_RIGHT/n008-2018-08-30-10-33-52-0400__CAM_BACK_RIGHT__1535639639178113.jpg"], "intrinsics": [[[1257.8625342125129, 0.0, 827.2410631095686], [0.0, 1257.8625342125129, 450.915498205774], [0.0, 0.0, 1.0]], [[1252.8131021185304, 0.0, 826.588114781398], [0.0, 1252.8131021185304, 469.9846626224581], [0.0, 0.0, 1.0]], [[1256.7485116440405, 0.0, 817.7887570959712], [0.0, 1256.7485116440403, 451.9541780095127], [0.0, 0.0, 1.0]], [[1254.9860565800168, 0.0, 829.5769333630991], [0.0, 1254.9860565800168, 467.1680561863987], [0.0, 0.0, 1.0]], [[796.8910634503094, 0.0, 857.7774326863696], [0.0, 796.8910634503094, 476.8848988407415], [0.0, 0.0, 1.0]], [[1249.9629280788233, 0.0, 825.3768045375984], [0.0, 1249.9629280788233, 462.54816385708756], [0.0, 0.0, 1.0]]], "extrinsics": [[[0.822060227394104, -0.5693871378898621, -0.003916480112820864, -0.755126953125], [0.005139142274856567, 0.014297324232757092, -0.9998846054077148, 1.4898319244384766], [0.5693773627281189, 0.8219451904296875, 0.014679422602057457, -1.1622314453125], [0.0, 0.0, 0.0, 1.0]], [[0.009462393820285797, -0.9999045729637146, -0.010059097781777382, 0.0091552734375], [0.007151484955102205, 0.010126959532499313, -0.9999231696128845, 1.481973648071289], [0.9999296069145203, 0.009389759972691536, 0.007246627938002348, -1.4800262451171875], [0.0, 0.0, 0.0, 1.0]], [[-0.8443615436553955, -0.5356019139289856, -0.013570108450949192, 0.920166015625], [0.015202809125185013, 0.0013664241414517164, -0.9998835325241089, 1.4961533546447754], [0.5355581045150757, -0.8444695472717285, 0.006988897453993559, -1.1683349609375], [0.0, 0.0, 0.0, 1.0]], [[0.9478966593742371, 0.3185482621192932, -0.0043427422642707825, -1.12109375], [-0.010084522888064384, 0.0163778867572546, -0.999815046787262, 1.5617923736572266], [-0.3184182345867157, 0.9477651119232178, 0.018736952915787697, -0.1640625], [0.0, 0.0, 0.0, 1.0]], [[0.009529243223369122, 0.999915599822998, 0.008830860257148743, -0.028564453125], [-0.007995889522135258, 0.00890717376023531, -0.9999282956123352, 1.567336082458496], [-0.9999226927757263, 0.009457981213927269, 0.008080093190073967, -0.045623779296875], [0.0, 0.0, 0.0, 1.0]], [[-0.9235430359840393, 0.3834911286830902, -0.0016721184365451336, 1.01959228515625], [-0.0038972527254372835, -0.013745371252298355, -0.9998979568481445, 1.547231674194336], [-0.3834749162197113, -0.9234421849250793, 0.014189004898071289, -0.1011962890625], [0.0, 0.0, 0.0, 1.0]]], "view": [[0.0, -2.0, 100.0], [-2.0, 0.0, 100.0], [0.0, 0.0, 1.0]], "bev": "bev_2dece2e80c704ca399697551a511062f.png", "aux": "aux_2dece2e80c704ca399697551a511062f.npz", "visibility": "visibility_2dece2e80c704ca399697551a511062f.png", "pose": [[0.8320697546005249, 0.5546709895133972, 0.0, 1235.7156982421875], [-0.5546709895133972, 0.8320697546005249, 0.0, 1513.377197265625], [0.0, 0.0, 1.0, 0.0], [0.0, 0.0, 0.0, 1.0]], "pose_inverse": [[0.8320697546005249, -0.5546709895133972, 0.0, -188.77523803710938], [0.5546709895133972, 0.8320697546005249, 0.0, -1944.6510009765625], [0.0, 0.0, 1.0, 0.0], [0.0, 0.0, 0.0, 1.0]], "cam_ids": [0, 1, 2, 3, 4, 5], "cam_channels": ["CAM_FRONT_LEFT", "CAM_FRONT", "CAM_FRONT_RIGHT", "CAM_BACK_LEFT", "CAM_BACK", "CAM_BACK_RIGHT"], "token": "2dece2e80c704ca399697551a511062f", "scene": "scene-0519"}, {"images": ["samples/CAM_FRONT_LEFT/n008-2018-08-30-10-33-52-0400__CAM_FRONT_LEFT__1535639639654799.jpg", "samples/CAM_FRONT/n008-2018-08-30-10-33-52-0400__CAM_FRONT__1535639639662404.jpg", "samples/CAM_FRONT_RIGHT/n008-2018-08-30-10-33-52-0400__CAM_FRONT_RIGHT__1535639639670482.jpg", "samples/CAM_BACK_LEFT/n008-2018-08-30-10-33-52-0400__CAM_BACK_LEFT__1535639639697405.jpg", "samples/CAM_BACK/n008-2018-08-30-10-33-52-0400__CAM_BACK__1535639639687558.jpg", "samples/CAM_BACK_RIGHT/n008-2018-08-30-10-33-52-0400__CAM_BACK_RIGHT__1535639639678113.jpg"], "intrinsics": [[[1257.8625342125129, 0.0, 827.2410631095686], [0.0, 1257.8625342125129, 450.915498205774], [0.0, 0.0, 1.0]], [[1252.8131021185304, 0.0, 826.588114781398], [0.0, 1252.8131021185304, 469.9846626224581], [0.0, 0.0, 1.0]], [[1256.7485116440405, 0.0, 817.7887570959712], [0.0, 1256.7485116440403, 451.9541780095127], [0.0, 0.0, 1.0]], [[1254.9860565800168, 0.0, 829.5769333630991], [0.0, 1254.9860565800168, 467.1680561863987], [0.0, 0.0, 1.0]], [[796.8910634503094, 0.0, 857.7774326863696], [0.0, 796.8910634503094, 476.8848988407415], [0.0, 0.0, 1.0]], [[1249.9629280788233, 0.0, 825.3768045375984], [0.0, 1249.9629280788233, 462.54816385708756], [0.0, 0.0, 1.0]]], "extrinsics": [[[0.8222551941871643, -0.5691183805465698, 0.0008439424564130604, -0.74591064453125], [0.011278264224529266, 0.014812060631811619, -0.9998266696929932, 1.4917755126953125], [0.5690072178840637, 0.8221222162246704, 0.018597960472106934, -1.1580810546875], [0.0, 0.0, 0.0, 1.0]], [[0.009872104972600937, -0.9998922348022461, -0.010862728580832481, 0.0108642578125], [0.013447125442326069, 0.01099502481520176, -0.9998491406440735, 1.4836673736572266], [0.9998607635498047, 0.009724518284201622, 0.013554221019148827, -1.472137451171875], [0.0, 0.0, 0.0, 1.0]], [[-0.8440784215927124, -0.5358560085296631, -0.019742365926504135, 0.9151611328125], [0.02170383930206299, 0.0026460469234734774, -0.9997609257698059, 1.4976081848144531], [0.5357801914215088, -0.8443052172660828, 0.009396662935614586, -1.1636962890625], [0.0, 0.0, 0.0, 1.0]], [[0.9478436708450317, 0.31871864199638367, 0.0032776701264083385, -1.11492919921875], [-0.0029855757020413876, 0.01916082762181759, -0.9998119473457336, 1.5619430541992188], [-0.3187215328216553, 0.9476556181907654, 0.019113028421998024, -0.1663818359375], [0.0, 0.0, 0.0, 1.0]], [[0.009312273003160954, 0.9998937249183655, 0.011214072816073895, -0.029052734375], [-0.0010788083309307694, 0.011224597692489624, -0.9999363422393799, 1.5679435729980469], [-0.9999560713768005, 0.009299554862082005, 0.0011832197196781635, -0.05218505859375], [0.0, 0.0, 0.0, 1.0]], [[-0.9236074090003967, 0.3832714557647705, -0.007241256535053253, 1.0133056640625], [0.0028581509832292795, -0.012004274874925613, -0.9999238848686218, 1.5482845306396484], [-0.3833291530609131, -0.923557698726654, 0.009991789236664772, -0.1031494140625], [0.0, 0.0, 0.0, 1.0]]], "view": [[0.0, -2.0, 100.0], [-2.0, 0.0, 100.0], [0.0, 0.0, 1.0]], "bev": "bev_0ac766077264454e9fe3f88c441d00ec.png", "aux": "aux_0ac766077264454e9fe3f88c441d00ec.npz", "visibility": "visibility_0ac766077264454e9fe3f88c441d00ec.png", "pose": [[0.8350902199745178, 0.5501129627227783, 0.0, 1238.487060546875], [-0.5501129627227783, 0.8350902199745178, 0.0, 1511.493408203125], [0.0, 0.0, 1.0, 0.0], [0.0, 0.0, 0.0, 1.0]], "pose_inverse": [[0.8350902199745178, -0.5501129627227783, 0.0, -202.75628662109375], [0.5501129627227783, 0.8350902199745178, 0.0, -1943.541259765625], [0.0, 0.0, 1.0, 0.0], [0.0, 0.0, 0.0, 1.0]], "cam_ids": [0, 1, 2, 3, 4, 5], "cam_channels": ["CAM_FRONT_LEFT", "CAM_FRONT", "CAM_FRONT_RIGHT", "CAM_BACK_LEFT", "CAM_BACK", "CAM_BACK_RIGHT"], "token": "0ac766077264454e9fe3f88c441d00ec", "scene": "scene-0519"}, {"images": ["samples/CAM_FRONT_LEFT/n008-2018-08-30-10-33-52-0400__CAM_FRONT_LEFT__1535639640154799.jpg", "samples/CAM_FRONT/n008-2018-08-30-10-33-52-0400__CAM_FRONT__1535639640162404.jpg", "samples/CAM_FRONT_RIGHT/n008-2018-08-30-10-33-52-0400__CAM_FRONT_RIGHT__1535639640170482.jpg", "samples/CAM_BACK_LEFT/n008-2018-08-30-10-33-52-0400__CAM_BACK_LEFT__1535639640197405.jpg", "samples/CAM_BACK/n008-2018-08-30-10-33-52-0400__CAM_BACK__1535639640187558.jpg", "samples/CAM_BACK_RIGHT/n008-2018-08-30-10-33-52-0400__CAM_BACK_RIGHT__1535639640178113.jpg"], "intrinsics": [[[1257.8625342125129, 0.0, 827.2410631095686], [0.0, 1257.8625342125129, 450.915498205774], [0.0, 0.0, 1.0]], [[1252.8131021185304, 0.0, 826.588114781398], [0.0, 1252.8131021185304, 469.9846626224581], [0.0, 0.0, 1.0]], [[1256.7485116440405, 0.0, 817.7887570959712], [0.0, 1256.7485116440403, 451.9541780095127], [0.0, 0.0, 1.0]], [[1254.9860565800168, 0.0, 829.5769333630991], [0.0, 1254.9860565800168, 467.1680561863987], [0.0, 0.0, 1.0]], [[796.8910634503094, 0.0, 857.7774326863696], [0.0, 796.8910634503094, 476.8848988407415], [0.0, 0.0, 1.0]], [[1249.9629280788233, 0.0, 825.3768045375984], [0.0, 1249.9629280788233, 462.54816385708756], [0.0, 0.0, 1.0]]], "extrinsics": [[[0.8216497898101807, -0.5699868202209473, 0.002592835109680891, -0.7481689453125], [0.02042807824909687, 0.024900993332266808, -0.999481201171875, 1.4946327209472656], [0.56962651014328, 0.8212764859199524, 0.032103631645441055, -1.15673828125], [0.0, 0.0, 0.0, 1.0]], [[0.009151209145784378, -0.9997438788414001, -0.020697176456451416, 0.0086669921875], [0.022562449797987938, 0.02089921198785305, -0.9995270371437073, 1.4860458374023438], [0.9997035264968872, 0.008679935708642006, 0.02274792641401291, -1.4730987548828125], [0.0, 0.0, 0.0, 1.0]], [[-0.8442083597183228, -0.5350250005722046, -0.03256598487496376, 0.9151611328125], [0.03074215166270733, 0.012327160686254501, -0.9994513392448425, 1.4994678497314453], [0.535132884979248, -0.8447462916374207, 0.006041127257049084, -1.1654052734375], [0.0, 0.0, 0.0, 1.0]], [[0.9478418827056885, 0.3184179663658142, 0.014343840070068836, -1.11517333984375], [0.005699848290532827, 0.028061868622899055, -0.9995899796485901, 1.5622100830078125], [-0.31868991255760193, 0.94753497838974, 0.024783281609416008, -0.166015625], [0.0, 0.0, 0.0, 1.0]], [[0.00947711430490017, 0.9997469782829285, 0.02039928175508976, -0.0283203125], [0.007746632676571608, 0.02032618224620819, -0.9997633695602417, 1.5687980651855469], [-0.9999250769615173, 0.00963290873914957, -0.007552038412541151, -0.051116943359375], [0.0, 0.0, 0.0, 1.0]], [[-0.9233244061470032, 0.38383644819259644, -0.011897718533873558, 1.01458740234375], [0.011811543256044388, -0.0025817323476076126, -0.9999269247055054, 1.549678087234497], [-0.38383910059928894, -0.923397421836853, -0.0021499230060726404, -0.103759765625], [0.0, 0.0, 0.0, 1.0]]], "view": [[0.0, -2.0, 100.0], [-2.0, 0.0, 100.0], [0.0, 0.0, 1.0]], "bev": "bev_4300e17a55f34a7aacc180dcba5616bf.png", "aux": "aux_4300e17a55f34a7aacc180dcba5616bf.npz", "visibility": "visibility_4300e17a55f34a7aacc180dcba5616bf.png", "pose": [[0.8409238457679749, 0.5411534905433655, 0.0, 1241.23681640625], [-0.5411534905433655, 0.8409238457679749, 0.0, 1509.66015625], [0.0, 0.0, 1.0, 0.0], [0.0, 0.0, 0.0, 1.0]], "pose_inverse": [[0.8409238457679749, -0.5411534905433655, 0.0, -226.82781982421875], [0.5411534905433655, 0.8409238457679749, 0.0, -1941.2088623046875], [0.0, 0.0, 1.0, 0.0], [0.0, 0.0, 0.0, 1.0]], "cam_ids": [0, 1, 2, 3, 4, 5], "cam_channels": ["CAM_FRONT_LEFT", "CAM_FRONT", "CAM_FRONT_RIGHT", "CAM_BACK_LEFT", "CAM_BACK", "CAM_BACK_RIGHT"], "token": "4300e17a55f34a7aacc180dcba5616bf", "scene": "scene-0519"}, {"images": ["samples/CAM_FRONT_LEFT/n008-2018-08-30-10-33-52-0400__CAM_FRONT_LEFT__1535639640654799.jpg", "samples/CAM_FRONT/n008-2018-08-30-10-33-52-0400__CAM_FRONT__1535639640662404.jpg", "samples/CAM_FRONT_RIGHT/n008-2018-08-30-10-33-52-0400__CAM_FRONT_RIGHT__1535639640670492.jpg", "samples/CAM_BACK_LEFT/n008-2018-08-30-10-33-52-0400__CAM_BACK_LEFT__1535639640697405.jpg", "samples/CAM_BACK/n008-2018-08-30-10-33-52-0400__CAM_BACK__1535639640687558.jpg", "samples/CAM_BACK_RIGHT/n008-2018-08-30-10-33-52-0400__CAM_BACK_RIGHT__1535639640678113.jpg"], "intrinsics": [[[1257.8625342125129, 0.0, 827.2410631095686], [0.0, 1257.8625342125129, 450.915498205774], [0.0, 0.0, 1.0]], [[1252.8131021185304, 0.0, 826.588114781398], [0.0, 1252.8131021185304, 469.9846626224581], [0.0, 0.0, 1.0]], [[1256.7485116440405, 0.0, 817.7887570959712], [0.0, 1256.7485116440403, 451.9541780095127], [0.0, 0.0, 1.0]], [[1254.9860565800168, 0.0, 829.5769333630991], [0.0, 1254.9860565800168, 467.1680561863987], [0.0, 0.0, 1.0]], [[796.8910634503094, 0.0, 857.7774326863696], [0.0, 796.8910634503094, 476.8848988407415], [0.0, 0.0, 1.0]], [[1249.9629280788233, 0.0, 825.3768045375984], [0.0, 1249.9629280788233, 462.54816385708756], [0.0, 0.0, 1.0]]], "extrinsics": [[[0.8219135999679565, -0.5696122646331787, 0.00011889913002960384, -0.7294921875], [0.013346557505428791, 0.019049540162086487, -0.9997294545173645, 1.4926910400390625], [0.5694558620452881, 0.8216928243637085, 0.023259436711668968, -1.14599609375], [0.0, 0.0, 0.0, 1.0]], [[0.009329474531114101, -0.9998469352722168, -0.014801583252847195, 0.010009765625], [0.015520854853093624, 0.014945236034691334, -0.9997678995132446, 1.4844951629638672], [0.9998360276222229, 0.009097626432776451, 0.015657911077141762, -1.4537353515625], [0.0, 0.0, 0.0, 1.0]], [[-0.8443000316619873, -0.5353552103042603, -0.023502331227064133, 0.9017333984375], [0.02383534610271454, 0.006296768318861723, -0.9996960759162903, 1.4984207153320312], [0.5353405475616455, -0.8446035981178284, 0.007444015704095364, -1.1561279296875], [0.0, 0.0, 0.0, 1.0]], [[0.9478992819786072, 0.3185020089149475, 0.006584695540368557, -1.1136474609375], [-0.000335150834871456, 0.021666547283530235, -0.9997652173042297, 1.5620269775390625], [-0.3185698688030243, 0.9476745128631592, 0.020644450560212135, -0.16650390625], [0.0, 0.0, 0.0, 1.0]], [[0.009504720568656921, 0.9998548030853271, 0.01414330955594778, -0.028564453125], [0.001249006250873208, 0.014132066629827023, -0.9998993277549744, 1.5681819915771484], [-0.999954104423523, 0.009521429426968098, -0.0011145042954012752, -0.0583038330078125], [0.0, 0.0, 0.0, 1.0]], [[-0.9234464764595032, 0.38364356756210327, -0.008015614002943039, 1.003143310546875], [0.0050767455250024796, -0.008672391064465046, -0.9999495148658752, 1.5486879348754883], [-0.3836936354637146, -0.9234405755996704, 0.006060829386115074, -0.1080322265625], [0.0, 0.0, 0.0, 1.0]]], "view": [[0.0, -2.0, 100.0], [-2.0, 0.0, 100.0], [0.0, 0.0, 1.0]], "bev": "bev_ae12ab1abde641cbb62e5d9f75182b42.png", "aux": "aux_ae12ab1abde641cbb62e5d9f75182b42.npz", "visibility": "visibility_ae12ab1abde641cbb62e5d9f75182b42.png", "pose": [[0.8477802872657776, 0.5303476452827454, 0.0, 1244.092041015625], [-0.5303476452827454, 0.8477802872657776, 0.0, 1507.80908203125], [0.0, 0.0, 1.0, 0.0], [0.0, 0.0, 0.0, 1.0]], "pose_inverse": [[0.8477802872657776, -0.5303476452827454, 0.0, -255.05372619628906], [0.5303476452827454, 0.8477802872657776, 0.0, -1938.092041015625], [0.0, 0.0, 1.0, 0.0], [0.0, 0.0, 0.0, 1.0]], "cam_ids": [0, 1, 2, 3, 4, 5], "cam_channels": ["CAM_FRONT_LEFT", "CAM_FRONT", "CAM_FRONT_RIGHT", "CAM_BACK_LEFT", "CAM_BACK", "CAM_BACK_RIGHT"], "token": "ae12ab1abde641cbb62e5d9f75182b42", "scene": "scene-0519"}, {"images": ["samples/CAM_FRONT_LEFT/n008-2018-08-30-10-33-52-0400__CAM_FRONT_LEFT__1535639641154799.jpg", "samples/CAM_FRONT/n008-2018-08-30-10-33-52-0400__CAM_FRONT__1535639641162404.jpg", "samples/CAM_FRONT_RIGHT/n008-2018-08-30-10-33-52-0400__CAM_FRONT_RIGHT__1535639641170482.jpg", "samples/CAM_BACK_LEFT/n008-2018-08-30-10-33-52-0400__CAM_BACK_LEFT__1535639641197405.jpg", "samples/CAM_BACK/n008-2018-08-30-10-33-52-0400__CAM_BACK__1535639641187558.jpg", "samples/CAM_BACK_RIGHT/n008-2018-08-30-10-33-52-0400__CAM_BACK_RIGHT__1535639641178113.jpg"], "intrinsics": [[[1257.8625342125129, 0.0, 827.2410631095686], [0.0, 1257.8625342125129, 450.915498205774], [0.0, 0.0, 1.0]], [[1252.8131021185304, 0.0, 826.588114781398], [0.0, 1252.8131021185304, 469.9846626224581], [0.0, 0.0, 1.0]], [[1256.7485116440405, 0.0, 817.7887570959712], [0.0, 1256.7485116440403, 451.9541780095127], [0.0, 0.0, 1.0]], [[1254.9860565800168, 0.0, 829.5769333630991], [0.0, 1254.9860565800168, 467.1680561863987], [0.0, 0.0, 1.0]], [[796.8910634503094, 0.0, 857.7774326863696], [0.0, 796.8910634503094, 476.8848988407415], [0.0, 0.0, 1.0]], [[1249.9629280788233, 0.0, 825.3768045375984], [0.0, 1249.9629280788233, 462.54816385708756], [0.0, 0.0, 1.0]]], "extrinsics": [[[0.8219299912452698, -0.5695833563804626, -0.002440527081489563, -0.7249755859375], [0.0072000715881586075, 0.014674159698188305, -0.9998663663864136, 1.4906578063964844], [0.5695430040359497, 0.8218026757240295, 0.016162171959877014, -1.1448974609375], [0.0, 0.0, 0.0, 1.0]], [[0.009336174465715885, -0.9999005794525146, -0.010575782507658005, 0.011962890625], [0.008610422722995281, 0.010656238533556461, -0.9999061822891235, 1.482564926147461], [0.9999193549156189, 0.009244251996278763, 0.008709054440259933, -1.45111083984375], [0.0, 0.0, 0.0, 1.0]], [[-0.8443840742111206, -0.5355345010757446, -0.014777615666389465, 0.90185546875], [0.016210870817303658, 0.0020305707585066557, -0.9998665452003479, 1.496720790863037], [0.535493016242981, -0.8445109128952026, 0.006966899149119854, -1.154052734375], [0.0, 0.0, 0.0, 1.0]], [[0.9479089379310608, 0.31852632761001587, -0.003095545107498765, -1.1171875], [-0.009057889692485332, 0.01723906397819519, -0.9998103976249695, 1.561777114868164], [-0.31841257214546204, 0.9477571845054626, 0.01922624371945858, -0.1656494140625], [0.0, 0.0, 0.0, 1.0]], [[0.009561469778418541, 0.9999094009399414, 0.009473396465182304, -0.0291748046875], [-0.007363548967987299, 0.009543979540467262, -0.999927282333374, 1.567307472229004], [-0.999927282333374, 0.00949113443493843, 0.007454137317836285, -0.0560455322265625], [0.0, 0.0, 0.0, 1.0]], [[-0.9235198497772217, 0.38354337215423584, -0.0023838914930820465, 1.003021240234375], [-0.002868941519409418, -0.013122900389134884, -0.9999097585678101, 1.5473575592041016], [-0.38354000449180603, -0.9234296679496765, 0.013219621963799, -0.106689453125], [0.0, 0.0, 0.0, 1.0]]], "view": [[0.0, -2.0, 100.0], [-2.0, 0.0, 100.0], [0.0, 0.0, 1.0]], "bev": "bev_af034ddd2c58488e8afc1623d22b88d9.png", "aux": "aux_af034ddd2c58488e8afc1623d22b88d9.npz", "visibility": "visibility_af034ddd2c58488e8afc1623d22b88d9.png", "pose": [[0.8520490527153015, 0.5234619379043579, 0.0, 1247.0294189453125], [-0.5234619379043579, 0.8520490527153015, 0.0, 1505.9332275390625], [0.0, 0.0, 1.0, 0.0], [0.0, 0.0, 0.0, 1.0]], "pose_inverse": [[0.8520490527153015, -0.5234619379043579, 0.0, -274.2315673828125], [0.5234619379043579, 0.8520490527153015, 0.0, -1935.9013671875], [0.0, 0.0, 1.0, 0.0], [0.0, 0.0, 0.0, 1.0]], "cam_ids": [0, 1, 2, 3, 4, 5], "cam_channels": ["CAM_FRONT_LEFT", "CAM_FRONT", "CAM_FRONT_RIGHT", "CAM_BACK_LEFT", "CAM_BACK", "CAM_BACK_RIGHT"], "token": "af034ddd2c58488e8afc1623d22b88d9", "scene": "scene-0519"}, {"images": ["samples/CAM_FRONT_LEFT/n008-2018-08-30-10-33-52-0400__CAM_FRONT_LEFT__1535639641604799.jpg", "samples/CAM_FRONT/n008-2018-08-30-10-33-52-0400__CAM_FRONT__1535639641612404.jpg", "samples/CAM_FRONT_RIGHT/n008-2018-08-30-10-33-52-0400__CAM_FRONT_RIGHT__1535639641620482.jpg", "samples/CAM_BACK_LEFT/n008-2018-08-30-10-33-52-0400__CAM_BACK_LEFT__1535639641647409.jpg", "samples/CAM_BACK/n008-2018-08-30-10-33-52-0400__CAM_BACK__1535639641637558.jpg", "samples/CAM_BACK_RIGHT/n008-2018-08-30-10-33-52-0400__CAM_BACK_RIGHT__1535639641628113.jpg"], "intrinsics": [[[1257.8625342125129, 0.0, 827.2410631095686], [0.0, 1257.8625342125129, 450.915498205774], [0.0, 0.0, 1.0]], [[1252.8131021185304, 0.0, 826.588114781398], [0.0, 1252.8131021185304, 469.9846626224581], [0.0, 0.0, 1.0]], [[1256.7485116440405, 0.0, 817.7887570959712], [0.0, 1256.7485116440403, 451.9541780095127], [0.0, 0.0, 1.0]], [[1254.9860565800168, 0.0, 829.5769333630991], [0.0, 1254.9860565800168, 467.1680561863987], [0.0, 0.0, 1.0]], [[796.8910634503094, 0.0, 857.7774326863696], [0.0, 796.8910634503094, 476.8848988407415], [0.0, 0.0, 1.0]], [[1249.9629280788233, 0.0, 825.3768045375984], [0.0, 1249.9629280788233, 462.54816385708756], [0.0, 0.0, 1.0]]], "extrinsics": [[[0.8217538595199585, -0.5698378086090088, 0.0023810062557458878, -0.73291015625], [0.012923783622682095, 0.014459576457738876, -0.9998118877410889, 1.4925174713134766], [0.5696961283683777, 0.82163006067276, 0.019246669486165047, -1.1478271484375], [0.0, 0.0, 0.0, 1.0]], [[0.00910182949155569, -0.9999054074287415, -0.010309599339962006, 0.0101318359375], [0.014509079046547413, 0.010440998710691929, -0.999840259552002, 1.4841480255126953], [0.9998533725738525, 0.008950873278081417, 0.014602739363908768, -1.458770751953125], [0.0, 0.0, 0.0, 1.0]], [[-0.8444367051124573, -0.535293698310852, -0.019684316590428352, 0.9063720703125], [0.022134756669402122, 0.0018458319827914238, -0.9997532963752747, 1.4979219436645508], [0.535197913646698, -0.8446640968322754, 0.010289905592799187, -1.1590576171875], [0.0, 0.0, 0.0, 1.0]], [[0.9479204416275024, 0.31850478053092957, 0.001242087222635746, -1.12054443359375], [-0.0044877673499286175, 0.017255427315831184, -0.999841034412384, 1.5619316101074219], [-0.3184755742549896, 0.9477641582489014, 0.017786147072911263, -0.1640625], [0.0, 0.0, 0.0, 1.0]], [[0.009658562019467354, 0.9999067783355713, 0.009655897505581379, -0.0284423828125], [-0.0018705836264416575, 0.009674398228526115, -0.9999514222145081, 1.567874908447