[{"images": ["samples/CAM_FRONT_LEFT/n008-2018-08-31-11-37-23-0400__CAM_FRONT_LEFT__1535730594854799.jpg", "samples/CAM_FRONT/n008-2018-08-31-11-37-23-0400__CAM_FRONT__1535730594862404.jpg", "samples/CAM_FRONT_RIGHT/n008-2018-08-31-11-37-23-0400__CAM_FRONT_RIGHT__1535730594870482.jpg", "samples/CAM_BACK_LEFT/n008-2018-08-31-11-37-23-0400__CAM_BACK_LEFT__1535730594897405.jpg", "samples/CAM_BACK/n008-2018-08-31-11-37-23-0400__CAM_BACK__1535730594887558.jpg", "samples/CAM_BACK_RIGHT/n008-2018-08-31-11-37-23-0400__CAM_BACK_RIGHT__1535730594878113.jpg"], "intrinsics": [[[1257.8625342125129, 0.0, 827.2410631095686], [0.0, 1257.8625342125129, 450.915498205774], [0.0, 0.0, 1.0]], [[1252.8131021185304, 0.0, 826.588114781398], [0.0, 1252.8131021185304, 469.9846626224581], [0.0, 0.0, 1.0]], [[1256.7485116440405, 0.0, 817.7887570959712], [0.0, 1256.7485116440403, 451.9541780095127], [0.0, 0.0, 1.0]], [[1254.9860565800168, 0.0, 829.5769333630991], [0.0, 1254.9860565800168, 467.1680561863987], [0.0, 0.0, 1.0]], [[796.8910634503094, 0.0, 857.7774326863696], [0.0, 796.8910634503094, 476.8848988407415], [0.0, 0.0, 1.0]], [[1249.9629280788233, 0.0, 825.3768045375984], [0.0, 1249.9629280788233, 462.54816385708756], [0.0, 0.0, 1.0]]], "extrinsics": [[[0.8225387930870056, -0.5685798525810242, -0.012120196595788002, -0.93603515625], [0.010737188160419464, 0.036833927035331726, -0.9992637038230896, 1.4891738891601562], [0.5686076879501343, 0.8218030333518982, 0.03640228137373924, -1.2861328125], [0.0, 0.0, 0.0, 1.0]], [[0.010267398320138454, -0.9994146823883057, -0.032633014023303986, 0.00634765625], [0.012694299221038818, 0.03276238217949867, -0.9993825554847717, 1.4810256958007812], [0.9998666644096375, 0.009846813045442104, 0.013023252598941326, -1.666168212890625], [0.0, 0.0, 0.0, 1.0]], [[-0.8439381718635559, -0.5355789065361023, -0.030390003696084023, 1.0462646484375], [0.020683465525507927, 0.024121733382344246, -0.9994950294494629, 1.4941596984863281], [0.5360415577888489, -0.8441406488418579, -0.009279628284275532, -1.2490234375], [0.0, 0.0, 0.0, 1.0]], [[0.9479019045829773, 0.3184584975242615, 0.008135280571877956, -1.14532470703125], [-0.004705349914729595, 0.03953118622303009, -0.9992072582244873, 1.5620574951171875], [-0.3185276687145233, 0.9471121430397034, 0.03897015005350113, -0.1556396484375], [0.0, 0.0, 0.0, 1.0]], [[0.009233207441866398, 0.9994486570358276, 0.03189241141080856, -0.0286865234375], [-0.0025551950093358755, 0.03191724792122841, -0.9994872212409973, 1.5680122375488281], [-0.999954104423523, 0.009147017262876034, 0.0028484840877354145, 0.0260009765625], [0.0, 0.0, 0.0, 1.0]], [[-0.9236945509910583, 0.3831246793270111, 0.001970125362277031, 1.12615966796875], [0.0016538046766072512, 0.009129274636507034, -0.9999569654464722, 1.5478706359863281], [-0.3831261992454529, -0.9236515164375305, -0.009066273458302021, -0.0577392578125], [0.0, 0.0, 0.0, 1.0]]], "view": [[0.0, -2.0, 100.0], [-2.0, 0.0, 100.0], [0.0, 0.0, 1.0]], "bev": "bev_970f41b6fc4544b388fe7ccd578988a9.png", "aux": "aux_970f41b6fc4544b388fe7ccd578988a9.npz", "visibility": "visibility_970f41b6fc4544b388fe7ccd578988a9.png", "pose": [[-0.8790327906608582, -0.4767613112926483, 0.0, 1233.4862060546875], [0.4767613112926483, -0.8790327906608582, 0.0, 1366.833740234375], [0.0, 0.0, 1.0, 0.0], [0.0, 0.0, 0.0, 1.0]], "pose_inverse": [[-0.8790327906608582, 0.4767613112926483, 0.0, 432.6213684082031], [-0.4767613112926483, -0.8790327906608582, 0.0, 1789.5701904296875], [0.0, 0.0, 1.0, 0.0], [0.0, 0.0, 0.0, 1.0]], "cam_ids": [0, 1, 2, 3, 4, 5], "cam_channels": ["CAM_FRONT_LEFT", "CAM_FRONT", "CAM_FRONT_RIGHT", "CAM_BACK_LEFT", "CAM_BACK", "CAM_BACK_RIGHT"], "token": "970f41b6fc4544b388fe7ccd578988a9", "scene": "scene-0563"}, {"images": ["samples/CAM_FRONT_LEFT/n008-2018-08-31-11-37-23-0400__CAM_FRONT_LEFT__1535730595354799.jpg", "samples/CAM_FRONT/n008-2018-08-31-11-37-23-0400__CAM_FRONT__1535730595362404.jpg", "samples/CAM_FRONT_RIGHT/n008-2018-08-31-11-37-23-0400__CAM_FRONT_RIGHT__1535730595370482.jpg", "samples/CAM_BACK_LEFT/n008-2018-08-31-11-37-23-0400__CAM_BACK_LEFT__1535730595397405.jpg", "samples/CAM_BACK/n008-2018-08-31-11-37-23-0400__CAM_BACK__1535730595387558.jpg", "samples/CAM_BACK_RIGHT/n008-2018-08-31-11-37-23-0400__CAM_BACK_RIGHT__1535730595378113.jpg"], "intrinsics": [[[1257.8625342125129, 0.0, 827.2410631095686], [0.0, 1257.8625342125129, 450.915498205774], [0.0, 0.0, 1.0]], [[1252.8131021185304, 0.0, 826.588114781398], [0.0, 1252.8131021185304, 469.9846626224581], [0.0, 0.0, 1.0]], [[1256.7485116440405, 0.0, 817.7887570959712], [0.0, 1256.7485116440403, 451.9541780095127], [0.0, 0.0, 1.0]], [[1254.9860565800168, 0.0, 829.5769333630991], [0.0, 1254.9860565800168, 467.1680561863987], [0.0, 0.0, 1.0]], [[796.8910634503094, 0.0, 857.7774326863696], [0.0, 796.8910634503094, 476.8848988407415], [0.0, 0.0, 1.0]], [[1249.9629280788233, 0.0, 825.3768045375984], [0.0, 1249.9629280788233, 462.54816385708756], [0.0, 0.0, 1.0]]], "extrinsics": [[[0.8225189447402954, -0.568554162979126, -0.014447597786784172, -0.95013427734375], [0.009655730798840523, 0.03935904800891876, -0.9991784691810608, 1.4889144897460938], [0.5686557292938232, 0.8217037320137024, 0.03786337003111839, -1.296142578125], [0.0, 0.0, 0.0, 1.0]], [[0.01023993082344532, -0.9993301033973694, -0.03513503447175026, 0.0064697265625], [0.01154864951968193, 0.03525272384285927, -0.9993116855621338, 1.48077392578125], [0.999880850315094, 0.00982707366347313, 0.011901896446943283, -1.680419921875], [0.0, 0.0, 0.0, 1.0]], [[-0.8439555764198303, -0.5355324149131775, -0.03072471357882023, 1.0556640625], [0.01952647790312767, 0.02656893990933895, -0.9994562268257141, 1.4938735961914062], [0.5360575318336487, -0.8440966606140137, -0.011965947225689888, -1.2550048828125], [0.0, 0.0, 0.0, 1.0]], [[0.9479137063026428, 0.3184352219104767, 0.0076565514318645, -1.14501953125], [-0.005963337142020464, 0.04177446290850639, -0.9991092681884766, 1.5620498657226562], [-0.3184714615345001, 0.9470237493515015, 0.041497521102428436, -0.156005859375], [0.0, 0.0, 0.0, 1.0]], [[0.009260561317205429, 0.9993723630905151, 0.034191541373729706, -0.02880859375], [-0.003810781054198742, 0.03422803059220314, -0.9994067549705505, 1.5680007934570312], [-0.9999498724937439, 0.009124740958213806, 0.0041253590025007725, 0.0299072265625], [0.0, 0.0, 0.0, 1.0]], [[-0.9237018823623657, 0.38309067487716675, 0.004036151338368654, 1.133331298828125], [0.00040346020250581205, 0.011507878080010414, -0.999933660030365, 1.5478172302246094], [-0.3831116259098053, -0.9236389994621277, -0.010784411802887917, -0.0548095703125], [0.0, 0.0, 0.0, 1.0]]], "view": [[0.0, -2.0, 100.0], [-2.0, 0.0, 100.0], [0.0, 0.0, 1.0]], "bev": "bev_3e37fbbea46d4234b6335cea76399e38.png", "aux": "aux_3e37fbbea46d4234b6335cea76399e38.npz", "visibility": "visibility_3e37fbbea46d4234b6335cea76399e38.png", "pose": [[-0.8784964084625244, -0.47774893045425415, 0.0, 1232.65869140625], [0.47774893045425415, -0.8784964084625244, 0.0, 1367.2928466796875], [0.0, 0.0, 1.0, 0.0], [0.0, 0.0, 0.0, 1.0]], "pose_inverse": [[-0.8784964084625244, 0.47774893045425415, 0.0, 429.6635437011719], [-0.47774893045425415, -0.8784964084625244, 0.0, 1790.063232421875], [0.0, 0.0, 1.0, 0.0], [0.0, 0.0, 0.0, 1.0]], "cam_ids": [0, 1, 2, 3, 4, 5], "cam_channels": ["CAM_FRONT_LEFT", "CAM_FRONT", "CAM_FRONT_RIGHT", "CAM_BACK_LEFT", "CAM_BACK", "CAM_BACK_RIGHT"], "token": "3e37fbbea46d4234b6335cea76399e38", "scene": "scene-0563"}, {"images": ["samples/CAM_FRONT_LEFT/n008-2018-08-31-11-37-23-0400__CAM_FRONT_LEFT__1535730595854799.jpg", "samples/CAM_FRONT/n008-2018-08-31-11-37-23-0400__CAM_FRONT__1535730595862404.jpg", "samples/CAM_FRONT_RIGHT/n008-2018-08-31-11-37-23-0400__CAM_FRONT_RIGHT__1535730595870482.jpg", "samples/CAM_BACK_LEFT/n008-2018-08-31-11-37-23-0400__CAM_BACK_LEFT__1535730595897405.jpg", "samples/CAM_BACK/n008-2018-08-31-11-37-23-0400__CAM_BACK__1535730595887558.jpg", "samples/CAM_BACK_RIGHT/n008-2018-08-31-11-37-23-0400__CAM_BACK_RIGHT__1535730595878113.jpg"], "intrinsics": [[[1257.8625342125129, 0.0, 827.2410631095686], [0.0, 1257.8625342125129, 450.915498205774], [0.0, 0.0, 1.0]], [[1252.8131021185304, 0.0, 826.588114781398], [0.0, 1252.8131021185304, 469.9846626224581], [0.0, 0.0, 1.0]], [[1256.7485116440405, 0.0, 817.7887570959712], [0.0, 1256.7485116440403, 451.9541780095127], [0.0, 0.0, 1.0]], [[1254.9860565800168, 0.0, 829.5769333630991], [0.0, 1254.9860565800168, 467.1680561863987], [0.0, 0.0, 1.0]], [[796.8910634503094, 0.0, 857.7774326863696], [0.0, 796.8910634503094, 476.8848988407415], [0.0, 0.0, 1.0]], [[1249.9629280788233, 0.0, 825.3768045375984], [0.0, 1249.9629280788233, 462.54816385708756], [0.0, 0.0, 1.0]]], "extrinsics": [[[0.8225083947181702, -0.5685577988624573, -0.014894009567797184, -0.97576904296875], [0.008911334909498692, 0.03906673192977905, -0.9991968870162964, 1.4885711669921875], [0.5686830878257751, 0.8217151165008545, 0.03719932958483696, -1.3143310546875], [0.0, 0.0, 0.0, 1.0]], [[0.01019931212067604, -0.999341607093811, -0.0348183810710907, 0.0067138671875], [0.010886167176067829, 0.034929100424051285, -0.9993305206298828, 1.480438232421875], [0.9998887777328491, 0.009813443757593632, 0.011235254816710949, -1.706298828125], [0.0, 0.0, 0.0, 1.0]], [[-0.8439933061599731, -0.5355120897293091, -0.030034953728318214, 1.07275390625], [0.018933942541480064, 0.026216255500912666, -0.999476969242096, 1.4934616088867188], [0.5360193848609924, -0.8441205024719238, -0.0119869913905859, -1.2655029296875], [0.0, 0.0, 0.0, 1.0]], [[0.947909951210022, 0.3184596598148346, 0.007075106259435415, -1.1446533203125], [-0.006424431689083576, 0.0413198284804821, -0.9991253018379211, 1.5620574951171875], [-0.3184734880924225, 0.9470353722572327, 0.04121340438723564, -0.1558837890625], [0.0, 0.0, 0.0, 1.0]], [[0.009284722618758678, 0.9993863105773926, 0.033776987344026566, -0.029052734375], [-0.004305907990783453, 0.033818092197179794, -0.9994186758995056, 1.5680160522460938], [-0.9999476075172424, 0.009133918210864067, 0.00461725564673543, 0.036865234375], [0.0, 0.0, 0.0, 1.0]], [[-0.9236889481544495, 0.3831183612346649, 0.00436193635687232, 1.146484375], [-0.00010111064329976216, 0.011140864342451096, -0.9999379515647888, 1.5478057861328125], [-0.38314318656921387, -0.9236319661140442, -0.01025195699185133, -0.0489501953125], [0.0, 0.0, 0.0, 1.0]]], "view": [[0.0, -2.0, 100.0], [-2.0, 0.0, 100.0], [0.0, 0.0, 1.0]], "bev": "bev_9645597ea6ce4637ba0c155041d888a9.png", "aux": "aux_9645597ea6ce4637ba0c155041d888a9.npz", "visibility": "visibility_9645597ea6ce4637ba0c155041d888a9.png", "pose": [[-0.8780668377876282, -0.47853797674179077, 0.0, 1232.16064453125], [0.47853797674179077, -0.8780668377876282, 0.0, 1367.5750732421875], [0.0, 0.0, 1.0, 0.0], [0.0, 0.0, 0.0, 1.0]], "pose_inverse": [[-0.8780668377876282, 0.47853797674179077, 0.0, 427.4827880859375], [-0.47853797674179077, -0.8780668377876282, 0.0, 1790.4580078125], [0.0, 0.0, 1.0, 0.0], [0.0, 0.0, 0.0, 1.0]], "cam_ids": [0, 1, 2, 3, 4, 5], "cam_channels": ["CAM_FRONT_LEFT", "CAM_FRONT", "CAM_FRONT_RIGHT", "CAM_BACK_LEFT", "CAM_BACK", "CAM_BACK_RIGHT"], "token": "9645597ea6ce4637ba0c155041d888a9", "scene": "scene-0563"}, {"images": ["samples/CAM_FRONT_LEFT/n008-2018-08-31-11-37-23-0400__CAM_FRONT_LEFT__1535730596354799.jpg", "samples/CAM_FRONT/n008-2018-08-31-11-37-23-0400__CAM_FRONT__1535730596362404.jpg", "samples/CAM_FRONT_RIGHT/n008-2018-08-31-11-37-23-0400__CAM_FRONT_RIGHT__1535730596370482.jpg", "samples/CAM_BACK_LEFT/n008-2018-08-31-11-37-23-0400__CAM_BACK_LEFT__1535730596397417.jpg", "samples/CAM_BACK/n008-2018-08-31-11-37-23-0400__CAM_BACK__1535730596387558.jpg", "samples/CAM_BACK_RIGHT/n008-2018-08-31-11-37-23-0400__CAM_BACK_RIGHT__1535730596378113.jpg"], "intrinsics": [[[1257.8625342125129, 0.0, 827.2410631095686], [0.0, 1257.8625342125129, 450.915498205774], [0.0, 0.0, 1.0]], [[1252.8131021185304, 0.0, 826.588114781398], [0.0, 1252.8131021185304, 469.9846626224581], [0.0, 0.0, 1.0]], [[1256.7485116440405, 0.0, 817.7887570959712], [0.0, 1256.7485116440403, 451.9541780095127], [0.0, 0.0, 1.0]], [[1254.9860565800168, 0.0, 829.5769333630991], [0.0, 1254.9860565800168, 467.1680561863987], [0.0, 0.0, 1.0]], [[796.8910634503094, 0.0, 857.7774326863696], [0.0, 796.8910634503094, 476.8848988407415], [0.0, 0.0, 1.0]], [[1249.9629280788233, 0.0, 825.3768045375984], [0.0, 1249.9629280788233, 462.54816385708756], [0.0, 0.0, 1.0]]], "extrinsics": [[[0.8224720358848572, -0.5686339735984802, -0.013971524313092232, -0.9814453125], [0.00978442095220089, 0.03870292752981186, -0.9992028474807739, 1.488525390625], [0.5687214136123657, 0.8216797113418579, 0.03739582747220993, -1.3182373046875], [0.0, 0.0, 0.0, 1.0]], [[0.010170704685151577, -0.9993529319763184, -0.03450072556734085, 0.006591796875], [0.01174296997487545, 0.03461949899792671, -0.9993315935134888, 1.4804000854492188], [0.9998793005943298, 0.00975872203707695, 0.012087477371096611, -1.71173095703125], [0.0, 0.0, 0.0, 1.0]], [[-0.8439832925796509, -0.5354958176612854, -0.030601197853684425, 1.076171875], [0.0197705440223217, 0.025955192744731903, -0.9994675517082214, 1.4934005737304688], [0.5360049605369568, -0.8441389799118042, -0.011318705044686794, -1.2677001953125], [0.0, 0.0, 0.0, 1.0]], [[0.947908341884613, 0.31844764947891235, 0.00779735716059804, -1.14306640625], [-0.005615395959466696, 0.04117945209145546, -0.9991359710693359, 1.562042236328125], [-0.31849366426467896, 0.9470455646514893, 0.040822554379701614, -0.1563720703125], [0.0, 0.0, 0.0, 1.0]], [[0.0092733483761549, 0.9993921518325806, 0.03360724449157715, -0.029052734375], [-0.0034626948181539774, 0.033640582114458084, -0.9994279742240906, 1.5680274963378906], [-0.9999510645866394, 0.009151707403361797, 0.003772549796849489, 0.037353515625], [0.0, 0.0, 0.0, 1.0]], [[-0.9236845970153809, 0.3831377327442169, 0.003508075373247266, 1.14849853515625], [0.0007283900049515069, 0.01091165840625763, -0.9999402165412903, 1.5478153228759766], [-0.3831530213356018, -0.9236268401145935, -0.010358004830777645, -0.0479736328125], [0.0, 0.0, 0.0, 1.0]]], "view": [[0.0, -2.0, 100.0], [-2.0, 0.0, 100.0], [0.0, 0.0, 1.0]], "bev": "bev_546331c0e0564a5490d699d01497c769.png", "aux": "aux_546331c0e0564a5490d699d01497c769.npz", "visibility": "visibility_546331c0e0564a5490d699d01497c769.png", "pose": [[-0.8777310848236084, -0.4791536033153534, 0.0, 1231.8482666015625], [0.4791536033153534, -0.8777310848236084, 0.0, 1367.764892578125], [0.0, 0.0, 1.0, 0.0], [0.0, 0.0, 0.0, 1.0]], "pose_inverse": [[-0.8777310848236084, 0.4791536033153534, 0.0, 425.86199951171875], [-0.4791536033153534, -0.8777310848236084, 0.0, 1790.7742919921875], [0.0, 0.0, 1.0, 0.0], [0.0, 0.0, 0.0, 1.0]], "cam_ids": [0, 1, 2, 3, 4, 5], "cam_channels": ["CAM_FRONT_LEFT", "CAM_FRONT", "CAM_FRONT_RIGHT", "CAM_BACK_LEFT", "CAM_BACK", "CAM_BACK_RIGHT"], "token": "546331c0e0564a5490d699d01497c769", "scene": "scene-0563"}, {"images": ["samples/CAM_FRONT_LEFT/n008-2018-08-31-11-37-23-0400__CAM_FRONT_LEFT__1535730596854799.jpg", "samples/CAM_FRONT/n008-2018-08-31-11-37-23-0400__CAM_FRONT__1535730596862404.jpg", "samples/CAM_FRONT_RIGHT/n008-2018-08-31-11-37-23-0400__CAM_FRONT_RIGHT__1535730596870482.jpg", "samples/CAM_BACK_LEFT/n008-2018-08-31-11-37-23-0400__CAM_BACK_LEFT__1535730596897405.jpg", "samples/CAM_BACK/n008-2018-08-31-11-37-23-0400__CAM_BACK__1535730596887558.jpg", "samples/CAM_BACK_RIGHT/n008-2018-08-31-11-37-23-0400__CAM_BACK_RIGHT__1535730596878113.jpg"], "intrinsics": [[[1257.8625342125129, 0.0, 827.2410631095686], [0.0, 1257.8625342125129, 450.915498205774], [0.0, 0.0, 1.0]], [[1252.8131021185304, 0.0, 826.588114781398], [0.0, 1252.8131021185304, 469.9846626224581], [0.0, 0.0, 1.0]], [[1256.7485116440405, 0.0, 817.7887570959712], [0.0, 1256.7485116440403, 451.9541780095127], [0.0, 0.0, 1.0]], [[1254.9860565800168, 0.0, 829.5769333630991], [0.0, 1254.9860565800168, 467.1680561863987], [0.0, 0.0, 1.0]], [[796.8910634503094, 0.0, 857.7774326863696], [0.0, 796.8910634503094, 476.8848988407415], [0.0, 0.0, 1.0]], [[1249.9629280788233, 0.0, 825.3768045375984], [0.0, 1249.9629280788233, 462.54816385708756], [0.0, 0.0, 1.0]]], "extrinsics": [[[0.8225479125976562, -0.5685175657272339, -0.01424209401011467, -0.99078369140625], [0.00956316851079464, 0.03886748105287552, -0.9991986155509949, 1.4884414672851562], [0.5686155557632446, 0.8217524290084839, 0.03740719333291054, -1.32421875], [0.0, 0.0, 0.0, 1.0]], [[0.010274096392095089, -0.9993473291397095, -0.03463301807641983, 0.006103515625], [0.01150874700397253, 0.03475072979927063, -0.9993297457695007, 1.4803085327148438], [0.9998810291290283, 0.009868578985333443, 0.011858266778290272, -1.72076416015625], [0.0, 0.0, 0.0, 1.0]], [[-0.8439465761184692, -0.5355626940727234, -0.030444806441664696, 1.081787109375], [0.01952703297138214, 0.026045314967632294, -0.9994699954986572, 1.4932746887207031], [0.53607177734375, -0.8440937995910645, -0.011522902175784111, -1.271484375], [0.0, 0.0, 0.0, 1.0]], [[0.9479092955589294, 0.3184484839439392, 0.007645265199244022, -1.14361572265625], [-0.0057634152472019196, 0.041142787784338, -0.9991366267204285, 1.5620346069335938], [-0.31848812103271484, 0.9470468163490295, 0.04083498567342758, -0.1561279296875], [0.0, 0.0, 0.0, 1.0]], [[0.009247043170034885, 0.9993921518325806, 0.03361378237605095, -0.029052734375], [-0.0036688640248030424, 0.03364890068769455, -0.9994269609451294, 1.5680389404296875], [-0.9999504685401917, 0.009118428453803062, 0.003977787680923939, 0.0401611328125], [0.0, 0.0, 0.0, 1.0]], [[-0.923706591129303, 0.38308238983154297, 0.003742099739611149, 1.1533203125], [0.0004986778367310762, 0.010970240458846092, -0.9999396800994873, 1.5478096008300781], [-0.3831002712249756, -0.9236489534378052, -0.010324317961931229, -0.0465087890625], [0.0, 0.0, 0.0, 1.0]]], "view": [[0.0, -2.0, 100.0], [-2.0, 0.0, 100.0], [0.0, 0.0, 1.0]], "bev": "bev_95f0230140d24bf49f707545141c5044.png", "aux": "aux_95f0230140d24bf49f707545141c5044.npz", "visibility": "visibility_95f0230140d24bf49f707545141c5044.png", "pose": [[-0.8778735995292664, -0.47889241576194763, 0.0, 1231.6287841796875], [0.47889241576194763, -0.8778735995292664, 0.0, 1367.8931884765625], [0.0, 0.0, 1.0, 0.0], [0.0, 0.0, 0.0, 1.0]], "pose_inverse": [[-0.8778735995292664, 0.47889241576194763, 0.0, 426.1407165527344], [-0.47889241576194763, -0.8778735995292664, 0.0, 1790.655029296875], [0.0, 0.0, 1.0, 0.0], [0.0, 0.0, 0.0, 1.0]], "cam_ids": [0, 1, 2, 3, 4, 5], "cam_channels": ["CAM_FRONT_LEFT", "CAM_FRONT", "CAM_FRONT_RIGHT", "CAM_BACK_LEFT", "CAM_BACK", "CAM_BACK_RIGHT"], "token": "95f0230140d24bf49f707545141c5044", "scene": "scene-0563"}, {"images": ["samples/CAM_FRONT_LEFT/n008-2018-08-31-11-37-23-0400__CAM_FRONT_LEFT__1535730597354799.jpg", "samples/CAM_FRONT/n008-2018-08-31-11-37-23-0400__CAM_FRONT__1535730597362404.jpg", "samples/CAM_FRONT_RIGHT/n008-2018-08-31-11-37-23-0400__CAM_FRONT_RIGHT__1535730597370482.jpg", "samples/CAM_BACK_LEFT/n008-2018-08-31-11-37-23-0400__CAM_BACK_LEFT__1535730597397405.jpg", "samples/CAM_BACK/n008-2018-08-31-11-37-23-0400__CAM_BACK__1535730597387558.jpg", "samples/CAM_BACK_RIGHT/n008-2018-08-31-11-37-23-0400__CAM_BACK_RIGHT__1535730597378113.jpg"], "intrinsics": [[[1257.8625342125129, 0.0, 827.2410631095686], [0.0, 1257.8625342125129, 450.915498205774], [0.0, 0.0, 1.0]], [[1252.8131021185304, 0.0, 826.588114781398], [0.0, 1252.8131021185304, 469.9846626224581], [0.0, 0.0, 1.0]], [[1256.7485116440405, 0.0, 817.7887570959712], [0.0, 1256.7485116440403, 451.9541780095127], [0.0, 0.0, 1.0]], [[1254.9860565800168, 0.0, 829.5769333630991], [0.0, 1254.9860565800168, 467.1680561863987], [0.0, 0.0, 1.0]], [[796.8910634503094, 0.0, 857.7774326863696], [0.0, 796.8910634503094, 476.8848988407415], [0.0, 0.0, 1.0]], [[1249.9629280788233, 0.0, 825.3768045375984], [0.0, 1249.9629280788233, 462.54816385708756], [0.0, 0.0, 1.0]]], "extrinsics": [[[0.8225424885749817, -0.5685804486274719, -0.0118456045165658, -0.99151611328125], [0.012428640387952328, 0.03879636898636818, -0.9991698265075684, 1.4884796142578125], [0.5685679912567139, 0.8217123746871948, 0.03897834196686745, -1.32470703125], [0.0, 0.0, 0.0, 1.0]], [[0.01030456367880106, -0.9993504285812378, -0.03453271836042404, 0.0059814453125], [0.014542062766849995, 0.03468066826462746, -0.9992926716804504, 1.4803390502929688], [0.9998411536216736, 0.009795146062970161, 0.014889986254274845, -1.721588134765625], [0.0, 0.0, 0.0, 1.0]], [[-0.8438840508460999, -0.5355024337768555, -0.03311799466609955, 1.0819091796875], [0.02273198403418064, 0.025985112413764, -0.9994038343429565, 1.4932937622070312], [0.5360438227653503, -0.8441338539123535, -0.009755388833582401, -1.271728515625], [0.0, 0.0, 0.0, 1.0]], [[0.9478919506072998, 0.3183993399143219, 0.011078688316047192, -1.14337158203125], [-0.0021510785445570946, 0.041169244796037674, -0.9991498589515686, 1.562042236328125], [-0.31858476996421814, 0.9470623135566711, 0.03970889374613762, -0.15625], [0.0, 0.0, 0.0, 1.0]], [[0.009193073026835918, 0.9993917942047119, 0.03363758325576782, -0.02880859375], [-0.0001977765205083415, 0.033640824258327484, -0.9994339346885681, 1.5680580139160156], [-0.9999577403068542, 0.009181198664009571, 0.0005069167818874121, 0.040191650390625], [0.0, 0.0, 0.0, 1.0]], [[-0.9236873388290405, 0.3831465542316437, 0.0006586906965821981, 1.15374755859375], [0.0038203634321689606, 0.01092915516346693, -0.9999329447746277, 1.5478363037109375], [-0.3831281363964081, -0.9236228466033936, -0.011558878235518932, -0.0465087890625], [0.0, 0.0, 0.0, 1.0]]], "view": [[0.0, -2.0, 100.0], [-2.0, 0.0, 100.0], [0.0, 0.0, 1.0]], "bev": "bev_ac7e7a21d29b41e6acc78ce8ef5ade66.png", "aux": "aux_ac7e7a21d29b41e6acc78ce8ef5ade66.npz", "visibility": "visibility_ac7e7a21d29b41e6acc78ce8ef5ade66.png", "pose": [[-0.877704381942749, -0.4792024791240692, 0.0, 1231.4739990234375], [0.4792024791240692, -0.877704381942749, 0.0, 1367.9852294921875], [0.0, 0.0, 1.0, 0.0], [0.0, 0.0, 0.0, 1.0]], "pose_inverse": [[-0.877704381942749, 0.4792024791240692, 0.0, 425.32818603515625], [-0.4792024791240692, -0.877704381942749, 0.0, 1790.81201171875], [0.0, 0.0, 1.0, 0.0], [0.0, 0.0, 0.0, 1.0]], "cam_ids": [0, 1, 2, 3, 4, 5], "cam_channels": ["CAM_FRONT_LEFT", "CAM_FRONT", "CAM_FRONT_RIGHT", "CAM_BACK_LEFT", "CAM_BACK", "CAM_BACK_RIGHT"], "token": "ac7e7a21d29b41e6acc78ce8ef5ade66", "scene": "scene-0563"}, {"images": ["samples/CAM_FRONT_LEFT/n008-2018-08-31-11-37-23-0400__CAM_FRONT_LEFT__1535730597904799.jpg", "samples/CAM_FRONT/n008-2018-08-31-11-37-23-0400__CAM_FRONT__1535730597912404.jpg", "samples/CAM_FRONT_RIGHT/n008-2018-08-31-11-37-23-0400__CAM_FRONT_RIGHT__1535730597920482.jpg", "samples/CAM_BACK_LEFT/n008-2018-08-31-11-37-23-0400__CAM_BACK_LEFT__1535730597947405.jpg", "samples/CAM_BACK/n008-2018-08-31-11-37-23-0400__CAM_BACK__1535730597937558.jpg", "samples/CAM_BACK_RIGHT/n008-2018-08-31-11-37-23-0400__CAM_BACK_RIGHT__1535730597928113.jpg"], "intrinsics": [[[1257.8625342125129, 0.0, 827.2410631095686], [0.0, 1257.8625342125129, 450.915498205774], [0.0, 0.0, 1.0]], [[1252.8131021185304, 0.0, 826.588114781398], [0.0, 1252.8131021185304, 469.9846626224581], [0.0, 0.0, 1.0]], [[1256.7485116440405, 0.0, 817.7887570959712], [0.0, 1256.7485116440403, 451.9541780095127], [0.0, 0.0, 1.0]], [[1254.9860565800168, 0.0, 829.5769333630991], [0.0, 1254.9860565800168, 467.1680561863987], [0.0, 0.0, 1.0]], [[796.8910634503094, 0.0, 857.7774326863696], [0.0, 796.8910634503094, 476.8848988407415], [0.0, 0.0, 1.0]], [[1249.9629280788233, 0.0, 825.3768045375984], [0.0, 1249.9629280788233, 462.54816385708756], [0.0, 0.0, 1.0]]], "extrinsics": [[[0.8231917023658752, -0.5676522850990295, -0.011243361048400402, -0.97998046875], [0.013082792051136494, 0.038762446492910385, -0.9991627931594849, 1.4886703491210938], [0.5676129460334778, 0.8223553895950317, 0.039335399866104126, -1.3170166015625], [0.0, 0.0, 0.0, 1.0]], [[0.011281040497124195, -0.9993414878845215, -0.034487780183553696, 0.006103515625], [0.01502211857587099, 0.034655455499887466, -0.999286413192749, 1.4805145263671875], [0.9998235702514648, 0.010754932649433613, 0.01540317665785551, -1.7103271484375], [0.0, 0.0, 0.0, 1.0]], [[-0.843459963798523, -0.5361546874046326, -0.033369727432727814, 1.0750732421875], [0.023028569296002388, 0.025973740965127945, -0.9993972778320312, 1.4934883117675781], [0.5366983413696289, -0.8437200784683228, -0.009560933336615562, -1.267333984375], [0.0, 0.0, 0.0, 1.0]], [[0.947830080986023, 0.3185904026031494, 0.010881297290325165, -1.142822265625], [-0.002366554457694292, 0.04116613417863846, -0.9991495609283447, 1.5620346069335938], [-0.3187674283981323, 0.9469981789588928, 0.039772458374500275, -0.1563720703125], [0.0, 0.0, 0.0, 1.0]], [[0.008800472132861614, 0.9993961453437805, 0.033614806830883026, -0.02880859375], [-0.00023612883524037898, 0.03361818566918373, -0.9994347095489502, 1.56805419921875], [-0.999961256980896, 0.008787520229816437, 0.0005318424664437771, 0.037567138671875], [0.0, 0.0, 0.0, 1.0]], [[-0.9239147305488586, 0.3825981318950653, 0.0005050062900409102, 1.148590087890625], [0.003972998354583979, 0.010914023965597153, -0.9999325275421143, 1.5478591918945312], [-0.3825778365135193, -0.923850417137146, -0.011603687889873981, -0.0482177734375], [0.0, 0.0, 0.0, 1.0]]], "view": [[0.0, -2.0, 100.0], [-2.0, 0.0, 100.0], [0.0, 0.0, 1.0]], "bev": "bev_c686a80773ef45c3a850112e98f21df6.png", "aux": "aux_c686a80773ef45c3a850112e98f21df6.npz", "visibility": "visibility_c686a80773ef45c3a850112e98f21df6.png", "pose": [[-0.8747751712799072, -0.4845291078090668, 0.0, 1231.2000732421875], [0.4845291078090668, -0.8747751712799072, 0.0, 1368.1451416015625], [0.0, 0.0, 1.0, 0.0], [0.0, 0.0, 0.0, 1.0]], "pose_inverse": [[-0.8747751712799072, 0.4845291078090668, 0.0, 414.1170959472656], [-0.4845291078090668, -0.8747751712799072, 0.0, 1793.37158203125], [0.0, 0.0, 1.0, 0.0], [0.0, 0.0, 0.0, 1.0]], "cam_ids": [0, 1, 2, 3, 4, 5], "cam_channels": ["CAM_FRONT_LEFT", "CAM_FRONT", "CAM_FRONT_RIGHT", "CAM_BACK_LEFT", "CAM_BACK", "CAM_BACK_RIGHT"], "token": "c686a80773ef45c3a850112e98f21df6", "scene": "scene-0563"}, {"images": ["samples/CAM_FRONT_LEFT/n008-2018-08-31-11-37-23-0400__CAM_FRONT_LEFT__1535730598404799.jpg", "samples/CAM_FRONT/n008-2018-08-31-11-37-23-0400__CAM_FRONT__1535730598412404.jpg", "samples/CAM_FRONT_RIGHT/n008-2018-08-31-11-37-23-0400__CAM_FRONT_RIGHT__1535730598420482.jpg", "samples/CAM_BACK_LEFT/n008-2018-08-31-11-37-23-0400__CAM_BACK_LEFT__1535730598447405.jpg", "samples/CAM_BACK/n008-2018-08-31-11-37-23-0400__CAM_BACK__1535730598437558.jpg", "samples/CAM_BACK_RIGHT/n008-2018-08-31-11-37-23-0400__CAM_BACK_RIGHT__1535730598428113.jpg"], "intrinsics": [[[1257.8625342125129, 0.0, 827.2410631095686], [0.0, 1257.8625342125129, 450.915498205774], [0.0, 0.0, 1.0]], [[1252.8131021185304, 0.0, 826.588114781398], [0.0, 1252.8131021185304, 469.9846626224581], [0.0, 0.0, 1.0]], [[1256.7485116440405, 0.0, 817.7887570959712], [0.0, 1256.7485116440403, 451.9541780095127], [0.0, 0.0, 1.0]], [[1254.9860565800168, 0.0, 829.5769333630991], [0.0, 1254.9860565800168, 467.1680561863987], [0.0, 0.0, 1.0]], [[796.8910634503094, 0.0, 857.7774326863696], [0.0, 796.8910634503094, 476.8848988407415], [0.0, 0.0, 1.0]], [[1249.9629280788233, 0.0, 825.3768045375984], [0.0, 1249.9629280788233, 462.54816385708756], [0.0, 0.0, 1.0]]], "extrinsics": [[[0.8233835697174072, -0.5673907399177551, -0.010357702150940895, -0.96478271484375], [0.010775109753012657, 0.03388000652194023, -0.9993678331375122, 1.4888076782226562], [0.5673829913139343, 0.8227514028549194, 0.034009940922260284, -1.305908203125], [0.0, 0.0, 0.0, 1.0]], [[0.011478782631456852, -0.999500572681427, -0.02944181114435196, 0.006103515625], [0.012679303996264935, 0.029586872085928917, -0.9994817972183228, 1.4806671142578125], [0.9998537302017212, 0.011099529452621937, 0.013012593612074852, -1.694427490234375], [0.0, 0.0, 0.0, 1.0]], [[-0.8434240818023682, -0.5364898443222046, -0.028536587953567505, 1.064208984375], [0.020647035911679268, 0.02070900984108448, -0.9995723366737366, 1.4937171936035156], [0.5368514060974121, -0.843652606010437, -0.006389553193002939, -1.260498046875], [0.0, 0.0, 0.0, 1.0]], [[0.9478673338890076, 0.3185921311378479, 0.006838439963757992, -1.142578125], [-0.0047603570856153965, 0.035613592714071274, -0.9993543028831482, 1.5620384216308594], [-0.3186299800872803, 0.9472226500511169, 0.03527357056736946, -0.1566162109375], [0.0, 0.0, 0.0, 1.0]], [[0.008825658820569515, 0.9995681047439575, 0.02802947722375393, -0.0286865234375], [-0.002686787862330675, 0.028054170310497284, -0.9996027946472168, 1.5680274963378906], [-0.9999574422836304, 0.008746825158596039, 0.0029332241974771023, 0.031829833984375], [0.0, 0.0, 0.0, 1.0]], [[-0.9239667057991028, 0.38247227668762207, 0.0006563598872162402, 1.139373779296875], [0.0015520085580646992, 0.005465371534228325, -0.9999838471412659, 1.547846794128418], [-0.38246965408325195, -0.9239507913589478, -0.0056434208527207375, -0.0523681640625], [0.0, 0.0, 0.0, 1.0]]], "view": [[0.0, -2.0, 100.0], [-2.0, 0.0, 100.0], [0.0, 0.0, 1.0]], "bev": "bev_5bbb8e5b260a4a13870b0239bbd764b4.png", "aux": "aux_5bbb8e5b260a4a13870b0239bbd764b4.npz", "visibility": "visibility_5bbb8e5b260a4a13870b0239bbd764b4.png", "pose": [[-0.8669332265853882, -0.4984242618083954, 0.0, 1230.830078125], [0.4984242618083954, -0.8669332265853882, 0.0, 1368.3599853515625], [0.0, 0.0, 1.0, 0.0], [0.0, 0.0, 0.0, 1.0]], "pose_inverse": [[-0.8669332265853882, 0.4984242618083954, 0.0, 385.0237121582031], [-0.4984242618083954, -0.8669332265853882, 0.0, 1799.7523193359375], [0.0, 0.0, 1.0, 0.0], [0.0, 0.0, 0.0, 1.0]], "cam_ids": [0, 1, 2, 3, 4, 5], "cam_channels": ["CAM_FRONT_LEFT", "CAM_FRONT", "CAM_FRONT_RIGHT", "CAM_BACK_LEFT", "CAM_BACK", "CAM_BACK_RIGHT"], "token": "5bbb8e5b260a4a13870b0239bbd764b4", "scene": "scene-0563"}, {"images": ["samples/CAM_FRONT_LEFT/n008-2018-08-31-11-37-23-0400__CAM_FRONT_LEFT__1535730598904799.jpg", "samples/CAM_FRONT/n008-2018-08-31-11-37-23-0400__CAM_FRONT__1535730598912404.jpg", "samples/CAM_FRONT_RIGHT/n008-2018-08-31-11-37-23-0400__CAM_FRONT_RIGHT__1535730598920482.jpg", "samples/CAM_BACK_LEFT/n008-2018-08-31-11-37-23-0400__CAM_BACK_LEFT__1535730598947405.jpg", "samples/CAM_BACK/n008-2018-08-31-11-37-23-0400__CAM_BACK__1535730598937558.jpg", "samples/CAM_BACK_RIGHT/n008-2018-08-31-11-37-23-0400__CAM_BACK_RIGHT__1535730598928113.jpg"], "intrinsics": [[[1257.8625342125129, 0.0, 827.2410631095686], [0.0, 1257.8625342125129, 450.915498205774], [0.0, 0.0, 1.0]], [[1252.8131021185304, 0.0, 826.588114781398], [0.0, 1252.8131021185304, 469.9846626224581], [0.0, 0.0, 1.0]], [[1256.7485116440405, 0.0, 817.7887570959712], [0.0, 1256.7485116440403, 451.9541780095127], [0.0, 0.0, 1.0]], [[1254.9860565800168, 0.0, 829.5769333630991], [0.0, 1254.9860565800168, 467.1680561863987], [0.0, 0.0, 1.0]], [[796.8910634503094, 0.0, 857.7774326863696], [0.0, 796.8910634503094, 476.8848988407415], [0.0, 0.0, 1.0]], [[1249.9629280788233, 0.0, 825.3768045375984], [0.0, 1249.9629280788233, 462.54816385708756], [0.0, 0.0, 1.0]]], "extrinsics": [[[0.824155867099762, -0.566312313079834, -0.0075798057951033115, -0.9444580078125], [0.017599374055862427, 0.03898466005921364, -0.9990847706794739, 1.48956298828125], [0.5660895109176636, 0.8232681751251221, 0.042096178978681564, -1.292236328125], [0.0, 0.0, 0.0, 1.0]], [[0.01275703962892294, -0.9993338584899902, -0.03419268876314163, 0.0064697265625], [0.019527975469827652, 0.03443794324994087, -0.9992160201072693, 1.4813308715820312], [0.9997278451919556, 0.012079229578375816, 0.019954293966293335, -1.67413330078125], [0.0, 0.0, 0.0, 1.0]], [[-0.8427668809890747, -0.5370189547538757, -0.03680521249771118, 1.0511474609375], [0.027524003759026527, 0.025293642655014992, -0.9993010759353638, 1.494354248046875], [0.5375745296478271, -0.8431909084320068, -0.006535734049975872, -1.252197265625], [0.0, 0.0, 0.0, 1.0]], [[0.9478551149368286, 0.3183748424053192, 0.014428630471229553, -1.14239501953125], [0.002137710340321064, 0.03892086446285248, -0.999239981174469, 1.5620498657226562], [-0.31869444251060486, 0.9471655488014221, 0.03621074557304382, -0.156494140625], [0.0, 0.0, 0.0, 1.0]], [[0.008403882384300232, 0.9994533061981201, 0.031975723803043365, -0.02880859375], [0.004247290547937155, 0.03194088488817215, -0.999480664730072, 1.5681381225585938], [-0.9999555945396423, 0.008535278961062431, -0.0039765420369803905, 0.026214599609375], [0.0, 0.0, 0.0, 1.0]], [[-0.9241700172424316, 0.3819594085216522, -0.004081172868609428, 1.129150390625], [0.008451957255601883, 0.009765995666384697, -0.9999166131019592, 1.5480937957763672], [-0.3818877041339874, -0.9241273999214172, -0.012253746390342712, -0.0565185546875], [0.0, 0.0, 0.0, 1.0]]], "view": [[0.0, -2.0, 100.0], [-2.0, 0.0, 100.0], [0.0, 0.0, 1.0]], "bev": "bev_6ef078bc31f94c499f0a8c2d2addfa19.png", "aux": "aux_6ef078bc31f94c499f0a8c2d2addfa19.npz", "visibility": "visibility_6ef078bc31f94c499f0a8c2d2addfa19.png", "pose": [[-0.8513193726539612, -0.5246477723121643, 0.0, 1230.2303466796875], [0.5246477723121643, -0.8513193726539612, 0.0, 1368.7239990234375], [0.0, 0.0, 1.0, 0.0], [0.0, 0.0, 0.0, 1.0]], "pose_inverse": [[-0.8513193726539612, 0.5246477723121643, 0.0, 329.220947265625], [-0.5246477723121643, -0.8513193726539612, 0.0, 1810.658935546875], [0.0, 0.0, 1.0, 0.0], [0.0, 0.0, 0.0, 1.0]], "cam_ids": [0, 1, 2, 3, 4, 5], "cam_channels": ["CAM_FRONT_LEFT", "CAM_FRONT", "CAM_FRONT_RIGHT", "CAM_BACK_LEFT", "CAM_BACK", "CAM_BACK_RIGHT"], "token": "6ef078bc31f94c499f0a8c2d2addfa19", "scene": "scene-0563"}, {"images": ["samples/CAM_FRONT_LEFT/n008-2018-08-31-11-37-23-0400__CAM_FRONT_LEFT__1535730599404799.jpg", "samples/CAM_FRONT/n008-2018-08-31-11-37-23-0400__CAM_FRONT__1535730599412404.jpg", "samples/CAM_FRONT_RIGHT/n008-2018-08-31-11-37-23-0400__CAM_FRONT_RIGHT__1535730599420482.jpg", "samples/CAM_BACK_LEFT/n008-2018-08-31-11-37-23-0400__CAM_BACK_LEFT__1535730599447405.jpg", "samples/CAM_BACK/n008-2018-08-31-11-37-23-0400__CAM_BACK__1535730599437558.jpg", "samples/CAM_BACK_RIGHT/n008-2018-08-31-11-37-23-0400__CAM_BACK_RIGHT__1535730599428113.jpg"], "intrinsics": [[[1257.8625342125129, 0.0, 827.2410631095686], [0.0, 1257.8625342125129, 450.915498205774], [0.0, 0.0, 1.0]], [[1252.8131021185304, 0.0, 826.588114781398], [0.0, 1252.8131021185304, 469.9846626224581], [0.0, 0.0, 1.0]], [[1256.7485116440405, 0.0, 817.7887570959712], [0.0, 1256.7485116440403, 451.9541780095127], [0.0, 0.0, 1.0]], [[1254.9860565800168, 0.0, 829.5769333630991], [0.0, 1254.9860565800168, 467.1680561863987], [0.0, 0.0, 1.0]], [[796.8910634503094, 0.0, 857.7774326863696], [0.0, 796.8910634503094, 476.8848988407415], [0.0, 0.0, 1.0]], [[1249.9629280788233, 0.0, 825.3768045375984], [0.0, 1249.9629280788233, 462.54816385708756], [0.0, 0.0, 1.0]]], "extrinsics": [[[0.8253933191299438, -0.5644872188568115, -0.008943527936935425, -0.92803955078125], [0.021022900938987732, 0.04656263813376427, -0.998694121837616, 1.4902267456054688], [0.5641664862632751, 0.8241274952888489, 0.05029965192079544, -1.28125], [0.0, 0.0, 0.0, 1.0]], [[0.014619345776736736, -0.9990097284317017, -0.04202175885438919, 0.0068359375], [0.02296384610235691, 0.04235062003135681, -0.9988388419151306, 1.481903076171875], [0.9996293783187866, 0.013637347146868706, 0.02356024645268917, -1.658050537109375], [0.0, 0.0, 0.0, 1.0]], [[-0.8419229984283447, -0.5377863049507141, -0.04417680948972702, 1.0408935546875], [0.03097478300333023, 0.03356783837080002, -0.9989562630653381, 1.4948959350585938], [0.5387079119682312, -0.8424127101898193, -0.011603723280131817, -1.245361328125], [0.0, 0.0, 0.0, 1.0]], [[0.947799801826477, 0.3182086646556854, 0.020463164895772934, -1.14288330078125], [0.0054549663327634335, 0.04798446595668793, -0.998833179473877, 1.5620498657226562], [-0.3188193142414093, 0.946805477142334, 0.04374385252594948, -0.1561279296875], [0.0, 0.0, 0.0, 1.0]], [[0.007833383046090603, 0.9991340041160583, 0.04086235910654068, -0.028564453125], [0.007633693050593138, 0.040802668780088425, -0.9991380572319031, 1.5682296752929688], [-0.9999401569366455, 0.008138584904372692, -0.00730745866894722, 0.0218963623046875], [0.0, 0.0, 0.0, 1.0]], [[-0.9245020151138306, 0.3811555504798889, -0.0040560499764978886, 1.120941162109375], [0.011946218088269234, 0.018336931243538857, -0.9997604489326477, 1.5483169555664062], [-0.38098981976509094, -0.9243290424346924, -0.021505894139409065, -0.059814453125], [0.0, 0.0, 0.0, 1.0]]], "view": [[0.0, -2.0, 100.0], [-2.0, 0.0, 100.0], [0.0, 0.0, 1.0]], "bev": "bev_3244a7f00d6c46e8aab77ed45d1af6d9.png", "aux": "aux_3244a7f00d6c46e8aab77ed45d1af6d9.npz", "visibility": "visibility_3244a7f00d6c46e8aab77ed45d1af6d9.png", "pose": [[-0.8248366117477417, -0.5653711557388306, 0.0, 1229.4375], [0.5653711557388306, -0.8248366117477417, 0.0, 1369.2459716796875], [0.0, 0.0, 1.0, 0.0], [0.0, 0.0, 0.0, 1.0]], "pose_inverse": [[-0.8248366117477417, 0.5653711557388306, 0.0, 239.95289611816406], [-0.5653711557388306, -0.8248366117477417, 0.0, 1824.49267578125], [0.0, 0.0, 1.0, 0.0], [0.0, 0.0, 0.0, 1.0]], "cam_ids": [0, 1, 2, 3, 4, 5], "cam_channels": ["CAM_FRONT_LEFT", "CAM_FRONT", "CAM_FRONT_RIGHT", "CAM_BACK_LEFT", "CAM_BACK", "CAM_BACK_RIGHT"], "token": "3244a7f00d6c46e8aab77ed45d1af6d9", "scene": "scene-0563"}, {"images": ["samples/CAM_FRONT_LEFT/n008-2018-08-31-11-37-23-0400__CAM_FRONT_LEFT__1535730599904799.jpg", "samples/CAM_FRONT/n008-2018-08-31-11-37-23-0400__CAM_FRONT__1535730599912404.jpg", "samples/CAM_FRONT_RIGHT/n008-2018-08-31-11-37-23-0400__CAM_FRONT_RIGHT__1535730599920482.jpg", "samples/CAM_BACK_LEFT/n008-2018-08-31-11-37-23-0400__CAM_BACK_LEFT__1535730599947405.jpg", "samples/CAM_BACK/n008-2018-08-31-11-37-23-0400__CAM_BACK__1535730599937558.jpg", "samples/CAM_BACK_RIGHT/n008-2018-08-31-11-37-23-0400__CAM_BACK_RIGHT__1535730599928113.jpg"], "intrinsics": [[[1257.8625342125129, 0.0, 827.2410631095686], [0.0, 1257.8625342125129, 450.915498205774], [0.0, 0.0, 1.0]], [[1252.8131021185304, 0.0, 826.588114781398], [0.0, 1252.8131021185304, 469.9846626224581], [0.0, 0.0, 1.0]], [[1256.7485116440405, 0.0, 817.7887570959712], [0.0, 1256.7485116440403, 451.9541780095127], [0.0, 0.0, 1.0]], [[1254.9860565800168, 0.0, 829.5769333630991], [0.0, 1254.9860565800168, 467.1680561863987], [0.0, 0.0, 1.0]], [[796.8910634503094, 0.0, 857.7774326863696], [0.0, 796.8910634503094, 476.8848988407415], [0.0, 0.0, 1.0]], [[1249.9629280788233, 0.0, 825.3768045375984], [0.0, 1249.9629280788233, 462.54816385708756], [0.0, 0.0, 1.0]]], "extrinsics": [[[0.8247411847114563, -0.5654687881469727, -0.006859575863927603, -0.9124755859375], [0.015397308394312859, 0.03457919508218765, -0.9992833137512207, 1.4900283813476562], [0.5653007626533508, 0.8240445256233215, 0.03722558170557022, -1.27001953125], [0.0, 0.0, 0.0, 1.0]], [[0.013506016694009304, -0.9994378089904785, -0.03068736381828785, 0.006591796875], [0.01701114885509014, 0.030915386974811554, -0.9993772506713867, 1.4817466735839844], [0.9997640252113342, 0.012975548394024372, 0.017419129610061646, -1.641815185546875], [0.0, 0.0, 0.0, 1.0]], [[-0.8425208926200867, -0.5376507043838501, -0.033018264919519424, 1.0301513671875], [0.024673154577612877, 0.02271370403468609, -0.9994375109672546, 1.4948463439941406], [0.5380982756614685, -0.8428615927696228, -0.005871233530342579, -1.2392578125], [0.0, 0.0, 0.0, 1.0]], [[0.9478615522384644, 0.31849467754364014, 0.010939745232462883, -1.142822265625], [-0.0015720397932454944, 0.03900061175227165, -0.9992379546165466, 1.5620498657226562], [-0.3186785578727722, 0.9471220374107361, 0.03746786341071129, -0.1563720703125], [0.0, 0.0, 0.0, 1.0]], [[0.00822972971946001, 0.9994807243347168, 0.031155357137322426, -0.0286865234375], [0.0007770241354592144, 0.031150007620453835, -0.9995144009590149, 1.568084716796875], [-0.9999659061431885, 0.008250033482909203, -0.0005202631000429392, 0.017