[{"images": ["samples/CAM_FRONT_LEFT/n008-2018-09-18-14-54-39-0400__CAM_FRONT_LEFT__1537297493854799.jpg", "samples/CAM_FRONT/n008-2018-09-18-14-54-39-0400__CAM_FRONT__1537297493862404.jpg", "samples/CAM_FRONT_RIGHT/n008-2018-09-18-14-54-39-0400__CAM_FRONT_RIGHT__1537297493870482.jpg", "samples/CAM_BACK_LEFT/n008-2018-09-18-14-54-39-0400__CAM_BACK_LEFT__1537297493897405.jpg", "samples/CAM_BACK/n008-2018-09-18-14-54-39-0400__CAM_BACK__1537297493887558.jpg", "samples/CAM_BACK_RIGHT/n008-2018-09-18-14-54-39-0400__CAM_BACK_RIGHT__1537297493878113.jpg"], "intrinsics": [[[1257.8625342125129, 0.0, 827.2410631095686], [0.0, 1257.8625342125129, 450.915498205774], [0.0, 0.0, 1.0]], [[1252.8131021185304, 0.0, 826.588114781398], [0.0, 1252.8131021185304, 469.9846626224581], [0.0, 0.0, 1.0]], [[1256.7485116440405, 0.0, 817.7887570959712], [0.0, 1256.7485116440403, 451.9541780095127], [0.0, 0.0, 1.0]], [[1254.9860565800168, 0.0, 829.5769333630991], [0.0, 1254.9860565800168, 467.1680561863987], [0.0, 0.0, 1.0]], [[796.8910634503094, 0.0, 857.7774326863696], [0.0, 796.8910634503094, 476.8848988407415], [0.0, 0.0, 1.0]], [[1249.9629280788233, 0.0, 825.3768045375984], [0.0, 1249.9629280788233, 462.54816385708756], [0.0, 0.0, 1.0]]], "extrinsics": [[[0.8225005865097046, -0.5686084032058716, -0.013313504867255688, -1.0050048828125], [0.007055699825286865, 0.03360655531287193, -0.9994102716445923, 1.4882965087890625], [0.5687205195426941, 0.8219216465950012, 0.03165334090590477, -1.33349609375], [0.0, 0.0, 0.0, 1.0]], [[0.010186166502535343, -0.9995157718658447, -0.02940235286951065, 0.00537109375], [0.009017274715006351, 0.029494501650333405, -0.9995242357254028, 1.4801597595214844], [0.9999074339866638, 0.00991611648350954, 0.009313342161476612, -1.7346572875976562], [0.0, 0.0, 0.0, 1.0]], [[-0.8440122008323669, -0.5357155203819275, -0.025541674345731735, 1.0906982421875], [0.017045248299837112, 0.02080588787794113, -0.9996381998062134, 1.4930763244628906], [0.5360531210899353, -0.8441421985626221, -0.008429018780589104, -1.277587890625], [0.0, 0.0, 0.0, 1.0]], [[0.9479029774665833, 0.3185391128063202, 0.00356607255525887, -1.14398193359375], [-0.008327323943376541, 0.03596775233745575, -0.9993182420730591, 1.5620498657226562], [-0.31845027208328247, 0.9472271203994751, 0.036746520549058914, -0.15625], [0.0, 0.0, 0.0, 1.0]], [[0.009280480444431305, 0.9995537996292114, 0.028393523767590523, -0.02880859375], [-0.0062150005251169205, 0.02845185436308384, -0.9995757937431335, 1.5680618286132812], [-0.9999376535415649, 0.009100036695599556, 0.006476272363215685, 0.04438591003417969], [0.0, 0.0, 0.0, 1.0]], [[-0.9237061142921448, 0.383080393075943, 0.004059797152876854, 1.16058349609375], [-0.0020106369629502296, 0.005749403964728117, -0.9999814629554749, 1.5478124618530273], [-0.3830966353416443, -0.9236971139907837, -0.004540523048490286, -0.043701171875], [0.0, 0.0, 0.0, 1.0]]], "view": [[0.0, -2.0, 100.0], [-2.0, 0.0, 100.0], [0.0, 0.0, 1.0]], "bev": "bev_559a08e821924fab9931dd6d2b890044.png", "aux": "aux_559a08e821924fab9931dd6d2b890044.npz", "visibility": "visibility_559a08e821924fab9931dd6d2b890044.png", "pose": [[-0.8166136145591736, -0.5771847367286682, 0.0, 1168.94970703125], [0.5771847367286682, -0.8166136145591736, 0.0, 1571.4552001953125], [0.0, 0.0, 1.0, 0.0], [0.0, 0.0, 0.0, 1.0]], "pose_inverse": [[-0.8166136145591736, 0.5771847367286682, 0.0, 47.56026077270508], [-0.5771847367286682, -0.8166136145591736, 0.0, 1957.9716796875], [0.0, 0.0, 1.0, 0.0], [0.0, 0.0, 0.0, 1.0]], "cam_ids": [0, 1, 2, 3, 4, 5], "cam_channels": ["CAM_FRONT_LEFT", "CAM_FRONT", "CAM_FRONT_RIGHT", "CAM_BACK_LEFT", "CAM_BACK", "CAM_BACK_RIGHT"], "token": "559a08e821924fab9931dd6d2b890044", "scene": "scene-0888"}, {"images": ["samples/CAM_FRONT_LEFT/n008-2018-09-18-14-54-39-0400__CAM_FRONT_LEFT__1537297494354799.jpg", "samples/CAM_FRONT/n008-2018-09-18-14-54-39-0400__CAM_FRONT__1537297494362404.jpg", "samples/CAM_FRONT_RIGHT/n008-2018-09-18-14-54-39-0400__CAM_FRONT_RIGHT__1537297494370482.jpg", "samples/CAM_BACK_LEFT/n008-2018-09-18-14-54-39-0400__CAM_BACK_LEFT__1537297494397405.jpg", "samples/CAM_BACK/n008-2018-09-18-14-54-39-0400__CAM_BACK__1537297494388406.jpg", "samples/CAM_BACK_RIGHT/n008-2018-09-18-14-54-39-0400__CAM_BACK_RIGHT__1537297494378113.jpg"], "intrinsics": [[[1257.8625342125129, 0.0, 827.2410631095686], [0.0, 1257.8625342125129, 450.915498205774], [0.0, 0.0, 1.0]], [[1252.8131021185304, 0.0, 826.588114781398], [0.0, 1252.8131021185304, 469.9846626224581], [0.0, 0.0, 1.0]], [[1256.7485116440405, 0.0, 817.7887570959712], [0.0, 1256.7485116440403, 451.9541780095127], [0.0, 0.0, 1.0]], [[1254.9860565800168, 0.0, 829.5769333630991], [0.0, 1254.9860565800168, 467.1680561863987], [0.0, 0.0, 1.0]], [[796.8910634503094, 0.0, 857.7774326863696], [0.0, 796.8910634503094, 476.8848988407415], [0.0, 0.0, 1.0]], [[1249.9629280788233, 0.0, 825.3768045375984], [0.0, 1249.9629280788233, 462.54816385708756], [0.0, 0.0, 1.0]]], "extrinsics": [[[0.822503387928009, -0.5686025619506836, -0.013393396511673927, -1.005126953125], [0.00697215273976326, 0.0336264967918396, -0.9994101524353027, 1.4882965087890625], [0.5687175989151001, 0.8219248056411743, 0.03162229061126709, -1.3333740234375], [0.0, 0.0, 0.0, 1.0]], [[0.010188876651227474, -0.9995152354240417, -0.029419483616948128, 0.0054931640625], [0.00893857516348362, 0.029510876163840294, -0.9995244741439819, 1.4801597595214844], [0.9999081492424011, 0.009921042248606682, 0.00923492293804884, -1.7346420288085938], [0.0, 0.0, 0.0, 1.0]], [[-0.8440122008323669, -0.5357184410095215, -0.025480637326836586, 1.090576171875], [0.01696631871163845, 0.02081628516316414, -0.9996393322944641, 1.4930763244628906], [0.5360556244850159, -0.8441401124000549, -0.008480031974613667, -1.2777099609375], [0.0, 0.0, 0.0, 1.0]], [[0.9479023814201355, 0.31854182481765747, 0.0034998077899217606, -1.1439208984375], [-0.008403110317885876, 0.035985060036182404, -0.9993170499801636, 1.562042236328125], [-0.3184501826763153, 0.9472255110740662, 0.03678707033395767, -0.15625], [0.0, 0.0, 0.0, 1.0]], [[0.009280231781303883, 0.9995536804199219, 0.02839658036828041, -0.0289306640625], [-0.0062844580970704556, 0.028455542400479317, -0.9995752573013306, 1.5680618286132812], [-0.9999371767044067, 0.009097729809582233, 0.006545725744217634, 0.044429779052734375], [0.0, 0.0, 0.0, 1.0]], [[-0.9237068891525269, 0.3830777108669281, 0.004135920200496912, 1.16058349609375], [-0.0020919700618833303, 0.0057520330883562565, -0.9999812841415405, 1.547811508178711], [-0.38309434056282043, -0.9236981272697449, -0.004511804785579443, -0.043701171875], [0.0, 0.0, 0.0, 1.0]]], "view": [[0.0, -2.0, 100.0], [-2.0, 0.0, 100.0], [0.0, 0.0, 1.0]], "bev": "bev_9844bdfa2e9c4ad1a42bdd202ceaf55a.png", "aux": "aux_9844bdfa2e9c4ad1a42bdd202ceaf55a.npz", "visibility": "visibility_9844bdfa2e9c4ad1a42bdd202ceaf55a.png", "pose": [[-0.8165490627288818, -0.5772760510444641, 0.0, 1168.94970703125], [0.5772760510444641, -0.8165490627288818, 0.0, 1571.4552001953125], [0.0, 0.0, 1.0, 0.0], [0.0, 0.0, 0.0, 1.0]], "pose_inverse": [[-0.8165490627288818, 0.5772760510444641, 0.0, 47.34137725830078], [-0.5772760510444641, -0.8165490627288818, 0.0, 1957.9769287109375], [0.0, 0.0, 1.0, 0.0], [0.0, 0.0, 0.0, 1.0]], "cam_ids": [0, 1, 2, 3, 4, 5], "cam_channels": ["CAM_FRONT_LEFT", "CAM_FRONT", "CAM_FRONT_RIGHT", "CAM_BACK_LEFT", "CAM_BACK", "CAM_BACK_RIGHT"], "token": "9844bdfa2e9c4ad1a42bdd202ceaf55a", "scene": "scene-0888"}, {"images": ["samples/CAM_FRONT_LEFT/n008-2018-09-18-14-54-39-0400__CAM_FRONT_LEFT__1537297494854799.jpg", "samples/CAM_FRONT/n008-2018-09-18-14-54-39-0400__CAM_FRONT__1537297494862404.jpg", "samples/CAM_FRONT_RIGHT/n008-2018-09-18-14-54-39-0400__CAM_FRONT_RIGHT__1537297494870482.jpg", "samples/CAM_BACK_LEFT/n008-2018-09-18-14-54-39-0400__CAM_BACK_LEFT__1537297494897405.jpg", "samples/CAM_BACK/n008-2018-09-18-14-54-39-0400__CAM_BACK__1537297494887558.jpg", "samples/CAM_BACK_RIGHT/n008-2018-09-18-14-54-39-0400__CAM_BACK_RIGHT__1537297494878113.jpg"], "intrinsics": [[[1257.8625342125129, 0.0, 827.2410631095686], [0.0, 1257.8625342125129, 450.915498205774], [0.0, 0.0, 1.0]], [[1252.8131021185304, 0.0, 826.588114781398], [0.0, 1252.8131021185304, 469.9846626224581], [0.0, 0.0, 1.0]], [[1256.7485116440405, 0.0, 817.7887570959712], [0.0, 1256.7485116440403, 451.9541780095127], [0.0, 0.0, 1.0]], [[1254.9860565800168, 0.0, 829.5769333630991], [0.0, 1254.9860565800168, 467.1680561863987], [0.0, 0.0, 1.0]], [[796.8910634503094, 0.0, 857.7774326863696], [0.0, 796.8910634503094, 476.8848988407415], [0.0, 0.0, 1.0]], [[1249.9629280788233, 0.0, 825.3768045375984], [0.0, 1249.9629280788233, 462.54816385708756], [0.0, 0.0, 1.0]]], "extrinsics": [[[0.8225056529045105, -0.5685998797416687, -0.013369735330343246, -1.005126953125], [0.006951403804123402, 0.03355514630675316, -0.9994126558303833, 1.4882965087890625], [0.5687145590782166, 0.8219296336174011, 0.03155186399817467, -1.3333740234375], [0.0, 0.0, 0.0, 1.0]], [[0.010194576345384121, -0.9995175004005432, -0.029340116307139397, 0.00537109375], [0.008923065848648548, 0.029431408271193504, -0.9995269775390625, 1.48016357421875], [0.9999082088470459, 0.00992792472243309, 0.009218799881637096, -1.7346572875976562], [0.0, 0.0, 0.0, 1.0]], [[-0.8440092206001282, -0.5357259511947632, -0.025415826588869095, 1.0904541015625], [0.016942815855145454, 0.020732281729578972, -0.9996414184570312, 1.493072509765625], [0.5360608696937561, -0.8441373109817505, -0.008421533741056919, -1.2774658203125], [0.0, 0.0, 0.0, 1.0]], [[0.9478998184204102, 0.3185497522354126, 0.003441294189542532, -1.1439208984375], [-0.00843137502670288, 0.03588466718792915, -0.999320387840271, 1.562042236328125], [-0.31845682859420776, 0.9472265839576721, 0.036700885742902756, -0.156005859375], [0.0, 0.0, 0.0, 1.0]], [[0.00927758403122425, 0.9995560646057129, 0.02831343561410904, -0.02880859375], [-0.006317162420600653, 0.02837267518043518, -0.9995774030685425, 1.5680618286132812], [-0.999937117099762, 0.00909467227756977, 0.006577586755156517, 0.04448509216308594], [0.0, 0.0, 0.0, 1.0]], [[-0.9237085580825806, 0.3830734193325043, 0.004136907402426004, 1.16058349609375], [-0.0021274504251778126, 0.005669116508215666, -0.9999816417694092, 1.5478143692016602], [-0.3830898106098175, -0.9237004518508911, -0.004421643912792206, -0.043701171875], [0.0, 0.0, 0.0, 1.0]]], "view": [[0.0, -2.0, 100.0], [-2.0, 0.0, 100.0], [0.0, 0.0, 1.0]], "bev": "bev_f2bd9501d69c4f6aa6d6db5ffbc62018.png", "aux": "aux_f2bd9501d69c4f6aa6d6db5ffbc62018.npz", "visibility": "visibility_f2bd9501d69c4f6aa6d6db5ffbc62018.png", "pose": [[-0.8165837526321411, -0.5772269368171692, 0.0, 1168.94970703125], [0.5772269368171692, -0.8165837526321411, 0.0, 1571.4552001953125], [0.0, 0.0, 1.0, 0.0], [0.0, 0.0, 0.0, 1.0]], "pose_inverse": [[-0.8165837526321411, 0.5772269368171692, 0.0, 47.459083557128906], [-0.5772269368171692, -0.8165837526321411, 0.0, 1957.97412109375], [0.0, 0.0, 1.0, 0.0], [0.0, 0.0, 0.0, 1.0]], "cam_ids": [0, 1, 2, 3, 4, 5], "cam_channels": ["CAM_FRONT_LEFT", "CAM_FRONT", "CAM_FRONT_RIGHT", "CAM_BACK_LEFT", "CAM_BACK", "CAM_BACK_RIGHT"], "token": "f2bd9501d69c4f6aa6d6db5ffbc62018", "scene": "scene-0888"}, {"images": ["samples/CAM_FRONT_LEFT/n008-2018-09-18-14-54-39-0400__CAM_FRONT_LEFT__1537297495354799.jpg", "samples/CAM_FRONT/n008-2018-09-18-14-54-39-0400__CAM_FRONT__1537297495362404.jpg", "samples/CAM_FRONT_RIGHT/n008-2018-09-18-14-54-39-0400__CAM_FRONT_RIGHT__1537297495370482.jpg", "samples/CAM_BACK_LEFT/n008-2018-09-18-14-54-39-0400__CAM_BACK_LEFT__1537297495397405.jpg", "samples/CAM_BACK/n008-2018-09-18-14-54-39-0400__CAM_BACK__1537297495387558.jpg", "samples/CAM_BACK_RIGHT/n008-2018-09-18-14-54-39-0400__CAM_BACK_RIGHT__1537297495378113.jpg"], "intrinsics": [[[1257.8625342125129, 0.0, 827.2410631095686], [0.0, 1257.8625342125129, 450.915498205774], [0.0, 0.0, 1.0]], [[1252.8131021185304, 0.0, 826.588114781398], [0.0, 1252.8131021185304, 469.9846626224581], [0.0, 0.0, 1.0]], [[1256.7485116440405, 0.0, 817.7887570959712], [0.0, 1256.7485116440403, 451.9541780095127], [0.0, 0.0, 1.0]], [[1254.9860565800168, 0.0, 829.5769333630991], [0.0, 1254.9860565800168, 467.1680561863987], [0.0, 0.0, 1.0]], [[796.8910634503094, 0.0, 857.7774326863696], [0.0, 796.8910634503094, 476.8848988407415], [0.0, 0.0, 1.0]], [[1249.9629280788233, 0.0, 825.3768045375984], [0.0, 1249.9629280788233, 462.54816385708756], [0.0, 0.0, 1.0]]], "extrinsics": [[[0.8225119113922119, -0.5685923099517822, -0.013308016583323479, -1.0050048828125], [0.006928556598722935, 0.03341425582766533, -0.9994175434112549, 1.4882965087890625], [0.5687058568000793, 0.8219406604766846, 0.03142314404249191, -1.3333740234375], [0.0, 0.0, 0.0, 1.0]], [[0.010201222263276577, -0.9995214343070984, -0.029204057529568672, 0.0054931640625], [0.008888992480933666, 0.029295071959495544, -0.9995313286781311, 1.48016357421875], [0.9999085068702698, 0.009936789982020855, 0.009183584712445736, -1.7345123291015625], [0.0, 0.0, 0.0, 1.0]], [[-0.8440074920654297, -0.5357335209846497, -0.025316007435321808, 1.090576171875], [0.016908640041947365, 0.020599786192178726, -0.9996448159217834, 1.4930686950683594], [0.5360646843910217, -0.8441358208656311, -0.008327851071953773, -1.277587890625], [0.0, 0.0, 0.0, 1.0]], [[0.9479013085365295, 0.3185465633869171, 0.00335556548088789, -1.1439208984375], [-0.008482040837407112, 0.03576694056391716, -0.9993242025375366, 1.562042236328125], [-0.31845131516456604, 0.9472322463989258, 0.03660545498132706, -0.15625], [0.0, 0.0, 0.0, 1.0]], [[0.009276069700717926, 0.999559760093689, 0.02818177081644535, -0.02880859375], [-0.0063573988154530525, 0.028241362422704697, -0.9995809197425842, 1.5680656433105469], [-0.9999368190765381, 0.009093055501580238, 0.006616569124162197, 0.04427337646484375], [0.0, 0.0, 0.0, 1.0]], [[-0.9237100481987, 0.3830702304840088, 0.004117106553167105, 1.16064453125], [-0.0021607517264783382, 0.005537173245102167, -0.9999823570251465, 1.5478086471557617], [-0.383086234331131, -0.9237025380134583, -0.004287020768970251, -0.043701171875], [0.0, 0.0, 0.0, 1.0]]], "view": [[0.0, -2.0, 100.0], [-2.0, 0.0, 100.0], [0.0, 0.0, 1.0]], "bev": "bev_51b9334100c54e4a9e27414edc3e5fd7.png", "aux": "aux_51b9334100c54e4a9e27414edc3e5fd7.npz", "visibility": "visibility_51b9334100c54e4a9e27414edc3e5fd7.png", "pose": [[-0.8166053295135498, -0.577196478843689, 0.0, 1168.94970703125], [0.577196478843689, -0.8166053295135498, 0.0, 1571.4552001953125], [0.0, 0.0, 1.0, 0.0], [0.0, 0.0, 0.0, 1.0]], "pose_inverse": [[-0.8166053295135498, 0.577196478843689, 0.0, 47.53216552734375], [-0.577196478843689, -0.8166053295135498, 0.0, 1957.9722900390625], [0.0, 0.0, 1.0, 0.0], [0.0, 0.0, 0.0, 1.0]], "cam_ids": [0, 1, 2, 3, 4, 5], "cam_channels": ["CAM_FRONT_LEFT", "CAM_FRONT", "CAM_FRONT_RIGHT", "CAM_BACK_LEFT", "CAM_BACK", "CAM_BACK_RIGHT"], "token": "51b9334100c54e4a9e27414edc3e5fd7", "scene": "scene-0888"}, {"images": ["samples/CAM_FRONT_LEFT/n008-2018-09-18-14-54-39-0400__CAM_FRONT_LEFT__1537297495854799.jpg", "samples/CAM_FRONT/n008-2018-09-18-14-54-39-0400__CAM_FRONT__1537297495862404.jpg", "samples/CAM_FRONT_RIGHT/n008-2018-09-18-14-54-39-0400__CAM_FRONT_RIGHT__1537297495870482.jpg", "samples/CAM_BACK_LEFT/n008-2018-09-18-14-54-39-0400__CAM_BACK_LEFT__1537297495897405.jpg", "samples/CAM_BACK/n008-2018-09-18-14-54-39-0400__CAM_BACK__1537297495887558.jpg", "samples/CAM_BACK_RIGHT/n008-2018-09-18-14-54-39-0400__CAM_BACK_RIGHT__1537297495878113.jpg"], "intrinsics": [[[1257.8625342125129, 0.0, 827.2410631095686], [0.0, 1257.8625342125129, 450.915498205774], [0.0, 0.0, 1.0]], [[1252.8131021185304, 0.0, 826.588114781398], [0.0, 1252.8131021185304, 469.9846626224581], [0.0, 0.0, 1.0]], [[1256.7485116440405, 0.0, 817.7887570959712], [0.0, 1256.7485116440403, 451.9541780095127], [0.0, 0.0, 1.0]], [[1254.9860565800168, 0.0, 829.5769333630991], [0.0, 1254.9860565800168, 467.1680561863987], [0.0, 0.0, 1.0]], [[796.8910634503094, 0.0, 857.7774326863696], [0.0, 796.8910634503094, 476.8848988407415], [0.0, 0.0, 1.0]], [[1249.9629280788233, 0.0, 825.3768045375984], [0.0, 1249.9629280788233, 462.54816385708756], [0.0, 0.0, 1.0]]], "extrinsics": [[[0.8225149512290955, -0.568587601184845, -0.013315409421920776, -1.0050048828125], [0.006886591669172049, 0.03336689621210098, -0.9994194507598877, 1.4882965087890625], [0.5687016844749451, 0.8219457268714905, 0.03136040270328522, -1.3333740234375], [0.0, 0.0, 0.0, 1.0]], [[0.010206048376858234, -0.9995226860046387, -0.02915993519127369, 0.005615234375], [0.008835439570248127, 0.029250457882881165, -0.9995331168174744, 1.4801673889160156], [0.9999087452888489, 0.009943620301783085, 0.009129753336310387, -1.7346343994140625], [0.0, 0.0, 0.0, 1.0]], [[-0.844005823135376, -0.5357394814491272, -0.02524571307003498, 1.0906982421875], [0.016853513196110725, 0.02055538259446621, -0.9996466636657715, 1.493072509765625], [0.5360691547393799, -0.8441331386566162, -0.008319772779941559, -1.277587890625], [0.0, 0.0, 0.0, 1.0]], [[0.9478998780250549, 0.3185511827468872, 0.0033003492280840874, -1.1439208984375], [-0.008526434190571308, 0.035725273191928864, -0.9993252754211426, 1.562042236328125], [-0.31845417618751526, 0.947232186794281, 0.03658008947968483, -0.1561279296875], [0.0, 0.0, 0.0, 1.0]], [[0.009274492971599102, 0.9995610117912292, 0.028139930218458176, -0.02880859375], [-0.006412162911146879, 0.02820000797510147, -0.9995816946029663, 1.5680618286132812], [-0.9999365210533142, 0.00909020658582449, 0.006670888978987932, 0.04427146911621094], [0.0, 0.0, 0.0, 1.0]], [[-0.9237115979194641, 0.383066326379776, 0.004142414778470993, 1.16058349609375], [-0.0022070417180657387, 0.005491666495800018, -0.999982476234436, 1.5478134155273438], [-0.38308238983154297, -0.9237045645713806, -0.004227271303534508, -0.043701171875], [0.0, 0.0, 0.0, 1.0]]], "view": [[0.0, -2.0, 100.0], [-2.0, 0.0, 100.0], [0.0, 0.0, 1.0]], "bev": "bev_9edcfc2c5c1c4cd4b8a8be44dffd8428.png", "aux": "aux_9edcfc2c5c1c4cd4b8a8be44dffd8428.npz", "visibility": "visibility_9edcfc2c5c1c4cd4b8a8be44dffd8428.png", "pose": [[-0.8166019320487976, -0.577201247215271, 0.0, 1168.94970703125], [0.577201247215271, -0.8166019320487976, 0.0, 1571.4552001953125], [0.0, 0.0, 1.0, 0.0], [0.0, 0.0, 0.0, 1.0]], "pose_inverse": [[-0.8166019320487976, 0.577201247215271, 0.0, 47.52066421508789], [-0.577201247215271, -0.8166019320487976, 0.0, 1957.9725341796875], [0.0, 0.0, 1.0, 0.0], [0.0, 0.0, 0.0, 1.0]], "cam_ids": [0, 1, 2, 3, 4, 5], "cam_channels": ["CAM_FRONT_LEFT", "CAM_FRONT", "CAM_FRONT_RIGHT", "CAM_BACK_LEFT", "CAM_BACK", "CAM_BACK_RIGHT"], "token": "9edcfc2c5c1c4cd4b8a8be44dffd8428", "scene": "scene-0888"}, {"images": ["samples/CAM_FRONT_LEFT/n008-2018-09-18-14-54-39-0400__CAM_FRONT_LEFT__1537297496354799.jpg", "samples/CAM_FRONT/n008-2018-09-18-14-54-39-0400__CAM_FRONT__1537297496362404.jpg", "samples/CAM_FRONT_RIGHT/n008-2018-09-18-14-54-39-0400__CAM_FRONT_RIGHT__1537297496370482.jpg", "samples/CAM_BACK_LEFT/n008-2018-09-18-14-54-39-0400__CAM_BACK_LEFT__1537297496397405.jpg", "samples/CAM_BACK/n008-2018-09-18-14-54-39-0400__CAM_BACK__1537297496387558.jpg", "samples/CAM_BACK_RIGHT/n008-2018-09-18-14-54-39-0400__CAM_BACK_RIGHT__1537297496378113.jpg"], "intrinsics": [[[1257.8625342125129, 0.0, 827.2410631095686], [0.0, 1257.8625342125129, 450.915498205774], [0.0, 0.0, 1.0]], [[1252.8131021185304, 0.0, 826.588114781398], [0.0, 1252.8131021185304, 469.9846626224581], [0.0, 0.0, 1.0]], [[1256.7485116440405, 0.0, 817.7887570959712], [0.0, 1256.7485116440403, 451.9541780095127], [0.0, 0.0, 1.0]], [[1254.9860565800168, 0.0, 829.5769333630991], [0.0, 1254.9860565800168, 467.1680561863987], [0.0, 0.0, 1.0]], [[796.8910634503094, 0.0, 857.7774326863696], [0.0, 796.8910634503094, 476.8848988407415], [0.0, 0.0, 1.0]], [[1249.9629280788233, 0.0, 825.3768045375984], [0.0, 1249.9629280788233, 462.54816385708756], [0.0, 0.0, 1.0]]], "extrinsics": [[[0.8225066661834717, -0.5686032176017761, -0.01316166017204523, -1.0050048828125], [0.007040305994451046, 0.03331800922751427, -0.9994199872016907, 1.4882965087890625], [0.5687118768692017, 0.8219370245933533, 0.031407423317432404, -1.3333740234375], [0.0, 0.0, 0.0, 1.0]], [[0.010193767957389355, -0.9995242357254028, -0.029109718278050423, 0.0054931640625], [0.008983675390481949, 0.029201602563261986, -0.9995331764221191, 1.4801597595214844], [0.9999076724052429, 0.009927504695951939, 0.00927707552909851, -1.7346267700195312], [0.0, 0.0, 0.0, 1.0]], [[-0.8440096378326416, -0.5357290506362915, -0.0253412164747715, 1.090576171875], [0.017000406980514526, 0.020502377301454544, -0.9996452331542969, 1.4930686950683594], [0.5360585451126099, -0.8441410660743713, -0.008196592330932617, -1.277587890625], [0.0, 0.0, 0.0, 1.0]], [[0.94790118932724, 0.3185465633869171, 0.0034015513956546783, -1.14398193359375], [-0.008397730998694897, 0.03566036373376846, -0.9993286728858948, 1.5620498657226562], [-0.3184540569782257, 0.947236180305481, 0.03647756576538086, -0.1561279296875], [0.0, 0.0, 0.0, 1.0]], [[0.009277213364839554, 0.9995625019073486, 0.028083864599466324, -0.0286865234375], [-0.006273692473769188, 0.02814270369708538, -0.9995841979980469, 1.5680618286132812], [-0.9999373555183411, 0.009097209200263023, 0.006532034371048212, 0.04425811767578125], [0.0, 0.0, 0.0, 1.0]], [[-0.9237081408500671, 0.38307619094848633, 0.003985530696809292, 1.16082763671875], [-0.0020604836754500866, 0.005435412283986807, -0.9999831318855286, 1.5478105545043945], [-0.38309141993522644, -0.9237006902694702, -0.004231412895023823, -0.043701171875], [0.0, 0.0, 0.0, 1.0]]], "view": [[0.0, -2.0, 100.0], [-2.0, 0.0, 100.0], [0.0, 0.0, 1.0]], "bev": "bev_6958d0ceea1e4f6a86da26e440702805.png", "aux": "aux_6958d0ceea1e4f6a86da26e440702805.npz", "visibility": "visibility_6958d0ceea1e4f6a86da26e440702805.png", "pose": [[-0.8166442513465881, -0.5771414041519165, 0.0, 1168.94970703125], [0.5771414041519165, -0.8166442513465881, 0.0, 1571.4552001953125], [0.0, 0.0, 1.0, 0.0], [0.0, 0.0, 0.0, 1.0]], "pose_inverse": [[-0.8166442513465881, 0.5771414041519165, 0.0, 47.66421890258789], [-0.5771414041519165, -0.8166442513465881, 0.0, 1957.9691162109375], [0.0, 0.0, 1.0, 0.0], [0.0, 0.0, 0.0, 1.0]], "cam_ids": [0, 1, 2, 3, 4, 5], "cam_channels": ["CAM_FRONT_LEFT", "CAM_FRONT", "CAM_FRONT_RIGHT", "CAM_BACK_LEFT", "CAM_BACK", "CAM_BACK_RIGHT"], "token": "6958d0ceea1e4f6a86da26e440702805", "scene": "scene-0888"}, {"images": ["samples/CAM_FRONT_LEFT/n008-2018-09-18-14-54-39-0400__CAM_FRONT_LEFT__1537297496854799.jpg", "samples/CAM_FRONT/n008-2018-09-18-14-54-39-0400__CAM_FRONT__1537297496862404.jpg", "samples/CAM_FRONT_RIGHT/n008-2018-09-18-14-54-39-0400__CAM_FRONT_RIGHT__1537297496870482.jpg", "samples/CAM_BACK_LEFT/n008-2018-09-18-14-54-39-0400__CAM_BACK_LEFT__1537297496897405.jpg", "samples/CAM_BACK/n008-2018-09-18-14-54-39-0400__CAM_BACK__1537297496887558.jpg", "samples/CAM_BACK_RIGHT/n008-2018-09-18-14-54-39-0400__CAM_BACK_RIGHT__1537297496878113.jpg"], "intrinsics": [[[1257.8625342125129, 0.0, 827.2410631095686], [0.0, 1257.8625342125129, 450.915498205774], [0.0, 0.0, 1.0]], [[1252.8131021185304, 0.0, 826.588114781398], [0.0, 1252.8131021185304, 469.9846626224581], [0.0, 0.0, 1.0]], [[1256.7485116440405, 0.0, 817.7887570959712], [0.0, 1256.7485116440403, 451.9541780095127], [0.0, 0.0, 1.0]], [[1254.9860565800168, 0.0, 829.5769333630991], [0.0, 1254.9860565800168, 467.1680561863987], [0.0, 0.0, 1.0]], [[796.8910634503094, 0.0, 857.7774326863696], [0.0, 796.8910634503094, 476.8848988407415], [0.0, 0.0, 1.0]], [[1249.9629280788233, 0.0, 825.3768045375984], [0.0, 1249.9629280788233, 462.54816385708756], [0.0, 0.0, 1.0]]], "extrinsics": [[[0.8225049376487732, -0.5686045289039612, -0.013207750394940376, -1.0050048828125], [0.006992187816649675, 0.0333293117582798, -0.9994199872016907, 1.4882888793945312], [0.56871497631073, 0.8219355940818787, 0.03138931468129158, -1.3333740234375], [0.0, 0.0, 0.0, 1.0]], [[0.010193443857133389, -0.9995236992835999, -0.02912730723619461, 0.0052490234375], [0.008976904675364494, 0.029219118878245354, -0.9995326995849609, 1.4801597595214844], [0.9999077320098877, 0.009927167557179928, 0.00927047524601221, -1.7345199584960938], [0.0, 0.0, 0.0, 1.0]], [[-0.8440089821815491, -0.5357291102409363, -0.025358427315950394, 1.090576171875], [0.017009081318974495, 0.02052081748843193, -0.9996446967124939, 1.4930686950683594], [0.5360592007637024, -0.8441405296325684, -0.00820749718695879, -1.277587890625], [0.0, 0.0, 0.0, 1.0]], [[0.9478996992111206, 0.31854984164237976, 0.003489447059109807, -1.1439208984375], [-0.008306523784995079, 0.035664305090904236, -0.9993292689323425, 1.562042236328125], [-0.318460613489151, 0.9472349882125854, 0.03645222634077072, -0.15625], [0.0, 0.0, 0.0, 1.0]], [[0.009274976328015327, 0.9995622038841248, 0.028093932196497917, -0.02880859375], [-0.006195481400936842, 0.028152042999863625, -0.999584436416626, 1.5680618286132812], [-0.9999377727508545, 0.009097096510231495, 0.006453880574554205, 0.04425621032714844], [0.0, 0.0, 0.0, 1.0]], [[-0.9237082600593567, 0.3830760419368744, 0.003974368330091238, 1.16064453125], [-0.0020424460526555777, 0.005449770018458366, -0.9999830722808838, 1.547811508178711], [-0.3830912113189697, -0.9237006902694702, -0.004251584410667419, -0.043701171875], [0.0, 0.0, 0.0, 1.0]]], "view": [[0.0, -2.0, 100.0], [-2.0, 0.0, 100.0], [0.0, 0.0, 1.0]], "bev": "bev_662c65d44bef42eb8397597377a7a459.png", "aux": "aux_662c65d44bef42eb8397597377a7a459.npz", "visibility": "visibility_662c65d44bef42eb8397597377a7a459.png", "pose": [[-0.8166152834892273, -0.5771823525428772, 0.0, 1168.94970703125], [0.5771823525428772, -0.8166152834892273, 0.0, 1571.4552001953125], [0.0, 0.0, 1.0, 0.0], [0.0, 0.0, 0.0, 1.0]], "pose_inverse": [[-0.8166152834892273, 0.5771823525428772, 0.0, 47.5660285949707], [-0.5771823525428772, -0.8166152834892273, 0.0, 1957.971435546875], [0.0, 0.0, 1.0, 0.0], [0.0, 0.0, 0.0, 1.0]], "cam_ids": [0, 1, 2, 3, 4, 5], "cam_channels": ["CAM_FRONT_LEFT", "CAM_FRONT", "CAM_FRONT_RIGHT", "CAM_BACK_LEFT", "CAM_BACK", "CAM_BACK_RIGHT"], "token": "662c65d44bef42eb8397597377a7a459", "scene": "scene-0888"}, {"images": ["samples/CAM_FRONT_LEFT/n008-2018-09-18-14-54-39-0400__CAM_FRONT_LEFT__1537297497354799.jpg", "samples/CAM_FRONT/n008-2018-09-18-14-54-39-0400__CAM_FRONT__1537297497362404.jpg", "samples/CAM_FRONT_RIGHT/n008-2018-09-18-14-54-39-0400__CAM_FRONT_RIGHT__1537297497370482.jpg", "samples/CAM_BACK_LEFT/n008-2018-09-18-14-54-39-0400__CAM_BACK_LEFT__1537297497397405.jpg", "samples/CAM_BACK/n008-2018-09-18-14-54-39-0400__CAM_BACK__1537297497387558.jpg", "samples/CAM_BACK_RIGHT/n008-2018-09-18-14-54-39-0400__CAM_BACK_RIGHT__1537297497378113.jpg"], "intrinsics": [[[1257.8625342125129, 0.0, 827.2410631095686], [0.0, 1257.8625342125129, 450.915498205774], [0.0, 0.0, 1.0]], [[1252.8131021185304, 0.0, 826.588114781398], [0.0, 1252.8131021185304, 469.9846626224581], [0.0, 0.0, 1.0]], [[1256.7485116440405, 0.0, 817.7887570959712], [0.0, 1256.7485116440403, 451.9541780095127], [0.0, 0.0, 1.0]], [[1254.9860565800168, 0.0, 829.5769333630991], [0.0, 1254.9860565800168, 467.1680561863987], [0.0, 0.0, 1.0]], [[796.8910634503094, 0.0, 857.7774326863696], [0.0, 796.8910634503094, 476.8848988407415], [0.0, 0.0, 1.0]], [[1249.9629280788233, 0.0, 825.3768045375984], [0.0, 1249.9629280788233, 462.54816385708756], [0.0, 0.0, 1.0]]], "extrinsics": [[[0.8225234746932983, -0.5686264634132385, -0.010914858430624008, -1.0050048828125], [0.009656257927417755, 0.03315155208110809, -0.9994036555290222, 1.4882965087890625], [0.5686492919921875, 0.8219276070594788, 0.03275873139500618, -1.3333740234375], [0.0, 0.0, 0.0, 1.0]], [[0.010250275954604149, -0.9995296001434326, -0.028905952349305153, 0.00537109375], [0.011775798164308071, 0.029026126489043236, -0.999509334564209, 1.48016357421875], [0.9998781085014343, 0.009904807433485985, 0.012067784555256367, -1.7346420288085938], [0.0, 0.0, 0.0, 1.0]], [[-0.843944251537323, -0.5357126593589783, -0.027749482542276382, 1.090576171875], [0.01996976137161255, 0.020318452268838882, -0.9995940923690796, 1.4930763244628906], [0.5360590219497681, -0.8441559076309204, -0.006449590437114239, -1.277587890625], [0.0, 0.0, 0.0, 1.0]], [[0.9478934407234192, 0.31851598620414734, 0.006761274766176939, -1.1439208984375], [-0.004774689674377441, 0.03542318195104599, -0.999360978603363, 1.5620498657226562], [-0.3185518980026245, 0.9472553133964539, 0.03509821742773056, -0.156005859375], [0.0, 0.0, 0.0, 1.0]], [[0.0092139458283782, 0.9995684623718262, 0.027893835678696632, -0.02880859375], [-0.0029026358388364315, 0.027921637520194054, -0.9996058344841003, 1.5680618286132812], [-0.9999533295631409, 0.009129371494054794, 0.003158650593832135, 0.0442962646484375], [0.0, 0.0, 0.0, 1.0]], [[-0.9237051606178284, 0.38310250639915466, 0.001017219154164195, 1.16058349609375], [0.0010719216661527753, 0.005239705555140972, -0.9999856948852539, 1.547811508178711], [-0.38310232758522034, -0.9236909747123718, -0.005250599700957537, -0.043701171875], [0.0, 0.0, 0.0, 1.0]]], "view": [[0.0, -2.0, 100.0], [-2.0, 0.0, 100.0], [0.0, 0.0, 1.0]], "bev": "bev_620b2a421c2e4bdd93cdbf36c043f95e.png", "aux": "aux_620b2a421c2e4bdd93cdbf36c043f95e.npz", "visibility": "visibility_620b2a421c2e4bdd93cdbf36c043f95e.png", "pose": [[-0.8166266083717346, -0.5771663188934326, 0.0, 1168.94970703125], [0.5771663188934326, -0.8166266083717346, 0.0, 1571.4552001953125], [0.0, 0.0, 1.0, 0.0], [0.0, 0.0, 0.0, 1.0]], "pose_inverse": [[-0.8166266083717346, 0.5771663188934326, 0.0, 47.60445022583008], [-0.5771663188934326, -0.8166266083717346, 0.0, 1957.9705810546875], [0.0, 0.0, 1.0, 0.0], [0.0, 0.0, 0.0, 1.0]], "cam_ids": [0, 1, 2, 3, 4, 5], "cam_channels": ["CAM_FRONT_LEFT", "CAM_FRONT", "CAM_FRONT_RIGHT", "CAM_BACK_LEFT", "CAM_BACK", "CAM_BACK_RIGHT"], "token": "620b2a421c2e4bdd93cdbf36c043f95e", "scene": "scene-0888"}, {"images": ["samples/CAM_FRONT_LEFT/n008-2018-09-18-14-54-39-0400__CAM_FRONT_LEFT__1537297497904799.jpg", "samples/CAM_FRONT/n008-2018-09-18-14-54-39-0400__CAM_FRONT__1537297497912404.jpg", "samples/CAM_FRONT_RIGHT/n008-2018-09-18-14-54-39-0400__CAM_FRONT_RIGHT__1537297497920482.jpg", "samples/CAM_BACK_LEFT/n008-2018-09-18-14-54-39-0400__CAM_BACK_LEFT__1537297497947405.jpg", "samples/CAM_BACK/n008-2018-09-18-14-54-39-0400__CAM_BACK__1537297497937558.jpg", "samples/CAM_BACK_RIGHT/n008-2018-09-18-14-54-39-0400__CAM_BACK_RIGHT__1537297497928113.jpg"], "intrinsics": [[[1257.8625342125129, 0.0, 827.2410631095686], [0.0, 1257.8625342125129, 450.915498205774], [0.0, 0.0, 1.0]], [[1252.8131021185304, 0.0, 826.588114781398], [0.0, 1252.8131021185304, 469.9846626224581], [0.0, 0.0, 1.0]], [[1256.7485116440405, 0.0, 817.7887570959712], [0.0, 1256.7485116440403, 451.9541780095127], [0.0, 0.0, 1.0]], [[1254.9860565800168, 0.0, 829.5769333630991], [0.0, 1254.9860565800168, 467.1680561863987], [0.0, 0.0, 1.0]], [[796.8910634503094, 0.0, 857.7774326863696], [0.0, 796.8910634503094, 476.8848988407415], [0.0, 0.0, 1.0]], [[1249.9629280788233, 0.0, 825.3768045375984], [0.0, 1249.9629280788233, 462.54816385708756], [0.0, 0.0, 1.0]]], "extrinsics": [[[0.8224964737892151, -0.5687401294708252, -0.005852575413882732, -0.982666015625], [0.01528245210647583, 0.03238489106297493, -0.9993586540222168, 1.48870849609375], [0.5685648322105408, 0.821879506111145, 0.035328201949596405, -1.31787109375], [0.0, 0.0, 0.0, 1.0]], [[0.010293866507709026, -0.9995526671409607, -0.028080495074391365, 0.005615234375], [0.017228800803422928, 0.028255105018615723, -0.9994522333145142, 1.4805564880371094], [0.9997985363006592, 0.009804490953683853, 0.017511947080492973, -1.7119064331054688], [0.0, 0.0, 0.0, 1.0]], [[-0.8438368439674377, -0.5356575846672058, -0.03178495168685913, 1.0751953125], [0.025240780785679817, 0.019545407965779305, -0.9994902610778809, 1.4935340881347656], [0.5360058546066284, -0.8442090749740601, -0.0029727218206971884, -1.267822265625], [0.0, 0.0, 0.0, 1.0]], [[0.9478629231452942, 0.31848716735839844, 0.011036469601094723, -1.14239501953125], [-2.685504477994982e-05, 0.034711841493844986, -0.9993973970413208, 1.562042236328125], [-0.31867825984954834, 0.9472914338111877, 0.03291062265634537, -0.1566162109375], [0.0, 0.0, 0.0, 1.0]], [[0.009133744053542614, 0.9995880126953125, 0.02721039578318596, -0.02880859375], [0.002043053274974227, 0.027192818000912666, -0.9996280670166016, 1.5680770874023438], [-0.9999561309814453, 0.0091859707608819, -0.0017938390374183655, 0.03635978698730469], [0.0, 0.0, 0.0, 1.0]], [[-0.923669159412384, 0.38316962122917175, -0.004011420998722315, 1.14794921875], [0.006198811810463667, 0.004474122542887926, -0.9999707937240601, 1.5478954315185547], [-0.3831404149532318, -0.9236670732498169, -0.006507805082947016, -0.0491943359375], [0.0, 0.0, 0.0, 1.0]]], "view": [[0.0, -2.0, 100.0], [-2.0, 0.0, 100.0], [0.0, 0.0, 1.0]], "bev": "bev_66e776771b2a43cab9e9aa405b2bfabb.png", "aux": "aux_66e776771b2a43cab9e9aa405b2bfabb.npz", "visibility": "visibility_66e776771b2a43cab9e9aa405b2bfabb.png", "pose": [[-0.8169723749160767, -0.5766767859458923, 0.0, 1168.8280029296875], [0.5766767859458923, -0.8169723749160767, 0.0, 1571.541259765625], [0.0, 0.0, 1.0, 0.0], [0.0, 0.0, 0.0, 1.0]], "pose_inverse": [[-0.8169723749160767, 0.5766767859458923, 0.0, 48.62885284423828], [-0.5766767859458923, -0.8169723749160767, 0.0, 1957.9417724609375], [0.0, 0.0, 1.0, 0.0], [0.0, 0.0, 0.0, 1.0]], "cam_ids": [0, 1, 2, 3, 4, 5], "cam_channels": ["CAM_FRONT_LEFT", "CAM_FRONT", "CAM_FRONT_RIGHT", "CAM_BACK_LEFT", "CAM_BACK", "CAM_BACK_RIGHT"], "token": "66e776771b2a43cab9e9aa405b2bfabb", "scene": "scene-0888"}, {"images": ["samples/CAM_FRONT_LEFT/n008-2018-09-18-14-54-39-0400__CAM_FRONT_LEFT__1537297498404799.jpg", "samples/CAM_FRONT/n008-2018-09-18-14-54-39-0400__CAM_FRONT__1537297498412404.jpg", "samples/CAM_FRONT_RIGHT/n008-2018-09-18-14-54-39-0400__CAM_FRONT_RIGHT__1537297498420482.jpg", "samples/CAM_BACK_LEFT/n008-2018-09-18-14-54-39-0400__CAM_BACK_LEFT__1537297498447405.jpg", "samples/CAM_BACK/n008-2018-09-18-14-54-39-0400__CAM_BACK__1537297498437587.jpg", "samples/CAM_BACK_RIGHT/n008-2018-09-18-14-54-39-0400__CAM_BACK_RIGHT__1537297498428113.jpg"], "intrinsics": [[[1257.8625342125129, 0.0, 827.2410631095686], [0.0, 1257.8625342125129, 450.915498205774], [0.0, 0.0, 1.0]], [[1252.8131021185304, 0.0, 826.588114781398], [0.0, 1252.8131021185304, 469.9846626224581], [0.0, 0.0, 1.0]], [[1256.7485116440405, 0.0, 817.7887570959712], [0.0, 1256.7485116440403, 451.9541780095127], [0.0, 0.0, 1.0]], [[1254.9860565800168, 0.0, 829.5769333630991], [0.0, 1254.9860565800168, 467.1680561863987], [0.0, 0.0, 1.0]], [[796.8910634503094, 0.0, 857.7774326863696], [0.0, 796.8910634503094, 476.8848988407415], [0.0, 0.0, 1.0]], [[1249.9629280788233, 0.0, 825.3768045375984], [0.0, 1249.9629280788233, 462.54816385708756], [0.0, 0.0, 1.0]]], "extrinsics": [[[0.8221322894096375, -0.5692781805992126, -0.0045667896047234535, -0.9544677734375], [0.014167088083922863, 0.028477637097239494, -0.9994940161705017, 1.4891471862792969], [0.5691202878952026, 0.8216516375541687, 0.03147739917039871, -1.298828125], [0.0, 0.0, 0.0, 1.0]], [[0.009720029309391975, -0.9996625185012817, -0.024092379957437515, 0.0062255859375], [0.01604021154344082, 0.02424629032611847, -0.9995773434638977, 1.4809761047363281], [0.999824047088623, 0.009329505264759064, 0.0162704735994339, -1.683563232421875], [0.0, 0.0, 0.0, 1.0]], [[-0.8441157937049866, -0.5354025959968567, -0.028508726507425308, 1.0570068359375], [0.02397487498819828, 0.015426840633153915, -0.9995934963226318, 1.494028091430664], [0.5356247425079346, -0.8444560766220093, -0.00018583187193144113, -1.2559814453125], [0.0, 0.0, 0.0, 1.0]], [[0.9479255080223083, 0.3183895945549011, 0.008078858256340027, -1.141845703125], [-0.0016138206701725721, 0.03016730025410652, -0.9995435476303101, 1.5620346069335938], [-0.3184880018234253, 0.9474798440933228, 0.029110176488757133, -0.156982421875], [0.0, 0.0, 0.0, 1.0]], [[0.009428826160728931, 0.9996951222419739, 0.022821027785539627, -0.0286865234375], [0.0005668433732353151, 0.022816697135567665, -0.9997394680976868, 1.5680694580078125], [-0.999955415725708, 0.009439323097467422, -0.0003515369608066976, 0.028102874755859375], [0.0, 0.0, 0.0, 1.0]], [[-0.9235361218452454, 0.3834863603115082, -0.004378508310765028, 1.13311767578125], [0.00484887883067131, 0.00025987179833464324, -0.9999881982803345, 1.547952651977539], [-0.38348063826560974, -0.923546552658081, -0.0020994783844798803, -0.0548095703125], [0.0, 0.0, 0.0, 1.0]]], "view": [[0.0, -2.0, 100.0], [-2.0, 0.0, 100.0], [0.0, 0.0, 1.0]], "bev": "bev_0c8185b4760644ccb4cf1f50b26e469f.png", "aux": "aux_0c8185b4760644ccb4cf1f50b26e469f.npz", "visibility": "visibility_0c8185b4760644ccb4cf1f50b26e469f.png", "pose": [[-0.8191097378730774, -0.5736368894577026, 0.0, 1168.4295654296875], [0.5736368894577026, -0.8191097378730774, 0.0, 1571.826171875], [0.0, 0.0, 1.0, 0.0], [0.0, 0.0, 0.0, 1.0]], "pose_inverse": [[-0.8191097378730774, 0.5736368894577026, 0.0, 55.41453170776367], [-0.5736368894577026, -0.8191097378730774, 0.0, 1957.75244140625], [0.0, 0.0, 1.0, 0.0], [0.0, 0.0, 0.0, 1.0]], "cam_ids": [0, 1, 2, 3, 4, 5], "cam_channels": ["CAM_FRONT_LEFT", "CAM_FRONT", "CAM_FRONT_RIGHT", "CAM_BACK_LEFT", "CAM_BACK", "CAM_BACK_RIGHT"], "token": "0c8185b4760644ccb4cf1f50b26e469f", "scene": "scene-0888"}, {"images": ["samples/CAM_FRONT_LEFT/n008-2018-09-18-14-54-39-0400__CAM_FRONT_LEFT__1537297498854799.jpg", "samples/CAM_FRONT/n008-2018-09-18-14-54-39-0400__CAM_FRONT__1537297498862404.jpg", "samples/CAM_FRONT_RIGHT/n008-2018-09-18-14-54-39-0400__CAM_FRONT_RIGHT__1537297498870482.jpg", "samples/CAM_BACK_LEFT/n008-2018-09-18-14-54-39-0400__CAM_BACK_LEFT__1537297498897405.jpg", "samples/CAM_BACK/n008-2018-09-18-14-54-39-0400__CAM_BACK__1537297498887558.jpg", "samples/CAM_BACK_RIGHT/n008-2018-09-18-14-54-39-0400__CAM_BACK_RIGHT__1537297498878113.jpg"], "intrinsics": [[[1257.8625342125129, 0.0, 827.2410631095686], [0.0, 1257.8625342125129, 450.915498205774], [0.0, 0.0, 1.0]], [[1252.8131021185304, 0.0, 826.588114781398], [0.0, 1252.8131021185304, 469.9846626224581], [0.0, 0.0, 1.0]], [[1256.7485116440405, 0.0, 817.7887570959712], [0.0, 1256.7485116440403, 451.9541780095127], [0.0, 0.0, 1.0]], [[1254.9860565800168, 0.0, 829.5769333630991], [0.0, 1254.9860565800168, 467.1680561863987], [0.0, 0.0, 1.0]], [[796.8910634503094, 0.0, 857.7774326863696], [0.0, 796.8910634503094, 476.8848988407415], [0.0, 0.0, 1.0]], [[1249.9629280788233, 0.0, 825.3768045375984], [0.0, 1249.9629280788233, 462.54816385708756], [0.0, 0.0, 1.0]]], "extrinsics": [[[0.8226225972175598, -0.5685756802558899, -0.0037265869323164225, -0.9124755859375], [0.014649163000285625, 0.027745621278882027, -0.9995076656341553, 1.4899177551269531], [0.5683991312980652, 0.8221629858016968, 0.031153330579400063, -1.2701416015625], [0.0, 0.0, 0.0, 1.0]], [[0.010445174761116505, -0.9996709227561951, -0.02342834323644638, 0.0067138671875], [0.01670554094016552, 0.023600807413458824, -0.9995818734169006, 1.4817161560058594], [0.999805748462677, 0.0100494883954525, 0.01694655977189541, -1.64117431640625], [0.0, 0.0, 0.0, 1.0]], [[-0.8437871932983398, -0.5358985066413879, -0.02891402319073677, 1.0286865234375], [0.024815531447529793, 0.014858964830636978, -0.9995816349983215, 1.4948921203613281], [0.5361039042472839, -0.8441516757011414, 0.0007608007290400565, -1.23779296875], [0.0, 0.0, 0.0, 1.0]], [[0.9478596448898315, 0.31855031847953796, 0.00936815980821848, -1.1397705078125], [-0.0001256873074453324, 0.02976967953145504, -0.9995567798614502, 1.562042236328125], [-0.3186880052089691, 0.9474382400512695, 0.028257517144083977, -0.1575927734375], [0.0, 0.0, 0.0, 1.0]], [[0.009082142263650894, 0.9997084736824036, 0.022370444610714912, -0.02880859375], [0.001835835282690823, 0.02235465869307518, -0.9997483491897583, 1.5681114196777344], [-0.999957025051