[{"images": ["samples/CAM_FRONT_LEFT/n015-2018-10-08-16-03-24+0800__CAM_FRONT_LEFT__1538985889854844.jpg", "samples/CAM_FRONT/n015-2018-10-08-16-03-24+0800__CAM_FRONT__1538985889862460.jpg", "samples/CAM_FRONT_RIGHT/n015-2018-10-08-16-03-24+0800__CAM_FRONT_RIGHT__1538985889870339.jpg", "samples/CAM_BACK_LEFT/n015-2018-10-08-16-03-24+0800__CAM_BACK_LEFT__1538985889897423.jpg", "samples/CAM_BACK/n015-2018-10-08-16-03-24+0800__CAM_BACK__1538985889887525.jpg", "samples/CAM_BACK_RIGHT/n015-2018-10-08-16-03-24+0800__CAM_BACK_RIGHT__1538985889877893.jpg"], "intrinsics": [[[1272.5979470598488, 0.0, 826.6154927353808], [0.0, 1272.5979470598488, 479.75165386361925], [0.0, 0.0, 1.0]], [[1266.417203046554, 0.0, 816.2670197447984], [0.0, 1266.417203046554, 491.50706579294757], [0.0, 0.0, 1.0]], [[1260.8474446004698, 0.0, 807.968244525554], [0.0, 1260.8474446004698, 495.3344268742088], [0.0, 0.0, 1.0]], [[1256.7414812095406, 0.0, 792.1125740759628], [0.0, 1256.7414812095406, 492.7757465151356], [0.0, 0.0, 1.0]], [[809.2209905677063, 0.0, 829.2196003259838], [0.0, 809.2209905677063, 481.77842384512485], [0.0, 0.0, 1.0]], [[1259.5137405846733, 0.0, 807.2529053838625], [0.0, 1259.5137405846733, 501.19579884916527], [0.0, 0.0, 1.0]]], "extrinsics": [[[0.8206302523612976, -0.5708245635032654, 0.026931699365377426, -0.5902099609375], [-0.00796687975525856, -0.05855126678943634, -0.9982526302337646, 1.5047225952148438], [0.5714040398597717, 0.8189817070960999, -0.05259662866592407, -1.021484375], [0.0, 0.0, 0.0, 1.0]], [[0.005718762520700693, -0.998021125793457, 0.06261949241161346, 0.0089111328125], [-0.013038686476647854, -0.06268961727619171, -0.9979479312896729, 1.5157699584960938], [0.9998985528945923, 0.004890558309853077, -0.013371390290558338, -1.31884765625], [0.0, 0.0, 0.0, 1.0]], [[-0.8328536152839661, -0.552614688873291, 0.031173981726169586, 0.792724609375], [-0.007174198981374502, -0.04553947225213051, -0.9989367127418518, 1.50164794921875], [0.5534467101097107, -0.8321918249130249, 0.0339631512761116, -1.087432861328125], [0.0, 0.0, 0.0, 1.0]], [[0.9476794600486755, 0.3184513449668884, -0.022188089787960052, -1.142822265625], [0.0021312127355486155, -0.0758165642619133, -0.9971194863319397, 1.5885543823242188], [-0.31921622157096863, 0.9449024796485901, -0.07252848893404007, -0.103515625], [0.0, 0.0, 0.0, 1.0]], [[0.002143504796549678, 0.9978252649307251, -0.0658797025680542, 0.0025634765625], [-0.023479744791984558, -0.06581147015094757, -0.9975557923316956, 1.5769271850585938], [-0.9997219443321228, 0.003685102565214038, 0.023287616670131683, -0.103271484375], [0.0, 0.0, 0.0, 1.0]], [[-0.9349114894866943, 0.3539080321788788, -0.026258748024702072, 0.941162109375], [0.008920672349631786, -0.050533227622509, -0.9986825585365295, 1.5533638000488281], [-0.3547687232494354, -0.9339141249656677, 0.0440869964659214, -0.1363525390625], [0.0, 0.0, 0.0, 1.0]]], "view": [[0.0, -2.0, 100.0], [-2.0, 0.0, 100.0], [0.0, 0.0, 1.0]], "bev": "bev_5f8a411e5eab4dba80070c55c0fe832a.png", "aux": "aux_5f8a411e5eab4dba80070c55c0fe832a.npz", "visibility": "visibility_5f8a411e5eab4dba80070c55c0fe832a.png", "pose": [[-0.9902348518371582, 0.13940931856632233, 0.0, 2176.35302734375], [-0.13940931856632233, -0.9902348518371582, 0.0, 1394.7235107421875], [0.0, 0.0, 1.0, 0.0], [0.0, 0.0, 0.0, 1.0]], "pose_inverse": [[-0.9902348518371582, -0.13940931856632233, 0.0, 2349.5380859375], [0.13940931856632233, -0.9902348518371582, 0.0, 1077.699951171875], [0.0, 0.0, 1.0, 0.0], [0.0, 0.0, 0.0, 1.0]], "cam_ids": [0, 1, 2, 3, 4, 5], "cam_channels": ["CAM_FRONT_LEFT", "CAM_FRONT", "CAM_FRONT_RIGHT", "CAM_BACK_LEFT", "CAM_BACK", "CAM_BACK_RIGHT"], "token": "5f8a411e5eab4dba80070c55c0fe832a", "scene": "scene-0851"}, {"images": ["samples/CAM_FRONT_LEFT/n015-2018-10-08-16-03-24+0800__CAM_FRONT_LEFT__1538985890354844.jpg", "samples/CAM_FRONT/n015-2018-10-08-16-03-24+0800__CAM_FRONT__1538985890362460.jpg", "samples/CAM_FRONT_RIGHT/n015-2018-10-08-16-03-24+0800__CAM_FRONT_RIGHT__1538985890370339.jpg", "samples/CAM_BACK_LEFT/n015-2018-10-08-16-03-24+0800__CAM_BACK_LEFT__1538985890397423.jpg", "samples/CAM_BACK/n015-2018-10-08-16-03-24+0800__CAM_BACK__1538985890387525.jpg", "samples/CAM_BACK_RIGHT/n015-2018-10-08-16-03-24+0800__CAM_BACK_RIGHT__1538985890377893.jpg"], "intrinsics": [[[1272.5979470598488, 0.0, 826.6154927353808], [0.0, 1272.5979470598488, 479.75165386361925], [0.0, 0.0, 1.0]], [[1266.417203046554, 0.0, 816.2670197447984], [0.0, 1266.417203046554, 491.50706579294757], [0.0, 0.0, 1.0]], [[1260.8474446004698, 0.0, 807.968244525554], [0.0, 1260.8474446004698, 495.3344268742088], [0.0, 0.0, 1.0]], [[1256.7414812095406, 0.0, 792.1125740759628], [0.0, 1256.7414812095406, 492.7757465151356], [0.0, 0.0, 1.0]], [[809.2209905677063, 0.0, 829.2196003259838], [0.0, 809.2209905677063, 481.77842384512485], [0.0, 0.0, 1.0]], [[1259.5137405846733, 0.0, 807.2529053838625], [0.0, 1259.5137405846733, 501.19579884916527], [0.0, 0.0, 1.0]]], "extrinsics": [[[0.8212009072303772, -0.5700777173042297, 0.025308188050985336, -0.59228515625], [-0.0069686779752373695, -0.05436597764492035, -0.9984967708587646, 1.5051116943359375], [0.5705966353416443, 0.8197901248931885, -0.04861807823181152, -1.02197265625], [0.0, 0.0, 0.0, 1.0]], [[0.0065125226974487305, -0.9982734322547913, 0.058377012610435486, 0.008056640625], [-0.012341967783868313, -0.05845404788851738, -0.9982138276100159, 1.5159835815429688], [0.9999026656150818, 0.005780414678156376, -0.012701340951025486, -1.3212890625], [0.0, 0.0, 0.0, 1.0]], [[-0.8325214385986328, -0.5532558560371399, 0.028568919748067856, 0.794189453125], [-0.006812823936343193, -0.041340745985507965, -0.9991218447685242, 1.5017127990722656], [0.5539511442184448, -0.8319848775863647, 0.030647823587059975, -1.089935302734375], [0.0, 0.0, 0.0, 1.0]], [[0.9476844668388367, 0.31848880648612976, -0.021423496305942535, -1.14404296875], [0.0016805811319500208, -0.07209165394306183, -0.9973965287208557, 1.5885543823242188], [-0.31920409202575684, 0.9451812505722046, -0.0688553899526596, -0.1031494140625], [0.0, 0.0, 0.0, 1.0]], [[0.001947971642948687, 0.9980726838111877, -0.06202557310461998, 0.0029296875], [-0.02366918884217739, -0.061962295323610306, -0.9977977871894836, 1.5769271850585938], [-0.9997179508209229, 0.0034117905888706446, 0.02350286766886711, -0.101318359375], [0.0, 0.0, 0.0, 1.0]], [[-0.9350607395172119, 0.35361218452453613, -0.024894360452890396, 0.943359375], [0.009017971344292164, -0.04647491127252579, -0.9988787770271301, 1.553335189819336], [-0.35437268018722534, -0.9342368841171265, 0.04026800021529198, -0.13623046875], [0.0, 0.0, 0.0, 1.0]]], "view": [[0.0, -2.0, 100.0], [-2.0, 0.0, 100.0], [0.0, 0.0, 1.0]], "bev": "bev_b4395d68a4084879b3551aa8fe866324.png", "aux": "aux_b4395d68a4084879b3551aa8fe866324.npz", "visibility": "visibility_b4395d68a4084879b3551aa8fe866324.png", "pose": [[-0.9906140565872192, 0.13668878376483917, 0.0, 2171.070556640625], [-0.13668878376483917, -0.9906140565872192, 0.0, 1394.0076904296875], [0.0, 0.0, 1.0, 0.0], [0.0, 0.0, 0.0, 1.0]], "pose_inverse": [[-0.9906140565872192, -0.13668878376483917, 0.0, 2341.23828125], [0.13668878376483917, -0.9906140565872192, 0.0, 1084.16259765625], [0.0, 0.0, 1.0, 0.0], [0.0, 0.0, 0.0, 1.0]], "cam_ids": [0, 1, 2, 3, 4, 5], "cam_channels": ["CAM_FRONT_LEFT", "CAM_FRONT", "CAM_FRONT_RIGHT", "CAM_BACK_LEFT", "CAM_BACK", "CAM_BACK_RIGHT"], "token": "b4395d68a4084879b3551aa8fe866324", "scene": "scene-0851"}, {"images": ["samples/CAM_FRONT_LEFT/n015-2018-10-08-16-03-24+0800__CAM_FRONT_LEFT__1538985890854844.jpg", "samples/CAM_FRONT/n015-2018-10-08-16-03-24+0800__CAM_FRONT__1538985890862460.jpg", "samples/CAM_FRONT_RIGHT/n015-2018-10-08-16-03-24+0800__CAM_FRONT_RIGHT__1538985890870339.jpg", "samples/CAM_BACK_LEFT/n015-2018-10-08-16-03-24+0800__CAM_BACK_LEFT__1538985890897423.jpg", "samples/CAM_BACK/n015-2018-10-08-16-03-24+0800__CAM_BACK__1538985890887525.jpg", "samples/CAM_BACK_RIGHT/n015-2018-10-08-16-03-24+0800__CAM_BACK_RIGHT__1538985890877893.jpg"], "intrinsics": [[[1272.5979470598488, 0.0, 826.6154927353808], [0.0, 1272.5979470598488, 479.75165386361925], [0.0, 0.0, 1.0]], [[1266.417203046554, 0.0, 816.2670197447984], [0.0, 1266.417203046554, 491.50706579294757], [0.0, 0.0, 1.0]], [[1260.8474446004698, 0.0, 807.968244525554], [0.0, 1260.8474446004698, 495.3344268742088], [0.0, 0.0, 1.0]], [[1256.7414812095406, 0.0, 792.1125740759628], [0.0, 1256.7414812095406, 492.7757465151356], [0.0, 0.0, 1.0]], [[809.2209905677063, 0.0, 829.2196003259838], [0.0, 809.2209905677063, 481.77842384512485], [0.0, 0.0, 1.0]], [[1259.5137405846733, 0.0, 807.2529053838625], [0.0, 1259.5137405846733, 501.19579884916527], [0.0, 0.0, 1.0]]], "extrinsics": [[[0.8203615546226501, -0.5712159276008606, 0.026819482445716858, -0.58251953125], [-0.004755919333547354, -0.05371354892849922, -0.9985450506210327, 1.506072998046875], [0.5718254446983337, 0.8190404176712036, -0.046781186014413834, -1.0146484375], [0.0, 0.0, 0.0, 1.0]], [[0.005130112636834383, -0.9983221888542175, 0.05767454579472542, 0.00732421875], [-0.009768456220626831, -0.057722579687833786, -0.9982848763465881, 1.5167999267578125], [0.9999390840530396, 0.004557912237942219, -0.01004819106310606, -1.30859375], [0.0, 0.0, 0.0, 1.0]], [[-0.833206295967102, -0.5523735284805298, 0.025509880855679512, 0.783447265625], [-0.003776565194129944, -0.04044756665825844, -0.9991745352745056, 1.5025215148925781], [0.5529493689537048, -0.8326148390769958, 0.03161508962512016, -1.083465576171875], [0.0, 0.0, 0.0, 1.0]], [[0.9477111101150513, 0.3187016546726227, -0.01652059145271778, -1.14013671875], [0.0060485173016786575, -0.06969641149044037, -0.9975498914718628, 1.5885696411132812], [-0.3190722167491913, 0.9452891945838928, -0.06797973066568375, -0.10443115234375], [0.0, 0.0, 0.0, 1.0]], [[0.0024447599425911903, 0.9981858730316162, -0.06015871837735176, 0.0030517578125], [-0.019768308848142624, -0.06009889766573906, -0.9979966878890991, 1.577178955078125], [-0.9998015761375427, 0.0036291019059717655, 0.019585518166422844, -0.1083984375], [0.0, 0.0, 0.0, 1.0]], [[-0.9347121119499207, 0.3543262481689453, -0.027680475264787674, 0.934326171875], [0.012445542961359024, -0.045204196125268936, -0.9989002346992493, 1.55413818359375], [-0.35518786311149597, -0.9340286254882812, 0.03784312680363655, -0.140380859375], [0.0, 0.0, 0.0, 1.0]]], "view": [[0.0, -2.0, 100.0], [-2.0, 0.0, 100.0], [0.0, 0.0, 1.0]], "bev": "bev_27cc19722eac4e81a86579db07da7eb3.png", "aux": "aux_27cc19722eac4e81a86579db07da7eb3.npz", "visibility": "visibility_27cc19722eac4e81a86579db07da7eb3.png", "pose": [[-0.9909439086914062, 0.1342764049768448, 0.0, 2165.841064453125], [-0.1342764049768448, -0.9909439086914062, 0.0, 1393.321044921875], [0.0, 0.0, 1.0, 0.0], [0.0, 0.0, 0.0, 1.0]], "pose_inverse": [[-0.9909439086914062, -0.1342764049768448, 0.0, 2333.317138671875], [0.1342764049768448, -0.9909439086914062, 0.0, 1089.8817138671875], [0.0, 0.0, 1.0, 0.0], [0.0, 0.0, 0.0, 1.0]], "cam_ids": [0, 1, 2, 3, 4, 5], "cam_channels": ["CAM_FRONT_LEFT", "CAM_FRONT", "CAM_FRONT_RIGHT", "CAM_BACK_LEFT", "CAM_BACK", "CAM_BACK_RIGHT"], "token": "27cc19722eac4e81a86579db07da7eb3", "scene": "scene-0851"}, {"images": ["samples/CAM_FRONT_LEFT/n015-2018-10-08-16-03-24+0800__CAM_FRONT_LEFT__1538985891354844.jpg", "samples/CAM_FRONT/n015-2018-10-08-16-03-24+0800__CAM_FRONT__1538985891362460.jpg", "samples/CAM_FRONT_RIGHT/n015-2018-10-08-16-03-24+0800__CAM_FRONT_RIGHT__1538985891370339.jpg", "samples/CAM_BACK_LEFT/n015-2018-10-08-16-03-24+0800__CAM_BACK_LEFT__1538985891397423.jpg", "samples/CAM_BACK/n015-2018-10-08-16-03-24+0800__CAM_BACK__1538985891387525.jpg", "samples/CAM_BACK_RIGHT/n015-2018-10-08-16-03-24+0800__CAM_BACK_RIGHT__1538985891377893.jpg"], "intrinsics": [[[1272.5979470598488, 0.0, 826.6154927353808], [0.0, 1272.5979470598488, 479.75165386361925], [0.0, 0.0, 1.0]], [[1266.417203046554, 0.0, 816.2670197447984], [0.0, 1266.417203046554, 491.50706579294757], [0.0, 0.0, 1.0]], [[1260.8474446004698, 0.0, 807.968244525554], [0.0, 1260.8474446004698, 495.3344268742088], [0.0, 0.0, 1.0]], [[1256.7414812095406, 0.0, 792.1125740759628], [0.0, 1256.7414812095406, 492.7757465151356], [0.0, 0.0, 1.0]], [[809.2209905677063, 0.0, 829.2196003259838], [0.0, 809.2209905677063, 481.77842384512485], [0.0, 0.0, 1.0]], [[1259.5137405846733, 0.0, 807.2529053838625], [0.0, 1259.5137405846733, 501.19579884916527], [0.0, 0.0, 1.0]]], "extrinsics": [[[0.8204410076141357, -0.5714564323425293, 0.01772295869886875, -0.59814453125], [0.005597598385065794, -0.022968515753746033, -0.9997205138206482, 1.5107612609863281], [0.5717037320137024, 0.8203109502792358, -0.015645528212189674, -1.025390625], [0.0, 0.0, 0.0, 1.0]], [[0.005163109861314297, -0.9996233582496643, 0.02695257030427456, 0.007568359375], [-0.000268102710833773, -0.02695431187748909, -0.9996366500854492, 1.520456314086914], [0.9999865889549255, 0.005154041573405266, -0.00040717050433158875, -1.323974609375], [0.0, 0.0, 0.0, 1.0]], [[-0.8331429958343506, -0.5530558228492737, 0.0013980905059725046, 0.793212890625], [0.004747713916003704, -0.009679915383458138, -0.9999418258666992, 1.505019187927246], [0.5530372858047485, -0.8330879211425781, 0.010690505616366863, -1.08892822265625], [0.0, 0.0, 0.0, 1.0]], [[0.9477483034133911, 0.3190116882324219, -0.002170142251998186, -1.135986328125], [0.01117335632443428, -0.03999163210391998, -0.9991375207901001, 1.588627815246582], [-0.31882336735725403, 0.9469066262245178, -0.04146643728017807, -0.10577392578125], [0.0, 0.0, 0.0, 1.0]], [[0.0025915310252457857, 0.9995465874671936, -0.029998401179909706, 0.0029296875], [-0.013405213132500648, -0.029961083084344864, -0.9994612336158752, 1.5779037475585938], [-0.9999067783355713, 0.002992257010191679, 0.013321490958333015, -0.107177734375], [0.0, 0.0, 0.0, 1.0]], [[-0.9346016049385071, 0.35489076375961304, -0.023922637104988098, 0.9404296875], [0.020023146644234657, -0.014656921848654747, -0.9996920824050903, 1.5556468963623047], [-0.355132132768631, -0.9347928762435913, 0.00659235380589962, -0.13720703125], [0.0, 0.0, 0.0, 1.0]]], "view": [[0.0, -2.0, 100.0], [-2.0, 0.0, 100.0], [0.0, 0.0, 1.0]], "bev": "bev_8de6d71768d246ed81a675cc9660d04e.png", "aux": "aux_8de6d71768d246ed81a675cc9660d04e.npz", "visibility": "visibility_8de6d71768d246ed81a675cc9660d04e.png", "pose": [[-0.9901725053787231, 0.13985128700733185, 0.0, 2160.593505859375], [-0.13985128700733185, -0.9901725053787231, 0.0, 1392.5875244140625], [0.0, 0.0, 1.0, 0.0], [0.0, 0.0, 0.0, 1.0]], "pose_inverse": [[-0.9901725053787231, -0.13985128700733185, 0.0, 2334.115478515625], [0.13985128700733185, -0.9901725053787231, 0.0, 1076.7401123046875], [0.0, 0.0, 1.0, 0.0], [0.0, 0.0, 0.0, 1.0]], "cam_ids": [0, 1, 2, 3, 4, 5], "cam_channels": ["CAM_FRONT_LEFT", "CAM_FRONT", "CAM_FRONT_RIGHT", "CAM_BACK_LEFT", "CAM_BACK", "CAM_BACK_RIGHT"], "token": "8de6d71768d246ed81a675cc9660d04e", "scene": "scene-0851"}, {"images": ["samples/CAM_FRONT_LEFT/n015-2018-10-08-16-03-24+0800__CAM_FRONT_LEFT__1538985891854844.jpg", "samples/CAM_FRONT/n015-2018-10-08-16-03-24+0800__CAM_FRONT__1538985891862460.jpg", "samples/CAM_FRONT_RIGHT/n015-2018-10-08-16-03-24+0800__CAM_FRONT_RIGHT__1538985891870339.jpg", "samples/CAM_BACK_LEFT/n015-2018-10-08-16-03-24+0800__CAM_BACK_LEFT__1538985891897423.jpg", "samples/CAM_BACK/n015-2018-10-08-16-03-24+0800__CAM_BACK__1538985891887525.jpg", "samples/CAM_BACK_RIGHT/n015-2018-10-08-16-03-24+0800__CAM_BACK_RIGHT__1538985891877893.jpg"], "intrinsics": [[[1272.5979470598488, 0.0, 826.6154927353808], [0.0, 1272.5979470598488, 479.75165386361925], [0.0, 0.0, 1.0]], [[1266.417203046554, 0.0, 816.2670197447984], [0.0, 1266.417203046554, 491.50706579294757], [0.0, 0.0, 1.0]], [[1260.8474446004698, 0.0, 807.968244525554], [0.0, 1260.8474446004698, 495.3344268742088], [0.0, 0.0, 1.0]], [[1256.7414812095406, 0.0, 792.1125740759628], [0.0, 1256.7414812095406, 492.7757465151356], [0.0, 0.0, 1.0]], [[809.2209905677063, 0.0, 829.2196003259838], [0.0, 809.2209905677063, 481.77842384512485], [0.0, 0.0, 1.0]], [[1259.5137405846733, 0.0, 807.2529053838625], [0.0, 1259.5137405846733, 501.19579884916527], [0.0, 0.0, 1.0]]], "extrinsics": [[[0.8207387328147888, -0.5712750554084778, 0.005730696953833103, -0.602294921875], [-0.011059827171266079, -0.025916852056980133, -0.9996029138565063, 1.5034103393554688], [0.5711966753005981, 0.820349395275116, -0.027589166536927223, -1.029541015625], [0.0, 0.0, 0.0, 1.0]], [[0.005727069918066263, -0.9995389580726624, 0.029814699664711952, 0.008056640625], [-0.016345959156751633, -0.02990478090941906, -0.999419093132019, 1.5146331787109375], [0.9998499751091003, 0.005236407741904259, -0.01650969125330448, -1.329833984375], [0.0, 0.0, 0.0, 1.0]], [[-0.832990825176239, -0.5530580878257751, 0.01590658165514469, 0.798095703125], [-0.010711818002164364, -0.01262354850769043, -0.9998629689216614, 1.5006332397460938], [0.5531830787658691, -0.8330469727516174, 0.004591040778905153, -1.092803955078125], [0.0, 0.0, 0.0, 1.0]], [[0.9477283358573914, 0.3187035024166107, -0.015459947288036346, -1.136962890625], [-0.0021633808501064777, -0.042032644152641296, -0.999113917350769, 1.5885429382324219], [-0.3190709054470062, 0.9469220638275146, -0.0391460545361042, -0.10528564453125], [0.0, 0.0, 0.0, 1.0]], [[0.0023548065219074488, 0.9994698166847229, -0.03247453644871712, 0.0029296875], [-0.027535736560821533, -0.03239750862121582, -0.9990956783294678, 1.5764389038085938], [-0.9996180534362793, 0.0032468957360833883, 0.02744484320282936, -0.1044921875], [0.0, 0.0, 0.0, 1.0]], [[-0.9348370432853699, 0.35490667819976807, -0.010995859280228615, 0.94482421875], [0.005145206116139889, -0.017424624413251877, -0.9998349547386169, 1.5525078773498535], [-0.35503971576690674, -0.934739351272583, 0.014463115483522415, -0.1358642578125], [0.0, 0.0, 0.0, 1.0]]], "view": [[0.0, -2.0, 100.0], [-2.0, 0.0, 100.0], [0.0, 0.0, 1.0]], "bev": "bev_de50b2f9991041ada66554f539de444b.png", "aux": "aux_de50b2f9991041ada66554f539de444b.npz", "visibility": "visibility_de50b2f9991041ada66554f539de444b.png", "pose": [[-0.9906819462776184, 0.13619573414325714, 0.0, 2155.447021484375], [-0.13619573414325714, -0.9906819462776184, 0.0, 1391.8914794921875], [0.0, 0.0, 1.0, 0.0], [0.0, 0.0, 0.0, 1.0]], "pose_inverse": [[-0.9906819462776184, -0.13619573414325714, 0.0, 2324.93212890625], [0.13619573414325714, -0.9906819462776184, 0.0, 1085.359130859375], [0.0, 0.0, 1.0, 0.0], [0.0, 0.0, 0.0, 1.0]], "cam_ids": [0, 1, 2, 3, 4, 5], "cam_channels": ["CAM_FRONT_LEFT", "CAM_FRONT", "CAM_FRONT_RIGHT", "CAM_BACK_LEFT", "CAM_BACK", "CAM_BACK_RIGHT"], "token": "de50b2f9991041ada66554f539de444b", "scene": "scene-0851"}, {"images": ["samples/CAM_FRONT_LEFT/n015-2018-10-08-16-03-24+0800__CAM_FRONT_LEFT__1538985892354844.jpg", "samples/CAM_FRONT/n015-2018-10-08-16-03-24+0800__CAM_FRONT__1538985892362460.jpg", "samples/CAM_FRONT_RIGHT/n015-2018-10-08-16-03-24+0800__CAM_FRONT_RIGHT__1538985892370339.jpg", "samples/CAM_BACK_LEFT/n015-2018-10-08-16-03-24+0800__CAM_BACK_LEFT__1538985892397423.jpg", "samples/CAM_BACK/n015-2018-10-08-16-03-24+0800__CAM_BACK__1538985892387525.jpg", "samples/CAM_BACK_RIGHT/n015-2018-10-08-16-03-24+0800__CAM_BACK_RIGHT__1538985892377893.jpg"], "intrinsics": [[[1272.5979470598488, 0.0, 826.6154927353808], [0.0, 1272.5979470598488, 479.75165386361925], [0.0, 0.0, 1.0]], [[1266.417203046554, 0.0, 816.2670197447984], [0.0, 1266.417203046554, 491.50706579294757], [0.0, 0.0, 1.0]], [[1260.8474446004698, 0.0, 807.968244525554], [0.0, 1260.8474446004698, 495.3344268742088], [0.0, 0.0, 1.0]], [[1256.7414812095406, 0.0, 792.1125740759628], [0.0, 1256.7414812095406, 492.7757465151356], [0.0, 0.0, 1.0]], [[809.2209905677063, 0.0, 829.2196003259838], [0.0, 809.2209905677063, 481.77842384512485], [0.0, 0.0, 1.0]], [[1259.5137405846733, 0.0, 807.2529053838625], [0.0, 1259.5137405846733, 501.19579884916527], [0.0, 0.0, 1.0]]], "extrinsics": [[[0.8204415440559387, -0.5716536045074463, 0.009368122555315495, -0.5966796875], [-0.015777133405208588, -0.03901670500636101, -0.9991140365600586, 1.5012969970703125], [0.5715125799179077, 0.8195668458938599, -0.041029978543519974, -1.02685546875], [0.0, 0.0, 0.0, 1.0]], [[0.00543000316247344, -0.9990763068199158, 0.042625654488801956, 0.0087890625], [-0.021245773881673813, -0.04273192211985588, -0.9988606572151184, 1.512786865234375], [0.9997594952583313, 0.004518185276538134, -0.021458184346556664, -1.32373046875], [0.0, 0.0, 0.0, 1.0]], [[-0.833085834980011, -0.5524855852127075, 0.026973292231559753, 0.794189453125], [-0.015667904168367386, -0.025174815207719803, -0.9995602369308472, 1.4991836547851562], [0.552921712398529, -0.8331421613693237, 0.012316492386162281, -1.08935546875], [0.0, 0.0, 0.0, 1.0]], [[0.94768887758255, 0.31834086775779724, -0.023339424282312393, -1.13818359375], [-0.006368736736476421, -0.05424690991640091, -0.9985072016716003, 1.5885391235351562], [-0.31913167238235474, 0.9464229345321655, -0.049381766468286514, -0.10498046875], [0.0, 0.0, 0.0, 1.0]], [[0.0023682222235947847, 0.9989951848983765, -0.04475511237978935, 0.0028076171875], [-0.03214474767446518, -0.04465605691075325, -0.9984851479530334, 1.5759201049804688], [-0.9994804859161377, 0.0038033085875213146, 0.03200669586658478, -0.10498046875], [0.0, 0.0, 0.0, 1.0]], [[-0.9347878098487854, 0.3550407588481903, -0.010849887505173683, 0.941650390625], [0.0002726158418226987, -0.029828190803527832, -0.9995550513267517, 1.5515327453613281], [-0.3552064299583435, -0.9343748688697815, 0.027786236256361008, -0.1365966796875], [0.0, 0.0, 0.0, 1.0]]], "view": [[0.0, -2.0, 100.0], [-2.0, 0.0, 100.0], [0.0, 0.0, 1.0]], "bev": "bev_a1186d73e0804ccf8f47ba196d9888d0.png", "aux": "aux_a1186d73e0804ccf8f47ba196d9888d0.npz", "visibility": "visibility_a1186d73e0804ccf8f47ba196d9888d0.png", "pose": [[-0.9902865886688232, 0.13904133439064026, 0.0, 2150.358642578125], [-0.13904133439064026, -0.9902865886688232, 0.0, 1391.2271728515625], [0.0, 0.0, 1.0, 0.0], [0.0, 0.0, 0.0, 1.0]], "pose_inverse": [[-0.9902865886688232, -0.13904133439064026, 0.0, 2322.909423828125], [0.13904133439064026, -0.9902865886688232, 0.0, 1078.724853515625], [0.0, 0.0, 1.0, 0.0], [0.0, 0.0, 0.0, 1.0]], "cam_ids": [0, 1, 2, 3, 4, 5], "cam_channels": ["CAM_FRONT_LEFT", "CAM_FRONT", "CAM_FRONT_RIGHT", "CAM_BACK_LEFT", "CAM_BACK", "CAM_BACK_RIGHT"], "token": "a1186d73e0804ccf8f47ba196d9888d0", "scene": "scene-0851"}, {"images": ["samples/CAM_FRONT_LEFT/n015-2018-10-08-16-03-24+0800__CAM_FRONT_LEFT__1538985892854844.jpg", "samples/CAM_FRONT/n015-2018-10-08-16-03-24+0800__CAM_FRONT__1538985892862460.jpg", "samples/CAM_FRONT_RIGHT/n015-2018-10-08-16-03-24+0800__CAM_FRONT_RIGHT__1538985892870339.jpg", "samples/CAM_BACK_LEFT/n015-2018-10-08-16-03-24+0800__CAM_BACK_LEFT__1538985892897423.jpg", "samples/CAM_BACK/n015-2018-10-08-16-03-24+0800__CAM_BACK__1538985892887525.jpg", "samples/CAM_BACK_RIGHT/n015-2018-10-08-16-03-24+0800__CAM_BACK_RIGHT__1538985892877893.jpg"], "intrinsics": [[[1272.5979470598488, 0.0, 826.6154927353808], [0.0, 1272.5979470598488, 479.75165386361925], [0.0, 0.0, 1.0]], [[1266.417203046554, 0.0, 816.2670197447984], [0.0, 1266.417203046554, 491.50706579294757], [0.0, 0.0, 1.0]], [[1260.8474446004698, 0.0, 807.968244525554], [0.0, 1260.8474446004698, 495.3344268742088], [0.0, 0.0, 1.0]], [[1256.7414812095406, 0.0, 792.1125740759628], [0.0, 1256.7414812095406, 492.7757465151356], [0.0, 0.0, 1.0]], [[809.2209905677063, 0.0, 829.2196003259838], [0.0, 809.2209905677063, 481.77842384512485], [0.0, 0.0, 1.0]], [[1259.5137405846733, 0.0, 807.2529053838625], [0.0, 1259.5137405846733, 501.19579884916527], [0.0, 0.0, 1.0]]], "extrinsics": [[[0.8207688927650452, -0.5709624886512756, 0.018447689712047577, -0.60791015625], [0.004485276527702808, -0.025851020589470863, -0.9996557235717773, 1.5102663040161133], [0.5712428092956543, 0.8205689787864685, -0.018656786531209946, -1.03515625], [0.0, 0.0, 0.0, 1.0]], [[0.005575840827077627, -0.9995489120483398, 0.029511863365769386, 0.0093994140625], [-0.00044684711610898376, -0.02951481193304062, -0.9995642304420471, 1.5204448699951172], [0.9999843239784241, 0.005560232326388359, -0.0006112147239036858, -1.334228515625], [0.0, 0.0, 0.0, 1.0]], [[-0.8329921960830688, -0.553281307220459, 0.001970520708709955, 0.799560546875], [0.0056054373271763325, -0.012000465765595436, -0.9999122619628906, 1.5052340030670166], [0.5532563924789429, -0.832908034324646, 0.013097679242491722, -1.092437744140625], [0.0, 0.0, 0.0, 1.0]], [[0.9477003216743469, 0.3191562294960022, 0.0018751061288639903, -1.13427734375], [0.01604779064655304, -0.041782885789871216, -0.9989978075027466, 1.5886878967285156], [-0.3187580406665802, 0.9467806220054626, -0.044719405472278595, -0.106231689453125], [0.0, 0.0, 0.0, 1.0]], [[0.0025067664682865143, 0.9994862079620361, -0.031954970210790634, 0.00244140625], [-0.010059080086648464, -0.03192824870347977, -0.9994395971298218, 1.5782928466796875], [-0.9999462962150574, 0.002826814539730549, 0.009973874315619469, -0.10546875], [0.0, 0.0, 0.0, 1.0]], [[-0.9346383213996887, 0.35461270809173584, -0.026477105915546417, 0.9447021484375], [0.021945534273982048, -0.016795391216874123, -0.9996180534362793, 1.5559539794921875], [-0.35492196679115295, -0.9348625540733337, 0.007915450260043144, -0.1348876953125], [0.0, 0.0, 0.0, 1.0]]], "view": [[0.0, -2.0, 100.0], [-2.0, 0.0, 100.0], [0.0, 0.0, 1.0]], "bev": "bev_4b686d4470af43d3aa161b9b0533e444.png", "aux": "aux_4b686d4470af43d3aa161b9b0533e444.npz", "visibility": "visibility_4b686d4470af43d3aa161b9b0533e444.png", "pose": [[-0.9898151755332947, 0.14235861599445343, 0.0, 2145.2822265625], [-0.14235861599445343, -0.9898151755332947, 0.0, 1390.5452880859375], [0.0, 0.0, 1.0, 0.0], [0.0, 0.0, 0.0, 1.0]], "pose_inverse": [[-0.9898151755332947, -0.14235861599445343, 0.0, 2321.388916015625], [0.14235861599445343, -0.9898151755332947, 0.0, 1070.9833984375], [0.0, 0.0, 1.0, 0.0], [0.0, 0.0, 0.0, 1.0]], "cam_ids": [0, 1, 2, 3, 4, 5], "cam_channels": ["CAM_FRONT_LEFT", "CAM_FRONT", "CAM_FRONT_RIGHT", "CAM_BACK_LEFT", "CAM_BACK", "CAM_BACK_RIGHT"], "token": "4b686d4470af43d3aa161b9b0533e444", "scene": "scene-0851"}, {"images": ["samples/CAM_FRONT_LEFT/n015-2018-10-08-16-03-24+0800__CAM_FRONT_LEFT__1538985893354844.jpg", "samples/CAM_FRONT/n015-2018-10-08-16-03-24+0800__CAM_FRONT__1538985893362460.jpg", "samples/CAM_FRONT_RIGHT/n015-2018-10-08-16-03-24+0800__CAM_FRONT_RIGHT__1538985893370339.jpg", "samples/CAM_BACK_LEFT/n015-2018-10-08-16-03-24+0800__CAM_BACK_LEFT__1538985893397423.jpg", "samples/CAM_BACK/n015-2018-10-08-16-03-24+0800__CAM_BACK__1538985893387525.jpg", "samples/CAM_BACK_RIGHT/n015-2018-10-08-16-03-24+0800__CAM_BACK_RIGHT__1538985893377893.jpg"], "intrinsics": [[[1272.5979470598488, 0.0, 826.6154927353808], [0.0, 1272.5979470598488, 479.75165386361925], [0.0, 0.0, 1.0]], [[1266.417203046554, 0.0, 816.2670197447984], [0.0, 1266.417203046554, 491.50706579294757], [0.0, 0.0, 1.0]], [[1260.8474446004698, 0.0, 807.968244525554], [0.0, 1260.8474446004698, 495.3344268742088], [0.0, 0.0, 1.0]], [[1256.7414812095406, 0.0, 792.1125740759628], [0.0, 1256.7414812095406, 492.7757465151356], [0.0, 0.0, 1.0]], [[809.2209905677063, 0.0, 829.2196003259838], [0.0, 809.2209905677063, 481.77842384512485], [0.0, 0.0, 1.0]], [[1259.5137405846733, 0.0, 807.2529053838625], [0.0, 1259.5137405846733, 501.19579884916527], [0.0, 0.0, 1.0]]], "extrinsics": [[[0.8205897212028503, -0.5714249014854431, 0.010298372246325016, -0.6199951171875], [0.000758121837861836, -0.01693098247051239, -0.9998564124107361, 1.5085840225219727], [0.5715172290802002, 0.8204796314239502, -0.013460180722177029, -1.041259765625], [0.0, 0.0, 0.0, 1.0]], [[0.005407360848039389, -0.9997662901878357, 0.02092933841049671, 0.008056640625], [-0.004588375799357891, -0.020954230800271034, -0.999769926071167, 1.5189647674560547], [0.99997478723526, 0.0053100744262337685, -0.004700610879808664, -1.34521484375], [0.0, 0.0, 0.0, 1.0]], [[-0.8330606818199158, -0.5531802773475647, 0.0012084204936400056, 0.806396484375], [0.0010059768101200461, -0.003699429100379348, -0.9999926686286926, 1.5039238929748535], [0.5531805753707886, -0.8330532908439636, 0.00363833736628294, -1.096923828125], [0.0, 0.0, 0.0, 1.0]], [[0.9477539658546448, 0.3189985454082489, -0.001487439963966608, -1.130126953125], [0.009814328514039516, -0.03381861373782158, -0.9993797540664673, 1.5886783599853516], [-0.31885096430778503, 0.9471516609191895, -0.03518248349428177, -0.10760498046875], [0.0, 0.0, 0.0, 1.0]], [[0.002509699435904622, 0.9997106194496155, -0.023923665285110474, 0.0025634765625], [-0.015683012083172798, -0.023881446570158005, -0.9995917677879333, 1.5776939392089844], [-0.9998738169670105, 0.0028838885482400656, 0.015618536621332169, -0.10498046875], [0.0, 0.0, 0.0, 1.0]], [[-0.9347001910209656, 0.35493573546409607, -0.018872184678912163, 0.94921875], [0.016904467716813087, -0.008644317276775837, -0.9998197555541992, 1.554830551147461], [-0.3550349175930023, -0.9348507523536682, 0.0020798437763005495, -0.1334228515625], [0.0, 0.0, 0.0, 1.0]]], "view": [[0.0, -2.0, 100.0], [-2.0, 0.0, 100.0], [0.0, 0.0, 1.0]], "bev": "bev_40e1340b8816431b8d612b8abdbf5dd6.png", "aux": "aux_40e1340b8816431b8d612b8abdbf5dd6.npz", "visibility": "visibility_40e1340b8816431b8d612b8abdbf5dd6.png", "pose": [[-0.9899222254753113, 0.1416119635105133, 0.0, 2140.44140625], [-0.1416119635105133, -0.9899222254753113, 0.0, 1389.86767578125], [0.0, 0.0, 1.0, 0.0], [0.0, 0.0, 0.0, 1.0]], "pose_inverse": [[-0.9899222254753113, -0.1416119635105133, 0.0, 2315.6923828125], [0.1416119635105133, -0.9899222254753113, 0.0, 1072.748779296875], [0.0, 0.0, 1.0, 0.0], [0.0, 0.0, 0.0, 1.0]], "cam_ids": [0, 1, 2, 3, 4, 5], "cam_channels": ["CAM_FRONT_LEFT", "CAM_FRONT", "CAM_FRONT_RIGHT", "CAM_BACK_LEFT", "CAM_BACK", "CAM_BACK_RIGHT"], "token": "40e1340b8816431b8d612b8abdbf5dd6", "scene": "scene-0851"}, {"images": ["samples/CAM_FRONT_LEFT/n015-2018-10-08-16-03-24+0800__CAM_FRONT_LEFT__1538985893904844.jpg", "samples/CAM_FRONT/n015-2018-10-08-16-03-24+0800__CAM_FRONT__1538985893912460.jpg", "samples/CAM_FRONT_RIGHT/n015-2018-10-08-16-03-24+0800__CAM_FRONT_RIGHT__1538985893920339.jpg", "samples/CAM_BACK_LEFT/n015-2018-10-08-16-03-24+0800__CAM_BACK_LEFT__1538985893947423.jpg", "samples/CAM_BACK/n015-2018-10-08-16-03-24+0800__CAM_BACK__1538985893937525.jpg", "samples/CAM_BACK_RIGHT/n015-2018-10-08-16-03-24+0800__CAM_BACK_RIGHT__1538985893927893.jpg"], "intrinsics": [[[1272.5979470598488, 0.0, 826.6154927353808], [0.0, 1272.5979470598488, 479.75165386361925], [0.0, 0.0, 1.0]], [[1266.417203046554, 0.0, 816.2670197447984], [0.0, 1266.417203046554, 491.50706579294757], [0.0, 0.0, 1.0]], [[1260.8474446004698, 0.0, 807.968244525554], [0.0, 1260.8474446004698, 495.3344268742088], [0.0, 0.0, 1.0]], [[1256.7414812095406, 0.0, 792.1125740759628], [0.0, 1256.7414812095406, 492.7757465151356], [0.0, 0.0, 1.0]], [[809.2209905677063, 0.0, 829.2196003259838], [0.0, 809.2209905677063, 481.77842384512485], [0.0, 0.0, 1.0]], [[1259.5137405846733, 0.0, 807.2529053838625], [0.0, 1259.5137405846733, 501.19579884916527], [0.0, 0.0, 1.0]]], "extrinsics": [[[0.820887565612793, -0.5710326433181763, 0.008077016100287437, -0.62646484375], [-0.002590111456811428, -0.017865683883428574, -0.9998370409011841, 1.5071849822998047], [0.5710839033126831, 0.820732831954956, -0.016144756227731705, -1.045166015625], [0.0, 0.0, 0.0, 1.0]], [[0.005846404004842043, -0.9997418522834778, 0.021956318989396095, 0.007080078125], [-0.008240346796810627, -0.02200411632657051, -0.9997239112854004, 1.5177268981933594], [0.9999489188194275, 0.0056638335809111595, -0.008366864174604416, -1.351318359375], [0.0, 0.0, 0.0, 1.0]], [[-0.8328798413276672, -0.5534294843673706, 0.0051819197833538055, 0.810791015625], [-0.0029826988466084003, -0.004874342121183872, -0.9999836683273315, 1.5028495788574219], [0.5534456968307495, -0.8328817486763, 0.002409028122201562, -1.1014404296875], [0.0, 0.0, 0.0, 1.0]], [[0.9477526545524597, 0.3189238905906677, -0.007228633388876915, -1.134033203125], [0.004522501025348902, -0.036090314388275146, -0.9993382692337036, 1.588602066040039], [-0.31897374987602234, 0.9470928311347961, -0.03564703091979027, -0.106536865234375], [0.0, 0.0, 0.0, 1.0]], [[0.002331260358914733, 0.9996652007102966, -0.025768393650650978, 0.0030517578125], [-0.020469127222895622, -0.025715360417962074, -0.9994596838951111, 1.5772552490234375], [-0.9997878074645996, 0.0028574459720402956, 0.020402325317263603, -0.1005859375], [0.0, 0.0, 0.0, 1.0]], [[-0.9348431825637817, 0.35472986102104187, -0.015323130413889885, 0.95458984375], [0.01258184015750885, -0.010033265687525272, -0.9998705387115479, 1.5538959503173828], [-0.35483768582344055, -0.9349150061607361, 0.00491637596860528, -0.1324462890625], [0.0, 0.0, 0.0, 1.0]]], "view": [[0.0, -2.0, 100.0], [-2.0, 0.0, 100.0], [0.0, 0.0, 1.0]], "bev": "bev_9113dc36aaeb465bb41d19c7f4771cf6.png", "aux": "aux_9113dc36aaeb465bb41d19c7f4771cf6.npz", "visibility": "visibility_9113dc36aaeb465bb41d19c7f4771cf6.png", "pose": [[-0.9903393387794495, 0.13866488635540009, 0.0, 2135.200927734375], [-0.13866488635540009, -0.9903393387794495, 0.0, 1389.1422119140625], [0.0, 0.0, 1.0, 0.0], [0.0, 0.0, 0.0, 1.0]], "pose_inverse": [[-0.9903393387794495, -0.13866488635540009, 0.0, 2307.19873046875], [0.13866488635540009, -0.9903393387794495, 0.0, 1079.644775390625], [0.0, 0.0, 1.0, 0.0], [0.0, 0.0, 0.0, 1.0]], "cam_ids": [0, 1, 2, 3, 4, 5], "cam_channels": ["CAM_FRONT_LEFT", "CAM_FRONT", "CAM_FRONT_RIGHT", "CAM_BACK_LEFT", "CAM_BACK", "CAM_BACK_RIGHT"], "token": "9113dc36aaeb465bb41d19c7f4771cf6", "scene": "scene-0851"}, {"images": ["samples/CAM_FRONT_LEFT/n015-2018-10-08-16-03-24+0800__CAM_FRONT_LEFT__1538985894404844.jpg", "samples/CAM_FRONT/n015-2018-10-08-16-03-24+0800__CAM_FRONT__1538985894412460.jpg", "samples/CAM_FRONT_RIGHT/n015-2018-10-08-16-03-24+0800__CAM_FRONT_RIGHT__1538985894420339.jpg", "samples/CAM_BACK_LEFT/n015-2018-10-08-16-03-24+0800__CAM_BACK_LEFT__1538985894447423.jpg", "samples/CAM_BACK/n015-2018-10-08-16-03-24+0800__CAM_BACK__1538985894437525.jpg", "samples/CAM_BACK_RIGHT/n015-2018-10-08-16-03-24+0800__CAM_BACK_RIGHT__1538985894427893.jpg"], "intrinsics": [[[1272.5979470598488, 0.0, 826.6154927353808], [0.0, 1272.5979470598488, 479.75165386361925], [0.0, 0.0, 1.0]], [[1266.417203046554, 0.0, 816.2670197447984], [0.0, 1266.417203046554, 491.50706579294757], [0.0, 0.0, 1.0]], [[1260.8474446004698, 0.0, 807.968244525554], [0.0, 1260.8474446004698, 495.3344268742088], [0.0, 0.0, 1.0]], [[1256.7414812095406, 0.0, 792.1125740759628], [0.0, 1256.7414812095406, 492.7757465151356], [0.0, 0.0, 1.0]], [[809.2209905677063, 0.0, 829.2196003259838], [0.0, 809.2209905677063, 481.77842384512485], [0.0, 0.0, 1.0]], [[1259.5137405846733, 0.0, 807.2529053838625], [0.0, 1259.5137405846733, 501.19579884916527], [0.0, 0.0, 1.0]]], "extrinsics": [[[0.8208799362182617, -0.5708385109901428, 0.01730901561677456, -0.6466064453125], [-0.007175393868237734, -0.04061467573046684, -0.9991490840911865, 1.505584716796875], [0.5710558295249939, 0.820057213306427, -0.03743576630949974, -1.062255859375], [0.0, 0.0, 0.0, 1.0]], [[0.0059679425321519375, -0.9989613890647888, 0.04517113417387009, 0.0091552734375], [-0.01254177838563919, -0.04524316266179085, -0.9988973140716553, 1.5166549682617188], [0.9999035596847534, 0.0053948028944432735, -0.012798761017620564, -1.374755859375], [0.0, 0.0, 0.0, 1.0]], [[-0.8328152894973755, -0.5531264543533325, 0.02167353592813015, 0.827880859375], [-0.006994214374572039, -0.028635818511247635, -0.9995654225349426, 1.5019760131835938], [0.5535066723823547, -0.8326050043106079, 0.01997966505587101, -1.11053466796875], [0.0, 0.0, 0.0, 1.0]], [[0.9477161765098572, 0.3186289072036743, -0.017597701400518417, -1.140380859375], [0.0017901216633617878, -0.060452818870544434, -0.9981694221496582, 1.5885581970214844], [-0.3191094696521759, 0.945949912071228, -0.05786249786615372, -0.10430908203125], [0.0, 0.0, 0.0, 1.0]], [[0.002163753379136324, 0.9987438917160034, -0.050061482936143875, 0.002197265625], [-0.02372332103550434, -0.04999623820185661, -0.9984676241874695, 1.5772247314453125], [-0.9997161626815796, 0.0033480580896139145, 0.02358533814549446, -0.089599609375], [0.0, 0.0, 0.0, 1.0]], [[-0.9349304437637329, 0.35424426198005676, -0.020396558567881584, 0.96875], [0.008862130343914032, -0.03415266424417496, -0.9993773698806763, 1.553086280822754], [-0.3547202944755554, -0.9345291256904602, 0.028791002929210663, -0.1256103515625], [0.0, 0.0, 0.0, 1.0]]], "view": [[0.0, -2.0, 100.0], [-2.0, 0.0, 100.0], [0.0, 0.0, 1.0]], "bev": "bev_038ab0a7eeed4057aa19e3744dd6e9af.png", "aux": "aux_038ab0a7eeed4057aa19e3744dd6e9af.npz", "visibility": "visibility_038ab0a7eeed4057aa19e3744dd6e9af.png", "pose": [[-0.9908334016799927, 0.13508951663970947, 0.0, 2130.63916015625], [-0.13508951663970947, -0.9908334016799927, 0.0, 1388.5323486328125], [0.0, 0.0, 1.0, 0.0], [0.0, 0.0, 0.0, 1.0]], "pose_inverse": [[-0.9908334016799927, -0.13508951663970947, 0.0, 2298.6845703125], [0.13508951663970947, -0.9908334016799927, 0.0, 1087.9771728515625], [0.0, 0.0, 1.0, 0.0], [0.0, 0.0, 0.0, 1.0]], "cam_ids": [0, 1, 2, 3, 4, 5], "cam_channels": ["CAM_FRONT_LEFT", "CAM_FRONT", "CAM_FRONT_RIGHT", "CAM_BACK_LEFT", "CAM_BACK", "CAM_BACK_RIGHT"], "token": "038ab0a7eeed4057aa19e3744dd6e9af", "scene": "scene-0851"}, {"images": ["samples/CAM_FRONT_LEFT/n015-2018-10-08-16-03-24+0800__CAM_FRONT_LEFT__1538985894904844.jpg", "samples/CAM_FRONT/n015-2018-10-08-16-03-24+0800__CAM_FRONT__1538985894912460.jpg", "samples/CAM_FRONT_RIGHT/n015-2018-10-08-16-03-24+0800__CAM_FRONT_RIGHT__1538985894920339.jpg", "samples/CAM_BACK_LEFT/n015-2018-10-08-16-03-24+0800__CAM_BACK_LEFT__1538985894947423.jpg", "samples/CAM_BACK/n015-2018-10-08-16-03-24+0800__CAM_BACK__1538985894937525.jpg", "samples/CAM_BACK_RIGHT/n015-2018-10-08-16-03-24+0800__CAM_BACK_RIGHT__1538985894927893.jpg"], "intrinsics": [[[1272.5979470598488, 0.0, 826.6154927353808], [0.0, 1272.5979470598488, 479.75165386361925], [0.0, 0.0, 1.0]], [[1266.417203046554, 0.0, 816.2670197447984], [0.0, 1266.417203046554, 491.50706579294757], [0.0, 0.0, 1.0]], [[1260.8474446004698, 0.0, 807.968244525554], [0.0, 1260.8474446004698, 495.3344268742088], [0.0, 0.0, 1.0]], [[1256.7414812095406, 0.0, 792.1125740759628], [0.0, 1256.7414812095406, 492.7757465151356], [0.0, 0.0, 1.0]], [[809.2209905677063, 0.0, 829.2196003259838], [0.0, 809.2209905677063, 481.77842384512485], [0.0, 0.0, 1.0]], [[1259.5137405846733, 0.0, 807.2529053838625], [0.0, 1259.5137405846733, 501.19579884916527], [0.0, 0.0, 1.0]]], "extrinsics": [[[0.820782482624054, -0.5705374479293823, 0.028341181576251984, -0.6614990234375], [0.002310902811586857, -0.04629664123058319, -0.9989250898361206, 1.5091629028320312], [0.571236252784729, 0.819965660572052, -0.03668101876974106, -1.071044921875], [0.0, 0.0, 0.0, 1.0]], [[0.005688571836799383, -0.9987163543701172, 0.050332244485616684, 0.008056640625], [-0.0030105886980891228, -0.05034993961453438, -0.9987271428108215, 1.5196800231933594], [0.9999793171882629, 0.005529771093279123, -0.0032931435853242874, -1.39013671875], [0.0, 0.0, 0.0, 1.0]], [[-0.8329113721847534, -0.5531695485115051, 0.01618983969092369, 0.837646484375], [0.002589346142485738, -0.033150020986795425, -0.9994470477104187, 1.504281997680664], [0.5534002780914307, -0.8324088454246521, 0.029043380171060562, -1.11834716796875], [0.0, 0.0, 0.0, 1.0]], [[0.9476960301399231, 0.3190214931964874, -0.00987076386809349, -1.14599609375], [0.011037112213671207, -0.06366331875324249, -0.9979103803634644, 1.5885086059570312], [-0.31898319721221924, 0.9456068277359009, -0.06385455280542374, -0.102386474609375], [0.0, 0.0, 0.0, 1.0]], [[0.002384855644777417, 0.9985607266426086, -0.053580816835165024, 0.002685546875], [-0.014283421449363232, -0.05354148894548416, -0.99846351146698, 1.5781707763671875], [-0.999