[{"images": ["samples/CAM_FRONT_LEFT/n008-2018-07-26-12-13-50-0400__CAM_FRONT_LEFT__1532621994604799.jpg", "samples/CAM_FRONT/n008-2018-07-26-12-13-50-0400__CAM_FRONT__1532621994612404.jpg", "samples/CAM_FRONT_RIGHT/n008-2018-07-26-12-13-50-0400__CAM_FRONT_RIGHT__1532621994620482.jpg", "samples/CAM_BACK_LEFT/n008-2018-07-26-12-13-50-0400__CAM_BACK_LEFT__1532621994647405.jpg", "samples/CAM_BACK/n008-2018-07-26-12-13-50-0400__CAM_BACK__1532621994637558.jpg", "samples/CAM_BACK_RIGHT/n008-2018-07-26-12-13-50-0400__CAM_BACK_RIGHT__1532621994628113.jpg"], "intrinsics": [[[1257.8625342125129, 0.0, 827.2410631095686], [0.0, 1257.8625342125129, 450.915498205774], [0.0, 0.0, 1.0]], [[1252.8131021185304, 0.0, 826.588114781398], [0.0, 1252.8131021185304, 469.9846626224581], [0.0, 0.0, 1.0]], [[1256.7485116440405, 0.0, 817.7887570959712], [0.0, 1256.7485116440403, 451.9541780095127], [0.0, 0.0, 1.0]], [[1254.9860565800168, 0.0, 829.5769333630991], [0.0, 1254.9860565800168, 467.1680561863987], [0.0, 0.0, 1.0]], [[796.8910634503094, 0.0, 857.7774326863696], [0.0, 796.8910634503094, 476.8848988407415], [0.0, 0.0, 1.0]], [[1249.9629280788233, 0.0, 825.3768045375984], [0.0, 1249.9629280788233, 462.54816385708756], [0.0, 0.0, 1.0]]], "extrinsics": [[[0.8229724764823914, -0.5680555701255798, -0.0054118456318974495, -0.826416015625], [0.0004952471936121583, 0.010243956930935383, -0.9999474287033081, 1.4883885383605957], [0.5680810809135437, 0.8229264616966248, 0.008711820468306541, -1.21148681640625], [0.0, 0.0, 0.0, 1.0]], [[0.010852071456611156, -0.9999246001243591, -0.005742780398577452, 0.00830078125], [0.0025363583117723465, 0.00577062601223588, -0.9999801516532898, 1.4806110858917236], [0.9999379515647888, 0.010837221518158913, 0.0025987899862229824, -1.556396484375], [0.0, 0.0, 0.0, 1.0]], [[-0.843782901763916, -0.5366361737251282, -0.0072182705625891685, 0.9747314453125], [0.01065147016197443, -0.0032977769151329994, -0.9999378323554993, 1.4945449829101562], [0.5365790724754333, -0.8438073396682739, 0.008498571813106537, -1.202880859375], [0.0, 0.0, 0.0, 1.0]], [[0.9478386044502258, 0.3186090886592865, -0.009496452286839485, -1.139892578125], [-0.013787239789962769, 0.011214766651391983, -0.9998420476913452, 1.5619773864746094], [-0.31845226883888245, 0.9478198289871216, 0.015022531151771545, -0.1575927734375], [0.0, 0.0, 0.0, 1.0]], [[0.009063915349543095, 0.9999518394470215, 0.003777124686166644, -0.02862548828125], [-0.012158654630184174, 0.003887210274115205, -0.999918520450592, 1.567413330078125], [-0.9998850226402283, 0.009017251431941986, 0.012193301692605019, -0.0089111328125], [0.0, 0.0, 0.0, 1.0]], [[-0.9238734245300293, 0.38269785046577454, 0.0005142067675478756, 1.0677490234375], [-0.00826328620314598, -0.018605096265673637, -0.999792754650116, 1.5469951629638672], [-0.38260895013809204, -0.923686146736145, 0.020351096987724304, -0.08149433135986328], [0.0, 0.0, 0.0, 1.0]]], "view": [[0.0, -2.0, 100.0], [-2.0, 0.0, 100.0], [0.0, 0.0, 1.0]], "bev": "bev_5db4fe83206e413b9d1fa7d8f10bd7d2.png", "aux": "aux_5db4fe83206e413b9d1fa7d8f10bd7d2.npz", "visibility": "visibility_5db4fe83206e413b9d1fa7d8f10bd7d2.png", "pose": [[-0.5953117609024048, 0.8034948110580444, 0.0, 1716.5233154296875], [-0.8034948110580444, -0.5953117609024048, 0.0, 1013.8489379882812], [0.0, 0.0, 1.0, 0.0], [0.0, 0.0, 0.0, 1.0]], "pose_inverse": [[-0.5953117609024048, -0.8034948110580444, 0.0, 1836.4888916015625], [0.8034948110580444, -0.5953117609024048, 0.0, -775.661376953125], [0.0, 0.0, 1.0, 0.0], [0.0, 0.0, 0.0, 1.0]], "cam_ids": [0, 1, 2, 3, 4, 5], "cam_channels": ["CAM_FRONT_LEFT", "CAM_FRONT", "CAM_FRONT_RIGHT", "CAM_BACK_LEFT", "CAM_BACK", "CAM_BACK_RIGHT"], "token": "5db4fe83206e413b9d1fa7d8f10bd7d2", "scene": "scene-0210"}, {"images": ["samples/CAM_FRONT_LEFT/n008-2018-07-26-12-13-50-0400__CAM_FRONT_LEFT__1532621995004853.jpg", "samples/CAM_FRONT/n008-2018-07-26-12-13-50-0400__CAM_FRONT__1532621995012404.jpg", "samples/CAM_FRONT_RIGHT/n008-2018-07-26-12-13-50-0400__CAM_FRONT_RIGHT__1532621995020482.jpg", "samples/CAM_BACK_LEFT/n008-2018-07-26-12-13-50-0400__CAM_BACK_LEFT__1532621995047405.jpg", "samples/CAM_BACK/n008-2018-07-26-12-13-50-0400__CAM_BACK__1532621995037558.jpg", "samples/CAM_BACK_RIGHT/n008-2018-07-26-12-13-50-0400__CAM_BACK_RIGHT__1532621995028113.jpg"], "intrinsics": [[[1257.8625342125129, 0.0, 827.2410631095686], [0.0, 1257.8625342125129, 450.915498205774], [0.0, 0.0, 1.0]], [[1252.8131021185304, 0.0, 826.588114781398], [0.0, 1252.8131021185304, 469.9846626224581], [0.0, 0.0, 1.0]], [[1256.7485116440405, 0.0, 817.7887570959712], [0.0, 1256.7485116440403, 451.9541780095127], [0.0, 0.0, 1.0]], [[1254.9860565800168, 0.0, 829.5769333630991], [0.0, 1254.9860565800168, 467.1680561863987], [0.0, 0.0, 1.0]], [[796.8910634503094, 0.0, 857.7774326863696], [0.0, 796.8910634503094, 476.8848988407415], [0.0, 0.0, 1.0]], [[1249.9629280788233, 0.0, 825.3768045375984], [0.0, 1249.9629280788233, 462.54816385708756], [0.0, 0.0, 1.0]]], "extrinsics": [[[0.8220388889312744, -0.5693840980529785, 0.007330914493650198, -0.809326171875], [0.021186482161283493, 0.017717380076646805, -0.9996185302734375, 1.4933662414550781], [0.5690370798110962, 0.8218806385993958, 0.026627622544765472, -1.19677734375], [0.0, 0.0, 0.0, 1.0]], [[0.009763767942786217, -0.9998648762702942, -0.013221432454884052, 0.00653076171875], [0.023117536678910255, 0.013444235548377037, -0.9996423721313477, 1.4847831726074219], [0.9996850490570068, 0.009454642422497272, 0.023245681077241898, -1.5355224609375], [0.0, 0.0, 0.0, 1.0]], [[-0.8439323306083679, -0.5356798768043518, -0.02872733399271965, 0.9573974609375], [0.031115906313061714, 0.004579976666718721, -0.9995052814483643, 1.4979705810546875], [0.5355464816093445, -0.8444087505340576, 0.012802975252270699, -1.19384765625], [0.0, 0.0, 0.0, 1.0]], [[0.9478392601013184, 0.31854087114334106, 0.011512545868754387, -1.133544921875], [0.005673346109688282, 0.019252808764576912, -0.999798595905304, 1.562105655670166], [-0.31869834661483765, 0.9477135539054871, 0.016441375017166138, -0.15966796875], [0.0, 0.0, 0.0, 1.0]], [[0.009275227785110474, 0.9998852014541626, 0.011979206465184689, -0.02789306640625], [0.0078088585287332535, 0.011906927451491356, -0.9998986124992371, 1.5685739517211914], [-0.9999265074729919, 0.009367931634187698, -0.007697523105889559, -0.020751953125], [0.0, 0.0, 0.0, 1.0]], [[-0.9234670400619507, 0.38337522745132446, -0.015235613100230694, 1.052490234375], [0.012082953937351704, -0.010630393400788307, -0.9998704791069031, 1.5492267608642578], [-0.3834875226020813, -0.9235314726829529, 0.00518451351672411, -0.08910369873046875], [0.0, 0.0, 0.0, 1.0]]], "view": [[0.0, -2.0, 100.0], [-2.0, 0.0, 100.0], [0.0, 0.0, 1.0]], "bev": "bev_34a97c229ed947c9a35e685ac4f54606.png", "aux": "aux_34a97c229ed947c9a35e685ac4f54606.npz", "visibility": "visibility_34a97c229ed947c9a35e685ac4f54606.png", "pose": [[-0.5919815301895142, 0.8059515357017517, 0.0, 1715.2978515625], [-0.8059515357017517, -0.5919815301895142, 0.0, 1012.177001953125], [0.0, 0.0, 1.0, 0.0], [0.0, 0.0, 0.0, 1.0]], "pose_inverse": [[-0.5919815301895142, -0.8059515357017517, 0.0, 1831.190185546875], [0.8059515357017517, -0.5919815301895142, 0.0, -783.2568969726562], [0.0, 0.0, 1.0, 0.0], [0.0, 0.0, 0.0, 1.0]], "cam_ids": [0, 1, 2, 3, 4, 5], "cam_channels": ["CAM_FRONT_LEFT", "CAM_FRONT", "CAM_FRONT_RIGHT", "CAM_BACK_LEFT", "CAM_BACK", "CAM_BACK_RIGHT"], "token": "34a97c229ed947c9a35e685ac4f54606", "scene": "scene-0210"}, {"images": ["samples/CAM_FRONT_LEFT/n008-2018-07-26-12-13-50-0400__CAM_FRONT_LEFT__1532621995504799.jpg", "samples/CAM_FRONT/n008-2018-07-26-12-13-50-0400__CAM_FRONT__1532621995512404.jpg", "samples/CAM_FRONT_RIGHT/n008-2018-07-26-12-13-50-0400__CAM_FRONT_RIGHT__1532621995520482.jpg", "samples/CAM_BACK_LEFT/n008-2018-07-26-12-13-50-0400__CAM_BACK_LEFT__1532621995547405.jpg", "samples/CAM_BACK/n008-2018-07-26-12-13-50-0400__CAM_BACK__1532621995537558.jpg", "samples/CAM_BACK_RIGHT/n008-2018-07-26-12-13-50-0400__CAM_BACK_RIGHT__1532621995528113.jpg"], "intrinsics": [[[1257.8625342125129, 0.0, 827.2410631095686], [0.0, 1257.8625342125129, 450.915498205774], [0.0, 0.0, 1.0]], [[1252.8131021185304, 0.0, 826.588114781398], [0.0, 1252.8131021185304, 469.9846626224581], [0.0, 0.0, 1.0]], [[1256.7485116440405, 0.0, 817.7887570959712], [0.0, 1256.7485116440403, 451.9541780095127], [0.0, 0.0, 1.0]], [[1254.9860565800168, 0.0, 829.5769333630991], [0.0, 1254.9860565800168, 467.1680561863987], [0.0, 0.0, 1.0]], [[796.8910634503094, 0.0, 857.7774326863696], [0.0, 796.8910634503094, 476.8848988407415], [0.0, 0.0, 1.0]], [[1249.9629280788233, 0.0, 825.3768045375984], [0.0, 1249.9629280788233, 462.54816385708756], [0.0, 0.0, 1.0]]], "extrinsics": [[[0.8224086761474609, -0.5687944293022156, 0.010813526809215546, -0.8037109375], [0.020981604233384132, 0.011330986395478249, -0.9997156262397766, 1.4934005737304688], [0.5685102343559265, 0.8224017024040222, 0.021252920851111412, -1.19573974609375], [0.0, 0.0, 0.0, 1.0]], [[0.010238614864647388, -0.9999231696128845, -0.006994777824729681, 0.0084228515625], [0.022978996858000755, 0.007228576112538576, -0.9997098445892334, 1.4847564697265625], [0.9996835589408875, 0.010074908845126629, 0.023051239550113678, -1.53466796875], [0.0, 0.0, 0.0, 1.0]], [[-0.8437688946723938, -0.5361040234565735, -0.02542792819440365, 0.96142578125], [0.031043240800499916, -0.0014506010338664055, -0.9995169639587402, 1.4978446960449219], [0.5358082056045532, -0.844150722026825, 0.017866378650069237, -1.1944580078125], [0.0, 0.0, 0.0, 1.0]], [[0.947842538356781, 0.31858381628990173, 0.00993596576154232, -1.14111328125], [0.005853269714862108, 0.013769920915365219, -0.9998880624771118, 1.5620613098144531], [-0.31868505477905273, 0.9477946162223816, 0.011186961084604263, -0.1571044921875], [0.0, 0.0, 0.0, 1.0]], [[0.009201668202877045, 0.9999377131462097, 0.0063202534802258015, -0.0286865234375], [0.007955506443977356, 0.006247116252779961, -0.9999487996101379, 1.568516731262207], [-0.9999260306358337, 0.009251443669199944, -0.00789752695709467, -0.0133056640625], [0.0, 0.0, 0.0, 1.0]], [[-0.923529326915741, 0.38313114643096924, -0.017439693212509155, 1.0589599609375], [0.012037784792482853, -0.016492554917931557, -0.9997915029525757, 1.5491447448730469], [-0.3833387494087219, -0.9235466718673706, 0.010619308799505234, -0.0853118896484375], [0.0, 0.0, 0.0, 1.0]]], "view": [[0.0, -2.0, 100.0], [-2.0, 0.0, 100.0], [0.0, 0.0, 1.0]], "bev": "bev_18860d9cd7814208b8286798129cec4a.png", "aux": "aux_18860d9cd7814208b8286798129cec4a.npz", "visibility": "visibility_18860d9cd7814208b8286798129cec4a.png", "pose": [[-0.5895870923995972, 0.8077048063278198, 0.0, 1713.685791015625], [-0.8077048063278198, -0.5895870923995972, 0.0, 1009.9743041992188], [0.0, 0.0, 1.0, 0.0], [0.0, 0.0, 0.0, 1.0]], "pose_inverse": [[-0.5895870923995972, -0.8077048063278198, 0.0, 1826.128173828125], [0.8077048063278198, -0.5895870923995972, 0.0, -788.6844482421875], [0.0, 0.0, 1.0, 0.0], [0.0, 0.0, 0.0, 1.0]], "cam_ids": [0, 1, 2, 3, 4, 5], "cam_channels": ["CAM_FRONT_LEFT", "CAM_FRONT", "CAM_FRONT_RIGHT", "CAM_BACK_LEFT", "CAM_BACK", "CAM_BACK_RIGHT"], "token": "18860d9cd7814208b8286798129cec4a", "scene": "scene-0210"}, {"images": ["samples/CAM_FRONT_LEFT/n008-2018-07-26-12-13-50-0400__CAM_FRONT_LEFT__1532621996004799.jpg", "samples/CAM_FRONT/n008-2018-07-26-12-13-50-0400__CAM_FRONT__1532621996012404.jpg", "samples/CAM_FRONT_RIGHT/n008-2018-07-26-12-13-50-0400__CAM_FRONT_RIGHT__1532621996020482.jpg", "samples/CAM_BACK_LEFT/n008-2018-07-26-12-13-50-0400__CAM_BACK_LEFT__1532621996047405.jpg", "samples/CAM_BACK/n008-2018-07-26-12-13-50-0400__CAM_BACK__1532621996037558.jpg", "samples/CAM_BACK_RIGHT/n008-2018-07-26-12-13-50-0400__CAM_BACK_RIGHT__1532621996028113.jpg"], "intrinsics": [[[1257.8625342125129, 0.0, 827.2410631095686], [0.0, 1257.8625342125129, 450.915498205774], [0.0, 0.0, 1.0]], [[1252.8131021185304, 0.0, 826.588114781398], [0.0, 1252.8131021185304, 469.9846626224581], [0.0, 0.0, 1.0]], [[1256.7485116440405, 0.0, 817.7887570959712], [0.0, 1256.7485116440403, 451.9541780095127], [0.0, 0.0, 1.0]], [[1254.9860565800168, 0.0, 829.5769333630991], [0.0, 1254.9860565800168, 467.1680561863987], [0.0, 0.0, 1.0]], [[796.8910634503094, 0.0, 857.7774326863696], [0.0, 796.8910634503094, 476.8848988407415], [0.0, 0.0, 1.0]], [[1249.9629280788233, 0.0, 825.3768045375984], [0.0, 1249.9629280788233, 462.54816385708756], [0.0, 0.0, 1.0]]], "extrinsics": [[[0.822160542011261, -0.5691593885421753, 0.010472585447132587, -0.7938232421875], [0.01827618107199669, 0.008003832772374153, -0.9998009204864502, 1.4929943084716797], [0.5689622163772583, 0.8221883177757263, 0.016982493922114372, -1.186981201171875], [0.0, 0.0, 0.0, 1.0]], [[0.009757056832313538, -0.9999454617500305, -0.003713601501658559, 0.00701904296875], [0.020279332995414734, 0.003910887986421585, -0.9997867345809937, 1.4844703674316406], [0.9997467994689941, 0.009679591283202171, 0.020316386595368385, -1.5228271484375], [0.0, 0.0, 0.0, 1.0]], [[-0.8440737128257751, -0.5358004570007324, -0.021386411041021347, 0.951416015625], [0.028348419815301895, -0.00476032542064786, -0.9995867609977722, 1.4977340698242188], [0.5354772806167603, -0.8443312644958496, 0.019207162782549858, -1.1900634765625], [0.0, 0.0, 0.0, 1.0]], [[0.9478763937950134, 0.3185822665691376, 0.005980936344712973, -1.1385498046875], [0.002787957200780511, 0.010477500036358833, -0.9999412298202515, 1.5620602369308472], [-0.31862619519233704, 0.9478372931480408, 0.009043180383741856, -0.1578369140625], [0.0, 0.0, 0.0, 1.0]], [[0.00944596715271473, 0.9999508857727051, 0.002987780375406146, -0.02777099609375], [0.005007580853998661, 0.002940572565421462, -0.9999830722808838, 1.568380355834961], [-0.9999428987503052, 0.009460779838263988, -0.0049795592203736305, -0.0194091796875], [0.0, 0.0, 0.0, 1.0]], [[-0.9234127998352051, 0.38346728682518005, -0.016177572309970856, 1.05078125], [0.009293362498283386, -0.019798550754785538, -0.9997608065605164, 1.5489082336425781], [-0.38369569182395935, -0.923342227935791, 0.014718537218868732, -0.09022140502929688], [0.0, 0.0, 0.0, 1.0]]], "view": [[0.0, -2.0, 100.0], [-2.0, 0.0, 100.0], [0.0, 0.0, 1.0]], "bev": "bev_ec1ede533a5b43469669bc28ceb969eb.png", "aux": "aux_ec1ede533a5b43469669bc28ceb969eb.npz", "visibility": "visibility_ec1ede533a5b43469669bc28ceb969eb.png", "pose": [[-0.5850618481636047, 0.8109886646270752, 0.0, 1711.962158203125], [-0.8109886646270752, -0.5850618481636047, 0.0, 1007.5990600585938], [0.0, 0.0, 1.0, 0.0], [0.0, 0.0, 0.0, 1.0]], "pose_inverse": [[-0.5850618481636047, -0.8109886646270752, 0.0, 1818.7552490234375], [0.8109886646270752, -0.5850618481636047, 0.0, -798.8740844726562], [0.0, 0.0, 1.0, 0.0], [0.0, 0.0, 0.0, 1.0]], "cam_ids": [0, 1, 2, 3, 4, 5], "cam_channels": ["CAM_FRONT_LEFT", "CAM_FRONT", "CAM_FRONT_RIGHT", "CAM_BACK_LEFT", "CAM_BACK", "CAM_BACK_RIGHT"], "token": "ec1ede533a5b43469669bc28ceb969eb", "scene": "scene-0210"}, {"images": ["samples/CAM_FRONT_LEFT/n008-2018-07-26-12-13-50-0400__CAM_FRONT_LEFT__1532621996504799.jpg", "samples/CAM_FRONT/n008-2018-07-26-12-13-50-0400__CAM_FRONT__1532621996512404.jpg", "samples/CAM_FRONT_RIGHT/n008-2018-07-26-12-13-50-0400__CAM_FRONT_RIGHT__1532621996520482.jpg", "samples/CAM_BACK_LEFT/n008-2018-07-26-12-13-50-0400__CAM_BACK_LEFT__1532621996547405.jpg", "samples/CAM_BACK/n008-2018-07-26-12-13-50-0400__CAM_BACK__1532621996537558.jpg", "samples/CAM_BACK_RIGHT/n008-2018-07-26-12-13-50-0400__CAM_BACK_RIGHT__1532621996528113.jpg"], "intrinsics": [[[1257.8625342125129, 0.0, 827.2410631095686], [0.0, 1257.8625342125129, 450.915498205774], [0.0, 0.0, 1.0]], [[1252.8131021185304, 0.0, 826.588114781398], [0.0, 1252.8131021185304, 469.9846626224581], [0.0, 0.0, 1.0]], [[1256.7485116440405, 0.0, 817.7887570959712], [0.0, 1256.7485116440403, 451.9541780095127], [0.0, 0.0, 1.0]], [[1254.9860565800168, 0.0, 829.5769333630991], [0.0, 1254.9860565800168, 467.1680561863987], [0.0, 0.0, 1.0]], [[796.8910634503094, 0.0, 857.7774326863696], [0.0, 796.8910634503094, 476.8848988407415], [0.0, 0.0, 1.0]], [[1249.9629280788233, 0.0, 825.3768045375984], [0.0, 1249.9629280788233, 462.54816385708756], [0.0, 0.0, 1.0]]], "extrinsics": [[[0.8218904137611389, -0.5695474147796631, 0.010585896670818329, -0.783935546875], [0.015764134004712105, 0.004164534155279398, -0.9998670816421509, 1.4925060272216797], [0.5694276690483093, 0.8219479918479919, 0.012401211075484753, -1.182342529296875], [0.0, 0.0, 0.0, 1.0]], [[0.009377297945320606, -0.9999560117721558, 0.00025199304218403995, 0.009033203125], [0.017764534801244736, -8.537236863048747e-05, -0.9998421669006348, 1.4840927124023438], [0.9997982978820801, 0.009380374103784561, 0.01776295155286789, -1.513916015625], [0.0, 0.0, 0.0, 1.0]], [[-0.8442384600639343, -0.5356970429420471, -0.01703430898487568, 0.9462890625], [0.025831591337919235, -0.00892309844493866, -0.9996264576911926, 1.4975242614746094], [0.5353449583053589, -0.8443630933761597, 0.021371129900217056, -1.1845703125], [0.0, 0.0, 0.0, 1.0]], [[0.9478893876075745, 0.3185941278934479, 0.0019243700662627816, -1.1390380859375], [1.816047733882442e-05, 0.005986053962260485, -0.9999821186065674, 1.5620412826538086], [-0.3185998797416687, 0.9478724002838135, 0.00566833233460784, -0.1578369140625], [0.0, 0.0, 0.0, 1.0]], [[0.009490779601037502, 0.9999539256095886, -0.0014383320230990648, -0.02874755859375], [0.0023138721007853746, -0.001460355706512928, -0.9999962449073792, 1.5682129859924316], [-0.9999523162841797, 0.009487506002187729, -0.002327625174075365, -0.02197265625], [0.0, 0.0, 0.0, 1.0]], [[-0.9234246015548706, 0.38347119092941284, -0.015389153733849525, 1.044921875], [0.006663674954324961, -0.02407209388911724, -0.9996879696846008, 1.548666000366211], [-0.38372188806533813, -0.9232391119003296, 0.019673436880111694, -0.0908203125], [0.0, 0.0, 0.0, 1.0]]], "view": [[0.0, -2.0, 100.0], [-2.0, 0.0, 100.0], [0.0, 0.0, 1.0]], "bev": "bev_c9d0fff0460c4d1e9a339fb66edecbfc.png", "aux": "aux_c9d0fff0460c4d1e9a339fb66edecbfc.npz", "visibility": "visibility_c9d0fff0460c4d1e9a339fb66edecbfc.png", "pose": [[-0.5764996409416199, 0.8170974254608154, 0.0, 1710.1663818359375], [-0.8170974254608154, -0.5764996409416199, 0.0, 1005.09765625], [0.0, 0.0, 1.0, 0.0], [0.0, 0.0, 0.0, 1.0]], "pose_inverse": [[-0.5764996409416199, -0.8170974254608154, 0.0, 1807.1729736328125], [0.8170974254608154, -0.5764996409416199, 0.0, -817.93408203125], [0.0, 0.0, 1.0, 0.0], [0.0, 0.0, 0.0, 1.0]], "cam_ids": [0, 1, 2, 3, 4, 5], "cam_channels": ["CAM_FRONT_LEFT", "CAM_FRONT", "CAM_FRONT_RIGHT", "CAM_BACK_LEFT", "CAM_BACK", "CAM_BACK_RIGHT"], "token": "c9d0fff0460c4d1e9a339fb66edecbfc", "scene": "scene-0210"}, {"images": ["samples/CAM_FRONT_LEFT/n008-2018-07-26-12-13-50-0400__CAM_FRONT_LEFT__1532621997004799.jpg", "samples/CAM_FRONT/n008-2018-07-26-12-13-50-0400__CAM_FRONT__1532621997012404.jpg", "samples/CAM_FRONT_RIGHT/n008-2018-07-26-12-13-50-0400__CAM_FRONT_RIGHT__1532621997020482.jpg", "samples/CAM_BACK_LEFT/n008-2018-07-26-12-13-50-0400__CAM_BACK_LEFT__1532621997047405.jpg", "samples/CAM_BACK/n008-2018-07-26-12-13-50-0400__CAM_BACK__1532621997037558.jpg", "samples/CAM_BACK_RIGHT/n008-2018-07-26-12-13-50-0400__CAM_BACK_RIGHT__1532621997028113.jpg"], "intrinsics": [[[1257.8625342125129, 0.0, 827.2410631095686], [0.0, 1257.8625342125129, 450.915498205774], [0.0, 0.0, 1.0]], [[1252.8131021185304, 0.0, 826.588114781398], [0.0, 1252.8131021185304, 469.9846626224581], [0.0, 0.0, 1.0]], [[1256.7485116440405, 0.0, 817.7887570959712], [0.0, 1256.7485116440403, 451.9541780095127], [0.0, 0.0, 1.0]], [[1254.9860565800168, 0.0, 829.5769333630991], [0.0, 1254.9860565800168, 467.1680561863987], [0.0, 0.0, 1.0]], [[796.8910634503094, 0.0, 857.7774326863696], [0.0, 796.8910634503094, 476.8848988407415], [0.0, 0.0, 1.0]], [[1249.9629280788233, 0.0, 825.3768045375984], [0.0, 1249.9629280788233, 462.54816385708756], [0.0, 0.0, 1.0]]], "extrinsics": [[[0.8218215107917786, -0.5696406364440918, 0.010910789482295513, -0.773193359375], [0.013749471865594387, 0.0006843875744380057, -0.9999052286148071, 1.4921607971191406], [0.5695791840553284, 0.821893572807312, 0.008394702337682247, -1.173675537109375], [0.0, 0.0, 0.0, 1.0]], [[0.009223973378539085, -0.9999508857727051, 0.0036405804567039013, 0.0079345703125], [0.01566554233431816, -0.0034957833122462034, -0.9998711347579956, 1.4838008880615234], [0.9998347163200378, 0.009279855526983738, 0.015632526949048042, -1.5028076171875], [0.0, 0.0, 0.0, 1.0]], [[-0.8443573713302612, -0.5356127023696899, -0.013400984928011894, 0.93896484375], [0.023642323911190033, -0.01225949265062809, -0.9996452331542969, 1.497314453125], [0.5352584719657898, -0.8443747758865356, 0.023014523088932037, -1.1815185546875], [0.0, 0.0, 0.0, 1.0]], [[0.9478967785835266, 0.31857627630233765, -0.0009407559991814196, -1.1363525390625], [-0.0019082974176853895, 0.0027249932754784822, -0.9999944567680359, 1.5620269775390625], [-0.31857186555862427, 0.9478933215141296, 0.003190951654687524, -0.1588134765625], [0.0, 0.0, 0.0, 1.0]], [[0.00956894550472498, 0.9999431371688843, -0.004728238098323345, -0.02801513671875], [0.0002850940509233624, -0.004731180611997843, -0.9999887347221375, 1.5680809020996094], [-0.9999542236328125, 0.009567423723638058, -0.0003303500125184655, -0.02587890625], [0.0, 0.0, 0.0, 1.0]], [[-0.9234001040458679, 0.3835572302341461, -0.014698646031320095, 1.040771484375], [0.0045439559035003185, -0.02736775204539299, -0.9996151328086853, 1.54840087890625], [-0.383811891078949, -0.9231114387512207, 0.02352851629257202, -0.09362030029296875], [0.0, 0.0, 0.0, 1.0]]], "view": [[0.0, -2.0, 100.0], [-2.0, 0.0, 100.0], [0.0, 0.0, 1.0]], "bev": "bev_7b9be42e4c7f4527ad226a2b9f91a831.png", "aux": "aux_7b9be42e4c7f4527ad226a2b9f91a831.npz", "visibility": "visibility_7b9be42e4c7f4527ad226a2b9f91a831.png", "pose": [[-0.5650190114974976, 0.8250778913497925, 0.0, 1708.332275390625], [-0.8250778913497925, -0.5650190114974976, 0.0, 1002.4786376953125], [0.0, 0.0, 1.0, 0.0], [0.0, 0.0, 0.0, 1.0]], "pose_inverse": [[-0.5650190114974976, -0.8250778913497925, 0.0, 1792.3631591796875], [0.8250778913497925, -0.5650190114974976, 0.0, -843.0877685546875], [0.0, 0.0, 1.0, 0.0], [0.0, 0.0, 0.0, 1.0]], "cam_ids": [0, 1, 2, 3, 4, 5], "cam_channels": ["CAM_FRONT_LEFT", "CAM_FRONT", "CAM_FRONT_RIGHT", "CAM_BACK_LEFT", "CAM_BACK", "CAM_BACK_RIGHT"], "token": "7b9be42e4c7f4527ad226a2b9f91a831", "scene": "scene-0210"}, {"images": ["samples/CAM_FRONT_LEFT/n008-2018-07-26-12-13-50-0400__CAM_FRONT_LEFT__1532621997504799.jpg", "samples/CAM_FRONT/n008-2018-07-26-12-13-50-0400__CAM_FRONT__1532621997512404.jpg", "samples/CAM_FRONT_RIGHT/n008-2018-07-26-12-13-50-0400__CAM_FRONT_RIGHT__1532621997520482.jpg", "samples/CAM_BACK_LEFT/n008-2018-07-26-12-13-50-0400__CAM_BACK_LEFT__1532621997547405.jpg", "samples/CAM_BACK/n008-2018-07-26-12-13-50-0400__CAM_BACK__1532621997537558.jpg", "samples/CAM_BACK_RIGHT/n008-2018-07-26-12-13-50-0400__CAM_BACK_RIGHT__1532621997528113.jpg"], "intrinsics": [[[1257.8625342125129, 0.0, 827.2410631095686], [0.0, 1257.8625342125129, 450.915498205774], [0.0, 0.0, 1.0]], [[1252.8131021185304, 0.0, 826.588114781398], [0.0, 1252.8131021185304, 469.9846626224581], [0.0, 0.0, 1.0]], [[1256.7485116440405, 0.0, 817.7887570959712], [0.0, 1256.7485116440403, 451.9541780095127], [0.0, 0.0, 1.0]], [[1254.9860565800168, 0.0, 829.5769333630991], [0.0, 1254.9860565800168, 467.1680561863987], [0.0, 0.0, 1.0]], [[796.8910634503094, 0.0, 857.7774326863696], [0.0, 796.8910634503094, 476.8848988407415], [0.0, 0.0, 1.0]], [[1249.9629280788233, 0.0, 825.3768045375984], [0.0, 1249.9629280788233, 462.54816385708756], [0.0, 0.0, 1.0]]], "extrinsics": [[[0.8214601874351501, -0.5702115297317505, 0.007874387316405773, -0.7662353515625], [0.010499680414795876, 0.0013172730104997754, -0.9999439716339111, 1.4913311004638672], [0.5701692700386047, 0.821496844291687, 0.007069126237183809, -1.169921875], [0.0, 0.0, 0.0, 1.0]], [[0.00871417298913002, -0.999957799911499, 0.0028942935168743134, 0.009033203125], [0.012352988123893738, -0.002786533674225211, -0.9999198317527771, 1.4831275939941406], [0.9998857378959656, 0.00874919444322586, 0.012328186072409153, -1.4954833984375], [0.0, 0.0, 0.0, 1.0]], [[-0.8445820212364197, -0.5353135466575623, -0.010977085679769516, 0.933349609375], [0.02026408538222313, -0.011470986530184746, -0.999728798866272, 1.4968757629394531], [0.5350424647331238, -0.8445755243301392, 0.020535830408334732, -1.176513671875], [0.0, 0.0, 0.0, 1.0]], [[0.9478948712348938, 0.3185592293739319, -0.0038999172393232584, -1.136474609375], [-0.005374498199671507, 0.0037500886246562004, -0.9999785423278809, 1.5620002746582031], [-0.3185378313064575, 0.9478955268859863, 0.005266787949949503, -0.158447265625], [0.0, 0.0, 0.0, 1.0]], [[0.009663625620305538, 0.999945878982544, -0.0038589276373386383, -0.02850341796875], [-0.0030737631022930145, -0.0038293839897960424, -0.9999879598617554, 1.5678373575210571], [-0.9999486207962036, 0.009675459936261177, 0.0030365900602191687, -0.029296875], [0.0, 0.0, 0.0, 1.0]], [[-0.9233694076538086, 0.38374781608581543, -0.011246991343796253, 1.033935546875], [0.0011540637351572514, -0.026521071791648865, -0.9996475577354431, 1.5479927062988281], [-0.38391074538230896, -0.923056960105896, 0.024045879021286964, -0.09552001953125], [0.0, 0.0, 0.0, 1.0]]], "view": [[0.0, -2.0, 100.0], [-2.0, 0.0, 100.0], [0.0, 0.0, 1.0]], "bev": "bev_1153a25b2986410aab31c98dcb9d4182.png", "aux": "aux_1153a25b2986410aab31c98dcb9d4182.npz", "visibility": "visibility_1153a25b2986410aab31c98dcb9d4182.png", "pose": [[-0.5536569356918335, 0.832744836807251, 0.0, 1706.519775390625], [-0.832744836807251, -0.5536569356918335, 0.0, 999.8275756835938], [0.0, 0.0, 1.0, 0.0], [0.0, 0.0, 0.0, 1.0]], "pose_inverse": [[-0.5536569356918335, -0.832744836807251, 0.0, 1777.4278564453125], [0.832744836807251, -0.5536569356918335, 0.0, -867.5340576171875], [0.0, 0.0, 1.0, 0.0], [0.0, 0.0, 0.0, 1.0]], "cam_ids": [0, 1, 2, 3, 4, 5], "cam_channels": ["CAM_FRONT_LEFT", "CAM_FRONT", "CAM_FRONT_RIGHT", "CAM_BACK_LEFT", "CAM_BACK", "CAM_BACK_RIGHT"], "token": "1153a25b2986410aab31c98dcb9d4182", "scene": "scene-0210"}, {"images": ["samples/CAM_FRONT_LEFT/n008-2018-07-26-12-13-50-0400__CAM_FRONT_LEFT__1532621998004799.jpg", "samples/CAM_FRONT/n008-2018-07-26-12-13-50-0400__CAM_FRONT__1532621998012404.jpg", "samples/CAM_FRONT_RIGHT/n008-2018-07-26-12-13-50-0400__CAM_FRONT_RIGHT__1532621998020482.jpg", "samples/CAM_BACK_LEFT/n008-2018-07-26-12-13-50-0400__CAM_BACK_LEFT__1532621998047405.jpg", "samples/CAM_BACK/n008-2018-07-26-12-13-50-0400__CAM_BACK__1532621998037558.jpg", "samples/CAM_BACK_RIGHT/n008-2018-07-26-12-13-50-0400__CAM_BACK_RIGHT__1532621998028113.jpg"], "intrinsics": [[[1257.8625342125129, 0.0, 827.2410631095686], [0.0, 1257.8625342125129, 450.915498205774], [0.0, 0.0, 1.0]], [[1252.8131021185304, 0.0, 826.588114781398], [0.0, 1252.8131021185304, 469.9846626224581], [0.0, 0.0, 1.0]], [[1256.7485116440405, 0.0, 817.7887570959712], [0.0, 1256.7485116440403, 451.9541780095127], [0.0, 0.0, 1.0]], [[1254.9860565800168, 0.0, 829.5769333630991], [0.0, 1254.9860565800168, 467.1680561863987], [0.0, 0.0, 1.0]], [[796.8910634503094, 0.0, 857.7774326863696], [0.0, 796.8910634503094, 476.8848988407415], [0.0, 0.0, 1.0]], [[1249.9629280788233, 0.0, 825.3768045375984], [0.0, 1249.9629280788233, 462.54816385708756], [0.0, 0.0, 1.0]]], "extrinsics": [[[0.8224307894706726, -0.5688351988792419, 0.005832331255078316, -0.7647705078125], [0.006479367613792419, -0.0008849202422425151, -0.9999786019325256, 1.4901762008666992], [0.5688282251358032, 0.8224510550498962, 0.0029579056426882744, -1.170562744140625], [0.0, 0.0, 0.0, 1.0]], [[0.010120823048055172, -0.9999353885650635, 0.005183076485991478, 0.010009765625], [0.008424719795584679, -0.005097890738397837, -0.9999515414237976, 1.4822025299072266], [0.9999132752418518, 0.01016401406377554, 0.008372578769922256, -1.494140625], [0.0, 0.0, 0.0, 1.0]], [[-0.844022274017334, -0.5362696647644043, -0.006424260325729847, 0.9326171875], [0.016436578705906868, -0.01389239076524973, -0.9997683763504028, 1.4961929321289062], [0.5360562801361084, -0.8439323306083679, 0.02053992450237274, -1.17529296875], [0.0, 0.0, 0.0, 1.0]], [[0.947861909866333, 0.3185703456401825, -0.008419598452746868, -1.1309814453125], [-0.009226430207490921, 0.0010237792739644647, -0.9999569058418274, 1.5619173049926758], [-0.3185479938983917, 0.9478986859321594, 0.003909668419510126, -0.1605224609375], [0.0, 0.0, 0.0, 1.0]], [[0.009196812286973, 0.9999366998672485, -0.006485722027719021, -0.02880859375], [-0.00694914348423481, -0.006421928759664297, -0.9999552369117737, 1.5675272941589355], [-0.9999336004257202, 0.009241516701877117, 0.006889642681926489, -0.033203125], [0.0, 0.0, 0.0, 1.0]], [[-0.9237278699874878, 0.38295236229896545, -0.008622223511338234, 1.0322265625], [-0.0027070266660302877, -0.029035238549113274, -0.9995747208595276, 1.5474700927734375], [-0.3830398917198181, -0.923311710357666, 0.02785732038319111, -0.09564208984375], [0.0, 0.0, 0.0, 1.0]]], "view": [[0.0, -2.0, 100.0], [-2.0, 0.0, 100.0], [0.0, 0.0, 1.0]], "bev": "bev_8cb4206e5e264ac4976a17c946425d46.png", "aux": "aux_8cb4206e5e264ac4976a17c946425d46.npz", "visibility": "visibility_8cb4206e5e264ac4976a17c946425d46.png", "pose": [[-0.5453751087188721, 0.8381921052932739, 0.0, 1704.6888427734375], [-0.8381921052932739, -0.5453751087188721, 0.0, 997.1077270507812], [0.0, 0.0, 1.0, 0.0], [0.0, 0.0, 0.0, 1.0]], "pose_inverse": [[-0.5453751087188721, -0.8381921052932739, 0.0, 1765.462646484375], [0.8381921052932739, -0.5453751087188721, 0.0, -885.0589599609375], [0.0, 0.0, 1.0, 0.0], [0.0, 0.0, 0.0, 1.0]], "cam_ids": [0, 1, 2, 3, 4, 5], "cam_channels": ["CAM_FRONT_LEFT", "CAM_FRONT", "CAM_FRONT_RIGHT", "CAM_BACK_LEFT", "CAM_BACK", "CAM_BACK_RIGHT"], "token": "8cb4206e5e264ac4976a17c946425d46", "scene": "scene-0210"}, {"images": ["samples/CAM_FRONT_LEFT/n008-2018-07-26-12-13-50-0400__CAM_FRONT_LEFT__1532621998504799.jpg", "samples/CAM_FRONT/n008-2018-07-26-12-13-50-0400__CAM_FRONT__1532621998512407.jpg", "samples/CAM_FRONT_RIGHT/n008-2018-07-26-12-13-50-0400__CAM_FRONT_RIGHT__1532621998520482.jpg", "samples/CAM_BACK_LEFT/n008-2018-07-26-12-13-50-0400__CAM_BACK_LEFT__1532621998547405.jpg", "samples/CAM_BACK/n008-2018-07-26-12-13-50-0400__CAM_BACK__1532621998537558.jpg", "samples/CAM_BACK_RIGHT/n008-2018-07-26-12-13-50-0400__CAM_BACK_RIGHT__1532621998528113.jpg"], "intrinsics": [[[1257.8625342125129, 0.0, 827.2410631095686], [0.0, 1257.8625342125129, 450.915498205774], [0.0, 0.0, 1.0]], [[1252.8131021185304, 0.0, 826.588114781398], [0.0, 1252.8131021185304, 469.9846626224581], [0.0, 0.0, 1.0]], [[1256.7485116440405, 0.0, 817.7887570959712], [0.0, 1256.7485116440403, 451.9541780095127], [0.0, 0.0, 1.0]], [[1254.9860565800168, 0.0, 829.5769333630991], [0.0, 1254.9860565800168, 467.1680561863987], [0.0, 0.0, 1.0]], [[796.8910634503094, 0.0, 857.7774326863696], [0.0, 796.8910634503094, 476.8848988407415], [0.0, 0.0, 1.0]], [[1249.9629280788233, 0.0, 825.3768045375984], [0.0, 1249.9629280788233, 462.54816385708756], [0.0, 0.0, 1.0]]], "extrinsics": [[[0.8227842450141907, -0.5682867765426636, 0.008733871392905712, -0.7691650390625], [0.009125862270593643, -0.002155374037101865, -0.9999560117721558, 1.4909114837646484], [0.5682806372642517, 0.8228278160095215, 0.0034126986283808947, -1.170501708984375], [0.0, 0.0, 0.0, 1.0]], [[0.010656505823135376, -0.9999241232872009, 0.006190252024680376, 0.0079345703125], [0.011201339773833752, -0.006070843432098627, -0.9999188184738159, 1.4828319549560547], [0.9998804330825806, 0.010725022293627262, 0.011135794222354889, -1.49658203125], [0.0, 0.0, 0.0, 1.0]], [[-0.8437600135803223, -0.5366529822349548, -0.008524108678102493, 0.932861328125], [0.019351910799741745, -0.014547127299010754, -0.9997068643569946, 1.4966888427734375], [0.5363717079162598, -0.8436776995658875, 0.02265954203903675, -1.17724609375], [0.0, 0.0, 0.0, 1.0]], [[0.9478715658187866, 0.318615585565567, -0.004862796515226364, -1.12841796875], [-0.0055425940081477165, 0.0012270223814994097, -0.9999838471412659, 1.5619535446166992], [-0.31860455870628357, 0.9478832483291626, 0.0029290153179317713, -0.1611328125], [0.0, 0.0, 0.0, 1.0]], [[0.00901537761092186, 0.9999379515647888, -0.006555917207151651, -0.02801513671875], [-0.0035992013290524483, -0.006523690652102232, -0.9999722242355347, 1.5677776336669922], [-0.9999528527259827, 0.009038783609867096, 0.003540164092555642, -0.034423828125], [0.0, 0.0, 0.0, 1.0]], [[-0.9238289594650269, 0.38262754678726196, -0.011670338921248913, 1.0325927734375], [0.0004325937479734421, -0.02944282628595829, -0.999566376209259, 1.5478763580322266], [-0.38280510902404785, -0.9234334826469421, 0.027034614235162735, -0.0966644287109375], [0.0, 0.0, 0.0, 1.0]]], "view": [[0.0, -2.0, 100.0], [-2.0, 0.0, 100.0], [0.0, 0.0, 1.0]], "bev": "bev_5cfbb224e0f14313a0aa2d404ee4d815.png", "aux": "aux_5cfbb224e0f14313a0aa2d404ee4d815.npz", "visibility": "visibility_5cfbb224e0f14313a0aa2d404ee4d815.png", "pose": [[-0.5508041381835938, 0.83463454246521, 0.0, 1702.929931640625], [-0.83463454246521, -0.5508041381835938, 0.0, 994.4647216796875], [0.0, 0.0, 1.0, 0.0], [0.0, 0.0, 0.0, 1.0]], "pose_inverse": [[-0.5508041381835938, -0.83463454246521, 0.0, 1767.9954833984375], [0.83463454246521, -0.5508041381835938, 0.0, -873.56884765625], [0.0, 0.0, 1.0, 0.0], [0.0, 0.0, 0.0, 1.0]], "cam_ids": [0, 1, 2, 3, 4, 5], "cam_channels": ["CAM_FRONT_LEFT", "CAM_FRONT", "CAM_FRONT_RIGHT", "CAM_BACK_LEFT", "CAM_BACK", "CAM_BACK_RIGHT"], "token": "5cfbb224e0f14313a0aa2d404ee4d815", "scene": "scene-0210"}, {"images": ["samples/CAM_FRONT_LEFT/n008-2018-07-26-12-13-50-0400__CAM_FRONT_LEFT__1532621999004799.jpg", "samples/CAM_FRONT/n008-2018-07-26-12-13-50-0400__CAM_FRONT__1532621999012404.jpg", "samples/CAM_FRONT_RIGHT/n008-2018-07-26-12-13-50-0400__CAM_FRONT_RIGHT__1532621999020482.jpg", "samples/CAM_BACK_LEFT/n008-2018-07-26-12-13-50-0400__CAM_BACK_LEFT__1532621999047405.jpg", "samples/CAM_BACK/n008-2018-07-26-12-13-50-0400__CAM_BACK__1532621999037558.jpg", "samples/CAM_BACK_RIGHT/n008-2018-07-26-12-13-50-0400__CAM_BACK_RIGHT__1532621999028113.jpg"], "intrinsics": [[[1257.8625342125129, 0.0, 827.2410631095686], [0.0, 1257.8625342125129, 450.915498205774], [0.0, 0.0, 1.0]], [[1252.8131021185304, 0.0, 826.588114781398], [0.0, 1252.8131021185304, 469.9846626224581], [0.0, 0.0, 1.0]], [[1256.7485116440405, 0.0, 817.7887570959712], [0.0, 1256.7485116440403, 451.9541780095127], [0.0, 0.0, 1.0]], [[1254.9860565800168, 0.0, 829.5769333630991], [0.0, 1254.9860565800168, 467.1680561863987], [0.0, 0.0, 1.0]], [[796.8910634503094, 0.0, 857.7774326863696], [0.0, 796.8910634503094, 476.8848988407415], [0.0, 0.0, 1.0]], [[1249.9629280788233, 0.0, 825.3768045375984], [0.0, 1249.9629280788233, 462.54816385708756], [0.0, 0.0, 1.0]]], "extrinsics": [[[0.8228575587272644, -0.5682211518287659, 0.005489379167556763, -0.775146484375], [0.008209729567170143, 0.0022284584119915962, -0.9999638199806213, 1.4905767440795898], [0.568188488483429, 0.8228728175163269, 0.0064986455254256725, -1.176300048828125], [0.0, 0.0, 0.0, 1.0]], [[0.010606967844069004, -0.9999420642852783, 0.0018536702264100313, 0.008544921875], [0.010080787353217602, -0.0017467477591708302, -0.9999476671218872, 1.4824962615966797], [0.9998928904533386, 0.010625128634274006, 0.010061674751341343, -1.50341796875], [0.0, 0.0, 0.0, 1.0]], [[-0.843896210193634, -0.5364192128181458, -0.009685125201940536, 0.93798828125], [0.01801440864801407, -0.010289059020578861, -0.9997847676277161, 1.4963340759277344], [0.5362040996551514, -0.843889057636261, 0.01834617182612419, -1.180419921875], [0.0, 0.0, 0.0, 1.0]], [[0.9478761553764343, 0.3185936212539673, -0.0053857495076954365, -1.1297607421875], [-0.007523213513195515, 0.0054789455607533455, -0.9999566674232483, 1.5619354248046875], [-0.31855034828186035, 0.9478756785392761, 0.0075902086682617664, -0.16064453125], [0.0, 0.0, 0.0, 1.0]], [[0.009229362942278385, 0.9999547600746155, -0.002337823621928692, -0.02789306640625], [-0.005387328565120697, -0.0022881648037582636, -0.9999828338623047, 1.5676555633544922], [-0.99994295835495, 0.009241752326488495, 0.005365965887904167, -0.03125], [0.0, 0.0, 0.0, 1.0]], [[-0.9237034320831299, 0.3830109238624573, -0.008638313971459866, 1.0372314453125], [-0.0011025528656318784, -0.025205537676811218, -0.9996816515922546, 1.5476551055908203], [-0.38310667872428894, -0.9233999252319336, 0.023704731836915016, -0.09527587890625], [0.0, 0.0, 0.0, 1.0]]], "view": [[0.0, -2.0, 100.0], [-2.0, 0.0, 100.0], [0.0, 0.0, 1.0]], "bev": "bev_ef8abba2cb1844dcb2549b5412c73943.png", "aux": "aux_ef8abba2cb1844dcb2549b5412c73943.npz", "visibility": "visibility_ef8abba2cb1844dcb2549b5412c73943.png", "pose": [[-0.5587692260742188, 0.8293232321739197, 0.0, 1701.132080078125], [-0.8293232321739197, -0.5587692260742188, 0.0, 991.8197021484375], [0.0, 0.0, 1.0, 0.0], [0.0, 0.0, 0.0, 1.0]], "pose_inverse": [[-0.5587692260742188, -0.8293232321739197, 0.0, 1773.079345703125], [0.8293232321739197, -0.5587692260742188, 0.0, -856.5900268554688], [0.0, 0.0, 1.0, 0.0], [0.0, 0.0, 0.0, 1.0]], "cam_ids": [0, 1, 2, 3, 4, 5], "cam_channels": ["CAM_FRONT_LEFT", "CAM_FRONT", "CAM_FRONT_RIGHT", "CAM_BACK_LEFT", "CAM_BACK", "CAM_BACK_RIGHT"], "token": "ef8abba2cb1844dcb2549b5412c73943", "scene": "scene-0210"}, {"images": ["samples/CAM_FRONT_LEFT/n008-2018-07-26-12-13-50-0400__CAM_FRONT_LEFT__1532621999504799.jpg", "samples/CAM_FRONT/n008-2018-07-26-12-13-50-0400__CAM_FRONT__1532621999512404.jpg", "samples/CAM_FRONT_RIGHT/n008-2018-07-26-12-13-50-0400__CAM_FRONT_RIGHT__1532621999520482.jpg", "samples/CAM_BACK_LEFT/n008-2018-07-26-12-13-50-0400__CAM_BACK_LEFT__1532621999547405.jpg", "samples/CAM_BACK/n008-2018-07-26-12-13-50-0400__CAM_BACK__1532621999537558.jpg", "samples/CAM_BACK_RIGHT/n008-2018-07-26-12-13-50-0400__CAM_BACK_RIGHT__1532621999528113.jpg"], "intrinsics": [[[1257.8625342125129, 0.0, 827.2410631095686], [0.0, 1257.8625342125129, 450.915498205774], [0.0, 0.0, 1.0]], [[1252.8131021185304, 0.0, 826.588114781398], [0.0, 1252.8131021185304, 469.9846626224581], [0.0, 0.0, 1.0]], [[1256.7485116440405, 0.0, 817.7887570959712], [0.0, 1256.7485116440403, 451.9541780095127], [0.0, 0.0, 1.0]], [[1254.9860565800168, 0.0, 829.5769333630991], [0.0, 1254.9860565800168, 467.1680561863987], [0.0, 0.0, 1.0]], [[796.8910634503094, 0.0, 857.7774326863696], [0.0, 796.8910634503094, 476.8848988407415], [0.0, 0.0, 1.0]], [[1249.9629280788233, 0.0, 825.3768045375984], [0.0, 1249.9629280788233, 462.54816385708756], [0.0, 0.0, 1.0]]], "extrinsics": [[[0.8225131630897522, -0.5687423348426819, -0.0020600564312189817, -0.7679443359375], [0.0026343786157667637, 0.007431840989738703, -0.9999688863754272, 1.489065408706665], [0.5687400102615356, 0.822482168674469, 0.007611068896949291, -1.16766357421875], [0.0, 0.0, 0.0, 1.0]], [[0.01020939089357853, -0.9999422430992126, -0.0033763775136321783, 0.006591796875], [0.004549281671643257, 0.0034229657612740993, -0.9999837875366211, 1.4812636375427246], [0.9999375343322754, 0.010193886235356331, 0.0045839655213057995, -1.494384765625], [0.0, 0.0, 0.0, 1.0]], [[-0.8440268039703369, -0.5362440943717957, -0.007810904178768396, 0.9310302734375], [0.012529096566140652, -0.005155683495104313, -0.9999081492424011, 1.4954280853271484], [0.5361546277999878, -0.8440472483634949, 0.01107018906623125, -1.1773681640625], [0.0, 0.0, 0.0, 1.0]], [[0.947849690914154, 0.31859055161476135, -0.009003860875964165, -1.129638671875], [-0.01296133454889059, 0.010304044932126999, -0.9998629093170166, 1.561849594116211], [-0.31845414638519287, 0.9478363990783691, 0.013896044343709946, -0.1607666015625], [0.0, 0.0, 0.0, 1.0]], [[0.00922627653926611, 0.999954104423523, 0.0025993671733886003, -0.02777099609375], [-0.01074319239705801, 0.002