[{"images": ["samples/CAM_FRONT_LEFT/n008-2018-09-18-12-53-31-0400__CAM_FRONT_LEFT__1537290201504799.jpg", "samples/CAM_FRONT/n008-2018-09-18-12-53-31-0400__CAM_FRONT__1537290201512404.jpg", "samples/CAM_FRONT_RIGHT/n008-2018-09-18-12-53-31-0400__CAM_FRONT_RIGHT__1537290201520482.jpg", "samples/CAM_BACK_LEFT/n008-2018-09-18-12-53-31-0400__CAM_BACK_LEFT__1537290201547405.jpg", "samples/CAM_BACK/n008-2018-09-18-12-53-31-0400__CAM_BACK__1537290201537558.jpg", "samples/CAM_BACK_RIGHT/n008-2018-09-18-12-53-31-0400__CAM_BACK_RIGHT__1537290201528113.jpg"], "intrinsics": [[[1257.8625342125129, 0.0, 827.2410631095686], [0.0, 1257.8625342125129, 450.915498205774], [0.0, 0.0, 1.0]], [[1252.8131021185304, 0.0, 826.588114781398], [0.0, 1252.8131021185304, 469.9846626224581], [0.0, 0.0, 1.0]], [[1256.7485116440405, 0.0, 817.7887570959712], [0.0, 1256.7485116440403, 451.9541780095127], [0.0, 0.0, 1.0]], [[1254.9860565800168, 0.0, 829.5769333630991], [0.0, 1254.9860565800168, 467.1680561863987], [0.0, 0.0, 1.0]], [[796.8910634503094, 0.0, 857.7774326863696], [0.0, 796.8910634503094, 476.8848988407415], [0.0, 0.0, 1.0]], [[1249.9629280788233, 0.0, 825.3768045375984], [0.0, 1249.9629280788233, 462.54816385708756], [0.0, 0.0, 1.0]]], "extrinsics": [[[0.8226535320281982, -0.568398118019104, -0.012842158786952496, -0.708984375], [0.0075490898452699184, 0.03350621461868286, -0.9994099736213684, 1.4909019470214844], [0.5684930682182312, 0.8220711350440979, 0.031854890286922455, -1.13232421875], [0.0, 0.0, 0.0, 1.0]], [[0.010453205555677414, -0.9995167255401611, -0.02927326038479805, 0.0111083984375], [0.00958974938839674, 0.029373720288276672, -0.9995225071907043, 1.4829292297363281], [0.9998993277549744, 0.010167486034333706, 0.009892166592180729, -1.438812255859375], [0.0, 0.0, 0.0, 1.0]], [[-0.843887984752655, -0.5358863472938538, -0.026054207235574722, 0.8975830078125], [0.017742399126291275, 0.020660996437072754, -0.9996290802955627, 1.4971141815185547], [0.5362258553504944, -0.8440372943878174, -0.00792765710502863, -1.152587890625], [0.0, 0.0, 0.0, 1.0]], [[0.9478955864906311, 0.31854575872421265, 0.0047484650276601315, -1.134857177734375], [-0.007010019849985838, 0.035756491124629974, -0.9993359446525574, 1.5619659423828125], [-0.3185040354728699, 0.9472328424453735, 0.03612643480300903, -0.159423828125], [0.0, 0.0, 0.0, 1.0]], [[0.009173908270895481, 0.9995595812797546, 0.02822284772992134, -0.0286865234375], [-0.005147005897015333, 0.028270861133933067, -0.9995869994163513, 1.5675697326660156], [-0.9999446868896484, 0.009024898521602154, 0.0054040937684476376, -0.045928955078125], [0.0, 0.0, 0.0, 1.0]], [[-0.9237660765647888, 0.38294458389282227, 0.0031123540829867125, 1.00531005859375], [-0.0010584178380668163, 0.005574102979153395, -0.9999839067459106, 1.5476264953613281], [-0.3829557001590729, -0.9237545132637024, -0.004743850789964199, -0.1065673828125], [0.0, 0.0, 0.0, 1.0]]], "view": [[0.0, -2.0, 100.0], [-2.0, 0.0, 100.0], [0.0, 0.0, 1.0]], "bev": "bev_c6305e7ff33a40bdbc1c67252bae24c9.png", "aux": "aux_c6305e7ff33a40bdbc1c67252bae24c9.npz", "visibility": "visibility_c6305e7ff33a40bdbc1c67252bae24c9.png", "pose": [[0.8814277052879333, 0.47231894731521606, 0.0, 528.6461181640625], [-0.47231894731521606, 0.8814277052879333, 0.0, 1686.2823486328125], [0.0, 0.0, 1.0, 0.0], [0.0, 0.0, 0.0, 1.0]], "pose_inverse": [[0.8814277052879333, -0.47231894731521606, 0.0, 330.499755859375], [0.47231894731521606, 0.8814277052879333, 0.0, -1736.0255126953125], [0.0, 0.0, 1.0, 0.0], [0.0, 0.0, 0.0, 1.0]], "cam_ids": [0, 1, 2, 3, 4, 5], "cam_channels": ["CAM_FRONT_LEFT", "CAM_FRONT", "CAM_FRONT_RIGHT", "CAM_BACK_LEFT", "CAM_BACK", "CAM_BACK_RIGHT"], "token": "c6305e7ff33a40bdbc1c67252bae24c9", "scene": "scene-0477"}, {"images": ["samples/CAM_FRONT_LEFT/n008-2018-09-18-12-53-31-0400__CAM_FRONT_LEFT__1537290202004799.jpg", "samples/CAM_FRONT/n008-2018-09-18-12-53-31-0400__CAM_FRONT__1537290202012404.jpg", "samples/CAM_FRONT_RIGHT/n008-2018-09-18-12-53-31-0400__CAM_FRONT_RIGHT__1537290202020482.jpg", "samples/CAM_BACK_LEFT/n008-2018-09-18-12-53-31-0400__CAM_BACK_LEFT__1537290202047405.jpg", "samples/CAM_BACK/n008-2018-09-18-12-53-31-0400__CAM_BACK__1537290202037558.jpg", "samples/CAM_BACK_RIGHT/n008-2018-09-18-12-53-31-0400__CAM_BACK_RIGHT__1537290202028113.jpg"], "intrinsics": [[[1257.8625342125129, 0.0, 827.2410631095686], [0.0, 1257.8625342125129, 450.915498205774], [0.0, 0.0, 1.0]], [[1252.8131021185304, 0.0, 826.588114781398], [0.0, 1252.8131021185304, 469.9846626224581], [0.0, 0.0, 1.0]], [[1256.7485116440405, 0.0, 817.7887570959712], [0.0, 1256.7485116440403, 451.9541780095127], [0.0, 0.0, 1.0]], [[1254.9860565800168, 0.0, 829.5769333630991], [0.0, 1254.9860565800168, 467.1680561863987], [0.0, 0.0, 1.0]], [[796.8910634503094, 0.0, 857.7774326863696], [0.0, 796.8910634503094, 476.8848988407415], [0.0, 0.0, 1.0]], [[1249.9629280788233, 0.0, 825.3768045375984], [0.0, 1249.9629280788233, 462.54816385708756], [0.0, 0.0, 1.0]]], "extrinsics": [[[0.822680652141571, -0.5683413147926331, -0.013596811331808567, -0.7177734375], [0.005706717260181904, 0.03217144310474396, -0.999466061592102, 1.4901657104492188], [0.5684753060340881, 0.8221637606620789, 0.029710182920098305, -1.138916015625], [0.0, 0.0, 0.0, 1.0]], [[0.010465724393725395, -0.999555230140686, -0.02792738378047943, 0.01123046875], [0.007722149603068829, 0.028008872643113136, -0.9995778799057007, 1.4822959899902344], [0.9999154210090637, 0.010245637968182564, 0.008011848665773869, -1.447967529296875], [0.0, 0.0, 0.0, 1.0]], [[-0.8438901305198669, -0.5359935164451599, -0.023672690615057945, 0.90380859375], [0.015805795788764954, 0.019266992807388306, -0.9996894001960754, 1.4965496063232422], [0.5362831950187683, -0.8440021872520447, -0.00778742041438818, -1.1561279296875], [0.0, 0.0, 0.0, 1.0]], [[0.9478914141654968, 0.3185897171497345, 0.0015820178668946028, -1.1400909423828125], [-0.009925063699483871, 0.034492265433073044, -0.999355673789978, 1.5619926452636719], [-0.3184390366077423, 0.9472649097442627, 0.035856943577528, -0.1575927734375], [0.0, 0.0, 0.0, 1.0]], [[0.009169308468699455, 0.9995980262756348, 0.026827773079276085, -0.0289306640625], [-0.00766000198200345, 0.026898330077528954, -0.9996088147163391, 1.5673866271972656], [-0.9999286532402039, 0.008960231207311153, 0.007903560996055603, -0.040557861328125], [0.0, 0.0, 0.0, 1.0]], [[-0.9237974882125854, 0.3828536868095398, 0.004613679368048906, 1.00982666015625], [-0.0032628229819238186, 0.004177646245807409, -0.9999859929084778, 1.5472760200500488], [-0.38286757469177246, -0.9237995743751526, -0.0026101151015609503, -0.104248046875], [0.0, 0.0, 0.0, 1.0]]], "view": [[0.0, -2.0, 100.0], [-2.0, 0.0, 100.0], [0.0, 0.0, 1.0]], "bev": "bev_cc87d9065d4048008477c1a01451c2f7.png", "aux": "aux_cc87d9065d4048008477c1a01451c2f7.npz", "visibility": "visibility_cc87d9065d4048008477c1a01451c2f7.png", "pose": [[0.8818631172180176, 0.4715055525302887, 0.0, 532.1564331054688], [-0.4715055525302887, 0.8818631172180176, 0.0, 1684.361328125], [0.0, 0.0, 1.0, 0.0], [0.0, 0.0, 0.0, 1.0]], "pose_inverse": [[0.8818631172180176, -0.4715055525302887, 0.0, 324.8966064453125], [0.4715055525302887, 0.8818631172180176, 0.0, -1736.290771484375], [0.0, 0.0, 1.0, 0.0], [0.0, 0.0, 0.0, 1.0]], "cam_ids": [0, 1, 2, 3, 4, 5], "cam_channels": ["CAM_FRONT_LEFT", "CAM_FRONT", "CAM_FRONT_RIGHT", "CAM_BACK_LEFT", "CAM_BACK", "CAM_BACK_RIGHT"], "token": "cc87d9065d4048008477c1a01451c2f7", "scene": "scene-0477"}, {"images": ["samples/CAM_FRONT_LEFT/n008-2018-09-18-12-53-31-0400__CAM_FRONT_LEFT__1537290202504799.jpg", "samples/CAM_FRONT/n008-2018-09-18-12-53-31-0400__CAM_FRONT__1537290202512404.jpg", "samples/CAM_FRONT_RIGHT/n008-2018-09-18-12-53-31-0400__CAM_FRONT_RIGHT__1537290202520482.jpg", "samples/CAM_BACK_LEFT/n008-2018-09-18-12-53-31-0400__CAM_BACK_LEFT__1537290202547405.jpg", "samples/CAM_BACK/n008-2018-09-18-12-53-31-0400__CAM_BACK__1537290202537558.jpg", "samples/CAM_BACK_RIGHT/n008-2018-09-18-12-53-31-0400__CAM_BACK_RIGHT__1537290202528113.jpg"], "intrinsics": [[[1257.8625342125129, 0.0, 827.2410631095686], [0.0, 1257.8625342125129, 450.915498205774], [0.0, 0.0, 1.0]], [[1252.8131021185304, 0.0, 826.588114781398], [0.0, 1252.8131021185304, 469.9846626224581], [0.0, 0.0, 1.0]], [[1256.7485116440405, 0.0, 817.7887570959712], [0.0, 1256.7485116440403, 451.9541780095127], [0.0, 0.0, 1.0]], [[1254.9860565800168, 0.0, 829.5769333630991], [0.0, 1254.9860565800168, 467.1680561863987], [0.0, 0.0, 1.0]], [[796.8910634503094, 0.0, 857.7774326863696], [0.0, 796.8910634503094, 476.8848988407415], [0.0, 0.0, 1.0]], [[1249.9629280788233, 0.0, 825.3768045375984], [0.0, 1249.9629280788233, 462.54816385708756], [0.0, 0.0, 1.0]]], "extrinsics": [[[0.8224177956581116, -0.5686674118041992, -0.01569378189742565, -0.720947265625], [0.0012290095910429955, 0.029362967237830162, -0.9995680451393127, 1.4886283874511719], [0.5688825845718384, 0.8220432996749878, 0.024847522377967834, -1.1405029296875], [0.0, 0.0, 0.0, 1.0]], [[0.010025590658187866, -0.9996315836906433, -0.02521965652704239, 0.0107421875], [0.0026328114327043295, 0.025247223675251007, -0.9996777772903442, 1.4808425903320312], [0.9999462366104126, 0.009955991990864277, 0.0028849607333540916, -1.45196533203125], [0.0, 0.0, 0.0, 1.0]], [[-0.8441380262374878, -0.5358432531356812, -0.017405450344085693, 0.90667724609375], [0.010108103975653648, 0.01655249111354351, -0.9998118877410889, 1.4952545166015625], [0.5360305905342102, -0.8441552519798279, -0.008556229062378407, -1.15869140625], [0.0, 0.0, 0.0, 1.0]], [[0.9478544592857361, 0.31866613030433655, -0.004891103133559227, -1.13702392578125], [-0.015805548056960106, 0.03167365491390228, -0.9993733167648315, 1.561920166015625], [-0.318311482667923, 0.9473376870155334, 0.03505870699882507, -0.1585693359375], [0.0, 0.0, 0.0, 1.0]], [[0.00936849880963564, 0.9996678829193115, 0.024008817970752716, -0.0286865234375], [-0.0134019386023283, 0.024133242666721344, -0.9996188879013062, 1.5669136047363281], [-0.9998663663864136, 0.009043188765645027, 0.01362358033657074, -0.040283203125], [0.0, 0.0, 0.0, 1.0]], [[-0.9236875772476196, 0.3830442428588867, 0.008854378014802933, 1.0135498046875], [-0.008977911435067654, 0.0014651709934696555, -0.9999586343765259, 1.5463833808898926], [-0.3830413520336151, -0.923728883266449, 0.0020855769980698824, -0.1033935546875], [0.0, 0.0, 0.0, 1.0]]], "view": [[0.0, -2.0, 100.0], [-2.0, 0.0, 100.0], [0.0, 0.0, 1.0]], "bev": "bev_f95b0741a2764afeb403ac08a1c809ce.png", "aux": "aux_f95b0741a2764afeb403ac08a1c809ce.npz", "visibility": "visibility_f95b0741a2764afeb403ac08a1c809ce.png", "pose": [[0.8822651505470276, 0.4707528352737427, 0.0, 535.6678466796875], [-0.4707528352737427, 0.8822651505470276, 0.0, 1682.445068359375], [0.0, 0.0, 1.0, 0.0], [0.0, 0.0, 0.0, 1.0]], "pose_inverse": [[0.8822651505470276, -0.4707528352737427, 0.0, 319.4147033691406], [0.4707528352737427, 0.8822651505470276, 0.0, -1736.52978515625], [0.0, 0.0, 1.0, 0.0], [0.0, 0.0, 0.0, 1.0]], "cam_ids": [0, 1, 2, 3, 4, 5], "cam_channels": ["CAM_FRONT_LEFT", "CAM_FRONT", "CAM_FRONT_RIGHT", "CAM_BACK_LEFT", "CAM_BACK", "CAM_BACK_RIGHT"], "token": "f95b0741a2764afeb403ac08a1c809ce", "scene": "scene-0477"}, {"images": ["samples/CAM_FRONT_LEFT/n008-2018-09-18-12-53-31-0400__CAM_FRONT_LEFT__1537290203004799.jpg", "samples/CAM_FRONT/n008-2018-09-18-12-53-31-0400__CAM_FRONT__1537290203012404.jpg", "samples/CAM_FRONT_RIGHT/n008-2018-09-18-12-53-31-0400__CAM_FRONT_RIGHT__1537290203020482.jpg", "samples/CAM_BACK_LEFT/n008-2018-09-18-12-53-31-0400__CAM_BACK_LEFT__1537290203047405.jpg", "samples/CAM_BACK/n008-2018-09-18-12-53-31-0400__CAM_BACK__1537290203037558.jpg", "samples/CAM_BACK_RIGHT/n008-2018-09-18-12-53-31-0400__CAM_BACK_RIGHT__1537290203028113.jpg"], "intrinsics": [[[1257.8625342125129, 0.0, 827.2410631095686], [0.0, 1257.8625342125129, 450.915498205774], [0.0, 0.0, 1.0]], [[1252.8131021185304, 0.0, 826.588114781398], [0.0, 1252.8131021185304, 469.9846626224581], [0.0, 0.0, 1.0]], [[1256.7485116440405, 0.0, 817.7887570959712], [0.0, 1256.7485116440403, 451.9541780095127], [0.0, 0.0, 1.0]], [[1254.9860565800168, 0.0, 829.5769333630991], [0.0, 1254.9860565800168, 467.1680561863987], [0.0, 0.0, 1.0]], [[796.8910634503094, 0.0, 857.7774326863696], [0.0, 796.8910634503094, 476.8848988407415], [0.0, 0.0, 1.0]], [[1249.9629280788233, 0.0, 825.3768045375984], [0.0, 1249.9629280788233, 462.54816385708756], [0.0, 0.0, 1.0]]], "extrinsics": [[[0.8225213289260864, -0.5685935616493225, -0.012657223269343376, -0.7364501953125], [0.005919387564063072, 0.030812548473477364, -0.9995076656341553, 1.4901618957519531], [0.5687035322189331, 0.822041392326355, 0.02870970219373703, -1.1497802734375], [0.0, 0.0, 0.0, 1.0]], [[0.010195060633122921, -0.9995913505554199, -0.02670508250594139, 0.009521484375], [0.007964960299432278, 0.0267868023365736, -0.9996094703674316, 1.4822654724121094], [0.9999163150787354, 0.009978409856557846, 0.008234799839556217, -1.466552734375], [0.0, 0.0, 0.0, 1.0]], [[-0.8440148234367371, -0.5358123779296875, -0.023326130583882332, 0.91607666015625], [0.01608213596045971, 0.018188629299402237, -0.9997051954269409, 1.4963932037353516], [0.536078691482544, -0.8441411256790161, -0.006734465714544058, -1.165283203125], [0.0, 0.0, 0.0, 1.0]], [[0.9478815793991089, 0.31861916184425354, 0.0015604281798005104, -1.138031005859375], [-0.009657276794314384, 0.0336245559155941, -0.9993878602981567, 1.5619773864746094], [-0.3184766173362732, 0.9472862482070923, 0.03494909033179283, -0.158203125], [0.0, 0.0, 0.0, 1.0]], [[0.00925174169242382, 0.9996200799942017, 0.025963090360164642, -0.0284423828125], [-0.007228401955217123, 0.02603037655353546, -0.9996349811553955, 1.567474365234375], [-0.9999311566352844, 0.009060662239789963, 0.007466482929885387, -0.035614013671875], [0.0, 0.0, 0.0, 1.0]], [[-0.9237173795700073, 0.38305383920669556, 0.003991233184933662, 1.02142333984375], [-0.0029791435226798058, 0.00323533546179533, -0.9999903440475464, 1.5473613739013672], [-0.38306301832199097, -0.9237203598022461, -0.0018473626114428043, -0.1007080078125], [0.0, 0.0, 0.0, 1.0]]], "view": [[0.0, -2.0, 100.0], [-2.0, 0.0, 100.0], [0.0, 0.0, 1.0]], "bev": "bev_cd45d1b6cc944d499478503004345a03.png", "aux": "aux_cd45d1b6cc944d499478503004345a03.npz", "visibility": "visibility_cd45d1b6cc944d499478503004345a03.png", "pose": [[0.8812588453292847, 0.4726339280605316, 0.0, 539.0308837890625], [-0.4726339280605316, 0.8812588453292847, 0.0, 1680.6163330078125], [0.0, 0.0, 1.0, 0.0], [0.0, 0.0, 0.0, 1.0]], "pose_inverse": [[0.8812588453292847, -0.4726339280605316, 0.0, 319.2905578613281], [0.4726339280605316, 0.8812588453292847, 0.0, -1735.822265625], [0.0, 0.0, 1.0, 0.0], [0.0, 0.0, 0.0, 1.0]], "cam_ids": [0, 1, 2, 3, 4, 5], "cam_channels": ["CAM_FRONT_LEFT", "CAM_FRONT", "CAM_FRONT_RIGHT", "CAM_BACK_LEFT", "CAM_BACK", "CAM_BACK_RIGHT"], "token": "cd45d1b6cc944d499478503004345a03", "scene": "scene-0477"}, {"images": ["samples/CAM_FRONT_LEFT/n008-2018-09-18-12-53-31-0400__CAM_FRONT_LEFT__1537290203504799.jpg", "samples/CAM_FRONT/n008-2018-09-18-12-53-31-0400__CAM_FRONT__1537290203512404.jpg", "samples/CAM_FRONT_RIGHT/n008-2018-09-18-12-53-31-0400__CAM_FRONT_RIGHT__1537290203520482.jpg", "samples/CAM_BACK_LEFT/n008-2018-09-18-12-53-31-0400__CAM_BACK_LEFT__1537290203547405.jpg", "samples/CAM_BACK/n008-2018-09-18-12-53-31-0400__CAM_BACK__1537290203537558.jpg", "samples/CAM_BACK_RIGHT/n008-2018-09-18-12-53-31-0400__CAM_BACK_RIGHT__1537290203528113.jpg"], "intrinsics": [[[1257.8625342125129, 0.0, 827.2410631095686], [0.0, 1257.8625342125129, 450.915498205774], [0.0, 0.0, 1.0]], [[1252.8131021185304, 0.0, 826.588114781398], [0.0, 1252.8131021185304, 469.9846626224581], [0.0, 0.0, 1.0]], [[1256.7485116440405, 0.0, 817.7887570959712], [0.0, 1256.7485116440403, 451.9541780095127], [0.0, 0.0, 1.0]], [[1254.9860565800168, 0.0, 829.5769333630991], [0.0, 1254.9860565800168, 467.1680561863987], [0.0, 0.0, 1.0]], [[796.8910634503094, 0.0, 857.7774326863696], [0.0, 796.8910634503094, 476.8848988407415], [0.0, 0.0, 1.0]], [[1249.9629280788233, 0.0, 825.3768045375984], [0.0, 1249.9629280788233, 462.54816385708756], [0.0, 0.0, 1.0]]], "extrinsics": [[[0.8226816058158875, -0.5682424902915955, -0.017190217971801758, -0.7288818359375], [0.00021948761423118412, 0.03055519238114357, -0.9995330572128296, 1.48828125], [0.5685024261474609, 0.8222936391830444, 0.02526191808283329, -1.14599609375], [0.0, 0.0, 0.0, 1.0]], [[0.010361788794398308, -0.9995972514152527, -0.026417698711156845, 0.010498046875], [0.002233521779999137, 0.026442185044288635, -0.999647855758667, 1.4807205200195312], [0.9999437928199768, 0.01029910333454609, 0.002506611170247197, -1.45947265625], [0.0, 0.0, 0.0, 1.0]], [[-0.8439970016479492, -0.5360379815101624, -0.01822797767817974, 0.91107177734375], [0.010317730717360973, 0.017752470448613167, -0.9997891783714294, 1.4952468872070312], [0.536248505115509, -0.8440071940422058, -0.009452339261770248, -1.1614990234375], [0.0, 0.0, 0.0, 1.0]], [[0.9478661417961121, 0.31865406036376953, -0.003081078175455332, -1.1351318359375], [-0.01430490706115961, 0.03288845717906952, -0.9993566274642944, 1.5619010925292969], [-0.3183477222919464, 0.9473003149032593, 0.035732172429561615, -0.1593017578125], [0.0, 0.0, 0.0, 1.0]], [[0.009266273118555546, 0.9996356964111328, 0.025350579991936684, -0.0286865234375], [-0.012432143092155457, 0.025464875623583794, -0.9995983839035034, 1.5669975280761719], [-0.9998798370361328, 0.008947357535362244, 0.012663578614592552, -0.039764404296875], [0.0, 0.0, 0.0, 1.0]], [[-0.9237582683563232, 0.3828744888305664, 0.008814111351966858, 1.01629638671875], [-0.008419832214713097, 0.002705525141209364, -0.9999608993530273, 1.5464954376220703], [-0.38288331031799316, -0.9237964153289795, 0.0007244876469485462, -0.1021728515625], [0.0, 0.0, 0.0, 1.0]]], "view": [[0.0, -2.0, 100.0], [-2.0, 0.0, 100.0], [0.0, 0.0, 1.0]], "bev": "bev_daadbf3040d74c1ba8b0d1011cf2b48f.png", "aux": "aux_daadbf3040d74c1ba8b0d1011cf2b48f.npz", "visibility": "visibility_daadbf3040d74c1ba8b0d1011cf2b48f.png", "pose": [[0.8801301121711731, 0.47473251819610596, 0.0, 542.4234008789062], [-0.47473251819610596, 0.8801301121711731, 0.0, 1678.768798828125], [0.0, 0.0, 1.0, 0.0], [0.0, 0.0, 0.0, 1.0]], "pose_inverse": [[0.8801301121711731, -0.47473251819610596, 0.0, 319.56292724609375], [0.47473251819610596, 0.8801301121711731, 0.0, -1735.041015625], [0.0, 0.0, 1.0, 0.0], [0.0, 0.0, 0.0, 1.0]], "cam_ids": [0, 1, 2, 3, 4, 5], "cam_channels": ["CAM_FRONT_LEFT", "CAM_FRONT", "CAM_FRONT_RIGHT", "CAM_BACK_LEFT", "CAM_BACK", "CAM_BACK_RIGHT"], "token": "daadbf3040d74c1ba8b0d1011cf2b48f", "scene": "scene-0477"}, {"images": ["samples/CAM_FRONT_LEFT/n008-2018-09-18-12-53-31-0400__CAM_FRONT_LEFT__1537290204004799.jpg", "samples/CAM_FRONT/n008-2018-09-18-12-53-31-0400__CAM_FRONT__1537290204012404.jpg", "samples/CAM_FRONT_RIGHT/n008-2018-09-18-12-53-31-0400__CAM_FRONT_RIGHT__1537290204020482.jpg", "samples/CAM_BACK_LEFT/n008-2018-09-18-12-53-31-0400__CAM_BACK_LEFT__1537290204047405.jpg", "samples/CAM_BACK/n008-2018-09-18-12-53-31-0400__CAM_BACK__1537290204037558.jpg", "samples/CAM_BACK_RIGHT/n008-2018-09-18-12-53-31-0400__CAM_BACK_RIGHT__1537290204028113.jpg"], "intrinsics": [[[1257.8625342125129, 0.0, 827.2410631095686], [0.0, 1257.8625342125129, 450.915498205774], [0.0, 0.0, 1.0]], [[1252.8131021185304, 0.0, 826.588114781398], [0.0, 1252.8131021185304, 469.9846626224581], [0.0, 0.0, 1.0]], [[1256.7485116440405, 0.0, 817.7887570959712], [0.0, 1256.7485116440403, 451.9541780095127], [0.0, 0.0, 1.0]], [[1254.9860565800168, 0.0, 829.5769333630991], [0.0, 1254.9860565800168, 467.1680561863987], [0.0, 0.0, 1.0]], [[796.8910634503094, 0.0, 857.7774326863696], [0.0, 796.8910634503094, 476.8848988407415], [0.0, 0.0, 1.0]], [[1249.9629280788233, 0.0, 825.3768045375984], [0.0, 1249.9629280788233, 462.54816385708756], [0.0, 0.0, 1.0]]], "extrinsics": [[[0.822398841381073, -0.5686710476875305, -0.01653517410159111, -0.7205810546875], [0.0007264423184096813, 0.030114244669675827, -0.9995461702346802, 1.4884796142578125], [0.5689108967781067, 0.8220136761665344, 0.025179026648402214, -1.1390380859375], [0.0, 0.0, 0.0, 1.0]], [[0.009996213018894196, -0.9996125102043152, -0.02598061040043831, 0.009765625], [0.0026447211857885122, 0.026008248329162598, -0.9996582269668579, 1.4808769226074219], [0.9999465942382812, 0.009924051351845264, 0.002903679385781288, -1.4486083984375], [0.0, 0.0, 0.0, 1.0]], [[-0.8441472053527832, -0.5358002185821533, -0.01826520450413227, 0.902099609375], [0.01063703652471304, 0.01732400432229042, -0.9997933506965637, 1.4954338073730469], [0.5360059142112732, -0.8441671133041382, -0.008924683555960655, -1.1563720703125], [0.0, 0.0, 0.0, 1.0]], [[0.9478709101676941, 0.3186390995979309, -0.0031488037202507257, -1.1278533935546875], [-0.01428650226444006, 0.032622963190078735, -0.9993656277656555, 1.561798095703125], [-0.3183342516422272, 0.9473145008087158, 0.03547459468245506, -0.1617431640625], [0.0, 0.0, 0.0, 1.0]], [[0.009377161040902138, 0.9996455311775208, 0.02491876855492592, -0.0284423828125], [-0.01228877529501915, 0.02503318525850773, -0.9996110200881958, 1.5669097900390625], [-0.9998806118965149, 0.00906731653958559, 0.012519159354269505, -0.04852294921875], [0.0, 0.0, 0.0, 1.0]], [[-0.9236790537834167, 0.3830731511116028, 0.008489390835165977, 1.0074462890625], [-0.00824715942144394, 0.0022746354807168245, -0.9999634027481079, 1.5464425086975098], [-0.3830784261226654, -0.9237152338027954, 0.0010582320392131805, -0.106201171875], [0.0, 0.0, 0.0, 1.0]]], "view": [[0.0, -2.0, 100.0], [-2.0, 0.0, 100.0], [0.0, 0.0, 1.0]], "bev": "bev_4cb50606067f4f0bac079f0944494842.png", "aux": "aux_4cb50606067f4f0bac079f0944494842.npz", "visibility": "visibility_4cb50606067f4f0bac079f0944494842.png", "pose": [[0.8786893486976624, 0.4773940443992615, 0.0, 545.7689208984375], [-0.4773940443992615, 0.8786893486976624, 0.0, 1676.9217529296875], [0.0, 0.0, 1.0, 0.0], [0.0, 0.0, 0.0, 1.0]], "pose_inverse": [[0.8786893486976624, -0.4773940443992615, 0.0, 320.9911193847656], [0.4773940443992615, 0.8786893486976624, 0.0, -1734.0400390625], [0.0, 0.0, 1.0, 0.0], [0.0, 0.0, 0.0, 1.0]], "cam_ids": [0, 1, 2, 3, 4, 5], "cam_channels": ["CAM_FRONT_LEFT", "CAM_FRONT", "CAM_FRONT_RIGHT", "CAM_BACK_LEFT", "CAM_BACK", "CAM_BACK_RIGHT"], "token": "4cb50606067f4f0bac079f0944494842", "scene": "scene-0477"}, {"images": ["samples/CAM_FRONT_LEFT/n008-2018-09-18-12-53-31-0400__CAM_FRONT_LEFT__1537290204504799.jpg", "samples/CAM_FRONT/n008-2018-09-18-12-53-31-0400__CAM_FRONT__1537290204512404.jpg", "samples/CAM_FRONT_RIGHT/n008-2018-09-18-12-53-31-0400__CAM_FRONT_RIGHT__1537290204520482.jpg", "samples/CAM_BACK_LEFT/n008-2018-09-18-12-53-31-0400__CAM_BACK_LEFT__1537290204547405.jpg", "samples/CAM_BACK/n008-2018-09-18-12-53-31-0400__CAM_BACK__1537290204537558.jpg", "samples/CAM_BACK_RIGHT/n008-2018-09-18-12-53-31-0400__CAM_BACK_RIGHT__1537290204528113.jpg"], "intrinsics": [[[1257.8625342125129, 0.0, 827.2410631095686], [0.0, 1257.8625342125129, 450.915498205774], [0.0, 0.0, 1.0]], [[1252.8131021185304, 0.0, 826.588114781398], [0.0, 1252.8131021185304, 469.9846626224581], [0.0, 0.0, 1.0]], [[1256.7485116440405, 0.0, 817.7887570959712], [0.0, 1256.7485116440403, 451.9541780095127], [0.0, 0.0, 1.0]], [[1254.9860565800168, 0.0, 829.5769333630991], [0.0, 1254.9860565800168, 467.1680561863987], [0.0, 0.0, 1.0]], [[796.8910634503094, 0.0, 857.7774326863696], [0.0, 796.8910634503094, 476.8848988407415], [0.0, 0.0, 1.0]], [[1249.9629280788233, 0.0, 825.3768045375984], [0.0, 1249.9629280788233, 462.54816385708756], [0.0, 0.0, 1.0]]], "extrinsics": [[[0.8223142027854919, -0.5688608884811401, -0.0140275489538908, -0.7286376953125], [0.003803692990913987, 0.030146043747663498, -0.999538242816925, 1.4895057678222656], [0.5690211057662964, 0.821881115436554, 0.026953289285302162, -1.14453125], [0.0, 0.0, 0.0, 1.0]], [[0.009858021512627602, -0.999614417552948, -0.025957070291042328, 0.0098876953125], [0.005726007744669914, 0.026014339178800583, -0.9996451735496521, 1.4817123413085938], [0.9999350309371948, 0.009705925360321999, 0.005980249959975481, -1.45721435546875], [0.0, 0.0, 0.0, 1.0]], [[-0.8441864848136902, -0.5356450080871582, -0.02082848735153675, 0.90875244140625], [0.013685395009815693, 0.017306972295045853, -0.9997565746307373, 1.4960098266601562], [0.5358750224113464, -0.8442659974098206, -0.007279799319803715, -1.1607666015625], [0.0, 0.0, 0.0, 1.0]], [[0.9478886127471924, 0.31860148906707764, -0.0006149322143755853, -1.132843017578125], [-0.011586292646825314, 0.03254205733537674, -0.9994032382965088, 1.5619049072265625], [-0.318391352891922, 0.9473299980163574, 0.034537654370069504, -0.1600341796875], [0.0, 0.0, 0.0, 1.0]], [[0.00940019078552723, 0.9996466636657715, 0.024863867089152336, -0.028564453125], [-0.009378666058182716, 0.024952011182904243, -0.9996446371078491, 1.5672340393066406], [-0.999911904335022, 0.009163654409348965, 0.009609906002879143, -0.042266845703125], [0.0, 0.0, 0.0, 1.0]], [[-0.9236422777175903, 0.3832121193408966, 0.005781108513474464, 1.0140380859375], [-0.005332506261765957, 0.0022329234052449465, -0.9999832510948181, 1.546966552734375], [-0.3832186162471771, -0.9236575961112976, -1.894075467134826e-05, -0.1033935546875], [0.0, 0.0, 0.0, 1.0]]], "view": [[0.0, -2.0, 100.0], [-2.0, 0.0, 100.0], [0.0, 0.0, 1.0]], "bev": "bev_36d9e06ab0fa4ed2bc80a839792818f0.png", "aux": "aux_36d9e06ab0fa4ed2bc80a839792818f0.npz", "visibility": "visibility_36d9e06ab0fa4ed2bc80a839792818f0.png", "pose": [[0.8777824640274048, 0.47905948758125305, 0.0, 549.0745849609375], [-0.47905948758125305, 0.8777824640274048, 0.0, 1675.0931396484375], [0.0, 0.0, 1.0, 0.0], [0.0, 0.0, 0.0, 1.0]], "pose_inverse": [[0.8777824640274048, -0.47905948758125305, 0.0, 320.501220703125], [0.47905948758125305, 0.8777824640274048, 0.0, -1733.40673828125], [0.0, 0.0, 1.0, 0.0], [0.0, 0.0, 0.0, 1.0]], "cam_ids": [0, 1, 2, 3, 4, 5], "cam_channels": ["CAM_FRONT_LEFT", "CAM_FRONT", "CAM_FRONT_RIGHT", "CAM_BACK_LEFT", "CAM_BACK", "CAM_BACK_RIGHT"], "token": "36d9e06ab0fa4ed2bc80a839792818f0", "scene": "scene-0477"}, {"images": ["samples/CAM_FRONT_LEFT/n008-2018-09-18-12-53-31-0400__CAM_FRONT_LEFT__1537290205004799.jpg", "samples/CAM_FRONT/n008-2018-09-18-12-53-31-0400__CAM_FRONT__1537290205012404.jpg", "samples/CAM_FRONT_RIGHT/n008-2018-09-18-12-53-31-0400__CAM_FRONT_RIGHT__1537290205020482.jpg", "samples/CAM_BACK_LEFT/n008-2018-09-18-12-53-31-0400__CAM_BACK_LEFT__1537290205047405.jpg", "samples/CAM_BACK/n008-2018-09-18-12-53-31-0400__CAM_BACK__1537290205037558.jpg", "samples/CAM_BACK_RIGHT/n008-2018-09-18-12-53-31-0400__CAM_BACK_RIGHT__1537290205028113.jpg"], "intrinsics": [[[1257.8625342125129, 0.0, 827.2410631095686], [0.0, 1257.8625342125129, 450.915498205774], [0.0, 0.0, 1.0]], [[1252.8131021185304, 0.0, 826.588114781398], [0.0, 1252.8131021185304, 469.9846626224581], [0.0, 0.0, 1.0]], [[1256.7485116440405, 0.0, 817.7887570959712], [0.0, 1256.7485116440403, 451.9541780095127], [0.0, 0.0, 1.0]], [[1254.9860565800168, 0.0, 829.5769333630991], [0.0, 1254.9860565800168, 467.1680561863987], [0.0, 0.0, 1.0]], [[796.8910634503094, 0.0, 857.7774326863696], [0.0, 796.8910634503094, 476.8848988407415], [0.0, 0.0, 1.0]], [[1249.9629280788233, 0.0, 825.3768045375984], [0.0, 1249.9629280788233, 462.54816385708756], [0.0, 0.0, 1.0]]], "extrinsics": [[[0.8225588202476501, -0.5685031414031982, -0.014185634441673756, -0.7244873046875], [0.0047399732284247875, 0.03179790452122688, -0.999483048915863, 1.4898414611816406], [0.568660318851471, 0.8220663666725159, 0.028850331902503967, -1.1417236328125], [0.0, 0.0, 0.0, 1.0]], [[0.010212982073426247, -0.9995649456977844, -0.027670947834849358, 0.0098876953125], [0.006767183542251587, 0.027740849182009697, -0.9995922446250916, 1.482025146484375], [0.9999249577522278, 0.01002153754234314, 0.0070475563406944275, -1.453460693359375], [0.0, 0.0, 0.0, 1.0]], [[-0.8440526127815247, -0.535775899887085, -0.022791512310504913, 0.9061279296875], [0.014864897355437279, 0.019108876585960388, -0.9997068643569946, 1.4963092803955078], [0.5360543727874756, -0.8441439867019653, -0.008164643310010433, -1.158935546875], [0.0, 0.0, 0.0, 1.0]], [[0.9478951692581177, 0.3185795247554779, 0.0013742678565904498, -1.129852294921875], [-0.010022199712693691, 0.03413085639476776, -0.9993671178817749, 1.5618896484375], [-0.318424791097641, 0.9472814202308655, 0.03554534167051315, -0.1610107421875], [0.0, 0.0, 0.0, 1.0]], [[0.009336400777101517, 0.9996023178100586, 0.02660820446908474, -0.0284423828125], [-0.008126950822770596, 0.026684340089559555, -0.9996108412742615, 1.5673255920410156], [-0.9999233484268188, 0.00911648478358984, 0.008372853510081768, -0.04510498046875], [0.0, 0.0, 0.0, 1.0]], [[-0.9236815571784973, 0.3831242620944977, 0.005301820579916239, 1.01177978515625], [-0.004072562325745821, 0.004019537474960089, -0.9999836683273315, 1.5471491813659668], [-0.3831392526626587, -0.9236880540847778, -0.002152475295588374, -0.1044921875], [0.0, 0.0, 0.0, 1.0]]], "view": [[0.0, -2.0, 100.0], [-2.0, 0.0, 100.0], [0.0, 0.0, 1.0]], "bev": "bev_cc6c09e091844e2fb415f002894db556.png", "aux": "aux_cc6c09e091844e2fb415f002894db556.npz", "visibility": "visibility_cc6c09e091844e2fb415f002894db556.png", "pose": [[0.8761261701583862, 0.48208191990852356, 0.0, 552.3720703125], [-0.48208191990852356, 0.8761261701583862, 0.0, 1673.2508544921875], [0.0, 0.0, 1.0, 0.0], [0.0, 0.0, 0.0, 1.0]], "pose_inverse": [[0.8761261701583862, -0.48208191990852356, 0.0, 322.6963806152344], [0.48208191990852356, 0.8761261701583862, 0.0, -1732.2674560546875], [0.0, 0.0, 1.0, 0.0], [0.0, 0.0, 0.0, 1.0]], "cam_ids": [0, 1, 2, 3, 4, 5], "cam_channels": ["CAM_FRONT_LEFT", "CAM_FRONT", "CAM_FRONT_RIGHT", "CAM_BACK_LEFT", "CAM_BACK", "CAM_BACK_RIGHT"], "token": "cc6c09e091844e2fb415f002894db556", "scene": "scene-0477"}, {"images": ["samples/CAM_FRONT_LEFT/n008-2018-09-18-12-53-31-0400__CAM_FRONT_LEFT__1537290205504799.jpg", "samples/CAM_FRONT/n008-2018-09-18-12-53-31-0400__CAM_FRONT__1537290205512404.jpg", "samples/CAM_FRONT_RIGHT/n008-2018-09-18-12-53-31-0400__CAM_FRONT_RIGHT__1537290205520482.jpg", "samples/CAM_BACK_LEFT/n008-2018-09-18-12-53-31-0400__CAM_BACK_LEFT__1537290205547405.jpg", "samples/CAM_BACK/n008-2018-09-18-12-53-31-0400__CAM_BACK__1537290205537558.jpg", "samples/CAM_BACK_RIGHT/n008-2018-09-18-12-53-31-0400__CAM_BACK_RIGHT__1537290205528113.jpg"], "intrinsics": [[[1257.8625342125129, 0.0, 827.2410631095686], [0.0, 1257.8625342125129, 450.915498205774], [0.0, 0.0, 1.0]], [[1252.8131021185304, 0.0, 826.588114781398], [0.0, 1252.8131021185304, 469.9846626224581], [0.0, 0.0, 1.0]], [[1256.7485116440405, 0.0, 817.7887570959712], [0.0, 1256.7485116440403, 451.9541780095127], [0.0, 0.0, 1.0]], [[1254.9860565800168, 0.0, 829.5769333630991], [0.0, 1254.9860565800168, 467.1680561863987], [0.0, 0.0, 1.0]], [[796.8910634503094, 0.0, 857.7774326863696], [0.0, 796.8910634503094, 476.8848988407415], [0.0, 0.0, 1.0]], [[1249.9629280788233, 0.0, 825.3768045375984], [0.0, 1249.9629280788233, 462.54816385708756], [0.0, 0.0, 1.0]]], "extrinsics": [[[0.822809100151062, -0.5681359767913818, -0.014380163513123989, -0.7239990234375], [0.004611890763044357, 0.03197714313864708, -0.9994779229164124, 1.4897880554199219], [0.5682992339134216, 0.8223132491111755, 0.0289312656968832, -1.14208984375], [0.0, 0.0, 0.0, 1.0]], [[0.010655703954398632, -0.9995578527450562, -0.02775844745337963, 0.010498046875], [0.006637678947299719, 0.02783011831343174, -0.9995906352996826, 1.4819831848144531], [0.9999212622642517, 0.010467075742781162, 0.006931294221431017, -1.452117919921875], [0.0, 0.0, 0.0, 1.0]], [[-0.8438290357589722, -0.5361326336860657, -0.022678229957818985, 0.90447998046875], [0.014728573150932789, 0.019105779007077217, -0.9997089505195618, 1.4963092803955078], [0.5364099740982056, -0.8439175486564636, -0.008225544355809689, -1.157470703125], [0.0, 0.0, 0.0, 1.0]], [[0.9478759765625, 0.31863951683044434, -0.00030186958611011505, -1.1267852783203125], [-0.011891537345945835, 0.03442772105336189, -0.9993364214897156, 1.5618209838867188], [-0.31841766834259033, 0.947250485420227, 0.03642232343554497, -0.162109375], [0.0, 0.0, 0.0, 1.0]], [[0.009131642058491707, 0.9995999932289124, 0.026767635717988014, -0.02880859375], [-0.00917356088757515, 0.026851369068026543, -0.9995973110198975, 1.5671958923339844], [-0.9999161958694458, 0.00888239685446024, 0.009415088221430779, -0.048309326171875], [0.0, 0.0, 0.0, 1.0]], [[-0.9238301515579224, 0.38275930285453796, 0.005759598221629858, 1.0086669921875], [-0.004550014156848192, 0.004065348766744137, -0.9999814033508301, 1.547060489654541], [-0.3827754855155945, -0.9238392114639282, -0.002014131285250187, -0.10546875], [0.0, 0.0, 0.0, 1.0]]], "view": [[0.0, -2.0, 100.0], [-2.0, 0.0, 100.0], [0.0, 0.0, 1.0]], "bev": "bev_425243b97f294456b609ce90f3bc664c.png", "aux": "aux_425243b97f294456b609ce90f3bc664c.npz", "visibility": "visibility_425243b97f294456b609ce90f3bc664c.png", "pose": [[0.8745483160018921, 0.4849384129047394, 0.0, 555.6099853515625], [-0.4849384129047394, 0.8745483160018921, 0.0, 1671.4293212890625], [0.0, 0.0, 1.0, 0.0], [0.0, 0.0, 0.0, 1.0]], "pose_inverse": [[0.8745483160018921, -0.4849384129047394, 0.0, 324.63250732421875], [0.4849384129047394, 0.8745483160018921, 0.0, -1731.1822509765625], [0.0, 0.0, 1.0, 0.0], [0.0, 0.0, 0.0, 1.0]], "cam_ids": [0, 1, 2, 3, 4, 5], "cam_channels": ["CAM_FRONT_LEFT", "CAM_FRONT", "CAM_FRONT_RIGHT", "CAM_BACK_LEFT", "CAM_BACK", "CAM_BACK_RIGHT"], "token": "425243b97f294456b609ce90f3bc664c", "scene": "scene-0477"}, {"images": ["samples/CAM_FRONT_LEFT/n008-2018-09-18-12-53-31-0400__CAM_FRONT_LEFT__1537290206004799.jpg", "samples/CAM_FRONT/n008-2018-09-18-12-53-31-0400__CAM_FRONT__1537290206012404.jpg", "samples/CAM_FRONT_RIGHT/n008-2018-09-18-12-53-31-0400__CAM_FRONT_RIGHT__1537290206020482.jpg", "samples/CAM_BACK_LEFT/n008-2018-09-18-12-53-31-0400__CAM_BACK_LEFT__1537290206047405.jpg", "samples/CAM_BACK/n008-2018-09-18-12-53-31-0400__CAM_BACK__1537290206037558.jpg", "samples/CAM_BACK_RIGHT/n008-2018-09-18-12-53-31-0400__CAM_BACK_RIGHT__1537290206028113.jpg"], "intrinsics": [[[1257.8625342125129, 0.0, 827.2410631095686], [0.0, 1257.8625342125129, 450.915498205774], [0.0, 0.0, 1.0]], [[1252.8131021185304, 0.0, 826.588114781398], [0.0, 1252.8131021185304, 469.9846626224581], [0.0, 0.0, 1.0]], [[1256.7485116440405, 0.0, 817.7887570959712], [0.0, 1256.7485116440403, 451.9541780095127], [0.0, 0.0, 1.0]], [[1254.9860565800168, 0.0, 829.5769333630991], [0.0, 1254.9860565800168, 467.1680561863987], [0.0, 0.0, 1.0]], [[796.8910634503094, 0.0, 857.7774326863696], [0.0, 796.8910634503094, 476.8848988407415], [0.0, 0.0, 1.0]], [[1249.9629280788233, 0.0, 825.3768045375984], [0.0, 1249.9629280788233, 462.54816385708756], [0.0, 0.0, 1.0]]], "extrinsics": [[[0.8225107192993164, -0.5684384107589722, -0.01881391927599907, -0.7369384765625], [-0.0015456457622349262, 0.030845265835523605, -0.9995229840278625, 1.48773193359375], [0.5687475204467773, 0.8221474289894104, 0.02449195645749569, -1.1502685546875], [0.0, 0.0, 0.0, 1.0]], [[0.01017601415514946, -0.9995959997177124, -0.026536379009485245, 0.009765625], [-0.000481092109112069, 0.02653285674750805, -0.9996477961540222, 1.4799919128417969], [0.9999480843544006, 0.010185224935412407, -0.00021089926303829998, -1.465911865234375], [0.0, 0.0, 0.0, 1.0]], [[-0.844089686870575, -0.535991370677948, -0.015026502311229706, 0.9144287109375], [0.006605948321521282, 0.017626825720071793, -0.9998227953910828, 1.4944343566894531], [0.5361613035202026, -0.8440393805503845, -0.011337894015014172, -1.1641845703125], [0.0, 0.0, 0.0, 1.0]], [[0.9477768540382385, 0.3187545835971832, -0.010704925283789635, -1.1320037841796875], [-0.02206088788807392, 0.03203711286187172, -0.9992431998252869, 1.5617637634277344], [-0.31817036867141724, 0.9472956657409668, 0.03739604353904724, -0.16015625], [0.0, 0.0, 0.0, 1.0]], [[0.009368093684315681, 0.9996543526649475, 0.024562176316976547, -0.028564453125], [-0.01867576129734516, 0.024733880534768105, -0.9995195865631104, 1.5664749145507812], [-0.9997817277908325, 0.008904846385121346, 0.01890101656317711, -0.040283203125], [0.0, 0.0, 0.0, 1.0]], [[-0.9237031936645508, 0.382883220911026, 0.013145611621439457, 1.01837158203125], [-0.0132820513099432, 0.002287237672135234, -0.9999091625213623, 1.5457701683044434], [-0.38287848234176636, -0.9237939119338989, 0.002972746267914772, -0.1019287109375], [0.0, 0.0, 0.0, 1.0]]], "view": [[0.0, -2.0, 100.0], [-2.0, 0.0, 100.0], [0.0, 0.0, 1.0]], "bev": "bev_00597e986017411586ab26ebea9c7d31.png", "aux": "aux_00597e986017411586ab26ebea9c7d31.npz", "visibility": "visibility_00597e986017411586ab26ebea9c7d31.png", "pose": [[0.8738512992858887, 0.4861932396888733, 0.0, 558.84765625], [-0.4861932396888733, 0.8738512992858887, 0.0, 1669.5992431640625], [0.0, 0.0, 1.0, 0.0], [0.0, 0.0, 0.0, 1.0]], "pose_inverse": [[0.8738512992858887, -0.4861932396888733, 0.0, 323.39813232421875], [0.4861932396888733, 0.8738512992858887, 0.0, -1730.689453125], [0.0, 0.0, 1.0, 0.0], [0.0, 0.0, 0.0, 1.0]], "cam_ids": [0, 1, 2, 3, 4, 5], "cam_channels": ["CAM_FRONT_LEFT", "CAM_FRONT", "CAM_FRONT_RIGHT", "CAM_BACK_LEFT", "CAM_BACK", "CAM_BACK_RIGHT"], "token": "00597e986017411586ab26ebea9c7d31", "scene": "scene-0477"}, {"images": ["samples/CAM_FRONT_LEFT/n008-2018-09-18-12-53-31-0400__CAM_FRONT_LEFT__1537290206504799.jpg", "samples/CAM_FRONT/n008-2018-09-18-12-53-31-0400__CAM_FRONT__1537290206512404.jpg", "samples/CAM_FRONT_RIGHT/n008-2018-09-18-12-53-31-0400__CAM_FRONT_RIGHT__1537290206520486.jpg", "samples/CAM_BACK_LEFT/n008-2018-09-18-12-53-31-0400__CAM_BACK_LEFT__1537290206547405.jpg", "samples/CAM_BACK/n008-2018-09-18-12-53-31-0400__CAM_BACK__1537290206537558.jpg", "samples/CAM_BACK_RIGHT/n008-2018-09-18-12-53-31-0400__CAM_BACK_RIGHT__1537290206528113.jpg"], "intrinsics": [[[1257.8625342125129, 0.0, 827.2410631095686], [0.0, 1257.8625342125129, 450.915498205774], [0.0, 0.0, 1.0]], [[1252.8131021185304, 0.0, 826.588114781398], [0.0, 1252.8131021185304, 469.9846626224581], [0.0, 0.0, 1.0]], [[1256.7485116440405, 0.0, 817.7887570959712], [0.0, 1256.7485116440403, 451.9541780095127], [0.0, 0.0, 1.0]], [[1254.9860565800168, 0.0, 829.5769333630991], [0.0, 1254.9860565800168, 467.1680561863987], [0.0, 0.0, 1.0]], [[796.8910634503094, 0.0, 857.7774326863696], [0.0, 796.8910634503094, 476.8848988407415], [0.0, 0.0, 1.0]], [[1249.9629280788233, 0.0, 825.3768045375984], [0.0, 1249.9629280788233, 462.54816385708756], [0.0, 0.0, 1.0]]], "extrinsics": [[[0.8221741318702698, -0.5683070421218872, -0.03251045569777489, -0.7327880859375], [-0.02588033489882946, 0.0197342149913311, -0.9994702339172363, 1.4797134399414062], [0.5686475038528442, 0.8225799202919006, 0.0015169823309406638, -1.14990234375], [0.0, 0.0, 0.0, 1.0]], [[0.01015955489128828, -0.9998253583908081, -0.0156867653131485, 0.011474609375], [-0.023242514580488205, 0.015447219833731651, -0.9996104836463928, 1.4737815856933594], [0.9996782541275024, 0.010520287789404392, -0.023081520572304726, -1.462371826171875], [0.0, 0.0, 0.0, 1.0]], [[-0.8439298868179321, -0.536382794380188, 0.008711380884051323, 0.912353515625], [-0.014499824494123459, 0.006574698723852634, -0.9998732209205627, 1.489964485168457], [0.5362575650215149, -0.8439491987228394, -0.013326039537787437, -1.1610107421875], [0.0, 0.0, 0.0, 1.0]], [[0.9473374485969543, 0.3188610076904297, -0.029654627665877342, -1.129058837890625], [-0.038445454090833664, 0.02130976878106594, -0.9990334510803223, 1.5614356994628906], [-0.31792086362838745, 0.9475619196891785, 0.032446298748254776, -0.1612548828125], [0.0, 0.0, 0.0, 1.0]], [[0.009350315667688847, 0.9998642802238464, 0.013567444868385792, -0.029052734375], [-0.03673786297440529, 0.013902372680604458, -0.9992281794548035, 1.5648231506347656], [-0.999281227