[{"images": ["samples/CAM_FRONT_LEFT/n008-2018-09-18-15-12-01-0400__CAM_FRONT_LEFT__1537298065654799.jpg", "samples/CAM_FRONT/n008-2018-09-18-15-12-01-0400__CAM_FRONT__1537298065662404.jpg", "samples/CAM_FRONT_RIGHT/n008-2018-09-18-15-12-01-0400__CAM_FRONT_RIGHT__1537298065670482.jpg", "samples/CAM_BACK_LEFT/n008-2018-09-18-15-12-01-0400__CAM_BACK_LEFT__1537298065697405.jpg", "samples/CAM_BACK/n008-2018-09-18-15-12-01-0400__CAM_BACK__1537298065687558.jpg", "samples/CAM_BACK_RIGHT/n008-2018-09-18-15-12-01-0400__CAM_BACK_RIGHT__1537298065678113.jpg"], "intrinsics": [[[1257.8625342125129, 0.0, 827.2410631095686], [0.0, 1257.8625342125129, 450.915498205774], [0.0, 0.0, 1.0]], [[1252.8131021185304, 0.0, 826.588114781398], [0.0, 1252.8131021185304, 469.9846626224581], [0.0, 0.0, 1.0]], [[1256.7485116440405, 0.0, 817.7887570959712], [0.0, 1256.7485116440403, 451.9541780095127], [0.0, 0.0, 1.0]], [[1254.9860565800168, 0.0, 829.5769333630991], [0.0, 1254.9860565800168, 467.1680561863987], [0.0, 0.0, 1.0]], [[796.8910634503094, 0.0, 857.7774326863696], [0.0, 796.8910634503094, 476.8848988407415], [0.0, 0.0, 1.0]], [[1249.9629280788233, 0.0, 825.3768045375984], [0.0, 1249.9629280788233, 462.54816385708756], [0.0, 0.0, 1.0]]], "extrinsics": [[[0.8226478099822998, -0.5684916973114014, -0.00822928175330162, -0.8114013671875], [0.00227845530025661, 0.017770403996109962, -0.9998394846916199, 1.4888110160827637], [0.568546712398529, 0.8224970698356628, 0.0159140657633543, -1.20068359375], [0.0, 0.0, 0.0, 1.0]], [[0.010431929491460323, -0.9998536109924316, -0.013560953550040722, 0.00836181640625], [0.004261084366589785, 0.013606018386781216, -0.999898374080658, 1.480982780456543], [0.9999365210533142, 0.01037306897342205, 0.004402398131787777, -1.5401611328125], [0.0, 0.0, 0.0, 1.0]], [[-0.8439268469810486, -0.5363001227378845, -0.013025711290538311, 0.9619140625], [0.012335240840911865, 0.00487511744722724, -0.9999119639396667, 1.4949569702148438], [0.5363165140151978, -0.8440132737159729, 0.0025011487305164337, -1.195068359375], [0.0, 0.0, 0.0, 1.0]], [[0.9478574991226196, 0.31863632798194885, -0.0060837483033537865, -1.1292724609375], [-0.013143341988325119, 0.02001030184328556, -0.9997133612632751, 1.5618419647216797], [-0.3184233605861664, 0.947665810585022, 0.023154860362410545, -0.1610107421875], [0.0, 0.0, 0.0, 1.0]], [[0.009177840314805508, 0.9998813271522522, 0.012376822531223297, -0.02850341796875], [-0.011039700359106064, 0.012477907352149487, -0.9998611807823181, 1.5673332214355469], [-0.9998970031738281, 0.009040037170052528, 0.011152910999953747, -0.021240234375], [0.0, 0.0, 0.0, 1.0]], [[-0.9237949252128601, 0.38288095593452454, 0.0022549517452716827, 1.0552978515625], [-0.006675797514617443, -0.010218015871942043, -0.9999254941940308, 1.5470576286315918], [-0.3828294277191162, -0.9237411618232727, 0.011995386332273483, -0.086700439453125], [0.0, 0.0, 0.0, 1.0]]], "view": [[0.0, -2.0, 100.0], [-2.0, 0.0, 100.0], [0.0, 0.0, 1.0]], "bev": "bev_43da50265dfa4876bdf1efed38e7a261.png", "aux": "aux_43da50265dfa4876bdf1efed38e7a261.npz", "visibility": "visibility_43da50265dfa4876bdf1efed38e7a261.png", "pose": [[-0.6564382910728455, 0.7543797492980957, 0.0, 1325.034912109375], [-0.7543797492980957, -0.6564382910728455, 0.0, 1102.3165283203125], [0.0, 0.0, 1.0, 0.0], [0.0, 0.0, 0.0, 1.0]], "pose_inverse": [[-0.6564382910728455, -0.7543797492980957, 0.0, 1701.368896484375], [0.7543797492980957, -0.6564382910728455, 0.0, -275.9766845703125], [0.0, 0.0, 1.0, 0.0], [0.0, 0.0, 0.0, 1.0]], "cam_ids": [0, 1, 2, 3, 4, 5], "cam_channels": ["CAM_FRONT_LEFT", "CAM_FRONT", "CAM_FRONT_RIGHT", "CAM_BACK_LEFT", "CAM_BACK", "CAM_BACK_RIGHT"], "token": "43da50265dfa4876bdf1efed38e7a261", "scene": "scene-0910"}, {"images": ["samples/CAM_FRONT_LEFT/n008-2018-09-18-15-12-01-0400__CAM_FRONT_LEFT__1537298066154799.jpg", "samples/CAM_FRONT/n008-2018-09-18-15-12-01-0400__CAM_FRONT__1537298066162404.jpg", "samples/CAM_FRONT_RIGHT/n008-2018-09-18-15-12-01-0400__CAM_FRONT_RIGHT__1537298066170482.jpg", "samples/CAM_BACK_LEFT/n008-2018-09-18-15-12-01-0400__CAM_BACK_LEFT__1537298066197405.jpg", "samples/CAM_BACK/n008-2018-09-18-15-12-01-0400__CAM_BACK__1537298066187558.jpg", "samples/CAM_BACK_RIGHT/n008-2018-09-18-15-12-01-0400__CAM_BACK_RIGHT__1537298066178113.jpg"], "intrinsics": [[[1257.8625342125129, 0.0, 827.2410631095686], [0.0, 1257.8625342125129, 450.915498205774], [0.0, 0.0, 1.0]], [[1252.8131021185304, 0.0, 826.588114781398], [0.0, 1252.8131021185304, 469.9846626224581], [0.0, 0.0, 1.0]], [[1256.7485116440405, 0.0, 817.7887570959712], [0.0, 1256.7485116440403, 451.9541780095127], [0.0, 0.0, 1.0]], [[1254.9860565800168, 0.0, 829.5769333630991], [0.0, 1254.9860565800168, 467.1680561863987], [0.0, 0.0, 1.0]], [[796.8910634503094, 0.0, 857.7774326863696], [0.0, 796.8910634503094, 476.8848988407415], [0.0, 0.0, 1.0]], [[1249.9629280788233, 0.0, 825.3768045375984], [0.0, 1249.9629280788233, 462.54816385708756], [0.0, 0.0, 1.0]]], "extrinsics": [[[0.8227952122688293, -0.5682344436645508, -0.010850494727492332, -0.8135986328125], [-7.801500032655895e-05, 0.018978700041770935, -0.9998198747634888, 1.4882144927978516], [0.5683379769325256, 0.8226479291915894, 0.015571252442896366, -1.205078125], [0.0, 0.0, 0.0, 1.0]], [[0.01061234436929226, -0.9998353719711304, -0.014720241539180279, 0.010101318359375], [0.0017879633232951164, 0.014740020968019962, -0.9998897910118103, 1.4804692268371582], [0.9999420642852783, 0.010584788396954536, 0.0019440953619778156, -1.5430908203125], [0.0, 0.0, 0.0, 1.0]], [[-0.8438839912414551, -0.5364053845405579, -0.01136364508420229, 0.964599609375], [0.009688697755336761, 0.005940981674939394, -0.9999353885650635, 1.4945154190063477], [0.5364382266998291, -0.8439395427703857, 0.00018356942746322602, -1.195068359375], [0.0, 0.0, 0.0, 1.0]], [[0.9478321671485901, 0.31865596771240234, -0.008519715629518032, -1.130126953125], [-0.015998320654034615, 0.020859332755208015, -0.9996544122695923, 1.561807632446289], [-0.31836816668510437, 0.9476408362388611, 0.024869106709957123, -0.160888671875], [0.0, 0.0, 0.0, 1.0]], [[0.009156286716461182, 0.9998698234558105, 0.01328293327242136, -0.0293121337890625], [-0.013604110106825829, 0.013406816869974136, -0.9998175501823425, 1.5671749114990234], [-0.9998655319213867, 0.008973821997642517, 0.013725096359848976, -0.0198974609375], [0.0, 0.0, 0.0, 1.0]], [[-0.9238235950469971, 0.3827831745147705, 0.005199471954256296, 1.0565185546875], [-0.009444142691791058, -0.009210703894495964, -0.9999129772186279, 1.5467681884765625], [-0.38270190358161926, -0.92379230260849, 0.012124123051762581, -0.085174560546875], [0.0, 0.0, 0.0, 1.0]]], "view": [[0.0, -2.0, 100.0], [-2.0, 0.0, 100.0], [0.0, 0.0, 1.0]], "bev": "bev_e3d87866cc6d480da21c690b497456e3.png", "aux": "aux_e3d87866cc6d480da21c690b497456e3.npz", "visibility": "visibility_e3d87866cc6d480da21c690b497456e3.png", "pose": [[-0.6590549349784851, 0.7520948052406311, 0.0, 1323.354248046875], [-0.7520948052406311, -0.6590549349784851, 0.0, 1100.419189453125], [0.0, 0.0, 1.0, 0.0], [0.0, 0.0, 0.0, 1.0]], "pose_inverse": [[-0.6590549349784851, -0.7520948052406311, 0.0, 1699.78271484375], [0.7520948052406311, -0.6590549349784851, 0.0, -270.05120849609375], [0.0, 0.0, 1.0, 0.0], [0.0, 0.0, 0.0, 1.0]], "cam_ids": [0, 1, 2, 3, 4, 5], "cam_channels": ["CAM_FRONT_LEFT", "CAM_FRONT", "CAM_FRONT_RIGHT", "CAM_BACK_LEFT", "CAM_BACK", "CAM_BACK_RIGHT"], "token": "e3d87866cc6d480da21c690b497456e3", "scene": "scene-0910"}, {"images": ["samples/CAM_FRONT_LEFT/n008-2018-09-18-15-12-01-0400__CAM_FRONT_LEFT__1537298066654799.jpg", "samples/CAM_FRONT/n008-2018-09-18-15-12-01-0400__CAM_FRONT__1537298066662404.jpg", "samples/CAM_FRONT_RIGHT/n008-2018-09-18-15-12-01-0400__CAM_FRONT_RIGHT__1537298066670482.jpg", "samples/CAM_BACK_LEFT/n008-2018-09-18-15-12-01-0400__CAM_BACK_LEFT__1537298066697405.jpg", "samples/CAM_BACK/n008-2018-09-18-15-12-01-0400__CAM_BACK__1537298066687558.jpg", "samples/CAM_BACK_RIGHT/n008-2018-09-18-15-12-01-0400__CAM_BACK_RIGHT__1537298066678113.jpg"], "intrinsics": [[[1257.8625342125129, 0.0, 827.2410631095686], [0.0, 1257.8625342125129, 450.915498205774], [0.0, 0.0, 1.0]], [[1252.8131021185304, 0.0, 826.588114781398], [0.0, 1252.8131021185304, 469.9846626224581], [0.0, 0.0, 1.0]], [[1256.7485116440405, 0.0, 817.7887570959712], [0.0, 1256.7485116440403, 451.9541780095127], [0.0, 0.0, 1.0]], [[1254.9860565800168, 0.0, 829.5769333630991], [0.0, 1254.9860565800168, 467.1680561863987], [0.0, 0.0, 1.0]], [[796.8910634503094, 0.0, 857.7774326863696], [0.0, 796.8910634503094, 476.8848988407415], [0.0, 0.0, 1.0]], [[1249.9629280788233, 0.0, 825.3768045375984], [0.0, 1249.9629280788233, 462.54816385708756], [0.0, 0.0, 1.0]]], "extrinsics": [[[0.8222458362579346, -0.5688782334327698, -0.01700962521135807, -0.8140869140625], [-0.006993395276367664, 0.01978558860719204, -0.9997798204421997, 1.4866752624511719], [0.5690894722938538, 0.8221837282180786, 0.0122902262955904, -1.2005615234375], [0.0, 0.0, 0.0, 1.0]], [[0.009750683791935444, -0.9998278617858887, -0.015786247327923775, 0.006866455078125], [-0.005200589541345835, 0.015736078843474388, -0.9998626708984375, 1.4791631698608398], [0.9999389052391052, 0.009831429459154606, -0.00504625728353858, -1.540771484375], [0.0, 0.0, 0.0, 1.0]], [[-0.8443028926849365, -0.5358322858810425, -0.006028801668435335, 0.9615478515625], [0.0026358633767813444, 0.00709766848012805, -0.999971330165863, 1.4934780597686768], [0.5358597636222839, -0.8442946672439575, -0.004580202512443066, -1.1962890625], [0.0, 0.0, 0.0, 1.0]], [[0.9477705359458923, 0.31861206889152527, -0.014745298773050308, -1.133056640625], [-0.023048147559165955, 0.022304994985461235, -0.9994854927062988, 1.5617790222167969], [-0.31811925768852234, 0.9476226568222046, 0.0284834336489439, -0.15972900390625], [0.0, 0.0, 0.0, 1.0]], [[0.00955935288220644, 0.9998475909233093, 0.014605928212404251, -0.0280914306640625], [-0.0208725705742836, 0.014802929945290089, -0.999672532081604, 1.5667495727539062], [-0.999736487865448, 0.009251357056200504, 0.021010898053646088, -0.0186767578125], [0.0, 0.0, 0.0, 1.0]], [[-0.9235681891441345, 0.38323739171028137, 0.012282274663448334, 1.0567626953125], [-0.016585174947977066, -0.007925480604171753, -0.9998310208320618, 1.5459423065185547], [-0.3830753266811371, -0.9236158728599548, 0.013675780966877937, -0.08697509765625], [0.0, 0.0, 0.0, 1.0]]], "view": [[0.0, -2.0, 100.0], [-2.0, 0.0, 100.0], [0.0, 0.0, 1.0]], "bev": "bev_620d89c4ebe94a8f8db4df5f24cb39e7.png", "aux": "aux_620d89c4ebe94a8f8db4df5f24cb39e7.npz", "visibility": "visibility_620d89c4ebe94a8f8db4df5f24cb39e7.png", "pose": [[-0.6599388718605042, 0.7513192892074585, 0.0, 1321.666015625], [-0.7513192892074585, -0.6599388718605042, 0.0, 1098.5108642578125], [0.0, 0.0, 1.0, 0.0], [0.0, 0.0, 0.0, 1.0]], "pose_inverse": [[-0.6599388718605042, -0.7513192892074585, 0.0, 1697.5511474609375], [0.7513192892074585, -0.6599388718605042, 0.0, -268.043212890625], [0.0, 0.0, 1.0, 0.0], [0.0, 0.0, 0.0, 1.0]], "cam_ids": [0, 1, 2, 3, 4, 5], "cam_channels": ["CAM_FRONT_LEFT", "CAM_FRONT", "CAM_FRONT_RIGHT", "CAM_BACK_LEFT", "CAM_BACK", "CAM_BACK_RIGHT"], "token": "620d89c4ebe94a8f8db4df5f24cb39e7", "scene": "scene-0910"}, {"images": ["samples/CAM_FRONT_LEFT/n008-2018-09-18-15-12-01-0400__CAM_FRONT_LEFT__1537298067154799.jpg", "samples/CAM_FRONT/n008-2018-09-18-15-12-01-0400__CAM_FRONT__1537298067162404.jpg", "samples/CAM_FRONT_RIGHT/n008-2018-09-18-15-12-01-0400__CAM_FRONT_RIGHT__1537298067170482.jpg", "samples/CAM_BACK_LEFT/n008-2018-09-18-15-12-01-0400__CAM_BACK_LEFT__1537298067197405.jpg", "samples/CAM_BACK/n008-2018-09-18-15-12-01-0400__CAM_BACK__1537298067187558.jpg", "samples/CAM_BACK_RIGHT/n008-2018-09-18-15-12-01-0400__CAM_BACK_RIGHT__1537298067178113.jpg"], "intrinsics": [[[1257.8625342125129, 0.0, 827.2410631095686], [0.0, 1257.8625342125129, 450.915498205774], [0.0, 0.0, 1.0]], [[1252.8131021185304, 0.0, 826.588114781398], [0.0, 1252.8131021185304, 469.9846626224581], [0.0, 0.0, 1.0]], [[1256.7485116440405, 0.0, 817.7887570959712], [0.0, 1256.7485116440403, 451.9541780095127], [0.0, 0.0, 1.0]], [[1254.9860565800168, 0.0, 829.5769333630991], [0.0, 1254.9860565800168, 467.1680561863987], [0.0, 0.0, 1.0]], [[796.8910634503094, 0.0, 857.7774326863696], [0.0, 796.8910634503094, 476.8848988407415], [0.0, 0.0, 1.0]], [[1249.9629280788233, 0.0, 825.3768045375984], [0.0, 1249.9629280788233, 462.54816385708756], [0.0, 0.0, 1.0]]], "extrinsics": [[[0.8223211765289307, -0.568677544593811, -0.019840331748127937, -0.8228759765625], [-0.011668709106743336, 0.01800728030502796, -0.9997697472572327, 1.4857025146484375], [0.568903923034668, 0.8223633766174316, 0.008172035217285156, -1.2086181640625], [0.0, 0.0, 0.0, 1.0]], [[0.010094361379742622, -0.9998489022254944, -0.01415459718555212, 0.0084228515625], [-0.009866221807897091, 0.01405504159629345, -0.9998525381088257, 1.4783515930175781], [0.9999004006385803, 0.010232514701783657, -0.009722854010760784, -1.552734375], [0.0, 0.0, 0.0, 1.0]], [[-0.8440687656402588, -0.5362333655357361, -0.0013315994292497635, 0.9718017578125], [-0.0019333598902449012, 0.005526444874703884, -0.9999828338623047, 1.4927926063537598], [0.5362315773963928, -0.844051718711853, -0.005701432935893536, -1.200927734375], [0.0, 0.0, 0.0, 1.0]], [[0.9476999640464783, 0.3185601532459259, -0.019604116678237915, -1.13671875], [-0.027747824788093567, 0.021045902743935585, -0.9993934035301208, 1.5618247985839844], [-0.31795433163642883, 0.9476690292358398, 0.028784550726413727, -0.15869140625], [0.0, 0.0, 0.0, 1.0]], [[0.009446567855775356, 0.9998681545257568, 0.013207009993493557, -0.028717041015625], [-0.02547558583319187, 0.013443958945572376, -0.999584972858429, 1.566619873046875], [-0.9996307492256165, 0.009106241166591644, 0.025599226355552673, -0.012451171875], [0.0, 0.0, 0.0, 1.0]], [[-0.9236346483230591, 0.3829459249973297, 0.015854276716709137, 1.064697265625], [-0.02106078527867794, -0.009407107718288898, -0.9997339248657227, 1.5456371307373047], [-0.38269492983818054, -0.9237229228019714, 0.016753874719142914, -0.0826416015625], [0.0, 0.0, 0.0, 1.0]]], "view": [[0.0, -2.0, 100.0], [-2.0, 0.0, 100.0], [0.0, 0.0, 1.0]], "bev": "bev_69b2fbb4027e492cb5703376d566b076.png", "aux": "aux_69b2fbb4027e492cb5703376d566b076.npz", "visibility": "visibility_69b2fbb4027e492cb5703376d566b076.png", "pose": [[-0.6595209836959839, 0.751686155796051, 0.0, 1319.9508056640625], [-0.751686155796051, -0.6595209836959839, 0.0, 1096.5643310546875], [0.0, 0.0, 1.0, 0.0], [0.0, 0.0, 0.0, 1.0]], "pose_inverse": [[-0.6595209836959839, -0.751686155796051, 0.0, 1694.8074951171875], [0.751686155796051, -0.6595209836959839, 0.0, -268.9815368652344], [0.0, 0.0, 1.0, 0.0], [0.0, 0.0, 0.0, 1.0]], "cam_ids": [0, 1, 2, 3, 4, 5], "cam_channels": ["CAM_FRONT_LEFT", "CAM_FRONT", "CAM_FRONT_RIGHT", "CAM_BACK_LEFT", "CAM_BACK", "CAM_BACK_RIGHT"], "token": "69b2fbb4027e492cb5703376d566b076", "scene": "scene-0910"}, {"images": ["samples/CAM_FRONT_LEFT/n008-2018-09-18-15-12-01-0400__CAM_FRONT_LEFT__1537298067654799.jpg", "samples/CAM_FRONT/n008-2018-09-18-15-12-01-0400__CAM_FRONT__1537298067662404.jpg", "samples/CAM_FRONT_RIGHT/n008-2018-09-18-15-12-01-0400__CAM_FRONT_RIGHT__1537298067670482.jpg", "samples/CAM_BACK_LEFT/n008-2018-09-18-15-12-01-0400__CAM_BACK_LEFT__1537298067697405.jpg", "samples/CAM_BACK/n008-2018-09-18-15-12-01-0400__CAM_BACK__1537298067687558.jpg", "samples/CAM_BACK_RIGHT/n008-2018-09-18-15-12-01-0400__CAM_BACK_RIGHT__1537298067678113.jpg"], "intrinsics": [[[1257.8625342125129, 0.0, 827.2410631095686], [0.0, 1257.8625342125129, 450.915498205774], [0.0, 0.0, 1.0]], [[1252.8131021185304, 0.0, 826.588114781398], [0.0, 1252.8131021185304, 469.9846626224581], [0.0, 0.0, 1.0]], [[1256.7485116440405, 0.0, 817.7887570959712], [0.0, 1256.7485116440403, 451.9541780095127], [0.0, 0.0, 1.0]], [[1254.9860565800168, 0.0, 829.5769333630991], [0.0, 1254.9860565800168, 467.1680561863987], [0.0, 0.0, 1.0]], [[796.8910634503094, 0.0, 857.7774326863696], [0.0, 796.8910634503094, 476.8848988407415], [0.0, 0.0, 1.0]], [[1249.9629280788233, 0.0, 825.3768045375984], [0.0, 1249.9629280788233, 462.54816385708756], [0.0, 0.0, 1.0]]], "extrinsics": [[[0.8221186995506287, -0.5688716769218445, -0.022492077201604843, -0.826904296875], [-0.015397103503346443, 0.017275966703891754, -0.9997321963310242, 1.4849491119384766], [0.5691078901290894, 0.8222449421882629, 0.005443916656076908, -1.2120361328125], [0.0, 0.0, 0.0, 1.0]], [[0.009709778241813183, -0.999865710735321, -0.01320513803511858, 0.008392333984375], [-0.013689141720533371, 0.013071609660983086, -0.99982088804245, 1.4777145385742188], [0.9998591542243958, 0.009888783097267151, -0.013560378924012184, -1.5570068359375], [0.0, 0.0, 0.0, 1.0]], [[-0.8442763090133667, -0.5359017252922058, 0.0026335245929658413, 0.9744873046875], [-0.005871032364666462, 0.004335344769060612, -0.9999733567237854, 1.4922571182250977], [0.5358760356903076, -0.8442692756652832, -0.006806526333093643, -1.202880859375], [0.0, 0.0, 0.0, 1.0]], [[0.9476183652877808, 0.3185080289840698, -0.023918669670820236, -1.13720703125], [-0.03179066255688667, 0.019539237022399902, -0.9993035197257996, 1.5618171691894531], [-0.31781890988349915, 0.9477187395095825, 0.02864132449030876, -0.1583251953125], [0.0, 0.0, 0.0, 1.0]], [[0.009662994183599949, 0.9998846054077148, 0.011728477664291859, -0.0286712646484375], [-0.029261771589517593, 0.01200675405561924, -0.9994996786117554, 1.5664482116699219], [-0.9995251297950745, 0.009315067902207375, 0.029374413192272186, -0.010498046875], [0.0, 0.0, 0.0, 1.0]], [[-0.9234536290168762, 0.3832387924194336, 0.019007524475455284, 1.0670166015625], [-0.025023318827152252, -0.010717583820223808, -0.9996294379234314, 1.5452957153320312], [-0.38289305567741394, -0.9235871434211731, 0.01948709785938263, -0.081695556640625], [0.0, 0.0, 0.0, 1.0]]], "view": [[0.0, -2.0, 100.0], [-2.0, 0.0, 100.0], [0.0, 0.0, 1.0]], "bev": "bev_525a91b18a1f4ec284dd244678b47f35.png", "aux": "aux_525a91b18a1f4ec284dd244678b47f35.npz", "visibility": "visibility_525a91b18a1f4ec284dd244678b47f35.png", "pose": [[-0.6592727899551392, 0.7519038915634155, 0.0, 1318.3167724609375], [-0.7519038915634155, -0.6592727899551392, 0.0, 1094.7340087890625], [0.0, 0.0, 1.0, 0.0], [0.0, 0.0, 0.0, 1.0]], "pose_inverse": [[-0.6592727899551392, -0.7519038915634155, 0.0, 1692.26513671875], [0.7519038915634155, -0.6592727899551392, 0.0, -269.5191650390625], [0.0, 0.0, 1.0, 0.0], [0.0, 0.0, 0.0, 1.0]], "cam_ids": [0, 1, 2, 3, 4, 5], "cam_channels": ["CAM_FRONT_LEFT", "CAM_FRONT", "CAM_FRONT_RIGHT", "CAM_BACK_LEFT", "CAM_BACK", "CAM_BACK_RIGHT"], "token": "525a91b18a1f4ec284dd244678b47f35", "scene": "scene-0910"}, {"images": ["samples/CAM_FRONT_LEFT/n008-2018-09-18-15-12-01-0400__CAM_FRONT_LEFT__1537298068154809.jpg", "samples/CAM_FRONT/n008-2018-09-18-15-12-01-0400__CAM_FRONT__1537298068162404.jpg", "samples/CAM_FRONT_RIGHT/n008-2018-09-18-15-12-01-0400__CAM_FRONT_RIGHT__1537298068170482.jpg", "samples/CAM_BACK_LEFT/n008-2018-09-18-15-12-01-0400__CAM_BACK_LEFT__1537298068197405.jpg", "samples/CAM_BACK/n008-2018-09-18-15-12-01-0400__CAM_BACK__1537298068187558.jpg", "samples/CAM_BACK_RIGHT/n008-2018-09-18-15-12-01-0400__CAM_BACK_RIGHT__1537298068178113.jpg"], "intrinsics": [[[1257.8625342125129, 0.0, 827.2410631095686], [0.0, 1257.8625342125129, 450.915498205774], [0.0, 0.0, 1.0]], [[1252.8131021185304, 0.0, 826.588114781398], [0.0, 1252.8131021185304, 469.9846626224581], [0.0, 0.0, 1.0]], [[1256.7485116440405, 0.0, 817.7887570959712], [0.0, 1256.7485116440403, 451.9541780095127], [0.0, 0.0, 1.0]], [[1254.9860565800168, 0.0, 829.5769333630991], [0.0, 1254.9860565800168, 467.1680561863987], [0.0, 0.0, 1.0]], [[796.8910634503094, 0.0, 857.7774326863696], [0.0, 796.8910634503094, 476.8848988407415], [0.0, 0.0, 1.0]], [[1249.9629280788233, 0.0, 825.3768045375984], [0.0, 1249.9629280788233, 462.54816385708756], [0.0, 0.0, 1.0]]], "extrinsics": [[[0.822002649307251, -0.5688419938087463, -0.027026023715734482, -0.82958984375], [-0.022076671943068504, 0.015591444447636604, -0.9996347427368164, 1.4835929870605469], [0.5690556168556213, 0.822299063205719, 0.0002580692816991359, -1.21295166015625], [0.0, 0.0, 0.0, 1.0]], [[0.009765082970261574, -0.999879777431488, -0.012044514529407024, 0.0076904296875], [-0.020200425758957863, 0.011845378205180168, -0.9997257590293884, 1.4766120910644531], [0.9997482299804688, 0.010005712509155273, -0.020082326605916023, -1.559326171875], [0.0, 0.0, 0.0, 1.0]], [[-0.8441586494445801, -0.5360265374183655, 0.008477806113660336, 0.97607421875], [-0.012297170236706734, 0.0035514121409505606, -0.9999181032180786, 1.49139404296875], [0.5359525084495544, -0.844193696975708, -0.009589564986526966, -1.2042236328125], [0.0, 0.0, 0.0, 1.0]], [[0.9474716186523438, 0.3184467554092407, -0.029818739742040634, -1.1378173828125], [-0.038145095109939575, 0.019941460341215134, -0.9990732073783875, 1.5618057250976562], [-0.3175569772720337, 0.9477309584617615, 0.03104114718735218, -0.157958984375], [0.0, 0.0, 0.0, 1.0]], [[0.009733146987855434, 0.9998844861984253, 0.011677281931042671, -0.02850341796875], [-0.035986967384815216, 0.012020529247820377, -0.9992799162864685, 1.566131591796875], [-0.9993049502372742, 0.009305889718234539, 0.03609980642795563, -0.0093994140625], [0.0, 0.0, 0.0, 1.0]], [[-0.923345148563385, 0.38316649198532104, 0.024843459948897362, 1.06884765625], [-0.03151099756360054, -0.011133396998047829, -0.999441385269165, 1.5446891784667969], [-0.38267582654953003, -0.9236122369766235, 0.022353922948241234, -0.081298828125], [0.0, 0.0, 0.0, 1.0]]], "view": [[0.0, -2.0, 100.0], [-2.0, 0.0, 100.0], [0.0, 0.0, 1.0]], "bev": "bev_b775098400f0489c9afadf156953aaa9.png", "aux": "aux_b775098400f0489c9afadf156953aaa9.npz", "visibility": "visibility_b775098400f0489c9afadf156953aaa9.png", "pose": [[-0.6569232940673828, 0.7539574503898621, 0.0, 1316.6778564453125], [-0.7539574503898621, -0.6569232940673828, 0.0, 1092.87646484375], [0.0, 0.0, 1.0, 0.0], [0.0, 0.0, 0.0, 1.0]], "pose_inverse": [[-0.6569232940673828, -0.7539574503898621, 0.0, 1688.938720703125], [0.7539574503898621, -0.6569232940673828, 0.0, -274.7830810546875], [0.0, 0.0, 1.0, 0.0], [0.0, 0.0, 0.0, 1.0]], "cam_ids": [0, 1, 2, 3, 4, 5], "cam_channels": ["CAM_FRONT_LEFT", "CAM_FRONT", "CAM_FRONT_RIGHT", "CAM_BACK_LEFT", "CAM_BACK", "CAM_BACK_RIGHT"], "token": "b775098400f0489c9afadf156953aaa9", "scene": "scene-0910"}, {"images": ["samples/CAM_FRONT_LEFT/n008-2018-09-18-15-12-01-0400__CAM_FRONT_LEFT__1537298068754799.jpg", "samples/CAM_FRONT/n008-2018-09-18-15-12-01-0400__CAM_FRONT__1537298068762404.jpg", "samples/CAM_FRONT_RIGHT/n008-2018-09-18-15-12-01-0400__CAM_FRONT_RIGHT__1537298068770482.jpg", "samples/CAM_BACK_LEFT/n008-2018-09-18-15-12-01-0400__CAM_BACK_LEFT__1537298068797405.jpg", "samples/CAM_BACK/n008-2018-09-18-15-12-01-0400__CAM_BACK__1537298068787558.jpg", "samples/CAM_BACK_RIGHT/n008-2018-09-18-15-12-01-0400__CAM_BACK_RIGHT__1537298068778113.jpg"], "intrinsics": [[[1257.8625342125129, 0.0, 827.2410631095686], [0.0, 1257.8625342125129, 450.915498205774], [0.0, 0.0, 1.0]], [[1252.8131021185304, 0.0, 826.588114781398], [0.0, 1252.8131021185304, 469.9846626224581], [0.0, 0.0, 1.0]], [[1256.7485116440405, 0.0, 817.7887570959712], [0.0, 1256.7485116440403, 451.9541780095127], [0.0, 0.0, 1.0]], [[1254.9860565800168, 0.0, 829.5769333630991], [0.0, 1254.9860565800168, 467.1680561863987], [0.0, 0.0, 1.0]], [[796.8910634503094, 0.0, 857.7774326863696], [0.0, 796.8910634503094, 476.8848988407415], [0.0, 0.0, 1.0]], [[1249.9629280788233, 0.0, 825.3768045375984], [0.0, 1249.9629280788233, 462.54816385708756], [0.0, 0.0, 1.0]]], "extrinsics": [[[0.8213860392570496, -0.5694894790649414, -0.031727831810712814, -0.818603515625], [-0.02660362236201763, 0.017313752323389053, -0.9994961023330688, 1.4822578430175781], [0.5697519183158875, 0.8218162655830383, -0.0009292108006775379, -1.2044677734375], [0.0, 0.0, 0.0, 1.0]], [[0.00900412816554308, -0.9998705983161926, -0.013332025147974491, 0.007568359375], [-0.024916794151067734, 0.013104081153869629, -0.9996036887168884, 1.4754753112792969], [0.9996489882469177, 0.009332751855254173, -0.02479557693004608, -1.546875], [0.0, 0.0, 0.0, 1.0]], [[-0.844403088092804, -0.5355679988861084, 0.012258223257958889, 0.9671630859375], [-0.01725846529006958, 0.004325910471379757, -0.9998416304588318, 1.4905433654785156], [0.5354302525520325, -0.8444810509681702, -0.012895895168185234, -1.1988525390625], [0.0, 0.0, 0.0, 1.0]], [[0.9473240971565247, 0.3183123469352722, -0.03541558235883713, -1.1375732421875], [-0.04388623312115669, 0.01947694458067417, -0.9988466501235962, 1.5617446899414062], [-0.3172554671764374, 0.9477857947349548, 0.032420508563518524, -0.1580810546875], [0.0, 0.0, 0.0, 1.0]], [[0.010058918967843056, 0.9998831748962402, 0.01150707621127367, -0.028289794921875], [-0.04126887023448944, 0.011912967078387737, -0.9990770220756531, 1.565673828125], [-0.9990974068641663, 0.009574757888913155, 0.041383884847164154, -0.0135498046875], [0.0, 0.0, 0.0, 1.0]], [[-0.9230416417121887, 0.38354742527008057, 0.02975662797689438, 1.0618896484375], [-0.036691900342702866, -0.01077647227793932, -0.9992685317993164, 1.5438919067382812], [-0.3829461932182312, -0.9234582781791687, 0.02402021363377571, -0.08441162109375], [0.0, 0.0, 0.0, 1.0]]], "view": [[0.0, -2.0, 100.0], [-2.0, 0.0, 100.0], [0.0, 0.0, 1.0]], "bev": "bev_8e2e136f926743f8981814af0ac20a71.png", "aux": "aux_8e2e136f926743f8981814af0ac20a71.npz", "visibility": "visibility_8e2e136f926743f8981814af0ac20a71.png", "pose": [[-0.6547631621360779, 0.7558341026306152, 0.0, 1314.6595458984375], [-0.7558341026306152, -0.6547631621360779, 0.0, 1090.5819091796875], [0.0, 0.0, 1.0, 0.0], [0.0, 0.0, 0.0, 1.0]], "pose_inverse": [[-0.6547631621360779, -0.7558341026306152, 0.0, 1685.089599609375], [0.7558341026306152, -0.6547631621360779, 0.0, -279.5916442871094], [0.0, 0.0, 1.0, 0.0], [0.0, 0.0, 0.0, 1.0]], "cam_ids": [0, 1, 2, 3, 4, 5], "cam_channels": ["CAM_FRONT_LEFT", "CAM_FRONT", "CAM_FRONT_RIGHT", "CAM_BACK_LEFT", "CAM_BACK", "CAM_BACK_RIGHT"], "token": "8e2e136f926743f8981814af0ac20a71", "scene": "scene-0910"}, {"images": ["samples/CAM_FRONT_LEFT/n008-2018-09-18-15-12-01-0400__CAM_FRONT_LEFT__1537298069254799.jpg", "samples/CAM_FRONT/n008-2018-09-18-15-12-01-0400__CAM_FRONT__1537298069262404.jpg", "samples/CAM_FRONT_RIGHT/n008-2018-09-18-15-12-01-0400__CAM_FRONT_RIGHT__1537298069270482.jpg", "samples/CAM_BACK_LEFT/n008-2018-09-18-15-12-01-0400__CAM_BACK_LEFT__1537298069297405.jpg", "samples/CAM_BACK/n008-2018-09-18-15-12-01-0400__CAM_BACK__1537298069287558.jpg", "samples/CAM_BACK_RIGHT/n008-2018-09-18-15-12-01-0400__CAM_BACK_RIGHT__1537298069278113.jpg"], "intrinsics": [[[1257.8625342125129, 0.0, 827.2410631095686], [0.0, 1257.8625342125129, 450.915498205774], [0.0, 0.0, 1.0]], [[1252.8131021185304, 0.0, 826.588114781398], [0.0, 1252.8131021185304, 469.9846626224581], [0.0, 0.0, 1.0]], [[1256.7485116440405, 0.0, 817.7887570959712], [0.0, 1256.7485116440403, 451.9541780095127], [0.0, 0.0, 1.0]], [[1254.9860565800168, 0.0, 829.5769333630991], [0.0, 1254.9860565800168, 467.1680561863987], [0.0, 0.0, 1.0]], [[796.8910634503094, 0.0, 857.7774326863696], [0.0, 796.8910634503094, 476.8848988407415], [0.0, 0.0, 1.0]], [[1249.9629280788233, 0.0, 825.3768045375984], [0.0, 1249.9629280788233, 462.54816385708756], [0.0, 0.0, 1.0]]], "extrinsics": [[[0.8211792707443237, -0.5693918466567993, -0.03817756474018097, -0.8212890625], [-0.03436991944909096, 0.01743146777153015, -0.9992571473121643, 1.4805946350097656], [0.5696343779563904, 0.8218814730644226, -0.005255592055618763, -1.2059326171875], [0.0, 0.0, 0.0, 1.0]], [[0.008903518319129944, -0.9998679161071777, -0.013598393648862839, 0.006988525390625], [-0.03234138339757919, 0.01330388430505991, -0.9993883967399597, 1.4741935729980469], [0.9994372725486755, 0.009337745606899261, -0.03221866115927696, -1.550537109375], [0.0, 0.0, 0.0, 1.0]], [[-0.8443417549133301, -0.5355023741722107, 0.01800638996064663, 0.9698486328125], [-0.024222545325756073, 0.004577362909913063, -0.9996960759162903, 1.4895973205566406], [0.5352572202682495, -0.8445213437080383, -0.016836091876029968, -1.2008056640625], [0.0, 0.0, 0.0, 1.0]], [[0.9471439123153687, 0.31826311349868774, -0.04033781588077545, -1.1385498046875], [-0.04913690686225891, 0.019664373248815536, -0.9985984563827515, 1.5617599487304688], [-0.3170238435268402, 0.9477984309196472, 0.03426346182823181, -0.15789794921875], [0.0, 0.0, 0.0, 1.0]], [[0.010219559073448181, 0.9998793601989746, 0.01169573049992323, -0.028228759765625], [-0.04717618227005005, 0.012165427207946777, -0.9988124370574951, 1.5654144287109375], [-0.9988343715667725, 0.009655688889324665, 0.047294821590185165, -0.011474609375], [0.0, 0.0, 0.0, 1.0]], [[-0.9227961897850037, 0.38361936807632446, 0.03582362085580826, 1.064697265625], [-0.0431525781750679, -0.01051240786910057, -0.9990131855010986, 1.5433197021484375], [-0.3828642666339874, -0.9234315156936646, 0.02625497616827488, -0.083465576171875], [0.0, 0.0, 0.0, 1.0]]], "view": [[0.0, -2.0, 100.0], [-2.0, 0.0, 100.0], [0.0, 0.0, 1.0]], "bev": "bev_46b14e4b314b4f4c892500bc9e3e617d.png", "aux": "aux_46b14e4b314b4f4c892500bc9e3e617d.npz", "visibility": "visibility_46b14e4b314b4f4c892500bc9e3e617d.png", "pose": [[-0.6529588103294373, 0.7573934197425842, 0.0, 1312.994384765625], [-0.7573934197425842, -0.6529588103294373, 0.0, 1088.660400390625], [0.0, 0.0, 1.0, 0.0], [0.0, 0.0, 0.0, 1.0]], "pose_inverse": [[-0.6529588103294373, -0.7573934197425842, 0.0, 1681.87548828125], [0.7573934197425842, -0.6529588103294373, 0.0, -283.6028747558594], [0.0, 0.0, 1.0, 0.0], [0.0, 0.0, 0.0, 1.0]], "cam_ids": [0, 1, 2, 3, 4, 5], "cam_channels": ["CAM_FRONT_LEFT", "CAM_FRONT", "CAM_FRONT_RIGHT", "CAM_BACK_LEFT", "CAM_BACK", "CAM_BACK_RIGHT"], "token": "46b14e4b314b4f4c892500bc9e3e617d", "scene": "scene-0910"}, {"images": ["samples/CAM_FRONT_LEFT/n008-2018-09-18-15-12-01-0400__CAM_FRONT_LEFT__1537298069754799.jpg", "samples/CAM_FRONT/n008-2018-09-18-15-12-01-0400__CAM_FRONT__1537298069762404.jpg", "samples/CAM_FRONT_RIGHT/n008-2018-09-18-15-12-01-0400__CAM_FRONT_RIGHT__1537298069770482.jpg", "samples/CAM_BACK_LEFT/n008-2018-09-18-15-12-01-0400__CAM_BACK_LEFT__1537298069797405.jpg", "samples/CAM_BACK/n008-2018-09-18-15-12-01-0400__CAM_BACK__1537298069787558.jpg", "samples/CAM_BACK_RIGHT/n008-2018-09-18-15-12-01-0400__CAM_BACK_RIGHT__1537298069778113.jpg"], "intrinsics": [[[1257.8625342125129, 0.0, 827.2410631095686], [0.0, 1257.8625342125129, 450.915498205774], [0.0, 0.0, 1.0]], [[1252.8131021185304, 0.0, 826.588114781398], [0.0, 1252.8131021185304, 469.9846626224581], [0.0, 0.0, 1.0]], [[1256.7485116440405, 0.0, 817.7887570959712], [0.0, 1256.7485116440403, 451.9541780095127], [0.0, 0.0, 1.0]], [[1254.9860565800168, 0.0, 829.5769333630991], [0.0, 1254.9860565800168, 467.1680561863987], [0.0, 0.0, 1.0]], [[796.8910634503094, 0.0, 857.7774326863696], [0.0, 796.8910634503094, 476.8848988407415], [0.0, 0.0, 1.0]], [[1249.9629280788233, 0.0, 825.3768045375984], [0.0, 1249.9629280788233, 462.54816385708756], [0.0, 0.0, 1.0]]], "extrinsics": [[[0.8209192752838135, -0.5695012807846069, -0.041950106620788574, -0.8272705078125], [-0.036380838602781296, 0.021153965964913368, -0.9991140365600586, 1.4804153442382812], [0.5698842406272888, 0.8217182159423828, -0.003353237407281995, -1.210205078125], [0.0, 0.0, 0.0, 1.0]], [[0.008536521345376968, -0.9998138546943665, -0.017302844673395157, 0.007080078125], [-0.034404512494802475, 0.016999568790197372, -0.9992634057998657, 1.4740447998046875], [0.9993715286254883, 0.00912561547011137, -0.034252990037202835, -1.55712890625], [0.0, 0.0, 0.0, 1.0]], [[-0.8444814682006836, -0.5352871417999268, 0.017849713563919067, 0.974853515625], [-0.02635427936911583, 0.008243797346949577, -0.999618649482727, 1.4894599914550781], [0.5349358320236206, -0.8446300029754639, -0.021068843081593513, -1.204345703125], [0.0, 0.0, 0.0, 1.0]], [[0.9470914602279663, 0.3182569742202759, -0.04159608110785484, -1.13916015625], [-0.05162815377116203, 0.023148393258452415, -0.9983980655670166, 1.5617828369140625], [-0.3167843818664551, 0.9477217793464661, 0.03835466876626015, -0.15777587890625], [0.0, 0.0, 0.0, 1.0]], [[0.01045915950089693, 0.9998290538787842, 0.015247958712279797, -0.028289794921875], [-0.049574486911296844, 0.015748515725135803, -0.9986461997032166, 1.5654373168945312], [-0.9987156987190247, 0.00968910101801157, 0.049730729311704636, -0.0086669921875], [0.0, 0.0, 0.0, 1.0]], [[-0.9226067066192627, 0.38373851776123047, 0.03926129639148712, 1.06884765625], [-0.045368894934654236, -0.0068737235851585865, -0.9989466667175293, 1.5432968139648438], [-0.3830643892288208, -0.9234161972999573, 0.023751534521579742, -0.081939697265625], [0.0, 0.0, 0.0, 1.0]]], "view": [[0.0, -2.0, 100.0], [-2.0, 0.0, 100.0], [0.0, 0.0, 1.0]], "bev": "bev_c1de90e296244a6a900dc38748b89c4b.png", "aux": "aux_c1de90e296244a6a900dc38748b89c4b.npz", "visibility": "visibility_c1de90e296244a6a900dc38748b89c4b.png", "pose": [[-0.6502664089202881, 0.7597062587738037, 0.0, 1311.308837890625], [-0.7597062587738037, -0.6502664089202881, 0.0, 1086.70703125], [0.0, 0.0, 1.0, 0.0], [0.0, 0.0, 0.0, 1.0]], "pose_inverse": [[-0.6502664089202881, -0.7597062587738037, 0.0, 1678.2781982421875], [0.7597062587738037, -0.6502664089202881, 0.0, -289.56048583984375], [0.0, 0.0, 1.0, 0.0], [0.0, 0.0, 0.0, 1.0]], "cam_ids": [0, 1, 2, 3, 4, 5], "cam_channels": ["CAM_FRONT_LEFT", "CAM_FRONT", "CAM_FRONT_RIGHT", "CAM_BACK_LEFT", "CAM_BACK", "CAM_BACK_RIGHT"], "token": "c1de90e296244a6a900dc38748b89c4b", "scene": "scene-0910"}, {"images": ["samples/CAM_FRONT_LEFT/n008-2018-09-18-15-12-01-0400__CAM_FRONT_LEFT__1537298070254799.jpg", "samples/CAM_FRONT/n008-2018-09-18-15-12-01-0400__CAM_FRONT__1537298070262404.jpg", "samples/CAM_FRONT_RIGHT/n008-2018-09-18-15-12-01-0400__CAM_FRONT_RIGHT__1537298070270482.jpg", "samples/CAM_BACK_LEFT/n008-2018-09-18-15-12-01-0400__CAM_BACK_LEFT__1537298070297405.jpg", "samples/CAM_BACK/n008-2018-09-18-15-12-01-0400__CAM_BACK__1537298070287558.jpg", "samples/CAM_BACK_RIGHT/n008-2018-09-18-15-12-01-0400__CAM_BACK_RIGHT__1537298070278113.jpg"], "intrinsics": [[[1257.8625342125129, 0.0, 827.2410631095686], [0.0, 1257.8625342125129, 450.915498205774], [0.0, 0.0, 1.0]], [[1252.8131021185304, 0.0, 826.588114781398], [0.0, 1252.8131021185304, 469.9846626224581], [0.0, 0.0, 1.0]], [[1256.7485116440405, 0.0, 817.7887570959712], [0.0, 1256.7485116440403, 451.9541780095127], [0.0, 0.0, 1.0]], [[1254.9860565800168, 0.0, 829.5769333630991], [0.0, 1254.9860565800168, 467.1680561863987], [0.0, 0.0, 1.0]], [[796.8910634503094, 0.0, 857.7774326863696], [0.0, 796.8910634503094, 476.8848988407415], [0.0, 0.0, 1.0]], [[1249.9629280788233, 0.0, 825.3768045375984], [0.0, 1249.9629280788233, 462.54816385708756], [0.0, 0.0, 1.0]]], "extrinsics": [[[0.8213388323783875, -0.5690658092498779, -0.03957974910736084, -0.8135986328125], [-0.03318953141570091, 0.02159479260444641, -0.9992157816886902, 1.4805641174316406], [0.5694742798805237, 0.8220083713531494, -0.0011503893183544278, -1.20263671875], [0.0, 0.0, 0.0, 1.0]], [[0.009080302901566029, -0.999800443649292, -0.017795128747820854, 0.0086669921875], [-0.0313107892870903, 0.017502859234809875, -0.9993564486503601, 1.4741401672363281], [0.9994684457778931, 0.00963155273348093, -0.03114561177790165, -1.543212890625], [0.0, 0.0, 0.0, 1.0]], [[-0.8442941904067993, -0.5356701612472534, 0.014993507415056229, 0.96533203125], [-0.023364325985312462, 0.008844131603837013, -0.9996878504753113, 1.4895782470703125], [0.5353702902793884, -0.8443810939788818, -0.01998262107372284, -1.1966552734375], [0.0, 0.0, 0.0, 1.0]], [[0.9471909403800964, 0.31833213567733765, -0.03865395113825798, -1.13671875], [-0.048836637288331985, 0.024066055193543434, -0.9985167980194092, 1.5616607666015625], [-0.31692972779273987, 0.9476736783981323, 0.03834141790866852, -0.15850830078125], [0.0, 0.0, 0.0, 1.0]], [[0.010224977508187294, 0.9998181462287903, 0.016099553555250168, -0.02862548828125], [-0.04665170982480049, 0.016559842973947525, -0.9987739324569702, 1.5652847290039062], [-0.9988588690757751, 0.009461402893066406, 0.04681255295872688, -0.0150146484375], [0.0, 0.0, 0.0, 1.0]], [[-0.922843337059021, 0.38340863585472107, 0.03685242682695389, 1.0596923828125], [-0.04246288165450096, -0.006176439579576254, -0.9990789294242859, 1.5431900024414062], [-0.38282784819602966, -0.9235581755638123, 0.021980518475174904, -0.084503173828125], [0.0, 0.0, 0.0, 1.0]]], "view": [[0.0, -2.0, 100.0], [-2.0, 0.0, 100.0], [0.0, 0.0, 1.0]], "bev": "bev_7f72c0bb768046df8c15bf20f43b17e0.png", "aux": "aux_7f72c0bb768046df8c15bf20f43b17e0.npz", "visibility": "visibility_7f72c0bb768046df8c15bf20f43b17e0.png", "pose": [[-0.6476547718048096, 0.7619339227676392, 0.0, 1309.6033935546875], [-0.7619339227676392, -0.6476547718048096, 0.0, 1084.7294921875], [0.0, 0.0, 1.0, 0.0], [0.0, 0.0, 0.0, 1.0]], "pose_inverse": [[-0.6476547718048096, -0.7619339227676392, 0.0, 1674.6630859375], [0.7619339227676392, -0.6476547718048096, 0.0, -295.30096435546875], [0.0, 0.0, 1.0, 0.0], [0.0, 0.0, 0.0, 1.0]], "cam_ids": [0, 1, 2, 3, 4, 5], "cam_channels": ["CAM_FRONT_LEFT", "CAM_FRONT", "CAM_FRONT_RIGHT", "CAM_BACK_LEFT", "CAM_BACK", "CAM_BACK_RIGHT"], "token": "7f72c0bb768046df8c15bf20f43b17e0", "scene": "scene-0910"}, {"images": ["samples/CAM_FRONT_LEFT/n008-2018-09-18-15-12-01-0400__CAM_FRONT_LEFT__1537298070754799.jpg", "samples/CAM_FRONT/n008-2018-09-18-15-12-01-0400__CAM_FRONT__1537298070762514.jpg", "samples/CAM_FRONT_RIGHT/n008-2018-09-18-15-12-01-0400__CAM_FRONT_RIGHT__1537298070770482.jpg", "samples/CAM_BACK_LEFT/n008-2018-09-18-15-12-01-0400__CAM_BACK_LEFT__1537298070797405.jpg", "samples/CAM_BACK/n008-2018-09-18-15-12-01-0400__CAM_BACK__1537298070787558.jpg", "samples/CAM_BACK_RIGHT/n008-2018-09-18-15-12-01-0400__CAM_BACK_RIGHT__1537298070778113.jpg"], "intrinsics": [[[1257.8625342125129, 0.0, 827.2410631095686], [0.0, 1257.8625342125129, 450.915498205774], [0.0, 0.0, 1.0]], [[1252.8131021185304, 0.0, 826.588114781398], [0.0, 1252.8131021185304, 469.9846626224581], [0.0, 0.0, 1.0]], [[1256.7485116440405, 0.0, 817.7887570959712], [0.0, 1256.7485116440403, 451.9541780095127], [0.0, 0.0, 1.0]], [[1254.9860565800168, 0.0, 829.5769333630991], [0.0, 1254.9860565800168, 467.1680561863987], [0.0, 0.0, 1.0]], [[796.8910634503094, 0.0, 857.7774326863696], [0.0, 796.8910634503094, 476.8848988407415], [0.0, 0.0, 1.0]], [[1249.9629280788233, 0.0, 825.3768045375984], [0.0, 1249.9629280788233, 462.54816385708756], [0.0, 0.0, 1.0]]], "extrinsics": [[[0.8212356567382812, -0.5693687200546265, -0.037300799041986465, -0.81982421875], [-0.030796749517321587, 0.021046916022896767, -0.9993040561676025, 1.4813423156738281], [0.5697575807571411, 0.8218128681182861, -0.00025022952468134463, -1.20709228515625], [0.0, 0.0, 0.0, 1.0]], [[0.008772546425461769, -0.9998129606246948, -0.01723659783601761, 0.008331298828125], [-0.02876967564225197, 0.016977768391370773, -0.999441921710968, 1.474822998046875], [0.9995476007461548, 0.009263488464057446, -0.028615359216928482, -1.550048828125], [0.0, 0.0, 0.0, 1.0]], [[-0.8445072174072266, -0.5353862047195435, 0.01300433836877346, 0.969482421875], [-0.020682120695710182, 0.00833995919674635, -0.9997512698173523, 1.4900894165039062], [0.5351446270942688, -0.8445662260055542, -0.01811607927083969, -1.19970703125], [0.0, 0.0, 0.0, 1.0]], [[0.9472821354866028, 0.318374902009964, -0.03597196191549301, -1.1375732421875], [-0.0459010936319828, 0.02373737283051014, -0.9986639022827148, 1.5617294311523438], [-0.31709566712379456, 0.9476675987243652, 0.037099748849868774, -0.15838623046875], [0.0, 0.0, 0.0, 1.0]], [[0.010273558087646961, 0.9998239874839783, 0.01569935865700245, -0.028656005859375], [-0.0437873937189579, 0.016134947538375854, -0.99