[{"images": ["samples/CAM_FRONT_LEFT/n015-2018-10-08-16-03-24+0800__CAM_FRONT_LEFT__1538986117754844.jpg", "samples/CAM_FRONT/n015-2018-10-08-16-03-24+0800__CAM_FRONT__1538986117762460.jpg", "samples/CAM_FRONT_RIGHT/n015-2018-10-08-16-03-24+0800__CAM_FRONT_RIGHT__1538986117770339.jpg", "samples/CAM_BACK_LEFT/n015-2018-10-08-16-03-24+0800__CAM_BACK_LEFT__1538986117797423.jpg", "samples/CAM_BACK/n015-2018-10-08-16-03-24+0800__CAM_BACK__1538986117787525.jpg", "samples/CAM_BACK_RIGHT/n015-2018-10-08-16-03-24+0800__CAM_BACK_RIGHT__1538986117777893.jpg"], "intrinsics": [[[1272.5979470598488, 0.0, 826.6154927353808], [0.0, 1272.5979470598488, 479.75165386361925], [0.0, 0.0, 1.0]], [[1266.417203046554, 0.0, 816.2670197447984], [0.0, 1266.417203046554, 491.50706579294757], [0.0, 0.0, 1.0]], [[1260.8474446004698, 0.0, 807.968244525554], [0.0, 1260.8474446004698, 495.3344268742088], [0.0, 0.0, 1.0]], [[1256.7414812095406, 0.0, 792.1125740759628], [0.0, 1256.7414812095406, 492.7757465151356], [0.0, 0.0, 1.0]], [[809.2209905677063, 0.0, 829.2196003259838], [0.0, 809.2209905677063, 481.77842384512485], [0.0, 0.0, 1.0]], [[1259.5137405846733, 0.0, 807.2529053838625], [0.0, 1259.5137405846733, 501.19579884916527], [0.0, 0.0, 1.0]]], "extrinsics": [[[0.817470908164978, -0.5749727487564087, -0.033874690532684326, -0.7028884887695312], [-0.07684626430273056, -0.05059123411774635, -0.995758593082428, 1.4838104248046875], [0.5708202719688416, 0.8166069388389587, -0.08554136753082275, -1.099365234375], [0.0, 0.0, 0.0, 1.0]], [[0.00474880076944828, -0.9985209107398987, 0.05416114255785942, 0.0078125], [-0.08148816972970963, -0.0543680340051651, -0.9951903223991394, 1.4992218017578125], [0.9966630339622498, 0.0003124764480162412, -0.08162581920623779, -1.4305419921875], [0.0, 0.0, 0.0, 1.0]], [[-0.8316494226455688, -0.5490499138832092, 0.0830860361456871, 0.8636474609375], [-0.07519230991601944, -0.036900896579027176, -0.9964860081672668, 1.488372802734375], [0.5501864552497864, -0.8349745273590088, -0.010595717467367649, -1.13543701171875], [0.0, 0.0, 0.0, 1.0]], [[0.9455145597457886, 0.315013587474823, -0.08227215707302094, -1.140380859375], [-0.06456880271434784, -0.06624677032232285, -0.9957118630409241, 1.5884246826171875], [-0.3191130757331848, 0.9467723369598389, -0.042297229170799255, -0.1043701171875], [0.0, 0.0, 0.0, 1.0]], [[0.00238114595413208, 0.9983744621276855, -0.05694613233208656, 0.002197265625], [-0.09059428423643112, -0.0564967505633831, -0.9942840337753296, 1.5725555419921875], [-0.9958850741386414, 0.007526530884206295, 0.09031248837709427, -0.0736083984375], [0.0, 0.0, 0.0, 1.0]], [[-0.9328110218048096, 0.3581409156322479, 0.03998400270938873, 0.99822998046875], [-0.05875689908862114, -0.04168461635708809, -0.9974016547203064, 1.5428466796875], [-0.3555436134338379, -0.9327365756034851, 0.05992712080478668, -0.1148681640625], [0.0, 0.0, 0.0, 1.0]]], "view": [[0.0, -2.0, 100.0], [-2.0, 0.0, 100.0], [0.0, 0.0, 1.0]], "bev": "bev_458e2f4dbe574944af82fba2ddbfd022.png", "aux": "aux_458e2f4dbe574944af82fba2ddbfd022.npz", "visibility": "visibility_458e2f4dbe574944af82fba2ddbfd022.png", "pose": [[-0.9979825019836426, 0.0634898915886879, 0.0, 943.43798828125], [-0.0634898915886879, -0.9979825019836426, 0.0, 1722.5531005859375], [0.0, 0.0, 1.0, 0.0], [0.0, 0.0, 0.0, 1.0]], "pose_inverse": [[-0.9979825019836426, -0.0634898915886879, 0.0, 1050.8992919921875], [0.0634898915886879, -0.9979825019836426, 0.0, 1659.1790771484375], [0.0, 0.0, 1.0, 0.0], [0.0, 0.0, 0.0, 1.0]], "cam_ids": [0, 1, 2, 3, 4, 5], "cam_channels": ["CAM_FRONT_LEFT", "CAM_FRONT", "CAM_FRONT_RIGHT", "CAM_BACK_LEFT", "CAM_BACK", "CAM_BACK_RIGHT"], "token": "458e2f4dbe574944af82fba2ddbfd022", "scene": "scene-0858"}, {"images": ["samples/CAM_FRONT_LEFT/n015-2018-10-08-16-03-24+0800__CAM_FRONT_LEFT__1538986118254844.jpg", "samples/CAM_FRONT/n015-2018-10-08-16-03-24+0800__CAM_FRONT__1538986118262460.jpg", "samples/CAM_FRONT_RIGHT/n015-2018-10-08-16-03-24+0800__CAM_FRONT_RIGHT__1538986118270339.jpg", "samples/CAM_BACK_LEFT/n015-2018-10-08-16-03-24+0800__CAM_BACK_LEFT__1538986118297423.jpg", "samples/CAM_BACK/n015-2018-10-08-16-03-24+0800__CAM_BACK__1538986118287525.jpg", "samples/CAM_BACK_RIGHT/n015-2018-10-08-16-03-24+0800__CAM_BACK_RIGHT__1538986118277893.jpg"], "intrinsics": [[[1272.5979470598488, 0.0, 826.6154927353808], [0.0, 1272.5979470598488, 479.75165386361925], [0.0, 0.0, 1.0]], [[1266.417203046554, 0.0, 816.2670197447984], [0.0, 1266.417203046554, 491.50706579294757], [0.0, 0.0, 1.0]], [[1260.8474446004698, 0.0, 807.968244525554], [0.0, 1260.8474446004698, 495.3344268742088], [0.0, 0.0, 1.0]], [[1256.7414812095406, 0.0, 792.1125740759628], [0.0, 1256.7414812095406, 492.7757465151356], [0.0, 0.0, 1.0]], [[809.2209905677063, 0.0, 829.2196003259838], [0.0, 809.2209905677063, 481.77842384512485], [0.0, 0.0, 1.0]], [[1259.5137405846733, 0.0, 807.2529053838625], [0.0, 1259.5137405846733, 501.19579884916527], [0.0, 0.0, 1.0]]], "extrinsics": [[[0.8181984424591064, -0.57368004322052, -0.037980545312166214, -0.7178955078125], [-0.06567316502332687, -0.027628056704998016, -0.9974586367607117, 1.48858642578125], [0.5711727142333984, 0.8186134099960327, -0.060280609875917435, -1.1102294921875], [0.0, 0.0, 0.0, 1.0]], [[0.0047923726961016655, -0.9995014071464539, 0.031205888837575912, 0.0078125], [-0.07134998589754105, -0.03146848827600479, -0.9969548583030701, 1.5029678344726562], [0.9974398016929626, 0.0025512389838695526, -0.07146520912647247, -1.44580078125], [0.0, 0.0, 0.0, 1.0]], [[-0.8320943117141724, -0.5510545372962952, 0.06291201710700989, 0.87353515625], [-0.06612423062324524, -0.014057583175599575, -0.9977123737335205, 1.4909744262695312], [0.5506783723831177, -0.8343508243560791, -0.024740826338529587, -1.141845703125], [0.0, 0.0, 0.0, 1.0]], [[0.945900559425354, 0.31689414381980896, -0.06964363157749176, -1.14111328125], [-0.058753419667482376, -0.04380472004413605, -0.9973109364509583, 1.5885009765625], [-0.31909266114234924, 0.9474488496780396, -0.02281629666686058, -0.104248046875], [0.0, 0.0, 0.0, 1.0]], [[0.0024498754646629095, 0.9994083046913147, -0.03430790454149246, 0.00244140625], [-0.08367296308279037, -0.03398283198475838, -0.9959136843681335, 1.57342529296875], [-0.9964902400970459, 0.0053105163387954235, 0.08354020118713379, -0.069091796875], [0.0, 0.0, 0.0, 1.0]], [[-0.933253288269043, 0.3569214344024658, 0.04056236892938614, 1.00579833984375], [-0.050645794719457626, -0.018946299329400063, -0.9985369443893433, 1.5444259643554688], [-0.3556307256221771, -0.9339422583580017, 0.03575826808810234, -0.11181640625], [0.0, 0.0, 0.0, 1.0]]], "view": [[0.0, -2.0, 100.0], [-2.0, 0.0, 100.0], [0.0, 0.0, 1.0]], "bev": "bev_b47adfed9059465bbb53e369a04d3d20.png", "aux": "aux_b47adfed9059465bbb53e369a04d3d20.npz", "visibility": "visibility_b47adfed9059465bbb53e369a04d3d20.png", "pose": [[-0.9968858361244202, 0.07885826379060745, 0.0, 939.7748413085938], [-0.07885826379060745, -0.9968858361244202, 0.0, 1722.308349609375], [0.0, 0.0, 1.0, 0.0], [0.0, 0.0, 0.0, 1.0]], "pose_inverse": [[-0.9968858361244202, -0.07885826379060745, 0.0, 1072.66650390625], [0.07885826379060745, -0.9968858361244202, 0.0, 1642.8358154296875], [0.0, 0.0, 1.0, 0.0], [0.0, 0.0, 0.0, 1.0]], "cam_ids": [0, 1, 2, 3, 4, 5], "cam_channels": ["CAM_FRONT_LEFT", "CAM_FRONT", "CAM_FRONT_RIGHT", "CAM_BACK_LEFT", "CAM_BACK", "CAM_BACK_RIGHT"], "token": "b47adfed9059465bbb53e369a04d3d20", "scene": "scene-0858"}, {"images": ["samples/CAM_FRONT_LEFT/n015-2018-10-08-16-03-24+0800__CAM_FRONT_LEFT__1538986118754856.jpg", "samples/CAM_FRONT/n015-2018-10-08-16-03-24+0800__CAM_FRONT__1538986118762460.jpg", "samples/CAM_FRONT_RIGHT/n015-2018-10-08-16-03-24+0800__CAM_FRONT_RIGHT__1538986118770339.jpg", "samples/CAM_BACK_LEFT/n015-2018-10-08-16-03-24+0800__CAM_BACK_LEFT__1538986118797423.jpg", "samples/CAM_BACK/n015-2018-10-08-16-03-24+0800__CAM_BACK__1538986118787525.jpg", "samples/CAM_BACK_RIGHT/n015-2018-10-08-16-03-24+0800__CAM_BACK_RIGHT__1538986118777893.jpg"], "intrinsics": [[[1272.5979470598488, 0.0, 826.6154927353808], [0.0, 1272.5979470598488, 479.75165386361925], [0.0, 0.0, 1.0]], [[1266.417203046554, 0.0, 816.2670197447984], [0.0, 1266.417203046554, 491.50706579294757], [0.0, 0.0, 1.0]], [[1260.8474446004698, 0.0, 807.968244525554], [0.0, 1260.8474446004698, 495.3344268742088], [0.0, 0.0, 1.0]], [[1256.7414812095406, 0.0, 792.1125740759628], [0.0, 1256.7414812095406, 492.7757465151356], [0.0, 0.0, 1.0]], [[809.2209905677063, 0.0, 829.2196003259838], [0.0, 809.2209905677063, 481.77842384512485], [0.0, 0.0, 1.0]], [[1259.5137405846733, 0.0, 807.2529053838625], [0.0, 1259.5137405846733, 501.19579884916527], [0.0, 0.0, 1.0]]], "extrinsics": [[[0.8177493810653687, -0.5723082423210144, -0.061229951679706573, -0.7292518615722656], [-0.08277895301580429, -0.01166647206991911, -0.9964995980262756, 1.4847946166992188], [0.5695905685424805, 0.8199555277824402, -0.05691533163189888, -1.1229248046875], [0.0, 0.0, 0.0, 1.0]], [[0.005604355130344629, -0.9998635649681091, 0.015535636804997921, 0.0111083984375], [-0.08865687251091003, -0.015971515327692032, -0.995934247970581, 1.499908447265625], [0.9960464239120483, 0.004204241093248129, -0.08873429149389267, -1.459716796875], [0.0, 0.0, 0.0, 1.0]], [[-0.8308612108230591, -0.5521559119224548, 0.06923352926969528, 0.884033203125], [-0.08367613703012466, 0.0009645140962675214, -0.9964925050735474, 1.4885101318359375], [0.5501524806022644, -0.8337402939796448, -0.047003645449876785, -1.14617919921875], [0.0, 0.0, 0.0, 1.0]], [[0.9445534348487854, 0.3176361918449402, -0.08322270214557648, -1.1446533203125], [-0.07748644798994064, -0.030673829838633537, -0.9965214133262634, 1.588775634765625], [-0.3190840780735016, 0.9477163553237915, -0.004360568709671497, -0.1038818359375], [0.0, 0.0, 0.0, 1.0]], [[0.002178907860070467, 0.999788224697113, -0.020461829379200935, 0.001220703125], [-0.10188484191894531, -0.020133445039391518, -0.9945924282073975, 1.5727691650390625], [-0.9947938323020935, 0.004251883365213871, 0.10181939601898193, -0.0628662109375], [0.0, 0.0, 0.0, 1.0]], [[-0.9322822690010071, 0.3563011586666107, 0.062443558126688004, 1.013641357421875], [-0.06850067526102066, -0.004394276533275843, -0.997641384601593, 1.5425262451171875], [-0.35518643260002136, -0.9343608021736145, 0.028503578156232834, -0.1075439453125], [0.0, 0.0, 0.0, 1.0]]], "view": [[0.0, -2.0, 100.0], [-2.0, 0.0, 100.0], [0.0, 0.0, 1.0]], "bev": "bev_597b0e91204d439e9fc3f9de05b72fe0.png", "aux": "aux_597b0e91204d439e9fc3f9de05b72fe0.npz", "visibility": "visibility_597b0e91204d439e9fc3f9de05b72fe0.png", "pose": [[-0.996363639831543, 0.08520247042179108, 0.0, 936.3649291992188], [-0.08520247042179108, -0.996363639831543, 0.0, 1722.0631103515625], [0.0, 0.0, 1.0, 0.0], [0.0, 0.0, 0.0, 1.0]], "pose_inverse": [[-0.996363639831543, -0.08520247042179108, 0.0, 1079.6839599609375], [0.08520247042179108, -0.996363639831543, 0.0, 1636.0205078125], [0.0, 0.0, 1.0, 0.0], [0.0, 0.0, 0.0, 1.0]], "cam_ids": [0, 1, 2, 3, 4, 5], "cam_channels": ["CAM_FRONT_LEFT", "CAM_FRONT", "CAM_FRONT_RIGHT", "CAM_BACK_LEFT", "CAM_BACK", "CAM_BACK_RIGHT"], "token": "597b0e91204d439e9fc3f9de05b72fe0", "scene": "scene-0858"}, {"images": ["samples/CAM_FRONT_LEFT/n015-2018-10-08-16-03-24+0800__CAM_FRONT_LEFT__1538986119254844.jpg", "samples/CAM_FRONT/n015-2018-10-08-16-03-24+0800__CAM_FRONT__1538986119262460.jpg", "samples/CAM_FRONT_RIGHT/n015-2018-10-08-16-03-24+0800__CAM_FRONT_RIGHT__1538986119270339.jpg", "samples/CAM_BACK_LEFT/n015-2018-10-08-16-03-24+0800__CAM_BACK_LEFT__1538986119297423.jpg", "samples/CAM_BACK/n015-2018-10-08-16-03-24+0800__CAM_BACK__1538986119287527.jpg", "samples/CAM_BACK_RIGHT/n015-2018-10-08-16-03-24+0800__CAM_BACK_RIGHT__1538986119277893.jpg"], "intrinsics": [[[1272.5979470598488, 0.0, 826.6154927353808], [0.0, 1272.5979470598488, 479.75165386361925], [0.0, 0.0, 1.0]], [[1266.417203046554, 0.0, 816.2670197447984], [0.0, 1266.417203046554, 491.50706579294757], [0.0, 0.0, 1.0]], [[1260.8474446004698, 0.0, 807.968244525554], [0.0, 1260.8474446004698, 495.3344268742088], [0.0, 0.0, 1.0]], [[1256.7414812095406, 0.0, 792.1125740759628], [0.0, 1256.7414812095406, 492.7757465151356], [0.0, 0.0, 1.0]], [[809.2209905677063, 0.0, 829.2196003259838], [0.0, 809.2209905677063, 481.77842384512485], [0.0, 0.0, 1.0]], [[1259.5137405846733, 0.0, 807.2529053838625], [0.0, 1259.5137405846733, 501.19579884916527], [0.0, 0.0, 1.0]]], "extrinsics": [[[0.8143801093101501, -0.5743305087089539, -0.0832439735531807, -0.7375640869140625], [-0.12171410024166107, -0.028783446177840233, -0.9921477437019348, 1.47467041015625], [0.5674245953559875, 0.8181173801422119, -0.09334476292133331, -1.1258544921875], [0.0, 0.0, 0.0, 1.0]], [[0.005549022927880287, -0.9994479417800903, 0.03275764733552933, 0.009033203125], [-0.1271711140871048, -0.03319748863577843, -0.9913251399993896, 1.4918212890625], [0.991865336894989, 0.0013350531226024032, -0.12728510797023773, -1.4676513671875], [0.0, 0.0, 0.0, 1.0]], [[-0.8279868960380554, -0.5497109293937683, 0.11070568859577179, 0.88916015625], [-0.1217789351940155, -0.016436494886875153, -0.9924211502075195, 1.482421875], [0.547364354133606, -0.8351932764053345, -0.05333400517702103, -1.15142822265625], [0.0, 0.0, 0.0, 1.0]], [[0.9411402940750122, 0.31475940346717834, -0.12321346998214722, -1.150634765625], [-0.11376024782657623, -0.04830509424209595, -0.992333173751831, 1.5895843505859375], [-0.3182980716228485, 0.9479415416717529, -0.009654759429395199, -0.1014404296875], [0.0, 0.0, 0.0, 1.0]], [[0.002181918127462268, 0.9992638230323792, -0.038306061178445816, 0.001708984375], [-0.1387660950422287, -0.03763299435377121, -0.9896098971366882, 1.57122802734375], [-0.9903228878974915, 0.007474825717508793, 0.1385817974805832, -0.0565185546875], [0.0, 0.0, 0.0, 1.0]], [[-0.928985059261322, 0.35867592692375183, 0.09131493419408798, 1.019805908203125], [-0.10617765784263611, -0.021916024386882782, -0.9941056370735168, 1.538238525390625], [-0.354560524225235, -0.9332048892974854, 0.05844302102923393, -0.1063232421875], [0.0, 0.0, 0.0, 1.0]]], "view": [[0.0, -2.0, 100.0], [-2.0, 0.0, 100.0], [0.0, 0.0, 1.0]], "bev": "bev_6dc5dbe7504e47a58dc75af5e443b7af.png", "aux": "aux_6dc5dbe7504e47a58dc75af5e443b7af.npz", "visibility": "visibility_6dc5dbe7504e47a58dc75af5e443b7af.png", "pose": [[-0.9959831237792969, 0.08954145759344101, 0.0, 933.0262451171875], [-0.08954145759344101, -0.9959831237792969, 0.0, 1721.7998046875], [0.0, 0.0, 1.0, 0.0], [0.0, 0.0, 0.0, 1.0]], "pose_inverse": [[-0.9959831237792969, -0.08954145759344101, 0.0, 1083.4508056640625], [0.08954145759344101, -0.9959831237792969, 0.0, 1631.3389892578125], [0.0, 0.0, 1.0, 0.0], [0.0, 0.0, 0.0, 1.0]], "cam_ids": [0, 1, 2, 3, 4, 5], "cam_channels": ["CAM_FRONT_LEFT", "CAM_FRONT", "CAM_FRONT_RIGHT", "CAM_BACK_LEFT", "CAM_BACK", "CAM_BACK_RIGHT"], "token": "6dc5dbe7504e47a58dc75af5e443b7af", "scene": "scene-0858"}, {"images": ["samples/CAM_FRONT_LEFT/n015-2018-10-08-16-03-24+0800__CAM_FRONT_LEFT__1538986119754844.jpg", "samples/CAM_FRONT/n015-2018-10-08-16-03-24+0800__CAM_FRONT__1538986119762460.jpg", "samples/CAM_FRONT_RIGHT/n015-2018-10-08-16-03-24+0800__CAM_FRONT_RIGHT__1538986119770339.jpg", "samples/CAM_BACK_LEFT/n015-2018-10-08-16-03-24+0800__CAM_BACK_LEFT__1538986119797423.jpg", "samples/CAM_BACK/n015-2018-10-08-16-03-24+0800__CAM_BACK__1538986119787525.jpg", "samples/CAM_BACK_RIGHT/n015-2018-10-08-16-03-24+0800__CAM_BACK_RIGHT__1538986119777893.jpg"], "intrinsics": [[[1272.5979470598488, 0.0, 826.6154927353808], [0.0, 1272.5979470598488, 479.75165386361925], [0.0, 0.0, 1.0]], [[1266.417203046554, 0.0, 816.2670197447984], [0.0, 1266.417203046554, 491.50706579294757], [0.0, 0.0, 1.0]], [[1260.8474446004698, 0.0, 807.968244525554], [0.0, 1260.8474446004698, 495.3344268742088], [0.0, 0.0, 1.0]], [[1256.7414812095406, 0.0, 792.1125740759628], [0.0, 1256.7414812095406, 492.7757465151356], [0.0, 0.0, 1.0]], [[809.2209905677063, 0.0, 829.2196003259838], [0.0, 809.2209905677063, 481.77842384512485], [0.0, 0.0, 1.0]], [[1259.5137405846733, 0.0, 807.2529053838625], [0.0, 1259.5137405846733, 501.19579884916527], [0.0, 0.0, 1.0]]], "extrinsics": [[[0.8135501146316528, -0.576056182384491, -0.07934314012527466, -0.7406692504882812], [-0.12446308881044388, -0.03921893239021301, -0.9914488792419434, 1.474273681640625], [0.5680184960365295, 0.8164686560630798, -0.10360430181026459, -1.1265869140625], [0.0, 0.0, 0.0, 1.0]], [[0.004785467870533466, -0.9990547895431519, 0.043202269822359085, 0.0081787109375], [-0.1295827180147171, -0.043458037078380585, -0.9906158447265625, 1.4915313720703125], [0.9915570020675659, -0.0008577051921747625, -0.1296682059764862, -1.4696044921875], [0.0, 0.0, 0.0, 1.0]], [[-0.8281150460243225, -0.5479899048805237, 0.11803564429283142, 0.889404296875], [-0.12381614744663239, -0.026554133743047714, -0.9919497966766357, 1.4821929931640625], [0.5467127561569214, -0.8360633254051208, -0.04586012288928032, -1.15252685546875], [0.0, 0.0, 0.0, 1.0]], [[0.9413298964500427, 0.3126785159111023, -0.12700435519218445, -1.1480712890625], [-0.11459355056285858, -0.05783378332853317, -0.9917275309562683, 1.5892486572265625], [-0.317437082529068, 0.9480966925621033, -0.018609730526804924, -0.100830078125], [0.0, 0.0, 0.0, 1.0]], [[0.0027817098889499903, 0.9988338351249695, -0.048200372606515884, 0.0028076171875], [-0.14006030559539795, -0.047336284071207047, -0.9890108108520508, 1.5709075927734375], [-0.9901390075683594, 0.009502089582383633, 0.13976530730724335, -0.057861328125], [0.0, 0.0, 0.0, 1.0]], [[-0.9286619424819946, 0.36002451181411743, 0.08926977217197418, 1.01971435546875], [-0.10788912326097488, -0.031913287937641144, -0.9936506152153015, 1.5380096435546875], [-0.3548896610736847, -0.9323968887329102, 0.06847938895225525, -0.10693359375], [0.0, 0.0, 0.0, 1.0]]], "view": [[0.0, -2.0, 100.0], [-2.0, 0.0, 100.0], [0.0, 0.0, 1.0]], "bev": "bev_0cbb7c73a5f14631833f1a61cfce51bb.png", "aux": "aux_0cbb7c73a5f14631833f1a61cfce51bb.npz", "visibility": "visibility_0cbb7c73a5f14631833f1a61cfce51bb.png", "pose": [[-0.9961521625518799, 0.08764025568962097, 0.0, 929.6729125976562], [-0.08764025568962097, -0.9961521625518799, 0.0, 1721.5377197265625], [0.0, 0.0, 1.0, 0.0], [0.0, 0.0, 0.0, 1.0]], "pose_inverse": [[-0.9961521625518799, -0.08764025568962097, 0.0, 1076.9716796875], [0.08764025568962097, -0.9961521625518799, 0.0, 1633.436767578125], [0.0, 0.0, 1.0, 0.0], [0.0, 0.0, 0.0, 1.0]], "cam_ids": [0, 1, 2, 3, 4, 5], "cam_channels": ["CAM_FRONT_LEFT", "CAM_FRONT", "CAM_FRONT_RIGHT", "CAM_BACK_LEFT", "CAM_BACK", "CAM_BACK_RIGHT"], "token": "0cbb7c73a5f14631833f1a61cfce51bb", "scene": "scene-0858"}, {"images": ["samples/CAM_FRONT_LEFT/n015-2018-10-08-16-03-24+0800__CAM_FRONT_LEFT__1538986120254844.jpg", "samples/CAM_FRONT/n015-2018-10-08-16-03-24+0800__CAM_FRONT__1538986120262460.jpg", "samples/CAM_FRONT_RIGHT/n015-2018-10-08-16-03-24+0800__CAM_FRONT_RIGHT__1538986120270339.jpg", "samples/CAM_BACK_LEFT/n015-2018-10-08-16-03-24+0800__CAM_BACK_LEFT__1538986120297423.jpg", "samples/CAM_BACK/n015-2018-10-08-16-03-24+0800__CAM_BACK__1538986120287525.jpg", "samples/CAM_BACK_RIGHT/n015-2018-10-08-16-03-24+0800__CAM_BACK_RIGHT__1538986120277893.jpg"], "intrinsics": [[[1272.5979470598488, 0.0, 826.6154927353808], [0.0, 1272.5979470598488, 479.75165386361925], [0.0, 0.0, 1.0]], [[1266.417203046554, 0.0, 816.2670197447984], [0.0, 1266.417203046554, 491.50706579294757], [0.0, 0.0, 1.0]], [[1260.8474446004698, 0.0, 807.968244525554], [0.0, 1260.8474446004698, 495.3344268742088], [0.0, 0.0, 1.0]], [[1256.7414812095406, 0.0, 792.1125740759628], [0.0, 1256.7414812095406, 492.7757465151356], [0.0, 0.0, 1.0]], [[809.2209905677063, 0.0, 829.2196003259838], [0.0, 809.2209905677063, 481.77842384512485], [0.0, 0.0, 1.0]], [[1259.5137405846733, 0.0, 807.2529053838625], [0.0, 1259.5137405846733, 501.19579884916527], [0.0, 0.0, 1.0]]], "extrinsics": [[[0.8147425055503845, -0.5758764147758484, -0.06753504276275635, -0.737548828125], [-0.11689801514148712, -0.04905852675437927, -0.9919314980506897, 1.4760589599609375], [0.567916750907898, 0.8160634636878967, -0.10728887468576431, -1.1258544921875], [0.0, 0.0, 0.0, 1.0]], [[0.00541337626054883, -0.9985908269882202, 0.05279171094298363, 0.0091552734375], [-0.12224225699901581, -0.05305737257003784, -0.9910811185836792, 1.49285888671875], [0.9924854636192322, -0.0010882915230467916, -0.12235722690820694, -1.4664306640625], [0.0, 0.0, 0.0, 1.0]], [[-0.8284831047058105, -0.5475995540618896, 0.11726272106170654, 0.8873291015625], [-0.11676068603992462, -0.03588453307747841, -0.992511510848999, 1.483123779296875], [0.5477067828178406, -0.8359707593917847, -0.03420836478471756, -1.15020751953125], [0.0, 0.0, 0.0, 1.0]], [[0.9418458938598633, 0.3123035132884979, -0.12406773865222931, -1.1448974609375], [-0.1086617037653923, -0.06633175164461136, -0.9918632507324219, 1.588897705078125], [-0.3179919719696045, 0.9476637840270996, -0.02853885479271412, -0.103271484375], [0.0, 0.0, 0.0, 1.0]], [[0.0024069598875939846, 0.9983745813369751, -0.05694141983985901, 0.0020751953125], [-0.13371261954307556, -0.05610893294215202, -0.9894305467605591, 1.5709381103515625], [-0.99101722240448, 0.009995315223932266, 0.13336022198200226, -0.061279296875], [0.0, 0.0, 0.0, 1.0]], [[-0.9294965267181396, 0.36011725664138794, 0.07969759404659271, 1.016815185546875], [-0.10111365467309952, -0.04099498689174652, -0.9940298795700073, 1.538604736328125], [-0.35470011830329895, -0.9320059418678284, 0.07451747357845306, -0.1072998046875], [0.0, 0.0, 0.0, 1.0]]], "view": [[0.0, -2.0, 100.0], [-2.0, 0.0, 100.0], [0.0, 0.0, 1.0]], "bev": "bev_5bda9a29f58a4f8c8110cd2bc1b928dc.png", "aux": "aux_5bda9a29f58a4f8c8110cd2bc1b928dc.npz", "visibility": "visibility_5bda9a29f58a4f8c8110cd2bc1b928dc.png", "pose": [[-0.9963915944099426, 0.0848752111196518, 0.0, 926.4216918945312], [-0.0848752111196518, -0.9963915944099426, 0.0, 1721.29296875], [0.0, 0.0, 1.0, 0.0], [0.0, 0.0, 0.0, 1.0]], "pose_inverse": [[-0.9963915944099426, -0.0848752111196518, 0.0, 1069.173828125], [0.0848752111196518, -0.9963915944099426, 0.0, 1636.45166015625], [0.0, 0.0, 1.0, 0.0], [0.0, 0.0, 0.0, 1.0]], "cam_ids": [0, 1, 2, 3, 4, 5], "cam_channels": ["CAM_FRONT_LEFT", "CAM_FRONT", "CAM_FRONT_RIGHT", "CAM_BACK_LEFT", "CAM_BACK", "CAM_BACK_RIGHT"], "token": "5bda9a29f58a4f8c8110cd2bc1b928dc", "scene": "scene-0858"}, {"images": ["samples/CAM_FRONT_LEFT/n015-2018-10-08-16-03-24+0800__CAM_FRONT_LEFT__1538986120754844.jpg", "samples/CAM_FRONT/n015-2018-10-08-16-03-24+0800__CAM_FRONT__1538986120762460.jpg", "samples/CAM_FRONT_RIGHT/n015-2018-10-08-16-03-24+0800__CAM_FRONT_RIGHT__1538986120770339.jpg", "samples/CAM_BACK_LEFT/n015-2018-10-08-16-03-24+0800__CAM_BACK_LEFT__1538986120797423.jpg", "samples/CAM_BACK/n015-2018-10-08-16-03-24+0800__CAM_BACK__1538986120787525.jpg", "samples/CAM_BACK_RIGHT/n015-2018-10-08-16-03-24+0800__CAM_BACK_RIGHT__1538986120777911.jpg"], "intrinsics": [[[1272.5979470598488, 0.0, 826.6154927353808], [0.0, 1272.5979470598488, 479.75165386361925], [0.0, 0.0, 1.0]], [[1266.417203046554, 0.0, 816.2670197447984], [0.0, 1266.417203046554, 491.50706579294757], [0.0, 0.0, 1.0]], [[1260.8474446004698, 0.0, 807.968244525554], [0.0, 1260.8474446004698, 495.3344268742088], [0.0, 0.0, 1.0]], [[1256.7414812095406, 0.0, 792.1125740759628], [0.0, 1256.7414812095406, 492.7757465151356], [0.0, 0.0, 1.0]], [[809.2209905677063, 0.0, 829.2196003259838], [0.0, 809.2209905677063, 481.77842384512485], [0.0, 0.0, 1.0]], [[1259.5137405846733, 0.0, 807.2529053838625], [0.0, 1259.5137405846733, 501.19579884916527], [0.0, 0.0, 1.0]]], "extrinsics": [[[0.8144224286079407, -0.5746657848358154, -0.08046992123126984, -0.7471084594726562], [-0.12460365891456604, -0.03775244206190109, -0.9914880990982056, 1.4751129150390625], [0.5667362809181213, 0.8175169825553894, -0.10235188901424408, -1.1304931640625], [0.0, 0.0, 0.0, 1.0]], [[0.006068089511245489, -0.9991483092308044, 0.04081471636891365, 0.007568359375], [-0.1300124078989029, -0.04125731438398361, -0.9906536936759949, 1.49212646484375], [0.9914937019348145, 0.0007049607229419053, -0.13015203177928925, -1.4752197265625], [0.0, 0.0, 0.0, 1.0]], [[-0.8274893164634705, -0.549174427986145, 0.11691368371248245, 0.892578125], [-0.12455596774816513, -0.02349339798092842, -0.9919343590736389, 1.4825286865234375], [0.547491729259491, -0.8353773951530457, -0.04896242171525955, -1.15509033203125], [0.0, 0.0, 0.0, 1.0]], [[0.9409764409065247, 0.31389421224594116, -0.1266240030527115, -1.1417236328125], [-0.11621318757534027, -0.05174156650900841, -0.9918756484985352, 1.5885162353515625], [-0.317895770072937, 0.9480470418930054, -0.012208950705826283, -0.103515625], [0.0, 0.0, 0.0, 1.0]], [[0.0021648677065968513, 0.9990665316581726, -0.04314447194337845, 0.002685546875], [-0.1413024514913559, -0.04240605980157852, -0.9890578389167786, 1.5705718994140625], [-0.9899640679359436, 0.008237588219344616, 0.14107875525951385, -0.059814453125], [0.0, 0.0, 0.0, 1.0]], [[-0.9288238883018494, 0.3590134084224701, 0.09162687510251999, 1.0223388671875], [-0.10884800553321838, -0.028005411848425865, -0.9936638474464417, 1.53814697265625], [-0.35417258739471436, -0.9329121112823486, 0.06508999317884445, -0.1063232421875], [0.0, 0.0, 0.0, 1.0]]], "view": [[0.0, -2.0, 100.0], [-2.0, 0.0, 100.0], [0.0, 0.0, 1.0]], "bev": "bev_10f40f1dd1bc4f9f89476f323da01e0d.png", "aux": "aux_10f40f1dd1bc4f9f89476f323da01e0d.npz", "visibility": "visibility_10f40f1dd1bc4f9f89476f323da01e0d.png", "pose": [[-0.9972286820411682, 0.07439691573381424, 0.0, 923.2528076171875], [-0.07439691573381424, -0.9972286820411682, 0.0, 1721.0606689453125], [0.0, 0.0, 1.0, 0.0], [0.0, 0.0, 0.0, 1.0]], "pose_inverse": [[-0.9972286820411682, -0.07439691573381424, 0.0, 1048.73583984375], [0.07439691573381424, -0.9972286820411682, 0.0, 1647.60400390625], [0.0, 0.0, 1.0, 0.0], [0.0, 0.0, 0.0, 1.0]], "cam_ids": [0, 1, 2, 3, 4, 5], "cam_channels": ["CAM_FRONT_LEFT", "CAM_FRONT", "CAM_FRONT_RIGHT", "CAM_BACK_LEFT", "CAM_BACK", "CAM_BACK_RIGHT"], "token": "10f40f1dd1bc4f9f89476f323da01e0d", "scene": "scene-0858"}, {"images": ["samples/CAM_FRONT_LEFT/n015-2018-10-08-16-03-24+0800__CAM_FRONT_LEFT__1538986121254844.jpg", "samples/CAM_FRONT/n015-2018-10-08-16-03-24+0800__CAM_FRONT__1538986121262460.jpg", "samples/CAM_FRONT_RIGHT/n015-2018-10-08-16-03-24+0800__CAM_FRONT_RIGHT__1538986121270339.jpg", "samples/CAM_BACK_LEFT/n015-2018-10-08-16-03-24+0800__CAM_BACK_LEFT__1538986121297463.jpg", "samples/CAM_BACK/n015-2018-10-08-16-03-24+0800__CAM_BACK__1538986121287525.jpg", "samples/CAM_BACK_RIGHT/n015-2018-10-08-16-03-24+0800__CAM_BACK_RIGHT__1538986121277893.jpg"], "intrinsics": [[[1272.5979470598488, 0.0, 826.6154927353808], [0.0, 1272.5979470598488, 479.75165386361925], [0.0, 0.0, 1.0]], [[1266.417203046554, 0.0, 816.2670197447984], [0.0, 1266.417203046554, 491.50706579294757], [0.0, 0.0, 1.0]], [[1260.8474446004698, 0.0, 807.968244525554], [0.0, 1260.8474446004698, 495.3344268742088], [0.0, 0.0, 1.0]], [[1256.7414812095406, 0.0, 792.1125740759628], [0.0, 1256.7414812095406, 492.7757465151356], [0.0, 0.0, 1.0]], [[809.2209905677063, 0.0, 829.2196003259838], [0.0, 809.2209905677063, 481.77842384512485], [0.0, 0.0, 1.0]], [[1259.5137405846733, 0.0, 807.2529053838625], [0.0, 1259.5137405846733, 501.19579884916527], [0.0, 0.0, 1.0]]], "extrinsics": [[[0.8126170635223389, -0.5760387778282166, -0.08850236982107162, -0.7432327270507812], [-0.13067667186260223, -0.032103121280670166, -0.9909051656723022, 1.4726715087890625], [0.5679585337638855, 0.8167917132377625, -0.10136237740516663, -1.1258544921875], [0.0, 0.0, 0.0, 1.0]], [[0.004383430350571871, -0.9993520975112915, 0.03572295606136322, 0.0064697265625], [-0.1360497772693634, -0.03598713129758835, -0.9900481700897217, 1.49005126953125], [0.9906922578811646, -0.0005202845786698163, -0.13611938059329987, -1.4700927734375], [0.0, 0.0, 0.0, 1.0]], [[-0.827647864818573, -0.548412024974823, 0.11934515088796616, 0.8880615234375], [-0.1305682361125946, -0.018668394535779953, -0.9912635087966919, 1.480865478515625], [0.5458488464355469, -0.8359997272491455, -0.05615434795618057, -1.1531982421875], [0.0, 0.0, 0.0, 1.0]], [[0.9402963519096375, 0.3139902651309967, -0.13135014474391937, -1.1395263671875], [-0.12225599586963654, -0.04857397451996803, -0.9913092851638794, 1.58819580078125], [-0.31764164566993713, 0.9481828212738037, -0.0072867376729846, -0.1046142578125], [0.0, 0.0, 0.0, 1.0]], [[0.0027227161917835474, 0.999218761920929, -0.0394267737865448, 0.0029296875], [-0.14741350710391998, -0.03859511762857437, -0.9883216619491577, 1.56964111328125], [-0.9890711903572083, 0.008502944372594357, 0.14719325304031372, -0.0634765625], [0.0, 0.0, 0.0, 1.0]], [[-0.9277867674827576, 0.3597851097583771, 0.0988243818283081, 1.0184326171875], [-0.11493779718875885, -0.023614291101694107, -0.9930920004844666, 1.536865234375], [-0.35496607422828674, -0.9327362775802612, 0.06326193362474442, -0.1083984375], [0.0, 0.0, 0.0, 1.0]]], "view": [[0.0, -2.0, 100.0], [-2.0, 0.0, 100.0], [0.0, 0.0, 1.0]], "bev": "bev_64c15baeaf4549fcb80ba2914f8d8528.png", "aux": "aux_64c15baeaf4549fcb80ba2914f8d8528.npz", "visibility": "visibility_64c15baeaf4549fcb80ba2914f8d8528.png", "pose": [[-0.9969033598899841, 0.07863645255565643, 0.0, 920.069580078125], [-0.07863645255565643, -0.9969033598899841, 0.0, 1720.8250732421875], [0.0, 0.0, 1.0, 0.0], [0.0, 0.0, 0.0, 1.0]], "pose_inverse": [[-0.9969033598899841, -0.07863645255565643, 0.0, 1052.5400390625], [0.07863645255565643, -0.9969033598899841, 0.0, 1643.145263671875], [0.0, 0.0, 1.0, 0.0], [0.0, 0.0, 0.0, 1.0]], "cam_ids": [0, 1, 2, 3, 4, 5], "cam_channels": ["CAM_FRONT_LEFT", "CAM_FRONT", "CAM_FRONT_RIGHT", "CAM_BACK_LEFT", "CAM_BACK", "CAM_BACK_RIGHT"], "token": "64c15baeaf4549fcb80ba2914f8d8528", "scene": "scene-0858"}, {"images": ["samples/CAM_FRONT_LEFT/n015-2018-10-08-16-03-24+0800__CAM_FRONT_LEFT__1538986121754844.jpg", "samples/CAM_FRONT/n015-2018-10-08-16-03-24+0800__CAM_FRONT__1538986121762460.jpg", "samples/CAM_FRONT_RIGHT/n015-2018-10-08-16-03-24+0800__CAM_FRONT_RIGHT__1538986121770339.jpg", "samples/CAM_BACK_LEFT/n015-2018-10-08-16-03-24+0800__CAM_BACK_LEFT__1538986121797423.jpg", "samples/CAM_BACK/n015-2018-10-08-16-03-24+0800__CAM_BACK__1538986121787525.jpg", "samples/CAM_BACK_RIGHT/n015-2018-10-08-16-03-24+0800__CAM_BACK_RIGHT__1538986121777893.jpg"], "intrinsics": [[[1272.5979470598488, 0.0, 826.6154927353808], [0.0, 1272.5979470598488, 479.75165386361925], [0.0, 0.0, 1.0]], [[1266.417203046554, 0.0, 816.2670197447984], [0.0, 1266.417203046554, 491.50706579294757], [0.0, 0.0, 1.0]], [[1260.8474446004698, 0.0, 807.968244525554], [0.0, 1260.8474446004698, 495.3344268742088], [0.0, 0.0, 1.0]], [[1256.7414812095406, 0.0, 792.1125740759628], [0.0, 1256.7414812095406, 492.7757465151356], [0.0, 0.0, 1.0]], [[809.2209905677063, 0.0, 829.2196003259838], [0.0, 809.2209905677063, 481.77842384512485], [0.0, 0.0, 1.0]], [[1259.5137405846733, 0.0, 807.2529053838625], [0.0, 1259.5137405846733, 501.19579884916527], [0.0, 0.0, 1.0]]], "extrinsics": [[[0.8144943118095398, -0.5741664171218872, -0.08325812965631485, -0.7609176635742188], [-0.12016918510198593, -0.026563581079244614, -0.9923979640007019, 1.4782562255859375], [0.5675898790359497, 0.818307638168335, -0.09063299745321274, -1.1390380859375], [0.0, 0.0, 0.0, 1.0]], [[0.005525452550500631, -0.9995389580726624, 0.02985481359064579, 0.006591796875], [-0.12514398992061615, -0.030311735346913338, -0.9916754961013794, 1.4948272705078125], [0.9921231865882874, 0.0017433100147172809, -0.12525376677513123, -1.48828125], [0.0, 0.0, 0.0, 1.0]], [[-0.8282150030136108, -0.5501823425292969, 0.1065807193517685, 0.9002685546875], [-0.119261234998703, -0.01279089692980051, -0.9927804470062256, 1.4846038818359375], [0.5475736260414124, -0.8349465727806091, -0.05502181500196457, -1.16107177734375], [0.0, 0.0, 0.0, 1.0]], [[0.9418232440948486, 0.31494584679603577, -0.11738020926713943, -1.14404296875], [-0.10984034836292267, -0.041649386286735535, -0.9930762052536011, 1.5887451171875], [-0.3176540434360504, 0.9481953978538513, -0.004632601514458656, -0.10205078125], [0.0, 0.0, 0.0, 1.0]], [[0.0025247291196137667, 0.9994582533836365, -0.03281724825501442, 0.003173828125], [-0.13533306121826172, -0.03217393904924393, -0.9902776479721069, 1.571533203125], [-0.9907969236373901, 0.006941444240510464, 0.13517849147319794, -0.0552978515625], [0.0, 0.0, 0.0, 1.0]], [[-0.9293000102043152, 0.3581547737121582, 0.09014774113893509, 1.02838134765625], [-0.10322104394435883, -0.017509182915091515, -0.9945043325424194, 1.5395050048828125], [-0.35460802912712097, -0.9334980845451355, 0.05324038863182068, -0.1043701171875], [0.0, 0.0, 0.0, 1.0]]], "view": [[0.0, -2.0, 100.0], [-2.0, 0.0, 100.0], [0.0, 0.0, 1.0]], "bev": "bev_a86afc3228e240daa33d59107cbc1072.png", "aux": "aux_a86afc3228e240daa33d59107cbc1072.npz", "visibility": "visibility_a86afc3228e240daa33d59107cbc1072.png", "pose": [[-0.9968191981315613, 0.07969643920660019, 0.0, 917.02099609375], [-0.07969643920660019, -0.9968191981315613, 0.0, 1720.5916748046875], [0.0, 0.0, 1.0, 0.0], [0.0, 0.0, 0.0, 1.0]], "pose_inverse": [[-0.9968191981315613, -0.07969643920660019, 0.0, 1051.2291259765625], [0.07969643920660019, -0.9968191981315613, 0.0, 1642.0355224609375], [0.0, 0.0, 1.0, 0.0], [0.0, 0.0, 0.0, 1.0]], "cam_ids": [0, 1, 2, 3, 4, 5], "cam_channels": ["CAM_FRONT_LEFT", "CAM_FRONT", "CAM_FRONT_RIGHT", "CAM_BACK_LEFT", "CAM_BACK", "CAM_BACK_RIGHT"], "token": "a86afc3228e240daa33d59107cbc1072", "scene": "scene-0858"}, {"images": ["samples/CAM_FRONT_LEFT/n015-2018-10-08-16-03-24+0800__CAM_FRONT_LEFT__1538986122254844.jpg", "samples/CAM_FRONT/n015-2018-10-08-16-03-24+0800__CAM_FRONT__1538986122262460.jpg", "samples/CAM_FRONT_RIGHT/n015-2018-10-08-16-03-24+0800__CAM_FRONT_RIGHT__1538986122270339.jpg", "samples/CAM_BACK_LEFT/n015-2018-10-08-16-03-24+0800__CAM_BACK_LEFT__1538986122297423.jpg", "samples/CAM_BACK/n015-2018-10-08-16-03-24+0800__CAM_BACK__1538986122287525.jpg", "samples/CAM_BACK_RIGHT/n015-2018-10-08-16-03-24+0800__CAM_BACK_RIGHT__1538986122277893.jpg"], "intrinsics": [[[1272.5979470598488, 0.0, 826.6154927353808], [0.0, 1272.5979470598488, 479.75165386361925], [0.0, 0.0, 1.0]], [[1266.417203046554, 0.0, 816.2670197447984], [0.0, 1266.417203046554, 491.50706579294757], [0.0, 0.0, 1.0]], [[1260.8474446004698, 0.0, 807.968244525554], [0.0, 1260.8474446004698, 495.3344268742088], [0.0, 0.0, 1.0]], [[1256.7414812095406, 0.0, 792.1125740759628], [0.0, 1256.7414812095406, 492.7757465151356], [0.0, 0.0, 1.0]], [[809.2209905677063, 0.0, 829.2196003259838], [0.0, 809.2209905677063, 481.77842384512485], [0.0, 0.0, 1.0]], [[1259.5137405846733, 0.0, 807.2529053838625], [0.0, 1259.5137405846733, 501.19579884916527], [0.0, 0.0, 1.0]]], "extrinsics": [[[0.813194215297699, -0.5731362104415894, -0.10114411264657974, -0.7530517578125], [-0.1284758746623993, -0.007280380465090275, -0.9916859269142151, 1.4748992919921875], [0.5676347613334656, 0.8194277882575989, -0.07955454289913177, -1.1339111328125], [0.0, 0.0, 0.0, 1.0]], [[0.004854411352425814, -0.9999322891235352, 0.010578228160738945, 0.0069580078125], [-0.13414107263088226, -0.011133894324302673, -0.9908996820449829, 1.4919281005859375], [0.990950345993042, 0.0033912661019712687, -0.1341860145330429, -1.480712890625], [0.0, 0.0, 0.0, 1.0]], [[-0.8276107311248779, -0.5515689849853516, 0.10407732427120209, 0.8955078125], [-0.1288832128047943, 0.006269207689911127, -0.9916399717330933, 1.4822845458984375], [0.5463054180145264, -0.8341056704521179, -0.07627645134925842, -1.15771484375], [0.0, 0.0, 0.0, 1.0]], [[0.9403683543205261, 0.3173869550228119, -0.12236475199460983, -1.138671875], [-0.12117777019739151, -0.0235582422465086, -0.9923511743545532, 1.58807373046875], [-0.3178420066833496, 0.9480035305023193, 0.01630682311952114, -0.105712890625], [0.0, 0.0, 0.0, 1.0]], [[0.002505974844098091, 0.9998964667320251, -0.01417231559753418, 0.00244140625], [-0.1461014598608017, -0.013654193840920925, -0.9891753792762756, 1.570220947265625], [-0.9892663955688477, 0.004549437202513218, 0.14605210721492767, -0.0601806640625], [0.0, 0.0, 0.0, 1.0]], [[-0.9280571341514587, 0.35690221190452576, 0.10644594579935074, 1.024627685546875], [-0.1134144589304924, 0.0014119730331003666, -0.9935467839241028, 1.5378570556640625], [-0.3547493517398834, -0.9341407418251038, 0.03916747868061066, -0.1055908203125], [0.0, 0.0, 0.0, 1.0]]], "view": [[0.0, -2.0, 100.0], [-2.0, 0.0, 100.0], [0.0, 0.0, 1.0]], "bev": "bev_8a66617fd74146e3823bfb9570c8b60a.png", "aux": "aux_8a66617fd74146e3823bfb9570c8b60a.npz", "visibility": "visibility_8a66617fd74146e3823bfb9570c8b60a.png", "pose": [[-0.9968382716178894, 0.0794573649764061, 0.0, 914.1259155273438], [-0.0794573649764061, -0.9968382716178894, 0.0, 1720.3760986328125], [0.0, 0.0, 1.0, 0.0], [0.0, 0.0, 0.0, 1.0]], "pose_inverse": [[-0.9968382716178894, -0.0794573649764061, 0.0, 1047.9322509765625], [0.0794573649764061, -0.9968382716178894, 0.0, 1642.302734375], [0.0, 0.0, 1.0, 0.0], [0.0, 0.0, 0.0, 1.0]], "cam_ids": [0, 1, 2, 3, 4, 5], "cam_channels": ["CAM_FRONT_LEFT", "CAM_FRONT", "CAM_FRONT_RIGHT", "CAM_BACK_LEFT", "CAM_BACK", "CAM_BACK_RIGHT"], "token": "8a66617fd74146e3823bfb9570c8b60a", "scene": "scene-0858"}, {"images": ["samples/CAM_FRONT_LEFT/n015-2018-10-08-16-03-24+0800__CAM_FRONT_LEFT__1538986122754844.jpg", "samples/CAM_FRONT/n015-2018-10-08-16-03-24+0800__CAM_FRONT__1538986122762460.jpg", "samples/CAM_FRONT_RIGHT/n015-2018-10-08-16-03-24+0800__CAM_FRONT_RIGHT__1538986122770339.jpg", "samples/CAM_BACK_LEFT/n015-2018-10-08-16-03-24+0800__CAM_BACK_LEFT__1538986122797423.jpg", "samples/CAM_BACK/n015-2018-10-08-16-03-24+0800__CAM_BACK__1538986122787525.jpg", "samples/CAM_BACK_RIGHT/n015-2018-10-08-16-03-24+0800__CAM_BACK_RIGHT__1538986122777893.jpg"], "intrinsics": [[[1272.5979470598488, 0.0, 826.6154927353808], [0.0, 1272.5979470598488, 479.75165386361925], [0.0, 0.0, 1.0]], [[1266.417203046554, 0.0, 816.2670197447984], [0.0, 1266.417203046554, 491.50706579294757], [0.0, 0.0, 1.0]], [[1260.8474446004698, 0.0, 807.968244525554], [0.0, 1260.8474446004698, 495.3344268742088], [0.0, 0.0, 1.0]], [[1256.7414812095406, 0.0, 792.1125740759628], [0.0, 1256.7414812095406, 492.7757465151356], [0.0, 0.0, 1.0]], [[809.2209905677063, 0.0, 829.2196003259838], [0.0, 809.2209905677063, 481.77842384512485], [0.0, 0.0, 1.0]], [[1259.5137405846733, 0.0, 807.2529053838625], [0.0, 1259.5137405846733, 501.19579884916527], [0.0, 0.0, 1.0]]], "extrinsics": [[[0.8125196695327759, -0.5725368857383728, -0.10960513353347778, -0.7565536499023438], [-0.1366722583770752, -0.0043198950588703156, -0.9906069040298462, 1.47344970703125], [0.5666854977607727, 0.8198675513267517, -0.08175992220640182, -1.1376953125], [0.0, 0.0, 0.0, 1.0]], [[0.005196545273065567, -0.9999561309814453, 0.0077970558777451515, 0.0081787109375], [-0.14181828498840332, -0.008455304428935051, -0.9898566603660583, 1.4908905029296875], [0.9898790717124939, 0.004038063809275627, -0.14185599982738495, -1.4852294921875], [0.0, 0.0, 0.0, 1.0]], [[-0.8267394304275513, -0.5519705414772034, 0.10876775532960892, 0.8990478515625], [-0.13610927760601044, 0.008651668205857277, -0.9906560182571411, 1.4815521240234375], [0.545871913433075, -0.833818793296814, -0.08228097856044769, -1.15875244140625], [0.0, 0.0, 0.0, 1.0]], [[0.9397679567337036, 0.317123144865036, -0.12755070626735687, -1.138671875], [-0.12703481316566467, -0.02239461988210678, -0.9916453957557678, 1.588104248046875], [-0.31733018159866333, 0.9481199383735657, 0.01923992857336998, -0.1044921875], [0.0, 0.0, 0.0, 1.0]], [[0.0025772133376449347, 0.9999174475669861, -0.012585590593516827, 0.002685546875], [-0.15237903594970703, -0.012045973911881447, -0.9882487058639526, 1.5700531005859375], [-0.9883187413215637, 0.004464706871658564, 0.15233540534973145, -0.0584716796875], [0