[{"images": ["samples/CAM_FRONT_LEFT/n008-2018-08-31-11-19-57-0400__CAM_FRONT_LEFT__1535729142404799.jpg", "samples/CAM_FRONT/n008-2018-08-31-11-19-57-0400__CAM_FRONT__1535729142412404.jpg", "samples/CAM_FRONT_RIGHT/n008-2018-08-31-11-19-57-0400__CAM_FRONT_RIGHT__1535729142420482.jpg", "samples/CAM_BACK_LEFT/n008-2018-08-31-11-19-57-0400__CAM_BACK_LEFT__1535729142447405.jpg", "samples/CAM_BACK/n008-2018-08-31-11-19-57-0400__CAM_BACK__1535729142437558.jpg", "samples/CAM_BACK_RIGHT/n008-2018-08-31-11-19-57-0400__CAM_BACK_RIGHT__1535729142428113.jpg"], "intrinsics": [[[1257.8625342125129, 0.0, 827.2410631095686], [0.0, 1257.8625342125129, 450.915498205774], [0.0, 0.0, 1.0]], [[1252.8131021185304, 0.0, 826.588114781398], [0.0, 1252.8131021185304, 469.9846626224581], [0.0, 0.0, 1.0]], [[1256.7485116440405, 0.0, 817.7887570959712], [0.0, 1256.7485116440403, 451.9541780095127], [0.0, 0.0, 1.0]], [[1254.9860565800168, 0.0, 829.5769333630991], [0.0, 1254.9860565800168, 467.1680561863987], [0.0, 0.0, 1.0]], [[796.8910634503094, 0.0, 857.7774326863696], [0.0, 796.8910634503094, 476.8848988407415], [0.0, 0.0, 1.0]], [[1249.9629280788233, 0.0, 825.3768045375984], [0.0, 1249.9629280788233, 462.54816385708756], [0.0, 0.0, 1.0]]], "extrinsics": [[[0.8224045634269714, -0.5683454871177673, -0.025183791294693947, -0.7142333984375], [-0.007777567952871323, 0.033030930906534195, -0.9994240999221802, 1.4854278564453125], [0.5688499808311462, 0.8221267461776733, 0.022744443267583847, -1.137451171875], [0.0, 0.0, 0.0, 1.0]], [[0.010064883157610893, -0.9995300769805908, -0.0289528276771307, 0.011962890625], [-0.005924642086029053, 0.028894176706671715, -0.9995649456977844, 1.4783592224121094], [0.999931812286377, 0.010232030414044857, -0.005631042644381523, -1.4478302001953125], [0.0, 0.0, 0.0, 1.0]], [[-0.844139575958252, -0.5359777808189392, -0.012497222982347012, 0.906982421875], [0.001989000244066119, 0.02017930895090103, -0.9997943639755249, 1.4934501647949219], [0.5361197590827942, -0.8439909815788269, -0.015968095511198044, -1.157470703125], [0.0, 0.0, 0.0, 1.0]], [[0.9477698802947998, 0.31876230239868164, -0.01108506415039301, -1.148345947265625], [-0.023524072021245956, 0.035199522972106934, -0.9991034269332886, 1.5621795654296875], [-0.3180863559246063, 0.9471808671951294, 0.040859635919332504, -0.1541748046875], [0.0, 0.0, 0.0, 1.0]], [[0.009439544752240181, 0.9995757937431335, 0.027552761137485504, -0.0291748046875], [-0.021525094285607338, 0.02775072306394577, -0.9993830919265747, 1.5663833618164062], [-0.9997237920761108, 0.00884066242724657, 0.021777916699647903, -0.0323333740234375], [0.0, 0.0, 0.0, 1.0]], [[-0.9236505627632141, 0.3828251361846924, 0.017732901498675346, 1.01617431640625], [-0.017085358500480652, 0.005091574974358082, -0.9998410940170288, 1.5451440811157227], [-0.3828545808792114, -0.9238067269325256, 0.001837870106101036, -0.1015625], [0.0, 0.0, 0.0, 1.0]]], "view": [[0.0, -2.0, 100.0], [-2.0, 0.0, 100.0], [0.0, 0.0, 1.0]], "bev": "bev_2488df76e7d4431ea75ce2f2efd7429b.png", "aux": "aux_2488df76e7d4431ea75ce2f2efd7429b.npz", "visibility": "visibility_2488df76e7d4431ea75ce2f2efd7429b.png", "pose": [[-0.8587782382965088, -0.5123474597930908, 0.0, 643.162841796875], [0.5123474597930908, -0.8587782382965088, 0.0, 1482.696044921875], [0.0, 0.0, 1.0, 0.0], [0.0, 0.0, 0.0, 1.0]], "pose_inverse": [[-0.8587782382965088, 0.5123474597930908, 0.0, -207.3212432861328], [-0.5123474597930908, -0.8587782382965088, 0.0, 1602.8299560546875], [0.0, 0.0, 1.0, 0.0], [0.0, 0.0, 0.0, 1.0]], "cam_ids": [0, 1, 2, 3, 4, 5], "cam_channels": ["CAM_FRONT_LEFT", "CAM_FRONT", "CAM_FRONT_RIGHT", "CAM_BACK_LEFT", "CAM_BACK", "CAM_BACK_RIGHT"], "token": "2488df76e7d4431ea75ce2f2efd7429b", "scene": "scene-0293"}, {"images": ["samples/CAM_FRONT_LEFT/n008-2018-08-31-11-19-57-0400__CAM_FRONT_LEFT__1535729142854799.jpg", "samples/CAM_FRONT/n008-2018-08-31-11-19-57-0400__CAM_FRONT__1535729142862404.jpg", "samples/CAM_FRONT_RIGHT/n008-2018-08-31-11-19-57-0400__CAM_FRONT_RIGHT__1535729142870482.jpg", "samples/CAM_BACK_LEFT/n008-2018-08-31-11-19-57-0400__CAM_BACK_LEFT__1535729142897405.jpg", "samples/CAM_BACK/n008-2018-08-31-11-19-57-0400__CAM_BACK__1535729142887558.jpg", "samples/CAM_BACK_RIGHT/n008-2018-08-31-11-19-57-0400__CAM_BACK_RIGHT__1535729142878113.jpg"], "intrinsics": [[[1257.8625342125129, 0.0, 827.2410631095686], [0.0, 1257.8625342125129, 450.915498205774], [0.0, 0.0, 1.0]], [[1252.8131021185304, 0.0, 826.588114781398], [0.0, 1252.8131021185304, 469.9846626224581], [0.0, 0.0, 1.0]], [[1256.7485116440405, 0.0, 817.7887570959712], [0.0, 1256.7485116440403, 451.9541780095127], [0.0, 0.0, 1.0]], [[1254.9860565800168, 0.0, 829.5769333630991], [0.0, 1254.9860565800168, 467.1680561863987], [0.0, 0.0, 1.0]], [[796.8910634503094, 0.0, 857.7774326863696], [0.0, 796.8910634503094, 476.8848988407415], [0.0, 0.0, 1.0]], [[1249.9629280788233, 0.0, 825.3768045375984], [0.0, 1249.9629280788233, 462.54816385708756], [0.0, 0.0, 1.0]]], "extrinsics": [[[0.8224586248397827, -0.5685128569602966, -0.018839403986930847, -0.7142333984375], [0.000348783127265051, 0.03362388536334038, -0.9994344711303711, 1.4883651733398438], [0.568824827671051, 0.8219870328903198, 0.027852540835738182, -1.1343994140625], [0.0, 0.0, 0.0, 1.0]], [[0.010087956674396992, -0.999506950378418, -0.0297327172011137, 0.0096435546875], [0.0022017566952854395, 0.02975636161863804, -0.9995547533035278, 1.4807548522949219], [0.999946653842926, 0.0100180609151721, 0.002500853966921568, -1.44659423828125], [0.0, 0.0, 0.0, 1.0]], [[-0.8441200256347656, -0.5357847213745117, -0.019905230030417442, 0.9056396484375], [0.010071814060211182, 0.021273275837302208, -0.999722957611084, 1.495260238647461], [0.5360596776008606, -0.8440866470336914, -0.012560874223709106, -1.158447265625], [0.0, 0.0, 0.0, 1.0]], [[0.9478521347045898, 0.3186938166618347, -0.003222518600523472, -1.14837646484375], [-0.015648407861590385, 0.03643746301531792, -0.9992133975028992, 1.5621147155761719], [-0.31832578778266907, 0.947157084941864, 0.0395243801176548, -0.1546630859375], [0.0, 0.0, 0.0, 1.0]], [[0.009364418685436249, 0.9995403289794922, 0.028835637494921684, -0.0286865234375], [-0.013401428237557411, 0.028959762305021286, -0.9994906783103943, 1.5670127868652344], [-0.9998663663864136, 0.008973302319645882, 0.013666460290551186, -0.032867431640625], [0.0, 0.0, 0.0, 1.0]], [[-0.9236871600151062, 0.38299721479415894, 0.010733774863183498, 1.0164794921875], [-0.009031228721141815, 0.006243118550628424, -0.9999397397041321, 1.546401023864746], [-0.3830410838127136, -0.9237284064292908, -0.002307751215994358, -0.1024169921875], [0.0, 0.0, 0.0, 1.0]]], "view": [[0.0, -2.0, 100.0], [-2.0, 0.0, 100.0], [0.0, 0.0, 1.0]], "bev": "bev_fbe33714291540549f8e6bd55ad1be0d.png", "aux": "aux_fbe33714291540549f8e6bd55ad1be0d.npz", "visibility": "visibility_fbe33714291540549f8e6bd55ad1be0d.png", "pose": [[-0.858928382396698, -0.5120957493782043, 0.0, 639.9313354492188], [0.5120957493782043, -0.858928382396698, 0.0, 1484.6700439453125], [0.0, 0.0, 1.0, 0.0], [0.0, 0.0, 0.0, 1.0]], "pose_inverse": [[-0.858928382396698, 0.5120957493782043, 0.0, -210.63800048828125], [-0.5120957493782043, -0.858928382396698, 0.0, 1602.931396484375], [0.0, 0.0, 1.0, 0.0], [0.0, 0.0, 0.0, 1.0]], "cam_ids": [0, 1, 2, 3, 4, 5], "cam_channels": ["CAM_FRONT_LEFT", "CAM_FRONT", "CAM_FRONT_RIGHT", "CAM_BACK_LEFT", "CAM_BACK", "CAM_BACK_RIGHT"], "token": "fbe33714291540549f8e6bd55ad1be0d", "scene": "scene-0293"}, {"images": ["samples/CAM_FRONT_LEFT/n008-2018-08-31-11-19-57-0400__CAM_FRONT_LEFT__1535729143354799.jpg", "samples/CAM_FRONT/n008-2018-08-31-11-19-57-0400__CAM_FRONT__1535729143362404.jpg", "samples/CAM_FRONT_RIGHT/n008-2018-08-31-11-19-57-0400__CAM_FRONT_RIGHT__1535729143370482.jpg", "samples/CAM_BACK_LEFT/n008-2018-08-31-11-19-57-0400__CAM_BACK_LEFT__1535729143397405.jpg", "samples/CAM_BACK/n008-2018-08-31-11-19-57-0400__CAM_BACK__1535729143387558.jpg", "samples/CAM_BACK_RIGHT/n008-2018-08-31-11-19-57-0400__CAM_BACK_RIGHT__1535729143378122.jpg"], "intrinsics": [[[1257.8625342125129, 0.0, 827.2410631095686], [0.0, 1257.8625342125129, 450.915498205774], [0.0, 0.0, 1.0]], [[1252.8131021185304, 0.0, 826.588114781398], [0.0, 1252.8131021185304, 469.9846626224581], [0.0, 0.0, 1.0]], [[1256.7485116440405, 0.0, 817.7887570959712], [0.0, 1256.7485116440403, 451.9541780095127], [0.0, 0.0, 1.0]], [[1254.9860565800168, 0.0, 829.5769333630991], [0.0, 1254.9860565800168, 467.1680561863987], [0.0, 0.0, 1.0]], [[796.8910634503094, 0.0, 857.7774326863696], [0.0, 796.8910634503094, 476.8848988407415], [0.0, 0.0, 1.0]], [[1249.9629280788233, 0.0, 825.3768045375984], [0.0, 1249.9629280788233, 462.54816385708756], [0.0, 0.0, 1.0]]], "extrinsics": [[[0.8225802183151245, -0.568315863609314, -0.019465770572423935, -0.7056884765625], [-0.00244718324393034, 0.030693382024765015, -0.9995258450508118, 1.4873428344726562], [0.5686438679695129, 0.8222377300262451, 0.02385699562728405, -1.1290283203125], [0.0, 0.0, 0.0, 1.0]], [[0.010277517139911652, -0.9995887279510498, -0.026770442724227905, 0.0101318359375], [3.435660619288683e-05, 0.026772210374474525, -0.9996415972709656, 1.4801216125488281], [0.999947190284729, 0.01027292013168335, 0.0003094966523349285, -1.4380340576171875], [0.0, 0.0, 0.0, 1.0]], [[-0.8440370559692383, -0.5360142588615417, -0.01702941581606865, 0.89996337890625], [0.00858240481466055, 0.018249666318297386, -0.9997966289520264, 1.4949932098388672], [0.5362160205841064, -0.8440116047859192, -0.010803104378283024, -1.1549072265625], [0.0, 0.0, 0.0, 1.0]], [[0.9477817416191101, 0.3188999593257904, -0.0035397978499531746, -1.150909423828125], [-0.015050793997943401, 0.03363899514079094, -0.9993206858634949, 1.562164306640625], [-0.3185643255710602, 0.9471912384033203, 0.0366821251809597, -0.1534423828125], [0.0, 0.0, 0.0, 1.0]], [[0.009173656813800335, 0.9996206164360046, 0.025969699025154114, -0.0284423828125], [-0.013597050681710243, 0.02609308809041977, -0.9995670318603516, 1.566986083984375], [-0.9998654723167419, 0.008816554211080074, 0.013831261545419693, -0.033966064453125], [0.0, 0.0, 0.0, 1.0]], [[-0.9237411618232727, 0.38287511467933655, 0.010433513671159744, 1.0118408203125], [-0.009935298003256321, 0.003278612159192562, -0.9999452829360962, 1.5462102890014648], [-0.38288840651512146, -0.9237943291664124, 0.0007753903628326952, -0.1043701171875], [0.0, 0.0, 0.0, 1.0]]], "view": [[0.0, -2.0, 100.0], [-2.0, 0.0, 100.0], [0.0, 0.0, 1.0]], "bev": "bev_ef7891b8f35146588dc60de56d4728c1.png", "aux": "aux_ef7891b8f35146588dc60de56d4728c1.npz", "visibility": "visibility_ef7891b8f35146588dc60de56d4728c1.png", "pose": [[-0.8580477237701416, -0.5135699510574341, 0.0, 636.2943725585938], [0.5135699510574341, -0.8580477237701416, 0.0, 1486.886962890625], [0.0, 0.0, 1.0, 0.0], [0.0, 0.0, 0.0, 1.0]], "pose_inverse": [[-0.8580477237701416, 0.5135699510574341, 0.0, -217.6495819091797], [-0.5135699510574341, -0.8580477237701416, 0.0, 1602.6016845703125], [0.0, 0.0, 1.0, 0.0], [0.0, 0.0, 0.0, 1.0]], "cam_ids": [0, 1, 2, 3, 4, 5], "cam_channels": ["CAM_FRONT_LEFT", "CAM_FRONT", "CAM_FRONT_RIGHT", "CAM_BACK_LEFT", "CAM_BACK", "CAM_BACK_RIGHT"], "token": "ef7891b8f35146588dc60de56d4728c1", "scene": "scene-0293"}, {"images": ["samples/CAM_FRONT_LEFT/n008-2018-08-31-11-19-57-0400__CAM_FRONT_LEFT__1535729143904799.jpg", "samples/CAM_FRONT/n008-2018-08-31-11-19-57-0400__CAM_FRONT__1535729143912404.jpg", "samples/CAM_FRONT_RIGHT/n008-2018-08-31-11-19-57-0400__CAM_FRONT_RIGHT__1535729143920482.jpg", "samples/CAM_BACK_LEFT/n008-2018-08-31-11-19-57-0400__CAM_BACK_LEFT__1535729143947405.jpg", "samples/CAM_BACK/n008-2018-08-31-11-19-57-0400__CAM_BACK__1535729143937558.jpg", "samples/CAM_BACK_RIGHT/n008-2018-08-31-11-19-57-0400__CAM_BACK_RIGHT__1535729143928113.jpg"], "intrinsics": [[[1257.8625342125129, 0.0, 827.2410631095686], [0.0, 1257.8625342125129, 450.915498205774], [0.0, 0.0, 1.0]], [[1252.8131021185304, 0.0, 826.588114781398], [0.0, 1252.8131021185304, 469.9846626224581], [0.0, 0.0, 1.0]], [[1256.7485116440405, 0.0, 817.7887570959712], [0.0, 1256.7485116440403, 451.9541780095127], [0.0, 0.0, 1.0]], [[1254.9860565800168, 0.0, 829.5769333630991], [0.0, 1254.9860565800168, 467.1680561863987], [0.0, 0.0, 1.0]], [[796.8910634503094, 0.0, 857.7774326863696], [0.0, 796.8910634503094, 476.8848988407415], [0.0, 0.0, 1.0]], [[1249.9629280788233, 0.0, 825.3768045375984], [0.0, 1249.9629280788233, 462.54816385708756], [0.0, 0.0, 1.0]]], "extrinsics": [[[0.8224319219589233, -0.5685379505157471, -0.01924326829612255, -0.70947265625], [-0.0005289429100230336, 0.03306327387690544, -0.999453067779541, 1.488006591796875], [0.5688633322715759, 0.8219923973083496, 0.026891568675637245, -1.132568359375], [0.0, 0.0, 0.0, 1.0]], [[0.01004480104893446, -0.9995337128639221, -0.028835749253630638, 0.0106201171875], [0.0015564458444714546, 0.0288527961820364, -0.9995824694633484, 1.4805488586425781], [0.9999483823776245, 0.00999576784670353, 0.0018455408280715346, -1.44293212890625], [0.0, 0.0, 0.0, 1.0]], [[-0.8441408276557922, -0.5357863903045654, -0.01895357295870781, 0.90374755859375], [0.009716293774545193, 0.02005826123058796, -0.9997515678405762, 1.495199203491211], [0.5360335111618042, -0.8441151976585388, -0.011726140044629574, -1.1568603515625], [0.0, 0.0, 0.0, 1.0]], [[0.9478783011436462, 0.3186194598674774, -0.0028748060576617718, -1.15203857421875], [-0.014740590006113052, 0.03483634069561958, -0.9992843270301819, 1.5621681213378906], [-0.3182913661003113, 0.9472423195838928, 0.03771725669503212, -0.1536865234375], [0.0, 0.0, 0.0, 1.0]], [[0.009424551390111446, 0.9995813965797424, 0.027354326099157333, -0.0286865234375], [-0.012776211835443974, 0.027473678812384605, -0.9995408058166504, 1.56707763671875], [-0.9998739361763, 0.009070750325918198, 0.013029789552092552, -0.03131103515625], [0.0, 0.0, 0.0, 1.0]], [[-0.923675537109375, 0.3830377459526062, 0.01026928424835205, 1.01531982421875], [-0.00908704474568367, 0.0048957448452711105, -0.9999467134475708, 1.5463800430297852], [-0.3830675184726715, -0.9237197041511536, -0.0010413994314149022, -0.1025390625], [0.0, 0.0, 0.0, 1.0]]], "view": [[0.0, -2.0, 100.0], [-2.0, 0.0, 100.0], [0.0, 0.0, 1.0]], "bev": "bev_dd36a9ed08be4b798d15d8b31ca72049.png", "aux": "aux_dd36a9ed08be4b798d15d8b31ca72049.npz", "visibility": "visibility_dd36a9ed08be4b798d15d8b31ca72049.png", "pose": [[-0.8596680760383606, -0.5108529925346375, 0.0, 632.2936401367188], [0.5108529925346375, -0.8596680760383606, 0.0, 1489.321044921875], [0.0, 0.0, 1.0, 0.0], [0.0, 0.0, 0.0, 1.0]], "pose_inverse": [[-0.8596680760383606, 0.5108529925346375, 0.0, -217.26144409179688], [-0.5108529925346375, -0.8596680760383606, 0.0, 1603.3309326171875], [0.0, 0.0, 1.0, 0.0], [0.0, 0.0, 0.0, 1.0]], "cam_ids": [0, 1, 2, 3, 4, 5], "cam_channels": ["CAM_FRONT_LEFT", "CAM_FRONT", "CAM_FRONT_RIGHT", "CAM_BACK_LEFT", "CAM_BACK", "CAM_BACK_RIGHT"], "token": "dd36a9ed08be4b798d15d8b31ca72049", "scene": "scene-0293"}, {"images": ["samples/CAM_FRONT_LEFT/n008-2018-08-31-11-19-57-0400__CAM_FRONT_LEFT__1535729144404799.jpg", "samples/CAM_FRONT/n008-2018-08-31-11-19-57-0400__CAM_FRONT__1535729144412404.jpg", "samples/CAM_FRONT_RIGHT/n008-2018-08-31-11-19-57-0400__CAM_FRONT_RIGHT__1535729144420482.jpg", "samples/CAM_BACK_LEFT/n008-2018-08-31-11-19-57-0400__CAM_BACK_LEFT__1535729144447405.jpg", "samples/CAM_BACK/n008-2018-08-31-11-19-57-0400__CAM_BACK__1535729144437558.jpg", "samples/CAM_BACK_RIGHT/n008-2018-08-31-11-19-57-0400__CAM_BACK_RIGHT__1535729144428113.jpg"], "intrinsics": [[[1257.8625342125129, 0.0, 827.2410631095686], [0.0, 1257.8625342125129, 450.915498205774], [0.0, 0.0, 1.0]], [[1252.8131021185304, 0.0, 826.588114781398], [0.0, 1252.8131021185304, 469.9846626224581], [0.0, 0.0, 1.0]], [[1256.7485116440405, 0.0, 817.7887570959712], [0.0, 1256.7485116440403, 451.9541780095127], [0.0, 0.0, 1.0]], [[1254.9860565800168, 0.0, 829.5769333630991], [0.0, 1254.9860565800168, 467.1680561863987], [0.0, 0.0, 1.0]], [[796.8910634503094, 0.0, 857.7774326863696], [0.0, 796.8910634503094, 476.8848988407415], [0.0, 0.0, 1.0]], [[1249.9629280788233, 0.0, 825.3768045375984], [0.0, 1249.9629280788233, 462.54816385708756], [0.0, 0.0, 1.0]]], "extrinsics": [[[0.8225651979446411, -0.5684130787849426, -0.017123006284236908, -0.7149658203125], [-0.0022980377543717623, 0.02678779512643814, -0.9996384978294373, 1.4873619079589844], [0.5686662197113037, 0.8223071694374084, 0.020728472620248795, -1.138671875], [0.0, 0.0, 0.0, 1.0]], [[0.010268419049680233, -0.9996832609176636, -0.02297610230743885, 0.0123291015625], [-0.0004535722837317735, 0.022972654551267624, -0.9997360110282898, 1.4799423217773438], [0.9999471306800842, 0.010276096872985363, -0.00021753704641014338, -1.4487152099609375], [0.0, 0.0, 0.0, 1.0]], [[-0.8440446853637695, -0.5360867977142334, -0.014117800630629063, 0.907470703125], [0.007451465819031, 0.014599376358091831, -0.9998656511306763, 1.494659423828125], [0.5362209677696228, -0.8440365791320801, -0.008327895775437355, -1.1578369140625], [0.0, 0.0, 0.0, 1.0]], [[0.9477946758270264, 0.31878721714019775, -0.0077369324862957, -1.14971923828125], [-0.01840277947485447, 0.030459266155958176, -0.9993665814399719, 1.5621299743652344], [-0.318349689245224, 0.947336733341217, 0.034735701978206635, -0.1549072265625], [0.0, 0.0, 0.0, 1.0]], [[0.009317909367382526, 0.9996987581253052, 0.022705651819705963, -0.0291748046875], [-0.016108626499772072, 0.022853758186101913, -0.9996089935302734, 1.5667991638183594], [-0.9998267889022827, 0.008948525413870811, 0.016316723078489304, -0.032470703125], [0.0, 0.0, 0.0, 1.0]], [[-0.923732340335846, 0.3828853964805603, 0.010827625170350075, 1.01641845703125], [-0.011779203079640865, -0.00014092617493588477, -0.9999306201934814, 1.5459818840026855], [-0.38285723328590393, -0.9237958192825317, 0.004640262108296156, -0.1011962890625], [0.0, 0.0, 0.0, 1.0]]], "view": [[0.0, -2.0, 100.0], [-2.0, 0.0, 100.0], [0.0, 0.0, 1.0]], "bev": "bev_e50f527728564c0ab1e8f4ca78d4cc46.png", "aux": "aux_e50f527728564c0ab1e8f4ca78d4cc46.npz", "visibility": "visibility_e50f527728564c0ab1e8f4ca78d4cc46.png", "pose": [[-0.8596190810203552, -0.5109354257583618, 0.0, 628.6575927734375], [0.5109354257583618, -0.8596190810203552, 0.0, 1491.5245361328125], [0.0, 0.0, 1.0, 0.0], [0.0, 0.0, 0.0, 1.0]], "pose_inverse": [[-0.8596190810203552, 0.5109354257583618, 0.0, -221.6667022705078], [-0.5109354257583618, -0.8596190810203552, 0.0, 1603.346435546875], [0.0, 0.0, 1.0, 0.0], [0.0, 0.0, 0.0, 1.0]], "cam_ids": [0, 1, 2, 3, 4, 5], "cam_channels": ["CAM_FRONT_LEFT", "CAM_FRONT", "CAM_FRONT_RIGHT", "CAM_BACK_LEFT", "CAM_BACK", "CAM_BACK_RIGHT"], "token": "e50f527728564c0ab1e8f4ca78d4cc46", "scene": "scene-0293"}, {"images": ["samples/CAM_FRONT_LEFT/n008-2018-08-31-11-19-57-0400__CAM_FRONT_LEFT__1535729144904799.jpg", "samples/CAM_FRONT/n008-2018-08-31-11-19-57-0400__CAM_FRONT__1535729144912404.jpg", "samples/CAM_FRONT_RIGHT/n008-2018-08-31-11-19-57-0400__CAM_FRONT_RIGHT__1535729144920482.jpg", "samples/CAM_BACK_LEFT/n008-2018-08-31-11-19-57-0400__CAM_BACK_LEFT__1535729144947405.jpg", "samples/CAM_BACK/n008-2018-08-31-11-19-57-0400__CAM_BACK__1535729144937558.jpg", "samples/CAM_BACK_RIGHT/n008-2018-08-31-11-19-57-0400__CAM_BACK_RIGHT__1535729144928113.jpg"], "intrinsics": [[[1257.8625342125129, 0.0, 827.2410631095686], [0.0, 1257.8625342125129, 450.915498205774], [0.0, 0.0, 1.0]], [[1252.8131021185304, 0.0, 826.588114781398], [0.0, 1252.8131021185304, 469.9846626224581], [0.0, 0.0, 1.0]], [[1256.7485116440405, 0.0, 817.7887570959712], [0.0, 1256.7485116440403, 451.9541780095127], [0.0, 0.0, 1.0]], [[1254.9860565800168, 0.0, 829.5769333630991], [0.0, 1254.9860565800168, 467.1680561863987], [0.0, 0.0, 1.0]], [[796.8910634503094, 0.0, 857.7774326863696], [0.0, 796.8910634503094, 476.8848988407415], [0.0, 0.0, 1.0]], [[1249.9629280788233, 0.0, 825.3768045375984], [0.0, 1249.9629280788233, 462.54816385708756], [0.0, 0.0, 1.0]]], "extrinsics": [[[0.8220211863517761, -0.5689501762390137, -0.024019896984100342, -0.69775390625], [-0.007320529781281948, 0.03161896392703056, -0.9994731545448303, 1.4854660034179688], [0.569409966468811, 0.8217639923095703, 0.02182643674314022, -1.12451171875], [0.0, 0.0, 0.0, 1.0]], [[0.00951045099645853, -0.9995587468147278, -0.028141411021351814, 0.010986328125], [-0.005144794005900621, 0.028093401342630386, -0.9995920658111572, 1.478515625], [0.9999416470527649, 0.0096513070166111, -0.0048753428272902966, -1.4289703369140625], [0.0, 0.0, 0.0, 1.0]], [[-0.8443685173988342, -0.5355964303016663, -0.013355216942727566, 0.892578125], [0.003110904013738036, 0.02002575807273388, -0.999794602394104, 1.4937610626220703], [0.5357538461685181, -0.8442366719245911, -0.015242928639054298, -1.1495361328125], [0.0, 0.0, 0.0, 1.0]], [[0.9477566480636597, 0.31886371970176697, -0.009126079268753529, -1.142669677734375], [-0.022195439785718918, 0.03737780079245567, -0.9990547299385071, 1.5619964599609375], [-0.31822118163108826, 0.9470633268356323, 0.042502377182245255, -0.156982421875], [0.0, 0.0, 0.0, 1.0]], [[0.009601143188774586, 0.9995371699333191, 0.028868060559034348, -0.02880859375], [-0.019998742267489433, 0.029055556282401085, -0.9993776679039001, 1.5662689208984375], [-0.9997539520263672, 0.009017836302518845, 0.020268451422452927, -0.0442047119140625], [0.0, 0.0, 0.0, 1.0]], [[-0.9235418438911438, 0.3831331431865692, 0.016716498881578445, 1.0029296875], [-0.01579299010336399, 0.005555952899158001, -0.9998598098754883, 1.545119285583496], [-0.38317227363586426, -0.9236764311790466, 0.0009196614264510572, -0.107421875], [0.0, 0.0, 0.0, 1.0]]], "view": [[0.0, -2.0, 100.0], [-2.0, 0.0, 100.0], [0.0, 0.0, 1.0]], "bev": "bev_affd954c7916468da2059cd5d238cece.png", "aux": "aux_affd954c7916468da2059cd5d238cece.npz", "visibility": "visibility_affd954c7916468da2059cd5d238cece.png", "pose": [[-0.8600627779960632, -0.5101882815361023, 0.0, 624.9777221679688], [0.5101882815361023, -0.8600627779960632, 0.0, 1493.750732421875], [0.0, 0.0, 1.0, 0.0], [0.0, 0.0, 0.0, 1.0]], "pose_inverse": [[-0.8600627779960632, 0.5101882815361023, 0.0, -224.5740203857422], [-0.5101882815361023, -0.8600627779960632, 0.0, 1603.57568359375], [0.0, 0.0, 1.0, 0.0], [0.0, 0.0, 0.0, 1.0]], "cam_ids": [0, 1, 2, 3, 4, 5], "cam_channels": ["CAM_FRONT_LEFT", "CAM_FRONT", "CAM_FRONT_RIGHT", "CAM_BACK_LEFT", "CAM_BACK", "CAM_BACK_RIGHT"], "token": "affd954c7916468da2059cd5d238cece", "scene": "scene-0293"}, {"images": ["samples/CAM_FRONT_LEFT/n008-2018-08-31-11-19-57-0400__CAM_FRONT_LEFT__1535729145404799.jpg", "samples/CAM_FRONT/n008-2018-08-31-11-19-57-0400__CAM_FRONT__1535729145412404.jpg", "samples/CAM_FRONT_RIGHT/n008-2018-08-31-11-19-57-0400__CAM_FRONT_RIGHT__1535729145420482.jpg", "samples/CAM_BACK_LEFT/n008-2018-08-31-11-19-57-0400__CAM_BACK_LEFT__1535729145447405.jpg", "samples/CAM_BACK/n008-2018-08-31-11-19-57-0400__CAM_BACK__1535729145437558.jpg", "samples/CAM_BACK_RIGHT/n008-2018-08-31-11-19-57-0400__CAM_BACK_RIGHT__1535729145428113.jpg"], "intrinsics": [[[1257.8625342125129, 0.0, 827.2410631095686], [0.0, 1257.8625342125129, 450.915498205774], [0.0, 0.0, 1.0]], [[1252.8131021185304, 0.0, 826.588114781398], [0.0, 1252.8131021185304, 469.9846626224581], [0.0, 0.0, 1.0]], [[1256.7485116440405, 0.0, 817.7887570959712], [0.0, 1256.7485116440403, 451.9541780095127], [0.0, 0.0, 1.0]], [[1254.9860565800168, 0.0, 829.5769333630991], [0.0, 1254.9860565800168, 467.1680561863987], [0.0, 0.0, 1.0]], [[796.8910634503094, 0.0, 857.7774326863696], [0.0, 796.8910634503094, 476.8848988407415], [0.0, 0.0, 1.0]], [[1249.9629280788233, 0.0, 825.3768045375984], [0.0, 1249.9629280788233, 462.54816385708756], [0.0, 0.0, 1.0]]], "extrinsics": [[[0.8219166994094849, -0.5688912272453308, -0.028561118990182877, -0.7088623046875], [-0.010816344060003757, 0.03454485163092613, -0.9993445873260498, 1.48431396484375], [0.5695049166679382, 0.8216869235038757, 0.022239670157432556, -1.132080078125], [0.0, 0.0, 0.0, 1.0]], [[0.009431839920580387, -0.9994936585426331, -0.030387071892619133, 0.0108642578125], [-0.008595030754804611, 0.030306268483400345, -0.9995037317276001, 1.4775543212890625], [0.999918520450592, 0.009688281454145908, -0.008304836228489876, -1.44097900390625], [0.0, 0.0, 0.0, 1.0]], [[-0.844380259513855, -0.5356259346008301, -0.011263902299106121, 0.90142822265625], [-0.00029004248790442944, 0.021481795236468315, -0.9997692108154297, 1.4929656982421875], [0.5357442498207092, -0.8441820740699768, -0.018294161185622215, -1.1552734375], [0.0, 0.0, 0.0, 1.0]], [[0.9477843642234802, 0.3186776340007782, -0.01221796777099371, -1.14801025390625], [-0.02502460591495037, 0.03612354397773743, -0.9990339875221252, 1.5621681213378906], [-0.3179284930229187, 0.9471745491027832, 0.042212117463350296, -0.154541015625], [0.0, 0.0, 0.0, 1.0]], [[0.009609404020011425, 0.9995472431182861, 0.0285139549523592, -0.02880859375], [-0.022847596555948257, 0.028727302327752113, -0.9993261098861694, 1.566192626953125], [-0.9996928572654724, 0.008951456286013126, 0.023113306611776352, -0.036376953125], [0.0, 0.0, 0.0, 1.0]], [[-0.9235049486160278, 0.38306158781051636, 0.02005600929260254, 1.0115966796875], [-0.0191178061068058, 0.006256324704736471, -0.9997977018356323, 1.5447282791137695], [-0.38310953974723816, -0.9237015247344971, 0.0015455519314855337, -0.10400390625], [0.0, 0.0, 0.0, 1.0]]], "view": [[0.0, -2.0, 100.0], [-2.0, 0.0, 100.0], [0.0, 0.0, 1.0]], "bev": "bev_bd8f5bbd28684be89818ce87bf52d52f.png", "aux": "aux_bd8f5bbd28684be89818ce87bf52d52f.npz", "visibility": "visibility_bd8f5bbd28684be89818ce87bf52d52f.png", "pose": [[-0.862231433391571, -0.5065144896507263, 0.0, 621.2998657226562], [0.5065144896507263, -0.862231433391571, 0.0, 1495.981201171875], [0.0, 0.0, 1.0, 0.0], [0.0, 0.0, 0.0, 1.0]], "pose_inverse": [[-0.862231433391571, 0.5065144896507263, 0.0, -222.03189086914062], [-0.5065144896507263, -0.862231433391571, 0.0, 1604.5794677734375], [0.0, 0.0, 1.0, 0.0], [0.0, 0.0, 0.0, 1.0]], "cam_ids": [0, 1, 2, 3, 4, 5], "cam_channels": ["CAM_FRONT_LEFT", "CAM_FRONT", "CAM_FRONT_RIGHT", "CAM_BACK_LEFT", "CAM_BACK", "CAM_BACK_RIGHT"], "token": "bd8f5bbd28684be89818ce87bf52d52f", "scene": "scene-0293"}, {"images": ["samples/CAM_FRONT_LEFT/n008-2018-08-31-11-19-57-0400__CAM_FRONT_LEFT__1535729145905405.jpg", "samples/CAM_FRONT/n008-2018-08-31-11-19-57-0400__CAM_FRONT__1535729145912404.jpg", "samples/CAM_FRONT_RIGHT/n008-2018-08-31-11-19-57-0400__CAM_FRONT_RIGHT__1535729145920482.jpg", "samples/CAM_BACK_LEFT/n008-2018-08-31-11-19-57-0400__CAM_BACK_LEFT__1535729145947405.jpg", "samples/CAM_BACK/n008-2018-08-31-11-19-57-0400__CAM_BACK__1535729145937558.jpg", "samples/CAM_BACK_RIGHT/n008-2018-08-31-11-19-57-0400__CAM_BACK_RIGHT__1535729145928113.jpg"], "intrinsics": [[[1257.8625342125129, 0.0, 827.2410631095686], [0.0, 1257.8625342125129, 450.915498205774], [0.0, 0.0, 1.0]], [[1252.8131021185304, 0.0, 826.588114781398], [0.0, 1252.8131021185304, 469.9846626224581], [0.0, 0.0, 1.0]], [[1256.7485116440405, 0.0, 817.7887570959712], [0.0, 1256.7485116440403, 451.9541780095127], [0.0, 0.0, 1.0]], [[1254.9860565800168, 0.0, 829.5769333630991], [0.0, 1254.9860565800168, 467.1680561863987], [0.0, 0.0, 1.0]], [[796.8910634503094, 0.0, 857.7774326863696], [0.0, 796.8910634503094, 476.8848988407415], [0.0, 0.0, 1.0]], [[1249.9629280788233, 0.0, 825.3768045375984], [0.0, 1249.9629280788233, 462.54816385708756], [0.0, 0.0, 1.0]]], "extrinsics": [[[0.8219422698020935, -0.5691070556640625, -0.022980837151408195, -0.7081298828125], [-0.008146274834871292, 0.02859726920723915, -0.9995577931404114, 1.4853324890136719], [0.5695126056671143, 0.8217660188674927, 0.018869202584028244, -1.1287841796875], [0.0, 0.0, 0.0, 1.0]], [[0.009357811883091927, -0.999659538269043, -0.024355987086892128, 0.0087890625], [-0.0060356380417943, 0.024300144985318184, -0.9996864795684814, 1.4783401489257812], [0.9999380111694336, 0.009501902386546135, -0.005806185305118561, -1.4344940185546875], [0.0, 0.0, 0.0, 1.0]], [[-0.8444478511810303, -0.5355430245399475, -0.010073749348521233, 0.896240234375], [0.0021645340602844954, 0.015395021066069603, -0.9998791217803955, 1.4935665130615234], [0.535633385181427, -0.8443675637245178, -0.011841091327369213, -1.154052734375], [0.0, 0.0, 0.0, 1.0]], [[0.9477673768997192, 0.31874486804008484, -0.011776790954172611, -1.147705078125], [-0.02254076860845089, 0.030102267861366272, -0.9992926716804504, 1.5621299743652344], [-0.3181649446487427, 0.9473624229431152, 0.03571470081806183, -0.1549072265625], [0.0, 0.0, 0.0, 1.0]], [[0.00960320234298706, 0.9996996521949768, 0.022546106949448586, -0.0279541015625], [-0.020509514957666397, 0.022739317268133163, -0.9995310306549072, 1.5663833618164062], [-0.9997435808181763, 0.00913630984723568, 0.02072172611951828, -0.0374298095703125], [0.0, 0.0, 0.0, 1.0]], [[-0.923503041267395, 0.38328027725219727, 0.015435873530805111, 1.0091552734375], [-0.016640067100524902, 0.00017371705325786024, -0.999861478805542, 1.5450825691223145], [-0.3832298815250397, -0.923632025718689, 0.006217381916940212, -0.1064453125], [0.0, 0.0, 0.0, 1.0]]], "view": [[0.0, -2.0, 100.0], [-2.0, 0.0, 100.0], [0.0, 0.0, 1.0]], "bev": "bev_a869a39b9a9a4a9d93fee6a62110cd4e.png", "aux": "aux_a869a39b9a9a4a9d93fee6a62110cd4e.npz", "visibility": "visibility_a869a39b9a9a4a9d93fee6a62110cd4e.png", "pose": [[-0.8631494045257568, -0.504948616027832, 0.0, 617.5769653320312], [0.504948616027832, -0.8631494045257568, 0.0, 1498.2164306640625], [0.0, 0.0, 1.0, 0.0], [0.0, 0.0, 0.0, 1.0]], "pose_inverse": [[-0.8631494045257568, 0.504948616027832, 0.0, -223.46112060546875], [-0.504948616027832, -0.8631494045257568, 0.0, 1605.029296875], [0.0, 0.0, 1.0, 0.0], [0.0, 0.0, 0.0, 1.0]], "cam_ids": [0, 1, 2, 3, 4, 5], "cam_channels": ["CAM_FRONT_LEFT", "CAM_FRONT", "CAM_FRONT_RIGHT", "CAM_BACK_LEFT", "CAM_BACK", "CAM_BACK_RIGHT"], "token": "a869a39b9a9a4a9d93fee6a62110cd4e", "scene": "scene-0293"}, {"images": ["samples/CAM_FRONT_LEFT/n008-2018-08-31-11-19-57-0400__CAM_FRONT_LEFT__1535729146504799.jpg", "samples/CAM_FRONT/n008-2018-08-31-11-19-57-0400__CAM_FRONT__1535729146512404.jpg", "samples/CAM_FRONT_RIGHT/n008-2018-08-31-11-19-57-0400__CAM_FRONT_RIGHT__1535729146520482.jpg", "samples/CAM_BACK_LEFT/n008-2018-08-31-11-19-57-0400__CAM_BACK_LEFT__1535729146547405.jpg", "samples/CAM_BACK/n008-2018-08-31-11-19-57-0400__CAM_BACK__1535729146537558.jpg", "samples/CAM_BACK_RIGHT/n008-2018-08-31-11-19-57-0400__CAM_BACK_RIGHT__1535729146528113.jpg"], "intrinsics": [[[1257.8625342125129, 0.0, 827.2410631095686], [0.0, 1257.8625342125129, 450.915498205774], [0.0, 0.0, 1.0]], [[1252.8131021185304, 0.0, 826.588114781398], [0.0, 1252.8131021185304, 469.9846626224581], [0.0, 0.0, 1.0]], [[1256.7485116440405, 0.0, 817.7887570959712], [0.0, 1256.7485116440403, 451.9541780095127], [0.0, 0.0, 1.0]], [[1254.9860565800168, 0.0, 829.5769333630991], [0.0, 1254.9860565800168, 467.1680561863987], [0.0, 0.0, 1.0]], [[796.8910634503094, 0.0, 857.7774326863696], [0.0, 796.8910634503094, 476.8848988407415], [0.0, 0.0, 1.0]], [[1249.9629280788233, 0.0, 825.3768045375984], [0.0, 1249.9629280788233, 462.54816385708756], [0.0, 0.0, 1.0]]], "extrinsics": [[[0.8225434422492981, -0.5684466361999512, -0.017052749171853065, -0.7059326171875], [-0.0002853928308468312, 0.029572773724794388, -0.9995626211166382, 1.4880905151367188], [0.568702220916748, 0.8221884965896606, 0.02416265942156315, -1.1307373046875], [0.0, 0.0, 0.0, 1.0]], [[0.010219734162092209, -0.9996260404586792, -0.025362856686115265, 0.0111083984375], [0.0013692063512280583, 0.025378147140145302, -0.9996770024299622, 1.480499267578125], [0.9999468922615051, 0.010181688703596592, 0.0016280511626973748, -1.439605712890625], [0.0, 0.0, 0.0, 1.0]], [[-0.844064474105835, -0.5359859466552734, -0.016558513045310974, 0.9019775390625], [0.009072165004909039, 0.016601286828517914, -0.9998210072517395, 1.4950809478759766], [0.5361649394035339, -0.8440636396408081, -0.0091500049456954, -1.1553955078125], [0.0, 0.0, 0.0, 1.0]], [[0.9477943181991577, 0.31882715225219727, -0.00594013137742877, -1.153045654296875], [-0.016826055943965912, 0.03140033036470413, -0.9993652701377869, 1.5621986389160156], [-0.3184382915496826, 0.9472926259040833, 0.03512565791606903, -0.1533203125], [0.0, 0.0, 0.0, 1.0]], [[0.009325266815721989, 0.9996705055236816, 0.02391728386282921, -0.02880859375], [-0.01444763783365488, 0.024050522595643997, -0.9996063113212585, 1.5669364929199219], [-0.999852180480957, 0.008976112119853497, 0.014667155221104622, -0.0322265625], [0.0, 0.0, 0.0, 1.0]], [[-0.9237242341041565, 0.38293012976646423, 0.009903138503432274, 1.01361083984375], [-0.01011618785560131, 0.0014573248336091638, -0.9999477863311768, 1.5462055206298828], [-0.38292446732521057, -0.9237761497497559, 0.0025276264641433954, -0.1031494140625], [0.0, 0.0, 0.0, 1.0]]], "view": [[0.0, -2.0, 100.0], [-2.0, 0.0, 100.0], [0.0, 0.0, 1.0]], "bev": "bev_534237270afe4038acddf9b505a6784b.png", "aux": "aux_534237270afe4038acddf9b505a6784b.npz", "visibility": "visibility_534237270afe4038acddf9b505a6784b.png", "pose": [[-0.8635886311531067, -0.5041970610618591, 0.0, 613.0467529296875], [0.5041970610618591, -0.8635886311531067, 0.0, 1500.9056396484375], [0.0, 0.0, 1.0, 0.0], [0.0, 0.0, 0.0, 1.0]], "pose_inverse": [[-0.8635886311531067, 0.5041970610618591, 0.0, -227.33201599121094], [-0.5041970610618591, -0.8635886311531067, 0.0, 1605.261474609375], [0.0, 0.0, 1.0, 0.0], [0.0, 0.0, 0.0, 1.0]], "cam_ids": [0, 1, 2, 3, 4, 5], "cam_channels": ["CAM_FRONT_LEFT", "CAM_FRONT", "CAM_FRONT_RIGHT", "CAM_BACK_LEFT", "CAM_BACK", "CAM_BACK_RIGHT"], "token": "534237270afe4038acddf9b505a6784b", "scene": "scene-0293"}, {"images": ["samples/CAM_FRONT_LEFT/n008-2018-08-31-11-19-57-0400__CAM_FRONT_LEFT__1535729147004799.jpg", "samples/CAM_FRONT/n008-2018-08-31-11-19-57-0400__CAM_FRONT__1535729147012404.jpg", "samples/CAM_FRONT_RIGHT/n008-2018-08-31-11-19-57-0400__CAM_FRONT_RIGHT__1535729147020482.jpg", "samples/CAM_BACK_LEFT/n008-2018-08-31-11-19-57-0400__CAM_BACK_LEFT__1535729147047405.jpg", "samples/CAM_BACK/n008-2018-08-31-11-19-57-0400__CAM_BACK__1535729147037558.jpg", "samples/CAM_BACK_RIGHT/n008-2018-08-31-11-19-57-0400__CAM_BACK_RIGHT__1535729147028113.jpg"], "intrinsics": [[[1257.8625342125129, 0.0, 827.2410631095686], [0.0, 1257.8625342125129, 450.915498205774], [0.0, 0.0, 1.0]], [[1252.8131021185304, 0.0, 826.588114781398], [0.0, 1252.8131021185304, 469.9846626224581], [0.0, 0.0, 1.0]], [[1256.7485116440405, 0.0, 817.7887570959712], [0.0, 1256.7485116440403, 451.9541780095127], [0.0, 0.0, 1.0]], [[1254.9860565800168, 0.0, 829.5769333630991], [0.0, 1254.9860565800168, 467.1680561863987], [0.0, 0.0, 1.0]], [[796.8910634503094, 0.0, 857.7774326863696], [0.0, 796.8910634503094, 476.8848988407415], [0.0, 0.0, 1.0]], [[1249.9629280788233, 0.0, 825.3768045375984], [0.0, 1249.9629280788233, 462.54816385708756], [0.0, 0.0, 1.0]]], "extrinsics": [[[0.822038471698761, -0.5692618489265442, -0.013919766992330551, -0.7054443359375], [-0.004442197270691395, 0.01803337037563324, -0.9998275637626648, 1.486673355102539], [0.5694146752357483, 0.8219584822654724, 0.01229534950107336, -1.1260986328125], [0.0, 0.0, 0.0, 1.0]], [[0.009587602689862251, -0.9998362064361572, -0.015348703600466251, 0.0084228515625], [-0.0012965052155777812, 0.015336966142058372, -0.9998815655708313, 1.479776382446289], [0.9999532699584961, 0.009606358595192432, -0.0011492489138618112, -1.436431884765625], [0.0, 0.0, 0.0, 1.0]], [[-0.8442904353141785, -0.5357705354690552, -0.011113778688013554, 0.8980712890625], [0.00799038540571928, 0.008150591515004635, -0.9999348521232605, 1.4948959350585938], [0.5358262062072754, -0.8443242907524109, -0.002600454492494464, -1.1552734375], [0.0, 0.0, 0.0, 1.0]], [[0.9479295015335083, 0.3184616267681122, -0.00343561009503901, -1.150787353515625], [-0.013181939721107483, 0.028454380109906197, -0.9995082020759583, 1.5621376037597656], [-0.3182072639465332, 0.9475085735321045, 0.031170688569545746, -0.1539306640625], [0.0, 0.0, 0.0, 1.0]], [[0.009436890482902527, 0.999774694442749, 0.01901332102715969, -0.028076171875], [-0.012594416737556458, 0.0191314946860075, -0.9997376203536987, 1.5670547485351562], [-0.9998761415481567, 0.009194944053888321, 0.012772121466696262, -0.035552978515625], [0.0, 0.0, 0.0, 1.0]], [[-0.9236162304878235, 0.38325321674346924, 0.007065419107675552, 1.0111083984375], [-0.009923013858497143, -0.005479646380990744, -0.9999357461929321, 1.5462045669555664], [-0.383189857006073, -0.9236270785331726, 0.008864117786288261, -0.105712890625], [0.0, 0.0, 0.0, 1.0]]], "view": [[0.0, -2.0, 100.0], [-2.0, 0.0, 100.0], [0.0, 0.0, 1.0]], "bev": "bev_ee3e7b6271864aeba9237657fb3caadb.png", "aux": "aux_ee3e7b6271864aeba9237657fb3caadb.npz", "visibility": "visibility_ee3e7b6271864aeba9237657fb3caadb.png", "pose": [[-0.8641512393951416, -0.5032321810722351, 0.0, 609.2742309570312], [0.5032321810722351, -0.8641512393951416, 0.0, 1503.1473388671875], [0.0, 0.0, 1.0, 0.0], [0.0, 0.0, 0.0, 1.0]], "pose_inverse": [[-0.8641512393951416, 0.5032321810722351, 0.0, -229.92698669433594], [-0.5032321810722351, -0.8641512393951416, 0.0, 1605.5531005859375], [0.0, 0.0, 1.0, 0.0], [0.0, 0.0, 0.0, 1.0]], "cam_ids": [0, 1, 2, 3, 4, 5], "cam_channels": ["CAM_FRONT_LEFT", "CAM_FRONT", "CAM_FRONT_RIGHT", "CAM_BACK_LEFT", "CAM_BACK", "CAM_BACK_RIGHT"], "token": "ee3e7b6271864aeba9237657fb3caadb", "scene": "scene-0293"}, {"images": ["samples/CAM_FRONT_LEFT/n008-2018-08-31-11-19-57-0400__CAM_FRONT_LEFT__1535729147504799.jpg", "samples/CAM_FRONT/n008-2018-08-31-11-19-57-0400__CAM_FRONT__1535729147512404.jpg", "samples/CAM_FRONT_RIGHT/n008-2018-08-31-11-19-57-0400__CAM_FRONT_RIGHT__1535729147520482.jpg", "samples/CAM_BACK_LEFT/n008-2018-08-31-11-19-57-0400__CAM_BACK_LEFT__1535729147547405.jpg", "samples/CAM_BACK/n008-2018-08-31-11-19-57-0400__CAM_BACK__1535729147537558.jpg", "samples/CAM_BACK_RIGHT/n008-2018-08-31-11-19-57-0400__CAM_BACK_RIGHT__1535729147528113.jpg"], "intrinsics": [[[1257.8625342125129, 0.0, 827.2410631095686], [0.0, 1257.8625342125129, 450.915498205774], [0.0, 0.0, 1.0]], [[1252.8131021185304, 0.0, 826.588114781398], [0.0, 1252.8131021185304, 469.9846626224581], [0.0, 0.0, 1.0]], [[1256.7485116440405, 0.0, 817.7887570959712], [0.0, 1256.7485116440403, 451.9541780095127], [0.0, 0.0, 1.0]], [[1254.9860565800168, 0.0, 829.5769333630991], [0.0, 1254.9860565800168, 467.1680561863987], [0.0, 0.0, 1.0]], [[796.8910634503094, 0.0, 857.7774326863696], [0.0, 796.8910634503094, 476.8848988407415], [0.0, 0.0, 1.0]], [[1249.9629280788233, 0.0, 825.3768045375984], [0.0, 1249.9629280788233, 462.54816385708756], [0.0, 0.0, 1.0]]], "extrinsics": [[[0.8231016993522644, -0.5671862959861755, -0.02834313176572323, -0.699462890625], [-0.015363211743533611, 0.027651337906718254, -0.9994995594024658, 1.4825592041015625], [0.5676862597465515, 0.8231251835823059, 0.014046058058738708, -1.124755859375], [0.0, 0.0, 0.0, 1.0]], [[0.011232607066631317, -0.9996626973152161, -0.02341700717806816, 0.01025390625], [-0.013391170650720596, 0.02326599881052971, -0.999639630317688, 1.4760551452636719], [0.9998472332954407, 0.011542098596692085, -0.013125317171216011, -1.430328369140625], [0.0, 0.0, 0.0, 1.0]], [[-0.8435978889465332, -0.5369661450386047, -0.0031627172138541937, 0.8934326171875], [-0.005348679609596729, 0.014292304404079914, -0.9998835325241089, 1.4918022155761719], [0.5369488000869751, -0.8434826731681824, -0.014929018914699554, -1.1507568359375], [0.0, 0.0, 0.0, 1.0]], [[0.9476532936096191, 0.31867319345474243, -0.020016221329569817, -1.14593505859375], [-0.030650679022073746, 0.02839106321334839, -0.9991268515586853, 1.562103271484375], [-0.31782659888267517, 0.9474393129348755, 0.0366724357008934, -0.155517578125], [0.0, 0.0, 0.0, 1.0]], [[0.009072590619325638, 0.9997379183769226, 0.02101845107972622, -0.0283203125], [-0.028584586456418037, 0.021270014345645905, -0