[{"images": ["samples/CAM_FRONT_LEFT/n015-2018-09-25-11-10-38+0800__CAM_FRONT_LEFT__1537845532254844.jpg", "samples/CAM_FRONT/n015-2018-09-25-11-10-38+0800__CAM_FRONT__1537845532262460.jpg", "samples/CAM_FRONT_RIGHT/n015-2018-09-25-11-10-38+0800__CAM_FRONT_RIGHT__1537845532270339.jpg", "samples/CAM_BACK_LEFT/n015-2018-09-25-11-10-38+0800__CAM_BACK_LEFT__1537845532297423.jpg", "samples/CAM_BACK/n015-2018-09-25-11-10-38+0800__CAM_BACK__1537845532287525.jpg", "samples/CAM_BACK_RIGHT/n015-2018-09-25-11-10-38+0800__CAM_BACK_RIGHT__1537845532277893.jpg"], "intrinsics": [[[1272.5979470598488, 0.0, 826.6154927353808], [0.0, 1272.5979470598488, 479.75165386361925], [0.0, 0.0, 1.0]], [[1266.417203046554, 0.0, 816.2670197447984], [0.0, 1266.417203046554, 491.50706579294757], [0.0, 0.0, 1.0]], [[1260.8474446004698, 0.0, 807.968244525554], [0.0, 1260.8474446004698, 495.3344268742088], [0.0, 0.0, 1.0]], [[1256.7414812095406, 0.0, 792.1125740759628], [0.0, 1256.7414812095406, 492.7757465151356], [0.0, 0.0, 1.0]], [[809.2209905677063, 0.0, 829.2196003259838], [0.0, 809.2209905677063, 481.77842384512485], [0.0, 0.0, 1.0]], [[1259.5137405846733, 0.0, 807.2529053838625], [0.0, 1259.5137405846733, 501.19579884916527], [0.0, 0.0, 1.0]]], "extrinsics": [[[0.8211048245429993, -0.5706790685653687, -0.010592816397547722, -0.73663330078125], [0.00027207762468606234, 0.01894991099834442, -0.9998204112052917, 1.5082736015319824], [0.5707772374153137, 0.820954442024231, 0.015715133398771286, -1.124664306640625], [0.0, 0.0, 0.0, 1.0]], [[0.006237691268324852, -0.9998660087585449, -0.015134316869080067, 0.0086669921875], [-0.004794128704816103, 0.015104535967111588, -0.9998744130134583, 1.5194110870361328], [0.9999690055847168, 0.0063094510696828365, -0.004699269309639931, -1.465087890625], [0.0, 0.0, 0.0, 1.0]], [[-0.8326432108879089, -0.5534884929656982, -0.018863046541810036, 0.8861083984375], [0.0010054580634459853, 0.032549649477005005, -0.9994695782661438, 1.5037651062011719], [0.5538089275360107, -0.8322206139564514, -0.026545733213424683, -1.1494140625], [0.0, 0.0, 0.0, 1.0]], [[0.9477507472038269, 0.31883594393730164, 0.010586601682007313, -1.1424560546875], [0.010210372507572174, 0.0028513669967651367, -0.9999437928199768, 1.588554859161377], [-0.3188481330871582, 0.9478057026863098, -0.0005530472262762487, -0.10369873046875], [0.0, 0.0, 0.0, 1.0]], [[0.0022281913552433252, 0.9999181032180786, 0.01260365080088377, 0.0023193359375], [-0.015383835881948471, 0.012636465951800346, -0.9998018145561218, 1.5783557891845703], [-0.9998791813850403, 0.002033861121162772, 0.015410731546580791, -0.06268310546875], [0.0, 0.0, 0.0, 1.0]], [[-0.9349027872085571, 0.35485175251960754, -0.006091086659580469, 1.016357421875], [0.017047131434082985, 0.027756812050938606, -0.9994693398475647, 1.5535917282104492], [-0.3544943928718567, -0.9345104694366455, -0.0319991260766983, -0.10773468017578125], [0.0, 0.0, 0.0, 1.0]]], "view": [[0.0, -2.0, 100.0], [-2.0, 0.0, 100.0], [0.0, 0.0, 1.0]], "bev": "bev_da84b8a62bc8401cb4dfe42fe81fdc4c.png", "aux": "aux_da84b8a62bc8401cb4dfe42fe81fdc4c.npz", "visibility": "visibility_da84b8a62bc8401cb4dfe42fe81fdc4c.png", "pose": [[-0.20249365270137787, -0.9792835712432861, 0.0, 130.48545837402344], [0.9792835712432861, -0.20249365270137787, 0.0, 992.7767944335938], [0.0, 0.0, 1.0, 0.0], [0.0, 0.0, 0.0, 1.0]], "pose_inverse": [[-0.20249365270137787, 0.9792835712432861, 0.0, -945.7875366210938], [-0.9792835712432861, -0.20249365270137787, 0.0, 328.8132629394531], [0.0, 0.0, 1.0, 0.0], [0.0, 0.0, 0.0, 1.0]], "cam_ids": [0, 1, 2, 3, 4, 5], "cam_channels": ["CAM_FRONT_LEFT", "CAM_FRONT", "CAM_FRONT_RIGHT", "CAM_BACK_LEFT", "CAM_BACK", "CAM_BACK_RIGHT"], "token": "da84b8a62bc8401cb4dfe42fe81fdc4c", "scene": "scene-0989"}, {"images": ["samples/CAM_FRONT_LEFT/n015-2018-09-25-11-10-38+0800__CAM_FRONT_LEFT__1537845532754844.jpg", "samples/CAM_FRONT/n015-2018-09-25-11-10-38+0800__CAM_FRONT__1537845532762460.jpg", "samples/CAM_FRONT_RIGHT/n015-2018-09-25-11-10-38+0800__CAM_FRONT_RIGHT__1537845532770339.jpg", "samples/CAM_BACK_LEFT/n015-2018-09-25-11-10-38+0800__CAM_BACK_LEFT__1537845532799279.jpg", "samples/CAM_BACK/n015-2018-09-25-11-10-38+0800__CAM_BACK__1537845532787525.jpg", "samples/CAM_BACK_RIGHT/n015-2018-09-25-11-10-38+0800__CAM_BACK_RIGHT__1537845532777893.jpg"], "intrinsics": [[[1272.5979470598488, 0.0, 826.6154927353808], [0.0, 1272.5979470598488, 479.75165386361925], [0.0, 0.0, 1.0]], [[1266.417203046554, 0.0, 816.2670197447984], [0.0, 1266.417203046554, 491.50706579294757], [0.0, 0.0, 1.0]], [[1260.8474446004698, 0.0, 807.968244525554], [0.0, 1260.8474446004698, 495.3344268742088], [0.0, 0.0, 1.0]], [[1256.7414812095406, 0.0, 792.1125740759628], [0.0, 1256.7414812095406, 492.7757465151356], [0.0, 0.0, 1.0]], [[809.2209905677063, 0.0, 829.2196003259838], [0.0, 809.2209905677063, 481.77842384512485], [0.0, 0.0, 1.0]], [[1259.5137405846733, 0.0, 807.2529053838625], [0.0, 1259.5137405846733, 501.19579884916527], [0.0, 0.0, 1.0]]], "extrinsics": [[[0.8205375075340271, -0.571439802646637, -0.0132234962657094, -0.7696533203125], [0.002085462911054492, 0.026127254590392113, -0.9996564388275146, 1.5086936950683594], [0.5715889930725098, 0.8202279210090637, 0.022630106657743454, -1.146392822265625], [0.0, 0.0, 0.0, 1.0]], [[0.0053170653991401196, -0.9997385740280151, -0.022235287353396416, 0.007476806640625], [-0.003139986889436841, 0.022218801081180573, -0.9997482299804688, 1.5198936462402344], [0.9999809265136719, 0.005385539960116148, -0.0030210274271667004, -1.49853515625], [0.0, 0.0, 0.0, 1.0]], [[-0.8330910801887512, -0.5526136755943298, -0.02402946911752224, 0.9083251953125], [0.0025686463341116905, 0.03957673907279968, -0.9992132186889648, 1.5039911270141602], [0.5531299114227295, -0.8324972987174988, -0.031551554799079895, -1.16534423828125], [0.0, 0.0, 0.0, 1.0]], [[0.9477282166481018, 0.31877121329307556, 0.014004882425069809, -1.15240478515625], [0.01147560216486454, 0.009811212308704853, -0.9998860359191895, 1.5884323120117188], [-0.31887227296829224, 0.9477808475494385, 0.005640271585434675, -0.10015869140625], [0.0, 0.0, 0.0, 1.0]], [[0.002561380388215184, 0.9998055100440979, 0.01955772191286087, 0.00262451171875], [-0.014029438607394695, 0.019591789692640305, -0.9997096657752991, 1.5785942077636719], [-0.9998982548713684, 0.002286247443407774, 0.014076893217861652, -0.0521240234375], [0.0, 0.0, 0.0, 1.0]], [[-0.934649646282196, 0.3555351793766022, -0.004974976647645235, 1.0357666015625], [0.01852262392640114, 0.03471115976572037, -0.9992257356643677, 1.5534148216247559], [-0.3550872206687927, -0.9340181946754456, -0.03902821987867355, -0.10114860534667969], [0.0, 0.0, 0.0, 1.0]]], "view": [[0.0, -2.0, 100.0], [-2.0, 0.0, 100.0], [0.0, 0.0, 1.0]], "bev": "bev_73964e765d3d426a8e8dd5e681d4b3bc.png", "aux": "aux_73964e765d3d426a8e8dd5e681d4b3bc.npz", "visibility": "visibility_73964e765d3d426a8e8dd5e681d4b3bc.png", "pose": [[-0.20159368216991425, -0.9794692397117615, 0.0, 129.9033660888672], [0.9794692397117615, -0.20159368216991425, 0.0, 995.7227172851562], [0.0, 0.0, 1.0, 0.0], [0.0, 0.0, 0.0, 1.0]], "pose_inverse": [[-0.20159368216991425, 0.9794692397117615, 0.0, -949.0921020507812], [-0.9794692397117615, -0.20159368216991425, 0.0, 327.9677429199219], [0.0, 0.0, 1.0, 0.0], [0.0, 0.0, 0.0, 1.0]], "cam_ids": [0, 1, 2, 3, 4, 5], "cam_channels": ["CAM_FRONT_LEFT", "CAM_FRONT", "CAM_FRONT_RIGHT", "CAM_BACK_LEFT", "CAM_BACK", "CAM_BACK_RIGHT"], "token": "73964e765d3d426a8e8dd5e681d4b3bc", "scene": "scene-0989"}, {"images": ["samples/CAM_FRONT_LEFT/n015-2018-09-25-11-10-38+0800__CAM_FRONT_LEFT__1537845533254844.jpg", "samples/CAM_FRONT/n015-2018-09-25-11-10-38+0800__CAM_FRONT__1537845533262936.jpg", "samples/CAM_FRONT_RIGHT/n015-2018-09-25-11-10-38+0800__CAM_FRONT_RIGHT__1537845533270339.jpg", "samples/CAM_BACK_LEFT/n015-2018-09-25-11-10-38+0800__CAM_BACK_LEFT__1537845533297423.jpg", "samples/CAM_BACK/n015-2018-09-25-11-10-38+0800__CAM_BACK__1537845533287525.jpg", "samples/CAM_BACK_RIGHT/n015-2018-09-25-11-10-38+0800__CAM_BACK_RIGHT__1537845533277893.jpg"], "intrinsics": [[[1272.5979470598488, 0.0, 826.6154927353808], [0.0, 1272.5979470598488, 479.75165386361925], [0.0, 0.0, 1.0]], [[1266.417203046554, 0.0, 816.2670197447984], [0.0, 1266.417203046554, 491.50706579294757], [0.0, 0.0, 1.0]], [[1260.8474446004698, 0.0, 807.968244525554], [0.0, 1260.8474446004698, 495.3344268742088], [0.0, 0.0, 1.0]], [[1256.7414812095406, 0.0, 792.1125740759628], [0.0, 1256.7414812095406, 492.7757465151356], [0.0, 0.0, 1.0]], [[809.2209905677063, 0.0, 829.2196003259838], [0.0, 809.2209905677063, 481.77842384512485], [0.0, 0.0, 1.0]], [[1259.5137405846733, 0.0, 807.2529053838625], [0.0, 1259.5137405846733, 501.19579884916527], [0.0, 0.0, 1.0]]], "extrinsics": [[[0.8201972842216492, -0.5719462037086487, -0.01240657176822424, -0.7847900390625], [0.005722838919609785, 0.029888618737459183, -0.9995368719100952, 1.509411334991455], [0.5720521211624146, 0.8197463750839233, 0.027787722647190094, -1.15789794921875], [0.0, 0.0, 0.0, 1.0]], [[0.004935186821967363, -0.9996531009674072, -0.025870097801089287, 0.008270263671875], [0.0005654671113006771, 0.025873199105262756, -0.9996651411056519, 1.5205726623535156], [0.9999876618385315, 0.004918899852782488, 0.0006929601076990366, -1.51654052734375], [0.0, 0.0, 0.0, 1.0]], [[-0.8331494927406311, -0.5522801876068115, -0.029128527268767357, 0.91888427734375], [0.00632080901414156, 0.04315676912665367, -0.9990482926368713, 1.5044279098510742], [0.5530117154121399, -0.83254075050354, -0.03246518224477768, -1.1710205078125], [0.0, 0.0, 0.0, 1.0]], [[0.9476807713508606, 0.3186629116535187, 0.018844405189156532, -1.14093017578125], [0.015406184829771519, 0.013306715525686741, -0.999792754650116, 1.588576316833496], [-0.3188476264476776, 0.9477747082710266, 0.007701139431446791, -0.1041259765625], [0.0, 0.0, 0.0, 1.0]], [[0.0025724051520228386, 0.9997308254241943, 0.023063482716679573, 0.002197265625], [-0.010152200236916542, 0.023088479414582253, -0.9996818900108337, 1.5788230895996094], [-0.9999452233314514, 0.002337401732802391, 0.0102088563144207, -0.049072265625], [0.0, 0.0, 0.0, 1.0]], [[-0.9345656037330627, 0.3557168245315552, -0.007267173379659653, 1.04302978515625], [0.022323960438370705, 0.03824153542518616, -0.9990191459655762, 1.5536060333251953], [-0.35509002208709717, -0.9338111281394958, -0.04368022829294205, -0.09748458862304688], [0.0, 0.0, 0.0, 1.0]]], "view": [[0.0, -2.0, 100.0], [-2.0, 0.0, 100.0], [0.0, 0.0, 1.0]], "bev": "bev_04531be9bed9442e8c734b14763eacc0.png", "aux": "aux_04531be9bed9442e8c734b14763eacc0.npz", "visibility": "visibility_04531be9bed9442e8c734b14763eacc0.png", "pose": [[-0.2111455202102661, -0.977454662322998, 0.0, 129.3712615966797], [0.977454662322998, -0.2111455202102661, 0.0, 998.380859375], [0.0, 0.0, 1.0, 0.0], [0.0, 0.0, 0.0, 1.0]], "pose_inverse": [[-0.2111455202102661, 0.977454662322998, 0.0, -948.5558471679688], [-0.977454662322998, -0.2111455202102661, 0.0, 337.2581787109375], [0.0, 0.0, 1.0, 0.0], [0.0, 0.0, 0.0, 1.0]], "cam_ids": [0, 1, 2, 3, 4, 5], "cam_channels": ["CAM_FRONT_LEFT", "CAM_FRONT", "CAM_FRONT_RIGHT", "CAM_BACK_LEFT", "CAM_BACK", "CAM_BACK_RIGHT"], "token": "04531be9bed9442e8c734b14763eacc0", "scene": "scene-0989"}, {"images": ["samples/CAM_FRONT_LEFT/n015-2018-09-25-11-10-38+0800__CAM_FRONT_LEFT__1537845533754844.jpg", "samples/CAM_FRONT/n015-2018-09-25-11-10-38+0800__CAM_FRONT__1537845533762554.jpg", "samples/CAM_FRONT_RIGHT/n015-2018-09-25-11-10-38+0800__CAM_FRONT_RIGHT__1537845533770339.jpg", "samples/CAM_BACK_LEFT/n015-2018-09-25-11-10-38+0800__CAM_BACK_LEFT__1537845533797423.jpg", "samples/CAM_BACK/n015-2018-09-25-11-10-38+0800__CAM_BACK__1537845533787525.jpg", "samples/CAM_BACK_RIGHT/n015-2018-09-25-11-10-38+0800__CAM_BACK_RIGHT__1537845533777893.jpg"], "intrinsics": [[[1272.5979470598488, 0.0, 826.6154927353808], [0.0, 1272.5979470598488, 479.75165386361925], [0.0, 0.0, 1.0]], [[1266.417203046554, 0.0, 816.2670197447984], [0.0, 1266.417203046554, 491.50706579294757], [0.0, 0.0, 1.0]], [[1260.8474446004698, 0.0, 807.968244525554], [0.0, 1260.8474446004698, 495.3344268742088], [0.0, 0.0, 1.0]], [[1256.7414812095406, 0.0, 792.1125740759628], [0.0, 1256.7414812095406, 492.7757465151356], [0.0, 0.0, 1.0]], [[809.2209905677063, 0.0, 829.2196003259838], [0.0, 809.2209905677063, 481.77842384512485], [0.0, 0.0, 1.0]], [[1259.5137405846733, 0.0, 807.2529053838625], [0.0, 1259.5137405846733, 501.19579884916527], [0.0, 0.0, 1.0]]], "extrinsics": [[[0.8199396133422852, -0.5724421143531799, 0.00300780707038939, -0.78857421875], [0.025134164839982986, 0.0307508185505867, -0.9992110133171082, 1.5135259628295898], [0.5718979239463806, 0.819368302822113, 0.03960166871547699, -1.1604461669921875], [0.0, 0.0, 0.0, 1.0]], [[0.004906701389700174, -0.9996342062950134, -0.026595259085297585, 0.008087158203125], [0.02016688883304596, 0.026689091697335243, -0.9994403719902039, 1.5240130424499512], [0.9997846484184265, 0.004367596469819546, 0.020290467888116837, -1.51690673828125], [0.0, 0.0, 0.0, 1.0]], [[-0.8326568007469177, -0.5518746376037598, -0.04601159691810608, 0.9188232421875], [0.026105880737304688, 0.04387654364109039, -0.9986957907676697, 1.5071535110473633], [0.5531737208366394, -0.8327720165252686, -0.022126927971839905, -1.17132568359375], [0.0, 0.0, 0.0, 1.0]], [[0.9470877051353455, 0.31868109107017517, 0.03830341249704361, -1.13885498046875], [0.03583364933729172, 0.013611260801553726, -0.9992650747299194, 1.5886821746826172], [-0.3189682364463806, 0.9477642774581909, 0.0014715503202751279, -0.10491943359375], [0.0, 0.0, 0.0, 1.0]], [[0.002264569513499737, 0.9997187852859497, 0.0236070416867733, 0.002227783203125], [0.010021963156759739, 0.023583224043250084, -0.9996716380119324, 1.5798677206039429], [-0.9999473094940186, 0.002500452334061265, -0.009965738281607628, -0.05059814453125], [0.0, 0.0, 0.0, 1.0]], [[-0.9341147541999817, 0.3560473620891571, -0.0256907120347023, 1.04229736328125], [0.04226730391383171, 0.03885486349463463, -0.9983505010604858, 1.5556297302246094], [-0.3544618785381317, -0.9336598515510559, -0.051344066858291626, -0.09797072410583496], [0.0, 0.0, 0.0, 1.0]]], "view": [[0.0, -2.0, 100.0], [-2.0, 0.0, 100.0], [0.0, 0.0, 1.0]], "bev": "bev_3161fe31a35a410186090208fe62e0dd.png", "aux": "aux_3161fe31a35a410186090208fe62e0dd.npz", "visibility": "visibility_3161fe31a35a410186090208fe62e0dd.png", "pose": [[-0.2311902940273285, -0.9729085564613342, 0.0, 128.83038330078125], [0.9729085564613342, -0.2311902940273285, 0.0, 1000.8930053710938], [0.0, 0.0, 1.0, 0.0], [0.0, 0.0, 0.0, 1.0]], "pose_inverse": [[-0.2311902940273285, 0.9729085564613342, 0.0, -943.9930419921875], [-0.9729085564613342, -0.2311902940273285, 0.0, 356.7369384765625], [0.0, 0.0, 1.0, 0.0], [0.0, 0.0, 0.0, 1.0]], "cam_ids": [0, 1, 2, 3, 4, 5], "cam_channels": ["CAM_FRONT_LEFT", "CAM_FRONT", "CAM_FRONT_RIGHT", "CAM_BACK_LEFT", "CAM_BACK", "CAM_BACK_RIGHT"], "token": "3161fe31a35a410186090208fe62e0dd", "scene": "scene-0989"}, {"images": ["samples/CAM_FRONT_LEFT/n015-2018-09-25-11-10-38+0800__CAM_FRONT_LEFT__1537845534254844.jpg", "samples/CAM_FRONT/n015-2018-09-25-11-10-38+0800__CAM_FRONT__1537845534262460.jpg", "samples/CAM_FRONT_RIGHT/n015-2018-09-25-11-10-38+0800__CAM_FRONT_RIGHT__1537845534270339.jpg", "samples/CAM_BACK_LEFT/n015-2018-09-25-11-10-38+0800__CAM_BACK_LEFT__1537845534297423.jpg", "samples/CAM_BACK/n015-2018-09-25-11-10-38+0800__CAM_BACK__1537845534287525.jpg", "samples/CAM_BACK_RIGHT/n015-2018-09-25-11-10-38+0800__CAM_BACK_RIGHT__1537845534277893.jpg"], "intrinsics": [[[1272.5979470598488, 0.0, 826.6154927353808], [0.0, 1272.5979470598488, 479.75165386361925], [0.0, 0.0, 1.0]], [[1266.417203046554, 0.0, 816.2670197447984], [0.0, 1266.417203046554, 491.50706579294757], [0.0, 0.0, 1.0]], [[1260.8474446004698, 0.0, 807.968244525554], [0.0, 1260.8474446004698, 495.3344268742088], [0.0, 0.0, 1.0]], [[1256.7414812095406, 0.0, 792.1125740759628], [0.0, 1256.7414812095406, 492.7757465151356], [0.0, 0.0, 1.0]], [[809.2209905677063, 0.0, 829.2196003259838], [0.0, 809.2209905677063, 481.77842384512485], [0.0, 0.0, 1.0]], [[1259.5137405846733, 0.0, 807.2529053838625], [0.0, 1259.5137405846733, 501.19579884916527], [0.0, 0.0, 1.0]]], "extrinsics": [[[0.8200401067733765, -0.5722780823707581, 0.005666816141456366, -0.812744140625], [0.025903774425387383, 0.027223335579037666, -0.9992936849594116, 1.5129966735839844], [0.5717195272445679, 0.819607675075531, 0.037148382514715195, -1.1757659912109375], [0.0, 0.0, 0.0, 1.0]], [[0.005045621655881405, -0.9997300505638123, -0.02268010564148426, 0.0069580078125], [0.02055826038122177, 0.022779306396842003, -0.9995291233062744, 1.5236358642578125], [0.9997758865356445, 0.00457697594538331, 0.02066764421761036, -1.5404052734375], [0.0, 0.0, 0.0, 1.0]], [[-0.8326078057289124, -0.5521371960639954, -0.043689027428627014, 0.93426513671875], [0.026191214099526405, 0.03954243287444115, -0.9988745450973511, 1.5067110061645508], [0.5532433986663818, -0.8328149914741516, -0.01846218854188919, -1.18255615234375], [0.0, 0.0, 0.0, 1.0]], [[0.9471446871757507, 0.3187955617904663, 0.035865578800439835, -1.1400146484375], [0.03530227020382881, 0.007546675857156515, -0.9993481636047363, 1.5886363983154297], [-0.31885847449302673, 0.9477934837341309, -0.0041064112447202206, -0.1043701171875], [0.0, 0.0, 0.0, 1.0]], [[0.0023161766584962606, 0.9998316168785095, 0.018210195004940033, 0.0025634765625], [0.009638847783207893, 0.018187077715992928, -0.9997881054878235, 1.5797842741012573], [-0.9999508857727051, 0.00249121175147593, -0.009595098905265331, -0.04302978515625], [0.0, 0.0, 0.0, 1.0]], [[-0.934128999710083, 0.3558938205242157, -0.02725202776491642, 1.0556640625], [0.04211548715829849, 0.03408121317625046, -0.9985312819480896, 1.5550498962402344], [-0.3544423282146454, -0.933904767036438, -0.04682488739490509, -0.09358024597167969], [0.0, 0.0, 0.0, 1.0]]], "view": [[0.0, -2.0, 100.0], [-2.0, 0.0, 100.0], [0.0, 0.0, 1.0]], "bev": "bev_f808c6837f0d4a8c8c8f331a05f285dd.png", "aux": "aux_f808c6837f0d4a8c8c8f331a05f285dd.npz", "visibility": "visibility_f808c6837f0d4a8c8c8f331a05f285dd.png", "pose": [[-0.25143948197364807, -0.9678730368614197, 0.0, 128.30886840820312], [0.9678730368614197, -0.25143948197364807, 0.0, 1003.0792236328125], [0.0, 0.0, 1.0, 0.0], [0.0, 0.0, 0.0, 1.0]], "pose_inverse": [[-0.25143948197364807, 0.9678730368614197, 0.0, -938.5914306640625], [-0.9678730368614197, -0.25143948197364807, 0.0, 376.4004211425781], [0.0, 0.0, 1.0, 0.0], [0.0, 0.0, 0.0, 1.0]], "cam_ids": [0, 1, 2, 3, 4, 5], "cam_channels": ["CAM_FRONT_LEFT", "CAM_FRONT", "CAM_FRONT_RIGHT", "CAM_BACK_LEFT", "CAM_BACK", "CAM_BACK_RIGHT"], "token": "f808c6837f0d4a8c8c8f331a05f285dd", "scene": "scene-0989"}, {"images": ["samples/CAM_FRONT_LEFT/n015-2018-09-25-11-10-38+0800__CAM_FRONT_LEFT__1537845534754844.jpg", "samples/CAM_FRONT/n015-2018-09-25-11-10-38+0800__CAM_FRONT__1537845534762460.jpg", "samples/CAM_FRONT_RIGHT/n015-2018-09-25-11-10-38+0800__CAM_FRONT_RIGHT__1537845534770339.jpg", "samples/CAM_BACK_LEFT/n015-2018-09-25-11-10-38+0800__CAM_BACK_LEFT__1537845534797423.jpg", "samples/CAM_BACK/n015-2018-09-25-11-10-38+0800__CAM_BACK__1537845534787525.jpg", "samples/CAM_BACK_RIGHT/n015-2018-09-25-11-10-38+0800__CAM_BACK_RIGHT__1537845534777893.jpg"], "intrinsics": [[[1272.5979470598488, 0.0, 826.6154927353808], [0.0, 1272.5979470598488, 479.75165386361925], [0.0, 0.0, 1.0]], [[1266.417203046554, 0.0, 816.2670197447984], [0.0, 1266.417203046554, 491.50706579294757], [0.0, 0.0, 1.0]], [[1260.8474446004698, 0.0, 807.968244525554], [0.0, 1260.8474446004698, 495.3344268742088], [0.0, 0.0, 1.0]], [[1256.7414812095406, 0.0, 792.1125740759628], [0.0, 1256.7414812095406, 492.7757465151356], [0.0, 0.0, 1.0]], [[809.2209905677063, 0.0, 829.2196003259838], [0.0, 809.2209905677063, 481.77842384512485], [0.0, 0.0, 1.0]], [[1259.5137405846733, 0.0, 807.2529053838625], [0.0, 1259.5137405846733, 501.19579884916527], [0.0, 0.0, 1.0]]], "extrinsics": [[[0.820013701915741, -0.5718168020248413, 0.024556152522563934, -0.82647705078125], [0.04268482327461243, 0.018314413726329803, -0.9989206790924072, 1.5153923034667969], [0.5707498788833618, 0.8201768398284912, 0.03942596912384033, -1.1853790283203125], [0.0, 0.0, 0.0, 1.0]], [[0.005699527449905872, -0.9998836517333984, -0.014147895388305187, 0.00689697265625], [0.03757235035300255, 0.014352262951433659, -0.9991908669471741, 1.5257205963134766], [0.999277651309967, 0.005163331516087055, 0.03764978051185608, -1.553955078125], [0.0, 0.0, 0.0, 1.0]], [[-0.83161461353302, -0.5527565479278564, -0.053641289472579956, 0.94293212890625], [0.04336791858077049, 0.03165682405233383, -0.998557448387146, 1.50830078125], [0.5536572933197021, -0.8327413201332092, -0.0023543781135231256, -1.18829345703125], [0.0, 0.0, 0.0, 1.0]], [[0.9464052319526672, 0.3190149664878845, 0.05046304315328598, -1.14044189453125], [0.052727118134498596, 0.0015408792532980442, -0.9986077547073364, 1.588653564453125], [-0.3186486065387726, 0.9477484226226807, -0.015362443402409554, -0.1043701171875], [0.0, 0.0, 0.0, 1.0]], [[0.001964008901268244, 0.9999314546585083, 0.011547208763659, 0.002593994140625], [0.027058852836489677, 0.011489861644804478, -0.9995678663253784, 1.5804519653320312], [-0.999631941318512, 0.00227560312487185, -0.027034427970647812, -0.03875732421875], [0.0, 0.0, 0.0, 1.0]], [[-0.933567464351654, 0.3554293215274811, -0.046062856912612915, 1.0628662109375], [0.05941247195005417, 0.026729779317975044, -0.9978756308555603, 1.5560951232910156], [-0.3534430265426636, -0.934320867061615, -0.04607098922133446, -0.0908355712890625], [0.0, 0.0, 0.0, 1.0]]], "view": [[0.0, -2.0, 100.0], [-2.0, 0.0, 100.0], [0.0, 0.0, 1.0]], "bev": "bev_c517374226d34419b3b181217ecc6138.png", "aux": "aux_c517374226d34419b3b181217ecc6138.npz", "visibility": "visibility_c517374226d34419b3b181217ecc6138.png", "pose": [[-0.2646009922027588, -0.9643579721450806, 0.0, 127.7957534790039], [0.9643579721450806, -0.2646009922027588, 0.0, 1005.0817260742188], [0.0, 0.0, 1.0, 0.0], [0.0, 0.0, 0.0, 1.0]], "pose_inverse": [[-0.2646009922027588, 0.9643579721450806, 0.0, -935.4437255859375], [-0.9643579721450806, -0.2646009922027588, 0.0, 389.18646240234375], [0.0, 0.0, 1.0, 0.0], [0.0, 0.0, 0.0, 1.0]], "cam_ids": [0, 1, 2, 3, 4, 5], "cam_channels": ["CAM_FRONT_LEFT", "CAM_FRONT", "CAM_FRONT_RIGHT", "CAM_BACK_LEFT", "CAM_BACK", "CAM_BACK_RIGHT"], "token": "c517374226d34419b3b181217ecc6138", "scene": "scene-0989"}, {"images": ["samples/CAM_FRONT_LEFT/n015-2018-09-25-11-10-38+0800__CAM_FRONT_LEFT__1537845535254844.jpg", "samples/CAM_FRONT/n015-2018-09-25-11-10-38+0800__CAM_FRONT__1537845535262460.jpg", "samples/CAM_FRONT_RIGHT/n015-2018-09-25-11-10-38+0800__CAM_FRONT_RIGHT__1537845535270339.jpg", "samples/CAM_BACK_LEFT/n015-2018-09-25-11-10-38+0800__CAM_BACK_LEFT__1537845535297423.jpg", "samples/CAM_BACK/n015-2018-09-25-11-10-38+0800__CAM_BACK__1537845535287525.jpg", "samples/CAM_BACK_RIGHT/n015-2018-09-25-11-10-38+0800__CAM_BACK_RIGHT__1537845535277893.jpg"], "intrinsics": [[[1272.5979470598488, 0.0, 826.6154927353808], [0.0, 1272.5979470598488, 479.75165386361925], [0.0, 0.0, 1.0]], [[1266.417203046554, 0.0, 816.2670197447984], [0.0, 1266.417203046554, 491.50706579294757], [0.0, 0.0, 1.0]], [[1260.8474446004698, 0.0, 807.968244525554], [0.0, 1260.8474446004698, 495.3344268742088], [0.0, 0.0, 1.0]], [[1256.7414812095406, 0.0, 792.1125740759628], [0.0, 1256.7414812095406, 492.7757465151356], [0.0, 0.0, 1.0]], [[809.2209905677063, 0.0, 829.2196003259838], [0.0, 809.2209905677063, 481.77842384512485], [0.0, 0.0, 1.0]], [[1259.5137405846733, 0.0, 807.2529053838625], [0.0, 1259.5137405846733, 501.19579884916527], [0.0, 0.0, 1.0]]], "extrinsics": [[[0.8206606507301331, -0.5710301995277405, 0.020988408476114273, -0.84869384765625], [0.03783879801630974, 0.017657050862908363, -0.9991278648376465, 1.513528823852539], [0.5701615810394287, 0.8207391500473022, 0.03609754517674446, -1.2015533447265625], [0.0, 0.0, 0.0, 1.0]], [[0.006396290380507708, -0.9998873472213745, -0.013579255901277065, 0.007232666015625], [0.0324966199696064, 0.013780204579234123, -0.9993768930435181, 1.5242881774902344], [0.9994513392448425, 0.005951042752712965, 0.03258109465241432, -1.5762939453125], [0.0, 0.0, 0.0, 1.0]], [[-0.8315615057945251, -0.5532718896865845, -0.04894605278968811, 0.957275390625], [0.038046400994062424, 0.03117614984512329, -0.9987894892692566, 1.5070724487304688], [0.554128110408783, -0.8324171304702759, -0.004874880425632, -1.1973876953125], [0.0, 0.0, 0.0, 1.0]], [[0.9467130303382874, 0.31897732615470886, 0.0445864200592041, -1.14111328125], [0.04656526446342468, 0.0014235115377232432, -0.9989142417907715, 1.5886039733886719], [-0.31869444251060486, 0.9477612972259521, -0.01350560411810875, -0.1041259765625], [0.0, 0.0, 0.0, 1.0]], [[0.001845894381403923, 0.9999348521232605, 0.011267664842307568, 0.00250244140625], [0.021220576018095016, 0.011225980706512928, -0.999711811542511, 1.5800771713256836], [-0.9997731447219849, 0.0020844945684075356, -0.021198468282818794, -0.03228759765625], [0.0, 0.0, 0.0, 1.0]], [[-0.9339556694030762, 0.3550250828266144, -0.04103606566786766, 1.07403564453125], [0.05387270450592041, 0.02634320966899395, -0.9982002973556519, 1.5550041198730469], [-0.3533051609992981, -0.9344855546951294, -0.04372955486178398, -0.08640289306640625], [0.0, 0.0, 0.0, 1.0]]], "view": [[0.0, -2.0, 100.0], [-2.0, 0.0, 100.0], [0.0, 0.0, 1.0]], "bev": "bev_ef61246ca0054b8f8bd551ea9f3908d5.png", "aux": "aux_ef61246ca0054b8f8bd551ea9f3908d5.npz", "visibility": "visibility_ef61246ca0054b8f8bd551ea9f3908d5.png", "pose": [[-0.26830822229385376, -0.9633331298828125, 0.0, 127.34580993652344], [0.9633331298828125, -0.26830822229385376, 0.0, 1006.7608642578125], [0.0, 0.0, 1.0, 0.0], [0.0, 0.0, 0.0, 1.0]], "pose_inverse": [[-0.26830822229385376, 0.9633331298828125, 0.0, -935.6781616210938], [-0.9633331298828125, -0.26830822229385376, 0.0, 392.79864501953125], [0.0, 0.0, 1.0, 0.0], [0.0, 0.0, 0.0, 1.0]], "cam_ids": [0, 1, 2, 3, 4, 5], "cam_channels": ["CAM_FRONT_LEFT", "CAM_FRONT", "CAM_FRONT_RIGHT", "CAM_BACK_LEFT", "CAM_BACK", "CAM_BACK_RIGHT"], "token": "ef61246ca0054b8f8bd551ea9f3908d5", "scene": "scene-0989"}, {"images": ["samples/CAM_FRONT_LEFT/n015-2018-09-25-11-10-38+0800__CAM_FRONT_LEFT__1537845535754844.jpg", "samples/CAM_FRONT/n015-2018-09-25-11-10-38+0800__CAM_FRONT__1537845535762460.jpg", "samples/CAM_FRONT_RIGHT/n015-2018-09-25-11-10-38+0800__CAM_FRONT_RIGHT__1537845535770339.jpg", "samples/CAM_BACK_LEFT/n015-2018-09-25-11-10-38+0800__CAM_BACK_LEFT__1537845535797423.jpg", "samples/CAM_BACK/n015-2018-09-25-11-10-38+0800__CAM_BACK__1537845535787525.jpg", "samples/CAM_BACK_RIGHT/n015-2018-09-25-11-10-38+0800__CAM_BACK_RIGHT__1537845535777893.jpg"], "intrinsics": [[[1272.5979470598488, 0.0, 826.6154927353808], [0.0, 1272.5979470598488, 479.75165386361925], [0.0, 0.0, 1.0]], [[1266.417203046554, 0.0, 816.2670197447984], [0.0, 1266.417203046554, 491.50706579294757], [0.0, 0.0, 1.0]], [[1260.8474446004698, 0.0, 807.968244525554], [0.0, 1260.8474446004698, 495.3344268742088], [0.0, 0.0, 1.0]], [[1256.7414812095406, 0.0, 792.1125740759628], [0.0, 1256.7414812095406, 492.7757465151356], [0.0, 0.0, 1.0]], [[809.2209905677063, 0.0, 829.2196003259838], [0.0, 809.2209905677063, 481.77842384512485], [0.0, 0.0, 1.0]], [[1259.5137405846733, 0.0, 807.2529053838625], [0.0, 1259.5137405846733, 501.19579884916527], [0.0, 0.0, 1.0]]], "extrinsics": [[[0.8208178877830505, -0.5710599422454834, 0.012189802713692188, -0.8621826171875], [0.031540755182504654, 0.024006228893995285, -0.9992141723632812, 1.5121498107910156], [0.5703185200691223, 0.8205573558807373, 0.03771640360355377, -1.2099609375], [0.0, 0.0, 0.0, 1.0]], [[0.0063447835855185986, -0.9997802972793579, -0.019975140690803528, 0.0064697265625], [0.026083603501319885, 0.020134212449193, -0.9994570016860962, 1.523177146911621], [0.999639630317688, 0.005820326041430235, 0.02620561793446541, -1.59033203125], [0.0, 0.0, 0.0, 1.0]], [[-0.8318639993667603, -0.5529818534851074, -0.04704594984650612, 0.9671630859375], [0.03152657672762871, 0.03754833713173866, -0.9987973570823669, 1.5061016082763672], [0.5540833473205566, -0.8323467969894409, -0.013801485300064087, -1.20458984375], [0.0, 0.0, 0.0, 1.0]], [[0.9469652771949768, 0.3188154399394989, 0.04016856849193573, -1.14306640625], [0.03969543054699898, 0.007984034717082977, -0.9991798996925354, 1.5885200500488281], [-0.3188745975494385, 0.9477832317352295, -0.0050949109718203545, -0.10333251953125], [0.0, 0.0, 0.0, 1.0]], [[0.0018709542928263545, 0.9998412132263184, 0.01772472821176052, 0.002655029296875], [0.014456474222242832, 0.017695864662528038, -0.999738872051239, 1.5797619819641113], [-0.9998937249183655, 0.002126724924892187, -0.014421066269278526, -0.0262451171875], [0.0, 0.0, 0.0, 1.0]], [[-0.9342079758644104, 0.3552396297454834, -0.03256286308169365, 1.083251953125], [0.04725038632750511, 0.032746005803346634, -0.998346209526062, 1.5541019439697266], [-0.3535858392715454, -0.9342015981674194, -0.047376785427331924, -0.0832061767578125], [0.0, 0.0, 0.0, 1.0]]], "view": [[0.0, -2.0, 100.0], [-2.0, 0.0, 100.0], [0.0, 0.0, 1.0]], "bev": "bev_a0efd45116d24b5aa9bb849afab3e7ff.png", "aux": "aux_a0efd45116d24b5aa9bb849afab3e7ff.npz", "visibility": "visibility_a0efd45116d24b5aa9bb849afab3e7ff.png", "pose": [[-0.2688747048377991, -0.9631751775741577, 0.0, 126.931884765625], [0.9631751775741577, -0.2688747048377991, 0.0, 1008.2979125976562], [0.0, 0.0, 1.0, 0.0], [0.0, 0.0, 0.0, 1.0]], "pose_inverse": [[-0.2688747048377991, 0.9631751775741577, 0.0, -937.0387573242188], [-0.9631751775741577, -0.2688747048377991, 0.0, 393.36346435546875], [0.0, 0.0, 1.0, 0.0], [0.0, 0.0, 0.0, 1.0]], "cam_ids": [0, 1, 2, 3, 4, 5], "cam_channels": ["CAM_FRONT_LEFT", "CAM_FRONT", "CAM_FRONT_RIGHT", "CAM_BACK_LEFT", "CAM_BACK", "CAM_BACK_RIGHT"], "token": "a0efd45116d24b5aa9bb849afab3e7ff", "scene": "scene-0989"}, {"images": ["samples/CAM_FRONT_LEFT/n015-2018-09-25-11-10-38+0800__CAM_FRONT_LEFT__1537845536254844.jpg", "samples/CAM_FRONT/n015-2018-09-25-11-10-38+0800__CAM_FRONT__1537845536262460.jpg", "samples/CAM_FRONT_RIGHT/n015-2018-09-25-11-10-38+0800__CAM_FRONT_RIGHT__1537845536270339.jpg", "samples/CAM_BACK_LEFT/n015-2018-09-25-11-10-38+0800__CAM_BACK_LEFT__1537845536297423.jpg", "samples/CAM_BACK/n015-2018-09-25-11-10-38+0800__CAM_BACK__1537845536287525.jpg", "samples/CAM_BACK_RIGHT/n015-2018-09-25-11-10-38+0800__CAM_BACK_RIGHT__1537845536277893.jpg"], "intrinsics": [[[1272.5979470598488, 0.0, 826.6154927353808], [0.0, 1272.5979470598488, 479.75165386361925], [0.0, 0.0, 1.0]], [[1266.417203046554, 0.0, 816.2670197447984], [0.0, 1266.417203046554, 491.50706579294757], [0.0, 0.0, 1.0]], [[1260.8474446004698, 0.0, 807.968244525554], [0.0, 1260.8474446004698, 495.3344268742088], [0.0, 0.0, 1.0]], [[1256.7414812095406, 0.0, 792.1125740759628], [0.0, 1256.7414812095406, 492.7757465151356], [0.0, 0.0, 1.0]], [[809.2209905677063, 0.0, 829.2196003259838], [0.0, 809.2209905677063, 481.77842384512485], [0.0, 0.0, 1.0]], [[1259.5137405846733, 0.0, 807.2529053838625], [0.0, 1259.5137405846733, 501.19579884916527], [0.0, 0.0, 1.0]]], "extrinsics": [[[0.8213431239128113, -0.5702820420265198, 0.013187695294618607, -0.8779296875], [0.03478727117180824, 0.026999594643712044, -0.9990299940109253, 1.5118770599365234], [0.5693727135658264, 0.8210052251815796, 0.042014483362436295, -1.2212677001953125], [0.0, 0.0, 0.0, 1.0]], [[0.007265643682330847, -0.9997201561927795, -0.022513991221785545, 0.006591796875], [0.029601197689771652, 0.022719742730259895, -0.9993035793304443, 1.523061752319336], [0.999535322189331, 0.0065941414795815945, 0.02975798398256302, -1.6063232421875], [0.0, 0.0, 0.0, 1.0]], [[-0.8312938809394836, -0.5534526109695435, -0.05138659104704857, 0.97747802734375], [0.03528119623661041, 0.039723318070173264, -0.9985876083374023, 1.505960464477539], [0.5547122359275818, -0.8319328427314758, -0.013495276682078838, -1.2113037109375], [0.0, 0.0, 0.0, 1.0]], [[0.9467500448226929, 0.3188570439815521, 0.044660769402980804, -1.14239501953125], [0.04417043924331665, 0.008772279135882854, -0.9989854693412781, 1.5885467529296875], [-0.3189253509044647, 0.9477622509002686, -0.0057788994163274765, -0.1036376953125], [0.0, 0.0, 0.0, 1.0]], [[0.0015062658349052072, 0.9998183250427246, 0.01900462619960308, 0.0025634765625], [0.018724549561738968, 0.01897311396896839, -0.9996446371078491, 1.5797948837280273], [-0.9998235702514648, 0.0018615707522258162, -0.018692567944526672, -0.02178955078125], [0.0, 0.0, 0.0, 1.0]], [[-0.9342575073242188, 0.3548092544078827, -0.03568357974290848, 1.09161376953125], [0.051236383616924286, 0.034532833844423294, -0.9980893135070801, 1.5538673400878906], [-0.35289910435676575, -0.9343007802963257, -0.05044170096516609, -0.07997894287109375], [0.0, 0.0, 0.0, 1.0]]], "view": [[0.0, -2.0, 100.0], [-2.0, 0.0, 100.0], [0.0, 0.0, 1.0]], "bev": "bev_fcac6b9fd7294c55852b47be8f52e82d.png", "aux": "aux_fcac6b9fd7294c55852b47be8f52e82d.npz", "visibility": "visibility_fcac6b9fd7294c55852b47be8f52e82d.png", "pose": [[-0.26538753509521484, -0.964141845703125, 0.0, 126.57859802246094], [0.964141845703125, -0.26538753509521484, 0.0, 1009.5977172851562], [0.0, 0.0, 1.0, 0.0], [0.0, 0.0, 0.0, 1.0]], "pose_inverse": [[-0.26538753509521484, 0.964141845703125, 0.0, -939.802978515625], [-0.964141845703125, -0.26538753509521484, 0.0, 389.974365234375], [0.0, 0.0, 1.0, 0.0], [0.0, 0.0, 0.0, 1.0]], "cam_ids": [0, 1, 2, 3, 4, 5], "cam_channels": ["CAM_FRONT_LEFT", "CAM_FRONT", "CAM_FRONT_RIGHT", "CAM_BACK_LEFT", "CAM_BACK", "CAM_BACK_RIGHT"], "token": "fcac6b9fd7294c55852b47be8f52e82d", "scene": "scene-0989"}, {"images": ["samples/CAM_FRONT_LEFT/n015-2018-09-25-11-10-38+0800__CAM_FRONT_LEFT__1537845536754844.jpg", "samples/CAM_FRONT/n015-2018-09-25-11-10-38+0800__CAM_FRONT__1537845536762461.jpg", "samples/CAM_FRONT_RIGHT/n015-2018-09-25-11-10-38+0800__CAM_FRONT_RIGHT__1537845536770339.jpg", "samples/CAM_BACK_LEFT/n015-2018-09-25-11-10-38+0800__CAM_BACK_LEFT__1537845536797423.jpg", "samples/CAM_BACK/n015-2018-09-25-11-10-38+0800__CAM_BACK__1537845536787525.jpg", "samples/CAM_BACK_RIGHT/n015-2018-09-25-11-10-38+0800__CAM_BACK_RIGHT__1537845536777893.jpg"], "intrinsics": [[[1272.5979470598488, 0.0, 826.6154927353808], [0.0, 1272.5979470598488, 479.75165386361925], [0.0, 0.0, 1.0]], [[1266.417203046554, 0.0, 816.2670197447984], [0.0, 1266.417203046554, 491.50706579294757], [0.0, 0.0, 1.0]], [[1260.8474446004698, 0.0, 807.968244525554], [0.0, 1260.8474446004698, 495.3344268742088], [0.0, 0.0, 1.0]], [[1256.7414812095406, 0.0, 792.1125740759628], [0.0, 1256.7414812095406, 492.7757465151356], [0.0, 0.0, 1.0]], [[809.2209905677063, 0.0, 829.2196003259838], [0.0, 809.2209905677063, 481.77842384512485], [0.0, 0.0, 1.0]], [[1259.5137405846733, 0.0, 807.2529053838625], [0.0, 1259.5137405846733, 501.19579884916527], [0.0, 0.0, 1.0]]], "extrinsics": [[[0.8216016292572021, -0.5700412392616272, 0.004872525576502085, -0.88861083984375], [0.028106417506933212, 0.031969912350177765, -0.9990935921669006, 1.5108470916748047], [0.5693687200546265, 0.8209939002990723, 0.04228835180401802, -1.227630615234375], [0.0, 0.0, 0.0, 1.0]], [[0.007400306407362223, -0.9995878338813782, -0.027739601209759712, 0.005828857421875], [0.02275225706398487, 0.02790149673819542, -0.9993517398834229, 1.5222549438476562], [0.999713659286499, 0.006764352787286043, 0.022949356585741043, -1.616455078125], [0.0, 0.0, 0.0, 1.0]], [[-0.831497848033905, -0.5534037351608276, -0.04853469505906105, 0.98382568359375], [0.0282788947224617, 0.045088354498147964, -0.9985826015472412, 1.5052909851074219], [0.5548076629638672, -0.8316919207572937, -0.021841226145625114, -1.21612548828125], [0.0, 0.0, 0.0, 1.0]], [[0.947040855884552, 0.3186818063259125, 0.039440106600522995, -1.1431884765625], [0.03670649603009224, 0.014581235125660896, -0.9992197155952454, 1.5885200500488281], [-0.3190082013607025, 0.9477496147155762, 0.002111331792548299, -0.1033935546875], [0.0, 0.0, 0.0, 1.0]], [[0.0015148306265473366, 0.9996939897537231, 0.024692988023161888, 0.00274658203125], [0.01140626147389412, 0.024674134328961372, -0.9996304512023926, 1.579590916633606], [-0.9999337792396545, 0.0017959312535822392, -0.011365393176674843, -0.0186767578125], [0.0, 0.0, 0.0, 1.0]], [[-0.9345582723617554, 0.3547804653644562, -0.027050554752349854, 1.0970458984375], [0.044100161641836166, 0.04005762189626694, -0.9982237219810486, 1.5532875061035156], [-0.35306671261787415, -0.9340911507606506, -0.05308205634355545, -0.07831573486328125], [0.0, 0.0, 0.0, 1.0]]], "view": [[0.0, -2.0, 100.0], [-2.0, 0.0, 100.0], [0.0, 0.0, 1.0]], "bev": "bev_72330489728740e3a8a4fdc621ac7e62.png", "aux": "aux_72330489728740e3a8a4fdc621ac7e62.npz", "visibility": "visibility_72330489728740e3a8a4fdc621ac7e62.png", "pose": [[-0.2565203309059143, -0.9665388464927673, 0.0, 126.29013061523438], [0.9665388464927673, -0.2565203309059143, 0.0, 1010.693603515625], [0.0, 0.0, 1.0, 0.0], [0.0, 0.0, 0.0, 1.0]], "pose_inverse": [[-0.2565203309059143, 0.9665388464927673, 0.0, -944.4786376953125], [-0.9665388464927673, -0.2565203309059143, 0.0, 381.3277587890625], [0.0, 0.0, 1.0, 0.0], [0.0, 0.0, 0.0, 1.0]], "cam_ids": [0, 1, 2, 3, 4, 5], "cam_channels": ["CAM_FRONT_LEFT", "CAM_FRONT", "CAM_FRONT_RIGHT", "CAM_BACK_LEFT", "CAM_BACK", "CAM_BACK_RIGHT"], "token": "72330489728740e3a8a4fdc621ac7e62", "scene": "scene-0989"}, {"images": ["samples/CAM_FRONT_LEFT/n015-2018-09-25-11-10-38+0800__CAM_FRONT_LEFT__1537845537254844.jpg", "samples/CAM_FRONT/n015-2018-09-25-11-10-38+0800__CAM_FRONT__1537845537262460.jpg", "samples/CAM_FRONT_RIGHT/n015-2018-09-25-11-10-38+0800__CAM_FRONT_RIGHT__1537845537270339.jpg", "samples/CAM_BACK_LEFT/n015-2018-09-25-11-10-38+0800__CAM_BACK_LEFT__1537845537297423.jpg", "samples/CAM_BACK/n015-2018-09-25-11-10-38+0800__CAM_BACK__1537845537287525.jpg", "samples/CAM_BACK_RIGHT/n015-2018-09-25-11-10-38+0800__CAM_BACK_RIGHT__1537845537277893.jpg"], "intrinsics": [[[1272.5979470598488, 0.0, 826.6154927353808], [0.0, 1272.5979470598488, 479.75165386361925], [0.0, 0.0, 1.0]], [[1266.417203046554, 0.0, 816.2670197447984], [0.0, 1266.417203046554, 491.50706579294757], [0.0, 0.0, 1.0]], [[1260.8474446004698, 0.0, 807.968244525554], [0.0, 1260.8474446004698, 495.3344268742088], [0.0, 0.0, 1.0]], [[1256.7414812095406, 0.0, 792.1125740759628], [0.0, 1256.7414812095406, 492.7757465151356], [0.0, 0.0, 1.0]], [[809.2209905677063, 0.0, 829.2196003259838], [0.0, 809.2209905677063, 481.77842384512485], [0.0, 0.0, 1.0]], [[1259.5137405846733, 0.0, 807.2529053838625], [0.0, 1259.5137405846733, 501.19579884916527], [0.0, 0.0, 1.0]]], "extrinsics": [[[0.8215193748474121, -0.5701764225959778, 0.0022127812262624502, -0.90045166015625], [0.021052096039056778, 0.026453549042344093, -0.9994283318519592, 1.5098915100097656], [0.569791853427887, 0.8210963010787964, 0.03373550996184349, -1.2357940673828125], [0.0, 0.0, 0.0, 1.0]], [[0.007040816359221935, -0.9997275471687317, -0.022253066301345825, 0.005645751953125], [0.015674792230129242, 0.02236122265458107, -0.9996270537376404, 1.5215320587158203], [0.9998523592948914, 0.0066893757320940495, 0.015827961266040802, -1.62823486328125], [0.0, 0.0, 0.0, 1.0]], [[-0.8319081664085388, -0.5535020232200623, -0.03955104202032089, 0.9913330078125], [0.021198395639657974, 0.03952312096953392, -0.9989937543869019, 1.5046844482421875], [0.5545082688331604, -0.8319094181060791, -0.021146252751350403, -1.2213134765625], [0.0, 0.0, 0.0, 1.0]], [[0.9473368525505066, 0.318739652633667, 0.03095085173845291, -1.1434326171875], [0.029650947079062462, 0.008930719457566738, -0.9995204210281372, 1.5885200500488281], [-0.3188631534576416, 0.9478002190589905, -0.0009905308252200484, -0.103271484375], [0.0, 0.0, 0.0, 1.0]], [[0.001813766430132091, 0.99981689453125, 0.01905240