[{"images": ["samples/CAM_FRONT_LEFT/n015-2018-11-21-19-38-26+0800__CAM_FRONT_LEFT__1542800427904844.jpg", "samples/CAM_FRONT/n015-2018-11-21-19-38-26+0800__CAM_FRONT__1542800427912460.jpg", "samples/CAM_FRONT_RIGHT/n015-2018-11-21-19-38-26+0800__CAM_FRONT_RIGHT__1542800427920339.jpg", "samples/CAM_BACK_LEFT/n015-2018-11-21-19-38-26+0800__CAM_BACK_LEFT__1542800427947423.jpg", "samples/CAM_BACK/n015-2018-11-21-19-38-26+0800__CAM_BACK__1542800427937525.jpg", "samples/CAM_BACK_RIGHT/n015-2018-11-21-19-38-26+0800__CAM_BACK_RIGHT__1542800427927893.jpg"], "intrinsics": [[[1272.5979470598488, 0.0, 826.6154927353808], [0.0, 1272.5979470598488, 479.75165386361925], [0.0, 0.0, 1.0]], [[1266.417203046554, 0.0, 816.2670197447984], [0.0, 1266.417203046554, 491.50706579294757], [0.0, 0.0, 1.0]], [[1260.8474446004698, 0.0, 807.968244525554], [0.0, 1260.8474446004698, 495.3344268742088], [0.0, 0.0, 1.0]], [[1256.7414812095406, 0.0, 792.1125740759628], [0.0, 1256.7414812095406, 492.7757465151356], [0.0, 0.0, 1.0]], [[809.2209905677063, 0.0, 829.2196003259838], [0.0, 809.2209905677063, 481.77842384512485], [0.0, 0.0, 1.0]], [[1259.5137405846733, 0.0, 807.2529053838625], [0.0, 1259.5137405846733, 501.19579884916527], [0.0, 0.0, 1.0]]], "extrinsics": [[[0.8207047581672668, -0.5711298584938049, -0.01595473848283291, -0.96484375], [-0.008367965929210186, 0.01590624824166298, -0.9998384714126587, 1.5082416534423828], [0.5712912678718567, 0.8207055926322937, 0.008275138214230537, -1.2806396484375], [0.0, 0.0, 0.0, 1.0]], [[0.005671962164342403, -0.9999127984046936, -0.011925351805984974, 0.0052490234375], [-0.013650842010974884, 0.011847010813653469, -0.9998366236686707, 1.520533561706543], [0.9998908042907715, 0.0058338334783911705, -0.013582455925643444, -1.69232177734375], [0.0, 0.0, 0.0, 1.0]], [[-0.8329871892929077, -0.5532122254371643, -0.009407009929418564, 1.0325927734375], [-0.008010386489331722, 0.029058080166578293, -0.9995456337928772, 1.5036392211914062], [0.5532342195510864, -0.8325333595275879, -0.028636453673243523, -1.24853515625], [0.0, 0.0, 0.0, 1.0]], [[0.947767972946167, 0.3189605176448822, 0.00023129154578782618, -1.1422119140625], [0.0006801113486289978, -0.001295762020163238, -0.999998927116394, 1.5885555744171143], [-0.3189598023891449, 0.9477671384811401, -0.0014450098387897015, -0.1038818359375], [0.0, 0.0, 0.0, 1.0]], [[0.0024151592515408993, 0.9999595880508423, 0.008663290180265903, 0.0028076171875], [-0.02474144659936428, 0.008720417506992817, -0.9996558427810669, 1.579355239868164], [-0.9996909499168396, 0.0021999706514179707, 0.024761507287621498, 0.001708984375], [0.0, 0.0, 0.0, 1.0]], [[-0.9348235130310059, 0.3551105558872223, 0.001171343494206667, 1.136138916015625], [0.007882640697062016, 0.024048417806625366, -0.9996797442436218, 1.5514450073242188], [-0.35502496361732483, -0.9345149993896484, -0.025280237197875977, -0.0634765625], [0.0, 0.0, 0.0, 1.0]]], "view": [[0.0, -2.0, 100.0], [-2.0, 0.0, 100.0], [0.0, 0.0, 1.0]], "bev": "bev_a049a8d809074244ba843729972a0da2.png", "aux": "aux_a049a8d809074244ba843729972a0da2.npz", "visibility": "visibility_a049a8d809074244ba843729972a0da2.png", "pose": [[0.9302681088447571, 0.3668804168701172, 0.0, 1191.9630126953125], [-0.3668804168701172, 0.9302681088447571, 0.0, 1583.669677734375], [0.0, 0.0, 1.0, 0.0], [0.0, 0.0, 0.0, 1.0]], "pose_inverse": [[0.9302681088447571, -0.3668804168701172, 0.0, -527.8278198242188], [0.3668804168701172, 0.9302681088447571, 0.0, -1910.5452880859375], [0.0, 0.0, 1.0, 0.0], [0.0, 0.0, 0.0, 1.0]], "cam_ids": [0, 1, 2, 3, 4, 5], "cam_channels": ["CAM_FRONT_LEFT", "CAM_FRONT", "CAM_FRONT_RIGHT", "CAM_BACK_LEFT", "CAM_BACK", "CAM_BACK_RIGHT"], "token": "a049a8d809074244ba843729972a0da2", "scene": "scene-1080"}, {"images": ["samples/CAM_FRONT_LEFT/n015-2018-11-21-19-38-26+0800__CAM_FRONT_LEFT__1542800428404844.jpg", "samples/CAM_FRONT/n015-2018-11-21-19-38-26+0800__CAM_FRONT__1542800428412460.jpg", "samples/CAM_FRONT_RIGHT/n015-2018-11-21-19-38-26+0800__CAM_FRONT_RIGHT__1542800428420339.jpg", "samples/CAM_BACK_LEFT/n015-2018-11-21-19-38-26+0800__CAM_BACK_LEFT__1542800428447423.jpg", "samples/CAM_BACK/n015-2018-11-21-19-38-26+0800__CAM_BACK__1542800428437525.jpg", "samples/CAM_BACK_RIGHT/n015-2018-11-21-19-38-26+0800__CAM_BACK_RIGHT__1542800428427893.jpg"], "intrinsics": [[[1272.5979470598488, 0.0, 826.6154927353808], [0.0, 1272.5979470598488, 479.75165386361925], [0.0, 0.0, 1.0]], [[1266.417203046554, 0.0, 816.2670197447984], [0.0, 1266.417203046554, 491.50706579294757], [0.0, 0.0, 1.0]], [[1260.8474446004698, 0.0, 807.968244525554], [0.0, 1260.8474446004698, 495.3344268742088], [0.0, 0.0, 1.0]], [[1256.7414812095406, 0.0, 792.1125740759628], [0.0, 1256.7414812095406, 492.7757465151356], [0.0, 0.0, 1.0]], [[809.2209905677063, 0.0, 829.2196003259838], [0.0, 809.2209905677063, 481.77842384512485], [0.0, 0.0, 1.0]], [[1259.5137405846733, 0.0, 807.2529053838625], [0.0, 1259.5137405846733, 501.19579884916527], [0.0, 0.0, 1.0]]], "extrinsics": [[[0.8206961750984192, -0.5711408257484436, -0.01599988155066967, -0.96478271484375], [-0.008409453555941582, 0.015925459563732147, -0.9998377561569214, 1.5082435607910156], [0.5713030099868774, 0.820697546005249, 0.00826698075979948, -1.280517578125], [0.0, 0.0, 0.0, 1.0]], [[0.005658212583512068, -0.9999125599861145, -0.011951271444559097, 0.005126953125], [-0.013703837990760803, 0.011872806586325169, -0.9998356699943542, 1.5205316543579102], [0.9998900890350342, 0.00582107761874795, -0.01363546121865511, -1.6923828125], [0.0, 0.0, 0.0, 1.0]], [[-0.8329935073852539, -0.5532034039497375, -0.00937077309936285, 1.0325927734375], [-0.008075060322880745, 0.029090516269207, -0.9995441436767578, 1.5036392211914062], [0.5532239079475403, -0.8325381278991699, -0.0286993607878685, -1.24853515625], [0.0, 0.0, 0.0, 1.0]], [[0.9477692246437073, 0.31895679235458374, 0.00017383704835083336, -1.1422119140625], [0.0006034391117282212, -0.0012480810983106494, -0.9999990463256836, 1.5885577201843262], [-0.31895628571510315, 0.9477684497833252, -0.001375364139676094, -0.1038818359375], [0.0, 0.0, 0.0, 1.0]], [[0.002420291770249605, 0.9999592304229736, 0.008705086074769497, 0.0029296875], [-0.024817947298288345, 0.00876249372959137, -0.9996535778045654, 1.5793557167053223], [-0.9996891021728516, 0.0022033825516700745, 0.02483813837170601, 0.0018310546875], [0.0, 0.0, 0.0, 1.0]], [[-0.9348210096359253, 0.35511717200279236, 0.0012496320996433496, 1.136260986328125], [0.007812566123902798, 0.024083830416202545, -0.999679446220398, 1.5514488220214844], [-0.3550334870815277, -0.9345115423202515, -0.025288445875048637, -0.0634765625], [0.0, 0.0, 0.0, 1.0]]], "view": [[0.0, -2.0, 100.0], [-2.0, 0.0, 100.0], [0.0, 0.0, 1.0]], "bev": "bev_8261c76f75e242b08f6505c48d6c68ac.png", "aux": "aux_8261c76f75e242b08f6505c48d6c68ac.npz", "visibility": "visibility_8261c76f75e242b08f6505c48d6c68ac.png", "pose": [[0.9302206039428711, 0.36700090765953064, 0.0, 1191.96240234375], [-0.36700090765953064, 0.9302206039428711, 0.0, 1583.668212890625], [0.0, 0.0, 1.0, 0.0], [0.0, 0.0, 0.0, 1.0]], "pose_inverse": [[0.9302206039428711, -0.36700090765953064, 0.0, -527.580322265625], [0.36700090765953064, 0.9302206039428711, 0.0, -1910.612060546875], [0.0, 0.0, 1.0, 0.0], [0.0, 0.0, 0.0, 1.0]], "cam_ids": [0, 1, 2, 3, 4, 5], "cam_channels": ["CAM_FRONT_LEFT", "CAM_FRONT", "CAM_FRONT_RIGHT", "CAM_BACK_LEFT", "CAM_BACK", "CAM_BACK_RIGHT"], "token": "8261c76f75e242b08f6505c48d6c68ac", "scene": "scene-1080"}, {"images": ["samples/CAM_FRONT_LEFT/n015-2018-11-21-19-38-26+0800__CAM_FRONT_LEFT__1542800428904844.jpg", "samples/CAM_FRONT/n015-2018-11-21-19-38-26+0800__CAM_FRONT__1542800428912460.jpg", "samples/CAM_FRONT_RIGHT/n015-2018-11-21-19-38-26+0800__CAM_FRONT_RIGHT__1542800428920349.jpg", "samples/CAM_BACK_LEFT/n015-2018-11-21-19-38-26+0800__CAM_BACK_LEFT__1542800428947423.jpg", "samples/CAM_BACK/n015-2018-11-21-19-38-26+0800__CAM_BACK__1542800428937525.jpg", "samples/CAM_BACK_RIGHT/n015-2018-11-21-19-38-26+0800__CAM_BACK_RIGHT__1542800428927893.jpg"], "intrinsics": [[[1272.5979470598488, 0.0, 826.6154927353808], [0.0, 1272.5979470598488, 479.75165386361925], [0.0, 0.0, 1.0]], [[1266.417203046554, 0.0, 816.2670197447984], [0.0, 1266.417203046554, 491.50706579294757], [0.0, 0.0, 1.0]], [[1260.8474446004698, 0.0, 807.968244525554], [0.0, 1260.8474446004698, 495.3344268742088], [0.0, 0.0, 1.0]], [[1256.7414812095406, 0.0, 792.1125740759628], [0.0, 1256.7414812095406, 492.7757465151356], [0.0, 0.0, 1.0]], [[809.2209905677063, 0.0, 829.2196003259838], [0.0, 809.2209905677063, 481.77842384512485], [0.0, 0.0, 1.0]], [[1259.5137405846733, 0.0, 807.2529053838625], [0.0, 1259.5137405846733, 501.19579884916527], [0.0, 0.0, 1.0]]], "extrinsics": [[[0.8207069039344788, -0.5711249709129333, -0.01601666770875454, -0.96502685546875], [-0.008417361415922642, 0.01594376191496849, -0.9998374581336975, 1.5082454681396484], [0.5712874531745911, 0.8207083344459534, 0.008277788758277893, -1.280517578125], [0.0, 0.0, 0.0, 1.0]], [[0.005674457643181086, -0.9999123215675354, -0.011963565833866596, 0.0050048828125], [-0.013705660589039326, 0.011884868144989014, -0.9998354911804199, 1.5205345153808594], [0.9998899698257446, 0.005837467033416033, -0.013637017458677292, -1.69232177734375], [0.0, 0.0, 0.0, 1.0]], [[-0.8329863548278809, -0.553213894367218, -0.00937783345580101, 1.032470703125], [-0.008070867508649826, 0.02909630350768566, -0.9995439648628235, 1.5036430358886719], [0.5532345175743103, -0.8325309157371521, -0.028701741248369217, -1.2486572265625], [0.0, 0.0, 0.0, 1.0]], [[0.9477700591087341, 0.318954199552536, 0.00016849537496455014, -1.1422119140625], [0.0006100928294472396, -0.0012846129247918725, -0.999998927116394, 1.5885555744171143], [-0.31895360350608826, 0.9477692246437073, -0.0014121097046881914, -0.1038818359375], [0.0, 0.0, 0.0, 1.0]], [[0.00241619860753417, 0.999959409236908, 0.00868404284119606, 0.0029296875], [-0.02479696087539196, 0.008741309866309166, -0.9996542930603027, 1.579359769821167], [-0.9996896386146545, 0.002200015354901552, 0.024817071855068207, 0.00177001953125], [0.0, 0.0, 0.0, 1.0]], [[-0.9348242282867432, 0.3551086187362671, 0.0012383476132526994, 1.13616943359375], [0.007825198583304882, 0.024085966870188713, -0.9996792674064636, 1.5514488220214844], [-0.35502466559410095, -0.9345147013664246, -0.025294942781329155, -0.0634765625], [0.0, 0.0, 0.0, 1.0]]], "view": [[0.0, -2.0, 100.0], [-2.0, 0.0, 100.0], [0.0, 0.0, 1.0]], "bev": "bev_b289a1f0733f4d54b7b2b7ea49e17099.png", "aux": "aux_b289a1f0733f4d54b7b2b7ea49e17099.npz", "visibility": "visibility_b289a1f0733f4d54b7b2b7ea49e17099.png", "pose": [[0.9302592873573303, 0.3669028580188751, 0.0, 1191.9619140625], [-0.3669028580188751, 0.9302592873573303, 0.0, 1583.6669921875], [0.0, 0.0, 1.0, 0.0], [0.0, 0.0, 0.0, 1.0]], "pose_inverse": [[0.9302592873573303, -0.3669028580188751, 0.0, -527.7816772460938], [0.3669028580188751, 0.9302592873573303, 0.0, -1910.55517578125], [0.0, 0.0, 1.0, 0.0], [0.0, 0.0, 0.0, 1.0]], "cam_ids": [0, 1, 2, 3, 4, 5], "cam_channels": ["CAM_FRONT_LEFT", "CAM_FRONT", "CAM_FRONT_RIGHT", "CAM_BACK_LEFT", "CAM_BACK", "CAM_BACK_RIGHT"], "token": "b289a1f0733f4d54b7b2b7ea49e17099", "scene": "scene-1080"}, {"images": ["samples/CAM_FRONT_LEFT/n015-2018-11-21-19-38-26+0800__CAM_FRONT_LEFT__1542800429404844.jpg", "samples/CAM_FRONT/n015-2018-11-21-19-38-26+0800__CAM_FRONT__1542800429412460.jpg", "samples/CAM_FRONT_RIGHT/n015-2018-11-21-19-38-26+0800__CAM_FRONT_RIGHT__1542800429420339.jpg", "samples/CAM_BACK_LEFT/n015-2018-11-21-19-38-26+0800__CAM_BACK_LEFT__1542800429447423.jpg", "samples/CAM_BACK/n015-2018-11-21-19-38-26+0800__CAM_BACK__1542800429437525.jpg", "samples/CAM_BACK_RIGHT/n015-2018-11-21-19-38-26+0800__CAM_BACK_RIGHT__1542800429427893.jpg"], "intrinsics": [[[1272.5979470598488, 0.0, 826.6154927353808], [0.0, 1272.5979470598488, 479.75165386361925], [0.0, 0.0, 1.0]], [[1266.417203046554, 0.0, 816.2670197447984], [0.0, 1266.417203046554, 491.50706579294757], [0.0, 0.0, 1.0]], [[1260.8474446004698, 0.0, 807.968244525554], [0.0, 1260.8474446004698, 495.3344268742088], [0.0, 0.0, 1.0]], [[1256.7414812095406, 0.0, 792.1125740759628], [0.0, 1256.7414812095406, 492.7757465151356], [0.0, 0.0, 1.0]], [[809.2209905677063, 0.0, 829.2196003259838], [0.0, 809.2209905677063, 481.77842384512485], [0.0, 0.0, 1.0]], [[1259.5137405846733, 0.0, 807.2529053838625], [0.0, 1259.5137405846733, 501.19579884916527], [0.0, 0.0, 1.0]]], "extrinsics": [[[0.8207419514656067, -0.571077823638916, -0.015899324789643288, -0.9649658203125], [-0.008308414369821548, 0.015895739197731018, -0.9998391270637512, 1.508249282836914], [0.5712386965751648, 0.8207420110702515, 0.008301547728478909, -1.2801513671875], [0.0, 0.0, 0.0, 1.0]], [[0.005728345829993486, -0.9999125003814697, -0.01192106120288372, 0.0050048828125], [-0.013569626025855541, 0.011842434294521809, -0.9998378157615662, 1.5205364227294922], [0.9998915195465088, 0.005889169871807098, -0.013500601053237915, -1.6922607421875], [0.0, 0.0, 0.0, 1.0]], [[-0.83296138048172, -0.5532495975494385, -0.009494996629655361, 1.0323486328125], [-0.007907800376415253, 0.02906026691198349, -0.9995463490486145, 1.5036430358886719], [0.5532745718955994, -0.8325085043907166, -0.02858106791973114, -1.2486572265625], [0.0, 0.0, 0.0, 1.0]], [[0.9477705359458923, 0.318952739238739, 0.0004757287970278412, -1.1422119140625], [0.0009277923381887376, -0.0012654124293476343, -0.9999987483024597, 1.5885553359985352], [-0.3189517557621002, 0.947769820690155, -0.0014952414203435183, -0.103759765625], [0.0, 0.0, 0.0, 1.0]], [[0.002396967727690935, 0.9999594688415527, 0.008680028840899467, 0.0028076171875], [-0.024563614279031754, 0.00873631052672863, -0.999660074710846, 1.5793530941009521], [-0.9996954202651978, 0.002182950498536229, 0.02458355575799942, 0.00177001953125], [0.0, 0.0, 0.0, 1.0]], [[-0.9348358511924744, 0.3550785779953003, 0.0010531716980040073, 1.1362762451171875], [0.008011028170585632, 0.024056170135736465, -0.9996785521507263, 1.5514450073242188], [-0.3549896776676178, -0.9345269799232483, -0.025333117693662643, -0.0635986328125], [0.0, 0.0, 0.0, 1.0]]], "view": [[0.0, -2.0, 100.0], [-2.0, 0.0, 100.0], [0.0, 0.0, 1.0]], "bev": "bev_26d7ab5933fc41f2b0ae4a6ba3cfb3f9.png", "aux": "aux_26d7ab5933fc41f2b0ae4a6ba3cfb3f9.npz", "visibility": "visibility_26d7ab5933fc41f2b0ae4a6ba3cfb3f9.png", "pose": [[0.9302955269813538, 0.3668109178543091, 0.0, 1191.9615478515625], [-0.3668109178543091, 0.9302955269813538, 0.0, 1583.6658935546875], [0.0, 0.0, 1.0, 0.0], [0.0, 0.0, 0.0, 1.0]], "pose_inverse": [[0.9302955269813538, -0.3668109178543091, 0.0, -527.9705200195312], [0.3668109178543091, 0.9302955269813538, 0.0, -1910.5018310546875], [0.0, 0.0, 1.0, 0.0], [0.0, 0.0, 0.0, 1.0]], "cam_ids": [0, 1, 2, 3, 4, 5], "cam_channels": ["CAM_FRONT_LEFT", "CAM_FRONT", "CAM_FRONT_RIGHT", "CAM_BACK_LEFT", "CAM_BACK", "CAM_BACK_RIGHT"], "token": "26d7ab5933fc41f2b0ae4a6ba3cfb3f9", "scene": "scene-1080"}, {"images": ["samples/CAM_FRONT_LEFT/n015-2018-11-21-19-38-26+0800__CAM_FRONT_LEFT__1542800429904844.jpg", "samples/CAM_FRONT/n015-2018-11-21-19-38-26+0800__CAM_FRONT__1542800429912460.jpg", "samples/CAM_FRONT_RIGHT/n015-2018-11-21-19-38-26+0800__CAM_FRONT_RIGHT__1542800429920339.jpg", "samples/CAM_BACK_LEFT/n015-2018-11-21-19-38-26+0800__CAM_BACK_LEFT__1542800429947423.jpg", "samples/CAM_BACK/n015-2018-11-21-19-38-26+0800__CAM_BACK__1542800429937525.jpg", "samples/CAM_BACK_RIGHT/n015-2018-11-21-19-38-26+0800__CAM_BACK_RIGHT__1542800429927893.jpg"], "intrinsics": [[[1272.5979470598488, 0.0, 826.6154927353808], [0.0, 1272.5979470598488, 479.75165386361925], [0.0, 0.0, 1.0]], [[1266.417203046554, 0.0, 816.2670197447984], [0.0, 1266.417203046554, 491.50706579294757], [0.0, 0.0, 1.0]], [[1260.8474446004698, 0.0, 807.968244525554], [0.0, 1260.8474446004698, 495.3344268742088], [0.0, 0.0, 1.0]], [[1256.7414812095406, 0.0, 792.1125740759628], [0.0, 1256.7414812095406, 492.7757465151356], [0.0, 0.0, 1.0]], [[809.2209905677063, 0.0, 829.2196003259838], [0.0, 809.2209905677063, 481.77842384512485], [0.0, 0.0, 1.0]], [[1259.5137405846733, 0.0, 807.2529053838625], [0.0, 1259.5137405846733, 501.19579884916527], [0.0, 0.0, 1.0]]], "extrinsics": [[[0.8207740187644958, -0.5711789727210999, -0.00919718574732542, -0.95269775390625], [-0.00035407920950092375, 0.015591343864798546, -0.9998784065246582, 1.50823974609375], [0.5712528824806213, 0.8206773996353149, 0.012594726867973804, -1.271728515625], [0.0, 0.0, 0.0, 1.0]], [[0.005698265507817268, -0.9999170303344727, -0.011551853269338608, 0.005126953125], [-0.005672093480825424, 0.01151953637599945, -0.9999175667762756, 1.5204620361328125], [0.999967634677887, 0.005763306748121977, -0.005605981685221195, -1.6798095703125], [0.0, 0.0, 0.0, 1.0]], [[-0.8329283595085144, -0.5531542301177979, -0.015833836048841476, 1.0242919921875], [-6.915142148500308e-05, 0.028716953471302986, -0.9995875358581543, 1.5036392211914062], [0.5533807873725891, -0.8325837850570679, -0.02395741641521454, -1.2432861328125], [0.0, 0.0, 0.0, 1.0]], [[0.9477682709693909, 0.31886616349220276, 0.007714343257248402, -1.14208984375], [0.008701667189598083, -0.0016719407867640257, -0.999960720539093, 1.5885567665100098], [-0.31884074211120605, 0.9477983117103577, -0.004359279293566942, -0.1036376953125], [0.0, 0.0, 0.0, 1.0]], [[0.002438206924125552, 0.9999623894691467, 0.008319548331201077, 0.002685546875], [-0.016769669950008392, 0.008359289728105068, -0.9998244643211365, 1.5792961120605469], [-0.9998564124107361, 0.0022982596419751644, 0.016789421439170837, -0.0018310546875], [0.0, 0.0, 0.0, 1.0]], [[-0.934773862361908, 0.3551858961582184, -0.006383881904184818, 1.129638671875], [0.015829527750611305, 0.023693900555372238, -0.9995939135551453, 1.5515632629394531], [-0.354890376329422, -0.9344953894615173, -0.027770865708589554, -0.066162109375], [0.0, 0.0, 0.0, 1.0]]], "view": [[0.0, -2.0, 100.0], [-2.0, 0.0, 100.0], [0.0, 0.0, 1.0]], "bev": "bev_d44d69b627d24ac0b989b224c0e309c8.png", "aux": "aux_d44d69b627d24ac0b989b224c0e309c8.npz", "visibility": "visibility_d44d69b627d24ac0b989b224c0e309c8.png", "pose": [[0.9301425218582153, 0.367198646068573, 0.0, 1192.0048828125], [-0.367198646068573, 0.9301425218582153, 0.0, 1583.647705078125], [0.0, 0.0, 1.0, 0.0], [0.0, 0.0, 0.0, 1.0]], "pose_inverse": [[0.9301425218582153, -0.367198646068573, 0.0, -527.22119140625], [0.367198646068573, 0.9301425218582153, 0.0, -1910.720703125], [0.0, 0.0, 1.0, 0.0], [0.0, 0.0, 0.0, 1.0]], "cam_ids": [0, 1, 2, 3, 4, 5], "cam_channels": ["CAM_FRONT_LEFT", "CAM_FRONT", "CAM_FRONT_RIGHT", "CAM_BACK_LEFT", "CAM_BACK", "CAM_BACK_RIGHT"], "token": "d44d69b627d24ac0b989b224c0e309c8", "scene": "scene-1080"}, {"images": ["samples/CAM_FRONT_LEFT/n015-2018-11-21-19-38-26+0800__CAM_FRONT_LEFT__1542800430404844.jpg", "samples/CAM_FRONT/n015-2018-11-21-19-38-26+0800__CAM_FRONT__1542800430412460.jpg", "samples/CAM_FRONT_RIGHT/n015-2018-11-21-19-38-26+0800__CAM_FRONT_RIGHT__1542800430420339.jpg", "samples/CAM_BACK_LEFT/n015-2018-11-21-19-38-26+0800__CAM_BACK_LEFT__1542800430447423.jpg", "samples/CAM_BACK/n015-2018-11-21-19-38-26+0800__CAM_BACK__1542800430437525.jpg", "samples/CAM_BACK_RIGHT/n015-2018-11-21-19-38-26+0800__CAM_BACK_RIGHT__1542800430427893.jpg"], "intrinsics": [[[1272.5979470598488, 0.0, 826.6154927353808], [0.0, 1272.5979470598488, 479.75165386361925], [0.0, 0.0, 1.0]], [[1266.417203046554, 0.0, 816.2670197447984], [0.0, 1266.417203046554, 491.50706579294757], [0.0, 0.0, 1.0]], [[1260.8474446004698, 0.0, 807.968244525554], [0.0, 1260.8474446004698, 495.3344268742088], [0.0, 0.0, 1.0]], [[1256.7414812095406, 0.0, 792.1125740759628], [0.0, 1256.7414812095406, 492.7757465151356], [0.0, 0.0, 1.0]], [[809.2209905677063, 0.0, 829.2196003259838], [0.0, 809.2209905677063, 481.77842384512485], [0.0, 0.0, 1.0]], [[1259.5137405846733, 0.0, 807.2529053838625], [0.0, 1259.5137405846733, 501.19579884916527], [0.0, 0.0, 1.0]]], "extrinsics": [[[0.8208643794059753, -0.5710705518722534, -0.007756809238344431, -0.909912109375], [0.0010689226910471916, 0.01511785015463829, -0.9998851418495178, 1.5083179473876953], [0.5711221694946289, 0.8207617998123169, 0.013020135462284088, -1.2421875], [0.0, 0.0, 0.0, 1.0]], [[0.005829658824950457, -0.9999215602874756, -0.011081108823418617, 0.005615234375], [-0.004204961005598307, 0.011056686751544476, -0.9999300837516785, 1.5202980041503906], [0.999974250793457, 0.0058759041130542755, -0.0041401744820177555, -1.63653564453125], [0.0, 0.0, 0.0, 1.0]], [[-0.8328559398651123, -0.5532333850860596, -0.016844958066940308, 0.99609375], [0.0014410786097869277, 0.028266552835702896, -0.9995993375778198, 1.5037078857421875], [0.5534878969192505, -0.832546591758728, -0.022744711488485336, -1.2244873046875], [0.0, 0.0, 0.0, 1.0]], [[0.9477588534355164, 0.3188592493534088, 0.009047916159033775, -1.14111328125], [0.010254960507154465, -0.0021069154608994722, -0.9999451637268066, 1.5885688066482544], [-0.3188227117061615, 0.9477996826171875, -0.005266738589853048, -0.1041259765625], [0.0, 0.0, 0.0, 1.0]], [[0.0024020944256335497, 0.9999660849571228, 0.007878361269831657, 0.0028076171875], [-0.015220033004879951, 0.00791403092443943, -0.9998528361320496, 1.5791006088256836], [-0.9998813271522522, 0.0022818143479526043, 0.015238527208566666, -0.0150146484375], [0.0, 0.0, 0.0, 1.0]], [[-0.9347835183143616, 0.35512828826904297, -0.007974973879754543, 1.106292724609375], [0.01736067607998848, 0.02325035072863102, -0.9995789527893066, 1.552001953125], [-0.35479333996772766, -0.9345284700393677, -0.02789931371808052, -0.0748291015625], [0.0, 0.0, 0.0, 1.0]]], "view": [[0.0, -2.0, 100.0], [-2.0, 0.0, 100.0], [0.0, 0.0, 1.0]], "bev": "bev_7c488c0bb9b440f98da2fe8aa4c21da4.png", "aux": "aux_7c488c0bb9b440f98da2fe8aa4c21da4.npz", "visibility": "visibility_7c488c0bb9b440f98da2fe8aa4c21da4.png", "pose": [[0.9297348856925964, 0.3682296574115753, 0.0, 1192.437744140625], [-0.3682296574115753, 0.9297348856925964, 0.0, 1583.4744873046875], [0.0, 0.0, 1.0, 0.0], [0.0, 0.0, 0.0, 1.0]], "pose_inverse": [[0.9297348856925964, -0.3682296574115753, 0.0, -525.5686645507812], [0.3682296574115753, 0.9297348856925964, 0.0, -1911.3023681640625], [0.0, 0.0, 1.0, 0.0], [0.0, 0.0, 0.0, 1.0]], "cam_ids": [0, 1, 2, 3, 4, 5], "cam_channels": ["CAM_FRONT_LEFT", "CAM_FRONT", "CAM_FRONT_RIGHT", "CAM_BACK_LEFT", "CAM_BACK", "CAM_BACK_RIGHT"], "token": "7c488c0bb9b440f98da2fe8aa4c21da4", "scene": "scene-1080"}, {"images": ["samples/CAM_FRONT_LEFT/n015-2018-11-21-19-38-26+0800__CAM_FRONT_LEFT__1542800431004844.jpg", "samples/CAM_FRONT/n015-2018-11-21-19-38-26+0800__CAM_FRONT__1542800431012460.jpg", "samples/CAM_FRONT_RIGHT/n015-2018-11-21-19-38-26+0800__CAM_FRONT_RIGHT__1542800431020339.jpg", "samples/CAM_BACK_LEFT/n015-2018-11-21-19-38-26+0800__CAM_BACK_LEFT__1542800431047874.jpg", "samples/CAM_BACK/n015-2018-11-21-19-38-26+0800__CAM_BACK__1542800431037525.jpg", "samples/CAM_BACK_RIGHT/n015-2018-11-21-19-38-26+0800__CAM_BACK_RIGHT__1542800431027893.jpg"], "intrinsics": [[[1272.5979470598488, 0.0, 826.6154927353808], [0.0, 1272.5979470598488, 479.75165386361925], [0.0, 0.0, 1.0]], [[1266.417203046554, 0.0, 816.2670197447984], [0.0, 1266.417203046554, 491.50706579294757], [0.0, 0.0, 1.0]], [[1260.8474446004698, 0.0, 807.968244525554], [0.0, 1260.8474446004698, 495.3344268742088], [0.0, 0.0, 1.0]], [[1256.7414812095406, 0.0, 792.1125740759628], [0.0, 1256.7414812095406, 492.7757465151356], [0.0, 0.0, 1.0]], [[809.2209905677063, 0.0, 829.2196003259838], [0.0, 809.2209905677063, 481.77842384512485], [0.0, 0.0, 1.0]], [[1259.5137405846733, 0.0, 807.2529053838625], [0.0, 1259.5137405846733, 501.19579884916527], [0.0, 0.0, 1.0]]], "extrinsics": [[[0.8210093975067139, -0.5708845853805542, -0.005857930518686771, -0.83984375], [0.0023686045315116644, 0.013666534796357155, -0.9999037981033325, 1.5086040496826172], [0.5709096789360046, 0.8209165930747986, 0.01257255394011736, -1.193359375], [0.0, 0.0, 0.0, 1.0]], [[0.006045090034604073, -0.9999361038208008, -0.00954291969537735, 0.0059814453125], [-0.0029257237911224365, 0.009525367990136147, -0.9999503493309021, 1.5201616287231445], [0.9999774098396301, 0.006072738207876682, -0.0028679550159722567, -1.56646728515625], [0.0, 0.0, 0.0, 1.0]], [[-0.8327427506446838, -0.5533989667892456, -0.01700119487941265, 0.9503173828125], [0.0026948137674480677, 0.0266552846878767, -0.9996410012245178, 1.5038986206054688], [0.5536534786224365, -0.8324896693229675, -0.0207056887447834, -1.1937255859375], [0.0, 0.0, 0.0, 1.0]], [[0.947745680809021, 0.31888389587402344, 0.009550919756293297, -1.1378173828125], [0.011402552016079426, -0.003940292168408632, -0.9999272227287292, 1.5886098146438599], [-0.31882303953170776, 0.9477855563163757, -0.007370485458523035, -0.1053466796875], [0.0, 0.0, 0.0, 1.0]], [[0.0023143510334193707, 0.9999786615371704, 0.006113183684647083, 0.002685546875], [-0.014028389006853104, 0.006145065184682608, -0.9998827576637268, 1.5787992477416992], [-0.9998989105224609, 0.002228350378572941, 0.01404231134802103, -0.037841796875], [0.0, 0.0, 0.0, 1.0]], [[-0.9348192811012268, 0.3549903929233551, -0.009725244715809822, 1.0681915283203125], [0.018589209765195847, 0.021567491814494133, -0.9995945692062378, 1.55279541015625], [-0.35463666915893555, -0.9346211552619934, -0.026760701090097427, -0.0892333984375], [0.0, 0.0, 0.0, 1.0]]], "view": [[0.0, -2.0, 100.0], [-2.0, 0.0, 100.0], [0.0, 0.0, 1.0]], "bev": "bev_d9aafe2022724ab2a5a7c4c4606e7e92.png", "aux": "aux_d9aafe2022724ab2a5a7c4c4606e7e92.npz", "visibility": "visibility_d9aafe2022724ab2a5a7c4c4606e7e92.png", "pose": [[0.9289841055870056, 0.3701196014881134, 0.0, 1193.8951416015625], [-0.3701196014881134, 0.9289841055870056, 0.0, 1582.8948974609375], [0.0, 0.0, 1.0, 0.0], [0.0, 0.0, 0.0, 1.0]], "pose_inverse": [[0.9289841055870056, -0.3701196014881134, 0.0, -523.2492065429688], [0.3701196014881134, 0.9289841055870056, 0.0, -1912.3681640625], [0.0, 0.0, 1.0, 0.0], [0.0, 0.0, 0.0, 1.0]], "cam_ids": [0, 1, 2, 3, 4, 5], "cam_channels": ["CAM_FRONT_LEFT", "CAM_FRONT", "CAM_FRONT_RIGHT", "CAM_BACK_LEFT", "CAM_BACK", "CAM_BACK_RIGHT"], "token": "d9aafe2022724ab2a5a7c4c4606e7e92", "scene": "scene-1080"}, {"images": ["samples/CAM_FRONT_LEFT/n015-2018-11-21-19-38-26+0800__CAM_FRONT_LEFT__1542800431504844.jpg", "samples/CAM_FRONT/n015-2018-11-21-19-38-26+0800__CAM_FRONT__1542800431512460.jpg", "samples/CAM_FRONT_RIGHT/n015-2018-11-21-19-38-26+0800__CAM_FRONT_RIGHT__1542800431520339.jpg", "samples/CAM_BACK_LEFT/n015-2018-11-21-19-38-26+0800__CAM_BACK_LEFT__1542800431547423.jpg", "samples/CAM_BACK/n015-2018-11-21-19-38-26+0800__CAM_BACK__1542800431537525.jpg", "samples/CAM_BACK_RIGHT/n015-2018-11-21-19-38-26+0800__CAM_BACK_RIGHT__1542800431527893.jpg"], "intrinsics": [[[1272.5979470598488, 0.0, 826.6154927353808], [0.0, 1272.5979470598488, 479.75165386361925], [0.0, 0.0, 1.0]], [[1266.417203046554, 0.0, 816.2670197447984], [0.0, 1266.417203046554, 491.50706579294757], [0.0, 0.0, 1.0]], [[1260.8474446004698, 0.0, 807.968244525554], [0.0, 1260.8474446004698, 495.3344268742088], [0.0, 0.0, 1.0]], [[1256.7414812095406, 0.0, 792.1125740759628], [0.0, 1256.7414812095406, 492.7757465151356], [0.0, 0.0, 1.0]], [[809.2209905677063, 0.0, 829.2196003259838], [0.0, 809.2209905677063, 481.77842384512485], [0.0, 0.0, 1.0]], [[1259.5137405846733, 0.0, 807.2529053838625], [0.0, 1259.5137405846733, 501.19579884916527], [0.0, 0.0, 1.0]]], "extrinsics": [[[0.8213322758674622, -0.5704089999198914, -0.006849957630038261, -0.81085205078125], [0.001890948391519487, 0.014730305410921574, -0.9998896718025208, 1.5085906982421875], [0.5704469680786133, 0.8212286829948425, 0.013177089393138885, -1.174072265625], [0.0, 0.0, 0.0, 1.0]], [[0.006469521671533585, -0.9999217987060547, -0.010702105239033699, 0.006591796875], [-0.003390164813026786, 0.010680336505174637, -0.9999372363090515, 1.519998550415039], [0.9999734163284302, 0.0065053850412368774, -0.0033208036329597235, -1.537109375], [0.0, 0.0, 0.0, 1.0]], [[-0.8325920104980469, -0.5536158084869385, -0.017319969832897186, 0.9312744140625], [0.002236859407275915, 0.027908863499760628, -0.9996079802513123, 1.5039024353027344], [0.5538821220397949, -0.8323044180870056, -0.021998338401317596, -1.1807861328125], [0.0, 0.0, 0.0, 1.0]], [[0.947747528553009, 0.3188770115375519, 0.009598372504115105, -1.1356201171875], [0.010952777229249477, -0.0024545500054955482, -0.9999369382858276, 1.5886296033859253], [-0.3188333511352539, 0.9477930068969727, -0.005818880628794432, -0.1058349609375], [0.0, 0.0, 0.0, 1.0]], [[0.002281766850501299, 0.9999690055847168, 0.00753797497600317, 0.0028076171875], [-0.014501623809337616, 0.007570290006697178, -0.999866247177124, 1.5786457061767578], [-0.9998922348022461, 0.0021721343509852886, 0.014518448151648045, -0.047149658203125], [0.0, 0.0, 0.0, 1.0]], [[-0.9348769187927246, 0.3548625409603119, -0.008814310654997826, 1.0521240234375], [0.018120726570487022, 0.02291056141257286, -0.999573290348053, 1.5530624389648438], [-0.3545091450214386, -0.934637725353241, -0.027848925441503525, -0.0948486328125], [0.0, 0.0, 0.0, 1.0]]], "view": [[0.0, -2.0, 100.0], [-2.0, 0.0, 100.0], [0.0, 0.0, 1.0]], "bev": "bev_c26c92cc645f424c90d6a2dad5f61b22.png", "aux": "aux_c26c92cc645f424c90d6a2dad5f61b22.npz", "visibility": "visibility_c26c92cc645f424c90d6a2dad5f61b22.png", "pose": [[0.9255222678184509, 0.37869319319725037, 0.0, 1195.6812744140625], [-0.37869319319725037, 0.9255222678184509, 0.0, 1582.1685791015625], [0.0, 0.0, 1.0, 0.0], [0.0, 0.0, 0.0, 1.0]], "pose_inverse": [[0.9255222678184509, -0.37869319319725037, 0.0, -507.47314453125], [0.37869319319725037, 0.9255222678184509, 0.0, -1917.128662109375], [0.0, 0.0, 1.0, 0.0], [0.0, 0.0, 0.0, 1.0]], "cam_ids": [0, 1, 2, 3, 4, 5], "cam_channels": ["CAM_FRONT_LEFT", "CAM_FRONT", "CAM_FRONT_RIGHT", "CAM_BACK_LEFT", "CAM_BACK", "CAM_BACK_RIGHT"], "token": "c26c92cc645f424c90d6a2dad5f61b22", "scene": "scene-1080"}, {"images": ["samples/CAM_FRONT_LEFT/n015-2018-11-21-19-38-26+0800__CAM_FRONT_LEFT__1542800432004844.jpg", "samples/CAM_FRONT/n015-2018-11-21-19-38-26+0800__CAM_FRONT__1542800432012460.jpg", "samples/CAM_FRONT_RIGHT/n015-2018-11-21-19-38-26+0800__CAM_FRONT_RIGHT__1542800432020339.jpg", "samples/CAM_BACK_LEFT/n015-2018-11-21-19-38-26+0800__CAM_BACK_LEFT__1542800432047423.jpg", "samples/CAM_BACK/n015-2018-11-21-19-38-26+0800__CAM_BACK__1542800432037525.jpg", "samples/CAM_BACK_RIGHT/n015-2018-11-21-19-38-26+0800__CAM_BACK_RIGHT__1542800432027893.jpg"], "intrinsics": [[[1272.5979470598488, 0.0, 826.6154927353808], [0.0, 1272.5979470598488, 479.75165386361925], [0.0, 0.0, 1.0]], [[1266.417203046554, 0.0, 816.2670197447984], [0.0, 1266.417203046554, 491.50706579294757], [0.0, 0.0, 1.0]], [[1260.8474446004698, 0.0, 807.968244525554], [0.0, 1260.8474446004698, 495.3344268742088], [0.0, 0.0, 1.0]], [[1256.7414812095406, 0.0, 792.1125740759628], [0.0, 1256.7414812095406, 492.7757465151356], [0.0, 0.0, 1.0]], [[809.2209905677063, 0.0, 829.2196003259838], [0.0, 809.2209905677063, 481.77842384512485], [0.0, 0.0, 1.0]], [[1259.5137405846733, 0.0, 807.2529053838625], [0.0, 1259.5137405846733, 501.19579884916527], [0.0, 0.0, 1.0]]], "extrinsics": [[[0.8215384483337402, -0.5700976848602295, -0.007952357642352581, -0.78814697265625], [0.0025451555848121643, 0.01761459931731224, -0.999841570854187, 1.508758544921875], [0.5701474547386169, 0.8213880658149719, 0.01592205837368965, -1.15966796875], [0.0, 0.0, 0.0, 1.0]], [[0.006790702231228352, -0.999884307384491, -0.013610986061394215, 0.0076904296875], [-0.002687101950868964, 0.013593005016446114, -0.9999040365219116, 1.5200366973876953], [0.9999733567237854, 0.006826655939221382, -0.0025944861117750406, -1.51495361328125], [0.0, 0.0, 0.0, 1.0]], [[-0.8324220180511475, -0.5537962317466736, -0.019579432904720306, 0.917236328125], [0.0029836695175617933, 0.030853137373924255, -0.9995194673538208, 1.5040206909179688], [0.55413419008255, -0.8320804238319397, -0.02403048425912857, -1.170654296875], [0.0, 0.0, 0.0, 1.0]], [[0.9477548599243164, 0.3187950551509857, 0.011425549164414406, -1.13671875], [0.011822224594652653, 0.0006906577618792653, -0.9999298453330994, 1.5886220932006836], [-0.3187806010246277, 0.9478234648704529, -0.003114291001111269, -0.1055908203125], [0.0, 0.0, 0.0, 1.0]], [[0.002123118843883276, 0.9999417662620544, 0.010584650561213493, 0.00244140625], [-0.013645934872329235, 0.01061265915632248, -0.9998505711555481, 1.5785999298095703], [-0.9999046325683594, 0.001978377578780055, 0.013667671009898186, -0.0531005859375], [0.0, 0.0, 0.0, 1.0]], [[-0.9349601864814758, 0.354650616645813, -0.008509539067745209, 1.0403594970703125], [0.018918082118034363, 0.02589164674282074, -0.9994857311248779, 1.5533638000488281], [-0.3542478382587433, -0.9346404671669006, -0.03091696836054325, -0.0989990234375], [0.0, 0.0, 0.0, 1.0]]], "view": [[0.0, -2.0, 100.0], [-2.0, 0.0, 100.0], [0.0, 0.0, 1.0]], "bev": "bev_6e184e04e3f24386ab4df0f1e5aa0e6c.png", "aux": "aux_6e184e04e3f24386ab4df0f1e5aa0e6c.npz", "visibility": "visibility_6e184e04e3f24386ab4df0f1e5aa0e6c.png", "pose": [[0.9212237596511841, 0.3890331983566284, 0.0, 1197.8055419921875], [-0.3890331983566284, 0.9212237596511841, 0.0, 1581.2701416015625], [0.0, 0.0, 1.0, 0.0], [0.0, 0.0, 0.0, 1.0]], "pose_inverse": [[0.9212237596511841, -0.3890331983566284, 0.0, -488.2803039550781], [0.3890331983566284, 0.9212237596511841, 0.0, -1922.689697265625], [0.0, 0.0, 1.0, 0.0], [0.0, 0.0, 0.0, 1.0]], "cam_ids": [0, 1, 2, 3, 4, 5], "cam_channels": ["CAM_FRONT_LEFT", "CAM_FRONT", "CAM_FRONT_RIGHT", "CAM_BACK_LEFT", "CAM_BACK", "CAM_BACK_RIGHT"], "token": "6e184e04e3f24386ab4df0f1e5aa0e6c", "scene": "scene-1080"}, {"images": ["samples/CAM_FRONT_LEFT/n015-2018-11-21-19-38-26+0800__CAM_FRONT_LEFT__1542800432504844.jpg", "samples/CAM_FRONT/n015-2018-11-21-19-38-26+0800__CAM_FRONT__1542800432512460.jpg", "samples/CAM_FRONT_RIGHT/n015-2018-11-21-19-38-26+0800__CAM_FRONT_RIGHT__1542800432520339.jpg", "samples/CAM_BACK_LEFT/n015-2018-11-21-19-38-26+0800__CAM_BACK_LEFT__1542800432547423.jpg", "samples/CAM_BACK/n015-2018-11-21-19-38-26+0800__CAM_BACK__1542800432537525.jpg", "samples/CAM_BACK_RIGHT/n015-2018-11-21-19-38-26+0800__CAM_BACK_RIGHT__1542800432527893.jpg"], "intrinsics": [[[1272.5979470598488, 0.0, 826.6154927353808], [0.0, 1272.5979470598488, 479.75165386361925], [0.0, 0.0, 1.0]], [[1266.417203046554, 0.0, 816.2670197447984], [0.0, 1266.417203046554, 491.50706579294757], [0.0, 0.0, 1.0]], [[1260.8474446004698, 0.0, 807.968244525554], [0.0, 1260.8474446004698, 495.3344268742088], [0.0, 0.0, 1.0]], [[1256.7414812095406, 0.0, 792.1125740759628], [0.0, 1256.7414812095406, 492.7757465151356], [0.0, 0.0, 1.0]], [[809.2209905677063, 0.0, 829.2196003259838], [0.0, 809.2209905677063, 481.77842384512485], [0.0, 0.0, 1.0]], [[1259.5137405846733, 0.0, 807.2529053838625], [0.0, 1259.5137405846733, 501.19579884916527], [0.0, 0.0, 1.0]]], "extrinsics": [[[0.8219937682151794, -0.5694555640220642, -0.006821173708885908, -0.749755859375], [0.005217105150222778, 0.01950671896338463, -0.9997960925102234, 1.5095977783203125], [0.5694724917411804, 0.8217905759811401, 0.019005313515663147, -1.1319580078125], [0.0, 0.0, 0.0, 1.0]], [[0.007440117187798023, -0.9998525977134705, -0.015468236058950424, 0.0069580078125], [-6.2850936956238e-05, 0.015468197874724865, -0.9998804330825806, 1.5205097198486328], [0.9999722838401794, 0.007440237794071436, 5.224355118116364e-05, -1.475372314453125], [0.0, 0.0, 0.0, 1.0]], [[-0.832105278968811, -0.5541505217552185, -0.022757114842534065, 0.8905029296875], [0.0055456203408539295, 0.032716814428567886, -0.9994492530822754, 1.5045928955078125], [0.5545899271965027, -0.8317732214927673, -0.024150723591446877, -1.15380859375], [0.0, 0.0, 0.0, 1.0]], [[0.947718620300293, 0.31878969073295593, 0.0142268817871809, -1.12939453125], [0.014172568917274475, 0.002490039449185133, -0.9998964667320251, 1.5887460708618164], [-0.31879207491874695, 0.9478222131729126, -0.002158211311325431, -0.107666015625], [0.0, 0.0, 0.0, 1.0]], [[0.0019130645086988807, 0.9999207854270935, 0.012443238869309425, 0.003173828125], [-0.011211520992219448, 0.012463926337659359, -0.9998594522476196, 1.5785713195800781], [-0.9999352693557739, 0.0017733313143253326, 0.011234475299715996, -0.068267822265625], [0.0, 0.0, 0.0, 1.0]], [[-0.9350585341453552, 0.35434621572494507, -0.01020888052880764, 1.01812744140625], [0.02142912521958351, 0.02775501273572445, -0.9993850588798523, 1.5541458129882812], [-0.3538450002670288, -0.9347023367881775, -0.03354589641094208, -0.1082763671875], [0.0, 0.0, 0.0, 1.0]]], "view": [[0.0, -2.0, 100.0], [-2.0, 0.0, 100.0], [0.0, 0.0, 1.0]], "bev": "bev_f85e994249de4757a84871ed452ad147.png", "aux": "aux_f85e994249de4757a84871ed452ad147.npz", "visibility": "visibility_f85e994249de4757a84871ed452ad147.png", "pose": [[0.9127662181854248, 0.40848231315612793, 0.0, 1200.2716064453125], [-0.40848231315612793, 0.9127662181854248, 0.0, 1580.18115234375], [0.0, 0.0, 1.0, 0.0], [0.0, 0.0, 0.0, 1.0]], "pose_inverse": [[0.9127662181854248, -0.40848231315612793, 0.0, -450.09130859375], [0.40848231315612793, 0.9127662181854248, 0.0, -1932.625732421875], [0.0, 0.0, 1.0, 0.0], [0.0, 0.0, 0.0, 1.0]], "cam_ids": [0, 1, 2, 3, 4, 5], "cam_channels": ["CAM_FRONT_LEFT", "CAM_FRONT", "CAM_FRONT_RIGHT", "CAM_BACK_LEFT", "CAM_BACK", "CAM_BACK_RIGHT"], "token": "f85e994249de4757a84871ed452ad147", "scene": "scene-1080"}, {"images": ["samples/CAM_FRONT_LEFT/n015-2018-11-21-19-38-26+0800__CAM_FRONT_LEFT__1542800433004844.jpg", "samples/CAM_FRONT/n015-2018-11-21-19-38-26+0800__CAM_FRONT__1542800433012460.jpg", "samples/CAM_FRONT_RIGHT/n015-2018-11-21-19-38-26+0800__CAM_FRONT_RIGHT__1542800433020339.jpg", "samples/CAM_BACK_LEFT/n015-2018-11-21-19-38-26+0800__CAM_BACK_LEFT__1542800433047423.jpg", "samples/CAM_BACK/n015-2018-11-21-19-38-26+0800__CAM_BACK__1542800433037525.jpg", "samples/CAM_BACK_RIGHT/n015-2018-11-21-19-38-26+0800__CAM_BACK_RIGHT__1542800433027893.jpg"], "intrinsics": [[[1272.5979470598488, 0.0, 826.6154927353808], [0.0, 1272.5979470598488, 479.75165386361925], [0.0, 0.0, 1.0]], [[1266.417203046554, 0.0, 816.2670197447984], [0.0, 1266.417203046554, 491.50706579294757], [0.0, 0.0, 1.0]], [[1260.8474446004698, 0.0, 807.968244525554], [0.0, 1260.8474446004698, 495.3344268742088], [0.0, 0.0, 1.0]], [[1256.7414812095406, 0.0, 792.1125740759628], [0.0, 1256.7414812095406, 492.7757465151356], [0.0, 0.0, 1.0]], [[809.2209905677063, 0.0, 829.2196003259838], [0.0, 809.2209905677063, 481.77842384512485], [0.0, 0.0, 1.0]], [[1259.5137405846733, 0.0, 807.2529053838625], [0.0, 1259.5137405846733, 501.19579884916527], [0.0, 0.0, 1.0]]], "extrinsics": [[[0.8218838572502136, -0.5695708990097046, -0.009792249649763107, -0.71868896484375], [0.003070252016186714, 0.021618563681840897, -0.9997615814208984, 1.5091590881347656], [0.5696467757225037, 0.8216578364372253, 0.019516676664352417, -1.1099853515625], [0.0, 0.0, 0.0, 1.0]], [[0.007268550805747509, -0.9998184442520142, -0.017615245655179024, 0.00732421875], [-0.0021481269504874945, 0.017600059509277344, -0.9998428225517273, 1.5199947357177734], [0.999971330165863, 0.007305270992219448, -0.002019809326156974, -1.44390869140625], [0.0, 0.0, 0.0, 1.0]], [[-0.832210898399353, -0.5540120005607605, -0.022265877574682236, 0.8699951171875], [0.0035275565460324287, 0.03486663103103638, -0.9993857145309448, 1.5043258666992188], [0.5544479489326477, -0.8317781686782837, -0.027062078937888145, -1.1402587890625], [0.0, 0.0, 0.0, 1.0]], [[0.9477105140686035, 0.31886306405067444, 0.013086026534438133, -1.12664794921875], [0.012279144488275051, 0.00454060360789299, -0.999914288520813, 1.588759422302246], [-0.3188951015472412, 0.9477899074554443, 0.00038781168404966593, -0.1083984375], [0.0, 0.0, 0.0, 1.0]], [[0.0019477169262245297, 0.9998924732208252, 0.014537589624524117, 0.0030517578125], [-0.013134845532476902, 0.01456194464117288