[{"images": ["samples/CAM_FRONT_LEFT/n008-2018-08-29-16-04-13-0400__CAM_FRONT_LEFT__1535573490004799.jpg", "samples/CAM_FRONT/n008-2018-08-29-16-04-13-0400__CAM_FRONT__1535573490012404.jpg", "samples/CAM_FRONT_RIGHT/n008-2018-08-29-16-04-13-0400__CAM_FRONT_RIGHT__1535573490020482.jpg", "samples/CAM_BACK_LEFT/n008-2018-08-29-16-04-13-0400__CAM_BACK_LEFT__1535573490047405.jpg", "samples/CAM_BACK/n008-2018-08-29-16-04-13-0400__CAM_BACK__1535573490037562.jpg", "samples/CAM_BACK_RIGHT/n008-2018-08-29-16-04-13-0400__CAM_BACK_RIGHT__1535573490028135.jpg"], "intrinsics": [[[1257.8625342125129, 0.0, 827.2410631095686], [0.0, 1257.8625342125129, 450.915498205774], [0.0, 0.0, 1.0]], [[1252.8131021185304, 0.0, 826.588114781398], [0.0, 1252.8131021185304, 469.9846626224581], [0.0, 0.0, 1.0]], [[1256.7485116440405, 0.0, 817.7887570959712], [0.0, 1256.7485116440403, 451.9541780095127], [0.0, 0.0, 1.0]], [[1254.9860565800168, 0.0, 829.5769333630991], [0.0, 1254.9860565800168, 467.1680561863987], [0.0, 0.0, 1.0]], [[796.8910634503094, 0.0, 857.7774326863696], [0.0, 796.8910634503094, 476.8848988407415], [0.0, 0.0, 1.0]], [[1249.9629280788233, 0.0, 825.3768045375984], [0.0, 1249.9629280788233, 462.54816385708756], [0.0, 0.0, 1.0]]], "extrinsics": [[[0.8228322863578796, -0.5682486295700073, -0.006372296251356602, -0.93353271484375], [0.006674979813396931, 0.020876700058579445, -0.9997597336769104, 1.4888763427734375], [0.5682451128959656, 0.8225920796394348, 0.020971069112420082, -1.283935546875], [0.0, 0.0, 0.0, 1.0]], [[0.010673336684703827, -0.9998041391372681, -0.016667107120156288, 0.006103515625], [0.008570426143705845, 0.016758913174271584, -0.9998227953910828, 1.4807796478271484], [0.9999063014984131, 0.010528572835028172, 0.008747621439397335, -1.6631622314453125], [0.0, 0.0, 0.0, 1.0]], [[-0.8438085913658142, -0.5363330245018005, -0.018276439979672432, 1.0440673828125], [0.016529617831110954, 0.008064978756010532, -0.9998308420181274, 1.4939861297607422], [0.5363897085189819, -0.8439679741859436, 0.0020600808784365654, -1.2479248046875], [0.0, 0.0, 0.0, 1.0]], [[0.9478793740272522, 0.31862717866897583, -0.001228027744218707, -1.14300537109375], [-0.009070677682757378, 0.023131297901272774, -0.9996913075447083, 1.5620307922363281], [-0.31850042939186096, 0.9475979208946228, 0.024815844371914864, -0.1566162109375], [0.0, 0.0, 0.0, 1.0]], [[0.009099950082600117, 0.9998368620872498, 0.015601822175085545, -0.028564453125], [-0.00686335563659668, 0.01566455140709877, -0.9998536705970764, 1.5679187774658203], [-0.99993497133255, 0.008991532027721405, 0.0070047820918262005, 0.02332305908203125], [0.0, 0.0, 0.0, 1.0]], [[-0.9238232970237732, 0.3828190565109253, -0.0002981966536026448, 1.123779296875], [-0.002584564033895731, -0.007016029208898544, -0.9999720454216003, 1.5477094650268555], [-0.38281041383743286, -0.9237967133522034, 0.007470990996807814, -0.05908203125], [0.0, 0.0, 0.0, 1.0]]], "view": [[0.0, -2.0, 100.0], [-2.0, 0.0, 100.0], [0.0, 0.0, 1.0]], "bev": "bev_bb70d5b1724544c9a5f53e124b6e798c.png", "aux": "aux_bb70d5b1724544c9a5f53e124b6e798c.npz", "visibility": "visibility_bb70d5b1724544c9a5f53e124b6e798c.png", "pose": [[-0.8977457880973816, -0.44051393866539, 0.0, 612.3558349609375], [0.44051393866539, -0.8977457880973816, 0.0, 1505.1278076171875], [0.0, 0.0, 1.0, 0.0], [0.0, 0.0, 0.0, 1.0]], "pose_inverse": [[-0.8977457880973816, 0.44051393866539, 0.0, -113.2899398803711], [-0.44051393866539, -0.8977457880973816, 0.0, 1620.973388671875], [0.0, 0.0, 1.0, 0.0], [0.0, 0.0, 0.0, 1.0]], "cam_ids": [0, 1, 2, 3, 4, 5], "cam_channels": ["CAM_FRONT_LEFT", "CAM_FRONT", "CAM_FRONT_RIGHT", "CAM_BACK_LEFT", "CAM_BACK", "CAM_BACK_RIGHT"], "token": "bb70d5b1724544c9a5f53e124b6e798c", "scene": "scene-0712"}, {"images": ["samples/CAM_FRONT_LEFT/n008-2018-08-29-16-04-13-0400__CAM_FRONT_LEFT__1535573490504799.jpg", "samples/CAM_FRONT/n008-2018-08-29-16-04-13-0400__CAM_FRONT__1535573490512404.jpg", "samples/CAM_FRONT_RIGHT/n008-2018-08-29-16-04-13-0400__CAM_FRONT_RIGHT__1535573490520482.jpg", "samples/CAM_BACK_LEFT/n008-2018-08-29-16-04-13-0400__CAM_BACK_LEFT__1535573490547405.jpg", "samples/CAM_BACK/n008-2018-08-29-16-04-13-0400__CAM_BACK__1535573490537558.jpg", "samples/CAM_BACK_RIGHT/n008-2018-08-29-16-04-13-0400__CAM_BACK_RIGHT__1535573490528113.jpg"], "intrinsics": [[[1257.8625342125129, 0.0, 827.2410631095686], [0.0, 1257.8625342125129, 450.915498205774], [0.0, 0.0, 1.0]], [[1252.8131021185304, 0.0, 826.588114781398], [0.0, 1252.8131021185304, 469.9846626224581], [0.0, 0.0, 1.0]], [[1256.7485116440405, 0.0, 817.7887570959712], [0.0, 1256.7485116440403, 451.9541780095127], [0.0, 0.0, 1.0]], [[1254.9860565800168, 0.0, 829.5769333630991], [0.0, 1254.9860565800168, 467.1680561863987], [0.0, 0.0, 1.0]], [[796.8910634503094, 0.0, 857.7774326863696], [0.0, 796.8910634503094, 476.8848988407415], [0.0, 0.0, 1.0]], [[1249.9629280788233, 0.0, 825.3768045375984], [0.0, 1249.9629280788233, 462.54816385708756], [0.0, 0.0, 1.0]]], "extrinsics": [[[0.8227825164794922, -0.568303644657135, -0.007749804295599461, -0.9063720703125], [0.0051989140920341015, 0.021160414442420006, -0.9997625350952148, 1.488922119140625], [0.5683325529098511, 0.8225468397140503, 0.020364979282021523, -1.264892578125], [0.0, 0.0, 0.0, 1.0]], [[0.010591565631330013, -0.999799370765686, -0.01699933409690857, 0.0062255859375], [0.007115199230611324, 0.01707521267235279, -0.9998289346694946, 1.4808712005615234], [0.9999185800552368, 0.010468753054738045, 0.007294625509530306, -1.635772705078125], [0.0, 0.0, 0.0, 1.0]], [[-0.8438567519187927, -0.5362909436225891, -0.01725548878312111, 1.02587890625], [0.015096488408744335, 0.00841639842838049, -0.9998506307601929, 1.4942302703857422], [0.5363560318946838, -0.8439911603927612, 0.0009938750881701708, -1.236572265625], [0.0, 0.0, 0.0, 1.0]], [[0.9478736519813538, 0.3186380863189697, -0.0022701199632138014, -1.142242431640625], [-0.010406041517853737, 0.0238334983587265, -0.9996618032455444, 1.5620269775390625], [-0.31847622990608215, 0.9475767612457275, 0.025906909257173538, -0.15673828125], [0.0, 0.0, 0.0, 1.0]], [[0.009131926111876965, 0.9998285174369812, 0.01611405238509178, -0.028564453125], [-0.008245635777711868, 0.016189469024538994, -0.9998348951339722, 1.5678176879882812], [-0.9999243021011353, 0.008997615426778793, 0.008392062969505787, 0.0147705078125], [0.0, 0.0, 0.0, 1.0]], [[-0.9238119125366211, 0.3828447461128235, 0.0011614677496254444, 1.1092529296875], [-0.003996355924755335, -0.006609593518078327, -0.9999701380729675, 1.5475883483886719], [-0.382825642824173, -0.9237890243530273, 0.007636005990207195, -0.065185546875], [0.0, 0.0, 0.0, 1.0]]], "view": [[0.0, -2.0, 100.0], [-2.0, 0.0, 100.0], [0.0, 0.0, 1.0]], "bev": "bev_351fcb1fab18471bb8b9cf6fb34d0525.png", "aux": "aux_351fcb1fab18471bb8b9cf6fb34d0525.npz", "visibility": "visibility_351fcb1fab18471bb8b9cf6fb34d0525.png", "pose": [[-0.8946644067764282, -0.4467388093471527, 0.0, 611.2460327148438], [0.4467388093471527, -0.8946644067764282, 0.0, 1505.679443359375], [0.0, 0.0, 1.0, 0.0], [0.0, 0.0, 0.0, 1.0]], "pose_inverse": [[-0.8946644067764282, 0.4467388093471527, 0.0, -125.78533172607422], [-0.4467388093471527, -0.8946644067764282, 0.0, 1620.1451416015625], [0.0, 0.0, 1.0, 0.0], [0.0, 0.0, 0.0, 1.0]], "cam_ids": [0, 1, 2, 3, 4, 5], "cam_channels": ["CAM_FRONT_LEFT", "CAM_FRONT", "CAM_FRONT_RIGHT", "CAM_BACK_LEFT", "CAM_BACK", "CAM_BACK_RIGHT"], "token": "351fcb1fab18471bb8b9cf6fb34d0525", "scene": "scene-0712"}, {"images": ["samples/CAM_FRONT_LEFT/n008-2018-08-29-16-04-13-0400__CAM_FRONT_LEFT__1535573491004799.jpg", "samples/CAM_FRONT/n008-2018-08-29-16-04-13-0400__CAM_FRONT__1535573491012483.jpg", "samples/CAM_FRONT_RIGHT/n008-2018-08-29-16-04-13-0400__CAM_FRONT_RIGHT__1535573491020482.jpg", "samples/CAM_BACK_LEFT/n008-2018-08-29-16-04-13-0400__CAM_BACK_LEFT__1535573491047405.jpg", "samples/CAM_BACK/n008-2018-08-29-16-04-13-0400__CAM_BACK__1535573491037558.jpg", "samples/CAM_BACK_RIGHT/n008-2018-08-29-16-04-13-0400__CAM_BACK_RIGHT__1535573491028113.jpg"], "intrinsics": [[[1257.8625342125129, 0.0, 827.2410631095686], [0.0, 1257.8625342125129, 450.915498205774], [0.0, 0.0, 1.0]], [[1252.8131021185304, 0.0, 826.588114781398], [0.0, 1252.8131021185304, 469.9846626224581], [0.0, 0.0, 1.0]], [[1256.7485116440405, 0.0, 817.7887570959712], [0.0, 1256.7485116440403, 451.9541780095127], [0.0, 0.0, 1.0]], [[1254.9860565800168, 0.0, 829.5769333630991], [0.0, 1254.9860565800168, 467.1680561863987], [0.0, 0.0, 1.0]], [[796.8910634503094, 0.0, 857.7774326863696], [0.0, 796.8910634503094, 476.8848988407415], [0.0, 0.0, 1.0]], [[1249.9629280788233, 0.0, 825.3768045375984], [0.0, 1249.9629280788233, 462.54816385708756], [0.0, 0.0, 1.0]]], "extrinsics": [[[0.8223620653152466, -0.5688832402229309, -0.009620273485779762, -0.8946533203125], [0.00023731203691568226, 0.01725134253501892, -0.9998511672019958, 1.4883232116699219], [0.5689645409584045, 0.8222373723983765, 0.01432185061275959, -1.257080078125], [0.0, 0.0, 0.0, 1.0]], [[0.009979053400456905, -0.9998629689216614, -0.013207551091909409, 0.006591796875], [0.0019257876556366682, 0.013227401301264763, -0.9999106526374817, 1.4803791046142578], [0.9999483227729797, 0.009952744469046593, 0.002057520439848304, -1.6239700317382812], [0.0, 0.0, 0.0, 1.0]], [[-0.8441504240036011, -0.5360006093978882, -0.010645125061273575, 1.0177001953125], [0.009670412167906761, 0.0046291532926261425, -0.9999424815177917, 1.4939088821411133], [0.5360191464424133, -0.8442049622535706, 0.0012756448704749346, -1.2310791015625], [0.0, 0.0, 0.0, 1.0]], [[0.9478492736816406, 0.3185919225215912, -0.00899957213550806, -1.14007568359375], [-0.016280734911561012, 0.02019868604838848, -0.9996634125709534, 1.5619773864746094], [-0.3183028995990753, 0.9476767182350159, 0.02433221973478794, -0.1573486328125], [0.0, 0.0, 0.0, 1.0]], [[0.009364739991724491, 0.9998795390129089, 0.012374304234981537, -0.0284423828125], [-0.014015283435583115, 0.012504875659942627, -0.9998235106468201, 1.5675830841064453], [-0.9998579621315002, 0.009189662523567677, 0.014130701310932636, 0.0099945068359375], [0.0, 0.0, 0.0, 1.0]], [[-0.9236850142478943, 0.38312119245529175, 0.004910129122436047, 1.10223388671875], [-0.009604763239622116, -0.010341727174818516, -0.9999004006385803, 1.5472049713134766], [-0.3830322325229645, -0.9236401319503784, 0.013232287019491196, -0.0679931640625], [0.0, 0.0, 0.0, 1.0]]], "view": [[0.0, -2.0, 100.0], [-2.0, 0.0, 100.0], [0.0, 0.0, 1.0]], "bev": "bev_b701702a4f204c0a86ddf4d02e833420.png", "aux": "aux_b701702a4f204c0a86ddf4d02e833420.npz", "visibility": "visibility_b701702a4f204c0a86ddf4d02e833420.png", "pose": [[-0.8943544030189514, -0.447359174489975, 0.0, 609.9521484375], [0.447359174489975, -0.8943544030189514, 0.0, 1506.3302001953125], [0.0, 0.0, 1.0, 0.0], [0.0, 0.0, 0.0, 1.0]], "pose_inverse": [[-0.8943544030189514, 0.447359174489975, 0.0, -128.35723876953125], [-0.447359174489975, -0.8943544030189514, 0.0, 1620.0606689453125], [0.0, 0.0, 1.0, 0.0], [0.0, 0.0, 0.0, 1.0]], "cam_ids": [0, 1, 2, 3, 4, 5], "cam_channels": ["CAM_FRONT_LEFT", "CAM_FRONT", "CAM_FRONT_RIGHT", "CAM_BACK_LEFT", "CAM_BACK", "CAM_BACK_RIGHT"], "token": "b701702a4f204c0a86ddf4d02e833420", "scene": "scene-0712"}, {"images": ["samples/CAM_FRONT_LEFT/n008-2018-08-29-16-04-13-0400__CAM_FRONT_LEFT__1535573491404799.jpg", "samples/CAM_FRONT/n008-2018-08-29-16-04-13-0400__CAM_FRONT__1535573491412404.jpg", "samples/CAM_FRONT_RIGHT/n008-2018-08-29-16-04-13-0400__CAM_FRONT_RIGHT__1535573491420482.jpg", "samples/CAM_BACK_LEFT/n008-2018-08-29-16-04-13-0400__CAM_BACK_LEFT__1535573491447405.jpg", "samples/CAM_BACK/n008-2018-08-29-16-04-13-0400__CAM_BACK__1535573491437558.jpg", "samples/CAM_BACK_RIGHT/n008-2018-08-29-16-04-13-0400__CAM_BACK_RIGHT__1535573491428113.jpg"], "intrinsics": [[[1257.8625342125129, 0.0, 827.2410631095686], [0.0, 1257.8625342125129, 450.915498205774], [0.0, 0.0, 1.0]], [[1252.8131021185304, 0.0, 826.588114781398], [0.0, 1252.8131021185304, 469.9846626224581], [0.0, 0.0, 1.0]], [[1256.7485116440405, 0.0, 817.7887570959712], [0.0, 1256.7485116440403, 451.9541780095127], [0.0, 0.0, 1.0]], [[1254.9860565800168, 0.0, 829.5769333630991], [0.0, 1254.9860565800168, 467.1680561863987], [0.0, 0.0, 1.0]], [[796.8910634503094, 0.0, 857.7774326863696], [0.0, 796.8910634503094, 476.8848988407415], [0.0, 0.0, 1.0]], [[1249.9629280788233, 0.0, 825.3768045375984], [0.0, 1249.9629280788233, 462.54816385708756], [0.0, 0.0, 1.0]]], "extrinsics": [[[0.822426974773407, -0.5684758424758911, -0.02118884213268757, -0.9114990234375], [-0.00982853677123785, 0.023042207583785057, -0.9996861815452576, 1.4871635437011719], [0.5687856674194336, 0.8223772048950195, 0.013363247737288475, -1.26953125], [0.0, 0.0, 0.0, 1.0]], [[0.010148760862648487, -0.9997671842575073, -0.019041653722524643, 0.0069580078125], [-0.008166898973286152, 0.018959127366542816, -0.999786913394928, 1.4793891906738281], [0.9999151229858398, 0.010302099399268627, -0.007972587831318378, -1.6414718627929688], [0.0, 0.0, 0.0, 1.0]], [[-0.8440842628479004, -0.5361859202384949, -0.005139161366969347, 1.02972412109375], [-0.00045574273099191487, 0.010301601141691208, -0.9999468326568604, 1.4930343627929688], [0.5362103581428528, -0.8440370559692383, -0.008939783088862896, -1.23828125], [0.0, 0.0, 0.0, 1.0]], [[0.9476794600486755, 0.31877070665359497, -0.016994507983326912, -1.141021728515625], [-0.026510657742619514, 0.025537531822919846, -0.999322235584259, 1.5619621276855469], [-0.31812068819999695, 0.9474877119064331, 0.03265221789479256, -0.1571044921875], [0.0, 0.0, 0.0, 1.0]], [[0.009361357428133488, 0.9997984170913696, 0.01775745116174221, -0.028564453125], [-0.02421301044523716, 0.017979662865400314, -0.9995450973510742, 1.5673713684082031], [-0.9996629357337952, 0.008927124552428722, 0.02437644451856613, 0.015869140625], [0.0, 0.0, 0.0, 1.0]], [[-0.9236593246459961, 0.3828624188899994, 0.016422871500253677, 1.11175537109375], [-0.01974647492170334, -0.004752454347908497, -0.9997937083244324, 1.5467705726623535], [-0.3827053904533386, -0.9237931370735168, 0.011949833482503891, -0.0635986328125], [0.0, 0.0, 0.0, 1.0]]], "view": [[0.0, -2.0, 100.0], [-2.0, 0.0, 100.0], [0.0, 0.0, 1.0]], "bev": "bev_3b0bafab7a3549a287454ad9a2b7bca3.png", "aux": "aux_3b0bafab7a3549a287454ad9a2b7bca3.npz", "visibility": "visibility_3b0bafab7a3549a287454ad9a2b7bca3.png", "pose": [[-0.8951950669288635, -0.44567447900772095, 0.0, 608.9260864257812], [0.44567447900772095, -0.8951950669288635, 0.0, 1506.844482421875], [0.0, 0.0, 1.0, 0.0], [0.0, 0.0, 0.0, 1.0]], "pose_inverse": [[-0.8951950669288635, 0.44567447900772095, 0.0, -126.45449829101562], [-0.44567447900772095, -0.8951950669288635, 0.0, 1620.3026123046875], [0.0, 0.0, 1.0, 0.0], [0.0, 0.0, 0.0, 1.0]], "cam_ids": [0, 1, 2, 3, 4, 5], "cam_channels": ["CAM_FRONT_LEFT", "CAM_FRONT", "CAM_FRONT_RIGHT", "CAM_BACK_LEFT", "CAM_BACK", "CAM_BACK_RIGHT"], "token": "3b0bafab7a3549a287454ad9a2b7bca3", "scene": "scene-0712"}, {"images": ["samples/CAM_FRONT_LEFT/n008-2018-08-29-16-04-13-0400__CAM_FRONT_LEFT__1535573491854799.jpg", "samples/CAM_FRONT/n008-2018-08-29-16-04-13-0400__CAM_FRONT__1535573491862404.jpg", "samples/CAM_FRONT_RIGHT/n008-2018-08-29-16-04-13-0400__CAM_FRONT_RIGHT__1535573491870482.jpg", "samples/CAM_BACK_LEFT/n008-2018-08-29-16-04-13-0400__CAM_BACK_LEFT__1535573491897405.jpg", "samples/CAM_BACK/n008-2018-08-29-16-04-13-0400__CAM_BACK__1535573491887558.jpg", "samples/CAM_BACK_RIGHT/n008-2018-08-29-16-04-13-0400__CAM_BACK_RIGHT__1535573491878113.jpg"], "intrinsics": [[[1257.8625342125129, 0.0, 827.2410631095686], [0.0, 1257.8625342125129, 450.915498205774], [0.0, 0.0, 1.0]], [[1252.8131021185304, 0.0, 826.588114781398], [0.0, 1252.8131021185304, 469.9846626224581], [0.0, 0.0, 1.0]], [[1256.7485116440405, 0.0, 817.7887570959712], [0.0, 1256.7485116440403, 451.9541780095127], [0.0, 0.0, 1.0]], [[1254.9860565800168, 0.0, 829.5769333630991], [0.0, 1254.9860565800168, 467.1680561863987], [0.0, 0.0, 1.0]], [[796.8910634503094, 0.0, 857.7774326863696], [0.0, 796.8910634503094, 476.8848988407415], [0.0, 0.0, 1.0]], [[1249.9629280788233, 0.0, 825.3768045375984], [0.0, 1249.9629280788233, 462.54816385708756], [0.0, 0.0, 1.0]]], "extrinsics": [[[0.82246994972229, -0.5684566497802734, -0.02000693790614605, -0.96014404296875], [-0.00835133995860815, 0.023101450875401497, -0.9996982216835022, 1.4878273010253906], [0.5687471628189087, 0.8223888278007507, 0.01425287313759327, -1.30322265625], [0.0, 0.0, 0.0, 1.0]], [[0.010193363763391972, -0.9997677206993103, -0.018985478207468987, 0.00634765625], [-0.006264034658670425, 0.01892225071787834, -0.9998013377189636, 1.4798717498779297], [0.9999282956123352, 0.010310245677828789, -0.006069697439670563, -1.6901321411132812], [0.0, 0.0, 0.0, 1.0]], [[-0.8440690040588379, -0.5361880660057068, -0.0070517160929739475, 1.06170654296875], [0.0018797862576320767, 0.010191697627305984, -0.9999462962150574, 1.493133544921875], [0.5362311601638794, -0.8440369963645935, -0.007594577968120575, -1.2587890625], [0.0, 0.0, 0.0, 1.0]], [[0.9477365612983704, 0.3187536299228668, -0.01383992563933134, -1.142669677734375], [-0.023106256499886513, 0.025307470932602882, -0.9994126558303833, 1.5620155334472656], [-0.31821611523628235, 0.947499692440033, 0.031350020319223404, -0.156494140625], [0.0, 0.0, 0.0, 1.0]], [[0.00932766031473875, 0.9998015761375427, 0.01759868673980236, -0.0289306640625], [-0.021128179505467415, 0.017792578786611557, -0.999618411064148, 1.5677680969238281], [-0.9997332692146301, 0.008952254429459572, 0.021289952099323273, 0.0307159423828125], [0.0, 0.0, 0.0, 1.0]], [[-0.9236971139907837, 0.3828713893890381, 0.013891812413930893, 1.1373291015625], [-0.017068099230527878, -0.0049001616425812244, -0.9998423457145691, 1.5473833084106445], [-0.3827430307865143, -0.9237886071205139, 0.011061153374612331, -0.0531005859375], [0.0, 0.0, 0.0, 1.0]]], "view": [[0.0, -2.0, 100.0], [-2.0, 0.0, 100.0], [0.0, 0.0, 1.0]], "bev": "bev_f1d27fa3b2c0484891d3002003d779a4.png", "aux": "aux_f1d27fa3b2c0484891d3002003d779a4.npz", "visibility": "visibility_f1d27fa3b2c0484891d3002003d779a4.png", "pose": [[-0.895906925201416, -0.4442417621612549, 0.0, 608.2080078125], [0.4442417621612549, -0.895906925201416, 0.0, 1507.209716796875], [0.0, 0.0, 1.0, 0.0], [0.0, 0.0, 0.0, 1.0]], "pose_inverse": [[-0.895906925201416, 0.4442417621612549, 0.0, -124.667724609375], [-0.4442417621612549, -0.895906925201416, 0.0, 1620.5111083984375], [0.0, 0.0, 1.0, 0.0], [0.0, 0.0, 0.0, 1.0]], "cam_ids": [0, 1, 2, 3, 4, 5], "cam_channels": ["CAM_FRONT_LEFT", "CAM_FRONT", "CAM_FRONT_RIGHT", "CAM_BACK_LEFT", "CAM_BACK", "CAM_BACK_RIGHT"], "token": "f1d27fa3b2c0484891d3002003d779a4", "scene": "scene-0712"}, {"images": ["samples/CAM_FRONT_LEFT/n008-2018-08-29-16-04-13-0400__CAM_FRONT_LEFT__1535573492354799.jpg", "samples/CAM_FRONT/n008-2018-08-29-16-04-13-0400__CAM_FRONT__1535573492362404.jpg", "samples/CAM_FRONT_RIGHT/n008-2018-08-29-16-04-13-0400__CAM_FRONT_RIGHT__1535573492370482.jpg", "samples/CAM_BACK_LEFT/n008-2018-08-29-16-04-13-0400__CAM_BACK_LEFT__1535573492397405.jpg", "samples/CAM_BACK/n008-2018-08-29-16-04-13-0400__CAM_BACK__1535573492387558.jpg", "samples/CAM_BACK_RIGHT/n008-2018-08-29-16-04-13-0400__CAM_BACK_RIGHT__1535573492378113.jpg"], "intrinsics": [[[1257.8625342125129, 0.0, 827.2410631095686], [0.0, 1257.8625342125129, 450.915498205774], [0.0, 0.0, 1.0]], [[1252.8131021185304, 0.0, 826.588114781398], [0.0, 1252.8131021185304, 469.9846626224581], [0.0, 0.0, 1.0]], [[1256.7485116440405, 0.0, 817.7887570959712], [0.0, 1256.7485116440403, 451.9541780095127], [0.0, 0.0, 1.0]], [[1254.9860565800168, 0.0, 829.5769333630991], [0.0, 1254.9860565800168, 467.1680561863987], [0.0, 0.0, 1.0]], [[796.8910634503094, 0.0, 857.7774326863696], [0.0, 796.8910634503094, 476.8848988407415], [0.0, 0.0, 1.0]], [[1249.9629280788233, 0.0, 825.3768045375984], [0.0, 1249.9629280788233, 462.54816385708756], [0.0, 0.0, 1.0]]], "extrinsics": [[[0.822284460067749, -0.5688211917877197, -0.017053809016942978, -0.98333740234375], [-0.0054346052929759026, 0.02211696282029152, -0.9997406005859375, 1.4881439208984375], [0.5690508484840393, 0.8221638798713684, 0.015095114707946777, -1.3187255859375], [0.0, 0.0, 0.0, 1.0]], [[0.00988531019538641, -0.999787449836731, -0.01808975636959076, 0.005615234375], [-0.0035294441040605307, 0.018055642023682594, -0.9998307824134827, 1.4800872802734375], [0.9999449253082275, 0.009947462007403374, -0.0033502071164548397, -1.7129364013671875], [0.0, 0.0, 0.0, 1.0]], [[-0.844205379486084, -0.5359477400779724, -0.008797707036137581, 1.07635498046875], [0.004443436861038208, 0.009415204636752605, -0.9999457597732544, 1.4931459426879883], [0.5360015034675598, -0.8441987037658691, -0.005566917359828949, -1.268310546875], [0.0, 0.0, 0.0, 1.0]], [[0.9477795958518982, 0.3186999559402466, -0.01201162114739418, -1.143157958984375], [-0.02098885178565979, 0.024749016389250755, -0.9994733333587646, 1.5620269775390625], [-0.3182348310947418, 0.9475324749946594, 0.030145756900310516, -0.1563720703125], [0.0, 0.0, 0.0, 1.0]], [[0.009416744112968445, 0.9998113512992859, 0.016991643235087395, -0.02880859375], [-0.01885157823562622, 0.017166879028081894, -0.9996748566627502, 1.5679340362548828], [-0.9997780323028564, 0.009093370288610458, 0.019009675830602646, 0.03765869140625], [0.0, 0.0, 0.0, 1.0]], [[-0.9236430525779724, 0.38308489322662354, 0.01138102263212204, 1.14910888671875], [-0.014643307775259018, -0.005600756499916315, -0.9998770952224731, 1.5476326942443848], [-0.3829740583896637, -0.9236962199211121, 0.010782728902995586, -0.0482177734375], [0.0, 0.0, 0.0, 1.0]]], "view": [[0.0, -2.0, 100.0], [-2.0, 0.0, 100.0], [0.0, 0.0, 1.0]], "bev": "bev_5ecf7a8bdce54739a9c101966afc11a6.png", "aux": "aux_5ecf7a8bdce54739a9c101966afc11a6.npz", "visibility": "visibility_5ecf7a8bdce54739a9c101966afc11a6.png", "pose": [[-0.8965457081794739, -0.4429512917995453, 0.0, 607.8651733398438], [0.4429512917995453, -0.8965457081794739, 0.0, 1507.3853759765625], [0.0, 0.0, 1.0, 0.0], [0.0, 0.0, 0.0, 1.0]], "pose_inverse": [[-0.8965457081794739, 0.4429512917995453, 0.0, -122.71939086914062], [-0.4429512917995453, -0.8965457081794739, 0.0, 1620.6944580078125], [0.0, 0.0, 1.0, 0.0], [0.0, 0.0, 0.0, 1.0]], "cam_ids": [0, 1, 2, 3, 4, 5], "cam_channels": ["CAM_FRONT_LEFT", "CAM_FRONT", "CAM_FRONT_RIGHT", "CAM_BACK_LEFT", "CAM_BACK", "CAM_BACK_RIGHT"], "token": "5ecf7a8bdce54739a9c101966afc11a6", "scene": "scene-0712"}, {"images": ["samples/CAM_FRONT_LEFT/n008-2018-08-29-16-04-13-0400__CAM_FRONT_LEFT__1535573492854799.jpg", "samples/CAM_FRONT/n008-2018-08-29-16-04-13-0400__CAM_FRONT__1535573492862404.jpg", "samples/CAM_FRONT_RIGHT/n008-2018-08-29-16-04-13-0400__CAM_FRONT_RIGHT__1535573492870482.jpg", "samples/CAM_BACK_LEFT/n008-2018-08-29-16-04-13-0400__CAM_BACK_LEFT__1535573492897405.jpg", "samples/CAM_BACK/n008-2018-08-29-16-04-13-0400__CAM_BACK__1535573492887558.jpg", "samples/CAM_BACK_RIGHT/n008-2018-08-29-16-04-13-0400__CAM_BACK_RIGHT__1535573492878113.jpg"], "intrinsics": [[[1257.8625342125129, 0.0, 827.2410631095686], [0.0, 1257.8625342125129, 450.915498205774], [0.0, 0.0, 1.0]], [[1252.8131021185304, 0.0, 826.588114781398], [0.0, 1252.8131021185304, 469.9846626224581], [0.0, 0.0, 1.0]], [[1256.7485116440405, 0.0, 817.7887570959712], [0.0, 1256.7485116440403, 451.9541780095127], [0.0, 0.0, 1.0]], [[1254.9860565800168, 0.0, 829.5769333630991], [0.0, 1254.9860565800168, 467.1680561863987], [0.0, 0.0, 1.0]], [[796.8910634503094, 0.0, 857.7774326863696], [0.0, 796.8910634503094, 476.8848988407415], [0.0, 0.0, 1.0]], [[1249.9629280788233, 0.0, 825.3768045375984], [0.0, 1249.9629280788233, 462.54816385708756], [0.0, 0.0, 1.0]]], "extrinsics": [[[0.8223779201507568, -0.568590521812439, -0.019982384517788887, -0.99517822265625], [-0.008711307309567928, 0.022533899173140526, -0.9997081160545349, 1.4881820678710938], [0.5688749551773071, 0.8223119974136353, 0.01357821375131607, -1.3272705078125], [0.0, 0.0, 0.0, 1.0]], [[0.010060720145702362, -0.9997785091400146, -0.01848485879600048, 0.006103515625], [-0.006759530398994684, 0.018417375162243843, -0.9998075366020203, 1.4800872802734375], [0.9999265074729919, 0.010183724574744701, -0.006572741083800793, -1.725067138671875], [0.0, 0.0, 0.0, 1.0]], [[-0.8441243767738342, -0.5361105799674988, -0.006269815377891064, 1.0845947265625], [0.0012552946573123336, 0.009717934764921665, -0.999951958656311, 1.4930801391601562], [0.536145806312561, -0.8440917730331421, -0.007530171889811754, -1.2733154296875], [0.0, 0.0, 0.0, 1.0]], [[0.9477246999740601, 0.3187354505062103, -0.01502055861055851, -1.143463134765625], [-0.024200590327382088, 0.02486068196594715, -0.9993979334831238, 1.5620269775390625], [-0.31817013025283813, 0.9475176334381104, 0.031274665147066116, -0.15625], [0.0, 0.0, 0.0, 1.0]], [[0.009373530745506287, 0.9998091459274292, 0.017140798270702362, -0.0289306640625], [-0.022047385573387146, 0.017344024032354355, -0.9996064305305481, 1.5679931640625], [-0.9997129440307617, 0.008991887792944908, 0.02220575325191021, 0.0413970947265625], [0.0, 0.0, 0.0, 1.0]], [[-0.9236608743667603, 0.38293975591659546, 0.014413485303521156, 1.15557861328125], [-0.01782289892435074, -0.00535678630694747, -0.9998267889022827, 1.5477166175842285], [-0.38279619812965393, -0.923757791519165, 0.011772950179874897, -0.0455322265625], [0.0, 0.0, 0.0, 1.0]]], "view": [[0.0, -2.0, 100.0], [-2.0, 0.0, 100.0], [0.0, 0.0, 1.0]], "bev": "bev_0c8a313575f944769ce61e12345323dd.png", "aux": "aux_0c8a313575f944769ce61e12345323dd.npz", "visibility": "visibility_0c8a313575f944769ce61e12345323dd.png", "pose": [[-0.8969100117683411, -0.4422130882740021, 0.0, 607.6566772460938], [0.4422130882740021, -0.8969100117683411, 0.0, 1507.4940185546875], [0.0, 0.0, 1.0, 0.0], [0.0, 0.0, 0.0, 1.0]], "pose_inverse": [[-0.8969100117683411, 0.4422130882740021, 0.0, -121.62022399902344], [-0.4422130882740021, -0.8969100117683411, 0.0, 1620.8001708984375], [0.0, 0.0, 1.0, 0.0], [0.0, 0.0, 0.0, 1.0]], "cam_ids": [0, 1, 2, 3, 4, 5], "cam_channels": ["CAM_FRONT_LEFT", "CAM_FRONT", "CAM_FRONT_RIGHT", "CAM_BACK_LEFT", "CAM_BACK", "CAM_BACK_RIGHT"], "token": "0c8a313575f944769ce61e12345323dd", "scene": "scene-0712"}, {"images": ["samples/CAM_FRONT_LEFT/n008-2018-08-29-16-04-13-0400__CAM_FRONT_LEFT__1535573493354799.jpg", "samples/CAM_FRONT/n008-2018-08-29-16-04-13-0400__CAM_FRONT__1535573493362404.jpg", "samples/CAM_FRONT_RIGHT/n008-2018-08-29-16-04-13-0400__CAM_FRONT_RIGHT__1535573493370482.jpg", "samples/CAM_BACK_LEFT/n008-2018-08-29-16-04-13-0400__CAM_BACK_LEFT__1535573493397405.jpg", "samples/CAM_BACK/n008-2018-08-29-16-04-13-0400__CAM_BACK__1535573493387558.jpg", "samples/CAM_BACK_RIGHT/n008-2018-08-29-16-04-13-0400__CAM_BACK_RIGHT__1535573493378113.jpg"], "intrinsics": [[[1257.8625342125129, 0.0, 827.2410631095686], [0.0, 1257.8625342125129, 450.915498205774], [0.0, 0.0, 1.0]], [[1252.8131021185304, 0.0, 826.588114781398], [0.0, 1252.8131021185304, 469.9846626224581], [0.0, 0.0, 1.0]], [[1256.7485116440405, 0.0, 817.7887570959712], [0.0, 1256.7485116440403, 451.9541780095127], [0.0, 0.0, 1.0]], [[1254.9860565800168, 0.0, 829.5769333630991], [0.0, 1254.9860565800168, 467.1680561863987], [0.0, 0.0, 1.0]], [[796.8910634503094, 0.0, 857.7774326863696], [0.0, 796.8910634503094, 476.8848988407415], [0.0, 0.0, 1.0]], [[1249.9629280788233, 0.0, 825.3768045375984], [0.0, 1249.9629280788233, 462.54816385708756], [0.0, 0.0, 1.0]]], "extrinsics": [[[0.8224028944969177, -0.5687125325202942, -0.014819745905697346, -1.00640869140625], [-0.0024445573799312115, 0.022516706958413124, -0.9997434616088867, 1.4882888793945312], [0.5689003467559814, 0.8222281336784363, 0.01712755300104618, -1.3350830078125], [0.0, 0.0, 0.0, 1.0]], [[0.010041370987892151, -0.9997802376747131, -0.01840125024318695, 0.005615234375], [-0.0005388991557992995, 0.018396764993667603, -0.9998306035995483, 1.4801578521728516], [0.9999493956565857, 0.010049626231193542, -0.0003540516772773117, -1.7365570068359375], [0.0, 0.0, 0.0, 1.0]], [[-0.8441339135169983, -0.5360094308853149, -0.011475217528641224, 1.09197998046875], [0.00741912703961134, 0.009723003953695297, -0.9999251365661621, 1.4930601119995117], [0.5360809564590454, -0.84415602684021, -0.004230796825140715, -1.2779541015625], [0.0, 0.0, 0.0, 1.0]], [[0.9478187561035156, 0.31867551803588867, -0.009243255481123924, -1.144012451171875], [-0.018133495002985, 0.024942005053162575, -0.9995244145393372, 1.5620460510253906], [-0.3182934820652008, 0.9475356340408325, 0.029419202357530594, -0.1561279296875], [0.0, 0.0, 0.0, 1.0]], [[0.009353835135698318, 0.9998074173927307, 0.017254987731575966, -0.029052734375], [-0.0159651767462492, 0.01740286312997341, -0.9997210502624512, 1.5680675506591797], [-0.9998287558555603, 0.00907578133046627, 0.016124887391924858, 0.0448760986328125], [0.0, 0.0, 0.0, 1.0]], [[-0.9236916303634644, 0.38303622603416443, 0.008773759938776493, 1.1614990234375], [-0.011705304495990276, -0.005323405843228102, -0.9999172687530518, 1.547823429107666], [-0.38295778632164, -0.9237179160118103, 0.009400740265846252, -0.0430908203125], [0.0, 0.0, 0.0, 1.0]]], "view": [[0.0, -2.0, 100.0], [-2.0, 0.0, 100.0], [0.0, 0.0, 1.0]], "bev": "bev_d54c9b2aef3e47f29a9ddff53c5e68f5.png", "aux": "aux_d54c9b2aef3e47f29a9ddff53c5e68f5.npz", "visibility": "visibility_d54c9b2aef3e47f29a9ddff53c5e68f5.png", "pose": [[-0.8974200487136841, -0.441177099943161, 0.0, 607.6373901367188], [0.441177099943161, -0.8974200487136841, 0.0, 1507.5103759765625], [0.0, 0.0, 1.0, 0.0], [0.0, 0.0, 0.0, 1.0]], "pose_inverse": [[-0.8974200487136841, 0.441177099943161, 0.0, -119.77305603027344], [-0.441177099943161, -0.8974200487136841, 0.0, 1620.94580078125], [0.0, 0.0, 1.0, 0.0], [0.0, 0.0, 0.0, 1.0]], "cam_ids": [0, 1, 2, 3, 4, 5], "cam_channels": ["CAM_FRONT_LEFT", "CAM_FRONT", "CAM_FRONT_RIGHT", "CAM_BACK_LEFT", "CAM_BACK", "CAM_BACK_RIGHT"], "token": "d54c9b2aef3e47f29a9ddff53c5e68f5", "scene": "scene-0712"}, {"images": ["samples/CAM_FRONT_LEFT/n008-2018-08-29-16-04-13-0400__CAM_FRONT_LEFT__1535573493854799.jpg", "samples/CAM_FRONT/n008-2018-08-29-16-04-13-0400__CAM_FRONT__1535573493862404.jpg", "samples/CAM_FRONT_RIGHT/n008-2018-08-29-16-04-13-0400__CAM_FRONT_RIGHT__1535573493870482.jpg", "samples/CAM_BACK_LEFT/n008-2018-08-29-16-04-13-0400__CAM_BACK_LEFT__1535573493897405.jpg", "samples/CAM_BACK/n008-2018-08-29-16-04-13-0400__CAM_BACK__1535573493887558.jpg", "samples/CAM_BACK_RIGHT/n008-2018-08-29-16-04-13-0400__CAM_BACK_RIGHT__1535573493878113.jpg"], "intrinsics": [[[1257.8625342125129, 0.0, 827.2410631095686], [0.0, 1257.8625342125129, 450.915498205774], [0.0, 0.0, 1.0]], [[1252.8131021185304, 0.0, 826.588114781398], [0.0, 1252.8131021185304, 469.9846626224581], [0.0, 0.0, 1.0]], [[1256.7485116440405, 0.0, 817.7887570959712], [0.0, 1256.7485116440403, 451.9541780095127], [0.0, 0.0, 1.0]], [[1254.9860565800168, 0.0, 829.5769333630991], [0.0, 1254.9860565800168, 467.1680561863987], [0.0, 0.0, 1.0]], [[796.8910634503094, 0.0, 857.7774326863696], [0.0, 796.8910634503094, 476.8848988407415], [0.0, 0.0, 1.0]], [[1249.9629280788233, 0.0, 825.3768045375984], [0.0, 1249.9629280788233, 462.54816385708756], [0.0, 0.0, 1.0]]], "extrinsics": [[[0.8225569128990173, -0.5685917139053345, -0.010177074000239372, -0.99383544921875], [0.0033779670484364033, 0.022780753672122955, -0.9997347593307495, 1.4883308410644531], [0.5686726570129395, 0.8223044872283936, 0.020659150555729866, -1.326416015625], [0.0, 0.0, 0.0, 1.0]], [[0.010262323543429375, -0.9997740983963013, -0.018611811101436615, 0.005859375], [0.0053171757608652115, 0.018667088821530342, -0.999811589717865, 1.4802169799804688], [0.9999331831932068, 0.010161425918340683, 0.005507543683052063, -1.7236099243164062], [0.0, 0.0, 0.0, 1.0]], [[-0.8440079092979431, -0.5360739827156067, -0.016594497486948967, 1.0833740234375], [0.013327731750905514, 0.009967823512852192, -0.999861478805542, 1.493185043334961], [0.536165177822113, -0.8441121578216553, -0.0012682722881436348, -1.2725830078125], [0.0, 0.0, 0.0, 1.0]], [[0.9478694200515747, 0.3186400234699249, -0.003480750136077404, -1.142822265625], [-0.01212096307426691, 0.025137128308415413, -0.9996105432510376, 1.5620231628417969], [-0.31842848658561707, 0.9475424289703369, 0.02768893912434578, -0.15673828125], [0.0, 0.0, 0.0, 1.0]], [[0.009242591448128223, 0.9998037219047546, 0.0175225380808115, -0.0289306640625], [-0.009971396066248417, 0.017614565789699554, -0.9997950792312622, 1.5680217742919922], [-0.9999075531959534, 0.009065997786819935, 0.010132243856787682, 0.04058837890625], [0.0, 0.0, 0.0, 1.0]], [[-0.9237462878227234, 0.3829902410507202, 0.0033571533858776093, 1.15447998046875], [-0.0057482635602355, -0.0050990404561161995, -0.9999704957008362, 1.547776222229004], [-0.38296183943748474, -0.9237383008003235, 0.006911749020218849, -0.0458984375], [0.0, 0.0, 0.0, 1.0]]], "view": [[0.0, -2.0, 100.0], [-2.0, 0.0, 100.0], [0.0, 0.0, 1.0]], "bev": "bev_aeba30c4ff8c4758a78d6a4264a9c226.png", "aux": "aux_aeba30c4ff8c4758a78d6a4264a9c226.npz", "visibility": "visibility_aeba30c4ff8c4758a78d6a4264a9c226.png", "pose": [[-0.8971986174583435, -0.44162726402282715, 0.0, 607.6163940429688], [0.44162726402282715, -0.8971986174583435, 0.0, 1507.5263671875], [0.0, 0.0, 1.0, 0.0], [0.0, 0.0, 0.0, 1.0]], "pose_inverse": [[-0.8971986174583435, 0.44162726402282715, 0.0, -120.6121597290039], [-0.44162726402282715, -0.8971986174583435, 0.0, 1620.8905029296875], [0.0, 0.0, 1.0, 0.0], [0.0, 0.0, 0.0, 1.0]], "cam_ids": [0, 1, 2, 3, 4, 5], "cam_channels": ["CAM_FRONT_LEFT", "CAM_FRONT", "CAM_FRONT_RIGHT", "CAM_BACK_LEFT", "CAM_BACK", "CAM_BACK_RIGHT"], "token": "aeba30c4ff8c4758a78d6a4264a9c226", "scene": "scene-0712"}, {"images": ["samples/CAM_FRONT_LEFT/n008-2018-08-29-16-04-13-0400__CAM_FRONT_LEFT__1535573494354799.jpg", "samples/CAM_FRONT/n008-2018-08-29-16-04-13-0400__CAM_FRONT__1535573494362404.jpg", "samples/CAM_FRONT_RIGHT/n008-2018-08-29-16-04-13-0400__CAM_FRONT_RIGHT__1535573494370482.jpg", "samples/CAM_BACK_LEFT/n008-2018-08-29-16-04-13-0400__CAM_BACK_LEFT__1535573494397405.jpg", "samples/CAM_BACK/n008-2018-08-29-16-04-13-0400__CAM_BACK__1535573494387558.jpg", "samples/CAM_BACK_RIGHT/n008-2018-08-29-16-04-13-0400__CAM_BACK_RIGHT__1535573494378113.jpg"], "intrinsics": [[[1257.8625342125129, 0.0, 827.2410631095686], [0.0, 1257.8625342125129, 450.915498205774], [0.0, 0.0, 1.0]], [[1252.8131021185304, 0.0, 826.588114781398], [0.0, 1252.8131021185304, 469.9846626224581], [0.0, 0.0, 1.0]], [[1256.7485116440405, 0.0, 817.7887570959712], [0.0, 1256.7485116440403, 451.9541780095127], [0.0, 0.0, 1.0]], [[1254.9860565800168, 0.0, 829.5769333630991], [0.0, 1254.9860565800168, 467.1680561863987], [0.0, 0.0, 1.0]], [[796.8910634503094, 0.0, 857.7774326863696], [0.0, 796.8910634503094, 476.8848988407415], [0.0, 0.0, 1.0]], [[1249.9629280788233, 0.0, 825.3768045375984], [0.0, 1249.9629280788233, 462.54816385708756], [0.0, 0.0, 1.0]]], "extrinsics": [[[0.8224220871925354, -0.568688690662384, -0.014666775241494179, -0.9578857421875], [0.0014123463770374656, 0.027823004871606827, -0.9996118545532227, 1.4883689880371094], [0.5688761472702026, 0.8220821619033813, 0.023685436695814133, -1.301025390625], [0.0, 0.0, 0.0, 1.0]], [[0.010042243637144566, -0.9996623396873474, -0.02396419830620289, 0.0059814453125], [0.0031944625079631805, 0.023997357115149498, -0.9997069239616394, 1.4803123474121094], [0.9999444484710693, 0.009962756186723709, 0.003434370504692197, -1.6868133544921875], [0.0, 0.0, 0.0, 1.0]], [[-0.8441290855407715, -0.5358465313911438, -0.017740068957209587, 1.05853271484375], [0.01109185442328453, 0.015627339482307434, -0.999816358089447, 1.4934940338134766], [0.53602534532547, -0.8441708087921143, -0.007247959729284048, -1.2569580078125], [0.0, 0.0, 0.0, 1.0]], [[0.9478627443313599, 0.31865450739860535, -0.003939463756978512, -1.1400146484375], [-0.014919397421181202, 0.032023824751377106, -0.9993757605552673, 1.5619773864746094], [-0.31832945346832275, 0.9473298192024231, 0.03510832041501999, -0.157470703125], [0.0, 0.0, 0.0, 1.0]], [[0.009370003826916218, 0.9996702075004578, 0.02391262724995613, -0.0289306640625], [-0.012568442150950432, 0.024029526859521866, -0.9996321797370911, 1.5678482055664062], [-0.9998772144317627, 0.009066066704690456, 0.012789453379809856, 0.027587890625], [0.0, 0.0, 0.0, 1.0]], [[-0.9236859083175659, 0.38307011127471924, 0.007850142195820808, 1.134033203125], [-0.008129525929689407, 0.0008895250502973795, -0.9999665021896362, 1.5475809574127197], [-0.3830642104148865, -0.9237188100814819, 0.0022925350349396467, -0.0545654296875], [0.0, 0.0, 0.0, 1.0]]], "view": [[0.0, -2.0, 100.0], [-2.0, 0.0, 100.0], [0.0, 0.0, 1.0]], "bev": "bev_19047a44c8ec499e98f3bf788ebb6125.png", "aux": "aux_19047a44c8ec499e98f3bf788ebb6125.npz", "visibility": "visibility_19047a44c8ec499e98f3bf788ebb6125.png", "pose": [[-0.8968166708946228, -0.4424023926258087, 0.0, 607.2691650390625], [0.4424023926258087, -0.8968166708946228, 0.0, 1507.69873046875], [0.0, 0.0, 1.0, 0.0], [0.0, 0.0, 0.0, 1.0]], "pose_inverse": [[-0.8968166708946228, 0.4424023926258087, 0.0, -122.4004135131836], [-0.4424023926258087, -0.8968166708946228, 0.0, 1620.78662109375], [0.0, 0.0, 1.0, 0.0], [0.0, 0.0, 0.0, 1.0]], "cam_ids": [0, 1, 2, 3, 4, 5], "cam_channels": ["CAM_FRONT_LEFT", "CAM_FRONT", "CAM_FRONT_RIGHT", "CAM_BACK_LEFT", "CAM_BACK", "CAM_BACK_RIGHT"], "token": "19047a44c8ec499e98f3bf788ebb6125", "scene": "scene-0712"}, {"images": ["samples/CAM_FRONT_LEFT/n008-2018-08-29-16-04-13-0400__CAM_FRONT_LEFT__1535573494854799.jpg", "samples/CAM_FRONT/n008-2018-08-29-16-04-13-0400__CAM_FRONT__1535573494862404.jpg", "samples/CAM_FRONT_RIGHT/n008-2018-08-29-16-04-13-0400__CAM_FRONT_RIGHT__1535573494870482.jpg", "samples/CAM_BACK_LEFT/n008-2018-08-29-16-04-13-0400__CAM_BACK_LEFT__1535573494897405.jpg", "samples/CAM_BACK/n008-2018-08-29-16-04-13-0400__CAM_BACK__1535573494887558.jpg", "samples/CAM_BACK_RIGHT/n008-2018-08-29-16-04-13-0400__CAM_BACK_RIGHT__1535573494878113.jpg"], "intrinsics": [[[1257.8625342125129, 0.0, 827.2410631095686], [0.0, 1257.8625342125129, 450.915498205774], [0.0, 0.0, 1.0]], [[1252.8131021185304, 0.0, 826.588114781398], [0.0, 1252.8131021185304, 469.9846626224581], [0.0, 0.0, 1.0]], [[1256.7485116440405, 0.0, 817.7887570959712], [0.0, 1256.7485116440403, 451.9541780095127], [0.0, 0.0, 1.0]], [[1254.9860565800168, 0.0, 829.5769333630991], [0.0, 1254.9860565800168, 467.1680561863987], [0.0, 0.0, 1.0]], [[796.8910634503094, 0.0, 857.7774326863696], [0.0, 796.8910634503094, 476.8848988407415], [0.0, 0.0, 1.0]], [[1249.9629280788233, 0.0, 825.3768045375984], [0.0, 1249.9629280788233, 462.54816385708756], [0.0, 0.0, 1.0]]], "extrinsics": [[[0.8220981955528259, -0.5691181421279907, -0.016100257635116577, -0.9031982421875], [-0.0005955829401500523, 0.027418868616223335, -0.9996238350868225, 1.4881935119628906], [0.5693454146385193, 0.8217985033988953, 0.02220204472541809, -1.2640380859375], [0.0, 0.0, 0.0, 1.0]], [[0.009604793973267078, -0.9996833801269531, -0.023257357999682426, 0.007080078125], [0.0013593987096101046, 0.023271461948752403, -0.999728262424469, 1.4802818298339844], [0.9999529719352722, 0.009570598602294922, 0.001582485856488347, -1.6319580078125], [0.0, 0.0, 0.0, 1.0]], [[-0.8443005681037903, -0.5356386303901672, -0.015741443261504173, 1.02239990234375], [0.00936867669224739, 0.01461636833846569, -0.999849259853363, 1.4938240051269531], [0.5357879996299744, -0.8443207740783691, -0.007322384510189295, -1.2335205078125], [0.0, 0.0, 0.0, 1.0]], [[0.9478511810302734, 0.3186628520488739, -0.005660923197865486, -1.138458251953125], [-0.016118964180350304, 0.030191069468855858, -0.9994141459465027, 1.5619392395019531], [-0.31830528378486633, 0.9473872184753418, 0.033753152936697006, -0.158203125], [0.0, 0.0, 0.0, 1.0]], [[0.009473449550569057, 0.9997056126594543, 0.02233600802719593, -0.028564453125