[{"images": ["samples/CAM_FRONT_LEFT/n015-2018-11-21-19-38-26+0800__CAM_FRONT_LEFT__1542800447904844.jpg", "samples/CAM_FRONT/n015-2018-11-21-19-38-26+0800__CAM_FRONT__1542800447912463.jpg", "samples/CAM_FRONT_RIGHT/n015-2018-11-21-19-38-26+0800__CAM_FRONT_RIGHT__1542800447920339.jpg", "samples/CAM_BACK_LEFT/n015-2018-11-21-19-38-26+0800__CAM_BACK_LEFT__1542800447947423.jpg", "samples/CAM_BACK/n015-2018-11-21-19-38-26+0800__CAM_BACK__1542800447937525.jpg", "samples/CAM_BACK_RIGHT/n015-2018-11-21-19-38-26+0800__CAM_BACK_RIGHT__1542800447927893.jpg"], "intrinsics": [[[1272.5979470598488, 0.0, 826.6154927353808], [0.0, 1272.5979470598488, 479.75165386361925], [0.0, 0.0, 1.0]], [[1266.417203046554, 0.0, 816.2670197447984], [0.0, 1266.417203046554, 491.50706579294757], [0.0, 0.0, 1.0]], [[1260.8474446004698, 0.0, 807.968244525554], [0.0, 1260.8474446004698, 495.3344268742088], [0.0, 0.0, 1.0]], [[1256.7414812095406, 0.0, 792.1125740759628], [0.0, 1256.7414812095406, 492.7757465151356], [0.0, 0.0, 1.0]], [[809.2209905677063, 0.0, 829.2196003259838], [0.0, 809.2209905677063, 481.77842384512485], [0.0, 0.0, 1.0]], [[1259.5137405846733, 0.0, 807.2529053838625], [0.0, 1259.5137405846733, 501.19579884916527], [0.0, 0.0, 1.0]]], "extrinsics": [[[0.8209662437438965, -0.5708408951759338, 0.012451444752514362, -0.432861328125], [0.008602830581367016, -0.009438348934054375, -0.9999184608459473, 1.5138435363769531], [0.5709118843078613, 0.8210063576698303, -0.002837717765942216, -0.91796875], [0.0, 0.0, 0.0, 1.0]], [[0.005910538602620363, -0.9998927116394043, 0.013399328105151653, 0.01318359375], [0.003192759584635496, -0.013380623422563076, -0.9999053478240967, 1.5222969055175781], [0.9999773502349854, 0.005952754057943821, 0.003113331040367484, -1.161895751953125], [0.0, 0.0, 0.0, 1.0]], [[-0.832754373550415, -0.5535621643066406, -0.009433030150830746, 0.6900634765625], [0.00869639404118061, 0.0039573488757014275, -0.999954342842102, 1.5072240829467773], [0.5535742044448853, -0.8327983617782593, 0.0015184968942776322, -1.016357421875], [0.0, 0.0, 0.0, 1.0]], [[0.9477144479751587, 0.31902429461479187, 0.007782135158777237, -1.1309814453125], [0.016964850947260857, -0.026015114039182663, -0.999517560005188, 1.5887603759765625], [-0.3186679780483246, 0.9473893642425537, -0.03006710298359394, -0.1077880859375], [0.0, 0.0, 0.0, 1.0]], [[0.0025185183621942997, 0.9998660683631897, -0.016170602291822433, 0.0018310546875], [-0.008304012008011341, -0.016149183735251427, -0.9998351335525513, 1.5780677795410156], [-0.9999622702598572, 0.002652409952133894, 0.008262229152023792, -0.1565399169921875], [0.0, 0.0, 0.0, 1.0]], [[-0.9346503615379333, 0.35480913519859314, -0.023219455033540726, 0.85382080078125], [0.024477291852235794, -0.0009435435058549047, -0.9996999502182007, 1.5588258504867554], [-0.35472461581230164, -0.934938371181488, -0.007802882697433233, -0.16796875], [0.0, 0.0, 0.0, 1.0]]], "view": [[0.0, -2.0, 100.0], [-2.0, 0.0, 100.0], [0.0, 0.0, 1.0]], "bev": "bev_6bcee0dba9dc4147869c586e35fa4e2f.png", "aux": "aux_6bcee0dba9dc4147869c586e35fa4e2f.npz", "visibility": "visibility_6bcee0dba9dc4147869c586e35fa4e2f.png", "pose": [[0.7890176177024841, 0.6143705248832703, 0.0, 1347.7694091796875], [-0.6143705248832703, 0.7890176177024841, 0.0, 1473.489013671875], [0.0, 0.0, 1.0, 0.0], [0.0, 0.0, 0.0, 1.0]], "pose_inverse": [[0.7890176177024841, -0.6143705248832703, 0.0, -158.14556884765625], [0.6143705248832703, 0.7890176177024841, 0.0, -1990.638671875], [0.0, 0.0, 1.0, 0.0], [0.0, 0.0, 0.0, 1.0]], "cam_ids": [0, 1, 2, 3, 4, 5], "cam_channels": ["CAM_FRONT_LEFT", "CAM_FRONT", "CAM_FRONT_RIGHT", "CAM_BACK_LEFT", "CAM_BACK", "CAM_BACK_RIGHT"], "token": "6bcee0dba9dc4147869c586e35fa4e2f", "scene": "scene-1081"}, {"images": ["samples/CAM_FRONT_LEFT/n015-2018-11-21-19-38-26+0800__CAM_FRONT_LEFT__1542800448404844.jpg", "samples/CAM_FRONT/n015-2018-11-21-19-38-26+0800__CAM_FRONT__1542800448412460.jpg", "samples/CAM_FRONT_RIGHT/n015-2018-11-21-19-38-26+0800__CAM_FRONT_RIGHT__1542800448420339.jpg", "samples/CAM_BACK_LEFT/n015-2018-11-21-19-38-26+0800__CAM_BACK_LEFT__1542800448447423.jpg", "samples/CAM_BACK/n015-2018-11-21-19-38-26+0800__CAM_BACK__1542800448437525.jpg", "samples/CAM_BACK_RIGHT/n015-2018-11-21-19-38-26+0800__CAM_BACK_RIGHT__1542800448427906.jpg"], "intrinsics": [[[1272.5979470598488, 0.0, 826.6154927353808], [0.0, 1272.5979470598488, 479.75165386361925], [0.0, 0.0, 1.0]], [[1266.417203046554, 0.0, 816.2670197447984], [0.0, 1266.417203046554, 491.50706579294757], [0.0, 0.0, 1.0]], [[1260.8474446004698, 0.0, 807.968244525554], [0.0, 1260.8474446004698, 495.3344268742088], [0.0, 0.0, 1.0]], [[1256.7414812095406, 0.0, 792.1125740759628], [0.0, 1256.7414812095406, 492.7757465151356], [0.0, 0.0, 1.0]], [[809.2209905677063, 0.0, 829.2196003259838], [0.0, 809.2209905677063, 481.77842384512485], [0.0, 0.0, 1.0]], [[1259.5137405846733, 0.0, 807.2529053838625], [0.0, 1259.5137405846733, 501.19579884916527], [0.0, 0.0, 1.0]]], "extrinsics": [[[0.8212777972221375, -0.5703436136245728, 0.014521925710141659, -0.4310302734375], [0.011416563764214516, -0.009019505232572556, -0.9998941421508789, 1.5156688690185547], [0.5704142451286316, 0.8213566541671753, -0.0008961549610830843, -0.9095458984375], [0.0, 0.0, 0.0, 1.0]], [[0.006441726814955473, -0.999891459941864, 0.01324906200170517, 0.008544921875], [0.006214598659425974, -0.013209051452577114, -0.9998934864997864, 1.5238628387451172], [0.9999598860740662, 0.006523367948830128, 0.0061288331635296345, -1.15679931640625], [0.0, 0.0, 0.0, 1.0]], [[-0.8324400782585144, -0.5539835691452026, -0.01207429263740778, 0.68505859375], [0.011921902187168598, 0.0038793119601905346, -0.9999213814735413, 1.5086145401000977], [0.5539868474006653, -0.8325185775756836, 0.0033752431627362967, -1.0174560546875], [0.0, 0.0, 0.0, 1.0]], [[0.9476300477981567, 0.31917205452919006, 0.011245692148804665, -1.1324462890625], [0.020950643345713615, -0.026989629492163658, -0.9994161128997803, 1.5887718200683594], [-0.31868213415145874, 0.9473123550415039, -0.03226304054260254, -0.107177734375], [0.0, 0.0, 0.0, 1.0]], [[0.0022582467645406723, 0.9998571276664734, -0.01675497740507126, 0.0030517578125], [-0.0045935893431305885, -0.016744470223784447, -0.999849259853363, 1.5786285400390625], [-0.9999868869781494, 0.002334951888769865, 0.004555118270218372, -0.1569976806640625], [0.0, 0.0, 0.0, 1.0]], [[-0.9347217082977295, 0.35438865423202515, -0.026533640921115875, 0.85260009765625], [0.027910688892006874, -0.0012262235395610332, -0.9996097087860107, 1.559913158416748], [-0.35428285598754883, -0.9350974559783936, -0.008745057508349419, -0.171142578125], [0.0, 0.0, 0.0, 1.0]]], "view": [[0.0, -2.0, 100.0], [-2.0, 0.0, 100.0], [0.0, 0.0, 1.0]], "bev": "bev_909d56180392469f87f9e529df192fd1.png", "aux": "aux_909d56180392469f87f9e529df192fd1.npz", "visibility": "visibility_909d56180392469f87f9e529df192fd1.png", "pose": [[0.7899861931800842, 0.6131246089935303, 0.0, 1353.692138671875], [-0.6131246089935303, 0.7899861931800842, 0.0, 1468.846923828125], [0.0, 0.0, 1.0, 0.0], [0.0, 0.0, 0.0, 1.0]], "pose_inverse": [[0.7899861931800842, -0.6131246089935303, 0.0, -168.81185913085938], [0.6131246089935303, 0.7899861931800842, 0.0, -1990.350830078125], [0.0, 0.0, 1.0, 0.0], [0.0, 0.0, 0.0, 1.0]], "cam_ids": [0, 1, 2, 3, 4, 5], "cam_channels": ["CAM_FRONT_LEFT", "CAM_FRONT", "CAM_FRONT_RIGHT", "CAM_BACK_LEFT", "CAM_BACK", "CAM_BACK_RIGHT"], "token": "909d56180392469f87f9e529df192fd1", "scene": "scene-1081"}, {"images": ["samples/CAM_FRONT_LEFT/n015-2018-11-21-19-38-26+0800__CAM_FRONT_LEFT__1542800448904844.jpg", "samples/CAM_FRONT/n015-2018-11-21-19-38-26+0800__CAM_FRONT__1542800448912469.jpg", "samples/CAM_FRONT_RIGHT/n015-2018-11-21-19-38-26+0800__CAM_FRONT_RIGHT__1542800448920339.jpg", "samples/CAM_BACK_LEFT/n015-2018-11-21-19-38-26+0800__CAM_BACK_LEFT__1542800448947423.jpg", "samples/CAM_BACK/n015-2018-11-21-19-38-26+0800__CAM_BACK__1542800448937544.jpg", "samples/CAM_BACK_RIGHT/n015-2018-11-21-19-38-26+0800__CAM_BACK_RIGHT__1542800448927893.jpg"], "intrinsics": [[[1272.5979470598488, 0.0, 826.6154927353808], [0.0, 1272.5979470598488, 479.75165386361925], [0.0, 0.0, 1.0]], [[1266.417203046554, 0.0, 816.2670197447984], [0.0, 1266.417203046554, 491.50706579294757], [0.0, 0.0, 1.0]], [[1260.8474446004698, 0.0, 807.968244525554], [0.0, 1260.8474446004698, 495.3344268742088], [0.0, 0.0, 1.0]], [[1256.7414812095406, 0.0, 792.1125740759628], [0.0, 1256.7414812095406, 492.7757465151356], [0.0, 0.0, 1.0]], [[809.2209905677063, 0.0, 829.2196003259838], [0.0, 809.2209905677063, 481.77842384512485], [0.0, 0.0, 1.0]], [[1259.5137405846733, 0.0, 807.2529053838625], [0.0, 1259.5137405846733, 501.19579884916527], [0.0, 0.0, 1.0]]], "extrinsics": [[[0.8201606869697571, -0.57207190990448, 0.008375675417482853, -0.4351806640625], [0.0006136985612101853, -0.013759722001850605, -0.9999051690101624, 1.5086669921875], [0.5721328854560852, 0.8200880885124207, -0.010934104211628437, -0.9127197265625], [0.0, 0.0, 0.0, 1.0]], [[0.004831851460039616, -0.9998311400413513, 0.017729585990309715, 0.0089111328125], [-0.004732394590973854, -0.017752457410097122, -0.9998311996459961, 1.5180435180664062], [0.9999769926071167, 0.004747155588120222, -0.0048173717223107815, -1.16021728515625], [0.0, 0.0, 0.0, 1.0]], [[-0.8332974314689636, -0.5528246164321899, -0.0004483911325223744, 0.6864013671875], [0.0008572727674618363, -0.00048111312207765877, -0.999999463558197, 1.5040016174316406], [0.5528242588043213, -0.8332974314689636, 0.0008748336113058031, -1.017822265625], [0.0, 0.0, 0.0, 1.0]], [[0.9480745196342468, 0.3180471956729889, -0.0007872669375501573, -1.1307373046875], [0.009424342773854733, -0.030567295849323273, -0.9994882345199585, 1.5885810852050781], [-0.31790849566459656, 0.947581946849823, -0.03197745978832245, -0.10498046875], [0.0, 0.0, 0.0, 1.0]], [[0.0030273576267063618, 0.999781608581543, -0.020677851513028145, 0.003662109375], [-0.015974260866642, -0.020626958459615707, -0.9996596574783325, 1.5767860412597656], [-0.9998677968978882, 0.003356731263920665, 0.01590832695364952, -0.1583404541015625], [0.0, 0.0, 0.0, 1.0]], [[-0.9345828890800476, 0.3553127348423004, -0.017537327483296394, 0.8514404296875], [0.016697971150279045, -0.005428980570286512, -0.9998458623886108, 1.556535243988037], [-0.3553531765937805, -0.934731662273407, -0.0008591709192842245, -0.1710205078125], [0.0, 0.0, 0.0, 1.0]]], "view": [[0.0, -2.0, 100.0], [-2.0, 0.0, 100.0], [0.0, 0.0, 1.0]], "bev": "bev_570c9772258a4f1ca5720b592890bd1d.png", "aux": "aux_570c9772258a4f1ca5720b592890bd1d.npz", "visibility": "visibility_570c9772258a4f1ca5720b592890bd1d.png", "pose": [[0.7918602228164673, 0.6107023358345032, 0.0, 1359.5916748046875], [-0.6107023358345032, 0.7918602228164673, 0.0, 1464.230712890625], [0.0, 0.0, 1.0, 0.0], [0.0, 0.0, 0.0, 1.0]], "pose_inverse": [[0.7918602228164673, -0.6107023358345032, 0.0, -182.39744567871094], [0.6107023358345032, 0.7918602228164673, 0.0, -1989.77197265625], [0.0, 0.0, 1.0, 0.0], [0.0, 0.0, 0.0, 1.0]], "cam_ids": [0, 1, 2, 3, 4, 5], "cam_channels": ["CAM_FRONT_LEFT", "CAM_FRONT", "CAM_FRONT_RIGHT", "CAM_BACK_LEFT", "CAM_BACK", "CAM_BACK_RIGHT"], "token": "570c9772258a4f1ca5720b592890bd1d", "scene": "scene-1081"}, {"images": ["samples/CAM_FRONT_LEFT/n015-2018-11-21-19-38-26+0800__CAM_FRONT_LEFT__1542800449404844.jpg", "samples/CAM_FRONT/n015-2018-11-21-19-38-26+0800__CAM_FRONT__1542800449412467.jpg", "samples/CAM_FRONT_RIGHT/n015-2018-11-21-19-38-26+0800__CAM_FRONT_RIGHT__1542800449420339.jpg", "samples/CAM_BACK_LEFT/n015-2018-11-21-19-38-26+0800__CAM_BACK_LEFT__1542800449447423.jpg", "samples/CAM_BACK/n015-2018-11-21-19-38-26+0800__CAM_BACK__1542800449437525.jpg", "samples/CAM_BACK_RIGHT/n015-2018-11-21-19-38-26+0800__CAM_BACK_RIGHT__1542800449427929.jpg"], "intrinsics": [[[1272.5979470598488, 0.0, 826.6154927353808], [0.0, 1272.5979470598488, 479.75165386361925], [0.0, 0.0, 1.0]], [[1266.417203046554, 0.0, 816.2670197447984], [0.0, 1266.417203046554, 491.50706579294757], [0.0, 0.0, 1.0]], [[1260.8474446004698, 0.0, 807.968244525554], [0.0, 1260.8474446004698, 495.3344268742088], [0.0, 0.0, 1.0]], [[1256.7414812095406, 0.0, 792.1125740759628], [0.0, 1256.7414812095406, 492.7757465151356], [0.0, 0.0, 1.0]], [[809.2209905677063, 0.0, 829.2196003259838], [0.0, 809.2209905677063, 481.77842384512485], [0.0, 0.0, 1.0]], [[1259.5137405846733, 0.0, 807.2529053838625], [0.0, 1259.5137405846733, 501.19579884916527], [0.0, 0.0, 1.0]]], "extrinsics": [[[0.8212000727653503, -0.5706395506858826, -0.000993348890915513, -0.42852783203125], [-0.007647179067134857, -0.009264320135116577, -0.999927818775177, 1.5032806396484375], [0.5705891251564026, 0.8211483955383301, -0.011971643194556236, -0.9097900390625], [0.0, 0.0, 0.0, 1.0]], [[0.006382201798260212, -0.9998941421508789, 0.013072269968688488, 0.010009765625], [-0.013087914325296879, -0.01315494254231453, -0.9998278617858887, 1.5135154724121094], [0.9998939037322998, 0.0062100207433104515, -0.013170487247407436, -1.154693603515625], [0.0, 0.0, 0.0, 1.0]], [[-0.8326729536056519, -0.55375075340271, 0.004001026041805744, 0.683349609375], [-0.007623715326189995, 0.004238707944750786, -0.9999619126319885, 1.500434398651123], [0.5537126660346985, -0.8326716423034668, -0.00775109464302659, -1.0150146484375], [0.0, 0.0, 0.0, 1.0]], [[0.9476738572120667, 0.31915345788002014, -0.007441476918756962, -1.12530517578125], [0.0007265571039170027, -0.025466127321124077, -0.9996753931045532, 1.5885467529296875], [-0.3192393183708191, 0.9473608732223511, -0.024365466088056564, -0.1083984375], [0.0, 0.0, 0.0, 1.0]], [[0.0020855108741670847, 0.9998736381530762, -0.015757566317915916, 0.0029296875], [-0.024623051285743713, -0.015701478347182274, -0.9995735287666321, 1.5753250122070312], [-0.9996946454048157, 0.002472609980031848, 0.024587193503975868, -0.16180419921875], [0.0, 0.0, 0.0, 1.0]], [[-0.9349741339683533, 0.3546300530433655, -0.007809085305780172, 0.849609375], [0.008129795081913471, -0.0005856238421984017, -0.9999668002128601, 1.5539424419403076], [-0.35462284088134766, -0.9350064992904663, -0.0023355272132903337, -0.17138671875], [0.0, 0.0, 0.0, 1.0]]], "view": [[0.0, -2.0, 100.0], [-2.0, 0.0, 100.0], [0.0, 0.0, 1.0]], "bev": "bev_caa8ed200e654092bafa12d783169774.png", "aux": "aux_caa8ed200e654092bafa12d783169774.npz", "visibility": "visibility_caa8ed200e654092bafa12d783169774.png", "pose": [[0.7909704446792603, 0.6118543744087219, 0.0, 1365.4495849609375], [-0.6118543744087219, 0.7909704446792603, 0.0, 1459.6475830078125], [0.0, 0.0, 1.0, 0.0], [0.0, 0.0, 0.0, 1.0]], "pose_inverse": [[0.7909704446792603, -0.6118543744087219, 0.0, -186.93849182128906], [0.6118543744087219, 0.7909704446792603, 0.0, -1989.994384765625], [0.0, 0.0, 1.0, 0.0], [0.0, 0.0, 0.0, 1.0]], "cam_ids": [0, 1, 2, 3, 4, 5], "cam_channels": ["CAM_FRONT_LEFT", "CAM_FRONT", "CAM_FRONT_RIGHT", "CAM_BACK_LEFT", "CAM_BACK", "CAM_BACK_RIGHT"], "token": "caa8ed200e654092bafa12d783169774", "scene": "scene-1081"}, {"images": ["samples/CAM_FRONT_LEFT/n015-2018-11-21-19-38-26+0800__CAM_FRONT_LEFT__1542800449904844.jpg", "samples/CAM_FRONT/n015-2018-11-21-19-38-26+0800__CAM_FRONT__1542800449912466.jpg", "samples/CAM_FRONT_RIGHT/n015-2018-11-21-19-38-26+0800__CAM_FRONT_RIGHT__1542800449920339.jpg", "samples/CAM_BACK_LEFT/n015-2018-11-21-19-38-26+0800__CAM_BACK_LEFT__1542800449947423.jpg", "samples/CAM_BACK/n015-2018-11-21-19-38-26+0800__CAM_BACK__1542800449937525.jpg", "samples/CAM_BACK_RIGHT/n015-2018-11-21-19-38-26+0800__CAM_BACK_RIGHT__1542800449927893.jpg"], "intrinsics": [[[1272.5979470598488, 0.0, 826.6154927353808], [0.0, 1272.5979470598488, 479.75165386361925], [0.0, 0.0, 1.0]], [[1266.417203046554, 0.0, 816.2670197447984], [0.0, 1266.417203046554, 491.50706579294757], [0.0, 0.0, 1.0]], [[1260.8474446004698, 0.0, 807.968244525554], [0.0, 1260.8474446004698, 495.3344268742088], [0.0, 0.0, 1.0]], [[1256.7414812095406, 0.0, 792.1125740759628], [0.0, 1256.7414812095406, 492.7757465151356], [0.0, 0.0, 1.0]], [[809.2209905677063, 0.0, 829.2196003259838], [0.0, 809.2209905677063, 481.77842384512485], [0.0, 0.0, 1.0]], [[1259.5137405846733, 0.0, 807.2529053838625], [0.0, 1259.5137405846733, 501.19579884916527], [0.0, 0.0, 1.0]]], "extrinsics": [[[0.8203014135360718, -0.571914553642273, -0.004413341172039509, -0.44281005859375], [-0.0105057992041111, -0.007352397311478853, -0.99991774559021, 1.5016040802001953], [0.5718349814414978, 0.8202803134918213, -0.012039600871503353, -0.9200439453125], [0.0, 0.0, 0.0, 1.0]], [[0.005275826435536146, -0.9999205470085144, 0.011442054063081741, 0.0108642578125], [-0.015750668942928314, -0.011523889377713203, -0.9998095631599426, 1.5123023986816406], [0.9998619556427002, 0.005094624124467373, -0.01581021584570408, -1.167633056640625], [0.0, 0.0, 0.0, 1.0]], [[-0.8330890536308289, -0.5531134605407715, 0.0053061689250171185, 0.690673828125], [-0.010065766051411629, 0.00556822819635272, -0.9999337792396545, 1.4994831085205078], [0.5530473589897156, -0.8330872654914856, -0.010206339880824089, -1.0185546875], [0.0, 0.0, 0.0, 1.0]], [[0.9477345943450928, 0.31891974806785583, -0.009449334815144539, -1.12286376953125], [-0.0014733499847352505, -0.025241365656256676, -0.9996802806854248, 1.5885353088378906], [-0.31905627250671387, 0.9474455118179321, -0.023452235385775566, -0.1107177734375], [0.0, 0.0, 0.0, 1.0]], [[0.002261182526126504, 0.9998820424079895, -0.015192708000540733, 0.0013427734375], [-0.026825953274965286, -0.015126628801226616, -0.9995256662368774, 1.5749740600585938], [-0.9996375441551208, 0.0026676380075514317, 0.026788583025336266, -0.1625213623046875], [0.0, 0.0, 0.0, 1.0]], [[-0.9348400831222534, 0.355029433965683, -0.005301015917211771, 0.8514404296875], [0.005834710318595171, 0.00043262491817586124, -0.9999828934669495, 1.553220272064209], [-0.35502108931541443, -0.9348549842834473, -0.002475929446518421, -0.1688232421875], [0.0, 0.0, 0.0, 1.0]]], "view": [[0.0, -2.0, 100.0], [-2.0, 0.0, 100.0], [0.0, 0.0, 1.0]], "bev": "bev_2fe919c4d8714708a628787daddb4d04.png", "aux": "aux_2fe919c4d8714708a628787daddb4d04.npz", "visibility": "visibility_2fe919c4d8714708a628787daddb4d04.png", "pose": [[0.7915445566177368, 0.6111114621162415, 0.0, 1371.1644287109375], [-0.6111114621162415, 0.7915445566177368, 0.0, 1455.1834716796875], [0.0, 0.0, 1.0, 0.0], [0.0, 0.0, 0.0, 1.0]], "pose_inverse": [[0.7915445566177368, -0.6111114621162415, 0.0, -196.05841064453125], [0.6111114621162415, 0.7915445566177368, 0.0, -1989.77685546875], [0.0, 0.0, 1.0, 0.0], [0.0, 0.0, 0.0, 1.0]], "cam_ids": [0, 1, 2, 3, 4, 5], "cam_channels": ["CAM_FRONT_LEFT", "CAM_FRONT", "CAM_FRONT_RIGHT", "CAM_BACK_LEFT", "CAM_BACK", "CAM_BACK_RIGHT"], "token": "2fe919c4d8714708a628787daddb4d04", "scene": "scene-1081"}, {"images": ["samples/CAM_FRONT_LEFT/n015-2018-11-21-19-38-26+0800__CAM_FRONT_LEFT__1542800450404844.jpg", "samples/CAM_FRONT/n015-2018-11-21-19-38-26+0800__CAM_FRONT__1542800450412460.jpg", "samples/CAM_FRONT_RIGHT/n015-2018-11-21-19-38-26+0800__CAM_FRONT_RIGHT__1542800450420339.jpg", "samples/CAM_BACK_LEFT/n015-2018-11-21-19-38-26+0800__CAM_BACK_LEFT__1542800450447423.jpg", "samples/CAM_BACK/n015-2018-11-21-19-38-26+0800__CAM_BACK__1542800450437525.jpg", "samples/CAM_BACK_RIGHT/n015-2018-11-21-19-38-26+0800__CAM_BACK_RIGHT__1542800450427893.jpg"], "intrinsics": [[[1272.5979470598488, 0.0, 826.6154927353808], [0.0, 1272.5979470598488, 479.75165386361925], [0.0, 0.0, 1.0]], [[1266.417203046554, 0.0, 816.2670197447984], [0.0, 1266.417203046554, 491.50706579294757], [0.0, 0.0, 1.0]], [[1260.8474446004698, 0.0, 807.968244525554], [0.0, 1260.8474446004698, 495.3344268742088], [0.0, 0.0, 1.0]], [[1256.7414812095406, 0.0, 792.1125740759628], [0.0, 1256.7414812095406, 492.7757465151356], [0.0, 0.0, 1.0]], [[809.2209905677063, 0.0, 829.2196003259838], [0.0, 809.2209905677063, 481.77842384512485], [0.0, 0.0, 1.0]], [[1259.5137405846733, 0.0, 807.2529053838625], [0.0, 1259.5137405846733, 501.19579884916527], [0.0, 0.0, 1.0]]], "extrinsics": [[[0.8202590942382812, -0.5719871520996094, -0.002388596534729004, -0.46075439453125], [-0.010714707896113396, -0.011189982295036316, -0.9998799562454224, 1.5017108917236328], [0.5718917846679688, 0.8201862573623657, -0.015307359397411346, -0.93212890625], [0.0, 0.0, 0.0, 1.0]], [[0.005256275180727243, -0.9998697638511658, 0.015255757607519627, 0.0103759765625], [-0.016031993553042412, -0.015338268131017685, -0.9997538328170776, 1.5124702453613281], [0.9998576045036316, 0.005010409280657768, -0.016110528260469437, -1.1868896484375], [0.0, 0.0, 0.0, 1.0]], [[-0.8330671787261963, -0.5531180500984192, 0.007700540125370026, 0.7047119140625], [-0.01042244303971529, 0.0017762683564797044, -0.9999440908432007, 1.499524712562561], [0.5530734658241272, -0.8331009149551392, -0.007244591601192951, -1.0279541015625], [0.0, 0.0, 0.0, 1.0]], [[0.9477325677871704, 0.31887197494506836, -0.011120292358100414, -1.12554931640625], [-0.0018305296543985605, -0.029418103396892548, -0.9995654821395874, 1.5885276794433594], [-0.3190605640411377, 0.9473411440849304, -0.02729678899049759, -0.109619140625], [0.0, 0.0, 0.0, 1.0]], [[0.002188660902902484, 0.99981689453125, -0.019013337790966034, 0.0015869140625], [-0.027266016229987144, -0.018946649506688118, -0.9994486570358276, 1.5751686096191406], [-0.9996258020401001, 0.002705842489376664, 0.027219552546739578, -0.15289306640625], [0.0, 0.0, 0.0, 1.0]], [[-0.934874415397644, 0.35492342710494995, -0.006254083011299372, 0.865264892578125], [0.005421851761639118, -0.003339330432936549, -0.9999797344207764, 1.553025245666504], [-0.35493704676628113, -0.9348894357681274, 0.0011975133093073964, -0.163818359375], [0.0, 0.0, 0.0, 1.0]]], "view": [[0.0, -2.0, 100.0], [-2.0, 0.0, 100.0], [0.0, 0.0, 1.0]], "bev": "bev_cbd4bef9a6494d618fe7cfc9c6e04cbd.png", "aux": "aux_cbd4bef9a6494d618fe7cfc9c6e04cbd.npz", "visibility": "visibility_cbd4bef9a6494d618fe7cfc9c6e04cbd.png", "pose": [[0.7953193783760071, 0.6061906218528748, 0.0, 1376.7191162109375], [-0.6061906218528748, 0.7953193783760071, 0.0, 1450.868896484375], [0.0, 0.0, 1.0, 0.0], [0.0, 0.0, 0.0, 1.0]], "pose_inverse": [[0.7953193783760071, -0.6061906218528748, 0.0, -215.42822265625], [0.6061906218528748, 0.7953193783760071, 0.0, -1988.4583740234375], [0.0, 0.0, 1.0, 0.0], [0.0, 0.0, 0.0, 1.0]], "cam_ids": [0, 1, 2, 3, 4, 5], "cam_channels": ["CAM_FRONT_LEFT", "CAM_FRONT", "CAM_FRONT_RIGHT", "CAM_BACK_LEFT", "CAM_BACK", "CAM_BACK_RIGHT"], "token": "cbd4bef9a6494d618fe7cfc9c6e04cbd", "scene": "scene-1081"}, {"images": ["samples/CAM_FRONT_LEFT/n015-2018-11-21-19-38-26+0800__CAM_FRONT_LEFT__1542800450904844.jpg", "samples/CAM_FRONT/n015-2018-11-21-19-38-26+0800__CAM_FRONT__1542800450912460.jpg", "samples/CAM_FRONT_RIGHT/n015-2018-11-21-19-38-26+0800__CAM_FRONT_RIGHT__1542800450920339.jpg", "samples/CAM_BACK_LEFT/n015-2018-11-21-19-38-26+0800__CAM_BACK_LEFT__1542800450947423.jpg", "samples/CAM_BACK/n015-2018-11-21-19-38-26+0800__CAM_BACK__1542800450937525.jpg", "samples/CAM_BACK_RIGHT/n015-2018-11-21-19-38-26+0800__CAM_BACK_RIGHT__1542800450927893.jpg"], "intrinsics": [[[1272.5979470598488, 0.0, 826.6154927353808], [0.0, 1272.5979470598488, 479.75165386361925], [0.0, 0.0, 1.0]], [[1266.417203046554, 0.0, 816.2670197447984], [0.0, 1266.417203046554, 491.50706579294757], [0.0, 0.0, 1.0]], [[1260.8474446004698, 0.0, 807.968244525554], [0.0, 1260.8474446004698, 495.3344268742088], [0.0, 0.0, 1.0]], [[1256.7414812095406, 0.0, 792.1125740759628], [0.0, 1256.7414812095406, 492.7757465151356], [0.0, 0.0, 1.0]], [[809.2209905677063, 0.0, 829.2196003259838], [0.0, 809.2209905677063, 481.77842384512485], [0.0, 0.0, 1.0]], [[1259.5137405846733, 0.0, 807.2529053838625], [0.0, 1259.5137405846733, 501.19579884916527], [0.0, 0.0, 1.0]]], "extrinsics": [[[0.818892776966095, -0.5739275813102722, -0.00467646773904562, -0.468505859375], [-0.014905617572367191, -0.013121089898049831, -0.999802827835083, 1.4992694854736328], [0.5737529993057251, 0.8188008666038513, -0.01929950900375843, -0.935546875], [0.0, 0.0, 0.0, 1.0]], [[0.0032734759151935577, -0.999849796295166, 0.017017986625432968, 0.0089111328125], [-0.020199527963995934, -0.017080718651413918, -0.9996500611305237, 1.5104942321777344], [0.9997905492782593, 0.0029284704942256212, -0.02025240659713745, -1.193389892578125], [0.0, 0.0, 0.0, 1.0]], [[-0.8340115547180176, -0.5516164302825928, 0.012003696523606777, 0.7078857421875], [-0.014527896419167519, 0.00020667709759436548, -0.9998944401741028, 1.4979774951934814], [0.5515556931495667, -0.8340978622436523, -0.00818619690835476, -1.0318603515625], [0.0, 0.0, 0.0, 1.0]], [[0.9477413892745972, 0.3186948001384735, -0.014826791360974312, -1.12554931640625], [-0.005426016636192799, -0.030365336686372757, -0.9995241165161133, 1.5884590148925781], [-0.31899333000183105, 0.9473708868026733, -0.027049245312809944, -0.1094970703125], [0.0, 0.0, 0.0, 1.0]], [[0.0030807636212557554, 0.9997910857200623, -0.020208321511745453, 0.002685546875], [-0.03104354627430439, -0.020103057846426964, -0.9993158578872681, 1.5746078491210938], [-0.9995132684707642, 0.003706046612933278, 0.03097512573003769, -0.151336669921875], [0.0, 0.0, 0.0, 1.0]], [[-0.9343501329421997, 0.3563433289527893, -0.003040877403691411, 0.868499755859375], [0.0014245678903535008, -0.004798168316483498, -0.9999874830245972, 1.5518646240234375], [-0.3563535213470459, -0.9343428015708923, 0.003975535277277231, -0.164306640625], [0.0, 0.0, 0.0, 1.0]]], "view": [[0.0, -2.0, 100.0], [-2.0, 0.0, 100.0], [0.0, 0.0, 1.0]], "bev": "bev_303b6a3fdf8b4d9384c2668c07c604c7.png", "aux": "aux_303b6a3fdf8b4d9384c2668c07c604c7.npz", "visibility": "visibility_303b6a3fdf8b4d9384c2668c07c604c7.png", "pose": [[0.8060953617095947, 0.5917856693267822, 0.0, 1382.25], [-0.5917856693267822, 0.8060953617095947, 0.0, 1446.6597900390625], [0.0, 0.0, 1.0, 0.0], [0.0, 0.0, 0.0, 1.0]], "pose_inverse": [[0.8060953617095947, -0.5917856693267822, 0.0, -258.1127014160156], [0.5917856693267822, 0.8060953617095947, 0.0, -1984.1414794921875], [0.0, 0.0, 1.0, 0.0], [0.0, 0.0, 0.0, 1.0]], "cam_ids": [0, 1, 2, 3, 4, 5], "cam_channels": ["CAM_FRONT_LEFT", "CAM_FRONT", "CAM_FRONT_RIGHT", "CAM_BACK_LEFT", "CAM_BACK", "CAM_BACK_RIGHT"], "token": "303b6a3fdf8b4d9384c2668c07c604c7", "scene": "scene-1081"}, {"images": ["samples/CAM_FRONT_LEFT/n015-2018-11-21-19-38-26+0800__CAM_FRONT_LEFT__1542800451404844.jpg", "samples/CAM_FRONT/n015-2018-11-21-19-38-26+0800__CAM_FRONT__1542800451412460.jpg", "samples/CAM_FRONT_RIGHT/n015-2018-11-21-19-38-26+0800__CAM_FRONT_RIGHT__1542800451420339.jpg", "samples/CAM_BACK_LEFT/n015-2018-11-21-19-38-26+0800__CAM_BACK_LEFT__1542800451447423.jpg", "samples/CAM_BACK/n015-2018-11-21-19-38-26+0800__CAM_BACK__1542800451437525.jpg", "samples/CAM_BACK_RIGHT/n015-2018-11-21-19-38-26+0800__CAM_BACK_RIGHT__1542800451427893.jpg"], "intrinsics": [[[1272.5979470598488, 0.0, 826.6154927353808], [0.0, 1272.5979470598488, 479.75165386361925], [0.0, 0.0, 1.0]], [[1266.417203046554, 0.0, 816.2670197447984], [0.0, 1266.417203046554, 491.50706579294757], [0.0, 0.0, 1.0]], [[1260.8474446004698, 0.0, 807.968244525554], [0.0, 1260.8474446004698, 495.3344268742088], [0.0, 0.0, 1.0]], [[1256.7414812095406, 0.0, 792.1125740759628], [0.0, 1256.7414812095406, 492.7757465151356], [0.0, 0.0, 1.0]], [[809.2209905677063, 0.0, 829.2196003259838], [0.0, 809.2209905677063, 481.77842384512485], [0.0, 0.0, 1.0]], [[1259.5137405846733, 0.0, 807.2529053838625], [0.0, 1259.5137405846733, 501.19579884916527], [0.0, 0.0, 1.0]]], "extrinsics": [[[0.8193541169166565, -0.5732744932174683, 0.0039003274869173765, -0.46575927734375], [-0.012829172424972057, -0.02513701654970646, -0.9996016621589661, 1.5006752014160156], [0.5731441974639893, 0.8189777135848999, -0.02795075625181198, -0.9395751953125], [0.0, 0.0, 0.0, 1.0]], [[0.0036695620510727167, -0.9995642900466919, 0.029288025572896004, 0.01220703125], [-0.017973629757761955, -0.029349416494369507, -0.9994075894355774, 1.5116920471191406], [0.9998316764831543, 0.0031409580260515213, -0.018073497340083122, -1.19195556640625], [0.0, 0.0, 0.0, 1.0]], [[-0.8339659571647644, -0.5515558123588562, 0.016934813931584358, 0.7066650390625], [-0.012151273898780346, -0.012326091527938843, -0.9998502135276794, 1.4989128112792969], [0.5516819357872009, -0.8340469002723694, 0.0035774363204836845, -1.029052734375], [0.0, 0.0, 0.0, 1.0]], [[0.9477960467338562, 0.31844308972358704, -0.01663372665643692, -1.121337890625], [-0.00316178472712636, -0.04277591034770012, -0.999079704284668, 1.5884933471679688], [-0.3188615143299103, 0.9469764232635498, -0.039535991847515106, -0.110595703125], [0.0, 0.0, 0.0, 1.0]], [[0.0033612900879234076, 0.9994521737098694, -0.032925669103860855, 0.0029296875], [-0.028660660609602928, -0.032816044986248016, -0.9990504384040833, 1.5748443603515625], [-0.9995835423469543, 0.004301773384213448, 0.028534654527902603, -0.156005859375], [0.0, 0.0, 0.0, 1.0]], [[-0.9342825412750244, 0.356397420167923, -0.00984935648739338, 0.86468505859375], [0.0038644380401819944, -0.017500964924693108, -0.9998394250869751, 1.5526008605957031], [-0.3565126061439514, -0.9341705441474915, 0.01497356966137886, -0.16552734375], [0.0, 0.0, 0.0, 1.0]]], "view": [[0.0, -2.0, 100.0], [-2.0, 0.0, 100.0], [0.0, 0.0, 1.0]], "bev": "bev_6f5da452e6074cef9feb224edf888bec.png", "aux": "aux_6f5da452e6074cef9feb224edf888bec.npz", "visibility": "visibility_6f5da452e6074cef9feb224edf888bec.png", "pose": [[0.8191945552825928, 0.5735157132148743, 0.0, 1387.7738037109375], [-0.5735157132148743, 0.8191945552825928, 0.0, 1442.62353515625], [0.0, 0.0, 1.0, 0.0], [0.0, 0.0, 0.0, 1.0]], "pose_inverse": [[0.8191945552825928, -0.5735157132148743, 0.0, -309.489501953125], [0.5735157132148743, 0.8191945552825928, 0.0, -1977.699462890625], [0.0, 0.0, 1.0, 0.0], [0.0, 0.0, 0.0, 1.0]], "cam_ids": [0, 1, 2, 3, 4, 5], "cam_channels": ["CAM_FRONT_LEFT", "CAM_FRONT", "CAM_FRONT_RIGHT", "CAM_BACK_LEFT", "CAM_BACK", "CAM_BACK_RIGHT"], "token": "6f5da452e6074cef9feb224edf888bec", "scene": "scene-1081"}, {"images": ["samples/CAM_FRONT_LEFT/n015-2018-11-21-19-38-26+0800__CAM_FRONT_LEFT__1542800451904847.jpg", "samples/CAM_FRONT/n015-2018-11-21-19-38-26+0800__CAM_FRONT__1542800451912460.jpg", "samples/CAM_FRONT_RIGHT/n015-2018-11-21-19-38-26+0800__CAM_FRONT_RIGHT__1542800451920350.jpg", "samples/CAM_BACK_LEFT/n015-2018-11-21-19-38-26+0800__CAM_BACK_LEFT__1542800451947423.jpg", "samples/CAM_BACK/n015-2018-11-21-19-38-26+0800__CAM_BACK__1542800451937525.jpg", "samples/CAM_BACK_RIGHT/n015-2018-11-21-19-38-26+0800__CAM_BACK_RIGHT__1542800451927914.jpg"], "intrinsics": [[[1272.5979470598488, 0.0, 826.6154927353808], [0.0, 1272.5979470598488, 479.75165386361925], [0.0, 0.0, 1.0]], [[1266.417203046554, 0.0, 816.2670197447984], [0.0, 1266.417203046554, 491.50706579294757], [0.0, 0.0, 1.0]], [[1260.8474446004698, 0.0, 807.968244525554], [0.0, 1260.8474446004698, 495.3344268742088], [0.0, 0.0, 1.0]], [[1256.7414812095406, 0.0, 792.1125740759628], [0.0, 1256.7414812095406, 492.7757465151356], [0.0, 0.0, 1.0]], [[809.2209905677063, 0.0, 829.2196003259838], [0.0, 809.2209905677063, 481.77842384512485], [0.0, 0.0, 1.0]], [[1259.5137405846733, 0.0, 807.2529053838625], [0.0, 1259.5137405846733, 501.19579884916527], [0.0, 0.0, 1.0]]], "extrinsics": [[[0.8196949362754822, -0.5727895498275757, 0.0035080055240541697, -0.49053955078125], [-0.013320869766175747, -0.0251848716288805, -0.9995940327644348, 1.5007362365722656], [0.572645366191864, 0.819315493106842, -0.028273966163396835, -0.9556884765625], [0.0, 0.0, 0.0, 1.0]], [[0.004484560340642929, -0.9995664358139038, 0.02909991145133972, 0.011962890625], [-0.018982181325554848, -0.029180055484175682, -0.9993939399719238, 1.5116806030273438], [0.9998098015785217, 0.003929531667381525, -0.019104810431599617, -1.21856689453125], [0.0, 0.0, 0.0, 1.0]], [[-0.8334088325500488, -0.5523630976676941, 0.018019717186689377, 0.727294921875], [-0.013715893030166626, -0.011922942474484444, -0.9998348355293274, 1.4986324310302734], [0.5524866580963135, -0.8335183262825012, 0.0023605329915881157, -1.041259765625], [0.0, 0.0, 0.0, 1.0]], [[0.9477144479751587, 0.31853288412094116, -0.019342537969350815, -1.13092041015625], [-0.006240824703127146, -0.04210080951452255, -0.9990938901901245, 1.5884780883789062], [-0.31905850768089294, 0.9469764232635498, -0.037911638617515564, -0.107666015625], [0.0, 0.0, 0.0, 1.0]], [[0.002458393108099699, 0.9994799494743347, -0.032153572887182236, 0.0010986328125], [-0.03123345971107483, -0.03206123411655426, -0.9989978075027466, 1.5749969482421875], [-0.9995090365409851, 0.0034602689556777477, 0.031138397753238678, -0.139862060546875], [0.0, 0.0, 0.0, 1.0]], [[-0.9347014427185059, 0.3553505837917328, -0.007689825724810362, 0.883880615234375], [0.001821366255171597, -0.016846144571900368, -0.9998564124107361, 1.5519981384277344], [-0.3554290533065796, -0.9345812797546387, 0.015098890289664268, -0.15576171875], [0.0, 0.0, 0.0, 1.0]]], "view": [[0.0, -2.0, 100.0], [-2.0, 0.0, 100.0], [0.0, 0.0, 1.0]], "bev": "bev_2d79bf63f3774fa888f36e712cf18059.png", "aux": "aux_2d79bf63f3774fa888f36e712cf18059.npz", "visibility": "visibility_2d79bf63f3774fa888f36e712cf18059.png", "pose": [[0.834575891494751, 0.5508929491043091, 0.0, 1393.2984619140625], [-0.5508929491043091, 0.834575891494751, 0.0, 1438.8028564453125], [0.0, 0.0, 1.0, 0.0], [0.0, 0.0, 0.0, 1.0]], "pose_inverse": [[0.834575891494751, -0.5508929491043091, 0.0, -370.18695068359375], [0.5508929491043091, 0.834575891494751, 0.0, -1968.3485107421875], [0.0, 0.0, 1.0, 0.0], [0.0, 0.0, 0.0, 1.0]], "cam_ids": [0, 1, 2, 3, 4, 5], "cam_channels": ["CAM_FRONT_LEFT", "CAM_FRONT", "CAM_FRONT_RIGHT", "CAM_BACK_LEFT", "CAM_BACK", "CAM_BACK_RIGHT"], "token": "2d79bf63f3774fa888f36e712cf18059", "scene": "scene-1081"}, {"images": ["samples/CAM_FRONT_LEFT/n015-2018-11-21-19-38-26+0800__CAM_FRONT_LEFT__1542800452404844.jpg", "samples/CAM_FRONT/n015-2018-11-21-19-38-26+0800__CAM_FRONT__1542800452412460.jpg", "samples/CAM_FRONT_RIGHT/n015-2018-11-21-19-38-26+0800__CAM_FRONT_RIGHT__1542800452420339.jpg", "samples/CAM_BACK_LEFT/n015-2018-11-21-19-38-26+0800__CAM_BACK_LEFT__1542800452447423.jpg", "samples/CAM_BACK/n015-2018-11-21-19-38-26+0800__CAM_BACK__1542800452437576.jpg", "samples/CAM_BACK_RIGHT/n015-2018-11-21-19-38-26+0800__CAM_BACK_RIGHT__1542800452427893.jpg"], "intrinsics": [[[1272.5979470598488, 0.0, 826.6154927353808], [0.0, 1272.5979470598488, 479.75165386361925], [0.0, 0.0, 1.0]], [[1266.417203046554, 0.0, 816.2670197447984], [0.0, 1266.417203046554, 491.50706579294757], [0.0, 0.0, 1.0]], [[1260.8474446004698, 0.0, 807.968244525554], [0.0, 1260.8474446004698, 495.3344268742088], [0.0, 0.0, 1.0]], [[1256.7414812095406, 0.0, 792.1125740759628], [0.0, 1256.7414812095406, 492.7757465151356], [0.0, 0.0, 1.0]], [[809.2209905677063, 0.0, 829.2196003259838], [0.0, 809.2209905677063, 481.77842384512485], [0.0, 0.0, 1.0]], [[1259.5137405846733, 0.0, 807.2529053838625], [0.0, 1259.5137405846733, 501.19579884916527], [0.0, 0.0, 1.0]]], "extrinsics": [[[0.818973183631897, -0.5738313794136047, 0.0006745335413143039, -0.49542236328125], [-0.016827819868922234, -0.025191649794578552, -0.9995409846305847, 1.4987449645996094], [0.5735849738121033, 0.818585991859436, -0.030287615954875946, -0.9560546875], [0.0, 0.0, 0.0, 1.0]], [[0.003422718495130539, -0.9995720982551575, 0.02905045822262764, 0.009765625], [-0.02257433533668518, -0.029120460152626038, -0.9993209838867188, 1.509979248046875], [0.9997393488883972, 0.002764621749520302, -0.022664347663521767, -1.220977783203125], [0.0, 0.0, 0.0, 1.0]], [[-0.8339375853538513, -0.5514588952064514, 0.0210052989423275, 0.7259521484375], [-0.017374848946928978, -0.0118070924654603, -0.9997792840003967, 1.4972648620605469], [0.5515852570533752, -0.8341186046600342, 0.00026486662682145834, -1.0430908203125], [0.0, 0.0, 0.0, 1.0]], [[0.9475722312927246, 0.31871920824050903, -0.022914065048098564, -1.12646484375], [-0.010113446041941643, -0.0417599081993103, -0.9990764856338501, 1.5884017944335938], [-0.3193817436695099, 0.946928858757019, -0.036347176879644394, -0.1094970703125], [0.0, 0.0, 0.0, 1.0]], [[0.002904357621446252, 0.9994833469390869, -0.032010480761528015, 0.002197265625], [-0.035118117928504944, -0.0318889245390892, -0.9988742470741272, 1.5743026733398438], [-0.9993789792060852, 0.004025307949632406, 0.035007357597351074, -0.142974853515625], [0.0, 0.0, 0.0, 1.0]], [[-0.9343633651733398, 0.35629746317863464, -0.0041381544433534145, 0.882537841796875], [-0.0019468587124720216, -0.016718175262212753, -0.9998583793640137, 1.5509490966796875], [-0.35631608963012695, -0.9342230558395386, 0.016314513981342316, -0.158447265625], [0.0, 0.0, 0.0, 1.0]]], "view": [[0.0, -2.0, 100.0], [-2.0, 0.0, 100.0], [0.0, 0.0, 1.0]], "bev": "bev_94cc3e4da376469194ef603dfc4bb950.png", "aux": "aux_94cc3e4da376469194ef603dfc4bb950.npz", "visibility": "visibility_94cc3e4da376469194ef603dfc4bb950.png", "pose": [[0.8507730960845947, 0.5255332589149475, 0.0, 1398.8082275390625], [-0.5255332589149475, 0.8507730960845947, 0.0, 1435.2130126953125], [0.0, 0.0, 1.0, 0.0], [0.0, 0.0, 0.0, 1.0]], "pose_inverse": [[0.8507730960845947, -0.5255332589149475, 0.0, -435.81622314453125], [0.5255332589149475, 0.8507730960845947, 0.0, -1956.1607666015625], [0.0, 0.0, 1.0, 0.0], [0.0, 0.0, 0.0, 1.0]], "cam_ids": [0, 1, 2, 3, 4, 5], "cam_channels": ["CAM_FRONT_LEFT", "CAM_FRONT", "CAM_FRONT_RIGHT", "CAM_BACK_LEFT", "CAM_BACK", "CAM_BACK_RIGHT"], "token": "94cc3e4da376469194ef603dfc4bb950", "scene": "scene-1081"}, {"images": ["samples/CAM_FRONT_LEFT/n015-2018-11-21-19-38-26+0800__CAM_FRONT_LEFT__1542800452904844.jpg", "samples/CAM_FRONT/n015-2018-11-21-19-38-26+0800__CAM_FRONT__1542800452912460.jpg", "samples/CAM_FRONT_RIGHT/n015-2018-11-21-19-38-26+0800__CAM_FRONT_RIGHT__1542800452920339.jpg", "samples/CAM_BACK_LEFT/n015-2018-11-21-19-38-26+0800__CAM_BACK_LEFT__1542800452947423.jpg", "samples/CAM_BACK/n015-2018-11-21-19-38-26+0800__CAM_BACK__1542800452937525.jpg", "samples/CAM_BACK_RIGHT/n015-2018-11-21-19-38-26+0800__CAM_BACK_RIGHT__1542800452927893.jpg"], "intrinsics": [[[1272.5979470598488, 0.0, 826.6154927353808], [0.0, 1272.5979470598488, 479.75165386361925], [0.0, 0.0, 1.0]], [[1266.417203046554, 0.0, 816.2670197447984], [0.0, 1266.417203046554, 491.50706579294757], [0.0, 0.0, 1.0]], [[1260.8474446004698, 0.0, 807.968244525554], [0.0, 1260.8474446004698, 495.3344268742088], [0.0, 0.0, 1.0]], [[1256.7414812095406, 0.0, 792.1125740759628], [0.0, 1256.7414812095406, 492.7757465151356], [0.0, 0.0, 1.0]], [[809.2209905677063, 0.0, 829.2196003259838], [0.0, 809.2209905677063, 481.77842384512485], [0.0, 0.0, 1.0]], [[1259.5137405846733, 0.0, 807.2529053838625], [0.0, 1259.5137405846733, 501.19579884916527], [0.0, 0.0, 1.0]]], "extrinsics": [[[0.819591224193573, -0.5729446411132812, -0.002185798017308116, -0.499267578125], [-0.017430463805794716, -0.021120499819517136, -0.9996249675750732, 1.4984092712402344], [0.572683572769165, 0.8193219304084778, -0.027296865358948708, -0.95751953125], [0.0, 0.0, 0.0, 1.0]], [[0.0047421446070075035, -0.9996744394302368, 0.025068877264857292, 0.0096435546875], [-0.02267376519739628, -0.025170205160975456, -0.999426007270813, 1.50994873046875], [0.9997316598892212, 0.004171058069914579, -0.022785743698477745, -1.2230224609375], [0.0, 0.0, 0.0, 1.0]], [[-0.8333745002746582, -0.5523970127105713, 0.018555596470832825, 0.7261962890625], [-0.016988733783364296, -0.007955058477818966, -0.9998239874839783, 1.4974002838134766], [0.5524474382400513, -0.8335431814193726, -0.002754980931058526, -1.0440673828125], [0.0, 0.0, 0.0, 1.0]], [[0.947600781917572, 0.31881868839263916, -0.020187154412269592, -1.1212158203125], [-0.008408361114561558, -0.03827842324972153, -0.99923175573349, 1.5883255004882812], [-0.31934648752212524, 0.9470425248146057, -0.033591922372579575, -0.109619140625], [0.0, 0.0, 0.0, 1.0]], [[0.002538831904530