[{"images": ["samples/CAM_FRONT_LEFT/n015-2018-11-21-19-21-35+0800__CAM_FRONT_LEFT__1542799482104844.jpg", "samples/CAM_FRONT/n015-2018-11-21-19-21-35+0800__CAM_FRONT__1542799482112460.jpg", "samples/CAM_FRONT_RIGHT/n015-2018-11-21-19-21-35+0800__CAM_FRONT_RIGHT__1542799482120339.jpg", "samples/CAM_BACK_LEFT/n015-2018-11-21-19-21-35+0800__CAM_BACK_LEFT__1542799482147423.jpg", "samples/CAM_BACK/n015-2018-11-21-19-21-35+0800__CAM_BACK__1542799482137525.jpg", "samples/CAM_BACK_RIGHT/n015-2018-11-21-19-21-35+0800__CAM_BACK_RIGHT__1542799482127893.jpg"], "intrinsics": [[[1272.5979470598488, 0.0, 826.6154927353808], [0.0, 1272.5979470598488, 479.75165386361925], [0.0, 0.0, 1.0]], [[1266.417203046554, 0.0, 816.2670197447984], [0.0, 1266.417203046554, 491.50706579294757], [0.0, 0.0, 1.0]], [[1260.8474446004698, 0.0, 807.968244525554], [0.0, 1260.8474446004698, 495.3344268742088], [0.0, 0.0, 1.0]], [[1256.7414812095406, 0.0, 792.1125740759628], [0.0, 1256.7414812095406, 492.7757465151356], [0.0, 0.0, 1.0]], [[809.2209905677063, 0.0, 829.2196003259838], [0.0, 809.2209905677063, 481.77842384512485], [0.0, 0.0, 1.0]], [[1259.5137405846733, 0.0, 807.2529053838625], [0.0, 1259.5137405846733, 501.19579884916527], [0.0, 0.0, 1.0]]], "extrinsics": [[[0.8174071907997131, -0.5757178664207458, 0.01986137218773365, -0.674896240234375], [0.025705063715577126, 0.00200920132920146, -0.9996675252914429, 1.5172958374023438], [0.5754865407943726, 0.8176459074020386, 0.01644119992852211, -1.08056640625], [0.0, 0.0, 0.0, 1.0]], [[0.0013427422381937504, -0.9999962449073792, 0.00235862098634243, 0.0087890625], [0.020510362461209297, -0.002330587012693286, -0.9997869729995728, 1.5265312194824219], [0.9997887015342712, 0.001390829449519515, 0.02050715684890747, -1.4002685546875], [0.0, 0.0, 0.0, 1.0]], [[-0.8341607451438904, -0.5507064461708069, -0.0299723781645298, 0.84326171875], [0.026312731206417084, 0.014544561505317688, -0.9995478987693787, 1.5096206665039062], [0.5508933663368225, -0.8345723152160645, 0.0023580878041684628, -1.1199951171875], [0.0, 0.0, 0.0, 1.0]], [[0.9471996426582336, 0.3194194734096527, 0.027999121695756912, -1.134521484375], [0.03536360338330269, -0.017278116196393967, -0.9992250800132751, 1.5888614654541016], [-0.31868818402290344, 0.9474558234214783, -0.027661649510264397, -0.107177734375], [0.0, 0.0, 0.0, 1.0]], [[0.0037367474287748337, 0.9999712109565735, -0.006610953249037266, 0.00146484375], [0.009796073660254478, -0.006647287402302027, -0.9999299049377441, 1.580237627029419], [-0.9999449849128723, 0.0036717266775667667, -0.009820629842579365, -0.087158203125], [0.0, 0.0, 0.0, 1.0]], [[-0.9333407878875732, 0.35715949535369873, -0.036222755908966064, 0.978759765625], [0.04227621853351593, 0.009153520688414574, -0.999064028263092, 1.5585250854492188], [-0.35649362206459045, -0.9339985847473145, -0.023642707616090775, -0.121337890625], [0.0, 0.0, 0.0, 1.0]]], "view": [[0.0, -2.0, 100.0], [-2.0, 0.0, 100.0], [0.0, 0.0, 1.0]], "bev": "bev_42c250251b504ee8a5f1e49def135715.png", "aux": "aux_42c250251b504ee8a5f1e49def135715.npz", "visibility": "visibility_42c250251b504ee8a5f1e49def135715.png", "pose": [[-0.9989058375358582, -0.04676658287644386, 0.0, 1940.898681640625], [0.04676658287644386, -0.9989058375358582, 0.0, 2604.437255859375], [0.0, 0.0, 1.0, 0.0], [0.0, 0.0, 0.0, 1.0]], "pose_inverse": [[-0.9989058375358582, 0.04676658287644386, 0.0, 1816.974365234375], [-0.04676658287644386, -0.9989058375358582, 0.0, 2692.356689453125], [0.0, 0.0, 1.0, 0.0], [0.0, 0.0, 0.0, 1.0]], "cam_ids": [0, 1, 2, 3, 4, 5], "cam_channels": ["CAM_FRONT_LEFT", "CAM_FRONT", "CAM_FRONT_RIGHT", "CAM_BACK_LEFT", "CAM_BACK", "CAM_BACK_RIGHT"], "token": "42c250251b504ee8a5f1e49def135715", "scene": "scene-1063"}, {"images": ["samples/CAM_FRONT_LEFT/n015-2018-11-21-19-21-35+0800__CAM_FRONT_LEFT__1542799482604844.jpg", "samples/CAM_FRONT/n015-2018-11-21-19-21-35+0800__CAM_FRONT__1542799482612460.jpg", "samples/CAM_FRONT_RIGHT/n015-2018-11-21-19-21-35+0800__CAM_FRONT_RIGHT__1542799482620339.jpg", "samples/CAM_BACK_LEFT/n015-2018-11-21-19-21-35+0800__CAM_BACK_LEFT__1542799482647447.jpg", "samples/CAM_BACK/n015-2018-11-21-19-21-35+0800__CAM_BACK__1542799482637525.jpg", "samples/CAM_BACK_RIGHT/n015-2018-11-21-19-21-35+0800__CAM_BACK_RIGHT__1542799482627893.jpg"], "intrinsics": [[[1272.5979470598488, 0.0, 826.6154927353808], [0.0, 1272.5979470598488, 479.75165386361925], [0.0, 0.0, 1.0]], [[1266.417203046554, 0.0, 816.2670197447984], [0.0, 1266.417203046554, 491.50706579294757], [0.0, 0.0, 1.0]], [[1260.8474446004698, 0.0, 807.968244525554], [0.0, 1260.8474446004698, 495.3344268742088], [0.0, 0.0, 1.0]], [[1256.7414812095406, 0.0, 792.1125740759628], [0.0, 1256.7414812095406, 492.7757465151356], [0.0, 0.0, 1.0]], [[809.2209905677063, 0.0, 829.2196003259838], [0.0, 809.2209905677063, 481.77842384512485], [0.0, 0.0, 1.0]], [[1259.5137405846733, 0.0, 807.2529053838625], [0.0, 1259.5137405846733, 501.19579884916527], [0.0, 0.0, 1.0]]], "extrinsics": [[[0.8174704313278198, -0.5756791234016418, 0.018319005146622658, -0.694122314453125], [0.021697593852877617, -0.0010032375575974584, -0.999764084815979, 1.5153884887695312], [0.5755616426467896, 0.817674994468689, 0.011670734733343124, -1.09326171875], [0.0, 0.0, 0.0, 1.0]], [[0.0013235920341685414, -0.9999867677688599, 0.004973160568624735, 0.008544921875], [0.015875304117798805, -0.004951525945216417, -0.9998617172241211, 1.5248565673828125], [0.9998730421066284, 0.0014023606199771166, 0.0158685389906168, -1.4208984375], [0.0, 0.0, 0.0, 1.0]], [[-0.8343325853347778, -0.5507236123085022, -0.024342279881238937, 0.85693359375], [0.02102985791862011, 0.012327686883509159, -0.9997028112411499, 1.5080642700195312], [0.5508600473403931, -0.834596574306488, 0.001296249101869762, -1.13018798828125], [0.0, 0.0, 0.0, 1.0]], [[0.9474135637283325, 0.31935355067253113, 0.020510463044047356, -1.135986328125], [0.02762654237449169, -0.017768297344446182, -0.9994603395462036, 1.5887632369995117], [-0.31881675124168396, 0.9474690556526184, -0.02565656043589115, -0.1068115234375], [0.0, 0.0, 0.0, 1.0]], [[0.0037302239798009396, 0.999962329864502, -0.0078379325568676, 0.001953125], [0.0029756813310086727, -0.007849052548408508, -0.9999647736549377, 1.5796079635620117], [-0.9999886155128479, 0.0037067688535898924, -0.0030048470944166183, -0.0797119140625], [0.0, 0.0, 0.0, 1.0]], [[-0.9335236549377441, 0.35714372992515564, -0.03133508935570717, 0.9912109375], [0.03635849431157112, 0.007358354050666094, -0.9993116855621338, 1.55706787109375], [-0.3566673696041107, -0.934020459651947, -0.019854407757520676, -0.1171875], [0.0, 0.0, 0.0, 1.0]]], "view": [[0.0, -2.0, 100.0], [-2.0, 0.0, 100.0], [0.0, 0.0, 1.0]], "bev": "bev_555ff9b6155a4dc89641f371b69a836a.png", "aux": "aux_555ff9b6155a4dc89641f371b69a836a.npz", "visibility": "visibility_555ff9b6155a4dc89641f371b69a836a.png", "pose": [[-0.9996098875999451, 0.02792939357459545, 0.0, 1937.01904296875], [-0.02792939357459545, -0.9996098875999451, 0.0, 2604.4951171875], [0.0, 0.0, 1.0, 0.0], [0.0, 0.0, 0.0, 1.0]], "pose_inverse": [[-0.9996098875999451, -0.02792939357459545, 0.0, 2009.00537109375], [0.02792939357459545, -0.9996098875999451, 0.0, 2549.37939453125], [0.0, 0.0, 1.0, 0.0], [0.0, 0.0, 0.0, 1.0]], "cam_ids": [0, 1, 2, 3, 4, 5], "cam_channels": ["CAM_FRONT_LEFT", "CAM_FRONT", "CAM_FRONT_RIGHT", "CAM_BACK_LEFT", "CAM_BACK", "CAM_BACK_RIGHT"], "token": "555ff9b6155a4dc89641f371b69a836a", "scene": "scene-1063"}, {"images": ["samples/CAM_FRONT_LEFT/n015-2018-11-21-19-21-35+0800__CAM_FRONT_LEFT__1542799483104844.jpg", "samples/CAM_FRONT/n015-2018-11-21-19-21-35+0800__CAM_FRONT__1542799483112460.jpg", "samples/CAM_FRONT_RIGHT/n015-2018-11-21-19-21-35+0800__CAM_FRONT_RIGHT__1542799483120339.jpg", "samples/CAM_BACK_LEFT/n015-2018-11-21-19-21-35+0800__CAM_BACK_LEFT__1542799483147423.jpg", "samples/CAM_BACK/n015-2018-11-21-19-21-35+0800__CAM_BACK__1542799483137525.jpg", "samples/CAM_BACK_RIGHT/n015-2018-11-21-19-21-35+0800__CAM_BACK_RIGHT__1542799483127893.jpg"], "intrinsics": [[[1272.5979470598488, 0.0, 826.6154927353808], [0.0, 1272.5979470598488, 479.75165386361925], [0.0, 0.0, 1.0]], [[1266.417203046554, 0.0, 816.2670197447984], [0.0, 1266.417203046554, 491.50706579294757], [0.0, 0.0, 1.0]], [[1260.8474446004698, 0.0, 807.968244525554], [0.0, 1260.8474446004698, 495.3344268742088], [0.0, 0.0, 1.0]], [[1256.7414812095406, 0.0, 792.1125740759628], [0.0, 1256.7414812095406, 492.7757465151356], [0.0, 0.0, 1.0]], [[809.2209905677063, 0.0, 829.2196003259838], [0.0, 809.2209905677063, 481.77842384512485], [0.0, 0.0, 1.0]], [[1259.5137405846733, 0.0, 807.2529053838625], [0.0, 1259.5137405846733, 501.19579884916527], [0.0, 0.0, 1.0]]], "extrinsics": [[[0.817560613155365, -0.5756592154502869, -0.01452805008739233, -0.731842041015625], [-0.01772153750061989, 6.48565765004605e-05, -0.9998429417610168, 1.5032424926757812], [0.575569748878479, 0.8176897764205933, -0.010148542933166027, -1.120849609375], [0.0, 0.0, 0.0, 1.0]], [[0.001489785616286099, -0.9999902248382568, 0.004163626581430435, 0.0087890625], [-0.02338561974465847, -0.004197332542389631, -0.9997177720069885, 1.5151252746582031], [0.9997254014015198, 0.0013920016353949904, -0.023391643539071083, -1.46044921875], [0.0, 0.0, 0.0, 1.0]], [[-0.8346747756004333, -0.5506841540336609, 0.008053692057728767, 0.883544921875], [-0.018064213916659355, 0.012758715078234673, -0.9997553825378418, 1.5003643035888672], [0.5504467487335205, -0.8346161246299744, -0.020597053691744804, -1.14788818359375], [0.0, 0.0, 0.0, 1.0]], [[0.9476109147071838, 0.3190295696258545, -0.0159247275441885, -1.138427734375], [-0.010606758296489716, -0.018399719148874283, -0.9997744560241699, 1.5885238647460938], [-0.31925061345100403, 0.9475661516189575, -0.014051907695829868, -0.10546875], [0.0, 0.0, 0.0, 1.0]], [[0.0034943032078444958, 0.9999600648880005, -0.008228369057178497, 0.001953125], [-0.035605452954769135, -0.008098789490759373, -0.9993331432342529, 1.5770034790039062], [-0.9993599057197571, 0.003784958040341735, 0.035575732588768005, -0.064208984375], [0.0, 0.0, 0.0, 1.0]], [[-0.9340149164199829, 0.3571985960006714, 0.005035717505961657, 1.0137939453125], [-0.0025286234449595213, 0.007485432084649801, -0.9999688267707825, 1.5510988235473633], [-0.35722512006759644, -0.9339985251426697, -0.0060882847756147385, -0.108154296875], [0.0, 0.0, 0.0, 1.0]]], "view": [[0.0, -2.0, 100.0], [-2.0, 0.0, 100.0], [0.0, 0.0, 1.0]], "bev": "bev_f912cfd531f146f1b2cab1f3406fdef1.png", "aux": "aux_f912cfd531f146f1b2cab1f3406fdef1.npz", "visibility": "visibility_f912cfd531f146f1b2cab1f3406fdef1.png", "pose": [[-0.9954948425292969, 0.0948159247636795, 0.0, 1933.52880859375], [-0.0948159247636795, -0.9954948425292969, 0.0, 2604.310791015625], [0.0, 0.0, 1.0, 0.0], [0.0, 0.0, 0.0, 1.0]], "pose_inverse": [[-0.9954948425292969, -0.0948159247636795, 0.0, 2171.748046875], [0.0948159247636795, -0.9954948425292969, 0.0, 2409.24853515625], [0.0, 0.0, 1.0, 0.0], [0.0, 0.0, 0.0, 1.0]], "cam_ids": [0, 1, 2, 3, 4, 5], "cam_channels": ["CAM_FRONT_LEFT", "CAM_FRONT", "CAM_FRONT_RIGHT", "CAM_BACK_LEFT", "CAM_BACK", "CAM_BACK_RIGHT"], "token": "f912cfd531f146f1b2cab1f3406fdef1", "scene": "scene-1063"}, {"images": ["samples/CAM_FRONT_LEFT/n015-2018-11-21-19-21-35+0800__CAM_FRONT_LEFT__1542799483604844.jpg", "samples/CAM_FRONT/n015-2018-11-21-19-21-35+0800__CAM_FRONT__1542799483612460.jpg", "samples/CAM_FRONT_RIGHT/n015-2018-11-21-19-21-35+0800__CAM_FRONT_RIGHT__1542799483620339.jpg", "samples/CAM_BACK_LEFT/n015-2018-11-21-19-21-35+0800__CAM_BACK_LEFT__1542799483647423.jpg", "samples/CAM_BACK/n015-2018-11-21-19-21-35+0800__CAM_BACK__1542799483637525.jpg", "samples/CAM_BACK_RIGHT/n015-2018-11-21-19-21-35+0800__CAM_BACK_RIGHT__1542799483627893.jpg"], "intrinsics": [[[1272.5979470598488, 0.0, 826.6154927353808], [0.0, 1272.5979470598488, 479.75165386361925], [0.0, 0.0, 1.0]], [[1266.417203046554, 0.0, 816.2670197447984], [0.0, 1266.417203046554, 491.50706579294757], [0.0, 0.0, 1.0]], [[1260.8474446004698, 0.0, 807.968244525554], [0.0, 1260.8474446004698, 495.3344268742088], [0.0, 0.0, 1.0]], [[1256.7414812095406, 0.0, 792.1125740759628], [0.0, 1256.7414812095406, 492.7757465151356], [0.0, 0.0, 1.0]], [[809.2209905677063, 0.0, 829.2196003259838], [0.0, 809.2209905677063, 481.77842384512485], [0.0, 0.0, 1.0]], [[1259.5137405846733, 0.0, 807.2529053838625], [0.0, 1259.5137405846733, 501.19579884916527], [0.0, 0.0, 1.0]]], "extrinsics": [[[0.8176831007003784, -0.5751280784606934, -0.02493876777589321, -0.7703857421875], [-0.03487638384103775, -0.006250298582017422, -0.9993720650672913, 1.5000228881835938], [0.5746110677719116, 0.8180394768714905, -0.025169149041175842, -1.146728515625], [0.0, 0.0, 0.0, 1.0]], [[0.002195417182520032, -0.999943196773529, 0.010430727154016495, 0.008056640625], [-0.040275607258081436, -0.010510709136724472, -0.9991333484649658, 1.5127182006835938], [0.9991862177848816, 0.0017734408611431718, -0.040296394377946854, -1.498046875], [0.0, 0.0, 0.0, 1.0]], [[-0.8341947793960571, -0.550884485244751, 0.025404268875718117, 0.906982421875], [-0.03469560667872429, 0.006452252622693777, -0.9993770718574524, 1.4983863830566406], [0.5503774881362915, -0.834556519985199, -0.02449570596218109, -1.16400146484375], [0.0, 0.0, 0.0, 1.0]], [[0.9473179578781128, 0.31861209869384766, -0.03278784453868866, -1.141357421875], [-0.02630520984530449, -0.024629171937704086, -0.9993504881858826, 1.5885391235351562], [-0.3192127048969269, 0.9475651383399963, -0.01495049986988306, -0.1041259765625], [0.0, 0.0, 0.0, 1.0]], [[0.0033148974180221558, 0.9998888969421387, -0.014538032002747059, 0.00244140625], [-0.0516432523727417, -0.014347534626722336, -0.9985625743865967, 1.5764007568359375], [-0.998660147190094, 0.0040609571151435375, 0.05158994346857071, -0.055419921875], [0.0, 0.0, 0.0, 1.0]], [[-0.9338982701301575, 0.3570806682109833, 0.01809840090572834, 1.0328369140625], [-0.018919944763183594, 0.0011925831204280257, -0.9998202919960022, 1.5493507385253906], [-0.35703811049461365, -0.9340728521347046, 0.005642194766551256, -0.101318359375], [0.0, 0.0, 0.0, 1.0]]], "view": [[0.0, -2.0, 100.0], [-2.0, 0.0, 100.0], [0.0, 0.0, 1.0]], "bev": "bev_2ee8eafc070e45679c9c4cf8a695aeb7.png", "aux": "aux_2ee8eafc070e45679c9c4cf8a695aeb7.npz", "visibility": "visibility_2ee8eafc070e45679c9c4cf8a695aeb7.png", "pose": [[-0.9880623817443848, 0.1540544033050537, 0.0, 1930.5447998046875], [-0.1540544033050537, -0.9880623817443848, 0.0, 2603.955322265625], [0.0, 0.0, 1.0, 0.0], [0.0, 0.0, 0.0, 1.0]], "pose_inverse": [[-0.9880623817443848, -0.1540544033050537, 0.0, 2308.6494140625], [0.1540544033050537, -0.9880623817443848, 0.0, 2275.46142578125], [0.0, 0.0, 1.0, 0.0], [0.0, 0.0, 0.0, 1.0]], "cam_ids": [0, 1, 2, 3, 4, 5], "cam_channels": ["CAM_FRONT_LEFT", "CAM_FRONT", "CAM_FRONT_RIGHT", "CAM_BACK_LEFT", "CAM_BACK", "CAM_BACK_RIGHT"], "token": "2ee8eafc070e45679c9c4cf8a695aeb7", "scene": "scene-1063"}, {"images": ["samples/CAM_FRONT_LEFT/n015-2018-11-21-19-21-35+0800__CAM_FRONT_LEFT__1542799484104844.jpg", "samples/CAM_FRONT/n015-2018-11-21-19-21-35+0800__CAM_FRONT__1542799484112460.jpg", "samples/CAM_FRONT_RIGHT/n015-2018-11-21-19-21-35+0800__CAM_FRONT_RIGHT__1542799484120339.jpg", "samples/CAM_BACK_LEFT/n015-2018-11-21-19-21-35+0800__CAM_BACK_LEFT__1542799484147423.jpg", "samples/CAM_BACK/n015-2018-11-21-19-21-35+0800__CAM_BACK__1542799484137525.jpg", "samples/CAM_BACK_RIGHT/n015-2018-11-21-19-21-35+0800__CAM_BACK_RIGHT__1542799484127893.jpg"], "intrinsics": [[[1272.5979470598488, 0.0, 826.6154927353808], [0.0, 1272.5979470598488, 479.75165386361925], [0.0, 0.0, 1.0]], [[1266.417203046554, 0.0, 816.2670197447984], [0.0, 1266.417203046554, 491.50706579294757], [0.0, 0.0, 1.0]], [[1260.8474446004698, 0.0, 807.968244525554], [0.0, 1260.8474446004698, 495.3344268742088], [0.0, 0.0, 1.0]], [[1256.7414812095406, 0.0, 792.1125740759628], [0.0, 1256.7414812095406, 492.7757465151356], [0.0, 0.0, 1.0]], [[809.2209905677063, 0.0, 829.2196003259838], [0.0, 809.2209905677063, 481.77842384512485], [0.0, 0.0, 1.0]], [[1259.5137405846733, 0.0, 807.2529053838625], [0.0, 1259.5137405846733, 501.19579884916527], [0.0, 0.0, 1.0]]], "extrinsics": [[[0.8185284733772278, -0.5740221738815308, -0.02257543057203293, -0.7874755859375], [-0.03348115086555481, -0.008437488228082657, -0.999403715133667, 1.501129150390625], [0.5734894275665283, 0.8187963366508484, -0.026125244796276093, -1.161376953125], [0.0, 0.0, 0.0, 1.0]], [[0.003310388419777155, -0.9999170303344727, 0.012447512708604336, 0.009765625], [-0.03876829147338867, -0.012566551566123962, -0.9991692304611206, 1.51373291015625], [0.9992426633834839, 0.0028250915929675102, -0.038806673139333725, -1.51611328125], [0.0, 0.0, 0.0, 1.0]], [[-0.8337671756744385, -0.5515454411506653, 0.02509923465549946, 0.919189453125], [-0.03309229761362076, 0.00454367371276021, -0.999441921710968, 1.49908447265625], [0.5511236190795898, -0.8341325521469116, -0.022040268406271935, -1.170562744140625], [0.0, 0.0, 0.0, 1.0]], [[0.9473361968994141, 0.31870198249816895, -0.0313580147922039, -1.13720703125], [-0.024355553090572357, -0.02593417279422283, -0.9993669390678406, 1.5884475708007812], [-0.3193134367465973, 0.9475001096725464, -0.016806216910481453, -0.1060791015625], [0.0, 0.0, 0.0, 1.0]], [[0.0030291746370494366, 0.9998669624328613, -0.016033699735999107, 0.00146484375], [-0.04981246218085289, -0.015862997621297836, -0.9986326098442078, 1.5767059326171875], [-0.9987540245056152, 0.003823714330792427, 0.04975777491927147, -0.0517578125], [0.0, 0.0, 0.0, 1.0]], [[-0.9341462254524231, 0.3565363883972168, 0.015896853059530258, 1.041259765625], [-0.017217503860592842, -0.0005305802333168685, -0.999851644039154, 1.5497093200683594], [-0.3564750850200653, -0.9342813491821289, 0.0066343042999506, -0.097412109375], [0.0, 0.0, 0.0, 1.0]]], "view": [[0.0, -2.0, 100.0], [-2.0, 0.0, 100.0], [0.0, 0.0, 1.0]], "bev": "bev_7feaed03e4124fa58ff3084605916be6.png", "aux": "aux_7feaed03e4124fa58ff3084605916be6.npz", "visibility": "visibility_7feaed03e4124fa58ff3084605916be6.png", "pose": [[-0.9790171980857849, 0.2037777602672577, 0.0, 1927.919189453125], [-0.2037777602672577, -0.9790171980857849, 0.0, 2603.501953125], [0.0, 0.0, 1.0, 0.0], [0.0, 0.0, 0.0, 1.0]], "pose_inverse": [[-0.9790171980857849, -0.2037777602672577, 0.0, 2418.001708984375], [0.2037777602672577, -0.9790171980857849, 0.0, 2156.006103515625], [0.0, 0.0, 1.0, 0.0], [0.0, 0.0, 0.0, 1.0]], "cam_ids": [0, 1, 2, 3, 4, 5], "cam_channels": ["CAM_FRONT_LEFT", "CAM_FRONT", "CAM_FRONT_RIGHT", "CAM_BACK_LEFT", "CAM_BACK", "CAM_BACK_RIGHT"], "token": "7feaed03e4124fa58ff3084605916be6", "scene": "scene-1063"}, {"images": ["samples/CAM_FRONT_LEFT/n015-2018-11-21-19-21-35+0800__CAM_FRONT_LEFT__1542799484604844.jpg", "samples/CAM_FRONT/n015-2018-11-21-19-21-35+0800__CAM_FRONT__1542799484612460.jpg", "samples/CAM_FRONT_RIGHT/n015-2018-11-21-19-21-35+0800__CAM_FRONT_RIGHT__1542799484620339.jpg", "samples/CAM_BACK_LEFT/n015-2018-11-21-19-21-35+0800__CAM_BACK_LEFT__1542799484647423.jpg", "samples/CAM_BACK/n015-2018-11-21-19-21-35+0800__CAM_BACK__1542799484637525.jpg", "samples/CAM_BACK_RIGHT/n015-2018-11-21-19-21-35+0800__CAM_BACK_RIGHT__1542799484627893.jpg"], "intrinsics": [[[1272.5979470598488, 0.0, 826.6154927353808], [0.0, 1272.5979470598488, 479.75165386361925], [0.0, 0.0, 1.0]], [[1266.417203046554, 0.0, 816.2670197447984], [0.0, 1266.417203046554, 491.50706579294757], [0.0, 0.0, 1.0]], [[1260.8474446004698, 0.0, 807.968244525554], [0.0, 1260.8474446004698, 495.3344268742088], [0.0, 0.0, 1.0]], [[1256.7414812095406, 0.0, 792.1125740759628], [0.0, 1256.7414812095406, 492.7757465151356], [0.0, 0.0, 1.0]], [[809.2209905677063, 0.0, 829.2196003259838], [0.0, 809.2209905677063, 481.77842384512485], [0.0, 0.0, 1.0]], [[1259.5137405846733, 0.0, 807.2529053838625], [0.0, 1259.5137405846733, 501.19579884916527], [0.0, 0.0, 1.0]]], "extrinsics": [[[0.8183090090751648, -0.5740789175033569, -0.028350908309221268, -0.822021484375], [-0.03912283107638359, -0.006420619320124388, -0.9992138147354126, 1.5015106201171875], [0.5734454393386841, 0.8187748193740845, -0.02771364152431488, -1.183349609375], [0.0, 0.0, 0.0, 1.0]], [[0.0032226303592324257, -0.9999424815177917, 0.010222597047686577, 0.007568359375], [-0.044427454471588135, -0.010355722159147263, -0.9989590048789978, 1.5142364501953125], [0.9990074634552002, 0.002765057608485222, -0.04445827379822731, -1.55029296875], [0.0, 0.0, 0.0, 1.0]], [[-0.8337100148200989, -0.5514660477638245, 0.028509151190519333, 0.941162109375], [-0.0387692004442215, 0.006954640615731478, -0.9992239475250244, 1.49932861328125], [0.5508397817611694, -0.8341683149337769, -0.027178054675459862, -1.186065673828125], [0.0, 0.0, 0.0, 1.0]], [[0.9471830129623413, 0.31865566968917847, -0.03609354794025421, -1.137939453125], [-0.03029230795800686, -0.02314392849802971, -0.9992731213569641, 1.5884475708007812], [-0.319259375333786, 0.9475879073143005, -0.012268719263374805, -0.10546875], [0.0, 0.0, 0.0, 1.0]], [[0.00309116393327713, 0.9999064207077026, -0.013325578533113003, 0.001953125], [-0.055625174194574356, -0.013133077882230282, -0.9983653426170349, 1.5770111083984375], [-0.9984468817710876, 0.0038273329846560955, 0.05557937175035477, -0.040771484375], [0.0, 0.0, 0.0, 1.0]], [[-0.9339795708656311, 0.3566390872001648, 0.022149797528982162, 1.0599365234375], [-0.022928673774003983, 0.0020441212691366673, -0.9997349977493286, 1.5495834350585938], [-0.3565898835659027, -0.9342399835586548, 0.006268093828111887, -0.09130859375], [0.0, 0.0, 0.0, 1.0]]], "view": [[0.0, -2.0, 100.0], [-2.0, 0.0, 100.0], [0.0, 0.0, 1.0]], "bev": "bev_291a44ae4e5d4bb8b265bac70f4764ea.png", "aux": "aux_291a44ae4e5d4bb8b265bac70f4764ea.npz", "visibility": "visibility_291a44ae4e5d4bb8b265bac70f4764ea.png", "pose": [[-0.9693227410316467, 0.24579131603240967, 0.0, 1925.7523193359375], [-0.24579131603240967, -0.9693227410316467, 0.0, 2603.022705078125], [0.0, 0.0, 1.0, 0.0], [0.0, 0.0, 0.0, 1.0]], "pose_inverse": [[-0.9693227410316467, -0.24579131603240967, 0.0, 2506.475830078125], [0.24579131603240967, -0.9693227410316467, 0.0, 2049.8359375], [0.0, 0.0, 1.0, 0.0], [0.0, 0.0, 0.0, 1.0]], "cam_ids": [0, 1, 2, 3, 4, 5], "cam_channels": ["CAM_FRONT_LEFT", "CAM_FRONT", "CAM_FRONT_RIGHT", "CAM_BACK_LEFT", "CAM_BACK", "CAM_BACK_RIGHT"], "token": "291a44ae4e5d4bb8b265bac70f4764ea", "scene": "scene-1063"}, {"images": ["samples/CAM_FRONT_LEFT/n015-2018-11-21-19-21-35+0800__CAM_FRONT_LEFT__1542799485104844.jpg", "samples/CAM_FRONT/n015-2018-11-21-19-21-35+0800__CAM_FRONT__1542799485112460.jpg", "samples/CAM_FRONT_RIGHT/n015-2018-11-21-19-21-35+0800__CAM_FRONT_RIGHT__1542799485120339.jpg", "samples/CAM_BACK_LEFT/n015-2018-11-21-19-21-35+0800__CAM_BACK_LEFT__1542799485147423.jpg", "samples/CAM_BACK/n015-2018-11-21-19-21-35+0800__CAM_BACK__1542799485137525.jpg", "samples/CAM_BACK_RIGHT/n015-2018-11-21-19-21-35+0800__CAM_BACK_RIGHT__1542799485127893.jpg"], "intrinsics": [[[1272.5979470598488, 0.0, 826.6154927353808], [0.0, 1272.5979470598488, 479.75165386361925], [0.0, 0.0, 1.0]], [[1266.417203046554, 0.0, 816.2670197447984], [0.0, 1266.417203046554, 491.50706579294757], [0.0, 0.0, 1.0]], [[1260.8474446004698, 0.0, 807.968244525554], [0.0, 1260.8474446004698, 495.3344268742088], [0.0, 0.0, 1.0]], [[1256.7414812095406, 0.0, 792.1125740759628], [0.0, 1256.7414812095406, 492.7757465151356], [0.0, 0.0, 1.0]], [[809.2209905677063, 0.0, 829.2196003259838], [0.0, 809.2209905677063, 481.77842384512485], [0.0, 0.0, 1.0]], [[1259.5137405846733, 0.0, 807.2529053838625], [0.0, 1259.5137405846733, 501.19579884916527], [0.0, 0.0, 1.0]]], "extrinsics": [[[0.8194887042045593, -0.5730492472648621, -0.007263633888214827, -0.84893798828125], [-0.015751875936985016, -0.009852737188339233, -0.9998273849487305, 1.5060577392578125], [0.5728787779808044, 0.8194617629051208, -0.017100807279348373, -1.20166015625], [0.0, 0.0, 0.0, 1.0]], [[0.004096072632819414, -0.999895453453064, 0.01386498287320137, 0.007080078125], [-0.02013235352933407, -0.013944745063781738, -0.999700129032135, 1.5182342529296875], [0.9997889399528503, 0.003815660485997796, -0.020187368616461754, -1.5771484375], [0.0, 0.0, 0.0, 1.0]], [[-0.8336378335952759, -0.5522297024726868, 0.009504573419690132, 0.95849609375], [-0.01353006437420845, 0.003215183038264513, -0.9999032616615295, 1.502431869506836], [0.5521457195281982, -0.8336857557296753, -0.010152001865208149, -1.1981658935546875], [0.0, 0.0, 0.0, 1.0]], [[0.9477076530456543, 0.3189801573753357, -0.010092617012560368, -1.140380859375], [-0.0015902932500466704, -0.026903921738266945, -0.999636709690094, 1.5885658264160156], [-0.3191358149051666, 0.947379469871521, -0.0249897800385952, -0.10498046875], [0.0, 0.0, 0.0, 1.0]], [[0.0028189769946038723, 0.9998494982719421, -0.017120087519288063, 0.002197265625], [-0.02817472442984581, -0.01703394576907158, -0.9994578957557678, 1.5784072875976562], [-0.999599039554596, 0.0032998211681842804, 0.028122464194893837, -0.031982421875], [0.0, 0.0, 0.0, 1.0]], [[-0.934529721736908, 0.35586562752723694, -0.003725640941411257, 1.0748291015625], [0.0032978833187371492, -0.0018086751224473119, -0.9999929666519165, 1.551668643951416], [-0.355869859457016, -0.9345354437828064, 0.0005166560295037925, -0.0859375], [0.0, 0.0, 0.0, 1.0]]], "view": [[0.0, -2.0, 100.0], [-2.0, 0.0, 100.0], [0.0, 0.0, 1.0]], "bev": "bev_44472e91e4904f67a5619e31e76db0ee.png", "aux": "aux_44472e91e4904f67a5619e31e76db0ee.npz", "visibility": "visibility_44472e91e4904f67a5619e31e76db0ee.png", "pose": [[-0.961224377155304, 0.27576744556427, 0.0, 1924.038330078125], [-0.27576744556427, -0.961224377155304, 0.0, 2602.572509765625], [0.0, 0.0, 1.0, 0.0], [0.0, 0.0, 0.0, 1.0]], "pose_inverse": [[-0.961224377155304, -0.27576744556427, 0.0, 2567.13720703125], [0.27576744556427, -0.961224377155304, 0.0, 1971.069091796875], [0.0, 0.0, 1.0, 0.0], [0.0, 0.0, 0.0, 1.0]], "cam_ids": [0, 1, 2, 3, 4, 5], "cam_channels": ["CAM_FRONT_LEFT", "CAM_FRONT", "CAM_FRONT_RIGHT", "CAM_BACK_LEFT", "CAM_BACK", "CAM_BACK_RIGHT"], "token": "44472e91e4904f67a5619e31e76db0ee", "scene": "scene-1063"}, {"images": ["samples/CAM_FRONT_LEFT/n015-2018-11-21-19-21-35+0800__CAM_FRONT_LEFT__1542799485604844.jpg", "samples/CAM_FRONT/n015-2018-11-21-19-21-35+0800__CAM_FRONT__1542799485612460.jpg", "samples/CAM_FRONT_RIGHT/n015-2018-11-21-19-21-35+0800__CAM_FRONT_RIGHT__1542799485620339.jpg", "samples/CAM_BACK_LEFT/n015-2018-11-21-19-21-35+0800__CAM_BACK_LEFT__1542799485647423.jpg", "samples/CAM_BACK/n015-2018-11-21-19-21-35+0800__CAM_BACK__1542799485637525.jpg", "samples/CAM_BACK_RIGHT/n015-2018-11-21-19-21-35+0800__CAM_BACK_RIGHT__1542799485627893.jpg"], "intrinsics": [[[1272.5979470598488, 0.0, 826.6154927353808], [0.0, 1272.5979470598488, 479.75165386361925], [0.0, 0.0, 1.0]], [[1266.417203046554, 0.0, 816.2670197447984], [0.0, 1266.417203046554, 491.50706579294757], [0.0, 0.0, 1.0]], [[1260.8474446004698, 0.0, 807.968244525554], [0.0, 1260.8474446004698, 495.3344268742088], [0.0, 0.0, 1.0]], [[1256.7414812095406, 0.0, 792.1125740759628], [0.0, 1256.7414812095406, 492.7757465151356], [0.0, 0.0, 1.0]], [[809.2209905677063, 0.0, 829.2196003259838], [0.0, 809.2209905677063, 481.77842384512485], [0.0, 0.0, 1.0]], [[1259.5137405846733, 0.0, 807.2529053838625], [0.0, 1259.5137405846733, 501.19579884916527], [0.0, 0.0, 1.0]]], "extrinsics": [[[0.8194542527198792, -0.5731419324874878, 0.0016967857955023646, -0.850341796875], [0.0007264124578796327, -0.0019218978704884648, -0.9999979138374329, 1.5083502531051636], [0.5731439590454102, 0.8194538354873657, -0.0011585700558498502, -1.20068359375], [0.0, 0.0, 0.0, 1.0]], [[0.0038399554323405027, -0.9999734163284302, 0.006195154506713152, 0.0057373046875], [-0.004850818309932947, -0.006213754415512085, -0.999968945980072, 1.5199756622314453], [0.9999808073043823, 0.0038098145741969347, -0.004874550271779299, -1.577392578125], [0.0, 0.0, 0.0, 1.0]], [[-0.8336969017982483, -0.5521856546401978, -0.006361807230859995, 0.957763671875], [0.0005179084837436676, 0.010738528333604336, -0.9999421834945679, 1.5036869049072266], [0.5522220134735107, -0.8336520791053772, -0.008666695095598698, -1.19915771484375], [0.0, 0.0, 0.0, 1.0]], [[0.9477638006210327, 0.3189699053764343, 0.0014240731252357364, -1.139892578125], [0.008374836295843124, -0.0204208642244339, -0.999756395816803, 1.5885725021362305], [-0.3188631236553192, 0.9475448131561279, -0.022025475278496742, -0.10430908203125], [0.0, 0.0, 0.0, 1.0]], [[0.002944869687780738, 0.9999443888664246, -0.010125798173248768, 0.0029296875], [-0.016825614497065544, -0.010074860416352749, -0.9998076558113098, 1.5787887573242188], [-0.9998540878295898, 0.003114666324108839, 0.01679500937461853, -0.031982421875], [0.0, 0.0, 0.0, 1.0]], [[-0.9344128370285034, 0.35595089197158813, -0.013101622462272644, 1.0753173828125], [0.016124533489346504, 0.005526749882847071, -0.9998547434806824, 1.5525054931640625], [-0.355826735496521, -0.9344882965087891, -0.010903810150921345, -0.0869140625], [0.0, 0.0, 0.0, 1.0]]], "view": [[0.0, -2.0, 100.0], [-2.0, 0.0, 100.0], [0.0, 0.0, 1.0]], "bev": "bev_55b9812e9276478b9860edab6a2ef3e6.png", "aux": "aux_55b9812e9276478b9860edab6a2ef3e6.npz", "visibility": "visibility_55b9812e9276478b9860edab6a2ef3e6.png", "pose": [[-0.9529322981834412, 0.3031831681728363, 0.0, 1922.54736328125], [-0.3031831681728363, -0.9529322981834412, 0.0, 2602.127197265625], [0.0, 0.0, 1.0, 0.0], [0.0, 0.0, 0.0, 1.0]], "pose_inverse": [[-0.9529322981834412, -0.3031831681728363, 0.0, 2620.978759765625], [0.3031831681728363, -0.9529322981834412, 0.0, 1896.76708984375], [0.0, 0.0, 1.0, 0.0], [0.0, 0.0, 0.0, 1.0]], "cam_ids": [0, 1, 2, 3, 4, 5], "cam_channels": ["CAM_FRONT_LEFT", "CAM_FRONT", "CAM_FRONT_RIGHT", "CAM_BACK_LEFT", "CAM_BACK", "CAM_BACK_RIGHT"], "token": "55b9812e9276478b9860edab6a2ef3e6", "scene": "scene-1063"}, {"images": ["samples/CAM_FRONT_LEFT/n015-2018-11-21-19-21-35+0800__CAM_FRONT_LEFT__1542799486104844.jpg", "samples/CAM_FRONT/n015-2018-11-21-19-21-35+0800__CAM_FRONT__1542799486112460.jpg", "samples/CAM_FRONT_RIGHT/n015-2018-11-21-19-21-35+0800__CAM_FRONT_RIGHT__1542799486120339.jpg", "samples/CAM_BACK_LEFT/n015-2018-11-21-19-21-35+0800__CAM_BACK_LEFT__1542799486147423.jpg", "samples/CAM_BACK/n015-2018-11-21-19-21-35+0800__CAM_BACK__1542799486137525.jpg", "samples/CAM_BACK_RIGHT/n015-2018-11-21-19-21-35+0800__CAM_BACK_RIGHT__1542799486127893.jpg"], "intrinsics": [[[1272.5979470598488, 0.0, 826.6154927353808], [0.0, 1272.5979470598488, 479.75165386361925], [0.0, 0.0, 1.0]], [[1266.417203046554, 0.0, 816.2670197447984], [0.0, 1266.417203046554, 491.50706579294757], [0.0, 0.0, 1.0]], [[1260.8474446004698, 0.0, 807.968244525554], [0.0, 1260.8474446004698, 495.3344268742088], [0.0, 0.0, 1.0]], [[1256.7414812095406, 0.0, 792.1125740759628], [0.0, 1256.7414812095406, 492.7757465151356], [0.0, 0.0, 1.0]], [[809.2209905677063, 0.0, 829.2196003259838], [0.0, 809.2209905677063, 481.77842384512485], [0.0, 0.0, 1.0]], [[1259.5137405846733, 0.0, 807.2529053838625], [0.0, 1259.5137405846733, 501.19579884916527], [0.0, 0.0, 1.0]]], "extrinsics": [[[0.8182600140571594, -0.5735718011856079, -0.0382881797850132, -0.8419189453125], [-0.05551644787192345, -0.01255427673459053, -0.9983788728713989, 1.499969482421875], [0.5721612572669983, 0.8190590739250183, -0.04211533069610596, -1.195556640625], [0.0, 0.0, 0.0, 1.0]], [[0.004047431983053684, -0.9998605251312256, 0.016203900799155235, 0.0064697265625], [-0.06177625060081482, -0.016423091292381287, -0.9979549050331116, 1.5129241943359375], [0.9980818033218384, 0.003038172610104084, -0.06183410435914993, -1.5693359375], [0.0, 0.0, 0.0, 1.0]], [[-0.8328409790992737, -0.5515023469924927, 0.04712672531604767, 0.952392578125], [-0.057127196341753006, 0.0009576258016750216, -0.9983664155006409, 1.498138427734375], [0.5505564212799072, -0.8341727256774902, -0.0323033407330513, -1.1951980590820312], [0.0, 0.0, 0.0, 1.0]], [[0.9464155435562134, 0.3176974654197693, -0.05801660567522049, -1.142578125], [-0.05151848867535591, -0.028824660927057266, -0.9982559680938721, 1.58856201171875], [-0.31881576776504517, 0.9477538466453552, -0.010912810452282429, -0.103271484375], [0.0, 0.0, 0.0, 1.0]], [[0.002964760409668088, 0.9998109936714172, -0.01921488717198372, 0.0025634765625], [-0.07571621239185333, -0.018935371190309525, -0.9969496130943298, 1.5766448974609375], [-0.997124969959259, 0.0044105988927185535, 0.07564575225114822, -0.033935546875], [0.0, 0.0, 0.0, 1.0]], [[-0.9334364533424377, 0.3567340672016144, 0.03791067749261856, 1.0709228515625], [-0.042066335678100586, -0.003894838271662593, -0.9991072416305542, 1.5485076904296875], [-0.35626789927482605, -0.9341978430747986, 0.018642079085111618, -0.088134765625], [0.0, 0.0, 0.0, 1.0]]], "view": [[0.0, -2.0, 100.0], [-2.0, 0.0, 100.0], [0.0, 0.0, 1.0]], "bev": "bev_3ec53763334042498b721e8110e0b5b2.png", "aux": "aux_3ec53763334042498b721e8110e0b5b2.npz", "visibility": "visibility_3ec53763334042498b721e8110e0b5b2.png", "pose": [[-0.9454553723335266, 0.3257516622543335, 0.0, 1920.9881591796875], [-0.3257516622543335, -0.9454553723335266, 0.0, 2601.62109375], [0.0, 0.0, 1.0, 0.0], [0.0, 0.0, 0.0, 1.0]], "pose_inverse": [[-0.9454553723335266, -0.3257516622543335, 0.0, 2663.69091796875], [0.3257516622543335, -0.9454553723335266, 0.0, 1833.9515380859375], [0.0, 0.0, 1.0, 0.0], [0.0, 0.0, 0.0, 1.0]], "cam_ids": [0, 1, 2, 3, 4, 5], "cam_channels": ["CAM_FRONT_LEFT", "CAM_FRONT", "CAM_FRONT_RIGHT", "CAM_BACK_LEFT", "CAM_BACK", "CAM_BACK_RIGHT"], "token": "3ec53763334042498b721e8110e0b5b2", "scene": "scene-1063"}, {"images": ["samples/CAM_FRONT_LEFT/n015-2018-11-21-19-21-35+0800__CAM_FRONT_LEFT__1542799486604844.jpg", "samples/CAM_FRONT/n015-2018-11-21-19-21-35+0800__CAM_FRONT__1542799486612460.jpg", "samples/CAM_FRONT_RIGHT/n015-2018-11-21-19-21-35+0800__CAM_FRONT_RIGHT__1542799486620339.jpg", "samples/CAM_BACK_LEFT/n015-2018-11-21-19-21-35+0800__CAM_BACK_LEFT__1542799486647423.jpg", "samples/CAM_BACK/n015-2018-11-21-19-21-35+0800__CAM_BACK__1542799486637525.jpg", "samples/CAM_BACK_RIGHT/n015-2018-11-21-19-21-35+0800__CAM_BACK_RIGHT__1542799486627893.jpg"], "intrinsics": [[[1272.5979470598488, 0.0, 826.6154927353808], [0.0, 1272.5979470598488, 479.75165386361925], [0.0, 0.0, 1.0]], [[1266.417203046554, 0.0, 816.2670197447984], [0.0, 1266.417203046554, 491.50706579294757], [0.0, 0.0, 1.0]], [[1260.8474446004698, 0.0, 807.968244525554], [0.0, 1260.8474446004698, 495.3344268742088], [0.0, 0.0, 1.0]], [[1256.7414812095406, 0.0, 792.1125740759628], [0.0, 1256.7414812095406, 492.7757465151356], [0.0, 0.0, 1.0]], [[809.2209905677063, 0.0, 829.2196003259838], [0.0, 809.2209905677063, 481.77842384512485], [0.0, 0.0, 1.0]], [[1259.5137405846733, 0.0, 807.2529053838625], [0.0, 1259.5137405846733, 501.19579884916527], [0.0, 0.0, 1.0]]], "extrinsics": [[[0.8197243809700012, -0.57236647605896, -0.021177800372242928, -0.7838134765625], [-0.042989104986190796, -0.024612590670585632, -0.9987723231315613, 1.498809814453125], [0.5711425542831421, 0.8196284174919128, -0.04478106275200844, -1.1552734375], [0.0, 0.0, 0.0, 1.0]], [[0.00544861052185297, -0.9995688796043396, 0.028846684843301773, 0.00634765625], [-0.04743436351418495, -0.02907298505306244, -0.9984511733055115, 1.511932373046875], [0.9988594651222229, 0.004071857780218124, -0.04757232964038849, -1.51123046875], [0.0, 0.0, 0.0, 1.0]], [[-0.8327044248580933, -0.5522044897079468, 0.04090917855501175, 0.915283203125], [-0.04092899709939957, -0.012296258471906185, -0.9990863800048828, 1.4978790283203125], [0.5522030591964722, -0.8336179256439209, -0.012362026609480381, -1.1702117919921875], [0.0, 0.0, 0.0, 1.0]], [[0.9472402930259705, 0.3177576959133148, -0.042022887617349625, -1.14208984375], [-0.029557516798377037, -0.04395119845867157, -0.9985963106155396, 1.5885467529296875], [-0.3191586136817932, 0.9471527338027954, -0.03224021568894386, -0.1036376953125], [0.0, 0.0, 0.0, 1.0]], [[0.0023110827896744013, 0.9994338154792786, -0.033568624407052994, 0.0023193359375], [-0.055850882083177567, -0.033387310802936554, -0.9978806972503662, 1.5764617919921875], [-0.998436450958252, 0.004181056749075651, 0.05574209615588188, -0.050537109375], [0.0, 0.0, 0.0, 1.0]], [[-0.9344125390052795, 0.35581690073013306, 0.01635442115366459, 1.0408935546875], [-0.024213850498199463, -0.017645718529820442, -0.9995510578155518, 1.5489883422851562], [-0.35536858439445496, -0.934389054775238, 0.02510407753288746, -0.099609375], [0.0, 0.0, 0.0, 1.0]]], "view": [[0.0, -2.0, 100.0], [-2.0, 0.0, 100.0], [0.0, 0.0, 1.0]], "bev": "bev_b615d1afcff44bbab1a3e34f76a64942.png", "aux": "aux_b615d1afcff44bbab1a3e34f76a64942.npz", "visibility": "visibility_b615d1afcff44bbab1a3e34f76a64942.png", "pose": [[-0.943047285079956, 0.3326586186885834, 0.0, 1918.913818359375], [-0.3326586186885834, -0.943047285079956, 0.0, 2600.91796875], [0.0, 0.0, 1.0, 0.0], [0.0, 0.0, 0.0, 1.0]], "pose_inverse": [[-0.943047285079956, -0.3326586186885834, 0.0, 2674.84423828125], [0.3326586186885834, -0.943047285079956, 0.0, 1814.4454345703125], [0.0, 0.0, 1.0, 0.0], [0.0, 0.0, 0.0, 1.0]], "cam_ids": [0, 1, 2, 3, 4, 5], "cam_channels": ["CAM_FRONT_LEFT", "CAM_FRONT", "CAM_FRONT_RIGHT", "CAM_BACK_LEFT", "CAM_BACK", "CAM_BACK_RIGHT"], "token": "b615d1afcff44bbab1a3e34f76a64942", "scene": "scene-1063"}, {"images": ["samples/CAM_FRONT_LEFT/n015-2018-11-21-19-21-35+0800__CAM_FRONT_LEFT__1542799487104844.jpg", "samples/CAM_FRONT/n015-2018-11-21-19-21-35+0800__CAM_FRONT__1542799487112460.jpg", "samples/CAM_FRONT_RIGHT/n015-2018-11-21-19-21-35+0800__CAM_FRONT_RIGHT__1542799487120339.jpg", "samples/CAM_BACK_LEFT/n015-2018-11-21-19-21-35+0800__CAM_BACK_LEFT__1542799487147423.jpg", "samples/CAM_BACK/n015-2018-11-21-19-21-35+0800__CAM_BACK__1542799487137525.jpg", "samples/CAM_BACK_RIGHT/n015-2018-11-21-19-21-35+0800__CAM_BACK_RIGHT__1542799487127893.jpg"], "intrinsics": [[[1272.5979470598488, 0.0, 826.6154927353808], [0.0, 1272.5979470598488, 479.75165386361925], [0.0, 0.0, 1.0]], [[1266.417203046554, 0.0, 816.2670197447984], [0.0, 1266.417203046554, 491.50706579294757], [0.0, 0.0, 1.0]], [[1260.8474446004698, 0.0, 807.968244525554], [0.0, 1260.8474446004698, 495.3344268742088], [0.0, 0.0, 1.0]], [[1256.7414812095406, 0.0, 792.1125740759628], [0.0, 1256.7414812095406, 492.7757465151356], [0.0, 0.0, 1.0]], [[809.2209905677063, 0.0, 829.2196003259838], [0.0, 809.2209905677063, 481.77842384512485], [0.0, 0.0, 1.0]], [[1259.5137405846733, 0.0, 807.2529053838625], [0.0, 1259.5137405846733, 501.19579884916527], [0.0, 0.0, 1.0]]], "extrinsics": [[[0.8199822306632996, -0.5720815062522888, -0.018757516518235207, -0.749755859375], [-0.037369146943092346, -0.02080417610704899, -0.9990849494934082, 1.4985198974609375], [0.5711677074432373, 0.8199329376220703, -0.03843725100159645, -1.13232421875], [0.0, 0.0, 0.0, 1.0]], [[0.0055230483412742615, -0.9996790885925293, 0.02472279593348503, 0.007568359375], [-0.041787486523389816, -0.02493230625987053, -0.9988154172897339, 1.5115966796875], [0.9991111755371094, 0.004483455326408148, -0.0419117771089077, -1.4775390625], [0.0, 0.0, 0.0, 1.0]], [[-0.8328068852424622, -0.552537202835083, 0.033694423735141754, 0.893798828125], [-0.03525371849536896, -0.007805645000189543, -0.9993478655815125, 1.4977645874023438], [0.55243980884552, -0.8334516882896423, -0.012978394515812397, -1.1555347442626953], [0.0, 0.0, 0.0, 1.0]], [[0.9473801255226135, 0.318263977766037, -0.03433607146143913, -1.141845703125], [-0.02326829545199871, -0.038513243198394775, -0.9989871382713318, 1.58856201171875], [-0.3192640244960785, 0.9472194910049438, -0.029081221669912338, -0.10369873046875], [0.0, 0.0, 0.0, 1.0]], [[0.002323022112250328, 0.9995912909507751, -0.02849625237286091, 0.0023193359375], [-0.049914952367544174, -0.028344901278614998, -0.9983511567115784, 1.5763092041015625], [-0.9987507462501526, 0.0037415423430502415, 0.049828696995973