[{"images": ["samples/CAM_FRONT_LEFT/n015-2018-09-25-11-10-38+0800__CAM_FRONT_LEFT__1537845243254844.jpg", "samples/CAM_FRONT/n015-2018-09-25-11-10-38+0800__CAM_FRONT__1537845243262460.jpg", "samples/CAM_FRONT_RIGHT/n015-2018-09-25-11-10-38+0800__CAM_FRONT_RIGHT__1537845243270339.jpg", "samples/CAM_BACK_LEFT/n015-2018-09-25-11-10-38+0800__CAM_BACK_LEFT__1537845243297423.jpg", "samples/CAM_BACK/n015-2018-09-25-11-10-38+0800__CAM_BACK__1537845243287525.jpg", "samples/CAM_BACK_RIGHT/n015-2018-09-25-11-10-38+0800__CAM_BACK_RIGHT__1537845243277893.jpg"], "intrinsics": [[[1272.5979470598488, 0.0, 826.6154927353808], [0.0, 1272.5979470598488, 479.75165386361925], [0.0, 0.0, 1.0]], [[1266.417203046554, 0.0, 816.2670197447984], [0.0, 1266.417203046554, 491.50706579294757], [0.0, 0.0, 1.0]], [[1260.8474446004698, 0.0, 807.968244525554], [0.0, 1260.8474446004698, 495.3344268742088], [0.0, 0.0, 1.0]], [[1256.7414812095406, 0.0, 792.1125740759628], [0.0, 1256.7414812095406, 492.7757465151356], [0.0, 0.0, 1.0]], [[809.2209905677063, 0.0, 829.2196003259838], [0.0, 809.2209905677063, 481.77842384512485], [0.0, 0.0, 1.0]], [[1259.5137405846733, 0.0, 807.2529053838625], [0.0, 1259.5137405846733, 501.19579884916527], [0.0, 0.0, 1.0]]], "extrinsics": [[[0.8212240934371948, -0.5700595378875732, 0.02496195398271084, -0.9649658203125], [-0.0058780028484761715, -0.05219569429755211, -0.998619556427002, 1.5082483291625977], [0.5705755352973938, 0.8199437856674194, -0.04621517285704613, -1.2802734375], [0.0, 0.0, 0.0, 1.0]], [[0.006546694319695234, -0.9983992576599121, 0.05617913231253624, 0.005096435546875], [-0.011165909469127655, -0.05624982342123985, -0.9983543157577515, 1.5205326080322266], [0.9999162554740906, 0.00590866431593895, -0.011516287922859192, -1.692138671875], [0.0, 0.0, 0.0, 1.0]], [[-0.8324928879737854, -0.5534132719039917, 0.026253893971443176, 1.0323486328125], [-0.005551328882575035, -0.039052221924066544, -0.9992217421531677, 1.5036449432373047], [0.554007887840271, -0.8319907784461975, 0.02943851798772812, -1.248779296875], [0.0, 0.0, 0.0, 1.0]], [[0.9474941492080688, 0.31919655203819275, -0.019194472581148148, -1.1422119140625], [0.0031483119819313288, -0.06933405995368958, -0.9975885152816772, 1.5885562896728516], [-0.3197576403617859, 0.9451488852500916, -0.06669855117797852, -0.103729248046875], [0.0, 0.0, 0.0, 1.0]], [[0.0015473229577764869, 0.9982327818870544, -0.05940631777048111, 0.002777099609375], [-0.022273296490311623, -0.05935724452137947, -0.9979882836341858, 1.5793571472167969], [-0.9997507333755493, 0.0028674073982983828, 0.022142086178064346, 0.001953125], [0.0, 0.0, 0.0, 1.0]], [[-0.9351239800453186, 0.35341933369636536, -0.025260409340262413, 1.13623046875], [0.01034085638821125, -0.044039953500032425, -0.9989762306213379, 1.5514507293701172], [-0.35416996479034424, -0.9344278573989868, 0.037528153508901596, -0.06365966796875], [0.0, 0.0, 0.0, 1.0]]], "view": [[0.0, -2.0, 100.0], [-2.0, 0.0, 100.0], [0.0, 0.0, 1.0]], "bev": "bev_e34c25478e2b4b5698bdea4599a98ba0.png", "aux": "aux_e34c25478e2b4b5698bdea4599a98ba0.npz", "visibility": "visibility_e34c25478e2b4b5698bdea4599a98ba0.png", "pose": [[-0.44076263904571533, 0.8976237177848816, 0.0, 506.0426025390625], [-0.8976237177848816, -0.44076263904571533, 0.0, 1380.943115234375], [0.0, 0.0, 1.0, 0.0], [0.0, 0.0, 0.0, 1.0]], "pose_inverse": [[-0.44076263904571533, -0.8976237177848816, 0.0, 1462.6119384765625], [0.8976237177848816, -0.44076263904571533, 0.0, 154.4322967529297], [0.0, 0.0, 1.0, 0.0], [0.0, 0.0, 0.0, 1.0]], "cam_ids": [0, 1, 2, 3, 4, 5], "cam_channels": ["CAM_FRONT_LEFT", "CAM_FRONT", "CAM_FRONT_RIGHT", "CAM_BACK_LEFT", "CAM_BACK", "CAM_BACK_RIGHT"], "token": "e34c25478e2b4b5698bdea4599a98ba0", "scene": "scene-0976"}, {"images": ["samples/CAM_FRONT_LEFT/n015-2018-09-25-11-10-38+0800__CAM_FRONT_LEFT__1537845243754844.jpg", "samples/CAM_FRONT/n015-2018-09-25-11-10-38+0800__CAM_FRONT__1537845243762460.jpg", "samples/CAM_FRONT_RIGHT/n015-2018-09-25-11-10-38+0800__CAM_FRONT_RIGHT__1537845243770339.jpg", "samples/CAM_BACK_LEFT/n015-2018-09-25-11-10-38+0800__CAM_BACK_LEFT__1537845243797423.jpg", "samples/CAM_BACK/n015-2018-09-25-11-10-38+0800__CAM_BACK__1537845243787525.jpg", "samples/CAM_BACK_RIGHT/n015-2018-09-25-11-10-38+0800__CAM_BACK_RIGHT__1537845243777893.jpg"], "intrinsics": [[[1272.5979470598488, 0.0, 826.6154927353808], [0.0, 1272.5979470598488, 479.75165386361925], [0.0, 0.0, 1.0]], [[1266.417203046554, 0.0, 816.2670197447984], [0.0, 1266.417203046554, 491.50706579294757], [0.0, 0.0, 1.0]], [[1260.8474446004698, 0.0, 807.968244525554], [0.0, 1260.8474446004698, 495.3344268742088], [0.0, 0.0, 1.0]], [[1256.7414812095406, 0.0, 792.1125740759628], [0.0, 1256.7414812095406, 492.7757465151356], [0.0, 0.0, 1.0]], [[809.2209905677063, 0.0, 829.2196003259838], [0.0, 809.2209905677063, 481.77842384512485], [0.0, 0.0, 1.0]], [[1259.5137405846733, 0.0, 807.2529053838625], [0.0, 1259.5137405846733, 501.19579884916527], [0.0, 0.0, 1.0]]], "extrinsics": [[[0.8212220072746277, -0.5700644254684448, 0.024918681010603905, -0.9649658203125], [-0.0059263864532113075, -0.05218912288546562, -0.9986196160316467, 1.5082483291625977], [0.5705779194831848, 0.8199407458305359, -0.0462372824549675, -1.28009033203125], [0.0, 0.0, 0.0, 1.0]], [[0.006544310133904219, -0.9984002113342285, 0.05616326630115509, 0.005035400390625], [-0.011216184124350548, -0.05623422563076019, -0.9983546137809753, 1.5205307006835938], [0.9999156594276428, 0.005903559736907482, -0.011566253378987312, -1.6922607421875], [0.0, 0.0, 0.0, 1.0]], [[-0.8324938416481018, -0.5534101724624634, 0.02628924325108528, 1.0323486328125], [-0.005608520936220884, -0.039030250161886215, -0.9992222785949707, 1.5036439895629883], [0.5540058612823486, -0.8319938778877258, 0.029388636350631714, -1.24884033203125], [0.0, 0.0, 0.0, 1.0]], [[0.9474945068359375, 0.3191916346549988, -0.019258275628089905, -1.14208984375], [0.0030867611058056355, -0.06935176998376846, -0.9975874423980713, 1.5885562896728516], [-0.3197571635246277, 0.9451492428779602, -0.0666956976056099, -0.103668212890625], [0.0, 0.0, 0.0, 1.0]], [[0.001546181389130652, 0.9982324242591858, -0.0594119131565094, 0.0028076171875], [-0.022338690236210823, -0.05936267971992493, -0.9979865550994873, 1.5793571472167969], [-0.9997493028640747, 0.0028702476993203163, 0.022207416594028473, 0.001953125], [0.0, 0.0, 0.0, 1.0]], [[-0.935124397277832, 0.35342296957969666, -0.025192774832248688, 1.13623046875], [0.010275871492922306, -0.04402036592364311, -0.9989778399467468, 1.5514516830444336], [-0.35417070984840393, -0.9344273805618286, 0.037532784044742584, -0.063720703125], [0.0, 0.0, 0.0, 1.0]]], "view": [[0.0, -2.0, 100.0], [-2.0, 0.0, 100.0], [0.0, 0.0, 1.0]], "bev": "bev_7a0d27031ad44f6bb275b55401b14727.png", "aux": "aux_7a0d27031ad44f6bb275b55401b14727.npz", "visibility": "visibility_7a0d27031ad44f6bb275b55401b14727.png", "pose": [[-0.44071686267852783, 0.8976461887359619, 0.0, 506.0426025390625], [-0.8976461887359619, -0.44071686267852783, 0.0, 1380.943115234375], [0.0, 0.0, 1.0, 0.0], [0.0, 0.0, 0.0, 1.0]], "pose_inverse": [[-0.44071686267852783, -0.8976461887359619, 0.0, 1462.6197509765625], [0.8976461887359619, -0.44071686267852783, 0.0, 154.35769653320312], [0.0, 0.0, 1.0, 0.0], [0.0, 0.0, 0.0, 1.0]], "cam_ids": [0, 1, 2, 3, 4, 5], "cam_channels": ["CAM_FRONT_LEFT", "CAM_FRONT", "CAM_FRONT_RIGHT", "CAM_BACK_LEFT", "CAM_BACK", "CAM_BACK_RIGHT"], "token": "7a0d27031ad44f6bb275b55401b14727", "scene": "scene-0976"}, {"images": ["samples/CAM_FRONT_LEFT/n015-2018-09-25-11-10-38+0800__CAM_FRONT_LEFT__1537845244254844.jpg", "samples/CAM_FRONT/n015-2018-09-25-11-10-38+0800__CAM_FRONT__1537845244262460.jpg", "samples/CAM_FRONT_RIGHT/n015-2018-09-25-11-10-38+0800__CAM_FRONT_RIGHT__1537845244270339.jpg", "samples/CAM_BACK_LEFT/n015-2018-09-25-11-10-38+0800__CAM_BACK_LEFT__1537845244297423.jpg", "samples/CAM_BACK/n015-2018-09-25-11-10-38+0800__CAM_BACK__1537845244287525.jpg", "samples/CAM_BACK_RIGHT/n015-2018-09-25-11-10-38+0800__CAM_BACK_RIGHT__1537845244277893.jpg"], "intrinsics": [[[1272.5979470598488, 0.0, 826.6154927353808], [0.0, 1272.5979470598488, 479.75165386361925], [0.0, 0.0, 1.0]], [[1266.417203046554, 0.0, 816.2670197447984], [0.0, 1266.417203046554, 491.50706579294757], [0.0, 0.0, 1.0]], [[1260.8474446004698, 0.0, 807.968244525554], [0.0, 1260.8474446004698, 495.3344268742088], [0.0, 0.0, 1.0]], [[1256.7414812095406, 0.0, 792.1125740759628], [0.0, 1256.7414812095406, 492.7757465151356], [0.0, 0.0, 1.0]], [[809.2209905677063, 0.0, 829.2196003259838], [0.0, 809.2209905677063, 481.77842384512485], [0.0, 0.0, 1.0]], [[1259.5137405846733, 0.0, 807.2529053838625], [0.0, 1259.5137405846733, 501.19579884916527], [0.0, 0.0, 1.0]]], "extrinsics": [[[0.8212079405784607, -0.5700826644897461, 0.024965936318039894, -0.9649658203125], [-0.00587443308904767, -0.052195243537425995, -0.9986196160316467, 1.5082521438598633], [0.5705989003181458, 0.8199276924133301, -0.04621205851435661, -1.2802734375], [0.0, 0.0, 0.0, 1.0]], [[0.006521264556795359, -0.9983993172645569, 0.05618032440543175, 0.005096435546875], [-0.011169226840138435, -0.05625074729323387, -0.9983541965484619, 1.5205307006835938], [0.9999163746833801, 0.005883085075765848, -0.011518177576363087, -1.6922607421875], [0.0, 0.0, 0.0, 1.0]], [[-0.8325043320655823, -0.5533960461616516, 0.02625444158911705, 1.0323486328125], [-0.0055527463555336, -0.03905217722058296, -0.9992217421531677, 1.5036420822143555], [0.5539906620979309, -0.8320022821426392, 0.029438242316246033, -1.24871826171875], [0.0, 0.0, 0.0, 1.0]], [[0.9474953413009644, 0.3191933333873749, -0.019191209226846695, -1.142333984375], [0.0031618247739970684, -0.06936456263065338, -0.9975863695144653, 1.5885519981384277], [-0.319754034280777, 0.9451477527618408, -0.06673183292150497, -0.10369873046875], [0.0, 0.0, 0.0, 1.0]], [[0.0015555024147033691, 0.9982314705848694, -0.05942665413022041, 0.002777099609375], [-0.02226928435266018, -0.05937741696834564, -0.9979871511459351, 1.5793533325195312], [-0.9997507929801941, 0.0028757418040186167, 0.022137541323900223, 0.0018310546875], [0.0, 0.0, 0.0, 1.0]], [[-0.9351186156272888, 0.35343316197395325, -0.02526390552520752, 1.13623046875], [0.010342900641262531, -0.04404285177588463, -0.9989761114120483, 1.5514507293701172], [-0.35418394207954407, -0.9344224333763123, 0.03752976283431053, -0.06365966796875], [0.0, 0.0, 0.0, 1.0]]], "view": [[0.0, -2.0, 100.0], [-2.0, 0.0, 100.0], [0.0, 0.0, 1.0]], "bev": "bev_2691d41106b047d1ad8c4bd1214eb9d9.png", "aux": "aux_2691d41106b047d1ad8c4bd1214eb9d9.npz", "visibility": "visibility_2691d41106b047d1ad8c4bd1214eb9d9.png", "pose": [[-0.4407058358192444, 0.8976516127586365, 0.0, 506.0426025390625], [-0.8976516127586365, -0.4407058358192444, 0.0, 1380.943115234375], [0.0, 0.0, 1.0, 0.0], [0.0, 0.0, 0.0, 1.0]], "pose_inverse": [[-0.4407058358192444, -0.8976516127586365, 0.0, 1462.6217041015625], [0.8976516127586365, -0.4407058358192444, 0.0, 154.33975219726562], [0.0, 0.0, 1.0, 0.0], [0.0, 0.0, 0.0, 1.0]], "cam_ids": [0, 1, 2, 3, 4, 5], "cam_channels": ["CAM_FRONT_LEFT", "CAM_FRONT", "CAM_FRONT_RIGHT", "CAM_BACK_LEFT", "CAM_BACK", "CAM_BACK_RIGHT"], "token": "2691d41106b047d1ad8c4bd1214eb9d9", "scene": "scene-0976"}, {"images": ["samples/CAM_FRONT_LEFT/n015-2018-09-25-11-10-38+0800__CAM_FRONT_LEFT__1537845244754844.jpg", "samples/CAM_FRONT/n015-2018-09-25-11-10-38+0800__CAM_FRONT__1537845244762460.jpg", "samples/CAM_FRONT_RIGHT/n015-2018-09-25-11-10-38+0800__CAM_FRONT_RIGHT__1537845244770339.jpg", "samples/CAM_BACK_LEFT/n015-2018-09-25-11-10-38+0800__CAM_BACK_LEFT__1537845244797423.jpg", "samples/CAM_BACK/n015-2018-09-25-11-10-38+0800__CAM_BACK__1537845244787525.jpg", "samples/CAM_BACK_RIGHT/n015-2018-09-25-11-10-38+0800__CAM_BACK_RIGHT__1537845244777893.jpg"], "intrinsics": [[[1272.5979470598488, 0.0, 826.6154927353808], [0.0, 1272.5979470598488, 479.75165386361925], [0.0, 0.0, 1.0]], [[1266.417203046554, 0.0, 816.2670197447984], [0.0, 1266.417203046554, 491.50706579294757], [0.0, 0.0, 1.0]], [[1260.8474446004698, 0.0, 807.968244525554], [0.0, 1260.8474446004698, 495.3344268742088], [0.0, 0.0, 1.0]], [[1256.7414812095406, 0.0, 792.1125740759628], [0.0, 1256.7414812095406, 492.7757465151356], [0.0, 0.0, 1.0]], [[809.2209905677063, 0.0, 829.2196003259838], [0.0, 809.2209905677063, 481.77842384512485], [0.0, 0.0, 1.0]], [[1259.5137405846733, 0.0, 807.2529053838625], [0.0, 1259.5137405846733, 501.19579884916527], [0.0, 0.0, 1.0]]], "extrinsics": [[[0.8212105631828308, -0.5700737237930298, 0.025081560015678406, -0.96484375], [-0.005766528192907572, -0.05224310979247093, -0.9986177086830139, 1.5082483291625977], [0.5705960392951965, 0.8199308514595032, -0.046189941465854645, -1.2801513671875], [0.0, 0.0, 0.0, 1.0]], [[0.006526333745568991, -0.998397171497345, 0.05621837079524994, 0.00506591796875], [-0.011070250533521175, -0.05628826469182968, -0.9983531832695007, 1.5205345153808594], [0.9999173879623413, 0.005893223453313112, -0.011419860646128654, -1.692138671875], [0.0, 0.0, 0.0, 1.0]], [[-0.8325014114379883, -0.5534030199050903, 0.02620147354900837, 1.032470703125], [-0.0054654888808727264, -0.03908730298280716, -0.9992207884788513, 1.5036420822143555], [0.5539959669113159, -0.8319960236549377, 0.029515614733099937, -1.248779296875], [0.0, 0.0, 0.0, 1.0]], [[0.9474964737892151, 0.319193035364151, -0.019137470051646233, -1.1422119140625], [0.003219963051378727, -0.06936922669410706, -0.9975858330726624, 1.588554859161377], [-0.31975001096725464, 0.9451474547386169, -0.06675488501787186, -0.1036376953125], [0.0, 0.0, 0.0, 1.0]], [[0.0015553092816844583, 0.9982305765151978, -0.059442173689603806, 0.0027923583984375], [-0.022205760702490807, -0.05939311161637306, -0.997987687587738, 1.5793571472167969], [-0.9997522234916687, 0.002872114535421133, 0.02207409404218197, 0.0018310546875], [0.0, 0.0, 0.0, 1.0]], [[-0.9351192116737366, 0.3534255921840668, -0.025344913825392723, 1.1361083984375], [0.010417738929390907, -0.04407456889748573, -0.9989739060401917, 1.551447868347168], [-0.3541800379753113, -0.9344237446784973, 0.03753308206796646, -0.063720703125], [0.0, 0.0, 0.0, 1.0]]], "view": [[0.0, -2.0, 100.0], [-2.0, 0.0, 100.0], [0.0, 0.0, 1.0]], "bev": "bev_b8e46435862e474aba72c30719af5dbe.png", "aux": "aux_b8e46435862e474aba72c30719af5dbe.npz", "visibility": "visibility_b8e46435862e474aba72c30719af5dbe.png", "pose": [[-0.44071006774902344, 0.8976495265960693, 0.0, 506.0426025390625], [-0.8976495265960693, -0.44071006774902344, 0.0, 1380.943115234375], [0.0, 0.0, 1.0, 0.0], [0.0, 0.0, 0.0, 1.0]], "pose_inverse": [[-0.44071006774902344, -0.8976495265960693, 0.0, 1462.6209716796875], [0.8976495265960693, -0.44071006774902344, 0.0, 154.34666442871094], [0.0, 0.0, 1.0, 0.0], [0.0, 0.0, 0.0, 1.0]], "cam_ids": [0, 1, 2, 3, 4, 5], "cam_channels": ["CAM_FRONT_LEFT", "CAM_FRONT", "CAM_FRONT_RIGHT", "CAM_BACK_LEFT", "CAM_BACK", "CAM_BACK_RIGHT"], "token": "b8e46435862e474aba72c30719af5dbe", "scene": "scene-0976"}, {"images": ["samples/CAM_FRONT_LEFT/n015-2018-09-25-11-10-38+0800__CAM_FRONT_LEFT__1537845245254844.jpg", "samples/CAM_FRONT/n015-2018-09-25-11-10-38+0800__CAM_FRONT__1537845245262460.jpg", "samples/CAM_FRONT_RIGHT/n015-2018-09-25-11-10-38+0800__CAM_FRONT_RIGHT__1537845245270339.jpg", "samples/CAM_BACK_LEFT/n015-2018-09-25-11-10-38+0800__CAM_BACK_LEFT__1537845245297423.jpg", "samples/CAM_BACK/n015-2018-09-25-11-10-38+0800__CAM_BACK__1537845245287525.jpg", "samples/CAM_BACK_RIGHT/n015-2018-09-25-11-10-38+0800__CAM_BACK_RIGHT__1537845245277893.jpg"], "intrinsics": [[[1272.5979470598488, 0.0, 826.6154927353808], [0.0, 1272.5979470598488, 479.75165386361925], [0.0, 0.0, 1.0]], [[1266.417203046554, 0.0, 816.2670197447984], [0.0, 1266.417203046554, 491.50706579294757], [0.0, 0.0, 1.0]], [[1260.8474446004698, 0.0, 807.968244525554], [0.0, 1260.8474446004698, 495.3344268742088], [0.0, 0.0, 1.0]], [[1256.7414812095406, 0.0, 792.1125740759628], [0.0, 1256.7414812095406, 492.7757465151356], [0.0, 0.0, 1.0]], [[809.2209905677063, 0.0, 829.2196003259838], [0.0, 809.2209905677063, 481.77842384512485], [0.0, 0.0, 1.0]], [[1259.5137405846733, 0.0, 807.2529053838625], [0.0, 1259.5137405846733, 501.19579884916527], [0.0, 0.0, 1.0]]], "extrinsics": [[[0.8212231993675232, -0.5700615644454956, 0.024946318939328194, -0.9649658203125], [-0.005909634754061699, -0.0522136315703392, -0.998618483543396, 1.5082483291625977], [0.5705764889717102, 0.8199412226676941, -0.046247903257608414, -1.28021240234375], [0.0, 0.0, 0.0, 1.0]], [[0.006545930169522762, -0.9983980059623718, 0.05620083957910538, 0.0050811767578125], [-0.011199652217328548, -0.05627172440290451, -0.9983527064323425, 1.520528793334961], [0.9999158382415771, 0.005905716214329004, -0.011550061404705048, -1.692138671875], [0.0, 0.0, 0.0, 1.0]], [[-0.8324933648109436, -0.5534107089042664, 0.02629433572292328, 1.0323486328125], [-0.00558259105309844, -0.03907833993434906, -0.9992205500602722, 1.5036430358886719], [0.5540068745613098, -0.8319912552833557, 0.02944299206137657, -1.2486572265625], [0.0, 0.0, 0.0, 1.0]], [[0.9474940299987793, 0.3191937804222107, -0.019244439899921417, -1.14208984375], [0.0031006033532321453, -0.06934915482997894, -0.9975876212120056, 1.5885567665100098], [-0.3197583556175232, 0.9451487064361572, -0.0666976049542427, -0.103729248046875], [0.0, 0.0, 0.0, 1.0]], [[0.0015460270224139094, 0.9982319474220276, -0.0594199039041996, 0.0028228759765625], [-0.022321725264191628, -0.05937071517109871, -0.9979864358901978, 1.5793609619140625], [-0.9997496604919434, 0.0028693240601569414, 0.02219046652317047, 0.0018310546875], [0.0, 0.0, 0.0, 1.0]], [[-0.9351240992546082, 0.35342031717300415, -0.025238443166017532, 1.13623046875], [0.010307791642844677, -0.04406515508890152, -0.9989755153656006, 1.5514535903930664], [-0.35417041182518005, -0.9344262480735779, 0.03756340965628624, -0.0635986328125], [0.0, 0.0, 0.0, 1.0]]], "view": [[0.0, -2.0, 100.0], [-2.0, 0.0, 100.0], [0.0, 0.0, 1.0]], "bev": "bev_79fd3c2d19b644719aeeb32e12b4c446.png", "aux": "aux_79fd3c2d19b644719aeeb32e12b4c446.npz", "visibility": "visibility_79fd3c2d19b644719aeeb32e12b4c446.png", "pose": [[-0.4406750798225403, 0.8976666927337646, 0.0, 506.0426025390625], [-0.8976666927337646, -0.4406750798225403, 0.0, 1380.943115234375], [0.0, 0.0, 1.0, 0.0], [0.0, 0.0, 0.0, 1.0]], "pose_inverse": [[-0.4406750798225403, -0.8976666927337646, 0.0, 1462.626953125], [0.8976666927337646, -0.4406750798225403, 0.0, 154.28961181640625], [0.0, 0.0, 1.0, 0.0], [0.0, 0.0, 0.0, 1.0]], "cam_ids": [0, 1, 2, 3, 4, 5], "cam_channels": ["CAM_FRONT_LEFT", "CAM_FRONT", "CAM_FRONT_RIGHT", "CAM_BACK_LEFT", "CAM_BACK", "CAM_BACK_RIGHT"], "token": "79fd3c2d19b644719aeeb32e12b4c446", "scene": "scene-0976"}, {"images": ["samples/CAM_FRONT_LEFT/n015-2018-09-25-11-10-38+0800__CAM_FRONT_LEFT__1537845245754844.jpg", "samples/CAM_FRONT/n015-2018-09-25-11-10-38+0800__CAM_FRONT__1537845245762460.jpg", "samples/CAM_FRONT_RIGHT/n015-2018-09-25-11-10-38+0800__CAM_FRONT_RIGHT__1537845245770356.jpg", "samples/CAM_BACK_LEFT/n015-2018-09-25-11-10-38+0800__CAM_BACK_LEFT__1537845245797423.jpg", "samples/CAM_BACK/n015-2018-09-25-11-10-38+0800__CAM_BACK__1537845245787525.jpg", "samples/CAM_BACK_RIGHT/n015-2018-09-25-11-10-38+0800__CAM_BACK_RIGHT__1537845245777893.jpg"], "intrinsics": [[[1272.5979470598488, 0.0, 826.6154927353808], [0.0, 1272.5979470598488, 479.75165386361925], [0.0, 0.0, 1.0]], [[1266.417203046554, 0.0, 816.2670197447984], [0.0, 1266.417203046554, 491.50706579294757], [0.0, 0.0, 1.0]], [[1260.8474446004698, 0.0, 807.968244525554], [0.0, 1260.8474446004698, 495.3344268742088], [0.0, 0.0, 1.0]], [[1256.7414812095406, 0.0, 792.1125740759628], [0.0, 1256.7414812095406, 492.7757465151356], [0.0, 0.0, 1.0]], [[809.2209905677063, 0.0, 829.2196003259838], [0.0, 809.2209905677063, 481.77842384512485], [0.0, 0.0, 1.0]], [[1259.5137405846733, 0.0, 807.2529053838625], [0.0, 1259.5137405846733, 501.19579884916527], [0.0, 0.0, 1.0]]], "extrinsics": [[[0.8212165832519531, -0.5700770616531372, 0.02480962872505188, -0.965087890625], [-0.00603073462843895, -0.052147265523672104, -0.9986211657524109, 1.5082502365112305], [0.5705847144126892, 0.8199346661567688, -0.04626218602061272, -1.28021240234375], [0.0, 0.0, 0.0, 1.0]], [[0.006538781337440014, -0.9984017610549927, 0.05613606423139572, 0.005035400390625], [-0.011323525570333004, -0.05620759353041649, -0.9983549118041992, 1.5205326080322266], [0.9999144673347473, 0.005892372690141201, -0.011672954075038433, -1.692138671875], [0.0, 0.0, 0.0, 1.0]], [[-0.8324964046478271, -0.5534029006958008, 0.026360945776104927, 1.0323486328125], [-0.005708897486329079, -0.0390092134475708, -0.9992225170135498, 1.5036449432373047], [0.554000973701477, -0.8319997191429138, 0.02931571565568447, -1.248779296875], [0.0, 0.0, 0.0, 1.0]], [[0.9474930167198181, 0.31919151544570923, -0.019334712997078896, -1.14208984375], [0.0029923839028924704, -0.06931072473526001, -0.9975906014442444, 1.5885562896728516], [-0.31976252794265747, 0.9451523423194885, -0.06662656366825104, -0.10369873046875], [0.0, 0.0, 0.0, 1.0]], [[0.0015454570529982448, 0.9982345700263977, -0.059375032782554626, 0.0028228759765625], [-0.022431237623095512, -0.059325553476810455, -0.9979866147041321, 1.5793609619140625], [-0.9997471570968628, 0.002874263795092702, 0.02229994721710682, 0.001708984375], [0.0, 0.0, 0.0, 1.0]], [[-0.9351239800453186, 0.3534305989742279, -0.0250991377979517, 1.13623046875], [0.010184258222579956, -0.04399729520082474, -0.9989797472953796, 1.551447868347168], [-0.35417425632476807, -0.9344255328178406, 0.03754349797964096, -0.06365966796875], [0.0, 0.0, 0.0, 1.0]]], "view": [[0.0, -2.0, 100.0], [-2.0, 0.0, 100.0], [0.0, 0.0, 1.0]], "bev": "bev_8ddae175bb8949ba8609757da658abce.png", "aux": "aux_8ddae175bb8949ba8609757da658abce.npz", "visibility": "visibility_8ddae175bb8949ba8609757da658abce.png", "pose": [[-0.4406892955303192, 0.8976597189903259, 0.0, 506.0426025390625], [-0.8976597189903259, -0.4406892955303192, 0.0, 1380.943115234375], [0.0, 0.0, 1.0, 0.0], [0.0, 0.0, 0.0, 1.0]], "pose_inverse": [[-0.4406892955303192, -0.8976597189903259, 0.0, 1462.62451171875], [0.8976597189903259, -0.4406892955303192, 0.0, 154.31280517578125], [0.0, 0.0, 1.0, 0.0], [0.0, 0.0, 0.0, 1.0]], "cam_ids": [0, 1, 2, 3, 4, 5], "cam_channels": ["CAM_FRONT_LEFT", "CAM_FRONT", "CAM_FRONT_RIGHT", "CAM_BACK_LEFT", "CAM_BACK", "CAM_BACK_RIGHT"], "token": "8ddae175bb8949ba8609757da658abce", "scene": "scene-0976"}, {"images": ["samples/CAM_FRONT_LEFT/n015-2018-09-25-11-10-38+0800__CAM_FRONT_LEFT__1537845246254844.jpg", "samples/CAM_FRONT/n015-2018-09-25-11-10-38+0800__CAM_FRONT__1537845246262460.jpg", "samples/CAM_FRONT_RIGHT/n015-2018-09-25-11-10-38+0800__CAM_FRONT_RIGHT__1537845246270339.jpg", "samples/CAM_BACK_LEFT/n015-2018-09-25-11-10-38+0800__CAM_BACK_LEFT__1537845246297423.jpg", "samples/CAM_BACK/n015-2018-09-25-11-10-38+0800__CAM_BACK__1537845246287525.jpg", "samples/CAM_BACK_RIGHT/n015-2018-09-25-11-10-38+0800__CAM_BACK_RIGHT__1537845246277893.jpg"], "intrinsics": [[[1272.5979470598488, 0.0, 826.6154927353808], [0.0, 1272.5979470598488, 479.75165386361925], [0.0, 0.0, 1.0]], [[1266.417203046554, 0.0, 816.2670197447984], [0.0, 1266.417203046554, 491.50706579294757], [0.0, 0.0, 1.0]], [[1260.8474446004698, 0.0, 807.968244525554], [0.0, 1260.8474446004698, 495.3344268742088], [0.0, 0.0, 1.0]], [[1256.7414812095406, 0.0, 792.1125740759628], [0.0, 1256.7414812095406, 492.7757465151356], [0.0, 0.0, 1.0]], [[809.2209905677063, 0.0, 829.2196003259838], [0.0, 809.2209905677063, 481.77842384512485], [0.0, 0.0, 1.0]], [[1259.5137405846733, 0.0, 807.2529053838625], [0.0, 1259.5137405846733, 501.19579884916527], [0.0, 0.0, 1.0]]], "extrinsics": [[[0.8212383389472961, -0.5700398683547974, 0.0249412152916193, -0.9649658203125], [-0.005878775846213102, -0.05216250568628311, -0.9986212849617004, 1.508244514465332], [0.5705548524856567, 0.8199595808982849, -0.04618899151682854, -1.2802734375], [0.0, 0.0, 0.0, 1.0]], [[0.00656868377700448, -0.9984011650085449, 0.05614187568426132, 0.0050506591796875], [-0.011174486018717289, -0.05621287226676941, -0.998356282711029, 1.520528793334961], [0.9999159574508667, 0.005930534563958645, -0.011525865644216537, -1.6922607421875], [0.0, 0.0, 0.0, 1.0]], [[-0.8324832320213318, -0.5534281730651855, 0.02624540962278843, 1.032470703125], [-0.005563344340771437, -0.0390179343521595, -0.999222993850708, 1.5036439895629883], [0.5540221929550171, -0.8319823741912842, 0.02940286509692669, -1.2486572265625], [0.0, 0.0, 0.0, 1.0]], [[0.9474930763244629, 0.3191978931427002, -0.019220776855945587, -1.1422119140625], [0.003119703149423003, -0.06933106482028961, -0.9975888133049011, 1.5885591506958008], [-0.31976085901260376, 0.9451485872268677, -0.06668651849031448, -0.103729248046875], [0.0, 0.0, 0.0, 1.0]], [[0.0015397313982248306, 0.9982340335845947, -0.05938434600830078, 0.0027923583984375], [-0.02229803241789341, -0.0593353807926178, -0.9979890584945679, 1.5793571472167969], [-0.9997501373291016, 0.0028607689309865236, 0.022167295217514038, 0.0018310546875], [0.0, 0.0, 0.0, 1.0]], [[-0.9351284503936768, 0.3534088432788849, -0.025235747918486595, 1.1361083984375], [0.010325824841856956, -0.044011276215314865, -0.9989776611328125, 1.5514507293701172], [-0.3541581630706787, -0.934433102607727, 0.037506960332393646, -0.06378173828125], [0.0, 0.0, 0.0, 1.0]]], "view": [[0.0, -2.0, 100.0], [-2.0, 0.0, 100.0], [0.0, 0.0, 1.0]], "bev": "bev_a753b21cef3048b7ae3365a9a070fbd0.png", "aux": "aux_a753b21cef3048b7ae3365a9a070fbd0.npz", "visibility": "visibility_a753b21cef3048b7ae3365a9a070fbd0.png", "pose": [[-0.44072088599205017, 0.8976441621780396, 0.0, 506.0426025390625], [-0.8976441621780396, -0.44072088599205017, 0.0, 1380.943115234375], [0.0, 0.0, 1.0, 0.0], [0.0, 0.0, 0.0, 1.0]], "pose_inverse": [[-0.44072088599205017, -0.8976441621780396, 0.0, 1462.619140625], [0.8976441621780396, -0.44072088599205017, 0.0, 154.36428833007812], [0.0, 0.0, 1.0, 0.0], [0.0, 0.0, 0.0, 1.0]], "cam_ids": [0, 1, 2, 3, 4, 5], "cam_channels": ["CAM_FRONT_LEFT", "CAM_FRONT", "CAM_FRONT_RIGHT", "CAM_BACK_LEFT", "CAM_BACK", "CAM_BACK_RIGHT"], "token": "a753b21cef3048b7ae3365a9a070fbd0", "scene": "scene-0976"}, {"images": ["samples/CAM_FRONT_LEFT/n015-2018-09-25-11-10-38+0800__CAM_FRONT_LEFT__1537845246754844.jpg", "samples/CAM_FRONT/n015-2018-09-25-11-10-38+0800__CAM_FRONT__1537845246762460.jpg", "samples/CAM_FRONT_RIGHT/n015-2018-09-25-11-10-38+0800__CAM_FRONT_RIGHT__1537845246770339.jpg", "samples/CAM_BACK_LEFT/n015-2018-09-25-11-10-38+0800__CAM_BACK_LEFT__1537845246797423.jpg", "samples/CAM_BACK/n015-2018-09-25-11-10-38+0800__CAM_BACK__1537845246787525.jpg", "samples/CAM_BACK_RIGHT/n015-2018-09-25-11-10-38+0800__CAM_BACK_RIGHT__1537845246777893.jpg"], "intrinsics": [[[1272.5979470598488, 0.0, 826.6154927353808], [0.0, 1272.5979470598488, 479.75165386361925], [0.0, 0.0, 1.0]], [[1266.417203046554, 0.0, 816.2670197447984], [0.0, 1266.417203046554, 491.50706579294757], [0.0, 0.0, 1.0]], [[1260.8474446004698, 0.0, 807.968244525554], [0.0, 1260.8474446004698, 495.3344268742088], [0.0, 0.0, 1.0]], [[1256.7414812095406, 0.0, 792.1125740759628], [0.0, 1256.7414812095406, 492.7757465151356], [0.0, 0.0, 1.0]], [[809.2209905677063, 0.0, 829.2196003259838], [0.0, 809.2209905677063, 481.77842384512485], [0.0, 0.0, 1.0]], [[1259.5137405846733, 0.0, 807.2529053838625], [0.0, 1259.5137405846733, 501.19579884916527], [0.0, 0.0, 1.0]]], "extrinsics": [[[0.8212200999259949, -0.5700624585151672, 0.02502513863146305, -0.9649658203125], [-0.005828985013067722, -0.052235376089811325, -0.9986177682876587, 1.508244514465332], [0.5705817341804504, 0.819939136505127, -0.04621962830424309, -1.2802734375], [0.0, 0.0, 0.0, 1.0]], [[0.0065389894880354404, -0.9983972311019897, 0.05621454864740372, 0.005096435546875], [-0.011112972162663937, -0.056284837424755096, -0.9983529448509216, 1.520528793334961], [0.9999168515205383, 0.005903527606278658, -0.011463210918009281, -1.692138671875], [0.0, 0.0, 0.0, 1.0]], [[-0.8324963450431824, -0.5534092783927917, 0.026228273287415504, 1.0323486328125], [-0.005495975259691477, -0.039089422672986984, -0.999220609664917, 1.5036449432373047], [0.5540031790733337, -0.8319916725158691, 0.029500281438231468, -1.2486572265625], [0.0, 0.0, 0.0, 1.0]], [[0.9474949836730957, 0.319194495677948, -0.019184455275535583, -1.1422119140625], [0.0031869474332779646, -0.06941753625869751, -0.9975825548171997, 1.588554859161377], [-0.31975460052490234, 0.9451433420181274, -0.06679002195596695, -0.103759765625], [0.0, 0.0, 0.0, 1.0]], [[0.0015499470755457878, 0.9982292056083679, -0.05946428328752518, 0.0027923583984375], [-0.02223590575158596, -0.05941524729132652, -0.9979856610298157, 1.5793571472167969], [-0.9997515678405762, 0.002869014162570238, 0.02210444211959839, 0.001953125], [0.0, 0.0, 0.0, 1.0]], [[-0.9351218342781067, 0.3534200191497803, -0.025324545800685883, 1.1363525390625], [0.010392872616648674, -0.044083401560783386, -0.9989738464355469, 1.5514450073242188], [-0.35417380928993225, -0.9344254732131958, 0.03755030035972595, -0.06353759765625], [0.0, 0.0, 0.0, 1.0]]], "view": [[0.0, -2.0, 100.0], [-2.0, 0.0, 100.0], [0.0, 0.0, 1.0]], "bev": "bev_bda67d5210054b23aafeba1f37a8daab.png", "aux": "aux_bda67d5210054b23aafeba1f37a8daab.npz", "visibility": "visibility_bda67d5210054b23aafeba1f37a8daab.png", "pose": [[-0.44072940945625305, 0.8976399898529053, 0.0, 506.0426025390625], [-0.8976399898529053, -0.44072940945625305, 0.0, 1380.943115234375], [0.0, 0.0, 1.0, 0.0], [0.0, 0.0, 0.0, 1.0]], "pose_inverse": [[-0.44072940945625305, -0.8976399898529053, 0.0, 1462.61767578125], [0.8976399898529053, -0.44072940945625305, 0.0, 154.378173828125], [0.0, 0.0, 1.0, 0.0], [0.0, 0.0, 0.0, 1.0]], "cam_ids": [0, 1, 2, 3, 4, 5], "cam_channels": ["CAM_FRONT_LEFT", "CAM_FRONT", "CAM_FRONT_RIGHT", "CAM_BACK_LEFT", "CAM_BACK", "CAM_BACK_RIGHT"], "token": "bda67d5210054b23aafeba1f37a8daab", "scene": "scene-0976"}, {"images": ["samples/CAM_FRONT_LEFT/n015-2018-09-25-11-10-38+0800__CAM_FRONT_LEFT__1537845247254844.jpg", "samples/CAM_FRONT/n015-2018-09-25-11-10-38+0800__CAM_FRONT__1537845247262460.jpg", "samples/CAM_FRONT_RIGHT/n015-2018-09-25-11-10-38+0800__CAM_FRONT_RIGHT__1537845247270339.jpg", "samples/CAM_BACK_LEFT/n015-2018-09-25-11-10-38+0800__CAM_BACK_LEFT__1537845247297423.jpg", "samples/CAM_BACK/n015-2018-09-25-11-10-38+0800__CAM_BACK__1537845247287525.jpg", "samples/CAM_BACK_RIGHT/n015-2018-09-25-11-10-38+0800__CAM_BACK_RIGHT__1537845247277893.jpg"], "intrinsics": [[[1272.5979470598488, 0.0, 826.6154927353808], [0.0, 1272.5979470598488, 479.75165386361925], [0.0, 0.0, 1.0]], [[1266.417203046554, 0.0, 816.2670197447984], [0.0, 1266.417203046554, 491.50706579294757], [0.0, 0.0, 1.0]], [[1260.8474446004698, 0.0, 807.968244525554], [0.0, 1260.8474446004698, 495.3344268742088], [0.0, 0.0, 1.0]], [[1256.7414812095406, 0.0, 792.1125740759628], [0.0, 1256.7414812095406, 492.7757465151356], [0.0, 0.0, 1.0]], [[809.2209905677063, 0.0, 829.2196003259838], [0.0, 809.2209905677063, 481.77842384512485], [0.0, 0.0, 1.0]], [[1259.5137405846733, 0.0, 807.2529053838625], [0.0, 1259.5137405846733, 501.19579884916527], [0.0, 0.0, 1.0]]], "extrinsics": [[[0.82121741771698, -0.5700690746307373, 0.024963585659861565, -0.96484375], [-0.005978061817586422, -0.052341390401124954, -0.998611330986023, 1.5082464218139648], [0.5705840587615967, 0.8199278116226196, -0.046391572803258896, -1.28021240234375], [0.0, 0.0, 0.0, 1.0]], [[0.006535905413329601, -0.9983909726142883, 0.056326910853385925, 0.0050811767578125], [-0.011264626868069172, -0.056398048996925354, -0.9983448386192322, 1.5205326080322266], [0.9999151229858398, 0.005890577100217342, -0.011615115217864513, -1.692138671875], [0.0, 0.0, 0.0, 1.0]], [[-0.832497775554657, -0.5533981919288635, 0.026417894288897514, 1.032470703125], [-0.005654277745634317, -0.039194196462631226, -0.9992156028747559, 1.5036430358886719], [0.5539996027946472, -0.8319941759109497, 0.029500015079975128, -1.248779296875], [0.0, 0.0, 0.0, 1.0]], [[0.9474932551383972, 0.31918978691101074, -0.01934744231402874, -1.1419677734375], [0.0030337502248585224, -0.06947296857833862, -0.9975792169570923, 1.588559627532959], [-0.3197612464427948, 0.9451409578323364, -0.0667935162782669, -0.10369873046875], [0.0, 0.0, 0.0, 1.0]], [[0.0015454120002686977, 0.9982244968414307, -0.059544194489717484, 0.0028076171875], [-0.02238713763654232, -0.059494804590940475, -0.9979775547981262, 1.5793609619140625], [-0.999748170375824, 0.00287531572394073, 0.022255444899201393, 0.001953125], [0.0, 0.0, 0.0, 1.0]], [[-0.9351233243942261, 0.3534245491027832, -0.025207381695508957, 1.13623046875], [0.010232208296656609, -0.04417654126882553, -0.9989713430404663, 1.551447868347168], [-0.35417455434799194, -0.9344193935394287, 0.03769420087337494, -0.06365966796875], [0.0, 0.0, 0.0, 1.0]]], "view": [[0.0, -2.0, 100.0], [-2.0, 0.0, 100.0], [0.0, 0.0, 1.0]], "bev": "bev_5262727181024dd5912592fedc1b2b7b.png", "aux": "aux_5262727181024dd5912592fedc1b2b7b.npz", "visibility": "visibility_5262727181024dd5912592fedc1b2b7b.png", "pose": [[-0.44067907333374023, 0.8976647257804871, 0.0, 506.0426025390625], [-0.8976647257804871, -0.44067907333374023, 0.0, 1380.943115234375], [0.0, 0.0, 1.0, 0.0], [0.0, 0.0, 0.0, 1.0]], "pose_inverse": [[-0.44067907333374023, -0.8976647257804871, 0.0, 1462.6263427734375], [0.8976647257804871, -0.44067907333374023, 0.0, 154.296142578125], [0.0, 0.0, 1.0, 0.0], [0.0, 0.0, 0.0, 1.0]], "cam_ids": [0, 1, 2, 3, 4, 5], "cam_channels": ["CAM_FRONT_LEFT", "CAM_FRONT", "CAM_FRONT_RIGHT", "CAM_BACK_LEFT", "CAM_BACK", "CAM_BACK_RIGHT"], "token": "5262727181024dd5912592fedc1b2b7b", "scene": "scene-0976"}, {"images": ["samples/CAM_FRONT_LEFT/n015-2018-09-25-11-10-38+0800__CAM_FRONT_LEFT__1537845247754844.jpg", "samples/CAM_FRONT/n015-2018-09-25-11-10-38+0800__CAM_FRONT__1537845247762460.jpg", "samples/CAM_FRONT_RIGHT/n015-2018-09-25-11-10-38+0800__CAM_FRONT_RIGHT__1537845247770339.jpg", "samples/CAM_BACK_LEFT/n015-2018-09-25-11-10-38+0800__CAM_BACK_LEFT__1537845247797423.jpg", "samples/CAM_BACK/n015-2018-09-25-11-10-38+0800__CAM_BACK__1537845247787525.jpg", "samples/CAM_BACK_RIGHT/n015-2018-09-25-11-10-38+0800__CAM_BACK_RIGHT__1537845247777893.jpg"], "intrinsics": [[[1272.5979470598488, 0.0, 826.6154927353808], [0.0, 1272.5979470598488, 479.75165386361925], [0.0, 0.0, 1.0]], [[1266.417203046554, 0.0, 816.2670197447984], [0.0, 1266.417203046554, 491.50706579294757], [0.0, 0.0, 1.0]], [[1260.8474446004698, 0.0, 807.968244525554], [0.0, 1260.8474446004698, 495.3344268742088], [0.0, 0.0, 1.0]], [[1256.7414812095406, 0.0, 792.1125740759628], [0.0, 1256.7414812095406, 492.7757465151356], [0.0, 0.0, 1.0]], [[809.2209905677063, 0.0, 829.2196003259838], [0.0, 809.2209905677063, 481.77842384512485], [0.0, 0.0, 1.0]], [[1259.5137405846733, 0.0, 807.2529053838625], [0.0, 1259.5137405846733, 501.19579884916527], [0.0, 0.0, 1.0]]], "extrinsics": [[[0.8212297558784485, -0.5700555443763733, 0.024867909029126167, -0.9649658203125], [-0.005991695448756218, -0.052195124328136444, -0.9986189007759094, 1.5082483291625977], [0.5705662369728088, 0.8199465274810791, -0.04627978801727295, -1.2801513671875], [0.0, 0.0, 0.0, 1.0]], [[0.006554721854627132, -0.9983993172645569, 0.05617731437087059, 0.0050506591796875], [-0.01128555927425623, -0.05624880641698837, -0.9983530044555664, 1.5205364227294922], [0.999914824962616, 0.00590994069352746, -0.01163618452847004, -1.692138671875], [0.0, 0.0, 0.0, 1.0]], [[-0.8324900269508362, -0.5534129738807678, 0.026354974135756493, 1.032470703125], [-0.005669152829796076, -0.039057496935129166, -0.9992208480834961, 1.5036468505859375], [0.5540111660957336, -0.8319907188415527, 0.029377592727541924, -1.24871826171875], [0.0, 0.0, 0.0, 1.0]], [[0.9474900364875793, 0.31920069456100464, -0.019326988607645035, -1.14208984375], [0.003027062863111496, -0.06938716024160385, -0.9975851774215698, 1.5885543823242188], [-0.3197709321975708, 0.9451435804367065, -0.06670988351106644, -0.10369873046875], [0.0, 0.0, 0.0, 1.0]], [[0.0015397777315229177, 0.9982309341430664, -0.059435948729515076, 0.0028076171875], [-0.02238900028169155, -0.059386707842350006, -0.9979839324951172, 1.5793533325195312], [-0.999748170375824, 0.002867368282750249, 0.02225795015692711, 0.0018310546875], [0.0, 0.0, 0.0, 1.0]], [[-0.9351266622543335, 0.35341912508010864, -0.025158872827887535, 1.1363525390625], [0.01022673025727272, -0.04405488073825836, -0.9989767670631409, 1.5514545440673828], [-0.3541659712791443, -0.9344270825386047, 0.03758257254958153, -0.06365966796875], [0.0, 0.0, 0.0, 1.0]]], "view": [[0.0, -2.0, 100.0], [-2.0, 0.0, 100.0], [0.0, 0.0, 1.0]], "bev": "bev_651f154ce9704f91bd2de47d7c21489e.png", "aux": "aux_651f154ce9704f91bd2de47d7c21489e.npz", "visibility": "visibility_651f154ce9704f91bd2de47d7c21489e.png", "pose": [[-0.4407171905040741, 0.8976460099220276, 0.0, 506.0426025390625], [-0.8976460099220276, -0.4407171905040741, 0.0, 1380.943115234375], [0.0, 0.0, 1.0, 0.0], [0.0, 0.0, 0.0, 1.0]], "pose_inverse": [[-0.4407171905040741, -0.8976460099220276, 0.0, 1462.6197509765625], [0.8976460099220276, -0.4407171905040741, 0.0, 154.3582305908203], [0.0, 0.0, 1.0, 0.0], [0.0, 0.0, 0.0, 1.0]], "cam_ids": [0, 1, 2, 3, 4, 5], "cam_channels": ["CAM_FRONT_LEFT", "CAM_FRONT", "CAM_FRONT_RIGHT", "CAM_BACK_LEFT", "CAM_BACK", "CAM_BACK_RIGHT"], "token": "651f154ce9704f91bd2de47d7c21489e", "scene": "scene-0976"}, {"images": ["samples/CAM_FRONT_LEFT/n015-2018-09-25-11-10-38+0800__CAM_FRONT_LEFT__1537845248154844.jpg", "samples/CAM_FRONT/n015-2018-09-25-11-10-38+0800__CAM_FRONT__1537845248162460.jpg", "samples/CAM_FRONT_RIGHT/n015-2018-09-25-11-10-38+0800__CAM_FRONT_RIGHT__1537845248170339.jpg", "samples/CAM_BACK_LEFT/n015-2018-09-25-11-10-38+0800__CAM_BACK_LEFT__1537845248197423.jpg", "samples/CAM_BACK/n015-2018-09-25-11-10-38+0800__CAM_BACK__1537845248187525.jpg", "samples/CAM_BACK_RIGHT/n015-2018-09-25-11-10-38+0800__CAM_BACK_RIGHT__1537845248177893.jpg"], "intrinsics": [[[1272.5979470598488, 0.0, 826.6154927353808], [0.0, 1272.5979470598488, 479.75165386361925], [0.0, 0.0, 1.0]], [[1266.417203046554, 0.0, 816.2670197447984], [0.0, 1266.417203046554, 491.50706579294757], [0.0, 0.0, 1.0]], [[1260.8474446004698, 0.0, 807.968244525554], [0.0, 1260.8474446004698, 495.3344268742088], [0.0, 0.0, 1.0]], [[1256.7414812095406, 0.0, 792.1125740759628], [0.0, 1256.7414812095406, 492.7757465151356], [0.0, 0.0, 1.0]], [[809.2209905677063, 0.0, 829.2196003259838], [0.0, 809.2209905677063, 481.77842384512485], [0.0, 0.0, 1.0]], [[1259.5137405846733, 0.0, 807.2529053838625], [0.0, 1259.5137405846733, 501.19579884916527], [0.0, 0.0, 1.0]]], "extrinsics": [[[0.8212282061576843, -0.5700564980506897, 0.024897446855902672, -0.9649658203125], [-0.0060166409239172935, -0.052282508462667465, -0.9986141920089722, 1.508244514465332], [0.5705680847167969, 0.8199403882026672, -0.04636569693684578, -1.2802734375], [0.0, 0.0, 0.0, 1.0]], [[0.006551436148583889, -0.9983952045440674, 0.05624996870756149, 0.005096435546875], [-0.011310849338769913, -0.05632156878709793, -0.9983486533164978, 1.520528793334961], [0.9999145865440369, 0.005904416553676128, -0.011661686934530735, -1.6922607421875], [0.0, 0.0, 0.0, 1.0]], [[-0.832491397857666, -0.5534079074859619, 0.026415342465043068, 1.0323486328125], [-0.0057033346965909, -0.0391153059899807, -0.9992184042930603, 1.5036449432373047], [0.5540086030960083, -0.8319913744926453, 0.02940688282251358, -1.24871826171875], [0.0, 0.0, 0.0, 1.0]], [[0.9474919438362122, 0.31919342279434204, -0.019353648647665977, -1.1422119140625], [0.003009326523169875, -0.06941929459571838, -0.9975830316543579, 1.5885529518127441], [-0.31976544857025146, 0.9451436400413513, -0.06673477590084076, -0.103729248046875], [0.0, 0.0, 0.0, 1.0]], [[0.0015404587611556053, 0.9982284903526306, -0.05947697162628174, 0.0028228759765