[{"images": ["samples/CAM_FRONT_LEFT/n015-2018-09-25-11-10-38+0800__CAM_FRONT_LEFT__1537845223254844.jpg", "samples/CAM_FRONT/n015-2018-09-25-11-10-38+0800__CAM_FRONT__1537845223262460.jpg", "samples/CAM_FRONT_RIGHT/n015-2018-09-25-11-10-38+0800__CAM_FRONT_RIGHT__1537845223270339.jpg", "samples/CAM_BACK_LEFT/n015-2018-09-25-11-10-38+0800__CAM_BACK_LEFT__1537845223297423.jpg", "samples/CAM_BACK/n015-2018-09-25-11-10-38+0800__CAM_BACK__1537845223287525.jpg", "samples/CAM_BACK_RIGHT/n015-2018-09-25-11-10-38+0800__CAM_BACK_RIGHT__1537845223277893.jpg"], "intrinsics": [[[1272.5979470598488, 0.0, 826.6154927353808], [0.0, 1272.5979470598488, 479.75165386361925], [0.0, 0.0, 1.0]], [[1266.417203046554, 0.0, 816.2670197447984], [0.0, 1266.417203046554, 491.50706579294757], [0.0, 0.0, 1.0]], [[1260.8474446004698, 0.0, 807.968244525554], [0.0, 1260.8474446004698, 495.3344268742088], [0.0, 0.0, 1.0]], [[1256.7414812095406, 0.0, 792.1125740759628], [0.0, 1256.7414812095406, 492.7757465151356], [0.0, 0.0, 1.0]], [[809.2209905677063, 0.0, 829.2196003259838], [0.0, 809.2209905677063, 481.77842384512485], [0.0, 0.0, 1.0]], [[1259.5137405846733, 0.0, 807.2529053838625], [0.0, 1259.5137405846733, 501.19579884916527], [0.0, 0.0, 1.0]]], "extrinsics": [[[0.8212103247642517, -0.5700662136077881, 0.025259826332330704, -0.9649658203125], [-0.005675912369042635, -0.052425138652324677, -0.9986087679862976, 1.5082502365112305], [0.5705974698066711, 0.8199244737625122, -0.04628770798444748, -1.28033447265625], [0.0, 0.0, 0.0, 1.0]], [[0.006523714400827885, -0.9983860850334167, 0.05641522258520126, 0.005035400390625], [-0.010958204045891762, -0.056484416127204895, -0.9983433485031128, 1.5205307006835938], [0.9999186396598816, 0.005894684698432684, -0.011309006251394749, -1.6922607421875], [0.0, 0.0, 0.0, 1.0]], [[-0.8325021266937256, -0.5534014105796814, 0.026210440322756767, 1.0323486328125], [-0.005341492127627134, -0.03928978741168976, -0.9992135763168335, 1.5036468505859375], [0.5539960265159607, -0.8319875001907349, 0.02975284494459629, -1.2486572265625], [0.0, 0.0, 0.0, 1.0]], [[0.9474983215332031, 0.3191913664340973, -0.019072014838457108, -1.14208984375], [0.0033671946730464697, -0.06960108131170273, -0.99756920337677, 1.588557243347168], [-0.31974294781684875, 0.9451310038566589, -0.0670216903090477, -0.103729248046875], [0.0, 0.0, 0.0, 1.0]], [[0.001557970535941422, 0.9982175827026367, -0.05966033786535263, 0.0027618408203125], [-0.022062908858060837, -0.05961157754063606, -0.9979778528213501, 1.5793571472167969], [-0.9997553825378418, 0.0028710700571537018, 0.021930711343884468, 0.0018310546875], [0.0, 0.0, 0.0, 1.0]], [[-0.9351178407669067, 0.35341519117355347, -0.02554159425199032, 1.1363525390625], [0.01054985262453556, -0.044281523674726486, -0.9989634156227112, 1.551447868347168], [-0.3541799485683441, -0.9344179034233093, 0.03767996281385422, -0.06365966796875], [0.0, 0.0, 0.0, 1.0]]], "view": [[0.0, -2.0, 100.0], [-2.0, 0.0, 100.0], [0.0, 0.0, 1.0]], "bev": "bev_45c72ff5a6af455eb15eeeb52524352b.png", "aux": "aux_45c72ff5a6af455eb15eeeb52524352b.npz", "visibility": "visibility_45c72ff5a6af455eb15eeeb52524352b.png", "pose": [[-0.44082924723625183, 0.8975909948348999, 0.0, 506.0426330566406], [-0.8975909948348999, -0.44082924723625183, 0.0, 1380.9432373046875], [0.0, 0.0, 1.0, 0.0], [0.0, 0.0, 0.0, 1.0]], "pose_inverse": [[-0.44082924723625183, -0.8975909948348999, 0.0, 1462.6005859375], [0.8975909948348999, -0.44082924723625183, 0.0, 154.5408477783203], [0.0, 0.0, 1.0, 0.0], [0.0, 0.0, 0.0, 1.0]], "cam_ids": [0, 1, 2, 3, 4, 5], "cam_channels": ["CAM_FRONT_LEFT", "CAM_FRONT", "CAM_FRONT_RIGHT", "CAM_BACK_LEFT", "CAM_BACK", "CAM_BACK_RIGHT"], "token": "45c72ff5a6af455eb15eeeb52524352b", "scene": "scene-0975"}, {"images": ["samples/CAM_FRONT_LEFT/n015-2018-09-25-11-10-38+0800__CAM_FRONT_LEFT__1537845223754844.jpg", "samples/CAM_FRONT/n015-2018-09-25-11-10-38+0800__CAM_FRONT__1537845223762460.jpg", "samples/CAM_FRONT_RIGHT/n015-2018-09-25-11-10-38+0800__CAM_FRONT_RIGHT__1537845223770339.jpg", "samples/CAM_BACK_LEFT/n015-2018-09-25-11-10-38+0800__CAM_BACK_LEFT__1537845223797423.jpg", "samples/CAM_BACK/n015-2018-09-25-11-10-38+0800__CAM_BACK__1537845223787525.jpg", "samples/CAM_BACK_RIGHT/n015-2018-09-25-11-10-38+0800__CAM_BACK_RIGHT__1537845223777893.jpg"], "intrinsics": [[[1272.5979470598488, 0.0, 826.6154927353808], [0.0, 1272.5979470598488, 479.75165386361925], [0.0, 0.0, 1.0]], [[1266.417203046554, 0.0, 816.2670197447984], [0.0, 1266.417203046554, 491.50706579294757], [0.0, 0.0, 1.0]], [[1260.8474446004698, 0.0, 807.968244525554], [0.0, 1260.8474446004698, 495.3344268742088], [0.0, 0.0, 1.0]], [[1256.7414812095406, 0.0, 792.1125740759628], [0.0, 1256.7414812095406, 492.7757465151356], [0.0, 0.0, 1.0]], [[809.2209905677063, 0.0, 829.2196003259838], [0.0, 809.2209905677063, 481.77842384512485], [0.0, 0.0, 1.0]], [[1259.5137405846733, 0.0, 807.2529053838625], [0.0, 1259.5137405846733, 501.19579884916527], [0.0, 0.0, 1.0]]], "extrinsics": [[[0.8212239146232605, -0.5700480937957764, 0.02523062750697136, -0.965087890625], [-0.005696568172425032, -0.052405599504709244, -0.9986096024513245, 1.5082464218139648], [0.5705776810646057, 0.8199383616447449, -0.04628404602408409, -1.28021240234375], [0.0, 0.0, 0.0, 1.0]], [[0.006542073097079992, -0.9983870983123779, 0.05639510229229927, 0.005096435546875], [-0.010983971878886223, -0.05646465718746185, -0.9983442425727844, 1.5205326080322266], [0.9999182820320129, 0.005911842919886112, -0.011335653252899647, -1.6922607421875], [0.0, 0.0, 0.0, 1.0]], [[-0.832494854927063, -0.5534118413925171, 0.02622343599796295, 1.0323486328125], [-0.0053713396191596985, -0.03926771506667137, -0.9992142915725708, 1.5036430358886719], [0.5540067553520203, -0.8319816589355469, 0.02971760742366314, -1.24871826171875], [0.0, 0.0, 0.0, 1.0]], [[0.9474954009056091, 0.31919753551483154, -0.01911749690771103, -1.1422119140625], [0.003315766341984272, -0.06958926469087601, -0.9975701570510864, 1.5885581970214844], [-0.3197523057460785, 0.9451298117637634, -0.06699389219284058, -0.10369873046875], [0.0, 0.0, 0.0, 1.0]], [[0.0015506432391703129, 0.9982184767723083, -0.05964529886841774, 0.002777099609375], [-0.02210223488509655, -0.05959658697247505, -0.9979778528213501, 1.5793571472167969], [-0.9997544884681702, 0.002865807618945837, 0.021970443427562714, 0.0018310546875], [0.0, 0.0, 0.0, 1.0]], [[-0.9351215362548828, 0.35340815782546997, -0.025502225384116173, 1.13623046875], [0.010516800917685032, -0.04425857588648796, -0.9989647269248962, 1.5514488220214844], [-0.35417085886001587, -0.9344217777252197, 0.037670429795980453, -0.0638427734375], [0.0, 0.0, 0.0, 1.0]]], "view": [[0.0, -2.0, 100.0], [-2.0, 0.0, 100.0], [0.0, 0.0, 1.0]], "bev": "bev_21be91603f18439a8301f84d758f6990.png", "aux": "aux_21be91603f18439a8301f84d758f6990.npz", "visibility": "visibility_21be91603f18439a8301f84d758f6990.png", "pose": [[-0.44079068303108215, 0.8976099491119385, 0.0, 506.0426330566406], [-0.8976099491119385, -0.44079068303108215, 0.0, 1380.9432373046875], [0.0, 0.0, 1.0, 0.0], [0.0, 0.0, 0.0, 1.0]], "pose_inverse": [[-0.44079068303108215, -0.8976099491119385, 0.0, 1462.607177734375], [0.8976099491119385, -0.44079068303108215, 0.0, 154.47802734375], [0.0, 0.0, 1.0, 0.0], [0.0, 0.0, 0.0, 1.0]], "cam_ids": [0, 1, 2, 3, 4, 5], "cam_channels": ["CAM_FRONT_LEFT", "CAM_FRONT", "CAM_FRONT_RIGHT", "CAM_BACK_LEFT", "CAM_BACK", "CAM_BACK_RIGHT"], "token": "21be91603f18439a8301f84d758f6990", "scene": "scene-0975"}, {"images": ["samples/CAM_FRONT_LEFT/n015-2018-09-25-11-10-38+0800__CAM_FRONT_LEFT__1537845224254844.jpg", "samples/CAM_FRONT/n015-2018-09-25-11-10-38+0800__CAM_FRONT__1537845224262460.jpg", "samples/CAM_FRONT_RIGHT/n015-2018-09-25-11-10-38+0800__CAM_FRONT_RIGHT__1537845224270339.jpg", "samples/CAM_BACK_LEFT/n015-2018-09-25-11-10-38+0800__CAM_BACK_LEFT__1537845224297423.jpg", "samples/CAM_BACK/n015-2018-09-25-11-10-38+0800__CAM_BACK__1537845224287525.jpg", "samples/CAM_BACK_RIGHT/n015-2018-09-25-11-10-38+0800__CAM_BACK_RIGHT__1537845224277893.jpg"], "intrinsics": [[[1272.5979470598488, 0.0, 826.6154927353808], [0.0, 1272.5979470598488, 479.75165386361925], [0.0, 0.0, 1.0]], [[1266.417203046554, 0.0, 816.2670197447984], [0.0, 1266.417203046554, 491.50706579294757], [0.0, 0.0, 1.0]], [[1260.8474446004698, 0.0, 807.968244525554], [0.0, 1260.8474446004698, 495.3344268742088], [0.0, 0.0, 1.0]], [[1256.7414812095406, 0.0, 792.1125740759628], [0.0, 1256.7414812095406, 492.7757465151356], [0.0, 0.0, 1.0]], [[809.2209905677063, 0.0, 829.2196003259838], [0.0, 809.2209905677063, 481.77842384512485], [0.0, 0.0, 1.0]], [[1259.5137405846733, 0.0, 807.2529053838625], [0.0, 1259.5137405846733, 501.19579884916527], [0.0, 0.0, 1.0]]], "extrinsics": [[[0.821212112903595, -0.5700692534446716, 0.02513616532087326, -0.965087890625], [-0.00579880690202117, -0.0523853600025177, -0.9986101388931274, 1.5082483291625977], [0.5705936551094055, 0.8199249505996704, -0.0463252067565918, -1.28021240234375], [0.0, 0.0, 0.0, 1.0]], [[0.0065263002179563046, -0.9983888864517212, 0.05636480450630188, 0.005096435546875], [-0.01109325885772705, -0.05643482878804207, -0.9983446598052979, 1.5205307006835938], [0.9999171495437622, 0.005890250205993652, -0.011443697847425938, -1.6922607421875], [0.0, 0.0, 0.0, 1.0]], [[-0.8325017094612122, -0.5533977746963501, 0.026302184909582138, 1.0323486328125], [-0.005483756773173809, -0.039241742342710495, -0.9992147088050842, 1.5036439895629883], [0.5539953112602234, -0.8319922089576721, 0.02963411621749401, -1.248779296875], [0.0, 0.0, 0.0, 1.0]], [[0.9474967122077942, 0.3191888630390167, -0.019194480031728745, -1.1419677734375], [0.003227560082450509, -0.06957001984119415, -0.9975718259811401, 1.5885591506958008], [-0.3197491765022278, 0.9451341032981873, -0.0669475644826889, -0.10369873046875], [0.0, 0.0, 0.0, 1.0]], [[0.0015534814447164536, 0.9982197284698486, -0.059623997658491135, 0.0027618408203125], [-0.02220386452972889, -0.05957493931055069, -0.9979768991470337, 1.5793533325195312], [-0.9997522830963135, 0.0028741953428834677, 0.02207178808748722, 0.0018310546875], [0.0, 0.0, 0.0, 1.0]], [[-0.9351197481155396, 0.35342106223106384, -0.02539166249334812, 1.1363525390625], [0.010405310429632664, -0.04423964396119118, -0.9989667534828186, 1.5514488220214844], [-0.3541792035102844, -0.9344177842140198, 0.03769190236926079, -0.06365966796875], [0.0, 0.0, 0.0, 1.0]]], "view": [[0.0, -2.0, 100.0], [-2.0, 0.0, 100.0], [0.0, 0.0, 1.0]], "bev": "bev_57238bcc0bd6419b9596d0c1740f432e.png", "aux": "aux_57238bcc0bd6419b9596d0c1740f432e.npz", "visibility": "visibility_57238bcc0bd6419b9596d0c1740f432e.png", "pose": [[-0.4407598376274109, 0.8976250886917114, 0.0, 506.0426330566406], [-0.8976250886917114, -0.4407598376274109, 0.0, 1380.943115234375], [0.0, 0.0, 1.0, 0.0], [0.0, 0.0, 0.0, 1.0]], "pose_inverse": [[-0.4407598376274109, -0.8976250886917114, 0.0, 1462.6124267578125], [0.8976250886917114, -0.4407598376274109, 0.0, 154.4276885986328], [0.0, 0.0, 1.0, 0.0], [0.0, 0.0, 0.0, 1.0]], "cam_ids": [0, 1, 2, 3, 4, 5], "cam_channels": ["CAM_FRONT_LEFT", "CAM_FRONT", "CAM_FRONT_RIGHT", "CAM_BACK_LEFT", "CAM_BACK", "CAM_BACK_RIGHT"], "token": "57238bcc0bd6419b9596d0c1740f432e", "scene": "scene-0975"}, {"images": ["samples/CAM_FRONT_LEFT/n015-2018-09-25-11-10-38+0800__CAM_FRONT_LEFT__1537845224754844.jpg", "samples/CAM_FRONT/n015-2018-09-25-11-10-38+0800__CAM_FRONT__1537845224762460.jpg", "samples/CAM_FRONT_RIGHT/n015-2018-09-25-11-10-38+0800__CAM_FRONT_RIGHT__1537845224770339.jpg", "samples/CAM_BACK_LEFT/n015-2018-09-25-11-10-38+0800__CAM_BACK_LEFT__1537845224797423.jpg", "samples/CAM_BACK/n015-2018-09-25-11-10-38+0800__CAM_BACK__1537845224787525.jpg", "samples/CAM_BACK_RIGHT/n015-2018-09-25-11-10-38+0800__CAM_BACK_RIGHT__1537845224777893.jpg"], "intrinsics": [[[1272.5979470598488, 0.0, 826.6154927353808], [0.0, 1272.5979470598488, 479.75165386361925], [0.0, 0.0, 1.0]], [[1266.417203046554, 0.0, 816.2670197447984], [0.0, 1266.417203046554, 491.50706579294757], [0.0, 0.0, 1.0]], [[1260.8474446004698, 0.0, 807.968244525554], [0.0, 1260.8474446004698, 495.3344268742088], [0.0, 0.0, 1.0]], [[1256.7414812095406, 0.0, 792.1125740759628], [0.0, 1256.7414812095406, 492.7757465151356], [0.0, 0.0, 1.0]], [[809.2209905677063, 0.0, 829.2196003259838], [0.0, 809.2209905677063, 481.77842384512485], [0.0, 0.0, 1.0]], [[1259.5137405846733, 0.0, 807.2529053838625], [0.0, 1259.5137405846733, 501.19579884916527], [0.0, 0.0, 1.0]]], "extrinsics": [[[0.8212209939956665, -0.5700594782829285, 0.025067023932933807, -0.965087890625], [-0.005923425778746605, -0.05244458094239235, -0.998606264591217, 1.5082483291625977], [0.5705795884132385, 0.8199279308319092, -0.04644529148936272, -1.28021240234375], [0.0, 0.0, 0.0, 1.0]], [[0.0065443553030490875, -0.9983848333358765, 0.05643333122134209, 0.005157470703125], [-0.011222225613892078, -0.05650431662797928, -0.9983392953872681, 1.5205345153808594], [0.9999155402183533, 0.005900197196751833, -0.011573885567486286, -1.6922607421875], [0.0, 0.0, 0.0, 1.0]], [[-0.8324931263923645, -0.5534041523933411, 0.026442931964993477, 1.032470703125], [-0.005608756560832262, -0.03930731490254402, -0.9992114305496216, 1.5036430358886719], [0.5540071129798889, -0.8319849371910095, 0.029619161039590836, -1.24871826171875], [0.0, 0.0, 0.0, 1.0]], [[0.9474909901618958, 0.3191974461078644, -0.019334297627210617, -1.1422119140625], [0.003097845707088709, -0.06961982697248459, -0.9975687861442566, 1.588552474975586], [-0.31976744532585144, 0.945127546787262, -0.06695298105478287, -0.103759765625], [0.0, 0.0, 0.0, 1.0]], [[0.001540750847198069, 0.9982165098190308, -0.05967862531542778, 0.00274658203125], [-0.02233542688190937, -0.05962945520877838, -0.997970700263977, 1.5793571472167969], [-0.9997493624687195, 0.0028705415315926075, 0.0222037173807621, 0.001708984375], [0.0, 0.0, 0.0, 1.0]], [[-0.9351252317428589, 0.35341307520866394, -0.025296954438090324, 1.1363525390625], [0.010282225906848907, -0.044298358261585236, -0.9989654421806335, 1.551447868347168], [-0.3541680872440338, -0.9344179034233093, 0.03779063746333122, -0.063720703125], [0.0, 0.0, 0.0, 1.0]]], "view": [[0.0, -2.0, 100.0], [-2.0, 0.0, 100.0], [0.0, 0.0, 1.0]], "bev": "bev_7b7b452c9e7f4078b100dbf18624ace8.png", "aux": "aux_7b7b452c9e7f4078b100dbf18624ace8.npz", "visibility": "visibility_7b7b452c9e7f4078b100dbf18624ace8.png", "pose": [[-0.44078555703163147, 0.897612452507019, 0.0, 506.0426330566406], [-0.897612452507019, -0.44078555703163147, 0.0, 1380.943115234375], [0.0, 0.0, 1.0, 0.0], [0.0, 0.0, 0.0, 1.0]], "pose_inverse": [[-0.44078555703163147, -0.897612452507019, 0.0, 1462.6080322265625], [0.897612452507019, -0.44078555703163147, 0.0, 154.4696044921875], [0.0, 0.0, 1.0, 0.0], [0.0, 0.0, 0.0, 1.0]], "cam_ids": [0, 1, 2, 3, 4, 5], "cam_channels": ["CAM_FRONT_LEFT", "CAM_FRONT", "CAM_FRONT_RIGHT", "CAM_BACK_LEFT", "CAM_BACK", "CAM_BACK_RIGHT"], "token": "7b7b452c9e7f4078b100dbf18624ace8", "scene": "scene-0975"}, {"images": ["samples/CAM_FRONT_LEFT/n015-2018-09-25-11-10-38+0800__CAM_FRONT_LEFT__1537845225254844.jpg", "samples/CAM_FRONT/n015-2018-09-25-11-10-38+0800__CAM_FRONT__1537845225262460.jpg", "samples/CAM_FRONT_RIGHT/n015-2018-09-25-11-10-38+0800__CAM_FRONT_RIGHT__1537845225270339.jpg", "samples/CAM_BACK_LEFT/n015-2018-09-25-11-10-38+0800__CAM_BACK_LEFT__1537845225297423.jpg", "samples/CAM_BACK/n015-2018-09-25-11-10-38+0800__CAM_BACK__1537845225287525.jpg", "samples/CAM_BACK_RIGHT/n015-2018-09-25-11-10-38+0800__CAM_BACK_RIGHT__1537845225277893.jpg"], "intrinsics": [[[1272.5979470598488, 0.0, 826.6154927353808], [0.0, 1272.5979470598488, 479.75165386361925], [0.0, 0.0, 1.0]], [[1266.417203046554, 0.0, 816.2670197447984], [0.0, 1266.417203046554, 491.50706579294757], [0.0, 0.0, 1.0]], [[1260.8474446004698, 0.0, 807.968244525554], [0.0, 1260.8474446004698, 495.3344268742088], [0.0, 0.0, 1.0]], [[1256.7414812095406, 0.0, 792.1125740759628], [0.0, 1256.7414812095406, 492.7757465151356], [0.0, 0.0, 1.0]], [[809.2209905677063, 0.0, 829.2196003259838], [0.0, 809.2209905677063, 481.77842384512485], [0.0, 0.0, 1.0]], [[1259.5137405846733, 0.0, 807.2529053838625], [0.0, 1259.5137405846733, 501.19579884916527], [0.0, 0.0, 1.0]]], "extrinsics": [[[0.821235716342926, -0.570038378238678, 0.025064365938305855, -0.96484375], [-0.0059188539162278175, -0.05243545398116112, -0.99860680103302, 1.5082502365112305], [0.5705584287643433, 0.8199431896209717, -0.04643584042787552, -1.28021240234375], [0.0, 0.0, 0.0, 1.0]], [[0.00656477827578783, -0.9983856678009033, 0.056417275220155716, 0.005035400390625], [-0.011207222007215023, -0.056488409638404846, -0.998340368270874, 1.520528793334961], [0.999915599822998, 0.005921573378145695, -0.01155996322631836, -1.692138671875], [0.0, 0.0, 0.0, 1.0]], [[-0.832484245300293, -0.5534180402755737, 0.02642752416431904, 1.0322265625], [-0.0055988687090575695, -0.039293497800827026, -0.9992120265960693, 1.5036468505859375], [0.5540204048156738, -0.8319762945175171, 0.029612701386213303, -1.24871826171875], [0.0, 0.0, 0.0, 1.0]], [[0.9474909901618958, 0.3191978633403778, -0.01932930201292038, -1.1422119140625], [0.0030989807564765215, -0.06960755586624146, -0.9975696206092834, 1.5885567665100098], [-0.3197675347328186, 0.945128321647644, -0.06694172322750092, -0.103759765625], [0.0, 0.0, 0.0, 1.0]], [[0.0015346972504630685, 0.9982178807258606, -0.05965651199221611, 0.0028228759765625], [-0.02233617566525936, -0.059607479721307755, -0.9979719519615173, 1.5793571472167969], [-0.9997493624687195, 0.0028641382232308388, 0.02220488339662552, 0.0018310546875], [0.0, 0.0, 0.0, 1.0]], [[-0.9351295232772827, 0.35340237617492676, -0.02529328316450119, 1.13623046875], [0.010283957235515118, -0.044284649193286896, -0.9989660382270813, 1.5514488220214844], [-0.35415709018707275, -0.9344226717948914, 0.037777505815029144, -0.063720703125], [0.0, 0.0, 0.0, 1.0]]], "view": [[0.0, -2.0, 100.0], [-2.0, 0.0, 100.0], [0.0, 0.0, 1.0]], "bev": "bev_99f11ef90e504c7d89cdd7d42e81d722.png", "aux": "aux_99f11ef90e504c7d89cdd7d42e81d722.npz", "visibility": "visibility_99f11ef90e504c7d89cdd7d42e81d722.png", "pose": [[-0.44078218936920166, 0.8976141214370728, 0.0, 506.0426330566406], [-0.8976141214370728, -0.44078218936920166, 0.0, 1380.943115234375], [0.0, 0.0, 1.0, 0.0], [0.0, 0.0, 0.0, 1.0]], "pose_inverse": [[-0.44078218936920166, -0.8976141214370728, 0.0, 1462.608642578125], [0.8976141214370728, -0.44078218936920166, 0.0, 154.46412658691406], [0.0, 0.0, 1.0, 0.0], [0.0, 0.0, 0.0, 1.0]], "cam_ids": [0, 1, 2, 3, 4, 5], "cam_channels": ["CAM_FRONT_LEFT", "CAM_FRONT", "CAM_FRONT_RIGHT", "CAM_BACK_LEFT", "CAM_BACK", "CAM_BACK_RIGHT"], "token": "99f11ef90e504c7d89cdd7d42e81d722", "scene": "scene-0975"}, {"images": ["samples/CAM_FRONT_LEFT/n015-2018-09-25-11-10-38+0800__CAM_FRONT_LEFT__1537845225754844.jpg", "samples/CAM_FRONT/n015-2018-09-25-11-10-38+0800__CAM_FRONT__1537845225762460.jpg", "samples/CAM_FRONT_RIGHT/n015-2018-09-25-11-10-38+0800__CAM_FRONT_RIGHT__1537845225770339.jpg", "samples/CAM_BACK_LEFT/n015-2018-09-25-11-10-38+0800__CAM_BACK_LEFT__1537845225797423.jpg", "samples/CAM_BACK/n015-2018-09-25-11-10-38+0800__CAM_BACK__1537845225787525.jpg", "samples/CAM_BACK_RIGHT/n015-2018-09-25-11-10-38+0800__CAM_BACK_RIGHT__1537845225777893.jpg"], "intrinsics": [[[1272.5979470598488, 0.0, 826.6154927353808], [0.0, 1272.5979470598488, 479.75165386361925], [0.0, 0.0, 1.0]], [[1266.417203046554, 0.0, 816.2670197447984], [0.0, 1266.417203046554, 491.50706579294757], [0.0, 0.0, 1.0]], [[1260.8474446004698, 0.0, 807.968244525554], [0.0, 1260.8474446004698, 495.3344268742088], [0.0, 0.0, 1.0]], [[1256.7414812095406, 0.0, 792.1125740759628], [0.0, 1256.7414812095406, 492.7757465151356], [0.0, 0.0, 1.0]], [[809.2209905677063, 0.0, 829.2196003259838], [0.0, 809.2209905677063, 481.77842384512485], [0.0, 0.0, 1.0]], [[1259.5137405846733, 0.0, 807.2529053838625], [0.0, 1259.5137405846733, 501.19579884916527], [0.0, 0.0, 1.0]]], "extrinsics": [[[0.8212410807609558, -0.5700291991233826, 0.02509598806500435, -0.9649658203125], [-0.0059027462266385555, -0.05246846750378609, -0.9986051321029663, 1.5082502365112305], [0.5705509185791016, 0.8199474215507507, -0.046453993767499924, -1.2802734375], [0.0, 0.0, 0.0, 1.0]], [[0.006571834906935692, -0.9983834028244019, 0.05645618960261345, 0.0050506591796875], [-0.011187992058694363, -0.056527286767959595, -0.9983383417129517, 1.5205307006835938], [0.9999157786369324, 0.005929292179644108, -0.01154139544814825, -1.6922607421875], [0.0, 0.0, 0.0, 1.0]], [[-0.8324813842773438, -0.5534222722053528, 0.026427850127220154, 1.0323486328125], [-0.005573604721575975, -0.03933174908161163, -0.9992105960845947, 1.5036430358886719], [0.5540249347686768, -0.8319715261459351, 0.029658393934369087, -1.24871826171875], [0.0, 0.0, 0.0, 1.0]], [[0.9474913477897644, 0.3191978335380554, -0.019311977550387383, -1.14208984375], [0.003122807713225484, -0.06962407380342484, -0.9975683689117432, 1.5885553359985352], [-0.31976625323295593, 0.9451271891593933, -0.0669649988412857, -0.103668212890625], [0.0, 0.0, 0.0, 1.0]], [[0.0015344871208071709, 0.9982159733772278, -0.059687577188014984, 0.0027923583984375], [-0.022292789071798325, -0.05963866412639618, -0.9979710578918457, 1.5793609619140625], [-0.9997503161430359, 0.0028619938530027866, 0.02216149866580963, 0.001953125], [0.0, 0.0, 0.0, 1.0]], [[-0.9351301789283752, 0.35339704155921936, -0.025338253006339073, 1.13623046875], [0.010319159366190434, -0.04431913048028946, -0.9989641904830933, 1.5514507293701172], [-0.35415390133857727, -0.9344230890274048, 0.03779739513993263, -0.063720703125], [0.0, 0.0, 0.0, 1.0]]], "view": [[0.0, -2.0, 100.0], [-2.0, 0.0, 100.0], [0.0, 0.0, 1.0]], "bev": "bev_6c86cd7252c84a41a7a02edac8f54b32.png", "aux": "aux_6c86cd7252c84a41a7a02edac8f54b32.npz", "visibility": "visibility_6c86cd7252c84a41a7a02edac8f54b32.png", "pose": [[-0.44077837467193604, 0.8976159691810608, 0.0, 506.0426025390625], [-0.8976159691810608, -0.44077837467193604, 0.0, 1380.943115234375], [0.0, 0.0, 1.0, 0.0], [0.0, 0.0, 0.0, 1.0]], "pose_inverse": [[-0.44077837467193604, -0.8976159691810608, 0.0, 1462.6092529296875], [0.8976159691810608, -0.44077837467193604, 0.0, 154.4579315185547], [0.0, 0.0, 1.0, 0.0], [0.0, 0.0, 0.0, 1.0]], "cam_ids": [0, 1, 2, 3, 4, 5], "cam_channels": ["CAM_FRONT_LEFT", "CAM_FRONT", "CAM_FRONT_RIGHT", "CAM_BACK_LEFT", "CAM_BACK", "CAM_BACK_RIGHT"], "token": "6c86cd7252c84a41a7a02edac8f54b32", "scene": "scene-0975"}, {"images": ["samples/CAM_FRONT_LEFT/n015-2018-09-25-11-10-38+0800__CAM_FRONT_LEFT__1537845226254844.jpg", "samples/CAM_FRONT/n015-2018-09-25-11-10-38+0800__CAM_FRONT__1537845226262460.jpg", "samples/CAM_FRONT_RIGHT/n015-2018-09-25-11-10-38+0800__CAM_FRONT_RIGHT__1537845226270339.jpg", "samples/CAM_BACK_LEFT/n015-2018-09-25-11-10-38+0800__CAM_BACK_LEFT__1537845226297423.jpg", "samples/CAM_BACK/n015-2018-09-25-11-10-38+0800__CAM_BACK__1537845226287525.jpg", "samples/CAM_BACK_RIGHT/n015-2018-09-25-11-10-38+0800__CAM_BACK_RIGHT__1537845226277893.jpg"], "intrinsics": [[[1272.5979470598488, 0.0, 826.6154927353808], [0.0, 1272.5979470598488, 479.75165386361925], [0.0, 0.0, 1.0]], [[1266.417203046554, 0.0, 816.2670197447984], [0.0, 1266.417203046554, 491.50706579294757], [0.0, 0.0, 1.0]], [[1260.8474446004698, 0.0, 807.968244525554], [0.0, 1260.8474446004698, 495.3344268742088], [0.0, 0.0, 1.0]], [[1256.7414812095406, 0.0, 792.1125740759628], [0.0, 1256.7414812095406, 492.7757465151356], [0.0, 0.0, 1.0]], [[809.2209905677063, 0.0, 829.2196003259838], [0.0, 809.2209905677063, 481.77842384512485], [0.0, 0.0, 1.0]], [[1259.5137405846733, 0.0, 807.2529053838625], [0.0, 1259.5137405846733, 501.19579884916527], [0.0, 0.0, 1.0]]], "extrinsics": [[[0.8212130665779114, -0.5700722336769104, 0.02503262087702751, -0.9649658203125], [-0.00595682580024004, -0.05243118479847908, -0.9986067414283752, 1.5082483291625977], [0.5705904960632324, 0.8199198246002197, -0.04645300284028053, -1.28021240234375], [0.0, 0.0, 0.0, 1.0]], [[0.006533228792250156, -0.9983859658241272, 0.05641600489616394, 0.005096435546875], [-0.01124068908393383, -0.05648696795105934, -0.9983400702476501, 1.5205326080322266], [0.9999154210090637, 0.005888257175683975, -0.011591589078307152, -1.6922607421875], [0.0, 0.0, 0.0, 1.0]], [[-0.832497775554657, -0.5533965826034546, 0.026447923853993416, 1.032470703125], [-0.005625479854643345, -0.03929167240858078, -0.9992119073867798, 1.503645896911621], [0.553999662399292, -0.8319905400276184, 0.02959711290895939, -1.24871826171875], [0.0, 0.0, 0.0, 1.0]], [[0.9474934339523315, 0.31918996572494507, -0.019338827580213547, -1.1422119140625], [0.003081603441387415, -0.06958756595849991, -0.9975710511207581, 1.5885562896728516], [-0.31976041197776794, 0.9451324343681335, -0.06691738218069077, -0.103729248046875], [0.0, 0.0, 0.0, 1.0]], [[0.0015453245723620057, 0.9982180595397949, -0.05965195223689079, 0.0028533935546875], [-0.022340618073940277, -0.05960267037153244, -0.9979721307754517, 1.5793571472167969], [-0.9997491836547852, 0.00287486519664526, 0.022208699956536293, 0.001708984375], [0.0, 0.0, 0.0, 1.0]], [[-0.9351232051849365, 0.3534200191497803, -0.025276869535446167, 1.13623046875], [0.010266667231917381, -0.04428199678659439, -0.9989663362503052, 1.5514488220214844], [-0.35417404770851135, -0.9344160556793213, 0.03778067231178284, -0.06365966796875], [0.0, 0.0, 0.0, 1.0]]], "view": [[0.0, -2.0, 100.0], [-2.0, 0.0, 100.0], [0.0, 0.0, 1.0]], "bev": "bev_4c9c2eee8eb44c35a8606e2b1c09f0f0.png", "aux": "aux_4c9c2eee8eb44c35a8606e2b1c09f0f0.npz", "visibility": "visibility_4c9c2eee8eb44c35a8606e2b1c09f0f0.png", "pose": [[-0.4407416880130768, 0.897633969783783, 0.0, 506.0426330566406], [-0.897633969783783, -0.4407416880130768, 0.0, 1380.9432373046875], [0.0, 0.0, 1.0, 0.0], [0.0, 0.0, 0.0, 1.0]], "pose_inverse": [[-0.4407416880130768, -0.897633969783783, 0.0, 1462.6156005859375], [0.897633969783783, -0.4407416880130768, 0.0, 154.39817810058594], [0.0, 0.0, 1.0, 0.0], [0.0, 0.0, 0.0, 1.0]], "cam_ids": [0, 1, 2, 3, 4, 5], "cam_channels": ["CAM_FRONT_LEFT", "CAM_FRONT", "CAM_FRONT_RIGHT", "CAM_BACK_LEFT", "CAM_BACK", "CAM_BACK_RIGHT"], "token": "4c9c2eee8eb44c35a8606e2b1c09f0f0", "scene": "scene-0975"}, {"images": ["samples/CAM_FRONT_LEFT/n015-2018-09-25-11-10-38+0800__CAM_FRONT_LEFT__1537845226754844.jpg", "samples/CAM_FRONT/n015-2018-09-25-11-10-38+0800__CAM_FRONT__1537845226762460.jpg", "samples/CAM_FRONT_RIGHT/n015-2018-09-25-11-10-38+0800__CAM_FRONT_RIGHT__1537845226770339.jpg", "samples/CAM_BACK_LEFT/n015-2018-09-25-11-10-38+0800__CAM_BACK_LEFT__1537845226797423.jpg", "samples/CAM_BACK/n015-2018-09-25-11-10-38+0800__CAM_BACK__1537845226787525.jpg", "samples/CAM_BACK_RIGHT/n015-2018-09-25-11-10-38+0800__CAM_BACK_RIGHT__1537845226777893.jpg"], "intrinsics": [[[1272.5979470598488, 0.0, 826.6154927353808], [0.0, 1272.5979470598488, 479.75165386361925], [0.0, 0.0, 1.0]], [[1266.417203046554, 0.0, 816.2670197447984], [0.0, 1266.417203046554, 491.50706579294757], [0.0, 0.0, 1.0]], [[1260.8474446004698, 0.0, 807.968244525554], [0.0, 1260.8474446004698, 495.3344268742088], [0.0, 0.0, 1.0]], [[1256.7414812095406, 0.0, 792.1125740759628], [0.0, 1256.7414812095406, 492.7757465151356], [0.0, 0.0, 1.0]], [[809.2209905677063, 0.0, 829.2196003259838], [0.0, 809.2209905677063, 481.77842384512485], [0.0, 0.0, 1.0]], [[1259.5137405846733, 0.0, 807.2529053838625], [0.0, 1259.5137405846733, 501.19579884916527], [0.0, 0.0, 1.0]]], "extrinsics": [[[0.8212201595306396, -0.5700598359107971, 0.02508414350450039, -0.9649658203125], [-0.0058933282271027565, -0.052431199699640274, -0.9986071586608887, 1.5082483291625977], [0.5705810785293579, 0.8199284672737122, -0.04641710966825485, -1.2802734375], [0.0, 0.0, 0.0, 1.0]], [[0.006540896836668253, -0.9983858466148376, 0.05641612410545349, 0.00506591796875], [-0.011191267520189285, -0.056486885994672775, -0.9983406662940979, 1.5205307006835938], [0.9999160170555115, 0.005898722913116217, -0.01154268253594637, -1.6923828125], [0.0, 0.0, 0.0, 1.0]], [[-0.8324950933456421, -0.5534026622772217, 0.026408029720187187, 1.0323486328125], [-0.005579196382313967, -0.03928888589143753, -0.9992123246192932, 1.5036449432373047], [0.5540043115615845, -0.8319867253303528, 0.02962026372551918, -1.24871826171875], [0.0, 0.0, 0.0, 1.0]], [[0.9474948048591614, 0.319189190864563, -0.01928262785077095, -1.14208984375], [0.0031347693875432014, -0.06956999003887177, -0.997572124004364, 1.588557243347168], [-0.31975576281547546, 0.9451339840888977, -0.066917784512043, -0.10369873046875], [0.0, 0.0, 0.0, 1.0]], [[0.0015454611275345087, 0.9982184171676636, -0.059646785259246826, 0.002838134765625], [-0.022295048460364342, -0.05959763377904892, -0.9979734420776367, 1.5793571472167969], [-0.9997501969337463, 0.0028721841517835855, 0.02216321788728237, 0.0018310546875], [0.0, 0.0, 0.0, 1.0]], [[-0.935123860836029, 0.35341525077819824, -0.025319499894976616, 1.1363525390625], [0.010314103215932846, -0.044277530163526535, -0.9989660382270813, 1.5514488220214844], [-0.35417094826698303, -0.9344180822372437, 0.03775980696082115, -0.063720703125], [0.0, 0.0, 0.0, 1.0]]], "view": [[0.0, -2.0, 100.0], [-2.0, 0.0, 100.0], [0.0, 0.0, 1.0]], "bev": "bev_9f179103691a4fc98ee9126d292f6b43.png", "aux": "aux_9f179103691a4fc98ee9126d292f6b43.npz", "visibility": "visibility_9f179103691a4fc98ee9126d292f6b43.png", "pose": [[-0.44072604179382324, 0.897641658782959, 0.0, 506.0426025390625], [-0.897641658782959, -0.44072604179382324, 0.0, 1380.943115234375], [0.0, 0.0, 1.0, 0.0], [0.0, 0.0, 0.0, 1.0]], "pose_inverse": [[-0.44072604179382324, -0.897641658782959, 0.0, 1462.6182861328125], [0.897641658782959, -0.44072604179382324, 0.0, 154.37265014648438], [0.0, 0.0, 1.0, 0.0], [0.0, 0.0, 0.0, 1.0]], "cam_ids": [0, 1, 2, 3, 4, 5], "cam_channels": ["CAM_FRONT_LEFT", "CAM_FRONT", "CAM_FRONT_RIGHT", "CAM_BACK_LEFT", "CAM_BACK", "CAM_BACK_RIGHT"], "token": "9f179103691a4fc98ee9126d292f6b43", "scene": "scene-0975"}, {"images": ["samples/CAM_FRONT_LEFT/n015-2018-09-25-11-10-38+0800__CAM_FRONT_LEFT__1537845227254844.jpg", "samples/CAM_FRONT/n015-2018-09-25-11-10-38+0800__CAM_FRONT__1537845227262460.jpg", "samples/CAM_FRONT_RIGHT/n015-2018-09-25-11-10-38+0800__CAM_FRONT_RIGHT__1537845227270339.jpg", "samples/CAM_BACK_LEFT/n015-2018-09-25-11-10-38+0800__CAM_BACK_LEFT__1537845227297423.jpg", "samples/CAM_BACK/n015-2018-09-25-11-10-38+0800__CAM_BACK__1537845227287525.jpg", "samples/CAM_BACK_RIGHT/n015-2018-09-25-11-10-38+0800__CAM_BACK_RIGHT__1537845227277893.jpg"], "intrinsics": [[[1272.5979470598488, 0.0, 826.6154927353808], [0.0, 1272.5979470598488, 479.75165386361925], [0.0, 0.0, 1.0]], [[1266.417203046554, 0.0, 816.2670197447984], [0.0, 1266.417203046554, 491.50706579294757], [0.0, 0.0, 1.0]], [[1260.8474446004698, 0.0, 807.968244525554], [0.0, 1260.8474446004698, 495.3344268742088], [0.0, 0.0, 1.0]], [[1256.7414812095406, 0.0, 792.1125740759628], [0.0, 1256.7414812095406, 492.7757465151356], [0.0, 0.0, 1.0]], [[809.2209905677063, 0.0, 829.2196003259838], [0.0, 809.2209905677063, 481.77842384512485], [0.0, 0.0, 1.0]], [[1259.5137405846733, 0.0, 807.2529053838625], [0.0, 1259.5137405846733, 501.19579884916527], [0.0, 0.0, 1.0]]], "extrinsics": [[[0.8212400674819946, -0.5700330138206482, 0.025041108950972557, -0.9649658203125], [-0.0059169987216591835, -0.05239267274737358, -0.9986090064048767, 1.5082502365112305], [0.5705520510673523, 0.8199495673179626, -0.04639984667301178, -1.2802734375], [0.0, 0.0, 0.0, 1.0]], [[0.006569489371031523, -0.9983882904052734, 0.05637085437774658, 0.0051422119140625], [-0.01121574081480503, -0.05644209682941437, -0.9983428716659546, 1.5205402374267578], [0.9999155402183533, 0.005926390644162893, -0.011568458750844002, -1.6922607421875], [0.0, 0.0, 0.0, 1.0]], [[-0.8324829936027527, -0.5534209609031677, 0.026406196877360344, 1.0325927734375], [-0.005607006140053272, -0.03924264386296272, -0.9992139339447021, 1.5036468505859375], [0.5540221929550171, -0.831976592540741, 0.029565799981355667, -1.24871826171875], [0.0, 0.0, 0.0, 1.0]], [[0.9474923014640808, 0.31919416785240173, -0.01932312175631523, -1.1422119140625], [0.003086936427280307, -0.06955353915691376, -0.9975734353065491, 1.5885591506958008], [-0.31976357102394104, 0.9451335072517395, -0.0668867751955986, -0.103759765625], [0.0, 0.0, 0.0, 1.0]], [[0.0015353488270193338, 0.9982205033302307, -0.05961322411894798, 0.0027923583984375], [-0.022341376170516014, -0.059564173221588135, -0.9979743957519531, 1.5793571472167969], [-0.9997492432594299, 0.002864063950255513, 0.02221016399562359, 0.001953125], [0.0, 0.0, 0.0, 1.0]], [[-0.9351297616958618, 0.35340285301208496, -0.02527279034256935, 1.1363525390625], [0.01028123963624239, -0.044234003871679306, -0.9989683032035828, 1.5514497756958008], [-0.3541561961174011, -0.9344248175621033, 0.0377311110496521, -0.06353759765625], [0.0, 0.0, 0.0, 1.0]]], "view": [[0.0, -2.0, 100.0], [-2.0, 0.0, 100.0], [0.0, 0.0, 1.0]], "bev": "bev_f4013a32093644d6ac74e55990d4747c.png", "aux": "aux_f4013a32093644d6ac74e55990d4747c.npz", "visibility": "visibility_f4013a32093644d6ac74e55990d4747c.png", "pose": [[-0.4408359229564667, 0.8975877165794373, 0.0, 506.0426330566406], [-0.8975877165794373, -0.4408359229564667, 0.0, 1380.9432373046875], [0.0, 0.0, 1.0, 0.0], [0.0, 0.0, 0.0, 1.0]], "pose_inverse": [[-0.4408359229564667, -0.8975877165794373, 0.0, 1462.5994873046875], [0.8975877165794373, -0.4408359229564667, 0.0, 154.55172729492188], [0.0, 0.0, 1.0, 0.0], [0.0, 0.0, 0.0, 1.0]], "cam_ids": [0, 1, 2, 3, 4, 5], "cam_channels": ["CAM_FRONT_LEFT", "CAM_FRONT", "CAM_FRONT_RIGHT", "CAM_BACK_LEFT", "CAM_BACK", "CAM_BACK_RIGHT"], "token": "f4013a32093644d6ac74e55990d4747c", "scene": "scene-0975"}, {"images": ["samples/CAM_FRONT_LEFT/n015-2018-09-25-11-10-38+0800__CAM_FRONT_LEFT__1537845227754844.jpg", "samples/CAM_FRONT/n015-2018-09-25-11-10-38+0800__CAM_FRONT__1537845227762460.jpg", "samples/CAM_FRONT_RIGHT/n015-2018-09-25-11-10-38+0800__CAM_FRONT_RIGHT__1537845227770339.jpg", "samples/CAM_BACK_LEFT/n015-2018-09-25-11-10-38+0800__CAM_BACK_LEFT__1537845227797423.jpg", "samples/CAM_BACK/n015-2018-09-25-11-10-38+0800__CAM_BACK__1537845227787525.jpg", "samples/CAM_BACK_RIGHT/n015-2018-09-25-11-10-38+0800__CAM_BACK_RIGHT__1537845227777893.jpg"], "intrinsics": [[[1272.5979470598488, 0.0, 826.6154927353808], [0.0, 1272.5979470598488, 479.75165386361925], [0.0, 0.0, 1.0]], [[1266.417203046554, 0.0, 816.2670197447984], [0.0, 1266.417203046554, 491.50706579294757], [0.0, 0.0, 1.0]], [[1260.8474446004698, 0.0, 807.968244525554], [0.0, 1260.8474446004698, 495.3344268742088], [0.0, 0.0, 1.0]], [[1256.7414812095406, 0.0, 792.1125740759628], [0.0, 1256.7414812095406, 492.7757465151356], [0.0, 0.0, 1.0]], [[809.2209905677063, 0.0, 829.2196003259838], [0.0, 809.2209905677063, 481.77842384512485], [0.0, 0.0, 1.0]], [[1259.5137405846733, 0.0, 807.2529053838625], [0.0, 1259.5137405846733, 501.19579884916527], [0.0, 0.0, 1.0]]], "extrinsics": [[[0.8212245106697083, -0.5700598955154419, 0.02494094707071781, -0.9649658203125], [-0.0060130273923277855, -0.05235299468040466, -0.9986105561256409, 1.5082483291625977], [0.5705735087394714, 0.8199334740638733, -0.046421345323324203, -1.28021240234375], [0.0, 0.0, 0.0, 1.0]], [[0.006551389116793871, -0.9983903169631958, 0.05633607879281044, 0.0050811767578125], [-0.011299989186227322, -0.05640760809183121, -0.9983439445495605, 1.5205326080322266], [0.9999146461486816, 0.005903960671275854, -0.011651348322629929, -1.692138671875], [0.0, 0.0, 0.0, 1.0]], [[-0.8324898481369019, -0.5534082055091858, 0.026457633823156357, 1.0322265625], [-0.005693015176802874, -0.03920701518654823, -0.9992148876190186, 1.5036449432373047], [0.5540109872817993, -0.8319867849349976, 0.029488878324627876, -1.2486572265625], [0.0, 0.0, 0.0, 1.0]], [[0.9474913477897644, 0.319193571805954, -0.019382774829864502, -1.142333984375], [0.003004066413268447, -0.06949436664581299, -0.9975777864456177, 1.5885534286499023], [-0.31976741552352905, 0.9451380968093872, -0.0668041855096817, -0.1036376953125], [0.0, 0.0, 0.0, 1.0]], [[0.0015374516369774938, 0.9982232451438904, -0.05956488847732544, 0.0027923583984375], [-0.022430749610066414, -0.05951555073261261, -0.9979753494262695, 1.5793533325195312], [-0.9997472167015076, 0.002870418131351471, 0.022299394011497498, 0.0018310546875], [0.0, 0.0, 0.0, 1.0]], [[-0.9351276755332947, 0.3534156084060669, -0.025171764194965363, 1.13623046875], [0.010188301093876362, -0.04419300705194473, -0.9989710450172424, 1.55145263671875], [-0.3541644513607025, -0.9344218969345093, 0.03772540017962456, -0.06365966796875], [0.0, 0.0, 0.0, 1.0]]], "view": [[0.0, -2.0, 100.0], [-2.0, 0.0, 100.0], [0.0, 0.0, 1.0]], "bev": "bev_71cdcacad7864f77a619aeaead14d187.png", "aux": "aux_71cdcacad7864f77a619aeaead14d187.npz", "visibility": "visibility_71cdcacad7864f77a619aeaead14d187.png", "pose": [[-0.4408065378665924, 0.8976021409034729, 0.0, 506.0426330566406], [-0.8976021409034729, -0.4408065378665924, 0.0, 1380.9432373046875], [0.0, 0.0, 1.0, 0.0], [0.0, 0.0, 0.0, 1.0]], "pose_inverse": [[-0.4408065378665924, -0.8976021409034729, 0.0, 1462.6044921875], [0.8976021409034729, -0.4408065378665924, 0.0, 154.50384521484375], [0.0, 0.0, 1.0, 0.0], [0.0, 0.0, 0.0, 1.0]], "cam_ids": [0, 1, 2, 3, 4, 5], "cam_channels": ["CAM_FRONT_LEFT", "CAM_FRONT", "CAM_FRONT_RIGHT", "CAM_BACK_LEFT", "CAM_BACK", "CAM_BACK_RIGHT"], "token": "71cdcacad7864f77a619aeaead14d187", "scene": "scene-0975"}, {"images": ["samples/CAM_FRONT_LEFT/n015-2018-09-25-11-10-38+0800__CAM_FRONT_LEFT__1537845228254844.jpg", "samples/CAM_FRONT/n015-2018-09-25-11-10-38+0800__CAM_FRONT__1537845228262460.jpg", "samples/CAM_FRONT_RIGHT/n015-2018-09-25-11-10-38+0800__CAM_FRONT_RIGHT__1537845228270339.jpg", "samples/CAM_BACK_LEFT/n015-2018-09-25-11-10-38+0800__CAM_BACK_LEFT__1537845228297423.jpg", "samples/CAM_BACK/n015-2018-09-25-11-10-38+0800__CAM_BACK__1537845228287551.jpg", "samples/CAM_BACK_RIGHT/n015-2018-09-25-11-10-38+0800__CAM_BACK_RIGHT__1537845228277893.jpg"], "intrinsics": [[[1272.5979470598488, 0.0, 826.6154927353808], [0.0, 1272.5979470598488, 479.75165386361925], [0.0, 0.0, 1.0]], [[1266.417203046554, 0.0, 816.2670197447984], [0.0, 1266.417203046554, 491.50706579294757], [0.0, 0.0, 1.0]], [[1260.8474446004698, 0.0, 807.968244525554], [0.0, 1260.8474446004698, 495.3344268742088], [0.0, 0.0, 1.0]], [[1256.7414812095406, 0.0, 792.1125740759628], [0.0, 1256.7414812095406, 492.7757465151356], [0.0, 0.0, 1.0]], [[809.2209905677063, 0.0, 829.2196003259838], [0.0, 809.2209905677063, 481.77842384512485], [0.0, 0.0, 1.0]], [[1259.5137405846733, 0.0, 807.2529053838625], [0.0, 1259.5137405846733, 501.19579884916527], [0.0, 0.0, 1.0]]], "extrinsics": [[[0.821225643157959, -0.5700584053993225, 0.024937966838479042, -0.96484375], [-0.005950103979557753, -0.05225750803947449, -0.9986159205436707, 1.5082464218139648], [0.570572555065155, 0.8199406266212463, -0.04630711302161217, -1.28021240234375], [0.0, 0.0, 0.0, 1.0]], [[0.006550515070557594, -0.9983958005905151, 0.05623896047472954, 0.0050811767578125], [-0.011249342001974583, -0.05631018429994583, -0.9983499646186829, 1.520528793334961], [0.9999153017997742, 0.005907068029046059, -0.011600159108638763, -1.6922607421875], [0.0, 0.0, 0.0, 1.0]], [[-0.8324909806251526, -0.5534113049507141, 0.02635378949344158, 1.0323486328125], [-0.005636014975607395, -0.03910523280501366, -0.9992191791534424, 1.503645896911621], [0.554009735584259, -0.831989586353302, 0.029435722157359123, -1.2486572265625], [0.0, 0.0, 0.0, 1.0]], [[0.9474932551383972, 0.319193035364151, -0.019294405356049538, -1.1422119140625], [0.003060421906411648, -0.06938604265451431, -0.9975851774215698, 1.5885567665100098], [-0.3197610080242157, 0.9451462626457214, -0.0667196735739708, -0.103729248046875], [0.0, 0.0, 0.0, 1.0]], [[0.0015418262919411063, 0.9982297420501709, -0.05945619195699692, 0.0028