[{"images": ["samples/CAM_FRONT_LEFT/n015-2018-11-21-19-11-29+0800__CAM_FRONT_LEFT__1542798791604844.jpg", "samples/CAM_FRONT/n015-2018-11-21-19-11-29+0800__CAM_FRONT__1542798791612460.jpg", "samples/CAM_FRONT_RIGHT/n015-2018-11-21-19-11-29+0800__CAM_FRONT_RIGHT__1542798791620339.jpg", "samples/CAM_BACK_LEFT/n015-2018-11-21-19-11-29+0800__CAM_BACK_LEFT__1542798791647423.jpg", "samples/CAM_BACK/n015-2018-11-21-19-11-29+0800__CAM_BACK__1542798791637525.jpg", "samples/CAM_BACK_RIGHT/n015-2018-11-21-19-11-29+0800__CAM_BACK_RIGHT__1542798791627893.jpg"], "intrinsics": [[[1272.5979470598488, 0.0, 826.6154927353808], [0.0, 1272.5979470598488, 479.75165386361925], [0.0, 0.0, 1.0]], [[1266.417203046554, 0.0, 816.2670197447984], [0.0, 1266.417203046554, 491.50706579294757], [0.0, 0.0, 1.0]], [[1260.8474446004698, 0.0, 807.968244525554], [0.0, 1260.8474446004698, 495.3344268742088], [0.0, 0.0, 1.0]], [[1256.7414812095406, 0.0, 792.1125740759628], [0.0, 1256.7414812095406, 492.7757465151356], [0.0, 0.0, 1.0]], [[809.2209905677063, 0.0, 829.2196003259838], [0.0, 809.2209905677063, 481.77842384512485], [0.0, 0.0, 1.0]], [[1259.5137405846733, 0.0, 807.2529053838625], [0.0, 1259.5137405846733, 501.19579884916527], [0.0, 0.0, 1.0]]], "extrinsics": [[[0.8207088708877563, -0.5712403655052185, 0.011018040589988232, -0.965087890625], [0.0033901678398251534, -0.014415106736123562, -0.9998903274536133, 1.5082473754882812], [0.5713365077972412, 0.8206561803817749, -0.009894005954265594, -1.2802734375], [0.0, 0.0, 0.0, 1.0]], [[0.005589361768215895, -0.9998139142990112, 0.01846211403608322, 0.0050048828125], [-0.0018978931475430727, -0.018472976982593536, -0.9998275637626648, 1.5205326080322266], [0.9999825358390808, 0.00555332051590085, -0.0020007931161671877, -1.6922607421875], [0.0, 0.0, 0.0, 1.0]], [[-0.8329424262046814, -0.5533544421195984, -0.002416091039776802, 1.03228759765625], [0.0037377707194536924, -0.0012600875925272703, -0.9999921917915344, 1.5036449432373047], [0.5533470511436462, -0.832944929599762, 0.0031178935896605253, -1.2490234375], [0.0, 0.0, 0.0, 1.0]], [[0.9477722644805908, 0.31894373893737793, 0.0016697250539436936, -1.1421966552734375], [0.012400954030454159, -0.03161848336458206, -0.9994230270385742, 1.58856201171875], [-0.3187068700790405, 0.9472460746765137, -0.03392232581973076, -0.103759765625], [0.0, 0.0, 0.0, 1.0]], [[0.002536697778850794, 0.9997628927230835, -0.021627560257911682, 0.002685546875], [-0.013012786395847797, -0.021592797711491585, -0.9996821880340576, 1.5793571472167969], [-0.9999121427536011, 0.0028173872269690037, 0.012954924255609512, 0.0018310546875], [0.0, 0.0, 0.0, 1.0]], [[-0.9346939325332642, 0.3548581004142761, -0.020567089319229126, 1.13623046875], [0.019618120044469833, -0.0062723420560359955, -0.9997878670692444, 1.5514507293701172], [-0.35491183400154114, -0.9348991513252258, -0.0010989289730787277, -0.0635986328125], [0.0, 0.0, 0.0, 1.0]]], "view": [[0.0, -2.0, 100.0], [-2.0, 0.0, 100.0], [0.0, 0.0, 1.0]], "bev": "bev_462e80c05eee4b8da521a00740237d54.png", "aux": "aux_462e80c05eee4b8da521a00740237d54.npz", "visibility": "visibility_462e80c05eee4b8da521a00740237d54.png", "pose": [[-0.7381020188331604, -0.6746891140937805, 0.0, 618.1793823242188], [0.6746891140937805, -0.7381020188331604, 0.0, 1979.288818359375], [0.0, 0.0, 1.0, 0.0], [0.0, 0.0, 0.0, 1.0]], "pose_inverse": [[-0.7381020188331604, 0.6746891140937805, 0.0, -879.125244140625], [-0.6746891140937805, -0.7381020188331604, 0.0, 1877.9959716796875], [0.0, 0.0, 1.0, 0.0], [0.0, 0.0, 0.0, 1.0]], "cam_ids": [0, 1, 2, 3, 4, 5], "cam_channels": ["CAM_FRONT_LEFT", "CAM_FRONT", "CAM_FRONT_RIGHT", "CAM_BACK_LEFT", "CAM_BACK", "CAM_BACK_RIGHT"], "token": "462e80c05eee4b8da521a00740237d54", "scene": "scene-1048"}, {"images": ["samples/CAM_FRONT_LEFT/n015-2018-11-21-19-11-29+0800__CAM_FRONT_LEFT__1542798792104844.jpg", "samples/CAM_FRONT/n015-2018-11-21-19-11-29+0800__CAM_FRONT__1542798792112460.jpg", "samples/CAM_FRONT_RIGHT/n015-2018-11-21-19-11-29+0800__CAM_FRONT_RIGHT__1542798792120339.jpg", "samples/CAM_BACK_LEFT/n015-2018-11-21-19-11-29+0800__CAM_BACK_LEFT__1542798792147423.jpg", "samples/CAM_BACK/n015-2018-11-21-19-11-29+0800__CAM_BACK__1542798792137525.jpg", "samples/CAM_BACK_RIGHT/n015-2018-11-21-19-11-29+0800__CAM_BACK_RIGHT__1542798792127896.jpg"], "intrinsics": [[[1272.5979470598488, 0.0, 826.6154927353808], [0.0, 1272.5979470598488, 479.75165386361925], [0.0, 0.0, 1.0]], [[1266.417203046554, 0.0, 816.2670197447984], [0.0, 1266.417203046554, 491.50706579294757], [0.0, 0.0, 1.0]], [[1260.8474446004698, 0.0, 807.968244525554], [0.0, 1260.8474446004698, 495.3344268742088], [0.0, 0.0, 1.0]], [[1256.7414812095406, 0.0, 792.1125740759628], [0.0, 1256.7414812095406, 492.7757465151356], [0.0, 0.0, 1.0]], [[809.2209905677063, 0.0, 829.2196003259838], [0.0, 809.2209905677063, 481.77842384512485], [0.0, 0.0, 1.0]], [[1259.5137405846733, 0.0, 807.2529053838625], [0.0, 1259.5137405846733, 501.19579884916527], [0.0, 0.0, 1.0]]], "extrinsics": [[[0.8206926584243774, -0.5712636709213257, 0.01102264504879713, -0.965087890625], [0.003408177522942424, -0.014396808110177517, -0.9998905658721924, 1.508249282836914], [0.5713597536087036, 0.8206403255462646, -0.009868385270237923, -1.2803955078125], [0.0, 0.0, 0.0, 1.0]], [[0.005564296618103981, -0.9998144507408142, 0.018444132059812546, 0.005126953125], [-0.001881608972325921, -0.01845485530793667, -0.9998279809951782, 1.5205326080322266], [0.9999827146530151, 0.005528569221496582, -0.0019839489832520485, -1.692138671875], [0.0, 0.0, 0.0, 1.0]], [[-0.8329529762268066, -0.5533382892608643, -0.002438416937366128, 1.0323486328125], [0.003752760123461485, -0.0012424117885529995, -0.9999921321868896, 1.503645420074463], [0.5533309578895569, -0.8329556584358215, 0.003111419500783086, -1.248779296875], [0.0, 0.0, 0.0, 1.0]], [[0.947774350643158, 0.3189370632171631, 0.0016925155650824308, -1.142242431640625], [0.012413637712597847, -0.03158550709486008, -0.9994239211082458, 1.5885467529296875], [-0.31869983673095703, 0.9472494125366211, -0.0338951013982296, -0.103515625], [0.0, 0.0, 0.0, 1.0]], [[0.0025462673511356115, 0.9997634291648865, -0.021603278815746307, 0.002685546875], [-0.013005383312702179, -0.021568413823843002, -0.9996827840805054, 1.5793590545654297], [-0.9999121427536011, 0.0028264191932976246, 0.012947386130690575, 0.001953125], [0.0, 0.0, 0.0, 1.0]], [[-0.9346886277198792, 0.3548716604709625, -0.020573679357767105, 1.13623046875], [0.019635895267128944, -0.006244129966944456, -0.9997876882553101, 1.5514469146728516], [-0.35492485761642456, -0.9348942041397095, -0.0011319046607241035, -0.063720703125], [0.0, 0.0, 0.0, 1.0]]], "view": [[0.0, -2.0, 100.0], [-2.0, 0.0, 100.0], [0.0, 0.0, 1.0]], "bev": "bev_275a42e50fde4fc29bc264876c98486c.png", "aux": "aux_275a42e50fde4fc29bc264876c98486c.npz", "visibility": "visibility_275a42e50fde4fc29bc264876c98486c.png", "pose": [[-0.7381433844566345, -0.674643874168396, 0.0, 618.17919921875], [0.674643874168396, -0.7381433844566345, 0.0, 1979.2886962890625], [0.0, 0.0, 1.0, 0.0], [0.0, 0.0, 0.0, 1.0]], "pose_inverse": [[-0.7381433844566345, 0.674643874168396, 0.0, -879.0100708007812], [-0.674643874168396, -0.7381433844566345, 0.0, 1878.0496826171875], [0.0, 0.0, 1.0, 0.0], [0.0, 0.0, 0.0, 1.0]], "cam_ids": [0, 1, 2, 3, 4, 5], "cam_channels": ["CAM_FRONT_LEFT", "CAM_FRONT", "CAM_FRONT_RIGHT", "CAM_BACK_LEFT", "CAM_BACK", "CAM_BACK_RIGHT"], "token": "275a42e50fde4fc29bc264876c98486c", "scene": "scene-1048"}, {"images": ["samples/CAM_FRONT_LEFT/n015-2018-11-21-19-11-29+0800__CAM_FRONT_LEFT__1542798792604844.jpg", "samples/CAM_FRONT/n015-2018-11-21-19-11-29+0800__CAM_FRONT__1542798792612460.jpg", "samples/CAM_FRONT_RIGHT/n015-2018-11-21-19-11-29+0800__CAM_FRONT_RIGHT__1542798792620339.jpg", "samples/CAM_BACK_LEFT/n015-2018-11-21-19-11-29+0800__CAM_BACK_LEFT__1542798792647431.jpg", "samples/CAM_BACK/n015-2018-11-21-19-11-29+0800__CAM_BACK__1542798792637525.jpg", "samples/CAM_BACK_RIGHT/n015-2018-11-21-19-11-29+0800__CAM_BACK_RIGHT__1542798792627893.jpg"], "intrinsics": [[[1272.5979470598488, 0.0, 826.6154927353808], [0.0, 1272.5979470598488, 479.75165386361925], [0.0, 0.0, 1.0]], [[1266.417203046554, 0.0, 816.2670197447984], [0.0, 1266.417203046554, 491.50706579294757], [0.0, 0.0, 1.0]], [[1260.8474446004698, 0.0, 807.968244525554], [0.0, 1260.8474446004698, 495.3344268742088], [0.0, 0.0, 1.0]], [[1256.7414812095406, 0.0, 792.1125740759628], [0.0, 1256.7414812095406, 492.7757465151356], [0.0, 0.0, 1.0]], [[809.2209905677063, 0.0, 829.2196003259838], [0.0, 809.2209905677063, 481.77842384512485], [0.0, 0.0, 1.0]], [[1259.5137405846733, 0.0, 807.2529053838625], [0.0, 1259.5137405846733, 501.19579884916527], [0.0, 0.0, 1.0]]], "extrinsics": [[[0.8207173347473145, -0.5712293386459351, 0.010962489061057568, -0.96484375], [0.0033335608895868063, -0.014399437233805656, -0.9998908042907715, 1.508249282836914], [0.5713247656822205, 0.8206642270088196, -0.009913638234138489, -1.2803955078125], [0.0, 0.0, 0.0, 1.0]], [[0.005601888056844473, -0.9998142719268799, 0.01843969337642193, 0.0050048828125], [-0.0019569771829992533, -0.018450910225510597, -0.9998279213905334, 1.5205326080322266], [0.9999823570251465, 0.005564831662923098, -0.0020599733106791973, -1.69232177734375], [0.0, 0.0, 0.0, 1.0]], [[-0.8329375386238098, -0.5533618330955505, -0.0023804716765880585, 1.0323486328125], [0.003675899002701044, -0.001231273403391242, -0.9999924302101135, 1.5036444664001465], [0.5533546805381775, -0.8329399824142456, 0.0030596780125051737, -1.2490234375], [0.0, 0.0, 0.0, 1.0]], [[0.9477719068527222, 0.3189446032047272, 0.0016492578433826566, -1.142120361328125], [0.012364717200398445, -0.031574830412864685, -0.999424934387207, 1.5885467529296875], [-0.3187090754508972, 0.9472472667694092, -0.03386940062046051, -0.103759765625], [0.0, 0.0, 0.0, 1.0]], [[0.0025316777173429728, 0.9997637867927551, -0.021591119468212128, 0.0028076171875], [-0.013064151629805565, -0.021556278690695763, -0.9996823072433472, 1.579355239868164], [-0.9999114871025085, 0.0028130188584327698, 0.013006490655243397, 0.00177001953125], [0.0, 0.0, 0.0, 1.0]], [[-0.9346973299980164, 0.35485243797302246, -0.020505767315626144, 1.1363525390625], [0.019564762711524963, -0.006240089889615774, -0.9997891187667847, 1.55145263671875], [-0.35490554571151733, -0.9349015355110168, -0.0011100113624706864, -0.0635986328125], [0.0, 0.0, 0.0, 1.0]]], "view": [[0.0, -2.0, 100.0], [-2.0, 0.0, 100.0], [0.0, 0.0, 1.0]], "bev": "bev_e3546bd9f1b54355baa8ec7e1f1d6fe0.png", "aux": "aux_e3546bd9f1b54355baa8ec7e1f1d6fe0.npz", "visibility": "visibility_e3546bd9f1b54355baa8ec7e1f1d6fe0.png", "pose": [[-0.7380731105804443, -0.6747207641601562, 0.0, 618.1790771484375], [0.6747207641601562, -0.7380731105804443, 0.0, 1979.28857421875], [0.0, 0.0, 1.0, 0.0], [0.0, 0.0, 0.0, 1.0]], "pose_inverse": [[-0.7380731105804443, 0.6747207641601562, 0.0, -879.2056884765625], [-0.6747207641601562, -0.7380731105804443, 0.0, 1877.9578857421875], [0.0, 0.0, 1.0, 0.0], [0.0, 0.0, 0.0, 1.0]], "cam_ids": [0, 1, 2, 3, 4, 5], "cam_channels": ["CAM_FRONT_LEFT", "CAM_FRONT", "CAM_FRONT_RIGHT", "CAM_BACK_LEFT", "CAM_BACK", "CAM_BACK_RIGHT"], "token": "e3546bd9f1b54355baa8ec7e1f1d6fe0", "scene": "scene-1048"}, {"images": ["samples/CAM_FRONT_LEFT/n015-2018-11-21-19-11-29+0800__CAM_FRONT_LEFT__1542798793154844.jpg", "samples/CAM_FRONT/n015-2018-11-21-19-11-29+0800__CAM_FRONT__1542798793162460.jpg", "samples/CAM_FRONT_RIGHT/n015-2018-11-21-19-11-29+0800__CAM_FRONT_RIGHT__1542798793170339.jpg", "samples/CAM_BACK_LEFT/n015-2018-11-21-19-11-29+0800__CAM_BACK_LEFT__1542798793197423.jpg", "samples/CAM_BACK/n015-2018-11-21-19-11-29+0800__CAM_BACK__1542798793187525.jpg", "samples/CAM_BACK_RIGHT/n015-2018-11-21-19-11-29+0800__CAM_BACK_RIGHT__1542798793177893.jpg"], "intrinsics": [[[1272.5979470598488, 0.0, 826.6154927353808], [0.0, 1272.5979470598488, 479.75165386361925], [0.0, 0.0, 1.0]], [[1266.417203046554, 0.0, 816.2670197447984], [0.0, 1266.417203046554, 491.50706579294757], [0.0, 0.0, 1.0]], [[1260.8474446004698, 0.0, 807.968244525554], [0.0, 1260.8474446004698, 495.3344268742088], [0.0, 0.0, 1.0]], [[1256.7414812095406, 0.0, 792.1125740759628], [0.0, 1256.7414812095406, 492.7757465151356], [0.0, 0.0, 1.0]], [[809.2209905677063, 0.0, 829.2196003259838], [0.0, 809.2209905677063, 481.77842384512485], [0.0, 0.0, 1.0]], [[1259.5137405846733, 0.0, 807.2529053838625], [0.0, 1259.5137405846733, 501.19579884916527], [0.0, 0.0, 1.0]]], "extrinsics": [[[0.8207056522369385, -0.5712457299232483, 0.010976208373904228, -0.965087890625], [0.0033422994893044233, -0.01441054604947567, -0.9998905658721924, 1.5082473754882812], [0.5713413953781128, 0.8206525444984436, -0.009917543269693851, -1.2801513671875], [0.0, 0.0, 0.0, 1.0]], [[0.005583204794675112, -0.9998140335083008, 0.018459152430295944, 0.0050048828125], [-0.0019577727653086185, -0.01847033202648163, -0.99982750415802, 1.520528793334961], [0.9999825358390808, 0.005546061787754297, -0.0020605316385626793, -1.69232177734375], [0.0, 0.0, 0.0, 1.0]], [[-0.8329466581344604, -0.5533483028411865, -0.002359453123062849, 1.032257080078125], [0.003667015116661787, -0.0012559747556224465, -0.9999924898147583, 1.5036449432373047], [0.5533411502838135, -0.8329490423202515, 0.0030752974562346935, -1.248779296875], [0.0, 0.0, 0.0, 1.0]], [[0.9477725028991699, 0.31894272565841675, 0.0016115147154778242, -1.1422119140625], [0.012336225248873234, -0.03160864859819412, -0.999424159526825, 1.5885543823242188], [-0.3187081813812256, 0.9472467303276062, -0.03389235958456993, -0.103759765625], [0.0, 0.0, 0.0, 1.0]], [[0.002539135282859206, 0.9997629523277283, -0.02162392996251583, 0.0028076171875], [-0.013087274506688118, -0.021588925272226334, -0.999681293964386, 1.5793571472167969], [-0.9999111890792847, 0.0028212941251695156, 0.013029355555772781, 0.00189208984375], [0.0, 0.0, 0.0, 1.0]], [[-0.9346933364868164, 0.35486385226249695, -0.02049313485622406, 1.1363525390625], [0.01954345963895321, -0.0062606497667729855, -0.9997894167900085, 1.5514488220214844], [-0.35491743683815, -0.9348970651626587, -0.0010834805434569716, -0.0635986328125], [0.0, 0.0, 0.0, 1.0]]], "view": [[0.0, -2.0, 100.0], [-2.0, 0.0, 100.0], [0.0, 0.0, 1.0]], "bev": "bev_1c3000c7f9634e5c8ea77635379d7fae.png", "aux": "aux_1c3000c7f9634e5c8ea77635379d7fae.npz", "visibility": "visibility_1c3000c7f9634e5c8ea77635379d7fae.png", "pose": [[-0.7380441427230835, -0.674752414226532, 0.0, 618.178955078125], [0.674752414226532, -0.7380441427230835, 0.0, 1979.2884521484375], [0.0, 0.0, 1.0, 0.0], [0.0, 0.0, 0.0, 1.0]], "pose_inverse": [[-0.7380441427230835, 0.674752414226532, 0.0, -879.2863159179688], [-0.674752414226532, -0.7380441427230835, 0.0, 1877.9200439453125], [0.0, 0.0, 1.0, 0.0], [0.0, 0.0, 0.0, 1.0]], "cam_ids": [0, 1, 2, 3, 4, 5], "cam_channels": ["CAM_FRONT_LEFT", "CAM_FRONT", "CAM_FRONT_RIGHT", "CAM_BACK_LEFT", "CAM_BACK", "CAM_BACK_RIGHT"], "token": "1c3000c7f9634e5c8ea77635379d7fae", "scene": "scene-1048"}, {"images": ["samples/CAM_FRONT_LEFT/n015-2018-11-21-19-11-29+0800__CAM_FRONT_LEFT__1542798793654844.jpg", "samples/CAM_FRONT/n015-2018-11-21-19-11-29+0800__CAM_FRONT__1542798793662460.jpg", "samples/CAM_FRONT_RIGHT/n015-2018-11-21-19-11-29+0800__CAM_FRONT_RIGHT__1542798793670339.jpg", "samples/CAM_BACK_LEFT/n015-2018-11-21-19-11-29+0800__CAM_BACK_LEFT__1542798793697423.jpg", "samples/CAM_BACK/n015-2018-11-21-19-11-29+0800__CAM_BACK__1542798793687525.jpg", "samples/CAM_BACK_RIGHT/n015-2018-11-21-19-11-29+0800__CAM_BACK_RIGHT__1542798793677893.jpg"], "intrinsics": [[[1272.5979470598488, 0.0, 826.6154927353808], [0.0, 1272.5979470598488, 479.75165386361925], [0.0, 0.0, 1.0]], [[1266.417203046554, 0.0, 816.2670197447984], [0.0, 1266.417203046554, 491.50706579294757], [0.0, 0.0, 1.0]], [[1260.8474446004698, 0.0, 807.968244525554], [0.0, 1260.8474446004698, 495.3344268742088], [0.0, 0.0, 1.0]], [[1256.7414812095406, 0.0, 792.1125740759628], [0.0, 1256.7414812095406, 492.7757465151356], [0.0, 0.0, 1.0]], [[809.2209905677063, 0.0, 829.2196003259838], [0.0, 809.2209905677063, 481.77842384512485], [0.0, 0.0, 1.0]], [[1259.5137405846733, 0.0, 807.2529053838625], [0.0, 1259.5137405846733, 501.19579884916527], [0.0, 0.0, 1.0]]], "extrinsics": [[[0.8206953406333923, -0.571262776851654, 0.010871825739741325, -0.96484375], [0.0032428589183837175, -0.014370354823768139, -0.9998915195465088, 1.508249282836914], [0.5713568925857544, 0.8206414580345154, -0.009941156953573227, -1.2803955078125], [0.0, 0.0, 0.0, 1.0]], [[0.00557022774592042, -0.9998148083686829, 0.018420295789837837, 0.0050048828125], [-0.002055488061159849, -0.018431993201375008, -0.999828040599823, 1.520528793334961], [0.9999822974205017, 0.00553141301497817, -0.002157776616513729, -1.6922607421875], [0.0, 0.0, 0.0, 1.0]], [[-0.8329519629478455, -0.5533405542373657, -0.0022984251845628023, 1.032257080078125], [0.0035707522183656693, -0.0012214090675115585, -0.999992847442627, 1.5036418437957764], [0.5533338189125061, -0.8329542279243469, 0.002993218135088682, -1.248779296875], [0.0, 0.0, 0.0, 1.0]], [[0.9477738738059998, 0.3189391493797302, 0.0015485651092603803, -1.1421661376953125], [0.012255742214620113, -0.031567130237817764, -0.9994264841079712, 1.58856201171875], [-0.3187073767185211, 0.9472493529319763, -0.033827342092990875, -0.10400390625], [0.0, 0.0, 0.0, 1.0]], [[0.0025409692898392677, 0.9997638463973999, -0.0215830709785223, 0.0028076171875], [-0.013166699558496475, -0.021547820419073105, -0.9996811747550964, 1.5793571472167969], [-0.9999101161956787, 0.0028243674896657467, 0.013108835555613041, 0.00189208984375], [0.0, 0.0, 0.0, 1.0]], [[-0.9346928596496582, 0.35487034916877747, -0.020406026393175125, 1.1361083984375], [0.019461629912257195, -0.006230787839740515, -0.9997912049293518, 1.55145263671875], [-0.3549233376979828, -0.9348948001861572, -0.0010824836790561676, -0.0635986328125], [0.0, 0.0, 0.0, 1.0]]], "view": [[0.0, -2.0, 100.0], [-2.0, 0.0, 100.0], [0.0, 0.0, 1.0]], "bev": "bev_a7c69295bb394b8bb122b4ccd7efa1b1.png", "aux": "aux_a7c69295bb394b8bb122b4ccd7efa1b1.npz", "visibility": "visibility_a7c69295bb394b8bb122b4ccd7efa1b1.png", "pose": [[-0.7380140423774719, -0.6747853755950928, 0.0, 618.1788940429688], [0.6747853755950928, -0.7380140423774719, 0.0, 1979.288330078125], [0.0, 0.0, 1.0, 0.0], [0.0, 0.0, 0.0, 1.0]], "pose_inverse": [[-0.7380140423774719, 0.6747853755950928, 0.0, -879.3701782226562], [-0.6747853755950928, -0.7380140423774719, 0.0, 1877.880615234375], [0.0, 0.0, 1.0, 0.0], [0.0, 0.0, 0.0, 1.0]], "cam_ids": [0, 1, 2, 3, 4, 5], "cam_channels": ["CAM_FRONT_LEFT", "CAM_FRONT", "CAM_FRONT_RIGHT", "CAM_BACK_LEFT", "CAM_BACK", "CAM_BACK_RIGHT"], "token": "a7c69295bb394b8bb122b4ccd7efa1b1", "scene": "scene-1048"}, {"images": ["samples/CAM_FRONT_LEFT/n015-2018-11-21-19-11-29+0800__CAM_FRONT_LEFT__1542798794154844.jpg", "samples/CAM_FRONT/n015-2018-11-21-19-11-29+0800__CAM_FRONT__1542798794162460.jpg", "samples/CAM_FRONT_RIGHT/n015-2018-11-21-19-11-29+0800__CAM_FRONT_RIGHT__1542798794170339.jpg", "samples/CAM_BACK_LEFT/n015-2018-11-21-19-11-29+0800__CAM_BACK_LEFT__1542798794197423.jpg", "samples/CAM_BACK/n015-2018-11-21-19-11-29+0800__CAM_BACK__1542798794187525.jpg", "samples/CAM_BACK_RIGHT/n015-2018-11-21-19-11-29+0800__CAM_BACK_RIGHT__1542798794177893.jpg"], "intrinsics": [[[1272.5979470598488, 0.0, 826.6154927353808], [0.0, 1272.5979470598488, 479.75165386361925], [0.0, 0.0, 1.0]], [[1266.417203046554, 0.0, 816.2670197447984], [0.0, 1266.417203046554, 491.50706579294757], [0.0, 0.0, 1.0]], [[1260.8474446004698, 0.0, 807.968244525554], [0.0, 1260.8474446004698, 495.3344268742088], [0.0, 0.0, 1.0]], [[1256.7414812095406, 0.0, 792.1125740759628], [0.0, 1256.7414812095406, 492.7757465151356], [0.0, 0.0, 1.0]], [[809.2209905677063, 0.0, 829.2196003259838], [0.0, 809.2209905677063, 481.77842384512485], [0.0, 0.0, 1.0]], [[1259.5137405846733, 0.0, 807.2529053838625], [0.0, 1259.5137405846733, 501.19579884916527], [0.0, 0.0, 1.0]]], "extrinsics": [[[0.8206892609596252, -0.5712714791297913, 0.010867757722735405, -0.96484375], [0.003203397383913398, -0.01441972516477108, -0.9998908638954163, 1.5082473754882812], [0.5713658332824707, 0.8206344842910767, -0.010004104115068913, -1.2802734375], [0.0, 0.0, 0.0, 1.0]], [[0.00555892288684845, -0.9998142123222351, 0.0184568390250206, 0.005126953125], [-0.0020894354674965143, -0.018468698486685753, -0.9998272657394409, 1.5205364227294922], [0.9999822974205017, 0.0055194091983139515, -0.0021917137783020735, -1.6923828125], [0.0, 0.0, 0.0, 1.0]], [[-0.8329589366912842, -0.5533301830291748, -0.0022518381010740995, 1.03228759765625], [0.0035352029372006655, -0.001252158428542316, -0.9999929666519165, 1.5036451816558838], [0.5533234477043152, -0.8329610824584961, 0.002999132266268134, -1.248779296875], [0.0, 0.0, 0.0, 1.0]], [[0.9477744102478027, 0.3189379572868347, 0.0015075035626068711, -1.1421661376953125], [0.012222928926348686, -0.03159843385219574, -0.9994258880615234, 1.58856201171875], [-0.3187072277069092, 0.9472487568855286, -0.03384654223918915, -0.10400390625], [0.0, 0.0, 0.0, 1.0]], [[0.0025457199662923813, 0.9997631907463074, -0.021615158766508102, 0.0028076171875], [-0.013214771635830402, -0.02157970517873764, -0.9996798038482666, 1.579355239868164], [-0.9999094605445862, 0.0028305461164563894, 0.013156705535948277, 0.00189208984375], [0.0, 0.0, 0.0, 1.0]], [[-0.9346902370452881, 0.3548792600631714, -0.02036646194756031, 1.13623046875], [0.019408483058214188, -0.006259335204958916, -0.9997920989990234, 1.55145263671875], [-0.35493290424346924, -0.9348911643028259, -0.0010371289681643248, -0.063720703125], [0.0, 0.0, 0.0, 1.0]]], "view": [[0.0, -2.0, 100.0], [-2.0, 0.0, 100.0], [0.0, 0.0, 1.0]], "bev": "bev_f2cb060a0abc4251b6dc47dfa61ada67.png", "aux": "aux_f2cb060a0abc4251b6dc47dfa61ada67.npz", "visibility": "visibility_f2cb060a0abc4251b6dc47dfa61ada67.png", "pose": [[-0.7380470037460327, -0.6747493147850037, 0.0, 618.1787719726562], [0.6747493147850037, -0.7380470037460327, 0.0, 1979.2882080078125], [0.0, 0.0, 1.0, 0.0], [0.0, 0.0, 0.0, 1.0]], "pose_inverse": [[-0.7380470037460327, 0.6747493147850037, 0.0, -879.2783813476562], [-0.6747493147850037, -0.7380470037460327, 0.0, 1877.9234619140625], [0.0, 0.0, 1.0, 0.0], [0.0, 0.0, 0.0, 1.0]], "cam_ids": [0, 1, 2, 3, 4, 5], "cam_channels": ["CAM_FRONT_LEFT", "CAM_FRONT", "CAM_FRONT_RIGHT", "CAM_BACK_LEFT", "CAM_BACK", "CAM_BACK_RIGHT"], "token": "f2cb060a0abc4251b6dc47dfa61ada67", "scene": "scene-1048"}, {"images": ["samples/CAM_FRONT_LEFT/n015-2018-11-21-19-11-29+0800__CAM_FRONT_LEFT__1542798794654844.jpg", "samples/CAM_FRONT/n015-2018-11-21-19-11-29+0800__CAM_FRONT__1542798794662460.jpg", "samples/CAM_FRONT_RIGHT/n015-2018-11-21-19-11-29+0800__CAM_FRONT_RIGHT__1542798794670339.jpg", "samples/CAM_BACK_LEFT/n015-2018-11-21-19-11-29+0800__CAM_BACK_LEFT__1542798794697423.jpg", "samples/CAM_BACK/n015-2018-11-21-19-11-29+0800__CAM_BACK__1542798794687525.jpg", "samples/CAM_BACK_RIGHT/n015-2018-11-21-19-11-29+0800__CAM_BACK_RIGHT__1542798794677893.jpg"], "intrinsics": [[[1272.5979470598488, 0.0, 826.6154927353808], [0.0, 1272.5979470598488, 479.75165386361925], [0.0, 0.0, 1.0]], [[1266.417203046554, 0.0, 816.2670197447984], [0.0, 1266.417203046554, 491.50706579294757], [0.0, 0.0, 1.0]], [[1260.8474446004698, 0.0, 807.968244525554], [0.0, 1260.8474446004698, 495.3344268742088], [0.0, 0.0, 1.0]], [[1256.7414812095406, 0.0, 792.1125740759628], [0.0, 1256.7414812095406, 492.7757465151356], [0.0, 0.0, 1.0]], [[809.2209905677063, 0.0, 829.2196003259838], [0.0, 809.2209905677063, 481.77842384512485], [0.0, 0.0, 1.0]], [[1259.5137405846733, 0.0, 807.2529053838625], [0.0, 1259.5137405846733, 501.19579884916527], [0.0, 0.0, 1.0]]], "extrinsics": [[[0.8206953406333923, -0.5712624192237854, 0.01088586077094078, -0.96484375], [0.0032639303244650364, -0.014364655129611492, -0.999891459941864, 1.5082454681396484], [0.5713567733764648, 0.820641815662384, -0.009924444369971752, -1.2802734375], [0.0, 0.0, 0.0, 1.0]], [[0.005570731591433287, -0.9998148679733276, 0.01841769926249981, 0.005126953125], [-0.0020313241984695196, -0.018429262563586235, -0.9998281002044678, 1.5205326080322266], [0.9999823570251465, 0.005532342009246349, -0.002133612520992756, -1.6923828125], [0.0, 0.0, 0.0, 1.0]], [[-0.8329510688781738, -0.5533416271209717, -0.0023155566304922104, 1.032135009765625], [0.003595777554437518, -0.0012281135423108935, -0.9999927282333374, 1.5036427974700928], [0.5533348917961121, -0.8329535126686096, 0.00301265437155962, -1.24853515625], [0.0, 0.0, 0.0, 1.0]], [[0.947773277759552, 0.3189411461353302, 0.001559757743962109, -1.1423187255859375], [0.012274551205337048, -0.031587742269039154, -0.9994255900382996, 1.5885543823242188], [-0.318708598613739, 0.9472480416297913, -0.03385287895798683, -0.103759765625], [0.0, 0.0, 0.0, 1.0]], [[0.002540779300034046, 0.9997634887695312, -0.021600883454084396, 0.002685546875], [-0.01314366701990366, -0.021565698087215424, -0.9996810555458069, 1.5793590545654297], [-0.9999103546142578, 0.0028238347731530666, 0.013085763901472092, 0.001953125], [0.0, 0.0, 0.0, 1.0]], [[-0.9346927404403687, 0.35486897826194763, -0.02043069154024124, 1.13623046875], [0.019485432654619217, -0.006237579509615898, -0.9997906684875488, 1.55145263671875], [-0.35492217540740967, -0.9348952174186707, -0.0010845547076314688, -0.0635986328125], [0.0, 0.0, 0.0, 1.0]]], "view": [[0.0, -2.0, 100.0], [-2.0, 0.0, 100.0], [0.0, 0.0, 1.0]], "bev": "bev_a9958e5bfb704e2aab8dc91cd5d6ed21.png", "aux": "aux_a9958e5bfb704e2aab8dc91cd5d6ed21.npz", "visibility": "visibility_a9958e5bfb704e2aab8dc91cd5d6ed21.png", "pose": [[-0.7381228804588318, -0.6746662855148315, 0.0, 618.1787109375], [0.6746662855148315, -0.7381228804588318, 0.0, 1979.2882080078125], [0.0, 0.0, 1.0, 0.0], [0.0, 0.0, 0.0, 1.0]], "pose_inverse": [[-0.7381228804588318, 0.6746662855148315, 0.0, -879.067138671875], [-0.6746662855148315, -0.7381228804588318, 0.0, 1878.0223388671875], [0.0, 0.0, 1.0, 0.0], [0.0, 0.0, 0.0, 1.0]], "cam_ids": [0, 1, 2, 3, 4, 5], "cam_channels": ["CAM_FRONT_LEFT", "CAM_FRONT", "CAM_FRONT_RIGHT", "CAM_BACK_LEFT", "CAM_BACK", "CAM_BACK_RIGHT"], "token": "a9958e5bfb704e2aab8dc91cd5d6ed21", "scene": "scene-1048"}, {"images": ["samples/CAM_FRONT_LEFT/n015-2018-11-21-19-11-29+0800__CAM_FRONT_LEFT__1542798795154844.jpg", "samples/CAM_FRONT/n015-2018-11-21-19-11-29+0800__CAM_FRONT__1542798795162460.jpg", "samples/CAM_FRONT_RIGHT/n015-2018-11-21-19-11-29+0800__CAM_FRONT_RIGHT__1542798795170339.jpg", "samples/CAM_BACK_LEFT/n015-2018-11-21-19-11-29+0800__CAM_BACK_LEFT__1542798795197424.jpg", "samples/CAM_BACK/n015-2018-11-21-19-11-29+0800__CAM_BACK__1542798795187525.jpg", "samples/CAM_BACK_RIGHT/n015-2018-11-21-19-11-29+0800__CAM_BACK_RIGHT__1542798795177893.jpg"], "intrinsics": [[[1272.5979470598488, 0.0, 826.6154927353808], [0.0, 1272.5979470598488, 479.75165386361925], [0.0, 0.0, 1.0]], [[1266.417203046554, 0.0, 816.2670197447984], [0.0, 1266.417203046554, 491.50706579294757], [0.0, 0.0, 1.0]], [[1260.8474446004698, 0.0, 807.968244525554], [0.0, 1260.8474446004698, 495.3344268742088], [0.0, 0.0, 1.0]], [[1256.7414812095406, 0.0, 792.1125740759628], [0.0, 1256.7414812095406, 492.7757465151356], [0.0, 0.0, 1.0]], [[809.2209905677063, 0.0, 829.2196003259838], [0.0, 809.2209905677063, 481.77842384512485], [0.0, 0.0, 1.0]], [[1259.5137405846733, 0.0, 807.2529053838625], [0.0, 1259.5137405846733, 501.19579884916527], [0.0, 0.0, 1.0]]], "extrinsics": [[[0.8206978440284729, -0.5712577104568481, 0.010944457724690437, -0.9649658203125], [0.0032774980645626783, -0.014447810128331184, -0.9998902678489685, 1.508249282836914], [0.5713531374931335, 0.8206436038017273, -0.00998498871922493, -1.2801513671875], [0.0, 0.0, 0.0, 1.0]], [[0.0055727725848555565, -0.9998134970664978, 0.018490593880414963, 0.0050048828125], [-0.002027509966865182, -0.018502140417695045, -0.9998267889022827, 1.5205326080322266], [0.9999824166297913, 0.005534246098250151, -0.0021302406676113605, -1.69219970703125], [0.0, 0.0, 0.0, 1.0]], [[-0.8329514265060425, -0.5533415079116821, -0.002285294234752655, 1.032318115234375], [0.003598632290959358, -0.001287104212678969, -0.9999926686286926, 1.50364351272583], [0.5533344745635986, -0.8329535722732544, 0.0030633676797151566, -1.248779296875], [0.0, 0.0, 0.0, 1.0]], [[0.9477730989456177, 0.3189419209957123, 0.0015415104571729898, -1.14227294921875], [0.012265884317457676, -0.03161908686161041, -0.9994247555732727, 1.5885543823242188], [-0.3187095820903778, 0.9472467303276062, -0.03387982025742531, -0.103515625], [0.0, 0.0, 0.0, 1.0]], [[0.002541562542319298, 0.9997625946998596, -0.021642494946718216, 0.0029296875], [-0.013142901472747326, -0.021607300266623497, -0.9996801018714905, 1.5793590545654297], [-0.9999104142189026, 0.0028251835610717535, 0.013084863312542439, 0.00177001953125], [0.0, 0.0, 0.0, 1.0]], [[-0.9346922636032104, 0.35486873984336853, -0.02045944333076477, 1.1361083984375], [0.019492512568831444, -0.006299936678260565, -0.9997901916503906, 1.5514488220214844], [-0.3549231290817261, -0.9348949193954468, -0.0010287808254361153, -0.0635986328125], [0.0, 0.0, 0.0, 1.0]]], "view": [[0.0, -2.0, 100.0], [-2.0, 0.0, 100.0], [0.0, 0.0, 1.0]], "bev": "bev_c424952b1bf54fccbcd4107f62d4afad.png", "aux": "aux_c424952b1bf54fccbcd4107f62d4afad.npz", "visibility": "visibility_c424952b1bf54fccbcd4107f62d4afad.png", "pose": [[-0.7381358742713928, -0.674652099609375, 0.0, 618.1786499023438], [0.674652099609375, -0.7381358742713928, 0.0, 1979.2880859375], [0.0, 0.0, 1.0, 0.0], [0.0, 0.0, 0.0, 1.0]], "pose_inverse": [[-0.7381358742713928, 0.674652099609375, 0.0, -879.031005859375], [-0.674652099609375, -0.7381358742713928, 0.0, 1878.0390625], [0.0, 0.0, 1.0, 0.0], [0.0, 0.0, 0.0, 1.0]], "cam_ids": [0, 1, 2, 3, 4, 5], "cam_channels": ["CAM_FRONT_LEFT", "CAM_FRONT", "CAM_FRONT_RIGHT", "CAM_BACK_LEFT", "CAM_BACK", "CAM_BACK_RIGHT"], "token": "c424952b1bf54fccbcd4107f62d4afad", "scene": "scene-1048"}, {"images": ["samples/CAM_FRONT_LEFT/n015-2018-11-21-19-11-29+0800__CAM_FRONT_LEFT__1542798795654844.jpg", "samples/CAM_FRONT/n015-2018-11-21-19-11-29+0800__CAM_FRONT__1542798795662460.jpg", "samples/CAM_FRONT_RIGHT/n015-2018-11-21-19-11-29+0800__CAM_FRONT_RIGHT__1542798795670346.jpg", "samples/CAM_BACK_LEFT/n015-2018-11-21-19-11-29+0800__CAM_BACK_LEFT__1542798795697423.jpg", "samples/CAM_BACK/n015-2018-11-21-19-11-29+0800__CAM_BACK__1542798795687525.jpg", "samples/CAM_BACK_RIGHT/n015-2018-11-21-19-11-29+0800__CAM_BACK_RIGHT__1542798795677893.jpg"], "intrinsics": [[[1272.5979470598488, 0.0, 826.6154927353808], [0.0, 1272.5979470598488, 479.75165386361925], [0.0, 0.0, 1.0]], [[1266.417203046554, 0.0, 816.2670197447984], [0.0, 1266.417203046554, 491.50706579294757], [0.0, 0.0, 1.0]], [[1260.8474446004698, 0.0, 807.968244525554], [0.0, 1260.8474446004698, 495.3344268742088], [0.0, 0.0, 1.0]], [[1256.7414812095406, 0.0, 792.1125740759628], [0.0, 1256.7414812095406, 492.7757465151356], [0.0, 0.0, 1.0]], [[809.2209905677063, 0.0, 829.2196003259838], [0.0, 809.2209905677063, 481.77842384512485], [0.0, 0.0, 1.0]], [[1259.5137405846733, 0.0, 807.2529053838625], [0.0, 1259.5137405846733, 501.19579884916527], [0.0, 0.0, 1.0]]], "extrinsics": [[[0.8206532597541809, -0.5712490677833557, 0.014236349612474442, -0.96484375], [0.007357053458690643, -0.014349096454679966, -0.9998700022697449, 1.5082473754882812], [0.5713790655136108, 0.8206512928009033, -0.0075729237869381905, -1.2802734375], [0.0, 0.0, 0.0, 1.0]], [[0.005516829434782267, -0.9998151063919067, 0.018417788669466972, 0.0048828125], [0.0023209084756672382, -0.018405219539999962, -0.9998279213905334, 1.520538330078125], [0.9999820590019226, 0.005558654200285673, 0.0022189400624483824, -1.6923828125], [0.0, 0.0, 0.0, 1.0]], [[-0.8329113125801086, -0.5533719062805176, -0.006182724144309759, 1.032318115234375], [0.00821535661816597, -0.001192962285131216, -0.999965488910675, 1.5036449432373047], [0.5533455014228821, -0.8329333662986755, 0.00553978281095624, -1.248779296875], [0.0, 0.0, 0.0, 1.0]], [[0.947727620601654, 0.3190080523490906, 0.006797402165830135, -1.14215087890625], [0.017788920551538467, -0.031554415822029114, -0.999343752861023, 1.5885543823242188], [-0.318584144115448, 0.9472265243530273, -0.035579800605773926, -0.103759765625], [0.0, 0.0, 0.0, 1.0]], [[0.0025945804081857204, 0.9997643232345581, -0.02155608870089054, 0.0028076171875], [-0.0079575777053833, -0.021534837782382965, -0.9997364282608032, 1.5793609619140625], [-0.9999649524688721, 0.002765405923128128, 0.007899826392531395, 0.001953125], [0.0, 0.0, 0.0, 1.0]], [[-0.9345986843109131, 0.35482677817344666, -0.024967657402157784, 1.13623046875], [0.024350786581635475, -0.006204615812748671, -0.9996842741966248, 1.5514488220214844], [-0.35486963391304016, -0.9349114894866943, -0.002841484732925892, -0.0635986328125], [0.0, 0.0, 0.0, 1.0]]], "view": [[0.0, -2.0, 100.0], [-2.0, 0.0, 100.0], [0.0, 0.0, 1.0]], "bev": "bev_ddb8ed3276e34dc28ea7f8723e1b2146.png", "aux": "aux_ddb8ed3276e34dc28ea7f8723e1b2146.npz", "visibility": "visibility_ddb8ed3276e34dc28ea7f8723e1b2146.png", "pose": [[-0.7380964756011963, -0.6746951937675476, 0.0, 618.1785888671875], [0.6746951937675476, -0.7380964756011963, 0.0, 1979.2880859375], [0.0, 0.0, 1.0, 0.0], [0.0, 0.0, 0.0, 1.0]], "pose_inverse": [[-0.7380964756011963, 0.6746951937675476, 0.0, -879.1407470703125], [-0.6746951937675476, -0.7380964756011963, 0.0, 1877.9876708984375], [0.0, 0.0, 1.0, 0.0], [0.0, 0.0, 0.0, 1.0]], "cam_ids": [0, 1, 2, 3, 4, 5], "cam_channels": ["CAM_FRONT_LEFT", "CAM_FRONT", "CAM_FRONT_RIGHT", "CAM_BACK_LEFT", "CAM_BACK", "CAM_BACK_RIGHT"], "token": "ddb8ed3276e34dc28ea7f8723e1b2146", "scene": "scene-1048"}, {"images": ["samples/CAM_FRONT_LEFT/n015-2018-11-21-19-11-29+0800__CAM_FRONT_LEFT__1542798796154844.jpg", "samples/CAM_FRONT/n015-2018-11-21-19-11-29+0800__CAM_FRONT__1542798796162460.jpg", "samples/CAM_FRONT_RIGHT/n015-2018-11-21-19-11-29+0800__CAM_FRONT_RIGHT__1542798796170339.jpg", "samples/CAM_BACK_LEFT/n015-2018-11-21-19-11-29+0800__CAM_BACK_LEFT__1542798796197423.jpg", "samples/CAM_BACK/n015-2018-11-21-19-11-29+0800__CAM_BACK__1542798796187525.jpg", "samples/CAM_BACK_RIGHT/n015-2018-11-21-19-11-29+0800__CAM_BACK_RIGHT__1542798796177933.jpg"], "intrinsics": [[[1272.5979470598488, 0.0, 826.6154927353808], [0.0, 1272.5979470598488, 479.75165386361925], [0.0, 0.0, 1.0]], [[1266.417203046554, 0.0, 816.2670197447984], [0.0, 1266.417203046554, 491.50706579294757], [0.0, 0.0, 1.0]], [[1260.8474446004698, 0.0, 807.968244525554], [0.0, 1260.8474446004698, 495.3344268742088], [0.0, 0.0, 1.0]], [[1256.7414812095406, 0.0, 792.1125740759628], [0.0, 1256.7414812095406, 492.7757465151356], [0.0, 0.0, 1.0]], [[809.2209905677063, 0.0, 829.2196003259838], [0.0, 809.2209905677063, 481.77842384512485], [0.0, 0.0, 1.0]], [[1259.5137405846733, 0.0, 807.2529053838625], [0.0, 1259.5137405846733, 501.19579884916527], [0.0, 0.0, 1.0]]], "extrinsics": [[[0.8206422328948975, -0.5711725354194641, 0.017556801438331604, -0.941650390625], [0.011217554099857807, -0.014615933410823345, -0.9998303055763245, 1.5085639953613281], [0.5713322162628174, 0.8206998705863953, -0.005587292835116386, -1.264404296875], [0.0, 0.0, 0.0, 1.0]], [[0.005529771558940411, -0.9998093843460083, 0.018721068277955055, 0.00537109375], [0.005985521245747805, -0.01868792623281479, -0.9998074769973755, 1.5206794738769531], [0.9999666810035706, 0.005640752613544464, 0.005881039891391993, -1.6689453125], [0.0, 0.0, 0.0, 1.0]], [[-0.8328443765640259, -0.5534356236457825, -0.0089001739397645, 1.017120361328125], [0.011677557602524757, -0.0014925514115020633, -0.9999306797981262, 1.5038576126098633], [0.5533838868141174, -0.8328905701637268, 0.007705840282142162, -1.238525390625], [0.0, 0.0, 0.0, 1.0]], [[0.9476941823959351, 0.31904464960098267, 0.00927814468741417, -1.142364501953125], [0.02051924169063568, -0.03189051151275635, -0.9992806911468506, 1.5885543823242188], [-0.3185192346572876, 0.9472029209136963, -0.03676901385188103, -0.103759765625], [0.0, 0.0, 0.0, 1.0]], [[0.002609508577734232, 0.9997573494911194, -0.021870411932468414, 0.0029296875], [-0.004949596710503101, -0.021857304498553276, -0.9997488856315613, 1.5793228149414062], [-0.9999842643737793, 0.0027171564288437366, 0.004891360178589821, -0.00506591796875], [0.0, 0.0, 0.0, 1.0]], [[-0.9345345497131348, 0.3547585904598236, -0.028130223974585533, 1.1239013671875], [0.0276140496134758, -0.006518830079585314, -0.999597430229187, 1.55181884765625], [-0.35479921102523804, -0.9349351525306702, -0.0037042531184852123, -0.0682373046875], [0.0, 0.0, 0.0, 1.0]]], "view": [[0.0, -2.0, 100.0], [-2.0, 0.0, 100.0], [0.0, 0.0, 1.0]], "bev": "bev_e5a9eb076c154e1ab7ba78d3610c0a3c.png", "aux": "aux_e5a9eb076c154e1ab7ba78d3610c0a3c.npz", "visibility": "visibility_e5a9eb076c154e1ab7ba78d3610c0a3c.png", "pose": [[-0.7382317781448364, -0.6745470762252808, 0.0, 618.0758666992188], [0.6745470762252808, -0.7382317781448364, 0.0, 1979.3824462890625], [0.0, 0.0, 1.0, 0.0], [0.0, 0.0, 0.0, 1.0]], "pose_inverse": [[-0.7382317781448364, 0.6745470762252808, 0.0, -878.9034423828125], [-0.6745470762252808, -0.7382317781448364, 0.0, 1878.1644287109375], [0.0, 0.0, 1.0, 0.0], [0.0, 0.0, 0.0, 1.0]], "cam_ids": [0, 1, 2, 3, 4, 5], "cam_channels": ["CAM_FRONT_LEFT", "CAM_FRONT", "CAM_FRONT_RIGHT", "CAM_BACK_LEFT", "CAM_BACK", "CAM_BACK_RIGHT"], "token": "e5a9eb076c154e1ab7ba78d3610c0a3c", "scene": "scene-1048"}, {"images": ["samples/CAM_FRONT_LEFT/n015-2018-11-21-19-11-29+0800__CAM_FRONT_LEFT__1542798796754844.jpg", "samples/CAM_FRONT/n015-2018-11-21-19-11-29+0800__CAM_FRONT__1542798796762460.jpg", "samples/CAM_FRONT_RIGHT/n015-2018-11-21-19-11-29+0800__CAM_FRONT_RIGHT__1542798796770339.jpg", "samples/CAM_BACK_LEFT/n015-2018-11-21-19-11-29+0800__CAM_BACK_LEFT__1542798796797423.jpg", "samples/CAM_BACK/n015-2018-11-21-19-11-29+0800__CAM_BACK__1542798796787525.jpg", "samples/CAM_BACK_RIGHT/n015-2018-11-21-19-11-29+0800__CAM_BACK_RIGHT__1542798796777893.jpg"], "intrinsics": [[[1272.5979470598488, 0.0, 826.6154927353808], [0.0, 1272.5979470598488, 479.75165386361925], [0.0, 0.0, 1.0]], [[1266.417203046554, 0.0, 816.2670197447984], [0.0, 1266.417203046554, 491.50706579294757], [0.0, 0.0, 1.0]], [[1260.8474446004698, 0.0, 807.968244525554], [0.0, 1260.8474446004698, 495.3344268742088], [0.0, 0.0, 1.0]], [[1256.7414812095406, 0.0, 792.1125740759628], [0.0, 1256.7414812095406, 492.7757465151356], [0.0, 0.0, 1.0]], [[809.2209905677063, 0.0, 829.2196003259838], [0.0, 809.2209905677063, 481.77842384512485], [0.0, 0.0, 1.0]], [[1259.5137405846733, 0.0, 807.2529053838625], [0.0, 1259.5137405846733, 501.19579884916527], [0.0, 0.0, 1.0]]], "extrinsics": [[[0.8205389976501465, -0.5712894797325134, 0.018547145649790764, -0.897705078125], [0.011587888933718204, -0.01581556163728237, -0.9998077750205994, 1.5091972351074219], [0.5714730024337769, 0.8205962181091309, -0.00635724700987339, -1.2333984375], [0.0, 0.0, 0.0, 1.0]], [[0.005377568770200014, -0.9997871518135071, 0.019914939999580383, 0.00537109375], [0.006269623525440693, -0.019881129264831543, -0.9997827410697937, 1.5209617614746094], [0.9999658465385437, 0.005501231178641319, 0.0061613768339157104, -1.6241455078125], [0.0, 0.0, 0.0, 1.0]], [[-0.8329111337661743, -0.5533427000045776, -0.008416215889155865, 0.987548828125], [0.011878503486514091, -0.0026712992694228888, -0.9999258518218994, 1.5042781829833984], [0.5532792210578918, -0.8329493403434753, 0.008797840215265751, -1.21923828125], [0.0, 0.0, 0.0, 1.0]], [[0.9477024078369141, 0.31903234124183655, 0.008863995783030987, -1.139404296875], [0.020464709028601646, -0.03302847966551781, -0.9992448687553406, 1.5886001586914062], [-0.3184986412525177, 0.9471681118011475, -0.03783007711172104, -0.104736328125], [0.0, 0.0, 0.0, 1.0]], [[0.0026707733049988747, 0.9997315406799316, -0.02301608957350254, 0.0029296875], [-0.004918117541819811, -