[{"images": ["samples/CAM_FRONT_LEFT/n015-2018-10-08-16-03-24+0800__CAM_FRONT_LEFT__1538985949754844.jpg", "samples/CAM_FRONT/n015-2018-10-08-16-03-24+0800__CAM_FRONT__1538985949762460.jpg", "samples/CAM_FRONT_RIGHT/n015-2018-10-08-16-03-24+0800__CAM_FRONT_RIGHT__1538985949770339.jpg", "samples/CAM_BACK_LEFT/n015-2018-10-08-16-03-24+0800__CAM_BACK_LEFT__1538985949797423.jpg", "samples/CAM_BACK/n015-2018-10-08-16-03-24+0800__CAM_BACK__1538985949787525.jpg", "samples/CAM_BACK_RIGHT/n015-2018-10-08-16-03-24+0800__CAM_BACK_RIGHT__1538985949777893.jpg"], "intrinsics": [[[1272.5979470598488, 0.0, 826.6154927353808], [0.0, 1272.5979470598488, 479.75165386361925], [0.0, 0.0, 1.0]], [[1266.417203046554, 0.0, 816.2670197447984], [0.0, 1266.417203046554, 491.50706579294757], [0.0, 0.0, 1.0]], [[1260.8474446004698, 0.0, 807.968244525554], [0.0, 1260.8474446004698, 495.3344268742088], [0.0, 0.0, 1.0]], [[1256.7414812095406, 0.0, 792.1125740759628], [0.0, 1256.7414812095406, 492.7757465151356], [0.0, 0.0, 1.0]], [[809.2209905677063, 0.0, 829.2196003259838], [0.0, 809.2209905677063, 481.77842384512485], [0.0, 0.0, 1.0]], [[1259.5137405846733, 0.0, 807.2529053838625], [0.0, 1259.5137405846733, 501.19579884916527], [0.0, 0.0, 1.0]]], "extrinsics": [[[0.818668782711029, -0.5729836821556091, 0.038355667144060135, -0.934814453125], [0.04582462087273598, -0.0013964578974992037, -0.9989485144615173, 1.5099411010742188], [0.5724347233772278, 0.8195656538009644, 0.02511352114379406, -1.259033203125], [0.0, 0.0, 0.0, 1.0]], [[0.0036662418860942125, -0.9999777674674988, 0.005565375555306673, 0.0050048828125], [0.04053912311792374, -0.005412213038653135, -0.9991632699966431, 1.5217742919921875], [0.999171257019043, 0.0038888156414031982, 0.0405183807015419, -1.661865234375], [0.0, 0.0, 0.0, 1.0]], [[-0.8325344324111938, -0.5521392226219177, -0.045038897544145584, 1.012451171875], [0.04619167745113373, 0.011829455383121967, -0.9988625645637512, 1.5047378540039062], [0.5520439743995667, -0.8336679935455322, 0.01565580815076828, -1.2357177734375], [0.0, 0.0, 0.0, 1.0]], [[0.9467540979385376, 0.318629652261734, 0.04617109149694443, -1.141845703125], [0.05487265810370445, -0.01838248409330845, -0.9983240962028503, 1.5885696411132812], [-0.31724682450294495, 0.9477010369300842, -0.03488774970173836, -0.10382080078125], [0.0, 0.0, 0.0, 1.0]], [[0.0035616038367152214, 0.9999591112136841, -0.008318564854562283, 0.0029296875], [0.02946605533361435, -0.008419947698712349, -0.9995303750038147, 1.5796279907226562], [-0.9995594620704651, 0.0033148773945868015, -0.029494838789105415, -0.007080078125], [0.0, 0.0, 0.0, 1.0]], [[-0.932799756526947, 0.35608574748039246, -0.05556569993495941, 1.120361328125], [0.06205986812710762, 0.0068301730789244175, -0.9980490803718567, 1.552520751953125], [-0.35501158237457275, -0.9344282746315002, -0.02846982702612877, -0.0699462890625], [0.0, 0.0, 0.0, 1.0]]], "view": [[0.0, -2.0, 100.0], [-2.0, 0.0, 100.0], [0.0, 0.0, 1.0]], "bev": "bev_ee0809dd46d6425c96f00ffb389415bb.png", "aux": "aux_ee0809dd46d6425c96f00ffb389415bb.npz", "visibility": "visibility_ee0809dd46d6425c96f00ffb389415bb.png", "pose": [[-0.8412405252456665, 0.5406610369682312, 0.0, 1850.7794189453125], [-0.5406610369682312, -0.8412405252456665, 0.0, 1525.1334228515625], [0.0, 0.0, 1.0, 0.0], [0.0, 0.0, 0.0, 1.0]], "pose_inverse": [[-0.8412405252456665, -0.5406610369682312, 0.0, 2381.531005859375], [0.5406610369682312, -0.8412405252456665, 0.0, 282.3597717285156], [0.0, 0.0, 1.0, 0.0], [0.0, 0.0, 0.0, 1.0]], "cam_ids": [0, 1, 2, 3, 4, 5], "cam_channels": ["CAM_FRONT_LEFT", "CAM_FRONT", "CAM_FRONT_RIGHT", "CAM_BACK_LEFT", "CAM_BACK", "CAM_BACK_RIGHT"], "token": "ee0809dd46d6425c96f00ffb389415bb", "scene": "scene-0854"}, {"images": ["samples/CAM_FRONT_LEFT/n015-2018-10-08-16-03-24+0800__CAM_FRONT_LEFT__1538985950254849.jpg", "samples/CAM_FRONT/n015-2018-10-08-16-03-24+0800__CAM_FRONT__1538985950262460.jpg", "samples/CAM_FRONT_RIGHT/n015-2018-10-08-16-03-24+0800__CAM_FRONT_RIGHT__1538985950270339.jpg", "samples/CAM_BACK_LEFT/n015-2018-10-08-16-03-24+0800__CAM_BACK_LEFT__1538985950297423.jpg", "samples/CAM_BACK/n015-2018-10-08-16-03-24+0800__CAM_BACK__1538985950287525.jpg", "samples/CAM_BACK_RIGHT/n015-2018-10-08-16-03-24+0800__CAM_BACK_RIGHT__1538985950277893.jpg"], "intrinsics": [[[1272.5979470598488, 0.0, 826.6154927353808], [0.0, 1272.5979470598488, 479.75165386361925], [0.0, 0.0, 1.0]], [[1266.417203046554, 0.0, 816.2670197447984], [0.0, 1266.417203046554, 491.50706579294757], [0.0, 0.0, 1.0]], [[1260.8474446004698, 0.0, 807.968244525554], [0.0, 1260.8474446004698, 495.3344268742088], [0.0, 0.0, 1.0]], [[1256.7414812095406, 0.0, 792.1125740759628], [0.0, 1256.7414812095406, 492.7757465151356], [0.0, 0.0, 1.0]], [[809.2209905677063, 0.0, 829.2196003259838], [0.0, 809.2209905677063, 481.77842384512485], [0.0, 0.0, 1.0]], [[1259.5137405846733, 0.0, 807.2529053838625], [0.0, 1259.5137405846733, 501.19579884916527], [0.0, 0.0, 1.0]]], "extrinsics": [[[0.818761944770813, -0.5729464888572693, 0.03689674288034439, -0.939453125], [0.04543154686689377, 0.000591641291975975, -0.9989672899246216, 1.5096664428710938], [0.5723328590393066, 0.8195925951004028, 0.02651425264775753, -1.2623291015625], [0.0, 0.0, 0.0, 1.0]], [[0.003772558644413948, -0.999986469745636, 0.0035608974285423756, 0.0052947998046875], [0.040115006268024445, -0.003406720934435725, -0.9991893172264099, 1.5215682983398438], [0.9991878867149353, 0.003912363201379776, 0.040101610124111176, -1.66650390625], [0.0, 0.0, 0.0, 1.0]], [[-0.8325119614601135, -0.5521122813224792, -0.045779574662446976, 1.015380859375], [0.045739274471998215, 0.013853647746145725, -0.998857319355011, 1.5045623779296875], [0.5521156787872314, -0.8336546421051025, 0.013719885610044003, -1.23779296875], [0.0, 0.0, 0.0, 1.0]], [[0.9467638731002808, 0.3185739517211914, 0.046354990452528, -1.141845703125], [0.05436128377914429, -0.01628195494413376, -0.9983885884284973, 1.5885696411132812], [-0.3173058331012726, 0.947758138179779, -0.032733254134655, -0.10382080078125], [0.0, 0.0, 0.0, 1.0]], [[0.003510114038363099, 0.9999744296073914, -0.006240060552954674, 0.00286865234375], [0.028972715139389038, -0.006339177489280701, -0.9995600581169128, 1.5795822143554688], [-0.9995739459991455, 0.003327833954244852, -0.028994223102927208, -0.00537109375], [0.0, 0.0, 0.0, 1.0]], [[-0.9328486919403076, 0.35613808035850525, -0.05439680069684982, 1.122802734375], [0.06159031763672829, 0.008881574496626854, -0.998062014579773, 1.552337646484375], [-0.3549647927284241, -0.93439120054245, -0.030219823122024536, -0.0687255859375], [0.0, 0.0, 0.0, 1.0]]], "view": [[0.0, -2.0, 100.0], [-2.0, 0.0, 100.0], [0.0, 0.0, 1.0]], "bev": "bev_dbd4e1f0c9a3471aad9b947f2e0ab1ce.png", "aux": "aux_dbd4e1f0c9a3471aad9b947f2e0ab1ce.npz", "visibility": "visibility_dbd4e1f0c9a3471aad9b947f2e0ab1ce.png", "pose": [[-0.8305494785308838, 0.5569448471069336, 0.0, 1850.4617919921875], [-0.5569448471069336, -0.8305494785308838, 0.0, 1524.9244384765625], [0.0, 0.0, 1.0, 0.0], [0.0, 0.0, 0.0, 1.0]], "pose_inverse": [[-0.8305494785308838, -0.5569448471069336, 0.0, 2386.198974609375], [0.5569448471069336, -0.8305494785308838, 0.0, 235.9199981689453], [0.0, 0.0, 1.0, 0.0], [0.0, 0.0, 0.0, 1.0]], "cam_ids": [0, 1, 2, 3, 4, 5], "cam_channels": ["CAM_FRONT_LEFT", "CAM_FRONT", "CAM_FRONT_RIGHT", "CAM_BACK_LEFT", "CAM_BACK", "CAM_BACK_RIGHT"], "token": "dbd4e1f0c9a3471aad9b947f2e0ab1ce", "scene": "scene-0854"}, {"images": ["samples/CAM_FRONT_LEFT/n015-2018-10-08-16-03-24+0800__CAM_FRONT_LEFT__1538985950754844.jpg", "samples/CAM_FRONT/n015-2018-10-08-16-03-24+0800__CAM_FRONT__1538985950762460.jpg", "samples/CAM_FRONT_RIGHT/n015-2018-10-08-16-03-24+0800__CAM_FRONT_RIGHT__1538985950770350.jpg", "samples/CAM_BACK_LEFT/n015-2018-10-08-16-03-24+0800__CAM_BACK_LEFT__1538985950797423.jpg", "samples/CAM_BACK/n015-2018-10-08-16-03-24+0800__CAM_BACK__1538985950787525.jpg", "samples/CAM_BACK_RIGHT/n015-2018-10-08-16-03-24+0800__CAM_BACK_RIGHT__1538985950777893.jpg"], "intrinsics": [[[1272.5979470598488, 0.0, 826.6154927353808], [0.0, 1272.5979470598488, 479.75165386361925], [0.0, 0.0, 1.0]], [[1266.417203046554, 0.0, 816.2670197447984], [0.0, 1266.417203046554, 491.50706579294757], [0.0, 0.0, 1.0]], [[1260.8474446004698, 0.0, 807.968244525554], [0.0, 1260.8474446004698, 495.3344268742088], [0.0, 0.0, 1.0]], [[1256.7414812095406, 0.0, 792.1125740759628], [0.0, 1256.7414812095406, 492.7757465151356], [0.0, 0.0, 1.0]], [[809.2209905677063, 0.0, 829.2196003259838], [0.0, 809.2209905677063, 481.77842384512485], [0.0, 0.0, 1.0]], [[1259.5137405846733, 0.0, 807.2529053838625], [0.0, 1259.5137405846733, 501.19579884916527], [0.0, 0.0, 1.0]]], "extrinsics": [[[0.8187870979309082, -0.5728871822357178, 0.037254780530929565, -0.94091796875], [0.047338973730802536, 0.0027015130035579205, -0.9988752007484436, 1.5096282958984375], [0.5721422433853149, 0.8196297883987427, 0.029331855475902557, -1.263916015625], [0.0, 0.0, 0.0, 1.0]], [[0.003904595272615552, -0.9999911189079285, 0.001567842555232346, 0.0057373046875], [0.04209142550826073, -0.0014021096285432577, -0.9991128444671631, 1.5215377807617188], [0.9991061091423035, 0.003967206925153732, 0.04208557307720184, -1.66845703125], [0.0, 0.0, 0.0, 1.0]], [[-0.8323594927787781, -0.5521076321601868, -0.048526715487241745, 1.016845703125], [0.04778256639838219, 0.015745099633932114, -0.998733639717102, 1.5045394897460938], [0.5521725416183472, -0.8336241245269775, 0.013275537639856339, -1.23828125], [0.0, 0.0, 0.0, 1.0]], [[0.9466657042503357, 0.3184754550457001, 0.04896300658583641, -1.142822265625], [0.056612029671669006, -0.014800379984080791, -0.9982865452766418, 1.5885162353515625], [-0.31720516085624695, 0.9478155970573425, -0.0320405550301075, -0.10357666015625], [0.0, 0.0, 0.0, 1.0]], [[0.0035138956736773252, 0.9999833703041077, -0.004587632603943348, 0.0027008056640625], [0.031156251206994057, -0.004694913513958454, -0.999503493309021, 1.5795822143554688], [-0.9995084404945374, 0.003369220532476902, -0.03117222897708416, -0.0048828125], [0.0, 0.0, 0.0, 1.0]], [[-0.9327539801597595, 0.35618042945861816, -0.0557263158261776, 1.123291015625], [0.0636916309595108, 0.010664889588952065, -0.9979126453399658, 1.55230712890625], [-0.3548426032066345, -0.9343563318252563, -0.03263343125581741, -0.0682373046875], [0.0, 0.0, 0.0, 1.0]]], "view": [[0.0, -2.0, 100.0], [-2.0, 0.0, 100.0], [0.0, 0.0, 1.0]], "bev": "bev_7d7dd8bc9e014c0cac912f2bfcc9fcbb.png", "aux": "aux_7d7dd8bc9e014c0cac912f2bfcc9fcbb.npz", "visibility": "visibility_7d7dd8bc9e014c0cac912f2bfcc9fcbb.png", "pose": [[-0.8209244608879089, 0.5710368156433105, 0.0, 1850.1702880859375], [-0.5710368156433105, -0.8209244608879089, 0.0, 1524.72998046875], [0.0, 0.0, 1.0, 0.0], [0.0, 0.0, 0.0, 1.0]], "pose_inverse": [[-0.8209244608879089, -0.5710368156433105, 0.0, 2389.527099609375], [0.5710368156433105, -0.8209244608879089, 0.0, 195.17274475097656], [0.0, 0.0, 1.0, 0.0], [0.0, 0.0, 0.0, 1.0]], "cam_ids": [0, 1, 2, 3, 4, 5], "cam_channels": ["CAM_FRONT_LEFT", "CAM_FRONT", "CAM_FRONT_RIGHT", "CAM_BACK_LEFT", "CAM_BACK", "CAM_BACK_RIGHT"], "token": "7d7dd8bc9e014c0cac912f2bfcc9fcbb", "scene": "scene-0854"}, {"images": ["samples/CAM_FRONT_LEFT/n015-2018-10-08-16-03-24+0800__CAM_FRONT_LEFT__1538985951254844.jpg", "samples/CAM_FRONT/n015-2018-10-08-16-03-24+0800__CAM_FRONT__1538985951262460.jpg", "samples/CAM_FRONT_RIGHT/n015-2018-10-08-16-03-24+0800__CAM_FRONT_RIGHT__1538985951270339.jpg", "samples/CAM_BACK_LEFT/n015-2018-10-08-16-03-24+0800__CAM_BACK_LEFT__1538985951297423.jpg", "samples/CAM_BACK/n015-2018-10-08-16-03-24+0800__CAM_BACK__1538985951287569.jpg", "samples/CAM_BACK_RIGHT/n015-2018-10-08-16-03-24+0800__CAM_BACK_RIGHT__1538985951277893.jpg"], "intrinsics": [[[1272.5979470598488, 0.0, 826.6154927353808], [0.0, 1272.5979470598488, 479.75165386361925], [0.0, 0.0, 1.0]], [[1266.417203046554, 0.0, 816.2670197447984], [0.0, 1266.417203046554, 491.50706579294757], [0.0, 0.0, 1.0]], [[1260.8474446004698, 0.0, 807.968244525554], [0.0, 1260.8474446004698, 495.3344268742088], [0.0, 0.0, 1.0]], [[1256.7414812095406, 0.0, 792.1125740759628], [0.0, 1256.7414812095406, 492.7757465151356], [0.0, 0.0, 1.0]], [[809.2209905677063, 0.0, 829.2196003259838], [0.0, 809.2209905677063, 481.77842384512485], [0.0, 0.0, 1.0]], [[1259.5137405846733, 0.0, 807.2529053838625], [0.0, 1259.5137405846733, 501.19579884916527], [0.0, 0.0, 1.0]]], "extrinsics": [[[0.8183650374412537, -0.5731269717216492, 0.04247601330280304, -0.935791015625], [0.051354411989450455, -0.0006862467271275818, -0.9986802935600281, 1.5100784301757812], [0.5723997354507446, 0.8194662928581238, 0.028870992362499237, -1.2598876953125], [0.0, 0.0, 0.0, 1.0]], [[0.003485003486275673, -0.9999822378158569, 0.0048308465629816055, 0.0052337646484375], [0.046096835285425186, -0.004665089305490255, -0.9989261627197266, 1.5219039916992188], [0.9989308714866638, 0.0037039911840111017, 0.04607975855469704, -1.662841796875], [0.0, 0.0, 0.0, 1.0]], [[-0.8323572278022766, -0.5519673824310303, -0.05013445392251015, 1.012939453125], [0.051776524633169174, 0.012621477246284485, -0.9985789060592651, 1.5048446655273438], [0.5518157482147217, -0.833770215511322, 0.018073370680212975, -1.23583984375], [0.0, 0.0, 0.0, 1.0]], [[0.946526050567627, 0.3184438645839691, 0.051788441836833954, -1.141357421875], [0.060479000210762024, -0.017457440495491028, -0.9980167746543884, 1.588623046875], [-0.3169082701206207, 0.947780966758728, -0.03578308969736099, -0.10394287109375], [0.0, 0.0, 0.0, 1.0]], [[0.003766427282243967, 0.9999656081199646, -0.007398015819489956, 0.00274658203125], [0.0350775420665741, -0.0075256312265992165, -0.9993562698364258, 1.5796737670898438], [-0.9993774890899658, 0.003504508174955845, -0.035104673355817795, -0.007080078125], [0.0, 0.0, 0.0, 1.0]], [[-0.9324168562889099, 0.35628542304039, -0.06049521267414093, 1.120849609375], [0.06765840947628021, 0.007665262557566166, -0.9976791143417358, 1.5526123046875], [-0.35499483346939087, -0.9343457221984863, -0.03125292807817459, -0.0697021484375], [0.0, 0.0, 0.0, 1.0]]], "view": [[0.0, -2.0, 100.0], [-2.0, 0.0, 100.0], [0.0, 0.0, 1.0]], "bev": "bev_8497d962e1964843afef8c7839f3af96.png", "aux": "aux_8497d962e1964843afef8c7839f3af96.npz", "visibility": "visibility_8497d962e1964843afef8c7839f3af96.png", "pose": [[-0.8103011846542358, 0.586013674736023, 0.0, 1849.873046875], [-0.586013674736023, -0.8103011846542358, 0.0, 1524.519287109375], [0.0, 0.0, 1.0, 0.0], [0.0, 0.0, 0.0, 1.0]], "pose_inverse": [[-0.8103011846542358, -0.586013674736023, 0.0, 2392.343505859375], [0.586013674736023, -0.8103011846542358, 0.0, 151.2688751220703], [0.0, 0.0, 1.0, 0.0], [0.0, 0.0, 0.0, 1.0]], "cam_ids": [0, 1, 2, 3, 4, 5], "cam_channels": ["CAM_FRONT_LEFT", "CAM_FRONT", "CAM_FRONT_RIGHT", "CAM_BACK_LEFT", "CAM_BACK", "CAM_BACK_RIGHT"], "token": "8497d962e1964843afef8c7839f3af96", "scene": "scene-0854"}, {"images": ["samples/CAM_FRONT_LEFT/n015-2018-10-08-16-03-24+0800__CAM_FRONT_LEFT__1538985951754844.jpg", "samples/CAM_FRONT/n015-2018-10-08-16-03-24+0800__CAM_FRONT__1538985951762460.jpg", "samples/CAM_FRONT_RIGHT/n015-2018-10-08-16-03-24+0800__CAM_FRONT_RIGHT__1538985951770339.jpg", "samples/CAM_BACK_LEFT/n015-2018-10-08-16-03-24+0800__CAM_BACK_LEFT__1538985951797423.jpg", "samples/CAM_BACK/n015-2018-10-08-16-03-24+0800__CAM_BACK__1538985951787525.jpg", "samples/CAM_BACK_RIGHT/n015-2018-10-08-16-03-24+0800__CAM_BACK_RIGHT__1538985951777893.jpg"], "intrinsics": [[[1272.5979470598488, 0.0, 826.6154927353808], [0.0, 1272.5979470598488, 479.75165386361925], [0.0, 0.0, 1.0]], [[1266.417203046554, 0.0, 816.2670197447984], [0.0, 1266.417203046554, 491.50706579294757], [0.0, 0.0, 1.0]], [[1260.8474446004698, 0.0, 807.968244525554], [0.0, 1260.8474446004698, 495.3344268742088], [0.0, 0.0, 1.0]], [[1256.7414812095406, 0.0, 792.1125740759628], [0.0, 1256.7414812095406, 492.7757465151356], [0.0, 0.0, 1.0]], [[809.2209905677063, 0.0, 829.2196003259838], [0.0, 809.2209905677063, 481.77842384512485], [0.0, 0.0, 1.0]], [[1259.5137405846733, 0.0, 807.2529053838625], [0.0, 1259.5137405846733, 501.19579884916527], [0.0, 0.0, 1.0]]], "extrinsics": [[[0.8182486295700073, -0.5733625888824463, 0.041525907814502716, -0.92919921875], [0.050020333379507065, -0.0009502459433861077, -0.9987477660179138, 1.510406494140625], [0.5726841688156128, 0.8193011283874512, 0.027902256697416306, -1.2557373046875], [0.0, 0.0, 0.0, 1.0]], [[0.0032375145237892866, -0.9999812841415405, 0.00517915328964591, 0.0053558349609375], [0.044689565896987915, -0.005029323976486921, -0.9989883303642273, 1.522125244140625], [0.9989956021308899, 0.0034656617790460587, 0.04467244818806648, -1.65673828125], [0.0, 0.0, 0.0, 1.0]], [[-0.8325396776199341, -0.5518251061439514, -0.048649244010448456, 1.00927734375], [0.05031351372599602, 0.012134361080825329, -0.9986597299575806, 1.5050430297851562], [0.5516757369041443, -0.8338715434074402, 0.017661921679973602, -1.2330322265625], [0.0, 0.0, 0.0, 1.0]], [[0.9465886354446411, 0.31853461265563965, 0.050054002553224564, -1.141845703125], [0.05895182117819786, -0.018348470330238342, -0.9980921745300293, 1.58856201171875], [-0.31700849533081055, 0.9477335810661316, -0.036146655678749084, -0.10382080078125], [0.0, 0.0, 0.0, 1.0]], [[0.0038099170196801424, 0.9999595284461975, -0.008146445266902447, 0.00284576416015625], [0.033547062426805496, -0.008269728161394596, -0.9994029402732849, 1.5797119140625], [-0.9994298219680786, 0.0035343938507139683, -0.03357720747590065, -0.008544921875], [0.0, 0.0, 0.0, 1.0]], [[-0.9324590563774109, 0.3563760221004486, -0.05929836630821228, 1.1171875], [0.06615350395441055, 0.007066806778311729, -0.997784435749054, 1.5527801513671875], [-0.3551674485206604, -0.9343159794807434, -0.030165033414959908, -0.07061767578125], [0.0, 0.0, 0.0, 1.0]]], "view": [[0.0, -2.0, 100.0], [-2.0, 0.0, 100.0], [0.0, 0.0, 1.0]], "bev": "bev_5146c1b045b04856894de81a946e4b58.png", "aux": "aux_5146c1b045b04856894de81a946e4b58.npz", "visibility": "visibility_5146c1b045b04856894de81a946e4b58.png", "pose": [[-0.7969262599945068, 0.6040765643119812, 0.0, 1849.5283203125], [-0.6040765643119812, -0.7969262599945068, 0.0, 1524.264404296875], [0.0, 0.0, 1.0, 0.0], [0.0, 0.0, 0.0, 1.0]], "pose_inverse": [[-0.7969262599945068, -0.6040765643119812, 0.0, 2394.710205078125], [0.6040765643119812, -0.7969262599945068, 0.0, 97.46958923339844], [0.0, 0.0, 1.0, 0.0], [0.0, 0.0, 0.0, 1.0]], "cam_ids": [0, 1, 2, 3, 4, 5], "cam_channels": ["CAM_FRONT_LEFT", "CAM_FRONT", "CAM_FRONT_RIGHT", "CAM_BACK_LEFT", "CAM_BACK", "CAM_BACK_RIGHT"], "token": "5146c1b045b04856894de81a946e4b58", "scene": "scene-0854"}, {"images": ["samples/CAM_FRONT_LEFT/n015-2018-10-08-16-03-24+0800__CAM_FRONT_LEFT__1538985952254844.jpg", "samples/CAM_FRONT/n015-2018-10-08-16-03-24+0800__CAM_FRONT__1538985952262460.jpg", "samples/CAM_FRONT_RIGHT/n015-2018-10-08-16-03-24+0800__CAM_FRONT_RIGHT__1538985952270339.jpg", "samples/CAM_BACK_LEFT/n015-2018-10-08-16-03-24+0800__CAM_BACK_LEFT__1538985952297423.jpg", "samples/CAM_BACK/n015-2018-10-08-16-03-24+0800__CAM_BACK__1538985952287525.jpg", "samples/CAM_BACK_RIGHT/n015-2018-10-08-16-03-24+0800__CAM_BACK_RIGHT__1538985952277893.jpg"], "intrinsics": [[[1272.5979470598488, 0.0, 826.6154927353808], [0.0, 1272.5979470598488, 479.75165386361925], [0.0, 0.0, 1.0]], [[1266.417203046554, 0.0, 816.2670197447984], [0.0, 1266.417203046554, 491.50706579294757], [0.0, 0.0, 1.0]], [[1260.8474446004698, 0.0, 807.968244525554], [0.0, 1260.8474446004698, 495.3344268742088], [0.0, 0.0, 1.0]], [[1256.7414812095406, 0.0, 792.1125740759628], [0.0, 1256.7414812095406, 492.7757465151356], [0.0, 0.0, 1.0]], [[809.2209905677063, 0.0, 829.2196003259838], [0.0, 809.2209905677063, 481.77842384512485], [0.0, 0.0, 1.0]], [[1259.5137405846733, 0.0, 807.2529053838625], [0.0, 1259.5137405846733, 501.19579884916527], [0.0, 0.0, 1.0]]], "extrinsics": [[[0.8176616430282593, -0.5738589763641357, 0.045992426574230194, -0.913330078125], [0.05550798028707504, -0.0009318428346887231, -0.9984578490257263, 1.5117645263671875], [0.5730168223381042, 0.8189535737037659, 0.031091822311282158, -1.244384765625], [0.0, 0.0, 0.0, 1.0]], [[0.002711166860535741, -0.9999836683273315, 0.00501585565507412, 0.00539398193359375], [0.050209593027830124, -0.004873424302786589, -0.9987268447875977, 1.5231475830078125], [0.9987350106239319, 0.0029594574589282274, 0.05019555985927582, -1.640380859375], [0.0, 0.0, 0.0, 1.0]], [[-0.8324778079986572, -0.551474392414093, -0.053446121513843536, 0.998779296875], [0.05586116760969162, 0.012430933304131031, -0.9983611106872559, 1.5059051513671875], [0.5512349605560303, -0.8340991139411926, 0.02045753411948681, -1.22607421875], [0.0, 0.0, 0.0, 1.0]], [[0.9463494420051575, 0.3183356821537018, 0.05554297938942909, -1.141845703125], [0.06447183340787888, -0.017572814598679543, -0.9977647662162781, 1.588592529296875], [-0.31664803624153137, 0.9478151202201843, -0.0371537059545517, -0.103759765625], [0.0, 0.0, 0.0, 1.0]], [[0.004081741441041231, 0.9999634623527527, -0.007508500479161739, 0.00264739990234375], [0.039096444845199585, -0.007662399206310511, -0.9992060661315918, 1.5799560546875], [-0.9992271065711975, 0.0037849023938179016, -0.03912629559636116, -0.01318359375], [0.0, 0.0, 0.0, 1.0]], [[-0.9319989681243896, 0.35670724511146545, -0.06432559341192245, 1.10888671875], [0.07170640677213669, 0.007491031661629677, -0.9973976612091064, 1.5535736083984375], [-0.3552969992160797, -0.9341861605644226, -0.032559823244810104, -0.0740966796875], [0.0, 0.0, 0.0, 1.0]]], "view": [[0.0, -2.0, 100.0], [-2.0, 0.0, 100.0], [0.0, 0.0, 1.0]], "bev": "bev_3b00a92a5b244b0f82aa4f6444236917.png", "aux": "aux_3b00a92a5b244b0f82aa4f6444236917.npz", "visibility": "visibility_3b00a92a5b244b0f82aa4f6444236917.png", "pose": [[-0.7783986926078796, 0.627770185470581, 0.0, 1849.0396728515625], [-0.627770185470581, -0.7783986926078796, 0.0, 1523.8863525390625], [0.0, 0.0, 1.0, 0.0], [0.0, 0.0, 0.0, 1.0]], "pose_inverse": [[-0.7783986926078796, -0.627770185470581, 0.0, 2395.940673828125], [0.627770185470581, -0.7783986926078796, 0.0, 25.419172286987305], [0.0, 0.0, 1.0, 0.0], [0.0, 0.0, 0.0, 1.0]], "cam_ids": [0, 1, 2, 3, 4, 5], "cam_channels": ["CAM_FRONT_LEFT", "CAM_FRONT", "CAM_FRONT_RIGHT", "CAM_BACK_LEFT", "CAM_BACK", "CAM_BACK_RIGHT"], "token": "3b00a92a5b244b0f82aa4f6444236917", "scene": "scene-0854"}, {"images": ["samples/CAM_FRONT_LEFT/n015-2018-10-08-16-03-24+0800__CAM_FRONT_LEFT__1538985952754844.jpg", "samples/CAM_FRONT/n015-2018-10-08-16-03-24+0800__CAM_FRONT__1538985952762460.jpg", "samples/CAM_FRONT_RIGHT/n015-2018-10-08-16-03-24+0800__CAM_FRONT_RIGHT__1538985952770339.jpg", "samples/CAM_BACK_LEFT/n015-2018-10-08-16-03-24+0800__CAM_BACK_LEFT__1538985952797423.jpg", "samples/CAM_BACK/n015-2018-10-08-16-03-24+0800__CAM_BACK__1538985952787525.jpg", "samples/CAM_BACK_RIGHT/n015-2018-10-08-16-03-24+0800__CAM_BACK_RIGHT__1538985952777893.jpg"], "intrinsics": [[[1272.5979470598488, 0.0, 826.6154927353808], [0.0, 1272.5979470598488, 479.75165386361925], [0.0, 0.0, 1.0]], [[1266.417203046554, 0.0, 816.2670197447984], [0.0, 1266.417203046554, 491.50706579294757], [0.0, 0.0, 1.0]], [[1260.8474446004698, 0.0, 807.968244525554], [0.0, 1260.8474446004698, 495.3344268742088], [0.0, 0.0, 1.0]], [[1256.7414812095406, 0.0, 792.1125740759628], [0.0, 1256.7414812095406, 492.7757465151356], [0.0, 0.0, 1.0]], [[809.2209905677063, 0.0, 829.2196003259838], [0.0, 809.2209905677063, 481.77842384512485], [0.0, 0.0, 1.0]], [[1259.5137405846733, 0.0, 807.2529053838625], [0.0, 1259.5137405846733, 501.19579884916527], [0.0, 0.0, 1.0]]], "extrinsics": [[[0.8177163600921631, -0.5737759470939636, 0.04605553671717644, -0.8985595703125], [0.05547749623656273, -0.001080081332474947, -0.9984593987464905, 1.51275634765625], [0.5729416608810425, 0.8190115690231323, 0.030948456376791, -1.2340087890625], [0.0, 0.0, 0.0, 1.0]], [[0.0027712194714695215, -0.9999827742576599, 0.0051630050875246525, 0.00554656982421875], [0.05010784789919853, -0.005017678253352642, -0.998731255531311, 1.52386474609375], [0.9987399578094482, 0.0030264805536717176, 0.05009308084845543, -1.6259765625], [0.0, 0.0, 0.0, 1.0]], [[-0.8324681520462036, -0.5515109300613403, -0.05322052910923958, 0.9892578125], [0.05568421632051468, 0.01229094248265028, -0.9983727335929871, 1.50653076171875], [0.5512675642967224, -0.8340770602226257, 0.020478641614317894, -1.219970703125], [0.0, 0.0, 0.0, 1.0]], [[0.9463685750961304, 0.3183630108833313, 0.05505847930908203, -1.1416015625], [0.06397947669029236, -0.017624739557504654, -0.997795581817627, 1.588592529296875], [-0.31669074296951294, 0.9478050470352173, -0.03704820200800896, -0.10394287109375], [0.0, 0.0, 0.0, 1.0]], [[0.004065629560500383, 0.9999628067016602, -0.007599343545734882, 0.002864837646484375], [0.03873454034328461, -0.007751178927719593, -0.9992194771766663, 1.580108642578125], [-0.9992412328720093, 0.0037681139074265957, -0.03876461461186409, -0.017578125], [0.0, 0.0, 0.0, 1.0]], [[-0.9320245385169983, 0.35667598247528076, -0.06412861496210098, 1.101318359375], [0.07144864648580551, 0.007370606064796448, -0.9974170923233032, 1.55413818359375], [-0.3552820086479187, -0.9341990947723389, -0.03235359862446785, -0.07684326171875], [0.0, 0.0, 0.0, 1.0]]], "view": [[0.0, -2.0, 100.0], [-2.0, 0.0, 100.0], [0.0, 0.0, 1.0]], "bev": "bev_7f249c9c65154db4889356c89d6da938.png", "aux": "aux_7f249c9c65154db4889356c89d6da938.npz", "visibility": "visibility_7f249c9c65154db4889356c89d6da938.png", "pose": [[-0.7600051164627075, 0.6499170660972595, 0.0, 1848.3685302734375], [-0.6499170660972595, -0.7600051164627075, 0.0, 1523.3328857421875], [0.0, 0.0, 1.0, 0.0], [0.0, 0.0, 0.0, 1.0]], "pose_inverse": [[-0.7600051164627075, -0.6499170660972595, 0.0, 2394.8095703125], [0.6499170660972595, -0.7600051164627075, 0.0, -43.545467376708984], [0.0, 0.0, 1.0, 0.0], [0.0, 0.0, 0.0, 1.0]], "cam_ids": [0, 1, 2, 3, 4, 5], "cam_channels": ["CAM_FRONT_LEFT", "CAM_FRONT", "CAM_FRONT_RIGHT", "CAM_BACK_LEFT", "CAM_BACK", "CAM_BACK_RIGHT"], "token": "7f249c9c65154db4889356c89d6da938", "scene": "scene-0854"}, {"images": ["samples/CAM_FRONT_LEFT/n015-2018-10-08-16-03-24+0800__CAM_FRONT_LEFT__1538985953254844.jpg", "samples/CAM_FRONT/n015-2018-10-08-16-03-24+0800__CAM_FRONT__1538985953262460.jpg", "samples/CAM_FRONT_RIGHT/n015-2018-10-08-16-03-24+0800__CAM_FRONT_RIGHT__1538985953270339.jpg", "samples/CAM_BACK_LEFT/n015-2018-10-08-16-03-24+0800__CAM_BACK_LEFT__1538985953297423.jpg", "samples/CAM_BACK/n015-2018-10-08-16-03-24+0800__CAM_BACK__1538985953287525.jpg", "samples/CAM_BACK_RIGHT/n015-2018-10-08-16-03-24+0800__CAM_BACK_RIGHT__1538985953277893.jpg"], "intrinsics": [[[1272.5979470598488, 0.0, 826.6154927353808], [0.0, 1272.5979470598488, 479.75165386361925], [0.0, 0.0, 1.0]], [[1266.417203046554, 0.0, 816.2670197447984], [0.0, 1266.417203046554, 491.50706579294757], [0.0, 0.0, 1.0]], [[1260.8474446004698, 0.0, 807.968244525554], [0.0, 1260.8474446004698, 495.3344268742088], [0.0, 0.0, 1.0]], [[1256.7414812095406, 0.0, 792.1125740759628], [0.0, 1256.7414812095406, 492.7757465151356], [0.0, 0.0, 1.0]], [[809.2209905677063, 0.0, 829.2196003259838], [0.0, 809.2209905677063, 481.77842384512485], [0.0, 0.0, 1.0]], [[1259.5137405846733, 0.0, 807.2529053838625], [0.0, 1259.5137405846733, 501.19579884916527], [0.0, 0.0, 1.0]]], "extrinsics": [[[0.8182101845741272, -0.5733538269996643, 0.04239731654524803, -0.8885498046875], [0.050430890172719955, -0.0018840483389794827, -0.9987257719039917, 1.5129547119140625], [0.5727030634880066, 0.8193057775497437, 0.027373192831873894, -1.2274169921875], [0.0, 0.0, 0.0, 1.0]], [[0.0032255281694233418, -0.9999765753746033, 0.006027739495038986, 0.00594329833984375], [0.0451367013156414, -0.005876037757843733, -0.9989635348320007, 1.52398681640625], [0.9989756345748901, 0.003494316479191184, 0.04511668533086777, -1.6162109375], [0.0, 0.0, 0.0, 1.0]], [[-0.8325156569480896, -0.551863431930542, -0.048625875264406204, 0.983154296875], [0.050780609250068665, 0.0113874776288867, -0.9986448884010315, 1.50665283203125], [0.5516692996025085, -0.8338567614555359, 0.018543710932135582, -1.2154541015625], [0.0, 0.0, 0.0, 1.0]], [[0.9465864896774292, 0.3184954524040222, 0.05034591257572174, -1.1435546875], [0.05937647819519043, -0.018702639266848564, -0.9980604648590088, 1.5884552001953125], [-0.31693607568740845, 0.947739839553833, -0.0366148017346859, -0.103271484375], [0.0, 0.0, 0.0, 1.0]], [[0.003836466930806637, 0.9999552369117737, -0.008647491224110126, 0.00279998779296875], [0.03400539979338646, -0.008773008361458778, -0.9993831515312195, 1.5801010131835938], [-0.999414324760437, 0.0035399433691054583, -0.03403753787279129, -0.019775390625], [0.0, 0.0, 0.0, 1.0]], [[-0.9324278235435486, 0.35634586215019226, -0.059966638684272766, 1.09619140625], [0.06662235409021378, 0.006421779282391071, -0.997757613658905, 1.5543060302734375], [-0.3551616668701172, -0.9343321919441223, -0.029728442430496216, -0.07867431640625], [0.0, 0.0, 0.0, 1.0]]], "view": [[0.0, -2.0, 100.0], [-2.0, 0.0, 100.0], [0.0, 0.0, 1.0]], "bev": "bev_82651613f17140bb97d95fd6ef2cf873.png", "aux": "aux_82651613f17140bb97d95fd6ef2cf873.npz", "visibility": "visibility_82651613f17140bb97d95fd6ef2cf873.png", "pose": [[-0.7436754703521729, 0.6685408353805542, 0.0, 1847.587158203125], [-0.6685408353805542, -0.7436754703521729, 0.0, 1522.6531982421875], [0.0, 0.0, 1.0, 0.0], [0.0, 0.0, 0.0, 1.0]], "pose_inverse": [[-0.7436754703521729, -0.6685408353805542, 0.0, 2391.9609375], [0.6685408353805542, -0.7436754703521729, 0.0, -102.82765197753906], [0.0, 0.0, 1.0, 0.0], [0.0, 0.0, 0.0, 1.0]], "cam_ids": [0, 1, 2, 3, 4, 5], "cam_channels": ["CAM_FRONT_LEFT", "CAM_FRONT", "CAM_FRONT_RIGHT", "CAM_BACK_LEFT", "CAM_BACK", "CAM_BACK_RIGHT"], "token": "82651613f17140bb97d95fd6ef2cf873", "scene": "scene-0854"}, {"images": ["samples/CAM_FRONT_LEFT/n015-2018-10-08-16-03-24+0800__CAM_FRONT_LEFT__1538985953754844.jpg", "samples/CAM_FRONT/n015-2018-10-08-16-03-24+0800__CAM_FRONT__1538985953762460.jpg", "samples/CAM_FRONT_RIGHT/n015-2018-10-08-16-03-24+0800__CAM_FRONT_RIGHT__1538985953770339.jpg", "samples/CAM_BACK_LEFT/n015-2018-10-08-16-03-24+0800__CAM_BACK_LEFT__1538985953797423.jpg", "samples/CAM_BACK/n015-2018-10-08-16-03-24+0800__CAM_BACK__1538985953787525.jpg", "samples/CAM_BACK_RIGHT/n015-2018-10-08-16-03-24+0800__CAM_BACK_RIGHT__1538985953777893.jpg"], "intrinsics": [[[1272.5979470598488, 0.0, 826.6154927353808], [0.0, 1272.5979470598488, 479.75165386361925], [0.0, 0.0, 1.0]], [[1266.417203046554, 0.0, 816.2670197447984], [0.0, 1266.417203046554, 491.50706579294757], [0.0, 0.0, 1.0]], [[1260.8474446004698, 0.0, 807.968244525554], [0.0, 1260.8474446004698, 495.3344268742088], [0.0, 0.0, 1.0]], [[1256.7414812095406, 0.0, 792.1125740759628], [0.0, 1256.7414812095406, 492.7757465151356], [0.0, 0.0, 1.0]], [[809.2209905677063, 0.0, 829.2196003259838], [0.0, 809.2209905677063, 481.77842384512485], [0.0, 0.0, 1.0]], [[1259.5137405846733, 0.0, 807.2529053838625], [0.0, 1259.5137405846733, 501.19579884916527], [0.0, 0.0, 1.0]]], "extrinsics": [[[0.8188185095787048, -0.5728325843811035, 0.037403933703899384, -0.8765869140625], [0.04671402648091316, 0.0015488883946090937, -0.9989070892333984, 1.5132827758789062], [0.5721485614776611, 0.8196709156036377, 0.028027569875121117, -1.2188720703125], [0.0, 0.0, 0.0, 1.0]], [[0.003912619315087795, -0.9999885559082031, 0.002743098186329007, 0.0055999755859375], [0.04128052666783333, -0.0025792645756155252, -0.9991443157196045, 1.5241851806640625], [0.9991399049758911, 0.004022478125989437, 0.04126996174454689, -1.604248046875], [0.0, 0.0, 0.0, 1.0]], [[-0.8324090242385864, -0.5521659851074219, -0.04698895663022995, 0.9752197265625], [0.04674139618873596, 0.014533081091940403, -0.9988012313842773, 1.5068511962890625], [0.5521870255470276, -0.83360755443573, 0.013711539097130299, -1.2108154296875], [0.0, 0.0, 0.0, 1.0]], [[0.9467851519584656, 0.318452924489975, 0.046749088913202286, -1.14111328125], [0.054760247468948364, -0.016245493665337563, -0.9983673691749573, 1.588623046875], [-0.31717362999916077, 0.9477994441986084, -0.032819561660289764, -0.103759765625], [0.0, 0.0, 0.0, 1.0]], [[0.003514484968036413, 0.9999761581420898, -0.005941317416727543, 0.0029449462890625], [0.029606785625219345, -0.0060427989810705185, -0.9995433688163757, 1.580108642578125], [-0.9995554685592651, 0.0033370908349752426, -0.029627317562699318, -0.0234375], [0.0, 0.0, 0.0, 1.0]], [[-0.9328234791755676, 0.3561108708381653, -0.05500286445021629, 1.08984375], [0.062434449791908264, 0.00939932931214571, -0.9980048537254333, 1.554534912109375], [-0.3548833727836609, -0.934396505355835, -0.0310015007853508, -0.08111572265625], [0.0, 0.0, 0.0, 1.0]]], "view": [[0.0, -2.0, 100.0], [-2.0, 0.0, 100.0], [0.0, 0.0, 1.0]], "bev": "bev_5816aac510a54c4a9cc56073ecb33ee2.png", "aux": "aux_5816aac510a54c4a9cc56073ecb33ee2.npz", "visibility": "visibility_5816aac510a54c4a9cc56073ecb33ee2.png", "pose": [[-0.7300452589988708, 0.6833987832069397, 0.0, 1846.6868896484375], [-0.6833987832069397, -0.7300452589988708, 0.0, 1521.831787109375], [0.0, 0.0, 1.0, 0.0], [0.0, 0.0, 0.0, 1.0]], "pose_inverse": [[-0.7300452589988708, -0.6833987832069397, 0.0, 2388.18310546875], [0.6833987832069397, -0.7300452589988708, 0.0, -151.0175018310547], [0.0, 0.0, 1.0, 0.0], [0.0, 0.0, 0.0, 1.0]], "cam_ids": [0, 1, 2, 3, 4, 5], "cam_channels": ["CAM_FRONT_LEFT", "CAM_FRONT", "CAM_FRONT_RIGHT", "CAM_BACK_LEFT", "CAM_BACK", "CAM_BACK_RIGHT"], "token": "5816aac510a54c4a9cc56073ecb33ee2", "scene": "scene-0854"}, {"images": ["samples/CAM_FRONT_LEFT/n015-2018-10-08-16-03-24+0800__CAM_FRONT_LEFT__1538985954254844.jpg", "samples/CAM_FRONT/n015-2018-10-08-16-03-24+0800__CAM_FRONT__1538985954262460.jpg", "samples/CAM_FRONT_RIGHT/n015-2018-10-08-16-03-24+0800__CAM_FRONT_RIGHT__1538985954270339.jpg", "samples/CAM_BACK_LEFT/n015-2018-10-08-16-03-24+0800__CAM_BACK_LEFT__1538985954297423.jpg", "samples/CAM_BACK/n015-2018-10-08-16-03-24+0800__CAM_BACK__1538985954287525.jpg", "samples/CAM_BACK_RIGHT/n015-2018-10-08-16-03-24+0800__CAM_BACK_RIGHT__1538985954277893.jpg"], "intrinsics": [[[1272.5979470598488, 0.0, 826.6154927353808], [0.0, 1272.5979470598488, 479.75165386361925], [0.0, 0.0, 1.0]], [[1266.417203046554, 0.0, 816.2670197447984], [0.0, 1266.417203046554, 491.50706579294757], [0.0, 0.0, 1.0]], [[1260.8474446004698, 0.0, 807.968244525554], [0.0, 1260.8474446004698, 495.3344268742088], [0.0, 0.0, 1.0]], [[1256.7414812095406, 0.0, 792.1125740759628], [0.0, 1256.7414812095406, 492.7757465151356], [0.0, 0.0, 1.0]], [[809.2209905677063, 0.0, 829.2196003259838], [0.0, 809.2209905677063, 481.77842384512485], [0.0, 0.0, 1.0]], [[1259.5137405846733, 0.0, 807.2529053838625], [0.0, 1259.5137405846733, 501.19579884916527], [0.0, 0.0, 1.0]]], "extrinsics": [[[0.8192082643508911, -0.5727583765983582, 0.029080243781208992, -0.867431640625], [0.036845460534095764, 0.0019618449732661247, -0.9993190169334412, 1.5126266479492188], [0.572311282157898, 0.8197218179702759, 0.022710705175995827, -1.212890625], [0.0, 0.0, 0.0, 1.0]], [[0.0040541402995586395, -0.99998939037323, 0.002171008847653866, 0.0058746337890625], [0.03158534690737724, -0.002041891682893038, -0.9994990229606628, 1.52362060546875], [0.9994927644729614, 0.0041207075119018555, 0.0315767340362072, -1.594482421875], [0.0, 0.0, 0.0, 1.0]], [[-0.8327475786209106, -0.5522462129592896, -0.039442576467990875, 0.969482421875], [0.03725157678127289, 0.015191571786999702, -0.9991904497146606, 1.5064620971679688], [0.5523983240127563, -0.8335426449775696, 0.00792129710316658, -1.2064208984375], [0.0, 0.0, 0.0, 1.0]], [[0.9470902681350708, 0.31861287355422974, 0.038804568350315094, -1.140869140625], [0.046025797724723816, -0.015164516866207123, -0.9988251328468323, 1.5886077880859375], [-0.3176500201225281, 0.9477636814117432, -0.02902657724916935, -0.10418701171875], [0.0, 0.0, 0.0, 1.0]], [[0.0033003257121890783, 0.9999818205833435, -0.005061510484665632, 0.0027923583984375], [0.02057642489671707, -0.0051283747889101505, -0.9997751116752625, 1.5799446105957031], [-0.9997828006744385, 0.0031954373698681593, -0.02059297263622284, -0.02685546875], [0.0, 0.0, 0.0, 1.0]], [[-0.9333450794219971, 0.3560149669647217, -0.046045947819948196, 1.084716796875], [0.053142160177230835, 0.010172261856496334, -0.99853515625, 1.55438232421875], [-0.35502514243125916, -0.934424877166748, -0.028413642197847366, -0.08294677734375], [0.0, 0.0, 0.0, 1.0]]], "view": [[0.0, -2.0, 100.0], [-2.0, 0.0, 100.0], [0.0, 0.0, 1.0]], "bev": "bev_f2167f240dd24f91803571024ff324b1.png", "aux": "aux_f2167f240dd24f91803571024ff324b1.npz", "visibility": "visibility_f2167f240dd24f91803571024ff324b1.png", "pose": [[-0.7184656262397766, 0.695562481880188, 0.0, 1845.7401123046875], [-0.695562481880188, -0.7184656262397766, 0.0, 1520.937744140625], [0.0, 0.0, 1.0, 0.0], [0.0, 0.0, 0.0, 1.0]], "pose_inverse": [[-0.7184656262397766, -0.695562481880188, 0.0, 2384.008056640625], [0.695562481880188, -0.7184656262397766, 0.0, -191.08607482910156], [0.0, 0.0, 1.0, 0.0], [0.0, 0.0, 0.0, 1.0]], "cam_ids": [0, 1, 2, 3, 4, 5], "cam_channels": ["CAM_FRONT_LEFT", "CAM_FRONT", "CAM_FRONT_RIGHT", "CAM_BACK_LEFT", "CAM_BACK", "CAM_BACK_RIGHT"], "token": "f2167f240dd24f91803571024ff324b1", "scene": "scene-0854"}, {"images": ["samples/CAM_FRONT_LEFT/n015-2018-10-08-16-03-24+0800__CAM_FRONT_LEFT__1538985954754844.jpg", "samples/CAM_FRONT/n015-2018-10-08-16-03-24+0800__CAM_FRONT__1538985954762460.jpg", "samples/CAM_FRONT_RIGHT/n015-2018-10-08-16-03-24+0800__CAM_FRONT_RIGHT__1538985954770339.jpg", "samples/CAM_BACK_LEFT/n015-2018-10-08-16-03-24+0800__CAM_BACK_LEFT__1538985954797423.jpg", "samples/CAM_BACK/n015-2018-10-08-16-03-24+0800__CAM_BACK__1538985954787525.jpg", "samples/CAM_BACK_RIGHT/n015-2018-10-08-16-03-24+0800__CAM_BACK_RIGHT__1538985954777893.jpg"], "intrinsics": [[[1272.5979470598488, 0.0, 826.6154927353808], [0.0, 1272.5979470598488, 479.75165386361925], [0.0, 0.0, 1.0]], [[1266.417203046554, 0.0, 816.2670197447984], [0.0, 1266.417203046554, 491.50706579294757], [0.0, 0.0, 1.0]], [[1260.8474446004698, 0.0, 807.968244525554], [0.0, 1260.8474446004698, 495.3344268742088], [0.0, 0.0, 1.0]], [[1256.7414812095406, 0.0, 792.1125740759628], [0.0, 1256.7414812095406, 492.7757465151356], [0.0, 0.0, 1.0]], [[809.2209905677063, 0.0, 829.2196003259838], [0.0, 809.2209905677063, 481.77842384512485], [0.0, 0.0, 1.0]], [[1259.5137405846733, 0.0, 807.2529053838625], [0.0, 1259.5137405846733, 501.19579884916527], [0.0, 0.0, 1.0]]], "extrinsics": [[[0.8198947906494141, -0.5719355940818787, 0.025731230154633522, -0.858154296875], [0.033198364078998566, 0.0026265319902449846, -0.9994453191757202, 1.512542724609375], [0.5715507864952087, 0.8202943205833435, 0.02114080637693405, -1.20703125], [0.0, 0.0, 0.0, 1.0]], [[0.004918967839330435, -0.9999865889549255, 0.0015861444408074021, 0.0063629150390625], [0.027939457446336746, -0.0014481103280559182, -0.99960857629776, 1.5235137939453125], [0.9995975494384766, 0.00496135838329792, 0.027931958436965942, -1.585693359375], [0.0, 0.0, 0.0, 1.0]], [[-0.8325088024139404, -0.5527944564819336, -0.03670596331357956, 0.96337890625], [0.033603183925151825, 0.015748590230941772, -0.9993111491203308, 1.506439208984375], [0.5529917478561401, -0.8331688046455383, 0.005464816931635141, -1.2020263671875], [0.0, 0.0, 0.0, 1.0]], [[0.9471922516822815, 0.3186820447444916, 0.03561629354953766, -1.1376953125], [0.04243256151676178, -0.014469941146671772, -0.9989945292472839, 1.5887603759765625], [-0.3178462088108063, 0.9477512240409851, -0.027228310704231262, -0.1053466796875], [0.0, 0.0, 0.0, 1.0]], [[0.002981683472171426, 0.9999858736991882, -0.004433485213667154, 0.0026702880859375], [0.016936274245381355, -0.004483367782086134, -0.9998465180397034, 1.5799026489257812], [-0.9998521208763123, 0.0029061390087008476, -0.016949398443102837, -0.03002