[{"images": ["samples/CAM_FRONT_LEFT/n008-2018-09-18-14-35-12-0400__CAM_FRONT_LEFT__1537295986904799.jpg", "samples/CAM_FRONT/n008-2018-09-18-14-35-12-0400__CAM_FRONT__1537295986912404.jpg", "samples/CAM_FRONT_RIGHT/n008-2018-09-18-14-35-12-0400__CAM_FRONT_RIGHT__1537295986920482.jpg", "samples/CAM_BACK_LEFT/n008-2018-09-18-14-35-12-0400__CAM_BACK_LEFT__1537295986947405.jpg", "samples/CAM_BACK/n008-2018-09-18-14-35-12-0400__CAM_BACK__1537295986937558.jpg", "samples/CAM_BACK_RIGHT/n008-2018-09-18-14-35-12-0400__CAM_BACK_RIGHT__1537295986928113.jpg"], "intrinsics": [[[1257.8625342125129, 0.0, 827.2410631095686], [0.0, 1257.8625342125129, 450.915498205774], [0.0, 0.0, 1.0]], [[1252.8131021185304, 0.0, 826.588114781398], [0.0, 1252.8131021185304, 469.9846626224581], [0.0, 0.0, 1.0]], [[1256.7485116440405, 0.0, 817.7887570959712], [0.0, 1256.7485116440403, 451.9541780095127], [0.0, 0.0, 1.0]], [[1254.9860565800168, 0.0, 829.5769333630991], [0.0, 1254.9860565800168, 467.1680561863987], [0.0, 0.0, 1.0]], [[796.8910634503094, 0.0, 857.7774326863696], [0.0, 796.8910634503094, 476.8848988407415], [0.0, 0.0, 1.0]], [[1249.9629280788233, 0.0, 825.3768045375984], [0.0, 1249.9629280788233, 462.54816385708756], [0.0, 0.0, 1.0]]], "extrinsics": [[[0.8230491876602173, -0.5679219365119934, 0.0074022673070430756, -0.814697265625], [-0.0001293545210501179, -0.013220276683568954, -0.9999126195907593, 1.4883060455322266], [0.5679700970649719, 0.822976291179657, -0.010954402387142181, -1.2060546875], [0.0, 0.0, 0.0, 1.0]], [[0.010942118242383003, -0.9997866153717041, 0.017513839527964592, 0.010009765625], [0.002078835153952241, -0.017492104321718216, -0.9998448491096497, 1.4805984497070312], [0.9999379515647888, 0.01097682025283575, 0.001886991085484624, -1.54522705078125], [0.0, 0.0, 0.0, 1.0]], [[-0.8437429070472717, -0.536720335483551, 0.005398638546466827, 0.966094970703125], [0.010361989960074425, -0.026343941688537598, -0.9995992183685303, 1.4946670532226562], [0.5366474986076355, -0.8433488607406616, 0.027789006009697914, -1.196044921875], [0.0, 0.0, 0.0, 1.0]], [[0.9477939605712891, 0.3184053897857666, -0.017450910061597824, -1.126922607421875], [-0.014427934773266315, -0.011850172653794289, -0.9998257160186768, 1.5617866516113281], [-0.31855666637420654, 0.9478805661201477, -0.006637588609009981, -0.161865234375], [0.0, 0.0, 0.0, 1.0]], [[0.008935708552598953, 0.9997754693031311, -0.019211603328585625, -0.029052734375], [-0.012500034645199776, -0.019099188968539238, -0.9997394680976868, 1.5672569274902344], [-0.9998819231987, 0.009173525497317314, 0.012326563708484173, -0.0213623046875], [0.0, 0.0, 0.0, 1.0]], [[-0.9239163398742676, 0.38250988721847534, -0.008035259321331978, 1.056884765625], [-0.008521179668605328, -0.041569847613573074, -0.9990992546081543, 1.5469207763671875], [-0.3824993073940277, -0.9230157136917114, 0.04166650399565697, -0.0853271484375], [0.0, 0.0, 0.0, 1.0]]], "view": [[0.0, -2.0, 100.0], [-2.0, 0.0, 100.0], [0.0, 0.0, 1.0]], "bev": "bev_78c80690450a4e8aba63e1f2ca27c207.png", "aux": "aux_78c80690450a4e8aba63e1f2ca27c207.npz", "visibility": "visibility_78c80690450a4e8aba63e1f2ca27c207.png", "pose": [[0.02527221105992794, 0.9996805787086487, 0.0, 2358.26416015625], [-0.9996805787086487, 0.02527221105992794, 0.0, 1037.458984375], [0.0, 0.0, 1.0, 0.0], [0.0, 0.0, 0.0, 1.0]], "pose_inverse": [[0.02527221105992794, -0.9996805787086487, 0.0, 977.529052734375], [0.9996805787086487, 0.02527221105992794, 0.0, -2383.729736328125], [0.0, 0.0, 1.0, 0.0], [0.0, 0.0, 0.0, 1.0]], "cam_ids": [0, 1, 2, 3, 4, 5], "cam_channels": ["CAM_FRONT_LEFT", "CAM_FRONT", "CAM_FRONT_RIGHT", "CAM_BACK_LEFT", "CAM_BACK", "CAM_BACK_RIGHT"], "token": "78c80690450a4e8aba63e1f2ca27c207", "scene": "scene-0632"}, {"images": ["samples/CAM_FRONT_LEFT/n008-2018-09-18-14-35-12-0400__CAM_FRONT_LEFT__1537295987504799.jpg", "samples/CAM_FRONT/n008-2018-09-18-14-35-12-0400__CAM_FRONT__1537295987512404.jpg", "samples/CAM_FRONT_RIGHT/n008-2018-09-18-14-35-12-0400__CAM_FRONT_RIGHT__1537295987520482.jpg", "samples/CAM_BACK_LEFT/n008-2018-09-18-14-35-12-0400__CAM_BACK_LEFT__1537295987547405.jpg", "samples/CAM_BACK/n008-2018-09-18-14-35-12-0400__CAM_BACK__1537295987537558.jpg", "samples/CAM_BACK_RIGHT/n008-2018-09-18-14-35-12-0400__CAM_BACK_RIGHT__1537295987528113.jpg"], "intrinsics": [[[1257.8625342125129, 0.0, 827.2410631095686], [0.0, 1257.8625342125129, 450.915498205774], [0.0, 0.0, 1.0]], [[1252.8131021185304, 0.0, 826.588114781398], [0.0, 1252.8131021185304, 469.9846626224581], [0.0, 0.0, 1.0]], [[1256.7485116440405, 0.0, 817.7887570959712], [0.0, 1256.7485116440403, 451.9541780095127], [0.0, 0.0, 1.0]], [[1254.9860565800168, 0.0, 829.5769333630991], [0.0, 1254.9860565800168, 467.1680561863987], [0.0, 0.0, 1.0]], [[796.8910634503094, 0.0, 857.7774326863696], [0.0, 796.8910634503094, 476.8848988407415], [0.0, 0.0, 1.0]], [[1249.9629280788233, 0.0, 825.3768045375984], [0.0, 1249.9629280788233, 462.54816385708756], [0.0, 0.0, 1.0]]], "extrinsics": [[[0.823666512966156, -0.5669978857040405, 0.0093209408223629, -0.8173828125], [0.0016455933218821883, -0.014046943746507168, -0.9998999834060669, 1.4886817932128906], [0.5670721530914307, 0.8235994577407837, -0.010636948980391026, -1.2054443359375], [0.0, 0.0, 0.0, 1.0]], [[0.011892078444361687, -0.9997621178627014, 0.01828191429376602, 0.00830078125], [0.003484324086457491, -0.01824166439473629, -0.9998275637626648, 1.4808349609375], [0.9999231696128845, 0.011953729204833508, 0.00326656480319798, -1.5445556640625], [0.0, 0.0, 0.0, 1.0]], [[-0.8433224558830261, -0.5373854041099548, 0.004913751967251301, 0.964141845703125], [0.011386159807443619, -0.027008259668946266, -0.999570369720459, 1.4947967529296875], [0.5372873544692993, -0.8429041504859924, 0.028895428404211998, -1.19677734375], [0.0, 0.0, 0.0, 1.0]], [[0.9478050470352173, 0.3183706998825073, -0.01748366840183735, -1.129486083984375], [-0.01443825289607048, -0.011923065409064293, -0.9998246431350708, 1.561819076538086], [-0.3185233175754547, 0.9478912949562073, -0.006704024970531464, -0.160888671875], [0.0, 0.0, 0.0, 1.0]], [[0.008608615957200527, 0.9997708201408386, -0.019599808380007744, -0.028564453125], [-0.012113330885767937, -0.019494833424687386, -0.9997365474700928, 1.5672760009765625], [-0.999889612197876, 0.008843767456710339, 0.011942732147872448, -0.0203857421875], [0.0, 0.0, 0.0, 1.0]], [[-0.9241361618041992, 0.3819591701030731, -0.008916878141462803, 1.056884765625], [-0.007782855536788702, -0.0421539768576622, -0.9990808367729187, 1.5469589233398438], [-0.3819839358329773, -0.923217236995697, 0.04192874953150749, -0.086181640625], [0.0, 0.0, 0.0, 1.0]]], "view": [[0.0, -2.0, 100.0], [-2.0, 0.0, 100.0], [0.0, 0.0, 1.0]], "bev": "bev_970e605b05c14027b08a6e74d5e8ceca.png", "aux": "aux_970e605b05c14027b08a6e74d5e8ceca.npz", "visibility": "visibility_970e605b05c14027b08a6e74d5e8ceca.png", "pose": [[0.009909168817102909, 0.9999508857727051, 0.0, 2358.300048828125], [-0.9999508857727051, 0.009909168817102909, 0.0, 1034.4300537109375], [0.0, 0.0, 1.0, 0.0], [0.0, 0.0, 0.0, 1.0]], "pose_inverse": [[0.009909168817102909, -0.9999508857727051, 0.0, 1011.010498046875], [0.9999508857727051, 0.009909168817102909, 0.0, -2368.4345703125], [0.0, 0.0, 1.0, 0.0], [0.0, 0.0, 0.0, 1.0]], "cam_ids": [0, 1, 2, 3, 4, 5], "cam_channels": ["CAM_FRONT_LEFT", "CAM_FRONT", "CAM_FRONT_RIGHT", "CAM_BACK_LEFT", "CAM_BACK", "CAM_BACK_RIGHT"], "token": "970e605b05c14027b08a6e74d5e8ceca", "scene": "scene-0632"}, {"images": ["samples/CAM_FRONT_LEFT/n008-2018-09-18-14-35-12-0400__CAM_FRONT_LEFT__1537295988004799.jpg", "samples/CAM_FRONT/n008-2018-09-18-14-35-12-0400__CAM_FRONT__1537295988012404.jpg", "samples/CAM_FRONT_RIGHT/n008-2018-09-18-14-35-12-0400__CAM_FRONT_RIGHT__1537295988020482.jpg", "samples/CAM_BACK_LEFT/n008-2018-09-18-14-35-12-0400__CAM_BACK_LEFT__1537295988047405.jpg", "samples/CAM_BACK/n008-2018-09-18-14-35-12-0400__CAM_BACK__1537295988037558.jpg", "samples/CAM_BACK_RIGHT/n008-2018-09-18-14-35-12-0400__CAM_BACK_RIGHT__1537295988028113.jpg"], "intrinsics": [[[1257.8625342125129, 0.0, 827.2410631095686], [0.0, 1257.8625342125129, 450.915498205774], [0.0, 0.0, 1.0]], [[1252.8131021185304, 0.0, 826.588114781398], [0.0, 1252.8131021185304, 469.9846626224581], [0.0, 0.0, 1.0]], [[1256.7485116440405, 0.0, 817.7887570959712], [0.0, 1256.7485116440403, 451.9541780095127], [0.0, 0.0, 1.0]], [[1254.9860565800168, 0.0, 829.5769333630991], [0.0, 1254.9860565800168, 467.1680561863987], [0.0, 0.0, 1.0]], [[796.8910634503094, 0.0, 857.7774326863696], [0.0, 796.8910634503094, 476.8848988407415], [0.0, 0.0, 1.0]], [[1249.9629280788233, 0.0, 825.3768045375984], [0.0, 1249.9629280788233, 462.54816385708756], [0.0, 0.0, 1.0]]], "extrinsics": [[[0.8250617980957031, -0.5650211572647095, 0.004920333158224821, -0.833984375], [0.00019234111823607236, -0.008427057415246964, -0.9999644160270691, 1.4883365631103516], [0.5650426149368286, 0.8250333666801453, -0.006844166666269302, -1.21728515625], [0.0, 0.0, 0.0, 1.0]], [[0.013938752934336662, -0.9998238682746887, 0.012562992982566357, 0.008056640625], [0.0021316406782716513, -0.012534472160041332, -0.9999191761016846, 1.4805355072021484], [0.9999005198478699, 0.013964406214654446, 0.001956550171598792, -1.5626220703125], [0.0, 0.0, 0.0, 1.0]], [[-0.8424679040908813, -0.5387389659881592, 0.002874903380870819, 0.977142333984375], [0.01014676783233881, -0.021202171221375465, -0.9997236728668213, 1.49444580078125], [0.5386510491371155, -0.8422059416770935, 0.02332860790193081, -1.204833984375], [0.0, 0.0, 0.0, 1.0]], [[0.9477931261062622, 0.3184749186038971, -0.01618294231593609, -1.13348388671875], [-0.015000713989138603, -0.006164501886814833, -0.9998684525489807, 1.5618776082992554], [-0.318532794713974, 0.947911262512207, -0.0010653221979737282, -0.1591796875], [0.0, 0.0, 0.0, 1.0]], [[0.007986144162714481, 0.9998737573623657, -0.013737577013671398, -0.028564453125], [-0.012955069541931152, -0.013633406721055508, -0.9998230934143066, 1.5673294067382812], [-0.9998841285705566, 0.008162706159055233, 0.012844555079936981, -0.0120849609375], [0.0, 0.0, 0.0, 1.0]], [[-0.9245844483375549, 0.38093462586402893, -0.005684272851794958, 1.0684814453125], [-0.00882230419665575, -0.03632451593875885, -0.9993010759353638, 1.54693603515625], [-0.3808748722076416, -0.923888087272644, 0.036945804953575134, -0.0814208984375], [0.0, 0.0, 0.0, 1.0]]], "view": [[0.0, -2.0, 100.0], [-2.0, 0.0, 100.0], [0.0, 0.0, 1.0]], "bev": "bev_39961df49391439fbca612a8efe1c531.png", "aux": "aux_39961df49391439fbca612a8efe1c531.npz", "visibility": "visibility_39961df49391439fbca612a8efe1c531.png", "pose": [[-0.028660474345088005, 0.999589204788208, 0.0, 2358.267578125], [-0.999589204788208, -0.028660474345088005, 0.0, 1032.072509765625], [0.0, 0.0, 1.0, 0.0], [0.0, 0.0, 0.0, 1.0]], "pose_inverse": [[-0.028660474345088005, -0.999589204788208, 0.0, 1099.237548828125], [0.999589204788208, -0.028660474345088005, 0.0, -2327.71923828125], [0.0, 0.0, 1.0, 0.0], [0.0, 0.0, 0.0, 1.0]], "cam_ids": [0, 1, 2, 3, 4, 5], "cam_channels": ["CAM_FRONT_LEFT", "CAM_FRONT", "CAM_FRONT_RIGHT", "CAM_BACK_LEFT", "CAM_BACK", "CAM_BACK_RIGHT"], "token": "39961df49391439fbca612a8efe1c531", "scene": "scene-0632"}, {"images": ["samples/CAM_FRONT_LEFT/n008-2018-09-18-14-35-12-0400__CAM_FRONT_LEFT__1537295988504799.jpg", "samples/CAM_FRONT/n008-2018-09-18-14-35-12-0400__CAM_FRONT__1537295988512404.jpg", "samples/CAM_FRONT_RIGHT/n008-2018-09-18-14-35-12-0400__CAM_FRONT_RIGHT__1537295988520482.jpg", "samples/CAM_BACK_LEFT/n008-2018-09-18-14-35-12-0400__CAM_BACK_LEFT__1537295988547405.jpg", "samples/CAM_BACK/n008-2018-09-18-14-35-12-0400__CAM_BACK__1537295988537558.jpg", "samples/CAM_BACK_RIGHT/n008-2018-09-18-14-35-12-0400__CAM_BACK_RIGHT__1537295988528113.jpg"], "intrinsics": [[[1257.8625342125129, 0.0, 827.2410631095686], [0.0, 1257.8625342125129, 450.915498205774], [0.0, 0.0, 1.0]], [[1252.8131021185304, 0.0, 826.588114781398], [0.0, 1252.8131021185304, 469.9846626224581], [0.0, 0.0, 1.0]], [[1256.7485116440405, 0.0, 817.7887570959712], [0.0, 1256.7485116440403, 451.9541780095127], [0.0, 0.0, 1.0]], [[1254.9860565800168, 0.0, 829.5769333630991], [0.0, 1254.9860565800168, 467.1680561863987], [0.0, 0.0, 1.0]], [[796.8910634503094, 0.0, 857.7774326863696], [0.0, 796.8910634503094, 476.8848988407415], [0.0, 0.0, 1.0]], [[1249.9629280788233, 0.0, 825.3768045375984], [0.0, 1249.9629280788233, 462.54816385708756], [0.0, 0.0, 1.0]]], "extrinsics": [[[0.8265976905822754, -0.5627390742301941, 0.007805089931935072, -0.826416015625], [0.004229341167956591, -0.007656881585717201, -0.9999617338180542, 1.4892044067382812], [0.5627774000167847, 0.82659912109375, -0.00394914485514164, -1.2113037109375], [0.0, 0.0, 0.0, 1.0]], [[0.01606609858572483, -0.9998013973236084, 0.011790256015956402, 0.007568359375], [0.006109447218477726, -0.011693397536873817, -0.9999129772186279, 1.4812545776367188], [0.9998522996902466, 0.01613675057888031, 0.005920366384088993, -1.5550537109375], [0.0, 0.0, 0.0, 1.0]], [[-0.8415842056274414, -0.5401252508163452, -0.0008882335969246924, 0.971405029296875], [0.014068525284528732, -0.020276565104722977, -0.9996954202651978, 1.4950408935546875], [0.5399426817893982, -0.8413404226303101, 0.024663204327225685, -1.2021484375], [0.0, 0.0, 0.0, 1.0]], [[0.9478827118873596, 0.31838133931159973, -0.012312540784478188, -1.132904052734375], [-0.011386501602828503, -0.004769542720168829, -0.9999237656593323, 1.5619134902954102], [-0.3184158205986023, 0.9479506611824036, -0.000895717297680676, -0.158935546875], [0.0, 0.0, 0.0, 1.0]], [[0.0073823221027851105, 0.9998941421508789, -0.012535850517451763, -0.027587890625], [-0.009237307123839855, -0.012467466294765472, -0.9998795986175537, 1.5675106048583984], [-0.9999300241470337, 0.007497233338654041, 0.00914429035037756, -0.0147705078125], [0.0, 0.0, 0.0, 1.0]], [[-0.9250186681747437, 0.3798184394836426, -0.008856818079948425, 1.0643310546875], [-0.004936368204653263, -0.03532585874199867, -0.9993636608123779, 1.547271728515625], [-0.3798896372318268, -0.924386203289032, 0.03455200418829918, -0.0841064453125], [0.0, 0.0, 0.0, 1.0]]], "view": [[0.0, -2.0, 100.0], [-2.0, 0.0, 100.0], [0.0, 0.0, 1.0]], "bev": "bev_8d8d71781b5e4a9aaa0e1830bcbc3796.png", "aux": "aux_8d8d71781b5e4a9aaa0e1830bcbc3796.npz", "visibility": "visibility_8d8d71781b5e4a9aaa0e1830bcbc3796.png", "pose": [[-0.09957610815763474, 0.9950299263000488, 0.0, 2358.112060546875], [-0.9950299263000488, -0.09957610815763474, 0.0, 1029.6829833984375], [0.0, 0.0, 1.0, 0.0], [0.0, 0.0, 0.0, 1.0]], "pose_inverse": [[-0.09957610815763474, -0.9950299263000488, 0.0, 1259.3770751953125], [0.9950299263000488, -0.09957610815763474, 0.0, -2243.8603515625], [0.0, 0.0, 1.0, 0.0], [0.0, 0.0, 0.0, 1.0]], "cam_ids": [0, 1, 2, 3, 4, 5], "cam_channels": ["CAM_FRONT_LEFT", "CAM_FRONT", "CAM_FRONT_RIGHT", "CAM_BACK_LEFT", "CAM_BACK", "CAM_BACK_RIGHT"], "token": "8d8d71781b5e4a9aaa0e1830bcbc3796", "scene": "scene-0632"}, {"images": ["samples/CAM_FRONT_LEFT/n008-2018-09-18-14-35-12-0400__CAM_FRONT_LEFT__1537295989004799.jpg", "samples/CAM_FRONT/n008-2018-09-18-14-35-12-0400__CAM_FRONT__1537295989012404.jpg", "samples/CAM_FRONT_RIGHT/n008-2018-09-18-14-35-12-0400__CAM_FRONT_RIGHT__1537295989020482.jpg", "samples/CAM_BACK_LEFT/n008-2018-09-18-14-35-12-0400__CAM_BACK_LEFT__1537295989047405.jpg", "samples/CAM_BACK/n008-2018-09-18-14-35-12-0400__CAM_BACK__1537295989037558.jpg", "samples/CAM_BACK_RIGHT/n008-2018-09-18-14-35-12-0400__CAM_BACK_RIGHT__1537295989028113.jpg"], "intrinsics": [[[1257.8625342125129, 0.0, 827.2410631095686], [0.0, 1257.8625342125129, 450.915498205774], [0.0, 0.0, 1.0]], [[1252.8131021185304, 0.0, 826.588114781398], [0.0, 1252.8131021185304, 469.9846626224581], [0.0, 0.0, 1.0]], [[1256.7485116440405, 0.0, 817.7887570959712], [0.0, 1256.7485116440403, 451.9541780095127], [0.0, 0.0, 1.0]], [[1254.9860565800168, 0.0, 829.5769333630991], [0.0, 1254.9860565800168, 467.1680561863987], [0.0, 0.0, 1.0]], [[796.8910634503094, 0.0, 857.7774326863696], [0.0, 796.8910634503094, 476.8848988407415], [0.0, 0.0, 1.0]], [[1249.9629280788233, 0.0, 825.3768045375984], [0.0, 1249.9629280788233, 462.54816385708756], [0.0, 0.0, 1.0]]], "extrinsics": [[[0.8286532759666443, -0.5596792697906494, 0.009640165604650974, -0.8251953125], [0.0024993224069476128, -0.013522354885935783, -0.9999054074287415, 1.4888267517089844], [0.5597566962242126, 0.8285989761352539, -0.009806525893509388, -1.2108154296875], [0.0, 0.0, 0.0, 1.0]], [[0.019212819635868073, -0.999658465385437, 0.017716357484459877, 0.0078125], [0.004502853378653526, -0.01763293147087097, -0.9998343586921692, 1.4809722900390625], [0.9998052716255188, 0.01928943395614624, 0.004162536934018135, -1.5538330078125], [0.0, 0.0, 0.0, 1.0]], [[-0.8402302861213684, -0.5422171950340271, 0.0036733082961291075, 0.9713363647460938], [0.012590868398547173, -0.026282787322998047, -0.9995752573013306, 1.4948348999023438], [0.5420835018157959, -0.8398272395133972, 0.028910579159855843, -1.201904296875], [0.0, 0.0, 0.0, 1.0]], [[0.9477500319480896, 0.31862393021583557, -0.01577160879969597, -1.13250732421875], [-0.012870526872575283, -0.011208416894078255, -0.999854326248169, 1.5618782043457031], [-0.3187543451786041, 0.9478148818016052, -0.006521918345242739, -0.158935546875], [0.0, 0.0, 0.0, 1.0]], [[0.006275032181292772, 0.9998030662536621, -0.01883101649582386, -0.02783203125], [-0.010622252710163593, -0.018763680011034012, -0.9997674822807312, 1.5674285888671875], [-0.9999238848686218, 0.006473623216152191, 0.010502416640520096, -0.0145263671875], [0.0, 0.0, 0.0, 1.0]], [[-0.9257360696792603, 0.37804266810417175, -0.009825163520872593, 1.064208984375], [-0.006329942494630814, -0.04146720841526985, -0.9991198182106018, 1.5471267700195312], [-0.37811723351478577, -0.9248590469360352, 0.040780678391456604, -0.0841064453125], [0.0, 0.0, 0.0, 1.0]]], "view": [[0.0, -2.0, 100.0], [-2.0, 0.0, 100.0], [0.0, 0.0, 1.0]], "bev": "bev_ce0b0c67f3874c93a4a30d55dbb91ae5.png", "aux": "aux_ce0b0c67f3874c93a4a30d55dbb91ae5.npz", "visibility": "visibility_ce0b0c67f3874c93a4a30d55dbb91ae5.png", "pose": [[-0.20818793773651123, 0.9780888557434082, 0.0, 2357.73193359375], [-0.9780888557434082, -0.20818793773651123, 0.0, 1027.3157958984375], [0.0, 0.0, 1.0, 0.0], [0.0, 0.0, 0.0, 1.0]], "pose_inverse": [[-0.20818793773651123, -0.9780888557434082, 0.0, 1495.657470703125], [0.9780888557434082, -0.20818793773651123, 0.0, -2092.196533203125], [0.0, 0.0, 1.0, 0.0], [0.0, 0.0, 0.0, 1.0]], "cam_ids": [0, 1, 2, 3, 4, 5], "cam_channels": ["CAM_FRONT_LEFT", "CAM_FRONT", "CAM_FRONT_RIGHT", "CAM_BACK_LEFT", "CAM_BACK", "CAM_BACK_RIGHT"], "token": "ce0b0c67f3874c93a4a30d55dbb91ae5", "scene": "scene-0632"}, {"images": ["samples/CAM_FRONT_LEFT/n008-2018-09-18-14-35-12-0400__CAM_FRONT_LEFT__1537295989504799.jpg", "samples/CAM_FRONT/n008-2018-09-18-14-35-12-0400__CAM_FRONT__1537295989512404.jpg", "samples/CAM_FRONT_RIGHT/n008-2018-09-18-14-35-12-0400__CAM_FRONT_RIGHT__1537295989520482.jpg", "samples/CAM_BACK_LEFT/n008-2018-09-18-14-35-12-0400__CAM_BACK_LEFT__1537295989547405.jpg", "samples/CAM_BACK/n008-2018-09-18-14-35-12-0400__CAM_BACK__1537295989537558.jpg", "samples/CAM_BACK_RIGHT/n008-2018-09-18-14-35-12-0400__CAM_BACK_RIGHT__1537295989528113.jpg"], "intrinsics": [[[1257.8625342125129, 0.0, 827.2410631095686], [0.0, 1257.8625342125129, 450.915498205774], [0.0, 0.0, 1.0]], [[1252.8131021185304, 0.0, 826.588114781398], [0.0, 1252.8131021185304, 469.9846626224581], [0.0, 0.0, 1.0]], [[1256.7485116440405, 0.0, 817.7887570959712], [0.0, 1256.7485116440403, 451.9541780095127], [0.0, 0.0, 1.0]], [[1254.9860565800168, 0.0, 829.5769333630991], [0.0, 1254.9860565800168, 467.1680561863987], [0.0, 0.0, 1.0]], [[796.8910634503094, 0.0, 857.7774326863696], [0.0, 796.8910634503094, 476.8848988407415], [0.0, 0.0, 1.0]], [[1249.9629280788233, 0.0, 825.3768045375984], [0.0, 1249.9629280788233, 462.54816385708756], [0.0, 0.0, 1.0]]], "extrinsics": [[[0.8291163444519043, -0.5588710308074951, 0.015147294849157333, -0.835693359375], [0.0064452108927071095, -0.017536824569106102, -0.9998254179954529, 1.4895706176757812], [0.5590391159057617, 0.8290692567825317, -0.010938025079667568, -1.21484375], [0.0, 0.0, 0.0, 1.0]], [[0.019816862419247627, -0.9995609521865845, 0.022024977952241898, 0.005859375], [0.00840491522103548, -0.021861974149942398, -0.9997256994247437, 1.481536865234375], [0.9997683167457581, 0.01999654434621334, 0.007967988960444927, -1.5633544921875], [0.0, 0.0, 0.0, 1.0]], [[-0.8399741649627686, -0.5426189303398132, 0.002865041606128216, 0.976470947265625], [0.016446437686681747, -0.030735908076167107, -0.9993922114372253, 1.4951858520507812], [0.5423771739006042, -0.83941650390625, 0.034741513431072235, -1.20751953125], [0.0, 0.0, 0.0, 1.0]], [[0.9478737115859985, 0.3183499276638031, -0.013743613846600056, -1.135009765625], [-0.008934840559959412, -0.01656065322458744, -0.9998229146003723, 1.5619163513183594], [-0.3185212016105652, 0.9478285908699036, -0.012853000313043594, -0.156005859375], [0.0, 0.0, 0.0, 1.0]], [[0.0061903768219053745, 0.9996980428695679, -0.023782378062605858, -0.0262451171875], [-0.006743511185050011, -0.023740557953715324, -0.999695360660553, 1.5676498413085938], [-0.9999581575393677, 0.006348866969347, 0.006594510283321142, -0.0098876953125], [0.0, 0.0, 0.0, 1.0]], [[-0.9258207678794861, 0.37765729427337646, -0.015198055654764175, 1.070556640625], [-0.0024261518847197294, -0.0461476631462574, -0.9989316463470459, 1.5474319458007812], [-0.3779551684856415, -0.9247947931289673, 0.04364071413874626, -0.083740234375], [0.0, 0.0, 0.0, 1.0]]], "view": [[0.0, -2.0, 100.0], [-2.0, 0.0, 100.0], [0.0, 0.0, 1.0]], "bev": "bev_4483f3a6e27e401cac5cbea3035e3ff2.png", "aux": "aux_4483f3a6e27e401cac5cbea3035e3ff2.npz", "visibility": "visibility_4483f3a6e27e401cac5cbea3035e3ff2.png", "pose": [[-0.3359893560409546, 0.9418658018112183, 0.0, 2357.0791015625], [-0.9418658018112183, -0.3359893560409546, 0.0, 1025.044189453125], [0.0, 0.0, 1.0, 0.0], [0.0, 0.0, 0.0, 1.0]], "pose_inverse": [[-0.3359893560409546, -0.9418658018112183, 0.0, 1757.4075927734375], [0.9418658018112183, -0.3359893560409546, 0.0, -1875.648193359375], [0.0, 0.0, 1.0, 0.0], [0.0, 0.0, 0.0, 1.0]], "cam_ids": [0, 1, 2, 3, 4, 5], "cam_channels": ["CAM_FRONT_LEFT", "CAM_FRONT", "CAM_FRONT_RIGHT", "CAM_BACK_LEFT", "CAM_BACK", "CAM_BACK_RIGHT"], "token": "4483f3a6e27e401cac5cbea3035e3ff2", "scene": "scene-0632"}, {"images": ["samples/CAM_FRONT_LEFT/n008-2018-09-18-14-35-12-0400__CAM_FRONT_LEFT__1537295990104799.jpg", "samples/CAM_FRONT/n008-2018-09-18-14-35-12-0400__CAM_FRONT__1537295990112404.jpg", "samples/CAM_FRONT_RIGHT/n008-2018-09-18-14-35-12-0400__CAM_FRONT_RIGHT__1537295990120482.jpg", "samples/CAM_BACK_LEFT/n008-2018-09-18-14-35-12-0400__CAM_BACK_LEFT__1537295990147405.jpg", "samples/CAM_BACK/n008-2018-09-18-14-35-12-0400__CAM_BACK__1537295990137558.jpg", "samples/CAM_BACK_RIGHT/n008-2018-09-18-14-35-12-0400__CAM_BACK_RIGHT__1537295990128113.jpg"], "intrinsics": [[[1257.8625342125129, 0.0, 827.2410631095686], [0.0, 1257.8625342125129, 450.915498205774], [0.0, 0.0, 1.0]], [[1252.8131021185304, 0.0, 826.588114781398], [0.0, 1252.8131021185304, 469.9846626224581], [0.0, 0.0, 1.0]], [[1256.7485116440405, 0.0, 817.7887570959712], [0.0, 1256.7485116440403, 451.9541780095127], [0.0, 0.0, 1.0]], [[1254.9860565800168, 0.0, 829.5769333630991], [0.0, 1254.9860565800168, 467.1680561863987], [0.0, 0.0, 1.0]], [[796.8910634503094, 0.0, 857.7774326863696], [0.0, 796.8910634503094, 476.8848988407415], [0.0, 0.0, 1.0]], [[1249.9629280788233, 0.0, 825.3768045375984], [0.0, 1249.9629280788233, 462.54816385708756], [0.0, 0.0, 1.0]]], "extrinsics": [[[0.8291552066802979, -0.5586613416671753, 0.019976766780018806, -0.84375], [0.00936128944158554, -0.021854301914572716, -0.9997173547744751, 1.4900131225585938], [0.5589399933815002, 0.8291078805923462, -0.01289081946015358, -1.2158966064453125], [0.0, 0.0, 0.0, 1.0]], [[0.019735462963581085, -0.9994542598724365, 0.026488374918699265, 0.0023193359375], [0.011325295083224773, -0.026268361136317253, -0.9995908141136169, 1.48187255859375], [0.9997411370277405, 0.020027419552206993, 0.010800696909427643, -1.56982421875], [0.0, 0.0, 0.0, 1.0]], [[-0.8400346040725708, -0.5425254106521606, 0.0028462714981287718, 0.9798583984375], [0.019370123744010925, -0.03523437678813934, -0.9991912841796875, 1.4953460693359375], [0.542186975479126, -0.8393002152442932, 0.0401068814098835, -1.21337890625], [0.0, 0.0, 0.0, 1.0]], [[0.9480571746826172, 0.3178470730781555, -0.012681069783866405, -1.13818359375], [-0.006296643987298012, -0.021105796098709106, -0.9997574090957642, 1.5619373321533203], [-0.31803759932518005, 0.947907030582428, -0.01800813153386116, -0.153564453125], [0.0, 0.0, 0.0, 1.0]], [[0.0063352640718221664, 0.9995775818824768, -0.02836436592042446, -0.024658203125], [-0.0041032894514501095, -0.028338709846138954, -0.9995899200439453, 1.5677413940429688], [-0.9999715685844421, 0.006449003703892231, 0.003922022879123688, -0.005859375], [0.0, 0.0, 0.0, 1.0]], [[-0.9257476925849915, 0.3776400685310364, -0.019469214603304863, 1.075927734375], [0.00031579926144331694, -0.05071444809436798, -0.9987131357192993, 1.5475616455078125], [-0.3781414330005646, -0.9245625734329224, 0.04682953283190727, -0.083984375], [0.0, 0.0, 0.0, 1.0]]], "view": [[0.0, -2.0, 100.0], [-2.0, 0.0, 100.0], [0.0, 0.0, 1.0]], "bev": "bev_7d5b763cacaa4e21949c95eb445adfd8.png", "aux": "aux_7d5b763cacaa4e21949c95eb445adfd8.npz", "visibility": "visibility_7d5b763cacaa4e21949c95eb445adfd8.png", "pose": [[-0.4895493984222412, 0.8719755411148071, 0.0, 2355.939697265625], [-0.8719755411148071, -0.4895493984222412, 0.0, 1022.4808959960938], [0.0, 0.0, 1.0, 0.0], [0.0, 0.0, 0.0, 1.0]], "pose_inverse": [[-0.4895493984222412, -0.8719755411148071, 0.0, 2044.92724609375], [0.8719755411148071, -0.4895493984222412, 0.0, -1553.7669677734375], [0.0, 0.0, 1.0, 0.0], [0.0, 0.0, 0.0, 1.0]], "cam_ids": [0, 1, 2, 3, 4, 5], "cam_channels": ["CAM_FRONT_LEFT", "CAM_FRONT", "CAM_FRONT_RIGHT", "CAM_BACK_LEFT", "CAM_BACK", "CAM_BACK_RIGHT"], "token": "7d5b763cacaa4e21949c95eb445adfd8", "scene": "scene-0632"}, {"images": ["samples/CAM_FRONT_LEFT/n008-2018-09-18-14-35-12-0400__CAM_FRONT_LEFT__1537295990604799.jpg", "samples/CAM_FRONT/n008-2018-09-18-14-35-12-0400__CAM_FRONT__1537295990612404.jpg", "samples/CAM_FRONT_RIGHT/n008-2018-09-18-14-35-12-0400__CAM_FRONT_RIGHT__1537295990620482.jpg", "samples/CAM_BACK_LEFT/n008-2018-09-18-14-35-12-0400__CAM_BACK_LEFT__1537295990647405.jpg", "samples/CAM_BACK/n008-2018-09-18-14-35-12-0400__CAM_BACK__1537295990637558.jpg", "samples/CAM_BACK_RIGHT/n008-2018-09-18-14-35-12-0400__CAM_BACK_RIGHT__1537295990628113.jpg"], "intrinsics": [[[1257.8625342125129, 0.0, 827.2410631095686], [0.0, 1257.8625342125129, 450.915498205774], [0.0, 0.0, 1.0]], [[1252.8131021185304, 0.0, 826.588114781398], [0.0, 1252.8131021185304, 469.9846626224581], [0.0, 0.0, 1.0]], [[1256.7485116440405, 0.0, 817.7887570959712], [0.0, 1256.7485116440403, 451.9541780095127], [0.0, 0.0, 1.0]], [[1254.9860565800168, 0.0, 829.5769333630991], [0.0, 1254.9860565800168, 467.1680561863987], [0.0, 0.0, 1.0]], [[796.8910634503094, 0.0, 857.7774326863696], [0.0, 796.8910634503094, 476.8848988407415], [0.0, 0.0, 1.0]], [[1249.9629280788233, 0.0, 825.3768045375984], [0.0, 1249.9629280788233, 462.54816385708756], [0.0, 0.0, 1.0]]], "extrinsics": [[[0.8294727802276611, -0.5583230257034302, 0.01582452468574047, -0.831298828125], [0.007110193371772766, -0.01777450181543827, -0.9998167157173157, 1.4896888732910156], [0.5585020780563354, 0.829433262348175, -0.010773679241538048, -1.2070465087890625], [0.0, 0.0, 0.0, 1.0]], [[0.020112784579396248, -0.9995547533035278, 0.022038336843252182, 0.002197265625], [0.008850643411278725, -0.02186392806470394, -0.9997217655181885, 1.4815826416015625], [0.9997585415840149, 0.020302271470427513, 0.008406958542764187, -1.557861328125], [0.0, 0.0, 0.0, 1.0]], [[-0.8399542570114136, -0.5426515340805054, 0.0024819180835038424, 0.972900390625], [0.016743570566177368, -0.030487800016999245, -0.9993948936462402, 1.4951553344726562], [0.5423988103866577, -0.8394045233726501, 0.034694280475378036, -1.208984375], [0.0, 0.0, 0.0, 1.0]], [[0.9480329751968384, 0.3178912103176117, -0.013366205617785454, -1.1409912109375], [-0.00889395922422409, -0.015515696257352829, -0.9998400211334229, 1.5619709491729736], [-0.31804776191711426, 0.9480001926422119, -0.011882077902555466, -0.1531982421875], [0.0, 0.0, 0.0, 1.0]], [[0.0063397022895514965, 0.9997139573097229, -0.023061444982886314, -0.024658203125], [-0.006530026905238628, -0.023020030930638313, -0.999713659286499, 1.5676336288452148], [-0.9999586343765259, 0.006488465704023838, 0.006382218096405268, -0.006591796875], [0.0, 0.0, 0.0, 1.0]], [[-0.9257988929748535, 0.37769779562950134, -0.015515062026679516, 1.07177734375], [-0.0018984221387654543, -0.04568834975361824, -0.9989539384841919, 1.5473670959472656], [-0.378011554479599, -0.9248009920120239, 0.0430152527987957, -0.086212158203125], [0.0, 0.0, 0.0, 1.0]]], "view": [[0.0, -2.0, 100.0], [-2.0, 0.0, 100.0], [0.0, 0.0, 1.0]], "bev": "bev_b0e6fd5561454b2789c853e5350557a8.png", "aux": "aux_b0e6fd5561454b2789c853e5350557a8.npz", "visibility": "visibility_b0e6fd5561454b2789c853e5350557a8.png", "pose": [[-0.6152511239051819, 0.7883312106132507, 0.0, 2354.62548828125], [-0.7883312106132507, -0.6152511239051819, 0.0, 1020.4888916015625], [0.0, 0.0, 1.0, 0.0], [0.0, 0.0, 0.0, 1.0]], "pose_inverse": [[-0.6152511239051819, -0.7883312106132507, 0.0, 2253.169189453125], [0.7883312106132507, -0.6152511239051819, 0.0, -1228.3677978515625], [0.0, 0.0, 1.0, 0.0], [0.0, 0.0, 0.0, 1.0]], "cam_ids": [0, 1, 2, 3, 4, 5], "cam_channels": ["CAM_FRONT_LEFT", "CAM_FRONT", "CAM_FRONT_RIGHT", "CAM_BACK_LEFT", "CAM_BACK", "CAM_BACK_RIGHT"], "token": "b0e6fd5561454b2789c853e5350557a8", "scene": "scene-0632"}, {"images": ["samples/CAM_FRONT_LEFT/n008-2018-09-18-14-35-12-0400__CAM_FRONT_LEFT__1537295991104799.jpg", "samples/CAM_FRONT/n008-2018-09-18-14-35-12-0400__CAM_FRONT__1537295991112404.jpg", "samples/CAM_FRONT_RIGHT/n008-2018-09-18-14-35-12-0400__CAM_FRONT_RIGHT__1537295991120482.jpg", "samples/CAM_BACK_LEFT/n008-2018-09-18-14-35-12-0400__CAM_BACK_LEFT__1537295991147405.jpg", "samples/CAM_BACK/n008-2018-09-18-14-35-12-0400__CAM_BACK__1537295991137558.jpg", "samples/CAM_BACK_RIGHT/n008-2018-09-18-14-35-12-0400__CAM_BACK_RIGHT__1537295991128113.jpg"], "intrinsics": [[[1257.8625342125129, 0.0, 827.2410631095686], [0.0, 1257.8625342125129, 450.915498205774], [0.0, 0.0, 1.0]], [[1252.8131021185304, 0.0, 826.588114781398], [0.0, 1252.8131021185304, 469.9846626224581], [0.0, 0.0, 1.0]], [[1256.7485116440405, 0.0, 817.7887570959712], [0.0, 1256.7485116440403, 451.9541780095127], [0.0, 0.0, 1.0]], [[1254.9860565800168, 0.0, 829.5769333630991], [0.0, 1254.9860565800168, 467.1680561863987], [0.0, 0.0, 1.0]], [[796.8910634503094, 0.0, 857.7774326863696], [0.0, 796.8910634503094, 476.8848988407415], [0.0, 0.0, 1.0]], [[1249.9629280788233, 0.0, 825.3768045375984], [0.0, 1249.9629280788233, 462.54816385708756], [0.0, 0.0, 1.0]]], "extrinsics": [[[0.8295887112617493, -0.5579892992973328, 0.02074945531785488, -0.830078125], [0.008805613033473492, -0.02408217079937458, -0.9996711611747742, 1.4900474548339844], [0.5583056211471558, 0.8294986486434937, -0.015064860694110394, -1.20849609375], [0.0, 0.0, 0.0, 1.0]], [[0.020254218950867653, -0.9993882775306702, 0.028510741889476776, 0.0037841796875], [0.010738239623606205, -0.02829749695956707, -0.9995418787002563, 1.4819145202636719], [0.9997371435165405, 0.020551085472106934, 0.01015852764248848, -1.55810546875], [0.0, 0.0, 0.0, 1.0]], [[-0.839884340763092, -0.5427479147911072, 0.004363420885056257, 0.9747314453125], [0.018749618902802467, -0.03704698011279106, -0.9991376399993896, 1.495452880859375], [0.5424414873123169, -0.8390781879425049, 0.041291493922472, -1.2076416015625], [0.0, 0.0, 0.0, 1.0]], [[0.9479506015777588, 0.3181251883506775, -0.01363659929484129, -1.1429443359375], [-0.006893034093081951, -0.022313933819532394, -0.9997272491455078, 1.5620007514953613], [-0.31834274530410767, 0.9477860927581787, -0.018959660083055496, -0.154541015625], [0.0, 0.0, 0.0, 1.0]], [[0.006257141940295696, 0.9995377659797668, -0.02974970079958439, -0.0264892578125], [-0.004646260756999254, -0.02972090244293213, -0.9995474219322205, 1.567763328552246], [-0.9999696612358093, 0.0063924663700163364, 0.0044581471011042595, -0.005615234375], [0.0, 0.0, 0.0, 1.0]], [[-0.9258217811584473, 0.37745732069015503, -0.019493764266371727, 1.07177734375], [-0.0002916165685746819, -0.05228957533836365, -0.9986318945884705, 1.547607421875], [-0.3779602348804474, -0.9245495200157166, 0.04852089658379555, -0.08354949951171875], [0.0, 0.0, 0.0, 1.0]]], "view": [[0.0, -2.0, 100.0], [-2.0, 0.0, 100.0], [0.0, 0.0, 1.0]], "bev": "bev_20fdb20b4ca148b9bca502ca7c196190.png", "aux": "aux_20fdb20b4ca148b9bca502ca7c196190.npz", "visibility": "visibility_20fdb20b4ca148b9bca502ca7c196190.png", "pose": [[-0.7266398668289185, 0.6870185732841492, 0.0, 2352.9677734375], [-0.6870185732841492, -0.7266398668289185, 0.0, 1018.6283569335938], [0.0, 0.0, 1.0, 0.0], [0.0, 0.0, 0.0, 1.0]], "pose_inverse": [[-0.7266398668289185, -0.6870185732841492, 0.0, 2409.57666015625], [0.6870185732841492, -0.7266398668289185, 0.0, -876.3566284179688], [0.0, 0.0, 1.0, 0.0], [0.0, 0.0, 0.0, 1.0]], "cam_ids": [0, 1, 2, 3, 4, 5], "cam_channels": ["CAM_FRONT_LEFT", "CAM_FRONT", "CAM_FRONT_RIGHT", "CAM_BACK_LEFT", "CAM_BACK", "CAM_BACK_RIGHT"], "token": "20fdb20b4ca148b9bca502ca7c196190", "scene": "scene-0632"}, {"images": ["samples/CAM_FRONT_LEFT/n008-2018-09-18-14-35-12-0400__CAM_FRONT_LEFT__1537295991604799.jpg", "samples/CAM_FRONT/n008-2018-09-18-14-35-12-0400__CAM_FRONT__1537295991612404.jpg", "samples/CAM_FRONT_RIGHT/n008-2018-09-18-14-35-12-0400__CAM_FRONT_RIGHT__1537295991620482.jpg", "samples/CAM_BACK_LEFT/n008-2018-09-18-14-35-12-0400__CAM_BACK_LEFT__1537295991647405.jpg", "samples/CAM_BACK/n008-2018-09-18-14-35-12-0400__CAM_BACK__1537295991637558.jpg", "samples/CAM_BACK_RIGHT/n008-2018-09-18-14-35-12-0400__CAM_BACK_RIGHT__1537295991628113.jpg"], "intrinsics": [[[1257.8625342125129, 0.0, 827.2410631095686], [0.0, 1257.8625342125129, 450.915498205774], [0.0, 0.0, 1.0]], [[1252.8131021185304, 0.0, 826.588114781398], [0.0, 1252.8131021185304, 469.9846626224581], [0.0, 0.0, 1.0]], [[1256.7485116440405, 0.0, 817.7887570959712], [0.0, 1256.7485116440403, 451.9541780095127], [0.0, 0.0, 1.0]], [[1254.9860565800168, 0.0, 829.5769333630991], [0.0, 1254.9860565800168, 467.1680561863987], [0.0, 0.0, 1.0]], [[796.8910634503094, 0.0, 857.7774326863696], [0.0, 796.8910634503094, 476.8848988407415], [0.0, 0.0, 1.0]], [[1249.9629280788233, 0.0, 825.3768045375984], [0.0, 1249.9629280788233, 462.54816385708756], [0.0, 0.0, 1.0]]], "extrinsics": [[[0.8294610381126404, -0.5582354068756104, 0.01917535625398159, -0.82568359375], [0.007063549943268299, -0.023843862116336823, -0.9996907114982605, 1.4897346496582031], [0.5585199594497681, 0.8293399214744568, -0.01583443023264408, -1.20703125], [0.0, 0.0, 0.0, 1.0]], [[0.020291810855269432, -0.9993975162506104, 0.028154587373137474, 0.005126953125], [0.009079322218894958, -0.02797502465546131, -0.9995673894882202, 1.481689453125], [0.9997528195381165, 0.02053866535425186, 0.00850619189441204, -1.5546875], [0.0, 0.0, 0.0, 1.0]], [[-0.8397975564002991, -0.5428721308708191, 0.005466430447995663, 0.9727783203125], [0.01718144863843918, -0.036640096455812454, -0.999180793762207, 1.4953269958496094], [0.5426278114318848, -0.8390156626701355, 0.040097594261169434, -1.2054443359375], [0.0, 0.0, 0.0, 1.0]], [[0.9479231834411621, 0.31816208362579346, -0.014647313393652439, -1.14404296875], [-0.008093560114502907, -0.021910985931754112, -0.9997271299362183, 1.5620107650756836], [-0.3183962404727936, 0.9477830529212952, -0.01819486916065216, -0.154052734375], [0.0, 0.0, 0.0, 1.0]], [[0.006229360122233629, 0.9995512366294861, -0.02930145524442196, -0.026611328125], [-0.005981745198369026, -0.02926425077021122, -0.9995537996292114, 1.5677053928375244], [-0.9999626278877258, 0.0064018238335847855, 0.005796761717647314, -0.006103515625], [0.0, 0.0, 0.0, 1.0]], [[-0.9258798360824585, 0.37739163637161255, -0.01794341765344143, 1.070068359375], [-0.0017788023687899113, -0.051845911890268326, -0.9986535310745239, 1.5474853515625], [-0.37781381607055664, -0.9246012568473816, 0.048674389719963074, -0.083770751953125], [0.0, 0.0, 0.0, 1.0]]], "view": [[0.0, -2.0, 100.0], [-2.0, 0.0, 100.0], [0.0, 0.0, 1.0]], "bev": "bev_fe4272b3476c45c8a3704e977b85d409.png", "aux": "aux_fe4272b3476c45c8a3704e977b85d409.npz", "visibility": "visibility_fe4272b3476c45c8a3704e977b85d409.png", "pose": [[-0.8222772479057312, 0.5690870881080627, 0.0, 2351.02490234375], [-0.5690870881080627, -0.8222772479057312, 0.0, 1017.03466796875], [0.0, 0.0, 1.0, 0.0], [0.0, 0.0, 0.0, 1.0]], "pose_inverse": [[-0.8222772479057312, -0.5690870881080627, 0.0, 2511.9755859375], [0.5690870881080627, -0.8222772479057312, 0.0, -501.6534729003906], [0.0, 0.0, 1.0, 0.0], [0.0, 0.0, 0.0, 1.0]], "cam_ids": [0, 1, 2, 3, 4, 5], "cam_channels": ["CAM_FRONT_LEFT", "CAM_FRONT", "CAM_FRONT_RIGHT", "CAM_BACK_LEFT", "CAM_BACK", "CAM_BACK_RIGHT"], "token": "fe4272b3476c45c8a3704e977b85d409", "scene": "scene-0632"}, {"images": ["samples/CAM_FRONT_LEFT/n008-2018-09-18-14-35-12-0400__CAM_FRONT_LEFT__1537295992104799.jpg", "samples/CAM_FRONT/n008-2018-09-18-14-35-12-0400__CAM_FRONT__1537295992112404.jpg", "samples/CAM_FRONT_RIGHT/n008-2018-09-18-14-35-12-0400__CAM_FRONT_RIGHT__1537295992120482.jpg", "samples/CAM_BACK_LEFT/n008-2018-09-18-14-35-12-0400__CAM_BACK_LEFT__1537295992147405.jpg", "samples/CAM_BACK/n008-2018-09-18-14-35-12-0400__CAM_BACK__1537295992137558.jpg", "samples/CAM_BACK_RIGHT/n008-2018-09-18-14-35-12-0400__CAM_BACK_RIGHT__1537295992128113.jpg"], "intrinsics": [[[1257.8625342125129, 0.0, 827.2410631095686], [0.0, 1257.8625342125129, 450.915498205774], [0.0, 0.0, 1.0]], [[1252.8131021185304, 0.0, 826.588114781398], [0.0, 1252.8131021185304, 469.9846626224581], [0.0, 0.0, 1.0]], [[1256.7485116440405, 0.0, 817.7887570959712], [0.0, 1256.7485116440403, 451.9541780095127], [0.0, 0.0, 1.0]], [[1254.9860565800168, 0.0, 829.5769333630991], [0.0, 1254.9860565800168, 467.1680561863987], [0.0, 0.0, 1.0]], [[796.8910634503094, 0.0, 857.7774326863696], [0.0, 796.8910634503094, 476.8848988407415], [0.0, 0.0, 1.0]], [[1249.9629280788233, 0.0, 825.3768045375984], [0.0, 1249.9629280788233, 462.54816385708756], [0.0, 0.0, 1.0]]], "extrinsics": [[[0.8292900323867798, -0.5585147142410278, 0.01842360757291317, -0.826904296875], [0.006660552229732275, -0.02308759279549122, -0.999711275100708, 1.4896221160888672], [0.5587788224220276, 0.8291732668876648, -0.015426293946802616, -1.20703125], [0.0, 0.0, 0.0, 1.0]], [[0.02005723863840103, -0.9994293451309204, 0.027180027216672897, 0.004241943359375], [0.008163428865373135, -0.027020880952477455, -0.9996015429496765, 1.4815082550048828], [0.9997655153274536, 0.020271144807338715, 0.00761680630967021, -1.554443359375], [0.0, 0.0, 0.0, 1.0]], [[-0.8398875594139099, -0.542727530002594, 0.005982967093586922, 0.970947265625], [0.01580483838915825, -0.03547403961420059, -0.9992455840110779, 1.4951171875], [0.542530357837677, -0.839159369468689, 0.03837192431092262, -1.205810546875], [0.0, 0.0, 0.0, 1.0]], [[0.9478490352630615, 0.3183916509151459, -0.01445658877491951, -1.138671875], [-0.008533069863915443, -0.019991455599665642, -0.9997637271881104, 1.5619487762451172], [-0.3186054527759552, 0.9477484226226807, -0.016232024878263474, -0.154541015625], [0.0, 0.0, 0.0, 1.0]], [[0.0061320895329117775, 0.9995983242988586, -0.027669459581375122, -0.0254669189453125], [-0.006774315610527992, -0.027627818286418915, -0.9995952844619751, 1.5676078796386719], [-0.9999582767486572