[{"images": ["samples/CAM_FRONT_LEFT/n008-2018-09-18-13-41-50-0400__CAM_FRONT_LEFT__1537293216254799.jpg", "samples/CAM_FRONT/n008-2018-09-18-13-41-50-0400__CAM_FRONT__1537293216262404.jpg", "samples/CAM_FRONT_RIGHT/n008-2018-09-18-13-41-50-0400__CAM_FRONT_RIGHT__1537293216270482.jpg", "samples/CAM_BACK_LEFT/n008-2018-09-18-13-41-50-0400__CAM_BACK_LEFT__1537293216297405.jpg", "samples/CAM_BACK/n008-2018-09-18-13-41-50-0400__CAM_BACK__1537293216287558.jpg", "samples/CAM_BACK_RIGHT/n008-2018-09-18-13-41-50-0400__CAM_BACK_RIGHT__1537293216278113.jpg"], "intrinsics": [[[1257.8625342125129, 0.0, 827.2410631095686], [0.0, 1257.8625342125129, 450.915498205774], [0.0, 0.0, 1.0]], [[1252.8131021185304, 0.0, 826.588114781398], [0.0, 1252.8131021185304, 469.9846626224581], [0.0, 0.0, 1.0]], [[1256.7485116440405, 0.0, 817.7887570959712], [0.0, 1256.7485116440403, 451.9541780095127], [0.0, 0.0, 1.0]], [[1254.9860565800168, 0.0, 829.5769333630991], [0.0, 1254.9860565800168, 467.1680561863987], [0.0, 0.0, 1.0]], [[796.8910634503094, 0.0, 857.7774326863696], [0.0, 796.8910634503094, 476.8848988407415], [0.0, 0.0, 1.0]], [[1249.9629280788233, 0.0, 825.3768045375984], [0.0, 1249.9629280788233, 462.54816385708756], [0.0, 0.0, 1.0]]], "extrinsics": [[[0.821969211101532, -0.5690984725952148, 0.022218575701117516, -0.86114501953125], [0.027318529784679413, 0.0004299896245356649, -0.9996266961097717, 1.493049144744873], [0.5688764452934265, 0.8222693204879761, 0.015900369733572006, -1.2354736328125], [0.0, 0.0, 0.0, 1.0]], [[0.009772847406566143, -0.9999449253082275, 0.003830381901934743, 0.008056640625], [0.02915199287235737, -0.00354402931407094, -0.99956876039505, 1.484410285949707], [0.9995272159576416, 0.00988035462796688, 0.029115751385688782, -1.5892181396484375], [0.0, 0.0, 0.0, 1.0]], [[-0.8438065052032471, -0.5360748767852783, -0.024784164503216743, 0.993896484375], [0.03702308610081673, -0.012078454717993736, -0.9992413520812988, 1.4973506927490234], [0.5353689193725586, -0.8440840244293213, 0.030039023607969284, -1.2152099609375], [0.0, 0.0, 0.0, 1.0]], [[0.9477907419204712, 0.31867849826812744, 0.011694838292896748, -1.13214111328125], [0.011107807978987694, 0.0036593687254935503, -0.9999315738677979, 1.5621776580810547], [-0.318699449300766, 0.9478558301925659, -7.150181045290083e-05, -0.16015625], [0.0, 0.0, 0.0, 1.0]], [[0.009335203096270561, 0.9999486207962036, -0.003961250651627779, -0.0283203125], [0.013419361785054207, -0.004086344502866268, -0.9999015927314758, 1.5687413215637207], [-0.9998664259910583, 0.00928113330155611, -0.013456818647682667, -0.00634765625], [0.0, 0.0, 0.0, 1.0]], [[-0.9233108162879944, 0.38311779499053955, -0.026793599128723145, 1.08050537109375], [0.017806293442845345, -0.026986083015799522, -0.999477207660675, 1.5493698120117188], [-0.3836405575275421, -0.9233052134513855, 0.018094634637236595, -0.0762939453125], [0.0, 0.0, 0.0, 1.0]]], "view": [[0.0, -2.0, 100.0], [-2.0, 0.0, 100.0], [0.0, 0.0, 1.0]], "bev": "bev_6ceb0ebc7d534262ac10a9787bf1c14b.png", "aux": "aux_6ceb0ebc7d534262ac10a9787bf1c14b.npz", "visibility": "visibility_6ceb0ebc7d534262ac10a9787bf1c14b.png", "pose": [[0.710512638092041, 0.7036844491958618, 0.0, 1449.73583984375], [-0.7036844491958618, 0.710512638092041, 0.0, 1246.129150390625], [0.0, 0.0, 1.0, 0.0], [0.0, 0.0, 0.0, 1.0]], "pose_inverse": [[0.710512638092041, -0.7036844491958618, 0.0, -153.17391967773438], [0.7036844491958618, 0.710512638092041, 0.0, -1905.547119140625], [0.0, 0.0, 1.0, 0.0], [0.0, 0.0, 0.0, 1.0]], "cam_ids": [0, 1, 2, 3, 4, 5], "cam_channels": ["CAM_FRONT_LEFT", "CAM_FRONT", "CAM_FRONT_RIGHT", "CAM_BACK_LEFT", "CAM_BACK", "CAM_BACK_RIGHT"], "token": "6ceb0ebc7d534262ac10a9787bf1c14b", "scene": "scene-0597"}, {"images": ["samples/CAM_FRONT_LEFT/n008-2018-09-18-13-41-50-0400__CAM_FRONT_LEFT__1537293216754799.jpg", "samples/CAM_FRONT/n008-2018-09-18-13-41-50-0400__CAM_FRONT__1537293216762404.jpg", "samples/CAM_FRONT_RIGHT/n008-2018-09-18-13-41-50-0400__CAM_FRONT_RIGHT__1537293216770482.jpg", "samples/CAM_BACK_LEFT/n008-2018-09-18-13-41-50-0400__CAM_BACK_LEFT__1537293216797405.jpg", "samples/CAM_BACK/n008-2018-09-18-13-41-50-0400__CAM_BACK__1537293216787558.jpg", "samples/CAM_BACK_RIGHT/n008-2018-09-18-13-41-50-0400__CAM_BACK_RIGHT__1537293216778113.jpg"], "intrinsics": [[[1257.8625342125129, 0.0, 827.2410631095686], [0.0, 1257.8625342125129, 450.915498205774], [0.0, 0.0, 1.0]], [[1252.8131021185304, 0.0, 826.588114781398], [0.0, 1252.8131021185304, 469.9846626224581], [0.0, 0.0, 1.0]], [[1256.7485116440405, 0.0, 817.7887570959712], [0.0, 1256.7485116440403, 451.9541780095127], [0.0, 0.0, 1.0]], [[1254.9860565800168, 0.0, 829.5769333630991], [0.0, 1254.9860565800168, 467.1680561863987], [0.0, 0.0, 1.0]], [[796.8910634503094, 0.0, 857.7774326863696], [0.0, 796.8910634503094, 476.8848988407415], [0.0, 0.0, 1.0]], [[1249.9629280788233, 0.0, 825.3768045375984], [0.0, 1249.9629280788233, 462.54816385708756], [0.0, 0.0, 1.0]]], "extrinsics": [[[0.8219550848007202, -0.5695218443870544, 0.005901793949306011, -0.83221435546875], [0.016893358901143074, 0.014020903967320919, -0.9997589588165283, 1.4918270111083984], [0.5693019032478333, 0.8218566179275513, 0.021145688369870186, -1.21435546875], [0.0, 0.0, 0.0, 1.0]], [[0.00951819121837616, -0.9999040961265564, -0.010057550854980946, 0.0074462890625], [0.018620744347572327, 0.010233496315777302, -0.9997742772102356, 1.4834136962890625], [0.9997813105583191, 0.009328730404376984, 0.018716363236308098, -1.560089111328125], [0.0, 0.0, 0.0, 1.0]], [[-0.8441442251205444, -0.5356082320213318, -0.023330438882112503, 0.9747314453125], [0.02643478475511074, 0.0018809856846928596, -0.9996487498283386, 1.4967045783996582], [0.5354639887809753, -0.8444645404815674, 0.012570863589644432, -1.20361328125], [0.0, 0.0, 0.0, 1.0]], [[0.9478949308395386, 0.3185235857963562, 0.006144150625914335, -1.12969970703125], [0.0003436736005824059, 0.01826350949704647, -0.9998331069946289, 1.5620536804199219], [-0.3185826241970062, 0.9477390050888062, 0.01720242202281952, -0.16064453125], [0.0, 0.0, 0.0, 1.0]], [[0.009401115588843822, 0.9999027252197266, 0.010296763852238655, -0.028564453125], [0.002747380407527089, 0.010271352715790272, -0.9999434351921082, 1.5682239532470703], [-0.9999520182609558, 0.009428885765373707, -0.0026505524292588234, -0.0151214599609375], [0.0, 0.0, 0.0, 1.0]], [[-0.9234797358512878, 0.3834725022315979, -0.011579449288547039, 1.0657958984375], [0.00720067135989666, -0.012852340936660767, -0.999891459941864, 1.548553466796875], [-0.38357970118522644, -0.9234628081321716, 0.009107616730034351, -0.082763671875], [0.0, 0.0, 0.0, 1.0]]], "view": [[0.0, -2.0, 100.0], [-2.0, 0.0, 100.0], [0.0, 0.0, 1.0]], "bev": "bev_beea5eb9132444e3894f494028134218.png", "aux": "aux_beea5eb9132444e3894f494028134218.npz", "visibility": "visibility_beea5eb9132444e3894f494028134218.png", "pose": [[0.719017744064331, 0.6949917078018188, 0.0, 1451.2783203125], [-0.6949917078018188, 0.719017744064331, 0.0, 1244.616455078125], [0.0, 0.0, 1.0, 0.0], [0.0, 0.0, 0.0, 1.0]], "pose_inverse": [[0.719017744064331, -0.6949917078018188, 0.0, -178.49668884277344], [0.6949917078018188, 0.719017744064331, 0.0, -1903.5277099609375], [0.0, 0.0, 1.0, 0.0], [0.0, 0.0, 0.0, 1.0]], "cam_ids": [0, 1, 2, 3, 4, 5], "cam_channels": ["CAM_FRONT_LEFT", "CAM_FRONT", "CAM_FRONT_RIGHT", "CAM_BACK_LEFT", "CAM_BACK", "CAM_BACK_RIGHT"], "token": "beea5eb9132444e3894f494028134218", "scene": "scene-0597"}, {"images": ["samples/CAM_FRONT_LEFT/n008-2018-09-18-13-41-50-0400__CAM_FRONT_LEFT__1537293217254799.jpg", "samples/CAM_FRONT/n008-2018-09-18-13-41-50-0400__CAM_FRONT__1537293217262404.jpg", "samples/CAM_FRONT_RIGHT/n008-2018-09-18-13-41-50-0400__CAM_FRONT_RIGHT__1537293217270482.jpg", "samples/CAM_BACK_LEFT/n008-2018-09-18-13-41-50-0400__CAM_BACK_LEFT__1537293217297405.jpg", "samples/CAM_BACK/n008-2018-09-18-13-41-50-0400__CAM_BACK__1537293217287558.jpg", "samples/CAM_BACK_RIGHT/n008-2018-09-18-13-41-50-0400__CAM_BACK_RIGHT__1537293217278113.jpg"], "intrinsics": [[[1257.8625342125129, 0.0, 827.2410631095686], [0.0, 1257.8625342125129, 450.915498205774], [0.0, 0.0, 1.0]], [[1252.8131021185304, 0.0, 826.588114781398], [0.0, 1252.8131021185304, 469.9846626224581], [0.0, 0.0, 1.0]], [[1256.7485116440405, 0.0, 817.7887570959712], [0.0, 1256.7485116440403, 451.9541780095127], [0.0, 0.0, 1.0]], [[1254.9860565800168, 0.0, 829.5769333630991], [0.0, 1254.9860565800168, 467.1680561863987], [0.0, 0.0, 1.0]], [[796.8910634503094, 0.0, 857.7774326863696], [0.0, 796.8910634503094, 476.8848988407415], [0.0, 0.0, 1.0]], [[1249.9629280788233, 0.0, 825.3768045375984], [0.0, 1249.9629280788233, 462.54816385708756], [0.0, 0.0, 1.0]]], "extrinsics": [[[0.8219277858734131, -0.569555938243866, 0.006383408326655626, -0.81640625], [0.01676974818110466, 0.012995300814509392, -0.9997748732566833, 1.4920997619628906], [0.5693448185920715, 0.8218498826026917, 0.020232507959008217, -1.204833984375], [0.0, 0.0, 0.0, 1.0]], [[0.009474866092205048, -0.9999179840087891, -0.008620387874543667, 0.0086669921875], [0.01883559674024582, 0.00879771076142788, -0.9997839331626892, 1.483724594116211], [0.9997777342796326, 0.009310475550591946, 0.01891740784049034, -1.5449676513671875], [0.0, 0.0, 0.0, 1.0]], [[-0.8441523909568787, -0.5356192588806152, -0.022777533158659935, 0.9656982421875], [0.026933949440717697, 6.14461096120067e-05, -0.9996371865272522, 1.4970765113830566], [0.5354263186454773, -0.844459593296051, 0.01437447126954794, -1.1968994140625], [0.0, 0.0, 0.0, 1.0]], [[0.9478411078453064, 0.31867313385009766, 0.00668213190510869, -1.1324462890625], [0.0018979811575263739, 0.015320866368710995, -0.9998807907104492, 1.5620651245117188], [-0.3187376856803894, 0.9477407932281494, 0.013916910625994205, -0.16015625], [0.0, 0.0, 0.0, 1.0]], [[0.009375235997140408, 0.999925971031189, 0.007759782951325178, -0.028564453125], [0.003905192483216524, 0.007723451126366854, -0.9999625086784363, 1.5682992935180664], [-0.9999485015869141, 0.009405167773365974, -0.00383249344304204, -0.017791748046875], [0.0, 0.0, 0.0, 1.0]], [[-0.9234609007835388, 0.3834690451622009, -0.013089170679450035, 1.05865478515625], [0.007944032549858093, -0.01499803364276886, -0.9998559951782227, 1.548696517944336], [-0.38361018896102905, -0.923431932926178, 0.010803807526826859, -0.085205078125], [0.0, 0.0, 0.0, 1.0]]], "view": [[0.0, -2.0, 100.0], [-2.0, 0.0, 100.0], [0.0, 0.0, 1.0]], "bev": "bev_f9d6cd854e6e4dc7b9b062e6ff77775e.png", "aux": "aux_f9d6cd854e6e4dc7b9b062e6ff77775e.npz", "visibility": "visibility_f9d6cd854e6e4dc7b9b062e6ff77775e.png", "pose": [[0.7264919281005859, 0.6871750354766846, 0.0, 1453.0267333984375], [-0.6871750354766846, 0.7264919281005859, 0.0, 1242.9237060546875], [0.0, 0.0, 1.0, 0.0], [0.0, 0.0, 0.0, 1.0]], "pose_inverse": [[0.7264919281005859, -0.6871750354766846, 0.0, -201.5060272216797], [0.6871750354766846, 0.7264919281005859, 0.0, -1901.4576416015625], [0.0, 0.0, 1.0, 0.0], [0.0, 0.0, 0.0, 1.0]], "cam_ids": [0, 1, 2, 3, 4, 5], "cam_channels": ["CAM_FRONT_LEFT", "CAM_FRONT", "CAM_FRONT_RIGHT", "CAM_BACK_LEFT", "CAM_BACK", "CAM_BACK_RIGHT"], "token": "f9d6cd854e6e4dc7b9b062e6ff77775e", "scene": "scene-0597"}, {"images": ["samples/CAM_FRONT_LEFT/n008-2018-09-18-13-41-50-0400__CAM_FRONT_LEFT__1537293217754799.jpg", "samples/CAM_FRONT/n008-2018-09-18-13-41-50-0400__CAM_FRONT__1537293217762404.jpg", "samples/CAM_FRONT_RIGHT/n008-2018-09-18-13-41-50-0400__CAM_FRONT_RIGHT__1537293217770482.jpg", "samples/CAM_BACK_LEFT/n008-2018-09-18-13-41-50-0400__CAM_BACK_LEFT__1537293217797405.jpg", "samples/CAM_BACK/n008-2018-09-18-13-41-50-0400__CAM_BACK__1537293217787558.jpg", "samples/CAM_BACK_RIGHT/n008-2018-09-18-13-41-50-0400__CAM_BACK_RIGHT__1537293217778113.jpg"], "intrinsics": [[[1257.8625342125129, 0.0, 827.2410631095686], [0.0, 1257.8625342125129, 450.915498205774], [0.0, 0.0, 1.0]], [[1252.8131021185304, 0.0, 826.588114781398], [0.0, 1252.8131021185304, 469.9846626224581], [0.0, 0.0, 1.0]], [[1256.7485116440405, 0.0, 817.7887570959712], [0.0, 1256.7485116440403, 451.9541780095127], [0.0, 0.0, 1.0]], [[1254.9860565800168, 0.0, 829.5769333630991], [0.0, 1254.9860565800168, 467.1680561863987], [0.0, 0.0, 1.0]], [[796.8910634503094, 0.0, 857.7774326863696], [0.0, 796.8910634503094, 476.8848988407415], [0.0, 0.0, 1.0]], [[1249.9629280788233, 0.0, 825.3768045375984], [0.0, 1249.9629280788233, 462.54816385708756], [0.0, 0.0, 1.0]]], "extrinsics": [[[0.8217505812644958, -0.5697178840637207, 0.01214698888361454, -0.8026123046875], [0.023467546328902245, 0.012535643763840199, -0.999646008014679, 1.4940242767333984], [0.5693639516830444, 0.8217447996139526, 0.02367105334997177, -1.1951904296875], [0.0, 0.0, 0.0, 1.0]], [[0.009371954947710037, -0.9999236464500427, -0.008046017959713936, 0.0084228515625], [0.025596410036087036, 0.008283624425530434, -0.9996380805969238, 1.485382080078125], [0.9996284246444702, 0.009162552654743195, 0.02567208930850029, -1.5306396484375], [0.0, 0.0, 0.0, 1.0]], [[-0.8440382480621338, -0.5355396270751953, -0.028227103874087334, 0.9556884765625], [0.033741336315870285, -0.0005003349506296217, -0.9994304180145264, 1.4984769821166992], [0.5352205038070679, -0.8445099592208862, 0.01849212311208248, -1.191162109375], [0.0, 0.0, 0.0, 1.0]], [[0.9477940797805786, 0.3186153769493103, 0.013068796135485172, -1.1322021484375], [0.008834416046738625, 0.014731432311236858, -0.9998524785041809, 1.5621490478515625], [-0.3187609016895294, 0.9477695822715759, 0.011147582903504372, -0.16015625], [0.0, 0.0, 0.0, 1.0]], [[0.009357078932225704, 0.9999301433563232, 0.007230754476040602, -0.0284423828125], [0.01078518945723772, 0.007129730191081762, -0.9999163746833801, 1.5687742233276367], [-0.9998981356620789, 0.009434263221919537, -0.01071772351861, -0.022125244140625], [0.0, 0.0, 0.0, 1.0]], [[-0.9233242869377136, 0.38352060317993164, -0.019601047039031982, 1.0511474609375], [0.014753480441868305, -0.015577489510178566, -0.9997698068618774, 1.549570083618164], [-0.3837376534938812, -0.9234009385108948, 0.008724812418222427, -0.088623046875], [0.0, 0.0, 0.0, 1.0]]], "view": [[0.0, -2.0, 100.0], [-2.0, 0.0, 100.0], [0.0, 0.0, 1.0]], "bev": "bev_18827f57c05c4b8a89fc72d5edc03733.png", "aux": "aux_18827f57c05c4b8a89fc72d5edc03733.npz", "visibility": "visibility_18827f57c05c4b8a89fc72d5edc03733.png", "pose": [[0.7351827621459961, 0.6778689622879028, 0.0, 1454.9661865234375], [-0.6778689622879028, 0.7351827621459961, 0.0, 1241.08447265625], [0.0, 0.0, 1.0, 0.0], [0.0, 0.0, 0.0, 1.0]], "pose_inverse": [[0.7351827621459961, -0.6778689622879028, 0.0, -228.37339782714844], [0.6778689622879028, 0.7351827621459961, 0.0, -1898.7003173828125], [0.0, 0.0, 1.0, 0.0], [0.0, 0.0, 0.0, 1.0]], "cam_ids": [0, 1, 2, 3, 4, 5], "cam_channels": ["CAM_FRONT_LEFT", "CAM_FRONT", "CAM_FRONT_RIGHT", "CAM_BACK_LEFT", "CAM_BACK", "CAM_BACK_RIGHT"], "token": "18827f57c05c4b8a89fc72d5edc03733", "scene": "scene-0597"}, {"images": ["samples/CAM_FRONT_LEFT/n008-2018-09-18-13-41-50-0400__CAM_FRONT_LEFT__1537293218254799.jpg", "samples/CAM_FRONT/n008-2018-09-18-13-41-50-0400__CAM_FRONT__1537293218262404.jpg", "samples/CAM_FRONT_RIGHT/n008-2018-09-18-13-41-50-0400__CAM_FRONT_RIGHT__1537293218270482.jpg", "samples/CAM_BACK_LEFT/n008-2018-09-18-13-41-50-0400__CAM_BACK_LEFT__1537293218297405.jpg", "samples/CAM_BACK/n008-2018-09-18-13-41-50-0400__CAM_BACK__1537293218287558.jpg", "samples/CAM_BACK_RIGHT/n008-2018-09-18-13-41-50-0400__CAM_BACK_RIGHT__1537293218278113.jpg"], "intrinsics": [[[1257.8625342125129, 0.0, 827.2410631095686], [0.0, 1257.8625342125129, 450.915498205774], [0.0, 0.0, 1.0]], [[1252.8131021185304, 0.0, 826.588114781398], [0.0, 1252.8131021185304, 469.9846626224581], [0.0, 0.0, 1.0]], [[1256.7485116440405, 0.0, 817.7887570959712], [0.0, 1256.7485116440403, 451.9541780095127], [0.0, 0.0, 1.0]], [[1254.9860565800168, 0.0, 829.5769333630991], [0.0, 1254.9860565800168, 467.1680561863987], [0.0, 0.0, 1.0]], [[796.8910634503094, 0.0, 857.7774326863696], [0.0, 796.8910634503094, 476.8848988407415], [0.0, 0.0, 1.0]], [[1249.9629280788233, 0.0, 825.3768045375984], [0.0, 1249.9629280788233, 462.54816385708756], [0.0, 0.0, 1.0]]], "extrinsics": [[[0.8220856189727783, -0.5692919492721558, 0.009052208624780178, -0.7972412109375], [0.018842967227101326, 0.011313197202980518, -0.9997584223747253, 1.4929580688476562], [0.56905198097229, 0.8220576643943787, 0.020027566701173782, -1.1944580078125], [0.0, 0.0, 0.0, 1.0]], [[0.009724917821586132, -0.9999288320541382, -0.006903392728418112, 0.0106201171875], [0.020645227283239365, 0.007103024981915951, -0.9997616410255432, 1.4844131469726562], [0.9997395277023315, 0.009580161422491074, 0.020712835714221, -1.52789306640625], [0.0, 0.0, 0.0, 1.0]], [[-0.844018816947937, -0.5358132123947144, -0.023161282762885094, 0.955810546875], [0.028482958674430847, -0.0016578524373471737, -0.9995929002761841, 1.497668743133545], [0.5355566740036011, -0.8443350195884705, 0.01666080206632614, -1.1893310546875], [0.0, 0.0, 0.0, 1.0]], [[0.9478155970573425, 0.3187476098537445, 0.006748398300260305, -1.1375732421875], [0.0026025129482150078, 0.013430885039269924, -0.9999064207077026, 1.5620574951171875], [-0.3188084661960602, 0.9477444291114807, 0.011900457553565502, -0.158447265625], [0.0, 0.0, 0.0, 1.0]], [[0.009279675781726837, 0.9999391436576843, 0.005962788593024015, -0.029296875], [0.004903419874608517, 0.0059174709022045135, -0.9999704360961914, 1.568368911743164], [-0.9999449253082275, 0.00930861383676529, -0.004848209209740162, -0.0199432373046875], [0.0, 0.0, 0.0, 1.0]], [[-0.9234952926635742, 0.38331758975982666, -0.01496438030153513, 1.050872802734375], [0.009247861802577972, -0.016751861199736595, -0.9998169541358948, 1.5489311218261719], [-0.3834981322288513, -0.9234645962715149, 0.011925398372113705, -0.0872802734375], [0.0, 0.0, 0.0, 1.0]]], "view": [[0.0, -2.0, 100.0], [-2.0, 0.0, 100.0], [0.0, 0.0, 1.0]], "bev": "bev_aaef809b349045ffa2af93a7d1ae0124.png", "aux": "aux_aaef809b349045ffa2af93a7d1ae0124.npz", "visibility": "visibility_aaef809b349045ffa2af93a7d1ae0124.png", "pose": [[0.7422411441802979, 0.6701328754425049, 0.0, 1456.9871826171875], [-0.6701328754425049, 0.7422411441802979, 0.0, 1239.1907958984375], [0.0, 0.0, 1.0, 0.0], [0.0, 0.0, 0.0, 1.0]], "pose_inverse": [[0.7422411441802979, -0.6701328754425049, 0.0, -251.01341247558594], [0.6701328754425049, 0.7422411441802979, 0.0, -1896.1534423828125], [0.0, 0.0, 1.0, 0.0], [0.0, 0.0, 0.0, 1.0]], "cam_ids": [0, 1, 2, 3, 4, 5], "cam_channels": ["CAM_FRONT_LEFT", "CAM_FRONT", "CAM_FRONT_RIGHT", "CAM_BACK_LEFT", "CAM_BACK", "CAM_BACK_RIGHT"], "token": "aaef809b349045ffa2af93a7d1ae0124", "scene": "scene-0597"}, {"images": ["samples/CAM_FRONT_LEFT/n008-2018-09-18-13-41-50-0400__CAM_FRONT_LEFT__1537293218754799.jpg", "samples/CAM_FRONT/n008-2018-09-18-13-41-50-0400__CAM_FRONT__1537293218762404.jpg", "samples/CAM_FRONT_RIGHT/n008-2018-09-18-13-41-50-0400__CAM_FRONT_RIGHT__1537293218770482.jpg", "samples/CAM_BACK_LEFT/n008-2018-09-18-13-41-50-0400__CAM_BACK_LEFT__1537293218797405.jpg", "samples/CAM_BACK/n008-2018-09-18-13-41-50-0400__CAM_BACK__1537293218787558.jpg", "samples/CAM_BACK_RIGHT/n008-2018-09-18-13-41-50-0400__CAM_BACK_RIGHT__1537293218778113.jpg"], "intrinsics": [[[1257.8625342125129, 0.0, 827.2410631095686], [0.0, 1257.8625342125129, 450.915498205774], [0.0, 0.0, 1.0]], [[1252.8131021185304, 0.0, 826.588114781398], [0.0, 1252.8131021185304, 469.9846626224581], [0.0, 0.0, 1.0]], [[1256.7485116440405, 0.0, 817.7887570959712], [0.0, 1256.7485116440403, 451.9541780095127], [0.0, 0.0, 1.0]], [[1254.9860565800168, 0.0, 829.5769333630991], [0.0, 1254.9860565800168, 467.1680561863987], [0.0, 0.0, 1.0]], [[796.8910634503094, 0.0, 857.7774326863696], [0.0, 796.8910634503094, 476.8848988407415], [0.0, 0.0, 1.0]], [[1249.9629280788233, 0.0, 825.3768045375984], [0.0, 1249.9629280788233, 462.54816385708756], [0.0, 0.0, 1.0]]], "extrinsics": [[[0.8214554786682129, -0.5701900124549866, 0.009709709323942661, -0.79168701171875], [0.01967758871614933, 0.011324397288262844, -0.9997422695159912, 1.4933662414550781], [0.5699330568313599, 0.8214348554611206, 0.020522451028227806, -1.187255859375], [0.0, 0.0, 0.0, 1.0]], [[0.00891052559018135, -0.9999353885650635, -0.007041844539344311, 0.0087890625], [0.021576713770627975, 0.007232746575027704, -0.9997410774230957, 1.4847526550292969], [0.9997274875640869, 0.008756304159760475, 0.02163976989686489, -1.521759033203125], [0.0, 0.0, 0.0, 1.0]], [[-0.8443239331245422, -0.5352910757064819, -0.024096062406897545, 0.95166015625], [0.029432950541377068, -0.0014297787565737963, -0.9995657205581665, 1.4979314804077148], [0.535024106502533, -0.8446664810180664, 0.016962392255663872, -1.1883544921875], [0.0, 0.0, 0.0, 1.0]], [[0.9478459358215332, 0.3186333477497101, 0.007799662183970213, -1.1387939453125], [0.00357226119376719, 0.013849494978785515, -0.9998977184295654, 1.5620613098144531], [-0.31870874762535095, 0.9477767944335938, 0.011988946236670017, -0.1580810546875], [0.0, 0.0, 0.0, 1.0]], [[0.009522177278995514, 0.9999344348907471, 0.0063551850616931915, -0.0286865234375], [0.005861475598067045, 0.0062995487824082375, -0.9999629259109497, 1.568434715270996], [-0.9999375343322754, 0.009559104219079018, -0.005801106803119183, -0.01947021484375], [0.0, 0.0, 0.0, 1.0]], [[-0.9233123064041138, 0.38372915983200073, -0.015692543238401413, 1.0498046875], [0.01016158051788807, -0.016436854377388954, -0.9998132586479187, 1.549041748046875], [-0.3839154541492462, -0.9232993721961975, 0.01127705629914999, -0.089111328125], [0.0, 0.0, 0.0, 1.0]]], "view": [[0.0, -2.0, 100.0], [-2.0, 0.0, 100.0], [0.0, 0.0, 1.0]], "bev": "bev_1a2e069d26804d20b4b1fef087b5dd73.png", "aux": "aux_1a2e069d26804d20b4b1fef087b5dd73.npz", "visibility": "visibility_1a2e069d26804d20b4b1fef087b5dd73.png", "pose": [[0.7541701793670654, 0.6566789746284485, 0.0, 1459.193603515625], [-0.6566789746284485, 0.7541701793670654, 0.0, 1237.216796875], [0.0, 0.0, 1.0, 0.0], [0.0, 0.0, 0.0, 1.0]], "pose_inverse": [[0.7541701793670654, -0.6566789746284485, 0.0, -288.02606201171875], [0.6566789746284485, 0.7541701793670654, 0.0, -1891.2938232421875], [0.0, 0.0, 1.0, 0.0], [0.0, 0.0, 0.0, 1.0]], "cam_ids": [0, 1, 2, 3, 4, 5], "cam_channels": ["CAM_FRONT_LEFT", "CAM_FRONT", "CAM_FRONT_RIGHT", "CAM_BACK_LEFT", "CAM_BACK", "CAM_BACK_RIGHT"], "token": "1a2e069d26804d20b4b1fef087b5dd73", "scene": "scene-0597"}, {"images": ["samples/CAM_FRONT_LEFT/n008-2018-09-18-13-41-50-0400__CAM_FRONT_LEFT__1537293219254799.jpg", "samples/CAM_FRONT/n008-2018-09-18-13-41-50-0400__CAM_FRONT__1537293219262404.jpg", "samples/CAM_FRONT_RIGHT/n008-2018-09-18-13-41-50-0400__CAM_FRONT_RIGHT__1537293219270482.jpg", "samples/CAM_BACK_LEFT/n008-2018-09-18-13-41-50-0400__CAM_BACK_LEFT__1537293219297405.jpg", "samples/CAM_BACK/n008-2018-09-18-13-41-50-0400__CAM_BACK__1537293219287558.jpg", "samples/CAM_BACK_RIGHT/n008-2018-09-18-13-41-50-0400__CAM_BACK_RIGHT__1537293219278113.jpg"], "intrinsics": [[[1257.8625342125129, 0.0, 827.2410631095686], [0.0, 1257.8625342125129, 450.915498205774], [0.0, 0.0, 1.0]], [[1252.8131021185304, 0.0, 826.588114781398], [0.0, 1252.8131021185304, 469.9846626224581], [0.0, 0.0, 1.0]], [[1256.7485116440405, 0.0, 817.7887570959712], [0.0, 1256.7485116440403, 451.9541780095127], [0.0, 0.0, 1.0]], [[1254.9860565800168, 0.0, 829.5769333630991], [0.0, 1254.9860565800168, 467.1680561863987], [0.0, 0.0, 1.0]], [[796.8910634503094, 0.0, 857.7774326863696], [0.0, 796.8910634503094, 476.8848988407415], [0.0, 0.0, 1.0]], [[1249.9629280788233, 0.0, 825.3768045375984], [0.0, 1249.9629280788233, 462.54816385708756], [0.0, 0.0, 1.0]]], "extrinsics": [[[0.8208279609680176, -0.5711629390716553, 0.003792874049395323, -0.79095458984375], [0.013932870700955391, 0.01338378805667162, -0.9998133778572083, 1.491851806640625], [0.5710055828094482, 0.8207275867462158, 0.018943727016448975, -1.1885986328125], [0.0, 0.0, 0.0, 1.0]], [[0.007771178148686886, -0.9999264478683472, -0.00931117869913578, 0.0096435546875], [0.015922822058200836, 0.009434016421437263, -0.9998287558555603, 1.4835262298583984], [0.9998428821563721, 0.007621552795171738, 0.0159949641674757, -1.522247314453125], [0.0, 0.0, 0.0, 1.0]], [[-0.8449227213859558, -0.5344871282577515, -0.02071535401046276, 0.9527587890625], [0.023925920948386192, 0.0009239864884875715, -0.9997133016586304, 1.4970016479492188], [0.5343530774116516, -0.845176100730896, 0.012007400393486023, -1.1881103515625], [0.0, 0.0, 0.0, 1.0]], [[0.9478787779808044, 0.31860455870628357, 0.0041365306824445724, -1.13946533203125], [-0.001249839086085558, 0.016699837520718575, -0.9998597502708435, 1.5620346069335938], [-0.31862902641296387, 0.9477405548095703, 0.01622762344777584, -0.15771484375], [0.0, 0.0, 0.0, 1.0]], [[0.009897656738758087, 0.9999105334281921, 0.00899743102490902, -0.02880859375], [0.0008623864268884063, 0.008989333175122738, -0.9999592304229736, 1.568110466003418], [-0.999950647354126, 0.009905008599162102, -0.0007733356906101108, -0.018646240234375], [0.0, 0.0, 0.0, 1.0]], [[-0.9231326580047607, 0.3843550384044647, -0.00985932070761919, 1.050201416015625], [0.004881693981587887, -0.013924097642302513, -0.9998911023139954, 1.5484142303466797], [-0.38445043563842773, -0.9230802655220032, 0.010977487079799175, -0.0880126953125], [0.0, 0.0, 0.0, 1.0]]], "view": [[0.0, -2.0, 100.0], [-2.0, 0.0, 100.0], [0.0, 0.0, 1.0]], "bev": "bev_c149b119ccf04ae288441df5dfd0b9e2.png", "aux": "aux_c149b119ccf04ae288441df5dfd0b9e2.npz", "visibility": "visibility_c149b119ccf04ae288441df5dfd0b9e2.png", "pose": [[0.7731442451477051, 0.6342301964759827, 0.0, 1461.4700927734375], [-0.6342301964759827, 0.7731442451477051, 0.0, 1235.2724609375], [0.0, 0.0, 1.0, 0.0], [0.0, 0.0, 0.0, 1.0]], "pose_inverse": [[0.7731442451477051, -0.6342301964759827, 0.0, -346.4801025390625], [0.6342301964759827, 0.7731442451477051, 0.0, -1881.9522705078125], [0.0, 0.0, 1.0, 0.0], [0.0, 0.0, 0.0, 1.0]], "cam_ids": [0, 1, 2, 3, 4, 5], "cam_channels": ["CAM_FRONT_LEFT", "CAM_FRONT", "CAM_FRONT_RIGHT", "CAM_BACK_LEFT", "CAM_BACK", "CAM_BACK_RIGHT"], "token": "c149b119ccf04ae288441df5dfd0b9e2", "scene": "scene-0597"}, {"images": ["samples/CAM_FRONT_LEFT/n008-2018-09-18-13-41-50-0400__CAM_FRONT_LEFT__1537293219754799.jpg", "samples/CAM_FRONT/n008-2018-09-18-13-41-50-0400__CAM_FRONT__1537293219762404.jpg", "samples/CAM_FRONT_RIGHT/n008-2018-09-18-13-41-50-0400__CAM_FRONT_RIGHT__1537293219770490.jpg", "samples/CAM_BACK_LEFT/n008-2018-09-18-13-41-50-0400__CAM_BACK_LEFT__1537293219797405.jpg", "samples/CAM_BACK/n008-2018-09-18-13-41-50-0400__CAM_BACK__1537293219787559.jpg", "samples/CAM_BACK_RIGHT/n008-2018-09-18-13-41-50-0400__CAM_BACK_RIGHT__1537293219778113.jpg"], "intrinsics": [[[1257.8625342125129, 0.0, 827.2410631095686], [0.0, 1257.8625342125129, 450.915498205774], [0.0, 0.0, 1.0]], [[1252.8131021185304, 0.0, 826.588114781398], [0.0, 1252.8131021185304, 469.9846626224581], [0.0, 0.0, 1.0]], [[1256.7485116440405, 0.0, 817.7887570959712], [0.0, 1256.7485116440403, 451.9541780095127], [0.0, 0.0, 1.0]], [[1254.9860565800168, 0.0, 829.5769333630991], [0.0, 1254.9860565800168, 467.1680561863987], [0.0, 0.0, 1.0]], [[796.8910634503094, 0.0, 857.7774326863696], [0.0, 796.8910634503094, 476.8848988407415], [0.0, 0.0, 1.0]], [[1249.9629280788233, 0.0, 825.3768045375984], [0.0, 1249.9629280788233, 462.54816385708756], [0.0, 0.0, 1.0]]], "extrinsics": [[[0.8210852146148682, -0.5707841515541077, 0.004953780677169561, -0.79669189453125], [0.01671028696000576, 0.015361438505351543, -0.999742329120636, 1.4924697875976562], [0.5705609917640686, 0.8209564089775085, 0.02215101569890976, -1.1915283203125], [0.0, 0.0, 0.0, 1.0]], [[0.008232848718762398, -0.9999048709869385, -0.011061623692512512, 0.0087890625], [0.01855570822954178, 0.011212856508791447, -0.9997649788856506, 1.4839897155761719], [0.9997938275337219, 0.008025686256587505, 0.018646256998181343, -1.52764892578125], [0.0, 0.0, 0.0, 1.0]], [[-0.8446696400642395, -0.5347625613212585, -0.023711008951067924, 0.95654296875], [0.026460684835910797, 0.002528400858864188, -0.9996466040611267, 1.4972858428955078], [0.5346335172653198, -0.8449985980987549, 0.012014519423246384, -1.19140625], [0.0, 0.0, 0.0, 1.0]], [[0.9478594064712524, 0.31862175464630127, 0.0065398309379816055, -1.1431884765625], [0.0008236048161052167, 0.018071897327899933, -0.9998363256454468, 1.562042236328125], [-0.31868770718574524, 0.9477096199989319, 0.016867199912667274, -0.156494140625], [0.0, 0.0, 0.0, 1.0]], [[0.009708837606012821, 0.9998988509178162, 0.010392201133072376, -0.0286865234375], [0.003056884976103902, 0.010362963192164898, -0.9999415874481201, 1.5682353973388672], [-0.9999482035636902, 0.009740025736391544, -0.00295596313662827, -0.01446533203125], [0.0, 0.0, 0.0, 1.0]], [[-0.9232150316238403, 0.3841107487678528, -0.011521474458277225, 1.054595947265625], [0.007300361059606075, -0.01244555413722992, -0.9998958706855774, 1.5486583709716797], [-0.3842141628265381, -0.9232031106948853, 0.008685776963829994, -0.0870361328125], [0.0, 0.0, 0.0, 1.0]]], "view": [[0.0, -2.0, 100.0], [-2.0, 0.0, 100.0], [0.0, 0.0, 1.0]], "bev": "bev_354d2fd81b0a42d4b803c704a2c138c0.png", "aux": "aux_354d2fd81b0a42d4b803c704a2c138c0.npz", "visibility": "visibility_354d2fd81b0a42d4b803c704a2c138c0.png", "pose": [[0.7917255163192749, 0.6108769774436951, 0.0, 1463.8028564453125], [-0.6108769774436951, 0.7917255163192749, 0.0, 1233.3782958984375], [0.0, 0.0, 1.0, 0.0], [0.0, 0.0, 0.0, 1.0]], "pose_inverse": [[0.7917255163192749, -0.6108769774436951, 0.0, -405.4876708984375], [0.6108769774436951, 0.7917255163192749, 0.0, -1870.7005615234375], [0.0, 0.0, 1.0, 0.0], [0.0, 0.0, 0.0, 1.0]], "cam_ids": [0, 1, 2, 3, 4, 5], "cam_channels": ["CAM_FRONT_LEFT", "CAM_FRONT", "CAM_FRONT_RIGHT", "CAM_BACK_LEFT", "CAM_BACK", "CAM_BACK_RIGHT"], "token": "354d2fd81b0a42d4b803c704a2c138c0", "scene": "scene-0597"}, {"images": ["samples/CAM_FRONT_LEFT/n008-2018-09-18-13-41-50-0400__CAM_FRONT_LEFT__1537293220254799.jpg", "samples/CAM_FRONT/n008-2018-09-18-13-41-50-0400__CAM_FRONT__1537293220262404.jpg", "samples/CAM_FRONT_RIGHT/n008-2018-09-18-13-41-50-0400__CAM_FRONT_RIGHT__1537293220270482.jpg", "samples/CAM_BACK_LEFT/n008-2018-09-18-13-41-50-0400__CAM_BACK_LEFT__1537293220297405.jpg", "samples/CAM_BACK/n008-2018-09-18-13-41-50-0400__CAM_BACK__1537293220287558.jpg", "samples/CAM_BACK_RIGHT/n008-2018-09-18-13-41-50-0400__CAM_BACK_RIGHT__1537293220278113.jpg"], "intrinsics": [[[1257.8625342125129, 0.0, 827.2410631095686], [0.0, 1257.8625342125129, 450.915498205774], [0.0, 0.0, 1.0]], [[1252.8131021185304, 0.0, 826.588114781398], [0.0, 1252.8131021185304, 469.9846626224581], [0.0, 0.0, 1.0]], [[1256.7485116440405, 0.0, 817.7887570959712], [0.0, 1256.7485116440403, 451.9541780095127], [0.0, 0.0, 1.0]], [[1254.9860565800168, 0.0, 829.5769333630991], [0.0, 1254.9860565800168, 467.1680561863987], [0.0, 0.0, 1.0]], [[796.8910634503094, 0.0, 857.7774326863696], [0.0, 796.8910634503094, 476.8848988407415], [0.0, 0.0, 1.0]], [[1249.9629280788233, 0.0, 825.3768045375984], [0.0, 1249.9629280788233, 462.54816385708756], [0.0, 0.0, 1.0]]], "extrinsics": [[[0.821030855178833, -0.5708730816841125, 0.0035165981389582157, -0.7945556640625], [0.014320368878543377, 0.014436823315918446, -0.9997932314872742, 1.4919261932373047], [0.5707042813301086, 0.8209113478660583, 0.020028188824653625, -1.1890869140625], [0.0, 0.0, 0.0, 1.0]], [[0.0079722935333848, -0.999916136264801, -0.010199038311839104, 0.00830078125], [0.016285365447402, 0.010327838361263275, -0.9998140335083008, 1.4835662841796875], [0.9998355507850647, 0.007804701570421457, 0.01636633649468422, -1.525146484375], [0.0, 0.0, 0.0, 1.0]], [[-0.8448394536972046, -0.5345903635025024, -0.021437641233205795, 0.9542236328125], [0.024310356006026268, 0.001670302590355277, -0.999703049659729, 1.4970054626464844], [0.5344673991203308, -0.845109760761261, 0.011584942229092121, -1.1904296875], [0.0, 0.0, 0.0, 1.0]], [[0.9478632807731628, 0.3186427354812622, 0.004694627597928047, -1.140625], [-0.0008323600050061941, 0.017207028344273567, -0.999851644039154, 1.562042236328125], [-0.31867626309394836, 0.9477186799049377, 0.01657513715326786, -0.1572265625], [0.0, 0.0, 0.0, 1.0]], [[0.009823454543948174, 0.9999063014984131, 0.009530195035040379, -0.0286865234375], [0.0012379830004647374, 0.009518486447632313, -0.9999538660049438, 1.5681343078613281], [-0.9999511241912842, 0.009834852069616318, -0.0011443644762039185, -0.016998291015625], [0.0, 0.0, 0.0, 1.0]], [[-0.9231698513031006, 0.3842628002166748, -0.009977796114981174, 1.052520751953125], [0.005274712108075619, -0.013291220180690289, -0.9998977780342102, 1.5484371185302734], [-0.38435614109039307, -0.9231281280517578, 0.010243179276585579, -0.088134765625], [0.0, 0.0, 0.0, 1.0]]], "view": [[0.0, -2.0, 100.0], [-2.0, 0.0, 100.0], [0.0, 0.0, 1.0]], "bev": "bev_160429309f7b40a8829ef5dbe6d6d1d8.png", "aux": "aux_160429309f7b40a8829ef5dbe6d6d1d8.npz", "visibility": "visibility_160429309f7b40a8829ef5dbe6d6d1d8.png", "pose": [[0.806961178779602, 0.5906044840812683, 0.0, 1466.1412353515625], [-0.5906044840812683, 0.806961178779602, 0.0, 1231.593505859375], [0.0, 0.0, 1.0, 0.0], [0.0, 0.0, 0.0, 1.0]], "pose_inverse": [[0.806961178779602, -0.5906044840812683, 0.0, -455.734375], [0.5906044840812683, 0.806961178779602, 0.0, -1859.7576904296875], [0.0, 0.0, 1.0, 0.0], [0.0, 0.0, 0.0, 1.0]], "cam_ids": [0, 1, 2, 3, 4, 5], "cam_channels": ["CAM_FRONT_LEFT", "CAM_FRONT", "CAM_FRONT_RIGHT", "CAM_BACK_LEFT", "CAM_BACK", "CAM_BACK_RIGHT"], "token": "160429309f7b40a8829ef5dbe6d6d1d8", "scene": "scene-0597"}, {"images": ["samples/CAM_FRONT_LEFT/n008-2018-09-18-13-41-50-0400__CAM_FRONT_LEFT__1537293220754799.jpg", "samples/CAM_FRONT/n008-2018-09-18-13-41-50-0400__CAM_FRONT__1537293220762404.jpg", "samples/CAM_FRONT_RIGHT/n008-2018-09-18-13-41-50-0400__CAM_FRONT_RIGHT__1537293220770482.jpg", "samples/CAM_BACK_LEFT/n008-2018-09-18-13-41-50-0400__CAM_BACK_LEFT__1537293220797405.jpg", "samples/CAM_BACK/n008-2018-09-18-13-41-50-0400__CAM_BACK__1537293220787558.jpg", "samples/CAM_BACK_RIGHT/n008-2018-09-18-13-41-50-0400__CAM_BACK_RIGHT__1537293220778113.jpg"], "intrinsics": [[[1257.8625342125129, 0.0, 827.2410631095686], [0.0, 1257.8625342125129, 450.915498205774], [0.0, 0.0, 1.0]], [[1252.8131021185304, 0.0, 826.588114781398], [0.0, 1252.8131021185304, 469.9846626224581], [0.0, 0.0, 1.0]], [[1256.7485116440405, 0.0, 817.7887570959712], [0.0, 1256.7485116440403, 451.9541780095127], [0.0, 0.0, 1.0]], [[1254.9860565800168, 0.0, 829.5769333630991], [0.0, 1254.9860565800168, 467.1680561863987], [0.0, 0.0, 1.0]], [[796.8910634503094, 0.0, 857.7774326863696], [0.0, 796.8910634503094, 476.8848988407415], [0.0, 0.0, 1.0]], [[1249.9629280788233, 0.0, 825.3768045375984], [0.0, 1249.9629280788233, 462.54816385708756], [0.0, 0.0, 1.0]]], "extrinsics": [[[0.8216118812561035, -0.5700462460517883, -0.0011088214814662933, -0.7862548828125], [0.009226669557392597, 0.015243301168084145, -0.9998412132263184, 1.4906940460205078], [0.5699726939201355, 0.8214711546897888, 0.01778370328247547, -1.184814453125], [0.0, 0.0, 0.0, 1.0]], [[0.008844279684126377, -0.9998990297317505, -0.011124524287879467, 0.0093994140625], [0.010714898817241192, 0.0112190842628479, -0.9998796582221985, 1.4824810028076172], [0.9999034404754639, 0.008724020794034004, 0.010813041590154171, -1.5162353515625], [0.0, 0.0, 0.0, 1.0]], [[-0.8445597290992737, -0.5351969003677368, -0.016830051317811012, 0.9483642578125], [0.018264247104525566, 0.00261948280967772, -0.9998297691345215, 1.4961614608764648], [0.5351498126983643, -0.8447233438491821, 0.007562657352536917, -1.185546875], [0.0, 0.0, 0.0, 1.0]], [[0.9478898644447327, 0.3185899257659912, -0.0022809701040387154, -1.1383056640625], [-0.008510989136993885, 0.018164321780204773, -0.9997987747192383, 1.5619888305664062], [-0.31848442554473877, 0.9477185606956482, 0.019929291680455208, -0.158203125], [0.0, 0.0, 0.0, 1.0]], [[0.00964425690472126, 0.9998992085456848, 0.01042031217366457, -0.0286865234375], [-0.005831416230648756, 0.010476859286427498, -0.9999280571937561, 1.5676698684692383], [-0.9999364614486694, 0.009582809172570705, 0.0059318700805306435, -0.021575927734375], [0.0, 0.0, 0.0, 1.0]], [[-0.9234152436256409, 0.38378509879112244, -0.0036385313142091036, 1.046417236328125], [-0.0011889393208548427, -0.012340595945715904, -0.9999231100082397, 1.5476818084716797], [-0.38380053639411926, -0.9233399629592896, 0.011851792223751545, -0.0899658203125], [0.0, 0.0, 0.0, 1.0]]], "view": [[0.0, -2.0, 100.0], [-2.0, 0.0, 100.0], [0.0, 0.0, 1.0]], "bev": "bev_159327d7b41c421185fdc1c6aff944ab.png", "aux": "aux_159327d7b41c421185fdc1c6aff944ab.npz", "visibility": "visibility_159327d7b41c421185fdc1c6aff944ab.png", "pose": [[0.8196561932563782, 0.5728557705879211, 0.0, 1468.59423828125], [-0.5728557705879211, 0.8196561932563782, 0.0, 1229.8140869140625], [0.0, 0.0, 1.0, 0.0], [0.0, 0.0, 0.0, 1.0]], "pose_inverse": [[0.8196561932563782, -0.5728557705879211, 0.0, -499.2362060546875], [0.5728557705879211, 0.8196561932563782, 0.0, -1849.3173828125], [0.0, 0.0, 1.0, 0.0], [0.0, 0.0, 0.0, 1.0]], "cam_ids": [0, 1, 2, 3, 4, 5], "cam_channels": ["CAM_FRONT_LEFT", "CAM_FRONT", "CAM_FRONT_RIGHT", "CAM_BACK_LEFT", "CAM_BACK", "CAM_BACK_RIGHT"], "token": "159327d7b41c421185fdc1c6aff944ab", "scene": "scene-0597"}, {"images": ["samples/CAM_FRONT_LEFT/n008-2018-09-18-13-41-50-0400__CAM_FRONT_LEFT__1537293221254799.jpg", "samples/CAM_FRONT/n008-2018-09-18-13-41-50-0400__CAM_FRONT__1537293221262404.jpg", "samples/CAM_FRONT_RIGHT/n008-2018-09-18-13-41-50-0400__CAM_FRONT_RIGHT__1537293221270482.jpg", "samples/CAM_BACK_LEFT/n008-2018-09-18-13-41-50-0400__CAM_BACK_LEFT__1537293221297405.jpg", "samples/CAM_BACK/n008-2018-09-18-13-41-50-0400__CAM_BACK__1537293221287558.jpg", "samples/CAM_BACK_RIGHT/n008-2018-09-18-13-41-50-0400__CAM_BACK_RIGHT__1537293221278113.jpg"], "intrinsics": [[[1257.8625342125129, 0.0, 827.2410631095686], [0.0, 1257.8625342125129, 450.915498205774], [0.0, 0.0, 1.0]], [[1252.8131021185304, 0.0, 826.588114781398], [0.0, 1252.8131021185304, 469.9846626224581], [0.0, 0.0, 1.0]], [[1256.7485116440405, 0.0, 817.7887570959712], [0.0, 1256.7485116440403, 451.9541780095127], [0.0, 0.0, 1.0]], [[1254.9860565800168, 0.0, 829.5769333630991], [0.0, 1254.9860565800168, 467.1680561863987], [0.0, 0.0, 1.0]], [[796.8910634503094, 0.0, 857.7774326863696], [0.0, 796.8910634503094, 476.8848988407415], [0.0, 0.0, 1.0]], [[1249.9629280788233, 0.0, 825.3768045375984], [0.0, 1249.9629280788233, 462.54816385708756], [0.0, 0.0, 1.0]]], "extrinsics": [[[0.8219590783119202, -0.569418728351593, -0.012068717740476131, -0.78204345703125], [0.003358572255820036, 0.026035618036985397, -0.9996553659439087, 1.4890861511230469], [0.5695366859436035, 0.8216353058815002, 0.0233126450330019, -1.1837158203125], [0.0, 0.0, 0.0, 1.0]], [[0.009458241052925587, -0.9997120499610901, -0.0220499150454998, 0.0111083984375], [0.005472113378345966, 0.022102316841483116, -0.999740719795227, 1.4813041687011719], [0.9999402761459351, 0.009335149079561234, 0.005679587833583355, -1.51129150390625], [0.0, 0.0, 0.0, 1.0]], [[-0.8443336486816406, -0.5354892015457153, -0.018760472536087036, 0.945068359375], [0.013612708076834679, 0.013563931919634342, -0.9998153448104858, 1.4954032897949219], [0.5356448292732239, -0.8444331288337708, -0.004163024947047234, -1.1820068359375], [0.0, 0.0, 0.0, 1.0]], [[0.9479094743728638, 0.31853824853897095, -0.0010168513981625438, -1.135986328125], [-0.010828139260411263, 0.02903178334236145, -0.9995198249816895, 1.5619468688964844], [-0.3183557689189911, 0.9474653005599976, 0.0309686791151762, -0.158935546875], [0.0, 0.0, 0.0, 1.0]], [[0.009506926871836185, 0.9997267127037048, 0.02135578542947769, -0.0294189453125], [-0.009142609313130379, 0.021442759782075882, -0.999728262424469, 1.5674057006835938], [-0.9999129772186279, 0.00930911954492