[{"images": ["samples/CAM_FRONT_LEFT/n015-2018-07-11-11-54-16+0800__CAM_FRONT_LEFT__1531281633654844.jpg", "samples/CAM_FRONT/n015-2018-07-11-11-54-16+0800__CAM_FRONT__1531281633662460.jpg", "samples/CAM_FRONT_RIGHT/n015-2018-07-11-11-54-16+0800__CAM_FRONT_RIGHT__1531281633670339.jpg", "samples/CAM_BACK_LEFT/n015-2018-07-11-11-54-16+0800__CAM_BACK_LEFT__1531281633697423.jpg", "samples/CAM_BACK/n015-2018-07-11-11-54-16+0800__CAM_BACK__1531281633687525.jpg", "samples/CAM_BACK_RIGHT/n015-2018-07-11-11-54-16+0800__CAM_BACK_RIGHT__1531281633677893.jpg"], "intrinsics": [[[1272.5979470598488, 0.0, 826.6154927353808], [0.0, 1272.5979470598488, 479.75165386361925], [0.0, 0.0, 1.0]], [[1266.417203046554, 0.0, 816.2670197447984], [0.0, 1266.417203046554, 491.50706579294757], [0.0, 0.0, 1.0]], [[1260.8474446004698, 0.0, 807.968244525554], [0.0, 1260.8474446004698, 495.3344268742088], [0.0, 0.0, 1.0]], [[1256.7414812095406, 0.0, 792.1125740759628], [0.0, 1256.7414812095406, 492.7757465151356], [0.0, 0.0, 1.0]], [[809.2209905677063, 0.0, 829.2196003259838], [0.0, 809.2209905677063, 481.77842384512485], [0.0, 0.0, 1.0]], [[1259.5137405846733, 0.0, 807.2529053838625], [0.0, 1259.5137405846733, 501.19579884916527], [0.0, 0.0, 1.0]]], "extrinsics": [[[0.8207413554191589, -0.5712822675704956, -0.004485046491026878, -0.965087890625], [-0.027432896196842194, -0.03156791254878044, -0.999125063419342, 1.5082454681396484], [0.5706408619880676, 0.820146381855011, -0.04158101975917816, -1.280181884765625], [0.0, 0.0, 0.0, 1.0]], [[0.006303554400801659, -0.999351978302002, 0.03543761000037193, 0.0048828125], [-0.032718073576688766, -0.03562545031309128, -0.9988295435905457, 1.520531177520752], [0.9994447231292725, 0.005136668216437101, -0.0329214371740818, -1.692138671875], [0.0, 0.0, 0.0, 1.0]], [[-0.8325378894805908, -0.5529987812042236, 0.03275679796934128, 1.0322113037109375], [-0.02709185890853405, -0.018416350707411766, -0.9994632601737976, 1.50364351272583], [0.5533052682876587, -0.8329784274101257, 0.0003505443164613098, -1.2486572265625], [0.0, 0.0, 0.0, 1.0]], [[0.947326123714447, 0.3185660243034363, -0.03299608454108238, -1.14227294921875], [-0.018393564969301224, -0.048738956451416016, -0.9986421465873718, 1.5885543823242188], [-0.3197416365146637, 0.9466468095779419, -0.04031212255358696, -0.103759765625], [0.0, 0.0, 0.0, 1.0]], [[0.001719470601528883, 0.999244213104248, -0.03883371502161026, 0.0028076171875], [-0.043810512870550156, -0.03872121125459671, -0.9982892274856567, 1.5793594121932983], [-0.9990383982658386, 0.0034178493078798056, 0.043710820376873016, 0.0018310546875], [0.0, 0.0, 0.0, 1.0]], [[-0.9349370002746582, 0.35480716824531555, 0.0021665841341018677, 1.1361083984375], [-0.01120282243937254, -0.023415755480527878, -0.9996630549430847, 1.5514507293701172], [-0.35463693737983704, -0.9346462488174438, 0.025867098942399025, -0.06365966796875], [0.0, 0.0, 0.0, 1.0]]], "view": [[0.0, -2.0, 100.0], [-2.0, 0.0, 100.0], [0.0, 0.0, 1.0]], "bev": "bev_e261f474caa34797b0759aa2ca8a576d.png", "aux": "aux_e261f474caa34797b0759aa2ca8a576d.npz", "visibility": "visibility_e261f474caa34797b0759aa2ca8a576d.png", "pose": [[-0.5121796727180481, -0.8588783144950867, 0.0, 534.7977905273438], [0.8588783144950867, -0.5121796727180481, 0.0, 1698.090576171875], [0.0, 0.0, 1.0, 0.0], [0.0, 0.0, 0.0, 1.0]], "pose_inverse": [[-0.5121796727180481, 0.8588783144950867, 0.0, -1184.5406494140625], [-0.8588783144950867, -0.5121796727180481, 0.0, 1329.0537109375], [0.0, 0.0, 1.0, 0.0], [0.0, 0.0, 0.0, 1.0]], "cam_ids": [0, 1, 2, 3, 4, 5], "cam_channels": ["CAM_FRONT_LEFT", "CAM_FRONT", "CAM_FRONT_RIGHT", "CAM_BACK_LEFT", "CAM_BACK", "CAM_BACK_RIGHT"], "token": "e261f474caa34797b0759aa2ca8a576d", "scene": "scene-0272"}, {"images": ["samples/CAM_FRONT_LEFT/n015-2018-07-11-11-54-16+0800__CAM_FRONT_LEFT__1531281634154844.jpg", "samples/CAM_FRONT/n015-2018-07-11-11-54-16+0800__CAM_FRONT__1531281634162460.jpg", "samples/CAM_FRONT_RIGHT/n015-2018-07-11-11-54-16+0800__CAM_FRONT_RIGHT__1531281634170357.jpg", "samples/CAM_BACK_LEFT/n015-2018-07-11-11-54-16+0800__CAM_BACK_LEFT__1531281634197423.jpg", "samples/CAM_BACK/n015-2018-07-11-11-54-16+0800__CAM_BACK__1531281634187525.jpg", "samples/CAM_BACK_RIGHT/n015-2018-07-11-11-54-16+0800__CAM_BACK_RIGHT__1531281634177893.jpg"], "intrinsics": [[[1272.5979470598488, 0.0, 826.6154927353808], [0.0, 1272.5979470598488, 479.75165386361925], [0.0, 0.0, 1.0]], [[1266.417203046554, 0.0, 816.2670197447984], [0.0, 1266.417203046554, 491.50706579294757], [0.0, 0.0, 1.0]], [[1260.8474446004698, 0.0, 807.968244525554], [0.0, 1260.8474446004698, 495.3344268742088], [0.0, 0.0, 1.0]], [[1256.7414812095406, 0.0, 792.1125740759628], [0.0, 1256.7414812095406, 492.7757465151356], [0.0, 0.0, 1.0]], [[809.2209905677063, 0.0, 829.2196003259838], [0.0, 809.2209905677063, 481.77842384512485], [0.0, 0.0, 1.0]], [[1259.5137405846733, 0.0, 807.2529053838625], [0.0, 1259.5137405846733, 501.19579884916527], [0.0, 0.0, 1.0]]], "extrinsics": [[[0.8207183480262756, -0.571314811706543, -0.0045505426824092865, -0.965087890625], [-0.02740941010415554, -0.03141668438911438, -0.9991304874420166, 1.5082502365112305], [0.5706750750541687, 0.8201294541358948, -0.04144364967942238, -1.280120849609375], [0.0, 0.0, 0.0, 1.0]], [[0.006265248171985149, -0.9993578791618347, 0.03527830168604851, 0.0048828125], [-0.0326913557946682, -0.03546483442187309, -0.998836100101471, 1.5205340385437012], [0.9994457960128784, 0.005104760639369488, -0.032892562448978424, -1.6923828125], [0.0, 0.0, 0.0, 1.0]], [[-0.832556962966919, -0.5529768466949463, 0.03264183551073074, 1.032257080078125], [-0.02706347592175007, -0.018251312896609306, -0.9994670748710632, 1.503645896911621], [0.5532779097557068, -0.832996666431427, 0.00022978139168117195, -1.24853515625], [0.0, 0.0, 0.0, 1.0]], [[0.9473281502723694, 0.3185678720474243, -0.032922353595495224, -1.1422119140625], [-0.01836400292813778, -0.04859611392021179, -0.9986496567726135, 1.5885543823242188], [-0.3197375535964966, 0.9466535449028015, -0.040186285972595215, -0.1036376953125], [0.0, 0.0, 0.0, 1.0]], [[0.0017337636090815067, 0.9992502331733704, -0.038676708936691284, 0.0028076171875], [-0.04378119111061096, -0.03856382891535759, -0.9982966184616089, 1.579355239868164], [-0.9990395903587341, 0.0034241850953549147, 0.04368150234222412, 0.0018310546875], [0.0, 0.0, 0.0, 1.0]], [[-0.9349284172058105, 0.3548296391963959, 0.002200400223955512, 1.13623046875], [-0.011175988242030144, -0.023248009383678436, -0.9996672868728638, 1.5514507293701172], [-0.35466036200523376, -0.9346418976783752, 0.025700796395540237, -0.06365966796875], [0.0, 0.0, 0.0, 1.0]]], "view": [[0.0, -2.0, 100.0], [-2.0, 0.0, 100.0], [0.0, 0.0, 1.0]], "bev": "bev_3947c3c1848e46c3849a1e178e2e728b.png", "aux": "aux_3947c3c1848e46c3849a1e178e2e728b.npz", "visibility": "visibility_3947c3c1848e46c3849a1e178e2e728b.png", "pose": [[-0.5122031569480896, -0.8588643074035645, 0.0, 534.7977294921875], [0.8588643074035645, -0.5122031569480896, 0.0, 1698.0904541015625], [0.0, 0.0, 1.0, 0.0], [0.0, 0.0, 0.0, 1.0]], "pose_inverse": [[-0.5122031569480896, 0.8588643074035645, 0.0, -1184.5042724609375], [-0.8588643074035645, -0.5122031569480896, 0.0, 1329.0859375], [0.0, 0.0, 1.0, 0.0], [0.0, 0.0, 0.0, 1.0]], "cam_ids": [0, 1, 2, 3, 4, 5], "cam_channels": ["CAM_FRONT_LEFT", "CAM_FRONT", "CAM_FRONT_RIGHT", "CAM_BACK_LEFT", "CAM_BACK", "CAM_BACK_RIGHT"], "token": "3947c3c1848e46c3849a1e178e2e728b", "scene": "scene-0272"}, {"images": ["samples/CAM_FRONT_LEFT/n015-2018-07-11-11-54-16+0800__CAM_FRONT_LEFT__1531281634654844.jpg", "samples/CAM_FRONT/n015-2018-07-11-11-54-16+0800__CAM_FRONT__1531281634662460.jpg", "samples/CAM_FRONT_RIGHT/n015-2018-07-11-11-54-16+0800__CAM_FRONT_RIGHT__1531281634670339.jpg", "samples/CAM_BACK_LEFT/n015-2018-07-11-11-54-16+0800__CAM_BACK_LEFT__1531281634697452.jpg", "samples/CAM_BACK/n015-2018-07-11-11-54-16+0800__CAM_BACK__1531281634687525.jpg", "samples/CAM_BACK_RIGHT/n015-2018-07-11-11-54-16+0800__CAM_BACK_RIGHT__1531281634677893.jpg"], "intrinsics": [[[1272.5979470598488, 0.0, 826.6154927353808], [0.0, 1272.5979470598488, 479.75165386361925], [0.0, 0.0, 1.0]], [[1266.417203046554, 0.0, 816.2670197447984], [0.0, 1266.417203046554, 491.50706579294757], [0.0, 0.0, 1.0]], [[1260.8474446004698, 0.0, 807.968244525554], [0.0, 1260.8474446004698, 495.3344268742088], [0.0, 0.0, 1.0]], [[1256.7414812095406, 0.0, 792.1125740759628], [0.0, 1256.7414812095406, 492.7757465151356], [0.0, 0.0, 1.0]], [[809.2209905677063, 0.0, 829.2196003259838], [0.0, 809.2209905677063, 481.77842384512485], [0.0, 0.0, 1.0]], [[1259.5137405846733, 0.0, 807.2529053838625], [0.0, 1259.5137405846733, 501.19579884916527], [0.0, 0.0, 1.0]]], "extrinsics": [[[0.8207542300224304, -0.5712637305259705, -0.004508898127824068, -0.9649658203125], [-0.02737506292760372, -0.03144470229744911, -0.9991305470466614, 1.5082483291625977], [0.5706252455711365, 0.8201639652252197, -0.041446752846241, -1.2802734375], [0.0, 0.0, 0.0, 1.0]], [[0.006318722851574421, -0.9993561506271362, 0.03531654551625252, 0.005126953125], [-0.03266965225338936, -0.035504698753356934, -0.9988353848457336, 1.5205330848693848], [0.9994462132453918, 0.005157607141882181, -0.032872967422008514, -1.6922607421875], [0.0, 0.0, 0.0, 1.0]], [[-0.8325321674346924, -0.553012490272522, 0.03266948089003563, 1.0322418212890625], [-0.027060609310865402, -0.018305566161870956, -0.9994661211967468, 1.5036449432373047], [0.5533153414726257, -0.8329718112945557, 0.0002751165011432022, -1.248779296875], [0.0, 0.0, 0.0, 1.0]], [[0.9473264813423157, 0.31857097148895264, -0.032941050827503204, -1.1422119140625], [-0.018363362178206444, -0.048655953258275986, -0.9986467361450195, 1.5885543823242188], [-0.3197425901889801, 0.946649432182312, -0.040243037045001984, -0.103759765625], [0.0, 0.0, 0.0, 1.0]], [[0.0017165730241686106, 0.9992478489875793, -0.03874067962169647, 0.0029296875], [-0.04377070814371109, -0.03862852230668068, -0.9982945322990417, 1.57935631275177], [-0.9990401268005371, 0.003409377997741103, 0.04367147758603096, 0.0018310546875], [0.0, 0.0, 0.0, 1.0]], [[-0.9349401593208313, 0.3547987639904022, 0.0021727862767875195, 1.1361083984375], [-0.011170756071805954, -0.023314427584409714, -0.9996657371520996, 1.5514507293701172], [-0.3546295166015625, -0.9346520304679871, 0.025760969147086143, -0.06353759765625], [0.0, 0.0, 0.0, 1.0]]], "view": [[0.0, -2.0, 100.0], [-2.0, 0.0, 100.0], [0.0, 0.0, 1.0]], "bev": "bev_c0e18beded2d45d29662c2129503d4f7.png", "aux": "aux_c0e18beded2d45d29662c2129503d4f7.npz", "visibility": "visibility_c0e18beded2d45d29662c2129503d4f7.png", "pose": [[-0.5121625065803528, -0.858888566493988, 0.0, 534.7976684570312], [0.858888566493988, -0.5121625065803528, 0.0, 1698.0904541015625], [0.0, 0.0, 1.0, 0.0], [0.0, 0.0, 0.0, 1.0]], "pose_inverse": [[-0.5121625065803528, 0.858888566493988, 0.0, -1184.567138671875], [-0.858888566493988, -0.5121625065803528, 0.0, 1329.0299072265625], [0.0, 0.0, 1.0, 0.0], [0.0, 0.0, 0.0, 1.0]], "cam_ids": [0, 1, 2, 3, 4, 5], "cam_channels": ["CAM_FRONT_LEFT", "CAM_FRONT", "CAM_FRONT_RIGHT", "CAM_BACK_LEFT", "CAM_BACK", "CAM_BACK_RIGHT"], "token": "c0e18beded2d45d29662c2129503d4f7", "scene": "scene-0272"}, {"images": ["samples/CAM_FRONT_LEFT/n015-2018-07-11-11-54-16+0800__CAM_FRONT_LEFT__1531281635154844.jpg", "samples/CAM_FRONT/n015-2018-07-11-11-54-16+0800__CAM_FRONT__1531281635162460.jpg", "samples/CAM_FRONT_RIGHT/n015-2018-07-11-11-54-16+0800__CAM_FRONT_RIGHT__1531281635170339.jpg", "samples/CAM_BACK_LEFT/n015-2018-07-11-11-54-16+0800__CAM_BACK_LEFT__1531281635197423.jpg", "samples/CAM_BACK/n015-2018-07-11-11-54-16+0800__CAM_BACK__1531281635187525.jpg", "samples/CAM_BACK_RIGHT/n015-2018-07-11-11-54-16+0800__CAM_BACK_RIGHT__1531281635177893.jpg"], "intrinsics": [[[1272.5979470598488, 0.0, 826.6154927353808], [0.0, 1272.5979470598488, 479.75165386361925], [0.0, 0.0, 1.0]], [[1266.417203046554, 0.0, 816.2670197447984], [0.0, 1266.417203046554, 491.50706579294757], [0.0, 0.0, 1.0]], [[1260.8474446004698, 0.0, 807.968244525554], [0.0, 1260.8474446004698, 495.3344268742088], [0.0, 0.0, 1.0]], [[1256.7414812095406, 0.0, 792.1125740759628], [0.0, 1256.7414812095406, 492.7757465151356], [0.0, 0.0, 1.0]], [[809.2209905677063, 0.0, 829.2196003259838], [0.0, 809.2209905677063, 481.77842384512485], [0.0, 0.0, 1.0]], [[1259.5137405846733, 0.0, 807.2529053838625], [0.0, 1259.5137405846733, 501.19579884916527], [0.0, 0.0, 1.0]]], "extrinsics": [[[0.8207385540008545, -0.5712863206863403, -0.004484293516725302, -0.96484375], [-0.02734862081706524, -0.03144775331020355, -0.9991312026977539, 1.5082473754882812], [0.5706489682197571, 0.8201481103897095, -0.04143427684903145, -1.280181884765625], [0.0, 0.0, 0.0, 1.0]], [[0.00629121158272028, -0.9993563294410706, 0.03531588241457939, 0.0050048828125], [-0.03264640271663666, -0.03550301864743233, -0.9988362193107605, 1.5205330848693848], [0.999447226524353, 0.005130954086780548, -0.032848749309778214, -1.6922607421875], [0.0, 0.0, 0.0, 1.0]], [[-0.8325469493865967, -0.5529916882514954, 0.032644372433423996, 1.0322723388671875], [-0.02703622356057167, -0.018296925351023674, -0.9994669556617737, 1.5036468505859375], [0.55329430103302, -0.8329856991767883, 0.00028224021662026644, -1.248779296875], [0.0, 0.0, 0.0, 1.0]], [[0.9473283886909485, 0.3185681402683258, -0.03291275352239609, -1.14208984375], [-0.01833907887339592, -0.04863990098237991, -0.9986479878425598, 1.5885543823242188], [-0.3197382986545563, 0.9466511607170105, -0.04023571312427521, -0.103759765625], [0.0, 0.0, 0.0, 1.0]], [[0.0017270154785364866, 0.9992485046386719, -0.03872212395071983, 0.0028076171875], [-0.043755121529102325, -0.0386095829308033, -0.9982959628105164, 1.5793536901474], [-0.9990407824516296, 0.0034183720126748085, 0.04365556314587593, 0.0018310546875], [0.0, 0.0, 0.0, 1.0]], [[-0.9349336624145508, 0.3548159897327423, 0.0021588352974504232, 1.1361083984375], [-0.011151458136737347, -0.023301536217331886, -0.9996663331985474, 1.5514450073242188], [-0.3546472489833832, -0.9346457719802856, 0.02574210986495018, -0.06365966796875], [0.0, 0.0, 0.0, 1.0]]], "view": [[0.0, -2.0, 100.0], [-2.0, 0.0, 100.0], [0.0, 0.0, 1.0]], "bev": "bev_c3286d413f524369ac040fbcd0b0e9b6.png", "aux": "aux_c3286d413f524369ac040fbcd0b0e9b6.npz", "visibility": "visibility_c3286d413f524369ac040fbcd0b0e9b6.png", "pose": [[-0.5121645927429199, -0.8588873147964478, 0.0, 534.797607421875], [0.8588873147964478, -0.5121645927429199, 0.0, 1698.0904541015625], [0.0, 0.0, 1.0, 0.0], [0.0, 0.0, 0.0, 1.0]], "pose_inverse": [[-0.5121645927429199, 0.8588873147964478, 0.0, -1184.56396484375], [-0.8588873147964478, -0.5121645927429199, 0.0, 1329.03271484375], [0.0, 0.0, 1.0, 0.0], [0.0, 0.0, 0.0, 1.0]], "cam_ids": [0, 1, 2, 3, 4, 5], "cam_channels": ["CAM_FRONT_LEFT", "CAM_FRONT", "CAM_FRONT_RIGHT", "CAM_BACK_LEFT", "CAM_BACK", "CAM_BACK_RIGHT"], "token": "c3286d413f524369ac040fbcd0b0e9b6", "scene": "scene-0272"}, {"images": ["samples/CAM_FRONT_LEFT/n015-2018-07-11-11-54-16+0800__CAM_FRONT_LEFT__1531281635654844.jpg", "samples/CAM_FRONT/n015-2018-07-11-11-54-16+0800__CAM_FRONT__1531281635662460.jpg", "samples/CAM_FRONT_RIGHT/n015-2018-07-11-11-54-16+0800__CAM_FRONT_RIGHT__1531281635670339.jpg", "samples/CAM_BACK_LEFT/n015-2018-07-11-11-54-16+0800__CAM_BACK_LEFT__1531281635697423.jpg", "samples/CAM_BACK/n015-2018-07-11-11-54-16+0800__CAM_BACK__1531281635687525.jpg", "samples/CAM_BACK_RIGHT/n015-2018-07-11-11-54-16+0800__CAM_BACK_RIGHT__1531281635677893.jpg"], "intrinsics": [[[1272.5979470598488, 0.0, 826.6154927353808], [0.0, 1272.5979470598488, 479.75165386361925], [0.0, 0.0, 1.0]], [[1266.417203046554, 0.0, 816.2670197447984], [0.0, 1266.417203046554, 491.50706579294757], [0.0, 0.0, 1.0]], [[1260.8474446004698, 0.0, 807.968244525554], [0.0, 1260.8474446004698, 495.3344268742088], [0.0, 0.0, 1.0]], [[1256.7414812095406, 0.0, 792.1125740759628], [0.0, 1256.7414812095406, 492.7757465151356], [0.0, 0.0, 1.0]], [[809.2209905677063, 0.0, 829.2196003259838], [0.0, 809.2209905677063, 481.77842384512485], [0.0, 0.0, 1.0]], [[1259.5137405846733, 0.0, 807.2529053838625], [0.0, 1259.5137405846733, 501.19579884916527], [0.0, 0.0, 1.0]]], "extrinsics": [[[0.8207422494888306, -0.5712810754776001, -0.0044736373238265514, -0.9649658203125], [-0.027342136949300766, -0.03145753964781761, -0.9991310238838196, 1.508249282836914], [0.570643961429596, 0.8201515078544617, -0.04143857583403587, -1.28021240234375], [0.0, 0.0, 0.0, 1.0]], [[0.006298083811998367, -0.9993563890457153, 0.03531555086374283, 0.0050048828125], [-0.03263305127620697, -0.0355028435587883, -0.9988366961479187, 1.5205330848693848], [0.9994475841522217, 0.005138362292200327, -0.03283565118908882, -1.6922607421875], [0.0, 0.0, 0.0, 1.0]], [[-0.8325427770614624, -0.5529987812042236, 0.03263182193040848, 1.03228759765625], [-0.027017882093787193, -0.018301842734217644, -0.9994673728942871, 1.503648281097412], [0.5533013939857483, -0.8329809904098511, 0.0002962116850540042, -1.2486572265625], [0.0, 0.0, 0.0, 1.0]], [[0.9473283290863037, 0.3185693919658661, -0.03290129080414772, -1.1422119140625], [-0.018323535099625587, -0.04864998906850815, -0.9986478090286255, 1.5885543823242188], [-0.31973934173583984, 0.9466502070426941, -0.04025019332766533, -0.103759765625], [0.0, 0.0, 0.0, 1.0]], [[0.0017235616687685251, 0.9992478489875793, -0.03873991593718529, 0.0028076171875], [-0.04374784603714943, -0.038627542555332184, -0.9982956051826477, 1.5793578624725342], [-0.9990411996841431, 0.003415477927774191, 0.043648358434438705, 0.0015869140625], [0.0, 0.0, 0.0, 1.0]], [[-0.9349359273910522, 0.35481002926826477, 0.0021412530913949013, 1.1361083984375], [-0.011136000975966454, -0.023310810327529907, -0.9996662139892578, 1.55145263671875], [-0.35464170575141907, -0.934647798538208, 0.02574528008699417, -0.063720703125], [0.0, 0.0, 0.0, 1.0]]], "view": [[0.0, -2.0, 100.0], [-2.0, 0.0, 100.0], [0.0, 0.0, 1.0]], "bev": "bev_e7683144f74449309873faf2cb7e76c8.png", "aux": "aux_e7683144f74449309873faf2cb7e76c8.npz", "visibility": "visibility_e7683144f74449309873faf2cb7e76c8.png", "pose": [[-0.5121538043022156, -0.8588937520980835, 0.0, 534.7975463867188], [0.8588937520980835, -0.5121538043022156, 0.0, 1698.0904541015625], [0.0, 0.0, 1.0, 0.0], [0.0, 0.0, 0.0, 1.0]], "pose_inverse": [[-0.5121538043022156, 0.8588937520980835, 0.0, -1184.5806884765625], [-0.8588937520980835, -0.5121538043022156, 0.0, 1329.017822265625], [0.0, 0.0, 1.0, 0.0], [0.0, 0.0, 0.0, 1.0]], "cam_ids": [0, 1, 2, 3, 4, 5], "cam_channels": ["CAM_FRONT_LEFT", "CAM_FRONT", "CAM_FRONT_RIGHT", "CAM_BACK_LEFT", "CAM_BACK", "CAM_BACK_RIGHT"], "token": "e7683144f74449309873faf2cb7e76c8", "scene": "scene-0272"}, {"images": ["samples/CAM_FRONT_LEFT/n015-2018-07-11-11-54-16+0800__CAM_FRONT_LEFT__1531281636154844.jpg", "samples/CAM_FRONT/n015-2018-07-11-11-54-16+0800__CAM_FRONT__1531281636162460.jpg", "samples/CAM_FRONT_RIGHT/n015-2018-07-11-11-54-16+0800__CAM_FRONT_RIGHT__1531281636170339.jpg", "samples/CAM_BACK_LEFT/n015-2018-07-11-11-54-16+0800__CAM_BACK_LEFT__1531281636197423.jpg", "samples/CAM_BACK/n015-2018-07-11-11-54-16+0800__CAM_BACK__1531281636187525.jpg", "samples/CAM_BACK_RIGHT/n015-2018-07-11-11-54-16+0800__CAM_BACK_RIGHT__1531281636177893.jpg"], "intrinsics": [[[1272.5979470598488, 0.0, 826.6154927353808], [0.0, 1272.5979470598488, 479.75165386361925], [0.0, 0.0, 1.0]], [[1266.417203046554, 0.0, 816.2670197447984], [0.0, 1266.417203046554, 491.50706579294757], [0.0, 0.0, 1.0]], [[1260.8474446004698, 0.0, 807.968244525554], [0.0, 1260.8474446004698, 495.3344268742088], [0.0, 0.0, 1.0]], [[1256.7414812095406, 0.0, 792.1125740759628], [0.0, 1256.7414812095406, 492.7757465151356], [0.0, 0.0, 1.0]], [[809.2209905677063, 0.0, 829.2196003259838], [0.0, 809.2209905677063, 481.77842384512485], [0.0, 0.0, 1.0]], [[1259.5137405846733, 0.0, 807.2529053838625], [0.0, 1259.5137405846733, 501.19579884916527], [0.0, 0.0, 1.0]]], "extrinsics": [[[0.8207265734672546, -0.5713037252426147, -0.0044634523801505566, -0.9649658203125], [-0.02729715220630169, -0.03140870854258537, -0.999133825302124, 1.5082483291625977], [0.5706685781478882, 0.8201375007629395, -0.04137292876839638, -1.280364990234375], [0.0, 0.0, 0.0, 1.0]], [[0.006274016574025154, -0.9993576407432556, 0.03528162091970444, 0.0048828125], [-0.03258701041340828, -0.03546791151165962, -0.9988394379615784, 1.5205330848693848], [0.9994492530822754, 0.005117116030305624, -0.032788608223199844, -1.6922607421875], [0.0, 0.0, 0.0, 1.0]], [[-0.832554042339325, -0.5529856085777283, 0.032567016780376434, 1.0324249267578125], [-0.026965953409671783, -0.01826290227472782, -0.999469518661499, 1.5036439895629883], [0.5532870292663574, -0.8329905867576599, 0.00029307015938684344, -1.2486572265625], [0.0, 0.0, 0.0, 1.0]], [[0.9473320245742798, 0.31856387853622437, -0.03284827247262001, -1.1422119140625], [-0.018282979726791382, -0.048605307936668396, -0.9986506700515747, 1.5885543823242188], [-0.31973063945770264, 0.9466543793678284, -0.04022107273340225, -0.103759765625], [0.0, 0.0, 0.0, 1.0]], [[0.0017335903830826283, 0.9992499351501465, -0.03868623450398445, 0.002685546875], [-0.04369240626692772, -0.03857365995645523, -0.9983000755310059, 1.5793546438217163], [-0.9990435242652893, 0.0034209485165774822, 0.04359275847673416, 0.001708984375], [0.0, 0.0, 0.0, 1.0]], [[-0.9349313378334045, 0.3548222482204437, 0.0021044770255684853, 1.1363525390625], [-0.01107851043343544, -0.023261984810233116, -0.9996680617332458, 1.5514488220214844], [-0.35465559363365173, -0.934644341468811, 0.02567925862967968, -0.06365966796875], [0.0, 0.0, 0.0, 1.0]]], "view": [[0.0, -2.0, 100.0], [-2.0, 0.0, 100.0], [0.0, 0.0, 1.0]], "bev": "bev_a4fa9d49433944d893b977da960fc458.png", "aux": "aux_a4fa9d49433944d893b977da960fc458.npz", "visibility": "visibility_a4fa9d49433944d893b977da960fc458.png", "pose": [[-0.5122311115264893, -0.8588476181030273, 0.0, 534.7975463867188], [0.8588476181030273, -0.5122311115264893, 0.0, 1698.09033203125], [0.0, 0.0, 1.0, 0.0], [0.0, 0.0, 0.0, 1.0]], "pose_inverse": [[-0.5122311115264893, 0.8588476181030273, 0.0, -1184.4609375], [-0.8588476181030273, -0.5122311115264893, 0.0, 1329.1243896484375], [0.0, 0.0, 1.0, 0.0], [0.0, 0.0, 0.0, 1.0]], "cam_ids": [0, 1, 2, 3, 4, 5], "cam_channels": ["CAM_FRONT_LEFT", "CAM_FRONT", "CAM_FRONT_RIGHT", "CAM_BACK_LEFT", "CAM_BACK", "CAM_BACK_RIGHT"], "token": "a4fa9d49433944d893b977da960fc458", "scene": "scene-0272"}, {"images": ["samples/CAM_FRONT_LEFT/n015-2018-07-11-11-54-16+0800__CAM_FRONT_LEFT__1531281636654844.jpg", "samples/CAM_FRONT/n015-2018-07-11-11-54-16+0800__CAM_FRONT__1531281636662460.jpg", "samples/CAM_FRONT_RIGHT/n015-2018-07-11-11-54-16+0800__CAM_FRONT_RIGHT__1531281636670339.jpg", "samples/CAM_BACK_LEFT/n015-2018-07-11-11-54-16+0800__CAM_BACK_LEFT__1531281636697423.jpg", "samples/CAM_BACK/n015-2018-07-11-11-54-16+0800__CAM_BACK__1531281636687525.jpg", "samples/CAM_BACK_RIGHT/n015-2018-07-11-11-54-16+0800__CAM_BACK_RIGHT__1531281636677893.jpg"], "intrinsics": [[[1272.5979470598488, 0.0, 826.6154927353808], [0.0, 1272.5979470598488, 479.75165386361925], [0.0, 0.0, 1.0]], [[1266.417203046554, 0.0, 816.2670197447984], [0.0, 1266.417203046554, 491.50706579294757], [0.0, 0.0, 1.0]], [[1260.8474446004698, 0.0, 807.968244525554], [0.0, 1260.8474446004698, 495.3344268742088], [0.0, 0.0, 1.0]], [[1256.7414812095406, 0.0, 792.1125740759628], [0.0, 1256.7414812095406, 492.7757465151356], [0.0, 0.0, 1.0]], [[809.2209905677063, 0.0, 829.2196003259838], [0.0, 809.2209905677063, 481.77842384512485], [0.0, 0.0, 1.0]], [[1259.5137405846733, 0.0, 807.2529053838625], [0.0, 1259.5137405846733, 501.19579884916527], [0.0, 0.0, 1.0]]], "extrinsics": [[[0.8207178115844727, -0.571316123008728, -0.004496827721595764, -0.96484375], [-0.027281034737825394, -0.031326062977313995, -0.9991368055343628, 1.508249282836914], [0.5706820487976074, 0.8201320171356201, -0.04129594936966896, -1.280120849609375], [0.0, 0.0, 0.0, 1.0]], [[0.0062636383809149265, -0.9993612170219421, 0.035183317959308624, 0.0050048828125], [-0.03256983682513237, -0.035369228571653366, -0.9988434910774231, 1.5205321311950684], [0.9994498491287231, 0.005110476166009903, -0.03277057036757469, -1.6922607421875], [0.0, 0.0, 0.0, 1.0]], [[-0.8325567841529846, -0.5529851317405701, 0.032503891736269, 1.03216552734375], [-0.02695493958890438, -0.01816539280116558, -0.9994715452194214, 1.5036449432373047], [0.5532833933830261, -0.8329930305480957, 0.000218041634070687, -1.2486572265625], [0.0, 0.0, 0.0, 1.0]], [[0.9473334550857544, 0.318563848733902, -0.032809462398290634, -1.14215087890625], [-0.018269365653395653, -0.048524484038352966, -0.998654842376709, 1.5885543823242188], [-0.31972745060920715, 0.9466586112976074, -0.04014890640974045, -0.10400390625], [0.0, 0.0, 0.0, 1.0]], [[0.0017357546603307128, 0.9992529153823853, -0.038609493523836136, 0.0028076171875], [-0.04368032142519951, -0.03849693760275841, -0.9983035922050476, 1.5793557167053223], [-0.9990440607070923, 0.0034192351158708334, 0.04358086735010147, 0.0018310546875], [0.0, 0.0, 0.0, 1.0]], [[-0.9349303245544434, 0.3548249304294586, 0.0021203954238444567, 1.1363525390625], [-0.011064990423619747, -0.02318129688501358, -0.9996700882911682, 1.5514507293701172], [-0.35465866327285767, -0.9346453547477722, 0.025599034503102303, -0.063720703125], [0.0, 0.0, 0.0, 1.0]]], "view": [[0.0, -2.0, 100.0], [-2.0, 0.0, 100.0], [0.0, 0.0, 1.0]], "bev": "bev_d55a20a3225b4e258cbba4dd9e1b597f.png", "aux": "aux_d55a20a3225b4e258cbba4dd9e1b597f.npz", "visibility": "visibility_d55a20a3225b4e258cbba4dd9e1b597f.png", "pose": [[-0.5122275352478027, -0.8588497638702393, 0.0, 534.7974853515625], [0.8588497638702393, -0.5122275352478027, 0.0, 1698.09033203125], [0.0, 0.0, 1.0, 0.0], [0.0, 0.0, 0.0, 1.0]], "pose_inverse": [[-0.5122275352478027, 0.8588497638702393, 0.0, -1184.466552734375], [-0.8588497638702393, -0.5122275352478027, 0.0, 1329.119384765625], [0.0, 0.0, 1.0, 0.0], [0.0, 0.0, 0.0, 1.0]], "cam_ids": [0, 1, 2, 3, 4, 5], "cam_channels": ["CAM_FRONT_LEFT", "CAM_FRONT", "CAM_FRONT_RIGHT", "CAM_BACK_LEFT", "CAM_BACK", "CAM_BACK_RIGHT"], "token": "d55a20a3225b4e258cbba4dd9e1b597f", "scene": "scene-0272"}, {"images": ["samples/CAM_FRONT_LEFT/n015-2018-07-11-11-54-16+0800__CAM_FRONT_LEFT__1531281637104844.jpg", "samples/CAM_FRONT/n015-2018-07-11-11-54-16+0800__CAM_FRONT__1531281637112460.jpg", "samples/CAM_FRONT_RIGHT/n015-2018-07-11-11-54-16+0800__CAM_FRONT_RIGHT__1531281637120339.jpg", "samples/CAM_BACK_LEFT/n015-2018-07-11-11-54-16+0800__CAM_BACK_LEFT__1531281637147423.jpg", "samples/CAM_BACK/n015-2018-07-11-11-54-16+0800__CAM_BACK__1531281637137525.jpg", "samples/CAM_BACK_RIGHT/n015-2018-07-11-11-54-16+0800__CAM_BACK_RIGHT__1531281637127893.jpg"], "intrinsics": [[[1272.5979470598488, 0.0, 826.6154927353808], [0.0, 1272.5979470598488, 479.75165386361925], [0.0, 0.0, 1.0]], [[1266.417203046554, 0.0, 816.2670197447984], [0.0, 1266.417203046554, 491.50706579294757], [0.0, 0.0, 1.0]], [[1260.8474446004698, 0.0, 807.968244525554], [0.0, 1260.8474446004698, 495.3344268742088], [0.0, 0.0, 1.0]], [[1256.7414812095406, 0.0, 792.1125740759628], [0.0, 1256.7414812095406, 492.7757465151356], [0.0, 0.0, 1.0]], [[809.2209905677063, 0.0, 829.2196003259838], [0.0, 809.2209905677063, 481.77842384512485], [0.0, 0.0, 1.0]], [[1259.5137405846733, 0.0, 807.2529053838625], [0.0, 1259.5137405846733, 501.19579884916527], [0.0, 0.0, 1.0]]], "extrinsics": [[[0.820749044418335, -0.5712721943855286, -0.004370600916445255, -0.965087890625], [-0.027168186381459236, -0.03138858452439308, -0.9991379380226135, 1.5082473754882812], [0.5706425905227661, 0.8201602697372437, -0.04128257930278778, -1.2802734375], [0.0, 0.0, 0.0, 1.0]], [[0.0063038170337677, -0.9993588328361511, 0.035242464393377304, 0.0050048828125], [-0.03246466442942619, -0.03542911633849144, -0.9988448023796082, 1.5205321311950684], [0.9994529485702515, 0.005152398720383644, -0.032667189836502075, -1.6923828125], [0.0, 0.0, 0.0, 1.0]], [[-0.8325422406196594, -0.5530107021331787, 0.03244345262646675, 1.0322265625], [-0.026853226125240326, -0.01820928417146206, -0.999473512172699, 1.50364351272583], [0.5533102750778198, -0.8329752087593079, 0.0003098752931691706, -1.2486572265625], [0.0, 0.0, 0.0, 1.0]], [[0.9473336935043335, 0.3185729682445526, -0.03271357715129852, -1.14215087890625], [-0.018171699717640877, -0.048513174057006836, -0.9986572265625, 1.5885543823242188], [-0.3197322487831116, 0.9466561079025269, -0.04016915336251259, -0.103759765625], [0.0, 0.0, 0.0, 1.0]], [[0.0017249007942155004, 0.9992526173591614, -0.03861820325255394, 0.0029296875], [-0.04358542338013649, -0.038506437093019485, -0.9983073472976685, 1.579355001449585], [-0.9990482330322266, 0.003405262716114521, 0.043486423790454865, 0.0018310546875], [0.0, 0.0, 0.0, 1.0]], [[-0.9349395632743835, 0.354801207780838, 0.002025131369009614, 1.1361083984375], [-0.010972792282700539, -0.023208584636449814, -0.9996704459190369, 1.5514469146728516], [-0.3546372950077057, -0.9346537590026855, 0.025591783225536346, -0.06353759765625], [0.0, 0.0, 0.0, 1.0]]], "view": [[0.0, -2.0, 100.0], [-2.0, 0.0, 100.0], [0.0, 0.0, 1.0]], "bev": "bev_1a0f8e5b0cc248cd832716486455a257.png", "aux": "aux_1a0f8e5b0cc248cd832716486455a257.npz", "visibility": "visibility_1a0f8e5b0cc248cd832716486455a257.png", "pose": [[-0.5121742486953735, -0.8588815927505493, 0.0, 534.7974853515625], [0.8588815927505493, -0.5121742486953735, 0.0, 1698.09033203125], [0.0, 0.0, 1.0, 0.0], [0.0, 0.0, 0.0, 1.0]], "pose_inverse": [[-0.5121742486953735, 0.8588815927505493, 0.0, -1184.549072265625], [-0.8588815927505493, -0.5121742486953735, 0.0, 1329.0457763671875], [0.0, 0.0, 1.0, 0.0], [0.0, 0.0, 0.0, 1.0]], "cam_ids": [0, 1, 2, 3, 4, 5], "cam_channels": ["CAM_FRONT_LEFT", "CAM_FRONT", "CAM_FRONT_RIGHT", "CAM_BACK_LEFT", "CAM_BACK", "CAM_BACK_RIGHT"], "token": "1a0f8e5b0cc248cd832716486455a257", "scene": "scene-0272"}, {"images": ["samples/CAM_FRONT_LEFT/n015-2018-07-11-11-54-16+0800__CAM_FRONT_LEFT__1531281637604844.jpg", "samples/CAM_FRONT/n015-2018-07-11-11-54-16+0800__CAM_FRONT__1531281637612460.jpg", "samples/CAM_FRONT_RIGHT/n015-2018-07-11-11-54-16+0800__CAM_FRONT_RIGHT__1531281637620339.jpg", "samples/CAM_BACK_LEFT/n015-2018-07-11-11-54-16+0800__CAM_BACK_LEFT__1531281637647423.jpg", "samples/CAM_BACK/n015-2018-07-11-11-54-16+0800__CAM_BACK__1531281637637525.jpg", "samples/CAM_BACK_RIGHT/n015-2018-07-11-11-54-16+0800__CAM_BACK_RIGHT__1531281637627893.jpg"], "intrinsics": [[[1272.5979470598488, 0.0, 826.6154927353808], [0.0, 1272.5979470598488, 479.75165386361925], [0.0, 0.0, 1.0]], [[1266.417203046554, 0.0, 816.2670197447984], [0.0, 1266.417203046554, 491.50706579294757], [0.0, 0.0, 1.0]], [[1260.8474446004698, 0.0, 807.968244525554], [0.0, 1260.8474446004698, 495.3344268742088], [0.0, 0.0, 1.0]], [[1256.7414812095406, 0.0, 792.1125740759628], [0.0, 1256.7414812095406, 492.7757465151356], [0.0, 0.0, 1.0]], [[809.2209905677063, 0.0, 829.2196003259838], [0.0, 809.2209905677063, 481.77842384512485], [0.0, 0.0, 1.0]], [[1259.5137405846733, 0.0, 807.2529053838625], [0.0, 1259.5137405846733, 501.19579884916527], [0.0, 0.0, 1.0]]], "extrinsics": [[[0.8207260966300964, -0.5713056921958923, -0.004298418760299683, -0.9649658203125], [-0.027104301378130913, -0.03142011538147926, -0.9991387128829956, 1.5082502365112305], [0.5706785917282104, 0.8201357126235962, -0.04127214848995209, -1.280242919921875], [0.0, 0.0, 0.0, 1.0]], [[0.006264356896281242, -0.9993573427200317, 0.03529302030801773, 0.005126953125], [-0.03239906579256058, -0.03547802194952965, -0.9988451600074768, 1.5205321311950684], [0.9994553923606873, 0.005113648716360331, -0.032600488513708115, -1.6922607421875], [0.0, 0.0, 0.0, 1.0]], [[-0.8325608372688293, -0.552983820438385, 0.03242390602827072, 1.0322265625], [-0.026784971356391907, -0.01827673427760601, -0.9994741082191467, 1.50364351272583], [0.5532856583595276, -0.8329914808273315, 0.00040483655175194144, -1.2486572265625], [0.0, 0.0, 0.0, 1.0]], [[0.9473366737365723, 0.3185667395591736, -0.03268737718462944, -1.14215087890625], [-0.018105918541550636, -0.04862700402736664, -0.9986528754234314, 1.5885543823242188], [-0.3197270929813385, 0.946652352809906, -0.04029820114374161, -0.103759765625], [0.0, 0.0, 0.0, 1.0]], [[0.001740295090712607, 0.9992486834526062, -0.03871928155422211, 0.002685546875], [-0.043516311794519424, -0.03860698267817497, -0.9983064532279968, 1.5793578624725342], [-0.9990512132644653, 0.0034222484100610018, 0.043416425585746765, 0.001953125], [0.0, 0.0, 0.0, 1.0]], [[-0.9349318146705627, 0.35482221841812134, 0.0019266062881797552, 1.13623046875], [-0.01090057659894228, -0.02329428121447563, -0.9996691942214966, 1.5514488220214844], [-0.35465991497039795, -0.934643566608429, 0.025646330788731575, -0.06365966796875], [0.0, 0.0, 0.0, 1.0]]], "view": [[0.0, -2.0, 100.0], [-2.0, 0.0, 100.0], [0.0, 0.0, 1.0]], "bev": "bev_f9b825f4020e4da8b6a182160e0b0705.png", "aux": "aux_f9b825f4020e4da8b6a182160e0b0705.npz", "visibility": "visibility_f9b825f4020e4da8b6a182160e0b0705.png", "pose": [[-0.5122036933898926, -0.8588640093803406, 0.0, 534.7974243164062], [0.8588640093803406, -0.5122036933898926, 0.0, 1698.09033203125], [0.0, 0.0, 1.0, 0.0], [0.0, 0.0, 0.0, 1.0]], "pose_inverse": [[-0.5122036933898926, 0.8588640093803406, 0.0, -1184.50341796875], [-0.8588640093803406, -0.5122036933898926, 0.0, 1329.08642578125], [0.0, 0.0, 1.0, 0.0], [0.0, 0.0, 0.0, 1.0]], "cam_ids": [0, 1, 2, 3, 4, 5], "cam_channels": ["CAM_FRONT_LEFT", "CAM_FRONT", "CAM_FRONT_RIGHT", "CAM_BACK_LEFT", "CAM_BACK", "CAM_BACK_RIGHT"], "token": "f9b825f4020e4da8b6a182160e0b0705", "scene": "scene-0272"}, {"images": ["samples/CAM_FRONT_LEFT/n015-2018-07-11-11-54-16+0800__CAM_FRONT_LEFT__1531281638104844.jpg", "samples/CAM_FRONT/n015-2018-07-11-11-54-16+0800__CAM_FRONT__1531281638112460.jpg", "samples/CAM_FRONT_RIGHT/n015-2018-07-11-11-54-16+0800__CAM_FRONT_RIGHT__1531281638120339.jpg", "samples/CAM_BACK_LEFT/n015-2018-07-11-11-54-16+0800__CAM_BACK_LEFT__1531281638147423.jpg", "samples/CAM_BACK/n015-2018-07-11-11-54-16+0800__CAM_BACK__1531281638137525.jpg", "samples/CAM_BACK_RIGHT/n015-2018-07-11-11-54-16+0800__CAM_BACK_RIGHT__1531281638127893.jpg"], "intrinsics": [[[1272.5979470598488, 0.0, 826.6154927353808], [0.0, 1272.5979470598488, 479.75165386361925], [0.0, 0.0, 1.0]], [[1266.417203046554, 0.0, 816.2670197447984], [0.0, 1266.417203046554, 491.50706579294757], [0.0, 0.0, 1.0]], [[1260.8474446004698, 0.0, 807.968244525554], [0.0, 1260.8474446004698, 495.3344268742088], [0.0, 0.0, 1.0]], [[1256.7414812095406, 0.0, 792.1125740759628], [0.0, 1256.7414812095406, 492.7757465151356], [0.0, 0.0, 1.0]], [[809.2209905677063, 0.0, 829.2196003259838], [0.0, 809.2209905677063, 481.77842384512485], [0.0, 0.0, 1.0]], [[1259.5137405846733, 0.0, 807.2529053838625], [0.0, 1259.5137405846733, 501.19579884916527], [0.0, 0.0, 1.0]]], "extrinsics": [[[0.8207933306694031, -0.5712241530418396, 0.0011256844736635685, -0.96484375], [-0.020405501127243042, -0.03128999099135399, -0.9993020296096802, 1.5082502365112305], [0.5708606839179993, 0.8201974630355835, -0.037338729947805405, -1.2801513671875], [0.0, 0.0, 0.0, 1.0]], [[0.006096554454416037, -0.9993610978126526, 0.03521733731031418, 0.005126953125], [-0.02540522627532482, -0.03536141291260719, -0.9990516901016235, 1.5205373764038086], [0.9996587038040161, 0.005196072161197662, -0.025604575872421265, -1.6922607421875], [0.0, 0.0, 0.0, 1.0]], [[-0.8327431678771973, -0.553035318851471, 0.026282355189323425, 1.0323638916015625], [-0.01948097161948681, -0.01817312464118004, -0.9996449947357178, 1.5036439895629883], [0.553316593170166, -0.8329595923423767, 0.004359880927950144, -1.2486572265625], [0.0, 0.0, 0.0, 1.0]], [[0.9475756287574768, 0.3185677230358124, -0.024800200015306473, -1.142333984375], [-0.009811836294829845, -0.048568274825811386, -0.9987716674804688, 1.5885581970214844], [-0.31938090920448303, 0.9466550350189209, -0.04289637878537178, -0.103759765625], [0.0, 0.0, 0.0, 1.0]], [[0.002030763542279601, 0.9992519021034241, -0.038622189313173294, 0.002685546875], [-0.0355425663292408, -0.038525741547346115, -0.9986253380775452, 1.5793585777282715], [-0.9993661046028137, 0.003400782123208046, 0.03543774038553238, 0.001708984375], [0.0, 0.0, 0.0, 1.0]], [[-0.9349328875541687, 0.35478708148002625, -0.005165623966604471, 1.13623046875], [-0.0032780743204057217, -0.023194164037704468, -0.9997255802154541, 1.5514507293701172], [-0.35480958223342896, -0.9346594214439392, 0.022848006337881088, -0.06365966796875], [0.0, 0.0, 0.0, 1.0]]], "view": [[0.0, -2.0, 100.0], [-2.0, 0.0, 100.0], [0.0, 0.0, 1.0]], "bev": "bev_77d239a5f93b49a38ec0a6185c87147d.png", "aux": "aux_77d239a5f93b49a38ec0a6185c87147d.npz", "visibility": "visibility_77d239a5f93b49a38ec0a6185c87147d.png", "pose": [[-0.511940062046051, -0.8590211868286133, 0.0, 534.7974243164062], [0.8590211868286133, -0.511940062046051, 0.0, 1698.09033203125], [0.0, 0.0, 1.0, 0.0], [0.0, 0.0, 0.0, 1.0]], "pose_inverse": [[-0.511940062046051, 0.8590211868286133, 0.0, -1184.911376953125], [-0.8590211868286133, -0.511940062046051, 0.0, 1328.7227783203125], [0.0, 0.0, 1.0, 0.0], [0.0, 0.0, 0.0, 1.0]], "cam_ids": [0, 1, 2, 3, 4, 5], "cam_channels": ["CAM_FRONT_LEFT", "CAM_FRONT", "CAM_FRONT_RIGHT", "CAM_BACK_LEFT", "CAM_BACK", "CAM_BACK_RIGHT"], "token": "77d239a5f93b49a38ec0a6185c87147d", "scene": "scene-0272"}, {"images": ["samples/CAM_FRONT_LEFT/n015-2018-07-11-11-54-16+0800__CAM_FRONT_LEFT__1531281638604844.jpg", "samples/CAM_FRONT/n015-2018-07-11-11-54-16+0800__CAM_FRONT__1531281638612460.jpg", "samples/CAM_FRONT_RIGHT/n015-2018-07-11-11-54-16+0800__CAM_FRONT_RIGHT__1531281638620339.jpg", "samples/CAM_BACK_LEFT/n015-2018-07-11-11-54-16+0800__CAM_BACK_LEFT__1531281638647423.jpg", "samples/CAM_BACK/n015-2018-07-11-11-54-16+0800__CAM_BACK__1531281638637525.jpg", "samples/CAM_BACK_RIGHT/n015-2018-07-11-11-54-16+0800__CAM_BACK_RIGHT__1531281638627893.jpg"], "intrinsics": [[[1272.5979470598488, 0.0, 826.6154927353808], [0.0, 1272.5979470598488, 479.75165386361925], [0.0, 0.0, 1.0]], [[1266.417203046554, 0.0, 816.2670197447984], [0.0, 1266.417203046554, 491.50706579294757], [0.0, 0.0, 1.0]], [[1260.8474446004698, 0.0, 807.968244525554], [0.0, 1260.8474446004698, 495.3344268742088], [0.0, 0.0, 1.0]], [[1256.7414812095406, 0.0, 792.1125740759628], [0.0, 1256.7414812095406, 492.7757465151356], [0.0, 0.0, 1.0]], [[809.2209905677063, 0.0, 829.2196003259838], [0.0, 809.2209905677063, 481.77842384512485], [0.0, 0.0, 1.0]], [[1259.5137405846733, 0.0, 807.2529053838625], [0.0, 1259.5137405846733, 501.19579884916527], [0.0, 0.0, 1.0]]], "extrinsics": [[[0.8209882378578186, -0.5709313154220581, 0.00397224398329854, -0.94580078125], [-0.016803203150629997, -0.031115809455513954, -0.999374508857727, 1.5078468322753906], [0.5706978440284729, 0.8204079866409302, -0.035139188170433044, -1.266754150390625], [0.0, 0.0, 0.0, 1.0]], [[0.006286168470978737, -0.9993665814399719, 0.03502725437283516, 0.005126953125], [-0.022075561806559563, -0.035158101469278336, -0.9991379976272583, 1.5200824737548828], [0.9997365474700928, 0.005507474299520254, -0.022282585501670837, -1.672119140625], [0.0, 0.0, 0.0, 1.0]], [[-0.8326810598373413, -0.5532490611076355, 0.023616548627614975, 1.01873779296875], [-0.016436636447906494, -0.017936019226908684, -0.9997040033340454, 1.5033719539642334], [0.5535088777542114, -0.8328227996826172, 0.0058414326049387455, -1.2396240234375], [0.0, 0.0, 0.0, 1.0]], [[0.9476167559623718, 0.3186057209968567, -0.02264808490872383, -1.1405029296875], [-0.007648960221558809, -0.04825011268258095, -0.9988059997558594, 1.5885391235351562], [-0.319318026304245, 0.9466585516929626, -0.043285615742206573, -0.1044921875], [0.0, 0.0, 0.0, 1.0]], [[0.002010287018492818, 0.9992631077766418, -0.03833082690834999, 0.0029296875], [-0.03307922184467316, -0.038243480026721954, -0.99872082471847