[{"images": ["samples/CAM_FRONT_LEFT/n015-2018-11-14-18-57-54+0800__CAM_FRONT_LEFT__1542193281605381.jpg", "samples/CAM_FRONT/n015-2018-11-14-18-57-54+0800__CAM_FRONT__1542193281615209.jpg", "samples/CAM_FRONT_RIGHT/n015-2018-11-14-18-57-54+0800__CAM_FRONT_RIGHT__1542193281620339.jpg", "samples/CAM_BACK_LEFT/n015-2018-11-14-18-57-54+0800__CAM_BACK_LEFT__1542193281647423.jpg", "samples/CAM_BACK/n015-2018-11-14-18-57-54+0800__CAM_BACK__1542193281637525.jpg", "samples/CAM_BACK_RIGHT/n015-2018-11-14-18-57-54+0800__CAM_BACK_RIGHT__1542193281627893.jpg"], "intrinsics": [[[1272.5979470598488, 0.0, 826.6154927353808], [0.0, 1272.5979470598488, 479.75165386361925], [0.0, 0.0, 1.0]], [[1266.417203046554, 0.0, 816.2670197447984], [0.0, 1266.417203046554, 491.50706579294757], [0.0, 0.0, 1.0]], [[1260.8474446004698, 0.0, 807.968244525554], [0.0, 1260.8474446004698, 495.3344268742088], [0.0, 0.0, 1.0]], [[1256.7414812095406, 0.0, 792.1125740759628], [0.0, 1256.7414812095406, 492.7757465151356], [0.0, 0.0, 1.0]], [[809.2209905677063, 0.0, 829.2196003259838], [0.0, 809.2209905677063, 481.77842384512485], [0.0, 0.0, 1.0]], [[1259.5137405846733, 0.0, 807.2529053838625], [0.0, 1259.5137405846733, 501.19579884916527], [0.0, 0.0, 1.0]]], "extrinsics": [[[0.8224403858184814, -0.5684460401535034, 0.021468495950102806, -0.71044921875], [0.04418569058179855, 0.026211721822619438, -0.9986794590950012, 1.5219306945800781], [0.5671325922012329, 0.8223029375076294, 0.046674761921167374, -1.1043701171875], [0.0, 0.0, 0.0, 1.0]], [[0.00918506644666195, -0.9997214078903198, -0.021742044016718864, 0.0069580078125], [0.03899739310145378, 0.022084547206759453, -0.9989952445030212, 1.5298480987548828], [0.9991970658302307, 0.008327946066856384, 0.03918936848640442, -1.45361328125], [0.0, 0.0, 0.0, 1.0]], [[-0.8299247622489929, -0.554756224155426, -0.05891008675098419, 0.86492919921875], [0.0446026436984539, 0.039276931434869766, -0.998232364654541, 1.5126380920410156], [0.556089460849762, -0.8310853242874146, -0.007853303104639053, -1.13720703125], [0.0, 0.0, 0.0, 1.0]], [[0.9462524652481079, 0.3189356029033661, 0.05372631549835205, -1.1378173828125], [0.05370642617344856, 0.008863318711519241, -0.9985174536705017, 1.58880615234375], [-0.3189389407634735, 0.9477349519729614, -0.0087419543415308, -0.105224609375], [0.0, 0.0, 0.0, 1.0]], [[0.0006976326694712043, 0.9998218417167664, 0.018863089382648468, 0.0029296875], [0.028113096952438354, 0.01883603073656559, -0.9994272589683533, 1.5815162658691406], [-0.9996045231819153, 0.0012274956097826362, -0.028094947338104248, -0.074951171875], [0.0, 0.0, 0.0, 1.0]], [[-0.9342916011810303, 0.35371509194374084, -0.044552452862262726, 0.999267578125], [0.06053970754146576, 0.0342569425702095, -0.9975777864456177, 1.5603370666503906], [-0.3513320982456207, -0.9347257018089294, -0.05341978371143341, -0.115478515625], [0.0, 0.0, 0.0, 1.0]]], "view": [[0.0, -2.0, 100.0], [-2.0, 0.0, 100.0], [0.0, 0.0, 1.0]], "bev": "bev_b768a076b61a4de4bc5d9cf04293b8c9.png", "aux": "aux_b768a076b61a4de4bc5d9cf04293b8c9.npz", "visibility": "visibility_b768a076b61a4de4bc5d9cf04293b8c9.png", "pose": [[0.5002694129943848, 0.8658698201179504, 0.0, 789.8219604492188], [-0.8658698201179504, 0.5002694129943848, 0.0, 2456.69873046875], [0.0, 0.0, 1.0, 0.0], [0.0, 0.0, 0.0, 1.0]], "pose_inverse": [[0.5002694129943848, -0.8658698201179504, 0.0, 1732.0574951171875], [0.8658698201179504, 0.5002694129943848, 0.0, -1912.8941650390625], [0.0, 0.0, 1.0, 0.0], [0.0, 0.0, 0.0, 1.0]], "cam_ids": [0, 1, 2, 3, 4, 5], "cam_channels": ["CAM_FRONT_LEFT", "CAM_FRONT", "CAM_FRONT_RIGHT", "CAM_BACK_LEFT", "CAM_BACK", "CAM_BACK_RIGHT"], "token": "b768a076b61a4de4bc5d9cf04293b8c9", "scene": "scene-0999"}, {"images": ["samples/CAM_FRONT_LEFT/n015-2018-11-14-18-57-54+0800__CAM_FRONT_LEFT__1542193282104844.jpg", "samples/CAM_FRONT/n015-2018-11-14-18-57-54+0800__CAM_FRONT__1542193282112460.jpg", "samples/CAM_FRONT_RIGHT/n015-2018-11-14-18-57-54+0800__CAM_FRONT_RIGHT__1542193282120339.jpg", "samples/CAM_BACK_LEFT/n015-2018-11-14-18-57-54+0800__CAM_BACK_LEFT__1542193282147423.jpg", "samples/CAM_BACK/n015-2018-11-14-18-57-54+0800__CAM_BACK__1542193282137558.jpg", "samples/CAM_BACK_RIGHT/n015-2018-11-14-18-57-54+0800__CAM_BACK_RIGHT__1542193282127893.jpg"], "intrinsics": [[[1272.5979470598488, 0.0, 826.6154927353808], [0.0, 1272.5979470598488, 479.75165386361925], [0.0, 0.0, 1.0]], [[1266.417203046554, 0.0, 816.2670197447984], [0.0, 1266.417203046554, 491.50706579294757], [0.0, 0.0, 1.0]], [[1260.8474446004698, 0.0, 807.968244525554], [0.0, 1260.8474446004698, 495.3344268742088], [0.0, 0.0, 1.0]], [[1256.7414812095406, 0.0, 792.1125740759628], [0.0, 1256.7414812095406, 492.7757465151356], [0.0, 0.0, 1.0]], [[809.2209905677063, 0.0, 829.2196003259838], [0.0, 809.2209905677063, 481.77842384512485], [0.0, 0.0, 1.0]], [[1259.5137405846733, 0.0, 807.2529053838625], [0.0, 1259.5137405846733, 501.19579884916527], [0.0, 0.0, 1.0]]], "extrinsics": [[[0.8223733305931091, -0.5684462189674377, 0.023892657831311226, -0.7099609375], [0.04537316784262657, 0.02366509474813938, -0.9986897706985474, 1.5223045349121094], [0.5671359896659851, 0.8223799467086792, 0.04525374993681908, -1.104522705078125], [0.0, 0.0, 0.0, 1.0]], [[0.009331143461167812, -0.9997726678848267, -0.019170377403497696, 0.007568359375], [0.03996880725026131, 0.019528795033693314, -0.9990100860595703, 1.530670166015625], [0.9991573095321655, 0.00855572521686554, 0.04014194384217262, -1.4388427734375], [0.0, 0.0, 0.0, 1.0]], [[-0.829888105392456, -0.554893434047699, -0.058127764612436295, 0.870391845703125], [0.045393701642751694, 0.03668627887964249, -0.9982953071594238, 1.512497901916504], [0.5560800433158875, -0.8311120867729187, -0.005256840493530035, -1.139892578125], [0.0, 0.0, 0.0, 1.0]], [[0.9462904930114746, 0.3189607560634613, 0.05289948731660843, -1.1427001953125], [0.053757891058921814, 0.006118068005889654, -0.9985352158546448, 1.588531494140625], [-0.318817138671875, 0.9477481842041016, -0.011357191018760204, -0.103515625], [0.0, 0.0, 0.0, 1.0]], [[0.0007552848546765745, 0.9998682141304016, 0.016219845041632652, 0.0028076171875], [0.02844247780740261, 0.016191810369491577, -0.9994642734527588, 1.5813617706298828], [-0.9995951056480408, 0.001216235221363604, -0.02842649444937706, -0.0687255859375], [0.0, 0.0, 0.0, 1.0]], [[-0.934257447719574, 0.35361236333847046, -0.046057265251874924, 1.00537109375], [0.061156097799539566, 0.03163799270987511, -0.9976267218589783, 1.5600128173828125], [-0.351315975189209, -0.9348569512367249, -0.051183585077524185, -0.1126708984375], [0.0, 0.0, 0.0, 1.0]]], "view": [[0.0, -2.0, 100.0], [-2.0, 0.0, 100.0], [0.0, 0.0, 1.0]], "bev": "bev_66100681ea1b432db8aef10994e84c74.png", "aux": "aux_66100681ea1b432db8aef10994e84c74.npz", "visibility": "visibility_66100681ea1b432db8aef10994e84c74.png", "pose": [[0.46817612648010254, 0.8836351633071899, 0.0, 791.5772094726562], [-0.8836351633071899, 0.46817612648010254, 0.0, 2453.52587890625], [0.0, 0.0, 1.0, 0.0], [0.0, 0.0, 0.0, 1.0]], "pose_inverse": [[0.46817612648010254, -0.8836351633071899, 0.0, 1797.4241943359375], [0.8836351633071899, 0.46817612648010254, 0.0, -1848.147705078125], [0.0, 0.0, 1.0, 0.0], [0.0, 0.0, 0.0, 1.0]], "cam_ids": [0, 1, 2, 3, 4, 5], "cam_channels": ["CAM_FRONT_LEFT", "CAM_FRONT", "CAM_FRONT_RIGHT", "CAM_BACK_LEFT", "CAM_BACK", "CAM_BACK_RIGHT"], "token": "66100681ea1b432db8aef10994e84c74", "scene": "scene-0999"}, {"images": ["samples/CAM_FRONT_LEFT/n015-2018-11-14-18-57-54+0800__CAM_FRONT_LEFT__1542193282604844.jpg", "samples/CAM_FRONT/n015-2018-11-14-18-57-54+0800__CAM_FRONT__1542193282612460.jpg", "samples/CAM_FRONT_RIGHT/n015-2018-11-14-18-57-54+0800__CAM_FRONT_RIGHT__1542193282620339.jpg", "samples/CAM_BACK_LEFT/n015-2018-11-14-18-57-54+0800__CAM_BACK_LEFT__1542193282647425.jpg", "samples/CAM_BACK/n015-2018-11-14-18-57-54+0800__CAM_BACK__1542193282637525.jpg", "samples/CAM_BACK_RIGHT/n015-2018-11-14-18-57-54+0800__CAM_BACK_RIGHT__1542193282627893.jpg"], "intrinsics": [[[1272.5979470598488, 0.0, 826.6154927353808], [0.0, 1272.5979470598488, 479.75165386361925], [0.0, 0.0, 1.0]], [[1266.417203046554, 0.0, 816.2670197447984], [0.0, 1266.417203046554, 491.50706579294757], [0.0, 0.0, 1.0]], [[1260.8474446004698, 0.0, 807.968244525554], [0.0, 1260.8474446004698, 495.3344268742088], [0.0, 0.0, 1.0]], [[1256.7414812095406, 0.0, 792.1125740759628], [0.0, 1256.7414812095406, 492.7757465151356], [0.0, 0.0, 1.0]], [[809.2209905677063, 0.0, 829.2196003259838], [0.0, 809.2209905677063, 481.77842384512485], [0.0, 0.0, 1.0]], [[1259.5137405846733, 0.0, 807.2529053838625], [0.0, 1259.5137405846733, 501.19579884916527], [0.0, 0.0, 1.0]]], "extrinsics": [[[0.8221296668052673, -0.5685130953788757, 0.02992890402674675, -0.70361328125], [0.053507354110479355, 0.02482473850250244, -0.9982588291168213, 1.5252571105957031], [0.566780149936676, 0.822299599647522, 0.050828780978918076, -1.099945068359375], [0.0, 0.0, 0.0, 1.0]], [[0.009515231475234032, -0.9997442960739136, -0.020511653274297714, 0.007568359375], [0.0480494350194931, 0.020946016535162926, -0.9986253380775452, 1.5330619812011719], [0.9987996816635132, 0.008516608737409115, 0.04823645204305649, -1.4320068359375], [0.0, 0.0, 0.0, 1.0]], [[-0.8293392062187195, -0.5548661351203918, -0.06572572886943817, 0.865234375], [0.05340880528092384, 0.038368597626686096, -0.9978352785110474, 1.5144023895263672], [0.5561869144439697, -0.8310543894767761, -0.0021858445834368467, -1.136962890625], [0.0, 0.0, 0.0, 1.0]], [[0.9457777738571167, 0.31903135776519775, 0.06101959943771362, -1.139892578125], [0.061403099447488785, 0.008865490555763245, -0.9980736970901489, 1.5887222290039062], [-0.3189578354358673, 0.9477026462554932, -0.011204737238585949, -0.104736328125], [0.0, 0.0, 0.0, 1.0]], [[0.0004201593401376158, 0.99982750415802, 0.018567275255918503, 0.0028076171875], [0.03627823665738106, 0.01853981427848339, -0.9991697669029236, 1.5820846557617188], [-0.999341607093811, 0.00109338469337672, -0.036264196038246155, -0.0731201171875], [0.0, 0.0, 0.0, 1.0]], [[-0.9339171648025513, 0.3535686135292053, -0.052801407873630524, 1.00048828125], [0.06909160315990448, 0.03360164538025856, -0.9970443248748779, 1.5615005493164062], [-0.35074934363365173, -0.9348048567771912, -0.055809780955314636, -0.1146240234375], [0.0, 0.0, 0.0, 1.0]]], "view": [[0.0, -2.0, 100.0], [-2.0, 0.0, 100.0], [0.0, 0.0, 1.0]], "bev": "bev_f7ecad260f5247c28d86e3e5d44e6485.png", "aux": "aux_f7ecad260f5247c28d86e3e5d44e6485.npz", "visibility": "visibility_f7ecad260f5247c28d86e3e5d44e6485.png", "pose": [[0.4401114583015442, 0.8979431390762329, 0.0, 793.2284545898438], [-0.8979431390762329, 0.4401114583015442, 0.0, 2450.2607421875], [0.0, 0.0, 1.0, 0.0], [0.0, 0.0, 0.0, 1.0]], "pose_inverse": [[0.4401114583015442, -0.8979431390762329, 0.0, 1851.0859375], [0.8979431390762329, 0.4401114583015442, 0.0, -1790.661865234375], [0.0, 0.0, 1.0, 0.0], [0.0, 0.0, 0.0, 1.0]], "cam_ids": [0, 1, 2, 3, 4, 5], "cam_channels": ["CAM_FRONT_LEFT", "CAM_FRONT", "CAM_FRONT_RIGHT", "CAM_BACK_LEFT", "CAM_BACK", "CAM_BACK_RIGHT"], "token": "f7ecad260f5247c28d86e3e5d44e6485", "scene": "scene-0999"}, {"images": ["samples/CAM_FRONT_LEFT/n015-2018-11-14-18-57-54+0800__CAM_FRONT_LEFT__1542193283104844.jpg", "samples/CAM_FRONT/n015-2018-11-14-18-57-54+0800__CAM_FRONT__1542193283112460.jpg", "samples/CAM_FRONT_RIGHT/n015-2018-11-14-18-57-54+0800__CAM_FRONT_RIGHT__1542193283120339.jpg", "samples/CAM_BACK_LEFT/n015-2018-11-14-18-57-54+0800__CAM_BACK_LEFT__1542193283147423.jpg", "samples/CAM_BACK/n015-2018-11-14-18-57-54+0800__CAM_BACK__1542193283137525.jpg", "samples/CAM_BACK_RIGHT/n015-2018-11-14-18-57-54+0800__CAM_BACK_RIGHT__1542193283127893.jpg"], "intrinsics": [[[1272.5979470598488, 0.0, 826.6154927353808], [0.0, 1272.5979470598488, 479.75165386361925], [0.0, 0.0, 1.0]], [[1266.417203046554, 0.0, 816.2670197447984], [0.0, 1266.417203046554, 491.50706579294757], [0.0, 0.0, 1.0]], [[1260.8474446004698, 0.0, 807.968244525554], [0.0, 1260.8474446004698, 495.3344268742088], [0.0, 0.0, 1.0]], [[1256.7414812095406, 0.0, 792.1125740759628], [0.0, 1256.7414812095406, 492.7757465151356], [0.0, 0.0, 1.0]], [[809.2209905677063, 0.0, 829.2196003259838], [0.0, 809.2209905677063, 481.77842384512485], [0.0, 0.0, 1.0]], [[1259.5137405846733, 0.0, 807.2529053838625], [0.0, 1259.5137405846733, 501.19579884916527], [0.0, 0.0, 1.0]]], "extrinsics": [[[0.8214380741119385, -0.5696956515312195, 0.026199139654636383, -0.70849609375], [0.04975130781531334, 0.02582022175192833, -0.9984278678894043, 1.5238113403320312], [0.5681235194206238, 0.8214500546455383, 0.04955281317234039, -1.102386474609375], [0.0, 0.0, 0.0, 1.0]], [[0.00818268209695816, -0.9997360110282898, -0.02147074043750763, 0.0068359375], [0.04444984719157219, 0.021813886240124702, -0.998773455619812, 1.5319595336914062], [0.9989781379699707, 0.007218313403427601, 0.04461660981178284, -1.435791015625], [0.0, 0.0, 0.0, 1.0]], [[-0.8301754593849182, -0.5538983345031738, -0.06328797340393066, 0.8671875], [0.050000011920928955, 0.03908947855234146, -0.9979839324951172, 1.5135955810546875], [0.5552555322647095, -0.8316661715507507, -0.004756198730319738, -1.13818359375], [0.0, 0.0, 0.0, 1.0]], [[0.9459810256958008, 0.31897369027137756, 0.05810070410370827, -1.1405029296875], [0.058394744992256165, 0.008649813011288643, -0.9982560873031616, 1.588653564453125], [-0.31891998648643494, 0.9477241635322571, -0.010443824343383312, -0.1044921875], [0.0, 0.0, 0.0, 1.0]], [[0.0009558008750900626, 0.9998230934143066, 0.018786953762173653, 0.0029296875], [0.03313972428441048, 0.018744973465800285, -0.9992749094963074, 1.5817947387695312], [-0.9994503259658813, 0.0015777136432006955, -0.0331159383058548, -0.071533203125], [0.0, 0.0, 0.0, 1.0]], [[-0.9337748289108276, 0.3544195890426636, -0.04951176419854164, 1.001953125], [0.06583902984857559, 0.034149982035160065, -0.997245728969574, 1.5609054565429688], [-0.3517526090145111, -0.9344626665115356, -0.05522303283214569, -0.11407470703125], [0.0, 0.0, 0.0, 1.0]]], "view": [[0.0, -2.0, 100.0], [-2.0, 0.0, 100.0], [0.0, 0.0, 1.0]], "bev": "bev_dafa0ebd2cf345cab6daee1056268ce6.png", "aux": "aux_dafa0ebd2cf345cab6daee1056268ce6.npz", "visibility": "visibility_dafa0ebd2cf345cab6daee1056268ce6.png", "pose": [[0.41602176427841187, 0.9093546867370605, 0.0, 794.7849731445312], [-0.9093546867370605, 0.41602176427841187, 0.0, 2446.939208984375], [0.0, 0.0, 1.0, 0.0], [0.0, 0.0, 0.0, 1.0]], "pose_inverse": [[0.41602176427841187, -0.9093546867370605, 0.0, 1894.48779296875], [0.9093546867370605, 0.41602176427841187, 0.0, -1740.7213134765625], [0.0, 0.0, 1.0, 0.0], [0.0, 0.0, 0.0, 1.0]], "cam_ids": [0, 1, 2, 3, 4, 5], "cam_channels": ["CAM_FRONT_LEFT", "CAM_FRONT", "CAM_FRONT_RIGHT", "CAM_BACK_LEFT", "CAM_BACK", "CAM_BACK_RIGHT"], "token": "dafa0ebd2cf345cab6daee1056268ce6", "scene": "scene-0999"}, {"images": ["samples/CAM_FRONT_LEFT/n015-2018-11-14-18-57-54+0800__CAM_FRONT_LEFT__1542193283604844.jpg", "samples/CAM_FRONT/n015-2018-11-14-18-57-54+0800__CAM_FRONT__1542193283612460.jpg", "samples/CAM_FRONT_RIGHT/n015-2018-11-14-18-57-54+0800__CAM_FRONT_RIGHT__1542193283620339.jpg", "samples/CAM_BACK_LEFT/n015-2018-11-14-18-57-54+0800__CAM_BACK_LEFT__1542193283647423.jpg", "samples/CAM_BACK/n015-2018-11-14-18-57-54+0800__CAM_BACK__1542193283637525.jpg", "samples/CAM_BACK_RIGHT/n015-2018-11-14-18-57-54+0800__CAM_BACK_RIGHT__1542193283627893.jpg"], "intrinsics": [[[1272.5979470598488, 0.0, 826.6154927353808], [0.0, 1272.5979470598488, 479.75165386361925], [0.0, 0.0, 1.0]], [[1266.417203046554, 0.0, 816.2670197447984], [0.0, 1266.417203046554, 491.50706579294757], [0.0, 0.0, 1.0]], [[1260.8474446004698, 0.0, 807.968244525554], [0.0, 1260.8474446004698, 495.3344268742088], [0.0, 0.0, 1.0]], [[1256.7414812095406, 0.0, 792.1125740759628], [0.0, 1256.7414812095406, 492.7757465151356], [0.0, 0.0, 1.0]], [[809.2209905677063, 0.0, 829.2196003259838], [0.0, 809.2209905677063, 481.77842384512485], [0.0, 0.0, 1.0]], [[1259.5137405846733, 0.0, 807.2529053838625], [0.0, 1259.5137405846733, 501.19579884916527], [0.0, 0.0, 1.0]]], "extrinsics": [[[0.8213769197463989, -0.5694684982299805, 0.03233525902032852, -0.71142578125], [0.05464567616581917, 0.022135881707072258, -0.9982603788375854, 1.5250473022460938], [0.5677620768547058, 0.8217150568962097, 0.0493008978664875, -1.106292724609375], [0.0, 0.0, 0.0, 1.0]], [[0.008407162502408028, -0.9998069405555725, -0.01775565929710865, 0.008056640625], [0.0494709275662899, 0.01815040595829487, -0.9986106753349304, 1.5330810546875], [0.9987401366233826, 0.007517120335251093, 0.04961397126317024, -1.4385986328125], [0.0, 0.0, 0.0, 1.0]], [[-0.8297842144966125, -0.5542216897010803, -0.06554746627807617, 0.86798095703125], [0.055143989622592926, 0.03545304760336876, -0.9978488087654114, 1.5145683288574219], [0.5553532242774963, -0.8316137194633484, 0.0011436138302087784, -1.137939453125], [0.0, 0.0, 0.0, 1.0]], [[0.9456546306610107, 0.31915488839149475, 0.0622696690261364, -1.1416015625], [0.06391076743602753, 0.0053389850072562695, -0.9979413151741028, 1.5886001586914062], [-0.31883037090301514, 0.9476875066757202, -0.015348600223660469, -0.103759765625], [0.0, 0.0, 0.0, 1.0]], [[0.0008483624551445246, 0.9998836517333984, 0.015234388411045074, 0.002685546875], [0.03854051232337952, 0.015190382488071918, -0.9991415739059448, 1.5821762084960938], [-0.9992566704750061, 0.0014347947435453534, -0.03852313756942749, -0.0714111328125], [0.0, 0.0, 0.0, 1.0]], [[-0.9335229396820068, 0.35416069626808167, -0.05572354048490524, 1.001708984375], [0.07108592987060547, 0.03050527721643448, -0.9970036149024963, 1.5616683959960938], [-0.351399689912796, -0.9346869587898254, -0.05365322530269623, -0.11383056640625], [0.0, 0.0, 0.0, 1.0]]], "view": [[0.0, -2.0, 100.0], [-2.0, 0.0, 100.0], [0.0, 0.0, 1.0]], "bev": "bev_2fa730ff2baf40928e363f74981feb36.png", "aux": "aux_2fa730ff2baf40928e363f74981feb36.npz", "visibility": "visibility_2fa730ff2baf40928e363f74981feb36.png", "pose": [[0.3967488408088684, 0.9179272055625916, 0.0, 796.2383422851562], [-0.9179272055625916, 0.3967488408088684, 0.0, 2443.64697265625], [0.0, 0.0, 1.0, 0.0], [0.0, 0.0, 0.0, 1.0]], "pose_inverse": [[0.3967488408088684, -0.9179272055625916, 0.0, 1927.1834716796875], [0.9179272055625916, 0.3967488408088684, 0.0, -1700.4029541015625], [0.0, 0.0, 1.0, 0.0], [0.0, 0.0, 0.0, 1.0]], "cam_ids": [0, 1, 2, 3, 4, 5], "cam_channels": ["CAM_FRONT_LEFT", "CAM_FRONT", "CAM_FRONT_RIGHT", "CAM_BACK_LEFT", "CAM_BACK", "CAM_BACK_RIGHT"], "token": "2fa730ff2baf40928e363f74981feb36", "scene": "scene-0999"}, {"images": ["samples/CAM_FRONT_LEFT/n015-2018-11-14-18-57-54+0800__CAM_FRONT_LEFT__1542193284104844.jpg", "samples/CAM_FRONT/n015-2018-11-14-18-57-54+0800__CAM_FRONT__1542193284112460.jpg", "samples/CAM_FRONT_RIGHT/n015-2018-11-14-18-57-54+0800__CAM_FRONT_RIGHT__1542193284120339.jpg", "samples/CAM_BACK_LEFT/n015-2018-11-14-18-57-54+0800__CAM_BACK_LEFT__1542193284147423.jpg", "samples/CAM_BACK/n015-2018-11-14-18-57-54+0800__CAM_BACK__1542193284137986.jpg", "samples/CAM_BACK_RIGHT/n015-2018-11-14-18-57-54+0800__CAM_BACK_RIGHT__1542193284127893.jpg"], "intrinsics": [[[1272.5979470598488, 0.0, 826.6154927353808], [0.0, 1272.5979470598488, 479.75165386361925], [0.0, 0.0, 1.0]], [[1266.417203046554, 0.0, 816.2670197447984], [0.0, 1266.417203046554, 491.50706579294757], [0.0, 0.0, 1.0]], [[1260.8474446004698, 0.0, 807.968244525554], [0.0, 1260.8474446004698, 495.3344268742088], [0.0, 0.0, 1.0]], [[1256.7414812095406, 0.0, 792.1125740759628], [0.0, 1256.7414812095406, 492.7757465151356], [0.0, 0.0, 1.0]], [[809.2209905677063, 0.0, 829.2196003259838], [0.0, 809.2209905677063, 481.77842384512485], [0.0, 0.0, 1.0]], [[1259.5137405846733, 0.0, 807.2529053838625], [0.0, 1259.5137405846733, 501.19579884916527], [0.0, 0.0, 1.0]]], "extrinsics": [[[0.8219829201698303, -0.5685800909996033, 0.03257022425532341, -0.72705078125], [0.05123848840594292, 0.016874240711331367, -0.9985438585281372, 1.523040771484375], [0.5672025084495544, 0.8224548101425171, 0.043003518134355545, -1.11700439453125], [0.0, 0.0, 0.0, 1.0]], [[0.008996275253593922, -0.9998823404312134, -0.0124161122366786, 0.0078125], [0.046134866774082184, 0.012818419374525547, -0.9988529682159424, 1.531494140625], [0.9988946914672852, 0.008413145318627357, 0.04624476283788681, -1.454833984375], [0.0, 0.0, 0.0, 1.0]], [[-0.8297672271728516, -0.5548932552337646, -0.05983184650540352, 0.87939453125], [0.05187440663576126, 0.03006078489124775, -0.9982010722160339, 1.5132102966308594], [0.5556935667991638, -0.8313782215118408, 0.0038413002621382475, -1.145751953125], [0.0, 0.0, 0.0, 1.0]], [[0.9459105730056763, 0.3192065358161926, 0.05796844884753227, -1.1422119140625], [0.06114976480603218, 5.5620988860027865e-05, -0.9981285929679871, 1.5885543823242188], [-0.31861230731010437, 0.9476852416992188, -0.019466789439320564, -0.103759765625], [0.0, 0.0, 0.0, 1.0]], [[0.0009483665344305336, 0.9999504089355469, 0.009920613840222359, 0.0028076171875], [0.03557107597589493, 0.009880607947707176, -0.9993183016777039, 1.5816535949707031], [-0.9993667006492615, 0.0013005791697651148, -0.035559944808483124, -0.0625], [0.0, 0.0, 0.0, 1.0]], [[-0.933768093585968, 0.353679358959198, -0.0546610951423645, 1.01123046875], [0.06790395081043243, 0.025132711976766586, -0.9973753094673157, 1.560516357421875], [-0.35137730836868286, -0.9350289702415466, -0.04748435318470001, -0.11029052734375], [0.0, 0.0, 0.0, 1.0]]], "view": [[0.0, -2.0, 100.0], [-2.0, 0.0, 100.0], [0.0, 0.0, 1.0]], "bev": "bev_f90e7c7fd2514341a340a4819f6ff6c8.png", "aux": "aux_f90e7c7fd2514341a340a4819f6ff6c8.npz", "visibility": "visibility_f90e7c7fd2514341a340a4819f6ff6c8.png", "pose": [[0.37252601981163025, 0.9280217289924622, 0.0, 797.5739135742188], [-0.9280217289924622, 0.37252601981163025, 0.0, 2440.4072265625], [0.0, 0.0, 1.0, 0.0], [0.0, 0.0, 0.0, 1.0]], "pose_inverse": [[0.37252601981163025, -0.9280217289924622, 0.0, 1967.6339111328125], [0.9280217289924622, 0.37252601981163025, 0.0, -1649.2811279296875], [0.0, 0.0, 1.0, 0.0], [0.0, 0.0, 0.0, 1.0]], "cam_ids": [0, 1, 2, 3, 4, 5], "cam_channels": ["CAM_FRONT_LEFT", "CAM_FRONT", "CAM_FRONT_RIGHT", "CAM_BACK_LEFT", "CAM_BACK", "CAM_BACK_RIGHT"], "token": "f90e7c7fd2514341a340a4819f6ff6c8", "scene": "scene-0999"}, {"images": ["samples/CAM_FRONT_LEFT/n015-2018-11-14-18-57-54+0800__CAM_FRONT_LEFT__1542193284604858.jpg", "samples/CAM_FRONT/n015-2018-11-14-18-57-54+0800__CAM_FRONT__1542193284612460.jpg", "samples/CAM_FRONT_RIGHT/n015-2018-11-14-18-57-54+0800__CAM_FRONT_RIGHT__1542193284620339.jpg", "samples/CAM_BACK_LEFT/n015-2018-11-14-18-57-54+0800__CAM_BACK_LEFT__1542193284647423.jpg", "samples/CAM_BACK/n015-2018-11-14-18-57-54+0800__CAM_BACK__1542193284637537.jpg", "samples/CAM_BACK_RIGHT/n015-2018-11-14-18-57-54+0800__CAM_BACK_RIGHT__1542193284627893.jpg"], "intrinsics": [[[1272.5979470598488, 0.0, 826.6154927353808], [0.0, 1272.5979470598488, 479.75165386361925], [0.0, 0.0, 1.0]], [[1266.417203046554, 0.0, 816.2670197447984], [0.0, 1266.417203046554, 491.50706579294757], [0.0, 0.0, 1.0]], [[1260.8474446004698, 0.0, 807.968244525554], [0.0, 1260.8474446004698, 495.3344268742088], [0.0, 0.0, 1.0]], [[1256.7414812095406, 0.0, 792.1125740759628], [0.0, 1256.7414812095406, 492.7757465151356], [0.0, 0.0, 1.0]], [[809.2209905677063, 0.0, 829.2196003259838], [0.0, 809.2209905677063, 481.77842384512485], [0.0, 0.0, 1.0]], [[1259.5137405846733, 0.0, 807.2529053838625], [0.0, 1259.5137405846733, 501.19579884916527], [0.0, 0.0, 1.0]]], "extrinsics": [[[0.8216298222541809, -0.5686055421829224, 0.04015045985579491, -0.734130859375], [0.056392524391412735, 0.01099118310958147, -0.9983481764793396, 1.5240097045898438], [0.5672249794006348, 0.8225368857383728, 0.0410957895219326, -1.1226043701171875], [0.0, 0.0, 0.0, 1.0]], [[0.008753025904297829, -0.9999412298202515, -0.006400564219802618, 0.008056640625], [0.05116994306445122, 0.006840325891971588, -0.998666524887085, 1.5322799682617188], [0.9986516237258911, 0.008413881994783878, 0.05122680217027664, -1.462646484375], [0.0, 0.0, 0.0, 1.0]], [[-0.8296329975128174, -0.5550169348716736, -0.06054138392210007, 0.884521484375], [0.056787971407175064, 0.02398676425218582, -0.9980980157852173, 1.5137557983398438], [0.5554134845733643, -0.8314931392669678, 0.011618073098361492, -1.149169921875], [0.0, 0.0, 0.0, 1.0]], [[0.9457279443740845, 0.3194097876548767, 0.05979960784316063, -1.1396484375], [0.06549819558858871, -0.007118734065443277, -0.9978272914886475, 1.5887451171875], [-0.3182900846004486, 0.9475899338722229, -0.027653148397803307, -0.10498046875], [0.0, 0.0, 0.0, 1.0]], [[0.0011436727363616228, 0.9999939203262329, 0.003306844038888812, 0.002685546875], [0.04015607386827469, 0.0032582555431872606, -0.9991881251335144, 1.5820465087890625], [-0.9991927742958069, 0.0012755317147821188, -0.04015209898352623, -0.0650634765625], [0.0, 0.0, 0.0, 1.0]], [[-0.9333915114402771, 0.35357654094696045, -0.06135124713182449, 1.015869140625], [0.0726981833577156, 0.01888679340481758, -0.9971751570701599, 1.5608291625976562], [-0.35141900181770325, -0.9352149963378906, -0.04333314299583435, -0.10888671875], [0.0, 0.0, 0.0, 1.0]]], "view": [[0.0, -2.0, 100.0], [-2.0, 0.0, 100.0], [0.0, 0.0, 1.0]], "bev": "bev_344a77dc91594b6791801958c1c02adf.png", "aux": "aux_344a77dc91594b6791801958c1c02adf.npz", "visibility": "visibility_344a77dc91594b6791801958c1c02adf.png", "pose": [[0.33931535482406616, 0.9406726956367493, 0.0, 798.7418823242188], [-0.9406726956367493, 0.33931535482406616, 0.0, 2437.29541015625], [0.0, 0.0, 1.0, 0.0], [0.0, 0.0, 0.0, 1.0]], "pose_inverse": [[0.33931535482406616, -0.9406726956367493, 0.0, 2021.6717529296875], [0.9406726956367493, 0.33931535482406616, 0.0, -1578.366455078125], [0.0, 0.0, 1.0, 0.0], [0.0, 0.0, 0.0, 1.0]], "cam_ids": [0, 1, 2, 3, 4, 5], "cam_channels": ["CAM_FRONT_LEFT", "CAM_FRONT", "CAM_FRONT_RIGHT", "CAM_BACK_LEFT", "CAM_BACK", "CAM_BACK_RIGHT"], "token": "344a77dc91594b6791801958c1c02adf", "scene": "scene-0999"}, {"images": ["samples/CAM_FRONT_LEFT/n015-2018-11-14-18-57-54+0800__CAM_FRONT_LEFT__1542193285154844.jpg", "samples/CAM_FRONT/n015-2018-11-14-18-57-54+0800__CAM_FRONT__1542193285162460.jpg", "samples/CAM_FRONT_RIGHT/n015-2018-11-14-18-57-54+0800__CAM_FRONT_RIGHT__1542193285170339.jpg", "samples/CAM_BACK_LEFT/n015-2018-11-14-18-57-54+0800__CAM_BACK_LEFT__1542193285197423.jpg", "samples/CAM_BACK/n015-2018-11-14-18-57-54+0800__CAM_BACK__1542193285187525.jpg", "samples/CAM_BACK_RIGHT/n015-2018-11-14-18-57-54+0800__CAM_BACK_RIGHT__1542193285177893.jpg"], "intrinsics": [[[1272.5979470598488, 0.0, 826.6154927353808], [0.0, 1272.5979470598488, 479.75165386361925], [0.0, 0.0, 1.0]], [[1266.417203046554, 0.0, 816.2670197447984], [0.0, 1266.417203046554, 491.50706579294757], [0.0, 0.0, 1.0]], [[1260.8474446004698, 0.0, 807.968244525554], [0.0, 1260.8474446004698, 495.3344268742088], [0.0, 0.0, 1.0]], [[1256.7414812095406, 0.0, 792.1125740759628], [0.0, 1256.7414812095406, 492.7757465151356], [0.0, 0.0, 1.0]], [[809.2209905677063, 0.0, 829.2196003259838], [0.0, 809.2209905677063, 481.77842384512485], [0.0, 0.0, 1.0]], [[1259.5137405846733, 0.0, 807.2529053838625], [0.0, 1259.5137405846733, 501.19579884916527], [0.0, 0.0, 1.0]]], "extrinsics": [[[0.8212773203849792, -0.5691152811050415, 0.04014085605740547, -0.765625], [0.05134813115000725, 0.0036608048249036074, -0.9986740946769714, 1.520660400390625], [0.5682137608528137, 0.8222495317459106, 0.03222954273223877, -1.144195556640625], [0.0, 0.0, 0.0, 1.0]], [[0.007876036688685417, -0.9999687075614929, 0.0006959635065868497, 0.008056640625], [0.04579237848520279, -0.00033457871177233756, -0.9989509582519531, 1.529632568359375], [0.9989199042320251, 0.00789963360875845, 0.04578831046819687, -1.494140625], [0.0, 0.0, 0.0, 1.0]], [[-0.830361008644104, -0.5547966957092285, -0.051972895860672, 0.9052734375], [0.05110089108347893, 0.017060711979866028, -0.9985477328300476, 1.5114898681640625], [0.5548776984214783, -0.8318110108375549, 0.014184060506522655, -1.162353515625], [0.0, 0.0, 0.0, 1.0]], [[0.9461624026298523, 0.31948187947273254, 0.05203938111662865, -1.143798828125], [0.05903729051351547, -0.012251586653292179, -0.9981805682182312, 1.5884552001953125], [-0.3182630240917206, 0.947513222694397, -0.030453331768512726, -0.103271484375], [0.0, 0.0, 0.0, 1.0]], [[0.0016124696703627706, 0.9999954104423523, -0.0025870653335005045, 0.0025634765625], [0.033903900533914566, -0.0026402485091239214, -0.9994216561317444, 1.581268310546875], [-0.9994238018989563, 0.0015238162595778704, -0.03390800207853317, -0.053955078125], [0.0, 0.0, 0.0, 1.0]], [[-0.9335263967514038, 0.3537750542163849, -0.058066774159669876, 1.032470703125], [0.06673803925514221, 0.012349202297627926, -0.9976940751075745, 1.5588531494140625], [-0.3522421717643738, -0.9352490305900574, -0.035138558596372604, -0.10211181640625], [0.0, 0.0, 0.0, 1.0]]], "view": [[0.0, -2.0, 100.0], [-2.0, 0.0, 100.0], [0.0, 0.0, 1.0]], "bev": "bev_09faf813b25542a89d74e3d539593fff.png", "aux": "aux_09faf813b25542a89d74e3d539593fff.npz", "visibility": "visibility_09faf813b25542a89d74e3d539593fff.png", "pose": [[0.31106141209602356, 0.9503898024559021, 0.0, 799.7919311523438], [-0.9503898024559021, 0.31106141209602356, 0.0, 2434.155517578125], [0.0, 0.0, 1.0, 0.0], [0.0, 0.0, 0.0, 1.0]], "pose_inverse": [[0.31106141209602356, -0.9503898024559021, 0.0, 2064.6123046875], [0.9503898024559021, 0.31106141209602356, 0.0, -1517.285888671875], [0.0, 0.0, 1.0, 0.0], [0.0, 0.0, 0.0, 1.0]], "cam_ids": [0, 1, 2, 3, 4, 5], "cam_channels": ["CAM_FRONT_LEFT", "CAM_FRONT", "CAM_FRONT_RIGHT", "CAM_BACK_LEFT", "CAM_BACK", "CAM_BACK_RIGHT"], "token": "09faf813b25542a89d74e3d539593fff", "scene": "scene-0999"}, {"images": ["samples/CAM_FRONT_LEFT/n015-2018-11-14-18-57-54+0800__CAM_FRONT_LEFT__1542193285654844.jpg", "samples/CAM_FRONT/n015-2018-11-14-18-57-54+0800__CAM_FRONT__1542193285662460.jpg", "samples/CAM_FRONT_RIGHT/n015-2018-11-14-18-57-54+0800__CAM_FRONT_RIGHT__1542193285670339.jpg", "samples/CAM_BACK_LEFT/n015-2018-11-14-18-57-54+0800__CAM_BACK_LEFT__1542193285697423.jpg", "samples/CAM_BACK/n015-2018-11-14-18-57-54+0800__CAM_BACK__1542193285687532.jpg", "samples/CAM_BACK_RIGHT/n015-2018-11-14-18-57-54+0800__CAM_BACK_RIGHT__1542193285677893.jpg"], "intrinsics": [[[1272.5979470598488, 0.0, 826.6154927353808], [0.0, 1272.5979470598488, 479.75165386361925], [0.0, 0.0, 1.0]], [[1266.417203046554, 0.0, 816.2670197447984], [0.0, 1266.417203046554, 491.50706579294757], [0.0, 0.0, 1.0]], [[1260.8474446004698, 0.0, 807.968244525554], [0.0, 1260.8474446004698, 495.3344268742088], [0.0, 0.0, 1.0]], [[1256.7414812095406, 0.0, 792.1125740759628], [0.0, 1256.7414812095406, 492.7757465151356], [0.0, 0.0, 1.0]], [[809.2209905677063, 0.0, 829.2196003259838], [0.0, 809.2209905677063, 481.77842384512485], [0.0, 0.0, 1.0]], [[1259.5137405846733, 0.0, 807.2529053838625], [0.0, 1259.5137405846733, 501.19579884916527], [0.0, 0.0, 1.0]]], "extrinsics": [[[0.8213680982589722, -0.5691133141517639, 0.038268957287073135, -0.77978515625], [0.05577665939927101, 0.013366783037781715, -0.9983537793159485, 1.520843505859375], [0.5676649212837219, 0.822150468826294, 0.04272228851914406, -1.1518497467041016], [0.0, 0.0, 0.0, 1.0]], [[0.008443024940788746, -0.9999242424964905, -0.008957096375524998, 0.006591796875], [0.0505402646958828, 0.009372680447995663, -0.9986780881881714, 1.529876708984375], [0.9986863136291504, 0.007979195564985275, 0.05061556398868561, -1.507568359375], [0.0, 0.0, 0.0, 1.0]], [[-0.8297666907310486, -0.5547098517417908, -0.06151486188173294, 0.9134521484375], [0.056158989667892456, 0.02667519450187683, -0.9980654120445251, 1.511688232421875], [0.5552776455879211, -0.8316161632537842, 0.009017756208777428, -1.16943359375], [0.0, 0.0, 0.0, 1.0]], [[0.94572913646698, 0.31926605105400085, 0.060543935745954514, -1.1419677734375], [0.06504835933446884, -0.00345413526520133, -0.9978761076927185, 1.5885772705078125], [-0.31837883591651917, 0.947658896446228, -0.024034408852458, -0.103759765625], [0.0, 0.0, 0.0, 1.0]], [[0.0011471135076135397, 0.9999780654907227, 0.006523841060698032, 0.0029296875], [0.03960742801427841, 0.006473291665315628, -0.999194324016571, 1.5814285278320312], [-0.9992147088050842, 0.0014046210562810302, -0.039599135518074036, -0.050048828125], [0.0, 0.0, 0.0, 1.0]], [[-0.9333975911140442, 0.3538333773612976, -0.059757016599178314, 1.04052734375], [0.07208794355392456, 0.021759845316410065, -0.9971609115600586, 1.5588836669921875], [-0.35152846574783325, -0.9350553750991821, -0.04581770673394203, -0.0999755859375], [0.0, 0.0, 0.0, 1.0]]], "view": [[0.0, -2.0, 100.0], [-2.0, 0.0, 100.0], [0.0, 0.0, 1.0]], "bev": "bev_5d175d76f28a4b4f891aeb43fadd9e85.png", "aux": "aux_5d175d76f28a4b4f891aeb43fadd9e85.npz", "visibility": "visibility_5d175d76f28a4b4f891aeb43fadd9e85.png", "pose": [[0.2892189025878906, 0.9572629928588867, 0.0, 800.6129760742188], [-0.9572629928588867, 0.2892189025878906, 0.0, 2431.509033203125], [0.0, 0.0, 1.0, 0.0], [0.0, 0.0, 0.0, 1.0]], "pose_inverse": [[0.2892189025878906, -0.9572629928588867, 0.0, 2096.041259765625], [0.9572629928588867, 0.2892189025878906, 0.0, -1469.635498046875], [0.0, 0.0, 1.0, 0.0], [0.0, 0.0, 0.0, 1.0]], "cam_ids": [0, 1, 2, 3, 4, 5], "cam_channels": ["CAM_FRONT_LEFT", "CAM_FRONT", "CAM_FRONT_RIGHT", "CAM_BACK_LEFT", "CAM_BACK", "CAM_BACK_RIGHT"], "token": "5d175d76f28a4b4f891aeb43fadd9e85", "scene": "scene-0999"}, {"images": ["samples/CAM_FRONT_LEFT/n015-2018-11-14-18-57-54+0800__CAM_FRONT_LEFT__1542193286154844.jpg", "samples/CAM_FRONT/n015-2018-11-14-18-57-54+0800__CAM_FRONT__1542193286162460.jpg", "samples/CAM_FRONT_RIGHT/n015-2018-11-14-18-57-54+0800__CAM_FRONT_RIGHT__1542193286170339.jpg", "samples/CAM_BACK_LEFT/n015-2018-11-14-18-57-54+0800__CAM_BACK_LEFT__1542193286197423.jpg", "samples/CAM_BACK/n015-2018-11-14-18-57-54+0800__CAM_BACK__1542193286187525.jpg", "samples/CAM_BACK_RIGHT/n015-2018-11-14-18-57-54+0800__CAM_BACK_RIGHT__1542193286177893.jpg"], "intrinsics": [[[1272.5979470598488, 0.0, 826.6154927353808], [0.0, 1272.5979470598488, 479.75165386361925], [0.0, 0.0, 1.0]], [[1266.417203046554, 0.0, 816.2670197447984], [0.0, 1266.417203046554, 491.50706579294757], [0.0, 0.0, 1.0]], [[1260.8474446004698, 0.0, 807.968244525554], [0.0, 1260.8474446004698, 495.3344268742088], [0.0, 0.0, 1.0]], [[1256.7414812095406, 0.0, 792.1125740759628], [0.0, 1256.7414812095406, 492.7757465151356], [0.0, 0.0, 1.0]], [[809.2209905677063, 0.0, 829.2196003259838], [0.0, 809.2209905677063, 481.77842384512485], [0.0, 0.0, 1.0]], [[1259.5137405846733, 0.0, 807.2529053838625], [0.0, 1259.5137405846733, 501.19579884916527], [0.0, 0.0, 1.0]]], "extrinsics": [[[0.8210168480873108, -0.5698883533477783, 0.03403918445110321, -0.804931640625], [0.05468134209513664, 0.019148139283061028, -0.9983202219009399, 1.5188522338867188], [0.5682792067527771, 0.8214989900588989, 0.04688320681452751, -1.1704177856445312], [0.0, 0.0, 0.0, 1.0]], [[0.007776807527989149, -0.9998600482940674, -0.014805527403950691, 0.0069580078125], [0.04942872375249863, 0.015172243118286133, -0.9986624121665955, 1.5283966064453125], [0.9987472891807556, 0.007034600246697664, 0.04953979700803757, -1.533203125], [0.0, 0.0, 0.0, 1.0]], [[-0.830102801322937, -0.5539482235908508, -0.06380128115415573, 0.93023681640625], [0.05503271147608757, 0.03247249871492386, -0.997956395149231, 1.5104217529296875], [0.5548879504203796, -0.8319175243377686, 0.0035297598224133253, -1.1796875], [0.0, 0.0, 0.0, 1.0]], [[0.9457176327705383, 0.3191569149494171, 0.06129428371787071, -1.142822265625], [0.06387009471654892, 0.0023996937088668346, -0.997955322265625, 1.588531494140625], [-0.318651407957077, 0.9476988315582275, -0.018115149810910225, -0.1036376953125], [0.0, 0.0, 0.0, 1.0]], [[0.0011731463018804789, 0.9999229907989502, 0.012358395382761955, 0.002685546875], [0.03840547055006027, 0.012304236181080341, -0.9991865158081055, 1.5810699462890625], [-0.9992615580558777, 0.0016468118410557508, -0.03838808089494705, -0.042724609375], [0.0, 0.0, 0.0, 1.0]], [[-0.9333677291870117, 0.3544301390647888, -0.05660291388630867, 1.05322265625], [0.07092903554439545, 0.027548611164093018, -0.9971008896827698, 1.5577316284179688], [-0.35184329748153687, -0.9346765875816345, -0.05085237696766853, -0.0943603515625], [0.0, 0.0, 0.0, 1.0]]], "view": [[0.0, -2.0, 100.0], [-2.0, 0.0, 100.0], [0.0, 0.0, 1.0]], "bev": "bev_f474c1fc279545ac82b14986e2852d7d.png", "aux": "aux_f474c1fc279545ac82b14986e2852d7d.npz", "visibility": "visibility_f474c1fc279545ac82b14986e2852d7d.png", "pose": [[0.27003008127212524, 0.962851881980896, 0.0, 801.2673950195312], [-0.962851881980896, 0.27003008127212524, 0.0, 2429.189697265625], [0.0, 0.0, 1.0, 0.0], [0.0, 0.0, 0.0, 1.0]], "pose_inverse": [[0.27003008127212524, -0.962851881980896, 0.0, 2122.58349609375], [0.962851881980896, 0.27003008127212524, 0.0, -1427.4561767578125], [0.0, 0.0, 1.0, 0.0], [0.0, 0.0, 0.0, 1.0]], "cam_ids": [0, 1, 2, 3, 4, 5], "cam_channels": ["CAM_FRONT_LEFT", "CAM_FRONT", "CAM_FRONT_RIGHT", "CAM_BACK_LEFT", "CAM_BACK", "CAM_BACK_RIGHT"], "token": "f474c1fc279545ac82b14986e2852d7d", "scene": "scene-0999"}, {"images": ["samples/CAM_FRONT_LEFT/n015-2018-11-14-18-57-54+0800__CAM_FRONT_LEFT__1542193286754844.jpg", "samples/CAM_FRONT/n015-2018-11-14-18-57-54+0800__CAM_FRONT__1542193286762460.jpg", "samples/CAM_FRONT_RIGHT/n015-2018-11-14-18-57-54+0800__CAM_FRONT_RIGHT__1542193286770339.jpg", "samples/CAM_BACK_LEFT/n015-2018-11-14-18-57-54+0800__CAM_BACK_LEFT__1542193286797452.jpg", "samples/CAM_BACK/n015-2018-11-14-18-57-54+0800__CAM_BACK__1542193286787525.jpg", "samples/CAM_BACK_RIGHT/n015-2018-11-14-18-57-54+0800__CAM_BACK_RIGHT__1542193286777893.jpg"], "intrinsics": [[[1272.5979470598488, 0.0, 826.6154927353808], [0.0, 1272.5979470598488, 479.75165386361925], [0.0, 0.0, 1.0]], [[1266.417203046554, 0.0, 816.2670197447984], [0.0, 1266.417203046554, 491.50706579294757], [0.0, 0.0, 1.0]], [[1260.8474446004698, 0.0, 807.968244525554], [0.0, 1260.8474446004698, 495.3344268742088], [0.0, 0.0, 1.0]], [[1256.7414812095406, 0.0, 792.1125740759628], [0.0, 1256.7414812095406, 492.7757465151356], [0.0, 0.0, 1.0]], [[809.2209905677063, 0.0, 829.2196003259838], [0.0, 809.2209905677063, 481.77842384512485], [0.0, 0.0, 1.0]], [[1259.5137405846733, 0.0, 807.2529053838625], [0.0, 1259.5137405846733, 501.19579884916527], [0.0, 0.0, 1.0]]], "extrinsics": [[[0.8212518692016602, -0.569401741027832, 0.03642873838543892, -0.8193359375], [0.05886515974998474, 0.021049531176686287, -0.9980440139770508, 1.51861572265625], [0.5675210952758789, 0.8217898011207581, 0.05080489069223404, -1.1813125610351562], [0.0, 0.0, 0.0, 1.0]], [[0.008564675226807594, -0.999829888343811, -0.016334399580955505, 0.0076904296875], [0.053760651499032974, 0.016771774739027023, -0.9984130263328552, 1.5283432006835938], [0.9985170364379883, 0.0076730018481612206, 0.05389514937996864, -1.546630859375], [0.0, 0.0, 0.0, 1.0]], [[-0.8294718265533447, -0.5543672442436218, -0.06821496784687042, 0.93896484375], [0.05948876589536667, 0.033751919865608215, -0.9976581931114197, 1.5103378295898438], [0.5553714632987976, -0.8315874338150024, 0.004982354585081339, -1.185302734375], [0.0, 0.0, 0.0, 1.0]], [[0.94539874792099, 0.31920066475868225, 0.06581835448741913, -1.1409912109375], [0.06858740746974945, 0.0025710780173540115, -0.9976417422294617, 1.5886383056640625], [-0.31861716508865356, 0.9476836323738098, -0.019462451338768005, -0.1041259765625], [0.0, 0.0, 0.0, 1.0]], [[0.0008511333726346493, 0.9999165534973145, 0.012896113097667694, 0.00244140625], [0.04308938607573509, 0.012847470119595528, -0.9989886283874512, 1.5811691284179688], [-0.9990708231925964, 0.0014059226959943771, -0.043074849992990494, -0.04052734375], [0.0, 0.0, 0.0, 1.0]], [[-0.9332606196403503, 0.35405921936035156, -0.060551758855581284, 1.059326171875], [0.0754887983