[{"images": ["samples/CAM_FRONT_LEFT/n015-2018-10-08-15-52-24+0800__CAM_FRONT_LEFT__1538985520254844.jpg", "samples/CAM_FRONT/n015-2018-10-08-15-52-24+0800__CAM_FRONT__1538985520262460.jpg", "samples/CAM_FRONT_RIGHT/n015-2018-10-08-15-52-24+0800__CAM_FRONT_RIGHT__1538985520270339.jpg", "samples/CAM_BACK_LEFT/n015-2018-10-08-15-52-24+0800__CAM_BACK_LEFT__1538985520297423.jpg", "samples/CAM_BACK/n015-2018-10-08-15-52-24+0800__CAM_BACK__1538985520287525.jpg", "samples/CAM_BACK_RIGHT/n015-2018-10-08-15-52-24+0800__CAM_BACK_RIGHT__1538985520277893.jpg"], "intrinsics": [[[1272.5979470598488, 0.0, 826.6154927353808], [0.0, 1272.5979470598488, 479.75165386361925], [0.0, 0.0, 1.0]], [[1266.417203046554, 0.0, 816.2670197447984], [0.0, 1266.417203046554, 491.50706579294757], [0.0, 0.0, 1.0]], [[1260.8474446004698, 0.0, 807.968244525554], [0.0, 1260.8474446004698, 495.3344268742088], [0.0, 0.0, 1.0]], [[1256.7414812095406, 0.0, 792.1125740759628], [0.0, 1256.7414812095406, 492.7757465151356], [0.0, 0.0, 1.0]], [[809.2209905677063, 0.0, 829.2196003259838], [0.0, 809.2209905677063, 481.77842384512485], [0.0, 0.0, 1.0]], [[1259.5137405846733, 0.0, 807.2529053838625], [0.0, 1259.5137405846733, 501.19579884916527], [0.0, 0.0, 1.0]]], "extrinsics": [[[0.8181862235069275, -0.5729832649230957, 0.04755512624979019, -0.81640625], [0.03841467201709747, -0.028047846630215645, -0.9988681674003601, 1.5152206420898438], [0.5736685395240784, 0.8190869688987732, -0.0009373984066769481, -1.177001953125], [0.0, 0.0, 0.0, 1.0]], [[0.002610189374536276, -0.9994823932647705, 0.03206344321370125, 0.0059814453125], [0.03327125310897827, -0.03195900097489357, -0.9989352822303772, 1.5254440307617188], [0.9994429349899292, 0.0036742452066391706, 0.033170606940984726, -1.544952392578125], [0.0, 0.0, 0.0, 1.0]], [[-0.8333185911178589, -0.5522475242614746, -0.024550898000597954, 0.93841552734375], [0.03910323604941368, -0.014587563462555408, -0.9991286396980286, 1.5080680847167969], [0.5514081716537476, -0.8335524797439575, 0.0337507538497448, -1.185791015625], [0.0, 0.0, 0.0, 1.0]], [[0.9470661878585815, 0.3194684088230133, 0.03170878812670708, -1.144256591796875], [0.04831011965870857, -0.044173698872327805, -0.9978551268577576, 1.5884552001953125], [-0.31738248467445374, 0.9465667009353638, -0.05726897716522217, -0.103271484375], [0.0, 0.0, 0.0, 1.0]], [[0.003876700531691313, 0.9994008541107178, -0.03439587727189064, 0.0030517578125], [0.02269149385392666, -0.03447519615292549, -0.9991479516029358, 1.5802764892578125], [-0.9997349381446838, 0.00309289013966918, -0.02281154692173004, -0.0382080078125], [0.0, 0.0, 0.0, 1.0]], [[-0.9329303503036499, 0.3552868366241455, -0.05841464549303055, 1.060791015625], [0.05511067062616348, -0.01942211017012596, -0.9982913732528687, 1.5559158325195312], [-0.3558143079280853, -0.9345555901527405, -0.0014606171753257513, -0.09228515625], [0.0, 0.0, 0.0, 1.0]]], "view": [[0.0, -2.0, 100.0], [-2.0, 0.0, 100.0], [0.0, 0.0, 1.0]], "bev": "bev_a28b49d3612a42218c96461ce3508b87.png", "aux": "aux_a28b49d3612a42218c96461ce3508b87.npz", "visibility": "visibility_a28b49d3612a42218c96461ce3508b87.png", "pose": [[0.5812305808067322, 0.8137388825416565, 0.0, 1461.634521484375], [-0.8137388825416565, 0.5812305808067322, 0.0, 1468.0047607421875], [0.0, 0.0, 1.0, 0.0], [0.0, 0.0, 0.0, 1.0]], "pose_inverse": [[0.5812305808067322, -0.8137388825416565, 0.0, 345.0258483886719], [0.8137388825416565, 0.5812305808067322, 0.0, -2042.63818359375], [0.0, 0.0, 1.0, 0.0], [0.0, 0.0, 0.0, 1.0]], "cam_ids": [0, 1, 2, 3, 4, 5], "cam_channels": ["CAM_FRONT_LEFT", "CAM_FRONT", "CAM_FRONT_RIGHT", "CAM_BACK_LEFT", "CAM_BACK", "CAM_BACK_RIGHT"], "token": "a28b49d3612a42218c96461ce3508b87", "scene": "scene-0433"}, {"images": ["samples/CAM_FRONT_LEFT/n015-2018-10-08-15-52-24+0800__CAM_FRONT_LEFT__1538985520754844.jpg", "samples/CAM_FRONT/n015-2018-10-08-15-52-24+0800__CAM_FRONT__1538985520762460.jpg", "samples/CAM_FRONT_RIGHT/n015-2018-10-08-15-52-24+0800__CAM_FRONT_RIGHT__1538985520770339.jpg", "samples/CAM_BACK_LEFT/n015-2018-10-08-15-52-24+0800__CAM_BACK_LEFT__1538985520797423.jpg", "samples/CAM_BACK/n015-2018-10-08-15-52-24+0800__CAM_BACK__1538985520787525.jpg", "samples/CAM_BACK_RIGHT/n015-2018-10-08-15-52-24+0800__CAM_BACK_RIGHT__1538985520777893.jpg"], "intrinsics": [[[1272.5979470598488, 0.0, 826.6154927353808], [0.0, 1272.5979470598488, 479.75165386361925], [0.0, 0.0, 1.0]], [[1266.417203046554, 0.0, 816.2670197447984], [0.0, 1266.417203046554, 491.50706579294757], [0.0, 0.0, 1.0]], [[1260.8474446004698, 0.0, 807.968244525554], [0.0, 1260.8474446004698, 495.3344268742088], [0.0, 0.0, 1.0]], [[1256.7414812095406, 0.0, 792.1125740759628], [0.0, 1256.7414812095406, 492.7757465151356], [0.0, 0.0, 1.0]], [[809.2209905677063, 0.0, 829.2196003259838], [0.0, 809.2209905677063, 481.77842384512485], [0.0, 0.0, 1.0]], [[1259.5137405846733, 0.0, 807.2529053838625], [0.0, 1259.5137405846733, 501.19579884916527], [0.0, 0.0, 1.0]]], "extrinsics": [[[0.8178086876869202, -0.5735184550285339, 0.04759576916694641, -0.7962646484375], [0.045001111924648285, -0.018721099942922592, -0.9988114833831787, 1.5175361633300781], [0.5737278461456299, 0.8189786076545715, 0.01049869041889906, -1.1619873046875], [0.0, 0.0, 0.0, 1.0]], [[0.00245754630304873, -0.9997349977493286, 0.022889912128448486, 0.00537109375], [0.03976065292954445, -0.022774193435907364, -0.9989496469497681, 1.5272293090820312], [0.9992061257362366, 0.0033650812692940235, 0.03969414532184601, -1.5238800048828125], [0.0, 0.0, 0.0, 1.0]], [[-0.8330392241477966, -0.5521160960197449, -0.0348353274166584, 0.92449951171875], [0.045469801872968674, -0.0055774059146642685, -0.9989501237869263, 1.5095252990722656], [0.5513421297073364, -0.8337485790252686, 0.02975080907344818, -1.1773681640625], [0.0, 0.0, 0.0, 1.0]], [[0.9466867446899414, 0.3196791708469391, 0.03986629843711853, -1.1453857421875], [0.05413788929581642, -0.03587816283106804, -0.9978886842727661, 1.5883712768554688], [-0.3175738751888275, 0.9468463063240051, -0.05127214267849922, -0.1024169921875], [0.0, 0.0, 0.0, 1.0]], [[0.0036069508641958237, 0.9996607899665833, -0.025796163827180862, 0.0029296875], [0.0287461094558239, -0.02588932029902935, -0.9992514252662659, 1.5806121826171875], [-0.9995802640914917, 0.0028626928105950356, -0.02882973663508892, -0.04180908203125], [0.0, 0.0, 0.0, 1.0]], [[-0.9326607584953308, 0.3555433452129364, -0.06109575554728508, 1.05059814453125], [0.061341527849435806, -0.010593429207801819, -0.9980605840682983, 1.5570793151855469], [-0.3555009961128235, -0.934599757194519, -0.011929495260119438, -0.09619140625], [0.0, 0.0, 0.0, 1.0]]], "view": [[0.0, -2.0, 100.0], [-2.0, 0.0, 100.0], [0.0, 0.0, 1.0]], "bev": "bev_877b58161956417c8e8f1fd598509dce.png", "aux": "aux_877b58161956417c8e8f1fd598509dce.npz", "visibility": "visibility_877b58161956417c8e8f1fd598509dce.png", "pose": [[0.6120742559432983, 0.7908002734184265, 0.0, 1463.0491943359375], [-0.7908002734184265, 0.6120742559432983, 0.0, 1466.0943603515625], [0.0, 0.0, 1.0, 0.0], [0.0, 0.0, 0.0, 1.0]], "pose_inverse": [[0.6120742559432983, -0.7908002734184265, 0.0, 263.8930969238281], [0.7908002734184265, 0.6120742559432983, 0.0, -2054.33837890625], [0.0, 0.0, 1.0, 0.0], [0.0, 0.0, 0.0, 1.0]], "cam_ids": [0, 1, 2, 3, 4, 5], "cam_channels": ["CAM_FRONT_LEFT", "CAM_FRONT", "CAM_FRONT_RIGHT", "CAM_BACK_LEFT", "CAM_BACK", "CAM_BACK_RIGHT"], "token": "877b58161956417c8e8f1fd598509dce", "scene": "scene-0433"}, {"images": ["samples/CAM_FRONT_LEFT/n015-2018-10-08-15-52-24+0800__CAM_FRONT_LEFT__1538985521254844.jpg", "samples/CAM_FRONT/n015-2018-10-08-15-52-24+0800__CAM_FRONT__1538985521262460.jpg", "samples/CAM_FRONT_RIGHT/n015-2018-10-08-15-52-24+0800__CAM_FRONT_RIGHT__1538985521270339.jpg", "samples/CAM_BACK_LEFT/n015-2018-10-08-15-52-24+0800__CAM_BACK_LEFT__1538985521297423.jpg", "samples/CAM_BACK/n015-2018-10-08-15-52-24+0800__CAM_BACK__1538985521287525.jpg", "samples/CAM_BACK_RIGHT/n015-2018-10-08-15-52-24+0800__CAM_BACK_RIGHT__1538985521277893.jpg"], "intrinsics": [[[1272.5979470598488, 0.0, 826.6154927353808], [0.0, 1272.5979470598488, 479.75165386361925], [0.0, 0.0, 1.0]], [[1266.417203046554, 0.0, 816.2670197447984], [0.0, 1266.417203046554, 491.50706579294757], [0.0, 0.0, 1.0]], [[1260.8474446004698, 0.0, 807.968244525554], [0.0, 1260.8474446004698, 495.3344268742088], [0.0, 0.0, 1.0]], [[1256.7414812095406, 0.0, 792.1125740759628], [0.0, 1256.7414812095406, 492.7757465151356], [0.0, 0.0, 1.0]], [[809.2209905677063, 0.0, 829.2196003259838], [0.0, 809.2209905677063, 481.77842384512485], [0.0, 0.0, 1.0]], [[1259.5137405846733, 0.0, 807.2529053838625], [0.0, 1259.5137405846733, 501.19579884916527], [0.0, 0.0, 1.0]]], "extrinsics": [[[0.817826509475708, -0.5740949511528015, 0.03968275710940361, -0.7845458984375], [0.04266034811735153, -0.008285226300358772, -0.9990552663803101, 1.5176315307617188], [0.5738813281059265, 0.8187467455863953, 0.0177152119576931, -1.1553955078125], [0.0, 0.0, 0.0, 1.0]], [[0.0024272713344544172, -0.9999208450317383, 0.012344474904239178, 0.006103515625], [0.03723931312561035, -0.012245564721524715, -0.9992313385009766, 1.527181625366211], [0.99930340051651, 0.0028851742390543222, 0.03720664232969284, -1.5141143798828125], [0.0, 0.0, 0.0, 1.0]], [[-0.8331292867660522, -0.5517393350601196, -0.038460176438093185, 0.9195556640625], [0.042780015617609024, 0.005044394172728062, -0.9990717172622681, 1.5094408988952637], [0.5514212250709534, -0.8340013027191162, 0.019400790333747864, -1.1734619140625], [0.0, 0.0, 0.0, 1.0]], [[0.9466467499732971, 0.31972697377204895, 0.04042952135205269, -1.15142822265625], [0.05108930915594101, -0.025019731372594833, -0.9983806014060974, 1.5880584716796875], [-0.3181976079940796, 0.9471793174743652, -0.040019478648900986, -0.100830078125], [0.0, 0.0, 0.0, 1.0]], [[0.0032763821072876453, 0.9998818039894104, -0.015019378624856472, 0.002685546875], [0.02579278126358986, -0.01509896107017994, -0.9995533227920532, 1.5804786682128906], [-0.999661922454834, 0.0028874750714749098, -0.025839203968644142, -0.041717529296875], [0.0, 0.0, 0.0, 1.0]], [[-0.9328690767288208, 0.3560439646244049, -0.05466269701719284, 1.04754638671875], [0.05853593349456787, 0.00010503660450922325, -0.9982852935791016, 1.5570096969604492], [-0.35542768239974976, -0.9344692230224609, -0.020939351990818977, -0.09716796875], [0.0, 0.0, 0.0, 1.0]]], "view": [[0.0, -2.0, 100.0], [-2.0, 0.0, 100.0], [0.0, 0.0, 1.0]], "bev": "bev_156411c07f7443489bdb4eeaa2282e9e.png", "aux": "aux_156411c07f7443489bdb4eeaa2282e9e.npz", "visibility": "visibility_156411c07f7443489bdb4eeaa2282e9e.png", "pose": [[0.6465364694595337, 0.7628830671310425, 0.0, 1464.6492919921875], [-0.7628830671310425, 0.6465364694595337, 0.0, 1464.0943603515625], [0.0, 0.0, 1.0, 0.0], [0.0, 0.0, 0.0, 1.0]], "pose_inverse": [[0.6465364694595337, -0.7628830671310425, 0.0, 169.98358154296875], [0.7628830671310425, 0.6465364694595337, 0.0, -2063.946533203125], [0.0, 0.0, 1.0, 0.0], [0.0, 0.0, 0.0, 1.0]], "cam_ids": [0, 1, 2, 3, 4, 5], "cam_channels": ["CAM_FRONT_LEFT", "CAM_FRONT", "CAM_FRONT_RIGHT", "CAM_BACK_LEFT", "CAM_BACK", "CAM_BACK_RIGHT"], "token": "156411c07f7443489bdb4eeaa2282e9e", "scene": "scene-0433"}, {"images": ["samples/CAM_FRONT_LEFT/n015-2018-10-08-15-52-24+0800__CAM_FRONT_LEFT__1538985521754844.jpg", "samples/CAM_FRONT/n015-2018-10-08-15-52-24+0800__CAM_FRONT__1538985521762460.jpg", "samples/CAM_FRONT_RIGHT/n015-2018-10-08-15-52-24+0800__CAM_FRONT_RIGHT__1538985521770339.jpg", "samples/CAM_BACK_LEFT/n015-2018-10-08-15-52-24+0800__CAM_BACK_LEFT__1538985521797423.jpg", "samples/CAM_BACK/n015-2018-10-08-15-52-24+0800__CAM_BACK__1538985521787525.jpg", "samples/CAM_BACK_RIGHT/n015-2018-10-08-15-52-24+0800__CAM_BACK_RIGHT__1538985521777893.jpg"], "intrinsics": [[[1272.5979470598488, 0.0, 826.6154927353808], [0.0, 1272.5979470598488, 479.75165386361925], [0.0, 0.0, 1.0]], [[1266.417203046554, 0.0, 816.2670197447984], [0.0, 1266.417203046554, 491.50706579294757], [0.0, 0.0, 1.0]], [[1260.8474446004698, 0.0, 807.968244525554], [0.0, 1260.8474446004698, 495.3344268742088], [0.0, 0.0, 1.0]], [[1256.7414812095406, 0.0, 792.1125740759628], [0.0, 1256.7414812095406, 492.7757465151356], [0.0, 0.0, 1.0]], [[809.2209905677063, 0.0, 829.2196003259838], [0.0, 809.2209905677063, 481.77842384512485], [0.0, 0.0, 1.0]], [[1259.5137405846733, 0.0, 807.2529053838625], [0.0, 1259.5137405846733, 501.19579884916527], [0.0, 0.0, 1.0]]], "extrinsics": [[[0.8177750706672668, -0.5746538639068604, 0.03188750147819519, -0.7705078125], [0.03787679225206375, -0.0015485577750951052, -0.9992812275886536, 1.517223834991455], [0.5742902159690857, 0.8183951377868652, 0.02049967460334301, -1.1451416015625], [0.0, 0.0, 0.0, 1.0]], [[0.0021954593248665333, -0.9999814629554749, 0.00567120686173439, 0.00634765625], [0.032472625374794006, -0.005596939008682966, -0.9994569420814514, 1.5267858505249023], [0.9994701743125916, 0.0023783710785210133, 0.03245973587036133, -1.500030517578125], [0.0, 0.0, 0.0, 1.0]], [[-0.8334052562713623, -0.5513455271720886, -0.038129448890686035, 0.910400390625], [0.03804335743188858, 0.011596625670790672, -0.9992087483406067, 1.5092144012451172], [0.5513514280319214, -0.8341963887214661, 0.011310345493257046, -1.167236328125], [0.0, 0.0, 0.0, 1.0]], [[0.9468488693237305, 0.31942713260650635, 0.03799392655491829, -1.15216064453125], [0.04638369753956795, -0.018695861101150513, -0.9987487196922302, 1.5880470275878906], [-0.31831714510917664, 0.947426438331604, -0.03251836448907852, -0.099853515625], [0.0, 0.0, 0.0, 1.0]], [[0.003215158125385642, 0.9999576807022095, -0.008624613285064697, 0.002685546875], [0.02107926644384861, -0.008690512739121914, -0.9997400641441345, 1.5803413391113281], [-0.9997726082801819, 0.003032602835446596, -0.021106313914060593, -0.04454803466796875], [0.0, 0.0, 0.0, 1.0]], [[-0.9330785274505615, 0.35646435618400574, -0.047934602946043015, 1.04022216796875], [0.05381203070282936, 0.006583363749086857, -0.9985293745994568, 1.5569677352905273], [-0.35562458634376526, -0.9342857599258423, -0.0253248680382967, -0.0994873046875], [0.0, 0.0, 0.0, 1.0]]], "view": [[0.0, -2.0, 100.0], [-2.0, 0.0, 100.0], [0.0, 0.0, 1.0]], "bev": "bev_9e4623d84d9b4a179fb367a6da6525a6.png", "aux": "aux_9e4623d84d9b4a179fb367a6da6525a6.npz", "visibility": "visibility_9e4623d84d9b4a179fb367a6da6525a6.png", "pose": [[0.6835854649543762, 0.7298704981803894, 0.0, 1466.5001220703125], [-0.7298704981803894, 0.6835854649543762, 0.0, 1461.9915771484375], [0.0, 0.0, 1.0, 0.0], [0.0, 0.0, 0.0, 1.0]], "pose_inverse": [[0.6835854649543762, -0.7298704981803894, 0.0, 64.58635711669922], [0.7298704981803894, 0.6835854649543762, 0.0, -2069.751220703125], [0.0, 0.0, 1.0, 0.0], [0.0, 0.0, 0.0, 1.0]], "cam_ids": [0, 1, 2, 3, 4, 5], "cam_channels": ["CAM_FRONT_LEFT", "CAM_FRONT", "CAM_FRONT_RIGHT", "CAM_BACK_LEFT", "CAM_BACK", "CAM_BACK_RIGHT"], "token": "9e4623d84d9b4a179fb367a6da6525a6", "scene": "scene-0433"}, {"images": ["samples/CAM_FRONT_LEFT/n015-2018-10-08-15-52-24+0800__CAM_FRONT_LEFT__1538985522154844.jpg", "samples/CAM_FRONT/n015-2018-10-08-15-52-24+0800__CAM_FRONT__1538985522162460.jpg", "samples/CAM_FRONT_RIGHT/n015-2018-10-08-15-52-24+0800__CAM_FRONT_RIGHT__1538985522170339.jpg", "samples/CAM_BACK_LEFT/n015-2018-10-08-15-52-24+0800__CAM_BACK_LEFT__1538985522197423.jpg", "samples/CAM_BACK/n015-2018-10-08-15-52-24+0800__CAM_BACK__1538985522187525.jpg", "samples/CAM_BACK_RIGHT/n015-2018-10-08-15-52-24+0800__CAM_BACK_RIGHT__1538985522177893.jpg"], "intrinsics": [[[1272.5979470598488, 0.0, 826.6154927353808], [0.0, 1272.5979470598488, 479.75165386361925], [0.0, 0.0, 1.0]], [[1266.417203046554, 0.0, 816.2670197447984], [0.0, 1266.417203046554, 491.50706579294757], [0.0, 0.0, 1.0]], [[1260.8474446004698, 0.0, 807.968244525554], [0.0, 1260.8474446004698, 495.3344268742088], [0.0, 0.0, 1.0]], [[1256.7414812095406, 0.0, 792.1125740759628], [0.0, 1256.7414812095406, 492.7757465151356], [0.0, 0.0, 1.0]], [[809.2209905677063, 0.0, 829.2196003259838], [0.0, 809.2209905677063, 481.77842384512485], [0.0, 0.0, 1.0]], [[1259.5137405846733, 0.0, 807.2529053838625], [0.0, 1259.5137405846733, 501.19579884916527], [0.0, 0.0, 1.0]]], "extrinsics": [[[0.8185889720916748, -0.5734037756919861, 0.03346704691648483, -0.75732421875], [0.039795130491256714, -0.0015079069416970015, -0.9992067217826843, 1.5182359218597412], [0.5729994177818298, 0.8192715048789978, 0.021584324538707733, -1.139892578125], [0.0, 0.0, 0.0, 1.0]], [[0.0034333146177232265, -0.9999779462814331, 0.005676260218024254, 0.00927734375], [0.03465646132826805, -0.005553896073251963, -0.9993838667869568, 1.5276479721069336], [0.9993933439254761, 0.0036279011983424425, 0.03463663160800934, -1.487833023071289], [0.0, 0.0, 0.0, 1.0]], [[-0.8327730894088745, -0.5521562695503235, -0.04015301167964935, 0.9033203125], [0.0404660664498806, 0.011624157428741455, -0.9991132616996765, 1.5099601745605469], [0.5521334409713745, -0.8336595296859741, 0.012663308531045914, -1.15966796875], [0.0, 0.0, 0.0, 1.0]], [[0.9466275572776794, 0.3197080194950104, 0.041025035083293915, -1.152587890625], [0.04966406151652336, -0.01891196519136429, -0.998586893081665, 1.5880470275878906], [-0.31848034262657166, 0.9473273754119873, -0.03378058597445488, -0.101318359375], [0.0, 0.0, 0.0, 1.0]], [[0.0028108987025916576, 0.9999577403068542, -0.008753363974392414, 0.00146484375], [0.02407337725162506, -0.00881852675229311, -0.9996712803840637, 1.5805912017822266], [-0.9997062683105469, 0.0025992358569055796, -0.024097148329019547, -0.04889106750488281], [0.0, 0.0, 0.0, 1.0]], [[-0.9332079887390137, 0.35577592253685, -0.05046090483665466, 1.03271484375], [0.05648471787571907, 0.006556754931807518, -0.9983819723129272, 1.5576648712158203], [-0.3548693060874939, -0.9345483183860779, -0.0262147169560194, -0.1007080078125], [0.0, 0.0, 0.0, 1.0]]], "view": [[0.0, -2.0, 100.0], [-2.0, 0.0, 100.0], [0.0, 0.0, 1.0]], "bev": "bev_8c3f70437fa648f8a9b5f29a7e518310.png", "aux": "aux_8c3f70437fa648f8a9b5f29a7e518310.npz", "visibility": "visibility_8c3f70437fa648f8a9b5f29a7e518310.png", "pose": [[0.7099794745445251, 0.7042223215103149, 0.0, 1468.1505126953125], [-0.7042223215103149, 0.7099794745445251, 0.0, 1460.25830078125], [0.0, 0.0, 1.0, 0.0], [0.0, 0.0, 0.0, 1.0]], "pose_inverse": [[0.7099794745445251, -0.7042223215103149, 0.0, -14.010224342346191], [0.7042223215103149, 0.7099794745445251, 0.0, -2070.657958984375], [0.0, 0.0, 1.0, 0.0], [0.0, 0.0, 0.0, 1.0]], "cam_ids": [0, 1, 2, 3, 4, 5], "cam_channels": ["CAM_FRONT_LEFT", "CAM_FRONT", "CAM_FRONT_RIGHT", "CAM_BACK_LEFT", "CAM_BACK", "CAM_BACK_RIGHT"], "token": "8c3f70437fa648f8a9b5f29a7e518310", "scene": "scene-0433"}, {"images": ["samples/CAM_FRONT_LEFT/n015-2018-10-08-15-52-24+0800__CAM_FRONT_LEFT__1538985522654844.jpg", "samples/CAM_FRONT/n015-2018-10-08-15-52-24+0800__CAM_FRONT__1538985522662460.jpg", "samples/CAM_FRONT_RIGHT/n015-2018-10-08-15-52-24+0800__CAM_FRONT_RIGHT__1538985522670339.jpg", "samples/CAM_BACK_LEFT/n015-2018-10-08-15-52-24+0800__CAM_BACK_LEFT__1538985522697423.jpg", "samples/CAM_BACK/n015-2018-10-08-15-52-24+0800__CAM_BACK__1538985522687550.jpg", "samples/CAM_BACK_RIGHT/n015-2018-10-08-15-52-24+0800__CAM_BACK_RIGHT__1538985522677907.jpg"], "intrinsics": [[[1272.5979470598488, 0.0, 826.6154927353808], [0.0, 1272.5979470598488, 479.75165386361925], [0.0, 0.0, 1.0]], [[1266.417203046554, 0.0, 816.2670197447984], [0.0, 1266.417203046554, 491.50706579294757], [0.0, 0.0, 1.0]], [[1260.8474446004698, 0.0, 807.968244525554], [0.0, 1260.8474446004698, 495.3344268742088], [0.0, 0.0, 1.0]], [[1256.7414812095406, 0.0, 792.1125740759628], [0.0, 1256.7414812095406, 492.7757465151356], [0.0, 0.0, 1.0]], [[809.2209905677063, 0.0, 829.2196003259838], [0.0, 809.2209905677063, 481.77842384512485], [0.0, 0.0, 1.0]], [[1259.5137405846733, 0.0, 807.2529053838625], [0.0, 1259.5137405846733, 501.19579884916527], [0.0, 0.0, 1.0]]], "extrinsics": [[[0.8192256093025208, -0.5722024440765381, 0.03812767565250397, -0.7445068359375], [0.04207593947649002, -0.006332486402243376, -0.9990943670272827, 1.5194721221923828], [0.571925699710846, 0.8200879693031311, 0.01888822205364704, -1.1312255859375], [0.0, 0.0, 0.0, 1.0]], [[0.004411892034113407, -0.9999330043792725, 0.010694705881178379, 0.00927734375], [0.036772552877664566, -0.010525348596274853, -0.9992682337760925, 1.5285587310791016], [0.9993139505386353, 0.004801942966878414, 0.036723650991916656, -1.475189208984375], [0.0, 0.0, 0.0, 1.0]], [[-0.8322972059249878, -0.5529604554176331, -0.03893694654107094, 0.8948974609375], [0.042401451617479324, 0.006529380101710558, -0.9990792870521545, 1.510697364807129], [0.5527056455612183, -0.8331819176673889, 0.018011942505836487, -1.1546630859375], [0.0, 0.0, 0.0, 1.0]], [[0.9466445446014404, 0.3197019398212433, 0.040680404752492905, -1.14874267578125], [0.05109186843037605, -0.024242984130978584, -0.9983996748924255, 1.5882148742675781], [-0.3182040750980377, 0.9472079873085022, -0.03928365185856819, -0.10205078125], [0.0, 0.0, 0.0, 1.0]], [[0.0027475489769130945, 0.9998974800109863, -0.014059522189199924, 0.00244140625], [0.025668777525424957, -0.01412546169012785, -0.9995707273483276, 1.5808067321777344], [-0.999666690826416, 0.0023855201434344053, -0.02570495195686817, -0.05403900146484375], [0.0, 0.0, 0.0, 1.0]], [[-0.9332714676856995, 0.35509228706359863, -0.05397997424006462, 1.025390625], [0.0582631453871727, 0.0013717678375542164, -0.998300313949585, 1.558328628540039], [-0.35441479086875916, -0.9348303079605103, -0.021969027817249298, -0.1038818359375], [0.0, 0.0, 0.0, 1.0]]], "view": [[0.0, -2.0, 100.0], [-2.0, 0.0, 100.0], [0.0, 0.0, 1.0]], "bev": "bev_da529b5f574e4ecf84eea7c8006827b4.png", "aux": "aux_da529b5f574e4ecf84eea7c8006827b4.npz", "visibility": "visibility_da529b5f574e4ecf84eea7c8006827b4.png", "pose": [[0.7349947690963745, 0.6780728101730347, 0.0, 1470.4261474609375], [-0.6780728101730347, 0.7349947690963745, 0.0, 1458.0433349609375], [0.0, 0.0, 1.0, 0.0], [0.0, 0.0, 0.0, 1.0]], "pose_inverse": [[0.7349947690963745, -0.6780728101730347, 0.0, -92.09599304199219], [0.6780728101730347, 0.7349947690963745, 0.0, -2068.710205078125], [0.0, 0.0, 1.0, 0.0], [0.0, 0.0, 0.0, 1.0]], "cam_ids": [0, 1, 2, 3, 4, 5], "cam_channels": ["CAM_FRONT_LEFT", "CAM_FRONT", "CAM_FRONT_RIGHT", "CAM_BACK_LEFT", "CAM_BACK", "CAM_BACK_RIGHT"], "token": "da529b5f574e4ecf84eea7c8006827b4", "scene": "scene-0433"}, {"images": ["samples/CAM_FRONT_LEFT/n015-2018-10-08-15-52-24+0800__CAM_FRONT_LEFT__1538985523154844.jpg", "samples/CAM_FRONT/n015-2018-10-08-15-52-24+0800__CAM_FRONT__1538985523162460.jpg", "samples/CAM_FRONT_RIGHT/n015-2018-10-08-15-52-24+0800__CAM_FRONT_RIGHT__1538985523170339.jpg", "samples/CAM_BACK_LEFT/n015-2018-10-08-15-52-24+0800__CAM_BACK_LEFT__1538985523197432.jpg", "samples/CAM_BACK/n015-2018-10-08-15-52-24+0800__CAM_BACK__1538985523187525.jpg", "samples/CAM_BACK_RIGHT/n015-2018-10-08-15-52-24+0800__CAM_BACK_RIGHT__1538985523177893.jpg"], "intrinsics": [[[1272.5979470598488, 0.0, 826.6154927353808], [0.0, 1272.5979470598488, 479.75165386361925], [0.0, 0.0, 1.0]], [[1266.417203046554, 0.0, 816.2670197447984], [0.0, 1266.417203046554, 491.50706579294757], [0.0, 0.0, 1.0]], [[1260.8474446004698, 0.0, 807.968244525554], [0.0, 1260.8474446004698, 495.3344268742088], [0.0, 0.0, 1.0]], [[1256.7414812095406, 0.0, 792.1125740759628], [0.0, 1256.7414812095406, 492.7757465151356], [0.0, 0.0, 1.0]], [[809.2209905677063, 0.0, 829.2196003259838], [0.0, 809.2209905677063, 481.77842384512485], [0.0, 0.0, 1.0]], [[1259.5137405846733, 0.0, 807.2529053838625], [0.0, 1259.5137405846733, 501.19579884916527], [0.0, 0.0, 1.0]]], "extrinsics": [[[0.8188508749008179, -0.572920024394989, 0.03529706969857216, -0.7291259765625], [0.041040919721126556, -0.002898812061175704, -0.9991532564163208, 1.5200293064117432], [0.5725371837615967, 0.8196062445640564, 0.021139467135071754, -1.1173095703125], [0.0, 0.0, 0.0, 1.0]], [[0.0038564077112823725, -0.9999683499336243, 0.006949904840439558, 0.00732421875], [0.03561708703637123, -0.006808192003518343, -0.9993423223495483, 1.5289030075073242], [0.999358057975769, 0.004101479891687632, 0.03558970242738724, -1.4577484130859375], [0.0, 0.0, 0.0, 1.0]], [[-0.8325744271278381, -0.5524589419364929, -0.04011055827140808, 0.882568359375], [0.0411345437169075, 0.010547044686973095, -0.9990979433059692, 1.511068344116211], [0.5523836612701416, -0.8334733843803406, 0.013943948782980442, -1.148193359375], [0.0, 0.0, 0.0, 1.0]], [[0.9467025995254517, 0.31955209374427795, 0.04050401598215103, -1.1468505859375], [0.04926111549139023, -0.019365834072232246, -0.9985981583595276, 1.5883102416992188], [-0.3183196783065796, 0.9473707675933838, -0.03407517820596695, -0.102294921875], [0.0, 0.0, 0.0, 1.0]], [[0.0028385925106704235, 0.9999513030052185, -0.009457213804125786, 0.002685546875], [0.02406880632042885, -0.009522831067442894, -0.9996649622917175, 1.5808734893798828], [-0.9997062683105469, 0.0026099041569978, -0.024094661697745323, -0.061126708984375], [0.0, 0.0, 0.0, 1.0]], [[-0.9332466125488281, 0.3555777668952942, -0.05113871395587921, 1.015625], [0.056857880204916, 0.005645024590194225, -0.9983663558959961, 1.5587635040283203], [-0.3547082543373108, -0.9346296787261963, -0.025485601276159286, -0.108642578125], [0.0, 0.0, 0.0, 1.0]]], "view": [[0.0, -2.0, 100.0], [-2.0, 0.0, 100.0], [0.0, 0.0, 1.0]], "bev": "bev_7778d66ff5e34ef8a51f2ff48c2c4d3e.png", "aux": "aux_7778d66ff5e34ef8a51f2ff48c2c4d3e.npz", "visibility": "visibility_7778d66ff5e34ef8a51f2ff48c2c4d3e.png", "pose": [[0.755194365978241, 0.6555009484291077, 0.0, 1472.891357421875], [-0.6555009484291077, 0.755194365978241, 0.0, 1455.805908203125], [0.0, 0.0, 1.0, 0.0], [0.0, 0.0, 0.0, 1.0]], "pose_inverse": [[0.755194365978241, -0.6555009484291077, 0.0, -158.0371551513672], [0.6555009484291077, 0.755194365978241, 0.0, -2064.898193359375], [0.0, 0.0, 1.0, 0.0], [0.0, 0.0, 0.0, 1.0]], "cam_ids": [0, 1, 2, 3, 4, 5], "cam_channels": ["CAM_FRONT_LEFT", "CAM_FRONT", "CAM_FRONT_RIGHT", "CAM_BACK_LEFT", "CAM_BACK", "CAM_BACK_RIGHT"], "token": "7778d66ff5e34ef8a51f2ff48c2c4d3e", "scene": "scene-0433"}, {"images": ["samples/CAM_FRONT_LEFT/n015-2018-10-08-15-52-24+0800__CAM_FRONT_LEFT__1538985523654844.jpg", "samples/CAM_FRONT/n015-2018-10-08-15-52-24+0800__CAM_FRONT__1538985523662460.jpg", "samples/CAM_FRONT_RIGHT/n015-2018-10-08-15-52-24+0800__CAM_FRONT_RIGHT__1538985523670339.jpg", "samples/CAM_BACK_LEFT/n015-2018-10-08-15-52-24+0800__CAM_BACK_LEFT__1538985523697423.jpg", "samples/CAM_BACK/n015-2018-10-08-15-52-24+0800__CAM_BACK__1538985523687525.jpg", "samples/CAM_BACK_RIGHT/n015-2018-10-08-15-52-24+0800__CAM_BACK_RIGHT__1538985523677893.jpg"], "intrinsics": [[[1272.5979470598488, 0.0, 826.6154927353808], [0.0, 1272.5979470598488, 479.75165386361925], [0.0, 0.0, 1.0]], [[1266.417203046554, 0.0, 816.2670197447984], [0.0, 1266.417203046554, 491.50706579294757], [0.0, 0.0, 1.0]], [[1260.8474446004698, 0.0, 807.968244525554], [0.0, 1260.8474446004698, 495.3344268742088], [0.0, 0.0, 1.0]], [[1256.7414812095406, 0.0, 792.1125740759628], [0.0, 1256.7414812095406, 492.7757465151356], [0.0, 0.0, 1.0]], [[809.2209905677063, 0.0, 829.2196003259838], [0.0, 809.2209905677063, 481.77842384512485], [0.0, 0.0, 1.0]], [[1259.5137405846733, 0.0, 807.2529053838625], [0.0, 1259.5137405846733, 501.19579884916527], [0.0, 0.0, 1.0]]], "extrinsics": [[[0.8183682560920715, -0.5742979645729065, 0.021338826045393944, -0.710205078125], [0.02847479097545147, 0.003435180289670825, -0.9995886087417603, 1.5170402526855469], [0.5739883184432983, 0.8186391592025757, 0.019164254888892174, -1.1053466796875], [0.0, 0.0, 0.0, 1.0]], [[0.00270706694573164, -0.9999960064888, 0.0007934035966172814, 0.0087890625], [0.022999584674835205, -0.0007309338543564081, -0.9997352361679077, 1.5263876914978027], [0.9997318387031555, 0.0027246661484241486, 0.02299751341342926, -1.4379425048828125], [0.0, 0.0, 0.0, 1.0]], [[-0.8335576057434082, -0.5514584183692932, -0.03279230743646622, 0.868896484375], [0.028503375127911568, 0.016348274424672127, -0.999459981918335, 1.509246826171875], [0.5516967177391052, -0.8340421915054321, 0.0020911998581141233, -1.137451171875], [0.0, 0.0, 0.0, 1.0]], [[0.9472276568412781, 0.31912216544151306, 0.030343232676386833, -1.1402587890625], [0.036577966064214706, -0.013560721650719643, -0.9992387890815735, 1.588632583618164], [-0.3184677064418793, 0.9476166367530823, -0.024517927318811417, -0.1046142578125], [0.0, 0.0, 0.0, 1.0]], [[0.0032397329341620207, 0.9999880194664001, -0.003667691955342889, 0.001953125], [0.011353375390172005, -0.003704255912452936, -0.9999287128448486, 1.580197811126709], [-0.9999302625656128, 0.003197761019691825, -0.011365240439772606, -0.0718536376953125], [0.0, 0.0, 0.0, 1.0]], [[-0.9335405826568604, 0.3565270006656647, -0.037288278341293335, 1.00177001953125], [0.04419655352830887, 0.011246822774410248, -0.9989595413208008, 1.5577545166015625], [-0.35573670268058777, -0.9342173337936401, -0.026256633922457695, -0.1126708984375], [0.0, 0.0, 0.0, 1.0]]], "view": [[0.0, -2.0, 100.0], [-2.0, 0.0, 100.0], [0.0, 0.0, 1.0]], "bev": "bev_7348d43755254e96b6bd8fcb1f62c7c8.png", "aux": "aux_7348d43755254e96b6bd8fcb1f62c7c8.npz", "visibility": "visibility_7348d43755254e96b6bd8fcb1f62c7c8.png", "pose": [[0.7808635830879211, 0.6247016191482544, 0.0, 1475.5753173828125], [-0.6247016191482544, 0.7808635830879211, 0.0, 1453.5211181640625], [0.0, 0.0, 1.0, 0.0], [0.0, 0.0, 0.0, 1.0]], "pose_inverse": [[0.7808635830879211, -0.6247016191482544, 0.0, -244.20603942871094], [0.6247016191482544, 0.7808635830879211, 0.0, -2056.7958984375], [0.0, 0.0, 1.0, 0.0], [0.0, 0.0, 0.0, 1.0]], "cam_ids": [0, 1, 2, 3, 4, 5], "cam_channels": ["CAM_FRONT_LEFT", "CAM_FRONT", "CAM_FRONT_RIGHT", "CAM_BACK_LEFT", "CAM_BACK", "CAM_BACK_RIGHT"], "token": "7348d43755254e96b6bd8fcb1f62c7c8", "scene": "scene-0433"}, {"images": ["samples/CAM_FRONT_LEFT/n015-2018-10-08-15-52-24+0800__CAM_FRONT_LEFT__1538985524104844.jpg", "samples/CAM_FRONT/n015-2018-10-08-15-52-24+0800__CAM_FRONT__1538985524112460.jpg", "samples/CAM_FRONT_RIGHT/n015-2018-10-08-15-52-24+0800__CAM_FRONT_RIGHT__1538985524120339.jpg", "samples/CAM_BACK_LEFT/n015-2018-10-08-15-52-24+0800__CAM_BACK_LEFT__1538985524147423.jpg", "samples/CAM_BACK/n015-2018-10-08-15-52-24+0800__CAM_BACK__1538985524137525.jpg", "samples/CAM_BACK_RIGHT/n015-2018-10-08-15-52-24+0800__CAM_BACK_RIGHT__1538985524127893.jpg"], "intrinsics": [[[1272.5979470598488, 0.0, 826.6154927353808], [0.0, 1272.5979470598488, 479.75165386361925], [0.0, 0.0, 1.0]], [[1266.417203046554, 0.0, 816.2670197447984], [0.0, 1266.417203046554, 491.50706579294757], [0.0, 0.0, 1.0]], [[1260.8474446004698, 0.0, 807.968244525554], [0.0, 1260.8474446004698, 495.3344268742088], [0.0, 0.0, 1.0]], [[1256.7414812095406, 0.0, 792.1125740759628], [0.0, 1256.7414812095406, 492.7757465151356], [0.0, 0.0, 1.0]], [[809.2209905677063, 0.0, 829.2196003259838], [0.0, 809.2209905677063, 481.77842384512485], [0.0, 0.0, 1.0]], [[1259.5137405846733, 0.0, 807.2529053838625], [0.0, 1259.5137405846733, 501.19579884916527], [0.0, 0.0, 1.0]]], "extrinsics": [[[0.8177610039710999, -0.5754339694976807, 0.011946255341172218, -0.70361328125], [0.021523073315620422, 0.00983226764947176, -0.9997199773788452, 1.5149803161621094], [0.5751553773880005, 0.8177891373634338, 0.020425552502274513, -1.1036376953125], [0.0, 0.0, 0.0, 1.0]], [[0.0016226659063249826, -0.9999794363975525, -0.006196724250912666, 0.01025390625], [0.016233928501605988, 0.006222258787602186, -0.9998489022254944, 1.5247020721435547], [0.9998668432235718, 0.0015218410408124328, 0.016243690624833107, -1.433624267578125], [0.0, 0.0, 0.0, 1.0]], [[-0.8342371582984924, -0.5505083203315735, -0.03144654259085655, 0.8671875], [0.02193511836230755, 0.023852385580539703, -0.9994747638702393, 1.5079460144042969], [0.5509693026542664, -0.8344888687133789, -0.007823082618415356, -1.1353759765625], [0.0, 0.0, 0.0, 1.0]], [[0.9475110173225403, 0.31852200627326965, 0.027685781940817833, -1.1456298828125], [0.03094470128417015, -0.0051748137921094894, -0.9995076656341553, 1.5884357690811157], [-0.31822189688682556, 0.9479013681411743, -0.014759760349988937, -0.1016845703125], [0.0, 0.0, 0.0, 1.0]], [[0.003721700282767415, 0.9999836683273315, 0.0043635438196361065, 0.002197265625], [0.005336535628885031, 0.00434365076944232, -0.9999763369560242, 1.5797338485717773], [-0.9999788403511047, 0.003744869027286768, -0.005320282187312841, -0.069183349609375], [0.0, 0.0, 0.0, 1.0]], [[-0.9335379600524902, 0.3573431074619293, -0.02850891649723053, 1.00079345703125], [0.03782910481095314, 0.019117776304483414, -0.9991013407707214, 1.5568504333496094], [-0.3564769923686981, -0.9337775707244873, -0.03136514127254486, -0.1124267578125], [0.0, 0.0, 0.0, 1.0]]], "view": [[0.0, -2.0, 100.0], [-2.0, 0.0, 100.0], [0.0, 0.0, 1.0]], "bev": "bev_051e90fdb2b0421cac037e1549ab211b.png", "aux": "aux_051e90fdb2b0421cac037e1549ab211b.npz", "visibility": "visibility_051e90fdb2b0421cac037e1549ab211b.png", "pose": [[0.8103790879249573, 0.585905909538269, 0.0, 1478.1943359375], [-0.585905909538269, 0.8103790879249573, 0.0, 1451.466064453125], [0.0, 0.0, 1.0, 0.0], [0.0, 0.0, 0.0, 1.0]], "pose_inverse": [[0.8103790879249573, -0.585905909538269, 0.0, -347.4751892089844], [0.585905909538269, 0.8103790879249573, 0.0, -2042.320556640625], [0.0, 0.0, 1.0, 0.0], [0.0, 0.0, 0.0, 1.0]], "cam_ids": [0, 1, 2, 3, 4, 5], "cam_channels": ["CAM_FRONT_LEFT", "CAM_FRONT", "CAM_FRONT_RIGHT", "CAM_BACK_LEFT", "CAM_BACK", "CAM_BACK_RIGHT"], "token": "051e90fdb2b0421cac037e1549ab211b", "scene": "scene-0433"}, {"images": ["samples/CAM_FRONT_LEFT/n015-2018-10-08-15-52-24+0800__CAM_FRONT_LEFT__1538985524654844.jpg", "samples/CAM_FRONT/n015-2018-10-08-15-52-24+0800__CAM_FRONT__1538985524662460.jpg", "samples/CAM_FRONT_RIGHT/n015-2018-10-08-15-52-24+0800__CAM_FRONT_RIGHT__1538985524670339.jpg", "samples/CAM_BACK_LEFT/n015-2018-10-08-15-52-24+0800__CAM_BACK_LEFT__1538985524697423.jpg", "samples/CAM_BACK/n015-2018-10-08-15-52-24+0800__CAM_BACK__1538985524687525.jpg", "samples/CAM_BACK_RIGHT/n015-2018-10-08-15-52-24+0800__CAM_BACK_RIGHT__1538985524677893.jpg"], "intrinsics": [[[1272.5979470598488, 0.0, 826.6154927353808], [0.0, 1272.5979470598488, 479.75165386361925], [0.0, 0.0, 1.0]], [[1266.417203046554, 0.0, 816.2670197447984], [0.0, 1266.417203046554, 491.50706579294757], [0.0, 0.0, 1.0]], [[1260.8474446004698, 0.0, 807.968244525554], [0.0, 1260.8474446004698, 495.3344268742088], [0.0, 0.0, 1.0]], [[1256.7414812095406, 0.0, 792.1125740759628], [0.0, 1256.7414812095406, 492.7757465151356], [0.0, 0.0, 1.0]], [[809.2209905677063, 0.0, 829.2196003259838], [0.0, 809.2209905677063, 481.77842384512485], [0.0, 0.0, 1.0]], [[1259.5137405846733, 0.0, 807.2529053838625], [0.0, 1259.5137405846733, 501.19579884916527], [0.0, 0.0, 1.0]]], "extrinsics": [[[0.8173859715461731, -0.5760788917541504, 0.0036356369964778423, -0.69647216796875], [0.031178006902337074, 0.03793441131711006, -0.9987937211990356, 1.5182723999023438], [0.5752460956573486, 0.8165133595466614, 0.04896805062890053, -1.0955810546875], [0.0, 0.0, 0.0, 1.0]], [[0.0013668780447915196, -0.9994113445281982, -0.03427854925394058, 0.0081787109375], [0.02605212666094303, 0.03430253639817238, -0.9990718960762024, 1.5274124145507812], [0.9996597170829773, 0.00047259870916604996, 0.026083683595061302, -1.42462158203125], [0.0, 0.0, 0.0, 1.0]], [[-0.8340163230895996, -0.548970639705658, -0.05520767718553543, 0.860595703125], [0.031922537833452225, 0.051881153136491776, -0.9981428384780884, 1.510162353515625], [0.5508154630661011, -0.8342298269271851, -0.025745192542672157, -1.132568359375], [0.0, 0.0, 0.0, 1.0]], [[0.947112500667572, 0.3175314664840698, 0.046385299414396286, -1.1424560546875], [0.04122697934508324, 0.02294904924929142, -0.9988861680030823, 1.5885543823242188], [-0.3182423412799835, 0.9479699730873108, 0.0086444690823555, -0.102783203125], [0.0, 0.0, 0.0, 1.0]], [[0.003569983644410968, 0.999464213848114, 0.03253382071852684, 0.0023193359375], [0.015559333376586437, 0.0324745737016201, -0.999351441860199, 1.5805282592773438], [-0.999872624874115, 0.004073895514011383, -0.015435065142810345, -0.073974609375], [0.0, 0.0, 0.0, 1.0]], [[-0.9331380724906921, 0.3584350049495697, -0.027886902913451195, 0.996002197265625], [0.04794786125421524, 0.04720035195350647, -0.997734010219574, 1.558563232421875], [-0.3563065826892853, -0.9323606491088867, -0.06123064085841179, -0.115478515625], [0.0, 0.0, 0.0, 1.0]]], "view": [[0.0, -2.0, 100.0], [-2.0, 0.0, 100.0], [0.0, 0.0, 1.0]], "bev": "bev_b1da453484694f6799933739c3bc162d.png", "aux": "aux_b1da453484694f6799933739c3bc162d.npz", "visibility": "visibility_b1da453484694f6799933739c3bc162d.png", "pose": [[0.8458118438720703, 0.5334812998771667, 0.0, 1481.625732421875], [-0.5334812998771667, 0.8458118438720703, 0.0, 1449.041748046875], [0.0, 0.0, 1.0, 0.0], [0.0, 0.0, 0.0, 1.0]], "pose_inverse": [[0.8458118438720703, -0.5334812998771667, 0.0, -480.13995361328125], [0.5334812998771667, 0.8458118438720703, 0.0, -2016.0362548828125], [0.0, 0.0, 1.0, 0.0], [0.0, 0.0, 0.0, 1.0]], "cam_ids": [0, 1, 2, 3, 4, 5], "cam_channels": ["CAM_FRONT_LEFT", "CAM_FRONT", "CAM_FRONT_RIGHT", "CAM_BACK_LEFT", "CAM_BACK", "CAM_BACK_RIGHT"], "token": "b1da453484694f6799933739c3bc162d", "scene": "scene-0433"}, {"images": ["samples/CAM_FRONT_LEFT/n015-2018-10-08-15-52-24+0800__CAM_FRONT_LEFT__1538985525104844.jpg", "samples/CAM_FRONT/n015-2018-10-08-15-52-24+0800__CAM_FRONT__1538985525112460.jpg", "samples/CAM_FRONT_RIGHT/n015-2018-10-08-15-52-24+0800__CAM_FRONT_RIGHT__1538985525120350.jpg", "samples/CAM_BACK_LEFT/n015-2018-10-08-15-52-24+0800__CAM_BACK_LEFT__1538985525147423.jpg", "samples/CAM_BACK/n015-2018-10-08-15-52-24+0800__CAM_BACK__1538985525137525.jpg", "samples/CAM_BACK_RIGHT/n015-2018-10-08-15-52-24+0800__CAM_BACK_RIGHT__1538985525127893.jpg"], "intrinsics": [[[1272.5979470598488, 0.0, 826.6154927353808], [0.0, 1272.5979470598488, 479.75165386361925], [0.0, 0.0, 1.0]], [[1266.417203046554, 0.0, 816.2670197447984], [0.0, 1266.417203046554, 491.50706579294757], [0.0, 0.0, 1.0]], [[1260.8474446004698, 0.0, 807.968244525554], [0.0, 1260.8474446004698, 495.3344268742088], [0.0, 0.0, 1.0]], [[1256.7414812095406, 0.0, 792.1125740759628], [0.0, 1256.7414812095406, 492.7757465151356], [0.0, 0.0, 1.0]], [[809.2209905677063, 0.0, 829.2196003259838], [0.0, 809.2209905677063, 481.77842384512485], [0.0, 0.0, 1.0]], [[1259.5137405846733, 0.0, 807.2529053838625], [0.0, 1259.5137405846733, 501.19579884916527], [0.0, 0.0, 1.0]]], "extrinsics": [[[0.8167311549186707, -0.5770148038864136, 0.002003595931455493, -0.68292236328125], [0.041608817875385284, 0.05543087050318718, -0.9975951313972473, 1.521881103515625], [0.5755161643028259, 0.814850389957428, 0.06928101927042007, -1.0921630859375], [0.0, 0.0, 0.0, 1.0]], [[0.0007882632780820131, -0.9986649751663208, -0.051649387925863266, 0.0120849609375], [0.03626195341348648, 0.0516439825296402, -0.9980069994926453, 1.53033447265625], [0.9993419051170349, -0.001086234929971397, 0.03625424951314926, -1.4124755859375], [0.0, 0.0, 0.0, 1.0]], [[-0.8338928818702698, -0.5470840930938721, -0.07294933497905731, 0.8524169921875], [0.04190966859459877, 0.06902579963207245, -0.9967341423034668, 1.5124664306640625], [0.55033278465271, -0.8342267870903015, -0.03463200479745865, -1.1236572265625], [0.0, 0.0, 0.0, 1.0]], [[0.9467392563819885, 0.3163049519062042, 0.060298699885606766, -1.133056640625], [0.05044339969754219, 0.039261579513549805, -0.9979549050331116, 1.589019775390625], [-0.31802546977996826, 0.9478447437286377, 0.021214980632066727, -0.107177734375], [0.0, 0.0, 0.0, 1.0]], [[0.003900345880538225, 0.9987784624099731, 0.0492597296833992, 0.00146484375], [0.025063805282115936, 0.04914698749780655, -0.998477041721344, 1.5814285278320312], [-0.9996782541275024, 0.005129056982696056, -0.02484