[{"images": ["samples/CAM_FRONT_LEFT/n008-2018-08-01-15-52-19-0400__CAM_FRONT_LEFT__1533153718404799.jpg", "samples/CAM_FRONT/n008-2018-08-01-15-52-19-0400__CAM_FRONT__1533153718412404.jpg", "samples/CAM_FRONT_RIGHT/n008-2018-08-01-15-52-19-0400__CAM_FRONT_RIGHT__1533153718420482.jpg", "samples/CAM_BACK_LEFT/n008-2018-08-01-15-52-19-0400__CAM_BACK_LEFT__1533153718447405.jpg", "samples/CAM_BACK/n008-2018-08-01-15-52-19-0400__CAM_BACK__1533153718437558.jpg", "samples/CAM_BACK_RIGHT/n008-2018-08-01-15-52-19-0400__CAM_BACK_RIGHT__1533153718428113.jpg"], "intrinsics": [[[1257.8625342125129, 0.0, 827.2410631095686], [0.0, 1257.8625342125129, 450.915498205774], [0.0, 0.0, 1.0]], [[1252.8131021185304, 0.0, 826.588114781398], [0.0, 1252.8131021185304, 469.9846626224581], [0.0, 0.0, 1.0]], [[1256.7485116440405, 0.0, 817.7887570959712], [0.0, 1256.7485116440403, 451.9541780095127], [0.0, 0.0, 1.0]], [[1254.9860565800168, 0.0, 829.5769333630991], [0.0, 1254.9860565800168, 467.1680561863987], [0.0, 0.0, 1.0]], [[796.8910634503094, 0.0, 857.7774326863696], [0.0, 796.8910634503094, 476.8848988407415], [0.0, 0.0, 1.0]], [[1249.9629280788233, 0.0, 825.3768045375984], [0.0, 1249.9629280788233, 462.54816385708756], [0.0, 0.0, 1.0]]], "extrinsics": [[[0.8224893808364868, -0.5686147809028625, 0.013722830452024937, -0.6669921875], [0.0057147713378071785, -0.015864061191678047, -0.9998577833175659, 1.490630865097046], [0.5687516331672668, 0.8224509358406067, -0.009798521175980568, -1.0985107421875], [0.0, 0.0, 0.0, 1.0]], [[0.010109951719641685, -0.9997482895851135, 0.020024316385388374, 0.00775146484375], [0.007791873533278704, -0.01994597166776657, -0.9997707009315491, 1.4827848672866821], [0.9999185800552368, 0.010263660922646523, 0.0075882598757743835, -1.3955078125], [0.0, 0.0, 0.0, 1.0]], [[-0.8440740704536438, -0.5362232327461243, 0.001879301154986024, 0.869384765625], [0.015943221747875214, -0.028599195182323456, -0.9994637966156006, 1.4972143173217773], [0.5359894633293152, -0.843591570854187, 0.032688967883586884, -1.138427734375], [0.0, 0.0, 0.0, 1.0]], [[0.9478745460510254, 0.31838876008987427, -0.01274452917277813, -1.141845703125], [-0.009021932259202003, -0.01316392794251442, -0.999872624874115, 1.5620193481445312], [-0.31851595640182495, 0.947868824005127, -0.009605270810425282, -0.15681076049804688], [0.0, 0.0, 0.0, 1.0]], [[0.009267187677323818, 0.9997388124465942, -0.020889220759272575, -0.02752685546875], [-0.007042494602501392, -0.02082434482872486, -0.9997583031654358, 1.5673675537109375], [-0.9999322891235352, 0.009412061423063278, 0.006847672630101442, -0.05322265625], [0.0, 0.0, 0.0, 1.0]], [[-0.9236941933631897, 0.3828766644001007, -0.013939234428107738, 0.9876708984375], [-0.002997763454914093, -0.043603938072919846, -0.9990444183349609, 1.5472183227539062], [-0.38311854004859924, -0.9227698445320129, 0.04142448678612709, -0.116455078125], [0.0, 0.0, 0.0, 1.0]]], "view": [[0.0, -2.0, 100.0], [-2.0, 0.0, 100.0], [0.0, 0.0, 1.0]], "bev": "bev_03b428b824ef4fa5a2616198036c35c6.png", "aux": "aux_03b428b824ef4fa5a2616198036c35c6.npz", "visibility": "visibility_03b428b824ef4fa5a2616198036c35c6.png", "pose": [[0.9994229078292847, -0.03396770358085632, 0.0, 2229.023193359375], [0.03396770358085632, 0.9994229078292847, 0.0, 876.5992431640625], [0.0, 0.0, 1.0, 0.0], [0.0, 0.0, 0.0, 1.0]], "pose_inverse": [[0.9994229078292847, 0.03396770358085632, 0.0, -2257.512939453125], [-0.03396770358085632, 0.9994229078292847, 0.0, -800.3786010742188], [0.0, 0.0, 1.0, 0.0], [0.0, 0.0, 0.0, 1.0]], "cam_ids": [0, 1, 2, 3, 4, 5], "cam_channels": ["CAM_FRONT_LEFT", "CAM_FRONT", "CAM_FRONT_RIGHT", "CAM_BACK_LEFT", "CAM_BACK", "CAM_BACK_RIGHT"], "token": "03b428b824ef4fa5a2616198036c35c6", "scene": "scene-0075"}, {"images": ["samples/CAM_FRONT_LEFT/n008-2018-08-01-15-52-19-0400__CAM_FRONT_LEFT__1533153718904799.jpg", "samples/CAM_FRONT/n008-2018-08-01-15-52-19-0400__CAM_FRONT__1533153718912404.jpg", "samples/CAM_FRONT_RIGHT/n008-2018-08-01-15-52-19-0400__CAM_FRONT_RIGHT__1533153718920482.jpg", "samples/CAM_BACK_LEFT/n008-2018-08-01-15-52-19-0400__CAM_BACK_LEFT__1533153718947405.jpg", "samples/CAM_BACK/n008-2018-08-01-15-52-19-0400__CAM_BACK__1533153718937558.jpg", "samples/CAM_BACK_RIGHT/n008-2018-08-01-15-52-19-0400__CAM_BACK_RIGHT__1533153718928113.jpg"], "intrinsics": [[[1257.8625342125129, 0.0, 827.2410631095686], [0.0, 1257.8625342125129, 450.915498205774], [0.0, 0.0, 1.0]], [[1252.8131021185304, 0.0, 826.588114781398], [0.0, 1252.8131021185304, 469.9846626224581], [0.0, 0.0, 1.0]], [[1256.7485116440405, 0.0, 817.7887570959712], [0.0, 1256.7485116440403, 451.9541780095127], [0.0, 0.0, 1.0]], [[1254.9860565800168, 0.0, 829.5769333630991], [0.0, 1254.9860565800168, 467.1680561863987], [0.0, 0.0, 1.0]], [[796.8910634503094, 0.0, 857.7774326863696], [0.0, 796.8910634503094, 476.8848988407415], [0.0, 0.0, 1.0]], [[1249.9629280788233, 0.0, 825.3768045375984], [0.0, 1249.9629280788233, 462.54816385708756], [0.0, 0.0, 1.0]]], "extrinsics": [[[0.8223471641540527, -0.5688825845718384, 0.010851013474166393, -0.6314697265625], [0.006770260166376829, -0.009286261163651943, -0.9999339580535889, 1.4913735389709473], [0.5689457654953003, 0.8223663568496704, -0.0037850486114621162, -1.0755615234375], [0.0, 0.0, 0.0, 1.0]], [[0.009892508387565613, -0.9998605251312256, 0.013449559919536114, 0.00958251953125], [0.008944098837673664, -0.013361204415559769, -0.999870777130127, 1.4835662841796875], [0.9999110698699951, 0.010011520236730576, 0.00881067756563425, -1.354736328125], [0.0, 0.0, 0.0, 1.0]], [[-0.8441569209098816, -0.5360892415046692, -0.0027196668088436127, 0.8359375], [0.017197508364915848, -0.022009000182151794, -0.9996098279953003, 1.4982585906982422], [0.5358203053474426, -0.8438742756843567, 0.027798451483249664, -1.11572265625], [0.0, 0.0, 0.0, 1.0]], [[0.9478923678398132, 0.3184480667114258, -0.009527428075671196, -1.101806640625], [-0.007748207077383995, -0.006853396538645029, -0.9999465346336365, 1.5617008209228516], [-0.31849631667137146, 0.9479154944419861, -0.004028880037367344, -0.1703948974609375], [0.0, 0.0, 0.0, 1.0]], [[0.009359982796013355, 0.9998521208763123, -0.014424142427742481, -0.027587890625], [-0.005784688983112574, -0.0143703892827034, -0.9998799562454224, 1.5672607421875], [-0.999939501285553, 0.009442298673093319, 0.005649327300488949, -0.094482421875], [0.0, 0.0, 0.0, 1.0]], [[-0.9236325025558472, 0.38307228684425354, -0.01259630173444748, 0.94921875], [-0.001735050231218338, -0.03704310581088066, -0.999312162399292, 1.5474166870117188], [-0.3832753896713257, -0.9229753613471985, 0.034878864884376526, -0.131591796875], [0.0, 0.0, 0.0, 1.0]]], "view": [[0.0, -2.0, 100.0], [-2.0, 0.0, 100.0], [0.0, 0.0, 1.0]], "bev": "bev_30f8cd6e28cf4400a4cab3603134f0da.png", "aux": "aux_30f8cd6e28cf4400a4cab3603134f0da.npz", "visibility": "visibility_30f8cd6e28cf4400a4cab3603134f0da.png", "pose": [[0.9994359612464905, -0.033581413328647614, 0.0, 2233.84033203125], [0.033581413328647614, 0.9994359612464905, 0.0, 876.7569580078125], [0.0, 0.0, 1.0, 0.0], [0.0, 0.0, 0.0, 1.0]], "pose_inverse": [[0.9994359612464905, 0.033581413328647614, 0.0, -2262.023193359375], [-0.033581413328647614, 0.9994359612464905, 0.0, -801.2469482421875], [0.0, 0.0, 1.0, 0.0], [0.0, 0.0, 0.0, 1.0]], "cam_ids": [0, 1, 2, 3, 4, 5], "cam_channels": ["CAM_FRONT_LEFT", "CAM_FRONT", "CAM_FRONT_RIGHT", "CAM_BACK_LEFT", "CAM_BACK", "CAM_BACK_RIGHT"], "token": "30f8cd6e28cf4400a4cab3603134f0da", "scene": "scene-0075"}, {"images": ["samples/CAM_FRONT_LEFT/n008-2018-08-01-15-52-19-0400__CAM_FRONT_LEFT__1533153719404799.jpg", "samples/CAM_FRONT/n008-2018-08-01-15-52-19-0400__CAM_FRONT__1533153719412404.jpg", "samples/CAM_FRONT_RIGHT/n008-2018-08-01-15-52-19-0400__CAM_FRONT_RIGHT__1533153719420482.jpg", "samples/CAM_BACK_LEFT/n008-2018-08-01-15-52-19-0400__CAM_BACK_LEFT__1533153719447405.jpg", "samples/CAM_BACK/n008-2018-08-01-15-52-19-0400__CAM_BACK__1533153719437558.jpg", "samples/CAM_BACK_RIGHT/n008-2018-08-01-15-52-19-0400__CAM_BACK_RIGHT__1533153719428116.jpg"], "intrinsics": [[[1257.8625342125129, 0.0, 827.2410631095686], [0.0, 1257.8625342125129, 450.915498205774], [0.0, 0.0, 1.0]], [[1252.8131021185304, 0.0, 826.588114781398], [0.0, 1252.8131021185304, 469.9846626224581], [0.0, 0.0, 1.0]], [[1256.7485116440405, 0.0, 817.7887570959712], [0.0, 1256.7485116440403, 451.9541780095127], [0.0, 0.0, 1.0]], [[1254.9860565800168, 0.0, 829.5769333630991], [0.0, 1254.9860565800168, 467.1680561863987], [0.0, 0.0, 1.0]], [[796.8910634503094, 0.0, 857.7774326863696], [0.0, 796.8910634503094, 476.8848988407415], [0.0, 0.0, 1.0]], [[1249.9629280788233, 0.0, 825.3768045375984], [0.0, 1249.9629280788233, 462.54816385708756], [0.0, 0.0, 1.0]]], "extrinsics": [[[0.8226569890975952, -0.5684751868247986, 0.008453058078885078, -0.648681640625], [0.0031348641496151686, -0.010332281701266766, -0.9999417066574097, 1.4896867275238037], [0.5685294270515442, 0.8226355314254761, -0.006717832759022713, -1.092041015625], [0.0, 0.0, 0.0, 1.0]], [[0.010400150902569294, -0.9998413920402527, 0.014457534067332745, 0.01275634765625], [0.005046971142292023, -0.014405646361410618, -0.9998834729194641, 1.4820151329040527], [0.9999331831932068, 0.010471907444298267, 0.004896349739283323, -1.37841796875], [0.0, 0.0, 0.0, 1.0]], [[-0.8439549207687378, -0.5364122986793518, 0.0013731776271015406, 0.857666015625], [0.013023857027292252, -0.023049887269735336, -0.9996494650840759, 1.4967632293701172], [0.536255955696106, -0.8436412215232849, 0.026439223438501358, -1.12591552734375], [0.0, 0.0, 0.0, 1.0]], [[0.9478603005409241, 0.3183659315109253, -0.014289558865129948, -1.1279296875], [-0.012441501021385193, -0.007837560027837753, -0.9998918771743774, 1.5618247985839844], [-0.31844353675842285, 0.9479354619979858, -0.003467959351837635, -0.16161727905273438], [0.0, 0.0, 0.0, 1.0]], [[0.009191715158522129, 0.9998380541801453, -0.015473208390176296, -0.029052734375], [-0.010298420675098896, -0.015378385782241821, -0.9998286962509155, 1.5669212341308594], [-0.9999046921730042, 0.009349487721920013, 0.010155399329960346, -0.06787109375], [0.0, 0.0, 0.0, 1.0]], [[-0.9237776398658752, 0.3828243315219879, -0.008968927897512913, 0.97119140625], [-0.006081276573240757, -0.03808535635471344, -0.9992560148239136, 1.5466575622558594], [-0.3828810751438141, -0.923035740852356, 0.0375104621052742, -0.11962890625], [0.0, 0.0, 0.0, 1.0]]], "view": [[0.0, -2.0, 100.0], [-2.0, 0.0, 100.0], [0.0, 0.0, 1.0]], "bev": "bev_e3b3a7a870574ce096721f8d7d149e0b.png", "aux": "aux_e3b3a7a870574ce096721f8d7d149e0b.npz", "visibility": "visibility_e3b3a7a870574ce096721f8d7d149e0b.png", "pose": [[0.9995142221450806, -0.031166039407253265, 0.0, 2238.639892578125], [0.031166039407253265, 0.9995142221450806, 0.0, 876.8807373046875], [0.0, 0.0, 1.0, 0.0], [0.0, 0.0, 0.0, 1.0]], "pose_inverse": [[0.9995142221450806, 0.031166039407253265, 0.0, -2264.88134765625], [-0.031166039407253265, 0.9995142221450806, 0.0, -806.6852416992188], [0.0, 0.0, 1.0, 0.0], [0.0, 0.0, 0.0, 1.0]], "cam_ids": [0, 1, 2, 3, 4, 5], "cam_channels": ["CAM_FRONT_LEFT", "CAM_FRONT", "CAM_FRONT_RIGHT", "CAM_BACK_LEFT", "CAM_BACK", "CAM_BACK_RIGHT"], "token": "e3b3a7a870574ce096721f8d7d149e0b", "scene": "scene-0075"}, {"images": ["samples/CAM_FRONT_LEFT/n008-2018-08-01-15-52-19-0400__CAM_FRONT_LEFT__1533153719904799.jpg", "samples/CAM_FRONT/n008-2018-08-01-15-52-19-0400__CAM_FRONT__1533153719912404.jpg", "samples/CAM_FRONT_RIGHT/n008-2018-08-01-15-52-19-0400__CAM_FRONT_RIGHT__1533153719920482.jpg", "samples/CAM_BACK_LEFT/n008-2018-08-01-15-52-19-0400__CAM_BACK_LEFT__1533153719947405.jpg", "samples/CAM_BACK/n008-2018-08-01-15-52-19-0400__CAM_BACK__1533153719937604.jpg", "samples/CAM_BACK_RIGHT/n008-2018-08-01-15-52-19-0400__CAM_BACK_RIGHT__1533153719928113.jpg"], "intrinsics": [[[1257.8625342125129, 0.0, 827.2410631095686], [0.0, 1257.8625342125129, 450.915498205774], [0.0, 0.0, 1.0]], [[1252.8131021185304, 0.0, 826.588114781398], [0.0, 1252.8131021185304, 469.9846626224581], [0.0, 0.0, 1.0]], [[1256.7485116440405, 0.0, 817.7887570959712], [0.0, 1256.7485116440403, 451.9541780095127], [0.0, 0.0, 1.0]], [[1254.9860565800168, 0.0, 829.5769333630991], [0.0, 1254.9860565800168, 467.1680561863987], [0.0, 0.0, 1.0]], [[796.8910634503094, 0.0, 857.7774326863696], [0.0, 796.8910634503094, 476.8848988407415], [0.0, 0.0, 1.0]], [[1249.9629280788233, 0.0, 825.3768045375984], [0.0, 1249.9629280788233, 462.54816385708756], [0.0, 0.0, 1.0]]], "extrinsics": [[[0.8223312497138977, -0.5689448714256287, 0.008556860499083996, -0.6639404296875], [0.0026781398337334394, -0.01116800308227539, -0.9999340176582336, 1.489410400390625], [0.5690029263496399, 0.8222998976707458, -0.007660086266696453, -1.09814453125], [0.0, 0.0, 0.0, 1.0]], [[0.009864061139523983, -0.9998335838317871, 0.015342945232987404, 0.009033203125], [0.004745955113321543, -0.015296708792448044, -0.9998717308044434, 1.481786847114563], [0.9999400973320007, 0.009935610927641392, 0.004594278056174517, -1.39453125], [0.0, 0.0, 0.0, 1.0]], [[-0.8442037105560303, -0.5360188484191895, 0.0019867410883307457, 0.869140625], [0.012887265533208847, -0.024001918733119965, -0.9996288418769836, 1.4964580535888672], [0.5358675122261047, -0.8438647389411926, 0.027170326560735703, -1.136962890625], [0.0, 0.0, 0.0, 1.0]], [[0.9478604793548584, 0.3183673322200775, -0.014238727279007435, -1.13916015625], [-0.012014654465019703, -0.008948507718741894, -0.9998878240585327, 1.5619850158691406], [-0.31845900416374207, 0.9479252099990845, -0.0046568624675273895, -0.15752029418945312], [0.0, 0.0, 0.0, 1.0]], [[0.009365284815430641, 0.9998198747634888, -0.01650821790099144, -0.0279541015625], [-0.01010061427950859, -0.016413511708378792, -0.9998142123222351, 1.5670738220214844], [-0.9999051690101624, 0.009530287235975266, 0.009945077821612358, -0.0537109375], [0.0, 0.0, 0.0, 1.0]], [[-0.9236499071121216, 0.383122980594635, -0.00936413835734129, 0.9857177734375], [-0.006076823454350233, -0.039072759449481964, -0.9992178678512573, 1.5466651916503906], [-0.38318920135498047, -0.9228705167770386, 0.038417715579271317, -0.1162109375], [0.0, 0.0, 0.0, 1.0]]], "view": [[0.0, -2.0, 100.0], [-2.0, 0.0, 100.0], [0.0, 0.0, 1.0]], "bev": "bev_b8bab23ef9bc4398a5ab0385e0710a1a.png", "aux": "aux_b8bab23ef9bc4398a5ab0385e0710a1a.npz", "visibility": "visibility_b8bab23ef9bc4398a5ab0385e0710a1a.png", "pose": [[0.9995630383491516, -0.02955864928662777, 0.0, 2243.446044921875], [0.02955864928662777, 0.9995630383491516, 0.0, 876.9926147460938], [0.0, 0.0, 1.0, 0.0], [0.0, 0.0, 0.0, 1.0]], "pose_inverse": [[0.9995630383491516, 0.02955864928662777, 0.0, -2268.388427734375], [-0.02955864928662777, 0.9995630383491516, 0.0, -810.2962036132812], [0.0, 0.0, 1.0, 0.0], [0.0, 0.0, 0.0, 1.0]], "cam_ids": [0, 1, 2, 3, 4, 5], "cam_channels": ["CAM_FRONT_LEFT", "CAM_FRONT", "CAM_FRONT_RIGHT", "CAM_BACK_LEFT", "CAM_BACK", "CAM_BACK_RIGHT"], "token": "b8bab23ef9bc4398a5ab0385e0710a1a", "scene": "scene-0075"}, {"images": ["samples/CAM_FRONT_LEFT/n008-2018-08-01-15-52-19-0400__CAM_FRONT_LEFT__1533153720404799.jpg", "samples/CAM_FRONT/n008-2018-08-01-15-52-19-0400__CAM_FRONT__1533153720412404.jpg", "samples/CAM_FRONT_RIGHT/n008-2018-08-01-15-52-19-0400__CAM_FRONT_RIGHT__1533153720420482.jpg", "samples/CAM_BACK_LEFT/n008-2018-08-01-15-52-19-0400__CAM_BACK_LEFT__1533153720447405.jpg", "samples/CAM_BACK/n008-2018-08-01-15-52-19-0400__CAM_BACK__1533153720437558.jpg", "samples/CAM_BACK_RIGHT/n008-2018-08-01-15-52-19-0400__CAM_BACK_RIGHT__1533153720428113.jpg"], "intrinsics": [[[1257.8625342125129, 0.0, 827.2410631095686], [0.0, 1257.8625342125129, 450.915498205774], [0.0, 0.0, 1.0]], [[1252.8131021185304, 0.0, 826.588114781398], [0.0, 1252.8131021185304, 469.9846626224581], [0.0, 0.0, 1.0]], [[1256.7485116440405, 0.0, 817.7887570959712], [0.0, 1256.7485116440403, 451.9541780095127], [0.0, 0.0, 1.0]], [[1254.9860565800168, 0.0, 829.5769333630991], [0.0, 1254.9860565800168, 467.1680561863987], [0.0, 0.0, 1.0]], [[796.8910634503094, 0.0, 857.7774326863696], [0.0, 796.8910634503094, 476.8848988407415], [0.0, 0.0, 1.0]], [[1249.9629280788233, 0.0, 825.3768045375984], [0.0, 1249.9629280788233, 462.54816385708756], [0.0, 0.0, 1.0]]], "extrinsics": [[[0.8227230906486511, -0.5683122277259827, 0.012168653309345245, -0.6727294921875], [0.006266128271818161, -0.012338640168309212, -0.9999042749404907, 1.4908490180969238], [0.5684079527854919, 0.822720468044281, -0.006590166129171848, -1.1075439453125], [0.0, 0.0, 0.0, 1.0]], [[0.010659737512469292, -0.9998067617416382, 0.016515791416168213, 0.0120849609375], [0.008168595843017101, -0.0164291113615036, -0.9998316764831543, 1.4829297065734863], [0.9999098777770996, 0.010792851448059082, 0.007991887629032135, -1.402587890625], [0.0, 0.0, 0.0, 1.0]], [[-0.843765914440155, -0.5367113947868347, -0.00014882293180562556, 0.875], [0.01613543927669525, -0.02508942037820816, -0.9995549917221069, 1.4972896575927734], [0.5364689230918884, -0.8433929085731506, 0.02982966974377632, -1.13714599609375], [0.0, 0.0, 0.0, 1.0]], [[0.9478724598884583, 0.31842106580734253, -0.01207894179970026, -1.14111328125], [-0.009487212635576725, -0.009688948281109333, -0.9999080300331116, 1.5620136260986328], [-0.3185088336467743, 0.9478998780250549, -0.006162955891340971, -0.15715408325195312], [0.0, 0.0, 0.0, 1.0]], [[0.00906092207878828, 0.9998077154159546, -0.017390746623277664, -0.02899169921875], [-0.007280425634235144, -0.017325038090348244, -0.9998233318328857, 1.5673828125], [-0.9999324679374695, 0.00918593443930149, 0.007122045382857323, -0.051025390625], [0.0, 0.0, 0.0, 1.0]], [[-0.923850417137146, 0.382546067237854, -0.012608754448592663, 0.9892578125], [-0.0029735667631030083, -0.04011460021138191, -0.999190628528595, 1.5473442077636719], [-0.3827422261238098, -0.9230652451515198, 0.038197413086891174, -0.1126708984375], [0.0, 0.0, 0.0, 1.0]]], "view": [[0.0, -2.0, 100.0], [-2.0, 0.0, 100.0], [0.0, 0.0, 1.0]], "bev": "bev_f9f0c4a87903406f9c10bf7550c67e98.png", "aux": "aux_f9f0c4a87903406f9c10bf7550c67e98.npz", "visibility": "visibility_f9f0c4a87903406f9c10bf7550c67e98.png", "pose": [[0.9995721578598022, -0.029249539598822594, 0.0, 2248.126220703125], [0.029249539598822594, 0.9995721578598022, 0.0, 877.101806640625], [0.0, 0.0, 1.0, 0.0], [0.0, 0.0, 0.0, 1.0]], "pose_inverse": [[0.9995721578598022, 0.029249539598822594, 0.0, -2272.819091796875], [-0.029249539598822594, 0.9995721578598022, 0.0, -810.9698486328125], [0.0, 0.0, 1.0, 0.0], [0.0, 0.0, 0.0, 1.0]], "cam_ids": [0, 1, 2, 3, 4, 5], "cam_channels": ["CAM_FRONT_LEFT", "CAM_FRONT", "CAM_FRONT_RIGHT", "CAM_BACK_LEFT", "CAM_BACK", "CAM_BACK_RIGHT"], "token": "f9f0c4a87903406f9c10bf7550c67e98", "scene": "scene-0075"}, {"images": ["samples/CAM_FRONT_LEFT/n008-2018-08-01-15-52-19-0400__CAM_FRONT_LEFT__1533153720904799.jpg", "samples/CAM_FRONT/n008-2018-08-01-15-52-19-0400__CAM_FRONT__1533153720912404.jpg", "samples/CAM_FRONT_RIGHT/n008-2018-08-01-15-52-19-0400__CAM_FRONT_RIGHT__1533153720920482.jpg", "samples/CAM_BACK_LEFT/n008-2018-08-01-15-52-19-0400__CAM_BACK_LEFT__1533153720947405.jpg", "samples/CAM_BACK/n008-2018-08-01-15-52-19-0400__CAM_BACK__1533153720937558.jpg", "samples/CAM_BACK_RIGHT/n008-2018-08-01-15-52-19-0400__CAM_BACK_RIGHT__1533153720928561.jpg"], "intrinsics": [[[1257.8625342125129, 0.0, 827.2410631095686], [0.0, 1257.8625342125129, 450.915498205774], [0.0, 0.0, 1.0]], [[1252.8131021185304, 0.0, 826.588114781398], [0.0, 1252.8131021185304, 469.9846626224581], [0.0, 0.0, 1.0]], [[1256.7485116440405, 0.0, 817.7887570959712], [0.0, 1256.7485116440403, 451.9541780095127], [0.0, 0.0, 1.0]], [[1254.9860565800168, 0.0, 829.5769333630991], [0.0, 1254.9860565800168, 467.1680561863987], [0.0, 0.0, 1.0]], [[796.8910634503094, 0.0, 857.7774326863696], [0.0, 796.8910634503094, 476.8848988407415], [0.0, 0.0, 1.0]], [[1249.9629280788233, 0.0, 825.3768045375984], [0.0, 1249.9629280788233, 462.54816385708756], [0.0, 0.0, 1.0]]], "extrinsics": [[[0.8229548335075378, -0.5680602192878723, 0.007268357556313276, -0.681884765625], [0.0033881592098623514, -0.007886112667620182, -0.9999631643295288, 1.4896540641784668], [0.5680966377258301, 0.8229491710662842, -0.004565238952636719, -1.11669921875], [0.0, 0.0, 0.0, 1.0]], [[0.011030795983970165, -0.9998666048049927, 0.012038902379572392, 0.01397705078125], [0.005323515739291906, -0.01198074221611023, -0.9999140501022339, 1.4819332361221313], [0.9999249577522278, 0.011093937791883945, 0.005190649535506964, -1.4140625], [0.0, 0.0, 0.0, 1.0]], [[-0.8436136841773987, -0.5369505286216736, -0.00015770967002026737, 0.88427734375], [0.013326914981007576, -0.02064455673098564, -0.9996980428695679, 1.4964580535888672], [0.5367851853370667, -0.8433610796928406, 0.024571925401687622, -1.14093017578125], [0.0, 0.0, 0.0, 1.0]], [[0.9478629231452942, 0.31840458512306213, -0.013208362273871899, -1.14208984375], [-0.012103505432605743, -0.0054482086561620235, -0.999911904335022, 1.5620231628417969], [-0.3184484839439392, 0.9479392766952515, -0.0013103444362059236, -0.15658950805664062], [0.0, 0.0, 0.0, 1.0]], [[0.008960919454693794, 0.999874472618103, -0.01306628156453371, -0.02978515625], [-0.009993712417781353, -0.012976604513823986, -0.9998658299446106, 1.567169189453125], [-0.9999099969863892, 0.009090297855436802, 0.009876175783574581, -0.04736328125], [0.0, 0.0, 0.0, 1.0]], [[-0.9239450693130493, 0.3824344277381897, -0.00833564717322588, 0.998779296875], [-0.005759952589869499, -0.0356978215277195, -0.9993460178375244, 1.5469207763671875], [-0.3824818730354309, -0.9232928156852722, 0.03518562763929367, -0.107177734375], [0.0, 0.0, 0.0, 1.0]]], "view": [[0.0, -2.0, 100.0], [-2.0, 0.0, 100.0], [0.0, 0.0, 1.0]], "bev": "bev_4c8b3add6f994bfebbf8585f725506b1.png", "aux": "aux_4c8b3add6f994bfebbf8585f725506b1.npz", "visibility": "visibility_4c8b3add6f994bfebbf8585f725506b1.png", "pose": [[0.9995430707931519, -0.030227109789848328, 0.0, 2252.699951171875], [0.030227109789848328, 0.9995430707931519, 0.0, 877.2055053710938], [0.0, 0.0, 1.0, 0.0], [0.0, 0.0, 0.0, 1.0]], "pose_inverse": [[0.9995430707931519, 0.030227109789848328, 0.0, -2278.18603515625], [-0.030227109789848328, 0.9995430707931519, 0.0, -808.7120361328125], [0.0, 0.0, 1.0, 0.0], [0.0, 0.0, 0.0, 1.0]], "cam_ids": [0, 1, 2, 3, 4, 5], "cam_channels": ["CAM_FRONT_LEFT", "CAM_FRONT", "CAM_FRONT_RIGHT", "CAM_BACK_LEFT", "CAM_BACK", "CAM_BACK_RIGHT"], "token": "4c8b3add6f994bfebbf8585f725506b1", "scene": "scene-0075"}, {"images": ["samples/CAM_FRONT_LEFT/n008-2018-08-01-15-52-19-0400__CAM_FRONT_LEFT__1533153721404799.jpg", "samples/CAM_FRONT/n008-2018-08-01-15-52-19-0400__CAM_FRONT__1533153721412412.jpg", "samples/CAM_FRONT_RIGHT/n008-2018-08-01-15-52-19-0400__CAM_FRONT_RIGHT__1533153721420482.jpg", "samples/CAM_BACK_LEFT/n008-2018-08-01-15-52-19-0400__CAM_BACK_LEFT__1533153721447427.jpg", "samples/CAM_BACK/n008-2018-08-01-15-52-19-0400__CAM_BACK__1533153721437558.jpg", "samples/CAM_BACK_RIGHT/n008-2018-08-01-15-52-19-0400__CAM_BACK_RIGHT__1533153721428113.jpg"], "intrinsics": [[[1257.8625342125129, 0.0, 827.2410631095686], [0.0, 1257.8625342125129, 450.915498205774], [0.0, 0.0, 1.0]], [[1252.8131021185304, 0.0, 826.588114781398], [0.0, 1252.8131021185304, 469.9846626224581], [0.0, 0.0, 1.0]], [[1256.7485116440405, 0.0, 817.7887570959712], [0.0, 1256.7485116440403, 451.9541780095127], [0.0, 0.0, 1.0]], [[1254.9860565800168, 0.0, 829.5769333630991], [0.0, 1254.9860565800168, 467.1680561863987], [0.0, 0.0, 1.0]], [[796.8910634503094, 0.0, 857.7774326863696], [0.0, 796.8910634503094, 476.8848988407415], [0.0, 0.0, 1.0]], [[1249.9629280788233, 0.0, 825.3768045375984], [0.0, 1249.9629280788233, 462.54816385708756], [0.0, 0.0, 1.0]]], "extrinsics": [[[0.8222663998603821, -0.5690475106239319, 0.007946180179715157, -0.699462890625], [0.0005810775328427553, -0.013123148120939732, -0.9999136924743652, 1.4885444641113281], [0.5691026449203491, 0.8221999406814575, -0.010460064746439457, -1.125], [0.0, 0.0, 0.0, 1.0]], [[0.009898358955979347, -0.9998009204864502, 0.017321651801466942, 0.0106201171875], [0.0024571986868977547, -0.017298126593232155, -0.9998473525047302, 1.4809503555297852], [0.9999479651451111, 0.0099394042044878, 0.0022854867856949568, -1.430419921875], [0.0, 0.0, 0.0, 1.0]], [[-0.8441564440727234, -0.5360718965530396, 0.005191996693611145, 0.8935546875], [0.010395566001534462, -0.02605142816901207, -0.9996065497398376, 1.4955519437789917], [0.5359961986541748, -0.8437703251838684, 0.02756425179541111, -1.1505126953125], [0.0, 0.0, 0.0, 1.0]], [[0.9478393197059631, 0.3182472884654999, -0.017870599403977394, -1.138916015625], [-0.015087210573256016, -0.011208862066268921, -0.9998233914375305, 1.5619621276855469], [-0.3183914124965668, 0.9479414820671082, -0.005822732578963041, -0.15787887573242188], [0.0, 0.0, 0.0, 1.0]], [[0.009343156591057777, 0.9997812509536743, -0.01871536299586296, -0.0286865234375], [-0.01292341761291027, -0.018593886867165565, -0.9997435808181763, 1.5669212341308594], [-0.9998728632926941, 0.009582627564668655, 0.012746864929795265, -0.044921875], [0.0, 0.0, 0.0, 1.0]], [[-0.9236829876899719, 0.38307952880859375, -0.007737885229289532, 1.0035400390625], [-0.008709405548870564, -0.04118141531944275, -0.9991136789321899, 1.5463905334472656], [-0.3830586373806, -0.922796905040741, 0.041374966502189636, -0.107421875], [0.0, 0.0, 0.0, 1.0]]], "view": [[0.0, -2.0, 100.0], [-2.0, 0.0, 100.0], [0.0, 0.0, 1.0]], "bev": "bev_d5e1396d445b449e87aaf389182c5aa3.png", "aux": "aux_d5e1396d445b449e87aaf389182c5aa3.npz", "visibility": "visibility_d5e1396d445b449e87aaf389182c5aa3.png", "pose": [[0.9995379447937012, -0.030395854264497757, 0.0, 2257.055419921875], [0.030395854264497757, 0.9995379447937012, 0.0, 877.2979125976562], [0.0, 0.0, 1.0, 0.0], [0.0, 0.0, 0.0, 1.0]], "pose_inverse": [[0.9995379447937012, 0.030395854264497757, 0.0, -2282.6787109375], [-0.030395854264497757, 0.9995379447937012, 0.0, -808.2874145507812], [0.0, 0.0, 1.0, 0.0], [0.0, 0.0, 0.0, 1.0]], "cam_ids": [0, 1, 2, 3, 4, 5], "cam_channels": ["CAM_FRONT_LEFT", "CAM_FRONT", "CAM_FRONT_RIGHT", "CAM_BACK_LEFT", "CAM_BACK", "CAM_BACK_RIGHT"], "token": "d5e1396d445b449e87aaf389182c5aa3", "scene": "scene-0075"}, {"images": ["samples/CAM_FRONT_LEFT/n008-2018-08-01-15-52-19-0400__CAM_FRONT_LEFT__1533153721854799.jpg", "samples/CAM_FRONT/n008-2018-08-01-15-52-19-0400__CAM_FRONT__1533153721862404.jpg", "samples/CAM_FRONT_RIGHT/n008-2018-08-01-15-52-19-0400__CAM_FRONT_RIGHT__1533153721870482.jpg", "samples/CAM_BACK_LEFT/n008-2018-08-01-15-52-19-0400__CAM_BACK_LEFT__1533153721897405.jpg", "samples/CAM_BACK/n008-2018-08-01-15-52-19-0400__CAM_BACK__1533153721887564.jpg", "samples/CAM_BACK_RIGHT/n008-2018-08-01-15-52-19-0400__CAM_BACK_RIGHT__1533153721878113.jpg"], "intrinsics": [[[1257.8625342125129, 0.0, 827.2410631095686], [0.0, 1257.8625342125129, 450.915498205774], [0.0, 0.0, 1.0]], [[1252.8131021185304, 0.0, 826.588114781398], [0.0, 1252.8131021185304, 469.9846626224581], [0.0, 0.0, 1.0]], [[1256.7485116440405, 0.0, 817.7887570959712], [0.0, 1256.7485116440403, 451.9541780095127], [0.0, 0.0, 1.0]], [[1254.9860565800168, 0.0, 829.5769333630991], [0.0, 1254.9860565800168, 467.1680561863987], [0.0, 0.0, 1.0]], [[796.8910634503094, 0.0, 857.7774326863696], [0.0, 796.8910634503094, 476.8848988407415], [0.0, 0.0, 1.0]], [[1249.9629280788233, 0.0, 825.3768045375984], [0.0, 1249.9629280788233, 462.54816385708756], [0.0, 0.0, 1.0]]], "extrinsics": [[[0.822252631187439, -0.5690555572509766, 0.008741564117372036, -0.712646484375], [0.0009368804167024791, -0.014006275683641434, -0.9999014735221863, 1.4886474609375], [0.5691219568252563, 0.8221798539161682, -0.010983562096953392, -1.1328125], [0.0, 0.0, 0.0, 1.0]], [[0.009821677580475807, -0.9997891187667847, 0.018033040687441826, 0.0093994140625], [0.002833789447322488, -0.018006009981036186, -0.999833881855011, 1.4810152053833008], [0.9999477863311768, 0.009871143847703934, 0.002656341530382633, -1.4423828125], [0.0, 0.0, 0.0, 1.0]], [[-0.844207763671875, -0.5359913110733032, 0.00515057984739542, 0.900146484375], [0.010778605937957764, -0.026582229882478714, -0.9995884895324707, 1.4955302476882935], [0.5359076261520386, -0.8438049554824829, 0.028218165040016174, -1.1556396484375], [0.0, 0.0, 0.0, 1.0]], [[0.9478452801704407, 0.3182443678379059, -0.01759905368089676, -1.13818359375], [-0.014906374737620354, -0.010894513688981533, -0.9998295307159424, 1.5619468688964844], [-0.3183818459510803, 0.9479461312294006, -0.005582442507147789, -0.15817642211914062], [0.0, 0.0, 0.0, 1.0]], [[0.009380780160427094, 0.9997808337211609, -0.018717948347330093, -0.02838134765625], [-0.012696911580860615, -0.018598170951008797, -0.9997463822364807, 1.5669670104980469], [-0.9998754262924194, 0.009616060182452202, 0.012519662268459797, -0.042236328125], [0.0, 0.0, 0.0, 1.0]], [[-0.9236553311347961, 0.38313746452331543, -0.008153644390404224, 1.009033203125], [-0.008390269242227077, -0.041489165276288986, -0.9991037249565125, 1.5464668273925781], [-0.38313230872154236, -0.9227590560913086, 0.04153631627559662, -0.105712890625], [0.0, 0.0, 0.0, 1.0]]], "view": [[0.0, -2.0, 100.0], [-2.0, 0.0, 100.0], [0.0, 0.0, 1.0]], "bev": "bev_66c7080bb66c4ea0ab4b2f20978af34b.png", "aux": "aux_66c7080bb66c4ea0ab4b2f20978af34b.npz", "visibility": "visibility_66c7080bb66c4ea0ab4b2f20978af34b.png", "pose": [[0.9995100498199463, -0.03129995986819267, 0.0, 2260.775634765625], [0.03129995986819267, 0.9995100498199463, 0.0, 877.3862915039062], [0.0, 0.0, 1.0, 0.0], [0.0, 0.0, 0.0, 1.0]], "pose_inverse": [[0.9995100498199463, 0.03129995986819267, 0.0, -2287.130126953125], [-0.03129995986819267, 0.9995100498199463, 0.0, -806.1942138671875], [0.0, 0.0, 1.0, 0.0], [0.0, 0.0, 0.0, 1.0]], "cam_ids": [0, 1, 2, 3, 4, 5], "cam_channels": ["CAM_FRONT_LEFT", "CAM_FRONT", "CAM_FRONT_RIGHT", "CAM_BACK_LEFT", "CAM_BACK", "CAM_BACK_RIGHT"], "token": "66c7080bb66c4ea0ab4b2f20978af34b", "scene": "scene-0075"}, {"images": ["samples/CAM_FRONT_LEFT/n008-2018-08-01-15-52-19-0400__CAM_FRONT_LEFT__1533153722404799.jpg", "samples/CAM_FRONT/n008-2018-08-01-15-52-19-0400__CAM_FRONT__1533153722412404.jpg", "samples/CAM_FRONT_RIGHT/n008-2018-08-01-15-52-19-0400__CAM_FRONT_RIGHT__1533153722420482.jpg", "samples/CAM_BACK_LEFT/n008-2018-08-01-15-52-19-0400__CAM_BACK_LEFT__1533153722447405.jpg", "samples/CAM_BACK/n008-2018-08-01-15-52-19-0400__CAM_BACK__1533153722437566.jpg", "samples/CAM_BACK_RIGHT/n008-2018-08-01-15-52-19-0400__CAM_BACK_RIGHT__1533153722428113.jpg"], "intrinsics": [[[1257.8625342125129, 0.0, 827.2410631095686], [0.0, 1257.8625342125129, 450.915498205774], [0.0, 0.0, 1.0]], [[1252.8131021185304, 0.0, 826.588114781398], [0.0, 1252.8131021185304, 469.9846626224581], [0.0, 0.0, 1.0]], [[1256.7485116440405, 0.0, 817.7887570959712], [0.0, 1256.7485116440403, 451.9541780095127], [0.0, 0.0, 1.0]], [[1254.9860565800168, 0.0, 829.5769333630991], [0.0, 1254.9860565800168, 467.1680561863987], [0.0, 0.0, 1.0]], [[796.8910634503094, 0.0, 857.7774326863696], [0.0, 796.8910634503094, 476.8848988407415], [0.0, 0.0, 1.0]], [[1249.9629280788233, 0.0, 825.3768045375984], [0.0, 1249.9629280788233, 462.54816385708756], [0.0, 0.0, 1.0]]], "extrinsics": [[[0.8224438428878784, -0.5688271522521973, 0.004667316097766161, -0.719482421875], [0.0001582494005560875, -0.007976087741553783, -0.9999681711196899, 1.4883642196655273], [0.5688462853431702, 0.8224184513092041, -0.006469869054853916, -1.1375732421875], [0.0, 0.0, 0.0, 1.0]], [[0.01010297890752554, -0.999876081943512, 0.012067369185388088, 0.00958251953125], [0.002192316111177206, -0.012045809999108315, -0.9999250769615173, 1.4808058738708496], [0.9999465346336365, 0.010128681547939777, 0.002070346148684621, -1.44970703125], [0.0, 0.0, 0.0, 1.0]], [[-0.8440918922424316, -0.5361931324005127, 0.0024004278238862753, 0.905517578125], [0.010298526845872402, -0.02068786509335041, -0.9997329115867615, 1.495358943939209], [0.5360996127128601, -0.8438417911529541, 0.02298445999622345, -1.15875244140625], [0.0, 0.0, 0.0, 1.0]], [[0.9478568434715271, 0.3183043897151947, -0.01579952985048294, -1.140625], [-0.014913836494088173, -0.005219448357820511, -0.9998751878738403, 1.561981201171875], [-0.31834712624549866, 0.9479742050170898, -0.00020015009795315564, -0.15707015991210938], [0.0, 0.0, 0.0, 1.0]], [[0.009298115037381649, 0.9998722076416016, -0.01300620287656784, -0.02850341796875], [-0.012903733178973198, -0.012885705567896366, -0.9998337030410767, 1.5669975280761719], [-0.9998736381530762, 0.009464398957788944, 0.012782271951436996, -0.0380859375], [0.0, 0.0, 0.0, 1.0]], [[-0.9237164258956909, 0.3830362558364868, -0.005577682051807642, 1.0140380859375], [-0.008767173625528812, -0.03569452092051506, -0.9993243217468262, 1.54644775390625], [-0.3829765021800995, -0.9230433702468872, 0.036329761147499084, -0.1038818359375], [0.0, 0.0, 0.0, 1.0]]], "view": [[0.0, -2.0, 100.0], [-2.0, 0.0, 100.0], [0.0, 0.0, 1.0]], "bev": "bev_792657eb1818482e9f4a1271eccbf16c.png", "aux": "aux_792657eb1818482e9f4a1271eccbf16c.npz", "visibility": "visibility_792657eb1818482e9f4a1271eccbf16c.png", "pose": [[0.9994905591011047, -0.03191529959440231, 0.0, 2265.283447265625], [0.03191529959440231, 0.9994905591011047, 0.0, 877.4849853515625], [0.0, 0.0, 1.0, 0.0], [0.0, 0.0, 0.0, 1.0]], "pose_inverse": [[0.9994905591011047, 0.03191529959440231, 0.0, -2292.134765625], [-0.03191529959440231, 0.9994905591011047, 0.0, -804.7407836914062], [0.0, 0.0, 1.0, 0.0], [0.0, 0.0, 0.0, 1.0]], "cam_ids": [0, 1, 2, 3, 4, 5], "cam_channels": ["CAM_FRONT_LEFT", "CAM_FRONT", "CAM_FRONT_RIGHT", "CAM_BACK_LEFT", "CAM_BACK", "CAM_BACK_RIGHT"], "token": "792657eb1818482e9f4a1271eccbf16c", "scene": "scene-0075"}, {"images": ["samples/CAM_FRONT_LEFT/n008-2018-08-01-15-52-19-0400__CAM_FRONT_LEFT__1533153722854799.jpg", "samples/CAM_FRONT/n008-2018-08-01-15-52-19-0400__CAM_FRONT__1533153722862404.jpg", "samples/CAM_FRONT_RIGHT/n008-2018-08-01-15-52-19-0400__CAM_FRONT_RIGHT__1533153722870482.jpg", "samples/CAM_BACK_LEFT/n008-2018-08-01-15-52-19-0400__CAM_BACK_LEFT__1533153722897405.jpg", "samples/CAM_BACK/n008-2018-08-01-15-52-19-0400__CAM_BACK__1533153722887558.jpg", "samples/CAM_BACK_RIGHT/n008-2018-08-01-15-52-19-0400__CAM_BACK_RIGHT__1533153722878113.jpg"], "intrinsics": [[[1257.8625342125129, 0.0, 827.2410631095686], [0.0, 1257.8625342125129, 450.915498205774], [0.0, 0.0, 1.0]], [[1252.8131021185304, 0.0, 826.588114781398], [0.0, 1252.8131021185304, 469.9846626224581], [0.0, 0.0, 1.0]], [[1256.7485116440405, 0.0, 817.7887570959712], [0.0, 1256.7485116440403, 451.9541780095127], [0.0, 0.0, 1.0]], [[1254.9860565800168, 0.0, 829.5769333630991], [0.0, 1254.9860565800168, 467.1680561863987], [0.0, 0.0, 1.0]], [[796.8910634503094, 0.0, 857.7774326863696], [0.0, 796.8910634503094, 476.8848988407415], [0.0, 0.0, 1.0]], [[1249.9629280788233, 0.0, 825.3768045375984], [0.0, 1249.9629280788233, 462.54816385708756], [0.0, 0.0, 1.0]]], "extrinsics": [[[0.8226191401481628, -0.5685795545578003, 0.0038738371804356575, -0.723388671875], [0.00229655671864748, -0.0034904731437563896, -0.9999912977218628, 1.489089012145996], [0.568588137626648, 0.8226209282875061, -0.0015655549941584468, -1.1435546875], [0.0, 0.0, 0.0, 1.0]], [[0.010360132902860641, -0.9999175071716309, 0.007595072500407696, 0.0113525390625], [0.004233513493090868, -0.007551552262157202, -0.9999625086784363, 1.481372594833374], [0.9999373555183411, 0.010391902178525925, 0.004154930356889963, -1.45458984375], [0.0, 0.0, 0.0, 1.0]], [[-0.8439671397209167, -0.536392331123352, -0.00167060864623636, 0.908203125], [0.012273350730538368, -0.016197174787521362, -0.9997934699058533, 1.4957771301269531], [0.5362544655799866, -0.8438133597373962, 0.020253214985132217, -1.1590576171875], [0.0, 0.0, 0.0, 1.0]], [[0.9478576183319092, 0.3184395432472229, -0.012730833142995834, -1.14013671875], [-0.013119865208864212, -0.0009231433505192399, -0.9999135136604309, 1.561990737915039], [-0.3184237778186798, 0.9479427337646484, 0.003302875207737088, -0.15742111206054688], [0.0, 0.0, 0.0, 1.0]], [[0.009199930354952812, 0.9999207258224487, -0.008599568158388138, -0.0289306640625], [-0.01102636381983757, -0.008497966453433037, -0.9999030828475952, 1.5671577453613281], [-0.9998969435691833, 0.00929386354982853, 0.01094730943441391, -0.038330078125], [0.0, 0.0, 0.0, 1.0]], [[-0.9237802624702454, 0.3828807771205902, -0.005688099190592766, 1.014404296875], [-0.0067949434742331505, -0.031242692843079567, -0.9994887113571167, 1.546783447265625], [-0.38286271691322327, -0.9232693314552307, 0.031463030725717545, -0.102783203125], [0.0, 0.0, 0.0, 1.0]]], "view": [[0.0, -2.0, 100.0], [-2.0, 0.0, 100.0], [0.0, 0.0, 1.0]], "bev": "bev_deda9a86f9b6415f87902aeede40297f.png", "aux": "aux_deda9a86f9b6415f87902aeede40297f.npz", "visibility": "visibility_deda9a86f9b6415f87902aeede40297f.png", "pose": [[0.9995181560516357, -0.03103991039097309, 0.0, 2268.80078125], [0.03103991039097309, 0.9995181560516357, 0.0, 877.55517578125], [0.0, 0.0, 1.0, 0.0], [0.0, 0.0, 0.0, 1.0]], "pose_inverse": [[0.9995181560516357, 0.03103991039097309, 0.0, -2294.94677734375], [-0.03103991039097309, 0.9995181560516357, 0.0, -806.7089233398438], [0.0, 0.0, 1.0, 0.0], [0.0, 0.0, 0.0, 1.0]], "cam_ids": [0, 1, 2, 3, 4, 5], "cam_channels": ["CAM_FRONT_LEFT", "CAM_FRONT", "CAM_FRONT_RIGHT", "CAM_BACK_LEFT", "CAM_BACK", "CAM_BACK_RIGHT"], "token": "deda9a86f9b6415f87902aeede40297f", "scene": "scene-0075"}, {"images": ["samples/CAM_FRONT_LEFT/n008-2018-08-01-15-52-19-0400__CAM_FRONT_LEFT__1533153723354799.jpg", "samples/CAM_FRONT/n008-2018-08-01-15-52-19-0400__CAM_FRONT__1533153723362404.jpg", "samples/CAM_FRONT_RIGHT/n008-2018-08-01-15-52-19-0400__CAM_FRONT_RIGHT__1533153723370482.jpg", "samples/CAM_BACK_LEFT/n008-2018-08-01-15-52-19-0400__CAM_BACK_LEFT__1533153723397405.jpg", "samples/CAM_BACK/n008-2018-08-01-15-52-19-0400__CAM_BACK__1533153723387558.jpg", "samples/CAM_BACK_RIGHT/n008-2018-08-01-15-52-19-0400__CAM_BACK_RIGHT__1533153723378113.jpg"], "intrinsics": [[[1257.8625342125129, 0.0, 827.2410631095686], [0.0, 1257.8625342125129, 450.915498205774], [0.0, 0.0, 1.0]], [[1252.8131021185304, 0.0, 826.588114781398], [0.0, 1252.8131021185304, 469.9846626224581], [0.0, 0.0, 1.0]], [[1256.7485116440405, 0.0, 817.7887570959712], [0.0, 1256.7485116440403, 451.9541780095127], [0.0, 0.0, 1.0]], [[1254.9860565800168, 0.0, 829.5769333630991], [0.0, 1254.9860565800168, 467.1680561863987], [0.0, 0.0, 1.0]], [[796.8910634503094, 0.0, 857.7774326863696], [0.0, 796.8910634503094, 476.8848988407415], [0.0, 0.0, 1.0]], [[1249.9629280788233, 0.0, 825.3768045375984], [0.0, 1249.9629280788233, 462.54816385708756], [0.0, 0.0, 1.0]]], "extrinsics": [[[0.822381317615509, -0.5689240097999573, 0.003811442758888006, -0.7193603515625], [0.002990047913044691, -0.002377215540036559, -0.9999927282333374, 1.489335060119629], [0.5689288973808289, 0.822386622428894, -0.000253869075095281, -1.13623046875], [0.0, 0.0, 0.0, 1.0]], [[0.009946701116859913, -0.9999289512634277, 0.006564910989254713, 0.008056640625], [0.004939582664519548, -0.0065160226076841354, -0.999966561794281, 1.4815764427185059], [0.9999383091926575, 0.009978801012039185, 0.004874418955296278, -1.44873046875], [0.0, 0.0, 0.0, 1.0]], [[-0.8441835045814514, -0.5360472798347473, -0.002744890982285142, 0.903564453125], [0.012926513329148293, -0.015237472020089626, -0.9998003244400024, 1.4959220886230469], [0.5358983278274536, -0.844050407409668, 0.01979244500398636, -1.1595458984375], [0.0, 0.0, 0.0, 1.0]], [[0.9478633999824524, 0.3184526860713959, -0.01195561047643423, -1.140869140625], [-0.012560992501676083, -0.00015249439456965774, -0.9999210834503174, 1.5620040893554688], [-0.3184294104576111, 0.9479386806488037, 0.0038555406499654055, -0.15714073181152344], [0.0, 0.0, 0.0, 1.0]], [[0.009420353919267654, 0.9999256134033203, -0.007744883187115192, -0.02752685546875], [-0.010391772724688053, -0.0076469117775559425, -0.9999167323112