[{"images": ["samples/CAM_FRONT_LEFT/n015-2018-07-18-11-41-49+0800__CAM_FRONT_LEFT__1531885792004844.jpg", "samples/CAM_FRONT/n015-2018-07-18-11-41-49+0800__CAM_FRONT__1531885792013053.jpg", "samples/CAM_FRONT_RIGHT/n015-2018-07-18-11-41-49+0800__CAM_FRONT_RIGHT__1531885792020339.jpg", "samples/CAM_BACK_LEFT/n015-2018-07-18-11-41-49+0800__CAM_BACK_LEFT__1531885792047423.jpg", "samples/CAM_BACK/n015-2018-07-18-11-41-49+0800__CAM_BACK__1531885792037525.jpg", "samples/CAM_BACK_RIGHT/n015-2018-07-18-11-41-49+0800__CAM_BACK_RIGHT__1531885792027893.jpg"], "intrinsics": [[[1272.5979470598488, 0.0, 826.6154927353808], [0.0, 1272.5979470598488, 479.75165386361925], [0.0, 0.0, 1.0]], [[1266.417203046554, 0.0, 816.2670197447984], [0.0, 1266.417203046554, 491.50706579294757], [0.0, 0.0, 1.0]], [[1260.8474446004698, 0.0, 807.968244525554], [0.0, 1260.8474446004698, 495.3344268742088], [0.0, 0.0, 1.0]], [[1256.7414812095406, 0.0, 792.1125740759628], [0.0, 1256.7414812095406, 492.7757465151356], [0.0, 0.0, 1.0]], [[809.2209905677063, 0.0, 829.2196003259838], [0.0, 809.2209905677063, 481.77842384512485], [0.0, 0.0, 1.0]], [[1259.5137405846733, 0.0, 807.2529053838625], [0.0, 1259.5137405846733, 501.19579884916527], [0.0, 0.0, 1.0]]], "extrinsics": [[[0.8188151717185974, -0.5734080076217651, 0.027292361482977867, -0.891845703125], [-0.0004569975135382265, -0.048194028437137604, -0.9988378882408142, 1.5082416534423828], [0.5740569233894348, 0.8178512454032898, -0.03972405195236206, -1.229888916015625], [0.0, 0.0, 0.0, 1.0]], [[0.002943560481071472, -0.9986474514007568, 0.051908254623413086, 0.00592041015625], [-0.005713850259780884, -0.05192442983388901, -0.9986346960067749, 1.520151138305664], [0.9999793171882629, 0.002642938634380698, -0.005858964752405882, -1.6199951171875], [0.0, 0.0, 0.0, 1.0]], [[-0.8341330289840698, -0.551235556602478, 0.019010450690984726, 0.98480224609375], [1.289124156755861e-06, -0.03446843475103378, -0.9994057416915894, 1.5036640167236328], [0.5515632033348083, -0.8336372971534729, 0.028751974925398827, -1.21661376953125], [0.0, 0.0, 0.0, 1.0]], [[0.9478328824043274, 0.3185340464115143, -0.012199217453598976, -1.1390380859375], [0.008633851073682308, -0.06390924751758575, -0.9979183673858643, 1.5885887145996094], [-0.31865060329437256, 0.9457545280456543, -0.06332546472549438, -0.10479736328125], [0.0, 0.0, 0.0, 1.0]], [[0.003321701427921653, 0.9985225796699524, -0.054237645119428635, 0.002655029296875], [-0.016775313764810562, -0.054174669086933136, -0.9983905553817749, 1.5789871215820312], [-0.9998537302017212, 0.0042262026108801365, 0.016570577397942543, -0.0208740234375], [0.0, 0.0, 0.0, 1.0]], [[-0.9342126250267029, 0.3555622100830078, -0.028674418106675148, 1.096923828125], [0.01573762483894825, -0.039223819971084595, -0.9991065263748169, 1.5521278381347656], [-0.3563692271709442, -0.9338291883468628, 0.03104768693447113, -0.0782012939453125], [0.0, 0.0, 0.0, 1.0]]], "view": [[0.0, -2.0, 100.0], [-2.0, 0.0, 100.0], [0.0, 0.0, 1.0]], "bev": "bev_f0e4797551024f9487a016ee9d9e29e1.png", "aux": "aux_f0e4797551024f9487a016ee9d9e29e1.npz", "visibility": "visibility_f0e4797551024f9487a016ee9d9e29e1.png", "pose": [[0.09020999073982239, 0.9959227442741394, 0.0, 396.2098083496094], [-0.9959227442741394, 0.09020999073982239, 0.0, 1128.5733642578125], [0.0, 0.0, 1.0, 0.0], [0.0, 0.0, 0.0, 1.0]], "pose_inverse": [[0.09020999073982239, -0.9959227442741394, 0.0, 1088.2298583984375], [0.9959227442741394, 0.09020999073982239, 0.0, -496.4029541015625], [0.0, 0.0, 1.0, 0.0], [0.0, 0.0, 0.0, 1.0]], "cam_ids": [0, 1, 2, 3, 4, 5], "cam_channels": ["CAM_FRONT_LEFT", "CAM_FRONT", "CAM_FRONT_RIGHT", "CAM_BACK_LEFT", "CAM_BACK", "CAM_BACK_RIGHT"], "token": "f0e4797551024f9487a016ee9d9e29e1", "scene": "scene-0018"}, {"images": ["samples/CAM_FRONT_LEFT/n015-2018-07-18-11-41-49+0800__CAM_FRONT_LEFT__1531885792404844.jpg", "samples/CAM_FRONT/n015-2018-07-18-11-41-49+0800__CAM_FRONT__1531885792412468.jpg", "samples/CAM_FRONT_RIGHT/n015-2018-07-18-11-41-49+0800__CAM_FRONT_RIGHT__1531885792420339.jpg", "samples/CAM_BACK_LEFT/n015-2018-07-18-11-41-49+0800__CAM_BACK_LEFT__1531885792447423.jpg", "samples/CAM_BACK/n015-2018-07-18-11-41-49+0800__CAM_BACK__1531885792437525.jpg", "samples/CAM_BACK_RIGHT/n015-2018-07-18-11-41-49+0800__CAM_BACK_RIGHT__1531885792427893.jpg"], "intrinsics": [[[1272.5979470598488, 0.0, 826.6154927353808], [0.0, 1272.5979470598488, 479.75165386361925], [0.0, 0.0, 1.0]], [[1266.417203046554, 0.0, 816.2670197447984], [0.0, 1266.417203046554, 491.50706579294757], [0.0, 0.0, 1.0]], [[1260.8474446004698, 0.0, 807.968244525554], [0.0, 1260.8474446004698, 495.3344268742088], [0.0, 0.0, 1.0]], [[1256.7414812095406, 0.0, 792.1125740759628], [0.0, 1256.7414812095406, 492.7757465151356], [0.0, 0.0, 1.0]], [[809.2209905677063, 0.0, 829.2196003259838], [0.0, 809.2209905677063, 481.77842384512485], [0.0, 0.0, 1.0]], [[1259.5137405846733, 0.0, 807.2529053838625], [0.0, 1259.5137405846733, 501.19579884916527], [0.0, 0.0, 1.0]]], "extrinsics": [[[0.8180609941482544, -0.5745670795440674, 0.025472721084952354, -0.8836669921875], [-0.001014654291793704, -0.04573201388120651, -0.9989532232284546, 1.5081405639648438], [0.5751305222511292, 0.8171789050102234, -0.03799455612897873, -1.2229156494140625], [0.0, 0.0, 0.0, 1.0]], [[0.0017887989524751902, -0.9987661242485046, 0.0496271587908268, 0.005126953125], [-0.006224092096090317, -0.04963739961385727, -0.9987478852272034, 1.5200157165527344], [0.9999790191650391, 0.0014776636380702257, -0.00630520423874259, -1.60986328125], [0.0, 0.0, 0.0, 1.0]], [[-0.8346369862556458, -0.5505005717277527, 0.018171876668930054, 0.97845458984375], [-0.00043727245065383613, -0.032329510897397995, -0.9994771480560303, 1.5036144256591797], [0.5508001446723938, -0.8342085480690002, 0.026742687448859215, -1.213134765625], [0.0, 0.0, 0.0, 1.0]], [[0.9478710293769836, 0.31843796372413635, -0.011738312430679798, -1.13909912109375], [0.008569876663386822, -0.06229853630065918, -0.9980207681655884, 1.5885772705078125], [-0.31853896379470825, 0.9458943605422974, -0.06177995353937149, -0.10467529296875], [0.0, 0.0, 0.0, 1.0]], [[0.0037531470879912376, 0.9986172318458557, -0.052437204867601395, 0.00299072265625], [-0.017009364441037178, -0.0523662343621254, -0.9984830617904663, 1.5789165496826172], [-0.9998481869697571, 0.004639378283172846, 0.016789304092526436, -0.0240478515625], [0.0, 0.0, 0.0, 1.0]], [[-0.933957576751709, 0.35630154609680176, -0.02779354341328144, 1.0919189453125], [0.015526493079960346, -0.03724323958158493, -0.9991856217384338, 1.55218505859375], [-0.357046514749527, -0.933628499507904, 0.029251491650938988, -0.0806732177734375], [0.0, 0.0, 0.0, 1.0]]], "view": [[0.0, -2.0, 100.0], [-2.0, 0.0, 100.0], [0.0, 0.0, 1.0]], "bev": "bev_6cc2a560dacc42149e0780bfb6efe682.png", "aux": "aux_6cc2a560dacc42149e0780bfb6efe682.npz", "visibility": "visibility_6cc2a560dacc42149e0780bfb6efe682.png", "pose": [[0.1284026801586151, 0.9917221069335938, 0.0, 396.3002624511719], [-0.9917221069335938, 0.1284026801586151, 0.0, 1127.738037109375], [0.0, 0.0, 1.0, 0.0], [0.0, 0.0, 0.0, 1.0]], "pose_inverse": [[0.1284026801586151, -0.9917221069335938, 0.0, 1067.5167236328125], [0.9917221069335938, 0.1284026801586151, 0.0, -537.8243408203125], [0.0, 0.0, 1.0, 0.0], [0.0, 0.0, 0.0, 1.0]], "cam_ids": [0, 1, 2, 3, 4, 5], "cam_channels": ["CAM_FRONT_LEFT", "CAM_FRONT", "CAM_FRONT_RIGHT", "CAM_BACK_LEFT", "CAM_BACK", "CAM_BACK_RIGHT"], "token": "6cc2a560dacc42149e0780bfb6efe682", "scene": "scene-0018"}, {"images": ["samples/CAM_FRONT_LEFT/n015-2018-07-18-11-41-49+0800__CAM_FRONT_LEFT__1531885792904844.jpg", "samples/CAM_FRONT/n015-2018-07-18-11-41-49+0800__CAM_FRONT__1531885792912467.jpg", "samples/CAM_FRONT_RIGHT/n015-2018-07-18-11-41-49+0800__CAM_FRONT_RIGHT__1531885792920339.jpg", "samples/CAM_BACK_LEFT/n015-2018-07-18-11-41-49+0800__CAM_BACK_LEFT__1531885792947423.jpg", "samples/CAM_BACK/n015-2018-07-18-11-41-49+0800__CAM_BACK__1531885792937525.jpg", "samples/CAM_BACK_RIGHT/n015-2018-07-18-11-41-49+0800__CAM_BACK_RIGHT__1531885792927893.jpg"], "intrinsics": [[[1272.5979470598488, 0.0, 826.6154927353808], [0.0, 1272.5979470598488, 479.75165386361925], [0.0, 0.0, 1.0]], [[1266.417203046554, 0.0, 816.2670197447984], [0.0, 1266.417203046554, 491.50706579294757], [0.0, 0.0, 1.0]], [[1260.8474446004698, 0.0, 807.968244525554], [0.0, 1260.8474446004698, 495.3344268742088], [0.0, 0.0, 1.0]], [[1256.7414812095406, 0.0, 792.1125740759628], [0.0, 1256.7414812095406, 492.7757465151356], [0.0, 0.0, 1.0]], [[809.2209905677063, 0.0, 829.2196003259838], [0.0, 809.2209905677063, 481.77842384512485], [0.0, 0.0, 1.0]], [[1259.5137405846733, 0.0, 807.2529053838625], [0.0, 1259.5137405846733, 501.19579884916527], [0.0, 0.0, 1.0]]], "extrinsics": [[[0.8187850713729858, -0.5735515356063843, 0.025091204792261124, -0.8695068359375], [0.0005759317427873611, -0.04288464039564133, -0.9990798234939575, 1.5083503723144531], [0.5740997791290283, 0.8180461525917053, -0.03478298336267471, -1.2143936157226562], [0.0, 0.0, 0.0, 1.0]], [[0.002812830964103341, -0.9988939166069031, 0.04693516343832016, 0.00604248046875], [-0.004576407838612795, -0.04694771394133568, -0.9988868832588196, 1.5201301574707031], [0.9999855160713196, 0.002594912424683571, -0.004703402519226074, -1.5965576171875], [0.0, 0.0, 0.0, 1.0]], [[-0.8341913819313049, -0.551260232925415, 0.015390795655548573, 0.97003173828125], [0.0012416437966749072, -0.029785796999931335, -0.9995554685592651, 1.5037555694580078], [0.5514735579490662, -0.8338015675544739, 0.025531526654958725, -1.2066650390625], [0.0, 0.0, 0.0, 1.0]], [[0.9478517770767212, 0.3185708224773407, -0.009465092793107033, -1.13909912109375], [0.010154342278838158, -0.05986875668168068, -0.9981545805931091, 1.5886001586914062], [-0.31854957342147827, 0.9460065364837646, -0.059981584548950195, -0.10498046875], [0.0, 0.0, 0.0, 1.0]], [[0.003475220873951912, 0.9987409710884094, -0.05004407837986946, 0.00250244140625], [-0.015421722084283829, -0.049984902143478394, -0.9986308813095093, 1.5789203643798828], [-0.999875009059906, 0.004242207854986191, 0.01522859651595354, -0.02783203125], [0.0, 0.0, 0.0, 1.0]], [[-0.9341369271278381, 0.3557848036289215, -0.028378071263432503, 1.08447265625], [0.017101915553212166, -0.03479968383908272, -0.9992479681968689, 1.5524139404296875], [-0.35650476813316345, -0.9339198470115662, 0.02642306685447693, -0.082763671875], [0.0, 0.0, 0.0, 1.0]]], "view": [[0.0, -2.0, 100.0], [-2.0, 0.0, 100.0], [0.0, 0.0, 1.0]], "bev": "bev_b78605983b3543a1a70df4b3805e4dfc.png", "aux": "aux_b78605983b3543a1a70df4b3805e4dfc.npz", "visibility": "visibility_b78605983b3543a1a70df4b3805e4dfc.png", "pose": [[0.17468389868736267, 0.9846245646476746, 0.0, 396.4818115234375], [-0.9846245646476746, 0.17468389868736267, 0.0, 1126.524658203125], [0.0, 0.0, 1.0, 0.0], [0.0, 0.0, 0.0, 1.0]], "pose_inverse": [[0.17468389868736267, -0.9846245646476746, 0.0, 1039.94482421875], [0.9846245646476746, 0.17468389868736267, 0.0, -587.1714477539062], [0.0, 0.0, 1.0, 0.0], [0.0, 0.0, 0.0, 1.0]], "cam_ids": [0, 1, 2, 3, 4, 5], "cam_channels": ["CAM_FRONT_LEFT", "CAM_FRONT", "CAM_FRONT_RIGHT", "CAM_BACK_LEFT", "CAM_BACK", "CAM_BACK_RIGHT"], "token": "b78605983b3543a1a70df4b3805e4dfc", "scene": "scene-0018"}, {"images": ["samples/CAM_FRONT_LEFT/n015-2018-07-18-11-41-49+0800__CAM_FRONT_LEFT__1531885793404844.jpg", "samples/CAM_FRONT/n015-2018-07-18-11-41-49+0800__CAM_FRONT__1531885793412468.jpg", "samples/CAM_FRONT_RIGHT/n015-2018-07-18-11-41-49+0800__CAM_FRONT_RIGHT__1531885793420353.jpg", "samples/CAM_BACK_LEFT/n015-2018-07-18-11-41-49+0800__CAM_BACK_LEFT__1531885793447423.jpg", "samples/CAM_BACK/n015-2018-07-18-11-41-49+0800__CAM_BACK__1531885793437525.jpg", "samples/CAM_BACK_RIGHT/n015-2018-07-18-11-41-49+0800__CAM_BACK_RIGHT__1531885793427893.jpg"], "intrinsics": [[[1272.5979470598488, 0.0, 826.6154927353808], [0.0, 1272.5979470598488, 479.75165386361925], [0.0, 0.0, 1.0]], [[1266.417203046554, 0.0, 816.2670197447984], [0.0, 1266.417203046554, 491.50706579294757], [0.0, 0.0, 1.0]], [[1260.8474446004698, 0.0, 807.968244525554], [0.0, 1260.8474446004698, 495.3344268742088], [0.0, 0.0, 1.0]], [[1256.7414812095406, 0.0, 792.1125740759628], [0.0, 1256.7414812095406, 492.7757465151356], [0.0, 0.0, 1.0]], [[809.2209905677063, 0.0, 829.2196003259838], [0.0, 809.2209905677063, 481.77842384512485], [0.0, 0.0, 1.0]], [[1259.5137405846733, 0.0, 807.2529053838625], [0.0, 1259.5137405846733, 501.19579884916527], [0.0, 0.0, 1.0]]], "extrinsics": [[[0.8181897401809692, -0.5744340419769287, 0.024310963228344917, -0.8663330078125], [0.001090658362954855, -0.0407329723238945, -0.9991694688796997, 1.5084266662597656], [0.5749472379684448, 0.8175367712974548, -0.0327007919549942, -1.2122917175292969], [0.0, 0.0, 0.0, 1.0]], [[0.0019023269414901733, -0.998999834060669, 0.04467327892780304, 0.00616455078125], [-0.004226636607199907, -0.04468099772930145, -0.998992383480072, 1.5201530456542969], [0.9999892711639404, 0.0017115981318056583, -0.0043074083514511585, -1.5931396484375], [0.0, 0.0, 0.0, 1.0]], [[-0.8345866799354553, -0.5507014989852905, 0.013890516012907028, 0.9676513671875], [0.001449004397727549, -0.02740977145731449, -0.99962317943573, 1.5037784576416016], [0.5508747100830078, -0.8342520594596863, 0.023673798888921738, -1.2049560546875], [0.0, 0.0, 0.0, 1.0]], [[0.9478675723075867, 0.31854066252708435, -0.008879886008799076, -1.13812255859375], [0.009958756156265736, -0.05746316909790039, -0.998297929763794, 1.5886192321777344], [-0.31850874423980713, 0.9461658596992493, -0.057639747858047485, -0.1053466796875], [0.0, 0.0, 0.0, 1.0]], [[0.003779960796236992, 0.998860239982605, -0.047579046338796616, 0.0025634765625], [-0.015448532067239285, -0.0475153774023056, -0.9987510442733765, 1.5788946151733398], [-0.9998735785484314, 0.004510271362960339, 0.01525131706148386, -0.02947998046875], [0.0, 0.0, 0.0, 1.0]], [[-0.9339402914047241, 0.35635679960250854, -0.027665622532367706, 1.082275390625], [0.017254885286092758, -0.032360777258872986, -0.9993273019790649, 1.5524635314941406], [-0.3570123612880707, -0.9337893724441528, 0.024074135348200798, -0.083709716796875], [0.0, 0.0, 0.0, 1.0]]], "view": [[0.0, -2.0, 100.0], [-2.0, 0.0, 100.0], [0.0, 0.0, 1.0]], "bev": "bev_f6486e3c8a90429dbf1d3d66a91239d3.png", "aux": "aux_f6486e3c8a90429dbf1d3d66a91239d3.npz", "visibility": "visibility_f6486e3c8a90429dbf1d3d66a91239d3.png", "pose": [[0.2194278985261917, 0.9756287336349487, 0.0, 396.7440185546875], [-0.9756287336349487, 0.2194278985261917, 0.0, 1125.18115234375], [0.0, 0.0, 1.0, 0.0], [0.0, 0.0, 0.0, 1.0]], "pose_inverse": [[0.2194278985261917, -0.9756287336349487, 0.0, 1010.7023315429688], [0.9756287336349487, 0.2194278985261917, 0.0, -633.9710083007812], [0.0, 0.0, 1.0, 0.0], [0.0, 0.0, 0.0, 1.0]], "cam_ids": [0, 1, 2, 3, 4, 5], "cam_channels": ["CAM_FRONT_LEFT", "CAM_FRONT", "CAM_FRONT_RIGHT", "CAM_BACK_LEFT", "CAM_BACK", "CAM_BACK_RIGHT"], "token": "f6486e3c8a90429dbf1d3d66a91239d3", "scene": "scene-0018"}, {"images": ["samples/CAM_FRONT_LEFT/n015-2018-07-18-11-41-49+0800__CAM_FRONT_LEFT__1531885793904844.jpg", "samples/CAM_FRONT/n015-2018-07-18-11-41-49+0800__CAM_FRONT__1531885793912462.jpg", "samples/CAM_FRONT_RIGHT/n015-2018-07-18-11-41-49+0800__CAM_FRONT_RIGHT__1531885793920339.jpg", "samples/CAM_BACK_LEFT/n015-2018-07-18-11-41-49+0800__CAM_BACK_LEFT__1531885793947423.jpg", "samples/CAM_BACK/n015-2018-07-18-11-41-49+0800__CAM_BACK__1531885793937525.jpg", "samples/CAM_BACK_RIGHT/n015-2018-07-18-11-41-49+0800__CAM_BACK_RIGHT__1531885793927893.jpg"], "intrinsics": [[[1272.5979470598488, 0.0, 826.6154927353808], [0.0, 1272.5979470598488, 479.75165386361925], [0.0, 0.0, 1.0]], [[1266.417203046554, 0.0, 816.2670197447984], [0.0, 1266.417203046554, 491.50706579294757], [0.0, 0.0, 1.0]], [[1260.8474446004698, 0.0, 807.968244525554], [0.0, 1260.8474446004698, 495.3344268742088], [0.0, 0.0, 1.0]], [[1256.7414812095406, 0.0, 792.1125740759628], [0.0, 1256.7414812095406, 492.7757465151356], [0.0, 0.0, 1.0]], [[809.2209905677063, 0.0, 829.2196003259838], [0.0, 809.2209905677063, 481.77842384512485], [0.0, 0.0, 1.0]], [[1259.5137405846733, 0.0, 807.2529053838625], [0.0, 1259.5137405846733, 501.19579884916527], [0.0, 0.0, 1.0]]], "extrinsics": [[[0.8184230923652649, -0.5742680430412292, 0.01999475248157978, -0.8597412109375], [-0.002302572363987565, -0.03807399421930313, -0.9992722868919373, 1.5080432891845703], [0.5746114253997803, 0.8177814483642578, -0.03248292952775955, -1.2092218399047852], [0.0, 0.0, 0.0, 1.0]], [[0.002318483544513583, -0.9991142153739929, 0.04201740026473999, 0.00714111328125], [-0.007597492076456547, -0.04203389957547188, -0.9990872740745544, 1.5198135375976562], [0.9999684691429138, 0.0019971139263361692, -0.007688216865062714, -1.5877685546875], [0.0, 0.0, 0.0, 1.0]], [[-0.8344165086746216, -0.5509234070777893, 0.015242857858538628, 0.9647216796875], [-0.001907874597236514, -0.024769671261310577, -0.999691367149353, 1.503523826599121], [0.5511308908462524, -0.8341881036758423, 0.019617130979895592, -1.202392578125], [0.0, 0.0, 0.0, 1.0]], [[0.947837233543396, 0.3185610771179199, -0.011111952364444733, -1.137451171875], [0.006780087947845459, -0.05500137805938721, -0.9984632730484009, 1.588623046875], [-0.31868261098861694, 0.9463052749633789, -0.0542922243475914, -0.10589599609375], [0.0, 0.0, 0.0, 1.0]], [[0.003534868359565735, 0.9989790320396423, -0.04503863677382469, 0.00213623046875], [-0.018677985295653343, -0.04496510699391365, -0.9988139271736145, 1.5787830352783203], [-0.9998193383216858, 0.004371884278953075, 0.018499966710805893, -0.0306396484375], [0.0, 0.0, 0.0, 1.0]], [[-0.9340866804122925, 0.35626184940338135, -0.02365516684949398, 1.0799560546875], [0.013967746868729591, -0.0297402311116457, -0.9994600415229797, 1.5523185729980469], [-0.3567730188369751, -0.9339128136634827, 0.02280377969145775, -0.083984375], [0.0, 0.0, 0.0, 1.0]]], "view": [[0.0, -2.0, 100.0], [-2.0, 0.0, 100.0], [0.0, 0.0, 1.0]], "bev": "bev_248f5231a8c94b5da0b58e515ad68298.png", "aux": "aux_248f5231a8c94b5da0b58e515ad68298.npz", "visibility": "visibility_248f5231a8c94b5da0b58e515ad68298.png", "pose": [[0.26548078656196594, 0.9641161561012268, 0.0, 397.0825500488281], [-0.9641161561012268, 0.26548078656196594, 0.0, 1123.78564453125], [0.0, 0.0, 1.0, 0.0], [0.0, 0.0, 0.0, 1.0]], "pose_inverse": [[0.26548078656196594, -0.9641161561012268, 0.0, 978.0421142578125], [0.9641161561012268, 0.26548078656196594, 0.0, -681.1771850585938], [0.0, 0.0, 1.0, 0.0], [0.0, 0.0, 0.0, 1.0]], "cam_ids": [0, 1, 2, 3, 4, 5], "cam_channels": ["CAM_FRONT_LEFT", "CAM_FRONT", "CAM_FRONT_RIGHT", "CAM_BACK_LEFT", "CAM_BACK", "CAM_BACK_RIGHT"], "token": "248f5231a8c94b5da0b58e515ad68298", "scene": "scene-0018"}, {"images": ["samples/CAM_FRONT_LEFT/n015-2018-07-18-11-41-49+0800__CAM_FRONT_LEFT__1531885794354844.jpg", "samples/CAM_FRONT/n015-2018-07-18-11-41-49+0800__CAM_FRONT__1531885794362460.jpg", "samples/CAM_FRONT_RIGHT/n015-2018-07-18-11-41-49+0800__CAM_FRONT_RIGHT__1531885794370347.jpg", "samples/CAM_BACK_LEFT/n015-2018-07-18-11-41-49+0800__CAM_BACK_LEFT__1531885794397423.jpg", "samples/CAM_BACK/n015-2018-07-18-11-41-49+0800__CAM_BACK__1531885794387525.jpg", "samples/CAM_BACK_RIGHT/n015-2018-07-18-11-41-49+0800__CAM_BACK_RIGHT__1531885794377893.jpg"], "intrinsics": [[[1272.5979470598488, 0.0, 826.6154927353808], [0.0, 1272.5979470598488, 479.75165386361925], [0.0, 0.0, 1.0]], [[1266.417203046554, 0.0, 816.2670197447984], [0.0, 1266.417203046554, 491.50706579294757], [0.0, 0.0, 1.0]], [[1260.8474446004698, 0.0, 807.968244525554], [0.0, 1260.8474446004698, 495.3344268742088], [0.0, 0.0, 1.0]], [[1256.7414812095406, 0.0, 792.1125740759628], [0.0, 1256.7414812095406, 492.7757465151356], [0.0, 0.0, 1.0]], [[809.2209905677063, 0.0, 829.2196003259838], [0.0, 809.2209905677063, 481.77842384512485], [0.0, 0.0, 1.0]], [[1259.5137405846733, 0.0, 807.2529053838625], [0.0, 1259.5137405846733, 501.19579884916527], [0.0, 0.0, 1.0]]], "extrinsics": [[[0.8180072903633118, -0.5747281312942505, 0.023487821221351624, -0.860595703125], [-0.0005625868798233569, -0.041632991284132004, -0.9991328120231628, 1.5081901550292969], [0.5752075910568237, 0.8172847032546997, -0.03437942638993263, -1.2073326110839844], [0.0, 0.0, 0.0, 1.0]], [[0.001673764898441732, -0.9989570379257202, 0.045629389584064484, 0.00555419921875], [-0.005835528485476971, -0.04563843831419945, -0.9989410042762756, 1.5199337005615234], [0.9999815821647644, 0.001405731774866581, -0.00590582937002182, -1.5872802734375], [0.0, 0.0, 0.0, 1.0]], [[-0.8346949815750122, -0.550487220287323, 0.015752805396914482, 0.9639892578125], [-0.00012247050472069532, -0.028418857604265213, -0.9995960593223572, 1.5036373138427734], [0.5507125854492188, -0.8343597650527954, 0.023653656244277954, -1.203369140625], [0.0, 0.0, 0.0, 1.0]], [[0.9479108452796936, 0.31835904717445374, -0.010609958320856094, -1.13720703125], [0.00852768775075674, -0.05865952745079994, -0.9982416033744812, 1.5886077880859375], [-0.3184216618537903, 0.9461535215377808, -0.058318864554166794, -0.10552978515625], [0.0, 0.0, 0.0, 1.0]], [[0.0038508675061166286, 0.9988059997558594, -0.04870119318366051, 0.0029296875], [-0.016885999590158463, -0.04862966015934944, -0.9986740946769714, 1.5788154602050781], [-0.9998500347137451, 0.00466814124956727, 0.016678567975759506, -0.03033447265625], [0.0, 0.0, 0.0, 1.0]], [[-0.9339154362678528, 0.35649925470352173, -0.026650093495845795, 1.0799560546875], [0.015760554000735283, -0.0334162674844265, -0.9993172287940979, 1.5524024963378906], [-0.35714641213417053, -0.9336978793144226, 0.025589346885681152, -0.084991455078125], [0.0, 0.0, 0.0, 1.0]]], "view": [[0.0, -2.0, 100.0], [-2.0, 0.0, 100.0], [0.0, 0.0, 1.0]], "bev": "bev_06cc9133c0684cf2b676cf5f7c49e88b.png", "aux": "aux_06cc9133c0684cf2b676cf5f7c49e88b.npz", "visibility": "visibility_06cc9133c0684cf2b676cf5f7c49e88b.png", "pose": [[0.306312620639801, 0.9519309997558594, 0.0, 397.4421691894531], [-0.9519309997558594, 0.306312620639801, 0.0, 1122.562255859375], [0.0, 0.0, 1.0, 0.0], [0.0, 0.0, 0.0, 1.0]], "pose_inverse": [[0.306312620639801, -0.9519309997558594, 0.0, 946.8602294921875], [0.9519309997558594, 0.306312620639801, 0.0, -722.1925048828125], [0.0, 0.0, 1.0, 0.0], [0.0, 0.0, 0.0, 1.0]], "cam_ids": [0, 1, 2, 3, 4, 5], "cam_channels": ["CAM_FRONT_LEFT", "CAM_FRONT", "CAM_FRONT_RIGHT", "CAM_BACK_LEFT", "CAM_BACK", "CAM_BACK_RIGHT"], "token": "06cc9133c0684cf2b676cf5f7c49e88b", "scene": "scene-0018"}, {"images": ["samples/CAM_FRONT_LEFT/n015-2018-07-18-11-41-49+0800__CAM_FRONT_LEFT__1531885795004844.jpg", "samples/CAM_FRONT/n015-2018-07-18-11-41-49+0800__CAM_FRONT__1531885795012464.jpg", "samples/CAM_FRONT_RIGHT/n015-2018-07-18-11-41-49+0800__CAM_FRONT_RIGHT__1531885795020339.jpg", "samples/CAM_BACK_LEFT/n015-2018-07-18-11-41-49+0800__CAM_BACK_LEFT__1531885795047423.jpg", "samples/CAM_BACK/n015-2018-07-18-11-41-49+0800__CAM_BACK__1531885795037525.jpg", "samples/CAM_BACK_RIGHT/n015-2018-07-18-11-41-49+0800__CAM_BACK_RIGHT__1531885795027893.jpg"], "intrinsics": [[[1272.5979470598488, 0.0, 826.6154927353808], [0.0, 1272.5979470598488, 479.75165386361925], [0.0, 0.0, 1.0]], [[1266.417203046554, 0.0, 816.2670197447984], [0.0, 1266.417203046554, 491.50706579294757], [0.0, 0.0, 1.0]], [[1260.8474446004698, 0.0, 807.968244525554], [0.0, 1260.8474446004698, 495.3344268742088], [0.0, 0.0, 1.0]], [[1256.7414812095406, 0.0, 792.1125740759628], [0.0, 1256.7414812095406, 492.7757465151356], [0.0, 0.0, 1.0]], [[809.2209905677063, 0.0, 829.2196003259838], [0.0, 809.2209905677063, 481.77842384512485], [0.0, 0.0, 1.0]], [[1259.5137405846733, 0.0, 807.2529053838625], [0.0, 1259.5137405846733, 501.19579884916527], [0.0, 0.0, 1.0]]], "extrinsics": [[[0.8186418414115906, -0.5736905932426453, 0.026543565094470978, -0.8743896484375], [-0.0016193607589229941, -0.04852430522441864, -0.9988207221031189, 1.5081024169921875], [0.5743020176887512, 0.8176334500312805, -0.0406530387699604, -1.2176437377929688], [0.0, 0.0, 0.0, 1.0]], [[0.0025987683329731226, -0.9986090064048767, 0.05266023427248001, 0.00592041015625], [-0.006854775361716747, -0.052676960825920105, -0.9985880851745605, 1.5199432373046875], [0.9999730587005615, 0.0022341469302773476, -0.006982135586440563, -1.60113525390625], [0.0, 0.0, 0.0, 1.0]], [[-0.8343306183815002, -0.5508806705474854, 0.02056065760552883, 0.97271728515625], [-0.0011100718984380364, -0.03561829775571823, -0.9993648529052734, 1.5035839080810547], [0.5512630939483643, -0.833823561668396, 0.02910592220723629, -1.208740234375], [0.0, 0.0, 0.0, 1.0]], [[0.947902262210846, 0.3182617127895355, -0.013808793388307095, -1.13580322265625], [0.007762770634144545, -0.06641151010990143, -0.997762143611908, 1.5886383056640625], [-0.3184664845466614, 0.9456738233566284, -0.06542221456766129, -0.1063232421875], [0.0, 0.0, 0.0, 1.0]], [[0.003656576620414853, 0.9984090924263, -0.05626600235700607, 0.0025634765625], [-0.017747413367033005, -0.05619272589683533, -0.9982622265815735, 1.5788421630859375], [-0.9998357892036438, 0.0046488093212246895, 0.017513707280158997, -0.0281982421875], [0.0, 0.0, 0.0, 1.0]], [[-0.9340831637382507, 0.3559255003929138, -0.028383083641529083, 1.0863037109375], [0.014825600199401379, -0.04076141491532326, -0.9990589022636414, 1.5522575378417969], [-0.35674750804901123, -0.9336250424385071, 0.03279774636030197, -0.08221435546875], [0.0, 0.0, 0.0, 1.0]]], "view": [[0.0, -2.0, 100.0], [-2.0, 0.0, 100.0], [0.0, 0.0, 1.0]], "bev": "bev_2ff5689a089844f0a2097b1883916003.png", "aux": "aux_2ff5689a089844f0a2097b1883916003.npz", "visibility": "visibility_2ff5689a089844f0a2097b1883916003.png", "pose": [[0.3590501844882965, 0.9333182573318481, 0.0, 397.976806640625], [-0.9333182573318481, 0.3590501844882965, 0.0, 1121.0384521484375], [0.0, 0.0, 1.0, 0.0], [0.0, 0.0, 0.0, 1.0]], "pose_inverse": [[0.3590501844882965, -0.9333182573318481, 0.0, 903.3920288085938], [0.9333182573318481, 0.3590501844882965, 0.0, -773.9480590820312], [0.0, 0.0, 1.0, 0.0], [0.0, 0.0, 0.0, 1.0]], "cam_ids": [0, 1, 2, 3, 4, 5], "cam_channels": ["CAM_FRONT_LEFT", "CAM_FRONT", "CAM_FRONT_RIGHT", "CAM_BACK_LEFT", "CAM_BACK", "CAM_BACK_RIGHT"], "token": "2ff5689a089844f0a2097b1883916003", "scene": "scene-0018"}, {"images": ["samples/CAM_FRONT_LEFT/n015-2018-07-18-11-41-49+0800__CAM_FRONT_LEFT__1531885795504844.jpg", "samples/CAM_FRONT/n015-2018-07-18-11-41-49+0800__CAM_FRONT__1531885795512468.jpg", "samples/CAM_FRONT_RIGHT/n015-2018-07-18-11-41-49+0800__CAM_FRONT_RIGHT__1531885795520339.jpg", "samples/CAM_BACK_LEFT/n015-2018-07-18-11-41-49+0800__CAM_BACK_LEFT__1531885795547423.jpg", "samples/CAM_BACK/n015-2018-07-18-11-41-49+0800__CAM_BACK__1531885795537525.jpg", "samples/CAM_BACK_RIGHT/n015-2018-07-18-11-41-49+0800__CAM_BACK_RIGHT__1531885795527893.jpg"], "intrinsics": [[[1272.5979470598488, 0.0, 826.6154927353808], [0.0, 1272.5979470598488, 479.75165386361925], [0.0, 0.0, 1.0]], [[1266.417203046554, 0.0, 816.2670197447984], [0.0, 1266.417203046554, 491.50706579294757], [0.0, 0.0, 1.0]], [[1260.8474446004698, 0.0, 807.968244525554], [0.0, 1260.8474446004698, 495.3344268742088], [0.0, 0.0, 1.0]], [[1256.7414812095406, 0.0, 792.1125740759628], [0.0, 1256.7414812095406, 492.7757465151356], [0.0, 0.0, 1.0]], [[809.2209905677063, 0.0, 829.2196003259838], [0.0, 809.2209905677063, 481.77842384512485], [0.0, 0.0, 1.0]], [[1259.5137405846733, 0.0, 807.2529053838625], [0.0, 1259.5137405846733, 501.19579884916527], [0.0, 0.0, 1.0]]], "extrinsics": [[[0.8188874125480652, -0.5733031034469604, 0.027327964082360268, -0.8927001953125], [-0.00048763948143459857, -0.04830843210220337, -0.9988323450088501, 1.5082435607910156], [0.5739539265632629, 0.8179179430007935, -0.03983873873949051, -1.230743408203125], [0.0, 0.0, 0.0, 1.0]], [[0.0029106249567121267, -0.9986283779144287, 0.05227682739496231, 0.00604248046875], [-0.005648591555655003, -0.05229263752698898, -0.9986158609390259, 1.5201683044433594], [0.9999797344207764, 0.0026113756466656923, -0.005793051794171333, -1.6197509765625], [0.0, 0.0, 0.0, 1.0]], [[-0.8341938853263855, -0.5511367321014404, 0.019206780940294266, 0.985137939453125], [0.00015016115503385663, -0.0350552499294281, -0.9993852972984314, 1.5036849975585938], [0.5514712333679199, -0.8336781859397888, 0.029325636103749275, -1.2164306640625], [0.0, 0.0, 0.0, 1.0]], [[0.9479256272315979, 0.31823912262916565, -0.012673452496528625, -1.1407470703125], [0.008542723022401333, -0.0651833787560463, -0.997836709022522, 1.5886001586914062], [-0.3183767795562744, 0.9457669258117676, -0.0645076334476471, -0.104736328125], [0.0, 0.0, 0.0, 1.0]], [[0.0035974031779915094, 0.9984639286994934, -0.05528901144862175, 0.0023193359375], [-0.017039362341165543, -0.055220138281583786, -0.9983288049697876, 1.5790061950683594], [-0.9998482465744019, 0.0045335059985518456, 0.016814537346363068, -0.020751953125], [0.0, 0.0, 0.0, 1.0]], [[-0.9341322779655457, 0.35574397444725037, -0.02903604879975319, 1.096435546875], [0.015809478238224983, -0.04003160074353218, -0.999073326587677, 1.5521430969238281], [-0.35657671093940735, -0.9337257146835327, 0.03177068382501602, -0.0780029296875], [0.0, 0.0, 0.0, 1.0]]], "view": [[0.0, -2.0, 100.0], [-2.0, 0.0, 100.0], [0.0, 0.0, 1.0]], "bev": "bev_e22c0bbea22343e7beffd77c44679a83.png", "aux": "aux_e22c0bbea22343e7beffd77c44679a83.npz", "visibility": "visibility_e22c0bbea22343e7beffd77c44679a83.png", "pose": [[0.3941580355167389, 0.9190426468849182, 0.0, 398.39825439453125], [-0.9190426468849182, 0.3941580355167389, 0.0, 1119.9986572265625], [0.0, 0.0, 1.0, 0.0], [0.0, 0.0, 0.0, 1.0]], "pose_inverse": [[0.3941580355167389, -0.9190426468849182, 0.0, 872.294677734375], [0.9190426468849182, 0.3941580355167389, 0.0, -807.6015014648438], [0.0, 0.0, 1.0, 0.0], [0.0, 0.0, 0.0, 1.0]], "cam_ids": [0, 1, 2, 3, 4, 5], "cam_channels": ["CAM_FRONT_LEFT", "CAM_FRONT", "CAM_FRONT_RIGHT", "CAM_BACK_LEFT", "CAM_BACK", "CAM_BACK_RIGHT"], "token": "e22c0bbea22343e7beffd77c44679a83", "scene": "scene-0018"}, {"images": ["samples/CAM_FRONT_LEFT/n015-2018-07-18-11-41-49+0800__CAM_FRONT_LEFT__1531885796004844.jpg", "samples/CAM_FRONT/n015-2018-07-18-11-41-49+0800__CAM_FRONT__1531885796012465.jpg", "samples/CAM_FRONT_RIGHT/n015-2018-07-18-11-41-49+0800__CAM_FRONT_RIGHT__1531885796020339.jpg", "samples/CAM_BACK_LEFT/n015-2018-07-18-11-41-49+0800__CAM_BACK_LEFT__1531885796047423.jpg", "samples/CAM_BACK/n015-2018-07-18-11-41-49+0800__CAM_BACK__1531885796037525.jpg", "samples/CAM_BACK_RIGHT/n015-2018-07-18-11-41-49+0800__CAM_BACK_RIGHT__1531885796027893.jpg"], "intrinsics": [[[1272.5979470598488, 0.0, 826.6154927353808], [0.0, 1272.5979470598488, 479.75165386361925], [0.0, 0.0, 1.0]], [[1266.417203046554, 0.0, 816.2670197447984], [0.0, 1266.417203046554, 491.50706579294757], [0.0, 0.0, 1.0]], [[1260.8474446004698, 0.0, 807.968244525554], [0.0, 1260.8474446004698, 495.3344268742088], [0.0, 0.0, 1.0]], [[1256.7414812095406, 0.0, 792.1125740759628], [0.0, 1256.7414812095406, 492.7757465151356], [0.0, 0.0, 1.0]], [[809.2209905677063, 0.0, 829.2196003259838], [0.0, 809.2209905677063, 481.77842384512485], [0.0, 0.0, 1.0]], [[1259.5137405846733, 0.0, 807.2529053838625], [0.0, 1259.5137405846733, 501.19579884916527], [0.0, 0.0, 1.0]]], "extrinsics": [[[0.8189629912376404, -0.5731475949287415, 0.028310121968388557, -0.9034423828125], [-0.00048540314310230315, -0.050025857985019684, -0.9987478256225586, 1.5081939697265625], [0.5738461017608643, 0.8179237246513367, -0.04124753177165985, -1.2368927001953125], [0.0, 0.0, 0.0, 1.0]], [[0.0029969860333949327, -0.9985299706459045, 0.05412060767412186, 0.00506591796875], [-0.005749308969825506, -0.05413717031478882, -0.9985169768333435, 1.5201644897460938], [0.9999789595603943, 0.002681396435946226, -0.005903106182813644, -1.63006591796875], [0.0, 0.0, 0.0, 1.0]], [[-0.8341590762138367, -0.5511444211006165, 0.02045643888413906, 0.9917144775390625], [-3.8685928302584216e-05, -0.03703228756785393, -0.9993140697479248, 1.5036334991455078], [0.5515239238739014, -0.8335877060890198, 0.0308694951236248, -1.2220458984375], [0.0, 0.0, 0.0, 1.0]], [[0.9479520916938782, 0.31813544034957886, -0.013294211588799953, -1.1397705078125], [0.008672227151691914, -0.06753167510032654, -0.9976794123649597, 1.5885963439941406], [-0.3182949423789978, 0.9456369876861572, -0.06677573174238205, -0.1048583984375], [0.0, 0.0, 0.0, 1.0]], [[0.003625580808147788, 0.9983387589454651, -0.05750337243080139, 0.00286865234375], [-0.01675737462937832, -0.05743502080440521, -0.9982086420059204, 1.5790328979492188], [-0.9998530149459839, 0.004582712892442942, 0.016521302983164787, -0.01739501953125], [0.0, 0.0, 0.0, 1.0]], [[-0.9341443777084351, 0.3556519150733948, -0.029765402898192406, 1.1029052734375], [0.01579723320901394, -0.042115289717912674, -0.9989878535270691, 1.5520057678222656], [-0.3565455377101898, -0.9336690902709961, 0.033723440021276474, -0.076416015625], [0.0, 0.0, 0.0, 1.0]]], "view": [[0.0, -2.0, 100.0], [-2.0, 0.0, 100.0], [0.0, 0.0, 1.0]], "bev": "bev_b16c13a33031451e97116a3149783fa9.png", "aux": "aux_b16c13a33031451e97116a3149783fa9.npz", "visibility": "visibility_b16c13a33031451e97116a3149783fa9.png", "pose": [[0.42321300506591797, 0.9060302376747131, 0.0, 398.78662109375], [-0.9060302376747131, 0.42321300506591797, 0.0, 1119.1383056640625], [0.0, 0.0, 1.0, 0.0], [0.0, 0.0, 0.0, 1.0]], "pose_inverse": [[0.42321300506591797, -0.9060302376747131, 0.0, 845.2014770507812], [0.9060302376747131, 0.42321300506591797, 0.0, -834.9465942382812], [0.0, 0.0, 1.0, 0.0], [0.0, 0.0, 0.0, 1.0]], "cam_ids": [0, 1, 2, 3, 4, 5], "cam_channels": ["CAM_FRONT_LEFT", "CAM_FRONT", "CAM_FRONT_RIGHT", "CAM_BACK_LEFT", "CAM_BACK", "CAM_BACK_RIGHT"], "token": "b16c13a33031451e97116a3149783fa9", "scene": "scene-0018"}, {"images": ["samples/CAM_FRONT_LEFT/n015-2018-07-18-11-41-49+0800__CAM_FRONT_LEFT__1531885796504850.jpg", "samples/CAM_FRONT/n015-2018-07-18-11-41-49+0800__CAM_FRONT__1531885796512473.jpg", "samples/CAM_FRONT_RIGHT/n015-2018-07-18-11-41-49+0800__CAM_FRONT_RIGHT__1531885796520339.jpg", "samples/CAM_BACK_LEFT/n015-2018-07-18-11-41-49+0800__CAM_BACK_LEFT__1531885796547423.jpg", "samples/CAM_BACK/n015-2018-07-18-11-41-49+0800__CAM_BACK__1531885796537525.jpg", "samples/CAM_BACK_RIGHT/n015-2018-07-18-11-41-49+0800__CAM_BACK_RIGHT__1531885796527893.jpg"], "intrinsics": [[[1272.5979470598488, 0.0, 826.6154927353808], [0.0, 1272.5979470598488, 479.75165386361925], [0.0, 0.0, 1.0]], [[1266.417203046554, 0.0, 816.2670197447984], [0.0, 1266.417203046554, 491.50706579294757], [0.0, 0.0, 1.0]], [[1260.8474446004698, 0.0, 807.968244525554], [0.0, 1260.8474446004698, 495.3344268742088], [0.0, 0.0, 1.0]], [[1256.7414812095406, 0.0, 792.1125740759628], [0.0, 1256.7414812095406, 492.7757465151356], [0.0, 0.0, 1.0]], [[809.2209905677063, 0.0, 829.2196003259838], [0.0, 809.2209905677063, 481.77842384512485], [0.0, 0.0, 1.0]], [[1259.5137405846733, 0.0, 807.2529053838625], [0.0, 1259.5137405846733, 501.19579884916527], [0.0, 0.0, 1.0]]], "extrinsics": [[[0.8187146782875061, -0.5732624530792236, 0.03280792385339737, -0.902587890625], [0.001966546755284071, -0.05433697625994682, -0.9985207319259644, 1.5083656311035156], [0.5741971731185913, 0.8175680637359619, -0.04335913434624672, -1.2356719970703125], [0.0, 0.0, 0.0, 1.0]], [[0.002593687269836664, -0.9982869029045105, 0.058449722826480865, 0.0047607421875], [-0.00327200791798532, -0.058458082377910614, -0.9982845187187195, 1.5202903747558594], [0.9999911785125732, 0.002397951204329729, -0.0034180236980319023, -1.62896728515625], [0.0, 0.0, 0.0, 1.0]], [[-0.8343355655670166, -0.5508663654327393, 0.020744698122143745, 0.9907073974609375], [0.0024724702816456556, -0.04137072339653969, -0.9991407990455627, 1.5037498474121094], [0.5512512922286987, -0.8335673809051514, 0.035879068076610565, -1.2215576171875], [0.0, 0.0, 0.0, 1.0]], [[0.9480043649673462, 0.31802552938461304, -0.012141556479036808, -1.141693115234375], [0.01136722881346941, -0.07196113467216492, -0.9973426461219788, 1.5885696411132812], [-0.31805405020713806, 0.945347249507904, -0.07183454930782318, -0.10400390625], [0.0, 0.0, 0.0, 1.0]], [[0.003910215105861425, 0.9980759024620056, -0.06188102066516876, 0.0030517578125], [-0.014169772155582905, -0.061819978058338165, -0.9979867339134216, 1.5790824890136719], [-0.9998919367790222, 0.004779191687703133, 0.013900780119001865, -0.0169677734375], [0.0, 0.0, 0.0, 1.0]], [[-0.9339941740036011, 0.3556906282901764, -0.03374854102730751, 1.1024169921875], [0.0183908361941576, -0.04647137224674225, -0.9987503290176392, 1.5521011352539062], [-0.356814444065094, -0.9334477782249451, 0.03686254844069481, -0.076904296875], [0.0, 0.0, 0.0, 1.0]]], "view": [[0.0, -2.0, 100.0], [-2.0, 0.0, 100.0], [0.0, 0.0, 1.0]], "bev": "bev_1cc4743fc70047ad8eac0777e43cfe57.png", "aux": "aux_1cc4743fc70047ad8eac0777e43cfe57.npz", "visibility": "visibility_1cc4743fc70047ad8eac0777e43cfe57.png", "pose": [[0.45023372769355774, 0.8929107189178467, 0.0, 399.15576171875], [-0.8929107189178467, 0.45023372769355774, 0.0, 1118.4027099609375], [0.0, 0.0, 1.0, 0.0], [0.0, 0.0, 0.0, 1.0]], "pose_inverse": [[0.45023372769355774, -0.8929107189178467, 0.0, 818.92041015625], [0.8929107189178467, 0.45023372769355774, 0.0, -859.9530639648438], [0.0, 0.0, 1.0, 0.0], [0.0, 0.0, 0.0, 1.0]], "cam_ids": [0, 1, 2, 3, 4, 5], "cam_channels": ["CAM_FRONT_LEFT", "CAM_FRONT", "CAM_FRONT_RIGHT", "CAM_BACK_LEFT", "CAM_BACK", "CAM_BACK_RIGHT"], "token": "1cc4743fc70047ad8eac0777e43cfe57", "scene": "scene-0018"}, {"images": ["samples/CAM_FRONT_LEFT/n015-2018-07-18-11-41-49+0800__CAM_FRONT_LEFT__1531885797004844.jpg", "samples/CAM_FRONT/n015-2018-07-18-11-41-49+0800__CAM_FRONT__1531885797012462.jpg", "samples/CAM_FRONT_RIGHT/n015-2018-07-18-11-41-49+0800__CAM_FRONT_RIGHT__1531885797020339.jpg", "samples/CAM_BACK_LEFT/n015-2018-07-18-11-41-49+0800__CAM_BACK_LEFT__1531885797047423.jpg", "samples/CAM_BACK/n015-2018-07-18-11-41-49+0800__CAM_BACK__1531885797037525.jpg", "samples/CAM_BACK_RIGHT/n015-2018-07-18-11-41-49+0800__CAM_BACK_RIGHT__1531885797027893.jpg"], "intrinsics": [[[1272.5979470598488, 0.0, 826.6154927353808], [0.0, 1272.5979470598488, 479.75165386361925], [0.0, 0.0, 1.0]], [[1266.417203046554, 0.0, 816.2670197447984], [0.0, 1266.417203046554, 491.50706579294757], [0.0, 0.0, 1.0]], [[1260.8474446004698, 0.0, 807.968244525554], [0.0, 1260.8474446004698, 495.3344268742088], [0.0, 0.0, 1.0]], [[1256.7414812095406, 0.0, 792.1125740759628], [0.0, 1256.7414812095406, 492.7757465151356], [0.0, 0.0, 1.0]], [[809.2209905677063, 0.0, 829.2196003259838], [0.0, 809.2209905677063, 481.77842384512485], [0.0, 0.0, 1.0]], [[1259.5137405846733, 0.0, 807.2529053838625], [0.0, 1259.5137405846733, 501.19579884916527], [0.0, 0.0, 1.0]]], "extrinsics": [[[0.8186143040657043, -0.5732508897781372, 0.035410698503255844, -0.905029296875], [0.004108603578060865, -0.05580775812268257, -0.9984330534934998, 1.5085601806640625], [0.5743288993835449, 0.8174771666526794, -0.043329767882823944, -1.238372802734375], [0.0, 0.0, 0.0, 1.0]], [[0.002408050000667572, -0.9982107877731323, 0.059744492173194885, 0.00537109375], [-0.0011229343945160508, -0.05974733084440231, -0.9982129335403442, 1.5204734802246094], [0.9999964833259583, 0.0023366212844848633, -0.0012648019473999739, -1.6318359375], [0.0, 0.0, 0.0, 1.0]], [[-0.834408700466156, -0.5507994890213013, 0.01954745501279831, 0.99273681640625], [0.004632549826055765, -0.04247470572590828, -0.9990867972373962, 1.5038681030273438], [0.5511267781257629, -0.8335561156272888, 0.037992868572473526, -1.222412109375], [0.0, 0.0, 0.0, 1.0]], [[0.9480197429656982, 0.31804510951042175, -0.01028874795883894, -1.139495849609375], [0.01348190475255251, -0.0724484845995903, -0.997281014919281, 1.5886001586914062], [-0.31792572140693665, 0.9453033804893494, -0.072970449924469, -0.104736328125], [0.0, 0.0, 0.0, 1.0]], [[0.004069354850798845, 0.998031198978424