[{"images": ["samples/CAM_FRONT_LEFT/n015-2018-10-08-15-36-50+0800__CAM_FRONT_LEFT__1538984233504844.jpg", "samples/CAM_FRONT/n015-2018-10-08-15-36-50+0800__CAM_FRONT__1538984233512470.jpg", "samples/CAM_FRONT_RIGHT/n015-2018-10-08-15-36-50+0800__CAM_FRONT_RIGHT__1538984233520339.jpg", "samples/CAM_BACK_LEFT/n015-2018-10-08-15-36-50+0800__CAM_BACK_LEFT__1538984233547423.jpg", "samples/CAM_BACK/n015-2018-10-08-15-36-50+0800__CAM_BACK__1538984233537525.jpg", "samples/CAM_BACK_RIGHT/n015-2018-10-08-15-36-50+0800__CAM_BACK_RIGHT__1538984233527893.jpg"], "intrinsics": [[[1272.5979470598488, 0.0, 826.6154927353808], [0.0, 1272.5979470598488, 479.75165386361925], [0.0, 0.0, 1.0]], [[1266.417203046554, 0.0, 816.2670197447984], [0.0, 1266.417203046554, 491.50706579294757], [0.0, 0.0, 1.0]], [[1260.8474446004698, 0.0, 807.968244525554], [0.0, 1260.8474446004698, 495.3344268742088], [0.0, 0.0, 1.0]], [[1256.7414812095406, 0.0, 792.1125740759628], [0.0, 1256.7414812095406, 492.7757465151356], [0.0, 0.0, 1.0]], [[809.2209905677063, 0.0, 829.2196003259838], [0.0, 809.2209905677063, 481.77842384512485], [0.0, 0.0, 1.0]], [[1259.5137405846733, 0.0, 807.2529053838625], [0.0, 1259.5137405846733, 501.19579884916527], [0.0, 0.0, 1.0]]], "extrinsics": [[[0.8292135000228882, -0.5588300228118896, -0.010680320672690868, -0.8233642578125], [-0.0025121737271547318, 0.015381949953734875, -0.9998785257339478, 1.507822036743164], [0.5589264631271362, 0.8291395902633667, 0.011351041495800018, -1.1842422485351562], [0.0, 0.0, 0.0, 1.0]], [[0.018063491210341454, -0.9997723698616028, -0.011355975642800331, 0.0074462890625], [-0.007693552877753973, 0.011218506842851639, -0.9999074935913086, 1.5194511413574219], [0.9998072385787964, 0.018149202689528465, -0.007489155977964401, -1.5518798828125], [0.0, 0.0, 0.0, 1.0]], [[-0.8275606632232666, -0.5611974000930786, -0.014172405004501343, 0.94256591796875], [-0.002178858034312725, 0.02845660224556923, -0.999592661857605, 1.5033988952636719], [0.5613720417022705, -0.8271926641464233, -0.024772334843873978, -1.1875], [0.0, 0.0, 0.0, 1.0]], [[0.9477970004081726, 0.3188198506832123, 0.005900540854781866, -1.1427001953125], [0.006894505117088556, -0.00198921631090343, -0.999974250793457, 1.5885505676269531], [-0.31879985332489014, 0.9478132128715515, -0.004083477426320314, -0.1036376953125], [0.0, 0.0, 0.0, 1.0]], [[-0.0011400835355743766, 0.9999672174453735, 0.008012215606868267, 0.00244140625], [-0.018604446202516556, 0.00798962451517582, -0.9997950196266174, 1.5786285400390625], [-0.9998263120651245, -0.0012888825731351972, 0.01859472692012787, -0.0372314453125], [0.0, 0.0, 0.0, 1.0]], [[-0.9372772574424744, 0.3485519587993622, -0.004780676681548357, 1.0628662109375], [0.013843612745404243, 0.023515593260526657, -0.9996276497840881, 1.5525236129760742], [-0.3483097553253174, -0.9369944930076599, -0.026865849271416664, -0.090576171875], [0.0, 0.0, 0.0, 1.0]]], "view": [[0.0, -2.0, 100.0], [-2.0, 0.0, 100.0], [0.0, 0.0, 1.0]], "bev": "bev_b5989651183643369174912bc5641d3b.png", "aux": "aux_b5989651183643369174912bc5641d3b.npz", "visibility": "visibility_b5989651183643369174912bc5641d3b.png", "pose": [[0.27229928970336914, 0.9622126221656799, 0.0, 715.68603515625], [-0.9622126221656799, 0.27229928970336914, 0.0, 1810.0472412109375], [0.0, 0.0, 1.0, 0.0], [0.0, 0.0, 0.0, 1.0]], "pose_inverse": [[0.27229928970336914, -0.9622126221656799, 0.0, 1546.76953125], [0.9622126221656799, 0.27229928970336914, 0.0, -1181.5167236328125], [0.0, 0.0, 1.0, 0.0], [0.0, 0.0, 0.0, 1.0]], "cam_ids": [0, 1, 2, 3, 4, 5], "cam_channels": ["CAM_FRONT_LEFT", "CAM_FRONT", "CAM_FRONT_RIGHT", "CAM_BACK_LEFT", "CAM_BACK", "CAM_BACK_RIGHT"], "token": "b5989651183643369174912bc5641d3b", "scene": "scene-0916"}, {"images": ["samples/CAM_FRONT_LEFT/n015-2018-10-08-15-36-50+0800__CAM_FRONT_LEFT__1538984234004844.jpg", "samples/CAM_FRONT/n015-2018-10-08-15-36-50+0800__CAM_FRONT__1538984234012472.jpg", "samples/CAM_FRONT_RIGHT/n015-2018-10-08-15-36-50+0800__CAM_FRONT_RIGHT__1538984234020339.jpg", "samples/CAM_BACK_LEFT/n015-2018-10-08-15-36-50+0800__CAM_BACK_LEFT__1538984234047423.jpg", "samples/CAM_BACK/n015-2018-10-08-15-36-50+0800__CAM_BACK__1538984234037525.jpg", "samples/CAM_BACK_RIGHT/n015-2018-10-08-15-36-50+0800__CAM_BACK_RIGHT__1538984234027893.jpg"], "intrinsics": [[[1272.5979470598488, 0.0, 826.6154927353808], [0.0, 1272.5979470598488, 479.75165386361925], [0.0, 0.0, 1.0]], [[1266.417203046554, 0.0, 816.2670197447984], [0.0, 1266.417203046554, 491.50706579294757], [0.0, 0.0, 1.0]], [[1260.8474446004698, 0.0, 807.968244525554], [0.0, 1260.8474446004698, 495.3344268742088], [0.0, 0.0, 1.0]], [[1256.7414812095406, 0.0, 792.1125740759628], [0.0, 1256.7414812095406, 492.7757465151356], [0.0, 0.0, 1.0]], [[809.2209905677063, 0.0, 829.2196003259838], [0.0, 809.2209905677063, 481.77842384512485], [0.0, 0.0, 1.0]], [[1259.5137405846733, 0.0, 807.2529053838625], [0.0, 1259.5137405846733, 501.19579884916527], [0.0, 0.0, 1.0]]], "extrinsics": [[[0.8295425176620483, -0.5583140850067139, -0.012023843824863434, -0.816162109375], [-0.004737418610602617, 0.014494629576802254, -0.9998837113380432, 1.5074043273925781], [0.5584233999252319, 0.8295031189918518, 0.009378944523632526, -1.1796722412109375], [0.0, 0.0, 0.0, 1.0]], [[0.018388880416750908, -0.9997770190238953, -0.010376251302659512, 0.0076904296875], [-0.009900417178869247, 0.010195420123636723, -0.9998990297317505, 1.519083023071289], [0.9997819066047668, 0.01848975382745266, -0.009710727259516716, -1.5458984375], [0.0, 0.0, 0.0, 1.0]], [[-0.8275225162506104, -0.5613105297088623, -0.011708519421517849, 0.9393310546875], [-0.004372352734208107, 0.027297306805849075, -0.9996177554130554, 1.5031490325927734], [0.5614155530929565, -0.8271550536155701, -0.02504337951540947, -1.1854248046875], [0.0, 0.0, 0.0, 1.0]], [[0.9478155374526978, 0.31880173087120056, 0.0033458468969911337, -1.143310546875], [0.0047167525626719, -0.003528284141793847, -0.9999825954437256, 1.5885486602783203], [-0.31878432631492615, 0.9478148818016052, -0.004847870208323002, -0.103515625], [0.0, 0.0, 0.0, 1.0]], [[-0.0010191823821514845, 0.9999778270721436, 0.00659533403813839, 0.00250244140625], [-0.02076691947877407, 0.006572749465703964, -0.999762773513794, 1.5785331726074219], [-0.9997838735580444, -0.0011558935511857271, 0.020759757608175278, -0.03759765625], [0.0, 0.0, 0.0, 1.0]], [[-0.9372497797012329, 0.34864410758018494, -0.0031921255867928267, 1.0611572265625], [0.011675124056637287, 0.022232944145798683, -0.9996846318244934, 1.552372932434082], [-0.348463237285614, -0.9369915127754211, -0.024908285588026047, -0.0912017822265625], [0.0, 0.0, 0.0, 1.0]]], "view": [[0.0, -2.0, 100.0], [-2.0, 0.0, 100.0], [0.0, 0.0, 1.0]], "bev": "bev_0bb62a68055249e381b039bf54b0ccf8.png", "aux": "aux_0bb62a68055249e381b039bf54b0ccf8.npz", "visibility": "visibility_0bb62a68055249e381b039bf54b0ccf8.png", "pose": [[0.09465441852807999, 0.9955102205276489, 0.0, 716.0462036132812], [-0.9955102205276489, 0.09465441852807999, 0.0, 1808.0489501953125], [0.0, 0.0, 1.0, 0.0], [0.0, 0.0, 0.0, 1.0]], "pose_inverse": [[0.09465441852807999, -0.9955102205276489, 0.0, 1732.1541748046875], [0.9955102205276489, 0.09465441852807999, 0.0, -883.9711303710938], [0.0, 0.0, 1.0, 0.0], [0.0, 0.0, 0.0, 1.0]], "cam_ids": [0, 1, 2, 3, 4, 5], "cam_channels": ["CAM_FRONT_LEFT", "CAM_FRONT", "CAM_FRONT_RIGHT", "CAM_BACK_LEFT", "CAM_BACK", "CAM_BACK_RIGHT"], "token": "0bb62a68055249e381b039bf54b0ccf8", "scene": "scene-0916"}, {"images": ["samples/CAM_FRONT_LEFT/n015-2018-10-08-15-36-50+0800__CAM_FRONT_LEFT__1538984234504844.jpg", "samples/CAM_FRONT/n015-2018-10-08-15-36-50+0800__CAM_FRONT__1538984234512460.jpg", "samples/CAM_FRONT_RIGHT/n015-2018-10-08-15-36-50+0800__CAM_FRONT_RIGHT__1538984234520339.jpg", "samples/CAM_BACK_LEFT/n015-2018-10-08-15-36-50+0800__CAM_BACK_LEFT__1538984234547423.jpg", "samples/CAM_BACK/n015-2018-10-08-15-36-50+0800__CAM_BACK__1538984234537525.jpg", "samples/CAM_BACK_RIGHT/n015-2018-10-08-15-36-50+0800__CAM_BACK_RIGHT__1538984234527893.jpg"], "intrinsics": [[[1272.5979470598488, 0.0, 826.6154927353808], [0.0, 1272.5979470598488, 479.75165386361925], [0.0, 0.0, 1.0]], [[1266.417203046554, 0.0, 816.2670197447984], [0.0, 1266.417203046554, 491.50706579294757], [0.0, 0.0, 1.0]], [[1260.8474446004698, 0.0, 807.968244525554], [0.0, 1260.8474446004698, 495.3344268742088], [0.0, 0.0, 1.0]], [[1256.7414812095406, 0.0, 792.1125740759628], [0.0, 1256.7414812095406, 492.7757465151356], [0.0, 0.0, 1.0]], [[809.2209905677063, 0.0, 829.2196003259838], [0.0, 809.2209905677063, 481.77842384512485], [0.0, 0.0, 1.0]], [[1259.5137405846733, 0.0, 807.2529053838625], [0.0, 1259.5137405846733, 501.19579884916527], [0.0, 0.0, 1.0]]], "extrinsics": [[[0.8291749358177185, -0.5588027238845825, -0.014432722702622414, -0.82080078125], [-0.007274633273482323, 0.015029932372272015, -0.9998605847358704, 1.5069904327392578], [0.558941662311554, 0.829164445400238, 0.008397359400987625, -1.181884765625], [0.0, 0.0, 0.0, 1.0]], [[0.0180552639067173, -0.9997740983963013, -0.011214898899197578, 0.0072021484375], [-0.01243718434125185, 0.010991279035806656, -0.9998622536659241, 1.5187511444091797], [0.9997595548629761, 0.018192248418927193, -0.01223592460155487, -1.548583984375], [0.0, 0.0, 0.0, 1.0]], [[-0.8275652527809143, -0.5612767338752747, -0.010208647698163986, 0.93994140625], [-0.006903065834194422, 0.02835862524807453, -0.9995739459991455, 1.5028762817382812], [0.5613270998001099, -0.8271422386169434, -0.02734314277768135, -1.1861572265625], [0.0, 0.0, 0.0, 1.0]], [[0.9477738738059998, 0.3189395070075989, 0.00152778800111264, -1.141845703125], [0.002135288203135133, -0.0015551176620647311, -0.9999964833259583, 1.5885591506958008], [-0.31893596053123474, 0.9477737545967102, -0.002154927933588624, -0.10400390625], [0.0, 0.0, 0.0, 1.0]], [[-0.0012411627685651183, 0.999965250492096, 0.008242647163569927, 0.00262451171875], [-0.02332361973822117, 0.008211463689804077, -0.9996942281723022, 1.5783920288085938], [-0.999727189540863, -0.0014330403646454215, 0.023312615230679512, -0.0394287109375], [0.0, 0.0, 0.0, 1.0]], [[-0.9373397827148438, 0.3484163284301758, -0.0003602747165132314, 1.0599365234375], [0.009140456095337868, 0.02355673536658287, -0.9996806979179382, 1.5521881580352783], [-0.3482966125011444, -0.9370437860488892, -0.025265352800488472, -0.09181976318359375], [0.0, 0.0, 0.0, 1.0]]], "view": [[0.0, -2.0, 100.0], [-2.0, 0.0, 100.0], [0.0, 0.0, 1.0]], "bev": "bev_07fad91090c746ccaa1b2bdb55329e20.png", "aux": "aux_07fad91090c746ccaa1b2bdb55329e20.npz", "visibility": "visibility_07fad91090c746ccaa1b2bdb55329e20.png", "pose": [[-0.07981380075216293, 0.9968097805976868, 0.0, 716.0570068359375], [-0.9968097805976868, -0.07981380075216293, 0.0, 1805.9827880859375], [0.0, 0.0, 1.0, 0.0], [0.0, 0.0, 0.0, 1.0]], "pose_inverse": [[-0.07981380075216293, -0.9968097805976868, 0.0, 1857.37255859375], [0.9968097805976868, -0.07981380075216293, 0.0, -569.6302490234375], [0.0, 0.0, 1.0, 0.0], [0.0, 0.0, 0.0, 1.0]], "cam_ids": [0, 1, 2, 3, 4, 5], "cam_channels": ["CAM_FRONT_LEFT", "CAM_FRONT", "CAM_FRONT_RIGHT", "CAM_BACK_LEFT", "CAM_BACK", "CAM_BACK_RIGHT"], "token": "07fad91090c746ccaa1b2bdb55329e20", "scene": "scene-0916"}, {"images": ["samples/CAM_FRONT_LEFT/n015-2018-10-08-15-36-50+0800__CAM_FRONT_LEFT__1538984234904844.jpg", "samples/CAM_FRONT/n015-2018-10-08-15-36-50+0800__CAM_FRONT__1538984234912460.jpg", "samples/CAM_FRONT_RIGHT/n015-2018-10-08-15-36-50+0800__CAM_FRONT_RIGHT__1538984234920339.jpg", "samples/CAM_BACK_LEFT/n015-2018-10-08-15-36-50+0800__CAM_BACK_LEFT__1538984234947423.jpg", "samples/CAM_BACK/n015-2018-10-08-15-36-50+0800__CAM_BACK__1538984234937525.jpg", "samples/CAM_BACK_RIGHT/n015-2018-10-08-15-36-50+0800__CAM_BACK_RIGHT__1538984234927893.jpg"], "intrinsics": [[[1272.5979470598488, 0.0, 826.6154927353808], [0.0, 1272.5979470598488, 479.75165386361925], [0.0, 0.0, 1.0]], [[1266.417203046554, 0.0, 816.2670197447984], [0.0, 1266.417203046554, 491.50706579294757], [0.0, 0.0, 1.0]], [[1260.8474446004698, 0.0, 807.968244525554], [0.0, 1260.8474446004698, 495.3344268742088], [0.0, 0.0, 1.0]], [[1256.7414812095406, 0.0, 792.1125740759628], [0.0, 1256.7414812095406, 492.7757465151356], [0.0, 0.0, 1.0]], [[809.2209905677063, 0.0, 829.2196003259838], [0.0, 809.2209905677063, 481.77842384512485], [0.0, 0.0, 1.0]], [[1259.5137405846733, 0.0, 807.2529053838625], [0.0, 1259.5137405846733, 501.19579884916527], [0.0, 0.0, 1.0]]], "extrinsics": [[[0.8285827040672302, -0.5592952370643616, -0.0252880547195673, -0.8238525390625], [-0.01196699682623148, 0.02746502310037613, -0.9995511174201965, 1.5062255859375], [0.55973881483078, 0.8285134434700012, 0.016063958406448364, -1.18389892578125], [0.0, 0.0, 0.0, 1.0]], [[0.01717068813741207, -0.9995591640472412, -0.02422216534614563, 0.0069580078125], [-0.0173155777156353, 0.023924829438328743, -0.9995638132095337, 1.5181121826171875], [0.999702513217926, 0.017582599073648453, -0.016897136345505714, -1.55126953125], [0.0, 0.0, 0.0, 1.0]], [[-0.8280200362205505, -0.5605348944664001, -0.013542522676289082, 0.9417724609375], [-0.011953446082770824, 0.04179474711418152, -0.9990546703338623, 1.5023460388183594], [0.560571014881134, -0.8270754218101501, -0.04130721092224121, -1.1875], [0.0, 0.0, 0.0, 1.0]], [[0.9477647542953491, 0.3189690113067627, 0.0008970467024482787, -1.1405029296875], [-0.0034224395640194416, 0.01298130489885807, -0.9999098777770996, 1.5885486602783203], [-0.31895187497138977, 0.9476762413978577, 0.013394874520599842, -0.1043701171875], [0.0, 0.0, 0.0, 1.0]], [[-0.0008530469494871795, 0.9997470378875732, 0.022476600483059883, 0.002655029296875], [-0.028741193935275078, 0.022442812100052834, -0.9993349313735962, 1.5781669616699219], [-0.9995864629745483, -0.001498473691754043, 0.028714777901768684, -0.039306640625], [0.0, 0.0, 0.0, 1.0]], [[-0.9371027946472168, 0.3489270806312561, 0.009388523176312447, 1.061767578125], [0.00391090102493763, 0.03739120066165924, -0.9992930293083191, 1.5517621040344238], [-0.3490314483642578, -0.9364036917686462, -0.036404017359018326, -0.0914306640625], [0.0, 0.0, 0.0, 1.0]]], "view": [[0.0, -2.0, 100.0], [-2.0, 0.0, 100.0], [0.0, 0.0, 1.0]], "bev": "bev_ae5004bf4ebb4db0a84cb3c27bd398d1.png", "aux": "aux_ae5004bf4ebb4db0a84cb3c27bd398d1.npz", "visibility": "visibility_ae5004bf4ebb4db0a84cb3c27bd398d1.png", "pose": [[-0.2164396494626999, 0.9762960076332092, 0.0, 715.8086547851562], [-0.9762960076332092, -0.2164396494626999, 0.0, 1804.381591796875], [0.0, 0.0, 1.0, 0.0], [0.0, 0.0, 0.0, 1.0]], "pose_inverse": [[-0.2164396494626999, -0.9762960076332092, 0.0, 1916.5399169921875], [0.9762960076332092, -0.2164396494626999, 0.0, -308.3014221191406], [0.0, 0.0, 1.0, 0.0], [0.0, 0.0, 0.0, 1.0]], "cam_ids": [0, 1, 2, 3, 4, 5], "cam_channels": ["CAM_FRONT_LEFT", "CAM_FRONT", "CAM_FRONT_RIGHT", "CAM_BACK_LEFT", "CAM_BACK", "CAM_BACK_RIGHT"], "token": "ae5004bf4ebb4db0a84cb3c27bd398d1", "scene": "scene-0916"}, {"images": ["samples/CAM_FRONT_LEFT/n015-2018-10-08-15-36-50+0800__CAM_FRONT_LEFT__1538984235404844.jpg", "samples/CAM_FRONT/n015-2018-10-08-15-36-50+0800__CAM_FRONT__1538984235412460.jpg", "samples/CAM_FRONT_RIGHT/n015-2018-10-08-15-36-50+0800__CAM_FRONT_RIGHT__1538984235420339.jpg", "samples/CAM_BACK_LEFT/n015-2018-10-08-15-36-50+0800__CAM_BACK_LEFT__1538984235447423.jpg", "samples/CAM_BACK/n015-2018-10-08-15-36-50+0800__CAM_BACK__1538984235437525.jpg", "samples/CAM_BACK_RIGHT/n015-2018-10-08-15-36-50+0800__CAM_BACK_RIGHT__1538984235427893.jpg"], "intrinsics": [[[1272.5979470598488, 0.0, 826.6154927353808], [0.0, 1272.5979470598488, 479.75165386361925], [0.0, 0.0, 1.0]], [[1266.417203046554, 0.0, 816.2670197447984], [0.0, 1266.417203046554, 491.50706579294757], [0.0, 0.0, 1.0]], [[1260.8474446004698, 0.0, 807.968244525554], [0.0, 1260.8474446004698, 495.3344268742088], [0.0, 0.0, 1.0]], [[1256.7414812095406, 0.0, 792.1125740759628], [0.0, 1256.7414812095406, 492.7757465151356], [0.0, 0.0, 1.0]], [[809.2209905677063, 0.0, 829.2196003259838], [0.0, 809.2209905677063, 481.77842384512485], [0.0, 0.0, 1.0]], [[1259.5137405846733, 0.0, 807.2529053838625], [0.0, 1259.5137405846733, 501.19579884916527], [0.0, 0.0, 1.0]]], "extrinsics": [[[0.8274550437927246, -0.5614830255508423, -0.007408539764583111, -0.816162109375], [-0.00042678575846366584, 0.012564597651362419, -0.9999209642410278, 1.5081777572631836], [0.5615317225456238, 0.8273928165435791, 0.010157005861401558, -1.1788330078125], [0.0, 0.0, 0.0, 1.0]], [[0.015445658005774021, -0.9998432993888855, -0.008639946579933167, 0.0073089599609375], [-0.005481781903654337, 0.008556170389056206, -0.9999483823776245, 1.5197229385375977], [0.9998655915260315, 0.015492241829633713, -0.0053487676195800304, -1.5443115234375], [0.0, 0.0, 0.0, 1.0]], [[-0.8286775350570679, -0.5595335364341736, -0.014687291346490383, 0.9375], [0.00021221453789621592, 0.025926051661372185, -0.9996638298034668, 1.5036656856536865], [0.5597261786460876, -0.828402042388916, -0.021365594118833542, -1.184326171875], [0.0, 0.0, 0.0, 1.0]], [[0.9477213621139526, 0.3190310001373291, 0.006589554250240326, -1.140625], [0.008294316940009594, -0.003985274583101273, -0.9999576807022095, 1.588571548461914], [-0.31899121403694153, 0.9477359056472778, -0.006423075217753649, -0.104248046875], [0.0, 0.0, 0.0, 1.0]], [[-0.00048446853179484606, 0.9999834299087524, 0.005730141885578632, 0.0024700164794921875], [-0.01700223982334137, 0.005721075460314751, -0.9998390674591064, 1.5786361694335938], [-0.9998553395271301, -0.0005818347563035786, 0.01699918508529663, -0.040771484375], [0.0, 0.0, 0.0, 1.0]], [[-0.9367468953132629, 0.34992989897727966, -0.007372305262833834, 1.0587158203125], [0.015726611018180847, 0.021038763225078583, -0.99965500831604, 1.5527400970458984], [-0.34965401887893677, -0.9365396499633789, -0.025211207568645477, -0.09222412109375], [0.0, 0.0, 0.0, 1.0]]], "view": [[0.0, -2.0, 100.0], [-2.0, 0.0, 100.0], [0.0, 0.0, 1.0]], "bev": "bev_ac8b4d49731d43289579f014cb7c97ef.png", "aux": "aux_ac8b4d49731d43289579f014cb7c97ef.npz", "visibility": "visibility_ac8b4d49731d43289579f014cb7c97ef.png", "pose": [[-0.3609011173248291, 0.9326040744781494, 0.0, 715.207763671875], [-0.9326040744781494, -0.3609011173248291, 0.0, 1802.44189453125], [0.0, 0.0, 1.0, 0.0], [0.0, 0.0, 0.0, 1.0]], "pose_inverse": [[-0.3609011173248291, -0.9326040744781494, 0.0, 1939.083984375], [0.9326040744781494, -0.3609011173248291, 0.0, -16.50238037109375], [0.0, 0.0, 1.0, 0.0], [0.0, 0.0, 0.0, 1.0]], "cam_ids": [0, 1, 2, 3, 4, 5], "cam_channels": ["CAM_FRONT_LEFT", "CAM_FRONT", "CAM_FRONT_RIGHT", "CAM_BACK_LEFT", "CAM_BACK", "CAM_BACK_RIGHT"], "token": "ac8b4d49731d43289579f014cb7c97ef", "scene": "scene-0916"}, {"images": ["samples/CAM_FRONT_LEFT/n015-2018-10-08-15-36-50+0800__CAM_FRONT_LEFT__1538984235904844.jpg", "samples/CAM_FRONT/n015-2018-10-08-15-36-50+0800__CAM_FRONT__1538984235912460.jpg", "samples/CAM_FRONT_RIGHT/n015-2018-10-08-15-36-50+0800__CAM_FRONT_RIGHT__1538984235920339.jpg", "samples/CAM_BACK_LEFT/n015-2018-10-08-15-36-50+0800__CAM_BACK_LEFT__1538984235947423.jpg", "samples/CAM_BACK/n015-2018-10-08-15-36-50+0800__CAM_BACK__1538984235937525.jpg", "samples/CAM_BACK_RIGHT/n015-2018-10-08-15-36-50+0800__CAM_BACK_RIGHT__1538984235927893.jpg"], "intrinsics": [[[1272.5979470598488, 0.0, 826.6154927353808], [0.0, 1272.5979470598488, 479.75165386361925], [0.0, 0.0, 1.0]], [[1266.417203046554, 0.0, 816.2670197447984], [0.0, 1266.417203046554, 491.50706579294757], [0.0, 0.0, 1.0]], [[1260.8474446004698, 0.0, 807.968244525554], [0.0, 1260.8474446004698, 495.3344268742088], [0.0, 0.0, 1.0]], [[1256.7414812095406, 0.0, 792.1125740759628], [0.0, 1256.7414812095406, 492.7757465151356], [0.0, 0.0, 1.0]], [[809.2209905677063, 0.0, 829.2196003259838], [0.0, 809.2209905677063, 481.77842384512485], [0.0, 0.0, 1.0]], [[1259.5137405846733, 0.0, 807.2529053838625], [0.0, 1259.5137405846733, 501.19579884916527], [0.0, 0.0, 1.0]]], "extrinsics": [[[0.8275375962257385, -0.5613577365875244, -0.00768584618344903, -0.81640625], [-0.007555434480309486, 0.002553088590502739, -0.9999681711196899, 1.5068912506103516], [0.5613594055175781, 0.8275693655014038, -0.0021285233087837696, -1.1787109375], [0.0, 0.0, 0.0, 1.0]], [[0.015951409935951233, -0.9998707175254822, 0.002048972062766552, 0.006988525390625], [-0.012938178144395351, -0.002255469560623169, -0.99991375207901, 1.5186233520507812], [0.9997889995574951, 0.01592348702251911, -0.012972482480108738, -1.544677734375], [0.0, 0.0, 0.0, 1.0]], [[-0.8282796740531921, -0.5603122711181641, -0.0017149971099570394, 0.9375], [-0.007600337266921997, 0.014295556582510471, -0.9998689293861389, 1.5027809143066406], [0.5602633953094482, -0.8281580805778503, -0.01609928160905838, -1.18511962890625], [0.0, 0.0, 0.0, 1.0]], [[0.9470852613449097, 0.32094186544418335, -0.005095628555864096, -1.1435546875], [0.0008683219784870744, -0.01843678392469883, -0.9998296499252319, 1.5885483026504517], [-0.32098111510276794, 0.9469195008277893, -0.017739886417984962, -0.1029052734375], [0.0, 0.0, 0.0, 1.0]], [[-0.00203493470326066, 0.9999690651893616, -0.007609399501234293, 0.0028839111328125], [-0.024456307291984558, -0.007656906731426716, -0.9996716380119324, 1.5783576965332031], [-0.9996988773345947, -0.0018482138402760029, 0.02447112649679184, -0.0389404296875], [0.0, 0.0, 0.0, 1.0]], [[-0.9371800422668457, 0.34881487488746643, -0.004661054350435734, 1.059326171875], [0.008214041590690613, 0.008707527071237564, -0.99992835521698, 1.5521316528320312], [-0.3487493395805359, -0.9371511936187744, -0.011025702580809593, -0.092529296875], [0.0, 0.0, 0.0, 1.0]]], "view": [[0.0, -2.0, 100.0], [-2.0, 0.0, 100.0], [0.0, 0.0, 1.0]], "bev": "bev_c1eed31234b94e9f8e22fbf3428b0ac2.png", "aux": "aux_c1eed31234b94e9f8e22fbf3428b0ac2.npz", "visibility": "visibility_c1eed31234b94e9f8e22fbf3428b0ac2.png", "pose": [[-0.47674861550331116, 0.8790397047996521, 0.0, 714.3095703125], [-0.8790397047996521, -0.47674861550331116, 0.0, 1800.52783203125], [0.0, 0.0, 1.0, 0.0], [0.0, 0.0, 0.0, 1.0]], "pose_inverse": [[-0.47674861550331116, -0.8790397047996521, 0.0, 1923.281494140625], [0.8790397047996521, -0.47674861550331116, 0.0, 230.49267578125], [0.0, 0.0, 1.0, 0.0], [0.0, 0.0, 0.0, 1.0]], "cam_ids": [0, 1, 2, 3, 4, 5], "cam_channels": ["CAM_FRONT_LEFT", "CAM_FRONT", "CAM_FRONT_RIGHT", "CAM_BACK_LEFT", "CAM_BACK", "CAM_BACK_RIGHT"], "token": "c1eed31234b94e9f8e22fbf3428b0ac2", "scene": "scene-0916"}, {"images": ["samples/CAM_FRONT_LEFT/n015-2018-10-08-15-36-50+0800__CAM_FRONT_LEFT__1538984236404844.jpg", "samples/CAM_FRONT/n015-2018-10-08-15-36-50+0800__CAM_FRONT__1538984236412460.jpg", "samples/CAM_FRONT_RIGHT/n015-2018-10-08-15-36-50+0800__CAM_FRONT_RIGHT__1538984236420339.jpg", "samples/CAM_BACK_LEFT/n015-2018-10-08-15-36-50+0800__CAM_BACK_LEFT__1538984236447423.jpg", "samples/CAM_BACK/n015-2018-10-08-15-36-50+0800__CAM_BACK__1538984236437525.jpg", "samples/CAM_BACK_RIGHT/n015-2018-10-08-15-36-50+0800__CAM_BACK_RIGHT__1538984236427893.jpg"], "intrinsics": [[[1272.5979470598488, 0.0, 826.6154927353808], [0.0, 1272.5979470598488, 479.75165386361925], [0.0, 0.0, 1.0]], [[1266.417203046554, 0.0, 816.2670197447984], [0.0, 1266.417203046554, 491.50706579294757], [0.0, 0.0, 1.0]], [[1260.8474446004698, 0.0, 807.968244525554], [0.0, 1260.8474446004698, 495.3344268742088], [0.0, 0.0, 1.0]], [[1256.7414812095406, 0.0, 792.1125740759628], [0.0, 1256.7414812095406, 492.7757465151356], [0.0, 0.0, 1.0]], [[809.2209905677063, 0.0, 829.2196003259838], [0.0, 809.2209905677063, 481.77842384512485], [0.0, 0.0, 1.0]], [[1259.5137405846733, 0.0, 807.2529053838625], [0.0, 1259.5137405846733, 501.19579884916527], [0.0, 0.0, 1.0]]], "extrinsics": [[[0.8244377970695496, -0.565951943397522, -0.0007342530298046768, -0.812744140625], [-0.0007039345800876617, 0.00027193600544705987, -0.9999997019767761, 1.5081182718276978], [0.5659520030021667, 0.8244380950927734, -0.00017419885261915624, -1.1739501953125], [0.0, 0.0, 0.0, 1.0]], [[0.011002755723893642, -0.9999318718910217, 0.0038670601788908243, 0.005615234375], [-0.005973899737000465, -0.003932957537472248, -0.9999744296073914, 1.519618034362793], [0.9999216198921204, 0.010979339480400085, -0.006016767118126154, -1.5399169921875], [0.0, 0.0, 0.0, 1.0]], [[-0.8306365609169006, -0.5567709803581238, -0.006994740571826696, 0.93408203125], [-0.00041978026274591684, 0.013188216835260391, -0.9999129176139832, 1.5036053657531738], [0.5568147301673889, -0.8305613398551941, -0.01118833664804697, -1.18365478515625], [0.0, 0.0, 0.0, 1.0]], [[0.9477835297584534, 0.3189079761505127, 0.002011907519772649, -1.144287109375], [0.008122611790895462, -0.017832595854997635, -0.9998080134391785, 1.5885400772094727], [-0.3188108205795288, 0.9476179480552673, -0.019491806626319885, -0.10308837890625], [0.0, 0.0, 0.0, 1.0]], [[0.00092350784689188, 0.9999707937240601, -0.007583825383335352, 0.003265380859375], [-0.017183776944875717, -0.00756683899089694, -0.9998237490653992, 1.5786361694335938], [-0.9998518824577332, 0.0010536988265812397, 0.01717628724873066, -0.040283203125], [0.0, 0.0, 0.0, 1.0]], [[-0.935841977596283, 0.3522275984287262, -0.011645954102277756, 1.0570068359375], [0.015485300682485104, 0.00808459147810936, -0.999847412109375, 1.5527687072753906], [-0.3520796298980713, -0.9358795285224915, -0.013020250014960766, -0.093994140625], [0.0, 0.0, 0.0, 1.0]]], "view": [[0.0, -2.0, 100.0], [-2.0, 0.0, 100.0], [0.0, 0.0, 1.0]], "bev": "bev_edba7d0cf1c64d2a9c8a5ebddab507a9.png", "aux": "aux_edba7d0cf1c64d2a9c8a5ebddab507a9.npz", "visibility": "visibility_edba7d0cf1c64d2a9c8a5ebddab507a9.png", "pose": [[-0.5540674924850464, 0.8324717283248901, 0.0, 713.1824951171875], [-0.8324717283248901, -0.5540674924850464, 0.0, 1798.653564453125], [0.0, 0.0, 1.0, 0.0], [0.0, 0.0, 0.0, 1.0]], "pose_inverse": [[-0.5540674924850464, -0.8324717283248901, 0.0, 1892.4794921875], [0.8324717283248901, -0.5540674924850464, 0.0, 402.8712158203125], [0.0, 0.0, 1.0, 0.0], [0.0, 0.0, 0.0, 1.0]], "cam_ids": [0, 1, 2, 3, 4, 5], "cam_channels": ["CAM_FRONT_LEFT", "CAM_FRONT", "CAM_FRONT_RIGHT", "CAM_BACK_LEFT", "CAM_BACK", "CAM_BACK_RIGHT"], "token": "edba7d0cf1c64d2a9c8a5ebddab507a9", "scene": "scene-0916"}, {"images": ["samples/CAM_FRONT_LEFT/n015-2018-10-08-15-36-50+0800__CAM_FRONT_LEFT__1538984236904844.jpg", "samples/CAM_FRONT/n015-2018-10-08-15-36-50+0800__CAM_FRONT__1538984236912460.jpg", "samples/CAM_FRONT_RIGHT/n015-2018-10-08-15-36-50+0800__CAM_FRONT_RIGHT__1538984236920339.jpg", "samples/CAM_BACK_LEFT/n015-2018-10-08-15-36-50+0800__CAM_BACK_LEFT__1538984236947423.jpg", "samples/CAM_BACK/n015-2018-10-08-15-36-50+0800__CAM_BACK__1538984236937525.jpg", "samples/CAM_BACK_RIGHT/n015-2018-10-08-15-36-50+0800__CAM_BACK_RIGHT__1538984236927893.jpg"], "intrinsics": [[[1272.5979470598488, 0.0, 826.6154927353808], [0.0, 1272.5979470598488, 479.75165386361925], [0.0, 0.0, 1.0]], [[1266.417203046554, 0.0, 816.2670197447984], [0.0, 1266.417203046554, 491.50706579294757], [0.0, 0.0, 1.0]], [[1260.8474446004698, 0.0, 807.968244525554], [0.0, 1260.8474446004698, 495.3344268742088], [0.0, 0.0, 1.0]], [[1256.7414812095406, 0.0, 792.1125740759628], [0.0, 1256.7414812095406, 492.7757465151356], [0.0, 0.0, 1.0]], [[809.2209905677063, 0.0, 829.2196003259838], [0.0, 809.2209905677063, 481.77842384512485], [0.0, 0.0, 1.0]], [[1259.5137405846733, 0.0, 807.2529053838625], [0.0, 1259.5137405846733, 501.19579884916527], [0.0, 0.0, 1.0]]], "extrinsics": [[[0.8222804665565491, -0.5690668821334839, -0.004203301854431629, -0.8056640625], [-0.0042558470740914345, 0.0012366919545456767, -0.9999901652336121, 1.507422924041748], [0.5690664649009705, 0.822290301322937, -0.0014049536548554897, -1.1690673828125], [0.0, 0.0, 0.0, 1.0]], [[0.007901139557361603, -0.9999644756317139, 0.002901982981711626, 0.005859375], [-0.009708727709949017, -0.0029786494560539722, -0.9999485015869141, 1.5189971923828125], [0.9999216794967651, 0.007872586138546467, -0.009731918573379517, -1.5341796875], [0.0, 0.0, 0.0, 1.0]], [[-0.8320156335830688, -0.5547357797622681, -0.004255295731127262, 0.931640625], [-0.004285612143576145, 0.014097755774855614, -0.9998914003372192, 1.5031315088272095], [0.5547356009483337, -0.8319070935249329, -0.014106935821473598, -1.18206787109375], [0.0, 0.0, 0.0, 1.0]], [[0.9477894902229309, 0.31889134645462036, -0.0018081361195072532, -1.147216796875], [0.003780410857871175, -0.016905123367905617, -0.9998499155044556, 1.588535189628601], [-0.3188740909099579, 0.9476404190063477, -0.01722804084420204, -0.1019744873046875], [0.0, 0.0, 0.0, 1.0]], [[0.0018185439985245466, 0.9999761581420898, -0.006665724795311689, 0.00299072265625], [-0.021382926031947136, -0.006625325884670019, -0.9997494220733643, 1.5784873962402344], [-0.9997697472572327, 0.001960638677701354, 0.02137036621570587, -0.0386962890625], [0.0, 0.0, 0.0, 1.0]], [[-0.9352460503578186, 0.35391777753829956, -0.007549655623733997, 1.056640625], [0.011462480761110783, 0.008960788138210773, -0.9998941421508789, 1.5524272918701172], [-0.35381266474723816, -0.9352335929870605, -0.01243731938302517, -0.093994140625], [0.0, 0.0, 0.0, 1.0]]], "view": [[0.0, -2.0, 100.0], [-2.0, 0.0, 100.0], [0.0, 0.0, 1.0]], "bev": "bev_a5afebb0aa5e4d7c95665788ce51ec58.png", "aux": "aux_a5afebb0aa5e4d7c95665788ce51ec58.npz", "visibility": "visibility_a5afebb0aa5e4d7c95665788ce51ec58.png", "pose": [[-0.5927964448928833, 0.8053523302078247, 0.0, 711.8713989257812], [-0.8053523302078247, -0.5927964448928833, 0.0, 1796.791015625], [0.0, 0.0, 1.0, 0.0], [0.0, 0.0, 0.0, 1.0]], "pose_inverse": [[-0.5927964448928833, -0.8053523302078247, 0.0, 1869.044677734375], [0.8053523302078247, -0.5927964448928833, 0.0, 491.8240661621094], [0.0, 0.0, 1.0, 0.0], [0.0, 0.0, 0.0, 1.0]], "cam_ids": [0, 1, 2, 3, 4, 5], "cam_channels": ["CAM_FRONT_LEFT", "CAM_FRONT", "CAM_FRONT_RIGHT", "CAM_BACK_LEFT", "CAM_BACK", "CAM_BACK_RIGHT"], "token": "a5afebb0aa5e4d7c95665788ce51ec58", "scene": "scene-0916"}, {"images": ["samples/CAM_FRONT_LEFT/n015-2018-10-08-15-36-50+0800__CAM_FRONT_LEFT__1538984237404844.jpg", "samples/CAM_FRONT/n015-2018-10-08-15-36-50+0800__CAM_FRONT__1538984237412460.jpg", "samples/CAM_FRONT_RIGHT/n015-2018-10-08-15-36-50+0800__CAM_FRONT_RIGHT__1538984237420339.jpg", "samples/CAM_BACK_LEFT/n015-2018-10-08-15-36-50+0800__CAM_BACK_LEFT__1538984237447423.jpg", "samples/CAM_BACK/n015-2018-10-08-15-36-50+0800__CAM_BACK__1538984237437525.jpg", "samples/CAM_BACK_RIGHT/n015-2018-10-08-15-36-50+0800__CAM_BACK_RIGHT__1538984237427893.jpg"], "intrinsics": [[[1272.5979470598488, 0.0, 826.6154927353808], [0.0, 1272.5979470598488, 479.75165386361925], [0.0, 0.0, 1.0]], [[1266.417203046554, 0.0, 816.2670197447984], [0.0, 1266.417203046554, 491.50706579294757], [0.0, 0.0, 1.0]], [[1260.8474446004698, 0.0, 807.968244525554], [0.0, 1260.8474446004698, 495.3344268742088], [0.0, 0.0, 1.0]], [[1256.7414812095406, 0.0, 792.1125740759628], [0.0, 1256.7414812095406, 492.7757465151356], [0.0, 0.0, 1.0]], [[809.2209905677063, 0.0, 829.2196003259838], [0.0, 809.2209905677063, 481.77842384512485], [0.0, 0.0, 1.0]], [[1259.5137405846733, 0.0, 807.2529053838625], [0.0, 1259.5137405846733, 501.19579884916527], [0.0, 0.0, 1.0]]], "extrinsics": [[[0.8224921822547913, -0.5685725808143616, -0.015223297290503979, -0.7998046875], [-0.015865493565797806, 0.0038201347924768925, -0.9998668432235718, 1.5050640106201172], [0.5685549974441528, 0.822624146938324, -0.005878653842955828, -1.166259765625], [0.0, 0.0, 0.0, 1.0]], [[0.008428774774074554, -0.9999644160270691, 0.00027230611885897815, 0.00640869140625], [-0.02131887897849083, -0.0004519498907029629, -0.9997726678848267, 1.5170249938964844], [0.9997370839118958, 0.008421019650995731, -0.02132193185389042, -1.52783203125], [0.0, 0.0, 0.0, 1.0]], [[-0.8317652344703674, -0.555112898349762, 0.0040327985771000385, 0.9267578125], [-0.015906833112239838, 0.01657143235206604, -0.9997361302375793, 1.5016193389892578], [0.5548995733261108, -0.8316099047660828, -0.022613631561398506, -1.17816162109375], [0.0, 0.0, 0.0, 1.0]], [[0.9475694298744202, 0.3193165957927704, -0.012208648025989532, -1.1453857421875], [-0.00788730476051569, -0.014822770841419697, -0.9998589754104614, 1.5885810852050781], [-0.31945255398750305, 0.9475321173667908, -0.01152705866843462, -0.1026611328125], [0.0, 0.0, 0.0, 1.0]], [[0.001344607095234096, 0.9999889731407166, -0.004485223442316055, 0.0030517578125], [-0.03304176405072212, -0.004438348114490509, -0.9994441270828247, 1.5778770446777344], [-0.999453067779541, 0.0014921227702870965, 0.03303543105721474, -0.04296875], [0.0, 0.0, 0.0, 1.0]], [[-0.9354076385498047, 0.3535464107990265, 0.004178251605480909, 1.0509033203125], [-0.00019252675701864064, 0.011307966895401478, -0.999936044216156, 1.551435947418213], [-0.3535711169242859, -0.935348629951477, -0.010509492829442024, -0.095947265625], [0.0, 0.0, 0.0, 1.0]]], "view": [[0.0, -2.0, 100.0], [-2.0, 0.0, 100.0], [0.0, 0.0, 1.0]], "bev": "bev_5b7cb170eee6468aa1fdbd3abcf63c5a.png", "aux": "aux_5b7cb170eee6468aa1fdbd3abcf63c5a.npz", "visibility": "visibility_5b7cb170eee6468aa1fdbd3abcf63c5a.png", "pose": [[-0.6147686243057251, 0.7887074947357178, 0.0, 710.4368896484375], [-0.7887074947357178, -0.6147686243057251, 0.0, 1794.8997802734375], [0.0, 0.0, 1.0, 0.0], [0.0, 0.0, 0.0, 1.0]], "pose_inverse": [[-0.6147686243057251, -0.7887074947357178, 0.0, 1852.4052734375], [0.7887074947357178, -0.6147686243057251, 0.0, 543.1211547851562], [0.0, 0.0, 1.0, 0.0], [0.0, 0.0, 0.0, 1.0]], "cam_ids": [0, 1, 2, 3, 4, 5], "cam_channels": ["CAM_FRONT_LEFT", "CAM_FRONT", "CAM_FRONT_RIGHT", "CAM_BACK_LEFT", "CAM_BACK", "CAM_BACK_RIGHT"], "token": "5b7cb170eee6468aa1fdbd3abcf63c5a", "scene": "scene-0916"}, {"images": ["samples/CAM_FRONT_LEFT/n015-2018-10-08-15-36-50+0800__CAM_FRONT_LEFT__1538984237904844.jpg", "samples/CAM_FRONT/n015-2018-10-08-15-36-50+0800__CAM_FRONT__1538984237912460.jpg", "samples/CAM_FRONT_RIGHT/n015-2018-10-08-15-36-50+0800__CAM_FRONT_RIGHT__1538984237920339.jpg", "samples/CAM_BACK_LEFT/n015-2018-10-08-15-36-50+0800__CAM_BACK_LEFT__1538984237947423.jpg", "samples/CAM_BACK/n015-2018-10-08-15-36-50+0800__CAM_BACK__1538984237937525.jpg", "samples/CAM_BACK_RIGHT/n015-2018-10-08-15-36-50+0800__CAM_BACK_RIGHT__1538984237927893.jpg"], "intrinsics": [[[1272.5979470598488, 0.0, 826.6154927353808], [0.0, 1272.5979470598488, 479.75165386361925], [0.0, 0.0, 1.0]], [[1266.417203046554, 0.0, 816.2670197447984], [0.0, 1266.417203046554, 491.50706579294757], [0.0, 0.0, 1.0]], [[1260.8474446004698, 0.0, 807.968244525554], [0.0, 1260.8474446004698, 495.3344268742088], [0.0, 0.0, 1.0]], [[1256.7414812095406, 0.0, 792.1125740759628], [0.0, 1256.7414812095406, 492.7757465151356], [0.0, 0.0, 1.0]], [[809.2209905677063, 0.0, 829.2196003259838], [0.0, 809.2209905677063, 481.77842384512485], [0.0, 0.0, 1.0]], [[1259.5137405846733, 0.0, 807.2529053838625], [0.0, 1259.5137405846733, 501.19579884916527], [0.0, 0.0, 1.0]]], "extrinsics": [[[0.8218511939048767, -0.5692938566207886, -0.021568236872553825, -0.8052978515625], [-0.023667804896831512, 0.003707457799464464, -0.9997130036354065, 1.5036544799804688], [0.569210410118103, 0.8221257925033569, -0.010426955297589302, -1.169921875], [0.0, 0.0, 0.0, 1.0]], [[0.007615796290338039, -0.9999709725379944, -8.484048157697544e-05, 0.00640869140625], [-0.028845973312854767, -0.0001348831137875095, -0.999583899974823, 1.5159530639648438], [0.9995549321174622, 0.0076150610111653805, -0.02884616144001484, -1.5335693359375], [0.0, 0.0, 0.0, 1.0]], [[-0.832135021686554, -0.5544891357421875, 0.009647742845118046, 0.9306640625], [-0.023132814094424248, 0.017323894426226616, -0.9995822906494141, 1.5008068084716797], [0.5540904402732849, -0.8320105671882629, -0.027242712676525116, -1.18072509765625], [0.0, 0.0, 0.0, 1.0]], [[0.9476546049118042, 0.31883618235588074, -0.017151111736893654, -1.1431884765625], [-0.013894128613173962, -0.012486926279962063, -0.9998254776000977, 1.588571548461914], [-0.31899476051330566, 0.9477275609970093, -0.007403342518955469, -0.103302001953125], [0.0, 0.0, 0.0, 1.0]], [[0.00194232736248523, 0.9999942183494568, -0.002807654906064272, 0.0028076171875], [-0.03952914848923683, -0.00272868643514812, -0.9992147088050842, 1.57763671875], [-0.9992165565490723, 0.002051868475973606, 0.039523616433143616, -0.0419921875], [0.0, 0.0, 0.0, 1.0]], [[-0.9351073503494263, 0.3541920781135559, 0.011058074422180653, 1.05419921875], [-0.007119276095181704, 0.012421665713191032, -0.9998975396156311, 1.55082368850708], [-0.3542931377887726, -0.9350902438163757, -0.009094000793993473, -0.094482421875], [0.0, 0.0, 0.0, 1.0]]], "view": [[0.0, -2.0, 100.0], [-2.0, 0.0, 100.0], [0.0, 0.0, 1.0]], "bev": "bev_d8251bbc2105497ab8ec80827d4429aa.png", "aux": "aux_d8251bbc2105497ab8ec80827d4429aa.npz", "visibility": "visibility_d8251bbc2105497ab8ec80827d4429aa.png", "pose": [[-0.6349799633026123, 0.7725286483764648, 0.0, 708.9654541015625], [-0.7725286483764648, -0.6349799633026123, 0.0, 1793.0684814453125], [0.0, 0.0, 1.0, 0.0], [0.0, 0.0, 0.0, 1.0]], "pose_inverse": [[-0.6349799633026123, -0.7725286483764648, 0.0, 1835.3756103515625], [0.7725286483764648, -0.6349799633026123, 0.0, 590.8663940429688], [0.0, 0.0, 1.0, 0.0], [0.0, 0.0, 0.0, 1.0]], "cam_ids": [0, 1, 2, 3, 4, 5], "cam_channels": ["CAM_FRONT_LEFT", "CAM_FRONT", "CAM_FRONT_RIGHT", "CAM_BACK_LEFT", "CAM_BACK", "CAM_BACK_RIGHT"], "token": "d8251bbc2105497ab8ec80827d4429aa", "scene": "scene-0916"}, {"images": ["samples/CAM_FRONT_LEFT/n015-2018-10-08-15-36-50+0800__CAM_FRONT_LEFT__1538984238404844.jpg", "samples/CAM_FRONT/n015-2018-10-08-15-36-50+0800__CAM_FRONT__1538984238412460.jpg", "samples/CAM_FRONT_RIGHT/n015-2018-10-08-15-36-50+0800__CAM_FRONT_RIGHT__1538984238420358.jpg", "samples/CAM_BACK_LEFT/n015-2018-10-08-15-36-50+0800__CAM_BACK_LEFT__1538984238447423.jpg", "samples/CAM_BACK/n015-2018-10-08-15-36-50+0800__CAM_BACK__1538984238437525.jpg", "samples/CAM_BACK_RIGHT/n015-2018-10-08-15-36-50+0800__CAM_BACK_RIGHT__1538984238427893.jpg"], "intrinsics": [[[1272.5979470598488, 0.0, 826.6154927353808], [0.0, 1272.5979470598488, 479.75165386361925], [0.0, 0.0, 1.0]], [[1266.417203046554, 0.0, 816.2670197447984], [0.0, 1266.417203046554, 491.50706579294757], [0.0, 0.0, 1.0]], [[1260.8474446004698, 0.0, 807.968244525554], [0.0, 1260.8474446004698, 495.3344268742088], [0.0, 0.0, 1.0]], [[1256.7414812095406, 0.0, 792.1125740759628], [0.0, 1256.7414812095406, 492.7757465151356], [0.0, 0.0, 1.0]], [[809.2209905677063, 0.0, 829.2196003259838], [0.0, 809.2209905677063, 481.77842384512485], [0.0, 0.0, 1.0]], [[1259.5137405846733, 0.0, 807.2529053838625], [0.0, 1259.5137405846733, 501.19579884916527], [0.0, 0.0, 1.0]]], "extrinsics": [[[0.8222504258155823, -0.5686156153678894, -0.024094602093100548, -0.80126953125], [-0.022947102785110474, 0.009178394451737404, -0.9996945261955261, 1.5036888122558594], [0.5686630010604858, 0.8225521445274353, -0.005501140374690294, -1.167724609375], [0.0, 0.0, 0.0, 1.0]], [[0.008199078030884266, -0.999951958656311, -0.0053521436639130116, 0.0067138671875], [-0.028282610699534416, 0.00511828763410449, -0.9995868802070618, 1.5159187316894531], [0.9995663166046143, 0.008347122929990292, -0.028239289298653603, -1.5294189453125], [0.0, 0.0, 0.0, 1.0]], [[-0.8318668603897095, -0.5549370050430298, 0.006515393499284983, 0.927490234375], [-0.022743752226233482, 0.022358741611242294, -0.999491274356842, 1.500762939453125], [0.5545090436935425, -0.831591784954071, -0.031220847740769386, -1.17828369140625], [0.0, 0.0, 0.0, 1.0]], [[0.9476594924926758, 0.3188883364200592, -0.015864552929997444, -1.1414794921875], [-0.01416096929460764, -0.007660111412405968, -0.9998703598976135, 1.5885486602783203], [-0.3189684748649597, 0.9477612972259521, -0.0027434099465608597, -0.10405731201171875], [0.0, 0.0, 0.0, 1.0]], [[0.0017446076963096857, 0.9999964237213135, 0.0020486044231802225, 0.00274658203125], [-0.03952