[{"images": ["samples/CAM_FRONT_LEFT/n015-2018-08-03-15-31-50+0800__CAM_FRONT_LEFT__1533281603154844.jpg", "samples/CAM_FRONT/n015-2018-08-03-15-31-50+0800__CAM_FRONT__1533281603162460.jpg", "samples/CAM_FRONT_RIGHT/n015-2018-08-03-15-31-50+0800__CAM_FRONT_RIGHT__1533281603170339.jpg", "samples/CAM_BACK_LEFT/n015-2018-08-03-15-31-50+0800__CAM_BACK_LEFT__1533281603197423.jpg", "samples/CAM_BACK/n015-2018-08-03-15-31-50+0800__CAM_BACK__1533281603187525.jpg", "samples/CAM_BACK_RIGHT/n015-2018-08-03-15-31-50+0800__CAM_BACK_RIGHT__1533281603177893.jpg"], "intrinsics": [[[1272.5979470598488, 0.0, 826.6154927353808], [0.0, 1272.5979470598488, 479.75165386361925], [0.0, 0.0, 1.0]], [[1266.417203046554, 0.0, 816.2670197447984], [0.0, 1266.417203046554, 491.50706579294757], [0.0, 0.0, 1.0]], [[1260.8474446004698, 0.0, 807.968244525554], [0.0, 1260.8474446004698, 495.3344268742088], [0.0, 0.0, 1.0]], [[1256.7414812095406, 0.0, 792.1125740759628], [0.0, 1256.7414812095406, 492.7757465151356], [0.0, 0.0, 1.0]], [[809.2209905677063, 0.0, 829.2196003259838], [0.0, 809.2209905677063, 481.77842384512485], [0.0, 0.0, 1.0]], [[1259.5137405846733, 0.0, 807.2529053838625], [0.0, 1259.5137405846733, 501.19579884916527], [0.0, 0.0, 1.0]]], "extrinsics": [[[0.820622980594635, -0.5714579224586487, 0.003708016127347946, -0.77716064453125], [-0.012927457690238953, -0.02505015954375267, -0.9996026158332825, 1.5051689147949219], [0.5713236331939697, 0.8202489614486694, -0.027944235131144524, -1.145263671875], [0.0, 0.0, 0.0, 1.0]], [[0.005572558846324682, -0.9995623826980591, 0.029051978141069412, 0.002960205078125], [-0.018156107515096664, -0.029148774221539497, -0.9994102120399475, 1.5169715881347656], [0.9998195767402649, 0.005041719414293766, -0.01831059344112873, -1.5013427734375], [0.0, 0.0, 0.0, 1.0]], [[-0.8330214619636536, -0.552979052066803, 0.01700490154325962, 0.9061279296875], [-0.012453253380954266, -0.011986942030489445, -0.9998505711555481, 1.5017471313476562], [0.5531002879142761, -0.8331088423728943, 0.0030989940278232098, -1.1678466796875], [0.0, 0.0, 0.0, 1.0]], [[0.9476283192634583, 0.3189311623573303, -0.01683565229177475, -1.132568359375], [-0.0034350333735346794, -0.042533256113529205, -0.9990891218185425, 1.5885143280029297], [-0.3193567395210266, 0.9468229413032532, -0.039210181683301926, -0.10684967041015625], [0.0, 0.0, 0.0, 1.0]], [[0.0021946586202830076, 0.9994696378707886, -0.0324905700981617, 0.00390625], [-0.029004255309700966, -0.03241335600614548, -0.9990535974502563, 1.5775566101074219], [-0.9995768070220947, 0.003134981030598283, 0.028917737305164337, -0.0589599609375], [0.0, 0.0, 0.0, 1.0]], [[-0.9348494410514832, 0.3549220860004425, -0.00932010542601347, 1.033447265625], [0.0035006320104002953, -0.01703510247170925, -0.9998487830162048, 1.5518053770065308], [-0.3550272285938263, -0.9347407221794128, 0.014682804234325886, -0.1046142578125], [0.0, 0.0, 0.0, 1.0]]], "view": [[0.0, -2.0, 100.0], [-2.0, 0.0, 100.0], [0.0, 0.0, 1.0]], "bev": "bev_760434c39fed4caa9cf337641ab8b701.png", "aux": "aux_760434c39fed4caa9cf337641ab8b701.npz", "visibility": "visibility_760434c39fed4caa9cf337641ab8b701.png", "pose": [[-0.689357578754425, 0.7244212031364441, 0.0, 761.8777465820312], [-0.7244212031364441, -0.689357578754425, 0.0, 1338.4796142578125], [0.0, 0.0, 1.0, 0.0], [0.0, 0.0, 0.0, 1.0]], "pose_inverse": [[-0.689357578754425, -0.7244212031364441, 0.0, 1494.8292236328125], [0.7244212031364441, -0.689357578754425, 0.0, 370.7706604003906], [0.0, 0.0, 1.0, 0.0], [0.0, 0.0, 0.0, 1.0]], "cam_ids": [0, 1, 2, 3, 4, 5], "cam_channels": ["CAM_FRONT_LEFT", "CAM_FRONT", "CAM_FRONT_RIGHT", "CAM_BACK_LEFT", "CAM_BACK", "CAM_BACK_RIGHT"], "token": "760434c39fed4caa9cf337641ab8b701", "scene": "scene-0384"}, {"images": ["samples/CAM_FRONT_LEFT/n015-2018-08-03-15-31-50+0800__CAM_FRONT_LEFT__1533281603654844.jpg", "samples/CAM_FRONT/n015-2018-08-03-15-31-50+0800__CAM_FRONT__1533281603662460.jpg", "samples/CAM_FRONT_RIGHT/n015-2018-08-03-15-31-50+0800__CAM_FRONT_RIGHT__1533281603670339.jpg", "samples/CAM_BACK_LEFT/n015-2018-08-03-15-31-50+0800__CAM_BACK_LEFT__1533281603697423.jpg", "samples/CAM_BACK/n015-2018-08-03-15-31-50+0800__CAM_BACK__1533281603688009.jpg", "samples/CAM_BACK_RIGHT/n015-2018-08-03-15-31-50+0800__CAM_BACK_RIGHT__1533281603677893.jpg"], "intrinsics": [[[1272.5979470598488, 0.0, 826.6154927353808], [0.0, 1272.5979470598488, 479.75165386361925], [0.0, 0.0, 1.0]], [[1266.417203046554, 0.0, 816.2670197447984], [0.0, 1266.417203046554, 491.50706579294757], [0.0, 0.0, 1.0]], [[1260.8474446004698, 0.0, 807.968244525554], [0.0, 1260.8474446004698, 495.3344268742088], [0.0, 0.0, 1.0]], [[1256.7414812095406, 0.0, 792.1125740759628], [0.0, 1256.7414812095406, 492.7757465151356], [0.0, 0.0, 1.0]], [[809.2209905677063, 0.0, 829.2196003259838], [0.0, 809.2209905677063, 481.77842384512485], [0.0, 0.0, 1.0]], [[1259.5137405846733, 0.0, 807.2529053838625], [0.0, 1259.5137405846733, 501.19579884916527], [0.0, 0.0, 1.0]]], "extrinsics": [[[0.8206486701965332, -0.571408748626709, 0.005272936075925827, -0.789306640625], [-0.011509109288454056, -0.02575349621474743, -0.9996020793914795, 1.505697250366211], [0.5713170766830444, 0.8202614188194275, -0.02771097607910633, -1.1546630859375], [0.0, 0.0, 0.0, 1.0]], [[0.005705902818590403, -0.9995434880256653, 0.029666563495993614, 0.00396728515625], [-0.01680929586291313, -0.029758727177977562, -0.9994158148765564, 1.5174674987792969], [0.9998424053192139, 0.0052039241418242455, -0.016971422359347343, -1.5137939453125], [0.0, 0.0, 0.0, 1.0]], [[-0.832931637763977, -0.553138017654419, 0.01622234657406807, 0.914794921875], [-0.011174248531460762, -0.012497208081185818, -0.9998594522476196, 1.5020599365234375], [0.5532630681991577, -0.8329958915710449, 0.004228418227285147, -1.17266845703125], [0.0, 0.0, 0.0, 1.0]], [[0.9476608037948608, 0.31888139247894287, -0.01592535525560379, -1.134765625], [-0.002476013032719493, -0.042537666857242584, -0.9990918040275574, 1.5885391235351562], [-0.31926918029785156, 0.9468395709991455, -0.039521723985672, -0.1063079833984375], [0.0, 0.0, 0.0, 1.0]], [[0.0021468764171004295, 0.9994623064994812, -0.03271860256791115, 0.003631591796875], [-0.02789154089987278, -0.03264610096812248, -0.9990777373313904, 1.5778274536132812], [-0.9996086359024048, 0.003057373920455575, 0.02780645526945591, -0.0523681640625], [0.0, 0.0, 0.0, 1.0]], [[-0.9348918199539185, 0.35477423667907715, -0.010612051002681255, 1.0399169921875], [0.004730905406177044, -0.01744048483669758, -0.9998367428779602, 1.551918864250183], [-0.35490134358406067, -0.9347893595695496, 0.014626562595367432, -0.1015625], [0.0, 0.0, 0.0, 1.0]]], "view": [[0.0, -2.0, 100.0], [-2.0, 0.0, 100.0], [0.0, 0.0, 1.0]], "bev": "bev_00cb17f068ec4450af6e661b67449836.png", "aux": "aux_00cb17f068ec4450af6e661b67449836.npz", "visibility": "visibility_00cb17f068ec4450af6e661b67449836.png", "pose": [[-0.6879444718360901, 0.7257633209228516, 0.0, 760.1371459960938], [-0.7257633209228516, -0.6879444718360901, 0.0, 1336.6077880859375], [0.0, 0.0, 1.0, 0.0], [0.0, 0.0, 0.0, 1.0]], "pose_inverse": [[-0.6879444718360901, -0.7257633209228516, 0.0, 1492.9930419921875], [0.7257633209228516, -0.6879444718360901, 0.0, 367.8323059082031], [0.0, 0.0, 1.0, 0.0], [0.0, 0.0, 0.0, 1.0]], "cam_ids": [0, 1, 2, 3, 4, 5], "cam_channels": ["CAM_FRONT_LEFT", "CAM_FRONT", "CAM_FRONT_RIGHT", "CAM_BACK_LEFT", "CAM_BACK", "CAM_BACK_RIGHT"], "token": "00cb17f068ec4450af6e661b67449836", "scene": "scene-0384"}, {"images": ["samples/CAM_FRONT_LEFT/n015-2018-08-03-15-31-50+0800__CAM_FRONT_LEFT__1533281604154844.jpg", "samples/CAM_FRONT/n015-2018-08-03-15-31-50+0800__CAM_FRONT__1533281604162460.jpg", "samples/CAM_FRONT_RIGHT/n015-2018-08-03-15-31-50+0800__CAM_FRONT_RIGHT__1533281604170339.jpg", "samples/CAM_BACK_LEFT/n015-2018-08-03-15-31-50+0800__CAM_BACK_LEFT__1533281604197423.jpg", "samples/CAM_BACK/n015-2018-08-03-15-31-50+0800__CAM_BACK__1533281604187525.jpg", "samples/CAM_BACK_RIGHT/n015-2018-08-03-15-31-50+0800__CAM_BACK_RIGHT__1533281604177893.jpg"], "intrinsics": [[[1272.5979470598488, 0.0, 826.6154927353808], [0.0, 1272.5979470598488, 479.75165386361925], [0.0, 0.0, 1.0]], [[1266.417203046554, 0.0, 816.2670197447984], [0.0, 1266.417203046554, 491.50706579294757], [0.0, 0.0, 1.0]], [[1260.8474446004698, 0.0, 807.968244525554], [0.0, 1260.8474446004698, 495.3344268742088], [0.0, 0.0, 1.0]], [[1256.7414812095406, 0.0, 792.1125740759628], [0.0, 1256.7414812095406, 492.7757465151356], [0.0, 0.0, 1.0]], [[809.2209905677063, 0.0, 829.2196003259838], [0.0, 809.2209905677063, 481.77842384512485], [0.0, 0.0, 1.0]], [[1259.5137405846733, 0.0, 807.2529053838625], [0.0, 1259.5137405846733, 501.19579884916527], [0.0, 0.0, 1.0]]], "extrinsics": [[[0.8209649324417114, -0.5709243416786194, 0.007865624502301216, -0.79791259765625], [-0.00853881984949112, -0.026050280779600143, -0.9996241927146912, 1.5064773559570312], [0.5709145665168762, 0.8205893039703369, -0.02626138925552368, -1.1627197265625], [0.0, 0.0, 0.0, 1.0]], [[0.006092970259487629, -0.9995341897010803, 0.02990390919148922, 0.005279541015625], [-0.013693165965378284, -0.029985057190060616, -0.9994565844535828, 1.5181827545166016], [0.9998876452445984, 0.005680206697434187, -0.013869485817849636, -1.522705078125], [0.0, 0.0, 0.0, 1.0]], [[-0.8327708840370178, -0.5534502863883972, 0.013614230789244175, 0.9208984375], [-0.007935518398880959, -0.012655594386160374, -0.9998884201049805, 1.5025758743286133], [0.5535607933998108, -0.832785964012146, 0.00614729942753911, -1.17529296875], [0.0, 0.0, 0.0, 1.0]], [[0.9476330280303955, 0.31911537051200867, -0.012527193874120712, -1.13427734375], [0.0011595573741942644, -0.042663611471652985, -0.9990888237953186, 1.5885772705078125], [-0.31935909390449524, 0.946755051612854, -0.04079948365688324, -0.1065826416015625], [0.0, 0.0, 0.0, 1.0]], [[0.002066130982711911, 0.9994584918022156, -0.03284033387899399, 0.00311279296875], [-0.02440626546740532, -0.03278021886944771, -0.9991645812988281, 1.5780105590820312], [-0.9996998906135559, 0.0028658665250986814, 0.02432532049715519, -0.0533447265625], [0.0, 0.0, 0.0, 1.0]], [[-0.9349531531333923, 0.3545033633708954, -0.01377679780125618, 1.043701171875], [0.008077496662735939, -0.01755172200500965, -0.9998133182525635, 1.5522441864013672], [-0.3546789884567261, -0.9348900318145752, 0.013546536676585674, -0.0992431640625], [0.0, 0.0, 0.0, 1.0]]], "view": [[0.0, -2.0, 100.0], [-2.0, 0.0, 100.0], [0.0, 0.0, 1.0]], "bev": "bev_2e3ac058c51c46aca6006ce869753fad.png", "aux": "aux_2e3ac058c51c46aca6006ce869753fad.npz", "visibility": "visibility_2e3ac058c51c46aca6006ce869753fad.png", "pose": [[-0.6863343715667725, 0.7272861003875732, 0.0, 758.5076293945312], [-0.7272861003875732, -0.6863343715667725, 0.0, 1334.844482421875], [0.0, 0.0, 1.0, 0.0], [0.0, 0.0, 0.0, 1.0]], "pose_inverse": [[-0.6863343715667725, -0.7272861003875732, 0.0, 1491.4036865234375], [0.7272861003875732, -0.6863343715667725, 0.0, 364.49761962890625], [0.0, 0.0, 1.0, 0.0], [0.0, 0.0, 0.0, 1.0]], "cam_ids": [0, 1, 2, 3, 4, 5], "cam_channels": ["CAM_FRONT_LEFT", "CAM_FRONT", "CAM_FRONT_RIGHT", "CAM_BACK_LEFT", "CAM_BACK", "CAM_BACK_RIGHT"], "token": "2e3ac058c51c46aca6006ce869753fad", "scene": "scene-0384"}, {"images": ["samples/CAM_FRONT_LEFT/n015-2018-08-03-15-31-50+0800__CAM_FRONT_LEFT__1533281604654844.jpg", "samples/CAM_FRONT/n015-2018-08-03-15-31-50+0800__CAM_FRONT__1533281604662460.jpg", "samples/CAM_FRONT_RIGHT/n015-2018-08-03-15-31-50+0800__CAM_FRONT_RIGHT__1533281604670339.jpg", "samples/CAM_BACK_LEFT/n015-2018-08-03-15-31-50+0800__CAM_BACK_LEFT__1533281604697423.jpg", "samples/CAM_BACK/n015-2018-08-03-15-31-50+0800__CAM_BACK__1533281604687525.jpg", "samples/CAM_BACK_RIGHT/n015-2018-08-03-15-31-50+0800__CAM_BACK_RIGHT__1533281604677893.jpg"], "intrinsics": [[[1272.5979470598488, 0.0, 826.6154927353808], [0.0, 1272.5979470598488, 479.75165386361925], [0.0, 0.0, 1.0]], [[1266.417203046554, 0.0, 816.2670197447984], [0.0, 1266.417203046554, 491.50706579294757], [0.0, 0.0, 1.0]], [[1260.8474446004698, 0.0, 807.968244525554], [0.0, 1260.8474446004698, 495.3344268742088], [0.0, 0.0, 1.0]], [[1256.7414812095406, 0.0, 792.1125740759628], [0.0, 1256.7414812095406, 492.7757465151356], [0.0, 0.0, 1.0]], [[809.2209905677063, 0.0, 829.2196003259838], [0.0, 809.2209905677063, 481.77842384512485], [0.0, 0.0, 1.0]], [[1259.5137405846733, 0.0, 807.2529053838625], [0.0, 1259.5137405846733, 501.19579884916527], [0.0, 0.0, 1.0]]], "extrinsics": [[[0.820769727230072, -0.5711669921875, 0.010251509957015514, -0.81097412109375], [-0.0069145639427006245, -0.027877217158675194, -0.9995874166488647, 1.5069236755371094], [0.5712171196937561, 0.8203603625297546, -0.026830151677131653, -1.1724853515625], [0.0, 0.0, 0.0, 1.0]], [[0.005815277807414532, -0.9994722604751587, 0.031958140432834625, 0.00531005859375], [-0.012278951704502106, -0.03202764317393303, -0.9994115829467773, 1.5185966491699219], [0.9999075531959534, 0.0054193949326872826, -0.012458722107112408, -1.5364990234375], [0.0, 0.0, 0.0, 1.0]], [[-0.8328750729560852, -0.5532877445220947, 0.013851526193320751, 0.929931640625], [-0.0067374324426054955, -0.014889605343341827, -0.9998664259910583, 1.5028095245361328], [0.5534200668334961, -0.8328571319580078, 0.008673443458974361, -1.1812744140625], [0.0, 0.0, 0.0, 1.0]], [[0.9476282000541687, 0.3191133439540863, -0.01294084545224905, -1.135009765625], [0.0015959073789417744, -0.0452500618994236, -0.9989744424819946, 1.5885753631591797], [-0.31937164068222046, 0.9466357231140137, -0.043389517813920975, -0.1063385009765625], [0.0, 0.0, 0.0, 1.0]], [[0.0021051529329270124, 0.9993728399276733, -0.035350263118743896, 0.0030517578125], [-0.02368905581533909, -0.03529058396816254, -0.9990962743759155, 1.5781669616699219], [-0.999717116355896, 0.002940660109743476, 0.023599904030561447, -0.0482177734375], [0.0, 0.0, 0.0, 1.0]], [[-0.9349055886268616, 0.35455602407455444, -0.015541388653218746, 1.051513671875], [0.009057238698005676, -0.01994043029844761, -0.9997601509094238, 1.5522642135620117], [-0.3547808825969696, -0.934822142124176, 0.015431120060384274, -0.09619140625], [0.0, 0.0, 0.0, 1.0]]], "view": [[0.0, -2.0, 100.0], [-2.0, 0.0, 100.0], [0.0, 0.0, 1.0]], "bev": "bev_be11aae557e94a8ab0b2e64406bdc797.png", "aux": "aux_be11aae557e94a8ab0b2e64406bdc797.npz", "visibility": "visibility_be11aae557e94a8ab0b2e64406bdc797.png", "pose": [[-0.6838390231132507, 0.7296329140663147, 0.0, 757.004638671875], [-0.7296329140663147, -0.6838390231132507, 0.0, 1333.2420654296875], [0.0, 0.0, 1.0, 0.0], [0.0, 0.0, 0.0, 1.0]], "pose_inverse": [[-0.6838390231132507, -0.7296329140663147, 0.0, 1490.4466552734375], [0.7296329140663147, -0.6838390231132507, 0.0, 359.38751220703125], [0.0, 0.0, 1.0, 0.0], [0.0, 0.0, 0.0, 1.0]], "cam_ids": [0, 1, 2, 3, 4, 5], "cam_channels": ["CAM_FRONT_LEFT", "CAM_FRONT", "CAM_FRONT_RIGHT", "CAM_BACK_LEFT", "CAM_BACK", "CAM_BACK_RIGHT"], "token": "be11aae557e94a8ab0b2e64406bdc797", "scene": "scene-0384"}, {"images": ["samples/CAM_FRONT_LEFT/n015-2018-08-03-15-31-50+0800__CAM_FRONT_LEFT__1533281605154844.jpg", "samples/CAM_FRONT/n015-2018-08-03-15-31-50+0800__CAM_FRONT__1533281605162465.jpg", "samples/CAM_FRONT_RIGHT/n015-2018-08-03-15-31-50+0800__CAM_FRONT_RIGHT__1533281605170339.jpg", "samples/CAM_BACK_LEFT/n015-2018-08-03-15-31-50+0800__CAM_BACK_LEFT__1533281605197423.jpg", "samples/CAM_BACK/n015-2018-08-03-15-31-50+0800__CAM_BACK__1533281605187525.jpg", "samples/CAM_BACK_RIGHT/n015-2018-08-03-15-31-50+0800__CAM_BACK_RIGHT__1533281605178082.jpg"], "intrinsics": [[[1272.5979470598488, 0.0, 826.6154927353808], [0.0, 1272.5979470598488, 479.75165386361925], [0.0, 0.0, 1.0]], [[1266.417203046554, 0.0, 816.2670197447984], [0.0, 1266.417203046554, 491.50706579294757], [0.0, 0.0, 1.0]], [[1260.8474446004698, 0.0, 807.968244525554], [0.0, 1260.8474446004698, 495.3344268742088], [0.0, 0.0, 1.0]], [[1256.7414812095406, 0.0, 792.1125740759628], [0.0, 1256.7414812095406, 492.7757465151356], [0.0, 0.0, 1.0]], [[809.2209905677063, 0.0, 829.2196003259838], [0.0, 809.2209905677063, 481.77842384512485], [0.0, 0.0, 1.0]], [[1259.5137405846733, 0.0, 807.2529053838625], [0.0, 1259.5137405846733, 501.19579884916527], [0.0, 0.0, 1.0]]], "extrinsics": [[[0.8205975890159607, -0.5714671611785889, 0.0067136818543076515, -0.81719970703125], [-0.010553531348705292, -0.026897573843598366, -0.9995824694633484, 1.5063419342041016], [0.5714090466499329, 0.820184051990509, -0.02810307778418064, -1.177001953125], [0.0, 0.0, 0.0, 1.0]], [[0.0055672479793429375, -0.9995055198669434, 0.030945010483264923, 0.005828857421875], [-0.015924854204058647, -0.031030183658003807, -0.9993916153907776, 1.5181617736816406], [0.9998576045036316, 0.005070999730378389, -0.016089729964733124, -1.542724609375], [0.0, 0.0, 0.0, 1.0]], [[-0.8330011367797852, -0.5530301332473755, 0.016334760934114456, 0.9346923828125], [-0.010372895747423172, -0.013908226042985916, -0.9998494386672974, 1.5024280548095703], [0.5531741380691528, -0.8330451846122742, 0.0058490438386797905, -1.1837158203125], [0.0, 0.0, 0.0, 1.0]], [[0.9476310610771179, 0.31896254420280457, -0.01607646234333515, -1.1348876953125], [-0.0019545392133295536, -0.044545333832502365, -0.9990054368972778, 1.588541030883789], [-0.3193613588809967, 0.9467198848724365, -0.04158911108970642, -0.1061859130859375], [0.0, 0.0, 0.0, 1.0]], [[0.0021691671572625637, 0.9994016885757446, -0.03451972082257271, 0.002899169921875], [-0.027278298512101173, -0.03444782271981239, -0.9990341663360596, 1.5780525207519531], [-0.9996255040168762, 0.0031087310053408146, 0.027187254279851913, -0.0460205078125], [0.0, 0.0, 0.0, 1.0]], [[-0.9348629117012024, 0.35481181740760803, -0.011825427412986755, 1.0555419921875], [0.005432779900729656, -0.019007859751582146, -0.9998045563697815, 1.5519179105758667], [-0.35496723651885986, -0.9347445368766785, 0.015842130407691002, -0.09417724609375], [0.0, 0.0, 0.0, 1.0]]], "view": [[0.0, -2.0, 100.0], [-2.0, 0.0, 100.0], [0.0, 0.0, 1.0]], "bev": "bev_4530f1e83121446d85fa8f19e6d21870.png", "aux": "aux_4530f1e83121446d85fa8f19e6d21870.npz", "visibility": "visibility_4530f1e83121446d85fa8f19e6d21870.png", "pose": [[-0.6811156868934631, 0.7321758270263672, 0.0, 755.5985107421875], [-0.7321758270263672, -0.6811156868934631, 0.0, 1331.726806640625], [0.0, 0.0, 1.0, 0.0], [0.0, 0.0, 0.0, 1.0]], "pose_inverse": [[-0.6811156868934631, -0.7321758270263672, 0.0, 1489.7081298828125], [0.7321758270263672, -0.6811156868934631, 0.0, 353.8290710449219], [0.0, 0.0, 1.0, 0.0], [0.0, 0.0, 0.0, 1.0]], "cam_ids": [0, 1, 2, 3, 4, 5], "cam_channels": ["CAM_FRONT_LEFT", "CAM_FRONT", "CAM_FRONT_RIGHT", "CAM_BACK_LEFT", "CAM_BACK", "CAM_BACK_RIGHT"], "token": "4530f1e83121446d85fa8f19e6d21870", "scene": "scene-0384"}, {"images": ["samples/CAM_FRONT_LEFT/n015-2018-08-03-15-31-50+0800__CAM_FRONT_LEFT__1533281605654844.jpg", "samples/CAM_FRONT/n015-2018-08-03-15-31-50+0800__CAM_FRONT__1533281605662460.jpg", "samples/CAM_FRONT_RIGHT/n015-2018-08-03-15-31-50+0800__CAM_FRONT_RIGHT__1533281605670339.jpg", "samples/CAM_BACK_LEFT/n015-2018-08-03-15-31-50+0800__CAM_BACK_LEFT__1533281605697423.jpg", "samples/CAM_BACK/n015-2018-08-03-15-31-50+0800__CAM_BACK__1533281605687525.jpg", "samples/CAM_BACK_RIGHT/n015-2018-08-03-15-31-50+0800__CAM_BACK_RIGHT__1533281605677893.jpg"], "intrinsics": [[[1272.5979470598488, 0.0, 826.6154927353808], [0.0, 1272.5979470598488, 479.75165386361925], [0.0, 0.0, 1.0]], [[1266.417203046554, 0.0, 816.2670197447984], [0.0, 1266.417203046554, 491.50706579294757], [0.0, 0.0, 1.0]], [[1260.8474446004698, 0.0, 807.968244525554], [0.0, 1260.8474446004698, 495.3344268742088], [0.0, 0.0, 1.0]], [[1256.7414812095406, 0.0, 792.1125740759628], [0.0, 1256.7414812095406, 492.7757465151356], [0.0, 0.0, 1.0]], [[809.2209905677063, 0.0, 829.2196003259838], [0.0, 809.2209905677063, 481.77842384512485], [0.0, 0.0, 1.0]], [[1259.5137405846733, 0.0, 807.2529053838625], [0.0, 1259.5137405846733, 501.19579884916527], [0.0, 0.0, 1.0]]], "extrinsics": [[[0.821005642414093, -0.5708942413330078, 0.0054309372790157795, -0.8258056640625], [-0.010482976213097572, -0.02458525449037552, -0.9996427297592163, 1.5065059661865234], [0.5708237290382385, 0.8206554055213928, -0.026169301941990852, -1.184814453125], [0.0, 0.0, 0.0, 1.0]], [[0.00619486765936017, -0.9995745420455933, 0.02850186824798584, 0.006805419921875], [-0.01576361432671547, -0.02859649248421192, -0.9994667768478394, 1.518350601196289], [0.9998565316200256, 0.005742297973483801, -0.015934057533740997, -1.5523681640625], [0.0, 0.0, 0.0, 1.0]], [[-0.8327235579490662, -0.5534936189651489, 0.014706878922879696, 0.9407958984375], [-0.010125232860445976, -0.011334659531712532, -0.9998844861984253, 1.5025386810302734], [0.5535964369773865, -0.8327763676643372, 0.003834387520328164, -1.18707275390625], [0.0, 0.0, 0.0, 1.0]], [[0.9475846290588379, 0.31917065382003784, -0.014610201120376587, -1.1331787109375], [-0.0013860223116353154, -0.04162085801362991, -0.999132513999939, 1.5885686874389648], [-0.3195018470287323, 0.9467828869819641, -0.03899691253900528, -0.107391357421875], [0.0, 0.0, 0.0, 1.0]], [[0.0019816169515252113, 0.9994965195655823, -0.03166782110929489, 0.002593994140625], [-0.02681855857372284, -0.0316033735871315, -0.9991406798362732, 1.5781288146972656], [-0.9996383190155029, 0.002829191507771611, 0.02674243040382862, -0.044189453125], [0.0, 0.0, 0.0, 1.0]], [[-0.9349870681762695, 0.3545055389404297, -0.011183802969753742, 1.0594482421875], [0.005782433319836855, -0.016292080283164978, -0.9998505711555481, 1.551931381225586], [-0.35463476181030273, -0.9349119663238525, 0.013182979077100754, -0.09234619140625], [0.0, 0.0, 0.0, 1.0]]], "view": [[0.0, -2.0, 100.0], [-2.0, 0.0, 100.0], [0.0, 0.0, 1.0]], "bev": "bev_ceea95b1bc5444c9a258f02eb1ab6986.png", "aux": "aux_ceea95b1bc5444c9a258f02eb1ab6986.npz", "visibility": "visibility_ceea95b1bc5444c9a258f02eb1ab6986.png", "pose": [[-0.6788510680198669, 0.7342759966850281, 0.0, 754.2918090820312], [-0.7342759966850281, -0.6788510680198669, 0.0, 1330.3271484375], [0.0, 0.0, 1.0, 0.0], [0.0, 0.0, 0.0, 1.0]], "pose_inverse": [[-0.6788510680198669, -0.7342759966850281, 0.0, 1488.8790283203125], [0.7342759966850281, -0.6788510680198669, 0.0, 349.2356262207031], [0.0, 0.0, 1.0, 0.0], [0.0, 0.0, 0.0, 1.0]], "cam_ids": [0, 1, 2, 3, 4, 5], "cam_channels": ["CAM_FRONT_LEFT", "CAM_FRONT", "CAM_FRONT_RIGHT", "CAM_BACK_LEFT", "CAM_BACK", "CAM_BACK_RIGHT"], "token": "ceea95b1bc5444c9a258f02eb1ab6986", "scene": "scene-0384"}, {"images": ["samples/CAM_FRONT_LEFT/n015-2018-08-03-15-31-50+0800__CAM_FRONT_LEFT__1533281606104844.jpg", "samples/CAM_FRONT/n015-2018-08-03-15-31-50+0800__CAM_FRONT__1533281606112460.jpg", "samples/CAM_FRONT_RIGHT/n015-2018-08-03-15-31-50+0800__CAM_FRONT_RIGHT__1533281606120339.jpg", "samples/CAM_BACK_LEFT/n015-2018-08-03-15-31-50+0800__CAM_BACK_LEFT__1533281606147423.jpg", "samples/CAM_BACK/n015-2018-08-03-15-31-50+0800__CAM_BACK__1533281606137525.jpg", "samples/CAM_BACK_RIGHT/n015-2018-08-03-15-31-50+0800__CAM_BACK_RIGHT__1533281606127893.jpg"], "intrinsics": [[[1272.5979470598488, 0.0, 826.6154927353808], [0.0, 1272.5979470598488, 479.75165386361925], [0.0, 0.0, 1.0]], [[1266.417203046554, 0.0, 816.2670197447984], [0.0, 1266.417203046554, 491.50706579294757], [0.0, 0.0, 1.0]], [[1260.8474446004698, 0.0, 807.968244525554], [0.0, 1260.8474446004698, 495.3344268742088], [0.0, 0.0, 1.0]], [[1256.7414812095406, 0.0, 792.1125740759628], [0.0, 1256.7414812095406, 492.7757465151356], [0.0, 0.0, 1.0]], [[809.2209905677063, 0.0, 829.2196003259838], [0.0, 809.2209905677063, 481.77842384512485], [0.0, 0.0, 1.0]], [[1259.5137405846733, 0.0, 807.2529053838625], [0.0, 1259.5137405846733, 501.19579884916527], [0.0, 0.0, 1.0]]], "extrinsics": [[[0.8206600546836853, -0.5714033246040344, 0.003911553882062435, -0.84716796875], [-0.010013053193688393, -0.021224571391940117, -0.9997245669364929, 1.5068397521972656], [0.5713289380073547, 0.8203948736190796, -0.023139650002121925, -1.199462890625], [0.0, 0.0, 0.0, 1.0]], [[0.005714896600693464, -0.9996699690818787, 0.02504565566778183, 0.006683349609375], [-0.015392757952213287, -0.025131041184067726, -0.9995656609535217, 1.5187339782714844], [0.9998651146888733, 0.005327002145349979, -0.015531301498413086, -1.573974609375], [0.0, 0.0, 0.0, 1.0]], [[-0.8329132795333862, -0.5532622337341309, 0.012505613267421722, 0.9554443359375], [-0.00985465943813324, -0.007765847258269787, -0.9999212026596069, 1.502732276916504], [0.5533156991004944, -0.8329709768295288, 0.0010160685051232576, -1.19671630859375], [0.0, 0.0, 0.0, 1.0]], [[0.9476744532585144, 0.3189566731452942, -0.013409705832600594, -1.1351318359375], [-0.0014924515271559358, -0.037578340619802475, -0.9992925524711609, 1.588545799255371], [-0.3192348778247833, 0.9470240473747253, -0.03513600677251816, -0.106201171875], [0.0, 0.0, 0.0, 1.0]], [[0.002167695900425315, 0.9996110796928406, -0.02780568227171898, 0.002655029296875], [-0.02679828368127346, -0.0277376901358366, -0.9992559552192688, 1.5783271789550781], [-0.9996384382247925, 0.002911214018240571, 0.02672773227095604, -0.0367431640625], [0.0, 0.0, 0.0, 1.0]], [[-0.9349045157432556, 0.3547574281692505, -0.010029945522546768, 1.071533203125], [0.005939210299402475, -0.01261813472956419, -0.9999027252197266, 1.5518646240234375], [-0.35484954714775085, -0.9348732233047485, 0.009689773432910442, -0.08770751953125], [0.0, 0.0, 0.0, 1.0]]], "view": [[0.0, -2.0, 100.0], [-2.0, 0.0, 100.0], [0.0, 0.0, 1.0]], "bev": "bev_0f3efffcbbc64689963ae2070b13b8ea.png", "aux": "aux_0f3efffcbbc64689963ae2070b13b8ea.npz", "visibility": "visibility_0f3efffcbbc64689963ae2070b13b8ea.png", "pose": [[-0.675561785697937, 0.7373033761978149, 0.0, 753.2561645507812], [-0.7373033761978149, -0.675561785697937, 0.0, 1329.2027587890625], [0.0, 0.0, 1.0, 0.0], [0.0, 0.0, 0.0, 1.0]], "pose_inverse": [[-0.675561785697937, -0.7373033761978149, 0.0, 1488.896728515625], [0.7373033761978149, -0.675561785697937, 0.0, 342.5802917480469], [0.0, 0.0, 1.0, 0.0], [0.0, 0.0, 0.0, 1.0]], "cam_ids": [0, 1, 2, 3, 4, 5], "cam_channels": ["CAM_FRONT_LEFT", "CAM_FRONT", "CAM_FRONT_RIGHT", "CAM_BACK_LEFT", "CAM_BACK", "CAM_BACK_RIGHT"], "token": "0f3efffcbbc64689963ae2070b13b8ea", "scene": "scene-0384"}, {"images": ["samples/CAM_FRONT_LEFT/n015-2018-08-03-15-31-50+0800__CAM_FRONT_LEFT__1533281606604844.jpg", "samples/CAM_FRONT/n015-2018-08-03-15-31-50+0800__CAM_FRONT__1533281606612460.jpg", "samples/CAM_FRONT_RIGHT/n015-2018-08-03-15-31-50+0800__CAM_FRONT_RIGHT__1533281606620339.jpg", "samples/CAM_BACK_LEFT/n015-2018-08-03-15-31-50+0800__CAM_BACK_LEFT__1533281606647423.jpg", "samples/CAM_BACK/n015-2018-08-03-15-31-50+0800__CAM_BACK__1533281606637525.jpg", "samples/CAM_BACK_RIGHT/n015-2018-08-03-15-31-50+0800__CAM_BACK_RIGHT__1533281606627893.jpg"], "intrinsics": [[[1272.5979470598488, 0.0, 826.6154927353808], [0.0, 1272.5979470598488, 479.75165386361925], [0.0, 0.0, 1.0]], [[1266.417203046554, 0.0, 816.2670197447984], [0.0, 1266.417203046554, 491.50706579294757], [0.0, 0.0, 1.0]], [[1260.8474446004698, 0.0, 807.968244525554], [0.0, 1260.8474446004698, 495.3344268742088], [0.0, 0.0, 1.0]], [[1256.7414812095406, 0.0, 792.1125740759628], [0.0, 1256.7414812095406, 492.7757465151356], [0.0, 0.0, 1.0]], [[809.2209905677063, 0.0, 829.2196003259838], [0.0, 809.2209905677063, 481.77842384512485], [0.0, 0.0, 1.0]], [[1259.5137405846733, 0.0, 807.2529053838625], [0.0, 1259.5137405846733, 501.19579884916527], [0.0, 0.0, 1.0]]], "extrinsics": [[[0.820641815662384, -0.571442723274231, 0.0004154305497650057, -0.861572265625], [-0.013236220926046371, -0.019735153764486313, -0.9997175931930542, 1.5065841674804688], [0.5712895393371582, 0.820404589176178, -0.023759236559271812, -1.20849609375], [0.0, 0.0, 0.0, 1.0]], [[0.00567633006721735, -0.9997033476829529, 0.023683547973632812, 0.005828857421875], [-0.018549293279647827, -0.023785119876265526, -0.9995450377464294, 1.5185890197753906], [0.9998117685317993, 0.00523441331461072, -0.018678806722164154, -1.587158203125], [0.0, 0.0, 0.0, 1.0]], [[-0.8329766988754272, -0.5531201362609863, 0.014414042234420776, 0.962646484375], [-0.012940434738993645, -0.006568990647792816, -0.9998946785926819, 1.5025615692138672], [0.5531567335128784, -0.8330755233764648, -0.001685799565166235, -1.2025146484375], [0.0, 0.0, 0.0, 1.0]], [[0.9476571679115295, 0.3188919723033905, -0.015930773690342903, -1.1346435546875], [-0.004390701185911894, -0.03687426075339317, -0.9993101954460144, 1.5885181427001953], [-0.3192594051361084, 0.9470735192298889, -0.03354400023818016, -0.106231689453125], [0.0, 0.0, 0.0, 1.0]], [[0.0022432177793234587, 0.9996339082717896, -0.026964670047163963, 0.002838134765625], [-0.02975078672170639, -0.026886088773608208, -0.9991956949234009, 1.5782928466796875], [-0.9995548725128174, 0.0030435884837061167, 0.02967958338558674, -0.033935546875], [0.0, 0.0, 0.0, 1.0]], [[-0.9348483681678772, 0.354981392621994, -0.006835015024989843, 1.077392578125], [0.00291216978803277, -0.011583962477743626, -0.9999286532402039, 1.5516338348388672], [-0.3550352156162262, -0.9348015785217285, 0.009795482270419598, -0.0860595703125], [0.0, 0.0, 0.0, 1.0]]], "view": [[0.0, -2.0, 100.0], [-2.0, 0.0, 100.0], [0.0, 0.0, 1.0]], "bev": "bev_348e6208797544c1bffd07eaac5b3a80.png", "aux": "aux_348e6208797544c1bffd07eaac5b3a80.npz", "visibility": "visibility_348e6208797544c1bffd07eaac5b3a80.png", "pose": [[-0.6729573011398315, 0.7396813035011292, 0.0, 752.236328125], [-0.7396813035011292, -0.6729573011398315, 0.0, 1328.0711669921875], [0.0, 0.0, 1.0, 0.0], [0.0, 0.0, 0.0, 1.0]], "pose_inverse": [[-0.6729573011398315, -0.7396813035011292, 0.0, 1488.5723876953125], [0.7396813035011292, -0.6729573011398315, 0.0, 337.320068359375], [0.0, 0.0, 1.0, 0.0], [0.0, 0.0, 0.0, 1.0]], "cam_ids": [0, 1, 2, 3, 4, 5], "cam_channels": ["CAM_FRONT_LEFT", "CAM_FRONT", "CAM_FRONT_RIGHT", "CAM_BACK_LEFT", "CAM_BACK", "CAM_BACK_RIGHT"], "token": "348e6208797544c1bffd07eaac5b3a80", "scene": "scene-0384"}, {"images": ["samples/CAM_FRONT_LEFT/n015-2018-08-03-15-31-50+0800__CAM_FRONT_LEFT__1533281607104844.jpg", "samples/CAM_FRONT/n015-2018-08-03-15-31-50+0800__CAM_FRONT__1533281607112460.jpg", "samples/CAM_FRONT_RIGHT/n015-2018-08-03-15-31-50+0800__CAM_FRONT_RIGHT__1533281607120339.jpg", "samples/CAM_BACK_LEFT/n015-2018-08-03-15-31-50+0800__CAM_BACK_LEFT__1533281607147423.jpg", "samples/CAM_BACK/n015-2018-08-03-15-31-50+0800__CAM_BACK__1533281607137525.jpg", "samples/CAM_BACK_RIGHT/n015-2018-08-03-15-31-50+0800__CAM_BACK_RIGHT__1533281607127893.jpg"], "intrinsics": [[[1272.5979470598488, 0.0, 826.6154927353808], [0.0, 1272.5979470598488, 479.75165386361925], [0.0, 0.0, 1.0]], [[1266.417203046554, 0.0, 816.2670197447984], [0.0, 1266.417203046554, 491.50706579294757], [0.0, 0.0, 1.0]], [[1260.8474446004698, 0.0, 807.968244525554], [0.0, 1260.8474446004698, 495.3344268742088], [0.0, 0.0, 1.0]], [[1256.7414812095406, 0.0, 792.1125740759628], [0.0, 1256.7414812095406, 492.7757465151356], [0.0, 0.0, 1.0]], [[809.2209905677063, 0.0, 829.2196003259838], [0.0, 809.2209905677063, 481.77842384512485], [0.0, 0.0, 1.0]], [[1259.5137405846733, 0.0, 807.2529053838625], [0.0, 1259.5137405846733, 501.19579884916527], [0.0, 0.0, 1.0]]], "extrinsics": [[[0.8207370042800903, -0.5713015198707581, -0.002324905712157488, -0.872802734375], [-0.013119216077029705, -0.014778492972254753, -0.9998047351837158, 1.5067920684814453], [0.5711555480957031, 0.8206071853637695, -0.01962428353726864, -1.2171630859375], [0.0, 0.0, 0.0, 1.0]], [[0.005792983341962099, -0.9998090863227844, 0.01865776628255844, 0.0062255859375], [-0.018384383991360664, -0.01876140758395195, -0.99965500831604, 1.5188331604003906], [0.9998142123222351, 0.005447939038276672, -0.01848956011235714, -1.5992431640625], [0.0, 0.0, 0.0, 1.0]], [[-0.8329392075538635, -0.553246796131134, 0.011416934430599213, 0.9715576171875], [-0.01272781752049923, -0.0014722165651619434, -0.9999179244041443, 1.5027103424072266], [0.5532181262969971, -0.833016037940979, -0.005815356969833374, -1.20758056640625], [0.0, 0.0, 0.0, 1.0]], [[0.9476848244667053, 0.3189069330692291, -0.013850752264261246, -1.1356201171875], [-0.0039549581706523895, -0.031657036393880844, -0.9994909167289734, 1.588526725769043], [-0.3191830515861511, 0.9472571611404419, -0.028739629313349724, -0.1058197021484375], [0.0, 0.0, 0.0, 1.0]], [[0.002267557894811034, 0.9997609257698059, -0.021745679900050163, 0.002655029296875], [-0.029397396370768547, -0.021669691428542137, -0.9993329048156738, 1.5784454345703125], [-0.9995651841163635, 0.0029053417965769768, 0.029341233894228935, -0.029296875], [0.0, 0.0, 0.0, 1.0]], [[-0.9348587989807129, 0.3549806773662567, -0.005255597177892923, 1.0845947265625], [0.003188256174325943, -0.0064085000194609165, -0.9999744296073914, 1.5516293048858643], [-0.35500526428222656, -0.9348517060279846, 0.004859272390604019, -0.082763671875], [0.0, 0.0, 0.0, 1.0]]], "view": [[0.0, -2.0, 100.0], [-2.0, 0.0, 100.0], [0.0, 0.0, 1.0]], "bev": "bev_2c76aa464992418f80380f4e25ad97f6.png", "aux": "aux_2c76aa464992418f80380f4e25ad97f6.npz", "visibility": "visibility_2c76aa464992418f80380f4e25ad97f6.png", "pose": [[-0.6712254881858826, 0.7412531971931458, 0.0, 751.3582763671875], [-0.7412531971931458, -0.6712254881858826, 0.0, 1327.1005859375], [0.0, 0.0, 1.0, 0.0], [0.0, 0.0, 0.0, 1.0]], "pose_inverse": [[-0.6712254881858826, -0.7412531971931458, 0.0, 1488.0484619140625], [0.7412531971931458, -0.6712254881858826, 0.0, 333.8370056152344], [0.0, 0.0, 1.0, 0.0], [0.0, 0.0, 0.0, 1.0]], "cam_ids": [0, 1, 2, 3, 4, 5], "cam_channels": ["CAM_FRONT_LEFT", "CAM_FRONT", "CAM_FRONT_RIGHT", "CAM_BACK_LEFT", "CAM_BACK", "CAM_BACK_RIGHT"], "token": "2c76aa464992418f80380f4e25ad97f6", "scene": "scene-0384"}, {"images": ["samples/CAM_FRONT_LEFT/n015-2018-08-03-15-31-50+0800__CAM_FRONT_LEFT__1533281607604844.jpg", "samples/CAM_FRONT/n015-2018-08-03-15-31-50+0800__CAM_FRONT__1533281607612460.jpg", "samples/CAM_FRONT_RIGHT/n015-2018-08-03-15-31-50+0800__CAM_FRONT_RIGHT__1533281607620339.jpg", "samples/CAM_BACK_LEFT/n015-2018-08-03-15-31-50+0800__CAM_BACK_LEFT__1533281607647423.jpg", "samples/CAM_BACK/n015-2018-08-03-15-31-50+0800__CAM_BACK__1533281607637525.jpg", "samples/CAM_BACK_RIGHT/n015-2018-08-03-15-31-50+0800__CAM_BACK_RIGHT__1533281607627893.jpg"], "intrinsics": [[[1272.5979470598488, 0.0, 826.6154927353808], [0.0, 1272.5979470598488, 479.75165386361925], [0.0, 0.0, 1.0]], [[1266.417203046554, 0.0, 816.2670197447984], [0.0, 1266.417203046554, 491.50706579294757], [0.0, 0.0, 1.0]], [[1260.8474446004698, 0.0, 807.968244525554], [0.0, 1260.8474446004698, 495.3344268742088], [0.0, 0.0, 1.0]], [[1256.7414812095406, 0.0, 792.1125740759628], [0.0, 1256.7414812095406, 492.7757465151356], [0.0, 0.0, 1.0]], [[809.2209905677063, 0.0, 829.2196003259838], [0.0, 809.2209905677063, 481.77842384512485], [0.0, 0.0, 1.0]], [[1259.5137405846733, 0.0, 807.2529053838625], [0.0, 1259.5137405846733, 501.19579884916527], [0.0, 0.0, 1.0]]], "extrinsics": [[[0.8206185698509216, -0.5714662075042725, -0.003389613935723901, -0.8857421875], [-0.01338212564587593, -0.013286191038787365, -0.999822199344635, 1.5070018768310547], [0.571319580078125, 0.8205180764198303, -0.01855032704770565, -1.2274169921875], [0.0, 0.0, 0.0, 1.0]], [[0.00567969074472785, -0.9998356103897095, 0.017217569053173065, 0.007080078125], [-0.018694840371608734, -0.01732100360095501, -0.9996752142906189, 1.5190773010253906], [0.9998090863227844, 0.005355902947485447, -0.018790144473314285, -1.61279296875], [0.0, 0.0, 0.0, 1.0]], [[-0.8329516649246216, -0.5532373785972595, 0.01094883680343628, 0.9803466796875], [-0.01308624166995287, -8.620190055808052e-05, -0.9999143481254578, 1.5028152465820312], [0.5531908869743347, -0.8330236077308655, -0.0071679954417049885, -1.212646484375], [0.0, 0.0, 0.0, 1.0]], [[0.9476850032806396, 0.31890547275543213, -0.013872471638023853, -1.136962890625], [-0.004411763045936823, -0.03036942332983017, -0.9995290040969849, 1.5885324478149414], [-0.3191765248775482, 0.9472998380661011, -0.02737371437251568, -0.1055908203125], [0.0, 0.0, 0.0, 1.0]], [[0.0022535528987646103, 0.9997879862785339, -0.02046865038573742, 0.00244140625], [-0.02983744442462921, -0.020392362028360367, -0.9993467330932617, 1.5785675048828125], [-0.9995522499084473, 0.0028628644067794085, 0.02978515811264515, -0.0250244140625], [0.0, 0.0, 0.0, 1.0]], [[-0.9348703622817993, 0.35496169328689575, -0.004410663153976202, 1.09130859375], [0.0027863821014761925, -0.005086985416710377, -0.9999831914901733, 1.551586389541626], [-0.35497811436653137, -0.9348670244216919, 0.0037666151765733957, -0.07965087890625], [0.0, 0.0, 0.0, 1.0]]], "view": [[0.0, -2.0, 100.0], [-2.0, 0.0, 100.0], [0.0, 0.0, 1.0]], "bev": "bev_947b103ecd73485ca08672fb3f88ead1.png", "aux": "aux_947b103ecd73485ca08672fb3f88ead1.npz", "visibility": "visibility_947b103ecd73485ca08672fb3f88ead1.png", "pose": [[-0.6698498725891113, 0.7424965500831604, 0.0, 750.6026000976562], [-0.7424965500831604, -0.6698498725891113, 0.0, 1326.285888671875], [0.0, 0.0, 1.0, 0.0], [0.0, 0.0, 0.0, 1.0]], "pose_inverse": [[-0.6698498725891113, -0.7424965500831604, 0.0, 1487.5537109375], [0.7424965500831604, -0.6698498725891113, 0.0, 331.09259033203125], [0.0, 0.0, 1.0, 0.0], [0.0, 0.0, 0.0, 1.0]], "cam_ids": [0, 1, 2, 3, 4, 5], "cam_channels": ["CAM_FRONT_LEFT", "CAM_FRONT", "CAM_FRONT_RIGHT", "CAM_BACK_LEFT", "CAM_BACK", "CAM_BACK_RIGHT"], "token": "947b103ecd73485ca08672fb3f88ead1", "scene": "scene-0384"}, {"images": ["samples/CAM_FRONT_LEFT/n015-2018-08-03-15-31-50+0800__CAM_FRONT_LEFT__1533281608104844.jpg", "samples/CAM_FRONT/n015-2018-08-03-15-31-50+0800__CAM_FRONT__1533281608112460.jpg", "samples/CAM_FRONT_RIGHT/n015-2018-08-03-15-31-50+0800__CAM_FRONT_RIGHT__1533281608120339.jpg", "samples/CAM_BACK_LEFT/n015-2018-08-03-15-31-50+0800__CAM_BACK_LEFT__1533281608147423.jpg", "samples/CAM_BACK/n015-2018-08-03-15-31-50+0800__CAM_BACK__1533281608137525.jpg", "samples/CAM_BACK_RIGHT/n015-2018-08-03-15-31-50+0800__CAM_BACK_RIGHT__1533281608127893.jpg"], "intrinsics": [[[1272.5979470598488, 0.0, 826.6154927353808], [0.0, 1272.5979470598488, 479.75165386361925], [0.0, 0.0, 1.0]], [[1266.417203046554, 0.0, 816.2670197447984], [0.0, 1266.417203046554, 491.50706579294757], [0.0, 0.0, 1.0]], [[1260.8474446004698, 0.0, 807.968244525554], [0.0, 1260.8474446004698, 495.3344268742088], [0.0, 0.0, 1.0]], [[1256.7414812095406, 0.0, 792.1125740759628], [0.0, 1256.7414812095406, 492.7757465151356], [0.0, 0.0, 1.0]], [[809.2209905677063, 0.0, 829.2196003259838], [0.0, 809.2209905677063, 481.77842384512485], [0.0, 0.0, 1.0]], [[1259.5137405846733, 0.0, 807.2529053838625], [0.0, 1259.5137405846733, 501.19579884916527], [0.0, 0.0, 1.0]]], "extrinsics": [[[0.8205379843711853, -0.5715702772140503, -0.004986385814845562, -0.910888671875], [-0.012837424874305725, -0.009706338867545128, -0.9998704791069031, 1.5074291229248047], [0.5714477896690369, 0.8204957246780396, -0.015301910229027271, -1.244384765625], [0.0, 0.0, 0.0, 1.0]], [[0.005531214643269777, -0.9998914003372192, 0.013660602271556854, 0.006683349609375], [-0.018111741170287132, -0.013758743181824684, -0.9997413158416748, 1.51959228515625], [0.9998205900192261, 0.005282324738800526, -0.018185874447226524, -1.6392822265625], [0.0, 0.0, 0.0, 1.0]], [[-0.8330307006835938, -0.5531618595123291, 0.008467936888337135, 0.9990234375], [-0.012460296042263508, 0.003457543207332492, -0.9999163746833801, 1.5031328201293945], [0.5530863404273987, -0.8330665826797485, -0.009772799909114838, -1.2252197265625], [0.0, 0.0, 0.0, 1.0]], [[0.9477094411849976, 0.31890377402305603, -0.012133961543440819, -1.13916015625], [-0.003761609550565481, -0.02685633674263954, -0.9996322393417358, 1.5885486602783203], [-0.3191123604774475, 0.947406530380249, -0.02425241284072399, -0.1048431396484375], [0.0, 0.0, 0.0, 1.0]], [[0.002351784147322178, 0.9998