[{"images": ["samples/CAM_FRONT_LEFT/n008-2018-07-26-12-13-50-0400__CAM_FRONT_LEFT__1532621748604799.jpg", "samples/CAM_FRONT/n008-2018-07-26-12-13-50-0400__CAM_FRONT__1532621748612404.jpg", "samples/CAM_FRONT_RIGHT/n008-2018-07-26-12-13-50-0400__CAM_FRONT_RIGHT__1532621748620482.jpg", "samples/CAM_BACK_LEFT/n008-2018-07-26-12-13-50-0400__CAM_BACK_LEFT__1532621748647405.jpg", "samples/CAM_BACK/n008-2018-07-26-12-13-50-0400__CAM_BACK__1532621748637558.jpg", "samples/CAM_BACK_RIGHT/n008-2018-07-26-12-13-50-0400__CAM_BACK_RIGHT__1532621748628113.jpg"], "intrinsics": [[[1257.8625342125129, 0.0, 827.2410631095686], [0.0, 1257.8625342125129, 450.915498205774], [0.0, 0.0, 1.0]], [[1252.8131021185304, 0.0, 826.588114781398], [0.0, 1252.8131021185304, 469.9846626224581], [0.0, 0.0, 1.0]], [[1256.7485116440405, 0.0, 817.7887570959712], [0.0, 1256.7485116440403, 451.9541780095127], [0.0, 0.0, 1.0]], [[1254.9860565800168, 0.0, 829.5769333630991], [0.0, 1254.9860565800168, 467.1680561863987], [0.0, 0.0, 1.0]], [[796.8910634503094, 0.0, 857.7774326863696], [0.0, 796.8910634503094, 476.8848988407415], [0.0, 0.0, 1.0]], [[1249.9629280788233, 0.0, 825.3768045375984], [0.0, 1249.9629280788233, 462.54816385708756], [0.0, 0.0, 1.0]]], "extrinsics": [[[0.8235543966293335, -0.5671603083610535, 0.009348677471280098, -0.85504150390625], [0.016207875683903694, 0.007054181769490242, -0.9998437762260437, 1.4912338256835938], [0.5670058131217957, 0.8235772252082825, 0.015001965686678886, -1.23095703125], [0.0, 0.0, 0.0, 1.0]], [[0.011827626265585423, -0.9999262690544128, -0.002730556530877948, 0.00762939453125], [0.018160995095968246, 0.002945113228634, -0.9998307228088379, 1.482879638671875], [0.9997650384902954, 0.011776026338338852, 0.018194489181041718, -1.5853271484375], [0.0, 0.0, 0.0, 1.0]], [[-0.8431867361068726, -0.5372849106788635, -0.019002020359039307, 0.993408203125], [0.026181349530816078, -0.005733594764024019, -0.9996407628059387, 1.4961051940917969], [0.5369829535484314, -0.8433813452720642, 0.018901336938142776, -1.215179443359375], [0.0, 0.0, 0.0, 1.0]], [[0.9478737711906433, 0.31862547993659973, 0.00360656320117414, -1.142578125], [0.0005859787343069911, 0.009575387462973595, -0.9999539852142334, 1.562047004699707], [-0.3186453580856323, 0.9478322863578796, 0.008889551274478436, -0.156494140625], [0.0, 0.0, 0.0, 1.0]], [[0.008707280270755291, 0.9999600648880005, 0.001992968376725912, -0.0284423828125], [0.0028303901199251413, 0.001968389842659235, -0.9999940395355225, 1.568183422088623], [-0.9999581575393677, 0.008712878450751305, -0.0028131376020610332, 0.0010986328125], [0.0, 0.0, 0.0, 1.0]], [[-0.9239810705184937, 0.3821622431278229, -0.014525359496474266, 1.083740234375], [0.007112862076610327, -0.020801890641450882, -0.9997583031654358, 1.5484094619750977], [-0.38237202167510986, -0.923861026763916, 0.01650228723883629, -0.0753173828125], [0.0, 0.0, 0.0, 1.0]]], "view": [[0.0, -2.0, 100.0], [-2.0, 0.0, 100.0], [0.0, 0.0, 1.0]], "bev": "bev_a8a15d1e43d74836b6d3b14f20908cef.png", "aux": "aux_a8a15d1e43d74836b6d3b14f20908cef.npz", "visibility": "visibility_a8a15d1e43d74836b6d3b14f20908cef.png", "pose": [[-0.9929402470588684, -0.11861545592546463, 0.0, 1949.2882080078125], [0.11861545592546463, -0.9929402470588684, 0.0, 784.00927734375], [0.0, 0.0, 1.0, 0.0], [0.0, 0.0, 0.0, 1.0]], "pose_inverse": [[-0.9929402470588684, 0.11861545592546463, 0.0, 1842.5311279296875], [-0.11861545592546463, -0.9929402470588684, 0.0, 1009.6900634765625], [0.0, 0.0, 1.0, 0.0], [0.0, 0.0, 0.0, 1.0]], "cam_ids": [0, 1, 2, 3, 4, 5], "cam_channels": ["CAM_FRONT_LEFT", "CAM_FRONT", "CAM_FRONT_RIGHT", "CAM_BACK_LEFT", "CAM_BACK", "CAM_BACK_RIGHT"], "token": "a8a15d1e43d74836b6d3b14f20908cef", "scene": "scene-0200"}, {"images": ["samples/CAM_FRONT_LEFT/n008-2018-07-26-12-13-50-0400__CAM_FRONT_LEFT__1532621749104799.jpg", "samples/CAM_FRONT/n008-2018-07-26-12-13-50-0400__CAM_FRONT__1532621749112404.jpg", "samples/CAM_FRONT_RIGHT/n008-2018-07-26-12-13-50-0400__CAM_FRONT_RIGHT__1532621749120482.jpg", "samples/CAM_BACK_LEFT/n008-2018-07-26-12-13-50-0400__CAM_BACK_LEFT__1532621749147405.jpg", "samples/CAM_BACK/n008-2018-07-26-12-13-50-0400__CAM_BACK__1532621749137558.jpg", "samples/CAM_BACK_RIGHT/n008-2018-07-26-12-13-50-0400__CAM_BACK_RIGHT__1532621749128113.jpg"], "intrinsics": [[[1257.8625342125129, 0.0, 827.2410631095686], [0.0, 1257.8625342125129, 450.915498205774], [0.0, 0.0, 1.0]], [[1252.8131021185304, 0.0, 826.588114781398], [0.0, 1252.8131021185304, 469.9846626224581], [0.0, 0.0, 1.0]], [[1256.7485116440405, 0.0, 817.7887570959712], [0.0, 1256.7485116440403, 451.9541780095127], [0.0, 0.0, 1.0]], [[1254.9860565800168, 0.0, 829.5769333630991], [0.0, 1254.9860565800168, 467.1680561863987], [0.0, 0.0, 1.0]], [[796.8910634503094, 0.0, 857.7774326863696], [0.0, 796.8910634503094, 476.8848988407415], [0.0, 0.0, 1.0]], [[1249.9629280788233, 0.0, 825.3768045375984], [0.0, 1249.9629280788233, 462.54816385708756], [0.0, 0.0, 1.0]]], "extrinsics": [[[0.8236688375473022, -0.5670467615127563, 0.0052564311772584915, -0.8304443359375], [0.018445605412125587, 0.017526494339108467, -0.9996762275695801, 1.4921646118164062], [0.5667710304260254, 0.8234991431236267, 0.024895546957850456, -1.21484375], [0.0, 0.0, 0.0, 1.0]], [[0.012046165764331818, -0.9998403787612915, -0.013200663961470127, 0.00848388671875], [0.020157236605882645, 0.013441753573715687, -0.9997064471244812, 1.4836654663085938], [0.999724268913269, 0.011776512488722801, 0.02031593583524227, -1.560546875], [0.0, 0.0, 0.0, 1.0]], [[-0.8430582880973816, -0.537187397480011, -0.026122085750102997, 0.97705078125], [0.027921639382839203, 0.004787954036146402, -0.9995986223220825, 1.4968414306640625], [0.5370968580245972, -0.8434493541717529, 0.01096262875944376, -1.204437255859375], [0.0, 0.0, 0.0, 1.0]], [[0.9478679895401001, 0.31855592131614685, 0.008281053975224495, -1.140380859375], [0.002121073892340064, 0.019679222255945206, -0.9998040795326233, 1.5620574951171875], [-0.3186565041542053, 0.9476996660232544, 0.017977623268961906, -0.157073974609375], [0.0, 0.0, 0.0, 1.0]], [[0.008625432848930359, 0.9998894929885864, 0.012113572098314762, -0.028564453125], [0.0045501780696213245, 0.012074651196599007, -0.9999167323112488, 1.5682926177978516], [-0.9999524354934692, 0.008679848164319992, -0.004445524886250496, -0.0076904296875], [0.0, 0.0, 0.0, 1.0]], [[-0.9240072965621948, 0.3821805417537689, -0.012184957973659039, 1.06982421875], [0.008844662457704544, -0.010495764203369617, -0.9999058246612549, 1.5486822128295898], [-0.3822723627090454, -0.9240280389785767, 0.0063179065473377705, -0.0806884765625], [0.0, 0.0, 0.0, 1.0]]], "view": [[0.0, -2.0, 100.0], [-2.0, 0.0, 100.0], [0.0, 0.0, 1.0]], "bev": "bev_8a1af95eb2704d039a6d335ca7c16c73.png", "aux": "aux_8a1af95eb2704d039a6d335ca7c16c73.npz", "visibility": "visibility_8a1af95eb2704d039a6d335ca7c16c73.png", "pose": [[-0.9905961751937866, -0.13681817054748535, 0.0, 1947.0076904296875], [0.13681817054748535, -0.9905961751937866, 0.0, 784.311279296875], [0.0, 0.0, 1.0, 0.0], [0.0, 0.0, 0.0, 1.0]], "pose_inverse": [[-0.9905961751937866, 0.13681817054748535, 0.0, 1821.390380859375], [-0.13681817054748535, -0.9905961751937866, 0.0, 1043.32177734375], [0.0, 0.0, 1.0, 0.0], [0.0, 0.0, 0.0, 1.0]], "cam_ids": [0, 1, 2, 3, 4, 5], "cam_channels": ["CAM_FRONT_LEFT", "CAM_FRONT", "CAM_FRONT_RIGHT", "CAM_BACK_LEFT", "CAM_BACK", "CAM_BACK_RIGHT"], "token": "8a1af95eb2704d039a6d335ca7c16c73", "scene": "scene-0200"}, {"images": ["samples/CAM_FRONT_LEFT/n008-2018-07-26-12-13-50-0400__CAM_FRONT_LEFT__1532621749604799.jpg", "samples/CAM_FRONT/n008-2018-07-26-12-13-50-0400__CAM_FRONT__1532621749612404.jpg", "samples/CAM_FRONT_RIGHT/n008-2018-07-26-12-13-50-0400__CAM_FRONT_RIGHT__1532621749620482.jpg", "samples/CAM_BACK_LEFT/n008-2018-07-26-12-13-50-0400__CAM_BACK_LEFT__1532621749647405.jpg", "samples/CAM_BACK/n008-2018-07-26-12-13-50-0400__CAM_BACK__1532621749637558.jpg", "samples/CAM_BACK_RIGHT/n008-2018-07-26-12-13-50-0400__CAM_BACK_RIGHT__1532621749628113.jpg"], "intrinsics": [[[1257.8625342125129, 0.0, 827.2410631095686], [0.0, 1257.8625342125129, 450.915498205774], [0.0, 0.0, 1.0]], [[1252.8131021185304, 0.0, 826.588114781398], [0.0, 1252.8131021185304, 469.9846626224581], [0.0, 0.0, 1.0]], [[1256.7485116440405, 0.0, 817.7887570959712], [0.0, 1256.7485116440403, 451.9541780095127], [0.0, 0.0, 1.0]], [[1254.9860565800168, 0.0, 829.5769333630991], [0.0, 1254.9860565800168, 467.1680561863987], [0.0, 0.0, 1.0]], [[796.8910634503094, 0.0, 857.7774326863696], [0.0, 796.8910634503094, 476.8848988407415], [0.0, 0.0, 1.0]], [[1249.9629280788233, 0.0, 825.3768045375984], [0.0, 1249.9629280788233, 462.54816385708756], [0.0, 0.0, 1.0]]], "extrinsics": [[[0.822493851184845, -0.5687735080718994, -0.0008178363787010312, -0.82293701171875], [0.019513951614499092, 0.029655786231160164, -0.9993696212768555, 1.49261474609375], [0.568439245223999, 0.8219594955444336, 0.035490717738866806, -1.2076416015625], [0.0, 0.0, 0.0, 1.0]], [[0.010368220508098602, -0.9996254444122314, -0.025326132774353027, 0.0072021484375], [0.02183080092072487, 0.02554774284362793, -0.9994351863861084, 1.4841461181640625], [0.9997079372406006, 0.009809495881199837, 0.02208751067519188, -1.5526123046875], [0.0, 0.0, 0.0, 1.0]], [[-0.843703031539917, -0.5356964468955994, -0.03456268459558487, 0.972412109375], [0.0302351713180542, 0.01686115935444832, -0.9994005560874939, 1.497314453125], [0.5359580516815186, -0.8442423343658447, 0.001971060875803232, -1.2023544311523438], [0.0, 0.0, 0.0, 1.0]], [[0.9478963017463684, 0.3181949555873871, 0.01564190723001957, -1.146728515625], [0.005653941072523594, 0.03228886052966118, -0.9994626045227051, 1.5620384216308594], [-0.31852903962135315, 0.9474753141403198, 0.02880743332207203, -0.154937744140625], [0.0, 0.0, 0.0, 1.0]], [[0.009144021198153496, 0.9996539354324341, 0.02466711215674877, -0.0281982421875], [0.007399560883641243, 0.024599824100732803, -0.9996699690818787, 1.5684394836425781], [-0.9999308586120605, 0.00932354386895895, -0.0071720583364367485, -0.006591796875], [0.0, 0.0, 0.0, 1.0]], [[-0.9236070513725281, 0.38321444392204285, -0.009836124256253242, 1.0677490234375], [0.011394869536161423, 0.0017977150855585933, -0.9999334812164307, 1.548959732055664], [-0.38317129015922546, -0.9236576557159424, -0.00602705916389823, -0.082275390625], [0.0, 0.0, 0.0, 1.0]]], "view": [[0.0, -2.0, 100.0], [-2.0, 0.0, 100.0], [0.0, 0.0, 1.0]], "bev": "bev_42af50004c174aa0bd798698c178f0d5.png", "aux": "aux_42af50004c174aa0bd798698c178f0d5.npz", "visibility": "visibility_42af50004c174aa0bd798698c178f0d5.png", "pose": [[-0.9885729551315308, -0.15074332058429718, 0.0, 1944.44873046875], [0.15074332058429718, -0.9885729551315308, 0.0, 784.6947021484375], [0.0, 0.0, 1.0, 0.0], [0.0, 0.0, 0.0, 1.0]], "pose_inverse": [[-0.9885729551315308, 0.15074332058429718, 0.0, 1803.94189453125], [-0.15074332058429718, -0.9885729551315308, 0.0, 1068.840576171875], [0.0, 0.0, 1.0, 0.0], [0.0, 0.0, 0.0, 1.0]], "cam_ids": [0, 1, 2, 3, 4, 5], "cam_channels": ["CAM_FRONT_LEFT", "CAM_FRONT", "CAM_FRONT_RIGHT", "CAM_BACK_LEFT", "CAM_BACK", "CAM_BACK_RIGHT"], "token": "42af50004c174aa0bd798698c178f0d5", "scene": "scene-0200"}, {"images": ["samples/CAM_FRONT_LEFT/n008-2018-07-26-12-13-50-0400__CAM_FRONT_LEFT__1532621750104799.jpg", "samples/CAM_FRONT/n008-2018-07-26-12-13-50-0400__CAM_FRONT__1532621750112404.jpg", "samples/CAM_FRONT_RIGHT/n008-2018-07-26-12-13-50-0400__CAM_FRONT_RIGHT__1532621750120482.jpg", "samples/CAM_BACK_LEFT/n008-2018-07-26-12-13-50-0400__CAM_BACK_LEFT__1532621750147405.jpg", "samples/CAM_BACK/n008-2018-07-26-12-13-50-0400__CAM_BACK__1532621750137558.jpg", "samples/CAM_BACK_RIGHT/n008-2018-07-26-12-13-50-0400__CAM_BACK_RIGHT__1532621750128113.jpg"], "intrinsics": [[[1257.8625342125129, 0.0, 827.2410631095686], [0.0, 1257.8625342125129, 450.915498205774], [0.0, 0.0, 1.0]], [[1252.8131021185304, 0.0, 826.588114781398], [0.0, 1252.8131021185304, 469.9846626224581], [0.0, 0.0, 1.0]], [[1256.7485116440405, 0.0, 817.7887570959712], [0.0, 1256.7485116440403, 451.9541780095127], [0.0, 0.0, 1.0]], [[1254.9860565800168, 0.0, 829.5769333630991], [0.0, 1254.9860565800168, 467.1680561863987], [0.0, 0.0, 1.0]], [[796.8910634503094, 0.0, 857.7774326863696], [0.0, 796.8910634503094, 476.8848988407415], [0.0, 0.0, 1.0]], [[1249.9629280788233, 0.0, 825.3768045375984], [0.0, 1249.9629280788233, 462.54816385708756], [0.0, 0.0, 1.0]]], "extrinsics": [[[0.8228426575660706, -0.5682600140571594, -0.0032542163971811533, -0.787353515625], [0.01989501528441906, 0.034530140459537506, -0.9992056488990784, 1.4934921264648438], [0.5679208636283875, 0.8221242427825928, 0.03971841186285019, -1.1845703125], [0.0, 0.0, 0.0, 1.0]], [[0.010859989561140537, -0.9994898438453674, -0.030035700649023056, 0.0089111328125], [0.02191346324980259, 0.030268145725131035, -0.999301552772522, 1.4849014282226562], [0.9997009038925171, 0.010194231756031513, 0.022230995818972588, -1.5169677734375], [0.0, 0.0, 0.0, 1.0]], [[-0.8435077667236328, -0.5358542799949646, -0.03680878132581711, 0.9482421875], [0.03000076487660408, 0.021419791504740715, -0.9993202686309814, 1.4981307983398438], [0.5362785458564758, -0.844038724899292, -0.001991725293919444, -1.1860084533691406], [0.0, 0.0, 0.0, 1.0]], [[0.9477678537368774, 0.3185458183288574, 0.016268514096736908, -1.1380615234375], [0.005074120592325926, 0.03594053164124489, -0.9993410706520081, 1.5620651245117188], [-0.3189206123352051, 0.9472258687019348, 0.03244694322347641, -0.15826416015625], [0.0, 0.0, 0.0, 1.0]], [[0.008881780318915844, 0.9995476007461548, 0.02873489074409008, -0.0284423828125], [0.007048494648188353, 0.028672730550169945, -0.9995639324188232, 1.5685157775878906], [-0.9999357461929321, 0.009080437012016773, -0.006790642160922289, -0.0218505859375], [0.0, 0.0, 0.0, 1.0]], [[-0.923716127872467, 0.38299673795700073, -0.007875128649175167, 1.046630859375], [0.011093460023403168, 0.006195129826664925, -0.9999192953109741, 1.5491752624511719], [-0.38291704654693604, -0.923728883266449, -0.009971299208700657, -0.0902099609375], [0.0, 0.0, 0.0, 1.0]]], "view": [[0.0, -2.0, 100.0], [-2.0, 0.0, 100.0], [0.0, 0.0, 1.0]], "bev": "bev_90e314a6a97743bdbcc08700ea3fc26e.png", "aux": "aux_90e314a6a97743bdbcc08700ea3fc26e.npz", "visibility": "visibility_90e314a6a97743bdbcc08700ea3fc26e.png", "pose": [[-0.9872103929519653, -0.1594228446483612, 0.0, 1941.6490478515625], [0.1594228446483612, -0.9872103929519653, 0.0, 785.1460571289062], [0.0, 0.0, 1.0, 0.0], [0.0, 0.0, 0.0, 1.0]], "pose_inverse": [[-0.9872103929519653, 0.1594228446483612, 0.0, 1791.6458740234375], [-0.1594228446483612, -0.9872103929519653, 0.0, 1084.6475830078125], [0.0, 0.0, 1.0, 0.0], [0.0, 0.0, 0.0, 1.0]], "cam_ids": [0, 1, 2, 3, 4, 5], "cam_channels": ["CAM_FRONT_LEFT", "CAM_FRONT", "CAM_FRONT_RIGHT", "CAM_BACK_LEFT", "CAM_BACK", "CAM_BACK_RIGHT"], "token": "90e314a6a97743bdbcc08700ea3fc26e", "scene": "scene-0200"}, {"images": ["samples/CAM_FRONT_LEFT/n008-2018-07-26-12-13-50-0400__CAM_FRONT_LEFT__1532621750654799.jpg", "samples/CAM_FRONT/n008-2018-07-26-12-13-50-0400__CAM_FRONT__1532621750662404.jpg", "samples/CAM_FRONT_RIGHT/n008-2018-07-26-12-13-50-0400__CAM_FRONT_RIGHT__1532621750670482.jpg", "samples/CAM_BACK_LEFT/n008-2018-07-26-12-13-50-0400__CAM_BACK_LEFT__1532621750698359.jpg", "samples/CAM_BACK/n008-2018-07-26-12-13-50-0400__CAM_BACK__1532621750687558.jpg", "samples/CAM_BACK_RIGHT/n008-2018-07-26-12-13-50-0400__CAM_BACK_RIGHT__1532621750678113.jpg"], "intrinsics": [[[1257.8625342125129, 0.0, 827.2410631095686], [0.0, 1257.8625342125129, 450.915498205774], [0.0, 0.0, 1.0]], [[1252.8131021185304, 0.0, 826.588114781398], [0.0, 1252.8131021185304, 469.9846626224581], [0.0, 0.0, 1.0]], [[1256.7485116440405, 0.0, 817.7887570959712], [0.0, 1256.7485116440403, 451.9541780095127], [0.0, 0.0, 1.0]], [[1254.9860565800168, 0.0, 829.5769333630991], [0.0, 1254.9860565800168, 467.1680561863987], [0.0, 0.0, 1.0]], [[796.8910634503094, 0.0, 857.7774326863696], [0.0, 796.8910634503094, 476.8848988407415], [0.0, 0.0, 1.0]], [[1249.9629280788233, 0.0, 825.3768045375984], [0.0, 1249.9629280788233, 462.54816385708756], [0.0, 0.0, 1.0]]], "extrinsics": [[[0.821317732334137, -0.5703522562980652, -0.01164447981864214, -0.7657470703125], [0.007763213478028774, 0.031584665179252625, -0.9994709491729736, 1.490447998046875], [0.5704182386398315, 0.8207927942276001, 0.030368810519576073, -1.170654296875], [0.0, 0.0, 0.0, 1.0]], [[0.008478913456201553, -0.9996053576469421, -0.026780908927321434, 0.0096435546875], [0.009098079055547714, 0.026857880875468254, -0.9995978474617004, 1.4822731018066406], [0.9999226927757263, 0.008231829851865768, 0.0093222139403224, -1.4962158203125], [0.0, 0.0, 0.0, 1.0]], [[-0.8447237014770508, -0.5346928238868713, -0.023357780650258064, 0.935546875], [0.016488702967762947, 0.017622418701648712, -0.9997087121009827, 1.4960899353027344], [0.5349487066268921, -0.8448627591133118, -0.006069683935493231, -1.1771087646484375], [0.0, 0.0, 0.0, 1.0]], [[0.9478822946548462, 0.3186209201812744, 9.495682206761558e-06, -1.1455078125], [-0.010722861625254154, 0.03192979469895363, -0.9994325637817383, 1.5620594024658203], [-0.31844043731689453, 0.9473443031311035, 0.033682212233543396, -0.155670166015625], [0.0, 0.0, 0.0, 1.0]], [[0.0097724087536335, 0.9996554851531982, 0.024361370131373405, -0.02880859375], [-0.008021244779229164, 0.024440115317702293, -0.999669075012207, 1.567474365234375], [-0.9999201893806458, 0.009573758579790592, 0.008257320150732994, -0.0264892578125], [0.0, 0.0, 0.0, 1.0]], [[-0.9233490228652954, 0.3839434087276459, 0.0037555175367742777, 1.0364990234375], [-0.003162799868732691, 0.0021751185413450003, -0.9999926686286926, 1.5473835468292236], [-0.3839486837387085, -0.9233540296554565, -0.0007940555806271732, -0.0938720703125], [0.0, 0.0, 0.0, 1.0]]], "view": [[0.0, -2.0, 100.0], [-2.0, 0.0, 100.0], [0.0, 0.0, 1.0]], "bev": "bev_36def6c423d04c8da9064461d84f0171.png", "aux": "aux_36def6c423d04c8da9064461d84f0171.npz", "visibility": "visibility_36def6c423d04c8da9064461d84f0171.png", "pose": [[-0.9905310869216919, -0.13728874921798706, 0.0, 1938.206298828125], [0.13728874921798706, -0.9905310869216919, 0.0, 785.6920166015625], [0.0, 0.0, 1.0, 0.0], [0.0, 0.0, 0.0, 1.0]], "pose_inverse": [[-0.9905310869216919, 0.13728874921798706, 0.0, 1811.9869384765625], [-0.13728874921798706, -0.9905310869216919, 0.0, 1044.3463134765625], [0.0, 0.0, 1.0, 0.0], [0.0, 0.0, 0.0, 1.0]], "cam_ids": [0, 1, 2, 3, 4, 5], "cam_channels": ["CAM_FRONT_LEFT", "CAM_FRONT", "CAM_FRONT_RIGHT", "CAM_BACK_LEFT", "CAM_BACK", "CAM_BACK_RIGHT"], "token": "36def6c423d04c8da9064461d84f0171", "scene": "scene-0200"}, {"images": ["samples/CAM_FRONT_LEFT/n008-2018-07-26-12-13-50-0400__CAM_FRONT_LEFT__1532621751104799.jpg", "samples/CAM_FRONT/n008-2018-07-26-12-13-50-0400__CAM_FRONT__1532621751112404.jpg", "samples/CAM_FRONT_RIGHT/n008-2018-07-26-12-13-50-0400__CAM_FRONT_RIGHT__1532621751120482.jpg", "samples/CAM_BACK_LEFT/n008-2018-07-26-12-13-50-0400__CAM_BACK_LEFT__1532621751147405.jpg", "samples/CAM_BACK/n008-2018-07-26-12-13-50-0400__CAM_BACK__1532621751137558.jpg", "samples/CAM_BACK_RIGHT/n008-2018-07-26-12-13-50-0400__CAM_BACK_RIGHT__1532621751128113.jpg"], "intrinsics": [[[1257.8625342125129, 0.0, 827.2410631095686], [0.0, 1257.8625342125129, 450.915498205774], [0.0, 0.0, 1.0]], [[1252.8131021185304, 0.0, 826.588114781398], [0.0, 1252.8131021185304, 469.9846626224581], [0.0, 0.0, 1.0]], [[1256.7485116440405, 0.0, 817.7887570959712], [0.0, 1256.7485116440403, 451.9541780095127], [0.0, 0.0, 1.0]], [[1254.9860565800168, 0.0, 829.5769333630991], [0.0, 1254.9860565800168, 467.1680561863987], [0.0, 0.0, 1.0]], [[796.8910634503094, 0.0, 857.7774326863696], [0.0, 796.8910634503094, 476.8848988407415], [0.0, 0.0, 1.0]], [[1249.9629280788233, 0.0, 825.3768045375984], [0.0, 1249.9629280788233, 462.54816385708756], [0.0, 0.0, 1.0]]], "extrinsics": [[[0.8210241794586182, -0.5705567598342896, -0.019603898748755455, -0.7501220703125], [0.008586166426539421, 0.0466759167611599, -0.9988731741905212, 1.4906959533691406], [0.5708288550376892, 0.8199307322502136, 0.04322095215320587, -1.162353515625], [0.0, 0.0, 0.0, 1.0]], [[0.008112450130283833, -0.9990880489349365, -0.04191765934228897, 0.0115966796875], [0.011022929102182388, 0.042005836963653564, -0.9990565776824951, 1.4827766418457031], [0.9999063014984131, 0.007642741315066814, 0.011353647336363792, -1.482421875], [0.0, 0.0, 0.0, 1.0]], [[-0.8448260426521301, -0.5339586734771729, -0.034014198929071426, 0.927978515625], [0.01955551840364933, 0.032715026289224625, -0.999273419380188, 1.49676513671875], [0.5346834659576416, -0.8448774218559265, -0.017196672037243843, -1.170654296875], [0.0, 0.0, 0.0, 1.0]], [[0.947792112827301, 0.3187400698661804, 0.009731590747833252, -1.142578125], [-0.0053423442877829075, 0.046383898705244064, -0.9989094138145447, 1.5620079040527344], [-0.31884390115737915, 0.9467064738273621, 0.04566511884331703, -0.157073974609375], [0.0, 0.0, 0.0, 1.0]], [[0.009720489382743835, 0.9991759657859802, 0.03940681740641594, -0.02960205078125], [-0.0031779869459569454, 0.03943934664130211, -0.9992169141769409, 1.567779541015625], [-0.9999476671218872, 0.00958764087408781, 0.0035587383899837732, -0.0281982421875], [0.0, 0.0, 0.0, 1.0]], [[-0.9232561588287354, 0.38413652777671814, 0.006083798129111528, 1.0302734375], [0.00056981120724231, 0.017204763367772102, -0.9998518228530884, 1.5478496551513672], [-0.38418421149253845, -0.9231159687042236, -0.016103290021419525, -0.0953369140625], [0.0, 0.0, 0.0, 1.0]]], "view": [[0.0, -2.0, 100.0], [-2.0, 0.0, 100.0], [0.0, 0.0, 1.0]], "bev": "bev_bae9818f8495400bbb92cb3c7e57ccac.png", "aux": "aux_bae9818f8495400bbb92cb3c7e57ccac.npz", "visibility": "visibility_bae9818f8495400bbb92cb3c7e57ccac.png", "pose": [[-0.9940682053565979, -0.1087583526968956, 0.0, 1935.0986328125], [0.1087583526968956, -0.9940682053565979, 0.0, 786.11181640625], [0.0, 0.0, 1.0, 0.0], [0.0, 0.0, 0.0, 1.0]], "pose_inverse": [[-0.9940682053565979, 0.1087583526968956, 0.0, 1838.123779296875], [-0.1087583526968956, -0.9940682053565979, 0.0, 991.9069213867188], [0.0, 0.0, 1.0, 0.0], [0.0, 0.0, 0.0, 1.0]], "cam_ids": [0, 1, 2, 3, 4, 5], "cam_channels": ["CAM_FRONT_LEFT", "CAM_FRONT", "CAM_FRONT_RIGHT", "CAM_BACK_LEFT", "CAM_BACK", "CAM_BACK_RIGHT"], "token": "bae9818f8495400bbb92cb3c7e57ccac", "scene": "scene-0200"}, {"images": ["samples/CAM_FRONT_LEFT/n008-2018-07-26-12-13-50-0400__CAM_FRONT_LEFT__1532621751604799.jpg", "samples/CAM_FRONT/n008-2018-07-26-12-13-50-0400__CAM_FRONT__1532621751612404.jpg", "samples/CAM_FRONT_RIGHT/n008-2018-07-26-12-13-50-0400__CAM_FRONT_RIGHT__1532621751620482.jpg", "samples/CAM_BACK_LEFT/n008-2018-07-26-12-13-50-0400__CAM_BACK_LEFT__1532621751647405.jpg", "samples/CAM_BACK/n008-2018-07-26-12-13-50-0400__CAM_BACK__1532621751637558.jpg", "samples/CAM_BACK_RIGHT/n008-2018-07-26-12-13-50-0400__CAM_BACK_RIGHT__1532621751628113.jpg"], "intrinsics": [[[1257.8625342125129, 0.0, 827.2410631095686], [0.0, 1257.8625342125129, 450.915498205774], [0.0, 0.0, 1.0]], [[1252.8131021185304, 0.0, 826.588114781398], [0.0, 1252.8131021185304, 469.9846626224581], [0.0, 0.0, 1.0]], [[1256.7485116440405, 0.0, 817.7887570959712], [0.0, 1256.7485116440403, 451.9541780095127], [0.0, 0.0, 1.0]], [[1254.9860565800168, 0.0, 829.5769333630991], [0.0, 1254.9860565800168, 467.1680561863987], [0.0, 0.0, 1.0]], [[796.8910634503094, 0.0, 857.7774326863696], [0.0, 796.8910634503094, 476.8848988407415], [0.0, 0.0, 1.0]], [[1249.9629280788233, 0.0, 825.3768045375984], [0.0, 1249.9629280788233, 462.54816385708756], [0.0, 0.0, 1.0]]], "extrinsics": [[[0.8209162950515747, -0.5706611275672913, -0.021031998097896576, -0.75299072265625], [0.009926838800311089, 0.051085662096738815, -0.9986449480056763, 1.491180419921875], [0.5709623098373413, 0.8195951581001282, 0.04760191589593887, -1.1612548828125], [0.0, 0.0, 0.0, 1.0]], [[0.007934106513857841, -0.9988908171653748, -0.04641273617744446, 0.0096435546875], [0.010738597251474857, 0.04649663344025612, -0.9988607168197632, 1.4827690124511719], [0.9999108910560608, 0.007426660042256117, 0.011095594614744186, -1.4825439453125], [0.0, 0.0, 0.0, 1.0]], [[-0.844944179058075, -0.5337239503860474, -0.034756459295749664, 0.925537109375], [0.01754475198686123, 0.037290047854185104, -0.9991504549980164, 1.4964447021484375], [0.5345666408538818, -0.8448361754417419, -0.022143959999084473, -1.1710357666015625], [0.0, 0.0, 0.0, 1.0]], [[0.9480014443397522, 0.31823447346687317, 0.004472634289413691, -1.135498046875], [-0.012425332330167294, 0.05104943364858627, -0.9986188411712646, 1.5619659423828125], [-0.3180232644081116, 0.9466365575790405, 0.05234910547733307, -0.158355712890625], [0.0, 0.0, 0.0, 1.0]], [[0.010064401663839817, 0.9989848136901855, 0.043908990919589996, -0.02862548828125], [-0.008406554348766804, 0.04399418830871582, -0.998996376991272, 1.5673847198486328], [-0.9999140501022339, 0.009685183875262737, 0.00884079560637474, -0.033447265625], [0.0, 0.0, 0.0, 1.0]], [[-0.9232195615768433, 0.3841186463832855, 0.010877380147576332, 1.0274658203125], [-0.002703813835978508, 0.02181237004697323, -0.9997584223747253, 1.5473918914794922], [-0.3842630684375763, -0.9230260252952576, -0.019099023193120956, -0.0975341796875], [0.0, 0.0, 0.0, 1.0]]], "view": [[0.0, -2.0, 100.0], [-2.0, 0.0, 100.0], [0.0, 0.0, 1.0]], "bev": "bev_d53ae03f29ae4e168f6a87bf039221e0.png", "aux": "aux_d53ae03f29ae4e168f6a87bf039221e0.npz", "visibility": "visibility_d53ae03f29ae4e168f6a87bf039221e0.png", "pose": [[-0.9974707961082458, -0.07107753306627274, 0.0, 1931.5108642578125], [0.07107753306627274, -0.9974707961082458, 0.0, 786.4624633789062], [0.0, 0.0, 1.0, 0.0], [0.0, 0.0, 0.0, 1.0]], "pose_inverse": [[-0.9974707961082458, 0.07107753306627274, 0.0, 1870.725830078125], [-0.07107753306627274, -0.9974707961082458, 0.0, 921.7603759765625], [0.0, 0.0, 1.0, 0.0], [0.0, 0.0, 0.0, 1.0]], "cam_ids": [0, 1, 2, 3, 4, 5], "cam_channels": ["CAM_FRONT_LEFT", "CAM_FRONT", "CAM_FRONT_RIGHT", "CAM_BACK_LEFT", "CAM_BACK", "CAM_BACK_RIGHT"], "token": "d53ae03f29ae4e168f6a87bf039221e0", "scene": "scene-0200"}, {"images": ["samples/CAM_FRONT_LEFT/n008-2018-07-26-12-13-50-0400__CAM_FRONT_LEFT__1532621752154799.jpg", "samples/CAM_FRONT/n008-2018-07-26-12-13-50-0400__CAM_FRONT__1532621752162404.jpg", "samples/CAM_FRONT_RIGHT/n008-2018-07-26-12-13-50-0400__CAM_FRONT_RIGHT__1532621752170482.jpg", "samples/CAM_BACK_LEFT/n008-2018-07-26-12-13-50-0400__CAM_BACK_LEFT__1532621752197405.jpg", "samples/CAM_BACK/n008-2018-07-26-12-13-50-0400__CAM_BACK__1532621752187558.jpg", "samples/CAM_BACK_RIGHT/n008-2018-07-26-12-13-50-0400__CAM_BACK_RIGHT__1532621752178113.jpg"], "intrinsics": [[[1257.8625342125129, 0.0, 827.2410631095686], [0.0, 1257.8625342125129, 450.915498205774], [0.0, 0.0, 1.0]], [[1252.8131021185304, 0.0, 826.588114781398], [0.0, 1252.8131021185304, 469.9846626224581], [0.0, 0.0, 1.0]], [[1256.7485116440405, 0.0, 817.7887570959712], [0.0, 1256.7485116440403, 451.9541780095127], [0.0, 0.0, 1.0]], [[1254.9860565800168, 0.0, 829.5769333630991], [0.0, 1254.9860565800168, 467.1680561863987], [0.0, 0.0, 1.0]], [[796.8910634503094, 0.0, 857.7774326863696], [0.0, 796.8910634503094, 476.8848988407415], [0.0, 0.0, 1.0]], [[1249.9629280788233, 0.0, 825.3768045375984], [0.0, 1249.9629280788233, 462.54816385708756], [0.0, 0.0, 1.0]]], "extrinsics": [[[0.8211458325386047, -0.5699411630630493, -0.02977679669857025, -0.74462890625], [0.009984686970710754, 0.0665125846862793, -0.9977356195449829, 1.4912109375], [0.5706310868263245, 0.8189891576766968, 0.06030721217393875, -1.1566162109375], [0.0, 0.0, 0.0, 1.0]], [[0.008233271539211273, -0.998036801815033, -0.06208684667944908, 0.0101318359375], [0.012091852724552155, 0.06218377873301506, -0.9979914426803589, 1.4831314086914062], [0.9998930096626282, 0.007465992588549852, 0.012580089271068573, -1.4757080078125], [0.0, 0.0, 0.0, 1.0]], [[-0.8447967171669006, -0.5331519246101379, -0.04546993598341942, 0.922607421875], [0.02021397463977337, 0.05311758816242218, -0.998383641242981, 1.4970169067382812], [0.5347054600715637, -0.8443505167961121, -0.03409644961357117, -1.169158935546875], [0.0, 0.0, 0.0, 1.0]], [[0.9479048848152161, 0.31813591718673706, 0.01630503498017788, -1.137451171875], [-0.005183070432394743, 0.0665806382894516, -0.9977675676345825, 1.5620002746582031], [-0.31851133704185486, 0.9457042217254639, 0.06476103514432907, -0.158416748046875], [0.0, 0.0, 0.0, 1.0]], [[0.009826799854636192, 0.9981663823127747, 0.05972716584801674, -0.02874755859375], [-0.0028107978869229555, 0.05975738540291786, -0.9982089400291443, 1.5678024291992188], [-0.9999478459358215, 0.009641311131417751, 0.0033928677439689636, -0.0330810546875], [0.0, 0.0, 0.0, 1.0]], [[-0.9232544302940369, 0.3839573860168457, 0.013340190052986145, 1.0264892578125], [0.0012232873123139143, 0.03766074776649475, -0.999289870262146, 1.5479393005371094], [-0.38418710231781006, -0.9225825071334839, -0.03524014353752136, -0.0980224609375], [0.0, 0.0, 0.0, 1.0]]], "view": [[0.0, -2.0, 100.0], [-2.0, 0.0, 100.0], [0.0, 0.0, 1.0]], "bev": "bev_ee7bc0751a444d6ca6a167e42d2bee5a.png", "aux": "aux_ee7bc0751a444d6ca6a167e42d2bee5a.npz", "visibility": "visibility_ee7bc0751a444d6ca6a167e42d2bee5a.png", "pose": [[-0.9995649456977844, -0.029494887217879295, 0.0, 1927.602783203125], [0.029494887217879295, -0.9995649456977844, 0.0, 786.6922607421875], [0.0, 0.0, 1.0, 0.0], [0.0, 0.0, 0.0, 1.0]], "pose_inverse": [[-0.9995649456977844, 0.029494887217879295, 0.0, 1903.560791015625], [-0.029494887217879295, -0.9995649456977844, 0.0, 843.2044067382812], [0.0, 0.0, 1.0, 0.0], [0.0, 0.0, 0.0, 1.0]], "cam_ids": [0, 1, 2, 3, 4, 5], "cam_channels": ["CAM_FRONT_LEFT", "CAM_FRONT", "CAM_FRONT_RIGHT", "CAM_BACK_LEFT", "CAM_BACK", "CAM_BACK_RIGHT"], "token": "ee7bc0751a444d6ca6a167e42d2bee5a", "scene": "scene-0200"}, {"images": ["samples/CAM_FRONT_LEFT/n008-2018-07-26-12-13-50-0400__CAM_FRONT_LEFT__1532621752654799.jpg", "samples/CAM_FRONT/n008-2018-07-26-12-13-50-0400__CAM_FRONT__1532621752662404.jpg", "samples/CAM_FRONT_RIGHT/n008-2018-07-26-12-13-50-0400__CAM_FRONT_RIGHT__1532621752670482.jpg", "samples/CAM_BACK_LEFT/n008-2018-07-26-12-13-50-0400__CAM_BACK_LEFT__1532621752698044.jpg", "samples/CAM_BACK/n008-2018-07-26-12-13-50-0400__CAM_BACK__1532621752687558.jpg", "samples/CAM_BACK_RIGHT/n008-2018-07-26-12-13-50-0400__CAM_BACK_RIGHT__1532621752678113.jpg"], "intrinsics": [[[1257.8625342125129, 0.0, 827.2410631095686], [0.0, 1257.8625342125129, 450.915498205774], [0.0, 0.0, 1.0]], [[1252.8131021185304, 0.0, 826.588114781398], [0.0, 1252.8131021185304, 469.9846626224581], [0.0, 0.0, 1.0]], [[1256.7485116440405, 0.0, 817.7887570959712], [0.0, 1256.7485116440403, 451.9541780095127], [0.0, 0.0, 1.0]], [[1254.9860565800168, 0.0, 829.5769333630991], [0.0, 1254.9860565800168, 467.1680561863987], [0.0, 0.0, 1.0]], [[796.8910634503094, 0.0, 857.7774326863696], [0.0, 796.8910634503094, 476.8848988407415], [0.0, 0.0, 1.0]], [[1249.9629280788233, 0.0, 825.3768045375984], [0.0, 1249.9629280788233, 462.54816385708756], [0.0, 0.0, 1.0]]], "extrinsics": [[[0.8219708800315857, -0.5679340362548828, -0.04260110855102539, -0.7445068359375], [-0.0011184127070009708, 0.07319076359272003, -0.9973173141479492, 1.4875946044921875], [0.5695284605026245, 0.8198134303092957, 0.059525489807128906, -1.15869140625], [0.0, 0.0, 0.0, 1.0]], [[0.009419050067663193, -0.9975501298904419, -0.06931760162115097, 0.011962890625], [0.000997674884274602, 0.06933001428842545, -0.9975932836532593, 1.4801406860351562], [0.9999551773071289, 0.00932722445577383, 0.0016482528299093246, -1.4744873046875], [0.0, 0.0, 0.0, 1.0]], [[-0.84438157081604, -0.5342189073562622, -0.040371205657720566, 0.9202880859375], [0.009161372669041157, 0.06094648316502571, -0.9980989694595337, 1.4947357177734375], [0.5356639623641968, -0.8431462645530701, -0.04656791314482689, -1.165496826171875], [0.0, 0.0, 0.0, 1.0]], [[0.9478482007980347, 0.3185631036758423, 0.010064831003546715, -1.138916015625], [-0.015349461697041988, 0.0771670863032341, -0.9969000220298767, 1.56195068359375], [-0.31835228204727173, 0.9447553157806396, 0.0780324637889862, -0.15789794921875], [0.0, 0.0, 0.0, 1.0]], [[0.00952235795557499, 0.9975602626800537, 0.06915780156850815, -0.02947998046875], [-0.013556139543652534, 0.06928335875272751, -0.9975048899650574, 1.5668621063232422], [-0.9998627305030823, 0.008561085909605026, 0.014182808808982372, -0.0369873046875], [0.0, 0.0, 0.0, 1.0]], [[-0.9235642552375793, 0.38251230120658875, 0.026707669720053673, 1.0216064453125], [-0.009744146838784218, 0.046216852962970734, -0.9988839030265808, 1.5462379455566406], [-0.3833197057247162, -0.9227938055992126, -0.03895697742700577, -0.0985107421875], [0.0, 0.0, 0.0, 1.0]]], "view": [[0.0, -2.0, 100.0], [-2.0, 0.0, 100.0], [0.0, 0.0, 1.0]], "bev": "bev_fae1d6a4aee040bc8d60050fd942cf59.png", "aux": "aux_fae1d6a4aee040bc8d60050fd942cf59.npz", "visibility": "visibility_fae1d6a4aee040bc8d60050fd942cf59.png", "pose": [[-0.9999918341636658, -0.0040375422686338425, 0.0, 1924.0765380859375], [0.0040375422686338425, -0.9999918341636658, 0.0, 786.7798461914062], [0.0, 0.0, 1.0, 0.0], [0.0, 0.0, 0.0, 1.0]], "pose_inverse": [[-0.9999918341636658, 0.0040375422686338425, 0.0, 1920.8841552734375], [-0.0040375422686338425, -0.9999918341636658, 0.0, 794.5419921875], [0.0, 0.0, 1.0, 0.0], [0.0, 0.0, 0.0, 1.0]], "cam_ids": [0, 1, 2, 3, 4, 5], "cam_channels": ["CAM_FRONT_LEFT", "CAM_FRONT", "CAM_FRONT_RIGHT", "CAM_BACK_LEFT", "CAM_BACK", "CAM_BACK_RIGHT"], "token": "fae1d6a4aee040bc8d60050fd942cf59", "scene": "scene-0200"}, {"images": ["samples/CAM_FRONT_LEFT/n008-2018-07-26-12-13-50-0400__CAM_FRONT_LEFT__1532621753154799.jpg", "samples/CAM_FRONT/n008-2018-07-26-12-13-50-0400__CAM_FRONT__1532621753162404.jpg", "samples/CAM_FRONT_RIGHT/n008-2018-07-26-12-13-50-0400__CAM_FRONT_RIGHT__1532621753170482.jpg", "samples/CAM_BACK_LEFT/n008-2018-07-26-12-13-50-0400__CAM_BACK_LEFT__1532621753197441.jpg", "samples/CAM_BACK/n008-2018-07-26-12-13-50-0400__CAM_BACK__1532621753187558.jpg", "samples/CAM_BACK_RIGHT/n008-2018-07-26-12-13-50-0400__CAM_BACK_RIGHT__1532621753178113.jpg"], "intrinsics": [[[1257.8625342125129, 0.0, 827.2410631095686], [0.0, 1257.8625342125129, 450.915498205774], [0.0, 0.0, 1.0]], [[1252.8131021185304, 0.0, 826.588114781398], [0.0, 1252.8131021185304, 469.9846626224581], [0.0, 0.0, 1.0]], [[1256.7485116440405, 0.0, 817.7887570959712], [0.0, 1256.7485116440403, 451.9541780095127], [0.0, 0.0, 1.0]], [[1254.9860565800168, 0.0, 829.5769333630991], [0.0, 1254.9860565800168, 467.1680561863987], [0.0, 0.0, 1.0]], [[796.8910634503094, 0.0, 857.7774326863696], [0.0, 796.8910634503094, 476.8848988407415], [0.0, 0.0, 1.0]], [[1249.9629280788233, 0.0, 825.3768045375984], [0.0, 1249.9629280788233, 462.54816385708756], [0.0, 0.0, 1.0]]], "extrinsics": [[[0.8219579458236694, -0.5693544149398804, -0.014859547838568687, -0.7528076171875], [0.020834922790527344, 0.05613080784678459, -0.9982060194015503, 1.4943618774414062], [0.5691670775413513, 0.8201736807823181, 0.057999614626169205, -1.164306640625], [0.0, 0.0, 0.0, 1.0]], [[0.00953883770853281, -0.9986003637313843, -0.052022673189640045, 0.011474609375], [0.023078015074133873, 0.05223103240132332, -0.9983683824539185, 1.4857559204101562], [0.9996881484985352, 0.008322695270180702, 0.023543937131762505, -1.4842529296875], [0.0, 0.0, 0.0, 1.0]], [[-0.8440843224525452, -0.5338861346244812, -0.04987289011478424, 0.927978515625], [0.03134819120168686, 0.043717481195926666, -0.9985519647598267, 1.4990463256835938], [0.5352934002876282, -0.8444254398345947, -0.02016487717628479, -1.17132568359375], [0.0, 0.0, 0.0, 1.0]], [[0.9478246569633484, 0.31783291697502136, 0.024712661281228065, -1.1357421875], [0.006217043846845627, 0.059076182544231415, -0.9982341527938843, 1.5620918273925781], [-0.3187315762042999, 0.9463045597076416, 0.05401788651943207, -0.1588897705078125], [0.0, 0.0, 0.0, 1.0]], [[0.009389008395373821, 0.9986186027526855, 0.051698651164770126, -0.0291748046875], [0.008244493044912815, 0.05162186920642853, -0.9986326098442078, 1.5686378479003906], [-0.9999219179153442, 0.009802398271858692, -0.007748427335172892, -0.0323486328125], [0.0, 0.0, 0.0, 1.0]], [[-0.9233566522598267, 0.38394299149513245, -0.00043000440928153694, 1.029052734375], [0.012446495704352856, 0.028813552111387253, -0.9995073080062866, 1.5495223999023438], [-0.3837414085865021, -0.9229070544242859, -0.0313839316368103, -0.09619140625], [0.0, 0.0, 0.0, 1.0]]], "view": [[0.0, -2.0, 100.0], [-2.0, 0.0, 100.0], [0.0, 0.0, 1.0]], "bev": "bev_cc9c989e6e9d4e68b7ceb80fcea88751.png", "aux": "aux_cc9c989e6e9d4e68b7ceb80fcea88751.npz", "visibility": "visibility_cc9c989e6e9d4e68b7ceb80fcea88751.png", "pose": [[-0.9999287724494934, 0.011935334652662277, 0.0, 1920.585693359375], [-0.011935334652662277, -0.9999287724494934, 0.0, 786.8008422851562], [0.0, 0.0, 1.0, 0.0], [0.0, 0.0, 0.0, 1.0]], "pose_inverse": [[-0.9999287724494934, -0.011935334652662277, 0.0, 1929.839599609375], [0.011935334652662277, -0.9999287724494934, 0.0, 763.8219604492188], [0.0, 0.0, 1.0, 0.0], [0.0, 0.0, 0.0, 1.0]], "cam_ids": [0, 1, 2, 3, 4, 5], "cam_channels": ["CAM_FRONT_LEFT", "CAM_FRONT", "CAM_FRONT_RIGHT", "CAM_BACK_LEFT", "CAM_BACK", "CAM_BACK_RIGHT"], "token": "cc9c989e6e9d4e68b7ceb80fcea88751", "scene": "scene-0200"}, {"images": ["samples/CAM_FRONT_LEFT/n008-2018-07-26-12-13-50-0400__CAM_FRONT_LEFT__1532621753654799.jpg", "samples/CAM_FRONT/n008-2018-07-26-12-13-50-0400__CAM_FRONT__1532621753662404.jpg", "samples/CAM_FRONT_RIGHT/n008-2018-07-26-12-13-50-0400__CAM_FRONT_RIGHT__1532621753670482.jpg", "samples/CAM_BACK_LEFT/n008-2018-07-26-12-13-50-0400__CAM_BACK_LEFT__1532621753697405.jpg", "samples/CAM_BACK/n008-2018-07-26-12-13-50-0400__CAM_BACK__1532621753687558.jpg", "samples/CAM_BACK_RIGHT/n008-2018-07-26-12-13-50-0400__CAM_BACK_RIGHT__1532621753678113.jpg"], "intrinsics": [[[1257.8625342125129, 0.0, 827.2410631095686], [0.0, 1257.8625342125129, 450.915498205774], [0.0, 0.0, 1.0]], [[1252.8131021185304, 0.0, 826.588114781398], [0.0, 1252.8131021185304, 469.9846626224581], [0.0, 0.0, 1.0]], [[1256.7485116440405, 0.0, 817.7887570959712], [0.0, 1256.7485116440403, 451.9541780095127], [0.0, 0.0, 1.0]], [[1254.9860565800168, 0.0, 829.5769333630991], [0.0, 1254.9860565800168, 467.1680561863987], [0.0, 0.0, 1.0]], [[796.8910634503094, 0.0, 857.7774326863696], [0.0, 796.8910634503094, 476.8848988407415], [0.0, 0.0, 1.0]], [[1249.9629280788233, 0.0, 825.3768045375984], [0.0, 1249.9629280788233, 462.54816385708756], [0.0, 0.0, 1.0]]], "extrinsics": [[[0.8226215243339539, -0.5683457255363464, -0.016640085726976395, -0.759521484375], [0.010538195259869099, 0.04450041800737381, -0.9989537596702576, 1.4911613464355469], [0.5684916377067566, 0.8215855956077576, 0.04259634017944336, -1.1702880859375], [0.0, 0.0, 0.0, 1.0]], [[0.010467452928423882, -0.9991254210472107, -0.04048110172152519, 0.01239013671875], [0.012235160917043686, 0.04060826450586319, -0.9991002678871155, 1.4829673767089844], [0.9998703598976135, 0.00996274035423994, 0.01264952588826418, -1.4906005859375], [0.0, 0.0, 0.0, 1.0]], [[-0.8438081741333008, -0.535563051700592, -0.03405829891562462, 0.931884765625], [0.019947249442338943, 0.03212001547217369, -0.9992849230766296, 1.4967460632324219], [0.5362740159034729, -0.843884289264679, -0.01642012596130371, -1.17205810546875], [0.0, 0.0, 0.0, 1.0]], [[0.9478712677955627, 0.31851157546043396, 0.009507493115961552, -1.13330078125], [-0.006027992814779282, 0.04775409400463104, -0.9988409280776978, 1.5619621276855469], [-0.3185964524745941, 0.9467152953147888, 0.047184720635414124, -0.160064697265625], [0.0, 0.0, 0.0, 1.0]], [[0.00907053705304861, 0.9991539716720581, 0.04011239856481552, -0.02984619140625], [-0.0035641801077872515, 0.04014609754085541, -0.9991874694824219, 1.567720413