[{"images": ["samples/CAM_FRONT_LEFT/n008-2018-09-18-12-53-31-0400__CAM_FRONT_LEFT__1537290241404799.jpg", "samples/CAM_FRONT/n008-2018-09-18-12-53-31-0400__CAM_FRONT__1537290241412404.jpg", "samples/CAM_FRONT_RIGHT/n008-2018-09-18-12-53-31-0400__CAM_FRONT_RIGHT__1537290241420482.jpg", "samples/CAM_BACK_LEFT/n008-2018-09-18-12-53-31-0400__CAM_BACK_LEFT__1537290241447410.jpg", "samples/CAM_BACK/n008-2018-09-18-12-53-31-0400__CAM_BACK__1537290241437558.jpg", "samples/CAM_BACK_RIGHT/n008-2018-09-18-12-53-31-0400__CAM_BACK_RIGHT__1537290241428113.jpg"], "intrinsics": [[[1257.8625342125129, 0.0, 827.2410631095686], [0.0, 1257.8625342125129, 450.915498205774], [0.0, 0.0, 1.0]], [[1252.8131021185304, 0.0, 826.588114781398], [0.0, 1252.8131021185304, 469.9846626224581], [0.0, 0.0, 1.0]], [[1256.7485116440405, 0.0, 817.7887570959712], [0.0, 1256.7485116440403, 451.9541780095127], [0.0, 0.0, 1.0]], [[1254.9860565800168, 0.0, 829.5769333630991], [0.0, 1254.9860565800168, 467.1680561863987], [0.0, 0.0, 1.0]], [[796.8910634503094, 0.0, 857.7774326863696], [0.0, 796.8910634503094, 476.8848988407415], [0.0, 0.0, 1.0]], [[1249.9629280788233, 0.0, 825.3768045375984], [0.0, 1249.9629280788233, 462.54816385708756], [0.0, 0.0, 1.0]]], "extrinsics": [[[0.8226131796836853, -0.5681537985801697, -0.022559266537427902, -0.728515625], [0.004842194262892008, 0.046673405915498734, -0.9988985061645508, 1.4897003173828125], [0.5685808658599854, 0.8215978145599365, 0.04114526882767677, -1.147705078125], [0.0, 0.0, 0.0, 1.0]], [[0.010319779627025127, -0.9990442991256714, -0.0424741730093956, 0.011962890625], [0.006931452080607414, 0.04254688322544098, -0.9990704655647278, 1.4819107055664062], [0.9999227523803711, 0.010015761479735374, 0.007363901007920504, -1.4598388671875], [0.0, 0.0, 0.0, 1.0]], [[-0.8439865112304688, -0.5354744791984558, -0.030886536464095116, 0.912322998046875], [0.015098859556019306, 0.03384304419159889, -0.9993130564689636, 1.4961967468261719], [0.5361519455909729, -0.8438730239868164, -0.0204780176281929, -1.160888671875], [0.0, 0.0, 0.0, 1.0]], [[0.9479448199272156, 0.31836825609207153, 0.006489401683211327, -1.132056713104248], [-0.009609733708202839, 0.04897099733352661, -0.9987539649009705, 1.561920166015625], [-0.3182893693447113, 0.9467014074325562, 0.049481239169836044, -0.16015625], [0.0, 0.0, 0.0, 1.0]], [[0.009347927756607533, 0.999098539352417, 0.04141022264957428, -0.0291748046875], [-0.007764379493892193, 0.041483305394649506, -0.9991090297698975, 1.567352294921875], [-0.9999261498451233, 0.009018102660775185, 0.00814516469836235, -0.04107666015625], [0.0, 0.0, 0.0, 1.0]], [[-0.9237269163131714, 0.3829024136066437, 0.010692392475903034, 1.0166015625], [-0.0037860532756894827, 0.018785858526825905, -0.999816358089447, 1.5471820831298828], [-0.383032888174057, -0.9235978126525879, -0.01590331643819809, -0.101318359375], [0.0, 0.0, 0.0, 1.0]]], "view": [[0.0, -2.0, 100.0], [-2.0, 0.0, 100.0], [0.0, 0.0, 1.0]], "bev": "bev_323ae179997042c0817b80fb92ecceec.png", "aux": "aux_323ae179997042c0817b80fb92ecceec.npz", "visibility": "visibility_323ae179997042c0817b80fb92ecceec.png", "pose": [[0.7544901371002197, 0.6563113927841187, 0.0, 654.9732666015625], [-0.6563113927841187, 0.7544901371002197, 0.0, 1604.6759033203125], [0.0, 0.0, 1.0, 0.0], [0.0, 0.0, 0.0, 1.0]], "pose_inverse": [[0.7544901371002197, -0.6563113927841187, 0.0, 558.9961547851562], [0.6563113927841187, 0.7544901371002197, 0.0, -1640.57861328125], [0.0, 0.0, 1.0, 0.0], [0.0, 0.0, 0.0, 1.0]], "cam_ids": [0, 1, 2, 3, 4, 5], "cam_channels": ["CAM_FRONT_LEFT", "CAM_FRONT", "CAM_FRONT_RIGHT", "CAM_BACK_LEFT", "CAM_BACK", "CAM_BACK_RIGHT"], "token": "323ae179997042c0817b80fb92ecceec", "scene": "scene-0479"}, {"images": ["samples/CAM_FRONT_LEFT/n008-2018-09-18-12-53-31-0400__CAM_FRONT_LEFT__1537290241904799.jpg", "samples/CAM_FRONT/n008-2018-09-18-12-53-31-0400__CAM_FRONT__1537290241912404.jpg", "samples/CAM_FRONT_RIGHT/n008-2018-09-18-12-53-31-0400__CAM_FRONT_RIGHT__1537290241920482.jpg", "samples/CAM_BACK_LEFT/n008-2018-09-18-12-53-31-0400__CAM_BACK_LEFT__1537290241947405.jpg", "samples/CAM_BACK/n008-2018-09-18-12-53-31-0400__CAM_BACK__1537290241937558.jpg", "samples/CAM_BACK_RIGHT/n008-2018-09-18-12-53-31-0400__CAM_BACK_RIGHT__1537290241928113.jpg"], "intrinsics": [[[1257.8625342125129, 0.0, 827.2410631095686], [0.0, 1257.8625342125129, 450.915498205774], [0.0, 0.0, 1.0]], [[1252.8131021185304, 0.0, 826.588114781398], [0.0, 1252.8131021185304, 469.9846626224581], [0.0, 0.0, 1.0]], [[1256.7485116440405, 0.0, 817.7887570959712], [0.0, 1256.7485116440403, 451.9541780095127], [0.0, 0.0, 1.0]], [[1254.9860565800168, 0.0, 829.5769333630991], [0.0, 1254.9860565800168, 467.1680561863987], [0.0, 0.0, 1.0]], [[796.8910634503094, 0.0, 857.7774326863696], [0.0, 796.8910634503094, 476.8848988407415], [0.0, 0.0, 1.0]], [[1249.9629280788233, 0.0, 825.3768045375984], [0.0, 1249.9629280788233, 462.54816385708756], [0.0, 0.0, 1.0]]], "extrinsics": [[[0.8222126364707947, -0.5687856078147888, -0.021197166293859482, -0.7314453125], [0.006328682415187359, 0.04637504369020462, -0.9989040493965149, 1.490203857421875], [0.5691452622413635, 0.8211773633956909, 0.04172981157898903, -1.14892578125], [0.0, 0.0, 0.0, 1.0]], [[0.009705653414130211, -0.9990586042404175, -0.042280808091163635, 0.01123046875], [0.008330206386744976, 0.04236212000250816, -0.9990676641464233, 1.4823150634765625], [0.9999181032180786, 0.009344398975372314, 0.008733516559004784, -1.46044921875], [0.0, 0.0, 0.0, 1.0]], [[-0.8442582488059998, -0.5349834561347961, -0.03194792941212654, 0.91033935546875], [0.01641276106238365, 0.0337744764983654, -0.9992946982383728, 1.4965248107910156], [0.535685122013092, -0.8441872596740723, -0.01973382756114006, -1.160400390625], [0.0, 0.0, 0.0, 1.0]], [[0.9479586482048035, 0.3183000981807709, 0.007708685472607613, -1.1290078163146973], [-0.008432796224951744, 0.04930246248841286, -0.9987483024597168, 1.5619049072265625], [-0.31828173995018005, 0.9467070698738098, 0.04942085221409798, -0.1612548828125], [0.0, 0.0, 0.0, 1.0]], [[0.009578503668308258, 0.9990885257720947, 0.041598137468099594, -0.0289306640625], [-0.006627604831010103, 0.041662562638521194, -0.9991097450256348, 1.5674285888671875], [-0.9999322891235352, 0.009294318966567516, 0.0070206294767558575, -0.04449462890625], [0.0, 0.0, 0.0, 1.0]], [[-0.9235554933547974, 0.383344829082489, 0.009585455991327763, 1.01318359375], [-0.0025633578188717365, 0.018824629485607147, -0.9998195171356201, 1.5473690032958984], [-0.3834559917449951, -0.9234134554862976, -0.016402939334511757, -0.10302734375], [0.0, 0.0, 0.0, 1.0]]], "view": [[0.0, -2.0, 100.0], [-2.0, 0.0, 100.0], [0.0, 0.0, 1.0]], "bev": "bev_db9838b87ee9480cb827c3aa05a50274.png", "aux": "aux_db9838b87ee9480cb827c3aa05a50274.npz", "visibility": "visibility_db9838b87ee9480cb827c3aa05a50274.png", "pose": [[0.7557448148727417, 0.6548662185668945, 0.0, 657.7685546875], [-0.6548662185668945, 0.7557448148727417, 0.0, 1602.1881103515625], [0.0, 0.0, 1.0, 0.0], [0.0, 0.0, 0.0, 1.0]], "pose_inverse": [[0.7557448148727417, -0.6548662185668945, 0.0, 552.1136474609375], [0.6548662185668945, 0.7557448148727417, 0.0, -1641.5958251953125], [0.0, 0.0, 1.0, 0.0], [0.0, 0.0, 0.0, 1.0]], "cam_ids": [0, 1, 2, 3, 4, 5], "cam_channels": ["CAM_FRONT_LEFT", "CAM_FRONT", "CAM_FRONT_RIGHT", "CAM_BACK_LEFT", "CAM_BACK", "CAM_BACK_RIGHT"], "token": "db9838b87ee9480cb827c3aa05a50274", "scene": "scene-0479"}, {"images": ["samples/CAM_FRONT_LEFT/n008-2018-09-18-12-53-31-0400__CAM_FRONT_LEFT__1537290242404799.jpg", "samples/CAM_FRONT/n008-2018-09-18-12-53-31-0400__CAM_FRONT__1537290242412404.jpg", "samples/CAM_FRONT_RIGHT/n008-2018-09-18-12-53-31-0400__CAM_FRONT_RIGHT__1537290242420482.jpg", "samples/CAM_BACK_LEFT/n008-2018-09-18-12-53-31-0400__CAM_BACK_LEFT__1537290242447405.jpg", "samples/CAM_BACK/n008-2018-09-18-12-53-31-0400__CAM_BACK__1537290242437558.jpg", "samples/CAM_BACK_RIGHT/n008-2018-09-18-12-53-31-0400__CAM_BACK_RIGHT__1537290242428113.jpg"], "intrinsics": [[[1257.8625342125129, 0.0, 827.2410631095686], [0.0, 1257.8625342125129, 450.915498205774], [0.0, 0.0, 1.0]], [[1252.8131021185304, 0.0, 826.588114781398], [0.0, 1252.8131021185304, 469.9846626224581], [0.0, 0.0, 1.0]], [[1256.7485116440405, 0.0, 817.7887570959712], [0.0, 1256.7485116440403, 451.9541780095127], [0.0, 0.0, 1.0]], [[1254.9860565800168, 0.0, 829.5769333630991], [0.0, 1254.9860565800168, 467.1680561863987], [0.0, 0.0, 1.0]], [[796.8910634503094, 0.0, 857.7774326863696], [0.0, 796.8910634503094, 476.8848988407415], [0.0, 0.0, 1.0]], [[1249.9629280788233, 0.0, 825.3768045375984], [0.0, 1249.9629280788233, 462.54816385708756], [0.0, 0.0, 1.0]]], "extrinsics": [[[0.8221446871757507, -0.5691250562667847, -0.013219878077507019, -0.7374267578125], [0.016217214986681938, 0.04662710800766945, -0.9987806677818298, 1.4934158325195312], [0.5690475106239319, 0.8209279179573059, 0.04756385460495949, -1.1514892578125], [0.0, 0.0, 0.0, 1.0]], [[0.009787310846149921, -0.9990611672401428, -0.04219961166381836, 0.01025390625], [0.01833535172045231, 0.042373839765787125, -0.9989335536956787, 1.4849891662597656], [0.9997839331626892, 0.009003078565001488, 0.018732866272330284, -1.4664306640625], [0.0, 0.0, 0.0, 1.0]], [[-0.8440322875976562, -0.5347716212272644, -0.040358562022447586, 0.91448974609375], [0.026528149843215942, 0.03353026881814003, -0.999085545539856, 1.4985809326171875], [0.535635769367218, -0.8443311452865601, -0.014114133082330227, -1.163818359375], [0.0, 0.0, 0.0, 1.0]], [[0.947889506816864, 0.3181549310684204, 0.01682230830192566, -1.1302623748779297], [0.001512267510406673, 0.04830725118517876, -0.9988313317298889, 1.5620574951171875], [-0.31859567761421204, 0.9468071460723877, 0.04530879855155945, -0.160888671875], [0.0, 0.0, 0.0, 1.0]], [[0.009330459870398045, 0.9991176128387451, 0.04095082730054855, -0.028564453125], [0.003455830505117774, 0.04092014208436012, -0.9991564154624939, 1.5683364868164062], [-0.9999504685401917, 0.00946415401995182, -0.0030709768179804087, -0.04156494140625], [0.0, 0.0, 0.0, 1.0]], [[-0.9235278964042664, 0.3835310637950897, 7.296066905837506e-05, 1.0177001953125], [0.0075466213747859, 0.018362170085310936, -0.9998029470443726, 1.5489540100097656], [-0.3834567070007324, -0.9233454465866089, -0.01985234208405018, -0.1016845703125], [0.0, 0.0, 0.0, 1.0]]], "view": [[0.0, -2.0, 100.0], [-2.0, 0.0, 100.0], [0.0, 0.0, 1.0]], "bev": "bev_c8f6ccc2962b4ea98fa14e12d4c330ef.png", "aux": "aux_c8f6ccc2962b4ea98fa14e12d4c330ef.npz", "visibility": "visibility_c8f6ccc2962b4ea98fa14e12d4c330ef.png", "pose": [[0.7591643929481506, 0.6508988738059998, 0.0, 660.5057373046875], [-0.6508988738059998, 0.7591643929481506, 0.0, 1599.789306640625], [0.0, 0.0, 1.0, 0.0], [0.0, 0.0, 0.0, 1.0]], "pose_inverse": [[0.7591643929481506, -0.6508988738059998, 0.0, 539.86865234375], [0.6508988738059998, 0.7591643929481506, 0.0, -1644.425537109375], [0.0, 0.0, 1.0, 0.0], [0.0, 0.0, 0.0, 1.0]], "cam_ids": [0, 1, 2, 3, 4, 5], "cam_channels": ["CAM_FRONT_LEFT", "CAM_FRONT", "CAM_FRONT_RIGHT", "CAM_BACK_LEFT", "CAM_BACK", "CAM_BACK_RIGHT"], "token": "c8f6ccc2962b4ea98fa14e12d4c330ef", "scene": "scene-0479"}, {"images": ["samples/CAM_FRONT_LEFT/n008-2018-09-18-12-53-31-0400__CAM_FRONT_LEFT__1537290242904799.jpg", "samples/CAM_FRONT/n008-2018-09-18-12-53-31-0400__CAM_FRONT__1537290242912404.jpg", "samples/CAM_FRONT_RIGHT/n008-2018-09-18-12-53-31-0400__CAM_FRONT_RIGHT__1537290242920482.jpg", "samples/CAM_BACK_LEFT/n008-2018-09-18-12-53-31-0400__CAM_BACK_LEFT__1537290242947405.jpg", "samples/CAM_BACK/n008-2018-09-18-12-53-31-0400__CAM_BACK__1537290242937558.jpg", "samples/CAM_BACK_RIGHT/n008-2018-09-18-12-53-31-0400__CAM_BACK_RIGHT__1537290242928113.jpg"], "intrinsics": [[[1257.8625342125129, 0.0, 827.2410631095686], [0.0, 1257.8625342125129, 450.915498205774], [0.0, 0.0, 1.0]], [[1252.8131021185304, 0.0, 826.588114781398], [0.0, 1252.8131021185304, 469.9846626224581], [0.0, 0.0, 1.0]], [[1256.7485116440405, 0.0, 817.7887570959712], [0.0, 1256.7485116440403, 451.9541780095127], [0.0, 0.0, 1.0]], [[1254.9860565800168, 0.0, 829.5769333630991], [0.0, 1254.9860565800168, 467.1680561863987], [0.0, 0.0, 1.0]], [[796.8910634503094, 0.0, 857.7774326863696], [0.0, 796.8910634503094, 476.8848988407415], [0.0, 0.0, 1.0]], [[1249.9629280788233, 0.0, 825.3768045375984], [0.0, 1249.9629280788233, 462.54816385708756], [0.0, 0.0, 1.0]]], "extrinsics": [[[0.82241290807724, -0.5687556862831116, -0.012408411130309105, -0.7366943359375], [0.011500181630253792, 0.03842831775546074, -0.9991952180862427, 1.4919204711914062], [0.5687747597694397, 0.821608304977417, 0.03814473748207092, -1.1510009765625], [0.0, 0.0, 0.0, 1.0]], [[0.010095279663801193, -0.9993653297424316, -0.03416052088141441, 0.0103759765625], [0.013037750497460365, 0.03429090976715088, -0.9993268847465515, 1.4836044311523438], [0.9998640418052673, 0.009643130004405975, 0.013375652022659779, -1.4652099609375], [0.0, 0.0, 0.0, 1.0]], [[-0.8440077304840088, -0.5354272127151489, -0.031122395768761635, 0.913360595703125], [0.02063164860010147, 0.025572700425982475, -0.9994600415229797, 1.497385025024414], [0.5359340310096741, -0.8441941738128662, -0.010536810383200645, -1.162841796875], [0.0, 0.0, 0.0, 1.0]], [[0.9479109644889832, 0.3184276521205902, 0.008282501250505447, -1.1274681091308594], [-0.005117764230817556, 0.04122297465801239, -0.9991368651390076, 1.5619430541992188], [-0.3184943199157715, 0.9470503926277161, 0.040705349296331406, -0.1619873046875], [0.0, 0.0, 0.0, 1.0]], [[0.009301818907260895, 0.9994000792503357, 0.033361777663230896, -0.028564453125], [-0.003006948856636882, 0.03339102491736412, -0.9994378089904785, 1.5677757263183594], [-0.9999522566795349, 0.009196332655847073, 0.0033157430589199066, -0.0439453125], [0.0, 0.0, 0.0, 1.0]], [[-0.9236605763435364, 0.3832017183303833, 0.0027473343070596457, 1.0159912109375], [0.001395943108946085, 0.010533763095736504, -0.9999434947967529, 1.5480155944824219], [-0.3832089602947235, -0.9236046075820923, -0.010264548473060131, -0.1024169921875], [0.0, 0.0, 0.0, 1.0]]], "view": [[0.0, -2.0, 100.0], [-2.0, 0.0, 100.0], [0.0, 0.0, 1.0]], "bev": "bev_1581c8e4a6254b788966c78991d7053e.png", "aux": "aux_1581c8e4a6254b788966c78991d7053e.npz", "visibility": "visibility_1581c8e4a6254b788966c78991d7053e.png", "pose": [[0.760382354259491, 0.6494756937026978, 0.0, 663.2514038085938], [-0.6494756937026978, 0.760382354259491, 0.0, 1597.39599609375], [0.0, 0.0, 1.0, 0.0], [0.0, 0.0, 0.0, 1.0]], "pose_inverse": [[0.760382354259491, -0.6494756937026978, 0.0, 533.1452026367188], [0.6494756937026978, 0.760382354259491, 0.0, -1645.3973388671875], [0.0, 0.0, 1.0, 0.0], [0.0, 0.0, 0.0, 1.0]], "cam_ids": [0, 1, 2, 3, 4, 5], "cam_channels": ["CAM_FRONT_LEFT", "CAM_FRONT", "CAM_FRONT_RIGHT", "CAM_BACK_LEFT", "CAM_BACK", "CAM_BACK_RIGHT"], "token": "1581c8e4a6254b788966c78991d7053e", "scene": "scene-0479"}, {"images": ["samples/CAM_FRONT_LEFT/n008-2018-09-18-12-53-31-0400__CAM_FRONT_LEFT__1537290243404799.jpg", "samples/CAM_FRONT/n008-2018-09-18-12-53-31-0400__CAM_FRONT__1537290243412404.jpg", "samples/CAM_FRONT_RIGHT/n008-2018-09-18-12-53-31-0400__CAM_FRONT_RIGHT__1537290243420482.jpg", "samples/CAM_BACK_LEFT/n008-2018-09-18-12-53-31-0400__CAM_BACK_LEFT__1537290243447405.jpg", "samples/CAM_BACK/n008-2018-09-18-12-53-31-0400__CAM_BACK__1537290243437558.jpg", "samples/CAM_BACK_RIGHT/n008-2018-09-18-12-53-31-0400__CAM_BACK_RIGHT__1537290243428113.jpg"], "intrinsics": [[[1257.8625342125129, 0.0, 827.2410631095686], [0.0, 1257.8625342125129, 450.915498205774], [0.0, 0.0, 1.0]], [[1252.8131021185304, 0.0, 826.588114781398], [0.0, 1252.8131021185304, 469.9846626224581], [0.0, 0.0, 1.0]], [[1256.7485116440405, 0.0, 817.7887570959712], [0.0, 1256.7485116440403, 451.9541780095127], [0.0, 0.0, 1.0]], [[1254.9860565800168, 0.0, 829.5769333630991], [0.0, 1254.9860565800168, 467.1680561863987], [0.0, 0.0, 1.0]], [[796.8910634503094, 0.0, 857.7774326863696], [0.0, 796.8910634503094, 476.8848988407415], [0.0, 0.0, 1.0]], [[1249.9629280788233, 0.0, 825.3768045375984], [0.0, 1249.9629280788233, 462.54816385708756], [0.0, 0.0, 1.0]]], "extrinsics": [[[0.822101891040802, -0.5692282319068909, -0.011300260201096535, -0.7274169921875], [0.012238988652825356, 0.03751246631145477, -0.9992212057113647, 1.4922866821289062], [0.5692089200019836, 0.8213233947753906, 0.037805844098329544, -1.144775390625], [0.0, 0.0, 0.0, 1.0]], [[0.009632105939090252, -0.9994049072265625, -0.033122338354587555, 0.0106201171875], [0.014337277039885521, 0.033258501440286636, -0.999343991279602, 1.4841041564941406], [0.9998508095741272, 0.009150794707238674, 0.014649092219769955, -1.45452880859375], [0.0, 0.0, 0.0, 1.0]], [[-0.8441901206970215, -0.5350837111473083, -0.032068267464637756, 0.904510498046875], [0.022490309551358223, 0.024415798485279083, -0.999448835849762, 1.4980125427246094], [0.5355718731880188, -0.8444461226463318, -0.0085773766040802, -1.1572265625], [0.0, 0.0, 0.0, 1.0]], [[0.9479138255119324, 0.31837692856788635, 0.009774071164429188, -1.1202831268310547], [-0.0029640207067131996, 0.039500460028648376, -0.9992151260375977, 1.5619659423828125], [-0.3185131549835205, 0.9471408724784851, 0.03838670998811722, -0.1641845703125], [0.0, 0.0, 0.0, 1.0]], [[0.009455702267587185, 0.9994471669197083, 0.031877100467681885, -0.028564453125], [-0.0007938886410556734, 0.0318860188126564, -0.9994912147521973, 1.567962646484375], [-0.9999550580978394, 0.009425570257008076, 0.001094954670406878, -0.052734375], [0.0, 0.0, 0.0, 1.0]], [[-0.9235180616378784, 0.3835545778274536, 0.0004350169328972697, 1.006591796875], [0.0033738368656486273, 0.009257597848773003, -0.9999514222145081, 1.5483617782592773], [-0.3835400640964508, -0.9234718084335327, -0.009843610227108002, -0.1063232421875], [0.0, 0.0, 0.0, 1.0]]], "view": [[0.0, -2.0, 100.0], [-2.0, 0.0, 100.0], [0.0, 0.0, 1.0]], "bev": "bev_4d462943df58470b87a3ddbc1cdcdeca.png", "aux": "aux_4d462943df58470b87a3ddbc1cdcdeca.npz", "visibility": "visibility_4d462943df58470b87a3ddbc1cdcdeca.png", "pose": [[0.7632638812065125, 0.6460868716239929, 0.0, 666.03076171875], [-0.6460868716239929, 0.7632638812065125, 0.0, 1594.9921875], [0.0, 0.0, 1.0, 0.0], [0.0, 0.0, 0.0, 1.0]], "pose_inverse": [[0.7632638812065125, -0.6460868716239929, 0.0, 522.1463012695312], [0.6460868716239929, 0.7632638812065125, 0.0, -1647.713623046875], [0.0, 0.0, 1.0, 0.0], [0.0, 0.0, 0.0, 1.0]], "cam_ids": [0, 1, 2, 3, 4, 5], "cam_channels": ["CAM_FRONT_LEFT", "CAM_FRONT", "CAM_FRONT_RIGHT", "CAM_BACK_LEFT", "CAM_BACK", "CAM_BACK_RIGHT"], "token": "4d462943df58470b87a3ddbc1cdcdeca", "scene": "scene-0479"}, {"images": ["samples/CAM_FRONT_LEFT/n008-2018-09-18-12-53-31-0400__CAM_FRONT_LEFT__1537290243904799.jpg", "samples/CAM_FRONT/n008-2018-09-18-12-53-31-0400__CAM_FRONT__1537290243912404.jpg", "samples/CAM_FRONT_RIGHT/n008-2018-09-18-12-53-31-0400__CAM_FRONT_RIGHT__1537290243920482.jpg", "samples/CAM_BACK_LEFT/n008-2018-09-18-12-53-31-0400__CAM_BACK_LEFT__1537290243947405.jpg", "samples/CAM_BACK/n008-2018-09-18-12-53-31-0400__CAM_BACK__1537290243937558.jpg", "samples/CAM_BACK_RIGHT/n008-2018-09-18-12-53-31-0400__CAM_BACK_RIGHT__1537290243928113.jpg"], "intrinsics": [[[1257.8625342125129, 0.0, 827.2410631095686], [0.0, 1257.8625342125129, 450.915498205774], [0.0, 0.0, 1.0]], [[1252.8131021185304, 0.0, 826.588114781398], [0.0, 1252.8131021185304, 469.9846626224581], [0.0, 0.0, 1.0]], [[1256.7485116440405, 0.0, 817.7887570959712], [0.0, 1256.7485116440403, 451.9541780095127], [0.0, 0.0, 1.0]], [[1254.9860565800168, 0.0, 829.5769333630991], [0.0, 1254.9860565800168, 467.1680561863987], [0.0, 0.0, 1.0]], [[796.8910634503094, 0.0, 857.7774326863696], [0.0, 796.8910634503094, 476.8848988407415], [0.0, 0.0, 1.0]], [[1249.9629280788233, 0.0, 825.3768045375984], [0.0, 1249.9629280788233, 462.54816385708756], [0.0, 0.0, 1.0]]], "extrinsics": [[[0.8223176002502441, -0.5688518285751343, -0.01419316977262497, -0.7130126953125], [0.012036927044391632, 0.0423266626894474, -0.9990313053131104, 1.4923515319824219], [0.5689014792442322, 0.8213501572608948, 0.041653186082839966, -1.136474609375], [0.0, 0.0, 0.0, 1.0]], [[0.010028469376266003, -0.9992232918739319, -0.038107167929410934, 0.0120849609375], [0.01402018591761589, 0.03824584558606148, -0.9991700053215027, 1.4841575622558594], [0.9998514652252197, 0.009485901333391666, 0.014392844401299953, -1.440093994140625], [0.0, 0.0, 0.0, 1.0]], [[-0.8439713716506958, -0.5352784991264343, -0.03448724374175072, 0.895050048828125], [0.02207033336162567, 0.029586495831608772, -0.9993184804916382, 1.4981460571289062], [0.5359340310096741, -0.8441573977470398, -0.013156382367014885, -1.1500244140625], [0.0, 0.0, 0.0, 1.0]], [[0.947909414768219, 0.318351686000824, 0.010958069935441017, -1.1198997497558594], [-0.0034449470695108175, 0.04464426264166832, -0.9989970326423645, 1.5619430541992188], [-0.318521648645401, 0.9469208717346191, 0.04341541603207588, -0.16455078125], [0.0, 0.0, 0.0, 1.0]], [[0.009244982153177261, 0.9992668628692627, 0.03715338930487633, -0.029052734375], [-0.001265480648726225, 0.03716664016246796, -0.9993082284927368, 1.5678863525390625], [-0.999956488609314, 0.009191550314426422, 0.0016081565991044044, -0.0576171875], [0.0, 0.0, 0.0, 1.0]], [[-0.9236774444580078, 0.3831605911254883, 0.0027942757587879896, 0.9979248046875], [0.0030024400912225246, 0.0145298196002841, -0.9998899102210999, 1.5483074188232422], [-0.38315892219543457, -0.9235674738883972, -0.014571284875273705, -0.1090087890625], [0.0, 0.0, 0.0, 1.0]]], "view": [[0.0, -2.0, 100.0], [-2.0, 0.0, 100.0], [0.0, 0.0, 1.0]], "bev": "bev_f5cf6738a94f43ccb1ceb431cd6c1203.png", "aux": "aux_f5cf6738a94f43ccb1ceb431cd6c1203.npz", "visibility": "visibility_f5cf6738a94f43ccb1ceb431cd6c1203.png", "pose": [[0.7639573216438293, 0.6452667713165283, 0.0, 668.847412109375], [-0.6452667713165283, 0.7639573216438293, 0.0, 1592.548095703125], [0.0, 0.0, 1.0, 0.0], [0.0, 0.0, 0.0, 1.0]], "pose_inverse": [[0.7639573216438293, -0.6452667713165283, 0.0, 516.6475219726562], [0.6452667713165283, 0.7639573216438293, 0.0, -1648.2237548828125], [0.0, 0.0, 1.0, 0.0], [0.0, 0.0, 0.0, 1.0]], "cam_ids": [0, 1, 2, 3, 4, 5], "cam_channels": ["CAM_FRONT_LEFT", "CAM_FRONT", "CAM_FRONT_RIGHT", "CAM_BACK_LEFT", "CAM_BACK", "CAM_BACK_RIGHT"], "token": "f5cf6738a94f43ccb1ceb431cd6c1203", "scene": "scene-0479"}, {"images": ["samples/CAM_FRONT_LEFT/n008-2018-09-18-12-53-31-0400__CAM_FRONT_LEFT__1537290244404799.jpg", "samples/CAM_FRONT/n008-2018-09-18-12-53-31-0400__CAM_FRONT__1537290244412404.jpg", "samples/CAM_FRONT_RIGHT/n008-2018-09-18-12-53-31-0400__CAM_FRONT_RIGHT__1537290244420482.jpg", "samples/CAM_BACK_LEFT/n008-2018-09-18-12-53-31-0400__CAM_BACK_LEFT__1537290244447405.jpg", "samples/CAM_BACK/n008-2018-09-18-12-53-31-0400__CAM_BACK__1537290244437558.jpg", "samples/CAM_BACK_RIGHT/n008-2018-09-18-12-53-31-0400__CAM_BACK_RIGHT__1537290244428113.jpg"], "intrinsics": [[[1257.8625342125129, 0.0, 827.2410631095686], [0.0, 1257.8625342125129, 450.915498205774], [0.0, 0.0, 1.0]], [[1252.8131021185304, 0.0, 826.588114781398], [0.0, 1252.8131021185304, 469.9846626224581], [0.0, 0.0, 1.0]], [[1256.7485116440405, 0.0, 817.7887570959712], [0.0, 1256.7485116440403, 451.9541780095127], [0.0, 0.0, 1.0]], [[1254.9860565800168, 0.0, 829.5769333630991], [0.0, 1254.9860565800168, 467.1680561863987], [0.0, 0.0, 1.0]], [[796.8910634503094, 0.0, 857.7774326863696], [0.0, 796.8910634503094, 476.8848988407415], [0.0, 0.0, 1.0]], [[1249.9629280788233, 0.0, 825.3768045375984], [0.0, 1249.9629280788233, 462.54816385708756], [0.0, 0.0, 1.0]]], "extrinsics": [[[0.8225205540657043, -0.5685341954231262, -0.015130151994526386, -0.7086181640625], [0.009361637756228447, 0.04013380780816078, -0.9991504549980164, 1.4914627075195312], [0.5686584115028381, 0.8216801881790161, 0.038333289325237274, -1.1337890625], [0.0, 0.0, 0.0, 1.0]], [[0.010272352024912834, -0.9993035793304443, -0.03587275370955467, 0.01220703125], [0.011024615727365017, 0.03598564863204956, -0.9992915391921997, 1.4833145141601562], [0.9998864531517029, 0.009869693778455257, 0.011386594735085964, -1.436248779296875], [0.0, 0.0, 0.0, 1.0]], [[-0.8439300656318665, -0.535589337348938, -0.030430320650339127, 0.893310546875], [0.01873980090022087, 0.027257047593593597, -0.9994527697563171, 1.497406005859375], [0.5361257791519165, -0.8440386056900024, -0.012966208159923553, -1.1485595703125], [0.0, 0.0, 0.0, 1.0]], [[0.9479084014892578, 0.3184610605239868, 0.007229093927890062, -1.1205024719238281], [-0.006492298096418381, 0.042004093527793884, -0.9990963339805603, 1.5618743896484375], [-0.31847691535949707, 0.9470049142837524, 0.041883572936058044, -0.1641845703125], [0.0, 0.0, 0.0, 1.0]], [[0.00921250693500042, 0.9993583559989929, 0.03461386263370514, -0.0291748046875], [-0.004552747122943401, 0.03465689346194267, -0.9993888735771179, 1.5675506591796875], [-0.9999472498893738, 0.009049310348927975, 0.0048691025003790855, -0.05792236328125], [0.0, 0.0, 0.0, 1.0]], [[-0.9237459301948547, 0.38297373056411743, 0.004965005908161402, 0.996826171875], [-0.0003567987587302923, 0.012102785520255566, -0.9999266862869263, 1.5477218627929688], [-0.38300570845603943, -0.9236799478530884, -0.011043253354728222, -0.109130859375], [0.0, 0.0, 0.0, 1.0]]], "view": [[0.0, -2.0, 100.0], [-2.0, 0.0, 100.0], [0.0, 0.0, 1.0]], "bev": "bev_1cc25baaf0be4fe0bf61a0f1a30c7794.png", "aux": "aux_1cc25baaf0be4fe0bf61a0f1a30c7794.npz", "visibility": "visibility_1cc25baaf0be4fe0bf61a0f1a30c7794.png", "pose": [[0.765237033367157, 0.6437486410140991, 0.0, 671.7536010742188], [-0.6437486410140991, 0.765237033367157, 0.0, 1590.040771484375], [0.0, 0.0, 1.0, 0.0], [0.0, 0.0, 0.0, 1.0]], "pose_inverse": [[0.765237033367157, -0.6437486410140991, 0.0, 509.53582763671875], [0.6437486410140991, 0.765237033367157, 0.0, -1649.198486328125], [0.0, 0.0, 1.0, 0.0], [0.0, 0.0, 0.0, 1.0]], "cam_ids": [0, 1, 2, 3, 4, 5], "cam_channels": ["CAM_FRONT_LEFT", "CAM_FRONT", "CAM_FRONT_RIGHT", "CAM_BACK_LEFT", "CAM_BACK", "CAM_BACK_RIGHT"], "token": "1cc25baaf0be4fe0bf61a0f1a30c7794", "scene": "scene-0479"}, {"images": ["samples/CAM_FRONT_LEFT/n008-2018-09-18-12-53-31-0400__CAM_FRONT_LEFT__1537290244904799.jpg", "samples/CAM_FRONT/n008-2018-09-18-12-53-31-0400__CAM_FRONT__1537290244912404.jpg", "samples/CAM_FRONT_RIGHT/n008-2018-09-18-12-53-31-0400__CAM_FRONT_RIGHT__1537290244920482.jpg", "samples/CAM_BACK_LEFT/n008-2018-09-18-12-53-31-0400__CAM_BACK_LEFT__1537290244947405.jpg", "samples/CAM_BACK/n008-2018-09-18-12-53-31-0400__CAM_BACK__1537290244937559.jpg", "samples/CAM_BACK_RIGHT/n008-2018-09-18-12-53-31-0400__CAM_BACK_RIGHT__1537290244928113.jpg"], "intrinsics": [[[1257.8625342125129, 0.0, 827.2410631095686], [0.0, 1257.8625342125129, 450.915498205774], [0.0, 0.0, 1.0]], [[1252.8131021185304, 0.0, 826.588114781398], [0.0, 1252.8131021185304, 469.9846626224581], [0.0, 0.0, 1.0]], [[1256.7485116440405, 0.0, 817.7887570959712], [0.0, 1256.7485116440403, 451.9541780095127], [0.0, 0.0, 1.0]], [[1254.9860565800168, 0.0, 829.5769333630991], [0.0, 1254.9860565800168, 467.1680561863987], [0.0, 0.0, 1.0]], [[796.8910634503094, 0.0, 857.7774326863696], [0.0, 796.8910634503094, 476.8848988407415], [0.0, 0.0, 1.0]], [[1249.9629280788233, 0.0, 825.3768045375984], [0.0, 1249.9629280788233, 462.54816385708756], [0.0, 0.0, 1.0]]], "extrinsics": [[[0.8224655985832214, -0.5687119960784912, -0.010820234194397926, -0.6981201171875], [0.010380280204117298, 0.034025680273771286, -0.9993670582771301, 1.4920539855957031], [0.5687201619148254, 0.8218327164649963, 0.03388833999633789, -1.12451171875], [0.0, 0.0, 0.0, 1.0]], [[0.010171572677791119, -0.999503493309021, -0.0298216063529253, 0.0107421875], [0.012427733279764652, 0.029947208240628242, -0.9994742274284363, 1.4839324951171875], [0.999871015548706, 0.009795582853257656, 0.012726171873509884, -1.42626953125], [0.0, 0.0, 0.0, 1.0]], [[-0.8439698815345764, -0.5356194972991943, -0.028750628232955933, 0.887176513671875], [0.020537909120321274, 0.02129247970879078, -0.9995623230934143, 1.4980087280273438], [0.5359971523284912, -0.8441910147666931, -0.006969710811972618, -1.1463623046875], [0.0, 0.0, 0.0, 1.0]], [[0.9479665756225586, 0.3182979226112366, 0.006767689250409603, -1.1205482482910156], [-0.005153591278940439, 0.03659620136022568, -0.9993168711662292, 1.56195068359375], [-0.31832823157310486, 0.9472840428352356, 0.036332353949546814, -0.1630859375], [0.0, 0.0, 0.0, 1.0]], [[0.009363839402794838, 0.9995360374450684, 0.02898227795958519, -0.0279541015625], [-0.0028477914165705442, 0.029010087251663208, -0.9995750188827515, 1.5677604675292969], [-0.9999521374702454, 0.009277264587581158, 0.003118115244433284, -0.05938720703125], [0.0, 0.0, 0.0, 1.0]], [[-0.9236743450164795, 0.38317686319351196, 0.001096811844035983, 0.9942626953125], [0.0014136546524241567, 0.006270069628953934, -0.9999793767929077, 1.5480594635009766], [-0.383175790309906, -0.9236537218093872, -0.0063331821002066135, -0.1114501953125], [0.0, 0.0, 0.0, 1.0]]], "view": [[0.0, -2.0, 100.0], [-2.0, 0.0, 100.0], [0.0, 0.0, 1.0]], "bev": "bev_e8feb80fc4214f91bfb744f4fec87969.png", "aux": "aux_e8feb80fc4214f91bfb744f4fec87969.npz", "visibility": "visibility_e8feb80fc4214f91bfb744f4fec87969.png", "pose": [[0.7657997608184814, 0.6430791020393372, 0.0, 674.776611328125], [-0.6430791020393372, 0.7657997608184814, 0.0, 1587.4462890625], [0.0, 0.0, 1.0, 0.0], [0.0, 0.0, 0.0, 1.0]], "pose_inverse": [[0.7657997608184814, -0.6430791020393372, 0.0, 504.1097717285156], [0.6430791020393372, 0.7657997608184814, 0.0, -1649.6007080078125], [0.0, 0.0, 1.0, 0.0], [0.0, 0.0, 0.0, 1.0]], "cam_ids": [0, 1, 2, 3, 4, 5], "cam_channels": ["CAM_FRONT_LEFT", "CAM_FRONT", "CAM_FRONT_RIGHT", "CAM_BACK_LEFT", "CAM_BACK", "CAM_BACK_RIGHT"], "token": "e8feb80fc4214f91bfb744f4fec87969", "scene": "scene-0479"}, {"images": ["samples/CAM_FRONT_LEFT/n008-2018-09-18-12-53-31-0400__CAM_FRONT_LEFT__1537290245404799.jpg", "samples/CAM_FRONT/n008-2018-09-18-12-53-31-0400__CAM_FRONT__1537290245412404.jpg", "samples/CAM_FRONT_RIGHT/n008-2018-09-18-12-53-31-0400__CAM_FRONT_RIGHT__1537290245420482.jpg", "samples/CAM_BACK_LEFT/n008-2018-09-18-12-53-31-0400__CAM_BACK_LEFT__1537290245447405.jpg", "samples/CAM_BACK/n008-2018-09-18-12-53-31-0400__CAM_BACK__1537290245437558.jpg", "samples/CAM_BACK_RIGHT/n008-2018-09-18-12-53-31-0400__CAM_BACK_RIGHT__1537290245428113.jpg"], "intrinsics": [[[1257.8625342125129, 0.0, 827.2410631095686], [0.0, 1257.8625342125129, 450.915498205774], [0.0, 0.0, 1.0]], [[1252.8131021185304, 0.0, 826.588114781398], [0.0, 1252.8131021185304, 469.9846626224581], [0.0, 0.0, 1.0]], [[1256.7485116440405, 0.0, 817.7887570959712], [0.0, 1256.7485116440403, 451.9541780095127], [0.0, 0.0, 1.0]], [[1254.9860565800168, 0.0, 829.5769333630991], [0.0, 1254.9860565800168, 467.1680561863987], [0.0, 0.0, 1.0]], [[796.8910634503094, 0.0, 857.7774326863696], [0.0, 796.8910634503094, 476.8848988407415], [0.0, 0.0, 1.0]], [[1249.9629280788233, 0.0, 825.3768045375984], [0.0, 1249.9629280788233, 462.54816385708756], [0.0, 0.0, 1.0]]], "extrinsics": [[[0.8227368593215942, -0.5682012438774109, -0.015856675803661346, -0.697021484375], [0.007609634660184383, 0.0389033667743206, -0.9992139935493469, 1.4909591674804688], [0.5683714747428894, 0.8219695091247559, 0.03633103519678116, -1.125732421875], [0.0, 0.0, 0.0, 1.0]], [[0.010555598884820938, -0.9993422627449036, -0.03469046950340271, 0.0123291015625], [0.009550205431878567, 0.034791573882102966, -0.9993489384651184, 1.4829750061035156], [0.9998986721038818, 0.01021750457584858, 0.009911173023283482, -1.4271240234375], [0.0, 0.0, 0.0, 1.0]], [[-0.8438373804092407, -0.5358245968818665, -0.02881644293665886, 0.8897705078125], [0.017557553946971893, 0.026102684438228607, -0.9995050430297852, 1.4972038269042969], [0.5363116264343262, -0.8439257740974426, -0.01261865720152855, -1.1463623046875], [0.0, 0.0, 0.0, 1.0]], [[0.9479082226753235, 0.3184918463230133, 0.005732819903641939, -1.1295547485351562], [-0.007792842108756304, 0.04117745906114578, -0.9991214275360107, 1.5619125366210938], [-0.3184480369091034, 0.947030782699585, 0.04151441156864166, -0.1612548828125], [0.0, 0.0, 0.0, 1.0]], [[0.009159858338534832, 0.9993922114372253, 0.033636026084423065, -0.029052734375], [-0.005713763181120157, 0.03368919715285301, -0.9994159936904907, 1.5674629211425781], [-0.9999418258666992, 0.008962315507233143, 0.00601887796074152, -0.052978515625], [0.0, 0.0, 0.0, 1.0]], [[-0.9237987995147705, 0.3828367590904236, 0.005624318495392799, 0.9971923828125], [-0.0015179405454546213, 0.011027407832443714, -0.9999380111694336, 1.547515869140625], [-0.3828750550746918, -0.9237501621246338, -0.009605983272194862, -0.109130859375], [0.0, 0.0, 0.0, 1.0]]], "view": [[0.0, -2.0, 100.0], [-2.0, 0.0, 100.0], [0.0, 0.0, 1.0]], "bev": "bev_3f4127217b864004be1152f01663ffa1.png", "aux": "aux_3f4127217b864004be1152f01663ffa1.npz", "visibility": "visibility_3f4127217b864004be1152f01663ffa1.png", "pose": [[0.763871967792511, 0.6453678011894226, 0.0, 677.8681640625], [-0.6453678011894226, 0.763871967792511, 0.0, 1584.779052734375], [0.0, 0.0, 1.0, 0.0], [0.0, 0.0, 0.0, 1.0]], "pose_inverse": [[0.763871967792511, -0.6453678011894226, 0.0, 504.9609069824219], [0.6453678011894226, 0.763871967792511, 0.0, -1648.0426025390625], [0.0, 0.0, 1.0, 0.0], [0.0, 0.0, 0.0, 1.0]], "cam_ids": [0, 1, 2, 3, 4, 5], "cam_channels": ["CAM_FRONT_LEFT", "CAM_FRONT", "CAM_FRONT_RIGHT", "CAM_BACK_LEFT", "CAM_BACK", "CAM_BACK_RIGHT"], "token": "3f4127217b864004be1152f01663ffa1", "scene": "scene-0479"}, {"images": ["samples/CAM_FRONT_LEFT/n008-2018-09-18-12-53-31-0400__CAM_FRONT_LEFT__1537290245904799.jpg", "samples/CAM_FRONT/n008-2018-09-18-12-53-31-0400__CAM_FRONT__1537290245912404.jpg", "samples/CAM_FRONT_RIGHT/n008-2018-09-18-12-53-31-0400__CAM_FRONT_RIGHT__1537290245920482.jpg", "samples/CAM_BACK_LEFT/n008-2018-09-18-12-53-31-0400__CAM_BACK_LEFT__1537290245947405.jpg", "samples/CAM_BACK/n008-2018-09-18-12-53-31-0400__CAM_BACK__1537290245937558.jpg", "samples/CAM_BACK_RIGHT/n008-2018-09-18-12-53-31-0400__CAM_BACK_RIGHT__1537290245928113.jpg"], "intrinsics": [[[1257.8625342125129, 0.0, 827.2410631095686], [0.0, 1257.8625342125129, 450.915498205774], [0.0, 0.0, 1.0]], [[1252.8131021185304, 0.0, 826.588114781398], [0.0, 1252.8131021185304, 469.9846626224581], [0.0, 0.0, 1.0]], [[1256.7485116440405, 0.0, 817.7887570959712], [0.0, 1256.7485116440403, 451.9541780095127], [0.0, 0.0, 1.0]], [[1254.9860565800168, 0.0, 829.5769333630991], [0.0, 1254.9860565800168, 467.1680561863987], [0.0, 0.0, 1.0]], [[796.8910634503094, 0.0, 857.7774326863696], [0.0, 796.8910634503094, 476.8848988407415], [0.0, 0.0, 1.0]], [[1249.9629280788233, 0.0, 825.3768045375984], [0.0, 1249.9629280788233, 462.54816385708756], [0.0, 0.0, 1.0]]], "extrinsics": [[[0.8225677013397217, -0.5684249997138977, -0.016593152657151222, -0.704833984375], [0.004339227918535471, 0.03545212745666504, -0.9993619918823242, 1.4897079467773438], [0.5686506032943726, 0.8219709396362305, 0.03162830322980881, -1.13134765625], [0.0, 0.0, 0.0, 1.0]], [[0.010274031199514866, -0.999457597732544, -0.0312887504696846, 0.011962890625], [0.006218717899173498, 0.0313536636531353, -0.9994890093803406, 1.4819259643554688], [0.9999279379844666, 0.01007417868822813, 0.0065374732948839664, -1.43414306640625], [0.0, 0.0, 0.0, 1.0]], [[-0.8439996838569641, -0.5358015298843384, -0.024111371487379074, 0.892822265625], [0.014160511083900928, 0.022678708657622337, -0.9996424913406372, 1.496358871459961], [0.5361567735671997, -0.8440393805503845, -0.011553598567843437, -1.1490478515625], [0.0, 0.0, 0.0, 1.0]], [[0.9479019641876221, 0.3185584545135498, 0.0015498060965910554, -1.1307411193847656], [-0.01107877679169178, 0.0378272570669651, -0.9992228746414185, 1.5618820190429688], [-0.31836962699890137, 0.9471481442451477, 0.03938576579093933, -0.16064453125], [0.0, 0.0, 0.0, 1.0]], [[0.009286665357649326, 0.9994990229606628, 0.03025691770017147, -0.02880859375], [-0.009068391285836697, 0.03034115768969059, -0.9994984269142151, 1.5671653747558594], [-0.9999158382415771, 0.009007633663713932, 0.00934561900794506, -0.05133056640625], [0.0, 0.0, 0.0, 1.0]], [[-0.9237396717071533, 0.38294801115989685, 0.007471831049770117, 0.99951171875], [-0.004928014241158962, 0.007623283192515373, -0.9999588131904602, 1.5469436645507812], [-0.38298913836479187, -0.923738420009613, -0.005154756363481283, -0.10888671875], [0.0, 0.0, 0.0, 1.0]]], "view": [[0.0, -2.0, 100.0], [-2.0, 0.0, 100.0], [0.0, 0.0, 1.0]], "bev": "bev_49d2a344c3ab44c79669f9b41b740c60.png", "aux": "aux_49d2a344c3ab44c79669f9b41b740c60.npz", "visibility": "visibility_49d2a344c3ab44c79669f9b41b740c60.png", "pose": [[0.7629836201667786, 0.6464178562164307, 0.0, 680.9712524414062], [-0.6464178562164307, 0.7629836201667786, 0.0, 1582.0943603515625], [0.0, 0.0, 1.0, 0.0], [0.0, 0.0, 0.0, 1.0]], "pose_inverse": [[0.7629836201667786, -0.6464178562164307, 0.0, 503.1241455078125], [0.6464178562164307, 0.7629836201667786, 0.0, -1647.303955078125], [0.0, 0.0, 1.0, 0.0], [0.0, 0.0, 0.0, 1.0]], "cam_ids": [0, 1, 2, 3, 4, 5], "cam_channels": ["CAM_FRONT_LEFT", "CAM_FRONT", "CAM_FRONT_RIGHT", "CAM_BACK_LEFT", "CAM_BACK", "CAM_BACK_RIGHT"], "token": "49d2a344c3ab44c79669f9b41b740c60", "scene": "scene-0479"}, {"images": ["samples/CAM_FRONT_LEFT/n008-2018-09-18-12-53-31-0400__CAM_FRONT_LEFT__1537290246404799.jpg", "samples/CAM_FRONT/n008-2018-09-18-12-53-31-0400__CAM_FRONT__1537290246412465.jpg", "samples/CAM_FRONT_RIGHT/n008-2018-09-18-12-53-31-0400__CAM_FRONT_RIGHT__1537290246420482.jpg", "samples/CAM_BACK_LEFT/n008-2018-09-18-12-53-31-0400__CAM_BACK_LEFT__1537290246447405.jpg", "samples/CAM_BACK/n008-2018-09-18-12-53-31-0400__CAM_BACK__1537290246437558.jpg", "samples/CAM_BACK_RIGHT/n008-2018-09-18-12-53-31-0400__CAM_BACK_RIGHT__1537290246428120.jpg"], "intrinsics": [[[1257.8625342125129, 0.0, 827.2410631095686], [0.0, 1257.8625342125129, 450.915498205774], [0.0, 0.0, 1.0]], [[1252.8131021185304, 0.0, 826.588114781398], [0.0, 1252.8131021185304, 469.9846626224581], [0.0, 0.0, 1.0]], [[1256.7485116440405, 0.0, 817.7887570959712], [0.0, 1256.7485116440403, 451.9541780095127], [0.0, 0.0, 1.0]], [[1254.9860565800168, 0.0, 829.5769333630991], [0.0, 1254.9860565800168, 467.1680561863987], [0.0, 0.0, 1.0]], [[796.8910634503094, 0.0, 857.7774326863696], [0.0, 796.8910634503094, 476.8848988407415], [0.0, 0.0, 1.0]], [[1249.9629280788233, 0.0, 825.3768045375984], [0.0, 1249.9629280788233, 462.54816385708756], [0.0, 0.0, 1.0]]], "extrinsics": [[[0.8226924538612366, -0.5683963894844055, -0.010143431834876537, -0.7119140625], [0.008338484913110733, 0.02990615926682949, -0.9995179176330566, 1.4911613464355469], [0.568425714969635, 0.8222112655639648, 0.029343131929636, -1.134521484375], [0.0, 0.0, 0.0, 1.0]], [[0.010496985167264938, -0.9996164441108704, -0.025629865005612373, 0.0108642578125], [0.01020196545869112, 0.025737006217241287, -0.9996166825294495, 1.4830894470214844], [0.9998928904533386, 0.010231475345790386, 0.010468212887644768, -1.4420166015625], [0.0, 0.0, 0.0, 1.0]], [[-0.8438684940338135, -0.5359946489334106, -0.024410279467701912, 0.8988037109375], [0.018127532675862312, 0.016988027840852737, -0.999691367149353, 1.497182846069336], [0.5362439155578613, -0.8440505266189575, -0.004619401413947344, -1.153564453125], [0.0, 0.0, 0.0, 1.0]], [[0.94788658618927, 0.3185940384864807, 0.0029837379697710276, -1.1317176818847656], [-0.0076104383915662766, 0.032002970576286316, -0.9994587898254395, 1.5619392395019531], [-0.3185170888900757, 0.9473508596420288, 0.03275982663035393, -0.160400390625], [0.0, 0.0, 0.0, 1.0]], [[0.009158018045127392, 0.9996576309204102, 0.02451043389737606, -0.0286865234375], [-0.005293379537761211, 0.02455957978963852, -0.9996843338012695, 1.5675582885742188], [-0.9999440312385559, 0.009025349281728268, 0.005516484845429659, -0.04754638671875], [0.0, 0.0,