[{"images": ["samples/CAM_FRONT_LEFT/n008-2018-08-28-13-40-50-0400__CAM_FRONT_LEFT__1535478636104799.jpg", "samples/CAM_FRONT/n008-2018-08-28-13-40-50-0400__CAM_FRONT__1535478636112404.jpg", "samples/CAM_FRONT_RIGHT/n008-2018-08-28-13-40-50-0400__CAM_FRONT_RIGHT__1535478636120482.jpg", "samples/CAM_BACK_LEFT/n008-2018-08-28-13-40-50-0400__CAM_BACK_LEFT__1535478636147405.jpg", "samples/CAM_BACK/n008-2018-08-28-13-40-50-0400__CAM_BACK__1535478636137558.jpg", "samples/CAM_BACK_RIGHT/n008-2018-08-28-13-40-50-0400__CAM_BACK_RIGHT__1535478636128113.jpg"], "intrinsics": [[[1257.8625342125129, 0.0, 827.2410631095686], [0.0, 1257.8625342125129, 450.915498205774], [0.0, 0.0, 1.0]], [[1252.8131021185304, 0.0, 826.588114781398], [0.0, 1252.8131021185304, 469.9846626224581], [0.0, 0.0, 1.0]], [[1256.7485116440405, 0.0, 817.7887570959712], [0.0, 1256.7485116440403, 451.9541780095127], [0.0, 0.0, 1.0]], [[1254.9860565800168, 0.0, 829.5769333630991], [0.0, 1254.9860565800168, 467.1680561863987], [0.0, 0.0, 1.0]], [[796.8910634503094, 0.0, 857.7774326863696], [0.0, 796.8910634503094, 476.8848988407415], [0.0, 0.0, 1.0]], [[1249.9629280788233, 0.0, 825.3768045375984], [0.0, 1249.9629280788233, 462.54816385708756], [0.0, 0.0, 1.0]]], "extrinsics": [[[0.8224520087242126, -0.5687493085861206, 0.009844710119068623, -0.82525634765625], [0.02228880114853382, 0.01492802333086729, -0.9996401071548462, 1.4931316375732422], [0.5683977007865906, 0.822375476360321, 0.02495432272553444, -1.21044921875], [0.0, 0.0, 0.0, 1.0]], [[0.010370765812695026, -0.9998903870582581, -0.010572480969130993, 0.008056640625], [0.024211544543504715, 0.010821043513715267, -0.9996482729911804, 1.4844970703125], [0.9996529817581177, 0.010111226700246334, 0.024321112781763077, -1.5553436279296875], [0.0, 0.0, 0.0, 1.0]], [[-0.843653678894043, -0.5361395478248596, -0.02833225391805172, 0.973876953125], [0.03220726177096367, 0.0021369685418903828, -0.9994789361953735, 1.4975390434265137], [0.5359207391738892, -0.8441266417503357, 0.015464725904166698, -1.2025146484375], [0.0, 0.0, 0.0, 1.0]], [[0.9478223323822021, 0.3185881972312927, 0.011588217690587044, -1.13958740234375], [0.006355503108352423, 0.017459308728575706, -0.9998273253440857, 1.56207275390625], [-0.3187355399131775, 0.9477323889732361, 0.014523535035550594, -0.157470703125], [0.0, 0.0, 0.0, 1.0]], [[0.009070984087884426, 0.9999096989631653, 0.00991658866405487, -0.0284423828125], [0.008829064667224884, 0.009836521930992603, -0.9999126195907593, 1.5685310363769531], [-0.9999198317527771, 0.009157770313322544, -0.008739040233194828, -0.0091705322265625], [0.0, 0.0, 0.0, 1.0]], [[-0.9235814809799194, 0.38302353024482727, -0.017038214951753616, 1.06781005859375], [0.01309132855385542, -0.012908944860100746, -0.999830961227417, 1.54913330078125], [-0.3831786513328552, -0.9236484169960022, 0.00690817553550005, -0.081787109375], [0.0, 0.0, 0.0, 1.0]]], "view": [[0.0, -2.0, 100.0], [-2.0, 0.0, 100.0], [0.0, 0.0, 1.0]], "bev": "bev_99efed58ad1441df916f9c078c0a7a10.png", "aux": "aux_99efed58ad1441df916f9c078c0a7a10.npz", "visibility": "visibility_99efed58ad1441df916f9c078c0a7a10.png", "pose": [[0.8310879468917847, 0.5561410188674927, 0.0, 1214.0404052734375], [-0.5561410188674927, 0.8310879468917847, 0.0, 1528.6490478515625], [0.0, 0.0, 1.0, 0.0], [0.0, 0.0, 0.0, 1.0]], "pose_inverse": [[0.8310879468917847, -0.5561410188674927, 0.0, -158.82994079589844], [0.5561410188674927, 0.8310879468917847, 0.0, -1945.6195068359375], [0.0, 0.0, 1.0, 0.0], [0.0, 0.0, 0.0, 1.0]], "cam_ids": [0, 1, 2, 3, 4, 5], "cam_channels": ["CAM_FRONT_LEFT", "CAM_FRONT", "CAM_FRONT_RIGHT", "CAM_BACK_LEFT", "CAM_BACK", "CAM_BACK_RIGHT"], "token": "99efed58ad1441df916f9c078c0a7a10", "scene": "scene-0504"}, {"images": ["samples/CAM_FRONT_LEFT/n008-2018-08-28-13-40-50-0400__CAM_FRONT_LEFT__1535478636604799.jpg", "samples/CAM_FRONT/n008-2018-08-28-13-40-50-0400__CAM_FRONT__1535478636612404.jpg", "samples/CAM_FRONT_RIGHT/n008-2018-08-28-13-40-50-0400__CAM_FRONT_RIGHT__1535478636620482.jpg", "samples/CAM_BACK_LEFT/n008-2018-08-28-13-40-50-0400__CAM_BACK_LEFT__1535478636647405.jpg", "samples/CAM_BACK/n008-2018-08-28-13-40-50-0400__CAM_BACK__1535478636637558.jpg", "samples/CAM_BACK_RIGHT/n008-2018-08-28-13-40-50-0400__CAM_BACK_RIGHT__1535478636628113.jpg"], "intrinsics": [[[1257.8625342125129, 0.0, 827.2410631095686], [0.0, 1257.8625342125129, 450.915498205774], [0.0, 0.0, 1.0]], [[1252.8131021185304, 0.0, 826.588114781398], [0.0, 1252.8131021185304, 469.9846626224581], [0.0, 0.0, 1.0]], [[1256.7485116440405, 0.0, 817.7887570959712], [0.0, 1256.7485116440403, 451.9541780095127], [0.0, 0.0, 1.0]], [[1254.9860565800168, 0.0, 829.5769333630991], [0.0, 1254.9860565800168, 467.1680561863987], [0.0, 0.0, 1.0]], [[796.8910634503094, 0.0, 857.7774326863696], [0.0, 796.8910634503094, 476.8848988407415], [0.0, 0.0, 1.0]], [[1249.9629280788233, 0.0, 825.3768045375984], [0.0, 1249.9629280788233, 462.54816385708756], [0.0, 0.0, 1.0]]], "extrinsics": [[[0.8225659132003784, -0.5686375498771667, 0.006064705550670624, -0.82086181640625], [0.017929039895534515, 0.015272989869117737, -0.9997225999832153, 1.4922962188720703], [0.5683871507644653, 0.8224465250968933, 0.022758163511753082, -1.2066650390625], [0.0, 0.0, 0.0, 1.0]], [[0.010447482578456402, -0.9998843669891357, -0.011050642468035221, 0.0078125], [0.019824502989649773, 0.011256189085543156, -0.9997401237487793, 1.4838218688964844], [0.9997488260269165, 0.010225700214505196, 0.019939808174967766, -1.5500335693359375], [0.0, 0.0, 0.0, 1.0]], [[-0.8437221050262451, -0.5362029671669006, -0.024885144084692, 0.9698486328125], [0.027787651866674423, 0.0026676265988498926, -0.9996103048324585, 1.497056007385254], [0.5360604524612427, -0.8440848588943481, 0.01264908630400896, -1.200439453125], [0.0, 0.0, 0.0, 1.0]], [[0.9478257298469543, 0.31867843866348267, 0.008405453525483608, -1.13690185546875], [0.002776369219645858, 0.018113959580659866, -0.999832034111023, 1.5620689392089844], [-0.3187772035598755, 0.9476897716522217, 0.01628410443663597, -0.158203125], [0.0, 0.0, 0.0, 1.0]], [[0.009040161967277527, 0.9999039769172668, 0.010508844628930092, -0.028076171875], [0.004839478060603142, 0.010465402156114578, -0.9999334812164307, 1.5683364868164062], [-0.9999475479125977, 0.009090364910662174, -0.004744403995573521, -0.012359619140625], [0.0, 0.0, 0.0, 1.0]], [[-0.9236688613891602, 0.38297590613365173, -0.012854226864874363, 1.0643310546875], [0.008802724070847034, -0.01232962403446436, -0.9998852014541626, 1.5487327575683594], [-0.38309046626091003, -0.9236759543418884, 0.00801725871860981, -0.0833740234375], [0.0, 0.0, 0.0, 1.0]]], "view": [[0.0, -2.0, 100.0], [-2.0, 0.0, 100.0], [0.0, 0.0, 1.0]], "bev": "bev_a60a010f0c2244b99ef0e4fc2153348e.png", "aux": "aux_a60a010f0c2244b99ef0e4fc2153348e.npz", "visibility": "visibility_a60a010f0c2244b99ef0e4fc2153348e.png", "pose": [[0.8321473002433777, 0.5545547008514404, 0.0, 1216.136474609375], [-0.5545547008514404, 0.8321473002433777, 0.0, 1527.2298583984375], [0.0, 0.0, 1.0, 0.0], [0.0, 0.0, 0.0, 1.0]], "pose_inverse": [[0.8321473002433777, -0.5545547008514404, 0.0, -165.0721893310547], [0.5545547008514404, 0.8321473002433777, 0.0, -1945.2943115234375], [0.0, 0.0, 1.0, 0.0], [0.0, 0.0, 0.0, 1.0]], "cam_ids": [0, 1, 2, 3, 4, 5], "cam_channels": ["CAM_FRONT_LEFT", "CAM_FRONT", "CAM_FRONT_RIGHT", "CAM_BACK_LEFT", "CAM_BACK", "CAM_BACK_RIGHT"], "token": "a60a010f0c2244b99ef0e4fc2153348e", "scene": "scene-0504"}, {"images": ["samples/CAM_FRONT_LEFT/n008-2018-08-28-13-40-50-0400__CAM_FRONT_LEFT__1535478637104799.jpg", "samples/CAM_FRONT/n008-2018-08-28-13-40-50-0400__CAM_FRONT__1535478637112404.jpg", "samples/CAM_FRONT_RIGHT/n008-2018-08-28-13-40-50-0400__CAM_FRONT_RIGHT__1535478637120482.jpg", "samples/CAM_BACK_LEFT/n008-2018-08-28-13-40-50-0400__CAM_BACK_LEFT__1535478637147405.jpg", "samples/CAM_BACK/n008-2018-08-28-13-40-50-0400__CAM_BACK__1535478637137558.jpg", "samples/CAM_BACK_RIGHT/n008-2018-08-28-13-40-50-0400__CAM_BACK_RIGHT__1535478637128113.jpg"], "intrinsics": [[[1257.8625342125129, 0.0, 827.2410631095686], [0.0, 1257.8625342125129, 450.915498205774], [0.0, 0.0, 1.0]], [[1252.8131021185304, 0.0, 826.588114781398], [0.0, 1252.8131021185304, 469.9846626224581], [0.0, 0.0, 1.0]], [[1256.7485116440405, 0.0, 817.7887570959712], [0.0, 1256.7485116440403, 451.9541780095127], [0.0, 0.0, 1.0]], [[1254.9860565800168, 0.0, 829.5769333630991], [0.0, 1254.9860565800168, 467.1680561863987], [0.0, 0.0, 1.0]], [[796.8910634503094, 0.0, 857.7774326863696], [0.0, 796.8910634503094, 476.8848988407415], [0.0, 0.0, 1.0]], [[1249.9629280788233, 0.0, 825.3768045375984], [0.0, 1249.9629280788233, 462.54816385708756], [0.0, 0.0, 1.0]]], "extrinsics": [[[0.8224820494651794, -0.5687638521194458, 0.005572387017309666, -0.7978515625], [0.018048981204628944, 0.01630593277513981, -0.999704122543335, 1.4928627014160156], [0.5685046315193176, 0.8223391771316528, 0.02367694489657879, -1.1895751953125], [0.0, 0.0, 0.0, 1.0]], [[0.010325586423277855, -0.9998750686645508, -0.011965904384851456, 0.0069580078125], [0.019965803250670433, 0.01217031292617321, -0.9997265934944153, 1.484334945678711], [0.9997472763061523, 0.010083841159939766, 0.02008897438645363, -1.5264739990234375], [0.0, 0.0, 0.0, 1.0]], [[-0.8437698483467102, -0.5361016392707825, -0.02544618956744671, 0.9539794921875], [0.027949675917625427, 0.003456440754234791, -0.9996033310890198, 1.4975872039794922], [0.5359769463539124, -0.8441464304924011, 0.012067425064742565, -1.19140625], [0.0, 0.0, 0.0, 1.0]], [[0.9478582143783569, 0.31858423352241516, 0.00829138234257698, -1.13958740234375], [0.0024242964573204517, 0.018808217719197273, -0.9998201727867126, 1.5620574951171875], [-0.3186829388141632, 0.9477078914642334, 0.01705518364906311, -0.1572265625], [0.0, 0.0, 0.0, 1.0]], [[0.009117218665778637, 0.9998959302902222, 0.011176930740475655, -0.02783203125], [0.00464016804471612, 0.011134970001876354, -0.9999272227287292, 1.5683555603027344], [-0.9999476671218872, 0.00916838739067316, -0.004538165871053934, -0.0178375244140625], [0.0, 0.0, 0.0, 1.0]], [[-0.9236406683921814, 0.38305023312568665, -0.012668153271079063, 1.0523681640625], [0.00889747217297554, -0.011613963171839714, -0.9998929500579834, 1.5488510131835938], [-0.38315635919570923, -0.9236544370651245, 0.007318949792534113, -0.0889892578125], [0.0, 0.0, 0.0, 1.0]]], "view": [[0.0, -2.0, 100.0], [-2.0, 0.0, 100.0], [0.0, 0.0, 1.0]], "bev": "bev_59fef22998c9497ca8754fc369b21599.png", "aux": "aux_59fef22998c9497ca8754fc369b21599.npz", "visibility": "visibility_59fef22998c9497ca8754fc369b21599.png", "pose": [[0.830436110496521, 0.5571138858795166, 0.0, 1218.4095458984375], [-0.5571138858795166, 0.830436110496521, 0.0, 1525.69482421875], [0.0, 0.0, 1.0, 0.0], [0.0, 0.0, 0.0, 1.0]], "pose_inverse": [[0.830436110496521, -0.5571138858795166, 0.0, -161.8255615234375], [0.5571138858795166, 0.830436110496521, 0.0, -1945.784912109375], [0.0, 0.0, 1.0, 0.0], [0.0, 0.0, 0.0, 1.0]], "cam_ids": [0, 1, 2, 3, 4, 5], "cam_channels": ["CAM_FRONT_LEFT", "CAM_FRONT", "CAM_FRONT_RIGHT", "CAM_BACK_LEFT", "CAM_BACK", "CAM_BACK_RIGHT"], "token": "59fef22998c9497ca8754fc369b21599", "scene": "scene-0504"}, {"images": ["samples/CAM_FRONT_LEFT/n008-2018-08-28-13-40-50-0400__CAM_FRONT_LEFT__1535478637654799.jpg", "samples/CAM_FRONT/n008-2018-08-28-13-40-50-0400__CAM_FRONT__1535478637662404.jpg", "samples/CAM_FRONT_RIGHT/n008-2018-08-28-13-40-50-0400__CAM_FRONT_RIGHT__1535478637670482.jpg", "samples/CAM_BACK_LEFT/n008-2018-08-28-13-40-50-0400__CAM_BACK_LEFT__1535478637697405.jpg", "samples/CAM_BACK/n008-2018-08-28-13-40-50-0400__CAM_BACK__1535478637687558.jpg", "samples/CAM_BACK_RIGHT/n008-2018-08-28-13-40-50-0400__CAM_BACK_RIGHT__1535478637678113.jpg"], "intrinsics": [[[1257.8625342125129, 0.0, 827.2410631095686], [0.0, 1257.8625342125129, 450.915498205774], [0.0, 0.0, 1.0]], [[1252.8131021185304, 0.0, 826.588114781398], [0.0, 1252.8131021185304, 469.9846626224581], [0.0, 0.0, 1.0]], [[1256.7485116440405, 0.0, 817.7887570959712], [0.0, 1256.7485116440403, 451.9541780095127], [0.0, 0.0, 1.0]], [[1254.9860565800168, 0.0, 829.5769333630991], [0.0, 1254.9860565800168, 467.1680561863987], [0.0, 0.0, 1.0]], [[796.8910634503094, 0.0, 857.7774326863696], [0.0, 796.8910634503094, 476.8848988407415], [0.0, 0.0, 1.0]], [[1249.9629280788233, 0.0, 825.3768045375984], [0.0, 1249.9629280788233, 462.54816385708756], [0.0, 0.0, 1.0]]], "extrinsics": [[[0.822831392288208, -0.5682299733161926, 0.007954539731144905, -0.78692626953125], [0.019813600927591324, 0.014696751721203327, -0.9996956586837769, 1.4934062957763672], [0.5679401755332947, 0.8227385878562927, 0.023351628333330154, -1.1888427734375], [0.0, 0.0, 0.0, 1.0]], [[0.010863611474633217, -0.9998865127563477, -0.010439259000122547, 0.0118408203125], [0.021800534799695015, 0.010674227960407734, -0.9997053742408752, 1.4848251342773438], [0.9997032880783081, 0.010632822290062904, 0.02191402204334736, -1.51910400390625], [0.0, 0.0, 0.0, 1.0]], [[-0.843513548374176, -0.5364692807197571, -0.0261821486055851, 0.95166015625], [0.02971574477851391, 0.002059569349512458, -0.9995562434196472, 1.4980177879333496], [0.5362851619720459, -0.8439173698425293, 0.014204311184585094, -1.185546875], [0.0, 0.0, 0.0, 1.0]], [[0.9478177428245544, 0.3186759352684021, 0.009349677711725235, -1.1402587890625], [0.004103935323655605, 0.017128514125943184, -0.9998449087142944, 1.5620574951171875], [-0.31878662109375, 0.9477089643478394, 0.014926881529390812, -0.1573486328125], [0.0, 0.0, 0.0, 1.0]], [[0.008918377570807934, 0.999912679195404, 0.009750897996127605, -0.029541015625], [0.006267336197197437, 0.009695200249552727, -0.9999333024024963, 1.5684452056884766], [-0.9999406933784485, 0.008978922851383686, -0.006180325523018837, -0.019134521484375], [0.0, 0.0, 0.0, 1.0]], [[-0.9237284064292908, 0.3827667832374573, -0.014674214646220207, 1.04852294921875], [0.01050623133778572, -0.01297726295888424, -0.9998605847358704, 1.5491065979003906], [-0.3829038441181183, -0.9237537980079651, 0.007966031320393085, -0.087646484375], [0.0, 0.0, 0.0, 1.0]]], "view": [[0.0, -2.0, 100.0], [-2.0, 0.0, 100.0], [0.0, 0.0, 1.0]], "bev": "bev_a773be8d16594aa28fd0717a8e21f42e.png", "aux": "aux_a773be8d16594aa28fd0717a8e21f42e.npz", "visibility": "visibility_a773be8d16594aa28fd0717a8e21f42e.png", "pose": [[0.8276862502098083, 0.5611911416053772, 0.0, 1221.13671875], [-0.5611911416053772, 0.8276862502098083, 0.0, 1523.8236083984375], [0.0, 0.0, 1.0, 0.0], [0.0, 0.0, 0.0, 1.0]], "pose_inverse": [[0.8276862502098083, -0.5611911416053772, 0.0, -155.56170654296875], [0.5611911416053772, 0.8276862502098083, 0.0, -1946.5389404296875], [0.0, 0.0, 1.0, 0.0], [0.0, 0.0, 0.0, 1.0]], "cam_ids": [0, 1, 2, 3, 4, 5], "cam_channels": ["CAM_FRONT_LEFT", "CAM_FRONT", "CAM_FRONT_RIGHT", "CAM_BACK_LEFT", "CAM_BACK", "CAM_BACK_RIGHT"], "token": "a773be8d16594aa28fd0717a8e21f42e", "scene": "scene-0504"}, {"images": ["samples/CAM_FRONT_LEFT/n008-2018-08-28-13-40-50-0400__CAM_FRONT_LEFT__1535478638154799.jpg", "samples/CAM_FRONT/n008-2018-08-28-13-40-50-0400__CAM_FRONT__1535478638162404.jpg", "samples/CAM_FRONT_RIGHT/n008-2018-08-28-13-40-50-0400__CAM_FRONT_RIGHT__1535478638170482.jpg", "samples/CAM_BACK_LEFT/n008-2018-08-28-13-40-50-0400__CAM_BACK_LEFT__1535478638197405.jpg", "samples/CAM_BACK/n008-2018-08-28-13-40-50-0400__CAM_BACK__1535478638187558.jpg", "samples/CAM_BACK_RIGHT/n008-2018-08-28-13-40-50-0400__CAM_BACK_RIGHT__1535478638178113.jpg"], "intrinsics": [[[1257.8625342125129, 0.0, 827.2410631095686], [0.0, 1257.8625342125129, 450.915498205774], [0.0, 0.0, 1.0]], [[1252.8131021185304, 0.0, 826.588114781398], [0.0, 1252.8131021185304, 469.9846626224581], [0.0, 0.0, 1.0]], [[1256.7485116440405, 0.0, 817.7887570959712], [0.0, 1256.7485116440403, 451.9541780095127], [0.0, 0.0, 1.0]], [[1254.9860565800168, 0.0, 829.5769333630991], [0.0, 1254.9860565800168, 467.1680561863987], [0.0, 0.0, 1.0]], [[796.8910634503094, 0.0, 857.7774326863696], [0.0, 796.8910634503094, 476.8848988407415], [0.0, 0.0, 1.0]], [[1249.9629280788233, 0.0, 825.3768045375984], [0.0, 1249.9629280788233, 462.54816385708756], [0.0, 0.0, 1.0]]], "extrinsics": [[[0.8225608468055725, -0.5685564279556274, 0.0117157818749547, -0.7740478515625], [0.02334589883685112, 0.01317696925252676, -0.9996406435966492, 1.4947986602783203], [0.5681977868080139, 0.8225387334823608, 0.024112321436405182, -1.1759033203125], [0.0, 0.0, 0.0, 1.0]], [[0.010600335896015167, -0.9999054074287415, -0.00876335334032774, 0.00927734375], [0.025712115690112114, 0.009033508598804474, -0.9996285438537598, 1.4860725402832031], [0.9996131062507629, 0.01037103496491909, 0.025805441662669182, -1.5045166015625], [0.0, 0.0, 0.0, 1.0]], [[-0.8434884548187256, -0.5363659262657166, -0.028960419818758965, 0.9412841796875], [0.03410705178976059, 0.00032563420245423913, -0.9994180798530579, 1.4991426467895508], [0.5360632538795471, -0.8439854383468628, 0.018019193783402443, -1.1810302734375], [0.0, 0.0, 0.0, 1.0]], [[0.9477366209030151, 0.3187373876571655, 0.014195282943546772, -1.14111328125], [0.009760652668774128, 0.015506092458963394, -0.9998321533203125, 1.56207275390625], [-0.3189040720462799, 0.9477161765098572, 0.011584610678255558, -0.1571044921875], [0.0, 0.0, 0.0, 1.0]], [[0.008914195001125336, 0.9999277591705322, 0.008064082823693752, -0.02880859375], [0.011569549329578876, 0.0079607293009758, -0.9999013543128967, 1.568831443786621], [-0.9998933672904968, 0.009006588719785213, -0.011497750878334045, -0.0228118896484375], [0.0, 0.0, 0.0, 1.0]], [[-0.9235993027687073, 0.3828444182872772, -0.01985510252416134, 1.04150390625], [0.015377635136246681, -0.014752254821360111, -0.9997729063034058, 1.5498008728027344], [-0.38305044174194336, -0.9236949682235718, 0.00773793226107955, -0.092041015625], [0.0, 0.0, 0.0, 1.0]]], "view": [[0.0, -2.0, 100.0], [-2.0, 0.0, 100.0], [0.0, 0.0, 1.0]], "bev": "bev_cc22ff322d7a42549eec9f6b26c24030.png", "aux": "aux_cc22ff322d7a42549eec9f6b26c24030.npz", "visibility": "visibility_cc22ff322d7a42549eec9f6b26c24030.png", "pose": [[0.8268314599990845, 0.5624496936798096, 0.0, 1223.7314453125], [-0.5624496936798096, 0.8268314599990845, 0.0, 1522.0377197265625], [0.0, 0.0, 1.0, 0.0], [0.0, 0.0, 0.0, 1.0]], "pose_inverse": [[0.8268314599990845, -0.5624496936798096, 0.0, -155.75], [0.5624496936798096, 0.8268314599990845, 0.0, -1946.756103515625], [0.0, 0.0, 1.0, 0.0], [0.0, 0.0, 0.0, 1.0]], "cam_ids": [0, 1, 2, 3, 4, 5], "cam_channels": ["CAM_FRONT_LEFT", "CAM_FRONT", "CAM_FRONT_RIGHT", "CAM_BACK_LEFT", "CAM_BACK", "CAM_BACK_RIGHT"], "token": "cc22ff322d7a42549eec9f6b26c24030", "scene": "scene-0504"}, {"images": ["samples/CAM_FRONT_LEFT/n008-2018-08-28-13-40-50-0400__CAM_FRONT_LEFT__1535478638654799.jpg", "samples/CAM_FRONT/n008-2018-08-28-13-40-50-0400__CAM_FRONT__1535478638662404.jpg", "samples/CAM_FRONT_RIGHT/n008-2018-08-28-13-40-50-0400__CAM_FRONT_RIGHT__1535478638670482.jpg", "samples/CAM_BACK_LEFT/n008-2018-08-28-13-40-50-0400__CAM_BACK_LEFT__1535478638697405.jpg", "samples/CAM_BACK/n008-2018-08-28-13-40-50-0400__CAM_BACK__1535478638687574.jpg", "samples/CAM_BACK_RIGHT/n008-2018-08-28-13-40-50-0400__CAM_BACK_RIGHT__1535478638678113.jpg"], "intrinsics": [[[1257.8625342125129, 0.0, 827.2410631095686], [0.0, 1257.8625342125129, 450.915498205774], [0.0, 0.0, 1.0]], [[1252.8131021185304, 0.0, 826.588114781398], [0.0, 1252.8131021185304, 469.9846626224581], [0.0, 0.0, 1.0]], [[1256.7485116440405, 0.0, 817.7887570959712], [0.0, 1256.7485116440403, 451.9541780095127], [0.0, 0.0, 1.0]], [[1254.9860565800168, 0.0, 829.5769333630991], [0.0, 1254.9860565800168, 467.1680561863987], [0.0, 0.0, 1.0]], [[796.8910634503094, 0.0, 857.7774326863696], [0.0, 796.8910634503094, 476.8848988407415], [0.0, 0.0, 1.0]], [[1249.9629280788233, 0.0, 825.3768045375984], [0.0, 1249.9629280788233, 462.54816385708756], [0.0, 0.0, 1.0]]], "extrinsics": [[[0.8222682476043701, -0.5688601732254028, 0.016521835699677467, -0.765625], [0.02467009611427784, 0.006625519599765539, -0.9996736645698547, 1.4954605102539062], [0.5685651302337646, 0.8224075436592102, 0.019481787458062172, -1.168701171875], [0.0, 0.0, 0.0, 1.0]], [[0.01009801309555769, -0.9999474883079529, -0.0017204283503815532, 0.00830078125], [0.02688324637711048, 0.0019913753494620323, -0.9996365904808044, 1.4866113662719727], [0.9995874762535095, 0.010048138909041882, 0.02690194733440876, -1.4949188232421875], [0.0, 0.0, 0.0, 1.0]], [[-0.8437469601631165, -0.5361220836639404, -0.025773247703909874, 0.933837890625], [0.03510431945323944, -0.00720446091145277, -0.9993576407432556, 1.4995956420898438], [0.5355920195579529, -0.8441097736358643, 0.024898938834667206, -1.1778564453125], [0.0, 0.0, 0.0, 1.0]], [[0.9477621912956238, 0.31875482201576233, 0.011926268227398396, -1.1414794921875], [0.010362779721617699, 0.006600421853363514, -0.9999244809150696, 1.5620698928833008], [-0.31880947947502136, 0.9478142857551575, 0.0029524436686187983, -0.1568603515625], [0.0, 0.0, 0.0, 1.0]], [[0.009160954505205154, 0.9999579191207886, -0.0003586256643757224, -0.0283203125], [0.01224854402244091, -0.00047082550008781254, -0.9999248385429382, 1.568913459777832], [-0.9998831152915955, 0.009155860170722008, -0.01225234568119049, -0.02520751953125], [0.0, 0.0, 0.0, 1.0]], [[-0.9234248995780945, 0.3830483853816986, -0.023668546229600906, 1.03692626953125], [0.016207056120038033, -0.02269514836370945, -0.9996110200881958, 1.54998779296875], [-0.38343656063079834, -0.9234493970870972, 0.014749182388186455, -0.0950927734375], [0.0, 0.0, 0.0, 1.0]]], "view": [[0.0, -2.0, 100.0], [-2.0, 0.0, 100.0], [0.0, 0.0, 1.0]], "bev": "bev_437a2f7788d2451e91b8446b40ff38a9.png", "aux": "aux_437a2f7788d2451e91b8446b40ff38a9.npz", "visibility": "visibility_437a2f7788d2451e91b8446b40ff38a9.png", "pose": [[0.8251599669456482, 0.5648990869522095, 0.0, 1226.443115234375], [-0.5648990869522095, 0.8251599669456482, 0.0, 1520.1461181640625], [0.0, 0.0, 1.0, 0.0], [0.0, 0.0, 0.0, 1.0]], "pose_inverse": [[0.8251599669456482, -0.5648990869522095, 0.0, -153.2826385498047], [0.5648990869522095, 0.8251599669456482, 0.0, -1947.180419921875], [0.0, 0.0, 1.0, 0.0], [0.0, 0.0, 0.0, 1.0]], "cam_ids": [0, 1, 2, 3, 4, 5], "cam_channels": ["CAM_FRONT_LEFT", "CAM_FRONT", "CAM_FRONT_RIGHT", "CAM_BACK_LEFT", "CAM_BACK", "CAM_BACK_RIGHT"], "token": "437a2f7788d2451e91b8446b40ff38a9", "scene": "scene-0504"}, {"images": ["samples/CAM_FRONT_LEFT/n008-2018-08-28-13-40-50-0400__CAM_FRONT_LEFT__1535478639104799.jpg", "samples/CAM_FRONT/n008-2018-08-28-13-40-50-0400__CAM_FRONT__1535478639112404.jpg", "samples/CAM_FRONT_RIGHT/n008-2018-08-28-13-40-50-0400__CAM_FRONT_RIGHT__1535478639120482.jpg", "samples/CAM_BACK_LEFT/n008-2018-08-28-13-40-50-0400__CAM_BACK_LEFT__1535478639147405.jpg", "samples/CAM_BACK/n008-2018-08-28-13-40-50-0400__CAM_BACK__1535478639137558.jpg", "samples/CAM_BACK_RIGHT/n008-2018-08-28-13-40-50-0400__CAM_BACK_RIGHT__1535478639128113.jpg"], "intrinsics": [[[1257.8625342125129, 0.0, 827.2410631095686], [0.0, 1257.8625342125129, 450.915498205774], [0.0, 0.0, 1.0]], [[1252.8131021185304, 0.0, 826.588114781398], [0.0, 1252.8131021185304, 469.9846626224581], [0.0, 0.0, 1.0]], [[1256.7485116440405, 0.0, 817.7887570959712], [0.0, 1256.7485116440403, 451.9541780095127], [0.0, 0.0, 1.0]], [[1254.9860565800168, 0.0, 829.5769333630991], [0.0, 1254.9860565800168, 467.1680561863987], [0.0, 0.0, 1.0]], [[796.8910634503094, 0.0, 857.7774326863696], [0.0, 796.8910634503094, 476.8848988407415], [0.0, 0.0, 1.0]], [[1249.9629280788233, 0.0, 825.3768045375984], [0.0, 1249.9629280788233, 462.54816385708756], [0.0, 0.0, 1.0]]], "extrinsics": [[[0.8228653073310852, -0.5682259202003479, -0.003477045800536871, -0.75457763671875], [-0.001790917944163084, 0.0035255944821983576, -0.9999921917915344, 1.4877362251281738], [0.5682337284088135, 0.8228650093078613, 0.0018834435613825917, -1.165771484375], [0.0, 0.0, 0.0, 1.0]], [[0.010687490925192833, -0.9999423623085022, 0.0010099421488121152, 0.0115966796875], [-0.0003924767079297453, -0.0010141948005184531, -0.999999463558197, 1.480072259902954], [0.9999427795410156, 0.010687054134905338, -0.00040329285548068583, -1.486785888671875], [0.0, 0.0, 0.0, 1.0]], [[-0.8438653349876404, -0.5365546941757202, -0.0004958948702551425, 0.930419921875], [0.00704206945374608, -0.010151251219213009, -0.9999236464500427, 1.4944477081298828], [0.5365087389945984, -0.8438044786453247, 0.012344744987785816, -1.17236328125], [0.0, 0.0, 0.0, 1.0]], [[0.9476938843727112, 0.3187141418457031, -0.01725412718951702, -1.142822265625], [-0.019420871511101723, 0.0036216797307133675, -0.9998048543930054, 1.562016487121582], [-0.3185894787311554, 0.9478439688682556, 0.009621950797736645, -0.1571044921875], [0.0, 0.0, 0.0, 1.0]], [[0.009024551138281822, 0.9999529123306274, -0.003569322405382991, -0.0294189453125], [-0.017075836658477783, -0.0034148390404880047, -0.9998483061790466, 1.5668487548828125], [-0.9998135566711426, 0.009084145538508892, 0.01704421639442444, -0.0269927978515625], [0.0, 0.0, 0.0, 1.0]], [[-0.9238300919532776, 0.3827987611293793, 0.0017369656125083566, 1.0321044921875], [-0.012481126002967358, -0.025585711002349854, -0.9995946884155273, 1.5461387634277344], [-0.38259920477867126, -0.9234773516654968, 0.028414608910679817, -0.0947265625], [0.0, 0.0, 0.0, 1.0]]], "view": [[0.0, -2.0, 100.0], [-2.0, 0.0, 100.0], [0.0, 0.0, 1.0]], "bev": "bev_fb6f08d1e34e401b8ed3e165ef5c8c0d.png", "aux": "aux_fb6f08d1e34e401b8ed3e165ef5c8c0d.npz", "visibility": "visibility_fb6f08d1e34e401b8ed3e165ef5c8c0d.png", "pose": [[0.8234025239944458, 0.5674577355384827, 0.0, 1229.011962890625], [-0.5674577355384827, 0.8234025239944458, 0.0, 1518.344482421875], [0.0, 0.0, 1.0, 0.0], [0.0, 0.0, 0.0, 1.0]], "pose_inverse": [[0.8234025239944458, -0.5674577355384827, 0.0, -150.37518310546875], [0.5674577355384827, 0.8234025239944458, 0.0, -1947.6209716796875], [0.0, 0.0, 1.0, 0.0], [0.0, 0.0, 0.0, 1.0]], "cam_ids": [0, 1, 2, 3, 4, 5], "cam_channels": ["CAM_FRONT_LEFT", "CAM_FRONT", "CAM_FRONT_RIGHT", "CAM_BACK_LEFT", "CAM_BACK", "CAM_BACK_RIGHT"], "token": "fb6f08d1e34e401b8ed3e165ef5c8c0d", "scene": "scene-0504"}, {"images": ["samples/CAM_FRONT_LEFT/n008-2018-08-28-13-40-50-0400__CAM_FRONT_LEFT__1535478639604799.jpg", "samples/CAM_FRONT/n008-2018-08-28-13-40-50-0400__CAM_FRONT__1535478639612417.jpg", "samples/CAM_FRONT_RIGHT/n008-2018-08-28-13-40-50-0400__CAM_FRONT_RIGHT__1535478639620482.jpg", "samples/CAM_BACK_LEFT/n008-2018-08-28-13-40-50-0400__CAM_BACK_LEFT__1535478639647405.jpg", "samples/CAM_BACK/n008-2018-08-28-13-40-50-0400__CAM_BACK__1535478639637558.jpg", "samples/CAM_BACK_RIGHT/n008-2018-08-28-13-40-50-0400__CAM_BACK_RIGHT__1535478639628113.jpg"], "intrinsics": [[[1257.8625342125129, 0.0, 827.2410631095686], [0.0, 1257.8625342125129, 450.915498205774], [0.0, 0.0, 1.0]], [[1252.8131021185304, 0.0, 826.588114781398], [0.0, 1252.8131021185304, 469.9846626224581], [0.0, 0.0, 1.0]], [[1256.7485116440405, 0.0, 817.7887570959712], [0.0, 1256.7485116440403, 451.9541780095127], [0.0, 0.0, 1.0]], [[1254.9860565800168, 0.0, 829.5769333630991], [0.0, 1254.9860565800168, 467.1680561863987], [0.0, 0.0, 1.0]], [[796.8910634503094, 0.0, 857.7774326863696], [0.0, 796.8910634503094, 476.8848988407415], [0.0, 0.0, 1.0]], [[1249.9629280788233, 0.0, 825.3768045375984], [0.0, 1249.9629280788233, 462.54816385708756], [0.0, 0.0, 1.0]]], "extrinsics": [[[0.8223353028297424, -0.5690018534660339, -0.001265146885998547, -0.75189208984375], [0.005997166503220797, 0.010890530422329903, -0.9999226927757263, 1.4900531768798828], [0.5689716339111328, 0.8222641348838806, 0.012368065305054188, -1.1651611328125], [0.0, 0.0, 0.0, 1.0]], [[0.00991852954030037, -0.9999281167984009, -0.006731735542416573, 0.012939453125], [0.007999232970178127, 0.006811193190515041, -0.999944806098938, 1.4821386337280273], [0.9999187588691711, 0.009864072315394878, 0.008066215552389622, -1.483551025390625], [0.0, 0.0, 0.0, 1.0]], [[-0.8441329002380371, -0.5359864234924316, -0.012573590502142906, 0.9288330078125], [0.016069645062088966, -0.0018526067724451423, -0.999869167804718, 1.4961998462677002], [0.5358929634094238, -0.8442245721817017, 0.01017695851624012, -1.170166015625], [0.0, 0.0, 0.0, 1.0]], [[0.9478821754455566, 0.3185878098011017, -0.004602501168847084, -1.14129638671875], [-0.009126138873398304, 0.012707849033176899, -0.9998775720596313, 1.5620174407958984], [-0.31849032640457153, 0.9478080868721008, 0.014953020960092545, -0.1572265625], [0.0, 0.0, 0.0, 1.0]], [[0.009342110715806484, 0.9999415874481201, 0.0054237800650298595, -0.0296630859375], [-0.007081647869199514, 0.005490041337907314, -0.9999598264694214, 1.5675392150878906], [-0.9999313354492188, 0.009303323924541473, 0.007132522761821747, -0.02850341796875], [0.0, 0.0, 0.0, 1.0]], [[-0.9236539006233215, 0.3832087516784668, -0.003791246796026826, 1.03021240234375], [-0.0029497649520635605, -0.017001813277602196, -0.9998511075973511, 1.5474510192871094], [-0.38321617245674133, -0.9235051870346069, 0.016834169626235962, -0.0946044921875], [0.0, 0.0, 0.0, 1.0]]], "view": [[0.0, -2.0, 100.0], [-2.0, 0.0, 100.0], [0.0, 0.0, 1.0]], "bev": "bev_243fab76af4944e895ab28ad4602dcbd.png", "aux": "aux_243fab76af4944e895ab28ad4602dcbd.npz", "visibility": "visibility_243fab76af4944e895ab28ad4602dcbd.png", "pose": [[0.8237491846084595, 0.5669543743133545, 0.0, 1231.89697265625], [-0.5669543743133545, 0.8237491846084595, 0.0, 1516.2896728515625], [0.0, 0.0, 1.0, 0.0], [0.0, 0.0, 0.0, 1.0]], "pose_inverse": [[0.8237491846084595, -0.5669543743133545, 0.0, -155.10708618164062], [0.5669543743133545, 0.8237491846084595, 0.0, -1947.4718017578125], [0.0, 0.0, 1.0, 0.0], [0.0, 0.0, 0.0, 1.0]], "cam_ids": [0, 1, 2, 3, 4, 5], "cam_channels": ["CAM_FRONT_LEFT", "CAM_FRONT", "CAM_FRONT_RIGHT", "CAM_BACK_LEFT", "CAM_BACK", "CAM_BACK_RIGHT"], "token": "243fab76af4944e895ab28ad4602dcbd", "scene": "scene-0504"}, {"images": ["samples/CAM_FRONT_LEFT/n008-2018-08-28-13-40-50-0400__CAM_FRONT_LEFT__1535478640104799.jpg", "samples/CAM_FRONT/n008-2018-08-28-13-40-50-0400__CAM_FRONT__1535478640112404.jpg", "samples/CAM_FRONT_RIGHT/n008-2018-08-28-13-40-50-0400__CAM_FRONT_RIGHT__1535478640120482.jpg", "samples/CAM_BACK_LEFT/n008-2018-08-28-13-40-50-0400__CAM_BACK_LEFT__1535478640147405.jpg", "samples/CAM_BACK/n008-2018-08-28-13-40-50-0400__CAM_BACK__1535478640137558.jpg", "samples/CAM_BACK_RIGHT/n008-2018-08-28-13-40-50-0400__CAM_BACK_RIGHT__1535478640128113.jpg"], "intrinsics": [[[1257.8625342125129, 0.0, 827.2410631095686], [0.0, 1257.8625342125129, 450.915498205774], [0.0, 0.0, 1.0]], [[1252.8131021185304, 0.0, 826.588114781398], [0.0, 1252.8131021185304, 469.9846626224581], [0.0, 0.0, 1.0]], [[1256.7485116440405, 0.0, 817.7887570959712], [0.0, 1256.7485116440403, 451.9541780095127], [0.0, 0.0, 1.0]], [[1254.9860565800168, 0.0, 829.5769333630991], [0.0, 1254.9860565800168, 467.1680561863987], [0.0, 0.0, 1.0]], [[796.8910634503094, 0.0, 857.7774326863696], [0.0, 796.8910634503094, 476.8848988407415], [0.0, 0.0, 1.0]], [[1249.9629280788233, 0.0, 825.3768045375984], [0.0, 1249.9629280788233, 462.54816385708756], [0.0, 0.0, 1.0]]], "extrinsics": [[[0.8225880265235901, -0.5685641169548035, -0.009151860140264034, -0.76263427734375], [-0.0025357354898005724, 0.012426492758095264, -0.999919593334198, 1.4874820709228516], [0.5686320662498474, 0.8225451111793518, 0.008780156262218952, -1.1734619140625], [0.0, 0.0, 0.0, 1.0]], [[0.010319996625185013, -0.9999128580093384, -0.00822631735354662, 0.0130615234375], [-0.0006934362463653088, 0.008219596929848194, -0.999966025352478, 1.4799566268920898], [0.9999464750289917, 0.010325342416763306, -0.0006085490458644927, -1.495635986328125], [0.0, 0.0, 0.0, 1.0]], [[-0.8440151810646057, -0.5362880825996399, -0.005782871041446924, 0.937255859375], [0.007212502416223288, -0.0005682430928573012, -0.9999738335609436, 1.4944037199020386], [0.5362707376480103, -0.8440348505973816, 0.004347584210336208, -1.1754150390625], [0.0, 0.0, 0.0, 1.0]], [[0.947799563407898, 0.31860190629959106, -0.012997692450881004, -1.14227294921875], [-0.018519403412938118, 0.014307982288300991, -0.9997261166572571, 1.5620136260986328], [-0.3183286190032959, 0.9477806091308594, 0.019461415708065033, -0.15673828125], [0.0, 0.0, 0.0, 1.0]], [[0.009247570298612118, 0.9999346733093262, 0.0067273955792188644, -0.029541015625], [-0.01624537818133831, 0.006877030245959759, -0.9998443722724915, 1.5669403076171875], [-0.9998252391815186, 0.009136929176747799, 0.01630791276693344, -0.024139404296875], [0.0, 0.0, 0.0, 1.0]], [[-0.923755943775177, 0.38294875621795654, 0.005011327564716339, 1.0372314453125], [-0.011943463236093521, -0.015726638957858086, -0.9998049736022949, 1.5462722778320312], [-0.38279518485069275, -0.9236356616020203, 0.019101310521364212, -0.091796875], [0.0, 0.0, 0.0, 1.0]]], "view": [[0.0, -2.0, 100.0], [-2.0, 0.0, 100.0], [0.0, 0.0, 1.0]], "bev": "bev_22056b1693c641098539a1c633224890.png", "aux": "aux_22056b1693c641098539a1c633224890.npz", "visibility": "visibility_22056b1693c641098539a1c633224890.png", "pose": [[0.8245905041694641, 0.5657300353050232, 0.0, 1234.662841796875], [-0.5657300353050232, 0.8245905041694641, 0.0, 1514.324462890625], [0.0, 0.0, 1.0, 0.0], [0.0, 0.0, 0.0, 1.0]], "pose_inverse": [[0.8245905041694641, -0.5657300353050232, 0.0, -161.3924560546875], [0.5657300353050232, 0.8245905041694641, 0.0, -1947.1834716796875], [0.0, 0.0, 1.0, 0.0], [0.0, 0.0, 0.0, 1.0]], "cam_ids": [0, 1, 2, 3, 4, 5], "cam_channels": ["CAM_FRONT_LEFT", "CAM_FRONT", "CAM_FRONT_RIGHT", "CAM_BACK_LEFT", "CAM_BACK", "CAM_BACK_RIGHT"], "token": "22056b1693c641098539a1c633224890", "scene": "scene-0504"}, {"images": ["samples/CAM_FRONT_LEFT/n008-2018-08-28-13-40-50-0400__CAM_FRONT_LEFT__1535478640754799.jpg", "samples/CAM_FRONT/n008-2018-08-28-13-40-50-0400__CAM_FRONT__1535478640762404.jpg", "samples/CAM_FRONT_RIGHT/n008-2018-08-28-13-40-50-0400__CAM_FRONT_RIGHT__1535478640770482.jpg", "samples/CAM_BACK_LEFT/n008-2018-08-28-13-40-50-0400__CAM_BACK_LEFT__1535478640797405.jpg", "samples/CAM_BACK/n008-2018-08-28-13-40-50-0400__CAM_BACK__1535478640787558.jpg", "samples/CAM_BACK_RIGHT/n008-2018-08-28-13-40-50-0400__CAM_BACK_RIGHT__1535478640778113.jpg"], "intrinsics": [[[1257.8625342125129, 0.0, 827.2410631095686], [0.0, 1257.8625342125129, 450.915498205774], [0.0, 0.0, 1.0]], [[1252.8131021185304, 0.0, 826.588114781398], [0.0, 1252.8131021185304, 469.9846626224581], [0.0, 0.0, 1.0]], [[1256.7485116440405, 0.0, 817.7887570959712], [0.0, 1256.7485116440403, 451.9541780095127], [0.0, 0.0, 1.0]], [[1254.9860565800168, 0.0, 829.5769333630991], [0.0, 1254.9860565800168, 467.1680561863987], [0.0, 0.0, 1.0]], [[796.8910634503094, 0.0, 857.7774326863696], [0.0, 796.8910634503094, 476.8848988407415], [0.0, 0.0, 1.0]], [[1249.9629280788233, 0.0, 825.3768045375984], [0.0, 1249.9629280788233, 462.54816385708756], [0.0, 0.0, 1.0]]], "extrinsics": [[[0.8226152062416077, -0.5685777068138123, -0.004864085000008345, -0.776611328125], [0.003024371573701501, 0.012929720804095268, -0.9999118447303772, 1.4890861511230469], [0.5685904622077942, 0.8225280046463013, 0.012355774641036987, -1.179443359375], [0.0, 0.0, 0.0, 1.0]], [[0.010436538606882095, -0.9999070763587952, -0.008777336217463017, 0.010498046875], [0.005199046805500984, 0.008831956423819065, -0.9999474883079529, 1.4813156127929688], [0.999932050704956, 0.010390380397439003, 0.005290738772600889, -1.50848388671875], [0.0, 0.0, 0.0, 1.0]], [[-0.8438740968704224, -0.5364195704460144, -0.01142801158130169, 0.945068359375], [0.01340495329350233, 0.00021418300457298756, -0.9999101161956787, 1.4954062700271606], [0.5363737940788269, -0.8439514636993408, 0.007009935099631548, -1.1817626953125], [0.0, 0.0, 0.0, 1.0]], [[0.9478623270988464, 0.31862980127334595, -0.005663501564413309, -1.1407470703125], [-0.011312291026115417, 0.01588071510195732, -0.9998098611831665, 1.5620040893554688], [-0.31847935914993286, 0.947746217250824, 0.01865716464817524, -0.1573486328125], [0.0, 0.0, 0.0, 1.0]], [[0.009138450026512146, 0.9999260902404785, 0.008023340255022049, -0.029296875], [-0.009464822709560394, 0.008109811693429947, -0.9999222755432129, 1.5674304962158203], [-0.9999135136604309, 0.009061812423169613, 0.00953823421150446, -0.0213775634765625], [0.0, 0.0, 0.0, 1.0]], [[-0.9238154292106628, 0.38283753395080566, -0.0005713860737159848, 1.04376220703125], [-0.005496833007782698, -0.014756587333977222, -0.9998760223388672, 1.547149658203125], [-0.3827984631061554, -0.923697829246521, 0.015736758708953857, -0.090087890625], [0.0, 0.0, 0.0, 1.0]]], "view": [[0.0, -2.0, 100.0], [-2.0, 0.0, 100.0], [0.0, 0.0, 1.0]], "bev": "bev_0c8fbb0730c34b0cad8135c4496e05d1.png", "aux": "aux_0c8fbb0730c34b0cad8135c4496e05d1.npz", "visibility": "visibility_0c8fbb0730c34b0cad8135c4496e05d1.png", "pose": [[0.8259032964706421, 0.5638118386268616, 0.0, 1238.1729736328125], [-0.5638118386268616, 0.8259032964706421, 0.0, 1511.8626708984375], [0.0, 0.0, 1.0, 0.0], [0.0, 0.0, 0.0, 1.0]], "pose_inverse": [[0.8259032964706421, -0.5638118386268616, 0.0, -170.205078125], [0.5638118386268616, 0.8259032964706421, 0.0, -1946.7489013671875], [0.0, 0.0, 1.0, 0.0], [0.0, 0.0, 0.0, 1.0]], "cam_ids": [0, 1, 2, 3, 4, 5], "cam_channels": ["CAM_FRONT_LEFT", "CAM_FRONT", "CAM_FRONT_RIGHT", "CAM_BACK_LEFT", "CAM_BACK", "CAM_BACK_RIGHT"], "token": "0c8fbb0730c34b0cad8135c4496e05d1", "scene": "scene-0504"}, {"images": ["samples/CAM_FRONT_LEFT/n008-2018-08-28-13-40-50-0400__CAM_FRONT_LEFT__1535478641354799.jpg", "samples/CAM_FRONT/n008-2018-08-28-13-40-50-0400__CAM_FRONT__1535478641362404.jpg", "samples/CAM_FRONT_RIGHT/n008-2018-08-28-13-40-50-0400__CAM_FRONT_RIGHT__1535478641370482.jpg", "samples/CAM_BACK_LEFT/n008-2018-08-28-13-40-50-0400__CAM_BACK_LEFT__1535478641397405.jpg", "samples/CAM_BACK/n008-2018-08-28-13-40-50-0400__CAM_BACK__1535478641387558.jpg", "samples/CAM_BACK_RIGHT/n008-2018-08-28-13-40-50-0400__CAM_BACK_RIGHT__1535478641378113.jpg"], "intrinsics": [[[1257.8625342125129, 0.0, 827.2410631095686], [0.0, 1257.8625342125129, 450.915498205774], [0.0, 0.0, 1.0]], [[1252.8131021185304, 0.0, 826.588114781398], [0.0, 1252.8131021185304, 469.9846626224581], [0.0, 0.0, 1.0]], [[1256.7485116440405, 0.0, 817.7887570959712], [0.0, 1256.7485116440403, 451.9541780095127], [0.0, 0.0, 1.0]], [[1254.9860565800168, 0.0, 829.5769333630991], [0.0, 1254.9860565800168, 467.1680561863987], [0.0, 0.0, 1.0]], [[796.8910634503094, 0.0, 857.7774326863696], [0.0, 796.8910634503094, 476.8848988407415], [0.0, 0.0, 1.0]], [[1249.9629280788233, 0.0, 825.3768045375984], [0.0, 1249.9629280788233, 462.54816385708756], [0.0, 0.0, 1.0]]], "extrinsics": [[[0.8221274614334106, -0.5693029165267944, -0.0007706938777118921, -0.77294921875], [0.015370937064290047, 0.023550311103463173, -0.9996045231819153, 1.4925804138183594], [0.5690959095954895, 0.8217904567718506, 0.028112078085541725, -1.1744384765625], [0.0, 0.0, 0.0, 1.0]], [[0.00974979903548956, -0.9997621774673462, -0.019505245611071587, 0.009033203125], [0.017461316660046577, 0.019673418253660202, -0.9996539354324341, 1.4841842651367188], [0.9997999668121338, 0.0094058308750391, 0.017648974433541298, -1.5029449462890625], [0.0, 0.0, 0.0, 1.0]], [[-0.8440645337104797, -0.5355308651924133, -0.02760142832994461, 0.9398193359375], [0.025557328015565872, 0.011238636448979378, -0.999610185623169, 1.4976425170898438], [0.535632312297821, -0.8444409370422363, 0.004200602415949106, -1.180419921875], [0.0, 0.0, 0.0, 1.0]], [[0.9478516578674316, 0.31858351826667786, 0.009044546633958817, -1.14410400390625], [0.00040174342575483024, 0.02718411013484001, -0.9996303915977478, 1.562042236328125], [-0.31871163845062256, 0.9475048780441284, 0.025638515129685402, -0.1561279296875], [0.0, 0.0, 0.0, 1.0]], [[0.009272947907447815, 0.9997676610946655, 0.0194568932056427, -0.0286865234375], [0.002456393325701356, 0.019434895366430283, -0.9998080730438232, 1.5682106018066406], [-