[{"images": ["samples/CAM_FRONT_LEFT/n008-2018-08-31-11-19-57-0400__CAM_FRONT_LEFT__1535729528404799.jpg", "samples/CAM_FRONT/n008-2018-08-31-11-19-57-0400__CAM_FRONT__1535729528412404.jpg", "samples/CAM_FRONT_RIGHT/n008-2018-08-31-11-19-57-0400__CAM_FRONT_RIGHT__1535729528420482.jpg", "samples/CAM_BACK_LEFT/n008-2018-08-31-11-19-57-0400__CAM_BACK_LEFT__1535729528447405.jpg", "samples/CAM_BACK/n008-2018-08-31-11-19-57-0400__CAM_BACK__1535729528437558.jpg", "samples/CAM_BACK_RIGHT/n008-2018-08-31-11-19-57-0400__CAM_BACK_RIGHT__1535729528428113.jpg"], "intrinsics": [[[1257.8625342125129, 0.0, 827.2410631095686], [0.0, 1257.8625342125129, 450.915498205774], [0.0, 0.0, 1.0]], [[1252.8131021185304, 0.0, 826.588114781398], [0.0, 1252.8131021185304, 469.9846626224581], [0.0, 0.0, 1.0]], [[1256.7485116440405, 0.0, 817.7887570959712], [0.0, 1256.7485116440403, 451.9541780095127], [0.0, 0.0, 1.0]], [[1254.9860565800168, 0.0, 829.5769333630991], [0.0, 1254.9860565800168, 467.1680561863987], [0.0, 0.0, 1.0]], [[796.8910634503094, 0.0, 857.7774326863696], [0.0, 796.8910634503094, 476.8848988407415], [0.0, 0.0, 1.0]], [[1249.9629280788233, 0.0, 825.3768045375984], [0.0, 1249.9629280788233, 462.54816385708756], [0.0, 0.0, 1.0]]], "extrinsics": [[[0.8225409388542175, -0.5684987902641296, -0.015352320857346058, -0.67840576171875], [0.0002710655389819294, 0.027387086302042007, -0.9996248483657837, 1.48834228515625], [0.5687059760093689, 0.8222280740737915, 0.02268109656870365, -1.1103515625], [0.0, 0.0, 0.0, 1.0]], [[0.01020011492073536, -0.9996767640113831, -0.023287266492843628, 0.0103759765625], [0.0021678004413843155, 0.023310530930757523, -0.9997259378433228, 1.4808273315429688], [0.9999455809593201, 0.010146832093596458, 0.0024048711638897657, -1.409881591796875], [0.0, 0.0, 0.0, 1.0]], [[-0.8440786600112915, -0.5359683632850647, -0.016407687216997147, 0.8800048828125], [0.010127623565495014, 0.014658648520708084, -0.9998412728309631, 1.4955902099609375], [0.5361238121986389, -0.8441107869148254, -0.0069449665024876595, -1.1427001953125], [0.0, 0.0, 0.0, 1.0]], [[0.9478567242622375, 0.3186592757701874, -0.004882624372839928, -1.14959716796875], [-0.015183397568762302, 0.029849432408809662, -0.9994390606880188, 1.5621299743652344], [-0.3183348774909973, 0.9473991394042969, 0.03313131630420685, -0.1544189453125], [0.0, 0.0, 0.0, 1.0]], [[0.009336021728813648, 0.9997084736824036, 0.022267697378993034, -0.0283203125], [-0.013141036033630371, 0.022389402613043785, -0.9996629357337952, 1.56689453125], [-0.9998701214790344, 0.009040222503244877, 0.013346233405172825, -0.0440673828125], [0.0, 0.0, 0.0, 1.0]], [[-0.923707127571106, 0.38301289081573486, 0.00813809409737587, 0.995361328125], [-0.008955690078437328, -0.0003516007272992283, -0.9999598264694214, 1.5462110042572021], [-0.3829945921897888, -0.9237428903579712, 0.003754920093342662, -0.1114501953125], [0.0, 0.0, 0.0, 1.0]]], "view": [[0.0, -2.0, 100.0], [-2.0, 0.0, 100.0], [0.0, 0.0, 1.0]], "bev": "bev_b465f9e6eb994e349da169163b1668b8.png", "aux": "aux_b465f9e6eb994e349da169163b1668b8.npz", "visibility": "visibility_b465f9e6eb994e349da169163b1668b8.png", "pose": [[0.8405640125274658, 0.54171222448349, 0.0, 1277.2750244140625], [-0.54171222448349, 0.8405640125274658, 0.0, 1330.8485107421875], [0.0, 0.0, 1.0, 0.0], [0.0, 0.0, 0.0, 1.0]], "pose_inverse": [[0.8405640125274658, -0.54171222448349, 0.0, -352.69451904296875], [0.54171222448349, 0.8405640125274658, 0.0, -1810.578857421875], [0.0, 0.0, 1.0, 0.0], [0.0, 0.0, 0.0, 1.0]], "cam_ids": [0, 1, 2, 3, 4, 5], "cam_channels": ["CAM_FRONT_LEFT", "CAM_FRONT", "CAM_FRONT_RIGHT", "CAM_BACK_LEFT", "CAM_BACK", "CAM_BACK_RIGHT"], "token": "b465f9e6eb994e349da169163b1668b8", "scene": "scene-0305"}, {"images": ["samples/CAM_FRONT_LEFT/n008-2018-08-31-11-19-57-0400__CAM_FRONT_LEFT__1535729528904799.jpg", "samples/CAM_FRONT/n008-2018-08-31-11-19-57-0400__CAM_FRONT__1535729528912404.jpg", "samples/CAM_FRONT_RIGHT/n008-2018-08-31-11-19-57-0400__CAM_FRONT_RIGHT__1535729528920482.jpg", "samples/CAM_BACK_LEFT/n008-2018-08-31-11-19-57-0400__CAM_BACK_LEFT__1535729528947405.jpg", "samples/CAM_BACK/n008-2018-08-31-11-19-57-0400__CAM_BACK__1535729528937558.jpg", "samples/CAM_BACK_RIGHT/n008-2018-08-31-11-19-57-0400__CAM_BACK_RIGHT__1535729528928113.jpg"], "intrinsics": [[[1257.8625342125129, 0.0, 827.2410631095686], [0.0, 1257.8625342125129, 450.915498205774], [0.0, 0.0, 1.0]], [[1252.8131021185304, 0.0, 826.588114781398], [0.0, 1252.8131021185304, 469.9846626224581], [0.0, 0.0, 1.0]], [[1256.7485116440405, 0.0, 817.7887570959712], [0.0, 1256.7485116440403, 451.9541780095127], [0.0, 0.0, 1.0]], [[1254.9860565800168, 0.0, 829.5769333630991], [0.0, 1254.9860565800168, 467.1680561863987], [0.0, 0.0, 1.0]], [[796.8910634503094, 0.0, 857.7774326863696], [0.0, 796.8910634503094, 476.8848988407415], [0.0, 0.0, 1.0]], [[1249.9629280788233, 0.0, 825.3768045375984], [0.0, 1249.9629280788233, 462.54816385708756], [0.0, 0.0, 1.0]]], "extrinsics": [[[0.8222047090530396, -0.5689951777458191, -0.014964121393859386, -0.69195556640625], [0.002907439135015011, 0.0304881501942873, -0.9995309114456177, 1.4892845153808594], [0.5691844820976257, 0.821775496006012, 0.02672181837260723, -1.12109375], [0.0, 0.0, 0.0, 1.0]], [[0.009854395873844624, -0.999606192111969, -0.026272542774677277, 0.0113525390625], [0.005103281699120998, 0.026323752477765083, -0.9996404051780701, 1.4816551208496094], [0.999938428401947, 0.009716753847897053, 0.005360675510019064, -1.42742919921875], [0.0, 0.0, 0.0, 1.0]], [[-0.8441068530082703, -0.5357743501663208, -0.020719503983855247, 0.8958740234375], [0.013382474891841412, 0.01757868193089962, -0.999755859375, 1.4961433410644531], [0.5360079407691956, -0.8441781401634216, -0.007668299600481987, -1.151123046875], [0.0, 0.0, 0.0, 1.0]], [[0.9479042291641235, 0.3185550272464752, -0.0005025785649195313, -1.16015625], [-0.0115631353110075, 0.032830964773893356, -0.9993939995765686, 1.5622406005859375], [-0.3183455467224121, 0.9473356008529663, 0.03480410948395729, -0.150634765625], [0.0, 0.0, 0.0, 1.0]], [[0.009316901676356792, 0.9996399879455566, 0.025160307064652443, -0.0289306640625], [-0.009738689288496971, 0.025250913575291634, -0.9996336698532104, 1.56732177734375], [-0.9999091625213623, 0.009068511426448822, 0.00997044425457716, -0.029541015625], [0.0, 0.0, 0.0, 1.0]], [[-0.9237302541732788, 0.38299623131752014, 0.006023985333740711, 1.011077880859375], [-0.005483831744641066, 0.002502095652744174, -0.9999818205833435, 1.5469224452972412], [-0.38300418853759766, -0.9237465262413025, -0.00021097558783367276, -0.10400390625], [0.0, 0.0, 0.0, 1.0]]], "view": [[0.0, -2.0, 100.0], [-2.0, 0.0, 100.0], [0.0, 0.0, 1.0]], "bev": "bev_27f57a598dd84777995e8b3e343d6f01.png", "aux": "aux_27f57a598dd84777995e8b3e343d6f01.npz", "visibility": "visibility_27f57a598dd84777995e8b3e343d6f01.png", "pose": [[0.8414784073829651, 0.5402907133102417, 0.0, 1281.1884765625], [-0.5402907133102417, 0.8414784073829651, 0.0, 1328.274169921875], [0.0, 0.0, 1.0, 0.0], [0.0, 0.0, 0.0, 1.0]], "pose_inverse": [[0.8414784073829651, -0.5402907133102417, 0.0, -360.4382019042969], [0.5402907133102417, 0.8414784073829651, 0.0, -1809.9283447265625], [0.0, 0.0, 1.0, 0.0], [0.0, 0.0, 0.0, 1.0]], "cam_ids": [0, 1, 2, 3, 4, 5], "cam_channels": ["CAM_FRONT_LEFT", "CAM_FRONT", "CAM_FRONT_RIGHT", "CAM_BACK_LEFT", "CAM_BACK", "CAM_BACK_RIGHT"], "token": "27f57a598dd84777995e8b3e343d6f01", "scene": "scene-0305"}, {"images": ["samples/CAM_FRONT_LEFT/n008-2018-08-31-11-19-57-0400__CAM_FRONT_LEFT__1535729529404799.jpg", "samples/CAM_FRONT/n008-2018-08-31-11-19-57-0400__CAM_FRONT__1535729529412404.jpg", "samples/CAM_FRONT_RIGHT/n008-2018-08-31-11-19-57-0400__CAM_FRONT_RIGHT__1535729529420482.jpg", "samples/CAM_BACK_LEFT/n008-2018-08-31-11-19-57-0400__CAM_BACK_LEFT__1535729529447405.jpg", "samples/CAM_BACK/n008-2018-08-31-11-19-57-0400__CAM_BACK__1535729529437656.jpg", "samples/CAM_BACK_RIGHT/n008-2018-08-31-11-19-57-0400__CAM_BACK_RIGHT__1535729529428113.jpg"], "intrinsics": [[[1257.8625342125129, 0.0, 827.2410631095686], [0.0, 1257.8625342125129, 450.915498205774], [0.0, 0.0, 1.0]], [[1252.8131021185304, 0.0, 826.588114781398], [0.0, 1252.8131021185304, 469.9846626224581], [0.0, 0.0, 1.0]], [[1256.7485116440405, 0.0, 817.7887570959712], [0.0, 1256.7485116440403, 451.9541780095127], [0.0, 0.0, 1.0]], [[1254.9860565800168, 0.0, 829.5769333630991], [0.0, 1254.9860565800168, 467.1680561863987], [0.0, 0.0, 1.0]], [[796.8910634503094, 0.0, 857.7774326863696], [0.0, 796.8910634503094, 476.8848988407415], [0.0, 0.0, 1.0]], [[1249.9629280788233, 0.0, 825.3768045375984], [0.0, 1249.9629280788233, 462.54816385708756], [0.0, 0.0, 1.0]]], "extrinsics": [[[0.82215815782547, -0.5690889358520508, -0.013919592835009098, -0.68896484375], [0.004511178936809301, 0.030964717268943787, -0.9995102882385254, 1.4899253845214844], [0.5692412257194519, 0.821692705154419, 0.028025157749652863, -1.1182861328125], [0.0, 0.0, 0.0, 1.0]], [[0.009653267450630665, -0.9995936751365662, -0.02681925520300865, 0.0107421875], [0.00650305300951004, 0.02688269317150116, -0.9996174573898315, 1.4821281433105469], [0.9999322891235352, 0.00947518553584814, 0.00675991689786315, -1.422760009765625], [0.0, 0.0, 0.0, 1.0]], [[-0.844273567199707, -0.5354581475257874, -0.022058390080928802, 0.891357421875], [0.014562851749360561, 0.018222438171505928, -0.9997279047966003, 1.4964942932128906], [0.5357144474983215, -0.844365119934082, -0.007586927153170109, -1.1492919921875], [0.0, 0.0, 0.0, 1.0]], [[0.9478837847709656, 0.3186156749725342, 0.0005766219110228121, -1.15643310546875], [-0.010665155947208405, 0.033537570387125015, -0.9993805885314941, 1.5621871948242188], [-0.3184376358985901, 0.9472904801368713, 0.03518781065940857, -0.15185546875], [0.0, 0.0, 0.0, 1.0]], [[0.009449755772948265, 0.9996203780174255, 0.025880971923470497, -0.028564453125], [-0.008520519360899925, 0.025961680337786674, -0.999626636505127, 1.5673942565917969], [-0.999919056892395, 0.00922570750117302, 0.008762615732848644, -0.03289794921875], [0.0, 0.0, 0.0, 1.0]], [[-0.9235855340957642, 0.3833550810813904, 0.005348938051611185, 1.0069580078125], [-0.00446167029440403, 0.0032036176417022943, -0.9999849200248718, 1.5470690727233887], [-0.38336634635925293, -0.9235954284667969, -0.0012484112521633506, -0.1064453125], [0.0, 0.0, 0.0, 1.0]]], "view": [[0.0, -2.0, 100.0], [-2.0, 0.0, 100.0], [0.0, 0.0, 1.0]], "bev": "bev_1c8740f460244bf99d6e97550f820dd6.png", "aux": "aux_1c8740f460244bf99d6e97550f820dd6.npz", "visibility": "visibility_1c8740f460244bf99d6e97550f820dd6.png", "pose": [[0.8444249033927917, 0.5356739163398743, 0.0, 1285.063232421875], [-0.5356739163398743, 0.8444249033927917, 0.0, 1325.755126953125], [0.0, 0.0, 1.0, 0.0], [0.0, 0.0, 0.0, 1.0]], "pose_inverse": [[0.8444249033927917, -0.5356739163398743, 0.0, -374.9670104980469], [0.5356739163398743, 0.8444249033927917, 0.0, -1807.87548828125], [0.0, 0.0, 1.0, 0.0], [0.0, 0.0, 0.0, 1.0]], "cam_ids": [0, 1, 2, 3, 4, 5], "cam_channels": ["CAM_FRONT_LEFT", "CAM_FRONT", "CAM_FRONT_RIGHT", "CAM_BACK_LEFT", "CAM_BACK", "CAM_BACK_RIGHT"], "token": "1c8740f460244bf99d6e97550f820dd6", "scene": "scene-0305"}, {"images": ["samples/CAM_FRONT_LEFT/n008-2018-08-31-11-19-57-0400__CAM_FRONT_LEFT__1535729529854799.jpg", "samples/CAM_FRONT/n008-2018-08-31-11-19-57-0400__CAM_FRONT__1535729529862404.jpg", "samples/CAM_FRONT_RIGHT/n008-2018-08-31-11-19-57-0400__CAM_FRONT_RIGHT__1535729529870482.jpg", "samples/CAM_BACK_LEFT/n008-2018-08-31-11-19-57-0400__CAM_BACK_LEFT__1535729529897405.jpg", "samples/CAM_BACK/n008-2018-08-31-11-19-57-0400__CAM_BACK__1535729529887558.jpg", "samples/CAM_BACK_RIGHT/n008-2018-08-31-11-19-57-0400__CAM_BACK_RIGHT__1535729529878113.jpg"], "intrinsics": [[[1257.8625342125129, 0.0, 827.2410631095686], [0.0, 1257.8625342125129, 450.915498205774], [0.0, 0.0, 1.0]], [[1252.8131021185304, 0.0, 826.588114781398], [0.0, 1252.8131021185304, 469.9846626224581], [0.0, 0.0, 1.0]], [[1256.7485116440405, 0.0, 817.7887570959712], [0.0, 1256.7485116440403, 451.9541780095127], [0.0, 0.0, 1.0]], [[1254.9860565800168, 0.0, 829.5769333630991], [0.0, 1254.9860565800168, 467.1680561863987], [0.0, 0.0, 1.0]], [[796.8910634503094, 0.0, 857.7774326863696], [0.0, 796.8910634503094, 476.8848988407415], [0.0, 0.0, 1.0]], [[1249.9629280788233, 0.0, 825.3768045375984], [0.0, 1249.9629280788233, 462.54816385708756], [0.0, 0.0, 1.0]]], "extrinsics": [[[0.8224173188209534, -0.5686057806015015, -0.017808638513088226, -0.67657470703125], [0.0030628545209765434, 0.035729724913835526, -0.9993568062782288, 1.4892501831054688], [0.5688764452934265, 0.8218338489532471, 0.031126301735639572, -1.1146240234375], [0.0, 0.0, 0.0, 1.0]], [[0.010017719119787216, -0.9994459748268127, -0.0317368321120739, 0.0145263671875], [0.0049840607680380344, 0.0317879356443882, -0.9994822144508362, 1.4815940856933594], [0.9999373555183411, 0.009854378178715706, 0.005299743730574846, -1.4097900390625], [0.0, 0.0, 0.0, 1.0]], [[-0.844131588935852, -0.5356226563453674, -0.023459013551473618, 0.8809814453125], [0.013019207864999771, 0.023264050483703613, -0.9996445775032043, 1.4962387084960938], [0.5359780192375183, -0.8441369533538818, -0.012664536945521832, -1.13916015625], [0.0, 0.0, 0.0, 1.0]], [[0.947816789150238, 0.3188149034976959, 0.000661450729239732, -1.1419677734375], [-0.012379202991724014, 0.03887557238340378, -0.9991673827171326, 1.5619735717773438], [-0.3185752034187317, 0.9470193386077881, 0.04079359769821167, -0.1578369140625], [0.0, 0.0, 0.0, 1.0]], [[0.009371443651616573, 0.9994708895683289, 0.031147893518209457, -0.0296630859375], [-0.010296585038304329, 0.031244060024619102, -0.9994586706161499, 1.5670204162597656], [-0.9999030232429504, 0.009045646525919437, 0.010583939030766487, -0.05084228515625], [0.0, 0.0, 0.0, 1.0]], [[-0.9236721396446228, 0.3830811083316803, 0.008857805281877518, 0.991607666015625], [-0.006121456623077393, 0.008361442014575005, -0.9999462962150574, 1.546670913696289], [-0.38313454389572144, -0.9236769080162048, -0.005378217436373234, -0.1103515625], [0.0, 0.0, 0.0, 1.0]]], "view": [[0.0, -2.0, 100.0], [-2.0, 0.0, 100.0], [0.0, 0.0, 1.0]], "bev": "bev_28489ad7b8084c2b8eea5af084a94b0e.png", "aux": "aux_28489ad7b8084c2b8eea5af084a94b0e.npz", "visibility": "visibility_28489ad7b8084c2b8eea5af084a94b0e.png", "pose": [[0.8453797101974487, 0.5341657996177673, 0.0, 1288.5501708984375], [-0.5341657996177673, 0.8453797101974487, 0.0, 1323.4935302734375], [0.0, 0.0, 1.0, 0.0], [0.0, 0.0, 0.0, 1.0]], "pose_inverse": [[0.8453797101974487, -0.5341657996177673, 0.0, -382.3491516113281], [0.5341657996177673, 0.8453797101974487, 0.0, -1807.154052734375], [0.0, 0.0, 1.0, 0.0], [0.0, 0.0, 0.0, 1.0]], "cam_ids": [0, 1, 2, 3, 4, 5], "cam_channels": ["CAM_FRONT_LEFT", "CAM_FRONT", "CAM_FRONT_RIGHT", "CAM_BACK_LEFT", "CAM_BACK", "CAM_BACK_RIGHT"], "token": "28489ad7b8084c2b8eea5af084a94b0e", "scene": "scene-0305"}, {"images": ["samples/CAM_FRONT_LEFT/n008-2018-08-31-11-19-57-0400__CAM_FRONT_LEFT__1535729530354799.jpg", "samples/CAM_FRONT/n008-2018-08-31-11-19-57-0400__CAM_FRONT__1535729530362404.jpg", "samples/CAM_FRONT_RIGHT/n008-2018-08-31-11-19-57-0400__CAM_FRONT_RIGHT__1535729530370482.jpg", "samples/CAM_BACK_LEFT/n008-2018-08-31-11-19-57-0400__CAM_BACK_LEFT__1535729530397405.jpg", "samples/CAM_BACK/n008-2018-08-31-11-19-57-0400__CAM_BACK__1535729530387558.jpg", "samples/CAM_BACK_RIGHT/n008-2018-08-31-11-19-57-0400__CAM_BACK_RIGHT__1535729530278113.jpg"], "intrinsics": [[[1257.8625342125129, 0.0, 827.2410631095686], [0.0, 1257.8625342125129, 450.915498205774], [0.0, 0.0, 1.0]], [[1252.8131021185304, 0.0, 826.588114781398], [0.0, 1252.8131021185304, 469.9846626224581], [0.0, 0.0, 1.0]], [[1256.7485116440405, 0.0, 817.7887570959712], [0.0, 1256.7485116440403, 451.9541780095127], [0.0, 0.0, 1.0]], [[1254.9860565800168, 0.0, 829.5769333630991], [0.0, 1254.9860565800168, 467.1680561863987], [0.0, 0.0, 1.0]], [[796.8910634503094, 0.0, 857.7774326863696], [0.0, 796.8910634503094, 476.8848988407415], [0.0, 0.0, 1.0]], [[1249.9629280788233, 0.0, 825.3768045375984], [0.0, 1249.9629280788233, 462.54816385708756], [0.0, 0.0, 1.0]]], "extrinsics": [[[0.8220159411430359, -0.5691521763801575, -0.018858930096030235, -0.692138671875], [0.0020205662585794926, 0.0360318124294281, -0.9993485808372498, 1.4888458251953125], [0.5694608688354492, 0.8214424252510071, 0.030768735334277153, -1.1236572265625], [0.0, 0.0, 0.0, 1.0]], [[0.009501735679805279, -0.9994509816169739, -0.03174040466547012, 0.012939453125], [0.0040604909881949425, 0.031780142337083817, -0.9994866251945496, 1.48126220703125], [0.9999465942382812, 0.009367980994284153, 0.004360228776931763, -1.42767333984375], [0.0, 0.0, 0.0, 1.0]], [[-0.8443297147750854, -0.5353481769561768, -0.022575028240680695, 0.8955078125], [0.012175225652754307, 0.022952357307076454, -0.9996623992919922, 1.4958305358886719], [0.5356855988502502, -0.8443195819854736, -0.012861374765634537, -1.149658203125], [0.0, 0.0, 0.0, 1.0]], [[0.9478835463523865, 0.3186166286468506, -0.00030868922476656735, -1.15606689453125], [-0.013038970530033112, 0.03782283142209053, -0.999199390411377, 1.562225341796875], [-0.3183499276638031, 0.9471287727355957, 0.04000607132911682, -0.1517333984375], [0.0, 0.0, 0.0, 1.0]], [[0.009508238174021244, 0.9994958639144897, 0.0302940234541893, -0.0291748046875], [-0.011085491627454758, 0.030398892238736153, -0.9994763135910034, 1.567169189453125], [-0.9998933672904968, 0.009167516604065895, 0.011368942447006702, -0.03271484375], [0.0, 0.0, 0.0, 1.0]], [[-0.9226343631744385, 0.385558158159256, 0.009520825929939747, 0.165496826171875], [-0.0063599455170333385, 0.00947276409715414, -0.9999348521232605, 1.5408315658569336], [-0.3856233060359955, -0.9226349592208862, -0.006287768483161926, -0.44091796875], [0.0, 0.0, 0.0, 1.0]]], "view": [[0.0, -2.0, 100.0], [-2.0, 0.0, 100.0], [0.0, 0.0, 1.0]], "bev": "bev_ad6d4f310f6143459f3e35303d45c20a.png", "aux": "aux_ad6d4f310f6143459f3e35303d45c20a.npz", "visibility": "visibility_ad6d4f310f6143459f3e35303d45c20a.png", "pose": [[0.8512312769889832, 0.5247907638549805, 0.0, 1292.3787841796875], [-0.5247907638549805, 0.8512312769889832, 0.0, 1321.0364990234375], [0.0, 0.0, 1.0, 0.0], [0.0, 0.0, 0.0, 1.0]], "pose_inverse": [[0.8512312769889832, -0.5247907638549805, 0.0, -406.845458984375], [0.5247907638549805, 0.8512312769889832, 0.0, -1802.7359619140625], [0.0, 0.0, 1.0, 0.0], [0.0, 0.0, 0.0, 1.0]], "cam_ids": [0, 1, 2, 3, 4, 5], "cam_channels": ["CAM_FRONT_LEFT", "CAM_FRONT", "CAM_FRONT_RIGHT", "CAM_BACK_LEFT", "CAM_BACK", "CAM_BACK_RIGHT"], "token": "ad6d4f310f6143459f3e35303d45c20a", "scene": "scene-0305"}, {"images": ["samples/CAM_FRONT_LEFT/n008-2018-08-31-11-19-57-0400__CAM_FRONT_LEFT__1535729530854799.jpg", "samples/CAM_FRONT/n008-2018-08-31-11-19-57-0400__CAM_FRONT__1535729530862404.jpg", "samples/CAM_FRONT_RIGHT/n008-2018-08-31-11-19-57-0400__CAM_FRONT_RIGHT__1535729530870482.jpg", "samples/CAM_BACK_LEFT/n008-2018-08-31-11-19-57-0400__CAM_BACK_LEFT__1535729530897405.jpg", "samples/CAM_BACK/n008-2018-08-31-11-19-57-0400__CAM_BACK__1535729530887558.jpg", "samples/CAM_BACK_RIGHT/n008-2018-08-31-11-19-57-0400__CAM_BACK_RIGHT__1535729530878113.jpg"], "intrinsics": [[[1257.8625342125129, 0.0, 827.2410631095686], [0.0, 1257.8625342125129, 450.915498205774], [0.0, 0.0, 1.0]], [[1252.8131021185304, 0.0, 826.588114781398], [0.0, 1252.8131021185304, 469.9846626224581], [0.0, 0.0, 1.0]], [[1256.7485116440405, 0.0, 817.7887570959712], [0.0, 1256.7485116440403, 451.9541780095127], [0.0, 0.0, 1.0]], [[1254.9860565800168, 0.0, 829.5769333630991], [0.0, 1254.9860565800168, 467.1680561863987], [0.0, 0.0, 1.0]], [[796.8910634503094, 0.0, 857.7774326863696], [0.0, 796.8910634503094, 476.8848988407415], [0.0, 0.0, 1.0]], [[1249.9629280788233, 0.0, 825.3768045375984], [0.0, 1249.9629280788233, 462.54816385708756], [0.0, 0.0, 1.0]]], "extrinsics": [[[0.8220775723457336, -0.569118320941925, -0.017112698405981064, -0.6981201171875], [0.002733108587563038, 0.03399920091032982, -0.9994180798530579, 1.4891548156738281], [0.5693689584732056, 0.8215525150299072, 0.029505442827939987, -1.1263427734375], [0.0, 0.0, 0.0, 1.0]], [[0.009605607949197292, -0.999514102935791, -0.029651572927832603, 0.01220703125], [0.005039666313678026, 0.029700955376029015, -0.9995461106300354, 1.4815750122070312], [0.9999411702156067, 0.009451795369386673, 0.005322514101862907, -1.4320068359375], [0.0, 0.0, 0.0, 1.0]], [[-0.8442718982696533, -0.535447359085083, -0.022384878247976303, 0.8970947265625], [0.013346241787075996, 0.020749390125274658, -0.9996955990791321, 1.4960899353027344], [0.5357488393783569, -0.8443136215209961, -0.010371921584010124, -1.151123046875], [0.0, 0.0, 0.0, 1.0]], [[0.9478719234466553, 0.3186511993408203, -0.0004704906605184078, -1.152099609375], [-0.012091324664652348, 0.03449178859591484, -0.9993318319320679, 1.5621490478515625], [-0.3184220790863037, 0.9472442865371704, 0.03654671087861061, -0.1533203125], [0.0, 0.0, 0.0, 1.0]], [[0.00945246685296297, 0.9995760321617126, 0.027540039271116257, -0.0291748046875], [-0.01026084553450346, 0.027636775746941566, -0.9995653033256531, 1.5672149658203125], [-0.999902606010437, 0.009165843017399311, 0.010517731308937073, -0.03472900390625], [0.0, 0.0, 0.0, 1.0]], [[-0.9236050844192505, 0.3832719326019287, 0.007485322654247284, 1.0091552734375], [-0.005874802824109793, 0.005372393876314163, -0.9999682903289795, 1.5468435287475586], [-0.38329997658729553, -0.9236198663711548, -0.00271032378077507, -0.104248046875], [0.0, 0.0, 0.0, 1.0]]], "view": [[0.0, -2.0, 100.0], [-2.0, 0.0, 100.0], [0.0, 0.0, 1.0]], "bev": "bev_cfa29f2e9f3f450cbffc7c54264c6368.png", "aux": "aux_cfa29f2e9f3f450cbffc7c54264c6368.npz", "visibility": "visibility_cfa29f2e9f3f450cbffc7c54264c6368.png", "pose": [[0.8578845262527466, 0.5138424634933472, 0.0, 1296.189697265625], [-0.5138424634933472, 0.8578845262527466, 0.0, 1318.692138671875], [0.0, 0.0, 1.0, 0.0], [0.0, 0.0, 0.0, 1.0]], "pose_inverse": [[0.8578845262527466, -0.5138424634933472, 0.0, -434.3810729980469], [0.5138424634933472, 0.8578845262527466, 0.0, -1797.322998046875], [0.0, 0.0, 1.0, 0.0], [0.0, 0.0, 0.0, 1.0]], "cam_ids": [0, 1, 2, 3, 4, 5], "cam_channels": ["CAM_FRONT_LEFT", "CAM_FRONT", "CAM_FRONT_RIGHT", "CAM_BACK_LEFT", "CAM_BACK", "CAM_BACK_RIGHT"], "token": "cfa29f2e9f3f450cbffc7c54264c6368", "scene": "scene-0305"}, {"images": ["samples/CAM_FRONT_LEFT/n008-2018-08-31-11-19-57-0400__CAM_FRONT_LEFT__1535729531354799.jpg", "samples/CAM_FRONT/n008-2018-08-31-11-19-57-0400__CAM_FRONT__1535729531362404.jpg", "samples/CAM_FRONT_RIGHT/n008-2018-08-31-11-19-57-0400__CAM_FRONT_RIGHT__1535729531370482.jpg", "samples/CAM_BACK_LEFT/n008-2018-08-31-11-19-57-0400__CAM_BACK_LEFT__1535729531397405.jpg", "samples/CAM_BACK/n008-2018-08-31-11-19-57-0400__CAM_BACK__1535729531387558.jpg", "samples/CAM_BACK_RIGHT/n008-2018-08-31-11-19-57-0400__CAM_BACK_RIGHT__1535729531378113.jpg"], "intrinsics": [[[1257.8625342125129, 0.0, 827.2410631095686], [0.0, 1257.8625342125129, 450.915498205774], [0.0, 0.0, 1.0]], [[1252.8131021185304, 0.0, 826.588114781398], [0.0, 1252.8131021185304, 469.9846626224581], [0.0, 0.0, 1.0]], [[1256.7485116440405, 0.0, 817.7887570959712], [0.0, 1256.7485116440403, 451.9541780095127], [0.0, 0.0, 1.0]], [[1254.9860565800168, 0.0, 829.5769333630991], [0.0, 1254.9860565800168, 467.1680561863987], [0.0, 0.0, 1.0]], [[796.8910634503094, 0.0, 857.7774326863696], [0.0, 796.8910634503094, 476.8848988407415], [0.0, 0.0, 1.0]], [[1249.9629280788233, 0.0, 825.3768045375984], [0.0, 1249.9629280788233, 462.54816385708756], [0.0, 0.0, 1.0]]], "extrinsics": [[[0.821622908115387, -0.5698431134223938, -0.014650756493210793, -0.7027587890625], [0.0027457131072878838, 0.0296576339751482, -0.9995563626289368, 1.4892768859863281], [0.5700247883796692, 0.8212181925773621, 0.02593201771378517, -1.1248779296875], [0.0, 0.0, 0.0, 1.0]], [[0.008878638967871666, -0.9996344447135925, -0.025536485016345978, 0.0087890625], [0.00453613605350256, 0.025577494874596596, -0.9996625781059265, 1.4815139770507812], [0.9999502897262573, 0.008759831078350544, 0.004761571064591408, -1.433837890625], [0.0, 0.0, 0.0, 1.0]], [[-0.8446009159088135, -0.5350439548492432, -0.019427061080932617, 0.895751953125], [0.012314705178141594, 0.016861824318766594, -0.9997819662094116, 1.49591064453125], [0.5352548360824585, -0.8446559906005859, -0.007652605418115854, -1.1533203125], [0.0, 0.0, 0.0, 1.0]], [[0.9478675127029419, 0.31865546107292175, -0.002435935428366065, -1.1434326171875], [-0.013329852372407913, 0.032010942697525024, -0.9993986487388611, 1.5620269775390625], [-0.31838589906692505, 0.9473298788070679, 0.03458976373076439, -0.156494140625], [0.0, 0.0, 0.0, 1.0]], [[0.009674299508333206, 0.9996567368507385, 0.024346400052309036, -0.0283203125], [-0.01101007591933012, 0.02445254847407341, -0.9996403455734253, 1.5671234130859375], [-0.9998925924301147, 0.009402750059962273, 0.011242857202887535, -0.04034423828125], [0.0, 0.0, 0.0, 1.0]], [[-0.9234428405761719, 0.3836737275123596, 0.006902844645082951, 1.0074462890625], [-0.0067392680794000626, 0.0017706416547298431, -0.9999757409095764, 1.5466960668563843], [-0.3836766481399536, -0.9234669804573059, 0.0009505956550128758, -0.1068115234375], [0.0, 0.0, 0.0, 1.0]]], "view": [[0.0, -2.0, 100.0], [-2.0, 0.0, 100.0], [0.0, 0.0, 1.0]], "bev": "bev_be398a67eb7745fd86919ef32ca2ee98.png", "aux": "aux_be398a67eb7745fd86919ef32ca2ee98.npz", "visibility": "visibility_be398a67eb7745fd86919ef32ca2ee98.png", "pose": [[0.863417387008667, 0.5044902563095093, 0.0, 1299.9095458984375], [-0.5044902563095093, 0.863417387008667, 0.0, 1316.414794921875], [0.0, 0.0, 1.0, 0.0], [0.0, 0.0, 0.0, 1.0]], "pose_inverse": [[0.863417387008667, -0.5044902563095093, 0.0, -458.24603271484375], [0.5044902563095093, 0.863417387008667, 0.0, -1792.4071044921875], [0.0, 0.0, 1.0, 0.0], [0.0, 0.0, 0.0, 1.0]], "cam_ids": [0, 1, 2, 3, 4, 5], "cam_channels": ["CAM_FRONT_LEFT", "CAM_FRONT", "CAM_FRONT_RIGHT", "CAM_BACK_LEFT", "CAM_BACK", "CAM_BACK_RIGHT"], "token": "be398a67eb7745fd86919ef32ca2ee98", "scene": "scene-0305"}, {"images": ["samples/CAM_FRONT_LEFT/n008-2018-08-31-11-19-57-0400__CAM_FRONT_LEFT__1535729531854799.jpg", "samples/CAM_FRONT/n008-2018-08-31-11-19-57-0400__CAM_FRONT__1535729531862404.jpg", "samples/CAM_FRONT_RIGHT/n008-2018-08-31-11-19-57-0400__CAM_FRONT_RIGHT__1535729531870482.jpg", "samples/CAM_BACK_LEFT/n008-2018-08-31-11-19-57-0400__CAM_BACK_LEFT__1535729531897405.jpg", "samples/CAM_BACK/n008-2018-08-31-11-19-57-0400__CAM_BACK__1535729531887558.jpg", "samples/CAM_BACK_RIGHT/n008-2018-08-31-11-19-57-0400__CAM_BACK_RIGHT__1535729531878113.jpg"], "intrinsics": [[[1257.8625342125129, 0.0, 827.2410631095686], [0.0, 1257.8625342125129, 450.915498205774], [0.0, 0.0, 1.0]], [[1252.8131021185304, 0.0, 826.588114781398], [0.0, 1252.8131021185304, 469.9846626224581], [0.0, 0.0, 1.0]], [[1256.7485116440405, 0.0, 817.7887570959712], [0.0, 1256.7485116440403, 451.9541780095127], [0.0, 0.0, 1.0]], [[1254.9860565800168, 0.0, 829.5769333630991], [0.0, 1254.9860565800168, 467.1680561863987], [0.0, 0.0, 1.0]], [[796.8910634503094, 0.0, 857.7774326863696], [0.0, 796.8910634503094, 476.8848988407415], [0.0, 0.0, 1.0]], [[1249.9629280788233, 0.0, 825.3768045375984], [0.0, 1249.9629280788233, 462.54816385708756], [0.0, 0.0, 1.0]]], "extrinsics": [[[0.8216337561607361, -0.5698062181472778, -0.015457459725439548, -0.70941162109375], [-5.937887544860132e-05, 0.02703203819692135, -0.9996345639228821, 1.4882698059082031], [0.5700157284736633, 0.8213343620300293, 0.022176600992679596, -1.12841796875], [0.0, 0.0, 0.0, 1.0]], [[0.008801477029919624, -0.9997002482414246, -0.02284448780119419, 0.0078125], [0.0017587668262422085, 0.02286081574857235, -0.9997370839118958, 1.4806938171386719], [0.9999597072601318, 0.008759020827710629, 0.0019594496116042137, -1.4376220703125], [0.0, 0.0, 0.0, 1.0]], [[-0.8446704745292664, -0.5350582003593445, -0.015636079013347626, 0.8956298828125], [0.009573387913405895, 0.014105843380093575, -0.9998546838760376, 1.4952831268310547], [0.5352010130882263, -0.8446974754333496, -0.006792470812797546, -1.154541015625], [0.0, 0.0, 0.0, 1.0]], [[0.9478615522384644, 0.3186259865760803, -0.006000779569149017, -1.13623046875], [-0.01612037420272827, 0.02913268655538559, -0.9994455575942993, 1.5619087219238281], [-0.31827452778816223, 0.9474326968193054, 0.032750122249126434, -0.1588134765625], [0.0, 0.0, 0.0, 1.0]], [[0.009749293327331543, 0.9997208118438721, 0.021521655842661858, -0.02783203125], [-0.013778649270534515, 0.021654941141605377, -0.9996705055236816, 1.56683349609375], [-0.9998575448989868, 0.009449555538594723, 0.013985924422740936, -0.045166015625], [0.0, 0.0, 0.0, 1.0]], [[-0.9234110116958618, 0.3837187588214874, 0.008479075506329536, 1.006134033203125], [-0.009592710062861443, -0.0009885696927085519, -0.9999535083770752, 1.5462102890014648], [-0.38369253277778625, -0.9234493970870972, 0.004593759309500456, -0.108154296875], [0.0, 0.0, 0.0, 1.0]]], "view": [[0.0, -2.0, 100.0], [-2.0, 0.0, 100.0], [0.0, 0.0, 1.0]], "bev": "bev_350248cd1494422d8afebdc885920d0e.png", "aux": "aux_350248cd1494422d8afebdc885920d0e.npz", "visibility": "visibility_350248cd1494422d8afebdc885920d0e.png", "pose": [[0.868355929851532, 0.4959414601325989, 0.0, 1303.5640869140625], [-0.4959414601325989, 0.868355929851532, 0.0, 1314.2525634765625], [0.0, 0.0, 1.0, 0.0], [0.0, 0.0, 0.0, 1.0]], "pose_inverse": [[0.868355929851532, -0.4959414601325989, 0.0, -480.165283203125], [0.4959414601325989, 0.868355929851532, 0.0, -1787.73046875], [0.0, 0.0, 1.0, 0.0], [0.0, 0.0, 0.0, 1.0]], "cam_ids": [0, 1, 2, 3, 4, 5], "cam_channels": ["CAM_FRONT_LEFT", "CAM_FRONT", "CAM_FRONT_RIGHT", "CAM_BACK_LEFT", "CAM_BACK", "CAM_BACK_RIGHT"], "token": "350248cd1494422d8afebdc885920d0e", "scene": "scene-0305"}, {"images": ["samples/CAM_FRONT_LEFT/n008-2018-08-31-11-19-57-0400__CAM_FRONT_LEFT__1535729532404799.jpg", "samples/CAM_FRONT/n008-2018-08-31-11-19-57-0400__CAM_FRONT__1535729532412408.jpg", "samples/CAM_FRONT_RIGHT/n008-2018-08-31-11-19-57-0400__CAM_FRONT_RIGHT__1535729532420482.jpg", "samples/CAM_BACK_LEFT/n008-2018-08-31-11-19-57-0400__CAM_BACK_LEFT__1535729532447405.jpg", "samples/CAM_BACK/n008-2018-08-31-11-19-57-0400__CAM_BACK__1535729532437558.jpg", "samples/CAM_BACK_RIGHT/n008-2018-08-31-11-19-57-0400__CAM_BACK_RIGHT__1535729532428113.jpg"], "intrinsics": [[[1257.8625342125129, 0.0, 827.2410631095686], [0.0, 1257.8625342125129, 450.915498205774], [0.0, 0.0, 1.0]], [[1252.8131021185304, 0.0, 826.588114781398], [0.0, 1252.8131021185304, 469.9846626224581], [0.0, 0.0, 1.0]], [[1256.7485116440405, 0.0, 817.7887570959712], [0.0, 1256.7485116440403, 451.9541780095127], [0.0, 0.0, 1.0]], [[1254.9860565800168, 0.0, 829.5769333630991], [0.0, 1254.9860565800168, 467.1680561863987], [0.0, 0.0, 1.0]], [[796.8910634503094, 0.0, 857.7774326863696], [0.0, 796.8910634503094, 476.8848988407415], [0.0, 0.0, 1.0]], [[1249.9629280788233, 0.0, 825.3768045375984], [0.0, 1249.9629280788233, 462.54816385708756], [0.0, 0.0, 1.0]]], "extrinsics": [[[0.8219758868217468, -0.5691540837287903, -0.020476216450333595, -0.72100830078125], [-0.005674627609550953, 0.027766793966293335, -0.9995983242988586, 1.4863090515136719], [0.5694940090179443, 0.821761965751648, 0.019593896344304085, -1.1378173828125], [0.0, 0.0, 0.0, 1.0]], [[0.009396460838615894, -0.9996753334999084, -0.023683875799179077, 0.0089111328125], [-0.0038293502293527126, 0.02364877238869667, -0.9997130036354065, 1.4790496826171875], [0.9999484419822693, 0.009484456852078438, -0.003605891717597842, -1.44891357421875], [0.0, 0.0, 0.0, 1.0]], [[-0.8444395065307617, -0.5355285406112671, -0.011448719538748264, 0.9022216796875], [0.004074897151440382, 0.01495035458356142, -0.9998798966407776, 1.4939804077148438], [0.5356354117393494, -0.8443847298622131, -0.010442446917295456, -1.15771484375], [0.0, 0.0, 0.0, 1.0]], [[0.9478297233581543, 0.31859564781188965, -0.010749238543212414, -1.1292724609375], [-0.021450912579894066, 0.03010060079395771, -0.9993166923522949, 1.5617141723632812], [-0.3180544376373291, 0.9474126100540161, 0.035364411771297455, -0.1611328125], [0.0, 0.0, 0.0, 1.0]], [[0.00969719234853983, 0.999702513217926, 0.022382283583283424, -0.0279541015625], [-0.019131267443299294, 0.02256472222507, -0.9995622634887695, 1.5663127899169922], [-0.9997699856758118, 0.009264756925404072, 0.0193443913012743, -0.047027587890625], [0.0, 0.0, 0.0, 1.0]], [[-0.9234969615936279, 0.3833615481853485, 0.013679258525371552, 1.009002685546875], [-0.014858998358249664, -0.00011605773033807054, -0.9998895525932312, 1.5453720092773438], [-0.38331764936447144, -0.9235983490943909, 0.0058035473339259624, -0.106689453125], [0.0, 0.0, 0.0, 1.0]]], "view": [[0.0, -2.0, 100.0], [-2.0, 0.0, 100.0], [0.0, 0.0, 1.0]], "bev": "bev_1bcfa8bd07d847afa850f7214d546055.png", "aux": "aux_1bcfa8bd07d847afa850f7214d546055.npz", "visibility": "visibility_1bcfa8bd07d847afa850f7214d546055.png", "pose": [[0.8728179931640625, 0.4880458116531372, 0.0, 1307.400146484375], [-0.4880458116531372, 0.8728179931640625, 0.0, 1312.0433349609375], [0.0, 0.0, 1.0, 0.0], [0.0, 0.0, 0.0, 1.0]], "pose_inverse": [[0.8728179931640625, -0.4880458116531372, 0.0, -500.78515625], [0.4880458116531372, 0.8728179931640625, 0.0, -1783.2462158203125], [0.0, 0.0, 1.0, 0.0], [0.0, 0.0, 0.0, 1.0]], "cam_ids": [0, 1, 2, 3, 4, 5], "cam_channels": ["CAM_FRONT_LEFT", "CAM_FRONT", "CAM_FRONT_RIGHT", "CAM_BACK_LEFT", "CAM_BACK", "CAM_BACK_RIGHT"], "token": "1bcfa8bd07d847afa850f7214d546055", "scene": "scene-0305"}, {"images": ["samples/CAM_FRONT_LEFT/n008-2018-08-31-11-19-57-0400__CAM_FRONT_LEFT__1535729532904799.jpg", "samples/CAM_FRONT/n008-2018-08-31-11-19-57-0400__CAM_FRONT__1535729532912404.jpg", "samples/CAM_FRONT_RIGHT/n008-2018-08-31-11-19-57-0400__CAM_FRONT_RIGHT__1535729532920482.jpg", "samples/CAM_BACK_LEFT/n008-2018-08-31-11-19-57-0400__CAM_BACK_LEFT__1535729532947405.jpg", "samples/CAM_BACK/n008-2018-08-31-11-19-57-0400__CAM_BACK__1535729532937558.jpg", "samples/CAM_BACK_RIGHT/n008-2018-08-31-11-19-57-0400__CAM_BACK_RIGHT__1535729532928113.jpg"], "intrinsics": [[[1257.8625342125129, 0.0, 827.2410631095686], [0.0, 1257.8625342125129, 450.915498205774], [0.0, 0.0, 1.0]], [[1252.8131021185304, 0.0, 826.588114781398], [0.0, 1252.8131021185304, 469.9846626224581], [0.0, 0.0, 1.0]], [[1256.7485116440405, 0.0, 817.7887570959712], [0.0, 1256.7485116440403, 451.9541780095127], [0.0, 0.0, 1.0]], [[1254.9860565800168, 0.0, 829.5769333630991], [0.0, 1254.9860565800168, 467.1680561863987], [0.0, 0.0, 1.0]], [[796.8910634503094, 0.0, 857.7774326863696], [0.0, 796.8910634503094, 476.8848988407415], [0.0, 0.0, 1.0]], [[1249.9629280788233, 0.0, 825.3768045375984], [0.0, 1249.9629280788233, 462.54816385708756], [0.0, 0.0, 1.0]]], "extrinsics": [[[0.8222148418426514, -0.5688459873199463, -0.019419515505433083, -0.7464599609375], [-0.004697553347796202, 0.027335427701473236, -0.9996152520179749, 1.4867134094238281], [0.5691579580307007, 0.8219897150993347, 0.019803408533334732, -1.1597900390625], [0.0, 0.0, 0.0, 1.0]], [[0.009737281128764153, -0.9996808171272278, -0.023308590054512024, 0.0115966796875], [-0.0029666931368410587, 0.023280711844563484, -0.9997245669364929, 1.4793167114257812], [0.9999481439590454, 0.009803764522075653, -0.002739054849371314, -1.477294921875], [0.0, 0.0, 0.0, 1.0]], [[-0.8442943096160889, -0.5357471704483032, -0.011916957795619965, 0.9227294921875], [0.004816364496946335, 0.014650773257017136, -0.9998810887336731, 1.493997573852539], [0.5358580946922302, -0.8442513346672058, -0.009789212606847286, -1.1680908203125], [0.0, 0.0, 0.0, 1.0]], [[0.9478017687797546, 0.3187018036842346, -0.010053078643977642, -1.1300048828125], [-0.020690016448497772, 0.03000809997320175, -0.9993354678153992, 1.5617332458496094], [-0.3181883692741394, 0.9473798871040344, 0.03503567352890968, -0.1610107421875], [0.0, 0.0, 0.0, 1.0]], [[0.009523678570985794, 0.9997071623802185, 0.02224726229906082, -0.029052734375], [-0.018452370539307594, 0.022420182824134827, -0.9995782971382141, 1.5665225982666016], [-0.9997843503952026, 0.009109199978411198, 0.018660489469766617, -0.037841796875], [0.0, 0.0, 0.0, 1.0]], [[-0.9235813617706299, 0.38317838311195374, 0.013107124716043472, 1.0242919921875], [-0.014341777190566063, -0.00036542245652526617, -0.9998971223831177, 1.5457048416137695], [-0.3831341862678528, -0.9236743450164795, 0.005832956172525883, -0.0985107421875], [0.0, 0.0, 0.0, 1.0]]], "view": [[0.0, -2.0, 100.0], [-2.0, 0.0, 100.0], [0.0, 0.0, 1.0]], "bev": "bev_29c0008858784973b3af48423b40daf5.png", "aux": "aux_29c0008858784973b3af48423b40daf5.npz", "visibility": "visibility_29c0008858784973b3af48423b40daf5.png", "pose": [[0.8747013807296753, 0.4846622049808502, 0.0, 1310.6064453125], [-0.4846622049808502, 0.8747013807296753, 0.0, 1310.210205078125], [0.0, 0.0, 1.0, 0.0], [0.0, 0.0, 0.0, 1.0]], "pose_inverse": [[0.8747013807296753, -0.4846622049808502, 0.0, -511.3799133300781], [0.4846622049808502, 0.8747013807296753, 0.0, -1781.244140625], [0.0, 0.0, 1.0, 0.0], [0.0, 0.0, 0.0, 1.0]], "cam_ids": [0, 1, 2, 3, 4, 5], "cam_channels": ["CAM_FRONT_LEFT", "CAM_FRONT", "CAM_FRONT_RIGHT", "CAM_BACK_LEFT", "CAM_BACK", "CAM_BACK_RIGHT"], "token": "29c0008858784973b3af48423b40daf5", "scene": "scene-0305"}, {"images": ["samples/CAM_FRONT_LEFT/n008-2018-08-31-11-19-57-0400__CAM_FRONT_LEFT__1535729533354800.jpg", "samples/CAM_FRONT/n008-2018-08-31-11-19-57-0400__CAM_FRONT__1535729533362404.jpg", "samples/CAM_FRONT_RIGHT/n008-2018-08-31-11-19-57-0400__CAM_FRONT_RIGHT__1535729533370488.jpg", "samples/CAM_BACK_LEFT/n008-2018-08-31-11-19-57-0400__CAM_BACK_LEFT__1535729533397405.jpg", "samples/CAM_BACK/n008-2018-08-31-11-19-57-0400__CAM_BACK__1535729533387558.jpg", "samples/CAM_BACK_RIGHT/n008-2018-08-31-11-19-57-0400__CAM_BACK_RIGHT__1535729533378113.jpg"], "intrinsics": [[[1257.8625342125129, 0.0, 827.2410631095686], [0.0, 1257.8625342125129, 450.915498205774], [0.0, 0.0, 1.0]], [[1252.8131021185304, 0.0, 826.588114781398], [0.0, 1252.8131021185304, 469.9846626224581], [0.0, 0.0, 1.0]], [[1256.7485116440405, 0.0, 817.7887570959712], [0.0, 1256.7485116440403, 451.9541780095127], [0.0, 0.0, 1.0]], [[1254.9860565800168, 0.0, 829.5769333630991], [0.0, 1254.9860565800168, 467.1680561863987], [0.0, 0.0, 1.0]], [[796.8910634503094, 0.0, 857.7774326863696], [0.0, 796.8910634503094, 476.8848988407415], [0.0, 0.0, 1.0]], [[1249.9629280788233, 0.0, 825.3768045375984], [0.0, 1249.9629280788233, 462.54816385708756], [0.0, 0.0, 1.0]]], "extrinsics": [[[0.822058379650116, -0.5690701007843018, -0.019472721964120865, -0.7757568359375], [-0.0024569116067141294, 0.03065314143896103, -0.9995270371437073, 1.4875335693359375], [0.5693978667259216, 0.8217174410820007, 0.02380051463842392, -1.1781005859375], [0.0, 0.0, 0.0, 1.0]], [[0.009586424566805363, -0.9996000528335571, -0.02660435251891613, 0.010009765625], [-0.0005656685680150986, 0.026600150391459465, -0.999646008014679, 1.4799690246582031], [0.9999538064002991, 0.009598086588084698, -0.00031044179922901094, -1.504150390625], [0.0, 0.0, 0.0, 1.0]], [[-0.8443172574043274, -0.535607635974884, -0.01589975506067276, 0.93896484375], [0.007438143715262413, 0.01795455813407898, -0.9998111128807068, 1.494384765625], [0.5357919335365295, -0.8442761301994324, -0.011175418272614479, -1.17919921875], [0.0, 0.0, 0.0, 1.0]], [[0.9478508830070496, 0.31865090131759644, -0.0063509405590593815, -1.1304931640625], [-0.017852239310741425, 0.033186253160238266, -0.9992896914482117, 1.5617904663085938], [-0.3182138204574585, 0.9472910165786743, 0.0371442511677742, -0.1607666015625], [0.0, 0.0, 0.0, 1.0]], [[0.009528041817247868, 0.9996294379234314, 0.025498852133750916, -0.0289306640625], [-0.015712587162852287, 0.025646530091762543, -0.9995476007461548, 1.566864013671875], [-0.9998311400413513, 0.009123114868998528, 0