[{"images": ["samples/CAM_FRONT_LEFT/n008-2018-08-29-16-04-13-0400__CAM_FRONT_LEFT__1535573094854799.jpg", "samples/CAM_FRONT/n008-2018-08-29-16-04-13-0400__CAM_FRONT__1535573094862404.jpg", "samples/CAM_FRONT_RIGHT/n008-2018-08-29-16-04-13-0400__CAM_FRONT_RIGHT__1535573094870482.jpg", "samples/CAM_BACK_LEFT/n008-2018-08-29-16-04-13-0400__CAM_BACK_LEFT__1535573094897405.jpg", "samples/CAM_BACK/n008-2018-08-29-16-04-13-0400__CAM_BACK__1535573094887558.jpg", "samples/CAM_BACK_RIGHT/n008-2018-08-29-16-04-13-0400__CAM_BACK_RIGHT__1535573094878113.jpg"], "intrinsics": [[[1257.8625342125129, 0.0, 827.2410631095686], [0.0, 1257.8625342125129, 450.915498205774], [0.0, 0.0, 1.0]], [[1252.8131021185304, 0.0, 826.588114781398], [0.0, 1252.8131021185304, 469.9846626224581], [0.0, 0.0, 1.0]], [[1256.7485116440405, 0.0, 817.7887570959712], [0.0, 1256.7485116440403, 451.9541780095127], [0.0, 0.0, 1.0]], [[1254.9860565800168, 0.0, 829.5769333630991], [0.0, 1254.9860565800168, 467.1680561863987], [0.0, 0.0, 1.0]], [[796.8910634503094, 0.0, 857.7774326863696], [0.0, 796.8910634503094, 476.8848988407415], [0.0, 0.0, 1.0]], [[1249.9629280788233, 0.0, 825.3768045375984], [0.0, 1249.9629280788233, 462.54816385708756], [0.0, 0.0, 1.0]]], "extrinsics": [[[0.8225510716438293, -0.5686905980110168, 0.0009093653643503785, -1.0047607421875], [0.008965269662439823, 0.011368435807526112, -0.9998952150344849, 1.4882946014404297], [0.5686206221580505, 0.8224729895591736, 0.014449584297835827, -1.3336181640625], [0.0, 0.0, 0.0, 1.0]], [[0.01028691977262497, -0.9999216198921204, -0.00713987834751606, 0.0054931640625], [0.010915067978203297, 0.007252116687595844, -0.9999141097068787, 1.4801654815673828], [0.9998875260353088, 0.01020810566842556, 0.010988814756274223, -1.7347412109375], [0.0, 0.0, 0.0, 1.0]], [[-0.8439379930496216, -0.5362250208854675, -0.015214338898658752, 1.090576171875], [0.018943365663290024, -0.001446094480343163, -0.9998195171356201, 1.4930648803710938], [0.5361062288284302, -0.8440738916397095, 0.011378318071365356, -1.277557373046875], [0.0, 0.0, 0.0, 1.0]], [[0.9478816986083984, 0.31861793994903564, -0.0017220497829839587, -1.14404296875], [-0.006430287845432758, 0.01372583769261837, -0.9998851418495178, 1.5620461702346802], [-0.3185577690601349, 0.9477838277816772, 0.015059275552630424, -0.156036376953125], [0.0, 0.0, 0.0, 1.0]], [[0.009184779599308968, 0.9999388456344604, 0.006157365627586842, -0.0289306640625], [-0.004306812305003405, 0.0061971270479261875, -0.9999714493751526, 1.5680607557296753], [-0.9999486207962036, 0.0091579994186759, 0.004363467916846275, 0.0443115234375], [0.0, 0.0, 0.0, 1.0]], [[-0.9237292408943176, 0.38299548625946045, -0.006224608048796654, 1.16064453125], [-0.0001098294960684143, -0.016515109688043594, -0.9998635649681091, 1.547811508178711], [-0.3830460011959076, -0.9236026406288147, 0.015297554433345795, -0.043701171875], [0.0, 0.0, 0.0, 1.0]]], "view": [[0.0, -2.0, 100.0], [-2.0, 0.0, 100.0], [0.0, 0.0, 1.0]], "bev": "bev_21e8b7ab86ae47d391c5c80e06702222.png", "aux": "aux_21e8b7ab86ae47d391c5c80e06702222.npz", "visibility": "visibility_21e8b7ab86ae47d391c5c80e06702222.png", "pose": [[-0.9996770620346069, 0.025412939488887787, 0.0, 1977.23046875], [-0.025412939488887787, -0.9996770620346069, 0.0, 875.1990966796875], [0.0, 0.0, 1.0, 0.0], [0.0, 0.0, 0.0, 1.0]], "pose_inverse": [[-0.9996770620346069, -0.025412939488887787, 0.0, 1998.833251953125], [0.025412939488887787, -0.9996770620346069, 0.0, 824.669189453125], [0.0, 0.0, 1.0, 0.0], [0.0, 0.0, 0.0, 1.0]], "cam_ids": [0, 1, 2, 3, 4, 5], "cam_channels": ["CAM_FRONT_LEFT", "CAM_FRONT", "CAM_FRONT_RIGHT", "CAM_BACK_LEFT", "CAM_BACK", "CAM_BACK_RIGHT"], "token": "21e8b7ab86ae47d391c5c80e06702222", "scene": "scene-0697"}, {"images": ["samples/CAM_FRONT_LEFT/n008-2018-08-29-16-04-13-0400__CAM_FRONT_LEFT__1535573095354799.jpg", "samples/CAM_FRONT/n008-2018-08-29-16-04-13-0400__CAM_FRONT__1535573095362404.jpg", "samples/CAM_FRONT_RIGHT/n008-2018-08-29-16-04-13-0400__CAM_FRONT_RIGHT__1535573095370482.jpg", "samples/CAM_BACK_LEFT/n008-2018-08-29-16-04-13-0400__CAM_BACK_LEFT__1535573095397405.jpg", "samples/CAM_BACK/n008-2018-08-29-16-04-13-0400__CAM_BACK__1535573095387558.jpg", "samples/CAM_BACK_RIGHT/n008-2018-08-29-16-04-13-0400__CAM_BACK_RIGHT__1535573095378113.jpg"], "intrinsics": [[[1257.8625342125129, 0.0, 827.2410631095686], [0.0, 1257.8625342125129, 450.915498205774], [0.0, 0.0, 1.0]], [[1252.8131021185304, 0.0, 826.588114781398], [0.0, 1252.8131021185304, 469.9846626224581], [0.0, 0.0, 1.0]], [[1256.7485116440405, 0.0, 817.7887570959712], [0.0, 1256.7485116440403, 451.9541780095127], [0.0, 0.0, 1.0]], [[1254.9860565800168, 0.0, 829.5769333630991], [0.0, 1254.9860565800168, 467.1680561863987], [0.0, 0.0, 1.0]], [[796.8910634503094, 0.0, 857.7774326863696], [0.0, 796.8910634503094, 476.8848988407415], [0.0, 0.0, 1.0]], [[1249.9629280788233, 0.0, 825.3768045375984], [0.0, 1249.9629280788233, 462.54816385708756], [0.0, 0.0, 1.0]]], "extrinsics": [[[0.8225453495979309, -0.5686985850334167, 0.0010138010839000344, -1.0047607421875], [0.009145368821918964, 0.011445061303675175, -0.9998926520347595, 1.488290786743164], [0.5686259269714355, 0.8224663734436035, 0.014615039341151714, -1.3333740234375], [0.0, 0.0, 0.0, 1.0]], [[0.010278821922838688, -0.9999212026596069, -0.007208720780909061, 0.00555419921875], [0.011096689850091934, 0.007322721183300018, -0.9999116063117981, 1.4801616668701172], [0.999885618686676, 0.010197917930781841, 0.011171082966029644, -1.7347412109375], [0.0, 0.0, 0.0, 1.0]], [[-0.8439403176307678, -0.5362159609794617, -0.015407877042889595, 1.0908203125], [0.019130028784275055, -0.0013792116660624743, -0.9998160004615784, 1.4930648803710938], [0.5360959768295288, -0.8440797924995422, 0.011421795934438705, -1.27752685546875], [0.0, 0.0, 0.0, 1.0]], [[0.9478822350502014, 0.31861719489097595, -0.0015262010274454951, -1.14404296875], [-0.006241700612008572, 0.013779454864561558, -0.9998855590820312, 1.56204354763031], [-0.3185597062110901, 0.9477832913398743, 0.015050013549625874, -0.1560516357421875], [0.0, 0.0, 0.0, 1.0]], [[0.009190037846565247, 0.9999384880065918, 0.006212903652340174, -0.02886962890625], [-0.004125632811337709, 0.006251029670238495, -0.9999719262123108, 1.5680612325668335], [-0.9999493360519409, 0.009164148010313511, 0.004182825796306133, 0.04443359375], [0.0, 0.0, 0.0, 1.0]], [[-0.923724353313446, 0.3830047845840454, -0.006370831746608019, 1.1605224609375], [7.373286643996835e-05, -0.016453739255666733, -0.9998645782470703, 1.5478143692016602], [-0.38305774331092834, -0.9235997796058655, 0.015170480124652386, -0.043701171875], [0.0, 0.0, 0.0, 1.0]]], "view": [[0.0, -2.0, 100.0], [-2.0, 0.0, 100.0], [0.0, 0.0, 1.0]], "bev": "bev_44fd4c8bb3bc452da82b974eee5ba5ba.png", "aux": "aux_44fd4c8bb3bc452da82b974eee5ba5ba.npz", "visibility": "visibility_44fd4c8bb3bc452da82b974eee5ba5ba.png", "pose": [[-0.9996763467788696, 0.025440774857997894, 0.0, 1977.2303466796875], [-0.025440774857997894, -0.9996763467788696, 0.0, 875.2005615234375], [0.0, 0.0, 1.0, 0.0], [0.0, 0.0, 0.0, 1.0]], "pose_inverse": [[-0.9996763467788696, -0.025440774857997894, 0.0, 1998.856201171875], [0.025440774857997894, -0.9996763467788696, 0.0, 824.614990234375], [0.0, 0.0, 1.0, 0.0], [0.0, 0.0, 0.0, 1.0]], "cam_ids": [0, 1, 2, 3, 4, 5], "cam_channels": ["CAM_FRONT_LEFT", "CAM_FRONT", "CAM_FRONT_RIGHT", "CAM_BACK_LEFT", "CAM_BACK", "CAM_BACK_RIGHT"], "token": "44fd4c8bb3bc452da82b974eee5ba5ba", "scene": "scene-0697"}, {"images": ["samples/CAM_FRONT_LEFT/n008-2018-08-29-16-04-13-0400__CAM_FRONT_LEFT__1535573095854799.jpg", "samples/CAM_FRONT/n008-2018-08-29-16-04-13-0400__CAM_FRONT__1535573095862404.jpg", "samples/CAM_FRONT_RIGHT/n008-2018-08-29-16-04-13-0400__CAM_FRONT_RIGHT__1535573095870482.jpg", "samples/CAM_BACK_LEFT/n008-2018-08-29-16-04-13-0400__CAM_BACK_LEFT__1535573095897405.jpg", "samples/CAM_BACK/n008-2018-08-29-16-04-13-0400__CAM_BACK__1535573095887558.jpg", "samples/CAM_BACK_RIGHT/n008-2018-08-29-16-04-13-0400__CAM_BACK_RIGHT__1535573095878113.jpg"], "intrinsics": [[[1257.8625342125129, 0.0, 827.2410631095686], [0.0, 1257.8625342125129, 450.915498205774], [0.0, 0.0, 1.0]], [[1252.8131021185304, 0.0, 826.588114781398], [0.0, 1252.8131021185304, 469.9846626224581], [0.0, 0.0, 1.0]], [[1256.7485116440405, 0.0, 817.7887570959712], [0.0, 1256.7485116440403, 451.9541780095127], [0.0, 0.0, 1.0]], [[1254.9860565800168, 0.0, 829.5769333630991], [0.0, 1254.9860565800168, 467.1680561863987], [0.0, 0.0, 1.0]], [[796.8910634503094, 0.0, 857.7774326863696], [0.0, 796.8910634503094, 476.8848988407415], [0.0, 0.0, 1.0]], [[1249.9629280788233, 0.0, 825.3768045375984], [0.0, 1249.9629280788233, 462.54816385708756], [0.0, 0.0, 1.0]]], "extrinsics": [[[0.8225506544113159, -0.5686910152435303, 0.0009780662367120385, -1.0047607421875], [0.009041700512170792, 0.011358180083334446, -0.9998946189880371, 1.4882946014404297], [0.568619966506958, 0.822472870349884, 0.014484611339867115, -1.3333740234375], [0.0, 0.0, 0.0, 1.0]], [[0.010286020115017891, -0.9999217987060547, -0.007124193012714386, 0.0054931640625], [0.010988185182213783, 0.007237167097628117, -0.9999134540557861, 1.4801616668701172], [0.9998867511749268, 0.010206849314272404, 0.011061766184866428, -1.734619140625], [0.0, 0.0, 0.0, 1.0]], [[-0.8439391255378723, -0.5362217426300049, -0.01526615209877491, 1.0908203125], [0.019011666998267174, -0.001457076403312385, -0.9998182058334351, 1.4930801391601562], [0.5361019968986511, -0.8440759181976318, 0.011424154043197632, -1.277557373046875], [0.0, 0.0, 0.0, 1.0]], [[0.9478821158409119, 0.31861692667007446, -0.0016666067531332374, -1.144287109375], [-0.00637908885255456, 0.013747571036219597, -0.9998851418495178, 1.5620404481887817], [-0.318557471036911, 0.947783887386322, 0.01506356056779623, -0.1561737060546875], [0.0, 0.0, 0.0, 1.0]], [[0.009189624339342117, 0.9999387264251709, 0.0061674402095377445, -0.02886962890625], [-0.00425752392038703, 0.0062067704275250435, -0.9999716281890869, 1.5680609941482544], [-0.9999487400054932, 0.009163105860352516, 0.004314301069825888, 0.0440673828125], [0.0, 0.0, 0.0, 1.0]], [[-0.9237264394760132, 0.3830014169216156, -0.006277401000261307, 1.1607666015625], [-5.45068942301441e-05, -0.016519244760274887, -0.9998635649681091, 1.5478134155273438], [-0.38305285573005676, -0.9236000180244446, 0.015280138701200485, -0.0435791015625], [0.0, 0.0, 0.0, 1.0]]], "view": [[0.0, -2.0, 100.0], [-2.0, 0.0, 100.0], [0.0, 0.0, 1.0]], "bev": "bev_f12daa530b854ea39b482311237c343c.png", "aux": "aux_f12daa530b854ea39b482311237c343c.npz", "visibility": "visibility_f12daa530b854ea39b482311237c343c.png", "pose": [[-0.9996758699417114, 0.02545960620045662, 0.0, 1977.2303466796875], [-0.02545960620045662, -0.9996758699417114, 0.0, 875.2017822265625], [0.0, 0.0, 1.0, 0.0], [0.0, 0.0, 0.0, 1.0]], "pose_inverse": [[-0.9996758699417114, -0.02545960620045662, 0.0, 1998.8717041015625], [0.02545960620045662, -0.9996758699417114, 0.0, 824.57861328125], [0.0, 0.0, 1.0, 0.0], [0.0, 0.0, 0.0, 1.0]], "cam_ids": [0, 1, 2, 3, 4, 5], "cam_channels": ["CAM_FRONT_LEFT", "CAM_FRONT", "CAM_FRONT_RIGHT", "CAM_BACK_LEFT", "CAM_BACK", "CAM_BACK_RIGHT"], "token": "f12daa530b854ea39b482311237c343c", "scene": "scene-0697"}, {"images": ["samples/CAM_FRONT_LEFT/n008-2018-08-29-16-04-13-0400__CAM_FRONT_LEFT__1535573096404799.jpg", "samples/CAM_FRONT/n008-2018-08-29-16-04-13-0400__CAM_FRONT__1535573096412404.jpg", "samples/CAM_FRONT_RIGHT/n008-2018-08-29-16-04-13-0400__CAM_FRONT_RIGHT__1535573096420482.jpg", "samples/CAM_BACK_LEFT/n008-2018-08-29-16-04-13-0400__CAM_BACK_LEFT__1535573096447405.jpg", "samples/CAM_BACK/n008-2018-08-29-16-04-13-0400__CAM_BACK__1535573096437558.jpg", "samples/CAM_BACK_RIGHT/n008-2018-08-29-16-04-13-0400__CAM_BACK_RIGHT__1535573096428113.jpg"], "intrinsics": [[[1257.8625342125129, 0.0, 827.2410631095686], [0.0, 1257.8625342125129, 450.915498205774], [0.0, 0.0, 1.0]], [[1252.8131021185304, 0.0, 826.588114781398], [0.0, 1252.8131021185304, 469.9846626224581], [0.0, 0.0, 1.0]], [[1256.7485116440405, 0.0, 817.7887570959712], [0.0, 1256.7485116440403, 451.9541780095127], [0.0, 0.0, 1.0]], [[1254.9860565800168, 0.0, 829.5769333630991], [0.0, 1254.9860565800168, 467.1680561863987], [0.0, 0.0, 1.0]], [[796.8910634503094, 0.0, 857.7774326863696], [0.0, 796.8910634503094, 476.8848988407415], [0.0, 0.0, 1.0]], [[1249.9629280788233, 0.0, 825.3768045375984], [0.0, 1249.9629280788233, 462.54816385708756], [0.0, 0.0, 1.0]]], "extrinsics": [[[0.8225526213645935, -0.5686882734298706, 0.0009725323761813343, -1.0050048828125], [0.009033933281898499, 0.011356760747730732, -0.9998946785926819, 1.4882946014404297], [0.5686172842979431, 0.8224747180938721, 0.014479023404419422, -1.3333740234375], [0.0, 0.0, 0.0, 1.0]], [[0.01029123179614544, -0.9999216198921204, -0.0071285320445895195, 0.00543212890625], [0.010986467823386192, 0.007241546642035246, -0.9999133944511414, 1.4801654815673828], [0.9998866319656372, 0.010212026536464691, 0.011060131713747978, -1.7347412109375], [0.0, 0.0, 0.0, 1.0]], [[-0.8439356684684753, -0.5362271070480347, -0.015264558605849743, 1.09033203125], [0.019005583599209785, -0.0014503304846584797, -0.9998183250427246, 1.4930686950683594], [0.5361075401306152, -0.8440725207328796, 0.011415294371545315, -1.277374267578125], [0.0, 0.0, 0.0, 1.0]], [[0.9478806853294373, 0.3186211884021759, -0.0016617849469184875, -1.144287109375], [-0.00636353949084878, 0.013716228306293488, -0.9998856782913208, 1.56204354763031], [-0.31856197118759155, 0.9477828741073608, 0.015028906986117363, -0.1561279296875], [0.0, 0.0, 0.0, 1.0]], [[0.00918568205088377, 0.9999389052391052, 0.006153700407594442, -0.02886962890625], [-0.004240986425429583, 0.0061928629875183105, -0.9999718070030212, 1.5680614709854126], [-0.9999487400054932, 0.009159323759377003, 0.00429761316627264, 0.044189453125], [0.0, 0.0, 0.0, 1.0]], [[-0.9237285852432251, 0.38299593329429626, -0.006279088091105223, 1.16064453125], [-4.9272617616225034e-05, -0.016511263325810432, -0.9998636841773987, 1.547811508178711], [-0.38304734230041504, -0.9236024022102356, 0.015270799398422241, -0.043701171875], [0.0, 0.0, 0.0, 1.0]]], "view": [[0.0, -2.0, 100.0], [-2.0, 0.0, 100.0], [0.0, 0.0, 1.0]], "bev": "bev_b3571b29ec7d4405bc918cb8a998fda0.png", "aux": "aux_b3571b29ec7d4405bc918cb8a998fda0.npz", "visibility": "visibility_b3571b29ec7d4405bc918cb8a998fda0.png", "pose": [[-0.9996750354766846, 0.025491096079349518, 0.0, 1977.2303466796875], [-0.025491096079349518, -0.9996750354766846, 0.0, 875.2028198242188], [0.0, 0.0, 1.0, 0.0], [0.0, 0.0, 0.0, 1.0]], "pose_inverse": [[-0.9996750354766846, -0.025491096079349518, 0.0, 1998.897705078125], [0.025491096079349518, -0.9996750354766846, 0.0, 824.5166625976562], [0.0, 0.0, 1.0, 0.0], [0.0, 0.0, 0.0, 1.0]], "cam_ids": [0, 1, 2, 3, 4, 5], "cam_channels": ["CAM_FRONT_LEFT", "CAM_FRONT", "CAM_FRONT_RIGHT", "CAM_BACK_LEFT", "CAM_BACK", "CAM_BACK_RIGHT"], "token": "b3571b29ec7d4405bc918cb8a998fda0", "scene": "scene-0697"}, {"images": ["samples/CAM_FRONT_LEFT/n008-2018-08-29-16-04-13-0400__CAM_FRONT_LEFT__1535573096904799.jpg", "samples/CAM_FRONT/n008-2018-08-29-16-04-13-0400__CAM_FRONT__1535573096912404.jpg", "samples/CAM_FRONT_RIGHT/n008-2018-08-29-16-04-13-0400__CAM_FRONT_RIGHT__1535573096920482.jpg", "samples/CAM_BACK_LEFT/n008-2018-08-29-16-04-13-0400__CAM_BACK_LEFT__1535573096947405.jpg", "samples/CAM_BACK/n008-2018-08-29-16-04-13-0400__CAM_BACK__1535573096937558.jpg", "samples/CAM_BACK_RIGHT/n008-2018-08-29-16-04-13-0400__CAM_BACK_RIGHT__1535573096928113.jpg"], "intrinsics": [[[1257.8625342125129, 0.0, 827.2410631095686], [0.0, 1257.8625342125129, 450.915498205774], [0.0, 0.0, 1.0]], [[1252.8131021185304, 0.0, 826.588114781398], [0.0, 1252.8131021185304, 469.9846626224581], [0.0, 0.0, 1.0]], [[1256.7485116440405, 0.0, 817.7887570959712], [0.0, 1256.7485116440403, 451.9541780095127], [0.0, 0.0, 1.0]], [[1254.9860565800168, 0.0, 829.5769333630991], [0.0, 1254.9860565800168, 467.1680561863987], [0.0, 0.0, 1.0]], [[796.8910634503094, 0.0, 857.7774326863696], [0.0, 796.8910634503094, 476.8848988407415], [0.0, 0.0, 1.0]], [[1249.9629280788233, 0.0, 825.3768045375984], [0.0, 1249.9629280788233, 462.54816385708756], [0.0, 0.0, 1.0]]], "extrinsics": [[[0.8225603103637695, -0.5686771869659424, 0.0009414971573278308, -1.0048828125], [0.009041802957654, 0.011423053219914436, -0.999893844127655, 1.4882946014404297], [0.5686061382293701, 0.8224814534187317, 0.014538017101585865, -1.3333740234375], [0.0, 0.0, 0.0, 1.0]], [[0.010299714282155037, -0.9999209642410278, -0.007197870407253504, 0.00537109375], [0.010990367271006107, 0.0073110181838274, -0.9999129176139832, 1.4801673889160156], [0.9998865127563477, 0.010219707153737545, 0.0110648013651371, -1.7344970703125], [0.0, 0.0, 0.0, 1.0]], [[-0.8439339995384216, -0.5362285375595093, -0.015303290449082851, 1.09033203125], [0.01900523528456688, -0.0013774967519566417, -0.9998184442520142, 1.493072509765625], [0.5361101627349854, -0.8440716862678528, 0.01135366689413786, -1.277435302734375], [0.0, 0.0, 0.0, 1.0]], [[0.9478819966316223, 0.3186173737049103, -0.0016323511954396963, -1.14404296875], [-0.006363098043948412, 0.013807482086122036, -0.9998844265937805, 1.5620436668395996], [-0.31855806708335876, 0.9477828741073608, 0.015115258283913136, -0.1561126708984375], [0.0, 0.0, 0.0, 1.0]], [[0.009184781461954117, 0.9999383687973022, 0.006236794404685497, -0.02899169921875], [-0.004241762217134237, 0.006275962572544813, -0.9999712705612183, 1.568060278892517], [-0.9999488592147827, 0.009158062748610973, 0.004299143794924021, 0.044189453125], [0.0, 0.0, 0.0, 1.0]], [[-0.923729419708252, 0.3829948902130127, -0.006248338147997856, 1.1605224609375], [-5.326223617885262e-05, -0.016440674662590027, -0.9998648166656494, 1.5478124618530273], [-0.38304582238197327, -0.9236041307449341, 0.015207132324576378, -0.043701171875], [0.0, 0.0, 0.0, 1.0]]], "view": [[0.0, -2.0, 100.0], [-2.0, 0.0, 100.0], [0.0, 0.0, 1.0]], "bev": "bev_da95ae883ba34e62b74c4d678e8398b0.png", "aux": "aux_da95ae883ba34e62b74c4d678e8398b0.npz", "visibility": "visibility_da95ae883ba34e62b74c4d678e8398b0.png", "pose": [[-0.999676525592804, 0.025432949885725975, 0.0, 1977.230224609375], [-0.025432949885725975, -0.999676525592804, 0.0, 875.2036743164062], [0.0, 0.0, 1.0, 0.0], [0.0, 0.0, 0.0, 1.0]], "pose_inverse": [[-0.999676525592804, -0.025432949885725975, 0.0, 1998.849609375], [0.025432949885725975, -0.999676525592804, 0.0, 824.6337890625], [0.0, 0.0, 1.0, 0.0], [0.0, 0.0, 0.0, 1.0]], "cam_ids": [0, 1, 2, 3, 4, 5], "cam_channels": ["CAM_FRONT_LEFT", "CAM_FRONT", "CAM_FRONT_RIGHT", "CAM_BACK_LEFT", "CAM_BACK", "CAM_BACK_RIGHT"], "token": "da95ae883ba34e62b74c4d678e8398b0", "scene": "scene-0697"}, {"images": ["samples/CAM_FRONT_LEFT/n008-2018-08-29-16-04-13-0400__CAM_FRONT_LEFT__1535573097404799.jpg", "samples/CAM_FRONT/n008-2018-08-29-16-04-13-0400__CAM_FRONT__1535573097412404.jpg", "samples/CAM_FRONT_RIGHT/n008-2018-08-29-16-04-13-0400__CAM_FRONT_RIGHT__1535573097420482.jpg", "samples/CAM_BACK_LEFT/n008-2018-08-29-16-04-13-0400__CAM_BACK_LEFT__1535573097447405.jpg", "samples/CAM_BACK/n008-2018-08-29-16-04-13-0400__CAM_BACK__1535573097438193.jpg", "samples/CAM_BACK_RIGHT/n008-2018-08-29-16-04-13-0400__CAM_BACK_RIGHT__1535573097428113.jpg"], "intrinsics": [[[1257.8625342125129, 0.0, 827.2410631095686], [0.0, 1257.8625342125129, 450.915498205774], [0.0, 0.0, 1.0]], [[1252.8131021185304, 0.0, 826.588114781398], [0.0, 1252.8131021185304, 469.9846626224581], [0.0, 0.0, 1.0]], [[1256.7485116440405, 0.0, 817.7887570959712], [0.0, 1256.7485116440403, 451.9541780095127], [0.0, 0.0, 1.0]], [[1254.9860565800168, 0.0, 829.5769333630991], [0.0, 1254.9860565800168, 467.1680561863987], [0.0, 0.0, 1.0]], [[796.8910634503094, 0.0, 857.7774326863696], [0.0, 796.8910634503094, 476.8848988407415], [0.0, 0.0, 1.0]], [[1249.9629280788233, 0.0, 825.3768045375984], [0.0, 1249.9629280788233, 462.54816385708756], [0.0, 0.0, 1.0]]], "extrinsics": [[[0.822547197341919, -0.5686962604522705, 0.0008117403485812247, -1.005126953125], [0.00895891897380352, 0.011530721560120583, -0.9998933672904968, 1.4882946014404297], [0.5686262845993042, 0.8224667310714722, 0.014579467475414276, -1.3333740234375], [0.0, 0.0, 0.0, 1.0]], [[0.010280693881213665, -0.9999204874038696, -0.007302222773432732, 0.00543212890625], [0.010910943150520325, 0.0074143479578197, -0.9999129772186279, 1.48016357421875], [0.9998875260353088, 0.010200126096606255, 0.010986300185322762, -1.734619140625], [0.0, 0.0, 0.0, 1.0]], [[-0.8439424633979797, -0.5362157225608826, -0.01529240608215332, 1.090576171875], [0.018929477781057358, -0.0012788448948413134, -0.9998199939727783, 1.493072509765625], [0.5360996127128601, -0.8440800309181213, 0.011229554191231728, -1.277435302734375], [0.0, 0.0, 0.0, 1.0]], [[0.9478809833526611, 0.31861987709999084, -0.0017169868806377053, -1.14404296875], [-0.006478956900537014, 0.013886436820030212, -0.9998825788497925, 1.5620439052581787], [-0.31855863332748413, 0.9477808475494385, 0.015227015130221844, -0.1561279296875], [0.0, 0.0, 0.0, 1.0]], [[0.009190977551043034, 0.9999378323554993, 0.006315187551081181, -0.0289306640625], [-0.004345425870269537, 0.006355335004627705, -0.9999703168869019, 1.5680607557296753], [-0.9999483227729797, 0.009163262322545052, 0.004403567407280207, 0.044189453125], [0.0, 0.0, 0.0, 1.0]], [[-0.9237260222434998, 0.3830045759677887, -0.006140459328889847, 1.1607666015625], [-0.00013362658501137048, -0.016352474689483643, -0.9998663067817688, 1.5478134155273438], [-0.3830537497997284, -0.9236016273498535, 0.01515638642013073, -0.0435791015625], [0.0, 0.0, 0.0, 1.0]]], "view": [[0.0, -2.0, 100.0], [-2.0, 0.0, 100.0], [0.0, 0.0, 1.0]], "bev": "bev_2bc09555541f41719b1e32dbf49d66d6.png", "aux": "aux_2bc09555541f41719b1e32dbf49d66d6.npz", "visibility": "visibility_2bc09555541f41719b1e32dbf49d66d6.png", "pose": [[-0.9996766448020935, 0.025427531450986862, 0.0, 1977.230224609375], [-0.025427531450986862, -0.9996766448020935, 0.0, 875.204345703125], [0.0, 0.0, 1.0, 0.0], [0.0, 0.0, 0.0, 1.0]], "pose_inverse": [[-0.9996766448020935, -0.025427531450986862, 0.0, 1998.84521484375], [0.025427531450986862, -0.9996766448020935, 0.0, 824.645263671875], [0.0, 0.0, 1.0, 0.0], [0.0, 0.0, 0.0, 1.0]], "cam_ids": [0, 1, 2, 3, 4, 5], "cam_channels": ["CAM_FRONT_LEFT", "CAM_FRONT", "CAM_FRONT_RIGHT", "CAM_BACK_LEFT", "CAM_BACK", "CAM_BACK_RIGHT"], "token": "2bc09555541f41719b1e32dbf49d66d6", "scene": "scene-0697"}, {"images": ["samples/CAM_FRONT_LEFT/n008-2018-08-29-16-04-13-0400__CAM_FRONT_LEFT__1535573097904799.jpg", "samples/CAM_FRONT/n008-2018-08-29-16-04-13-0400__CAM_FRONT__1535573097912404.jpg", "samples/CAM_FRONT_RIGHT/n008-2018-08-29-16-04-13-0400__CAM_FRONT_RIGHT__1535573097920482.jpg", "samples/CAM_BACK_LEFT/n008-2018-08-29-16-04-13-0400__CAM_BACK_LEFT__1535573097947405.jpg", "samples/CAM_BACK/n008-2018-08-29-16-04-13-0400__CAM_BACK__1535573097937558.jpg", "samples/CAM_BACK_RIGHT/n008-2018-08-29-16-04-13-0400__CAM_BACK_RIGHT__1535573097928113.jpg"], "intrinsics": [[[1257.8625342125129, 0.0, 827.2410631095686], [0.0, 1257.8625342125129, 450.915498205774], [0.0, 0.0, 1.0]], [[1252.8131021185304, 0.0, 826.588114781398], [0.0, 1252.8131021185304, 469.9846626224581], [0.0, 0.0, 1.0]], [[1256.7485116440405, 0.0, 817.7887570959712], [0.0, 1256.7485116440403, 451.9541780095127], [0.0, 0.0, 1.0]], [[1254.9860565800168, 0.0, 829.5769333630991], [0.0, 1254.9860565800168, 467.1680561863987], [0.0, 0.0, 1.0]], [[796.8910634503094, 0.0, 857.7774326863696], [0.0, 796.8910634503094, 476.8848988407415], [0.0, 0.0, 1.0]], [[1249.9629280788233, 0.0, 825.3768045375984], [0.0, 1249.9629280788233, 462.54816385708756], [0.0, 0.0, 1.0]]], "extrinsics": [[[0.8225464224815369, -0.5686967372894287, 0.0011879897210747004, -1.0050048828125], [0.009380030445754528, 0.011478270404040813, -0.9998900890350342, 1.4882946014404297], [0.5686205625534058, 0.8224672675132751, 0.014775801450014114, -1.33349609375], [0.0, 0.0, 0.0, 1.0]], [[0.01028163731098175, -0.9999209046363831, -0.0072423056699335575, 0.00543212890625], [0.011366605758666992, 0.007359090261161327, -0.9999083280563354, 1.4801654815673828], [0.9998825192451477, 0.010198374278843403, 0.011441370472311974, -1.7347412109375], [0.0, 0.0, 0.0, 1.0]], [[-0.8439371585845947, -0.5362129807472229, -0.01567673124372959, 1.090576171875], [0.01942174881696701, -0.0013371100649237633, -0.9998104572296143, 1.4930763244628906], [0.5360903739929199, -0.844081699848175, 0.011542628519237041, -1.27752685546875], [0.0, 0.0, 0.0, 1.0]], [[0.9478831887245178, 0.3186159133911133, -0.0011826463742181659, -1.143798828125], [-0.005891249980777502, 0.0138150779530406, -0.9998871684074402, 1.5620448589324951], [-0.31856364011764526, 0.9477832317352295, 0.014972126111388206, -0.1561431884765625], [0.0, 0.0, 0.0, 1.0]], [[0.009187947027385235, 0.9999381899833679, 0.006266067270189524, -0.0289306640625], [-0.003798013785853982, 0.006301183253526688, -0.999972939491272, 1.5680609941482544], [-0.9999505877494812, 0.00916389748454094, 0.0038556738290935755, 0.044189453125], [0.0, 0.0, 0.0, 1.0]], [[-0.9237216711044312, 0.3830069601535797, -0.006631310563534498, 1.16064453125], [0.0003760967229027301, -0.016404427587985992, -0.9998653531074524, 1.5478134155273438], [-0.3830641508102417, -0.9235997796058655, 0.01500907726585865, -0.0435791015625], [0.0, 0.0, 0.0, 1.0]]], "view": [[0.0, -2.0, 100.0], [-2.0, 0.0, 100.0], [0.0, 0.0, 1.0]], "bev": "bev_14914e7dadec49138e69f340f0e0304a.png", "aux": "aux_14914e7dadec49138e69f340f0e0304a.npz", "visibility": "visibility_14914e7dadec49138e69f340f0e0304a.png", "pose": [[-0.9996726512908936, 0.025584951043128967, 0.0, 1977.230224609375], [-0.025584951043128967, -0.9996726512908936, 0.0, 875.2049560546875], [0.0, 0.0, 1.0, 0.0], [0.0, 0.0, 0.0, 1.0]], "pose_inverse": [[-0.9996726512908936, -0.025584951043128967, 0.0, 1998.97509765625], [0.025584951043128967, -0.9996726512908936, 0.0, 824.3311157226562], [0.0, 0.0, 1.0, 0.0], [0.0, 0.0, 0.0, 1.0]], "cam_ids": [0, 1, 2, 3, 4, 5], "cam_channels": ["CAM_FRONT_LEFT", "CAM_FRONT", "CAM_FRONT_RIGHT", "CAM_BACK_LEFT", "CAM_BACK", "CAM_BACK_RIGHT"], "token": "14914e7dadec49138e69f340f0e0304a", "scene": "scene-0697"}, {"images": ["samples/CAM_FRONT_LEFT/n008-2018-08-29-16-04-13-0400__CAM_FRONT_LEFT__1535573098404799.jpg", "samples/CAM_FRONT/n008-2018-08-29-16-04-13-0400__CAM_FRONT__1535573098412404.jpg", "samples/CAM_FRONT_RIGHT/n008-2018-08-29-16-04-13-0400__CAM_FRONT_RIGHT__1535573098420482.jpg", "samples/CAM_BACK_LEFT/n008-2018-08-29-16-04-13-0400__CAM_BACK_LEFT__1535573098447405.jpg", "samples/CAM_BACK/n008-2018-08-29-16-04-13-0400__CAM_BACK__1535573098437558.jpg", "samples/CAM_BACK_RIGHT/n008-2018-08-29-16-04-13-0400__CAM_BACK_RIGHT__1535573098428113.jpg"], "intrinsics": [[[1257.8625342125129, 0.0, 827.2410631095686], [0.0, 1257.8625342125129, 450.915498205774], [0.0, 0.0, 1.0]], [[1252.8131021185304, 0.0, 826.588114781398], [0.0, 1252.8131021185304, 469.9846626224581], [0.0, 0.0, 1.0]], [[1256.7485116440405, 0.0, 817.7887570959712], [0.0, 1256.7485116440403, 451.9541780095127], [0.0, 0.0, 1.0]], [[1254.9860565800168, 0.0, 829.5769333630991], [0.0, 1254.9860565800168, 467.1680561863987], [0.0, 0.0, 1.0]], [[796.8910634503094, 0.0, 857.7774326863696], [0.0, 796.8910634503094, 476.8848988407415], [0.0, 0.0, 1.0]], [[1249.9629280788233, 0.0, 825.3768045375984], [0.0, 1249.9629280788233, 462.54816385708756], [0.0, 0.0, 1.0]]], "extrinsics": [[[0.8225603699684143, -0.5686758756637573, 0.0014786001993343234, -1.0047607421875], [0.00970424897968769, 0.011436913162469864, -0.9998874664306641, 1.4882946014404297], [0.5685949921607971, 0.822482168674469, 0.014926123432815075, -1.333251953125], [0.0, 0.0, 0.0, 1.0]], [[0.010308222845196724, -0.9999208450317383, -0.007207692135125399, 0.00543212890625], [0.011667787097394466, 0.007327862083911896, -0.9999050498008728, 1.48016357421875], [0.9998787045478821, 0.0102231465280056, 0.011742400005459785, -1.7347412109375], [0.0, 0.0, 0.0, 1.0]], [[-0.843920111656189, -0.5362330675125122, -0.0158991739153862, 1.090576171875], [0.01969851925969124, -0.001357441651634872, -0.9998050332069397, 1.493072509765625], [0.5361070036888123, -0.8440687656402588, 0.011708571575582027, -1.27752685546875], [0.0, 0.0, 0.0, 1.0]], [[0.947881817817688, 0.31862059235572815, -0.0009543539490550756, -1.14404296875], [-0.005648164078593254, 0.013808095827698708, -0.9998887181282043, 1.5620436668395996], [-0.3185719847679138, 0.9477817416191101, 0.014888064935803413, -0.1560821533203125], [0.0, 0.0, 0.0, 1.0]], [[0.009175892919301987, 0.9999383091926575, 0.006250292528420687, -0.02886962890625], [-0.0035343451891094446, 0.0062829479575157166, -0.9999739527702332, 1.56806218624115], [-0.9999516606330872, 0.009153562597930431, 0.003591778688132763, 0.04443359375], [0.0, 0.0, 0.0, 1.0]], [[-0.9237267971038818, 0.38298991322517395, -0.006887525785714388, 1.1607666015625], [0.0006454822141677141, -0.016424313187599182, -0.999864935874939, 1.5478134155273438], [-0.3830512464046478, -0.9236065149307251, 0.01492436695843935, -0.0435791015625], [0.0, 0.0, 0.0, 1.0]]], "view": [[0.0, -2.0, 100.0], [-2.0, 0.0, 100.0], [0.0, 0.0, 1.0]], "bev": "bev_f5368741233b431d8339316a4d239ce5.png", "aux": "aux_f5368741233b431d8339316a4d239ce5.npz", "visibility": "visibility_f5368741233b431d8339316a4d239ce5.png", "pose": [[-0.9996749758720398, 0.025493251159787178, 0.0, 1977.230224609375], [-0.025493251159787178, -0.9996749758720398, 0.0, 875.2054443359375], [0.0, 0.0, 1.0, 0.0], [0.0, 0.0, 0.0, 1.0]], "pose_inverse": [[-0.9996749758720398, -0.025493251159787178, 0.0, 1998.8994140625], [0.025493251159787178, -0.9996749758720398, 0.0, 824.5149536132812], [0.0, 0.0, 1.0, 0.0], [0.0, 0.0, 0.0, 1.0]], "cam_ids": [0, 1, 2, 3, 4, 5], "cam_channels": ["CAM_FRONT_LEFT", "CAM_FRONT", "CAM_FRONT_RIGHT", "CAM_BACK_LEFT", "CAM_BACK", "CAM_BACK_RIGHT"], "token": "f5368741233b431d8339316a4d239ce5", "scene": "scene-0697"}, {"images": ["samples/CAM_FRONT_LEFT/n008-2018-08-29-16-04-13-0400__CAM_FRONT_LEFT__1535573098904799.jpg", "samples/CAM_FRONT/n008-2018-08-29-16-04-13-0400__CAM_FRONT__1535573098912404.jpg", "samples/CAM_FRONT_RIGHT/n008-2018-08-29-16-04-13-0400__CAM_FRONT_RIGHT__1535573098920509.jpg", "samples/CAM_BACK_LEFT/n008-2018-08-29-16-04-13-0400__CAM_BACK_LEFT__1535573098947405.jpg", "samples/CAM_BACK/n008-2018-08-29-16-04-13-0400__CAM_BACK__1535573098937571.jpg", "samples/CAM_BACK_RIGHT/n008-2018-08-29-16-04-13-0400__CAM_BACK_RIGHT__1535573098928113.jpg"], "intrinsics": [[[1257.8625342125129, 0.0, 827.2410631095686], [0.0, 1257.8625342125129, 450.915498205774], [0.0, 0.0, 1.0]], [[1252.8131021185304, 0.0, 826.588114781398], [0.0, 1252.8131021185304, 469.9846626224581], [0.0, 0.0, 1.0]], [[1256.7485116440405, 0.0, 817.7887570959712], [0.0, 1256.7485116440403, 451.9541780095127], [0.0, 0.0, 1.0]], [[1254.9860565800168, 0.0, 829.5769333630991], [0.0, 1254.9860565800168, 467.1680561863987], [0.0, 0.0, 1.0]], [[796.8910634503094, 0.0, 857.7774326863696], [0.0, 796.8910634503094, 476.8848988407415], [0.0, 0.0, 1.0]], [[1249.9629280788233, 0.0, 825.3768045375984], [0.0, 1249.9629280788233, 462.54816385708756], [0.0, 0.0, 1.0]]], "extrinsics": [[[0.8225760459899902, -0.5686520934104919, 0.0018844596343114972, -1.0003662109375], [0.010083029977977276, 0.011271942406892776, -0.999885618686676, 1.488351821899414], [0.568565845489502, 0.8225008845329285, 0.015005763620138168, -1.3302001953125], [0.0, 0.0, 0.0, 1.0]], [[0.010332977399230003, -0.9999218583106995, -0.007026159204542637, 0.00543212890625], [0.01204695738852024, 0.007150508929044008, -0.9999018311500549, 1.480224609375], [0.9998739361763, 0.010247325524687767, 0.012119902297854424, -1.729736328125], [0.0, 0.0, 0.0, 1.0]], [[-0.8439059257507324, -0.5362489223480225, -0.016117248684167862, 1.087158203125], [0.02007809840142727, -0.0015478743007406592, -0.9997972249984741, 1.4931488037109375], [0.5361152291297913, -0.8440584540367126, 0.012073119170963764, -1.275543212890625], [0.0, 0.0, 0.0, 1.0]], [[0.9478809833526611, 0.31862393021583557, -0.0006585220689885318, -1.14404296875], [-0.005270658526569605, 0.013613244518637657, -0.9998934268951416, 1.5620428323745728], [-0.3185810446739197, 0.9477834105491638, 0.014583093114197254, -0.1561279296875], [0.0, 0.0, 0.0, 1.0]], [[0.00916703324764967, 0.9999396204948425, 0.0060613323003053665, -0.02880859375], [-0.003154208417981863, 0.006090471986681223, -0.9999764561653137, 1.568056583404541], [-0.9999529719352722, 0.009147697128355503, 0.00320984935387969, 0.042724609375], [0.0, 0.0, 0.0, 1.0]], [[-0.9237282276153564, 0.38297852873802185, -0.007317697163671255, 1.157958984375], [0.0010283265728503466, -0.01662439852952957, -0.9998612403869629, 1.5478153228759766], [-0.38304707407951355, -0.923607587814331, 0.01496259868144989, -0.0447998046875], [0.0, 0.0, 0.0, 1.0]]], "view": [[0.0, -2.0, 100.0], [-2.0, 0.0, 100.0], [0.0, 0.0, 1.0]], "bev": "bev_2c42cf1d832f4ad0bc66423183a2cf34.png", "aux": "aux_2c42cf1d832f4ad0bc66423183a2cf34.npz", "visibility": "visibility_2c42cf1d832f4ad0bc66423183a2cf34.png", "pose": [[-0.9996788501739502, 0.02534131519496441, 0.0, 1977.1927490234375], [-0.02534131519496441, -0.9996788501739502, 0.0, 875.204833984375], [0.0, 0.0, 1.0, 0.0], [0.0, 0.0, 0.0, 1.0]], "pose_inverse": [[-0.9996788501739502, -0.02534131519496441, 0.0, 1998.736572265625], [0.02534131519496441, -0.9996788501739502, 0.0, 824.819091796875], [0.0, 0.0, 1.0, 0.0], [0.0, 0.0, 0.0, 1.0]], "cam_ids": [0, 1, 2, 3, 4, 5], "cam_channels": ["CAM_FRONT_LEFT", "CAM_FRONT", "CAM_FRONT_RIGHT", "CAM_BACK_LEFT", "CAM_BACK", "CAM_BACK_RIGHT"], "token": "2c42cf1d832f4ad0bc66423183a2cf34", "scene": "scene-0697"}, {"images": ["samples/CAM_FRONT_LEFT/n008-2018-08-29-16-04-13-0400__CAM_FRONT_LEFT__1535573099404799.jpg", "samples/CAM_FRONT/n008-2018-08-29-16-04-13-0400__CAM_FRONT__1535573099412404.jpg", "samples/CAM_FRONT_RIGHT/n008-2018-08-29-16-04-13-0400__CAM_FRONT_RIGHT__1535573099420482.jpg", "samples/CAM_BACK_LEFT/n008-2018-08-29-16-04-13-0400__CAM_BACK_LEFT__1535573099447405.jpg", "samples/CAM_BACK/n008-2018-08-29-16-04-13-0400__CAM_BACK__1535573099437558.jpg", "samples/CAM_BACK_RIGHT/n008-2018-08-29-16-04-13-0400__CAM_BACK_RIGHT__1535573099428113.jpg"], "intrinsics": [[[1257.8625342125129, 0.0, 827.2410631095686], [0.0, 1257.8625342125129, 450.915498205774], [0.0, 0.0, 1.0]], [[1252.8131021185304, 0.0, 826.588114781398], [0.0, 1252.8131021185304, 469.9846626224581], [0.0, 0.0, 1.0]], [[1256.7485116440405, 0.0, 817.7887570959712], [0.0, 1256.7485116440403, 451.9541780095127], [0.0, 0.0, 1.0]], [[1254.9860565800168, 0.0, 829.5769333630991], [0.0, 1254.9860565800168, 467.1680561863987], [0.0, 0.0, 1.0]], [[796.8910634503094, 0.0, 857.7774326863696], [0.0, 796.8910634503094, 476.8848988407415], [0.0, 0.0, 1.0]], [[1249.9629280788233, 0.0, 825.3768045375984], [0.0, 1249.9629280788233, 462.54816385708756], [0.0, 0.0, 1.0]]], "extrinsics": [[[0.8225732445716858, -0.5686540603637695, 0.002392577240243554, -0.994140625], [0.010487150400876999, 0.010962989181280136, -0.9998849034309387, 1.4884319305419922], [0.5685624480247498, 0.8225037455558777, 0.014981423504650593, -1.3260498046875], [0.0, 0.0, 0.0, 1.0]], [[0.010335953906178474, -0.9999240040779114, -0.006709295324981213, 0.00537109375], [0.012447592802345753, 0.006837795022875071, -0.99989914894104, 1.4803028106689453], [0.9998690485954285, 0.010251395404338837, 0.012517322786152363, -1.7237548828125], [0.0, 0.0, 0.0, 1.0]], [[-0.8438974618911743, -0.5362573266029358, -0.016282392665743828, 1.08349609375], [0.02047499641776085, -0.001864494290202856, -0.9997886419296265, 1.4932479858398438], [0.5361136198043823, -0.8440524935722351, 0.01255331002175808, -1.27294921875], [0.0, 0.0, 0.0, 1.0]], [[0.9478804469108582, 0.31862586736679077, -0.00041825990774668753, -1.14404296875], [-0.004903566557914019, 0.013275058008730412, -0.9998998641967773, 1.562042236328125], [-0.31858840584754944, 0.9477876424789429, 0.014145570807158947, -0.15618896484375], [0.0, 0.0, 0.0, 1.0]], [[0.009161568246781826, 0.9999415278434753, 0.005736950784921646, -0.02880859375], [-0.0027787580620497465, 0.0057626282796263695, -0.9999794960021973, 1.5680534839630127], [-0.9999542236328125, 0.009145439602434635, 0.0028313894290477037, 0.0411376953125], [0.0, 0.0, 0.0, 1.0]], [[-0.9237268567085266, 0.38297221064567566, -0.007805216126143932, 1.1551513671875], [0.0014249114319682121, -0.016940807923674583, -0.9998555183410645, 1.5478200912475586], [-0.3830490708351135, -0.9236044883728027, 0.01510297879576683, -0.046142578125], [0.0, 0.0, 0.0, 1.0]]], "view": [[0.0, -2.0, 100.0], [-2.0, 0.0, 100.0], [0.0, 0.0, 1.0]], "bev": "bev_203f3faabd5e432299917b1e054ab923.png", "aux": "aux_203f3faabd5e432299917b1e054ab923.npz", "visibility": "visibility_203f3faabd5e432299917b1e054ab923.png", "pose": [[-0.9996864795684814, 0.02503788284957409, 0.0, 1977.0782470703125], [-0.02503788284957409, -0.9996864795684814, 0.0, 875.2017822265625], [0.0, 0.0, 1.0, 0.0], [0.0, 0.0, 0.0, 1.0]], "pose_inverse": [[-0.9996864795684814, -0.02503788284957409, 0.0, 1998.37158203125], [0.02503788284957409, -0.9996864795684814, 0.0, 825.425537109375], [0.0, 0.0, 1.0, 0.0], [0.0, 0.0, 0.0, 1.0]], "cam_ids": [0, 1, 2, 3, 4, 5], "cam_channels": ["CAM_FRONT_LEFT", "CAM_FRONT", "CAM_FRONT_RIGHT", "CAM_BACK_LEFT", "CAM_BACK", "CAM_BACK_RIGHT"], "token": "203f3faabd5e432299917b1e054ab923", "scene": "scene-0697"}, {"images": ["samples/CAM_FRONT_LEFT/n008-2018-08-29-16-04-13-0400__CAM_FRONT_LEFT__1535573099854877.jpg", "samples/CAM_FRONT/n008-2018-08-29-16-04-13-0400__CAM_FRONT__1535573099862404.jpg", "samples/CAM_FRONT_RIGHT/n008-2018-08-29-16-04-13-0400__CAM_FRONT_RIGHT__1535573099870482.jpg", "samples/CAM_BACK_LEFT/n008-2018-08-29-16-04-13-0400__CAM_BACK_LEFT__1535573099897405.jpg", "samples/CAM_BACK/n008-2018-08-29-16-04-13-0400__CAM_BACK__1535573099887558.jpg", "samples/CAM_BACK_RIGHT/n008-2018-08-29-16-04-13-0400__CAM_BACK_RIGHT__1535573099878113.jpg"], "intrinsics": [[[1257.8625342125129, 0.0, 827.2410631095686], [0.0, 1257.8625342125129, 450.915498205774], [0.0, 0.0, 1.0]], [[1252.8131021185304, 0.0, 826.588114781398], [0.0, 1252.8131021185304, 469.9846626224581], [0.0, 0.0, 1.0]], [[1256.7485116440405, 0.0, 817.7887570959712], [0.0, 1256.7485116440403, 451.9541780095127], [0.0, 0.0, 1.0]], [[1254.9860565800168, 0.0, 829.5769333630991], [0.0, 1254.9860565800168, 467.1680561863987], [0.0, 0.0, 1.0]], [[796.8910634503094, 0.0, 857.7774326863696], [0.0, 796.8910634503094, 476.8848988407415], [0.0, 0.0, 1.0]], [[1249.9629280788233, 0.0, 825.3768045375984], [0.0, 1249.9629280788233, 462.54816385708756], [0.0, 0.0, 1.0]]], "extrinsics": [[[0.8225004076957703, -0.5687583684921265, 0.0026566910091787577, -0.990234375], [0.010775471106171608, 0.010912280529737473, -0.9998823404312134, 1.4884891510009766], [0.5686625242233276, 0.8224323391914368, 0.015103993937373161, -1.322998046875], [0.0, 0.0, 0.0, 1.0]], [[0.010223318822681904, -0.999925434589386, -0.006679002661257982, 0.0054931640625], [0.012743315659463406, 0.006809092126786709, -0.9998956322669983, 1.4803543090820312], [0.9998664259910583, 0.010137146338820457, 0.012811977416276932, -1.7196044921875], [0.0, 0.0, 0.0, 1.0]], [[-0.843940258026123, -0.5361819267272949, -0.016540421172976494, 1.08056640625], [0.020773988217115402, -0.0018560588359832764, -0.9997824430465698, 1.4933128356933594], [0.5360346436500549, -0.8441004157066345, 0.012705041095614433, -1.271636962890625], [0.0, 0.0, 0.0, 1.0]], [[0.9478714466094971, 0.3186529874801636, -0.00010314117389498278, -1.144287109375], [-0.004603388253599405, 0.013369681313633919, -0.9999000430107117, 1.5620439052581787], [-0.3186197876930237, 0.9477772116661072, 0.014139622449874878, -0.156036376953125], [0.0, 0.0, 0.0, 1.0]], [[0.009182194247841835, 0.9999409914016724, 0.005801175720989704, -0.0288085937