[{"images": ["samples/CAM_FRONT_LEFT/n015-2018-10-02-10-56-37+0800__CAM_FRONT_LEFT__1538449218354844.jpg", "samples/CAM_FRONT/n015-2018-10-02-10-56-37+0800__CAM_FRONT__1538449218362460.jpg", "samples/CAM_FRONT_RIGHT/n015-2018-10-02-10-56-37+0800__CAM_FRONT_RIGHT__1538449218370339.jpg", "samples/CAM_BACK_LEFT/n015-2018-10-02-10-56-37+0800__CAM_BACK_LEFT__1538449218397423.jpg", "samples/CAM_BACK/n015-2018-10-02-10-56-37+0800__CAM_BACK__1538449218387525.jpg", "samples/CAM_BACK_RIGHT/n015-2018-10-02-10-56-37+0800__CAM_BACK_RIGHT__1538449218377893.jpg"], "intrinsics": [[[1272.5979470598488, 0.0, 826.6154927353808], [0.0, 1272.5979470598488, 479.75165386361925], [0.0, 0.0, 1.0]], [[1266.417203046554, 0.0, 816.2670197447984], [0.0, 1266.417203046554, 491.50706579294757], [0.0, 0.0, 1.0]], [[1260.8474446004698, 0.0, 807.968244525554], [0.0, 1260.8474446004698, 495.3344268742088], [0.0, 0.0, 1.0]], [[1256.7414812095406, 0.0, 792.1125740759628], [0.0, 1256.7414812095406, 492.7757465151356], [0.0, 0.0, 1.0]], [[809.2209905677063, 0.0, 829.2196003259838], [0.0, 809.2209905677063, 481.77842384512485], [0.0, 0.0, 1.0]], [[1259.5137405846733, 0.0, 807.2529053838625], [0.0, 1259.5137405846733, 501.19579884916527], [0.0, 0.0, 1.0]]], "extrinsics": [[[0.8205977082252502, -0.5712090134620667, 0.018432622775435448, -0.96533203125], [0.011802022345364094, -0.015308700501918793, -0.9998131394386292, 1.5082473754882812], [0.5713844299316406, 0.8206619024276733, -0.005820862483233213, -1.2803955078125], [0.0, 0.0, 0.0, 1.0]], [[0.005454366095364094, -0.9997969269752502, 0.0194003377109766, 0.00537109375], [0.006508623715490103, -0.019364723935723305, -0.9997913241386414, 1.520538330078125], [0.9999639391899109, 0.005579584278166294, 0.006401677615940571, -1.6922607421875], [0.0, 0.0, 0.0, 1.0]], [[-0.8328797221183777, -0.5533820986747742, -0.008919919840991497, 1.032196044921875], [0.012135100550949574, -0.00214650621637702, -0.9999240636825562, 1.503641128540039], [0.5533208847045898, -0.8329247832298279, 0.00850313063710928, -1.248779296875], [0.0, 0.0, 0.0, 1.0]], [[0.9477123618125916, 0.3189891278743744, 0.00933386106044054, -1.14227294921875], [0.020780039951205254, -0.03249824419617653, -0.9992557168006897, 1.5885696411132812], [-0.31844842433929443, 0.9472010731697083, -0.037427596747875214, -0.103759765625], [0.0, 0.0, 0.0, 1.0]], [[0.002682644873857498, 0.9997434616088867, -0.022490214556455612, 0.00244140625], [-0.004621055908501148, -0.022477662190794945, -0.9997367262840271, 1.5793571472167969], [-0.9999856948852539, 0.002785869874060154, 0.004559572320431471, 0.0018310546875], [0.0, 0.0, 0.0, 1.0]], [[-0.9344986081123352, 0.35480573773384094, -0.0287262424826622, 1.13623046875], [0.028012612834572792, -0.007148951757699251, -0.9995819926261902, 1.55145263671875], [-0.35486289858818054, -0.9349127411842346, -0.003258351469412446, -0.063720703125], [0.0, 0.0, 0.0, 1.0]]], "view": [[0.0, -2.0, 100.0], [-2.0, 0.0, 100.0], [0.0, 0.0, 1.0]], "bev": "bev_9bde8eff88c4442abef714d1de3fd064.png", "aux": "aux_9bde8eff88c4442abef714d1de3fd064.npz", "visibility": "visibility_9bde8eff88c4442abef714d1de3fd064.png", "pose": [[0.5156437158584595, 0.8568031191825867, 0.0, 1587.0616455078125], [-0.8568031191825867, 0.5156437158584595, 0.0, 2883.248779296875], [0.0, 0.0, 1.0, 0.0], [0.0, 0.0, 0.0, 1.0]], "pose_inverse": [[0.5156437158584595, -0.8568031191825867, 0.0, 1652.0181884765625], [0.8568031191825867, 0.5156437158584595, 0.0, -2846.5283203125], [0.0, 0.0, 1.0, 0.0], [0.0, 0.0, 0.0, 1.0]], "cam_ids": [0, 1, 2, 3, 4, 5], "cam_channels": ["CAM_FRONT_LEFT", "CAM_FRONT", "CAM_FRONT_RIGHT", "CAM_BACK_LEFT", "CAM_BACK", "CAM_BACK_RIGHT"], "token": "9bde8eff88c4442abef714d1de3fd064", "scene": "scene-0789"}, {"images": ["samples/CAM_FRONT_LEFT/n015-2018-10-02-10-56-37+0800__CAM_FRONT_LEFT__1538449218854844.jpg", "samples/CAM_FRONT/n015-2018-10-02-10-56-37+0800__CAM_FRONT__1538449218862460.jpg", "samples/CAM_FRONT_RIGHT/n015-2018-10-02-10-56-37+0800__CAM_FRONT_RIGHT__1538449218870339.jpg", "samples/CAM_BACK_LEFT/n015-2018-10-02-10-56-37+0800__CAM_BACK_LEFT__1538449218897423.jpg", "samples/CAM_BACK/n015-2018-10-02-10-56-37+0800__CAM_BACK__1538449218887525.jpg", "samples/CAM_BACK_RIGHT/n015-2018-10-02-10-56-37+0800__CAM_BACK_RIGHT__1538449218877893.jpg"], "intrinsics": [[[1272.5979470598488, 0.0, 826.6154927353808], [0.0, 1272.5979470598488, 479.75165386361925], [0.0, 0.0, 1.0]], [[1266.417203046554, 0.0, 816.2670197447984], [0.0, 1266.417203046554, 491.50706579294757], [0.0, 0.0, 1.0]], [[1260.8474446004698, 0.0, 807.968244525554], [0.0, 1260.8474446004698, 495.3344268742088], [0.0, 0.0, 1.0]], [[1256.7414812095406, 0.0, 792.1125740759628], [0.0, 1256.7414812095406, 492.7757465151356], [0.0, 0.0, 1.0]], [[809.2209905677063, 0.0, 829.2196003259838], [0.0, 809.2209905677063, 481.77842384512485], [0.0, 0.0, 1.0]], [[1259.5137405846733, 0.0, 807.2529053838625], [0.0, 1259.5137405846733, 501.19579884916527], [0.0, 0.0, 1.0]]], "extrinsics": [[[0.8205892443656921, -0.5712206959724426, 0.018446259200572968, -0.96533203125], [0.01185601670295, -0.015254870057106018, -0.9998133778572083, 1.5082473754882812], [0.5713954567909241, 0.8206548094749451, -0.005745579022914171, -1.280029296875], [0.0, 0.0, 0.0, 1.0]], [[0.005444225389510393, -0.9997978806495667, 0.019348451867699623, 0.005126953125], [0.006545470096170902, -0.019312692806124687, -0.9997920989990234, 1.5205307006835938], [0.9999637603759766, 0.005569743923842907, 0.006439004559069872, -1.692138671875], [0.0, 0.0, 0.0, 1.0]], [[-0.8328827023506165, -0.5533768534660339, -0.008971787057816982, 1.0321044921875], [0.012163186445832253, -0.0020951437763869762, -0.999923825263977, 1.5036449432373047], [0.5533158183097839, -0.8329284191131592, 0.008475834503769875, -1.248779296875], [0.0, 0.0, 0.0, 1.0]], [[0.9477104544639587, 0.3189929723739624, 0.009396679699420929, -1.14239501953125], [0.020830757915973663, -0.03245161473751068, -0.9992561936378479, 1.5885696411132812], [-0.31845077872276306, 0.9472012519836426, -0.03739960491657257, -0.103759765625], [0.0, 0.0, 0.0, 1.0]], [[0.002684695180505514, 0.9997444748878479, -0.022446751594543457, 0.0029296875], [-0.004585700575262308, -0.022434288635849953, -0.9997377991676331, 1.5793533325195312], [-0.9999857544898987, 0.0027869162149727345, 0.004524298012256622, 0.0015869140625], [0.0, 0.0, 0.0, 1.0]], [[-0.934496283531189, 0.35481077432632446, -0.028738997876644135, 1.13623046875], [0.028046181425452232, -0.007096501067280769, -0.9995814561843872, 1.55145263671875], [-0.3548661768436432, -0.9349111914634705, -0.0033194345887750387, -0.063720703125], [0.0, 0.0, 0.0, 1.0]]], "view": [[0.0, -2.0, 100.0], [-2.0, 0.0, 100.0], [0.0, 0.0, 1.0]], "bev": "bev_8ea486680ec44ca0b52a455507a8f061.png", "aux": "aux_8ea486680ec44ca0b52a455507a8f061.npz", "visibility": "visibility_8ea486680ec44ca0b52a455507a8f061.png", "pose": [[0.515684962272644, 0.8567782640457153, 0.0, 1587.061767578125], [-0.8567782640457153, 0.515684962272644, 0.0, 2883.2490234375], [0.0, 0.0, 1.0, 0.0], [0.0, 0.0, 0.0, 1.0]], "pose_inverse": [[0.515684962272644, -0.8567782640457153, 0.0, 1651.8812255859375], [0.8567782640457153, 0.515684962272644, 0.0, -2846.608154296875], [0.0, 0.0, 1.0, 0.0], [0.0, 0.0, 0.0, 1.0]], "cam_ids": [0, 1, 2, 3, 4, 5], "cam_channels": ["CAM_FRONT_LEFT", "CAM_FRONT", "CAM_FRONT_RIGHT", "CAM_BACK_LEFT", "CAM_BACK", "CAM_BACK_RIGHT"], "token": "8ea486680ec44ca0b52a455507a8f061", "scene": "scene-0789"}, {"images": ["samples/CAM_FRONT_LEFT/n015-2018-10-02-10-56-37+0800__CAM_FRONT_LEFT__1538449219404844.jpg", "samples/CAM_FRONT/n015-2018-10-02-10-56-37+0800__CAM_FRONT__1538449219412460.jpg", "samples/CAM_FRONT_RIGHT/n015-2018-10-02-10-56-37+0800__CAM_FRONT_RIGHT__1538449219420339.jpg", "samples/CAM_BACK_LEFT/n015-2018-10-02-10-56-37+0800__CAM_BACK_LEFT__1538449219447423.jpg", "samples/CAM_BACK/n015-2018-10-02-10-56-37+0800__CAM_BACK__1538449219437525.jpg", "samples/CAM_BACK_RIGHT/n015-2018-10-02-10-56-37+0800__CAM_BACK_RIGHT__1538449219427893.jpg"], "intrinsics": [[[1272.5979470598488, 0.0, 826.6154927353808], [0.0, 1272.5979470598488, 479.75165386361925], [0.0, 0.0, 1.0]], [[1266.417203046554, 0.0, 816.2670197447984], [0.0, 1266.417203046554, 491.50706579294757], [0.0, 0.0, 1.0]], [[1260.8474446004698, 0.0, 807.968244525554], [0.0, 1260.8474446004698, 495.3344268742088], [0.0, 0.0, 1.0]], [[1256.7414812095406, 0.0, 792.1125740759628], [0.0, 1256.7414812095406, 492.7757465151356], [0.0, 0.0, 1.0]], [[809.2209905677063, 0.0, 829.2196003259838], [0.0, 809.2209905677063, 481.77842384512485], [0.0, 0.0, 1.0]], [[1259.5137405846733, 0.0, 807.2529053838625], [0.0, 1259.5137405846733, 501.19579884916527], [0.0, 0.0, 1.0]]], "extrinsics": [[[0.8206115365028381, -0.5711883902549744, 0.018450496718287468, -0.965087890625], [0.011835478246212006, -0.015292179770767689, -0.9998130202293396, 1.5082435607910156], [0.5713636875152588, 0.8206765055656433, -0.00578865222632885, -1.2802734375], [0.0, 0.0, 0.0, 1.0]], [[0.005475593730807304, -0.9997971653938293, 0.0193819347769022, 0.005126953125], [0.0065492442809045315, -0.019345955923199654, -0.9997914433479309, 1.5205307006835938], [0.9999635815620422, 0.005601398181170225, 0.0064419847913086414, -1.6922607421875], [0.0, 0.0, 0.0, 1.0]], [[-0.832868754863739, -0.5533977746963501, -0.008973346091806889, 1.03204345703125], [0.012187457643449306, -0.0021284758113324642, -0.9999234676361084, 1.5036487579345703], [0.5533362030982971, -0.832914412021637, 0.008517254143953323, -1.2490234375], [0.0, 0.0, 0.0, 1.0]], [[0.9477101564407349, 0.3189929723739624, 0.009421301074326038, -1.14215087890625], [0.02086358144879341, -0.032472021877765656, -0.9992548227310181, 1.58856201171875], [-0.3184494376182556, 0.94720059633255, -0.03742940351366997, -0.103515625], [0.0, 0.0, 0.0, 1.0]], [[0.0026765267830342054, 0.9997439980506897, -0.022468246519565582, 0.002685546875], [-0.004558252170681953, -0.022455895319581032, -0.9997375011444092, 1.5793571472167969], [-0.999985933303833, 0.0027781797107309103, 0.00449698232114315, 0.001708984375], [0.0, 0.0, 0.0, 1.0]], [[-0.9345015287399292, 0.3547937870025635, -0.02877780795097351, 1.13623046875], [0.02807401679456234, -0.007132372353225946, -0.999580442905426, 1.5514450073242188], [-0.354850172996521, -0.9349174499511719, -0.003295276314020157, -0.06396484375], [0.0, 0.0, 0.0, 1.0]]], "view": [[0.0, -2.0, 100.0], [-2.0, 0.0, 100.0], [0.0, 0.0, 1.0]], "bev": "bev_15be4c6222454abab220dd3004fc8a20.png", "aux": "aux_15be4c6222454abab220dd3004fc8a20.npz", "visibility": "visibility_15be4c6222454abab220dd3004fc8a20.png", "pose": [[0.5156557559967041, 0.8567958474159241, 0.0, 1587.061767578125], [-0.8567958474159241, 0.5156557559967041, 0.0, 2883.2490234375], [0.0, 0.0, 1.0, 0.0], [0.0, 0.0, 0.0, 1.0]], "pose_inverse": [[0.5156557559967041, -0.8567958474159241, 0.0, 1651.978271484375], [0.8567958474159241, 0.5156557559967041, 0.0, -2846.5517578125], [0.0, 0.0, 1.0, 0.0], [0.0, 0.0, 0.0, 1.0]], "cam_ids": [0, 1, 2, 3, 4, 5], "cam_channels": ["CAM_FRONT_LEFT", "CAM_FRONT", "CAM_FRONT_RIGHT", "CAM_BACK_LEFT", "CAM_BACK", "CAM_BACK_RIGHT"], "token": "15be4c6222454abab220dd3004fc8a20", "scene": "scene-0789"}, {"images": ["samples/CAM_FRONT_LEFT/n015-2018-10-02-10-56-37+0800__CAM_FRONT_LEFT__1538449219904844.jpg", "samples/CAM_FRONT/n015-2018-10-02-10-56-37+0800__CAM_FRONT__1538449219912460.jpg", "samples/CAM_FRONT_RIGHT/n015-2018-10-02-10-56-37+0800__CAM_FRONT_RIGHT__1538449219920339.jpg", "samples/CAM_BACK_LEFT/n015-2018-10-02-10-56-37+0800__CAM_BACK_LEFT__1538449219947423.jpg", "samples/CAM_BACK/n015-2018-10-02-10-56-37+0800__CAM_BACK__1538449219937525.jpg", "samples/CAM_BACK_RIGHT/n015-2018-10-02-10-56-37+0800__CAM_BACK_RIGHT__1538449219927893.jpg"], "intrinsics": [[[1272.5979470598488, 0.0, 826.6154927353808], [0.0, 1272.5979470598488, 479.75165386361925], [0.0, 0.0, 1.0]], [[1266.417203046554, 0.0, 816.2670197447984], [0.0, 1266.417203046554, 491.50706579294757], [0.0, 0.0, 1.0]], [[1260.8474446004698, 0.0, 807.968244525554], [0.0, 1260.8474446004698, 495.3344268742088], [0.0, 0.0, 1.0]], [[1256.7414812095406, 0.0, 792.1125740759628], [0.0, 1256.7414812095406, 492.7757465151356], [0.0, 0.0, 1.0]], [[809.2209905677063, 0.0, 829.2196003259838], [0.0, 809.2209905677063, 481.77842384512485], [0.0, 0.0, 1.0]], [[1259.5137405846733, 0.0, 807.2529053838625], [0.0, 1259.5137405846733, 501.19579884916527], [0.0, 0.0, 1.0]]], "extrinsics": [[[0.8205963969230652, -0.5712070465087891, 0.018546242266893387, -0.965087890625], [0.011958650313317776, -0.015282589942216873, -0.9998117089271545, 1.5082511901855469], [0.5713828802108765, 0.8206636309623718, -0.0057099745608866215, -1.2803955078125], [0.0, 0.0, 0.0, 1.0]], [[0.005455774255096912, -0.999797523021698, 0.01936996914446354, 0.005126953125], [0.006658746395260096, -0.019333506003022194, -0.9997909069061279, 1.5205307006835938], [0.9999629259109497, 0.005583679769188166, 0.0065519181080162525, -1.692138671875], [0.0, 0.0, 0.0, 1.0]], [[-0.8328750133514404, -0.553386926651001, -0.00906157586723566, 1.0321807861328125], [0.012283142656087875, -0.0021132612600922585, -0.9999223351478577, 1.5036449432373047], [0.5533247590065002, -0.83292156457901, 0.008557413704693317, -1.24853515625], [0.0, 0.0, 0.0, 1.0]], [[0.9477099776268005, 0.3189903795719147, 0.009529977105557919, -1.14190673828125], [0.020975718274712563, -0.032465070486068726, -0.9992527365684509, 1.58856201171875], [-0.31844255328178406, 0.947201669216156, -0.037458524107933044, -0.10400390625], [0.0, 0.0, 0.0, 1.0]], [[0.0026838858611881733, 0.9997443556785583, -0.022453272715210915, 0.0029296875], [-0.004452903755009174, -0.022441182285547256, -0.9997382760047913, 1.5793533325195312], [-0.999986469745636, 0.0027832777705043554, 0.004391535185277462, 0.0020751953125], [0.0, 0.0, 0.0, 1.0]], [[-0.9344959259033203, 0.35480183362960815, -0.02886085957288742, 1.13623046875], [0.028168587014079094, -0.007117345463484526, -0.9995778799057007, 1.55145263671875], [-0.3548574447631836, -0.9349144101142883, -0.0033431381452828646, -0.0634765625], [0.0, 0.0, 0.0, 1.0]]], "view": [[0.0, -2.0, 100.0], [-2.0, 0.0, 100.0], [0.0, 0.0, 1.0]], "bev": "bev_50f390baf8d34012bed60c4e0b529fd6.png", "aux": "aux_50f390baf8d34012bed60c4e0b529fd6.npz", "visibility": "visibility_50f390baf8d34012bed60c4e0b529fd6.png", "pose": [[0.5157453417778015, 0.8567419052124023, 0.0, 1587.0618896484375], [-0.8567419052124023, 0.5157453417778015, 0.0, 2883.2490234375], [0.0, 0.0, 1.0, 0.0], [0.0, 0.0, 0.0, 1.0]], "pose_inverse": [[0.5157453417778015, -0.8567419052124023, 0.0, 1651.6805419921875], [0.8567419052124023, 0.5157453417778015, 0.0, -2846.724853515625], [0.0, 0.0, 1.0, 0.0], [0.0, 0.0, 0.0, 1.0]], "cam_ids": [0, 1, 2, 3, 4, 5], "cam_channels": ["CAM_FRONT_LEFT", "CAM_FRONT", "CAM_FRONT_RIGHT", "CAM_BACK_LEFT", "CAM_BACK", "CAM_BACK_RIGHT"], "token": "50f390baf8d34012bed60c4e0b529fd6", "scene": "scene-0789"}, {"images": ["samples/CAM_FRONT_LEFT/n015-2018-10-02-10-56-37+0800__CAM_FRONT_LEFT__1538449220404844.jpg", "samples/CAM_FRONT/n015-2018-10-02-10-56-37+0800__CAM_FRONT__1538449220412460.jpg", "samples/CAM_FRONT_RIGHT/n015-2018-10-02-10-56-37+0800__CAM_FRONT_RIGHT__1538449220420339.jpg", "samples/CAM_BACK_LEFT/n015-2018-10-02-10-56-37+0800__CAM_BACK_LEFT__1538449220447423.jpg", "samples/CAM_BACK/n015-2018-10-02-10-56-37+0800__CAM_BACK__1538449220437525.jpg", "samples/CAM_BACK_RIGHT/n015-2018-10-02-10-56-37+0800__CAM_BACK_RIGHT__1538449220427893.jpg"], "intrinsics": [[[1272.5979470598488, 0.0, 826.6154927353808], [0.0, 1272.5979470598488, 479.75165386361925], [0.0, 0.0, 1.0]], [[1266.417203046554, 0.0, 816.2670197447984], [0.0, 1266.417203046554, 491.50706579294757], [0.0, 0.0, 1.0]], [[1260.8474446004698, 0.0, 807.968244525554], [0.0, 1260.8474446004698, 495.3344268742088], [0.0, 0.0, 1.0]], [[1256.7414812095406, 0.0, 792.1125740759628], [0.0, 1256.7414812095406, 492.7757465151356], [0.0, 0.0, 1.0]], [[809.2209905677063, 0.0, 829.2196003259838], [0.0, 809.2209905677063, 481.77842384512485], [0.0, 0.0, 1.0]], [[1259.5137405846733, 0.0, 807.2529053838625], [0.0, 1259.5137405846733, 501.19579884916527], [0.0, 0.0, 1.0]]], "extrinsics": [[[0.8205969929695129, -0.5712065100669861, 0.018539585173130035, -0.96533203125], [0.01195373386144638, -0.015278012491762638, -0.9998117685317993, 1.5082435607910156], [0.5713822245597839, 0.8206641674041748, -0.0057090409100055695, -1.2801513671875], [0.0, 0.0, 0.0, 1.0]], [[0.005455871112644672, -0.999797523021698, 0.019367871806025505, 0.0048828125], [0.006673822179436684, -0.019331324845552444, -0.9997909069061279, 1.5205307006835938], [0.9999628067016602, 0.005584033206105232, 0.0065670013427734375, -1.692138671875], [0.0, 0.0, 0.0, 1.0]], [[-0.8328744769096375, -0.5533872246742249, -0.009091204032301903, 1.0320892333984375], [0.012318908236920834, -0.00211355066858232, -0.9999218583106995, 1.503652572631836], [0.5533247590065002, -0.8329214453697205, 0.00857744924724102, -1.2490234375], [0.0, 0.0, 0.0, 1.0]], [[0.9477099180221558, 0.31899046897888184, 0.009536095894873142, -1.14215087890625], [0.02098185382783413, -0.03246412053704262, -0.9992526173591614, 1.5885696411132812], [-0.3184424638748169, 0.9472017288208008, -0.03745958209037781, -0.10400390625], [0.0, 0.0, 0.0, 1.0]], [[0.002684421604499221, 0.9997440576553345, -0.022464962676167488, 0.002685546875], [-0.004431066568940878, -0.022452931851148605, -0.9997380971908569, 1.5793533325195312], [-0.9999865889549255, 0.002783215371891856, 0.004369659349322319, 0.0018310546875], [0.0, 0.0, 0.0, 1.0]], [[-0.9344950318336487, 0.3548014163970947, -0.028894715011119843, 1.135986328125], [0.028201250359416008, -0.007126694545149803, -0.9995768666267395, 1.5514602661132812], [-0.3548572361469269, -0.9349144697189331, -0.0033459868282079697, -0.063720703125], [0.0, 0.0, 0.0, 1.0]]], "view": [[0.0, -2.0, 100.0], [-2.0, 0.0, 100.0], [0.0, 0.0, 1.0]], "bev": "bev_6dd693125e974794bc2d184737a76e79.png", "aux": "aux_6dd693125e974794bc2d184737a76e79.npz", "visibility": "visibility_6dd693125e974794bc2d184737a76e79.png", "pose": [[0.5157225131988525, 0.8567556738853455, 0.0, 1587.0618896484375], [-0.8567556738853455, 0.5157225131988525, 0.0, 2883.2490234375], [0.0, 0.0, 1.0, 0.0], [0.0, 0.0, 0.0, 1.0]], "pose_inverse": [[0.5157225131988525, -0.8567556738853455, 0.0, 1651.75634765625], [0.8567556738853455, 0.5157225131988525, 0.0, -2846.6806640625], [0.0, 0.0, 1.0, 0.0], [0.0, 0.0, 0.0, 1.0]], "cam_ids": [0, 1, 2, 3, 4, 5], "cam_channels": ["CAM_FRONT_LEFT", "CAM_FRONT", "CAM_FRONT_RIGHT", "CAM_BACK_LEFT", "CAM_BACK", "CAM_BACK_RIGHT"], "token": "6dd693125e974794bc2d184737a76e79", "scene": "scene-0789"}, {"images": ["samples/CAM_FRONT_LEFT/n015-2018-10-02-10-56-37+0800__CAM_FRONT_LEFT__1538449220904844.jpg", "samples/CAM_FRONT/n015-2018-10-02-10-56-37+0800__CAM_FRONT__1538449220912460.jpg", "samples/CAM_FRONT_RIGHT/n015-2018-10-02-10-56-37+0800__CAM_FRONT_RIGHT__1538449220920339.jpg", "samples/CAM_BACK_LEFT/n015-2018-10-02-10-56-37+0800__CAM_BACK_LEFT__1538449220947423.jpg", "samples/CAM_BACK/n015-2018-10-02-10-56-37+0800__CAM_BACK__1538449220937525.jpg", "samples/CAM_BACK_RIGHT/n015-2018-10-02-10-56-37+0800__CAM_BACK_RIGHT__1538449220927893.jpg"], "intrinsics": [[[1272.5979470598488, 0.0, 826.6154927353808], [0.0, 1272.5979470598488, 479.75165386361925], [0.0, 0.0, 1.0]], [[1266.417203046554, 0.0, 816.2670197447984], [0.0, 1266.417203046554, 491.50706579294757], [0.0, 0.0, 1.0]], [[1260.8474446004698, 0.0, 807.968244525554], [0.0, 1260.8474446004698, 495.3344268742088], [0.0, 0.0, 1.0]], [[1256.7414812095406, 0.0, 792.1125740759628], [0.0, 1256.7414812095406, 492.7757465151356], [0.0, 0.0, 1.0]], [[809.2209905677063, 0.0, 829.2196003259838], [0.0, 809.2209905677063, 481.77842384512485], [0.0, 0.0, 1.0]], [[1259.5137405846733, 0.0, 807.2529053838625], [0.0, 1259.5137405846733, 501.19579884916527], [0.0, 0.0, 1.0]]], "extrinsics": [[[0.8205921053886414, -0.5712148547172546, 0.018501564860343933, -0.96533203125], [0.011991918087005615, -0.01515653170645237, -0.9998131990432739, 1.5082550048828125], [0.5713885426521301, 0.8206605911254883, -0.005587368737906218, -1.2801513671875], [0.0, 0.0, 0.0, 1.0]], [[0.00544848432764411, -0.9997998476028442, 0.019248319789767265, 0.005126953125], [0.006697670556604862, -0.01921168714761734, -0.9997930526733398, 1.520538330078125], [0.9999626278877258, 0.005576278083026409, 0.006591654848307371, -1.6922607421875], [0.0, 0.0, 0.0, 1.0]], [[-0.8328770995140076, -0.5533819794654846, -0.009164009243249893, 1.032318115234375], [0.012328069657087326, -0.001995859667658806, -0.999921977519989, 1.5036373138427734], [0.553320586681366, -0.8329251408576965, 0.008484438993036747, -1.248779296875], [0.0, 0.0, 0.0, 1.0]], [[0.9477111101150513, 0.3189854323863983, 0.009593389928340912, -1.14208984375], [0.020999658852815628, -0.032338012009859085, -0.9992563724517822, 1.5885696411132812], [-0.31843793392181396, 0.9472077488899231, -0.037345677614212036, -0.103759765625], [0.0, 0.0, 0.0, 1.0]], [[0.002687860978767276, 0.9997468590736389, -0.0223392304033041, 0.002685546875], [-0.004420482087880373, -0.02232721447944641, -0.9997409582138062, 1.5793609619140625], [-0.9999865889549255, 0.002785902936011553, 0.004359351471066475, 0.001953125], [0.0, 0.0, 0.0, 1.0]], [[-0.9344937801361084, 0.3548077642917633, -0.028856948018074036, 1.13623046875], [0.02821042388677597, -0.006996158044785261, -0.999577522277832, 1.55145263671875], [-0.35485976934432983, -0.9349130392074585, -0.003471414092928171, -0.063720703125], [0.0, 0.0, 0.0, 1.0]]], "view": [[0.0, -2.0, 100.0], [-2.0, 0.0, 100.0], [0.0, 0.0, 1.0]], "bev": "bev_6c9ad856c385479799a0d4f2aa8c07f9.png", "aux": "aux_6c9ad856c385479799a0d4f2aa8c07f9.npz", "visibility": "visibility_6c9ad856c385479799a0d4f2aa8c07f9.png", "pose": [[0.5157310962677002, 0.85675048828125, 0.0, 1587.06201171875], [-0.85675048828125, 0.5157310962677002, 0.0, 2883.2490234375], [0.0, 0.0, 1.0, 0.0], [0.0, 0.0, 0.0, 1.0]], "pose_inverse": [[0.5157310962677002, -0.85675048828125, 0.0, 1651.727783203125], [0.85675048828125, 0.5157310962677002, 0.0, -2846.697509765625], [0.0, 0.0, 1.0, 0.0], [0.0, 0.0, 0.0, 1.0]], "cam_ids": [0, 1, 2, 3, 4, 5], "cam_channels": ["CAM_FRONT_LEFT", "CAM_FRONT", "CAM_FRONT_RIGHT", "CAM_BACK_LEFT", "CAM_BACK", "CAM_BACK_RIGHT"], "token": "6c9ad856c385479799a0d4f2aa8c07f9", "scene": "scene-0789"}, {"images": ["samples/CAM_FRONT_LEFT/n015-2018-10-02-10-56-37+0800__CAM_FRONT_LEFT__1538449221404844.jpg", "samples/CAM_FRONT/n015-2018-10-02-10-56-37+0800__CAM_FRONT__1538449221412460.jpg", "samples/CAM_FRONT_RIGHT/n015-2018-10-02-10-56-37+0800__CAM_FRONT_RIGHT__1538449221420339.jpg", "samples/CAM_BACK_LEFT/n015-2018-10-02-10-56-37+0800__CAM_BACK_LEFT__1538449221447423.jpg", "samples/CAM_BACK/n015-2018-10-02-10-56-37+0800__CAM_BACK__1538449221437594.jpg", "samples/CAM_BACK_RIGHT/n015-2018-10-02-10-56-37+0800__CAM_BACK_RIGHT__1538449221427893.jpg"], "intrinsics": [[[1272.5979470598488, 0.0, 826.6154927353808], [0.0, 1272.5979470598488, 479.75165386361925], [0.0, 0.0, 1.0]], [[1266.417203046554, 0.0, 816.2670197447984], [0.0, 1266.417203046554, 491.50706579294757], [0.0, 0.0, 1.0]], [[1260.8474446004698, 0.0, 807.968244525554], [0.0, 1260.8474446004698, 495.3344268742088], [0.0, 0.0, 1.0]], [[1256.7414812095406, 0.0, 792.1125740759628], [0.0, 1256.7414812095406, 492.7757465151356], [0.0, 0.0, 1.0]], [[809.2209905677063, 0.0, 829.2196003259838], [0.0, 809.2209905677063, 481.77842384512485], [0.0, 0.0, 1.0]], [[1259.5137405846733, 0.0, 807.2529053838625], [0.0, 1259.5137405846733, 501.19579884916527], [0.0, 0.0, 1.0]]], "extrinsics": [[[0.8205913305282593, -0.571218729019165, 0.018415428698062897, -0.965087890625], [0.011913587339222431, -0.015118259936571121, -0.9998147487640381, 1.5082473754882812], [0.571391224861145, 0.8206586837768555, -0.005600648932158947, -1.2801513671875], [0.0, 0.0, 0.0, 1.0]], [[0.00544752785935998, -0.9998006820678711, 0.019205307587981224, 0.005126953125], [0.006613443605601788, -0.01916915364563465, -0.9997943639755249, 1.5205307006835938], [0.9999632835388184, 0.0055734505876898766, 0.006507699843496084, -1.6922607421875], [0.0, 0.0, 0.0, 1.0]], [[-0.8328790664672852, -0.5533799529075623, -0.009114772081375122, 1.032257080078125], [0.012237767688930035, -0.001948945107869804, -0.9999231696128845, 1.503652572631836], [0.5533197522163391, -0.8329266905784607, 0.008395373821258545, -1.2490234375], [0.0, 0.0, 0.0, 1.0]], [[0.9477109313011169, 0.3189878463745117, 0.009523984044790268, -1.14190673828125], [0.020910875871777534, -0.03229130059480667, -0.9992597103118896, 1.5885543823242188], [-0.3184441030025482, 0.94720858335495, -0.03727313131093979, -0.103515625], [0.0, 0.0, 0.0, 1.0]], [[0.0026854085735976696, 0.9997478127479553, -0.02229696325957775, 0.00244140625], [-0.004506328143179417, -0.022284716367721558, -0.9997415542602539, 1.5793533325195312], [-0.9999862313270569, 0.0027851941995322704, 0.004445348866283894, 0.001953125], [0.0, 0.0, 0.0, 1.0]], [[-0.9344958662986755, 0.3548104166984558, -0.028759321197867393, 1.13623046875], [0.028122343122959137, -0.006953120697289705, -0.9995803236961365, 1.5514450073242188], [-0.35486146807670593, -0.9349125027656555, -0.003480440704151988, -0.06396484375], [0.0, 0.0, 0.0, 1.0]]], "view": [[0.0, -2.0, 100.0], [-2.0, 0.0, 100.0], [0.0, 0.0, 1.0]], "bev": "bev_ffafc5f82e7a41c9912588ec2cc33bd7.png", "aux": "aux_ffafc5f82e7a41c9912588ec2cc33bd7.npz", "visibility": "visibility_ffafc5f82e7a41c9912588ec2cc33bd7.png", "pose": [[0.5157361030578613, 0.8567475080490112, 0.0, 1587.06201171875], [-0.8567475080490112, 0.5157361030578613, 0.0, 2883.249267578125], [0.0, 0.0, 1.0, 0.0], [0.0, 0.0, 0.0, 1.0]], "pose_inverse": [[0.5157361030578613, -0.8567475080490112, 0.0, 1651.71142578125], [0.8567475080490112, 0.5157361030578613, 0.0, -2846.70703125], [0.0, 0.0, 1.0, 0.0], [0.0, 0.0, 0.0, 1.0]], "cam_ids": [0, 1, 2, 3, 4, 5], "cam_channels": ["CAM_FRONT_LEFT", "CAM_FRONT", "CAM_FRONT_RIGHT", "CAM_BACK_LEFT", "CAM_BACK", "CAM_BACK_RIGHT"], "token": "ffafc5f82e7a41c9912588ec2cc33bd7", "scene": "scene-0789"}, {"images": ["samples/CAM_FRONT_LEFT/n015-2018-10-02-10-56-37+0800__CAM_FRONT_LEFT__1538449221904844.jpg", "samples/CAM_FRONT/n015-2018-10-02-10-56-37+0800__CAM_FRONT__1538449221912460.jpg", "samples/CAM_FRONT_RIGHT/n015-2018-10-02-10-56-37+0800__CAM_FRONT_RIGHT__1538449221920339.jpg", "samples/CAM_BACK_LEFT/n015-2018-10-02-10-56-37+0800__CAM_BACK_LEFT__1538449221947423.jpg", "samples/CAM_BACK/n015-2018-10-02-10-56-37+0800__CAM_BACK__1538449221937525.jpg", "samples/CAM_BACK_RIGHT/n015-2018-10-02-10-56-37+0800__CAM_BACK_RIGHT__1538449221927893.jpg"], "intrinsics": [[[1272.5979470598488, 0.0, 826.6154927353808], [0.0, 1272.5979470598488, 479.75165386361925], [0.0, 0.0, 1.0]], [[1266.417203046554, 0.0, 816.2670197447984], [0.0, 1266.417203046554, 491.50706579294757], [0.0, 0.0, 1.0]], [[1260.8474446004698, 0.0, 807.968244525554], [0.0, 1260.8474446004698, 495.3344268742088], [0.0, 0.0, 1.0]], [[1256.7414812095406, 0.0, 792.1125740759628], [0.0, 1256.7414812095406, 492.7757465151356], [0.0, 0.0, 1.0]], [[809.2209905677063, 0.0, 829.2196003259838], [0.0, 809.2209905677063, 481.77842384512485], [0.0, 0.0, 1.0]], [[1259.5137405846733, 0.0, 807.2529053838625], [0.0, 1259.5137405846733, 501.19579884916527], [0.0, 0.0, 1.0]]], "extrinsics": [[[0.8206064105033875, -0.5712023973464966, 0.018244728446006775, -0.965087890625], [0.011771189980208874, -0.015024255961179733, -0.9998178482055664, 1.5082511901855469], [0.571372389793396, 0.8206716775894165, -0.005605270154774189, -1.2802734375], [0.0, 0.0, 0.0, 1.0]], [[0.005469394847750664, -0.9998025894165039, 0.019101692363619804, 0.005126953125], [0.0064748660661280155, -0.01906617172062397, -0.9997972846031189, 1.5205307006835938], [0.9999640583992004, 0.005591982044279575, 0.006369306705892086, -1.692138671875], [0.0, 0.0, 0.0, 1.0]], [[-0.8328719735145569, -0.5533913969993591, -0.009064430370926857, 1.032318115234375], [0.012102742679417133, -0.0018364631105214357, -0.9999250769615173, 1.5036468505859375], [0.5533333420753479, -0.8329192399978638, 0.008227093145251274, -1.24853515625], [0.0, 0.0, 0.0, 1.0]], [[0.947709858417511, 0.3189941346645355, 0.009431721642613411, -1.14227294921875], [0.020780855789780617, -0.0321931466460228, -0.9992656111717224, 1.58856201171875], [-0.3184562623500824, 0.9472097754478455, -0.03713873028755188, -0.10400390625], [0.0, 0.0, 0.0, 1.0]], [[0.0026732077822089195, 0.9997504353523254, -0.022181648761034012, 0.002685546875], [-0.004639157094061375, -0.022169090807437897, -0.9997435212135315, 1.5793571472167969], [-0.9999856352806091, 0.00277538551017642, 0.004578736145049334, 0.0015869140625], [0.0, 0.0, 0.0, 1.0]], [[-0.9345035552978516, 0.3548034727573395, -0.02859656512737274, 1.136474609375], [0.027992481365799904, -0.006836522836238146, -0.9995847344398499, 1.55145263671875], [-0.3548515737056732, -0.9349159598350525, -0.0035430744756013155, -0.063720703125], [0.0, 0.0, 0.0, 1.0]]], "view": [[0.0, -2.0, 100.0], [-2.0, 0.0, 100.0], [0.0, 0.0, 1.0]], "bev": "bev_4ad956a41b574c9f9892e7397d0654eb.png", "aux": "aux_4ad956a41b574c9f9892e7397d0654eb.npz", "visibility": "visibility_4ad956a41b574c9f9892e7397d0654eb.png", "pose": [[0.5156823396682739, 0.8567798733711243, 0.0, 1587.0621337890625], [-0.8567798733711243, 0.5156823396682739, 0.0, 2883.249267578125], [0.0, 0.0, 1.0, 0.0], [0.0, 0.0, 0.0, 1.0]], "pose_inverse": [[0.5156823396682739, -0.8567798733711243, 0.0, 1651.8900146484375], [0.8567798733711243, 0.5156823396682739, 0.0, -2846.603515625], [0.0, 0.0, 1.0, 0.0], [0.0, 0.0, 0.0, 1.0]], "cam_ids": [0, 1, 2, 3, 4, 5], "cam_channels": ["CAM_FRONT_LEFT", "CAM_FRONT", "CAM_FRONT_RIGHT", "CAM_BACK_LEFT", "CAM_BACK", "CAM_BACK_RIGHT"], "token": "4ad956a41b574c9f9892e7397d0654eb", "scene": "scene-0789"}, {"images": ["samples/CAM_FRONT_LEFT/n015-2018-10-02-10-56-37+0800__CAM_FRONT_LEFT__1538449222404844.jpg", "samples/CAM_FRONT/n015-2018-10-02-10-56-37+0800__CAM_FRONT__1538449222412460.jpg", "samples/CAM_FRONT_RIGHT/n015-2018-10-02-10-56-37+0800__CAM_FRONT_RIGHT__1538449222420339.jpg", "samples/CAM_BACK_LEFT/n015-2018-10-02-10-56-37+0800__CAM_BACK_LEFT__1538449222447423.jpg", "samples/CAM_BACK/n015-2018-10-02-10-56-37+0800__CAM_BACK__1538449222437525.jpg", "samples/CAM_BACK_RIGHT/n015-2018-10-02-10-56-37+0800__CAM_BACK_RIGHT__1538449222427893.jpg"], "intrinsics": [[[1272.5979470598488, 0.0, 826.6154927353808], [0.0, 1272.5979470598488, 479.75165386361925], [0.0, 0.0, 1.0]], [[1266.417203046554, 0.0, 816.2670197447984], [0.0, 1266.417203046554, 491.50706579294757], [0.0, 0.0, 1.0]], [[1260.8474446004698, 0.0, 807.968244525554], [0.0, 1260.8474446004698, 495.3344268742088], [0.0, 0.0, 1.0]], [[1256.7414812095406, 0.0, 792.1125740759628], [0.0, 1256.7414812095406, 492.7757465151356], [0.0, 0.0, 1.0]], [[809.2209905677063, 0.0, 829.2196003259838], [0.0, 809.2209905677063, 481.77842384512485], [0.0, 0.0, 1.0]], [[1259.5137405846733, 0.0, 807.2529053838625], [0.0, 1259.5137405846733, 501.19579884916527], [0.0, 0.0, 1.0]]], "extrinsics": [[[0.82061767578125, -0.5711852312088013, 0.01827606000006199, -0.96484375], [0.011879093013703823, -0.014924303628504276, -0.9998180270195007, 1.5082435607910156], [0.57135409116745, 0.8206855058670044, -0.005461983848363161, -1.2802734375], [0.0, 0.0, 0.0, 1.0]], [[0.005486369598656893, -0.9998041391372681, 0.019013606011867523, 0.005126953125], [0.006597010884433985, -0.018977291882038116, -0.9997981786727905, 1.520538330078125], [0.9999631643295288, 0.005610683932900429, 0.006491603329777718, -1.6923828125], [0.0, 0.0, 0.0, 1.0]], [[-0.832862138748169, -0.5534037351608276, -0.009221007116138935, 1.0323486328125], [0.012239282950758934, -0.0017588119953870773, -0.9999235272407532, 1.5036506652832031], [0.5533452033996582, -0.8329113125801086, 0.008238114416599274, -1.248779296875], [0.0, 0.0, 0.0, 1.0]], [[0.9477067589759827, 0.31899768114089966, 0.00960953813046217, -1.14190673828125], [0.020935840904712677, -0.03209603950381279, -0.9992654919624329, 1.5885467529296875], [-0.3184548318386078, 0.9472119212150574, -0.037096116691827774, -0.103515625], [0.0, 0.0, 0.0, 1.0]], [[0.002668136265128851, 0.9997522830963135, -0.022095423191785812, 0.0029296875], [-0.0044903443194925785, -0.022083301097154617, -0.9997460246086121, 1.5793533325195312], [-0.9999862909317017, 0.002766731660813093, 0.0044303108006715775, 0.0018310546875], [0.0, 0.0, 0.0, 1.0]], [[-0.9345038533210754, 0.3547942638397217, -0.028695857152342796, 1.135986328125], [0.028127560392022133, -0.006760352291166782, -0.999581515789032, 1.55145263671875], [-0.3548397719860077, -0.9349199533462524, -0.0036619214806705713, -0.063720703125], [0.0, 0.0, 0.0, 1.0]]], "view": [[0.0, -2.0, 100.0], [-2.0, 0.0, 100.0], [0.0, 0.0, 1.0]], "bev": "bev_8ec05fa94b524aa2b49dd2fab66fdd88.png", "aux": "aux_8ec05fa94b524aa2b49dd2fab66fdd88.npz", "visibility": "visibility_8ec05fa94b524aa2b49dd2fab66fdd88.png", "pose": [[0.5156605243682861, 0.8567929863929749, 0.0, 1587.0621337890625], [-0.8567929863929749, 0.5156605243682861, 0.0, 2883.249267578125], [0.0, 0.0, 1.0, 0.0], [0.0, 0.0, 0.0, 1.0]], "pose_inverse": [[0.5156605243682861, -0.8567929863929749, 0.0, 1651.9625244140625], [0.8567929863929749, 0.5156605243682861, 0.0, -2846.5615234375], [0.0, 0.0, 1.0, 0.0], [0.0, 0.0, 0.0, 1.0]], "cam_ids": [0, 1, 2, 3, 4, 5], "cam_channels": ["CAM_FRONT_LEFT", "CAM_FRONT", "CAM_FRONT_RIGHT", "CAM_BACK_LEFT", "CAM_BACK", "CAM_BACK_RIGHT"], "token": "8ec05fa94b524aa2b49dd2fab66fdd88", "scene": "scene-0789"}, {"images": ["samples/CAM_FRONT_LEFT/n015-2018-10-02-10-56-37+0800__CAM_FRONT_LEFT__1538449222904844.jpg", "samples/CAM_FRONT/n015-2018-10-02-10-56-37+0800__CAM_FRONT__1538449222912460.jpg", "samples/CAM_FRONT_RIGHT/n015-2018-10-02-10-56-37+0800__CAM_FRONT_RIGHT__1538449222920339.jpg", "samples/CAM_BACK_LEFT/n015-2018-10-02-10-56-37+0800__CAM_BACK_LEFT__1538449222947429.jpg", "samples/CAM_BACK/n015-2018-10-02-10-56-37+0800__CAM_BACK__1538449222937525.jpg", "samples/CAM_BACK_RIGHT/n015-2018-10-02-10-56-37+0800__CAM_BACK_RIGHT__1538449222927893.jpg"], "intrinsics": [[[1272.5979470598488, 0.0, 826.6154927353808], [0.0, 1272.5979470598488, 479.75165386361925], [0.0, 0.0, 1.0]], [[1266.417203046554, 0.0, 816.2670197447984], [0.0, 1266.417203046554, 491.50706579294757], [0.0, 0.0, 1.0]], [[1260.8474446004698, 0.0, 807.968244525554], [0.0, 1260.8474446004698, 495.3344268742088], [0.0, 0.0, 1.0]], [[1256.7414812095406, 0.0, 792.1125740759628], [0.0, 1256.7414812095406, 492.7757465151356], [0.0, 0.0, 1.0]], [[809.2209905677063, 0.0, 829.2196003259838], [0.0, 809.2209905677063, 481.77842384512485], [0.0, 0.0, 1.0]], [[1259.5137405846733, 0.0, 807.2529053838625], [0.0, 1259.5137405846733, 501.19579884916527], [0.0, 0.0, 1.0]]], "extrinsics": [[[0.8206163644790649, -0.5711913108825684, 0.018145231530070305, -0.965087890625], [0.011774864979088306, -0.014844982884824276, -0.9998204708099365, 1.5082473754882812], [0.5713580846786499, 0.8206827044487, -0.005456336308270693, -1.2803955078125], [0.0, 0.0, 0.0, 1.0]], [[0.005484192632138729, -0.9998055696487427, 0.018936675041913986, 0.005126953125], [0.0064733936451375484, -0.018901066854596138, -0.999800443649292, 1.520538330078125], [0.9999639987945557, 0.005605688318610191, 0.006368477363139391, -1.6922607421875], [0.0, 0.0, 0.0, 1.0]], [[-0.8328655362129211, -0.553399920463562, -0.009141801856458187, 1.0323638916015625], [0.012095663696527481, -0.0016858343733474612, -0.9999253749847412, 1.5036468505859375], [0.5533432364463806, -0.8329139947891235, 0.008097815327346325, -1.248779296875], [0.0, 0.0, 0.0, 1.0]], [[0.9477095007896423, 0.3189946413040161, 0.009435783140361309, -1.14208984375], [0.020735079422593117, -0.032044194638729095, -0.9992713332176208, 1.5885467529296875], [-0.3184598386287689, 0.947214663028717, -0.03698296472430229, -0.103759765625], [0.0, 0.0, 0.0, 1.0]], [[0.002666997257620096, 0.9997537136077881, -0.022033920511603355, 0.002685546875], [-0.004665843211114407, -0.02202131785452366, -0.9997466206550598, 1.5793609619140625], [-0.9999855756759644, 0.0027691624127328396, 0.004605963826179504, 0.001953125], [0.0, 0.0, 0.0, 1.0]], [[-0.9345070719718933, 0.3547990620136261, -0.028533415868878365, 1.13623046875], [0.027979642152786255, -0.006692336406558752, -0.9995861053466797, 1.55145263671875], [-0.3548431992530823, -0.9349186420440674, -0.003673116909340024, -0.063720703125], [0.0, 0.0, 0.0, 1.0]]], "view": [[0.0, -2.0, 100.0], [-2.0, 0.0, 100.0], [0.0, 0.0, 1.0]], "bev": "bev_c5e40e3d39b74aac9108975ca6e4aae7.png", "aux": "aux_c5e40e3d39b74aac9108975ca6e4aae7.npz", "visibility": "visibility_c5e40e3d39b74aac9108975ca6e4aae7.png", "pose": [[0.5156494379043579, 0.8567996621131897, 0.0, 1587.0621337890625], [-0.8567996621131897, 0.5156494379043579, 0.0, 2883.249267578125], [0.0, 0.0, 1.0, 0.0], [0.0, 0.0, 0.0, 1.0]], "pose_inverse": [[0.5156494379043579, -0.8567996621131897, 0.0, 1651.999267578125], [0.8567996621131897, 0.5156494379043579, 0.0, -2846.540283203125], [0.0, 0.0, 1.0, 0.0], [0.0, 0.0, 0.0, 1.0]], "cam_ids": [0, 1, 2, 3, 4, 5], "cam_channels": ["CAM_FRONT_LEFT", "CAM_FRONT", "CAM_FRONT_RIGHT", "CAM_BACK_LEFT", "CAM_BACK", "CAM_BACK_RIGHT"], "token": "c5e40e3d39b74aac9108975ca6e4aae7", "scene": "scene-0789"}, {"images": ["samples/CAM_FRONT_LEFT/n015-2018-10-02-10-56-37+0800__CAM_FRONT_LEFT__1538449223404844.jpg", "samples/CAM_FRONT/n015-2018-10-02-10-56-37+0800__CAM_FRONT__1538449223412460.jpg", "samples/CAM_FRONT_RIGHT/n015-2018-10-02-10-56-37+0800__CAM_FRONT_RIGHT__1538449223420339.jpg", "samples/CAM_BACK_LEFT/n015-2018-10-02-10-56-37+0800__CAM_BACK_LEFT__1538449223447423.jpg", "samples/CAM_BACK/n015-2018-10-02-10-56-37+0800__CAM_BACK__1538449223437525.jpg", "samples/CAM_BACK_RIGHT/n015-2018-10-02-10-56-37+0800__CAM_BACK_RIGHT__1538449223427893.jpg"], "intrinsics": [[[1272.5979470598488, 0.0, 826.6154927353808], [0.0, 1272.5979470598488, 479.75165386361925], [0.0, 0.0, 1.0]], [[1266.417203046554, 0.0, 816.2670197447984], [0.0, 1266.417203046554, 491.50706579294757], [0.0, 0.0, 1.0]], [[1260.8474446004698, 0.0, 807.968244525554], [0.0, 1260.8474446004698, 495.3344268742088], [0.0, 0.0, 1.0]], [[1256.7414812095406, 0.0, 792.1125740759628], [0.0, 1256.7414812095406, 492.7757465151356], [0.0, 0.0, 1.0]], [[809.2209905677063, 0.0, 829.2196003259838], [0.0, 809.2209905677063, 481.77842384512485], [0.0, 0.0, 1.0]], [[1259.5137405846733, 0.0, 807.2529053838625], [0.0, 1259.5137405846733, 501.19579884916527], [0.0, 0.0, 1.0]]], "extrinsics": [[[0.8206212520599365, -0.5711858868598938, 0.018096361309289932, -0.96533203125], [0.011790793389081955, -0.014736642129719257, -0.9998218417167664, 1.5082473754882812], [0.5713508129119873, 0.8206884264945984, -0.005358466412872076, -1.2802734375], [0.0, 0.0, 0.0, 1.0]], [[0.005493480246514082, -0.9998077154159546, 0.01882481947541237, 0.0048828125], [0.006498062517493963, -0.018789013847708702, -0.9998024106025696, 1.520538330078125], [0.9999637603759766, 0.005614817142486572, 0.006393595598638058, -1.692138671875], [0.0, 0.0, 0.0, 1.0]], [[-0.8328605890274048, -0.5534057021141052, -0.009233593009412289, 1.03240966796875], [0.012128965929150581, -0.0015699791256338358, -0.9999251365661621, 1.503641128540039], [0.5533497929573059, -0.8329102993011475, 0.00801981519907713, -1.248779296875], [0.0, 0.0, 0.0, 1.0]], [[0.9477062821388245, 0.31900128722190857, 0.009532204829156399, -1.142333984375], [0.020800627768039703, -0.03193593770265579, -0.999273419380188, 1.58856201171875], [-0.31846514344215393, 0.9472159743309021, -0.0369013212621212, -0.10400390625], [0.0, 0.0, 0.0, 1.0]], [[0.0026608456391841173, 0.9997562170028687, -0.02192155085504055, 0.002685546875], [-0.004621972795575857, -0.02190909907221794, -0.9997493028640747, 1.5793533325195312], [-0.9999857544898987, 0.002761450130492449, 0.004562549293041229, 0.0018310546875], [0.0, 0.0, 0.0, 1.0]], [[-0.9