[{"images": ["samples/CAM_FRONT_LEFT/n008-2018-07-26-12-13-50-0400__CAM_FRONT_LEFT__1532621914604799.jpg", "samples/CAM_FRONT/n008-2018-07-26-12-13-50-0400__CAM_FRONT__1532621914612404.jpg", "samples/CAM_FRONT_RIGHT/n008-2018-07-26-12-13-50-0400__CAM_FRONT_RIGHT__1532621914620482.jpg", "samples/CAM_BACK_LEFT/n008-2018-07-26-12-13-50-0400__CAM_BACK_LEFT__1532621914647405.jpg", "samples/CAM_BACK/n008-2018-07-26-12-13-50-0400__CAM_BACK__1532621914637558.jpg", "samples/CAM_BACK_RIGHT/n008-2018-07-26-12-13-50-0400__CAM_BACK_RIGHT__1532621914628113.jpg"], "intrinsics": [[[1257.8625342125129, 0.0, 827.2410631095686], [0.0, 1257.8625342125129, 450.915498205774], [0.0, 0.0, 1.0]], [[1252.8131021185304, 0.0, 826.588114781398], [0.0, 1252.8131021185304, 469.9846626224581], [0.0, 0.0, 1.0]], [[1256.7485116440405, 0.0, 817.7887570959712], [0.0, 1256.7485116440403, 451.9541780095127], [0.0, 0.0, 1.0]], [[1254.9860565800168, 0.0, 829.5769333630991], [0.0, 1254.9860565800168, 467.1680561863987], [0.0, 0.0, 1.0]], [[796.8910634503094, 0.0, 857.7774326863696], [0.0, 796.8910634503094, 476.8848988407415], [0.0, 0.0, 1.0]], [[1249.9629280788233, 0.0, 825.3768045375984], [0.0, 1249.9629280788233, 462.54816385708756], [0.0, 0.0, 1.0]]], "extrinsics": [[[0.8223344087600708, -0.5689325928688049, -0.009049385786056519, -0.7105636596679688], [0.00519159808754921, 0.02340526133775711, -0.9997125864028931, 1.4900550842285156], [0.5689809322357178, 0.8220511674880981, 0.02220061793923378, -1.1337890625], [0.0, 0.0, 0.0, 1.0]], [[0.010011310689151287, -0.9997629523277283, -0.019335441291332245, 0.0113525390625], [0.007186803966760635, 0.01940784975886345, -0.999785840511322, 1.4822311401367188], [0.9999240636825562, 0.009870173409581184, 0.0073793986812233925, -1.439697265625], [0.0, 0.0, 0.0, 1.0]], [[-0.8440595269203186, -0.5359238982200623, -0.018686136230826378, 0.8970947265625], [0.015251867473125458, 0.010839941911399364, -0.9998248815536499, 1.4965591430664062], [0.5360325574874878, -0.8441967368125916, -0.0009757159859873354, -1.15185546875], [0.0, 0.0, 0.0, 1.0]], [[0.947879433631897, 0.31862783432006836, -0.0010168432490900159, -1.129638671875], [-0.009972435422241688, 0.026476748287677765, -0.9995996952056885, 1.5618858337402344], [-0.3184733986854553, 0.9475100040435791, 0.028274258598685265, -0.1611328125], [0.0, 0.0, 0.0, 1.0]], [[0.0092238150537014, 0.9997820258140564, 0.01873280107975006, -0.029052734375], [-0.007951810024678707, 0.018806342035531998, -0.9997915029525757, 1.567291259765625], [-0.9999259114265442, 0.00907291378825903, 0.008123543113470078, -0.0498046875], [0.0, 0.0, 0.0, 1.0]], [[-0.9237370491027832, 0.3830223083496094, 0.0019463656935840845, 1.003021240234375], [-0.0038029677234590054, -0.004090119618922472, -0.9999843835830688, 1.5471715927124023], [-0.3830083906650543, -0.9237300753593445, 0.0052348170429468155, -0.107177734375], [0.0, 0.0, 0.0, 1.0]]], "view": [[0.0, -2.0, 100.0], [-2.0, 0.0, 100.0], [0.0, 0.0, 1.0]], "bev": "bev_fa62f6ee115e492cacb946d9406468bd.png", "aux": "aux_fa62f6ee115e492cacb946d9406468bd.npz", "visibility": "visibility_fa62f6ee115e492cacb946d9406468bd.png", "pose": [[-0.8613089919090271, -0.5080815553665161, 0.0, 1963.18896484375], [0.5080815553665161, -0.8613089919090271, 0.0, 1031.177490234375], [0.0, 0.0, 1.0, 0.0], [0.0, 0.0, 0.0, 1.0]], "pose_inverse": [[-0.8613089919090271, 0.5080815553665161, 0.0, 1166.989990234375], [-0.5080815553665161, -0.8613089919090271, 0.0, 1885.62255859375], [0.0, 0.0, 1.0, 0.0], [0.0, 0.0, 0.0, 1.0]], "cam_ids": [0, 1, 2, 3, 4, 5], "cam_channels": ["CAM_FRONT_LEFT", "CAM_FRONT", "CAM_FRONT_RIGHT", "CAM_BACK_LEFT", "CAM_BACK", "CAM_BACK_RIGHT"], "token": "fa62f6ee115e492cacb946d9406468bd", "scene": "scene-0207"}, {"images": ["samples/CAM_FRONT_LEFT/n008-2018-07-26-12-13-50-0400__CAM_FRONT_LEFT__1532621915104799.jpg", "samples/CAM_FRONT/n008-2018-07-26-12-13-50-0400__CAM_FRONT__1532621915112404.jpg", "samples/CAM_FRONT_RIGHT/n008-2018-07-26-12-13-50-0400__CAM_FRONT_RIGHT__1532621915120482.jpg", "samples/CAM_BACK_LEFT/n008-2018-07-26-12-13-50-0400__CAM_BACK_LEFT__1532621915147405.jpg", "samples/CAM_BACK/n008-2018-07-26-12-13-50-0400__CAM_BACK__1532621915137558.jpg", "samples/CAM_BACK_RIGHT/n008-2018-07-26-12-13-50-0400__CAM_BACK_RIGHT__1532621915128113.jpg"], "intrinsics": [[[1257.8625342125129, 0.0, 827.2410631095686], [0.0, 1257.8625342125129, 450.915498205774], [0.0, 0.0, 1.0]], [[1252.8131021185304, 0.0, 826.588114781398], [0.0, 1252.8131021185304, 469.9846626224581], [0.0, 0.0, 1.0]], [[1256.7485116440405, 0.0, 817.7887570959712], [0.0, 1256.7485116440403, 451.9541780095127], [0.0, 0.0, 1.0]], [[1254.9860565800168, 0.0, 829.5769333630991], [0.0, 1254.9860565800168, 467.1680561863987], [0.0, 0.0, 1.0]], [[796.8910634503094, 0.0, 857.7774326863696], [0.0, 796.8910634503094, 476.8848988407415], [0.0, 0.0, 1.0]], [[1249.9629280788233, 0.0, 825.3768045375984], [0.0, 1249.9629280788233, 462.54816385708756], [0.0, 0.0, 1.0]]], "extrinsics": [[[0.8229222297668457, -0.5681360960006714, -0.004526894073933363, -0.7123565673828125], [0.009813093580305576, 0.022179502993822098, -0.9997057914733887, 1.49169921875], [0.568069338798523, 0.8226357102394104, 0.02382717840373516, -1.134765625], [0.0, 0.0, 0.0, 1.0]], [[0.01087927632033825, -0.9997814297676086, -0.017852231860160828, 0.01123046875], [0.01184450089931488, 0.01798088289797306, -0.9997681975364685, 1.48358154296875], [0.9998706579208374, 0.010665246285498142, 0.012037529610097408, -1.4420166015625], [0.0, 0.0, 0.0, 1.0]], [[-0.8436442017555237, -0.5364609956741333, -0.02177116461098194, 0.899169921875], [0.0199483260512352, 0.009202194400131702, -0.9997586607933044, 1.4976081848144531], [0.5365318655967712, -0.8438749313354492, 0.0029381203930824995, -1.15313720703125], [0.0, 0.0, 0.0, 1.0]], [[0.9478688836097717, 0.31865036487579346, 0.002580115804448724, -1.1307373046875], [-0.0053673405200243, 0.024060437455773354, -0.9996961355209351, 1.5619621276855469], [-0.318615585565567, 0.9475669264793396, 0.02451644279062748, -0.1607666015625], [0.0, 0.0, 0.0, 1.0]], [[0.008920044638216496, 0.9998224377632141, 0.01660134829580784, -0.029052734375], [-0.0032396847382187843, 0.01663081720471382, -0.9998564124107361, 1.5677433013916016], [-0.9999549388885498, 0.008864929899573326, 0.003387455828487873, -0.0482177734375], [0.0, 0.0, 0.0, 1.0]], [[-0.9238961338996887, 0.382630318403244, -0.003150317585095763, 1.0050048828125], [0.0009413243969902396, -0.005960254929959774, -0.9999817609786987, 1.5479812622070312], [-0.38264212012290955, -0.9238823056221008, 0.005146477371454239, -0.10595703125], [0.0, 0.0, 0.0, 1.0]]], "view": [[0.0, -2.0, 100.0], [-2.0, 0.0, 100.0], [0.0, 0.0, 1.0]], "bev": "bev_e7ab344f2cc346b9b51dfc81e309c94f.png", "aux": "aux_e7ab344f2cc346b9b51dfc81e309c94f.npz", "visibility": "visibility_e7ab344f2cc346b9b51dfc81e309c94f.png", "pose": [[-0.8585812449455261, -0.5126775503158569, 0.0, 1959.739990234375], [0.5126775503158569, -0.8585812449455261, 0.0, 1033.2645263671875], [0.0, 0.0, 1.0, 0.0], [0.0, 0.0, 0.0, 1.0]], "pose_inverse": [[-0.8585812449455261, 0.5126775503158569, 0.0, 1152.864501953125], [-0.5126775503158569, -0.8585812449455261, 0.0, 1891.856201171875], [0.0, 0.0, 1.0, 0.0], [0.0, 0.0, 0.0, 1.0]], "cam_ids": [0, 1, 2, 3, 4, 5], "cam_channels": ["CAM_FRONT_LEFT", "CAM_FRONT", "CAM_FRONT_RIGHT", "CAM_BACK_LEFT", "CAM_BACK", "CAM_BACK_RIGHT"], "token": "e7ab344f2cc346b9b51dfc81e309c94f", "scene": "scene-0207"}, {"images": ["samples/CAM_FRONT_LEFT/n008-2018-07-26-12-13-50-0400__CAM_FRONT_LEFT__1532621915654799.jpg", "samples/CAM_FRONT/n008-2018-07-26-12-13-50-0400__CAM_FRONT__1532621915662404.jpg", "samples/CAM_FRONT_RIGHT/n008-2018-07-26-12-13-50-0400__CAM_FRONT_RIGHT__1532621915670482.jpg", "samples/CAM_BACK_LEFT/n008-2018-07-26-12-13-50-0400__CAM_BACK_LEFT__1532621915698190.jpg", "samples/CAM_BACK/n008-2018-07-26-12-13-50-0400__CAM_BACK__1532621915687558.jpg", "samples/CAM_BACK_RIGHT/n008-2018-07-26-12-13-50-0400__CAM_BACK_RIGHT__1532621915678113.jpg"], "intrinsics": [[[1257.8625342125129, 0.0, 827.2410631095686], [0.0, 1257.8625342125129, 450.915498205774], [0.0, 0.0, 1.0]], [[1252.8131021185304, 0.0, 826.588114781398], [0.0, 1252.8131021185304, 469.9846626224581], [0.0, 0.0, 1.0]], [[1256.7485116440405, 0.0, 817.7887570959712], [0.0, 1256.7485116440403, 451.9541780095127], [0.0, 0.0, 1.0]], [[1254.9860565800168, 0.0, 829.5769333630991], [0.0, 1254.9860565800168, 467.1680561863987], [0.0, 0.0, 1.0]], [[796.8910634503094, 0.0, 857.7774326863696], [0.0, 796.8910634503094, 476.8848988407415], [0.0, 0.0, 1.0]], [[1249.9629280788233, 0.0, 825.3768045375984], [0.0, 1249.9629280788233, 462.54816385708756], [0.0, 0.0, 1.0]]], "extrinsics": [[[0.8229702711105347, -0.5680356025695801, -0.007452200632542372, -0.717315673828125], [0.007307999301701784, 0.02370304800570011, -0.9996923208236694, 1.4907493591308594], [0.5680375099182129, 0.8226626515388489, 0.023658106103539467, -1.138916015625], [0.0, 0.0, 0.0, 1.0]], [[0.010886403732001781, -0.9997511506080627, -0.01947091892361641, 0.011474609375], [0.009229344315826893, 0.019571702927350998, -0.9997658133506775, 1.4827461242675781], [0.9998980760574341, 0.01070416159927845, 0.009440112859010696, -1.44873046875], [0.0, 0.0, 0.0, 1.0]], [[-0.8437085747718811, -0.5364156365394592, -0.020348459482192993, 0.905029296875], [0.017219947651028633, 0.010841644369065762, -0.9997929334640503, 1.496856689453125], [0.5365252494812012, -0.8438843488693237, 8.986121974885464e-05, -1.1566162109375], [0.0, 0.0, 0.0, 1.0]], [[0.947883665561676, 0.3186163902282715, 0.00042016926454380155, -1.1435546875], [-0.008226832374930382, 0.02579306997358799, -0.9996334314346313, 1.5620384216308594], [-0.3185104429721832, 0.9475327730178833, 0.02707003243267536, -0.1563720703125], [0.0, 0.0, 0.0, 1.0]], [[0.00902608036994934, 0.9997920989990234, 0.018283288925886154, -0.029052734375], [-0.006006659008562565, 0.01833791472017765, -0.9998137950897217, 1.5675315856933594], [-0.9999412894248962, 0.008914623409509659, 0.006170929409563541, -0.0408935546875], [0.0, 0.0, 0.0, 1.0]], [[-0.9238673448562622, 0.38271284103393555, 7.231882045743987e-05, 1.01165771484375], [-0.001856046263128519, -0.004291527438908815, -0.9999890923500061, 1.5475196838378906], [-0.3827084004878998, -0.9238573312759399, 0.004675135016441345, -0.103515625], [0.0, 0.0, 0.0, 1.0]]], "view": [[0.0, -2.0, 100.0], [-2.0, 0.0, 100.0], [0.0, 0.0, 1.0]], "bev": "bev_06174e63b64d4798a4a2fbe7e58460ff.png", "aux": "aux_06174e63b64d4798a4a2fbe7e58460ff.npz", "visibility": "visibility_06174e63b64d4798a4a2fbe7e58460ff.png", "pose": [[-0.8541868925094604, -0.5199661254882812, 0.0, 1956.015869140625], [0.5199661254882812, -0.8541868925094604, 0.0, 1035.5479736328125], [0.0, 0.0, 1.0, 0.0], [0.0, 0.0, 0.0, 1.0]], "pose_inverse": [[-0.8541868925094604, 0.5199661254882812, 0.0, 1132.3531494140625], [-0.5199661254882812, -0.8541868925094604, 0.0, 1901.613525390625], [0.0, 0.0, 1.0, 0.0], [0.0, 0.0, 0.0, 1.0]], "cam_ids": [0, 1, 2, 3, 4, 5], "cam_channels": ["CAM_FRONT_LEFT", "CAM_FRONT", "CAM_FRONT_RIGHT", "CAM_BACK_LEFT", "CAM_BACK", "CAM_BACK_RIGHT"], "token": "06174e63b64d4798a4a2fbe7e58460ff", "scene": "scene-0207"}, {"images": ["samples/CAM_FRONT_LEFT/n008-2018-07-26-12-13-50-0400__CAM_FRONT_LEFT__1532621916154799.jpg", "samples/CAM_FRONT/n008-2018-07-26-12-13-50-0400__CAM_FRONT__1532621916162404.jpg", "samples/CAM_FRONT_RIGHT/n008-2018-07-26-12-13-50-0400__CAM_FRONT_RIGHT__1532621916170482.jpg", "samples/CAM_BACK_LEFT/n008-2018-07-26-12-13-50-0400__CAM_BACK_LEFT__1532621916197405.jpg", "samples/CAM_BACK/n008-2018-07-26-12-13-50-0400__CAM_BACK__1532621916187558.jpg", "samples/CAM_BACK_RIGHT/n008-2018-07-26-12-13-50-0400__CAM_BACK_RIGHT__1532621916178113.jpg"], "intrinsics": [[[1257.8625342125129, 0.0, 827.2410631095686], [0.0, 1257.8625342125129, 450.915498205774], [0.0, 0.0, 1.0]], [[1252.8131021185304, 0.0, 826.588114781398], [0.0, 1252.8131021185304, 469.9846626224581], [0.0, 0.0, 1.0]], [[1256.7485116440405, 0.0, 817.7887570959712], [0.0, 1256.7485116440403, 451.9541780095127], [0.0, 0.0, 1.0]], [[1254.9860565800168, 0.0, 829.5769333630991], [0.0, 1254.9860565800168, 467.1680561863987], [0.0, 0.0, 1.0]], [[796.8910634503094, 0.0, 857.7774326863696], [0.0, 796.8910634503094, 476.8848988407415], [0.0, 0.0, 1.0]], [[1249.9629280788233, 0.0, 825.3768045375984], [0.0, 1249.9629280788233, 462.54816385708756], [0.0, 0.0, 1.0]]], "extrinsics": [[[0.8230022192001343, -0.5679928064346313, -0.0071812039241194725, -0.72528076171875], [0.008438059128820896, 0.024865224957466125, -0.9996551871299744, 1.4910545349121094], [0.5679755806922913, 0.8226578235626221, 0.025256888940930367, -1.144287109375], [0.0, 0.0, 0.0, 1.0]], [[0.011045065708458424, -0.999728262424469, -0.02052440121769905, 0.0115966796875], [0.010451937094330788, 0.02063995786011219, -0.9997323751449585, 1.483001708984375], [0.999884307384491, 0.010827590711414814, 0.010677065700292587, -1.45654296875], [0.0, 0.0, 0.0, 1.0]], [[-0.843575119972229, -0.5365617275238037, -0.02196996472775936, 0.910888671875], [0.018514327704906464, 0.011827971786260605, -0.9997586011886597, 1.4970169067382812], [0.5366920232772827, -0.8437781929969788, -4.370376336737536e-05, -1.1597900390625], [0.0, 0.0, 0.0, 1.0]], [[0.9478797912597656, 0.3186211585998535, 0.0021152098197489977, -1.142578125], [-0.006713797338306904, 0.026609299704432487, -0.9996233582496643, 1.5620307922363281], [-0.3185574412345886, 0.9475085139274597, 0.02736157551407814, -0.1566162109375], [0.0, 0.0, 0.0, 1.0]], [[0.008941740728914738, 0.9997768402099609, 0.019139723852276802, -0.0291748046875], [-0.004680246580392122, 0.019182123243808746, -0.9998050332069397, 1.5676689147949219], [-0.999949038028717, 0.008850447833538055, 0.004850724246352911, -0.03515625], [0.0, 0.0, 0.0, 1.0]], [[-0.9239188432693481, 0.3825876712799072, -0.0007922672666609287, 1.017303466796875], [-0.0005401563248597085, -0.0033752371091395617, -0.999994158744812, 1.5477328300476074], [-0.3825879991054535, -0.9239130616188049, 0.003325102850794792, -0.100830078125], [0.0, 0.0, 0.0, 1.0]]], "view": [[0.0, -2.0, 100.0], [-2.0, 0.0, 100.0], [0.0, 0.0, 1.0]], "bev": "bev_94184d08a1c34e89904c447c814eabbb.png", "aux": "aux_94184d08a1c34e89904c447c814eabbb.npz", "visibility": "visibility_94184d08a1c34e89904c447c814eabbb.png", "pose": [[-0.8500400185585022, -0.5267180800437927, 0.0, 1952.6534423828125], [0.5267180800437927, -0.8500400185585022, 0.0, 1037.653076171875], [0.0, 0.0, 1.0, 0.0], [0.0, 0.0, 0.0, 1.0]], "pose_inverse": [[-0.8500400185585022, 0.5267180800437927, 0.0, 1113.282958984375], [-0.5267180800437927, -0.8500400185585022, 0.0, 1910.5445556640625], [0.0, 0.0, 1.0, 0.0], [0.0, 0.0, 0.0, 1.0]], "cam_ids": [0, 1, 2, 3, 4, 5], "cam_channels": ["CAM_FRONT_LEFT", "CAM_FRONT", "CAM_FRONT_RIGHT", "CAM_BACK_LEFT", "CAM_BACK", "CAM_BACK_RIGHT"], "token": "94184d08a1c34e89904c447c814eabbb", "scene": "scene-0207"}, {"images": ["samples/CAM_FRONT_LEFT/n008-2018-07-26-12-13-50-0400__CAM_FRONT_LEFT__1532621916654799.jpg", "samples/CAM_FRONT/n008-2018-07-26-12-13-50-0400__CAM_FRONT__1532621916662404.jpg", "samples/CAM_FRONT_RIGHT/n008-2018-07-26-12-13-50-0400__CAM_FRONT_RIGHT__1532621916670482.jpg", "samples/CAM_BACK_LEFT/n008-2018-07-26-12-13-50-0400__CAM_BACK_LEFT__1532621916697405.jpg", "samples/CAM_BACK/n008-2018-07-26-12-13-50-0400__CAM_BACK__1532621916687558.jpg", "samples/CAM_BACK_RIGHT/n008-2018-07-26-12-13-50-0400__CAM_BACK_RIGHT__1532621916678113.jpg"], "intrinsics": [[[1257.8625342125129, 0.0, 827.2410631095686], [0.0, 1257.8625342125129, 450.915498205774], [0.0, 0.0, 1.0]], [[1252.8131021185304, 0.0, 826.588114781398], [0.0, 1252.8131021185304, 469.9846626224581], [0.0, 0.0, 1.0]], [[1256.7485116440405, 0.0, 817.7887570959712], [0.0, 1256.7485116440403, 451.9541780095127], [0.0, 0.0, 1.0]], [[1254.9860565800168, 0.0, 829.5769333630991], [0.0, 1254.9860565800168, 467.1680561863987], [0.0, 0.0, 1.0]], [[796.8910634503094, 0.0, 857.7774326863696], [0.0, 796.8910634503094, 476.8848988407415], [0.0, 0.0, 1.0]], [[1249.9629280788233, 0.0, 825.3768045375984], [0.0, 1249.9629280788233, 462.54816385708756], [0.0, 0.0, 1.0]]], "extrinsics": [[[0.8227391242980957, -0.5683659315109253, -0.0077842422761023045, -0.721099853515625], [0.008629427291452885, 0.02618216909468174, -0.9996199607849121, 1.4912338256835938], [0.5683537125587463, 0.8223593235015869, 0.026445763185620308, -1.138671875], [0.0, 0.0, 0.0, 1.0]], [[0.010555349290370941, -0.999702513217926, -0.02198520302772522, 0.0091552734375], [0.010508809238672256, 0.022096117958426476, -0.9997006058692932, 1.4831428527832031], [0.9998891353607178, 0.010321052744984627, 0.010738913901150227, -1.4493408203125], [0.0, 0.0, 0.0, 1.0]], [[-0.843834400177002, -0.5361185669898987, -0.022810082882642746, 0.9029541015625], [0.01847544126212597, 0.013455810956656933, -0.9997387528419495, 1.4971771240234375], [0.5362854599952698, -0.8440355062484741, -0.0014494493370875716, -1.157470703125], [0.0, 0.0, 0.0, 1.0]], [[0.9478678107261658, 0.31865444779396057, 0.002473386935889721, -1.1324462890625], [-0.007123704534024, 0.028948653489351273, -0.9995554685592651, 1.56195068359375], [-0.3185844421386719, 0.9474288821220398, 0.02970949374139309, -0.16015625], [0.0, 0.0, 0.0, 1.0]], [[0.009120226837694645, 0.9997327923774719, 0.02123851887881756, -0.0279541015625], [-0.004904298577457666, 0.021283866837620735, -0.9997614026069641, 1.5676155090332031], [-0.9999463558197021, 0.009013944305479527, 0.005097102373838425, -0.0458984375], [0.0, 0.0, 0.0, 1.0]], [[-0.9237871766090393, 0.38290637731552124, -2.378857789153699e-05, 1.009613037109375], [-0.0006127182859927416, -0.0015403504949063063, -0.9999986290931702, 1.547713279724121], [-0.38290587067604065, -0.9237858653068542, 0.0016575698973610997, -0.10595703125], [0.0, 0.0, 0.0, 1.0]]], "view": [[0.0, -2.0, 100.0], [-2.0, 0.0, 100.0], [0.0, 0.0, 1.0]], "bev": "bev_1da77510f0c34243a7ebeb2e6072261f.png", "aux": "aux_1da77510f0c34243a7ebeb2e6072261f.npz", "visibility": "visibility_1da77510f0c34243a7ebeb2e6072261f.png", "pose": [[-0.8459837436676025, -0.5332087278366089, 0.0, 1949.3494873046875], [0.5332087278366089, -0.8459837436676025, 0.0, 1039.75634765625], [0.0, 0.0, 1.0, 0.0], [0.0, 0.0, 0.0, 1.0]], "pose_inverse": [[-0.8459837436676025, 0.5332087278366089, 0.0, 1094.7108154296875], [-0.5332087278366089, -0.8459837436676025, 0.0, 1919.027099609375], [0.0, 0.0, 1.0, 0.0], [0.0, 0.0, 0.0, 1.0]], "cam_ids": [0, 1, 2, 3, 4, 5], "cam_channels": ["CAM_FRONT_LEFT", "CAM_FRONT", "CAM_FRONT_RIGHT", "CAM_BACK_LEFT", "CAM_BACK", "CAM_BACK_RIGHT"], "token": "1da77510f0c34243a7ebeb2e6072261f", "scene": "scene-0207"}, {"images": ["samples/CAM_FRONT_LEFT/n008-2018-07-26-12-13-50-0400__CAM_FRONT_LEFT__1532621917154799.jpg", "samples/CAM_FRONT/n008-2018-07-26-12-13-50-0400__CAM_FRONT__1532621917162404.jpg", "samples/CAM_FRONT_RIGHT/n008-2018-07-26-12-13-50-0400__CAM_FRONT_RIGHT__1532621917170482.jpg", "samples/CAM_BACK_LEFT/n008-2018-07-26-12-13-50-0400__CAM_BACK_LEFT__1532621917197405.jpg", "samples/CAM_BACK/n008-2018-07-26-12-13-50-0400__CAM_BACK__1532621917187558.jpg", "samples/CAM_BACK_RIGHT/n008-2018-07-26-12-13-50-0400__CAM_BACK_RIGHT__1532621917178121.jpg"], "intrinsics": [[[1257.8625342125129, 0.0, 827.2410631095686], [0.0, 1257.8625342125129, 450.915498205774], [0.0, 0.0, 1.0]], [[1252.8131021185304, 0.0, 826.588114781398], [0.0, 1252.8131021185304, 469.9846626224581], [0.0, 0.0, 1.0]], [[1256.7485116440405, 0.0, 817.7887570959712], [0.0, 1256.7485116440403, 451.9541780095127], [0.0, 0.0, 1.0]], [[1254.9860565800168, 0.0, 829.5769333630991], [0.0, 1254.9860565800168, 467.1680561863987], [0.0, 0.0, 1.0]], [[796.8910634503094, 0.0, 857.7774326863696], [0.0, 796.8910634503094, 476.8848988407415], [0.0, 0.0, 1.0]], [[1249.9629280788233, 0.0, 825.3768045375984], [0.0, 1249.9629280788233, 462.54816385708756], [0.0, 0.0, 1.0]]], "extrinsics": [[[0.8221170902252197, -0.5692737698554993, -0.0071367123164236546, -0.72528076171875], [0.01143657136708498, 0.029046542942523956, -0.9995126128196716, 1.4921112060546875], [0.5692036151885986, 0.821634829044342, 0.030390197411179543, -1.14208984375], [0.0, 0.0, 0.0, 1.0]], [[0.009601926431059837, -0.9996459484100342, -0.024814186617732048, 0.0096435546875], [0.013467640615999699, 0.024942360818386078, -0.9995982050895691, 1.4839210510253906], [0.9998632073402405, 0.009263907559216022, 0.01370236836373806, -1.45361328125], [0.0, 0.0, 0.0, 1.0]], [[-0.8442344665527344, -0.5352972149848938, -0.02692743018269539, 0.9052734375], [0.021563241258263588, 0.016277257353067398, -0.9996349811553955, 1.497802734375], [0.5355401635169983, -0.8445069789886475, -0.002199078444391489, -1.158935546875], [0.0, 0.0, 0.0, 1.0]], [[0.9478833079338074, 0.318543404340744, 0.006887204945087433, -1.13623046875], [-0.0033452308271080256, 0.031564369797706604, -0.9994961023330688, 1.56201171875], [-0.31860026717185974, 0.9473825693130493, 0.03098493628203869, -0.15869140625], [0.0, 0.0, 0.0, 1.0]], [[0.009412717074155807, 0.9996674060821533, 0.024010146036744118, -0.0284423828125], [-0.0014158814447000623, 0.024024508893489838, -0.9997103214263916, 1.5679283142089844], [-0.9999547004699707, 0.009375987574458122, 0.001641546026803553, -0.041259765625], [0.0, 0.0, 0.0, 1.0]], [[-0.9235320091247559, 0.3835165798664093, -0.0019050062401220202, 1.01263427734375], [0.0025916658341884613, 0.0012737067881971598, -0.9999958276748657, 1.5482258796691895], [-0.3835124969482422, -0.9235330820083618, -0.002170255407691002, -0.104248046875], [0.0, 0.0, 0.0, 1.0]]], "view": [[0.0, -2.0, 100.0], [-2.0, 0.0, 100.0], [0.0, 0.0, 1.0]], "bev": "bev_8ebfec60f0034324a06e7daecb491b39.png", "aux": "aux_8ebfec60f0034324a06e7daecb491b39.npz", "visibility": "visibility_8ebfec60f0034324a06e7daecb491b39.png", "pose": [[-0.8452536463737488, -0.5343652963638306, 0.0, 1946.080810546875], [0.5343652963638306, -0.8452536463737488, 0.0, 1041.85888671875], [0.0, 0.0, 1.0, 0.0], [0.0, 0.0, 0.0, 1.0]], "pose_inverse": [[-0.8452536463737488, 0.5343652963638306, 0.0, 1088.1986083984375], [-0.5343652963638306, -0.8452536463737488, 0.0, 1920.5531005859375], [0.0, 0.0, 1.0, 0.0], [0.0, 0.0, 0.0, 1.0]], "cam_ids": [0, 1, 2, 3, 4, 5], "cam_channels": ["CAM_FRONT_LEFT", "CAM_FRONT", "CAM_FRONT_RIGHT", "CAM_BACK_LEFT", "CAM_BACK", "CAM_BACK_RIGHT"], "token": "8ebfec60f0034324a06e7daecb491b39", "scene": "scene-0207"}, {"images": ["samples/CAM_FRONT_LEFT/n008-2018-07-26-12-13-50-0400__CAM_FRONT_LEFT__1532621917654799.jpg", "samples/CAM_FRONT/n008-2018-07-26-12-13-50-0400__CAM_FRONT__1532621917662404.jpg", "samples/CAM_FRONT_RIGHT/n008-2018-07-26-12-13-50-0400__CAM_FRONT_RIGHT__1532621917670482.jpg", "samples/CAM_BACK_LEFT/n008-2018-07-26-12-13-50-0400__CAM_BACK_LEFT__1532621917697405.jpg", "samples/CAM_BACK/n008-2018-07-26-12-13-50-0400__CAM_BACK__1532621917687558.jpg", "samples/CAM_BACK_RIGHT/n008-2018-07-26-12-13-50-0400__CAM_BACK_RIGHT__1532621917678113.jpg"], "intrinsics": [[[1257.8625342125129, 0.0, 827.2410631095686], [0.0, 1257.8625342125129, 450.915498205774], [0.0, 0.0, 1.0]], [[1252.8131021185304, 0.0, 826.588114781398], [0.0, 1252.8131021185304, 469.9846626224581], [0.0, 0.0, 1.0]], [[1256.7485116440405, 0.0, 817.7887570959712], [0.0, 1256.7485116440403, 451.9541780095127], [0.0, 0.0, 1.0]], [[1254.9860565800168, 0.0, 829.5769333630991], [0.0, 1254.9860565800168, 467.1680561863987], [0.0, 0.0, 1.0]], [[796.8910634503094, 0.0, 857.7774326863696], [0.0, 796.8910634503094, 476.8848988407415], [0.0, 0.0, 1.0]], [[1249.9629280788233, 0.0, 825.3768045375984], [0.0, 1249.9629280788233, 462.54816385708756], [0.0, 0.0, 1.0]]], "extrinsics": [[[0.822296679019928, -0.5690590739250183, -0.00020466056594159454, -0.7270355224609375], [0.018095124512910843, 0.026507116854190826, -0.9994848370552063, 1.4942626953125], [0.5687713623046875, 0.8218693137168884, 0.03209390863776207, -1.1455078125], [0.0, 0.0, 0.0, 1.0]], [[0.010086179710924625, -0.9997056722640991, -0.0220659002661705, 0.01123046875], [0.02010049857199192, 0.02226526103913784, -0.9995499849319458, 1.4856643676757812], [0.999747097492218, 0.009638023562729359, 0.020319150760769844, -1.457763671875], [0.0, 0.0, 0.0, 1.0]], [[-0.8438480496406555, -0.5356857180595398, -0.0310056172311306, 0.9100341796875], [0.028188936412334442, 0.013446901924908161, -0.9995121955871582, 1.4991111755371094], [0.5358413457870483, -0.8443104028701782, 0.0037532688584178686, -1.16015625], [0.0, 0.0, 0.0, 1.0]], [[0.9478257298469543, 0.3185601234436035, 0.012081318534910679, -1.1334228515625], [0.003206862835213542, 0.028367798775434494, -0.9995924234390259, 1.5620765686035156], [-0.3187730014324188, 0.9474781155586243, 0.025866148993372917, -0.159912109375], [0.0, 0.0, 0.0, 1.0]], [[0.009135887026786804, 0.9997390508651733, 0.020939815789461136, -0.029052734375], [0.005256091710180044, 0.020892390981316566, -0.9997678995132446, 1.5684928894042969], [-0.9999445676803589, 0.00924380961805582, -0.005063848569989204, -0.041259765625], [0.0, 0.0, 0.0, 1.0]], [[-0.9235936999320984, 0.3832625150680542, -0.009193021804094315, 1.01446533203125], [0.009243849664926529, -0.001709155272692442, -0.9999558329582214, 1.5492687225341797], [-0.3832612633705139, -0.923637866973877, -0.0019642552360892296, -0.102294921875], [0.0, 0.0, 0.0, 1.0]]], "view": [[0.0, -2.0, 100.0], [-2.0, 0.0, 100.0], [0.0, 0.0, 1.0]], "bev": "bev_7e6b9f7d037f4980a73c016c4290e327.png", "aux": "aux_7e6b9f7d037f4980a73c016c4290e327.npz", "visibility": "visibility_7e6b9f7d037f4980a73c016c4290e327.png", "pose": [[-0.8496204614639282, -0.5273946523666382, 0.0, 1942.7939453125], [0.5273946523666382, -0.8496204614639282, 0.0, 1043.9549560546875], [0.0, 0.0, 1.0, 0.0], [0.0, 0.0, 0.0, 1.0]], "pose_inverse": [[-0.8496204614639282, 0.5273946523666382, 0.0, 1100.0611572265625], [-0.5273946523666382, -0.8496204614639282, 0.0, 1911.5845947265625], [0.0, 0.0, 1.0, 0.0], [0.0, 0.0, 0.0, 1.0]], "cam_ids": [0, 1, 2, 3, 4, 5], "cam_channels": ["CAM_FRONT_LEFT", "CAM_FRONT", "CAM_FRONT_RIGHT", "CAM_BACK_LEFT", "CAM_BACK", "CAM_BACK_RIGHT"], "token": "7e6b9f7d037f4980a73c016c4290e327", "scene": "scene-0207"}, {"images": ["samples/CAM_FRONT_LEFT/n008-2018-07-26-12-13-50-0400__CAM_FRONT_LEFT__1532621918154799.jpg", "samples/CAM_FRONT/n008-2018-07-26-12-13-50-0400__CAM_FRONT__1532621918162404.jpg", "samples/CAM_FRONT_RIGHT/n008-2018-07-26-12-13-50-0400__CAM_FRONT_RIGHT__1532621918170482.jpg", "samples/CAM_BACK_LEFT/n008-2018-07-26-12-13-50-0400__CAM_BACK_LEFT__1532621918197405.jpg", "samples/CAM_BACK/n008-2018-07-26-12-13-50-0400__CAM_BACK__1532621918187558.jpg", "samples/CAM_BACK_RIGHT/n008-2018-07-26-12-13-50-0400__CAM_BACK_RIGHT__1532621918178113.jpg"], "intrinsics": [[[1257.8625342125129, 0.0, 827.2410631095686], [0.0, 1257.8625342125129, 450.915498205774], [0.0, 0.0, 1.0]], [[1252.8131021185304, 0.0, 826.588114781398], [0.0, 1252.8131021185304, 469.9846626224581], [0.0, 0.0, 1.0]], [[1256.7485116440405, 0.0, 817.7887570959712], [0.0, 1256.7485116440403, 451.9541780095127], [0.0, 0.0, 1.0]], [[1254.9860565800168, 0.0, 829.5769333630991], [0.0, 1254.9860565800168, 467.1680561863987], [0.0, 0.0, 1.0]], [[796.8910634503094, 0.0, 857.7774326863696], [0.0, 796.8910634503094, 476.8848988407415], [0.0, 0.0, 1.0]], [[1249.9629280788233, 0.0, 825.3768045375984], [0.0, 1249.9629280788233, 462.54816385708756], [0.0, 0.0, 1.0]]], "extrinsics": [[[0.8217249512672424, -0.5698528289794922, -0.005995836108922958, -0.7328338623046875], [0.014548943378031254, 0.03149489685893059, -0.9993979930877686, 1.4929656982421875], [0.5696985721588135, 0.8211430311203003, 0.03417089954018593, -1.148681640625], [0.0, 0.0, 0.0, 1.0]], [[0.009150722995400429, -0.9995842576026917, -0.02733844891190529, 0.0106201171875], [0.01637290045619011, 0.02748570218682289, -0.999488115310669, 1.4845504760742188], [0.999824047088623, 0.008698503486812115, 0.016617611050605774, -1.4622802734375], [0.0, 0.0, 0.0, 1.0]], [[-0.8443359732627869, -0.5349385738372803, -0.030619503930211067, 0.912109375], [0.024281173944473267, 0.01888730190694332, -0.9995266795158386, 1.4981956481933594], [0.53526371717453, -0.8446799516677856, -0.002958294004201889, -1.16162109375], [0.0, 0.0, 0.0, 1.0]], [[0.9479050040245056, 0.3184080719947815, 0.009617820382118225, -1.1322021484375], [-0.0014390203868970275, 0.03447195515036583, -0.9994046092033386, 1.5620155334472656], [-0.3185500502586365, 0.9473267197608948, 0.033134330064058304, -0.1602783203125], [0.0, 0.0, 0.0, 1.0]], [[0.009519233368337154, 0.9995958805084229, 0.02678641863167286, -0.0289306640625], [0.0008778010960668325, 0.02677926793694496, -0.999640941619873, 1.5681114196777344], [-0.999954342842102, 0.009539343416690826, -0.0006225279648788273, -0.0423583984375], [0.0, 0.0, 0.0, 1.0]], [[-0.9234257936477661, 0.3837631344795227, -0.0032502608373761177, 1.015594482421875], [0.005155096296221018, 0.00393512612208724, -0.9999789595603943, 1.5486087799072266], [-0.3837422728538513, -0.9234231114387512, -0.005612132139503956, -0.1025390625], [0.0, 0.0, 0.0, 1.0]]], "view": [[0.0, -2.0, 100.0], [-2.0, 0.0, 100.0], [0.0, 0.0, 1.0]], "bev": "bev_e5bbc81a26774832ad72a79575add7d8.png", "aux": "aux_e5bbc81a26774832ad72a79575add7d8.npz", "visibility": "visibility_e5bbc81a26774832ad72a79575add7d8.png", "pose": [[-0.8552837371826172, -0.5181599259376526, 0.0, 1939.57666015625], [0.5181599259376526, -0.8552837371826172, 0.0, 1045.97021484375], [0.0, 0.0, 1.0, 0.0], [0.0, 0.0, 0.0, 1.0]], "pose_inverse": [[-0.8552837371826172, 0.5181599259376526, 0.0, 1116.908447265625], [-0.5181599259376526, -0.8552837371826172, 0.0, 1899.6123046875], [0.0, 0.0, 1.0, 0.0], [0.0, 0.0, 0.0, 1.0]], "cam_ids": [0, 1, 2, 3, 4, 5], "cam_channels": ["CAM_FRONT_LEFT", "CAM_FRONT", "CAM_FRONT_RIGHT", "CAM_BACK_LEFT", "CAM_BACK", "CAM_BACK_RIGHT"], "token": "e5bbc81a26774832ad72a79575add7d8", "scene": "scene-0207"}, {"images": ["samples/CAM_FRONT_LEFT/n008-2018-07-26-12-13-50-0400__CAM_FRONT_LEFT__1532621918654799.jpg", "samples/CAM_FRONT/n008-2018-07-26-12-13-50-0400__CAM_FRONT__1532621918662404.jpg", "samples/CAM_FRONT_RIGHT/n008-2018-07-26-12-13-50-0400__CAM_FRONT_RIGHT__1532621918670482.jpg", "samples/CAM_BACK_LEFT/n008-2018-07-26-12-13-50-0400__CAM_BACK_LEFT__1532621918697451.jpg", "samples/CAM_BACK/n008-2018-07-26-12-13-50-0400__CAM_BACK__1532621918687558.jpg", "samples/CAM_BACK_RIGHT/n008-2018-07-26-12-13-50-0400__CAM_BACK_RIGHT__1532621918678113.jpg"], "intrinsics": [[[1257.8625342125129, 0.0, 827.2410631095686], [0.0, 1257.8625342125129, 450.915498205774], [0.0, 0.0, 1.0]], [[1252.8131021185304, 0.0, 826.588114781398], [0.0, 1252.8131021185304, 469.9846626224581], [0.0, 0.0, 1.0]], [[1256.7485116440405, 0.0, 817.7887570959712], [0.0, 1256.7485116440403, 451.9541780095127], [0.0, 0.0, 1.0]], [[1254.9860565800168, 0.0, 829.5769333630991], [0.0, 1254.9860565800168, 467.1680561863987], [0.0, 0.0, 1.0]], [[796.8910634503094, 0.0, 857.7774326863696], [0.0, 796.8910634503094, 476.8848988407415], [0.0, 0.0, 1.0]], [[1249.9629280788233, 0.0, 825.3768045375984], [0.0, 1249.9629280788233, 462.54816385708756], [0.0, 0.0, 1.0]]], "extrinsics": [[[0.8223708271980286, -0.5688619613647461, -0.010115629993379116, -0.7258148193359375], [0.012843875214457512, 0.03633665293455124, -0.9992570281028748, 1.4923553466796875], [0.5688070058822632, 0.8216298818588257, 0.03718859329819679, -1.148193359375], [0.0, 0.0, 0.0, 1.0]], [[0.010129004716873169, -0.9994325041770935, -0.03212646022439003, 0.0140380859375], [0.014888926409184933, 0.03227528929710388, -0.9993681311607361, 1.4841079711914062], [0.9998378157615662, 0.009644308127462864, 0.015207395888864994, -1.45703125], [0.0, 0.0, 0.0, 1.0]], [[-0.8439127802848816, -0.5355185866355896, -0.032111071050167084, 0.909912109375], [0.02300982177257538, 0.023669186979532242, -0.9994549751281738, 1.497955322265625], [0.5359867811203003, -0.8441917300224304, -0.007652544882148504, -1.15704345703125], [0.0, 0.0, 0.0, 1.0]], [[0.9479112029075623, 0.3183625340461731, 0.010473844595253468, -1.1318359375], [-0.0021160205360502005, 0.039174143224954605, -0.999230146408081, 1.5620040893554688], [-0.31852781772613525, 0.9471592903137207, 0.037807270884513855, -0.16064453125], [0.0, 0.0, 0.0, 1.0]], [[0.009241658262908459, 0.9994590282440186, 0.031564075499773026, -0.0301513671875], [-9.599090844858438e-05, 0.0315663106739521, -0.9995015859603882, 1.5679893493652344], [-0.9999573230743408, 0.00923391804099083, 0.00038766220677644014, -0.0435791015625], [0.0, 0.0, 0.0, 1.0]], [[-0.9236636757850647, 0.38320404291152954, -0.00038498855428770185, 1.01220703125], [0.0040347520262002945, 0.008720635436475277, -0.9999538660049438, 1.5484199523925781], [-0.3831828832626343, -0.9236225485801697, -0.009601064957678318, -0.101318359375], [0.0, 0.0, 0.0, 1.0]]], "view": [[0.0, -2.0, 100.0], [-2.0, 0.0, 100.0], [0.0, 0.0, 1.0]], "bev": "bev_0d758b6da95b4265a5c72887c08e38ee.png", "aux": "aux_0d758b6da95b4265a5c72887c08e38ee.npz", "visibility": "visibility_0d758b6da95b4265a5c72887c08e38ee.png", "pose": [[-0.8610306978225708, -0.5085530281066895, 0.0, 1936.3829345703125], [0.5085530281066895, -0.8610306978225708, 0.0, 1047.933837890625], [0.0, 0.0, 1.0, 0.0], [0.0, 0.0, 0.0, 1.0]], "pose_inverse": [[-0.8610306978225708, 0.5085530281066895, 0.0, 1134.355224609375], [-0.5085530281066895, -0.8610306978225708, 0.0, 1887.0565185546875], [0.0, 0.0, 1.0, 0.0], [0.0, 0.0, 0.0, 1.0]], "cam_ids": [0, 1, 2, 3, 4, 5], "cam_channels": ["CAM_FRONT_LEFT", "CAM_FRONT", "CAM_FRONT_RIGHT", "CAM_BACK_LEFT", "CAM_BACK", "CAM_BACK_RIGHT"], "token": "0d758b6da95b4265a5c72887c08e38ee", "scene": "scene-0207"}, {"images": ["samples/CAM_FRONT_LEFT/n008-2018-07-26-12-13-50-0400__CAM_FRONT_LEFT__1532621919154799.jpg", "samples/CAM_FRONT/n008-2018-07-26-12-13-50-0400__CAM_FRONT__1532621919162404.jpg", "samples/CAM_FRONT_RIGHT/n008-2018-07-26-12-13-50-0400__CAM_FRONT_RIGHT__1532621919170482.jpg", "samples/CAM_BACK_LEFT/n008-2018-07-26-12-13-50-0400__CAM_BACK_LEFT__1532621919197405.jpg", "samples/CAM_BACK/n008-2018-07-26-12-13-50-0400__CAM_BACK__1532621919187558.jpg", "samples/CAM_BACK_RIGHT/n008-2018-07-26-12-13-50-0400__CAM_BACK_RIGHT__1532621919178113.jpg"], "intrinsics": [[[1257.8625342125129, 0.0, 827.2410631095686], [0.0, 1257.8625342125129, 450.915498205774], [0.0, 0.0, 1.0]], [[1252.8131021185304, 0.0, 826.588114781398], [0.0, 1252.8131021185304, 469.9846626224581], [0.0, 0.0, 1.0]], [[1256.7485116440405, 0.0, 817.7887570959712], [0.0, 1256.7485116440403, 451.9541780095127], [0.0, 0.0, 1.0]], [[1254.9860565800168, 0.0, 829.5769333630991], [0.0, 1254.9860565800168, 467.1680561863987], [0.0, 0.0, 1.0]], [[796.8910634503094, 0.0, 857.7774326863696], [0.0, 796.8910634503094, 476.8848988407415], [0.0, 0.0, 1.0]], [[1249.9629280788233, 0.0, 825.3768045375984], [0.0, 1249.9629280788233, 462.54816385708756], [0.0, 0.0, 1.0]]], "extrinsics": [[[0.8222872614860535, -0.5689274668693542, -0.012857358902692795, -0.7411117553710938], [0.011541958898305893, 0.03926228731870651, -0.9991622567176819, 1.4918060302734375], [0.568955659866333, 0.8214499354362488, 0.03885141387581825, -1.15576171875], [0.0, 0.0, 0.0, 1.0]], [[0.0100087346509099, -0.99934321641922, -0.034827131778001785, 0.01171875], [0.013502988032996655, 0.03496077284216881, -0.9992974400520325, 1.4835739135742188], [0.9998587369918823, 0.00953140202909708, 0.01384403370320797, -1.4725341796875], [0.0, 0.0, 0.0, 1.0]], [[-0.8439810276031494, -0.5354114770889282, -0.032104089856147766, 0.9210205078125], [0.021510368213057518, 0.026020070537924767, -0.9994299411773682, 1.4973678588867188], [0.5359417200088501, -0.8441904783248901, -0.010443546809256077, -1.165771484375], [0.0, 0.0, 0.0, 1.0]], [[0.9479045867919922, 0.31842175126075745, 0.00919374916702509, -1.1363525390625], [-0.0037254777271300554, 0.039939943701028824, -0.9991951584815979, 1.5619964599609375], [-0.31853264570236206, 0.9471073746681213, 0.03904552757740021, -0.1588134765625], [0.0, 0.0, 0.0, 1.0]], [[0.009266912005841732, 0.9994140267372131, 0.032950788736343384, -0.0294189453125], [-0.001780182821676135, 0.032968636602163315, -0.9994547963142395, 1.5678787231445312], [-0.9999554753303528, 0.009203177876770496, 0.002084656385704875, -0.034912109375], [0.0, 0.0, 0.0, 1.0]], [[-0.92365962266922, 0.3832094669342041, 0.0018681021174415946, 1.0230712890625], [0.0024136558640748262, 0.010692287236452103, -0.9999399185180664, 1.5481414794921875], [-0.3832063376903534, -0.9235996007919312, -0.010800967924296856, -0.09814453125], [0.0, 0.0, 0.0, 1.0]]], "view": [[0.0, -2.0, 100.0], [-2.0, 0.0, 100.0], [0.0, 0.0, 1.0]], "bev": "bev_d440bcbe397c464aad71cbd847247628.png", "aux": "aux_d440bcbe397c464aad71cbd847247628.npz", "visibility": "visibility_d440bcbe397c464aad71cbd847247628.png", "pose": [[-0.865301251411438, -0.5012521743774414, 0.0, 1933.24658203125], [0.5012521743774414, -0.865301251411438, 0.0, 1049.8421630859375], [0.0, 0.0, 1.0, 0.0], [0.0, 0.0, 0.0, 1.0]], "pose_inverse": [[-0.865301251411438, 0.5012521743774414, 0.0, 1146.60498046875], [-0.5012521743774414, -0.865301251411438, 0.0, 1877.473876953125], [0.0, 0.0, 1.0, 0.0], [0.0, 0.0, 0.0, 1.0]], "cam_ids": [0, 1, 2, 3, 4, 5], "cam_channels": ["CAM_FRONT_LEFT", "CAM_FRONT", "CAM_FRONT_RIGHT", "CAM_BACK_LEFT", "CAM_BACK", "CAM_BACK_RIGHT"], "token": "d440bcbe397c464aad71cbd847247628", "scene": "scene-0207"}, {"images": ["samples/CAM_FRONT_LEFT/n008-2018-07-26-12-13-50-0400__CAM_FRONT_LEFT__1532621919654799.jpg", "samples/CAM_FRONT/n008-2018-07-26-12-13-50-0400__CAM_FRONT__1532621919662404.jpg", "samples/CAM_FRONT_RIGHT/n008-2018-07-26-12-13-50-0400__CAM_FRONT_RIGHT__1532621919670482.jpg", "samples/CAM_BACK_LEFT/n008-2018-07-26-12-13-50-0400__CAM_BACK_LEFT__1532621919697405.jpg", "samples/CAM_BACK/n008-2018-07-26-12-13-50-0400__CAM_BACK__1532621919687558.jpg", "samples/CAM_BACK_RIGHT/n008-2018-07-26-12-13-50-0400__CAM_BACK_RIGHT__1532621919678113.jpg"], "intrinsics": [[[1257.8625342125129, 0.0, 827.2410631095686], [0.0, 1257.8625342125129, 450.915498205774], [0.0, 0.0, 1.0]], [[1252.8131021185304, 0.0, 826.588114781398], [0.0, 1252.8131021185304, 469.9846626224581], [0.0, 0.0, 1.0]], [[1256.7485116440405, 0.0, 817.7887570959712], [0.0, 1256.7485116440403, 451.9541780095127], [0.0, 0.0, 1.0]], [[1254.9860565800168, 0.0, 829.5769333630991], [0.0, 1254.9860565800168, 467.1680561863987], [0.0, 0.0, 1.0]], [[796.8910634503094, 0.0, 857.7774326863696], [0.0, 796.8910634503094, 476.8848988407415], [0.0, 0.0, 1.0]], [[1249.9629280788233, 0.0, 825.3768045375984], [0.0, 1249.9629280788233, 462.54816385708756], [0.0, 0.0, 1.0]]], "extrinsics": [[[0.8226782083511353, -0.5684278607368469, -0.00950887892395258, -0.7539596557617188], [0.010463950224220753, 0.03186330571770668, -0.9994374513626099, 1.4913406372070312], [0.5684111714363098, 0.8221158981323242, 0.03216124698519707, -1.164306640625], [0.0, 0.0, 0.0, 1.0]], [[0.010361841879785061, -0.9995664954185486, -0.027559451758861542, 0.0108642578125], [0.012312737293541431, 0.027686381712555885, -0.9995408654212952, 1.4831771850585938], [0.9998705387115479, 0.010017724707722664, 0.012594280764460564, -1.483642578125], [0.0, 0.0, 0.0, 1.0]], [[-0.8439630270004272, -0.5357089638710022, -0.02724454365670681, 0.9263916015625], [0.020245738327503204, 0.018942026421427727, -0.9996155500411987, 1.4969978332519531], [0.5360191464424133, -0.8441901803016663, -0.005140547174960375, -1.171142578125], [0.0, 0.0, 0.0, 1.0]], [[0.9478841423988342, 0.3185615837574005, 0.005835117772221565, -1.140869140625], [-0.005294788628816605, 0.03406090289354324, -0.9994057416915894, 1.5620193481445312], [-0.3185710310935974, 0.9472899436950684, 0.03397250920534134, -0.1572265625], [0.0, 0.0, 0.0, 1.0]], [[0.009230410680174828, 0.9996060729026794, 0.0265060942620039, -0.02880859375], [-0.0031324676238000393, 0.0265359990298748, -0.9996429085731506, 1.5678138732910156], [-0.9999524354934692, 0.009144024923443794, 0.00337617052718997, -0.0