[{"images": ["samples/CAM_FRONT_LEFT/n008-2018-09-18-14-54-39-0400__CAM_FRONT_LEFT__1537297192854799.jpg", "samples/CAM_FRONT/n008-2018-09-18-14-54-39-0400__CAM_FRONT__1537297192862404.jpg", "samples/CAM_FRONT_RIGHT/n008-2018-09-18-14-54-39-0400__CAM_FRONT_RIGHT__1537297192870482.jpg", "samples/CAM_BACK_LEFT/n008-2018-09-18-14-54-39-0400__CAM_BACK_LEFT__1537297192897405.jpg", "samples/CAM_BACK/n008-2018-09-18-14-54-39-0400__CAM_BACK__1537297192887558.jpg", "samples/CAM_BACK_RIGHT/n008-2018-09-18-14-54-39-0400__CAM_BACK_RIGHT__1537297192878113.jpg"], "intrinsics": [[[1257.8625342125129, 0.0, 827.2410631095686], [0.0, 1257.8625342125129, 450.915498205774], [0.0, 0.0, 1.0]], [[1252.8131021185304, 0.0, 826.588114781398], [0.0, 1252.8131021185304, 469.9846626224581], [0.0, 0.0, 1.0]], [[1256.7485116440405, 0.0, 817.7887570959712], [0.0, 1256.7485116440403, 451.9541780095127], [0.0, 0.0, 1.0]], [[1254.9860565800168, 0.0, 829.5769333630991], [0.0, 1254.9860565800168, 467.1680561863987], [0.0, 0.0, 1.0]], [[796.8910634503094, 0.0, 857.7774326863696], [0.0, 796.8910634503094, 476.8848988407415], [0.0, 0.0, 1.0]], [[1249.9629280788233, 0.0, 825.3768045375984], [0.0, 1249.9629280788233, 462.54816385708756], [0.0, 0.0, 1.0]]], "extrinsics": [[[0.8225584626197815, -0.5684102177619934, -0.017535151913762093, -0.8642578125], [-0.004816258791834116, 0.02387060970067978, -0.9997034072875977, 1.4874153137207031], [0.568660318851471, 0.8223989605903625, 0.016897359862923622, -1.2393798828125], [0.0, 0.0, 0.0, 1.0]], [[0.010343702509999275, -0.9997532367706299, -0.019658325240015984, 0.0091552734375], [-0.00289075612090528, 0.019629398360848427, -0.9998031258583069, 1.479715347290039], [0.9999423623085022, 0.010398495942354202, -0.0026870022993534803, -1.594482421875], [0.0, 0.0, 0.0, 1.0]], [[-0.8439685106277466, -0.5362980961799622, -0.01007751002907753, 0.999267578125], [0.005067816469818354, 0.010814347304403782, -0.9999286532402039, 1.4936084747314453], [0.5363687872886658, -0.8439593315124512, -0.006409109104424715, -1.21728515625], [0.0, 0.0, 0.0, 1.0]], [[0.9477837681770325, 0.31871938705444336, -0.01113619189709425, -1.1402587890625], [-0.020344428718090057, 0.025576967746019363, -0.9994657635688782, 1.5619640350341797], [-0.31826430559158325, 0.9475039839744568, 0.030725596472620964, -0.1575927734375], [0.0, 0.0, 0.0, 1.0]], [[0.009198562242090702, 0.9997953772544861, 0.01801889017224312, -0.0291748046875], [-0.01814804971218109, 0.018183600157499313, -0.9996699094772339, 1.5672683715820312], [-0.9997929930686951, 0.008868515491485596, 0.018311599269509315, 0.00146484375], [0.0, 0.0, 0.0, 1.0]], [[-0.923800528049469, 0.38270777463912964, 0.011292626149952412, 1.0860824584960938], [-0.014033885672688484, -0.00437175715342164, -0.9998919367790222, 1.5466938018798828], [-0.38261696696281433, -0.923859179019928, 0.009409507736563683, -0.0731201171875], [0.0, 0.0, 0.0, 1.0]]], "view": [[0.0, -2.0, 100.0], [-2.0, 0.0, 100.0], [0.0, 0.0, 1.0]], "bev": "bev_72d313107a894cff8bbfa985f4a8b780.png", "aux": "aux_72d313107a894cff8bbfa985f4a8b780.npz", "visibility": "visibility_72d313107a894cff8bbfa985f4a8b780.png", "pose": [[0.8792055249214172, 0.47644275426864624, 0.0, 1409.6650390625], [-0.47644275426864624, 0.8792055249214172, 0.0, 1260.225830078125], [0.0, 0.0, 1.0, 0.0], [0.0, 0.0, 0.0, 1.0]], "pose_inverse": [[0.8792055249214172, -0.47644275426864624, 0.0, -638.9597778320312], [0.47644275426864624, 0.8792055249214172, 0.0, -1779.6221923828125], [0.0, 0.0, 1.0, 0.0], [0.0, 0.0, 0.0, 1.0]], "cam_ids": [0, 1, 2, 3, 4, 5], "cam_channels": ["CAM_FRONT_LEFT", "CAM_FRONT", "CAM_FRONT_RIGHT", "CAM_BACK_LEFT", "CAM_BACK", "CAM_BACK_RIGHT"], "token": "72d313107a894cff8bbfa985f4a8b780", "scene": "scene-0878"}, {"images": ["samples/CAM_FRONT_LEFT/n008-2018-09-18-14-54-39-0400__CAM_FRONT_LEFT__1537297193354799.jpg", "samples/CAM_FRONT/n008-2018-09-18-14-54-39-0400__CAM_FRONT__1537297193362404.jpg", "samples/CAM_FRONT_RIGHT/n008-2018-09-18-14-54-39-0400__CAM_FRONT_RIGHT__1537297193370482.jpg", "samples/CAM_BACK_LEFT/n008-2018-09-18-14-54-39-0400__CAM_BACK_LEFT__1537297193397405.jpg", "samples/CAM_BACK/n008-2018-09-18-14-54-39-0400__CAM_BACK__1537297193387558.jpg", "samples/CAM_BACK_RIGHT/n008-2018-09-18-14-54-39-0400__CAM_BACK_RIGHT__1537297193378113.jpg"], "intrinsics": [[[1257.8625342125129, 0.0, 827.2410631095686], [0.0, 1257.8625342125129, 450.915498205774], [0.0, 0.0, 1.0]], [[1252.8131021185304, 0.0, 826.588114781398], [0.0, 1252.8131021185304, 469.9846626224581], [0.0, 0.0, 1.0]], [[1256.7485116440405, 0.0, 817.7887570959712], [0.0, 1256.7485116440403, 451.9541780095127], [0.0, 0.0, 1.0]], [[1254.9860565800168, 0.0, 829.5769333630991], [0.0, 1254.9860565800168, 467.1680561863987], [0.0, 0.0, 1.0]], [[796.8910634503094, 0.0, 857.7774326863696], [0.0, 796.8910634503094, 476.8848988407415], [0.0, 0.0, 1.0]], [[1249.9629280788233, 0.0, 825.3768045375984], [0.0, 1249.9629280788233, 462.54816385708756], [0.0, 0.0, 1.0]]], "extrinsics": [[[0.8225716352462769, -0.5683498382568359, -0.018823402002453804, -0.881622314453125], [-0.007623753510415554, 0.02207651548087597, -0.999727189540863, 1.4871368408203125], [0.568610429763794, 0.8224908113479614, 0.013826554641127586, -1.24951171875], [0.0, 0.0, 0.0, 1.0]], [[0.010376989841461182, -0.9997846484184265, -0.017972135916352272, 0.0074462890625], [-0.0057667894288897514, 0.01791296899318695, -0.9998229146003723, 1.4794368743896484], [0.9999295473098755, 0.010478843934834003, -0.005579664837568998, -1.61077880859375], [0.0, 0.0, 0.0, 1.0]], [[-0.8439626693725586, -0.5363588333129883, -0.006789034232497215, 1.00927734375], [0.002228904515504837, 0.009149884805083275, -0.9999555945396423, 1.4932842254638672], [0.5363972187042236, -0.8439404368400574, -0.00652666948735714, -1.2249755859375], [0.0, 0.0, 0.0, 1.0]], [[0.9477304816246033, 0.31874439120292664, -0.014457682147622108, -1.1375732421875], [-0.023342635482549667, 0.02407250367105007, -0.999437689781189, 1.5618858337402344], [-0.3182171583175659, 0.94753497838974, 0.030254580080509186, -0.1583251953125], [0.0, 0.0, 0.0, 1.0]], [[0.0092143090441823, 0.9998221397399902, 0.016458168625831604, -0.02880859375], [-0.021175364032387733, 0.016650274395942688, -0.9996370673179626, 1.5672178268432617], [-0.9997332692146301, 0.008862493559718132, 0.021325018256902695, 0.00494384765625], [0.0, 0.0, 0.0, 1.0]], [[-0.9237757921218872, 0.38270431756973267, 0.013252264820039272, 1.09466552734375], [-0.01682741567492485, -0.005995777435600758, -0.9998404383659363, 1.5466156005859375], [-0.3825637102127075, -0.9238514304161072, 0.011978678405284882, -0.0704345703125], [0.0, 0.0, 0.0, 1.0]]], "view": [[0.0, -2.0, 100.0], [-2.0, 0.0, 100.0], [0.0, 0.0, 1.0]], "bev": "bev_158e824f95254d72aec3dd2901453024.png", "aux": "aux_158e824f95254d72aec3dd2901453024.npz", "visibility": "visibility_158e824f95254d72aec3dd2901453024.png", "pose": [[0.8789022564888, 0.4770019054412842, 0.0, 1411.24365234375], [-0.4770019054412842, 0.8789022564888, 0.0, 1259.3502197265625], [0.0, 0.0, 1.0, 0.0], [0.0, 0.0, 0.0, 1.0]], "pose_inverse": [[0.8789022564888, -0.4770019054412842, 0.0, -639.6328125], [0.4770019054412842, 0.8789022564888, 0.0, -1780.0115966796875], [0.0, 0.0, 1.0, 0.0], [0.0, 0.0, 0.0, 1.0]], "cam_ids": [0, 1, 2, 3, 4, 5], "cam_channels": ["CAM_FRONT_LEFT", "CAM_FRONT", "CAM_FRONT_RIGHT", "CAM_BACK_LEFT", "CAM_BACK", "CAM_BACK_RIGHT"], "token": "158e824f95254d72aec3dd2901453024", "scene": "scene-0878"}, {"images": ["samples/CAM_FRONT_LEFT/n008-2018-09-18-14-54-39-0400__CAM_FRONT_LEFT__1537297193854799.jpg", "samples/CAM_FRONT/n008-2018-09-18-14-54-39-0400__CAM_FRONT__1537297193862404.jpg", "samples/CAM_FRONT_RIGHT/n008-2018-09-18-14-54-39-0400__CAM_FRONT_RIGHT__1537297193870482.jpg", "samples/CAM_BACK_LEFT/n008-2018-09-18-14-54-39-0400__CAM_BACK_LEFT__1537297193897405.jpg", "samples/CAM_BACK/n008-2018-09-18-14-54-39-0400__CAM_BACK__1537297193887558.jpg", "samples/CAM_BACK_RIGHT/n008-2018-09-18-14-54-39-0400__CAM_BACK_RIGHT__1537297193878113.jpg"], "intrinsics": [[[1257.8625342125129, 0.0, 827.2410631095686], [0.0, 1257.8625342125129, 450.915498205774], [0.0, 0.0, 1.0]], [[1252.8131021185304, 0.0, 826.588114781398], [0.0, 1252.8131021185304, 469.9846626224581], [0.0, 0.0, 1.0]], [[1256.7485116440405, 0.0, 817.7887570959712], [0.0, 1256.7485116440403, 451.9541780095127], [0.0, 0.0, 1.0]], [[1254.9860565800168, 0.0, 829.5769333630991], [0.0, 1254.9860565800168, 467.1680561863987], [0.0, 0.0, 1.0]], [[796.8910634503094, 0.0, 857.7774326863696], [0.0, 796.8910634503094, 476.8848988407415], [0.0, 0.0, 1.0]], [[1249.9629280788233, 0.0, 825.3768045375984], [0.0, 1249.9629280788233, 462.54816385708756], [0.0, 0.0, 1.0]]], "extrinsics": [[[0.8226689100265503, -0.5682076215744019, -0.01886749267578125, -0.9014892578125], [-0.009561705403029919, 0.019353799521923065, -0.9997669458389282, 1.4870681762695312], [0.568440318107605, 0.8226576447486877, 0.01048873458057642, -1.2640380859375], [0.0, 0.0, 0.0, 1.0]], [[0.01051697600632906, -0.9998285174369812, -0.015237811952829361, 0.0079345703125], [-0.007615705020725727, 0.015158123336732388, -0.9998561143875122, 1.4793643951416016], [0.9999156594276428, 0.010631589218974113, -0.007454980164766312, -1.63226318359375], [0.0, 0.0, 0.0, 1.0]], [[-0.8439149260520935, -0.536463737487793, -0.0037673325277864933, 1.02490234375], [0.0004159834061283618, 0.006368000525981188, -0.9999796152114868, 1.493093490600586], [0.5364768505096436, -0.8438993692398071, -0.005150892306119204, -1.234375], [0.0, 0.0, 0.0, 1.0]], [[0.947693943977356, 0.3187289237976074, -0.016969475895166397, -1.1392822265625], [-0.025002246722579002, 0.021127978339791298, -0.9994640946388245, 1.5619125366210938], [-0.31819960474967957, 0.9476103782653809, 0.027991797775030136, -0.1578369140625], [0.0, 0.0, 0.0, 1.0]], [[0.009195523336529732, 0.9998656511306763, 0.01356721855700016, -0.029296875], [-0.022834312170743942, 0.013774216175079346, -0.9996443390846252, 1.567336082458496], [-0.9996969699859619, 0.008882400579750538, 0.022957907989621162, 0.012939453125], [0.0, 0.0, 0.0, 1.0]], [[-0.9237729907035828, 0.3826911449432373, 0.013815643265843391, 1.1079330444335938], [-0.018603336066007614, -0.008812707848846912, -0.9997881054878235, 1.5467681884765625], [-0.3824882209300995, -0.9238342046737671, 0.015260275453329086, -0.0643310546875], [0.0, 0.0, 0.0, 1.0]]], "view": [[0.0, -2.0, 100.0], [-2.0, 0.0, 100.0], [0.0, 0.0, 1.0]], "bev": "bev_d1d6354e657d4808840cf9be90389533.png", "aux": "aux_d1d6354e657d4808840cf9be90389533.npz", "visibility": "visibility_d1d6354e657d4808840cf9be90389533.png", "pose": [[0.8763875365257263, 0.48160651326179504, 0.0, 1412.63427734375], [-0.48160651326179504, 0.8763875365257263, 0.0, 1258.5694580078125], [0.0, 0.0, 1.0, 0.0], [0.0, 0.0, 0.0, 1.0]], "pose_inverse": [[0.8763875365257263, -0.48160651326179504, 0.0, -631.8798828125], [0.48160651326179504, 0.8763875365257263, 0.0, -1783.3284912109375], [0.0, 0.0, 1.0, 0.0], [0.0, 0.0, 0.0, 1.0]], "cam_ids": [0, 1, 2, 3, 4, 5], "cam_channels": ["CAM_FRONT_LEFT", "CAM_FRONT", "CAM_FRONT_RIGHT", "CAM_BACK_LEFT", "CAM_BACK", "CAM_BACK_RIGHT"], "token": "d1d6354e657d4808840cf9be90389533", "scene": "scene-0878"}, {"images": ["samples/CAM_FRONT_LEFT/n008-2018-09-18-14-54-39-0400__CAM_FRONT_LEFT__1537297194354799.jpg", "samples/CAM_FRONT/n008-2018-09-18-14-54-39-0400__CAM_FRONT__1537297194362404.jpg", "samples/CAM_FRONT_RIGHT/n008-2018-09-18-14-54-39-0400__CAM_FRONT_RIGHT__1537297194370482.jpg", "samples/CAM_BACK_LEFT/n008-2018-09-18-14-54-39-0400__CAM_BACK_LEFT__1537297194397405.jpg", "samples/CAM_BACK/n008-2018-09-18-14-54-39-0400__CAM_BACK__1537297194387558.jpg", "samples/CAM_BACK_RIGHT/n008-2018-09-18-14-54-39-0400__CAM_BACK_RIGHT__1537297194378113.jpg"], "intrinsics": [[[1257.8625342125129, 0.0, 827.2410631095686], [0.0, 1257.8625342125129, 450.915498205774], [0.0, 0.0, 1.0]], [[1252.8131021185304, 0.0, 826.588114781398], [0.0, 1252.8131021185304, 469.9846626224581], [0.0, 0.0, 1.0]], [[1256.7485116440405, 0.0, 817.7887570959712], [0.0, 1256.7485116440403, 451.9541780095127], [0.0, 0.0, 1.0]], [[1254.9860565800168, 0.0, 829.5769333630991], [0.0, 1254.9860565800168, 467.1680561863987], [0.0, 0.0, 1.0]], [[796.8910634503094, 0.0, 857.7774326863696], [0.0, 796.8910634503094, 476.8848988407415], [0.0, 0.0, 1.0]], [[1249.9629280788233, 0.0, 825.3768045375984], [0.0, 1249.9629280788233, 462.54816385708756], [0.0, 0.0, 1.0]]], "extrinsics": [[[0.8225363492965698, -0.5683879256248474, -0.019211335107684135, -0.91204833984375], [-0.011921844445168972, 0.01654009334743023, -0.9997920989990234, 1.4869346618652344], [0.568587601184845, 0.822594404220581, 0.006828597281128168, -1.2708740234375], [0.0, 0.0, 0.0, 1.0]], [[0.010355178266763687, -0.9998680353164673, -0.012510472908616066, 0.0074462890625], [-0.009904318489134312, 0.012407970614731312, -0.9998739957809448, 1.4792213439941406], [0.999897301197052, 0.01047775149345398, -0.00977452751249075, -1.6409912109375], [0.0, 0.0, 0.0, 1.0]], [[-0.8439760804176331, -0.5363806486129761, -0.00042362030944786966, 1.028564453125], [-0.001838905387558043, 0.0036832205951213837, -0.9999915361404419, 1.4929313659667969], [0.5363776087760925, -0.8439681529998779, -0.004094904288649559, -1.23681640625], [0.0, 0.0, 0.0, 1.0]], [[0.9476496577262878, 0.3187048137187958, -0.019678693264722824, -1.1383056640625], [-0.02705099806189537, 0.018722115084528923, -0.9994587302207947, 1.5618810653686523], [-0.3181639015674591, 0.9476690888404846, 0.026363292708992958, -0.158203125], [0.0, 0.0, 0.0, 1.0]], [[0.009251396171748638, 0.9998967051506042, 0.011000020429491997, -0.0289306640625], [-0.025003833696246147, 0.011228367686271667, -0.9996242523193359, 1.5672760009765625], [-0.9996444582939148, 0.008972887881100178, 0.025105128064751625, 0.01312255859375], [0.0, 0.0, 0.0, 1.0]], [[-0.9237103462219238, 0.3828011751174927, 0.014912300743162632, 1.1089553833007812], [-0.02087647281587124, -0.011430836282670498, -0.9997166991233826, 1.546661376953125], [-0.3825222849845886, -0.9237599968910217, 0.018550321459770203, -0.0643310546875], [0.0, 0.0, 0.0, 1.0]]], "view": [[0.0, -2.0, 100.0], [-2.0, 0.0, 100.0], [0.0, 0.0, 1.0]], "bev": "bev_03c9555973714295b6feb19a64942bb6.png", "aux": "aux_03c9555973714295b6feb19a64942bb6.npz", "visibility": "visibility_03c9555973714295b6feb19a64942bb6.png", "pose": [[0.8753658533096313, 0.48346105217933655, 0.0, 1413.771484375], [-0.48346105217933655, 0.8753658533096313, 0.0, 1257.9205322265625], [0.0, 0.0, 1.0, 0.0], [0.0, 0.0, 0.0, 1.0]], "pose_inverse": [[0.8753658533096313, -0.48346105217933655, 0.0, -629.4117431640625], [0.48346105217933655, 0.8753658533096313, 0.0, -1784.6441650390625], [0.0, 0.0, 1.0, 0.0], [0.0, 0.0, 0.0, 1.0]], "cam_ids": [0, 1, 2, 3, 4, 5], "cam_channels": ["CAM_FRONT_LEFT", "CAM_FRONT", "CAM_FRONT_RIGHT", "CAM_BACK_LEFT", "CAM_BACK", "CAM_BACK_RIGHT"], "token": "03c9555973714295b6feb19a64942bb6", "scene": "scene-0878"}, {"images": ["samples/CAM_FRONT_LEFT/n008-2018-09-18-14-54-39-0400__CAM_FRONT_LEFT__1537297194854799.jpg", "samples/CAM_FRONT/n008-2018-09-18-14-54-39-0400__CAM_FRONT__1537297194862404.jpg", "samples/CAM_FRONT_RIGHT/n008-2018-09-18-14-54-39-0400__CAM_FRONT_RIGHT__1537297194870482.jpg", "samples/CAM_BACK_LEFT/n008-2018-09-18-14-54-39-0400__CAM_BACK_LEFT__1537297194897405.jpg", "samples/CAM_BACK/n008-2018-09-18-14-54-39-0400__CAM_BACK__1537297194887558.jpg", "samples/CAM_BACK_RIGHT/n008-2018-09-18-14-54-39-0400__CAM_BACK_RIGHT__1537297194878113.jpg"], "intrinsics": [[[1257.8625342125129, 0.0, 827.2410631095686], [0.0, 1257.8625342125129, 450.915498205774], [0.0, 0.0, 1.0]], [[1252.8131021185304, 0.0, 826.588114781398], [0.0, 1252.8131021185304, 469.9846626224581], [0.0, 0.0, 1.0]], [[1256.7485116440405, 0.0, 817.7887570959712], [0.0, 1256.7485116440403, 451.9541780095127], [0.0, 0.0, 1.0]], [[1254.9860565800168, 0.0, 829.5769333630991], [0.0, 1254.9860565800168, 467.1680561863987], [0.0, 0.0, 1.0]], [[796.8910634503094, 0.0, 857.7774326863696], [0.0, 796.8910634503094, 476.8848988407415], [0.0, 0.0, 1.0]], [[1249.9629280788233, 0.0, 825.3768045375984], [0.0, 1249.9629280788233, 462.54816385708756], [0.0, 0.0, 1.0]]], "extrinsics": [[[0.8221352696418762, -0.5690613389015198, -0.016214944422245026, -0.9373779296875], [-0.011855185963213444, 0.011362912133336067, -0.9998651146888733, 1.4873161315917969], [0.5691688060760498, 0.8222166299819946, 0.0025955229066312313, -1.287353515625], [0.0, 0.0, 0.0, 1.0]], [[0.009775718674063683, -0.9999260306358337, -0.007230948191136122, 0.006591796875], [-0.009860451333224773, 0.0071345483884215355, -0.9999259114265442, 1.4794974327087402], [0.9999035000801086, 0.009846216067671776, -0.009789975360035896, -1.6673583984375], [0.0, 0.0, 0.0, 1.0]], [[-0.8442144393920898, -0.5360000729560852, 0.0024123936891555786, 1.046875], [-0.0018099640728905797, -0.001649976591579616, -0.9999969601631165, 1.4929795265197754], [0.5360024571418762, -0.8442162871360779, 0.0004227921017445624, -1.249267578125], [0.0, 0.0, 0.0, 1.0]], [[0.947655975818634, 0.31857597827911377, -0.021387910470366478, -1.1402587890625], [-0.027046188712120056, 0.013347839936614037, -0.9995450973510742, 1.5619401931762695], [-0.3181455731391907, 0.947803258895874, 0.02126542665064335, -0.1573486328125], [0.0, 0.0, 0.0, 1.0]], [[0.009423313662409782, 0.9999396800994873, 0.005639440845698118, -0.0286865234375], [-0.02501547709107399, 0.005873660556972027, -0.9996697902679443, 1.5675344467163086], [-0.9996426701545715, 0.009279139339923859, 0.02506932243704796, 0.02325439453125], [0.0, 0.0, 0.0, 1.0]], [[-0.9235885143280029, 0.38317015767097473, 0.012837454676628113, 1.1259384155273438], [-0.020852964371442795, -0.016772456467151642, -0.9996418356895447, 1.5470314025878906], [-0.3828175365924835, -0.9235255122184753, 0.023481082171201706, -0.0579833984375], [0.0, 0.0, 0.0, 1.0]]], "view": [[0.0, -2.0, 100.0], [-2.0, 0.0, 100.0], [0.0, 0.0, 1.0]], "bev": "bev_a0203d4cb27d4fa5a9d4f3e64c52b2fe.png", "aux": "aux_a0203d4cb27d4fa5a9d4f3e64c52b2fe.npz", "visibility": "visibility_a0203d4cb27d4fa5a9d4f3e64c52b2fe.png", "pose": [[0.87507164478302, 0.48399338126182556, 0.0, 1414.7122802734375], [-0.48399338126182556, 0.87507164478302, 0.0, 1257.3837890625], [0.0, 0.0, 1.0, 0.0], [0.0, 0.0, 0.0, 1.0]], "pose_inverse": [[0.87507164478302, -0.48399338126182556, 0.0, -629.4092407226562], [0.48399338126182556, 0.87507164478302, 0.0, -1785.0123291015625], [0.0, 0.0, 1.0, 0.0], [0.0, 0.0, 0.0, 1.0]], "cam_ids": [0, 1, 2, 3, 4, 5], "cam_channels": ["CAM_FRONT_LEFT", "CAM_FRONT", "CAM_FRONT_RIGHT", "CAM_BACK_LEFT", "CAM_BACK", "CAM_BACK_RIGHT"], "token": "a0203d4cb27d4fa5a9d4f3e64c52b2fe", "scene": "scene-0878"}, {"images": ["samples/CAM_FRONT_LEFT/n008-2018-09-18-14-54-39-0400__CAM_FRONT_LEFT__1537297195404799.jpg", "samples/CAM_FRONT/n008-2018-09-18-14-54-39-0400__CAM_FRONT__1537297195412404.jpg", "samples/CAM_FRONT_RIGHT/n008-2018-09-18-14-54-39-0400__CAM_FRONT_RIGHT__1537297195420482.jpg", "samples/CAM_BACK_LEFT/n008-2018-09-18-14-54-39-0400__CAM_BACK_LEFT__1537297195447405.jpg", "samples/CAM_BACK/n008-2018-09-18-14-54-39-0400__CAM_BACK__1537297195437558.jpg", "samples/CAM_BACK_RIGHT/n008-2018-09-18-14-54-39-0400__CAM_BACK_RIGHT__1537297195428113.jpg"], "intrinsics": [[[1257.8625342125129, 0.0, 827.2410631095686], [0.0, 1257.8625342125129, 450.915498205774], [0.0, 0.0, 1.0]], [[1252.8131021185304, 0.0, 826.588114781398], [0.0, 1252.8131021185304, 469.9846626224581], [0.0, 0.0, 1.0]], [[1256.7485116440405, 0.0, 817.7887570959712], [0.0, 1256.7485116440403, 451.9541780095127], [0.0, 0.0, 1.0]], [[1254.9860565800168, 0.0, 829.5769333630991], [0.0, 1254.9860565800168, 467.1680561863987], [0.0, 0.0, 1.0]], [[796.8910634503094, 0.0, 857.7774326863696], [0.0, 796.8910634503094, 476.8848988407415], [0.0, 0.0, 1.0]], [[1249.9629280788233, 0.0, 825.3768045375984], [0.0, 1249.9629280788233, 462.54816385708756], [0.0, 0.0, 1.0]]], "extrinsics": [[[0.822424590587616, -0.5687427520751953, -0.012223116122186184, -0.95660400390625], [-0.007296654861420393, 0.010938355699181557, -0.9999135732650757, 1.487868309020996], [0.5688272714614868, 0.8224427103996277, 0.0048460522666573524, -1.2994384765625], [0.0, 0.0, 0.0, 1.0]], [[0.010121425613760948, -0.9999259114265442, -0.006762532517313957, 0.0054931640625], [-0.005312048830091953, 0.006709015928208828, -0.9999634027481079, 1.4799070358276367], [0.9999346733093262, 0.010156998410820961, -0.005243751220405102, -1.68560791015625], [0.0, 0.0, 0.0, 1.0]], [[-0.8440972566604614, -0.5361887216567993, -0.0011884192936122417, 1.0582275390625], [0.002743478398770094, -0.002102525904774666, -0.9999940395355225, 1.4931750297546387], [0.5361829996109009, -0.8440955281257629, 0.003245757892727852, -1.2574462890625], [0.0, 0.0, 0.0, 1.0]], [[0.9477423429489136, 0.3185730576515198, -0.017195433378219604, -1.1414794921875], [-0.022466164082288742, 0.012877639383077621, -0.9996646642684937, 1.561990737915039], [-0.3182447552680969, 0.9478108286857605, 0.019361795857548714, -0.1568603515625], [0.0, 0.0, 0.0, 1.0]], [[0.00932142324745655, 0.9999430775642395, 0.005195461213588715, -0.0284423828125], [-0.02041836827993393, 0.005384939257055521, -0.9997770190238953, 1.5677473545074463], [-0.9997480511665344, 0.009213296696543694, 0.020467402413487434, 0.02886962890625], [0.0, 0.0, 0.0, 1.0]], [[-0.9236927032470703, 0.3830416202545166, 0.008422686718404293, 1.13494873046875], [-0.01626768335700035, -0.017246227711439133, -0.9997189044952393, 1.5473518371582031], [-0.38278859853744507, -0.9235700368881226, 0.022161412984132767, -0.0545654296875], [0.0, 0.0, 0.0, 1.0]]], "view": [[0.0, -2.0, 100.0], [-2.0, 0.0, 100.0], [0.0, 0.0, 1.0]], "bev": "bev_6c8b13ca91274312a798be11e5817600.png", "aux": "aux_6c8b13ca91274312a798be11e5817600.npz", "visibility": "visibility_6c8b13ca91274312a798be11e5817600.png", "pose": [[0.8754295706748962, 0.4833456575870514, 0.0, 1415.4300537109375], [-0.4833456575870514, 0.8754295706748962, 0.0, 1256.989501953125], [0.0, 0.0, 1.0, 0.0], [0.0, 0.0, 0.0, 1.0]], "pose_inverse": [[0.8754295706748962, -0.4833456575870514, 0.0, -631.5489501953125], [0.4833456575870514, 0.8754295706748962, 0.0, -1784.5477294921875], [0.0, 0.0, 1.0, 0.0], [0.0, 0.0, 0.0, 1.0]], "cam_ids": [0, 1, 2, 3, 4, 5], "cam_channels": ["CAM_FRONT_LEFT", "CAM_FRONT", "CAM_FRONT_RIGHT", "CAM_BACK_LEFT", "CAM_BACK", "CAM_BACK_RIGHT"], "token": "6c8b13ca91274312a798be11e5817600", "scene": "scene-0878"}, {"images": ["samples/CAM_FRONT_LEFT/n008-2018-09-18-14-54-39-0400__CAM_FRONT_LEFT__1537297195904799.jpg", "samples/CAM_FRONT/n008-2018-09-18-14-54-39-0400__CAM_FRONT__1537297195912404.jpg", "samples/CAM_FRONT_RIGHT/n008-2018-09-18-14-54-39-0400__CAM_FRONT_RIGHT__1537297195920482.jpg", "samples/CAM_BACK_LEFT/n008-2018-09-18-14-54-39-0400__CAM_BACK_LEFT__1537297195947405.jpg", "samples/CAM_BACK/n008-2018-09-18-14-54-39-0400__CAM_BACK__1537297195937558.jpg", "samples/CAM_BACK_RIGHT/n008-2018-09-18-14-54-39-0400__CAM_BACK_RIGHT__1537297195928113.jpg"], "intrinsics": [[[1257.8625342125129, 0.0, 827.2410631095686], [0.0, 1257.8625342125129, 450.915498205774], [0.0, 0.0, 1.0]], [[1252.8131021185304, 0.0, 826.588114781398], [0.0, 1252.8131021185304, 469.9846626224581], [0.0, 0.0, 1.0]], [[1256.7485116440405, 0.0, 817.7887570959712], [0.0, 1256.7485116440403, 451.9541780095127], [0.0, 0.0, 1.0]], [[1254.9860565800168, 0.0, 829.5769333630991], [0.0, 1254.9860565800168, 467.1680561863987], [0.0, 0.0, 1.0]], [[796.8910634503094, 0.0, 857.7774326863696], [0.0, 796.8910634503094, 476.8848988407415], [0.0, 0.0, 1.0]], [[1249.9629280788233, 0.0, 825.3768045375984], [0.0, 1249.9629280788233, 462.54816385708756], [0.0, 0.0, 1.0]]], "extrinsics": [[[0.8224337697029114, -0.5687556266784668, -0.010940931737422943, -0.964752197265625], [-0.007804207969456911, 0.007950354367494583, -0.9999379515647888, 1.4879093170166016], [0.5688073039054871, 0.822468101978302, 0.0020999519620090723, -1.306884765625], [0.0, 0.0, 0.0, 1.0]], [[0.010141965933144093, -0.9999409317970276, -0.003894732566550374, 0.0067138671875], [-0.005796685349196196, 0.0038360755424946547, -0.999975860118866, 1.4799336194992065], [0.9999316334724426, 0.010164283215999603, -0.005757438018918037, -1.69500732421875], [0.0, 0.0, 0.0, 1.0]], [[-0.8440872430801392, -0.5362053513526917, 0.0006709399167448282, 1.0650634765625], [0.0022888442035764456, -0.004854322411119938, -0.9999855756759644, 1.4931445121765137], [0.5362009406089783, -0.8440736532211304, 0.005324761848896742, -1.2603759765625], [0.0, 0.0, 0.0, 1.0]], [[0.947749674320221, 0.31850019097328186, -0.0181175135076046, -1.1419677734375], [-0.022638997063040733, 0.010499936528503895, -0.9996885657310486, 1.5619983673095703], [-0.31821075081825256, 0.9478645920753479, 0.017161834985017776, -0.1568603515625], [0.0, 0.0, 0.0, 1.0]], [[0.009318352676928043, 0.9999529719352722, 0.0026754054706543684, -0.0291748046875], [-0.02069123089313507, 0.0028677633963525295, -0.9997817277908325, 1.5677990913391113], [-0.9997425675392151, 0.009260918945074081, 0.02071698196232319, 0.03167724609375], [0.0, 0.0, 0.0, 1.0]], [[-0.9236950278282166, 0.38304999470710754, 0.00775146484375, 1.1395034790039062], [-0.0166426133364439, -0.019903000444173813, -0.9996634125709534, 1.5474433898925781], [-0.3827666938304901, -0.9235132336616516, 0.024759257212281227, -0.0518798828125], [0.0, 0.0, 0.0, 1.0]]], "view": [[0.0, -2.0, 100.0], [-2.0, 0.0, 100.0], [0.0, 0.0, 1.0]], "bev": "bev_0ece4e3c843e4c9bbf70e9ceca47d515.png", "aux": "aux_0ece4e3c843e4c9bbf70e9ceca47d515.npz", "visibility": "visibility_0ece4e3c843e4c9bbf70e9ceca47d515.png", "pose": [[0.8750462532043457, 0.4840392768383026, 0.0, 1415.91748046875], [-0.4840392768383026, 0.8750462532043457, 0.0, 1256.717041015625], [0.0, 0.0, 1.0, 0.0], [0.0, 0.0, 0.0, 1.0]], "pose_inverse": [[0.8750462532043457, -0.4840392768383026, 0.0, -630.69287109375], [0.4840392768383026, 0.8750462532043457, 0.0, -1785.0452880859375], [0.0, 0.0, 1.0, 0.0], [0.0, 0.0, 0.0, 1.0]], "cam_ids": [0, 1, 2, 3, 4, 5], "cam_channels": ["CAM_FRONT_LEFT", "CAM_FRONT", "CAM_FRONT_RIGHT", "CAM_BACK_LEFT", "CAM_BACK", "CAM_BACK_RIGHT"], "token": "0ece4e3c843e4c9bbf70e9ceca47d515", "scene": "scene-0878"}, {"images": ["samples/CAM_FRONT_LEFT/n008-2018-09-18-14-54-39-0400__CAM_FRONT_LEFT__1537297196404799.jpg", "samples/CAM_FRONT/n008-2018-09-18-14-54-39-0400__CAM_FRONT__1537297196412404.jpg", "samples/CAM_FRONT_RIGHT/n008-2018-09-18-14-54-39-0400__CAM_FRONT_RIGHT__1537297196420482.jpg", "samples/CAM_BACK_LEFT/n008-2018-09-18-14-54-39-0400__CAM_BACK_LEFT__1537297196447405.jpg", "samples/CAM_BACK/n008-2018-09-18-14-54-39-0400__CAM_BACK__1537297196437558.jpg", "samples/CAM_BACK_RIGHT/n008-2018-09-18-14-54-39-0400__CAM_BACK_RIGHT__1537297196428113.jpg"], "intrinsics": [[[1257.8625342125129, 0.0, 827.2410631095686], [0.0, 1257.8625342125129, 450.915498205774], [0.0, 0.0, 1.0]], [[1252.8131021185304, 0.0, 826.588114781398], [0.0, 1252.8131021185304, 469.9846626224581], [0.0, 0.0, 1.0]], [[1256.7485116440405, 0.0, 817.7887570959712], [0.0, 1256.7485116440403, 451.9541780095127], [0.0, 0.0, 1.0]], [[1254.9860565800168, 0.0, 829.5769333630991], [0.0, 1254.9860565800168, 467.1680561863987], [0.0, 0.0, 1.0]], [[796.8910634503094, 0.0, 857.7774326863696], [0.0, 796.8910634503094, 476.8848988407415], [0.0, 0.0, 1.0]], [[1249.9629280788233, 0.0, 825.3768045375984], [0.0, 1249.9629280788233, 462.54816385708756], [0.0, 0.0, 1.0]]], "extrinsics": [[[0.8225266337394714, -0.5686372518539429, -0.010079702362418175, -0.9908447265625], [-0.004517421592026949, 0.0111903827637434, -0.9999271631240845, 1.4882144927978516], [0.5687086582183838, 0.8225122690200806, 0.0066356114111840725, -1.3243408203125], [0.0, 0.0, 0.0, 1.0]], [[0.010230598971247673, -0.9999224543571472, -0.0071016461588442326, 0.0059814453125], [-0.0025858182925730944, 0.0070755393244326115, -0.9999716281890869, 1.4801273345947266], [0.9999443888664246, 0.01024871040135622, -0.002513231011107564, -1.7208251953125], [0.0, 0.0, 0.0, 1.0]], [[-0.8440575003623962, -0.5362399816513062, -0.003700592089444399, 1.0819091796875], [0.005410798825323582, -0.0016158637590706348, -0.9999840259552002, 1.4931330680847168], [0.536225438117981, -0.8440639972686768, 0.0042653679847717285, -1.2716064453125], [0.0, 0.0, 0.0, 1.0]], [[0.947776734828949, 0.3185966908931732, -0.014674251899123192, -1.1431884765625], [-0.020050104707479477, 0.013600514270365238, -0.9997064471244812, 1.562027931213379], [-0.3183036148548126, 0.9477927684783936, 0.0192781500518322, -0.1563720703125], [0.0, 0.0, 0.0, 1.0]], [[0.009283599443733692, 0.9999395608901978, 0.005890659987926483, -0.0289306640625], [-0.017909133806824684, 0.006056234706193209, -0.9998212456703186, 1.5679839849472046], [-0.9997965693473816, 0.00917644239962101, 0.017964277416467667, 0.0399169921875], [0.0, 0.0, 0.0, 1.0]], [[-0.9237287640571594, 0.3829961121082306, 0.006247678305953741, 1.1532363891601562], [-0.013676187954843044, -0.016676053404808044, -0.9997674226760864, 1.5477104187011719], [-0.3828028738498688, -0.9235993027687073, 0.020642079412937164, -0.04638671875], [0.0, 0.0, 0.0, 1.0]]], "view": [[0.0, -2.0, 100.0], [-2.0, 0.0, 100.0], [0.0, 0.0, 1.0]], "bev": "bev_ac23f4f470a1414da9722fbe634caa7d.png", "aux": "aux_ac23f4f470a1414da9722fbe634caa7d.npz", "visibility": "visibility_ac23f4f470a1414da9722fbe634caa7d.png", "pose": [[0.8746009469032288, 0.4848434627056122, 0.0, 1416.221435546875], [-0.4848434627056122, 0.8746009469032288, 0.0, 1256.5386962890625], [0.0, 0.0, 1.0, 0.0], [0.0, 0.0, 0.0, 1.0]], "pose_inverse": [[0.8746009469032288, -0.4848434627056122, 0.0, -629.404052734375], [0.4848434627056122, 0.8746009469032288, 0.0, -1785.6156005859375], [0.0, 0.0, 1.0, 0.0], [0.0, 0.0, 0.0, 1.0]], "cam_ids": [0, 1, 2, 3, 4, 5], "cam_channels": ["CAM_FRONT_LEFT", "CAM_FRONT", "CAM_FRONT_RIGHT", "CAM_BACK_LEFT", "CAM_BACK", "CAM_BACK_RIGHT"], "token": "ac23f4f470a1414da9722fbe634caa7d", "scene": "scene-0878"}, {"images": ["samples/CAM_FRONT_LEFT/n008-2018-09-18-14-54-39-0400__CAM_FRONT_LEFT__1537297196904799.jpg", "samples/CAM_FRONT/n008-2018-09-18-14-54-39-0400__CAM_FRONT__1537297196912404.jpg", "samples/CAM_FRONT_RIGHT/n008-2018-09-18-14-54-39-0400__CAM_FRONT_RIGHT__1537297196920482.jpg", "samples/CAM_BACK_LEFT/n008-2018-09-18-14-54-39-0400__CAM_BACK_LEFT__1537297196947412.jpg", "samples/CAM_BACK/n008-2018-09-18-14-54-39-0400__CAM_BACK__1537297196937558.jpg", "samples/CAM_BACK_RIGHT/n008-2018-09-18-14-54-39-0400__CAM_BACK_RIGHT__1537297196928113.jpg"], "intrinsics": [[[1257.8625342125129, 0.0, 827.2410631095686], [0.0, 1257.8625342125129, 450.915498205774], [0.0, 0.0, 1.0]], [[1252.8131021185304, 0.0, 826.588114781398], [0.0, 1252.8131021185304, 469.9846626224581], [0.0, 0.0, 1.0]], [[1256.7485116440405, 0.0, 817.7887570959712], [0.0, 1256.7485116440403, 451.9541780095127], [0.0, 0.0, 1.0]], [[1254.9860565800168, 0.0, 829.5769333630991], [0.0, 1254.9860565800168, 467.1680561863987], [0.0, 0.0, 1.0]], [[796.8910634503094, 0.0, 857.7774326863696], [0.0, 796.8910634503094, 476.8848988407415], [0.0, 0.0, 1.0]], [[1249.9629280788233, 0.0, 825.3768045375984], [0.0, 1249.9629280788233, 462.54816385708756], [0.0, 0.0, 1.0]]], "extrinsics": [[[0.8224254846572876, -0.568778932094574, -0.010342747904360294, -0.997039794921875], [-0.004740117117762566, 0.011328787542879581, -0.9999246001243591, 1.4882450103759766], [0.5688531994819641, 0.8224124908447266, 0.006621003616601229, -1.328369140625], [0.0, 0.0, 0.0, 1.0]], [[0.010095333680510521, -0.9999228715896606, -0.007235763594508171, 0.0057373046875], [-0.0027908682823181152, 0.007207928225398064, -0.9999701380729675, 1.4801406860351562], [0.9999451041221619, 0.010115214623510838, -0.0027178870514035225, -1.7269287109375], [0.0, 0.0, 0.0, 1.0]], [[-0.844110906124115, -0.536156415939331, -0.003612278960645199, 1.0855712890625], [0.005226036999374628, -0.0014904799172654748, -0.9999852180480957, 1.4931018352508545], [0.5361431241035461, -0.8441173434257507, 0.004060103092342615, -1.274169921875], [0.0, 0.0, 0.0, 1.0]], [[0.9477832913398743, 0.31857430934906006, -0.014733001589775085, -1.1436767578125], [-0.02012621983885765, 0.013644072227180004, -0.9997043013572693, 1.5620336532592773], [-0.3182791471481323, 0.9477996826171875, 0.01934332400560379, -0.1561279296875], [0.0, 0.0, 0.0, 1.0]], [[0.009325138293206692, 0.9999386668205261, 0.005975223146378994, -0.0289306640625], [-0.018021104857325554, 0.006142565980553627, -0.9998186826705933, 1.5680149793624878], [-0.9997941851615906, 0.009215742349624634, 0.01807728037238121, 0.0418701171875], [0.0, 0.0, 0.0, 1.0]], [[-0.923700213432312, 0.38306209444999695, 0.0064239501953125, 1.1564254760742188], [-0.013820181600749493, -0.01655932143330574, -0.9997673630714417, 1.5477561950683594], [-0.3828665316104889, -0.9235740900039673, 0.020589835941791534, -0.045166015625], [0.0, 0.0, 0.0, 1.0]]], "view": [[0.0, -2.0, 100.0], [-2.0, 0.0, 100.0], [0.0, 0.0, 1.0]], "bev": "bev_a840ccde61c64b9795ded8f59b869fde.png", "aux": "aux_a840ccde61c64b9795ded8f59b869fde.npz", "visibility": "visibility_a840ccde61c64b9795ded8f59b869fde.png", "pose": [[0.8745328783988953, 0.4849662184715271, 0.0, 1416.3553466796875], [-0.4849662184715271, 0.8745328783988953, 0.0, 1256.457763671875], [0.0, 0.0, 1.0, 0.0], [0.0, 0.0, 0.0, 1.0]], "pose_inverse": [[0.8745328783988953, -0.4849662184715271, 0.0, -629.3097534179688], [0.4849662184715271, 0.8745328783988953, 0.0, -1785.6981201171875], [0.0, 0.0, 1.0, 0.0], [0.0, 0.0, 0.0, 1.0]], "cam_ids": [0, 1, 2, 3, 4, 5], "cam_channels": ["CAM_FRONT_LEFT", "CAM_FRONT", "CAM_FRONT_RIGHT", "CAM_BACK_LEFT", "CAM_BACK", "CAM_BACK_RIGHT"], "token": "a840ccde61c64b9795ded8f59b869fde", "scene": "scene-0878"}, {"images": ["samples/CAM_FRONT_LEFT/n008-2018-09-18-14-54-39-0400__CAM_FRONT_LEFT__1537297197404799.jpg", "samples/CAM_FRONT/n008-2018-09-18-14-54-39-0400__CAM_FRONT__1537297197412404.jpg", "samples/CAM_FRONT_RIGHT/n008-2018-09-18-14-54-39-0400__CAM_FRONT_RIGHT__1537297197420482.jpg", "samples/CAM_BACK_LEFT/n008-2018-09-18-14-54-39-0400__CAM_BACK_LEFT__1537297197447405.jpg", "samples/CAM_BACK/n008-2018-09-18-14-54-39-0400__CAM_BACK__1537297197437558.jpg", "samples/CAM_BACK_RIGHT/n008-2018-09-18-14-54-39-0400__CAM_BACK_RIGHT__1537297197428113.jpg"], "intrinsics": [[[1257.8625342125129, 0.0, 827.2410631095686], [0.0, 1257.8625342125129, 450.915498205774], [0.0, 0.0, 1.0]], [[1252.8131021185304, 0.0, 826.588114781398], [0.0, 1252.8131021185304, 469.9846626224581], [0.0, 0.0, 1.0]], [[1256.7485116440405, 0.0, 817.7887570959712], [0.0, 1256.7485116440403, 451.9541780095127], [0.0, 0.0, 1.0]], [[1254.9860565800168, 0.0, 829.5769333630991], [0.0, 1254.9860565800168, 467.1680561863987], [0.0, 0.0, 1.0]], [[796.8910634503094, 0.0, 857.7774326863696], [0.0, 796.8910634503094, 476.8848988407415], [0.0, 0.0, 1.0]], [[1249.9629280788233, 0.0, 825.3768045375984], [0.0, 1249.9629280788233, 462.54816385708756], [0.0, 0.0, 1.0]]], "extrinsics": [[[0.8224963545799255, -0.568705677986145, -0.008583193644881248, -1.00677490234375], [-0.002239563502371311, 0.011852418072521687, -0.9999272227287292, 1.4882926940917969], [0.5687660574913025, 0.8224557042121887, 0.008474916219711304, -1.335205078125], [0.0, 0.0, 0.0, 1.0]], [[0.010179982520639896, -0.9999179244041443, -0.007774024270474911, 0.0057373046875], [-0.00028461244073696434, 0.007771529722958803, -0.9999697804450989, 1.4801626205444336], [0.9999480843544006, 0.010181842371821404, -0.0002054751239484176, -1.7366943359375], [0.0, 0.0, 0.0, 1.0]], [[-0.8440722823143005, -0.5361952185630798, -0.006057956721633673, 1.09228515625], [0.007738519925624132, -0.0008841879316605628, -0.9999696612358093, 1.4930588006973267], [0.5361736416816711, -0.8440935611724854, 0.004895674996078014, -1.2783203125], [0.0, 0.0, 0.0, 1.0]], [[0.9478160738945007, 0.31858816742897034, -0.012089857831597328, -1.1441650390625], [-0.017594465985894203, 0.014406018890440464, -0.9997414350509644, 1.5620479583740234], [-0.31833165884017944, 0.9477837681770325, 0.01925964653491974, -0.156005859375], [0.0, 0.0, 0.0, 1.0]], [[0.009290345013141632, 0.9999344348907471, 0.006698369048535824, -0.02880859375], [-0.015474256128072739, 0.006841619964689016, -0.9998568296432495, 1.5680698156356812], [-0.9998370409011841, 0.009185375645756721, 0.01553680282086134, 0.0450439453125], [0.0, 0.0, 0.0, 1.0]], [[-0.9237274527549744, 0.3830256462097168, 0.004347955342382193, 1.1616897583007812], [-0.01130297128111124, -0.015909479930996895, -0.9998095631599426, 1.5478324890136719], [-0.3828834295272827, -0.9236007332801819, 0.019025351852178574, -0.043212890625], [0.0, 0.0, 0.0, 1.0]]], "view": [[0.0, -2.0, 100.0], [-2.0, 0.0, 100.0], [0.0, 0.0, 1.0]], "bev": "bev_ec0944e54cf941958df465d0fd0d23c6.png", "aux": "aux_ec0944e54cf941958df465d0fd0d23c6.npz", "visibility": "visibility_ec0944e54cf941958df465d0fd0d23c6.png", "pose": [[0.8741464018821716, 0.4856624901294708, 0.0, 1416.3714599609375], [-0.4856624901294708, 0.8741464018821716, 0.0, 1256.4420166015625], [0.0, 0.0, 1.0, 0.0], [0.0, 0.0, 0.0, 1.0]], "pose_inverse": [[0.8741464018821716, -0.4856624901294708, 0.0, -627.9092407226562], [0.4856624901294708, 0.8741464018821716, 0.0, -1786.1927490234375], [0.0, 0.0, 1.0, 0.0], [0.0, 0.0, 0.0, 1.0]], "cam_ids": [0, 1, 2, 3, 4, 5], "cam_channels": ["CAM_FRONT_LEFT", "CAM_FRONT", "CAM_FRONT_RIGHT", "CAM_BACK_LEFT", "CAM_BACK", "CAM_BACK_RIGHT"], "token": "ec0944e54cf941958df465d0fd0d23c6", "scene": "scene-0878"}, {"images": ["samples/CAM_FRONT_LEFT/n008-2018-09-18-14-54-39-0400__CAM_FRONT_LEFT__1537297197904799.jpg", "samples/CAM_FRONT/n008-2018-09-18-14-54-39-0400__CAM_FRONT__1537297197912407.jpg", "samples/CAM_FRONT_RIGHT/n008-2018-09-18-14-54-39-0400__CAM_FRONT_RIGHT__1537297197920482.jpg", "samples/CAM_BACK_LEFT/n008-2018-09-18-14-54-39-0400__CAM_BACK_LEFT__1537297197947405.jpg", "samples/CAM_BACK/n008-2018-09-18-14-54-39-0400__CAM_BACK__1537297197937558.jpg", "samples/CAM_BACK_RIGHT/n008-2018-09-18-14-54-39-0400__CAM_BACK_RIGHT__1537297197928113.jpg"], "intrinsics": [[[1257.8625342125129, 0.0, 827.2410631095686], [0.0, 1257.8625342125129, 450.915498205774], [0.0, 0.0, 1.0]], [[1252.8131021185304, 0.0, 826.588114781398], [0.0, 1252.8131021185304, 469.9846626224581], [0.0, 0.0, 1.0]], [[1256.7485116440405, 0.0, 817.7887570959712], [0.0, 1256.7485116440403, 451.9541780095127], [0.0, 0.0, 1.0]], [[1254.9860565800168, 0.0, 829.5769333630991], [0.0, 1254.9860565800168, 467.1680561863987], [0.0, 0.0, 1.0]], [[796.8910634503094, 0.0, 857.7774326863696], [0.0, 796.8910634503094, 476.8848988407415], [0.0, 0.0, 1.0]], [[1249.9629280788233, 0.0, 825.3768045375984], [0.0, 1249.9629280788233, 462.54816385708756], [0.0, 0.0, 1.0]]], "extrinsics": [[[0.8225002884864807, -0.5687093138694763, -0.007943429052829742, -1.005157470703125], [-0.001502364408224821, 0.01179367583245039, -0.9999293088912964, 1.4882869720458984], [0.5687627792358398, 0.822454035282135, 0.008845893666148186, -1.3341064453125], [0.0, 0.0, 0.0, 1.0]], [[0.010182683356106281, -0.9999187588691711, -0.007661204785108566, 0.005859375], [0.0004808403318747878, 0.007666497491300106, -0.9999704957008362, 1.4801626205444336], [0.9999480843544006, 0.010178766213357449, 0.0005588671192526817, -1.7349853515625], [0.0, 0.0, 0.0, 1.0]], [[-0.8440685868263245, -0.5361940264701843, -0.006647023838013411, 1.0909423828125], [0.008533798158168793, -0.0010375590063631535, -0.9999629855155945, 1.4930682182312012], [0.536167323589325, -0.8440940976142883, 0.00545154232531786, -1.2774658203125], [0.0, 0.0, 0.0, 1.0]], [[0.9478245973587036, 0.31858983635902405, -0.011360949836671352, -1.143798828125], [-0.016735754907131195, 0.014138360507786274, -0.9997599720954895, 1.5620441436767578], [-0.31835272908210754, 0.9477872252464294, 0.018732527270913124, -0.1561279296875], [0.0, 0.0, 0.0, 1.0]], [[0.0092853344976902, 0.9999358654022217, 0.006477024406194687, -0.029052734375], [-0.014652103185653687, 0.00