[{"images": ["samples/CAM_FRONT_LEFT/n015-2018-08-01-15-10-21+0800__CAM_FRONT_LEFT__1533107508504844.jpg", "samples/CAM_FRONT/n015-2018-08-01-15-10-21+0800__CAM_FRONT__1533107508512460.jpg", "samples/CAM_FRONT_RIGHT/n015-2018-08-01-15-10-21+0800__CAM_FRONT_RIGHT__1533107508520339.jpg", "samples/CAM_BACK_LEFT/n015-2018-08-01-15-10-21+0800__CAM_BACK_LEFT__1533107508547423.jpg", "samples/CAM_BACK/n015-2018-08-01-15-10-21+0800__CAM_BACK__1533107508537525.jpg", "samples/CAM_BACK_RIGHT/n015-2018-08-01-15-10-21+0800__CAM_BACK_RIGHT__1533107508527893.jpg"], "intrinsics": [[[1272.5979470598488, 0.0, 826.6154927353808], [0.0, 1272.5979470598488, 479.75165386361925], [0.0, 0.0, 1.0]], [[1266.417203046554, 0.0, 816.2670197447984], [0.0, 1266.417203046554, 491.50706579294757], [0.0, 0.0, 1.0]], [[1260.8474446004698, 0.0, 807.968244525554], [0.0, 1260.8474446004698, 495.3344268742088], [0.0, 0.0, 1.0]], [[1256.7414812095406, 0.0, 792.1125740759628], [0.0, 1256.7414812095406, 492.7757465151356], [0.0, 0.0, 1.0]], [[809.2209905677063, 0.0, 829.2196003259838], [0.0, 809.2209905677063, 481.77842384512485], [0.0, 0.0, 1.0]], [[1259.5137405846733, 0.0, 807.2529053838625], [0.0, 1259.5137405846733, 501.19579884916527], [0.0, 0.0, 1.0]]], "extrinsics": [[[0.8207909464836121, -0.5710930824279785, 0.012442383915185928, -0.6746826171875], [0.009876417927443981, -0.007590608671307564, -0.9999224543571472, 1.511742115020752], [0.5711432695388794, 0.8208501935005188, -0.0005899497191421688, -1.08056640625], [0.0, 0.0, 0.0, 1.0]], [[0.005899280775338411, -0.9999152421951294, 0.011601048521697521, 0.0081787109375], [0.004689500667154789, -0.011573459953069687, -0.9999220371246338, 1.521902084350586], [0.9999715685844421, 0.005953208543360233, 0.004620827734470367, -1.404083251953125], [0.0, 0.0, 0.0, 1.0]], [[-0.8325923681259155, -0.5537594556808472, -0.011845339089632034, 0.8482666015625], [0.010420016013085842, 0.005722475703805685, -0.9999293088912964, 1.5059480667114258], [0.5537881255149841, -0.8326570391654968, 0.0010056940373033285, -1.1248779296875], [0.0, 0.0, 0.0, 1.0]], [[0.9476744532585144, 0.31904956698417664, 0.010966738685965538, -1.14105224609375], [0.019680680707097054, -0.024101119488477707, -0.9995157718658447, 1.5885791778564453], [-0.3186308443546295, 0.9474315643310547, -0.029119132086634636, -0.104248046875], [0.0, 0.0, 0.0, 1.0]], [[0.0023322098422795534, 0.9998941421508789, -0.014363795518875122, 0.002685546875], [-0.005973427556455135, -0.014349646866321564, -0.9998792409896851, 1.5788764953613281], [-0.9999794363975525, 0.0024177671875804663, 0.0059393285773694515, -0.07965087890625], [0.0, 0.0, 0.0, 1.0]], [[-0.9347162246704102, 0.35455405712127686, -0.02443070523440838, 0.9867401123046875], [0.02643381617963314, 0.0008065277943387628, -0.999650239944458, 1.5556674003601074], [-0.35441040992736816, -0.9350351691246033, -0.010126093402504921, -0.119384765625], [0.0, 0.0, 0.0, 1.0]]], "view": [[0.0, -2.0, 100.0], [-2.0, 0.0, 100.0], [0.0, 0.0, 1.0]], "bev": "bev_3161a408431b4889b404b51d9fe33b70.png", "aux": "aux_3161a408431b4889b404b51d9fe33b70.npz", "visibility": "visibility_3161a408431b4889b404b51d9fe33b70.png", "pose": [[-0.7577104568481445, -0.6525908708572388, 0.0, 1055.32958984375], [0.6525908708572388, -0.7577104568481445, 0.0, 826.0382690429688], [0.0, 0.0, 1.0, 0.0], [0.0, 0.0, 0.0, 1.0]], "pose_inverse": [[-0.7577104568481445, 0.6525908708572388, 0.0, 260.5692138671875], [-0.6525908708572388, -0.7577104568481445, 0.0, 1314.5963134765625], [0.0, 0.0, 1.0, 0.0], [0.0, 0.0, 0.0, 1.0]], "cam_ids": [0, 1, 2, 3, 4, 5], "cam_channels": ["CAM_FRONT_LEFT", "CAM_FRONT", "CAM_FRONT_RIGHT", "CAM_BACK_LEFT", "CAM_BACK", "CAM_BACK_RIGHT"], "token": "3161a408431b4889b404b51d9fe33b70", "scene": "scene-0190"}, {"images": ["samples/CAM_FRONT_LEFT/n015-2018-08-01-15-10-21+0800__CAM_FRONT_LEFT__1533107509004844.jpg", "samples/CAM_FRONT/n015-2018-08-01-15-10-21+0800__CAM_FRONT__1533107509012460.jpg", "samples/CAM_FRONT_RIGHT/n015-2018-08-01-15-10-21+0800__CAM_FRONT_RIGHT__1533107509020339.jpg", "samples/CAM_BACK_LEFT/n015-2018-08-01-15-10-21+0800__CAM_BACK_LEFT__1533107509047423.jpg", "samples/CAM_BACK/n015-2018-08-01-15-10-21+0800__CAM_BACK__1533107509037525.jpg", "samples/CAM_BACK_RIGHT/n015-2018-08-01-15-10-21+0800__CAM_BACK_RIGHT__1533107509027893.jpg"], "intrinsics": [[[1272.5979470598488, 0.0, 826.6154927353808], [0.0, 1272.5979470598488, 479.75165386361925], [0.0, 0.0, 1.0]], [[1266.417203046554, 0.0, 816.2670197447984], [0.0, 1266.417203046554, 491.50706579294757], [0.0, 0.0, 1.0]], [[1260.8474446004698, 0.0, 807.968244525554], [0.0, 1260.8474446004698, 495.3344268742088], [0.0, 0.0, 1.0]], [[1256.7414812095406, 0.0, 792.1125740759628], [0.0, 1256.7414812095406, 492.7757465151356], [0.0, 0.0, 1.0]], [[809.2209905677063, 0.0, 829.2196003259838], [0.0, 809.2209905677063, 481.77842384512485], [0.0, 0.0, 1.0]], [[1259.5137405846733, 0.0, 807.2529053838625], [0.0, 1259.5137405846733, 501.19579884916527], [0.0, 0.0, 1.0]]], "extrinsics": [[[0.821703314781189, -0.5698674917221069, 0.0073970346711575985, -0.68267822265625], [0.008911598473787308, -0.00012994359713047743, -0.9999603033065796, 1.5112903118133545], [0.5698457360267639, 0.8217366337776184, 0.004971654620021582, -1.0882568359375], [0.0, 0.0, 0.0, 1.0]], [[0.007167980540543795, -0.9999656081199646, 0.00415634922683239, 0.0096435546875], [0.003712726989760995, -0.004129813984036446, -0.9999845623970032, 1.52158784866333], [0.9999673962593079, 0.007183339912444353, 0.0036829966120421886, -1.411163330078125], [0.0, 0.0, 0.0, 1.0]], [[-0.8320913314819336, -0.5544322729110718, -0.015127926133573055, 0.8511962890625], [0.009408346377313137, 0.013161827810108662, -0.9998690485954285, 1.50567626953125], [0.5545588135719299, -0.8321247696876526, -0.005735550541430712, -1.12542724609375], [0.0, 0.0, 0.0, 1.0]], [[0.9476625919342041, 0.31903886795043945, 0.012242876924574375, -1.137939453125], [0.018611570820212364, -0.01692109741270542, -0.9996835589408875, 1.5886402130126953], [-0.3187306821346283, 0.9475905895233154, -0.021973304450511932, -0.105224609375], [0.0, 0.0, 0.0, 1.0]], [[0.0019506170647218823, 0.999973475933075, -0.007022883743047714, 0.0023193359375], [-0.007017991971224546, -0.007009033113718033, -0.9999508261680603, 1.578782081604004], [-0.999973475933075, 0.0019998601637780666, 0.007004133891314268, -0.0809478759765625], [0.0, 0.0, 0.0, 1.0]], [[-0.9349736571311951, 0.3541034460067749, -0.020856207236647606, 0.9868011474609375], [0.02541891299188137, 0.008238421753048897, -0.9996429681777954, 1.5554771423339844], [-0.3538051247596741, -0.9351699948310852, -0.016703633591532707, -0.118408203125], [0.0, 0.0, 0.0, 1.0]]], "view": [[0.0, -2.0, 100.0], [-2.0, 0.0, 100.0], [0.0, 0.0, 1.0]], "bev": "bev_15e4da1d2a0846f5bed9da05ff4da4f7.png", "aux": "aux_15e4da1d2a0846f5bed9da05ff4da4f7.npz", "visibility": "visibility_15e4da1d2a0846f5bed9da05ff4da4f7.png", "pose": [[-0.7514181733131409, -0.6598262786865234, 0.0, 1052.30029296875], [0.6598262786865234, -0.7514181733131409, 0.0, 828.6995849609375], [0.0, 0.0, 1.0, 0.0], [0.0, 0.0, 0.0, 1.0]], "pose_inverse": [[-0.7514181733131409, 0.6598262786865234, 0.0, 243.91983032226562], [-0.6598262786865234, -0.7514181733131409, 0.0, 1317.0352783203125], [0.0, 0.0, 1.0, 0.0], [0.0, 0.0, 0.0, 1.0]], "cam_ids": [0, 1, 2, 3, 4, 5], "cam_channels": ["CAM_FRONT_LEFT", "CAM_FRONT", "CAM_FRONT_RIGHT", "CAM_BACK_LEFT", "CAM_BACK", "CAM_BACK_RIGHT"], "token": "15e4da1d2a0846f5bed9da05ff4da4f7", "scene": "scene-0190"}, {"images": ["samples/CAM_FRONT_LEFT/n015-2018-08-01-15-10-21+0800__CAM_FRONT_LEFT__1533107509404844.jpg", "samples/CAM_FRONT/n015-2018-08-01-15-10-21+0800__CAM_FRONT__1533107509412460.jpg", "samples/CAM_FRONT_RIGHT/n015-2018-08-01-15-10-21+0800__CAM_FRONT_RIGHT__1533107509420339.jpg", "samples/CAM_BACK_LEFT/n015-2018-08-01-15-10-21+0800__CAM_BACK_LEFT__1533107509447423.jpg", "samples/CAM_BACK/n015-2018-08-01-15-10-21+0800__CAM_BACK__1533107509437525.jpg", "samples/CAM_BACK_RIGHT/n015-2018-08-01-15-10-21+0800__CAM_BACK_RIGHT__1533107509427893.jpg"], "intrinsics": [[[1272.5979470598488, 0.0, 826.6154927353808], [0.0, 1272.5979470598488, 479.75165386361925], [0.0, 0.0, 1.0]], [[1266.417203046554, 0.0, 816.2670197447984], [0.0, 1266.417203046554, 491.50706579294757], [0.0, 0.0, 1.0]], [[1260.8474446004698, 0.0, 807.968244525554], [0.0, 1260.8474446004698, 495.3344268742088], [0.0, 0.0, 1.0]], [[1256.7414812095406, 0.0, 792.1125740759628], [0.0, 1256.7414812095406, 492.7757465151356], [0.0, 0.0, 1.0]], [[809.2209905677063, 0.0, 829.2196003259838], [0.0, 809.2209905677063, 481.77842384512485], [0.0, 0.0, 1.0]], [[1259.5137405846733, 0.0, 807.2529053838625], [0.0, 1259.5137405846733, 501.19579884916527], [0.0, 0.0, 1.0]]], "extrinsics": [[[0.8219850659370422, -0.569411039352417, 0.010562551207840443, -0.695068359375], [0.014245049096643925, 0.0020156963728368282, -0.9998964667320251, 1.5129303932189941], [0.5693308711051941, 0.8220504522323608, 0.009768160991370678, -1.093017578125], [0.0, 0.0, 0.0, 1.0]], [[0.007622792385518551, -0.9999692440032959, 0.0018302148673683405, 0.0067138671875], [0.008988959714770317, -0.0017616716213524342, -0.9999580979347229, 1.5229706764221191], [0.9999305009841919, 0.0076389922760427, 0.008975254371762276, -1.4212493896484375], [0.0, 0.0, 0.0, 1.0]], [[-0.8317984342575073, -0.5546838641166687, -0.020906826481223106, 0.8560791015625], [0.014615898951888084, 0.015764858573675156, -0.999768853187561, 1.5067405700683594], [0.5548852682113647, -0.8319118022918701, -0.005005981307476759, -1.13134765625], [0.0, 0.0, 0.0, 1.0]], [[0.9474409818649292, 0.3194568455219269, 0.0174054317176342, -1.13934326171875], [0.023441338911652565, -0.015058721415698528, -0.9996117949485779, 1.588623046875], [-0.3190706670284271, 0.9474812150001526, -0.021755743771791458, -0.1046142578125], [0.0, 0.0, 0.0, 1.0]], [[0.0015523777110502124, 0.9999908804893494, -0.003985963296145201, 0.0029296875], [-0.002039471408352256, -0.00398279307410121, -0.9999900460243225, 1.5791945457458496], [-0.9999967813491821, 0.0015605073422193527, 0.002033269964158535, -0.0774383544921875], [0.0, 0.0, 0.0, 1.0]], [[-0.9349877834320068, 0.3538225293159485, -0.024644333869218826, 0.992462158203125], [0.030529120936989784, 0.011059265583753586, -0.9994726777076721, 1.5561447143554688], [-0.35336342453956604, -0.9352471828460693, -0.02114216983318329, -0.1181640625], [0.0, 0.0, 0.0, 1.0]]], "view": [[0.0, -2.0, 100.0], [-2.0, 0.0, 100.0], [0.0, 0.0, 1.0]], "bev": "bev_6a20316ab456492c8694de9553081185.png", "aux": "aux_6a20316ab456492c8694de9553081185.npz", "visibility": "visibility_6a20316ab456492c8694de9553081185.png", "pose": [[-0.7391490936279297, -0.6735418438911438, 0.0, 1050.019775390625], [0.6735418438911438, -0.7391490936279297, 0.0, 830.7669067382812], [0.0, 0.0, 1.0, 0.0], [0.0, 0.0, 0.0, 1.0]], "pose_inverse": [[-0.7391490936279297, 0.6735418438911438, 0.0, 216.5648651123047], [-0.6735418438911438, -0.7391490936279297, 0.0, 1321.2928466796875], [0.0, 0.0, 1.0, 0.0], [0.0, 0.0, 0.0, 1.0]], "cam_ids": [0, 1, 2, 3, 4, 5], "cam_channels": ["CAM_FRONT_LEFT", "CAM_FRONT", "CAM_FRONT_RIGHT", "CAM_BACK_LEFT", "CAM_BACK", "CAM_BACK_RIGHT"], "token": "6a20316ab456492c8694de9553081185", "scene": "scene-0190"}, {"images": ["samples/CAM_FRONT_LEFT/n015-2018-08-01-15-10-21+0800__CAM_FRONT_LEFT__1533107509904844.jpg", "samples/CAM_FRONT/n015-2018-08-01-15-10-21+0800__CAM_FRONT__1533107509912460.jpg", "samples/CAM_FRONT_RIGHT/n015-2018-08-01-15-10-21+0800__CAM_FRONT_RIGHT__1533107509920339.jpg", "samples/CAM_BACK_LEFT/n015-2018-08-01-15-10-21+0800__CAM_BACK_LEFT__1533107509947423.jpg", "samples/CAM_BACK/n015-2018-08-01-15-10-21+0800__CAM_BACK__1533107509937525.jpg", "samples/CAM_BACK_RIGHT/n015-2018-08-01-15-10-21+0800__CAM_BACK_RIGHT__1533107509927893.jpg"], "intrinsics": [[[1272.5979470598488, 0.0, 826.6154927353808], [0.0, 1272.5979470598488, 479.75165386361925], [0.0, 0.0, 1.0]], [[1266.417203046554, 0.0, 816.2670197447984], [0.0, 1266.417203046554, 491.50706579294757], [0.0, 0.0, 1.0]], [[1260.8474446004698, 0.0, 807.968244525554], [0.0, 1260.8474446004698, 495.3344268742088], [0.0, 0.0, 1.0]], [[1256.7414812095406, 0.0, 792.1125740759628], [0.0, 1256.7414812095406, 492.7757465151356], [0.0, 0.0, 1.0]], [[809.2209905677063, 0.0, 829.2196003259838], [0.0, 809.2209905677063, 481.77842384512485], [0.0, 0.0, 1.0]], [[1259.5137405846733, 0.0, 807.2529053838625], [0.0, 1259.5137405846733, 501.19579884916527], [0.0, 0.0, 1.0]]], "extrinsics": [[[0.8209562301635742, -0.570968747138977, 0.005048156715929508, -0.71197509765625], [0.008213302120566368, 0.002968283835798502, -0.9999618530273438, 1.5107669830322266], [0.5709320306777954, 0.8209664225578308, 0.007126369513571262, -1.1060791015625], [0.0, 0.0, 0.0, 1.0]], [[0.006004947237670422, -0.9999813437461853, 0.0010835977736860514, 0.0079345703125], [0.0029499491211026907, -0.0010658977553248405, -0.9999951124191284, 1.52128005027771], [0.9999775290489197, 0.006008155178278685, 0.0029434929601848125, -1.4395294189453125], [0.0, 0.0, 0.0, 1.0]], [[-0.8326623439788818, -0.5535463094711304, -0.016119815409183502, 0.86920166015625], [0.008601859211921692, 0.016176903620362282, -0.9998321533203125, 1.505319595336914], [0.5537141561508179, -0.8326612710952759, -0.00870837178081274, -1.138916015625], [0.0, 0.0, 0.0, 1.0]], [[0.947679340839386, 0.3189951777458191, 0.012081088498234749, -1.140380859375], [0.017540672793984413, -0.01424764096736908, -0.9997445940971375, 1.5885915756225586], [-0.3187416195869446, 0.9476493000984192, -0.01909758150577545, -0.1044921875], [0.0, 0.0, 0.0, 1.0]], [[0.0023338135797530413, 0.9999885559082031, -0.004175971727818251, 0.00244140625], [-0.007994500920176506, -0.0041571916081011295, -0.999959409236908, 1.578775405883789], [-0.9999653697013855, 0.002367090666666627, 0.007984706200659275, -0.071197509765625], [0.0, 0.0, 0.0, 1.0]], [[-0.9347256422042847, 0.35486388206481934, -0.01896349899470806, 1.002685546875], [0.024528685957193375, 0.01119016669690609, -0.9996365308761597, 1.5549335479736328], [-0.3545226752758026, -0.9348509907722473, -0.019164079800248146, -0.1134033203125], [0.0, 0.0, 0.0, 1.0]]], "view": [[0.0, -2.0, 100.0], [-2.0, 0.0, 100.0], [0.0, 0.0, 1.0]], "bev": "bev_cfbc67b1a25c445187a1412ef5baeec4.png", "aux": "aux_cfbc67b1a25c445187a1412ef5baeec4.npz", "visibility": "visibility_cfbc67b1a25c445187a1412ef5baeec4.png", "pose": [[-0.7298721075057983, -0.6835837364196777, 0.0, 1047.3336181640625], [0.6835837364196777, -0.7298721075057983, 0.0, 833.2844848632812], [0.0, 0.0, 1.0, 0.0], [0.0, 0.0, 0.0, 1.0]], "pose_inverse": [[-0.7298721075057983, 0.6835837364196777, 0.0, 194.79989624023438], [-0.6835837364196777, -0.7298721075057983, 0.0, 1324.13134765625], [0.0, 0.0, 1.0, 0.0], [0.0, 0.0, 0.0, 1.0]], "cam_ids": [0, 1, 2, 3, 4, 5], "cam_channels": ["CAM_FRONT_LEFT", "CAM_FRONT", "CAM_FRONT_RIGHT", "CAM_BACK_LEFT", "CAM_BACK", "CAM_BACK_RIGHT"], "token": "cfbc67b1a25c445187a1412ef5baeec4", "scene": "scene-0190"}, {"images": ["samples/CAM_FRONT_LEFT/n015-2018-08-01-15-10-21+0800__CAM_FRONT_LEFT__1533107510404844.jpg", "samples/CAM_FRONT/n015-2018-08-01-15-10-21+0800__CAM_FRONT__1533107510412460.jpg", "samples/CAM_FRONT_RIGHT/n015-2018-08-01-15-10-21+0800__CAM_FRONT_RIGHT__1533107510420339.jpg", "samples/CAM_BACK_LEFT/n015-2018-08-01-15-10-21+0800__CAM_BACK_LEFT__1533107510447423.jpg", "samples/CAM_BACK/n015-2018-08-01-15-10-21+0800__CAM_BACK__1533107510437525.jpg", "samples/CAM_BACK_RIGHT/n015-2018-08-01-15-10-21+0800__CAM_BACK_RIGHT__1533107510427893.jpg"], "intrinsics": [[[1272.5979470598488, 0.0, 826.6154927353808], [0.0, 1272.5979470598488, 479.75165386361925], [0.0, 0.0, 1.0]], [[1266.417203046554, 0.0, 816.2670197447984], [0.0, 1266.417203046554, 491.50706579294757], [0.0, 0.0, 1.0]], [[1260.8474446004698, 0.0, 807.968244525554], [0.0, 1260.8474446004698, 495.3344268742088], [0.0, 0.0, 1.0]], [[1256.7414812095406, 0.0, 792.1125740759628], [0.0, 1256.7414812095406, 492.7757465151356], [0.0, 0.0, 1.0]], [[809.2209905677063, 0.0, 829.2196003259838], [0.0, 809.2209905677063, 481.77842384512485], [0.0, 0.0, 1.0]], [[1259.5137405846733, 0.0, 807.2529053838625], [0.0, 1259.5137405846733, 501.19579884916527], [0.0, 0.0, 1.0]]], "extrinsics": [[[0.8204407691955566, -0.5716636776924133, 0.008806005120277405, -0.7459716796875], [0.011951508931815624, 0.0017495310166850686, -0.9999270439147949, 1.5114383697509766], [0.5716066360473633, 0.8204861879348755, 0.008267631754279137, -1.1280517578125], [0.0, 0.0, 0.0, 1.0]], [[0.005186914931982756, -0.9999833703041077, 0.0025368337519466877, 0.0064697265625], [0.0065874019637703896, -0.002502644434571266, -0.9999752044677734, 1.521976113319397], [0.9999647736549377, 0.005203527864068747, 0.00657431036233902, -1.473480224609375], [0.0, 0.0, 0.0, 1.0]], [[-0.8330246806144714, -0.5529381036758423, -0.018146323040127754, 0.89129638671875], [0.012151115573942661, 0.014505955390632153, -0.99982088804245, 1.5057010650634766], [0.5531023740768433, -0.8330960273742676, -0.0053650024347007275, -1.1549072265625], [0.0, 0.0, 0.0, 1.0]], [[0.9476443529129028, 0.3190111517906189, 0.01422025915235281, -1.13800048828125], [0.02045416831970215, -0.016199616715312004, -0.9996594786643982, 1.5886468887329102], [-0.3186721205711365, 0.947612464427948, -0.021876581013202667, -0.105224609375], [0.0, 0.0, 0.0, 1.0]], [[0.00265215034596622, 0.9999776482582092, -0.006137202959507704, 0.0030517578125], [-0.004835677798837423, -0.006124327424913645, -0.9999696016311646, 1.5790467262268066], [-0.9999848008155823, 0.0026817074976861477, 0.004819327965378761, -0.06243896484375], [0.0, 0.0, 0.0, 1.0]], [[-0.9344464540481567, 0.3553728461265564, -0.02280033566057682, 1.0211181640625], [0.027934275567531586, 0.009321589954197407, -0.9995663166046143, 1.5548858642578125], [-0.3550061285495758, -0.9346781373023987, -0.018637610599398613, -0.1072998046875], [0.0, 0.0, 0.0, 1.0]]], "view": [[0.0, -2.0, 100.0], [-2.0, 0.0, 100.0], [0.0, 0.0, 1.0]], "bev": "bev_d313c07bd6cc4301805a7d88c827b81e.png", "aux": "aux_d313c07bd6cc4301805a7d88c827b81e.npz", "visibility": "visibility_d313c07bd6cc4301805a7d88c827b81e.png", "pose": [[-0.7286978363990784, -0.6848353743553162, 0.0, 1044.9305419921875], [0.6848353743553162, -0.7286978363990784, 0.0, 835.5767211914062], [0.0, 0.0, 1.0, 0.0], [0.0, 0.0, 0.0, 1.0]], "pose_inverse": [[-0.7286978363990784, 0.6848353743553162, 0.0, 189.2061309814453], [-0.6848353743553162, -0.7286978363990784, 0.0, 1324.48828125], [0.0, 0.0, 1.0, 0.0], [0.0, 0.0, 0.0, 1.0]], "cam_ids": [0, 1, 2, 3, 4, 5], "cam_channels": ["CAM_FRONT_LEFT", "CAM_FRONT", "CAM_FRONT_RIGHT", "CAM_BACK_LEFT", "CAM_BACK", "CAM_BACK_RIGHT"], "token": "d313c07bd6cc4301805a7d88c827b81e", "scene": "scene-0190"}, {"images": ["samples/CAM_FRONT_LEFT/n015-2018-08-01-15-10-21+0800__CAM_FRONT_LEFT__1533107510904844.jpg", "samples/CAM_FRONT/n015-2018-08-01-15-10-21+0800__CAM_FRONT__1533107510912460.jpg", "samples/CAM_FRONT_RIGHT/n015-2018-08-01-15-10-21+0800__CAM_FRONT_RIGHT__1533107510920339.jpg", "samples/CAM_BACK_LEFT/n015-2018-08-01-15-10-21+0800__CAM_BACK_LEFT__1533107510947423.jpg", "samples/CAM_BACK/n015-2018-08-01-15-10-21+0800__CAM_BACK__1533107510937525.jpg", "samples/CAM_BACK_RIGHT/n015-2018-08-01-15-10-21+0800__CAM_BACK_RIGHT__1533107510927893.jpg"], "intrinsics": [[[1272.5979470598488, 0.0, 826.6154927353808], [0.0, 1272.5979470598488, 479.75165386361925], [0.0, 0.0, 1.0]], [[1266.417203046554, 0.0, 816.2670197447984], [0.0, 1266.417203046554, 491.50706579294757], [0.0, 0.0, 1.0]], [[1260.8474446004698, 0.0, 807.968244525554], [0.0, 1260.8474446004698, 495.3344268742088], [0.0, 0.0, 1.0]], [[1256.7414812095406, 0.0, 792.1125740759628], [0.0, 1256.7414812095406, 492.7757465151356], [0.0, 0.0, 1.0]], [[809.2209905677063, 0.0, 829.2196003259838], [0.0, 809.2209905677063, 481.77842384512485], [0.0, 0.0, 1.0]], [[1259.5137405846733, 0.0, 807.2529053838625], [0.0, 1259.5137405846733, 501.19579884916527], [0.0, 0.0, 1.0]]], "extrinsics": [[[0.8207876086235046, -0.5711628794670105, 0.008980370126664639, -0.78753662109375], [0.009089358150959015, -0.0026604225859045982, -0.9999551773071289, 1.5102092027664185], [0.5711610317230225, 0.8208324313163757, 0.0030078610870987177, -1.157958984375], [0.0, 0.0, 0.0, 1.0]], [[0.005793769843876362, -0.9999598860740662, 0.00682839984074235, 0.0064697265625], [0.003791497554630041, -0.006806499324738979, -0.9999697208404541, 1.521202564239502], [0.9999759793281555, 0.00581946037709713, 0.0037519093602895737, -1.5166015625], [0.0, 0.0, 0.0, 1.0]], [[-0.8327215313911438, -0.553525984287262, -0.013549949042499065, 0.92047119140625], [0.009411007165908813, 0.010319077409803867, -0.9999024271965027, 1.5049057006835938], [0.5536118745803833, -0.8327679634094238, -0.0033836804796010256, -1.17388916015625], [0.0, 0.0, 0.0, 1.0]], [[0.9476903676986694, 0.31901392340660095, 0.010636357590556145, -1.14483642578125], [0.018124597147107124, -0.02051362581551075, -0.9996252059936523, 1.5885047912597656], [-0.3186762034893036, 0.9475280046463013, -0.02522256411612034, -0.102783203125], [0.0, 0.0, 0.0, 1.0]], [[0.0024061331059783697, 0.9999439120292664, -0.010315967723727226, 0.0028076171875], [-0.007350666914135218, -0.010298033244907856, -0.9999199509620667, 1.5790128707885742], [-0.9999700784683228, 0.0024817294906824827, 0.007325476501137018, -0.045257568359375], [0.0, 0.0, 0.0, 1.0]], [[-0.934677004814148, 0.35482949018478394, -0.021790891885757446, 1.0465087890625], [0.025283554568886757, 0.005209060851484537, -0.9996667504310608, 1.5538692474365234], [-0.3545977473258972, -0.9349164962768555, -0.013840140774846077, -0.09716796875], [0.0, 0.0, 0.0, 1.0]]], "view": [[0.0, -2.0, 100.0], [-2.0, 0.0, 100.0], [0.0, 0.0, 1.0]], "bev": "bev_82e4f2bbe84c4e1e92a622a390091ff6.png", "aux": "aux_82e4f2bbe84c4e1e92a622a390091ff6.npz", "visibility": "visibility_82e4f2bbe84c4e1e92a622a390091ff6.png", "pose": [[-0.7297961711883545, -0.6836647987365723, 0.0, 1042.876708984375], [0.6836647987365723, -0.7297961711883545, 0.0, 837.5253295898438], [0.0, 0.0, 1.0, 0.0], [0.0, 0.0, 0.0, 1.0]], "pose_inverse": [[-0.7297961711883545, 0.6836647987365723, 0.0, 188.50082397460938], [-0.6836647987365723, -0.7297961711883545, 0.0, 1324.200927734375], [0.0, 0.0, 1.0, 0.0], [0.0, 0.0, 0.0, 1.0]], "cam_ids": [0, 1, 2, 3, 4, 5], "cam_channels": ["CAM_FRONT_LEFT", "CAM_FRONT", "CAM_FRONT_RIGHT", "CAM_BACK_LEFT", "CAM_BACK", "CAM_BACK_RIGHT"], "token": "82e4f2bbe84c4e1e92a622a390091ff6", "scene": "scene-0190"}, {"images": ["samples/CAM_FRONT_LEFT/n015-2018-08-01-15-10-21+0800__CAM_FRONT_LEFT__1533107511404844.jpg", "samples/CAM_FRONT/n015-2018-08-01-15-10-21+0800__CAM_FRONT__1533107511412460.jpg", "samples/CAM_FRONT_RIGHT/n015-2018-08-01-15-10-21+0800__CAM_FRONT_RIGHT__1533107511420339.jpg", "samples/CAM_BACK_LEFT/n015-2018-08-01-15-10-21+0800__CAM_BACK_LEFT__1533107511447423.jpg", "samples/CAM_BACK/n015-2018-08-01-15-10-21+0800__CAM_BACK__1533107511437525.jpg", "samples/CAM_BACK_RIGHT/n015-2018-08-01-15-10-21+0800__CAM_BACK_RIGHT__1533107511427893.jpg"], "intrinsics": [[[1272.5979470598488, 0.0, 826.6154927353808], [0.0, 1272.5979470598488, 479.75165386361925], [0.0, 0.0, 1.0]], [[1266.417203046554, 0.0, 816.2670197447984], [0.0, 1266.417203046554, 491.50706579294757], [0.0, 0.0, 1.0]], [[1260.8474446004698, 0.0, 807.968244525554], [0.0, 1260.8474446004698, 495.3344268742088], [0.0, 0.0, 1.0]], [[1256.7414812095406, 0.0, 792.1125740759628], [0.0, 1256.7414812095406, 492.7757465151356], [0.0, 0.0, 1.0]], [[809.2209905677063, 0.0, 829.2196003259838], [0.0, 809.2209905677063, 481.77842384512485], [0.0, 0.0, 1.0]], [[1259.5137405846733, 0.0, 807.2529053838625], [0.0, 1259.5137405846733, 501.19579884916527], [0.0, 0.0, 1.0]]], "extrinsics": [[[0.8212804198265076, -0.5704110860824585, 0.011387253180146217, -0.81610107421875], [0.008482392877340317, -0.00774893444031477, -0.9999339580535889, 1.5097875595092773], [0.5704616904258728, 0.8213227987289429, -0.0015255964826792479, -1.1781005859375], [0.0, 0.0, 0.0, 1.0]], [[0.006449161563068628, -0.9999075531959534, 0.011971441097557545, 0.0069580078125], [0.0030811838805675507, -0.011951763182878494, -0.999923825263977, 1.5209970474243164], [0.9999744296073914, 0.006485581398010254, 0.003003818914294243, -1.544677734375], [0.0, 0.0, 0.0, 1.0]], [[-0.8324887752532959, -0.5539519786834717, -0.009982986375689507, 0.93817138671875], [0.008582616224884987, 0.0051223887130618095, -0.9999499917030334, 1.5046148300170898], [0.5539754033088684, -0.8325328826904297, 0.0004900274216197431, -1.185302734375], [0.0, 0.0, 0.0, 1.0]], [[0.9477227330207825, 0.31900209188461304, 0.007706312462687492, -1.14508056640625], [0.01679590344429016, -0.025752777233719826, -0.9995272159576416, 1.5885066986083984], [-0.31865277886390686, 0.9474040865898132, -0.029764417558908463, -0.1026611328125], [0.0, 0.0, 0.0, 1.0]], [[0.0022849298547953367, 0.9998760223388672, -0.015580051578581333, 0.0025634765625], [-0.008424556814134121, -0.015560292638838291, -0.999843418598175, 1.5790290832519531], [-0.9999618530273438, 0.002415846101939678, 0.008387955836951733, -0.0376129150390625], [0.0, 0.0, 0.0, 1.0]], [[-0.9347971677780151, 0.35445043444633484, -0.022780830040574074, 1.06036376953125], [0.02435319684445858, -2.4759348889347166e-05, -0.9997034072875977, 1.5534205436706543], [-0.3543459475040436, -0.9350748062133789, -0.008608858101069927, -0.091796875], [0.0, 0.0, 0.0, 1.0]]], "view": [[0.0, -2.0, 100.0], [-2.0, 0.0, 100.0], [0.0, 0.0, 1.0]], "bev": "bev_6fa7cf634e90492dadf183025f5effa5.png", "aux": "aux_6fa7cf634e90492dadf183025f5effa5.npz", "visibility": "visibility_6fa7cf634e90492dadf183025f5effa5.png", "pose": [[-0.7280980944633484, -0.6854729652404785, 0.0, 1041.14208984375], [0.6854729652404785, -0.7280980944633484, 0.0, 839.1611938476562], [0.0, 0.0, 1.0, 0.0], [0.0, 0.0, 0.0, 1.0]], "pose_inverse": [[-0.7280980944633484, 0.6854729652404785, 0.0, 182.83126831054688], [-0.6854729652404785, -0.7280980944633484, 0.0, 1324.6663818359375], [0.0, 0.0, 1.0, 0.0], [0.0, 0.0, 0.0, 1.0]], "cam_ids": [0, 1, 2, 3, 4, 5], "cam_channels": ["CAM_FRONT_LEFT", "CAM_FRONT", "CAM_FRONT_RIGHT", "CAM_BACK_LEFT", "CAM_BACK", "CAM_BACK_RIGHT"], "token": "6fa7cf634e90492dadf183025f5effa5", "scene": "scene-0190"}, {"images": ["samples/CAM_FRONT_LEFT/n015-2018-08-01-15-10-21+0800__CAM_FRONT_LEFT__1533107511904844.jpg", "samples/CAM_FRONT/n015-2018-08-01-15-10-21+0800__CAM_FRONT__1533107511912460.jpg", "samples/CAM_FRONT_RIGHT/n015-2018-08-01-15-10-21+0800__CAM_FRONT_RIGHT__1533107511920339.jpg", "samples/CAM_BACK_LEFT/n015-2018-08-01-15-10-21+0800__CAM_BACK_LEFT__1533107511947423.jpg", "samples/CAM_BACK/n015-2018-08-01-15-10-21+0800__CAM_BACK__1533107511937525.jpg", "samples/CAM_BACK_RIGHT/n015-2018-08-01-15-10-21+0800__CAM_BACK_RIGHT__1533107511927893.jpg"], "intrinsics": [[[1272.5979470598488, 0.0, 826.6154927353808], [0.0, 1272.5979470598488, 479.75165386361925], [0.0, 0.0, 1.0]], [[1266.417203046554, 0.0, 816.2670197447984], [0.0, 1266.417203046554, 491.50706579294757], [0.0, 0.0, 1.0]], [[1260.8474446004698, 0.0, 807.968244525554], [0.0, 1260.8474446004698, 495.3344268742088], [0.0, 0.0, 1.0]], [[1256.7414812095406, 0.0, 792.1125740759628], [0.0, 1256.7414812095406, 492.7757465151356], [0.0, 0.0, 1.0]], [[809.2209905677063, 0.0, 829.2196003259838], [0.0, 809.2209905677063, 481.77842384512485], [0.0, 0.0, 1.0]], [[1259.5137405846733, 0.0, 807.2529053838625], [0.0, 1259.5137405846733, 501.19579884916527], [0.0, 0.0, 1.0]]], "extrinsics": [[[0.821241557598114, -0.5705270171165466, 0.00781945139169693, -0.8392333984375], [0.004588669631630182, -0.007100040093064308, -0.9999642968177795, 1.5089540481567383], [0.5705621838569641, 0.8212481737136841, -0.0032128882594406605, -1.1942138671875], [0.0, 0.0, 0.0, 1.0]], [[0.006364942993968725, -0.9999173283576965, 0.011172539554536343, 0.0067138671875], [-0.0007976583437994123, -0.01117783971130848, -0.9999372363090515, 1.5204439163208008], [0.9999794363975525, 0.0063557871617376804, -0.0008687389781698585, -1.5679779052734375], [0.0, 0.0, 0.0, 1.0]], [[-0.8325909376144409, -0.5538405179977417, -0.007267959415912628, 0.9530029296875], [0.004721726756542921, 0.006024260073900223, -0.9999706745147705, 1.5040912628173828], [0.5538681149482727, -0.8326009511947632, -0.002400660654529929, -1.1951904296875], [0.0, 0.0, 0.0, 1.0]], [[0.9477524757385254, 0.31897297501564026, 0.004642692860215902, -1.144775390625], [0.013155615888535976, -0.02453930303454399, -0.9996122717857361, 1.5885181427001953], [-0.31873539090156555, 0.9474461078643799, -0.02745346911251545, -0.1029052734375], [0.0, 0.0, 0.0, 1.0]], [[0.0022903140634298325, 0.9998929500579834, -0.014452575705945492, 0.002685546875], [-0.01219419576227665, -0.014423612505197525, -0.9998216032981873, 1.578958511352539], [-0.9999229907989502, 0.0024660886265337467, 0.012159855104982853, -0.0311126708984375], [0.0, 0.0, 0.0, 1.0]], [[-0.934841513633728, 0.3545653223991394, -0.01883680932223797, 1.0723876953125], [0.020523030310869217, 0.0009954377310350537, -0.9997888803482056, 1.552846908569336], [-0.35447171330451965, -0.9350308179855347, -0.008207332342863083, -0.087158203125], [0.0, 0.0, 0.0, 1.0]]], "view": [[0.0, -2.0, 100.0], [-2.0, 0.0, 100.0], [0.0, 0.0, 1.0]], "bev": "bev_bd8cc2d35407419c82df61d4d1ca278e.png", "aux": "aux_bd8cc2d35407419c82df61d4d1ca278e.npz", "visibility": "visibility_bd8cc2d35407419c82df61d4d1ca278e.png", "pose": [[-0.7225338816642761, -0.6913354992866516, 0.0, 1039.69384765625], [0.6913354992866516, -0.7225338816642761, 0.0, 840.5439453125], [0.0, 0.0, 1.0, 0.0], [0.0, 0.0, 0.0, 1.0]], "pose_inverse": [[-0.7225338816642761, 0.6913354992866516, 0.0, 170.11618041992188], [-0.6913354992866516, -0.7225338816642761, 0.0, 1326.0987548828125], [0.0, 0.0, 1.0, 0.0], [0.0, 0.0, 0.0, 1.0]], "cam_ids": [0, 1, 2, 3, 4, 5], "cam_channels": ["CAM_FRONT_LEFT", "CAM_FRONT", "CAM_FRONT_RIGHT", "CAM_BACK_LEFT", "CAM_BACK", "CAM_BACK_RIGHT"], "token": "bd8cc2d35407419c82df61d4d1ca278e", "scene": "scene-0190"}, {"images": ["samples/CAM_FRONT_LEFT/n015-2018-08-01-15-10-21+0800__CAM_FRONT_LEFT__1533107512404844.jpg", "samples/CAM_FRONT/n015-2018-08-01-15-10-21+0800__CAM_FRONT__1533107512412460.jpg", "samples/CAM_FRONT_RIGHT/n015-2018-08-01-15-10-21+0800__CAM_FRONT_RIGHT__1533107512420339.jpg", "samples/CAM_BACK_LEFT/n015-2018-08-01-15-10-21+0800__CAM_BACK_LEFT__1533107512447764.jpg", "samples/CAM_BACK/n015-2018-08-01-15-10-21+0800__CAM_BACK__1533107512437525.jpg", "samples/CAM_BACK_RIGHT/n015-2018-08-01-15-10-21+0800__CAM_BACK_RIGHT__1533107512427893.jpg"], "intrinsics": [[[1272.5979470598488, 0.0, 826.6154927353808], [0.0, 1272.5979470598488, 479.75165386361925], [0.0, 0.0, 1.0]], [[1266.417203046554, 0.0, 816.2670197447984], [0.0, 1266.417203046554, 491.50706579294757], [0.0, 0.0, 1.0]], [[1260.8474446004698, 0.0, 807.968244525554], [0.0, 1260.8474446004698, 495.3344268742088], [0.0, 0.0, 1.0]], [[1256.7414812095406, 0.0, 792.1125740759628], [0.0, 1256.7414812095406, 492.7757465151356], [0.0, 0.0, 1.0]], [[809.2209905677063, 0.0, 829.2196003259838], [0.0, 809.2209905677063, 481.77842384512485], [0.0, 0.0, 1.0]], [[1259.5137405846733, 0.0, 807.2529053838625], [0.0, 1259.5137405846733, 501.19579884916527], [0.0, 0.0, 1.0]]], "extrinsics": [[[0.8206344246864319, -0.5713729858398438, 0.00959200132638216, -0.8739013671875], [0.00603099912405014, -0.008124752901494503, -0.9999487996101379, 1.5089168548583984], [0.5714216828346252, 0.8206502795219421, -0.0032215018291026354, -1.2164306640625], [0.0, 0.0, 0.0, 1.0]], [[0.00539683923125267, -0.9999120831489563, 0.012104494497179985, 0.00537109375], [0.0007356548449024558, -0.012100698426365852, -0.9999265670776367, 1.5205984115600586], [0.9999850988388062, 0.0054053193889558315, 0.0006702837999910116, -1.601226806640625], [0.0, 0.0, 0.0, 1.0]], [[-0.8330521583557129, -0.5531339049339294, -0.008179652504622936, 0.9737548828125], [0.006368390750139952, 0.005196165293455124, -0.9999662041664124, 1.5040912628173828], [0.5531577467918396, -0.8330761194229126, -0.0008061024127528071, -1.2099609375], [0.0, 0.0, 0.0, 1.0]], [[0.9479371309280396, 0.31839531660079956, 0.006298543885350227, -1.1448974609375], [0.01499086432158947, -0.02485748566687107, -0.999578595161438, 1.5885086059570312], [-0.31810450553894043, 0.9476320743560791, -0.028336355462670326, -0.1026611328125], [0.0, 0.0, 0.0, 1.0]], [[0.003002873156219721, 0.9998835325241089, -0.014965533278882504, 0.0029296875], [-0.01039902027696371, -0.014933569356799126, -0.999834418296814, 1.5791034698486328], [-0.9999414086341858, 0.0031579663045704365, 0.0103529654443264, -0.02252197265625], [0.0, 0.0, 0.0, 1.0]], [[-0.9345307946205139, 0.3552795350551605, -0.020702103152871132, 1.0894775390625], [0.02225019596517086, 0.0002716662420425564, -0.999752402305603, 1.5525643825531006], [-0.35518595576286316, -0.9347600936889648, -0.00815892219543457, -0.0814208984375], [0.0, 0.0, 0.0, 1.0]]], "view": [[0.0, -2.0, 100.0], [-2.0, 0.0, 100.0], [0.0, 0.0, 1.0]], "bev": "bev_893308d8e1de40a0bbb21988a07d14e3.png", "aux": "aux_893308d8e1de40a0bbb21988a07d14e3.npz", "visibility": "visibility_893308d8e1de40a0bbb21988a07d14e3.png", "pose": [[-0.7157422304153442, -0.6983645558357239, 0.0, 1038.5859375], [0.6983645558357239, -0.7157422304153442, 0.0, 841.6203002929688], [0.0, 0.0, 1.0, 0.0], [0.0, 0.0, 0.0, 1.0]], "pose_inverse": [[-0.7157422304153442, 0.6983645558357239, 0.0, 155.6020050048828], [-0.6983645558357239, -0.7157422304153442, 0.0, 1327.69482421875], [0.0, 0.0, 1.0, 0.0], [0.0, 0.0, 0.0, 1.0]], "cam_ids": [0, 1, 2, 3, 4, 5], "cam_channels": ["CAM_FRONT_LEFT", "CAM_FRONT", "CAM_FRONT_RIGHT", "CAM_BACK_LEFT", "CAM_BACK", "CAM_BACK_RIGHT"], "token": "893308d8e1de40a0bbb21988a07d14e3", "scene": "scene-0190"}, {"images": ["samples/CAM_FRONT_LEFT/n015-2018-08-01-15-10-21+0800__CAM_FRONT_LEFT__1533107512904844.jpg", "samples/CAM_FRONT/n015-2018-08-01-15-10-21+0800__CAM_FRONT__1533107512912460.jpg", "samples/CAM_FRONT_RIGHT/n015-2018-08-01-15-10-21+0800__CAM_FRONT_RIGHT__1533107512920346.jpg", "samples/CAM_BACK_LEFT/n015-2018-08-01-15-10-21+0800__CAM_BACK_LEFT__1533107512947423.jpg", "samples/CAM_BACK/n015-2018-08-01-15-10-21+0800__CAM_BACK__1533107512937525.jpg", "samples/CAM_BACK_RIGHT/n015-2018-08-01-15-10-21+0800__CAM_BACK_RIGHT__1533107512927893.jpg"], "intrinsics": [[[1272.5979470598488, 0.0, 826.6154927353808], [0.0, 1272.5979470598488, 479.75165386361925], [0.0, 0.0, 1.0]], [[1266.417203046554, 0.0, 816.2670197447984], [0.0, 1266.417203046554, 491.50706579294757], [0.0, 0.0, 1.0]], [[1260.8474446004698, 0.0, 807.968244525554], [0.0, 1260.8474446004698, 495.3344268742088], [0.0, 0.0, 1.0]], [[1256.7414812095406, 0.0, 792.1125740759628], [0.0, 1256.7414812095406, 492.7757465151356], [0.0, 0.0, 1.0]], [[809.2209905677063, 0.0, 829.2196003259838], [0.0, 809.2209905677063, 481.77842384512485], [0.0, 0.0, 1.0]], [[1259.5137405846733, 0.0, 807.2529053838625], [0.0, 1259.5137405846733, 501.19579884916527], [0.0, 0.0, 1.0]]], "extrinsics": [[[0.8214019536972046, -0.5703030824661255, 0.00729359220713377, -0.8807373046875], [0.005078030750155449, -0.005474780220538378, -0.9999721050262451, 1.50877046585083], [0.5703271627426147, 0.8214160799980164, -0.0016009786631911993, -1.22216796875], [0.0, 0.0, 0.0, 1.0]], [[0.0066074649803340435, -0.999933660030365, 0.009431305341422558, 0.005615234375], [-0.00018176832236349583, -0.009432711638510227, -0.9999554753303528, 1.5205202102661133], [0.9999781250953674, 0.006605418864637613, -0.00024408218450844288, -1.6082305908203125], [0.0, 0.0, 0.0, 1.0]], [[-0.8324694037437439, -0.5539990067481995, -0.008923392742872238, 0.9781494140625], [0.005463819019496441, 0.007896257564425468, -0.9999538660049438, 1.503997802734375], [0.5540438890457153, -0.8324798345565796, -0.0035464430693536997, -1.2122802734375], [0.0, 0.0, 0.0, 1.0]], [[0.9477384686470032, 0.3189834654331207, 0.006431409157812595, -1.1435546875], [0.014232085086405277, -0.022130025550723076, -0.9996537566184998, 1.5885372161865234], [-0.3187306523323059, 0.9475018382072449, -0.02551327459514141, -0.103271484375], [0.0, 0.0, 0.0, 1.0]], [[0.0022082265932112932, 0.9999225735664368, -0.012247619219124317, 0.002685546875], [-0.011213245801627636, -0.012222119607031345, -0.9998624324798584, 1.5791015625], [-0.9999346733093262, 0.0023452474270015955, 0.011185387149453163, -0.02117919921875], [0.0, 0.0, 0.0, 1.0]], [[-0.9348823428153992, 0.35445258021354675, -0.018926952034235, 1.092529296875], [0.02137860655784607, 0.003001642180606723, -0.9997669458389282, 1.5524482727050781], [-0.3543131947517395, -0.9350691437721252, -0.01038388628512621, -0.080078125], [0.0, 0.0, 0.0, 1.0]]], "view": [[0.0, -2.0, 100.0], [-2.0, 0.0, 100.0], [0.0, 0.0, 1.0]], "bev": "bev_a07514d8819e434d817f464ff676ca36.png", "aux": "aux_a07514d8819e434d817f464ff676ca36.npz", "visibility": "visibility_a07514d8819e434d817f464ff676ca36.png", "pose": [[-0.7077338695526123, -0.7064791321754456, 0.0, 1037.679931640625], [0.7064791321754456, -0.7077338695526123, 0.0, 842.5205688476562], [0.0, 0.0, 1.0, 0.0], [0.0, 0.0, 0.0, 1.0]], "pose_inverse": [[-0.7077338695526123, 0.7064791321754456, 0.0, 139.17807006835938], [-0.7064791321754456, -0.7077338695526123, 0.0, 1329.3795166015625], [0.0, 0.0, 1.0, 0.0], [0.0, 0.0, 0.0, 1.0]], "cam_ids": [0, 1, 2, 3, 4, 5], "cam_channels": ["CAM_FRONT_LEFT", "CAM_FRONT", "CAM_FRONT_RIGHT", "CAM_BACK_LEFT", "CAM_BACK", "CAM_BACK_RIGHT"], "token": "a07514d8819e434d817f464ff676ca36", "scene": "scene-0190"}, {"images": ["samples/CAM_FRONT_LEFT/n015-2018-08-01-15-10-21+0800__CAM_FRONT_LEFT__1533107513404844.jpg", "samples/CAM_FRONT/n015-2018-08-01-15-10-21+0800__CAM_FRONT__1533107513412460.jpg", "samples/CAM_FRONT_RIGHT/n015-2018-08-01-15-10-21+0800__CAM_FRONT_RIGHT__1533107513420339.jpg", "samples/CAM_BACK_LEFT/n015-2018-08-01-15-10-21+0800__CAM_BACK_LEFT__1533107513447423.jpg", "samples/CAM_BACK/n015-2018-08-01-15-10-21+0800__CAM_BACK__1533107513437525.jpg", "samples/CAM_BACK_RIGHT/n015-2018-08-01-15-10-21+0800__CAM_BACK_RIGHT__1533107513427893.jpg"], "intrinsics": [[[1272.5979470598488, 0.0, 826.6154927353808], [0.0, 1272.5979470598488, 479.75165386361925], [0.0, 0.0, 1.0]], [[1266.417203046554, 0.0, 816.2670197447984], [0.0, 1266.417203046554, 491.50706579294757], [0.0, 0.0, 1.0]], [[1260.8474446004698, 0.0, 807.968244525554], [0.0, 1260.8474446004698, 495.3344268742088], [0.0, 0.0, 1.0]], [[1256.7414812095406, 0.0, 792.1125740759628], [0.0, 1256.7414812095406, 492.7757465151356], [0.0, 0.0, 1.0]], [[809.2209905677063, 0.0, 829.2196003259838], [0.0, 809.2209905677063, 481.77842384512485], [0.0, 0.0, 1.0]], [[1259.5137405846733, 0.0, 807.2529053838625], [0.0, 1259.5137405846733, 501.19579884916527], [0.0, 0.0, 1.0]]], "extrinsics": [[[0.8211424350738525, -0.5706748962402344, 0.007429823279380798, -0.8780517578125], [0.008438038639724255, -0.000877424085047096, -0.9999639987945557, 1.5091394186019897], [0.5706607699394226, 0.8211756348609924, 0.004094886593520641, -1.220458984375], [0.0, 0.0, 0.0, 1.0]], [[0.006241390947252512, -0.9999690055847168, 0.004790059290826321, 0.0059814453125], [0.003128974698483944, -0.00477059930562973, -0.9999837279319763, 1.520805835723877], [0.9999755620956421, 0.006256238557398319, 0.003099102061241865, -1.605743408203125], [0.0, 0.0, 0.0, 1.0]], [[-0.8325816988945007, -0.553718626499176, -0.014258569106459618, 0.9769287109375], [0.008729790337383747, 0.012621257454156876, -0.9998822212219238, 1.5042228698730469], [0.5538333654403687, -0.832608163356781, -0.00567438080906868, -1.21142578125], [0.0, 0.0, 0.0, 1.0]], [[0.947693407535553, 0.31899362802505493, 0.010966363362967968, -1.14398193359375], [0.017346281558275223, -0.017166048288345337, -0.9997021555900574, 1.5885276794433594], [-0.3187103569507599, 0.9476013779640198, -0.021801503375172615, -0.103271484375], [0.0, 0.0, 0.0, 1.0]], [[0.0023064399138092995, 0.99997019767