[{"images": ["samples/CAM_FRONT_LEFT/n008-2018-09-18-15-12-01-0400__CAM_FRONT_LEFT__1537298045654799.jpg", "samples/CAM_FRONT/n008-2018-09-18-15-12-01-0400__CAM_FRONT__1537298045662404.jpg", "samples/CAM_FRONT_RIGHT/n008-2018-09-18-15-12-01-0400__CAM_FRONT_RIGHT__1537298045670482.jpg", "samples/CAM_BACK_LEFT/n008-2018-09-18-15-12-01-0400__CAM_BACK_LEFT__1537298045697405.jpg", "samples/CAM_BACK/n008-2018-09-18-15-12-01-0400__CAM_BACK__1537298045687558.jpg", "samples/CAM_BACK_RIGHT/n008-2018-09-18-15-12-01-0400__CAM_BACK_RIGHT__1537298045678113.jpg"], "intrinsics": [[[1257.8625342125129, 0.0, 827.2410631095686], [0.0, 1257.8625342125129, 450.915498205774], [0.0, 0.0, 1.0]], [[1252.8131021185304, 0.0, 826.588114781398], [0.0, 1252.8131021185304, 469.9846626224581], [0.0, 0.0, 1.0]], [[1256.7485116440405, 0.0, 817.7887570959712], [0.0, 1256.7485116440403, 451.9541780095127], [0.0, 0.0, 1.0]], [[1254.9860565800168, 0.0, 829.5769333630991], [0.0, 1254.9860565800168, 467.1680561863987], [0.0, 0.0, 1.0]], [[796.8910634503094, 0.0, 857.7774326863696], [0.0, 796.8910634503094, 476.8848988407415], [0.0, 0.0, 1.0]], [[1249.9629280788233, 0.0, 825.3768045375984], [0.0, 1249.9629280788233, 462.54816385708756], [0.0, 0.0, 1.0]]], "extrinsics": [[[0.8225240707397461, -0.5686977505683899, 0.006094374228268862, -0.654296875], [0.018909666687250137, 0.01663663238286972, -0.9996827840805054, 1.4963130950927734], [0.5684159398078918, 0.8223782777786255, 0.024437913671135902, -1.092742919921875], [0.0, 0.0, 0.0, 1.0]], [[0.01045237947255373, -0.9998703002929688, -0.012248328886926174, 0.0103759765625], [0.020835954695940018, 0.012464119121432304, -0.9997052550315857, 1.4874992370605469], [0.9997281432151794, 0.010194096714258194, 0.020963534712791443, -1.382080078125], [0.0, 0.0, 0.0, 1.0]], [[-0.8436727523803711, -0.5362078547477722, -0.026410944759845734, 0.8583984375], [0.02892110124230385, 0.0037294623907655478, -0.9995747208595276, 1.5010452270507812], [0.5360783338546753, -0.8440777659416199, 0.012361276894807816, -1.12890625], [0.0, 0.0, 0.0, 1.0]], [[0.947843611240387, 0.31859251856803894, 0.009549440816044807, -1.1221923828125], [0.0037290886975824833, 0.01887388713657856, -0.9998149275779724, 1.5621256828308105], [-0.31871381402015686, 0.9477037787437439, 0.016701435670256615, -0.16357421875], [0.0, 0.0, 0.0, 1.0]], [[0.009058683179318905, 0.9998940825462341, 0.011392367072403431, -0.0281982421875], [0.005792750045657158, 0.011340170167386532, -0.9999188780784607, 1.5687263011932373], [-0.9999421238899231, 0.009124013595283031, -0.005689410027116537, -0.0712890625], [0.0, 0.0, 0.0, 1.0]], [[-0.9236581325531006, 0.3829774558544159, -0.013558242470026016, 0.971923828125], [0.009965324774384499, -0.011363956145942211, -0.9998857975006104, 1.5498542785644531], [-0.38308775424957275, -0.923687756061554, 0.006679915823042393, -0.1213226318359375], [0.0, 0.0, 0.0, 1.0]]], "view": [[0.0, -2.0, 100.0], [-2.0, 0.0, 100.0], [0.0, 0.0, 1.0]], "bev": "bev_3abf81a7c3894000a4c508e6ced0caca.png", "aux": "aux_3abf81a7c3894000a4c508e6ced0caca.npz", "visibility": "visibility_3abf81a7c3894000a4c508e6ced0caca.png", "pose": [[-0.482043594121933, 0.8761472105979919, 0.0, 1418.7928466796875], [-0.8761472105979919, -0.482043594121933, 0.0, 1217.9459228515625], [0.0, 0.0, 1.0, 0.0], [0.0, 0.0, 0.0, 1.0]], "pose_inverse": [[-0.482043594121933, -0.8761472105979919, 0.0, 1751.02001953125], [0.8761472105979919, -0.482043594121933, 0.0, -655.9683837890625], [0.0, 0.0, 1.0, 0.0], [0.0, 0.0, 0.0, 1.0]], "cam_ids": [0, 1, 2, 3, 4, 5], "cam_channels": ["CAM_FRONT_LEFT", "CAM_FRONT", "CAM_FRONT_RIGHT", "CAM_BACK_LEFT", "CAM_BACK", "CAM_BACK_RIGHT"], "token": "3abf81a7c3894000a4c508e6ced0caca", "scene": "scene-0909"}, {"images": ["samples/CAM_FRONT_LEFT/n008-2018-09-18-15-12-01-0400__CAM_FRONT_LEFT__1537298046104799.jpg", "samples/CAM_FRONT/n008-2018-09-18-15-12-01-0400__CAM_FRONT__1537298046112404.jpg", "samples/CAM_FRONT_RIGHT/n008-2018-09-18-15-12-01-0400__CAM_FRONT_RIGHT__1537298046120482.jpg", "samples/CAM_BACK_LEFT/n008-2018-09-18-15-12-01-0400__CAM_BACK_LEFT__1537298046147405.jpg", "samples/CAM_BACK/n008-2018-09-18-15-12-01-0400__CAM_BACK__1537298046137558.jpg", "samples/CAM_BACK_RIGHT/n008-2018-09-18-15-12-01-0400__CAM_BACK_RIGHT__1537298046128113.jpg"], "intrinsics": [[[1257.8625342125129, 0.0, 827.2410631095686], [0.0, 1257.8625342125129, 450.915498205774], [0.0, 0.0, 1.0]], [[1252.8131021185304, 0.0, 826.588114781398], [0.0, 1252.8131021185304, 469.9846626224581], [0.0, 0.0, 1.0]], [[1256.7485116440405, 0.0, 817.7887570959712], [0.0, 1256.7485116440403, 451.9541780095127], [0.0, 0.0, 1.0]], [[1254.9860565800168, 0.0, 829.5769333630991], [0.0, 1254.9860565800168, 467.1680561863987], [0.0, 0.0, 1.0]], [[796.8910634503094, 0.0, 857.7774326863696], [0.0, 796.8910634503094, 476.8848988407415], [0.0, 0.0, 1.0]], [[1249.9629280788233, 0.0, 825.3768045375984], [0.0, 1249.9629280788233, 462.54816385708756], [0.0, 0.0, 1.0]]], "extrinsics": [[[0.8229210376739502, -0.5680833458900452, 0.009079164825379848, -0.6405029296875], [0.02212482877075672, 0.01607372798025608, -0.9996259808540344, 1.4979572296142578], [0.567724883556366, 0.8228141069412231, 0.025796154513955116, -1.087188720703125], [0.0, 0.0, 0.0, 1.0]], [[0.011026217602193356, -0.9998722672462463, -0.011566338129341602, 0.0130615234375], [0.024061791598796844, 0.01182900182902813, -0.9996404647827148, 1.4889259338378906], [0.9996496438980103, 0.01074391882866621, 0.024189148098230362, -1.3690185546875], [0.0, 0.0, 0.0, 1.0]], [[-0.8433997631072998, -0.5365211963653564, -0.028667069971561432, 0.849609375], [0.03206298500299454, 0.0030013439245522022, -0.9994813203811646, 1.5022811889648438], [0.5363290309906006, -0.8438815474510193, 0.014671140350401402, -1.1212158203125], [0.0, 0.0, 0.0, 1.0]], [[0.9478033185005188, 0.31860920786857605, 0.012530932202935219, -1.1202392578125], [0.007212104741483927, 0.017868125811219215, -0.9998143315315247, 1.5622190237045288], [-0.31877401471138, 0.9477177262306213, 0.014637626707553864, -0.164306640625], [0.0, 0.0, 0.0, 1.0]], [[0.008898199535906315, 0.9999034404754639, 0.010674640536308289, -0.02874755859375], [0.009161819703876972, 0.010593093000352383, -0.9999018907546997, 1.569157600402832], [-0.9999184608459473, 0.00899515487253666, -0.009066673927009106, -0.0765380859375], [0.0, 0.0, 0.0, 1.0]], [[-0.9237041473388672, 0.3827451467514038, -0.016634659841656685, 0.9630126953125], [0.013052481226623058, -0.011954227462410927, -0.9998432993888855, 1.550619125366211], [-0.38288402557373047, -0.9237766265869141, 0.006046396680176258, -0.1234130859375], [0.0, 0.0, 0.0, 1.0]]], "view": [[0.0, -2.0, 100.0], [-2.0, 0.0, 100.0], [0.0, 0.0, 1.0]], "bev": "bev_9353a6c13def43599b39de5fa745f196.png", "aux": "aux_9353a6c13def43599b39de5fa745f196.npz", "visibility": "visibility_9353a6c13def43599b39de5fa745f196.png", "pose": [[-0.48810917139053345, 0.8727825880050659, 0.0, 1416.6812744140625], [-0.8727825880050659, -0.48810917139053345, 0.0, 1214.2122802734375], [0.0, 0.0, 1.0, 0.0], [0.0, 0.0, 0.0, 1.0]], "pose_inverse": [[-0.48810917139053345, -0.8727825880050659, 0.0, 1751.2384033203125], [0.8727825880050659, -0.48810917139053345, 0.0, -643.7865600585938], [0.0, 0.0, 1.0, 0.0], [0.0, 0.0, 0.0, 1.0]], "cam_ids": [0, 1, 2, 3, 4, 5], "cam_channels": ["CAM_FRONT_LEFT", "CAM_FRONT", "CAM_FRONT_RIGHT", "CAM_BACK_LEFT", "CAM_BACK", "CAM_BACK_RIGHT"], "token": "9353a6c13def43599b39de5fa745f196", "scene": "scene-0909"}, {"images": ["samples/CAM_FRONT_LEFT/n008-2018-09-18-15-12-01-0400__CAM_FRONT_LEFT__1537298046604799.jpg", "samples/CAM_FRONT/n008-2018-09-18-15-12-01-0400__CAM_FRONT__1537298046612404.jpg", "samples/CAM_FRONT_RIGHT/n008-2018-09-18-15-12-01-0400__CAM_FRONT_RIGHT__1537298046620482.jpg", "samples/CAM_BACK_LEFT/n008-2018-09-18-15-12-01-0400__CAM_BACK_LEFT__1537298046647405.jpg", "samples/CAM_BACK/n008-2018-09-18-15-12-01-0400__CAM_BACK__1537298046637558.jpg", "samples/CAM_BACK_RIGHT/n008-2018-09-18-15-12-01-0400__CAM_BACK_RIGHT__1537298046628113.jpg"], "intrinsics": [[[1257.8625342125129, 0.0, 827.2410631095686], [0.0, 1257.8625342125129, 450.915498205774], [0.0, 0.0, 1.0]], [[1252.8131021185304, 0.0, 826.588114781398], [0.0, 1252.8131021185304, 469.9846626224581], [0.0, 0.0, 1.0]], [[1256.7485116440405, 0.0, 817.7887570959712], [0.0, 1256.7485116440403, 451.9541780095127], [0.0, 0.0, 1.0]], [[1254.9860565800168, 0.0, 829.5769333630991], [0.0, 1254.9860565800168, 467.1680561863987], [0.0, 0.0, 1.0]], [[796.8910634503094, 0.0, 857.7774326863696], [0.0, 796.8910634503094, 476.8848988407415], [0.0, 0.0, 1.0]], [[1249.9629280788233, 0.0, 825.3768045375984], [0.0, 1249.9629280788233, 462.54816385708756], [0.0, 0.0, 1.0]]], "extrinsics": [[[0.823281466960907, -0.5675612092018127, 0.009052494540810585, -0.6495361328125], [0.02356041595339775, 0.01823306269943714, -0.9995561242103577, 1.498373031616211], [0.5671442747116089, 0.823129415512085, 0.02838291972875595, -1.091888427734375], [0.0, 0.0, 0.0, 1.0]], [[0.011718684807419777, -0.9998346567153931, -0.013905184343457222, 0.0120849609375], [0.026127208024263382, 0.014207559637725353, -0.9995576739311218, 1.4894638061523438], [0.9995899200439453, 0.011350203305482864, 0.026289381086826324, -1.3775634765625], [0.0, 0.0, 0.0, 1.0]], [[-0.8429469466209412, -0.5370221734046936, -0.032366473227739334, 0.8555908203125], [0.03479520604014397, 0.005615870002657175, -0.9993786811828613, 1.5028114318847656], [0.5368702411651611, -0.8435494899749756, 0.013951916247606277, -1.1251220703125], [0.0, 0.0, 0.0, 1.0]], [[0.9477118849754333, 0.31867098808288574, 0.017055856063961983, -1.1177978515625], [0.011043338105082512, 0.020664790645241737, -0.9997255206108093, 1.5623421669006348], [-0.3189360201358795, 0.947640061378479, 0.0160650797188282, -0.165283203125], [0.0, 0.0, 0.0, 1.0]], [[0.008433979004621506, 0.9998757243156433, 0.013319739140570164, -0.02899169921875], [0.012598486617207527, 0.013212904334068298, -0.999833345413208, 1.5695486068725586], [-0.999885082244873, 0.008600443601608276, -0.012485483661293983, -0.0753173828125], [0.0, 0.0, 0.0, 1.0]], [[-0.9239178895950317, 0.3821394145488739, -0.01857452467083931, 0.9678955078125], [0.016192855313420296, -0.009447834454476833, -0.9998242259025574, 1.5511970520019531], [-0.38224780559539795, -0.924056351184845, 0.00254109688103199, -0.1210174560546875], [0.0, 0.0, 0.0, 1.0]]], "view": [[0.0, -2.0, 100.0], [-2.0, 0.0, 100.0], [0.0, 0.0, 1.0]], "bev": "bev_4bb24f0e22fe4cfe84369b76b2b37fea.png", "aux": "aux_4bb24f0e22fe4cfe84369b76b2b37fea.npz", "visibility": "visibility_4bb24f0e22fe4cfe84369b76b2b37fea.png", "pose": [[-0.49915724992752075, 0.8665114045143127, 0.0, 1414.29638671875], [-0.8665114045143127, -0.49915724992752075, 0.0, 1210.07470703125], [0.0, 0.0, 1.0, 0.0], [0.0, 0.0, 0.0, 1.0]], "pose_inverse": [[-0.49915724992752075, -0.8665114045143127, 0.0, 1754.4998779296875], [0.8665114045143127, -0.49915724992752075, 0.0, -621.4863891601562], [0.0, 0.0, 1.0, 0.0], [0.0, 0.0, 0.0, 1.0]], "cam_ids": [0, 1, 2, 3, 4, 5], "cam_channels": ["CAM_FRONT_LEFT", "CAM_FRONT", "CAM_FRONT_RIGHT", "CAM_BACK_LEFT", "CAM_BACK", "CAM_BACK_RIGHT"], "token": "4bb24f0e22fe4cfe84369b76b2b37fea", "scene": "scene-0909"}, {"images": ["samples/CAM_FRONT_LEFT/n008-2018-09-18-15-12-01-0400__CAM_FRONT_LEFT__1537298047104799.jpg", "samples/CAM_FRONT/n008-2018-09-18-15-12-01-0400__CAM_FRONT__1537298047112404.jpg", "samples/CAM_FRONT_RIGHT/n008-2018-09-18-15-12-01-0400__CAM_FRONT_RIGHT__1537298047120482.jpg", "samples/CAM_BACK_LEFT/n008-2018-09-18-15-12-01-0400__CAM_BACK_LEFT__1537298047147405.jpg", "samples/CAM_BACK/n008-2018-09-18-15-12-01-0400__CAM_BACK__1537298047137558.jpg", "samples/CAM_BACK_RIGHT/n008-2018-09-18-15-12-01-0400__CAM_BACK_RIGHT__1537298047128113.jpg"], "intrinsics": [[[1257.8625342125129, 0.0, 827.2410631095686], [0.0, 1257.8625342125129, 450.915498205774], [0.0, 0.0, 1.0]], [[1252.8131021185304, 0.0, 826.588114781398], [0.0, 1252.8131021185304, 469.9846626224581], [0.0, 0.0, 1.0]], [[1256.7485116440405, 0.0, 817.7887570959712], [0.0, 1256.7485116440403, 451.9541780095127], [0.0, 0.0, 1.0]], [[1254.9860565800168, 0.0, 829.5769333630991], [0.0, 1254.9860565800168, 467.1680561863987], [0.0, 0.0, 1.0]], [[796.8910634503094, 0.0, 857.7774326863696], [0.0, 796.8910634503094, 476.8848988407415], [0.0, 0.0, 1.0]], [[1249.9629280788233, 0.0, 825.3768045375984], [0.0, 1249.9629280788233, 462.54816385708756], [0.0, 0.0, 1.0]]], "extrinsics": [[[0.8226549029350281, -0.5684760808944702, 0.008597548119723797, -0.6483154296875], [0.022515222430229187, 0.017464589327573776, -0.99959397315979, 1.4979610443115234], [0.5680950284004211, 0.8225144147872925, 0.02716669626533985, -1.09051513671875], [0.0, 0.0, 0.0, 1.0]], [[0.010664291679859161, -0.9998562932014465, -0.013173658400774002, 0.011474609375], [0.024454038590192795, 0.013431244529783726, -0.9996107220649719, 1.4889564514160156], [0.9996440410614014, 0.010338041931390762, 0.024593761190772057, -1.3740234375], [0.0, 0.0, 0.0, 1.0]], [[-0.8435291051864624, -0.5362458825111389, -0.029982656240463257, 0.8504638671875], [0.03245685622096062, 0.004826523829251528, -0.9994614720344543, 1.5023384094238281], [0.5361018180847168, -0.844048023223877, 0.013333544135093689, -1.1229248046875], [0.0, 0.0, 0.0, 1.0]], [[0.9478015899658203, 0.31859084963798523, 0.013115200214087963, -1.11328125], [0.006855528336018324, 0.02076137065887451, -0.9997609257698059, 1.5622613430023193], [-0.31878700852394104, 0.9476649165153503, 0.017493553459644318, -0.16650390625], [0.0, 0.0, 0.0, 1.0]], [[0.008977128192782402, 0.9998766779899597, 0.01287715882062912, -0.02838134765625], [0.009037729352712631, 0.012796021066606045, -0.9998772740364075, 1.5691862106323242], [-0.9999188184738159, 0.009092416614294052, -0.008921745233237743, -0.0810546875], [0.0, 0.0, 0.0, 1.0]], [[-0.9236347079277039, 0.38293009996414185, -0.016228998079895973, 0.9619140625], [0.013358577154576778, -0.010153986513614655, -0.9998592138290405, 1.550689697265625], [-0.3830409049987793, -0.9237214922904968, 0.0042631737887859344, -0.1249542236328125], [0.0, 0.0, 0.0, 1.0]]], "view": [[0.0, -2.0, 100.0], [-2.0, 0.0, 100.0], [0.0, 0.0, 1.0]], "bev": "bev_e9f16e4685b24febaf907259a342fb34.png", "aux": "aux_e9f16e4685b24febaf907259a342fb34.npz", "visibility": "visibility_e9f16e4685b24febaf907259a342fb34.png", "pose": [[-0.5105918049812317, 0.8598232269287109, 0.0, 1411.879638671875], [-0.8598232269287109, -0.5105918049812317, 0.0, 1206.0166015625], [0.0, 0.0, 1.0, 0.0], [0.0, 0.0, 0.0, 1.0]], "pose_inverse": [[-0.5105918049812317, -0.8598232269287109, 0.0, 1757.8553466796875], [0.8598232269287109, -0.5105918049812317, 0.0, -598.1846923828125], [0.0, 0.0, 1.0, 0.0], [0.0, 0.0, 0.0, 1.0]], "cam_ids": [0, 1, 2, 3, 4, 5], "cam_channels": ["CAM_FRONT_LEFT", "CAM_FRONT", "CAM_FRONT_RIGHT", "CAM_BACK_LEFT", "CAM_BACK", "CAM_BACK_RIGHT"], "token": "e9f16e4685b24febaf907259a342fb34", "scene": "scene-0909"}, {"images": ["samples/CAM_FRONT_LEFT/n008-2018-09-18-15-12-01-0400__CAM_FRONT_LEFT__1537298047604799.jpg", "samples/CAM_FRONT/n008-2018-09-18-15-12-01-0400__CAM_FRONT__1537298047612404.jpg", "samples/CAM_FRONT_RIGHT/n008-2018-09-18-15-12-01-0400__CAM_FRONT_RIGHT__1537298047620482.jpg", "samples/CAM_BACK_LEFT/n008-2018-09-18-15-12-01-0400__CAM_BACK_LEFT__1537298047647405.jpg", "samples/CAM_BACK/n008-2018-09-18-15-12-01-0400__CAM_BACK__1537298047637558.jpg", "samples/CAM_BACK_RIGHT/n008-2018-09-18-15-12-01-0400__CAM_BACK_RIGHT__1537298047628113.jpg"], "intrinsics": [[[1257.8625342125129, 0.0, 827.2410631095686], [0.0, 1257.8625342125129, 450.915498205774], [0.0, 0.0, 1.0]], [[1252.8131021185304, 0.0, 826.588114781398], [0.0, 1252.8131021185304, 469.9846626224581], [0.0, 0.0, 1.0]], [[1256.7485116440405, 0.0, 817.7887570959712], [0.0, 1256.7485116440403, 451.9541780095127], [0.0, 0.0, 1.0]], [[1254.9860565800168, 0.0, 829.5769333630991], [0.0, 1254.9860565800168, 467.1680561863987], [0.0, 0.0, 1.0]], [[796.8910634503094, 0.0, 857.7774326863696], [0.0, 796.8910634503094, 476.8848988407415], [0.0, 0.0, 1.0]], [[1249.9629280788233, 0.0, 825.3768045375984], [0.0, 1249.9629280788233, 462.54816385708756], [0.0, 0.0, 1.0]]], "extrinsics": [[[0.8228124380111694, -0.5683080554008484, -0.00239877263084054, -0.660888671875], [0.017163248732686043, 0.029067933559417725, -0.9994300603866577, 1.4952888488769531], [0.5680537819862366, 0.8223022818565369, 0.03367146477103233, -1.10113525390625], [0.0, 0.0, 0.0, 1.0]], [[0.010848023928701878, -0.9996339678764343, -0.02478419616818428, 0.012939453125], [0.019191861152648926, 0.024989230558276176, -0.999503493309021, 1.4867229461669922], [0.999756932258606, 0.010366931557655334, 0.019455919042229652, -1.38818359375], [0.0, 0.0, 0.0, 1.0]], [[-0.843517541885376, -0.5361596345901489, -0.031796857714653015, 0.8612060546875], [0.027292301878333092, 0.016336986795067787, -0.9994939565658569, 1.5004997253417969], [0.5364077687263489, -0.8439584970474243, 0.0008524951408617198, -1.1279296875], [0.0, 0.0, 0.0, 1.0]], [[0.9477933049201965, 0.31864386796951294, 0.012407895177602768, -1.11572265625], [0.002471850486472249, 0.03156774863600731, -0.9994985461235046, 1.5621089935302734], [-0.31887581944465637, 0.9473487138748169, 0.029132060706615448, -0.1658935546875], [0.0, 0.0, 0.0, 1.0]], [[0.008779408410191536, 0.9996721744537354, 0.024052072316408157, -0.0291748046875], [0.00433955667540431, 0.024014683440327644, -0.9997021555900574, 1.568540096282959], [-0.9999520182609558, 0.008881119079887867, -0.004127297084778547, -0.0753173828125], [0.0, 0.0, 0.0, 1.0]], [[-0.9238287210464478, 0.3827386498451233, -0.007187246810644865, 0.969970703125], [0.008298457600176334, 0.0012524473713710904, -0.9999647736549377, 1.549513816833496], [-0.38271620869636536, -0.9238558411598206, -0.004333187360316515, -0.1199798583984375], [0.0, 0.0, 0.0, 1.0]]], "view": [[0.0, -2.0, 100.0], [-2.0, 0.0, 100.0], [0.0, 0.0, 1.0]], "bev": "bev_0084b0b7c69f491eb75ed43ac19a47a3.png", "aux": "aux_0084b0b7c69f491eb75ed43ac19a47a3.npz", "visibility": "visibility_0084b0b7c69f491eb75ed43ac19a47a3.png", "pose": [[-0.5199952125549316, 0.8541691899299622, 0.0, 1409.4437255859375], [-0.8541691899299622, -0.5199952125549316, 0.0, 1202.032958984375], [0.0, 0.0, 1.0, 0.0], [0.0, 0.0, 0.0, 1.0]], "pose_inverse": [[-0.5199952125549316, -0.8541691899299622, 0.0, 1759.6435546875], [0.8541691899299622, -0.5199952125549316, 0.0, -578.8519897460938], [0.0, 0.0, 1.0, 0.0], [0.0, 0.0, 0.0, 1.0]], "cam_ids": [0, 1, 2, 3, 4, 5], "cam_channels": ["CAM_FRONT_LEFT", "CAM_FRONT", "CAM_FRONT_RIGHT", "CAM_BACK_LEFT", "CAM_BACK", "CAM_BACK_RIGHT"], "token": "0084b0b7c69f491eb75ed43ac19a47a3", "scene": "scene-0909"}, {"images": ["samples/CAM_FRONT_LEFT/n008-2018-09-18-15-12-01-0400__CAM_FRONT_LEFT__1537298048154799.jpg", "samples/CAM_FRONT/n008-2018-09-18-15-12-01-0400__CAM_FRONT__1537298048162404.jpg", "samples/CAM_FRONT_RIGHT/n008-2018-09-18-15-12-01-0400__CAM_FRONT_RIGHT__1537298048170482.jpg", "samples/CAM_BACK_LEFT/n008-2018-09-18-15-12-01-0400__CAM_BACK_LEFT__1537298048197405.jpg", "samples/CAM_BACK/n008-2018-09-18-15-12-01-0400__CAM_BACK__1537298048187558.jpg", "samples/CAM_BACK_RIGHT/n008-2018-09-18-15-12-01-0400__CAM_BACK_RIGHT__1537298048178113.jpg"], "intrinsics": [[[1257.8625342125129, 0.0, 827.2410631095686], [0.0, 1257.8625342125129, 450.915498205774], [0.0, 0.0, 1.0]], [[1252.8131021185304, 0.0, 826.588114781398], [0.0, 1252.8131021185304, 469.9846626224581], [0.0, 0.0, 1.0]], [[1256.7485116440405, 0.0, 817.7887570959712], [0.0, 1256.7485116440403, 451.9541780095127], [0.0, 0.0, 1.0]], [[1254.9860565800168, 0.0, 829.5769333630991], [0.0, 1254.9860565800168, 467.1680561863987], [0.0, 0.0, 1.0]], [[796.8910634503094, 0.0, 857.7774326863696], [0.0, 796.8910634503094, 476.8848988407415], [0.0, 0.0, 1.0]], [[1249.9629280788233, 0.0, 825.3768045375984], [0.0, 1249.9629280788233, 462.54816385708756], [0.0, 0.0, 1.0]]], "extrinsics": [[[0.8233715295791626, -0.5674205422401428, 0.009658404625952244, -0.65625], [0.017479533329606056, 0.008345765061676502, -0.9998124241828918, 1.4956436157226562], [0.5672335028648376, 0.8233858942985535, 0.016789911314845085, -1.096435546875], [0.0, 0.0, 0.0, 1.0]], [[0.011628011241555214, -0.9999222159385681, -0.004510009195655584, 0.011962890625], [0.019715500995516777, 0.00473870150744915, -0.9997944235801697, 1.487060546875], [0.9997379779815674, 0.011536641977727413, 0.01976906880736351, -1.3843994140625], [0.0, 0.0, 0.0, 1.0]], [[-0.8432151079177856, -0.5371314287185669, -0.021864889189600945, 0.8597412109375], [0.028095288202166557, -0.0034148828126490116, -0.9995993971824646, 1.5008125305175781], [0.536841630935669, -0.8434917330741882, 0.017970344051718712, -1.1280517578125], [0.0, 0.0, 0.0, 1.0]], [[0.9478210210800171, 0.31869786977767944, 0.008183317258954048, -1.1181640625], [0.004165058955550194, 0.013287794776260853, -0.9999030232429504, 1.5621551275253296], [-0.31877580285072327, 0.947763204574585, 0.011267054826021194, -0.1649169921875], [0.0, 0.0, 0.0, 1.0]], [[0.008705883286893368, 0.9999480247497559, 0.005313039757311344, -0.02880859375], [0.005560961551964283, 0.005264745559543371, -0.9999706149101257, 1.5687108039855957], [-0.999946653842926, 0.008735135197639465, -0.005514838732779026, -0.073486328125], [0.0, 0.0, 0.0, 1.0]], [[-0.9239152073860168, 0.38227948546409607, -0.015590068884193897, 0.9708251953125], [0.009415569715201855, -0.01801733858883381, -0.9997933506965637, 1.5497703552246094], [-0.3824813663959503, -0.9238710403442383, 0.01304711401462555, -0.120452880859375], [0.0, 0.0, 0.0, 1.0]]], "view": [[0.0, -2.0, 100.0], [-2.0, 0.0, 100.0], [0.0, 0.0, 1.0]], "bev": "bev_b485d79c3d6141f989ca7a3f8b6989f3.png", "aux": "aux_b485d79c3d6141f989ca7a3f8b6989f3.npz", "visibility": "visibility_b485d79c3d6141f989ca7a3f8b6989f3.png", "pose": [[-0.5329374670982361, 0.8461546301841736, 0.0, 1406.7596435546875], [-0.8461546301841736, -0.5329374670982361, 0.0, 1197.7755126953125], [0.0, 0.0, 1.0, 0.0], [0.0, 0.0, 0.0, 1.0]], "pose_inverse": [[-0.5329374670982361, -0.8461546301841736, 0.0, 1763.21826171875], [0.8461546301841736, -0.5329374670982361, 0.0, -551.9967041015625], [0.0, 0.0, 1.0, 0.0], [0.0, 0.0, 0.0, 1.0]], "cam_ids": [0, 1, 2, 3, 4, 5], "cam_channels": ["CAM_FRONT_LEFT", "CAM_FRONT", "CAM_FRONT_RIGHT", "CAM_BACK_LEFT", "CAM_BACK", "CAM_BACK_RIGHT"], "token": "b485d79c3d6141f989ca7a3f8b6989f3", "scene": "scene-0909"}, {"images": ["samples/CAM_FRONT_LEFT/n008-2018-09-18-15-12-01-0400__CAM_FRONT_LEFT__1537298048754799.jpg", "samples/CAM_FRONT/n008-2018-09-18-15-12-01-0400__CAM_FRONT__1537298048762404.jpg", "samples/CAM_FRONT_RIGHT/n008-2018-09-18-15-12-01-0400__CAM_FRONT_RIGHT__1537298048770482.jpg", "samples/CAM_BACK_LEFT/n008-2018-09-18-15-12-01-0400__CAM_BACK_LEFT__1537298048797405.jpg", "samples/CAM_BACK/n008-2018-09-18-15-12-01-0400__CAM_BACK__1537298048787564.jpg", "samples/CAM_BACK_RIGHT/n008-2018-09-18-15-12-01-0400__CAM_BACK_RIGHT__1537298048778113.jpg"], "intrinsics": [[[1257.8625342125129, 0.0, 827.2410631095686], [0.0, 1257.8625342125129, 450.915498205774], [0.0, 0.0, 1.0]], [[1252.8131021185304, 0.0, 826.588114781398], [0.0, 1252.8131021185304, 469.9846626224581], [0.0, 0.0, 1.0]], [[1256.7485116440405, 0.0, 817.7887570959712], [0.0, 1256.7485116440403, 451.9541780095127], [0.0, 0.0, 1.0]], [[1254.9860565800168, 0.0, 829.5769333630991], [0.0, 1254.9860565800168, 467.1680561863987], [0.0, 0.0, 1.0]], [[796.8910634503094, 0.0, 857.7774326863696], [0.0, 796.8910634503094, 476.8848988407415], [0.0, 0.0, 1.0]], [[1249.9629280788233, 0.0, 825.3768045375984], [0.0, 1249.9629280788233, 462.54816385708756], [0.0, 0.0, 1.0]]], "extrinsics": [[[0.8225992918014526, -0.5685791969299316, 0.0069292704574763775, -0.6773681640625], [0.02124532125890255, 0.018554801121354103, -0.9996021389961243, 1.4966468811035156], [0.5682243704795837, 0.822419285774231, 0.027342813089489937, -1.11077880859375], [0.0, 0.0, 0.0, 1.0]], [[0.010511456057429314, -0.9998366236686707, -0.01470777578651905, 0.01092529296875], [0.02334561012685299, 0.014949962496757507, -0.9996156692504883, 1.4878196716308594], [0.9996721148490906, 0.01016402617096901, 0.023498939350247383, -1.405517578125], [0.0, 0.0, 0.0, 1.0]], [[-0.8436391353607178, -0.5360568165779114, -0.030265409499406815, 0.8734130859375], [0.03162914514541626, 0.006652303505688906, -0.9994775056838989, 1.5012245178222656], [0.5359781384468079, -0.8441556692123413, 0.011342874728143215, -1.137939453125], [0.0, 0.0, 0.0, 1.0]], [[0.9477762579917908, 0.31861400604248047, 0.014330515637993813, -1.1240234375], [0.007454303093254566, 0.022790538147091866, -0.9997124671936035, 1.5621964931488037], [-0.31884902715682983, 0.94761061668396, 0.019225284457206726, -0.162841796875], [0.0, 0.0, 0.0, 1.0]], [[0.009042521007359028, 0.9998487830162048, 0.014854218810796738, -0.0284423828125], [0.009105205535888672, 0.014771881513297558, -0.9998493790626526, 1.5690317153930664], [-0.9999176859855652, 0.009176470339298248, -0.00897025503218174, -0.063232421875], [0.0, 0.0, 0.0, 1.0]], [[-0.9235946536064148, 0.38307511806488037, -0.015044938772916794, 0.9837646484375], [0.012888368219137192, -0.008195670321583748, -0.9998833537101746, 1.5502796173095703], [-0.38315367698669434, -0.9236807823181152, 0.0026322645135223866, -0.115875244140625], [0.0, 0.0, 0.0, 1.0]]], "view": [[0.0, -2.0, 100.0], [-2.0, 0.0, 100.0], [0.0, 0.0, 1.0]], "bev": "bev_04d183cb9667437a97c5a960c3a43adb.png", "aux": "aux_04d183cb9667437a97c5a960c3a43adb.npz", "visibility": "visibility_04d183cb9667437a97c5a960c3a43adb.png", "pose": [[-0.5385795831680298, 0.8425746560096741, 0.0, 1403.84765625], [-0.8425746560096741, -0.5385795831680298, 0.0, 1193.280029296875], [0.0, 0.0, 1.0, 0.0], [0.0, 0.0, 0.0, 1.0]], "pose_inverse": [[-0.5385795831680298, -0.8425746560096741, 0.0, 1761.51123046875], [0.8425746560096741, -0.5385795831680298, 0.0, -540.170166015625], [0.0, 0.0, 1.0, 0.0], [0.0, 0.0, 0.0, 1.0]], "cam_ids": [0, 1, 2, 3, 4, 5], "cam_channels": ["CAM_FRONT_LEFT", "CAM_FRONT", "CAM_FRONT_RIGHT", "CAM_BACK_LEFT", "CAM_BACK", "CAM_BACK_RIGHT"], "token": "04d183cb9667437a97c5a960c3a43adb", "scene": "scene-0909"}, {"images": ["samples/CAM_FRONT_LEFT/n008-2018-09-18-15-12-01-0400__CAM_FRONT_LEFT__1537298049254799.jpg", "samples/CAM_FRONT/n008-2018-09-18-15-12-01-0400__CAM_FRONT__1537298049262404.jpg", "samples/CAM_FRONT_RIGHT/n008-2018-09-18-15-12-01-0400__CAM_FRONT_RIGHT__1537298049270482.jpg", "samples/CAM_BACK_LEFT/n008-2018-09-18-15-12-01-0400__CAM_BACK_LEFT__1537298049297417.jpg", "samples/CAM_BACK/n008-2018-09-18-15-12-01-0400__CAM_BACK__1537298049287558.jpg", "samples/CAM_BACK_RIGHT/n008-2018-09-18-15-12-01-0400__CAM_BACK_RIGHT__1537298049278113.jpg"], "intrinsics": [[[1257.8625342125129, 0.0, 827.2410631095686], [0.0, 1257.8625342125129, 450.915498205774], [0.0, 0.0, 1.0]], [[1252.8131021185304, 0.0, 826.588114781398], [0.0, 1252.8131021185304, 469.9846626224581], [0.0, 0.0, 1.0]], [[1256.7485116440405, 0.0, 817.7887570959712], [0.0, 1256.7485116440403, 451.9541780095127], [0.0, 0.0, 1.0]], [[1254.9860565800168, 0.0, 829.5769333630991], [0.0, 1254.9860565800168, 467.1680561863987], [0.0, 0.0, 1.0]], [[796.8910634503094, 0.0, 857.7774326863696], [0.0, 796.8910634503094, 476.8848988407415], [0.0, 0.0, 1.0]], [[1249.9629280788233, 0.0, 825.3768045375984], [0.0, 1249.9629280788233, 462.54816385708756], [0.0, 0.0, 1.0]]], "extrinsics": [[[0.821561336517334, -0.5694652795791626, 0.027318790555000305, -0.690185546875], [0.0571863129734993, 0.03463670611381531, -0.9977625012397766, 1.5096588134765625], [0.5672448873519897, 0.8212853670120239, 0.061021801084280014, -1.1251220703125], [0.0, 0.0, 0.0, 1.0]], [[0.01076363306492567, -0.9994848370552063, -0.030235879123210907, 0.01519775390625], [0.061637550592422485, 0.03084331378340721, -0.9976218938827515, 1.4993438720703125], [0.9980406165122986, 0.008874393999576569, 0.061937782913446426, -1.4210205078125], [0.0, 0.0, 0.0, 1.0]], [[-0.8418319225311279, -0.5348221659660339, -0.07269323617219925, 0.8856201171875], [0.07190363109111786, 0.022355269640684128, -0.9971610307693481, 1.5106964111328125], [0.5349289178848267, -0.8446689248085022, 0.019636277109384537, -1.1412353515625], [0.0, 0.0, 0.0, 1.0]], [[0.9461702704429626, 0.3175089955329895, 0.06284751743078232, -1.12646484375], [0.05362214520573616, 0.037720613181591034, -0.9978485703468323, 1.5630264282226562], [-0.31919652223587036, 0.9475046396255493, 0.018664609640836716, -0.1624755859375], [0.0, 0.0, 0.0, 1.0]], [[0.008523129858076572, 0.9994902014732361, 0.030766943469643593, -0.03021240234375], [0.053462497889995575, 0.030268587172031403, -0.9981109499931335, 1.5734481811523438], [-0.9985335469245911, 0.010151885449886322, -0.05317727103829384, -0.0576171875], [0.0, 0.0, 0.0, 1.0]], [[-0.9220826029777527, 0.3840279281139374, -0.04781348630785942, 0.9913330078125], [0.05488070473074913, 0.0074589611031115055, -0.9984650611877441, 1.5577850341796875], [-0.38308185338974, -0.9232913255691528, -0.027953501790761948, -0.1098175048828125], [0.0, 0.0, 0.0, 1.0]]], "view": [[0.0, -2.0, 100.0], [-2.0, 0.0, 100.0], [0.0, 0.0, 1.0]], "bev": "bev_86f869ba553c4bc99233b8a2986f7679.png", "aux": "aux_86f869ba553c4bc99233b8a2986f7679.npz", "visibility": "visibility_86f869ba553c4bc99233b8a2986f7679.png", "pose": [[-0.544084370136261, 0.8390305042266846, 0.0, 1401.442626953125], [-0.8390305042266846, -0.544084370136261, 0.0, 1189.6793212890625], [0.0, 0.0, 1.0, 0.0], [0.0, 0.0, 0.0, 1.0]], "pose_inverse": [[-0.544084370136261, -0.8390305042266846, 0.0, 1760.6802978515625], [0.8390305042266846, -0.544084370136261, 0.0, -528.5672607421875], [0.0, 0.0, 1.0, 0.0], [0.0, 0.0, 0.0, 1.0]], "cam_ids": [0, 1, 2, 3, 4, 5], "cam_channels": ["CAM_FRONT_LEFT", "CAM_FRONT", "CAM_FRONT_RIGHT", "CAM_BACK_LEFT", "CAM_BACK", "CAM_BACK_RIGHT"], "token": "86f869ba553c4bc99233b8a2986f7679", "scene": "scene-0909"}, {"images": ["samples/CAM_FRONT_LEFT/n008-2018-09-18-15-12-01-0400__CAM_FRONT_LEFT__1537298049754799.jpg", "samples/CAM_FRONT/n008-2018-09-18-15-12-01-0400__CAM_FRONT__1537298049762405.jpg", "samples/CAM_FRONT_RIGHT/n008-2018-09-18-15-12-01-0400__CAM_FRONT_RIGHT__1537298049770482.jpg", "samples/CAM_BACK_LEFT/n008-2018-09-18-15-12-01-0400__CAM_BACK_LEFT__1537298049797405.jpg", "samples/CAM_BACK/n008-2018-09-18-15-12-01-0400__CAM_BACK__1537298049787569.jpg", "samples/CAM_BACK_RIGHT/n008-2018-09-18-15-12-01-0400__CAM_BACK_RIGHT__1537298049778113.jpg"], "intrinsics": [[[1257.8625342125129, 0.0, 827.2410631095686], [0.0, 1257.8625342125129, 450.915498205774], [0.0, 0.0, 1.0]], [[1252.8131021185304, 0.0, 826.588114781398], [0.0, 1252.8131021185304, 469.9846626224581], [0.0, 0.0, 1.0]], [[1256.7485116440405, 0.0, 817.7887570959712], [0.0, 1256.7485116440403, 451.9541780095127], [0.0, 0.0, 1.0]], [[1254.9860565800168, 0.0, 829.5769333630991], [0.0, 1254.9860565800168, 467.1680561863987], [0.0, 0.0, 1.0]], [[796.8910634503094, 0.0, 857.7774326863696], [0.0, 796.8910634503094, 476.8848988407415], [0.0, 0.0, 1.0]], [[1249.9629280788233, 0.0, 825.3768045375984], [0.0, 1249.9629280788233, 462.54816385708756], [0.0, 0.0, 1.0]]], "extrinsics": [[[0.8228474259376526, -0.5679190158843994, 0.019752731546759605, -0.7044677734375], [0.04302773252129555, 0.027606677263975143, -0.9986923933029175, 1.5037155151367188], [0.5666310787200928, 0.8226213455200195, 0.04715235158801079, -1.1326904296875], [0.0, 0.0, 0.0, 1.0]], [[0.011767827905714512, -0.9996684789657593, -0.0228999312967062, 0.01348876953125], [0.04581223428249359, 0.02341647632420063, -0.9986755847930908, 1.4938430786132812], [0.9988807439804077, 0.010703135281801224, 0.04607260227203369, -1.434326171875], [0.0, 0.0, 0.0, 1.0]], [[-0.8422840237617493, -0.5363073348999023, -0.05414922907948494, 0.8935546875], [0.05486910790205002, 0.014630567282438278, -0.9983863234519958, 1.5059738159179688], [0.5362340807914734, -0.8438959717750549, 0.017103608697652817, -1.147705078125], [0.0, 0.0, 0.0, 1.0]], [[0.9471239447593689, 0.31821945309638977, 0.04113984853029251, -1.124267578125], [0.03355105221271515, 0.029294291511178017, -0.9990075826644897, 1.5627326965332031], [-0.31910884380340576, 0.9475643038749695, 0.01706872694194317, -0.1632080078125], [0.0, 0.0, 0.0, 1.0]], [[0.008427523076534271, 0.9997155666351318, 0.022310297936201096, -0.0296630859375], [0.034153129905462265, 0.022010305896401405, -0.999174177646637, 1.5714263916015625], [-0.9993810653686523, 0.00918252021074295, -0.03395792841911316, -0.0552978515625], [0.0, 0.0, 0.0, 1.0]], [[-0.9231739044189453, 0.3828425407409668, -0.03437227010726929, 0.997802734375], [0.036981821060180664, -0.000543565081898123, -0.9993157982826233, 1.554290771484375], [-0.3825992941856384, -0.9238133430480957, -0.013656411319971085, -0.1080474853515625], [0.0, 0.0, 0.0, 1.0]]], "view": [[0.0, -2.0, 100.0], [-2.0, 0.0, 100.0], [0.0, 0.0, 1.0]], "bev": "bev_582240fdf8ba49cc8186a3002d17c11b.png", "aux": "aux_582240fdf8ba49cc8186a3002d17c11b.npz", "visibility": "visibility_582240fdf8ba49cc8186a3002d17c11b.png", "pose": [[-0.5508348941802979, 0.8346142172813416, 0.0, 1399.1580810546875], [-0.8346142172813416, -0.5508348941802979, 0.0, 1186.3021240234375], [0.0, 0.0, 1.0, 0.0], [0.0, 0.0, 0.0, 1.0]], "pose_inverse": [[-0.5508348941802979, -0.8346142172813416, 0.0, 1760.8096923828125], [0.8346142172813416, -0.5508348941802979, 0.0, -514.3005981445312], [0.0, 0.0, 1.0, 0.0], [0.0, 0.0, 0.0, 1.0]], "cam_ids": [0, 1, 2, 3, 4, 5], "cam_channels": ["CAM_FRONT_LEFT", "CAM_FRONT", "CAM_FRONT_RIGHT", "CAM_BACK_LEFT", "CAM_BACK", "CAM_BACK_RIGHT"], "token": "582240fdf8ba49cc8186a3002d17c11b", "scene": "scene-0909"}, {"images": ["samples/CAM_FRONT_LEFT/n008-2018-09-18-15-12-01-0400__CAM_FRONT_LEFT__1537298050254799.jpg", "samples/CAM_FRONT/n008-2018-09-18-15-12-01-0400__CAM_FRONT__1537298050262404.jpg", "samples/CAM_FRONT_RIGHT/n008-2018-09-18-15-12-01-0400__CAM_FRONT_RIGHT__1537298050270482.jpg", "samples/CAM_BACK_LEFT/n008-2018-09-18-15-12-01-0400__CAM_BACK_LEFT__1537298050297405.jpg", "samples/CAM_BACK/n008-2018-09-18-15-12-01-0400__CAM_BACK__1537298050287558.jpg", "samples/CAM_BACK_RIGHT/n008-2018-09-18-15-12-01-0400__CAM_BACK_RIGHT__1537298050278113.jpg"], "intrinsics": [[[1257.8625342125129, 0.0, 827.2410631095686], [0.0, 1257.8625342125129, 450.915498205774], [0.0, 0.0, 1.0]], [[1252.8131021185304, 0.0, 826.588114781398], [0.0, 1252.8131021185304, 469.9846626224581], [0.0, 0.0, 1.0]], [[1256.7485116440405, 0.0, 817.7887570959712], [0.0, 1256.7485116440403, 451.9541780095127], [0.0, 0.0, 1.0]], [[1254.9860565800168, 0.0, 829.5769333630991], [0.0, 1254.9860565800168, 467.1680561863987], [0.0, 0.0, 1.0]], [[796.8910634503094, 0.0, 857.7774326863696], [0.0, 796.8910634503094, 476.8848988407415], [0.0, 0.0, 1.0]], [[1249.9629280788233, 0.0, 825.3768045375984], [0.0, 1249.9629280788233, 462.54816385708756], [0.0, 0.0, 1.0]]], "extrinsics": [[[0.8226927518844604, -0.5683242082595825, 0.013573999516665936, -0.7105712890625], [0.048032037913799286, 0.045698340982198715, -0.9977998733520508, 1.5051078796386719], [0.5664535760879517, 0.8215346932411194, 0.0648934617638588, -1.13629150390625], [0.0, 0.0, 0.0, 1.0]], [[0.01186220720410347, -0.9990876317024231, -0.04102744162082672, 0.01275634765625], [0.0500851608812809, 0.04157249256968498, -0.9978793263435364, 1.494873046875], [0.9986745715141296, 0.009782198816537857, 0.05053260549902916, -1.4383544921875], [0.0, 0.0, 0.0, 1.0]], [[-0.842046856880188, -0.5352471470832825, -0.06683910638093948, 0.8944091796875], [0.05830710008740425, 0.032866887748241425, -0.9977574944496155, 1.50665283203125], [0.5362436175346375, -0.8440558314323425, 0.0035332448314875364, -1.1492919921875], [0.0, 0.0, 0.0, 1.0]], [[0.9468968510627747, 0.3180204927921295, 0.04742872714996338, -1.1251220703125], [0.03394379839301109, 0.047814056277275085, -0.998279333114624, 1.5627098083496094], [-0.31974107027053833, 0.9468774199485779, 0.034480150789022446, -0.16259765625], [0.0, 0.0, 0.0, 1.0]], [[0.007952319458127022, 0.9991361498832703, 0.04078942909836769, -0.02923583984375], [0.03565135598182678, 0.04048150032758713, -0.9985439777374268, 1.571533203125], [-0.9993326663970947, 0.009394889697432518, -0.03529864177107811, -0.05419921875], [0.0, 0.0, 0.0, 1.0]], [[-0.9231735467910767, 0.38323110342025757, -0.02973872423171997, 0.999267578125], [0.03957780450582504, 0.017812957987189293, -0.9990577101707458, 1.5546531677246094], [-0.3823401927947998, -0.9234806895256042, -0.03161189705133438, -0.1084442138671875], [0.0, 0.0, 0.0, 1.0]]], "view": [[0.0, -2.0, 100.0], [-2.0, 0.0, 100.0], [0.0, 0.0, 1.0]], "bev": "bev_86f3094ac0b64fc8aaeef0857fe0b8d9.png", "aux": "aux_86f3094ac0b64fc8aaeef0857fe0b8d9.npz", "visibility": "visibility_86f3094ac0b64fc8aaeef0857fe0b8d9.png", "pose": [[-0.559746265411377, 0.8286640644073486, 0.0, 1396.915771484375], [-0.8286640644073486, -0.559746265411377, 0.0, 1183.0570068359375], [0.0, 0.0, 1.0, 0.0], [0.0, 0.0, 0.0, 1.0]], "pose_inverse": [[-0.559746265411377, -0.8286640644073486, 0.0, 1762.275146484375], [0.8286640644073486, -0.559746265411377, 0.0, -495.3622131347656], [0.0, 0.0, 1.0, 0.0], [0.0, 0.0, 0.0, 1.0]], "cam_ids": [0, 1, 2, 3, 4, 5], "cam_channels": ["CAM_FRONT_LEFT", "CAM_FRONT", "CAM_FRONT_RIGHT", "CAM_BACK_LEFT", "CAM_BACK", "CAM_BACK_RIGHT"], "token": "86f3094ac0b64fc8aaeef0857fe0b8d9", "scene": "scene-0909"}, {"images": ["samples/CAM_FRONT_LEFT/n008-2018-09-18-15-12-01-0400__CAM_FRONT_LEFT__1537298050754799.jpg", "samples/CAM_FRONT/n008-2018-09-18-15-12-01-0400__CAM_FRONT__1537298050762404.jpg", "samples/CAM_FRONT_RIGHT/n008-2018-09-18-15-12-01-0400__CAM_FRONT_RIGHT__1537298050770482.jpg", "samples/CAM_BACK_LEFT/n008-2018-09-18-15-12-01-0400__CAM_BACK_LEFT__1537298050797405.jpg", "samples/CAM_BACK/n008-2018-09-18-15-12-01-0400__CAM_BACK__1537298050787558.jpg", "samples/CAM_BACK_RIGHT/n008-2018-09-18-15-12-01-0400__CAM_BACK_RIGHT__1537298050778113.jpg"], "intrinsics": [[[1257.8625342125129, 0.0, 827.2410631095686], [0.0, 1257.8625342125129, 450.915498205774], [0.0, 0.0, 1.0]], [[1252.8131021185304, 0.0, 826.588114781398], [0.0, 1252.8131021185304, 469.9846626224581], [0.0, 0.0, 1.0]], [[1256.7485116440405, 0.0, 817.7887570959712], [0.0, 1256.7485116440403, 451.9541780095127], [0.0, 0.0, 1.0]], [[1254.9860565800168, 0.0, 829.5769333630991], [0.0, 1254.9860565800168, 467.1680561863987], [0.0, 0.0, 1.0]], [[796.8910634503094, 0.0, 857.7774326863696], [0.0, 796.8910634503094, 476.8848988407415], [0.0, 0.0, 1.0]], [[1249.9629280788233, 0.0, 825.3768045375984], [0.0, 1249.9629280788233, 462.54816385708756], [0.0, 0.0, 1.0]]], "extrinsics": [[[0.822551965713501, -0.5677787065505981, 0.03218260034918785, -0.71142578125], [0.057071562856435776, 0.026110827922821045, -0.998028576374054, 1.508331298828125], [0.5658190250396729, 0.8227670192718506, 0.053881533443927765, -1.1375732421875], [0.0, 0.0, 0.0, 1.0]], [[0.012037301436066628, -0.9997166395187378, -0.020534779876470566, 0.0133056640625], [0.05861835181713104, 0.021206460893154144, -0.9980552196502686, 1.4973068237304688], [0.9982078075408936, 0.010810226202011108, 0.058857012540102005, -1.441162109375], [0.0, 0.0, 0.0, 1.0]], [[-0.8416967391967773, -0.5363531708717346, -0.062224552035331726, 0.8983154296875], [0.06622697412967682, 0.011821595951914787, -0.9977344870567322, 1.50830078125], [0.5358736515045166, -0.8439109325408936, 0.02557084709405899, -1.151123046875], [0.0, 0.0, 0.0, 1.0]], [[0.9469484090805054, 0.31813883781433105, 0.045567795634269714, -1.1263427734375], [0.03956914320588112, 0.02529580146074295, -0.9988965392112732, 1.5627708435058594], [-0.3189404606819153, 0.9477065205574036, 0.011365336365997791, -0.1622314453125], [0.0, 0.0, 0.0, 1.0]], [[0.008494463749229908, 0.9997864365577698, 0.018839174881577492, -0.029541015625], [0.04230740666389465, 0.018463658168911934, -0.9989340305328369, 1.5721054077148438], [-0.9990684986114502, 0.009282466024160385, -0.04214153811335564, -0.051