[{"images": ["samples/CAM_FRONT_LEFT/n008-2018-09-18-15-26-58-0400__CAM_FRONT_LEFT__1537298961354799.jpg", "samples/CAM_FRONT/n008-2018-09-18-15-26-58-0400__CAM_FRONT__1537298961362404.jpg", "samples/CAM_FRONT_RIGHT/n008-2018-09-18-15-26-58-0400__CAM_FRONT_RIGHT__1537298961370482.jpg", "samples/CAM_BACK_LEFT/n008-2018-09-18-15-26-58-0400__CAM_BACK_LEFT__1537298961397405.jpg", "samples/CAM_BACK/n008-2018-09-18-15-26-58-0400__CAM_BACK__1537298961387558.jpg", "samples/CAM_BACK_RIGHT/n008-2018-09-18-15-26-58-0400__CAM_BACK_RIGHT__1537298961378113.jpg"], "intrinsics": [[[1257.8625342125129, 0.0, 827.2410631095686], [0.0, 1257.8625342125129, 450.915498205774], [0.0, 0.0, 1.0]], [[1252.8131021185304, 0.0, 826.588114781398], [0.0, 1252.8131021185304, 469.9846626224581], [0.0, 0.0, 1.0]], [[1256.7485116440405, 0.0, 817.7887570959712], [0.0, 1256.7485116440403, 451.9541780095127], [0.0, 0.0, 1.0]], [[1254.9860565800168, 0.0, 829.5769333630991], [0.0, 1254.9860565800168, 467.1680561863987], [0.0, 0.0, 1.0]], [[796.8910634503094, 0.0, 857.7774326863696], [0.0, 796.8910634503094, 476.8848988407415], [0.0, 0.0, 1.0]], [[1249.9629280788233, 0.0, 825.3768045375984], [0.0, 1249.9629280788233, 462.54816385708756], [0.0, 0.0, 1.0]]], "extrinsics": [[[0.8225758075714111, -0.5685139894485474, -0.012687565758824348, -1.0048828125], [0.006793292239308357, 0.03213415667414665, -0.9994604587554932, 1.4882920980453491], [0.5686150789260864, 0.8220457434654236, 0.030294859781861305, -1.33331298828125], [0.0, 0.0, 0.0, 1.0]], [[0.01031938474625349, -0.9995566606521606, -0.027925776317715645, 0.00537109375], [0.008751887828111649, 0.028016475960612297, -0.9995691776275635, 1.4801640510559082], [0.999908447265625, 0.010070528835058212, 0.009037122130393982, -1.73486328125], [0.0, 0.0, 0.0, 1.0]], [[-0.843942403793335, -0.5358725190162659, -0.024530451744794846, 1.0904541015625], [0.016786739230155945, 0.01932431571185589, -0.9996722936630249, 1.493072509765625], [0.536171019077301, -0.8440777063369751, -0.007313058711588383, -1.2774658203125], [0.0, 0.0, 0.0, 1.0]], [[0.9478591084480286, 0.31867697834968567, 0.002851171186193824, -1.14404296875], [-0.008594952523708344, 0.034505695104599, -0.9993675351142883, 1.5620441436767578], [-0.31857386231422424, 0.9472350478172302, 0.035445548593997955, -0.156005859375], [0.0, 0.0, 0.0, 1.0]], [[0.009147999808192253, 0.9995956420898438, 0.026924895122647285, -0.028900146484375], [-0.006478223484009504, 0.026984702795743942, -0.9996148347854614, 1.5680618286132812], [-0.9999371767044067, 0.00897003524005413, 0.006722459569573402, 0.04443359375], [0.0, 0.0, 0.0, 1.0]], [[-0.9237597584724426, 0.38295432925224304, 0.0037211936432868242, 1.1605224609375], [-0.0022599308285862207, 0.004265565425157547, -0.999988317489624, 1.5478129386901855], [-0.382965624332428, -0.9237573742866516, -0.003074906999245286, -0.043609619140625], [0.0, 0.0, 0.0, 1.0]]], "view": [[0.0, -2.0, 100.0], [-2.0, 0.0, 100.0], [0.0, 0.0, 1.0]], "bev": "bev_c83b72124d48428ab1e9e4ae86a6c633.png", "aux": "aux_c83b72124d48428ab1e9e4ae86a6c633.npz", "visibility": "visibility_c83b72124d48428ab1e9e4ae86a6c633.png", "pose": [[0.651522696018219, -0.7586291432380676, 0.0, 1279.9827880859375], [0.7586291432380676, 0.651522696018219, 0.0, 1026.3720703125], [0.0, 0.0, 1.0, 0.0], [0.0, 0.0, 0.0, 1.0]], "pose_inverse": [[0.651522696018219, 0.7586291432380676, 0.0, -1612.5736083984375], [-0.7586291432380676, 0.651522696018219, 0.0, 302.3275146484375], [0.0, 0.0, 1.0, 0.0], [0.0, 0.0, 0.0, 1.0]], "cam_ids": [0, 1, 2, 3, 4, 5], "cam_channels": ["CAM_FRONT_LEFT", "CAM_FRONT", "CAM_FRONT_RIGHT", "CAM_BACK_LEFT", "CAM_BACK", "CAM_BACK_RIGHT"], "token": "c83b72124d48428ab1e9e4ae86a6c633", "scene": "scene-0808"}, {"images": ["samples/CAM_FRONT_LEFT/n008-2018-09-18-15-26-58-0400__CAM_FRONT_LEFT__1537298961854799.jpg", "samples/CAM_FRONT/n008-2018-09-18-15-26-58-0400__CAM_FRONT__1537298961862404.jpg", "samples/CAM_FRONT_RIGHT/n008-2018-09-18-15-26-58-0400__CAM_FRONT_RIGHT__1537298961870482.jpg", "samples/CAM_BACK_LEFT/n008-2018-09-18-15-26-58-0400__CAM_BACK_LEFT__1537298961897405.jpg", "samples/CAM_BACK/n008-2018-09-18-15-26-58-0400__CAM_BACK__1537298961887558.jpg", "samples/CAM_BACK_RIGHT/n008-2018-09-18-15-26-58-0400__CAM_BACK_RIGHT__1537298961878113.jpg"], "intrinsics": [[[1257.8625342125129, 0.0, 827.2410631095686], [0.0, 1257.8625342125129, 450.915498205774], [0.0, 0.0, 1.0]], [[1252.8131021185304, 0.0, 826.588114781398], [0.0, 1252.8131021185304, 469.9846626224581], [0.0, 0.0, 1.0]], [[1256.7485116440405, 0.0, 817.7887570959712], [0.0, 1256.7485116440403, 451.9541780095127], [0.0, 0.0, 1.0]], [[1254.9860565800168, 0.0, 829.5769333630991], [0.0, 1254.9860565800168, 467.1680561863987], [0.0, 0.0, 1.0]], [[796.8910634503094, 0.0, 857.7774326863696], [0.0, 796.8910634503094, 476.8848988407415], [0.0, 0.0, 1.0]], [[1249.9629280788233, 0.0, 825.3768045375984], [0.0, 1249.9629280788233, 462.54816385708756], [0.0, 0.0, 1.0]]], "extrinsics": [[[0.8225826621055603, -0.5685036182403564, -0.012704916298389435, -1.0048828125], [0.006741242948919535, 0.03209005668759346, -0.9994622468948364, 1.488294243812561], [0.5686056613922119, 0.8220546841621399, 0.030229143798351288, -1.333251953125], [0.0, 0.0, 0.0, 1.0]], [[0.010323326103389263, -0.9995577335357666, -0.027885310351848602, 0.00537109375], [0.008662676438689232, 0.02797514759004116, -0.9995710849761963, 1.4801645278930664], [0.9999091625213623, 0.010077388025820255, 0.00894764345139265, -1.73486328125], [0.0, 0.0, 0.0, 1.0]], [[-0.843944251537323, -0.5358752012252808, -0.024407511577010155, 1.0906982421875], [0.01666809432208538, 0.019281798973679543, -0.9996751546859741, 1.4930686950683594], [0.5361717939376831, -0.8440769910812378, -0.007340745534747839, -1.277587890625], [0.0, 0.0, 0.0, 1.0]], [[0.9478594064712524, 0.3186773359775543, 0.0026995399966835976, -1.14404296875], [-0.008731086738407612, 0.034435074776411057, -0.9993688464164734, 1.5620460510253906], [-0.3185691833496094, 0.947237491607666, 0.035422008484601974, -0.15606689453125], [0.0, 0.0, 0.0, 1.0]], [[0.009152151644229889, 0.9995975494384766, 0.02685111202299595, -0.02880859375], [-0.0065833828411996365, 0.026911888271570206, -0.9996160864830017, 1.568063735961914], [-0.9999364614486694, 0.00897177029401064, 0.006827034056186676, 0.04443359375], [0.0, 0.0, 0.0, 1.0]], [[-0.9237584471702576, 0.3829565942287445, 0.0038174837827682495, 1.1607666015625], [-0.002385904313996434, 0.004213113337755203, -0.999988317489624, 1.5478110313415527], [-0.3829681873321533, -0.9237567186355591, -0.002978202188387513, -0.043670654296875], [0.0, 0.0, 0.0, 1.0]]], "view": [[0.0, -2.0, 100.0], [-2.0, 0.0, 100.0], [0.0, 0.0, 1.0]], "bev": "bev_53fed2b74f194db18ec4cbae50b9c163.png", "aux": "aux_53fed2b74f194db18ec4cbae50b9c163.npz", "visibility": "visibility_53fed2b74f194db18ec4cbae50b9c163.png", "pose": [[0.6515721678733826, -0.7585866451263428, 0.0, 1279.9827880859375], [0.7585866451263428, 0.6515721678733826, 0.0, 1026.3720703125], [0.0, 0.0, 1.0, 0.0], [0.0, 0.0, 0.0, 1.0]], "pose_inverse": [[0.6515721678733826, 0.7585866451263428, 0.0, -1612.59326171875], [-0.7585866451263428, 0.6515721678733826, 0.0, 302.2223815917969], [0.0, 0.0, 1.0, 0.0], [0.0, 0.0, 0.0, 1.0]], "cam_ids": [0, 1, 2, 3, 4, 5], "cam_channels": ["CAM_FRONT_LEFT", "CAM_FRONT", "CAM_FRONT_RIGHT", "CAM_BACK_LEFT", "CAM_BACK", "CAM_BACK_RIGHT"], "token": "53fed2b74f194db18ec4cbae50b9c163", "scene": "scene-0808"}, {"images": ["samples/CAM_FRONT_LEFT/n008-2018-09-18-15-26-58-0400__CAM_FRONT_LEFT__1537298962354799.jpg", "samples/CAM_FRONT/n008-2018-09-18-15-26-58-0400__CAM_FRONT__1537298962362404.jpg", "samples/CAM_FRONT_RIGHT/n008-2018-09-18-15-26-58-0400__CAM_FRONT_RIGHT__1537298962370482.jpg", "samples/CAM_BACK_LEFT/n008-2018-09-18-15-26-58-0400__CAM_BACK_LEFT__1537298962397405.jpg", "samples/CAM_BACK/n008-2018-09-18-15-26-58-0400__CAM_BACK__1537298962387558.jpg", "samples/CAM_BACK_RIGHT/n008-2018-09-18-15-26-58-0400__CAM_BACK_RIGHT__1537298962378113.jpg"], "intrinsics": [[[1257.8625342125129, 0.0, 827.2410631095686], [0.0, 1257.8625342125129, 450.915498205774], [0.0, 0.0, 1.0]], [[1252.8131021185304, 0.0, 826.588114781398], [0.0, 1252.8131021185304, 469.9846626224581], [0.0, 0.0, 1.0]], [[1256.7485116440405, 0.0, 817.7887570959712], [0.0, 1256.7485116440403, 451.9541780095127], [0.0, 0.0, 1.0]], [[1254.9860565800168, 0.0, 829.5769333630991], [0.0, 1254.9860565800168, 467.1680561863987], [0.0, 0.0, 1.0]], [[796.8910634503094, 0.0, 857.7774326863696], [0.0, 796.8910634503094, 476.8848988407415], [0.0, 0.0, 1.0]], [[1249.9629280788233, 0.0, 825.3768045375984], [0.0, 1249.9629280788233, 462.54816385708756], [0.0, 0.0, 1.0]]], "extrinsics": [[[0.8225813508033752, -0.5685019493103027, -0.012863906100392342, -1.0048828125], [0.006606982089579105, 0.03217534348368645, -0.9994603991508484, 1.488295555114746], [0.5686091184616089, 0.822052538394928, 0.030222918838262558, -1.33331298828125], [0.0, 0.0, 0.0, 1.0]], [[0.010321728885173798, -0.9995553493499756, -0.027974175289273262, 0.00543212890625], [0.008563874289393425, 0.028063004836440086, -0.9995694756507874, 1.4801664352416992], [0.9999099969863892, 0.010077624581754208, 0.008849725127220154, -1.7347412109375], [0.0, 0.0, 0.0, 1.0]], [[-0.8439462780952454, -0.5358734726905823, -0.024375248700380325, 1.0904541015625], [0.016577210277318954, 0.01936473697423935, -0.9996750354766846, 1.4930706024169922], [0.5361714363098145, -0.8440762162208557, -0.007459509652107954, -1.2774658203125], [0.0, 0.0, 0.0, 1.0]], [[0.9478594064712524, 0.3186776638031006, 0.0026783079374581575, -1.1439208984375], [-0.008778213523328304, 0.0345086045563221, -0.9993658065795898, 1.562042236328125], [-0.31856799125671387, 0.9472347497940063, 0.0355067253112793, -0.156005859375], [0.0, 0.0, 0.0, 1.0]], [[0.00915408506989479, 0.9995953440666199, 0.02693331427872181, -0.02886962890625], [-0.006658482830971479, 0.026994779706001282, -0.999613344669342, 1.568063735961914], [-0.9999359250068665, 0.008971180766820908, 0.0069029019214212894, 0.0443115234375], [0.0, 0.0, 0.0, 1.0]], [[-0.923757791519165, 0.3829565942287445, 0.003949740435928106, 1.1607666015625], [-0.002496293280273676, 0.004292187746614218, -0.9999876618385315, 1.5478105545043945], [-0.38296881318092346, -0.9237563014030457, -0.0030089698266237974, -0.043701171875], [0.0, 0.0, 0.0, 1.0]]], "view": [[0.0, -2.0, 100.0], [-2.0, 0.0, 100.0], [0.0, 0.0, 1.0]], "bev": "bev_01df3b9136484a5d8af9f2547f8ebfb8.png", "aux": "aux_01df3b9136484a5d8af9f2547f8ebfb8.npz", "visibility": "visibility_01df3b9136484a5d8af9f2547f8ebfb8.png", "pose": [[0.6516228318214417, -0.7585431337356567, 0.0, 1279.9827880859375], [0.7585431337356567, 0.6516228318214417, 0.0, 1026.3720703125], [0.0, 0.0, 1.0, 0.0], [0.0, 0.0, 0.0, 1.0]], "pose_inverse": [[0.6516228318214417, 0.7585431337356567, 0.0, -1612.613525390625], [-0.7585431337356567, 0.6516228318214417, 0.0, 302.1146545410156], [0.0, 0.0, 1.0, 0.0], [0.0, 0.0, 0.0, 1.0]], "cam_ids": [0, 1, 2, 3, 4, 5], "cam_channels": ["CAM_FRONT_LEFT", "CAM_FRONT", "CAM_FRONT_RIGHT", "CAM_BACK_LEFT", "CAM_BACK", "CAM_BACK_RIGHT"], "token": "01df3b9136484a5d8af9f2547f8ebfb8", "scene": "scene-0808"}, {"images": ["samples/CAM_FRONT_LEFT/n008-2018-09-18-15-26-58-0400__CAM_FRONT_LEFT__1537298962904799.jpg", "samples/CAM_FRONT/n008-2018-09-18-15-26-58-0400__CAM_FRONT__1537298962912404.jpg", "samples/CAM_FRONT_RIGHT/n008-2018-09-18-15-26-58-0400__CAM_FRONT_RIGHT__1537298962920482.jpg", "samples/CAM_BACK_LEFT/n008-2018-09-18-15-26-58-0400__CAM_BACK_LEFT__1537298962947405.jpg", "samples/CAM_BACK/n008-2018-09-18-15-26-58-0400__CAM_BACK__1537298962937558.jpg", "samples/CAM_BACK_RIGHT/n008-2018-09-18-15-26-58-0400__CAM_BACK_RIGHT__1537298962928113.jpg"], "intrinsics": [[[1257.8625342125129, 0.0, 827.2410631095686], [0.0, 1257.8625342125129, 450.915498205774], [0.0, 0.0, 1.0]], [[1252.8131021185304, 0.0, 826.588114781398], [0.0, 1252.8131021185304, 469.9846626224581], [0.0, 0.0, 1.0]], [[1256.7485116440405, 0.0, 817.7887570959712], [0.0, 1256.7485116440403, 451.9541780095127], [0.0, 0.0, 1.0]], [[1254.9860565800168, 0.0, 829.5769333630991], [0.0, 1254.9860565800168, 467.1680561863987], [0.0, 0.0, 1.0]], [[796.8910634503094, 0.0, 857.7774326863696], [0.0, 796.8910634503094, 476.8848988407415], [0.0, 0.0, 1.0]], [[1249.9629280788233, 0.0, 825.3768045375984], [0.0, 1249.9629280788233, 462.54816385708756], [0.0, 0.0, 1.0]]], "extrinsics": [[[0.8225860595703125, -0.5685027837753296, -0.012524088844656944, -1.0048828125], [0.006975151598453522, 0.03211063891649246, -0.999459981918335, 1.4882934093475342], [0.5685979723930359, 0.8220544457435608, 0.03037915751338005, -1.33331298828125], [0.0, 0.0, 0.0, 1.0]], [[0.01033224817365408, -0.999557614326477, -0.02788831666111946, 0.00543212890625], [0.008901508525013924, 0.027980642393231392, -0.9995688199996948, 1.4801645278930664], [0.9999069571495056, 0.010079481638967991, 0.00918667297810316, -1.7347412109375], [0.0, 0.0, 0.0, 1.0]], [[-0.8439375758171082, -0.5358774065971375, -0.024592548608779907, 1.0904541015625], [0.016893362626433372, 0.01927218586206436, -0.9996715188026428, 1.4930706024169922], [0.5361753106117249, -0.8440758585929871, -0.007211749441921711, -1.27783203125], [0.0, 0.0, 0.0, 1.0]], [[0.9478582143783569, 0.3186786472797394, 0.0029690577648580074, -1.1439208984375], [-0.008444931358098984, 0.03442901372909546, -0.9993714690208435, 1.562042236328125], [-0.3185805082321167, 0.9472372531890869, 0.03532504290342331, -0.15606689453125], [0.0, 0.0, 0.0, 1.0]], [[0.00914539210498333, 0.9995976686477661, 0.02685120329260826, -0.028900146484375], [-0.006348120979964733, 0.02690982259809971, -0.9996176958084106, 1.5680618286132812], [-0.9999380111694336, 0.008971404284238815, 0.0065916674211621284, 0.04443359375], [0.0, 0.0, 0.0, 1.0]], [[-0.9237601161003113, 0.38295459747314453, 0.0036029010079801083, 1.1607666015625], [-0.002156985690817237, 0.004204995464533567, -0.9999887943267822, 1.5478119850158691], [-0.38296541571617126, -0.9237575531005859, -0.0030583797488361597, -0.043670654296875], [0.0, 0.0, 0.0, 1.0]]], "view": [[0.0, -2.0, 100.0], [-2.0, 0.0, 100.0], [0.0, 0.0, 1.0]], "bev": "bev_ff8e71f8a97f468bb0bd8bdb9abb9ca7.png", "aux": "aux_ff8e71f8a97f468bb0bd8bdb9abb9ca7.npz", "visibility": "visibility_ff8e71f8a97f468bb0bd8bdb9abb9ca7.png", "pose": [[0.6516068577766418, -0.7585568428039551, 0.0, 1279.9827880859375], [0.7585568428039551, 0.6516068577766418, 0.0, 1026.3720703125], [0.0, 0.0, 1.0, 0.0], [0.0, 0.0, 0.0, 1.0]], "pose_inverse": [[0.6516068577766418, 0.7585568428039551, 0.0, -1612.607177734375], [-0.7585568428039551, 0.6516068577766418, 0.0, 302.1486511230469], [0.0, 0.0, 1.0, 0.0], [0.0, 0.0, 0.0, 1.0]], "cam_ids": [0, 1, 2, 3, 4, 5], "cam_channels": ["CAM_FRONT_LEFT", "CAM_FRONT", "CAM_FRONT_RIGHT", "CAM_BACK_LEFT", "CAM_BACK", "CAM_BACK_RIGHT"], "token": "ff8e71f8a97f468bb0bd8bdb9abb9ca7", "scene": "scene-0808"}, {"images": ["samples/CAM_FRONT_LEFT/n008-2018-09-18-15-26-58-0400__CAM_FRONT_LEFT__1537298963404799.jpg", "samples/CAM_FRONT/n008-2018-09-18-15-26-58-0400__CAM_FRONT__1537298963412413.jpg", "samples/CAM_FRONT_RIGHT/n008-2018-09-18-15-26-58-0400__CAM_FRONT_RIGHT__1537298963420539.jpg", "samples/CAM_BACK_LEFT/n008-2018-09-18-15-26-58-0400__CAM_BACK_LEFT__1537298963447405.jpg", "samples/CAM_BACK/n008-2018-09-18-15-26-58-0400__CAM_BACK__1537298963438030.jpg", "samples/CAM_BACK_RIGHT/n008-2018-09-18-15-26-58-0400__CAM_BACK_RIGHT__1537298963428113.jpg"], "intrinsics": [[[1257.8625342125129, 0.0, 827.2410631095686], [0.0, 1257.8625342125129, 450.915498205774], [0.0, 0.0, 1.0]], [[1252.8131021185304, 0.0, 826.588114781398], [0.0, 1252.8131021185304, 469.9846626224581], [0.0, 0.0, 1.0]], [[1256.7485116440405, 0.0, 817.7887570959712], [0.0, 1256.7485116440403, 451.9541780095127], [0.0, 0.0, 1.0]], [[1254.9860565800168, 0.0, 829.5769333630991], [0.0, 1254.9860565800168, 467.1680561863987], [0.0, 0.0, 1.0]], [[796.8910634503094, 0.0, 857.7774326863696], [0.0, 796.8910634503094, 476.8848988407415], [0.0, 0.0, 1.0]], [[1249.9629280788233, 0.0, 825.3768045375984], [0.0, 1249.9629280788233, 462.54816385708756], [0.0, 0.0, 1.0]]], "extrinsics": [[[0.822581946849823, -0.5685077905654907, -0.012561962939798832, -1.005126953125], [0.006924624554812908, 0.03210379555821419, -0.9994605183601379, 1.4882957935333252], [0.5686044692993164, 0.8220512270927429, 0.030344702303409576, -1.33331298828125], [0.0, 0.0, 0.0, 1.0]], [[0.0103272944688797, -0.9995576739311218, -0.027889171615242958, 0.005279541015625], [0.008909768424928188, 0.027981534600257874, -0.99956876039505, 1.4801645278930664], [0.9999070167541504, 0.010074365884065628, 0.009194801561534405, -1.7347412109375], [0.0, 0.0, 0.0, 1.0]], [[-0.8439381122589111, -0.5358737707138062, -0.024654800072312355, 1.0904541015625], [0.016961483284831047, 0.019281085580587387, -0.9996702075004578, 1.493072509765625], [0.5361723899841309, -0.844078004360199, -0.007182828150689602, -1.277587890625], [0.0, 0.0, 0.0, 1.0]], [[0.9478601217269897, 0.3186725974082947, 0.002987567102536559, -1.14404296875], [-0.008426060900092125, 0.03443163260817528, -0.9993715286254883, 1.5620460510253906], [-0.3185751736164093, 0.9472392797470093, 0.03532152622938156, -0.15594482421875], [0.0, 0.0, 0.0, 1.0]], [[0.009145200252532959, 0.9995975494384766, 0.026851989328861237, -0.02886962890625], [-0.006276115775108337, 0.026909958571195602, -0.9996181130409241, 1.5680618286132812], [-0.9999384880065918, 0.008973155170679092, 0.006519685965031385, 0.0443115234375], [0.0, 0.0, 0.0, 1.0]], [[-0.9237591624259949, 0.3829573690891266, 0.003555197734385729, 1.16064453125], [-0.002103616949170828, 0.004209146369248629, -0.9999889135360718, 1.5478105545043945], [-0.38296809792518616, -0.9237564206123352, -0.0030826404690742493, -0.043670654296875], [0.0, 0.0, 0.0, 1.0]]], "view": [[0.0, -2.0, 100.0], [-2.0, 0.0, 100.0], [0.0, 0.0, 1.0]], "bev": "bev_55babbcacf6c43b9b7f0497ddef5b987.png", "aux": "aux_55babbcacf6c43b9b7f0497ddef5b987.npz", "visibility": "visibility_55babbcacf6c43b9b7f0497ddef5b987.png", "pose": [[0.6515095233917236, -0.758640468120575, 0.0, 1279.9827880859375], [0.758640468120575, 0.6515095233917236, 0.0, 1026.3720703125], [0.0, 0.0, 1.0, 0.0], [0.0, 0.0, 0.0, 1.0]], "pose_inverse": [[0.6515095233917236, 0.758640468120575, 0.0, -1612.568359375], [-0.758640468120575, 0.6515095233917236, 0.0, 302.3555603027344], [0.0, 0.0, 1.0, 0.0], [0.0, 0.0, 0.0, 1.0]], "cam_ids": [0, 1, 2, 3, 4, 5], "cam_channels": ["CAM_FRONT_LEFT", "CAM_FRONT", "CAM_FRONT_RIGHT", "CAM_BACK_LEFT", "CAM_BACK", "CAM_BACK_RIGHT"], "token": "55babbcacf6c43b9b7f0497ddef5b987", "scene": "scene-0808"}, {"images": ["samples/CAM_FRONT_LEFT/n008-2018-09-18-15-26-58-0400__CAM_FRONT_LEFT__1537298963904799.jpg", "samples/CAM_FRONT/n008-2018-09-18-15-26-58-0400__CAM_FRONT__1537298963912404.jpg", "samples/CAM_FRONT_RIGHT/n008-2018-09-18-15-26-58-0400__CAM_FRONT_RIGHT__1537298963920482.jpg", "samples/CAM_BACK_LEFT/n008-2018-09-18-15-26-58-0400__CAM_BACK_LEFT__1537298963947405.jpg", "samples/CAM_BACK/n008-2018-09-18-15-26-58-0400__CAM_BACK__1537298963937558.jpg", "samples/CAM_BACK_RIGHT/n008-2018-09-18-15-26-58-0400__CAM_BACK_RIGHT__1537298963928113.jpg"], "intrinsics": [[[1257.8625342125129, 0.0, 827.2410631095686], [0.0, 1257.8625342125129, 450.915498205774], [0.0, 0.0, 1.0]], [[1252.8131021185304, 0.0, 826.588114781398], [0.0, 1252.8131021185304, 469.9846626224581], [0.0, 0.0, 1.0]], [[1256.7485116440405, 0.0, 817.7887570959712], [0.0, 1256.7485116440403, 451.9541780095127], [0.0, 0.0, 1.0]], [[1254.9860565800168, 0.0, 829.5769333630991], [0.0, 1254.9860565800168, 467.1680561863987], [0.0, 0.0, 1.0]], [[796.8910634503094, 0.0, 857.7774326863696], [0.0, 796.8910634503094, 476.8848988407415], [0.0, 0.0, 1.0]], [[1249.9629280788233, 0.0, 825.3768045375984], [0.0, 1249.9629280788233, 462.54816385708756], [0.0, 0.0, 1.0]]], "extrinsics": [[[0.8225978016853333, -0.568485677242279, -0.012524810619652271, -1.005126953125], [0.006906052585691214, 0.03201311454176903, -0.9994635581970215, 1.4882936477661133], [0.5685817003250122, 0.8220701217651367, 0.030259907245635986, -1.3333740234375], [0.0, 0.0, 0.0, 1.0]], [[0.010348591953516006, -0.9995598196983337, -0.027805974707007408, 0.00537109375], [0.008868862874805927, 0.027898119762539864, -0.9995714426040649, 1.4801640510559082], [0.9999071359634399, 0.010097542777657509, 0.009153665974736214, -1.7347412109375], [0.0, 0.0, 0.0, 1.0]], [[-0.8439310789108276, -0.5358891487121582, -0.02456042543053627, 1.0904541015625], [0.016897540539503098, 0.019205518066883087, -0.9996727108955383, 1.493072509765625], [0.5361854434013367, -0.8440698981285095, -0.0071529243141412735, -1.277587890625], [0.0, 0.0, 0.0, 1.0]], [[0.9478592872619629, 0.31867581605911255, 0.002889001742005348, -1.14404296875], [-0.00850766059011221, 0.03436487913131714, -0.9993731379508972, 1.5620441436767578], [-0.31857532262802124, 0.9472405910491943, 0.03528425842523575, -0.156005859375], [0.0, 0.0, 0.0, 1.0]], [[0.009145952761173248, 0.9995993375778198, 0.026786785572767258, -0.02886962890625], [-0.006374954245984554, 0.026845647022128105, -0.9996192455291748, 1.5680618286132812], [-0.9999379515647888, 0.008971599861979485, 0.006617928389459848, 0.0443115234375], [0.0, 0.0, 0.0, 1.0]], [[-0.9237626194953918, 0.38294851779937744, 0.0035918077919632196, 1.16064453125], [-0.0021714160684496164, 0.004141274373978376, -0.9999890327453613, 1.5478124618530273], [-0.382959246635437, -0.9237603545188904, -0.0029940144158899784, -0.043670654296875], [0.0, 0.0, 0.0, 1.0]]], "view": [[0.0, -2.0, 100.0], [-2.0, 0.0, 100.0], [0.0, 0.0, 1.0]], "bev": "bev_384e001343e440e689552dec8f05fd0d.png", "aux": "aux_384e001343e440e689552dec8f05fd0d.npz", "visibility": "visibility_384e001343e440e689552dec8f05fd0d.png", "pose": [[0.6515602469444275, -0.7585968971252441, 0.0, 1279.9827880859375], [0.7585968971252441, 0.6515602469444275, 0.0, 1026.3720703125], [0.0, 0.0, 1.0, 0.0], [0.0, 0.0, 0.0, 1.0]], "pose_inverse": [[0.6515602469444275, 0.7585968971252441, 0.0, -1612.588623046875], [-0.7585968971252441, 0.6515602469444275, 0.0, 302.2476806640625], [0.0, 0.0, 1.0, 0.0], [0.0, 0.0, 0.0, 1.0]], "cam_ids": [0, 1, 2, 3, 4, 5], "cam_channels": ["CAM_FRONT_LEFT", "CAM_FRONT", "CAM_FRONT_RIGHT", "CAM_BACK_LEFT", "CAM_BACK", "CAM_BACK_RIGHT"], "token": "384e001343e440e689552dec8f05fd0d", "scene": "scene-0808"}, {"images": ["samples/CAM_FRONT_LEFT/n008-2018-09-18-15-26-58-0400__CAM_FRONT_LEFT__1537298964404799.jpg", "samples/CAM_FRONT/n008-2018-09-18-15-26-58-0400__CAM_FRONT__1537298964412404.jpg", "samples/CAM_FRONT_RIGHT/n008-2018-09-18-15-26-58-0400__CAM_FRONT_RIGHT__1537298964420482.jpg", "samples/CAM_BACK_LEFT/n008-2018-09-18-15-26-58-0400__CAM_BACK_LEFT__1537298964447405.jpg", "samples/CAM_BACK/n008-2018-09-18-15-26-58-0400__CAM_BACK__1537298964437558.jpg", "samples/CAM_BACK_RIGHT/n008-2018-09-18-15-26-58-0400__CAM_BACK_RIGHT__1537298964428113.jpg"], "intrinsics": [[[1257.8625342125129, 0.0, 827.2410631095686], [0.0, 1257.8625342125129, 450.915498205774], [0.0, 0.0, 1.0]], [[1252.8131021185304, 0.0, 826.588114781398], [0.0, 1252.8131021185304, 469.9846626224581], [0.0, 0.0, 1.0]], [[1256.7485116440405, 0.0, 817.7887570959712], [0.0, 1256.7485116440403, 451.9541780095127], [0.0, 0.0, 1.0]], [[1254.9860565800168, 0.0, 829.5769333630991], [0.0, 1254.9860565800168, 467.1680561863987], [0.0, 0.0, 1.0]], [[796.8910634503094, 0.0, 857.7774326863696], [0.0, 796.8910634503094, 476.8848988407415], [0.0, 0.0, 1.0]], [[1249.9629280788233, 0.0, 825.3768045375984], [0.0, 1249.9629280788233, 462.54816385708756], [0.0, 0.0, 1.0]]], "extrinsics": [[[0.8225878477096558, -0.5685017108917236, -0.012454710900783539, -1.0050048828125], [0.006958611309528351, 0.031964920461177826, -0.999464750289917, 1.488295078277588], [0.5685955882072449, 0.8220608234405518, 0.030249934643507004, -1.3333740234375], [0.0, 0.0, 0.0, 1.0]], [[0.010334246791899204, -0.9995614886283875, -0.027748391032218933, 0.00537109375], [0.008907920680940151, 0.02784079685807228, -0.9995726943016052, 1.4801664352416992], [0.9999068379402161, 0.010082578286528587, 0.009191729128360748, -1.734619140625], [0.0, 0.0, 0.0, 1.0]], [[-0.8439365029335022, -0.5358811020851135, -0.02454771287739277, 1.090576171875], [0.01692517288029194, 0.019138436764478683, -0.9996735453605652, 1.4930686950683594], [0.5361760258674622, -0.8440765142440796, -0.007081746123731136, -1.277587890625], [0.0, 0.0, 0.0, 1.0]], [[0.9478592872619629, 0.3186759948730469, 0.002921078819781542, -1.143798828125], [-0.00844569131731987, 0.034281156957149506, -0.9993765354156494, 1.562042236328125], [-0.3185775578022003, 0.9472435712814331, 0.03518514707684517, -0.15618896484375], [0.0, 0.0, 0.0, 1.0]], [[0.009145630523562431, 0.9996015429496765, 0.026700517162680626, -0.028839111328125], [-0.006338729057461023, 0.02675905078649521, -0.9996217489242554, 1.5680599212646484], [-0.9999380707740784, 0.008972887881100178, 0.006580933462828398, 0.0443115234375], [0.0, 0.0, 0.0, 1.0]], [[-0.9237602353096008, 0.38295507431030273, 0.003527554916217923, 1.16064453125], [-0.002134213922545314, 0.004063179716467857, -0.9999894499778748, 1.5478124618530273], [-0.3829653859138489, -0.9237580299377441, -0.0029360956978052855, -0.043670654296875], [0.0, 0.0, 0.0, 1.0]]], "view": [[0.0, -2.0, 100.0], [-2.0, 0.0, 100.0], [0.0, 0.0, 1.0]], "bev": "bev_51ddc58cd4ee4238a1f48ee55125c332.png", "aux": "aux_51ddc58cd4ee4238a1f48ee55125c332.npz", "visibility": "visibility_51ddc58cd4ee4238a1f48ee55125c332.png", "pose": [[0.6516031622886658, -0.7585600018501282, 0.0, 1279.9827880859375], [0.7585600018501282, 0.6516031622886658, 0.0, 1026.3720703125], [0.0, 0.0, 1.0, 0.0], [0.0, 0.0, 0.0, 1.0]], "pose_inverse": [[0.6516031622886658, 0.7585600018501282, 0.0, -1612.605712890625], [-0.7585600018501282, 0.6516031622886658, 0.0, 302.15643310546875], [0.0, 0.0, 1.0, 0.0], [0.0, 0.0, 0.0, 1.0]], "cam_ids": [0, 1, 2, 3, 4, 5], "cam_channels": ["CAM_FRONT_LEFT", "CAM_FRONT", "CAM_FRONT_RIGHT", "CAM_BACK_LEFT", "CAM_BACK", "CAM_BACK_RIGHT"], "token": "51ddc58cd4ee4238a1f48ee55125c332", "scene": "scene-0808"}, {"images": ["samples/CAM_FRONT_LEFT/n008-2018-09-18-15-26-58-0400__CAM_FRONT_LEFT__1537298964904799.jpg", "samples/CAM_FRONT/n008-2018-09-18-15-26-58-0400__CAM_FRONT__1537298964912404.jpg", "samples/CAM_FRONT_RIGHT/n008-2018-09-18-15-26-58-0400__CAM_FRONT_RIGHT__1537298964920482.jpg", "samples/CAM_BACK_LEFT/n008-2018-09-18-15-26-58-0400__CAM_BACK_LEFT__1537298964949065.jpg", "samples/CAM_BACK/n008-2018-09-18-15-26-58-0400__CAM_BACK__1537298964937558.jpg", "samples/CAM_BACK_RIGHT/n008-2018-09-18-15-26-58-0400__CAM_BACK_RIGHT__1537298964928113.jpg"], "intrinsics": [[[1257.8625342125129, 0.0, 827.2410631095686], [0.0, 1257.8625342125129, 450.915498205774], [0.0, 0.0, 1.0]], [[1252.8131021185304, 0.0, 826.588114781398], [0.0, 1252.8131021185304, 469.9846626224581], [0.0, 0.0, 1.0]], [[1256.7485116440405, 0.0, 817.7887570959712], [0.0, 1256.7485116440403, 451.9541780095127], [0.0, 0.0, 1.0]], [[1254.9860565800168, 0.0, 829.5769333630991], [0.0, 1254.9860565800168, 467.1680561863987], [0.0, 0.0, 1.0]], [[796.8910634503094, 0.0, 857.7774326863696], [0.0, 796.8910634503094, 476.8848988407415], [0.0, 0.0, 1.0]], [[1249.9629280788233, 0.0, 825.3768045375984], [0.0, 1249.9629280788233, 462.54816385708756], [0.0, 0.0, 1.0]]], "extrinsics": [[[0.8225761651992798, -0.5685166120529175, -0.012544739060103893, -1.0048828125], [0.006826740223914385, 0.031931452453136444, -0.9994667172431946, 1.4882938861846924], [0.56861412525177, 0.8220518231391907, 0.030147166922688484, -1.333251953125], [0.0, 0.0, 0.0, 1.0]], [[0.010316574946045876, -0.9995622634887695, -0.027727864682674408, 0.005462646484375], [0.008770034648478031, 0.027818720787763596, -0.9995745420455933, 1.480165958404541], [0.9999083280563354, 0.010069017298519611, 0.009053188376128674, -1.734619140625], [0.0, 0.0, 0.0, 1.0]], [[-0.8439455032348633, -0.5358728170394897, -0.024419736117124557, 1.090576171875], [0.016779955476522446, 0.01912853494286537, -0.9996761679649353, 1.493072509765625], [0.5361663699150085, -0.8440819978713989, -0.007151520811021328, -1.2777099609375], [0.0, 0.0, 0.0, 1.0]], [[0.9478598237037659, 0.3186749219894409, 0.002837411593645811, -1.1441650390625], [-0.008541379123926163, 0.03430350869894028, -0.9993749260902405, 1.5620498657226562], [-0.31857311725616455, 0.9472431540489197, 0.035236842930316925, -0.15606689453125], [0.0, 0.0, 0.0, 1.0]], [[0.009152048267424107, 0.9996010065078735, 0.026722844690084457, -0.028839111328125], [-0.006434534210711718, 0.026782279834151268, -0.9996205568313599, 1.5680618286132812], [-0.9999374151229858, 0.008976555429399014, 0.006677079480141401, 0.04443359375], [0.0, 0.0, 0.0, 1.0]], [[-0.9237569570541382, 0.38296180963516235, 0.003651491366326809, 1.1605224609375], [-0.0022674989886581898, 0.00406524445861578, -0.9999891519546509, 1.5478124618530273], [-0.38297247886657715, -0.9237552285194397, -0.0028869323432445526, -0.04376220703125], [0.0, 0.0, 0.0, 1.0]]], "view": [[0.0, -2.0, 100.0], [-2.0, 0.0, 100.0], [0.0, 0.0, 1.0]], "bev": "bev_89fc8c7117d44f70800b3f3a4bdce8dc.png", "aux": "aux_89fc8c7117d44f70800b3f3a4bdce8dc.npz", "visibility": "visibility_89fc8c7117d44f70800b3f3a4bdce8dc.png", "pose": [[0.6515578031539917, -0.7585989832878113, 0.0, 1279.9827880859375], [0.7585989832878113, 0.6515578031539917, 0.0, 1026.3720703125], [0.0, 0.0, 1.0, 0.0], [0.0, 0.0, 0.0, 1.0]], "pose_inverse": [[0.6515578031539917, 0.7585989832878113, 0.0, -1612.587646484375], [-0.7585989832878113, 0.6515578031539917, 0.0, 302.25286865234375], [0.0, 0.0, 1.0, 0.0], [0.0, 0.0, 0.0, 1.0]], "cam_ids": [0, 1, 2, 3, 4, 5], "cam_channels": ["CAM_FRONT_LEFT", "CAM_FRONT", "CAM_FRONT_RIGHT", "CAM_BACK_LEFT", "CAM_BACK", "CAM_BACK_RIGHT"], "token": "89fc8c7117d44f70800b3f3a4bdce8dc", "scene": "scene-0808"}, {"images": ["samples/CAM_FRONT_LEFT/n008-2018-09-18-15-26-58-0400__CAM_FRONT_LEFT__1537298965404799.jpg", "samples/CAM_FRONT/n008-2018-09-18-15-26-58-0400__CAM_FRONT__1537298965412404.jpg", "samples/CAM_FRONT_RIGHT/n008-2018-09-18-15-26-58-0400__CAM_FRONT_RIGHT__1537298965420482.jpg", "samples/CAM_BACK_LEFT/n008-2018-09-18-15-26-58-0400__CAM_BACK_LEFT__1537298965447405.jpg", "samples/CAM_BACK/n008-2018-09-18-15-26-58-0400__CAM_BACK__1537298965437558.jpg", "samples/CAM_BACK_RIGHT/n008-2018-09-18-15-26-58-0400__CAM_BACK_RIGHT__1537298965428113.jpg"], "intrinsics": [[[1257.8625342125129, 0.0, 827.2410631095686], [0.0, 1257.8625342125129, 450.915498205774], [0.0, 0.0, 1.0]], [[1252.8131021185304, 0.0, 826.588114781398], [0.0, 1252.8131021185304, 469.9846626224581], [0.0, 0.0, 1.0]], [[1256.7485116440405, 0.0, 817.7887570959712], [0.0, 1256.7485116440403, 451.9541780095127], [0.0, 0.0, 1.0]], [[1254.9860565800168, 0.0, 829.5769333630991], [0.0, 1254.9860565800168, 467.1680561863987], [0.0, 0.0, 1.0]], [[796.8910634503094, 0.0, 857.7774326863696], [0.0, 796.8910634503094, 476.8848988407415], [0.0, 0.0, 1.0]], [[1249.9629280788233, 0.0, 825.3768045375984], [0.0, 1249.9629280788233, 462.54816385708756], [0.0, 0.0, 1.0]]], "extrinsics": [[[0.8225921392440796, -0.568493127822876, -0.012561237439513206, -1.0050048828125], [0.006848128512501717, 0.03199287876486778, -0.9994646310806274, 1.4882941246032715], [0.5685905814170837, 0.8220657706260681, 0.030210202559828758, -1.33331298828125], [0.0, 0.0, 0.0, 1.0]], [[0.010342327877879143, -0.9995602369308472, -0.02779128961265087, 0.00531005859375], [0.008817705325782299, 0.027882860973477364, -0.9995722770690918, 1.4801664352416992], [0.9999076128005981, 0.010092837736010551, 0.009102201089262962, -1.7347412109375], [0.0, 0.0, 0.0, 1.0]], [[-0.8439326882362366, -0.5358884930610657, -0.024518394842743874, 1.0904541015625], [0.016854168847203255, 0.019195429980754852, -0.9996736645698547, 1.4930706024169922], [0.5361842513084412, -0.8440706133842468, -0.007167698349803686, -1.2774658203125], [0.0, 0.0, 0.0, 1.0]], [[0.9478593468666077, 0.3186761140823364, 0.0028602785896509886, -1.1439208984375], [-0.008540753275156021, 0.034373193979263306, -0.9993726015090942, 1.5620441436767578], [-0.31857454776763916, 0.9472402334213257, 0.03530268743634224, -0.15606689453125], [0.0, 0.0, 0.0, 1.0]], [[0.009142551571130753, 0.9995991587638855, 0.026793943718075752, -0.02880859375], [-0.006412048824131489, 0.02685311622917652, -0.9996187686920166, 1.568063735961914], [-0.9999377131462097, 0.008967169560492039, 0.006654984783381224, 0.0443115234375], [0.0, 0.0, 0.0, 1.0]], [[-0.9237630367279053, 0.3829473555088043, 0.0036231030244380236, 1.16064453125], [-0.0022097427863627672, 0.004130551125854254, -0.9999890327453613, 1.5478124618530273], [-0.3829581141471863, -0.9237609505653381, -0.0029694358818233013, -0.04364013671875], [0.0, 0.0, 0.0, 1.0]]], "view": [[0.0, -2.0, 100.0], [-2.0, 0.0, 100.0], [0.0, 0.0, 1.0]], "bev": "bev_4408f62eabba452cab9e332f2ec2b7fb.png", "aux": "aux_4408f62eabba452cab9e332f2ec2b7fb.npz", "visibility": "visibility_4408f62eabba452cab9e332f2ec2b7fb.png", "pose": [[0.6515800952911377, -0.7585798501968384, 0.0, 1279.9827880859375], [0.7585798501968384, 0.6515800952911377, 0.0, 1026.3720703125], [0.0, 0.0, 1.0, 0.0], [0.0, 0.0, 0.0, 1.0]], "pose_inverse": [[0.6515800952911377, 0.7585798501968384, 0.0, -1612.596435546875], [-0.7585798501968384, 0.6515800952911377, 0.0, 302.2055969238281], [0.0, 0.0, 1.0, 0.0], [0.0, 0.0, 0.0, 1.0]], "cam_ids": [0, 1, 2, 3, 4, 5], "cam_channels": ["CAM_FRONT_LEFT", "CAM_FRONT", "CAM_FRONT_RIGHT", "CAM_BACK_LEFT", "CAM_BACK", "CAM_BACK_RIGHT"], "token": "4408f62eabba452cab9e332f2ec2b7fb", "scene": "scene-0808"}, {"images": ["samples/CAM_FRONT_LEFT/n008-2018-09-18-15-26-58-0400__CAM_FRONT_LEFT__1537298965904800.jpg", "samples/CAM_FRONT/n008-2018-09-18-15-26-58-0400__CAM_FRONT__1537298965912404.jpg", "samples/CAM_FRONT_RIGHT/n008-2018-09-18-15-26-58-0400__CAM_FRONT_RIGHT__1537298965920482.jpg", "samples/CAM_BACK_LEFT/n008-2018-09-18-15-26-58-0400__CAM_BACK_LEFT__1537298965947405.jpg", "samples/CAM_BACK/n008-2018-09-18-15-26-58-0400__CAM_BACK__1537298965937558.jpg", "samples/CAM_BACK_RIGHT/n008-2018-09-18-15-26-58-0400__CAM_BACK_RIGHT__1537298965928113.jpg"], "intrinsics": [[[1257.8625342125129, 0.0, 827.2410631095686], [0.0, 1257.8625342125129, 450.915498205774], [0.0, 0.0, 1.0]], [[1252.8131021185304, 0.0, 826.588114781398], [0.0, 1252.8131021185304, 469.9846626224581], [0.0, 0.0, 1.0]], [[1256.7485116440405, 0.0, 817.7887570959712], [0.0, 1256.7485116440403, 451.9541780095127], [0.0, 0.0, 1.0]], [[1254.9860565800168, 0.0, 829.5769333630991], [0.0, 1254.9860565800168, 467.1680561863987], [0.0, 0.0, 1.0]], [[796.8910634503094, 0.0, 857.7774326863696], [0.0, 796.8910634503094, 476.8848988407415], [0.0, 0.0, 1.0]], [[1249.9629280788233, 0.0, 825.3768045375984], [0.0, 1249.9629280788233, 462.54816385708756], [0.0, 0.0, 1.0]]], "extrinsics": [[[0.8225866556167603, -0.568500816822052, -0.012576581910252571, -1.0050048828125], [0.006765192374587059, 0.03189942613244057, -0.999468207359314, 1.4882941246032715], [0.5685996413230896, 0.8220641016960144, 0.030086057260632515, -1.33331298828125], [0.0, 0.0, 0.0, 1.0]], [[0.010332820005714893, -0.9995630383491516, -0.027692560106515884, 0.005340576171875], [0.00872499868273735, 0.02778310887515545, -0.9995759129524231, 1.480165958404541], [0.9999085664749146, 0.010086847469210625, 0.009008266031742096, -1.7347412109375], [0.0, 0.0, 0.0, 1.0]], [[-0.8439383506774902, -0.5358861088752747, -0.02437484823167324, 1.090576171875], [0.016751864925026894, 0.01908884197473526, -0.9996774196624756, 1.4930744171142578], [0.5361785292625427, -0.844074547290802, -0.007132715545594692, -1.2774658203125], [0.0, 0.0, 0.0, 1.0]], [[0.9478577971458435, 0.31868240237236023, 0.002698752097785473, -1.143798828125], [-0.00867355614900589, 0.03426094353199005, -0.9993752837181091, 1.562042236328125], [-0.31857579946517944, 0.9472420811653137, 0.035238608717918396, -0.15606689453125], [0.0, 0.0, 0.0, 1.0]], [[0.009148159995675087, 0.999602198600769, 0.026678992435336113, -0.028839111328125], [-0.006531276274472475, 0.026739269495010376, -0.9996210932731628, 1.5680618286132812], [-0.9999368190765381, 0.00897038634866476, 0.00677329208701849, 0.04443359375], [0.0, 0.0, 0.0, 1.0]], [[-0.9237609505653381, 0.3829517364501953, 0.003673345549032092, 1.160888671875], [-0.0023082324769347906, 0.004024136811494827, -0.9999892711639404, 1.5478119850158691], [-0.3829624652862549, -0.9237595796585083, -0.0028333989903330803, -0.043731689453125], [0.0, 0.0, 0.0, 1.0]]], "view": [[0.0, -2.0, 100.0], [-2.0, 0.0, 100.0], [0.0, 0.0, 1.0]], "bev": "bev_a38d590b83f74b1680b57ed096a05d9a.png", "aux": "aux_a38d590b83f74b1680b57ed096a05d9a.npz", "visibility": "visibility_a38d590b83f74b1680b57ed096a05d9a.png", "pose": [[0.6515408158302307, -0.7586135864257812, 0.0, 1279.9827880859375], [0.7586135864257812, 0.6515408158302307, 0.0, 1026.3720703125], [0.0, 0.0, 1.0, 0.0], [0.0, 0.0, 0.0, 1.0]], "pose_inverse": [[0.6515408158302307, 0.7586135864257812, 0.0, -1612.580810546875], [-0.7586135864257812, 0.6515408158302307, 0.0, 302.2890319824219], [0.0, 0.0, 1.0, 0.0], [0.0, 0.0, 0.0, 1.0]], "cam_ids": [0, 1, 2, 3, 4, 5], "cam_channels": ["CAM_FRONT_LEFT", "CAM_FRONT", "CAM_FRONT_RIGHT", "CAM_BACK_LEFT", "CAM_BACK", "CAM_BACK_RIGHT"], "token": "a38d590b83f74b1680b57ed096a05d9a", "scene": "scene-0808"}, {"images": ["samples/CAM_FRONT_LEFT/n008-2018-09-18-15-26-58-0400__CAM_FRONT_LEFT__1537298966404799.jpg", "samples/CAM_FRONT/n008-2018-09-18-15-26-58-0400__CAM_FRONT__1537298966412404.jpg", "samples/CAM_FRONT_RIGHT/n008-2018-09-18-15-26-58-0400__CAM_FRONT_RIGHT__1537298966420482.jpg", "samples/CAM_BACK_LEFT/n008-2018-09-18-15-26-58-0400__CAM_BACK_LEFT__1537298966449155.jpg", "samples/CAM_BACK/n008-2018-09-18-15-26-58-0400__CAM_BACK__1537298966437558.jpg", "samples/CAM_BACK_RIGHT/n008-2018-09-18-15-26-58-0400__CAM_BACK_RIGHT__1537298966428113.jpg"], "intrinsics": [[[1257.8625342125129, 0.0, 827.2410631095686], [0.0, 1257.8625342125129, 450.915498205774], [0.0, 0.0, 1.0]], [[1252.8131021185304, 0.0, 826.588114781398], [0.0, 1252.8131021185304, 469.9846626224581], [0.0, 0.0, 1.0]], [[1256.7485116440405, 0.0, 817.7887570959712], [0.0, 1256.7485116440403, 451.9541780095127], [0.0, 0.0, 1.0]], [[1254.9860565800168, 0.0, 829.5769333630991], [0.0, 1254.9860565800168, 467.1680561863987], [0.0, 0.0, 1.0]], [[796.8910634503094, 0.0, 857.7774326863696], [0.0, 796.8910634503094, 476.8848988407415], [0.0, 0.0, 1.0]], [[1249.9629280788233, 0.0, 825.3768045375984], [0.0, 1249.9629280788233, 462.54816385708756], [0.0, 0.0, 1.0]]], "extrinsics": [[[0.8225553035736084, -0.5685428380966187, -0.012726636603474617, -1.0048828125], [0.00665957760065794, 0.032007623463869095, -0.9994654059410095, 1.4882947206497192], [0.568646252155304, 0.822030782699585, 0.030114294961094856, -1.33331298828125], [0.0, 0.0, 0.0, 1.0]], [[0.010282840579748154, -0.9995607137680054, -0.027796044945716858, 0.00537109375], [0.00859091617166996, 0.027884799987077713, -0.9995742440223694, 1.4801645278930664], [0.9999102354049683, 0.010039699263870716, 0.008873876184225082, -1.7347412109375], [0.0, 0.0, 0.0, 1.0]], [[-0.8439626097679138, -0.5358515381813049, -0.024292320013046265, 1.090576171875], [0.016593847423791885, 0.019184255972504616, -0.9996781945228577, 1.4930706024169922], [0.5361453294754028, -0.8440942764282227, -0.007298956159502268, -1.277587890625], [0.0, 0.0, 0.0, 1.0]], [[0.9478613138198853, 0.31867220997810364, 0.002656754571944475, -1.14404296875], [-0.00874198880046606, 0.0343339666724205, -0.9993721842765808, 1.562042236328125], [-0.318563312292099, 0.9472430348396301, 0.0353296659886837, -0.1561279296875], [0.0, 0.0, 0.0, 1.0]], [[0.009166071191430092, 0.9995998740196228, 0.026760147884488106, -0.028839111328125], [-0.0066486927680671215, 0.02682160586118698, -0.9996181130409241, 1.5680618286132812], [-0.9999359846115112, 0.00898454524576664, 0.00689