[{"images": ["samples/CAM_FRONT_LEFT/n015-2018-11-21-19-58-31+0800__CAM_FRONT_LEFT__1542801694254844.jpg", "samples/CAM_FRONT/n015-2018-11-21-19-58-31+0800__CAM_FRONT__1542801694262460.jpg", "samples/CAM_FRONT_RIGHT/n015-2018-11-21-19-58-31+0800__CAM_FRONT_RIGHT__1542801694270339.jpg", "samples/CAM_BACK_LEFT/n015-2018-11-21-19-58-31+0800__CAM_BACK_LEFT__1542801694297423.jpg", "samples/CAM_BACK/n015-2018-11-21-19-58-31+0800__CAM_BACK__1542801694287525.jpg", "samples/CAM_BACK_RIGHT/n015-2018-11-21-19-58-31+0800__CAM_BACK_RIGHT__1542801694277893.jpg"], "intrinsics": [[[1272.5979470598488, 0.0, 826.6154927353808], [0.0, 1272.5979470598488, 479.75165386361925], [0.0, 0.0, 1.0]], [[1266.417203046554, 0.0, 816.2670197447984], [0.0, 1266.417203046554, 491.50706579294757], [0.0, 0.0, 1.0]], [[1260.8474446004698, 0.0, 807.968244525554], [0.0, 1260.8474446004698, 495.3344268742088], [0.0, 0.0, 1.0]], [[1256.7414812095406, 0.0, 792.1125740759628], [0.0, 1256.7414812095406, 492.7757465151356], [0.0, 0.0, 1.0]], [[809.2209905677063, 0.0, 829.2196003259838], [0.0, 809.2209905677063, 481.77842384512485], [0.0, 0.0, 1.0]], [[1259.5137405846733, 0.0, 807.2529053838625], [0.0, 1259.5137405846733, 501.19579884916527], [0.0, 0.0, 1.0]]], "extrinsics": [[[0.820732831954956, -0.5712561011314392, 0.008010182529687881, -0.9647216796875], [-0.008892616257071495, -0.026792626827955246, -0.999601423740387, 1.5082511901855469], [0.5712429881095886, 0.8203344345092773, -0.02706954814493656, -1.280517578125], [0.0, 0.0, 0.0, 1.0]], [[0.0057319956831634045, -0.9995102882385254, 0.03076273389160633, 0.005126953125], [-0.01418447494506836, -0.030841412022709846, -0.9994236826896667, 1.520538330078125], [0.9998829960823059, 0.005292319692671299, -0.014354310929775238, -1.692138671875], [0.0, 0.0, 0.0, 1.0]], [[-0.8329533934593201, -0.553148627281189, 0.014666778035461903, 1.031982421875], [-0.00855486374348402, -0.013629387132823467, -0.9998704791069031, 1.503641128540039], [0.5532769560813904, -0.8329710364341736, 0.006620533298701048, -1.2486724853515625], [0.0, 0.0, 0.0, 1.0]], [[0.9477404952049255, 0.31873995065689087, -0.013892363756895065, -1.1422119140625], [0.00015849397459533066, -0.04401428997516632, -0.9990308284759521, 1.5885505676269531], [-0.31904250383377075, 0.9468197226524353, -0.04176463559269905, -0.10369873046875], [0.0, 0.0, 0.0, 1.0]], [[0.0023368126712739468, 0.9994179010391235, -0.034037034958601, 0.0028076171875], [-0.02527526579797268, -0.03396722301840782, -0.999103307723999, 1.5793609619140625], [-0.999677836894989, 0.00319500919431448, 0.025181176140904427, 0.001953125], [0.0, 0.0, 0.0, 1.0]], [[-0.9348499774932861, 0.35478705167770386, -0.013480162248015404, 1.1363525390625], [0.007339898496866226, -0.01864711567759514, -0.9997991919517517, 1.5514488220214844], [-0.3549671769142151, -0.9347611665725708, 0.014828154817223549, -0.0634765625], [0.0, 0.0, 0.0, 1.0]]], "view": [[0.0, -2.0, 100.0], [-2.0, 0.0, 100.0], [0.0, 0.0, 1.0]], "bev": "bev_c4048cf79e5c4b88a5845dfc98b3b1e9.png", "aux": "aux_c4048cf79e5c4b88a5845dfc98b3b1e9.npz", "visibility": "visibility_c4048cf79e5c4b88a5845dfc98b3b1e9.png", "pose": [[0.9919201731681824, -0.12686364352703094, 0.0, 1505.0745849609375], [0.12686364352703094, 0.9919201731681824, 0.0, 1409.5699462890625], [0.0, 0.0, 1.0, 0.0], [0.0, 0.0, 0.0, 1.0]], "pose_inverse": [[0.9919201731681824, 0.12686364352703094, 0.0, -1671.737060546875], [-0.12686364352703094, 0.9919201731681824, 0.0, -1207.2415771484375], [0.0, 0.0, 1.0, 0.0], [0.0, 0.0, 0.0, 1.0]], "cam_ids": [0, 1, 2, 3, 4, 5], "cam_channels": ["CAM_FRONT_LEFT", "CAM_FRONT", "CAM_FRONT_RIGHT", "CAM_BACK_LEFT", "CAM_BACK", "CAM_BACK_RIGHT"], "token": "c4048cf79e5c4b88a5845dfc98b3b1e9", "scene": "scene-1109"}, {"images": ["samples/CAM_FRONT_LEFT/n015-2018-11-21-19-58-31+0800__CAM_FRONT_LEFT__1542801694754844.jpg", "samples/CAM_FRONT/n015-2018-11-21-19-58-31+0800__CAM_FRONT__1542801694762460.jpg", "samples/CAM_FRONT_RIGHT/n015-2018-11-21-19-58-31+0800__CAM_FRONT_RIGHT__1542801694770339.jpg", "samples/CAM_BACK_LEFT/n015-2018-11-21-19-58-31+0800__CAM_BACK_LEFT__1542801694797423.jpg", "samples/CAM_BACK/n015-2018-11-21-19-58-31+0800__CAM_BACK__1542801694787525.jpg", "samples/CAM_BACK_RIGHT/n015-2018-11-21-19-58-31+0800__CAM_BACK_RIGHT__1542801694777893.jpg"], "intrinsics": [[[1272.5979470598488, 0.0, 826.6154927353808], [0.0, 1272.5979470598488, 479.75165386361925], [0.0, 0.0, 1.0]], [[1266.417203046554, 0.0, 816.2670197447984], [0.0, 1266.417203046554, 491.50706579294757], [0.0, 0.0, 1.0]], [[1260.8474446004698, 0.0, 807.968244525554], [0.0, 1260.8474446004698, 495.3344268742088], [0.0, 0.0, 1.0]], [[1256.7414812095406, 0.0, 792.1125740759628], [0.0, 1256.7414812095406, 492.7757465151356], [0.0, 0.0, 1.0]], [[809.2209905677063, 0.0, 829.2196003259838], [0.0, 809.2209905677063, 481.77842384512485], [0.0, 0.0, 1.0]], [[1259.5137405846733, 0.0, 807.2529053838625], [0.0, 1259.5137405846733, 501.19579884916527], [0.0, 0.0, 1.0]]], "extrinsics": [[[0.8207442164421082, -0.5712379217147827, 0.008132890798151493, -0.96484375], [-0.008719269186258316, -0.026759354397654533, -0.9996038675308228, 1.5082511901855469], [0.5712292194366455, 0.8203482031822205, -0.02694336324930191, -1.2802734375], [0.0, 0.0, 0.0, 1.0]], [[0.0057442220859229565, -0.9995108246803284, 0.03074006177484989, 0.005126953125], [-0.01401575468480587, -0.030818022787570953, -0.9994267821311951, 1.520538330078125], [0.9998852610588074, 0.005310052074491978, -0.01418592594563961, -1.6922607421875], [0.0, 0.0, 0.0, 1.0]], [[-0.8329492211341858, -0.5531590580940247, 0.014513623900711536, 1.0322265625], [-0.008391438983380795, -0.01359848864376545, -0.9998722672462463, 1.5036449432373047], [0.5532857179641724, -0.8329645991325378, 0.00668505160138011, -1.2486114501953125], [0.0, 0.0, 0.0, 1.0]], [[0.9477409720420837, 0.3187443017959595, -0.013753502629697323, -1.14208984375], [0.00024405415751971304, -0.04383320361375809, -0.999038815498352, 1.5885543823242188], [-0.31904080510139465, 0.9468266367912292, -0.04162031412124634, -0.10369873046875], [0.0, 0.0, 0.0, 1.0]], [[0.0023352254647761583, 0.9994217157363892, -0.03392546996474266, 0.0028076171875], [-0.0251552052795887, -0.033856116235256195, -0.9991101026535034, 1.5793609619140625], [-0.999680757522583, 0.0031865311320871115, 0.02506159618496895, 0.001953125], [0.0, 0.0, 0.0, 1.0]], [[-0.9348511695861816, 0.3547796308994293, -0.013590889982879162, 1.1361083984375], [0.007484703790396452, -0.018577951937913895, -0.9997994303703308, 1.5514488220214844], [-0.35496097803115845, -0.9347653388977051, 0.014712197706103325, -0.0634765625], [0.0, 0.0, 0.0, 1.0]]], "view": [[0.0, -2.0, 100.0], [-2.0, 0.0, 100.0], [0.0, 0.0, 1.0]], "bev": "bev_6dc25b37f8674e2389690f696392f586.png", "aux": "aux_6dc25b37f8674e2389690f696392f586.npz", "visibility": "visibility_6dc25b37f8674e2389690f696392f586.png", "pose": [[0.9919112920761108, -0.12693288922309875, 0.0, 1505.07470703125], [0.12693288922309875, 0.9919112920761108, 0.0, 1409.5689697265625], [0.0, 0.0, 1.0, 0.0], [0.0, 0.0, 0.0, 1.0]], "pose_inverse": [[0.9919112920761108, 0.12693288922309875, 0.0, -1671.8212890625], [-0.12693288922309875, 0.9919112920761108, 0.0, -1207.1239013671875], [0.0, 0.0, 1.0, 0.0], [0.0, 0.0, 0.0, 1.0]], "cam_ids": [0, 1, 2, 3, 4, 5], "cam_channels": ["CAM_FRONT_LEFT", "CAM_FRONT", "CAM_FRONT_RIGHT", "CAM_BACK_LEFT", "CAM_BACK", "CAM_BACK_RIGHT"], "token": "6dc25b37f8674e2389690f696392f586", "scene": "scene-1109"}, {"images": ["samples/CAM_FRONT_LEFT/n015-2018-11-21-19-58-31+0800__CAM_FRONT_LEFT__1542801695254844.jpg", "samples/CAM_FRONT/n015-2018-11-21-19-58-31+0800__CAM_FRONT__1542801695262460.jpg", "samples/CAM_FRONT_RIGHT/n015-2018-11-21-19-58-31+0800__CAM_FRONT_RIGHT__1542801695270339.jpg", "samples/CAM_BACK_LEFT/n015-2018-11-21-19-58-31+0800__CAM_BACK_LEFT__1542801695297423.jpg", "samples/CAM_BACK/n015-2018-11-21-19-58-31+0800__CAM_BACK__1542801695287525.jpg", "samples/CAM_BACK_RIGHT/n015-2018-11-21-19-58-31+0800__CAM_BACK_RIGHT__1542801695277893.jpg"], "intrinsics": [[[1272.5979470598488, 0.0, 826.6154927353808], [0.0, 1272.5979470598488, 479.75165386361925], [0.0, 0.0, 1.0]], [[1266.417203046554, 0.0, 816.2670197447984], [0.0, 1266.417203046554, 491.50706579294757], [0.0, 0.0, 1.0]], [[1260.8474446004698, 0.0, 807.968244525554], [0.0, 1260.8474446004698, 495.3344268742088], [0.0, 0.0, 1.0]], [[1256.7414812095406, 0.0, 792.1125740759628], [0.0, 1256.7414812095406, 492.7757465151356], [0.0, 0.0, 1.0]], [[809.2209905677063, 0.0, 829.2196003259838], [0.0, 809.2209905677063, 481.77842384512485], [0.0, 0.0, 1.0]], [[1259.5137405846733, 0.0, 807.2529053838625], [0.0, 1259.5137405846733, 501.19579884916527], [0.0, 0.0, 1.0]]], "extrinsics": [[[0.820751965045929, -0.5712292790412903, 0.007962829433381557, -0.96502685546875], [-0.008810273371636868, -0.026593096554279327, -0.999607503414154, 1.5082473754882812], [0.5712167620658875, 0.8203596472740173, -0.026859020814299583, -1.2802734375], [0.0, 0.0, 0.0, 1.0]], [[0.005761997774243355, -0.9995166063308716, 0.030548786744475365, 0.005126953125], [-0.014093565754592419, -0.030627433210611343, -0.9994315505027771, 1.5205345153808594], [0.9998839497566223, 0.0053281779401004314, -0.014263227581977844, -1.6923828125], [0.0, 0.0, 0.0, 1.0]], [[-0.8329378366470337, -0.5531774759292603, 0.014459322206676006, 1.032470703125], [-0.008456582203507423, -0.01340202521532774, -0.9998743534088135, 1.5036430358886719], [0.5533018708229065, -0.8329556584358215, 0.006485065445303917, -1.2487258911132812], [0.0, 0.0, 0.0, 1.0]], [[0.9477411508560181, 0.318745493888855, -0.013709450140595436, -1.1422119140625], [0.00024666718672960997, -0.04370298609137535, -0.9990444779396057, 1.5885505676269531], [-0.3190400004386902, 0.9468322992324829, -0.041497744619846344, -0.1036376953125], [0.0, 0.0, 0.0, 1.0]], [[0.002327317837625742, 0.9994269609451294, -0.03376955911517143, 0.0029296875], [-0.025180790573358536, -0.0337003692984581, -0.9991146922111511, 1.5793685913085938], [-0.9996801614761353, 0.00317559577524662, 0.025087930262088776, 0.001953125], [0.0, 0.0, 0.0, 1.0]], [[-0.9348567724227905, 0.35476911067962646, -0.013480717316269875, 1.1361083984375], [0.00743461586534977, -0.018400033935904503, -0.9998030662536621, 1.5514488220214844], [-0.3549472689628601, -0.9347728490829468, 0.01456382405012846, -0.0634765625], [0.0, 0.0, 0.0, 1.0]]], "view": [[0.0, -2.0, 100.0], [-2.0, 0.0, 100.0], [0.0, 0.0, 1.0]], "bev": "bev_7c619ca63a1e4b788352f861c8d3bcd3.png", "aux": "aux_7c619ca63a1e4b788352f861c8d3bcd3.npz", "visibility": "visibility_7c619ca63a1e4b788352f861c8d3bcd3.png", "pose": [[0.9919030666351318, -0.12699727714061737, 0.0, 1505.0748291015625], [0.12699727714061737, 0.9919030666351318, 0.0, 1409.5682373046875], [0.0, 0.0, 1.0, 0.0], [0.0, 0.0, 0.0, 1.0]], "pose_inverse": [[0.9919030666351318, 0.12699727714061737, 0.0, -1671.899658203125], [-0.12699727714061737, 0.9919030666351318, 0.0, -1207.0146484375], [0.0, 0.0, 1.0, 0.0], [0.0, 0.0, 0.0, 1.0]], "cam_ids": [0, 1, 2, 3, 4, 5], "cam_channels": ["CAM_FRONT_LEFT", "CAM_FRONT", "CAM_FRONT_RIGHT", "CAM_BACK_LEFT", "CAM_BACK", "CAM_BACK_RIGHT"], "token": "7c619ca63a1e4b788352f861c8d3bcd3", "scene": "scene-1109"}, {"images": ["samples/CAM_FRONT_LEFT/n015-2018-11-21-19-58-31+0800__CAM_FRONT_LEFT__1542801695754844.jpg", "samples/CAM_FRONT/n015-2018-11-21-19-58-31+0800__CAM_FRONT__1542801695762460.jpg", "samples/CAM_FRONT_RIGHT/n015-2018-11-21-19-58-31+0800__CAM_FRONT_RIGHT__1542801695770339.jpg", "samples/CAM_BACK_LEFT/n015-2018-11-21-19-58-31+0800__CAM_BACK_LEFT__1542801695797423.jpg", "samples/CAM_BACK/n015-2018-11-21-19-58-31+0800__CAM_BACK__1542801695787525.jpg", "samples/CAM_BACK_RIGHT/n015-2018-11-21-19-58-31+0800__CAM_BACK_RIGHT__1542801695777893.jpg"], "intrinsics": [[[1272.5979470598488, 0.0, 826.6154927353808], [0.0, 1272.5979470598488, 479.75165386361925], [0.0, 0.0, 1.0]], [[1266.417203046554, 0.0, 816.2670197447984], [0.0, 1266.417203046554, 491.50706579294757], [0.0, 0.0, 1.0]], [[1260.8474446004698, 0.0, 807.968244525554], [0.0, 1260.8474446004698, 495.3344268742088], [0.0, 0.0, 1.0]], [[1256.7414812095406, 0.0, 792.1125740759628], [0.0, 1256.7414812095406, 492.7757465151356], [0.0, 0.0, 1.0]], [[809.2209905677063, 0.0, 829.2196003259838], [0.0, 809.2209905677063, 481.77842384512485], [0.0, 0.0, 1.0]], [[1259.5137405846733, 0.0, 807.2529053838625], [0.0, 1259.5137405846733, 501.19579884916527], [0.0, 0.0, 1.0]]], "extrinsics": [[[0.8207300305366516, -0.5712572932243347, 0.008200088515877724, -0.965087890625], [-0.008683050982654095, -0.02682376094162464, -0.9996024370193481, 1.5082511901855469], [0.5712500810623169, 0.8203325867652893, -0.026975324377417564, -1.2802734375], [0.0, 0.0, 0.0, 1.0]], [[0.005727349780499935, -0.9995091557502747, 0.03079727292060852, 0.005126953125], [-0.013977667316794395, -0.030874788761138916, -0.9994255900382996, 1.5205345153808594], [0.9998857975006104, 0.005293583031743765, -0.014147638343274593, -1.6922607421875], [0.0, 0.0, 0.0, 1.0]], [[-0.8329535722732544, -0.5531525611877441, 0.014511292800307274, 1.031982421875], [-0.008349317125976086, -0.013657786883413792, -0.9998718500137329, 1.5036430358886719], [0.5532798171043396, -0.83296799659729, 0.006757855881005526, -1.24884033203125], [0.0, 0.0, 0.0, 1.0]], [[0.9477407336235046, 0.31874603033065796, -0.013729723170399666, -1.1422119140625], [0.00031081141787581146, -0.0439566895365715, -0.9990333914756775, 1.5885581970214844], [-0.3190414309501648, 0.9468203783035278, -0.041758615523576736, -0.10369873046875], [0.0, 0.0, 0.0, 1.0]], [[0.0023374950978904963, 0.9994181990623474, -0.03402665629982948, 0.0028076171875], [-0.02510956861078739, -0.033957358449697495, -0.9991077780723572, 1.5793609619140625], [-0.9996819496154785, 0.0031897984445095062, 0.025015583261847496, 0.0018310546875], [0.0, 0.0, 0.0, 1.0]], [[-0.9348491430282593, 0.35478219389915466, -0.01366276852786541, 1.1361083984375], [0.007531908340752125, -0.018655965104699135, -0.9997975826263428, 1.5514507293701172], [-0.35496529936790466, -0.9347627758979797, 0.01476832665503025, -0.063720703125], [0.0, 0.0, 0.0, 1.0]]], "view": [[0.0, -2.0, 100.0], [-2.0, 0.0, 100.0], [0.0, 0.0, 1.0]], "bev": "bev_f4d9b6154b5c4a729ed1884c12695856.png", "aux": "aux_f4d9b6154b5c4a729ed1884c12695856.npz", "visibility": "visibility_f4d9b6154b5c4a729ed1884c12695856.png", "pose": [[0.9919173121452332, -0.12688574194908142, 0.0, 1505.074951171875], [0.12688574194908142, 0.9919173121452332, 0.0, 1409.5675048828125], [0.0, 0.0, 1.0, 0.0], [0.0, 0.0, 0.0, 1.0]], "pose_inverse": [[0.9919173121452332, 0.12688574194908142, 0.0, -1671.763916015625], [-0.12688574194908142, 0.9919173121452332, 0.0, -1207.201904296875], [0.0, 0.0, 1.0, 0.0], [0.0, 0.0, 0.0, 1.0]], "cam_ids": [0, 1, 2, 3, 4, 5], "cam_channels": ["CAM_FRONT_LEFT", "CAM_FRONT", "CAM_FRONT_RIGHT", "CAM_BACK_LEFT", "CAM_BACK", "CAM_BACK_RIGHT"], "token": "f4d9b6154b5c4a729ed1884c12695856", "scene": "scene-1109"}, {"images": ["samples/CAM_FRONT_LEFT/n015-2018-11-21-19-58-31+0800__CAM_FRONT_LEFT__1542801696354844.jpg", "samples/CAM_FRONT/n015-2018-11-21-19-58-31+0800__CAM_FRONT__1542801696362460.jpg", "samples/CAM_FRONT_RIGHT/n015-2018-11-21-19-58-31+0800__CAM_FRONT_RIGHT__1542801696370339.jpg", "samples/CAM_BACK_LEFT/n015-2018-11-21-19-58-31+0800__CAM_BACK_LEFT__1542801696397423.jpg", "samples/CAM_BACK/n015-2018-11-21-19-58-31+0800__CAM_BACK__1542801696387525.jpg", "samples/CAM_BACK_RIGHT/n015-2018-11-21-19-58-31+0800__CAM_BACK_RIGHT__1542801696377893.jpg"], "intrinsics": [[[1272.5979470598488, 0.0, 826.6154927353808], [0.0, 1272.5979470598488, 479.75165386361925], [0.0, 0.0, 1.0]], [[1266.417203046554, 0.0, 816.2670197447984], [0.0, 1266.417203046554, 491.50706579294757], [0.0, 0.0, 1.0]], [[1260.8474446004698, 0.0, 807.968244525554], [0.0, 1260.8474446004698, 495.3344268742088], [0.0, 0.0, 1.0]], [[1256.7414812095406, 0.0, 792.1125740759628], [0.0, 1256.7414812095406, 492.7757465151356], [0.0, 0.0, 1.0]], [[809.2209905677063, 0.0, 829.2196003259838], [0.0, 809.2209905677063, 481.77842384512485], [0.0, 0.0, 1.0]], [[1259.5137405846733, 0.0, 807.2529053838625], [0.0, 1259.5137405846733, 501.19579884916527], [0.0, 0.0, 1.0]]], "extrinsics": [[[0.8207283616065979, -0.5712617635726929, 0.008061193861067295, -0.96484375], [-0.00867717806249857, -0.02657214365899563, -0.9996092319488525, 1.5082511901855469], [0.571252703666687, 0.82033771276474, -0.026765452697873116, -1.2802734375], [0.0, 0.0, 0.0, 1.0]], [[0.005726240575313568, -0.9995170831680298, 0.030541550368070602, 0.005126953125], [-0.013971425592899323, -0.03061903826892376, -0.9994335174560547, 1.520538330078125], [0.9998859763145447, 0.005296289920806885, -0.014140008948743343, -1.6922607421875], [0.0, 0.0, 0.0, 1.0]], [[-0.8329529762268066, -0.5531572699546814, 0.014363829977810383, 1.031982421875], [-0.00834276620298624, -0.013401085510849953, -0.9998753666877747, 1.5036449432373047], [0.5532808303833008, -0.8329690098762512, 0.006547614000737667, -1.2487106323242188], [0.0, 0.0, 0.0, 1.0]], [[0.9477416276931763, 0.31874746084213257, -0.013632635585963726, -1.1422119140625], [0.0003337924717925489, -0.04372096806764603, -0.9990437030792236, 1.5885543823242188], [-0.3190386891365051, 0.9468308687210083, -0.041542574763298035, -0.10369873046875], [0.0, 0.0, 0.0, 1.0]], [[0.002338248072192073, 0.9994264841079712, -0.033784836530685425, 0.0029296875], [-0.025077175348997116, -0.03371570259332657, -0.9991167783737183, 1.5793533325195312], [-0.9996827840805054, 0.003183406312018633, 0.024983955547213554, 0.0018310546875], [0.0, 0.0, 0.0, 1.0]], [[-0.934849202632904, 0.35478490591049194, -0.013587082736194134, 1.13623046875], [0.007548155263066292, -0.018399912863969803, -0.9998022317886353, 1.5514488220214844], [-0.3549647629261017, -0.934766948223114, 0.01452317088842392, -0.0635986328125], [0.0, 0.0, 0.0, 1.0]]], "view": [[0.0, -2.0, 100.0], [-2.0, 0.0, 100.0], [0.0, 0.0, 1.0]], "bev": "bev_34e14c18e08943068c1b216977483bb6.png", "aux": "aux_34e14c18e08943068c1b216977483bb6.npz", "visibility": "visibility_34e14c18e08943068c1b216977483bb6.png", "pose": [[0.9919202327728271, -0.12686321139335632, 0.0, 1505.0750732421875], [0.12686321139335632, 0.9919202327728271, 0.0, 1409.5667724609375], [0.0, 0.0, 1.0, 0.0], [0.0, 0.0, 0.0, 1.0]], "pose_inverse": [[0.9919202327728271, 0.12686321139335632, 0.0, -1671.736572265625], [-0.12686321139335632, 0.9919202327728271, 0.0, -1207.2391357421875], [0.0, 0.0, 1.0, 0.0], [0.0, 0.0, 0.0, 1.0]], "cam_ids": [0, 1, 2, 3, 4, 5], "cam_channels": ["CAM_FRONT_LEFT", "CAM_FRONT", "CAM_FRONT_RIGHT", "CAM_BACK_LEFT", "CAM_BACK", "CAM_BACK_RIGHT"], "token": "34e14c18e08943068c1b216977483bb6", "scene": "scene-1109"}, {"images": ["samples/CAM_FRONT_LEFT/n015-2018-11-21-19-58-31+0800__CAM_FRONT_LEFT__1542801696854844.jpg", "samples/CAM_FRONT/n015-2018-11-21-19-58-31+0800__CAM_FRONT__1542801696862460.jpg", "samples/CAM_FRONT_RIGHT/n015-2018-11-21-19-58-31+0800__CAM_FRONT_RIGHT__1542801696870339.jpg", "samples/CAM_BACK_LEFT/n015-2018-11-21-19-58-31+0800__CAM_BACK_LEFT__1542801696897423.jpg", "samples/CAM_BACK/n015-2018-11-21-19-58-31+0800__CAM_BACK__1542801696887525.jpg", "samples/CAM_BACK_RIGHT/n015-2018-11-21-19-58-31+0800__CAM_BACK_RIGHT__1542801696877893.jpg"], "intrinsics": [[[1272.5979470598488, 0.0, 826.6154927353808], [0.0, 1272.5979470598488, 479.75165386361925], [0.0, 0.0, 1.0]], [[1266.417203046554, 0.0, 816.2670197447984], [0.0, 1266.417203046554, 491.50706579294757], [0.0, 0.0, 1.0]], [[1260.8474446004698, 0.0, 807.968244525554], [0.0, 1260.8474446004698, 495.3344268742088], [0.0, 0.0, 1.0]], [[1256.7414812095406, 0.0, 792.1125740759628], [0.0, 1256.7414812095406, 492.7757465151356], [0.0, 0.0, 1.0]], [[809.2209905677063, 0.0, 829.2196003259838], [0.0, 809.2209905677063, 481.77842384512485], [0.0, 0.0, 1.0]], [[1259.5137405846733, 0.0, 807.2529053838625], [0.0, 1259.5137405846733, 501.19579884916527], [0.0, 0.0, 1.0]]], "extrinsics": [[[0.8207402229309082, -0.5712449550628662, 0.008035602048039436, -0.9649658203125], [-0.008716742508113384, -0.026585159823298454, -0.99960857629776, 1.5082511901855469], [0.571234941482544, 0.8203489780426025, -0.026798907667398453, -1.280517578125], [0.0, 0.0, 0.0, 1.0]], [[0.005742691922932863, -0.9995165467262268, 0.030553998425602913, 0.0050048828125], [-0.014010397717356682, -0.03063192591071129, -0.9994325637817383, 1.5205345153808594], [0.9998853206634521, 0.0053113712929189205, -0.014179535210132599, -1.6922607421875], [0.0, 0.0, 0.0, 1.0]], [[-0.8329469561576843, -0.5531653165817261, 0.014406105503439903, 1.031982421875], [-0.008379798382520676, -0.013421619310975075, -0.9998747706413269, 1.5036449432373047], [0.5532894134521484, -0.8329633474349976, 0.006544084288179874, -1.2486724853515625], [0.0, 0.0, 0.0, 1.0]], [[0.9477410912513733, 0.31874924898147583, -0.013631091453135014, -1.1419677734375], [0.0003493263793643564, -0.04376199468970299, -0.9990419149398804, 1.5885543823242188], [-0.3190403878688812, 0.9468282461166382, -0.041586387902498245, -0.10369873046875], [0.0, 0.0, 0.0, 1.0]], [[0.002333417534828186, 0.9994252324104309, -0.033819474279880524, 0.002685546875], [-0.025096295401453972, -0.03375038504600525, -0.9991151690483093, 1.5793609619140625], [-0.9996822476387024, 0.0031801112927496433, 0.025003114715218544, 0.0018310546875], [0.0, 0.0, 0.0, 1.0]], [[-0.9348522424697876, 0.3547774851322174, -0.01356570329517126, 1.1361083984375], [0.007513095624744892, -0.01843234710395336, -0.9998019337654114, 1.5514545440673828], [-0.35495725274086, -0.9347690343856812, 0.014566047117114067, -0.0634765625], [0.0, 0.0, 0.0, 1.0]]], "view": [[0.0, -2.0, 100.0], [-2.0, 0.0, 100.0], [0.0, 0.0, 1.0]], "bev": "bev_025b6e74513c432c9122e1bd5d361568.png", "aux": "aux_025b6e74513c432c9122e1bd5d361568.npz", "visibility": "visibility_025b6e74513c432c9122e1bd5d361568.png", "pose": [[0.9919136762619019, -0.12691427767276764, 0.0, 1505.0750732421875], [0.12691427767276764, 0.9919136762619019, 0.0, 1409.5662841796875], [0.0, 0.0, 1.0, 0.0], [0.0, 0.0, 0.0, 1.0]], "pose_inverse": [[0.9919136762619019, 0.12691427767276764, 0.0, -1671.7987060546875], [-0.12691427767276764, 0.9919136762619019, 0.0, -1207.152587890625], [0.0, 0.0, 1.0, 0.0], [0.0, 0.0, 0.0, 1.0]], "cam_ids": [0, 1, 2, 3, 4, 5], "cam_channels": ["CAM_FRONT_LEFT", "CAM_FRONT", "CAM_FRONT_RIGHT", "CAM_BACK_LEFT", "CAM_BACK", "CAM_BACK_RIGHT"], "token": "025b6e74513c432c9122e1bd5d361568", "scene": "scene-1109"}, {"images": ["samples/CAM_FRONT_LEFT/n015-2018-11-21-19-58-31+0800__CAM_FRONT_LEFT__1542801697354844.jpg", "samples/CAM_FRONT/n015-2018-11-21-19-58-31+0800__CAM_FRONT__1542801697362460.jpg", "samples/CAM_FRONT_RIGHT/n015-2018-11-21-19-58-31+0800__CAM_FRONT_RIGHT__1542801697370339.jpg", "samples/CAM_BACK_LEFT/n015-2018-11-21-19-58-31+0800__CAM_BACK_LEFT__1542801697397423.jpg", "samples/CAM_BACK/n015-2018-11-21-19-58-31+0800__CAM_BACK__1542801697387525.jpg", "samples/CAM_BACK_RIGHT/n015-2018-11-21-19-58-31+0800__CAM_BACK_RIGHT__1542801697377893.jpg"], "intrinsics": [[[1272.5979470598488, 0.0, 826.6154927353808], [0.0, 1272.5979470598488, 479.75165386361925], [0.0, 0.0, 1.0]], [[1266.417203046554, 0.0, 816.2670197447984], [0.0, 1266.417203046554, 491.50706579294757], [0.0, 0.0, 1.0]], [[1260.8474446004698, 0.0, 807.968244525554], [0.0, 1260.8474446004698, 495.3344268742088], [0.0, 0.0, 1.0]], [[1256.7414812095406, 0.0, 792.1125740759628], [0.0, 1256.7414812095406, 492.7757465151356], [0.0, 0.0, 1.0]], [[809.2209905677063, 0.0, 829.2196003259838], [0.0, 809.2209905677063, 481.77842384512485], [0.0, 0.0, 1.0]], [[1259.5137405846733, 0.0, 807.2529053838625], [0.0, 1259.5137405846733, 501.19579884916527], [0.0, 0.0, 1.0]]], "extrinsics": [[[0.820763885974884, -0.5712106823921204, 0.008049985393881798, -0.965087890625], [-0.008716762997210026, -0.026612302288413048, -0.9996078014373779, 1.5082473754882812], [0.5712009072303772, 0.8203719258308411, -0.026821529492735863, -1.2802734375], [0.0, 0.0, 0.0, 1.0]], [[0.005778069142252207, -0.9995153546333313, 0.030587663874030113, 0.0050048828125], [-0.014010431244969368, -0.030666088685393333, -0.9994314908981323, 1.5205345153808594], [0.9998851418495178, 0.005346223711967468, -0.014180832542479038, -1.6922607421875], [0.0, 0.0, 0.0, 1.0]], [[-0.8329308032989502, -0.5531889200210571, 0.014431590214371681, 1.031982421875], [-0.008384081535041332, -0.01346089132130146, -0.9998742341995239, 1.5036468505859375], [0.553313672542572, -0.8329470157623291, 0.006574010942131281, -1.2487640380859375], [0.0, 0.0, 0.0, 1.0]], [[0.947739839553833, 0.3187505602836609, -0.013679045252501965, -1.142333984375], [0.00031673171906732023, -0.043815094977617264, -0.9990395903587341, 1.5885543823242188], [-0.3190437853336334, 0.946825385093689, -0.04162627458572388, -0.103759765625], [0.0, 0.0, 0.0, 1.0]], [[0.0023227783385664225, 0.9994239211082458, -0.03386040776968002, 0.002685546875], [-0.025111563503742218, -0.033791523426771164, -0.9991134405136108, 1.5793609619140625], [-0.9996819496154785, 0.0031709959730505943, 0.025018606334924698, 0.0018310546875], [0.0, 0.0, 0.0, 1.0]], [[-0.9348597526550293, 0.35475748777389526, -0.013571301475167274, 1.1363525390625], [0.007503448519855738, -0.0184743981808424, -0.9998011589050293, 1.5514497756958008], [-0.35493770241737366, -0.9347758293151855, 0.014609066769480705, -0.0635986328125], [0.0, 0.0, 0.0, 1.0]]], "view": [[0.0, -2.0, 100.0], [-2.0, 0.0, 100.0], [0.0, 0.0, 1.0]], "bev": "bev_f20453ea64e1431a9c9c64d4fe8f1cfc.png", "aux": "aux_f20453ea64e1431a9c9c64d4fe8f1cfc.npz", "visibility": "visibility_f20453ea64e1431a9c9c64d4fe8f1cfc.png", "pose": [[0.9919102191925049, -0.12694135308265686, 0.0, 1505.0750732421875], [0.12694135308265686, 0.9919102191925049, 0.0, 1409.56591796875], [0.0, 0.0, 1.0, 0.0], [0.0, 0.0, 0.0, 1.0]], "pose_inverse": [[0.9919102191925049, 0.12694135308265686, 0.0, -1671.83154296875], [-0.12694135308265686, 0.9919102191925049, 0.0, -1207.1065673828125], [0.0, 0.0, 1.0, 0.0], [0.0, 0.0, 0.0, 1.0]], "cam_ids": [0, 1, 2, 3, 4, 5], "cam_channels": ["CAM_FRONT_LEFT", "CAM_FRONT", "CAM_FRONT_RIGHT", "CAM_BACK_LEFT", "CAM_BACK", "CAM_BACK_RIGHT"], "token": "f20453ea64e1431a9c9c64d4fe8f1cfc", "scene": "scene-1109"}, {"images": ["samples/CAM_FRONT_LEFT/n015-2018-11-21-19-58-31+0800__CAM_FRONT_LEFT__1542801697854844.jpg", "samples/CAM_FRONT/n015-2018-11-21-19-58-31+0800__CAM_FRONT__1542801697862460.jpg", "samples/CAM_FRONT_RIGHT/n015-2018-11-21-19-58-31+0800__CAM_FRONT_RIGHT__1542801697870339.jpg", "samples/CAM_BACK_LEFT/n015-2018-11-21-19-58-31+0800__CAM_BACK_LEFT__1542801697897423.jpg", "samples/CAM_BACK/n015-2018-11-21-19-58-31+0800__CAM_BACK__1542801697887525.jpg", "samples/CAM_BACK_RIGHT/n015-2018-11-21-19-58-31+0800__CAM_BACK_RIGHT__1542801697877893.jpg"], "intrinsics": [[[1272.5979470598488, 0.0, 826.6154927353808], [0.0, 1272.5979470598488, 479.75165386361925], [0.0, 0.0, 1.0]], [[1266.417203046554, 0.0, 816.2670197447984], [0.0, 1266.417203046554, 491.50706579294757], [0.0, 0.0, 1.0]], [[1260.8474446004698, 0.0, 807.968244525554], [0.0, 1260.8474446004698, 495.3344268742088], [0.0, 0.0, 1.0]], [[1256.7414812095406, 0.0, 792.1125740759628], [0.0, 1256.7414812095406, 492.7757465151356], [0.0, 0.0, 1.0]], [[809.2209905677063, 0.0, 829.2196003259838], [0.0, 809.2209905677063, 481.77842384512485], [0.0, 0.0, 1.0]], [[1259.5137405846733, 0.0, 807.2529053838625], [0.0, 1259.5137405846733, 501.19579884916527], [0.0, 0.0, 1.0]]], "extrinsics": [[[0.820733368396759, -0.5712526440620422, 0.008205880410969257, -0.9649658203125], [-0.008568506687879562, -0.02666967175900936, -0.9996075630187988, 1.5082473754882812], [0.5712472796440125, 0.8203409910202026, -0.026783470064401627, -1.2801513671875], [0.0, 0.0, 0.0, 1.0]], [[0.005731943063437939, -0.9995139837265015, 0.030642982572317123, 0.0050048828125], [-0.013863733038306236, -0.030719971284270287, -0.9994319081306458, 1.5205345153808594], [0.9998874664306641, 0.0053038569167256355, -0.014033079147338867, -1.6922607421875], [0.0, 0.0, 0.0, 1.0]], [[-0.8329501748085022, -0.5531622171401978, 0.014338674955070019, 1.0322265625], [-0.008243469521403313, -0.01350504532456398, -0.9998748302459717, 1.5036430358886719], [0.5532866716384888, -0.8329640626907349, 0.006689054891467094, -1.2486801147460938], [0.0, 0.0, 0.0, 1.0]], [[0.9477417469024658, 0.3187499940395355, -0.013568688184022903, -1.1422119140625], [0.0004358542209956795, -0.04382346197962761, -0.9990391731262207, 1.5885543823242188], [-0.3190383315086365, 0.9468252062797546, -0.041672252118587494, -0.10369873046875], [0.0, 0.0, 0.0, 1.0]], [[0.002336344914510846, 0.9994229674339294, -0.03388749808073044, 0.0029296875], [-0.024982409551739693, -0.03381868079304695, -0.9991157054901123, 1.5793609619140625], [-0.9996851682662964, 0.0031808640342205763, 0.024888981133699417, 0.0018310546875], [0.0, 0.0, 0.0, 1.0]], [[-0.9348503351211548, 0.3547773063182831, -0.01371381338685751, 1.1361083984375], [0.007644118741154671, -0.01850445196032524, -0.9997995495796204, 1.5514507293701172], [-0.35495996475219727, -0.9347677230834961, 0.014586931094527245, -0.0635986328125], [0.0, 0.0, 0.0, 1.0]]], "view": [[0.0, -2.0, 100.0], [-2.0, 0.0, 100.0], [0.0, 0.0, 1.0]], "bev": "bev_91424f52454642eba89bc27284cabf02.png", "aux": "aux_91424f52454642eba89bc27284cabf02.npz", "visibility": "visibility_91424f52454642eba89bc27284cabf02.png", "pose": [[0.9919093251228333, -0.1269485503435135, 0.0, 1505.0751953125], [0.1269485503435135, 0.9919093251228333, 0.0, 1409.5655517578125], [0.0, 0.0, 1.0, 0.0], [0.0, 0.0, 0.0, 1.0]], "pose_inverse": [[0.9919093251228333, 0.1269485503435135, 0.0, -1671.8404541015625], [-0.1269485503435135, 0.9919093251228333, 0.0, -1207.0941162109375], [0.0, 0.0, 1.0, 0.0], [0.0, 0.0, 0.0, 1.0]], "cam_ids": [0, 1, 2, 3, 4, 5], "cam_channels": ["CAM_FRONT_LEFT", "CAM_FRONT", "CAM_FRONT_RIGHT", "CAM_BACK_LEFT", "CAM_BACK", "CAM_BACK_RIGHT"], "token": "91424f52454642eba89bc27284cabf02", "scene": "scene-1109"}, {"images": ["samples/CAM_FRONT_LEFT/n015-2018-11-21-19-58-31+0800__CAM_FRONT_LEFT__1542801698354844.jpg", "samples/CAM_FRONT/n015-2018-11-21-19-58-31+0800__CAM_FRONT__1542801698362460.jpg", "samples/CAM_FRONT_RIGHT/n015-2018-11-21-19-58-31+0800__CAM_FRONT_RIGHT__1542801698370339.jpg", "samples/CAM_BACK_LEFT/n015-2018-11-21-19-58-31+0800__CAM_BACK_LEFT__1542801698397423.jpg", "samples/CAM_BACK/n015-2018-11-21-19-58-31+0800__CAM_BACK__1542801698387525.jpg", "samples/CAM_BACK_RIGHT/n015-2018-11-21-19-58-31+0800__CAM_BACK_RIGHT__1542801698377893.jpg"], "intrinsics": [[[1272.5979470598488, 0.0, 826.6154927353808], [0.0, 1272.5979470598488, 479.75165386361925], [0.0, 0.0, 1.0]], [[1266.417203046554, 0.0, 816.2670197447984], [0.0, 1266.417203046554, 491.50706579294757], [0.0, 0.0, 1.0]], [[1260.8474446004698, 0.0, 807.968244525554], [0.0, 1260.8474446004698, 495.3344268742088], [0.0, 0.0, 1.0]], [[1256.7414812095406, 0.0, 792.1125740759628], [0.0, 1256.7414812095406, 492.7757465151356], [0.0, 0.0, 1.0]], [[809.2209905677063, 0.0, 829.2196003259838], [0.0, 809.2209905677063, 481.77842384512485], [0.0, 0.0, 1.0]], [[1259.5137405846733, 0.0, 807.2529053838625], [0.0, 1259.5137405846733, 501.19579884916527], [0.0, 0.0, 1.0]]], "extrinsics": [[[0.820761501789093, -0.5712121725082397, 0.008190848864614964, -0.96490478515625], [-0.008578067645430565, -0.026659416034817696, -0.9996078014373779, 1.5082473754882812], [0.5712064504623413, 0.8203693628311157, -0.026780923828482628, -1.2801513671875], [0.0, 0.0, 0.0, 1.0]], [[0.005769888870418072, -0.9995138049125671, 0.030640389770269394, 0.0050048828125], [-0.013876251876354218, -0.03071797639131546, -0.9994317889213562, 1.5205345153808594], [0.9998869895935059, 0.005341433919966221, -0.0140467444434762, -1.6922607421875], [0.0, 0.0, 0.0, 1.0]], [[-0.8329359292984009, -0.5531831979751587, 0.014351033605635166, 1.031982421875], [-0.008252504281699657, -0.013513470999896526, -0.9998745918273926, 1.5036449432373047], [0.5533077716827393, -0.8329499363899231, 0.006690712179988623, -1.2486572265625], [0.0, 0.0, 0.0, 1.0]], [[0.9477399587631226, 0.3187536597251892, -0.013604287058115005, -1.14208984375], [0.0004005024384241551, -0.04382940009236336, -0.9990388751029968, 1.5885543823242188], [-0.3190436363220215, 0.9468236565589905, -0.041666533797979355, -0.10382080078125], [0.0, 0.0, 0.0, 1.0]], [[0.0023269769735634327, 0.9994222521781921, -0.03390929102897644, 0.0028076171875], [-0.02499164640903473, -0.03384067118167877, -0.9991147518157959, 1.5793609619140625], [-0.9996848702430725, 0.003172351513057947, 0.024898458272218704, 0.001953125], [0.0, 0.0, 0.0, 1.0]], [[-0.9348567724227905, 0.3547600507736206, -0.01371571235358715, 1.13623046875], [0.007638699375092983, -0.018524833023548126, -0.9997992515563965, 1.5514497756958008], [-0.3549428880214691, -0.9347738027572632, 0.01460815779864788, -0.0635986328125], [0.0, 0.0, 0.0, 1.0]]], "view": [[0.0, -2.0, 100.0], [-2.0, 0.0, 100.0], [0.0, 0.0, 1.0]], "bev": "bev_dbaed41d17e14b938b775d192a3aaadc.png", "aux": "aux_dbaed41d17e14b938b775d192a3aaadc.npz", "visibility": "visibility_dbaed41d17e14b938b775d192a3aaadc.png", "pose": [[0.9919183850288391, -0.12687741219997406, 0.0, 1505.0751953125], [0.12687741219997406, 0.9919183850288391, 0.0, 1409.565185546875], [0.0, 0.0, 1.0, 0.0], [0.0, 0.0, 0.0, 1.0]], "pose_inverse": [[0.9919183850288391, 0.12687741219997406, 0.0, -1671.7537841796875], [-0.12687741219997406, 0.9919183850288391, 0.0, -1207.213623046875], [0.0, 0.0, 1.0, 0.0], [0.0, 0.0, 0.0, 1.0]], "cam_ids": [0, 1, 2, 3, 4, 5], "cam_channels": ["CAM_FRONT_LEFT", "CAM_FRONT", "CAM_FRONT_RIGHT", "CAM_BACK_LEFT", "CAM_BACK", "CAM_BACK_RIGHT"], "token": "dbaed41d17e14b938b775d192a3aaadc", "scene": "scene-1109"}, {"images": ["samples/CAM_FRONT_LEFT/n015-2018-11-21-19-58-31+0800__CAM_FRONT_LEFT__1542801698854844.jpg", "samples/CAM_FRONT/n015-2018-11-21-19-58-31+0800__CAM_FRONT__1542801698862460.jpg", "samples/CAM_FRONT_RIGHT/n015-2018-11-21-19-58-31+0800__CAM_FRONT_RIGHT__1542801698870339.jpg", "samples/CAM_BACK_LEFT/n015-2018-11-21-19-58-31+0800__CAM_BACK_LEFT__1542801698897423.jpg", "samples/CAM_BACK/n015-2018-11-21-19-58-31+0800__CAM_BACK__1542801698887525.jpg", "samples/CAM_BACK_RIGHT/n015-2018-11-21-19-58-31+0800__CAM_BACK_RIGHT__1542801698877893.jpg"], "intrinsics": [[[1272.5979470598488, 0.0, 826.6154927353808], [0.0, 1272.5979470598488, 479.75165386361925], [0.0, 0.0, 1.0]], [[1266.417203046554, 0.0, 816.2670197447984], [0.0, 1266.417203046554, 491.50706579294757], [0.0, 0.0, 1.0]], [[1260.8474446004698, 0.0, 807.968244525554], [0.0, 1260.8474446004698, 495.3344268742088], [0.0, 0.0, 1.0]], [[1256.7414812095406, 0.0, 792.1125740759628], [0.0, 1256.7414812095406, 492.7757465151356], [0.0, 0.0, 1.0]], [[809.2209905677063, 0.0, 829.2196003259838], [0.0, 809.2209905677063, 481.77842384512485], [0.0, 0.0, 1.0]], [[1259.5137405846733, 0.0, 807.2529053838625], [0.0, 1259.5137405846733, 501.19579884916527], [0.0, 0.0, 1.0]]], "extrinsics": [[[0.8207565546035767, -0.5712189078330994, 0.008223728276789188, -0.96478271484375], [-0.008573575876653194, -0.026710091158747673, -0.9996064305305481, 1.5082473754882812], [0.5712137222290039, 0.8203630447387695, -0.026819871738553047, -1.2801513671875], [0.0, 0.0, 0.0, 1.0]], [[0.0057645137421786785, -0.999512255191803, 0.030691413208842278, 0.0050048828125], [-0.013875534757971764, -0.030768919736146927, -0.999430239200592, 1.5205345153808594], [0.9998870491981506, 0.005335358902812004, -0.014046135358512402, -1.6920166015625], [0.0, 0.0, 0.0, 1.0]], [[-0.8329368829727173, -0.553180992603302, 0.014384154230356216, 1.031982421875], [-0.00825954508036375, -0.013562754727900028, -0.9998738765716553, 1.5036468505859375], [0.5533062815666199, -0.8329507112503052, 0.006727898493409157, -1.2487716674804688], [0.0, 0.0, 0.0, 1.0]], [[0.9477401375770569, 0.31875190138816833, -0.0136284613981843, -1.1422119140625], [0.00041229583439417183, -0.04394027590751648, -0.99903404712677, 1.5885505676269531], [-0.319042831659317, 0.9468191266059875, -0.04177538678050041, -0.1036376953125], [0.0, 0.0, 0.0, 1.0]], [[0.002326453337445855, 0.9994198083877563, -0.033979516476392746, 0.002685546875], [-0.02501647360622883, -0.033910807222127914, -0.9991117715835571, 1.5793609619140625], [-0.9996842741966248, 0.0031744486186653376, 0.024923067539930344, 0.0018310546875], [0.0, 0.0, 0.0, 1.0]], [[-0.9348565936088562, 0.3547604978084564, -0.013710075989365578, 1.13623046875], [0.007613737136125565, -0.018574673682451248, -0.9997984766960144, 1.5514488220214844], [-0.3549436628818512, -0.9347726702690125, 0.014663605019450188, -0.0635986328125], [0.0, 0.0, 0.0, 1.0]]], "view": [[0.0, -2.0, 100.0], [-2.0, 0.0, 100.0], [0.0, 0.0, 1.0]], "bev": "bev_93581f7f7f414972ab569e80cd924e00.png", "aux": "aux_93581f7f7f414972ab569e80cd924e00.npz", "visibility": "visibility_93581f7f7f414972ab569e80cd924e00.png", "pose": [[0.9919227361679077, -0.12684331834316254, 0.0, 1505.0753173828125], [0.12684331834316254, 0.9919227361679077, 0.0, 1409.56494140625], [0.0, 0.0, 1.0, 0.0], [0.0, 0.0, 0.0, 1.0]], "pose_inverse": [[0.9919227361679077, 0.12684331834316254, 0.0, -1671.71240234375], [-0.12684331834316254, 0.9919227361679077, 0.0, -1207.270751953125], [0.0, 0.0, 1.0, 0.0], [0.0, 0.0, 0.0, 1.0]], "cam_ids": [0, 1, 2, 3, 4, 5], "cam_channels": ["CAM_FRONT_LEFT", "CAM_FRONT", "CAM_FRONT_RIGHT", "CAM_BACK_LEFT", "CAM_BACK", "CAM_BACK_RIGHT"], "token": "93581f7f7f414972ab569e80cd924e00", "scene": "scene-1109"}, {"images": ["samples/CAM_FRONT_LEFT/n015-2018-11-21-19-58-31+0800__CAM_FRONT_LEFT__1542801699354844.jpg", "samples/CAM_FRONT/n015-2018-11-21-19-58-31+0800__CAM_FRONT__1542801699362460.jpg", "samples/CAM_FRONT_RIGHT/n015-2018-11-21-19-58-31+0800__CAM_FRONT_RIGHT__1542801699370339.jpg", "samples/CAM_BACK_LEFT/n015-2018-11-21-19-58-31+0800__CAM_BACK_LEFT__1542801699397446.jpg", "samples/CAM_BACK/n015-2018-11-21-19-58-31+0800__CAM_BACK__1542801699387525.jpg", "samples/CAM_BACK_RIGHT/n015-2018-11-21-19-58-31+0800__CAM_BACK_RIGHT__1542801699377893.jpg"], "intrinsics": [[[1272.5979470598488, 0.0, 826.6154927353808], [0.0, 1272.5979470598488, 479.75165386361925], [0.0, 0.0, 1.0]], [[1266.417203046554, 0.0, 816.2670197447984], [0.0, 1266.417203046554, 491.50706579294757], [0.0, 0.0, 1.0]], [[1260.8474446004698, 0.0, 807.968244525554], [0.0, 1260.8474446004698, 495.3344268742088], [0.0, 0.0, 1.0]], [[1256.7414812095406, 0.0, 792.1125740759628], [0.0, 1256.7414812095406, 492.7757465151356], [0.0, 0.0, 1.0]], [[809.2209905677063, 0.0, 829.2196003259838], [0.0, 809.2209905677063, 481.77842384512485], [0.0, 0.0, 1.0]], [[1259.5137405846733, 0.0, 807.2529053838625], [0.0, 1259.5137405846733, 501.19579884916527], [0.0, 0.0, 1.0]]], "extrinsics": [[[0.8207404613494873, -0.5712405443191528, 0.008319548331201077, -0.96502685546875], [-0.008525501005351543, -0.026807410642504692, -0.9996042847633362, 1.5082473754882812], [0.5712375044822693, 0.8203448057174683, -0.026872040703892708, -1.2802734375], [0.0, 0.0, 0.0, 1.0]], [[0.005740408785641193, -0.9995096325874329, 0.03078131377696991, 0.0050048828125], [-0.013815577141940594, -0.030858155339956284, -0.9994282722473145, 1.5205345153808594], [0.9998880624771118, 0.00531183322891593, -0.01398593932390213, -1.6922607421875], [0.0, 0.0, 0.0, 1.0]], [[-0.832947313785553, -0.55316561460495, 0.014371039345860481, 1.0322265625], [-0.008192505687475204, -0.013640208169817924, -0.9998733997344971, 1.5036468505859375], [0.5532915592193604, -0.8329595923423767, 0.006829764228314161, -1.248809814453125], [0.0, 0.0, 0.0, 1.0]], [[0.9477416276931763, 0.3187496066093445, -0.01357975509017706, -1.1424560546875], [0.00047402753261849284, -0.04397142305970192, -0.9990326166152954, 1.5885543823242188], [-0.31903839111328125, 0.946818470954895, -0.041824646294116974, -0.1036376953125], [0.0, 0.0, 0.0, 1.0]], [[0.002333937445655465, 0.9994181394577026, -0.03402707725763321, 0.0025634765625], [-0.02495