[{"images": ["samples/CAM_FRONT_LEFT/n015-2018-10-08-15-44-23+0800__CAM_FRONT_LEFT__1538985049904844.jpg", "samples/CAM_FRONT/n015-2018-10-08-15-44-23+0800__CAM_FRONT__1538985049912460.jpg", "samples/CAM_FRONT_RIGHT/n015-2018-10-08-15-44-23+0800__CAM_FRONT_RIGHT__1538985049920339.jpg", "samples/CAM_BACK_LEFT/n015-2018-10-08-15-44-23+0800__CAM_BACK_LEFT__1538985049947423.jpg", "samples/CAM_BACK/n015-2018-10-08-15-44-23+0800__CAM_BACK__1538985049937525.jpg", "samples/CAM_BACK_RIGHT/n015-2018-10-08-15-44-23+0800__CAM_BACK_RIGHT__1538985049927904.jpg"], "intrinsics": [[[1272.5979470598488, 0.0, 826.6154927353808], [0.0, 1272.5979470598488, 479.75165386361925], [0.0, 0.0, 1.0]], [[1266.417203046554, 0.0, 816.2670197447984], [0.0, 1266.417203046554, 491.50706579294757], [0.0, 0.0, 1.0]], [[1260.8474446004698, 0.0, 807.968244525554], [0.0, 1260.8474446004698, 495.3344268742088], [0.0, 0.0, 1.0]], [[1256.7414812095406, 0.0, 792.1125740759628], [0.0, 1256.7414812095406, 492.7757465151356], [0.0, 0.0, 1.0]], [[809.2209905677063, 0.0, 829.2196003259838], [0.0, 809.2209905677063, 481.77842384512485], [0.0, 0.0, 1.0]], [[1259.5137405846733, 0.0, 807.2529053838625], [0.0, 1259.5137405846733, 501.19579884916527], [0.0, 0.0, 1.0]]], "extrinsics": [[[0.8288669586181641, -0.559051513671875, -0.020997004583477974, -0.7941055297851562], [-0.0034171014558523893, 0.03247193619608879, -0.9994667768478394, 1.5075759887695312], [0.559435248374939, 0.8284968137741089, 0.02500458061695099, -1.1634521484375], [0.0, 0.0, 0.0, 1.0]], [[0.017751408740878105, -0.999428927898407, -0.028752639889717102, 0.007080078125], [-0.008665131404995918, 0.028602315112948418, -0.9995533227920532, 1.5190925598144531], [0.9998049139976501, 0.017992600798606873, -0.008152451366186142, -1.5230712890625], [0.0, 0.0, 0.0, 1.0]], [[-0.827560544013977, -0.5608951449394226, -0.023239310830831528, 0.9241943359375], [-0.003215343225747347, 0.04613221809267998, -0.9989300966262817, 1.503265380859375], [0.5613672137260437, -0.8266004920005798, -0.039980676025152206, -1.17620849609375], [0.0, 0.0, 0.0, 1.0]], [[0.9472922682762146, 0.3201998472213745, 0.010461047291755676, -1.1453857421875], [0.005439278203994036, 0.01657361350953579, -0.9998478293418884, 1.5885448455810547], [-0.32032451033592224, 0.9472050666809082, 0.01395840011537075, -0.102294921875], [0.0, 0.0, 0.0, 1.0]], [[-0.002064421074464917, 0.9996538162231445, 0.02623055689036846, 0.0032958984375], [-0.019890284165740013, 0.02618437632918358, -0.9994592070579529, 1.5784721374511719], [-0.9997999668121338, -0.0025850737001746893, 0.019829338416457176, -0.04345703125], [0.0, 0.0, 0.0, 1.0]], [[-0.9373998641967773, 0.348245769739151, 0.0025222792755812407, 1.049468994140625], [0.01271643303334713, 0.041465792804956436, -0.9990589618682861, 1.5526657104492188], [-0.3480226397514343, -0.936485767364502, -0.043298475444316864, -0.0965576171875], [0.0, 0.0, 0.0, 1.0]]], "view": [[0.0, -2.0, 100.0], [-2.0, 0.0, 100.0], [0.0, 0.0, 1.0]], "bev": "bev_b139c133286247d48093bba9151920b2.png", "aux": "aux_b139c133286247d48093bba9151920b2.npz", "visibility": "visibility_b139c133286247d48093bba9151920b2.png", "pose": [[0.9775023460388184, -0.21092456579208374, 0.0, 636.4566650390625], [0.21092456579208374, 0.9775023460388184, 0.0, 1861.4024658203125], [0.0, 0.0, 1.0, 0.0], [0.0, 0.0, 0.0, 1.0]], "pose_inverse": [[0.9775023460388184, 0.21092456579208374, 0.0, -1014.7533569335938], [-0.21092456579208374, 0.9775023460388184, 0.0, -1685.2808837890625], [0.0, 0.0, 1.0, 0.0], [0.0, 0.0, 0.0, 1.0]], "cam_ids": [0, 1, 2, 3, 4, 5], "cam_channels": ["CAM_FRONT_LEFT", "CAM_FRONT", "CAM_FRONT_RIGHT", "CAM_BACK_LEFT", "CAM_BACK", "CAM_BACK_RIGHT"], "token": "b139c133286247d48093bba9151920b2", "scene": "scene-0931"}, {"images": ["samples/CAM_FRONT_LEFT/n015-2018-10-08-15-44-23+0800__CAM_FRONT_LEFT__1538985050404844.jpg", "samples/CAM_FRONT/n015-2018-10-08-15-44-23+0800__CAM_FRONT__1538985050412460.jpg", "samples/CAM_FRONT_RIGHT/n015-2018-10-08-15-44-23+0800__CAM_FRONT_RIGHT__1538985050420349.jpg", "samples/CAM_BACK_LEFT/n015-2018-10-08-15-44-23+0800__CAM_BACK_LEFT__1538985050447423.jpg", "samples/CAM_BACK/n015-2018-10-08-15-44-23+0800__CAM_BACK__1538985050437525.jpg", "samples/CAM_BACK_RIGHT/n015-2018-10-08-15-44-23+0800__CAM_BACK_RIGHT__1538985050427893.jpg"], "intrinsics": [[[1272.5979470598488, 0.0, 826.6154927353808], [0.0, 1272.5979470598488, 479.75165386361925], [0.0, 0.0, 1.0]], [[1266.417203046554, 0.0, 816.2670197447984], [0.0, 1266.417203046554, 491.50706579294757], [0.0, 0.0, 1.0]], [[1260.8474446004698, 0.0, 807.968244525554], [0.0, 1260.8474446004698, 495.3344268742088], [0.0, 0.0, 1.0]], [[1256.7414812095406, 0.0, 792.1125740759628], [0.0, 1256.7414812095406, 492.7757465151356], [0.0, 0.0, 1.0]], [[809.2209905677063, 0.0, 829.2196003259838], [0.0, 809.2209905677063, 481.77842384512485], [0.0, 0.0, 1.0]], [[1259.5137405846733, 0.0, 807.2529053838625], [0.0, 1259.5137405846733, 501.19579884916527], [0.0, 0.0, 1.0]]], "extrinsics": [[[0.826299786567688, -0.5618148446083069, -0.03990856930613518, -0.78466796875], [-0.014886006712913513, 0.049047842621803284, -0.9986854791641235, 1.505035400390625], [0.5630336999893188, 0.8258076906204224, 0.0321650393307209, -1.156494140625], [0.0, 0.0, 0.0, 1.0]], [[0.013860530219972134, -0.9988673329353333, -0.04551951214671135, 0.006591796875], [-0.02024175599217415, 0.04523426294326782, -0.9987713098526001, 1.516937255859375], [0.9996989965438843, 0.01476490218192339, -0.019591854885220528, -1.51300048828125], [0.0, 0.0, 0.0, 1.0]], [[-0.8294553160667419, -0.558108389377594, -0.02278013527393341, 0.9171142578125], [-0.014829281717538834, 0.06277083605527878, -0.9979177713394165, 1.5016326904296875], [0.558376133441925, -0.8273903727531433, -0.06034194678068161, -1.1717529296875], [0.0, 0.0, 0.0, 1.0]], [[0.947683572769165, 0.3191773295402527, 0.004672317299991846, -1.14501953125], [-0.006398921366780996, 0.03362936154007912, -0.9994139075279236, 1.588592529296875], [-0.31914740800857544, 0.9470981955528259, 0.033912383019924164, -0.1021728515625], [0.0, 0.0, 0.0, 1.0]], [[1.1520416592247784e-05, 0.9990686178207397, 0.043150901794433594, 0.0035400390625], [-0.0316866971552372, 0.04312959685921669, -0.9985669255256653, 1.5778312683105469], [-0.9994978308677673, -0.0013558042701333761, 0.031657684594392776, -0.047119140625], [0.0, 0.0, 0.0, 1.0]], [[-0.9364455342292786, 0.350273072719574, 0.01945537142455578, 1.0431900024414062], [0.0010078375926241279, 0.05814386531710625, -0.9983077049255371, 1.5515975952148438], [-0.35081151127815247, -0.9348412156105042, -0.0548015795648098, -0.09912109375], [0.0, 0.0, 0.0, 1.0]]], "view": [[0.0, -2.0, 100.0], [-2.0, 0.0, 100.0], [0.0, 0.0, 1.0]], "bev": "bev_8d6b4e4908514d6296cb325a0b9e2a13.png", "aux": "aux_8d6b4e4908514d6296cb325a0b9e2a13.npz", "visibility": "visibility_8d6b4e4908514d6296cb325a0b9e2a13.png", "pose": [[0.9969469308853149, -0.07808219641447067, 0.0, 638.9378051757812], [0.07808219641447067, 0.9969469308853149, 0.0, 1861.7569580078125], [0.0, 0.0, 1.0, 0.0], [0.0, 0.0, 0.0, 1.0]], "pose_inverse": [[0.9969469308853149, 0.07808219641447067, 0.0, -782.3571166992188], [-0.07808219641447067, 0.9969469308853149, 0.0, -1806.1832275390625], [0.0, 0.0, 1.0, 0.0], [0.0, 0.0, 0.0, 1.0]], "cam_ids": [0, 1, 2, 3, 4, 5], "cam_channels": ["CAM_FRONT_LEFT", "CAM_FRONT", "CAM_FRONT_RIGHT", "CAM_BACK_LEFT", "CAM_BACK", "CAM_BACK_RIGHT"], "token": "8d6b4e4908514d6296cb325a0b9e2a13", "scene": "scene-0931"}, {"images": ["samples/CAM_FRONT_LEFT/n015-2018-10-08-15-44-23+0800__CAM_FRONT_LEFT__1538985050904844.jpg", "samples/CAM_FRONT/n015-2018-10-08-15-44-23+0800__CAM_FRONT__1538985050912460.jpg", "samples/CAM_FRONT_RIGHT/n015-2018-10-08-15-44-23+0800__CAM_FRONT_RIGHT__1538985050920339.jpg", "samples/CAM_BACK_LEFT/n015-2018-10-08-15-44-23+0800__CAM_BACK_LEFT__1538985050947423.jpg", "samples/CAM_BACK/n015-2018-10-08-15-44-23+0800__CAM_BACK__1538985050937525.jpg", "samples/CAM_BACK_RIGHT/n015-2018-10-08-15-44-23+0800__CAM_BACK_RIGHT__1538985050927893.jpg"], "intrinsics": [[[1272.5979470598488, 0.0, 826.6154927353808], [0.0, 1272.5979470598488, 479.75165386361925], [0.0, 0.0, 1.0]], [[1266.417203046554, 0.0, 816.2670197447984], [0.0, 1266.417203046554, 491.50706579294757], [0.0, 0.0, 1.0]], [[1260.8474446004698, 0.0, 807.968244525554], [0.0, 1260.8474446004698, 495.3344268742088], [0.0, 0.0, 1.0]], [[1256.7414812095406, 0.0, 792.1125740759628], [0.0, 1256.7414812095406, 492.7757465151356], [0.0, 0.0, 1.0]], [[809.2209905677063, 0.0, 829.2196003259838], [0.0, 809.2209905677063, 481.77842384512485], [0.0, 0.0, 1.0]], [[1259.5137405846733, 0.0, 807.2529053838625], [0.0, 1259.5137405846733, 501.19579884916527], [0.0, 0.0, 1.0]]], "extrinsics": [[[0.8238271474838257, -0.5647257566452026, -0.048924531787633896, -0.7813720703125], [-0.011185814626514912, 0.07009763270616531, -0.9974774122238159, 1.5058517456054688], [0.5667306780815125, 0.8222962617874146, 0.05143141746520996, -1.15185546875], [0.0, 0.0, 0.0, 1.0]], [[0.01018169242888689, -0.9977267980575562, -0.06661536544561386, 0.0054931640625], [-0.016406821087002754, 0.06644317507743835, -0.9976553320884705, 1.5176239013671875], [0.9998135566711426, 0.011250766925513744, -0.015693020075559616, -1.50872802734375], [0.0, 0.0, 0.0, 1.0]], [[-0.8310591578483582, -0.5548962354660034, -0.037824638187885284, 0.9139404296875], [-0.01078720297664404, 0.08407573401927948, -0.9964009523391724, 1.502227783203125], [0.5560793876647949, -0.8276602029800415, -0.07585769146680832, -1.1707763671875], [0.0, 0.0, 0.0, 1.0]], [[0.9478645324707031, 0.3182812035083771, 0.015806710347533226, -1.1419677734375], [-0.0019462057389318943, 0.055382344871759415, -0.9984633326530457, 1.5886154174804688], [-0.3186675012111664, 0.9463772773742676, 0.053114403039216995, -0.1024169921875], [0.0, 0.0, 0.0, 1.0]], [[0.0012896290281787515, 0.9979011416435242, 0.06474360078573227, 0.00390625], [-0.027404675260186195, 0.06475460529327393, -0.9975248575210571, 1.5780258178710938], [-0.9996235966682434, -0.0004878395120613277, 0.027430661022663116, -0.04937744140625], [0.0, 0.0, 0.0, 1.0]], [[-0.9357127547264099, 0.35199564695358276, 0.023254575207829475, 1.0413360595703125], [0.005153906997293234, 0.07955534011125565, -0.9968171715736389, 1.5520477294921875], [-0.3527253270149231, -0.9326145648956299, -0.07625509053468704, -0.1002197265625], [0.0, 0.0, 0.0, 1.0]]], "view": [[0.0, -2.0, 100.0], [-2.0, 0.0, 100.0], [0.0, 0.0, 1.0]], "bev": "bev_02a9f74734934e2d89d65737edc23280.png", "aux": "aux_02a9f74734934e2d89d65737edc23280.npz", "visibility": "visibility_02a9f74734934e2d89d65737edc23280.png", "pose": [[0.9998837113380432, 0.015250982716679573, 0.0, 641.60400390625], [-0.015250982716679573, 0.9998837113380432, 0.0, 1861.83154296875], [0.0, 0.0, 1.0, 0.0], [0.0, 0.0, 0.0, 1.0]], "pose_inverse": [[0.9998837113380432, -0.015250982716679573, 0.0, -613.1346435546875], [0.015250982716679573, 0.9998837113380432, 0.0, -1871.400146484375], [0.0, 0.0, 1.0, 0.0], [0.0, 0.0, 0.0, 1.0]], "cam_ids": [0, 1, 2, 3, 4, 5], "cam_channels": ["CAM_FRONT_LEFT", "CAM_FRONT", "CAM_FRONT_RIGHT", "CAM_BACK_LEFT", "CAM_BACK", "CAM_BACK_RIGHT"], "token": "02a9f74734934e2d89d65737edc23280", "scene": "scene-0931"}, {"images": ["samples/CAM_FRONT_LEFT/n015-2018-10-08-15-44-23+0800__CAM_FRONT_LEFT__1538985051404844.jpg", "samples/CAM_FRONT/n015-2018-10-08-15-44-23+0800__CAM_FRONT__1538985051412460.jpg", "samples/CAM_FRONT_RIGHT/n015-2018-10-08-15-44-23+0800__CAM_FRONT_RIGHT__1538985051420339.jpg", "samples/CAM_BACK_LEFT/n015-2018-10-08-15-44-23+0800__CAM_BACK_LEFT__1538985051447423.jpg", "samples/CAM_BACK/n015-2018-10-08-15-44-23+0800__CAM_BACK__1538985051437525.jpg", "samples/CAM_BACK_RIGHT/n015-2018-10-08-15-44-23+0800__CAM_BACK_RIGHT__1538985051427893.jpg"], "intrinsics": [[[1272.5979470598488, 0.0, 826.6154927353808], [0.0, 1272.5979470598488, 479.75165386361925], [0.0, 0.0, 1.0]], [[1266.417203046554, 0.0, 816.2670197447984], [0.0, 1266.417203046554, 491.50706579294757], [0.0, 0.0, 1.0]], [[1260.8474446004698, 0.0, 807.968244525554], [0.0, 1260.8474446004698, 495.3344268742088], [0.0, 0.0, 1.0]], [[1256.7414812095406, 0.0, 792.1125740759628], [0.0, 1256.7414812095406, 492.7757465151356], [0.0, 0.0, 1.0]], [[809.2209905677063, 0.0, 829.2196003259838], [0.0, 809.2209905677063, 481.77842384512485], [0.0, 0.0, 1.0]], [[1259.5137405846733, 0.0, 807.2529053838625], [0.0, 1259.5137405846733, 501.19579884916527], [0.0, 0.0, 1.0]]], "extrinsics": [[[0.8223941922187805, -0.5656576752662659, -0.06082020327448845, -0.7979736328125], [-0.016155285760760307, 0.0836426317691803, -0.9963648915290833, 1.50494384765625], [0.5686885714530945, 0.8203872442245483, 0.05964885279536247, -1.16552734375], [0.0, 0.0, 0.0, 1.0]], [[0.008212682791054249, -0.996744692325592, -0.08020348101854324, 0.0069580078125], [-0.021467702463269234, 0.08001195639371872, -0.9965627193450928, 1.5169219970703125], [0.9997357726097107, 0.009906231425702572, -0.020740704610943794, -1.5264892578125], [0.0, 0.0, 0.0, 1.0]], [[-0.8319218158721924, -0.5533761382102966, -0.040998343378305435, 0.926025390625], [-0.015902386978268623, 0.09763126820325851, -0.9950956106185913, 1.5015716552734375], [0.5546647906303406, -0.8271898627281189, -0.09002159535884857, -1.1773681640625], [0.0, 0.0, 0.0, 1.0]], [[0.9477623105049133, 0.31862717866897583, 0.014945502392947674, -1.143798828125], [-0.007368207443505526, 0.06871066242456436, -0.9976093769073486, 1.5885772705078125], [-0.31889235973358154, 0.9453864693641663, 0.06746908277273178, -0.1029052734375], [0.0, 0.0, 0.0, 1.0]], [[0.0018087640637531877, 0.9969397187232971, 0.07815338671207428, 0.0028076171875], [-0.03270049765706062, 0.07817067950963974, -0.9964035749435425, 1.5778656005859375], [-0.9994634985923767, -0.0007533899042755365, 0.03274181857705116, -0.04345703125], [0.0, 0.0, 0.0, 1.0]], [[-0.935285747051239, 0.35235562920570374, 0.03295552730560303, 1.0504608154296875], [-3.5117747756885365e-05, 0.09303034096956253, -0.9956632852554321, 1.551422119140625], [-0.3538934290409088, -0.9312308430671692, -0.08699758350849152, -0.095947265625], [0.0, 0.0, 0.0, 1.0]]], "view": [[0.0, -2.0, 100.0], [-2.0, 0.0, 100.0], [0.0, 0.0, 1.0]], "bev": "bev_64069bd3815048518d538fd3c0fc5e2e.png", "aux": "aux_64069bd3815048518d538fd3c0fc5e2e.npz", "visibility": "visibility_64069bd3815048518d538fd3c0fc5e2e.png", "pose": [[0.997715950012207, 0.06754900515079498, 0.0, 644.1016845703125], [-0.06754900515079498, 0.997715950012207, 0.0, 1861.7052001953125], [0.0, 0.0, 1.0, 0.0], [0.0, 0.0, 0.0, 1.0]], "pose_inverse": [[0.997715950012207, -0.06754900515079498, 0.0, -516.8742065429688], [0.06754900515079498, 0.997715950012207, 0.0, -1900.96142578125], [0.0, 0.0, 1.0, 0.0], [0.0, 0.0, 0.0, 1.0]], "cam_ids": [0, 1, 2, 3, 4, 5], "cam_channels": ["CAM_FRONT_LEFT", "CAM_FRONT", "CAM_FRONT_RIGHT", "CAM_BACK_LEFT", "CAM_BACK", "CAM_BACK_RIGHT"], "token": "64069bd3815048518d538fd3c0fc5e2e", "scene": "scene-0931"}, {"images": ["samples/CAM_FRONT_LEFT/n015-2018-10-08-15-44-23+0800__CAM_FRONT_LEFT__1538985051904844.jpg", "samples/CAM_FRONT/n015-2018-10-08-15-44-23+0800__CAM_FRONT__1538985051912460.jpg", "samples/CAM_FRONT_RIGHT/n015-2018-10-08-15-44-23+0800__CAM_FRONT_RIGHT__1538985051920339.jpg", "samples/CAM_BACK_LEFT/n015-2018-10-08-15-44-23+0800__CAM_BACK_LEFT__1538985051947423.jpg", "samples/CAM_BACK/n015-2018-10-08-15-44-23+0800__CAM_BACK__1538985051937525.jpg", "samples/CAM_BACK_RIGHT/n015-2018-10-08-15-44-23+0800__CAM_BACK_RIGHT__1538985051927893.jpg"], "intrinsics": [[[1272.5979470598488, 0.0, 826.6154927353808], [0.0, 1272.5979470598488, 479.75165386361925], [0.0, 0.0, 1.0]], [[1266.417203046554, 0.0, 816.2670197447984], [0.0, 1266.417203046554, 491.50706579294757], [0.0, 0.0, 1.0]], [[1260.8474446004698, 0.0, 807.968244525554], [0.0, 1260.8474446004698, 495.3344268742088], [0.0, 0.0, 1.0]], [[1256.7414812095406, 0.0, 792.1125740759628], [0.0, 1256.7414812095406, 492.7757465151356], [0.0, 0.0, 1.0]], [[809.2209905677063, 0.0, 829.2196003259838], [0.0, 809.2209905677063, 481.77842384512485], [0.0, 0.0, 1.0]], [[1259.5137405846733, 0.0, 807.2529053838625], [0.0, 1259.5137405846733, 501.19579884916527], [0.0, 0.0, 1.0]]], "extrinsics": [[[0.8213769793510437, -0.5648842453956604, -0.07902884483337402, -0.78662109375], [-0.033277951180934906, 0.09085803478956223, -0.9953076839447021, 1.5009613037109375], [0.569413959980011, 0.8201528191566467, 0.05583052337169647, -1.1578369140625], [0.0, 0.0, 0.0, 1.0]], [[0.0072824591770768166, -0.9961700439453125, -0.08713367581367493, 0.007080078125], [-0.03885969519615173, 0.08678825199604034, -0.9954686164855957, 1.5135345458984375], [0.9992181658744812, 0.010635455138981342, -0.038078829646110535, -1.5142822265625], [0.0, 0.0, 0.0, 1.0]], [[-0.8321082592010498, -0.5538110136985779, -0.029816607013344765, 0.9176025390625], [-0.03356404975056648, 0.1039472296833992, -0.9940162897109985, 1.498931884765625], [0.5535964965820312, -0.8261285424232483, -0.10508348792791367, -1.1715087890625], [0.0, 0.0, 0.0, 1.0]], [[0.9474419355392456, 0.3199264109134674, -0.0009170863777399063, -1.1424560546875], [-0.02578257955610752, 0.07349563390016556, -0.9969621896743774, 1.5885696411132812], [-0.3188871145248413, 0.9445875287055969, 0.07788138091564178, -0.1036376953125], [0.0, 0.0, 0.0, 1.0]], [[0.0020282785408198833, 0.9965049028396606, 0.08351074904203415, 0.002685546875], [-0.05087224394083023, 0.08350561559200287, -0.9952079653739929, 1.576751708984375], [-0.9987031817436218, -0.002229823265224695, 0.050863806158304214, -0.049041748046875], [0.0, 0.0, 0.0, 1.0]], [[-0.9348954558372498, 0.35112327337265015, 0.051797445863485336, 1.0421600341796875], [-0.017954528331756592, 0.09896573424339294, -0.9949288368225098, 1.5496063232421875], [-0.35446882247924805, -0.9310845136642456, -0.08621835708618164, -0.0986328125], [0.0, 0.0, 0.0, 1.0]]], "view": [[0.0, -2.0, 100.0], [-2.0, 0.0, 100.0], [0.0, 0.0, 1.0]], "bev": "bev_d9b7405eec564f9ba06de97a2e8ba348.png", "aux": "aux_d9b7405eec564f9ba06de97a2e8ba348.npz", "visibility": "visibility_d9b7405eec564f9ba06de97a2e8ba348.png", "pose": [[0.9949042201042175, 0.10082482546567917, 0.0, 646.59033203125], [-0.10082482546567917, 0.9949042201042175, 0.0, 1861.4720458984375], [0.0, 0.0, 1.0, 0.0], [0.0, 0.0, 0.0, 1.0]], "pose_inverse": [[0.9949042201042175, -0.10082482546567917, 0.0, -455.61285400390625], [0.10082482546567917, 0.9949042201042175, 0.0, -1917.1787109375], [0.0, 0.0, 1.0, 0.0], [0.0, 0.0, 0.0, 1.0]], "cam_ids": [0, 1, 2, 3, 4, 5], "cam_channels": ["CAM_FRONT_LEFT", "CAM_FRONT", "CAM_FRONT_RIGHT", "CAM_BACK_LEFT", "CAM_BACK", "CAM_BACK_RIGHT"], "token": "d9b7405eec564f9ba06de97a2e8ba348", "scene": "scene-0931"}, {"images": ["samples/CAM_FRONT_LEFT/n015-2018-10-08-15-44-23+0800__CAM_FRONT_LEFT__1538985052504844.jpg", "samples/CAM_FRONT/n015-2018-10-08-15-44-23+0800__CAM_FRONT__1538985052512461.jpg", "samples/CAM_FRONT_RIGHT/n015-2018-10-08-15-44-23+0800__CAM_FRONT_RIGHT__1538985052520339.jpg", "samples/CAM_BACK_LEFT/n015-2018-10-08-15-44-23+0800__CAM_BACK_LEFT__1538985052547423.jpg", "samples/CAM_BACK/n015-2018-10-08-15-44-23+0800__CAM_BACK__1538985052537525.jpg", "samples/CAM_BACK_RIGHT/n015-2018-10-08-15-44-23+0800__CAM_BACK_RIGHT__1538985052527893.jpg"], "intrinsics": [[[1272.5979470598488, 0.0, 826.6154927353808], [0.0, 1272.5979470598488, 479.75165386361925], [0.0, 0.0, 1.0]], [[1266.417203046554, 0.0, 816.2670197447984], [0.0, 1266.417203046554, 491.50706579294757], [0.0, 0.0, 1.0]], [[1260.8474446004698, 0.0, 807.968244525554], [0.0, 1260.8474446004698, 495.3344268742088], [0.0, 0.0, 1.0]], [[1256.7414812095406, 0.0, 792.1125740759628], [0.0, 1256.7414812095406, 492.7757465151356], [0.0, 0.0, 1.0]], [[809.2209905677063, 0.0, 829.2196003259838], [0.0, 809.2209905677063, 481.77842384512485], [0.0, 0.0, 1.0]], [[1259.5137405846733, 0.0, 807.2529053838625], [0.0, 1259.5137405846733, 501.19579884916527], [0.0, 0.0, 1.0]]], "extrinsics": [[[0.8200512528419495, -0.5659834742546082, -0.0847264900803566, -0.78302001953125], [-0.05326046422123909, 0.07192815095186234, -0.995986819267273, 1.4964523315429688], [0.5698062777519226, 0.8212727904319763, 0.028840234503149986, -1.153076171875], [0.0, 0.0, 0.0, 1.0]], [[0.006482333410531282, -0.9976752996444702, -0.06783781945705414, 0.0057373046875], [-0.058728646486997604, 0.06734231859445572, -0.9959999918937683, 1.509857177734375], [0.9982528686523438, 0.010440421290695667, -0.05815558135509491, -1.510284423828125], [0.0, 0.0, 0.0, 1.0]], [[-0.8319191336631775, -0.5548921823501587, -0.002277541905641556, 0.9146728515625], [-0.05330555886030197, 0.08400218933820724, -0.9950387477874756, 1.4961395263671875], [0.5523304343223572, -0.8276703357696533, -0.0994618684053421, -1.1710205078125], [0.0, 0.0, 0.0, 1.0]], [[0.9466424584388733, 0.32121145725250244, -0.026287546381354332, -1.14251708984375], [-0.04533055052161217, 0.05194967985153198, -0.9976203441619873, 1.5885696411132812], [-0.31908145546913147, 0.9455814957618713, 0.06373847275972366, -0.103515625], [0.0, 0.0, 0.0, 1.0]], [[0.0021090172231197357, 0.9980431795120239, 0.06249217316508293, 0.0030517578125], [-0.07045653462409973, 0.062485311180353165, -0.9955558776855469, 1.5757522583007812], [-0.9975125789642334, -0.0023033395409584045, 0.07045044004917145, -0.04931640625], [0.0, 0.0, 0.0, 1.0]], [[-0.9341440796852112, 0.3512941300868988, 0.06298647075891495, 1.041412353515625], [-0.03763088583946228, 0.0785507932305336, -0.9961996078491211, 1.54766845703125], [-0.35490673780441284, -0.9329642057418823, -0.060158245265483856, -0.099853515625], [0.0, 0.0, 0.0, 1.0]]], "view": [[0.0, -2.0, 100.0], [-2.0, 0.0, 100.0], [0.0, 0.0, 1.0]], "bev": "bev_c46eb104a507490b8407246ef8b47a63.png", "aux": "aux_c46eb104a507490b8407246ef8b47a63.npz", "visibility": "visibility_c46eb104a507490b8407246ef8b47a63.png", "pose": [[0.9925558567047119, 0.12179013341665268, 0.0, 649.6846923828125], [-0.12179013341665268, 0.9925558567047119, 0.0, 1861.10498046875], [0.0, 0.0, 1.0, 0.0], [0.0, 0.0, 0.0, 1.0]], "pose_inverse": [[0.9925558567047119, -0.12179013341665268, 0.0, -418.18414306640625], [0.12179013341665268, 0.9925558567047119, 0.0, -1926.3758544921875], [0.0, 0.0, 1.0, 0.0], [0.0, 0.0, 0.0, 1.0]], "cam_ids": [0, 1, 2, 3, 4, 5], "cam_channels": ["CAM_FRONT_LEFT", "CAM_FRONT", "CAM_FRONT_RIGHT", "CAM_BACK_LEFT", "CAM_BACK", "CAM_BACK_RIGHT"], "token": "c46eb104a507490b8407246ef8b47a63", "scene": "scene-0931"}, {"images": ["samples/CAM_FRONT_LEFT/n015-2018-10-08-15-44-23+0800__CAM_FRONT_LEFT__1538985053004844.jpg", "samples/CAM_FRONT/n015-2018-10-08-15-44-23+0800__CAM_FRONT__1538985053012460.jpg", "samples/CAM_FRONT_RIGHT/n015-2018-10-08-15-44-23+0800__CAM_FRONT_RIGHT__1538985053020339.jpg", "samples/CAM_BACK_LEFT/n015-2018-10-08-15-44-23+0800__CAM_BACK_LEFT__1538985053047423.jpg", "samples/CAM_BACK/n015-2018-10-08-15-44-23+0800__CAM_BACK__1538985053037525.jpg", "samples/CAM_BACK_RIGHT/n015-2018-10-08-15-44-23+0800__CAM_BACK_RIGHT__1538985053027893.jpg"], "intrinsics": [[[1272.5979470598488, 0.0, 826.6154927353808], [0.0, 1272.5979470598488, 479.75165386361925], [0.0, 0.0, 1.0]], [[1266.417203046554, 0.0, 816.2670197447984], [0.0, 1266.417203046554, 491.50706579294757], [0.0, 0.0, 1.0]], [[1260.8474446004698, 0.0, 807.968244525554], [0.0, 1260.8474446004698, 495.3344268742088], [0.0, 0.0, 1.0]], [[1256.7414812095406, 0.0, 792.1125740759628], [0.0, 1256.7414812095406, 492.7757465151356], [0.0, 0.0, 1.0]], [[809.2209905677063, 0.0, 829.2196003259838], [0.0, 809.2209905677063, 481.77842384512485], [0.0, 0.0, 1.0]], [[1259.5137405846733, 0.0, 807.2529053838625], [0.0, 1259.5137405846733, 501.19579884916527], [0.0, 0.0, 1.0]]], "extrinsics": [[[0.819277822971344, -0.5674952864646912, -0.08205417543649673, -0.7828369140625], [-0.06592394411563873, 0.04892933368682861, -0.9966242909431458, 1.4935989379882812], [0.5695945620536804, 0.8219214677810669, 0.0026751887053251266, -1.1517333984375], [0.0, 0.0, 0.0, 1.0]], [[0.006370376329869032, -0.9989625811576843, -0.0450902059674263, 0.0050048828125], [-0.07147213816642761, 0.04452095180749893, -0.9964485168457031, 1.5074462890625], [0.9974221587181091, 0.009570439346134663, -0.07111437618732452, -1.50897216796875], [0.0, 0.0, 0.0, 1.0]], [[-0.8314147591590881, -0.5552559494972229, 0.020985884591937065, 0.9130859375], [-0.06613567471504211, 0.061387740075588226, -0.9959204196929932, 1.4942703247070312], [0.5517024397850037, -0.8294108510017395, -0.08776089549064636, -1.1707763671875], [0.0, 0.0, 0.0, 1.0]], [[0.9458686113357544, 0.3212987184524536, -0.0458221361041069, -1.14044189453125], [-0.05843345448374748, 0.029713135212659836, -0.9978489875793457, 1.588470458984375], [-0.3192461133003235, 0.9465116858482361, 0.04687931761145592, -0.1038818359375], [0.0, 0.0, 0.0, 1.0]], [[0.0019214694621041417, 0.99919193983078, 0.040148328989744186, 0.0035400390625], [-0.08346173167228699, 0.04016856104135513, -0.9957010746002197, 1.5749320983886719], [-0.9965091347694397, -0.001437635626643896, 0.08347146958112717, -0.051239013671875], [0.0, 0.0, 0.0, 1.0]], [[-0.9335750341415405, 0.35203713178634644, 0.0671386569738388, 1.03985595703125], [-0.05056091770529747, 0.056086596101522446, -0.997144877910614, 1.5462646484375], [-0.3547976315021515, -0.9343041181564331, -0.034561723470687866, -0.1009521484375], [0.0, 0.0, 0.0, 1.0]]], "view": [[0.0, -2.0, 100.0], [-2.0, 0.0, 100.0], [0.0, 0.0, 1.0]], "bev": "bev_b1b386f4a6d04987975d36525ff9f772.png", "aux": "aux_b1b386f4a6d04987975d36525ff9f772.npz", "visibility": "visibility_b1b386f4a6d04987975d36525ff9f772.png", "pose": [[0.991213321685791, 0.13227303326129913, 0.0, 652.232421875], [-0.13227303326129913, 0.991213321685791, 0.0, 1860.7730712890625], [0.0, 0.0, 1.0, 0.0], [0.0, 0.0, 0.0, 1.0]], "pose_inverse": [[0.991213321685791, -0.13227303326129913, 0.0, -400.3713684082031], [0.13227303326129913, 0.991213321685791, 0.0, -1930.69580078125], [0.0, 0.0, 1.0, 0.0], [0.0, 0.0, 0.0, 1.0]], "cam_ids": [0, 1, 2, 3, 4, 5], "cam_channels": ["CAM_FRONT_LEFT", "CAM_FRONT", "CAM_FRONT_RIGHT", "CAM_BACK_LEFT", "CAM_BACK", "CAM_BACK_RIGHT"], "token": "b1b386f4a6d04987975d36525ff9f772", "scene": "scene-0931"}, {"images": ["samples/CAM_FRONT_LEFT/n015-2018-10-08-15-44-23+0800__CAM_FRONT_LEFT__1538985053504844.jpg", "samples/CAM_FRONT/n015-2018-10-08-15-44-23+0800__CAM_FRONT__1538985053512460.jpg", "samples/CAM_FRONT_RIGHT/n015-2018-10-08-15-44-23+0800__CAM_FRONT_RIGHT__1538985053520339.jpg", "samples/CAM_BACK_LEFT/n015-2018-10-08-15-44-23+0800__CAM_BACK_LEFT__1538985053547423.jpg", "samples/CAM_BACK/n015-2018-10-08-15-44-23+0800__CAM_BACK__1538985053537525.jpg", "samples/CAM_BACK_RIGHT/n015-2018-10-08-15-44-23+0800__CAM_BACK_RIGHT__1538985053527893.jpg"], "intrinsics": [[[1272.5979470598488, 0.0, 826.6154927353808], [0.0, 1272.5979470598488, 479.75165386361925], [0.0, 0.0, 1.0]], [[1266.417203046554, 0.0, 816.2670197447984], [0.0, 1266.417203046554, 491.50706579294757], [0.0, 0.0, 1.0]], [[1260.8474446004698, 0.0, 807.968244525554], [0.0, 1260.8474446004698, 495.3344268742088], [0.0, 0.0, 1.0]], [[1256.7414812095406, 0.0, 792.1125740759628], [0.0, 1256.7414812095406, 492.7757465151356], [0.0, 0.0, 1.0]], [[809.2209905677063, 0.0, 829.2196003259838], [0.0, 809.2209905677063, 481.77842384512485], [0.0, 0.0, 1.0]], [[1259.5137405846733, 0.0, 807.2529053838625], [0.0, 1259.5137405846733, 501.19579884916527], [0.0, 0.0, 1.0]]], "extrinsics": [[[0.8194229602813721, -0.5688962340354919, -0.07002241164445877, -0.769775390625], [-0.061507951468229294, 0.03418513759970665, -0.9975209832191467, 1.4935989379882812], [0.5698797106742859, 0.8216985464096069, -0.006979555822908878, -1.1439208984375], [0.0, 0.0, 0.0, 1.0]], [[0.006231354549527168, -0.9995143413543701, -0.030531665310263634, 0.005859375], [-0.06650739163160324, 0.030050409957766533, -0.9973333477973938, 1.5074443817138672], [0.9977664351463318, 0.008245320990681648, -0.06628783792257309, -1.495697021484375], [0.0, 0.0, 0.0, 1.0]], [[-0.8317091464996338, -0.5546798706054688, 0.02429201826453209, 0.9039306640625], [-0.06059858947992325, 0.047198664397001266, -0.997045636177063, 1.4943161010742188], [0.5518946051597595, -0.8307241201400757, -0.07286837697029114, -1.163818359375], [0.0, 0.0, 0.0, 1.0]], [[0.9462592601776123, 0.32053256034851074, -0.043038591742515564, -1.13372802734375], [-0.05107280984520912, 0.0166962668299675, -0.9985553622245789, 1.588104248046875], [-0.3193508982658386, 0.9470903873443604, 0.03216949477791786, -0.1064453125], [0.0, 0.0, 0.0, 1.0]], [[0.001941205351613462, 0.9996426105499268, 0.02666362188756466, 0.003173828125], [-0.07672633230686188, 0.026733960956335068, -0.9966937303543091, 1.5746383666992188], [-0.9970503449440002, -0.00011101507698185742, 0.07675080001354218, -0.059600830078125], [0.0, 0.0, 0.0, 1.0]], [[-0.9338518977165222, 0.3531655967235565, 0.0565224215388298, 1.03057861328125], [-0.04446571692824364, 0.04216663911938667, -0.9981206059455872, 1.5464363098144531], [-0.3548852503299713, -0.93461012840271, -0.023673629388213158, -0.10400390625], [0.0, 0.0, 0.0, 1.0]]], "view": [[0.0, -2.0, 100.0], [-2.0, 0.0, 100.0], [0.0, 0.0, 1.0]], "bev": "bev_7c05d013f2eb41d38ce85f4d2ec94e07.png", "aux": "aux_7c05d013f2eb41d38ce85f4d2ec94e07.npz", "visibility": "visibility_7c05d013f2eb41d38ce85f4d2ec94e07.png", "pose": [[0.9903627038002014, 0.13849817216396332, 0.0, 654.925537109375], [-0.13849817216396332, 0.9903627038002014, 0.0, 1860.4039306640625], [0.0, 0.0, 1.0, 0.0], [0.0, 0.0, 0.0, 1.0]], "pose_inverse": [[0.9903627038002014, -0.13849817216396332, 0.0, -390.9512939453125], [0.13849817216396332, 0.9903627038002014, 0.0, -1933.1806640625], [0.0, 0.0, 1.0, 0.0], [0.0, 0.0, 0.0, 1.0]], "cam_ids": [0, 1, 2, 3, 4, 5], "cam_channels": ["CAM_FRONT_LEFT", "CAM_FRONT", "CAM_FRONT_RIGHT", "CAM_BACK_LEFT", "CAM_BACK", "CAM_BACK_RIGHT"], "token": "7c05d013f2eb41d38ce85f4d2ec94e07", "scene": "scene-0931"}, {"images": ["samples/CAM_FRONT_LEFT/n015-2018-10-08-15-44-23+0800__CAM_FRONT_LEFT__1538985054004844.jpg", "samples/CAM_FRONT/n015-2018-10-08-15-44-23+0800__CAM_FRONT__1538985054012460.jpg", "samples/CAM_FRONT_RIGHT/n015-2018-10-08-15-44-23+0800__CAM_FRONT_RIGHT__1538985054020339.jpg", "samples/CAM_BACK_LEFT/n015-2018-10-08-15-44-23+0800__CAM_BACK_LEFT__1538985054047423.jpg", "samples/CAM_BACK/n015-2018-10-08-15-44-23+0800__CAM_BACK__1538985054037525.jpg", "samples/CAM_BACK_RIGHT/n015-2018-10-08-15-44-23+0800__CAM_BACK_RIGHT__1538985054027893.jpg"], "intrinsics": [[[1272.5979470598488, 0.0, 826.6154927353808], [0.0, 1272.5979470598488, 479.75165386361925], [0.0, 0.0, 1.0]], [[1266.417203046554, 0.0, 816.2670197447984], [0.0, 1266.417203046554, 491.50706579294757], [0.0, 0.0, 1.0]], [[1260.8474446004698, 0.0, 807.968244525554], [0.0, 1260.8474446004698, 495.3344268742088], [0.0, 0.0, 1.0]], [[1256.7414812095406, 0.0, 792.1125740759628], [0.0, 1256.7414812095406, 492.7757465151356], [0.0, 0.0, 1.0]], [[809.2209905677063, 0.0, 829.2196003259838], [0.0, 809.2209905677063, 481.77842384512485], [0.0, 0.0, 1.0]], [[1259.5137405846733, 0.0, 807.2529053838625], [0.0, 1259.5137405846733, 501.19579884916527], [0.0, 0.0, 1.0]]], "extrinsics": [[[0.8200783133506775, -0.5684932470321655, -0.06547445058822632, -0.7684326171875], [-0.0574098639190197, 0.03210603445768356, -0.9978342652320862, 1.4944953918457031], [0.5693641304969788, 0.8220612406730652, -0.006307653617113829, -1.144775390625], [0.0, 0.0, 0.0, 1.0]], [[0.006867807824164629, -0.9995710253715515, -0.02846873179078102, 0.007080078125], [-0.0627199187874794, 0.027982763946056366, -0.9976388216018677, 1.5081195831298828], [0.998007595539093, 0.00863712653517723, -0.06250083446502686, -1.49517822265625], [0.0, 0.0, 0.0, 1.0]], [[-0.8315726518630981, -0.5549591183662415, 0.022522471845149994, 0.9041748046875], [-0.05714249238371849, 0.045148298144340515, -0.9973446130752563, 1.4947891235351562], [0.5524687170982361, -0.8306514620780945, -0.06925584375858307, -1.162841796875], [0.0, 0.0, 0.0, 1.0]], [[0.9463940858840942, 0.3203691244125366, -0.041252415627241135, -1.13531494140625], [-0.04851880297064781, 0.01472850888967514, -0.9987136721611023, 1.5882024765014648], [-0.3193494379520416, 0.9471782445907593, 0.029482902958989143, -0.1060791015625], [0.0, 0.0, 0.0, 1.0]], [[0.001769223134033382, 0.9996954798698425, 0.024612819775938988, 0.0025634765625], [-0.0738750770688057, 0.024676263332366943, -0.9969621896743774, 1.5748538970947266], [-0.9972659349441528, -5.442973633762449e-05, 0.07389624416828156, -0.058837890625], [0.0, 0.0, 0.0, 1.0]], [[-0.9341211915016174, 0.3530266582965851, 0.052818432450294495, 1.0303955078125], [-0.04129166901111603, 0.04010864719748497, -0.9983417391777039, 1.5467605590820312], [-0.3545597195625305, -0.9347532391548157, -0.022889278829097748, -0.103271484375], [0.0, 0.0, 0.0, 1.0]]], "view": [[0.0, -2.0, 100.0], [-2.0, 0.0, 100.0], [0.0, 0.0, 1.0]], "bev": "bev_3b4edc8d32f544259b6f57fef83de5cd.png", "aux": "aux_3b4edc8d32f544259b6f57fef83de5cd.npz", "visibility": "visibility_3b4edc8d32f544259b6f57fef83de5cd.png", "pose": [[0.9888153672218323, 0.14914464950561523, 0.0, 657.6046752929688], [-0.14914464950561523, 0.9888153672218323, 0.0, 1860.0069580078125], [0.0, 0.0, 1.0, 0.0], [0.0, 0.0, 0.0, 1.0]], "pose_inverse": [[0.9888153672218323, -0.14914464950561523, 0.0, -372.83953857421875], [0.14914464950561523, 0.9888153672218323, 0.0, -1937.28173828125], [0.0, 0.0, 1.0, 0.0], [0.0, 0.0, 0.0, 1.0]], "cam_ids": [0, 1, 2, 3, 4, 5], "cam_channels": ["CAM_FRONT_LEFT", "CAM_FRONT", "CAM_FRONT_RIGHT", "CAM_BACK_LEFT", "CAM_BACK", "CAM_BACK_RIGHT"], "token": "3b4edc8d32f544259b6f57fef83de5cd", "scene": "scene-0931"}, {"images": ["samples/CAM_FRONT_LEFT/n015-2018-10-08-15-44-23+0800__CAM_FRONT_LEFT__1538985054404844.jpg", "samples/CAM_FRONT/n015-2018-10-08-15-44-23+0800__CAM_FRONT__1538985054412460.jpg", "samples/CAM_FRONT_RIGHT/n015-2018-10-08-15-44-23+0800__CAM_FRONT_RIGHT__1538985054420339.jpg", "samples/CAM_BACK_LEFT/n015-2018-10-08-15-44-23+0800__CAM_BACK_LEFT__1538985054447427.jpg", "samples/CAM_BACK/n015-2018-10-08-15-44-23+0800__CAM_BACK__1538985054437525.jpg", "samples/CAM_BACK_RIGHT/n015-2018-10-08-15-44-23+0800__CAM_BACK_RIGHT__1538985054427893.jpg"], "intrinsics": [[[1272.5979470598488, 0.0, 826.6154927353808], [0.0, 1272.5979470598488, 479.75165386361925], [0.0, 0.0, 1.0]], [[1266.417203046554, 0.0, 816.2670197447984], [0.0, 1266.417203046554, 491.50706579294757], [0.0, 0.0, 1.0]], [[1260.8474446004698, 0.0, 807.968244525554], [0.0, 1260.8474446004698, 495.3344268742088], [0.0, 0.0, 1.0]], [[1256.7414812095406, 0.0, 792.1125740759628], [0.0, 1256.7414812095406, 492.7757465151356], [0.0, 0.0, 1.0]], [[809.2209905677063, 0.0, 829.2196003259838], [0.0, 809.2209905677063, 481.77842384512485], [0.0, 0.0, 1.0]], [[1259.5137405846733, 0.0, 807.2529053838625], [0.0, 1259.5137405846733, 501.19579884916527], [0.0, 0.0, 1.0]]], "extrinsics": [[[0.820460319519043, -0.567573070526123, -0.06859678030014038, -0.78173828125], [-0.058480024337768555, 0.03603801503777504, -0.9976378679275513, 1.4951972961425781], [0.5687044858932495, 0.822533905506134, -0.0036239237524569035, -1.1551513671875], [0.0, 0.0, 0.0, 1.0]], [[0.007502220571041107, -0.9994425773620605, -0.03253038227558136, 0.0076904296875], [-0.06370513141155243, 0.03198752552270889, -0.9974560141563416, 1.5088424682617188], [0.9979405999183655, 0.009555492550134659, -0.06342964619398117, -1.509765625], [0.0, 0.0, 0.0, 1.0]], [[-0.8312692046165466, -0.5554745197296143, 0.020967841148376465, 0.914794921875], [-0.058051399886608124, 0.049235984683036804, -0.9970986843109131, 1.4953536987304688], [0.5528305172920227, -0.8300745487213135, -0.07317443192005157, -1.169189453125], [0.0, 0.0, 0.0, 1.0]], [[0.9464229345321655, 0.32037025690078735, -0.04057556390762329, -1.1435546875], [-0.04920809343457222, 0.018892236053943634, -0.9986098408699036, 1.5886154174804688], [-0.31915831565856934, 0.9471040368080139, 0.03364485502243042, -0.103515625], [0.0, 0.0, 0.0, 1.0]], [[0.0016826123464852571, 0.9995838403701782, 0.028796980157494545, 0.00244140625], [-0.07464680075645447, 0.028842225670814514, -0.9967928528785706, 1.575469970703125], [-0.9972085952758789, -0.00047237853868864477, 0.07466426491737366, -0.049835205078125], [0.0, 0.0, 0.0, 1.0]], [[-0.9342057108879089, 0.35245853662490845, 0.055069711059331894, 1.039520263671875], [-0.04214032366871834, 0.04425784572958946, -0.9981309771537781, 1.5470733642578125], [-0.3542371392250061, -0.9347803592681885, -0.026493210345506668, -0.099609375], [0.0, 0.0, 0.0, 1.0]]], "view": [[0.0, -2.0, 100.0], [-2.0, 0.0, 100.0], [0.0, 0.0, 1.0]], "bev": "bev_1a18bb13ad6444f0a036b0d33f41a83e.png", "aux": "aux_1a18bb13ad6444f0a036b0d33f41a83e.npz", "visibility": "visibility_1a18bb13ad6444f0a036b0d33f41a83e.png", "pose": [[0.986349880695343, 0.16466310620307922, 0.0, 659.7137451171875], [-0.16466310620307922, 0.986349880695343, 0.0, 1859.655029296875], [0.0, 0.0, 1.0, 0.0], [0.0, 0.0, 0.0, 1.0]], "pose_inverse": [[0.986349880695343, -0.16466310620307922, 0.0, -344.49200439453125], [0.16466310620307922, 0.986349880695343, 0.0, -1942.9010009765625], [0.0, 0.0, 1.0, 0.0], [0.0, 0.0, 0.0, 1.0]], "cam_ids": [0, 1, 2, 3, 4, 5], "cam_channels": ["CAM_FRONT_LEFT", "CAM_FRONT", "CAM_FRONT_RIGHT", "CAM_BACK_LEFT", "CAM_BACK", "CAM_BACK_RIGHT"], "token": "1a18bb13ad6444f0a036b0d33f41a83e", "scene": "scene-0931"}, {"images": ["samples/CAM_FRONT_LEFT/n015-2018-10-08-15-44-23+0800__CAM_FRONT_LEFT__1538985054904844.jpg", "samples/CAM_FRONT/n015-2018-10-08-15-44-23+0800__CAM_FRONT__1538985054912460.jpg", "samples/CAM_FRONT_RIGHT/n015-2018-10-08-15-44-23+0800__CAM_FRONT_RIGHT__1538985054920353.jpg", "samples/CAM_BACK_LEFT/n015-2018-10-08-15-44-23+0800__CAM_BACK_LEFT__1538985054947423.jpg", "samples/CAM_BACK/n015-2018-10-08-15-44-23+0800__CAM_BACK__1538985054937525.jpg", "samples/CAM_BACK_RIGHT/n015-2018-10-08-15-44-23+0800__CAM_BACK_RIGHT__1538985054927893.jpg"], "intrinsics": [[[1272.5979470598488, 0.0, 826.6154927353808], [0.0, 1272.5979470598488, 479.75165386361925], [0.0, 0.0, 1.0]], [[1266.417203046554, 0.0, 816.2670197447984], [0.0, 1266.417203046554, 491.50706579294757], [0.0, 0.0, 1.0]], [[1260.8474446004698, 0.0, 807.968244525554], [0.0, 1260.8474446004698, 495.3344268742088], [0.0, 0.0, 1.0]], [[1256.7414812095406, 0.0, 792.1125740759628], [0.0, 1256.7414812095406, 492.7757465151356], [0.0, 0.0, 1.0]], [[809.2209905677063, 0.0, 829.2196003259838], [0.0, 809.2209905677063, 481.77842384512485], [0.0, 0.0, 1.0]], [[1259.5137405846733, 0.0, 807.2529053838625], [0.0, 1259.5137405846733, 501.19579884916527], [0.0, 0.0, 1.0]]], "extrinsics": [[[0.8210852146148682, -0.5667445063591003, -0.06796815991401672, -0.78326416015625], [-0.05737178027629852, 0.03653082996606827, -0.9976842999458313, 1.4955558776855469], [0.5679150223731995, 0.8230834007263184, -0.0025202115066349506, -1.1573486328125], [0.0, 0.0, 0.0, 1.0]], [[0.008327862247824669, -0.9994200468063354, -0.03301775082945824, 0.008544921875], [-0.06267310678958893, 0.03243231773376465, -0.9975070357322693, 1.5091438293457031], [0.997999370098114, 0.010376433841884136, -0.06236666813492775, -1.511962890625], [0.0, 0.0, 0.0, 1.0]], [[-0.8309515714645386, -0.5559882521629333, 0.019915828481316566, 0.9166259765625], [-0.05711282789707184, 0.04964001849293709, -0.9971328973770142, 1.495574951171875], [0.5534055233001709, -0.8297064900398254, -0.07300250977277756, -1.169921875], [0.0, 0.0, 0.0, 1.0]], [[0.9462981224060059, 0.32084184885025024, -0.039755433797836304, -1.14044189453125], [-0.04846879839897156, 0.019213732331991196, -0.9986398816108704, 1.5884342193603516], [-0.3196415901184082, 0.9469379186630249, 0.033732734620571136, -0.1053466796875], [0.0, 0.0, 0.0, 1.0]], [[0.0012321686372160912, 0.9995748996734619, 0.02913067489862442, 0.0018310546875], [-0.07383161038160324, 0.02914212830364704, -0.9968448281288147, 1.5754508972167969], [-0.9972699880599976, -0.00