[{"images": ["samples/CAM_FRONT_LEFT/n015-2018-11-21-19-38-26+0800__CAM_FRONT_LEFT__1542800467904844.jpg", "samples/CAM_FRONT/n015-2018-11-21-19-38-26+0800__CAM_FRONT__1542800467912523.jpg", "samples/CAM_FRONT_RIGHT/n015-2018-11-21-19-38-26+0800__CAM_FRONT_RIGHT__1542800467920339.jpg", "samples/CAM_BACK_LEFT/n015-2018-11-21-19-38-26+0800__CAM_BACK_LEFT__1542800467947423.jpg", "samples/CAM_BACK/n015-2018-11-21-19-38-26+0800__CAM_BACK__1542800467937525.jpg", "samples/CAM_BACK_RIGHT/n015-2018-11-21-19-38-26+0800__CAM_BACK_RIGHT__1542800467927895.jpg"], "intrinsics": [[[1272.5979470598488, 0.0, 826.6154927353808], [0.0, 1272.5979470598488, 479.75165386361925], [0.0, 0.0, 1.0]], [[1266.417203046554, 0.0, 816.2670197447984], [0.0, 1266.417203046554, 491.50706579294757], [0.0, 0.0, 1.0]], [[1260.8474446004698, 0.0, 807.968244525554], [0.0, 1260.8474446004698, 495.3344268742088], [0.0, 0.0, 1.0]], [[1256.7414812095406, 0.0, 792.1125740759628], [0.0, 1256.7414812095406, 492.7757465151356], [0.0, 0.0, 1.0]], [[809.2209905677063, 0.0, 829.2196003259838], [0.0, 809.2209905677063, 481.77842384512485], [0.0, 0.0, 1.0]], [[1259.5137405846733, 0.0, 807.2529053838625], [0.0, 1259.5137405846733, 501.19579884916527], [0.0, 0.0, 1.0]]], "extrinsics": [[[0.8205634951591492, -0.5715343356132507, 0.004913472570478916, -0.965057373046875], [-0.017656579613685608, -0.03394060209393501, -0.9992678165435791, 1.5082473754882812], [0.5712825655937195, 0.819875955581665, -0.03794176131486893, -1.2803955078125], [0.0, 0.0, 0.0, 1.0]], [[0.005637936294078827, -0.9992667436599731, 0.03787137195467949, 0.0048828125], [-0.02294345200061798, -0.037991270422935486, -0.999014675617218, 1.5205307006835938], [0.9997209310531616, 0.004763467703014612, -0.023140819743275642, -1.6923828125], [0.0, 0.0, 0.0, 1.0]], [[-0.8329952955245972, -0.5526727437973022, 0.02591482177376747, 1.032470703125], [-0.017306827008724213, -0.020787764340639114, -0.9996340870857239, 1.5036468505859375], [0.5530092716217041, -0.8331390619277954, 0.007751099765300751, -1.2486572265625], [0.0, 0.0, 0.0, 1.0]], [[0.9477027058601379, 0.31821343302726746, -0.02449326403439045, -1.14208984375], [-0.008644216693937778, -0.05112346634268761, -0.9986549615859985, 1.5885543823242188], [-0.319037526845932, 0.9466396570205688, -0.045699138194322586, -0.1038818359375], [0.0, 0.0, 0.0, 1.0]], [[0.002414003713056445, 0.9991482496261597, -0.0411958172917366, 0.0028076171875], [-0.034050352871418, -0.04108992591500282, -0.9985750913619995, 1.5793609619140625], [-0.9994171857833862, 0.00381330749951303, 0.03392215445637703, 0.001953125], [0.0, 0.0, 0.0, 1.0]], [[-0.9348006844520569, 0.3550865650177002, -0.007834343239665031, 1.13604736328125], [-0.0014219132717698812, -0.025799164548516273, -0.999666154384613, 1.5514488220214844], [-0.35517019033432007, -0.9344774484634399, 0.02462197281420231, -0.0635986328125], [0.0, 0.0, 0.0, 1.0]]], "view": [[0.0, -2.0, 100.0], [-2.0, 0.0, 100.0], [0.0, 0.0, 1.0]], "bev": "bev_e987093d34c74e24a5196dc0f7ea3d6d.png", "aux": "aux_e987093d34c74e24a5196dc0f7ea3d6d.npz", "visibility": "visibility_e987093d34c74e24a5196dc0f7ea3d6d.png", "pose": [[0.9909512996673584, 0.1342221051454544, 0.0, 1468.0126953125], [-0.1342221051454544, 0.9909512996673584, 0.0, 1408.91015625], [0.0, 0.0, 1.0, 0.0], [0.0, 0.0, 0.0, 1.0]], "pose_inverse": [[0.9909512996673584, -0.1342221051454544, 0.0, -1265.6221923828125], [0.1342221051454544, 0.9909512996673584, 0.0, -1593.2010498046875], [0.0, 0.0, 1.0, 0.0], [0.0, 0.0, 0.0, 1.0]], "cam_ids": [0, 1, 2, 3, 4, 5], "cam_channels": ["CAM_FRONT_LEFT", "CAM_FRONT", "CAM_FRONT_RIGHT", "CAM_BACK_LEFT", "CAM_BACK", "CAM_BACK_RIGHT"], "token": "e987093d34c74e24a5196dc0f7ea3d6d", "scene": "scene-1082"}, {"images": ["samples/CAM_FRONT_LEFT/n015-2018-11-21-19-38-26+0800__CAM_FRONT_LEFT__1542800468354844.jpg", "samples/CAM_FRONT/n015-2018-11-21-19-38-26+0800__CAM_FRONT__1542800468362460.jpg", "samples/CAM_FRONT_RIGHT/n015-2018-11-21-19-38-26+0800__CAM_FRONT_RIGHT__1542800468370339.jpg", "samples/CAM_BACK_LEFT/n015-2018-11-21-19-38-26+0800__CAM_BACK_LEFT__1542800468397423.jpg", "samples/CAM_BACK/n015-2018-11-21-19-38-26+0800__CAM_BACK__1542800468387525.jpg", "samples/CAM_BACK_RIGHT/n015-2018-11-21-19-38-26+0800__CAM_BACK_RIGHT__1542800468377893.jpg"], "intrinsics": [[[1272.5979470598488, 0.0, 826.6154927353808], [0.0, 1272.5979470598488, 479.75165386361925], [0.0, 0.0, 1.0]], [[1266.417203046554, 0.0, 816.2670197447984], [0.0, 1266.417203046554, 491.50706579294757], [0.0, 0.0, 1.0]], [[1260.8474446004698, 0.0, 807.968244525554], [0.0, 1260.8474446004698, 495.3344268742088], [0.0, 0.0, 1.0]], [[1256.7414812095406, 0.0, 792.1125740759628], [0.0, 1256.7414812095406, 492.7757465151356], [0.0, 0.0, 1.0]], [[809.2209905677063, 0.0, 829.2196003259838], [0.0, 809.2209905677063, 481.77842384512485], [0.0, 0.0, 1.0]], [[1259.5137405846733, 0.0, 807.2529053838625], [0.0, 1259.5137405846733, 501.19579884916527], [0.0, 0.0, 1.0]]], "extrinsics": [[[0.8205611109733582, -0.5715380311012268, 0.004877000581473112, -0.964935302734375], [-0.017731288447976112, -0.033983778208494186, -0.9992650747299194, 1.5082473754882812], [0.5712836384773254, 0.8198716044425964, -0.038019873201847076, -1.2802734375], [0.0, 0.0, 0.0, 1.0]], [[0.0056348154321312904, -0.9992651343345642, 0.03791308030486107, 0.0048828125], [-0.023016639053821564, -0.038033243268728256, -0.9990113973617554, 1.5205307006835938], [0.9997192025184631, 0.004756607115268707, -0.023214034736156464, -1.692138671875], [0.0, 0.0, 0.0, 1.0]], [[-0.8329957127571106, -0.5526681542396545, 0.02600100450217724, 1.0323486328125], [-0.017384352162480354, -0.02082686312496662, -0.999631941318512, 1.5036430358886719], [0.5530062913894653, -0.8331410884857178, 0.007740913890302181, -1.248779296875], [0.0, 0.0, 0.0, 1.0]], [[0.9477016925811768, 0.3182099759578705, -0.02457316406071186, -1.14208984375], [-0.008722519502043724, -0.051141463220119476, -0.9986533522605896, 1.5885543823242188], [-0.31903812289237976, 0.9466397762298584, -0.04569125920534134, -0.103759765625], [0.0, 0.0, 0.0, 1.0]], [[0.002412723144516349, 0.9991469383239746, -0.04122563824057579, 0.0028076171875], [-0.0341377891600132, -0.04111943393945694, -0.9985708594322205, 1.5793533325195312], [-0.9994142651557922, 0.0038166057784110308, 0.034009456634521484, 0.0018310546875], [0.0, 0.0, 0.0, 1.0]], [[-0.9348001480102539, 0.3550891876220703, -0.0077649555169045925, 1.13629150390625], [-0.0015076848212629557, -0.025829406455159187, -0.9996652603149414, 1.5514450073242188], [-0.3551708459854126, -0.9344756007194519, 0.024680696427822113, -0.0635986328125], [0.0, 0.0, 0.0, 1.0]]], "view": [[0.0, -2.0, 100.0], [-2.0, 0.0, 100.0], [0.0, 0.0, 1.0]], "bev": "bev_92c06cf62a5b49aeb960a22b859c1fe3.png", "aux": "aux_92c06cf62a5b49aeb960a22b859c1fe3.npz", "visibility": "visibility_92c06cf62a5b49aeb960a22b859c1fe3.png", "pose": [[0.9909453988075256, 0.13426540791988373, 0.0, 1468.0126953125], [-0.13426540791988373, 0.9909453988075256, 0.0, 1408.909912109375], [0.0, 0.0, 1.0, 0.0], [0.0, 0.0, 0.0, 1.0]], "pose_inverse": [[0.9909453988075256, -0.13426540791988373, 0.0, -1265.5526123046875], [0.13426540791988373, 0.9909453988075256, 0.0, -1593.256103515625], [0.0, 0.0, 1.0, 0.0], [0.0, 0.0, 0.0, 1.0]], "cam_ids": [0, 1, 2, 3, 4, 5], "cam_channels": ["CAM_FRONT_LEFT", "CAM_FRONT", "CAM_FRONT_RIGHT", "CAM_BACK_LEFT", "CAM_BACK", "CAM_BACK_RIGHT"], "token": "92c06cf62a5b49aeb960a22b859c1fe3", "scene": "scene-1082"}, {"images": ["samples/CAM_FRONT_LEFT/n015-2018-11-21-19-38-26+0800__CAM_FRONT_LEFT__1542800468854844.jpg", "samples/CAM_FRONT/n015-2018-11-21-19-38-26+0800__CAM_FRONT__1542800468862460.jpg", "samples/CAM_FRONT_RIGHT/n015-2018-11-21-19-38-26+0800__CAM_FRONT_RIGHT__1542800468870339.jpg", "samples/CAM_BACK_LEFT/n015-2018-11-21-19-38-26+0800__CAM_BACK_LEFT__1542800468897423.jpg", "samples/CAM_BACK/n015-2018-11-21-19-38-26+0800__CAM_BACK__1542800468887525.jpg", "samples/CAM_BACK_RIGHT/n015-2018-11-21-19-38-26+0800__CAM_BACK_RIGHT__1542800468877893.jpg"], "intrinsics": [[[1272.5979470598488, 0.0, 826.6154927353808], [0.0, 1272.5979470598488, 479.75165386361925], [0.0, 0.0, 1.0]], [[1266.417203046554, 0.0, 816.2670197447984], [0.0, 1266.417203046554, 491.50706579294757], [0.0, 0.0, 1.0]], [[1260.8474446004698, 0.0, 807.968244525554], [0.0, 1260.8474446004698, 495.3344268742088], [0.0, 0.0, 1.0]], [[1256.7414812095406, 0.0, 792.1125740759628], [0.0, 1256.7414812095406, 492.7757465151356], [0.0, 0.0, 1.0]], [[809.2209905677063, 0.0, 829.2196003259838], [0.0, 809.2209905677063, 481.77842384512485], [0.0, 0.0, 1.0]], [[1259.5137405846733, 0.0, 807.2529053838625], [0.0, 1259.5137405846733, 501.19579884916527], [0.0, 0.0, 1.0]]], "extrinsics": [[[0.8205605149269104, -0.5715391635894775, 0.0048543126322329044, -0.964996337890625], [-0.017666663974523544, -0.033851295709609985, -0.9992707371711731, 1.5082473754882812], [0.5712866187095642, 0.8198763132095337, -0.03787422180175781, -1.2802734375], [0.0, 0.0, 0.0, 1.0]], [[0.0056326063349843025, -0.9992699027061462, 0.037787064909935, 0.0050048828125], [-0.022959977388381958, -0.037906937301158905, -0.9990174770355225, 1.5205307006835938], [0.9997205138206482, 0.004759477451443672, -0.023156728595495224, -1.6922607421875], [0.0, 0.0, 0.0, 1.0]], [[-0.8329968452453613, -0.5526716113090515, 0.025889277458190918, 1.032470703125], [-0.01732751354575157, -0.02071043848991394, -0.9996353387832642, 1.5036468505859375], [0.5530062317848206, -0.8331417441368103, 0.007675309665501118, -1.2486572265625], [0.0, 0.0, 0.0, 1.0]], [[0.9477035999298096, 0.31821250915527344, -0.02446838840842247, -1.1422119140625], [-0.00863758847117424, -0.05106547847390175, -0.9986579418182373, 1.5885543823242188], [-0.3190349340438843, 0.946643054485321, -0.04564635083079338, -0.1038818359375], [0.0, 0.0, 0.0, 1.0]], [[0.0024135378189384937, 0.9991506338119507, -0.041136179119348526, 0.0028076171875], [-0.03406251594424248, -0.041030291467905045, -0.9985771179199219, 1.5793609619140625], [-0.9994168281555176, 0.0038113053888082504, 0.03393455594778061, 0.0018310546875], [0.0, 0.0, 0.0, 1.0]], [[-0.9348001480102539, 0.3550886809825897, -0.007793889846652746, 1.13623046875], [-0.0014383719535544515, -0.02572847716510296, -0.9996679425239563, 1.5514488220214844], [-0.3551712930202484, -0.9344784617424011, 0.02456173487007618, -0.0634765625], [0.0, 0.0, 0.0, 1.0]]], "view": [[0.0, -2.0, 100.0], [-2.0, 0.0, 100.0], [0.0, 0.0, 1.0]], "bev": "bev_55c0a98f244d47b7a6c474e75bae48ba.png", "aux": "aux_55c0a98f244d47b7a6c474e75bae48ba.npz", "visibility": "visibility_55c0a98f244d47b7a6c474e75bae48ba.png", "pose": [[0.9909535050392151, 0.13420560956001282, 0.0, 1468.0125732421875], [-0.13420560956001282, 0.9909535050392151, 0.0, 1408.90966796875], [0.0, 0.0, 1.0, 0.0], [0.0, 0.0, 0.0, 1.0]], "pose_inverse": [[0.9909535050392151, -0.13420560956001282, 0.0, -1265.648681640625], [0.13420560956001282, 0.9909535050392151, 0.0, -1593.1795654296875], [0.0, 0.0, 1.0, 0.0], [0.0, 0.0, 0.0, 1.0]], "cam_ids": [0, 1, 2, 3, 4, 5], "cam_channels": ["CAM_FRONT_LEFT", "CAM_FRONT", "CAM_FRONT_RIGHT", "CAM_BACK_LEFT", "CAM_BACK", "CAM_BACK_RIGHT"], "token": "55c0a98f244d47b7a6c474e75bae48ba", "scene": "scene-1082"}, {"images": ["samples/CAM_FRONT_LEFT/n015-2018-11-21-19-38-26+0800__CAM_FRONT_LEFT__1542800469354844.jpg", "samples/CAM_FRONT/n015-2018-11-21-19-38-26+0800__CAM_FRONT__1542800469362460.jpg", "samples/CAM_FRONT_RIGHT/n015-2018-11-21-19-38-26+0800__CAM_FRONT_RIGHT__1542800469370339.jpg", "samples/CAM_BACK_LEFT/n015-2018-11-21-19-38-26+0800__CAM_BACK_LEFT__1542800469397423.jpg", "samples/CAM_BACK/n015-2018-11-21-19-38-26+0800__CAM_BACK__1542800469387525.jpg", "samples/CAM_BACK_RIGHT/n015-2018-11-21-19-38-26+0800__CAM_BACK_RIGHT__1542800469377893.jpg"], "intrinsics": [[[1272.5979470598488, 0.0, 826.6154927353808], [0.0, 1272.5979470598488, 479.75165386361925], [0.0, 0.0, 1.0]], [[1266.417203046554, 0.0, 816.2670197447984], [0.0, 1266.417203046554, 491.50706579294757], [0.0, 0.0, 1.0]], [[1260.8474446004698, 0.0, 807.968244525554], [0.0, 1260.8474446004698, 495.3344268742088], [0.0, 0.0, 1.0]], [[1256.7414812095406, 0.0, 792.1125740759628], [0.0, 1256.7414812095406, 492.7757465151356], [0.0, 0.0, 1.0]], [[809.2209905677063, 0.0, 829.2196003259838], [0.0, 809.2209905677063, 481.77842384512485], [0.0, 0.0, 1.0]], [[1259.5137405846733, 0.0, 807.2529053838625], [0.0, 1259.5137405846733, 501.19579884916527], [0.0, 0.0, 1.0]]], "extrinsics": [[[0.8205610513687134, -0.5715391039848328, 0.004742987919598818, -0.9649810791015625], [-0.01778230629861355, -0.033822689205408096, -0.9992696046829224, 1.5082473754882812], [0.5712820887565613, 0.8198773860931396, -0.037916865199804306, -1.2803955078125], [0.0, 0.0, 0.0, 1.0]], [[0.005636510439217091, -0.9992712736129761, 0.03774907812476158, 0.005126953125], [-0.023075908422470093, -0.03786959871649742, -0.9990162253379822, 1.5205307006835938], [0.9997177720069885, 0.0047598727978765965, -0.023272546008229256, -1.6922607421875], [0.0, 0.0, 0.0, 1.0]], [[-0.8329945206642151, -0.5526718497276306, 0.025960678234696388, 1.0322265625], [-0.017442116513848305, -0.02066686376929283, -0.9996342658996582, 1.5036430358886719], [0.5530062317848206, -0.8331426382064819, 0.007575616706162691, -1.24871826171875], [0.0, 0.0, 0.0, 1.0]], [[0.9477000832557678, 0.3182165324687958, -0.02455194853246212, -1.1422119140625], [-0.008750314824283123, -0.05099167674779892, -0.9986607432365417, 1.5885543823242188], [-0.31904226541519165, 0.9466457366943359, -0.04554032161831856, -0.103759765625], [0.0, 0.0, 0.0, 1.0]], [[0.0024117270950227976, 0.9991532564163208, -0.04107227921485901, 0.002685546875], [-0.03417035937309265, -0.04096606746315956, -0.9985760450363159, 1.5793685913085938], [-0.9994130730628967, 0.0038117330987006426, 0.03404263034462929, 0.0018310546875], [0.0, 0.0, 0.0, 1.0]], [[-0.934800386428833, 0.3550906777381897, -0.0076679359190166, 1.13623046875], [-0.0015544617781415582, -0.02567937597632408, -0.9996690154075623, 1.5514488220214844], [-0.3551700711250305, -0.9344791173934937, 0.024557070806622505, -0.0634765625], [0.0, 0.0, 0.0, 1.0]]], "view": [[0.0, -2.0, 100.0], [-2.0, 0.0, 100.0], [0.0, 0.0, 1.0]], "bev": "bev_ef1459a2e9e747b0997464fa41ec7b11.png", "aux": "aux_ef1459a2e9e747b0997464fa41ec7b11.npz", "visibility": "visibility_ef1459a2e9e747b0997464fa41ec7b11.png", "pose": [[0.9909582138061523, 0.13417083024978638, 0.0, 1468.0125732421875], [-0.13417083024978638, 0.9909582138061523, 0.0, 1408.9095458984375], [0.0, 0.0, 1.0, 0.0], [0.0, 0.0, 0.0, 1.0]], "pose_inverse": [[0.9909582138061523, -0.13417083024978638, 0.0, -1265.70458984375], [0.13417083024978638, 0.9909582138061523, 0.0, -1593.135009765625], [0.0, 0.0, 1.0, 0.0], [0.0, 0.0, 0.0, 1.0]], "cam_ids": [0, 1, 2, 3, 4, 5], "cam_channels": ["CAM_FRONT_LEFT", "CAM_FRONT", "CAM_FRONT_RIGHT", "CAM_BACK_LEFT", "CAM_BACK", "CAM_BACK_RIGHT"], "token": "ef1459a2e9e747b0997464fa41ec7b11", "scene": "scene-1082"}, {"images": ["samples/CAM_FRONT_LEFT/n015-2018-11-21-19-38-26+0800__CAM_FRONT_LEFT__1542800469854844.jpg", "samples/CAM_FRONT/n015-2018-11-21-19-38-26+0800__CAM_FRONT__1542800469862460.jpg", "samples/CAM_FRONT_RIGHT/n015-2018-11-21-19-38-26+0800__CAM_FRONT_RIGHT__1542800469870339.jpg", "samples/CAM_BACK_LEFT/n015-2018-11-21-19-38-26+0800__CAM_BACK_LEFT__1542800469897423.jpg", "samples/CAM_BACK/n015-2018-11-21-19-38-26+0800__CAM_BACK__1542800469887525.jpg", "samples/CAM_BACK_RIGHT/n015-2018-11-21-19-38-26+0800__CAM_BACK_RIGHT__1542800469877893.jpg"], "intrinsics": [[[1272.5979470598488, 0.0, 826.6154927353808], [0.0, 1272.5979470598488, 479.75165386361925], [0.0, 0.0, 1.0]], [[1266.417203046554, 0.0, 816.2670197447984], [0.0, 1266.417203046554, 491.50706579294757], [0.0, 0.0, 1.0]], [[1260.8474446004698, 0.0, 807.968244525554], [0.0, 1260.8474446004698, 495.3344268742088], [0.0, 0.0, 1.0]], [[1256.7414812095406, 0.0, 792.1125740759628], [0.0, 1256.7414812095406, 492.7757465151356], [0.0, 0.0, 1.0]], [[809.2209905677063, 0.0, 829.2196003259838], [0.0, 809.2209905677063, 481.77842384512485], [0.0, 0.0, 1.0]], [[1259.5137405846733, 0.0, 807.2529053838625], [0.0, 1259.5137405846733, 501.19579884916527], [0.0, 0.0, 1.0]]], "extrinsics": [[[0.8205682635307312, -0.5715292096138, 0.004688630346208811, -0.9650115966796875], [-0.017813971266150475, -0.033773936331272125, -0.9992706775665283, 1.50823974609375], [0.571270763874054, 0.8198863863945007, -0.037895020097494125, -1.2802734375], [0.0, 0.0, 0.0, 1.0]], [[0.005648199934512377, -0.9992730021476746, 0.037704046815633774, 0.0050048828125], [-0.023109056055545807, -0.03782501071691513, -0.9990171194076538, 1.5205307006835938], [0.9997169971466064, 0.00477132573723793, -0.023305894806981087, -1.6923828125], [0.0, 0.0, 0.0, 1.0]], [[-0.832988977432251, -0.5526799559593201, 0.02596426010131836, 1.032470703125], [-0.017477847635746002, -0.020619377493858337, -0.9996346235275269, 1.5036468505859375], [0.5530133843421936, -0.8331384658813477, 0.007516060024499893, -1.24871826171875], [0.0, 0.0, 0.0, 1.0]], [[0.9477010369300842, 0.31821075081825256, -0.02459278330206871, -1.1422119140625], [-0.008803342469036579, -0.05096287652850151, -0.9986616969108582, 1.5885543823242188], [-0.3190382122993469, 0.9466491937637329, -0.045496247708797455, -0.1038818359375], [0.0, 0.0, 0.0, 1.0]], [[0.0024070912040770054, 0.9991544485092163, -0.04104531556367874, 0.0028076171875], [-0.034227680414915085, -0.04093906283378601, -0.9985752105712891, 1.5793609619140625], [-0.9994111657142639, 0.003808538196608424, 0.03410018980503082, 0.0018310546875], [0.0, 0.0, 0.0, 1.0]], [[-0.9348025918006897, 0.3550858497619629, -0.007619153242558241, 1.13616943359375], [-0.001588604529388249, -0.025632314383983612, -0.9996702075004578, 1.5514488220214844], [-0.3551640212535858, -0.9344822764396667, 0.024525249376893044, -0.0635986328125], [0.0, 0.0, 0.0, 1.0]]], "view": [[0.0, -2.0, 100.0], [-2.0, 0.0, 100.0], [0.0, 0.0, 1.0]], "bev": "bev_0a8499ecf7b140a180dfdf7e26ddf47b.png", "aux": "aux_0a8499ecf7b140a180dfdf7e26ddf47b.npz", "visibility": "visibility_0a8499ecf7b140a180dfdf7e26ddf47b.png", "pose": [[0.9909583330154419, 0.13417015969753265, 0.0, 1468.0125732421875], [-0.13417015969753265, 0.9909583330154419, 0.0, 1408.9093017578125], [0.0, 0.0, 1.0, 0.0], [0.0, 0.0, 0.0, 1.0]], "pose_inverse": [[0.9909583330154419, -0.13417015969753265, 0.0, -1265.7056884765625], [0.13417015969753265, 0.9909583330154419, 0.0, -1593.1339111328125], [0.0, 0.0, 1.0, 0.0], [0.0, 0.0, 0.0, 1.0]], "cam_ids": [0, 1, 2, 3, 4, 5], "cam_channels": ["CAM_FRONT_LEFT", "CAM_FRONT", "CAM_FRONT_RIGHT", "CAM_BACK_LEFT", "CAM_BACK", "CAM_BACK_RIGHT"], "token": "0a8499ecf7b140a180dfdf7e26ddf47b", "scene": "scene-1082"}, {"images": ["samples/CAM_FRONT_LEFT/n015-2018-11-21-19-38-26+0800__CAM_FRONT_LEFT__1542800470354844.jpg", "samples/CAM_FRONT/n015-2018-11-21-19-38-26+0800__CAM_FRONT__1542800470362460.jpg", "samples/CAM_FRONT_RIGHT/n015-2018-11-21-19-38-26+0800__CAM_FRONT_RIGHT__1542800470370339.jpg", "samples/CAM_BACK_LEFT/n015-2018-11-21-19-38-26+0800__CAM_BACK_LEFT__1542800470397423.jpg", "samples/CAM_BACK/n015-2018-11-21-19-38-26+0800__CAM_BACK__1542800470387525.jpg", "samples/CAM_BACK_RIGHT/n015-2018-11-21-19-38-26+0800__CAM_BACK_RIGHT__1542800470377893.jpg"], "intrinsics": [[[1272.5979470598488, 0.0, 826.6154927353808], [0.0, 1272.5979470598488, 479.75165386361925], [0.0, 0.0, 1.0]], [[1266.417203046554, 0.0, 816.2670197447984], [0.0, 1266.417203046554, 491.50706579294757], [0.0, 0.0, 1.0]], [[1260.8474446004698, 0.0, 807.968244525554], [0.0, 1260.8474446004698, 495.3344268742088], [0.0, 0.0, 1.0]], [[1256.7414812095406, 0.0, 792.1125740759628], [0.0, 1256.7414812095406, 492.7757465151356], [0.0, 0.0, 1.0]], [[809.2209905677063, 0.0, 829.2196003259838], [0.0, 809.2209905677063, 481.77842384512485], [0.0, 0.0, 1.0]], [[1259.5137405846733, 0.0, 807.2529053838625], [0.0, 1259.5137405846733, 501.19579884916527], [0.0, 0.0, 1.0]]], "extrinsics": [[[0.8205599784851074, -0.5715430378913879, 0.00446075014770031, -0.9647979736328125], [-0.018044844269752502, -0.03370589017868042, -0.9992688894271851, 1.5082473754882812], [0.571275532245636, 0.8198795318603516, -0.03797110542654991, -1.2802734375], [0.0, 0.0, 0.0, 1.0]], [[0.005638627801090479, -0.9992756843566895, 0.03763524815440178, 0.0048828125], [-0.023339763283729553, -0.037757109850645065, -0.9990143775939941, 1.520538330078125], [0.9997116923332214, 0.004754669964313507, -0.023535754531621933, -1.692138671875], [0.0, 0.0, 0.0, 1.0]], [[-0.8329939842224121, -0.5526648759841919, 0.026125004515051842, 1.0323486328125], [-0.017712851986289024, -0.020556189119815826, -0.9996317625045776, 1.5036468505859375], [0.552998423576355, -0.8331499695777893, 0.007333909161388874, -1.24871826171875], [0.0, 0.0, 0.0, 1.0]], [[0.9476968050003052, 0.3182084560394287, -0.0247807577252388, -1.1422119140625], [-0.009022729471325874, -0.05090001970529556, -0.9986630082130432, 1.5885543823242188], [-0.3190443217754364, 0.9466533660888672, -0.04536667838692665, -0.1038818359375], [0.0, 0.0, 0.0, 1.0]], [[0.0024110160302370787, 0.9991570711135864, -0.040981225669384, 0.0030517578125], [-0.034433383494615555, -0.040874090045690536, -0.9985708594322205, 1.5793533325195312], [-0.9994040727615356, 0.0038186972960829735, 0.03430580347776413, 0.001953125], [0.0, 0.0, 0.0, 1.0]], [[-0.9347984790802002, 0.35510191321372986, -0.00737678213045001, 1.13623046875], [-0.001828279229812324, -0.02557978965342045, -0.9996711611747742, 1.55145263671875], [-0.35517385601997375, -0.9344775676727295, 0.024561170488595963, -0.0635986328125], [0.0, 0.0, 0.0, 1.0]]], "view": [[0.0, -2.0, 100.0], [-2.0, 0.0, 100.0], [0.0, 0.0, 1.0]], "bev": "bev_03102f6b4d7c49778f76acaf8ac8c574.png", "aux": "aux_03102f6b4d7c49778f76acaf8ac8c574.npz", "visibility": "visibility_03102f6b4d7c49778f76acaf8ac8c574.png", "pose": [[0.9909582734107971, 0.13417041301727295, 0.0, 1468.0125732421875], [-0.13417041301727295, 0.9909582734107971, 0.0, 1408.9091796875], [0.0, 0.0, 1.0, 0.0], [0.0, 0.0, 0.0, 1.0]], "pose_inverse": [[0.9909582734107971, -0.13417041301727295, 0.0, -1265.705322265625], [0.13417041301727295, 0.9909582734107971, 0.0, -1593.134033203125], [0.0, 0.0, 1.0, 0.0], [0.0, 0.0, 0.0, 1.0]], "cam_ids": [0, 1, 2, 3, 4, 5], "cam_channels": ["CAM_FRONT_LEFT", "CAM_FRONT", "CAM_FRONT_RIGHT", "CAM_BACK_LEFT", "CAM_BACK", "CAM_BACK_RIGHT"], "token": "03102f6b4d7c49778f76acaf8ac8c574", "scene": "scene-1082"}, {"images": ["samples/CAM_FRONT_LEFT/n015-2018-11-21-19-38-26+0800__CAM_FRONT_LEFT__1542800470854844.jpg", "samples/CAM_FRONT/n015-2018-11-21-19-38-26+0800__CAM_FRONT__1542800470862460.jpg", "samples/CAM_FRONT_RIGHT/n015-2018-11-21-19-38-26+0800__CAM_FRONT_RIGHT__1542800470870339.jpg", "samples/CAM_BACK_LEFT/n015-2018-11-21-19-38-26+0800__CAM_BACK_LEFT__1542800470897423.jpg", "samples/CAM_BACK/n015-2018-11-21-19-38-26+0800__CAM_BACK__1542800470887525.jpg", "samples/CAM_BACK_RIGHT/n015-2018-11-21-19-38-26+0800__CAM_BACK_RIGHT__1542800470877893.jpg"], "intrinsics": [[[1272.5979470598488, 0.0, 826.6154927353808], [0.0, 1272.5979470598488, 479.75165386361925], [0.0, 0.0, 1.0]], [[1266.417203046554, 0.0, 816.2670197447984], [0.0, 1266.417203046554, 491.50706579294757], [0.0, 0.0, 1.0]], [[1260.8474446004698, 0.0, 807.968244525554], [0.0, 1260.8474446004698, 495.3344268742088], [0.0, 0.0, 1.0]], [[1256.7414812095406, 0.0, 792.1125740759628], [0.0, 1256.7414812095406, 492.7757465151356], [0.0, 0.0, 1.0]], [[809.2209905677063, 0.0, 829.2196003259838], [0.0, 809.2209905677063, 481.77842384512485], [0.0, 0.0, 1.0]], [[1259.5137405846733, 0.0, 807.2529053838625], [0.0, 1259.5137405846733, 501.19579884916527], [0.0, 0.0, 1.0]]], "extrinsics": [[[0.8205655217170715, -0.5715354681015015, 0.00441625015810132, -0.9649200439453125], [-0.018039969727396965, -0.03362172842025757, -0.999271810054779, 1.5082473754882812], [0.5712677240371704, 0.8198882341384888, -0.037899311631917953, -1.280517578125], [0.0, 0.0, 0.0, 1.0]], [[0.005645703058689833, -0.9992785453796387, 0.037556108087301254, 0.0048828125], [-0.02333204448223114, -0.03767811879515648, -0.9990174770355225, 1.520538330078125], [0.999711811542511, 0.0047638900578022, -0.023527931421995163, -1.6923828125], [0.0, 0.0, 0.0, 1.0]], [[-0.8329914212226868, -0.5526708960533142, 0.02607870288193226, 1.0321044921875], [-0.017705852165818214, -0.020482933148741722, -0.9996333718299866, 1.5036392211914062], [0.5530024170875549, -0.8331478834152222, 0.007276597432792187, -1.248779296875], [0.0, 0.0, 0.0, 1.0]], [[0.947696328163147, 0.3182094395160675, -0.024789201095700264, -1.1422119140625], [-0.009050169959664345, -0.05084484815597534, -0.9986655712127686, 1.5885467529296875], [-0.31904518604278564, 0.9466559886932373, -0.04530562087893486, -0.103759765625], [0.0, 0.0, 0.0, 1.0]], [[0.00240874825976789, 0.999159574508667, -0.04092000797390938, 0.0029296875], [-0.03445672243833542, -0.0408129021525383, -0.9985725283622742, 1.5793609619140625], [-0.9994032979011536, 0.003815289819613099, 0.034329451620578766, 0.001953125], [0.0, 0.0, 0.0, 1.0]], [[-0.9347996115684509, 0.3550996780395508, -0.007349593564867973, 1.13616943359375], [-0.0018298126524314284, -0.025507483631372452, -0.9996729493141174, 1.5514564514160156], [-0.3551710546016693, -0.9344803690910339, 0.024494150653481483, -0.0634765625], [0.0, 0.0, 0.0, 1.0]]], "view": [[0.0, -2.0, 100.0], [-2.0, 0.0, 100.0], [0.0, 0.0, 1.0]], "bev": "bev_499dbf1c614f4d52845bc8a59fb92a2e.png", "aux": "aux_499dbf1c614f4d52845bc8a59fb92a2e.npz", "visibility": "visibility_499dbf1c614f4d52845bc8a59fb92a2e.png", "pose": [[0.9909591674804688, 0.13416390120983124, 0.0, 1468.0125732421875], [-0.13416390120983124, 0.9909591674804688, 0.0, 1408.9090576171875], [0.0, 0.0, 1.0, 0.0], [0.0, 0.0, 0.0, 1.0]], "pose_inverse": [[0.9909591674804688, -0.13416390120983124, 0.0, -1265.7158203125], [0.13416390120983124, 0.9909591674804688, 0.0, -1593.1256103515625], [0.0, 0.0, 1.0, 0.0], [0.0, 0.0, 0.0, 1.0]], "cam_ids": [0, 1, 2, 3, 4, 5], "cam_channels": ["CAM_FRONT_LEFT", "CAM_FRONT", "CAM_FRONT_RIGHT", "CAM_BACK_LEFT", "CAM_BACK", "CAM_BACK_RIGHT"], "token": "499dbf1c614f4d52845bc8a59fb92a2e", "scene": "scene-1082"}, {"images": ["samples/CAM_FRONT_LEFT/n015-2018-11-21-19-38-26+0800__CAM_FRONT_LEFT__1542800471354844.jpg", "samples/CAM_FRONT/n015-2018-11-21-19-38-26+0800__CAM_FRONT__1542800471362460.jpg", "samples/CAM_FRONT_RIGHT/n015-2018-11-21-19-38-26+0800__CAM_FRONT_RIGHT__1542800471370339.jpg", "samples/CAM_BACK_LEFT/n015-2018-11-21-19-38-26+0800__CAM_BACK_LEFT__1542800471397423.jpg", "samples/CAM_BACK/n015-2018-11-21-19-38-26+0800__CAM_BACK__1542800471387525.jpg", "samples/CAM_BACK_RIGHT/n015-2018-11-21-19-38-26+0800__CAM_BACK_RIGHT__1542800471377947.jpg"], "intrinsics": [[[1272.5979470598488, 0.0, 826.6154927353808], [0.0, 1272.5979470598488, 479.75165386361925], [0.0, 0.0, 1.0]], [[1266.417203046554, 0.0, 816.2670197447984], [0.0, 1266.417203046554, 491.50706579294757], [0.0, 0.0, 1.0]], [[1260.8474446004698, 0.0, 807.968244525554], [0.0, 1260.8474446004698, 495.3344268742088], [0.0, 0.0, 1.0]], [[1256.7414812095406, 0.0, 792.1125740759628], [0.0, 1256.7414812095406, 492.7757465151356], [0.0, 0.0, 1.0]], [[809.2209905677063, 0.0, 829.2196003259838], [0.0, 809.2209905677063, 481.77842384512485], [0.0, 0.0, 1.0]], [[1259.5137405846733, 0.0, 807.2529053838625], [0.0, 1259.5137405846733, 501.19579884916527], [0.0, 0.0, 1.0]]], "extrinsics": [[[0.820583701133728, -0.5715076327323914, 0.0046219779178500175, -0.964996337890625], [-0.017859287559986115, -0.03372421860694885, -0.9992716312408447, 1.5082473754882812], [0.5712471604347229, 0.8199034333229065, -0.03788026422262192, -1.2802734375], [0.0, 0.0, 0.0, 1.0]], [[0.005672308150678873, -0.9992744326591492, 0.03766097500920296, 0.005126953125], [-0.023153046146035194, -0.03778272867202759, -0.9990177750587463, 1.520538330078125], [0.9997158050537109, 0.004794787149876356, -0.023350564762949944, -1.692138671875], [0.0, 0.0, 0.0, 1.0]], [[-0.8329777717590332, -0.5526960492134094, 0.02598441019654274, 1.0322265625], [-0.017525484785437584, -0.020583776757121086, -0.9996345043182373, 1.5036392211914062], [0.55302894115448, -0.8331286907196045, 0.007459563203155994, -1.248779296875], [0.0, 0.0, 0.0, 1.0]], [[0.9476975202560425, 0.3182172179222107, -0.02464302070438862, -1.1422119140625], [-0.008867227472364902, -0.05092942714691162, -0.9986628890037537, 1.5885467529296875], [-0.3190467655658722, 0.9466487765312195, -0.04544398561120033, -0.103759765625], [0.0, 0.0, 0.0, 1.0]], [[0.002399320947006345, 0.99915611743927, -0.0410052053630352, 0.0028076171875], [-0.0342680998146534, -0.04089908301830292, -0.9985754489898682, 1.5793685913085938], [-0.9994097948074341, 0.003801078302785754, 0.034141045063734055, 0.0018310546875], [0.0, 0.0, 0.0, 1.0]], [[-0.9348077178001404, 0.35507383942604065, -0.007561002392321825, 1.13629150390625], [-0.0016375622944906354, -0.025598399341106415, -0.9996709823608398, 1.5514488220214844], [-0.3551505506038666, -0.9344877600669861, 0.02451103739440441, -0.0635986328125], [0.0, 0.0, 0.0, 1.0]]], "view": [[0.0, -2.0, 100.0], [-2.0, 0.0, 100.0], [0.0, 0.0, 1.0]], "bev": "bev_f05ea49e1a714096bbda940934fc7c6d.png", "aux": "aux_f05ea49e1a714096bbda940934fc7c6d.npz", "visibility": "visibility_f05ea49e1a714096bbda940934fc7c6d.png", "pose": [[0.9909626841545105, 0.13413792848587036, 0.0, 1468.012451171875], [-0.13413792848587036, 0.9909626841545105, 0.0, 1408.908935546875], [0.0, 0.0, 1.0, 0.0], [0.0, 0.0, 0.0, 1.0]], "pose_inverse": [[0.9909626841545105, -0.13413792848587036, 0.0, -1265.7574462890625], [0.13413792848587036, 0.9909626841545105, 0.0, -1593.09228515625], [0.0, 0.0, 1.0, 0.0], [0.0, 0.0, 0.0, 1.0]], "cam_ids": [0, 1, 2, 3, 4, 5], "cam_channels": ["CAM_FRONT_LEFT", "CAM_FRONT", "CAM_FRONT_RIGHT", "CAM_BACK_LEFT", "CAM_BACK", "CAM_BACK_RIGHT"], "token": "f05ea49e1a714096bbda940934fc7c6d", "scene": "scene-1082"}, {"images": ["samples/CAM_FRONT_LEFT/n015-2018-11-21-19-38-26+0800__CAM_FRONT_LEFT__1542800471854844.jpg", "samples/CAM_FRONT/n015-2018-11-21-19-38-26+0800__CAM_FRONT__1542800471862460.jpg", "samples/CAM_FRONT_RIGHT/n015-2018-11-21-19-38-26+0800__CAM_FRONT_RIGHT__1542800471870339.jpg", "samples/CAM_BACK_LEFT/n015-2018-11-21-19-38-26+0800__CAM_BACK_LEFT__1542800471897423.jpg", "samples/CAM_BACK/n015-2018-11-21-19-38-26+0800__CAM_BACK__1542800471887525.jpg", "samples/CAM_BACK_RIGHT/n015-2018-11-21-19-38-26+0800__CAM_BACK_RIGHT__1542800471877893.jpg"], "intrinsics": [[[1272.5979470598488, 0.0, 826.6154927353808], [0.0, 1272.5979470598488, 479.75165386361925], [0.0, 0.0, 1.0]], [[1266.417203046554, 0.0, 816.2670197447984], [0.0, 1266.417203046554, 491.50706579294757], [0.0, 0.0, 1.0]], [[1260.8474446004698, 0.0, 807.968244525554], [0.0, 1260.8474446004698, 495.3344268742088], [0.0, 0.0, 1.0]], [[1256.7414812095406, 0.0, 792.1125740759628], [0.0, 1256.7414812095406, 492.7757465151356], [0.0, 0.0, 1.0]], [[809.2209905677063, 0.0, 829.2196003259838], [0.0, 809.2209905677063, 481.77842384512485], [0.0, 0.0, 1.0]], [[1259.5137405846733, 0.0, 807.2529053838625], [0.0, 1259.5137405846733, 501.19579884916527], [0.0, 0.0, 1.0]]], "extrinsics": [[[0.8205713629722595, -0.571524977684021, 0.004654183983802795, -0.9650115966796875], [-0.017858706414699554, -0.03377827629446983, -0.9992697238922119, 1.5082473754882812], [0.5712648630142212, 0.8198891282081604, -0.037924185395240784, -1.2801513671875], [0.0, 0.0, 0.0, 1.0]], [[0.0056547438725829124, -0.9992726445198059, 0.03771118074655533, 0.0048828125], [-0.023152071982622147, -0.03783249855041504, -0.9990158677101135, 1.5205307006835938], [0.9997159242630005, 0.004776088986545801, -0.02334916777908802, -1.6922607421875], [0.0, 0.0, 0.0, 1.0]], [[-0.8329853415489197, -0.5526837110519409, 0.026002926751971245, 1.0322265625], [-0.017518984153866768, -0.020627249032258987, -0.9996337294578552, 1.5036430358886719], [0.5530175566673279, -0.833135724067688, 0.007499739993363619, -1.248779296875], [0.0, 0.0, 0.0, 1.0]], [[0.947699785232544, 0.3182121515274048, -0.024616608396172523, -1.1422119140625], [-0.008825193159282207, -0.05097231641411781, -0.9986610412597656, 1.58856201171875], [-0.31904086470603943, 0.9466482400894165, -0.04549817740917206, -0.1036376953125], [0.0, 0.0, 0.0, 1.0]], [[0.0024051859509199858, 0.9991540908813477, -0.04105176031589508, 0.002685546875], [-0.03423840552568436, -0.04094552621245384, -0.9985746145248413, 1.579376220703125], [-0.9994107484817505, 0.0038072997704148293, 0.03411096706986427, 0.001953125], [0.0, 0.0, 0.0, 1.0]], [[-0.9348040819168091, 0.355082631111145, -0.0075858840718865395, 1.1361083984375], [-0.001627144985832274, -0.025640353560447693, -0.9996699094772339, 1.5514602661132812], [-0.3551599085330963, -0.9344832301139832, 0.024546483531594276, -0.0635986328125], [0.0, 0.0, 0.0, 1.0]]], "view": [[0.0, -2.0, 100.0], [-2.0, 0.0, 100.0], [0.0, 0.0, 1.0]], "bev": "bev_86e7a2ec099b4fcdb297c69303149152.png", "aux": "aux_86e7a2ec099b4fcdb297c69303149152.npz", "visibility": "visibility_86e7a2ec099b4fcdb297c69303149152.png", "pose": [[0.9909560680389404, 0.1341865211725235, 0.0, 1468.012451171875], [-0.1341865211725235, 0.9909560680389404, 0.0, 1408.9088134765625], [0.0, 0.0, 1.0, 0.0], [0.0, 0.0, 0.0, 1.0]], "pose_inverse": [[0.9909560680389404, -0.1341865211725235, 0.0, -1265.6793212890625], [0.1341865211725235, 0.9909560680389404, 0.0, -1593.154296875], [0.0, 0.0, 1.0, 0.0], [0.0, 0.0, 0.0, 1.0]], "cam_ids": [0, 1, 2, 3, 4, 5], "cam_channels": ["CAM_FRONT_LEFT", "CAM_FRONT", "CAM_FRONT_RIGHT", "CAM_BACK_LEFT", "CAM_BACK", "CAM_BACK_RIGHT"], "token": "86e7a2ec099b4fcdb297c69303149152", "scene": "scene-1082"}, {"images": ["samples/CAM_FRONT_LEFT/n015-2018-11-21-19-38-26+0800__CAM_FRONT_LEFT__1542800472354844.jpg", "samples/CAM_FRONT/n015-2018-11-21-19-38-26+0800__CAM_FRONT__1542800472362460.jpg", "samples/CAM_FRONT_RIGHT/n015-2018-11-21-19-38-26+0800__CAM_FRONT_RIGHT__1542800472370339.jpg", "samples/CAM_BACK_LEFT/n015-2018-11-21-19-38-26+0800__CAM_BACK_LEFT__1542800472397423.jpg", "samples/CAM_BACK/n015-2018-11-21-19-38-26+0800__CAM_BACK__1542800472387525.jpg", "samples/CAM_BACK_RIGHT/n015-2018-11-21-19-38-26+0800__CAM_BACK_RIGHT__1542800472377893.jpg"], "intrinsics": [[[1272.5979470598488, 0.0, 826.6154927353808], [0.0, 1272.5979470598488, 479.75165386361925], [0.0, 0.0, 1.0]], [[1266.417203046554, 0.0, 816.2670197447984], [0.0, 1266.417203046554, 491.50706579294757], [0.0, 0.0, 1.0]], [[1260.8474446004698, 0.0, 807.968244525554], [0.0, 1260.8474446004698, 495.3344268742088], [0.0, 0.0, 1.0]], [[1256.7414812095406, 0.0, 792.1125740759628], [0.0, 1256.7414812095406, 492.7757465151356], [0.0, 0.0, 1.0]], [[809.2209905677063, 0.0, 829.2196003259838], [0.0, 809.2209905677063, 481.77842384512485], [0.0, 0.0, 1.0]], [[1259.5137405846733, 0.0, 807.2529053838625], [0.0, 1259.5137405846733, 501.19579884916527], [0.0, 0.0, 1.0]]], "extrinsics": [[[0.820566713809967, -0.5715311169624329, 0.0047419434413313866, -0.9650650024414062], [-0.017755741253495216, -0.03378339484333992, -0.9992713928222656, 1.5082473754882812], [0.5712748765945435, 0.819884717464447, -0.03786948695778847, -1.2802734375], [0.0, 0.0, 0.0, 1.0]], [[0.005643595475703478, -0.9992727637290955, 0.037708744406700134, 0.005126953125], [-0.023044854402542114, -0.03782929852604866, -0.9990184307098389, 1.520538330078125], [0.999718427658081, 0.004769061226397753, -0.023241590708494186, -1.6923828125], [0.0, 0.0, 0.0, 1.0]], [[-0.8329917788505554, -0.5526782870292664, 0.025910424068570137, 1.0323486328125], [-0.01741248182952404, -0.020620552822947502, -0.9996356964111328, 1.5036392211914062], [0.5530112385749817, -0.8331395387649536, 0.0075532495975494385, -1.248779296875], [0.0, 0.0, 0.0, 1.0]], [[0.9477002024650574, 0.31821876764297485, -0.0245199054479599, -1.1422119140625], [-0.008727130480110645, -0.050959933549165726, -0.998662531375885, 1.5885467529296875], [-0.31904271245002747, 0.9466466903686523, -0.04551759734749794, -0.103759765625], [0.0, 0.0, 0.0, 1.0]], [[0.0024093936663120985, 0.9991545081138611, -0.0410420298576355, 0.002685546875], [-0.03415148705244064, -0.04093598574399948, -0.9985780119895935, 1.5793609619140625], [-0.9994136691093445, 0.003807610599324107, 0.03402397781610489, 0.001953125], [0.0, 0.0, 0.0, 1.0]], [[-0.9348019957542419, 0.35508647561073303, -0.007676972541958094, 1.13616943359375], [-0.0015282770618796349, -0.025636227801442146, -0.9996702075004578, 1.5514488220214844], [-0.3551661968231201, -0.9344819188117981, 0.024507461115717888, -0.063720703125], [0.0, 0.0, 0.0, 1.0]]], "view": [[0.0, -2.0, 100.0], [-2.0, 0.0, 100.0], [0.0, 0.0, 1.0]], "bev": "bev_671c986fe30c4ab0888d74369914b5c1.png", "aux": "aux_671c986fe30c4ab0888d74369914b5c1.npz", "visibility": "visibility_671c986fe30c4ab0888d74369914b5c1.png", "pose": [[0.9909457564353943, 0.134262815117836, 0.0, 1468.012451171875], [-0.134262815117836, 0.9909457564353943, 0.0, 1408.9088134765625], [0.0, 0.0, 1.0, 0.0], [0.0, 0.0, 0.0, 1.0]], "pose_inverse": [[0.9909457564353943, -0.134262815117836, 0.0, -1265.556640625], [0.134262815117836, 0.9909457564353943, 0.0, -1593.251708984375], [0.0, 0.0, 1.0, 0.0], [0.0, 0.0, 0.0, 1.0]], "cam_ids": [0, 1, 2, 3, 4, 5], "cam_channels": ["CAM_FRONT_LEFT", "CAM_FRONT", "CAM_FRONT_RIGHT", "CAM_BACK_LEFT", "CAM_BACK", "CAM_BACK_RIGHT"], "token": "671c986fe30c4ab0888d74369914b5c1", "scene": "scene-1082"}, {"images": ["samples/CAM_FRONT_LEFT/n015-2018-11-21-19-38-26+0800__CAM_FRONT_LEFT__1542800472854844.jpg", "samples/CAM_FRONT/n015-2018-11-21-19-38-26+0800__CAM_FRONT__1542800472862460.jpg", "samples/CAM_FRONT_RIGHT/n015-2018-11-21-19-38-26+0800__CAM_FRONT_RIGHT__1542800472870339.jpg", "samples/CAM_BACK_LEFT/n015-2018-11-21-19-38-26+0800__CAM_BACK_LEFT__1542800472897423.jpg", "samples/CAM_BACK/n015-2018-11-21-19-38-26+0800__CAM_BACK__1542800472887525.jpg", "samples/CAM_BACK_RIGHT/n015-2018-11-21-19-38-26+0800__CAM_BACK_RIGHT__1542800472877893.jpg"], "intrinsics": [[[1272.5979470598488, 0.0, 826.6154927353808], [0.0, 1272.5979470598488, 479.75165386361925], [0.0, 0.0, 1.0]], [[1266.417203046554, 0.0, 816.2670197447984], [0.0, 1266.417203046554, 491.50706579294757], [0.0, 0.0, 1.0]], [[1260.8474446004698, 0.0, 807.968244525554], [0.0, 1260.8474446004698, 495.3344268742088], [0.0, 0.0, 1.0]], [[1256.7414812095406, 0.0, 792.1125740759628], [0.0, 1256.7414812095406, 492.7757465151356], [0.0, 0.0, 1.0]], [[809.2209905677063, 0.0, 829.2196003259838], [0.0, 809.2209905677063, 481.77842384512485], [0.0, 0.0, 1.0]], [[1259.5137405846733, 0.0, 807.2529053838625], [0.0, 1259.5137405846733, 501.19579884916527], [0.0, 0.0, 1.0]]], "extrinsics": [[[0.8205609321594238, -0.5715389251708984, 0.00479345116764307, -0.9649810791015625], [-0.017662102356553078, -0.0337383933365345, -0.9992746114730835, 1.5082473754882812], [0.5712859630584717, 0.8198810815811157, -0.03777898848056793, -1.280517578125], [0.0, 0.0, 0.0, 1.0]], [[0.005635431502014399, -0.999274492263794, 0.037664905190467834, 0.0050048828125], [-0.022954531013965607, -0.03778484836220741, -0.9990222454071045, 1.520538330078125], [0.999720573425293, 0.004765307065099478, -0.023150810971856117, -1.6923828125], [0.0, 0.0, 0.0, 1.0]], [[-0.8329942226409912, -0.5526793599128723, 0.02580949105322361, 1.0322265625], [-0.017320828512310982, -0.020576128736138344, -0.9996381998062134, 1.5036430358886719], [0.5530105233192444, -0.8331400156021118, 0.007566935382783413, -1.24884033203125], [0.0, 0.0, 0.0, 1.0]], [[0.9477016925811768, 0.3182215392589569, -0.024422921240329742, -1.1422119140625], [-0.00864427164196968, -0.050902143120765686, -0.9986662268638611, 1.5885543823242188], [-0.3190402686595917, 0.9466488361358643, -0.04548925533890724, -0.103759765625], [0.0, 0.0, 0.0, 1.0]], [[0.0024111431557685137, 0.9991570115089417, -0.040982916951179504, 0.0029296875], [-0.034062400460243225, -0.040877193212509155, -0.9985834360122681, 1.5793609619140625],