[{"images": ["samples/CAM_FRONT_LEFT/n015-2018-08-02-17-28-51+0800__CAM_FRONT_LEFT__1533202358004844.jpg", "samples/CAM_FRONT/n015-2018-08-02-17-28-51+0800__CAM_FRONT__1533202358012460.jpg", "samples/CAM_FRONT_RIGHT/n015-2018-08-02-17-28-51+0800__CAM_FRONT_RIGHT__1533202358020339.jpg", "samples/CAM_BACK_LEFT/n015-2018-08-02-17-28-51+0800__CAM_BACK_LEFT__1533202358047423.jpg", "samples/CAM_BACK/n015-2018-08-02-17-28-51+0800__CAM_BACK__1533202358037525.jpg", "samples/CAM_BACK_RIGHT/n015-2018-08-02-17-28-51+0800__CAM_BACK_RIGHT__1533202358027893.jpg"], "intrinsics": [[[1272.5979470598488, 0.0, 826.6154927353808], [0.0, 1272.5979470598488, 479.75165386361925], [0.0, 0.0, 1.0]], [[1266.417203046554, 0.0, 816.2670197447984], [0.0, 1266.417203046554, 491.50706579294757], [0.0, 0.0, 1.0]], [[1260.8474446004698, 0.0, 807.968244525554], [0.0, 1260.8474446004698, 495.3344268742088], [0.0, 0.0, 1.0]], [[1256.7414812095406, 0.0, 792.1125740759628], [0.0, 1256.7414812095406, 492.7757465151356], [0.0, 0.0, 1.0]], [[809.2209905677063, 0.0, 829.2196003259838], [0.0, 809.2209905677063, 481.77842384512485], [0.0, 0.0, 1.0]], [[1259.5137405846733, 0.0, 807.2529053838625], [0.0, 1259.5137405846733, 501.19579884916527], [0.0, 0.0, 1.0]]], "extrinsics": [[[0.8197649717330933, -0.5723674297332764, 0.019511647522449493, -0.802001953125], [0.016578933224081993, -0.010337925516068935, -0.9998090863227844, 1.5115394592285156], [0.572459876537323, 0.8199320435523987, 0.0010145734995603561, -1.168914794921875], [0.0, 0.0, 0.0, 1.0]], [[0.0043067289516329765, -0.9998875260353088, 0.014356992207467556, 0.00738525390625], [0.01115266140550375, -0.014308205805718899, -0.9998354315757751, 1.5223770141601562], [0.9999285340309143, 0.004466105252504349, 0.011089786887168884, -1.52880859375], [0.0, 0.0, 0.0, 1.0]], [[-0.833282470703125, -0.5526289939880371, -0.015539157204329967, 0.9259033203125], [0.016666479408740997, 0.00298399874009192, -0.9998566508293152, 1.5057811737060547], [0.5525962114334106, -0.8334219455718994, 0.006723868660628796, -1.1766357421875], [0.0, 0.0, 0.0, 1.0]], [[0.947638750076294, 0.31899672746658325, 0.014896589331328869, -1.1331787109375], [0.02484215795993805, -0.0271315835416317, -0.9993231296539307, 1.5887908935546875], [-0.3183766007423401, 0.9473673701286316, -0.03363550826907158, -0.10693359375], [0.0, 0.0, 0.0, 1.0]], [[0.0030571024399250746, 0.9998477101325989, -0.017181208357214928, 0.00244140625], [-0.0003887756320182234, -0.017180098220705986, -0.9998523592948914, 1.5793485641479492], [-0.999995231628418, 0.003063335083425045, 0.0003361980488989502, -0.0509033203125], [0.0, 0.0, 0.0, 1.0]], [[-0.9341553449630737, 0.35551849007606506, -0.030988270416855812, 1.047119140625], [0.032410625368356705, -0.0019559310749173164, -0.9994727373123169, 1.554534912109375], [-0.35539165139198303, -0.9346672892570496, -0.009695435874164104, -0.0966339111328125], [0.0, 0.0, 0.0, 1.0]]], "view": [[0.0, -2.0, 100.0], [-2.0, 0.0, 100.0], [0.0, 0.0, 1.0]], "bev": "bev_047fcdf837c040679896b38ba7225956.png", "aux": "aux_047fcdf837c040679896b38ba7225956.npz", "visibility": "visibility_047fcdf837c040679896b38ba7225956.png", "pose": [[-0.12359759211540222, -0.992332398891449, 0.0, 628.151123046875], [0.992332398891449, -0.12359759211540222, 0.0, 1532.737548828125], [0.0, 0.0, 1.0, 0.0], [0.0, 0.0, 0.0, 1.0]], "pose_inverse": [[-0.12359759211540222, 0.992332398891449, 0.0, -1443.34716796875], [-0.992332398891449, -0.12359759211540222, 0.0, 812.7774047851562], [0.0, 0.0, 1.0, 0.0], [0.0, 0.0, 0.0, 1.0]], "cam_ids": [0, 1, 2, 3, 4, 5], "cam_channels": ["CAM_FRONT_LEFT", "CAM_FRONT", "CAM_FRONT_RIGHT", "CAM_BACK_LEFT", "CAM_BACK", "CAM_BACK_RIGHT"], "token": "047fcdf837c040679896b38ba7225956", "scene": "scene-0349"}, {"images": ["samples/CAM_FRONT_LEFT/n015-2018-08-02-17-28-51+0800__CAM_FRONT_LEFT__1533202358504844.jpg", "samples/CAM_FRONT/n015-2018-08-02-17-28-51+0800__CAM_FRONT__1533202358512460.jpg", "samples/CAM_FRONT_RIGHT/n015-2018-08-02-17-28-51+0800__CAM_FRONT_RIGHT__1533202358520339.jpg", "samples/CAM_BACK_LEFT/n015-2018-08-02-17-28-51+0800__CAM_BACK_LEFT__1533202358547423.jpg", "samples/CAM_BACK/n015-2018-08-02-17-28-51+0800__CAM_BACK__1533202358537525.jpg", "samples/CAM_BACK_RIGHT/n015-2018-08-02-17-28-51+0800__CAM_BACK_RIGHT__1533202358527893.jpg"], "intrinsics": [[[1272.5979470598488, 0.0, 826.6154927353808], [0.0, 1272.5979470598488, 479.75165386361925], [0.0, 0.0, 1.0]], [[1266.417203046554, 0.0, 816.2670197447984], [0.0, 1266.417203046554, 491.50706579294757], [0.0, 0.0, 1.0]], [[1260.8474446004698, 0.0, 807.968244525554], [0.0, 1260.8474446004698, 495.3344268742088], [0.0, 0.0, 1.0]], [[1256.7414812095406, 0.0, 792.1125740759628], [0.0, 1256.7414812095406, 492.7757465151356], [0.0, 0.0, 1.0]], [[809.2209905677063, 0.0, 829.2196003259838], [0.0, 809.2209905677063, 481.77842384512485], [0.0, 0.0, 1.0]], [[1259.5137405846733, 0.0, 807.2529053838625], [0.0, 1259.5137405846733, 501.19579884916527], [0.0, 0.0, 1.0]]], "extrinsics": [[[0.8199228644371033, -0.5721935629844666, 0.017917117103934288, -0.83251953125], [0.014960289932787418, -0.009870707057416439, -0.9998393654823303, 1.510660171508789], [0.5722784996032715, 0.8200591802597046, 0.0004669635382015258, -1.188201904296875], [0.0, 0.0, 0.0, 1.0]], [[0.004544556140899658, -0.9998915195465088, 0.014007369987666607, 0.0059814453125], [0.009811213240027428, -0.013962257653474808, -0.9998543858528137, 1.5218391418457031], [0.9999415278434753, 0.004681315738707781, 0.009746696799993515, -1.5595703125], [0.0, 0.0, 0.0, 1.0]], [[-0.8331920504570007, -0.5527863502502441, -0.014777373522520065, 0.9461669921875], [0.01560634933412075, 0.003206322668120265, -0.9998730421066284, 1.505258560180664], [0.5527634620666504, -0.8333168029785156, 0.005955496337264776, -1.1912841796875], [0.0, 0.0, 0.0, 1.0]], [[0.9476701617240906, 0.31890976428985596, 0.014758957549929619, -1.1385498046875], [0.024746881797909737, -0.02728966809809208, -0.9993211627006531, 1.5886497497558594], [-0.3182905614376068, 0.9473921060562134, -0.03375362977385521, -0.10498046875], [0.0, 0.0, 0.0, 1.0]], [[0.0029704468324780464, 0.9998473525047302, -0.017218714579939842, 0.0028076171875], [-0.0008397455094382167, -0.017216291278600693, -0.9998514652252197, 1.5793285369873047], [-0.9999951720237732, 0.0029844415839761496, 0.0007884792285040021, -0.0380859375], [0.0, 0.0, 0.0, 1.0]], [[-0.9342336058616638, 0.3553811311721802, -0.030196167528629303, 1.065673828125], [0.03160051256418228, -0.0018537217983976007, -0.9994989037513733, 1.5538330078125], [-0.3552590012550354, -0.9347196221351624, -0.009498415514826775, -0.09033203125], [0.0, 0.0, 0.0, 1.0]]], "view": [[0.0, -2.0, 100.0], [-2.0, 0.0, 100.0], [0.0, 0.0, 1.0]], "bev": "bev_fd8254592a0e4ae38661856ab47a4eaa.png", "aux": "aux_fd8254592a0e4ae38661856ab47a4eaa.npz", "visibility": "visibility_fd8254592a0e4ae38661856ab47a4eaa.png", "pose": [[-0.13697727024555206, -0.9905741810798645, 0.0, 627.899169921875], [0.9905741810798645, -0.13697727024555206, 0.0, 1534.739990234375], [0.0, 0.0, 1.0, 0.0], [0.0, 0.0, 0.0, 1.0]], "pose_inverse": [[-0.13697727024555206, 0.9905741810798645, 0.0, -1434.265869140625], [-0.9905741810798645, -0.13697727024555206, 0.0, 832.2052001953125], [0.0, 0.0, 1.0, 0.0], [0.0, 0.0, 0.0, 1.0]], "cam_ids": [0, 1, 2, 3, 4, 5], "cam_channels": ["CAM_FRONT_LEFT", "CAM_FRONT", "CAM_FRONT_RIGHT", "CAM_BACK_LEFT", "CAM_BACK", "CAM_BACK_RIGHT"], "token": "fd8254592a0e4ae38661856ab47a4eaa", "scene": "scene-0349"}, {"images": ["samples/CAM_FRONT_LEFT/n015-2018-08-02-17-28-51+0800__CAM_FRONT_LEFT__1533202359004844.jpg", "samples/CAM_FRONT/n015-2018-08-02-17-28-51+0800__CAM_FRONT__1533202359012460.jpg", "samples/CAM_FRONT_RIGHT/n015-2018-08-02-17-28-51+0800__CAM_FRONT_RIGHT__1533202359020339.jpg", "samples/CAM_BACK_LEFT/n015-2018-08-02-17-28-51+0800__CAM_BACK_LEFT__1533202359047423.jpg", "samples/CAM_BACK/n015-2018-08-02-17-28-51+0800__CAM_BACK__1533202359037525.jpg", "samples/CAM_BACK_RIGHT/n015-2018-08-02-17-28-51+0800__CAM_BACK_RIGHT__1533202359027893.jpg"], "intrinsics": [[[1272.5979470598488, 0.0, 826.6154927353808], [0.0, 1272.5979470598488, 479.75165386361925], [0.0, 0.0, 1.0]], [[1266.417203046554, 0.0, 816.2670197447984], [0.0, 1266.417203046554, 491.50706579294757], [0.0, 0.0, 1.0]], [[1260.8474446004698, 0.0, 807.968244525554], [0.0, 1260.8474446004698, 495.3344268742088], [0.0, 0.0, 1.0]], [[1256.7414812095406, 0.0, 792.1125740759628], [0.0, 1256.7414812095406, 492.7757465151356], [0.0, 0.0, 1.0]], [[809.2209905677063, 0.0, 829.2196003259838], [0.0, 809.2209905677063, 481.77842384512485], [0.0, 0.0, 1.0]], [[1259.5137405846733, 0.0, 807.2529053838625], [0.0, 1259.5137405846733, 501.19579884916527], [0.0, 0.0, 1.0]]], "extrinsics": [[[0.8205333352088928, -0.5713260173797607, 0.01765093207359314, -0.8651123046875], [0.016628170385956764, -0.0070084151811897755, -0.9998372197151184, 1.5102710723876953], [0.5713567733764648, 0.8206932544708252, 0.0037494683638215065, -1.2106857299804688], [0.0, 0.0, 0.0, 1.0]], [[0.0054400903172791, -0.9999232888221741, 0.011120655573904514, 0.005615234375], [0.011333027854561806, -0.011058458127081394, -0.9998746514320374, 1.5216655731201172], [0.9999210238456726, 0.00556541932746768, 0.011271999217569828, -1.5921630859375], [0.0, 0.0, 0.0, 1.0]], [[-0.8327731490135193, -0.5533365607261658, -0.017537269741296768, 0.9676513671875], [0.01696026884019375, 0.006163263227790594, -0.9998371601104736, 1.504964828491211], [0.5533545017242432, -0.8329350352287292, 0.004252136219292879, -1.2056884765625], [0.0, 0.0, 0.0, 1.0]], [[0.947635293006897, 0.3189269006252289, 0.016523949801921844, -1.1409912109375], [0.025558186694979668, -0.024162638932466507, -0.9993812441825867, 1.5885810852050781], [-0.3183302879333496, 0.9474712610244751, -0.031048564240336418, -0.1041259765625], [0.0, 0.0, 0.0, 1.0]], [[0.002675838302820921, 0.9998962879180908, -0.01415310986340046, 0.0029296875], [0.00017454975750297308, -0.014153626747429371, -0.9998998045921326, 1.579361915588379], [-0.9999964237213135, 0.002673105802386999, -0.0002124082820955664, -0.0277099609375], [0.0, 0.0, 0.0, 1.0]], [[-0.9343881011009216, 0.35496774315834045, -0.030278131365776062, 1.0833740234375], [0.03282817080616951, 0.001161958440206945, -0.9994603395462036, 1.5533027648925781], [-0.35474100708961487, -0.934877872467041, -0.012738661840558052, -0.083709716796875], [0.0, 0.0, 0.0, 1.0]]], "view": [[0.0, -2.0, 100.0], [-2.0, 0.0, 100.0], [0.0, 0.0, 1.0]], "bev": "bev_1713e141b80242f49b0186589e43f512.png", "aux": "aux_1713e141b80242f49b0186589e43f512.npz", "visibility": "visibility_1713e141b80242f49b0186589e43f512.png", "pose": [[-0.14298176765441895, -0.9897253513336182, 0.0, 627.6824340820312], [0.9897253513336182, -0.14298176765441895, 0.0, 1536.2908935546875], [0.0, 0.0, 1.0, 0.0], [0.0, 0.0, 0.0, 1.0]], "pose_inverse": [[-0.14298176765441895, 0.9897253513336182, 0.0, -1430.7589111328125], [-0.9897253513336182, -0.14298176765441895, 0.0, 840.894775390625], [0.0, 0.0, 1.0, 0.0], [0.0, 0.0, 0.0, 1.0]], "cam_ids": [0, 1, 2, 3, 4, 5], "cam_channels": ["CAM_FRONT_LEFT", "CAM_FRONT", "CAM_FRONT_RIGHT", "CAM_BACK_LEFT", "CAM_BACK", "CAM_BACK_RIGHT"], "token": "1713e141b80242f49b0186589e43f512", "scene": "scene-0349"}, {"images": ["samples/CAM_FRONT_LEFT/n015-2018-08-02-17-28-51+0800__CAM_FRONT_LEFT__1533202359504844.jpg", "samples/CAM_FRONT/n015-2018-08-02-17-28-51+0800__CAM_FRONT__1533202359512460.jpg", "samples/CAM_FRONT_RIGHT/n015-2018-08-02-17-28-51+0800__CAM_FRONT_RIGHT__1533202359520339.jpg", "samples/CAM_BACK_LEFT/n015-2018-08-02-17-28-51+0800__CAM_BACK_LEFT__1533202359547423.jpg", "samples/CAM_BACK/n015-2018-08-02-17-28-51+0800__CAM_BACK__1533202359537525.jpg", "samples/CAM_BACK_RIGHT/n015-2018-08-02-17-28-51+0800__CAM_BACK_RIGHT__1533202359527926.jpg"], "intrinsics": [[[1272.5979470598488, 0.0, 826.6154927353808], [0.0, 1272.5979470598488, 479.75165386361925], [0.0, 0.0, 1.0]], [[1266.417203046554, 0.0, 816.2670197447984], [0.0, 1266.417203046554, 491.50706579294757], [0.0, 0.0, 1.0]], [[1260.8474446004698, 0.0, 807.968244525554], [0.0, 1260.8474446004698, 495.3344268742088], [0.0, 0.0, 1.0]], [[1256.7414812095406, 0.0, 792.1125740759628], [0.0, 1256.7414812095406, 492.7757465151356], [0.0, 0.0, 1.0]], [[809.2209905677063, 0.0, 829.2196003259838], [0.0, 809.2209905677063, 481.77842384512485], [0.0, 0.0, 1.0]], [[1259.5137405846733, 0.0, 807.2529053838625], [0.0, 1259.5137405846733, 501.19579884916527], [0.0, 0.0, 1.0]]], "extrinsics": [[[0.8205942511558533, -0.5712941884994507, 0.01575622335076332, -0.8895263671875], [0.0152498260140419, -0.00567171536386013, -0.9998676180839539, 1.5096435546875], [0.571307897567749, 0.8207258582115173, 0.004057959653437138, -1.227386474609375], [0.0, 0.0, 0.0, 1.0]], [[0.005504565313458443, -0.9999377727508545, 0.009700966998934746, 0.00518798828125], [0.010036061517894268, -0.009645383805036545, -0.99990314245224, 1.521291732788086], [0.9999344348907471, 0.005601419601589441, 0.009982340969145298, -1.61669921875], [0.0, 0.0, 0.0, 1.0]], [[-0.8327711820602417, -0.5533453822135925, -0.017353259027004242, 0.9830322265625], [0.01574750244617462, 0.007656222674995661, -0.9998466968536377, 1.5045747756958008], [0.5533933639526367, -0.8329167366027832, 0.002337925834581256, -1.2164306640625], [0.0, 0.0, 0.0, 1.0]], [[0.9476233720779419, 0.31897640228271484, 0.016247650608420372, -1.1407470703125], [0.024671999737620354, -0.022387653589248657, -0.999444842338562, 1.5885963439941406], [-0.31843554973602295, 0.9474982619285583, -0.02908484824001789, -0.1043701171875], [0.0, 0.0, 0.0, 1.0]], [[0.0026227738708257675, 0.9999186992645264, -0.012483927421271801, 0.00299072265625], [-0.0008256419096142054, -0.012481799349188805, -0.9999217987060547, 1.5793375968933105], [-0.9999963045120239, 0.002632899908348918, 0.0007928367122076452, -0.0205078125], [0.0, 0.0, 0.0, 1.0]], [[-0.934434711933136, 0.35497817397117615, -0.02867482788860798, 1.096435546875], [0.03170982003211975, 0.0027338392101228237, -0.999493420124054, 1.5528030395507812], [-0.35471993684768677, -0.9348706007003784, -0.01381088886409998, -0.078948974609375], [0.0, 0.0, 0.0, 1.0]]], "view": [[0.0, -2.0, 100.0], [-2.0, 0.0, 100.0], [0.0, 0.0, 1.0]], "bev": "bev_b96247bf95f3404c805bde586478e510.png", "aux": "aux_b96247bf95f3404c805bde586478e510.npz", "visibility": "visibility_b96247bf95f3404c805bde586478e510.png", "pose": [[-0.141618549823761, -0.9899213314056396, 0.0, 627.51025390625], [0.9899213314056396, -0.141618549823761, 0.0, 1537.5107421875], [0.0, 0.0, 1.0, 0.0], [0.0, 0.0, 0.0, 1.0]], "pose_inverse": [[-0.141618549823761, 0.9899213314056396, 0.0, -1433.1475830078125], [-0.9899213314056396, -0.141618549823761, 0.0, 838.9258422851562], [0.0, 0.0, 1.0, 0.0], [0.0, 0.0, 0.0, 1.0]], "cam_ids": [0, 1, 2, 3, 4, 5], "cam_channels": ["CAM_FRONT_LEFT", "CAM_FRONT", "CAM_FRONT_RIGHT", "CAM_BACK_LEFT", "CAM_BACK", "CAM_BACK_RIGHT"], "token": "b96247bf95f3404c805bde586478e510", "scene": "scene-0349"}, {"images": ["samples/CAM_FRONT_LEFT/n015-2018-08-02-17-28-51+0800__CAM_FRONT_LEFT__1533202359904844.jpg", "samples/CAM_FRONT/n015-2018-08-02-17-28-51+0800__CAM_FRONT__1533202359912460.jpg", "samples/CAM_FRONT_RIGHT/n015-2018-08-02-17-28-51+0800__CAM_FRONT_RIGHT__1533202359920339.jpg", "samples/CAM_BACK_LEFT/n015-2018-08-02-17-28-51+0800__CAM_BACK_LEFT__1533202359947423.jpg", "samples/CAM_BACK/n015-2018-08-02-17-28-51+0800__CAM_BACK__1533202359937525.jpg", "samples/CAM_BACK_RIGHT/n015-2018-08-02-17-28-51+0800__CAM_BACK_RIGHT__1533202359927893.jpg"], "intrinsics": [[[1272.5979470598488, 0.0, 826.6154927353808], [0.0, 1272.5979470598488, 479.75165386361925], [0.0, 0.0, 1.0]], [[1266.417203046554, 0.0, 816.2670197447984], [0.0, 1266.417203046554, 491.50706579294757], [0.0, 0.0, 1.0]], [[1260.8474446004698, 0.0, 807.968244525554], [0.0, 1260.8474446004698, 495.3344268742088], [0.0, 0.0, 1.0]], [[1256.7414812095406, 0.0, 792.1125740759628], [0.0, 1256.7414812095406, 492.7757465151356], [0.0, 0.0, 1.0]], [[809.2209905677063, 0.0, 829.2196003259838], [0.0, 809.2209905677063, 481.77842384512485], [0.0, 0.0, 1.0]], [[1259.5137405846733, 0.0, 807.2529053838625], [0.0, 1259.5137405846733, 501.19579884916527], [0.0, 0.0, 1.0]]], "extrinsics": [[[0.8204565644264221, -0.571474015712738, 0.01638467237353325, -0.90673828125], [0.01571565866470337, -0.0061040837317705154, -0.9998578429222107, 1.5093612670898438], [0.5714928507804871, 0.8205974102020264, 0.003972955979406834, -1.2397308349609375], [0.0, 0.0, 0.0, 1.0]], [[0.005316136404871941, -0.9999334812164307, 0.01022742036730051, 0.00543212890625], [0.010443746112287045, -0.010171489790081978, -0.9998937845230103, 1.5211448669433594], [0.999931275844574, 0.005422396585345268, 0.010388976894319057, -1.6336669921875], [0.0, 0.0, 0.0, 1.0]], [[-0.8328453302383423, -0.5532353520393372, -0.01729998178780079, 0.99420166015625], [0.016098396852612495, 0.0070310733281075954, -0.9998456835746765, 1.504380226135254], [0.5532715916633606, -0.8329952359199524, 0.003050408326089382, -1.223388671875], [0.0, 0.0, 0.0, 1.0]], [[0.9476557374000549, 0.3188818097114563, 0.016212856397032738, -1.140625], [0.024939870461821556, -0.023303324356675148, -0.9994173049926758, 1.5885887145996094], [-0.3183181583881378, 0.947507917881012, -0.030036404728889465, -0.1041259765625], [0.0, 0.0, 0.0, 1.0]], [[0.0027072972152382135, 0.9999077916145325, -0.013310353271663189, 0.0028076171875], [-0.000554582686163485, -0.01330889854580164, -0.9999112486839294, 1.5793476104736328], [-0.9999961853027344, 0.002714421134442091, 0.0005185005720704794, -0.015869140625], [0.0, 0.0, 0.0, 1.0]], [[-0.9343867897987366, 0.3550604581832886, -0.029210485517978668, 1.1051025390625], [0.03200952336192131, 0.0020104115828871727, -0.9994855523109436, 1.5525169372558594], [-0.354819118976593, -0.9348411560058594, -0.013243820518255234, -0.075469970703125], [0.0, 0.0, 0.0, 1.0]]], "view": [[0.0, -2.0, 100.0], [-2.0, 0.0, 100.0], [0.0, 0.0, 1.0]], "bev": "bev_2dcd27f4ae114af8a49d7be64451d232.png", "aux": "aux_2dcd27f4ae114af8a49d7be64451d232.npz", "visibility": "visibility_2dcd27f4ae114af8a49d7be64451d232.png", "pose": [[-0.14239633083343506, -0.9898096919059753, 0.0, 627.40771484375], [0.9898096919059753, -0.14239633083343506, 0.0, 1538.223876953125], [0.0, 0.0, 1.0, 0.0], [0.0, 0.0, 0.0, 1.0]], "pose_inverse": [[-0.14239633083343506, 0.9898096919059753, 0.0, -1433.2083740234375], [-0.9898096919059753, -0.14239633083343506, 0.0, 840.0516967773438], [0.0, 0.0, 1.0, 0.0], [0.0, 0.0, 0.0, 1.0]], "cam_ids": [0, 1, 2, 3, 4, 5], "cam_channels": ["CAM_FRONT_LEFT", "CAM_FRONT", "CAM_FRONT_RIGHT", "CAM_BACK_LEFT", "CAM_BACK", "CAM_BACK_RIGHT"], "token": "2dcd27f4ae114af8a49d7be64451d232", "scene": "scene-0349"}, {"images": ["samples/CAM_FRONT_LEFT/n015-2018-08-02-17-28-51+0800__CAM_FRONT_LEFT__1533202360504844.jpg", "samples/CAM_FRONT/n015-2018-08-02-17-28-51+0800__CAM_FRONT__1533202360512461.jpg", "samples/CAM_FRONT_RIGHT/n015-2018-08-02-17-28-51+0800__CAM_FRONT_RIGHT__1533202360520339.jpg", "samples/CAM_BACK_LEFT/n015-2018-08-02-17-28-51+0800__CAM_BACK_LEFT__1533202360547423.jpg", "samples/CAM_BACK/n015-2018-08-02-17-28-51+0800__CAM_BACK__1533202360537525.jpg", "samples/CAM_BACK_RIGHT/n015-2018-08-02-17-28-51+0800__CAM_BACK_RIGHT__1533202360527893.jpg"], "intrinsics": [[[1272.5979470598488, 0.0, 826.6154927353808], [0.0, 1272.5979470598488, 479.75165386361925], [0.0, 0.0, 1.0]], [[1266.417203046554, 0.0, 816.2670197447984], [0.0, 1266.417203046554, 491.50706579294757], [0.0, 0.0, 1.0]], [[1260.8474446004698, 0.0, 807.968244525554], [0.0, 1260.8474446004698, 495.3344268742088], [0.0, 0.0, 1.0]], [[1256.7414812095406, 0.0, 792.1125740759628], [0.0, 1256.7414812095406, 492.7757465151356], [0.0, 0.0, 1.0]], [[809.2209905677063, 0.0, 829.2196003259838], [0.0, 809.2209905677063, 481.77842384512485], [0.0, 0.0, 1.0]], [[1259.5137405846733, 0.0, 807.2529053838625], [0.0, 1259.5137405846733, 501.19579884916527], [0.0, 0.0, 1.0]]], "extrinsics": [[[0.8207027316093445, -0.5710732936859131, 0.017954424023628235, -0.9365234375], [0.018185865134000778, -0.005298818927258253, -0.9998205304145813, 1.5088748931884766], [0.5710659027099609, 0.8208819627761841, 0.006036706734448671, -1.2606201171875], [0.0, 0.0, 0.0, 1.0]], [[0.005708873737603426, -0.9999393820762634, 0.009411429055035114, 0.0052490234375], [0.012879778631031513, -0.00933727528899908, -0.9998735189437866, 1.5208969116210938], [0.9999006986618042, 0.005829405039548874, 0.012825693003833294, -1.6640625], [0.0, 0.0, 0.0, 1.0]], [[-0.832619309425354, -0.5534926652908325, -0.019772501662373543, 1.0140380859375], [0.018491080030798912, 0.00789978913962841, -0.9997977614402771, 1.504049301147461], [0.5535369515419006, -0.8328165411949158, 0.0036571624223142862, -1.2366943359375], [0.0, 0.0, 0.0, 1.0]], [[0.9475706815719604, 0.31900328397750854, 0.018618520349264145, -1.141845703125], [0.027160653844475746, -0.022349750623106956, -0.9993811845779419, 1.5885658264160156], [-0.3183896839618683, 0.9474900364875793, -0.029842304065823555, -0.1038818359375], [0.0, 0.0, 0.0, 1.0]], [[0.0025786133483052254, 0.9999202489852905, -0.012371349148452282, 0.0028076171875], [0.0017396475886926055, -0.012375855818390846, -0.9999219179153442, 1.5793724060058594], [-0.9999951124191284, 0.0025569091085344553, -0.0017714202404022217, -0.00634765625], [0.0, 0.0, 0.0, 1.0]], [[-0.9344030022621155, 0.3548584282398224, -0.031089020892977715, 1.121337890625], [0.03436006233096123, 0.0029183807782828808, -0.9994052648544312, 1.5519943237304688], [-0.3545566499233246, -0.9349155426025391, -0.014919901266694069, -0.069244384765625], [0.0, 0.0, 0.0, 1.0]]], "view": [[0.0, -2.0, 100.0], [-2.0, 0.0, 100.0], [0.0, 0.0, 1.0]], "bev": "bev_74d3e8bf48264ca78911188c07d93f49.png", "aux": "aux_74d3e8bf48264ca78911188c07d93f49.npz", "visibility": "visibility_74d3e8bf48264ca78911188c07d93f49.png", "pose": [[-0.1402193307876587, -0.9901204705238342, 0.0, 627.3206787109375], [0.9901204705238342, -0.1402193307876587, 0.0, 1538.87890625], [0.0, 0.0, 1.0, 0.0], [0.0, 0.0, 0.0, 1.0]], "pose_inverse": [[-0.1402193307876587, 0.9901204705238342, 0.0, -1435.7130126953125], [-0.9901204705238342, -0.1402193307876587, 0.0, 836.9036254882812], [0.0, 0.0, 1.0, 0.0], [0.0, 0.0, 0.0, 1.0]], "cam_ids": [0, 1, 2, 3, 4, 5], "cam_channels": ["CAM_FRONT_LEFT", "CAM_FRONT", "CAM_FRONT_RIGHT", "CAM_BACK_LEFT", "CAM_BACK", "CAM_BACK_RIGHT"], "token": "74d3e8bf48264ca78911188c07d93f49", "scene": "scene-0349"}, {"images": ["samples/CAM_FRONT_LEFT/n015-2018-08-02-17-28-51+0800__CAM_FRONT_LEFT__1533202361004844.jpg", "samples/CAM_FRONT/n015-2018-08-02-17-28-51+0800__CAM_FRONT__1533202361012460.jpg", "samples/CAM_FRONT_RIGHT/n015-2018-08-02-17-28-51+0800__CAM_FRONT_RIGHT__1533202361020339.jpg", "samples/CAM_BACK_LEFT/n015-2018-08-02-17-28-51+0800__CAM_BACK_LEFT__1533202361047423.jpg", "samples/CAM_BACK/n015-2018-08-02-17-28-51+0800__CAM_BACK__1533202361037525.jpg", "samples/CAM_BACK_RIGHT/n015-2018-08-02-17-28-51+0800__CAM_BACK_RIGHT__1533202361027893.jpg"], "intrinsics": [[[1272.5979470598488, 0.0, 826.6154927353808], [0.0, 1272.5979470598488, 479.75165386361925], [0.0, 0.0, 1.0]], [[1266.417203046554, 0.0, 816.2670197447984], [0.0, 1266.417203046554, 491.50706579294757], [0.0, 0.0, 1.0]], [[1260.8474446004698, 0.0, 807.968244525554], [0.0, 1260.8474446004698, 495.3344268742088], [0.0, 0.0, 1.0]], [[1256.7414812095406, 0.0, 792.1125740759628], [0.0, 1256.7414812095406, 492.7757465151356], [0.0, 0.0, 1.0]], [[809.2209905677063, 0.0, 829.2196003259838], [0.0, 809.2209905677063, 481.77842384512485], [0.0, 0.0, 1.0]], [[1259.5137405846733, 0.0, 807.2529053838625], [0.0, 1259.5137405846733, 501.19579884916527], [0.0, 0.0, 1.0]]], "extrinsics": [[[0.8205420970916748, -0.5712959170341492, 0.018212510272860527, -0.9560546875], [0.018918352201581, -0.004701151046901941, -0.999809980392456, 1.5084495544433594], [0.5712729692459106, 0.8207306861877441, 0.006950484588742256, -1.2740478515625], [0.0, 0.0, 0.0, 1.0]], [[0.005496051628142595, -0.9999459385871887, 0.008833551779389381, 0.00506591796875], [0.013620831072330475, -0.008758007548749447, -0.9998689293861389, 1.5206546783447266], [0.9998921155929565, 0.005615654867142439, 0.01357195619493723, -1.6834716796875], [0.0, 0.0, 0.0, 1.0]], [[-0.8326902389526367, -0.5533517003059387, -0.020708611235022545, 1.02667236328125], [0.019243502989411354, 0.008457835763692856, -0.9997790455818176, 1.5037765502929688], [0.5534045696258545, -0.8329048156738281, 0.003605671226978302, -1.2449951171875], [0.0, 0.0, 0.0, 1.0]], [[0.947553813457489, 0.31900253891944885, 0.019471650943160057, -1.14208984375], [0.027912380173802376, -0.021909203380346298, -0.9993702173233032, 1.58856201171875], [-0.3183750510215759, 0.9475005865097046, -0.029664264991879463, -0.1036376953125], [0.0, 0.0, 0.0, 1.0]], [[0.002639278769493103, 0.999925971031189, -0.011880362406373024, 0.00274658203125], [0.002496576402336359, -0.011886954307556152, -0.9999262690544128, 1.5793628692626953], [-0.9999933838844299, 0.002609421033412218, -0.0025277642998844385, -0.000732421875], [0.0, 0.0, 0.0, 1.0]], [[-0.9343405365943909, 0.35497769713401794, -0.03160100802779198, 1.1314697265625], [0.035111669450998306, 0.0034506963565945625, -0.999377429485321, 1.5516242980957031], [-0.354647696018219, -0.9348683953285217, -0.015687987208366394, -0.065399169921875], [0.0, 0.0, 0.0, 1.0]]], "view": [[0.0, -2.0, 100.0], [-2.0, 0.0, 100.0], [0.0, 0.0, 1.0]], "bev": "bev_db2530e0a320468fb747a6ed0a5f8e12.png", "aux": "aux_db2530e0a320468fb747a6ed0a5f8e12.npz", "visibility": "visibility_db2530e0a320468fb747a6ed0a5f8e12.png", "pose": [[-0.1393187791109085, -0.9902476072311401, 0.0, 627.2876586914062], [0.9902476072311401, -0.1393187791109085, 0.0, 1539.1287841796875], [0.0, 0.0, 1.0, 0.0], [0.0, 0.0, 0.0, 1.0]], "pose_inverse": [[-0.1393187791109085, 0.9902476072311401, 0.0, -1436.7255859375], [-0.9902476072311401, -0.1393187791109085, 0.0, 835.599609375], [0.0, 0.0, 1.0, 0.0], [0.0, 0.0, 0.0, 1.0]], "cam_ids": [0, 1, 2, 3, 4, 5], "cam_channels": ["CAM_FRONT_LEFT", "CAM_FRONT", "CAM_FRONT_RIGHT", "CAM_BACK_LEFT", "CAM_BACK", "CAM_BACK_RIGHT"], "token": "db2530e0a320468fb747a6ed0a5f8e12", "scene": "scene-0349"}, {"images": ["samples/CAM_FRONT_LEFT/n015-2018-08-02-17-28-51+0800__CAM_FRONT_LEFT__1533202361504844.jpg", "samples/CAM_FRONT/n015-2018-08-02-17-28-51+0800__CAM_FRONT__1533202361512460.jpg", "samples/CAM_FRONT_RIGHT/n015-2018-08-02-17-28-51+0800__CAM_FRONT_RIGHT__1533202361520339.jpg", "samples/CAM_BACK_LEFT/n015-2018-08-02-17-28-51+0800__CAM_BACK_LEFT__1533202361547423.jpg", "samples/CAM_BACK/n015-2018-08-02-17-28-51+0800__CAM_BACK__1533202361537525.jpg", "samples/CAM_BACK_RIGHT/n015-2018-08-02-17-28-51+0800__CAM_BACK_RIGHT__1533202361527893.jpg"], "intrinsics": [[[1272.5979470598488, 0.0, 826.6154927353808], [0.0, 1272.5979470598488, 479.75165386361925], [0.0, 0.0, 1.0]], [[1266.417203046554, 0.0, 816.2670197447984], [0.0, 1266.417203046554, 491.50706579294757], [0.0, 0.0, 1.0]], [[1260.8474446004698, 0.0, 807.968244525554], [0.0, 1260.8474446004698, 495.3344268742088], [0.0, 0.0, 1.0]], [[1256.7414812095406, 0.0, 792.1125740759628], [0.0, 1256.7414812095406, 492.7757465151356], [0.0, 0.0, 1.0]], [[809.2209905677063, 0.0, 829.2196003259838], [0.0, 809.2209905677063, 481.77842384512485], [0.0, 0.0, 1.0]], [[1259.5137405846733, 0.0, 807.2529053838625], [0.0, 1259.5137405846733, 501.19579884916527], [0.0, 0.0, 1.0]]], "extrinsics": [[[0.8205494284629822, -0.5712743997573853, 0.018554797396063805, -0.9617919921875], [0.019383225589990616, -0.004632130265235901, -0.9998013973236084, 1.5083198547363281], [0.571246862411499, 0.8207460641860962, 0.007272249087691307, -1.2783203125], [0.0, 0.0, 0.0, 1.0]], [[0.005516720004379749, -0.9999462962150574, 0.008765696547925472, 0.0052490234375], [0.014136672019958496, -0.008686968125402927, -0.9998623728752136, 1.5205764770507812], [0.999884843826294, 0.005639856681227684, 0.01408799085766077, -1.6893310546875], [0.0, 0.0, 0.0, 1.0]], [[-0.8326665759086609, -0.5533676743507385, -0.021223004907369614, 1.03045654296875], [0.019812606275081635, 0.008530978113412857, -0.9997673034667969, 1.5036869049072266], [0.5534200072288513, -0.8328933715820312, 0.003860198426991701, -1.2471923828125], [0.0, 0.0, 0.0, 1.0]], [[0.9475385546684265, 0.3190053403377533, 0.020154280588030815, -1.14208984375], [0.0286092646420002, -0.02184026688337326, -0.9993520379066467, 1.5885543823242188], [-0.318358451128006, 0.9475011825561523, -0.029821006581187248, -0.103759765625], [0.0, 0.0, 0.0, 1.0]], [[0.0026369744446128607, 0.9999268651008606, -0.011806445196270943, 0.00274658203125], [0.0031556133180856705, -0.01181474793702364, -0.9999252557754517, 1.5793609619140625], [-0.9999915361404419, 0.002599521307274699, -0.0031865353230386972, 0.0008544921875], [0.0, 0.0, 0.0, 1.0]], [[-0.9343262314796448, 0.35496485233306885, -0.03216122090816498, 1.1346435546875], [0.03573709726333618, 0.0035204363521188498, -0.9993550777435303, 1.5515060424804688], [-0.3546226918697357, -0.9348730444908142, -0.015974653884768486, -0.06414794921875], [0.0, 0.0, 0.0, 1.0]]], "view": [[0.0, -2.0, 100.0], [-2.0, 0.0, 100.0], [0.0, 0.0, 1.0]], "bev": "bev_272f8ee88cfa4fe99391a60b507bc3c9.png", "aux": "aux_272f8ee88cfa4fe99391a60b507bc3c9.npz", "visibility": "visibility_272f8ee88cfa4fe99391a60b507bc3c9.png", "pose": [[-0.13985709846019745, -0.9901716709136963, 0.0, 627.28125], [0.9901716709136963, -0.13985709846019745, 0.0, 1539.1868896484375], [0.0, 0.0, 1.0, 0.0], [0.0, 0.0, 0.0, 1.0]], "pose_inverse": [[-0.13985709846019745, 0.9901716709136963, 0.0, -1436.32958984375], [-0.9901716709136963, -0.13985709846019745, 0.0, 836.38232421875], [0.0, 0.0, 1.0, 0.0], [0.0, 0.0, 0.0, 1.0]], "cam_ids": [0, 1, 2, 3, 4, 5], "cam_channels": ["CAM_FRONT_LEFT", "CAM_FRONT", "CAM_FRONT_RIGHT", "CAM_BACK_LEFT", "CAM_BACK", "CAM_BACK_RIGHT"], "token": "272f8ee88cfa4fe99391a60b507bc3c9", "scene": "scene-0349"}, {"images": ["samples/CAM_FRONT_LEFT/n015-2018-08-02-17-28-51+0800__CAM_FRONT_LEFT__1533202362004844.jpg", "samples/CAM_FRONT/n015-2018-08-02-17-28-51+0800__CAM_FRONT__1533202362012460.jpg", "samples/CAM_FRONT_RIGHT/n015-2018-08-02-17-28-51+0800__CAM_FRONT_RIGHT__1533202362020339.jpg", "samples/CAM_BACK_LEFT/n015-2018-08-02-17-28-51+0800__CAM_BACK_LEFT__1533202362047423.jpg", "samples/CAM_BACK/n015-2018-08-02-17-28-51+0800__CAM_BACK__1533202362037525.jpg", "samples/CAM_BACK_RIGHT/n015-2018-08-02-17-28-51+0800__CAM_BACK_RIGHT__1533202362027893.jpg"], "intrinsics": [[[1272.5979470598488, 0.0, 826.6154927353808], [0.0, 1272.5979470598488, 479.75165386361925], [0.0, 0.0, 1.0]], [[1266.417203046554, 0.0, 816.2670197447984], [0.0, 1266.417203046554, 491.50706579294757], [0.0, 0.0, 1.0]], [[1260.8474446004698, 0.0, 807.968244525554], [0.0, 1260.8474446004698, 495.3344268742088], [0.0, 0.0, 1.0]], [[1256.7414812095406, 0.0, 792.1125740759628], [0.0, 1256.7414812095406, 492.7757465151356], [0.0, 0.0, 1.0]], [[809.2209905677063, 0.0, 829.2196003259838], [0.0, 809.2209905677063, 481.77842384512485], [0.0, 0.0, 1.0]], [[1259.5137405846733, 0.0, 807.2529053838625], [0.0, 1259.5137405846733, 501.19579884916527], [0.0, 0.0, 1.0]]], "extrinsics": [[[0.8205276727676392, -0.5711979269981384, 0.021616896614432335, -0.9664306640625], [0.023122522979974747, -0.0046187471598386765, -0.9997220039367676, 1.5082054138183594], [0.5711389780044556, 0.8207994103431702, 0.00941772572696209, -1.281219482421875], [0.0, 0.0, 0.0, 1.0]], [[0.005557711236178875, -0.9999459981918335, 0.008778422139585018, 0.00506591796875], [0.01781407557427883, -0.008678162470459938, -0.9998037219047546, 1.5205059051513672], [0.9998258352279663, 0.005712994374334812, 0.017764881253242493, -1.6937255859375], [0.0, 0.0, 0.0, 1.0]], [[-0.832552969455719, -0.5534151196479797, -0.024233173578977585, 1.03326416015625], [0.023423993960022926, 0.008535951375961304, -0.9996891617774963, 1.5036182403564453], [0.5534499287605286, -0.8328618407249451, 0.005856560077518225, -1.2491455078125], [0.0, 0.0, 0.0, 1.0]], [[0.9474586844444275, 0.3190183937549591, 0.023439839482307434, -1.142333984375], [0.03206769376993179, -0.02181883715093136, -0.9992474913597107, 1.5885467529296875], [-0.31826692819595337, 0.9474973678588867, -0.03090262971818447, -0.103759765625], [0.0, 0.0, 0.0, 1.0]], [[0.002649411791935563, 0.9999271035194397, -0.011784090660512447, 0.0028076171875], [0.006674287840723991, -0.011801552027463913, -0.9999080896377563, 1.5793533325195312], [-0.999974250793457, 0.002570507815107703, -0.006705069448798895, 0.0023193359375], [0.0, 0.0, 0.0, 1.0]], [[-0.9342216849327087, 0.3549234867095947, -0.03548635169863701, 1.136962890625], [0.039296507835388184, 0.003530118614435196, -0.9992213845252991, 1.5514183044433594], [-0.35452187061309814, -0.9348887205123901, -0.01724516786634922, -0.0633544921875], [0.0, 0.0, 0.0, 1.0]]], "view": [[0.0, -2.0, 100.0], [-2.0, 0.0, 100.0], [0.0, 0.0, 1.0]], "bev": "bev_ede694b1df75499eb160b6af25decda3.png", "aux": "aux_ede694b1df75499eb160b6af25decda3.npz", "visibility": "visibility_ede694b1df75499eb160b6af25decda3.png", "pose": [[-0.13927428424358368, -0.9902538657188416, 0.0, 627.2849731445312], [0.9902538657188416, -0.13927428424358368, 0.0, 1539.1605224609375], [0.0, 0.0, 1.0, 0.0], [0.0, 0.0, 0.0, 1.0]], "pose_inverse": [[-0.13927428424358368, 0.9902538657188416, 0.0, -1436.794921875], [-0.9902538657188416, -0.13927428424358368, 0.0, 835.536865234375], [0.0, 0.0, 1.0, 0.0], [0.0, 0.0, 0.0, 1.0]], "cam_ids": [0, 1, 2, 3, 4, 5], "cam_channels": ["CAM_FRONT_LEFT", "CAM_FRONT", "CAM_FRONT_RIGHT", "CAM_BACK_LEFT", "CAM_BACK", "CAM_BACK_RIGHT"], "token": "ede694b1df75499eb160b6af25decda3", "scene": "scene-0349"}, {"images": ["samples/CAM_FRONT_LEFT/n015-2018-08-02-17-28-51+0800__CAM_FRONT_LEFT__1533202362504844.jpg", "samples/CAM_FRONT/n015-2018-08-02-17-28-51+0800__CAM_FRONT__1533202362512460.jpg", "samples/CAM_FRONT_RIGHT/n015-2018-08-02-17-28-51+0800__CAM_FRONT_RIGHT__1533202362520339.jpg", "samples/CAM_BACK_LEFT/n015-2018-08-02-17-28-51+0800__CAM_BACK_LEFT__1533202362547423.jpg", "samples/CAM_BACK/n015-2018-08-02-17-28-51+0800__CAM_BACK__1533202362537525.jpg", "samples/CAM_BACK_RIGHT/n015-2018-08-02-17-28-51+0800__CAM_BACK_RIGHT__1533202362527893.jpg"], "intrinsics": [[[1272.5979470598488, 0.0, 826.6154927353808], [0.0, 1272.5979470598488, 479.75165386361925], [0.0, 0.0, 1.0]], [[1266.417203046554, 0.0, 816.2670197447984], [0.0, 1266.417203046554, 491.50706579294757], [0.0, 0.0, 1.0]], [[1260.8474446004698, 0.0, 807.968244525554], [0.0, 1260.8474446004698, 495.3344268742088], [0.0, 0.0, 1.0]], [[1256.7414812095406, 0.0, 792.1125740759628], [0.0, 1256.7414812095406, 492.7757465151356], [0.0, 0.0, 1.0]], [[809.2209905677063, 0.0, 829.2196003259838], [0.0, 809.2209905677063, 481.77842384512485], [0.0, 0.0, 1.0]], [[1259.5137405846733, 0.0, 807.2529053838625], [0.0, 1259.5137405846733, 501.19579884916527], [0.0, 0.0, 1.0]]], "extrinsics": [[[0.8205001354217529, -0.571157693862915, 0.02363012172281742, -0.9649658203125], [0.02581418678164482, -0.0042746299877762794, -0.9996576309204102, 1.5082435607910156], [0.5710631608963013, 0.8208291530609131, 0.011236635968089104, -1.2802276611328125], [0.0, 0.0, 0.0, 1.0]], [[0.005587062332779169, -0.9999486207962036, 0.008459450677037239, 0.00506591796875], [0.0205399040132761, -0.008343042805790901, -0.9997542500495911, 1.5205345153808594], [0.999773383140564, 0.005759435705840588, 0.02049223519861698, -1.6922607421875], [0.0, 0.0, 0.0, 1.0]], [[-0.8324573636054993, -0.5534448623657227, -0.026711642742156982, 1.0323486328125], [0.026183530688285828, 0.008862243965268135, -0.999617874622345, 1.5036468505859375], [0.5534701347351074, -0.8328387141227722, 0.007113699335604906, -1.24853515625], [0.0, 0.0, 0.0, 1.0]], [[0.9473838806152344, 0.31902599334716797, 0.026196172460913658, -1.1422119140625], [0.034876663237810135, -0.021526236087083817, -0.9991597533226013, 1.5885543823242188], [-0.31819403171539307, 0.9475014805793762, -0.03152017295360565, -0.1038818359375], [0.0, 0.0, 0.0, 1.0]], [[0.002653929404914379, 0.999930739402771, -0.011469496414065361, 0.0028076171875], [0.009459318593144417, -0.011494126170873642, -0.9998891949653625, 1.5793590545654297], [-0.9999517202377319, 0.002545124152675271, -0.009489165619015694, 0.001953125], [0.0, 0.0, 0.0, 1.0]], [[-0.9341331720352173, 0.3548995852470398, -0.03796752169728279, 1.1361083984375], [0.04207012429833412, 0.0038474781904369593, -0.9991072416305542, 1.55145263671875], [-0.3544366955757141, -0.9348965287208557, -0.01852472871541977, -0.063690185546875], [0.0, 0.0, 0.0, 1.0]]], "view": [[0.0, -2.0, 100.0], [-2.0, 0.0, 100.0], [0.0, 0.0, 1.0]], "bev": "bev_d45588413957488fbc9f9aa8ec4f4806.png", "aux": "aux_d45588413957488fbc9f9aa8ec4f4806.npz", "visibility": "visibility_d45588413957488fbc9f9aa8ec4f4806.png", "pose": [[-0.1383970081806183, -0.9903768301010132, 0.0, 627.2853393554688], [0.9903768301010132, -0.1383970081806183, 0.0, 1539.1544189453125], [0.0, 0.0, 1.0, 0.0], [0.0, 0.0, 0.0, 1.0]], "pose_inverse": [[-0.1383970081806183, 0.9903768301010132, 0.0, -1437.5284423828125], [-0.9903768301010132, -0.1383970081806183, 0.0, 834.2632446289062], [0.0, 0.0, 1.0, 0.0], [0.0, 0.0, 0.0, 1.0]], "cam_ids": [0, 1, 2, 3, 4, 5], "cam_channels": ["CAM_FRONT_LEFT", "CAM_FRONT", "CAM_FRONT_RIGHT", "CAM_BACK_LEFT", "CAM_BACK", "CAM_BACK_RIGHT"], "token": "d45588413957488fbc9f9aa8ec4f4806", "scene": "scene-0349"}, {"images": ["samples/CAM_FRONT_LEFT/n015-2018-08-02-17-28-51+0800__CAM_FRONT_LEFT__1533202363104844.jpg", "samples/CAM_FRONT/n015-2018-08-02-17-28-51+0800__CAM_FRONT__1533202363112460.jpg", "samples/CAM_FRONT_RIGHT/n015-2018-08-02-17-28-51+0800__CAM_FRONT_RIGHT__1533202363120339.jpg", "samples/CAM_BACK_LEFT/n015-2018-08-02-17-28-51+0800__CAM_BACK_LEFT__1533202363147423.jpg", "samples/CAM_BACK/n015-2018-08-02-17-28-51+0800__CAM_BACK__1533202363137525.jpg", "samples/CAM_BACK_RIGHT/n015-2018-08-02-17-28-51+0800__CAM_BACK_RIGHT__1533202363127893.jpg"], "intrinsics": [[[1272.5979470598488, 0.0, 826.6154927353808], [0.0, 1272.5979470598488, 479.75165386361925], [0.0, 0.0, 1.0]], [[1266.417203046554, 0.0, 816.2670197447984], [0.0, 1266.417203046554, 491.50706579294757], [0.0, 0.0, 1.0]], [[1260.8474446004698, 0.0, 807.968244525554], [0.0, 1260.8474446004698, 495.3344268742088], [0.0, 0.0, 1.0]], [[1256.7414812095406, 0.0, 792.1125740759628], [0.0, 1256.7414812095406, 492.7757465151356], [0.0, 0.0, 1.0]], [[809.2209905677063, 0.0, 829.2196003259838], [0.0, 809.2209905677063, 481.77842384512485], [0.0, 0.0, 1.0]], [[1259.5137405846733, 0.0, 807.2529053838625], [0.0, 1259.5137405846733, 501.19579884916527], [0.0, 0.0, 1.0]]], "extrinsics": [[[0.821068286895752, -0.570216953754425, 0.02644611895084381, -0.94482421875], [0.02905965782701969, -0.004515324253588915, -0.999567449092865, 1.5089645385742188], [0.5700896978378296, 0.8214817047119141, 0.01286291889846325, -1.2660369873046875], [0.0, 0.0, 0.0, 1.0]], [[0.0065119219943881035, -0.9999409317970276, 0.008692784234881401, 0.00494384765625], [0.023768208920955658, -0.008535739034414291, -0.9996810555458069, 1.5210227966308594], [0.9996963143348694, 0.006716474425047636, 0.023711221292614937, -1.671630859375], [0.0, 0.0, 0.0, 1.0]], [[-0.8319505453109741, -0.554076075553894, -0.029289528727531433, 1.01885986328125], [0.02937551774084568, 0.008729472756385803, -0.9995303153991699, 1.504119873046875], [0.5540714859962463, -0.832420289516449, 0.009013785980641842, -1.2398681640625], [0.0, 0.0, 0.0, 1.0]], [[0.9472938179969788, 0.31902754306793213, 0.02925393544137478, -1.1417236328125], [0.03809013217687607, -0.021492192521691322, -0.9990431070327759, 1.58856201171875], [-0.31809356808662415, 0.9475016593933105, -0.03251122310757637, -0.1036376953125], [0.0, 0.0, 0.0, 1.0]], [[0.0023923758417367935, 0.9999310970306396, -0.011495720595121384, 0.0029296875], [0.012662275694310665, -0.011525121