[{"images": ["samples/CAM_FRONT_LEFT/n015-2018-08-01-17-04-15+0800__CAM_FRONT_LEFT__1533114306654844.jpg", "samples/CAM_FRONT/n015-2018-08-01-17-04-15+0800__CAM_FRONT__1533114306662460.jpg", "samples/CAM_FRONT_RIGHT/n015-2018-08-01-17-04-15+0800__CAM_FRONT_RIGHT__1533114306670339.jpg", "samples/CAM_BACK_LEFT/n015-2018-08-01-17-04-15+0800__CAM_BACK_LEFT__1533114306697423.jpg", "samples/CAM_BACK/n015-2018-08-01-17-04-15+0800__CAM_BACK__1533114306687525.jpg", "samples/CAM_BACK_RIGHT/n015-2018-08-01-17-04-15+0800__CAM_BACK_RIGHT__1533114306677893.jpg"], "intrinsics": [[[1272.5979470598488, 0.0, 826.6154927353808], [0.0, 1272.5979470598488, 479.75165386361925], [0.0, 0.0, 1.0]], [[1266.417203046554, 0.0, 816.2670197447984], [0.0, 1266.417203046554, 491.50706579294757], [0.0, 0.0, 1.0]], [[1260.8474446004698, 0.0, 807.968244525554], [0.0, 1260.8474446004698, 495.3344268742088], [0.0, 0.0, 1.0]], [[1256.7414812095406, 0.0, 792.1125740759628], [0.0, 1256.7414812095406, 492.7757465151356], [0.0, 0.0, 1.0]], [[809.2209905677063, 0.0, 829.2196003259838], [0.0, 809.2209905677063, 481.77842384512485], [0.0, 0.0, 1.0]], [[1259.5137405846733, 0.0, 807.2529053838625], [0.0, 1259.5137405846733, 501.19579884916527], [0.0, 0.0, 1.0]]], "extrinsics": [[[0.8214607238769531, -0.5700529217720032, 0.015554523095488548, -0.6241455078125], [-0.004767348524183035, -0.034139759838581085, -0.9994056820869446, 1.5062856674194336], [0.5702451467514038, 0.8208983540534973, -0.030762111768126488, -1.044189453125], [0.0, 0.0, 0.0, 1.0]], [[0.0068587870337069035, -0.9992489218711853, 0.038137082010507584, 0.00774383544921875], [-0.010224522091448307, -0.0382060632109642, -0.9992176294326782, 1.5171031951904297], [0.9999241828918457, 0.006463485769927502, -0.010478891432285309, -1.35528564453125], [0.0, 0.0, 0.0, 1.0]], [[-0.832367479801178, -0.5540029406547546, 0.015655258670449257, 0.81878662109375], [-0.004763830918818712, -0.021094363182783127, -0.9997661113739014, 1.5024290084838867], [0.5542035698890686, -0.8322474360466003, 0.014919085428118706, -1.106170654296875], [0.0, 0.0, 0.0, 1.0]], [[0.9476875066757202, 0.31892314553260803, -0.013279227539896965, -1.155517578125], [0.003525009611621499, -0.05205563083291054, -0.9986379742622375, 1.5885018110275269], [-0.31918004155158997, 0.9463499188423157, -0.050456684082746506, -0.0991058349609375], [0.0, 0.0, 0.0, 1.0]], [[0.0017983530415222049, 0.9991222023963928, -0.0418541319668293, 0.0028076171875], [-0.021757081151008606, -0.041805200278759, -0.9988888502120972, 1.5775279998779297], [-0.999761700630188, 0.002706951694563031, 0.021662801504135132, -0.08251953125], [0.0, 0.0, 0.0, 1.0]], [[-0.9351524114608765, 0.3537038266658783, -0.019582467153668404, 0.96759033203125], [0.011002838611602783, -0.026251353323459625, -0.9995948076248169, 1.553441047668457], [-0.3540745675563812, -0.9349890351295471, 0.020657267421483994, -0.127227783203125], [0.0, 0.0, 0.0, 1.0]]], "view": [[0.0, -2.0, 100.0], [-2.0, 0.0, 100.0], [0.0, 0.0, 1.0]], "bev": "bev_a3574e122ff5456580464138f4bd555c.png", "aux": "aux_a3574e122ff5456580464138f4bd555c.npz", "visibility": "visibility_a3574e122ff5456580464138f4bd555c.png", "pose": [[0.3889765739440918, -0.921247661113739, 0.0, 311.97650146484375], [0.921247661113739, 0.3889765739440918, 0.0, 967.3440551757812], [0.0, 0.0, 1.0, 0.0], [0.0, 0.0, 0.0, 1.0]], "pose_inverse": [[0.3889765739440918, 0.921247661113739, 0.0, -1012.5150146484375], [-0.921247661113739, 0.3889765739440918, 0.0, -88.8665542602539], [0.0, 0.0, 1.0, 0.0], [0.0, 0.0, 0.0, 1.0]], "cam_ids": [0, 1, 2, 3, 4, 5], "cam_channels": ["CAM_FRONT_LEFT", "CAM_FRONT", "CAM_FRONT_RIGHT", "CAM_BACK_LEFT", "CAM_BACK", "CAM_BACK_RIGHT"], "token": "a3574e122ff5456580464138f4bd555c", "scene": "scene-0150"}, {"images": ["samples/CAM_FRONT_LEFT/n015-2018-08-01-17-04-15+0800__CAM_FRONT_LEFT__1533114307154844.jpg", "samples/CAM_FRONT/n015-2018-08-01-17-04-15+0800__CAM_FRONT__1533114307162460.jpg", "samples/CAM_FRONT_RIGHT/n015-2018-08-01-17-04-15+0800__CAM_FRONT_RIGHT__1533114307170339.jpg", "samples/CAM_BACK_LEFT/n015-2018-08-01-17-04-15+0800__CAM_BACK_LEFT__1533114307197423.jpg", "samples/CAM_BACK/n015-2018-08-01-17-04-15+0800__CAM_BACK__1533114307187525.jpg", "samples/CAM_BACK_RIGHT/n015-2018-08-01-17-04-15+0800__CAM_BACK_RIGHT__1533114307177893.jpg"], "intrinsics": [[[1272.5979470598488, 0.0, 826.6154927353808], [0.0, 1272.5979470598488, 479.75165386361925], [0.0, 0.0, 1.0]], [[1266.417203046554, 0.0, 816.2670197447984], [0.0, 1266.417203046554, 491.50706579294757], [0.0, 0.0, 1.0]], [[1260.8474446004698, 0.0, 807.968244525554], [0.0, 1260.8474446004698, 495.3344268742088], [0.0, 0.0, 1.0]], [[1256.7414812095406, 0.0, 792.1125740759628], [0.0, 1256.7414812095406, 492.7757465151356], [0.0, 0.0, 1.0]], [[809.2209905677063, 0.0, 829.2196003259838], [0.0, 809.2209905677063, 481.77842384512485], [0.0, 0.0, 1.0]], [[1259.5137405846733, 0.0, 807.2529053838625], [0.0, 1259.5137405846733, 501.19579884916527], [0.0, 0.0, 1.0]]], "extrinsics": [[[0.8210486173629761, -0.5706462264060974, 0.015556412748992443, -0.6307373046875], [-0.002771919360384345, -0.031235884875059128, -0.9995082020759583, 1.5071520805358887], [0.5708515048027039, 0.8206016421318054, -0.027227966114878654, -1.049072265625], [0.0, 0.0, 0.0, 1.0]], [[0.006245358847081661, -0.9993619918823242, 0.035164788365364075, 0.00787353515625], [-0.00837852992117405, -0.03521653637290001, -0.9993445873260498, 1.5177841186523438], [0.999945342540741, 0.005946656223386526, -0.008593126200139523, -1.36083984375], [0.0, 0.0, 0.0, 1.0]], [[-0.8326219320297241, -0.5537011623382568, 0.012474688701331615, 0.82098388671875], [-0.003069420577958226, -0.017910310998558998, -0.9998348355293274, 1.5028724670410156], [0.5538331866264343, -0.8325228095054626, 0.013212981633841991, -1.1075439453125], [0.0, 0.0, 0.0, 1.0]], [[0.9476678967475891, 0.3190661072731018, -0.011057345196604729, -1.156494140625], [0.004458996932953596, -0.04785909131169319, -0.9988441467285156, 1.5884870290756226], [-0.3192265033721924, 0.9465233087539673, -0.04677724465727806, -0.0988922119140625], [0.0, 0.0, 0.0, 1.0]], [[0.0019433853449299932, 0.999272882938385, -0.03807779401540756, 0.0028228759765625], [-0.02055579610168934, -0.038029901683330536, -0.9990651607513428, 1.5776405334472656], [-0.9997867941856384, 0.0027242766227573156, 0.020466940477490425, -0.0816650390625], [0.0, 0.0, 0.0, 1.0]], [[-0.9350233674049377, 0.35403528809547424, -0.01975550502538681, 0.96820068359375], [0.012482487596571445, -0.022815249860286713, -0.9996618032455444, 1.5536985397338867], [-0.35436633229255676, -0.9349536895751953, 0.016913551837205887, -0.126983642578125], [0.0, 0.0, 0.0, 1.0]]], "view": [[0.0, -2.0, 100.0], [-2.0, 0.0, 100.0], [0.0, 0.0, 1.0]], "bev": "bev_e9e0554bf22b4cb4afc46054aad78569.png", "aux": "aux_e9e0554bf22b4cb4afc46054aad78569.npz", "visibility": "visibility_e9e0554bf22b4cb4afc46054aad78569.png", "pose": [[0.39386218786239624, -0.9191694855690002, 0.0, 313.9330139160156], [0.9191694855690002, 0.39386218786239624, 0.0, 971.900146484375], [0.0, 0.0, 1.0, 0.0], [0.0, 0.0, 0.0, 1.0]], "pose_inverse": [[0.39386218786239624, 0.9191694855690002, 0.0, -1016.9873046875], [-0.9191694855690002, 0.39386218786239624, 0.0, -94.23706817626953], [0.0, 0.0, 1.0, 0.0], [0.0, 0.0, 0.0, 1.0]], "cam_ids": [0, 1, 2, 3, 4, 5], "cam_channels": ["CAM_FRONT_LEFT", "CAM_FRONT", "CAM_FRONT_RIGHT", "CAM_BACK_LEFT", "CAM_BACK", "CAM_BACK_RIGHT"], "token": "e9e0554bf22b4cb4afc46054aad78569", "scene": "scene-0150"}, {"images": ["samples/CAM_FRONT_LEFT/n015-2018-08-01-17-04-15+0800__CAM_FRONT_LEFT__1533114307654844.jpg", "samples/CAM_FRONT/n015-2018-08-01-17-04-15+0800__CAM_FRONT__1533114307662460.jpg", "samples/CAM_FRONT_RIGHT/n015-2018-08-01-17-04-15+0800__CAM_FRONT_RIGHT__1533114307670339.jpg", "samples/CAM_BACK_LEFT/n015-2018-08-01-17-04-15+0800__CAM_BACK_LEFT__1533114307697423.jpg", "samples/CAM_BACK/n015-2018-08-01-17-04-15+0800__CAM_BACK__1533114307687525.jpg", "samples/CAM_BACK_RIGHT/n015-2018-08-01-17-04-15+0800__CAM_BACK_RIGHT__1533114307677893.jpg"], "intrinsics": [[[1272.5979470598488, 0.0, 826.6154927353808], [0.0, 1272.5979470598488, 479.75165386361925], [0.0, 0.0, 1.0]], [[1266.417203046554, 0.0, 816.2670197447984], [0.0, 1266.417203046554, 491.50706579294757], [0.0, 0.0, 1.0]], [[1260.8474446004698, 0.0, 807.968244525554], [0.0, 1260.8474446004698, 495.3344268742088], [0.0, 0.0, 1.0]], [[1256.7414812095406, 0.0, 792.1125740759628], [0.0, 1256.7414812095406, 492.7757465151356], [0.0, 0.0, 1.0]], [[809.2209905677063, 0.0, 829.2196003259838], [0.0, 809.2209905677063, 481.77842384512485], [0.0, 0.0, 1.0]], [[1259.5137405846733, 0.0, 807.2529053838625], [0.0, 1259.5137405846733, 501.19579884916527], [0.0, 0.0, 1.0]]], "extrinsics": [[[0.821283757686615, -0.5703701376914978, 0.0130716972053051, -0.6346435546875], [-0.009395087137818336, -0.03642980754375458, -0.9992920160293579, 1.5044593811035156], [0.5704426169395447, 0.820579469203949, -0.03527788445353508, -1.05047607421875], [0.0, 0.0, 0.0, 1.0]], [[0.006538195535540581, -0.9991683959960938, 0.04024525359272957, 0.00711822509765625], [-0.013867133297026157, -0.04033283889293671, -0.9990901350975037, 1.515981674194336], [0.9998824596405029, 0.005974092986434698, -0.014119303785264492, -1.36468505859375], [0.0, 0.0, 0.0, 1.0]], [[-0.8326016664505005, -0.5535491108894348, 0.01891483925282955, 0.8236083984375], [-0.007414708845317364, -0.023007554933428764, -0.9997077584266663, 1.501786231994629], [0.5538225769996643, -0.8324986100196838, 0.015051725320518017, -1.109893798828125], [0.0, 0.0, 0.0, 1.0]], [[0.9476497769355774, 0.319029301404953, -0.013423026539385319, -1.15740966796875], [0.003828872926533222, -0.05338762328028679, -0.9985665082931519, 1.5884928703308105], [-0.31928855180740356, 0.9462399482727051, -0.05181429162621498, -0.0985107421875], [0.0, 0.0, 0.0, 1.0]], [[0.0019503511721268296, 0.9990608096122742, -0.04328633472323418, 0.0029296875], [-0.022512461990118027, -0.04323158040642738, -0.9988114237785339, 1.5775222778320312], [-0.9997446537017822, 0.002922487212345004, 0.02240700274705887, -0.07965087890625], [0.0, 0.0, 0.0, 1.0]], [[-0.9350130558013916, 0.35413047671318054, -0.01849690079689026, 0.9710693359375], [0.009193608537316322, -0.027935344725847244, -0.999567449092865, 1.5530753135681152], [-0.3544940948486328, -0.9347787499427795, 0.022864175960421562, -0.12615966796875], [0.0, 0.0, 0.0, 1.0]]], "view": [[0.0, -2.0, 100.0], [-2.0, 0.0, 100.0], [0.0, 0.0, 1.0]], "bev": "bev_16e98bc4ae4546c180de08a8fc9352e8.png", "aux": "aux_16e98bc4ae4546c180de08a8fc9352e8.npz", "visibility": "visibility_16e98bc4ae4546c180de08a8fc9352e8.png", "pose": [[0.39383915066719055, -0.919179379940033, 0.0, 315.8584899902344], [0.919179379940033, 0.39383915066719055, 0.0, 976.3873901367188], [0.0, 0.0, 1.0, 0.0], [0.0, 0.0, 0.0, 1.0]], "pose_inverse": [[0.39383915066719055, 0.919179379940033, 0.0, -1021.8726196289062], [-0.919179379940033, 0.39383915066719055, 0.0, -94.20897674560547], [0.0, 0.0, 1.0, 0.0], [0.0, 0.0, 0.0, 1.0]], "cam_ids": [0, 1, 2, 3, 4, 5], "cam_channels": ["CAM_FRONT_LEFT", "CAM_FRONT", "CAM_FRONT_RIGHT", "CAM_BACK_LEFT", "CAM_BACK", "CAM_BACK_RIGHT"], "token": "16e98bc4ae4546c180de08a8fc9352e8", "scene": "scene-0150"}, {"images": ["samples/CAM_FRONT_LEFT/n015-2018-08-01-17-04-15+0800__CAM_FRONT_LEFT__1533114308154844.jpg", "samples/CAM_FRONT/n015-2018-08-01-17-04-15+0800__CAM_FRONT__1533114308162460.jpg", "samples/CAM_FRONT_RIGHT/n015-2018-08-01-17-04-15+0800__CAM_FRONT_RIGHT__1533114308170339.jpg", "samples/CAM_BACK_LEFT/n015-2018-08-01-17-04-15+0800__CAM_BACK_LEFT__1533114308197423.jpg", "samples/CAM_BACK/n015-2018-08-01-17-04-15+0800__CAM_BACK__1533114308187525.jpg", "samples/CAM_BACK_RIGHT/n015-2018-08-01-17-04-15+0800__CAM_BACK_RIGHT__1533114308177893.jpg"], "intrinsics": [[[1272.5979470598488, 0.0, 826.6154927353808], [0.0, 1272.5979470598488, 479.75165386361925], [0.0, 0.0, 1.0]], [[1266.417203046554, 0.0, 816.2670197447984], [0.0, 1266.417203046554, 491.50706579294757], [0.0, 0.0, 1.0]], [[1260.8474446004698, 0.0, 807.968244525554], [0.0, 1260.8474446004698, 495.3344268742088], [0.0, 0.0, 1.0]], [[1256.7414812095406, 0.0, 792.1125740759628], [0.0, 1256.7414812095406, 492.7757465151356], [0.0, 0.0, 1.0]], [[809.2209905677063, 0.0, 829.2196003259838], [0.0, 809.2209905677063, 481.77842384512485], [0.0, 0.0, 1.0]], [[1259.5137405846733, 0.0, 807.2529053838625], [0.0, 1259.5137405846733, 501.19579884916527], [0.0, 0.0, 1.0]]], "extrinsics": [[[0.8208913803100586, -0.5709953308105469, 0.010074198246002197, -0.64654541015625], [-0.010058107785880566, -0.03209328278899193, -0.9994342923164368, 1.5043907165527344], [0.570995569229126, 0.8203257918357849, -0.03208823502063751, -1.06011962890625], [0.0, 0.0, 0.0, 1.0]], [[0.006027602590620518, -0.999334454536438, 0.03597579523921013, 0.00792694091796875], [-0.015166702680289745, -0.03606367111206055, -0.9992344379425049, 1.515777587890625], [0.9998667240142822, 0.005477340891957283, -0.015373985283076763, -1.3765869140625], [0.0, 0.0, 0.0, 1.0]], [[-0.8327925801277161, -0.5532855987548828, 0.01820823922753334, 0.83123779296875], [-0.009323031641542912, -0.018869193270802498, -0.9997784495353699, 1.5014028549194336], [0.55350661277771, -0.8327779173851013, 0.010555828921496868, -1.114166259765625], [0.0, 0.0, 0.0, 1.0]], [[0.9476180672645569, 0.31904882192611694, -0.015096309594810009, -1.15325927734375], [0.0007119010551832616, -0.049373332411050797, -0.9987801313400269, 1.588545322418213], [-0.3194049298763275, 0.9464512467384338, -0.04701419174671173, -0.0998687744140625], [0.0, 0.0, 0.0, 1.0]], [[0.001986898249015212, 0.9992254972457886, -0.03929980844259262, 0.002716064453125], [-0.025290245190262794, -0.03923710435628891, -0.9989098310470581, 1.5773181915283203], [-0.9996781349182129, 0.002978554693982005, 0.02519269846379757, -0.0791015625], [0.0, 0.0, 0.0, 1.0]], [[-0.9349547624588013, 0.35445287823677063, -0.014929062686860561, 0.97601318359375], [0.006903717294335365, -0.023895375430583954, -0.9996906518936157, 1.5526437759399414], [-0.35469987988471985, -0.934768557548523, 0.019894052296876907, -0.12384033203125], [0.0, 0.0, 0.0, 1.0]]], "view": [[0.0, -2.0, 100.0], [-2.0, 0.0, 100.0], [0.0, 0.0, 1.0]], "bev": "bev_1de66dfc269c47599c3853af793d6228.png", "aux": "aux_1de66dfc269c47599c3853af793d6228.npz", "visibility": "visibility_1de66dfc269c47599c3853af793d6228.png", "pose": [[0.3943878710269928, -0.9189440608024597, 0.0, 317.7485656738281], [0.9189440608024597, 0.3943878710269928, 0.0, 980.7454223632812], [0.0, 0.0, 1.0, 0.0], [0.0, 0.0, 0.0, 1.0]], "pose_inverse": [[0.3943878710269928, 0.9189440608024597, 0.0, -1026.56640625], [-0.9189440608024597, 0.3943878710269928, 0.0, -94.80094146728516], [0.0, 0.0, 1.0, 0.0], [0.0, 0.0, 0.0, 1.0]], "cam_ids": [0, 1, 2, 3, 4, 5], "cam_channels": ["CAM_FRONT_LEFT", "CAM_FRONT", "CAM_FRONT_RIGHT", "CAM_BACK_LEFT", "CAM_BACK", "CAM_BACK_RIGHT"], "token": "1de66dfc269c47599c3853af793d6228", "scene": "scene-0150"}, {"images": ["samples/CAM_FRONT_LEFT/n015-2018-08-01-17-04-15+0800__CAM_FRONT_LEFT__1533114308654844.jpg", "samples/CAM_FRONT/n015-2018-08-01-17-04-15+0800__CAM_FRONT__1533114308662460.jpg", "samples/CAM_FRONT_RIGHT/n015-2018-08-01-17-04-15+0800__CAM_FRONT_RIGHT__1533114308670339.jpg", "samples/CAM_BACK_LEFT/n015-2018-08-01-17-04-15+0800__CAM_BACK_LEFT__1533114308698118.jpg", "samples/CAM_BACK/n015-2018-08-01-17-04-15+0800__CAM_BACK__1533114308687525.jpg", "samples/CAM_BACK_RIGHT/n015-2018-08-01-17-04-15+0800__CAM_BACK_RIGHT__1533114308677893.jpg"], "intrinsics": [[[1272.5979470598488, 0.0, 826.6154927353808], [0.0, 1272.5979470598488, 479.75165386361925], [0.0, 0.0, 1.0]], [[1266.417203046554, 0.0, 816.2670197447984], [0.0, 1266.417203046554, 491.50706579294757], [0.0, 0.0, 1.0]], [[1260.8474446004698, 0.0, 807.968244525554], [0.0, 1260.8474446004698, 495.3344268742088], [0.0, 0.0, 1.0]], [[1256.7414812095406, 0.0, 792.1125740759628], [0.0, 1256.7414812095406, 492.7757465151356], [0.0, 0.0, 1.0]], [[809.2209905677063, 0.0, 829.2196003259838], [0.0, 809.2209905677063, 481.77842384512485], [0.0, 0.0, 1.0]], [[1259.5137405846733, 0.0, 807.2529053838625], [0.0, 1259.5137405846733, 501.19579884916527], [0.0, 0.0, 1.0]]], "extrinsics": [[[0.8211003541946411, -0.5706630945205688, 0.011741025373339653, -0.6474609375], [-0.005124169867485762, -0.027938978746533394, -0.9995964765548706, 1.5063247680664062], [0.5707608461380005, 0.8207088708877563, -0.02586487866938114, -1.06182861328125], [0.0, 0.0, 0.0, 1.0]], [[0.006386040709912777, -0.9994776844978333, 0.03168140724301338, 0.00897979736328125], [-0.009954509325325489, -0.03174402564764023, -0.9994465112686157, 1.5174627304077148], [0.9999300837516785, 0.006067076697945595, -0.010152027010917664, -1.37744140625], [0.0, 0.0, 0.0, 1.0]], [[-0.8325362801551819, -0.5538598895072937, 0.011070311069488525, 0.832275390625], [-0.003857759991660714, -0.014186601154506207, -0.9998918771743774, 1.5027413368225098], [0.5539570450782776, -0.832489013671875, 0.009674202650785446, -1.113250732421875], [0.0, 0.0, 0.0, 1.0]], [[0.9477092027664185, 0.3190535008907318, -0.007218612357974052, -1.15020751953125], [0.006783409509807825, -0.04275315999984741, -0.9990625977516174, 1.5884963274002075], [-0.3190630078315735, 0.9467719197273254, -0.04268183559179306, -0.1009368896484375], [0.0, 0.0, 0.0, 1.0]], [[0.0019299143459647894, 0.9994334578514099, -0.033601053059101105, 0.00201416015625], [-0.01936321333050728, -0.0335574671626091, -0.9992492198944092, 1.5777225494384766], [-0.9998106360435486, 0.0025790950749069452, 0.019287483766674995, -0.0843505859375], [0.0, 0.0, 0.0, 1.0]], [[-0.9350770115852356, 0.3539659380912781, -0.018416395410895348, 0.9747314453125], [0.012580185197293758, -0.01878216862678528, -0.9997444748878479, 1.5536470413208008], [-0.354221373796463, -0.935069739818573, 0.013109816238284111, -0.122772216796875], [0.0, 0.0, 0.0, 1.0]]], "view": [[0.0, -2.0, 100.0], [-2.0, 0.0, 100.0], [0.0, 0.0, 1.0]], "bev": "bev_2fd679c0744441faad6063e302cbfac0.png", "aux": "aux_2fd679c0744441faad6063e302cbfac0.npz", "visibility": "visibility_2fd679c0744441faad6063e302cbfac0.png", "pose": [[0.3921622931957245, -0.9198960661888123, 0.0, 319.5921630859375], [0.9198960661888123, 0.3921622931957245, 0.0, 985.0315551757812], [0.0, 0.0, 1.0, 0.0], [0.0, 0.0, 0.0, 1.0]], "pose_inverse": [[0.3921622931957245, 0.9198960661888123, 0.0, -1031.4586181640625], [-0.9198960661888123, 0.3921622931957245, 0.0, -92.30066680908203], [0.0, 0.0, 1.0, 0.0], [0.0, 0.0, 0.0, 1.0]], "cam_ids": [0, 1, 2, 3, 4, 5], "cam_channels": ["CAM_FRONT_LEFT", "CAM_FRONT", "CAM_FRONT_RIGHT", "CAM_BACK_LEFT", "CAM_BACK", "CAM_BACK_RIGHT"], "token": "2fd679c0744441faad6063e302cbfac0", "scene": "scene-0150"}, {"images": ["samples/CAM_FRONT_LEFT/n015-2018-08-01-17-04-15+0800__CAM_FRONT_LEFT__1533114309104844.jpg", "samples/CAM_FRONT/n015-2018-08-01-17-04-15+0800__CAM_FRONT__1533114309112460.jpg", "samples/CAM_FRONT_RIGHT/n015-2018-08-01-17-04-15+0800__CAM_FRONT_RIGHT__1533114309120339.jpg", "samples/CAM_BACK_LEFT/n015-2018-08-01-17-04-15+0800__CAM_BACK_LEFT__1533114309147423.jpg", "samples/CAM_BACK/n015-2018-08-01-17-04-15+0800__CAM_BACK__1533114309137525.jpg", "samples/CAM_BACK_RIGHT/n015-2018-08-01-17-04-15+0800__CAM_BACK_RIGHT__1533114309127928.jpg"], "intrinsics": [[[1272.5979470598488, 0.0, 826.6154927353808], [0.0, 1272.5979470598488, 479.75165386361925], [0.0, 0.0, 1.0]], [[1266.417203046554, 0.0, 816.2670197447984], [0.0, 1266.417203046554, 491.50706579294757], [0.0, 0.0, 1.0]], [[1260.8474446004698, 0.0, 807.968244525554], [0.0, 1260.8474446004698, 495.3344268742088], [0.0, 0.0, 1.0]], [[1256.7414812095406, 0.0, 792.1125740759628], [0.0, 1256.7414812095406, 492.7757465151356], [0.0, 0.0, 1.0]], [[809.2209905677063, 0.0, 829.2196003259838], [0.0, 809.2209905677063, 481.77842384512485], [0.0, 0.0, 1.0]], [[1259.5137405846733, 0.0, 807.2529053838625], [0.0, 1259.5137405846733, 501.19579884916527], [0.0, 0.0, 1.0]]], "extrinsics": [[[0.8214226961135864, -0.5702497959136963, 0.008936877362430096, -0.633544921875], [-0.0011012348113581538, -0.017255807295441628, -0.9998504519462585, 1.507845163345337], [0.5703186988830566, 0.8212900757789612, -0.014802291058003902, -1.05291748046875], [0.0, 0.0, 0.0, 1.0]], [[0.0066222227178514, -0.9997538328170776, 0.021173465996980667, 0.00907135009765625], [-0.006240690592676401, -0.021214835345745087, -0.9997555017471313, 1.5185108184814453], [0.9999585747718811, 0.006488448940217495, -0.0063796439208090305, -1.3619384765625], [0.0, 0.0, 0.0, 1.0]], [[-0.8325318694114685, -0.5539712309837341, 0.0025459465105086565, 0.8193359375], [-0.0004695532552432269, -0.0038901104126125574, -0.999992311000824, 1.5035287141799927], [0.553976833820343, -0.8325267434120178, 0.0029785220976918936, -1.1053466796875], [0.0, 0.0, 0.0, 1.0]], [[0.9476348757743835, 0.319347083568573, -0.002339781727641821, -1.14093017578125], [0.008913812227547169, -0.0337732657790184, -0.9993897676467896, 1.5885753631591797], [-0.31923121213912964, 0.9470357894897461, -0.034851327538490295, -0.1043853759765625], [0.0, 0.0, 0.0, 1.0]], [[0.0021083159372210503, 0.9997093677520752, -0.0240160059183836, 0.00246429443359375], [-0.01676108129322529, -0.023977356031537056, -0.9995720386505127, 1.5777568817138672], [-0.9998573064804077, 0.0025099096819758415, 0.01670566014945507, -0.094482421875], [0.0, 0.0, 0.0, 1.0]], [[-0.9349712133407593, 0.35428106784820557, -0.01771213486790657, 0.96221923828125], [0.015607011504471302, -0.008798621594905853, -0.9998394846916199, 1.554356575012207], [-0.3543799817562103, -0.9350976943969727, 0.0026971895713359118, -0.128448486328125], [0.0, 0.0, 0.0, 1.0]]], "view": [[0.0, -2.0, 100.0], [-2.0, 0.0, 100.0], [0.0, 0.0, 1.0]], "bev": "bev_1c62b2b6b48f4503877e10aff378039b.png", "aux": "aux_1c62b2b6b48f4503877e10aff378039b.npz", "visibility": "visibility_1c62b2b6b48f4503877e10aff378039b.png", "pose": [[0.3916173279285431, -0.9201281666755676, 0.0, 321.24835205078125], [0.9201281666755676, 0.3916173279285431, 0.0, 988.876953125], [0.0, 0.0, 1.0, 0.0], [0.0, 0.0, 0.0, 1.0]], "pose_inverse": [[0.3916173279285431, 0.9201281666755676, 0.0, -1035.699951171875], [-0.9201281666755676, 0.3916173279285431, 0.0, -91.67167663574219], [0.0, 0.0, 1.0, 0.0], [0.0, 0.0, 0.0, 1.0]], "cam_ids": [0, 1, 2, 3, 4, 5], "cam_channels": ["CAM_FRONT_LEFT", "CAM_FRONT", "CAM_FRONT_RIGHT", "CAM_BACK_LEFT", "CAM_BACK", "CAM_BACK_RIGHT"], "token": "1c62b2b6b48f4503877e10aff378039b", "scene": "scene-0150"}, {"images": ["samples/CAM_FRONT_LEFT/n015-2018-08-01-17-04-15+0800__CAM_FRONT_LEFT__1533114309604844.jpg", "samples/CAM_FRONT/n015-2018-08-01-17-04-15+0800__CAM_FRONT__1533114309612460.jpg", "samples/CAM_FRONT_RIGHT/n015-2018-08-01-17-04-15+0800__CAM_FRONT_RIGHT__1533114309620339.jpg", "samples/CAM_BACK_LEFT/n015-2018-08-01-17-04-15+0800__CAM_BACK_LEFT__1533114309647423.jpg", "samples/CAM_BACK/n015-2018-08-01-17-04-15+0800__CAM_BACK__1533114309637525.jpg", "samples/CAM_BACK_RIGHT/n015-2018-08-01-17-04-15+0800__CAM_BACK_RIGHT__1533114309627893.jpg"], "intrinsics": [[[1272.5979470598488, 0.0, 826.6154927353808], [0.0, 1272.5979470598488, 479.75165386361925], [0.0, 0.0, 1.0]], [[1266.417203046554, 0.0, 816.2670197447984], [0.0, 1266.417203046554, 491.50706579294757], [0.0, 0.0, 1.0]], [[1260.8474446004698, 0.0, 807.968244525554], [0.0, 1260.8474446004698, 495.3344268742088], [0.0, 0.0, 1.0]], [[1256.7414812095406, 0.0, 792.1125740759628], [0.0, 1256.7414812095406, 492.7757465151356], [0.0, 0.0, 1.0]], [[809.2209905677063, 0.0, 829.2196003259838], [0.0, 809.2209905677063, 481.77842384512485], [0.0, 0.0, 1.0]], [[1259.5137405846733, 0.0, 807.2529053838625], [0.0, 1259.5137405846733, 501.19579884916527], [0.0, 0.0, 1.0]]], "extrinsics": [[[0.8204993009567261, -0.5715441703796387, 0.01087262388318777, -0.64190673828125], [-0.003891396103426814, -0.024603763595223427, -0.9996896982192993, 1.5066981315612793], [0.5716342926025391, 0.8202024102210999, -0.022411473095417023, -1.054443359375], [0.0, 0.0, 0.0, 1.0]], [[0.005388996563851833, -0.9995706677436829, 0.028798958286643028, 0.0062713623046875], [-0.009402750059962273, -0.028848757967352867, -0.9995395541191101, 1.5174617767333984], [0.999941349029541, 0.005115746054798365, -0.009554179385304451, -1.3671875], [0.0, 0.0, 0.0, 1.0]], [[-0.8330528736114502, -0.5531052350997925, 0.009876037016510963, 0.8209228515625], [-0.003994709346443415, -0.011837641708552837, -0.9999219179153442, 1.5026273727416992], [0.5531789660453796, -0.8330273032188416, 0.007651885971426964, -1.10888671875], [0.0, 0.0, 0.0, 1.0]], [[0.9477034211158752, 0.3190036416053772, -0.009742114692926407, -1.13665771484375], [0.00406612316146493, -0.042590972036123276, -0.9990842938423157, 1.5885818004608154], [-0.3191264271736145, 0.9467960000038147, -0.04166071489453316, -0.1056060791015625], [0.0, 0.0, 0.0, 1.0]], [[0.0023152248468250036, 0.9994681477546692, -0.03252973407506943, 0.003143310546875], [-0.02117009274661541, -0.03247353807091713, -0.9992483854293823, 1.577291488647461], [-0.9997731447219849, 0.003002220531925559, 0.021083645522594452, -0.0953369140625], [0.0, 0.0, 0.0, 1.0]], [[-0.9347935914993286, 0.3547860383987427, -0.016963209956884384, 0.96356201171875], [0.011686832644045353, -0.017009751871228218, -0.9997870326042175, 1.5536041259765625], [-0.35499903559684753, -0.9347928166389465, 0.011754282750189304, -0.129547119140625], [0.0, 0.0, 0.0, 1.0]]], "view": [[0.0, -2.0, 100.0], [-2.0, 0.0, 100.0], [0.0, 0.0, 1.0]], "bev": "bev_d23fe85a67d249ae8967dea3782634d1.png", "aux": "aux_d23fe85a67d249ae8967dea3782634d1.npz", "visibility": "visibility_d23fe85a67d249ae8967dea3782634d1.png", "pose": [[0.3894977569580078, -0.921027421951294, 0.0, 323.0817565917969], [0.921027421951294, 0.3894977569580078, 0.0, 993.1539306640625], [0.0, 0.0, 1.0, 0.0], [0.0, 0.0, 0.0, 1.0]], "pose_inverse": [[0.3894977569580078, 0.921027421951294, 0.0, -1040.5616455078125], [-0.921027421951294, 0.3894977569580078, 0.0, -89.26408386230469], [0.0, 0.0, 1.0, 0.0], [0.0, 0.0, 0.0, 1.0]], "cam_ids": [0, 1, 2, 3, 4, 5], "cam_channels": ["CAM_FRONT_LEFT", "CAM_FRONT", "CAM_FRONT_RIGHT", "CAM_BACK_LEFT", "CAM_BACK", "CAM_BACK_RIGHT"], "token": "d23fe85a67d249ae8967dea3782634d1", "scene": "scene-0150"}, {"images": ["samples/CAM_FRONT_LEFT/n015-2018-08-01-17-04-15+0800__CAM_FRONT_LEFT__1533114310104844.jpg", "samples/CAM_FRONT/n015-2018-08-01-17-04-15+0800__CAM_FRONT__1533114310112460.jpg", "samples/CAM_FRONT_RIGHT/n015-2018-08-01-17-04-15+0800__CAM_FRONT_RIGHT__1533114310120339.jpg", "samples/CAM_BACK_LEFT/n015-2018-08-01-17-04-15+0800__CAM_BACK_LEFT__1533114310147423.jpg", "samples/CAM_BACK/n015-2018-08-01-17-04-15+0800__CAM_BACK__1533114310137525.jpg", "samples/CAM_BACK_RIGHT/n015-2018-08-01-17-04-15+0800__CAM_BACK_RIGHT__1533114310127893.jpg"], "intrinsics": [[[1272.5979470598488, 0.0, 826.6154927353808], [0.0, 1272.5979470598488, 479.75165386361925], [0.0, 0.0, 1.0]], [[1266.417203046554, 0.0, 816.2670197447984], [0.0, 1266.417203046554, 491.50706579294757], [0.0, 0.0, 1.0]], [[1260.8474446004698, 0.0, 807.968244525554], [0.0, 1260.8474446004698, 495.3344268742088], [0.0, 0.0, 1.0]], [[1256.7414812095406, 0.0, 792.1125740759628], [0.0, 1256.7414812095406, 492.7757465151356], [0.0, 0.0, 1.0]], [[809.2209905677063, 0.0, 829.2196003259838], [0.0, 809.2209905677063, 481.77842384512485], [0.0, 0.0, 1.0]], [[1259.5137405846733, 0.0, 807.2529053838625], [0.0, 1259.5137405846733, 501.19579884916527], [0.0, 0.0, 1.0]]], "extrinsics": [[[0.8209572434425354, -0.5706180930137634, 0.020595155656337738, -0.64227294921875], [-0.0001450686395401135, -0.03627766668796539, -0.9993417263031006, 1.5082058906555176], [0.5709896087646484, 0.8204138875007629, -0.029865194112062454, -1.05621337890625], [0.0, 0.0, 0.0, 1.0]], [[0.006037513259798288, -0.9991673231124878, 0.04035001993179321, 0.007354736328125], [-0.005641998257488012, -0.04038414731621742, -0.999168336391449, 1.518721580505371], [0.9999657869338989, 0.005804817192256451, -0.005881118588149548, -1.3687744140625], [0.0, 0.0, 0.0, 1.0]], [[-0.832737386226654, -0.5535142421722412, 0.013053747825324535, 0.822509765625], [-0.0002317042526556179, -0.023228447884321213, -0.999730110168457, 1.5035908222198486], [0.5536680817604065, -0.8325157165527344, 0.019214948639273643, -1.108856201171875], [0.0, 0.0, 0.0, 1.0]], [[0.9476591944694519, 0.3191341459751129, -0.009759404696524143, -1.13720703125], [0.007841243408620358, -0.05381995067000389, -0.9985198378562927, 1.588600754737854], [-0.3191870152950287, 0.9461800456047058, -0.05350538715720177, -0.1054534912109375], [0.0, 0.0, 0.0, 1.0]], [[0.002091367496177554, 0.9990413784980774, -0.04372595623135567, 0.0028839111328125], [-0.017326029017567635, -0.043683283030986786, -0.9988951683044434, 1.5776996612548828], [-0.9998476505279541, 0.0028466572985053062, 0.01721806451678276, -0.09423828125], [0.0, 0.0, 0.0, 1.0]], [[-0.9349002838134766, 0.35406288504600525, -0.02451462298631668, 0.96435546875], [0.015496423467993736, -0.028283849358558655, -0.9994797706604004, 1.5543012619018555], [-0.35457202792167664, -0.9347938299179077, 0.020955871790647507, -0.1285400390625], [0.0, 0.0, 0.0, 1.0]]], "view": [[0.0, -2.0, 100.0], [-2.0, 0.0, 100.0], [0.0, 0.0, 1.0]], "bev": "bev_87947b394fee465992ff1d0d8e009994.png", "aux": "aux_87947b394fee465992ff1d0d8e009994.npz", "visibility": "visibility_87947b394fee465992ff1d0d8e009994.png", "pose": [[0.3893476724624634, -0.921090841293335, 0.0, 324.8880920410156], [0.921090841293335, 0.3893476724624634, 0.0, 997.4083862304688], [0.0, 0.0, 1.0, 0.0], [0.0, 0.0, 0.0, 1.0]], "pose_inverse": [[0.3893476724624634, 0.921090841293335, 0.0, -1045.1981201171875], [-0.921090841293335, 0.3893476724624634, 0.0, -89.0871810913086], [0.0, 0.0, 1.0, 0.0], [0.0, 0.0, 0.0, 1.0]], "cam_ids": [0, 1, 2, 3, 4, 5], "cam_channels": ["CAM_FRONT_LEFT", "CAM_FRONT", "CAM_FRONT_RIGHT", "CAM_BACK_LEFT", "CAM_BACK", "CAM_BACK_RIGHT"], "token": "87947b394fee465992ff1d0d8e009994", "scene": "scene-0150"}, {"images": ["samples/CAM_FRONT_LEFT/n015-2018-08-01-17-04-15+0800__CAM_FRONT_LEFT__1533114310604844.jpg", "samples/CAM_FRONT/n015-2018-08-01-17-04-15+0800__CAM_FRONT__1533114310612460.jpg", "samples/CAM_FRONT_RIGHT/n015-2018-08-01-17-04-15+0800__CAM_FRONT_RIGHT__1533114310620339.jpg", "samples/CAM_BACK_LEFT/n015-2018-08-01-17-04-15+0800__CAM_BACK_LEFT__1533114310647423.jpg", "samples/CAM_BACK/n015-2018-08-01-17-04-15+0800__CAM_BACK__1533114310637525.jpg", "samples/CAM_BACK_RIGHT/n015-2018-08-01-17-04-15+0800__CAM_BACK_RIGHT__1533114310627893.jpg"], "intrinsics": [[[1272.5979470598488, 0.0, 826.6154927353808], [0.0, 1272.5979470598488, 479.75165386361925], [0.0, 0.0, 1.0]], [[1266.417203046554, 0.0, 816.2670197447984], [0.0, 1266.417203046554, 491.50706579294757], [0.0, 0.0, 1.0]], [[1260.8474446004698, 0.0, 807.968244525554], [0.0, 1260.8474446004698, 495.3344268742088], [0.0, 0.0, 1.0]], [[1256.7414812095406, 0.0, 792.1125740759628], [0.0, 1256.7414812095406, 492.7757465151356], [0.0, 0.0, 1.0]], [[809.2209905677063, 0.0, 829.2196003259838], [0.0, 809.2209905677063, 481.77842384512485], [0.0, 0.0, 1.0]], [[1259.5137405846733, 0.0, 807.2529053838625], [0.0, 1259.5137405846733, 501.19579884916527], [0.0, 0.0, 1.0]]], "extrinsics": [[[0.8204456567764282, -0.5713774561882019, 0.019915128126740456, -0.6458740234375], [-0.004059473518282175, -0.04065452143549919, -0.9991649985313416, 1.5066633224487305], [0.571709930896759, 0.8196797966957092, -0.0356743223965168, -1.0577392578125], [0.0, 0.0, 0.0, 1.0]], [[0.005356893874704838, -0.9989820718765259, 0.04479064792394638, 0.0066986083984375], [-0.00942435022443533, -0.04483973607420921, -0.9989497661590576, 1.5174999237060547], [0.9999411702156067, 0.004929083865135908, -0.009654955007135868, -1.3709716796875], [0.0, 0.0, 0.0, 1.0]], [[-0.8330361843109131, -0.5529062747955322, 0.01858591102063656, 0.822998046875], [-0.00386506668291986, -0.027778415009379387, -0.9996066093444824, 1.502671241760254], [0.5532050728797913, -0.8327803015708923, 0.021003402769565582, -1.109954833984375], [0.0, 0.0, 0.0, 1.0]], [[0.9476404190063477, 0.31902003288269043, -0.01427391916513443, -1.13153076171875], [0.0046983626671135426, -0.05862194299697876, -0.9982691407203674, 1.5885738134384155], [-0.31930461525917053, 0.9459332227706909, -0.0570514015853405, -0.106719970703125], [0.0, 0.0, 0.0, 1.0]], [[0.002163166645914316, 0.9988211393356323, -0.04849398136138916, 0.0031280517578125], [-0.02070782333612442, -0.04843895509839058, -0.9986115097999573, 1.5773162841796875], [-0.9997832775115967, 0.003164408728480339, 0.020578628405928612, -0.096435546875], [0.0, 0.0, 0.0, 1.0]], [[-0.9348226189613342, 0.3543784022331238, -0.022860299795866013, 0.96429443359375], [0.01195850595831871, -0.032922979444265366, -0.9993863701820374, 1.5536460876464844], [-0.35491347312927246, -0.9345223903656006, 0.026539308950304985, -0.128997802734375], [0.0, 0.0, 0.0, 1.0]]], "view": [[0.0, -2.0, 100.0], [-2.0, 0.0, 100.0], [0.0, 0.0, 1.0]], "bev": "bev_4d3d5e29b99a4354b9f84936222b6b29.png", "aux": "aux_4d3d5e29b99a4354b9f84936222b6b29.npz", "visibility": "visibility_4d3d5e29b99a4354b9f84936222b6b29.png", "pose": [[0.3884478509426117, -0.9214707016944885, 0.0, 326.64910888671875], [0.9214707016944885, 0.3884478509426117, 0.0, 1001.5519409179688], [0.0, 0.0, 1.0, 0.0], [0.0, 0.0, 0.0, 1.0]], "pose_inverse": [[0.3884478509426117, 0.9214707016944885, 0.0, -1049.786865234375], [-0.9214707016944885, 0.3884478509426117, 0.0, -88.0531234741211], [0.0, 0.0, 1.0, 0.0], [0.0, 0.0, 0.0, 1.0]], "cam_ids": [0, 1, 2, 3, 4, 5], "cam_channels": ["CAM_FRONT_LEFT", "CAM_FRONT", "CAM_FRONT_RIGHT", "CAM_BACK_LEFT", "CAM_BACK", "CAM_BACK_RIGHT"], "token": "4d3d5e29b99a4354b9f84936222b6b29", "scene": "scene-0150"}, {"images": ["samples/CAM_FRONT_LEFT/n015-2018-08-01-17-04-15+0800__CAM_FRONT_LEFT__1533114311104844.jpg", "samples/CAM_FRONT/n015-2018-08-01-17-04-15+0800__CAM_FRONT__1533114311112460.jpg", "samples/CAM_FRONT_RIGHT/n015-2018-08-01-17-04-15+0800__CAM_FRONT_RIGHT__1533114311120339.jpg", "samples/CAM_BACK_LEFT/n015-2018-08-01-17-04-15+0800__CAM_BACK_LEFT__1533114311147423.jpg", "samples/CAM_BACK/n015-2018-08-01-17-04-15+0800__CAM_BACK__1533114311137525.jpg", "samples/CAM_BACK_RIGHT/n015-2018-08-01-17-04-15+0800__CAM_BACK_RIGHT__1533114311127893.jpg"], "intrinsics": [[[1272.5979470598488, 0.0, 826.6154927353808], [0.0, 1272.5979470598488, 479.75165386361925], [0.0, 0.0, 1.0]], [[1266.417203046554, 0.0, 816.2670197447984], [0.0, 1266.417203046554, 491.50706579294757], [0.0, 0.0, 1.0]], [[1260.8474446004698, 0.0, 807.968244525554], [0.0, 1260.8474446004698, 495.3344268742088], [0.0, 0.0, 1.0]], [[1256.7414812095406, 0.0, 792.1125740759628], [0.0, 1256.7414812095406, 492.7757465151356], [0.0, 0.0, 1.0]], [[809.2209905677063, 0.0, 829.2196003259838], [0.0, 809.2209905677063, 481.77842384512485], [0.0, 0.0, 1.0]], [[1259.5137405846733, 0.0, 807.2529053838625], [0.0, 1259.5137405846733, 501.19579884916527], [0.0, 0.0, 1.0]]], "extrinsics": [[[0.8208580613136292, -0.5707127451896667, 0.02188483253121376, -0.654052734375], [-0.008646228350698948, -0.05073157697916031, -0.9986748695373535, 1.5050640106201172], [0.5710667371749878, 0.819581151008606, -0.04657793790102005, -1.06585693359375], [0.0, 0.0, 0.0, 1.0]], [[0.006022655870765448, -0.9985068440437317, 0.05429224669933319, 0.008270263671875], [-0.013646194711327553, -0.05437024310231209, -0.9984275698661804, 1.5163516998291016], [0.9998887181282043, 0.005272294394671917, -0.013953273184597492, -1.3807373046875], [0.0, 0.0, 0.0, 1.0]], [[-0.832743227481842, -0.5530117154121399, 0.02677084505558014, 0.8302001953125], [-0.007721516769379377, -0.03674772009253502, -0.9992946982383728, 1.5018043518066406], [0.5536054372787476, -0.8323625922203064, 0.026331329718232155, -1.11309814453125], [0.0, 0.0, 0.0, 1.0]], [[0.9475147128105164, 0.31915703415870667, -0.01882995292544365, -1.1339111328125], [0.0021777821239084005, -0.06533821672201157, -0.9978607892990112, 1.5885846614837646], [-0.3197046220302582, 0.9454468488693237, -0.06260398030281067, -0.1067047119140625], [0.0, 0.0, 0.0, 1.0]], [[0.0017678581643849611, 0.9984319806098938, -0.0559510663151741, 0.00252532958984375], [-0.02373800240457058, -0.05589348077774048, -0.9981545209884644, 1.5771369934082031], [-0.9997166395187378, 0.003092788392677903, 0.023601965978741646, -0.0927734375], [0.0, 0.0, 0.0, 1.0]], [[-0.9350098371505737, 0.3539046049118042, -0.02253813110291958, 0.96954345703125], [0.008467087522149086, -0.04125778377056122, -0.9991126656532288, 1.5529885292053223], [-0.35452044010162354, -0.9343710541725159, 0.035579897463321686, -0.126007080078125], [0.0, 0.0, 0.0, 1.0]]], "view": [[0.0, -2.0, 100.0], [-2.0, 0.0, 100.0], [0.0, 0.0, 1.0]], "bev": "bev_50613f50fa6e4bd09ee8a7b8c92875d8.png", "aux": "aux_50613f50fa6e4bd09ee8a7b8c92875d8.npz", "visibility": "visibility_50613f50fa6e4bd09ee8a7b8c92875d8.png", "pose": [[0.3867799937725067, -0.9221720099449158, 0.0, 328.3778076171875], [0.9221720099449158, 0.3867799937725067, 0.0, 1005.6084594726562], [0.0, 0.0, 1.0, 0.0], [0.0, 0.0, 0.0, 1.0]], "pose_inverse": [[0.3867799937725067, 0.9221720099449158, 0.0, -1054.35400390625], [-0.9221720099449158, 0.3867799937725067, 0.0, -86.12841796875], [0.0, 0.0, 1.0, 0.0], [0.0, 0.0, 0.0, 1.0]], "cam_ids": [0, 1, 2, 3, 4, 5], "cam_channels": ["CAM_FRONT_LEFT", "CAM_FRONT", "CAM_FRONT_RIGHT", "CAM_BACK_LEFT", "CAM_BACK", "CAM_BACK_RIGHT"], "token": "50613f50fa6e4bd09ee8a7b8c92875d8", "scene": "scene-0150"}, {"images": ["samples/CAM_FRONT_LEFT/n015-2018-08-01-17-04-15+0800__CAM_FRONT_LEFT__1533114311604844.jpg", "samples/CAM_FRONT/n015-2018-08-01-17-04-15+0800__CAM_FRONT__1533114311612460.jpg", "samples/CAM_FRONT_RIGHT/n015-2018-08-01-17-04-15+0800__CAM_FRONT_RIGHT__1533114311620339.jpg", "samples/CAM_BACK_LEFT/n015-2018-08-01-17-04-15+0800__CAM_BACK_LEFT__1533114311647423.jpg", "samples/CAM_BACK/n015-2018-08-01-17-04-15+0800__CAM_BACK__1533114311637525.jpg", "samples/CAM_BACK_RIGHT/n015-2018-08-01-17-04-15+0800__CAM_BACK_RIGHT__1533114311627893.jpg"], "intrinsics": [[[1272.5979470598488, 0.0, 826.6154927353808], [0.0, 1272.5979470598488, 479.75165386361925], [0.0, 0.0, 1.0]], [[1266.417203046554, 0.0, 816.2670197447984], [0.0, 1266.417203046554, 491.50706579294757], [0.0, 0.0, 1.0]], [[1260.8474446004698, 0.0, 807.968244525554], [0.0, 1260.8474446004698, 495.3344268742088], [0.0, 0.0, 1.0]], [[1256.7414812095406, 0.0, 792.1125740759628], [0.0, 1256.7414812095406, 492.7757465151356], [0.0, 0.0, 1.0]], [[809.2209905677063, 0.0, 829.2196003259838], [0.0, 809.2209905677063, 481.77842384512485], [0.0, 0.0, 1.0]], [[1259.5137405846733, 0.0, 807.2529053838625], [0.0, 1259.5137405846733, 501.19579884916527], [0.0, 0.0, 1.0]]], "extrinsics": [[[0.8202080130577087, -0.5716943740844727, 0.02060159109532833, -0.65350341796875], [-0.0045587122440338135, -0.04254339635372162, -0.9990842342376709, 1.506464958190918], [0.5720472931861877, 0.8193629384040833, -0.037500619888305664, -1.06158447265625], [0.0, 0.0, 0.0, 1.0]], [[0.0050499215722084045, -0.9988985657691956, 0.04664933308959007, 0.005706787109375], [-0.009830105118453503, -0.046697262674570084, -0.998860776424408, 1.5174064636230469], [0.9999389052391052, 0.004585524555295706, -0.01005509402602911, -1.378662109375], [0.0, 0.0, 0.0, 1.0]], [[-0.8331602811813354, -0.5526753067970276, 0.019846748560667038, 0.82794189453125], [-0.004169568885117769, -0.029608620330691338, -0.999552845954895, 1.502598762512207], [0.5530158281326294, -0.8328705430030823, 0.022364310920238495, -1.114013671875], [0.0, 0.0, 0.0, 1.0]], [[0.9476976990699768, 0.3188207745552063, -0.01491167489439249, -1.1341552734375], [0.004574849735945463, -0.060284573584795, -0.9981707334518433, 1.5885899066925049], [-0.31913650035858154, 0.9458959698677063, -0.058590106666088104, -0.1063232421875], [0.0, 0.0, 0.0, 1.0]], [[0.002