[{"images": ["samples/CAM_FRONT_LEFT/n015-2018-08-03-15-00-36+0800__CAM_FRONT_LEFT__1533279678604844.jpg", "samples/CAM_FRONT/n015-2018-08-03-15-00-36+0800__CAM_FRONT__1533279678612460.jpg", "samples/CAM_FRONT_RIGHT/n015-2018-08-03-15-00-36+0800__CAM_FRONT_RIGHT__1533279678620339.jpg", "samples/CAM_BACK_LEFT/n015-2018-08-03-15-00-36+0800__CAM_BACK_LEFT__1533279678647423.jpg", "samples/CAM_BACK/n015-2018-08-03-15-00-36+0800__CAM_BACK__1533279678637525.jpg", "samples/CAM_BACK_RIGHT/n015-2018-08-03-15-00-36+0800__CAM_BACK_RIGHT__1533279678627893.jpg"], "intrinsics": [[[1272.5979470598488, 0.0, 826.6154927353808], [0.0, 1272.5979470598488, 479.75165386361925], [0.0, 0.0, 1.0]], [[1266.417203046554, 0.0, 816.2670197447984], [0.0, 1266.417203046554, 491.50706579294757], [0.0, 0.0, 1.0]], [[1260.8474446004698, 0.0, 807.968244525554], [0.0, 1260.8474446004698, 495.3344268742088], [0.0, 0.0, 1.0]], [[1256.7414812095406, 0.0, 792.1125740759628], [0.0, 1256.7414812095406, 492.7757465151356], [0.0, 0.0, 1.0]], [[809.2209905677063, 0.0, 829.2196003259838], [0.0, 809.2209905677063, 481.77842384512485], [0.0, 0.0, 1.0]], [[1259.5137405846733, 0.0, 807.2529053838625], [0.0, 1259.5137405846733, 501.19579884916527], [0.0, 0.0, 1.0]]], "extrinsics": [[[0.8206745982170105, -0.5713740587234497, -0.004991448484361172, -0.76422119140625], [-0.016021091490983963, -0.014277519658207893, -0.9997696876525879, 1.5043611526489258], [0.5711711645126343, 0.8205655813217163, -0.020871231332421303, -1.1419677734375], [0.0, 0.0, 0.0, 1.0]], [[0.005783654283732176, -0.9998226761817932, 0.01792609691619873, 0.007232666015625], [-0.020005475729703903, -0.018038500100374222, -0.9996371865272522, 1.5164947509765625], [0.9997831583023071, 0.005422926042228937, -0.020106254145503044, -1.48968505859375], [0.0, 0.0, 0.0, 1.0]], [[-0.8329281210899353, -0.55326908826828, 0.01113678328692913, 0.89898681640625], [-0.013024289160966873, -0.0005197131540626287, -0.9999150037765503, 1.5015544891357422], [0.5532278418540955, -0.8330024480819702, -0.006773051340132952, -1.1593017578125], [0.0, 0.0, 0.0, 1.0]], [[0.9477300047874451, 0.31891706585884094, -0.009983880445361137, -1.1285400390625], [-0.0003799088590312749, -0.030162343755364418, -0.9995449185371399, 1.5885515213012695], [-0.31907305121421814, 0.9473025798797607, -0.028464600443840027, -0.1083984375], [0.0, 0.0, 0.0, 1.0]], [[0.002281744731590152, 0.9997897148132324, -0.020383182913064957, 0.002655029296875], [-0.027073107659816742, -0.02031400427222252, -0.9994270205497742, 1.5775108337402344], [-0.9996308088302612, 0.002832249039784074, 0.02702105976641178, -0.0665283203125], [0.0, 0.0, 0.0, 1.0]], [[-0.934870183467865, 0.35494381189346313, -0.005725338589400053, 1.02392578125], [0.004125706385821104, -0.0052634067833423615, -0.9999776482582092, 1.5519475936889648], [-0.3549659848213196, -0.9348729848861694, 0.0034562095534056425, -0.10575485229492188], [0.0, 0.0, 0.0, 1.0]]], "view": [[0.0, -2.0, 100.0], [-2.0, 0.0, 100.0], [0.0, 0.0, 1.0]], "bev": "bev_0dc34bb85dd140e4baa4575450b39f27.png", "aux": "aux_0dc34bb85dd140e4baa4575450b39f27.npz", "visibility": "visibility_0dc34bb85dd140e4baa4575450b39f27.png", "pose": [[0.2055925726890564, 0.9786376953125, 0.0, 127.7396469116211], [-0.9786376953125, 0.2055925726890564, 0.0, 1017.4653930664062], [0.0, 0.0, 1.0, 0.0], [0.0, 0.0, 0.0, 1.0]], "pose_inverse": [[0.2055925726890564, -0.9786376953125, 0.0, 969.4676513671875], [0.9786376953125, 0.2055925726890564, 0.0, -334.19415283203125], [0.0, 0.0, 1.0, 0.0], [0.0, 0.0, 0.0, 1.0]], "cam_ids": [0, 1, 2, 3, 4, 5], "cam_channels": ["CAM_FRONT_LEFT", "CAM_FRONT", "CAM_FRONT_RIGHT", "CAM_BACK_LEFT", "CAM_BACK", "CAM_BACK_RIGHT"], "token": "0dc34bb85dd140e4baa4575450b39f27", "scene": "scene-0362"}, {"images": ["samples/CAM_FRONT_LEFT/n015-2018-08-03-15-00-36+0800__CAM_FRONT_LEFT__1533279679104844.jpg", "samples/CAM_FRONT/n015-2018-08-03-15-00-36+0800__CAM_FRONT__1533279679112460.jpg", "samples/CAM_FRONT_RIGHT/n015-2018-08-03-15-00-36+0800__CAM_FRONT_RIGHT__1533279679120339.jpg", "samples/CAM_BACK_LEFT/n015-2018-08-03-15-00-36+0800__CAM_BACK_LEFT__1533279679147423.jpg", "samples/CAM_BACK/n015-2018-08-03-15-00-36+0800__CAM_BACK__1533279679137525.jpg", "samples/CAM_BACK_RIGHT/n015-2018-08-03-15-00-36+0800__CAM_BACK_RIGHT__1533279679127893.jpg"], "intrinsics": [[[1272.5979470598488, 0.0, 826.6154927353808], [0.0, 1272.5979470598488, 479.75165386361925], [0.0, 0.0, 1.0]], [[1266.417203046554, 0.0, 816.2670197447984], [0.0, 1266.417203046554, 491.50706579294757], [0.0, 0.0, 1.0]], [[1260.8474446004698, 0.0, 807.968244525554], [0.0, 1260.8474446004698, 495.3344268742088], [0.0, 0.0, 1.0]], [[1256.7414812095406, 0.0, 792.1125740759628], [0.0, 1256.7414812095406, 492.7757465151356], [0.0, 0.0, 1.0]], [[809.2209905677063, 0.0, 829.2196003259838], [0.0, 809.2209905677063, 481.77842384512485], [0.0, 0.0, 1.0]], [[1259.5137405846733, 0.0, 807.2529053838625], [0.0, 1259.5137405846733, 501.19579884916527], [0.0, 0.0, 1.0]]], "extrinsics": [[[0.8203099370002747, -0.5717675089836121, -0.013170742429792881, -0.76263427734375], [-0.0218813456594944, -0.008364164270460606, -0.9997255802154541, 1.50286865234375], [0.5715004205703735, 0.820372998714447, -0.019372250884771347, -1.14013671875], [0.0, 0.0, 0.0, 1.0]], [[0.005451928824186325, -0.9999144077301025, 0.011891772039234638, 0.006805419921875], [-0.027608362957835197, -0.012037926353514194, -0.9995463490486145, 1.5148906707763672], [0.9996039271354675, 0.005121143069118261, -0.027671627700328827, -1.48773193359375], [0.0, 0.0, 0.0, 1.0]], [[-0.8329911828041077, -0.5530661940574646, 0.015604352578520775, 0.897705078125], [-0.02242504060268402, 0.005568363703787327, -0.9997329711914062, 1.5000133514404297], [0.5528316497802734, -0.8331186771392822, -0.017040928825736046, -1.15887451171875], [0.0, 0.0, 0.0, 1.0]], [[0.9475354552268982, 0.31891125440597534, -0.02173001319169998, -1.12762451171875], [-0.015082050114870071, -0.02330072782933712, -0.9996147155761719, 1.5883231163024902], [-0.31929466128349304, 0.9474981427192688, -0.017268430441617966, -0.10858154296875], [0.0, 0.0, 0.0, 1.0]], [[0.002227270742878318, 0.9999004006385803, -0.013939165510237217, 0.002777099609375], [-0.04006553813815117, -0.01383877918124199, -0.9991012215614319, 1.5766181945800781], [-0.9991946220397949, 0.0027837750967592, 0.040030721575021744, -0.06658935546875], [0.0, 0.0, 0.0, 1.0]], [[-0.9347708821296692, 0.35518544912338257, 0.006840365007519722, 1.0233154296875], [-0.006955360062420368, 0.0009531032992526889, -0.999975323677063, 1.550610065460205], [-0.3551832139492035, -0.9347953796386719, 0.0015795088838785887, -0.10622978210449219], [0.0, 0.0, 0.0, 1.0]]], "view": [[0.0, -2.0, 100.0], [-2.0, 0.0, 100.0], [0.0, 0.0, 1.0]], "bev": "bev_62c8385546a640a9bfc303c197de826b.png", "aux": "aux_62c8385546a640a9bfc303c197de826b.npz", "visibility": "visibility_62c8385546a640a9bfc303c197de826b.png", "pose": [[0.2080167680978775, 0.978125274181366, 0.0, 128.2812957763672], [-0.978125274181366, 0.2080167680978775, 0.0, 1014.8510131835938], [0.0, 0.0, 1.0, 0.0], [0.0, 0.0, 0.0, 1.0]], "pose_inverse": [[0.2080167680978775, -0.978125274181366, 0.0, 965.9667358398438], [0.978125274181366, 0.2080167680978775, 0.0, -336.5812072753906], [0.0, 0.0, 1.0, 0.0], [0.0, 0.0, 0.0, 1.0]], "cam_ids": [0, 1, 2, 3, 4, 5], "cam_channels": ["CAM_FRONT_LEFT", "CAM_FRONT", "CAM_FRONT_RIGHT", "CAM_BACK_LEFT", "CAM_BACK", "CAM_BACK_RIGHT"], "token": "62c8385546a640a9bfc303c197de826b", "scene": "scene-0362"}, {"images": ["samples/CAM_FRONT_LEFT/n015-2018-08-03-15-00-36+0800__CAM_FRONT_LEFT__1533279679604844.jpg", "samples/CAM_FRONT/n015-2018-08-03-15-00-36+0800__CAM_FRONT__1533279679612460.jpg", "samples/CAM_FRONT_RIGHT/n015-2018-08-03-15-00-36+0800__CAM_FRONT_RIGHT__1533279679620339.jpg", "samples/CAM_BACK_LEFT/n015-2018-08-03-15-00-36+0800__CAM_BACK_LEFT__1533279679647423.jpg", "samples/CAM_BACK/n015-2018-08-03-15-00-36+0800__CAM_BACK__1533279679637525.jpg", "samples/CAM_BACK_RIGHT/n015-2018-08-03-15-00-36+0800__CAM_BACK_RIGHT__1533279679627893.jpg"], "intrinsics": [[[1272.5979470598488, 0.0, 826.6154927353808], [0.0, 1272.5979470598488, 479.75165386361925], [0.0, 0.0, 1.0]], [[1266.417203046554, 0.0, 816.2670197447984], [0.0, 1266.417203046554, 491.50706579294757], [0.0, 0.0, 1.0]], [[1260.8474446004698, 0.0, 807.968244525554], [0.0, 1260.8474446004698, 495.3344268742088], [0.0, 0.0, 1.0]], [[1256.7414812095406, 0.0, 792.1125740759628], [0.0, 1256.7414812095406, 492.7757465151356], [0.0, 0.0, 1.0]], [[809.2209905677063, 0.0, 829.2196003259838], [0.0, 809.2209905677063, 481.77842384512485], [0.0, 0.0, 1.0]], [[1259.5137405846733, 0.0, 807.2529053838625], [0.0, 1259.5137405846733, 501.19579884916527], [0.0, 0.0, 1.0]]], "extrinsics": [[[0.8201425671577454, -0.5714430212974548, -0.028619002550840378, -0.7464599609375], [-0.03636543080210686, -0.002143393037840724, -0.999336302280426, 1.4985771179199219], [0.5710023641586304, 0.8206390142440796, -0.02253865823149681, -1.12884521484375], [0.0, 0.0, 0.0, 1.0]], [[0.00576768908649683, -0.9999635815620422, 0.006284741219133139, 0.006866455078125], [-0.04169243574142456, -0.006519848946481943, -0.9991092085838318, 1.5113029479980469], [0.9991138577461243, 0.005500516388565302, -0.04172852262854576, -1.47100830078125], [0.0, 0.0, 0.0, 1.0]], [[-0.8326420187950134, -0.5532760620117188, 0.02434489130973816, 0.88616943359375], [-0.03610409051179886, 0.01036385539919138, -0.9992942214012146, 1.4972953796386719], [0.5526333451271057, -0.8329334259033203, -0.028604906052350998, -1.15118408203125], [0.0, 0.0, 0.0, 1.0]], [[0.9471899271011353, 0.3190012574195862, -0.03270234167575836, -1.124267578125], [-0.02756870910525322, -0.020596055313944817, -0.9994077086448669, 1.5880355834960938], [-0.3194858431816101, 0.9475305080413818, -0.010713924653828144, -0.10955810546875], [0.0, 0.0, 0.0, 1.0]], [[0.0020112069323658943, 0.9999423027038574, -0.010549640282988548, 0.002777099609375], [-0.05293223634362221, -0.010428419336676598, -0.9985436797142029, 1.5753402709960938], [-0.9985961318016052, 0.0025667096488177776, 0.05290821194648743, -0.0738525390625], [0.0, 0.0, 0.0, 1.0]], [[-0.9346227645874023, 0.3550335764884949, 0.020766988396644592, 1.012939453125], [-0.020268721505999565, 0.005123005248606205, -0.9997814297676086, 1.5487785339355469], [-0.3550623655319214, -0.9348395466804504, 0.0024079978466033936, -0.11013603210449219], [0.0, 0.0, 0.0, 1.0]]], "view": [[0.0, -2.0, 100.0], [-2.0, 0.0, 100.0], [0.0, 0.0, 1.0]], "bev": "bev_3aca10561cbe4178b2fdd722a0657dc4.png", "aux": "aux_3aca10561cbe4178b2fdd722a0657dc4.npz", "visibility": "visibility_3aca10561cbe4178b2fdd722a0657dc4.png", "pose": [[0.20876000821590424, 0.9779669046401978, 0.0, 128.85275268554688], [-0.9779669046401978, 0.20876000821590424, 0.0, 1012.123046875], [0.0, 0.0, 1.0, 0.0], [0.0, 0.0, 0.0, 1.0]], "pose_inverse": [[0.20876000821590424, -0.9779669046401978, 0.0, 962.9235229492188], [0.9779669046401978, 0.20876000821590424, 0.0, -337.3045349121094], [0.0, 0.0, 1.0, 0.0], [0.0, 0.0, 0.0, 1.0]], "cam_ids": [0, 1, 2, 3, 4, 5], "cam_channels": ["CAM_FRONT_LEFT", "CAM_FRONT", "CAM_FRONT_RIGHT", "CAM_BACK_LEFT", "CAM_BACK", "CAM_BACK_RIGHT"], "token": "3aca10561cbe4178b2fdd722a0657dc4", "scene": "scene-0362"}, {"images": ["samples/CAM_FRONT_LEFT/n015-2018-08-03-15-00-36+0800__CAM_FRONT_LEFT__1533279680104844.jpg", "samples/CAM_FRONT/n015-2018-08-03-15-00-36+0800__CAM_FRONT__1533279680112460.jpg", "samples/CAM_FRONT_RIGHT/n015-2018-08-03-15-00-36+0800__CAM_FRONT_RIGHT__1533279680120339.jpg", "samples/CAM_BACK_LEFT/n015-2018-08-03-15-00-36+0800__CAM_BACK_LEFT__1533279680147423.jpg", "samples/CAM_BACK/n015-2018-08-03-15-00-36+0800__CAM_BACK__1533279680137525.jpg", "samples/CAM_BACK_RIGHT/n015-2018-08-03-15-00-36+0800__CAM_BACK_RIGHT__1533279680127893.jpg"], "intrinsics": [[[1272.5979470598488, 0.0, 826.6154927353808], [0.0, 1272.5979470598488, 479.75165386361925], [0.0, 0.0, 1.0]], [[1266.417203046554, 0.0, 816.2670197447984], [0.0, 1266.417203046554, 491.50706579294757], [0.0, 0.0, 1.0]], [[1260.8474446004698, 0.0, 807.968244525554], [0.0, 1260.8474446004698, 495.3344268742088], [0.0, 0.0, 1.0]], [[1256.7414812095406, 0.0, 792.1125740759628], [0.0, 1256.7414812095406, 492.7757465151356], [0.0, 0.0, 1.0]], [[809.2209905677063, 0.0, 829.2196003259838], [0.0, 809.2209905677063, 481.77842384512485], [0.0, 0.0, 1.0]], [[1259.5137405846733, 0.0, 807.2529053838625], [0.0, 1259.5137405846733, 501.19579884916527], [0.0, 0.0, 1.0]]], "extrinsics": [[[0.8202032446861267, -0.5709325671195984, -0.03609259054064751, -0.7412109375], [-0.056439779698848724, -0.01797562651336193, -0.9982441663742065, 1.4928779602050781], [0.569281280040741, 0.8208001255989075, -0.04696698114275932, -1.12567138671875], [0.0, 0.0, 0.0, 1.0]], [[0.007274801842868328, -0.9997192025184631, 0.022553279995918274, 0.007232666015625], [-0.06247597932815552, -0.02296421304345131, -0.9977822303771973, 1.5063667297363281], [0.9980198740959167, 0.005849632900208235, -0.06262549012899399, -1.4658203125], [0.0, 0.0, 0.0, 1.0]], [[-0.8311753869056702, -0.5535986423492432, 0.0517299585044384, 0.8829345703125], [-0.05766156688332558, -0.006712155416607857, -0.9983136057853699, 1.4932823181152344], [0.5530121326446533, -0.832756519317627, -0.026342380791902542, -1.14886474609375], [0.0, 0.0, 0.0, 1.0]], [[0.9457058310508728, 0.3191799223423004, -0.061356738209724426, -1.12493896484375], [-0.051321979612112045, -0.03976375237107277, -0.9978902339935303, 1.5876197814941406], [-0.32094624638557434, 0.9468595385551453, -0.021223871037364006, -0.10968017578125], [0.0, 0.0, 0.0, 1.0]], [[0.0004556485509965569, 0.9995809197425842, -0.02894299477338791, 0.00262451171875], [-0.07593458890914917, -0.02882484719157219, -0.9966960549354553, 1.5734939575195312], [-0.9971126317977905, 0.0026518942322582006, 0.07588963955640793, -0.07513427734375], [0.0, 0.0, 0.0, 1.0]], [[-0.9344004988670349, 0.3544665575027466, 0.03534454479813576, 1.01019287109375], [-0.04252566397190094, -0.012486881576478481, -0.9990173578262329, 1.5457267761230469], [-0.3536768853664398, -0.934985339641571, 0.026741674169898033, -0.11099052429199219], [0.0, 0.0, 0.0, 1.0]]], "view": [[0.0, -2.0, 100.0], [-2.0, 0.0, 100.0], [0.0, 0.0, 1.0]], "bev": "bev_e4d098ea95664f45999c5009953b45ad.png", "aux": "aux_e4d098ea95664f45999c5009953b45ad.npz", "visibility": "visibility_e4d098ea95664f45999c5009953b45ad.png", "pose": [[0.2079041749238968, 0.9781491756439209, 0.0, 129.46063232421875], [-0.9781491756439209, 0.2079041749238968, 0.0, 1009.2243041992188], [0.0, 0.0, 1.0, 0.0], [0.0, 0.0, 0.0, 1.0]], "pose_inverse": [[0.2079041749238968, -0.9781491756439209, 0.0, 960.2565307617188], [0.9781491756439209, 0.2079041749238968, 0.0, -336.4537658691406], [0.0, 0.0, 1.0, 0.0], [0.0, 0.0, 0.0, 1.0]], "cam_ids": [0, 1, 2, 3, 4, 5], "cam_channels": ["CAM_FRONT_LEFT", "CAM_FRONT", "CAM_FRONT_RIGHT", "CAM_BACK_LEFT", "CAM_BACK", "CAM_BACK_RIGHT"], "token": "e4d098ea95664f45999c5009953b45ad", "scene": "scene-0362"}, {"images": ["samples/CAM_FRONT_LEFT/n015-2018-08-03-15-00-36+0800__CAM_FRONT_LEFT__1533279680604844.jpg", "samples/CAM_FRONT/n015-2018-08-03-15-00-36+0800__CAM_FRONT__1533279680612460.jpg", "samples/CAM_FRONT_RIGHT/n015-2018-08-03-15-00-36+0800__CAM_FRONT_RIGHT__1533279680620339.jpg", "samples/CAM_BACK_LEFT/n015-2018-08-03-15-00-36+0800__CAM_BACK_LEFT__1533279680647423.jpg", "samples/CAM_BACK/n015-2018-08-03-15-00-36+0800__CAM_BACK__1533279680637525.jpg", "samples/CAM_BACK_RIGHT/n015-2018-08-03-15-00-36+0800__CAM_BACK_RIGHT__1533279680627893.jpg"], "intrinsics": [[[1272.5979470598488, 0.0, 826.6154927353808], [0.0, 1272.5979470598488, 479.75165386361925], [0.0, 0.0, 1.0]], [[1266.417203046554, 0.0, 816.2670197447984], [0.0, 1266.417203046554, 491.50706579294757], [0.0, 0.0, 1.0]], [[1260.8474446004698, 0.0, 807.968244525554], [0.0, 1260.8474446004698, 495.3344268742088], [0.0, 0.0, 1.0]], [[1256.7414812095406, 0.0, 792.1125740759628], [0.0, 1256.7414812095406, 492.7757465151356], [0.0, 0.0, 1.0]], [[809.2209905677063, 0.0, 829.2196003259838], [0.0, 809.2209905677063, 481.77842384512485], [0.0, 0.0, 1.0]], [[1259.5137405846733, 0.0, 807.2529053838625], [0.0, 1259.5137405846733, 501.19579884916527], [0.0, 0.0, 1.0]]], "extrinsics": [[[0.8201583623886108, -0.57187420129776, -0.017324114218354225, -0.741455078125], [-0.03695569932460785, -0.022735299542546272, -0.9990582466125488, 1.4982147216796875], [0.5709417462348938, 0.8200263381004333, -0.03978055343031883, -1.1256103515625], [0.0, 0.0, 0.0, 1.0]], [[0.005920908413827419, -0.9996210932731628, 0.026881175115704536, 0.007049560546875], [-0.04181091487407684, -0.02710561268031597, -0.9987577795982361, 1.5110836029052734], [0.9991080164909363, 0.0047896248288452625, -0.04195556417107582, -1.46612548828125], [0.0, 0.0, 0.0, 1.0]], [[-0.8325121998786926, -0.5528725385665894, 0.03543185070157051, 0.88323974609375], [-0.03573904186487198, -0.010226902551949024, -0.9993088245391846, 1.4972362518310547], [0.5528527498245239, -0.8332030773162842, -0.011245115660130978, -1.14910888671875], [0.0, 0.0, 0.0, 1.0]], [[0.9470230340957642, 0.3189179003238678, -0.03793161362409592, -1.12548828125], [-0.025969792157411575, -0.041677989065647125, -0.9987934827804565, 1.5881004333496094], [-0.32011401653289795, 0.9468654990196228, -0.031187785789370537, -0.1094970703125], [0.0, 0.0, 0.0, 1.0]], [[0.0015714826295152307, 0.9995070695877075, -0.03135662153363228, 0.002716064453125], [-0.05163052678108215, -0.031233739107847214, -0.9981777667999268, 1.5753974914550781], [-0.9986650943756104, 0.003187592141330242, 0.05155598744750023, -0.0748291015625], [0.0, 0.0, 0.0, 1.0]], [[-0.9347597360610962, 0.3550545275211334, 0.012670301832258701, 1.01055908203125], [-0.019442664459347725, -0.015512652695178986, -0.999690592288971, 1.5488433837890625], [-0.3547481596469879, -0.9347168803215027, 0.021403806284070015, -0.11095428466796875], [0.0, 0.0, 0.0, 1.0]]], "view": [[0.0, -2.0, 100.0], [-2.0, 0.0, 100.0], [0.0, 0.0, 1.0]], "bev": "bev_bfb240c35d3c4a52bd06ecf4968811d0.png", "aux": "aux_bfb240c35d3c4a52bd06ecf4968811d0.npz", "visibility": "visibility_bfb240c35d3c4a52bd06ecf4968811d0.png", "pose": [[0.20796021819114685, 0.9781373143196106, 0.0, 130.0587158203125], [-0.9781373143196106, 0.20796021819114685, 0.0, 1006.3134155273438], [0.0, 0.0, 1.0, 0.0], [0.0, 0.0, 0.0, 1.0]], "pose_inverse": [[0.20796021819114685, -0.9781373143196106, 0.0, 957.265625], [0.9781373143196106, 0.20796021819114685, 0.0, -336.4884338378906], [0.0, 0.0, 1.0, 0.0], [0.0, 0.0, 0.0, 1.0]], "cam_ids": [0, 1, 2, 3, 4, 5], "cam_channels": ["CAM_FRONT_LEFT", "CAM_FRONT", "CAM_FRONT_RIGHT", "CAM_BACK_LEFT", "CAM_BACK", "CAM_BACK_RIGHT"], "token": "bfb240c35d3c4a52bd06ecf4968811d0", "scene": "scene-0362"}, {"images": ["samples/CAM_FRONT_LEFT/n015-2018-08-03-15-00-36+0800__CAM_FRONT_LEFT__1533279681104844.jpg", "samples/CAM_FRONT/n015-2018-08-03-15-00-36+0800__CAM_FRONT__1533279681112460.jpg", "samples/CAM_FRONT_RIGHT/n015-2018-08-03-15-00-36+0800__CAM_FRONT_RIGHT__1533279681120339.jpg", "samples/CAM_BACK_LEFT/n015-2018-08-03-15-00-36+0800__CAM_BACK_LEFT__1533279681147423.jpg", "samples/CAM_BACK/n015-2018-08-03-15-00-36+0800__CAM_BACK__1533279681137525.jpg", "samples/CAM_BACK_RIGHT/n015-2018-08-03-15-00-36+0800__CAM_BACK_RIGHT__1533279681127893.jpg"], "intrinsics": [[[1272.5979470598488, 0.0, 826.6154927353808], [0.0, 1272.5979470598488, 479.75165386361925], [0.0, 0.0, 1.0]], [[1266.417203046554, 0.0, 816.2670197447984], [0.0, 1266.417203046554, 491.50706579294757], [0.0, 0.0, 1.0]], [[1260.8474446004698, 0.0, 807.968244525554], [0.0, 1260.8474446004698, 495.3344268742088], [0.0, 0.0, 1.0]], [[1256.7414812095406, 0.0, 792.1125740759628], [0.0, 1256.7414812095406, 492.7757465151356], [0.0, 0.0, 1.0]], [[809.2209905677063, 0.0, 829.2196003259838], [0.0, 809.2209905677063, 481.77842384512485], [0.0, 0.0, 1.0]], [[1259.5137405846733, 0.0, 807.2529053838625], [0.0, 1259.5137405846733, 501.19579884916527], [0.0, 0.0, 1.0]]], "extrinsics": [[[0.8202380537986755, -0.5716259479522705, -0.021290581673383713, -0.7310791015625], [-0.03780818358063698, -0.017038144171237946, -0.9991397261619568, 1.4975547790527344], [0.5707714557647705, 0.8203373551368713, -0.03558747470378876, -1.119964599609375], [0.0, 0.0, 0.0, 1.0]], [[0.0060373409651219845, -0.9997632503509521, 0.020902205258607864, 0.008209228515625], [-0.04255788400769234, -0.021140534430742264, -0.998870313167572, 1.5105228424072266], [0.9990757703781128, 0.005140954628586769, -0.0426754429936409, -1.45654296875], [0.0, 0.0, 0.0, 1.0]], [[-0.8324757218360901, -0.5531070232391357, 0.03250683844089508, 0.87762451171875], [-0.03637869283556938, -0.003978770691901445, -0.9993301033973694, 1.4968585968017578], [0.5528659820556641, -0.8331006169319153, -0.01680908165872097, -1.1444091796875], [0.0, 0.0, 0.0, 1.0]], [[0.9471293091773987, 0.3189304769039154, -0.03506407141685486, -1.1259765625], [-0.025231581181287766, -0.034910306334495544, -0.9990718960762024, 1.5881223678588867], [-0.3198585510253906, 0.9471349716186523, -0.025017455220222473, -0.10919189453125], [0.0, 0.0, 0.0, 1.0]], [[0.0016750972718000412, 0.9996941685676575, -0.024673258885741234, 0.002349853515625], [-0.05162380263209343, -0.024553945288062096, -0.9983647465705872, 1.5752716064453125], [-0.9986651539802551, 0.002946068998426199, 0.05156688764691353, -0.077392578125], [0.0, 0.0, 0.0, 1.0]], [[-0.9347416758537292, 0.3549942672252655, 0.015396632254123688, 1.0054931640625], [-0.01990513689815998, -0.009051433764398098, -0.9997609257698059, 1.5486822128295898], [-0.3547700345516205, -0.9348246455192566, 0.015526961535215378, -0.11220645904541016], [0.0, 0.0, 0.0, 1.0]]], "view": [[0.0, -2.0, 100.0], [-2.0, 0.0, 100.0], [0.0, 0.0, 1.0]], "bev": "bev_497dddd2036749619a3f60901ef1ccd9.png", "aux": "aux_497dddd2036749619a3f60901ef1ccd9.npz", "visibility": "visibility_497dddd2036749619a3f60901ef1ccd9.png", "pose": [[0.21617969870567322, 0.9763535857200623, 0.0, 130.70037841796875], [-0.9763535857200623, 0.21617969870567322, 0.0, 1003.2880859375], [0.0, 0.0, 1.0, 0.0], [0.0, 0.0, 0.0, 1.0]], "pose_inverse": [[0.21617969870567322, -0.9763535857200623, 0.0, 951.3091430664062], [0.9763535857200623, 0.21617969870567322, 0.0, -344.50030517578125], [0.0, 0.0, 1.0, 0.0], [0.0, 0.0, 0.0, 1.0]], "cam_ids": [0, 1, 2, 3, 4, 5], "cam_channels": ["CAM_FRONT_LEFT", "CAM_FRONT", "CAM_FRONT_RIGHT", "CAM_BACK_LEFT", "CAM_BACK", "CAM_BACK_RIGHT"], "token": "497dddd2036749619a3f60901ef1ccd9", "scene": "scene-0362"}, {"images": ["samples/CAM_FRONT_LEFT/n015-2018-08-03-15-00-36+0800__CAM_FRONT_LEFT__1533279681604844.jpg", "samples/CAM_FRONT/n015-2018-08-03-15-00-36+0800__CAM_FRONT__1533279681612460.jpg", "samples/CAM_FRONT_RIGHT/n015-2018-08-03-15-00-36+0800__CAM_FRONT_RIGHT__1533279681620339.jpg", "samples/CAM_BACK_LEFT/n015-2018-08-03-15-00-36+0800__CAM_BACK_LEFT__1533279681647423.jpg", "samples/CAM_BACK/n015-2018-08-03-15-00-36+0800__CAM_BACK__1533279681637525.jpg", "samples/CAM_BACK_RIGHT/n015-2018-08-03-15-00-36+0800__CAM_BACK_RIGHT__1533279681627893.jpg"], "intrinsics": [[[1272.5979470598488, 0.0, 826.6154927353808], [0.0, 1272.5979470598488, 479.75165386361925], [0.0, 0.0, 1.0]], [[1266.417203046554, 0.0, 816.2670197447984], [0.0, 1266.417203046554, 491.50706579294757], [0.0, 0.0, 1.0]], [[1260.8474446004698, 0.0, 807.968244525554], [0.0, 1260.8474446004698, 495.3344268742088], [0.0, 0.0, 1.0]], [[1256.7414812095406, 0.0, 792.1125740759628], [0.0, 1256.7414812095406, 492.7757465151356], [0.0, 0.0, 1.0]], [[809.2209905677063, 0.0, 829.2196003259838], [0.0, 809.2209905677063, 481.77842384512485], [0.0, 0.0, 1.0]], [[1259.5137405846733, 0.0, 807.2529053838625], [0.0, 1259.5137405846733, 501.19579884916527], [0.0, 0.0, 1.0]]], "extrinsics": [[[0.8205720782279968, -0.5715236067771912, 0.004708356689661741, -0.7335205078125], [-0.009444886818528175, -0.021796541288495064, -0.9997177720069885, 1.5056241750717163], [0.5714649558067322, 0.8202959895133972, -0.023283611983060837, -1.1207733154296875], [0.0, 0.0, 0.0, 1.0]], [[0.005529829300940037, -0.9996495246887207, 0.025887692347168922, 0.00750732421875], [-0.014658388681709766, -0.02596634067595005, -0.9995554089546204, 1.5171284675598145], [0.9998772144317627, 0.005147923715412617, -0.014796841889619827, -1.45794677734375], [0.0, 0.0, 0.0, 1.0]], [[-0.8330264091491699, -0.5530951023101807, 0.012360858730971813, 0.87799072265625], [-0.008944092318415642, -0.008875888772308826, -0.9999205470085144, 1.5019891262054443], [0.5531609058380127, -0.8330708146095276, 0.0024469189811497927, -1.14508056640625], [0.0, 0.0, 0.0, 1.0]], [[0.9477042555809021, 0.31889379024505615, -0.012777344323694706, -1.1240234375], [-0.000116477589472197, -0.03968998044729233, -0.9992120265960693, 1.5885601043701172], [-0.3191496729850769, 0.9469590187072754, -0.037577226758003235, -0.1099853515625], [0.0, 0.0, 0.0, 1.0]], [[0.00233849068172276, 0.9995609521865845, -0.029539072886109352, 0.002593994140625], [-0.025588253512978554, -0.029469668865203857, -0.9992380738258362, 1.5773077011108398], [-0.9996698498725891, 0.0030925606843084097, 0.025508103892207146, -0.07867431640625], [0.0, 0.0, 0.0, 1.0]], [[-0.9348247051239014, 0.3549233675003052, -0.011495772749185562, 1.0054931640625], [0.0069867088459432125, -0.01398335862904787, -0.9998778700828552, 1.5524330139160156], [-0.3550407588481903, -0.9347907304763794, 0.010592241771519184, -0.11253738403320312], [0.0, 0.0, 0.0, 1.0]]], "view": [[0.0, -2.0, 100.0], [-2.0, 0.0, 100.0], [0.0, 0.0, 1.0]], "bev": "bev_355cfebc62ae46b98d680a18fb0cc357.png", "aux": "aux_355cfebc62ae46b98d680a18fb0cc357.npz", "visibility": "visibility_355cfebc62ae46b98d680a18fb0cc357.png", "pose": [[0.22113171219825745, 0.9752439260482788, 0.0, 131.36817932128906], [-0.9752439260482788, 0.22113171219825745, 0.0, 1000.2174682617188], [0.0, 0.0, 1.0, 0.0], [0.0, 0.0, 0.0, 1.0]], "pose_inverse": [[0.22113171219825745, -0.9752439260482788, 0.0, 946.4063720703125], [0.9752439260482788, 0.22113171219825745, 0.0, -349.29583740234375], [0.0, 0.0, 1.0, 0.0], [0.0, 0.0, 0.0, 1.0]], "cam_ids": [0, 1, 2, 3, 4, 5], "cam_channels": ["CAM_FRONT_LEFT", "CAM_FRONT", "CAM_FRONT_RIGHT", "CAM_BACK_LEFT", "CAM_BACK", "CAM_BACK_RIGHT"], "token": "355cfebc62ae46b98d680a18fb0cc357", "scene": "scene-0362"}, {"images": ["samples/CAM_FRONT_LEFT/n015-2018-08-03-15-00-36+0800__CAM_FRONT_LEFT__1533279682104844.jpg", "samples/CAM_FRONT/n015-2018-08-03-15-00-36+0800__CAM_FRONT__1533279682112460.jpg", "samples/CAM_FRONT_RIGHT/n015-2018-08-03-15-00-36+0800__CAM_FRONT_RIGHT__1533279682120339.jpg", "samples/CAM_BACK_LEFT/n015-2018-08-03-15-00-36+0800__CAM_BACK_LEFT__1533279682147423.jpg", "samples/CAM_BACK/n015-2018-08-03-15-00-36+0800__CAM_BACK__1533279682137525.jpg", "samples/CAM_BACK_RIGHT/n015-2018-08-03-15-00-36+0800__CAM_BACK_RIGHT__1533279682127893.jpg"], "intrinsics": [[[1272.5979470598488, 0.0, 826.6154927353808], [0.0, 1272.5979470598488, 479.75165386361925], [0.0, 0.0, 1.0]], [[1266.417203046554, 0.0, 816.2670197447984], [0.0, 1266.417203046554, 491.50706579294757], [0.0, 0.0, 1.0]], [[1260.8474446004698, 0.0, 807.968244525554], [0.0, 1260.8474446004698, 495.3344268742088], [0.0, 0.0, 1.0]], [[1256.7414812095406, 0.0, 792.1125740759628], [0.0, 1256.7414812095406, 492.7757465151356], [0.0, 0.0, 1.0]], [[809.2209905677063, 0.0, 829.2196003259838], [0.0, 809.2209905677063, 481.77842384512485], [0.0, 0.0, 1.0]], [[1259.5137405846733, 0.0, 807.2529053838625], [0.0, 1259.5137405846733, 501.19579884916527], [0.0, 0.0, 1.0]]], "extrinsics": [[[0.8207149505615234, -0.5712819695472717, 0.007991974242031574, -0.73626708984375], [-0.006343568209558725, -0.02309882640838623, -0.9997130632400513, 1.506537914276123], [0.571302592754364, 0.820428729057312, -0.022581519559025764, -1.12353515625], [0.0, 0.0, 0.0, 1.0]], [[0.005683314520865679, -0.9996151328086853, 0.027151672169566154, 0.008087158203125], [-0.011620614677667618, -0.027216298505663872, -0.9995620250701904, 1.5178959369659424], [0.9999163150787354, 0.005365285091102123, -0.0117708221077919, -1.46136474609375], [0.0, 0.0, 0.0, 1.0]], [[-0.8329598307609558, -0.5532329082489014, 0.010548437014222145, 0.88055419921875], [-0.005974804051220417, -0.01006979402154684, -0.9999313950538635, 1.5025639533996582], [0.553301215171814, -0.8329657316207886, 0.005082278046756983, -1.146240234375], [0.0, 0.0, 0.0, 1.0]], [[0.9477417469024658, 0.31887438893318176, -0.01022922620177269, -1.125], [0.002899206941947341, -0.04066937044262886, -0.9991684556007385, 1.5886116027832031], [-0.3190252482891083, 0.9469240307807922, -0.039468541741371155, -0.109619140625], [0.0, 0.0, 0.0, 1.0]], [[0.0023498160298913717, 0.999528706073761, -0.030609792098402977, 0.00244140625], [-0.022617824375629425, -0.03054891899228096, -0.9992773532867432, 1.5775909423828125], [-0.9997414350509644, 0.0030404389835894108, 0.022535379976034164, -0.07696533203125], [0.0, 0.0, 0.0, 1.0]], [[-0.9348344206809998, 0.3547811806201935, -0.014660298824310303, 1.0074462890625], [0.009932114742696285, -0.01514458004385233, -0.9998359680175781, 1.5528287887573242], [-0.35494503378868103, -0.934826672077179, 0.010633948259055614, -0.11142492294311523], [0.0, 0.0, 0.0, 1.0]]], "view": [[0.0, -2.0, 100.0], [-2.0, 0.0, 100.0], [0.0, 0.0, 1.0]], "bev": "bev_80d56e801c7e465995bdb116b3e678aa.png", "aux": "aux_80d56e801c7e465995bdb116b3e678aa.npz", "visibility": "visibility_80d56e801c7e465995bdb116b3e678aa.png", "pose": [[0.22528347373008728, 0.9742932319641113, 0.0, 132.03688049316406], [-0.9742932319641113, 0.22528347373008728, 0.0, 997.2431640625], [0.0, 0.0, 1.0, 0.0], [0.0, 0.0, 0.0, 1.0]], "pose_inverse": [[0.22528347373008728, -0.9742932319641113, 0.0, 941.861572265625], [0.9742932319641113, 0.22528347373008728, 0.0, -353.3050537109375], [0.0, 0.0, 1.0, 0.0], [0.0, 0.0, 0.0, 1.0]], "cam_ids": [0, 1, 2, 3, 4, 5], "cam_channels": ["CAM_FRONT_LEFT", "CAM_FRONT", "CAM_FRONT_RIGHT", "CAM_BACK_LEFT", "CAM_BACK", "CAM_BACK_RIGHT"], "token": "80d56e801c7e465995bdb116b3e678aa", "scene": "scene-0362"}, {"images": ["samples/CAM_FRONT_LEFT/n015-2018-08-03-15-00-36+0800__CAM_FRONT_LEFT__1533279682654844.jpg", "samples/CAM_FRONT/n015-2018-08-03-15-00-36+0800__CAM_FRONT__1533279682662460.jpg", "samples/CAM_FRONT_RIGHT/n015-2018-08-03-15-00-36+0800__CAM_FRONT_RIGHT__1533279682670339.jpg", "samples/CAM_BACK_LEFT/n015-2018-08-03-15-00-36+0800__CAM_BACK_LEFT__1533279682697428.jpg", "samples/CAM_BACK/n015-2018-08-03-15-00-36+0800__CAM_BACK__1533279682687525.jpg", "samples/CAM_BACK_RIGHT/n015-2018-08-03-15-00-36+0800__CAM_BACK_RIGHT__1533279682677893.jpg"], "intrinsics": [[[1272.5979470598488, 0.0, 826.6154927353808], [0.0, 1272.5979470598488, 479.75165386361925], [0.0, 0.0, 1.0]], [[1266.417203046554, 0.0, 816.2670197447984], [0.0, 1266.417203046554, 491.50706579294757], [0.0, 0.0, 1.0]], [[1260.8474446004698, 0.0, 807.968244525554], [0.0, 1260.8474446004698, 495.3344268742088], [0.0, 0.0, 1.0]], [[1256.7414812095406, 0.0, 792.1125740759628], [0.0, 1256.7414812095406, 492.7757465151356], [0.0, 0.0, 1.0]], [[809.2209905677063, 0.0, 829.2196003259838], [0.0, 809.2209905677063, 481.77842384512485], [0.0, 0.0, 1.0]], [[1259.5137405846733, 0.0, 807.2529053838625], [0.0, 1259.5137405846733, 501.19579884916527], [0.0, 0.0, 1.0]]], "extrinsics": [[[0.8209166526794434, -0.570944607257843, 0.010867387056350708, -0.74163818359375], [-0.001354130799882114, -0.0209768395870924, -0.9997790455818176, 1.507922649383545], [0.5710464715957642, 0.8207205533981323, -0.017993370071053505, -1.12725830078125], [0.0, 0.0, 0.0, 1.0]], [[0.00589343998581171, -0.9996674060821533, 0.02510615438222885, 0.008026123046875], [-0.006426429376006126, -0.025143936276435852, -0.999663233757019, 1.5191223621368408], [0.9999619126319885, 0.005730094388127327, -0.006572476588189602, -1.4664306640625], [0.0, 0.0, 0.0, 1.0]], [[-0.832851767539978, -0.5534741878509521, 0.004918409511446953, 0.8836669921875], [-0.0005596177652478218, -0.008044043555855751, -0.9999674558639526, 1.503553867340088], [0.5534958243370056, -0.8328274488449097, 0.006389761809259653, -1.14837646484375], [0.0, 0.0, 0.0, 1.0]], [[0.9477311968803406, 0.3190467059612274, -0.00385433342307806, -1.1270751953125], [0.008965227752923965, -0.038702525198459625, -0.99921053647995, 1.5887069702148438], [-0.3189440071582794, 0.9469484090805054, -0.039539918303489685, -0.10894775390625], [0.0, 0.0, 0.0, 1.0]], [[0.002348527079448104, 0.9995868802070618, -0.028646906837821007, 0.00238037109375], [-0.0167691670358181, -0.02860359102487564, -0.9994502067565918, 1.5780925750732422], [-0.9998565912246704, 0.0028275931254029274, 0.016695061698555946, -0.07470703125], [0.0, 0.0, 0.0, 1.0]], [[-0.9348115921020508, 0.35462310910224915, -0.01922619715332985, 1.0098876953125], [0.015573850832879543, -0.013150827959179878, -0.999792218208313, 1.5535602569580078], [-0.35480228066444397, -0.9349167943000793, 0.006770698353648186, -0.11050474643707275], [0.0, 0.0, 0.0, 1.0]]], "view": [[0.0, -2.0, 100.0], [-2.0, 0.0, 100.0], [0.0, 0.0, 1.0]], "bev": "bev_ca3d21f1cf0a491290745973fae2a3bd.png", "aux": "aux_ca3d21f1cf0a491290745973fae2a3bd.npz", "visibility": "visibility_ca3d21f1cf0a491290745973fae2a3bd.png", "pose": [[0.22914212942123413, 0.9733929634094238, 0.0, 132.77000427246094], [-0.9733929634094238, 0.22914212942123413, 0.0, 994.0130004882812], [0.0, 0.0, 1.0, 0.0], [0.0, 0.0, 0.0, 1.0]], "pose_inverse": [[0.22914212942123413, -0.9733929634094238, 0.0, 937.14208984375], [0.9733929634094238, 0.22914212942123413, 0.0, -357.0076599121094], [0.0, 0.0, 1.0, 0.0], [0.0, 0.0, 0.0, 1.0]], "cam_ids": [0, 1, 2, 3, 4, 5], "cam_channels": ["CAM_FRONT_LEFT", "CAM_FRONT", "CAM_FRONT_RIGHT", "CAM_BACK_LEFT", "CAM_BACK", "CAM_BACK_RIGHT"], "token": "ca3d21f1cf0a491290745973fae2a3bd", "scene": "scene-0362"}, {"images": ["samples/CAM_FRONT_LEFT/n015-2018-08-03-15-00-36+0800__CAM_FRONT_LEFT__1533279683154844.jpg", "samples/CAM_FRONT/n015-2018-08-03-15-00-36+0800__CAM_FRONT__1533279683162460.jpg", "samples/CAM_FRONT_RIGHT/n015-2018-08-03-15-00-36+0800__CAM_FRONT_RIGHT__1533279683170339.jpg", "samples/CAM_BACK_LEFT/n015-2018-08-03-15-00-36+0800__CAM_BACK_LEFT__1533279683197423.jpg", "samples/CAM_BACK/n015-2018-08-03-15-00-36+0800__CAM_BACK__1533279683187525.jpg", "samples/CAM_BACK_RIGHT/n015-2018-08-03-15-00-36+0800__CAM_BACK_RIGHT__1533279683177894.jpg"], "intrinsics": [[[1272.5979470598488, 0.0, 826.6154927353808], [0.0, 1272.5979470598488, 479.75165386361925], [0.0, 0.0, 1.0]], [[1266.417203046554, 0.0, 816.2670197447984], [0.0, 1266.417203046554, 491.50706579294757], [0.0, 0.0, 1.0]], [[1260.8474446004698, 0.0, 807.968244525554], [0.0, 1260.8474446004698, 495.3344268742088], [0.0, 0.0, 1.0]], [[1256.7414812095406, 0.0, 792.1125740759628], [0.0, 1256.7414812095406, 492.7757465151356], [0.0, 0.0, 1.0]], [[809.2209905677063, 0.0, 829.2196003259838], [0.0, 809.2209905677063, 481.77842384512485], [0.0, 0.0, 1.0]], [[1259.5137405846733, 0.0, 807.2529053838625], [0.0, 1259.5137405846733, 501.19579884916527], [0.0, 0.0, 1.0]]], "extrinsics": [[[0.8203684687614441, -0.5717626810073853, 0.009110338985919952, -0.72991943359375], [-0.0013474487932398915, -0.017864545807242393, -0.9998394846916199, 1.5078773498535156], [0.571833610534668, 0.8202245235443115, -0.015425930730998516, -1.1173095703125], [0.0, 0.0, 0.0, 1.0]], [[0.005116738844662905, -0.9997578859329224, 0.021400464698672295, 0.006927490234375], [-0.006778241600841284, -0.021434929221868515, -0.9997472763061523, 1.5189273357391357], [0.9999639391899109, 0.004970396403223276, -0.006886277347803116, -1.45343017578125], [0.0, 0.0, 0.0, 1.0]], [[-0.8331917524337769, -0.5529751777648926, 0.003136594081297517, 0.87408447265625], [-0.001280481112189591, -0.0037428115028887987, -0.9999921321868896, 1.5034024715423584], [0.5529826283454895, -0.8331893086433411, 0.0024104067124426365, -1.1431884765625], [0.0, 0.0, 0.0, 1.0]], [[0.9479315280914307, 0.31845197081565857, -0.0037711875047534704, -1.1236572265625], [0.007058507762849331, -0.03284652531147003, -0.9994354844093323, 1.5886650085449219], [-0.31839603185653687, 0.9473696947097778, -0.0333840511739254, -0.10906982421875], [0.0, 0.0, 0.0, 1.0]], [[0.002800178248435259, 0.9997252821922302, -0.023269865661859512, 0.003143310546875], [-0.018293194472789764, -0.023214852437376976, -0.9995630979537964, 1.5778422355651855], [-0.9998287558555603, 0.0032246464397758245, 0.01822316274046898, -0.08074951171875], [0.0, 0.0, 0.0, 1.0]], [[-0.9346674084663391, 0.3551405072212219, -0.01648915559053421, 1.0018310546875], [0.01446689385920763, -0.00834915041923523, -0.9998604655265808, 1.55352783203125], [-0.35522863268852234, -0.9347755908966064, 0.002665900159627199, -0.11431217193603516], [0.0, 0.0, 0.0, 1.0]]], "view": [[0.0, -2.0, 100.0], [-2.0, 0.0, 100.0], [0.0, 0.0, 1.0]], "bev": "bev_294bdaf1cc0348339561333872b51246.png", "aux": "aux_294bdaf1cc0348339561333872b51246.npz", "visibility": "visibility_294bdaf1cc0348339561333872b51246.png", "pose": [[0.23250243067741394, 0.9725958108901978, 0.0, 133.46969604492188], [-0.9725958108901978, 0.23250243067741394, 0.0, 990.9681396484375], [0.0, 0.0, 1.0, 0.0], [0.0, 0.0, 0.0, 1.0]], "pose_inverse": [[0.23250243067741394, -0.9725958108901978, 0.0, 932.7794189453125], [0.9725958108901978, 0.23250243067741394, 0.0, -360.2145690917969], [0.0, 0.0, 1.0, 0.0], [0.0, 0.0, 0.0, 1.0]], "cam_ids": [0, 1, 2, 3, 4, 5], "cam_channels": ["CAM_FRONT_LEFT", "CAM_FRONT", "CAM_FRONT_RIGHT", "CAM_BACK_LEFT", "CAM_BACK", "CAM_BACK_RIGHT"], "token": "294bdaf1cc0348339561333872b51246", "scene": "scene-0362"}, {"images": ["samples/CAM_FRONT_LEFT/n015-2018-08-03-15-00-36+0800__CAM_FRONT_LEFT__1533279683604844.jpg", "samples/CAM_FRONT/n015-2018-08-03-15-00-36+0800__CAM_FRONT__1533279683612460.jpg", "samples/CAM_FRONT_RIGHT/n015-2018-08-03-15-00-36+0800__CAM_FRONT_RIGHT__1533279683620339.jpg", "samples/CAM_BACK_LEFT/n015-2018-08-03-15-00-36+0800__CAM_BACK_LEFT__1533279683647466.jpg", "samples/CAM_BACK/n015-2018-08-03-15-00-36+0800__CAM_BACK__1533279683637525.jpg", "samples/CAM_BACK_RIGHT/n015-2018-08-03-15-00-36+0800__CAM_BACK_RIGHT__1533279683627893.jpg"], "intrinsics": [[[1272.5979470598488, 0.0, 826.6154927353808], [0.0, 1272.5979470598488, 479.75165386361925], [0.0, 0.0, 1.0]], [[1266.417203046554, 0.0, 816.2670197447984], [0.0, 1266.417203046554, 491.50706579294757], [0.0, 0.0, 1.0]], [[1260.8474446004698, 0.0, 807.968244525554], [0.0, 1260.8474446004698, 495.3344268742088], [0.0, 0.0, 1.0]], [[1256.7414812095406, 0.0, 792.1125740759628], [0.0, 1256.7414812095406, 492.7757465151356], [0.0, 0.0, 1.0]], [[809.2209905677063, 0.0, 829.2196003259838], [0.0, 809.2209905677063, 481.77842384512485], [0.0, 0.0, 1.0]], [[1259.5137405846733, 0.0, 807.2529053838625], [0.0, 1259.5137405846733, 501.19579884916527], [0.0, 0.0, 1.0]]], "extrinsics": [[[0.8204429745674133, -0.5716345906257629, 0.010350726544857025, -0.72125244140625], [-0.00545615516602993, -0.02593187242746353, -0.9996488690376282, 1.5066723823547363], [0.571702241897583, 0.8200984001159668, -0.024394549429416656, -1.1122283935546875], [0.0, 0.0, 0.0, 1.0]], [[0.005273970775306225, -0.9995438456535339, 0.029734697192907333, 0.00762939453125], [-0.010656320489943027, -0.029789600521326065, -0.9994993805885315, 1.5179343223571777], [0.9999293088912964, 0.004954488016664982, -0.010808569379150867, -1.44500732421875], [0.0, 0.0, 0.0, 1.0]], [[-0.8331366181373596, -0.5529588460922241, 0.010948403738439083, 0.86865234375], [-0.004923379048705101, -0.01237991452217102, -0.9999111890792847, 1.502686858177185], [0.5530452132225037, -0.8331166505813599, 0.0075917369686067104, -1.13885498046875], [0.0, 0.0, 0.0, 1.0]], [[0.9477705359458923, 0.3188087046146393, -0.009585609659552574, -1.12030029296875], [0.004056757315993309, -0.042100194841623306, -0.9991051554679871, 1.5886554718017578], [-0.31892696022987366, 0.9468836188316345, -0.04119465500116348, -0.1111450