[{"images": ["samples/CAM_FRONT_LEFT/n008-2018-08-28-16-16-48-0400__CAM_FRONT_LEFT__1535487510754799.jpg", "samples/CAM_FRONT/n008-2018-08-28-16-16-48-0400__CAM_FRONT__1535487510762404.jpg", "samples/CAM_FRONT_RIGHT/n008-2018-08-28-16-16-48-0400__CAM_FRONT_RIGHT__1535487510770482.jpg", "samples/CAM_BACK_LEFT/n008-2018-08-28-16-16-48-0400__CAM_BACK_LEFT__1535487510797405.jpg", "samples/CAM_BACK/n008-2018-08-28-16-16-48-0400__CAM_BACK__1535487510787558.jpg", "samples/CAM_BACK_RIGHT/n008-2018-08-28-16-16-48-0400__CAM_BACK_RIGHT__1535487510778113.jpg"], "intrinsics": [[[1257.8625342125129, 0.0, 827.2410631095686], [0.0, 1257.8625342125129, 450.915498205774], [0.0, 0.0, 1.0]], [[1252.8131021185304, 0.0, 826.588114781398], [0.0, 1252.8131021185304, 469.9846626224581], [0.0, 0.0, 1.0]], [[1256.7485116440405, 0.0, 817.7887570959712], [0.0, 1256.7485116440403, 451.9541780095127], [0.0, 0.0, 1.0]], [[1254.9860565800168, 0.0, 829.5769333630991], [0.0, 1254.9860565800168, 467.1680561863987], [0.0, 0.0, 1.0]], [[796.8910634503094, 0.0, 857.7774326863696], [0.0, 796.8910634503094, 476.8848988407415], [0.0, 0.0, 1.0]], [[1249.9629280788233, 0.0, 825.3768045375984], [0.0, 1249.9629280788233, 462.54816385708756], [0.0, 0.0, 1.0]]], "extrinsics": [[[0.8228780031204224, -0.5681372284889221, -0.009589921683073044, -0.6724853515625], [0.009787313640117645, 0.03104638122022152, -0.9994699954986572, 1.4921493530273438], [0.5681338310241699, 0.8223480582237244, 0.031107917428016663, -1.1070556640625], [0.0, 0.0, 0.0, 1.0]], [[0.010742831975221634, -0.9995813965797424, -0.026864068582654, 0.010986328125], [0.011633087880909443, 0.026988735422492027, -0.9995680451393127, 1.4839553833007812], [0.9998745918273926, 0.010425680316984653, 0.011918152682483196, -1.404052734375], [0.0, 0.0, 0.0, 1.0]], [[-0.8437585830688477, -0.5360771417617798, -0.02632204070687294, 0.87646484375], [0.019523918628692627, 0.018353918567299843, -0.999640941619873, 1.4980239868164062], [0.5363678336143494, -0.8439695239067078, -0.005019949749112129, -1.13970947265625], [0.0, 0.0, 0.0, 1.0]], [[0.9478839039802551, 0.3185804784297943, 0.004754039458930492, -1.142578125], [-0.0063072978518903255, 0.033680129796266556, -0.9994127154350281, 1.5620346069335938], [-0.31855353713035583, 0.9472972750663757, 0.03393423557281494, -0.1566925048828125], [0.0, 0.0, 0.0, 1.0]], [[0.009068544022738934, 0.9996188282966614, 0.02607668936252594, -0.028564453125], [-0.004047250375151634, 0.026114238426089287, -0.999650776386261, 1.5676641464233398], [-0.9999507069587708, 0.008959838189184666, 0.0042825257405638695, -0.05029296875], [0.0, 0.0, 0.0, 1.0]], [[-0.9238126873970032, 0.3828432857990265, 0.0009874071693047881, 0.9908447265625], [0.00031720587867312133, 0.0033445546869188547, -0.9999943375587463, 1.5478663444519043], [-0.38284435868263245, -0.9238072633743286, -0.0032111816108226776, -0.11279296875], [0.0, 0.0, 0.0, 1.0]]], "view": [[0.0, -2.0, 100.0], [-2.0, 0.0, 100.0], [0.0, 0.0, 1.0]], "bev": "bev_b88670984be0457ca1850803402213cb.png", "aux": "aux_b88670984be0457ca1850803402213cb.npz", "visibility": "visibility_b88670984be0457ca1850803402213cb.png", "pose": [[-1.0, -0.0002208659570896998, 0.0, 2072.22900390625], [0.0002208659570896998, -1.0, 0.0, 876.985595703125], [0.0, 0.0, 1.0, 0.0], [0.0, 0.0, 0.0, 1.0]], "pose_inverse": [[-1.0, 0.0002208659570896998, 0.0, 2072.03515625], [-0.0002208659570896998, -1.0, 0.0, 877.4432373046875], [0.0, 0.0, 1.0, 0.0], [0.0, 0.0, 0.0, 1.0]], "cam_ids": [0, 1, 2, 3, 4, 5], "cam_channels": ["CAM_FRONT_LEFT", "CAM_FRONT", "CAM_FRONT_RIGHT", "CAM_BACK_LEFT", "CAM_BACK", "CAM_BACK_RIGHT"], "token": "b88670984be0457ca1850803402213cb", "scene": "scene-0666"}, {"images": ["samples/CAM_FRONT_LEFT/n008-2018-08-28-16-16-48-0400__CAM_FRONT_LEFT__1535487511254799.jpg", "samples/CAM_FRONT/n008-2018-08-28-16-16-48-0400__CAM_FRONT__1535487511262404.jpg", "samples/CAM_FRONT_RIGHT/n008-2018-08-28-16-16-48-0400__CAM_FRONT_RIGHT__1535487511270482.jpg", "samples/CAM_BACK_LEFT/n008-2018-08-28-16-16-48-0400__CAM_BACK_LEFT__1535487511297405.jpg", "samples/CAM_BACK/n008-2018-08-28-16-16-48-0400__CAM_BACK__1535487511287558.jpg", "samples/CAM_BACK_RIGHT/n008-2018-08-28-16-16-48-0400__CAM_BACK_RIGHT__1535487511278113.jpg"], "intrinsics": [[[1257.8625342125129, 0.0, 827.2410631095686], [0.0, 1257.8625342125129, 450.915498205774], [0.0, 0.0, 1.0]], [[1252.8131021185304, 0.0, 826.588114781398], [0.0, 1252.8131021185304, 469.9846626224581], [0.0, 0.0, 1.0]], [[1256.7485116440405, 0.0, 817.7887570959712], [0.0, 1256.7485116440403, 451.9541780095127], [0.0, 0.0, 1.0]], [[1254.9860565800168, 0.0, 829.5769333630991], [0.0, 1254.9860565800168, 467.1680561863987], [0.0, 0.0, 1.0]], [[796.8910634503094, 0.0, 857.7774326863696], [0.0, 796.8910634503094, 476.8848988407415], [0.0, 0.0, 1.0]], [[1249.9629280788233, 0.0, 825.3768045375984], [0.0, 1249.9629280788233, 462.54816385708756], [0.0, 0.0, 1.0]]], "extrinsics": [[[0.8213598728179932, -0.57011479139328, -0.018357394263148308, -0.656005859375], [0.005047699436545372, 0.039446182548999786, -0.999208927154541, 1.4903297424316406], [0.5703879594802856, 0.8206175565719604, 0.03527728095650673, -1.0943603515625], [0.0, 0.0, 0.0, 1.0]], [[0.008527136407792568, -0.9993342161178589, -0.03547488898038864, 0.0103759765625], [0.006726202555000782, 0.03553269803524017, -0.9993458986282349, 1.4824371337890625], [0.9999409317970276, 0.008282948285341263, 0.0070247165858745575, -1.38623046875], [0.0, 0.0, 0.0, 1.0]], [[-0.8447221517562866, -0.5345380902290344, -0.026710832491517067, 0.864501953125], [0.014477618038654327, 0.027067631483078003, -0.9995287656784058, 1.496917724609375], [0.5350092053413391, -0.8447108864784241, -0.015125793404877186, -1.132904052734375], [0.0, 0.0, 0.0, 1.0]], [[0.9478815197944641, 0.3186110854148865, 0.0027591530233621597, -1.138427734375], [-0.01155333872884512, 0.043023016303777695, -0.9990072250366211, 1.5619678497314453], [-0.31841352581977844, 0.9469086527824402, 0.04446174576878548, -0.15814208984375], [0.0, 0.0, 0.0, 1.0]], [[0.009744621813297272, 0.9993337392807007, 0.03517216816544533, -0.02825927734375], [-0.009116288274526596, 0.03526115417480469, -0.9993365406990051, 1.5671186447143555], [-0.9999110102653503, 0.009417516179382801, 0.009453821927309036, -0.0576171875], [0.0, 0.0, 0.0, 1.0]], [[-0.9233691692352295, 0.3838045299053192, 0.00913617480546236, 0.9813232421875], [-0.0047940779477357864, 0.012268428690731525, -0.999913215637207, 1.5468710660934448], [-0.3838832974433899, -0.9233328104019165, -0.009488299489021301, -0.1171875], [0.0, 0.0, 0.0, 1.0]]], "view": [[0.0, -2.0, 100.0], [-2.0, 0.0, 100.0], [0.0, 0.0, 1.0]], "bev": "bev_61570710d3c547dc81b37cf222c44c4b.png", "aux": "aux_61570710d3c547dc81b37cf222c44c4b.npz", "visibility": "visibility_61570710d3c547dc81b37cf222c44c4b.png", "pose": [[-0.999983549118042, 0.00573353236541152, 0.0, 2067.3935546875], [-0.00573353236541152, -0.999983549118042, 0.0, 877.0151977539062], [0.0, 0.0, 1.0, 0.0], [0.0, 0.0, 0.0, 1.0]], "pose_inverse": [[-0.999983549118042, -0.00573353236541152, 0.0, 2072.387939453125], [0.00573353236541152, -0.999983549118042, 0.0, 865.1473388671875], [0.0, 0.0, 1.0, 0.0], [0.0, 0.0, 0.0, 1.0]], "cam_ids": [0, 1, 2, 3, 4, 5], "cam_channels": ["CAM_FRONT_LEFT", "CAM_FRONT", "CAM_FRONT_RIGHT", "CAM_BACK_LEFT", "CAM_BACK", "CAM_BACK_RIGHT"], "token": "61570710d3c547dc81b37cf222c44c4b", "scene": "scene-0666"}, {"images": ["samples/CAM_FRONT_LEFT/n008-2018-08-28-16-16-48-0400__CAM_FRONT_LEFT__1535487511654799.jpg", "samples/CAM_FRONT/n008-2018-08-28-16-16-48-0400__CAM_FRONT__1535487511662404.jpg", "samples/CAM_FRONT_RIGHT/n008-2018-08-28-16-16-48-0400__CAM_FRONT_RIGHT__1535487511670482.jpg", "samples/CAM_BACK_LEFT/n008-2018-08-28-16-16-48-0400__CAM_BACK_LEFT__1535487511697553.jpg", "samples/CAM_BACK/n008-2018-08-28-16-16-48-0400__CAM_BACK__1535487511687558.jpg", "samples/CAM_BACK_RIGHT/n008-2018-08-28-16-16-48-0400__CAM_BACK_RIGHT__1535487511678113.jpg"], "intrinsics": [[[1257.8625342125129, 0.0, 827.2410631095686], [0.0, 1257.8625342125129, 450.915498205774], [0.0, 0.0, 1.0]], [[1252.8131021185304, 0.0, 826.588114781398], [0.0, 1252.8131021185304, 469.9846626224581], [0.0, 0.0, 1.0]], [[1256.7485116440405, 0.0, 817.7887570959712], [0.0, 1256.7485116440403, 451.9541780095127], [0.0, 0.0, 1.0]], [[1254.9860565800168, 0.0, 829.5769333630991], [0.0, 1254.9860565800168, 467.1680561863987], [0.0, 0.0, 1.0]], [[796.8910634503094, 0.0, 857.7774326863696], [0.0, 796.8910634503094, 476.8848988407415], [0.0, 0.0, 1.0]], [[1249.9629280788233, 0.0, 825.3768045375984], [0.0, 1249.9629280788233, 462.54816385708756], [0.0, 0.0, 1.0]]], "extrinsics": [[[0.8217310905456543, -0.5695940256118774, -0.01791038177907467, -0.64208984375], [0.008411704562604427, 0.04354841262102127, -0.9990159273147583, 1.4917259216308594], [0.5698134899139404, 0.8207717537879944, 0.04057633876800537, -1.088623046875], [0.0, 0.0, 0.0, 1.0]], [[0.009101900272071362, -0.9991855025291443, -0.03931389003992081, 0.01336669921875], [0.010581900365650654, 0.039409562945365906, -0.9991671442985535, 1.483795166015625], [0.9999025464057922, 0.008678306825459003, 0.010931982658803463, -1.373779296875], [0.0, 0.0, 0.0, 1.0]], [[-0.8444281816482544, -0.5346936583518982, -0.03230617940425873, 0.85693359375], [0.018817441537976265, 0.030662953853607178, -0.9993525743484497, 1.4982070922851562], [0.5353381633758545, -0.8444894552230835, -0.015831096097826958, -1.12542724609375], [0.0, 0.0, 0.0, 1.0]], [[0.9478921294212341, 0.31846392154693604, 0.00901007279753685, -1.136474609375], [-0.005794011056423187, 0.04550808668136597, -0.9989471435546875, 1.561990737915039], [-0.31853872537612915, 0.9468419551849365, 0.0449819415807724, -0.1587677001953125], [0.0, 0.0, 0.0, 1.0]], [[0.009533186443150043, 0.9992280006408691, 0.03811175376176834, -0.029296875], [-0.003981294110417366, 0.03815111145377159, -0.9992640018463135, 1.5675811767578125], [-0.9999465942382812, 0.009374435059726238, 0.0043419222347438335, -0.063720703125], [0.0, 0.0, 0.0, 1.0]], [[-0.9234750270843506, 0.38361164927482605, 0.00598906772211194, 0.972412109375], [-2.819608198478818e-05, 0.015542556531727314, -0.9998792409896851, 1.5477657318115234], [-0.38365834951400757, -0.9233636856079102, -0.014342347159981728, -0.119140625], [0.0, 0.0, 0.0, 1.0]]], "view": [[0.0, -2.0, 100.0], [-2.0, 0.0, 100.0], [0.0, 0.0, 1.0]], "bev": "bev_c30ec94fdb8b42798d8ce0bb3b9dff5c.png", "aux": "aux_c30ec94fdb8b42798d8ce0bb3b9dff5c.npz", "visibility": "visibility_c30ec94fdb8b42798d8ce0bb3b9dff5c.png", "pose": [[-0.9998043179512024, 0.01978158950805664, 0.0, 2063.428466796875], [-0.01978158950805664, -0.9998043179512024, 0.0, 877.0018920898438], [0.0, 0.0, 1.0, 0.0], [0.0, 0.0, 0.0, 1.0]], "pose_inverse": [[-0.9998043179512024, -0.01978158950805664, 0.0, 2080.373291015625], [0.01978158950805664, -0.9998043179512024, 0.0, 836.0123901367188], [0.0, 0.0, 1.0, 0.0], [0.0, 0.0, 0.0, 1.0]], "cam_ids": [0, 1, 2, 3, 4, 5], "cam_channels": ["CAM_FRONT_LEFT", "CAM_FRONT", "CAM_FRONT_RIGHT", "CAM_BACK_LEFT", "CAM_BACK", "CAM_BACK_RIGHT"], "token": "c30ec94fdb8b42798d8ce0bb3b9dff5c", "scene": "scene-0666"}, {"images": ["samples/CAM_FRONT_LEFT/n008-2018-08-28-16-16-48-0400__CAM_FRONT_LEFT__1535487512154799.jpg", "samples/CAM_FRONT/n008-2018-08-28-16-16-48-0400__CAM_FRONT__1535487512162404.jpg", "samples/CAM_FRONT_RIGHT/n008-2018-08-28-16-16-48-0400__CAM_FRONT_RIGHT__1535487512170482.jpg", "samples/CAM_BACK_LEFT/n008-2018-08-28-16-16-48-0400__CAM_BACK_LEFT__1535487512197405.jpg", "samples/CAM_BACK/n008-2018-08-28-16-16-48-0400__CAM_BACK__1535487512187558.jpg", "samples/CAM_BACK_RIGHT/n008-2018-08-28-16-16-48-0400__CAM_BACK_RIGHT__1535487512178113.jpg"], "intrinsics": [[[1257.8625342125129, 0.0, 827.2410631095686], [0.0, 1257.8625342125129, 450.915498205774], [0.0, 0.0, 1.0]], [[1252.8131021185304, 0.0, 826.588114781398], [0.0, 1252.8131021185304, 469.9846626224581], [0.0, 0.0, 1.0]], [[1256.7485116440405, 0.0, 817.7887570959712], [0.0, 1256.7485116440403, 451.9541780095127], [0.0, 0.0, 1.0]], [[1254.9860565800168, 0.0, 829.5769333630991], [0.0, 1254.9860565800168, 467.1680561863987], [0.0, 0.0, 1.0]], [[796.8910634503094, 0.0, 857.7774326863696], [0.0, 796.8910634503094, 476.8848988407415], [0.0, 0.0, 1.0]], [[1249.9629280788233, 0.0, 825.3768045375984], [0.0, 1249.9629280788233, 462.54816385708756], [0.0, 0.0, 1.0]]], "extrinsics": [[[0.8217771649360657, -0.5698047876358032, -0.0022369413636624813, -0.646240234375], [0.01899569295346737, 0.03131891041994095, -0.9993289113044739, 1.496368408203125], [0.5694924592971802, 0.8211830854415894, 0.03656099736690521, -1.0906982421875], [0.0, 0.0, 0.0, 1.0]], [[0.009321503341197968, -0.9996017217636108, -0.0266347024589777, 0.0126953125], [0.02114066109061241, 0.026826906949281693, -0.9994165301322937, 1.4876174926757812], [0.999733030796051, 0.008752992376685143, 0.02138230949640274, -1.377197265625], [0.0, 0.0, 0.0, 1.0]], [[-0.8441613912582397, -0.5349955558776855, -0.034223102033138275, 0.8583984375], [0.02926594205200672, 0.01775316707789898, -0.9994139671325684, 1.5011215209960938], [0.5352895855903625, -0.8446682691574097, 0.0006706102867610753, -1.12664794921875], [0.0, 0.0, 0.0, 1.0]], [[0.9478711485862732, 0.31835323572158813, 0.013837067410349846, -1.136474609375], [0.003855647286400199, 0.03196209669113159, -0.9994816184043884, 1.5620765686035156], [-0.31863054633140564, 0.9474331736564636, 0.029068494215607643, -0.15838623046875], [0.0, 0.0, 0.0, 1.0]], [[0.009397887624800205, 0.9996475577354431, 0.024827565997838974, -0.029052734375], [0.005969165824353695, 0.02477213740348816, -0.9996752738952637, 1.5686683654785156], [-0.9999380707740784, 0.009543036110699177, -0.005734258331358433, -0.06201171875], [0.0, 0.0, 0.0, 1.0]], [[-0.9233997464179993, 0.3837462067604065, -0.008466331288218498, 0.974365234375], [0.010161807760596275, 0.002391009358689189, -0.9999455213546753, 1.5498466491699219], [-0.3837050497531891, -0.9234355092048645, -0.0061074113473296165, -0.1185302734375], [0.0, 0.0, 0.0, 1.0]]], "view": [[0.0, -2.0, 100.0], [-2.0, 0.0, 100.0], [0.0, 0.0, 1.0]], "bev": "bev_84c8d0f3931848c4b71cbd4b393d2527.png", "aux": "aux_84c8d0f3931848c4b71cbd4b393d2527.npz", "visibility": "visibility_84c8d0f3931848c4b71cbd4b393d2527.png", "pose": [[-0.9993096590042114, 0.037150830030441284, 0.0, 2058.3984375], [-0.037150830030441284, -0.9993096590042114, 0.0, 876.9112548828125], [0.0, 0.0, 1.0, 0.0], [0.0, 0.0, 0.0, 1.0]], "pose_inverse": [[-0.9993096590042114, -0.037150830030441284, 0.0, 2089.555419921875], [0.037150830030441284, -0.9993096590042114, 0.0, 799.834716796875], [0.0, 0.0, 1.0, 0.0], [0.0, 0.0, 0.0, 1.0]], "cam_ids": [0, 1, 2, 3, 4, 5], "cam_channels": ["CAM_FRONT_LEFT", "CAM_FRONT", "CAM_FRONT_RIGHT", "CAM_BACK_LEFT", "CAM_BACK", "CAM_BACK_RIGHT"], "token": "84c8d0f3931848c4b71cbd4b393d2527", "scene": "scene-0666"}, {"images": ["samples/CAM_FRONT_LEFT/n008-2018-08-28-16-16-48-0400__CAM_FRONT_LEFT__1535487512654799.jpg", "samples/CAM_FRONT/n008-2018-08-28-16-16-48-0400__CAM_FRONT__1535487512662404.jpg", "samples/CAM_FRONT_RIGHT/n008-2018-08-28-16-16-48-0400__CAM_FRONT_RIGHT__1535487512670482.jpg", "samples/CAM_BACK_LEFT/n008-2018-08-28-16-16-48-0400__CAM_BACK_LEFT__1535487512697405.jpg", "samples/CAM_BACK/n008-2018-08-28-16-16-48-0400__CAM_BACK__1535487512687558.jpg", "samples/CAM_BACK_RIGHT/n008-2018-08-28-16-16-48-0400__CAM_BACK_RIGHT__1535487512678113.jpg"], "intrinsics": [[[1257.8625342125129, 0.0, 827.2410631095686], [0.0, 1257.8625342125129, 450.915498205774], [0.0, 0.0, 1.0]], [[1252.8131021185304, 0.0, 826.588114781398], [0.0, 1252.8131021185304, 469.9846626224581], [0.0, 0.0, 1.0]], [[1256.7485116440405, 0.0, 817.7887570959712], [0.0, 1256.7485116440403, 451.9541780095127], [0.0, 0.0, 1.0]], [[1254.9860565800168, 0.0, 829.5769333630991], [0.0, 1254.9860565800168, 467.1680561863987], [0.0, 0.0, 1.0]], [[796.8910634503094, 0.0, 857.7774326863696], [0.0, 796.8910634503094, 476.8848988407415], [0.0, 0.0, 1.0]], [[1249.9629280788233, 0.0, 825.3768045375984], [0.0, 1249.9629280788233, 462.54816385708756], [0.0, 0.0, 1.0]]], "extrinsics": [[[0.8222646713256836, -0.5691037774085999, 0.00130741810426116, -0.6275634765625], [0.0164420735090971, 0.02145969867706299, -0.9996345043182373, 1.4956626892089844], [0.5688678026199341, 0.8219856023788452, 0.02700279839336872, -1.0791015625], [0.0, 0.0, 0.0, 1.0]], [[0.009915527887642384, -0.9998025298118591, -0.017219603061676025, 0.0140380859375], [0.018347224220633507, 0.01739945262670517, -0.9996802806854248, 1.4870033264160156], [0.9997825026512146, 0.009596428833901882, 0.01851612702012062, -1.357421875], [0.0, 0.0, 0.0, 1.0]], [[-0.84401535987854, -0.5356428623199463, -0.02692289836704731, 0.843505859375], [0.02632574737071991, 0.00876180175691843, -0.9996150135993958, 1.5008163452148438], [0.5356725454330444, -0.8443991541862488, 0.006706103682518005, -1.115997314453125], [0.0, 0.0, 0.0, 1.0]], [[0.9478633403778076, 0.31856289505958557, 0.008527816273272038, -1.131591796875], [0.0008823871612548828, 0.02413635142147541, -0.9997082948684692, 1.5620441436767578], [-0.31867584586143494, 0.9475943446159363, 0.022596867755055428, -0.1605072021484375], [0.0, 0.0, 0.0, 1.0]], [[0.009277022443711758, 0.9998196959495544, 0.016566231846809387, -0.02935791015625], [0.003031913423910737, 0.016538744792342186, -0.9998586177825928, 1.5683879852294922], [-0.9999523162841797, 0.009325931780040264, -0.002877936465665698, -0.071533203125], [0.0, 0.0, 0.0, 1.0]], [[-0.9235500693321228, 0.3833700716495514, -0.00909100379794836, 0.960693359375], [0.007253733463585377, -0.006237842608243227, -0.9999542236328125, 1.5493898391723633], [-0.38340917229652405, -0.9235737323760986, 0.0029800969641655684, -0.12353515625], [0.0, 0.0, 0.0, 1.0]]], "view": [[0.0, -2.0, 100.0], [-2.0, 0.0, 100.0], [0.0, 0.0, 1.0]], "bev": "bev_f49364ca219a4140b9b96c9a09f7a7ee.png", "aux": "aux_f49364ca219a4140b9b96c9a09f7a7ee.npz", "visibility": "visibility_f49364ca219a4140b9b96c9a09f7a7ee.png", "pose": [[-0.9986972808837891, 0.051026351749897, 0.0, 2053.32763671875], [-0.051026351749897, -0.9986972808837891, 0.0, 876.7178344726562], [0.0, 0.0, 1.0, 0.0], [0.0, 0.0, 0.0, 1.0]], "pose_inverse": [[-0.9986972808837891, -0.051026351749897, 0.0, 2095.388427734375], [0.051026351749897, -0.9986972808837891, 0.0, 770.8019409179688], [0.0, 0.0, 1.0, 0.0], [0.0, 0.0, 0.0, 1.0]], "cam_ids": [0, 1, 2, 3, 4, 5], "cam_channels": ["CAM_FRONT_LEFT", "CAM_FRONT", "CAM_FRONT_RIGHT", "CAM_BACK_LEFT", "CAM_BACK", "CAM_BACK_RIGHT"], "token": "f49364ca219a4140b9b96c9a09f7a7ee", "scene": "scene-0666"}, {"images": ["samples/CAM_FRONT_LEFT/n008-2018-08-28-16-16-48-0400__CAM_FRONT_LEFT__1535487513154799.jpg", "samples/CAM_FRONT/n008-2018-08-28-16-16-48-0400__CAM_FRONT__1535487513162404.jpg", "samples/CAM_FRONT_RIGHT/n008-2018-08-28-16-16-48-0400__CAM_FRONT_RIGHT__1535487513170482.jpg", "samples/CAM_BACK_LEFT/n008-2018-08-28-16-16-48-0400__CAM_BACK_LEFT__1535487513197405.jpg", "samples/CAM_BACK/n008-2018-08-28-16-16-48-0400__CAM_BACK__1535487513187558.jpg", "samples/CAM_BACK_RIGHT/n008-2018-08-28-16-16-48-0400__CAM_BACK_RIGHT__1535487513178113.jpg"], "intrinsics": [[[1257.8625342125129, 0.0, 827.2410631095686], [0.0, 1257.8625342125129, 450.915498205774], [0.0, 0.0, 1.0]], [[1252.8131021185304, 0.0, 826.588114781398], [0.0, 1252.8131021185304, 469.9846626224581], [0.0, 0.0, 1.0]], [[1256.7485116440405, 0.0, 817.7887570959712], [0.0, 1256.7485116440403, 451.9541780095127], [0.0, 0.0, 1.0]], [[1254.9860565800168, 0.0, 829.5769333630991], [0.0, 1254.9860565800168, 467.1680561863987], [0.0, 0.0, 1.0]], [[796.8910634503094, 0.0, 857.7774326863696], [0.0, 796.8910634503094, 476.8848988407415], [0.0, 0.0, 1.0]], [[1249.9629280788233, 0.0, 825.3768045375984], [0.0, 1249.9629280788233, 462.54816385708756], [0.0, 0.0, 1.0]]], "extrinsics": [[[0.8218507766723633, -0.5697025060653687, -0.0005724593647755682, -0.6298828125], [0.016965199261903763, 0.0254783034324646, -0.9995313882827759, 1.4958267211914062], [0.5694501399993896, 0.8214559555053711, 0.03060447983443737, -1.0804443359375], [0.0, 0.0, 0.0, 1.0]], [[0.009383517317473888, -0.999731183052063, -0.02120138891041279, 0.0135498046875], [0.01885233260691166, 0.021375423297286034, -0.9995937347412109, 1.4871063232421875], [0.9997782707214355, 0.00898000318557024, 0.019047841429710388, -1.361083984375], [0.0, 0.0, 0.0, 1.0]], [[-0.8441875576972961, -0.5352387428283691, -0.029440665617585182, 0.847900390625], [0.026796307414770126, 0.012716945260763168, -0.9995600581169128, 1.5007858276367188], [0.5353776812553406, -0.8446050882339478, 0.003606935264542699, -1.119354248046875], [0.0, 0.0, 0.0, 1.0]], [[0.9478930830955505, 0.31842365860939026, 0.010256689973175526, -1.134765625], [0.0013643760466948152, 0.02813652902841568, -0.9996031522750854, 1.5620613098144531], [-0.31858590245246887, 0.9475308656692505, 0.026235969737172127, -0.15918350219726562], [0.0, 0.0, 0.0, 1.0]], [[0.009402577765285969, 0.9997445940971375, 0.020547010004520416, -0.02911376953125], [0.003564239479601383, 0.02051427960395813, -0.9997831583023071, 1.5684375762939453], [-0.9999494552612305, 0.009473775513470173, -0.003370442893356085, -0.06884765625], [0.0, 0.0, 0.0, 1.0]], [[-0.9234497547149658, 0.3836367726325989, -0.007960888557136059, 0.96484375], [0.007677587680518627, -0.0022697721142321825, -0.9999679327011108, 1.5494375228881836], [-0.3836425542831421, -0.923481285572052, -0.0008493841742165387, -0.122314453125], [0.0, 0.0, 0.0, 1.0]]], "view": [[0.0, -2.0, 100.0], [-2.0, 0.0, 100.0], [0.0, 0.0, 1.0]], "bev": "bev_ff8e2be5cd2544a4809fe5114a8b9065.png", "aux": "aux_ff8e2be5cd2544a4809fe5114a8b9065.npz", "visibility": "visibility_ff8e2be5cd2544a4809fe5114a8b9065.png", "pose": [[-0.9981937408447266, 0.060076676309108734, 0.0, 2048.106689453125], [-0.060076676309108734, -0.9981937408447266, 0.0, 876.4944458007812], [0.0, 0.0, 1.0, 0.0], [0.0, 0.0, 0.0, 1.0]], "pose_inverse": [[-0.9981937408447266, -0.060076676309108734, 0.0, 2097.064208984375], [0.060076676309108734, -0.9981937408447266, 0.0, 751.8678588867188], [0.0, 0.0, 1.0, 0.0], [0.0, 0.0, 0.0, 1.0]], "cam_ids": [0, 1, 2, 3, 4, 5], "cam_channels": ["CAM_FRONT_LEFT", "CAM_FRONT", "CAM_FRONT_RIGHT", "CAM_BACK_LEFT", "CAM_BACK", "CAM_BACK_RIGHT"], "token": "ff8e2be5cd2544a4809fe5114a8b9065", "scene": "scene-0666"}, {"images": ["samples/CAM_FRONT_LEFT/n008-2018-08-28-16-16-48-0400__CAM_FRONT_LEFT__1535487513654799.jpg", "samples/CAM_FRONT/n008-2018-08-28-16-16-48-0400__CAM_FRONT__1535487513662404.jpg", "samples/CAM_FRONT_RIGHT/n008-2018-08-28-16-16-48-0400__CAM_FRONT_RIGHT__1535487513670482.jpg", "samples/CAM_BACK_LEFT/n008-2018-08-28-16-16-48-0400__CAM_BACK_LEFT__1535487513697413.jpg", "samples/CAM_BACK/n008-2018-08-28-16-16-48-0400__CAM_BACK__1535487513687558.jpg", "samples/CAM_BACK_RIGHT/n008-2018-08-28-16-16-48-0400__CAM_BACK_RIGHT__1535487513678113.jpg"], "intrinsics": [[[1257.8625342125129, 0.0, 827.2410631095686], [0.0, 1257.8625342125129, 450.915498205774], [0.0, 0.0, 1.0]], [[1252.8131021185304, 0.0, 826.588114781398], [0.0, 1252.8131021185304, 469.9846626224581], [0.0, 0.0, 1.0]], [[1256.7485116440405, 0.0, 817.7887570959712], [0.0, 1256.7485116440403, 451.9541780095127], [0.0, 0.0, 1.0]], [[1254.9860565800168, 0.0, 829.5769333630991], [0.0, 1254.9860565800168, 467.1680561863987], [0.0, 0.0, 1.0]], [[796.8910634503094, 0.0, 857.7774326863696], [0.0, 796.8910634503094, 476.8848988407415], [0.0, 0.0, 1.0]], [[1249.9629280788233, 0.0, 825.3768045375984], [0.0, 1249.9629280788233, 462.54816385708756], [0.0, 0.0, 1.0]]], "extrinsics": [[[0.8224522471427917, -0.5688294768333435, -0.002324906410649419, -0.6195068359375], [0.013763383962213993, 0.023985648527741432, -0.9996175169944763, 1.4945526123046875], [0.5686677098274231, 0.8221057057380676, 0.02755606733262539, -1.0738525390625], [0.0, 0.0, 0.0, 1.0]], [[0.010153371840715408, -0.9997572302818298, -0.01955205760896206, 0.01409912109375], [0.01565065048635006, 0.019709553569555283, -0.9996832609176636, 1.4860954284667969], [0.9998258948326111, 0.009844156913459301, 0.015846969559788704, -1.349365234375], [0.0, 0.0, 0.0, 1.0]], [[-0.8439548015594482, -0.5357959866523743, -0.025750089436769485, 0.839111328125], [0.023618154227733612, 0.010841326788067818, -0.9996622800827026, 1.5001220703125], [0.5358941555023193, -0.8442779183387756, 0.003504921216517687, -1.113494873046875], [0.0, 0.0, 0.0, 1.0]], [[0.9478768706321716, 0.3185727298259735, 0.0063917310908436775, -1.12841796875], [-0.001865053316578269, 0.025606287643313408, -0.9996703863143921, 1.5620059967041016], [-0.3186313509941101, 0.9475524425506592, 0.024865763261914253, -0.16162490844726562], [0.0, 0.0, 0.0, 1.0]], [[0.009219316765666008, 0.9997918009757996, 0.018204037100076675, -0.02935791015625], [0.00023494294146075845, 0.01820264384150505, -0.9998342394828796, 1.5680599212646484], [-0.9999575018882751, 0.009222057648003101, -6.70793087920174e-05, -0.07568359375], [0.0, 0.0, 0.0, 1.0]], [[-0.9236408472061157, 0.38321453332901, -0.0058438642881810665, 0.9566650390625], [0.004517517518252134, -0.004360964987426996, -0.9999802708625793, 1.5488166809082031], [-0.383232444524765, -0.92364901304245, 0.002296787453815341, -0.12548828125], [0.0, 0.0, 0.0, 1.0]]], "view": [[0.0, -2.0, 100.0], [-2.0, 0.0, 100.0], [0.0, 0.0, 1.0]], "bev": "bev_7460f7895a8c44189e679cc5f95c4a7a.png", "aux": "aux_7460f7895a8c44189e679cc5f95c4a7a.npz", "visibility": "visibility_7460f7895a8c44189e679cc5f95c4a7a.png", "pose": [[-0.9978262782096863, 0.06589914858341217, 0.0, 2042.854736328125], [-0.06589914858341217, -0.9978262782096863, 0.0, 876.2327270507812], [0.0, 0.0, 1.0, 0.0], [0.0, 0.0, 0.0, 1.0]], "pose_inverse": [[-0.9978262782096863, -0.06589914858341217, 0.0, 2096.1572265625], [0.06589914858341217, -0.9978262782096863, 0.0, 739.7056884765625], [0.0, 0.0, 1.0, 0.0], [0.0, 0.0, 0.0, 1.0]], "cam_ids": [0, 1, 2, 3, 4, 5], "cam_channels": ["CAM_FRONT_LEFT", "CAM_FRONT", "CAM_FRONT_RIGHT", "CAM_BACK_LEFT", "CAM_BACK", "CAM_BACK_RIGHT"], "token": "7460f7895a8c44189e679cc5f95c4a7a", "scene": "scene-0666"}, {"images": ["samples/CAM_FRONT_LEFT/n008-2018-08-28-16-16-48-0400__CAM_FRONT_LEFT__1535487514154799.jpg", "samples/CAM_FRONT/n008-2018-08-28-16-16-48-0400__CAM_FRONT__1535487514162404.jpg", "samples/CAM_FRONT_RIGHT/n008-2018-08-28-16-16-48-0400__CAM_FRONT_RIGHT__1535487514170482.jpg", "samples/CAM_BACK_LEFT/n008-2018-08-28-16-16-48-0400__CAM_BACK_LEFT__1535487514197405.jpg", "samples/CAM_BACK/n008-2018-08-28-16-16-48-0400__CAM_BACK__1535487514187558.jpg", "samples/CAM_BACK_RIGHT/n008-2018-08-28-16-16-48-0400__CAM_BACK_RIGHT__1535487514178113.jpg"], "intrinsics": [[[1257.8625342125129, 0.0, 827.2410631095686], [0.0, 1257.8625342125129, 450.915498205774], [0.0, 0.0, 1.0]], [[1252.8131021185304, 0.0, 826.588114781398], [0.0, 1252.8131021185304, 469.9846626224581], [0.0, 0.0, 1.0]], [[1256.7485116440405, 0.0, 817.7887570959712], [0.0, 1256.7485116440403, 451.9541780095127], [0.0, 0.0, 1.0]], [[1254.9860565800168, 0.0, 829.5769333630991], [0.0, 1254.9860565800168, 467.1680561863987], [0.0, 0.0, 1.0]], [[796.8910634503094, 0.0, 857.7774326863696], [0.0, 796.8910634503094, 476.8848988407415], [0.0, 0.0, 1.0]], [[1249.9629280788233, 0.0, 825.3768045375984], [0.0, 1249.9629280788233, 462.54816385708756], [0.0, 0.0, 1.0]]], "extrinsics": [[[0.822912871837616, -0.5681649446487427, -0.0017523557180538774, -0.6328125], [0.012684444896876812, 0.02145504392683506, -0.9996892809867859, 1.4939460754394531], [0.5680260062217712, 0.8226349949836731, 0.024862488731741905, -1.079833984375], [0.0, 0.0, 0.0, 1.0]], [[0.010880070738494396, -0.9997930526733398, -0.01718553900718689, 0.011474609375], [0.014674387872219086, 0.01734434999525547, -0.9997419118881226, 1.4855690002441406], [0.9998330473899841, 0.010625078342854977, 0.014860060065984726, -1.363525390625], [0.0, 0.0, 0.0, 1.0]], [[-0.8436214327812195, -0.5364094972610474, -0.02382734604179859, 0.84912109375], [0.02272670902311802, 0.008664197288453579, -0.9997041821479797, 1.4995880126953125], [0.5364571809768677, -0.8439133763313293, 0.004881519824266434, -1.121856689453125], [0.0, 0.0, 0.0, 1.0]], [[0.9478732347488403, 0.3186081349849701, 0.0050193131901323795, -1.135498046875], [-0.0027633372228592634, 0.023970339447259903, -0.9997088313102722, 1.5620174407958984], [-0.3186356723308563, 0.9475833773612976, 0.023601265624165535, -0.15894699096679688], [0.0, 0.0, 0.0, 1.0]], [[0.008971327915787697, 0.9998257756233215, 0.016367420554161072, -0.028564453125], [-0.0005710188415832818, 0.016373198479413986, -0.9998657703399658, 1.5679874420166016], [-0.9999595284461975, 0.008960776031017303, 0.0007178086671046913, -0.066162109375], [0.0, 0.0, 0.0, 1.0]], [[-0.9238309264183044, 0.38275599479675293, -0.0058431909419596195, 0.967529296875], [0.0036737110931426287, -0.006398709490895271, -0.9999727606773376, 1.548583745956421], [-0.3827829658985138, -0.9238272905349731, 0.0045051914639770985, -0.122314453125], [0.0, 0.0, 0.0, 1.0]]], "view": [[0.0, -2.0, 100.0], [-2.0, 0.0, 100.0], [0.0, 0.0, 1.0]], "bev": "bev_108f3396820442ce80ed46a191b80bfb.png", "aux": "aux_108f3396820442ce80ed46a191b80bfb.npz", "visibility": "visibility_108f3396820442ce80ed46a191b80bfb.png", "pose": [[-0.9980602860450745, 0.06225437670946121, 0.0, 2037.6527099609375], [-0.06225437670946121, -0.9980602860450745, 0.0, 875.9461059570312], [0.0, 0.0, 1.0, 0.0], [0.0, 0.0, 0.0, 1.0]], "pose_inverse": [[-0.9980602860450745, -0.06225437670946121, 0.0, 2088.231689453125], [0.06225437670946121, -0.9980602860450745, 0.0, 747.3942260742188], [0.0, 0.0, 1.0, 0.0], [0.0, 0.0, 0.0, 1.0]], "cam_ids": [0, 1, 2, 3, 4, 5], "cam_channels": ["CAM_FRONT_LEFT", "CAM_FRONT", "CAM_FRONT_RIGHT", "CAM_BACK_LEFT", "CAM_BACK", "CAM_BACK_RIGHT"], "token": "108f3396820442ce80ed46a191b80bfb", "scene": "scene-0666"}, {"images": ["samples/CAM_FRONT_LEFT/n008-2018-08-28-16-16-48-0400__CAM_FRONT_LEFT__1535487514654799.jpg", "samples/CAM_FRONT/n008-2018-08-28-16-16-48-0400__CAM_FRONT__1535487514662404.jpg", "samples/CAM_FRONT_RIGHT/n008-2018-08-28-16-16-48-0400__CAM_FRONT_RIGHT__1535487514670482.jpg", "samples/CAM_BACK_LEFT/n008-2018-08-28-16-16-48-0400__CAM_BACK_LEFT__1535487514697728.jpg", "samples/CAM_BACK/n008-2018-08-28-16-16-48-0400__CAM_BACK__1535487514687558.jpg", "samples/CAM_BACK_RIGHT/n008-2018-08-28-16-16-48-0400__CAM_BACK_RIGHT__1535487514678113.jpg"], "intrinsics": [[[1257.8625342125129, 0.0, 827.2410631095686], [0.0, 1257.8625342125129, 450.915498205774], [0.0, 0.0, 1.0]], [[1252.8131021185304, 0.0, 826.588114781398], [0.0, 1252.8131021185304, 469.9846626224581], [0.0, 0.0, 1.0]], [[1256.7485116440405, 0.0, 817.7887570959712], [0.0, 1256.7485116440403, 451.9541780095127], [0.0, 0.0, 1.0]], [[1254.9860565800168, 0.0, 829.5769333630991], [0.0, 1254.9860565800168, 467.1680561863987], [0.0, 0.0, 1.0]], [[796.8910634503094, 0.0, 857.7774326863696], [0.0, 796.8910634503094, 476.8848988407415], [0.0, 0.0, 1.0]], [[1249.9629280788233, 0.0, 825.3768045375984], [0.0, 1249.9629280788233, 462.54816385708756], [0.0, 0.0, 1.0]]], "extrinsics": [[[0.823721706867218, -0.5669689774513245, -0.005356422159820795, -0.64111328125], [0.009604362770915031, 0.023398159071803093, -0.9996801018714905, 1.4924774169921875], [0.5669128894805908, 0.8234067559242249, 0.02471894957125187, -1.085205078125], [0.0, 0.0, 0.0, 1.0]], [[0.01200564019382, -0.9997446537017822, -0.019145485013723373, 0.0113525390625], [0.011551433242857456, 0.01928425207734108, -0.9997473359107971, 1.4843101501464844], [0.9998611807823181, 0.011781448498368263, 0.01178000308573246, -1.373046875], [0.0, 0.0, 0.0, 1.0]], [[-0.8432080745697021, -0.5371285080909729, -0.02220575138926506, 0.856201171875], [0.019579177722334862, 0.010595091618597507, -0.9997521042823792, 1.4985198974609375], [0.5372306704521179, -0.8434338569641113, 0.0015826671151444316, -1.1265869140625], [0.0, 0.0, 0.0, 1.0]], [[0.9479565024375916, 0.318388432264328, 0.0026826614048331976, -1.145263671875], [-0.00579338613897562, 0.025671817362308502, -0.9996536374092102, 1.5620684623718262], [-0.3183470666408539, 0.9476125836372375, 0.026180313900113106, -0.1548919677734375], [0.0, 0.0, 0.0, 1.0]], [[0.008682393468916416, 0.9997977018356323, 0.018142390996217728, -0.02850341796875], [-0.0036156850401312113, 0.018174344673752785, -0.9998282790184021, 1.5676770210266113], [-0.9999557137489319, 0.008615302853286266, 0.0037727507296949625, -0.058837890625], [0.0, 0.0, 0.0, 1.0]], [[-0.9240939021110535, 0.38215890526771545, -0.0022240648977458477, 0.9749755859375], [0.0005449015297926962, -0.004502058494836092, -0.9999897480010986, 1.5479249954223633], [-0.38216495513916016, -0.9240856170654297, 0.00395208690315485, -0.1195068359375], [0.0, 0.0, 0.0, 1.0]]], "view": [[0.0, -2.0, 100.0], [-2.0, 0.0, 100.0], [0.0, 0.0, 1.0]], "bev": "bev_bad5909423ed4c56bc5c463ac1f7164e.png", "aux": "aux_bad5909423ed4c56bc5c463ac1f7164e.npz", "visibility": "visibility_bad5909423ed4c56bc5c463ac1f7164e.png", "pose": [[-0.9988441467285156, 0.04806572571396828, 0.0, 2032.4793701171875], [-0.04806572571396828, -0.9988441467285156, 0.0, 875.6856689453125], [0.0, 0.0, 1.0, 0.0], [0.0, 0.0, 0.0, 1.0]], "pose_inverse": [[-0.9988441467285156, -0.04806572571396828, 0.0, 2072.220703125], [0.04806572571396828, -0.9988441467285156, 0.0, 776.98095703125], [0.0, 0.0, 1.0, 0.0], [0.0, 0.0, 0.0, 1.0]], "cam_ids": [0, 1, 2, 3, 4, 5], "cam_channels": ["CAM_FRONT_LEFT", "CAM_FRONT", "CAM_FRONT_RIGHT", "CAM_BACK_LEFT", "CAM_BACK", "CAM_BACK_RIGHT"], "token": "bad5909423ed4c56bc5c463ac1f7164e", "scene": "scene-0666"}, {"images": ["samples/CAM_FRONT_LEFT/n008-2018-08-28-16-16-48-0400__CAM_FRONT_LEFT__1535487515154799.jpg", "samples/CAM_FRONT/n008-2018-08-28-16-16-48-0400__CAM_FRONT__1535487515162404.jpg", "samples/CAM_FRONT_RIGHT/n008-2018-08-28-16-16-48-0400__CAM_FRONT_RIGHT__1535487515170482.jpg", "samples/CAM_BACK_LEFT/n008-2018-08-28-16-16-48-0400__CAM_BACK_LEFT__1535487515197405.jpg", "samples/CAM_BACK/n008-2018-08-28-16-16-48-0400__CAM_BACK__1535487515187558.jpg", "samples/CAM_BACK_RIGHT/n008-2018-08-28-16-16-48-0400__CAM_BACK_RIGHT__1535487515178113.jpg"], "intrinsics": [[[1257.8625342125129, 0.0, 827.2410631095686], [0.0, 1257.8625342125129, 450.915498205774], [0.0, 0.0, 1.0]], [[1252.8131021185304, 0.0, 826.588114781398], [0.0, 1252.8131021185304, 469.9846626224581], [0.0, 0.0, 1.0]], [[1256.7485116440405, 0.0, 817.7887570959712], [0.0, 1256.7485116440403, 451.9541780095127], [0.0, 0.0, 1.0]], [[1254.9860565800168, 0.0, 829.5769333630991], [0.0, 1254.9860565800168, 467.1680561863987], [0.0, 0.0, 1.0]], [[796.8910634503094, 0.0, 857.7774326863696], [0.0, 796.8910634503094, 476.8848988407415], [0.0, 0.0, 1.0]], [[1249.9629280788233, 0.0, 825.3768045375984], [0.0, 1249.9629280788233, 462.54816385708756], [0.0, 0.0, 1.0]]], "extrinsics": [[[0.8234645128250122, -0.567314624786377, -0.007768352050334215, -0.65576171875], [0.005431475583463907, 0.021573668345808983, -0.9997524619102478, 1.4905014038085938], [0.5673418045043945, 0.8232185244560242, 0.020846504718065262, -1.097412109375], [0.0, 0.0, 0.0, 1.0]], [[0.01161116361618042, -0.999779999256134, -0.017465949058532715, 0.01251220703125], [0.007512928918004036, 0.017553862184286118, -0.9998177289962769, 1.482706069946289], [0.9999043941497803, 0.011477828957140446, 0.007715097162872553, -1.38916015625], [0.0, 0.0, 0.0, 1.0]], [[-0.8434151411056519, -0.5369623899459839, -0.017955107614398003, 0.86865234375], [0.015574873425066471, 0.008969200775027275, -0.9998384714126587, 1.4971847534179688], [0.5370365977287292, -0.8435585498809814, 0.0007983618997968733, -1.132781982421875], [0.0, 0.0, 0.0, 1.0]], [[0.9478795528411865, 0.31862422823905945, -0.0017012383323162794, -1.1484375], [-0.010174831375479698, 0.024931857362389565, -0.9996373653411865, 1.562090516090393], [-0.31846630573272705, 0.9475530982017517, 0.026874346658587456, -0.1544952392578125], [0.0, 0.0, 0.0, 1.0]], [[0.008845139294862747, 0.9998182654380798, 0.016887353733181953, -0.02899169921875], [-0.007883736863732338, 0.01695721410214901, -0.999825119972229, 1.5673052072525024], [-0.9999298453330994, 0.008710457012057304, 0.008032293058931828, -0.049560546875], [0.0, 0.0, 0.0, 1.0]], [[-0.9240309596061707, 0.38231608271598816, 0.0010088038397952914, 0.9854736328125], [-0.0035668089985847473, -0.005982126109302044, -0.9999757409095764, 1.547149658203125], [-0.3823007345199585, -0.9240122437477112, 0.006891318131238222, -0.1141357421875], [0.0, 0.0, 0.0, 1.0]]], "view": [[0.0, -2.0, 100.0], [-2.0, 0.0, 100.0], [0.0, 0.0, 1.0]], "bev": "bev_e5601b972015421a9e84cd9920d7f128.png", "aux": "aux_e5601b972015421a9e84cd9920d7f128.npz", "visibility": "visibility_e5601b972015421a9e84cd9920d7f128.png", "pose": [[-0.9996169805526733, 0.027674522250890732, 0.0, 2027.38330078125], [-0.027674522250890732, -0.9996169805526733, 0.0, 875.52392578125], [0.0, 0.0, 1.0, 0.0], [0.0, 0.0, 0.0, 1.0]], "pose_inverse": [[-0.9996169805526733, -0.027674522250890732, 0.0, 2050.83642578125], [0.027674522250890732, -0.9996169805526733, 0.0, 819.0817260742188], [0.0, 0.0, 1.0, 0.0], [0.0, 0.0, 0.0, 1.0]], "cam_ids": [0, 1, 2, 3, 4, 5], "cam_channels": ["CAM_FRONT_LEFT", "CAM_FRONT", "CAM_FRONT_RIGHT", "CAM_BACK_LEFT", "CAM_BACK", "CAM_BACK_RIGHT"], "token": "e5601b972015421a9e84cd9920d7f128", "scene": "scene-0666"}, {"images": ["samples/CAM_FRONT_LEFT/n008-2018-08-28-16-16-48-0400__CAM_FRONT_LEFT__1535487515654799.jpg", "samples/CAM_FRONT/n008-2018-08-28-16-16-48-0400__CAM_FRONT__1535487515662404.jpg", "samples/CAM_FRONT_RIGHT/n008-2018-08-28-16-16-48-0400__CAM_FRONT_RIGHT__1535487515670482.jpg", "samples/CAM_BACK_LEFT/n008-2018-08-28-16-16-48-0400__CAM_BACK_LEFT__1535487515697405.jpg", "samples/CAM_BACK/n008-2018-08-28-16-16-48-0400__CAM_BACK__1535487515687558.jpg", "samples/CAM_BACK_RIGHT/n008-2018-08-28-16-16-48-0400__CAM_BACK_RIGHT__1535487515678113.jpg"], "intrinsics": [[[1257.8625342125129, 0.0, 827.2410631095686], [0.0, 1257.8625342125129, 450.915498205774], [0.0, 0.0, 1.0]], [[1252.8131021185304, 0.0, 826.588114781398], [0.0, 1252.8131021185304, 469.9846626224581], [0.0, 0.0, 1.0]], [[1256.7485116440405, 0.0, 817.7887570959712], [0.0, 1256.7485116440403, 451.9541780095127], [0.0, 0.0, 1.0]], [[1254.9860565800168, 0.0, 829.5769333630991], [0.0, 1254.9860565800168, 467.1680561863987], [0.0, 0.0, 1.0]], [[796.8910634503094, 0.0, 857.7774326863696], [0.0, 796.8910634503094, 476.8848988407415], [0.0, 0.0, 1.0]], [[1249.9629280788233, 0.0, 825.3768045375984], [0.0, 1249.9629280788233, 462.54816385708756], [0.0, 0.0, 1.0]]], "extrinsics": [[[0.8233962655067444, -0.5674422979354858, -0.005290096625685692, -0.6746826171875], [0.004649819806218147, 0.01606859639286995, -0.9998601078987122, 1.4901409149169922], [0.56744784116745, 0.8232563734054565, 0.015869326889514923, -1.1068115234375], [0.0, 0.0, 0.0, 1.0]], [[0.011653867550194263, -0.9998644590377808, -0.011631742119789124, 0.01055908203125], [0.0064400555565953255, 0.01170734316110611, -0.9999107122421265, 1.482269287109375], [0.9999112486839294, 0.011577922850847244, 0.006575618404895067, -1.4056396484375], [0.0, 0.0, 0.0, 1.0]], [[-0.8433074951171875, -0.5372607111930847, -0.013538520783185959, 0.878173828125], [0.014270547777414322, 0.0027968331705778837, -0.9998942613601685, 1.4966754913330078], [0.5372418165206909, -0.8434115648269653, 0.005308413878083229, -1.1402587890625], [0.0, 0.0, 0.0, 1.0]], [[0.9478720426559448, 0.31860482692718506, -0.005432498175650835, -1.149169921875], [-0.011611818335950375, 0.017498843371868134, -0.9997794032096863, 1.562108039855957], [-0.3184395134449005, 0.9477260708808899, 0.02028624713420868, -0.15435791015625], [0.0, 0.0, 0.0, 1.0]], [[0.008781776763498783, 0.9999112486839294, 0.010020454414188862, -0.02874755859375], [-0.009302515536546707, 0.010102099739015102, -0.9999056458473206, 1.5672283172607422], [-0.9999181628227234, 0.008687731809914112, 0.00939040444791317,