[{"images": ["samples/CAM_FRONT_LEFT/n008-2018-08-29-16-04-13-0400__CAM_FRONT_LEFT__1535573288854799.jpg", "samples/CAM_FRONT/n008-2018-08-29-16-04-13-0400__CAM_FRONT__1535573288862404.jpg", "samples/CAM_FRONT_RIGHT/n008-2018-08-29-16-04-13-0400__CAM_FRONT_RIGHT__1535573288870482.jpg", "samples/CAM_BACK_LEFT/n008-2018-08-29-16-04-13-0400__CAM_BACK_LEFT__1535573288897405.jpg", "samples/CAM_BACK/n008-2018-08-29-16-04-13-0400__CAM_BACK__1535573288887558.jpg", "samples/CAM_BACK_RIGHT/n008-2018-08-29-16-04-13-0400__CAM_BACK_RIGHT__1535573288878113.jpg"], "intrinsics": [[[1257.8625342125129, 0.0, 827.2410631095686], [0.0, 1257.8625342125129, 450.915498205774], [0.0, 0.0, 1.0]], [[1252.8131021185304, 0.0, 826.588114781398], [0.0, 1252.8131021185304, 469.9846626224581], [0.0, 0.0, 1.0]], [[1256.7485116440405, 0.0, 817.7887570959712], [0.0, 1256.7485116440403, 451.9541780095127], [0.0, 0.0, 1.0]], [[1254.9860565800168, 0.0, 829.5769333630991], [0.0, 1254.9860565800168, 467.1680561863987], [0.0, 0.0, 1.0]], [[796.8910634503094, 0.0, 857.7774326863696], [0.0, 796.8910634503094, 476.8848988407415], [0.0, 0.0, 1.0]], [[1249.9629280788233, 0.0, 825.3768045375984], [0.0, 1249.9629280788233, 462.54816385708756], [0.0, 0.0, 1.0]]], "extrinsics": [[[0.8225347995758057, -0.5687125325202942, 0.0016323160380125046, -1.0048828125], [0.00689059728756547, 0.007095889188349247, -0.9999510645866394, 1.488295555114746], [0.5686730742454529, 0.8225058317184448, 0.009755383245646954, -1.3333740234375], [0.0, 0.0, 0.0, 1.0]], [[0.010240442119538784, -0.9999434351921082, -0.0028837299905717373, 0.005615234375], [0.008839159272611141, 0.0029742897022515535, -0.999956488609314, 1.4801645278930664], [0.999908447265625, 0.010214502923190594, 0.008869117125868797, -1.7347412109375], [0.0, 0.0, 0.0, 1.0]], [[-0.8439878225326538, -0.5362462401390076, -0.011152680031955242, 1.090576171875], [0.01684553548693657, -0.005718479864299297, -0.9998417496681213, 1.4930728673934937], [0.5360976457595825, -0.8440422415733337, 0.013859683647751808, -1.2774658203125], [0.0, 0.0, 0.0, 1.0]], [[0.9478870630264282, 0.31856611371040344, -0.005096580367535353, -1.14398193359375], [-0.00855003111064434, 0.00944324117153883, -0.9999188780784607, 1.562042236328125], [-0.3184921145439148, 0.9478535652160645, 0.01167487632483244, -0.156005859375], [0.0, 0.0, 0.0, 1.0]], [[0.009237371385097504, 0.9999555945396423, 0.0018481150036677718, -0.02880859375], [-0.006418559234589338, 0.0019074489828199148, -0.9999775290489197, 1.5680609941482544], [-0.9999366998672485, 0.009225352667272091, 0.006435894872993231, 0.044281005859375], [0.0, 0.0, 0.0, 1.0]], [[-0.9237241744995117, 0.38301247358322144, -0.0059150466695427895, 1.16082763671875], [-0.0022197505459189415, -0.020793551579117775, -0.9997813701629639, 1.5478134155273438], [-0.38305172324180603, -0.9235090613365173, 0.02005770057439804, -0.043701171875], [0.0, 0.0, 0.0, 1.0]]], "view": [[0.0, -2.0, 100.0], [-2.0, 0.0, 100.0], [0.0, 0.0, 1.0]], "bev": "bev_a91a76c51a5647afbd84ccfcb4653179.png", "aux": "aux_a91a76c51a5647afbd84ccfcb4653179.npz", "visibility": "visibility_a91a76c51a5647afbd84ccfcb4653179.png", "pose": [[-0.7823835015296936, -0.6227969527244568, 0.0, 1316.286376953125], [0.6227969527244568, -0.7823835015296936, 0.0, 1038.631591796875], [0.0, 0.0, 1.0, 0.0], [0.0, 0.0, 0.0, 1.0]], "pose_inverse": [[-0.7823835015296936, 0.6227969527244568, 0.0, 382.9841613769531], [-0.6227969527244568, -0.7823835015296936, 0.0, 1632.3873291015625], [0.0, 0.0, 1.0, 0.0], [0.0, 0.0, 0.0, 1.0]], "cam_ids": [0, 1, 2, 3, 4, 5], "cam_channels": ["CAM_FRONT_LEFT", "CAM_FRONT", "CAM_FRONT_RIGHT", "CAM_BACK_LEFT", "CAM_BACK", "CAM_BACK_RIGHT"], "token": "a91a76c51a5647afbd84ccfcb4653179", "scene": "scene-0705"}, {"images": ["samples/CAM_FRONT_LEFT/n008-2018-08-29-16-04-13-0400__CAM_FRONT_LEFT__1535573289354799.jpg", "samples/CAM_FRONT/n008-2018-08-29-16-04-13-0400__CAM_FRONT__1535573289362404.jpg", "samples/CAM_FRONT_RIGHT/n008-2018-08-29-16-04-13-0400__CAM_FRONT_RIGHT__1535573289370482.jpg", "samples/CAM_BACK_LEFT/n008-2018-08-29-16-04-13-0400__CAM_BACK_LEFT__1535573289397405.jpg", "samples/CAM_BACK/n008-2018-08-29-16-04-13-0400__CAM_BACK__1535573289387558.jpg", "samples/CAM_BACK_RIGHT/n008-2018-08-29-16-04-13-0400__CAM_BACK_RIGHT__1535573289378113.jpg"], "intrinsics": [[[1257.8625342125129, 0.0, 827.2410631095686], [0.0, 1257.8625342125129, 450.915498205774], [0.0, 0.0, 1.0]], [[1252.8131021185304, 0.0, 826.588114781398], [0.0, 1252.8131021185304, 469.9846626224581], [0.0, 0.0, 1.0]], [[1256.7485116440405, 0.0, 817.7887570959712], [0.0, 1256.7485116440403, 451.9541780095127], [0.0, 0.0, 1.0]], [[1254.9860565800168, 0.0, 829.5769333630991], [0.0, 1254.9860565800168, 467.1680561863987], [0.0, 0.0, 1.0]], [[796.8910634503094, 0.0, 857.7774326863696], [0.0, 796.8910634503094, 476.8848988407415], [0.0, 0.0, 1.0]], [[1249.9629280788233, 0.0, 825.3768045375984], [0.0, 1249.9629280788233, 462.54816385708756], [0.0, 0.0, 1.0]]], "extrinsics": [[[0.8225366473197937, -0.5687099695205688, 0.0015706454869359732, -1.00494384765625], [0.00677453214302659, 0.00703650526702404, -0.9999522566795349, 1.4882936477661133], [0.568671703338623, 0.8225080370903015, 0.00964052602648735, -1.3333740234375], [0.0, 0.0, 0.0, 1.0]], [[0.010245824232697487, -0.9999434351921082, -0.0028331270441412926, 0.00537109375], [0.008727805688977242, 0.002922594780102372, -0.9999576807022095, 1.4801664352416992], [0.9999093413352966, 0.010220677591860294, 0.008757256902754307, -1.734771728515625], [0.0, 0.0, 0.0, 1.0]], [[-0.8439833521842957, -0.5362556576728821, -0.01104265172034502, 1.0904541015625], [0.016752319410443306, -0.005776647012680769, -0.9998429417610168, 1.4930716753005981], [0.5361077189445496, -0.8440358638763428, 0.013858920894563198, -1.277587890625], [0.0, 0.0, 0.0, 1.0]], [[0.9478859901428223, 0.3185669481754303, -0.0052064391784369946, -1.14385986328125], [-0.008649072609841824, 0.009393065236508846, -0.9999184608459473, 1.5620431900024414], [-0.3184921145439148, 0.9478538036346436, 0.011658864095807076, -0.1561279296875], [0.0, 0.0, 0.0, 1.0]], [[0.00922926515340805, 0.9999557733535767, 0.0018017860129475594, -0.02880859375], [-0.006507203448563814, 0.0018618839094415307, -0.9999771118164062, 1.568061113357544], [-0.9999362230300903, 0.009217322804033756, 0.0065240999683737755, 0.044189453125], [0.0, 0.0, 0.0, 1.0]], [[-0.9237303137779236, 0.382998526096344, -0.005859127268195152, 1.16070556640625], [-0.0023027793504297733, -0.020848603919148445, -0.9997799396514893, 1.5478134155273438], [-0.38303646445274353, -0.9235135912895203, 0.020140448585152626, -0.0435791015625], [0.0, 0.0, 0.0, 1.0]]], "view": [[0.0, -2.0, 100.0], [-2.0, 0.0, 100.0], [0.0, 0.0, 1.0]], "bev": "bev_1b761a5920a841e0b13db9b394096852.png", "aux": "aux_1b761a5920a841e0b13db9b394096852.npz", "visibility": "visibility_1b761a5920a841e0b13db9b394096852.png", "pose": [[-0.7823933959007263, -0.6227844953536987, 0.0, 1316.286376953125], [0.6227844953536987, -0.7823933959007263, 0.0, 1038.631591796875], [0.0, 0.0, 1.0, 0.0], [0.0, 0.0, 0.0, 1.0]], "pose_inverse": [[-0.7823933959007263, 0.6227844953536987, 0.0, 383.0101318359375], [-0.6227844953536987, -0.7823933959007263, 0.0, 1632.3812255859375], [0.0, 0.0, 1.0, 0.0], [0.0, 0.0, 0.0, 1.0]], "cam_ids": [0, 1, 2, 3, 4, 5], "cam_channels": ["CAM_FRONT_LEFT", "CAM_FRONT", "CAM_FRONT_RIGHT", "CAM_BACK_LEFT", "CAM_BACK", "CAM_BACK_RIGHT"], "token": "1b761a5920a841e0b13db9b394096852", "scene": "scene-0705"}, {"images": ["samples/CAM_FRONT_LEFT/n008-2018-08-29-16-04-13-0400__CAM_FRONT_LEFT__1535573289854799.jpg", "samples/CAM_FRONT/n008-2018-08-29-16-04-13-0400__CAM_FRONT__1535573289862404.jpg", "samples/CAM_FRONT_RIGHT/n008-2018-08-29-16-04-13-0400__CAM_FRONT_RIGHT__1535573289870497.jpg", "samples/CAM_BACK_LEFT/n008-2018-08-29-16-04-13-0400__CAM_BACK_LEFT__1535573289897405.jpg", "samples/CAM_BACK/n008-2018-08-29-16-04-13-0400__CAM_BACK__1535573289887558.jpg", "samples/CAM_BACK_RIGHT/n008-2018-08-29-16-04-13-0400__CAM_BACK_RIGHT__1535573289878113.jpg"], "intrinsics": [[[1257.8625342125129, 0.0, 827.2410631095686], [0.0, 1257.8625342125129, 450.915498205774], [0.0, 0.0, 1.0]], [[1252.8131021185304, 0.0, 826.588114781398], [0.0, 1252.8131021185304, 469.9846626224581], [0.0, 0.0, 1.0]], [[1256.7485116440405, 0.0, 817.7887570959712], [0.0, 1256.7485116440403, 451.9541780095127], [0.0, 0.0, 1.0]], [[1254.9860565800168, 0.0, 829.5769333630991], [0.0, 1254.9860565800168, 467.1680561863987], [0.0, 0.0, 1.0]], [[796.8910634503094, 0.0, 857.7774326863696], [0.0, 796.8910634503094, 476.8848988407415], [0.0, 0.0, 1.0]], [[1249.9629280788233, 0.0, 825.3768045375984], [0.0, 1249.9629280788233, 462.54816385708756], [0.0, 0.0, 1.0]]], "extrinsics": [[[0.8225340247154236, -0.5687143802642822, 0.0013512556906789541, -1.00506591796875], [0.006527891382575035, 0.007065443322062492, -0.9999537467956543, 1.4882936477661133], [0.5686785578727722, 0.8225048184394836, 0.009524072520434856, -1.3333740234375], [0.0, 0.0, 0.0, 1.0]], [[0.010237954556941986, -0.9999434947967529, -0.0028584275860339403, 0.00537109375], [0.008462363854050636, 0.0029451160226017237, -0.9999598264694214, 1.4801654815673828], [0.9999117851257324, 0.01021325308829546, 0.008492037653923035, -1.734619140625], [0.0, 0.0, 0.0, 1.0]], [[-0.8439919352531433, -0.536246657371521, -0.010822379030287266, 1.090576171875], [0.016474055126309395, -0.005749662406742573, -0.9998477101325989, 1.4930719137191772], [0.5361028909683228, -0.8440417647361755, 0.013686826452612877, -1.277587890625], [0.0, 0.0, 0.0, 1.0]], [[0.9478856325149536, 0.31856438517570496, -0.005441207438707352, -1.14404296875], [-0.00891191978007555, 0.009438380599021912, -0.9999157190322876, 1.5620431900024414], [-0.31848612427711487, 0.9478542804718018, 0.01178552582859993, -0.15625], [0.0, 0.0, 0.0, 1.0]], [[0.00923797395080328, 0.9999555945396423, 0.0018397700041532516, -0.0286865234375], [-0.006789215840399265, 0.001902527641505003, -0.9999751448631287, 1.5680601596832275], [-0.9999342560768127, 0.009225319139659405, 0.006806490011513233, 0.044219970703125], [0.0, 0.0, 0.0, 1.0]], [[-0.9237269163131714, 0.3830109238624573, -0.005580700468271971, 1.16064453125], [-0.002589860465377569, -0.020813502371311188, -0.9997800588607788, 1.5478134155273438], [-0.3830428123474121, -0.9235093593597412, 0.020217936486005783, -0.043701171875], [0.0, 0.0, 0.0, 1.0]]], "view": [[0.0, -2.0, 100.0], [-2.0, 0.0, 100.0], [0.0, 0.0, 1.0]], "bev": "bev_280b972658e847579a29a901d5c00329.png", "aux": "aux_280b972658e847579a29a901d5c00329.npz", "visibility": "visibility_280b972658e847579a29a901d5c00329.png", "pose": [[-0.7824171185493469, -0.6227547526359558, 0.0, 1316.286376953125], [0.6227547526359558, -0.7824171185493469, 0.0, 1038.631591796875], [0.0, 0.0, 1.0, 0.0], [0.0, 0.0, 0.0, 1.0]], "pose_inverse": [[-0.7824171185493469, 0.6227547526359558, 0.0, 383.0721740722656], [-0.6227547526359558, -0.7824171185493469, 0.0, 1632.36669921875], [0.0, 0.0, 1.0, 0.0], [0.0, 0.0, 0.0, 1.0]], "cam_ids": [0, 1, 2, 3, 4, 5], "cam_channels": ["CAM_FRONT_LEFT", "CAM_FRONT", "CAM_FRONT_RIGHT", "CAM_BACK_LEFT", "CAM_BACK", "CAM_BACK_RIGHT"], "token": "280b972658e847579a29a901d5c00329", "scene": "scene-0705"}, {"images": ["samples/CAM_FRONT_LEFT/n008-2018-08-29-16-04-13-0400__CAM_FRONT_LEFT__1535573290354799.jpg", "samples/CAM_FRONT/n008-2018-08-29-16-04-13-0400__CAM_FRONT__1535573290362404.jpg", "samples/CAM_FRONT_RIGHT/n008-2018-08-29-16-04-13-0400__CAM_FRONT_RIGHT__1535573290370482.jpg", "samples/CAM_BACK_LEFT/n008-2018-08-29-16-04-13-0400__CAM_BACK_LEFT__1535573290397405.jpg", "samples/CAM_BACK/n008-2018-08-29-16-04-13-0400__CAM_BACK__1535573290387558.jpg", "samples/CAM_BACK_RIGHT/n008-2018-08-29-16-04-13-0400__CAM_BACK_RIGHT__1535573290378113.jpg"], "intrinsics": [[[1257.8625342125129, 0.0, 827.2410631095686], [0.0, 1257.8625342125129, 450.915498205774], [0.0, 0.0, 1.0]], [[1252.8131021185304, 0.0, 826.588114781398], [0.0, 1252.8131021185304, 469.9846626224581], [0.0, 0.0, 1.0]], [[1256.7485116440405, 0.0, 817.7887570959712], [0.0, 1256.7485116440403, 451.9541780095127], [0.0, 0.0, 1.0]], [[1254.9860565800168, 0.0, 829.5769333630991], [0.0, 1254.9860565800168, 467.1680561863987], [0.0, 0.0, 1.0]], [[796.8910634503094, 0.0, 857.7774326863696], [0.0, 796.8910634503094, 476.8848988407415], [0.0, 0.0, 1.0]], [[1249.9629280788233, 0.0, 825.3768045375984], [0.0, 1249.9629280788233, 462.54816385708756], [0.0, 0.0, 1.0]]], "extrinsics": [[[0.8225250840187073, -0.5687264204025269, 0.0016492591239511967, -1.00494384765625], [0.006911019328981638, 0.007095343433320522, -0.9999509453773499, 1.4882946014404297], [0.5686867833137512, 0.822496235370636, 0.009766576811671257, -1.33349609375], [0.0, 0.0, 0.0, 1.0]], [[0.010230010375380516, -0.9999434351921082, -0.00289307814091444, 0.00537109375], [0.008853547275066376, 0.0029836921021342278, -0.9999563694000244, 1.4801673889160156], [0.999908447265625, 0.010203906334936619, 0.00888356938958168, -1.73468017578125], [0.0, 0.0, 0.0, 1.0]], [[-0.8439894318580627, -0.5362436175346375, -0.01116846688091755, 1.0906982421875], [0.01686149649322033, -0.005714245140552521, -0.9998414516448975, 1.4930719137191772], [0.5360947847366333, -0.8440439105033875, 0.01386463176459074, -1.277587890625], [0.0, 0.0, 0.0, 1.0]], [[0.9478868246078491, 0.3185664713382721, -0.005101228132843971, -1.14404296875], [-0.008561761118471622, 0.009463543072342873, -0.9999185800552368, 1.562042236328125], [-0.3184922933578491, 0.9478533267974854, 0.011697857640683651, -0.1561279296875], [0.0, 0.0, 0.0, 1.0]], [[0.009235357865691185, 0.9999555945396423, 0.0018762199906632304, -0.0289306640625], [-0.00642177602276206, 0.0019355714321136475, -0.9999775290489197, 1.5680607557296753], [-0.9999366998672485, 0.009223166853189468, 0.00643936637789011, 0.04425048828125], [0.0, 0.0, 0.0, 1.0]], [[-0.923725426197052, 0.3830094337463379, -0.005923868622630835, 1.16064453125], [-0.002205505268648267, -0.020782405510544777, -0.9997815489768982, 1.5478134155273438], [-0.3830488324165344, -0.9235106110572815, 0.020041966810822487, -0.043701171875], [0.0, 0.0, 0.0, 1.0]]], "view": [[0.0, -2.0, 100.0], [-2.0, 0.0, 100.0], [0.0, 0.0, 1.0]], "bev": "bev_cfba4383db7241a7b744986e246a40c9.png", "aux": "aux_cfba4383db7241a7b744986e246a40c9.npz", "visibility": "visibility_cfba4383db7241a7b744986e246a40c9.png", "pose": [[-0.7823946475982666, -0.6227829456329346, 0.0, 1316.286376953125], [0.6227829456329346, -0.7823946475982666, 0.0, 1038.631591796875], [0.0, 0.0, 1.0, 0.0], [0.0, 0.0, 0.0, 1.0]], "pose_inverse": [[-0.7823946475982666, 0.6227829456329346, 0.0, 383.013427734375], [-0.6227829456329346, -0.7823946475982666, 0.0, 1632.3804931640625], [0.0, 0.0, 1.0, 0.0], [0.0, 0.0, 0.0, 1.0]], "cam_ids": [0, 1, 2, 3, 4, 5], "cam_channels": ["CAM_FRONT_LEFT", "CAM_FRONT", "CAM_FRONT_RIGHT", "CAM_BACK_LEFT", "CAM_BACK", "CAM_BACK_RIGHT"], "token": "cfba4383db7241a7b744986e246a40c9", "scene": "scene-0705"}, {"images": ["samples/CAM_FRONT_LEFT/n008-2018-08-29-16-04-13-0400__CAM_FRONT_LEFT__1535573290854799.jpg", "samples/CAM_FRONT/n008-2018-08-29-16-04-13-0400__CAM_FRONT__1535573290862404.jpg", "samples/CAM_FRONT_RIGHT/n008-2018-08-29-16-04-13-0400__CAM_FRONT_RIGHT__1535573290870482.jpg", "samples/CAM_BACK_LEFT/n008-2018-08-29-16-04-13-0400__CAM_BACK_LEFT__1535573290897405.jpg", "samples/CAM_BACK/n008-2018-08-29-16-04-13-0400__CAM_BACK__1535573290887558.jpg", "samples/CAM_BACK_RIGHT/n008-2018-08-29-16-04-13-0400__CAM_BACK_RIGHT__1535573290878113.jpg"], "intrinsics": [[[1257.8625342125129, 0.0, 827.2410631095686], [0.0, 1257.8625342125129, 450.915498205774], [0.0, 0.0, 1.0]], [[1252.8131021185304, 0.0, 826.588114781398], [0.0, 1252.8131021185304, 469.9846626224581], [0.0, 0.0, 1.0]], [[1256.7485116440405, 0.0, 817.7887570959712], [0.0, 1256.7485116440403, 451.9541780095127], [0.0, 0.0, 1.0]], [[1254.9860565800168, 0.0, 829.5769333630991], [0.0, 1254.9860565800168, 467.1680561863987], [0.0, 0.0, 1.0]], [[796.8910634503094, 0.0, 857.7774326863696], [0.0, 796.8910634503094, 476.8848988407415], [0.0, 0.0, 1.0]], [[1249.9629280788233, 0.0, 825.3768045375984], [0.0, 1249.9629280788233, 462.54816385708756], [0.0, 0.0, 1.0]]], "extrinsics": [[[0.8225516676902771, -0.5686882138252258, 0.0015886503970250487, -1.00506591796875], [0.006874103099107742, 0.00714931869879365, -0.9999507665634155, 1.4882936477661133], [0.5686489343643188, 0.8225221037864685, 0.009789903648197651, -1.3333740234375], [0.0, 0.0, 0.0, 1.0]], [[0.010266956873238087, -0.9999428987503052, -0.002955378033220768, 0.00537109375], [0.008826394565403461, 0.0030460439156740904, -0.9999564290046692, 1.4801645278930664], [0.9999083280563354, 0.01024050172418356, 0.008857164531946182, -1.734771728515625], [0.0, 0.0, 0.0, 1.0]], [[-0.8439754843711853, -0.536264955997467, -0.011191834695637226, 1.090576171875], [0.01684379205107689, -0.005642134230583906, -0.9998422265052795, 1.4930721521377563], [0.5361171960830688, -0.8440307974815369, 0.013794558122754097, -1.2777099609375], [0.0, 0.0, 0.0, 1.0]], [[0.9478862285614014, 0.3185684382915497, -0.005084426607936621, -1.14385986328125], [-0.008559782058000565, 0.009510323405265808, -0.9999181032180786, 1.5620441436767578], [-0.31849405169487, 0.9478521347045898, 0.011741580441594124, -0.156005859375], [0.0, 0.0, 0.0, 1.0]], [[0.00922611728310585, 0.9999555349349976, 0.0019413625122979283, -0.02880859375], [-0.006425670813769102, 0.0020006929989904165, -0.9999773502349854, 1.5680596828460693], [-0.9999368786811829, 0.00921352207660675, 0.006443843711167574, 0.044189453125], [0.0, 0.0, 0.0, 1.0]], [[-0.923731803894043, 0.3829946517944336, -0.005881285294890404, 1.160675048828125], [-0.0022194201592355967, -0.02070566453039646, -0.9997830986976624, 1.5478096008300781], [-0.3830333948135376, -0.9235184192657471, 0.019976507872343063, -0.043701171875], [0.0, 0.0, 0.0, 1.0]]], "view": [[0.0, -2.0, 100.0], [-2.0, 0.0, 100.0], [0.0, 0.0, 1.0]], "bev": "bev_484bf238d5584ae2a0accc92ccba230e.png", "aux": "aux_484bf238d5584ae2a0accc92ccba230e.npz", "visibility": "visibility_484bf238d5584ae2a0accc92ccba230e.png", "pose": [[-0.7823339700698853, -0.6228591799736023, 0.0, 1316.286376953125], [0.6228591799736023, -0.7823339700698853, 0.0, 1038.631591796875], [0.0, 0.0, 1.0, 0.0], [0.0, 0.0, 0.0, 1.0]], "pose_inverse": [[-0.7823339700698853, 0.6228591799736023, 0.0, 382.85430908203125], [-0.6228591799736023, -0.7823339700698853, 0.0, 1632.4178466796875], [0.0, 0.0, 1.0, 0.0], [0.0, 0.0, 0.0, 1.0]], "cam_ids": [0, 1, 2, 3, 4, 5], "cam_channels": ["CAM_FRONT_LEFT", "CAM_FRONT", "CAM_FRONT_RIGHT", "CAM_BACK_LEFT", "CAM_BACK", "CAM_BACK_RIGHT"], "token": "484bf238d5584ae2a0accc92ccba230e", "scene": "scene-0705"}, {"images": ["samples/CAM_FRONT_LEFT/n008-2018-08-29-16-04-13-0400__CAM_FRONT_LEFT__1535573291354799.jpg", "samples/CAM_FRONT/n008-2018-08-29-16-04-13-0400__CAM_FRONT__1535573291362404.jpg", "samples/CAM_FRONT_RIGHT/n008-2018-08-29-16-04-13-0400__CAM_FRONT_RIGHT__1535573291370482.jpg", "samples/CAM_BACK_LEFT/n008-2018-08-29-16-04-13-0400__CAM_BACK_LEFT__1535573291397405.jpg", "samples/CAM_BACK/n008-2018-08-29-16-04-13-0400__CAM_BACK__1535573291387558.jpg", "samples/CAM_BACK_RIGHT/n008-2018-08-29-16-04-13-0400__CAM_BACK_RIGHT__1535573291378113.jpg"], "intrinsics": [[[1257.8625342125129, 0.0, 827.2410631095686], [0.0, 1257.8625342125129, 450.915498205774], [0.0, 0.0, 1.0]], [[1252.8131021185304, 0.0, 826.588114781398], [0.0, 1252.8131021185304, 469.9846626224581], [0.0, 0.0, 1.0]], [[1256.7485116440405, 0.0, 817.7887570959712], [0.0, 1256.7485116440403, 451.9541780095127], [0.0, 0.0, 1.0]], [[1254.9860565800168, 0.0, 829.5769333630991], [0.0, 1254.9860565800168, 467.1680561863987], [0.0, 0.0, 1.0]], [[796.8910634503094, 0.0, 857.7774326863696], [0.0, 796.8910634503094, 476.8848988407415], [0.0, 0.0, 1.0]], [[1249.9629280788233, 0.0, 825.3768045375984], [0.0, 1249.9629280788233, 462.54816385708756], [0.0, 0.0, 1.0]]], "extrinsics": [[[0.8225297927856445, -0.5687200427055359, 0.0014855371555313468, -1.005126953125], [0.006806752644479275, 0.0072325449436903, -0.9999507069587708, 1.488297462463379], [0.5686812996864319, 0.8224993944168091, 0.00982012040913105, -1.333251953125], [0.0, 0.0, 0.0, 1.0]], [[0.010235895402729511, -0.9999430775642395, -0.0030189312528818846, 0.0054931640625], [0.00877500232309103, 0.0031087971292436123, -0.9999566674232483, 1.4801645278930664], [0.9999091029167175, 0.010208954103291035, 0.008806323632597923, -1.73468017578125], [0.0, 0.0, 0.0, 1.0]], [[-0.8439878225326538, -0.5362459421157837, -0.011171303689479828, 1.090576171875], [0.016787854954600334, -0.0055929385125637054, -0.999843418598175, 1.4930740594863892], [0.5360995531082153, -0.8440431952476501, 0.013722792267799377, -1.277587890625], [0.0, 0.0, 0.0, 1.0]], [[0.9478865265846252, 0.3185677230358124, -0.005087524186819792, -1.1439208984375], [-0.008587135933339596, 0.00958203338086605, -0.999917209148407, 1.562042236328125], [-0.318492591381073, 0.9478516578674316, 0.011818263679742813, -0.156005859375], [0.0, 0.0, 0.0, 1.0]], [[0.009233520366251469, 0.999955415725708, 0.00199488434009254, -0.02880859375], [-0.006474533583968878, 0.002054713200777769, -0.9999768733978271, 1.568061113357544], [-0.9999364614486694, 0.009220433421432972, 0.006493216846138239, 0.0443115234375], [0.0, 0.0, 0.0, 1.0]], [[-0.9237269759178162, 0.3830072283744812, -0.0058085862547159195, 1.16070556640625], [-0.002279539592564106, -0.020660193637013435, -0.999783992767334, 1.5478134155273438], [-0.3830445110797882, -0.9235143065452576, 0.019957460463047028, -0.0438232421875], [0.0, 0.0, 0.0, 1.0]]], "view": [[0.0, -2.0, 100.0], [-2.0, 0.0, 100.0], [0.0, 0.0, 1.0]], "bev": "bev_978d485eb58c4fefa0a39062c0c504e0.png", "aux": "aux_978d485eb58c4fefa0a39062c0c504e0.npz", "visibility": "visibility_978d485eb58c4fefa0a39062c0c504e0.png", "pose": [[-0.7824403643608093, -0.6227255463600159, 0.0, 1316.286376953125], [0.6227255463600159, -0.7824403643608093, 0.0, 1038.631591796875], [0.0, 0.0, 1.0, 0.0], [0.0, 0.0, 0.0, 1.0]], "pose_inverse": [[-0.7824403643608093, 0.6227255463600159, 0.0, 383.13311767578125], [-0.6227255463600159, -0.7824403643608093, 0.0, 1632.3524169921875], [0.0, 0.0, 1.0, 0.0], [0.0, 0.0, 0.0, 1.0]], "cam_ids": [0, 1, 2, 3, 4, 5], "cam_channels": ["CAM_FRONT_LEFT", "CAM_FRONT", "CAM_FRONT_RIGHT", "CAM_BACK_LEFT", "CAM_BACK", "CAM_BACK_RIGHT"], "token": "978d485eb58c4fefa0a39062c0c504e0", "scene": "scene-0705"}, {"images": ["samples/CAM_FRONT_LEFT/n008-2018-08-29-16-04-13-0400__CAM_FRONT_LEFT__1535573291854799.jpg", "samples/CAM_FRONT/n008-2018-08-29-16-04-13-0400__CAM_FRONT__1535573291862404.jpg", "samples/CAM_FRONT_RIGHT/n008-2018-08-29-16-04-13-0400__CAM_FRONT_RIGHT__1535573291870482.jpg", "samples/CAM_BACK_LEFT/n008-2018-08-29-16-04-13-0400__CAM_BACK_LEFT__1535573291897405.jpg", "samples/CAM_BACK/n008-2018-08-29-16-04-13-0400__CAM_BACK__1535573291887558.jpg", "samples/CAM_BACK_RIGHT/n008-2018-08-29-16-04-13-0400__CAM_BACK_RIGHT__1535573291878113.jpg"], "intrinsics": [[[1257.8625342125129, 0.0, 827.2410631095686], [0.0, 1257.8625342125129, 450.915498205774], [0.0, 0.0, 1.0]], [[1252.8131021185304, 0.0, 826.588114781398], [0.0, 1252.8131021185304, 469.9846626224581], [0.0, 0.0, 1.0]], [[1256.7485116440405, 0.0, 817.7887570959712], [0.0, 1256.7485116440403, 451.9541780095127], [0.0, 0.0, 1.0]], [[1254.9860565800168, 0.0, 829.5769333630991], [0.0, 1254.9860565800168, 467.1680561863987], [0.0, 0.0, 1.0]], [[796.8910634503094, 0.0, 857.7774326863696], [0.0, 796.8910634503094, 476.8848988407415], [0.0, 0.0, 1.0]], [[1249.9629280788233, 0.0, 825.3768045375984], [0.0, 1249.9629280788233, 462.54816385708756], [0.0, 0.0, 1.0]]], "extrinsics": [[[0.822533905506134, -0.568714439868927, 0.0014034092891961336, -1.00506591796875], [0.0067526292987167835, 0.007298791315406561, -0.9999505281448364, 1.488295555114746], [0.5686759948730469, 0.8225026726722717, 0.00984381977468729, -1.333251953125], [0.0, 0.0, 0.0, 1.0]], [[0.010241442359983921, -0.9999428391456604, -0.0030828327871859074, 0.0054931640625], [0.008695483207702637, 0.003171936608850956, -0.9999572038650513, 1.48016357421875], [0.9999097585678101, 0.010214187204837799, 0.00872747041285038, -1.73468017578125], [0.0, 0.0, 0.0, 1.0]], [[-0.8439865112304688, -0.5362488627433777, -0.011135864071547985, 1.0906982421875], [0.016706841066479683, -0.0055314055643975735, -0.9998451471328735, 1.4930723905563354], [0.5361042022705078, -0.8440418243408203, 0.01362745650112629, -1.2774658203125], [0.0, 0.0, 0.0, 1.0]], [[0.947886049747467, 0.31856781244277954, -0.0051620714366436005, -1.1439208984375], [-0.00867876410484314, 0.009620691649615765, -0.9999160766601562, 1.5620441436767578], [-0.3184913992881775, 0.9478512406349182, 0.011884095147252083, -0.1561279296875], [0.0, 0.0, 0.0, 1.0]], [[0.009232612326741219, 0.9999552965164185, 0.002050170674920082, -0.0289306640625], [-0.00656541995704174, 0.002110831206664443, -0.9999762177467346, 1.568061351776123], [-0.9999358654022217, 0.009218908846378326, 0.006584614980965853, 0.0443115234375], [0.0, 0.0, 0.0, 1.0]], [[-0.9237285256385803, 0.383005291223526, -0.005705985240638256, 1.160736083984375], [-0.0023643290624022484, -0.02059698849916458, -0.9997850656509399, 1.5478096008300781], [-0.38304054737091064, -0.9235164523124695, 0.019931577146053314, -0.043701171875], [0.0, 0.0, 0.0, 1.0]]], "view": [[0.0, -2.0, 100.0], [-2.0, 0.0, 100.0], [0.0, 0.0, 1.0]], "bev": "bev_9c77d17cf6c34498a699e462427846c8.png", "aux": "aux_9c77d17cf6c34498a699e462427846c8.npz", "visibility": "visibility_9c77d17cf6c34498a699e462427846c8.png", "pose": [[-0.782472550868988, -0.6226850748062134, 0.0, 1316.286376953125], [0.6226850748062134, -0.782472550868988, 0.0, 1038.631591796875], [0.0, 0.0, 1.0, 0.0], [0.0, 0.0, 0.0, 1.0]], "pose_inverse": [[-0.782472550868988, 0.6226850748062134, 0.0, 383.2175598144531], [-0.6226850748062134, -0.782472550868988, 0.0, 1632.3326416015625], [0.0, 0.0, 1.0, 0.0], [0.0, 0.0, 0.0, 1.0]], "cam_ids": [0, 1, 2, 3, 4, 5], "cam_channels": ["CAM_FRONT_LEFT", "CAM_FRONT", "CAM_FRONT_RIGHT", "CAM_BACK_LEFT", "CAM_BACK", "CAM_BACK_RIGHT"], "token": "9c77d17cf6c34498a699e462427846c8", "scene": "scene-0705"}, {"images": ["samples/CAM_FRONT_LEFT/n008-2018-08-29-16-04-13-0400__CAM_FRONT_LEFT__1535573292404799.jpg", "samples/CAM_FRONT/n008-2018-08-29-16-04-13-0400__CAM_FRONT__1535573292412404.jpg", "samples/CAM_FRONT_RIGHT/n008-2018-08-29-16-04-13-0400__CAM_FRONT_RIGHT__1535573292420482.jpg", "samples/CAM_BACK_LEFT/n008-2018-08-29-16-04-13-0400__CAM_BACK_LEFT__1535573292447405.jpg", "samples/CAM_BACK/n008-2018-08-29-16-04-13-0400__CAM_BACK__1535573292437558.jpg", "samples/CAM_BACK_RIGHT/n008-2018-08-29-16-04-13-0400__CAM_BACK_RIGHT__1535573292428113.jpg"], "intrinsics": [[[1257.8625342125129, 0.0, 827.2410631095686], [0.0, 1257.8625342125129, 450.915498205774], [0.0, 0.0, 1.0]], [[1252.8131021185304, 0.0, 826.588114781398], [0.0, 1252.8131021185304, 469.9846626224581], [0.0, 0.0, 1.0]], [[1256.7485116440405, 0.0, 817.7887570959712], [0.0, 1256.7485116440403, 451.9541780095127], [0.0, 0.0, 1.0]], [[1254.9860565800168, 0.0, 829.5769333630991], [0.0, 1254.9860565800168, 467.1680561863987], [0.0, 0.0, 1.0]], [[796.8910634503094, 0.0, 857.7774326863696], [0.0, 796.8910634503094, 476.8848988407415], [0.0, 0.0, 1.0]], [[1249.9629280788233, 0.0, 825.3768045375984], [0.0, 1249.9629280788233, 462.54816385708756], [0.0, 0.0, 1.0]]], "extrinsics": [[[0.8225505948066711, -0.5686905980110168, 0.0013096921611577272, -1.0050048828125], [0.006664180662482977, 0.00733614806085825, -0.9999508857727051, 1.4882936477661133], [0.5686530470848083, 0.8225188851356506, 0.009824206121265888, -1.333251953125], [0.0, 0.0, 0.0, 1.0]], [[0.010264328680932522, -0.9999423623085022, -0.0031327137257903814, 0.00537109375], [0.008617735467851162, 0.0032212217338383198, -0.9999576807022095, 1.4801664352416992], [0.9999102354049683, 0.010236946865916252, 0.00865030288696289, -1.734710693359375], [0.0, 0.0, 0.0, 1.0]], [[-0.8439769148826599, -0.5362644195556641, -0.011110498569905758, 1.090576171875], [0.016638077795505524, -0.005469987168908119, -0.9998465776443481, 1.493071436882019], [0.5361213684082031, -0.8440324068069458, 0.013538951054215431, -1.277587890625], [0.0, 0.0, 0.0, 1.0]], [[0.947877049446106, 0.3185940086841583, -0.005186465568840504, -1.1439208984375], [-0.008728984743356705, 0.009692521765828133, -0.9999148845672607, 1.5620441436767578], [-0.31851667165756226, 0.9478417038917542, 0.011968321166932583, -0.156005859375], [0.0, 0.0, 0.0, 1.0]], [[0.009209142066538334, 0.9999553561210632, 0.002112800721079111, -0.0286865234375], [-0.006613087374716997, 0.0021737481001764536, -0.9999757409095764, 1.5680617094039917], [-0.9999356865882874, 0.009195027872920036, 0.0066328104585409164, 0.044219970703125], [0.0, 0.0, 0.0, 1.0]], [[-0.9237363934516907, 0.38298743963241577, -0.005630564410239458, 1.160675048828125], [-0.0024209117982536554, -0.02053760550916195, -0.9997861385345459, 1.5478134155273438], [-0.38302114605903625, -0.9235252141952515, 0.019898511469364166, -0.0438232421875], [0.0, 0.0, 0.0, 1.0]]], "view": [[0.0, -2.0, 100.0], [-2.0, 0.0, 100.0], [0.0, 0.0, 1.0]], "bev": "bev_4b451a9297df491fa3dcb908937de0d5.png", "aux": "aux_4b451a9297df491fa3dcb908937de0d5.npz", "visibility": "visibility_4b451a9297df491fa3dcb908937de0d5.png", "pose": [[-0.7824129462242126, -0.622759997844696, 0.0, 1316.286376953125], [0.622759997844696, -0.7824129462242126, 0.0, 1038.631591796875], [0.0, 0.0, 1.0, 0.0], [0.0, 0.0, 0.0, 1.0]], "pose_inverse": [[-0.7824129462242126, 0.622759997844696, 0.0, 383.061279296875], [-0.622759997844696, -0.7824129462242126, 0.0, 1632.3692626953125], [0.0, 0.0, 1.0, 0.0], [0.0, 0.0, 0.0, 1.0]], "cam_ids": [0, 1, 2, 3, 4, 5], "cam_channels": ["CAM_FRONT_LEFT", "CAM_FRONT", "CAM_FRONT_RIGHT", "CAM_BACK_LEFT", "CAM_BACK", "CAM_BACK_RIGHT"], "token": "4b451a9297df491fa3dcb908937de0d5", "scene": "scene-0705"}, {"images": ["samples/CAM_FRONT_LEFT/n008-2018-08-29-16-04-13-0400__CAM_FRONT_LEFT__1535573292904799.jpg", "samples/CAM_FRONT/n008-2018-08-29-16-04-13-0400__CAM_FRONT__1535573292912404.jpg", "samples/CAM_FRONT_RIGHT/n008-2018-08-29-16-04-13-0400__CAM_FRONT_RIGHT__1535573292920482.jpg", "samples/CAM_BACK_LEFT/n008-2018-08-29-16-04-13-0400__CAM_BACK_LEFT__1535573292947405.jpg", "samples/CAM_BACK/n008-2018-08-29-16-04-13-0400__CAM_BACK__1535573292937558.jpg", "samples/CAM_BACK_RIGHT/n008-2018-08-29-16-04-13-0400__CAM_BACK_RIGHT__1535573292928113.jpg"], "intrinsics": [[[1257.8625342125129, 0.0, 827.2410631095686], [0.0, 1257.8625342125129, 450.915498205774], [0.0, 0.0, 1.0]], [[1252.8131021185304, 0.0, 826.588114781398], [0.0, 1252.8131021185304, 469.9846626224581], [0.0, 0.0, 1.0]], [[1256.7485116440405, 0.0, 817.7887570959712], [0.0, 1256.7485116440403, 451.9541780095127], [0.0, 0.0, 1.0]], [[1254.9860565800168, 0.0, 829.5769333630991], [0.0, 1254.9860565800168, 467.1680561863987], [0.0, 0.0, 1.0]], [[796.8910634503094, 0.0, 857.7774326863696], [0.0, 796.8910634503094, 476.8848988407415], [0.0, 0.0, 1.0]], [[1249.9629280788233, 0.0, 825.3768045375984], [0.0, 1249.9629280788233, 462.54816385708756], [0.0, 0.0, 1.0]]], "extrinsics": [[[0.8225336074829102, -0.568714439868927, 0.0015328542795032263, -1.0050048828125], [0.006924600340425968, 0.0073199146427214146, -0.9999492168426514, 1.4882946014404297], [0.5686743259429932, 0.8225024938583374, 0.009958993643522263, -1.333251953125], [0.0, 0.0, 0.0, 1.0]], [[0.010241094045341015, -0.9999427199363708, -0.003114294959232211, 0.00537109375], [0.0088806776329875, 0.00320528750307858, -0.999955415725708, 1.4801664352416992], [0.9999080896377563, 0.010213050059974194, 0.008912995457649231, -1.734832763671875], [0.0, 0.0, 0.0, 1.0]], [[-0.8439854383468628, -0.5362464785575867, -0.01132730208337307, 1.090576171875], [0.016904279589653015, -0.005485265050083399, -0.9998420476913452, 1.4930733442306519], [0.5360996723175049, -0.8440436720848083, 0.013694344088435173, -1.277587890625], [0.0, 0.0, 0.0, 1.0]], [[0.9478863477706909, 0.3185700476169586, -0.004965100437402725, -1.1439208984375], [-0.008492051623761654, 0.009683304466307163, -0.9999170899391174, 1.5620431900024414], [-0.3184955418109894, 0.9478498697280884, 0.011883986182510853, -0.1563720703125], [0.0, 0.0, 0.0, 1.0]], [[0.009233124554157257, 0.9999551773071289, 0.0020983819849789143, -0.02880859375], [-0.006356708239763975, 0.0021571239922195673, -0.9999774098396301, 1.568061113357544], [-0.999937117099762, 0.009219546802341938, 0.006376340053975582, 0.04425048828125], [0.0, 0.0, 0.0, 1.0]], [[-0.9237260818481445, 0.3830083906650543, -0.005883927922695875, 1.160736083984375], [-0.002151130698621273, -0.020547140389680862, -0.9997865557670593, 1.5478134155273438], [-0.38304752111434937, -0.9235162734985352, 0.019803831353783607, -0.0438232421875], [0.0, 0.0, 0.0, 1.0]]], "view": [[0.0, -2.0, 100.0], [-2.0, 0.0, 100.0], [0.0, 0.0, 1.0]], "bev": "bev_1f844bdb3a644caeaf29d4f2d3a48576.png", "aux": "aux_1f844bdb3a644caeaf29d4f2d3a48576.npz", "visibility": "visibility_1f844bdb3a644caeaf29d4f2d3a48576.png", "pose": [[-0.7824382185935974, -0.6227282285690308, 0.0, 1316.286376953125], [0.6227282285690308, -0.7824382185935974, 0.0, 1038.631591796875], [0.0, 0.0, 1.0, 0.0], [0.0, 0.0, 0.0, 1.0]], "pose_inverse": [[-0.7824382185935974, 0.6227282285690308, 0.0, 383.1275329589844], [-0.6227282285690308, -0.7824382185935974, 0.0, 1632.353759765625], [0.0, 0.0, 1.0, 0.0], [0.0, 0.0, 0.0, 1.0]], "cam_ids": [0, 1, 2, 3, 4, 5], "cam_channels": ["CAM_FRONT_LEFT", "CAM_FRONT", "CAM_FRONT_RIGHT", "CAM_BACK_LEFT", "CAM_BACK", "CAM_BACK_RIGHT"], "token": "1f844bdb3a644caeaf29d4f2d3a48576", "scene": "scene-0705"}, {"images": ["samples/CAM_FRONT_LEFT/n008-2018-08-29-16-04-13-0400__CAM_FRONT_LEFT__1535573293404799.jpg", "samples/CAM_FRONT/n008-2018-08-29-16-04-13-0400__CAM_FRONT__1535573293412404.jpg", "samples/CAM_FRONT_RIGHT/n008-2018-08-29-16-04-13-0400__CAM_FRONT_RIGHT__1535573293420482.jpg", "samples/CAM_BACK_LEFT/n008-2018-08-29-16-04-13-0400__CAM_BACK_LEFT__1535573293447405.jpg", "samples/CAM_BACK/n008-2018-08-29-16-04-13-0400__CAM_BACK__1535573293437558.jpg", "samples/CAM_BACK_RIGHT/n008-2018-08-29-16-04-13-0400__CAM_BACK_RIGHT__1535573293428113.jpg"], "intrinsics": [[[1257.8625342125129, 0.0, 827.2410631095686], [0.0, 1257.8625342125129, 450.915498205774], [0.0, 0.0, 1.0]], [[1252.8131021185304, 0.0, 826.588114781398], [0.0, 1252.8131021185304, 469.9846626224581], [0.0, 0.0, 1.0]], [[1256.7485116440405, 0.0, 817.7887570959712], [0.0, 1256.7485116440403, 451.9541780095127], [0.0, 0.0, 1.0]], [[1254.9860565800168, 0.0, 829.5769333630991], [0.0, 1254.9860565800168, 467.1680561863987], [0.0, 0.0, 1.0]], [[796.8910634503094, 0.0, 857.7774326863696], [0.0, 796.8910634503094, 476.8848988407415], [0.0, 0.0, 1.0]], [[1249.9629280788233, 0.0, 825.3768045375984], [0.0, 1249.9629280788233, 462.54816385708756], [0.0, 0.0, 1.0]]], "extrinsics": [[[0.8225416541099548, -0.5687029957771301, 0.0014705599751323462, -1.0050048828125], [0.006807672791182995, 0.007260569836944342, -0.9999504685401917, 1.488295555114746], [0.5686641335487366, 0.8225109577178955, 0.00984366424381733, -1.3333740234375], [0.0, 0.0, 0.0, 1.0]], [[0.010253552347421646, -0.9999427199363708, -0.0030608423985540867, 0.005126953125], [0.008751328103244305, 0.0031506228260695934, -0.9999567270278931, 1.4801654815673828], [0.9999090433120728, 0.010226340033113956, 0.008783131837844849, -1.7347412109375], [0.0, 0.0, 0.0, 1.0]], [[-0.8439812064170837, -0.5362562537193298, -0.011179438792169094, 1.09033203125], [0.01676112785935402, -0.005535375326871872, -0.9998441934585571, 1.4930723905563354], [0.5361108779907227, -0.8440371155738831, 0.013660011813044548, -1.277587890625], [0.0, 0.0, 0.0, 1.0]], [[0.9478854537010193, 0.3185705840587616, -0.005103138741105795, -1.14385986328125], [-0.008624262176454067, 0.009643388912081718, -0.9999163150787354, 1.5620441436767578], [-0.3184947371482849, 0.9478501677513123, 0.011888263747096062, -0.15625], [0.0, 0.0, 0.0, 1.0]], [[0.009229758754372597, 0.9999552965164185, 0.002060634782537818, -0.02880859375], [-0.006495808716863394, 0.002120634540915489, -0.999976634979248, 1.5680625438690186], [-0.9999363422393799, 0.009216087870299816, 0.00651509128510952, 0.04425048828125], [0.0, 0.0, 0.0, 1.0]], [[-0.9237298965454102, 0.38300105929374695, -0.0057650040835142136, 1.160614013671875], [-0.00229942356236279, -0.020594757050275803, -0.9997852444648743, 1.5478172302246094], [-0.3830374777317047, -0.9235183000564575, 0.01990467496216297, -0.043701171875], [0.0, 0.0, 0.0, 1.0]]], "view": [[0.0, -2.0, 100.0], [-2.0, 0.0, 100.0], [0.0, 0.0, 1.0]], "bev": "bev_092dadb7a541444493f7bd671592061c.png", "aux": "aux_092dadb7a541444493f7bd671592061c.npz", "visibility": "visibility_092dadb7a541444493f7bd671592061c.png", "pose": [[-0.7824150323867798, -0.6227573752403259, 0.0, 1316.286376953125], [0.6227573752403259, -0.7824150323867798, 0.0, 1038.631591796875], [0.0, 0.0, 1.0, 0.0], [0.0, 0.0, 0.0, 1.0]], "pose_inverse": [[-0.7824150323867798, 0.6227573752403259, 0.0, 383.0667419433594], [-0.6227573752403259, -0.7824150323867798, 0.0, 1632.3680419921875], [0.0, 0.0, 1.0, 0.0], [0.0, 0.0, 0.0, 1.0]], "cam_ids": [0, 1, 2, 3, 4, 5], "cam_channels": ["CAM_FRONT_LEFT", "CAM_FRONT", "CAM_FRONT_RIGHT", "CAM_BACK_LEFT", "CAM_BACK", "CAM_BACK_RIGHT"], "token": "092dadb7a541444493f7bd671592061c", "scene": "scene-0705"}, {"images": ["samples/CAM_FRONT_LEFT/n008-2018-08-29-16-04-13-0400__CAM_FRONT_LEFT__1535573293904799.jpg", "samples/CAM_FRONT/n008-2018-08-29-16-04-13-0400__CAM_FRONT__1535573293912404.jpg", "samples/CAM_FRONT_RIGHT/n008-2018-08-29-16-04-13-0400__CAM_FRONT_RIGHT__1535573293920482.jpg", "samples/CAM_BACK_LEFT/n008-2018-08-29-16-04-13-0400__CAM_BACK_LEFT__1535573293947405.jpg", "samples/CAM_BACK/n008-2018-08-29-16-04-13-0400__CAM_BACK__1535573293937558.jpg", "samples/CAM_BACK_RIGHT/n008-2018-08-29-16-04-13-0400__CAM_BACK_RIGHT__1535573293928113.jpg"], "intrinsics": [[[1257.8625342125129, 0.0, 827.2410631095686], [0.0, 1257.8625342125129, 450.915498205774], [0.0, 0.0, 1.0]], [[1252.8131021185304, 0.0, 826.588114781398], [0.0, 1252.8131021185304, 469.9846626224581], [0.0, 0.0, 1.0]], [[1256.7485116440405, 0.0, 817.7887570959712], [0.0, 1256.7485116440403, 451.9541780095127], [0.0, 0.0, 1.0]], [[1254.9860565800168, 0.0, 829.5769333630991], [0.0, 1254.9860565800168, 467.1680561863987], [0.0, 0.0, 1.0]], [[796.8910634503094, 0.0, 857.7774326863696], [0.0, 796.8910634503094, 476.8848988407415], [0.0, 0.0, 1.0]], [[1249.9629280788233, 0.0, 825.3768045375984], [0.0, 1249.9629280788233, 462.54816385708756], [0.0, 0.0, 1.0]]], "extrinsics": [[[0.8225387334823608, -0.5687073469161987, 0.0013744322350248694, -1.005126953125], [0.006672276649624109, 0.007233667653053999, -0.9999515414237976, 1.4882946014404297], [0.5686699151992798, 0.8225080966949463, 0.009744543582201004, -1.33349609375], [0.0, 0.0, 0.0, 1.0]], [[0.010244929231703281, -0.9999428987503052, -0.003035975620150566, 0.00537109375], [0.008626649156212807, 0.003124405164271593, -0.9999579191207886, 1.4801645278930664], [0.999910295009613, 0.01021832786500454, 0.008658165112137794, -1.734771728515625], [0.0, 0.0, 0.0, 1.0]], [[-0.8439875245094299, -0.5362485647201538, -0.01107019279152155, 1.090576171875], [0.016647780314087868, -0.005560911260545254, -0.9998459219932556, 1.4930728673934937], [0.5361043810844421, -0.8440417647361755, 0.013620688579976559, -1.277587890625], [0.0, 0.0, 0.0, 1.0]], [[0.9478853344917297, 0.3185683786869049, -0.005249181296676397, -1.14398193359375], [-0.008765616454184055, 0.009605664759874344, -0.9999154210090637, 1.562042236328125], [-0.31849104166030884, 0.9478511810302734, 0.011897516436874866, -0.1561279296875], [0.0, 0.0, 0.0, 1.0]], [[0.009234270080924034, 0.9999553561210632, 0.0020257963333278894, -0.0289306640625], [-0.006635965313762426, 0.002087119733914733, -0.99