[{"images": ["samples/CAM_FRONT_LEFT/n015-2018-10-08-15-44-23+0800__CAM_FRONT_LEFT__1538985009904844.jpg", "samples/CAM_FRONT/n015-2018-10-08-15-44-23+0800__CAM_FRONT__1538985009912460.jpg", "samples/CAM_FRONT_RIGHT/n015-2018-10-08-15-44-23+0800__CAM_FRONT_RIGHT__1538985009920339.jpg", "samples/CAM_BACK_LEFT/n015-2018-10-08-15-44-23+0800__CAM_BACK_LEFT__1538985009947423.jpg", "samples/CAM_BACK/n015-2018-10-08-15-44-23+0800__CAM_BACK__1538985009937525.jpg", "samples/CAM_BACK_RIGHT/n015-2018-10-08-15-44-23+0800__CAM_BACK_RIGHT__1538985009927893.jpg"], "intrinsics": [[[1272.5979470598488, 0.0, 826.6154927353808], [0.0, 1272.5979470598488, 479.75165386361925], [0.0, 0.0, 1.0]], [[1266.417203046554, 0.0, 816.2670197447984], [0.0, 1266.417203046554, 491.50706579294757], [0.0, 0.0, 1.0]], [[1260.8474446004698, 0.0, 807.968244525554], [0.0, 1260.8474446004698, 495.3344268742088], [0.0, 0.0, 1.0]], [[1256.7414812095406, 0.0, 792.1125740759628], [0.0, 1256.7414812095406, 492.7757465151356], [0.0, 0.0, 1.0]], [[809.2209905677063, 0.0, 829.2196003259838], [0.0, 809.2209905677063, 481.77842384512485], [0.0, 0.0, 1.0]], [[1259.5137405846733, 0.0, 807.2529053838625], [0.0, 1259.5137405846733, 501.19579884916527], [0.0, 0.0, 1.0]]], "extrinsics": [[[0.821446418762207, -0.569502592086792, 0.029876133427023888, -0.7689208984375], [0.031983382999897, -0.0062995655462145805, -0.9994685649871826, 1.5158882141113281], [0.5693880915641785, 0.8219653367996216, 0.013039861805737019, -1.1441650390625], [0.0, 0.0, 0.0, 1.0]], [[0.007049869745969772, -0.9999186992645264, 0.010622425936162472, 0.0063323974609375], [0.02672593668103218, -0.010430486872792244, -0.9995884299278259, 1.5257682800292969], [0.9996179342269897, 0.007330839987844229, 0.02665022946894169, -1.4964599609375], [0.0, 0.0, 0.0, 1.0]], [[-0.8316593170166016, -0.5544391870498657, -0.030658483505249023, 0.90625], [0.032358333468437195, 0.00672864681109786, -0.9994536638259888, 1.5085525512695312], [0.5543425679206848, -0.8321970105171204, 0.012344789691269398, -1.16485595703125], [0.0, 0.0, 0.0, 1.0]], [[0.9473626017570496, 0.3186153471469879, 0.03143740072846413, -1.140380859375], [0.04114633798599243, -0.023786146193742752, -0.9988699555397034, 1.5886077880859375], [-0.3175075352191925, 0.9475855827331543, -0.035643961280584335, -0.10345458984375], [0.0, 0.0, 0.0, 1.0]], [[0.002561556175351143, 0.9999035000801086, -0.013654667884111404, 0.0033111572265625], [0.01571333035826683, -0.01369327213615179, -0.9997828006744385, 1.5802326202392578], [-0.999873161315918, 0.0023464281111955643, -0.015746889635920525, -0.0537109375], [0.0, 0.0, 0.0, 1.0]], [[-0.93413907289505, 0.35411959886550903, -0.04453588277101517, 1.0343017578125], [0.04827135056257248, 0.0017176764085888863, -0.9988327622413635, 1.5567169189453125], [-0.3536297082901001, -0.9351985454559326, -0.01869838312268257, -0.102294921875], [0.0, 0.0, 0.0, 1.0]]], "view": [[0.0, -2.0, 100.0], [-2.0, 0.0, 100.0], [0.0, 0.0, 1.0]], "bev": "bev_dad9942ea8f1409985140f500c69c88e.png", "aux": "aux_dad9942ea8f1409985140f500c69c88e.npz", "visibility": "visibility_dad9942ea8f1409985140f500c69c88e.png", "pose": [[0.39674150943756104, -0.9179303646087646, 0.0, 533.4033813476562], [0.9179303646087646, 0.39674150943756104, 0.0, 1726.7218017578125], [0.0, 0.0, 1.0, 0.0], [0.0, 0.0, 0.0, 1.0]], "pose_inverse": [[0.39674150943756104, 0.9179303646087646, 0.0, -1796.6336669921875], [-0.9179303646087646, 0.39674150943756104, 0.0, -195.43507385253906], [0.0, 0.0, 1.0, 0.0], [0.0, 0.0, 0.0, 1.0]], "cam_ids": [0, 1, 2, 3, 4, 5], "cam_channels": ["CAM_FRONT_LEFT", "CAM_FRONT", "CAM_FRONT_RIGHT", "CAM_BACK_LEFT", "CAM_BACK", "CAM_BACK_RIGHT"], "token": "dad9942ea8f1409985140f500c69c88e", "scene": "scene-0929"}, {"images": ["samples/CAM_FRONT_LEFT/n015-2018-10-08-15-44-23+0800__CAM_FRONT_LEFT__1538985010404844.jpg", "samples/CAM_FRONT/n015-2018-10-08-15-44-23+0800__CAM_FRONT__1538985010412460.jpg", "samples/CAM_FRONT_RIGHT/n015-2018-10-08-15-44-23+0800__CAM_FRONT_RIGHT__1538985010420339.jpg", "samples/CAM_BACK_LEFT/n015-2018-10-08-15-44-23+0800__CAM_BACK_LEFT__1538985010447458.jpg", "samples/CAM_BACK/n015-2018-10-08-15-44-23+0800__CAM_BACK__1538985010437525.jpg", "samples/CAM_BACK_RIGHT/n015-2018-10-08-15-44-23+0800__CAM_BACK_RIGHT__1538985010427893.jpg"], "intrinsics": [[[1272.5979470598488, 0.0, 826.6154927353808], [0.0, 1272.5979470598488, 479.75165386361925], [0.0, 0.0, 1.0]], [[1266.417203046554, 0.0, 816.2670197447984], [0.0, 1266.417203046554, 491.50706579294757], [0.0, 0.0, 1.0]], [[1260.8474446004698, 0.0, 807.968244525554], [0.0, 1260.8474446004698, 495.3344268742088], [0.0, 0.0, 1.0]], [[1256.7414812095406, 0.0, 792.1125740759628], [0.0, 1256.7414812095406, 492.7757465151356], [0.0, 0.0, 1.0]], [[809.2209905677063, 0.0, 829.2196003259838], [0.0, 809.2209905677063, 481.77842384512485], [0.0, 0.0, 1.0]], [[1259.5137405846733, 0.0, 807.2529053838625], [0.0, 1259.5137405846733, 501.19579884916527], [0.0, 0.0, 1.0]]], "extrinsics": [[[0.8222064971923828, -0.5686038732528687, 0.02580825239419937, -0.77294921875], [0.026153763756155968, -0.007553400471806526, -0.9996293783187866, 1.5143623352050781], [0.5685880780220032, 0.8225768208503723, 0.008660675026476383, -1.1468505859375], [0.0, 0.0, 0.0, 1.0]], [[0.007986865006387234, -0.999897837638855, 0.0118566257879138, 0.0063629150390625], [0.0207890085875988, -0.011688413098454475, -0.9997155666351318, 1.5245246887207031], [0.9997519850730896, 0.008231030777096748, 0.020693529397249222, -1.5001220703125], [0.0, 0.0, 0.0, 1.0]], [[-0.8314465880393982, -0.5550458431243896, -0.02491186000406742, 0.9080810546875], [0.026295464485883713, 0.005476297810673714, -0.9996392130851746, 1.507568359375], [0.55498206615448, -0.8318016529083252, 0.010041939094662666, -1.1661376953125], [0.0, 0.0, 0.0, 1.0]], [[0.9475685954093933, 0.31856784224510193, 0.02506531961262226, -1.14013671875], [0.03479025512933731, -0.02487308718264103, -0.999085009098053, 1.5886039733886719], [-0.31765294075012207, 0.947573721408844, -0.034652017056941986, -0.103515625], [0.0, 0.0, 0.0, 1.0]], [[0.0022268856409937143, 0.9998877048492432, -0.014816215261816978, 0.00335693359375], [0.009441105648875237, -0.014836614020168781, -0.9998453855514526, 1.5798759460449219], [-0.999953031539917, 0.0020866075064986944, -0.009473083540797234, -0.0540771484375], [0.0, 0.0, 0.0, 1.0]], [[-0.934578537940979, 0.3535890281200409, -0.03921376168727875, 1.035400390625], [0.04211436212062836, 0.0005096649983897805, -0.9991126656532288, 1.555999755859375], [-0.35325518250465393, -0.9354007840156555, -0.015367497690021992, -0.10198974609375], [0.0, 0.0, 0.0, 1.0]]], "view": [[0.0, -2.0, 100.0], [-2.0, 0.0, 100.0], [0.0, 0.0, 1.0]], "bev": "bev_1924ea3d04d943919ea24526c097aed1.png", "aux": "aux_1924ea3d04d943919ea24526c097aed1.npz", "visibility": "visibility_1924ea3d04d943919ea24526c097aed1.png", "pose": [[0.4272724986076355, -0.9041228890419006, 0.0, 534.52880859375], [0.9041228890419006, 0.4272724986076355, 0.0, 1729.191650390625], [0.0, 0.0, 1.0, 0.0], [0.0, 0.0, 0.0, 1.0]], "pose_inverse": [[0.4272724986076355, 0.9041228890419006, 0.0, -1791.791259765625], [-0.9041228890419006, 0.4272724986076355, 0.0, -255.5563201904297], [0.0, 0.0, 1.0, 0.0], [0.0, 0.0, 0.0, 1.0]], "cam_ids": [0, 1, 2, 3, 4, 5], "cam_channels": ["CAM_FRONT_LEFT", "CAM_FRONT", "CAM_FRONT_RIGHT", "CAM_BACK_LEFT", "CAM_BACK", "CAM_BACK_RIGHT"], "token": "1924ea3d04d943919ea24526c097aed1", "scene": "scene-0929"}, {"images": ["samples/CAM_FRONT_LEFT/n015-2018-10-08-15-44-23+0800__CAM_FRONT_LEFT__1538985010854844.jpg", "samples/CAM_FRONT/n015-2018-10-08-15-44-23+0800__CAM_FRONT__1538985010862460.jpg", "samples/CAM_FRONT_RIGHT/n015-2018-10-08-15-44-23+0800__CAM_FRONT_RIGHT__1538985010870339.jpg", "samples/CAM_BACK_LEFT/n015-2018-10-08-15-44-23+0800__CAM_BACK_LEFT__1538985010897423.jpg", "samples/CAM_BACK/n015-2018-10-08-15-44-23+0800__CAM_BACK__1538985010887525.jpg", "samples/CAM_BACK_RIGHT/n015-2018-10-08-15-44-23+0800__CAM_BACK_RIGHT__1538985010877893.jpg"], "intrinsics": [[[1272.5979470598488, 0.0, 826.6154927353808], [0.0, 1272.5979470598488, 479.75165386361925], [0.0, 0.0, 1.0]], [[1266.417203046554, 0.0, 816.2670197447984], [0.0, 1266.417203046554, 491.50706579294757], [0.0, 0.0, 1.0]], [[1260.8474446004698, 0.0, 807.968244525554], [0.0, 1260.8474446004698, 495.3344268742088], [0.0, 0.0, 1.0]], [[1256.7414812095406, 0.0, 792.1125740759628], [0.0, 1256.7414812095406, 492.7757465151356], [0.0, 0.0, 1.0]], [[809.2209905677063, 0.0, 829.2196003259838], [0.0, 809.2209905677063, 481.77842384512485], [0.0, 0.0, 1.0]], [[1259.5137405846733, 0.0, 807.2529053838625], [0.0, 1259.5137405846733, 501.19579884916527], [0.0, 0.0, 1.0]]], "extrinsics": [[[0.8223368525505066, -0.5683755278587341, 0.026669353246688843, -0.79296875], [0.030335720628499985, -0.003009936772286892, -0.9995352625846863, 1.5145683288574219], [0.568191647529602, 0.8227637410163879, 0.01476689800620079, -1.1634521484375], [0.0, 0.0, 0.0, 1.0]], [[0.00831676833331585, -0.9999387264251709, 0.007307046093046665, 0.0079345703125], [0.025125296786427498, -0.007096031215041876, -0.9996591210365295, 1.5248298645019531], [0.999649703502655, 0.008497537113726139, 0.025064742192626, -1.5216064453125], [0.0, 0.0, 0.0, 1.0]], [[-0.8311676383018494, -0.5551449656486511, -0.031214572489261627, 0.9237060546875], [0.030780257657170296, 0.010113809257745743, -0.9994749426841736, 1.5076866149902344], [0.5551692247390747, -0.831692099571228, 0.00868123397231102, -1.17437744140625], [0.0, 0.0, 0.0, 1.0]], [[0.9472829103469849, 0.3188799321651459, 0.03115219995379448, -1.1405029296875], [0.03968239575624466, -0.020287305116653442, -0.9990063309669495, 1.5886306762695312], [-0.3179311156272888, 0.9475780129432678, -0.0318717397749424, -0.1043548583984375], [0.0, 0.0, 0.0, 1.0]], [[0.00203107763081789, 0.9999452829360962, -0.010254361666738987, 0.00238037109375], [0.014205626212060452, -0.010282197967171669, -0.9998462200164795, 1.5800609588623047], [-0.9998970031738281, 0.0018850509077310562, -0.014225734397768974, -0.0472412109375], [0.0, 0.0, 0.0, 1.0]], [[-0.9344629049301147, 0.3535851240158081, -0.04191193729639053, 1.046875], [0.04673343151807785, 0.0051050265319645405, -0.9988943934440613, 1.5559005737304688], [-0.35298028588294983, -0.935388445854187, -0.02129470556974411, -0.09637451171875], [0.0, 0.0, 0.0, 1.0]]], "view": [[0.0, -2.0, 100.0], [-2.0, 0.0, 100.0], [0.0, 0.0, 1.0]], "bev": "bev_fcbae253055f4611baff6f6cfb117699.png", "aux": "aux_fcbae253055f4611baff6f6cfb117699.npz", "visibility": "visibility_fcbae253055f4611baff6f6cfb117699.png", "pose": [[0.46377795934677124, -0.8859514594078064, 0.0, 535.5584716796875], [0.8859514594078064, 0.46377795934677124, 0.0, 1731.213134765625], [0.0, 0.0, 1.0, 0.0], [0.0, 0.0, 0.0, 1.0]], "pose_inverse": [[0.46377795934677124, 0.8859514594078064, 0.0, -1782.1510009765625], [-0.8859514594078064, 0.46377795934677124, 0.0, -328.419677734375], [0.0, 0.0, 1.0, 0.0], [0.0, 0.0, 0.0, 1.0]], "cam_ids": [0, 1, 2, 3, 4, 5], "cam_channels": ["CAM_FRONT_LEFT", "CAM_FRONT", "CAM_FRONT_RIGHT", "CAM_BACK_LEFT", "CAM_BACK", "CAM_BACK_RIGHT"], "token": "fcbae253055f4611baff6f6cfb117699", "scene": "scene-0929"}, {"images": ["samples/CAM_FRONT_LEFT/n015-2018-10-08-15-44-23+0800__CAM_FRONT_LEFT__1538985011354844.jpg", "samples/CAM_FRONT/n015-2018-10-08-15-44-23+0800__CAM_FRONT__1538985011362460.jpg", "samples/CAM_FRONT_RIGHT/n015-2018-10-08-15-44-23+0800__CAM_FRONT_RIGHT__1538985011370339.jpg", "samples/CAM_BACK_LEFT/n015-2018-10-08-15-44-23+0800__CAM_BACK_LEFT__1538985011397423.jpg", "samples/CAM_BACK/n015-2018-10-08-15-44-23+0800__CAM_BACK__1538985011387525.jpg", "samples/CAM_BACK_RIGHT/n015-2018-10-08-15-44-23+0800__CAM_BACK_RIGHT__1538985011377893.jpg"], "intrinsics": [[[1272.5979470598488, 0.0, 826.6154927353808], [0.0, 1272.5979470598488, 479.75165386361925], [0.0, 0.0, 1.0]], [[1266.417203046554, 0.0, 816.2670197447984], [0.0, 1266.417203046554, 491.50706579294757], [0.0, 0.0, 1.0]], [[1260.8474446004698, 0.0, 807.968244525554], [0.0, 1260.8474446004698, 495.3344268742088], [0.0, 0.0, 1.0]], [[1256.7414812095406, 0.0, 792.1125740759628], [0.0, 1256.7414812095406, 492.7757465151356], [0.0, 0.0, 1.0]], [[809.2209905677063, 0.0, 829.2196003259838], [0.0, 809.2209905677063, 481.77842384512485], [0.0, 0.0, 1.0]], [[1259.5137405846733, 0.0, 807.2529053838625], [0.0, 1259.5137405846733, 501.19579884916527], [0.0, 0.0, 1.0]]], "extrinsics": [[[0.8221477270126343, -0.5689579844474792, 0.018975233659148216, -0.8104248046875], [0.02735006809234619, 0.00618327409029007, -0.9996067881584167, 1.5133552551269531], [0.5686168670654297, 0.8223434090614319, 0.020644599571824074, -1.1749267578125], [0.0, 0.0, 0.0, 1.0]], [[0.007954398170113564, -0.999966025352478, -0.0021352486219257116, 0.007293701171875], [0.022032443434000015, 0.0023100588005036116, -0.9997546672821045, 1.5239372253417969], [0.9997256398200989, 0.007905426435172558, 0.022050069645047188, -1.537841796875], [0.0, 0.0, 0.0, 1.0]], [[-0.8314302563667297, -0.5545943379402161, -0.03389311209321022, 0.9326171875], [0.02758771926164627, 0.019719557836651802, -0.9994248747825623, 1.5069580078125], [0.5549437403678894, -0.8318871855735779, -0.0010954451281577349, -1.1810302734375], [0.0, 0.0, 0.0, 1.0]], [[0.947298526763916, 0.3188384771347046, 0.03110678493976593, -1.1365966796875], [0.036299772560596466, -0.01035667210817337, -0.9992873072624207, 1.5887680053710938], [-0.31828904151916504, 0.9477525353431702, -0.021384621039032936, -0.1055908203125], [0.0, 0.0, 0.0, 1.0]], [[0.001935421023517847, 0.9999980926513672, -0.0003858361451420933, 0.0025634765625], [0.010860593989491463, -0.0004068340640515089, -0.9999409914016724, 1.5798759460449219], [-0.9999391436576843, 0.0019311683718115091, -0.010861359536647797, -0.0458984375], [0.0, 0.0, 0.0, 1.0]], [[-0.9345384240150452, 0.354096919298172, -0.03540311008691788, 1.05322265625], [0.04346628114581108, 0.014841010794043541, -0.9989446997642517, 1.5552902221679688], [-0.35319778323173523, -0.9350910186767578, -0.029260771349072456, -0.09429931640625], [0.0, 0.0, 0.0, 1.0]]], "view": [[0.0, -2.0, 100.0], [-2.0, 0.0, 100.0], [0.0, 0.0, 1.0]], "bev": "bev_58124ce02b20492a8362fea9ee98fcb7.png", "aux": "aux_58124ce02b20492a8362fea9ee98fcb7.npz", "visibility": "visibility_58124ce02b20492a8362fea9ee98fcb7.png", "pose": [[0.4964753985404968, -0.8680508136749268, 0.0, 536.665771484375], [0.8680508136749268, 0.4964753985404968, 0.0, 1733.1971435546875], [0.0, 0.0, 1.0, 0.0], [0.0, 0.0, 0.0, 1.0]], "pose_inverse": [[0.4964753985404968, 0.8680508136749268, 0.0, -1770.9444580078125], [-0.8680508136749268, 0.4964753985404968, 0.0, -394.6365966796875], [0.0, 0.0, 1.0, 0.0], [0.0, 0.0, 0.0, 1.0]], "cam_ids": [0, 1, 2, 3, 4, 5], "cam_channels": ["CAM_FRONT_LEFT", "CAM_FRONT", "CAM_FRONT_RIGHT", "CAM_BACK_LEFT", "CAM_BACK", "CAM_BACK_RIGHT"], "token": "58124ce02b20492a8362fea9ee98fcb7", "scene": "scene-0929"}, {"images": ["samples/CAM_FRONT_LEFT/n015-2018-10-08-15-44-23+0800__CAM_FRONT_LEFT__1538985011854844.jpg", "samples/CAM_FRONT/n015-2018-10-08-15-44-23+0800__CAM_FRONT__1538985011862460.jpg", "samples/CAM_FRONT_RIGHT/n015-2018-10-08-15-44-23+0800__CAM_FRONT_RIGHT__1538985011870339.jpg", "samples/CAM_BACK_LEFT/n015-2018-10-08-15-44-23+0800__CAM_BACK_LEFT__1538985011897423.jpg", "samples/CAM_BACK/n015-2018-10-08-15-44-23+0800__CAM_BACK__1538985011887525.jpg", "samples/CAM_BACK_RIGHT/n015-2018-10-08-15-44-23+0800__CAM_BACK_RIGHT__1538985011877893.jpg"], "intrinsics": [[[1272.5979470598488, 0.0, 826.6154927353808], [0.0, 1272.5979470598488, 479.75165386361925], [0.0, 0.0, 1.0]], [[1266.417203046554, 0.0, 816.2670197447984], [0.0, 1266.417203046554, 491.50706579294757], [0.0, 0.0, 1.0]], [[1260.8474446004698, 0.0, 807.968244525554], [0.0, 1260.8474446004698, 495.3344268742088], [0.0, 0.0, 1.0]], [[1256.7414812095406, 0.0, 792.1125740759628], [0.0, 1256.7414812095406, 492.7757465151356], [0.0, 0.0, 1.0]], [[809.2209905677063, 0.0, 829.2196003259838], [0.0, 809.2209905677063, 481.77842384512485], [0.0, 0.0, 1.0]], [[1259.5137405846733, 0.0, 807.2529053838625], [0.0, 1259.5137405846733, 501.19579884916527], [0.0, 0.0, 1.0]]], "extrinsics": [[[0.8216652274131775, -0.5694298148155212, 0.024815602228045464, -0.8282470703125], [0.035330694168806076, 0.00742950476706028, -0.9993480443954468, 1.51409912109375], [0.568874180316925, 0.8220064043998718, 0.026222916319966316, -1.1864013671875], [0.0, 0.0, 0.0, 1.0]], [[0.007587308995425701, -0.9999663233757019, -0.0031389377545565367, 0.006591796875], [0.030223648995161057, 0.0033669150434434414, -0.9995375275611877, 1.5246505737304688], [0.9995143413543701, 0.0074889627285301685, 0.03024817258119583, -1.5560302734375], [0.0, 0.0, 0.0, 1.0]], [[-0.8312408328056335, -0.5543688535690308, -0.041398800909519196, 0.94482421875], [0.036017172038555145, 0.02060757949948311, -0.9991386532783508, 1.5074386596679688], [0.5547444224357605, -0.8320159316062927, 0.0028369349893182516, -1.18994140625], [0.0, 0.0, 0.0, 1.0]], [[0.9470254778862, 0.3186512291431427, 0.04005211964249611, -1.1396484375], [0.04548487439751625, -0.009623437188565731, -0.9989186525344849, 1.5886764526367188], [-0.31792116165161133, 0.9478232264518738, -0.02360745146870613, -0.10449981689453125], [0.0, 0.0, 0.0, 1.0]], [[0.0021141269244253635, 0.9999977350234985, 0.0003818914119619876, 0.002685546875], [0.01978524774312973, 0.000339989026542753, -0.9998041987419128, 1.5801506042480469], [-0.9998020529747009, 0.0021213421132415533, -0.019784482195973396, -0.0382080078125], [0.0, 0.0, 0.0, 1.0]], [[-0.9341350197792053, 0.3542965054512024, -0.0431944914162159, 1.064453125], [0.052105195820331573, 0.015644405037164688, -0.9985190629959106, 1.5554428100585938], [-0.3530961871147156, -0.9350022673606873, -0.03307467699050903, -0.0904541015625], [0.0, 0.0, 0.0, 1.0]]], "view": [[0.0, -2.0, 100.0], [-2.0, 0.0, 100.0], [0.0, 0.0, 1.0]], "bev": "bev_b34fc5bc6825428ba70233ec403469d1.png", "aux": "aux_b34fc5bc6825428ba70233ec403469d1.npz", "visibility": "visibility_b34fc5bc6825428ba70233ec403469d1.png", "pose": [[0.526145339012146, -0.8503946661949158, 0.0, 537.7180786132812], [0.8503946661949158, 0.526145339012146, 0.0, 1734.9423828125], [0.0, 0.0, 1.0, 0.0], [0.0, 0.0, 0.0, 1.0]], "pose_inverse": [[0.526145339012146, 0.8503946661949158, 0.0, -1758.3035888671875], [-0.8503946661949158, 0.526145339012146, 0.0, -455.5592346191406], [0.0, 0.0, 1.0, 0.0], [0.0, 0.0, 0.0, 1.0]], "cam_ids": [0, 1, 2, 3, 4, 5], "cam_channels": ["CAM_FRONT_LEFT", "CAM_FRONT", "CAM_FRONT_RIGHT", "CAM_BACK_LEFT", "CAM_BACK", "CAM_BACK_RIGHT"], "token": "b34fc5bc6825428ba70233ec403469d1", "scene": "scene-0929"}, {"images": ["samples/CAM_FRONT_LEFT/n015-2018-10-08-15-44-23+0800__CAM_FRONT_LEFT__1538985012354844.jpg", "samples/CAM_FRONT/n015-2018-10-08-15-44-23+0800__CAM_FRONT__1538985012362460.jpg", "samples/CAM_FRONT_RIGHT/n015-2018-10-08-15-44-23+0800__CAM_FRONT_RIGHT__1538985012370339.jpg", "samples/CAM_BACK_LEFT/n015-2018-10-08-15-44-23+0800__CAM_BACK_LEFT__1538985012397423.jpg", "samples/CAM_BACK/n015-2018-10-08-15-44-23+0800__CAM_BACK__1538985012387525.jpg", "samples/CAM_BACK_RIGHT/n015-2018-10-08-15-44-23+0800__CAM_BACK_RIGHT__1538985012377893.jpg"], "intrinsics": [[[1272.5979470598488, 0.0, 826.6154927353808], [0.0, 1272.5979470598488, 479.75165386361925], [0.0, 0.0, 1.0]], [[1266.417203046554, 0.0, 816.2670197447984], [0.0, 1266.417203046554, 491.50706579294757], [0.0, 0.0, 1.0]], [[1260.8474446004698, 0.0, 807.968244525554], [0.0, 1260.8474446004698, 495.3344268742088], [0.0, 0.0, 1.0]], [[1256.7414812095406, 0.0, 792.1125740759628], [0.0, 1256.7414812095406, 492.7757465151356], [0.0, 0.0, 1.0]], [[809.2209905677063, 0.0, 829.2196003259838], [0.0, 809.2209905677063, 481.77842384512485], [0.0, 0.0, 1.0]], [[1259.5137405846733, 0.0, 807.2529053838625], [0.0, 1259.5137405846733, 501.19579884916527], [0.0, 0.0, 1.0]]], "extrinsics": [[[0.8198875784873962, -0.5705535411834717, 0.04746425524353981, -0.834228515625], [0.06196529045701027, 0.006015897262841463, -0.9980601668357849, 1.5181045532226562], [0.5691612362861633, 0.8212383389472961, 0.040286868810653687, -1.1903076171875], [0.0, 0.0, 0.0, 1.0]], [[0.006307215429842472, -0.9999790787696838, -0.0014330439735203981, 0.006500244140625], [0.05693778768181801, 0.0017898698570206761, -0.998376190662384, 1.5279922485351562], [0.9983577728271484, 0.006215372122824192, 0.05694787949323654, -1.561279296875], [0.0, 0.0, 0.0, 1.0]], [[-0.8305371999740601, -0.553417444229126, -0.06274571269750595, 0.947998046875], [0.06281489133834839, 0.018865516409277916, -0.9978468418121338, 1.5100326538085938], [0.5534095764160156, -0.8326903581619263, 0.01909434236586094, -1.19189453125], [0.0, 0.0, 0.0, 1.0]], [[0.9458568692207336, 0.3180307149887085, 0.06489431113004684, -1.1422119140625], [0.07241909950971603, -0.011881791055202484, -0.9973034858703613, 1.58856201171875], [-0.31640204787254333, 0.9480059742927551, -0.03426997363567352, -0.10373687744140625], [0.0, 0.0, 0.0, 1.0]], [[0.0030875573866069317, 0.9999939799308777, -0.0015673066955059767, 0.002655029296875], [0.04670482873916626, -0.0017098089447245002, -0.9989072680473328, 1.5811004638671875], [-0.9989039301872253, 0.0030110066290944815, -0.0467098206281662, -0.035400390625], [0.0, 0.0, 0.0, 1.0]], [[-0.9322279691696167, 0.355247437953949, -0.06892085820436478, 1.0673828125], [0.07893143594264984, 0.013744761236011982, -0.9967852830886841, 1.5572662353515625], [-0.35315826535224915, -0.9346712827682495, -0.04085344821214676, -0.08935546875], [0.0, 0.0, 0.0, 1.0]]], "view": [[0.0, -2.0, 100.0], [-2.0, 0.0, 100.0], [0.0, 0.0, 1.0]], "bev": "bev_cd55350271d744a98dd59c7bf7a591f3.png", "aux": "aux_cd55350271d744a98dd59c7bf7a591f3.npz", "visibility": "visibility_cd55350271d744a98dd59c7bf7a591f3.png", "pose": [[0.5477190017700195, -0.8366623520851135, 0.0, 538.6987915039062], [0.8366623520851135, 0.5477190017700195, 0.0, 1736.4659423828125], [0.0, 0.0, 1.0, 0.0], [0.0, 0.0, 0.0, 1.0]], "pose_inverse": [[0.5477190017700195, 0.8366623520851135, 0.0, -1747.8912353515625], [-0.8366623520851135, 0.5477190017700195, 0.0, -500.3864440917969], [0.0, 0.0, 1.0, 0.0], [0.0, 0.0, 0.0, 1.0]], "cam_ids": [0, 1, 2, 3, 4, 5], "cam_channels": ["CAM_FRONT_LEFT", "CAM_FRONT", "CAM_FRONT_RIGHT", "CAM_BACK_LEFT", "CAM_BACK", "CAM_BACK_RIGHT"], "token": "cd55350271d744a98dd59c7bf7a591f3", "scene": "scene-0929"}, {"images": ["samples/CAM_FRONT_LEFT/n015-2018-10-08-15-44-23+0800__CAM_FRONT_LEFT__1538985012854844.jpg", "samples/CAM_FRONT/n015-2018-10-08-15-44-23+0800__CAM_FRONT__1538985012862460.jpg", "samples/CAM_FRONT_RIGHT/n015-2018-10-08-15-44-23+0800__CAM_FRONT_RIGHT__1538985012870339.jpg", "samples/CAM_BACK_LEFT/n015-2018-10-08-15-44-23+0800__CAM_BACK_LEFT__1538985012897423.jpg", "samples/CAM_BACK/n015-2018-10-08-15-44-23+0800__CAM_BACK__1538985012887525.jpg", "samples/CAM_BACK_RIGHT/n015-2018-10-08-15-44-23+0800__CAM_BACK_RIGHT__1538985012877893.jpg"], "intrinsics": [[[1272.5979470598488, 0.0, 826.6154927353808], [0.0, 1272.5979470598488, 479.75165386361925], [0.0, 0.0, 1.0]], [[1266.417203046554, 0.0, 816.2670197447984], [0.0, 1266.417203046554, 491.50706579294757], [0.0, 0.0, 1.0]], [[1260.8474446004698, 0.0, 807.968244525554], [0.0, 1260.8474446004698, 495.3344268742088], [0.0, 0.0, 1.0]], [[1256.7414812095406, 0.0, 792.1125740759628], [0.0, 1256.7414812095406, 492.7757465151356], [0.0, 0.0, 1.0]], [[809.2209905677063, 0.0, 829.2196003259838], [0.0, 809.2209905677063, 481.77842384512485], [0.0, 0.0, 1.0]], [[1259.5137405846733, 0.0, 807.2529053838625], [0.0, 1259.5137405846733, 501.19579884916527], [0.0, 0.0, 1.0]]], "extrinsics": [[[0.8212613463401794, -0.5699527263641357, 0.026145052164793015, -0.8382568359375], [0.03648001700639725, 0.006724368780851364, -0.9993117451667786, 1.5138320922851562], [0.569384753704071, 0.821649968624115, 0.026314349845051765, -1.19384765625], [0.0, 0.0, 0.0, 1.0]], [[0.007042914163321257, -0.9999721050262451, -0.0024910136125981808, 0.007080078125], [0.029920805245637894, 0.0027006971649825573, -0.9995486736297607, 1.5243110656738281], [0.9995274543762207, 0.006965186446905136, 0.029938988387584686, -1.56591796875], [0.0, 0.0, 0.0, 1.0]], [[-0.8315505385398865, -0.5540403723716736, -0.03953368589282036, 0.951171875], [0.03421173617243767, 0.01995139569044113, -0.9992153644561768, 1.506988525390625], [0.5543944239616394, -0.8322506546974182, 0.002364091807976365, -1.1937255859375], [0.0, 0.0, 0.0, 1.0]], [[0.9472453594207764, 0.3187951147556305, 0.03310197964310646, -1.140869140625], [0.03840423747897148, -0.010359171777963638, -0.9992085695266724, 1.5886116027832031], [-0.31819990277290344, 0.9477670192718506, -0.02205576002597809, -0.10425567626953125], [0.0, 0.0, 0.0, 1.0]], [[0.002232190454378724, 0.9999974966049194, -0.00030020991107448936, 0.00250244140625], [0.014613154344260693, -0.000332798867020756, -0.9998931884765625, 1.57989501953125], [-0.9998907446861267, 0.002227532910183072, -0.014613863080739975, -0.0350341796875], [0.0, 0.0, 0.0, 1.0]], [[-0.9341681599617004, 0.354544460773468, -0.04034919664263725, 1.0694580078125], [0.048823244869709015, 0.014984237030148506, -0.9986950755119324, 1.5549240112304688], [-0.35347726941108704, -0.9349190592765808, -0.03130780905485153, -0.0882568359375], [0.0, 0.0, 0.0, 1.0]]], "view": [[0.0, -2.0, 100.0], [-2.0, 0.0, 100.0], [0.0, 0.0, 1.0]], "bev": "bev_ea9b7ae6b7a944ff8394a51b596eff4d.png", "aux": "aux_ea9b7ae6b7a944ff8394a51b596eff4d.npz", "visibility": "visibility_ea9b7ae6b7a944ff8394a51b596eff4d.png", "pose": [[0.5634869337081909, -0.8261249661445618, 0.0, 539.7123413085938], [0.8261249661445618, 0.5634869337081909, 0.0, 1737.9561767578125], [0.0, 0.0, 1.0, 0.0], [0.0, 0.0, 0.0, 1.0]], "pose_inverse": [[0.5634869337081909, 0.8261249661445618, 0.0, -1739.889892578125], [-0.8261249661445618, 0.5634869337081909, 0.0, -533.4456787109375], [0.0, 0.0, 1.0, 0.0], [0.0, 0.0, 0.0, 1.0]], "cam_ids": [0, 1, 2, 3, 4, 5], "cam_channels": ["CAM_FRONT_LEFT", "CAM_FRONT", "CAM_FRONT_RIGHT", "CAM_BACK_LEFT", "CAM_BACK", "CAM_BACK_RIGHT"], "token": "ea9b7ae6b7a944ff8394a51b596eff4d", "scene": "scene-0929"}, {"images": ["samples/CAM_FRONT_LEFT/n015-2018-10-08-15-44-23+0800__CAM_FRONT_LEFT__1538985013354844.jpg", "samples/CAM_FRONT/n015-2018-10-08-15-44-23+0800__CAM_FRONT__1538985013362460.jpg", "samples/CAM_FRONT_RIGHT/n015-2018-10-08-15-44-23+0800__CAM_FRONT_RIGHT__1538985013370339.jpg", "samples/CAM_BACK_LEFT/n015-2018-10-08-15-44-23+0800__CAM_BACK_LEFT__1538985013397423.jpg", "samples/CAM_BACK/n015-2018-10-08-15-44-23+0800__CAM_BACK__1538985013387525.jpg", "samples/CAM_BACK_RIGHT/n015-2018-10-08-15-44-23+0800__CAM_BACK_RIGHT__1538985013377893.jpg"], "intrinsics": [[[1272.5979470598488, 0.0, 826.6154927353808], [0.0, 1272.5979470598488, 479.75165386361925], [0.0, 0.0, 1.0]], [[1266.417203046554, 0.0, 816.2670197447984], [0.0, 1266.417203046554, 491.50706579294757], [0.0, 0.0, 1.0]], [[1260.8474446004698, 0.0, 807.968244525554], [0.0, 1260.8474446004698, 495.3344268742088], [0.0, 0.0, 1.0]], [[1256.7414812095406, 0.0, 792.1125740759628], [0.0, 1256.7414812095406, 492.7757465151356], [0.0, 0.0, 1.0]], [[809.2209905677063, 0.0, 829.2196003259838], [0.0, 809.2209905677063, 481.77842384512485], [0.0, 0.0, 1.0]], [[1259.5137405846733, 0.0, 807.2529053838625], [0.0, 1259.5137405846733, 501.19579884916527], [0.0, 0.0, 1.0]]], "extrinsics": [[[0.8215281963348389, -0.5701667070388794, -0.0011500015389174223, -0.8184814453125], [0.006045688409358263, 0.010727772489190102, -0.9999241828918457, 1.5093202590942383], [0.570135772228241, 0.8214589357376099, 0.012260218150913715, -1.178955078125], [0.0, 0.0, 0.0, 1.0]], [[0.006797873880714178, -0.9999548196792603, -0.006644019857048988, 0.00653076171875], [0.001549097360111773, 0.006654695607721806, -0.999976634979248, 1.5207562446594238], [0.9999756217002869, 0.006787415593862534, 0.001594265690073371, -1.5457763671875], [0.0, 0.0, 0.0, 1.0]], [[-0.8323456048965454, -0.5539008975028992, -0.019861074164509773, 0.937744140625], [0.007990398444235325, 0.023838238790631294, -0.9996838569641113, 1.5045452117919922], [0.5541992783546448, -0.8322411775588989, -0.015415763482451439, -1.185394287109375], [0.0, 0.0, 0.0, 1.0]], [[0.9476398229598999, 0.3189049959182739, 0.016683368012309074, -1.1387939453125], [0.01989949308335781, -0.006829236168414354, -0.9997786283493042, 1.5886268615722656], [-0.3187204599380493, 0.947762131690979, -0.012817704118788242, -0.10486030578613281], [0.0, 0.0, 0.0, 1.0]], [[0.0021033913362771273, 0.9999923706054688, 0.00330178951844573, 0.00274658203125], [-0.006734753027558327, 0.003315888112410903, -0.9999718070030212, 1.5790643692016602], [-0.9999751448631287, 0.0020811082795262337, 0.006741677410900593, -0.0419921875], [0.0, 0.0, 0.0, 1.0]], [[-0.9348722100257874, 0.35460150241851807, -0.01648613065481186, 1.05859375], [0.024744445458054543, 0.0187667403370142, -0.9995176792144775, 1.5535011291503906], [-0.3541211485862732, -0.9348291754722595, -0.026318922638893127, -0.0927734375], [0.0, 0.0, 0.0, 1.0]]], "view": [[0.0, -2.0, 100.0], [-2.0, 0.0, 100.0], [0.0, 0.0, 1.0]], "bev": "bev_3285f07cca0844e8a939c49f29166fc1.png", "aux": "aux_3285f07cca0844e8a939c49f29166fc1.npz", "visibility": "visibility_3285f07cca0844e8a939c49f29166fc1.png", "pose": [[0.5772216320037842, -0.816587507724762, 0.0, 540.8295288085938], [0.816587507724762, 0.5772216320037842, 0.0, 1739.54443359375], [0.0, 0.0, 1.0, 0.0], [0.0, 0.0, 0.0, 1.0]], "pose_inverse": [[0.5772216320037842, 0.816587507724762, 0.0, -1732.6688232421875], [-0.816587507724762, 0.5772216320037842, 0.0, -562.468017578125], [0.0, 0.0, 1.0, 0.0], [0.0, 0.0, 0.0, 1.0]], "cam_ids": [0, 1, 2, 3, 4, 5], "cam_channels": ["CAM_FRONT_LEFT", "CAM_FRONT", "CAM_FRONT_RIGHT", "CAM_BACK_LEFT", "CAM_BACK", "CAM_BACK_RIGHT"], "token": "3285f07cca0844e8a939c49f29166fc1", "scene": "scene-0929"}, {"images": ["samples/CAM_FRONT_LEFT/n015-2018-10-08-15-44-23+0800__CAM_FRONT_LEFT__1538985013854844.jpg", "samples/CAM_FRONT/n015-2018-10-08-15-44-23+0800__CAM_FRONT__1538985013862460.jpg", "samples/CAM_FRONT_RIGHT/n015-2018-10-08-15-44-23+0800__CAM_FRONT_RIGHT__1538985013870339.jpg", "samples/CAM_BACK_LEFT/n015-2018-10-08-15-44-23+0800__CAM_BACK_LEFT__1538985013897423.jpg", "samples/CAM_BACK/n015-2018-10-08-15-44-23+0800__CAM_BACK__1538985013887525.jpg", "samples/CAM_BACK_RIGHT/n015-2018-10-08-15-44-23+0800__CAM_BACK_RIGHT__1538985013877893.jpg"], "intrinsics": [[[1272.5979470598488, 0.0, 826.6154927353808], [0.0, 1272.5979470598488, 479.75165386361925], [0.0, 0.0, 1.0]], [[1266.417203046554, 0.0, 816.2670197447984], [0.0, 1266.417203046554, 491.50706579294757], [0.0, 0.0, 1.0]], [[1260.8474446004698, 0.0, 807.968244525554], [0.0, 1260.8474446004698, 495.3344268742088], [0.0, 0.0, 1.0]], [[1256.7414812095406, 0.0, 792.1125740759628], [0.0, 1256.7414812095406, 492.7757465151356], [0.0, 0.0, 1.0]], [[809.2209905677063, 0.0, 829.2196003259838], [0.0, 809.2209905677063, 481.77842384512485], [0.0, 0.0, 1.0]], [[1259.5137405846733, 0.0, 807.2529053838625], [0.0, 1259.5137405846733, 501.19579884916527], [0.0, 0.0, 1.0]]], "extrinsics": [[[0.8205111026763916, -0.5703833103179932, 0.03774199262261391, -0.8092041015625], [0.05272328853607178, 0.009769480675458908, -0.9985613822937012, 1.51824951171875], [0.5691940188407898, 0.8213205933570862, 0.03808844834566116, -1.1722412109375], [0.0, 0.0, 0.0, 1.0]], [[0.0068118213675916195, -0.9999618530273438, -0.005454086698591709, 0.0062255859375], [0.04679561033844948, 0.0057670040987432, -0.9988878965377808, 1.52783203125], [0.9988812208175659, 0.0065489597618579865, 0.046833109110593796, -1.5364990234375], [0.0, 0.0, 0.0, 1.0]], [[-0.8308203220367432, -0.5537365078926086, -0.05579707399010658, 0.931884765625], [0.05168209224939346, 0.02305990643799305, -0.9983972907066345, 1.5099029541015625], [0.5541357398033142, -0.8323725461959839, 0.009459624998271465, -1.181488037109375], [0.0, 0.0, 0.0, 1.0]], [[0.9465502500534058, 0.3182980716228485, 0.05223926156759262, -1.1412353515625], [0.05752445012331009, -0.007220851723104715, -0.9983179569244385, 1.5886077880859375], [-0.3173854649066925, 0.9479631781578064, -0.025144819170236588, -0.10390472412109375], [0.0, 0.0, 0.0, 1.0]], [[0.002462881850078702, 0.9999927878379822, 0.002911826130002737, 0.0028076171875], [0.03321985527873039, 0.0028284103609621525, -0.9994440674781799, 1.5808486938476562], [-0.9994450211524963, 0.002558325184509158, -0.03321264311671257, -0.0428466796875], [0.0, 0.0, 0.0, 1.0]], [[-0.9332334995269775, 0.3548729717731476, -0.05603822320699692, 1.054443359375], [0.06679719686508179, 0.018129168078303337, -0.9976018667221069, 1.5572967529296875], [-0.3530060648918152, -0.93473881483078, -0.04062327370047569, -0.0943603515625], [0.0, 0.0, 0.0, 1.0]]], "view": [[0.0, -2.0, 100.0], [-2.0, 0.0, 100.0], [0.0, 0.0, 1.0]], "bev": "bev_2a3acf1a56d646598aba2e1477703c46.png", "aux": "aux_2a3acf1a56d646598aba2e1477703c46.npz", "visibility": "visibility_2a3acf1a56d646598aba2e1477703c46.png", "pose": [[0.5912600159645081, -0.8064810037612915, 0.0, 542.0922241210938], [0.8064810037612915, 0.5912600159645081, 0.0, 1741.28369140625], [0.0, 0.0, 1.0, 0.0], [0.0, 0.0, 0.0, 1.0]], "pose_inverse": [[0.5912600159645081, 0.8064810037612915, 0.0, -1724.8297119140625], [-0.8064810037612915, 0.5912600159645081, 0.0, -592.3643188476562], [0.0, 0.0, 1.0, 0.0], [0.0, 0.0, 0.0, 1.0]], "cam_ids": [0, 1, 2, 3, 4, 5], "cam_channels": ["CAM_FRONT_LEFT", "CAM_FRONT", "CAM_FRONT_RIGHT", "CAM_BACK_LEFT", "CAM_BACK", "CAM_BACK_RIGHT"], "token": "2a3acf1a56d646598aba2e1477703c46", "scene": "scene-0929"}, {"images": ["samples/CAM_FRONT_LEFT/n015-2018-10-08-15-44-23+0800__CAM_FRONT_LEFT__1538985014354844.jpg", "samples/CAM_FRONT/n015-2018-10-08-15-44-23+0800__CAM_FRONT__1538985014362460.jpg", "samples/CAM_FRONT_RIGHT/n015-2018-10-08-15-44-23+0800__CAM_FRONT_RIGHT__1538985014370339.jpg", "samples/CAM_BACK_LEFT/n015-2018-10-08-15-44-23+0800__CAM_BACK_LEFT__1538985014397423.jpg", "samples/CAM_BACK/n015-2018-10-08-15-44-23+0800__CAM_BACK__1538985014387525.jpg", "samples/CAM_BACK_RIGHT/n015-2018-10-08-15-44-23+0800__CAM_BACK_RIGHT__1538985014377893.jpg"], "intrinsics": [[[1272.5979470598488, 0.0, 826.6154927353808], [0.0, 1272.5979470598488, 479.75165386361925], [0.0, 0.0, 1.0]], [[1266.417203046554, 0.0, 816.2670197447984], [0.0, 1266.417203046554, 491.50706579294757], [0.0, 0.0, 1.0]], [[1260.8474446004698, 0.0, 807.968244525554], [0.0, 1260.8474446004698, 495.3344268742088], [0.0, 0.0, 1.0]], [[1256.7414812095406, 0.0, 792.1125740759628], [0.0, 1256.7414812095406, 492.7757465151356], [0.0, 0.0, 1.0]], [[809.2209905677063, 0.0, 829.2196003259838], [0.0, 809.2209905677063, 481.77842384512485], [0.0, 0.0, 1.0]], [[1259.5137405846733, 0.0, 807.2529053838625], [0.0, 1259.5137405846733, 501.19579884916527], [0.0, 0.0, 1.0]]], "extrinsics": [[[0.8215011954307556, -0.5693419575691223, 0.03139202669262886, -0.79736328125], [0.041786063462495804, 0.005204470828175545, -0.9991130232810974, 1.5167007446289062], [0.5686736106872559, 0.8220843076705933, 0.028066042810678482, -1.1663818359375], [0.0, 0.0, 0.0, 1.0]], [[0.007608708459883928, -0.999970555305481, -0.000858660030644387, 0.00799560546875], [0.03651158884167671, 0.0011359278578311205, -0.99933260679245, 1.5265884399414062], [0.9993041753768921, 0.0075723230838775635, 0.03651915863156319, -1.526611328125], [0.0, 0.0, 0.0, 1.0]], [[-0.830984890460968, -0.5544542074203491, -0.045217253267765045, 0.9267578125], [0.042094193398952484, 0.018378237262368202, -0.9989445805549622, 1.5090179443359375], [0.5547000765800476, -0.8320112228393555, 0.008067267946898937, -1.17645263671875], [0.0, 0.0, 0.0, 1.0]], [[0.9468938112258911, 0.3184834122657776, 0.04427659884095192, -1.1444091796875], [0.05068136751651764, -0.01184767298400402, -0.9986445307731628, 1.5884323120117188], [-0.3175271153450012, 0.9478543996810913, -0.02735966444015503, -0.102752685546875], [0.0, 0.0, 0.0, 1.0]], [[0.002293942729011178, 0.9999957084655762, -0.0018316706409677863, 0.00244140625], [0.025331789627671242, -0.0018891964573413134, -0.999677300453186, 1.58050537109375], [-0.9996764063835144, 0.0022467649541795254, -0.025336017832159996, -0.043212890625], [0.0, 0.0, 0.0, 1.0]], [[-0.9338377118110657, 0.3542618155479431, -0.04945441707968712, 1.0501708984375], [0.05795348063111305, 0.013414653949439526, -0.9982291460037231, 1.5567474365234375], [-0.35297107696533203, -0.9350501298904419, -0.033057816326618195, -0.0948486328125], [0.0, 0.0, 0.0, 1.0]]], "view": [[0.0, -2.0, 100.0], [-2.0, 0.0, 100.0], [0.0, 0.0, 1.0]], "bev": "bev_b5e8f9603115423f892de447e3907229.png", "aux": "aux_b5e8f9603115423f892de447e3907229.npz", "visibility": "visibility_b5e8f9603115423f892de447e3907229.png", "pose": [[0.6126721501350403, -0.7903371453285217, 0.0, 543.5056762695312], [0.7903371453285217, 0.6126721501350403, 0.0, 1743.139892578125], [0.0, 0.0, 1.0, 0.0], [0.0, 0.0, 0.0, 1.0]], "pose_inverse": [[0.6126721501350403, 0.7903371453285217, 0.0, -1710.6590576171875], [-0.7903371453285217, 0.6126721501350403, 0.0, -638.4205932617188], [0.0, 0.0, 1.0, 0.0], [0.0, 0.0, 0.0, 1.0]], "cam_ids": [0, 1, 2, 3, 4, 5], "cam_channels": ["CAM_FRONT_LEFT", "CAM_FRONT", "CAM_FRONT_RIGHT", "CAM_BACK_LEFT", "CAM_BACK", "CAM_BACK_RIGHT"], "token": "b5e8f9603115423f892de447e3907229", "scene": "scene-0929"}, {"images": ["samples/CAM_FRONT_LEFT/n015-2018-10-08-15-44-23+0800__CAM_FRONT_LEFT__1538985014854844.jpg", "samples/CAM_FRONT/n015-2018-10-08-15-44-23+0800__CAM_FRONT__1538985014862460.jpg", "samples/CAM_FRONT_RIGHT/n015-2018-10-08-15-44-23+0800__CAM_FRONT_RIGHT__1538985014870339.jpg", "samples/CAM_BACK_LEFT/n015-2018-10-08-15-44-23+0800__CAM_BACK_LEFT__1538985014897423.jpg", "samples/CAM_BACK/n015-2018-10-08-15-44-23+0800__CAM_BACK__1538985014887525.jpg", "samples/CAM_BACK_RIGHT/n015-2018-10-08-15-44-23+0800__CAM_BACK_RIGHT__1538985014877893.jpg"], "intrinsics": [[[1272.5979470598488, 0.0, 826.6154927353808], [0.0, 1272.5979470598488, 479.75165386361925], [0.0, 0.0, 1.0]], [[1266.417203046554, 0.0, 816.2670197447984], [0.0, 1266.417203046554, 491.50706579294757], [0.0, 0.0, 1.0]], [[1260.8474446004698, 0.0, 807.968244525554], [0.0, 1260.8474446004698, 495.3344268742088], [0.0, 0.0, 1.0]], [[1256.7414812095406, 0.0, 792.1125740759628], [0.0, 1256.7414812095406, 492.7757465151356], [0.0, 0.0, 1.0]], [[809.2209905677063, 0.0, 829.2196003259838], [0.0, 809.2209905677063, 481.77842384512485], [0.0, 0.0, 1.0]], [[1259.5137405846733, 0.0, 807.2529053838625], [0.0, 1259.5137405846733, 501.19579884916527], [0.0, 0.0, 1.0]]], "extrinsics": [[[0.8217856884002686, -0.5691993832588196, 0.026082487776875496, -0.7872314453125], [0.03568727523088455, 0.005730588920414448, -0.9993465542793274, 1.515899658203125], [0.5686779618263245, 0.8221794366836548, 0.025022491812705994, -1.15966796875], [0.0, 0.0, 0.0, 1.0]], [[0.007695258595049381, -0.9999694228172302, -0.0013583552790805697, 0.00787353515625], [0.03038344345986843, 0.0015915842959657311, -0.9995371103286743, 1.5259132385253906], [0.9995086193084717, 0.007650476414710283, 0.030394762754440308, -1.5155029296875], [0.0, 0.0, 0.0, 1.0]], [[-0.831252932548523, -0.5544307827949524, -0.040310487151145935, 0.9185791015625], [0.03593619540333748, 0.018767481669783592, -0.9991778135299683, 1.5085678100585938], [0.5547314882278442, -0.8320181369781494, 0.004323611035943031, -1.171234130859375], [0.0, 0.0, 0.0, 1.0]], [[0.9470993876457214, 0.3186204135417938, 0.038520488888025284, -1.1427001953125], [0.044549718499183655, -0.011654571630060673, -0.9989391565322876, 1.5885391235351562], [-0.31783345341682434, 0.9478107690811157, -0.025232484564185143, -0.10359954833984375], [0.0, 0.0, 0.0, 1.0]], [[0.0022097567562013865, 0.9999963045120239, -0.001590317697264254, 0.00244140625], [0.019174030050635338, -0.0016323995077982545, -0.9998148679733276, 1.5803203582763672], [-0.9998137354850769, 0.00217888457700