[{"images": ["samples/CAM_FRONT_LEFT/n008-2018-08-30-15-52-26-0400__CAM_FRONT_LEFT__1535659287004799.jpg", "samples/CAM_FRONT/n008-2018-08-30-15-52-26-0400__CAM_FRONT__1535659287012404.jpg", "samples/CAM_FRONT_RIGHT/n008-2018-08-30-15-52-26-0400__CAM_FRONT_RIGHT__1535659287020482.jpg", "samples/CAM_BACK_LEFT/n008-2018-08-30-15-52-26-0400__CAM_BACK_LEFT__1535659287047405.jpg", "samples/CAM_BACK/n008-2018-08-30-15-52-26-0400__CAM_BACK__1535659287037558.jpg", "samples/CAM_BACK_RIGHT/n008-2018-08-30-15-52-26-0400__CAM_BACK_RIGHT__1535659287028113.jpg"], "intrinsics": [[[1257.8625342125129, 0.0, 827.2410631095686], [0.0, 1257.8625342125129, 450.915498205774], [0.0, 0.0, 1.0]], [[1252.8131021185304, 0.0, 826.588114781398], [0.0, 1252.8131021185304, 469.9846626224581], [0.0, 0.0, 1.0]], [[1256.7485116440405, 0.0, 817.7887570959712], [0.0, 1256.7485116440403, 451.9541780095127], [0.0, 0.0, 1.0]], [[1254.9860565800168, 0.0, 829.5769333630991], [0.0, 1254.9860565800168, 467.1680561863987], [0.0, 0.0, 1.0]], [[796.8910634503094, 0.0, 857.7774326863696], [0.0, 796.8910634503094, 476.8848988407415], [0.0, 0.0, 1.0]], [[1249.9629280788233, 0.0, 825.3768045375984], [0.0, 1249.9629280788233, 462.54816385708756], [0.0, 0.0, 1.0]]], "extrinsics": [[[0.8219202756881714, -0.5691795349121094, -0.021948248147964478, -0.76336669921875], [-0.020664846524596214, 0.008710554800927639, -0.9997485280036926, 1.4822368621826172], [0.5692275762557983, 0.822167158126831, -0.004602625500410795, -1.169921875], [0.0, 0.0, 0.0, 1.0]], [[0.009562819264829159, -0.9999426603317261, -0.004819663241505623, 0.010406494140625], [-0.018773814663290977, 0.004639497492462397, -0.9998129606246948, 1.4755830764770508], [0.9997780323028564, 0.00965153705328703, -0.01872836798429489, -1.4913330078125], [0.0, 0.0, 0.0, 1.0]], [[-0.8442826867103577, -0.5357791781425476, 0.011284667998552322, 0.92974853515625], [-0.010821289382874966, -0.004008532036095858, -0.9999334216117859, 1.4910039901733398], [0.5357887744903564, -0.844348669052124, -0.0024134882260113955, -1.1728668212890625], [0.0, 0.0, 0.0, 1.0]], [[0.9474824666976929, 0.3183196187019348, -0.030817268416285515, -1.126220703125], [-0.0363466702401638, 0.011444310657680035, -0.9992737174034119, 1.561361312866211], [-0.3177357316017151, 0.9479143619537354, 0.022413143888115883, -0.16220664978027344], [0.0, 0.0, 0.0, 1.0]], [[0.009710668586194515, 0.9999468922615051, 0.003459930419921875, -0.0289306640625], [-0.03411643207073212, 0.0037893876433372498, -0.9994106292724609, 1.5652542114257812], [-0.9993707537651062, 0.009586963802576065, 0.03415141999721527, -0.037841796875], [0.0, 0.0, 0.0, 1.0]], [[-0.9233342409133911, 0.38345983624458313, 0.020305225625634193, 1.02801513671875], [-0.029874885454773903, -0.01901637762784958, -0.9993727207183838, 1.5435657501220703], [-0.3828331530094147, -0.9233617186546326, 0.029014289379119873, -0.0970458984375], [0.0, 0.0, 0.0, 1.0]]], "view": [[0.0, -2.0, 100.0], [-2.0, 0.0, 100.0], [0.0, 0.0, 1.0]], "bev": "bev_566e79adce8048a7b1e5ec73b167c9d9.png", "aux": "aux_566e79adce8048a7b1e5ec73b167c9d9.npz", "visibility": "visibility_566e79adce8048a7b1e5ec73b167c9d9.png", "pose": [[0.6521430015563965, -0.7580959796905518, 0.0, 318.76959228515625], [0.7580959796905518, 0.6521430015563965, 0.0, 707.6629028320312], [0.0, 0.0, 1.0, 0.0], [0.0, 0.0, 0.0, 1.0]], "pose_inverse": [[0.6521430015563965, 0.7580959796905518, 0.0, -744.3597412109375], [-0.7580959796905518, 0.6521430015563965, 0.0, -219.8394775390625], [0.0, 0.0, 1.0, 0.0], [0.0, 0.0, 0.0, 1.0]], "cam_ids": [0, 1, 2, 3, 4, 5], "cam_channels": ["CAM_FRONT_LEFT", "CAM_FRONT", "CAM_FRONT_RIGHT", "CAM_BACK_LEFT", "CAM_BACK", "CAM_BACK_RIGHT"], "token": "566e79adce8048a7b1e5ec73b167c9d9", "scene": "scene-0537"}, {"images": ["samples/CAM_FRONT_LEFT/n008-2018-08-30-15-52-26-0400__CAM_FRONT_LEFT__1535659287504799.jpg", "samples/CAM_FRONT/n008-2018-08-30-15-52-26-0400__CAM_FRONT__1535659287512404.jpg", "samples/CAM_FRONT_RIGHT/n008-2018-08-30-15-52-26-0400__CAM_FRONT_RIGHT__1535659287520482.jpg", "samples/CAM_BACK_LEFT/n008-2018-08-30-15-52-26-0400__CAM_BACK_LEFT__1535659287547405.jpg", "samples/CAM_BACK/n008-2018-08-30-15-52-26-0400__CAM_BACK__1535659287537558.jpg", "samples/CAM_BACK_RIGHT/n008-2018-08-30-15-52-26-0400__CAM_BACK_RIGHT__1535659287528113.jpg"], "intrinsics": [[[1257.8625342125129, 0.0, 827.2410631095686], [0.0, 1257.8625342125129, 450.915498205774], [0.0, 0.0, 1.0]], [[1252.8131021185304, 0.0, 826.588114781398], [0.0, 1252.8131021185304, 469.9846626224581], [0.0, 0.0, 1.0]], [[1256.7485116440405, 0.0, 817.7887570959712], [0.0, 1256.7485116440403, 451.9541780095127], [0.0, 0.0, 1.0]], [[1254.9860565800168, 0.0, 829.5769333630991], [0.0, 1254.9860565800168, 467.1680561863987], [0.0, 0.0, 1.0]], [[796.8910634503094, 0.0, 857.7774326863696], [0.0, 796.8910634503094, 476.8848988407415], [0.0, 0.0, 1.0]], [[1249.9629280788233, 0.0, 825.3768045375984], [0.0, 1249.9629280788233, 462.54816385708756], [0.0, 0.0, 1.0]]], "extrinsics": [[[0.8218114972114563, -0.5692041516304016, -0.025152472779154778, -0.7677001953125], [-0.025153392925858498, 0.007857270538806915, -0.9996527433395386, 1.4810562133789062], [0.5692040920257568, 0.8221587538719177, -0.007860219106078148, -1.17242431640625], [0.0, 0.0, 0.0, 1.0]], [[0.009630939923226833, -0.9999462962150574, -0.0038083381950855255, 0.01019287109375], [-0.023184724152088165, 0.003584190970286727, -0.9997247457504272, 1.4746322631835938], [0.999684751033783, 0.009716631844639778, -0.023148957639932632, -1.49658203125], [0.0, 0.0, 0.0, 1.0]], [[-0.8441251516342163, -0.535918653011322, 0.01561713870614767, 0.9342041015625], [-0.015148313716053963, -0.005277025047689676, -0.9998713135719299, 1.4902563095092773], [0.535932183265686, -0.8442530632019043, -0.003663794370368123, -1.1757354736328125], [0.0, 0.0, 0.0, 1.0]], [[0.947351336479187, 0.31825074553489685, -0.03524233400821686, -1.13037109375], [-0.040359269827604294, 0.009496849961578846, -0.9991400837898254, 1.56146240234375], [-0.31764236092567444, 0.9479590058326721, 0.021841222420334816, -0.16080856323242188], [0.0, 0.0, 0.0, 1.0]], [[0.009628411382436752, 0.9999521374702454, 0.0017197998240590096, -0.0289764404296875], [-0.03830753266811371, 0.0020874757319688797, -0.9992638230323792, 1.565093994140625], [-0.9992195963859558, 0.00955552700906992, 0.03832579776644707, -0.0330810546875], [0.0, 0.0, 0.0, 1.0]], [[-0.9233086109161377, 0.38332411646842957, 0.023742172867059708, 1.0325927734375], [-0.03419676050543785, -0.02048100158572197, -0.9992052316665649, 1.5431270599365234], [-0.38253313302993774, -0.9233867526054382, 0.03201873227953911, -0.094940185546875], [0.0, 0.0, 0.0, 1.0]]], "view": [[0.0, -2.0, 100.0], [-2.0, 0.0, 100.0], [0.0, 0.0, 1.0]], "bev": "bev_1eb55c3aa6b742b89c2aa0ec37e8e950.png", "aux": "aux_1eb55c3aa6b742b89c2aa0ec37e8e950.npz", "visibility": "visibility_1eb55c3aa6b742b89c2aa0ec37e8e950.png", "pose": [[0.6475749611854553, -0.7620017528533936, 0.0, 320.8851318359375], [0.7620017528533936, 0.6475749611854553, 0.0, 710.09619140625], [0.0, 0.0, 1.0, 0.0], [0.0, 0.0, 0.0, 1.0]], "pose_inverse": [[0.6475749611854553, 0.7620017528533936, 0.0, -748.8917236328125], [-0.7620017528533936, 0.6475749611854553, 0.0, -215.3254852294922], [0.0, 0.0, 1.0, 0.0], [0.0, 0.0, 0.0, 1.0]], "cam_ids": [0, 1, 2, 3, 4, 5], "cam_channels": ["CAM_FRONT_LEFT", "CAM_FRONT", "CAM_FRONT_RIGHT", "CAM_BACK_LEFT", "CAM_BACK", "CAM_BACK_RIGHT"], "token": "1eb55c3aa6b742b89c2aa0ec37e8e950", "scene": "scene-0537"}, {"images": ["samples/CAM_FRONT_LEFT/n008-2018-08-30-15-52-26-0400__CAM_FRONT_LEFT__1535659288004799.jpg", "samples/CAM_FRONT/n008-2018-08-30-15-52-26-0400__CAM_FRONT__1535659288012404.jpg", "samples/CAM_FRONT_RIGHT/n008-2018-08-30-15-52-26-0400__CAM_FRONT_RIGHT__1535659288020482.jpg", "samples/CAM_BACK_LEFT/n008-2018-08-30-15-52-26-0400__CAM_BACK_LEFT__1535659288047405.jpg", "samples/CAM_BACK/n008-2018-08-30-15-52-26-0400__CAM_BACK__1535659288037558.jpg", "samples/CAM_BACK_RIGHT/n008-2018-08-30-15-52-26-0400__CAM_BACK_RIGHT__1535659288028113.jpg"], "intrinsics": [[[1257.8625342125129, 0.0, 827.2410631095686], [0.0, 1257.8625342125129, 450.915498205774], [0.0, 0.0, 1.0]], [[1252.8131021185304, 0.0, 826.588114781398], [0.0, 1252.8131021185304, 469.9846626224581], [0.0, 0.0, 1.0]], [[1256.7485116440405, 0.0, 817.7887570959712], [0.0, 1256.7485116440403, 451.9541780095127], [0.0, 0.0, 1.0]], [[1254.9860565800168, 0.0, 829.5769333630991], [0.0, 1254.9860565800168, 467.1680561863987], [0.0, 0.0, 1.0]], [[796.8910634503094, 0.0, 857.7774326863696], [0.0, 796.8910634503094, 476.8848988407415], [0.0, 0.0, 1.0]], [[1249.9629280788233, 0.0, 825.3768045375984], [0.0, 1249.9629280788233, 462.54816385708756], [0.0, 0.0, 1.0]]], "extrinsics": [[[0.8215270638465881, -0.5696967840194702, -0.02321443147957325, -0.757781982421875], [-0.023893071338534355, 0.006281489040702581, -0.9996947646141052, 1.481119155883789], [0.5696687698364258, 0.8218309879302979, -0.00845139380544424, -1.16357421875], [0.0, 0.0, 0.0, 1.0]], [[0.00916931964457035, -0.9999550580978394, -0.002421381650492549, 0.008941650390625], [-0.022056806832551956, 0.0022186432033777237, -0.9997542500495911, 1.474679946899414], [0.9997146725654602, 0.009220420382916927, -0.022035470232367516, -1.48614501953125], [0.0, 0.0, 0.0, 1.0]], [[-0.8443398475646973, -0.5355865955352783, 0.015398403629660606, 0.927490234375], [-0.014161870814859867, -0.00642120186239481, -0.9998790621757507, 1.4903326034545898], [0.5356206893920898, -0.844455897808075, -0.002163231372833252, -1.1728363037109375], [0.0, 0.0, 0.0, 1.0]], [[0.9473684430122375, 0.31823447346687317, -0.03492464870214462, -1.1337890625], [-0.039808593690395355, 0.008854526095092297, -0.9991680979728699, 1.5616168975830078], [-0.3176605999469757, 0.9479706883430481, 0.021056970581412315, -0.15962982177734375], [0.0, 0.0, 0.0, 1.0]], [[0.00976589322090149, 0.9999518990516663, 0.0009695650660432875, -0.0284881591796875], [-0.037661369889974594, 0.0013367383508011699, -0.9992896318435669, 1.5651321411132812], [-0.999242901802063, 0.009722400456666946, 0.037672609090805054, -0.033447265625], [0.0, 0.0, 0.0, 1.0]], [[-0.9232255220413208, 0.38359832763671875, 0.02251468412578106, 1.02923583984375], [-0.033271338790655136, -0.021428408101201057, -0.999216616153717, 1.5430965423583984], [-0.38281530141830444, -0.9232514500617981, 0.03254608064889908, -0.097412109375], [0.0, 0.0, 0.0, 1.0]]], "view": [[0.0, -2.0, 100.0], [-2.0, 0.0, 100.0], [0.0, 0.0, 1.0]], "bev": "bev_47de869c5c2e4083ad6bd9f58c427d50.png", "aux": "aux_47de869c5c2e4083ad6bd9f58c427d50.npz", "visibility": "visibility_47de869c5c2e4083ad6bd9f58c427d50.png", "pose": [[0.642742395401001, -0.7660824060440063, 0.0, 323.0125732421875], [0.7660824060440063, 0.642742395401001, 0.0, 712.5697631835938], [0.0, 0.0, 1.0, 0.0], [0.0, 0.0, 0.0, 1.0]], "pose_inverse": [[0.642742395401001, 0.7660824060440063, 0.0, -753.5010375976562], [-0.7660824060440063, 0.642742395401001, 0.0, -210.54454040527344], [0.0, 0.0, 1.0, 0.0], [0.0, 0.0, 0.0, 1.0]], "cam_ids": [0, 1, 2, 3, 4, 5], "cam_channels": ["CAM_FRONT_LEFT", "CAM_FRONT", "CAM_FRONT_RIGHT", "CAM_BACK_LEFT", "CAM_BACK", "CAM_BACK_RIGHT"], "token": "47de869c5c2e4083ad6bd9f58c427d50", "scene": "scene-0537"}, {"images": ["samples/CAM_FRONT_LEFT/n008-2018-08-30-15-52-26-0400__CAM_FRONT_LEFT__1535659288504799.jpg", "samples/CAM_FRONT/n008-2018-08-30-15-52-26-0400__CAM_FRONT__1535659288512404.jpg", "samples/CAM_FRONT_RIGHT/n008-2018-08-30-15-52-26-0400__CAM_FRONT_RIGHT__1535659288520482.jpg", "samples/CAM_BACK_LEFT/n008-2018-08-30-15-52-26-0400__CAM_BACK_LEFT__1535659288547405.jpg", "samples/CAM_BACK/n008-2018-08-30-15-52-26-0400__CAM_BACK__1535659288537566.jpg", "samples/CAM_BACK_RIGHT/n008-2018-08-30-15-52-26-0400__CAM_BACK_RIGHT__1535659288528113.jpg"], "intrinsics": [[[1257.8625342125129, 0.0, 827.2410631095686], [0.0, 1257.8625342125129, 450.915498205774], [0.0, 0.0, 1.0]], [[1252.8131021185304, 0.0, 826.588114781398], [0.0, 1252.8131021185304, 469.9846626224581], [0.0, 0.0, 1.0]], [[1256.7485116440405, 0.0, 817.7887570959712], [0.0, 1256.7485116440403, 451.9541780095127], [0.0, 0.0, 1.0]], [[1254.9860565800168, 0.0, 829.5769333630991], [0.0, 1254.9860565800168, 467.1680561863987], [0.0, 0.0, 1.0]], [[796.8910634503094, 0.0, 857.7774326863696], [0.0, 796.8910634503094, 476.8848988407415], [0.0, 0.0, 1.0]], [[1249.9629280788233, 0.0, 825.3768045375984], [0.0, 1249.9629280788233, 462.54816385708756], [0.0, 0.0, 1.0]]], "extrinsics": [[[0.8218525052070618, -0.5691924691200256, -0.024051502346992493, -0.7777099609375], [-0.026494570076465607, 0.003985010553151369, -0.9996410012245178, 1.4810104370117188], [0.5690839290618896, 0.8221947550773621, -0.011805418878793716, -1.17987060546875], [0.0, 0.0, 0.0, 1.0]], [[0.009718053042888641, -0.9999527931213379, -7.5083880801685154e-06, 0.0105438232421875], [-0.0245685838162899, -0.0002312613360118121, -0.9996981024742126, 1.4746074676513672], [0.9996508955955505, 0.009715302847325802, -0.024569671601057053, -1.50848388671875], [0.0, 0.0, 0.0, 1.0]], [[-0.8440754413604736, -0.5358935594558716, 0.01883661188185215, 0.9442138671875], [-0.01657780259847641, -0.00903228297829628, -0.9998217821121216, 1.4901885986328125], [0.5359681844711304, -0.8442372679710388, -0.0012600081972777843, -1.181427001953125], [0.0, 0.0, 0.0, 1.0]], [[0.9472625255584717, 0.31818342208862305, -0.03811974823474884, -1.138671875], [-0.04216315969824791, 0.0058280108496546745, -0.9990937113761902, 1.5618038177490234], [-0.3176729083061218, 0.9480112791061401, 0.0189362745732069, -0.1579437255859375], [0.0, 0.0, 0.0, 1.0]], [[0.009582637809216976, 0.9999520182609558, -0.0020053077023476362, -0.0292510986328125], [-0.039977122098207474, -0.0016206942964345217, -0.9991992115974426, 1.565359115600586], [-0.9991546273231506, 0.009655117988586426, 0.03995967656373978, -0.02313232421875], [0.0, 0.0, 0.0, 1.0]], [[-0.9232861399650574, 0.3833811283111572, 0.023694729432463646, 1.0426025390625], [-0.035685498267412186, -0.024193229153752327, -0.9990701675415039, 1.5433235168457031], [-0.38245144486427307, -0.9232733249664307, 0.03601842001080513, -0.090484619140625], [0.0, 0.0, 0.0, 1.0]]], "view": [[0.0, -2.0, 100.0], [-2.0, 0.0, 100.0], [0.0, 0.0, 1.0]], "bev": "bev_cddceaee561e4634bf28959a5bb87bae.png", "aux": "aux_cddceaee561e4634bf28959a5bb87bae.npz", "visibility": "visibility_cddceaee561e4634bf28959a5bb87bae.png", "pose": [[0.639579713344574, -0.768724799156189, 0.0, 325.1133728027344], [0.768724799156189, 0.639579713344574, 0.0, 715.036865234375], [0.0, 0.0, 1.0, 0.0], [0.0, 0.0, 0.0, 1.0]], "pose_inverse": [[0.639579713344574, 0.768724799156189, 0.0, -757.6024780273438], [-0.768724799156189, 0.639579713344574, 0.0, -207.40037536621094], [0.0, 0.0, 1.0, 0.0], [0.0, 0.0, 0.0, 1.0]], "cam_ids": [0, 1, 2, 3, 4, 5], "cam_channels": ["CAM_FRONT_LEFT", "CAM_FRONT", "CAM_FRONT_RIGHT", "CAM_BACK_LEFT", "CAM_BACK", "CAM_BACK_RIGHT"], "token": "cddceaee561e4634bf28959a5bb87bae", "scene": "scene-0537"}, {"images": ["samples/CAM_FRONT_LEFT/n008-2018-08-30-15-52-26-0400__CAM_FRONT_LEFT__1535659289004799.jpg", "samples/CAM_FRONT/n008-2018-08-30-15-52-26-0400__CAM_FRONT__1535659289012404.jpg", "samples/CAM_FRONT_RIGHT/n008-2018-08-30-15-52-26-0400__CAM_FRONT_RIGHT__1535659289020482.jpg", "samples/CAM_BACK_LEFT/n008-2018-08-30-15-52-26-0400__CAM_BACK_LEFT__1535659289047405.jpg", "samples/CAM_BACK/n008-2018-08-30-15-52-26-0400__CAM_BACK__1535659289037558.jpg", "samples/CAM_BACK_RIGHT/n008-2018-08-30-15-52-26-0400__CAM_BACK_RIGHT__1535659289028113.jpg"], "intrinsics": [[[1257.8625342125129, 0.0, 827.2410631095686], [0.0, 1257.8625342125129, 450.915498205774], [0.0, 0.0, 1.0]], [[1252.8131021185304, 0.0, 826.588114781398], [0.0, 1252.8131021185304, 469.9846626224581], [0.0, 0.0, 1.0]], [[1256.7485116440405, 0.0, 817.7887570959712], [0.0, 1256.7485116440403, 451.9541780095127], [0.0, 0.0, 1.0]], [[1254.9860565800168, 0.0, 829.5769333630991], [0.0, 1254.9860565800168, 467.1680561863987], [0.0, 0.0, 1.0]], [[796.8910634503094, 0.0, 857.7774326863696], [0.0, 796.8910634503094, 476.8848988407415], [0.0, 0.0, 1.0]], [[1249.9629280788233, 0.0, 825.3768045375984], [0.0, 1249.9629280788233, 462.54816385708756], [0.0, 0.0, 1.0]]], "extrinsics": [[[0.8218157887458801, -0.5692668557167053, -0.023539789021015167, -0.784515380859375], [-0.026664867997169495, 0.002841751789674163, -0.9996404051780701, 1.4811630249023438], [0.5691290497779846, 0.8221479058265686, -0.012844030745327473, -1.1824951171875], [0.0, 0.0, 0.0, 1.0]], [[0.009692399762570858, -0.9999524354934692, 0.0010316800326108932, 0.0087738037109375], [-0.024588339030742645, -0.001269746571779251, -0.9996968507766724, 1.4747562408447266], [0.9996505975723267, 0.00966409221291542, -0.024599479511380196, -1.51483154296875], [0.0, 0.0, 0.0, 1.0]], [[-0.8440737128257751, -0.5358827710151672, 0.019214875996112823, 0.94769287109375], [-0.016437310725450516, -0.009959306567907333, -0.9998152852058411, 1.4902915954589844], [0.5359752178192139, -0.8442336916923523, -0.00040208353311754763, -1.185638427734375], [0.0, 0.0, 0.0, 1.0]], [[0.9472881555557251, 0.31818440556526184, -0.03746919333934784, -1.13958740234375], [-0.04128479212522507, 0.005254397168755531, -0.9991335868835449, 1.5618572235107422], [-0.31771185994148254, 0.9480143189430237, 0.01811360754072666, -0.15758895874023438], [0.0, 0.0, 0.0, 1.0]], [[0.009557715617120266, 0.9999507665634155, -0.0026798781473189592, -0.028564453125], [-0.03938186913728714, -0.002301505533978343, -0.9992215633392334, 1.5655059814453125], [-0.9991785287857056, 0.009655728936195374, 0.03935793787240982, -0.02056884765625], [0.0, 0.0, 0.0, 1.0]], [[-0.9233004450798035, 0.3833833336830139, 0.023097965866327286, 1.04693603515625], [-0.035377126187086105, -0.025007447227835655, -0.999061107635498, 1.5434837341308594], [-0.38244569301605225, -0.923250675201416, 0.03665238618850708, -0.09002685546875], [0.0, 0.0, 0.0, 1.0]]], "view": [[0.0, -2.0, 100.0], [-2.0, 0.0, 100.0], [0.0, 0.0, 1.0]], "bev": "bev_0c7b724903d145549281eb79c236e0ba.png", "aux": "aux_0c7b724903d145549281eb79c236e0ba.npz", "visibility": "visibility_0c7b724903d145549281eb79c236e0ba.png", "pose": [[0.634976863861084, -0.7725311517715454, 0.0, 327.1275329589844], [0.7725311517715454, 0.634976863861084, 0.0, 717.43359375], [0.0, 0.0, 1.0, 0.0], [0.0, 0.0, 0.0, 1.0]], "pose_inverse": [[0.634976863861084, 0.7725311517715454, 0.0, -761.9581909179688], [-0.7725311517715454, 0.634976863861084, 0.0, -202.83750915527344], [0.0, 0.0, 1.0, 0.0], [0.0, 0.0, 0.0, 1.0]], "cam_ids": [0, 1, 2, 3, 4, 5], "cam_channels": ["CAM_FRONT_LEFT", "CAM_FRONT", "CAM_FRONT_RIGHT", "CAM_BACK_LEFT", "CAM_BACK", "CAM_BACK_RIGHT"], "token": "0c7b724903d145549281eb79c236e0ba", "scene": "scene-0537"}, {"images": ["samples/CAM_FRONT_LEFT/n008-2018-08-30-15-52-26-0400__CAM_FRONT_LEFT__1535659289504799.jpg", "samples/CAM_FRONT/n008-2018-08-30-15-52-26-0400__CAM_FRONT__1535659289512404.jpg", "samples/CAM_FRONT_RIGHT/n008-2018-08-30-15-52-26-0400__CAM_FRONT_RIGHT__1535659289520482.jpg", "samples/CAM_BACK_LEFT/n008-2018-08-30-15-52-26-0400__CAM_BACK_LEFT__1535659289547405.jpg", "samples/CAM_BACK/n008-2018-08-30-15-52-26-0400__CAM_BACK__1535659289537558.jpg", "samples/CAM_BACK_RIGHT/n008-2018-08-30-15-52-26-0400__CAM_BACK_RIGHT__1535659289528113.jpg"], "intrinsics": [[[1257.8625342125129, 0.0, 827.2410631095686], [0.0, 1257.8625342125129, 450.915498205774], [0.0, 0.0, 1.0]], [[1252.8131021185304, 0.0, 826.588114781398], [0.0, 1252.8131021185304, 469.9846626224581], [0.0, 0.0, 1.0]], [[1256.7485116440405, 0.0, 817.7887570959712], [0.0, 1256.7485116440403, 451.9541780095127], [0.0, 0.0, 1.0]], [[1254.9860565800168, 0.0, 829.5769333630991], [0.0, 1254.9860565800168, 467.1680561863987], [0.0, 0.0, 1.0]], [[796.8910634503094, 0.0, 857.7774326863696], [0.0, 796.8910634503094, 476.8848988407415], [0.0, 0.0, 1.0]], [[1249.9629280788233, 0.0, 825.3768045375984], [0.0, 1249.9629280788233, 462.54816385708756], [0.0, 0.0, 1.0]]], "extrinsics": [[[0.8222509026527405, -0.5687839984893799, -0.0197068452835083, -0.79327392578125], [-0.02011367678642273, 0.005562862381339073, -0.9997822046279907, 1.4831466674804688], [0.5687697529792786, 0.8224681615829468, -0.006866271607577801, -1.19122314453125], [0.0, 0.0, 0.0, 1.0]], [[0.010182159021496773, -0.9999465346336365, -0.0018077136483043432, 0.0107574462890625], [-0.017985310405492783, 0.0016243752324953675, -0.9998369216918945, 1.476395606994629], [0.999786376953125, 0.010213016532361507, -0.01796780712902546, -1.52545166015625], [0.0, 0.0, 0.0, 1.0]], [[-0.8439322710037231, -0.5363168716430664, 0.011941296048462391, 0.956298828125], [-0.009777214378118515, -0.006878648418933153, -0.9999285340309143, 1.4915180206298828], [0.5363606810569763, -0.8439887166023254, 0.0005614283727481961, -1.188720703125], [0.0, 0.0, 0.0, 1.0]], [[0.9474977850914001, 0.3183598816394806, -0.02991669997572899, -1.140380859375], [-0.03454893082380295, 0.008912504650652409, -0.9993633031845093, 1.5619125366210938], [-0.31789058446884155, 0.9479280114173889, 0.01944357343018055, -0.157440185546875], [0.0, 0.0, 0.0, 1.0]], [[0.009349885396659374, 0.999955952167511, 0.0008585304603911936, -0.0295562744140625], [-0.032653581351041794, 0.0011634316761046648, -0.999466061592102, 1.5660667419433594], [-0.9994230270385742, 0.00931684859097004, 0.0326630175113678, -0.0167236328125], [0.0, 0.0, 0.0, 1.0]], [[-0.923579752445221, 0.3829772174358368, 0.018136337399482727, 1.052490234375], [-0.028649548068642616, -0.021765124052762985, -0.9993525147438049, 1.5445327758789062], [-0.38233453035354614, -0.9235013127326965, 0.031073950231075287, -0.08599853515625], [0.0, 0.0, 0.0, 1.0]]], "view": [[0.0, -2.0, 100.0], [-2.0, 0.0, 100.0], [0.0, 0.0, 1.0]], "bev": "bev_3912a8b2c5cd442194f65e44b3896850.png", "aux": "aux_3912a8b2c5cd442194f65e44b3896850.npz", "visibility": "visibility_3912a8b2c5cd442194f65e44b3896850.png", "pose": [[0.6314185857772827, -0.7754421830177307, 0.0, 329.0892333984375], [0.7754421830177307, 0.6314185857772827, 0.0, 719.803955078125], [0.0, 0.0, 1.0, 0.0], [0.0, 0.0, 0.0, 1.0]], "pose_inverse": [[0.6314185857772827, 0.7754421830177307, 0.0, -765.9594116210938], [-0.7754421830177307, 0.6314185857772827, 0.0, -199.30792236328125], [0.0, 0.0, 1.0, 0.0], [0.0, 0.0, 0.0, 1.0]], "cam_ids": [0, 1, 2, 3, 4, 5], "cam_channels": ["CAM_FRONT_LEFT", "CAM_FRONT", "CAM_FRONT_RIGHT", "CAM_BACK_LEFT", "CAM_BACK", "CAM_BACK_RIGHT"], "token": "3912a8b2c5cd442194f65e44b3896850", "scene": "scene-0537"}, {"images": ["samples/CAM_FRONT_LEFT/n008-2018-08-30-15-52-26-0400__CAM_FRONT_LEFT__1535659290004799.jpg", "samples/CAM_FRONT/n008-2018-08-30-15-52-26-0400__CAM_FRONT__1535659290012404.jpg", "samples/CAM_FRONT_RIGHT/n008-2018-08-30-15-52-26-0400__CAM_FRONT_RIGHT__1535659290020482.jpg", "samples/CAM_BACK_LEFT/n008-2018-08-30-15-52-26-0400__CAM_BACK_LEFT__1535659290047405.jpg", "samples/CAM_BACK/n008-2018-08-30-15-52-26-0400__CAM_BACK__1535659290037558.jpg", "samples/CAM_BACK_RIGHT/n008-2018-08-30-15-52-26-0400__CAM_BACK_RIGHT__1535659290028113.jpg"], "intrinsics": [[[1257.8625342125129, 0.0, 827.2410631095686], [0.0, 1257.8625342125129, 450.915498205774], [0.0, 0.0, 1.0]], [[1252.8131021185304, 0.0, 826.588114781398], [0.0, 1252.8131021185304, 469.9846626224581], [0.0, 0.0, 1.0]], [[1256.7485116440405, 0.0, 817.7887570959712], [0.0, 1256.7485116440403, 451.9541780095127], [0.0, 0.0, 1.0]], [[1254.9860565800168, 0.0, 829.5769333630991], [0.0, 1254.9860565800168, 467.1680561863987], [0.0, 0.0, 1.0]], [[796.8910634503094, 0.0, 857.7774326863696], [0.0, 796.8910634503094, 476.8848988407415], [0.0, 0.0, 1.0]], [[1249.9629280788233, 0.0, 825.3768045375984], [0.0, 1249.9629280788233, 462.54816385708756], [0.0, 0.0, 1.0]]], "extrinsics": [[[0.8221959471702576, -0.5691458582878113, -0.00818171352148056, -0.78668212890625], [-0.004268911201506853, 0.008207879960536957, -0.9999572038650513, 1.4871479272842407], [0.5691885948181152, 0.8221956491470337, 0.004318851977586746, -1.1854248046875], [0.0, 0.0, 0.0, 1.0]], [[0.009736950509250164, -0.9999436736106873, -0.004231197759509087, 0.0095977783203125], [-0.001963159069418907, 0.0042122732847929, -0.9999892115592957, 1.4797241687774658], [0.999950647354126, 0.009745157323777676, -0.0019220333779230714, -1.5146484375], [0.0, 0.0, 0.0, 1.0]], [[-0.8442736864089966, -0.5359034538269043, -0.003096020547673106, 0.94476318359375], [0.006430970039218664, -0.004354461561888456, -0.9999698400497437, 1.494196891784668], [0.5358737707138062, -0.8442680835723877, 0.007122734561562538, -1.1830291748046875], [0.0, 0.0, 0.0, 1.0]], [[0.947815477848053, 0.31854358315467834, -0.013256414793431759, -1.1376953125], [-0.01782502420246601, 0.011431378312408924, -0.999775767326355, 1.5619239807128906], [-0.31832069158554077, 0.9478393197059631, 0.016512887552380562, -0.15828323364257812], [0.0, 0.0, 0.0, 1.0]], [[0.009434789419174194, 0.9999493360519409, 0.0035063601098954678, -0.0288543701171875], [-0.016104893758893013, 0.0036580136511474848, -0.9998636245727539, 1.5669574737548828], [-0.9998258352279663, 0.00937696360051632, 0.0161385927349329, -0.02398681640625], [0.0, 0.0, 0.0, 1.0]], [[-0.9236185550689697, 0.38329264521598816, 0.003924454562366009, 1.04248046875], [-0.012246827594935894, -0.019275005906820297, -0.9997392296791077, 1.5462732315063477], [-0.3831169903278351, -0.9234258532524109, 0.022496873512864113, -0.091461181640625], [0.0, 0.0, 0.0, 1.0]]], "view": [[0.0, -2.0, 100.0], [-2.0, 0.0, 100.0], [0.0, 0.0, 1.0]], "bev": "bev_dd6d4ee38100416cac3cf1c29f7902c4.png", "aux": "aux_dd6d4ee38100416cac3cf1c29f7902c4.npz", "visibility": "visibility_dd6d4ee38100416cac3cf1c29f7902c4.png", "pose": [[0.6288553476333618, -0.7775223255157471, 0.0, 330.9455871582031], [0.7775223255157471, 0.6288553476333618, 0.0, 722.0401611328125], [0.0, 0.0, 1.0, 0.0], [0.0, 0.0, 0.0, 1.0]], "pose_inverse": [[0.6288553476333618, 0.7775223255157471, 0.0, -769.5192260742188], [-0.7775223255157471, 0.6288553476333618, 0.0, -196.7412109375], [0.0, 0.0, 1.0, 0.0], [0.0, 0.0, 0.0, 1.0]], "cam_ids": [0, 1, 2, 3, 4, 5], "cam_channels": ["CAM_FRONT_LEFT", "CAM_FRONT", "CAM_FRONT_RIGHT", "CAM_BACK_LEFT", "CAM_BACK", "CAM_BACK_RIGHT"], "token": "dd6d4ee38100416cac3cf1c29f7902c4", "scene": "scene-0537"}, {"images": ["samples/CAM_FRONT_LEFT/n008-2018-08-30-15-52-26-0400__CAM_FRONT_LEFT__1535659290504799.jpg", "samples/CAM_FRONT/n008-2018-08-30-15-52-26-0400__CAM_FRONT__1535659290512404.jpg", "samples/CAM_FRONT_RIGHT/n008-2018-08-30-15-52-26-0400__CAM_FRONT_RIGHT__1535659290520482.jpg", "samples/CAM_BACK_LEFT/n008-2018-08-30-15-52-26-0400__CAM_BACK_LEFT__1535659290547405.jpg", "samples/CAM_BACK/n008-2018-08-30-15-52-26-0400__CAM_BACK__1535659290537558.jpg", "samples/CAM_BACK_RIGHT/n008-2018-08-30-15-52-26-0400__CAM_BACK_RIGHT__1535659290528113.jpg"], "intrinsics": [[[1257.8625342125129, 0.0, 827.2410631095686], [0.0, 1257.8625342125129, 450.915498205774], [0.0, 0.0, 1.0]], [[1252.8131021185304, 0.0, 826.588114781398], [0.0, 1252.8131021185304, 469.9846626224581], [0.0, 0.0, 1.0]], [[1256.7485116440405, 0.0, 817.7887570959712], [0.0, 1256.7485116440403, 451.9541780095127], [0.0, 0.0, 1.0]], [[1254.9860565800168, 0.0, 829.5769333630991], [0.0, 1254.9860565800168, 467.1680561863987], [0.0, 0.0, 1.0]], [[796.8910634503094, 0.0, 857.7774326863696], [0.0, 796.8910634503094, 476.8848988407415], [0.0, 0.0, 1.0]], [[1249.9629280788233, 0.0, 825.3768045375984], [0.0, 1249.9629280788233, 462.54816385708756], [0.0, 0.0, 1.0]]], "extrinsics": [[[0.822449803352356, -0.5687682628631592, -0.008889627642929554, -0.78289794921875], [-0.0009441234869882464, 0.014262797310948372, -0.999897837638855, 1.4879684448242188], [0.5688369274139404, 0.8223742246627808, 0.011193446815013885, -1.18603515625], [0.0, 0.0, 0.0, 1.0]], [[0.010172889567911625, -0.9998959898948669, -0.01021589431911707, 0.0119476318359375], [0.0010357564315199852, 0.010226954706013203, -0.999947190284729, 1.4803498983383179], [0.9999476671218872, 0.010161792859435081, 0.0011396871414035559, -1.51373291015625], [0.0, 0.0, 0.0, 1.0]], [[-0.8440259099006653, -0.5362344980239868, -0.00853746011853218, 0.94671630859375], [0.00908562634140253, 0.001619801390916109, -0.9999573826789856, 1.4946365356445312], [0.5362254977226257, -0.8440675139427185, 0.0035048709250986576, -1.182037353515625], [0.0, 0.0, 0.0, 1.0]], [[0.9478314518928528, 0.3186109960079193, -0.01013311930000782, -1.1353759765625], [-0.016381237655878067, 0.016937099397182465, -0.9997223019599915, 1.5618906021118164], [-0.3183509409427643, 0.9477341771125793, 0.021272758021950722, -0.159210205078125], [0.0, 0.0, 0.0, 1.0]], [[0.009249093942344189, 0.9999144077301025, 0.00924915075302124, -0.0296173095703125], [-0.014213211834430695, 0.009380070492625237, -0.9998549222946167, 1.5670671463012695], [-0.9998562335968018, 0.009116295725107193, 0.014298754744231701, -0.02471923828125], [0.0, 0.0, 0.0, 1.0]], [[-0.923761248588562, 0.38294655084609985, 0.0041291252709925175, 1.0428466796875], [-0.010015069507062435, -0.013377809897065163, -0.9998603463172913, 1.5465784072875977], [-0.3828376829624176, -0.9236735701560974, 0.01619313843548298, -0.089813232421875], [0.0, 0.0, 0.0, 1.0]]], "view": [[0.0, -2.0, 100.0], [-2.0, 0.0, 100.0], [0.0, 0.0, 1.0]], "bev": "bev_821f64c5e5dc4d6f8eb1e2bdcaeda635.png", "aux": "aux_821f64c5e5dc4d6f8eb1e2bdcaeda635.npz", "visibility": "visibility_821f64c5e5dc4d6f8eb1e2bdcaeda635.png", "pose": [[0.6275519728660583, -0.7785746455192566, 0.0, 332.8351745605469], [0.7785746455192566, 0.6275519728660583, 0.0, 724.3214721679688], [0.0, 0.0, 1.0, 0.0], [0.0, 0.0, 0.0, 1.0]], "pose_inverse": [[0.6275519728660583, 0.7785746455192566, 0.0, -772.8097534179688], [-0.7785746455192566, 0.6275519728660583, 0.0, -195.41233825683594], [0.0, 0.0, 1.0, 0.0], [0.0, 0.0, 0.0, 1.0]], "cam_ids": [0, 1, 2, 3, 4, 5], "cam_channels": ["CAM_FRONT_LEFT", "CAM_FRONT", "CAM_FRONT_RIGHT", "CAM_BACK_LEFT", "CAM_BACK", "CAM_BACK_RIGHT"], "token": "821f64c5e5dc4d6f8eb1e2bdcaeda635", "scene": "scene-0537"}, {"images": ["samples/CAM_FRONT_LEFT/n008-2018-08-30-15-52-26-0400__CAM_FRONT_LEFT__1535659291004799.jpg", "samples/CAM_FRONT/n008-2018-08-30-15-52-26-0400__CAM_FRONT__1535659291012404.jpg", "samples/CAM_FRONT_RIGHT/n008-2018-08-30-15-52-26-0400__CAM_FRONT_RIGHT__1535659291020482.jpg", "samples/CAM_BACK_LEFT/n008-2018-08-30-15-52-26-0400__CAM_BACK_LEFT__1535659291047405.jpg", "samples/CAM_BACK/n008-2018-08-30-15-52-26-0400__CAM_BACK__1535659291037558.jpg", "samples/CAM_BACK_RIGHT/n008-2018-08-30-15-52-26-0400__CAM_BACK_RIGHT__1535659291028113.jpg"], "intrinsics": [[[1257.8625342125129, 0.0, 827.2410631095686], [0.0, 1257.8625342125129, 450.915498205774], [0.0, 0.0, 1.0]], [[1252.8131021185304, 0.0, 826.588114781398], [0.0, 1252.8131021185304, 469.9846626224581], [0.0, 0.0, 1.0]], [[1256.7485116440405, 0.0, 817.7887570959712], [0.0, 1256.7485116440403, 451.9541780095127], [0.0, 0.0, 1.0]], [[1254.9860565800168, 0.0, 829.5769333630991], [0.0, 1254.9860565800168, 467.1680561863987], [0.0, 0.0, 1.0]], [[796.8910634503094, 0.0, 857.7774326863696], [0.0, 796.8910634503094, 476.8848988407415], [0.0, 0.0, 1.0]], [[1249.9629280788233, 0.0, 825.3768045375984], [0.0, 1249.9629280788233, 462.54816385708756], [0.0, 0.0, 1.0]]], "extrinsics": [[[0.8220045566558838, -0.5693572163581848, -0.01187171321362257, -0.79998779296875], [-0.005040114279836416, 0.013572271913290024, -0.9998952150344849, 1.4870127439498901], [0.5694587230682373, 0.8219782114028931, 0.00828684400767088, -1.1942138671875], [0.0, 0.0, 0.0, 1.0]], [[0.009350940585136414, -0.999911904335022, -0.00942277628928423, 0.0088043212890625], [-0.0030098753049969673, 0.009395001456141472, -0.9999513626098633, 1.479535698890686], [0.9999517202377319, 0.00937885232269764, -0.002921758219599724, -1.5301513671875], [0.0, 0.0, 0.0, 1.0]], [[-0.8445138931274414, -0.5355136394500732, -0.004636543337255716, 0.95697021484375], [0.005089240614324808, 0.000632194452919066, -0.9999868273735046, 1.49387788772583], [0.5355095267295837, -0.8445264101028442, 0.0021914602257311344, -1.19219970703125], [0.0, 0.0, 0.0, 1.0]], [[0.9478118419647217, 0.31852206587791443, -0.014010215178132057, -1.1339111328125], [-0.02001436986029148, 0.015584951266646385, -0.9996781945228577, 1.5618295669555664], [-0.3182011842727661, 0.9477872252464294, 0.02114662155508995, -0.1595306396484375], [0.0, 0.0, 0.0, 1.0]], [[0.009685272350907326, 0.9999212026596069, 0.007984235882759094, -0.0283355712890625], [-0.01803530752658844, 0.00815798994153738, -0.9998040199279785, 1.5668964385986328], [-0.9997904300689697, 0.009539351798593998, 0.018112899735569954, -0.0201416015625], [0.0, 0.0, 0.0, 1.0]], [[-0.9234629273414612, 0.383618026971817, 0.007300121709704399, 1.05322265625], [-0.013917854055762291, -0.014477875083684921, -0.9997982978820801, 1.546198844909668], [-0.3834349513053894, -0.9233783483505249, 0.01870892196893692, -0.088043212890625], [0.0, 0.0, 0.0, 1.0]]], "view": [[0.0, -2.0, 100.0], [-2.0, 0.0, 100.0], [0.0, 0.0, 1.0]], "bev": "bev_c7ab1374c0ae4d239e76b23a016eba0e.png", "aux": "aux_c7ab1374c0ae4d239e76b23a016eba0e.npz", "visibility": "visibility_c7ab1374c0ae4d239e76b23a016eba0e.png", "pose": [[0.6227476596832275, -0.7824227213859558, 0.0, 334.6001892089844], [0.7824227213859558, 0.6227476596832275, 0.0, 726.4568481445312], [0.0, 0.0, 1.0, 0.0], [0.0, 0.0, 0.0, 1.0]], "pose_inverse": [[0.6227476596832275, 0.7824227213859558, 0.0, -776.767822265625], [-0.7824227213859558, 0.6227476596832275, 0.0, -190.6005096435547], [0.0, 0.0, 1.0, 0.0], [0.0, 0.0, 0.0, 1.0]], "cam_ids": [0, 1, 2, 3, 4, 5], "cam_channels": ["CAM_FRONT_LEFT", "CAM_FRONT", "CAM_FRONT_RIGHT", "CAM_BACK_LEFT", "CAM_BACK", "CAM_BACK_RIGHT"], "token": "c7ab1374c0ae4d239e76b23a016eba0e", "scene": "scene-0537"}, {"images": ["samples/CAM_FRONT_LEFT/n008-2018-08-30-15-52-26-0400__CAM_FRONT_LEFT__1535659291504799.jpg", "samples/CAM_FRONT/n008-2018-08-30-15-52-26-0400__CAM_FRONT__1535659291512404.jpg", "samples/CAM_FRONT_RIGHT/n008-2018-08-30-15-52-26-0400__CAM_FRONT_RIGHT__1535659291520482.jpg", "samples/CAM_BACK_LEFT/n008-2018-08-30-15-52-26-0400__CAM_BACK_LEFT__1535659291547405.jpg", "samples/CAM_BACK/n008-2018-08-30-15-52-26-0400__CAM_BACK__1535659291537558.jpg", "samples/CAM_BACK_RIGHT/n008-2018-08-30-15-52-26-0400__CAM_BACK_RIGHT__1535659291528113.jpg"], "intrinsics": [[[1257.8625342125129, 0.0, 827.2410631095686], [0.0, 1257.8625342125129, 450.915498205774], [0.0, 0.0, 1.0]], [[1252.8131021185304, 0.0, 826.588114781398], [0.0, 1252.8131021185304, 469.9846626224581], [0.0, 0.0, 1.0]], [[1256.7485116440405, 0.0, 817.7887570959712], [0.0, 1256.7485116440403, 451.9541780095127], [0.0, 0.0, 1.0]], [[1254.9860565800168, 0.0, 829.5769333630991], [0.0, 1254.9860565800168, 467.1680561863987], [0.0, 0.0, 1.0]], [[796.8910634503094, 0.0, 857.7774326863696], [0.0, 796.8910634503094, 476.8848988407415], [0.0, 0.0, 1.0]], [[1249.9629280788233, 0.0, 825.3768045375984], [0.0, 1249.9629280788233, 462.54816385708756], [0.0, 0.0, 1.0]]], "extrinsics": [[[0.8224338889122009, -0.5687991380691528, -0.008374515920877457, -0.81494140625], [5.257974044070579e-05, 0.014797565527260303, -0.9998905062675476, 1.4882731437683105], [0.5688607692718506, 0.8223433494567871, 0.012199925258755684, -1.20465087890625], [0.0, 0.0, 0.0, 1.0]], [[0.010081646963953972, -0.9998918175697327, -0.010703949257731438, 0.009185791015625], [0.001970206154510379, 0.010724334977567196, -0.9999405741691589, 1.4805188179016113], [0.9999472498893738, 0.010059977881610394, 0.0020781124476343393, -1.54522705078125], [0.0, 0.0, 0.0, 1.0]], [[-0.8441051840782166, -0.5360932350158691, -0.009514662437140942, 0.9674072265625], [0.009952694177627563, 0.002076225122436881, -0.999948263168335, 1.494530200958252], [0.536085307598114, -0.8441562652587891, 0.0035830193664878607, -1.197662353515625], [0.0, 0.0, 0.0, 1.0]], [[0.9478442072868347, 0.3186006546020508, -0.009222243912518024, -1.13787841796875], [-0.015558088198304176, 0.017347438260912895, -0.9997284412384033, 1.5619430541992188], [-0.318354070186615, 0.947730302810669, 0.0213994849473238, -0.158172607421875], [0.0, 0.0, 0.0, 1.0]], [[0.009320779703557491, 0.9999098181724548, 0.009670314379036427, -0.0288238525390625], [-0.013393692672252655, 0.009794706478714943, -0.9998623132705688, 1.5672826766967773], [-0.9998668432235718, 0.009190022014081478, 0.013483780436217785, -0.01336669921875], [0.0, 0.0, 0.0, 1.0]], [[-0.9237083196640015, 0.38308078050613403, 0.0034711607731878757, 1.0615234375], [-0.009130188263952732, -0.012955247424542904, -0.9998744130134583, 1.5468482971191406], [-0.3829876482486725, -0.9236239194869995, 0.015464470721781254, -0.083770751953125], [0.0, 0.0, 0.0, 1.0]]], "view": [[0.0, -2.0, 100.0], [-2.0, 0.0, 100.0], [0.0, 0.0, 1.0]], "bev": "bev_3c8860426e084607ba164766c92df0cc.png", "aux": "aux_3c8860426e084607ba164766c92df0cc.npz", "visibility": "visibility_3c8860426e084607ba164766c92df0cc.png", "pose": [[0.6183234453201294, -0.7859237194061279, 0.0, 336.2647705078125], [0.7859237194061279, 0.6183234453201294, 0.0, 728.5139770507812], [0.0, 0.0, 1.0, 0.0], [0.0, 0.0, 0.0, 1.0]], "pose_inverse": [[0.6183234453201294, 0.7859237194061279, 0.0, -780.476806640625], [-0.7859237194061279, 0.6183234453201294, 0.0, -186.17880249023438], [0.0, 0.0, 1.0, 0.0], [0.0, 0.0, 0.0, 1.0]], "cam_ids": [0, 1, 2, 3, 4, 5], "cam_channels": ["CAM_FRONT_LEFT", "CAM_FRONT", "CAM_FRONT_RIGHT", "CAM_BACK_LEFT", "CAM_BACK", "CAM_BACK_RIGHT"], "token": "3c8860426e084607ba164766c92df0cc", "scene": "scene-0537"}, {"images": ["samples/CAM_FRONT_LEFT/n008-2018-08-30-15-52-26-0400__CAM_FRONT_LEFT__1535659292004799.jpg", "samples/CAM_FRONT/n008-2018-08-30-15-52-26-0400__CAM_FRONT__1535659292012404.jpg", "samples/CAM_FRONT_RIGHT/n008-2018-08-30-15-52-26-0400__CAM_FRONT_RIGHT__1535659292020482.jpg", "samples/CAM_BACK_LEFT/n008-2018-08-30-15-52-26-0400__CAM_BACK_LEFT__1535659292047405.jpg", "samples/CAM_BACK/n008-2018-08-30-15-52-26-0400__CAM_BACK__1535659292037558.jpg", "samples/CAM_BACK_RIGHT/n008-2018-08-30-15-52-26-0400__CAM_BACK_RIGHT__1535659292028113.jpg"], "intrinsics": [[[1257.8625342125129, 0.0, 827.2410631095686], [0.0, 1257.8625342125129, 450.915498205774], [0.0, 0.0, 1.0]], [[1252.8131021185304, 0.0, 826.588114781398], [0.0, 1252.8131021185304, 469.9846626224581], [0.0, 0.0, 1.0]], [[1256.7485116440405, 0.0, 817.7887570959712], [0.0, 1256.7485116440403, 451.9541780095127], [0.0, 0.0, 1.0]], [[1254.9860565800168, 0.0, 829.5769333630991], [0.0, 1254.9860565800168, 467.1680561863987], [0.0, 0.0, 1.0]], [[796.8910634503094, 0.0, 857.7774326863696], [0.0, 796.8910634503094, 476.8848988407415], [0.0, 0.0, 1.0]], [[1249.9629280788233, 0.0, 825.3768045375984], [0.0, 1249.9629280788233, 462.54816385708756], [0.0, 0.0, 1.0]]], "extrinsics": [[[0.8221867680549622, -0.5689248442649841, -0.01826130971312523, -0.82342529296875], [-0.004578659310936928, 0.025470292195677757, -0.9996650815010071, 1.4872382879257202], [0.5691993236541748, 0.8219951391220093, 0.018336426466703415, -1.21002197265625], [0.0, 0.0, 0.0, 1.0]], [[0.009747198782861233, -0.9997246861457825, -0.0213390551507473, 0.0087738037109375], [-0.002353099174797535, 0.021317075937986374, -0.9997700452804565, 1.4797033071517944], [0.9999497532844543, 0.00979513581842184, -0.0021446708124130964, -1.55322265625], [0.0, 0.0, 0.0, 1.0]], [[-0.8442553281784058, -0.535811722278595, -0.011771854013204575, 0.97222900390625], [0.005956258159130812, 0.012582983821630478, -0.9999030232429504, 1.4938960075378418], [0.5359078645706177, -0.8442437052726746, -0.007431820500642061, -1.200958251953125], [0.0, 0.0, 0.0, 1.0]], [[0.947830080986023, 0.3186546266078949, -0.008796872571110725, -1.1385498046875], [-0.01853150874376297, 0.02753041498363018, -0.9994491934776306, 1.5619373321533203], [-0.3182370364665985, 0.9474709630012512, 0.03199930861592293, -0.15798187255859375], [0.0, 0.0, 0.0, 1.0]]