[{"images": ["samples/CAM_FRONT_LEFT/n008-2018-08-29-16-04-13-0400__CAM_FRONT_LEFT__1535574112854799.jpg", "samples/CAM_FRONT/n008-2018-08-29-16-04-13-0400__CAM_FRONT__1535574112862404.jpg", "samples/CAM_FRONT_RIGHT/n008-2018-08-29-16-04-13-0400__CAM_FRONT_RIGHT__1535574112870482.jpg", "samples/CAM_BACK_LEFT/n008-2018-08-29-16-04-13-0400__CAM_BACK_LEFT__1535574112897417.jpg", "samples/CAM_BACK/n008-2018-08-29-16-04-13-0400__CAM_BACK__1535574112887558.jpg", "samples/CAM_BACK_RIGHT/n008-2018-08-29-16-04-13-0400__CAM_BACK_RIGHT__1535574112878113.jpg"], "intrinsics": [[[1257.8625342125129, 0.0, 827.2410631095686], [0.0, 1257.8625342125129, 450.915498205774], [0.0, 0.0, 1.0]], [[1252.8131021185304, 0.0, 826.588114781398], [0.0, 1252.8131021185304, 469.9846626224581], [0.0, 0.0, 1.0]], [[1256.7485116440405, 0.0, 817.7887570959712], [0.0, 1256.7485116440403, 451.9541780095127], [0.0, 0.0, 1.0]], [[1254.9860565800168, 0.0, 829.5769333630991], [0.0, 1254.9860565800168, 467.1680561863987], [0.0, 0.0, 1.0]], [[796.8910634503094, 0.0, 857.7774326863696], [0.0, 796.8910634503094, 476.8848988407415], [0.0, 0.0, 1.0]], [[1249.9629280788233, 0.0, 825.3768045375984], [0.0, 1249.9629280788233, 462.54816385708756], [0.0, 0.0, 1.0]]], "extrinsics": [[[0.8219233155250549, -0.5695700645446777, 0.005666480865329504, -0.7999267578125], [0.011137427762150764, 0.006124075036495924, -0.9999192357063293, 1.491063117980957], [0.5694893598556519, 0.8219199776649475, 0.011377064511179924, -1.1923828125], [0.0, 0.0, 0.0, 1.0]], [[0.009428691118955612, -0.99995356798172, -0.001997259445488453, 0.008544921875], [0.013460902497172356, 0.0021240899804979563, -0.9999071955680847, 1.482918620109558], [0.999864935874939, 0.00940094143152237, 0.013480305671691895, -1.529876708984375], [0.0, 0.0, 0.0, 1.0]], [[-0.8442598581314087, -0.5357236266136169, -0.015021879225969315, 0.95721435546875], [0.02182287722826004, -0.0063580917194485664, -0.9997416138648987, 1.496541976928711], [0.5354896783828735, -0.8443695306777954, 0.01705891080200672, -1.19189453125], [0.0, 0.0, 0.0, 1.0]], [[0.9478804469108582, 0.3186250925064087, 0.000809365592431277, -1.13946533203125], [-0.00249542691744864, 0.009963714517652988, -0.9999472498893738, 1.562032699584961], [-0.3186163902282715, 0.9478283524513245, 0.01023951731622219, -0.157470703125], [0.0, 0.0, 0.0, 1.0]], [[0.009428318589925766, 0.9999536275863647, 0.0019359256839379668, -0.028564453125], [-0.000712429522536695, 0.0019427293445914984, -0.9999978542327881, 1.5680160522460938], [-0.9999552965164185, 0.009426964446902275, 0.0007307128980755806, -0.0167388916015625], [0.0, 0.0, 0.0, 1.0]], [[-0.9235085844993591, 0.38342082500457764, -0.010967283509671688, 1.0543212890625], [0.003087905002757907, -0.02115970104932785, -0.9997713565826416, 1.5481834411621094], [-0.38356515765190125, -0.9233313202857971, 0.018357200548052788, -0.0872802734375], [0.0, 0.0, 0.0, 1.0]]], "view": [[0.0, -2.0, 100.0], [-2.0, 0.0, 100.0], [0.0, 0.0, 1.0]], "bev": "bev_0cfe7726e3fe43dda4d71ea9db829990.png", "aux": "aux_0cfe7726e3fe43dda4d71ea9db829990.npz", "visibility": "visibility_0cfe7726e3fe43dda4d71ea9db829990.png", "pose": [[0.4978865683078766, 0.867242157459259, 0.0, 1766.015380859375], [-0.867242157459259, 0.4978865683078766, 0.0, 1208.385498046875], [0.0, 0.0, 1.0, 0.0], [0.0, 0.0, 0.0, 1.0]], "pose_inverse": [[0.4978865683078766, -0.867242157459259, 0.0, 168.68753051757812], [0.867242157459259, 0.4978865683078766, 0.0, -2133.201904296875], [0.0, 0.0, 1.0, 0.0], [0.0, 0.0, 0.0, 1.0]], "cam_ids": [0, 1, 2, 3, 4, 5], "cam_channels": ["CAM_FRONT_LEFT", "CAM_FRONT", "CAM_FRONT_RIGHT", "CAM_BACK_LEFT", "CAM_BACK", "CAM_BACK_RIGHT"], "token": "0cfe7726e3fe43dda4d71ea9db829990", "scene": "scene-0738"}, {"images": ["samples/CAM_FRONT_LEFT/n008-2018-08-29-16-04-13-0400__CAM_FRONT_LEFT__1535574113354799.jpg", "samples/CAM_FRONT/n008-2018-08-29-16-04-13-0400__CAM_FRONT__1535574113362404.jpg", "samples/CAM_FRONT_RIGHT/n008-2018-08-29-16-04-13-0400__CAM_FRONT_RIGHT__1535574113370482.jpg", "samples/CAM_BACK_LEFT/n008-2018-08-29-16-04-13-0400__CAM_BACK_LEFT__1535574113397405.jpg", "samples/CAM_BACK/n008-2018-08-29-16-04-13-0400__CAM_BACK__1535574113387558.jpg", "samples/CAM_BACK_RIGHT/n008-2018-08-29-16-04-13-0400__CAM_BACK_RIGHT__1535574113378113.jpg"], "intrinsics": [[[1257.8625342125129, 0.0, 827.2410631095686], [0.0, 1257.8625342125129, 450.915498205774], [0.0, 0.0, 1.0]], [[1252.8131021185304, 0.0, 826.588114781398], [0.0, 1252.8131021185304, 469.9846626224581], [0.0, 0.0, 1.0]], [[1256.7485116440405, 0.0, 817.7887570959712], [0.0, 1256.7485116440403, 451.9541780095127], [0.0, 0.0, 1.0]], [[1254.9860565800168, 0.0, 829.5769333630991], [0.0, 1254.9860565800168, 467.1680561863987], [0.0, 0.0, 1.0]], [[796.8910634503094, 0.0, 857.7774326863696], [0.0, 796.8910634503094, 476.8848988407415], [0.0, 0.0, 1.0]], [[1249.9629280788233, 0.0, 825.3768045375984], [0.0, 1249.9629280788233, 462.54816385708756], [0.0, 0.0, 1.0]]], "extrinsics": [[[0.8181501626968384, -0.5749900341033936, 0.004123445134609938, -0.798828125], [0.012621642090380192, 0.010788921266794205, -0.9998621344566345, 1.4914417266845703], [0.5748661756515503, 0.8180893659591675, 0.016084272414445877, -1.190673828125], [0.0, 0.0, 0.0, 1.0]], [[0.003907546866685152, -0.9999718070030212, -0.006411680486053228, 0.0078125], [0.014721324667334557, 0.006468559615314007, -0.9998707175254822, 1.4831981658935547], [0.9998840093612671, 0.0038127885200083256, 0.014746185392141342, -1.5279769897460938], [0.0, 0.0, 0.0, 1.0]], [[-0.846525251865387, -0.5320414900779724, -0.01808096282184124, 0.9559326171875], [0.022879986092448235, -0.002428958425298333, -0.9997352957725525, 1.496725082397461], [0.5318567752838135, -0.8467147946357727, 0.014229277148842812, -1.1920166015625], [0.0, 0.0, 0.0, 1.0]], [[0.9479219913482666, 0.3184940814971924, 0.002343950793147087, -1.139892578125], [-0.0016667445888742805, 0.012319582514464855, -0.9999226927757263, 1.5620403289794922], [-0.31849831342697144, 0.9478448629379272, 0.012208851985633373, -0.1571044921875], [0.0, 0.0, 0.0, 1.0]], [[0.011036008596420288, 0.999926745891571, 0.004969406872987747, -0.0283203125], [0.00015033436648081988, 0.004968050867319107, -0.9999876022338867, 1.5680694580078125], [-0.9999390840530396, 0.011036677286028862, -9.549560490995646e-05, -0.01622772216796875], [0.0, 0.0, 0.0, 1.0]], [[-0.9223238825798035, 0.38627633452415466, -0.010451310314238071, 1.054443359375], [0.003973953425884247, -0.01756344549357891, -0.9998378753662109, 1.5482749938964844], [-0.3863973021507263, -0.9222159385681152, 0.014664141461253166, -0.0877685546875], [0.0, 0.0, 0.0, 1.0]]], "view": [[0.0, -2.0, 100.0], [-2.0, 0.0, 100.0], [0.0, 0.0, 1.0]], "bev": "bev_ec85bf54edc547e48dadf9419da38b8b.png", "aux": "aux_ec85bf54edc547e48dadf9419da38b8b.npz", "visibility": "visibility_ec85bf54edc547e48dadf9419da38b8b.png", "pose": [[0.5399641394615173, 0.8416880369186401, 0.0, 1767.4923095703125], [-0.8416880369186401, 0.5399641394615173, 0.0, 1205.8814697265625], [0.0, 0.0, 1.0, 0.0], [0.0, 0.0, 0.0, 1.0]], "pose_inverse": [[0.5399641394615173, -0.8416880369186401, 0.0, 60.59348678588867], [0.8416880369186401, 0.5399641394615173, 0.0, -2138.809814453125], [0.0, 0.0, 1.0, 0.0], [0.0, 0.0, 0.0, 1.0]], "cam_ids": [0, 1, 2, 3, 4, 5], "cam_channels": ["CAM_FRONT_LEFT", "CAM_FRONT", "CAM_FRONT_RIGHT", "CAM_BACK_LEFT", "CAM_BACK", "CAM_BACK_RIGHT"], "token": "ec85bf54edc547e48dadf9419da38b8b", "scene": "scene-0738"}, {"images": ["samples/CAM_FRONT_LEFT/n008-2018-08-29-16-04-13-0400__CAM_FRONT_LEFT__1535574113854806.jpg", "samples/CAM_FRONT/n008-2018-08-29-16-04-13-0400__CAM_FRONT__1535574113862404.jpg", "samples/CAM_FRONT_RIGHT/n008-2018-08-29-16-04-13-0400__CAM_FRONT_RIGHT__1535574113870482.jpg", "samples/CAM_BACK_LEFT/n008-2018-08-29-16-04-13-0400__CAM_BACK_LEFT__1535574113897405.jpg", "samples/CAM_BACK/n008-2018-08-29-16-04-13-0400__CAM_BACK__1535574113887558.jpg", "samples/CAM_BACK_RIGHT/n008-2018-08-29-16-04-13-0400__CAM_BACK_RIGHT__1535574113878113.jpg"], "intrinsics": [[[1257.8625342125129, 0.0, 827.2410631095686], [0.0, 1257.8625342125129, 450.915498205774], [0.0, 0.0, 1.0]], [[1252.8131021185304, 0.0, 826.588114781398], [0.0, 1252.8131021185304, 469.9846626224581], [0.0, 0.0, 1.0]], [[1256.7485116440405, 0.0, 817.7887570959712], [0.0, 1256.7485116440403, 451.9541780095127], [0.0, 0.0, 1.0]], [[1254.9860565800168, 0.0, 829.5769333630991], [0.0, 1254.9860565800168, 467.1680561863987], [0.0, 0.0, 1.0]], [[796.8910634503094, 0.0, 857.7774326863696], [0.0, 796.8910634503094, 476.8848988407415], [0.0, 0.0, 1.0]], [[1249.9629280788233, 0.0, 825.3768045375984], [0.0, 1249.9629280788233, 462.54816385708756], [0.0, 0.0, 1.0]]], "extrinsics": [[[0.8158949017524719, -0.5781397223472595, 0.00836201198399067, -0.797607421875], [0.015975644811987877, 0.008084163069725037, -0.999839723110199, 1.4923076629638672], [0.5779795050621033, 0.8158977627754211, 0.015831980854272842, -1.189453125], [0.0, 0.0, 0.0, 1.0]], [[0.0008889533928595483, -0.999992847442627, -0.003677595406770706, 0.00732421875], [0.017828794196248055, 0.0036928614135831594, -0.9998342394828796, 1.4838619232177734], [0.9998406171798706, 0.0008233109838329256, 0.017831949517130852, -1.526824951171875], [0.0, 0.0, 0.0, 1.0]], [[-0.8477128744125366, -0.5301154255867004, -0.018988359719514847, 0.9552001953125], [0.025707950815558434, -0.005302887875586748, -0.9996554255485535, 1.4972081184387207], [0.5298320651054382, -0.8479088544845581, 0.018123509362339973, -1.191162109375], [0.0, 0.0, 0.0, 1.0]], [[0.9479274153709412, 0.31847110390663147, 0.003152604680508375, -1.1407470703125], [0.0001452682336093858, 0.009466351941227913, -0.9999551773071289, 1.5620365142822266], [-0.31848663091659546, 0.947885274887085, 0.008927150629460812, -0.1578369140625], [0.0, 0.0, 0.0, 1.0]], [[0.01193022821098566, 0.9999265670776367, 0.0021082099992781878, -0.029052734375], [0.0023392238654196262, 0.002080446109175682, -0.9999950528144836, 1.5682015419006348], [-0.9999260902404785, 0.01193510927259922, -0.002314232522621751, -0.016693115234375], [0.0, 0.0, 0.0, 1.0]], [[-0.9216274619102478, 0.387826144695282, -0.013917583972215652, 1.0533447265625], [0.006494501139968634, -0.020444393157958984, -0.999769926071167, 1.5485916137695312], [-0.38802140951156616, -0.9215057492256165, 0.016323376446962357, -0.0877685546875], [0.0, 0.0, 0.0, 1.0]]], "view": [[0.0, -2.0, 100.0], [-2.0, 0.0, 100.0], [0.0, 0.0, 1.0]], "bev": "bev_81c6d6f40dee45c58224b61ba93a5f5d.png", "aux": "aux_81c6d6f40dee45c58224b61ba93a5f5d.npz", "visibility": "visibility_81c6d6f40dee45c58224b61ba93a5f5d.png", "pose": [[0.6359863877296448, 0.7717002630233765, 0.0, 1769.2071533203125], [-0.7717002630233765, 0.6359863877296448, 0.0, 1203.4898681640625], [0.0, 0.0, 1.0, 0.0], [0.0, 0.0, 0.0, 1.0]], "pose_inverse": [[0.6359863877296448, -0.7717002630233765, 0.0, -196.45814514160156], [0.7717002630233765, 0.6359863877296448, 0.0, -2130.700927734375], [0.0, 0.0, 1.0, 0.0], [0.0, 0.0, 0.0, 1.0]], "cam_ids": [0, 1, 2, 3, 4, 5], "cam_channels": ["CAM_FRONT_LEFT", "CAM_FRONT", "CAM_FRONT_RIGHT", "CAM_BACK_LEFT", "CAM_BACK", "CAM_BACK_RIGHT"], "token": "81c6d6f40dee45c58224b61ba93a5f5d", "scene": "scene-0738"}, {"images": ["samples/CAM_FRONT_LEFT/n008-2018-08-29-16-04-13-0400__CAM_FRONT_LEFT__1535574114354799.jpg", "samples/CAM_FRONT/n008-2018-08-29-16-04-13-0400__CAM_FRONT__1535574114362404.jpg", "samples/CAM_FRONT_RIGHT/n008-2018-08-29-16-04-13-0400__CAM_FRONT_RIGHT__1535574114370482.jpg", "samples/CAM_BACK_LEFT/n008-2018-08-29-16-04-13-0400__CAM_BACK_LEFT__1535574114397405.jpg", "samples/CAM_BACK/n008-2018-08-29-16-04-13-0400__CAM_BACK__1535574114387558.jpg", "samples/CAM_BACK_RIGHT/n008-2018-08-29-16-04-13-0400__CAM_BACK_RIGHT__1535574114378113.jpg"], "intrinsics": [[[1257.8625342125129, 0.0, 827.2410631095686], [0.0, 1257.8625342125129, 450.915498205774], [0.0, 0.0, 1.0]], [[1252.8131021185304, 0.0, 826.588114781398], [0.0, 1252.8131021185304, 469.9846626224581], [0.0, 0.0, 1.0]], [[1256.7485116440405, 0.0, 817.7887570959712], [0.0, 1256.7485116440403, 451.9541780095127], [0.0, 0.0, 1.0]], [[1254.9860565800168, 0.0, 829.5769333630991], [0.0, 1254.9860565800168, 467.1680561863987], [0.0, 0.0, 1.0]], [[796.8910634503094, 0.0, 857.7774326863696], [0.0, 796.8910634503094, 476.8848988407415], [0.0, 0.0, 1.0]], [[1249.9629280788233, 0.0, 825.3768045375984], [0.0, 1249.9629280788233, 462.54816385708756], [0.0, 0.0, 1.0]]], "extrinsics": [[[0.815995991230011, -0.5780324339866638, 0.005404226947575808, -0.79156494140625], [0.004450988955795765, -0.0030658442992717028, -0.9999853372573853, 1.4894561767578125], [0.5780405402183533, 0.8160080909729004, 7.109841681085527e-05, -1.18798828125], [0.0, 0.0, 0.0, 1.0]], [[0.000802354421466589, -0.9999770522117615, 0.00673096114769578, 0.0087890625], [0.006765719503164291, -0.0067253815941512585, -0.9999545216560364, 1.481623649597168], [0.9999767541885376, 0.0008478777017444372, 0.006760167423635721, -1.522735595703125], [0.0, 0.0, 0.0, 1.0]], [[-0.8478919267654419, -0.5301459431648254, -0.00496109202504158, 0.9532470703125], [0.015192863531410694, -0.01494294311851263, -0.9997729063034058, 1.4956016540527344], [0.5299513936042786, -0.8477747440338135, 0.02072443626821041, -1.1884765625], [0.0, 0.0, 0.0, 1.0]], [[0.9479378461837769, 0.31837308406829834, -0.0072446479462087154, -1.1414794921875], [-0.008345228619873524, 0.002093070186674595, -0.9999629855155945, 1.562017560005188], [-0.31834620237350464, 0.9479631781578064, 0.004640998784452677, -0.1575927734375], [0.0, 0.0, 0.0, 1.0]], [[0.012003998272120953, 0.9999091029167175, -0.006141978316009045, -0.029296875], [-0.006903742905706167, -0.0060593970119953156, -0.999957799911499, 1.5676393508911133], [-0.9999040961265564, 0.012045837938785553, 0.00683037843555212, -0.01739501953125], [0.0, 0.0, 0.0, 1.0]], [[-0.9216999411582947, 0.3878166973590851, -0.008206900209188461, 1.05120849609375], [-0.003463157918304205, -0.029383212327957153, -0.9995622038841248, 1.5474662780761719], [-0.38788801431655884, -0.9212680459022522, 0.02842557616531849, -0.087646484375], [0.0, 0.0, 0.0, 1.0]]], "view": [[0.0, -2.0, 100.0], [-2.0, 0.0, 100.0], [0.0, 0.0, 1.0]], "bev": "bev_270f99c549bc4f95889d9e09eb458fc9.png", "aux": "aux_270f99c549bc4f95889d9e09eb458fc9.npz", "visibility": "visibility_270f99c549bc4f95889d9e09eb458fc9.png", "pose": [[0.7311766743659973, 0.6821881532669067, 0.0, 1771.2373046875], [-0.6821881532669067, 0.7311766743659973, 0.0, 1201.2977294921875], [0.0, 0.0, 1.0, 0.0], [0.0, 0.0, 0.0, 1.0]], "pose_inverse": [[0.7311766743659973, -0.6821881532669067, 0.0, -475.5763244628906], [0.6821881532669067, 0.7311766743659973, 0.0, -2086.677978515625], [0.0, 0.0, 1.0, 0.0], [0.0, 0.0, 0.0, 1.0]], "cam_ids": [0, 1, 2, 3, 4, 5], "cam_channels": ["CAM_FRONT_LEFT", "CAM_FRONT", "CAM_FRONT_RIGHT", "CAM_BACK_LEFT", "CAM_BACK", "CAM_BACK_RIGHT"], "token": "270f99c549bc4f95889d9e09eb458fc9", "scene": "scene-0738"}, {"images": ["samples/CAM_FRONT_LEFT/n008-2018-08-29-16-04-13-0400__CAM_FRONT_LEFT__1535574114754799.jpg", "samples/CAM_FRONT/n008-2018-08-29-16-04-13-0400__CAM_FRONT__1535574114762404.jpg", "samples/CAM_FRONT_RIGHT/n008-2018-08-29-16-04-13-0400__CAM_FRONT_RIGHT__1535574114770482.jpg", "samples/CAM_BACK_LEFT/n008-2018-08-29-16-04-13-0400__CAM_BACK_LEFT__1535574114797405.jpg", "samples/CAM_BACK/n008-2018-08-29-16-04-13-0400__CAM_BACK__1535574114787558.jpg", "samples/CAM_BACK_RIGHT/n008-2018-08-29-16-04-13-0400__CAM_BACK_RIGHT__1535574114778113.jpg"], "intrinsics": [[[1257.8625342125129, 0.0, 827.2410631095686], [0.0, 1257.8625342125129, 450.915498205774], [0.0, 0.0, 1.0]], [[1252.8131021185304, 0.0, 826.588114781398], [0.0, 1252.8131021185304, 469.9846626224581], [0.0, 0.0, 1.0]], [[1256.7485116440405, 0.0, 817.7887570959712], [0.0, 1256.7485116440403, 451.9541780095127], [0.0, 0.0, 1.0]], [[1254.9860565800168, 0.0, 829.5769333630991], [0.0, 1254.9860565800168, 467.1680561863987], [0.0, 0.0, 1.0]], [[796.8910634503094, 0.0, 857.7774326863696], [0.0, 796.8910634503094, 476.8848988407415], [0.0, 0.0, 1.0]], [[1249.9629280788233, 0.0, 825.3768045375984], [0.0, 1249.9629280788233, 462.54816385708756], [0.0, 0.0, 1.0]]], "extrinsics": [[[0.815830647945404, -0.5782268047332764, 0.008610252290964127, -0.7889404296875], [0.013813101686537266, 0.0045999460853636265, -0.9998940229415894, 1.4919185638427734], [0.5781259536743164, 0.8158631324768066, 0.0117398826405406, -1.18310546875], [0.0, 0.0, 0.0, 1.0]], [[0.0007411124533973634, -0.9999995827674866, -0.0005917779053561389, 0.00732421875], [0.015423552133142948, 0.0006031384109519422, -0.9998809099197388, 1.4835090637207031], [0.9998807907104492, 0.0007319353171624243, 0.015423990786075592, -1.51806640625], [0.0, 0.0, 0.0, 1.0]], [[-0.8477966785430908, -0.5300996899604797, -0.015334758907556534, 0.949462890625], [0.02304316684603691, -0.007933822460472584, -0.9997029900550842, 1.496938705444336], [0.5298205614089966, -0.8478981852531433, 0.018941445276141167, -1.187744140625], [0.0, 0.0, 0.0, 1.0]], [[0.9479553699493408, 0.31840217113494873, -0.0008345378446392715, -1.1395263671875], [-0.0036075077950954437, 0.008119452744722366, -0.9999605417251587, 1.5620231628417969], [-0.31838279962539673, 0.9479209184646606, 0.008845518343150616, -0.15771484375], [0.0, 0.0, 0.0, 1.0]], [[0.011954170651733875, 0.9999285340309143, 0.00033378819352947176, -0.0284423828125], [-0.0010320055298507214, 0.0003461498417891562, -0.9999993443489075, 1.5679965019226074], [-0.9999280571937561, 0.011953773908317089, 0.001036069355905056, -0.01947021484375], [0.0, 0.0, 0.0, 1.0]], [[-0.9216638207435608, 0.3878023028373718, -0.012047706171870232, 1.0490875244140625], [0.0035397810861468315, -0.022645700722932816, -0.9997372627258301, 1.5482635498046875], [-0.3879731595516205, -0.9214643239974976, 0.01949898898601532, -0.089599609375], [0.0, 0.0, 0.0, 1.0]]], "view": [[0.0, -2.0, 100.0], [-2.0, 0.0, 100.0], [0.0, 0.0, 1.0]], "bev": "bev_00d7a6170cd54ddf938b072472a46423.png", "aux": "aux_00d7a6170cd54ddf938b072472a46423.npz", "visibility": "visibility_00d7a6170cd54ddf938b072472a46423.png", "pose": [[0.7962576150894165, 0.6049576997756958, 0.0, 1773.0653076171875], [-0.6049576997756958, 0.7962576150894165, 0.0, 1199.7296142578125], [0.0, 0.0, 1.0, 0.0], [0.0, 0.0, 0.0, 1.0]], "pose_inverse": [[0.7962576150894165, -0.6049576997756958, 0.0, -686.0310668945312], [0.6049576997756958, 0.7962576150894165, 0.0, -2027.92333984375], [0.0, 0.0, 1.0, 0.0], [0.0, 0.0, 0.0, 1.0]], "cam_ids": [0, 1, 2, 3, 4, 5], "cam_channels": ["CAM_FRONT_LEFT", "CAM_FRONT", "CAM_FRONT_RIGHT", "CAM_BACK_LEFT", "CAM_BACK", "CAM_BACK_RIGHT"], "token": "00d7a6170cd54ddf938b072472a46423", "scene": "scene-0738"}, {"images": ["samples/CAM_FRONT_LEFT/n008-2018-08-29-16-04-13-0400__CAM_FRONT_LEFT__1535574115255459.jpg", "samples/CAM_FRONT/n008-2018-08-29-16-04-13-0400__CAM_FRONT__1535574115262404.jpg", "samples/CAM_FRONT_RIGHT/n008-2018-08-29-16-04-13-0400__CAM_FRONT_RIGHT__1535574115270482.jpg", "samples/CAM_BACK_LEFT/n008-2018-08-29-16-04-13-0400__CAM_BACK_LEFT__1535574115298636.jpg", "samples/CAM_BACK/n008-2018-08-29-16-04-13-0400__CAM_BACK__1535574115287558.jpg", "samples/CAM_BACK_RIGHT/n008-2018-08-29-16-04-13-0400__CAM_BACK_RIGHT__1535574115278363.jpg"], "intrinsics": [[[1257.8625342125129, 0.0, 827.2410631095686], [0.0, 1257.8625342125129, 450.915498205774], [0.0, 0.0, 1.0]], [[1252.8131021185304, 0.0, 826.588114781398], [0.0, 1252.8131021185304, 469.9846626224581], [0.0, 0.0, 1.0]], [[1256.7485116440405, 0.0, 817.7887570959712], [0.0, 1256.7485116440403, 451.9541780095127], [0.0, 0.0, 1.0]], [[1254.9860565800168, 0.0, 829.5769333630991], [0.0, 1254.9860565800168, 467.1680561863987], [0.0, 0.0, 1.0]], [[796.8910634503094, 0.0, 857.7774326863696], [0.0, 796.8910634503094, 476.8848988407415], [0.0, 0.0, 1.0]], [[1249.9629280788233, 0.0, 825.3768045375984], [0.0, 1249.9629280788233, 462.54816385708756], [0.0, 0.0, 1.0]]], "extrinsics": [[[0.8162589073181152, -0.5776844024658203, 0.0014884058618918061, -0.786041259765625], [0.012505197897553444, 0.015093638561666012, -0.9998078942298889, 1.4915122985839844], [0.5775509476661682, 0.8161206245422363, 0.019544372335076332, -1.185302734375], [0.0, 0.0, 0.0, 1.0]], [[0.001259464188478887, -0.9999409914016724, -0.010788165964186192, 0.0106201171875], [0.01455317810177803, 0.010805359110236168, -0.999835729598999, 1.48333740234375], [0.999893307685852, 0.0011022848775610328, 0.014565928839147091, -1.5125732421875], [0.0, 0.0, 0.0, 1.0]], [[-0.8476296663284302, -0.5302008986473083, -0.02027260512113571, 0.9464111328125], [0.02271958999335766, 0.001904063392430544, -0.9997400641441345, 1.4969825744628906], [0.5301017165184021, -0.8478699326515198, 0.010432006791234016, -1.182861328125], [0.0, 0.0, 0.0, 1.0]], [[0.9479103088378906, 0.3185187578201294, 0.0034457212314009666, -1.144287109375], [-0.0019419926684349775, 0.01659580133855343, -0.999860405921936, 1.5620346069335938], [-0.31853148341178894, 0.9477712512016296, 0.01634989120066166, -0.15673828125], [0.0, 0.0, 0.0, 1.0]], [[0.011973865330219269, 0.9998849034309387, 0.009325584396719933, -0.02978515625], [-6.753160414518788e-05, 0.009327062405645847, -0.999956488609314, 1.5680408477783203], [-0.99992835521698, 0.01197277195751667, 0.0001792049006326124, -0.02362060546875], [0.0, 0.0, 0.0, 1.0]], [[-0.9217392206192017, 0.3877142667770386, -0.008625505492091179, 1.04486083984375], [0.0038063509855419397, -0.013195875100791454, -0.9999057054519653, 1.5483207702636719], [-0.3877914547920227, -0.9216850996017456, 0.010687380097806454, -0.089111328125], [0.0, 0.0, 0.0, 1.0]]], "view": [[0.0, -2.0, 100.0], [-2.0, 0.0, 100.0], [0.0, 0.0, 1.0]], "bev": "bev_09a1f4c258db486080575fa03fe2e47b.png", "aux": "aux_09a1f4c258db486080575fa03fe2e47b.npz", "visibility": "visibility_09a1f4c258db486080575fa03fe2e47b.png", "pose": [[0.8675074577331543, 0.4974241852760315, 0.0, 1775.5787353515625], [-0.4974241852760315, 0.8675074577331543, 0.0, 1198.02978515625], [0.0, 0.0, 1.0, 0.0], [0.0, 0.0, 0.0, 1.0]], "pose_inverse": [[0.8675074577331543, -0.4974241852760315, 0.0, -944.3988037109375], [0.4974241852760315, 0.8675074577331543, 0.0, -1922.515625], [0.0, 0.0, 1.0, 0.0], [0.0, 0.0, 0.0, 1.0]], "cam_ids": [0, 1, 2, 3, 4, 5], "cam_channels": ["CAM_FRONT_LEFT", "CAM_FRONT", "CAM_FRONT_RIGHT", "CAM_BACK_LEFT", "CAM_BACK", "CAM_BACK_RIGHT"], "token": "09a1f4c258db486080575fa03fe2e47b", "scene": "scene-0738"}, {"images": ["samples/CAM_FRONT_LEFT/n008-2018-08-29-16-04-13-0400__CAM_FRONT_LEFT__1535574115754799.jpg", "samples/CAM_FRONT/n008-2018-08-29-16-04-13-0400__CAM_FRONT__1535574115762404.jpg", "samples/CAM_FRONT_RIGHT/n008-2018-08-29-16-04-13-0400__CAM_FRONT_RIGHT__1535574115770482.jpg", "samples/CAM_BACK_LEFT/n008-2018-08-29-16-04-13-0400__CAM_BACK_LEFT__1535574115797405.jpg", "samples/CAM_BACK/n008-2018-08-29-16-04-13-0400__CAM_BACK__1535574115787558.jpg", "samples/CAM_BACK_RIGHT/n008-2018-08-29-16-04-13-0400__CAM_BACK_RIGHT__1535574115778113.jpg"], "intrinsics": [[[1257.8625342125129, 0.0, 827.2410631095686], [0.0, 1257.8625342125129, 450.915498205774], [0.0, 0.0, 1.0]], [[1252.8131021185304, 0.0, 826.588114781398], [0.0, 1252.8131021185304, 469.9846626224581], [0.0, 0.0, 1.0]], [[1256.7485116440405, 0.0, 817.7887570959712], [0.0, 1256.7485116440403, 451.9541780095127], [0.0, 0.0, 1.0]], [[1254.9860565800168, 0.0, 829.5769333630991], [0.0, 1254.9860565800168, 467.1680561863987], [0.0, 0.0, 1.0]], [[796.8910634503094, 0.0, 857.7774326863696], [0.0, 796.8910634503094, 476.8848988407415], [0.0, 0.0, 1.0]], [[1249.9629280788233, 0.0, 825.3768045375984], [0.0, 1249.9629280788233, 462.54816385708756], [0.0, 0.0, 1.0]]], "extrinsics": [[[0.8186400532722473, -0.574306070804596, -0.0011073044734075665, -0.775634765625], [0.007587744388729334, 0.0127437524497509, -0.9998899698257446, 1.4903678894042969], [0.5742570161819458, 0.8185415267944336, 0.014790231361985207, -1.17578125], [0.0, 0.0, 0.0, 1.0]], [[0.004687872249633074, -0.9999495148658752, -0.008885388262569904, 0.0086669921875], [0.009417793713510036, 0.008929241448640823, -0.9999157786369324, 1.4823188781738281], [0.9999446272850037, 0.004603823646903038, 0.0094591761007905, -1.504150390625], [0.0, 0.0, 0.0, 1.0]], [[-0.846255898475647, -0.532566487789154, -0.014962046407163143, 0.939453125], [0.017336715012788773, 0.0005417117499746382, -0.9998495578765869, 1.4961872100830078], [0.5324944853782654, -0.8463879823684692, 0.008774526417255402, -1.18035888671875], [0.0, 0.0, 0.0, 1.0]], [[0.9479790925979614, 0.3183244466781616, -0.0022513705771416426, -1.1314697265625], [-0.008045945316553116, 0.016889721155166626, -0.9998249411582947, 1.5619354248046875], [-0.3182307183742523, 0.9478313326835632, 0.018572324886918068, -0.160400390625], [0.0, 0.0, 0.0, 1.0]], [[0.010907432064414024, 0.9999008178710938, 0.00891157891601324, -0.02880859375], [-0.005937718320637941, 0.008976718410849571, -0.9999420642852783, 1.5676183700561523], [-0.9999228715896606, 0.010853865183889866, 0.006035041529685259, -0.029052734375], [0.0, 0.0, 0.0, 1.0]], [[-0.9225537180900574, 0.3858497440814972, -0.0037978675682097673, 1.039031982421875], [-0.0017934511415660381, -0.014129949733614922, -0.9998985528945923, 1.547597885131836], [-0.3858642578125, -0.9224534034729004, 0.013727642595767975, -0.093017578125], [0.0, 0.0, 0.0, 1.0]]], "view": [[0.0, -2.0, 100.0], [-2.0, 0.0, 100.0], [0.0, 0.0, 1.0]], "bev": "bev_25dcefc154b6463ba69a29fecc026afe.png", "aux": "aux_25dcefc154b6463ba69a29fecc026afe.npz", "visibility": "visibility_25dcefc154b6463ba69a29fecc026afe.png", "pose": [[0.9110463261604309, 0.41230401396751404, 0.0, 1778.294921875], [-0.41230401396751404, 0.9110463261604309, 0.0, 1196.621337890625], [0.0, 0.0, 1.0, 0.0], [0.0, 0.0, 0.0, 1.0]], "pose_inverse": [[0.9110463261604309, -0.41230401396751404, 0.0, -1126.7373046875], [0.41230401396751404, 0.9110463261604309, 0.0, -1823.3756103515625], [0.0, 0.0, 1.0, 0.0], [0.0, 0.0, 0.0, 1.0]], "cam_ids": [0, 1, 2, 3, 4, 5], "cam_channels": ["CAM_FRONT_LEFT", "CAM_FRONT", "CAM_FRONT_RIGHT", "CAM_BACK_LEFT", "CAM_BACK", "CAM_BACK_RIGHT"], "token": "25dcefc154b6463ba69a29fecc026afe", "scene": "scene-0738"}, {"images": ["samples/CAM_FRONT_LEFT/n008-2018-08-29-16-04-13-0400__CAM_FRONT_LEFT__1535574116254799.jpg", "samples/CAM_FRONT/n008-2018-08-29-16-04-13-0400__CAM_FRONT__1535574116262458.jpg", "samples/CAM_FRONT_RIGHT/n008-2018-08-29-16-04-13-0400__CAM_FRONT_RIGHT__1535574116270482.jpg", "samples/CAM_BACK_LEFT/n008-2018-08-29-16-04-13-0400__CAM_BACK_LEFT__1535574116297405.jpg", "samples/CAM_BACK/n008-2018-08-29-16-04-13-0400__CAM_BACK__1535574116287558.jpg", "samples/CAM_BACK_RIGHT/n008-2018-08-29-16-04-13-0400__CAM_BACK_RIGHT__1535574116278113.jpg"], "intrinsics": [[[1257.8625342125129, 0.0, 827.2410631095686], [0.0, 1257.8625342125129, 450.915498205774], [0.0, 0.0, 1.0]], [[1252.8131021185304, 0.0, 826.588114781398], [0.0, 1252.8131021185304, 469.9846626224581], [0.0, 0.0, 1.0]], [[1256.7485116440405, 0.0, 817.7887570959712], [0.0, 1256.7485116440403, 451.9541780095127], [0.0, 0.0, 1.0]], [[1254.9860565800168, 0.0, 829.5769333630991], [0.0, 1254.9860565800168, 467.1680561863987], [0.0, 0.0, 1.0]], [[796.8910634503094, 0.0, 857.7774326863696], [0.0, 796.8910634503094, 476.8848988407415], [0.0, 0.0, 1.0]], [[1249.9629280788233, 0.0, 825.3768045375984], [0.0, 1249.9629280788233, 462.54816385708756], [0.0, 0.0, 1.0]]], "extrinsics": [[[0.8201199769973755, -0.5721210241317749, -0.008983631618320942, -0.7639999389648438], [0.0037433935794979334, 0.02106478437781334, -0.9997711181640625, 1.4893302917480469], [0.5721794366836548, 0.8198986053466797, 0.019417325034737587, -1.16845703125], [0.0, 0.0, 0.0, 1.0]], [[0.0068175760097801685, -0.9998334646224976, -0.01693016290664673, 0.00927734375], [0.005435721017420292, 0.01696735993027687, -0.9998412728309631, 1.4814453125], [0.9999619722366333, 0.006724417209625244, 0.005550490692257881, -1.49169921875], [0.0, 0.0, 0.0, 1.0]], [[-0.8454183340072632, -0.5338765382766724, -0.015607502311468124, 0.9293212890625], [0.013222373090684414, 0.008292488753795624, -0.9998781681060791, 1.4955940246582031], [0.5339409708976746, -0.8455217480659485, 4.849164906772785e-05, -1.173583984375], [0.0, 0.0, 0.0, 1.0]], [[0.9479427337646484, 0.31840643286705017, -0.004674000199884176, -1.125], [-0.012811530381441116, 0.02346770651638508, -0.9996424913406372, 1.5617847442626953], [-0.31818291544914246, 0.9476637244224548, 0.026325315237045288, -0.1627197265625], [0.0, 0.0, 0.0, 1.0]], [[0.010291029699146748, 0.9998208284378052, 0.015886632725596428, -0.02880859375], [-0.0104378592222929, 0.01599401794373989, -0.9998175501823425, 1.5671892166137695], [-0.9998925924301147, 0.010123318061232567, 0.010600583627820015, -0.038330078125], [0.0, 0.0, 0.0, 1.0]], [[-0.9230327010154724, 0.3847096264362335, 0.0029991683550179005, 1.028045654296875], [-0.0060456315986812115, -0.0067096590064466, -0.9999592304229736, 1.546957015991211], [-0.3846738934516907, -0.9230131506919861, 0.008519048802554607, -0.09716796875], [0.0, 0.0, 0.0, 1.0]]], "view": [[0.0, -2.0, 100.0], [-2.0, 0.0, 100.0], [0.0, 0.0, 1.0]], "bev": "bev_081e0f724aea4a5e9df8873b93e623b3.png", "aux": "aux_081e0f724aea4a5e9df8873b93e623b3.npz", "visibility": "visibility_081e0f724aea4a5e9df8873b93e623b3.png", "pose": [[0.9350011348724365, 0.35464468598365784, 0.0, 1781.1951904296875], [-0.35464468598365784, 0.9350011348724365, 0.0, 1195.38916015625], [0.0, 0.0, 1.0, 0.0], [0.0, 0.0, 0.0, 1.0]], "pose_inverse": [[0.9350011348724365, -0.35464468598365784, 0.0, -1241.4810791015625], [0.35464468598365784, 0.9350011348724365, 0.0, -1749.3817138671875], [0.0, 0.0, 1.0, 0.0], [0.0, 0.0, 0.0, 1.0]], "cam_ids": [0, 1, 2, 3, 4, 5], "cam_channels": ["CAM_FRONT_LEFT", "CAM_FRONT", "CAM_FRONT_RIGHT", "CAM_BACK_LEFT", "CAM_BACK", "CAM_BACK_RIGHT"], "token": "081e0f724aea4a5e9df8873b93e623b3", "scene": "scene-0738"}, {"images": ["samples/CAM_FRONT_LEFT/n008-2018-08-29-16-04-13-0400__CAM_FRONT_LEFT__1535574116754799.jpg", "samples/CAM_FRONT/n008-2018-08-29-16-04-13-0400__CAM_FRONT__1535574116762404.jpg", "samples/CAM_FRONT_RIGHT/n008-2018-08-29-16-04-13-0400__CAM_FRONT_RIGHT__1535574116770482.jpg", "samples/CAM_BACK_LEFT/n008-2018-08-29-16-04-13-0400__CAM_BACK_LEFT__1535574116797405.jpg", "samples/CAM_BACK/n008-2018-08-29-16-04-13-0400__CAM_BACK__1535574116787558.jpg", "samples/CAM_BACK_RIGHT/n008-2018-08-29-16-04-13-0400__CAM_BACK_RIGHT__1535574116778113.jpg"], "intrinsics": [[[1257.8625342125129, 0.0, 827.2410631095686], [0.0, 1257.8625342125129, 450.915498205774], [0.0, 0.0, 1.0]], [[1252.8131021185304, 0.0, 826.588114781398], [0.0, 1252.8131021185304, 469.9846626224581], [0.0, 0.0, 1.0]], [[1256.7485116440405, 0.0, 817.7887570959712], [0.0, 1256.7485116440403, 451.9541780095127], [0.0, 0.0, 1.0]], [[1254.9860565800168, 0.0, 829.5769333630991], [0.0, 1254.9860565800168, 467.1680561863987], [0.0, 0.0, 1.0]], [[796.8910634503094, 0.0, 857.7774326863696], [0.0, 796.8910634503094, 476.8848988407415], [0.0, 0.0, 1.0]], [[1249.9629280788233, 0.0, 825.3768045375984], [0.0, 1249.9629280788233, 462.54816385708756], [0.0, 0.0, 1.0]]], "extrinsics": [[[0.821607232093811, -0.5700413584709167, -0.003819080302491784, -0.7598190307617188], [0.005294953938573599, 0.014330553822219372, -0.9998832941055298, 1.4898319244384766], [0.5700294971466064, 0.821491003036499, 0.01479242742061615, -1.166015625], [0.0, 0.0, 0.0, 1.0]], [[0.008772450499236584, -0.9999092817306519, -0.01021897979080677, 0.0093994140625], [0.007388857193291187, 0.010283912532031536, -0.9999198317527771, 1.4819793701171875], [0.9999341368675232, 0.008696209639310837, 0.007478401530534029, -1.4871826171875], [0.0, 0.0, 0.0, 1.0]], [[-0.8446171283721924, -0.5351842045783997, -0.014137448742985725, 0.92578125], [0.01566329225897789, 0.0016932636499404907, -0.9998758435249329, 1.4961376190185547], [0.5351417064666748, -0.8447337746620178, 0.006952586118131876, -1.17169189453125], [0.0, 0.0, 0.0, 1.0]], [[0.9479225277900696, 0.3184869885444641, -0.00301299337297678, -1.1221923828125], [-0.008974829688668251, 0.017253508791327477, -0.9998108744621277, 1.5618343353271484], [-0.31837478280067444, 0.9477702379226685, 0.01921335607767105, -0.16357421875], [0.0, 0.0, 0.0, 1.0]], [[0.009733755141496658, 0.9999070763587952, 0.009549017995595932, -0.0284423828125], [-0.007141177076846361, 0.009618738666176796, -0.9999281764030457, 1.5674433708190918], [-0.9999272227287292, 0.009664895012974739, 0.007234139833599329, -0.0418701171875], [0.0, 0.0, 0.0, 1.0]], [[-0.9234012961387634, 0.3838299810886383, -0.002132662571966648, 1.024658203125], [-0.0031908219680190086, -0.01323209423571825, -0.9999073147773743, 1.547353744506836], [-0.38382259011268616, -0.9233089685440063, 0.013443265110254288, -0.09912109375], [0.0, 0.0, 0.0, 1.0]]], "view": [[0.0, -2.0, 100.0], [-2.0, 0.0, 100.0], [0.0, 0.0, 1.0]], "bev": "bev_891ff9ebbcec452eb318db9251f19a54.png", "aux": "aux_891ff9ebbcec452eb318db9251f19a54.npz", "visibility": "visibility_891ff9ebbcec452eb318db9251f19a54.png", "pose": [[0.9423229098320007, 0.3347051739692688, 0.0, 1784.211669921875], [-0.3347051739692688, 0.9423229098320007, 0.0, 1194.249267578125], [0.0, 0.0, 1.0, 0.0], [0.0, 0.0, 0.0, 1.0]], "pose_inverse": [[0.9423229098320007, -0.3347051739692688, 0.0, -1281.58203125], [0.3347051739692688, 0.9423229098320007, 0.0, -1722.5533447265625], [0.0, 0.0, 1.0, 0.0], [0.0, 0.0, 0.0, 1.0]], "cam_ids": [0, 1, 2, 3, 4, 5], "cam_channels": ["CAM_FRONT_LEFT", "CAM_FRONT", "CAM_FRONT_RIGHT", "CAM_BACK_LEFT", "CAM_BACK", "CAM_BACK_RIGHT"], "token": "891ff9ebbcec452eb318db9251f19a54", "scene": "scene-0738"}, {"images": ["samples/CAM_FRONT_LEFT/n008-2018-08-29-16-04-13-0400__CAM_FRONT_LEFT__1535574117254799.jpg", "samples/CAM_FRONT/n008-2018-08-29-16-04-13-0400__CAM_FRONT__1535574117262404.jpg", "samples/CAM_FRONT_RIGHT/n008-2018-08-29-16-04-13-0400__CAM_FRONT_RIGHT__1535574117270482.jpg", "samples/CAM_BACK_LEFT/n008-2018-08-29-16-04-13-0400__CAM_BACK_LEFT__1535574117297405.jpg", "samples/CAM_BACK/n008-2018-08-29-16-04-13-0400__CAM_BACK__1535574117287558.jpg", "samples/CAM_BACK_RIGHT/n008-2018-08-29-16-04-13-0400__CAM_BACK_RIGHT__1535574117278113.jpg"], "intrinsics": [[[1257.8625342125129, 0.0, 827.2410631095686], [0.0, 1257.8625342125129, 450.915498205774], [0.0, 0.0, 1.0]], [[1252.8131021185304, 0.0, 826.588114781398], [0.0, 1252.8131021185304, 469.9846626224581], [0.0, 0.0, 1.0]], [[1256.7485116440405, 0.0, 817.7887570959712], [0.0, 1256.7485116440403, 451.9541780095127], [0.0, 0.0, 1.0]], [[1254.9860565800168, 0.0, 829.5769333630991], [0.0, 1254.9860565800168, 467.1680561863987], [0.0, 0.0, 1.0]], [[796.8910634503094, 0.0, 857.7774326863696], [0.0, 796.8910634503094, 476.8848988407415], [0.0, 0.0, 1.0]], [[1249.9629280788233, 0.0, 825.3768045375984], [0.0, 1249.9629280788233, 462.54816385708756], [0.0, 0.0, 1.0]]], "extrinsics": [[[0.8244738578796387, -0.5658183097839355, 0.00962075311690569, -0.7516365051269531], [0.015086107887327671, 0.004981393460184336, -0.9998737573623657, 1.4928874969482422], [0.5656989812850952, 0.8245149254798889, 0.012643024325370789, -1.16259765625], [0.0, 0.0, 0.0, 1.0]], [[0.013095257803797722, -0.9999141693115234, -0.00030145610799081624, 0.010986328125], [0.016919195652008057, 0.0005230194074101746, -0.99985671043396, 1.4844779968261719], [0.9997710585594177, 0.013088254258036613, 0.016924593597650528, -1.47998046875], [0.0, 0.0, 0.0, 1.0]], [[-0.8426586985588074, -0.5381988286972046, -0.016383713111281395, 0.9215087890625], [0.024846134707331657, -0.008470369502902031, -0.9996554255485535, 1.4980945587158203], [0.5378745794296265, -0.8427754044532776, 0.020509790629148483, -1.16778564453125], [0.0, 0.0, 0.0, 1.0]], [[0.9477957487106323, 0.31887519359588623, 0.0013039081823080778, -1.1224365234375], [-0.0005698068998754025, 0.00578265730291605, -0.9999831318855286, 1.562027931213379], [-0.3188773989677429, 0.9477790594100952, 0.0056624761782586575, -0.16357421875], [0.0, 0.0, 0.0, 1.0]], [[0.008188599720597267, 0.999965488910675, -0.00142792914994061, -0.0289306640625], [0.0014724039938300848, -0.0014400326181203127, -0.9999978542327881, 1.5681917667388916], [-0.9999654293060303, 0.008186488412320614, -0.0014841457596048713, -0.0440673828125], [0.0, 0.0, 0.0, 1.0]], [[-0.9243046641349792, 0.3813840448856354, -0.014390422962605953, 1.020538330078125], [0.0057263546623289585, -0.02384263463318348, -0.9996993541717529, 1.5487098693847656], [-0.3816125690937042, -0.9241091012954712, 0.019853917881846428, -0.100341796875], [0.0, 0.0, 0.0, 1.0]]], "view": [[0.0, -2.0, 100.0], [-2.0, 0.0, 100.0], [0.0, 0.0, 1.0]], "bev": "bev_77f11851c9bb424598b0e5dba9d00ee8.png", "aux": "aux_77f11851c9bb424598b0e5dba9d00ee8.npz", "visibility": "visibility_77f11851c9bb424598b0e5dba9d00ee8.png", "pose": [[0.9380150437355042, 0.34659451246261597, 0.0, 1787.31396484375], [-0.34659451246261597, 0.9380150437355042, 0.0, 1193.1060791015625], [0.0, 0.0, 1.0, 0.0], [0.0, 0.0, 0.0, 1.0]], "pose_inverse": [[0.9380150437355042, -0.34659451246261597, 0.0, -1263.00341796875], [0.34659451246261597, 0.9380150437355042, 0.0, -1738.6246337890625], [0.0, 0.0, 1.0, 0.0], [0.0, 0.0, 0.0, 1.0]], "cam_ids": [0, 1, 2, 3, 4, 5], "cam_channels": ["CAM_FRONT_LEFT", "CAM_FRONT", "CAM_FRONT_RIGHT", "CAM_BACK_LEFT", "CAM_BACK", "CAM_BACK_RIGHT"], "token": "77f11851c9bb424598b0e5dba9d00ee8", "scene": "scene-0738"}, {"images": ["samples/CAM_FRONT_LEFT/n008-2018-08-29-16-04-13-0400__CAM_FRONT_LEFT__1535574117754799.jpg", "samples/CAM_FRONT/n008-2018-08-29-16-04-13-0400__CAM_FRONT__1535574117762404.jpg", "samples/CAM_FRONT_RIGHT/n008-2018-08-29-16-04-13-0400__CAM_FRONT_RIGHT__1535574117770482.jpg", "samples/CAM_BACK_LEFT/n008-2018-08-29-16-04-13-0400__CAM_BACK_LEFT__1535574117797405.jpg", "samples/CAM_BACK/n008-2018-08-29-16-04-13-0400__CAM_BACK__1535574117787558.jpg", "samples/CAM_BACK_RIGHT/n008-2018-08-29-16-04-13-0400__CAM_BACK_RIGHT__1535574117778113.jpg"], "intrinsics": [[[1257.8625342125129, 0.0, 827.2410631095686], [0.0, 1257.8625342125129, 450.915498205774], [0.0, 0.0, 1.0]], [[1252.8131021185304, 0.0, 826.588114781398], [0.0, 1252.8131021185304, 469.9846626224581], [0.0, 0.0, 1.0]], [[1256.7485116440405, 0.0, 817.7887570959712], [0.0, 1256.7485116440403, 451.9541780095127], [0.0, 0.0, 1.0]], [[1254.9860565800168, 0.0, 829.5769333630991], [0.0, 1254.9860565800168, 467.1680561863987], [0.0, 0.0, 1.0]], [[796.8910634503094, 0.0, 857.7774326863696], [0.0, 796.8910634503094, 476.8848988407415], [0.0, 0.0, 1.0]], [[1249.9629280788233, 0.0, 825.3768045375984], [0.0, 1249.9629280788233, 462.54816385708756], [0.0, 0.0, 1.0]]], "extrinsics": [[[0.8271042108535767, -0.5620332956314087, 0.004160035401582718, -0.7461318969726562], [0.011208472773432732, 0.00909371953457594, -0.9998958110809326, 1.4917659759521484], [0.5619369745254517, 0.8270646333694458, 0.01382098812609911, -1.159912109375], [0.0, 0.0, 0.0, 1.0]], [[0.01697874255478382, -0.9998448491096497, -0.004695876967161894, 0.0113525390625], [0.01279326993972063, 0.0049134111031889915, -0.9999061226844788, 1.4834823608398438], [0.9997740387916565, 0.016917023807764053, 0.012874708510935307, -1.4749755859375], [0.0, 0.0, 0.0, 1.0]], [[-0.8410781621932983, -0.5407015681266785, -0.015144330449402332, 0.9188232421875], [0.02045668102800846, -0.003818404395133257, -0.9997833967208862, 1.497274398803711], [0.5405266284942627, -0.8412058353424072, 0.014272536151111126, -1.16534423828125], [0.0, 0.0, 0.0, 1.0]], [[0.9477145671844482, 0.31911399960517883, -0.0018569405656307936, -1.1219482421875], [-0.005767666734755039, 0.011310413479804993, -0.9999194145202637, 1.5619087219238281], [-0.31906720995903015, 0.947648823261261, 0.012559586204588413, -0.1636962890625], [0.0, 0.0, 0.0, 1.0]], [[0.006911518983542919, 0.9999693036079407, 0.0037040789611637592, -0.02880859375], [-0.003465737449005246, 0.0037281003315001726, -0.999987006187439, 1.5677491426467896],