[{"images": ["samples/CAM_FRONT_LEFT/n015-2018-11-21-19-38-26+0800__CAM_FRONT_LEFT__1542800687904844.jpg", "samples/CAM_FRONT/n015-2018-11-21-19-38-26+0800__CAM_FRONT__1542800687912502.jpg", "samples/CAM_FRONT_RIGHT/n015-2018-11-21-19-38-26+0800__CAM_FRONT_RIGHT__1542800687920339.jpg", "samples/CAM_BACK_LEFT/n015-2018-11-21-19-38-26+0800__CAM_BACK_LEFT__1542800687947423.jpg", "samples/CAM_BACK/n015-2018-11-21-19-38-26+0800__CAM_BACK__1542800687937525.jpg", "samples/CAM_BACK_RIGHT/n015-2018-11-21-19-38-26+0800__CAM_BACK_RIGHT__1542800687927893.jpg"], "intrinsics": [[[1272.5979470598488, 0.0, 826.6154927353808], [0.0, 1272.5979470598488, 479.75165386361925], [0.0, 0.0, 1.0]], [[1266.417203046554, 0.0, 816.2670197447984], [0.0, 1266.417203046554, 491.50706579294757], [0.0, 0.0, 1.0]], [[1260.8474446004698, 0.0, 807.968244525554], [0.0, 1260.8474446004698, 495.3344268742088], [0.0, 0.0, 1.0]], [[1256.7414812095406, 0.0, 792.1125740759628], [0.0, 1256.7414812095406, 492.7757465151356], [0.0, 0.0, 1.0]], [[809.2209905677063, 0.0, 829.2196003259838], [0.0, 809.2209905677063, 481.77842384512485], [0.0, 0.0, 1.0]], [[1259.5137405846733, 0.0, 807.2529053838625], [0.0, 1259.5137405846733, 501.19579884916527], [0.0, 0.0, 1.0]]], "extrinsics": [[[0.8200758695602417, -0.5722346901893616, 0.004793068859726191, -0.7535400390625], [-0.00241079181432724, -0.011830377392470837, -0.9999271035194397, 1.5076465606689453], [0.5722496509552002, 0.8200045824050903, -0.01108134537935257, -1.134765625], [0.0, 0.0, 0.0, 1.0]], [[0.004759230185300112, -0.9998601078987122, 0.01603248342871666, 0.00732421875], [-0.00757040549069643, -0.01606823317706585, -0.9998422861099243, 1.5189628601074219], [0.9999599456787109, 0.004637122619897127, -0.007645818870514631, -1.482330322265625], [0.0, 0.0, 0.0, 1.0]], [[-0.8333123922348022, -0.5528014302253723, 0.0009645046666264534, 0.8978271484375], [-0.0017882675165310502, 0.0009509457740932703, -0.9999979138374329, 1.5033563375473022], [0.5527993440628052, -0.833312451839447, -0.0017809896962717175, -1.1580810546875], [0.0, 0.0, 0.0, 1.0]], [[0.9477708339691162, 0.3189413547515869, -0.002631443552672863, -1.14227294921875], [0.007282603066414595, -0.029887743294239044, -0.9995266795158386, 1.5885543823242188], [-0.3188689947128296, 0.947303056716919, -0.030649453401565552, -0.103759765625], [0.0, 0.0, 0.0, 1.0]], [[0.002688199747353792, 0.9998006224632263, -0.019787441939115524, 0.00244140625], [-0.018282486125826836, -0.019735068082809448, -0.9996380805969238, 1.5782852172851562], [-0.9998291730880737, 0.0030489929486066103, 0.018225787207484245, -0.05718994140625], [0.0, 0.0, 0.0, 1.0]], [[-0.9346175789833069, 0.3553463816642761, -0.014792497269809246, 1.02685546875], [0.014215711504220963, -0.004234224557876587, -0.9998900294303894, 1.5531153678894043], [-0.3553698658943176, -0.9347251057624817, -0.001094121835194528, -0.1044921875], [0.0, 0.0, 0.0, 1.0]]], "view": [[0.0, -2.0, 100.0], [-2.0, 0.0, 100.0], [0.0, 0.0, 1.0]], "bev": "bev_2aeeb7ac5f244406b8017d1e7b795df8.png", "aux": "aux_2aeeb7ac5f244406b8017d1e7b795df8.npz", "visibility": "visibility_2aeeb7ac5f244406b8017d1e7b795df8.png", "pose": [[0.6375066637992859, 0.7704448103904724, 0.0, 1738.54345703125], [-0.7704448103904724, 0.6375066637992859, 0.0, 1161.9281005859375], [0.0, 0.0, 1.0, 0.0], [0.0, 0.0, 0.0, 1.0]], "pose_inverse": [[0.6375066637992859, -0.7704448103904724, 0.0, -213.13156127929688], [0.7704448103904724, 0.6375066637992859, 0.0, -2080.188720703125], [0.0, 0.0, 1.0, 0.0], [0.0, 0.0, 0.0, 1.0]], "cam_ids": [0, 1, 2, 3, 4, 5], "cam_channels": ["CAM_FRONT_LEFT", "CAM_FRONT", "CAM_FRONT_RIGHT", "CAM_BACK_LEFT", "CAM_BACK", "CAM_BACK_RIGHT"], "token": "2aeeb7ac5f244406b8017d1e7b795df8", "scene": "scene-1090"}, {"images": ["samples/CAM_FRONT_LEFT/n015-2018-11-21-19-38-26+0800__CAM_FRONT_LEFT__1542800688404844.jpg", "samples/CAM_FRONT/n015-2018-11-21-19-38-26+0800__CAM_FRONT__1542800688412460.jpg", "samples/CAM_FRONT_RIGHT/n015-2018-11-21-19-38-26+0800__CAM_FRONT_RIGHT__1542800688420339.jpg", "samples/CAM_BACK_LEFT/n015-2018-11-21-19-38-26+0800__CAM_BACK_LEFT__1542800688447423.jpg", "samples/CAM_BACK/n015-2018-11-21-19-38-26+0800__CAM_BACK__1542800688437525.jpg", "samples/CAM_BACK_RIGHT/n015-2018-11-21-19-38-26+0800__CAM_BACK_RIGHT__1542800688427893.jpg"], "intrinsics": [[[1272.5979470598488, 0.0, 826.6154927353808], [0.0, 1272.5979470598488, 479.75165386361925], [0.0, 0.0, 1.0]], [[1266.417203046554, 0.0, 816.2670197447984], [0.0, 1266.417203046554, 491.50706579294757], [0.0, 0.0, 1.0]], [[1260.8474446004698, 0.0, 807.968244525554], [0.0, 1260.8474446004698, 495.3344268742088], [0.0, 0.0, 1.0]], [[1256.7414812095406, 0.0, 792.1125740759628], [0.0, 1256.7414812095406, 492.7757465151356], [0.0, 0.0, 1.0]], [[809.2209905677063, 0.0, 829.2196003259838], [0.0, 809.2209905677063, 481.77842384512485], [0.0, 0.0, 1.0]], [[1259.5137405846733, 0.0, 807.2529053838625], [0.0, 1259.5137405846733, 501.19579884916527], [0.0, 0.0, 1.0]]], "extrinsics": [[[0.8207002878189087, -0.5713347792625427, 0.005249614827334881, -0.7554931640625], [-0.0008286350639536977, -0.010378137230873108, -0.9999458193778992, 1.5080394744873047], [0.571358323097229, 0.8206514716148376, -0.00899076834321022, -1.135009765625], [0.0, 0.0, 0.0, 1.0]], [[0.005602453835308552, -0.9998826384544373, 0.014256331138312817, 0.006591796875], [-0.006080067250877619, -0.014290353283286095, -0.9998794198036194, 1.519266128540039], [0.9999657869338989, 0.005515202879905701, -0.0061594159342348576, -1.4831085205078125], [0.0, 0.0, 0.0, 1.0]], [[-0.8329693078994751, -0.5533175468444824, -0.0013620553072541952, 0.8975830078125], [-0.0004064606036990881, 0.0030734946485608816, -0.9999951124191284, 1.5035805702209473], [0.5533190369606018, -0.8329647183418274, -0.0027850272599607706, -1.1590576171875], [0.0, 0.0, 0.0, 1.0]], [[0.9478062391281128, 0.3188464045524597, -0.0005967207835055888, -1.14459228515625], [0.008367848582565784, -0.026745116338133812, -0.9996072053909302, 1.588531494140625], [-0.31873711943626404, 0.9474289417266846, -0.02801724709570408, -0.1029052734375], [0.0, 0.0, 0.0, 1.0]], [[0.002468343824148178, 0.9998531937599182, -0.016956886276602745, 0.0029296875], [-0.017080780118703842, -0.01691230572760105, -0.9997110962867737, 1.5783615112304688], [-0.9998511075973511, 0.002757246373221278, 0.017036525532603264, -0.0566864013671875], [0.0, 0.0, 0.0, 1.0]], [[-0.9347587823867798, 0.3549600839614868, -0.01514052040874958, 1.0274658203125], [0.015514850616455078, -0.001791841583326459, -0.9998779892921448, 1.5532562732696533], [-0.3549439609050751, -0.9348797798156738, -0.003832212882116437, -0.1048583984375], [0.0, 0.0, 0.0, 1.0]]], "view": [[0.0, -2.0, 100.0], [-2.0, 0.0, 100.0], [0.0, 0.0, 1.0]], "bev": "bev_d10f852db20e451c87d35b104df09b18.png", "aux": "aux_d10f852db20e451c87d35b104df09b18.npz", "visibility": "visibility_d10f852db20e451c87d35b104df09b18.png", "pose": [[0.642019510269165, 0.7666882872581482, 0.0, 1740.458984375], [-0.7666882872581482, 0.642019510269165, 0.0, 1159.6158447265625], [0.0, 0.0, 1.0, 0.0], [0.0, 0.0, 0.0, 1.0]], "pose_inverse": [[0.642019510269165, -0.7666882872581482, 0.0, -228.34475708007812], [0.7666882872581482, 0.642019510269165, 0.0, -2078.885498046875], [0.0, 0.0, 1.0, 0.0], [0.0, 0.0, 0.0, 1.0]], "cam_ids": [0, 1, 2, 3, 4, 5], "cam_channels": ["CAM_FRONT_LEFT", "CAM_FRONT", "CAM_FRONT_RIGHT", "CAM_BACK_LEFT", "CAM_BACK", "CAM_BACK_RIGHT"], "token": "d10f852db20e451c87d35b104df09b18", "scene": "scene-1090"}, {"images": ["samples/CAM_FRONT_LEFT/n015-2018-11-21-19-38-26+0800__CAM_FRONT_LEFT__1542800688904844.jpg", "samples/CAM_FRONT/n015-2018-11-21-19-38-26+0800__CAM_FRONT__1542800688912460.jpg", "samples/CAM_FRONT_RIGHT/n015-2018-11-21-19-38-26+0800__CAM_FRONT_RIGHT__1542800688920339.jpg", "samples/CAM_BACK_LEFT/n015-2018-11-21-19-38-26+0800__CAM_BACK_LEFT__1542800688947423.jpg", "samples/CAM_BACK/n015-2018-11-21-19-38-26+0800__CAM_BACK__1542800688937525.jpg", "samples/CAM_BACK_RIGHT/n015-2018-11-21-19-38-26+0800__CAM_BACK_RIGHT__1542800688927893.jpg"], "intrinsics": [[[1272.5979470598488, 0.0, 826.6154927353808], [0.0, 1272.5979470598488, 479.75165386361925], [0.0, 0.0, 1.0]], [[1266.417203046554, 0.0, 816.2670197447984], [0.0, 1266.417203046554, 491.50706579294757], [0.0, 0.0, 1.0]], [[1260.8474446004698, 0.0, 807.968244525554], [0.0, 1260.8474446004698, 495.3344268742088], [0.0, 0.0, 1.0]], [[1256.7414812095406, 0.0, 792.1125740759628], [0.0, 1256.7414812095406, 492.7757465151356], [0.0, 0.0, 1.0]], [[809.2209905677063, 0.0, 829.2196003259838], [0.0, 809.2209905677063, 481.77842384512485], [0.0, 0.0, 1.0]], [[1259.5137405846733, 0.0, 807.2529053838625], [0.0, 1259.5137405846733, 501.19579884916527], [0.0, 0.0, 1.0]]], "extrinsics": [[[0.8210621476173401, -0.5708295702934265, -0.003246352542191744, -0.746337890625], [-0.0033926749601960182, 0.0008071340271271765, -0.9999939203262329, 1.507347822189331], [0.5708287358283997, 0.8210681676864624, -0.0012739318190142512, -1.131103515625], [0.0, 0.0, 0.0, 1.0]], [[0.006246968172490597, -0.9999753832817078, 0.0031937938183546066, 0.008544921875], [-0.008793962188065052, -0.003248669672757387, -0.9999560713768005, 1.5186281204223633], [0.999941885471344, 0.006218706723302603, -0.008814039640128613, -1.4748382568359375], [0.0, 0.0, 0.0, 1.0]], [[-0.8326425552368164, -0.5537881851196289, -0.005001086741685867, 0.8931884765625], [-0.003288700245320797, 0.0139744458720088, -0.9998969435691833, 1.5030574798583984], [0.5538010001182556, -0.8325403332710266, -0.013456961140036583, -1.1536865234375], [0.0, 0.0, 0.0, 1.0]], [[0.9477721452713013, 0.3189481496810913, -0.00030708996928296983, -1.14398193359375], [0.005139391869306564, -0.016234666109085083, -0.9998549818992615, 1.5885467529296875], [-0.31890690326690674, 0.9476330876350403, -0.017025962471961975, -0.103271484375], [0.0, 0.0, 0.0, 1.0]], [[0.0022009352687746286, 0.9999773502349854, -0.006371615920215845, 0.002197265625], [-0.020212335512042046, -0.006325844209641218, -0.9997757077217102, 1.5781402587890625], [-0.9997933506965637, 0.0023291949182748795, 0.020197952166199684, -0.05865478515625], [0.0, 0.0, 0.0, 1.0]], [[-0.93495112657547, 0.35467442870140076, -0.008512397296726704, 1.02252197265625], [0.01250611525028944, 0.008969392627477646, -0.9998815655708313, 1.5529499053955078], [-0.354556143283844, -0.9349468946456909, -0.012821543030440807, -0.105224609375], [0.0, 0.0, 0.0, 1.0]]], "view": [[0.0, -2.0, 100.0], [-2.0, 0.0, 100.0], [0.0, 0.0, 1.0]], "bev": "bev_0565824603ab431582733dbc9723a8ad.png", "aux": "aux_0565824603ab431582733dbc9723a8ad.npz", "visibility": "visibility_0565824603ab431582733dbc9723a8ad.png", "pose": [[0.6372186541557312, 0.7706831097602844, 0.0, 1742.4256591796875], [-0.7706831097602844, 0.6372186541557312, 0.0, 1157.2276611328125], [0.0, 0.0, 1.0, 0.0], [0.0, 0.0, 0.0, 1.0]], "pose_inverse": [[0.6372186541557312, -0.7706831097602844, 0.0, -218.4503173828125], [0.7706831097602844, 0.6372186541557312, 0.0, -2080.264892578125], [0.0, 0.0, 1.0, 0.0], [0.0, 0.0, 0.0, 1.0]], "cam_ids": [0, 1, 2, 3, 4, 5], "cam_channels": ["CAM_FRONT_LEFT", "CAM_FRONT", "CAM_FRONT_RIGHT", "CAM_BACK_LEFT", "CAM_BACK", "CAM_BACK_RIGHT"], "token": "0565824603ab431582733dbc9723a8ad", "scene": "scene-1090"}, {"images": ["samples/CAM_FRONT_LEFT/n015-2018-11-21-19-38-26+0800__CAM_FRONT_LEFT__1542800689404844.jpg", "samples/CAM_FRONT/n015-2018-11-21-19-38-26+0800__CAM_FRONT__1542800689412460.jpg", "samples/CAM_FRONT_RIGHT/n015-2018-11-21-19-38-26+0800__CAM_FRONT_RIGHT__1542800689420339.jpg", "samples/CAM_BACK_LEFT/n015-2018-11-21-19-38-26+0800__CAM_BACK_LEFT__1542800689447423.jpg", "samples/CAM_BACK/n015-2018-11-21-19-38-26+0800__CAM_BACK__1542800689437525.jpg", "samples/CAM_BACK_RIGHT/n015-2018-11-21-19-38-26+0800__CAM_BACK_RIGHT__1542800689427893.jpg"], "intrinsics": [[[1272.5979470598488, 0.0, 826.6154927353808], [0.0, 1272.5979470598488, 479.75165386361925], [0.0, 0.0, 1.0]], [[1266.417203046554, 0.0, 816.2670197447984], [0.0, 1266.417203046554, 491.50706579294757], [0.0, 0.0, 1.0]], [[1260.8474446004698, 0.0, 807.968244525554], [0.0, 1260.8474446004698, 495.3344268742088], [0.0, 0.0, 1.0]], [[1256.7414812095406, 0.0, 792.1125740759628], [0.0, 1256.7414812095406, 492.7757465151356], [0.0, 0.0, 1.0]], [[809.2209905677063, 0.0, 829.2196003259838], [0.0, 809.2209905677063, 481.77842384512485], [0.0, 0.0, 1.0]], [[1259.5137405846733, 0.0, 807.2529053838625], [0.0, 1259.5137405846733, 501.19579884916527], [0.0, 0.0, 1.0]]], "extrinsics": [[[0.8213804364204407, -0.5702551007270813, -0.011968744918704033, -0.73419189453125], [-0.011866634711623192, 0.0038943777326494455, -0.9999220371246338, 1.5049257278442383], [0.5702572464942932, 0.8214584589004517, -0.003568242536857724, -1.12353515625], [0.0, 0.0, 0.0, 1.0]], [[0.006753469817340374, -0.999977171421051, -1.8151902622776106e-05, 0.0087890625], [-0.017165061086416245, -9.777725790627301e-05, -0.9998526573181152, 1.5166001319885254], [0.9998298287391663, 0.006752774119377136, -0.017165329307317734, -1.4632415771484375], [0.0, 0.0, 0.0, 1.0]], [[-0.832490086555481, -0.5540400147438049, 9.724202391225845e-05, 0.885498046875], [-0.011561479419469833, 0.01719658635556698, -0.9997852444648743, 1.5015506744384766], [0.55391925573349, -0.8323125243186951, -0.02072150632739067, -1.1484375], [0.0, 0.0, 0.0, 1.0]], [[0.9477389454841614, 0.3189716637134552, -0.006922777742147446, -1.14117431640625], [-0.0029153558425605297, -0.01303928717970848, -0.9999107122421265, 1.5885486602783203], [-0.3190334439277649, 0.947674572467804, -0.011427924036979675, -0.10400390625], [0.0, 0.0, 0.0, 1.0]], [[0.002032686723396182, 0.9999931454658508, -0.0030974354594945908, 0.001953125], [-0.028338300064206123, -0.003038594266399741, -0.9995937943458557, 1.5774974822998047], [-0.999596357345581, 0.002119609620422125, 0.028331927955150604, -0.064056396484375], [0.0, 0.0, 0.0, 1.0]], [[-0.935066819190979, 0.3544712960720062, 0.0003132773854304105, 1.0155029296875], [0.004307128489017487, 0.012245566584169865, -0.9999157190322876, 1.5519847869873047], [-0.35444533824920654, -0.9349867105484009, -0.01297717820852995, -0.10791015625], [0.0, 0.0, 0.0, 1.0]]], "view": [[0.0, -2.0, 100.0], [-2.0, 0.0, 100.0], [0.0, 0.0, 1.0]], "bev": "bev_c43fbd41e79249fd80f1815d241cdf21.png", "aux": "aux_c43fbd41e79249fd80f1815d241cdf21.npz", "visibility": "visibility_c43fbd41e79249fd80f1815d241cdf21.png", "pose": [[0.6310007572174072, 0.7757822275161743, 0.0, 1744.43994140625], [-0.7757822275161743, 0.6310007572174072, 0.0, 1154.729736328125], [0.0, 0.0, 1.0, 0.0], [0.0, 0.0, 0.0, 1.0]], "pose_inverse": [[0.6310007572174072, -0.7757822275161743, 0.0, -204.92410278320312], [0.7757822275161743, 0.6310007572174072, 0.0, -2081.94091796875], [0.0, 0.0, 1.0, 0.0], [0.0, 0.0, 0.0, 1.0]], "cam_ids": [0, 1, 2, 3, 4, 5], "cam_channels": ["CAM_FRONT_LEFT", "CAM_FRONT", "CAM_FRONT_RIGHT", "CAM_BACK_LEFT", "CAM_BACK", "CAM_BACK_RIGHT"], "token": "c43fbd41e79249fd80f1815d241cdf21", "scene": "scene-1090"}, {"images": ["samples/CAM_FRONT_LEFT/n015-2018-11-21-19-38-26+0800__CAM_FRONT_LEFT__1542800689904844.jpg", "samples/CAM_FRONT/n015-2018-11-21-19-38-26+0800__CAM_FRONT__1542800689912460.jpg", "samples/CAM_FRONT_RIGHT/n015-2018-11-21-19-38-26+0800__CAM_FRONT_RIGHT__1542800689920339.jpg", "samples/CAM_BACK_LEFT/n015-2018-11-21-19-38-26+0800__CAM_BACK_LEFT__1542800689947423.jpg", "samples/CAM_BACK/n015-2018-11-21-19-38-26+0800__CAM_BACK__1542800689937525.jpg", "samples/CAM_BACK_RIGHT/n015-2018-11-21-19-38-26+0800__CAM_BACK_RIGHT__1542800689927893.jpg"], "intrinsics": [[[1272.5979470598488, 0.0, 826.6154927353808], [0.0, 1272.5979470598488, 479.75165386361925], [0.0, 0.0, 1.0]], [[1266.417203046554, 0.0, 816.2670197447984], [0.0, 1266.417203046554, 491.50706579294757], [0.0, 0.0, 1.0]], [[1260.8474446004698, 0.0, 807.968244525554], [0.0, 1260.8474446004698, 495.3344268742088], [0.0, 0.0, 1.0]], [[1256.7414812095406, 0.0, 792.1125740759628], [0.0, 1256.7414812095406, 492.7757465151356], [0.0, 0.0, 1.0]], [[809.2209905677063, 0.0, 829.2196003259838], [0.0, 809.2209905677063, 481.77842384512485], [0.0, 0.0, 1.0]], [[1259.5137405846733, 0.0, 807.2529053838625], [0.0, 1259.5137405846733, 501.19579884916527], [0.0, 0.0, 1.0]]], "extrinsics": [[[0.8213018774986267, -0.5703502297401428, -0.012794854119420052, -0.7242431640625], [-0.014133958145976067, 0.002078198129311204, -0.9998979568481445, 1.5041146278381348], [0.5703186392784119, 0.821398913860321, -0.006354478653520346, -1.1146240234375], [0.0, 0.0, 0.0, 1.0]], [[0.00662710377946496, -0.9999756217002869, 0.002154914429411292, 0.007568359375], [-0.01937178522348404, -0.0022829389199614525, -0.9998098015785217, 1.5158758163452148], [0.999790370464325, 0.006584126967936754, -0.019386444240808487, -1.451690673828125], [0.0, 0.0, 0.0, 1.0]], [[-0.8325788974761963, -0.553896427154541, 0.0033066151663661003, 0.876953125], [-0.013702520169317722, 0.014628146775066853, -0.9997990727424622, 1.5010719299316406], [0.5537368059158325, -0.8324570059776306, -0.019768863916397095, -1.1446533203125], [0.0, 0.0, 0.0, 1.0]], [[0.947704553604126, 0.31899893283843994, -0.009779215790331364, -1.13739013671875], [-0.00475964043289423, -0.016511142253875732, -0.9998523592948914, 1.588531494140625], [-0.3191133439540863, 0.9476112127304077, -0.014129368588328362, -0.105224609375], [0.0, 0.0, 0.0, 1.0]], [[0.0020557509269565344, 0.9999777674674988, -0.006345606409013271, 0.002685546875], [-0.03029254823923111, -0.006280434317886829, -0.9995213747024536, 1.5772171020507812], [-0.9995389580726624, 0.002247042953968048, 0.03027896210551262, -0.06884765625], [0.0, 0.0, 0.0, 1.0]], [[-0.935027003288269, 0.3545742332935333, 0.001212067436426878, 1.00885009765625], [0.002252227161079645, 0.009357430040836334, -0.9999536871910095, 1.5517520904541016], [-0.3545691668987274, -0.9349810481071472, -0.009548032656311989, -0.1114501953125], [0.0, 0.0, 0.0, 1.0]]], "view": [[0.0, -2.0, 100.0], [-2.0, 0.0, 100.0], [0.0, 0.0, 1.0]], "bev": "bev_ece32f50fcda43e9948bc9b104dd0f8b.png", "aux": "aux_ece32f50fcda43e9948bc9b104dd0f8b.npz", "visibility": "visibility_ece32f50fcda43e9948bc9b104dd0f8b.png", "pose": [[0.6263998746871948, 0.7795018553733826, 0.0, 1746.5157470703125], [-0.7795018553733826, 0.6263998746871948, 0.0, 1152.1363525390625], [0.0, 0.0, 1.0, 0.0], [0.0, 0.0, 0.0, 1.0]], "pose_inverse": [[0.6263998746871948, -0.7795018553733826, 0.0, -195.9248046875], [0.7795018553733826, 0.6263998746871948, 0.0, -2083.1103515625], [0.0, 0.0, 1.0, 0.0], [0.0, 0.0, 0.0, 1.0]], "cam_ids": [0, 1, 2, 3, 4, 5], "cam_channels": ["CAM_FRONT_LEFT", "CAM_FRONT", "CAM_FRONT_RIGHT", "CAM_BACK_LEFT", "CAM_BACK", "CAM_BACK_RIGHT"], "token": "ece32f50fcda43e9948bc9b104dd0f8b", "scene": "scene-1090"}, {"images": ["samples/CAM_FRONT_LEFT/n015-2018-11-21-19-38-26+0800__CAM_FRONT_LEFT__1542800690404844.jpg", "samples/CAM_FRONT/n015-2018-11-21-19-38-26+0800__CAM_FRONT__1542800690412460.jpg", "samples/CAM_FRONT_RIGHT/n015-2018-11-21-19-38-26+0800__CAM_FRONT_RIGHT__1542800690420339.jpg", "samples/CAM_BACK_LEFT/n015-2018-11-21-19-38-26+0800__CAM_BACK_LEFT__1542800690447423.jpg", "samples/CAM_BACK/n015-2018-11-21-19-38-26+0800__CAM_BACK__1542800690437525.jpg", "samples/CAM_BACK_RIGHT/n015-2018-11-21-19-38-26+0800__CAM_BACK_RIGHT__1542800690427893.jpg"], "intrinsics": [[[1272.5979470598488, 0.0, 826.6154927353808], [0.0, 1272.5979470598488, 479.75165386361925], [0.0, 0.0, 1.0]], [[1266.417203046554, 0.0, 816.2670197447984], [0.0, 1266.417203046554, 491.50706579294757], [0.0, 0.0, 1.0]], [[1260.8474446004698, 0.0, 807.968244525554], [0.0, 1260.8474446004698, 495.3344268742088], [0.0, 0.0, 1.0]], [[1256.7414812095406, 0.0, 792.1125740759628], [0.0, 1256.7414812095406, 492.7757465151356], [0.0, 0.0, 1.0]], [[809.2209905677063, 0.0, 829.2196003259838], [0.0, 809.2209905677063, 481.77842384512485], [0.0, 0.0, 1.0]], [[1259.5137405846733, 0.0, 807.2529053838625], [0.0, 1259.5137405846733, 501.19579884916527], [0.0, 0.0, 1.0]]], "extrinsics": [[[0.8206552267074585, -0.5713426470756531, -0.009625284932553768, -0.7254638671875], [-0.010965177789330482, 0.001095790066756308, -0.9999392628669739, 1.5050501823425293], [0.5713185667991638, 0.8207108974456787, -0.00536560732871294, -1.114013671875], [0.0, 0.0, 0.0, 1.0]], [[0.005640955176204443, -0.9999796748161316, 0.0029450375586748123, 0.006591796875], [-0.016282791271805763, -0.003036544658243656, -0.9998628497123718, 1.5166282653808594], [0.9998515248298645, 0.005592208355665207, -0.016299590468406677, -1.4523773193359375], [0.0, 0.0, 0.0, 1.0]], [[-0.833003044128418, -0.5532674193382263, 0.0010934416204690933, 0.8770751953125], [-0.010677711106836796, 0.014100407250225544, -0.9998435378074646, 1.5016536712646484], [0.5531654357910156, -0.8328843712806702, -0.01765330880880356, -1.1453857421875], [0.0, 0.0, 0.0, 1.0]], [[0.9477707147598267, 0.31887292861938477, -0.00712522491812706, -1.1390380859375], [-0.00203263433650136, -0.016300514340400696, -0.9998650550842285, 1.5885467529296875], [-0.3189460337162018, 0.9476573467254639, -0.014800998382270336, -0.1046142578125], [0.0, 0.0, 0.0, 1.0]], [[0.0023683623876422644, 0.9999768733978271, -0.006381182931363583, 0.002685546875], [-0.02750248648226261, -0.006313653197139502, -0.9996018409729004, 1.5774345397949219], [-0.9996189475059509, 0.0025428831577301025, 0.02748689614236355, -0.0681304931640625], [0.0, 0.0, 0.0, 1.0]], [[-0.9348304867744446, 0.3550904393196106, -0.0016287000617012382, 1.00982666015625], [0.005175279453396797, 0.009038249962031841, -0.9999458193778992, 1.5521526336669922], [-0.3550565242767334, -0.9347883462905884, -0.010286925360560417, -0.1116943359375], [0.0, 0.0, 0.0, 1.0]]], "view": [[0.0, -2.0, 100.0], [-2.0, 0.0, 100.0], [0.0, 0.0, 1.0]], "bev": "bev_c27993a5abde458695701df7adc6fa9d.png", "aux": "aux_c27993a5abde458695701df7adc6fa9d.npz", "visibility": "visibility_c27993a5abde458695701df7adc6fa9d.png", "pose": [[0.6215338110923767, 0.7833873629570007, 0.0, 1748.5977783203125], [-0.7833873629570007, 0.6215338110923767, 0.0, 1149.499267578125], [0.0, 0.0, 1.0, 0.0], [0.0, 0.0, 0.0, 1.0]], "pose_inverse": [[0.6215338110923767, -0.7833873629570007, 0.0, -186.3094024658203], [0.7833873629570007, 0.6215338110923767, 0.0, -2084.281982421875], [0.0, 0.0, 1.0, 0.0], [0.0, 0.0, 0.0, 1.0]], "cam_ids": [0, 1, 2, 3, 4, 5], "cam_channels": ["CAM_FRONT_LEFT", "CAM_FRONT", "CAM_FRONT_RIGHT", "CAM_BACK_LEFT", "CAM_BACK", "CAM_BACK_RIGHT"], "token": "c27993a5abde458695701df7adc6fa9d", "scene": "scene-1090"}, {"images": ["samples/CAM_FRONT_LEFT/n015-2018-11-21-19-38-26+0800__CAM_FRONT_LEFT__1542800690904844.jpg", "samples/CAM_FRONT/n015-2018-11-21-19-38-26+0800__CAM_FRONT__1542800690912460.jpg", "samples/CAM_FRONT_RIGHT/n015-2018-11-21-19-38-26+0800__CAM_FRONT_RIGHT__1542800690920343.jpg", "samples/CAM_BACK_LEFT/n015-2018-11-21-19-38-26+0800__CAM_BACK_LEFT__1542800690947423.jpg", "samples/CAM_BACK/n015-2018-11-21-19-38-26+0800__CAM_BACK__1542800690937525.jpg", "samples/CAM_BACK_RIGHT/n015-2018-11-21-19-38-26+0800__CAM_BACK_RIGHT__1542800690927893.jpg"], "intrinsics": [[[1272.5979470598488, 0.0, 826.6154927353808], [0.0, 1272.5979470598488, 479.75165386361925], [0.0, 0.0, 1.0]], [[1266.417203046554, 0.0, 816.2670197447984], [0.0, 1266.417203046554, 491.50706579294757], [0.0, 0.0, 1.0]], [[1260.8474446004698, 0.0, 807.968244525554], [0.0, 1260.8474446004698, 495.3344268742088], [0.0, 0.0, 1.0]], [[1256.7414812095406, 0.0, 792.1125740759628], [0.0, 1256.7414812095406, 492.7757465151356], [0.0, 0.0, 1.0]], [[809.2209905677063, 0.0, 829.2196003259838], [0.0, 809.2209905677063, 481.77842384512485], [0.0, 0.0, 1.0]], [[1259.5137405846733, 0.0, 807.2529053838625], [0.0, 1259.5137405846733, 501.19579884916527], [0.0, 0.0, 1.0]]], "extrinsics": [[[0.8210043907165527, -0.5707659721374512, -0.013344715349376202, -0.724365234375], [-0.01144428551197052, 0.006916521117091179, -0.9999105930328369, 1.504897117614746], [0.5708072185516357, 0.821083664894104, -0.0008535145898349583, -1.1158447265625], [0.0, 0.0, 0.0, 1.0]], [[0.006137896794825792, -0.9999761581420898, -0.003161716740578413, 0.00830078125], [-0.01678743213415146, 0.003058290109038353, -0.9998543858528137, 1.5165036916732788], [0.999840259552002, 0.006190171930938959, -0.016768259927630424, -1.4524688720703125], [0.0, 0.0, 0.0, 1.0]], [[-0.8327991962432861, -0.5535715222358704, -0.001998007297515869, 0.878173828125], [-0.011217690072953701, 0.020484337583184242, -0.9997272491455078, 1.5015220642089844], [0.5534615516662598, -0.8325496315956116, -0.023269135504961014, -1.1444091796875], [0.0, 0.0, 0.0, 1.0]], [[0.9477651119232178, 0.31891947984695435, -0.00563766760751605, -1.13836669921875], [-0.002788822865113616, -0.009388729929924011, -0.9999520182609558, 1.5885429382324219], [-0.3189570903778076, 0.9477353096008301, -0.008008900098502636, -0.10498046875], [0.0, 0.0, 0.0, 1.0]], [[0.0022590116132050753, 0.9999973773956299, 0.0004209475591778755, 0.002197265625], [-0.028107255697250366, 0.00048427589354105294, -0.9996048212051392, 1.577399730682373], [-0.9996024370193481, 0.002246198011562228, 0.028108274564146996, -0.0678863525390625], [0.0, 0.0, 0.0, 1.0]], [[-0.9349206686019897, 0.35485491156578064, 0.0012480318546295166, 1.00982666015625], [0.004602633882313967, 0.015642909333109856, -0.9998670220375061, 1.5520515441894531], [-0.3548271954059601, -0.9347905516624451, -0.01625814475119114, -0.1104736328125], [0.0, 0.0, 0.0, 1.0]]], "view": [[0.0, -2.0, 100.0], [-2.0, 0.0, 100.0], [0.0, 0.0, 1.0]], "bev": "bev_e36c6286d4c04d22934270ebf66fca7e.png", "aux": "aux_e36c6286d4c04d22934270ebf66fca7e.npz", "visibility": "visibility_e36c6286d4c04d22934270ebf66fca7e.png", "pose": [[0.6157228946685791, 0.787962794303894, 0.0, 1750.64501953125], [-0.787962794303894, 0.6157228946685791, 0.0, 1146.87109375], [0.0, 0.0, 1.0, 0.0], [0.0, 0.0, 0.0, 1.0]], "pose_inverse": [[0.6157228946685791, -0.787962794303894, 0.0, -174.220458984375], [0.787962794303894, 0.6157228946685791, 0.0, -2085.597900390625], [0.0, 0.0, 1.0, 0.0], [0.0, 0.0, 0.0, 1.0]], "cam_ids": [0, 1, 2, 3, 4, 5], "cam_channels": ["CAM_FRONT_LEFT", "CAM_FRONT", "CAM_FRONT_RIGHT", "CAM_BACK_LEFT", "CAM_BACK", "CAM_BACK_RIGHT"], "token": "e36c6286d4c04d22934270ebf66fca7e", "scene": "scene-1090"}, {"images": ["samples/CAM_FRONT_LEFT/n015-2018-11-21-19-38-26+0800__CAM_FRONT_LEFT__1542800691404844.jpg", "samples/CAM_FRONT/n015-2018-11-21-19-38-26+0800__CAM_FRONT__1542800691412460.jpg", "samples/CAM_FRONT_RIGHT/n015-2018-11-21-19-38-26+0800__CAM_FRONT_RIGHT__1542800691420339.jpg", "samples/CAM_BACK_LEFT/n015-2018-11-21-19-38-26+0800__CAM_BACK_LEFT__1542800691447423.jpg", "samples/CAM_BACK/n015-2018-11-21-19-38-26+0800__CAM_BACK__1542800691437525.jpg", "samples/CAM_BACK_RIGHT/n015-2018-11-21-19-38-26+0800__CAM_BACK_RIGHT__1542800691427893.jpg"], "intrinsics": [[[1272.5979470598488, 0.0, 826.6154927353808], [0.0, 1272.5979470598488, 479.75165386361925], [0.0, 0.0, 1.0]], [[1266.417203046554, 0.0, 816.2670197447984], [0.0, 1266.417203046554, 491.50706579294757], [0.0, 0.0, 1.0]], [[1260.8474446004698, 0.0, 807.968244525554], [0.0, 1260.8474446004698, 495.3344268742088], [0.0, 0.0, 1.0]], [[1256.7414812095406, 0.0, 792.1125740759628], [0.0, 1256.7414812095406, 492.7757465151356], [0.0, 0.0, 1.0]], [[809.2209905677063, 0.0, 829.2196003259838], [0.0, 809.2209905677063, 481.77842384512485], [0.0, 0.0, 1.0]], [[1259.5137405846733, 0.0, 807.2529053838625], [0.0, 1259.5137405846733, 501.19579884916527], [0.0, 0.0, 1.0]]], "extrinsics": [[[0.821122944355011, -0.5706770420074463, -0.009211125783622265, -0.7249755859375], [-0.00686522526666522, 0.006261920556426048, -0.9999568462371826, 1.506241798400879], [0.5707101225852966, 0.8211507201194763, 0.0012239805655553937, -1.1134033203125], [0.0, 0.0, 0.0, 1.0]], [[0.006246809847652912, -0.9999778270721436, -0.0023018938954919577, 0.006591796875], [-0.012168318033218384, 0.0022257540840655565, -0.9999235272407532, 1.5176101922988892], [0.9999064207077026, 0.006274355575442314, -0.01215414423495531, -1.4521026611328125], [0.0, 0.0, 0.0, 1.0]], [[-0.8327409029006958, -0.5536373853683472, -0.005317539442330599, 0.8770751953125], [-0.0065593295730650425, 0.019468771293759346, -0.9997889399528503, 1.5024223327636719], [0.5536240339279175, -0.8325302004814148, -0.0198439322412014, -1.1456298828125], [0.0, 0.0, 0.0, 1.0]], [[0.9477565884590149, 0.3189907670021057, -0.0015353101771324873, -1.13916015625], [0.002051207236945629, -0.010907093062996864, -0.999938428401947, 1.58856201171875], [-0.31898778676986694, 0.9476950764656067, -0.010991585440933704, -0.1046142578125], [0.0, 0.0, 0.0, 1.0]], [[0.0022444871719926596, 0.999997079372406, -0.0008927169837988913, 0.002685546875], [-0.02333483099937439, -0.0008401010418310761, -0.9997273683547974, 1.5777497291564941], [-0.9997251629829407, 0.0022647513542324305, 0.023332877084612846, -0.0669708251953125], [0.0, 0.0, 0.0, 1.0]], [[-0.9349324107170105, 0.3548077940940857, -0.003574024885892868, 1.0101318359375], [0.009318921715021133, 0.014484087005257607, -0.9998517036437988, 1.5527000427246094], [-0.35470345616340637, -0.9348270893096924, -0.016848070546984673, -0.1114501953125], [0.0, 0.0, 0.0, 1.0]]], "view": [[0.0, -2.0, 100.0], [-2.0, 0.0, 100.0], [0.0, 0.0, 1.0]], "bev": "bev_3873d8fae816458fb86452f03f74f34e.png", "aux": "aux_3873d8fae816458fb86452f03f74f34e.npz", "visibility": "visibility_3873d8fae816458fb86452f03f74f34e.png", "pose": [[0.6108564734458923, 0.7917413711547852, 0.0, 1752.681884765625], [-0.7917413711547852, 0.6108564734458923, 0.0, 1144.2305908203125], [0.0, 0.0, 1.0, 0.0], [0.0, 0.0, 0.0, 1.0]], "pose_inverse": [[0.6108564734458923, -0.7917413711547852, 0.0, -164.70233154296875], [0.7917413711547852, 0.6108564734458923, 0.0, -2086.63134765625], [0.0, 0.0, 1.0, 0.0], [0.0, 0.0, 0.0, 1.0]], "cam_ids": [0, 1, 2, 3, 4, 5], "cam_channels": ["CAM_FRONT_LEFT", "CAM_FRONT", "CAM_FRONT_RIGHT", "CAM_BACK_LEFT", "CAM_BACK", "CAM_BACK_RIGHT"], "token": "3873d8fae816458fb86452f03f74f34e", "scene": "scene-1090"}, {"images": ["samples/CAM_FRONT_LEFT/n015-2018-11-21-19-38-26+0800__CAM_FRONT_LEFT__1542800691904844.jpg", "samples/CAM_FRONT/n015-2018-11-21-19-38-26+0800__CAM_FRONT__1542800691912460.jpg", "samples/CAM_FRONT_RIGHT/n015-2018-11-21-19-38-26+0800__CAM_FRONT_RIGHT__1542800691920339.jpg", "samples/CAM_BACK_LEFT/n015-2018-11-21-19-38-26+0800__CAM_BACK_LEFT__1542800691947423.jpg", "samples/CAM_BACK/n015-2018-11-21-19-38-26+0800__CAM_BACK__1542800691937525.jpg", "samples/CAM_BACK_RIGHT/n015-2018-11-21-19-38-26+0800__CAM_BACK_RIGHT__1542800691927893.jpg"], "intrinsics": [[[1272.5979470598488, 0.0, 826.6154927353808], [0.0, 1272.5979470598488, 479.75165386361925], [0.0, 0.0, 1.0]], [[1266.417203046554, 0.0, 816.2670197447984], [0.0, 1266.417203046554, 491.50706579294757], [0.0, 0.0, 1.0]], [[1260.8474446004698, 0.0, 807.968244525554], [0.0, 1260.8474446004698, 495.3344268742088], [0.0, 0.0, 1.0]], [[1256.7414812095406, 0.0, 792.1125740759628], [0.0, 1256.7414812095406, 492.7757465151356], [0.0, 0.0, 1.0]], [[809.2209905677063, 0.0, 829.2196003259838], [0.0, 809.2209905677063, 481.77842384512485], [0.0, 0.0, 1.0]], [[1259.5137405846733, 0.0, 807.2529053838625], [0.0, 1259.5137405846733, 501.19579884916527], [0.0, 0.0, 1.0]]], "extrinsics": [[[0.8204032778739929, -0.5717630386352539, -0.005042111501097679, -0.7374267578125], [-0.009853480383753777, -0.005320442374795675, -0.9999372959136963, 1.5055055618286133], [0.571700394153595, 0.8204014897346497, -0.009998764842748642, -1.120849609375], [0.0, 0.0, 0.0, 1.0]], [[0.005284731741994619, -0.9999409317970276, 0.009492956101894379, 0.00537109375], [-0.015150986611843109, -0.009572064504027367, -0.9998394250869751, 1.5170669555664062], [0.9998711347579956, 0.0051400186493992805, -0.015200680121779442, -1.464111328125], [0.0, 0.0, 0.0, 1.0]], [[-0.8331383466720581, -0.5530512928962708, 0.003817877499386668, 0.8846435546875], [-0.009518884122371674, 0.00743683148175478, -0.9999270439147949, 1.5019655227661133], [0.5529826283454895, -0.8331140279769897, -0.011460340581834316, -1.1513671875], [0.0, 0.0, 0.0, 1.0]], [[0.947753369808197, 0.31889671087265015, -0.008268621750175953, -1.14251708984375], [-0.0008602903690189123, -0.023364990949630737, -0.9997265934944153, 1.5885505676269531], [-0.3190026879310608, 0.9475014209747314, -0.021869907155632973, -0.1033935546875], [0.0, 0.0, 0.0, 1.0]], [[0.0024538757279515266, 0.9999091625213623, -0.013256847858428955, 0.0029296875], [-0.026278585195541382, -0.013187830336391926, -0.9995676279067993, 1.5776500701904297], [-0.9996515512466431, 0.0028011391405016184, 0.02624383755028248, -0.06317138671875], [0.0, 0.0, 0.0, 1.0]], [[-0.9347673654556274, 0.3552229702472687, -0.005145936738699675, 1.01708984375], [0.006364252883940935, 0.002261324552819133, -0.9999772310256958, 1.5522608757019043], [-0.35520321130752563, -0.9347788095474243, -0.004374542739242315, -0.1094970703125], [0.0, 0.0, 0.0, 1.0]]], "view": [[0.0, -2.0, 100.0], [-2.0, 0.0, 100.0], [0.0, 0.0, 1.0]], "bev": "bev_ae110514a90b429187cb3405ce97e635.png", "aux": "aux_ae110514a90b429187cb3405ce97e635.npz", "visibility": "visibility_ae110514a90b429187cb3405ce97e635.png", "pose": [[0.6097038984298706, 0.7926292419433594, 0.0, 1754.7264404296875], [-0.7926292419433594, 0.6097038984298706, 0.0, 1141.5560302734375], [0.0, 0.0, 1.0, 0.0], [0.0, 0.0, 0.0, 1.0]], "pose_inverse": [[0.6097038984298706, -0.7926292419433594, 0.0, -165.0328369140625], [0.7926292419433594, 0.6097038984298706, 0.0, -2086.858642578125], [0.0, 0.0, 1.0, 0.0], [0.0, 0.0, 0.0, 1.0]], "cam_ids": [0, 1, 2, 3, 4, 5], "cam_channels": ["CAM_FRONT_LEFT", "CAM_FRONT", "CAM_FRONT_RIGHT", "CAM_BACK_LEFT", "CAM_BACK", "CAM_BACK_RIGHT"], "token": "ae110514a90b429187cb3405ce97e635", "scene": "scene-1090"}, {"images": ["samples/CAM_FRONT_LEFT/n015-2018-11-21-19-38-26+0800__CAM_FRONT_LEFT__1542800692404844.jpg", "samples/CAM_FRONT/n015-2018-11-21-19-38-26+0800__CAM_FRONT__1542800692412460.jpg", "samples/CAM_FRONT_RIGHT/n015-2018-11-21-19-38-26+0800__CAM_FRONT_RIGHT__1542800692420339.jpg", "samples/CAM_BACK_LEFT/n015-2018-11-21-19-38-26+0800__CAM_BACK_LEFT__1542800692447423.jpg", "samples/CAM_BACK/n015-2018-11-21-19-38-26+0800__CAM_BACK__1542800692437525.jpg", "samples/CAM_BACK_RIGHT/n015-2018-11-21-19-38-26+0800__CAM_BACK_RIGHT__1542800692427893.jpg"], "intrinsics": [[[1272.5979470598488, 0.0, 826.6154927353808], [0.0, 1272.5979470598488, 479.75165386361925], [0.0, 0.0, 1.0]], [[1266.417203046554, 0.0, 816.2670197447984], [0.0, 1266.417203046554, 491.50706579294757], [0.0, 0.0, 1.0]], [[1260.8474446004698, 0.0, 807.968244525554], [0.0, 1260.8474446004698, 495.3344268742088], [0.0, 0.0, 1.0]], [[1256.7414812095406, 0.0, 792.1125740759628], [0.0, 1256.7414812095406, 492.7757465151356], [0.0, 0.0, 1.0]], [[809.2209905677063, 0.0, 829.2196003259838], [0.0, 809.2209905677063, 481.77842384512485], [0.0, 0.0, 1.0]], [[1259.5137405846733, 0.0, 807.2529053838625], [0.0, 1259.5137405846733, 501.19579884916527], [0.0, 0.0, 1.0]]], "extrinsics": [[[0.8206127882003784, -0.5714671015739441, -0.004460478201508522, -0.73291015625], [-0.006362264044582844, -0.0013309105997905135, -0.9999788403511047, 1.5064606666564941], [0.5714490413665771, 0.8206238746643066, -0.004727987106889486, -1.120849609375], [0.0, 0.0, 0.0, 1.0]], [[0.005525651853531599, -0.9999714493751526, 0.005157914012670517, 0.007568359375], [-0.011506473645567894, -0.005221232306212187, -0.9999201893806458, 1.517878532409668], [0.9999184608459473, 0.005465871654450893, -0.011534995399415493, -1.4611663818359375], [0.0, 0.0, 0.0, 1.0]], [[-0.833034098148346, -0.5532181262969971, -0.0019649190362542868, 0.8836669921875], [-0.005720183718949556, 0.012164912186563015, -0.9999095797538757, 1.5026073455810547], [0.5531920194625854, -0.8329475522041321, -0.013298296369612217, -1.14892578125], [0.0, 0.0, 0.0, 1.0]], [[0.9477502107620239, 0.319004625082016, -0.002337771700695157, -1.14312744140625], [0.0035218980628997087, -0.017790542915463448, -0.9998355507850647, 1.5885581970214844], [-0.31899377703666687, 0.9475861191749573, -0.01798449456691742, -0.1038818359375], [0.0, 0.0, 0.0, 1.0]], [[0.0024347067810595036, 0.9999657273292542, -0.007908718660473824, 0.00244140625], [-0.022105179727077484, -0.007852991111576557, -0.999724805355072, 1.577920913696289], [-0.9997525811195374, 0.002608802169561386, 0.02208530157804489, -0.0633544921875], [0.0, 0.0, 0.0, 1.0]], [[-0.9347918033599854, 0.35512620210647583, -0.0070455847308039665, 1.0155029296875], [0.010317687876522541, 0.007320971693843603, -0.9999199509620667, 1.5527734756469727], [-0.3550461232662201, -0.9347897171974182, -0.010507666505873203, -0.108642578125], [0.0, 0.0, 0.0, 1.0]]], "view": [[0.0, -2.0, 100.0], [-2.0, 0.0, 100.0], [0.0, 0.0, 1.0]], "bev": "bev_c471213976cf4f4fb376e05917bd5391.png", "aux": "aux_c471213976cf4f4fb376e05917bd5391.npz", "visibility": "visibility_c471213976cf4f4fb376e05917bd5391.png", "pose": [[0.6101518869400024, 0.7922844290733337, 0.0, 1756.7530517578125], [-0.7922844290733337, 0.6101518869400024, 0.0, 1138.8984375], [0.0, 0.0, 1.0, 0.0], [0.0, 0.0, 0.0, 1.0]], "pose_inverse": [[0.6101518869400024, -0.7922844290733337, 0.0, -169.55471801757812], [0.7922844290733337, 0.6101518869400024, 0.0, -2086.749267578125], [0.0, 0.0, 1.0, 0.0], [0.0, 0.0, 0.0, 1.0]], "cam_ids": [0, 1, 2, 3, 4, 5], "cam_channels": ["CAM_FRONT_LEFT", "CAM_FRONT", "CAM_FRONT_RIGHT", "CAM_BACK_LEFT", "CAM_BACK", "CAM_BACK_RIGHT"], "token": "c471213976cf4f4fb376e05917bd5391", "scene": "scene-1090"}, {"images": ["samples/CAM_FRONT_LEFT/n015-2018-11-21-19-38-26+0800__CAM_FRONT_LEFT__1542800692904844.jpg", "samples/CAM_FRONT/n015-2018-11-21-19-38-26+0800__CAM_FRONT__1542800692912460.jpg", "samples/CAM_FRONT_RIGHT/n015-2018-11-21-19-38-26+0800__CAM_FRONT_RIGHT__1542800692920339.jpg", "samples/CAM_BACK_LEFT/n015-2018-11-21-19-38-26+0800__CAM_BACK_LEFT__1542800692947423.jpg", "samples/CAM_BACK/n015-2018-11-21-19-38-26+0800__CAM_BACK__1542800692937525.jpg", "samples/CAM_BACK_RIGHT/n015-2018-11-21-19-38-26+0800__CAM_BACK_RIGHT__1542800692927893.jpg"], "intrinsics": [[[1272.5979470598488, 0.0, 826.6154927353808], [0.0, 1272.5979470598488, 479.75165386361925], [0.0, 0.0, 1.0]], [[1266.417203046554, 0.0, 816.2670197447984], [0.0, 1266.417203046554, 491.50706579294757], [0.0, 0.0, 1.0]], [[1260.8474446004698, 0.0, 807.968244525554], [0.0, 1260.8474446004698, 495.3344268742088], [0.0, 0.0, 1.0]], [[1256.7414812095406, 0.0, 792.1125740759628], [0.0, 1256.7414812095406, 492.7757465151356], [0.0, 0.0, 1.0]], [[809.2209905677063, 0.0, 829.2196003259838], [0.0, 809.2209905677063, 481.77842384512485], [0.0, 0.0, 1.0]], [[1259.5137405846733, 0.0, 807.2529053838625], [0.0, 1259.5137405846733, 501.19579884916527], [0.0, 0.0, 1.0]]], "extrinsics": [[[0.8204778432846069, -0.5716273188591003, -0.00762625876814127, -0.7166748046875], [-0.006416673306375742, 0.004130833316594362, -0.9999708533287048, 1.506307601928711], [0.5716421604156494, 0.8205029368400574, -0.00027868864708580077, -1.109375], [0.0, 0.0, 0.0, 1.0]], [[0.005519036203622818, -0.9999847412109375, -0.00023667288769502193, 0.007568359375], [-0.011818783357739449, 0.00017142988508567214, -0.9999301433563232, 1.517600178718567], [0.9999148845672607, 0.0055215018801391125, -0.011817656457424164, -1.4442291259765625], [0.0, 0.0, 0.0, 1.0]], [[-0.8329091668128967, -0.5533918738365173, -0.004428165033459663, 0.87255859375], [-0.006302265450358391, 0.017486006021499634, -0.9998272657394409, 1.5023994445800781], [0.5533737540245056, -0.832737386226654, -0.018051879480481148, -1.140380859375], [0.0, 0.0, 0.0, 1.0]], [[0.9477481842041016, 0.3190121352672577, -0.0021617691963911057, -1.1397705078125], [0.0019313727971166372, -0.01251379307359457, -0.9999197721481323, 1.58856201171875], [-0.3190135359764099, 0.9476680159568787, -0.012476055882871151, -0.1048583984375], [0.0, 0.0, 0.0, 1.0]], [[0.002347670029848814, 0.99999