[{"images": ["samples/CAM_FRONT_LEFT/n008-2018-09-18-15-12-01-0400__CAM_FRONT_LEFT__1537298125654799.jpg", "samples/CAM_FRONT/n008-2018-09-18-15-12-01-0400__CAM_FRONT__1537298125662404.jpg", "samples/CAM_FRONT_RIGHT/n008-2018-09-18-15-12-01-0400__CAM_FRONT_RIGHT__1537298125670482.jpg", "samples/CAM_BACK_LEFT/n008-2018-09-18-15-12-01-0400__CAM_BACK_LEFT__1537298125697405.jpg", "samples/CAM_BACK/n008-2018-09-18-15-12-01-0400__CAM_BACK__1537298125687558.jpg", "samples/CAM_BACK_RIGHT/n008-2018-09-18-15-12-01-0400__CAM_BACK_RIGHT__1537298125678113.jpg"], "intrinsics": [[[1257.8625342125129, 0.0, 827.2410631095686], [0.0, 1257.8625342125129, 450.915498205774], [0.0, 0.0, 1.0]], [[1252.8131021185304, 0.0, 826.588114781398], [0.0, 1252.8131021185304, 469.9846626224581], [0.0, 0.0, 1.0]], [[1256.7485116440405, 0.0, 817.7887570959712], [0.0, 1256.7485116440403, 451.9541780095127], [0.0, 0.0, 1.0]], [[1254.9860565800168, 0.0, 829.5769333630991], [0.0, 1254.9860565800168, 467.1680561863987], [0.0, 0.0, 1.0]], [[796.8910634503094, 0.0, 857.7774326863696], [0.0, 796.8910634503094, 476.8848988407415], [0.0, 0.0, 1.0]], [[1249.9629280788233, 0.0, 825.3768045375984], [0.0, 1249.9629280788233, 462.54816385708756], [0.0, 0.0, 1.0]]], "extrinsics": [[[0.8230763077735901, -0.5678485631942749, -0.009664865210652351, -0.6065673828125], [0.013935991562902927, 0.03720642998814583, -0.9992104172706604, 1.4949393272399902], [0.5677598118782043, 0.8222917318344116, 0.03853726387023926, -1.06103515625], [0.0, 0.0, 0.0, 1.0]], [[0.01114661805331707, -0.9993979334831238, -0.03285614773631096, 0.01165771484375], [0.015954265370965004, 0.033031757920980453, -0.9993269443511963, 1.4864931106567383], [0.999810516834259, 0.010614965111017227, 0.01631285436451435, -1.3345947265625], [0.0, 0.0, 0.0, 1.0]], [[-0.8434821367263794, -0.5361254811286926, -0.03327659144997597, 0.82757568359375], [0.023996170610189438, 0.02427949570119381, -0.9994171857833862, 1.5005435943603516], [0.5366209149360657, -0.8437890410423279, -0.007614364847540855, -1.1085205078125], [0.0, 0.0, 0.0, 1.0]], [[0.9477478861808777, 0.3188221752643585, 0.011241321451961994, -1.122802734375], [-0.0013214447535574436, 0.03916002810001373, -0.9992320537567139, 1.562002182006836], [-0.31901755928993225, 0.9470052123069763, 0.03753513842821121, -0.16351318359375], [0.0, 0.0, 0.0, 1.0]], [[0.008726614527404308, 0.9994568824768066, 0.03177979588508606, -0.02825927734375], [0.0008142913575284183, 0.031773891299963, -0.999494731426239, 1.5681462287902832], [-0.9999615550041199, 0.008748045191168785, -0.000536568695679307, -0.0838623046875], [0.0, 0.0, 0.0, 1.0]], [[-0.9238986968994141, 0.38263553380966187, -0.0010837417794391513, 0.9476318359375], [0.004962871316820383, 0.009151026606559753, -0.9999458193778992, 1.5489459037780762], [-0.38260477781295776, -0.9238540530204773, -0.010353593155741692, -0.130950927734375], [0.0, 0.0, 0.0, 1.0]]], "view": [[0.0, -2.0, 100.0], [-2.0, 0.0, 100.0], [0.0, 0.0, 1.0]], "bev": "bev_8487e4c995874bb2aeb41d6484717d10.png", "aux": "aux_8487e4c995874bb2aeb41d6484717d10.npz", "visibility": "visibility_8487e4c995874bb2aeb41d6484717d10.png", "pose": [[-0.6453056931495667, 0.7639244198799133, 0.0, 979.6185302734375], [-0.7639244198799133, -0.6453056931495667, 0.0, 691.637939453125], [0.0, 0.0, 1.0, 0.0], [0.0, 0.0, 0.0, 1.0]], "pose_inverse": [[-0.6453056931495667, -0.7639244198799133, 0.0, 1160.5125732421875], [0.7639244198799133, -0.6453056931495667, 0.0, -302.03662109375], [0.0, 0.0, 1.0, 0.0], [0.0, 0.0, 0.0, 1.0]], "cam_ids": [0, 1, 2, 3, 4, 5], "cam_channels": ["CAM_FRONT_LEFT", "CAM_FRONT", "CAM_FRONT_RIGHT", "CAM_BACK_LEFT", "CAM_BACK", "CAM_BACK_RIGHT"], "token": "8487e4c995874bb2aeb41d6484717d10", "scene": "scene-0912"}, {"images": ["samples/CAM_FRONT_LEFT/n008-2018-09-18-15-12-01-0400__CAM_FRONT_LEFT__1537298126154799.jpg", "samples/CAM_FRONT/n008-2018-09-18-15-12-01-0400__CAM_FRONT__1537298126162404.jpg", "samples/CAM_FRONT_RIGHT/n008-2018-09-18-15-12-01-0400__CAM_FRONT_RIGHT__1537298126170482.jpg", "samples/CAM_BACK_LEFT/n008-2018-09-18-15-12-01-0400__CAM_BACK_LEFT__1537298126197405.jpg", "samples/CAM_BACK/n008-2018-09-18-15-12-01-0400__CAM_BACK__1537298126187558.jpg", "samples/CAM_BACK_RIGHT/n008-2018-09-18-15-12-01-0400__CAM_BACK_RIGHT__1537298126178113.jpg"], "intrinsics": [[[1257.8625342125129, 0.0, 827.2410631095686], [0.0, 1257.8625342125129, 450.915498205774], [0.0, 0.0, 1.0]], [[1252.8131021185304, 0.0, 826.588114781398], [0.0, 1252.8131021185304, 469.9846626224581], [0.0, 0.0, 1.0]], [[1256.7485116440405, 0.0, 817.7887570959712], [0.0, 1256.7485116440403, 451.9541780095127], [0.0, 0.0, 1.0]], [[1254.9860565800168, 0.0, 829.5769333630991], [0.0, 1254.9860565800168, 467.1680561863987], [0.0, 0.0, 1.0]], [[796.8910634503094, 0.0, 857.7774326863696], [0.0, 796.8910634503094, 476.8848988407415], [0.0, 0.0, 1.0]], [[1249.9629280788233, 0.0, 825.3768045375984], [0.0, 1249.9629280788233, 462.54816385708756], [0.0, 0.0, 1.0]]], "extrinsics": [[[0.8224617838859558, -0.568533182144165, -0.018076971173286438, -0.620849609375], [0.003984732553362846, 0.03753761574625969, -0.9992873072624207, 1.4900689125061035], [0.568806529045105, 0.8218035697937012, 0.0331387035548687, -1.0703125], [0.0, 0.0, 0.0, 1.0]], [[0.010156623087823391, -0.9993913769721985, -0.0333738699555397, 0.01104736328125], [0.005877571180462837, 0.033434681594371796, -0.9994236826896667, 1.482369303703308], [0.9999311566352844, 0.009954560548067093, 0.006213576067239046, -1.349609375], [0.0, 0.0, 0.0, 1.0]], [[-0.8440333008766174, -0.5357080698013306, -0.024996241554617882, 0.83795166015625], [0.013878026977181435, 0.024775894358754158, -0.9995966553688049, 1.4972047805786133], [0.5361113548278809, -0.8440397381782532, -0.013477109372615814, -1.11529541015625], [0.0, 0.0, 0.0, 1.0]], [[0.9478353261947632, 0.31875506043434143, 0.001855084439739585, -1.12530517578125], [-0.011578274890780449, 0.040243301540613174, -0.9991228580474854, 1.5618133544921875], [-0.31855010986328125, 0.9469823837280273, 0.04183465614914894, -0.16241455078125], [0.0, 0.0, 0.0, 1.0]], [[0.009208815172314644, 0.9994285106658936, 0.032525718212127686, -0.028228759765625], [-0.009510183706879616, 0.032613158226013184, -0.9994227886199951, 1.5668869018554688], [-0.999912440776825, 0.008894185535609722, 0.009805076755583286, -0.0777587890625], [0.0, 0.0, 0.0, 1.0]], [[-0.9237383604049683, 0.38292911648750305, 0.008522811345756054, 0.9564208984375], [-0.005169376265257597, 0.009785461239516735, -0.9999387264251709, 1.5466609001159668], [-0.3829890787601471, -0.9237259030342102, -0.007059701252728701, -0.12725830078125], [0.0, 0.0, 0.0, 1.0]]], "view": [[0.0, -2.0, 100.0], [-2.0, 0.0, 100.0], [0.0, 0.0, 1.0]], "bev": "bev_fbe8db91f14d42ee9320190058bdad74.png", "aux": "aux_fbe8db91f14d42ee9320190058bdad74.npz", "visibility": "visibility_fbe8db91f14d42ee9320190058bdad74.png", "pose": [[-0.6553938388824463, 0.7552873492240906, 0.0, 976.1421508789062], [-0.7552873492240906, -0.6553938388824463, 0.0, 687.6702270507812], [0.0, 0.0, 1.0, 0.0], [0.0, 0.0, 0.0, 1.0]], "pose_inverse": [[-0.6553938388824463, -0.7552873492240906, 0.0, 1159.1461181640625], [0.7552873492240906, -0.6553938388824463, 0.0, -286.5729675292969], [0.0, 0.0, 1.0, 0.0], [0.0, 0.0, 0.0, 1.0]], "cam_ids": [0, 1, 2, 3, 4, 5], "cam_channels": ["CAM_FRONT_LEFT", "CAM_FRONT", "CAM_FRONT_RIGHT", "CAM_BACK_LEFT", "CAM_BACK", "CAM_BACK_RIGHT"], "token": "fbe8db91f14d42ee9320190058bdad74", "scene": "scene-0912"}, {"images": ["samples/CAM_FRONT_LEFT/n008-2018-09-18-15-12-01-0400__CAM_FRONT_LEFT__1537298126654799.jpg", "samples/CAM_FRONT/n008-2018-09-18-15-12-01-0400__CAM_FRONT__1537298126662404.jpg", "samples/CAM_FRONT_RIGHT/n008-2018-09-18-15-12-01-0400__CAM_FRONT_RIGHT__1537298126670482.jpg", "samples/CAM_BACK_LEFT/n008-2018-09-18-15-12-01-0400__CAM_BACK_LEFT__1537298126697405.jpg", "samples/CAM_BACK/n008-2018-09-18-15-12-01-0400__CAM_BACK__1537298126687558.jpg", "samples/CAM_BACK_RIGHT/n008-2018-09-18-15-12-01-0400__CAM_BACK_RIGHT__1537298126678113.jpg"], "intrinsics": [[[1257.8625342125129, 0.0, 827.2410631095686], [0.0, 1257.8625342125129, 450.915498205774], [0.0, 0.0, 1.0]], [[1252.8131021185304, 0.0, 826.588114781398], [0.0, 1252.8131021185304, 469.9846626224581], [0.0, 0.0, 1.0]], [[1256.7485116440405, 0.0, 817.7887570959712], [0.0, 1256.7485116440403, 451.9541780095127], [0.0, 0.0, 1.0]], [[1254.9860565800168, 0.0, 829.5769333630991], [0.0, 1254.9860565800168, 467.1680561863987], [0.0, 0.0, 1.0]], [[796.8910634503094, 0.0, 857.7774326863696], [0.0, 796.8910634503094, 476.8848988407415], [0.0, 0.0, 1.0]], [[1249.9629280788233, 0.0, 825.3768045375984], [0.0, 1249.9629280788233, 462.54816385708756], [0.0, 0.0, 1.0]]], "extrinsics": [[[0.8212763071060181, -0.5701513886451721, -0.020801477134227753, -0.626953125], [0.004287544172257185, 0.04262664541602135, -0.9990818500518799, 1.4900531768798828], [0.5705145597457886, 0.8204330801963806, 0.03745280206203461, -1.07647705078125], [0.0, 0.0, 0.0, 1.0]], [[0.008205464109778404, -0.9992285370826721, -0.03840641304850578, 0.011810302734375], [0.006552454084157944, 0.038460612297058105, -0.9992386102676392, 1.482515811920166], [0.9999448657035828, 0.007947547361254692, 0.006862987298518419, -1.3564453125], [0.0, 0.0, 0.0, 1.0]], [[-0.8449141979217529, -0.534149706363678, -0.028358103707432747, 0.842529296875], [0.014811936765909195, 0.02963162772357464, -0.9994511008262634, 1.497380256652832], [0.5346968173980713, -0.8448705077171326, -0.017124393954873085, -1.1181640625], [0.0, 0.0, 0.0, 1.0]], [[0.9479202032089233, 0.318478524684906, 0.00432170694693923, -1.1270751953125], [-0.01023956760764122, 0.04403305426239967, -0.9989776015281677, 1.5618743896484375], [-0.31834328174591064, 0.9469068646430969, 0.04500090703368187, -0.161376953125], [0.0, 0.0, 0.0, 1.0]], [[0.009844441898167133, 0.9992710947990417, 0.0368824265897274, -0.0283203125], [-0.007908336818218231, 0.03696085885167122, -0.9992853999137878, 1.567098617553711], [-0.9999203085899353, 0.009545618668198586, 0.008266430348157883, -0.0745849609375], [0.0, 0.0, 0.0, 1.0]], [[-0.9232754111289978, 0.38402631878852844, 0.009292541071772575, 0.9605712890625], [-0.004044668283313513, 0.014470755122601986, -0.9998871088027954, 1.546919345855713], [-0.3841174244880676, -0.9232087731361389, -0.011807234026491642, -0.125457763671875], [0.0, 0.0, 0.0, 1.0]]], "view": [[0.0, -2.0, 100.0], [-2.0, 0.0, 100.0], [0.0, 0.0, 1.0]], "bev": "bev_74288be6042148a985ab936b69e90eec.png", "aux": "aux_74288be6042148a985ab936b69e90eec.npz", "visibility": "visibility_74288be6042148a985ab936b69e90eec.png", "pose": [[-0.6437839269638062, 0.7652073502540588, 0.0, 972.7403564453125], [-0.7652073502540588, -0.6437839269638062, 0.0, 683.7640991210938], [0.0, 0.0, 1.0, 0.0], [0.0, 0.0, 0.0, 1.0]], "pose_inverse": [[-0.6437839269638062, -0.7652073502540588, 0.0, 1149.4559326171875], [0.7652073502540588, -0.6437839269638062, 0.0, -304.1517639160156], [0.0, 0.0, 1.0, 0.0], [0.0, 0.0, 0.0, 1.0]], "cam_ids": [0, 1, 2, 3, 4, 5], "cam_channels": ["CAM_FRONT_LEFT", "CAM_FRONT", "CAM_FRONT_RIGHT", "CAM_BACK_LEFT", "CAM_BACK", "CAM_BACK_RIGHT"], "token": "74288be6042148a985ab936b69e90eec", "scene": "scene-0912"}, {"images": ["samples/CAM_FRONT_LEFT/n008-2018-09-18-15-12-01-0400__CAM_FRONT_LEFT__1537298127154799.jpg", "samples/CAM_FRONT/n008-2018-09-18-15-12-01-0400__CAM_FRONT__1537298127162404.jpg", "samples/CAM_FRONT_RIGHT/n008-2018-09-18-15-12-01-0400__CAM_FRONT_RIGHT__1537298127170482.jpg", "samples/CAM_BACK_LEFT/n008-2018-09-18-15-12-01-0400__CAM_BACK_LEFT__1537298127197405.jpg", "samples/CAM_BACK/n008-2018-09-18-15-12-01-0400__CAM_BACK__1537298127187558.jpg", "samples/CAM_BACK_RIGHT/n008-2018-09-18-15-12-01-0400__CAM_BACK_RIGHT__1537298127178113.jpg"], "intrinsics": [[[1257.8625342125129, 0.0, 827.2410631095686], [0.0, 1257.8625342125129, 450.915498205774], [0.0, 0.0, 1.0]], [[1252.8131021185304, 0.0, 826.588114781398], [0.0, 1252.8131021185304, 469.9846626224581], [0.0, 0.0, 1.0]], [[1256.7485116440405, 0.0, 817.7887570959712], [0.0, 1256.7485116440403, 451.9541780095127], [0.0, 0.0, 1.0]], [[1254.9860565800168, 0.0, 829.5769333630991], [0.0, 1254.9860565800168, 467.1680561863987], [0.0, 0.0, 1.0]], [[796.8910634503094, 0.0, 857.7774326863696], [0.0, 796.8910634503094, 476.8848988407415], [0.0, 0.0, 1.0]], [[1249.9629280788233, 0.0, 825.3768045375984], [0.0, 1249.9629280788233, 462.54816385708756], [0.0, 0.0, 1.0]]], "extrinsics": [[[0.82282555103302, -0.5681823492050171, -0.011264298111200333, -0.6282958984375], [0.000626580324023962, 0.020728282630443573, -0.9997849464416504, 1.4884452819824219], [0.5682936310768127, 0.8226416707038879, 0.017411772161722183, -1.081085205078125], [0.0, 0.0, 0.0, 1.0]], [[0.010873311199247837, -0.9997958540916443, -0.017028456553816795, 0.015167236328125], [0.002439588773995638, 0.01705593802034855, -0.9998515248298645, 1.4809855222702026], [0.999937891960144, 0.010830109007656574, 0.002624544547870755, -1.358642578125], [0.0, 0.0, 0.0, 1.0]], [[-0.8437218070030212, -0.5366113781929016, -0.013486945070326328, 0.8447265625], [0.010436010546982288, 0.008722531609237194, -0.9999074935913086, 1.496103286743164], [0.5366792678833008, -0.8437844514846802, -0.0017593090888112783, -1.11553955078125], [0.0, 0.0, 0.0, 1.0]], [[0.9478253126144409, 0.3187240958213806, -0.006493076216429472, -1.1236572265625], [-0.015207599848508835, 0.024861091747879982, -0.9995751976966858, 1.5617179870605469], [-0.31842726469039917, 0.947521448135376, 0.028411000967025757, -0.16290283203125], [0.0, 0.0, 0.0, 1.0]], [[0.009033868089318275, 0.9998170733451843, 0.016860591247677803, -0.02960205078125], [-0.012920364737510681, 0.016976580023765564, -0.9997723698616028, 1.5664615631103516], [-0.9998757243156433, 0.008814021944999695, 0.013071366585791111, -0.0770263671875], [0.0, 0.0, 0.0, 1.0]], [[-0.9239072203636169, 0.38257554173469543, 0.005605932325124741, 0.9588623046875], [-0.008588623255491257, -0.006088913884013891, -0.9999445676803589, 1.5459685325622559], [-0.3825201988220215, -0.9239041805267334, 0.008911387994885445, -0.1235504150390625], [0.0, 0.0, 0.0, 1.0]]], "view": [[0.0, -2.0, 100.0], [-2.0, 0.0, 100.0], [0.0, 0.0, 1.0]], "bev": "bev_8c42fb380f2e4b32844d6fe6179e81f2.png", "aux": "aux_8c42fb380f2e4b32844d6fe6179e81f2.npz", "visibility": "visibility_8c42fb380f2e4b32844d6fe6179e81f2.png", "pose": [[-0.6418589353561401, 0.7668227553367615, 0.0, 969.4252319335938], [-0.7668227553367615, -0.6418589353561401, 0.0, 679.889892578125], [0.0, 0.0, 1.0, 0.0], [0.0, 0.0, 0.0, 1.0]], "pose_inverse": [[-0.6418589353561401, -0.7668227553367615, 0.0, 1143.5892333984375], [0.7668227553367615, -0.6418589353561401, 0.0, -306.9839172363281], [0.0, 0.0, 1.0, 0.0], [0.0, 0.0, 0.0, 1.0]], "cam_ids": [0, 1, 2, 3, 4, 5], "cam_channels": ["CAM_FRONT_LEFT", "CAM_FRONT", "CAM_FRONT_RIGHT", "CAM_BACK_LEFT", "CAM_BACK", "CAM_BACK_RIGHT"], "token": "8c42fb380f2e4b32844d6fe6179e81f2", "scene": "scene-0912"}, {"images": ["samples/CAM_FRONT_LEFT/n008-2018-09-18-15-12-01-0400__CAM_FRONT_LEFT__1537298127654799.jpg", "samples/CAM_FRONT/n008-2018-09-18-15-12-01-0400__CAM_FRONT__1537298127662404.jpg", "samples/CAM_FRONT_RIGHT/n008-2018-09-18-15-12-01-0400__CAM_FRONT_RIGHT__1537298127670482.jpg", "samples/CAM_BACK_LEFT/n008-2018-09-18-15-12-01-0400__CAM_BACK_LEFT__1537298127697405.jpg", "samples/CAM_BACK/n008-2018-09-18-15-12-01-0400__CAM_BACK__1537298127687558.jpg", "samples/CAM_BACK_RIGHT/n008-2018-09-18-15-12-01-0400__CAM_BACK_RIGHT__1537298127678113.jpg"], "intrinsics": [[[1257.8625342125129, 0.0, 827.2410631095686], [0.0, 1257.8625342125129, 450.915498205774], [0.0, 0.0, 1.0]], [[1252.8131021185304, 0.0, 826.588114781398], [0.0, 1252.8131021185304, 469.9846626224581], [0.0, 0.0, 1.0]], [[1256.7485116440405, 0.0, 817.7887570959712], [0.0, 1256.7485116440403, 451.9541780095127], [0.0, 0.0, 1.0]], [[1254.9860565800168, 0.0, 829.5769333630991], [0.0, 1254.9860565800168, 467.1680561863987], [0.0, 0.0, 1.0]], [[796.8910634503094, 0.0, 857.7774326863696], [0.0, 796.8910634503094, 476.8848988407415], [0.0, 0.0, 1.0]], [[1249.9629280788233, 0.0, 825.3768045375984], [0.0, 1249.9629280788233, 462.54816385708756], [0.0, 0.0, 1.0]]], "extrinsics": [[[0.8224636316299438, -0.5684954524040222, -0.019147204235196114, -0.6300048828125], [-0.002792844781652093, 0.02962506376206875, -0.9995571374893188, 1.4868526458740234], [0.5688108801841736, 0.822152853012085, 0.022777816280722618, -1.081451416015625], [0.0, 0.0, 0.0, 1.0]], [[0.01029591541737318, -0.9996153116226196, -0.025753764435648918, 0.0147705078125], [-0.000887635163962841, 0.02574598416686058, -0.9996681213378906, 1.4796886444091797], [0.9999465942382812, 0.010315324179828167, -0.0006222138763405383, -1.3587646484375], [0.0, 0.0, 0.0, 1.0]], [[-0.8439862728118896, -0.5361480712890625, -0.015246110036969185, 0.84368896484375], [0.007129628676921129, 0.017208227887749672, -0.9998264908790588, 1.4950971603393555], [0.5363173484802246, -0.8439486026763916, -0.010700972750782967, -1.11505126953125], [0.0, 0.0, 0.0, 1.0]], [[0.9478230476379395, 0.31872159242630005, -0.006917397491633892, -1.11968994140625], [-0.018235761672258377, 0.03254153952002525, -0.9993039965629578, 1.561563491821289], [-0.31827473640441895, 0.9472895860671997, 0.03665575757622719, -0.16461181640625], [0.0, 0.0, 0.0, 1.0]], [[0.009265763685107231, 0.9996486902236938, 0.024831190705299377, -0.0296630859375], [-0.01609501987695694, 0.024978134781122208, -0.9995583891868591, 1.566009521484375], [-0.9998275637626648, 0.008861953392624855, 0.016320807859301567, -0.080078125], [0.0, 0.0, 0.0, 1.0]], [[-0.9237650036811829, 0.3827769458293915, 0.011833367869257927, 0.956787109375], [-0.011895054019987583, 0.0022056414745748043, -0.9999268054962158, 1.5451984405517578], [-0.38277503848075867, -0.9238381385803223, 0.0025156575720757246, -0.1243743896484375], [0.0, 0.0, 0.0, 1.0]]], "view": [[0.0, -2.0, 100.0], [-2.0, 0.0, 100.0], [0.0, 0.0, 1.0]], "bev": "bev_56a6c2493a4544e3a1f0aaf67db1258d.png", "aux": "aux_56a6c2493a4544e3a1f0aaf67db1258d.npz", "visibility": "visibility_56a6c2493a4544e3a1f0aaf67db1258d.png", "pose": [[-0.6409701704978943, 0.7675657868385315, 0.0, 966.180908203125], [-0.7675657868385315, -0.6409701704978943, 0.0, 676.0944213867188], [0.0, 0.0, 1.0, 0.0], [0.0, 0.0, 0.0, 1.0]], "pose_inverse": [[-0.6409701704978943, -0.7675657868385315, 0.0, 1138.2401123046875], [0.7675657868385315, -0.6409701704978943, 0.0, -308.25103759765625], [0.0, 0.0, 1.0, 0.0], [0.0, 0.0, 0.0, 1.0]], "cam_ids": [0, 1, 2, 3, 4, 5], "cam_channels": ["CAM_FRONT_LEFT", "CAM_FRONT", "CAM_FRONT_RIGHT", "CAM_BACK_LEFT", "CAM_BACK", "CAM_BACK_RIGHT"], "token": "56a6c2493a4544e3a1f0aaf67db1258d", "scene": "scene-0912"}, {"images": ["samples/CAM_FRONT_LEFT/n008-2018-09-18-15-12-01-0400__CAM_FRONT_LEFT__1537298128154799.jpg", "samples/CAM_FRONT/n008-2018-09-18-15-12-01-0400__CAM_FRONT__1537298128162404.jpg", "samples/CAM_FRONT_RIGHT/n008-2018-09-18-15-12-01-0400__CAM_FRONT_RIGHT__1537298128170482.jpg", "samples/CAM_BACK_LEFT/n008-2018-09-18-15-12-01-0400__CAM_BACK_LEFT__1537298128197405.jpg", "samples/CAM_BACK/n008-2018-09-18-15-12-01-0400__CAM_BACK__1537298128187558.jpg", "samples/CAM_BACK_RIGHT/n008-2018-09-18-15-12-01-0400__CAM_BACK_RIGHT__1537298128178113.jpg"], "intrinsics": [[[1257.8625342125129, 0.0, 827.2410631095686], [0.0, 1257.8625342125129, 450.915498205774], [0.0, 0.0, 1.0]], [[1252.8131021185304, 0.0, 826.588114781398], [0.0, 1252.8131021185304, 469.9846626224581], [0.0, 0.0, 1.0]], [[1256.7485116440405, 0.0, 817.7887570959712], [0.0, 1256.7485116440403, 451.9541780095127], [0.0, 0.0, 1.0]], [[1254.9860565800168, 0.0, 829.5769333630991], [0.0, 1254.9860565800168, 467.1680561863987], [0.0, 0.0, 1.0]], [[796.8910634503094, 0.0, 857.7774326863696], [0.0, 796.8910634503094, 476.8848988407415], [0.0, 0.0, 1.0]], [[1249.9629280788233, 0.0, 825.3768045375984], [0.0, 1249.9629280788233, 462.54816385708756], [0.0, 0.0, 1.0]]], "extrinsics": [[[0.823089599609375, -0.5677753686904907, -0.012438653968274593, -0.630615234375], [0.006041560787707567, 0.030655303969979286, -0.99951171875, 1.4908413887023926], [0.5678794384002686, 0.8226125240325928, 0.028662309050559998, -1.08203125], [0.0, 0.0, 0.0, 1.0]], [[0.01092310156673193, -0.9995836615562439, -0.026706265285611153, 0.014373779296875], [0.0077981408685445786, 0.02679220214486122, -0.9996106028556824, 1.4829603433609009], [0.9999099373817444, 0.01071052998304367, 0.008087548427283764, -1.3594970703125], [0.0, 0.0, 0.0, 1.0]], [[-0.8437396883964539, -0.5362580418586731, -0.02303544618189335, 0.84344482421875], [0.015716873109340668, 0.018214793875813484, -0.9997105598449707, 1.4976444244384766], [0.5365224480628967, -0.8438575267791748, -0.006940244231373072, -1.1156005859375], [0.0, 0.0, 0.0, 1.0]], [[0.9478365778923035, 0.31875425577163696, 0.0012555740540847182, -1.11572265625], [-0.00971166044473648, 0.03281494975090027, -0.9994142651557922, 1.5617446899414062], [-0.31860870122909546, 0.9472692608833313, 0.03419883921742439, -0.16583251953125], [0.0, 0.0, 0.0, 1.0]], [[0.008993059396743774, 0.9996352195739746, 0.025465471670031548, -0.029388427734375], [-0.007536694873124361, 0.025533538311719894, -0.9996455311775208, 1.567061424255371], [-0.9999311566352844, 0.0087979631498456, 0.007763569708913565, -0.08251953125], [0.0, 0.0, 0.0, 1.0]], [[-0.9238752126693726, 0.38267040252685547, 0.004225128795951605, 0.956298828125], [-0.003302072174847126, 0.003068915568292141, -0.9999898076057434, 1.5470762252807617], [-0.38267943263053894, -0.9238797426223755, -0.001571688917465508, -0.12518310546875], [0.0, 0.0, 0.0, 1.0]]], "view": [[0.0, -2.0, 100.0], [-2.0, 0.0, 100.0], [0.0, 0.0, 1.0]], "bev": "bev_e7afb9a496a443d98fccd04a604d1624.png", "aux": "aux_e7afb9a496a443d98fccd04a604d1624.npz", "visibility": "visibility_e7afb9a496a443d98fccd04a604d1624.png", "pose": [[-0.6410142183303833, 0.7675290107727051, 0.0, 962.9140014648438], [-0.7675290107727051, -0.6410142183303833, 0.0, 672.241455078125], [0.0, 0.0, 1.0, 0.0], [0.0, 0.0, 0.0, 1.0]], "pose_inverse": [[-0.6410142183303833, -0.7675290107727051, 0.0, 1133.2064208984375], [0.7675290107727051, -0.6410142183303833, 0.0, -308.1480712890625], [0.0, 0.0, 1.0, 0.0], [0.0, 0.0, 0.0, 1.0]], "cam_ids": [0, 1, 2, 3, 4, 5], "cam_channels": ["CAM_FRONT_LEFT", "CAM_FRONT", "CAM_FRONT_RIGHT", "CAM_BACK_LEFT", "CAM_BACK", "CAM_BACK_RIGHT"], "token": "e7afb9a496a443d98fccd04a604d1624", "scene": "scene-0912"}, {"images": ["samples/CAM_FRONT_LEFT/n008-2018-09-18-15-12-01-0400__CAM_FRONT_LEFT__1537298128654799.jpg", "samples/CAM_FRONT/n008-2018-09-18-15-12-01-0400__CAM_FRONT__1537298128662404.jpg", "samples/CAM_FRONT_RIGHT/n008-2018-09-18-15-12-01-0400__CAM_FRONT_RIGHT__1537298128670482.jpg", "samples/CAM_BACK_LEFT/n008-2018-09-18-15-12-01-0400__CAM_BACK_LEFT__1537298128697405.jpg", "samples/CAM_BACK/n008-2018-09-18-15-12-01-0400__CAM_BACK__1537298128687558.jpg", "samples/CAM_BACK_RIGHT/n008-2018-09-18-15-12-01-0400__CAM_BACK_RIGHT__1537298128678113.jpg"], "intrinsics": [[[1257.8625342125129, 0.0, 827.2410631095686], [0.0, 1257.8625342125129, 450.915498205774], [0.0, 0.0, 1.0]], [[1252.8131021185304, 0.0, 826.588114781398], [0.0, 1252.8131021185304, 469.9846626224581], [0.0, 0.0, 1.0]], [[1256.7485116440405, 0.0, 817.7887570959712], [0.0, 1256.7485116440403, 451.9541780095127], [0.0, 0.0, 1.0]], [[1254.9860565800168, 0.0, 829.5769333630991], [0.0, 1254.9860565800168, 467.1680561863987], [0.0, 0.0, 1.0]], [[796.8910634503094, 0.0, 857.7774326863696], [0.0, 796.8910634503094, 476.8848988407415], [0.0, 0.0, 1.0]], [[1249.9629280788233, 0.0, 825.3768045375984], [0.0, 1249.9629280788233, 462.54816385708756], [0.0, 0.0, 1.0]]], "extrinsics": [[[0.8224698901176453, -0.5687575936317444, -0.007621436845511198, -0.6219482421875], [0.007215162739157677, 0.023829713463783264, -0.9996899366378784, 1.4915601015090942], [0.5687628984451294, 0.822160005569458, 0.023702898994088173, -1.072509765625], [0.0, 0.0, 0.0, 1.0]], [[0.010128126479685307, -0.9997552633285522, -0.01966559886932373, 0.011810302734375], [0.009191228076815605, 0.019758854061365128, -0.9997625350952148, 1.483673095703125], [0.9999064207077026, 0.009944898076355457, 0.009389100596308708, -1.347900390625], [0.0, 0.0, 0.0, 1.0]], [[-0.8440325260162354, -0.5358992218971252, -0.02052185870707035, 0.83404541015625], [0.01726265624165535, 0.011097784154117107, -0.9997893571853638, 1.4983196258544922], [0.5360140800476074, -0.8442091345787048, -0.00011584795720409602, -1.1124267578125], [0.0, 0.0, 0.0, 1.0]], [[0.9478769898414612, 0.31863585114479065, 0.0006882347515784204, -1.11590576171875], [-0.00808650627732277, 0.0262148417532444, -0.9996235966682434, 1.5617971420288086], [-0.3185340166091919, 0.9475146532058716, 0.027425095438957214, -0.16571044921875], [0.0, 0.0, 0.0, 1.0]], [[0.009247303009033203, 0.9997822642326355, 0.018710751086473465, -0.028533935546875], [-0.005945607088506222, 0.018766192719340324, -0.9998062252998352, 1.5672731399536133], [-0.9999396204948425, 0.009134164080023766, 0.00611784728243947, -0.0859375], [0.0, 0.0, 0.0, 1.0]], [[-0.9237008690834045, 0.3831144869327545, 8.747429819777608e-05, 0.950439453125], [-0.0017317056190222502, -0.003946874290704727, -0.999990701675415, 1.547424554824829], [-0.38311052322387695, -0.9236924648284912, 0.0043091727420687675, -0.1293792724609375], [0.0, 0.0, 0.0, 1.0]]], "view": [[0.0, -2.0, 100.0], [-2.0, 0.0, 100.0], [0.0, 0.0, 1.0]], "bev": "bev_b893abf8b30c41cdbab2af44ee9c1e74.png", "aux": "aux_b893abf8b30c41cdbab2af44ee9c1e74.npz", "visibility": "visibility_b893abf8b30c41cdbab2af44ee9c1e74.png", "pose": [[-0.6420204639434814, 0.7666875123977661, 0.0, 959.63720703125], [-0.7666875123977661, -0.6420204639434814, 0.0, 668.3915405273438], [0.0, 0.0, 1.0, 0.0], [0.0, 0.0, 0.0, 1.0]], "pose_inverse": [[-0.6420204639434814, -0.7666875123977661, 0.0, 1128.55419921875], [0.7666875123977661, -0.6420204639434814, 0.0, -306.62078857421875], [0.0, 0.0, 1.0, 0.0], [0.0, 0.0, 0.0, 1.0]], "cam_ids": [0, 1, 2, 3, 4, 5], "cam_channels": ["CAM_FRONT_LEFT", "CAM_FRONT", "CAM_FRONT_RIGHT", "CAM_BACK_LEFT", "CAM_BACK", "CAM_BACK_RIGHT"], "token": "b893abf8b30c41cdbab2af44ee9c1e74", "scene": "scene-0912"}, {"images": ["samples/CAM_FRONT_LEFT/n008-2018-09-18-15-12-01-0400__CAM_FRONT_LEFT__1537298129154799.jpg", "samples/CAM_FRONT/n008-2018-09-18-15-12-01-0400__CAM_FRONT__1537298129162404.jpg", "samples/CAM_FRONT_RIGHT/n008-2018-09-18-15-12-01-0400__CAM_FRONT_RIGHT__1537298129170482.jpg", "samples/CAM_BACK_LEFT/n008-2018-09-18-15-12-01-0400__CAM_BACK_LEFT__1537298129197405.jpg", "samples/CAM_BACK/n008-2018-09-18-15-12-01-0400__CAM_BACK__1537298129187558.jpg", "samples/CAM_BACK_RIGHT/n008-2018-09-18-15-12-01-0400__CAM_BACK_RIGHT__1537298129178113.jpg"], "intrinsics": [[[1257.8625342125129, 0.0, 827.2410631095686], [0.0, 1257.8625342125129, 450.915498205774], [0.0, 0.0, 1.0]], [[1252.8131021185304, 0.0, 826.588114781398], [0.0, 1252.8131021185304, 469.9846626224581], [0.0, 0.0, 1.0]], [[1256.7485116440405, 0.0, 817.7887570959712], [0.0, 1256.7485116440403, 451.9541780095127], [0.0, 0.0, 1.0]], [[1254.9860565800168, 0.0, 829.5769333630991], [0.0, 1254.9860565800168, 467.1680561863987], [0.0, 0.0, 1.0]], [[796.8910634503094, 0.0, 857.7774326863696], [0.0, 796.8910634503094, 476.8848988407415], [0.0, 0.0, 1.0]], [[1249.9629280788233, 0.0, 825.3768045375984], [0.0, 1249.9629280788233, 462.54816385708756], [0.0, 0.0, 1.0]]], "extrinsics": [[[0.822751522064209, -0.5683919191360474, -0.003243969287723303, -0.6220703125], [0.01058612298220396, 0.021029187366366386, -0.9997227787971497, 1.4930171966552734], [0.5683026313781738, 0.8224891424179077, 0.023318862542510033, -1.077606201171875], [0.0, 0.0, 0.0, 1.0]], [[0.010525401681661606, -0.9998047351837158, -0.016721615567803383, 0.015625], [0.012707286514341831, 0.01685492880642414, -0.9997771978378296, 1.4849128723144531], [0.999863862991333, 0.010310504585504532, 0.012882211245596409, -1.35302734375], [0.0, 0.0, 0.0, 1.0]], [[-0.8438279032707214, -0.5361626744270325, -0.02199837937951088, 0.8404541015625], [0.02090003900229931, 0.008125909604132175, -0.9997485280036926, 1.4992923736572266], [0.5362066030502319, -0.8440755605697632, 0.004348950460553169, -1.11260986328125], [0.0, 0.0, 0.0, 1.0]], [[0.9478662014007568, 0.318646103143692, 0.0037811854854226112, -1.1173095703125], [-0.00385061907581985, 0.023317405954003334, -0.9997206926345825, 1.5619277954101562], [-0.31864532828330994, 0.9475869536399841, 0.023328766226768494, -0.16534423828125], [0.0, 0.0, 0.0, 1.0]], [[0.00909434538334608, 0.9998350143432617, 0.015721632167696953, -0.02984619140625], [-0.001959064044058323, 0.01574006862938404, -0.9998741745948792, 1.5677804946899414], [-0.9999567866325378, 0.009062414988875389, 0.002101885387673974, -0.0828857421875], [0.0, 0.0, 0.0, 1.0]], [[-0.923757016658783, 0.38295233249664307, -0.004520344082266092, 0.9537353515625], [0.002009190386161208, -0.0069570583291351795, -0.9999737739562988, 1.5482850074768066], [-0.38297373056411743, -0.92374187707901, 0.005657208617776632, -0.12548828125], [0.0, 0.0, 0.0, 1.0]]], "view": [[0.0, -2.0, 100.0], [-2.0, 0.0, 100.0], [0.0, 0.0, 1.0]], "bev": "bev_d7c6b403d37747b987398e48785a78fe.png", "aux": "aux_d7c6b403d37747b987398e48785a78fe.npz", "visibility": "visibility_d7c6b403d37747b987398e48785a78fe.png", "pose": [[-0.6430566310882568, 0.7658185958862305, 0.0, 956.32568359375], [-0.7658185958862305, -0.6430566310882568, 0.0, 664.5347290039062], [0.0, 0.0, 1.0, 0.0], [0.0, 0.0, 0.0, 1.0]], "pose_inverse": [[-0.6430566310882568, -0.7658185958862305, 0.0, 1123.8846435546875], [0.7658185958862305, -0.6430566310882568, 0.0, -305.03851318359375], [0.0, 0.0, 1.0, 0.0], [0.0, 0.0, 0.0, 1.0]], "cam_ids": [0, 1, 2, 3, 4, 5], "cam_channels": ["CAM_FRONT_LEFT", "CAM_FRONT", "CAM_FRONT_RIGHT", "CAM_BACK_LEFT", "CAM_BACK", "CAM_BACK_RIGHT"], "token": "d7c6b403d37747b987398e48785a78fe", "scene": "scene-0912"}, {"images": ["samples/CAM_FRONT_LEFT/n008-2018-09-18-15-12-01-0400__CAM_FRONT_LEFT__1537298129654799.jpg", "samples/CAM_FRONT/n008-2018-09-18-15-12-01-0400__CAM_FRONT__1537298129662404.jpg", "samples/CAM_FRONT_RIGHT/n008-2018-09-18-15-12-01-0400__CAM_FRONT_RIGHT__1537298129670482.jpg", "samples/CAM_BACK_LEFT/n008-2018-09-18-15-12-01-0400__CAM_BACK_LEFT__1537298129697405.jpg", "samples/CAM_BACK/n008-2018-09-18-15-12-01-0400__CAM_BACK__1537298129687558.jpg", "samples/CAM_BACK_RIGHT/n008-2018-09-18-15-12-01-0400__CAM_BACK_RIGHT__1537298129678113.jpg"], "intrinsics": [[[1257.8625342125129, 0.0, 827.2410631095686], [0.0, 1257.8625342125129, 450.915498205774], [0.0, 0.0, 1.0]], [[1252.8131021185304, 0.0, 826.588114781398], [0.0, 1252.8131021185304, 469.9846626224581], [0.0, 0.0, 1.0]], [[1256.7485116440405, 0.0, 817.7887570959712], [0.0, 1256.7485116440403, 451.9541780095127], [0.0, 0.0, 1.0]], [[1254.9860565800168, 0.0, 829.5769333630991], [0.0, 1254.9860565800168, 467.1680561863987], [0.0, 0.0, 1.0]], [[796.8910634503094, 0.0, 857.7774326863696], [0.0, 796.8910634503094, 476.8848988407415], [0.0, 0.0, 1.0]], [[1249.9629280788233, 0.0, 825.3768045375984], [0.0, 1249.9629280788233, 462.54816385708756], [0.0, 0.0, 1.0]]], "extrinsics": [[[0.8227137327194214, -0.5684464573860168, -0.0032987475860863924, -0.62646484375], [0.012885683216154575, 0.024450352415442467, -0.9996179938316345, 1.4940738677978516], [0.5683099031448364, 0.8223568797111511, 0.02744046039879322, -1.077301025390625], [0.0, 0.0, 0.0, 1.0]], [[0.010573718696832657, -0.9997383952140808, -0.02027963101863861, 0.0130615234375], [0.014868279919028282, 0.020435713231563568, -0.9996805787086487, 1.4857492446899414], [0.9998335242271423, 0.010268854908645153, 0.015080472454428673, -1.3543701171875], [0.0, 0.0, 0.0, 1.0]], [[-0.8437578678131104, -0.5361101031303406, -0.025661662220954895, 0.83984375], [0.02289026603102684, 0.011824626475572586, -0.9996680021286011, 1.4998855590820312], [0.5362355709075928, -0.844065248966217, 0.0022945799864828587, -1.11474609375], [0.0, 0.0, 0.0, 1.0]], [[0.9478640556335449, 0.3186104893684387, 0.006412348710000515, -1.11871337890625], [-0.002367963781580329, 0.027163172140717506, -0.9996282458305359, 1.5619735717773438], [-0.3186662793159485, 0.9474964141845703, 0.026501452550292015, -0.16485595703125], [0.0, 0.0, 0.0, 1.0]], [[0.009042374789714813, 0.9997679591178894, 0.019553186371922493, -0.028839111328125], [-0.0003041307209059596, 0.019556734710931778, -0.999808669090271, 1.5680012702941895], [-0.9999590516090393, 0.009034732356667519, 0.00048089973279275, -0.0821533203125], [0.0, 0.0, 0.0, 1.0]], [[-0.9237621426582336, 0.38293689489364624, -0.004761246033012867, 0.954833984375], [0.0038306214846670628, -0.0031927027739584446, -0.9999875426292419, 1.548668384552002], [-0.38294729590415955, -0.9237689971923828, 0.001482411753386259, -0.126708984375], [0.0, 0.0, 0.0, 1.0]]], "view": [[0.0, -2.0, 100.0], [-2.0, 0.0, 100.0], [0.0, 0.0, 1.0]], "bev": "bev_defd8334a7da40d68f6a5fbca7499cb8.png", "aux": "aux_defd8334a7da40d68f6a5fbca7499cb8.npz", "visibility": "visibility_defd8334a7da40d68f6a5fbca7499cb8.png", "pose": [[-0.6435717940330505, 0.7653857469558716, 0.0, 953.0166625976562], [-0.7653857469558716, -0.6435717940330505, 0.0, 660.6884765625], [0.0, 0.0, 1.0, 0.0], [0.0, 0.0, 0.0, 1.0]], "pose_inverse": [[-0.6435717940330505, -0.7653857469558716, 0.0, 1119.0162353515625], [0.7653857469558716, -0.6435717940330505, 0.0, -304.2248840332031], [0.0, 0.0, 1.0, 0.0], [0.0, 0.0, 0.0, 1.0]], "cam_ids": [0, 1, 2, 3, 4, 5], "cam_channels": ["CAM_FRONT_LEFT", "CAM_FRONT", "CAM_FRONT_RIGHT", "CAM_BACK_LEFT", "CAM_BACK", "CAM_BACK_RIGHT"], "token": "defd8334a7da40d68f6a5fbca7499cb8", "scene": "scene-0912"}, {"images": ["samples/CAM_FRONT_LEFT/n008-2018-09-18-15-12-01-0400__CAM_FRONT_LEFT__1537298130154799.jpg", "samples/CAM_FRONT/n008-2018-09-18-15-12-01-0400__CAM_FRONT__1537298130162404.jpg", "samples/CAM_FRONT_RIGHT/n008-2018-09-18-15-12-01-0400__CAM_FRONT_RIGHT__1537298130170482.jpg", "samples/CAM_BACK_LEFT/n008-2018-09-18-15-12-01-0400__CAM_BACK_LEFT__1537298130197455.jpg", "samples/CAM_BACK/n008-2018-09-18-15-12-01-0400__CAM_BACK__1537298130187558.jpg", "samples/CAM_BACK_RIGHT/n008-2018-09-18-15-12-01-0400__CAM_BACK_RIGHT__1537298130178113.jpg"], "intrinsics": [[[1257.8625342125129, 0.0, 827.2410631095686], [0.0, 1257.8625342125129, 450.915498205774], [0.0, 0.0, 1.0]], [[1252.8131021185304, 0.0, 826.588114781398], [0.0, 1252.8131021185304, 469.9846626224581], [0.0, 0.0, 1.0]], [[1256.7485116440405, 0.0, 817.7887570959712], [0.0, 1256.7485116440403, 451.9541780095127], [0.0, 0.0, 1.0]], [[1254.9860565800168, 0.0, 829.5769333630991], [0.0, 1254.9860565800168, 467.1680561863987], [0.0, 0.0, 1.0]], [[796.8910634503094, 0.0, 857.7774326863696], [0.0, 796.8910634503094, 476.8848988407415], [0.0, 0.0, 1.0]], [[1249.9629280788233, 0.0, 825.3768045375984], [0.0, 1249.9629280788233, 462.54816385708756], [0.0, 0.0, 1.0]]], "extrinsics": [[[0.8227314949035645, -0.5683484077453613, -0.009649517014622688, -0.6280517578125], [0.01116146706044674, 0.03312494978308678, -0.9993888735771179, 1.4932341575622559], [0.5683205723762512, 0.8221209645271301, 0.03359654173254967, -1.078125], [0.0, 0.0, 0.0, 1.0]], [[0.010609476827085018, -0.9995253086090088, -0.028922321274876595, 0.0130615234375], [0.013038183562457561, 0.029059769585728645, -0.9994926452636719, 1.4849953651428223], [0.9998586177825928, 0.010227053426206112, 0.013340305536985397, -1.356201171875], [0.0, 0.0, 0.0, 1.0]], [[-0.843758761882782, -0.535955548286438, -0.028682025149464607, 0.84149169921875], [0.020993461832404137, 0.020442534238100052, -0.9995705485343933, 1.4992504119873047], [0.5363117456436157, -0.8439986705780029, -0.00599700678139925, -1.11566162109375], [0.0, 0.0, 0.0, 1.0]], [[0.947842001914978, 0.3186623454093933, 0.007066826336085796, -1.12060546875], [-0.004664062988013029, 0.03603485971689224, -0.9993396401405334, 1.5619173049926758], [-0.31870660185813904, 0.9471830725669861, 0.035641614347696304, -0.1641845703125], [0.0, 0.0, 0.0, 1.0]], [[0.008995017036795616, 0.9995584487915039, 0.028317639604210854, -0.0289306640625], [-0.0025342428125441074, 0.02834148146212101, -0.9995951056480408, 1.5677099227905273], [-0.9999563694000244, 0.008919612504541874, 0.0027880568522959948, -0.0804443359375], [0.0, 0.0, 0.0, 1.0]], [[-0.9238033294677734, 0.3828670084476471, 0.00036760512739419937, 0.9564208984375], [0.0018704141257330775, 0.005473162047564983, -0.9999832510948181, 1.548211693763733], [-0.3828626573085785, -0.9237871766090393, -0.005772245582193136, -0.12591552734375], [0.0, 0.0, 0.0, 1.0]]], "view": [[0.0, -2.0, 100.0], [-2.0, 0.0, 100.0], [0.0, 0.0, 1.0]], "bev": "bev_60ecb3e17276460db1d3bbc009dac334.png", "aux": "aux_60ecb3e17276460db1d3bbc009dac334.npz", "visibility": "visibility_60ecb3e17276460db1d3bbc009dac334.png", "pose": [[-0.6454909443855286, 0.7637678980827332, 0.0, 949.7774658203125], [-0.7637678980827332, -0.6454909443855286, 0.0, 656.9075927734375], [0.0, 0.0, 1.0, 0.0], [0.0, 0.0, 0.0, 1.0]], "pose_inverse": [[-0.6454909443855286, -0.7637678980827332, 0.0, 1114.7977294921875], [0.7637678980827332, -0.6454909443855286, 0.0, -301.38165283203125], [0.0, 0.0, 1.0, 0.0], [0.0, 0.0, 0.0, 1.0]], "cam_ids": [0, 1, 2, 3, 4, 5], "cam_channels": ["CAM_FRONT_LEFT", "CAM_FRONT", "CAM_FRONT_RIGHT", "CAM_BACK_LEFT", "CAM_BACK", "CAM_BACK_RIGHT"], "token": "60ecb3e17276460db1d3bbc009dac334", "scene": "scene-0912"}, {"images": ["samples/CAM_FRONT_LEFT/n008-2018-09-18-15-12-01-0400__CAM_FRONT_LEFT__1537298130654799.jpg", "samples/CAM_FRONT/n008-2018-09-18-15-12-01-0400__CAM_FRONT__1537298130662404.jpg", "samples/CAM_FRONT_RIGHT/n008-2018-09-18-15-12-01-0400__CAM_FRONT_RIGHT__1537298130670482.jpg", "samples/CAM_BACK_LEFT/n008-2018-09-18-15-12-01-0400__CAM_BACK_LEFT__1537298130697405.jpg", "samples/CAM_BACK/n008-2018-09-18-15-12-01-0400__CAM_BACK__1537298130687558.jpg", "samples/CAM_BACK_RIGHT/n008-2018-09-18-15-12-01-0400__CAM_BACK_RIGHT__1537298130678113.jpg"], "intrinsics": [[[1257.8625342125129, 0.0, 827.2410631095686], [0.0, 1257.8625342125129, 450.915498205774], [0.0, 0.0, 1.0]], [[1252.8131021185304, 0.0, 826.588114781398], [0.0, 1252.8131021185304, 469.9846626224581], [0.0, 0.0, 1.0]], [[1256.7485116440405, 0.0, 817.7887570959712], [0.0, 1256.7485116440403, 451.9541780095127], [0.0, 0.0, 1.0]], [[1254.9860565800168, 0.0, 829.5769333630991], [0.0, 1254.9860565800168, 467.1680561863987], [0.0, 0.0, 1.0]], [[796.8910634503094, 0.0, 857.7774326863696], [0.0, 796.8910634503094, 476.8848988407415], [0.0, 0.0, 1.0]], [[1249.9629280788233, 0.0, 825.3768045375984], [0.0, 1249.9629280788233, 462.54816385708756], [0.0, 0.0, 1.0]]], "extrinsics": [[[0.8228587508201599, -0.5680742263793945, -0.013975733891129494, -0.637451171875], [0.009259956888854504, 0.037996236234903336, -0.9992349743843079, 1.4922691583633423], [0.5681705474853516, 0.8220998048782349, 0.03652587905526161, -1.084014892578125], [0.0, 0.0, 0.0, 1.0]], [[0.010766779072582722, -0.9993681311607361, -0.033871933817863464, 0.012237548828125], [0.011393376626074314, 0.03399430587887764, -0.9993571043014526, 1.4842469692230225], [0.9998770952224731, 0.010373879224061966, 0.011752186343073845, -1.3677978515625], [0.0, 0.0, 0.0, 1.0]], [[-0.8437120318412781, -0.5359510779380798, -0.030107852071523666, 0.8504638671875], [0.019516659900546074, 0.02542385272681713, -0.9994862079620361, 1.4986028671264648], [0.5364412069320679, -0.843866229057312, -0.010990435257554054, -1.1221923828125], [0.0, 0.0, 0.0, 1.0]], [[0.9478248953819275, 0.31869468092918396, 0.007850625552237034, -1.126220703125], [-0.005480037070810795, 0.04091078042984009, -0.9991477727890015, 1.5619373321533203], [-0.3187442421913147, 0.9469740986824036, 0.04052271321415901, -0.1622314453125], [0.0, 0.0, 0.0, 1.0]], [[0.008921054191887379, 0.9994065761566162, 0.03326848894357681, -0.0286865234375], [-0.003569110529497266, 0.033301424235105515, -0.9994