[{"images": ["samples/CAM_FRONT_LEFT/n015-2018-08-02-17-28-51+0800__CAM_FRONT_LEFT__1533202558004844.jpg", "samples/CAM_FRONT/n015-2018-08-02-17-28-51+0800__CAM_FRONT__1533202558012460.jpg", "samples/CAM_FRONT_RIGHT/n015-2018-08-02-17-28-51+0800__CAM_FRONT_RIGHT__1533202558020339.jpg", "samples/CAM_BACK_LEFT/n015-2018-08-02-17-28-51+0800__CAM_BACK_LEFT__1533202558047423.jpg", "samples/CAM_BACK/n015-2018-08-02-17-28-51+0800__CAM_BACK__1533202558037525.jpg", "samples/CAM_BACK_RIGHT/n015-2018-08-02-17-28-51+0800__CAM_BACK_RIGHT__1533202558027893.jpg"], "intrinsics": [[[1272.5979470598488, 0.0, 826.6154927353808], [0.0, 1272.5979470598488, 479.75165386361925], [0.0, 0.0, 1.0]], [[1266.417203046554, 0.0, 816.2670197447984], [0.0, 1266.417203046554, 491.50706579294757], [0.0, 0.0, 1.0]], [[1260.8474446004698, 0.0, 807.968244525554], [0.0, 1260.8474446004698, 495.3344268742088], [0.0, 0.0, 1.0]], [[1256.7414812095406, 0.0, 792.1125740759628], [0.0, 1256.7414812095406, 492.7757465151356], [0.0, 0.0, 1.0]], [[809.2209905677063, 0.0, 829.2196003259838], [0.0, 809.2209905677063, 481.77842384512485], [0.0, 0.0, 1.0]], [[1259.5137405846733, 0.0, 807.2529053838625], [0.0, 1259.5137405846733, 501.19579884916527], [0.0, 0.0, 1.0]]], "extrinsics": [[[0.8210757970809937, -0.5704331398010254, 0.020989153534173965, -0.9420166015625], [0.0004460102354642004, -0.03612910956144333, -0.9993470311164856, 1.508269190788269], [0.5708189010620117, 0.8205490708351135, -0.02941031940281391, -1.2645263671875], [0.0, 0.0, 0.0, 1.0]], [[0.006183869671076536, -0.9991761445999146, 0.04011017829179764, 0.005401611328125], [-0.004769839812070131, -0.04013996198773384, -0.9991827011108398, 1.5204296112060547], [0.999969482421875, 0.005987438838928938, -0.005014130380004644, -1.6689453125], [0.0, 0.0, 0.0, 1.0]], [[-0.832674503326416, -0.5536348819732666, 0.011898760683834553, 1.0169677734375], [0.0009286359418183565, -0.022883115336298943, -0.9997376799583435, 1.5036652088165283], [0.553761899471283, -0.8324450254440308, 0.019568314775824547, -1.23822021484375], [0.0, 0.0, 0.0, 1.0]], [[0.9476732015609741, 0.31915217638015747, -0.007575583644211292, -1.140869140625], [0.009883783757686615, -0.05305037647485733, -0.9985429048538208, 1.5885686874389648], [-0.31908905506134033, 0.9462174773216248, -0.05342884734272957, -0.1041259765625], [0.0, 0.0, 0.0, 1.0]], [[0.002101348713040352, 0.9990665912628174, -0.04314764216542244, 0.00273895263671875], [-0.015630759298801422, -0.043109651654958725, -0.9989480972290039, 1.5792388916015625], [-0.9998756051063538, 0.0027736187912523746, 0.015525578521192074, -0.0059814453125], [0.0, 0.0, 0.0, 1.0]], [[-0.9349031448364258, 0.35397428274154663, -0.025656873360276222, 1.123291015625], [0.016890693455934525, -0.027832841500639915, -0.9994698762893677, 1.5516891479492188], [-0.35450083017349243, -0.9348409175872803, 0.020042138174176216, -0.0684814453125], [0.0, 0.0, 0.0, 1.0]]], "view": [[0.0, -2.0, 100.0], [-2.0, 0.0, 100.0], [0.0, 0.0, 1.0]], "bev": "bev_4764d2fb6f6a4f16b7722f85ea281a78.png", "aux": "aux_4764d2fb6f6a4f16b7722f85ea281a78.npz", "visibility": "visibility_4764d2fb6f6a4f16b7722f85ea281a78.png", "pose": [[-0.4019373953342438, 0.9156671762466431, 0.0, 508.7361145019531], [-0.9156671762466431, -0.4019373953342438, 0.0, 1379.381103515625], [0.0, 0.0, 1.0, 0.0], [0.0, 0.0, 0.0, 1.0]], "pose_inverse": [[-0.4019373953342438, -0.9156671762466431, 0.0, 1467.5340576171875], [0.9156671762466431, -0.4019373953342438, 0.0, 88.59191131591797], [0.0, 0.0, 1.0, 0.0], [0.0, 0.0, 0.0, 1.0]], "cam_ids": [0, 1, 2, 3, 4, 5], "cam_channels": ["CAM_FRONT_LEFT", "CAM_FRONT", "CAM_FRONT_RIGHT", "CAM_BACK_LEFT", "CAM_BACK", "CAM_BACK_RIGHT"], "token": "4764d2fb6f6a4f16b7722f85ea281a78", "scene": "scene-0354"}, {"images": ["samples/CAM_FRONT_LEFT/n015-2018-08-02-17-28-51+0800__CAM_FRONT_LEFT__1533202558404844.jpg", "samples/CAM_FRONT/n015-2018-08-02-17-28-51+0800__CAM_FRONT__1533202558412460.jpg", "samples/CAM_FRONT_RIGHT/n015-2018-08-02-17-28-51+0800__CAM_FRONT_RIGHT__1533202558420339.jpg", "samples/CAM_BACK_LEFT/n015-2018-08-02-17-28-51+0800__CAM_BACK_LEFT__1533202558447423.jpg", "samples/CAM_BACK/n015-2018-08-02-17-28-51+0800__CAM_BACK__1533202558437525.jpg", "samples/CAM_BACK_RIGHT/n015-2018-08-02-17-28-51+0800__CAM_BACK_RIGHT__1533202558427893.jpg"], "intrinsics": [[[1272.5979470598488, 0.0, 826.6154927353808], [0.0, 1272.5979470598488, 479.75165386361925], [0.0, 0.0, 1.0]], [[1266.417203046554, 0.0, 816.2670197447984], [0.0, 1266.417203046554, 491.50706579294757], [0.0, 0.0, 1.0]], [[1260.8474446004698, 0.0, 807.968244525554], [0.0, 1260.8474446004698, 495.3344268742088], [0.0, 0.0, 1.0]], [[1256.7414812095406, 0.0, 792.1125740759628], [0.0, 1256.7414812095406, 492.7757465151356], [0.0, 0.0, 1.0]], [[809.2209905677063, 0.0, 829.2196003259838], [0.0, 809.2209905677063, 481.77842384512485], [0.0, 0.0, 1.0]], [[1259.5137405846733, 0.0, 807.2529053838625], [0.0, 1259.5137405846733, 501.19579884916527], [0.0, 0.0, 1.0]]], "extrinsics": [[[0.8212698698043823, -0.5700376033782959, 0.023934170603752136, -0.9149169921875], [0.004048188682645559, -0.03612690418958664, -0.9993389844894409, 1.5085036754608154], [0.5705254077911377, 0.8208239674568176, -0.027362320572137833, -1.245849609375], [0.0, 0.0, 0.0, 1.0]], [[0.006442788057029247, -0.9991690516471863, 0.04024401679635048, 0.005645751953125], [-0.001180482329800725, -0.04025242477655411, -0.9991888999938965, 1.520482063293457], [0.9999784827232361, 0.006390072870999575, -0.001438841107301414, -1.6417236328125], [0.0, 0.0, 0.0, 1.0]], [[-0.8325330018997192, -0.5539012551307678, 0.00905670691281557, 0.9990234375], [0.004500008653849363, -0.02310989424586296, -0.9997227191925049, 1.5038299560546875], [0.5539571046829224, -0.8322615027427673, 0.02173231542110443, -1.2264404296875], [0.0, 0.0, 0.0, 1.0]], [[0.9476787447929382, 0.31919464468955994, -0.0044294074177742004, -1.1392822265625], [0.01339995302259922, -0.05363963171839714, -0.9984704256057739, 1.5885944366455078], [-0.3189440071582794, 0.9461699724197388, -0.05511033907532692, -0.1046142578125], [0.0, 0.0, 0.0, 1.0]], [[0.002105959691107273, 0.999047040939331, -0.043596088886260986, 0.00278472900390625], [-0.01209278404712677, -0.04356755316257477, -0.9989773035049438, 1.5791587829589844], [-0.9999246597290039, 0.002630982082337141, 0.011989505961537361, -0.0146484375], [0.0, 0.0, 0.0, 1.0]], [[-0.9348928332328796, 0.353735089302063, -0.029101062566041946, 1.1082763671875], [0.020454756915569305, -0.02815786935389042, -0.9993941783905029, 1.5520687103271484], [-0.3543402850627899, -0.9349216818809509, 0.019089026376605034, -0.07403564453125], [0.0, 0.0, 0.0, 1.0]]], "view": [[0.0, -2.0, 100.0], [-2.0, 0.0, 100.0], [0.0, 0.0, 1.0]], "bev": "bev_9c12237fb3324c8ea452b499d453b0c0.png", "aux": "aux_9c12237fb3324c8ea452b499d453b0c0.npz", "visibility": "visibility_9c12237fb3324c8ea452b499d453b0c0.png", "pose": [[-0.4061937630176544, 0.9137869477272034, 0.0, 508.57647705078125], [-0.9137869477272034, -0.4061937630176544, 0.0, 1379.023681640625], [0.0, 0.0, 1.0, 0.0], [0.0, 0.0, 0.0, 1.0]], "pose_inverse": [[-0.4061937630176544, -0.9137869477272034, 0.0, 1466.7144775390625], [0.9137869477272034, -0.4061937630176544, 0.0, 95.42025756835938], [0.0, 0.0, 1.0, 0.0], [0.0, 0.0, 0.0, 1.0]], "cam_ids": [0, 1, 2, 3, 4, 5], "cam_channels": ["CAM_FRONT_LEFT", "CAM_FRONT", "CAM_FRONT_RIGHT", "CAM_BACK_LEFT", "CAM_BACK", "CAM_BACK_RIGHT"], "token": "9c12237fb3324c8ea452b499d453b0c0", "scene": "scene-0354"}, {"images": ["samples/CAM_FRONT_LEFT/n015-2018-08-02-17-28-51+0800__CAM_FRONT_LEFT__1533202558854844.jpg", "samples/CAM_FRONT/n015-2018-08-02-17-28-51+0800__CAM_FRONT__1533202558862460.jpg", "samples/CAM_FRONT_RIGHT/n015-2018-08-02-17-28-51+0800__CAM_FRONT_RIGHT__1533202558870339.jpg", "samples/CAM_BACK_LEFT/n015-2018-08-02-17-28-51+0800__CAM_BACK_LEFT__1533202558897423.jpg", "samples/CAM_BACK/n015-2018-08-02-17-28-51+0800__CAM_BACK__1533202558887525.jpg", "samples/CAM_BACK_RIGHT/n015-2018-08-02-17-28-51+0800__CAM_BACK_RIGHT__1533202558877893.jpg"], "intrinsics": [[[1272.5979470598488, 0.0, 826.6154927353808], [0.0, 1272.5979470598488, 479.75165386361925], [0.0, 0.0, 1.0]], [[1266.417203046554, 0.0, 816.2670197447984], [0.0, 1266.417203046554, 491.50706579294757], [0.0, 0.0, 1.0]], [[1260.8474446004698, 0.0, 807.968244525554], [0.0, 1260.8474446004698, 495.3344268742088], [0.0, 0.0, 1.0]], [[1256.7414812095406, 0.0, 792.1125740759628], [0.0, 1256.7414812095406, 492.7757465151356], [0.0, 0.0, 1.0]], [[809.2209905677063, 0.0, 829.2196003259838], [0.0, 809.2209905677063, 481.77842384512485], [0.0, 0.0, 1.0]], [[1259.5137405846733, 0.0, 807.2529053838625], [0.0, 1259.5137405846733, 501.19579884916527], [0.0, 0.0, 1.0]]], "extrinsics": [[[0.821467936038971, -0.5695285797119141, 0.028766227886080742, -0.876708984375], [0.007041146978735924, -0.04031062126159668, -0.9991623759269714, 1.5090136528015137], [0.5702111721038818, 0.8209824562072754, -0.029103752225637436, -1.21905517578125], [0.0, 0.0, 0.0, 1.0]], [[0.006735524628311396, -0.9989928007125854, 0.044363170862197876, 0.00579833984375], [0.0017602425068616867, -0.04435226321220398, -0.9990143775939941, 1.5206972360610962], [0.9999758005142212, 0.006806937046349049, 0.0014597345143556595, -1.6031494140625], [0.0, 0.0, 0.0, 1.0]], [[-0.832368791103363, -0.5541510581970215, 0.00887883361428976, 0.973876953125], [0.00738962646573782, -0.027115747332572937, -0.9996050000190735, 1.5041675567626953], [0.5541728734970093, -0.8319743871688843, 0.026665274053812027, -1.209716796875], [0.0, 0.0, 0.0, 1.0]], [[0.9476268291473389, 0.3193654417991638, -0.003017955459654331, -1.1405029296875], [0.016149546951055527, -0.05735229328274727, -0.9982233643531799, 1.5885982513427734], [-0.31897106766700745, 0.9458944797515869, -0.05950617790222168, -0.104522705078125], [0.0, 0.0, 0.0, 1.0]], [[0.0020498279482126236, 0.9988739490509033, -0.047399185597896576, 0.00275421142578125], [-0.0093086501583457, -0.04737817123532295, -0.9988336563110352, 1.5790901184082031], [-0.9999545812606812, 0.002488615456968546, 0.00920105166733265, -0.02685546875], [0.0, 0.0, 0.0, 1.0]], [[-0.9349004030227661, 0.3533598780632019, -0.033137645572423935, 1.08740234375], [0.023295411840081215, -0.0320713110268116, -0.9992141127586365, 1.552663803100586], [-0.3541449308395386, -0.934937596321106, 0.02175181545317173, -0.0819091796875], [0.0, 0.0, 0.0, 1.0]]], "view": [[0.0, -2.0, 100.0], [-2.0, 0.0, 100.0], [0.0, 0.0, 1.0]], "bev": "bev_b4eac59ca70e445c95b01aded6e57194.png", "aux": "aux_b4eac59ca70e445c95b01aded6e57194.npz", "visibility": "visibility_b4eac59ca70e445c95b01aded6e57194.png", "pose": [[-0.4148208796977997, 0.9099031090736389, 0.0, 508.2112731933594], [-0.9099031090736389, -0.4148208796977997, 0.0, 1378.2203369140625], [0.0, 0.0, 1.0, 0.0], [0.0, 0.0, 0.0, 1.0]], "pose_inverse": [[-0.4148208796977997, -0.9099031090736389, 0.0, 1464.8636474609375], [0.9099031090736389, -0.4148208796977997, 0.0, 109.29157257080078], [0.0, 0.0, 1.0, 0.0], [0.0, 0.0, 0.0, 1.0]], "cam_ids": [0, 1, 2, 3, 4, 5], "cam_channels": ["CAM_FRONT_LEFT", "CAM_FRONT", "CAM_FRONT_RIGHT", "CAM_BACK_LEFT", "CAM_BACK", "CAM_BACK_RIGHT"], "token": "b4eac59ca70e445c95b01aded6e57194", "scene": "scene-0354"}, {"images": ["samples/CAM_FRONT_LEFT/n015-2018-08-02-17-28-51+0800__CAM_FRONT_LEFT__1533202559354844.jpg", "samples/CAM_FRONT/n015-2018-08-02-17-28-51+0800__CAM_FRONT__1533202559362460.jpg", "samples/CAM_FRONT_RIGHT/n015-2018-08-02-17-28-51+0800__CAM_FRONT_RIGHT__1533202559370339.jpg", "samples/CAM_BACK_LEFT/n015-2018-08-02-17-28-51+0800__CAM_BACK_LEFT__1533202559397423.jpg", "samples/CAM_BACK/n015-2018-08-02-17-28-51+0800__CAM_BACK__1533202559387525.jpg", "samples/CAM_BACK_RIGHT/n015-2018-08-02-17-28-51+0800__CAM_BACK_RIGHT__1533202559377893.jpg"], "intrinsics": [[[1272.5979470598488, 0.0, 826.6154927353808], [0.0, 1272.5979470598488, 479.75165386361925], [0.0, 0.0, 1.0]], [[1266.417203046554, 0.0, 816.2670197447984], [0.0, 1266.417203046554, 491.50706579294757], [0.0, 0.0, 1.0]], [[1260.8474446004698, 0.0, 807.968244525554], [0.0, 1260.8474446004698, 495.3344268742088], [0.0, 0.0, 1.0]], [[1256.7414812095406, 0.0, 792.1125740759628], [0.0, 1256.7414812095406, 492.7757465151356], [0.0, 0.0, 1.0]], [[809.2209905677063, 0.0, 829.2196003259838], [0.0, 809.2209905677063, 481.77842384512485], [0.0, 0.0, 1.0]], [[1259.5137405846733, 0.0, 807.2529053838625], [0.0, 1259.5137405846733, 501.19579884916527], [0.0, 0.0, 1.0]]], "extrinsics": [[[0.8218664526939392, -0.5691434144973755, 0.02472727559506893, -0.84375], [0.003503746585920453, -0.03835468366742134, -0.9992580413818359, 1.5087810754776], [0.5696695446968079, 0.821343183517456, -0.029528293758630753, -1.19671630859375], [0.0, 0.0, 0.0, 1.0]], [[0.0073202308267354965, -0.9990853667259216, 0.042126450687646866, 0.00628662109375], [-0.0017744777724146843, -0.04214049503207207, -0.9991101622581482, 1.520327091217041], [0.9999716281890869, 0.007238955702632666, -0.0020813338924199343, -1.5699462890625], [0.0, 0.0, 0.0, 1.0]], [[-0.8321526646614075, -0.5544473528862, 0.01049091573804617, 0.9525146484375], [0.003829173743724823, -0.02466258592903614, -0.9996885061264038, 1.5040173530578613], [0.5545334219932556, -0.8318533301353455, 0.022646110504865646, -1.1951904296875], [0.0, 0.0, 0.0, 1.0]], [[0.9476718306541443, 0.31919875741004944, -0.005505923647433519, -1.138916015625], [0.012415140867233276, -0.05408203974366188, -0.9984593391418457, 1.5886039733886719], [-0.31900474429130554, 0.946143388748169, -0.05521492660045624, -0.1048583984375], [0.0, 0.0, 0.0, 1.0]], [[0.0017853507306426764, 0.9990100264549255, -0.04445188120007515, 0.0027923583984375], [-0.012940732762217522, -0.044425152242183685, -0.9989289045333862, 1.578847885131836], [-0.9999146461486816, 0.0023587036412209272, 0.012848605401813984, -0.03759765625], [0.0, 0.0, 0.0, 1.0]], [[-0.9350926280021667, 0.3532283902168274, -0.028835350647568703, 1.0694580078125], [0.01971256360411644, -0.029398007318377495, -0.9993734359741211, 1.5528602600097656], [-0.35385480523109436, -0.9350751638412476, 0.020526818931102753, -0.08868408203125], [0.0, 0.0, 0.0, 1.0]]], "view": [[0.0, -2.0, 100.0], [-2.0, 0.0, 100.0], [0.0, 0.0, 1.0]], "bev": "bev_c26cde23311e4d3e81151719c102f1cc.png", "aux": "aux_c26cde23311e4d3e81151719c102f1cc.npz", "visibility": "visibility_c26cde23311e4d3e81151719c102f1cc.png", "pose": [[-0.42751389741897583, 0.9040088057518005, 0.0, 507.5805358886719], [-0.9040088057518005, -0.42751389741897583, 0.0, 1376.859619140625], [0.0, 0.0, 1.0, 0.0], [0.0, 0.0, 0.0, 1.0]], "pose_inverse": [[-0.42751389741897583, -0.9040088057518005, 0.0, 1461.69091796875], [0.9040088057518005, -0.42751389741897583, 0.0, 129.7693328857422], [0.0, 0.0, 1.0, 0.0], [0.0, 0.0, 0.0, 1.0]], "cam_ids": [0, 1, 2, 3, 4, 5], "cam_channels": ["CAM_FRONT_LEFT", "CAM_FRONT", "CAM_FRONT_RIGHT", "CAM_BACK_LEFT", "CAM_BACK", "CAM_BACK_RIGHT"], "token": "c26cde23311e4d3e81151719c102f1cc", "scene": "scene-0354"}, {"images": ["samples/CAM_FRONT_LEFT/n015-2018-08-02-17-28-51+0800__CAM_FRONT_LEFT__1533202559854844.jpg", "samples/CAM_FRONT/n015-2018-08-02-17-28-51+0800__CAM_FRONT__1533202559862460.jpg", "samples/CAM_FRONT_RIGHT/n015-2018-08-02-17-28-51+0800__CAM_FRONT_RIGHT__1533202559870339.jpg", "samples/CAM_BACK_LEFT/n015-2018-08-02-17-28-51+0800__CAM_BACK_LEFT__1533202559897423.jpg", "samples/CAM_BACK/n015-2018-08-02-17-28-51+0800__CAM_BACK__1533202559887525.jpg", "samples/CAM_BACK_RIGHT/n015-2018-08-02-17-28-51+0800__CAM_BACK_RIGHT__1533202559877893.jpg"], "intrinsics": [[[1272.5979470598488, 0.0, 826.6154927353808], [0.0, 1272.5979470598488, 479.75165386361925], [0.0, 0.0, 1.0]], [[1266.417203046554, 0.0, 816.2670197447984], [0.0, 1266.417203046554, 491.50706579294757], [0.0, 0.0, 1.0]], [[1260.8474446004698, 0.0, 807.968244525554], [0.0, 1260.8474446004698, 495.3344268742088], [0.0, 0.0, 1.0]], [[1256.7414812095406, 0.0, 792.1125740759628], [0.0, 1256.7414812095406, 492.7757465151356], [0.0, 0.0, 1.0]], [[809.2209905677063, 0.0, 829.2196003259838], [0.0, 809.2209905677063, 481.77842384512485], [0.0, 0.0, 1.0]], [[1259.5137405846733, 0.0, 807.2529053838625], [0.0, 1259.5137405846733, 501.19579884916527], [0.0, 0.0, 1.0]]], "extrinsics": [[[0.8220484256744385, -0.5690144300460815, 0.021425681188702583, -0.8262939453125], [-0.003285342361778021, -0.04236631095409393, -0.999096691608429, 1.5077018737792969], [0.5694081783294678, 0.8212354779243469, -0.03669656440615654, -1.18438720703125], [0.0, 0.0, 0.0, 1.0]], [[0.0076715778559446335, -0.9988988041877747, 0.046285293996334076, 0.0063018798828125], [-0.008650475181639194, -0.04635121673345566, -0.9988877773284912, 1.5193309783935547], [0.999933123588562, 0.007262652274221182, -0.008996536023914814, -1.5523681640625], [0.0, 0.0, 0.0, 1.0]], [[-0.8320260643959045, -0.554422914981842, 0.018650192767381668, 0.94091796875], [-0.0030800432432442904, -0.029002375900745392, -0.999574601650238, 1.5033092498779297], [0.5547279715538025, -0.831729531288147, 0.02242308296263218, -1.1875], [0.0, 0.0, 0.0, 1.0]], [[0.94759601354599, 0.31918981671333313, -0.01340369414538145, -1.13623046875], [0.005629139486700296, -0.05863148719072342, -0.9982638359069824, 1.5885924100875854], [-0.31942152976989746, 0.9458754062652588, -0.05735572427511215, -0.10577392578125], [0.0, 0.0, 0.0, 1.0]], [[0.0014287602389231324, 0.9987989664077759, -0.048975758254528046, 0.0028076171875], [-0.019805029034614563, -0.04893793538212776, -0.998605489730835, 1.5784683227539062], [-0.9998027682304382, 0.002396755153313279, 0.019711321219801903, -0.0430908203125], [0.0, 0.0, 0.0, 1.0]], [[-0.9352896213531494, 0.35307255387306213, -0.02393769845366478, 1.059814453125], [0.012807021848857403, -0.03382806479930878, -0.999345600605011, 1.552495002746582], [-0.3536512553691864, -0.9349842071533203, 0.027117231860756874, -0.09228515625], [0.0, 0.0, 0.0, 1.0]]], "view": [[0.0, -2.0, 100.0], [-2.0, 0.0, 100.0], [0.0, 0.0, 1.0]], "bev": "bev_8b7c3f8ce0be459b856d0deda2e99f38.png", "aux": "aux_8b7c3f8ce0be459b856d0deda2e99f38.npz", "visibility": "visibility_8b7c3f8ce0be459b856d0deda2e99f38.png", "pose": [[-0.44515398144721985, 0.8954540491104126, 0.0, 506.7677307128906], [-0.8954540491104126, -0.44515398144721985, 0.0, 1375.1890869140625], [0.0, 0.0, 1.0, 0.0], [0.0, 0.0, 0.0, 1.0]], "pose_inverse": [[-0.44515398144721985, -0.8954540491104126, 0.0, 1457.00830078125], [0.8954540491104126, -0.44515398144721985, 0.0, 158.38368225097656], [0.0, 0.0, 1.0, 0.0], [0.0, 0.0, 0.0, 1.0]], "cam_ids": [0, 1, 2, 3, 4, 5], "cam_channels": ["CAM_FRONT_LEFT", "CAM_FRONT", "CAM_FRONT_RIGHT", "CAM_BACK_LEFT", "CAM_BACK", "CAM_BACK_RIGHT"], "token": "8b7c3f8ce0be459b856d0deda2e99f38", "scene": "scene-0354"}, {"images": ["samples/CAM_FRONT_LEFT/n015-2018-08-02-17-28-51+0800__CAM_FRONT_LEFT__1533202560404844.jpg", "samples/CAM_FRONT/n015-2018-08-02-17-28-51+0800__CAM_FRONT__1533202560412460.jpg", "samples/CAM_FRONT_RIGHT/n015-2018-08-02-17-28-51+0800__CAM_FRONT_RIGHT__1533202560420339.jpg", "samples/CAM_BACK_LEFT/n015-2018-08-02-17-28-51+0800__CAM_BACK_LEFT__1533202560447423.jpg", "samples/CAM_BACK/n015-2018-08-02-17-28-51+0800__CAM_BACK__1533202560437525.jpg", "samples/CAM_BACK_RIGHT/n015-2018-08-02-17-28-51+0800__CAM_BACK_RIGHT__1533202560427893.jpg"], "intrinsics": [[[1272.5979470598488, 0.0, 826.6154927353808], [0.0, 1272.5979470598488, 479.75165386361925], [0.0, 0.0, 1.0]], [[1266.417203046554, 0.0, 816.2670197447984], [0.0, 1266.417203046554, 491.50706579294757], [0.0, 0.0, 1.0]], [[1260.8474446004698, 0.0, 807.968244525554], [0.0, 1260.8474446004698, 495.3344268742088], [0.0, 0.0, 1.0]], [[1256.7414812095406, 0.0, 792.1125740759628], [0.0, 1256.7414812095406, 492.7757465151356], [0.0, 0.0, 1.0]], [[809.2209905677063, 0.0, 829.2196003259838], [0.0, 809.2209905677063, 481.77842384512485], [0.0, 0.0, 1.0]], [[1259.5137405846733, 0.0, 807.2529053838625], [0.0, 1259.5137405846733, 501.19579884916527], [0.0, 0.0, 1.0]]], "extrinsics": [[[0.8224819898605347, -0.5683319568634033, 0.022849328815937042, -0.787841796875], [0.0006660470389761031, -0.03920937329530716, -0.9992308020591736, 1.5083651542663574], [0.5687906742095947, 0.8218646049499512, -0.03187046945095062, -1.156982421875], [0.0, 0.0, 0.0, 1.0]], [[0.008312803693115711, -0.9990260601043701, 0.04333354905247688, 0.0060272216796875], [-0.004539619665592909, -0.043372299522161484, -0.9990487098693848, 1.5196962356567383], [0.9999551773071289, 0.008108193054795265, -0.004895742516964674, -1.512939453125], [0.0, 0.0, 0.0, 1.0]], [[-0.8316875100135803, -0.555076539516449, 0.013637932017445564, 0.9144287109375], [0.001128481817431748, -0.026251817122101784, -0.9996547102928162, 1.5037946701049805], [0.5552428960800171, -0.8313848376274109, 0.02245969884097576, -1.17034912109375], [0.0, 0.0, 0.0, 1.0]], [[0.947527289390564, 0.31955933570861816, -0.008594776503741741, -1.1353759765625], [0.010064526461064816, -0.05669347941875458, -0.998340904712677, 1.5886197090148926], [-0.3195163905620575, 0.945868730545044, -0.05693483352661133, -0.10589599609375], [0.0, 0.0, 0.0, 1.0]], [[0.0011527360184118152, 0.9989072680473328, -0.04672228544950485, 0.003021240234375], [-0.015420706011354923, -0.046699002385139465, -0.9987900257110596, 1.5784664154052734], [-0.9998804330825806, 0.0018717724597081542, 0.015350026078522205, -0.05517578125], [0.0, 0.0, 0.0, 1.0]], [[-0.9354071021080017, 0.35253581404685974, -0.027056856080889702, 1.0377197265625], [0.017111191526055336, -0.03129811957478523, -0.9993636608123779, 1.5532455444335938], [-0.35315826535224915, -0.9352747797966003, 0.02324417419731617, -0.1011962890625], [0.0, 0.0, 0.0, 1.0]]], "view": [[0.0, -2.0, 100.0], [-2.0, 0.0, 100.0], [0.0, 0.0, 1.0]], "bev": "bev_ef8f01d22351417e8ae05ea1e475cd05.png", "aux": "aux_ef8f01d22351417e8ae05ea1e475cd05.npz", "visibility": "visibility_ef8f01d22351417e8ae05ea1e475cd05.png", "pose": [[-0.47073525190353394, 0.8822745084762573, 0.0, 505.6561584472656], [-0.8822745084762573, -0.47073525190353394, 0.0, 1373.040283203125], [0.0, 0.0, 1.0, 0.0], [0.0, 0.0, 0.0, 1.0]], "pose_inverse": [[-0.47073525190353394, -0.8822745084762573, 0.0, 1449.4285888671875], [0.8822745084762573, -0.47073525190353394, 0.0, 200.2109375], [0.0, 0.0, 1.0, 0.0], [0.0, 0.0, 0.0, 1.0]], "cam_ids": [0, 1, 2, 3, 4, 5], "cam_channels": ["CAM_FRONT_LEFT", "CAM_FRONT", "CAM_FRONT_RIGHT", "CAM_BACK_LEFT", "CAM_BACK", "CAM_BACK_RIGHT"], "token": "ef8f01d22351417e8ae05ea1e475cd05", "scene": "scene-0354"}, {"images": ["samples/CAM_FRONT_LEFT/n015-2018-08-02-17-28-51+0800__CAM_FRONT_LEFT__1533202561004844.jpg", "samples/CAM_FRONT/n015-2018-08-02-17-28-51+0800__CAM_FRONT__1533202561012460.jpg", "samples/CAM_FRONT_RIGHT/n015-2018-08-02-17-28-51+0800__CAM_FRONT_RIGHT__1533202561020339.jpg", "samples/CAM_BACK_LEFT/n015-2018-08-02-17-28-51+0800__CAM_BACK_LEFT__1533202561047423.jpg", "samples/CAM_BACK/n015-2018-08-02-17-28-51+0800__CAM_BACK__1533202561037525.jpg", "samples/CAM_BACK_RIGHT/n015-2018-08-02-17-28-51+0800__CAM_BACK_RIGHT__1533202561027893.jpg"], "intrinsics": [[[1272.5979470598488, 0.0, 826.6154927353808], [0.0, 1272.5979470598488, 479.75165386361925], [0.0, 0.0, 1.0]], [[1266.417203046554, 0.0, 816.2670197447984], [0.0, 1266.417203046554, 491.50706579294757], [0.0, 0.0, 1.0]], [[1260.8474446004698, 0.0, 807.968244525554], [0.0, 1260.8474446004698, 495.3344268742088], [0.0, 0.0, 1.0]], [[1256.7414812095406, 0.0, 792.1125740759628], [0.0, 1256.7414812095406, 492.7757465151356], [0.0, 0.0, 1.0]], [[809.2209905677063, 0.0, 829.2196003259838], [0.0, 809.2209905677063, 481.77842384512485], [0.0, 0.0, 1.0]], [[1259.5137405846733, 0.0, 807.2529053838625], [0.0, 1259.5137405846733, 501.19579884916527], [0.0, 0.0, 1.0]]], "extrinsics": [[[0.8223998546600342, -0.5685209035873413, 0.021038074046373367, -0.762939453125], [-0.0019387314096093178, -0.039780061691999435, -0.99920654296875, 1.50775146484375], [0.5689066648483276, 0.8217065334320068, -0.03381732478737831, -1.13970947265625], [0.0, 0.0, 0.0, 1.0]], [[0.008165563456714153, -0.9989902973175049, 0.044177498668432236, 0.006317138671875], [-0.007342171389609575, -0.04423768073320389, -0.9989940524101257, 1.519012451171875], [0.9999396800994873, 0.007832995615899563, -0.0076959822326898575, -1.4876708984375], [0.0, 0.0, 0.0, 1.0]], [[-0.8318042159080505, -0.5548153519630432, 0.01678229123353958, 0.8975830078125], [-0.0018751230090856552, -0.027425721287727356, -0.9996220469474792, 1.5033349990844727], [0.555065929889679, -0.8315212726593018, 0.021772485226392746, -1.158935546875], [0.0, 0.0, 0.0, 1.0]], [[0.9475660920143127, 0.3193052113056183, -0.012749170884490013, -1.131103515625], [0.006452065892517567, -0.0590045228600502, -0.9982368350028992, 1.5886340141296387], [-0.31949448585510254, 0.9458131790161133, -0.057970866560935974, -0.107452392578125], [0.0, 0.0, 0.0, 1.0]], [[0.0012659748317673802, 0.9988171458244324, -0.0486074723303318, 0.002899169921875], [-0.018820349127054214, -0.04857510328292847, -0.9986422061920166, 1.5781021118164062], [-0.9998221397399902, 0.0021790917962789536, 0.018736591562628746, -0.06494140625], [0.0, 0.0, 0.0, 1.0]], [[-0.9353806972503662, 0.35278525948524475, -0.02460666187107563, 1.0234375], [0.01392790675163269, -0.03277675807476044, -0.9993656277656555, 1.5531272888183594], [-0.35336795449256897, -0.9351300597190857, 0.02574518695473671, -0.10638427734375], [0.0, 0.0, 0.0, 1.0]]], "view": [[0.0, -2.0, 100.0], [-2.0, 0.0, 100.0], [0.0, 0.0, 1.0]], "bev": "bev_0871aa214c014a59b4fa68bb27799b8b.png", "aux": "aux_0871aa214c014a59b4fa68bb27799b8b.npz", "visibility": "visibility_0871aa214c014a59b4fa68bb27799b8b.png", "pose": [[-0.4998827278614044, 0.866093099117279, 0.0, 504.12042236328125], [-0.866093099117279, -0.4998827278614044, 0.0, 1370.2606201171875], [0.0, 0.0, 1.0, 0.0], [0.0, 0.0, 0.0, 1.0]], "pose_inverse": [[-0.4998827278614044, -0.866093099117279, 0.0, 1438.7744140625], [0.866093099117279, -0.4998827278614044, 0.0, 248.35440063476562], [0.0, 0.0, 1.0, 0.0], [0.0, 0.0, 0.0, 1.0]], "cam_ids": [0, 1, 2, 3, 4, 5], "cam_channels": ["CAM_FRONT_LEFT", "CAM_FRONT", "CAM_FRONT_RIGHT", "CAM_BACK_LEFT", "CAM_BACK", "CAM_BACK_RIGHT"], "token": "0871aa214c014a59b4fa68bb27799b8b", "scene": "scene-0354"}, {"images": ["samples/CAM_FRONT_LEFT/n015-2018-08-02-17-28-51+0800__CAM_FRONT_LEFT__1533202561604844.jpg", "samples/CAM_FRONT/n015-2018-08-02-17-28-51+0800__CAM_FRONT__1533202561612460.jpg", "samples/CAM_FRONT_RIGHT/n015-2018-08-02-17-28-51+0800__CAM_FRONT_RIGHT__1533202561620339.jpg", "samples/CAM_BACK_LEFT/n015-2018-08-02-17-28-51+0800__CAM_BACK_LEFT__1533202561647423.jpg", "samples/CAM_BACK/n015-2018-08-02-17-28-51+0800__CAM_BACK__1533202561637525.jpg", "samples/CAM_BACK_RIGHT/n015-2018-08-02-17-28-51+0800__CAM_BACK_RIGHT__1533202561627893.jpg"], "intrinsics": [[[1272.5979470598488, 0.0, 826.6154927353808], [0.0, 1272.5979470598488, 479.75165386361925], [0.0, 0.0, 1.0]], [[1266.417203046554, 0.0, 816.2670197447984], [0.0, 1266.417203046554, 491.50706579294757], [0.0, 0.0, 1.0]], [[1260.8474446004698, 0.0, 807.968244525554], [0.0, 1260.8474446004698, 495.3344268742088], [0.0, 0.0, 1.0]], [[1256.7414812095406, 0.0, 792.1125740759628], [0.0, 1256.7414812095406, 492.7757465151356], [0.0, 0.0, 1.0]], [[809.2209905677063, 0.0, 829.2196003259838], [0.0, 809.2209905677063, 481.77842384512485], [0.0, 0.0, 1.0]], [[1259.5137405846733, 0.0, 807.2529053838625], [0.0, 1259.5137405846733, 501.19579884916527], [0.0, 0.0, 1.0]]], "extrinsics": [[[0.8213726878166199, -0.570013701915741, 0.020766887813806534, -0.72503662109375], [-0.00239913584664464, -0.039860282093286514, -0.9992023706436157, 1.5075902938842773], [0.5703868269920349, 0.8206676840782166, -0.03410768881440163, -1.114990234375], [0.0, 0.0, 0.0, 1.0]], [[0.006637671962380409, -0.999012291431427, 0.04393512383103371, 0.00750732421875], [-0.007740535773336887, -0.043986108154058456, -0.99900221824646, 1.5187034606933594], [0.9999480247497559, 0.006291002035140991, -0.008024856448173523, -1.4510498046875], [0.0, 0.0, 0.0, 1.0]], [[-0.8324933052062988, -0.553783655166626, 0.016688423231244087, 0.875244140625], [-0.00217968481592834, -0.026847660541534424, -0.9996371269226074, 1.503251075744629], [0.55403071641922, -0.8322275876998901, 0.02114342711865902, -1.14349365234375], [0.0, 0.0, 0.0, 1.0]], [[0.9476000070571899, 0.3192160427570343, -0.01245857309550047, -1.1297607421875], [0.006284166593104601, -0.057617735117673874, -0.9983189105987549, 1.588646411895752], [-0.3193972408771515, 0.9459288120269775, -0.056604575365781784, -0.10797119140625], [0.0, 0.0, 0.0, 1.0]], [[0.0018014888046309352, 0.9988707304000854, -0.047476496547460556, 0.002685546875], [-0.019026467576622963, -0.04743374139070511, -0.9986931681632996, 1.5778961181640625], [-0.9998173117637634, 0.002702397294342518, 0.018919533118605614, -0.075439453125], [0.0, 0.0, 0.0, 1.0]], [[-0.9350453615188599, 0.35370776057243347, -0.024100903421640396, 1.005615234375], [0.013681943528354168, -0.03192782402038574, -0.999396562576294, 1.5533733367919922], [-0.35426390171051025, -0.9348108172416687, 0.02501455321907997, -0.11273193359375], [0.0, 0.0, 0.0, 1.0]]], "view": [[0.0, -2.0, 100.0], [-2.0, 0.0, 100.0], [0.0, 0.0, 1.0]], "bev": "bev_3c669985ca884d428940d76c4e9e1cf9.png", "aux": "aux_3c669985ca884d428940d76c4e9e1cf9.npz", "visibility": "visibility_3c669985ca884d428940d76c4e9e1cf9.png", "pose": [[-0.521902322769165, 0.8530052304267883, 0.0, 502.2816467285156], [-0.8530052304267883, -0.521902322769165, 0.0, 1367.1895751953125], [0.0, 0.0, 1.0, 0.0], [0.0, 0.0, 0.0, 1.0]], "pose_inverse": [[-0.521902322769165, -0.8530052304267883, 0.0, 1428.36181640625], [0.8530052304267883, -0.521902322769165, 0.0, 285.0905456542969], [0.0, 0.0, 1.0, 0.0], [0.0, 0.0, 0.0, 1.0]], "cam_ids": [0, 1, 2, 3, 4, 5], "cam_channels": ["CAM_FRONT_LEFT", "CAM_FRONT", "CAM_FRONT_RIGHT", "CAM_BACK_LEFT", "CAM_BACK", "CAM_BACK_RIGHT"], "token": "3c669985ca884d428940d76c4e9e1cf9", "scene": "scene-0354"}, {"images": ["samples/CAM_FRONT_LEFT/n015-2018-08-02-17-28-51+0800__CAM_FRONT_LEFT__1533202562104844.jpg", "samples/CAM_FRONT/n015-2018-08-02-17-28-51+0800__CAM_FRONT__1533202562112460.jpg", "samples/CAM_FRONT_RIGHT/n015-2018-08-02-17-28-51+0800__CAM_FRONT_RIGHT__1533202562120339.jpg", "samples/CAM_BACK_LEFT/n015-2018-08-02-17-28-51+0800__CAM_BACK_LEFT__1533202562147426.jpg", "samples/CAM_BACK/n015-2018-08-02-17-28-51+0800__CAM_BACK__1533202562137525.jpg", "samples/CAM_BACK_RIGHT/n015-2018-08-02-17-28-51+0800__CAM_BACK_RIGHT__1533202562127893.jpg"], "intrinsics": [[[1272.5979470598488, 0.0, 826.6154927353808], [0.0, 1272.5979470598488, 479.75165386361925], [0.0, 0.0, 1.0]], [[1266.417203046554, 0.0, 816.2670197447984], [0.0, 1266.417203046554, 491.50706579294757], [0.0, 0.0, 1.0]], [[1260.8474446004698, 0.0, 807.968244525554], [0.0, 1260.8474446004698, 495.3344268742088], [0.0, 0.0, 1.0]], [[1256.7414812095406, 0.0, 792.1125740759628], [0.0, 1256.7414812095406, 492.7757465151356], [0.0, 0.0, 1.0]], [[809.2209905677063, 0.0, 829.2196003259838], [0.0, 809.2209905677063, 481.77842384512485], [0.0, 0.0, 1.0]], [[1259.5137405846733, 0.0, 807.2529053838625], [0.0, 1259.5137405846733, 501.19579884916527], [0.0, 0.0, 1.0]]], "extrinsics": [[[0.8217583298683167, -0.5694699883460999, 0.020423075184226036, -0.72235107421875], [-0.005469411611557007, -0.04372096061706543, -0.9990288019180298, 1.5066070556640625], [0.5698097944259644, 0.8208485841751099, -0.03904273360967636, -1.1114501953125], [0.0, 0.0, 0.0, 1.0]], [[0.007359753362834454, -0.9988336563110352, 0.04771743714809418, 0.0064697265625], [-0.010718176141381264, -0.04779478535056114, -0.9987996816635132, 1.517892837524414], [0.9999154210090637, 0.006839460227638483, -0.011057432740926743, -1.447509765625], [0.0, 0.0, 0.0, 1.0]], [[-0.8321060538291931, -0.554211437702179, 0.02119467221200466, 0.8726806640625], [-0.005077881272882223, -0.03060048073530197, -0.9995187520980835, 1.5026674270629883], [0.5545933246612549, -0.8318132758140564, 0.022648628801107407, -1.14239501953125], [0.0, 0.0, 0.0, 1.0]], [[0.9475372433662415, 0.31923720240592957, -0.016149375587701797, -1.133544921875], [0.003598661394789815, -0.061173610389232635, -0.9981206655502319, 1.5885934829711914], [-0.3196251094341278, 0.9456983804702759, -0.05911310017108917, -0.106719970703125], [0.0, 0.0, 0.0, 1.0]], [[0.0013297187397256494, 0.998691737651825, -0.05111878365278244, 0.002838134765625], [-0.021792538464069366, -0.051077745854854584, -0.9984568953514099, 1.5777015686035156], [-0.9997615814208984, 0.0024416104424744844, 0.02169610932469368, -0.0743408203125], [0.0, 0.0, 0.0, 1.0]], [[-0.9353201985359192, 0.3530716001987457, -0.02272801473736763, 1.004150390625], [0.010833190754055977, -0.035629451274871826, -0.999306321144104, 1.5529842376708984], [-0.3536365032196045, -0.934917688369751, 0.029500052332878113, -0.1136474609375], [0.0, 0.0, 0.0, 1.0]]], "view": [[0.0, -2.0, 100.0], [-2.0, 0.0, 100.0], [0.0, 0.0, 1.0]], "bev": "bev_539f84f276534e67903bd819fa145cf2.png", "aux": "aux_539f84f276534e67903bd819fa145cf2.npz", "visibility": "visibility_539f84f276534e67903bd819fa145cf2.png", "pose": [[-0.5292103886604309, 0.8484906554222107, 0.0, 500.5215759277344], [-0.8484906554222107, -0.5292103886604309, 0.0, 1364.3619384765625], [0.0, 0.0, 1.0, 0.0], [0.0, 0.0, 0.0, 1.0]], "pose_inverse": [[-0.5292103886604309, -0.8484906554222107, 0.0, 1422.529541015625], [0.8484906554222107, -0.5292103886604309, 0.0, 297.34661865234375], [0.0, 0.0, 1.0, 0.0], [0.0, 0.0, 0.0, 1.0]], "cam_ids": [0, 1, 2, 3, 4, 5], "cam_channels": ["CAM_FRONT_LEFT", "CAM_FRONT", "CAM_FRONT_RIGHT", "CAM_BACK_LEFT", "CAM_BACK", "CAM_BACK_RIGHT"], "token": "539f84f276534e67903bd819fa145cf2", "scene": "scene-0354"}, {"images": ["samples/CAM_FRONT_LEFT/n015-2018-08-02-17-28-51+0800__CAM_FRONT_LEFT__1533202562604844.jpg", "samples/CAM_FRONT/n015-2018-08-02-17-28-51+0800__CAM_FRONT__1533202562612460.jpg", "samples/CAM_FRONT_RIGHT/n015-2018-08-02-17-28-51+0800__CAM_FRONT_RIGHT__1533202562620339.jpg", "samples/CAM_BACK_LEFT/n015-2018-08-02-17-28-51+0800__CAM_BACK_LEFT__1533202562647423.jpg", "samples/CAM_BACK/n015-2018-08-02-17-28-51+0800__CAM_BACK__1533202562637525.jpg", "samples/CAM_BACK_RIGHT/n015-2018-08-02-17-28-51+0800__CAM_BACK_RIGHT__1533202562627893.jpg"], "intrinsics": [[[1272.5979470598488, 0.0, 826.6154927353808], [0.0, 1272.5979470598488, 479.75165386361925], [0.0, 0.0, 1.0]], [[1266.417203046554, 0.0, 816.2670197447984], [0.0, 1266.417203046554, 491.50706579294757], [0.0, 0.0, 1.0]], [[1260.8474446004698, 0.0, 807.968244525554], [0.0, 1260.8474446004698, 495.3344268742088], [0.0, 0.0, 1.0]], [[1256.7414812095406, 0.0, 792.1125740759628], [0.0, 1256.7414812095406, 492.7757465151356], [0.0, 0.0, 1.0]], [[809.2209905677063, 0.0, 829.2196003259838], [0.0, 809.2209905677063, 481.77842384512485], [0.0, 0.0, 1.0]], [[1259.5137405846733, 0.0, 807.2529053838625], [0.0, 1259.5137405846733, 501.19579884916527], [0.0, 0.0, 1.0]]], "extrinsics": [[[0.8212417960166931, -0.5702834725379944, 0.01840275153517723, -0.68914794921875], [-0.008600577712059021, -0.044621486216783524, -0.9989669322967529, 1.5054569244384766], [0.5705154538154602, 0.8202351331710815, -0.041549794375896454, -1.091064453125], [0.0, 0.0, 0.0, 1.0]], [[0.0063792341388762, -0.9987959265708923, 0.04863943159580231, 0.00830078125], [-0.013693132437765598, -0.04872311279177666, -0.9987185001373291, 1.5168190002441406], [0.9998858571052551, 0.005705057177692652, -0.013987458311021328, -1.415283203125], [0.0, 0.0, 0.0, 1.0]], [[-0.8327247500419617, -0.5531655550003052, 0.024028634652495384, 0.8519287109375], [-0.007869983091950417, -0.03156810253858566, -0.999470591545105, 1.5019683837890625], [0.5536312460899353, -0.8324730396270752, 0.021934134885668755, -1.1275634765625], [0.0, 0.0, 0.0, 1.0]], [[0.9475351572036743, 0.3191209137439728, -0.018409037962555885, -1.1292724609375], [0.0014825272373855114, -0.061977677047252655, -0.9980764389038086, 1.5885801315307617], [-0.31964802742004395, 0.9456853270530701, -0.05919913575053215, -0.108062744140625], [0.0, 0.0, 0.0, 1.0]], [[0.001896157395094633, 0.9986453652381897, -0.05199874937534332, 0.00262451171875], [-0.024187138304114342, -0.05193782597780228, -0.9983574151992798, 1.5772476196289062], [-0.9997056722640991, 0.003150771837681532, 0.02405589073896408, -0.0860595703125], [0.0, 0.0, 0.0, 1.0]], [[-0.9349311590194702, 0.35422852635383606, -0.02063407562673092, 0.9862060546875], [0.008191672153770924, -0.036589138209819794, -0.9992968440055847, 1.552783489227295], [-0.35473448038101196, -0.9344428181648254, 0.03130659833550453, -0.119873046875], [0.0, 0.0, 0.0, 1.0]]], "view": [[0.0, -2.0, 100.0], [-2.0, 0.0, 100.0], [0.0, 0.0, 1.0]], "bev": "bev_5457f8357da6430399c8026ef8c277ca.png", "aux": "aux_5457f8357da6430399c8026ef8c277ca.npz", "visibility": "visibility_5457f8357da6430399c8026ef8c277ca.png", "pose": [[-0.5342209339141846, 0.8453449010848999, 0.0, 498.6014099121094], [-0.8453449010848999, -0.5342209339141846, 0.0, 1361.3167724609375], [0.0, 0.0, 1.0, 0.0], [0.0, 0.0, 0.0, 1.0]], "pose_inverse": [[-0.5342209339141846, -0.8453449010848999, 0.0, 1417.1455078125], [0.8453449010848999, -0.5342209339141846, 0.0, 305.7537841796875], [0.0, 0.0, 1.0, 0.0], [0.0, 0.0, 0.0, 1.0]], "cam_ids": [0, 1, 2, 3, 4, 5], "cam_channels": ["CAM_FRONT_LEFT", "CAM_FRONT", "CAM_FRONT_RIGHT", "CAM_BACK_LEFT", "CAM_BACK", "CAM_BACK_RIGHT"], "token": "5457f8357da6430399c8026ef8c277ca", "scene": "scene-0354"}, {"images": ["samples/CAM_FRONT_LEFT/n015-2018-08-02-17-28-51+0800__CAM_FRONT_LEFT__1533202563104844.jpg", "samples/CAM_FRONT/n015-2018-08-02-17-28-51+0800__CAM_FRONT__1533202563112460.jpg", "samples/CAM_FRONT_RIGHT/n015-2018-08-02-17-28-51+0800__CAM_FRONT_RIGHT__1533202563120339.jpg", "samples/CAM_BACK_LEFT/n015-2018-08-02-17-28-51+0800__CAM_BACK_LEFT__1533202563147423.jpg", "samples/CAM_BACK/n015-2018-08-02-17-28-51+0800__CAM_BACK__1533202563137529.jpg", "samples/CAM_BACK_RIGHT/n015-2018-08-02-17-28-51+0800__CAM_BACK_RIGHT__1533202563127893.jpg"], "intrinsics": [[[1272.5979470598488, 0.0, 826.6154927353808], [0.0, 1272.5979470598488, 479.75165386361925], [0.0, 0.0, 1.0]], [[1266.417203046554, 0.0, 816.2670197447984], [0.0, 1266.417203046554, 491.50706579294757], [0.0, 0.0, 1.0]], [[1260.8474446004698, 0.0, 807.968244525554], [0.0, 1260.8474446004698, 495.3344268742088], [0.0, 0.0, 1.0]], [[1256.7414812095406, 0.0, 792.1125740759628], [0.0, 1256.7414812095406, 492.7757465151356], [0.0, 0.0, 1.0]], [[809.2209905677063, 0.0, 829.2196003259838], [0.0, 809.2209905677063, 481.77842384512485], [0.0, 0.0, 1.0]], [[1259.5137405846733, 0.0, 807.2529053838625], [0.0, 1259.5137405846733, 501.19579884916527], [0.0, 0.0, 1.0]]], "extrinsics": [[[0.8208521008491516, -0.5707613229751587, 0.020817318931221962, -0.665283203125], [-0.004016609396785498, -0.04221666231751442, -0.999100387096405, 1.5068168640136719], [0.5711265802383423, 0.8200300931930542, -0.03694615885615349, -1.0726318359375], [0.0, 0.0, 0.0, 1.0]], [[0.005931186955422163, -0.9989268779754639, 0.045934390276670456, 0.007537841796875], [-0.009204702451825142, -0.04598779231309891, -0.9988996386528015, 1.5177898406982422], [0.999940037727356, 0.005501844454556704, -0.009467585012316704, -1.390625], [0.0, 0.0, 0.0, 1.0]], [[-0.8327868580818176, -0.5532791018486023, 0.018664035946130753, 0.8353271484375], [-0.0034727458842098713, -0.02849246934056282, -0.9995879530906677, 1.5028324127197266], [0.5535828471183777, -0.8325085639953613, 0.021806756034493446, -1.1171875], [0.0, 0.0, 0.0, 1.0]], [[0.9476127028465271, 0.3191475570201874, -0.013224048539996147, -1.1302490234375], [0.005629752762615681, -0.058080777525901794, -0.9982960224151611, 1.5886492729187012], [-0.3193718492984772, 0.9459236264228821, -0.05683480575680733, -0.1081390380859375], [0.0, 0.0, 0.0, 1.0]], [[0.0019869522657245398, 0.9988279938697815, -0.04835985600948334, 0.002593994140625], [-0.0199398305