[{"images": ["samples/CAM_FRONT_LEFT/n015-2018-07-18-11-18-34+0800__CAM_FRONT_LEFT__1531884104104844.jpg", "samples/CAM_FRONT/n015-2018-07-18-11-18-34+0800__CAM_FRONT__1531884104112478.jpg", "samples/CAM_FRONT_RIGHT/n015-2018-07-18-11-18-34+0800__CAM_FRONT_RIGHT__1531884104120339.jpg", "samples/CAM_BACK_LEFT/n015-2018-07-18-11-18-34+0800__CAM_BACK_LEFT__1531884104147423.jpg", "samples/CAM_BACK/n015-2018-07-18-11-18-34+0800__CAM_BACK__1531884104137525.jpg", "samples/CAM_BACK_RIGHT/n015-2018-07-18-11-18-34+0800__CAM_BACK_RIGHT__1531884104127893.jpg"], "intrinsics": [[[1272.5979470598488, 0.0, 826.6154927353808], [0.0, 1272.5979470598488, 479.75165386361925], [0.0, 0.0, 1.0]], [[1266.417203046554, 0.0, 816.2670197447984], [0.0, 1266.417203046554, 491.50706579294757], [0.0, 0.0, 1.0]], [[1260.8474446004698, 0.0, 807.968244525554], [0.0, 1260.8474446004698, 495.3344268742088], [0.0, 0.0, 1.0]], [[1256.7414812095406, 0.0, 792.1125740759628], [0.0, 1256.7414812095406, 492.7757465151356], [0.0, 0.0, 1.0]], [[809.2209905677063, 0.0, 829.2196003259838], [0.0, 809.2209905677063, 481.77842384512485], [0.0, 0.0, 1.0]], [[1259.5137405846733, 0.0, 807.2529053838625], [0.0, 1259.5137405846733, 501.19579884916527], [0.0, 0.0, 1.0]]], "extrinsics": [[[0.8194891810417175, -0.573076069355011, -0.004610344301909208, -0.71356201171875], [0.006232910789549351, 0.016956554725766182, -0.999836802482605, 1.5101375579833984], [0.5730607509613037, 0.8193266987800598, 0.017467645928263664, -1.105712890625], [0.0, 0.0, 0.0, 1.0]], [[0.0038730755914002657, -0.9999100565910339, -0.012838166207075119, 0.006866455078125], [0.0008692769915796816, 0.012841624207794666, -0.999917209148407, 1.5207419395446777], [0.9999920725822449, 0.003861538600176573, 0.0009189345291815698, -1.440673828125], [0.0, 0.0, 0.0, 1.0]], [[-0.8336217999458313, -0.5518999695777893, -0.02193601429462433, 0.86962890625], [0.006458220072090626, 0.029972804710268974, -0.9995297789573669, 1.504892349243164], [0.5522979497909546, -0.8333715200424194, -0.02142168954014778, -1.140228271484375], [0.0, 0.0, 0.0, 1.0]], [[0.9477050304412842, 0.31884193420410156, 0.013962789438664913, -1.1392822265625], [0.014995381236076355, -0.0007840341422706842, -0.9998872876167297, 1.5886039733886719], [-0.3187950849533081, 0.9478076696395874, -0.005524190608412027, -0.104736328125], [0.0, 0.0, 0.0, 1.0]], [[0.0029135739896446466, 0.9999518990516663, 0.009370093233883381, 0.002777099609375], [-0.01040530577301979, 0.009399942122399807, -0.9999016523361206, 1.5785951614379883], [-0.9999415874481201, 0.0028158833738416433, 0.01043219305574894, -0.0714111328125], [0.0, 0.0, 0.0, 1.0]], [[-0.934337317943573, 0.3561888039112091, -0.011968782171607018, 1.003662109375], [0.02228148840367794, 0.02486409991979599, -0.9994425177574158, 1.5546035766601562], [-0.35569268465042114, -0.934083104133606, -0.031167875975370407, -0.11376953125], [0.0, 0.0, 0.0, 1.0]]], "view": [[0.0, -2.0, 100.0], [-2.0, 0.0, 100.0], [0.0, 0.0, 1.0]], "bev": "bev_633212bb7ffa4953ac240019c9de2414.png", "aux": "aux_633212bb7ffa4953ac240019c9de2414.npz", "visibility": "visibility_633212bb7ffa4953ac240019c9de2414.png", "pose": [[0.541733980178833, -0.8405500054359436, 0.0, 486.9132080078125], [0.8405500054359436, 0.541733980178833, 0.0, 1359.2021484375], [0.0, 0.0, 1.0, 0.0], [0.0, 0.0, 0.0, 1.0]], "pose_inverse": [[0.541733980178833, 0.8405500054359436, 0.0, -1406.2547607421875], [-0.8405500054359436, 0.541733980178833, 0.0, -327.0510559082031], [0.0, 0.0, 1.0, 0.0], [0.0, 0.0, 0.0, 1.0]], "cam_ids": [0, 1, 2, 3, 4, 5], "cam_channels": ["CAM_FRONT_LEFT", "CAM_FRONT", "CAM_FRONT_RIGHT", "CAM_BACK_LEFT", "CAM_BACK", "CAM_BACK_RIGHT"], "token": "633212bb7ffa4953ac240019c9de2414", "scene": "scene-0005"}, {"images": ["samples/CAM_FRONT_LEFT/n015-2018-07-18-11-18-34+0800__CAM_FRONT_LEFT__1531884104654844.jpg", "samples/CAM_FRONT/n015-2018-07-18-11-18-34+0800__CAM_FRONT__1531884104662460.jpg", "samples/CAM_FRONT_RIGHT/n015-2018-07-18-11-18-34+0800__CAM_FRONT_RIGHT__1531884104670339.jpg", "samples/CAM_BACK_LEFT/n015-2018-07-18-11-18-34+0800__CAM_BACK_LEFT__1531884104698823.jpg", "samples/CAM_BACK/n015-2018-07-18-11-18-34+0800__CAM_BACK__1531884104687525.jpg", "samples/CAM_BACK_RIGHT/n015-2018-07-18-11-18-34+0800__CAM_BACK_RIGHT__1531884104677893.jpg"], "intrinsics": [[[1272.5979470598488, 0.0, 826.6154927353808], [0.0, 1272.5979470598488, 479.75165386361925], [0.0, 0.0, 1.0]], [[1266.417203046554, 0.0, 816.2670197447984], [0.0, 1266.417203046554, 491.50706579294757], [0.0, 0.0, 1.0]], [[1260.8474446004698, 0.0, 807.968244525554], [0.0, 1260.8474446004698, 495.3344268742088], [0.0, 0.0, 1.0]], [[1256.7414812095406, 0.0, 792.1125740759628], [0.0, 1256.7414812095406, 492.7757465151356], [0.0, 0.0, 1.0]], [[809.2209905677063, 0.0, 829.2196003259838], [0.0, 809.2209905677063, 481.77842384512485], [0.0, 0.0, 1.0]], [[1259.5137405846733, 0.0, 807.2529053838625], [0.0, 1259.5137405846733, 501.19579884916527], [0.0, 0.0, 1.0]]], "extrinsics": [[[0.8196427822113037, -0.5728742480278015, -0.0008886418072506785, -0.72021484375], [0.005448952317237854, 0.009347224608063698, -0.9999414682388306, 1.5098342895507812], [0.5728490352630615, 0.8195899724960327, 0.010782948695123196, -1.1129150390625], [0.0, 0.0, 0.0, 1.0]], [[0.004067342262715101, -0.9999794363975525, -0.004960379563271999, 0.008544921875], [0.00013731354556512088, 0.004960979335010052, -0.9999877214431763, 1.5205531120300293], [0.999991774559021, 0.00406660744920373, 0.00015748901932965964, -1.4473876953125], [0.0, 0.0, 0.0, 1.0]], [[-0.8335593342781067, -0.5521734952926636, -0.016832787543535233, 0.873779296875], [0.0057643563486635685, 0.021775010973215103, -0.9997462630271912, 1.504704475402832], [0.5523999929428101, -0.8334448337554932, -0.014967837370932102, -1.1414794921875], [0.0, 0.0, 0.0, 1.0]], [[0.9477617740631104, 0.3188096582889557, 0.01039795484393835, -1.1448974609375], [0.014305981807410717, -0.009919035248458385, -0.999848484992981, 1.5885229110717773], [-0.31865814328193665, 0.947766900062561, -0.013961766846477985, -0.1032562255859375], [0.0, 0.0, 0.0, 1.0]], [[0.0029725367203354836, 0.9999955296516418, 0.000559100357349962, 0.0020751953125], [-0.011064562946557999, 0.0005919592222198844, -0.9999386072158813, 1.5785341262817383], [-0.9999343156814575, 0.002966230269521475, 0.011066272854804993, -0.07275390625], [0.0, 0.0, 0.0, 1.0]], [[-0.9343717098236084, 0.35600975155830383, -0.014375368133187294, 1.0047607421875], [0.021613821387290955, 0.016362635418772697, -0.9996324777603149, 1.5544548034667969], [-0.3556436598300934, -0.9343389868736267, -0.02298351377248764, -0.1121826171875], [0.0, 0.0, 0.0, 1.0]]], "view": [[0.0, -2.0, 100.0], [-2.0, 0.0, 100.0], [0.0, 0.0, 1.0]], "bev": "bev_7411e03b5a1c47f794e20dac620d6bd2.png", "aux": "aux_7411e03b5a1c47f794e20dac620d6bd2.npz", "visibility": "visibility_7411e03b5a1c47f794e20dac620d6bd2.png", "pose": [[0.5237153172492981, -0.8518933653831482, 0.0, 488.95098876953125], [0.8518933653831482, 0.5237153172492981, 0.0, 1362.385498046875], [0.0, 0.0, 1.0, 0.0], [0.0, 0.0, 0.0, 1.0]], "pose_inverse": [[0.5237153172492981, 0.8518933653831482, 0.0, -1416.67822265625], [-0.8518933653831482, 0.5237153172492981, 0.0, -296.968017578125], [0.0, 0.0, 1.0, 0.0], [0.0, 0.0, 0.0, 1.0]], "cam_ids": [0, 1, 2, 3, 4, 5], "cam_channels": ["CAM_FRONT_LEFT", "CAM_FRONT", "CAM_FRONT_RIGHT", "CAM_BACK_LEFT", "CAM_BACK", "CAM_BACK_RIGHT"], "token": "7411e03b5a1c47f794e20dac620d6bd2", "scene": "scene-0005"}, {"images": ["samples/CAM_FRONT_LEFT/n015-2018-07-18-11-18-34+0800__CAM_FRONT_LEFT__1531884105104844.jpg", "samples/CAM_FRONT/n015-2018-07-18-11-18-34+0800__CAM_FRONT__1531884105112464.jpg", "samples/CAM_FRONT_RIGHT/n015-2018-07-18-11-18-34+0800__CAM_FRONT_RIGHT__1531884105120339.jpg", "samples/CAM_BACK_LEFT/n015-2018-07-18-11-18-34+0800__CAM_BACK_LEFT__1531884105147423.jpg", "samples/CAM_BACK/n015-2018-07-18-11-18-34+0800__CAM_BACK__1531884105137525.jpg", "samples/CAM_BACK_RIGHT/n015-2018-07-18-11-18-34+0800__CAM_BACK_RIGHT__1531884105127893.jpg"], "intrinsics": [[[1272.5979470598488, 0.0, 826.6154927353808], [0.0, 1272.5979470598488, 479.75165386361925], [0.0, 0.0, 1.0]], [[1266.417203046554, 0.0, 816.2670197447984], [0.0, 1266.417203046554, 491.50706579294757], [0.0, 0.0, 1.0]], [[1260.8474446004698, 0.0, 807.968244525554], [0.0, 1260.8474446004698, 495.3344268742088], [0.0, 0.0, 1.0]], [[1256.7414812095406, 0.0, 792.1125740759628], [0.0, 1256.7414812095406, 492.7757465151356], [0.0, 0.0, 1.0]], [[809.2209905677063, 0.0, 829.2196003259838], [0.0, 809.2209905677063, 481.77842384512485], [0.0, 0.0, 1.0]], [[1259.5137405846733, 0.0, 807.2529053838625], [0.0, 1259.5137405846733, 501.19579884916527], [0.0, 0.0, 1.0]]], "extrinsics": [[[0.8196948766708374, -0.5728002786636353, 0.0004339525185059756, -0.72125244140625], [7.609074236825109e-05, -0.0006487098289653659, -0.9999997615814209, 1.5082722902297974], [0.5728003978729248, 0.8196947574615479, -0.00048815939226187766, -1.113037109375], [0.0, 0.0, 0.0, 1.0]], [[0.004145185928791761, -0.9999804496765137, 0.00468372693285346, 0.00799560546875], [-0.005399007815867662, -0.004706079605966806, -0.9999743700027466, 1.5192251205444336], [0.9999768137931824, 0.0041198572143912315, -0.005418410059064627, -1.4482421875], [0.0, 0.0, 0.0, 1.0]], [[-0.8335964679718018, -0.552329957485199, -0.006959063466638327, 0.8741455078125], [7.040561467874795e-05, 0.012492225505411625, -0.9999219179153442, 1.5036392211914062], [0.5523738265037537, -0.83353191614151, -0.010374587960541248, -1.14208984375], [0.0, 0.0, 0.0, 1.0]], [[0.9477907419204712, 0.3188862204551697, 0.0020540340337902308, -1.13330078125], [0.008276200853288174, -0.018158460035920143, -0.9998008608818054, 1.588639259338379], [-0.3187853693962097, 0.9476190209388733, -0.019849587231874466, -0.1069793701171875], [0.0, 0.0, 0.0, 1.0]], [[0.0028944388031959534, 0.9999638199806213, -0.008000712841749191, 0.0025634765625], [-0.01699035055935383, -0.007950415834784508, -0.999824047088623, 1.578084945678711], [-0.9998515248298645, 0.0030297539196908474, 0.016966724768280983, -0.0733642578125], [0.0, 0.0, 0.0, 1.0]], [[-0.9344617128372192, 0.35585781931877136, -0.012098325416445732, 1.0050048828125], [0.015787076205015182, 0.007463481742888689, -0.9998475313186646, 1.5536518096923828], [-0.35571324825286865, -0.934510350227356, -0.012592295184731483, -0.11248779296875], [0.0, 0.0, 0.0, 1.0]]], "view": [[0.0, -2.0, 100.0], [-2.0, 0.0, 100.0], [0.0, 0.0, 1.0]], "bev": "bev_9f3ef9d1ec7345e4a52628b8ea64abae.png", "aux": "aux_9f3ef9d1ec7345e4a52628b8ea64abae.npz", "visibility": "visibility_9f3ef9d1ec7345e4a52628b8ea64abae.png", "pose": [[0.5087072849273682, -0.8609395623207092, 0.0, 490.5444030761719], [0.8609395623207092, 0.5087072849273682, 0.0, 1364.9912109375], [0.0, 0.0, 1.0, 0.0], [0.0, 0.0, 0.0, 1.0]], "pose_inverse": [[0.5087072849273682, 0.8609395623207092, 0.0, -1424.7183837890625], [-0.8609395623207092, 0.5087072849273682, 0.0, -272.0518493652344], [0.0, 0.0, 1.0, 0.0], [0.0, 0.0, 0.0, 1.0]], "cam_ids": [0, 1, 2, 3, 4, 5], "cam_channels": ["CAM_FRONT_LEFT", "CAM_FRONT", "CAM_FRONT_RIGHT", "CAM_BACK_LEFT", "CAM_BACK", "CAM_BACK_RIGHT"], "token": "9f3ef9d1ec7345e4a52628b8ea64abae", "scene": "scene-0005"}, {"images": ["samples/CAM_FRONT_LEFT/n015-2018-07-18-11-18-34+0800__CAM_FRONT_LEFT__1531884105604844.jpg", "samples/CAM_FRONT/n015-2018-07-18-11-18-34+0800__CAM_FRONT__1531884105612465.jpg", "samples/CAM_FRONT_RIGHT/n015-2018-07-18-11-18-34+0800__CAM_FRONT_RIGHT__1531884105620339.jpg", "samples/CAM_BACK_LEFT/n015-2018-07-18-11-18-34+0800__CAM_BACK_LEFT__1531884105647423.jpg", "samples/CAM_BACK/n015-2018-07-18-11-18-34+0800__CAM_BACK__1531884105637525.jpg", "samples/CAM_BACK_RIGHT/n015-2018-07-18-11-18-34+0800__CAM_BACK_RIGHT__1531884105627893.jpg"], "intrinsics": [[[1272.5979470598488, 0.0, 826.6154927353808], [0.0, 1272.5979470598488, 479.75165386361925], [0.0, 0.0, 1.0]], [[1266.417203046554, 0.0, 816.2670197447984], [0.0, 1266.417203046554, 491.50706579294757], [0.0, 0.0, 1.0]], [[1260.8474446004698, 0.0, 807.968244525554], [0.0, 1260.8474446004698, 495.3344268742088], [0.0, 0.0, 1.0]], [[1256.7414812095406, 0.0, 792.1125740759628], [0.0, 1256.7414812095406, 492.7757465151356], [0.0, 0.0, 1.0]], [[809.2209905677063, 0.0, 829.2196003259838], [0.0, 809.2209905677063, 481.77842384512485], [0.0, 0.0, 1.0]], [[1259.5137405846733, 0.0, 807.2529053838625], [0.0, 1259.5137405846733, 501.19579884916527], [0.0, 0.0, 1.0]]], "extrinsics": [[[0.8199015259742737, -0.5724776983261108, 0.005535328295081854, -0.728515625], [0.003540970850735903, -0.004597536753863096, -0.9999831318855286, 1.50927734375], [0.5724934339523315, 0.8199073672294617, -0.0017424010438844562, -1.11968994140625], [0.0, 0.0, 0.0, 1.0]], [[0.004428399261087179, -0.9999516010284424, 0.008782860822975636, 0.0091094970703125], [-0.0017447008285671473, -0.008790659718215466, -0.9999598264694214, 1.5201478004455566], [0.9999886155128479, 0.004412928596138954, -0.0017835450125858188, -1.456298828125], [0.0, 0.0, 0.0, 1.0]], [[-0.8334387540817261, -0.5525562763214111, -0.007833093404769897, 0.8800048828125], [0.003914806991815567, 0.00827067531645298, -0.9999580979347229, 1.504347324371338], [0.5525978803634644, -0.833434522151947, -0.0047299498692154884, -1.14495849609375], [0.0, 0.0, 0.0, 1.0]], [[0.9477818608283997, 0.3188832998275757, 0.004774673376232386, -1.1356201171875], [0.012624300085008144, -0.022553717717528343, -0.9996659159660339, 1.5886421203613281], [-0.3186691403388977, 0.9475255608558655, -0.025401685386896133, -0.1058349609375], [0.0, 0.0, 0.0, 1.0]], [[0.0028377061244100332, 0.9999191164970398, -0.012401099316775799, 0.0020599365234375], [-0.012821587733924389, -0.012363746762275696, -0.9998413920402527, 1.5784435272216797], [-0.9999136924743652, 0.0029962852131575346, 0.012785467319190502, -0.0704345703125], [0.0, 0.0, 0.0, 1.0]], [[-0.9344642758369446, 0.35563161969184875, -0.017398767173290253, 1.0091552734375], [0.019800588488578796, 0.003114651655778289, -0.9997991323471069, 1.5541248321533203], [-0.35550588369369507, -0.9346210360527039, -0.009952245280146599, -0.110107421875], [0.0, 0.0, 0.0, 1.0]]], "view": [[0.0, -2.0, 100.0], [-2.0, 0.0, 100.0], [0.0, 0.0, 1.0]], "bev": "bev_43204cf8a24e4e42af7b7048cf1ebc43.png", "aux": "aux_43204cf8a24e4e42af7b7048cf1ebc43.npz", "visibility": "visibility_43204cf8a24e4e42af7b7048cf1ebc43.png", "pose": [[0.494032084941864, -0.8694436550140381, 0.0, 492.2077331542969], [0.8694436550140381, 0.494032084941864, 0.0, 1367.7840576171875], [0.0, 0.0, 1.0, 0.0], [0.0, 0.0, 0.0, 1.0]], "pose_inverse": [[0.494032084941864, 0.8694436550140381, 0.0, -1432.3775634765625], [-0.8694436550140381, 0.494032084941864, 0.0, -247.7823028564453], [0.0, 0.0, 1.0, 0.0], [0.0, 0.0, 0.0, 1.0]], "cam_ids": [0, 1, 2, 3, 4, 5], "cam_channels": ["CAM_FRONT_LEFT", "CAM_FRONT", "CAM_FRONT_RIGHT", "CAM_BACK_LEFT", "CAM_BACK", "CAM_BACK_RIGHT"], "token": "43204cf8a24e4e42af7b7048cf1ebc43", "scene": "scene-0005"}, {"images": ["samples/CAM_FRONT_LEFT/n015-2018-07-18-11-18-34+0800__CAM_FRONT_LEFT__1531884106104844.jpg", "samples/CAM_FRONT/n015-2018-07-18-11-18-34+0800__CAM_FRONT__1531884106112465.jpg", "samples/CAM_FRONT_RIGHT/n015-2018-07-18-11-18-34+0800__CAM_FRONT_RIGHT__1531884106120339.jpg", "samples/CAM_BACK_LEFT/n015-2018-07-18-11-18-34+0800__CAM_BACK_LEFT__1531884106147423.jpg", "samples/CAM_BACK/n015-2018-07-18-11-18-34+0800__CAM_BACK__1531884106137525.jpg", "samples/CAM_BACK_RIGHT/n015-2018-07-18-11-18-34+0800__CAM_BACK_RIGHT__1531884106127893.jpg"], "intrinsics": [[[1272.5979470598488, 0.0, 826.6154927353808], [0.0, 1272.5979470598488, 479.75165386361925], [0.0, 0.0, 1.0]], [[1266.417203046554, 0.0, 816.2670197447984], [0.0, 1266.417203046554, 491.50706579294757], [0.0, 0.0, 1.0]], [[1260.8474446004698, 0.0, 807.968244525554], [0.0, 1260.8474446004698, 495.3344268742088], [0.0, 0.0, 1.0]], [[1256.7414812095406, 0.0, 792.1125740759628], [0.0, 1256.7414812095406, 492.7757465151356], [0.0, 0.0, 1.0]], [[809.2209905677063, 0.0, 829.2196003259838], [0.0, 809.2209905677063, 481.77842384512485], [0.0, 0.0, 1.0]], [[1259.5137405846733, 0.0, 807.2529053838625], [0.0, 1259.5137405846733, 501.19579884916527], [0.0, 0.0, 1.0]]], "extrinsics": [[[0.8196519017219543, -0.5727366209030151, 0.011981629766523838, -0.7484130859375], [0.004145560786128044, -0.014984660781919956, -0.9998791217803955, 1.5093497037887573], [0.5728469491004944, 0.8196024894714355, -0.009907891042530537, -1.1295166015625], [0.0, 0.0, 0.0, 1.0]], [[0.004085700958967209, -0.9998059868812561, 0.01926976442337036, 0.0063018798828125], [-0.00098472333047539, -0.019273940473794937, -0.9998137950897217, 1.5203251838684082], [0.999991238117218, 0.0040659657679498196, -0.0010632796911522746, -1.474365234375], [0.0, 0.0, 0.0, 1.0]], [[-0.8335632085800171, -0.5524172782897949, -0.0027556114364415407, 0.8905029296875], [0.004839046858251095, -0.0023136085364967585, -0.9999855756759644, 1.5044684410095215], [0.5524029731750488, -0.8335644602775574, 0.004601714666932821, -1.1544189453125], [0.0, 0.0, 0.0, 1.0]], [[0.9477396011352539, 0.31903231143951416, 0.00282264850102365, -1.13525390625], [0.014185851439833641, -0.03329974412918091, -0.9993447065353394, 1.588667869567871], [-0.3187292516231537, 0.9471586346626282, -0.036085233092308044, -0.106292724609375], [0.0, 0.0, 0.0, 1.0]], [[0.002930927090346813, 0.9997288584709167, -0.023101450875401497, 0.0029144287109375], [-0.011535479687154293, -0.023066209629178047, -0.9996674060821533, 1.578592300415039], [-0.9999291300773621, 0.0031964380759745836, 0.011464744806289673, -0.064208984375], [0.0, 0.0, 0.0, 1.0]], [[-0.9343870282173157, 0.3555693030357361, -0.02216535434126854, 1.0198974609375], [0.020851682871580124, -0.007526994217187166, -0.9997542500495911, 1.554046630859375], [-0.35564878582954407, -0.9346196055412292, -0.00038109326851554215, -0.1077880859375], [0.0, 0.0, 0.0, 1.0]]], "view": [[0.0, -2.0, 100.0], [-2.0, 0.0, 100.0], [0.0, 0.0, 1.0]], "bev": "bev_47d7743e515b4dc8aca1e81e08776cd0.png", "aux": "aux_47d7743e515b4dc8aca1e81e08776cd0.npz", "visibility": "visibility_47d7743e515b4dc8aca1e81e08776cd0.png", "pose": [[0.4803750813007355, -0.8770631551742554, 0.0, 493.74517822265625], [0.8770631551742554, 0.4803750813007355, 0.0, 1370.4873046875], [0.0, 0.0, 1.0, 0.0], [0.0, 0.0, 0.0, 1.0]], "pose_inverse": [[0.4803750813007355, 0.8770631551742554, 0.0, -1439.186767578125], [-0.8770631551742554, 0.4803750813007355, 0.0, -225.30223083496094], [0.0, 0.0, 1.0, 0.0], [0.0, 0.0, 0.0, 1.0]], "cam_ids": [0, 1, 2, 3, 4, 5], "cam_channels": ["CAM_FRONT_LEFT", "CAM_FRONT", "CAM_FRONT_RIGHT", "CAM_BACK_LEFT", "CAM_BACK", "CAM_BACK_RIGHT"], "token": "47d7743e515b4dc8aca1e81e08776cd0", "scene": "scene-0005"}, {"images": ["samples/CAM_FRONT_LEFT/n015-2018-07-18-11-18-34+0800__CAM_FRONT_LEFT__1531884106504844.jpg", "samples/CAM_FRONT/n015-2018-07-18-11-18-34+0800__CAM_FRONT__1531884106512468.jpg", "samples/CAM_FRONT_RIGHT/n015-2018-07-18-11-18-34+0800__CAM_FRONT_RIGHT__1531884106520363.jpg", "samples/CAM_BACK_LEFT/n015-2018-07-18-11-18-34+0800__CAM_BACK_LEFT__1531884106547423.jpg", "samples/CAM_BACK/n015-2018-07-18-11-18-34+0800__CAM_BACK__1531884106537525.jpg", "samples/CAM_BACK_RIGHT/n015-2018-07-18-11-18-34+0800__CAM_BACK_RIGHT__1531884106527897.jpg"], "intrinsics": [[[1272.5979470598488, 0.0, 826.6154927353808], [0.0, 1272.5979470598488, 479.75165386361925], [0.0, 0.0, 1.0]], [[1266.417203046554, 0.0, 816.2670197447984], [0.0, 1266.417203046554, 491.50706579294757], [0.0, 0.0, 1.0]], [[1260.8474446004698, 0.0, 807.968244525554], [0.0, 1260.8474446004698, 495.3344268742088], [0.0, 0.0, 1.0]], [[1256.7414812095406, 0.0, 792.1125740759628], [0.0, 1256.7414812095406, 492.7757465151356], [0.0, 0.0, 1.0]], [[809.2209905677063, 0.0, 829.2196003259838], [0.0, 809.2209905677063, 481.77842384512485], [0.0, 0.0, 1.0]], [[1259.5137405846733, 0.0, 807.2529053838625], [0.0, 1259.5137405846733, 501.19579884916527], [0.0, 0.0, 1.0]]], "extrinsics": [[[0.8202918767929077, -0.5717110633850098, 0.016362955793738365, -0.753173828125], [0.006065282970666885, -0.019912345334887505, -0.9997833371162415, 1.509812831878662], [0.5719130635261536, 0.8202133774757385, -0.012866346165537834, -1.13262939453125], [0.0, 0.0, 0.0, 1.0]], [[0.005020852666348219, -0.9996976256370544, 0.024068985134363174, 0.0061187744140625], [0.0006421094294637442, -0.024066060781478882, -0.999710202217102, 1.5206694602966309], [0.9999871850013733, 0.005034932401031256, 0.0005210817907936871, -1.4794921875], [0.0, 0.0, 0.0, 1.0]], [[-0.8331355452537537, -0.5530673265457153, -0.0012726096902042627, 0.894287109375], [0.006147539708763361, -0.00695969071239233, -0.9999568462371826, 1.5046629905700684], [0.5530346035957336, -0.8331074714660645, 0.00919837225228548, -1.15716552734375], [0.0, 0.0, 0.0, 1.0]], [[0.9477370977401733, 0.31904831528663635, 0.0015818894607946277, -1.136474609375], [0.014336621388792992, -0.03763299062848091, -0.9991887807846069, 1.5886449813842773], [-0.3187299072742462, 0.9469910264015198, -0.04024025797843933, -0.105712890625], [0.0, 0.0, 0.0, 1.0]], [[0.0026338398456573486, 0.9996175169944763, -0.02753094583749771, 0.0030364990234375], [-0.010894982144236565, -0.02750071883201599, -0.9995624423027039, 1.578664779663086], [-0.999937117099762, 0.0029326346702873707, 0.010818383656442165, -0.0618896484375], [0.0, 0.0, 0.0, 1.0]], [[-0.9345647096633911, 0.354930579662323, -0.024759795516729355, 1.0230712890625], [0.021903876215219498, -0.012062827125191689, -0.9996873140335083, 1.5541000366210938], [-0.3551183044910431, -0.9348148107528687, 0.0034991358406841755, -0.1065673828125], [0.0, 0.0, 0.0, 1.0]]], "view": [[0.0, -2.0, 100.0], [-2.0, 0.0, 100.0], [0.0, 0.0, 1.0]], "bev": "bev_0744a7e052bb4d008837e7344628b08b.png", "aux": "aux_0744a7e052bb4d008837e7344628b08b.npz", "visibility": "visibility_0744a7e052bb4d008837e7344628b08b.png", "pose": [[0.47088202834129333, -0.8821961879730225, 0.0, 494.854248046875], [0.8821961879730225, 0.47088202834129333, 0.0, 1372.556396484375], [0.0, 0.0, 1.0, 0.0], [0.0, 0.0, 0.0, 1.0]], "pose_inverse": [[0.47088202834129333, 0.8821961879730225, 0.0, -1443.8819580078125], [-0.8821961879730225, 0.47088202834129333, 0.0, -209.7535858154297], [0.0, 0.0, 1.0, 0.0], [0.0, 0.0, 0.0, 1.0]], "cam_ids": [0, 1, 2, 3, 4, 5], "cam_channels": ["CAM_FRONT_LEFT", "CAM_FRONT", "CAM_FRONT_RIGHT", "CAM_BACK_LEFT", "CAM_BACK", "CAM_BACK_RIGHT"], "token": "0744a7e052bb4d008837e7344628b08b", "scene": "scene-0005"}, {"images": ["samples/CAM_FRONT_LEFT/n015-2018-07-18-11-18-34+0800__CAM_FRONT_LEFT__1531884107004844.jpg", "samples/CAM_FRONT/n015-2018-07-18-11-18-34+0800__CAM_FRONT__1531884107012476.jpg", "samples/CAM_FRONT_RIGHT/n015-2018-07-18-11-18-34+0800__CAM_FRONT_RIGHT__1531884107020339.jpg", "samples/CAM_BACK_LEFT/n015-2018-07-18-11-18-34+0800__CAM_BACK_LEFT__1531884107047423.jpg", "samples/CAM_BACK/n015-2018-07-18-11-18-34+0800__CAM_BACK__1531884107037525.jpg", "samples/CAM_BACK_RIGHT/n015-2018-07-18-11-18-34+0800__CAM_BACK_RIGHT__1531884107028168.jpg"], "intrinsics": [[[1272.5979470598488, 0.0, 826.6154927353808], [0.0, 1272.5979470598488, 479.75165386361925], [0.0, 0.0, 1.0]], [[1266.417203046554, 0.0, 816.2670197447984], [0.0, 1266.417203046554, 491.50706579294757], [0.0, 0.0, 1.0]], [[1260.8474446004698, 0.0, 807.968244525554], [0.0, 1260.8474446004698, 495.3344268742088], [0.0, 0.0, 1.0]], [[1256.7414812095406, 0.0, 792.1125740759628], [0.0, 1256.7414812095406, 492.7757465151356], [0.0, 0.0, 1.0]], [[809.2209905677063, 0.0, 829.2196003259838], [0.0, 809.2209905677063, 481.77842384512485], [0.0, 0.0, 1.0]], [[1259.5137405846733, 0.0, 807.2529053838625], [0.0, 1259.5137405846733, 501.19579884916527], [0.0, 0.0, 1.0]]], "extrinsics": [[[0.8194937109947205, -0.5728456974029541, 0.016670266166329384, -0.768798828125], [0.006448204629123211, -0.019869862124323845, -0.9997817873954773, 1.5098061561584473], [0.573051929473877, 0.8194224238395691, -0.012589401565492153, -1.14404296875], [0.0, 0.0, 0.0, 1.0]], [[0.003845271421596408, -0.9997050166130066, 0.023980334401130676, 0.0064544677734375], [0.0011314927833154798, -0.023976147174835205, -0.9997119307518005, 1.5207712650299072], [0.9999920129776001, 0.003871333785355091, 0.0010389633243903518, -1.495361328125], [0.0, 0.0, 0.0, 1.0]], [[-0.8336531519889832, -0.5522851347923279, -0.001869021449238062, 0.9049072265625], [0.006769087165594101, -0.006833672057837248, -0.9999536871910095, 1.504683494567871], [0.5522468090057373, -0.8336272835731506, 0.009435380809009075, -1.1636962890625], [0.0, 0.0, 0.0, 1.0]], [[0.9477433562278748, 0.3190222382545471, 0.002705157268792391, -1.1387939453125], [0.015460854396224022, -0.03745816648006439, -0.9991785287857056, 1.5886106491088867], [-0.3186587989330292, 0.9470067024230957, -0.04043308272957802, -0.104827880859375], [0.0, 0.0, 0.0, 1.0]], [[0.0030217573512345552, 0.9996210932731628, -0.027363639324903488, 0.002899169921875], [-0.009990489110350609, -0.02733222208917141, -0.9995765089988708, 1.578775405883789], [-0.9999455809593201, 0.0032937892246991396, 0.009904110804200172, -0.056640625], [0.0, 0.0, 0.0, 1.0]], [[-0.9343051910400391, 0.3555683493614197, -0.025398679077625275, 1.0333251953125], [0.02263876050710678, -0.01192135363817215, -0.9996726512908936, 1.5539436340332031], [-0.35575467348098755, -0.9345743656158447, 0.003088557394221425, -0.1025390625], [0.0, 0.0, 0.0, 1.0]]], "view": [[0.0, -2.0, 100.0], [-2.0, 0.0, 100.0], [0.0, 0.0, 1.0]], "bev": "bev_3477ca40271d4002aa9a0330b98a2faa.png", "aux": "aux_3477ca40271d4002aa9a0330b98a2faa.npz", "visibility": "visibility_3477ca40271d4002aa9a0330b98a2faa.png", "pose": [[0.45695850253105164, -0.8894880414009094, 0.0, 496.1789245605469], [0.8894880414009094, 0.45695850253105164, 0.0, 1375.06201171875], [0.0, 0.0, 1.0, 0.0], [0.0, 0.0, 0.0, 1.0]], "pose_inverse": [[0.45695850253105164, 0.8894880414009094, 0.0, -1449.8343505859375], [-0.8894880414009094, 0.45695850253105164, 0.0, -187.00106811523438], [0.0, 0.0, 1.0, 0.0], [0.0, 0.0, 0.0, 1.0]], "cam_ids": [0, 1, 2, 3, 4, 5], "cam_channels": ["CAM_FRONT_LEFT", "CAM_FRONT", "CAM_FRONT_RIGHT", "CAM_BACK_LEFT", "CAM_BACK", "CAM_BACK_RIGHT"], "token": "3477ca40271d4002aa9a0330b98a2faa", "scene": "scene-0005"}, {"images": ["samples/CAM_FRONT_LEFT/n015-2018-07-18-11-18-34+0800__CAM_FRONT_LEFT__1531884107504844.jpg", "samples/CAM_FRONT/n015-2018-07-18-11-18-34+0800__CAM_FRONT__1531884107512465.jpg", "samples/CAM_FRONT_RIGHT/n015-2018-07-18-11-18-34+0800__CAM_FRONT_RIGHT__1531884107520339.jpg", "samples/CAM_BACK_LEFT/n015-2018-07-18-11-18-34+0800__CAM_BACK_LEFT__1531884107547423.jpg", "samples/CAM_BACK/n015-2018-07-18-11-18-34+0800__CAM_BACK__1531884107537525.jpg", "samples/CAM_BACK_RIGHT/n015-2018-07-18-11-18-34+0800__CAM_BACK_RIGHT__1531884107527893.jpg"], "intrinsics": [[[1272.5979470598488, 0.0, 826.6154927353808], [0.0, 1272.5979470598488, 479.75165386361925], [0.0, 0.0, 1.0]], [[1266.417203046554, 0.0, 816.2670197447984], [0.0, 1266.417203046554, 491.50706579294757], [0.0, 0.0, 1.0]], [[1260.8474446004698, 0.0, 807.968244525554], [0.0, 1260.8474446004698, 495.3344268742088], [0.0, 0.0, 1.0]], [[1256.7414812095406, 0.0, 792.1125740759628], [0.0, 1256.7414812095406, 492.7757465151356], [0.0, 0.0, 1.0]], [[809.2209905677063, 0.0, 829.2196003259838], [0.0, 809.2209905677063, 481.77842384512485], [0.0, 0.0, 1.0]], [[1259.5137405846733, 0.0, 807.2529053838625], [0.0, 1259.5137405846733, 501.19579884916527], [0.0, 0.0, 1.0]]], "extrinsics": [[[0.8193075656890869, -0.5730225443840027, 0.019501185044646263, -0.774658203125], [0.009291949681937695, -0.020737726241350174, -0.9997417330741882, 1.510416030883789], [0.5732789635658264, 0.8192772269248962, -0.01166608091443777, -1.147705078125], [0.0, 0.0, 0.0, 1.0]], [[0.0035916261840611696, -0.9996868371963501, 0.02476699836552143, 0.006195068359375], [0.003954391926527023, -0.024752767756581306, -0.9996858239173889, 1.5212990045547485], [0.9999857544898987, 0.0036884136497974396, 0.0038642508443444967, -1.501220703125], [0.0, 0.0, 0.0, 1.0]], [[-0.8337180018424988, -0.5521771311759949, -0.003832331858575344, 0.90869140625], [0.009574782103300095, -0.007516826037317514, -0.9999258518218994, 1.5050687789916992], [0.5521073937416077, -0.8336929678916931, 0.011553891003131866, -1.16650390625], [0.0, 0.0, 0.0, 1.0]], [[0.9477611184120178, 0.31893929839134216, 0.0051491353660821915, -1.13916015625], [0.01810978353023529, -0.037684645503759384, -0.9991255402565002, 1.588613510131836], [-0.3184663653373718, 0.9470256567001343, -0.04149196669459343, -0.104705810546875], [0.0, 0.0, 0.0, 1.0]], [[0.003141640452668071, 0.9996098875999451, -0.027753423899412155, 0.0029449462890625], [-0.007268478628247976, -0.027729999274015427, -0.9995890259742737, 1.5789470672607422], [-0.9999687075614929, 0.0033420410472899675, 0.007178525440394878, -0.0545654296875], [0.0, 0.0, 0.0, 1.0]], [[-0.93419349193573, 0.3556510806083679, -0.02819124422967434, 1.0352783203125], [0.025410661473870277, -0.012488269247114658, -0.9995990991592407, 1.5541954040527344], [-0.3558606207370758, -0.9345353841781616, 0.0026291292160749435, -0.10205078125], [0.0, 0.0, 0.0, 1.0]]], "view": [[0.0, -2.0, 100.0], [-2.0, 0.0, 100.0], [0.0, 0.0, 1.0]], "bev": "bev_e98c37beff2b4b5bae2b01fc3a9d9e52.png", "aux": "aux_e98c37beff2b4b5bae2b01fc3a9d9e52.npz", "visibility": "visibility_e98c37beff2b4b5bae2b01fc3a9d9e52.png", "pose": [[0.4390279948711395, -0.8984733819961548, 0.0, 497.4369812011719], [0.8984733819961548, 0.4390279948711395, 0.0, 1377.552490234375], [0.0, 0.0, 1.0, 0.0], [0.0, 0.0, 0.0, 1.0]], "pose_inverse": [[0.4390279948711395, 0.8984733819961548, 0.0, -1456.0830078125], [-0.8984733819961548, 0.4390279948711395, 0.0, -157.8502197265625], [0.0, 0.0, 1.0, 0.0], [0.0, 0.0, 0.0, 1.0]], "cam_ids": [0, 1, 2, 3, 4, 5], "cam_channels": ["CAM_FRONT_LEFT", "CAM_FRONT", "CAM_FRONT_RIGHT", "CAM_BACK_LEFT", "CAM_BACK", "CAM_BACK_RIGHT"], "token": "e98c37beff2b4b5bae2b01fc3a9d9e52", "scene": "scene-0005"}, {"images": ["samples/CAM_FRONT_LEFT/n015-2018-07-18-11-18-34+0800__CAM_FRONT_LEFT__1531884108004844.jpg", "samples/CAM_FRONT/n015-2018-07-18-11-18-34+0800__CAM_FRONT__1531884108012465.jpg", "samples/CAM_FRONT_RIGHT/n015-2018-07-18-11-18-34+0800__CAM_FRONT_RIGHT__1531884108020339.jpg", "samples/CAM_BACK_LEFT/n015-2018-07-18-11-18-34+0800__CAM_BACK_LEFT__1531884108047423.jpg", "samples/CAM_BACK/n015-2018-07-18-11-18-34+0800__CAM_BACK__1531884108037525.jpg", "samples/CAM_BACK_RIGHT/n015-2018-07-18-11-18-34+0800__CAM_BACK_RIGHT__1531884108027893.jpg"], "intrinsics": [[[1272.5979470598488, 0.0, 826.6154927353808], [0.0, 1272.5979470598488, 479.75165386361925], [0.0, 0.0, 1.0]], [[1266.417203046554, 0.0, 816.2670197447984], [0.0, 1266.417203046554, 491.50706579294757], [0.0, 0.0, 1.0]], [[1260.8474446004698, 0.0, 807.968244525554], [0.0, 1260.8474446004698, 495.3344268742088], [0.0, 0.0, 1.0]], [[1256.7414812095406, 0.0, 792.1125740759628], [0.0, 1256.7414812095406, 492.7757465151356], [0.0, 0.0, 1.0]], [[809.2209905677063, 0.0, 829.2196003259838], [0.0, 809.2209905677063, 481.77842384512485], [0.0, 0.0, 1.0]], [[1259.5137405846733, 0.0, 807.2529053838625], [0.0, 1259.5137405846733, 501.19579884916527], [0.0, 0.0, 1.0]]], "extrinsics": [[[0.8195799589157104, -0.5726064443588257, 0.02026084065437317, -0.77001953125], [0.008678014390170574, -0.02295191027224064, -0.9996989369392395, 1.510361671447754], [0.5728990435600281, 0.8195090293884277, -0.01384184043854475, -1.1473388671875], [0.0, 0.0, 0.0, 1.0]], [[0.0039685736410319805, -0.9996265172958374, 0.027040323242545128, 0.008209228515625], [0.0033900609705597162, -0.027026936411857605, -0.9996289610862732, 1.5212568044662476], [0.9999863505363464, 0.0040587130934000015, 0.003281537676230073, -1.49755859375], [0.0, 0.0, 0.0, 1.0]], [[-0.8335719108581543, -0.5524069666862488, -0.0021065555047243834, 0.9066162109375], [0.009055035188794136, -0.009850808419287205, -0.9999104142189026, 1.5050373077392578], [0.5523367524147034, -0.8335163593292236, 0.01321342308074236, -1.16326904296875], [0.0, 0.0, 0.0, 1.0]], [[0.9477356672286987, 0.3190324604511261, 0.003912557382136583, -1.13720703125], [0.017701687291264534, -0.04033370688557625, -0.9990294575691223, 1.588653564453125], [-0.3185650110244751, 0.9468852281570435, -0.04387310519814491, -0.105499267578125], [0.0, 0.0, 0.0, 1.0]], [[0.0030422043055295944, 0.9995369911193848, -0.030274782329797745, 0.0023651123046875], [-0.007710211910307407, -0.03025057725608349, -0.9995126128196716, 1.57891845703125], [-0.9999657273292542, 0.0032741092145442963, 0.007614612579345703, -0.057373046875], [0.0, 0.0, 0.0, 1.0]], [[-0.9342734813690186, 0.35540804266929626, -0.028601545840501785, 1.031982421875], [0.024934623390436172, -0.014894774183630943, -0.9995781183242798, 1.5542411804199219], [-0.35568416118621826, -0.934592604637146, 0.0050538270734250546, -0.1021728515625], [0.0, 0.0, 0.0, 1.0]]], "view": [[0.0, -2.0, 100.0], [-2.0, 0.0, 100.0], [0.0, 0.0, 1.0]], "bev": "bev_c6ae5f75e4dc4a26a231af23d78666ea.png", "aux": "aux_c6ae5f75e4dc4a26a231af23d78666ea.npz", "visibility": "visibility_c6ae5f75e4dc4a26a231af23d78666ea.png", "pose": [[0.4189920425415039, -0.9079899191856384, 0.0, 498.6017761230469], [0.9079899191856384, 0.4189920425415039, 0.0, 1379.9661865234375], [0.0, 0.0, 1.0, 0.0], [0.0, 0.0, 0.0, 1.0]], "pose_inverse": [[0.4189920425415039, 0.9079899191856384, 0.0, -1461.905517578125], [-0.9079899191856384, 0.4189920425415039, 0.0, -125.46946716308594], [0.0, 0.0, 1.0, 0.0], [0.0, 0.0, 0.0, 1.0]], "cam_ids": [0, 1, 2, 3, 4, 5], "cam_channels": ["CAM_FRONT_LEFT", "CAM_FRONT", "CAM_FRONT_RIGHT", "CAM_BACK_LEFT", "CAM_BACK", "CAM_BACK_RIGHT"], "token": "c6ae5f75e4dc4a26a231af23d78666ea", "scene": "scene-0005"}, {"images": ["samples/CAM_FRONT_LEFT/n015-2018-07-18-11-18-34+0800__CAM_FRONT_LEFT__1531884108504844.jpg", "samples/CAM_FRONT/n015-2018-07-18-11-18-34+0800__CAM_FRONT__1531884108512463.jpg", "samples/CAM_FRONT_RIGHT/n015-2018-07-18-11-18-34+0800__CAM_FRONT_RIGHT__1531884108520339.jpg", "samples/CAM_BACK_LEFT/n015-2018-07-18-11-18-34+0800__CAM_BACK_LEFT__1531884108547893.jpg", "samples/CAM_BACK/n015-2018-07-18-11-18-34+0800__CAM_BACK__1531884108537525.jpg", "samples/CAM_BACK_RIGHT/n015-2018-07-18-11-18-34+0800__CAM_BACK_RIGHT__1531884108527893.jpg"], "intrinsics": [[[1272.5979470598488, 0.0, 826.6154927353808], [0.0, 1272.5979470598488, 479.75165386361925], [0.0, 0.0, 1.0]], [[1266.417203046554, 0.0, 816.2670197447984], [0.0, 1266.417203046554, 491.50706579294757], [0.0, 0.0, 1.0]], [[1260.8474446004698, 0.0, 807.968244525554], [0.0, 1260.8474446004698, 495.3344268742088], [0.0, 0.0, 1.0]], [[1256.7414812095406, 0.0, 792.1125740759628], [0.0, 1256.7414812095406, 492.7757465151356], [0.0, 0.0, 1.0]], [[809.2209905677063, 0.0, 829.2196003259838], [0.0, 809.2209905677063, 481.77842384512485], [0.0, 0.0, 1.0]], [[1259.5137405846733, 0.0, 807.2529053838625], [0.0, 1259.5137405846733, 501.19579884916527], [0.0, 0.0, 1.0]]], "extrinsics": [[[0.8190668225288391, -0.5732039213180542, 0.023805150762200356, -0.767822265625], [0.011357882060110569, -0.025284437462687492, -0.9996157288551331, 1.5110092163085938], [0.573585569858551, 0.819022536277771, -0.01419926155358553, -1.1441650390625], [0.0, 0.0, 0.0, 1.0]], [[0.0032297554425895214, -0.9995591044425964, 0.029515935108065605, 0.00699615478515625], [0.006177354138344526, -0.029495587572455406, -0.9995458126068115, 1.5217947959899902], [0.9999756813049316, 0.003410616423934698, 0.006079366896301508, -1.4945068359375], [0.0, 0.0, 0.0, 1.0]], [[-0.8338530659675598, -0.551977813243866, -0.003097289241850376, 0.9034423828125], [0.011966757476329803, -0.012467334046959877, -0.9998506307601929, 1.5055131912231445], [0.5518567562103271, -0.8337655663490295, 0.017001308500766754, -1.16229248046875], [0.0, 0.0, 0.0, 1.0]], [[0.9477404952049255, 0.3189816176891327, 0.006215905770659447, -1.1370849609375], [0.021077081561088562, -0.04315882548689842, -0.9988458156585693, 1.5886707305908203], [-0.31834518909454346, 0.9467777609825134, -0.047626569867134094, -0.105438232421875], [0.0, 0.0, 0.0, 1.0]], [[0.0033666188828647137, 0.9994466304779053, -0.0330953486263752, 0.0027008056640625], [-0.004541327245533466, -0.03307991474866867, -0.9994423985481262, 1.5790863037109375], [-0.9999840259552002, 0.00351505633443594, 0.004427445586770773, -0.059814453125], [0.0, 0.0, 0.0, 1.0]], [[-0.9340421557426453, 0.3556906282901764, -0.032394446432590485, 1.029541015625], [0.027943957597017288, -0.017644310370087624, -0.9994537830352783, 1.5546455383300781], [-0.35606780648231506, -0.9344372749328613, 0.006541128735989332, -0.10357666015625], [0.0, 0.0, 0.0, 1.0]]], "view": [[0.0, -2.0, 100.0], [-2.0, 0.0, 100.0], [0.0, 0.0, 1.0]], "bev": "bev_9f7b9f0c30174ff1979dc38f5ae92766.png", "aux": "aux_9f7b9f0c30174ff1979dc38f5ae92766.npz", "visibility": "visibility_9f7b9f0c30174ff1979dc38f5ae92766.png", "pose": [[0.3942294418811798, -0.9190120697021484, 0.0, 499.7101745605469], [0.9190120697021484, 0.3942294418811798, 0.0, 1382.4384765625], [0.0, 0.0, 1.0, 0.0], [0.0, 0.0, 0.0, 1.0]], "pose_inverse": [[0.3942294418811798, 0.9190120697021484, 0.0, -1467.47802734375], [-0.9190120697021484, 0.3942294418811798, 0.0, -85.75829315185547], [0.0, 0.0, 1.0, 0.0], [0.0, 0.0, 0.0, 1.0]], "cam_ids": [0, 1, 2, 3, 4, 5], "cam_channels": ["CAM_FRONT_LEFT", "CAM_FRONT", "CAM_FRONT_RIGHT", "CAM_BACK_LEFT", "CAM_BACK", "CAM_BACK_RIGHT"], "token": "9f7b9f0c30174ff1979dc38f5ae92766", "scene": "scene-0005"}, {"images": ["samples/CAM_FRONT_LEFT/n015-2018-07-18-11-18-34+0800__CAM_FRONT_LEFT__1531884109004844.jpg", "samples/CAM_FRONT/n015-2018-07-18-11-18-34+0800__CAM_FRONT__1531884109012467.jpg", "samples/CAM_FRONT_RIGHT/n015-2018-07-18-11-18-34+0800__CAM_FRONT_RIGHT__1531884109020339.jpg", "samples/CAM_BACK_LEFT/n015-2018-07-18-11-18-34+0800__CAM_BACK_LEFT__1531884109047423.jpg", "samples/CAM_BACK/n015-2018-07-18-11-18-34+0800__CAM_BACK__1531884109037525.jpg", "samples/CAM_BACK_RIGHT/n015-2018-07-18-11-18-34+0800__CAM_BACK_RIGHT__1531884109027893.jpg"], "intrinsics": [[[1272.5979470598488, 0.0, 826.6154927353808], [0.0, 1272.5979470598488, 479.75165386361925], [0.0, 0.0, 1.0]], [[1266.417203046554, 0.0, 816.2670197447984], [0.0, 1266.417203046554, 491.50706579294757], [0.0, 0.0, 1.0]], [[1260.8474446004698, 0.0, 807.968244525554], [0.0, 1260.8474446004698, 495.3344268742088], [0.0, 0.0, 1.0]], [[1256.7414812095406, 0.0, 792.1125740759628], [0.0, 1256.7414812095406, 492.7757465151356], [0.0, 0.0, 1.0]], [[809.2209905677063, 0.0, 829.2196003259838], [0.0, 809.2209905677063, 481.77842384512485], [0.0, 0.0, 1.0]], [[1259.5137405846733, 0.0, 807.2529053838625], [0.0, 1259.5137405846733, 501.19579884916527], [0.0, 0.0, 1.0]]], "extrinsics": [[[0.8190674185752869, -0.5732229351997375, 0.02332216128706932, -0.767822265625], [0.010871009901165962, -0.02513737976551056, -0.9996249079704285, 1.5109214782714844], [0.5735942125320435, 0.8190138339996338, -0.014357698149979115, -1.14581298828125], [0.0, 0.0, 0.0, 1.0]], [[0.003226930508390069, -0.9995657801628113, 0.02928585559129715, 0.0082244873046875], [0.005491395015269518, -0.029267853125929832, -0.9995565414428711, 1.5216937065124512], [0.9999796152114868, 0.0033863054122775793, 0.005394565407186747, -1.4945068359375], [0.0, 0.0, 0.0, 1.0]], [[-0.8338707685470581, -0.5519537925720215, -0.0025252397172152996, 0.9036865234375], [0.01107490062713623, -0.012157062999904156, -0.9998647570610046, 1.5053901672363281], [0.5518484711647034, -0.8337860107421875, 0.016250254586338997, -1.16131591796875], [0.0, 0.0, 0.0, 1.0]], [[0.9477514624595642, 0.3189733624458313, 0.004799743182957172, -1.1326904296875], [0.019439412280917168, -0.04272858425974846, -0.9988975524902344, 1.5887718200683594], [-0.31841668486595154, 0.9467999339103699, -0.0466967336833477, -0.1072998046875], [0.0, 0.0, 0.0, 1.0]], [[0.00335906189866364, 0.9994608163833