[{"images": ["samples/CAM_FRONT_LEFT/n008-2018-09-18-12-53-31-0400__CAM_FRONT_LEFT__1537289731504799.jpg", "samples/CAM_FRONT/n008-2018-09-18-12-53-31-0400__CAM_FRONT__1537289731512404.jpg", "samples/CAM_FRONT_RIGHT/n008-2018-09-18-12-53-31-0400__CAM_FRONT_RIGHT__1537289731520482.jpg", "samples/CAM_BACK_LEFT/n008-2018-09-18-12-53-31-0400__CAM_BACK_LEFT__1537289731547405.jpg", "samples/CAM_BACK/n008-2018-09-18-12-53-31-0400__CAM_BACK__1537289731537558.jpg", "samples/CAM_BACK_RIGHT/n008-2018-09-18-12-53-31-0400__CAM_BACK_RIGHT__1537289731528113.jpg"], "intrinsics": [[[1257.8625342125129, 0.0, 827.2410631095686], [0.0, 1257.8625342125129, 450.915498205774], [0.0, 0.0, 1.0]], [[1252.8131021185304, 0.0, 826.588114781398], [0.0, 1252.8131021185304, 469.9846626224581], [0.0, 0.0, 1.0]], [[1256.7485116440405, 0.0, 817.7887570959712], [0.0, 1256.7485116440403, 451.9541780095127], [0.0, 0.0, 1.0]], [[1254.9860565800168, 0.0, 829.5769333630991], [0.0, 1254.9860565800168, 467.1680561863987], [0.0, 0.0, 1.0]], [[796.8910634503094, 0.0, 857.7774326863696], [0.0, 796.8910634503094, 476.8848988407415], [0.0, 0.0, 1.0]], [[1249.9629280788233, 0.0, 825.3768045375984], [0.0, 1249.9629280788233, 462.54816385708756], [0.0, 0.0, 1.0]]], "extrinsics": [[[0.8305253982543945, -0.5569682121276855, 0.003750086296349764, -0.8534774780273438], [-0.0006179095362313092, -0.0076542324386537075, -0.9999704957008362, 1.4881820678710938], [0.5569804310798645, 0.8304986357688904, -0.006701191887259483, -1.23095703125], [0.0, 0.0, 0.0, 1.0]], [[0.02198260836303234, -0.9996913075447083, 0.011579997837543488, 0.008544921875], [0.0012244422687217593, -0.011555864475667477, -0.9999324679374695, 1.4803485870361328], [0.9997575879096985, 0.021995261311531067, 0.0009700370137579739, -1.5841064453125], [0.0, 0.0, 0.0, 1.0]], [[-0.8391010165214539, -0.5439662337303162, 0.0031920778565108776, 0.9927978515625], [0.009145633317530155, -0.019974438473582268, -0.9997586607933044, 1.4941425323486328], [0.5438987016677856, -0.8388693332672119, 0.02173548750579357, -1.2139892578125], [0.0, 0.0, 0.0, 1.0]], [[0.9476219415664673, 0.31890639662742615, -0.0176442451775074, -1.13623046875], [-0.017349079251289368, -0.00376629619859159, -0.9998424053192139, 1.5619010925292969], [-0.31892263889312744, 0.9477787017822266, 0.0019637090153992176, -0.15869140625], [0.0, 0.0, 0.0, 1.0]], [[0.005564210936427116, 0.9999138116836548, -0.011892201378941536, -0.02880859375], [-0.014750362373888493, -0.01180901937186718, -0.9998214244842529, 1.5673675537109375], [-0.9998756647109985, 0.005738663487136364, 0.014683381654322147, -0.0030517578125], [0.0, 0.0, 0.0, 1.0]], [[-0.9262904524803162, 0.37678974866867065, -0.003943305928260088, 1.081787109375], [-0.009956912137567997, -0.03493645042181015, -0.9993399381637573, 1.5469741821289062], [-0.37667882442474365, -0.9256396889686584, 0.036112960427999496, -0.0755615234375], [0.0, 0.0, 0.0, 1.0]]], "view": [[0.0, -2.0, 100.0], [-2.0, 0.0, 100.0], [0.0, 0.0, 1.0]], "bev": "bev_0e9346a2eaaa4613814db5d3f3e3aa99.png", "aux": "aux_0e9346a2eaaa4613814db5d3f3e3aa99.npz", "visibility": "visibility_0e9346a2eaaa4613814db5d3f3e3aa99.png", "pose": [[-0.8518446087837219, -0.5237945914268494, 0.0, 1944.4241943359375], [0.5237945914268494, -0.8518446087837219, 0.0, 789.4380493164062], [0.0, 0.0, 1.0, 0.0], [0.0, 0.0, 0.0, 1.0]], "pose_inverse": [[-0.8518446087837219, 0.5237945914268494, 0.0, 1242.8438720703125], [-0.5237945914268494, -0.8518446087837219, 0.0, 1690.9573974609375], [0.0, 0.0, 1.0, 0.0], [0.0, 0.0, 0.0, 1.0]], "cam_ids": [0, 1, 2, 3, 4, 5], "cam_channels": ["CAM_FRONT_LEFT", "CAM_FRONT", "CAM_FRONT_RIGHT", "CAM_BACK_LEFT", "CAM_BACK", "CAM_BACK_RIGHT"], "token": "0e9346a2eaaa4613814db5d3f3e3aa99", "scene": "scene-0457"}, {"images": ["samples/CAM_FRONT_LEFT/n008-2018-09-18-12-53-31-0400__CAM_FRONT_LEFT__1537289732004799.jpg", "samples/CAM_FRONT/n008-2018-09-18-12-53-31-0400__CAM_FRONT__1537289732012404.jpg", "samples/CAM_FRONT_RIGHT/n008-2018-09-18-12-53-31-0400__CAM_FRONT_RIGHT__1537289732020482.jpg", "samples/CAM_BACK_LEFT/n008-2018-09-18-12-53-31-0400__CAM_BACK_LEFT__1537289732047405.jpg", "samples/CAM_BACK/n008-2018-09-18-12-53-31-0400__CAM_BACK__1537289732037558.jpg", "samples/CAM_BACK_RIGHT/n008-2018-09-18-12-53-31-0400__CAM_BACK_RIGHT__1537289732028113.jpg"], "intrinsics": [[[1257.8625342125129, 0.0, 827.2410631095686], [0.0, 1257.8625342125129, 450.915498205774], [0.0, 0.0, 1.0]], [[1252.8131021185304, 0.0, 826.588114781398], [0.0, 1252.8131021185304, 469.9846626224581], [0.0, 0.0, 1.0]], [[1256.7485116440405, 0.0, 817.7887570959712], [0.0, 1256.7485116440403, 451.9541780095127], [0.0, 0.0, 1.0]], [[1254.9860565800168, 0.0, 829.5769333630991], [0.0, 1254.9860565800168, 467.1680561863987], [0.0, 0.0, 1.0]], [[796.8910634503094, 0.0, 857.7774326863696], [0.0, 796.8910634503094, 476.8848988407415], [0.0, 0.0, 1.0]], [[1249.9629280788233, 0.0, 825.3768045375984], [0.0, 1249.9629280788233, 462.54816385708756], [0.0, 0.0, 1.0]]], "extrinsics": [[[0.8313310742378235, -0.5557194948196411, 0.008032896555960178, -0.851318359375], [0.010354271158576012, 0.0010353534016758204, -0.9999458193778992, 1.4902124404907227], [0.5556811094284058, 0.8313692212104797, 0.006614792160689831, -1.230712890625], [0.0, 0.0, 0.0, 1.0]], [[0.02329878881573677, -0.9997217655181885, 0.0036897799000144005, 0.009765625], [0.012347267009317875, -0.0034027481451630592, -0.9999179840087891, 1.4820551872253418], [0.9996523857116699, 0.02334243804216385, 0.012264550663530827, -1.58209228515625], [0.0, 0.0, 0.0, 1.0]], [[-0.8383896350860596, -0.5449724793434143, -0.01037907600402832, 0.99169921875], [0.020427647978067398, -0.012386337853968143, -0.9997145533561707, 1.4955153465270996], [0.5446884632110596, -0.838362455368042, 0.021517084911465645, -1.211669921875], [0.0, 0.0, 0.0, 1.0]], [[0.9477319121360779, 0.31903308629989624, -0.00470685726031661, -1.138671875], [-0.005576825700700283, 0.00181347387842834, -0.9999828338623047, 1.5620125532150269], [-0.3190191388130188, 0.9477418065071106, 0.003497879020869732, -0.1583251953125], [0.0, 0.0, 0.0, 1.0]], [[0.005144530441612005, 0.9999715685844421, -0.005517098121345043, -0.030029296875], [-0.003150218864902854, -0.0055009364150464535, -0.9999798536300659, 1.567917823791504], [-0.9999817609786987, 0.005161779932677746, 0.0031218307558447123, -0.00225830078125], [0.0, 0.0, 0.0, 1.0]], [[-0.9265733361244202, 0.3759303092956543, -0.011755913496017456, 1.0796966552734375], [0.0013563089305534959, -0.027916353195905685, -0.9996093511581421, 1.5479736328125], [-0.3761116564273834, -0.9262273907661438, 0.02535667084157467, -0.074951171875], [0.0, 0.0, 0.0, 1.0]]], "view": [[0.0, -2.0, 100.0], [-2.0, 0.0, 100.0], [0.0, 0.0, 1.0]], "bev": "bev_b7e454481d8e465ab6481bb6b30d4da6.png", "aux": "aux_b7e454481d8e465ab6481bb6b30d4da6.npz", "visibility": "visibility_b7e454481d8e465ab6481bb6b30d4da6.png", "pose": [[-0.7480164170265198, -0.6636802554130554, 0.0, 1942.7154541015625], [0.6636802554130554, -0.7480164170265198, 0.0, 790.7003784179688], [0.0, 0.0, 1.0, 0.0], [0.0, 0.0, 0.0, 1.0]], "pose_inverse": [[-0.7480164170265198, 0.6636802554130554, 0.0, 928.4107666015625], [-0.6636802554130554, -0.7480164170265198, 0.0, 1880.7987060546875], [0.0, 0.0, 1.0, 0.0], [0.0, 0.0, 0.0, 1.0]], "cam_ids": [0, 1, 2, 3, 4, 5], "cam_channels": ["CAM_FRONT_LEFT", "CAM_FRONT", "CAM_FRONT_RIGHT", "CAM_BACK_LEFT", "CAM_BACK", "CAM_BACK_RIGHT"], "token": "b7e454481d8e465ab6481bb6b30d4da6", "scene": "scene-0457"}, {"images": ["samples/CAM_FRONT_LEFT/n008-2018-09-18-12-53-31-0400__CAM_FRONT_LEFT__1537289732504799.jpg", "samples/CAM_FRONT/n008-2018-09-18-12-53-31-0400__CAM_FRONT__1537289732512404.jpg", "samples/CAM_FRONT_RIGHT/n008-2018-09-18-12-53-31-0400__CAM_FRONT_RIGHT__1537289732520482.jpg", "samples/CAM_BACK_LEFT/n008-2018-09-18-12-53-31-0400__CAM_BACK_LEFT__1537289732547405.jpg", "samples/CAM_BACK/n008-2018-09-18-12-53-31-0400__CAM_BACK__1537289732537558.jpg", "samples/CAM_BACK_RIGHT/n008-2018-09-18-12-53-31-0400__CAM_BACK_RIGHT__1537289732528113.jpg"], "intrinsics": [[[1257.8625342125129, 0.0, 827.2410631095686], [0.0, 1257.8625342125129, 450.915498205774], [0.0, 0.0, 1.0]], [[1252.8131021185304, 0.0, 826.588114781398], [0.0, 1252.8131021185304, 469.9846626224581], [0.0, 0.0, 1.0]], [[1256.7485116440405, 0.0, 817.7887570959712], [0.0, 1256.7485116440403, 451.9541780095127], [0.0, 0.0, 1.0]], [[1254.9860565800168, 0.0, 829.5769333630991], [0.0, 1254.9860565800168, 467.1680561863987], [0.0, 0.0, 1.0]], [[796.8910634503094, 0.0, 857.7774326863696], [0.0, 796.8910634503094, 476.8848988407415], [0.0, 0.0, 1.0]], [[1249.9629280788233, 0.0, 825.3768045375984], [0.0, 1249.9629280788233, 462.54816385708756], [0.0, 0.0, 1.0]]], "extrinsics": [[[0.8324151635169983, -0.5541347861289978, -0.004442804958671331, -0.84423828125], [-0.0010681288549676538, 0.006412853486835957, -0.9999788403511047, 1.4880914688110352], [0.5541514754295349, 0.8324022889137268, 0.0047462680377066135, -1.225830078125], [0.0, 0.0, 0.0, 1.0]], [[0.0249484870582819, -0.9996849298477173, -0.0027476269751787186, 0.0096435546875], [0.0007573047187179327, 0.0027673812583088875, -0.9999958872795105, 1.48028564453125], [0.9996885061264038, 0.024946318939328194, 0.0008261082693934441, -1.57470703125], [0.0, 0.0, 0.0, 1.0]], [[-0.8377370834350586, -0.5460566878318787, -0.004338436760008335, 0.9859619140625], [0.008677025325596333, -0.005367308389395475, -0.9999479055404663, 1.4941630363464355], [0.5460049510002136, -0.8377310633659363, 0.009234538301825523, -1.2088623046875], [0.0, 0.0, 0.0, 1.0]], [[0.9476234316825867, 0.3191508650779724, -0.01234915480017662, -1.138916015625], [-0.016758209094405174, 0.011072531342506409, -0.9997982382774353, 1.5619487762451172], [-0.31894978880882263, 0.9476392865180969, 0.015840986743569374, -0.158447265625], [0.0, 0.0, 0.0, 1.0]], [[0.004596211947500706, 0.999984860420227, 0.003000022377818823, -0.029541015625], [-0.014724344946444035, 0.0030674056615680456, -0.9998868703842163, 1.5673342943191528], [-0.9998810291290283, 0.004551540594547987, 0.014738221652805805, -0.0048828125], [0.0, 0.0, 0.0, 1.0]], [[-0.9270161986351013, 0.37501615285873413, 0.001935082720592618, 1.075408935546875], [-0.010250497609376907, -0.020179906859993935, -0.9997438192367554, 1.5468826293945312], [-0.3748810291290283, -0.9267985820770264, 0.02255120500922203, -0.07763671875], [0.0, 0.0, 0.0, 1.0]]], "view": [[0.0, -2.0, 100.0], [-2.0, 0.0, 100.0], [0.0, 0.0, 1.0]], "bev": "bev_241f9a5a65504fa0b728bb030077fc29.png", "aux": "aux_241f9a5a65504fa0b728bb030077fc29.npz", "visibility": "visibility_241f9a5a65504fa0b728bb030077fc29.png", "pose": [[-0.6150543093681335, -0.7884847521781921, 0.0, 1941.2476806640625], [0.7884847521781921, -0.6150543093681335, 0.0, 792.2841796875], [0.0, 0.0, 1.0, 0.0], [0.0, 0.0, 0.0, 1.0]], "pose_inverse": [[-0.6150543093681335, 0.7884847521781921, 0.0, 569.2687377929688], [-0.7884847521781921, -0.6150543093681335, 0.0, 2017.9420166015625], [0.0, 0.0, 1.0, 0.0], [0.0, 0.0, 0.0, 1.0]], "cam_ids": [0, 1, 2, 3, 4, 5], "cam_channels": ["CAM_FRONT_LEFT", "CAM_FRONT", "CAM_FRONT_RIGHT", "CAM_BACK_LEFT", "CAM_BACK", "CAM_BACK_RIGHT"], "token": "241f9a5a65504fa0b728bb030077fc29", "scene": "scene-0457"}, {"images": ["samples/CAM_FRONT_LEFT/n008-2018-09-18-12-53-31-0400__CAM_FRONT_LEFT__1537289733004799.jpg", "samples/CAM_FRONT/n008-2018-09-18-12-53-31-0400__CAM_FRONT__1537289733012404.jpg", "samples/CAM_FRONT_RIGHT/n008-2018-09-18-12-53-31-0400__CAM_FRONT_RIGHT__1537289733020482.jpg", "samples/CAM_BACK_LEFT/n008-2018-09-18-12-53-31-0400__CAM_BACK_LEFT__1537289733047405.jpg", "samples/CAM_BACK/n008-2018-09-18-12-53-31-0400__CAM_BACK__1537289733037558.jpg", "samples/CAM_BACK_RIGHT/n008-2018-09-18-12-53-31-0400__CAM_BACK_RIGHT__1537289733028113.jpg"], "intrinsics": [[[1257.8625342125129, 0.0, 827.2410631095686], [0.0, 1257.8625342125129, 450.915498205774], [0.0, 0.0, 1.0]], [[1252.8131021185304, 0.0, 826.588114781398], [0.0, 1252.8131021185304, 469.9846626224581], [0.0, 0.0, 1.0]], [[1256.7485116440405, 0.0, 817.7887570959712], [0.0, 1256.7485116440403, 451.9541780095127], [0.0, 0.0, 1.0]], [[1254.9860565800168, 0.0, 829.5769333630991], [0.0, 1254.9860565800168, 467.1680561863987], [0.0, 0.0, 1.0]], [[796.8910634503094, 0.0, 857.7774326863696], [0.0, 796.8910634503094, 476.8848988407415], [0.0, 0.0, 1.0]], [[1249.9629280788233, 0.0, 825.3768045375984], [0.0, 1249.9629280788233, 462.54816385708756], [0.0, 0.0, 1.0]]], "extrinsics": [[[0.8325194120407104, -0.5538977384567261, -0.010426471009850502, -0.8411865234375], [-0.006573462393134832, 0.008942615240812302, -0.999938428401947, 1.4870052337646484], [0.5539568662643433, 0.8325366973876953, 0.0038038736674934626, -1.2225341796875], [0.0, 0.0, 0.0, 1.0]], [[0.025016551837325096, -0.999674916267395, -0.004918199498206377, 0.008544921875], [-0.00445197569206357, 0.004808283410966396, -0.9999785423278809, 1.479440689086914], [0.9996771216392517, 0.02503790333867073, -0.004330241121351719, -1.5710906982421875], [0.0, 0.0, 0.0, 1.0]], [[-0.8378031849861145, -0.5459714531898499, -0.0010565461125224829, 0.9835205078125], [0.003769553266465664, -0.0038493084721267223, -0.9999855160713196, 1.4935493469238281], [0.54595947265625, -0.8377949595451355, 0.0052830311469733715, -1.20849609375], [0.0, 0.0, 0.0, 1.0]], [[0.9475845694541931, 0.31907448172569275, -0.016581516712903976, -1.13922119140625], [-0.02126414142549038, 0.011197520419955254, -0.9997112154960632, 1.5619373321533203], [-0.31879672408103943, 0.947663426399231, 0.017395444214344025, -0.1578369140625], [0.0, 0.0, 0.0, 1.0]], [[0.0047240545973181725, 0.9999828934669495, 0.0034449396189302206, -0.028564453125], [-0.01936343125998974, 0.00353580666705966, -0.9998062252998352, 1.5670990943908691], [-0.9998013973236084, 0.004656436387449503, 0.019379805773496628, -0.00543212890625], [0.0, 0.0, 0.0, 1.0]], [[-0.9269281029701233, 0.3751775920391083, 0.006782985292375088, 1.07464599609375], [-0.015071025118231773, -0.019161026924848557, -0.9997027516365051, 1.5464134216308594], [-0.3749361038208008, -0.926754891872406, 0.023415204137563705, -0.0787353515625], [0.0, 0.0, 0.0, 1.0]]], "view": [[0.0, -2.0, 100.0], [-2.0, 0.0, 100.0], [0.0, 0.0, 1.0]], "bev": "bev_272fe300ff3d41cd90a2fd7330975f82.png", "aux": "aux_272fe300ff3d41cd90a2fd7330975f82.npz", "visibility": "visibility_272fe300ff3d41cd90a2fd7330975f82.png", "pose": [[-0.4485067129135132, -0.893779456615448, 0.0, 1940.057861328125], [0.893779456615448, -0.4485067129135132, 0.0, 794.1793212890625], [0.0, 0.0, 1.0, 0.0], [0.0, 0.0, 0.0, 1.0]], "pose_inverse": [[-0.4485067129135132, 0.893779456615448, 0.0, 160.30776977539062], [-0.893779456615448, -0.4485067129135132, 0.0, 2090.1787109375], [0.0, 0.0, 1.0, 0.0], [0.0, 0.0, 0.0, 1.0]], "cam_ids": [0, 1, 2, 3, 4, 5], "cam_channels": ["CAM_FRONT_LEFT", "CAM_FRONT", "CAM_FRONT_RIGHT", "CAM_BACK_LEFT", "CAM_BACK", "CAM_BACK_RIGHT"], "token": "272fe300ff3d41cd90a2fd7330975f82", "scene": "scene-0457"}, {"images": ["samples/CAM_FRONT_LEFT/n008-2018-09-18-12-53-31-0400__CAM_FRONT_LEFT__1537289733504799.jpg", "samples/CAM_FRONT/n008-2018-09-18-12-53-31-0400__CAM_FRONT__1537289733512404.jpg", "samples/CAM_FRONT_RIGHT/n008-2018-09-18-12-53-31-0400__CAM_FRONT_RIGHT__1537289733520482.jpg", "samples/CAM_BACK_LEFT/n008-2018-09-18-12-53-31-0400__CAM_BACK_LEFT__1537289733547405.jpg", "samples/CAM_BACK/n008-2018-09-18-12-53-31-0400__CAM_BACK__1537289733537558.jpg", "samples/CAM_BACK_RIGHT/n008-2018-09-18-12-53-31-0400__CAM_BACK_RIGHT__1537289733528113.jpg"], "intrinsics": [[[1257.8625342125129, 0.0, 827.2410631095686], [0.0, 1257.8625342125129, 450.915498205774], [0.0, 0.0, 1.0]], [[1252.8131021185304, 0.0, 826.588114781398], [0.0, 1252.8131021185304, 469.9846626224581], [0.0, 0.0, 1.0]], [[1256.7485116440405, 0.0, 817.7887570959712], [0.0, 1256.7485116440403, 451.9541780095127], [0.0, 0.0, 1.0]], [[1254.9860565800168, 0.0, 829.5769333630991], [0.0, 1254.9860565800168, 467.1680561863987], [0.0, 0.0, 1.0]], [[796.8910634503094, 0.0, 857.7774326863696], [0.0, 796.8910634503094, 476.8848988407415], [0.0, 0.0, 1.0]], [[1249.9629280788233, 0.0, 825.3768045375984], [0.0, 1249.9629280788233, 462.54816385708756], [0.0, 0.0, 1.0]]], "extrinsics": [[[0.8305720090866089, -0.5568654537200928, -0.007142737042158842, -0.840087890625], [0.0025404090993106365, 0.016613924875855446, -0.9998587369918823, 1.48876953125], [0.5569055080413818, 0.8304365277290344, 0.015213726088404655, -1.2242431640625], [0.0, 0.0, 0.0, 1.0]], [[0.021972058340907097, -0.9996797442436218, -0.01255361083894968, 0.01025390625], [0.004854958038777113, 0.01266318466514349, -0.9999080896377563, 1.480936050415039], [0.9997467398643494, 0.021909117698669434, 0.005131640005856752, -1.57220458984375], [0.0, 0.0, 0.0, 1.0]], [[-0.8391348719596863, -0.5437577962875366, -0.013418187387287617, 0.9862060546875], [0.013275950215756893, 0.004186743870377541, -0.9999030828475952, 1.4947309494018555], [0.5437613725662231, -0.8392316699028015, 0.0037056580185890198, -1.208251953125], [0.0, 0.0, 0.0, 1.0]], [[0.9478067755699158, 0.318810373544693, -0.004726287443190813, -1.14215087890625], [-0.011316661722958088, 0.018822666257619858, -0.999758780002594, 1.5620231628417969], [-0.3186444938182831, 0.9476316571235657, 0.02144811861217022, -0.1568603515625], [0.0, 0.0, 0.0, 1.0]], [[0.005842392798513174, 0.9999202489852905, 0.011202621273696423, -0.029541015625], [-0.009426185861229897, 0.011257383041083813, -0.9998921751976013, 1.5676116943359375], [-0.9999385476112366, 0.005736199207603931, 0.009491203352808952, -0.002777099609375], [0.0, 0.0, 0.0, 1.0]], [[-0.9262155294418335, 0.3769936263561249, 0.0007213948993012309, 1.07659912109375], [-0.005418901331722736, -0.011400015093386173, -0.9999203085899353, 1.5473403930664062], [-0.3769553303718567, -0.926145613193512, 0.012601763010025024, -0.0762939453125], [0.0, 0.0, 0.0, 1.0]]], "view": [[0.0, -2.0, 100.0], [-2.0, 0.0, 100.0], [0.0, 0.0, 1.0]], "bev": "bev_9eaf0ea812fd4fb49e9002d980e6d08f.png", "aux": "aux_9eaf0ea812fd4fb49e9002d980e6d08f.npz", "visibility": "visibility_9eaf0ea812fd4fb49e9002d980e6d08f.png", "pose": [[-0.2783706784248352, -0.9604737162590027, 0.0, 1939.255615234375], [0.9604737162590027, -0.2783706784248352, 0.0, 796.3004150390625], [0.0, 0.0, 1.0, 0.0], [0.0, 0.0, 0.0, 1.0]], "pose_inverse": [[-0.2783706784248352, 0.9604737162590027, 0.0, -224.99371337890625], [-0.9604737162590027, -0.2783706784248352, 0.0, 2084.270751953125], [0.0, 0.0, 1.0, 0.0], [0.0, 0.0, 0.0, 1.0]], "cam_ids": [0, 1, 2, 3, 4, 5], "cam_channels": ["CAM_FRONT_LEFT", "CAM_FRONT", "CAM_FRONT_RIGHT", "CAM_BACK_LEFT", "CAM_BACK", "CAM_BACK_RIGHT"], "token": "9eaf0ea812fd4fb49e9002d980e6d08f", "scene": "scene-0457"}, {"images": ["samples/CAM_FRONT_LEFT/n008-2018-09-18-12-53-31-0400__CAM_FRONT_LEFT__1537289734004799.jpg", "samples/CAM_FRONT/n008-2018-09-18-12-53-31-0400__CAM_FRONT__1537289734012404.jpg", "samples/CAM_FRONT_RIGHT/n008-2018-09-18-12-53-31-0400__CAM_FRONT_RIGHT__1537289734020482.jpg", "samples/CAM_BACK_LEFT/n008-2018-09-18-12-53-31-0400__CAM_BACK_LEFT__1537289734047405.jpg", "samples/CAM_BACK/n008-2018-09-18-12-53-31-0400__CAM_BACK__1537289734037558.jpg", "samples/CAM_BACK_RIGHT/n008-2018-09-18-12-53-31-0400__CAM_BACK_RIGHT__1537289734028113.jpg"], "intrinsics": [[[1257.8625342125129, 0.0, 827.2410631095686], [0.0, 1257.8625342125129, 450.915498205774], [0.0, 0.0, 1.0]], [[1252.8131021185304, 0.0, 826.588114781398], [0.0, 1252.8131021185304, 469.9846626224581], [0.0, 0.0, 1.0]], [[1256.7485116440405, 0.0, 817.7887570959712], [0.0, 1256.7485116440403, 451.9541780095127], [0.0, 0.0, 1.0]], [[1254.9860565800168, 0.0, 829.5769333630991], [0.0, 1254.9860565800168, 467.1680561863987], [0.0, 0.0, 1.0]], [[796.8910634503094, 0.0, 857.7774326863696], [0.0, 796.8910634503094, 476.8848988407415], [0.0, 0.0, 1.0]], [[1249.9629280788233, 0.0, 825.3768045375984], [0.0, 1249.9629280788233, 462.54816385708756], [0.0, 0.0, 1.0]]], "extrinsics": [[[0.8259554505348206, -0.5636110305786133, -0.011844535358250141, -0.839599609375], [0.0010831401450559497, 0.022597376257181168, -0.9997440576553345, 1.4884376525878906], [0.5637344121932983, 0.8257312178611755, 0.019274894148111343, -1.2242431640625], [0.0, 0.0, 0.0, 1.0]], [[0.015165246091783047, -0.9997113347053528, -0.018633319064974785, 0.01025390625], [0.002846912946552038, 0.018678557127714157, -0.9998215436935425, 1.4805755615234375], [0.9998809695243835, 0.01510948222130537, 0.0031293563079088926, -1.5726318359375], [0.0, 0.0, 0.0, 1.0]], [[-0.8420138955116272, -0.5392611026763916, -0.014495777897536755, 0.98736572265625], [0.01067293994128704, 0.010212925262749195, -0.9998908638954163, 1.4943723678588867], [0.5393502712249756, -0.8420767188072205, -0.0028439220041036606, -1.2093505859375], [0.0, 0.0, 0.0, 1.0]], [[0.9478837251663208, 0.3185439705848694, -0.0068045854568481445, -1.14764404296875], [-0.015774551779031754, 0.025588087737560272, -0.9995481371879578, 1.562103271484375], [-0.3182259202003479, 0.9475626945495605, 0.029279418289661407, -0.154541015625], [0.0, 0.0, 0.0, 1.0]], [[0.00799899734556675, 0.9998084306716919, 0.017864106222987175, -0.0291748046875], [-0.013210984878242016, 0.017968779429793358, -0.9997512698173523, 1.5674858093261719], [-0.9998807907104492, 0.007760997395962477, 0.013352188281714916, 0.00146484375], [0.0, 0.0, 0.0, 1.0]], [[-0.9247554540634155, 0.3805132210254669, 0.00608602911233902, 1.0792236328125], [-0.008566413074731827, -0.004825330805033445, -0.9999516606330872, 1.5470695495605469], [-0.38046541810035706, -0.9247629046440125, 0.007721883710473776, -0.07568359375], [0.0, 0.0, 0.0, 1.0]]], "view": [[0.0, -2.0, 100.0], [-2.0, 0.0, 100.0], [0.0, 0.0, 1.0]], "bev": "bev_a8140a23e4a34feab4d584dc702c20b2.png", "aux": "aux_a8140a23e4a34feab4d584dc702c20b2.npz", "visibility": "visibility_a8140a23e4a34feab4d584dc702c20b2.png", "pose": [[-0.16239452362060547, -0.986725926399231, 0.0, 1938.794677734375], [0.986725926399231, -0.16239452362060547, 0.0, 798.6083984375], [0.0, 0.0, 1.0, 0.0], [0.0, 0.0, 0.0, 1.0]], "pose_inverse": [[-0.16239452362060547, 0.986725926399231, 0.0, -473.157958984375], [-0.986725926399231, -0.16239452362060547, 0.0, 2042.74853515625], [0.0, 0.0, 1.0, 0.0], [0.0, 0.0, 0.0, 1.0]], "cam_ids": [0, 1, 2, 3, 4, 5], "cam_channels": ["CAM_FRONT_LEFT", "CAM_FRONT", "CAM_FRONT_RIGHT", "CAM_BACK_LEFT", "CAM_BACK", "CAM_BACK_RIGHT"], "token": "a8140a23e4a34feab4d584dc702c20b2", "scene": "scene-0457"}, {"images": ["samples/CAM_FRONT_LEFT/n008-2018-09-18-12-53-31-0400__CAM_FRONT_LEFT__1537289734504799.jpg", "samples/CAM_FRONT/n008-2018-09-18-12-53-31-0400__CAM_FRONT__1537289734512404.jpg", "samples/CAM_FRONT_RIGHT/n008-2018-09-18-12-53-31-0400__CAM_FRONT_RIGHT__1537289734520482.jpg", "samples/CAM_BACK_LEFT/n008-2018-09-18-12-53-31-0400__CAM_BACK_LEFT__1537289734547405.jpg", "samples/CAM_BACK/n008-2018-09-18-12-53-31-0400__CAM_BACK__1537289734537558.jpg", "samples/CAM_BACK_RIGHT/n008-2018-09-18-12-53-31-0400__CAM_BACK_RIGHT__1537289734528113.jpg"], "intrinsics": [[[1257.8625342125129, 0.0, 827.2410631095686], [0.0, 1257.8625342125129, 450.915498205774], [0.0, 0.0, 1.0]], [[1252.8131021185304, 0.0, 826.588114781398], [0.0, 1252.8131021185304, 469.9846626224581], [0.0, 0.0, 1.0]], [[1256.7485116440405, 0.0, 817.7887570959712], [0.0, 1256.7485116440403, 451.9541780095127], [0.0, 0.0, 1.0]], [[1254.9860565800168, 0.0, 829.5769333630991], [0.0, 1254.9860565800168, 467.1680561863987], [0.0, 0.0, 1.0]], [[796.8910634503094, 0.0, 857.7774326863696], [0.0, 796.8910634503094, 476.8848988407415], [0.0, 0.0, 1.0]], [[1249.9629280788233, 0.0, 825.3768045375984], [0.0, 1249.9629280788233, 462.54816385708756], [0.0, 0.0, 1.0]]], "extrinsics": [[[0.8251693844795227, -0.5645416378974915, -0.01970229670405388, -0.814208984375], [-0.007046639919281006, 0.02458840422332287, -0.9996727705001831, 1.4865989685058594], [0.5648413896560669, 0.8250382542610168, 0.01631147600710392, -1.20654296875], [0.0, 0.0, 0.0, 1.0]], [[0.014191970229148865, -0.9996891617774963, -0.02049601450562477, 0.0108642578125], [-0.004669168032705784, 0.020431596785783768, -0.9997803568840027, 1.4792251586914062], [0.9998883605003357, 0.014284547418355942, -0.004377751611173153, -1.54681396484375], [0.0, 0.0, 0.0, 1.0]], [[-0.8423473834991455, -0.5388510227203369, -0.009516668505966663, 0.97076416015625], [0.0038049654103815556, 0.0117116654291749, -0.9999241232872009, 1.4935894012451172], [0.5389216542243958, -0.8423197269439697, -0.007814981043338776, -1.1976318359375], [0.0, 0.0, 0.0, 1.0]], [[0.9477996826171875, 0.3186926245689392, -0.010530035011470318, -1.1429290771484375], [-0.020262327045202255, 0.02723834477365017, -0.9994235634803772, 1.5620193481445312], [-0.3182221055030823, 0.9474666118621826, 0.032273948192596436, -0.15625], [0.0, 0.0, 0.0, 1.0]], [[0.008137654513120651, 0.9997808933258057, 0.019286971539258957, -0.029541015625], [-0.01851973682641983, 0.019434984773397446, -0.9996395707130432, 1.5670547485351562], [-0.9997953772544861, 0.007777530234307051, 0.018673835322260857, -0.00885009765625], [0.0, 0.0, 0.0, 1.0]], [[-0.9246193170547485, 0.38069039583206177, 0.0124021265655756, 1.064453125], [-0.014818213880062103, -0.0034161980729550123, -0.9998843669891357, 1.5462874174118042], [-0.38060399889945984, -0.9246962666511536, 0.008799836039543152, -0.0809326171875], [0.0, 0.0, 0.0, 1.0]]], "view": [[0.0, -2.0, 100.0], [-2.0, 0.0, 100.0], [0.0, 0.0, 1.0]], "bev": "bev_afe69e1c0f2043ff8e7f6860341fa670.png", "aux": "aux_afe69e1c0f2043ff8e7f6860341fa670.npz", "visibility": "visibility_afe69e1c0f2043ff8e7f6860341fa670.png", "pose": [[-0.10393733531236649, -0.9945838451385498, 0.0, 1938.51171875], [0.9945838451385498, -0.10393733531236649, 0.0, 801.1002197265625], [0.0, 0.0, 1.0, 0.0], [0.0, 0.0, 0.0, 1.0]], "pose_inverse": [[-0.10393733531236649, 0.9945838451385498, 0.0, -595.277587890625], [-0.9945838451385498, -0.10393733531236649, 0.0, 2011.276611328125], [0.0, 0.0, 1.0, 0.0], [0.0, 0.0, 0.0, 1.0]], "cam_ids": [0, 1, 2, 3, 4, 5], "cam_channels": ["CAM_FRONT_LEFT", "CAM_FRONT", "CAM_FRONT_RIGHT", "CAM_BACK_LEFT", "CAM_BACK", "CAM_BACK_RIGHT"], "token": "afe69e1c0f2043ff8e7f6860341fa670", "scene": "scene-0457"}, {"images": ["samples/CAM_FRONT_LEFT/n008-2018-09-18-12-53-31-0400__CAM_FRONT_LEFT__1537289735004799.jpg", "samples/CAM_FRONT/n008-2018-09-18-12-53-31-0400__CAM_FRONT__1537289735012404.jpg", "samples/CAM_FRONT_RIGHT/n008-2018-09-18-12-53-31-0400__CAM_FRONT_RIGHT__1537289735020482.jpg", "samples/CAM_BACK_LEFT/n008-2018-09-18-12-53-31-0400__CAM_BACK_LEFT__1537289735047405.jpg", "samples/CAM_BACK/n008-2018-09-18-12-53-31-0400__CAM_BACK__1537289735037558.jpg", "samples/CAM_BACK_RIGHT/n008-2018-09-18-12-53-31-0400__CAM_BACK_RIGHT__1537289735028113.jpg"], "intrinsics": [[[1257.8625342125129, 0.0, 827.2410631095686], [0.0, 1257.8625342125129, 450.915498205774], [0.0, 0.0, 1.0]], [[1252.8131021185304, 0.0, 826.588114781398], [0.0, 1252.8131021185304, 469.9846626224581], [0.0, 0.0, 1.0]], [[1256.7485116440405, 0.0, 817.7887570959712], [0.0, 1256.7485116440403, 451.9541780095127], [0.0, 0.0, 1.0]], [[1254.9860565800168, 0.0, 829.5769333630991], [0.0, 1254.9860565800168, 467.1680561863987], [0.0, 0.0, 1.0]], [[796.8910634503094, 0.0, 857.7774326863696], [0.0, 796.8910634503094, 476.8848988407415], [0.0, 0.0, 1.0]], [[1249.9629280788233, 0.0, 825.3768045375984], [0.0, 1249.9629280788233, 462.54816385708756], [0.0, 0.0, 1.0]]], "extrinsics": [[[0.8234177827835083, -0.5671244859695435, -0.01879090443253517, -0.8104248046875], [0.002194364322349429, 0.03629777207970619, -0.9993385672569275, 1.4886932373046875], [0.5674313902854919, 0.8228319883346558, 0.031132709234952927, -1.2034912109375], [0.0, 0.0, 0.0, 1.0]], [[0.011497952044010162, -0.9994156956672668, -0.03218702971935272, 0.01025390625], [0.004106027539819479, 0.03223608061671257, -0.9994718432426453, 1.4808616638183594], [0.9999254941940308, 0.011359727941453457, 0.004474277142435312, -1.542236328125], [0.0, 0.0, 0.0, 1.0]], [[-0.8435121178627014, -0.5366231203079224, -0.022867294028401375, 0.966339111328125], [0.012083489447832108, 0.023604432120919228, -0.9996483325958252, 1.4948234558105469], [0.5369742512702942, -0.843491792678833, -0.013426345773041248, -1.196044921875], [0.0, 0.0, 0.0, 1.0]], [[0.9478729963302612, 0.31864824891090393, -0.00026239920407533646, -1.1380877494812012], [-0.013372277840971947, 0.038955315947532654, -0.9991514682769775, 1.5619583129882812], [-0.31836768984794617, 0.9470722675323486, 0.04118574783205986, -0.157958984375], [0.0, 0.0, 0.0, 1.0]], [[0.008938435465097427, 0.9994716644287109, 0.03125178441405296, -0.0291748046875], [-0.011199486441910267, 0.03135113790631294, -0.9994456768035889, 1.5673828125], [-0.9998974204063416, 0.008583473041653633, 0.01147379819303751, -0.013671875], [0.0, 0.0, 0.0, 1.0]], [[-0.9240012168884277, 0.3822653293609619, 0.009739852510392666, 1.0606689453125], [-0.006998080760240555, 0.008562174625694752, -0.9999388456344604, 1.5470428466796875], [-0.38232532143592834, -0.9240128993988037, -0.005236334167420864, -0.083740234375], [0.0, 0.0, 0.0, 1.0]]], "view": [[0.0, -2.0, 100.0], [-2.0, 0.0, 100.0], [0.0, 0.0, 1.0]], "bev": "bev_be2f726982ea4e34bdd2dbec7e97dd7e.png", "aux": "aux_be2f726982ea4e34bdd2dbec7e97dd7e.npz", "visibility": "visibility_be2f726982ea4e34bdd2dbec7e97dd7e.png", "pose": [[-0.07246357947587967, -0.9973710775375366, 0.0, 1938.32958984375], [0.9973710775375366, -0.07246357947587967, 0.0, 803.8123779296875], [0.0, 0.0, 1.0, 0.0], [0.0, 0.0, 0.0, 1.0]], "pose_inverse": [[-0.07246357947587967, 0.9973710775375366, 0.0, -661.2409057617188], [-0.9973710775375366, -0.07246357947587967, 0.0, 1991.48095703125], [0.0, 0.0, 1.0, 0.0], [0.0, 0.0, 0.0, 1.0]], "cam_ids": [0, 1, 2, 3, 4, 5], "cam_channels": ["CAM_FRONT_LEFT", "CAM_FRONT", "CAM_FRONT_RIGHT", "CAM_BACK_LEFT", "CAM_BACK", "CAM_BACK_RIGHT"], "token": "be2f726982ea4e34bdd2dbec7e97dd7e", "scene": "scene-0457"}, {"images": ["samples/CAM_FRONT_LEFT/n008-2018-09-18-12-53-31-0400__CAM_FRONT_LEFT__1537289735504799.jpg", "samples/CAM_FRONT/n008-2018-09-18-12-53-31-0400__CAM_FRONT__1537289735512404.jpg", "samples/CAM_FRONT_RIGHT/n008-2018-09-18-12-53-31-0400__CAM_FRONT_RIGHT__1537289735520482.jpg", "samples/CAM_BACK_LEFT/n008-2018-09-18-12-53-31-0400__CAM_BACK_LEFT__1537289735547405.jpg", "samples/CAM_BACK/n008-2018-09-18-12-53-31-0400__CAM_BACK__1537289735537558.jpg", "samples/CAM_BACK_RIGHT/n008-2018-09-18-12-53-31-0400__CAM_BACK_RIGHT__1537289735528113.jpg"], "intrinsics": [[[1257.8625342125129, 0.0, 827.2410631095686], [0.0, 1257.8625342125129, 450.915498205774], [0.0, 0.0, 1.0]], [[1252.8131021185304, 0.0, 826.588114781398], [0.0, 1252.8131021185304, 469.9846626224581], [0.0, 0.0, 1.0]], [[1256.7485116440405, 0.0, 817.7887570959712], [0.0, 1256.7485116440403, 451.9541780095127], [0.0, 0.0, 1.0]], [[1254.9860565800168, 0.0, 829.5769333630991], [0.0, 1254.9860565800168, 467.1680561863987], [0.0, 0.0, 1.0]], [[796.8910634503094, 0.0, 857.7774326863696], [0.0, 796.8910634503094, 476.8848988407415], [0.0, 0.0, 1.0]], [[1249.9629280788233, 0.0, 825.3768045375984], [0.0, 1249.9629280788233, 462.54816385708756], [0.0, 0.0, 1.0]]], "extrinsics": [[[0.8231637477874756, -0.567492663860321, -0.018807074055075645, -0.7974853515625], [0.003004305297508836, 0.03747504577040672, -0.9992930293083191, 1.4889450073242188], [0.5677962899208069, 0.8225252628326416, 0.032553013414144516, -1.1937255859375], [0.0, 0.0, 0.0, 1.0]], [[0.011229441501200199, -0.9993810057640076, -0.03334071859717369, 0.0101318359375], [0.004976009018719196, 0.03339826315641403, -0.9994297623634338, 1.4811248779296875], [0.9999245405197144, 0.01105713564902544, 0.005347972270101309, -1.5269775390625], [0.0, 0.0, 0.0, 1.0]], [[-0.8435482978820801, -0.5365046858787537, -0.02427195943892002, 0.954437255859375], [0.013020896352827549, 0.024750415235757828, -0.9996088147163391, 1.4951438903808594], [0.5368955731391907, -0.8435344099998474, -0.0138923991471529, -1.1885986328125], [0.0, 0.0, 0.0, 1.0]], [[0.9478754997253418, 0.318639874458313, 0.000875287689268589, -1.1382789611816406], [-0.012576492503285408, 0.040156494826078415, -0.9991142153739929, 1.5619735717773438], [-0.3183927834033966, 0.9470248818397522, 0.04207072779536247, -0.157958984375], [0.0, 0.0, 0.0, 1.0]], [[0.0089193657040596, 0.9994347095489502, 0.03241513669490814, -0.0289306640625], [-0.010397594422101974, 0.03250736743211746, -0.9994173645973206, 1.5673751831054688], [-0.9999062418937683, 0.008577135391533375, 0.010681661777198315, -0.01953125], [0.0, 0.0, 0.0, 1.0]], [[-0.9240084886550903, 0.3822588324546814, 0.009298687800765038, 1.050048828125], [-0.006048640701919794, 0.009703070856630802, -0.9999346137046814, 1.5470771789550781], [-0.38232406973838806, -0.924004316329956, -0.006653573364019394, -0.0877685546875], [0.0, 0.0, 0.0, 1.0]]], "view": [[0.0, -2.0, 100.0], [-2.0, 0.0, 100.0], [0.0, 0.0, 1.0]], "bev": "bev_4bd4d1e416d44f0ba3064bebe39205d4.png", "aux": "aux_4bd4d1e416d44f0ba3064bebe39205d4.npz", "visibility": "visibility_4bd4d1e416d44f0ba3064bebe39205d4.png", "pose": [[-0.0548609122633934, -0.998494029045105, 0.0, 1938.2052001953125], [0.998494029045105, -0.0548609122633934, 0.0, 806.5579223632812], [0.0, 0.0, 1.0, 0.0], [0.0, 0.0, 0.0, 1.0]], "pose_inverse": [[-0.0548609122633934, 0.998494029045105, 0.0, -699.0115356445312], [-0.998494029045105, -0.0548609122633934, 0.0, 1979.5347900390625], [0.0, 0.0, 1.0, 0.0], [0.0, 0.0, 0.0, 1.0]], "cam_ids": [0, 1, 2, 3, 4, 5], "cam_channels": ["CAM_FRONT_LEFT", "CAM_FRONT", "CAM_FRONT_RIGHT", "CAM_BACK_LEFT", "CAM_BACK", "CAM_BACK_RIGHT"], "token": "4bd4d1e416d44f0ba3064bebe39205d4", "scene": "scene-0457"}, {"images": ["samples/CAM_FRONT_LEFT/n008-2018-09-18-12-53-31-0400__CAM_FRONT_LEFT__1537289736004799.jpg", "samples/CAM_FRONT/n008-2018-09-18-12-53-31-0400__CAM_FRONT__1537289736012404.jpg", "samples/CAM_FRONT_RIGHT/n008-2018-09-18-12-53-31-0400__CAM_FRONT_RIGHT__1537289736020482.jpg", "samples/CAM_BACK_LEFT/n008-2018-09-18-12-53-31-0400__CAM_BACK_LEFT__1537289736047405.jpg", "samples/CAM_BACK/n008-2018-09-18-12-53-31-0400__CAM_BACK__1537289736037558.jpg", "samples/CAM_BACK_RIGHT/n008-2018-09-18-12-53-31-0400__CAM_BACK_RIGHT__1537289736028113.jpg"], "intrinsics": [[[1257.8625342125129, 0.0, 827.2410631095686], [0.0, 1257.8625342125129, 450.915498205774], [0.0, 0.0, 1.0]], [[1252.8131021185304, 0.0, 826.588114781398], [0.0, 1252.8131021185304, 469.9846626224581], [0.0, 0.0, 1.0]], [[1256.7485116440405, 0.0, 817.7887570959712], [0.0, 1256.7485116440403, 451.9541780095127], [0.0, 0.0, 1.0]], [[1254.9860565800168, 0.0, 829.5769333630991], [0.0, 1254.9860565800168, 467.1680561863987], [0.0, 0.0, 1.0]], [[796.8910634503094, 0.0, 857.7774326863696], [0.0, 796.8910634503094, 476.8848988407415], [0.0, 0.0, 1.0]], [[1249.9629280788233, 0.0, 825.3768045375984], [0.0, 1249.9629280788233, 462.54816385708756], [0.0, 0.0, 1.0]]], "extrinsics": [[[0.822890043258667, -0.5676235556602478, -0.025602232664823532, -0.7911376953125], [-0.0008010597084648907, 0.04389944300055504, -0.9990355968475342, 1.4879608154296875], [0.5682001113891602, 0.822117030620575, 0.0356697142124176, -1.189208984375], [0.0, 0.0, 0.0, 1.0]], [[0.010645966045558453, -0.9991411566734314, -0.04004411771893501, 0.0101318359375], [0.001037146896123886, 0.04005740210413933, -0.9991968870162964, 1.48028564453125], [0.9999427795410156, 0.010595886036753654, 0.0014627061318606138, -1.52178955078125], [0.0, 0.0, 0.0, 1.0]], [[-0.8439436554908752, -0.535871148109436, -0.024520086124539375, 0.95220947265625], [0.0089386822655797, 0.03165513277053833, -0.9994588494300842, 1.4944953918457031], [0.5363574028015137, -0.8437061905860901, -0.021925169974565506, -1.1875], [0.0, 0.0, 0.0, 1.0]], [[0.9478985071182251, 0.3185719847679138, -0.0004848924872931093, -1.1387863159179688], [-0.016444191336631775, 0.04740888625383377, -0.9987401962280273, 1.56195068359375], [-0.3181476891040802, 0.94671231508255, 0.050177473574876785, -0.157470703125], [0.0, 0.0, 0.0, 1.0]], [[0.009370063431560993, 0.9991748929023743, 0.0395202673971653, -0.0289306640625], [-0.01435321569442749, 0.039652321487665176, -0.9991104006767273, 1.5671234130859375], [-0.9998530745506287, 0.008794484660029411, 0.014712914824485779, -0.01953125], [0.0, 0.0, 0.0, 1.0]], [[-0.9237527251243591, 0.3826653063297272, 0.01575462333858013, 1.0494384765625], [-0.010106965899467468, 0.016764694824814796, -0.9998083710670471, 1.5465812683105469], [-0.3828560411930084, -0.9237349629402161, -0.011618846096098423, -0.08837890625], [0.0, 0.0, 0.0, 1.0]]], "view": [[0.0, -2.0, 100.0], [-2.0, 0.0, 100.0], [0.0, 0.0, 1.0]], "bev": "bev_541d6984ada0401dbe30ab5bdb3815f3.png", "aux": "aux_541d6984ada0401dbe30ab5bdb3815f3.npz", "visibility": "visibility_541d6984ada0401dbe30ab5bdb3815f3.png", "pose": [[-0.04057644307613373, -0.9991764426231384, 0.0, 1938.095458984375], [0.9991764426231384, -0.04057644307613373, 0.0, 809.5031127929688], [0.0, 0.0, 1.0, 0.0], [0.0, 0.0, 0.0, 1.0]], "pose_inverse": [[-0.04057644307613373, 0.9991764426231384, 0.0, -730.1954345703125], [-0.9991764426231384, -0.04057644307613373, 0.0, 1969.3460693359375], [0.0, 0.0, 1.0, 0.0], [0.0, 0.0, 0.0, 1.0]], "cam_ids": [0, 1, 2, 3, 4, 5], "cam_channels": ["CAM_FRONT_LEFT", "CAM_FRONT", "CAM_FRONT_RIGHT", "CAM_BACK_LEFT", "CAM_BACK", "CAM_BACK_RIGHT"], "token": "541d6984ada0401dbe30ab5bdb3815f3", "scene": "scene-0457"}, {"images": ["samples/CAM_FRONT_LEFT/n008-2018-09-18-12-53-31-0400__CAM_FRONT_LEFT__1537289736504799.jpg", "samples/CAM_FRONT/n008-2018-09-18-12-53-31-0400__CAM_FRONT__1537289736512404.jpg", "samples/CAM_FRONT_RIGHT/n008-2018-09-18-12-53-31-0400__CAM_FRONT_RIGHT__1537289736520482.jpg", "samples/CAM_BACK_LEFT/n008-2018-09-18-12-53-31-0400__CAM_BACK_LEFT__1537289736547405.jpg", "samples/CAM_BACK/n008-2018-09-18-12-53-31-0400__CAM_BACK__1537289736537558.jpg", "samples/CAM_BACK_RIGHT/n008-2018-09-18-12-53-31-0400__CAM_BACK_RIGHT__1537289736528113.jpg"], "intrinsics": [[[1257.8625342125129, 0.0, 827.2410631095686], [0.0, 1257.8625342125129, 450.915498205774], [0.0, 0.0, 1.0]], [[1252.8131021185304, 0.0, 826.588114781398], [0.0, 1252.8131021185304, 469.9846626224581], [0.0, 0.0, 1.0]], [[1256.7485116440405, 0.0, 817.7887570959712], [0.0, 1256.7485116440403, 451.9541780095127], [0.0, 0.0, 1.0]], [[1254.9860565800168, 0.0, 829.5769333630991], [0.0, 1254.9860565800168, 467.1680561863987], [0.0, 0.0, 1.0]], [[796.8910634503094, 0.0, 857.7774326863696], [0.0, 796.8910634503094, 476.8848988407415], [0.0, 0.0, 1.0]], [[1249.9629280788233, 0.0, 825.3768045375984], [0.0, 1249.9629280788233, 462.54816385708756], [0.0, 0.0, 1.0]]], "extrinsics": [[[0.8219583630561829, -0.56866854429245, -0.03163191303610802, -0.7830810546875], [-0.003341209376230836, 0.05072318762540817, -0.9987071752548218, 1.4872283935546875], [0.5695378184318542, 0.8210013508796692, 0.03979230672121048, -1.18359375], [0.0, 0.0, 0.0, 1.0]], [[0.009384283795952797, -0.9988745450973511, -0.04649311676621437, 0.0103759765625], [-0.0012456414988264441, 0.04648344963788986, -0.9989182949066162, 1.4797592163085938], [0.9999551177024841, 0.009432048536837101, -0.0008080237312242389, -1.51336669921875], [0.0, 0.0, 0.0, 1.0]], [[-0.8444206714630127, -0.5350487232208252, -0.026009518653154373, 0.94671630859375], [0.006918771658092737, 0.03765655308961868, -0.9992667436599731, 1.494171142578125], [0.5356358289718628, -0.8439815640449524, -0.028096094727516174, -1.18310546875], [0.0, 0.0, 0.0, 1.0]], [[0.9479280114173889, 0.31848448514938354, -0.0002705568040255457, -1.1361465454101562], [-0.01811976730823517, 0.05308297649025917, -0.9984256625175476, 1.5618896484375], [-0.3179687261581421, 0.9464405179023743, 0.05608970671892166, -0.15869140625], [0.0, 0.0, 0.0, 1.0]], [[0.009746633470058441, 0.998936653137207, 0.04506194591522217, -0.029052734375], [-0.016105948016047478, 0.04521506279706955, -0.9988474249839783, 1.566925048828125