[{"images": ["samples/CAM_FRONT_LEFT/n015-2018-10-08-15-52-24+0800__CAM_FRONT_LEFT__1538985420254844.jpg", "samples/CAM_FRONT/n015-2018-10-08-15-52-24+0800__CAM_FRONT__1538985420262460.jpg", "samples/CAM_FRONT_RIGHT/n015-2018-10-08-15-52-24+0800__CAM_FRONT_RIGHT__1538985420270339.jpg", "samples/CAM_BACK_LEFT/n015-2018-10-08-15-52-24+0800__CAM_BACK_LEFT__1538985420297423.jpg", "samples/CAM_BACK/n015-2018-10-08-15-52-24+0800__CAM_BACK__1538985420287525.jpg", "samples/CAM_BACK_RIGHT/n015-2018-10-08-15-52-24+0800__CAM_BACK_RIGHT__1538985420277893.jpg"], "intrinsics": [[[1272.5979470598488, 0.0, 826.6154927353808], [0.0, 1272.5979470598488, 479.75165386361925], [0.0, 0.0, 1.0]], [[1266.417203046554, 0.0, 816.2670197447984], [0.0, 1266.417203046554, 491.50706579294757], [0.0, 0.0, 1.0]], [[1260.8474446004698, 0.0, 807.968244525554], [0.0, 1260.8474446004698, 495.3344268742088], [0.0, 0.0, 1.0]], [[1256.7414812095406, 0.0, 792.1125740759628], [0.0, 1256.7414812095406, 492.7757465151356], [0.0, 0.0, 1.0]], [[809.2209905677063, 0.0, 829.2196003259838], [0.0, 809.2209905677063, 481.77842384512485], [0.0, 0.0, 1.0]], [[1259.5137405846733, 0.0, 807.2529053838625], [0.0, 1259.5137405846733, 501.19579884916527], [0.0, 0.0, 1.0]]], "extrinsics": [[[0.8211426734924316, -0.5700439214706421, 0.02783249132335186, -0.9052734375], [0.029425889253616333, -0.00641531590372324, -0.9995463490486145, 1.5103950500488281], [0.569963812828064, 0.8215892314910889, 0.011506156995892525, -1.23846435546875], [0.0, 0.0, 0.0, 1.0]], [[0.006567513570189476, -0.9999223947525024, 0.010582893155515194, 0.0052642822265625], [0.02425956539809704, -0.01042068563401699, -0.9996513724327087, 1.5219917297363281], [0.9996840953826904, 0.006821933202445507, 0.02418924681842327, -1.6322021484375], [0.0, 0.0, 0.0, 1.0]], [[-0.8319453597068787, -0.5541109442710876, -0.028775222599506378, 0.9935302734375], [0.030002588406205177, 0.006859774235635996, -0.9995262622833252, 1.5050430297851562], [0.5540458559989929, -0.8324145078659058, 0.01091780699789524, -1.2227783203125], [0.0, 0.0, 0.0, 1.0]], [[0.947323739528656, 0.31890711188316345, 0.02959342487156391, -1.1412353515625], [0.03904695808887482, -0.02328982576727867, -0.998965859413147, 1.588592529296875], [-0.3178881108760834, 0.9474997520446777, -0.03451536223292351, -0.1038818359375], [0.0, 0.0, 0.0, 1.0]], [[0.002556838095188141, 0.9999080300331116, -0.013318856246769428, 0.00286102294921875], [0.013519354164600372, -0.013352246955037117, -0.9998194575309753, 1.5795917510986328], [-0.9999054074287415, 0.0023762884084135294, -0.013552249409258366, -0.015869140625], [0.0, 0.0, 0.0, 1.0]], [[-0.9341428875923157, 0.3543795943260193, -0.04233336076140404, 1.1046142578125], [0.04599757120013237, 0.0019183604745194316, -0.9989396929740906, 1.553009033203125], [-0.3539227247238159, -0.9350997805595398, -0.018092626705765724, -0.07586669921875], [0.0, 0.0, 0.0, 1.0]]], "view": [[0.0, -2.0, 100.0], [-2.0, 0.0, 100.0], [0.0, 0.0, 1.0]], "bev": "bev_e30b0c953051408089af3c835b574f3d.png", "aux": "aux_e30b0c953051408089af3c835b574f3d.npz", "visibility": "visibility_e30b0c953051408089af3c835b574f3d.png", "pose": [[0.3991226255893707, -0.9168975353240967, 0.0, 869.8366088867188], [0.9168975353240967, 0.3991226255893707, 0.0, 1701.8236083984375], [0.0, 0.0, 1.0, 0.0], [0.0, 0.0, 0.0, 1.0]], "pose_inverse": [[0.3991226255893707, 0.9168975353240967, 0.0, -1907.5693359375], [-0.9168975353240967, 0.3991226255893707, 0.0, 118.31478118896484], [0.0, 0.0, 1.0, 0.0], [0.0, 0.0, 0.0, 1.0]], "cam_ids": [0, 1, 2, 3, 4, 5], "cam_channels": ["CAM_FRONT_LEFT", "CAM_FRONT", "CAM_FRONT_RIGHT", "CAM_BACK_LEFT", "CAM_BACK", "CAM_BACK_RIGHT"], "token": "e30b0c953051408089af3c835b574f3d", "scene": "scene-0428"}, {"images": ["samples/CAM_FRONT_LEFT/n015-2018-10-08-15-52-24+0800__CAM_FRONT_LEFT__1538985420754844.jpg", "samples/CAM_FRONT/n015-2018-10-08-15-52-24+0800__CAM_FRONT__1538985420762460.jpg", "samples/CAM_FRONT_RIGHT/n015-2018-10-08-15-52-24+0800__CAM_FRONT_RIGHT__1538985420770339.jpg", "samples/CAM_BACK_LEFT/n015-2018-10-08-15-52-24+0800__CAM_BACK_LEFT__1538985420797423.jpg", "samples/CAM_BACK/n015-2018-10-08-15-52-24+0800__CAM_BACK__1538985420787525.jpg", "samples/CAM_BACK_RIGHT/n015-2018-10-08-15-52-24+0800__CAM_BACK_RIGHT__1538985420777893.jpg"], "intrinsics": [[[1272.5979470598488, 0.0, 826.6154927353808], [0.0, 1272.5979470598488, 479.75165386361925], [0.0, 0.0, 1.0]], [[1266.417203046554, 0.0, 816.2670197447984], [0.0, 1266.417203046554, 491.50706579294757], [0.0, 0.0, 1.0]], [[1260.8474446004698, 0.0, 807.968244525554], [0.0, 1260.8474446004698, 495.3344268742088], [0.0, 0.0, 1.0]], [[1256.7414812095406, 0.0, 792.1125740759628], [0.0, 1256.7414812095406, 492.7757465151356], [0.0, 0.0, 1.0]], [[809.2209905677063, 0.0, 829.2196003259838], [0.0, 809.2209905677063, 481.77842384512485], [0.0, 0.0, 1.0]], [[1259.5137405846733, 0.0, 807.2529053838625], [0.0, 1259.5137405846733, 501.19579884916527], [0.0, 0.0, 1.0]]], "extrinsics": [[[0.8208728432655334, -0.5703052282333374, 0.03032858856022358, -0.905517578125], [0.034753214567899704, -0.0031249034218490124, -0.9993910193443298, 1.5107498168945312], [0.5700526237487793, 0.8214269280433655, 0.017254792153835297, -1.23968505859375], [0.0, 0.0, 0.0, 1.0]], [[0.006361923646181822, -0.9999528527259827, 0.007327234372496605, 0.0059051513671875], [0.02956346608698368, -0.007136101368814707, -0.9995374083518982, 1.5222854614257812], [0.9995426535606384, 0.006575640756636858, 0.0295166727155447, -1.63330078125], [0.0, 0.0, 0.0, 1.0]], [[-0.8318396210670471, -0.5539121627807617, -0.03498677536845207, 0.99462890625], [0.03527897596359253, 0.010140137746930122, -0.9993259906768799, 1.5052566528320312], [0.5538936257362366, -0.8325132727622986, 0.011106486432254314, -1.22314453125], [0.0, 0.0, 0.0, 1.0]], [[0.9471554756164551, 0.3187941014766693, 0.03559354692697525, -1.142333984375], [0.04424857720732689, -0.019946061074733734, -0.9988213777542114, 1.5885543823242188], [-0.31770840287208557, 0.9476140737533569, -0.03299820423126221, -0.10369873046875], [0.0, 0.0, 0.0, 1.0]], [[0.0026580316480249166, 0.9999467134475708, -0.009978529997169971, 0.0027618408203125], [0.018748195841908455, -0.010026640258729458, -0.9997739791870117, 1.5796623229980469], [-0.9998207092285156, 0.0024703030940145254, -0.018773850053548813, -0.014892578125], [0.0, 0.0, 0.0, 1.0]], [[-0.9338825941085815, 0.35459908843040466, -0.04607182741165161, 1.10546875], [0.05124660208821297, 0.005210523493587971, -0.9986724257469177, 1.553131103515625], [-0.35388830304145813, -0.9350039958953857, -0.023038018494844437, -0.0750732421875], [0.0, 0.0, 0.0, 1.0]]], "view": [[0.0, -2.0, 100.0], [-2.0, 0.0, 100.0], [0.0, 0.0, 1.0]], "bev": "bev_cd69e94ce6754ea0bfd93f2f5049c4f2.png", "aux": "aux_cd69e94ce6754ea0bfd93f2f5049c4f2.npz", "visibility": "visibility_cd69e94ce6754ea0bfd93f2f5049c4f2.png", "pose": [[0.4156996011734009, -0.9095019698143005, 0.0, 870.1824340820312], [0.9095019698143005, 0.4156996011734009, 0.0, 1702.594482421875], [0.0, 0.0, 1.0, 0.0], [0.0, 0.0, 0.0, 1.0]], "pose_inverse": [[0.4156996011734009, 0.9095019698143005, 0.0, -1910.24755859375], [-0.9095019698143005, 0.4156996011734009, 0.0, 83.66476440429688], [0.0, 0.0, 1.0, 0.0], [0.0, 0.0, 0.0, 1.0]], "cam_ids": [0, 1, 2, 3, 4, 5], "cam_channels": ["CAM_FRONT_LEFT", "CAM_FRONT", "CAM_FRONT_RIGHT", "CAM_BACK_LEFT", "CAM_BACK", "CAM_BACK_RIGHT"], "token": "cd69e94ce6754ea0bfd93f2f5049c4f2", "scene": "scene-0428"}, {"images": ["samples/CAM_FRONT_LEFT/n015-2018-10-08-15-52-24+0800__CAM_FRONT_LEFT__1538985421254844.jpg", "samples/CAM_FRONT/n015-2018-10-08-15-52-24+0800__CAM_FRONT__1538985421262460.jpg", "samples/CAM_FRONT_RIGHT/n015-2018-10-08-15-52-24+0800__CAM_FRONT_RIGHT__1538985421270339.jpg", "samples/CAM_BACK_LEFT/n015-2018-10-08-15-52-24+0800__CAM_BACK_LEFT__1538985421297423.jpg", "samples/CAM_BACK/n015-2018-10-08-15-52-24+0800__CAM_BACK__1538985421287526.jpg", "samples/CAM_BACK_RIGHT/n015-2018-10-08-15-52-24+0800__CAM_BACK_RIGHT__1538985421277893.jpg"], "intrinsics": [[[1272.5979470598488, 0.0, 826.6154927353808], [0.0, 1272.5979470598488, 479.75165386361925], [0.0, 0.0, 1.0]], [[1266.417203046554, 0.0, 816.2670197447984], [0.0, 1266.417203046554, 491.50706579294757], [0.0, 0.0, 1.0]], [[1260.8474446004698, 0.0, 807.968244525554], [0.0, 1260.8474446004698, 495.3344268742088], [0.0, 0.0, 1.0]], [[1256.7414812095406, 0.0, 792.1125740759628], [0.0, 1256.7414812095406, 492.7757465151356], [0.0, 0.0, 1.0]], [[809.2209905677063, 0.0, 829.2196003259838], [0.0, 809.2209905677063, 481.77842384512485], [0.0, 0.0, 1.0]], [[1259.5137405846733, 0.0, 807.2529053838625], [0.0, 1259.5137405846733, 501.19579884916527], [0.0, 0.0, 1.0]]], "extrinsics": [[[0.8206017017364502, -0.5704478025436401, 0.03467434272170067, -0.906982421875], [0.03986790403723717, -0.003384905168786645, -0.9991992115974426, 1.51104736328125], [0.5701082944869995, 0.8213269710540771, 0.019964896142482758, -1.2406005859375], [0.0, 0.0, 0.0, 1.0]], [[0.006156792864203453, -0.999950647354126, 0.007792412769049406, 0.005889892578125], [0.03467121347784996, -0.0075744143687188625, -0.9993700981140137, 1.5225372314453125], [0.9993798136711121, 0.006423098500818014, 0.03462287038564682, -1.6343994140625], [0.0, 0.0, 0.0, 1.0]], [[-0.8317337036132812, -0.5538113713264465, -0.03888435661792755, 0.9951171875], [0.04037472605705261, 0.009515640325844288, -0.9991392493247986, 1.5054550170898438], [0.5537047386169434, -0.8325877785682678, 0.014445506036281586, -1.223388671875], [0.0, 0.0, 0.0, 1.0]], [[0.9469935894012451, 0.31874796748161316, 0.04003743827342987, -1.1416015625], [0.049364641308784485, -0.02123436890542507, -0.998555064201355, 1.5885772705078125], [-0.3174371123313904, 0.9476016163825989, -0.03584368899464607, -0.103759765625], [0.0, 0.0, 0.0, 1.0]], [[0.0028266124427318573, 0.9999353885650635, -0.0110122449696064, 0.002674102783203125], [0.023857926949858665, -0.011076587252318859, -0.9996539950370789, 1.5797576904296875], [-0.9997113943099976, 0.0025629547890275717, -0.023887692019343376, -0.0150146484375], [0.0, 0.0, 0.0, 1.0]], [[-0.9335872530937195, 0.3546845316886902, -0.05112389475107193, 1.1058349609375], [0.05634463205933571, 0.004399528261274099, -0.9984017014503479, 1.55328369140625], [-0.3538927733898163, -0.9349757432937622, -0.024091916158795357, -0.07501220703125], [0.0, 0.0, 0.0, 1.0]]], "view": [[0.0, -2.0, 100.0], [-2.0, 0.0, 100.0], [0.0, 0.0, 1.0]], "bev": "bev_fd505b0f155749f0affd63c55574f822.png", "aux": "aux_fd505b0f155749f0affd63c55574f822.npz", "visibility": "visibility_fd505b0f155749f0affd63c55574f822.png", "pose": [[0.4259602725505829, -0.9047418832778931, 0.0, 870.5419921875], [0.9047418832778931, 0.4259602725505829, 0.0, 1703.359619140625], [0.0, 0.0, 1.0, 0.0], [0.0, 0.0, 0.0, 1.0]], "pose_inverse": [[0.4259602725505829, 0.9047418832778931, 0.0, -1911.9171142578125], [-0.9047418832778931, 0.4259602725505829, 0.0, 62.05226135253906], [0.0, 0.0, 1.0, 0.0], [0.0, 0.0, 0.0, 1.0]], "cam_ids": [0, 1, 2, 3, 4, 5], "cam_channels": ["CAM_FRONT_LEFT", "CAM_FRONT", "CAM_FRONT_RIGHT", "CAM_BACK_LEFT", "CAM_BACK", "CAM_BACK_RIGHT"], "token": "fd505b0f155749f0affd63c55574f822", "scene": "scene-0428"}, {"images": ["samples/CAM_FRONT_LEFT/n015-2018-10-08-15-52-24+0800__CAM_FRONT_LEFT__1538985421754844.jpg", "samples/CAM_FRONT/n015-2018-10-08-15-52-24+0800__CAM_FRONT__1538985421762460.jpg", "samples/CAM_FRONT_RIGHT/n015-2018-10-08-15-52-24+0800__CAM_FRONT_RIGHT__1538985421770339.jpg", "samples/CAM_BACK_LEFT/n015-2018-10-08-15-52-24+0800__CAM_BACK_LEFT__1538985421797423.jpg", "samples/CAM_BACK/n015-2018-10-08-15-52-24+0800__CAM_BACK__1538985421787525.jpg", "samples/CAM_BACK_RIGHT/n015-2018-10-08-15-52-24+0800__CAM_BACK_RIGHT__1538985421777893.jpg"], "intrinsics": [[[1272.5979470598488, 0.0, 826.6154927353808], [0.0, 1272.5979470598488, 479.75165386361925], [0.0, 0.0, 1.0]], [[1266.417203046554, 0.0, 816.2670197447984], [0.0, 1266.417203046554, 491.50706579294757], [0.0, 0.0, 1.0]], [[1260.8474446004698, 0.0, 807.968244525554], [0.0, 1260.8474446004698, 495.3344268742088], [0.0, 0.0, 1.0]], [[1256.7414812095406, 0.0, 792.1125740759628], [0.0, 1256.7414812095406, 492.7757465151356], [0.0, 0.0, 1.0]], [[809.2209905677063, 0.0, 829.2196003259838], [0.0, 809.2209905677063, 481.77842384512485], [0.0, 0.0, 1.0]], [[1259.5137405846733, 0.0, 807.2529053838625], [0.0, 1259.5137405846733, 501.19579884916527], [0.0, 0.0, 1.0]]], "extrinsics": [[[0.820614755153656, -0.5702442526817322, 0.03758884593844414, -0.897705078125], [0.04387957602739334, -0.0027081011794507504, -0.9990331530570984, 1.5118255615234375], [0.5697947144508362, 0.8214706778526306, 0.022799769416451454, -1.2340087890625], [0.0, 0.0, 0.0, 1.0]], [[0.006350760813802481, -0.9999555945396423, 0.006952209863811731, 0.00571441650390625], [0.0385357104241848, -0.006702456623315811, -0.9992347955703735, 1.5231094360351562], [0.9992369413375854, 0.00661381846293807, 0.03849143907427788, -1.62548828125], [0.0, 0.0, 0.0, 1.0]], [[-0.8314903974533081, -0.553905725479126, -0.042569682002067566, 0.9891357421875], [0.0440998449921608, 0.010574528016149998, -0.9989711046218872, 1.5059356689453125], [0.5537859797477722, -0.8325121402740479, 0.015634534880518913, -1.2198486328125], [0.0, 0.0, 0.0, 1.0]], [[0.9468572735786438, 0.31867894530296326, 0.04364780709147453, -1.1417236328125], [0.05262307822704315, -0.019604723900556564, -0.9984219670295715, 1.5885696411132812], [-0.3173202872276306, 0.9476598501205444, -0.03533273935317993, -0.103759765625], [0.0, 0.0, 0.0, 1.0]], [[0.002806499134749174, 0.9999502897262573, -0.009574065916240215, 0.0027751922607421875], [0.027285020798444748, -0.009647112339735031, -0.9995811581611633, 1.5798797607421875], [-0.999623715877533, 0.0025441183242946863, -0.02731073647737503, -0.0172119140625], [0.0, 0.0, 0.0, 1.0]], [[-0.9334393739700317, 0.3546411991119385, -0.054042745381593704, 1.1009521484375], [0.0599292516708374, 0.005626987665891647, -0.9981867671012878, 1.5537109375], [-0.35369405150413513, -0.9349856376647949, -0.026505829766392708, -0.076904296875], [0.0, 0.0, 0.0, 1.0]]], "view": [[0.0, -2.0, 100.0], [-2.0, 0.0, 100.0], [0.0, 0.0, 1.0]], "bev": "bev_c74ed8e3422c461eaadbec6e7f02b229.png", "aux": "aux_c74ed8e3422c461eaadbec6e7f02b229.npz", "visibility": "visibility_c74ed8e3422c461eaadbec6e7f02b229.png", "pose": [[0.4405961334705353, -0.8977054357528687, 0.0, 870.9329223632812], [0.8977054357528687, 0.4405961334705353, 0.0, 1704.1669921875], [0.0, 0.0, 1.0, 0.0], [0.0, 0.0, 0.0, 1.0]], "pose_inverse": [[0.4405961334705353, 0.8977054357528687, 0.0, -1913.5697021484375], [-0.8977054357528687, 0.4405961334705353, 0.0, 30.991857528686523], [0.0, 0.0, 1.0, 0.0], [0.0, 0.0, 0.0, 1.0]], "cam_ids": [0, 1, 2, 3, 4, 5], "cam_channels": ["CAM_FRONT_LEFT", "CAM_FRONT", "CAM_FRONT_RIGHT", "CAM_BACK_LEFT", "CAM_BACK", "CAM_BACK_RIGHT"], "token": "c74ed8e3422c461eaadbec6e7f02b229", "scene": "scene-0428"}, {"images": ["samples/CAM_FRONT_LEFT/n015-2018-10-08-15-52-24+0800__CAM_FRONT_LEFT__1538985422254844.jpg", "samples/CAM_FRONT/n015-2018-10-08-15-52-24+0800__CAM_FRONT__1538985422262460.jpg", "samples/CAM_FRONT_RIGHT/n015-2018-10-08-15-52-24+0800__CAM_FRONT_RIGHT__1538985422270339.jpg", "samples/CAM_BACK_LEFT/n015-2018-10-08-15-52-24+0800__CAM_BACK_LEFT__1538985422297423.jpg", "samples/CAM_BACK/n015-2018-10-08-15-52-24+0800__CAM_BACK__1538985422287525.jpg", "samples/CAM_BACK_RIGHT/n015-2018-10-08-15-52-24+0800__CAM_BACK_RIGHT__1538985422277893.jpg"], "intrinsics": [[[1272.5979470598488, 0.0, 826.6154927353808], [0.0, 1272.5979470598488, 479.75165386361925], [0.0, 0.0, 1.0]], [[1266.417203046554, 0.0, 816.2670197447984], [0.0, 1266.417203046554, 491.50706579294757], [0.0, 0.0, 1.0]], [[1260.8474446004698, 0.0, 807.968244525554], [0.0, 1260.8474446004698, 495.3344268742088], [0.0, 0.0, 1.0]], [[1256.7414812095406, 0.0, 792.1125740759628], [0.0, 1256.7414812095406, 492.7757465151356], [0.0, 0.0, 1.0]], [[809.2209905677063, 0.0, 829.2196003259838], [0.0, 809.2209905677063, 481.77842384512485], [0.0, 0.0, 1.0]], [[1259.5137405846733, 0.0, 807.2529053838625], [0.0, 1259.5137405846733, 501.19579884916527], [0.0, 0.0, 1.0]]], "extrinsics": [[[0.8203631639480591, -0.5708285570144653, 0.034045204520225525, -0.89453125], [0.043264567852020264, 0.0025917524471879005, -0.9990602731704712, 1.511962890625], [0.5702039003372192, 0.8210652470588684, 0.026822825893759727, -1.2313232421875], [0.0, 0.0, 0.0, 1.0]], [[0.005986075382679701, -0.9999807476997375, 0.0016385315684601665, 0.005511283874511719], [0.03804730996489525, -0.0014096166705712676, -0.9992749691009521, 1.5232009887695312], [0.9992580413818359, 0.006044081877917051, 0.038038142025470734, -1.621826171875], [0.0, 0.0, 0.0, 1.0]], [[-0.8316448330879211, -0.5534654259681702, -0.04519985243678093, 0.9866943359375], [0.04373913258314133, 0.015855537727475166, -0.9989171028137207, 1.5060348510742188], [0.5535827875137329, -0.8327212333679199, 0.011021923273801804, -1.218505859375], [0.0, 0.0, 0.0, 1.0]], [[0.9468008875846863, 0.3186010718345642, 0.045403365045785904, -1.14208984375], [0.05272918567061424, -0.014402183704078197, -0.9985049962997437, 1.5885543823242188], [-0.31747084856033325, 0.9477794170379639, -0.030435575172305107, -0.10369873046875], [0.0, 0.0, 0.0, 1.0]], [[0.0027937397826462984, 0.9999867677688599, -0.004327992908656597, 0.0029174089431762695], [0.02721538580954075, -0.004402437247335911, -0.9996199607849121, 1.5799064636230469], [-0.9996256828308105, 0.0026748760137706995, -0.02722732350230217, -0.01806640625], [0.0, 0.0, 0.0, 1.0]], [[-0.9334039688110352, 0.35504674911499023, -0.05195048451423645, 1.099365234375], [0.05969557166099548, 0.010886804200708866, -0.998157262802124, 1.553802490234375], [-0.35382699966430664, -0.9347851872444153, -0.031356509774923325, -0.0775146484375], [0.0, 0.0, 0.0, 1.0]]], "view": [[0.0, -2.0, 100.0], [-2.0, 0.0, 100.0], [0.0, 0.0, 1.0]], "bev": "bev_532a4e1234ae4751ac3cd2d1c7b725fb.png", "aux": "aux_532a4e1234ae4751ac3cd2d1c7b725fb.npz", "visibility": "visibility_532a4e1234ae4751ac3cd2d1c7b725fb.png", "pose": [[0.4531174898147583, -0.891450822353363, 0.0, 871.38330078125], [0.891450822353363, 0.4531174898147583, 0.0, 1705.0643310546875], [0.0, 0.0, 1.0, 0.0], [0.0, 0.0, 0.0, 1.0]], "pose_inverse": [[0.4531174898147583, 0.891450822353363, 0.0, -1914.8199462890625], [-0.891450822353363, 0.4531174898147583, 0.0, 4.200886249542236], [0.0, 0.0, 1.0, 0.0], [0.0, 0.0, 0.0, 1.0]], "cam_ids": [0, 1, 2, 3, 4, 5], "cam_channels": ["CAM_FRONT_LEFT", "CAM_FRONT", "CAM_FRONT_RIGHT", "CAM_BACK_LEFT", "CAM_BACK", "CAM_BACK_RIGHT"], "token": "532a4e1234ae4751ac3cd2d1c7b725fb", "scene": "scene-0428"}, {"images": ["samples/CAM_FRONT_LEFT/n015-2018-10-08-15-52-24+0800__CAM_FRONT_LEFT__1538985422754844.jpg", "samples/CAM_FRONT/n015-2018-10-08-15-52-24+0800__CAM_FRONT__1538985422762460.jpg", "samples/CAM_FRONT_RIGHT/n015-2018-10-08-15-52-24+0800__CAM_FRONT_RIGHT__1538985422770339.jpg", "samples/CAM_BACK_LEFT/n015-2018-10-08-15-52-24+0800__CAM_BACK_LEFT__1538985422797423.jpg", "samples/CAM_BACK/n015-2018-10-08-15-52-24+0800__CAM_BACK__1538985422787525.jpg", "samples/CAM_BACK_RIGHT/n015-2018-10-08-15-52-24+0800__CAM_BACK_RIGHT__1538985422777893.jpg"], "intrinsics": [[[1272.5979470598488, 0.0, 826.6154927353808], [0.0, 1272.5979470598488, 479.75165386361925], [0.0, 0.0, 1.0]], [[1266.417203046554, 0.0, 816.2670197447984], [0.0, 1266.417203046554, 491.50706579294757], [0.0, 0.0, 1.0]], [[1260.8474446004698, 0.0, 807.968244525554], [0.0, 1260.8474446004698, 495.3344268742088], [0.0, 0.0, 1.0]], [[1256.7414812095406, 0.0, 792.1125740759628], [0.0, 1256.7414812095406, 492.7757465151356], [0.0, 0.0, 1.0]], [[809.2209905677063, 0.0, 829.2196003259838], [0.0, 809.2209905677063, 481.77842384512485], [0.0, 0.0, 1.0]], [[1259.5137405846733, 0.0, 807.2529053838625], [0.0, 1259.5137405846733, 501.19579884916527], [0.0, 0.0, 1.0]]], "extrinsics": [[[0.8199993968009949, -0.5707414150238037, 0.04307227581739426, -0.885498046875], [0.050150468945503235, -0.003319341456517577, -0.9987361431121826, 1.5130767822265625], [0.5701631307601929, 0.8211231827735901, 0.025901086628437042, -1.226318359375], [0.0, 0.0, 0.0, 1.0]], [[0.005777508020401001, -0.999954104423523, 0.007635843008756638, 0.0063114166259765625], [0.04487469047307968, -0.0073690167628228664, -0.9989654421806335, 1.5240631103515625], [0.998975932598114, 0.006114220712333918, 0.04483005777001381, -1.61376953125], [0.0, 0.0, 0.0, 1.0]], [[-0.8314316272735596, -0.5535920858383179, -0.047509633004665375, 0.982666015625], [0.05049152299761772, 0.009874536655843258, -0.9986756443977356, 1.5066909790039062], [0.5533280968666077, -0.8327293992042542, 0.019741704687476158, -1.2147216796875], [0.0, 0.0, 0.0, 1.0]], [[0.946605384349823, 0.3185543417930603, 0.049611274152994156, -1.1422119140625], [0.05915911868214607, -0.020361561328172684, -0.9980408549308777, 1.5885467529296875], [-0.31692007184028625, 0.947685956954956, -0.038119759410619736, -0.1036376953125], [0.0, 0.0, 0.0, 1.0]], [[0.003120166016742587, 0.9999421238899231, -0.01029825210571289, 0.002635955810546875], [0.03377195820212364, -0.01039779745042324, -0.9993754625320435, 1.5800971984863281], [-0.9994246959686279, 0.00277041201479733, -0.033802445977926254, -0.02001953125], [0.0, 0.0, 0.0, 1.0]], [[-0.932952880859375, 0.35491156578063965, -0.06030545383691788, 1.095703125], [0.06635811179876328, 0.004894675686955452, -0.997783899307251, 1.5543212890625], [-0.35382992029190063, -0.9348870515823364, -0.028117766603827477, -0.0784912109375], [0.0, 0.0, 0.0, 1.0]]], "view": [[0.0, -2.0, 100.0], [-2.0, 0.0, 100.0], [0.0, 0.0, 1.0]], "bev": "bev_d369bfc4d1454b62b4d8f8594dc31d3c.png", "aux": "aux_d369bfc4d1454b62b4d8f8594dc31d3c.npz", "visibility": "visibility_d369bfc4d1454b62b4d8f8594dc31d3c.png", "pose": [[0.46242591738700867, -0.8866579532623291, 0.0, 871.866455078125], [0.8866579532623291, 0.46242591738700867, 0.0, 1705.9908447265625], [0.0, 0.0, 1.0, 0.0], [0.0, 0.0, 0.0, 1.0]], "pose_inverse": [[0.46242591738700867, 0.8866579532623291, 0.0, -1915.803955078125], [-0.8866579532623291, 0.46242591738700867, 0.0, -15.847076416015625], [0.0, 0.0, 1.0, 0.0], [0.0, 0.0, 0.0, 1.0]], "cam_ids": [0, 1, 2, 3, 4, 5], "cam_channels": ["CAM_FRONT_LEFT", "CAM_FRONT", "CAM_FRONT_RIGHT", "CAM_BACK_LEFT", "CAM_BACK", "CAM_BACK_RIGHT"], "token": "d369bfc4d1454b62b4d8f8594dc31d3c", "scene": "scene-0428"}, {"images": ["samples/CAM_FRONT_LEFT/n015-2018-10-08-15-52-24+0800__CAM_FRONT_LEFT__1538985423254844.jpg", "samples/CAM_FRONT/n015-2018-10-08-15-52-24+0800__CAM_FRONT__1538985423262460.jpg", "samples/CAM_FRONT_RIGHT/n015-2018-10-08-15-52-24+0800__CAM_FRONT_RIGHT__1538985423270339.jpg", "samples/CAM_BACK_LEFT/n015-2018-10-08-15-52-24+0800__CAM_BACK_LEFT__1538985423297423.jpg", "samples/CAM_BACK/n015-2018-10-08-15-52-24+0800__CAM_BACK__1538985423287525.jpg", "samples/CAM_BACK_RIGHT/n015-2018-10-08-15-52-24+0800__CAM_BACK_RIGHT__1538985423277893.jpg"], "intrinsics": [[[1272.5979470598488, 0.0, 826.6154927353808], [0.0, 1272.5979470598488, 479.75165386361925], [0.0, 0.0, 1.0]], [[1266.417203046554, 0.0, 816.2670197447984], [0.0, 1266.417203046554, 491.50706579294757], [0.0, 0.0, 1.0]], [[1260.8474446004698, 0.0, 807.968244525554], [0.0, 1260.8474446004698, 495.3344268742088], [0.0, 0.0, 1.0]], [[1256.7414812095406, 0.0, 792.1125740759628], [0.0, 1256.7414812095406, 492.7757465151356], [0.0, 0.0, 1.0]], [[809.2209905677063, 0.0, 829.2196003259838], [0.0, 809.2209905677063, 481.77842384512485], [0.0, 0.0, 1.0]], [[1259.5137405846733, 0.0, 807.2529053838625], [0.0, 1259.5137405846733, 501.19579884916527], [0.0, 0.0, 1.0]]], "extrinsics": [[[0.8196306228637695, -0.5710520148277283, 0.045883554965257645, -0.876220703125], [0.057381585240364075, 0.0021431546192616224, -0.9983500242233276, 1.514434814453125], [0.5700114369392395, 0.8209111094474792, 0.03452446684241295, -1.2191162109375], [0.0, 0.0, 0.0, 1.0]], [[0.005664988420903683, -0.999981164932251, 0.0023415200412273407, 0.0059871673583984375], [0.052175771445035934, -0.002042788779363036, -0.9986358880996704, 1.5252151489257812], [0.9986218214035034, 0.005779458675533533, 0.05216320976614952, -1.6026611328125], [0.0, 0.0, 0.0, 1.0]], [[-0.8310868740081787, -0.5532638430595398, -0.056514251977205276, 0.9736328125], [0.057866550981998444, 0.015039892867207527, -0.9982110261917114, 1.5077438354492188], [0.5531240105628967, -0.8328703045845032, 0.01951601170003414, -1.209228515625], [0.0, 0.0, 0.0, 1.0]], [[0.9461890459060669, 0.3183450400829315, 0.05816056579351425, -1.139892578125], [0.06667573750019073, -0.015907548367977142, -0.9976478815078735, 1.588714599609375], [-0.3166710436344147, 0.9478414058685303, -0.03627743571996689, -0.10443115234375], [0.0, 0.0, 0.0, 1.0]], [[0.0031874142587184906, 0.9999797940254211, -0.00551563361659646, 0.002727508544921875], [0.0412571094930172, -0.005642468109726906, -0.9991326928138733, 1.5804901123046875], [-0.9991434216499329, 0.002957165939733386, -0.04127425700426102, -0.025634765625], [0.0, 0.0, 0.0, 1.0]], [[-0.9324681162834167, 0.3552715480327606, -0.06546275317668915, 1.0875244140625], [0.07377392053604126, 0.009881624951958656, -0.9972259998321533, 1.5552978515625], [-0.353639155626297, -0.9347108602523804, -0.03542407602071762, -0.081787109375], [0.0, 0.0, 0.0, 1.0]]], "view": [[0.0, -2.0, 100.0], [-2.0, 0.0, 100.0], [0.0, 0.0, 1.0]], "bev": "bev_ed08b4f4caeb43dcbb3411f531892913.png", "aux": "aux_ed08b4f4caeb43dcbb3411f531892913.npz", "visibility": "visibility_ed08b4f4caeb43dcbb3411f531892913.png", "pose": [[0.4747040271759033, -0.8801454901695251, 0.0, 872.4335327148438], [0.8801454901695251, 0.4747040271759033, 0.0, 1707.0443115234375], [0.0, 0.0, 1.0, 0.0], [0.0, 0.0, 0.0, 1.0]], "pose_inverse": [[0.4747040271759033, 0.8801454901695251, 0.0, -1916.5950927734375], [-0.8801454901695251, 0.4747040271759033, 0.0, -42.47235107421875], [0.0, 0.0, 1.0, 0.0], [0.0, 0.0, 0.0, 1.0]], "cam_ids": [0, 1, 2, 3, 4, 5], "cam_channels": ["CAM_FRONT_LEFT", "CAM_FRONT", "CAM_FRONT_RIGHT", "CAM_BACK_LEFT", "CAM_BACK", "CAM_BACK_RIGHT"], "token": "ed08b4f4caeb43dcbb3411f531892913", "scene": "scene-0428"}, {"images": ["samples/CAM_FRONT_LEFT/n015-2018-10-08-15-52-24+0800__CAM_FRONT_LEFT__1538985423754844.jpg", "samples/CAM_FRONT/n015-2018-10-08-15-52-24+0800__CAM_FRONT__1538985423762460.jpg", "samples/CAM_FRONT_RIGHT/n015-2018-10-08-15-52-24+0800__CAM_FRONT_RIGHT__1538985423770339.jpg", "samples/CAM_BACK_LEFT/n015-2018-10-08-15-52-24+0800__CAM_BACK_LEFT__1538985423797423.jpg", "samples/CAM_BACK/n015-2018-10-08-15-52-24+0800__CAM_BACK__1538985423787525.jpg", "samples/CAM_BACK_RIGHT/n015-2018-10-08-15-52-24+0800__CAM_BACK_RIGHT__1538985423777893.jpg"], "intrinsics": [[[1272.5979470598488, 0.0, 826.6154927353808], [0.0, 1272.5979470598488, 479.75165386361925], [0.0, 0.0, 1.0]], [[1266.417203046554, 0.0, 816.2670197447984], [0.0, 1266.417203046554, 491.50706579294757], [0.0, 0.0, 1.0]], [[1260.8474446004698, 0.0, 807.968244525554], [0.0, 1260.8474446004698, 495.3344268742088], [0.0, 0.0, 1.0]], [[1256.7414812095406, 0.0, 792.1125740759628], [0.0, 1256.7414812095406, 492.7757465151356], [0.0, 0.0, 1.0]], [[809.2209905677063, 0.0, 829.2196003259838], [0.0, 809.2209905677063, 481.77842384512485], [0.0, 0.0, 1.0]], [[1259.5137405846733, 0.0, 807.2529053838625], [0.0, 1259.5137405846733, 501.19579884916527], [0.0, 0.0, 1.0]]], "extrinsics": [[[0.8203456997871399, -0.5699443221092224, 0.04686478152871132, -0.86474609375], [0.05963179096579552, 0.003750602714717388, -0.9982133507728577, 1.5155258178710938], [0.568750262260437, 0.8216747045516968, 0.0370635949075222, -1.2109375], [0.0, 0.0, 0.0, 1.0]], [[0.006891755387187004, -0.9999759793281555, 0.0007104343385435641, 0.0059051513671875], [0.05434388667345047, -0.00033486844040453434, -0.9985222816467285, 1.5260009765625], [0.9984984397888184, 0.006920150946825743, 0.05434027314186096, -1.5919189453125], [0.0, 0.0, 0.0, 1.0]], [[-0.8304036855697632, -0.5540053844451904, -0.05922611802816391, 0.9677734375], [0.05993219465017319, 0.016864996403455734, -0.9980599880218506, 1.5083160400390625], [0.5539294481277466, -0.8323421478271484, 0.01919800415635109, -1.2054443359375], [0.0, 0.0, 0.0, 1.0]], [[0.9460548758506775, 0.31825342774391174, 0.06078536435961723, -1.14013671875], [0.06868653744459152, -0.013652980327606201, -0.9975448846817017, 1.588714599609375], [-0.3166421353816986, 0.9479073286056519, -0.03477619215846062, -0.10430908203125], [0.0, 0.0, 0.0, 1.0]], [[0.0027798800729215145, 0.9999901652336121, -0.0034429507795721292, 0.00279998779296875], [0.04327232763171196, -0.0035600310657173395, -0.9990569949150085, 1.5806503295898438], [-0.9990594983100891, 0.0026282339822500944, -0.04328180477023125, -0.0281982421875], [0.0, 0.0, 0.0, 1.0]], [[-0.932603657245636, 0.35468485951423645, -0.06670048832893372, 1.083251953125], [0.07580871134996414, 0.011829121969640255, -0.9970521926879883, 1.5557708740234375], [-0.3528502881526947, -0.9349111318588257, -0.03792008012533188, -0.08343505859375], [0.0, 0.0, 0.0, 1.0]]], "view": [[0.0, -2.0, 100.0], [-2.0, 0.0, 100.0], [0.0, 0.0, 1.0]], "bev": "bev_7717fb1cf75d4973bda8859735a8ea85.png", "aux": "aux_7717fb1cf75d4973bda8859735a8ea85.npz", "visibility": "visibility_7717fb1cf75d4973bda8859735a8ea85.png", "pose": [[0.49240779876708984, -0.8703646063804626, 0.0, 873.0833129882812], [0.8703646063804626, 0.49240779876708984, 0.0, 1708.2076416015625], [0.0, 0.0, 1.0, 0.0], [0.0, 0.0, 0.0, 1.0]], "pose_inverse": [[0.49240779876708984, 0.8703646063804626, 0.0, -1916.676513671875], [-0.8703646063804626, 0.49240779876708984, 0.0, -81.23394012451172], [0.0, 0.0, 1.0, 0.0], [0.0, 0.0, 0.0, 1.0]], "cam_ids": [0, 1, 2, 3, 4, 5], "cam_channels": ["CAM_FRONT_LEFT", "CAM_FRONT", "CAM_FRONT_RIGHT", "CAM_BACK_LEFT", "CAM_BACK", "CAM_BACK_RIGHT"], "token": "7717fb1cf75d4973bda8859735a8ea85", "scene": "scene-0428"}, {"images": ["samples/CAM_FRONT_LEFT/n015-2018-10-08-15-52-24+0800__CAM_FRONT_LEFT__1538985424254844.jpg", "samples/CAM_FRONT/n015-2018-10-08-15-52-24+0800__CAM_FRONT__1538985424262460.jpg", "samples/CAM_FRONT_RIGHT/n015-2018-10-08-15-52-24+0800__CAM_FRONT_RIGHT__1538985424270339.jpg", "samples/CAM_BACK_LEFT/n015-2018-10-08-15-52-24+0800__CAM_BACK_LEFT__1538985424297423.jpg", "samples/CAM_BACK/n015-2018-10-08-15-52-24+0800__CAM_BACK__1538985424287525.jpg", "samples/CAM_BACK_RIGHT/n015-2018-10-08-15-52-24+0800__CAM_BACK_RIGHT__1538985424277893.jpg"], "intrinsics": [[[1272.5979470598488, 0.0, 826.6154927353808], [0.0, 1272.5979470598488, 479.75165386361925], [0.0, 0.0, 1.0]], [[1266.417203046554, 0.0, 816.2670197447984], [0.0, 1266.417203046554, 491.50706579294757], [0.0, 0.0, 1.0]], [[1260.8474446004698, 0.0, 807.968244525554], [0.0, 1260.8474446004698, 495.3344268742088], [0.0, 0.0, 1.0]], [[1256.7414812095406, 0.0, 792.1125740759628], [0.0, 1256.7414812095406, 492.7757465151356], [0.0, 0.0, 1.0]], [[809.2209905677063, 0.0, 829.2196003259838], [0.0, 809.2209905677063, 481.77842384512485], [0.0, 0.0, 1.0]], [[1259.5137405846733, 0.0, 807.2529053838625], [0.0, 1259.5137405846733, 501.19579884916527], [0.0, 0.0, 1.0]]], "extrinsics": [[[0.8209964036941528, -0.5692309141159058, 0.044059306383132935, -0.859619140625], [0.06028599664568901, 0.009692883118987083, -0.9981340765953064, 1.5159378051757812], [0.5677416920661926, 0.8221206068992615, 0.04227447137236595, -1.2086181640625], [0.0, 0.0, 0.0, 1.0]], [[0.007892935536801815, -0.999955415725708, -0.0051892781630158424, 0.006805419921875], [0.05505600571632385, 0.005616124719381332, -0.9984675049781799, 1.5262832641601562], [0.9984520077705383, 0.007595162373036146, 0.055097874253988266, -1.587890625], [0.0, 0.0, 0.0, 1.0]], [[-0.829915463924408, -0.554304838180542, -0.0631396695971489, 0.9656982421875], [0.06069079041481018, 0.022800829261541367, -0.997896134853363, 1.5085220336914062], [0.5545782446861267, -0.8320013880729675, 0.014718436636030674, -1.20330810546875], [0.0, 0.0, 0.0, 1.0]], [[0.9459359049797058, 0.31806617975234985, 0.06355400383472443, -1.141845703125], [0.06963649392127991, -0.007777825463563204, -0.9975420832633972, 1.588592529296875], [-0.31679004430770874, 0.9480366110801697, -0.02950633503496647, -0.103729248046875], [0.0, 0.0, 0.0, 1.0]], [[0.0023838281631469727, 0.9999942183494568, 0.0024553106632083654, 0.0024871826171875], [0.044161248952150345, 0.002347650472074747, -0.9990217089653015, 1.5806732177734375], [-0.999021589756012, 0.0024900014977902174, -0.044155389070510864, -0.0277099609375], [0.0, 0.0, 0.0, 1.0]], [[-0.9327686429023743, 0.3544977903366089, -0.06537618488073349, 1.0816650390625], [0.07662094384431839, 0.01776018738746643, -0.9969021081924438, 1.5558929443359375], [-0.35223859548568726, -0.9348882436752319, -0.04372809827327728, -0.08380126953125], [0.0, 0.0, 0.0, 1.0]]], "view": [[0.0, -2.0, 100.0], [-2.0, 0.0, 100.0], [0.0, 0.0, 1.0]], "bev": "bev_10c6d7d9d2be414f8e694a6e0a6073c8.png", "aux": "aux_10c6d7d9d2be414f8e694a6e0a6073c8.npz", "visibility": "visibility_10c6d7d9d2be414f8e694a6e0a6073c8.png", "pose": [[0.5259448289871216, -0.8505187034606934, 0.0, 873.8310546875], [0.8505187034606934, 0.5259448289871216, 0.0, 1709.4493408203125], [0.0, 0.0, 1.0, 0.0], [0.0, 0.0, 0.0, 1.0]], "pose_inverse": [[0.5259448289871216, 0.8505187034606934, 0.0, -1913.5054931640625], [-0.8505187034606934, 0.5259448289871216, 0.0, -155.86634826660156], [0.0, 0.0, 1.0, 0.0], [0.0, 0.0, 0.0, 1.0]], "cam_ids": [0, 1, 2, 3, 4, 5], "cam_channels": ["CAM_FRONT_LEFT", "CAM_FRONT", "CAM_FRONT_RIGHT", "CAM_BACK_LEFT", "CAM_BACK", "CAM_BACK_RIGHT"], "token": "10c6d7d9d2be414f8e694a6e0a6073c8", "scene": "scene-0428"}, {"images": ["samples/CAM_FRONT_LEFT/n015-2018-10-08-15-52-24+0800__CAM_FRONT_LEFT__1538985424754844.jpg", "samples/CAM_FRONT/n015-2018-10-08-15-52-24+0800__CAM_FRONT__1538985424762460.jpg", "samples/CAM_FRONT_RIGHT/n015-2018-10-08-15-52-24+0800__CAM_FRONT_RIGHT__1538985424770339.jpg", "samples/CAM_BACK_LEFT/n015-2018-10-08-15-52-24+0800__CAM_BACK_LEFT__1538985424797423.jpg", "samples/CAM_BACK/n015-2018-10-08-15-52-24+0800__CAM_BACK__1538985424787538.jpg", "samples/CAM_BACK_RIGHT/n015-2018-10-08-15-52-24+0800__CAM_BACK_RIGHT__1538985424777893.jpg"], "intrinsics": [[[1272.5979470598488, 0.0, 826.6154927353808], [0.0, 1272.5979470598488, 479.75165386361925], [0.0, 0.0, 1.0]], [[1266.417203046554, 0.0, 816.2670197447984], [0.0, 1266.417203046554, 491.50706579294757], [0.0, 0.0, 1.0]], [[1260.8474446004698, 0.0, 807.968244525554], [0.0, 1260.8474446004698, 495.3344268742088], [0.0, 0.0, 1.0]], [[1256.7414812095406, 0.0, 792.1125740759628], [0.0, 1256.7414812095406, 492.7757465151356], [0.0, 0.0, 1.0]], [[809.2209905677063, 0.0, 829.2196003259838], [0.0, 809.2209905677063, 481.77842384512485], [0.0, 0.0, 1.0]], [[1259.5137405846733, 0.0, 807.2529053838625], [0.0, 1259.5137405846733, 501.19579884916527], [0.0, 0.0, 1.0]]], "extrinsics": [[[0.8208213448524475, -0.5694365501403809, 0.044657547026872635, -0.852783203125], [0.06141182780265808, 0.010250898078083992, -0.998059868812561, 1.5166091918945312], [0.5678739547729492, 0.8219713568687439, 0.04338429495692253, -1.203369140625], [0.0, 0.0, 0.0, 1.0]], [[0.007642318494617939, -0.9999540448188782, -0.005779286380857229, 0.0062713623046875], [0.05623912811279297, 0.006200112402439117, -0.9983980655670166, 1.5268096923828125], [0.9983880519866943, 0.007305036298930645, 0.05628392845392227, -1.58056640625], [0.0, 0.0, 0.0, 1.0]], [[-0.8299999833106995, -0.5540192127227783, -0.06451724469661713, 0.960693359375], [0.061931632459163666, 0.023415086790919304, -0.997805655002594, 1.5090179443359375], [0.5543142557144165, -0.8321744799613953, 0.014876794070005417, -1.200439453125], [0.0, 0.0, 0.0, 1.0]], [[0.9458582997322083, 0.31798896193504333, 0.06507758796215057, -1.1405029296875], [0.07099258899688721, -0.007035337388515472, -0.9974520206451416, 1.58868408203125], [-0.3167208731174469, 0.9480683207511902, -0.029229290783405304, -0.10418701171875], [0.0, 0.0, 0.0, 1.0]], [[0.002516719978302717, 0.9999918937683105, 0.0031641682144254446, 0.002685546875], [0.045487187802791595, 0.0030464213341474533, -0.9989603161811829, 1.5808563232421875], [-0.9989617466926575, 0.0026580875273793936, -0.045479148626327515, -0.0308837890625], [0.0, 0.0, 0.0, 1.0]], [[-0.9325965642929077, 0.3547717332839966, -0.06633669883012772, 1.0775146484375], [0.0779036432504654, 0.018402963876724243, -0.9967910647392273, 1.55633544921875], [-0.35241252183914185, -0.9347718358039856, -0.04480056092143059, -0.08563232421875], [0.0, 0.0, 0.0, 1.0]]], "view": [[0.0, -2.0, 100.0], [-2.0, 0.0, 100.0], [0.0, 0.0, 1.0]], "bev": "bev_5a1ce686e8bc4a95821bf4b7e147149c.png", "aux": "aux_5a1ce686e8bc4a95821bf4b7e147149c.npz", "visibility": "visibility_5a1ce686e8bc4a95821bf4b7e147149c.png", "pose": [[0.5587747693061829, -0.829319417476654, 0.0, 874.6766357421875], [0.829319417476654, 0.5587747693061829, 0.0, 1710.743896484375], [0.0, 0.0, 1.0, 0.0], [0.0, 0.0, 0.0, 1.0]], "pose_inverse": [[0.5587747693061829, 0.829319417476654, 0.0, -1907.5003662109375], [-0.829319417476654, 0.5587747693061829, 0.0, -230.53424072265625], [0.0, 0.0, 1.0, 0.0], [0.0, 0.0, 0.0, 1.0]], "cam_ids": [0, 1, 2, 3, 4, 5], "cam_channels": ["CAM_FRONT_LEFT", "CAM_FRONT", "CAM_FRONT_RIGHT", "CAM_BACK_LEFT", "CAM_BACK", "CAM_BACK_RIGHT"], "token": "5a1ce686e8bc4a95821bf4b7e147149c", "scene": "scene-0428"}, {"images": ["samples/CAM_FRONT_LEFT/n015-2018-10-08-15-52-24+0800__CAM_FRONT_LEFT__1538985425254844.jpg", "samples/CAM_FRONT/n015-2018-10-08-15-52-24+0800__CAM_FRONT__1538985425262460.jpg", "samples/CAM_FRONT_RIGHT/n015-2018-10-08-15-52-24+0800__CAM_FRONT_RIGHT__1538985425270339.jpg", "samples/CAM_BACK_LEFT/n015-2018-10-08-15-52-24+0800__CAM_BACK_LEFT__1538985425297425.jpg", "samples/CAM_BACK/n015-2018-10-08-15-52-24+0800__CAM_BACK__1538985425287525.jpg", "samples/CAM_BACK_RIGHT/n015-2018-10-08-15-52-24+0800__CAM_BACK_RIGHT__1538985425277893.jpg"], "intrinsics": [[[1272.5979470598488, 0.0, 826.6154927353808], [0.0, 1272.5979470598488, 479.75165386361925], [0.0, 0.0, 1.0]], [[1266.417203046554, 0.0, 816.2670197447984], [0.0, 1266.417203046554, 491.50706579294757], [0.0, 0.0, 1.0]], [[1260.8474446004698, 0.0, 807.968244525554], [0.0, 1260.8474446004698, 495.3344268742088], [0.0, 0.0, 1.0]], [[1256.7414812095406, 0.0, 792.1125740759628], [0.0, 1256.7414812095406, 492.7757465151356], [0.0, 0.0, 1.0]], [[809.2209905677063, 0.0, 829.2196003259838], [0.0, 809.2209905677063, 481.77842384512485], [0.0, 0.0, 1.0]], [[1259.5137405846733, 0.0, 807.2529053838625], [0.0, 1259.5137405846733, 501.19579884916527], [0.0, 0.0, 1.0]]], "extrinsics": [[[0.8206722736358643, -0.5690358281135559, 0.0519166924059391, -0.84521484375], [0.0680929645895958, 0.00718258460983634, -0.9976531267166138, 1.5181121826171875], [0.5673274397850037, 0.8222813606262207, 0.0446418821811676, -1.1995849609375], [0.0, 0.0, 0.0, 1.0]], [[0.007844370789825916, -0.9999662637710571, -0.002426853170618415, 0.007537841796875], [0.06291903555393219, 0.002915692748501897, -0.9980143904685974, 1.527984619140625], [0.9979878067970276, 0.007676033768802881, 0.06293978542089462, -1.573974609375], [0.0, 0.0, 0.0, 1.0]], [[-0.8295351266860962, -0.5542839765548706, -0.06812357902526855, 0.95703125], [0.06860224157571793, 0.01992041990160942, -0.9974451661109924, 1.5098876953125], [0.5542249083518982, -0.8320892453193665, 0.02150043472647667, -1.1971435546875], [0.0, 0.0, 0.0, 1.0]], [[0.9455590844154358, 0.3178350031375885, 0.06999200582504272, -1.1407470703125], [0.07754643261432648, -0.011162614449858665, -0.9969262480735779, 1.58868408203125], [-0.3160768151283264, 0.9480803608894348, -0.03520188480615616, -0.104095458984375], [0.0, 0.0, 0.0, 1.0]], [[0.0027799212839454412, 0.9999958872795105, -0.0007359922747127712, 0.002593994140625], [0.052112363278865814, -0.000879864557646215, -0.9986408352851868, 1.581146240234375], [-0.9986373782157898, 0.00273774354