[{"images": ["samples/CAM_FRONT_LEFT/n015-2018-08-01-16-41-59+0800__CAM_FRONT_LEFT__1533113379504844.jpg", "samples/CAM_FRONT/n015-2018-08-01-16-41-59+0800__CAM_FRONT__1533113379512460.jpg", "samples/CAM_FRONT_RIGHT/n015-2018-08-01-16-41-59+0800__CAM_FRONT_RIGHT__1533113379520339.jpg", "samples/CAM_BACK_LEFT/n015-2018-08-01-16-41-59+0800__CAM_BACK_LEFT__1533113379547423.jpg", "samples/CAM_BACK/n015-2018-08-01-16-41-59+0800__CAM_BACK__1533113379537525.jpg", "samples/CAM_BACK_RIGHT/n015-2018-08-01-16-41-59+0800__CAM_BACK_RIGHT__1533113379527893.jpg"], "intrinsics": [[[1272.5979470598488, 0.0, 826.6154927353808], [0.0, 1272.5979470598488, 479.75165386361925], [0.0, 0.0, 1.0]], [[1266.417203046554, 0.0, 816.2670197447984], [0.0, 1266.417203046554, 491.50706579294757], [0.0, 0.0, 1.0]], [[1260.8474446004698, 0.0, 807.968244525554], [0.0, 1260.8474446004698, 495.3344268742088], [0.0, 0.0, 1.0]], [[1256.7414812095406, 0.0, 792.1125740759628], [0.0, 1256.7414812095406, 492.7757465151356], [0.0, 0.0, 1.0]], [[809.2209905677063, 0.0, 829.2196003259838], [0.0, 809.2209905677063, 481.77842384512485], [0.0, 0.0, 1.0]], [[1259.5137405846733, 0.0, 807.2529053838625], [0.0, 1259.5137405846733, 501.19579884916527], [0.0, 0.0, 1.0]]], "extrinsics": [[[0.8234941959381104, -0.5672562718391418, 0.008812990039587021, -0.6879353523254395], [-0.017443280667066574, -0.040843505412340164, -0.9990132451057434, 1.5023689270019531], [0.5670564770698547, 0.8225279450416565, -0.043529197573661804, -1.08935546875], [0.0, 0.0, 0.0, 1.0]], [[0.009764113463461399, -0.9989593029022217, 0.04455268755555153, 0.007568359375], [-0.022814009338617325, -0.044765762984752655, -0.9987369775772095, 1.5142173767089844], [0.9996920824050903, 0.008735374547541142, -0.02322736382484436, -1.415771484375], [0.0, 0.0, 0.0, 1.0]], [[-0.8312647342681885, -0.5550863146781921, 0.029631655663251877, 0.8536376953125], [-0.01733708195388317, -0.027391012758016586, -0.9994744062423706, 1.4999198913574219], [0.5556061863899231, -0.8313416242599487, 0.013145606964826584, -1.12957763671875], [0.0, 0.0, 0.0, 1.0]], [[0.9477366805076599, 0.31795671582221985, -0.026433421298861504, -1.141845703125], [-0.008691180497407913, -0.05709065496921539, -0.9983311295509338, 1.5885467529296875], [-0.3189351558685303, 0.9463847875595093, -0.05134348198771477, -0.10369873046875], [0.0, 0.0, 0.0, 1.0]], [[0.0013135818298906088, 0.998875081539154, -0.04740186035633087, 0.0030517578125], [-0.03406231850385666, -0.047329697757959366, -0.9982984066009521, 1.5766525268554688], [-0.9994189143180847, 0.002925971057265997, 0.03396182879805565, -0.0772705078125], [0.0, 0.0, 0.0, 1.0]], [[-0.9355913996696472, 0.35294198989868164, -0.010036015883088112, 0.99102783203125], [-0.0014325077645480633, -0.03221786022186279, -0.9994798302650452, 1.5512237548828125], [-0.3530818223953247, -0.9350903630256653, 0.03064834326505661, -0.11865234375], [0.0, 0.0, 0.0, 1.0]]], "view": [[0.0, -2.0, 100.0], [-2.0, 0.0, 100.0], [0.0, 0.0, 1.0]], "bev": "bev_accc8d9fe7834602a03916890666df9f.png", "aux": "aux_accc8d9fe7834602a03916890666df9f.npz", "visibility": "visibility_accc8d9fe7834602a03916890666df9f.png", "pose": [[-0.9703017473220825, -0.2418978363275528, 0.0, 968.0952758789062], [0.2418978363275528, -0.9703017473220825, 0.0, 864.2431030273438], [0.0, 0.0, 1.0, 0.0], [0.0, 0.0, 0.0, 1.0]], "pose_inverse": [[-0.9703017473220825, 0.2418978363275528, 0.0, 730.2859497070312], [-0.2418978363275528, -0.9703017473220825, 0.0, 1072.7567138671875], [0.0, 0.0, 1.0, 0.0], [0.0, 0.0, 0.0, 1.0]], "cam_ids": [0, 1, 2, 3, 4, 5], "cam_channels": ["CAM_FRONT_LEFT", "CAM_FRONT", "CAM_FRONT_RIGHT", "CAM_BACK_LEFT", "CAM_BACK", "CAM_BACK_RIGHT"], "token": "accc8d9fe7834602a03916890666df9f", "scene": "scene-0139"}, {"images": ["samples/CAM_FRONT_LEFT/n015-2018-08-01-16-41-59+0800__CAM_FRONT_LEFT__1533113380004844.jpg", "samples/CAM_FRONT/n015-2018-08-01-16-41-59+0800__CAM_FRONT__1533113380012460.jpg", "samples/CAM_FRONT_RIGHT/n015-2018-08-01-16-41-59+0800__CAM_FRONT_RIGHT__1533113380020339.jpg", "samples/CAM_BACK_LEFT/n015-2018-08-01-16-41-59+0800__CAM_BACK_LEFT__1533113380047423.jpg", "samples/CAM_BACK/n015-2018-08-01-16-41-59+0800__CAM_BACK__1533113380037525.jpg", "samples/CAM_BACK_RIGHT/n015-2018-08-01-16-41-59+0800__CAM_BACK_RIGHT__1533113380027893.jpg"], "intrinsics": [[[1272.5979470598488, 0.0, 826.6154927353808], [0.0, 1272.5979470598488, 479.75165386361925], [0.0, 0.0, 1.0]], [[1266.417203046554, 0.0, 816.2670197447984], [0.0, 1266.417203046554, 491.50706579294757], [0.0, 0.0, 1.0]], [[1260.8474446004698, 0.0, 807.968244525554], [0.0, 1260.8474446004698, 495.3344268742088], [0.0, 0.0, 1.0]], [[1256.7414812095406, 0.0, 792.1125740759628], [0.0, 1256.7414812095406, 492.7757465151356], [0.0, 0.0, 1.0]], [[809.2209905677063, 0.0, 829.2196003259838], [0.0, 809.2209905677063, 481.77842384512485], [0.0, 0.0, 1.0]], [[1259.5137405846733, 0.0, 807.2529053838625], [0.0, 1259.5137405846733, 501.19579884916527], [0.0, 0.0, 1.0]]], "extrinsics": [[[0.8226556777954102, -0.5684118866920471, 0.012062035501003265, -0.6629867553710938], [-0.012573878280818462, -0.039400454610586166, -0.9991443753242493, 1.5035820007324219], [0.5684008002281189, 0.8218001127243042, -0.03956014662981033, -1.0701904296875], [0.0, 0.0, 0.0, 1.0]], [[0.0084708072245121, -0.9990264177322388, 0.043292928487062454, 0.0064697265625], [-0.01792880706489086, -0.04343925788998604, -0.9988952279090881, 1.5150604248046875], [0.999803364276886, 0.007685230113565922, -0.018279319629073143, -1.38946533203125], [0.0, 0.0, 0.0, 1.0]], [[-0.8318289518356323, -0.5544750094413757, 0.024860180914402008, 0.835693359375], [-0.012412512674927711, -0.026195310056209564, -0.9995797276496887, 1.5006942749023438], [0.5548931956291199, -0.8317879438400269, 0.014907591976225376, -1.11859130859375], [0.0, 0.0, 0.0, 1.0]], [[0.9477930665016174, 0.31816864013671875, -0.02137569896876812, -1.1385498046875], [-0.003600903321057558, -0.05634962394833565, -0.9984046220779419, 1.5885162353515625], [-0.318865567445755, 0.9463579654693604, -0.052262093871831894, -0.10455322265625], [0.0, 0.0, 0.0, 1.0]], [[0.0017049715388566256, 0.9989173412322998, -0.046488527208566666, 0.0032958984375], [-0.029056230559945107, -0.04641948267817497, -0.99849933385849, 1.5767440795898438], [-0.9995763301849365, 0.003053189255297184, 0.02894562855362892, -0.0875244140625], [0.0, 0.0, 0.0, 1.0]], [[-0.9353534579277039, 0.3534248471260071, -0.014306501485407352, 0.975921630859375], [0.0035218223929405212, -0.031139085069298744, -0.9995088577270508, 1.552032470703125], [-0.3536967635154724, -0.9349445104598999, 0.027881352230906487, -0.1248779296875], [0.0, 0.0, 0.0, 1.0]]], "view": [[0.0, -2.0, 100.0], [-2.0, 0.0, 100.0], [0.0, 0.0, 1.0]], "bev": "bev_8ff25014d1a243bca7c7032ef9005353.png", "aux": "aux_8ff25014d1a243bca7c7032ef9005353.npz", "visibility": "visibility_8ff25014d1a243bca7c7032ef9005353.png", "pose": [[-0.9569206237792969, -0.2903496026992798, 0.0, 964.0626831054688], [0.2903496026992798, -0.9569206237792969, 0.0, 865.3612670898438], [0.0, 0.0, 1.0, 0.0], [0.0, 0.0, 0.0, 1.0]], "pose_inverse": [[-0.9569206237792969, 0.2903496026992798, 0.0, 671.274169921875], [-0.2903496026992798, -0.9569206237792969, 0.0, 1107.997314453125], [0.0, 0.0, 1.0, 0.0], [0.0, 0.0, 0.0, 1.0]], "cam_ids": [0, 1, 2, 3, 4, 5], "cam_channels": ["CAM_FRONT_LEFT", "CAM_FRONT", "CAM_FRONT_RIGHT", "CAM_BACK_LEFT", "CAM_BACK", "CAM_BACK_RIGHT"], "token": "8ff25014d1a243bca7c7032ef9005353", "scene": "scene-0139"}, {"images": ["samples/CAM_FRONT_LEFT/n015-2018-08-01-16-41-59+0800__CAM_FRONT_LEFT__1533113380504844.jpg", "samples/CAM_FRONT/n015-2018-08-01-16-41-59+0800__CAM_FRONT__1533113380512460.jpg", "samples/CAM_FRONT_RIGHT/n015-2018-08-01-16-41-59+0800__CAM_FRONT_RIGHT__1533113380520339.jpg", "samples/CAM_BACK_LEFT/n015-2018-08-01-16-41-59+0800__CAM_BACK_LEFT__1533113380547423.jpg", "samples/CAM_BACK/n015-2018-08-01-16-41-59+0800__CAM_BACK__1533113380537525.jpg", "samples/CAM_BACK_RIGHT/n015-2018-08-01-16-41-59+0800__CAM_BACK_RIGHT__1533113380527893.jpg"], "intrinsics": [[[1272.5979470598488, 0.0, 826.6154927353808], [0.0, 1272.5979470598488, 479.75165386361925], [0.0, 0.0, 1.0]], [[1266.417203046554, 0.0, 816.2670197447984], [0.0, 1266.417203046554, 491.50706579294757], [0.0, 0.0, 1.0]], [[1260.8474446004698, 0.0, 807.968244525554], [0.0, 1260.8474446004698, 495.3344268742088], [0.0, 0.0, 1.0]], [[1256.7414812095406, 0.0, 792.1125740759628], [0.0, 1256.7414812095406, 492.7757465151356], [0.0, 0.0, 1.0]], [[809.2209905677063, 0.0, 829.2196003259838], [0.0, 809.2209905677063, 481.77842384512485], [0.0, 0.0, 1.0]], [[1259.5137405846733, 0.0, 807.2529053838625], [0.0, 1259.5137405846733, 501.19579884916527], [0.0, 0.0, 1.0]]], "extrinsics": [[[0.8217594623565674, -0.5697308778762817, 0.010871775448322296, -0.65869140625], [-0.012669787742197514, -0.03734191134572029, -0.9992222189903259, 1.5034446716308594], [0.5696936845779419, 0.8209825158119202, -0.03790443390607834, -1.065673828125], [0.0, 0.0, 0.0, 1.0]], [[0.007195979822427034, -0.9991253018379211, 0.0411929227411747, 0.005859375], [-0.018149353563785553, -0.04131769761443138, -0.998981237411499, 1.5148696899414062], [0.9998093843460083, 0.0064410436898469925, -0.0184307973831892, -1.38372802734375], [0.0, 0.0, 0.0, 1.0]], [[-0.8323673605918884, -0.5537081956863403, 0.023912636563181877, 0.8309326171875], [-0.012738840654492378, -0.024020589888095856, -0.9996302723884583, 1.5005416870117188], [0.5540778636932373, -0.8323642015457153, 0.012940352782607079, -1.1162109375], [0.0, 0.0, 0.0, 1.0]], [[0.9478502869606018, 0.3179812431335449, -0.021629218012094498, -1.13470458984375], [-0.004646768793463707, -0.054068926721811295, -0.998526394367218, 1.588470458984375], [-0.31868216395378113, 0.9465540051460266, -0.049771662801504135, -0.10540771484375], [0.0, 0.0, 0.0, 1.0]], [[0.0020436353515833616, 0.9990176558494568, -0.04426660016179085, 0.0035400390625], [-0.029820160940289497, -0.044186122715473175, -0.9985781908035278, 1.5765380859375], [-0.9995532035827637, 0.0033607904333621264, 0.029700566083192825, -0.09173583984375], [0.0, 0.0, 0.0, 1.0]], [[-0.9351068139076233, 0.3541249930858612, -0.013067749328911304, 0.971588134765625], [0.003007578896358609, -0.028944047167897224, -0.9995765686035156, 1.5519523620605469], [-0.3543533384799957, -0.9347501397132874, 0.026000715792179108, -0.126953125], [0.0, 0.0, 0.0, 1.0]]], "view": [[0.0, -2.0, 100.0], [-2.0, 0.0, 100.0], [0.0, 0.0, 1.0]], "bev": "bev_879d3e613e034872bd76ad661650412e.png", "aux": "aux_879d3e613e034872bd76ad661650412e.npz", "visibility": "visibility_879d3e613e034872bd76ad661650412e.png", "pose": [[-0.9447283744812012, -0.32785409688949585, 0.0, 960.01806640625], [0.32785409688949585, -0.9447283744812012, 0.0, 866.6887817382812], [0.0, 0.0, 1.0, 0.0], [0.0, 0.0, 0.0, 1.0]], "pose_inverse": [[-0.9447283744812012, 0.32785409688949585, 0.0, 622.808837890625], [-0.32785409688949585, -0.9447283744812012, 0.0, 1133.5313720703125], [0.0, 0.0, 1.0, 0.0], [0.0, 0.0, 0.0, 1.0]], "cam_ids": [0, 1, 2, 3, 4, 5], "cam_channels": ["CAM_FRONT_LEFT", "CAM_FRONT", "CAM_FRONT_RIGHT", "CAM_BACK_LEFT", "CAM_BACK", "CAM_BACK_RIGHT"], "token": "879d3e613e034872bd76ad661650412e", "scene": "scene-0139"}, {"images": ["samples/CAM_FRONT_LEFT/n015-2018-08-01-16-41-59+0800__CAM_FRONT_LEFT__1533113381004844.jpg", "samples/CAM_FRONT/n015-2018-08-01-16-41-59+0800__CAM_FRONT__1533113381012460.jpg", "samples/CAM_FRONT_RIGHT/n015-2018-08-01-16-41-59+0800__CAM_FRONT_RIGHT__1533113381020339.jpg", "samples/CAM_BACK_LEFT/n015-2018-08-01-16-41-59+0800__CAM_BACK_LEFT__1533113381047423.jpg", "samples/CAM_BACK/n015-2018-08-01-16-41-59+0800__CAM_BACK__1533113381037525.jpg", "samples/CAM_BACK_RIGHT/n015-2018-08-01-16-41-59+0800__CAM_BACK_RIGHT__1533113381027893.jpg"], "intrinsics": [[[1272.5979470598488, 0.0, 826.6154927353808], [0.0, 1272.5979470598488, 479.75165386361925], [0.0, 0.0, 1.0]], [[1266.417203046554, 0.0, 816.2670197447984], [0.0, 1266.417203046554, 491.50706579294757], [0.0, 0.0, 1.0]], [[1260.8474446004698, 0.0, 807.968244525554], [0.0, 1260.8474446004698, 495.3344268742088], [0.0, 0.0, 1.0]], [[1256.7414812095406, 0.0, 792.1125740759628], [0.0, 1256.7414812095406, 492.7757465151356], [0.0, 0.0, 1.0]], [[809.2209905677063, 0.0, 829.2196003259838], [0.0, 809.2209905677063, 481.77842384512485], [0.0, 0.0, 1.0]], [[1259.5137405846733, 0.0, 807.2529053838625], [0.0, 1259.5137405846733, 501.19579884916527], [0.0, 0.0, 1.0]]], "extrinsics": [[[0.8212040066719055, -0.5705494284629822, 0.00986761599779129, -0.65740966796875], [-0.01063001248985529, -0.0325847789645195, -0.9994124174118042, 1.5042800903320312], [0.5705357193946838, 0.820616602897644, -0.03282369673252106, -1.067138671875], [0.0, 0.0, 0.0, 1.0]], [[0.006385458633303642, -0.9993075728416443, 0.03665376082062721, 0.00732421875], [-0.01612413488328457, -0.03675263747572899, -0.999194324016571, 1.5155830383300781], [0.9998495578765869, 0.00578928180038929, -0.016347650438547134, -1.38446044921875], [0.0, 0.0, 0.0, 1.0]], [[-0.8327068090438843, -0.553359866142273, 0.019805246964097023, 0.83349609375], [-0.010714606381952763, -0.019658377394080162, -0.9997493028640747, 1.5010852813720703], [0.5536104440689087, -0.8327102661132812, 0.01044063176959753, -1.1160888671875], [0.0, 0.0, 0.0, 1.0]], [[0.9478263258934021, 0.3182435631752014, -0.018607471138238907, -1.13922119140625], [-0.002686105202883482, -0.050394728779792786, -0.9987257122993469, 1.5885238647460938], [-0.31877580285072327, 0.9466685652732849, -0.04691062122583389, -0.104248046875], [0.0, 0.0, 0.0, 1.0]], [[0.00228738016448915, 0.9991849660873413, -0.0403013676404953, 0.0029296875], [-0.027827700600028038, -0.04022226482629776, -0.9988031983375549, 1.5768775939941406], [-0.9996100664138794, 0.003406091593205929, 0.02771301567554474, -0.0872802734375], [0.0, 0.0, 0.0, 1.0]], [[-0.9349492788314819, 0.3545246720314026, -0.013491805642843246, 0.974151611328125], [0.0050310129299759865, -0.024776138365268707, -0.9996803402900696, 1.5523262023925781], [-0.35474565625190735, -0.9347183704376221, 0.021380817517638206, -0.1251220703125], [0.0, 0.0, 0.0, 1.0]]], "view": [[0.0, -2.0, 100.0], [-2.0, 0.0, 100.0], [0.0, 0.0, 1.0]], "bev": "bev_1dc7afab07184e189cdf6260c5949cc4.png", "aux": "aux_1dc7afab07184e189cdf6260c5949cc4.npz", "visibility": "visibility_1dc7afab07184e189cdf6260c5949cc4.png", "pose": [[-0.9363949298858643, -0.3509480357170105, 0.0, 955.9342041015625], [0.3509480357170105, -0.9363949298858643, 0.0, 868.17822265625], [0.0, 0.0, 1.0, 0.0], [0.0, 0.0, 0.0, 1.0]], "pose_inverse": [[-0.9363949298858643, 0.3509480357170105, 0.0, 590.446533203125], [-0.3509480357170105, -0.9363949298858643, 0.0, 1148.44091796875], [0.0, 0.0, 1.0, 0.0], [0.0, 0.0, 0.0, 1.0]], "cam_ids": [0, 1, 2, 3, 4, 5], "cam_channels": ["CAM_FRONT_LEFT", "CAM_FRONT", "CAM_FRONT_RIGHT", "CAM_BACK_LEFT", "CAM_BACK", "CAM_BACK_RIGHT"], "token": "1dc7afab07184e189cdf6260c5949cc4", "scene": "scene-0139"}, {"images": ["samples/CAM_FRONT_LEFT/n015-2018-08-01-16-41-59+0800__CAM_FRONT_LEFT__1533113381504844.jpg", "samples/CAM_FRONT/n015-2018-08-01-16-41-59+0800__CAM_FRONT__1533113381512460.jpg", "samples/CAM_FRONT_RIGHT/n015-2018-08-01-16-41-59+0800__CAM_FRONT_RIGHT__1533113381520339.jpg", "samples/CAM_BACK_LEFT/n015-2018-08-01-16-41-59+0800__CAM_BACK_LEFT__1533113381547430.jpg", "samples/CAM_BACK/n015-2018-08-01-16-41-59+0800__CAM_BACK__1533113381537548.jpg", "samples/CAM_BACK_RIGHT/n015-2018-08-01-16-41-59+0800__CAM_BACK_RIGHT__1533113381527893.jpg"], "intrinsics": [[[1272.5979470598488, 0.0, 826.6154927353808], [0.0, 1272.5979470598488, 479.75165386361925], [0.0, 0.0, 1.0]], [[1266.417203046554, 0.0, 816.2670197447984], [0.0, 1266.417203046554, 491.50706579294757], [0.0, 0.0, 1.0]], [[1260.8474446004698, 0.0, 807.968244525554], [0.0, 1260.8474446004698, 495.3344268742088], [0.0, 0.0, 1.0]], [[1256.7414812095406, 0.0, 792.1125740759628], [0.0, 1256.7414812095406, 492.7757465151356], [0.0, 0.0, 1.0]], [[809.2209905677063, 0.0, 829.2196003259838], [0.0, 809.2209905677063, 481.77842384512485], [0.0, 0.0, 1.0]], [[1259.5137405846733, 0.0, 807.2529053838625], [0.0, 1259.5137405846733, 501.19579884916527], [0.0, 0.0, 1.0]]], "extrinsics": [[[0.821730375289917, -0.569800615310669, 0.009293858893215656, -0.6414794921875], [-0.013878470286726952, -0.03631304204463959, -0.9992440938949585, 1.5028114318847656], [0.5697073340415955, 0.8209803104400635, -0.03774749115109444, -1.0567626953125], [0.0, 0.0, 0.0, 1.0]], [[0.007192577235400677, -0.9991633296012878, 0.04025894030928612, 0.0078125], [-0.019306793808937073, -0.040391236543655396, -0.9989973902702332, 1.5143013000488281], [0.9997876882553101, 0.006408053450286388, -0.019581157714128494, -1.36822509765625], [0.0, 0.0, 0.0, 1.0]], [[-0.8323612809181213, -0.5536969900131226, 0.02437760680913925, 0.822509765625], [-0.013843822292983532, -0.02319977432489395, -0.9996349215507507, 1.5001564025878906], [0.5540603995323181, -0.8323949575424194, 0.011645317077636719, -1.1085205078125], [0.0, 0.0, 0.0, 1.0]], [[0.9476885199546814, 0.31841838359832764, -0.02227586694061756, -1.1373291015625], [-0.005530426278710365, -0.053397130221128464, -0.998557984828949, 1.5885391235351562], [-0.31914862990379333, 0.9464452266693115, -0.04884285852313042, -0.10577392578125], [0.0, 0.0, 0.0, 1.0]], [[0.0020383389201015234, 0.9990497827529907, -0.043536655604839325, 0.0028076171875], [-0.030843578279018402, -0.04345322772860527, -0.9985792636871338, 1.5764007568359375], [-0.9995221495628357, 0.003378232242539525, 0.030725697055459023, -0.09423828125], [0.0, 0.0, 0.0, 1.0]], [[-0.9351069331169128, 0.3541690707206726, -0.011800381354987621, 0.964202880859375], [0.001931339269503951, -0.028205905109643936, -0.9996002912521362, 1.5518131256103516], [-0.3543604016304016, -0.9347560405731201, 0.02569151669740677, -0.12841796875], [0.0, 0.0, 0.0, 1.0]]], "view": [[0.0, -2.0, 100.0], [-2.0, 0.0, 100.0], [0.0, 0.0, 1.0]], "bev": "bev_d5e4af937ef942df8cf6ba11d776f093.png", "aux": "aux_d5e4af937ef942df8cf6ba11d776f093.npz", "visibility": "visibility_d5e4af937ef942df8cf6ba11d776f093.png", "pose": [[-0.9286108613014221, -0.37105506658554077, 0.0, 951.7112426757812], [0.37105506658554077, -0.9286108613014221, 0.0, 869.8311767578125], [0.0, 0.0, 1.0, 0.0], [0.0, 0.0, 0.0, 1.0]], "pose_inverse": [[-0.9286108613014221, 0.37105506658554077, 0.0, 561.0140991210938], [-0.37105506658554077, -0.9286108613014221, 0.0, 1160.8719482421875], [0.0, 0.0, 1.0, 0.0], [0.0, 0.0, 0.0, 1.0]], "cam_ids": [0, 1, 2, 3, 4, 5], "cam_channels": ["CAM_FRONT_LEFT", "CAM_FRONT", "CAM_FRONT_RIGHT", "CAM_BACK_LEFT", "CAM_BACK", "CAM_BACK_RIGHT"], "token": "d5e4af937ef942df8cf6ba11d776f093", "scene": "scene-0139"}, {"images": ["samples/CAM_FRONT_LEFT/n015-2018-08-01-16-41-59+0800__CAM_FRONT_LEFT__1533113382004844.jpg", "samples/CAM_FRONT/n015-2018-08-01-16-41-59+0800__CAM_FRONT__1533113382012460.jpg", "samples/CAM_FRONT_RIGHT/n015-2018-08-01-16-41-59+0800__CAM_FRONT_RIGHT__1533113382020339.jpg", "samples/CAM_BACK_LEFT/n015-2018-08-01-16-41-59+0800__CAM_BACK_LEFT__1533113382047423.jpg", "samples/CAM_BACK/n015-2018-08-01-16-41-59+0800__CAM_BACK__1533113382037525.jpg", "samples/CAM_BACK_RIGHT/n015-2018-08-01-16-41-59+0800__CAM_BACK_RIGHT__1533113382027893.jpg"], "intrinsics": [[[1272.5979470598488, 0.0, 826.6154927353808], [0.0, 1272.5979470598488, 479.75165386361925], [0.0, 0.0, 1.0]], [[1266.417203046554, 0.0, 816.2670197447984], [0.0, 1266.417203046554, 491.50706579294757], [0.0, 0.0, 1.0]], [[1260.8474446004698, 0.0, 807.968244525554], [0.0, 1260.8474446004698, 495.3344268742088], [0.0, 0.0, 1.0]], [[1256.7414812095406, 0.0, 792.1125740759628], [0.0, 1256.7414812095406, 492.7757465151356], [0.0, 0.0, 1.0]], [[809.2209905677063, 0.0, 829.2196003259838], [0.0, 809.2209905677063, 481.77842384512485], [0.0, 0.0, 1.0]], [[1259.5137405846733, 0.0, 807.2529053838625], [0.0, 1259.5137405846733, 501.19579884916527], [0.0, 0.0, 1.0]]], "extrinsics": [[[0.8207189440727234, -0.5712473392486572, 0.009843523614108562, -0.6517333984375], [-0.01024413201957941, -0.03193982318043709, -0.9994372725486755, 1.5044212341308594], [0.5712401866912842, 0.8201562762260437, -0.03206555172801018, -1.0650634765625], [0.0, 0.0, 0.0, 1.0]], [[0.0056889657862484455, -0.9993399381637573, 0.035877592861652374, 0.0084228515625], [-0.015610385686159134, -0.035962555557489395, -0.999231219291687, 1.515716552734375], [0.9998619556427002, 0.005124595947563648, -0.015804672613739967, -1.37933349609375], [0.0, 0.0, 0.0, 1.0]], [[-0.8330020308494568, -0.5529527068138123, 0.018734855577349663, 0.830078125], [-0.010055892169475555, -0.018725011497735977, -0.9997740387916565, 1.5012187957763672], [0.553178608417511, -0.8330022692680359, 0.010037541389465332, -1.1126708984375], [0.0, 0.0, 0.0, 1.0]], [[0.9477558135986328, 0.3185276389122009, -0.017293598502874374, -1.13946533203125], [-0.0017931002657860518, -0.048892050981521606, -0.9988024234771729, 1.5885734558105469], [-0.31899166107177734, 0.9466518759727478, -0.04576657712459564, -0.1051025390625], [0.0, 0.0, 0.0, 1.0]], [[0.0024850552435964346, 0.9992367625236511, -0.038983818143606186, 0.0025634765625], [-0.027032526209950447, -0.03890256583690643, -0.9988772869110107, 1.5768699645996094], [-0.9996315240859985, 0.0035361291375011206, 0.02691521681845188, -0.09088134765625], [0.0, 0.0, 0.0, 1.0]], [[-0.9348119497299194, 0.35487520694732666, -0.01379039790481329, 0.9700088500976562], [0.005754171404987574, -0.02369067259132862, -0.9997028112411499, 1.5524940490722656], [-0.3550964295864105, -0.9346135854721069, 0.020104311406612396, -0.1256103515625], [0.0, 0.0, 0.0, 1.0]]], "view": [[0.0, -2.0, 100.0], [-2.0, 0.0, 100.0], [0.0, 0.0, 1.0]], "bev": "bev_da078175a30f48eaa1553c7c2a022b85.png", "aux": "aux_da078175a30f48eaa1553c7c2a022b85.npz", "visibility": "visibility_da078175a30f48eaa1553c7c2a022b85.png", "pose": [[-0.9247902035713196, -0.3804774880409241, 0.0, 947.4869384765625], [0.3804774880409241, -0.9247902035713196, 0.0, 871.560302734375], [0.0, 0.0, 1.0, 0.0], [0.0, 0.0, 0.0, 1.0]], "pose_inverse": [[-0.9247902035713196, 0.3804774880409241, 0.0, 544.6175537109375], [-0.3804774880409241, -0.9247902035713196, 0.0, 1166.5078125], [0.0, 0.0, 1.0, 0.0], [0.0, 0.0, 0.0, 1.0]], "cam_ids": [0, 1, 2, 3, 4, 5], "cam_channels": ["CAM_FRONT_LEFT", "CAM_FRONT", "CAM_FRONT_RIGHT", "CAM_BACK_LEFT", "CAM_BACK", "CAM_BACK_RIGHT"], "token": "da078175a30f48eaa1553c7c2a022b85", "scene": "scene-0139"}, {"images": ["samples/CAM_FRONT_LEFT/n015-2018-08-01-16-41-59+0800__CAM_FRONT_LEFT__1533113382504844.jpg", "samples/CAM_FRONT/n015-2018-08-01-16-41-59+0800__CAM_FRONT__1533113382512460.jpg", "samples/CAM_FRONT_RIGHT/n015-2018-08-01-16-41-59+0800__CAM_FRONT_RIGHT__1533113382520339.jpg", "samples/CAM_BACK_LEFT/n015-2018-08-01-16-41-59+0800__CAM_BACK_LEFT__1533113382547423.jpg", "samples/CAM_BACK/n015-2018-08-01-16-41-59+0800__CAM_BACK__1533113382537525.jpg", "samples/CAM_BACK_RIGHT/n015-2018-08-01-16-41-59+0800__CAM_BACK_RIGHT__1533113382527893.jpg"], "intrinsics": [[[1272.5979470598488, 0.0, 826.6154927353808], [0.0, 1272.5979470598488, 479.75165386361925], [0.0, 0.0, 1.0]], [[1266.417203046554, 0.0, 816.2670197447984], [0.0, 1266.417203046554, 491.50706579294757], [0.0, 0.0, 1.0]], [[1260.8474446004698, 0.0, 807.968244525554], [0.0, 1260.8474446004698, 495.3344268742088], [0.0, 0.0, 1.0]], [[1256.7414812095406, 0.0, 792.1125740759628], [0.0, 1256.7414812095406, 492.7757465151356], [0.0, 0.0, 1.0]], [[809.2209905677063, 0.0, 829.2196003259838], [0.0, 809.2209905677063, 481.77842384512485], [0.0, 0.0, 1.0]], [[1259.5137405846733, 0.0, 807.2529053838625], [0.0, 1259.5137405846733, 501.19579884916527], [0.0, 0.0, 1.0]]], "extrinsics": [[[0.820616602897644, -0.571421205997467, 0.008135990239679813, -0.652191162109375], [-0.012161443941295147, -0.03169497847557068, -0.9994235634803772, 1.5036849975585938], [0.5713496804237366, 0.8200446367263794, -0.032958731055259705, -1.064697265625], [0.0, 0.0, 0.0, 1.0]], [[0.005623425357043743, -0.9993485808372498, 0.035646796226501465, 0.0084228515625], [-0.017572112381458282, -0.03574061021208763, -0.9992066025733948, 1.5151023864746094], [0.9998297691345215, 0.004992578644305468, -0.017761649563908577, -1.3797607421875], [0.0, 0.0, 0.0, 1.0]], [[-0.8330089449882507, -0.5528870820999146, 0.020297855138778687, 0.8306884765625], [-0.012063621543347836, -0.018527813255786896, -0.9997555613517761, 1.5007381439208984], [0.5531279444694519, -0.8330501317977905, 0.008764014579355717, -1.1131591796875], [0.0, 0.0, 0.0, 1.0]], [[0.9477779865264893, 0.3183506727218628, -0.019228866323828697, -1.13824462890625], [-0.003885401412844658, -0.048761796206235886, -0.998802900314331, 1.5885391235351562], [-0.31890714168548584, 0.946718156337738, -0.044978439807891846, -0.10516357421875], [0.0, 0.0, 0.0, 1.0]], [[0.002469360362738371, 0.9992413520812988, -0.03886838257312775, 0.00244140625], [-0.02910301648080349, -0.038780223578214645, -0.998823881149292, 1.5767173767089844], [-0.9995734095573425, 0.0035976055078208447, 0.028985176235437393, -0.08953857421875], [0.0, 0.0, 0.0, 1.0]], [[-0.9348115921020508, 0.35494768619537354, -0.011806965805590153, 0.9708175659179688], [0.003694868879392743, -0.023523502051830292, -0.9997164607048035, 1.5521259307861328], [-0.35512474179267883, -0.934590220451355, 0.020678559318184853, -0.125244140625], [0.0, 0.0, 0.0, 1.0]]], "view": [[0.0, -2.0, 100.0], [-2.0, 0.0, 100.0], [0.0, 0.0, 1.0]], "bev": "bev_3a6492e445ae4b92bb5ad45875bde152.png", "aux": "aux_3a6492e445ae4b92bb5ad45875bde152.npz", "visibility": "visibility_3a6492e445ae4b92bb5ad45875bde152.png", "pose": [[-0.9251255989074707, -0.3796611726284027, 0.0, 943.4083862304688], [0.3796611726284027, -0.9251255989074707, 0.0, 873.2503051757812], [0.0, 0.0, 1.0, 0.0], [0.0, 0.0, 0.0, 1.0]], "pose_inverse": [[-0.9251255989074707, 0.3796611726284027, 0.0, 541.2319946289062], [-0.3796611726284027, -0.9251255989074707, 0.0, 1166.041748046875], [0.0, 0.0, 1.0, 0.0], [0.0, 0.0, 0.0, 1.0]], "cam_ids": [0, 1, 2, 3, 4, 5], "cam_channels": ["CAM_FRONT_LEFT", "CAM_FRONT", "CAM_FRONT_RIGHT", "CAM_BACK_LEFT", "CAM_BACK", "CAM_BACK_RIGHT"], "token": "3a6492e445ae4b92bb5ad45875bde152", "scene": "scene-0139"}, {"images": ["samples/CAM_FRONT_LEFT/n015-2018-08-01-16-41-59+0800__CAM_FRONT_LEFT__1533113383004844.jpg", "samples/CAM_FRONT/n015-2018-08-01-16-41-59+0800__CAM_FRONT__1533113383012460.jpg", "samples/CAM_FRONT_RIGHT/n015-2018-08-01-16-41-59+0800__CAM_FRONT_RIGHT__1533113383020339.jpg", "samples/CAM_BACK_LEFT/n015-2018-08-01-16-41-59+0800__CAM_BACK_LEFT__1533113383047429.jpg", "samples/CAM_BACK/n015-2018-08-01-16-41-59+0800__CAM_BACK__1533113383037525.jpg", "samples/CAM_BACK_RIGHT/n015-2018-08-01-16-41-59+0800__CAM_BACK_RIGHT__1533113383027893.jpg"], "intrinsics": [[[1272.5979470598488, 0.0, 826.6154927353808], [0.0, 1272.5979470598488, 479.75165386361925], [0.0, 0.0, 1.0]], [[1266.417203046554, 0.0, 816.2670197447984], [0.0, 1266.417203046554, 491.50706579294757], [0.0, 0.0, 1.0]], [[1260.8474446004698, 0.0, 807.968244525554], [0.0, 1260.8474446004698, 495.3344268742088], [0.0, 0.0, 1.0]], [[1256.7414812095406, 0.0, 792.1125740759628], [0.0, 1256.7414812095406, 492.7757465151356], [0.0, 0.0, 1.0]], [[809.2209905677063, 0.0, 829.2196003259838], [0.0, 809.2209905677063, 481.77842384512485], [0.0, 0.0, 1.0]], [[1259.5137405846733, 0.0, 807.2529053838625], [0.0, 1259.5137405846733, 501.19579884916527], [0.0, 0.0, 1.0]]], "extrinsics": [[[0.8208333849906921, -0.5711455345153809, 0.0050184717401862144, -0.6614990234375], [-0.009621979668736458, -0.022612445056438446, -0.9996979832649231, 1.5047760009765625], [0.571086585521698, 0.820537269115448, -0.024056600406765938, -1.0726318359375], [0.0, 0.0, 0.0, 1.0]], [[0.005863002501428127, -0.9996342658996582, 0.026400340721011162, 0.0091552734375], [-0.014917190186679363, -0.02648528665304184, -0.9995379447937012, 1.5160942077636719], [0.999871551990509, 0.005466483999043703, -0.015067016705870628, -1.3907470703125], [0.0, 0.0, 0.0, 1.0]], [[-0.8329145312309265, -0.5532543659210205, 0.012767097912728786, 0.8389892578125], [-0.0092927860096097, -0.009084288030862808, -0.9999155402183533, 1.5014915466308594], [0.5533236265182495, -0.8329627513885498, 0.0024251604918390512, -1.1181640625], [0.0, 0.0, 0.0, 1.0]], [[0.9476827383041382, 0.31894490122795105, -0.013101877644658089, -1.14434814453125], [-0.0007808657246641815, -0.038727786391973495, -0.9992494583129883, 1.58856201171875], [-0.319212943315506, 0.9469817280769348, -0.03645259886980057, -0.1031494140625], [0.0, 0.0, 0.0, 1.0]], [[0.002380531746894121, 0.9995753169059753, -0.02904476225376129, 0.0023193359375], [-0.026118846610188484, -0.02897278405725956, -0.9992389678955078, 1.5771751403808594], [-0.999656081199646, 0.0031372932717204094, 0.02603878453373909, -0.082275390625], [0.0, 0.0, 0.0, 1.0]], [[-0.9348587393760681, 0.35484668612480164, -0.011088256724178791, 0.9789047241210938], [0.00657888175919652, -0.013911981135606766, -0.9998815655708313, 1.5525703430175781], [-0.35495898127555847, -0.9348210692405701, 0.010671243071556091, -0.121826171875], [0.0, 0.0, 0.0, 1.0]]], "view": [[0.0, -2.0, 100.0], [-2.0, 0.0, 100.0], [0.0, 0.0, 1.0]], "bev": "bev_578fb4fd3cf84af7b5780aeb36e572b8.png", "aux": "aux_578fb4fd3cf84af7b5780aeb36e572b8.npz", "visibility": "visibility_578fb4fd3cf84af7b5780aeb36e572b8.png", "pose": [[-0.9242826104164124, -0.38170889019966125, 0.0, 939.4012451171875], [0.38170889019966125, -0.9242826104164124, 0.0, 874.9293212890625], [0.0, 0.0, 1.0, 0.0], [0.0, 0.0, 0.0, 1.0]], "pose_inverse": [[-0.9242826104164124, 0.38170889019966125, 0.0, 534.3038940429688], [-0.38170889019966125, -0.9242826104164124, 0.0, 1167.259765625], [0.0, 0.0, 1.0, 0.0], [0.0, 0.0, 0.0, 1.0]], "cam_ids": [0, 1, 2, 3, 4, 5], "cam_channels": ["CAM_FRONT_LEFT", "CAM_FRONT", "CAM_FRONT_RIGHT", "CAM_BACK_LEFT", "CAM_BACK", "CAM_BACK_RIGHT"], "token": "578fb4fd3cf84af7b5780aeb36e572b8", "scene": "scene-0139"}, {"images": ["samples/CAM_FRONT_LEFT/n015-2018-08-01-16-41-59+0800__CAM_FRONT_LEFT__1533113383504844.jpg", "samples/CAM_FRONT/n015-2018-08-01-16-41-59+0800__CAM_FRONT__1533113383512460.jpg", "samples/CAM_FRONT_RIGHT/n015-2018-08-01-16-41-59+0800__CAM_FRONT_RIGHT__1533113383520339.jpg", "samples/CAM_BACK_LEFT/n015-2018-08-01-16-41-59+0800__CAM_BACK_LEFT__1533113383547423.jpg", "samples/CAM_BACK/n015-2018-08-01-16-41-59+0800__CAM_BACK__1533113383537538.jpg", "samples/CAM_BACK_RIGHT/n015-2018-08-01-16-41-59+0800__CAM_BACK_RIGHT__1533113383527893.jpg"], "intrinsics": [[[1272.5979470598488, 0.0, 826.6154927353808], [0.0, 1272.5979470598488, 479.75165386361925], [0.0, 0.0, 1.0]], [[1266.417203046554, 0.0, 816.2670197447984], [0.0, 1266.417203046554, 491.50706579294757], [0.0, 0.0, 1.0]], [[1260.8474446004698, 0.0, 807.968244525554], [0.0, 1260.8474446004698, 495.3344268742088], [0.0, 0.0, 1.0]], [[1256.7414812095406, 0.0, 792.1125740759628], [0.0, 1256.7414812095406, 492.7757465151356], [0.0, 0.0, 1.0]], [[809.2209905677063, 0.0, 829.2196003259838], [0.0, 809.2209905677063, 481.77842384512485], [0.0, 0.0, 1.0]], [[1259.5137405846733, 0.0, 807.2529053838625], [0.0, 1259.5137405846733, 501.19579884916527], [0.0, 0.0, 1.0]]], "extrinsics": [[[0.8211929798126221, -0.5706402659416199, 0.0034196197520941496, -0.6622161865234375], [-0.007613996509462595, -0.01694866642355919, -0.9998273253440857, 1.5055217742919922], [0.5705997347831726, 0.8210252523422241, -0.01826297864317894, -1.0743408203125], [0.0, 0.0, 0.0, 1.0]], [[0.0063395812176167965, -0.9997619390487671, 0.020877985283732414, 0.010009765625], [-0.01290732342749834, -0.02095847949385643, -0.9996970891952515, 1.5167255401611328], [0.9998965859413147, 0.006068199872970581, -0.013037117198109627, -1.39227294921875], [0.0, 0.0, 0.0, 1.0]], [[-0.8327100872993469, -0.5536497235298157, 0.00811382569372654, 0.840576171875], [-0.007289583329111338, -0.003690859070047736, -0.999966561794281, 1.501962661743164], [0.5536611676216125, -0.8327414393424988, -0.0009624592494219542, -1.118408203125], [0.0, 0.0, 0.0, 1.0]], [[0.9476618766784668, 0.31913211941719055, -0.009573099203407764, -1.146240234375], [0.0013396140420809388, -0.03395794704556465, -0.9994223713874817, 1.5885696411132812], [-0.31927281618118286, 0.9471016526222229, -0.032608166337013245, -0.10302734375], [0.0, 0.0, 0.0, 1.0]], [[0.002248048549517989, 0.9997091889381409, -0.024013444781303406, 0.0020751953125], [-0.024057012051343918, -0.023952487856149673, -0.999423623085022, 1.5773849487304688], [-0.9997080564498901, 0.002824497641995549, 0.02399616688489914, -0.08099365234375], [0.0, 0.0, 0.0, 1.0]], [[-0.9349464774131775, 0.3546147346496582, -0.011112655512988567, 0.9800643920898438], [0.008600551635026932, -0.008659464307129383, -0.9999255537986755, 1.5528931617736816], [-0.35468462109565735, -0.9349724650382996, 0.0050462535582482815, -0.1209716796875], [0.0, 0.0, 0.0, 1.0]]], "view": [[0.0, -2.0, 100.0], [-2.0, 0.0, 100.0], [0.0, 0.0, 1.0]], "bev": "bev_6cce689746364f038132ebe9e1b470f4.png", "aux": "aux_6cce689746364f038132ebe9e1b470f4.npz", "visibility": "visibility_6cce689746364f038132ebe9e1b470f4.png", "pose": [[-0.9250435829162598, -0.3798610270023346, 0.0, 935.3714599609375], [0.3798610270023346, -0.9250435829162598, 0.0, 876.5951538085938], [0.0, 0.0, 1.0, 0.0], [0.0, 0.0, 0.0, 1.0]], "pose_inverse": [[-0.9250435829162598, 0.3798610270023346, 0.0, 532.2750244140625], [-0.3798610270023346, -0.9250435829162598, 0.0, 1166.1998291015625], [0.0, 0.0, 1.0, 0.0], [0.0, 0.0, 0.0, 1.0]], "cam_ids": [0, 1, 2, 3, 4, 5], "cam_channels": ["CAM_FRONT_LEFT", "CAM_FRONT", "CAM_FRONT_RIGHT", "CAM_BACK_LEFT", "CAM_BACK", "CAM_BACK_RIGHT"], "token": "6cce689746364f038132ebe9e1b470f4", "scene": "scene-0139"}, {"images": ["samples/CAM_FRONT_LEFT/n015-2018-08-01-16-41-59+0800__CAM_FRONT_LEFT__1533113383904844.jpg", "samples/CAM_FRONT/n015-2018-08-01-16-41-59+0800__CAM_FRONT__1533113383912460.jpg", "samples/CAM_FRONT_RIGHT/n015-2018-08-01-16-41-59+0800__CAM_FRONT_RIGHT__1533113383920339.jpg", "samples/CAM_BACK_LEFT/n015-2018-08-01-16-41-59+0800__CAM_BACK_LEFT__1533113383947423.jpg", "samples/CAM_BACK/n015-2018-08-01-16-41-59+0800__CAM_BACK__1533113383937525.jpg", "samples/CAM_BACK_RIGHT/n015-2018-08-01-16-41-59+0800__CAM_BACK_RIGHT__1533113383927893.jpg"], "intrinsics": [[[1272.5979470598488, 0.0, 826.6154927353808], [0.0, 1272.5979470598488, 479.75165386361925], [0.0, 0.0, 1.0]], [[1266.417203046554, 0.0, 816.2670197447984], [0.0, 1266.417203046554, 491.50706579294757], [0.0, 0.0, 1.0]], [[1260.8474446004698, 0.0, 807.968244525554], [0.0, 1260.8474446004698, 495.3344268742088], [0.0, 0.0, 1.0]], [[1256.7414812095406, 0.0, 792.1125740759628], [0.0, 1256.7414812095406, 492.7757465151356], [0.0, 0.0, 1.0]], [[809.2209905677063, 0.0, 829.2196003259838], [0.0, 809.2209905677063, 481.77842384512485], [0.0, 0.0, 1.0]], [[1259.5137405846733, 0.0, 807.2529053838625], [0.0, 1259.5137405846733, 501.19579884916527], [0.0, 0.0, 1.0]]], "extrinsics": [[[0.8210165500640869, -0.5709043145179749, -0.00017509766621515155, -0.6515960693359375], [-0.01148704718798399, -0.016212860122323036, -0.9998025298118591, 1.503946304321289], [0.5707887411117554, 0.8208564519882202, -0.019869033247232437, -1.0665283203125], [0.0, 0.0, 0.0, 1.0]], [[0.006161110009998083, -0.9997782707214355, 0.020133977755904198, 0.009765625], [-0.016892261803150177, -0.020235542207956314, -0.9996525645256042, 1.5153446197509766], [0.9998382925987244, 0.005818864796310663, -0.01701318845152855, -1.38177490234375], [0.0, 0.0, 0.0, 1.0]], [[-0.8327836394309998, -0.5534865856170654, 0.011135340668261051, 0.834228515625], [-0.011387234553694725, -0.0029837500769644976, -0.9999306797981262, 1.5009222030639648], [0.5534814596176147, -0.8328527212142944, -0.0038178639952093363, -1.11431884765625], [0.0, 0.0, 0.0, 1.0]], [[0.9476404190063477, 0.3190562129020691, -0.013442843221127987, -1.1451416015625], [-0.0029928700532764196, -0.03322046995162964, -0.9994435906410217, 1.5885848999023438], [-0.3193252682685852, 0.9471533298492432, -0.030526168644428253, -0.10345458984375], [0.0, 0.0, 0.0, 1.0]], [[0.0022490262053906918, 0.9997259378433228, -0.023302465677261353, 0.002197265625], [-0.028315480798482895, -0.023229515179991722, -0.9993290901184082, 1.5769844055175781], [-0.9995964765548706, 0.0029073271434754133, 0.02825547754764557, -0.08270263671875], [0.0, 0.0, 0.0, 1.0]], [[-0.9349265694618225, 0.3547731935977936, -0.0069504911080002785, 0.9754638671875], [0.004417928867042065, -0.007948080077767372, -0.9999586343765259, 1.5522184371948242], [-0.35481375455856323, -0.9349185824394226, 0.005863506812602282, -0.1229248046875], [0.0, 0.0, 0.0, 1.0]]], "view": [[0.0, -2.0, 100.0], [-2.0, 0.0, 100.0], [0.0, 0.0, 1.0]], "bev": "bev_08a266b9f6324f1bae64c12168b6543d.png", "aux": "aux_08a266b9f6324f1bae64c12168b6543d.npz", "visibility": "visibility_08a266b9f6324f1bae64c12168b6543d.png", "pose": [[-0.9251978397369385, -0.37948504090309143, 0.0, 932.1094360351562], [0.37948504090309143, -0.9251978397369385, 0.0, 877.9479370117188], [0.0, 0.0, 1.0, 0.0], [0.0, 0.0, 0.0, 1.0]], "pose_inverse": [[-0.9251978397369385, 0.37948504090309143, 0.0, 529.217529296875], [-0.37948504090309143, -0.9251978397369385, 0.0, 1165.9971923828125], [0.0, 0.0, 1.0, 0.0], [0.0, 0.0, 0.0, 1.0]], "cam_ids": [0, 1, 2, 3, 4, 5], "cam_channels": ["CAM_FRONT_LEFT", "CAM_FRONT", "CAM_FRONT_RIGHT", "CAM_BACK_LEFT", "CAM_BACK", "CAM_BACK_RIGHT"], "token": "08a266b9f6324f1bae64c12168b6543d", "scene": "scene-0139"}, {"images": ["samples/CAM_FRONT_LEFT/n015-2018-08-01-16-41-59+0800__CAM_FRONT_LEFT__1533113384404844.jpg", "samples/CAM_FRONT/n015-2018-08-01-16-41-59+0800__CAM_FRONT__1533113384412460.jpg", "samples/CAM_FRONT_RIGHT/n015-2018-08-01-16-41-59+0800__CAM_FRONT_RIGHT__1533113384420339.jpg", "samples/CAM_BACK_LEFT/n015-2018-08-01-16-41-59+0800__CAM_BACK_LEFT__1533113384447423.jpg", "samples/CAM_BACK/n015-2018-08-01-16-41-59+0800__CAM_BACK__1533113384437525.jpg", "samples/CAM_BACK_RIGHT/n015-2018-08-01-16-41-59+0800__CAM_BACK_RIGHT__1533113384427893.jpg"], "intrinsics": [[[1272.5979470598488, 0.0, 826.6154927353808], [0.0, 1272.5979470598488, 479.75165386361925], [0.0, 0.0, 1.0]], [[1266.417203046554, 0.0, 816.2670197447984], [0.0, 1266.417203046554, 491.50706579294757], [0.0, 0.0, 1.0]], [[1260.8474446004698, 0.0, 807.968244525554], [0.0, 1260.8474446004698, 495.3344268742088], [0.0, 0.0, 1.0]], [[1256.7414812095406, 0.0, 792.1125740759628], [0.0, 1256.7414812095406, 492.7757465151356], [0.0, 0.0, 1.0]], [[809.2209905677063, 0.0, 829.2196003259838], [0.0, 809.2209905677063, 481.77842384512485], [0.0, 0.0, 1.0]], [[1259.5137405846733, 0.0, 807.2529053838625], [0.0, 1259.5137405846733, 501.19579884916527], [0.0, 0.0, 1.0]]], "extrinsics": [[[0.820232629776001, -0.572026252746582, 0.0021252965088933706, -0.6478729248046875], [-0.013414410874247551, -0.022949088364839554, -0.9996466040611267, 1.5030403137207031], [0.571872889995575, 0.8199141621589661, -0.02649698406457901, -1.058349609375], [0.0, 0.0, 0.0, 1.0]], [[0.005074328277260065, -0.9996219873428345, 0.02702079340815544, 0.006103515625], [-0.018803710117936134, -0.027111748233437538, -0.9994555711746216, 1.5145683288574219], [0.9998103380203247, 0.004563511349260807, -0.018934175372123718, -1.37579345703125], [0.0, 0.0, 0.0, 1.0]], [[-0.833255410194397, -0.5526393055915833, 0.01659110002219677, 0.82861328125], [-0.013262445107102394, -0.010020647197961807, -0.9998618364334106, 1.5004005432128906], [0.5527291893959045, -0.8333602547645569, 0.0010204087011516094, -1.11419677734375], [0.0, 0.0, 0.0, 1.0]], [[0.9477940201759338, 0.31838470697402954, -0.01782587543129921, -1.14434814453125], [-0.005036348942667246, -0.040948186069726944, -0.9991486072540283, 1.5885162353515625], [-0.3188435137271881, 0.9470767378807068, -0.037206947803497314, -0.1016845703125], [0.0, 0.0, 0.0, 1.0]], [[0.0026943369302898