[{"images": ["samples/CAM_FRONT_LEFT/n015-2018-07-27-11-36-48+0800__CAM_FRONT_LEFT__1532662801904844.jpg", "samples/CAM_FRONT/n015-2018-07-27-11-36-48+0800__CAM_FRONT__1532662801912460.jpg", "samples/CAM_FRONT_RIGHT/n015-2018-07-27-11-36-48+0800__CAM_FRONT_RIGHT__1532662801920339.jpg", "samples/CAM_BACK_LEFT/n015-2018-07-27-11-36-48+0800__CAM_BACK_LEFT__1532662801947423.jpg", "samples/CAM_BACK/n015-2018-07-27-11-36-48+0800__CAM_BACK__1532662801937525.jpg", "samples/CAM_BACK_RIGHT/n015-2018-07-27-11-36-48+0800__CAM_BACK_RIGHT__1532662801927893.jpg"], "intrinsics": [[[1272.5979470598488, 0.0, 826.6154927353808], [0.0, 1272.5979470598488, 479.75165386361925], [0.0, 0.0, 1.0]], [[1266.417203046554, 0.0, 816.2670197447984], [0.0, 1266.417203046554, 491.50706579294757], [0.0, 0.0, 1.0]], [[1260.8474446004698, 0.0, 807.968244525554], [0.0, 1260.8474446004698, 495.3344268742088], [0.0, 0.0, 1.0]], [[1256.7414812095406, 0.0, 792.1125740759628], [0.0, 1256.7414812095406, 492.7757465151356], [0.0, 0.0, 1.0]], [[809.2209905677063, 0.0, 829.2196003259838], [0.0, 809.2209905677063, 481.77842384512485], [0.0, 0.0, 1.0]], [[1259.5137405846733, 0.0, 807.2529053838625], [0.0, 1259.5137405846733, 501.19579884916527], [0.0, 0.0, 1.0]]], "extrinsics": [[[0.819413423538208, -0.5715827941894531, -0.04306601360440254, -0.96502685546875], [-0.04766221344470978, 0.006929837167263031, -0.9988394975662231, 1.5082550048828125], [0.5712178945541382, 0.8205150365829468, -0.021564504131674767, -1.28076171875], [0.0, 0.0, 0.0, 1.0]], [[0.005132339894771576, -0.9999818205833435, -0.0031516372691839933, 0.0054931640625], [-0.052929334342479706, 0.0028756039682775736, -0.9985941648483276, 1.5205459594726562], [0.998585045337677, 0.00529199093580246, -0.0529136136174202, -1.692626953125], [0.0, 0.0, 0.0, 1.0]], [[-0.8327574729919434, -0.5529144406318665, 0.02829289622604847, 1.03271484375], [-0.047268230468034744, 0.02008885331451893, -0.9986801743507385, 1.5036468505859375], [0.5516163110733032, -0.8329957723617554, -0.04286443069577217, -1.2485809326171875], [0.0, 0.0, 0.0, 1.0]], [[0.9470871090888977, 0.3185013234615326, -0.03978573903441429, -1.142333984375], [-0.03852067142724991, -0.010272098705172539, -0.9992049932479858, 1.5885543823242188], [-0.3186567425727844, 0.9478667378425598, 0.002540312008932233, -0.1038360595703125], [0.0, 0.0, 0.0, 1.0]], [[0.0028581025544553995, 0.9999958872795105, -0.0004240866401232779, 0.00274658203125], [-0.0639331266283989, -0.00024049123749136925, -0.9979541301727295, 1.5793685913085938], [-0.99795001745224, 0.0028793313540518284, 0.06393216550350189, 0.0018310546875], [0.0, 0.0, 0.0, 1.0]], [[-0.9340243935585022, 0.3555215299129486, 0.034681614488363266, 1.1363525390625], [-0.03137093037366867, 0.0150747150182724, -0.9993941783905029, 1.5514564514160156], [-0.35582900047302246, -0.9345465898513794, -0.00292711122892797, -0.063232421875], [0.0, 0.0, 0.0, 1.0]]], "view": [[0.0, -2.0, 100.0], [-2.0, 0.0, 100.0], [0.0, 0.0, 1.0]], "bev": "bev_129e6c37e4e44f1ba228324aca9a2e98.png", "aux": "aux_129e6c37e4e44f1ba228324aca9a2e98.npz", "visibility": "visibility_129e6c37e4e44f1ba228324aca9a2e98.png", "pose": [[-0.6932527422904968, 0.7206945419311523, 0.0, 582.4915771484375], [-0.7206945419311523, -0.6932527422904968, 0.0, 1772.9373779296875], [0.0, 0.0, 1.0, 0.0], [0.0, 0.0, 0.0, 1.0]], "pose_inverse": [[-0.6932527422904968, -0.7206945419311523, 0.0, 1681.5601806640625], [0.7206945419311523, -0.6932527422904968, 0.0, 809.295166015625], [0.0, 0.0, 1.0, 0.0], [0.0, 0.0, 0.0, 1.0]], "cam_ids": [0, 1, 2, 3, 4, 5], "cam_channels": ["CAM_FRONT_LEFT", "CAM_FRONT", "CAM_FRONT_RIGHT", "CAM_BACK_LEFT", "CAM_BACK", "CAM_BACK_RIGHT"], "token": "129e6c37e4e44f1ba228324aca9a2e98", "scene": "scene-0181"}, {"images": ["samples/CAM_FRONT_LEFT/n015-2018-07-27-11-36-48+0800__CAM_FRONT_LEFT__1532662802404844.jpg", "samples/CAM_FRONT/n015-2018-07-27-11-36-48+0800__CAM_FRONT__1532662802412464.jpg", "samples/CAM_FRONT_RIGHT/n015-2018-07-27-11-36-48+0800__CAM_FRONT_RIGHT__1532662802420339.jpg", "samples/CAM_BACK_LEFT/n015-2018-07-27-11-36-48+0800__CAM_BACK_LEFT__1532662802447423.jpg", "samples/CAM_BACK/n015-2018-07-27-11-36-48+0800__CAM_BACK__1532662802437525.jpg", "samples/CAM_BACK_RIGHT/n015-2018-07-27-11-36-48+0800__CAM_BACK_RIGHT__1532662802427893.jpg"], "intrinsics": [[[1272.5979470598488, 0.0, 826.6154927353808], [0.0, 1272.5979470598488, 479.75165386361925], [0.0, 0.0, 1.0]], [[1266.417203046554, 0.0, 816.2670197447984], [0.0, 1266.417203046554, 491.50706579294757], [0.0, 0.0, 1.0]], [[1260.8474446004698, 0.0, 807.968244525554], [0.0, 1260.8474446004698, 495.3344268742088], [0.0, 0.0, 1.0]], [[1256.7414812095406, 0.0, 792.1125740759628], [0.0, 1256.7414812095406, 492.7757465151356], [0.0, 0.0, 1.0]], [[809.2209905677063, 0.0, 829.2196003259838], [0.0, 809.2209905677063, 481.77842384512485], [0.0, 0.0, 1.0]], [[1259.5137405846733, 0.0, 807.2529053838625], [0.0, 1259.5137405846733, 501.19579884916527], [0.0, 0.0, 1.0]]], "extrinsics": [[[0.8193767666816711, -0.5716536045074463, -0.042825810611248016, -0.9649658203125], [-0.04738011583685875, 0.006917695980519056, -0.9988529682159424, 1.5082473754882812], [0.5712941884994507, 0.8204659223556519, -0.021416811272501945, -1.2806396484375], [0.0, 0.0, 0.0, 1.0]], [[0.0050676423124969006, -0.9999822378158569, -0.0031338343396782875, 0.00537109375], [-0.052666231989860535, 0.002862628549337387, -0.9986081123352051, 1.520538330078125], [0.9985992908477783, 0.00522565795108676, -0.05265078321099281, -1.6923828125], [0.0, 0.0, 0.0, 1.0]], [[-0.8327914476394653, -0.5528733134269714, 0.028099609538912773, 1.032470703125], [-0.04702384024858475, 0.020073670893907547, -0.998691976070404, 1.5036430358886719], [0.5515860915184021, -0.8330234885215759, -0.0427154004573822, -1.248565673828125], [0.0, 0.0, 0.0, 1.0]], [[0.9470908045768738, 0.3185065984725952, -0.03965515270829201, -1.1422119140625], [-0.03836845979094505, -0.010315107181668282, -0.9992104172706604, 1.5885543823242188], [-0.3186641335487366, 0.9478645324707031, 0.0024512626696377993, -0.1037139892578125], [0.0, 0.0, 0.0, 1.0]], [[0.002871123142540455, 0.9999958872795105, -0.0004603759734891355, 0.00250244140625], [-0.06375669687986374, -0.0002763876982498914, -0.9979654550552368, 1.5793685913085938], [-0.9979613423347473, 0.0028945717494934797, 0.06375562399625778, 0.0018310546875], [0.0, 0.0, 0.0, 1.0]], [[-0.9340203404426575, 0.35555267333984375, 0.03447088226675987, 1.1361083984375], [-0.03115520067512989, 0.01504881214350462, -0.9994012713432312, 1.5514488220214844], [-0.35585859417915344, -0.9345350861549377, -0.002978581702336669, -0.0635986328125], [0.0, 0.0, 0.0, 1.0]]], "view": [[0.0, -2.0, 100.0], [-2.0, 0.0, 100.0], [0.0, 0.0, 1.0]], "bev": "bev_57e826fa61c54749b4829ffd947cdfb6.png", "aux": "aux_57e826fa61c54749b4829ffd947cdfb6.npz", "visibility": "visibility_57e826fa61c54749b4829ffd947cdfb6.png", "pose": [[-0.6933143138885498, 0.7206353545188904, 0.0, 582.4888916015625], [-0.7206353545188904, -0.6933143138885498, 0.0, 1772.940673828125], [0.0, 0.0, 1.0, 0.0], [0.0, 0.0, 0.0, 1.0]], "pose_inverse": [[-0.6933143138885498, -0.7206353545188904, 0.0, 1681.4915771484375], [0.7206353545188904, -0.6933143138885498, 0.0, 809.4430541992188], [0.0, 0.0, 1.0, 0.0], [0.0, 0.0, 0.0, 1.0]], "cam_ids": [0, 1, 2, 3, 4, 5], "cam_channels": ["CAM_FRONT_LEFT", "CAM_FRONT", "CAM_FRONT_RIGHT", "CAM_BACK_LEFT", "CAM_BACK", "CAM_BACK_RIGHT"], "token": "57e826fa61c54749b4829ffd947cdfb6", "scene": "scene-0181"}, {"images": ["samples/CAM_FRONT_LEFT/n015-2018-07-27-11-36-48+0800__CAM_FRONT_LEFT__1532662802854844.jpg", "samples/CAM_FRONT/n015-2018-07-27-11-36-48+0800__CAM_FRONT__1532662802862460.jpg", "samples/CAM_FRONT_RIGHT/n015-2018-07-27-11-36-48+0800__CAM_FRONT_RIGHT__1532662802870339.jpg", "samples/CAM_BACK_LEFT/n015-2018-07-27-11-36-48+0800__CAM_BACK_LEFT__1532662802897423.jpg", "samples/CAM_BACK/n015-2018-07-27-11-36-48+0800__CAM_BACK__1532662802887525.jpg", "samples/CAM_BACK_RIGHT/n015-2018-07-27-11-36-48+0800__CAM_BACK_RIGHT__1532662802877893.jpg"], "intrinsics": [[[1272.5979470598488, 0.0, 826.6154927353808], [0.0, 1272.5979470598488, 479.75165386361925], [0.0, 0.0, 1.0]], [[1266.417203046554, 0.0, 816.2670197447984], [0.0, 1266.417203046554, 491.50706579294757], [0.0, 0.0, 1.0]], [[1260.8474446004698, 0.0, 807.968244525554], [0.0, 1260.8474446004698, 495.3344268742088], [0.0, 0.0, 1.0]], [[1256.7414812095406, 0.0, 792.1125740759628], [0.0, 1256.7414812095406, 492.7757465151356], [0.0, 0.0, 1.0]], [[809.2209905677063, 0.0, 829.2196003259838], [0.0, 809.2209905677063, 481.77842384512485], [0.0, 0.0, 1.0]], [[1259.5137405846733, 0.0, 807.2529053838625], [0.0, 1259.5137405846733, 501.19579884916527], [0.0, 0.0, 1.0]]], "extrinsics": [[[0.8193950057029724, -0.5716381669044495, -0.0426810197532177, -0.96484375], [-0.047236740589141846, 0.006869417615234852, -0.9988601207733154, 1.50823974609375], [0.5712797045707703, 0.8204771280288696, -0.021373553201556206, -1.2806396484375], [0.0, 0.0, 0.0, 1.0]], [[0.0050818477757275105, -0.9999823570251465, -0.003094201209023595, 0.0054931640625], [-0.05253779888153076, 0.00282297283411026, -0.9986149668693542, 1.5205307006835938], [0.9986059665679932, 0.0052374075166881084, -0.05252251774072647, -1.6922607421875], [0.0, 0.0, 0.0, 1.0]], [[-0.8327898383140564, -0.5528796911239624, 0.028020240366458893, 1.032470703125], [-0.04690972715616226, 0.0200444757938385, -0.9986979365348816, 1.5036392211914062], [0.5515981912612915, -0.8330199718475342, -0.042628273367881775, -1.2485198974609375], [0.0, 0.0, 0.0, 1.0]], [[0.9470949172973633, 0.3185039460659027, -0.03957800939679146, -1.14208984375], [-0.03828778117895126, -0.01031296793371439, -0.9992135167121887, 1.5885543823242188], [-0.3186616599559784, 0.9478654861450195, 0.002427451079711318, -0.1036529541015625], [0.0, 0.0, 0.0, 1.0]], [[0.002868180861696601, 0.9999958872795105, -0.00047224745503626764, 0.00262451171875], [-0.06366648524999619, -0.00028868779190815985, -0.9979711771011353, 1.5793685913085938], [-0.9979671239852905, 0.002892331685870886, 0.06366539001464844, 0.001708984375], [0.0, 0.0, 0.0, 1.0]], [[-0.9340263605117798, 0.35554733872413635, 0.034364618360996246, 1.1361083984375], [-0.031047482043504715, 0.01503315195441246, -0.9994049072265625, 1.5514488220214844], [-0.35585227608680725, -0.9345374703407288, -0.003002515295520425, -0.0634765625], [0.0, 0.0, 0.0, 1.0]]], "view": [[0.0, -2.0, 100.0], [-2.0, 0.0, 100.0], [0.0, 0.0, 1.0]], "bev": "bev_952762e00caa4f08822e449c9eba3ad6.png", "aux": "aux_952762e00caa4f08822e449c9eba3ad6.npz", "visibility": "visibility_952762e00caa4f08822e449c9eba3ad6.png", "pose": [[-0.693337619304657, 0.7206129431724548, 0.0, 582.4864501953125], [-0.7206129431724548, -0.693337619304657, 0.0, 1772.94287109375], [0.0, 0.0, 1.0, 0.0], [0.0, 0.0, 0.0, 1.0]], "pose_inverse": [[-0.693337619304657, -0.7206129431724548, 0.0, 1681.46533203125], [0.7206129431724548, -0.693337619304657, 0.0, 809.5006713867188], [0.0, 0.0, 1.0, 0.0], [0.0, 0.0, 0.0, 1.0]], "cam_ids": [0, 1, 2, 3, 4, 5], "cam_channels": ["CAM_FRONT_LEFT", "CAM_FRONT", "CAM_FRONT_RIGHT", "CAM_BACK_LEFT", "CAM_BACK", "CAM_BACK_RIGHT"], "token": "952762e00caa4f08822e449c9eba3ad6", "scene": "scene-0181"}, {"images": ["samples/CAM_FRONT_LEFT/n015-2018-07-27-11-36-48+0800__CAM_FRONT_LEFT__1532662803404844.jpg", "samples/CAM_FRONT/n015-2018-07-27-11-36-48+0800__CAM_FRONT__1532662803412460.jpg", "samples/CAM_FRONT_RIGHT/n015-2018-07-27-11-36-48+0800__CAM_FRONT_RIGHT__1532662803420339.jpg", "samples/CAM_BACK_LEFT/n015-2018-07-27-11-36-48+0800__CAM_BACK_LEFT__1532662803447423.jpg", "samples/CAM_BACK/n015-2018-07-27-11-36-48+0800__CAM_BACK__1532662803437525.jpg", "samples/CAM_BACK_RIGHT/n015-2018-07-27-11-36-48+0800__CAM_BACK_RIGHT__1532662803427893.jpg"], "intrinsics": [[[1272.5979470598488, 0.0, 826.6154927353808], [0.0, 1272.5979470598488, 479.75165386361925], [0.0, 0.0, 1.0]], [[1266.417203046554, 0.0, 816.2670197447984], [0.0, 1266.417203046554, 491.50706579294757], [0.0, 0.0, 1.0]], [[1260.8474446004698, 0.0, 807.968244525554], [0.0, 1260.8474446004698, 495.3344268742088], [0.0, 0.0, 1.0]], [[1256.7414812095406, 0.0, 792.1125740759628], [0.0, 1256.7414812095406, 492.7757465151356], [0.0, 0.0, 1.0]], [[809.2209905677063, 0.0, 829.2196003259838], [0.0, 809.2209905677063, 481.77842384512485], [0.0, 0.0, 1.0]], [[1259.5137405846733, 0.0, 807.2529053838625], [0.0, 1259.5137405846733, 501.19579884916527], [0.0, 0.0, 1.0]]], "extrinsics": [[[0.8196849226951599, -0.5713739991188049, -0.040599893778562546, -0.96502685546875], [-0.04498254880309105, 0.006451874505728483, -0.9989669322967529, 1.5082550048828125], [0.5710457563400269, 0.8206644058227539, -0.020413359627127647, -1.2806396484375], [0.0, 0.0, 0.0, 1.0]], [[0.005387451034039259, -0.9999819397926331, -0.002643240848556161, 0.00531005859375], [-0.05012461543083191, 0.0023699088487774134, -0.9987401366233826, 1.5205307006835938], [0.9987284541130066, 0.00551316374912858, -0.05011093616485596, -1.6923828125], [0.0, 0.0, 0.0, 1.0]], [[-0.8327202796936035, -0.5530766844749451, 0.026135295629501343, 1.0322265625], [-0.04433803632855415, 0.019557131454348564, -0.9988251328468323, 1.5036392211914062], [0.55191570520401, -0.8329007029533386, -0.04080795869231224, -1.2486114501953125], [0.0, 0.0, 0.0, 1.0]], [[0.9471926689147949, 0.3185569941997528, -0.036706309765577316, -1.1422119140625], [-0.03509524092078209, -0.01079743355512619, -0.9993256330490112, 1.5885543823242188], [-0.31873854994773865, 0.9478421807289124, 0.0009525829227641225, -0.1035919189453125], [0.0, 0.0, 0.0, 1.0]], [[0.002729562111198902, 0.9999958276748657, -0.0009634223533794284, 0.00286865234375], [-0.06071325019001961, -0.0007959228823892772, -0.9981549978256226, 1.5793685913085938], [-0.9981514811515808, 0.0027830107137560844, 0.06071082130074501, 0.001953125], [0.0, 0.0, 0.0, 1.0]], [[-0.934188961982727, 0.35537341237068176, 0.03163230046629906, 1.13623046875], [-0.028315098956227303, 0.01453294325619936, -0.999493420124054, 1.55145263671875], [-0.3556531071662903, -0.934611439704895, -0.0035140824038535357, -0.0635986328125], [0.0, 0.0, 0.0, 1.0]]], "view": [[0.0, -2.0, 100.0], [-2.0, 0.0, 100.0], [0.0, 0.0, 1.0]], "bev": "bev_578f52e0059a41d9aaaa88dd0b4a355e.png", "aux": "aux_578f52e0059a41d9aaaa88dd0b4a355e.npz", "visibility": "visibility_578f52e0059a41d9aaaa88dd0b4a355e.png", "pose": [[-0.6940680742263794, 0.7199093699455261, 0.0, 582.4842529296875], [-0.7199093699455261, -0.6940680742263794, 0.0, 1772.9453125], [0.0, 0.0, 1.0, 0.0], [0.0, 0.0, 0.0, 1.0]], "pose_inverse": [[-0.6940680742263794, -0.7199093699455261, 0.0, 1680.6436767578125], [0.7199093699455261, -0.6940680742263794, 0.0, 811.2088012695312], [0.0, 0.0, 1.0, 0.0], [0.0, 0.0, 0.0, 1.0]], "cam_ids": [0, 1, 2, 3, 4, 5], "cam_channels": ["CAM_FRONT_LEFT", "CAM_FRONT", "CAM_FRONT_RIGHT", "CAM_BACK_LEFT", "CAM_BACK", "CAM_BACK_RIGHT"], "token": "578f52e0059a41d9aaaa88dd0b4a355e", "scene": "scene-0181"}, {"images": ["samples/CAM_FRONT_LEFT/n015-2018-07-27-11-36-48+0800__CAM_FRONT_LEFT__1532662803904844.jpg", "samples/CAM_FRONT/n015-2018-07-27-11-36-48+0800__CAM_FRONT__1532662803912460.jpg", "samples/CAM_FRONT_RIGHT/n015-2018-07-27-11-36-48+0800__CAM_FRONT_RIGHT__1532662803920339.jpg", "samples/CAM_BACK_LEFT/n015-2018-07-27-11-36-48+0800__CAM_BACK_LEFT__1532662803947423.jpg", "samples/CAM_BACK/n015-2018-07-27-11-36-48+0800__CAM_BACK__1532662803937525.jpg", "samples/CAM_BACK_RIGHT/n015-2018-07-27-11-36-48+0800__CAM_BACK_RIGHT__1532662803927893.jpg"], "intrinsics": [[[1272.5979470598488, 0.0, 826.6154927353808], [0.0, 1272.5979470598488, 479.75165386361925], [0.0, 0.0, 1.0]], [[1266.417203046554, 0.0, 816.2670197447984], [0.0, 1266.417203046554, 491.50706579294757], [0.0, 0.0, 1.0]], [[1260.8474446004698, 0.0, 807.968244525554], [0.0, 1260.8474446004698, 495.3344268742088], [0.0, 0.0, 1.0]], [[1256.7414812095406, 0.0, 792.1125740759628], [0.0, 1256.7414812095406, 492.7757465151356], [0.0, 0.0, 1.0]], [[809.2209905677063, 0.0, 829.2196003259838], [0.0, 809.2209905677063, 481.77842384512485], [0.0, 0.0, 1.0]], [[1259.5137405846733, 0.0, 807.2529053838625], [0.0, 1259.5137405846733, 501.19579884916527], [0.0, 0.0, 1.0]]], "extrinsics": [[[0.8200692534446716, -0.5710195899009705, -0.037723783403635025, -0.9498291015625], [-0.04154986888170242, 0.00633372412994504, -0.9991163611412048, 1.507476806640625], [0.5707539319992065, 0.8209119439125061, -0.018531696870923042, -1.269775390625], [0.0, 0.0, 0.0, 1.0]], [[0.0057600876316428185, -0.999980092048645, -0.0025446529034525156, 0.0052490234375], [-0.0467652902007103, 0.0022725362796336412, -0.9989033341407776, 1.5198135375976562], [0.9988892674446106, 0.005872775800526142, -0.046751271933317184, -1.6771240234375], [0.0, 0.0, 0.0, 1.0]], [[-0.832638680934906, -0.5533208250999451, 0.02343134395778179, 1.022705078125], [-0.04106050729751587, 0.019484957680106163, -0.9989665746688843, 1.5031547546386719], [0.5522924661636353, -0.832740306854248, -0.03894355893135071, -1.2420501708984375], [0.0, 0.0, 0.0, 1.0]], [[0.9472786784172058, 0.3186091184616089, -0.03393389657139778, -1.1427001953125], [-0.03210196644067764, -0.01100046094506979, -0.9994240999221802, 1.5885696411132812], [-0.31879889965057373, 0.9478223323822021, -0.00019252528727520257, -0.103515625], [0.0, 0.0, 0.0, 1.0]], [[0.002586469752714038, 0.9999961256980896, -0.00105390721000731, 0.00274658203125], [-0.05758855864405632, -0.0009032115340232849, -0.9983400106430054, 1.579132080078125], [-0.9983370304107666, 0.0026427563279867172, 0.05758599936962128, -0.00244140625], [0.0, 0.0, 0.0, 1.0]], [[-0.9343678951263428, 0.35516053438186646, 0.02859128639101982, 1.1282958984375], [-0.02509085088968277, 0.01445883046835661, -0.9995806217193604, 1.5512351989746094], [-0.3554249703884125, -0.934693455696106, -0.004598588682711124, -0.066650390625], [0.0, 0.0, 0.0, 1.0]]], "view": [[0.0, -2.0, 100.0], [-2.0, 0.0, 100.0], [0.0, 0.0, 1.0]], "bev": "bev_d227b36c61bd47b4931319c1deddf6f0.png", "aux": "aux_d227b36c61bd47b4931319c1deddf6f0.npz", "visibility": "visibility_d227b36c61bd47b4931319c1deddf6f0.png", "pose": [[-0.6991420388221741, 0.714982807636261, 0.0, 582.4132080078125], [-0.714982807636261, -0.6991420388221741, 0.0, 1772.8759765625], [0.0, 0.0, 1.0, 0.0], [0.0, 0.0, 0.0, 1.0]], "pose_inverse": [[-0.6991420388221741, -0.714982807636261, 0.0, 1674.765380859375], [0.714982807636261, -0.6991420388221741, 0.0, 823.0767211914062], [0.0, 0.0, 1.0, 0.0], [0.0, 0.0, 0.0, 1.0]], "cam_ids": [0, 1, 2, 3, 4, 5], "cam_channels": ["CAM_FRONT_LEFT", "CAM_FRONT", "CAM_FRONT_RIGHT", "CAM_BACK_LEFT", "CAM_BACK", "CAM_BACK_RIGHT"], "token": "d227b36c61bd47b4931319c1deddf6f0", "scene": "scene-0181"}, {"images": ["samples/CAM_FRONT_LEFT/n015-2018-07-27-11-36-48+0800__CAM_FRONT_LEFT__1532662804404844.jpg", "samples/CAM_FRONT/n015-2018-07-27-11-36-48+0800__CAM_FRONT__1532662804412460.jpg", "samples/CAM_FRONT_RIGHT/n015-2018-07-27-11-36-48+0800__CAM_FRONT_RIGHT__1532662804420339.jpg", "samples/CAM_BACK_LEFT/n015-2018-07-27-11-36-48+0800__CAM_BACK_LEFT__1532662804447423.jpg", "samples/CAM_BACK/n015-2018-07-27-11-36-48+0800__CAM_BACK__1532662804437525.jpg", "samples/CAM_BACK_RIGHT/n015-2018-07-27-11-36-48+0800__CAM_BACK_RIGHT__1532662804427902.jpg"], "intrinsics": [[[1272.5979470598488, 0.0, 826.6154927353808], [0.0, 1272.5979470598488, 479.75165386361925], [0.0, 0.0, 1.0]], [[1266.417203046554, 0.0, 816.2670197447984], [0.0, 1266.417203046554, 491.50706579294757], [0.0, 0.0, 1.0]], [[1260.8474446004698, 0.0, 807.968244525554], [0.0, 1260.8474446004698, 495.3344268742088], [0.0, 0.0, 1.0]], [[1256.7414812095406, 0.0, 792.1125740759628], [0.0, 1256.7414812095406, 492.7757465151356], [0.0, 0.0, 1.0]], [[809.2209905677063, 0.0, 829.2196003259838], [0.0, 809.2209905677063, 481.77842384512485], [0.0, 0.0, 1.0]], [[1259.5137405846733, 0.0, 807.2529053838625], [0.0, 1259.5137405846733, 501.19579884916527], [0.0, 0.0, 1.0]]], "extrinsics": [[[0.8206720352172852, -0.5703158974647522, -0.03517422825098038, -0.93487548828125], [-0.040914136916399, 0.0027485808823257685, -0.9991589188575745, 1.506744384765625], [0.5699328780174255, 0.8214209079742432, -0.02107829973101616, -1.259033203125], [0.0, 0.0, 0.0, 1.0]], [[0.006614279001951218, -0.9999775886535645, 0.0010484203230589628, 0.00506591796875], [-0.04619249701499939, -0.001352859428152442, -0.9989317059516907, 1.5191268920898438], [0.9989106059074402, 0.006558799184858799, -0.04620040953159332, -1.6619873046875], [0.0, 0.0, 0.0, 1.0]], [[-0.8322719931602478, -0.5538023114204407, 0.02502327784895897, 1.0126953125], [-0.04056868702173233, 0.015826309099793434, -0.9990513920783997, 1.502685546875], [0.5528810024261475, -0.832497775554657, -0.035638827830553055, -1.2357635498046875], [0.0, 0.0, 0.0, 1.0]], [[0.947273313999176, 0.31852471828460693, -0.034860868006944656, -1.1422119140625], [-0.031867049634456635, -0.014606819488108158, -0.9993853569030762, 1.5885543823242188], [-0.3188381493091583, 0.947801947593689, -0.0036862066481262445, -0.1036376953125], [0.0, 0.0, 0.0, 1.0]], [[0.002296941354870796, 0.9999861717224121, -0.004718972370028496, 0.00311279296875], [-0.05728479474782944, -0.004579653963446617, -0.9983474016189575, 1.578857421875], [-0.9983552098274231, 0.0025635261554270983, 0.05727348476648331, -0.0068359375], [0.0, 0.0, 0.0, 1.0]], [[-0.9345642328262329, 0.3547755479812622, 0.02690693363547325, 1.120361328125], [-0.024685410782694817, 0.010787280276417732, -0.9996371269226074, 1.5510311126708984], [-0.3549370765686035, -0.9348893165588379, -0.001323625212535262, -0.06982421875], [0.0, 0.0, 0.0, 1.0]]], "view": [[0.0, -2.0, 100.0], [-2.0, 0.0, 100.0], [0.0, 0.0, 1.0]], "bev": "bev_a8caf4fad61846e88809e2e6d4891503.png", "aux": "aux_a8caf4fad61846e88809e2e6d4891503.npz", "visibility": "visibility_a8caf4fad61846e88809e2e6d4891503.png", "pose": [[-0.7098196744918823, 0.7043834328651428, 0.0, 582.1703491210938], [-0.7043834328651428, -0.7098196744918823, 0.0, 1772.6314697265625], [0.0, 0.0, 1.0, 0.0], [0.0, 0.0, 0.0, 1.0]], "pose_inverse": [[-0.7098196744918823, -0.7043834328651428, 0.0, 1661.84814453125], [0.7043834328651428, -0.7098196744918823, 0.0, 848.1776123046875], [0.0, 0.0, 1.0, 0.0], [0.0, 0.0, 0.0, 1.0]], "cam_ids": [0, 1, 2, 3, 4, 5], "cam_channels": ["CAM_FRONT_LEFT", "CAM_FRONT", "CAM_FRONT_RIGHT", "CAM_BACK_LEFT", "CAM_BACK", "CAM_BACK_RIGHT"], "token": "a8caf4fad61846e88809e2e6d4891503", "scene": "scene-0181"}, {"images": ["samples/CAM_FRONT_LEFT/n015-2018-07-27-11-36-48+0800__CAM_FRONT_LEFT__1532662804904844.jpg", "samples/CAM_FRONT/n015-2018-07-27-11-36-48+0800__CAM_FRONT__1532662804912460.jpg", "samples/CAM_FRONT_RIGHT/n015-2018-07-27-11-36-48+0800__CAM_FRONT_RIGHT__1532662804920339.jpg", "samples/CAM_BACK_LEFT/n015-2018-07-27-11-36-48+0800__CAM_BACK_LEFT__1532662804947423.jpg", "samples/CAM_BACK/n015-2018-07-27-11-36-48+0800__CAM_BACK__1532662804937525.jpg", "samples/CAM_BACK_RIGHT/n015-2018-07-27-11-36-48+0800__CAM_BACK_RIGHT__1532662804927893.jpg"], "intrinsics": [[[1272.5979470598488, 0.0, 826.6154927353808], [0.0, 1272.5979470598488, 479.75165386361925], [0.0, 0.0, 1.0]], [[1266.417203046554, 0.0, 816.2670197447984], [0.0, 1266.417203046554, 491.50706579294757], [0.0, 0.0, 1.0]], [[1260.8474446004698, 0.0, 807.968244525554], [0.0, 1260.8474446004698, 495.3344268742088], [0.0, 0.0, 1.0]], [[1256.7414812095406, 0.0, 792.1125740759628], [0.0, 1256.7414812095406, 492.7757465151356], [0.0, 0.0, 1.0]], [[809.2209905677063, 0.0, 829.2196003259838], [0.0, 809.2209905677063, 481.77842384512485], [0.0, 0.0, 1.0]], [[1259.5137405846733, 0.0, 807.2529053838625], [0.0, 1259.5137405846733, 501.19579884916527], [0.0, 0.0, 1.0]]], "extrinsics": [[[0.8209283351898193, -0.5698943734169006, -0.03601491078734398, -0.9161376953125], [-0.04026636481285095, 0.005140296183526516, -0.9991757273674011, 1.5058364868164062], [0.5696097612380981, 0.8217018842697144, -0.018727758899331093, -1.24560546875], [0.0, 0.0, 0.0, 1.0]], [[0.006944356951862574, -0.9999747276306152, -0.001496002310886979, 0.005126953125], [-0.045604556798934937, 0.0011777767213061452, -0.9989588856697083, 1.518280029296875], [0.9989354014396667, 0.007005438674241304, -0.04559522867202759, -1.6429443359375], [0.0, 0.0, 0.0, 1.0]], [[-0.8321470022201538, -0.5540741086006165, 0.023095395416021347, 1.000244140625], [-0.04004836082458496, 0.01850512996315956, -0.999026358127594, 1.502105712890625], [0.5531072616577148, -0.8322616815567017, -0.03758874535560608, -1.2277679443359375], [0.0, 0.0, 0.0, 1.0]], [[0.9472803473472595, 0.3186414837837219, -0.033578235656023026, -1.1417236328125], [-0.03149755671620369, -0.011681667529046535, -0.999435544013977, 1.5885429382324219], [-0.3188539147377014, 0.9478033185005188, -0.0010293845552951097, -0.103729248046875], [0.0, 0.0, 0.0, 1.0]], [[0.002205486176535487, 0.9999958872795105, -0.0018607559613883495, 0.0030517578125], [-0.05684826523065567, -0.0017323725624009967, -0.9983813166618347, 1.5785446166992188], [-0.9983803629875183, 0.002307702088728547, 0.056844208389520645, -0.0125732421875], [0.0, 0.0, 0.0, 1.0]], [[-0.9346388578414917, 0.3545379936695099, 0.027437182143330574, 1.110107421875], [-0.024210963398218155, 0.013533429242670536, -0.9996152520179749, 1.5507774353027344], [-0.35477298498153687, -0.934943675994873, -0.004065162967890501, -0.0738525390625], [0.0, 0.0, 0.0, 1.0]]], "view": [[0.0, -2.0, 100.0], [-2.0, 0.0, 100.0], [0.0, 0.0, 1.0]], "bev": "bev_3441b04b24e2456da6ac1c48a16c9a4c.png", "aux": "aux_3441b04b24e2456da6ac1c48a16c9a4c.npz", "visibility": "visibility_3441b04b24e2456da6ac1c48a16c9a4c.png", "pose": [[-0.7244818806648254, 0.6892938613891602, 0.0, 581.7478637695312], [-0.6892938613891602, -0.7244818806648254, 0.0, 1772.21923828125], [0.0, 0.0, 1.0, 0.0], [0.0, 0.0, 0.0, 1.0]], "pose_inverse": [[-0.7244818806648254, -0.6892938613891602, 0.0, 1643.045654296875], [0.6892938613891602, -0.7244818806648254, 0.0, 882.9454345703125], [0.0, 0.0, 1.0, 0.0], [0.0, 0.0, 0.0, 1.0]], "cam_ids": [0, 1, 2, 3, 4, 5], "cam_channels": ["CAM_FRONT_LEFT", "CAM_FRONT", "CAM_FRONT_RIGHT", "CAM_BACK_LEFT", "CAM_BACK", "CAM_BACK_RIGHT"], "token": "3441b04b24e2456da6ac1c48a16c9a4c", "scene": "scene-0181"}, {"images": ["samples/CAM_FRONT_LEFT/n015-2018-07-27-11-36-48+0800__CAM_FRONT_LEFT__1532662805404844.jpg", "samples/CAM_FRONT/n015-2018-07-27-11-36-48+0800__CAM_FRONT__1532662805412460.jpg", "samples/CAM_FRONT_RIGHT/n015-2018-07-27-11-36-48+0800__CAM_FRONT_RIGHT__1532662805420339.jpg", "samples/CAM_BACK_LEFT/n015-2018-07-27-11-36-48+0800__CAM_BACK_LEFT__1532662805447423.jpg", "samples/CAM_BACK/n015-2018-07-27-11-36-48+0800__CAM_BACK__1532662805437525.jpg", "samples/CAM_BACK_RIGHT/n015-2018-07-27-11-36-48+0800__CAM_BACK_RIGHT__1532662805427893.jpg"], "intrinsics": [[[1272.5979470598488, 0.0, 826.6154927353808], [0.0, 1272.5979470598488, 479.75165386361925], [0.0, 0.0, 1.0]], [[1266.417203046554, 0.0, 816.2670197447984], [0.0, 1266.417203046554, 491.50706579294757], [0.0, 0.0, 1.0]], [[1260.8474446004698, 0.0, 807.968244525554], [0.0, 1260.8474446004698, 495.3344268742088], [0.0, 0.0, 1.0]], [[1256.7414812095406, 0.0, 792.1125740759628], [0.0, 1256.7414812095406, 492.7757465151356], [0.0, 0.0, 1.0]], [[809.2209905677063, 0.0, 829.2196003259838], [0.0, 809.2209905677063, 481.77842384512485], [0.0, 0.0, 1.0]], [[1259.5137405846733, 0.0, 807.2529053838625], [0.0, 1259.5137405846733, 501.19579884916527], [0.0, 0.0, 1.0]]], "extrinsics": [[[0.8206588625907898, -0.5703792572021484, -0.03444622829556465, -0.909423828125], [-0.04246452823281288, -0.0007604450802318752, -0.9990977048873901, 1.50537109375], [0.569838285446167, 0.8213810920715332, -0.024844948202371597, -1.2413330078125], [0.0, 0.0, 0.0, 1.0]], [[0.006674803327769041, -0.9999672174453735, 0.00457756919786334, 0.00537109375], [-0.04781504347920418, -0.004891596734523773, -0.9988442659378052, 1.5178680419921875], [0.9988338351249695, 0.0064482190646231174, -0.04784613102674484, -1.6365966796875], [0.0, 0.0, 0.0, 1.0]], [[-0.8321976661682129, -0.5537502765655518, 0.028416087850928307, 0.99609375], [-0.042267680168151855, 0.012255542911589146, -0.999031126499176, 1.5018119812011719], [0.5528655648231506, -0.8325925469398499, -0.033604782074689865, -1.22479248046875], [0.0, 0.0, 0.0, 1.0]], [[0.9471908211708069, 0.31841498613357544, -0.037964507937431335, -1.14111328125], [-0.033849649131298065, -0.01844826340675354, -0.9992566108703613, 1.5885162353515625], [-0.3188786208629608, 0.9477718472480774, -0.006695795804262161, -0.1038818359375], [0.0, 0.0, 0.0, 1.0]], [[0.0022459959145635366, 0.9999620914459229, -0.008414622396230698, 0.00286865234375], [-0.05915515124797821, -0.0082670534029603, -0.998214602470398, 1.5783843994140625], [-0.9982463121414185, 0.002739687915891409, 0.059134334325790405, -0.0145263671875], [0.0, 0.0, 0.0, 1.0]], [[-0.9345337748527527, 0.3548274040222168, 0.027279024943709373, 1.106689453125], [-0.02645467035472393, 0.0071752965450286865, -0.9996242523193359, 1.5506172180175781], [-0.35488978028297424, -0.9349043369293213, 0.0026812830474227667, -0.074951171875], [0.0, 0.0, 0.0, 1.0]]], "view": [[0.0, -2.0, 100.0], [-2.0, 0.0, 100.0], [0.0, 0.0, 1.0]], "bev": "bev_95040885cd4b41be93a2e10ab5e9edd6.png", "aux": "aux_95040885cd4b41be93a2e10ab5e9edd6.npz", "visibility": "visibility_95040885cd4b41be93a2e10ab5e9edd6.png", "pose": [[-0.7381384968757629, 0.674649178981781, 0.0, 581.1775512695312], [-0.674649178981781, -0.7381384968757629, 0.0, 1771.6873779296875], [0.0, 0.0, 1.0, 0.0], [0.0, 0.0, 0.0, 1.0]], "pose_inverse": [[-0.7381384968757629, -0.674649178981781, 0.0, 1624.2569580078125], [0.674649178981781, -0.7381384968757629, 0.0, 915.6597290039062], [0.0, 0.0, 1.0, 0.0], [0.0, 0.0, 0.0, 1.0]], "cam_ids": [0, 1, 2, 3, 4, 5], "cam_channels": ["CAM_FRONT_LEFT", "CAM_FRONT", "CAM_FRONT_RIGHT", "CAM_BACK_LEFT", "CAM_BACK", "CAM_BACK_RIGHT"], "token": "95040885cd4b41be93a2e10ab5e9edd6", "scene": "scene-0181"}, {"images": ["samples/CAM_FRONT_LEFT/n015-2018-07-27-11-36-48+0800__CAM_FRONT_LEFT__1532662805904844.jpg", "samples/CAM_FRONT/n015-2018-07-27-11-36-48+0800__CAM_FRONT__1532662805912460.jpg", "samples/CAM_FRONT_RIGHT/n015-2018-07-27-11-36-48+0800__CAM_FRONT_RIGHT__1532662805920339.jpg", "samples/CAM_BACK_LEFT/n015-2018-07-27-11-36-48+0800__CAM_BACK_LEFT__1532662805947423.jpg", "samples/CAM_BACK/n015-2018-07-27-11-36-48+0800__CAM_BACK__1532662805937525.jpg", "samples/CAM_BACK_RIGHT/n015-2018-07-27-11-36-48+0800__CAM_BACK_RIGHT__1532662805927893.jpg"], "intrinsics": [[[1272.5979470598488, 0.0, 826.6154927353808], [0.0, 1272.5979470598488, 479.75165386361925], [0.0, 0.0, 1.0]], [[1266.417203046554, 0.0, 816.2670197447984], [0.0, 1266.417203046554, 491.50706579294757], [0.0, 0.0, 1.0]], [[1260.8474446004698, 0.0, 807.968244525554], [0.0, 1260.8474446004698, 495.3344268742088], [0.0, 0.0, 1.0]], [[1256.7414812095406, 0.0, 792.1125740759628], [0.0, 1256.7414812095406, 492.7757465151356], [0.0, 0.0, 1.0]], [[809.2209905677063, 0.0, 829.2196003259838], [0.0, 809.2209905677063, 481.77842384512485], [0.0, 0.0, 1.0]], [[1259.5137405846733, 0.0, 807.2529053838625], [0.0, 1259.5137405846733, 501.19579884916527], [0.0, 0.0, 1.0]]], "extrinsics": [[[0.8210365772247314, -0.5701804757118225, -0.02816334180533886, -0.92108154296875], [-0.030743107199668884, 0.005100924056023359, -0.9995142817497253, 1.5066032409667969], [0.5700471997261047, 0.8215035796165466, -0.013341073878109455, -1.2496337890625], [0.0, 0.0, 0.0, 1.0]], [[0.006663380190730095, -0.9999757409095764, -0.0019835683051496744, 0.0052490234375], [-0.03629124164581299, 0.001740478677675128, -0.999339759349823, 1.5189285278320312], [0.9993189573287964, 0.006731010507792234, -0.03627876937389374, -1.648193359375], [0.0, 0.0, 0.0, 1.0]], [[-0.8324373960494995, -0.5539196729660034, 0.01486473809927702, 1.0035400390625], [-0.030944671481847763, 0.019686542451381683, -0.9993271827697754, 1.5025806427001953], [0.5532543659210205, -0.8323373198509216, -0.03352867439389229, -1.2297286987304688], [0.0, 0.0, 0.0, 1.0]], [[0.9474852085113525, 0.31882399320602417, -0.02496200241148472, -1.138427734375], [-0.023438742384314537, -0.00861402414739132, -0.9996881484985352, 1.5884552001953125], [-0.31893953680992126, 0.9477747678756714, -0.0006888265488669276, -0.10498046875], [0.0, 0.0, 0.0, 1.0]], [[0.0022291752975434065, 0.9999973773956299, 0.0005389994475990534, 0.0029296875], [-0.04834407567977905, 0.0006461396696977317, -0.9988305568695068, 1.5786590576171875], [-0.9988282322883606, 0.0022004893980920315, 0.04834538698196411, -0.0128173828125], [0.0, 0.0, 0.0, 1.0]], [[-0.9348028302192688, 0.354618102312088, 0.019740208983421326, 1.1126708984375], [-0.015334042720496655, 0.01523128617554903, -0.9997664093971252, 1.5510635375976562], [-0.35483598709106445, -0.9348872303962708, -0.008800521492958069, -0.0726318359375], [0.0, 0.0, 0.0, 1.0]]], "view": [[0.0, -2.0, 100.0], [-2.0, 0.0, 100.0], [0.0, 0.0, 1.0]], "bev": "bev_7d1a19993fff4eb0b7485d5d1cdcfb2d.png", "aux": "aux_7d1a19993fff4eb0b7485d5d1cdcfb2d.npz", "visibility": "visibility_7d1a19993fff4eb0b7485d5d1cdcfb2d.png", "pose": [[-0.7483903765678406, 0.6632584929466248, 0.0, 580.6717529296875], [-0.6632584929466248, -0.7483903765678406, 0.0, 1771.231689453125], [0.0, 0.0, 1.0, 0.0], [0.0, 0.0, 0.0, 1.0]], "pose_inverse": [[-0.7483903765678406, -0.6632584929466248, 0.0, 1609.3536376953125], [0.6632584929466248, -0.7483903765678406, 0.0, 940.4373168945312], [0.0, 0.0, 1.0, 0.0], [0.0, 0.0, 0.0, 1.0]], "cam_ids": [0, 1, 2, 3, 4, 5], "cam_channels": ["CAM_FRONT_LEFT", "CAM_FRONT", "CAM_FRONT_RIGHT", "CAM_BACK_LEFT", "CAM_BACK", "CAM_BACK_RIGHT"], "token": "7d1a19993fff4eb0b7485d5d1cdcfb2d", "scene": "scene-0181"}, {"images": ["samples/CAM_FRONT_LEFT/n015-2018-07-27-11-36-48+0800__CAM_FRONT_LEFT__1532662806404844.jpg", "samples/CAM_FRONT/n015-2018-07-27-11-36-48+0800__CAM_FRONT__1532662806412462.jpg", "samples/CAM_FRONT_RIGHT/n015-2018-07-27-11-36-48+0800__CAM_FRONT_RIGHT__1532662806420339.jpg", "samples/CAM_BACK_LEFT/n015-2018-07-27-11-36-48+0800__CAM_BACK_LEFT__1532662806447423.jpg", "samples/CAM_BACK/n015-2018-07-27-11-36-48+0800__CAM_BACK__1532662806437525.jpg", "samples/CAM_BACK_RIGHT/n015-2018-07-27-11-36-48+0800__CAM_BACK_RIGHT__1532662806427893.jpg"], "intrinsics": [[[1272.5979470598488, 0.0, 826.6154927353808], [0.0, 1272.5979470598488, 479.75165386361925], [0.0, 0.0, 1.0]], [[1266.417203046554, 0.0, 816.2670197447984], [0.0, 1266.417203046554, 491.50706579294757], [0.0, 0.0, 1.0]], [[1260.8474446004698, 0.0, 807.968244525554], [0.0, 1260.8474446004698, 495.3344268742088], [0.0, 0.0, 1.0]], [[1256.7414812095406, 0.0, 792.1125740759628], [0.0, 1256.7414812095406, 492.7757465151356], [0.0, 0.0, 1.0]], [[809.2209905677063, 0.0, 829.2196003259838], [0.0, 809.2209905677063, 481.77842384512485], [0.0, 0.0, 1.0]], [[1259.5137405846733, 0.0, 807.2529053838625], [0.0, 1259.5137405846733, 501.19579884916527], [0.0, 0.0, 1.0]]], "extrinsics": [[[0.8195158839225769, -0.571564793586731, -0.04132039472460747, -0.9300537109375], [-0.05462323874235153, -0.006135239265859127, -0.998488187789917, 1.5059127807617188], [0.5704471468925476, 0.8205339908599854, -0.03624865040183067, -1.255859375], [0.0, 0.0, 0.0, 1.0]], [[0.005759838502854109, -0.9999340772628784, 0.009932640008628368, 0.0052490234375], [-0.059573572129011154, -0.010258287191390991, -0.9981712698936462, 1.5184402465820312], [0.9982072114944458, 0.005157626699656248, -0.05962872877717018, -1.6571044921875], [0.0, 0.0, 0.0, 1.0]], [[-0.8322531580924988, -0.5528876781463623, 0.04086281731724739, 1.009521484375], [-0.05360013619065285, 0.006883460562676191, -0.9985386729240417, 1.5021896362304688], [0.5517984628677368, -0.8332273364067078, -0.03536364063620567, -1.2336196899414062], [0.0, 0.0, 0.0, 1.0]], [[0.946796178817749, 0.31808629631996155, -0.04897084832191467, -1.1419677734375], [-0.04373592883348465, -0.023582756519317627, -0.9987647533416748, 1.5885391235351562], [-0.31884831190109253, 0.9477684497833252, -0.008416258729994297, -0.103851318359375], [0.0, 0.0, 0.0, 1.0]], [[0.0025075485464185476, 0.9999026656150818, -0.013728911057114601, 0.0029296875], [-0.06954722851514816, -0.013521328568458557, -0.9974870085716248, 1.5786514282226562], [-0.9975755214691162, 0.003456133184954524, 0.06950654089450836, -0.00830078125], [0.0, 0.0, 0.0, 1.0]], [[-0.9339653253555298, 0.35558581352233887, 0.03560083732008934, 1.1177978515625], [-0.03740048035979271, 0.0018142415210604668, -0.9992987513542175, 1.5507049560546875], [-0.35540100932121277, -0.9346418976783752, 0.011604639701545238, -0.07080078125], [0.0, 0.0, 0.0, 1.0]]], "view": [[0.0, -2.0, 100.0], [-2.0, 0.0, 100.0], [0.0, 0.0, 1.0]], "bev": "bev_7c151890c59546cba95dc70ef03ae2e6.png", "aux": "aux_7c151890c59546cba95dc70ef03ae2e6.npz", "visibility": "visibility_7c151890c59546cba95dc70ef03ae2e6.png", "pose": [[-0.7530347108840942, 0.6579807996749878, 0.0, 580.3010864257812], [-0.6579807996749878, -0.7530347108840942, 0.0, 1770.9052734375], [0.0, 0.0, 1.0, 0.0], [0.0, 0.0, 0.0, 1.0]], "pose_inverse": [[-0.7530347108840942, -0.6579807996749878, 0.0, 1602.20849609375], [0.6579807996749878, -0.7530347108840942, 0.0, 951.7261352539062], [0.0, 0.0, 1.0, 0.0], [0.0, 0.0, 0.0, 1.0]], "cam_ids": [0, 1, 2, 3, 4, 5], "cam_channels": ["CAM_FRONT_LEFT", "CAM_FRONT", "CAM_FRONT_RIGHT", "CAM_BACK_LEFT", "CAM_BACK", "CAM_BACK_RIGHT"], "token": "7c151890c59546cba95dc70ef03ae2e6", "scene": "scene-0181"}, {"images": ["samples/CAM_FRONT_LEFT/n015-2018-07-27-11-36-48+0800__CAM_FRONT_LEFT__1532662806904844.jpg", "samples/CAM_FRONT/n015-2018-07-27-11-36-48+0800__CAM_FRONT__1532662806912460.jpg", "samples/CAM_FRONT_RIGHT/n015-2018-07-27-11-36-48+0800__CAM_FRONT_RIGHT__1532662806920339.jpg", "samples/CAM_BACK_LEFT/n015-2018-07-27-11-36-48+0800__CAM_BACK_LEFT__1532662806947423.jpg", "samples/CAM_BACK/n015-2018-07-27-11-36-48+0800__CAM_BACK__1532662806937525.jpg", "samples/CAM_BACK_RIGHT/n015-2018-07-27-11-36-48+0800__CAM_BACK_RIGHT__1532662806927893.jpg"], "intrinsics": [[[1272.5979470598488, 0.0, 826.6154927353808], [0.0, 1272.5979470598488, 479.75165386361925], [0.0, 0.0, 1.0]], [[1266.417203046554, 0.0, 816.2670197447984], [0.0, 1266.417203046554, 491.50706579294757], [0.0, 0.0, 1.0]], [[1260.8474446004698, 0.0, 807.968244525554], [0.0, 1260.8474446004698, 495.3344268742088], [0.0, 0.0, 1.0]], [[1256.7414812095406, 0.0, 792.1125740759628], [0.0, 1256.7414812095406, 492.7757465151356], [0.0, 0.0, 1.0]], [[809.2209905677063, 0.0, 829.2196003259838], [0.0, 809.2209905677063, 481.77842384512485], [0.0, 0.0, 1.0]], [[1259.5137405846733, 0.0, 807.2529053838625], [0.0, 1259.5137405846733, 501.19579884916527], [0.0, 0.0, 1.0]]], "extrinsics": [[[0.8197770714759827, -0.5712072849273682, -0.04108142480254173, -0.92333984375], [-0.05081096664071083, -0.0010947431437671185, -0.9987077116966248, 1.50567626953125], [0.5704241394996643, 0.8208051323890686, -0.029921039938926697, -1.2515869140625], [0.0, 0.0, 0.0, 1.0]], [[0.0058767544105648994, -0.9999703764915466, 0.004966742359101772, 0.00555419921875], [-0.0560821034014225, -0.005288597196340561, -0.9984121918678284, 1.5182037353515625], [0.9984087944030762, 0.0055889347568154335, -0.056111522018909454, -1.650634765625], [0.0, 0.0, 0.0, 1.0]], [[-0.8323208093643188, -0.5531555414199829, 0.035511620342731476, 1.00537109375], [-0.0504407100379467, 0.011784949339926243, -0.9986574649810791, 1.50201416015625], [0.5519944429397583, -0.8329946994781494, -0.037710413336753845, -1.2307586669921875], [0.0, 0.0, 0.0, 1.0]], [[0.9469203948974609, 0.3182142674922943, -0.04562266170978546, -1.14306640625], [-0.041760437190532684, -0.01895216852426529, -0.9989479184150696, 1.588592529296875], [-0.318744033575058, 0.9478293657302856, -0.00465743150562048, -0.103515625], [0.0, 0.0, 0.0, 1.0]], [[0.0025535409804433584, 0.9999563694000244, -0.008988495916128159, 0.00286865234375], [-0.06715220957994461, -0.00879676453769207, -0