[{"images": ["samples/CAM_FRONT_LEFT/n008-2018-08-30-15-52-26-0400__CAM_FRONT_LEFT__1535658847004799.jpg", "samples/CAM_FRONT/n008-2018-08-30-15-52-26-0400__CAM_FRONT__1535658847012404.jpg", "samples/CAM_FRONT_RIGHT/n008-2018-08-30-15-52-26-0400__CAM_FRONT_RIGHT__1535658847020482.jpg", "samples/CAM_BACK_LEFT/n008-2018-08-30-15-52-26-0400__CAM_BACK_LEFT__1535658847047405.jpg", "samples/CAM_BACK/n008-2018-08-30-15-52-26-0400__CAM_BACK__1535658847037558.jpg", "samples/CAM_BACK_RIGHT/n008-2018-08-30-15-52-26-0400__CAM_BACK_RIGHT__1535658847028113.jpg"], "intrinsics": [[[1257.8625342125129, 0.0, 827.2410631095686], [0.0, 1257.8625342125129, 450.915498205774], [0.0, 0.0, 1.0]], [[1252.8131021185304, 0.0, 826.588114781398], [0.0, 1252.8131021185304, 469.9846626224581], [0.0, 0.0, 1.0]], [[1256.7485116440405, 0.0, 817.7887570959712], [0.0, 1256.7485116440403, 451.9541780095127], [0.0, 0.0, 1.0]], [[1254.9860565800168, 0.0, 829.5769333630991], [0.0, 1254.9860565800168, 467.1680561863987], [0.0, 0.0, 1.0]], [[796.8910634503094, 0.0, 857.7774326863696], [0.0, 796.8910634503094, 476.8848988407415], [0.0, 0.0, 1.0]], [[1249.9629280788233, 0.0, 825.3768045375984], [0.0, 1249.9629280788233, 462.54816385708756], [0.0, 0.0, 1.0]]], "extrinsics": [[[0.8229849934577942, -0.5678942799568176, -0.013851487077772617, -0.912384033203125], [0.013803944922983646, 0.044369108974933624, -0.9989198446273804, 1.4898605346679688], [0.5678954720497131, 0.8219048380851746, 0.04435428977012634, -1.269287109375], [0.0, 0.0, 0.0, 1.0]], [[0.010981929488480091, -0.9991353750228882, -0.0400981530547142, 0.00634765625], [0.01581946201622486, 0.0402691550552845, -0.9990636110305786, 1.48162841796875], [0.9998145699501038, 0.010337358340620995, 0.01624801568686962, -1.642120361328125], [0.0, 0.0, 0.0, 1.0]], [[-0.8435849547386169, -0.5357112288475037, -0.03712119534611702, 1.0306396484375], [0.023906683549284935, 0.03159302473068237, -0.9992148280143738, 1.4947700500488281], [0.5364633202552795, -0.8438101410865784, -0.013844326138496399, -1.2393798828125], [0.0, 0.0, 0.0, 1.0]], [[0.9479097127914429, 0.3182435631752014, 0.013715900480747223, -1.145263671875], [-0.0012508025392889977, 0.046777140349149704, -0.9989045262336731, 1.5620498657226562], [-0.31853652000427246, 0.9468542337417603, 0.044738564640283585, -0.155517578125], [0.0, 0.0, 0.0, 1.0]], [[0.009024902246892452, 0.9991883635520935, 0.03925829008221626, -0.0286865234375], [0.0007319075521081686, 0.03925327584147453, -0.9992289543151855, 1.5680770874023438], [-0.9999589920043945, 0.00904665607959032, -0.0003770578477997333, 0.01904296875], [0.0, 0.0, 0.0, 1.0]], [[-0.9238141179084778, 0.3828369975090027, 0.0018139886669814587, 1.113861083984375], [0.0048929741606116295, 0.016544681042432785, -0.9998511075973511, 1.5480575561523438], [-0.38280996680259705, -0.9236677885055542, -0.017157424241304398, -0.06298828125], [0.0, 0.0, 0.0, 1.0]]], "view": [[0.0, -2.0, 100.0], [-2.0, 0.0, 100.0], [0.0, 0.0, 1.0]], "bev": "bev_81914a76bda7470aaf5436bfa7539dc2.png", "aux": "aux_81914a76bda7470aaf5436bfa7539dc2.npz", "visibility": "visibility_81914a76bda7470aaf5436bfa7539dc2.png", "pose": [[0.7698495388031006, 0.6382254362106323, 0.0, 1338.7099609375], [-0.6382254362106323, 0.7698495388031006, 0.0, 866.0918579101562], [0.0, 0.0, 1.0, 0.0], [0.0, 0.0, 0.0, 1.0]], "pose_inverse": [[0.7698495388031006, -0.6382254362106323, 0.0, -477.8433532714844], [0.6382254362106323, 0.7698495388031006, 0.0, -1521.1591796875], [0.0, 0.0, 1.0, 0.0], [0.0, 0.0, 0.0, 1.0]], "cam_ids": [0, 1, 2, 3, 4, 5], "cam_channels": ["CAM_FRONT_LEFT", "CAM_FRONT", "CAM_FRONT_RIGHT", "CAM_BACK_LEFT", "CAM_BACK", "CAM_BACK_RIGHT"], "token": "81914a76bda7470aaf5436bfa7539dc2", "scene": "scene-0525"}, {"images": ["samples/CAM_FRONT_LEFT/n008-2018-08-30-15-52-26-0400__CAM_FRONT_LEFT__1535658847504799.jpg", "samples/CAM_FRONT/n008-2018-08-30-15-52-26-0400__CAM_FRONT__1535658847512404.jpg", "samples/CAM_FRONT_RIGHT/n008-2018-08-30-15-52-26-0400__CAM_FRONT_RIGHT__1535658847520482.jpg", "samples/CAM_BACK_LEFT/n008-2018-08-30-15-52-26-0400__CAM_BACK_LEFT__1535658847547405.jpg", "samples/CAM_BACK/n008-2018-08-30-15-52-26-0400__CAM_BACK__1535658847537558.jpg", "samples/CAM_BACK_RIGHT/n008-2018-08-30-15-52-26-0400__CAM_BACK_RIGHT__1535658847528113.jpg"], "intrinsics": [[[1257.8625342125129, 0.0, 827.2410631095686], [0.0, 1257.8625342125129, 450.915498205774], [0.0, 0.0, 1.0]], [[1252.8131021185304, 0.0, 826.588114781398], [0.0, 1252.8131021185304, 469.9846626224581], [0.0, 0.0, 1.0]], [[1256.7485116440405, 0.0, 817.7887570959712], [0.0, 1256.7485116440403, 451.9541780095127], [0.0, 0.0, 1.0]], [[1254.9860565800168, 0.0, 829.5769333630991], [0.0, 1254.9860565800168, 467.1680561863987], [0.0, 0.0, 1.0]], [[796.8910634503094, 0.0, 857.7774326863696], [0.0, 796.8910634503094, 476.8848988407415], [0.0, 0.0, 1.0]], [[1249.9629280788233, 0.0, 825.3768045375984], [0.0, 1249.9629280788233, 462.54816385708756], [0.0, 0.0, 1.0]]], "extrinsics": [[[0.824830174446106, -0.5652526021003723, -0.012025519274175167, -0.8934326171875], [0.012554788030683994, 0.039576493203639984, -0.9991376996040344, 1.4900360107421875], [0.5652411580085754, 0.8239679336547852, 0.039740514010190964, -1.2557373046875], [0.0, 0.0, 0.0, 1.0]], [[0.013586916029453278, -0.9992923140525818, -0.03507475182414055, 0.0062255859375], [0.014635900035500526, 0.035272981971502304, -0.9992705583572388, 1.4818000793457031], [0.999800443649292, 0.013063585385680199, 0.015104795806109905, -1.624359130859375], [0.0, 0.0, 0.0, 1.0]], [[-0.842535674571991, -0.5376031398773193, -0.03341266140341759, 1.019287109375], [0.02279384434223175, 0.0263906791806221, -0.9993917942047119, 1.4950103759765625], [0.5381579995155334, -0.8427848815917969, -0.009981047362089157, -1.232666015625], [0.0, 0.0, 0.0, 1.0]], [[0.9479460120201111, 0.3182469606399536, 0.01082117110490799, -1.14495849609375], [-0.002327557886019349, 0.04090685024857521, -0.9991602301597595, 1.5620613098144531], [-0.3184223771095276, 0.9471247792243958, 0.03951823338866234, -0.1552734375], [0.0, 0.0, 0.0, 1.0]], [[0.008326403796672821, 0.9994019269943237, 0.033560410141944885, -0.0281982421875], [-0.00035801040939986706, 0.033564548939466476, -0.9994364380836487, 1.5680694580078125], [-0.999965250492096, 0.008309700526297092, 0.0006372679490596056, 0.014251708984375], [0.0, 0.0, 0.0, 1.0]], [[-0.9243706464767456, 0.38149493932724, 0.0007273357477970421, 1.1052703857421875], [0.0037909517996013165, 0.011091970838606358, -0.999931275844574, 1.5480461120605469], [-0.3814767301082611, -0.9243043661117554, -0.011699320748448372, -0.0672607421875], [0.0, 0.0, 0.0, 1.0]]], "view": [[0.0, -2.0, 100.0], [-2.0, 0.0, 100.0], [0.0, 0.0, 1.0]], "bev": "bev_882d44218d034ec0a24e6626366bb2ae.png", "aux": "aux_882d44218d034ec0a24e6626366bb2ae.npz", "visibility": "visibility_882d44218d034ec0a24e6626366bb2ae.png", "pose": [[0.7532472014427185, 0.6577374935150146, 0.0, 1339.87451171875], [-0.6577374935150146, 0.7532472014427185, 0.0, 865.1114501953125], [0.0, 0.0, 1.0, 0.0], [0.0, 0.0, 0.0, 1.0]], "pose_inverse": [[0.7532472014427185, -0.6577374935150146, 0.0, -440.24053955078125], [0.6577374935150146, 0.7532472014427185, 0.0, -1532.928466796875], [0.0, 0.0, 1.0, 0.0], [0.0, 0.0, 0.0, 1.0]], "cam_ids": [0, 1, 2, 3, 4, 5], "cam_channels": ["CAM_FRONT_LEFT", "CAM_FRONT", "CAM_FRONT_RIGHT", "CAM_BACK_LEFT", "CAM_BACK", "CAM_BACK_RIGHT"], "token": "882d44218d034ec0a24e6626366bb2ae", "scene": "scene-0525"}, {"images": ["samples/CAM_FRONT_LEFT/n008-2018-08-30-15-52-26-0400__CAM_FRONT_LEFT__1535658848004799.jpg", "samples/CAM_FRONT/n008-2018-08-30-15-52-26-0400__CAM_FRONT__1535658848012404.jpg", "samples/CAM_FRONT_RIGHT/n008-2018-08-30-15-52-26-0400__CAM_FRONT_RIGHT__1535658848020482.jpg", "samples/CAM_BACK_LEFT/n008-2018-08-30-15-52-26-0400__CAM_BACK_LEFT__1535658848047405.jpg", "samples/CAM_BACK/n008-2018-08-30-15-52-26-0400__CAM_BACK__1535658848037558.jpg", "samples/CAM_BACK_RIGHT/n008-2018-08-30-15-52-26-0400__CAM_BACK_RIGHT__1535658848028113.jpg"], "intrinsics": [[[1257.8625342125129, 0.0, 827.2410631095686], [0.0, 1257.8625342125129, 450.915498205774], [0.0, 0.0, 1.0]], [[1252.8131021185304, 0.0, 826.588114781398], [0.0, 1252.8131021185304, 469.9846626224581], [0.0, 0.0, 1.0]], [[1256.7485116440405, 0.0, 817.7887570959712], [0.0, 1256.7485116440403, 451.9541780095127], [0.0, 0.0, 1.0]], [[1254.9860565800168, 0.0, 829.5769333630991], [0.0, 1254.9860565800168, 467.1680561863987], [0.0, 0.0, 1.0]], [[796.8910634503094, 0.0, 857.7774326863696], [0.0, 796.8910634503094, 476.8848988407415], [0.0, 0.0, 1.0]], [[1249.9629280788233, 0.0, 825.3768045375984], [0.0, 1249.9629280788233, 462.54816385708756], [0.0, 0.0, 1.0]]], "extrinsics": [[[0.8278585076332092, -0.5608565807342529, -0.00950741209089756, -0.876220703125], [0.011919702403247356, 0.03453448414802551, -0.9993324279785156, 1.4903221130371094], [0.5608105063438416, 0.8271924257278442, 0.03527490422129631, -1.2412109375], [0.0, 0.0, 0.0, 1.0]], [[0.018010785803198814, -0.9993857741355896, -0.030062565580010414, 0.004150390625], [0.01396220177412033, 0.030315909534692764, -0.9994428753852844, 1.4820823669433594], [0.9997403025627136, 0.01758103258907795, 0.014499637298285961, -1.604888916015625], [0.0, 0.0, 0.0, 1.0]], [[-0.8407012820243835, -0.540654718875885, -0.03022765927016735, 1.00439453125], [0.022085579112172127, 0.021540354937314987, -0.9995239973068237, 1.4953651428222656], [0.541048526763916, -0.8409688472747803, -0.006168333813548088, -1.2261962890625], [0.0, 0.0, 0.0, 1.0]], [[0.9479884505271912, 0.3181835114955902, 0.008782009594142437, -1.14202880859375], [-0.0029021899681538343, 0.03622893616557121, -0.9993392825126648, 1.5621261596679688], [-0.31829148530960083, 0.9473366141319275, 0.035268042236566544, -0.154296875], [0.0, 0.0, 0.0, 1.0]], [[0.007068293634802103, 0.999559760093689, 0.028815843164920807, -0.026123046875], [-0.0009765163413248956, 0.028823450207710266, -0.9995840191841125, 1.5680961608886719], [-0.9999745488166809, 0.007037215866148472, 0.0011798179475590587, 0.00677490234375], [0.0, 0.0, 0.0, 1.0]], [[-0.9253171682357788, 0.37919360399246216, -0.0005486315931193531, 1.094696044921875], [0.003158539766445756, 0.006260741036385298, -0.9999754428863525, 1.5480623245239258], [-0.37918081879615784, -0.9252961874008179, -0.006990868132561445, -0.07421875], [0.0, 0.0, 0.0, 1.0]]], "view": [[0.0, -2.0, 100.0], [-2.0, 0.0, 100.0], [0.0, 0.0, 1.0]], "bev": "bev_e52e6de29a754539ae97018744fc06dd.png", "aux": "aux_e52e6de29a754539ae97018744fc06dd.npz", "visibility": "visibility_e52e6de29a754539ae97018744fc06dd.png", "pose": [[0.6938797235488892, 0.720090925693512, 0.0, 1341.1829833984375], [-0.720090925693512, 0.6938797235488892, 0.0, 863.8870849609375], [0.0, 0.0, 1.0, 0.0], [0.0, 0.0, 0.0, 1.0]], "pose_inverse": [[0.6938797235488892, -0.720090925693512, 0.0, -308.54241943359375], [0.720090925693512, 0.6938797235488892, 0.0, -1565.2073974609375], [0.0, 0.0, 1.0, 0.0], [0.0, 0.0, 0.0, 1.0]], "cam_ids": [0, 1, 2, 3, 4, 5], "cam_channels": ["CAM_FRONT_LEFT", "CAM_FRONT", "CAM_FRONT_RIGHT", "CAM_BACK_LEFT", "CAM_BACK", "CAM_BACK_RIGHT"], "token": "e52e6de29a754539ae97018744fc06dd", "scene": "scene-0525"}, {"images": ["samples/CAM_FRONT_LEFT/n008-2018-08-30-15-52-26-0400__CAM_FRONT_LEFT__1535658848504799.jpg", "samples/CAM_FRONT/n008-2018-08-30-15-52-26-0400__CAM_FRONT__1535658848512404.jpg", "samples/CAM_FRONT_RIGHT/n008-2018-08-30-15-52-26-0400__CAM_FRONT_RIGHT__1535658848520482.jpg", "samples/CAM_BACK_LEFT/n008-2018-08-30-15-52-26-0400__CAM_BACK_LEFT__1535658848547405.jpg", "samples/CAM_BACK/n008-2018-08-30-15-52-26-0400__CAM_BACK__1535658848537558.jpg", "samples/CAM_BACK_RIGHT/n008-2018-08-30-15-52-26-0400__CAM_BACK_RIGHT__1535658848528113.jpg"], "intrinsics": [[[1257.8625342125129, 0.0, 827.2410631095686], [0.0, 1257.8625342125129, 450.915498205774], [0.0, 0.0, 1.0]], [[1252.8131021185304, 0.0, 826.588114781398], [0.0, 1252.8131021185304, 469.9846626224581], [0.0, 0.0, 1.0]], [[1256.7485116440405, 0.0, 817.7887570959712], [0.0, 1256.7485116440403, 451.9541780095127], [0.0, 0.0, 1.0]], [[1254.9860565800168, 0.0, 829.5769333630991], [0.0, 1254.9860565800168, 467.1680561863987], [0.0, 0.0, 1.0]], [[796.8910634503094, 0.0, 857.7774326863696], [0.0, 796.8910634503094, 476.8848988407415], [0.0, 0.0, 1.0]], [[1249.9629280788233, 0.0, 825.3768045375984], [0.0, 1249.9629280788233, 462.54816385708756], [0.0, 0.0, 1.0]]], "extrinsics": [[[0.8299549221992493, -0.5578288435935974, -0.0014120416017249227, -0.87554931640625], [0.018489615991711617, 0.030039165169000626, -0.9993776679039001, 1.4915084838867188], [0.5575240254402161, 0.8294122815132141, 0.03524518758058548, -1.2371826171875], [0.0, 0.0, 0.0, 1.0]], [[0.02115861512720585, -0.999451756477356, -0.02546684257686138, 0.001220703125], [0.020754322409629822, 0.025906143710017204, -0.9994489550590515, 1.48309326171875], [0.9995607137680054, 0.020618407055735588, 0.021291082724928856, -1.6018142700195312], [0.0, 0.0, 0.0, 1.0]], [[-0.8392423391342163, -0.5427058339118958, -0.03380655497312546, 1.00006103515625], [0.02911512553691864, 0.01723320595920086, -0.9994274973869324, 1.4962005615234375], [0.5429777503013611, -0.8397460579872131, 0.001338113215751946, -1.227294921875], [0.0, 0.0, 0.0, 1.0]], [[0.9478901028633118, 0.3182811737060547, 0.014198065735399723, -1.13836669921875], [0.004178030416369438, 0.03214230760931969, -0.9994745254516602, 1.562225341796875], [-0.31857040524482727, 0.9474512934684753, 0.029137583449482918, -0.152587890625], [0.0, 0.0, 0.0, 1.0]], [[0.00597572885453701, 0.9996775984764099, 0.02467995509505272, -0.0233154296875], [0.006133852992206812, 0.02464328706264496, -0.9996774196624756, 1.5684394836425781], [-0.9999634027481079, 0.006125211715698242, -0.005984613671898842, 0.0039215087890625], [0.0, 0.0, 0.0, 1.0]], [[-0.9259170889854431, 0.3776266276836395, -0.008705361746251583, 1.09307861328125], [0.010212579742074013, 0.0019890288822352886, -0.999945878982544, 1.548598289489746], [-0.3775888681411743, -0.9259558916091919, -0.005698217544704676, -0.07861328125], [0.0, 0.0, 0.0, 1.0]]], "view": [[0.0, -2.0, 100.0], [-2.0, 0.0, 100.0], [0.0, 0.0, 1.0]], "bev": "bev_5a6e924d62c7412a9eef0e15abcfa57b.png", "aux": "aux_5a6e924d62c7412a9eef0e15abcfa57b.npz", "visibility": "visibility_5a6e924d62c7412a9eef0e15abcfa57b.png", "pose": [[0.5860743522644043, 0.8102573156356812, 0.0, 1342.3936767578125], [-0.8102573156356812, 0.5860743522644043, 0.0, 862.455078125], [0.0, 0.0, 1.0, 0.0], [0.0, 0.0, 0.0, 1.0]], "pose_inverse": [[0.5860743522644043, -0.8102573156356812, 0.0, -87.93194580078125], [0.8102573156356812, 0.5860743522644043, 0.0, -1593.1470947265625], [0.0, 0.0, 1.0, 0.0], [0.0, 0.0, 0.0, 1.0]], "cam_ids": [0, 1, 2, 3, 4, 5], "cam_channels": ["CAM_FRONT_LEFT", "CAM_FRONT", "CAM_FRONT_RIGHT", "CAM_BACK_LEFT", "CAM_BACK", "CAM_BACK_RIGHT"], "token": "5a6e924d62c7412a9eef0e15abcfa57b", "scene": "scene-0525"}, {"images": ["samples/CAM_FRONT_LEFT/n008-2018-08-30-15-52-26-0400__CAM_FRONT_LEFT__1535658849004799.jpg", "samples/CAM_FRONT/n008-2018-08-30-15-52-26-0400__CAM_FRONT__1535658849012404.jpg", "samples/CAM_FRONT_RIGHT/n008-2018-08-30-15-52-26-0400__CAM_FRONT_RIGHT__1535658849020482.jpg", "samples/CAM_BACK_LEFT/n008-2018-08-30-15-52-26-0400__CAM_BACK_LEFT__1535658849047405.jpg", "samples/CAM_BACK/n008-2018-08-30-15-52-26-0400__CAM_BACK__1535658849037558.jpg", "samples/CAM_BACK_RIGHT/n008-2018-08-30-15-52-26-0400__CAM_BACK_RIGHT__1535658849028113.jpg"], "intrinsics": [[[1257.8625342125129, 0.0, 827.2410631095686], [0.0, 1257.8625342125129, 450.915498205774], [0.0, 0.0, 1.0]], [[1252.8131021185304, 0.0, 826.588114781398], [0.0, 1252.8131021185304, 469.9846626224581], [0.0, 0.0, 1.0]], [[1256.7485116440405, 0.0, 817.7887570959712], [0.0, 1256.7485116440403, 451.9541780095127], [0.0, 0.0, 1.0]], [[1254.9860565800168, 0.0, 829.5769333630991], [0.0, 1254.9860565800168, 467.1680561863987], [0.0, 0.0, 1.0]], [[796.8910634503094, 0.0, 857.7774326863696], [0.0, 796.8910634503094, 476.8848988407415], [0.0, 0.0, 1.0]], [[1249.9629280788233, 0.0, 825.3768045375984], [0.0, 1249.9629280788233, 462.54816385708756], [0.0, 0.0, 1.0]]], "extrinsics": [[[0.8314656615257263, -0.5555533170700073, 0.005039674695581198, -0.87890625], [0.02688891813158989, 0.031179385259747505, -0.9991520643234253, 1.4929847717285156], [0.5549250841140747, 0.8308961391448975, 0.04086281731724739, -1.234375], [0.0, 0.0, 0.0, 1.0]], [[0.02365349419414997, -0.9993808269500732, -0.026047997176647186, -0.002685546875], [0.029155809432268143, 0.026733800768852234, -0.9992173314094543, 1.4843101501464844], [0.9992949366569519, 0.022875577211380005, 0.029770106077194214, -1.6023101806640625], [0.0, 0.0, 0.0, 1.0]], [[-0.8379479646682739, -0.544198215007782, -0.04112789034843445, 0.99774169921875], [0.037519168108701706, 0.017738668248057365, -0.9991384148597717, 1.4971637725830078], [0.5444589257240295, -0.8387691974639893, 0.00555378245189786, -1.2308349609375], [0.0, 0.0, 0.0, 1.0]], [[0.947681188583374, 0.31845107674598694, 0.022116834297776222, -1.136505126953125], [0.012686431407928467, 0.03165721893310547, -0.9994182586669922, 1.5623779296875], [-0.3189659118652344, 0.947410523891449, 0.025960946455597878, -0.1494140625], [0.0, 0.0, 0.0, 1.0]], [[0.004976571537554264, 0.9996861815452576, 0.024551039561629295, -0.0196533203125], [0.014527141116559505, 0.02447647787630558, -0.9995948076248169, 1.5688819885253906], [-0.9998821020126343, 0.005331194959580898, -0.014400776475667953, 0.0028839111328125], [0.0, 0.0, 0.0, 1.0]], [[-0.9263210296630859, 0.3763737976551056, -0.0164912361651659, 1.093994140625], [0.018676677718758583, 0.002158170333132148, -0.9998232126235962, 1.5492630004882812], [-0.37627163529396057, -0.9264652729034424, -0.009028569795191288, -0.0826416015625], [0.0, 0.0, 0.0, 1.0]]], "view": [[0.0, -2.0, 100.0], [-2.0, 0.0, 100.0], [0.0, 0.0, 1.0]], "bev": "bev_087555d40fab4424b71d220f119c2c4f.png", "aux": "aux_087555d40fab4424b71d220f119c2c4f.npz", "visibility": "visibility_087555d40fab4424b71d220f119c2c4f.png", "pose": [[0.42820391058921814, 0.9036821126937866, 0.0, 1343.3568115234375], [-0.9036821126937866, 0.42820391058921814, 0.0, 860.85107421875], [0.0, 0.0, 1.0, 0.0], [0.0, 0.0, 0.0, 1.0]], "pose_inverse": [[0.42820391058921814, -0.9036821126937866, 0.0, 202.70509338378906], [0.9036821126937866, 0.42820391058921814, 0.0, -1582.58740234375], [0.0, 0.0, 1.0, 0.0], [0.0, 0.0, 0.0, 1.0]], "cam_ids": [0, 1, 2, 3, 4, 5], "cam_channels": ["CAM_FRONT_LEFT", "CAM_FRONT", "CAM_FRONT_RIGHT", "CAM_BACK_LEFT", "CAM_BACK", "CAM_BACK_RIGHT"], "token": "087555d40fab4424b71d220f119c2c4f", "scene": "scene-0525"}, {"images": ["samples/CAM_FRONT_LEFT/n008-2018-08-30-15-52-26-0400__CAM_FRONT_LEFT__1535658849504809.jpg", "samples/CAM_FRONT/n008-2018-08-30-15-52-26-0400__CAM_FRONT__1535658849512404.jpg", "samples/CAM_FRONT_RIGHT/n008-2018-08-30-15-52-26-0400__CAM_FRONT_RIGHT__1535658849520482.jpg", "samples/CAM_BACK_LEFT/n008-2018-08-30-15-52-26-0400__CAM_BACK_LEFT__1535658849547405.jpg", "samples/CAM_BACK/n008-2018-08-30-15-52-26-0400__CAM_BACK__1535658849537558.jpg", "samples/CAM_BACK_RIGHT/n008-2018-08-30-15-52-26-0400__CAM_BACK_RIGHT__1535658849528113.jpg"], "intrinsics": [[[1257.8625342125129, 0.0, 827.2410631095686], [0.0, 1257.8625342125129, 450.915498205774], [0.0, 0.0, 1.0]], [[1252.8131021185304, 0.0, 826.588114781398], [0.0, 1252.8131021185304, 469.9846626224581], [0.0, 0.0, 1.0]], [[1256.7485116440405, 0.0, 817.7887570959712], [0.0, 1256.7485116440403, 451.9541780095127], [0.0, 0.0, 1.0]], [[1254.9860565800168, 0.0, 829.5769333630991], [0.0, 1254.9860565800168, 467.1680561863987], [0.0, 0.0, 1.0]], [[796.8910634503094, 0.0, 857.7774326863696], [0.0, 796.8910634503094, 476.8848988407415], [0.0, 0.0, 1.0]], [[1249.9629280788233, 0.0, 825.3768045375984], [0.0, 1249.9629280788233, 462.54816385708756], [0.0, 0.0, 1.0]]], "extrinsics": [[[0.8318108916282654, -0.5549337863922119, 0.011796596460044384, -0.88818359375], [0.032059792429208755, 0.026816528290510178, -0.9991260766983032, 1.4935016632080078], [0.5541324615478516, 0.8314621448516846, 0.04009734094142914, -1.23797607421875], [0.0, 0.0, 0.0, 1.0]], [[0.024289928376674652, -0.9994727373123169, -0.021544944494962692, -0.004638671875], [0.03392338380217552, 0.02236293815076351, -0.9991742372512817, 1.484659194946289], [0.9991292357444763, 0.023538948968052864, 0.03444869443774223, -1.6107177734375], [0.0, 0.0, 0.0, 1.0]], [[-0.8375625014305115, -0.5446953773498535, -0.04237901419401169, 1.002227783203125], [0.04185697063803673, 0.013365735299885273, -0.9990341663360596, 1.4973018169403076], [0.5447357296943665, -0.8385274410247803, 0.011604659259319305, -1.2362060546875], [0.0, 0.0, 0.0, 1.0]], [[0.9476755261421204, 0.31836265325546265, 0.02358284778892994, -1.13766610622406], [0.015712572261691093, 0.027266839519143105, -0.9995046854019165, 1.5623836517333984], [-0.31884801387786865, 0.9475767612457275, 0.020837824791669846, -0.1468505859375], [0.0, 0.0, 0.0, 1.0]], [[0.004840959329158068, 0.9997847676277161, 0.020173614844679832, -0.017822265625], [0.018067985773086548, 0.0200831089168787, -0.9996349811553955, 1.5689659118652344], [-0.9998250007629395, 0.00520368991419673, -0.017966877669095993, 0.00634765625], [0.0, 0.0, 0.0, 1.0]], [[-0.9263354539871216, 0.3760647773742676, -0.02186140976846218, 1.0999755859375], [0.02269018441438675, -0.0022256893571466208, -0.9997400641441345, 1.5493927001953125], [-0.37601566314697266, -0.9265907406806946, -0.006471243221312761, -0.082763671875], [0.0, 0.0, 0.0, 1.0]]], "view": [[0.0, -2.0, 100.0], [-2.0, 0.0, 100.0], [0.0, 0.0, 1.0]], "bev": "bev_807c77126f744e21bbad69b37ba02a19.png", "aux": "aux_807c77126f744e21bbad69b37ba02a19.npz", "visibility": "visibility_807c77126f744e21bbad69b37ba02a19.png", "pose": [[0.24341677129268646, 0.9699217677116394, 0.0, 1343.9508056640625], [-0.9699217677116394, 0.24341677129268646, 0.0, 859.2102661132812], [0.0, 0.0, 1.0, 0.0], [0.0, 0.0, 0.0, 1.0]], "pose_inverse": [[0.24341677129268646, -0.9699217677116394, 0.0, 506.2265930175781], [0.9699217677116394, 0.24341677129268646, 0.0, -1512.67333984375], [0.0, 0.0, 1.0, 0.0], [0.0, 0.0, 0.0, 1.0]], "cam_ids": [0, 1, 2, 3, 4, 5], "cam_channels": ["CAM_FRONT_LEFT", "CAM_FRONT", "CAM_FRONT_RIGHT", "CAM_BACK_LEFT", "CAM_BACK", "CAM_BACK_RIGHT"], "token": "807c77126f744e21bbad69b37ba02a19", "scene": "scene-0525"}, {"images": ["samples/CAM_FRONT_LEFT/n008-2018-08-30-15-52-26-0400__CAM_FRONT_LEFT__1535658850004799.jpg", "samples/CAM_FRONT/n008-2018-08-30-15-52-26-0400__CAM_FRONT__1535658850012404.jpg", "samples/CAM_FRONT_RIGHT/n008-2018-08-30-15-52-26-0400__CAM_FRONT_RIGHT__1535658850020482.jpg", "samples/CAM_BACK_LEFT/n008-2018-08-30-15-52-26-0400__CAM_BACK_LEFT__1535658850047405.jpg", "samples/CAM_BACK/n008-2018-08-30-15-52-26-0400__CAM_BACK__1535658850037558.jpg", "samples/CAM_BACK_RIGHT/n008-2018-08-30-15-52-26-0400__CAM_BACK_RIGHT__1535658850028113.jpg"], "intrinsics": [[[1257.8625342125129, 0.0, 827.2410631095686], [0.0, 1257.8625342125129, 450.915498205774], [0.0, 0.0, 1.0]], [[1252.8131021185304, 0.0, 826.588114781398], [0.0, 1252.8131021185304, 469.9846626224581], [0.0, 0.0, 1.0]], [[1256.7485116440405, 0.0, 817.7887570959712], [0.0, 1256.7485116440403, 451.9541780095127], [0.0, 0.0, 1.0]], [[1254.9860565800168, 0.0, 829.5769333630991], [0.0, 1254.9860565800168, 467.1680561863987], [0.0, 0.0, 1.0]], [[796.8910634503094, 0.0, 857.7774326863696], [0.0, 796.8910634503094, 476.8848988407415], [0.0, 0.0, 1.0]], [[1249.9629280788233, 0.0, 825.3768045375984], [0.0, 1249.9629280788233, 462.54816385708756], [0.0, 0.0, 1.0]]], "extrinsics": [[[0.8330860733985901, -0.5530385971069336, 0.010769386775791645, -0.8779296875], [0.024171434342861176, 0.01694672368466854, -0.9995641708374023, 1.492119550704956], [0.5526151061058044, 0.8329833149909973, 0.027485812082886696, -1.2440185546875], [0.0, 0.0, 0.0, 1.0]], [[0.02608339488506317, -0.9995888471603394, -0.011912212707102299, 0.00634765625], [0.02620079554617405, 0.012595762498676777, -0.9995774030685425, 1.4835610389709473], [0.999316394329071, 0.025760263204574585, 0.02651856280863285, -1.60626220703125], [0.0, 0.0, 0.0, 1.0]], [[-0.836905837059021, -0.5464812517166138, -0.030771855264902115, 1.0045089721679688], [0.03431948274374008, 0.0037171323783695698, -0.9994039535522461, 1.4965362548828125], [0.546269953250885, -0.8374631404876709, 0.01564406417310238, -1.2255859375], [0.0, 0.0, 0.0, 1.0]], [[0.9475283622741699, 0.31935250759124756, 0.014283480122685432, -1.1383056640625], [0.008775564841926098, 0.018679479137063026, -0.9997870326042175, 1.5620956420898438], [-0.31955137848854065, 0.9474518299102783, 0.014896836131811142, -0.1580810546875], [0.0, 0.0, 0.0, 1.0]], [[0.0037463598418980837, 0.999927282333374, 0.011464406736195087, -0.028564453125], [0.010854348540306091, 0.011423150077462196, -0.9998757839202881, 1.5685086250305176], [-0.9999340772628784, 0.0038703337777405977, -0.010810762643814087, 0.003173828125], [0.0, 0.0, 0.0, 1.0]], [[-0.9270519614219666, 0.37448617815971375, -0.01829581893980503, 1.093017578125], [0.015306718647480011, -0.01095488853752613, -0.9998227953910828, 1.548910140991211], [-0.3746202290058136, -0.9271678328514099, 0.004423595033586025, -0.07464599609375], [0.0, 0.0, 0.0, 1.0]]], "view": [[0.0, -2.0, 100.0], [-2.0, 0.0, 100.0], [0.0, 0.0, 1.0]], "bev": "bev_36215378817649b89f1557efc7c9b614.png", "aux": "aux_36215378817649b89f1557efc7c9b614.npz", "visibility": "visibility_36215378817649b89f1557efc7c9b614.png", "pose": [[0.03890294209122658, 0.9992430210113525, 0.0, 1344.195068359375], [-0.9992430210113525, 0.03890294209122658, 0.0, 857.4760131835938], [0.0, 0.0, 1.0, 0.0], [0.0, 0.0, 0.0, 1.0]], "pose_inverse": [[0.03890294209122658, -0.9992430210113525, 0.0, 804.5337524414062], [0.9992430210113525, 0.03890294209122658, 0.0, -1376.535888671875], [0.0, 0.0, 1.0, 0.0], [0.0, 0.0, 0.0, 1.0]], "cam_ids": [0, 1, 2, 3, 4, 5], "cam_channels": ["CAM_FRONT_LEFT", "CAM_FRONT", "CAM_FRONT_RIGHT", "CAM_BACK_LEFT", "CAM_BACK", "CAM_BACK_RIGHT"], "token": "36215378817649b89f1557efc7c9b614", "scene": "scene-0525"}, {"images": ["samples/CAM_FRONT_LEFT/n008-2018-08-30-15-52-26-0400__CAM_FRONT_LEFT__1535658850504799.jpg", "samples/CAM_FRONT/n008-2018-08-30-15-52-26-0400__CAM_FRONT__1535658850512404.jpg", "samples/CAM_FRONT_RIGHT/n008-2018-08-30-15-52-26-0400__CAM_FRONT_RIGHT__1535658850520482.jpg", "samples/CAM_BACK_LEFT/n008-2018-08-30-15-52-26-0400__CAM_BACK_LEFT__1535658850547405.jpg", "samples/CAM_BACK/n008-2018-08-30-15-52-26-0400__CAM_BACK__1535658850537558.jpg", "samples/CAM_BACK_RIGHT/n008-2018-08-30-15-52-26-0400__CAM_BACK_RIGHT__1535658850528113.jpg"], "intrinsics": [[[1257.8625342125129, 0.0, 827.2410631095686], [0.0, 1257.8625342125129, 450.915498205774], [0.0, 0.0, 1.0]], [[1252.8131021185304, 0.0, 826.588114781398], [0.0, 1252.8131021185304, 469.9846626224581], [0.0, 0.0, 1.0]], [[1256.7485116440405, 0.0, 817.7887570959712], [0.0, 1256.7485116440403, 451.9541780095127], [0.0, 0.0, 1.0]], [[1254.9860565800168, 0.0, 829.5769333630991], [0.0, 1254.9860565800168, 467.1680561863987], [0.0, 0.0, 1.0]], [[796.8910634503094, 0.0, 857.7774326863696], [0.0, 796.8910634503094, 476.8848988407415], [0.0, 0.0, 1.0]], [[1249.9629280788233, 0.0, 825.3768045375984], [0.0, 1249.9629280788233, 462.54816385708756], [0.0, 0.0, 1.0]]], "extrinsics": [[[0.8328608870506287, -0.5531958937644958, 0.017812203615903854, -0.8902587890625], [0.032714854925870895, 0.017076866701245308, -0.9993188381195068, 1.4934616088867188], [0.5525148510932922, 0.8328762650489807, 0.03232037276029587, -1.2366943359375], [0.0, 0.0, 0.0, 1.0]], [[0.025942983105778694, -0.9995952248573303, -0.011678234674036503, -0.0068359375], [0.03464364632964134, 0.012574151158332825, -0.9993206858634949, 1.4846420288085938], [0.9990630149841309, 0.0255208071321249, 0.03495582938194275, -1.61083984375], [0.0, 0.0, 0.0, 1.0]], [[-0.8367856740951538, -0.5462342500686646, -0.037654854357242584, 1.00128173828125], [0.04265100881457329, 0.003534385235980153, -0.9990837574005127, 1.4972381591796875], [0.5458669066429138, -0.8376250267028809, 0.02033991925418377, -1.2381591796875], [0.0, 0.0, 0.0, 1.0]], [[0.9474196434020996, 0.3192586600780487, 0.021679023280739784, -1.13397216796875], [0.01652742177248001, 0.01883680373430252, -0.9996859431266785, 1.5623893737792969], [-0.3195667564868927, 0.9474804401397705, 0.012569836340844631, -0.1453857421875], [0.0, 0.0, 0.0, 1.0]], [[0.003958771470934153, 0.9999241232872009, 0.011664459481835365, -0.0155029296875], [0.018807822838425636, 0.011588037014007568, -0.9997559189796448, 1.5689597129821777], [-0.9998153448104858, 0.004177181050181389, -0.018760524690151215, 0.0048828125], [0.0, 0.0, 0.0, 1.0]], [[-0.926741898059845, 0.3748001456260681, -0.02596730925142765, 1.1007080078125], [0.02345244027674198, -0.011270428076386452, -0.9996614456176758, 1.5493011474609375], [-0.3749658167362213, -0.9270371198654175, 0.0016548025887459517, -0.084716796875], [0.0, 0.0, 0.0, 1.0]]], "view": [[0.0, -2.0, 100.0], [-2.0, 0.0, 100.0], [0.0, 0.0, 1.0]], "bev": "bev_a88f116dffa745a8bfdf90e3758fb547.png", "aux": "aux_a88f116dffa745a8bfdf90e3758fb547.npz", "visibility": "visibility_a88f116dffa745a8bfdf90e3758fb547.png", "pose": [[-0.1771601438522339, 0.9841820597648621, 0.0, 1344.0909423828125], [-0.9841820597648621, -0.1771601438522339, 0.0, 855.7625122070312], [0.0, 0.0, 1.0, 0.0], [0.0, 0.0, 0.0, 1.0]], "pose_inverse": [[-0.1771601438522339, -0.9841820597648621, 0.0, 1080.345458984375], [0.9841820597648621, -0.1771601438522339, 0.0, -1171.22314453125], [0.0, 0.0, 1.0, 0.0], [0.0, 0.0, 0.0, 1.0]], "cam_ids": [0, 1, 2, 3, 4, 5], "cam_channels": ["CAM_FRONT_LEFT", "CAM_FRONT", "CAM_FRONT_RIGHT", "CAM_BACK_LEFT", "CAM_BACK", "CAM_BACK_RIGHT"], "token": "a88f116dffa745a8bfdf90e3758fb547", "scene": "scene-0525"}, {"images": ["samples/CAM_FRONT_LEFT/n008-2018-08-30-15-52-26-0400__CAM_FRONT_LEFT__1535658851004799.jpg", "samples/CAM_FRONT/n008-2018-08-30-15-52-26-0400__CAM_FRONT__1535658851012404.jpg", "samples/CAM_FRONT_RIGHT/n008-2018-08-30-15-52-26-0400__CAM_FRONT_RIGHT__1535658851020482.jpg", "samples/CAM_BACK_LEFT/n008-2018-08-30-15-52-26-0400__CAM_BACK_LEFT__1535658851047408.jpg", "samples/CAM_BACK/n008-2018-08-30-15-52-26-0400__CAM_BACK__1535658851037558.jpg", "samples/CAM_BACK_RIGHT/n008-2018-08-30-15-52-26-0400__CAM_BACK_RIGHT__1535658851028113.jpg"], "intrinsics": [[[1257.8625342125129, 0.0, 827.2410631095686], [0.0, 1257.8625342125129, 450.915498205774], [0.0, 0.0, 1.0]], [[1252.8131021185304, 0.0, 826.588114781398], [0.0, 1252.8131021185304, 469.9846626224581], [0.0, 0.0, 1.0]], [[1256.7485116440405, 0.0, 817.7887570959712], [0.0, 1256.7485116440403, 451.9541780095127], [0.0, 0.0, 1.0]], [[1254.9860565800168, 0.0, 829.5769333630991], [0.0, 1254.9860565800168, 467.1680561863987], [0.0, 0.0, 1.0]], [[796.8910634503094, 0.0, 857.7774326863696], [0.0, 796.8910634503094, 476.8848988407415], [0.0, 0.0, 1.0]], [[1249.9629280788233, 0.0, 825.3768045375984], [0.0, 1249.9629280788233, 462.54816385708756], [0.0, 0.0, 1.0]]], "extrinsics": [[[0.8309566378593445, -0.5563188791275024, 0.00451698200777173, -0.8819580078125], [0.01959722675383091, 0.021155746653676033, -0.9995840787887573, 1.4913358688354492], [0.5559919476509094, 0.8306995630264282, 0.02848181501030922, -1.24603271484375], [0.0, 0.0, 0.0, 1.0]], [[0.022875113412737846, -0.9995951652526855, -0.01691529154777527, 0.00543212890625], [0.02128223143517971, 0.01740277372300625, -0.9996220469474792, 1.4828853607177734], [0.9995117783546448, 0.022506508976221085, 0.021671706810593605, -1.6092529296875], [0.0, 0.0, 0.0, 1.0]], [[-0.8383676409721375, -0.5443152785301208, -0.029335392639040947, 1.00653076171875], [0.029036113992333412, 0.009147007949650288, -0.9995364546775818, 1.4959564208984375], [0.5443313121795654, -0.8388308882713318, 0.008136242628097534, -1.2265625], [0.0, 0.0, 0.0, 1.0]], [[0.9474943280220032, 0.3196104168891907, 0.010186871513724327, -1.13433837890625], [0.002187309553846717, 0.025378091260790825, -0.9996755123138428, 1.5620670318603516], [-0.31976523995399475, 0.9472091197967529, 0.023346511647105217, -0.1593017578125], [0.0, 0.0, 0.0, 1.0]], [[0.004599478095769882, 0.9998376369476318, 0.017422091215848923, -0.02850341796875], [0.004725350067019463, 0.01740034855902195, -0.9998373985290527, 1.5682640075683594], [-0.999978244304657, 0.004681046586483717, -0.0046445513144135475, 0.001953125], [0.0, 0.0, 0.0, 1.0]], [[-0.9264986515045166, 0.3761345446109772, -0.011088215745985508, 1.0938720703125], [0.009641946293413639, -0.005727387964725494, -0.9999370574951172, 1.548501968383789], [-0.37617433071136475, -0.9265472888946533, 0.0016797479474917054, -0.073455810546875], [0.0, 0.0, 0.0, 1.0]]], "view": [[0.0, -2.0, 100.0], [-2.0, 0.0, 100.0], [0.0, 0.0, 1.0]], "bev": "bev_03f3cc3df6704ae6b555d67d88974686.png", "aux": "aux_03f3cc3df6704ae6b555d67d88974686.npz", "visibility": "visibility_03f3cc3df6704ae6b555d67d88974686.png", "pose": [[-0.3561002016067505, 0.9344477653503418, 0.0, 1343.6307373046875], [-0.9344477653503418, -0.3561002016067505, 0.0, 854.130615234375], [0.0, 0.0, 1.0, 0.0], [0.0, 0.0, 0.0, 1.0]], "pose_inverse": [[-0.3561002016067505, -0.9344477653503418, 0.0, 1276.607666015625], [0.9344477653503418, -0.3561002016067505, 0.0, -951.3966674804688], [0.0, 0.0, 1.0, 0.0], [0.0, 0.0, 0.0, 1.0]], "cam_ids": [0, 1, 2, 3, 4, 5], "cam_channels": ["CAM_FRONT_LEFT", "CAM_FRONT", "CAM_FRONT_RIGHT", "CAM_BACK_LEFT", "CAM_BACK", "CAM_BACK_RIGHT"], "token": "03f3cc3df6704ae6b555d67d88974686", "scene": "scene-0525"}, {"images": ["samples/CAM_FRONT_LEFT/n008-2018-08-30-15-52-26-0400__CAM_FRONT_LEFT__1535658851504799.jpg", "samples/CAM_FRONT/n008-2018-08-30-15-52-26-0400__CAM_FRONT__1535658851512404.jpg", "samples/CAM_FRONT_RIGHT/n008-2018-08-30-15-52-26-0400__CAM_FRONT_RIGHT__1535658851520482.jpg", "samples/CAM_BACK_LEFT/n008-2018-08-30-15-52-26-0400__CAM_BACK_LEFT__1535658851547408.jpg", "samples/CAM_BACK/n008-2018-08-30-15-52-26-0400__CAM_BACK__1535658851537558.jpg", "samples/CAM_BACK_RIGHT/n008-2018-08-30-15-52-26-0400__CAM_BACK_RIGHT__1535658851528113.jpg"], "intrinsics": [[[1257.8625342125129, 0.0, 827.2410631095686], [0.0, 1257.8625342125129, 450.915498205774], [0.0, 0.0, 1.0]], [[1252.8131021185304, 0.0, 826.588114781398], [0.0, 1252.8131021185304, 469.9846626224581], [0.0, 0.0, 1.0]], [[1256.7485116440405, 0.0, 817.7887570959712], [0.0, 1256.7485116440403, 451.9541780095127], [0.0, 0.0, 1.0]], [[1254.9860565800168, 0.0, 829.5769333630991], [0.0, 1254.9860565800168, 467.1680561863987], [0.0, 0.0, 1.0]], [[796.8910634503094, 0.0, 857.7774326863696], [0.0, 796.8910634503094, 476.8848988407415], [0.0, 0.0, 1.0]], [[1249.9629280788233, 0.0, 825.3768045375984], [0.0, 1249.9629280788233, 462.54816385708756], [0.0, 0.0, 1.0]]], "extrinsics": [[[0.8285877108573914, -0.5598590970039368, -0.00042754554306156933, -0.87158203125], [0.010805693455040455, 0.01675586961209774, -0.9998012185096741, 1.4900538921356201], [0.5597549080848694, 0.8284183740615845, 0.019933374598622322, -1.2421875], [0.0, 0.0, 0.0, 1.0]], [[0.019122255966067314, -0.9997406005859375, -0.012370772659778595, 0.0076904296875], [0.012691184878349304, 0.012614748440682888, -0.9998399019241333, 1.4818801879882812], [0.9997366070747375, 0.01896221749484539, 0.012929115444421768, -1.5999755859375], [0.0, 0.0, 0.0, 1.0]], [[-0.8401466012001038, -0.5420092940330505, -0.01948443613946438, 1.00140380859375], [0.02065056376159191, 0.003930987324565649, -0.9997789859771729, 1.4952640533447266], [0.5419661402702332, -0.8403632640838623, 0.007890190929174423, -1.22021484375], [0.0, 0.0, 0.0, 1.0]], [[0.9476519823074341, 0.319303423166275, 0.0010464609367772937, -1.1339111328125], [-0.00532586919143796, 0.019083185121417046, -0.9998037219047546, 1.5619888305664062], [-0.31926074624061584, 0.947460412979126, 0.01978478580713272, -0.1595458984375], [0.0, 0.0, 0.0, 1.0]], [[0.006049880757927895, 0.9999162554740906, 0.01143993902951479, -0.02911376953125], [-0.0030211973935365677, 0.011458371765911579, -0.9999297857284546, 1.5679149627685547], [-0.999977171421051, 0.00601488072425127, 0.003090266138315201, -0.001953125], [0.0, 0.0, 0.0, 1.0]], [[-0.92573082447052, 0.37814071774482727, -0.005655542016029358, 1.087158203125], [0.0015045214677229524, -0.011271979659795761, -0.9999353289604187, 1.5479307174682617], [-0.37817996740341187, -0.9256795048713684, 0.009865899570286274, -0.0738677978515625], [0.0, 0.0, 0.0, 1.0]]], "view": [[0.0, -2.0, 100.0], [-2.0, 0.0, 100.0], [0.0, 0.0, 1.0]], "bev": "bev_4f92713f765b4764be63524580e7e6f7.png", "aux": "aux_4f92713f765b4764be63524580e7e6f7.npz", "visibility": "visibility_4f92713f765b4764be63524580e7e6f7.png", "pose": [[-0.4877132177352905, 0.8730039000511169, 0.0, 1342.889892578125], [-0.8730039000511169, -0.4877132177352905, 0.0, 852.5540161132812], [0.0, 0.0, 1.0, 0.0], [0.0, 0.0, 0.0, 1.0]], "pose_inverse": [[-0.4877132177352905, -0.8730039000511169, 0.0, 1399.2281494140625], [0.8730039000511169, -0.4877132177352905, 0.0, -756.5462646484375], [0.0, 0.0, 1.0, 0.0], [0.0, 0.0, 0.0, 1.0]], "cam_ids": [0, 1, 2, 3, 4, 5], "cam_channels": ["CAM_FRONT_LEFT", "CAM_FRONT", "CAM_FRONT_RIGHT", "CAM_BACK_LEFT", "CAM_BACK", "CAM_BACK_RIGHT"], "token": "4f92713f765b4764be63524580e7e6f7", "scene": "scene-0525"}, {"images": ["samples/CAM_FRONT_LEFT/n008-2018-08-30-15-52-26-0400__CAM_FRONT_LEFT__1535658852004799.jpg", "samples/CAM_FRONT/n008-2018-08-30-15-52-26-0400__CAM_FRONT__1535658852012404.jpg", "samples/CAM_FRONT_RIGHT/n008-2018-08-30-15-52-26-0400__CAM_FRONT_RIGHT__1535658852020482.jpg", "samples/CAM_BACK_LEFT/n008-2018-08-30-15-52-26-0400__CAM_BACK_LEFT__1535658852047405.jpg", "samples/CAM_BACK/n008-2018-08-30-15-52-26-0400__CAM_BACK__1535658852037558.jpg", "samples/CAM_BACK_RIGHT/n008-2018-08-30-15-52-26-0400__CAM_BACK_RIGHT__1535658852028113.jpg"], "intrinsics": [[[1257.8625342125129, 0.0, 827.2410631095686], [0.0, 1257.8625342125129, 450.915498205774], [0.0, 0.0, 1.0]], [[1252.8131021185304, 0.0, 826.588114781398], [0.0, 1252.8131021185304, 469.9846626224581], [0.0, 0.0, 1.0]], [[1256.7485116440405, 0.0, 817.7887570959712], [0.0, 1256.7485116440403, 451.9541780095127], [0.0, 0.0, 1.0]], [[1254.9860565800168, 0.0, 829.5769333630991], [0.0, 1254.9860565800168, 467.1680561863987], [0.0, 0.0, 1.0]], [[796.8910634503094, 0.0, 857.7774326863696], [0.0, 796.8910634503094, 476.8848988407415], [0.0, 0.0, 1.0]], [[1249.9629280788233, 0.0, 825.3768045375984], [0.0, 1249.9629280788233, 462.54816385708756], [0.0, 0.0, 1.0]]], "extrinsics": [[[0.8259422779083252, -0.5637115240097046, -0.006970185320824385, -0.87646484375], [0.007942517288029194, 0.023998122662305832, -0.9996804594993591, 1.4896113872528076], [0.5636987090110779, 0.8256229758262634, 0.024298353120684624, -1.24237060546875], [0.0, 0.0, 0.0, 1.0]], [[0.015217838808894157, -0.9996907711029053, -0.019665444269776344, 0.00494384765625], [0.00987220462411642, 0.019816983491182327, -0.9997549057006836, 1.4815062284469604], [0.9998354911804199, 0.015019997023046017, 0.010170724242925644, -1.6038818359375], [0.0, 0.0, 0.0, 1.0]], [[-0.8418734669685364, -0.5392653346061707, -0.021023277193307877, 1.0029296875], [0.017873501405119896, 0.011073222383856773, -0.9997789263725281, 1.49493408203125], [0.5393789410591125, -0.8420630693435669, 0.00031630712328478694, -1.2244873046875], [0.0, 0.0, 0.0, 1.0]], [[0.9478068947792053, 0.3188430666923523, 0.0010864081559702754, -1.13525390625], [-0.007541298400610685, 0.02582370676100254, -0.999638020992279, 1.5620384216308594], [-0.31875571608543396, 0.9474557042121887, 0.026880377903580666, -0.1566162109375], [0.0, 0.0, 0.0, 1.0]], [[0.007568520959466696, 0.9998019933700562, 0.018401315435767174, -0.0264892578125], [-0.005355451721698046, 0.018442105501890182, -0.9998155236244202, 1.56787109375], [-0.9999570250511169, 0.007468591909855604, 0.00549397058