[{"images": ["samples/CAM_FRONT_LEFT/n008-2018-08-30-15-16-55-0400__CAM_FRONT_LEFT__1535656755354799.jpg", "samples/CAM_FRONT/n008-2018-08-30-15-16-55-0400__CAM_FRONT__1535656755362404.jpg", "samples/CAM_FRONT_RIGHT/n008-2018-08-30-15-16-55-0400__CAM_FRONT_RIGHT__1535656755370482.jpg", "samples/CAM_BACK_LEFT/n008-2018-08-30-15-16-55-0400__CAM_BACK_LEFT__1535656755397405.jpg", "samples/CAM_BACK/n008-2018-08-30-15-16-55-0400__CAM_BACK__1535656755387558.jpg", "samples/CAM_BACK_RIGHT/n008-2018-08-30-15-16-55-0400__CAM_BACK_RIGHT__1535656755378113.jpg"], "intrinsics": [[[1257.8625342125129, 0.0, 827.2410631095686], [0.0, 1257.8625342125129, 450.915498205774], [0.0, 0.0, 1.0]], [[1252.8131021185304, 0.0, 826.588114781398], [0.0, 1252.8131021185304, 469.9846626224581], [0.0, 0.0, 1.0]], [[1256.7485116440405, 0.0, 817.7887570959712], [0.0, 1256.7485116440403, 451.9541780095127], [0.0, 0.0, 1.0]], [[1254.9860565800168, 0.0, 829.5769333630991], [0.0, 1254.9860565800168, 467.1680561863987], [0.0, 0.0, 1.0]], [[796.8910634503094, 0.0, 857.7774326863696], [0.0, 796.8910634503094, 476.8848988407415], [0.0, 0.0, 1.0]], [[1249.9629280788233, 0.0, 825.3768045375984], [0.0, 1249.9629280788233, 462.54816385708756], [0.0, 0.0, 1.0]]], "extrinsics": [[[0.8225684762001038, -0.5686256289482117, 0.006784000899642706, -0.8858642578125], [0.014419789426028728, 0.00893072597682476, -0.9998561143875122, 1.4903573989868164], [0.5684831738471985, 0.8225480318069458, 0.015545593574643135, -1.2525787353515625], [0.0, 0.0, 0.0, 1.0]], [[0.010415377095341682, -0.9999346733093262, -0.00469049671664834, 0.00787353515625], [0.01643155701458454, 0.004861265886574984, -0.9998531937599182, 1.4820938110351562], [0.9998106956481934, 0.01033683679997921, 0.01648111827671528, -1.616943359375], [0.0, 0.0, 0.0, 1.0]], [[-0.8437853455543518, -0.5363566875457764, -0.01864815130829811, 1.0147705078125], [0.02449655905365944, -0.003779977560043335, -0.9996927380561829, 1.4952926635742188], [0.5361214280128479, -0.843982994556427, 0.01632838323712349, -1.22808837890625], [0.0, 0.0, 0.0, 1.0]], [[0.9478828310966492, 0.3186050057411194, 0.0030080920550972223, -1.13623046875], [-0.0006826790631748736, 0.011471863836050034, -0.9999339580535889, 1.5620365142822266], [-0.318618506193161, 0.9478181600570679, 0.011091487482190132, -0.15875244140625], [0.0, 0.0, 0.0, 1.0]], [[0.009114691987633705, 0.9999507069587708, 0.003947220742702484, -0.02886962890625], [0.001402034773491323, 0.003934601787477732, -0.999991238117218, 1.5681133270263672], [-0.9999575018882751, 0.009120117872953415, -0.0013661039993166924, 0.00628662109375], [0.0, 0.0, 0.0, 1.0]], [[-0.9237066507339478, 0.3829028010368347, -0.012306040152907372, 1.0985107421875], [0.005522312130779028, -0.018810726702213287, -0.9998077750205994, 1.548196792602539], [-0.38306063413619995, -0.9235970973968506, 0.015261085703969002, -0.06870269775390625], [0.0, 0.0, 0.0, 1.0]]], "view": [[0.0, -2.0, 100.0], [-2.0, 0.0, 100.0], [0.0, 0.0, 1.0]], "bev": "bev_ab3cf9a677a2452abef094e9062f844f.png", "aux": "aux_ab3cf9a677a2452abef094e9062f844f.npz", "visibility": "visibility_ab3cf9a677a2452abef094e9062f844f.png", "pose": [[-0.645984947681427, 0.7633501291275024, 0.0, 951.5335083007812], [-0.7633501291275024, -0.645984947681427, 0.0, 399.5977783203125], [0.0, 0.0, 1.0, 0.0], [0.0, 0.0, 0.0, 1.0]], "pose_inverse": [[-0.645984947681427, -0.7633501291275024, 0.0, 919.7093505859375], [0.7633501291275024, -0.645984947681427, 0.0, -468.2190856933594], [0.0, 0.0, 1.0, 0.0], [0.0, 0.0, 0.0, 1.0]], "cam_ids": [0, 1, 2, 3, 4, 5], "cam_channels": ["CAM_FRONT_LEFT", "CAM_FRONT", "CAM_FRONT_RIGHT", "CAM_BACK_LEFT", "CAM_BACK", "CAM_BACK_RIGHT"], "token": "ab3cf9a677a2452abef094e9062f844f", "scene": "scene-0744"}, {"images": ["samples/CAM_FRONT_LEFT/n008-2018-08-30-15-16-55-0400__CAM_FRONT_LEFT__1535656755854799.jpg", "samples/CAM_FRONT/n008-2018-08-30-15-16-55-0400__CAM_FRONT__1535656755862404.jpg", "samples/CAM_FRONT_RIGHT/n008-2018-08-30-15-16-55-0400__CAM_FRONT_RIGHT__1535656755870482.jpg", "samples/CAM_BACK_LEFT/n008-2018-08-30-15-16-55-0400__CAM_BACK_LEFT__1535656755897405.jpg", "samples/CAM_BACK/n008-2018-08-30-15-16-55-0400__CAM_BACK__1535656755887558.jpg", "samples/CAM_BACK_RIGHT/n008-2018-08-30-15-16-55-0400__CAM_BACK_RIGHT__1535656755878113.jpg"], "intrinsics": [[[1257.8625342125129, 0.0, 827.2410631095686], [0.0, 1257.8625342125129, 450.915498205774], [0.0, 0.0, 1.0]], [[1252.8131021185304, 0.0, 826.588114781398], [0.0, 1252.8131021185304, 469.9846626224581], [0.0, 0.0, 1.0]], [[1256.7485116440405, 0.0, 817.7887570959712], [0.0, 1256.7485116440403, 451.9541780095127], [0.0, 0.0, 1.0]], [[1254.9860565800168, 0.0, 829.5769333630991], [0.0, 1254.9860565800168, 467.1680561863987], [0.0, 0.0, 1.0]], [[796.8910634503094, 0.0, 857.7774326863696], [0.0, 796.8910634503094, 476.8848988407415], [0.0, 0.0, 1.0]], [[1249.9629280788233, 0.0, 825.3768045375984], [0.0, 1249.9629280788233, 462.54816385708756], [0.0, 0.0, 1.0]]], "extrinsics": [[[0.822949230670929, -0.5679965615272522, 0.011595206335186958, -0.9053955078125], [0.018341979011893272, 0.006164620630443096, -0.9998127818107605, 1.4905109405517578], [0.5678187608718872, 0.8230078220367432, 0.015491350553929806, -1.26483154296875], [0.0, 0.0, 0.0, 1.0]], [[0.011000764556229115, -0.9999380111694336, -0.0017584930174052715, 0.00665283203125], [0.020380206406116486, 0.0019824448972940445, -0.999790370464325, 1.482208251953125], [0.9997318387031555, 0.01096266321837902, 0.020400747656822205, -1.63446044921875], [0.0, 0.0, 0.0, 1.0]], [[-0.8434855341911316, -0.5367646813392639, -0.020394129678606987, 1.024658203125], [0.028483957052230835, -0.00678215129300952, -0.9995712041854858, 1.4953041076660156], [0.5363962054252625, -0.8437047600746155, 0.02100982703268528, -1.23541259765625], [0.0, 0.0, 0.0, 1.0]], [[0.9478387832641602, 0.3186991214752197, 0.005707480013370514, -1.14007568359375], [0.003255224786698818, 0.008226659148931503, -0.9999608397483826, 1.5620570182800293], [-0.3187336027622223, 0.9478203058242798, 0.006760109215974808, -0.1573486328125], [0.0, 0.0, 0.0, 1.0]], [[0.008944584988057613, 0.9999597072601318, 0.0007948690326884389, -0.02862548828125], [0.005313592497259378, 0.0007473605219274759, -0.9999855756759644, 1.5682315826416016], [-0.9999459385871887, 0.008948713541030884, -0.005306694190949202, 0.012451171875], [0.0, 0.0, 0.0, 1.0]], [[-0.9237632155418396, 0.3825794756412506, -0.017158828675746918, 1.1075439453125], [0.00949791818857193, -0.021904241293668747, -0.9997149705886841, 1.5483570098876953], [-0.3828462064266205, -0.9236629605293274, 0.016600623726844788, -0.0656585693359375], [0.0, 0.0, 0.0, 1.0]]], "view": [[0.0, -2.0, 100.0], [-2.0, 0.0, 100.0], [0.0, 0.0, 1.0]], "bev": "bev_786107aa789f44418821b193eab8ce63.png", "aux": "aux_786107aa789f44418821b193eab8ce63.npz", "visibility": "visibility_786107aa789f44418821b193eab8ce63.png", "pose": [[-0.6515983939170837, 0.7585641741752625, 0.0, 950.5824584960938], [-0.7585641741752625, -0.6515983939170837, 0.0, 398.4974060058594], [0.0, 0.0, 1.0, 0.0], [0.0, 0.0, 0.0, 1.0]], "pose_inverse": [[-0.6515983939170837, -0.7585641741752625, 0.0, 921.683837890625], [0.7585641741752625, -0.6515983939170837, 0.0, -461.4175109863281], [0.0, 0.0, 1.0, 0.0], [0.0, 0.0, 0.0, 1.0]], "cam_ids": [0, 1, 2, 3, 4, 5], "cam_channels": ["CAM_FRONT_LEFT", "CAM_FRONT", "CAM_FRONT_RIGHT", "CAM_BACK_LEFT", "CAM_BACK", "CAM_BACK_RIGHT"], "token": "786107aa789f44418821b193eab8ce63", "scene": "scene-0744"}, {"images": ["samples/CAM_FRONT_LEFT/n008-2018-08-30-15-16-55-0400__CAM_FRONT_LEFT__1535656756354799.jpg", "samples/CAM_FRONT/n008-2018-08-30-15-16-55-0400__CAM_FRONT__1535656756362404.jpg", "samples/CAM_FRONT_RIGHT/n008-2018-08-30-15-16-55-0400__CAM_FRONT_RIGHT__1535656756370482.jpg", "samples/CAM_BACK_LEFT/n008-2018-08-30-15-16-55-0400__CAM_BACK_LEFT__1535656756397405.jpg", "samples/CAM_BACK/n008-2018-08-30-15-16-55-0400__CAM_BACK__1535656756387558.jpg", "samples/CAM_BACK_RIGHT/n008-2018-08-30-15-16-55-0400__CAM_BACK_RIGHT__1535656756378113.jpg"], "intrinsics": [[[1257.8625342125129, 0.0, 827.2410631095686], [0.0, 1257.8625342125129, 450.915498205774], [0.0, 0.0, 1.0]], [[1252.8131021185304, 0.0, 826.588114781398], [0.0, 1252.8131021185304, 469.9846626224581], [0.0, 0.0, 1.0]], [[1256.7485116440405, 0.0, 817.7887570959712], [0.0, 1256.7485116440403, 451.9541780095127], [0.0, 0.0, 1.0]], [[1254.9860565800168, 0.0, 829.5769333630991], [0.0, 1254.9860565800168, 467.1680561863987], [0.0, 0.0, 1.0]], [[796.8910634503094, 0.0, 857.7774326863696], [0.0, 796.8910634503094, 476.8848988407415], [0.0, 0.0, 1.0]], [[1249.9629280788233, 0.0, 825.3768045375984], [0.0, 1249.9629280788233, 462.54816385708756], [0.0, 0.0, 1.0]]], "extrinsics": [[[0.8227792382240295, -0.5682117342948914, 0.01303077768534422, -0.9007568359375], [0.021036265417933464, 0.007533597759902477, -0.9997503161430359, 1.4909286499023438], [0.5679716467857361, 0.822847843170166, 0.01815154030919075, -1.26300048828125], [0.0, 0.0, 0.0, 1.0]], [[0.01079845055937767, -0.9999370574951172, -0.003035508329048753, 0.007720947265625], [0.0232089813798666, 0.003285503014922142, -0.9997252821922302, 1.4825820922851562], [0.9996723532676697, 0.010725060477852821, 0.023242998868227005, -1.63055419921875], [0.0, 0.0, 0.0, 1.0]], [[-0.8435120582580566, -0.5365915298461914, -0.023595958948135376, 1.02252197265625], [0.03148507699370384, -0.005542663391679525, -0.9994888305664062, 1.4956340789794922], [0.5361865162849426, -0.8438238501548767, 0.021569930016994476, -1.233154296875], [0.0, 0.0, 0.0, 1.0]], [[0.9478380084037781, 0.3186163008213043, 0.00930717121809721, -1.137939453125], [0.0067268055863678455, 0.009198041632771492, -0.9999350309371948, 1.5620851516723633], [-0.3186812400817871, 0.9478392004966736, 0.006574983708560467, -0.15802001953125], [0.0, 0.0, 0.0, 1.0]], [[0.009014293551445007, 0.9999575614929199, 0.0018899644492194057, -0.0289306640625], [0.008606983348727226, 0.001812382717616856, -0.9999613165855408, 1.5683441162109375], [-0.9999222755432129, 0.009030189365148544, -0.008590281940996647, 0.011474609375], [0.0, 0.0, 0.0, 1.0]], [[-0.9236567616462708, 0.38271960616111755, -0.019592568278312683, 1.1053466796875], [0.012609297409653664, -0.02074659988284111, -0.9997052550315857, 1.5485782623291016], [-0.3830132782459259, -0.9236315488815308, 0.014336912892758846, -0.0659027099609375], [0.0, 0.0, 0.0, 1.0]]], "view": [[0.0, -2.0, 100.0], [-2.0, 0.0, 100.0], [0.0, 0.0, 1.0]], "bev": "bev_d26e83bd9b794271a793f91af6767d14.png", "aux": "aux_d26e83bd9b794271a793f91af6767d14.npz", "visibility": "visibility_d26e83bd9b794271a793f91af6767d14.png", "pose": [[-0.657745897769928, 0.7532398700714111, 0.0, 949.66943359375], [-0.7532398700714111, -0.657745897769928, 0.0, 397.4627685546875], [0.0, 0.0, 1.0, 0.0], [0.0, 0.0, 0.0, 1.0]], "pose_inverse": [[-0.657745897769928, -0.7532398700714111, 0.0, 924.0260009765625], [0.7532398700714111, -0.657745897769928, 0.0, -453.8993835449219], [0.0, 0.0, 1.0, 0.0], [0.0, 0.0, 0.0, 1.0]], "cam_ids": [0, 1, 2, 3, 4, 5], "cam_channels": ["CAM_FRONT_LEFT", "CAM_FRONT", "CAM_FRONT_RIGHT", "CAM_BACK_LEFT", "CAM_BACK", "CAM_BACK_RIGHT"], "token": "d26e83bd9b794271a793f91af6767d14", "scene": "scene-0744"}, {"images": ["samples/CAM_FRONT_LEFT/n008-2018-08-30-15-16-55-0400__CAM_FRONT_LEFT__1535656756854799.jpg", "samples/CAM_FRONT/n008-2018-08-30-15-16-55-0400__CAM_FRONT__1535656756862404.jpg", "samples/CAM_FRONT_RIGHT/n008-2018-08-30-15-16-55-0400__CAM_FRONT_RIGHT__1535656756870482.jpg", "samples/CAM_BACK_LEFT/n008-2018-08-30-15-16-55-0400__CAM_BACK_LEFT__1535656756897405.jpg", "samples/CAM_BACK/n008-2018-08-30-15-16-55-0400__CAM_BACK__1535656756887558.jpg", "samples/CAM_BACK_RIGHT/n008-2018-08-30-15-16-55-0400__CAM_BACK_RIGHT__1535656756878113.jpg"], "intrinsics": [[[1257.8625342125129, 0.0, 827.2410631095686], [0.0, 1257.8625342125129, 450.915498205774], [0.0, 0.0, 1.0]], [[1252.8131021185304, 0.0, 826.588114781398], [0.0, 1252.8131021185304, 469.9846626224581], [0.0, 0.0, 1.0]], [[1256.7485116440405, 0.0, 817.7887570959712], [0.0, 1256.7485116440403, 451.9541780095127], [0.0, 0.0, 1.0]], [[1254.9860565800168, 0.0, 829.5769333630991], [0.0, 1254.9860565800168, 467.1680561863987], [0.0, 0.0, 1.0]], [[796.8910634503094, 0.0, 857.7774326863696], [0.0, 796.8910634503094, 476.8848988407415], [0.0, 0.0, 1.0]], [[1249.9629280788233, 0.0, 825.3768045375984], [0.0, 1249.9629280788233, 462.54816385708756], [0.0, 0.0, 1.0]]], "extrinsics": [[[0.8226733207702637, -0.5682745575904846, 0.016513625159859657, -0.88629150390625], [0.02483939938247204, 0.006909643765538931, -0.9996675848960876, 1.491861343383789], [0.5679715275764465, 0.8228100538253784, 0.0197999756783247, -1.25225830078125], [0.0, 0.0, 0.0, 1.0]], [[0.010731863789260387, -0.9999392628669739, -0.002506464021280408, 0.0072021484375], [0.02672877162694931, 0.0027925772592425346, -0.9996387958526611, 1.4833488464355469], [0.9995851516723633, 0.010660967789590359, 0.026757117360830307, -1.61566162109375], [0.0, 0.0, 0.0, 1.0]], [[-0.8434662222862244, -0.5365467071533203, -0.026122568175196648, 1.012451171875], [0.03471936285495758, -0.005923526827245951, -0.9993795156478882, 1.4963035583496094], [0.5360590815544128, -0.8438498377799988, 0.023624852299690247, -1.22723388671875], [0.0, 0.0, 0.0, 1.0]], [[0.9478012323379517, 0.3186439573764801, 0.011785863898694515, -1.1385498046875], [0.009378885850310326, 0.00908706896007061, -0.9999147653579712, 1.562096118927002], [-0.3187238872051239, 0.9478309154510498, 0.005624209996312857, -0.15777587890625], [0.0, 0.0, 0.0, 1.0]], [[0.00904238224029541, 0.9999576210975647, 0.0017225799383595586, -0.0286865234375], [0.011566312983632088, 0.001617944217287004, -0.9999317526817322, 1.5684928894042969], [-0.9998922944068909, 0.009061792865395546, -0.01155119389295578, 0.007080078125], [0.0, 0.0, 0.0, 1.0]], [[-0.9235718846321106, 0.38276010751724243, -0.022576598450541496, 1.09765625], [0.01571602374315262, -0.02104172296822071, -0.9996550679206848, 1.5488872528076172], [-0.3831031322479248, -0.923608124256134, 0.013418077491223812, -0.0694427490234375], [0.0, 0.0, 0.0, 1.0]]], "view": [[0.0, -2.0, 100.0], [-2.0, 0.0, 100.0], [0.0, 0.0, 1.0]], "bev": "bev_e89b68bb5f1f4acf913002b9e3dcd748.png", "aux": "aux_e89b68bb5f1f4acf913002b9e3dcd748.npz", "visibility": "visibility_e89b68bb5f1f4acf913002b9e3dcd748.png", "pose": [[-0.6618769764900208, 0.7496125102043152, 0.0, 948.6779174804688], [-0.7496125102043152, -0.6618769764900208, 0.0, 396.35955810546875], [0.0, 0.0, 1.0, 0.0], [0.0, 0.0, 0.0, 1.0]], "pose_inverse": [[-0.6618769764900208, -0.7496125102043152, 0.0, 925.0241088867188], [0.7496125102043152, -0.6618769764900208, 0.0, -448.799560546875], [0.0, 0.0, 1.0, 0.0], [0.0, 0.0, 0.0, 1.0]], "cam_ids": [0, 1, 2, 3, 4, 5], "cam_channels": ["CAM_FRONT_LEFT", "CAM_FRONT", "CAM_FRONT_RIGHT", "CAM_BACK_LEFT", "CAM_BACK", "CAM_BACK_RIGHT"], "token": "e89b68bb5f1f4acf913002b9e3dcd748", "scene": "scene-0744"}, {"images": ["samples/CAM_FRONT_LEFT/n008-2018-08-30-15-16-55-0400__CAM_FRONT_LEFT__1535656757354799.jpg", "samples/CAM_FRONT/n008-2018-08-30-15-16-55-0400__CAM_FRONT__1535656757362404.jpg", "samples/CAM_FRONT_RIGHT/n008-2018-08-30-15-16-55-0400__CAM_FRONT_RIGHT__1535656757370482.jpg", "samples/CAM_BACK_LEFT/n008-2018-08-30-15-16-55-0400__CAM_BACK_LEFT__1535656757397405.jpg", "samples/CAM_BACK/n008-2018-08-30-15-16-55-0400__CAM_BACK__1535656757387558.jpg", "samples/CAM_BACK_RIGHT/n008-2018-08-30-15-16-55-0400__CAM_BACK_RIGHT__1535656757378113.jpg"], "intrinsics": [[[1257.8625342125129, 0.0, 827.2410631095686], [0.0, 1257.8625342125129, 450.915498205774], [0.0, 0.0, 1.0]], [[1252.8131021185304, 0.0, 826.588114781398], [0.0, 1252.8131021185304, 469.9846626224581], [0.0, 0.0, 1.0]], [[1256.7485116440405, 0.0, 817.7887570959712], [0.0, 1256.7485116440403, 451.9541780095127], [0.0, 0.0, 1.0]], [[1254.9860565800168, 0.0, 829.5769333630991], [0.0, 1254.9860565800168, 467.1680561863987], [0.0, 0.0, 1.0]], [[796.8910634503094, 0.0, 857.7774326863696], [0.0, 796.8910634503094, 476.8848988407415], [0.0, 0.0, 1.0]], [[1249.9629280788233, 0.0, 825.3768045375984], [0.0, 1249.9629280788233, 462.54816385708756], [0.0, 0.0, 1.0]]], "extrinsics": [[[0.8227673172950745, -0.5682424902915955, 0.012427818030118942, -0.84686279296875], [0.019772525876760483, 0.006763112265616655, -0.999781608581543, 1.4920825958251953], [0.5680344104766846, 0.8228333592414856, 0.016800057142972946, -1.2250823974609375], [0.0, 0.0, 0.0, 1.0]], [[0.010759755969047546, -0.9999392628669739, -0.002383843995630741, 0.00775146484375], [0.021658288314938545, 0.0026164751034229994, -0.9997619986534119, 1.4836006164550781], [0.9997075200080872, 0.010705587454140186, 0.021685125306248665, -1.5760498046875], [0.0, 0.0, 0.0, 1.0]], [[-0.8435655236244202, -0.536587655544281, -0.021700629964470863, 0.9866943359375], [0.02959522046148777, -0.006102986168116331, -0.999543309211731, 1.4967327117919922], [0.5362101793289185, -0.8438225388526917, 0.021028699353337288, -1.2108154296875], [0.0, 0.0, 0.0, 1.0]], [[0.9478353261947632, 0.3186952769756317, 0.006448743864893913, -1.1375732421875], [0.0037903059273958206, 0.00896107405424118, -0.9999526739120483, 1.5620695352554321], [-0.31873801350593567, 0.9478148818016052, 0.007285669911652803, -0.158203125], [0.0, 0.0, 0.0, 1.0]], [[0.00902301911264658, 0.9999581575393677, 0.0015250834403559566, -0.028656005859375], [0.006047248374670744, 0.0014705514768138528, -0.9999805688858032, 1.568359375], [-0.9999410510063171, 0.009032098576426506, -0.0060337260365486145, -0.0048828125], [0.0, 0.0, 0.0, 1.0]], [[-0.923693060874939, 0.3827229142189026, -0.01772887632250786, 1.0771484375], [0.010402962565422058, -0.021202778443694115, -0.999721109867096, 1.5487632751464844], [-0.3829919993877411, -0.9236198663711548, 0.01560340728610754, -0.07794570922851562], [0.0, 0.0, 0.0, 1.0]]], "view": [[0.0, -2.0, 100.0], [-2.0, 0.0, 100.0], [0.0, 0.0, 1.0]], "bev": "bev_b80fdd1d2fb845ffbcc65e3785339777.png", "aux": "aux_b80fdd1d2fb845ffbcc65e3785339777.npz", "visibility": "visibility_b80fdd1d2fb845ffbcc65e3785339777.png", "pose": [[-0.6645339131355286, 0.7472581267356873, 0.0, 947.4017944335938], [-0.7472581267356873, -0.6645339131355286, 0.0, 394.9351806640625], [0.0, 0.0, 1.0, 0.0], [0.0, 0.0, 0.0, 1.0]], "pose_inverse": [[-0.6645339131355286, -0.7472581267356873, 0.0, 924.6990966796875], [0.7472581267356873, -0.6645339131355286, 0.0, -445.5058898925781], [0.0, 0.0, 1.0, 0.0], [0.0, 0.0, 0.0, 1.0]], "cam_ids": [0, 1, 2, 3, 4, 5], "cam_channels": ["CAM_FRONT_LEFT", "CAM_FRONT", "CAM_FRONT_RIGHT", "CAM_BACK_LEFT", "CAM_BACK", "CAM_BACK_RIGHT"], "token": "b80fdd1d2fb845ffbcc65e3785339777", "scene": "scene-0744"}, {"images": ["samples/CAM_FRONT_LEFT/n008-2018-08-30-15-16-55-0400__CAM_FRONT_LEFT__1535656757854799.jpg", "samples/CAM_FRONT/n008-2018-08-30-15-16-55-0400__CAM_FRONT__1535656757862404.jpg", "samples/CAM_FRONT_RIGHT/n008-2018-08-30-15-16-55-0400__CAM_FRONT_RIGHT__1535656757870482.jpg", "samples/CAM_BACK_LEFT/n008-2018-08-30-15-16-55-0400__CAM_BACK_LEFT__1535656757897405.jpg", "samples/CAM_BACK/n008-2018-08-30-15-16-55-0400__CAM_BACK__1535656757887558.jpg", "samples/CAM_BACK_RIGHT/n008-2018-08-30-15-16-55-0400__CAM_BACK_RIGHT__1535656757878113.jpg"], "intrinsics": [[[1257.8625342125129, 0.0, 827.2410631095686], [0.0, 1257.8625342125129, 450.915498205774], [0.0, 0.0, 1.0]], [[1252.8131021185304, 0.0, 826.588114781398], [0.0, 1252.8131021185304, 469.9846626224581], [0.0, 0.0, 1.0]], [[1256.7485116440405, 0.0, 817.7887570959712], [0.0, 1256.7485116440403, 451.9541780095127], [0.0, 0.0, 1.0]], [[1254.9860565800168, 0.0, 829.5769333630991], [0.0, 1254.9860565800168, 467.1680561863987], [0.0, 0.0, 1.0]], [[796.8910634503094, 0.0, 857.7774326863696], [0.0, 796.8910634503094, 476.8848988407415], [0.0, 0.0, 1.0]], [[1249.9629280788233, 0.0, 825.3768045375984], [0.0, 1249.9629280788233, 462.54816385708756], [0.0, 0.0, 1.0]]], "extrinsics": [[[0.8227750062942505, -0.5683127045631409, 0.007875523529946804, -0.835693359375], [0.013569105416536331, 0.005788457579910755, -0.9998911619186401, 1.491058349609375], [0.5682052969932556, 0.8227922916412354, 0.012474092654883862, -1.2186279296875], [0.0, 0.0, 0.0, 1.0]], [[0.010658733546733856, -0.9999420642852783, -0.0014593546511605382, 0.008697509765625], [0.015437197871506214, 0.0016238141106441617, -0.9998795390129089, 1.4827747344970703], [0.999824047088623, 0.010634924285113811, 0.015453611500561237, -1.56561279296875], [0.0, 0.0, 0.0, 1.0]], [[-0.8437255620956421, -0.5365405678749084, -0.015856502577662468, 0.980224609375], [0.02331601455807686, -0.007120667956769466, -0.9997027516365051, 1.4961490631103516], [0.5362682342529297, -0.843844473361969, 0.01851787604391575, -1.20599365234375], [0.0, 0.0, 0.0, 1.0]], [[0.9478449821472168, 0.31873178482055664, 0.0002547271433286369, -1.13916015625], [-0.0023243092000484467, 0.007711198180913925, -0.9999675750732422, 1.5620298385620117], [-0.3187234103679657, 0.9478136301040649, 0.008049851283431053, -0.15789794921875], [0.0, 0.0, 0.0, 1.0]], [[0.009060130454599857, 0.9999589323997498, 0.000310927425744012, -0.028900146484375], [-8.961208368418738e-05, 0.00031175249023362994, -0.9999999403953552, 1.5680572986602783], [-0.9999590516090393, 0.009060133248567581, 9.243237582268193e-05, -0.0078125], [0.0, 0.0, 0.0, 1.0]], [[-0.9237635731697083, 0.38275954127311707, -0.012485913001000881, 1.071533203125], [0.004276423715054989, -0.0222915168851614, -0.999742329120636, 1.5482425689697266], [-0.38293930888175964, -0.9235789179801941, 0.018955249339342117, -0.07963180541992188], [0.0, 0.0, 0.0, 1.0]]], "view": [[0.0, -2.0, 100.0], [-2.0, 0.0, 100.0], [0.0, 0.0, 1.0]], "bev": "bev_ab0620782d854633bfcd59f5a0252f9a.png", "aux": "aux_ab0620782d854633bfcd59f5a0252f9a.npz", "visibility": "visibility_ab0620782d854633bfcd59f5a0252f9a.png", "pose": [[-0.6667172908782959, 0.7453107237815857, 0.0, 945.8928833007812], [-0.7453107237815857, -0.6667172908782959, 0.0, 393.2664794921875], [0.0, 0.0, 1.0, 0.0], [0.0, 0.0, 0.0, 1.0]], "pose_inverse": [[-0.6667172908782959, -0.7453107237815857, 0.0, 923.7488403320312], [0.7453107237815857, -0.6667172908782959, 0.0, -442.78656005859375], [0.0, 0.0, 1.0, 0.0], [0.0, 0.0, 0.0, 1.0]], "cam_ids": [0, 1, 2, 3, 4, 5], "cam_channels": ["CAM_FRONT_LEFT", "CAM_FRONT", "CAM_FRONT_RIGHT", "CAM_BACK_LEFT", "CAM_BACK", "CAM_BACK_RIGHT"], "token": "ab0620782d854633bfcd59f5a0252f9a", "scene": "scene-0744"}, {"images": ["samples/CAM_FRONT_LEFT/n008-2018-08-30-15-16-55-0400__CAM_FRONT_LEFT__1535656758354799.jpg", "samples/CAM_FRONT/n008-2018-08-30-15-16-55-0400__CAM_FRONT__1535656758362404.jpg", "samples/CAM_FRONT_RIGHT/n008-2018-08-30-15-16-55-0400__CAM_FRONT_RIGHT__1535656758370482.jpg", "samples/CAM_BACK_LEFT/n008-2018-08-30-15-16-55-0400__CAM_BACK_LEFT__1535656758397405.jpg", "samples/CAM_BACK/n008-2018-08-30-15-16-55-0400__CAM_BACK__1535656758387558.jpg", "samples/CAM_BACK_RIGHT/n008-2018-08-30-15-16-55-0400__CAM_BACK_RIGHT__1535656758378113.jpg"], "intrinsics": [[[1257.8625342125129, 0.0, 827.2410631095686], [0.0, 1257.8625342125129, 450.915498205774], [0.0, 0.0, 1.0]], [[1252.8131021185304, 0.0, 826.588114781398], [0.0, 1252.8131021185304, 469.9846626224581], [0.0, 0.0, 1.0]], [[1256.7485116440405, 0.0, 817.7887570959712], [0.0, 1256.7485116440403, 451.9541780095127], [0.0, 0.0, 1.0]], [[1254.9860565800168, 0.0, 829.5769333630991], [0.0, 1254.9860565800168, 467.1680561863987], [0.0, 0.0, 1.0]], [[796.8910634503094, 0.0, 857.7774326863696], [0.0, 796.8910634503094, 476.8848988407415], [0.0, 0.0, 1.0]], [[1249.9629280788233, 0.0, 825.3768045375984], [0.0, 1249.9629280788233, 462.54816385708756], [0.0, 0.0, 1.0]]], "extrinsics": [[[0.8222878575325012, -0.5690620541572571, 0.003322967328131199, -0.82073974609375], [0.00787593424320221, 0.005541526712477207, -0.9999536275863647, 1.4900484085083008], [0.5690172910690308, 0.8222758769989014, 0.009038625285029411, -1.2071533203125], [0.0, 0.0, 0.0, 1.0]], [[0.009905518032610416, -0.9999499320983887, -0.0013858212623745203, 0.008056640625], [0.009831811301410198, 0.0014832153683528304, -0.9999505877494812, 1.4819717407226562], [0.9999025464057922, 0.009891313500702381, 0.009846012108027935, -1.55096435546875], [0.0, 0.0, 0.0, 1.0]], [[-0.8441064953804016, -0.5360586047172546, -0.011193173006176949, 0.97113037109375], [0.01778787188231945, -0.00713306525722146, -0.9998162984848022, 1.49560546875], [0.5358803868293762, -0.8441506028175354, 0.01555640809237957, -1.20098876953125], [0.0, 0.0, 0.0, 1.0]], [[0.9478732943534851, 0.31861239671707153, -0.004725843667984009, -1.13812255859375], [-0.007757759653031826, 0.008247744292020798, -0.9999358654022217, 1.5619945526123047], [-0.3185529410839081, 0.9478492140769958, 0.010289536789059639, -0.15802001953125], [0.0, 0.0, 0.0, 1.0]], [[0.00929866824299097, 0.9999565482139587, 0.0006178431794978678, -0.028594970703125], [-0.005609090439975262, 0.0006700200610794127, -0.9999840259552002, 1.5677485466003418], [-0.9999410510063171, 0.009295028634369373, 0.005615077447146177, -0.01153564453125], [0.0, 0.0, 0.0, 1.0]], [[-0.9236574769020081, 0.3831503689289093, -0.007254869677126408, 1.0648193359375], [-0.0013255153317004442, -0.022125540301203728, -0.9997543096542358, 1.5476865768432617], [-0.3832167387008667, -0.9234209060668945, 0.020944291725754738, -0.08288192749023438], [0.0, 0.0, 0.0, 1.0]]], "view": [[0.0, -2.0, 100.0], [-2.0, 0.0, 100.0], [0.0, 0.0, 1.0]], "bev": "bev_cb7f2449b9d240078a065bc055b275de.png", "aux": "aux_cb7f2449b9d240078a065bc055b275de.npz", "visibility": "visibility_cb7f2449b9d240078a065bc055b275de.png", "pose": [[-0.6642976999282837, 0.7474680542945862, 0.0, 944.2686157226562], [-0.7474680542945862, -0.6642976999282837, 0.0, 391.4618225097656], [0.0, 0.0, 1.0, 0.0], [0.0, 0.0, 0.0, 1.0]], "pose_inverse": [[-0.6642976999282837, -0.7474680542945862, 0.0, 919.8807373046875], [0.7474680542945862, -0.6642976999282837, 0.0, -445.7634582519531], [0.0, 0.0, 1.0, 0.0], [0.0, 0.0, 0.0, 1.0]], "cam_ids": [0, 1, 2, 3, 4, 5], "cam_channels": ["CAM_FRONT_LEFT", "CAM_FRONT", "CAM_FRONT_RIGHT", "CAM_BACK_LEFT", "CAM_BACK", "CAM_BACK_RIGHT"], "token": "cb7f2449b9d240078a065bc055b275de", "scene": "scene-0744"}, {"images": ["samples/CAM_FRONT_LEFT/n008-2018-08-30-15-16-55-0400__CAM_FRONT_LEFT__1535656758904799.jpg", "samples/CAM_FRONT/n008-2018-08-30-15-16-55-0400__CAM_FRONT__1535656758912404.jpg", "samples/CAM_FRONT_RIGHT/n008-2018-08-30-15-16-55-0400__CAM_FRONT_RIGHT__1535656758920482.jpg", "samples/CAM_BACK_LEFT/n008-2018-08-30-15-16-55-0400__CAM_BACK_LEFT__1535656758947405.jpg", "samples/CAM_BACK/n008-2018-08-30-15-16-55-0400__CAM_BACK__1535656758937558.jpg", "samples/CAM_BACK_RIGHT/n008-2018-08-30-15-16-55-0400__CAM_BACK_RIGHT__1535656758928113.jpg"], "intrinsics": [[[1257.8625342125129, 0.0, 827.2410631095686], [0.0, 1257.8625342125129, 450.915498205774], [0.0, 0.0, 1.0]], [[1252.8131021185304, 0.0, 826.588114781398], [0.0, 1252.8131021185304, 469.9846626224581], [0.0, 0.0, 1.0]], [[1256.7485116440405, 0.0, 817.7887570959712], [0.0, 1256.7485116440403, 451.9541780095127], [0.0, 0.0, 1.0]], [[1254.9860565800168, 0.0, 829.5769333630991], [0.0, 1254.9860565800168, 467.1680561863987], [0.0, 0.0, 1.0]], [[796.8910634503094, 0.0, 857.7774326863696], [0.0, 796.8910634503094, 476.8848988407415], [0.0, 0.0, 1.0]], [[1249.9629280788233, 0.0, 825.3768045375984], [0.0, 1249.9629280788233, 462.54816385708756], [0.0, 0.0, 1.0]]], "extrinsics": [[[0.8220108151435852, -0.5694676041603088, 0.002167300321161747, -0.82489013671875], [0.0068136295303702354, 0.006029609590768814, -0.9999585747718811, 1.4897773265838623], [0.5694310069084167, 0.8219915628433228, 0.008836546912789345, -1.2096405029296875], [0.0, 0.0, 0.0, 1.0]], [[0.009481687098741531, -0.9999533891677856, -0.0018505505286157131, 0.007720947265625], [0.008805594407022, 0.0019340580329298973, -0.999959409236908, 1.4817547798156738], [0.9999162554740906, 0.009465065784752369, 0.008823521435260773, -1.5540771484375], [0.0, 0.0, 0.0, 1.0]], [[-0.8442955017089844, -0.5357725024223328, -0.010630663484334946, 0.9727783203125], [0.016865620389580727, -0.006739160977303982, -0.9998350739479065, 1.4954338073730469], [0.5356124639511108, -0.8443355560302734, 0.01472597848623991, -1.2021484375], [0.0, 0.0, 0.0, 1.0]], [[0.9478738903999329, 0.3186021149158478, -0.005256510339677334, -1.13970947265625], [-0.00836216937750578, 0.008380800485610962, -0.9999299049377441, 1.562006950378418], [-0.318535715341568, 0.9478514790534973, 0.010608147829771042, -0.1575927734375], [0.0, 0.0, 0.0, 1.0]], [[0.009420350193977356, 0.9999551773071289, 0.0008453509071841836, -0.028533935546875], [-0.006292743142694235, 0.0009046553750522435, -0.9999797344207764, 1.5677223205566406], [-0.9999358654022217, 0.009414922446012497, 0.006300983484834433, -0.00958251953125], [0.0, 0.0, 0.0, 1.0]], [[-0.9235703349113464, 0.3833760619163513, -0.006360504776239395, 1.06683349609375], [-0.0021545984782278538, -0.021777324378490448, -0.9997605085372925, 1.5476007461547852], [-0.38342273235321045, -0.9233355522155762, 0.020938914269208908, -0.08229827880859375], [0.0, 0.0, 0.0, 1.0]]], "view": [[0.0, -2.0, 100.0], [-2.0, 0.0, 100.0], [0.0, 0.0, 1.0]], "bev": "bev_9b2db48ef47740e3bc5abd4857a88a78.png", "aux": "aux_9b2db48ef47740e3bc5abd4857a88a78.npz", "visibility": "visibility_9b2db48ef47740e3bc5abd4857a88a78.png", "pose": [[-0.6592712998390198, 0.7519051432609558, 0.0, 942.4691772460938], [-0.7519051432609558, -0.6592712998390198, 0.0, 389.4568786621094], [0.0, 0.0, 1.0, 0.0], [0.0, 0.0, 0.0, 1.0]], "pose_inverse": [[-0.6592712998390198, -0.7519051432609558, 0.0, 914.1775512695312], [0.7519051432609558, -0.6592712998390198, 0.0, -451.8896484375], [0.0, 0.0, 1.0, 0.0], [0.0, 0.0, 0.0, 1.0]], "cam_ids": [0, 1, 2, 3, 4, 5], "cam_channels": ["CAM_FRONT_LEFT", "CAM_FRONT", "CAM_FRONT_RIGHT", "CAM_BACK_LEFT", "CAM_BACK", "CAM_BACK_RIGHT"], "token": "9b2db48ef47740e3bc5abd4857a88a78", "scene": "scene-0744"}, {"images": ["samples/CAM_FRONT_LEFT/n008-2018-08-30-15-16-55-0400__CAM_FRONT_LEFT__1535656759404799.jpg", "samples/CAM_FRONT/n008-2018-08-30-15-16-55-0400__CAM_FRONT__1535656759412404.jpg", "samples/CAM_FRONT_RIGHT/n008-2018-08-30-15-16-55-0400__CAM_FRONT_RIGHT__1535656759420482.jpg", "samples/CAM_BACK_LEFT/n008-2018-08-30-15-16-55-0400__CAM_BACK_LEFT__1535656759447405.jpg", "samples/CAM_BACK/n008-2018-08-30-15-16-55-0400__CAM_BACK__1535656759437558.jpg", "samples/CAM_BACK_RIGHT/n008-2018-08-30-15-16-55-0400__CAM_BACK_RIGHT__1535656759428113.jpg"], "intrinsics": [[[1257.8625342125129, 0.0, 827.2410631095686], [0.0, 1257.8625342125129, 450.915498205774], [0.0, 0.0, 1.0]], [[1252.8131021185304, 0.0, 826.588114781398], [0.0, 1252.8131021185304, 469.9846626224581], [0.0, 0.0, 1.0]], [[1256.7485116440405, 0.0, 817.7887570959712], [0.0, 1256.7485116440403, 451.9541780095127], [0.0, 0.0, 1.0]], [[1254.9860565800168, 0.0, 829.5769333630991], [0.0, 1254.9860565800168, 467.1680561863987], [0.0, 0.0, 1.0]], [[796.8910634503094, 0.0, 857.7774326863696], [0.0, 796.8910634503094, 476.8848988407415], [0.0, 0.0, 1.0]], [[1249.9629280788233, 0.0, 825.3768045375984], [0.0, 1249.9629280788233, 462.54816385708756], [0.0, 0.0, 1.0]]], "extrinsics": [[[0.8218746781349182, -0.5696542859077454, 0.004019163083285093, -0.8223876953125], [0.00830305740237236, 0.004924206994473934, -0.9999533891677856, 1.490114688873291], [0.5696080327033997, 0.8218697309494019, 0.008776952512562275, -1.2094573974609375], [0.0, 0.0, 0.0, 1.0]], [[0.009236454032361507, -0.9999571442604065, -0.0007267937762662768, 0.00872802734375], [0.010303243063390255, 0.0008219550363719463, -0.9999465942382812, 1.4820499420166016], [0.9999041557312012, 0.009228501468896866, 0.010310392826795578, -1.55169677734375], [0.0, 0.0, 0.0, 1.0]], [[-0.8444243669509888, -0.5355555415153503, -0.011305277235805988, 0.970703125], [0.018370479345321655, -0.00785998348146677, -0.9998003244400024, 1.495706558227539], [0.5353597402572632, -0.8444634675979614, 0.016475573182106018, -1.20001220703125], [0.0, 0.0, 0.0, 1.0]], [[0.9479671120643616, 0.3183419406414032, -0.004091884475201368, -1.1376953125], [-0.006830981001257896, 0.007488400675356388, -0.9999486207962036, 1.5619945526123047], [-0.31829485297203064, 0.9479463696479797, 0.00927334651350975, -0.15826416015625], [0.0, 0.0, 0.0, 1.0]], [[0.009704329073429108, 0.9999529719352722, -0.00015830151096452028, -0.028778076171875], [-0.004794985055923462, -0.00011177251872140914, -0.9999884963035583, 1.5677886009216309], [-0.9999414682388306, 0.009704988449811935, 0.004793674219399691, -0.01263427734375], [0.0, 0.0, 0.0, 1.0]], [[-0.9234464168548584, 0.3836398720741272, -0.008192932233214378, 1.06329345703125], [-0.000637276447378099, -0.022884158417582512, -0.9997379183769226, 1.5477657318115234], [-0.3837268054485321, -0.9231991767883301, 0.021376779302954674, -0.083251953125], [0.0, 0.0, 0.0, 1.0]]], "view": [[0.0, -2.0, 100.0], [-2.0, 0.0, 100.0], [0.0, 0.0, 1.0]], "bev": "bev_a2e68caad55b4c48af3290a73f6586d7.png", "aux": "aux_a2e68caad55b4c48af3290a73f6586d7.npz", "visibility": "visibility_a2e68caad55b4c48af3290a73f6586d7.png", "pose": [[-0.6509745121002197, 0.7590996026992798, 0.0, 940.8128662109375], [-0.7590996026992798, -0.6509745121002197, 0.0, 387.5740966796875], [0.0, 0.0, 1.0, 0.0], [0.0, 0.0, 0.0, 1.0]], "pose_inverse": [[-0.6509745121002197, -0.7590996026992798, 0.0, 906.6525268554688], [0.7590996026992798, -0.6509745121002197, 0.0, -461.8698425292969], [0.0, 0.0, 1.0, 0.0], [0.0, 0.0, 0.0, 1.0]], "cam_ids": [0, 1, 2, 3, 4, 5], "cam_channels": ["CAM_FRONT_LEFT", "CAM_FRONT", "CAM_FRONT_RIGHT", "CAM_BACK_LEFT", "CAM_BACK", "CAM_BACK_RIGHT"], "token": "a2e68caad55b4c48af3290a73f6586d7", "scene": "scene-0744"}, {"images": ["samples/CAM_FRONT_LEFT/n008-2018-08-30-15-16-55-0400__CAM_FRONT_LEFT__1535656759854799.jpg", "samples/CAM_FRONT/n008-2018-08-30-15-16-55-0400__CAM_FRONT__1535656759862404.jpg", "samples/CAM_FRONT_RIGHT/n008-2018-08-30-15-16-55-0400__CAM_FRONT_RIGHT__1535656759870519.jpg", "samples/CAM_BACK_LEFT/n008-2018-08-30-15-16-55-0400__CAM_BACK_LEFT__1535656759897405.jpg", "samples/CAM_BACK/n008-2018-08-30-15-16-55-0400__CAM_BACK__1535656759887558.jpg", "samples/CAM_BACK_RIGHT/n008-2018-08-30-15-16-55-0400__CAM_BACK_RIGHT__1535656759878113.jpg"], "intrinsics": [[[1257.8625342125129, 0.0, 827.2410631095686], [0.0, 1257.8625342125129, 450.915498205774], [0.0, 0.0, 1.0]], [[1252.8131021185304, 0.0, 826.588114781398], [0.0, 1252.8131021185304, 469.9846626224581], [0.0, 0.0, 1.0]], [[1256.7485116440405, 0.0, 817.7887570959712], [0.0, 1256.7485116440403, 451.9541780095127], [0.0, 0.0, 1.0]], [[1254.9860565800168, 0.0, 829.5769333630991], [0.0, 1254.9860565800168, 467.1680561863987], [0.0, 0.0, 1.0]], [[796.8910634503094, 0.0, 857.7774326863696], [0.0, 796.8910634503094, 476.8848988407415], [0.0, 0.0, 1.0]], [[1249.9629280788233, 0.0, 825.3768045375984], [0.0, 1249.9629280788233, 462.54816385708756], [0.0, 0.0, 1.0]]], "extrinsics": [[[0.821917712688446, -0.5695497989654541, 0.008025077171623707, -0.8240966796875], [0.005741026718169451, -0.005804860964417458, -0.9999666810035706, 1.4895615577697754], [0.5695773363113403, 0.8219363689422607, -0.001501319813542068, -1.210205078125], [0.0, 0.0, 0.0, 1.0]], [[0.009357834234833717, -0.9999100565910339, 0.009609440341591835, 0.00848388671875], [0.007871543988585472, -0.009535902179777622, -0.999923586845398, 1.481602668762207], [0.9999252557754517, 0.009432787075638771, 0.007781600579619408, -1.5540771484375], [0.0, 0.0, 0.0, 1.0]], [[-0.8443484306335449, -0.5357785224914551, -0.004131523426622152, 0.9730224609375], [0.01615186221897602, -0.017745142802596092, -0.9997121095657349, 1.4953536987304688], [0.5355509519577026, -0.8441720604896545, 0.02363690547645092, -1.20159912109375], [0.0, 0.0, 0.0, 1.0]], [[0.9478258490562439, 0.31868305802345276, -0.008205626159906387, -1.1422119140625], [-0.008430561050772667, -0.0006734877242706716, -0.9999642372131348, 1.562026023864746], [-0.31867715716362, 0.9478610754013062, 0.00204832898452878, -0.156982421875], [0.0, 0.0, 0.0, 1.0]], [[0.009421744383871555, 0.9999151825904846, -0.008996990509331226, -0.02880859375], [-0.006604301743209362, -0.008934970013797283, -0.9999382495880127, 1.567707896232605], [-0.9999338388442993, 0.009480624459683895, 0.006519559305161238, -0.00958251953125], [0.0, 0.0, 0.0, 1.0]], [[-0.9235562682151794, 0.3833349645137787, -0.009902083314955235, 1.0665283203125], [-0.002687999280169606, -0.032293956726789474, -0.999474823474884, 1.5475664138793945], [-0.3834533989429474, -0.9230446219444275, 0.03085569106042385, -0.081878662109375], [0.0, 0.0, 0.0, 1.0]]], "view": [[0.0, -2.0, 100.0], [-2.0, 0.0, 100.0], [0.0, 0.0, 1.0]], "bev": "bev_4392d91515e24f79976b87906869bc62.png", "aux": "aux_4392d91515e24f79976b87906869bc62.npz", "visibility": "visibility_4392d91515e24f79976b87906869bc62.png", "pose": [[-0.642302930355072, 0.7664508819580078, 0.0, 939.3329467773438], [-0.7664508819580078, -0.642302930355072, 0.0, 385.86029052734375], [0.0, 0.0, 1.0, 0.0], [0.0, 0.0, 0.0, 1.0]], "pose_inverse": [[-0.642302930355072, -0.7664508819580078, 0.0, 899.0792846679688], [0.7664508819580078, -0.642302930355072, 0.0, -472.1133728027344], [0.0, 0.0, 1.0, 0.0], [0.0, 0.0, 0.0, 1.0]], "cam_ids": [0, 1, 2, 3, 4, 5], "cam_channels": ["CAM_FRONT_LEFT", "CAM_FRONT", "CAM_FRONT_RIGHT", "CAM_BACK_LEFT", "CAM_BACK", "CAM_BACK_RIGHT"], "token": "4392d91515e24f79976b87906869bc62", "scene": "scene-0744"}, {"images": ["samples/CAM_FRONT_LEFT/n008-2018-08-30-15-16-55-0400__CAM_FRONT_LEFT__1535656760354799.jpg", "samples/CAM_FRONT/n008-2018-08-30-15-16-55-0400__CAM_FRONT__1535656760362404.jpg", "samples/CAM_FRONT_RIGHT/n008-2018-08-30-15-16-55-0400__CAM_FRONT_RIGHT__1535656760370482.jpg", "samples/CAM_BACK_LEFT/n008-2018-08-30-15-16-55-0400__CAM_BACK_LEFT__1535656760397405.jpg", "samples/CAM_BACK/n008-2018-08-30-15-16-55-0400__CAM_BACK__1535656760387558.jpg", "samples/CAM_BACK_RIGHT/n008-2018-08-30-15-16-55-0400__CAM_BACK_RIGHT__1535656760378113.jpg"], "intrinsics": [[[1257.8625342125129, 0.0, 827.2410631095686], [0.0, 1257.8625342125129, 450.915498205774], [0.0, 0.0, 1.0]], [[1252.8131021185304, 0.0, 826.588114781398], [0.0, 1252.8131021185304, 469.9846626224581], [0.0, 0.0, 1.0]], [[1256.7485116440405, 0.0, 817.7887570959712], [0.0, 1256.7485116440403, 451.9541780095127], [0.0, 0.0, 1.0]], [[1254.9860565800168, 0.0, 829.5769333630991], [0.0, 1254.9860565800168, 467.1680561863987], [0.0, 0.0, 1.0]], [[796.8910634503094, 0.0, 857.7774326863696], [0.0, 796.8910634503094, 476.8848988407415], [0.0, 0.0, 1.0]], [[1249.9629280788233, 0.0, 825.3768045375984], [0.0, 1249.9629280788233, 462.54816385708756], [0.0, 0.0, 1.0]]], "extrinsics": [[[0.8215996623039246, -0.5698213577270508, 0.01666460745036602, -0.78851318359375], [0.017102712765336037, -0.004581104498356581, -0.9998432397842407, 1.492788314819336], [0.5698084235191345, 0.8217558264732361, 0.00598165625706315, -1.1855239868164062], [0.0, 0.0, 0.0, 1.0]], [[0.008996621705591679, -0.999921441078186, 0.008732273243367672, 0.009033203125], [0.018809577450156212, -0.008561858907341957, -0.9997864365577698, 1.4842605590820312], [0.9997825622558594, 0.009158981032669544, 0.018731070682406425, -1.517822265625], [0.0, 0.0, 0.0, 1.0]], [[-0.8443694114685059, -0.5355963110923767, -0.013298665173351765, 0.948822021484375], [0.026575906202197075, -0.017079753801226616, -0.9995008707046509, 1.4975833892822266], [0.5351018905639648, -0.8443014621734619, 0.028655579313635826, -1.1859130859375], [0.0, 0.0, 0.0, 1.0]], [[0.9478850960731506, 0.31861168146133423, -0.0006638327613472939, -1.1365966796875], [-0.0002840297529473901, -0.00123851269017905, -0.9999992251396179, 1.562042474746704], [-0.3186122477054596, 0.9478844404220581, -0.0010834721615538, -0.15869140625], [0.0, 0.0, 0.0, 1.0]], [[0.00956184696406126, 0.9999135732650757, -0.0090270182117819