[{"images": ["samples/CAM_FRONT_LEFT/n008-2018-08-28-16-16-48-0400__CAM_FRONT_LEFT__1535487634754799.jpg", "samples/CAM_FRONT/n008-2018-08-28-16-16-48-0400__CAM_FRONT__1535487634762404.jpg", "samples/CAM_FRONT_RIGHT/n008-2018-08-28-16-16-48-0400__CAM_FRONT_RIGHT__1535487634770482.jpg", "samples/CAM_BACK_LEFT/n008-2018-08-28-16-16-48-0400__CAM_BACK_LEFT__1535487634797405.jpg", "samples/CAM_BACK/n008-2018-08-28-16-16-48-0400__CAM_BACK__1535487634787558.jpg", "samples/CAM_BACK_RIGHT/n008-2018-08-28-16-16-48-0400__CAM_BACK_RIGHT__1535487634778113.jpg"], "intrinsics": [[[1257.8625342125129, 0.0, 827.2410631095686], [0.0, 1257.8625342125129, 450.915498205774], [0.0, 0.0, 1.0]], [[1252.8131021185304, 0.0, 826.588114781398], [0.0, 1252.8131021185304, 469.9846626224581], [0.0, 0.0, 1.0]], [[1256.7485116440405, 0.0, 817.7887570959712], [0.0, 1256.7485116440403, 451.9541780095127], [0.0, 0.0, 1.0]], [[1254.9860565800168, 0.0, 829.5769333630991], [0.0, 1254.9860565800168, 467.1680561863987], [0.0, 0.0, 1.0]], [[796.8910634503094, 0.0, 857.7774326863696], [0.0, 796.8910634503094, 476.8848988407415], [0.0, 0.0, 1.0]], [[1249.9629280788233, 0.0, 825.3768045375984], [0.0, 1249.9629280788233, 462.54816385708756], [0.0, 0.0, 1.0]]], "extrinsics": [[[0.8225762844085693, -0.5685916543006897, -0.008473983965814114, -0.9847412109375], [0.0107592036947608, 0.030460920184850693, -0.9994780421257019, 1.4885585308074951], [0.56855309009552, 0.8220556974411011, 0.03117402456700802, -1.31927490234375], [0.0, 0.0, 0.0, 1.0]], [[0.010352445766329765, -0.9996041059494019, -0.026160679757595062, 0.005584716796875], [0.012701108120381832, 0.02629142254590988, -0.9995736479759216, 1.4804267883300781], [0.999865710735321, 0.010015846230089664, 0.012968260794878006, -1.7139892578125], [0.0, 0.0, 0.0, 1.0]], [[-0.8438803553581238, -0.5358572602272034, -0.02688741497695446, 1.076904296875], [0.020715270191431046, 0.017535079270601273, -0.9996315836906433, 1.493408203125], [0.5361313819885254, -0.8441265225410461, -0.003697082167491317, -1.2689208984375], [0.0, 0.0, 0.0, 1.0]], [[0.9478597640991211, 0.318633109331131, 0.005895303562283516, -1.143310546875], [-0.004693479277193546, 0.03245392069220543, -0.9994621872901917, 1.5620403289794922], [-0.3186531364917755, 0.9473223090171814, 0.03225726634263992, -0.15618896484375], [0.0, 0.0, 0.0, 1.0]], [[0.009108686819672585, 0.9996459484100342, 0.02500171586871147, -0.028839111328125], [-0.002584531670436263, 0.02502620406448841, -0.9996834397315979, 1.5680437088012695], [-0.9999551177024841, 0.009041200391948223, 0.00281157111749053, 0.0377197265625], [0.0, 0.0, 0.0, 1.0]], [[-0.9237391352653503, 0.38302165269851685, -0.0005999795394018292, 1.1495361328125], [0.0016477623721584678, 0.00240750121884048, -0.9999957084655762, 1.5478307008743286], [-0.38301852345466614, -0.9237362146377563, -0.002855031518265605, -0.04827880859375], [0.0, 0.0, 0.0, 1.0]]], "view": [[0.0, -2.0, 100.0], [-2.0, 0.0, 100.0], [0.0, 0.0, 1.0]], "bev": "bev_54393ef94bd640f6ba714558ff3a85ea.png", "aux": "aux_54393ef94bd640f6ba714558ff3a85ea.npz", "visibility": "visibility_54393ef94bd640f6ba714558ff3a85ea.png", "pose": [[-0.7204449772834778, 0.6935120820999146, 0.0, 1568.46728515625], [-0.6935120820999146, -0.7204449772834778, 0.0, 844.9013061523438], [0.0, 0.0, 1.0, 0.0], [0.0, 0.0, 0.0, 1.0]], "pose_inverse": [[-0.7204449772834778, -0.6935120820999146, 0.0, 1715.943603515625], [0.6935120820999146, -0.7204449772834778, 0.0, -479.046142578125], [0.0, 0.0, 1.0, 0.0], [0.0, 0.0, 0.0, 1.0]], "cam_ids": [0, 1, 2, 3, 4, 5], "cam_channels": ["CAM_FRONT_LEFT", "CAM_FRONT", "CAM_FRONT_RIGHT", "CAM_BACK_LEFT", "CAM_BACK", "CAM_BACK_RIGHT"], "token": "54393ef94bd640f6ba714558ff3a85ea", "scene": "scene-0669"}, {"images": ["samples/CAM_FRONT_LEFT/n008-2018-08-28-16-16-48-0400__CAM_FRONT_LEFT__1535487635254815.jpg", "samples/CAM_FRONT/n008-2018-08-28-16-16-48-0400__CAM_FRONT__1535487635262404.jpg", "samples/CAM_FRONT_RIGHT/n008-2018-08-28-16-16-48-0400__CAM_FRONT_RIGHT__1535487635270482.jpg", "samples/CAM_BACK_LEFT/n008-2018-08-28-16-16-48-0400__CAM_BACK_LEFT__1535487635297405.jpg", "samples/CAM_BACK/n008-2018-08-28-16-16-48-0400__CAM_BACK__1535487635287558.jpg", "samples/CAM_BACK_RIGHT/n008-2018-08-28-16-16-48-0400__CAM_BACK_RIGHT__1535487635278113.jpg"], "intrinsics": [[[1257.8625342125129, 0.0, 827.2410631095686], [0.0, 1257.8625342125129, 450.915498205774], [0.0, 0.0, 1.0]], [[1252.8131021185304, 0.0, 826.588114781398], [0.0, 1252.8131021185304, 469.9846626224581], [0.0, 0.0, 1.0]], [[1256.7485116440405, 0.0, 817.7887570959712], [0.0, 1256.7485116440403, 451.9541780095127], [0.0, 0.0, 1.0]], [[1254.9860565800168, 0.0, 829.5769333630991], [0.0, 1254.9860565800168, 467.1680561863987], [0.0, 0.0, 1.0]], [[796.8910634503094, 0.0, 857.7774326863696], [0.0, 796.8910634503094, 476.8848988407415], [0.0, 0.0, 1.0]], [[1249.9629280788233, 0.0, 825.3768045375984], [0.0, 1249.9629280788233, 462.54816385708756], [0.0, 0.0, 1.0]]], "extrinsics": [[[0.8229656219482422, -0.5680450201034546, -0.0072403824888169765, -0.9501953125], [0.010117760859429836, 0.02739899419248104, -0.9995733499526978, 1.488945484161377], [0.5680010914802551, 0.8225412964820862, 0.02829577401280403, -1.29632568359375], [0.0, 0.0, 0.0, 1.0]], [[0.01091861817985773, -0.9996709227561951, -0.023212291300296783, 0.006561279296875], [0.012061551213264465, 0.023343652486801147, -0.9996547102928162, 1.4808130264282227], [0.9998676776885986, 0.010634951293468475, 0.01231246255338192, -1.6798095703125], [0.0, 0.0, 0.0, 1.0]], [[-0.8436512351036072, -0.5363175272941589, -0.024821966886520386, 1.054931640625], [0.02006668783724308, 0.014702113345265388, -0.9996904730796814, 1.4939231872558594], [0.536516547203064, -0.8438882231712341, -0.001641340903006494, -1.25439453125], [0.0, 0.0, 0.0, 1.0]], [[0.947866678237915, 0.3186359703540802, 0.004448339808732271, -1.1419677734375], [-0.005388359073549509, 0.02998318523168564, -0.999535858631134, 1.5620365142822266], [-0.318621426820755, 0.947402834892273, 0.030136987566947937, -0.15667724609375], [0.0, 0.0, 0.0, 1.0]], [[0.008949946612119675, 0.99970942735672, 0.022384021431207657, -0.02886962890625], [-0.0032421802170574665, 0.022413812577724457, -0.9997434616088867, 1.5680036544799805], [-0.9999547004699707, 0.008875050581991673, 0.0034418401774019003, 0.02734375], [0.0, 0.0, 0.0, 1.0]], [[-0.9238665699958801, 0.3827132284641266, -0.0010402912739664316, 1.131591796875], [0.0009847866604104638, -0.00034093327121809125, -0.999999463558197, 1.5478425025939941], [-0.38271334767341614, -0.9238670468330383, -6.191399006638676e-05, -0.055389404296875], [0.0, 0.0, 0.0, 1.0]]], "view": [[0.0, -2.0, 100.0], [-2.0, 0.0, 100.0], [0.0, 0.0, 1.0]], "bev": "bev_029cc81867fe4e949e4f67c9b198bea0.png", "aux": "aux_029cc81867fe4e949e4f67c9b198bea0.npz", "visibility": "visibility_029cc81867fe4e949e4f67c9b198bea0.png", "pose": [[-0.722084641456604, 0.6918047070503235, 0.0, 1568.105712890625], [-0.6918047070503235, -0.722084641456604, 0.0, 844.5599365234375], [0.0, 0.0, 1.0, 0.0], [0.0, 0.0, 0.0, 1.0]], "pose_inverse": [[-0.722084641456604, -0.6918047070503235, 0.0, 1716.5755615234375], [0.6918047070503235, -0.722084641456604, 0.0, -474.9791564941406], [0.0, 0.0, 1.0, 0.0], [0.0, 0.0, 0.0, 1.0]], "cam_ids": [0, 1, 2, 3, 4, 5], "cam_channels": ["CAM_FRONT_LEFT", "CAM_FRONT", "CAM_FRONT_RIGHT", "CAM_BACK_LEFT", "CAM_BACK", "CAM_BACK_RIGHT"], "token": "029cc81867fe4e949e4f67c9b198bea0", "scene": "scene-0669"}, {"images": ["samples/CAM_FRONT_LEFT/n008-2018-08-28-16-16-48-0400__CAM_FRONT_LEFT__1535487635754799.jpg", "samples/CAM_FRONT/n008-2018-08-28-16-16-48-0400__CAM_FRONT__1535487635762404.jpg", "samples/CAM_FRONT_RIGHT/n008-2018-08-28-16-16-48-0400__CAM_FRONT_RIGHT__1535487635770482.jpg", "samples/CAM_BACK_LEFT/n008-2018-08-28-16-16-48-0400__CAM_BACK_LEFT__1535487635797405.jpg", "samples/CAM_BACK/n008-2018-08-28-16-16-48-0400__CAM_BACK__1535487635787559.jpg", "samples/CAM_BACK_RIGHT/n008-2018-08-28-16-16-48-0400__CAM_BACK_RIGHT__1535487635778113.jpg"], "intrinsics": [[[1257.8625342125129, 0.0, 827.2410631095686], [0.0, 1257.8625342125129, 450.915498205774], [0.0, 0.0, 1.0]], [[1252.8131021185304, 0.0, 826.588114781398], [0.0, 1252.8131021185304, 469.9846626224581], [0.0, 0.0, 1.0]], [[1256.7485116440405, 0.0, 817.7887570959712], [0.0, 1256.7485116440403, 451.9541780095127], [0.0, 0.0, 1.0]], [[1254.9860565800168, 0.0, 829.5769333630991], [0.0, 1254.9860565800168, 467.1680561863987], [0.0, 0.0, 1.0]], [[796.8910634503094, 0.0, 857.7774326863696], [0.0, 796.8910634503094, 476.8848988407415], [0.0, 0.0, 1.0]], [[1249.9629280788233, 0.0, 825.3768045375984], [0.0, 1249.9629280788233, 462.54816385708756], [0.0, 0.0, 1.0]]], "extrinsics": [[[0.8240461349487305, -0.5664985179901123, -0.005244091618806124, -0.92626953125], [0.0109512098133564, 0.025183502584695816, -0.9996228814125061, 1.4893193244934082], [0.5664169192314148, 0.8236779570579529, 0.026956211775541306, -1.280029296875], [0.0, 0.0, 0.0, 1.0]], [[0.012491230852901936, -0.9997041821479797, -0.020869513973593712, 0.006988525390625], [0.012972250580787659, 0.02103140391409397, -0.9996946454048157, 1.4811716079711914], [0.9998378157615662, 0.012216690927743912, 0.013231120072305202, -1.65625], [0.0, 0.0, 0.0, 1.0]], [[-0.8429864645004272, -0.5373824238777161, -0.02437039650976658, 1.039306640625], [0.02104913629591465, 0.012317131273448467, -0.9997025728225708, 1.4943523406982422], [0.5375227928161621, -0.8432486653327942, 0.0009282606770284474, -1.2442626953125], [0.0, 0.0, 0.0, 1.0]], [[0.9478420615196228, 0.3187067210674286, 0.004635069519281387, -1.1414794921875], [-0.004318786785006523, 0.027381962165236473, -0.9996157288551331, 1.5620346069335938], [-0.3187112510204315, 0.9474577903747559, 0.027330199256539345, -0.1568603515625], [0.0, 0.0, 0.0, 1.0]], [[0.008474977687001228, 0.9997670650482178, 0.019851870834827423, -0.02880859375], [-0.002202658448368311, 0.019871199503540993, -0.9998000860214233, 1.5680036544799805], [-0.9999616742134094, 0.008429543115198612, 0.0023705526255071163, 0.0201416015625], [0.0, 0.0, 0.0, 1.0]], [[-0.9241940379142761, 0.38191184401512146, -0.002940323669463396, 1.1192626953125], [0.0020238826982676983, -0.002801290014758706, -0.9999940395355225, 1.547903060913086], [-0.3819177746772766, -0.9241945743560791, 0.0018159906612709165, -0.0604400634765625], [0.0, 0.0, 0.0, 1.0]]], "view": [[0.0, -2.0, 100.0], [-2.0, 0.0, 100.0], [0.0, 0.0, 1.0]], "bev": "bev_9f7558958e5a4f5b8e2592ba6808d876.png", "aux": "aux_9f7558958e5a4f5b8e2592ba6808d876.npz", "visibility": "visibility_9f7558958e5a4f5b8e2592ba6808d876.png", "pose": [[-0.735294759273529, 0.6777474880218506, 0.0, 1567.4141845703125], [-0.6777474880218506, -0.735294759273529, 0.0, 843.9202880859375], [0.0, 0.0, 1.0, 0.0], [0.0, 0.0, 0.0, 1.0]], "pose_inverse": [[-0.735294759273529, -0.6777474880218506, 0.0, 1724.4761962890625], [0.6777474880218506, -0.735294759273529, 0.0, -441.7808532714844], [0.0, 0.0, 1.0, 0.0], [0.0, 0.0, 0.0, 1.0]], "cam_ids": [0, 1, 2, 3, 4, 5], "cam_channels": ["CAM_FRONT_LEFT", "CAM_FRONT", "CAM_FRONT_RIGHT", "CAM_BACK_LEFT", "CAM_BACK", "CAM_BACK_RIGHT"], "token": "9f7558958e5a4f5b8e2592ba6808d876", "scene": "scene-0669"}, {"images": ["samples/CAM_FRONT_LEFT/n008-2018-08-28-16-16-48-0400__CAM_FRONT_LEFT__1535487636254799.jpg", "samples/CAM_FRONT/n008-2018-08-28-16-16-48-0400__CAM_FRONT__1535487636262404.jpg", "samples/CAM_FRONT_RIGHT/n008-2018-08-28-16-16-48-0400__CAM_FRONT_RIGHT__1535487636270482.jpg", "samples/CAM_BACK_LEFT/n008-2018-08-28-16-16-48-0400__CAM_BACK_LEFT__1535487636297405.jpg", "samples/CAM_BACK/n008-2018-08-28-16-16-48-0400__CAM_BACK__1535487636287558.jpg", "samples/CAM_BACK_RIGHT/n008-2018-08-28-16-16-48-0400__CAM_BACK_RIGHT__1535487636278113.jpg"], "intrinsics": [[[1257.8625342125129, 0.0, 827.2410631095686], [0.0, 1257.8625342125129, 450.915498205774], [0.0, 0.0, 1.0]], [[1252.8131021185304, 0.0, 826.588114781398], [0.0, 1252.8131021185304, 469.9846626224581], [0.0, 0.0, 1.0]], [[1256.7485116440405, 0.0, 817.7887570959712], [0.0, 1256.7485116440403, 451.9541780095127], [0.0, 0.0, 1.0]], [[1254.9860565800168, 0.0, 829.5769333630991], [0.0, 1254.9860565800168, 467.1680561863987], [0.0, 0.0, 1.0]], [[796.8910634503094, 0.0, 857.7774326863696], [0.0, 796.8910634503094, 476.8848988407415], [0.0, 0.0, 1.0]], [[1249.9629280788233, 0.0, 825.3768045375984], [0.0, 1249.9629280788233, 462.54816385708756], [0.0, 0.0, 1.0]]], "extrinsics": [[[0.8251005411148071, -0.564957857131958, -0.005638074595481157, -0.9027099609375], [0.010336615145206451, 0.025072215124964714, -0.9996321797370911, 1.489579200744629], [0.564891517162323, 0.8247387409210205, 0.02652684971690178, -1.26312255859375], [0.0, 0.0, 0.0, 1.0]], [[0.014025209471583366, -0.999686062335968, -0.020761758089065552, 0.0067138671875], [0.012344556860625744, 0.020935334265232086, -0.9997046589851379, 1.4814300537109375], [0.9998254776000977, 0.013764768838882446, 0.012634304352104664, -1.6326904296875], [0.0, 0.0, 0.0, 1.0]], [[-0.8423570394515991, -0.5383961200714111, -0.023752281442284584, 1.02392578125], [0.020381208509206772, 0.012216504663228989, -0.999717652797699, 1.4946823120117188], [0.5385342240333557, -0.842603325843811, 0.0006825037417002022, -1.23486328125], [0.0, 0.0, 0.0, 1.0]], [[0.9478601217269897, 0.3186653256416321, 0.003704044036567211, -1.1424560546875], [-0.005203383509069681, 0.027096489444375038, -0.9996193051338196, 1.5620384216308594], [-0.31864434480667114, 0.9474799633026123, 0.027341818436980247, -0.15655517578125], [0.0, 0.0, 0.0, 1.0]], [[0.008058062754571438, 0.9997742772102356, 0.019659247249364853, -0.028656005859375], [-0.003016493283212185, 0.019684098660945892, -0.9998016357421875, 1.5679664611816406], [-0.9999629855155945, 0.0079971207305789, 0.0031744292937219143, 0.01416015625], [0.0, 0.0, 0.0, 1.0]], [[-0.924522876739502, 0.3811195194721222, -0.0023155254311859608, 1.10791015625], [0.0012884343741461635, -0.0029500643722712994, -0.9999948143959045, 1.5478854179382324], [-0.3811242878437042, -0.9245211482048035, 0.002236355096101761, -0.06536865234375], [0.0, 0.0, 0.0, 1.0]]], "view": [[0.0, -2.0, 100.0], [-2.0, 0.0, 100.0], [0.0, 0.0, 1.0]], "bev": "bev_01f5d4ca3b3c4ac4bd83c232c7f75eaf.png", "aux": "aux_01f5d4ca3b3c4ac4bd83c232c7f75eaf.npz", "visibility": "visibility_01f5d4ca3b3c4ac4bd83c232c7f75eaf.png", "pose": [[-0.7620874643325806, 0.6474741101264954, 0.0, 1566.436767578125], [-0.6474741101264954, -0.7620874643325806, 0.0, 843.0597534179688], [0.0, 0.0, 1.0, 0.0], [0.0, 0.0, 0.0, 1.0]], "pose_inverse": [[-0.7620874643325806, -0.6474741101264954, 0.0, 1739.62109375], [0.6474741101264954, -0.7620874643325806, 0.0, -371.7420349121094], [0.0, 0.0, 1.0, 0.0], [0.0, 0.0, 0.0, 1.0]], "cam_ids": [0, 1, 2, 3, 4, 5], "cam_channels": ["CAM_FRONT_LEFT", "CAM_FRONT", "CAM_FRONT_RIGHT", "CAM_BACK_LEFT", "CAM_BACK", "CAM_BACK_RIGHT"], "token": "01f5d4ca3b3c4ac4bd83c232c7f75eaf", "scene": "scene-0669"}, {"images": ["samples/CAM_FRONT_LEFT/n008-2018-08-28-16-16-48-0400__CAM_FRONT_LEFT__1535487636654799.jpg", "samples/CAM_FRONT/n008-2018-08-28-16-16-48-0400__CAM_FRONT__1535487636662404.jpg", "samples/CAM_FRONT_RIGHT/n008-2018-08-28-16-16-48-0400__CAM_FRONT_RIGHT__1535487636670482.jpg", "samples/CAM_BACK_LEFT/n008-2018-08-28-16-16-48-0400__CAM_BACK_LEFT__1535487636697405.jpg", "samples/CAM_BACK/n008-2018-08-28-16-16-48-0400__CAM_BACK__1535487636687558.jpg", "samples/CAM_BACK_RIGHT/n008-2018-08-28-16-16-48-0400__CAM_BACK_RIGHT__1535487636678113.jpg"], "intrinsics": [[[1257.8625342125129, 0.0, 827.2410631095686], [0.0, 1257.8625342125129, 450.915498205774], [0.0, 0.0, 1.0]], [[1252.8131021185304, 0.0, 826.588114781398], [0.0, 1252.8131021185304, 469.9846626224581], [0.0, 0.0, 1.0]], [[1256.7485116440405, 0.0, 817.7887570959712], [0.0, 1256.7485116440403, 451.9541780095127], [0.0, 0.0, 1.0]], [[1254.9860565800168, 0.0, 829.5769333630991], [0.0, 1254.9860565800168, 467.1680561863987], [0.0, 0.0, 1.0]], [[796.8910634503094, 0.0, 857.7774326863696], [0.0, 796.8910634503094, 476.8848988407415], [0.0, 0.0, 1.0]], [[1249.9629280788233, 0.0, 825.3768045375984], [0.0, 1249.9629280788233, 462.54816385708756], [0.0, 0.0, 1.0]]], "extrinsics": [[[0.8258453011512756, -0.5638775825500488, -0.004665009677410126, -0.882568359375], [0.007219818886369467, 0.01884542778134346, -0.9997963309288025, 1.4893789291381836], [0.5638506412506104, 0.8256434202194214, 0.01963450014591217, -1.2490234375], [0.0, 0.0, 0.0, 1.0]], [[0.014999243430793285, -0.9997805953025818, -0.01462248619645834, 0.006683349609375], [0.009066968224942684, 0.014759528450667858, -0.9998499751091003, 1.481283187866211], [0.9998463988304138, 0.014864400029182434, 0.009286359883844852, -1.6121826171875], [0.0, 0.0, 0.0, 1.0]], [[-0.8420352339744568, -0.5391350984573364, -0.017608901485800743, 1.0106201171875], [0.016991687938570976, 0.006118002347648144, -0.9998369216918945, 1.4946823120117188], [0.5391548275947571, -0.8421971201896667, 0.004009241703897715, -1.2269287109375], [0.0, 0.0, 0.0, 1.0]], [[0.9478636384010315, 0.3186720907688141, -0.0015668923733755946, -1.1427001953125], [-0.008836178109049797, 0.021366853266954422, -0.9997326135635376, 1.5620365142822266], [-0.3185534179210663, 0.947624146938324, 0.023068709298968315, -0.1563720703125], [0.0, 0.0, 0.0, 1.0]], [[0.007860464043915272, 0.9998750686645508, 0.013715345412492752, -0.02838134765625], [-0.006537113804370165, 0.013766857795417309, -0.9998838305473328, 1.5678319931030273], [-0.9999477863311768, 0.007769920863211155, 0.006644510198384523, 0.0087890625], [0.0, 0.0, 0.0, 1.0]], [[-0.9247261881828308, 0.3806301951408386, -0.0014321834314614534, 1.0975341796875], [-0.0021492554806172848, -0.00898403488099575, -0.9999573230743408, 1.5476630926132202], [-0.3806268274784088, -0.9246836304664612, 0.009125843644142151, -0.07000732421875], [0.0, 0.0, 0.0, 1.0]]], "view": [[0.0, -2.0, 100.0], [-2.0, 0.0, 100.0], [0.0, 0.0, 1.0]], "bev": "bev_0f258494ffab41cfb7a49233cc69c8aa.png", "aux": "aux_0f258494ffab41cfb7a49233cc69c8aa.npz", "visibility": "visibility_0f258494ffab41cfb7a49233cc69c8aa.png", "pose": [[-0.7936335206031799, 0.6083961129188538, 0.0, 1565.435791015625], [-0.6083961129188538, -0.7936335206031799, 0.0, 842.2560424804688], [0.0, 0.0, 1.0, 0.0], [0.0, 0.0, 0.0, 1.0]], "pose_inverse": [[-0.7936335206031799, -0.6083961129188538, 0.0, 1754.8076171875], [0.6083961129188538, -0.7936335206031799, 0.0, -283.9623718261719], [0.0, 0.0, 1.0, 0.0], [0.0, 0.0, 0.0, 1.0]], "cam_ids": [0, 1, 2, 3, 4, 5], "cam_channels": ["CAM_FRONT_LEFT", "CAM_FRONT", "CAM_FRONT_RIGHT", "CAM_BACK_LEFT", "CAM_BACK", "CAM_BACK_RIGHT"], "token": "0f258494ffab41cfb7a49233cc69c8aa", "scene": "scene-0669"}, {"images": ["samples/CAM_FRONT_LEFT/n008-2018-08-28-16-16-48-0400__CAM_FRONT_LEFT__1535487637104799.jpg", "samples/CAM_FRONT/n008-2018-08-28-16-16-48-0400__CAM_FRONT__1535487637112404.jpg", "samples/CAM_FRONT_RIGHT/n008-2018-08-28-16-16-48-0400__CAM_FRONT_RIGHT__1535487637120482.jpg", "samples/CAM_BACK_LEFT/n008-2018-08-28-16-16-48-0400__CAM_BACK_LEFT__1535487637147405.jpg", "samples/CAM_BACK/n008-2018-08-28-16-16-48-0400__CAM_BACK__1535487637137558.jpg", "samples/CAM_BACK_RIGHT/n008-2018-08-28-16-16-48-0400__CAM_BACK_RIGHT__1535487637128113.jpg"], "intrinsics": [[[1257.8625342125129, 0.0, 827.2410631095686], [0.0, 1257.8625342125129, 450.915498205774], [0.0, 0.0, 1.0]], [[1252.8131021185304, 0.0, 826.588114781398], [0.0, 1252.8131021185304, 469.9846626224581], [0.0, 0.0, 1.0]], [[1256.7485116440405, 0.0, 817.7887570959712], [0.0, 1256.7485116440403, 451.9541780095127], [0.0, 0.0, 1.0]], [[1254.9860565800168, 0.0, 829.5769333630991], [0.0, 1254.9860565800168, 467.1680561863987], [0.0, 0.0, 1.0]], [[796.8910634503094, 0.0, 857.7774326863696], [0.0, 796.8910634503094, 476.8848988407415], [0.0, 0.0, 1.0]], [[1249.9629280788233, 0.0, 825.3768045375984], [0.0, 1249.9629280788233, 462.54816385708756], [0.0, 0.0, 1.0]]], "extrinsics": [[[0.8268688321113586, -0.562373697757721, -0.004890454467386007, -0.8646240234375], [0.00766765559092164, 0.019968008622527122, -0.999771237373352, 1.4896965026855469], [0.562342643737793, 0.8266421556472778, 0.020823011174798012, -1.23309326171875], [0.0, 0.0, 0.0, 1.0]], [[0.016487544402480125, -0.9997416734695435, -0.01564837619662285, 0.00421142578125], [0.009626696817576885, 0.015808502212166786, -0.9998286962509155, 1.4815731048583984], [0.9998177886009216, 0.016334140673279762, 0.009884851984679699, -1.5938720703125], [0.0, 0.0, 0.0, 1.0]], [[-0.8414008021354675, -0.5400881767272949, -0.018692418932914734, 0.998779296875], [0.017659736797213554, 0.0070916516706347466, -0.9998188614845276, 1.4949874877929688], [0.5401230454444885, -0.8415786027908325, 0.003570893546566367, -1.222412109375], [0.0, 0.0, 0.0, 1.0]], [[0.9480336904525757, 0.3181689381599426, -0.000834145350381732, -1.1480712890625], [-0.008210797794163227, 0.021844349801540375, -0.9997276663780212, 1.5621337890625], [-0.3180640935897827, 0.9477823972702026, 0.023321598768234253, -0.15234375], [0.0, 0.0, 0.0, 1.0]], [[0.007715058512985706, 0.9998658895492554, 0.014451427385210991, -0.0261383056640625], [-0.005792141892015934, 0.01449629943817854, -0.9998781085014343, 1.567885398864746], [-0.9999535083770752, 0.007630475331097841, 0.005903204437345266, 0.008056640625], [0.0, 0.0, 0.0, 1.0]], [[-0.9250217080116272, 0.3799099624156952, -0.0017882437678053975, 1.0914306640625], [-0.0014015529304742813, -0.008119423873722553, -0.999966025352478, 1.547686219215393], [-0.3799115717411041, -0.9249878525733948, 0.008043106645345688, -0.0748291015625], [0.0, 0.0, 0.0, 1.0]]], "view": [[0.0, -2.0, 100.0], [-2.0, 0.0, 100.0], [0.0, 0.0, 1.0]], "bev": "bev_dd9721f4ffc44a9392e7e2fa8f8bd2b0.png", "aux": "aux_dd9721f4ffc44a9392e7e2fa8f8bd2b0.npz", "visibility": "visibility_dd9721f4ffc44a9392e7e2fa8f8bd2b0.png", "pose": [[-0.8370960354804993, 0.5470560193061829, 0.0, 1564.0379638671875], [-0.5470560193061829, -0.8370960354804993, 0.0, 841.260986328125], [0.0, 0.0, 1.0, 0.0], [0.0, 0.0, 0.0, 1.0]], "pose_inverse": [[-0.8370960354804993, -0.5470560193061829, 0.0, 1769.466796875], [0.5470560193061829, -0.8370960354804993, 0.0, -151.40013122558594], [0.0, 0.0, 1.0, 0.0], [0.0, 0.0, 0.0, 1.0]], "cam_ids": [0, 1, 2, 3, 4, 5], "cam_channels": ["CAM_FRONT_LEFT", "CAM_FRONT", "CAM_FRONT_RIGHT", "CAM_BACK_LEFT", "CAM_BACK", "CAM_BACK_RIGHT"], "token": "dd9721f4ffc44a9392e7e2fa8f8bd2b0", "scene": "scene-0669"}, {"images": ["samples/CAM_FRONT_LEFT/n008-2018-08-28-16-16-48-0400__CAM_FRONT_LEFT__1535487637604799.jpg", "samples/CAM_FRONT/n008-2018-08-28-16-16-48-0400__CAM_FRONT__1535487637612404.jpg", "samples/CAM_FRONT_RIGHT/n008-2018-08-28-16-16-48-0400__CAM_FRONT_RIGHT__1535487637620482.jpg", "samples/CAM_BACK_LEFT/n008-2018-08-28-16-16-48-0400__CAM_BACK_LEFT__1535487637647405.jpg", "samples/CAM_BACK/n008-2018-08-28-16-16-48-0400__CAM_BACK__1535487637637558.jpg", "samples/CAM_BACK_RIGHT/n008-2018-08-28-16-16-48-0400__CAM_BACK_RIGHT__1535487637628113.jpg"], "intrinsics": [[[1257.8625342125129, 0.0, 827.2410631095686], [0.0, 1257.8625342125129, 450.915498205774], [0.0, 0.0, 1.0]], [[1252.8131021185304, 0.0, 826.588114781398], [0.0, 1252.8131021185304, 469.9846626224581], [0.0, 0.0, 1.0]], [[1256.7485116440405, 0.0, 817.7887570959712], [0.0, 1256.7485116440403, 451.9541780095127], [0.0, 0.0, 1.0]], [[1254.9860565800168, 0.0, 829.5769333630991], [0.0, 1254.9860565800168, 467.1680561863987], [0.0, 0.0, 1.0]], [[796.8910634503094, 0.0, 857.7774326863696], [0.0, 796.8910634503094, 476.8848988407415], [0.0, 0.0, 1.0]], [[1249.9629280788233, 0.0, 825.3768045375984], [0.0, 1249.9629280788233, 462.54816385708756], [0.0, 0.0, 1.0]]], "extrinsics": [[[0.8277029395103455, -0.5610427856445312, -0.01178140752017498, -0.846923828125], [-0.006051439326256514, 0.012069560587406158, -0.9999088644981384, 1.4871892929077148], [0.561133861541748, 0.827698826789856, 0.0065948935225605965, -1.2183837890625], [0.0, 0.0, 0.0, 1.0]], [[0.017672095447778702, -0.999811053276062, -0.008093397133052349, 0.0019578933715820312], [-0.004261414520442486, 0.00801927037537098, -0.9999587535858154, 1.4795403480529785], [0.9998347163200378, 0.017705846577882767, -0.004118890967220068, -1.5767822265625], [0.0, 0.0, 0.0, 1.0]], [[-0.8409996032714844, -0.5410289764404297, -0.0027111039962619543, 0.987548828125], [0.003594677895307541, -0.0005767459515482187, -0.9999933242797852, 1.4934964179992676], [0.5410237908363342, -0.8410038352012634, 0.0024298671633005142, -1.21807861328125], [0.0, 0.0, 0.0, 1.0]], [[0.9480131268501282, 0.3178178071975708, -0.01621796004474163, -1.1522216796875], [-0.022031378000974655, 0.014705797657370567, -0.9996491074562073, 1.5623435974121094], [-0.31746789813041687, 0.9480377435684204, 0.020943254232406616, -0.1480712890625], [0.0, 0.0, 0.0, 1.0]], [[0.0076549360528588295, 0.9999464154243469, 0.006969769950956106, -0.02359771728515625], [-0.019828613847494125, 0.007120390888303518, -0.9997780323028564, 1.5673599243164062], [-0.9997740983963013, 0.007515012752264738, 0.01988205872476101, 0.0069580078125], [0.0, 0.0, 0.0, 1.0]], [[-0.9252439737319946, 0.37928035855293274, 0.008372513577342033, 1.0859375], [-0.015477423556149006, -0.01568736881017685, -0.9997571706771851, 1.5464496612548828], [-0.3790568709373474, -0.9251487851142883, 0.020384924486279488, -0.0797119140625], [0.0, 0.0, 0.0, 1.0]]], "view": [[0.0, -2.0, 100.0], [-2.0, 0.0, 100.0], [0.0, 0.0, 1.0]], "bev": "bev_8524607783e642229acfdf3066514a6f.png", "aux": "aux_8524607783e642229acfdf3066514a6f.npz", "visibility": "visibility_8524607783e642229acfdf3066514a6f.png", "pose": [[-0.8923658132553101, 0.4513128101825714, 0.0, 1562.0809326171875], [-0.4513128101825714, -0.8923658132553101, 0.0, 840.1234741210938], [0.0, 0.0, 1.0, 0.0], [0.0, 0.0, 0.0, 1.0]], "pose_inverse": [[-0.8923658132553101, -0.4513128101825714, 0.0, 1773.1060791015625], [0.4513128101825714, -0.8923658132553101, 0.0, 44.710357666015625], [0.0, 0.0, 1.0, 0.0], [0.0, 0.0, 0.0, 1.0]], "cam_ids": [0, 1, 2, 3, 4, 5], "cam_channels": ["CAM_FRONT_LEFT", "CAM_FRONT", "CAM_FRONT_RIGHT", "CAM_BACK_LEFT", "CAM_BACK", "CAM_BACK_RIGHT"], "token": "8524607783e642229acfdf3066514a6f", "scene": "scene-0669"}, {"images": ["samples/CAM_FRONT_LEFT/n008-2018-08-28-16-16-48-0400__CAM_FRONT_LEFT__1535487638104799.jpg", "samples/CAM_FRONT/n008-2018-08-28-16-16-48-0400__CAM_FRONT__1535487638112404.jpg", "samples/CAM_FRONT_RIGHT/n008-2018-08-28-16-16-48-0400__CAM_FRONT_RIGHT__1535487638120482.jpg", "samples/CAM_BACK_LEFT/n008-2018-08-28-16-16-48-0400__CAM_BACK_LEFT__1535487638147405.jpg", "samples/CAM_BACK/n008-2018-08-28-16-16-48-0400__CAM_BACK__1535487638137558.jpg", "samples/CAM_BACK_RIGHT/n008-2018-08-28-16-16-48-0400__CAM_BACK_RIGHT__1535487638128113.jpg"], "intrinsics": [[[1257.8625342125129, 0.0, 827.2410631095686], [0.0, 1257.8625342125129, 450.915498205774], [0.0, 0.0, 1.0]], [[1252.8131021185304, 0.0, 826.588114781398], [0.0, 1252.8131021185304, 469.9846626224581], [0.0, 0.0, 1.0]], [[1256.7485116440405, 0.0, 817.7887570959712], [0.0, 1256.7485116440403, 451.9541780095127], [0.0, 0.0, 1.0]], [[1254.9860565800168, 0.0, 829.5769333630991], [0.0, 1254.9860565800168, 467.1680561863987], [0.0, 0.0, 1.0]], [[796.8910634503094, 0.0, 857.7774326863696], [0.0, 796.8910634503094, 476.8848988407415], [0.0, 0.0, 1.0]], [[1249.9629280788233, 0.0, 825.3768045375984], [0.0, 1249.9629280788233, 462.54816385708756], [0.0, 0.0, 1.0]]], "extrinsics": [[[0.8292989730834961, -0.5587911605834961, -0.003964751027524471, -0.817138671875], [0.0029377881437540054, 0.011454688385128975, -0.9999300837516785, 1.4889888763427734], [0.5587974786758423, 0.8292293548583984, 0.011140970513224602, -1.2041015625], [0.0, 0.0, 0.0, 1.0]], [[0.020135121420025826, -0.999771773815155, -0.007135331630706787, 0.00738525390625], [0.005312248598784208, 0.007243659347295761, -0.9999597072601318, 1.4811697006225586], [0.9997831583023071, 0.02009640820324421, 0.005456889513880014, -1.5479736328125], [0.0, 0.0, 0.0, 1.0]], [[-0.8398329615592957, -0.5427383780479431, -0.010763704776763916, 0.969970703125], [0.013793757185339928, -0.0015141423791646957, -0.999903678894043, 1.4950408935546875], [0.5426697731018066, -0.839900553226471, 0.00875802617520094, -1.201171875], [0.0, 0.0, 0.0, 1.0]], [[0.9479559659957886, 0.31835177540779114, -0.005628766026347876, -1.1483154296875], [-0.01035289280116558, 0.013149317353963852, -0.9998599886894226, 1.562093734741211], [-0.3182332217693329, 0.9478814601898193, 0.015760837122797966, -0.154541015625], [0.0, 0.0, 0.0, 1.0]], [[0.006427183281630278, 0.9999631643295288, 0.0056862905621528625, -0.028472900390625], [-0.008645119145512581, 0.005741759669035673, -0.999946117401123, 1.5676288604736328], [-0.9999420046806335, 0.006377681158483028, 0.0086817042902112, -0.005615234375], [0.0, 0.0, 0.0, 1.0]], [[-0.9259157180786133, 0.3777253031730652, -0.0019012221600860357, 1.06591796875], [-0.004810416605323553, -0.01682431995868683, -0.999846875667572, 1.5473155975341797], [-0.37769946455955505, -0.925764799118042, 0.01739492081105709, -0.08245849609375], [0.0, 0.0, 0.0, 1.0]]], "view": [[0.0, -2.0, 100.0], [-2.0, 0.0, 100.0], [0.0, 0.0, 1.0]], "bev": "bev_04867bfc639b4be2b99d139bbe664a9b.png", "aux": "aux_04867bfc639b4be2b99d139bbe664a9b.npz", "visibility": "visibility_04867bfc639b4be2b99d139bbe664a9b.png", "pose": [[-0.9455069303512573, 0.3256019651889801, 0.0, 1559.6861572265625], [-0.3256019651889801, -0.9455069303512573, 0.0, 839.1116333007812], [0.0, 0.0, 1.0, 0.0], [0.0, 0.0, 0.0, 1.0]], "pose_inverse": [[-0.9455069303512573, -0.3256019651889801, 0.0, 1747.9105224609375], [0.3256019651889801, -0.9455069303512573, 0.0, 285.5489807128906], [0.0, 0.0, 1.0, 0.0], [0.0, 0.0, 0.0, 1.0]], "cam_ids": [0, 1, 2, 3, 4, 5], "cam_channels": ["CAM_FRONT_LEFT", "CAM_FRONT", "CAM_FRONT_RIGHT", "CAM_BACK_LEFT", "CAM_BACK", "CAM_BACK_RIGHT"], "token": "04867bfc639b4be2b99d139bbe664a9b", "scene": "scene-0669"}, {"images": ["samples/CAM_FRONT_LEFT/n008-2018-08-28-16-16-48-0400__CAM_FRONT_LEFT__1535487638604799.jpg", "samples/CAM_FRONT/n008-2018-08-28-16-16-48-0400__CAM_FRONT__1535487638612404.jpg", "samples/CAM_FRONT_RIGHT/n008-2018-08-28-16-16-48-0400__CAM_FRONT_RIGHT__1535487638620482.jpg", "samples/CAM_BACK_LEFT/n008-2018-08-28-16-16-48-0400__CAM_BACK_LEFT__1535487638647405.jpg", "samples/CAM_BACK/n008-2018-08-28-16-16-48-0400__CAM_BACK__1535487638637558.jpg", "samples/CAM_BACK_RIGHT/n008-2018-08-28-16-16-48-0400__CAM_BACK_RIGHT__1535487638628113.jpg"], "intrinsics": [[[1257.8625342125129, 0.0, 827.2410631095686], [0.0, 1257.8625342125129, 450.915498205774], [0.0, 0.0, 1.0]], [[1252.8131021185304, 0.0, 826.588114781398], [0.0, 1252.8131021185304, 469.9846626224581], [0.0, 0.0, 1.0]], [[1256.7485116440405, 0.0, 817.7887570959712], [0.0, 1256.7485116440403, 451.9541780095127], [0.0, 0.0, 1.0]], [[1254.9860565800168, 0.0, 829.5769333630991], [0.0, 1254.9860565800168, 467.1680561863987], [0.0, 0.0, 1.0]], [[796.8910634503094, 0.0, 857.7774326863696], [0.0, 796.8910634503094, 476.8848988407415], [0.0, 0.0, 1.0]], [[1249.9629280788233, 0.0, 825.3768045375984], [0.0, 1249.9629280788233, 462.54816385708756], [0.0, 0.0, 1.0]]], "extrinsics": [[[0.8293856382369995, -0.5586736798286438, 0.0018402466084808111, -0.822509765625], [0.013108387589454651, 0.016166970133781433, -0.9997833967208862, 1.4912338256835938], [0.5585229396820068, 0.829230010509491, 0.020731961354613304, -1.2078857421875], [0.0, 0.0, 0.0, 1.0]], [[0.020304249599575996, -0.9997226595878601, -0.011934486217796803, 0.0074462890625], [0.015452955849468708, 0.012249324470758438, -0.9998055696487427, 1.4829902648925781], [0.999674379825592, 0.020115874707698822, 0.015697382390499115, -1.55322265625], [0.0, 0.0, 0.0, 1.0]], [[-0.8396279811859131, -0.5427106022834778, -0.022140083834528923, 0.97412109375], [0.023901885375380516, 0.003804804990068078, -0.999707043170929, 1.4963798522949219], [0.5426358580589294, -0.8399112224578857, 0.009777184575796127, -1.203704833984375], [0.0, 0.0, 0.0, 1.0]], [[0.9479671716690063, 0.31832602620124817, 0.005186779890209436, -1.14892578125], [-0.0009103493066504598, 0.019001970067620277, -0.9998190402984619, 1.5620498657226562], [-0.31836697459220886, 0.947790801525116, 0.018303032964468002, -0.15447235107421875], [0.0, 0.0, 0.0, 1.0]], [[0.0063299620524048805, 0.9999146461486816, 0.01143689826130867, -0.028564453125], [0.0009001112193800509, 0.01143142580986023, -0.999934196472168, 1.5681052207946777], [-0.999979555606842, 0.006339866667985916, -0.0008276741136796772, -0.0040283203125], [0.0, 0.0, 0.0, 1.0]], [[-0.9258880615234375, 0.3776908218860626, -0.008991511538624763, 1.0682373046875], [0.005068106111139059, -0.011380510404706001, -0.9999223947525024, 1.5483176708221436], [-0.3777638375759125, -0.9258618354797363, 0.008622902445495129, -0.0814208984375], [0.0, 0.0, 0.0, 1.0]]], "view": [[0.0, -2.0, 100.0], [-2.0, 0.0, 100.0], [0.0, 0.0, 1.0]], "bev": "bev_b97906b965af4981b5aca8bf29a9b051.png", "aux": "aux_b97906b965af4981b5aca8bf29a9b051.npz", "visibility": "visibility_b97906b965af4981b5aca8bf29a9b051.png", "pose": [[-0.982199490070343, 0.18784087896347046, 0.0, 1557.0714111328125], [-0.18784087896347046, -0.982199490070343, 0.0, 838.41357421875], [0.0, 0.0, 1.0, 0.0], [0.0, 0.0, 0.0, 1.0]], "pose_inverse": [[-0.982199490070343, -0.18784087896347046, 0.0, 1686.843017578125], [0.18784087896347046, -0.982199490070343, 0.0, 531.0076904296875], [0.0, 0.0, 1.0, 0.0], [0.0, 0.0, 0.0, 1.0]], "cam_ids": [0, 1, 2, 3, 4, 5], "cam_channels": ["CAM_FRONT_LEFT", "CAM_FRONT", "CAM_FRONT_RIGHT", "CAM_BACK_LEFT", "CAM_BACK", "CAM_BACK_RIGHT"], "token": "b97906b965af4981b5aca8bf29a9b051", "scene": "scene-0669"}, {"images": ["samples/CAM_FRONT_LEFT/n008-2018-08-28-16-16-48-0400__CAM_FRONT_LEFT__1535487639104799.jpg", "samples/CAM_FRONT/n008-2018-08-28-16-16-48-0400__CAM_FRONT__1535487639112404.jpg", "samples/CAM_FRONT_RIGHT/n008-2018-08-28-16-16-48-0400__CAM_FRONT_RIGHT__1535487639120482.jpg", "samples/CAM_BACK_LEFT/n008-2018-08-28-16-16-48-0400__CAM_BACK_LEFT__1535487639147405.jpg", "samples/CAM_BACK/n008-2018-08-28-16-16-48-0400__CAM_BACK__1535487639137558.jpg", "samples/CAM_BACK_RIGHT/n008-2018-08-28-16-16-48-0400__CAM_BACK_RIGHT__1535487639128113.jpg"], "intrinsics": [[[1257.8625342125129, 0.0, 827.2410631095686], [0.0, 1257.8625342125129, 450.915498205774], [0.0, 0.0, 1.0]], [[1252.8131021185304, 0.0, 826.588114781398], [0.0, 1252.8131021185304, 469.9846626224581], [0.0, 0.0, 1.0]], [[1256.7485116440405, 0.0, 817.7887570959712], [0.0, 1256.7485116440403, 451.9541780095127], [0.0, 0.0, 1.0]], [[1254.9860565800168, 0.0, 829.5769333630991], [0.0, 1254.9860565800168, 467.1680561863987], [0.0, 0.0, 1.0]], [[796.8910634503094, 0.0, 857.7774326863696], [0.0, 796.8910634503094, 476.8848988407415], [0.0, 0.0, 1.0]], [[1249.9629280788233, 0.0, 825.3768045375984], [0.0, 1249.9629280788233, 462.54816385708756], [0.0, 0.0, 1.0]]], "extrinsics": [[[0.829136848449707, -0.5590372681617737, 0.00308598461560905, -0.8280029296875], [0.01868109218776226, 0.022189032286405563, -0.9995792508125305, 1.4924087524414062], [0.5587335824966431, 0.8288455605506897, 0.02884116768836975, -1.2095947265625], [0.0, 0.0, 0.0, 1.0]], [[0.019919726997613907, -0.9996438026428223, -0.017757147550582886, 0.0054931640625], [0.020744264125823975, 0.018170084804296494, -0.999619722366333, 1.483856201171875], [0.999586284160614, 0.01954379677772522, 0.021098818629980087, -1.5596923828125], [0.0, 0.0, 0.0, 1.0]], [[-0.8397906422615051, -0.5421090126037598, -0.029487840831279755, 0.978515625], [0.028890129178762436, 0.009615237824618816, -0.9995363354682922, 1.4969024658203125], [0.5421411991119385, -0.8402531147003174, 0.007586813531816006, -1.2085418701171875], [0.0, 0.0, 0.0, 1.0]], [[0.9481192827224731, 0.3177085518836975, 0.011452962644398212, -1.1536865234375], [0.003754770616069436, 0.02483212575316429, -0.9996845722198486, 1.5620651245117188], [-0.31789278984069824, 0.9478631615638733, 0.022350892424583435, -0.150146484375], [0.0, 0.0, 0.0, 1.0]], [[0.006870601791888475, 0.9998267889022827, 0.017297811806201935, -0.02618408203125], [0.005744909401983023, 0.01725846901535988, -0.9998344779014587, 1.5683422088623047], [-0.9999599456787109, 0.006968837231397629, -0.005625338293612003, 0.0029296875], [0.0, 0.0, 0.0, 1.0]], [[-0.9256091713905334, 0.37831172347068787, -0.01130842138081789, 1.0765380859375], [0.009961369447410107, -0.005517549347132444, -0.9999351501464844, 1.548715591430664], [-0.37834957242012024, -0.9256617426872253, 0.0013385911006480455, -0.08056640625], [0.0, 0.0, 0.0, 1.0]]], "view": [[0.0, -2.0, 100.0], [-2.0, 0.0, 100.0], [0.0, 0.0, 1.0]], "bev": "bev_068b19772daa4fa2acc695a80569791c.png", "aux": "aux_068b19772daa4fa2acc695a80569791c.npz", "visibility": "visibility_068b19772daa4fa2acc695a80569791c.png", "pose": [[-0.9991929531097412, 0.040167275816202164, 0.0, 1554.4002685546875], [-0.040167275816202164, -0.9991929531097412, 0.0, 838.0930786132812], [0.0, 0.0, 1.0, 0.0], [0.0, 0.0, 0.0, 1.0]], "pose_inverse": [[-0.9991929531097412, -0.040167275816202164, 0.0, 1586.8096923828125], [0.040167275816202164, -0.9991929531097412, 0.0, 774.980712890625], [0.0, 0.0, 1.0, 0.0], [0.0, 0.0, 0.0, 1.0]], "cam_ids": [0, 1, 2, 3, 4, 5], "cam_channels": ["CAM_FRONT_LEFT", "CAM_FRONT", "CAM_FRONT_RIGHT", "CAM_BACK_LEFT", "CAM_BACK", "CAM_BACK_RIGHT"], "token": "068b19772daa4fa2acc695a80569791c", "scene": "scene-0669"}, {"images": ["samples/CAM_FRONT_LEFT/n008-2018-08-28-16-16-48-0400__CAM_FRONT_LEFT__1535487639604799.jpg", "samples/CAM_FRONT/n008-2018-08-28-16-16-48-0400__CAM_FRONT__1535487639612404.jpg", "samples/CAM_FRONT_RIGHT/n008-2018-08-28-16-16-48-0400__CAM_FRONT_RIGHT__1535487639620482.jpg", "samples/CAM_BACK_LEFT/n008-2018-08-28-16-16-48-0400__CAM_BACK_LEFT__1535487639647405.jpg", "samples/CAM_BACK/n008-2018-08-28-16-16-48-0400__CAM_BACK__1535487639637558.jpg", "samples/CAM_BACK_RIGHT/n008-2018-08-28-16-16-48-0400__CAM_BACK_RIGHT__1535487639628113.jpg"], "intrinsics": [[[1257.8625342125129, 0.0, 827.2410631095686], [0.0, 1257.8625342125129, 450.915498205774], [0.0, 0.0, 1.0]], [[1252.8131021185304, 0.0, 826.588114781398], [0.0, 1252.8131021185304, 469.9846626224581], [0.0, 0.0, 1.0]], [[1256.7485116440405, 0.0, 817.7887570959712], [0.0, 1256.7485116440403, 451.9541780095127], [0.0, 0.0, 1.0]], [[1254.9860565800168, 0.0, 829.5769333630991], [0.0, 1254.9860565800168, 467.1680561863987], [0.0, 0.0, 1.0]], [[796.8910634503094, 0.0, 857.7774326863696], [0.0, 796.8910634503094, 476.8848988407415], [0.0, 0.0, 1.0]], [[1249.9629280788233, 0.0, 825.3768045375984], [0.0, 1249.9629280788233, 462.54816385708756], [0.0, 0.0, 1.0]]], "extrinsics": [[[0.8290436863899231, -0.559180498123169, 0.0019306878093630075, -0.83367919921875], [0.02300076186656952, 0.030650869011878967, -0.9992654323577881, 1.4931182861328125], [0.5587105751037598, 0.8284791111946106, 0.03827248886227608, -1.21630859375], [0.0, 0.0, 0.0, 1.0]], [[0.019838212057948112, -0.99946528673172, -0.02599026821553707, 0.0076904296875], [0.024951158091425896, 0.026482203975319862, -0.9993378520011902, 1.4843673706054688], [0.999491810798645, 0.019176606088876724, 0.025463175028562546, -1.5673828125], [0.0, 0.0, 0.0, 1.0]], [[-0.8397330641746521, -0.5417140126228333, -0.03734039515256882, 0.98583984375], [0.032973017543554306, 0.017768895253539085, -0.9992982745170593, 1.4971847534179688], [0.5419973731040955, -0.8403750658035278, 0.0029408151749521494, -1.210784912109375], [0.0, 0.0, 0.0, 1.0]], [[0.9481324553489685, 0.31741005182266235, 0.017196888104081154, -1.1593017578125], [0.007416222244501114, 0.03199661895632744, -0.9994604587554932, 1.5619468688964844], [-0.31778907775878906, 0.9477484226226807, 0.027983050793409348, -0.14996337890625], [0.0, 0.0, 0.0, 1.0]], [[0.006955865304917097, 0.9996652007102966, 0.024921216070652008, -0.02801513671875], [0.009557101875543594, 0.024854222312569618, -0.9996453523635864, 1.5684