[{"images": ["samples/CAM_FRONT_LEFT/n015-2018-10-08-15-52-24+0800__CAM_FRONT_LEFT__1538985250254844.jpg", "samples/CAM_FRONT/n015-2018-10-08-15-52-24+0800__CAM_FRONT__1538985250262460.jpg", "samples/CAM_FRONT_RIGHT/n015-2018-10-08-15-52-24+0800__CAM_FRONT_RIGHT__1538985250270339.jpg", "samples/CAM_BACK_LEFT/n015-2018-10-08-15-52-24+0800__CAM_BACK_LEFT__1538985250297423.jpg", "samples/CAM_BACK/n015-2018-10-08-15-52-24+0800__CAM_BACK__1538985250287525.jpg", "samples/CAM_BACK_RIGHT/n015-2018-10-08-15-52-24+0800__CAM_BACK_RIGHT__1538985250277893.jpg"], "intrinsics": [[[1272.5979470598488, 0.0, 826.6154927353808], [0.0, 1272.5979470598488, 479.75165386361925], [0.0, 0.0, 1.0]], [[1266.417203046554, 0.0, 816.2670197447984], [0.0, 1266.417203046554, 491.50706579294757], [0.0, 0.0, 1.0]], [[1260.8474446004698, 0.0, 807.968244525554], [0.0, 1260.8474446004698, 495.3344268742088], [0.0, 0.0, 1.0]], [[1256.7414812095406, 0.0, 792.1125740759628], [0.0, 1256.7414812095406, 492.7757465151356], [0.0, 0.0, 1.0]], [[809.2209905677063, 0.0, 829.2196003259838], [0.0, 809.2209905677063, 481.77842384512485], [0.0, 0.0, 1.0]], [[1259.5137405846733, 0.0, 807.2529053838625], [0.0, 1259.5137405846733, 501.19579884916527], [0.0, 0.0, 1.0]]], "extrinsics": [[[0.817974328994751, -0.5729095935821533, -0.05189182609319687, -0.7203369140625], [-0.06157555803656578, 0.002488995436578989, -0.9980992674827576, 1.4899330139160156], [0.5719497203826904, 0.819614827632904, -0.03324129432439804, -1.1124267578125], [0.0, 0.0, 0.0, 1.0]], [[0.004311010241508484, -0.9999897480010986, 0.0013910444686189294, 0.00830078125], [-0.06673449277877808, -0.0016756505938246846, -0.9977694153785706, 1.5042381286621094], [0.9977614283561707, 0.0042085228487849236, -0.06674102693796158, -1.44866943359375], [0.0, 0.0, 0.0, 1.0]], [[-0.8324177265167236, -0.5525314807891846, 0.0423031710088253, 0.875640869140625], [-0.061010103672742844, 0.015504315495491028, -0.9980167150497437, 1.4920654296875], [0.5507797598838806, -0.833347737789154, -0.046616073697805405, -1.142822265625], [0.0, 0.0, 0.0, 1.0]], [[0.945949375629425, 0.31980645656585693, -0.053885091096162796, -1.1450157165527344], [-0.05185144394636154, -0.014877092093229294, -0.998543918132782, 1.5887131690979004], [-0.3201425075531006, 0.9473660588264465, 0.002509450074285269, -0.1025390625], [0.0, 0.0, 0.0, 1.0]], [[0.0019038523314520717, 0.9999858736991882, -0.004968125838786364, 0.00244140625], [-0.077442966401577, -0.004805772099643946, -0.9969851970672607, 1.5740776062011719], [-0.9969949722290039, 0.002282855100929737, 0.07743272185325623, -0.066162109375], [0.0, 0.0, 0.0, 1.0]], [[-0.9335641264915466, 0.3554670810699463, 0.045836981385946274, 1.0081787109375], [-0.045041512697935104, 0.010517934337258339, -0.9989297389984131, 1.5452766418457031], [-0.3555687963962555, -0.9346296191215515, 0.006191610358655453, -0.111083984375], [0.0, 0.0, 0.0, 1.0]]], "view": [[0.0, -2.0, 100.0], [-2.0, 0.0, 100.0], [0.0, 0.0, 1.0]], "bev": "bev_7511a84ee9224132873eb2ca13129a02.png", "aux": "aux_7511a84ee9224132873eb2ca13129a02.npz", "visibility": "visibility_7511a84ee9224132873eb2ca13129a02.png", "pose": [[0.7222346067428589, 0.6916481256484985, 0.0, 705.2892456054688], [-0.6916481256484985, 0.7222346067428589, 0.0, 1578.937255859375], [0.0, 0.0, 1.0, 0.0], [0.0, 0.0, 0.0, 1.0]], "pose_inverse": [[0.7222346067428589, -0.6916481256484985, 0.0, 582.6846923828125], [0.6916481256484985, 0.7222346067428589, 0.0, -1628.1751708984375], [0.0, 0.0, 1.0, 0.0], [0.0, 0.0, 0.0, 1.0]], "cam_ids": [0, 1, 2, 3, 4, 5], "cam_channels": ["CAM_FRONT_LEFT", "CAM_FRONT", "CAM_FRONT_RIGHT", "CAM_BACK_LEFT", "CAM_BACK", "CAM_BACK_RIGHT"], "token": "7511a84ee9224132873eb2ca13129a02", "scene": "scene-0425"}, {"images": ["samples/CAM_FRONT_LEFT/n015-2018-10-08-15-52-24+0800__CAM_FRONT_LEFT__1538985250754844.jpg", "samples/CAM_FRONT/n015-2018-10-08-15-52-24+0800__CAM_FRONT__1538985250762460.jpg", "samples/CAM_FRONT_RIGHT/n015-2018-10-08-15-52-24+0800__CAM_FRONT_RIGHT__1538985250770339.jpg", "samples/CAM_BACK_LEFT/n015-2018-10-08-15-52-24+0800__CAM_BACK_LEFT__1538985250797435.jpg", "samples/CAM_BACK/n015-2018-10-08-15-52-24+0800__CAM_BACK__1538985250787525.jpg", "samples/CAM_BACK_RIGHT/n015-2018-10-08-15-52-24+0800__CAM_BACK_RIGHT__1538985250777893.jpg"], "intrinsics": [[[1272.5979470598488, 0.0, 826.6154927353808], [0.0, 1272.5979470598488, 479.75165386361925], [0.0, 0.0, 1.0]], [[1266.417203046554, 0.0, 816.2670197447984], [0.0, 1266.417203046554, 491.50706579294757], [0.0, 0.0, 1.0]], [[1260.8474446004698, 0.0, 807.968244525554], [0.0, 1260.8474446004698, 495.3344268742088], [0.0, 0.0, 1.0]], [[1256.7414812095406, 0.0, 792.1125740759628], [0.0, 1256.7414812095406, 492.7757465151356], [0.0, 0.0, 1.0]], [[809.2209905677063, 0.0, 829.2196003259838], [0.0, 809.2209905677063, 481.77842384512485], [0.0, 0.0, 1.0]], [[1259.5137405846733, 0.0, 807.2529053838625], [0.0, 1259.5137405846733, 501.19579884916527], [0.0, 0.0, 1.0]]], "extrinsics": [[[0.8175123333930969, -0.5745241045951843, -0.03994659334421158, -0.729736328125], [-0.04727829992771149, 0.002177860587835312, -0.9988794326782227, 1.4947528839111328], [0.5739672183990479, 0.8184847235679626, -0.025382090359926224, -1.1197509765625], [0.0, 0.0, 0.0, 1.0]], [[0.002588127739727497, -0.9999949336051941, 0.0018546736100688577, 0.0084228515625], [-0.05233999341726303, -0.0019875974394381046, -0.9986273646354675, 1.5082893371582031], [0.9986259937286377, 0.002487540477886796, -0.05234486982226372, -1.458465576171875], [0.0, 0.0, 0.0, 1.0]], [[-0.8337193727493286, -0.5513483881950378, 0.030447009950876236, 0.882476806640625], [-0.046452008187770844, 0.01508532278239727, -0.9988065958023071, 1.4951934814453125], [0.5502310395240784, -0.8341386914253235, -0.03818816319108009, -1.1470947265625], [0.0, 0.0, 0.0, 1.0]], [[0.9468966722488403, 0.31901392340660095, -0.04020937904715538, -1.1446456909179688], [-0.0371357686817646, -0.015713851898908615, -0.9991866946220398, 1.5886502265930176], [-0.3193863332271576, 0.9476197361946106, -0.0030325662810355425, -0.10302734375], [0.0, 0.0, 0.0, 1.0]], [[0.0028839088045060635, 0.999979555606842, -0.005722117610275745, 0.00244140625], [-0.06277475506067276, -0.005529819522053003, -0.9980124235153198, 1.5752696990966797], [-0.998023509979248, 0.0032373906578868628, 0.06275751441717148, -0.063232421875], [0.0, 0.0, 0.0, 1.0]], [[-0.9337396025657654, 0.3565252423286438, 0.031937580555677414, 1.013671875], [-0.03039613366127014, 0.009926856495440006, -0.9994886517524719, 1.5474624633789062], [-0.35665997862815857, -0.9342330098152161, 0.0015678872587159276, -0.1087646484375], [0.0, 0.0, 0.0, 1.0]]], "view": [[0.0, -2.0, 100.0], [-2.0, 0.0, 100.0], [0.0, 0.0, 1.0]], "bev": "bev_9f110574b08a4fc89f61afd8f8e8a705.png", "aux": "aux_9f110574b08a4fc89f61afd8f8e8a705.npz", "visibility": "visibility_9f110574b08a4fc89f61afd8f8e8a705.png", "pose": [[0.7485183477401733, 0.663114070892334, 0.0, 707.844970703125], [-0.663114070892334, 0.7485183477401733, 0.0, 1576.5267333984375], [0.0, 0.0, 1.0, 0.0], [0.0, 0.0, 0.0, 1.0]], "pose_inverse": [[0.7485183477401733, -0.663114070892334, 0.0, 515.5820922851562], [0.663114070892334, 0.7485183477401733, 0.0, -1649.441162109375], [0.0, 0.0, 1.0, 0.0], [0.0, 0.0, 0.0, 1.0]], "cam_ids": [0, 1, 2, 3, 4, 5], "cam_channels": ["CAM_FRONT_LEFT", "CAM_FRONT", "CAM_FRONT_RIGHT", "CAM_BACK_LEFT", "CAM_BACK", "CAM_BACK_RIGHT"], "token": "9f110574b08a4fc89f61afd8f8e8a705", "scene": "scene-0425"}, {"images": ["samples/CAM_FRONT_LEFT/n015-2018-10-08-15-52-24+0800__CAM_FRONT_LEFT__1538985251254844.jpg", "samples/CAM_FRONT/n015-2018-10-08-15-52-24+0800__CAM_FRONT__1538985251262460.jpg", "samples/CAM_FRONT_RIGHT/n015-2018-10-08-15-52-24+0800__CAM_FRONT_RIGHT__1538985251270339.jpg", "samples/CAM_BACK_LEFT/n015-2018-10-08-15-52-24+0800__CAM_BACK_LEFT__1538985251297423.jpg", "samples/CAM_BACK/n015-2018-10-08-15-52-24+0800__CAM_BACK__1538985251287525.jpg", "samples/CAM_BACK_RIGHT/n015-2018-10-08-15-52-24+0800__CAM_BACK_RIGHT__1538985251277893.jpg"], "intrinsics": [[[1272.5979470598488, 0.0, 826.6154927353808], [0.0, 1272.5979470598488, 479.75165386361925], [0.0, 0.0, 1.0]], [[1266.417203046554, 0.0, 816.2670197447984], [0.0, 1266.417203046554, 491.50706579294757], [0.0, 0.0, 1.0]], [[1260.8474446004698, 0.0, 807.968244525554], [0.0, 1260.8474446004698, 495.3344268742088], [0.0, 0.0, 1.0]], [[1256.7414812095406, 0.0, 792.1125740759628], [0.0, 1256.7414812095406, 492.7757465151356], [0.0, 0.0, 1.0]], [[809.2209905677063, 0.0, 829.2196003259838], [0.0, 809.2209905677063, 481.77842384512485], [0.0, 0.0, 1.0]], [[1259.5137405846733, 0.0, 807.2529053838625], [0.0, 1259.5137405846733, 501.19579884916527], [0.0, 0.0, 1.0]]], "extrinsics": [[[0.8174929022789001, -0.5746564269065857, -0.03840992972254753, -0.7430419921875], [-0.04551078379154205, 0.002027834067121148, -0.9989618062973022, 1.495962142944336], [0.5741376876831055, 0.818392276763916, -0.02449532225728035, -1.12744140625], [0.0, 0.0, 0.0, 1.0]], [[0.0025764352176338434, -0.9999945163726807, 0.002085625659674406, 0.007568359375], [-0.05078140273690224, -0.002213781699538231, -0.9987074136734009, 1.5092620849609375], [0.9987064599990845, 0.0024672141298651695, -0.0507868230342865, -1.470703125], [0.0, 0.0, 0.0, 1.0]], [[-0.8337715864181519, -0.5513207912445068, 0.029498474672436714, 0.88958740234375], [-0.045089513063430786, 0.01474476233124733, -0.9988740682601929, 1.4958457946777344], [0.5502651929855347, -0.8341629505157471, -0.03715255483984947, -1.1524658203125], [0.0, 0.0, 0.0, 1.0]], [[0.9468401670455933, 0.3192509114742279, -0.03965402767062187, -1.1416778564453125], [-0.03631910681724548, -0.016395065933465958, -0.9992057085037231, 1.5885343551635742], [-0.31964749097824097, 0.9475283026695251, -0.003928597085177898, -0.1043701171875], [0.0, 0.0, 0.0, 1.0]], [[0.0028070376720279455, 0.9999762773513794, -0.006298040971159935, 0.00244140625], [-0.06176915392279625, -0.0061126574873924255, -0.9980717301368713, 1.5754175186157227], [-0.9980865120887756, 0.0031905353534966707, 0.06175052374601364, -0.06195068359375], [0.0, 0.0, 0.0, 1.0]], [[-0.9337655901908875, 0.3565695285797119, 0.030659331008791924, 1.0191650390625], [-0.029203344136476517, 0.009467437863349915, -0.9995286464691162, 1.5477886199951172], [-0.3566916882991791, -0.9342208504676819, 0.0015726538840681314, -0.1070556640625], [0.0, 0.0, 0.0, 1.0]]], "view": [[0.0, -2.0, 100.0], [-2.0, 0.0, 100.0], [0.0, 0.0, 1.0]], "bev": "bev_16aff59c2fbb4691b497e0c157e4ac03.png", "aux": "aux_16aff59c2fbb4691b497e0c157e4ac03.npz", "visibility": "visibility_16aff59c2fbb4691b497e0c157e4ac03.png", "pose": [[0.7810352444648743, 0.6244869232177734, 0.0, 710.4070434570312], [-0.6244869232177734, 0.7810352444648743, 0.0, 1574.3350830078125], [0.0, 0.0, 1.0, 0.0], [0.0, 0.0, 0.0, 1.0]], "pose_inverse": [[0.7810352444648743, -0.6244869232177734, 0.0, 428.2987060546875], [0.6244869232177734, 0.7810352444648743, 0.0, -1673.2510986328125], [0.0, 0.0, 1.0, 0.0], [0.0, 0.0, 0.0, 1.0]], "cam_ids": [0, 1, 2, 3, 4, 5], "cam_channels": ["CAM_FRONT_LEFT", "CAM_FRONT", "CAM_FRONT_RIGHT", "CAM_BACK_LEFT", "CAM_BACK", "CAM_BACK_RIGHT"], "token": "16aff59c2fbb4691b497e0c157e4ac03", "scene": "scene-0425"}, {"images": ["samples/CAM_FRONT_LEFT/n015-2018-10-08-15-52-24+0800__CAM_FRONT_LEFT__1538985251754844.jpg", "samples/CAM_FRONT/n015-2018-10-08-15-52-24+0800__CAM_FRONT__1538985251762460.jpg", "samples/CAM_FRONT_RIGHT/n015-2018-10-08-15-52-24+0800__CAM_FRONT_RIGHT__1538985251770339.jpg", "samples/CAM_BACK_LEFT/n015-2018-10-08-15-52-24+0800__CAM_BACK_LEFT__1538985251797423.jpg", "samples/CAM_BACK/n015-2018-10-08-15-52-24+0800__CAM_BACK__1538985251787525.jpg", "samples/CAM_BACK_RIGHT/n015-2018-10-08-15-52-24+0800__CAM_BACK_RIGHT__1538985251777893.jpg"], "intrinsics": [[[1272.5979470598488, 0.0, 826.6154927353808], [0.0, 1272.5979470598488, 479.75165386361925], [0.0, 0.0, 1.0]], [[1266.417203046554, 0.0, 816.2670197447984], [0.0, 1266.417203046554, 491.50706579294757], [0.0, 0.0, 1.0]], [[1260.8474446004698, 0.0, 807.968244525554], [0.0, 1260.8474446004698, 495.3344268742088], [0.0, 0.0, 1.0]], [[1256.7414812095406, 0.0, 792.1125740759628], [0.0, 1256.7414812095406, 492.7757465151356], [0.0, 0.0, 1.0]], [[809.2209905677063, 0.0, 829.2196003259838], [0.0, 809.2209905677063, 481.77842384512485], [0.0, 0.0, 1.0]], [[1259.5137405846733, 0.0, 807.2529053838625], [0.0, 1259.5137405846733, 501.19579884916527], [0.0, 0.0, 1.0]]], "extrinsics": [[[0.8171675205230713, -0.5749664306640625, -0.04063015058636665, -0.73876953125], [-0.046614572405815125, 0.0043371072970330715, -0.9989035129547119, 1.4954471588134766], [0.574512243270874, 0.8181655406951904, -0.0232576671987772, -1.12548828125], [0.0, 0.0, 0.0, 1.0]], [[0.002103645820170641, -0.9999976754188538, -0.00033053234801627696, 0.0084228515625], [-0.051849499344825745, 0.00022101603099144995, -0.9986549615859985, 1.508814811706543], [0.9986526370048523, 0.0021179751493036747, -0.051848914474248886, -1.466522216796875], [0.0, 0.0, 0.0, 1.0]], [[-0.833958089351654, -0.5510687232017517, 0.028934190049767494, 0.88653564453125], [-0.046106528490781784, 0.017333311960101128, -0.9987861514091492, 1.4954757690429688], [0.5498982667922974, -0.8342798352241516, -0.03986312076449394, -1.1500244140625], [0.0, 0.0, 0.0, 1.0]], [[0.9466859102249146, 0.3197479546070099, -0.03933151811361313, -1.13720703125], [-0.03700633719563484, -0.013347051106393337, -0.9992258548736572, 1.5883665084838867], [-0.32002535462379456, 0.9474086761474609, -0.0008027666481211782, -0.1060791015625], [0.0, 0.0, 0.0, 1.0]], [[0.002833222970366478, 0.9999903440475464, -0.003365171141922474, 0.0020751953125], [-0.06263647973537445, -0.003181113163009286, -0.9980313777923584, 1.5751161575317383], [-0.9980323910713196, 0.0030384529381990433, 0.06262686848640442, -0.065765380859375], [0.0, 0.0, 0.0, 1.0]], [[-0.9336223006248474, 0.3567773699760437, 0.03254787623882294, 1.01580810546875], [-0.030173365026712418, 0.012220787815749645, -0.9994699954986572, 1.5475521087646484], [-0.3569859564304352, -0.9341095089912415, -0.000644428888335824, -0.10791015625], [0.0, 0.0, 0.0, 1.0]]], "view": [[0.0, -2.0, 100.0], [-2.0, 0.0, 100.0], [0.0, 0.0, 1.0]], "bev": "bev_3154a87907d44725a80426e76b1164fb.png", "aux": "aux_3154a87907d44725a80426e76b1164fb.npz", "visibility": "visibility_3154a87907d44725a80426e76b1164fb.png", "pose": [[0.8184602856636047, 0.5745631456375122, 0.0, 712.9182739257812], [-0.5745631456375122, 0.8184602856636047, 0.0, 1572.4224853515625], [0.0, 0.0, 1.0, 0.0], [0.0, 0.0, 0.0, 1.0]], "pose_inverse": [[0.8184602856636047, -0.5745631456375122, 0.0, 319.9607238769531], [0.5745631456375122, 0.8184602856636047, 0.0, -1696.5819091796875], [0.0, 0.0, 1.0, 0.0], [0.0, 0.0, 0.0, 1.0]], "cam_ids": [0, 1, 2, 3, 4, 5], "cam_channels": ["CAM_FRONT_LEFT", "CAM_FRONT", "CAM_FRONT_RIGHT", "CAM_BACK_LEFT", "CAM_BACK", "CAM_BACK_RIGHT"], "token": "3154a87907d44725a80426e76b1164fb", "scene": "scene-0425"}, {"images": ["samples/CAM_FRONT_LEFT/n015-2018-10-08-15-52-24+0800__CAM_FRONT_LEFT__1538985252254844.jpg", "samples/CAM_FRONT/n015-2018-10-08-15-52-24+0800__CAM_FRONT__1538985252262460.jpg", "samples/CAM_FRONT_RIGHT/n015-2018-10-08-15-52-24+0800__CAM_FRONT_RIGHT__1538985252270339.jpg", "samples/CAM_BACK_LEFT/n015-2018-10-08-15-52-24+0800__CAM_BACK_LEFT__1538985252297423.jpg", "samples/CAM_BACK/n015-2018-10-08-15-52-24+0800__CAM_BACK__1538985252287525.jpg", "samples/CAM_BACK_RIGHT/n015-2018-10-08-15-52-24+0800__CAM_BACK_RIGHT__1538985252277893.jpg"], "intrinsics": [[[1272.5979470598488, 0.0, 826.6154927353808], [0.0, 1272.5979470598488, 479.75165386361925], [0.0, 0.0, 1.0]], [[1266.417203046554, 0.0, 816.2670197447984], [0.0, 1266.417203046554, 491.50706579294757], [0.0, 0.0, 1.0]], [[1260.8474446004698, 0.0, 807.968244525554], [0.0, 1260.8474446004698, 495.3344268742088], [0.0, 0.0, 1.0]], [[1256.7414812095406, 0.0, 792.1125740759628], [0.0, 1256.7414812095406, 492.7757465151356], [0.0, 0.0, 1.0]], [[809.2209905677063, 0.0, 829.2196003259838], [0.0, 809.2209905677063, 481.77842384512485], [0.0, 0.0, 1.0]], [[1259.5137405846733, 0.0, 807.2529053838625], [0.0, 1259.5137405846733, 501.19579884916527], [0.0, 0.0, 1.0]]], "extrinsics": [[[0.8178438544273376, -0.5750526785850525, -0.021115025505423546, -0.745849609375], [-0.02058643288910389, 0.007431455887854099, -0.9997605085372925, 1.5027570724487305], [0.5750717520713806, 0.8180826306343079, -0.005760513711720705, -1.130126953125], [0.0, 0.0, 0.0, 1.0]], [[0.0018933292012661695, -0.9999918341636658, -0.0035604399163275957, 0.008056640625], [-0.025976089760661125, 0.0035100665409117937, -0.9996564388275146, 1.5148277282714844], [0.9996607899665833, 0.00198503490537405, -0.025969233363866806, -1.47314453125], [0.0, 0.0, 0.0, 1.0]], [[-0.8345783352851868, -0.5508615374565125, 0.0055421870201826096, 0.89013671875], [-0.02037135511636734, 0.020806778222322464, -0.9995759129524231, 1.5000991821289062], [0.5505126118659973, -0.8343372344970703, -0.028586678206920624, -1.15234375], [0.0, 0.0, 0.0, 1.0]], [[0.947684645652771, 0.31887879967689514, -0.014500608667731285, -1.13055419921875], [-0.01212379988282919, -0.009437322616577148, -0.9998819828033447, 1.5884056091308594], [-0.3189779222011566, 0.9477484822273254, -0.005077584180980921, -0.1075439453125], [0.0, 0.0, 0.0, 1.0]], [[0.003501986153423786, 0.9999938607215881, 0.000441959360614419, 0.0025634765625], [-0.037384990602731705, 0.0005725757218897343, -0.9993007779121399, 1.5767674446105957], [-0.9992948174476624, 0.0034830388613045216, 0.037386760115623474, -0.067291259765625], [0.0, 0.0, 0.0, 1.0]], [[-0.9340317845344543, 0.357051283121109, 0.009951992891728878, 1.01800537109375], [-0.004609033931046724, 0.015811892226338387, -0.999864399433136, 1.5508441925048828], [-0.3571602404117584, -0.9339509606361389, -0.013123148120939732, -0.1070556640625], [0.0, 0.0, 0.0, 1.0]]], "view": [[0.0, -2.0, 100.0], [-2.0, 0.0, 100.0], [0.0, 0.0, 1.0]], "bev": "bev_8f4096bc26d74655b9b743cf553c213c.png", "aux": "aux_8f4096bc26d74655b9b743cf553c213c.npz", "visibility": "visibility_8f4096bc26d74655b9b743cf553c213c.png", "pose": [[0.8509840965270996, 0.5251914858818054, 0.0, 715.45654296875], [-0.5251914858818054, 0.8509840965270996, 0.0, 1570.7333984375], [0.0, 0.0, 1.0, 0.0], [0.0, 0.0, 0.0, 1.0]], "pose_inverse": [[0.8509840965270996, -0.5251914858818054, 0.0, 216.09365844726562], [0.5251914858818054, 0.8509840965270996, 0.0, -1712.4207763671875], [0.0, 0.0, 1.0, 0.0], [0.0, 0.0, 0.0, 1.0]], "cam_ids": [0, 1, 2, 3, 4, 5], "cam_channels": ["CAM_FRONT_LEFT", "CAM_FRONT", "CAM_FRONT_RIGHT", "CAM_BACK_LEFT", "CAM_BACK", "CAM_BACK_RIGHT"], "token": "8f4096bc26d74655b9b743cf553c213c", "scene": "scene-0425"}, {"images": ["samples/CAM_FRONT_LEFT/n015-2018-10-08-15-52-24+0800__CAM_FRONT_LEFT__1538985252754844.jpg", "samples/CAM_FRONT/n015-2018-10-08-15-52-24+0800__CAM_FRONT__1538985252762460.jpg", "samples/CAM_FRONT_RIGHT/n015-2018-10-08-15-52-24+0800__CAM_FRONT_RIGHT__1538985252770339.jpg", "samples/CAM_BACK_LEFT/n015-2018-10-08-15-52-24+0800__CAM_BACK_LEFT__1538985252797423.jpg", "samples/CAM_BACK/n015-2018-10-08-15-52-24+0800__CAM_BACK__1538985252787525.jpg", "samples/CAM_BACK_RIGHT/n015-2018-10-08-15-52-24+0800__CAM_BACK_RIGHT__1538985252777893.jpg"], "intrinsics": [[[1272.5979470598488, 0.0, 826.6154927353808], [0.0, 1272.5979470598488, 479.75165386361925], [0.0, 0.0, 1.0]], [[1266.417203046554, 0.0, 816.2670197447984], [0.0, 1266.417203046554, 491.50706579294757], [0.0, 0.0, 1.0]], [[1260.8474446004698, 0.0, 807.968244525554], [0.0, 1260.8474446004698, 495.3344268742088], [0.0, 0.0, 1.0]], [[1256.7414812095406, 0.0, 792.1125740759628], [0.0, 1256.7414812095406, 492.7757465151356], [0.0, 0.0, 1.0]], [[809.2209905677063, 0.0, 829.2196003259838], [0.0, 809.2209905677063, 481.77842384512485], [0.0, 0.0, 1.0]], [[1259.5137405846733, 0.0, 807.2529053838625], [0.0, 1259.5137405846733, 501.19579884916527], [0.0, 0.0, 1.0]]], "extrinsics": [[[0.818200945854187, -0.5748708248138428, -0.008405914530158043, -0.765625], [-0.00890080351382494, 0.0019533431623131037, -0.9999584555625916, 1.5060968399047852], [0.5748633742332458, 0.8182417750358582, -0.003518585115671158, -1.1446533203125], [0.0, 0.0, 0.0, 1.0]], [[0.0021702833473682404, -0.9999958872795105, 0.0018674575258046389, 0.008544921875], [-0.01360931247472763, -0.0018968245713040233, -0.9999055862426758, 1.5178217887878418], [0.9999050498008728, 0.0021446486935019493, -0.01361337210983038, -1.49261474609375], [0.0, 0.0, 0.0, 1.0]], [[-0.8344993591308594, -0.5510035157203674, -0.0024464053567498922, 0.90283203125], [-0.007337105926126242, 0.01555135939270258, -0.9998521208763123, 1.5024566650390625], [0.550960123538971, -0.8343579769134521, -0.017020370811223984, -1.1605224609375], [0.0, 0.0, 0.0, 1.0]], [[0.9477612972259521, 0.3189775049686432, -0.001365934731438756, -1.13446044921875], [0.0031651605386286974, -0.013686282560229301, -0.999901294708252, 1.588592529296875], [-0.31896474957466125, 0.947663426399231, -0.013980943709611893, -0.1070556640625], [0.0, 0.0, 0.0, 1.0]], [[0.0034405712503939867, 0.9999856948852539, -0.004110031295567751, 0.001953125], [-0.022897716611623764, -0.004030195996165276, -0.9997297525405884, 1.5779235363006592], [-0.9997318983078003, 0.003533815499395132, 0.022883519530296326, -0.0608673095703125], [0.0, 0.0, 0.0, 1.0]], [[-0.9341023564338684, 0.3569754362106323, -0.0046260543167591095, 1.0277099609375], [0.009086660109460354, 0.010819449089467525, -0.9999001622200012, 1.5524797439575195], [-0.3568897247314453, -0.9340511560440063, -0.013350187800824642, -0.1031494140625], [0.0, 0.0, 0.0, 1.0]]], "view": [[0.0, -2.0, 100.0], [-2.0, 0.0, 100.0], [0.0, 0.0, 1.0]], "bev": "bev_c0beaad041bf4b499e25dc79ea12fcbc.png", "aux": "aux_c0beaad041bf4b499e25dc79ea12fcbc.npz", "visibility": "visibility_c0beaad041bf4b499e25dc79ea12fcbc.png", "pose": [[0.8758647441864014, 0.48255667090415955, 0.0, 717.892578125], [-0.48255667090415955, 0.8758647441864014, 0.0, 1569.2840576171875], [0.0, 0.0, 1.0, 0.0], [0.0, 0.0, 0.0, 1.0]], "pose_inverse": [[0.8758647441864014, -0.48255667090415955, 0.0, 128.49169921875], [0.48255667090415955, 0.8758647441864014, 0.0, -1720.9044189453125], [0.0, 0.0, 1.0, 0.0], [0.0, 0.0, 0.0, 1.0]], "cam_ids": [0, 1, 2, 3, 4, 5], "cam_channels": ["CAM_FRONT_LEFT", "CAM_FRONT", "CAM_FRONT_RIGHT", "CAM_BACK_LEFT", "CAM_BACK", "CAM_BACK_RIGHT"], "token": "c0beaad041bf4b499e25dc79ea12fcbc", "scene": "scene-0425"}, {"images": ["samples/CAM_FRONT_LEFT/n015-2018-10-08-15-52-24+0800__CAM_FRONT_LEFT__1538985253254844.jpg", "samples/CAM_FRONT/n015-2018-10-08-15-52-24+0800__CAM_FRONT__1538985253262476.jpg", "samples/CAM_FRONT_RIGHT/n015-2018-10-08-15-52-24+0800__CAM_FRONT_RIGHT__1538985253270339.jpg", "samples/CAM_BACK_LEFT/n015-2018-10-08-15-52-24+0800__CAM_BACK_LEFT__1538985253297423.jpg", "samples/CAM_BACK/n015-2018-10-08-15-52-24+0800__CAM_BACK__1538985253287525.jpg", "samples/CAM_BACK_RIGHT/n015-2018-10-08-15-52-24+0800__CAM_BACK_RIGHT__1538985253277893.jpg"], "intrinsics": [[[1272.5979470598488, 0.0, 826.6154927353808], [0.0, 1272.5979470598488, 479.75165386361925], [0.0, 0.0, 1.0]], [[1266.417203046554, 0.0, 816.2670197447984], [0.0, 1266.417203046554, 491.50706579294757], [0.0, 0.0, 1.0]], [[1260.8474446004698, 0.0, 807.968244525554], [0.0, 1260.8474446004698, 495.3344268742088], [0.0, 0.0, 1.0]], [[1256.7414812095406, 0.0, 792.1125740759628], [0.0, 1256.7414812095406, 492.7757465151356], [0.0, 0.0, 1.0]], [[809.2209905677063, 0.0, 829.2196003259838], [0.0, 809.2209905677063, 481.77842384512485], [0.0, 0.0, 1.0]], [[1259.5137405846733, 0.0, 807.2529053838625], [0.0, 1259.5137405846733, 501.19579884916527], [0.0, 0.0, 1.0]]], "extrinsics": [[[0.8186126947402954, -0.574295699596405, -0.007585339713841677, -0.77294921875], [-0.007343714125454426, 0.0027397871017456055, -0.9999692440032959, 1.5065312385559082], [0.5742989182472229, 0.8186432123184204, -0.001974639715626836, -1.148193359375], [0.0, 0.0, 0.0, 1.0]], [[0.0026113009080290794, -0.9999953508377075, 0.001538518350571394, 0.0072021484375], [-0.012963637709617615, -0.0015722464304417372, -0.9999147653579712, 1.5180459022521973], [0.9999125003814697, 0.002591122640296817, -0.012967683374881744, -1.5003204345703125], [0.0, 0.0, 0.0, 1.0]], [[-0.8343253135681152, -0.5512681007385254, -0.0021235086023807526, 0.9078369140625], [-0.007593511138111353, 0.01534399762749672, -0.9998533725738525, 1.5024890899658203], [0.5512199401855469, -0.8341869711875916, -0.01698794588446617, -1.1650390625], [0.0, 0.0, 0.0, 1.0]], [[0.947797954082489, 0.31883248686790466, -0.004995568189769983, -1.13427734375], [9.922550088958815e-05, -0.015961289405822754, -0.999872624874115, 1.5885581970214844], [-0.31887152791023254, 0.9476767182350159, -0.015159714967012405, -0.1063232421875], [0.0, 0.0, 0.0, 1.0]], [[0.00339367869310081, 0.9999781250953674, -0.005686645396053791, 0.002685546875], [-0.02500258758664131, -0.005600051023066044, -0.9996716976165771, 1.5778751373291016], [-0.9996815323829651, 0.0035347528755664825, 0.024983033537864685, -0.057422637939453125], [0.0, 0.0, 0.0, 1.0]], [[-0.9341776371002197, 0.35678717494010925, -0.0038889108691364527, 1.033447265625], [0.007991802878677845, 0.010026061907410622, -0.9999178051948547, 1.5523157119750977], [-0.35671892762184143, -0.9341318607330322, -0.012217496521770954, -0.101806640625], [0.0, 0.0, 0.0, 1.0]]], "view": [[0.0, -2.0, 100.0], [-2.0, 0.0, 100.0], [0.0, 0.0, 1.0]], "bev": "bev_c13db12d55174a6fa790cbca64e891d8.png", "aux": "aux_c13db12d55174a6fa790cbca64e891d8.npz", "visibility": "visibility_c13db12d55174a6fa790cbca64e891d8.png", "pose": [[0.8976026773452759, 0.4408054053783417, 0.0, 720.2840576171875], [-0.4408054053783417, 0.8976026773452759, 0.0, 1568.0252685546875], [0.0, 0.0, 1.0, 0.0], [0.0, 0.0, 0.0, 1.0]], "pose_inverse": [[0.8976026773452759, -0.4408054053783417, 0.0, 44.66508483886719], [0.4408054053783417, 0.8976026773452759, 0.0, -1724.96875], [0.0, 0.0, 1.0, 0.0], [0.0, 0.0, 0.0, 1.0]], "cam_ids": [0, 1, 2, 3, 4, 5], "cam_channels": ["CAM_FRONT_LEFT", "CAM_FRONT", "CAM_FRONT_RIGHT", "CAM_BACK_LEFT", "CAM_BACK", "CAM_BACK_RIGHT"], "token": "c13db12d55174a6fa790cbca64e891d8", "scene": "scene-0425"}, {"images": ["samples/CAM_FRONT_LEFT/n015-2018-10-08-15-52-24+0800__CAM_FRONT_LEFT__1538985253754844.jpg", "samples/CAM_FRONT/n015-2018-10-08-15-52-24+0800__CAM_FRONT__1538985253762460.jpg", "samples/CAM_FRONT_RIGHT/n015-2018-10-08-15-52-24+0800__CAM_FRONT_RIGHT__1538985253770339.jpg", "samples/CAM_BACK_LEFT/n015-2018-10-08-15-52-24+0800__CAM_BACK_LEFT__1538985253797423.jpg", "samples/CAM_BACK/n015-2018-10-08-15-52-24+0800__CAM_BACK__1538985253787525.jpg", "samples/CAM_BACK_RIGHT/n015-2018-10-08-15-52-24+0800__CAM_BACK_RIGHT__1538985253777893.jpg"], "intrinsics": [[[1272.5979470598488, 0.0, 826.6154927353808], [0.0, 1272.5979470598488, 479.75165386361925], [0.0, 0.0, 1.0]], [[1266.417203046554, 0.0, 816.2670197447984], [0.0, 1266.417203046554, 491.50706579294757], [0.0, 0.0, 1.0]], [[1260.8474446004698, 0.0, 807.968244525554], [0.0, 1260.8474446004698, 495.3344268742088], [0.0, 0.0, 1.0]], [[1256.7414812095406, 0.0, 792.1125740759628], [0.0, 1256.7414812095406, 492.7757465151356], [0.0, 0.0, 1.0]], [[809.2209905677063, 0.0, 829.2196003259838], [0.0, 809.2209905677063, 481.77842384512485], [0.0, 0.0, 1.0]], [[1259.5137405846733, 0.0, 807.2529053838625], [0.0, 1259.5137405846733, 501.19579884916527], [0.0, 0.0, 1.0]]], "extrinsics": [[[0.8188287615776062, -0.573932409286499, -0.010999624617397785, -0.786376953125], [-0.01647975482046604, -0.004349066875874996, -0.9998547434806824, 1.5047016143798828], [0.5738011598587036, 0.8188910484313965, -0.013019406236708164, -1.158935546875], [0.0, 0.0, 0.0, 1.0]], [[0.003151940181851387, -0.9999552369117737, 0.008918099105358124, 0.008056640625], [-0.021615177392959595, -0.008984188549220562, -0.9997259974479675, 1.5166988372802734], [0.9997613430023193, 0.0029583140276372433, -0.021642524749040604, -1.5140571594238281], [0.0, 0.0, 0.0, 1.0]], [[-0.8340606689453125, -0.5516001582145691, 0.008947682566940784, 0.91717529296875], [-0.015767477452754974, 0.007622774690389633, -0.9998466372489929, 1.5014333724975586], [0.551447331905365, -0.8340737819671631, -0.015055199153721333, -1.170166015625], [0.0, 0.0, 0.0, 1.0]], [[0.9477862119674683, 0.3185995817184448, -0.013978598639369011, -1.13641357421875], [-0.006459561642259359, -0.02464465983211994, -0.9996753931045532, 1.5885276794433594], [-0.3188406825065613, 0.947568953037262, -0.021299857646226883, -0.1064453125], [0.0, 0.0, 0.0, 1.0]], [[0.003182235872372985, 0.9998959898948669, -0.01406185608357191, 0.001708984375], [-0.03211284428834915, -0.013952493667602539, -0.9993869066238403, 1.5776176452636719], [-0.9994791746139526, 0.0036318087950348854, 0.03206511214375496, -0.052734375], [0.0, 0.0, 0.0, 1.0]], [[-0.9343210458755493, 0.3564324676990509, 0.00044911252916790545, 1.0406494140625], [0.0002909565228037536, 0.002022706437855959, -0.9999979138374329, 1.5514771938323975], [-0.35643264651298523, -0.9343189001083374, -0.0019935641903430223, -0.0986328125], [0.0, 0.0, 0.0, 1.0]]], "view": [[0.0, -2.0, 100.0], [-2.0, 0.0, 100.0], [0.0, 0.0, 1.0]], "bev": "bev_d104dd9424014b38ae52e2c1f5c39139.png", "aux": "aux_d104dd9424014b38ae52e2c1f5c39139.npz", "visibility": "visibility_d104dd9424014b38ae52e2c1f5c39139.png", "pose": [[0.9162143468856812, 0.40068843960762024, 0.0, 722.5405883789062], [-0.40068843960762024, 0.9162143468856812, 0.0, 1566.9656982421875], [0.0, 0.0, 1.0, 0.0], [0.0, 0.0, 0.0, 1.0]], "pose_inverse": [[0.9162143468856812, -0.40068843960762024, 0.0, -34.13701248168945], [0.40068843960762024, 0.9162143468856812, 0.0, -1725.190185546875], [0.0, 0.0, 1.0, 0.0], [0.0, 0.0, 0.0, 1.0]], "cam_ids": [0, 1, 2, 3, 4, 5], "cam_channels": ["CAM_FRONT_LEFT", "CAM_FRONT", "CAM_FRONT_RIGHT", "CAM_BACK_LEFT", "CAM_BACK", "CAM_BACK_RIGHT"], "token": "d104dd9424014b38ae52e2c1f5c39139", "scene": "scene-0425"}, {"images": ["samples/CAM_FRONT_LEFT/n015-2018-10-08-15-52-24+0800__CAM_FRONT_LEFT__1538985254254844.jpg", "samples/CAM_FRONT/n015-2018-10-08-15-52-24+0800__CAM_FRONT__1538985254262460.jpg", "samples/CAM_FRONT_RIGHT/n015-2018-10-08-15-52-24+0800__CAM_FRONT_RIGHT__1538985254270339.jpg", "samples/CAM_BACK_LEFT/n015-2018-10-08-15-52-24+0800__CAM_BACK_LEFT__1538985254297423.jpg", "samples/CAM_BACK/n015-2018-10-08-15-52-24+0800__CAM_BACK__1538985254287525.jpg", "samples/CAM_BACK_RIGHT/n015-2018-10-08-15-52-24+0800__CAM_BACK_RIGHT__1538985254277893.jpg"], "intrinsics": [[[1272.5979470598488, 0.0, 826.6154927353808], [0.0, 1272.5979470598488, 479.75165386361925], [0.0, 0.0, 1.0]], [[1266.417203046554, 0.0, 816.2670197447984], [0.0, 1266.417203046554, 491.50706579294757], [0.0, 0.0, 1.0]], [[1260.8474446004698, 0.0, 807.968244525554], [0.0, 1260.8474446004698, 495.3344268742088], [0.0, 0.0, 1.0]], [[1256.7414812095406, 0.0, 792.1125740759628], [0.0, 1256.7414812095406, 492.7757465151356], [0.0, 0.0, 1.0]], [[809.2209905677063, 0.0, 829.2196003259838], [0.0, 809.2209905677063, 481.77842384512485], [0.0, 0.0, 1.0]], [[1259.5137405846733, 0.0, 807.2529053838625], [0.0, 1259.5137405846733, 501.19579884916527], [0.0, 0.0, 1.0]]], "extrinsics": [[[0.8195781111717224, -0.5729635953903198, 0.002092235954478383, -0.8038330078125], [-0.007857377640902996, -0.014890428632497787, -0.9998582601547241, 1.5067119598388672], [0.572913646697998, 0.8194454908370972, -0.016705859452486038, -1.1683349609375], [0.0, 0.0, 0.0, 1.0]], [[0.004025319591164589, -0.9998118877410889, 0.01897195354104042, 0.0062255859375], [-0.013162679970264435, -0.019023438915610313, -0.9997324347496033, 1.5184211730957031], [0.9999052882194519, 0.0037744995206594467, -0.013236777856945992, -1.5312347412109375], [0.0, 0.0, 0.0, 1.0]], [[-0.8336922526359558, -0.5521807670593262, 0.007328456733375788, 0.92816162109375], [-0.007523320149630308, -0.0019126026891171932, -0.9999698400497437, 1.5027008056640625], [0.5521780848503113, -0.8337222933769226, -0.0025597098283469677, -1.179443359375], [0.0, 0.0, 0.0, 1.0]], [[0.9477874636650085, 0.31876710057258606, -0.009302795864641666, -1.1396484375], [0.0011010898742824793, -0.032442159950733185, -0.999472975730896, 1.5885467529296875], [-0.31890085339546204, 0.9472777247428894, -0.031099265441298485, -0.1041259765625], [0.0, 0.0, 0.0, 1.0]], [[0.0029081031680107117, 0.9997444152832031, -0.022421861067414284, 0.0030517578125], [-0.024309499189257622, -0.02234465256333351, -0.9994547367095947, 1.578216552734375], [-0.9997002482414246, 0.0034516167361289263, 0.024238305166363716, -0.04505157470703125], [0.0, 0.0, 0.0, 1.0]], [[-0.9344933032989502, 0.35583189129829407, -0.010287521407008171, 1.0516357421875], [0.0083460733294487, -0.006990836933255196, -0.9999407529830933, 1.552206039428711], [-0.35588279366493225, -0.9345238208770752, 0.0035630897618830204, -0.0955810546875], [0.0, 0.0, 0.0, 1.0]]], "view": [[0.0, -2.0, 100.0], [-2.0, 0.0, 100.0], [0.0, 0.0, 1.0]], "bev": "bev_e234d076119c41b693d7140fa79ecd76.png", "aux": "aux_e234d076119c41b693d7140fa79ecd76.npz", "visibility": "visibility_e234d076119c41b693d7140fa79ecd76.png", "pose": [[0.9268129467964172, 0.37552332878112793, 0.0, 724.7096557617188], [-0.37552332878112793, 0.9268129467964172, 0.0, 1566.045654296875], [0.0, 0.0, 1.0, 0.0], [0.0, 0.0, 0.0, 1.0]], "pose_inverse": [[0.9268129467964172, -0.37552332878112793, 0.0, -83.5835952758789], [0.37552332878112793, 0.9268129467964172, 0.0, -1723.5767822265625], [0.0, 0.0, 1.0, 0.0], [0.0, 0.0, 0.0, 1.0]], "cam_ids": [0, 1, 2, 3, 4, 5], "cam_channels": ["CAM_FRONT_LEFT", "CAM_FRONT", "CAM_FRONT_RIGHT", "CAM_BACK_LEFT", "CAM_BACK", "CAM_BACK_RIGHT"], "token": "e234d076119c41b693d7140fa79ecd76", "scene": "scene-0425"}, {"images": ["samples/CAM_FRONT_LEFT/n015-2018-10-08-15-52-24+0800__CAM_FRONT_LEFT__1538985254754844.jpg", "samples/CAM_FRONT/n015-2018-10-08-15-52-24+0800__CAM_FRONT__1538985254762460.jpg", "samples/CAM_FRONT_RIGHT/n015-2018-10-08-15-52-24+0800__CAM_FRONT_RIGHT__1538985254770339.jpg", "samples/CAM_BACK_LEFT/n015-2018-10-08-15-52-24+0800__CAM_BACK_LEFT__1538985254797432.jpg", "samples/CAM_BACK/n015-2018-10-08-15-52-24+0800__CAM_BACK__1538985254787525.jpg", "samples/CAM_BACK_RIGHT/n015-2018-10-08-15-52-24+0800__CAM_BACK_RIGHT__1538985254777893.jpg"], "intrinsics": [[[1272.5979470598488, 0.0, 826.6154927353808], [0.0, 1272.5979470598488, 479.75165386361925], [0.0, 0.0, 1.0]], [[1266.417203046554, 0.0, 816.2670197447984], [0.0, 1266.417203046554, 491.50706579294757], [0.0, 0.0, 1.0]], [[1260.8474446004698, 0.0, 807.968244525554], [0.0, 1260.8474446004698, 495.3344268742088], [0.0, 0.0, 1.0]], [[1256.7414812095406, 0.0, 792.1125740759628], [0.0, 1256.7414812095406, 492.7757465151356], [0.0, 0.0, 1.0]], [[809.2209905677063, 0.0, 829.2196003259838], [0.0, 809.2209905677063, 481.77842384512485], [0.0, 0.0, 1.0]], [[1259.5137405846733, 0.0, 807.2529053838625], [0.0, 1259.5137405846733, 501.19579884916527], [0.0, 0.0, 1.0]]], "extrinsics": [[[0.8195171356201172, -0.5730435252189636, 0.0035736425779759884, -0.82269287109375], [-0.005015971139073372, -0.013409016653895378, -0.9998974800109863, 1.5073986053466797], [0.5730327367782593, 0.8194152116775513, -0.01386328972876072, -1.1824951171875], [0.0, 0.0, 0.0, 1.0]], [[0.003945917822420597, -0.9998385906219482, 0.01752615161240101, 0.006591796875], [-0.010157563723623753, -0.01756546087563038, -0.9997941255569458, 1.5191154479980469], [0.9999405741691589, 0.003767081769183278, -0.010225236415863037, -1.5509796142578125], [0.0, 0.0, 0.0, 1.0]], [[-0.8337092995643616, -0.5521898865699768, 0.003877084469422698, 0.94189453125], [-0.004336221609264612, -0.0004742928431369364, -0.9999904632568359, 1.5031697750091553], [0.5521864295005798, -0.8337181806564331, -0.001998994965106249, -1.1876220703125], [0.0, 0.0, 0.0, 1.0]], [[0.947740375995636, 0.31899839639663696, -0.005314009729772806, -1.14361572265625], [0.004948130343109369, -0.031350862234830856, -0.9994961619377136, 1.5885505676269531], [-0.31900426745414734, 0.9472365975379944, -0.031290922313928604, -0.1033935546875], [0.0, 0.0, 0.0, 1.0]], [[0.0028717692475765944, 0.9997714757919312, -0.02118546888232231, 0.002685546875], [-0.02071034535765648, -0.021121548488736153, -0.9995623826980591, 1.5785560607910156], [-0.9997814297676086, 0.003309303894639015, 0.020644955337047577, -0.0370025634765625], [0.0, 0.0, 0.0, 1.0]], [[-0.934463620185852, 0.35582295060157776, -0.012952168472111225, 1.062896728515625], [0.011714980006217957, -0.005631603766232729, -0.9999155402183533, 1.5523691177368164], [-0.3558658957481384, -0.9345364570617676, 0.0010940695647150278, -0.0908203125], [0.0, 0.0, 0.0, 1.0]]], "view": [[0.0, -2.0, 100.0], [-2.0, 0.0, 100.0], [0.0, 0.0, 1.0]], "bev": "bev_8e1c85c1feb2413ab90a2133afae7c1c.png", "aux": "aux_8e1c85c1feb2413ab90a2133afae7c1c.npz", "visibility": "visibility_8e1c85c1feb2413ab90a2133afae7c1c.png", "pose": [[0.9352189898490906, 0.3540698289871216, 0.0, 726.691162109375], [-0.3540698289871216, 0.9352189898490906, 0.0, 1565.248291015625], [0.0, 0.0, 1.0, 0.0], [0.0, 0.0, 0.0, 1.0]], "pose_inverse": [[0.9352189898490906, -0.3540698289871216, 0.0, -125.40818786621094], [0.3540698289871216, 0.9352189898490906, 0.0, -1721.1492919921875], [0.0, 0.0, 1.0, 0.0], [0.0, 0.0, 0.0, 1.0]], "cam_ids": [0, 1, 2, 3, 4, 5], "cam_channels": ["CAM_FRONT_LEFT", "CAM_FRONT", "CAM_FRONT_RIGHT", "CAM_BACK_LEFT", "CAM_BACK", "CAM_BACK_RIGHT"], "token": "8e1c85c1feb2413ab90a2133afae7c1c", "scene": "scene-0425"}, {"images": ["samples/CAM_FRONT_LEFT/n015-2018-10-08-15-52-24+0800__CAM_FRONT_LEFT__1538985255254844.jpg", "samples/CAM_FRONT/n015-2018-10-08-15-52-24+0800__CAM_FRONT__1538985255262460.jpg", "samples/CAM_FRONT_RIGHT/n015-2018-10-08-15-52-24+0800__CAM_FRONT_RIGHT__1538985255270339.jpg", "samples/CAM_BACK_LEFT/n015-2018-10-08-15-52-24+0800__CAM_BACK_LEFT__1538985255297423.jpg", "samples/CAM_BACK/n015-2018-10-08-15-52-24+0800__CAM_BACK__1538985255287525.jpg", "samples/CAM_BACK_RIGHT/n015-2018-10-08-15-52-24+0800__CAM_BACK_RIGHT__1538985255277893.jpg"], "intrinsics": [[[1272.5979470598488, 0.0, 826.6154927353808], [0.0, 1272.5979470598488, 479.75165386361925], [0.0, 0.0, 1.0]], [[1266.417203046554, 0.0, 816.2670197447984], [0.0, 1266.417203046554, 491.50706579294757], [0.0, 0.0, 1.0]], [[1260.8474446004698, 0.0, 807.968244525554], [0.0, 1260.8474446004698, 495.3344268742088], [0.0, 0.0, 1.0]], [[1256.7414812095406, 0.0, 792.1125740759628], [0.0, 1256.7414812095406, 492.7757465151356], [0.0, 0.0, 1.0]], [[809.2209905677063, 0.0, 829.2196003259838], [0.0, 809.2209905677063, 481.77842384512485], [0.0, 0.0, 1.0]], [[1259.5137405846733, 0.0, 807.2529053838625], [0.0, 1259.5137405846733, 501.19579884916527], [0.0, 0.0, 1.0]]], "extrinsics": [[[0.8195326924324036, -0.5729782581329346, 0.0078852204605937, -0.8367919921875], [-0.0004853741847909987, -0.014454608783125877, -0.9998953938484192, 1.5081844329833984], [0.5730323195457458, 0.8194431066513062, -0.012124131433665752, -1.1920166015625], [0.0, 0.0, 0.0, 1.0]], [[0.0039420402608811855, -0.999821126461029, 0.018497467041015625, 0.0064697265625], [-0.005684690084308386, -0.018519718199968338, -0.9998123645782471, 1.5198211669921875], [0.9999760389328003, 0.003836146555840969, -0.005756678991019726, -1.5641326904296875], [0.0, 0.0, 0.0, 1.0]], [[-0.8336744904518127, -0.5522540807723999, 0.0014982509892433882, 0.949462890625], [-0.0009047412895597517, -0.0013471860438585281, -0.9999986290931702, 1.503553867340088], [0.552255392074585, -0.8336747288703918, 0.000623467902187258, -1.1929931640625], [0.0, 0.0, 0.0, 1.0]], [[0.9477778077125549, 0.31892192363739014, -0.002459618728607893, -1.1422119140625], [0.00813316646963358, -0.031878404319286346, -0.9994586706161499, 1.5885543823242188], [-0.31882765889167786, 0.9472447633743286, -0.03280749171972275, -0.1036376953125], [0.0, 0.0, 0.0, 1.0]], [[0.0029217256233096123, 0.9997571706