[{"images": ["samples/CAM_FRONT_LEFT/n015-2018-08-01-17-13-57+0800__CAM_FRONT_LEFT__1533115180004844.jpg", "samples/CAM_FRONT/n015-2018-08-01-17-13-57+0800__CAM_FRONT__1533115180012460.jpg", "samples/CAM_FRONT_RIGHT/n015-2018-08-01-17-13-57+0800__CAM_FRONT_RIGHT__1533115180020339.jpg", "samples/CAM_BACK_LEFT/n015-2018-08-01-17-13-57+0800__CAM_BACK_LEFT__1533115180047423.jpg", "samples/CAM_BACK/n015-2018-08-01-17-13-57+0800__CAM_BACK__1533115180037525.jpg", "samples/CAM_BACK_RIGHT/n015-2018-08-01-17-13-57+0800__CAM_BACK_RIGHT__1533115180027901.jpg"], "intrinsics": [[[1272.5979470598488, 0.0, 826.6154927353808], [0.0, 1272.5979470598488, 479.75165386361925], [0.0, 0.0, 1.0]], [[1266.417203046554, 0.0, 816.2670197447984], [0.0, 1266.417203046554, 491.50706579294757], [0.0, 0.0, 1.0]], [[1260.8474446004698, 0.0, 807.968244525554], [0.0, 1260.8474446004698, 495.3344268742088], [0.0, 0.0, 1.0]], [[1256.7414812095406, 0.0, 792.1125740759628], [0.0, 1256.7414812095406, 492.7757465151356], [0.0, 0.0, 1.0]], [[809.2209905677063, 0.0, 829.2196003259838], [0.0, 809.2209905677063, 481.77842384512485], [0.0, 0.0, 1.0]], [[1259.5137405846733, 0.0, 807.2529053838625], [0.0, 1259.5137405846733, 501.19579884916527], [0.0, 0.0, 1.0]]], "extrinsics": [[[0.8207988142967224, -0.5709644556045532, 0.01699218340218067, -0.96484375], [-0.0017583267763257027, -0.03227265179157257, -0.9994775652885437, 1.5082511901855469], [0.5712145566940308, 0.8203401565551758, -0.027493298053741455, -1.280242919921875], [0.0, 0.0, 0.0, 1.0]], [[0.005767089780420065, -0.9993248581886292, 0.03628380969166756, 0.005157470703125], [-0.007069933693856001, -0.03632425516843796, -0.999315083026886, 1.5205371379852295], [0.999958336353302, 0.005506623536348343, -0.007274646311998367, -1.6922607421875], [0.0, 0.0, 0.0, 1.0]], [[-0.8328951597213745, -0.5533050894737244, 0.011794745922088623, 1.03228759765625], [-0.0014618050772696733, -0.01911250874400139, -0.9998162388801575, 1.503645420074463], [0.5534287691116333, -0.8327593803405762, 0.01510989386588335, -1.24859619140625], [0.0, 0.0, 0.0, 1.0]], [[0.9477357864379883, 0.3189311921596527, -0.00892697460949421, -1.14208984375], [0.007230250630527735, -0.04944073408842087, -0.9987508654594421, 1.5885562896728516], [-0.318974107503891, 0.9464874267578125, -0.04916270822286606, -0.10369873046875], [0.0, 0.0, 0.0, 1.0]], [[0.002327690366655588, 0.9992174506187439, -0.03948436304926872, 0.002777099609375], [-0.018197983503341675, -0.039435598999261856, -0.9990563988685608, 1.5793604850769043], [-0.9998316764831543, 0.003044024808332324, 0.018091948702931404, 0.0018310546875], [0.0, 0.0, 0.0, 1.0]], [[-0.934820830821991, 0.3544352054595947, -0.022035809233784676, 1.1361083984375], [0.014420577324926853, -0.02411288395524025, -0.9996052384376526, 1.5514488220214844], [-0.3548266291618347, -0.9347696304321289, 0.01743006706237793, -0.063629150390625], [0.0, 0.0, 0.0, 1.0]]], "view": [[0.0, -2.0, 100.0], [-2.0, 0.0, 100.0], [0.0, 0.0, 1.0]], "bev": "bev_e319b421809d48ea90b8b54ded10a082.png", "aux": "aux_e319b421809d48ea90b8b54ded10a082.npz", "visibility": "visibility_e319b421809d48ea90b8b54ded10a082.png", "pose": [[-0.06298323720693588, 0.9980145692825317, 0.0, 396.1210632324219], [-0.9980145692825317, -0.06298323720693588, 0.0, 1131.75634765625], [0.0, 0.0, 1.0, 0.0], [0.0, 0.0, 0.0, 1.0]], "pose_inverse": [[-0.06298323720693588, -0.9980145692825317, 0.0, 1154.4583740234375], [0.9980145692825317, -0.06298323720693588, 0.0, -324.05291748046875], [0.0, 0.0, 1.0, 0.0], [0.0, 0.0, 0.0, 1.0]], "cam_ids": [0, 1, 2, 3, 4, 5], "cam_channels": ["CAM_FRONT_LEFT", "CAM_FRONT", "CAM_FRONT_RIGHT", "CAM_BACK_LEFT", "CAM_BACK", "CAM_BACK_RIGHT"], "token": "e319b421809d48ea90b8b54ded10a082", "scene": "scene-0159"}, {"images": ["samples/CAM_FRONT_LEFT/n015-2018-08-01-17-13-57+0800__CAM_FRONT_LEFT__1533115180504844.jpg", "samples/CAM_FRONT/n015-2018-08-01-17-13-57+0800__CAM_FRONT__1533115180512460.jpg", "samples/CAM_FRONT_RIGHT/n015-2018-08-01-17-13-57+0800__CAM_FRONT_RIGHT__1533115180520339.jpg", "samples/CAM_BACK_LEFT/n015-2018-08-01-17-13-57+0800__CAM_BACK_LEFT__1533115180547423.jpg", "samples/CAM_BACK/n015-2018-08-01-17-13-57+0800__CAM_BACK__1533115180537525.jpg", "samples/CAM_BACK_RIGHT/n015-2018-08-01-17-13-57+0800__CAM_BACK_RIGHT__1533115180527893.jpg"], "intrinsics": [[[1272.5979470598488, 0.0, 826.6154927353808], [0.0, 1272.5979470598488, 479.75165386361925], [0.0, 0.0, 1.0]], [[1266.417203046554, 0.0, 816.2670197447984], [0.0, 1266.417203046554, 491.50706579294757], [0.0, 0.0, 1.0]], [[1260.8474446004698, 0.0, 807.968244525554], [0.0, 1260.8474446004698, 495.3344268742088], [0.0, 0.0, 1.0]], [[1256.7414812095406, 0.0, 792.1125740759628], [0.0, 1256.7414812095406, 492.7757465151356], [0.0, 0.0, 1.0]], [[809.2209905677063, 0.0, 829.2196003259838], [0.0, 809.2209905677063, 481.77842384512485], [0.0, 0.0, 1.0]], [[1259.5137405846733, 0.0, 807.2529053838625], [0.0, 1259.5137405846733, 501.19579884916527], [0.0, 0.0, 1.0]]], "extrinsics": [[[0.8208037614822388, -0.5709621906280518, 0.01683405041694641, -0.9649658203125], [-0.0019252982456237078, -0.032236043363809586, -0.9994783997535706, 1.5082521438598633], [0.5712070465087891, 0.8203432559967041, -0.027558742091059685, -1.28033447265625], [0.0, 0.0, 0.0, 1.0]], [[0.005773243959993124, -0.9993264079093933, 0.03624140843749046, 0.005096435546875], [-0.007215355988591909, -0.03628270700573921, -0.9993155598640442, 1.5205349922180176], [0.999957263469696, 0.005507791414856911, -0.007419964298605919, -1.6922607421875], [0.0, 0.0, 0.0, 1.0]], [[-0.8328940272331238, -0.5533050298690796, 0.011871496215462685, 1.0322265625], [-0.001584980171173811, -0.019065795466303825, -0.99981689453125, 1.503645896911621], [0.5534300804138184, -0.8327604532241821, 0.015002813190221786, -1.2486572265625], [0.0, 0.0, 0.0, 1.0]], [[0.9477346539497375, 0.31893086433410645, -0.009059535339474678, -1.14215087890625], [0.00707351416349411, -0.04939022287726402, -0.9987545013427734, 1.5885562896728516], [-0.3189810514450073, 0.9464902281761169, -0.049064792692661285, -0.103759765625], [0.0, 0.0, 0.0, 1.0]], [[0.0023223364260047674, 0.9992195963859558, -0.03943252190947533, 0.00274658203125], [-0.018344460055232048, -0.0393834225833416, -0.9990557432174683, 1.579359531402588], [-0.9998289346694946, 0.0030435111839324236, 0.018238680437207222, 0.001708984375], [0.0, 0.0, 0.0, 1.0]], [[-0.9348233938217163, 0.35443684458732605, -0.021903280168771744, 1.13623046875], [0.014297710731625557, -0.024063149467110634, -0.9996081590652466, 1.5514507293701172], [-0.3548250198364258, -0.9347702860832214, 0.01742715761065483, -0.0636444091796875], [0.0, 0.0, 0.0, 1.0]]], "view": [[0.0, -2.0, 100.0], [-2.0, 0.0, 100.0], [0.0, 0.0, 1.0]], "bev": "bev_89f07cea0343419ab55a64fbe445f9cb.png", "aux": "aux_89f07cea0343419ab55a64fbe445f9cb.npz", "visibility": "visibility_89f07cea0343419ab55a64fbe445f9cb.png", "pose": [[-0.06292951107025146, 0.9980179667472839, 0.0, 396.1198425292969], [-0.9980179667472839, -0.06292951107025146, 0.0, 1131.7564697265625], [0.0, 0.0, 1.0, 0.0], [0.0, 0.0, 0.0, 1.0]], "pose_inverse": [[-0.06292951107025146, -0.9980179667472839, 0.0, 1154.44091796875], [0.9980179667472839, -0.06292951107025146, 0.0, -324.11383056640625], [0.0, 0.0, 1.0, 0.0], [0.0, 0.0, 0.0, 1.0]], "cam_ids": [0, 1, 2, 3, 4, 5], "cam_channels": ["CAM_FRONT_LEFT", "CAM_FRONT", "CAM_FRONT_RIGHT", "CAM_BACK_LEFT", "CAM_BACK", "CAM_BACK_RIGHT"], "token": "89f07cea0343419ab55a64fbe445f9cb", "scene": "scene-0159"}, {"images": ["samples/CAM_FRONT_LEFT/n015-2018-08-01-17-13-57+0800__CAM_FRONT_LEFT__1533115181004844.jpg", "samples/CAM_FRONT/n015-2018-08-01-17-13-57+0800__CAM_FRONT__1533115181012460.jpg", "samples/CAM_FRONT_RIGHT/n015-2018-08-01-17-13-57+0800__CAM_FRONT_RIGHT__1533115181020339.jpg", "samples/CAM_BACK_LEFT/n015-2018-08-01-17-13-57+0800__CAM_BACK_LEFT__1533115181047423.jpg", "samples/CAM_BACK/n015-2018-08-01-17-13-57+0800__CAM_BACK__1533115181037525.jpg", "samples/CAM_BACK_RIGHT/n015-2018-08-01-17-13-57+0800__CAM_BACK_RIGHT__1533115181027893.jpg"], "intrinsics": [[[1272.5979470598488, 0.0, 826.6154927353808], [0.0, 1272.5979470598488, 479.75165386361925], [0.0, 0.0, 1.0]], [[1266.417203046554, 0.0, 816.2670197447984], [0.0, 1266.417203046554, 491.50706579294757], [0.0, 0.0, 1.0]], [[1260.8474446004698, 0.0, 807.968244525554], [0.0, 1260.8474446004698, 495.3344268742088], [0.0, 0.0, 1.0]], [[1256.7414812095406, 0.0, 792.1125740759628], [0.0, 1256.7414812095406, 492.7757465151356], [0.0, 0.0, 1.0]], [[809.2209905677063, 0.0, 829.2196003259838], [0.0, 809.2209905677063, 481.77842384512485], [0.0, 0.0, 1.0]], [[1259.5137405846733, 0.0, 807.2529053838625], [0.0, 1259.5137405846733, 501.19579884916527], [0.0, 0.0, 1.0]]], "extrinsics": [[[0.8208134174346924, -0.570951521396637, 0.016720769926905632, -0.9649658203125], [-0.001970653422176838, -0.03210369870066643, -0.9994826316833496, 1.5082502365112305], [0.5711929202079773, 0.8203558325767517, -0.027476295828819275, -1.280303955078125], [0.0, 0.0, 0.0, 1.0]], [[0.005789841525256634, -0.9993308782577515, 0.03611312806606293, 0.005126953125], [-0.007263260427862406, -0.03615480661392212, -0.999319851398468, 1.5205354690551758], [0.9999567866325378, 0.005523608066141605, -0.007467731833457947, -1.6922607421875], [0.0, 0.0, 0.0, 1.0]], [[-0.8328863978385925, -0.553317129611969, 0.011845726519823074, 1.03228759765625], [-0.0016358887078240514, -0.01894225738942623, -0.9998192191123962, 1.5036444664001465], [0.5534414649009705, -0.8327552676200867, 0.014871583320200443, -1.24871826171875], [0.0, 0.0, 0.0, 1.0]], [[0.947733461856842, 0.3189348876476288, -0.009045506827533245, -1.1422119140625], [0.00705281738191843, -0.04928429424762726, -0.9987598657608032, 1.5885581970214844], [-0.31898513436317444, 0.9464943408966064, -0.048957765102386475, -0.10369873046875], [0.0, 0.0, 0.0, 1.0]], [[0.002316767117008567, 0.9992239475250244, -0.039321549236774445, 0.002838134765625], [-0.01836952567100525, -0.039272490888834, -0.9990596771240234, 1.579359531402588], [-0.999828577041626, 0.0030369062442332506, 0.0182642824947834, 0.0018310546875], [0.0, 0.0, 0.0, 1.0]], [[-0.9348276257514954, 0.3544308841228485, -0.021819015964865685, 1.1363525390625], [0.014251620508730412, -0.02394750900566578, -0.9996116757392883, 1.5514507293701172], [-0.3548157513141632, -0.9347754716873169, 0.017335576936602592, -0.0636138916015625], [0.0, 0.0, 0.0, 1.0]]], "view": [[0.0, -2.0, 100.0], [-2.0, 0.0, 100.0], [0.0, 0.0, 1.0]], "bev": "bev_09e7e0c6e8874009b75ab200f19b50f8.png", "aux": "aux_09e7e0c6e8874009b75ab200f19b50f8.npz", "visibility": "visibility_09e7e0c6e8874009b75ab200f19b50f8.png", "pose": [[-0.06294997781515121, 0.9980166554450989, 0.0, 396.1188049316406], [-0.9980166554450989, -0.06294997781515121, 0.0, 1131.756591796875], [0.0, 0.0, 1.0, 0.0], [0.0, 0.0, 0.0, 1.0]], "pose_inverse": [[-0.06294997781515121, -0.9980166554450989, 0.0, 1154.4476318359375], [0.9980166554450989, -0.06294997781515121, 0.0, -324.089111328125], [0.0, 0.0, 1.0, 0.0], [0.0, 0.0, 0.0, 1.0]], "cam_ids": [0, 1, 2, 3, 4, 5], "cam_channels": ["CAM_FRONT_LEFT", "CAM_FRONT", "CAM_FRONT_RIGHT", "CAM_BACK_LEFT", "CAM_BACK", "CAM_BACK_RIGHT"], "token": "09e7e0c6e8874009b75ab200f19b50f8", "scene": "scene-0159"}, {"images": ["samples/CAM_FRONT_LEFT/n015-2018-08-01-17-13-57+0800__CAM_FRONT_LEFT__1533115181504844.jpg", "samples/CAM_FRONT/n015-2018-08-01-17-13-57+0800__CAM_FRONT__1533115181512460.jpg", "samples/CAM_FRONT_RIGHT/n015-2018-08-01-17-13-57+0800__CAM_FRONT_RIGHT__1533115181520339.jpg", "samples/CAM_BACK_LEFT/n015-2018-08-01-17-13-57+0800__CAM_BACK_LEFT__1533115181547423.jpg", "samples/CAM_BACK/n015-2018-08-01-17-13-57+0800__CAM_BACK__1533115181537525.jpg", "samples/CAM_BACK_RIGHT/n015-2018-08-01-17-13-57+0800__CAM_BACK_RIGHT__1533115181527893.jpg"], "intrinsics": [[[1272.5979470598488, 0.0, 826.6154927353808], [0.0, 1272.5979470598488, 479.75165386361925], [0.0, 0.0, 1.0]], [[1266.417203046554, 0.0, 816.2670197447984], [0.0, 1266.417203046554, 491.50706579294757], [0.0, 0.0, 1.0]], [[1260.8474446004698, 0.0, 807.968244525554], [0.0, 1260.8474446004698, 495.3344268742088], [0.0, 0.0, 1.0]], [[1256.7414812095406, 0.0, 792.1125740759628], [0.0, 1256.7414812095406, 492.7757465151356], [0.0, 0.0, 1.0]], [[809.2209905677063, 0.0, 829.2196003259838], [0.0, 809.2209905677063, 481.77842384512485], [0.0, 0.0, 1.0]], [[1259.5137405846733, 0.0, 807.2529053838625], [0.0, 1259.5137405846733, 501.19579884916527], [0.0, 0.0, 1.0]]], "extrinsics": [[[0.8208203911781311, -0.5709406137466431, 0.01675373688340187, -0.9649658203125], [-0.0018665413372218609, -0.032012466341257095, -0.9994857311248779, 1.5082502365112305], [0.5711833238601685, 0.8203670382499695, -0.0273421723395586, -1.28033447265625], [0.0, 0.0, 0.0, 1.0]], [[0.005799878388643265, -0.9993342757225037, 0.036017756909132004, 0.005096435546875], [-0.007165290880948305, -0.036058973520994186, -0.9993240237236023, 1.5205352306365967], [0.9999575018882751, 0.005537889432162046, -0.007369658909738064, -1.6922607421875], [0.0, 0.0, 0.0, 1.0]], [[-0.8328812718391418, -0.5533275604248047, 0.011713963001966476, 1.03228759765625], [-0.001544490922242403, -0.018841443583369255, -0.9998212456703186, 1.5036439895629883], [0.5534494519233704, -0.8327505588531494, 0.014838078059256077, -1.2486572265625], [0.0, 0.0, 0.0, 1.0]], [[0.9477342963218689, 0.3189351260662079, -0.008944716304540634, -1.14215087890625], [0.007121834438294172, -0.04917386546730995, -0.9987648129463196, 1.5885562896728516], [-0.31898102164268494, 0.9465001225471497, -0.04887516796588898, -0.1036376953125], [0.0, 0.0, 0.0, 1.0]], [[0.002315503777936101, 0.9992281198501587, -0.03921521455049515, 0.0028076171875], [-0.01830391399562359, -0.0391663983464241, -0.9990650415420532, 1.5793557167053223], [-0.9998297691345215, 0.003031130414456129, 0.018199095502495766, 0.001708984375], [0.0, 0.0, 0.0, 1.0]], [[-0.9348285794258118, 0.3544258177280426, -0.021858016029000282, 1.13623046875], [0.014335782267153263, -0.023835908621549606, -0.9996131062507629, 1.5514507293701172], [-0.3548097312450409, -0.9347802400588989, 0.017201518639922142, -0.0635986328125], [0.0, 0.0, 0.0, 1.0]]], "view": [[0.0, -2.0, 100.0], [-2.0, 0.0, 100.0], [0.0, 0.0, 1.0]], "bev": "bev_36c485a034804102bd54ad8dcb39ec90.png", "aux": "aux_36c485a034804102bd54ad8dcb39ec90.npz", "visibility": "visibility_36c485a034804102bd54ad8dcb39ec90.png", "pose": [[-0.06295114010572433, 0.9980165958404541, 0.0, 396.117919921875], [-0.9980165958404541, -0.06295114010572433, 0.0, 1131.756591796875], [0.0, 0.0, 1.0, 0.0], [0.0, 0.0, 0.0, 1.0]], "pose_inverse": [[-0.06295114010572433, -0.9980165958404541, 0.0, 1154.447998046875], [0.9980165958404541, -0.06295114010572433, 0.0, -324.0868835449219], [0.0, 0.0, 1.0, 0.0], [0.0, 0.0, 0.0, 1.0]], "cam_ids": [0, 1, 2, 3, 4, 5], "cam_channels": ["CAM_FRONT_LEFT", "CAM_FRONT", "CAM_FRONT_RIGHT", "CAM_BACK_LEFT", "CAM_BACK", "CAM_BACK_RIGHT"], "token": "36c485a034804102bd54ad8dcb39ec90", "scene": "scene-0159"}, {"images": ["samples/CAM_FRONT_LEFT/n015-2018-08-01-17-13-57+0800__CAM_FRONT_LEFT__1533115182004844.jpg", "samples/CAM_FRONT/n015-2018-08-01-17-13-57+0800__CAM_FRONT__1533115182012460.jpg", "samples/CAM_FRONT_RIGHT/n015-2018-08-01-17-13-57+0800__CAM_FRONT_RIGHT__1533115182020347.jpg", "samples/CAM_BACK_LEFT/n015-2018-08-01-17-13-57+0800__CAM_BACK_LEFT__1533115182047423.jpg", "samples/CAM_BACK/n015-2018-08-01-17-13-57+0800__CAM_BACK__1533115182037525.jpg", "samples/CAM_BACK_RIGHT/n015-2018-08-01-17-13-57+0800__CAM_BACK_RIGHT__1533115182027893.jpg"], "intrinsics": [[[1272.5979470598488, 0.0, 826.6154927353808], [0.0, 1272.5979470598488, 479.75165386361925], [0.0, 0.0, 1.0]], [[1266.417203046554, 0.0, 816.2670197447984], [0.0, 1266.417203046554, 491.50706579294757], [0.0, 0.0, 1.0]], [[1260.8474446004698, 0.0, 807.968244525554], [0.0, 1260.8474446004698, 495.3344268742088], [0.0, 0.0, 1.0]], [[1256.7414812095406, 0.0, 792.1125740759628], [0.0, 1256.7414812095406, 492.7757465151356], [0.0, 0.0, 1.0]], [[809.2209905677063, 0.0, 829.2196003259838], [0.0, 809.2209905677063, 481.77842384512485], [0.0, 0.0, 1.0]], [[1259.5137405846733, 0.0, 807.2529053838625], [0.0, 1259.5137405846733, 501.19579884916527], [0.0, 0.0, 1.0]]], "extrinsics": [[[0.8208072781562805, -0.5709565281867981, 0.016852693632245064, -0.9649658203125], [-0.0018239038763567805, -0.03212335705757141, -0.9994822144508362, 1.508249282836914], [0.571202278137207, 0.8203515410423279, -0.027408454567193985, -1.28021240234375], [0.0, 0.0, 0.0, 1.0]], [[0.00578049523755908, -0.9993298649787903, 0.036143891513347626, 0.00506591796875], [-0.007118406239897013, -0.036184705793857574, -0.9993197917938232, 1.5205342769622803], [0.9999578595161438, 0.0055192699655890465, -0.0073228017427027225, -1.6922607421875], [0.0, 0.0, 0.0, 1.0]], [[-0.8328893780708313, -0.5533148050308228, 0.011748990043997765, 1.0323486328125], [-0.0014928537420928478, -0.018982823938131332, -0.9998186826705933, 1.5036444664001465], [0.5534374713897705, -0.8327558636665344, 0.014984576031565666, -1.2486572265625], [0.0, 0.0, 0.0, 1.0]], [[0.9477337598800659, 0.3189367651939392, -0.00894409790635109, -1.1422119140625], [0.0071793063543736935, -0.04934220388531685, -0.9987561106681824, 1.5885562896728516], [-0.318981409072876, 0.9464906454086304, -0.04905301705002785, -0.1036376953125], [0.0, 0.0, 0.0, 1.0]], [[0.0023225699551403522, 0.9992219805717468, -0.03937121108174324, 0.0028076171875], [-0.01824188604950905, -0.03932242840528488, -0.9990600347518921, 1.5793585777282715], [-0.9998309016227722, 0.0030385840218514204, 0.018136363476514816, 0.001953125], [0.0, 0.0, 0.0, 1.0]], [[-0.9348239898681641, 0.35443150997161865, -0.021962322294712067, 1.1361083984375], [0.014391269534826279, -0.023983266204595566, -0.9996087551116943, 1.5514469146728516], [-0.3548196256160736, -0.9347743391990662, 0.017319414764642715, -0.0635986328125], [0.0, 0.0, 0.0, 1.0]]], "view": [[0.0, -2.0, 100.0], [-2.0, 0.0, 100.0], [0.0, 0.0, 1.0]], "bev": "bev_f9c2a1179d744a8eba8456ed87239237.png", "aux": "aux_f9c2a1179d744a8eba8456ed87239237.npz", "visibility": "visibility_f9c2a1179d744a8eba8456ed87239237.png", "pose": [[-0.06297295540571213, 0.9980152249336243, 0.0, 396.1171569824219], [-0.9980152249336243, -0.06297295540571213, 0.0, 1131.7567138671875], [0.0, 0.0, 1.0, 0.0], [0.0, 0.0, 0.0, 1.0]], "pose_inverse": [[-0.06297295540571213, -0.9980152249336243, 0.0, 1154.455078125], [0.9980152249336243, -0.06297295540571213, 0.0, -324.0608825683594], [0.0, 0.0, 1.0, 0.0], [0.0, 0.0, 0.0, 1.0]], "cam_ids": [0, 1, 2, 3, 4, 5], "cam_channels": ["CAM_FRONT_LEFT", "CAM_FRONT", "CAM_FRONT_RIGHT", "CAM_BACK_LEFT", "CAM_BACK", "CAM_BACK_RIGHT"], "token": "f9c2a1179d744a8eba8456ed87239237", "scene": "scene-0159"}, {"images": ["samples/CAM_FRONT_LEFT/n015-2018-08-01-17-13-57+0800__CAM_FRONT_LEFT__1533115182504844.jpg", "samples/CAM_FRONT/n015-2018-08-01-17-13-57+0800__CAM_FRONT__1533115182512460.jpg", "samples/CAM_FRONT_RIGHT/n015-2018-08-01-17-13-57+0800__CAM_FRONT_RIGHT__1533115182520339.jpg", "samples/CAM_BACK_LEFT/n015-2018-08-01-17-13-57+0800__CAM_BACK_LEFT__1533115182547423.jpg", "samples/CAM_BACK/n015-2018-08-01-17-13-57+0800__CAM_BACK__1533115182537525.jpg", "samples/CAM_BACK_RIGHT/n015-2018-08-01-17-13-57+0800__CAM_BACK_RIGHT__1533115182527893.jpg"], "intrinsics": [[[1272.5979470598488, 0.0, 826.6154927353808], [0.0, 1272.5979470598488, 479.75165386361925], [0.0, 0.0, 1.0]], [[1266.417203046554, 0.0, 816.2670197447984], [0.0, 1266.417203046554, 491.50706579294757], [0.0, 0.0, 1.0]], [[1260.8474446004698, 0.0, 807.968244525554], [0.0, 1260.8474446004698, 495.3344268742088], [0.0, 0.0, 1.0]], [[1256.7414812095406, 0.0, 792.1125740759628], [0.0, 1256.7414812095406, 492.7757465151356], [0.0, 0.0, 1.0]], [[809.2209905677063, 0.0, 829.2196003259838], [0.0, 809.2209905677063, 481.77842384512485], [0.0, 0.0, 1.0]], [[1259.5137405846733, 0.0, 807.2529053838625], [0.0, 1259.5137405846733, 501.19579884916527], [0.0, 0.0, 1.0]]], "extrinsics": [[[0.820800244808197, -0.5709691643714905, 0.016763810068368912, -0.96484375], [-0.0019635874778032303, -0.032167788594961166, -0.9994805455207825, 1.5082511901855469], [0.5712118148803711, 0.8203410506248474, -0.02752447873353958, -1.280242919921875], [0.0, 0.0, 0.0, 1.0]], [[0.005768346134573221, -0.9993283152580261, 0.03618668019771576, 0.005096435546875], [-0.007252458017319441, -0.03622813895344734, -0.9993172287940979, 1.5205368995666504], [0.9999570250511169, 0.005501972045749426, -0.007456562947481871, -1.6923828125], [0.0, 0.0, 0.0, 1.0]], [[-0.8328964114189148, -0.5533013343811035, 0.011878886260092258, 1.0322265625], [-0.0016207511071115732, -0.019025439396500587, -0.9998176097869873, 1.5036449432373047], [0.5534264445304871, -0.8327637910842896, 0.014949459582567215, -1.24859619140625], [0.0, 0.0, 0.0, 1.0]], [[0.9477354884147644, 0.3189280331134796, -0.00907509122043848, -1.1422119140625], [0.007047755178064108, -0.049362897872924805, -0.9987559914588928, 1.5885581970214844], [-0.3189792335033417, 0.9464925527572632, -0.049030695110559464, -0.10369873046875], [0.0, 0.0, 0.0, 1.0]], [[0.002323302673175931, 0.9992207884788513, -0.03940166160464287, 0.002838134765625], [-0.01837172545492649, -0.03935246914625168, -0.9990565180778503, 1.579357624053955], [-0.999828577041626, 0.003044979413971305, 0.0182659812271595, 0.001953125], [0.0, 0.0, 0.0, 1.0]], [[-0.9348228573799133, 0.3544411361217499, -0.021856511011719704, 1.13623046875], [0.014261414296925068, -0.024026794359087944, -0.9996095895767212, 1.5514488220214844], [-0.3548278510570526, -0.9347696304321289, 0.017405962571501732, -0.0636138916015625], [0.0, 0.0, 0.0, 1.0]]], "view": [[0.0, -2.0, 100.0], [-2.0, 0.0, 100.0], [0.0, 0.0, 1.0]], "bev": "bev_7de4450fc0de4a918c62f31d9c4d8d0b.png", "aux": "aux_7de4450fc0de4a918c62f31d9c4d8d0b.npz", "visibility": "visibility_7de4450fc0de4a918c62f31d9c4d8d0b.png", "pose": [[-0.06296257674694061, 0.9980158805847168, 0.0, 396.1164855957031], [-0.9980158805847168, -0.06296257674694061, 0.0, 1131.7567138671875], [0.0, 0.0, 1.0, 0.0], [0.0, 0.0, 0.0, 1.0]], "pose_inverse": [[-0.06296257674694061, -0.9980158805847168, 0.0, 1154.45166015625], [0.9980158805847168, -0.06296257674694061, 0.0, -324.0722351074219], [0.0, 0.0, 1.0, 0.0], [0.0, 0.0, 0.0, 1.0]], "cam_ids": [0, 1, 2, 3, 4, 5], "cam_channels": ["CAM_FRONT_LEFT", "CAM_FRONT", "CAM_FRONT_RIGHT", "CAM_BACK_LEFT", "CAM_BACK", "CAM_BACK_RIGHT"], "token": "7de4450fc0de4a918c62f31d9c4d8d0b", "scene": "scene-0159"}, {"images": ["samples/CAM_FRONT_LEFT/n015-2018-08-01-17-13-57+0800__CAM_FRONT_LEFT__1533115183004844.jpg", "samples/CAM_FRONT/n015-2018-08-01-17-13-57+0800__CAM_FRONT__1533115183012460.jpg", "samples/CAM_FRONT_RIGHT/n015-2018-08-01-17-13-57+0800__CAM_FRONT_RIGHT__1533115183020339.jpg", "samples/CAM_BACK_LEFT/n015-2018-08-01-17-13-57+0800__CAM_BACK_LEFT__1533115183047423.jpg", "samples/CAM_BACK/n015-2018-08-01-17-13-57+0800__CAM_BACK__1533115183037525.jpg", "samples/CAM_BACK_RIGHT/n015-2018-08-01-17-13-57+0800__CAM_BACK_RIGHT__1533115183027893.jpg"], "intrinsics": [[[1272.5979470598488, 0.0, 826.6154927353808], [0.0, 1272.5979470598488, 479.75165386361925], [0.0, 0.0, 1.0]], [[1266.417203046554, 0.0, 816.2670197447984], [0.0, 1266.417203046554, 491.50706579294757], [0.0, 0.0, 1.0]], [[1260.8474446004698, 0.0, 807.968244525554], [0.0, 1260.8474446004698, 495.3344268742088], [0.0, 0.0, 1.0]], [[1256.7414812095406, 0.0, 792.1125740759628], [0.0, 1256.7414812095406, 492.7757465151356], [0.0, 0.0, 1.0]], [[809.2209905677063, 0.0, 829.2196003259838], [0.0, 809.2209905677063, 481.77842384512485], [0.0, 0.0, 1.0]], [[1259.5137405846733, 0.0, 807.2529053838625], [0.0, 1259.5137405846733, 501.19579884916527], [0.0, 0.0, 1.0]]], "extrinsics": [[[0.8207980990409851, -0.5709751844406128, 0.016672642901539803, -0.9649658203125], [-0.002057019155472517, -0.03214218467473984, -0.999481201171875, 1.508249282836914], [0.5712147951126099, 0.8203378915786743, -0.027556749060750008, -1.280181884765625], [0.0, 0.0, 0.0, 1.0]], [[0.00576633820310235, -0.9993299245834351, 0.03614289313554764, 0.005096435546875], [-0.007345599588006735, -0.036184847354888916, -0.9993181228637695, 1.5205354690551758], [0.9999563694000244, 0.005496914964169264, -0.0075493319891393185, -1.6922607421875], [0.0, 0.0, 0.0, 1.0]], [[-0.8328976035118103, -0.5532986521720886, 0.011922073550522327, 1.03228759765625], [-0.001713563920930028, -0.018963875249028206, -0.9998186230659485, 1.503645420074463], [0.5534244775772095, -0.8327670693397522, 0.014846855774521828, -1.24871826171875], [0.0, 0.0, 0.0, 1.0]], [[0.9477357268333435, 0.3189255893230438, -0.00913428794592619, -1.1422119140625], [0.006961948238313198, -0.04929377883672714, -0.9987600445747375, 1.5885581970214844], [-0.3189803659915924, 0.9464969635009766, -0.04893782362341881, -0.103759765625], [0.0, 0.0, 0.0, 1.0]], [[0.0023216684348881245, 0.9992236495018005, -0.03932972624897957, 0.0028076171875], [-0.018466170877218246, -0.03928028792142868, -0.9990575909614563, 1.5793557167053223], [-0.9998267889022827, 0.003045756835490465, 0.01836063712835312, 0.0018310546875], [0.0, 0.0, 0.0, 1.0]], [[-0.934823751449585, 0.35444536805152893, -0.021751942113041878, 1.1363525390625], [0.01417400874197483, -0.02396225929260254, -0.9996123909950256, 1.5514507293701172], [-0.35482919216156006, -0.9347696900367737, 0.017376575618982315, -0.06369781494140625], [0.0, 0.0, 0.0, 1.0]]], "view": [[0.0, -2.0, 100.0], [-2.0, 0.0, 100.0], [0.0, 0.0, 1.0]], "bev": "bev_39bc40f3bf044d8681b25daf31260fe1.png", "aux": "aux_39bc40f3bf044d8681b25daf31260fe1.npz", "visibility": "visibility_39bc40f3bf044d8681b25daf31260fe1.png", "pose": [[-0.06293042004108429, 0.9980179071426392, 0.0, 396.1159362792969], [-0.9980179071426392, -0.06293042004108429, 0.0, 1131.7567138671875], [0.0, 0.0, 1.0, 0.0], [0.0, 0.0, 0.0, 1.0]], "pose_inverse": [[-0.06293042004108429, -0.9980179071426392, 0.0, 1154.441162109375], [0.9980179071426392, -0.06293042004108429, 0.0, -324.10888671875], [0.0, 0.0, 1.0, 0.0], [0.0, 0.0, 0.0, 1.0]], "cam_ids": [0, 1, 2, 3, 4, 5], "cam_channels": ["CAM_FRONT_LEFT", "CAM_FRONT", "CAM_FRONT_RIGHT", "CAM_BACK_LEFT", "CAM_BACK", "CAM_BACK_RIGHT"], "token": "39bc40f3bf044d8681b25daf31260fe1", "scene": "scene-0159"}, {"images": ["samples/CAM_FRONT_LEFT/n015-2018-08-01-17-13-57+0800__CAM_FRONT_LEFT__1533115183404844.jpg", "samples/CAM_FRONT/n015-2018-08-01-17-13-57+0800__CAM_FRONT__1533115183412460.jpg", "samples/CAM_FRONT_RIGHT/n015-2018-08-01-17-13-57+0800__CAM_FRONT_RIGHT__1533115183420339.jpg", "samples/CAM_BACK_LEFT/n015-2018-08-01-17-13-57+0800__CAM_BACK_LEFT__1533115183447423.jpg", "samples/CAM_BACK/n015-2018-08-01-17-13-57+0800__CAM_BACK__1533115183437525.jpg", "samples/CAM_BACK_RIGHT/n015-2018-08-01-17-13-57+0800__CAM_BACK_RIGHT__1533115183427893.jpg"], "intrinsics": [[[1272.5979470598488, 0.0, 826.6154927353808], [0.0, 1272.5979470598488, 479.75165386361925], [0.0, 0.0, 1.0]], [[1266.417203046554, 0.0, 816.2670197447984], [0.0, 1266.417203046554, 491.50706579294757], [0.0, 0.0, 1.0]], [[1260.8474446004698, 0.0, 807.968244525554], [0.0, 1260.8474446004698, 495.3344268742088], [0.0, 0.0, 1.0]], [[1256.7414812095406, 0.0, 792.1125740759628], [0.0, 1256.7414812095406, 492.7757465151356], [0.0, 0.0, 1.0]], [[809.2209905677063, 0.0, 829.2196003259838], [0.0, 809.2209905677063, 481.77842384512485], [0.0, 0.0, 1.0]], [[1259.5137405846733, 0.0, 807.2529053838625], [0.0, 1259.5137405846733, 501.19579884916527], [0.0, 0.0, 1.0]]], "extrinsics": [[[0.8208015561103821, -0.5709711909294128, 0.016635272651910782, -0.965087890625], [-0.0020580580458045006, -0.032078567892313004, -0.9994832277297974, 1.508249282836914], [0.5712097883224487, 0.8203431367874146, -0.02750522457063198, -1.2802734375], [0.0, 0.0, 0.0, 1.0]], [[0.005773342680186033, -0.9993319511413574, 0.036088015884160995, 0.00506591796875], [-0.007338650990277529, -0.036129988729953766, -0.9993201494216919, 1.520533561706543], [0.9999564290046692, 0.005504579283297062, -0.0075423396192491055, -1.692138671875], [0.0, 0.0, 0.0, 1.0]], [[-0.8328939080238342, -0.5533050298690796, 0.011884252540767193, 1.0322265625], [-0.0016985427355393767, -0.018917961046099663, -0.9998195767402649, 1.5036439895629883], [0.5534300804138184, -0.8327637910842896, 0.01481684297323227, -1.24871826171875], [0.0, 0.0, 0.0, 1.0]], [[0.9477311968803406, 0.3189404308795929, -0.00908762775361538, -1.14227294921875], [0.006997990887612104, -0.04925242438912392, -0.9987618327140808, 1.5885562896728516], [-0.31899312138557434, 0.9464942216873169, -0.048910003155469894, -0.1036376953125], [0.0, 0.0, 0.0, 1.0]], [[0.0023198502603918314, 0.9992252588272095, -0.03928927704691887, 0.00286865234375], [-0.018432561308145523, -0.039239976555109024, -0.999059796333313, 1.579359531402588], [-0.9998274445533752, 0.0030418792739510536, 0.018327247351408005, 0.0018310546875], [0.0, 0.0, 0.0, 1.0]], [[-0.9348250031471252, 0.3544415235519409, -0.021757178008556366, 1.13623046875], [0.01419492345303297, -0.023922113701701164, -0.9996130466461182, 1.5514488220214844], [-0.35482484102249146, -0.9347721934318542, 0.017331719398498535, -0.06371307373046875], [0.0, 0.0, 0.0, 1.0]]], "view": [[0.0, -2.0, 100.0], [-2.0, 0.0, 100.0], [0.0, 0.0, 1.0]], "bev": "bev_a2b996f7ba4a4aba927fb333b2a32cec.png", "aux": "aux_a2b996f7ba4a4aba927fb333b2a32cec.npz", "visibility": "visibility_a2b996f7ba4a4aba927fb333b2a32cec.png", "pose": [[-0.06291662156581879, 0.9980188012123108, 0.0, 396.11553955078125], [-0.9980188012123108, -0.06291662156581879, 0.0, 1131.7568359375], [0.0, 0.0, 1.0, 0.0], [0.0, 0.0, 0.0, 1.0]], "pose_inverse": [[-0.06291662156581879, -0.9980188012123108, 0.0, 1154.4368896484375], [0.9980188012123108, -0.06291662156581879, 0.0, -324.1244201660156], [0.0, 0.0, 1.0, 0.0], [0.0, 0.0, 0.0, 1.0]], "cam_ids": [0, 1, 2, 3, 4, 5], "cam_channels": ["CAM_FRONT_LEFT", "CAM_FRONT", "CAM_FRONT_RIGHT", "CAM_BACK_LEFT", "CAM_BACK", "CAM_BACK_RIGHT"], "token": "a2b996f7ba4a4aba927fb333b2a32cec", "scene": "scene-0159"}, {"images": ["samples/CAM_FRONT_LEFT/n015-2018-08-01-17-13-57+0800__CAM_FRONT_LEFT__1533115183904844.jpg", "samples/CAM_FRONT/n015-2018-08-01-17-13-57+0800__CAM_FRONT__1533115183912460.jpg", "samples/CAM_FRONT_RIGHT/n015-2018-08-01-17-13-57+0800__CAM_FRONT_RIGHT__1533115183920339.jpg", "samples/CAM_BACK_LEFT/n015-2018-08-01-17-13-57+0800__CAM_BACK_LEFT__1533115183947423.jpg", "samples/CAM_BACK/n015-2018-08-01-17-13-57+0800__CAM_BACK__1533115183937716.jpg", "samples/CAM_BACK_RIGHT/n015-2018-08-01-17-13-57+0800__CAM_BACK_RIGHT__1533115183927893.jpg"], "intrinsics": [[[1272.5979470598488, 0.0, 826.6154927353808], [0.0, 1272.5979470598488, 479.75165386361925], [0.0, 0.0, 1.0]], [[1266.417203046554, 0.0, 816.2670197447984], [0.0, 1266.417203046554, 491.50706579294757], [0.0, 0.0, 1.0]], [[1260.8474446004698, 0.0, 807.968244525554], [0.0, 1260.8474446004698, 495.3344268742088], [0.0, 0.0, 1.0]], [[1256.7414812095406, 0.0, 792.1125740759628], [0.0, 1256.7414812095406, 492.7757465151356], [0.0, 0.0, 1.0]], [[809.2209905677063, 0.0, 829.2196003259838], [0.0, 809.2209905677063, 481.77842384512485], [0.0, 0.0, 1.0]], [[1259.5137405846733, 0.0, 807.2529053838625], [0.0, 1259.5137405846733, 501.19579884916527], [0.0, 0.0, 1.0]]], "extrinsics": [[[0.8207535147666931, -0.5710257291793823, 0.01712377555668354, -0.9652099609375], [-0.0014047856675460935, -0.03199150785803795, -0.9994871616363525, 1.508249282836914], [0.5712807774543762, 0.8203084468841553, -0.02705930918455124, -1.2803955078125], [0.0, 0.0, 0.0, 1.0]], [[0.005695021245628595, -0.9993354082107544, 0.03600131347775459, 0.005126953125], [-0.006700362078845501, -0.03603922575712204, -0.9993278980255127, 1.5205349922180176], [0.999961256980896, 0.005449975375086069, -0.006901153828948736, -1.6923828125], [0.0, 0.0, 0.0, 1.0]], [[-0.83292555809021, -0.5532692670822144, 0.011311480775475502, 1.03228759765625], [-0.0010742570739239454, -0.018823910504579544, -0.999822199344635, 1.5036463737487793], [0.5533838868141174, -0.8327896595001221, 0.015084568411111832, -1.24871826171875], [0.0, 0.0, 0.0, 1.0]], [[0.9477411508560181, 0.3189283013343811, -0.008443929255008698, -1.14227294921875], [0.0076393308117985725, -0.049144551157951355, -0.9987624287605286, 1.5885562896728516], [-0.31894856691360474, 0.9465038776397705, -0.049012720584869385, -0.103759765625], [0.0, 0.0, 0.0, 1.0]], [[0.0023617083206772804, 0.9992289543151855, -0.03918904438614845, 0.002777099609375], [-0.017793722450733185, -0.03914095461368561, -0.9990752339363098, 1.5793609619140625], [-0.9998388290405273, 0.003056837245821953, 0.017687562853097916, 0.001953125], [0.0, 0.0, 0.0, 1.0]], [[-0.9347999095916748, 0.35447371006011963, -0.022303881123661995, 1.1363525390625], [0.014816220849752426, -0.023823769763112068, -0.9996063709259033, 1.5514469146728516], [-0.35486555099487305, -0.9347624778747559, 0.017018500715494156, -0.063568115234375], [0.0, 0.0, 0.0, 1.0]]], "view": [[0.0, -2.0, 100.0], [-2.0, 0.0, 100.0], [0.0, 0.0, 1.0]], "bev": "bev_a293f20fd2084820a14abd474df38a79.png", "aux": "aux_a293f20fd2084820a14abd474df38a79.npz", "visibility": "visibility_a293f20fd2084820a14abd474df38a79.png", "pose": [[-0.062437716871500015, 0.9980488419532776, 0.0, 396.1151123046875], [-0.9980488419532776, -0.062437716871500015, 0.0, 1131.757080078125], [0.0, 0.0, 1.0, 0.0], [0.0, 0.0, 0.0, 1.0]], "pose_inverse": [[-0.062437716871500015, -0.9980488419532776, 0.0, 1154.2813720703125], [0.9980488419532776, -0.062437716871500015, 0.0, -324.67791748046875], [0.0, 0.0, 1.0, 0.0], [0.0, 0.0, 0.0, 1.0]], "cam_ids": [0, 1, 2, 3, 4, 5], "cam_channels": ["CAM_FRONT_LEFT", "CAM_FRONT", "CAM_FRONT_RIGHT", "CAM_BACK_LEFT", "CAM_BACK", "CAM_BACK_RIGHT"], "token": "a293f20fd2084820a14abd474df38a79", "scene": "scene-0159"}, {"images": ["samples/CAM_FRONT_LEFT/n015-2018-08-01-17-13-57+0800__CAM_FRONT_LEFT__1533115184504844.jpg", "samples/CAM_FRONT/n015-2018-08-01-17-13-57+0800__CAM_FRONT__1533115184512460.jpg", "samples/CAM_FRONT_RIGHT/n015-2018-08-01-17-13-57+0800__CAM_FRONT_RIGHT__1533115184520339.jpg", "samples/CAM_BACK_LEFT/n015-2018-08-01-17-13-57+0800__CAM_BACK_LEFT__1533115184547423.jpg", "samples/CAM_BACK/n015-2018-08-01-17-13-57+0800__CAM_BACK__1533115184537525.jpg", "samples/CAM_BACK_RIGHT/n015-2018-08-01-17-13-57+0800__CAM_BACK_RIGHT__1533115184527893.jpg"], "intrinsics": [[[1272.5979470598488, 0.0, 826.6154927353808], [0.0, 1272.5979470598488, 479.75165386361925], [0.0, 0.0, 1.0]], [[1266.417203046554, 0.0, 816.2670197447984], [0.0, 1266.417203046554, 491.50706579294757], [0.0, 0.0, 1.0]], [[1260.8474446004698, 0.0, 807.968244525554], [0.0, 1260.8474446004698, 495.3344268742088], [0.0, 0.0, 1.0]], [[1256.7414812095406, 0.0, 792.1125740759628], [0.0, 1256.7414812095406, 492.7757465151356], [0.0, 0.0, 1.0]], [[809.2209905677063, 0.0, 829.2196003259838], [0.0, 809.2209905677063, 481.77842384512485], [0.0, 0.0, 1.0]], [[1259.5137405846733, 0.0, 807.2529053838625], [0.0, 1259.5137405846733, 501.19579884916527], [0.0, 0.0, 1.0]]], "extrinsics": [[[0.8205850124359131, -0.5712429881095886, 0.01793583296239376, -0.9576416015625], [-0.0006129732937552035, -0.032262083142995834, -0.9994792342185974, 1.5082454681396484], [0.5715242028236389, 0.8201467394828796, -0.02682393789291382, -1.27508544921875], [0.0, 0.0, 0.0, 1.0]], [[0.005443068686872721, -0.9993263483047485, 0.03629428148269653, 0.005126953125], [-0.005887324921786785, -0.03632621467113495, -0.9993226528167725, 1.52048921585083], [0.9999678134918213, 0.005225703585892916, -0.0060810851864516735, -1.6849365234375], [0.0, 0.0, 0.0, 1.0]], [[-0.8330298662185669, -0.5531229376792908, 0.010778926312923431, 1.027587890625], [-0.00023458882060367614, -0.0191305261105299, -0.9998169541358948, 1.5036439895629883], [0.5532278418540955, -0.8328799605369568, 0.015806546434760094, -1.24554443359375], [0.0, 0.0, 0.0, 1.0]], [[0.947742760181427, 0.318941593170166, -0.007743219844996929, -1.1424560546875], [0.00850262027233839, -0.04951295256614685, -0.9987372159957886, 1.588552474975586], [-0.3189221918582916, 0.9464802145957947, -0.04963738098740578, -0.10357666015625], [0.0, 0.0, 0.0, 1.0]], [[0.00245303800329566, 0.9992154836654663, -0.039528291672468185, 0.0028076171875], [-0.016939377412199974, -0.03948122262954712, -0.9990767240524292, 1.5793256759643555], [-0.9998535513877869, 0.0031203513499349356, 0.0168292373418808, -0.000244140625], [0.0, 0.0, 0.0, 1.0]], [[-0.9347373843193054, 0.3545798659324646, -0.023220133036375046, 1.1324462890625], [0.015670163556933403, -0.024149777367711067, -0.9995855689048767, 1.551513671875], [-0.35499370098114014, -0.9347137808799744, 0.01701737381517887, -0.0650787353515625], [0.0, 0.0, 0.0, 1.0]]], "view": [[0.0, -2.0, 100.0], [-2.0, 0.0, 100.0], [0.0, 0.0, 1.0]], "bev": "bev_50c3b553806141cfbc2b8a0de1dff8e2.png", "aux": "aux_50c3b553806141cfbc2b8a0de1dff8e2.npz", "visibility": "visibility_50c3b553806141cfbc2b8a0de1dff8e2.png", "pose": [[-0.06001085788011551, 0.9981977343559265, 0.0, 396.112060546875], [-0.9981977343559265, -0.06001085788011551, 0.0, 1131.7139892578125], [0.0, 0.0, 1.0, 0.0], [0.0, 0.0, 0.0, 1.0]], "pose_inverse": [[-0.06001085788011551, -0.9981977343559265, 0.0, 1153.4453125], [0.9981977343559265, -0.06001085788011551, 0.0, -327.4830322265625], [0.0, 0.0, 1.0, 0.0], [0.0, 0.0, 0.0, 1.0]], "cam_ids": [0, 1, 2, 3, 4, 5], "cam_channels": ["CAM_FRONT_LEFT", "CAM_FRONT", "CAM_FRONT_RIGHT", "CAM_BACK_LEFT", "CAM_BACK", "CAM_BACK_RIGHT"], "token": "50c3b553806141cfbc2b8a0de1dff8e2", "scene": "scene-0159"}, {"images": ["samples/CAM_FRONT_LEFT/n015-2018-08-01-17-13-57+0800__CAM_FRONT_LEFT__1533115185004844.jpg", "samples/CAM_FRONT/n015-2018-08-01-17-13-57+0800__CAM_FRONT__1533115185012460.jpg", "samples/CAM_FRONT_RIGHT/n015-2018-08-01-17-13-57+0800__CAM_FRONT_RIGHT__1533115185020339.jpg", "samples/CAM_BACK_LEFT/n015-2018-08-01-17-13-57+0800__CAM_BACK_LEFT__1533115185047423.jpg", "samples/CAM_BACK/n015-2018-08-01-17-13-57+0800__CAM_BACK__1533115185037525.jpg", "samples/CAM_BACK_RIGHT/n015-2018-08-01-17-13-57+0800__CAM_BACK_RIGHT__1533115185027893.jpg"], "intrinsics": [[[1272.5979470598488, 0.0, 826.6154927353808], [0.0, 1272.5979470598488, 479.75165386361925], [0.0, 0.0, 1.0]], [[1266.417203046554, 0.0, 816.2670197447984], [0.0, 1266.417203046554, 491.50706579294757], [0.0, 0.0, 1.0]], [[1260.8474446004698, 0.0, 807.968244525554], [0.0, 1260.8474446004698, 495.3344268742088], [0.0, 0.0, 1.0]], [[1256.7414812095406, 0.0, 792.1125740759628], [0.0, 1256.7414812095406, 492.7757465151356], [0.0, 0.0, 1.0]], [[809.2209905677063, 0.0, 829.2196003259838], [0.0, 809.2209905677063, 481.77842384512485], [0.0, 0.0, 1.0]], [[1259.5137405846733, 0.0, 807.2529053838625], [0.0, 1259.5137405846733, 501.19579884916527], [0.0, 0.0, 1.0]]], "extrinsics": [[[0.8204020261764526, -0.5714917182922363, 0.018376126885414124, -0.95361328125], [-0.00045462502748705447, -0.03279000520706177, -0.9994621276855469, 1.50823974609375], [0.5717869400978088, 0.8199523687362671, -0.027160799130797386, -1.272064208984375], [0.0, 0.0, 0.0, 1.0]], [[0.005190786439925432, -0.9993084669113159, 0.036817070096731186, 0.005035400390625], [-0.00575170386582613, -0.036846794188022614, -0.9993044137954712, 1.5204625129699707], [0.9999699592590332, 0.004975414369255304, -0.005938990972936153, -1.6806640625], [0.0, 0.0, 0.0, 1.0]], [[-0.8331328630447388, -0.5529641509056091, 0.010964410379529, 1.02484130859375], [-0.00011815490870503709, -0.019646579399704933, -0.9998069405555725, 1.5036420822143555], [0.5530728101730347, -0.8329734206199646, 0.01630287803709507, -1.2437744140625], [0.0, 0.0, 0.0, 1.0]], [[0.947740912437439, 0.31894394755363464, -0.007869266904890537, -1.14300537109375], [0.008537265472114086, -0.05000956356525421, -0.9987122416496277, 1.5885505676269531], [-0.31892678141593933, 0.9464532136917114, -0.05011902004480362, -0.10345458984375], [0.0, 0.0, 0.0, 1.0]], [[