[{"images": ["samples/CAM_FRONT_LEFT/n008-2018-08-28-16-16-48-0400__CAM_FRONT_LEFT__1535488199754799.jpg", "samples/CAM_FRONT/n008-2018-08-28-16-16-48-0400__CAM_FRONT__1535488199762404.jpg", "samples/CAM_FRONT_RIGHT/n008-2018-08-28-16-16-48-0400__CAM_FRONT_RIGHT__1535488199770482.jpg", "samples/CAM_BACK_LEFT/n008-2018-08-28-16-16-48-0400__CAM_BACK_LEFT__1535488199797405.jpg", "samples/CAM_BACK/n008-2018-08-28-16-16-48-0400__CAM_BACK__1535488199787558.jpg", "samples/CAM_BACK_RIGHT/n008-2018-08-28-16-16-48-0400__CAM_BACK_RIGHT__1535488199778113.jpg"], "intrinsics": [[[1257.8625342125129, 0.0, 827.2410631095686], [0.0, 1257.8625342125129, 450.915498205774], [0.0, 0.0, 1.0]], [[1252.8131021185304, 0.0, 826.588114781398], [0.0, 1252.8131021185304, 469.9846626224581], [0.0, 0.0, 1.0]], [[1256.7485116440405, 0.0, 817.7887570959712], [0.0, 1256.7485116440403, 451.9541780095127], [0.0, 0.0, 1.0]], [[1254.9860565800168, 0.0, 829.5769333630991], [0.0, 1254.9860565800168, 467.1680561863987], [0.0, 0.0, 1.0]], [[796.8910634503094, 0.0, 857.7774326863696], [0.0, 796.8910634503094, 476.8848988407415], [0.0, 0.0, 1.0]], [[1249.9629280788233, 0.0, 825.3768045375984], [0.0, 1249.9629280788233, 462.54816385708756], [0.0, 0.0, 1.0]]], "extrinsics": [[[0.8225049376487732, -0.568606436252594, -0.013128080405294895, -1.0054931640625], [0.0014388171257451177, 0.025162121281027794, -0.9996823668479919, 1.48828125], [0.568756103515625, 0.8222247958183289, 0.02151409164071083, -1.334228515625], [0.0, 0.0, 0.0, 1.0]], [[0.01017714012414217, -0.999727725982666, -0.020996520295739174, 0.005615234375], [0.003322897246107459, 0.021031303331255913, -0.9997733235359192, 1.4801559448242188], [0.9999427199363708, 0.010105052962899208, 0.003536032047122717, -1.735504150390625], [0.0, 0.0, 0.0, 1.0]], [[-0.8440617918968201, -0.5360037088394165, -0.01611439883708954, 1.091278076171875], [0.011264599859714508, 0.012321057729423046, -0.9998606443405151, 1.4930610656738281], [0.536127507686615, -0.8441256880760193, -0.004361866507679224, -1.27783203125], [0.0, 0.0, 0.0, 1.0]], [[0.947859525680542, 0.31865161657333374, -0.004845810122787952, -1.1439666748046875], [-0.01434038020670414, 0.027456888929009438, -0.9995201230049133, 1.562042236328125], [-0.3183656334877014, 0.9474741220474243, 0.030594859272241592, -0.1561279296875], [0.0, 0.0, 0.0, 1.0]], [[0.009299710392951965, 0.9997599124908447, 0.01983916200697422, -0.0289306640625], [-0.012191832065582275, 0.01995190605521202, -0.9997265934944153, 1.5680618286132812], [-0.9998824000358582, 0.009055265225470066, 0.012374453246593475, 0.04449462890625], [0.0, 0.0, 0.0, 1.0]], [[-0.9237250685691833, 0.3830047845840454, 0.006268409546464682, 1.1610107421875], [-0.007929671555757523, -0.0027588363736867905, -0.9999647736549377, 1.5478148460388184], [-0.3829739987850189, -0.9237421751022339, 0.005585509818047285, -0.04345703125], [0.0, 0.0, 0.0, 1.0]]], "view": [[0.0, -2.0, 100.0], [-2.0, 0.0, 100.0], [0.0, 0.0, 1.0]], "bev": "bev_72a2b6af1928406b9df454981c8a38ed.png", "aux": "aux_72a2b6af1928406b9df454981c8a38ed.npz", "visibility": "visibility_72a2b6af1928406b9df454981c8a38ed.png", "pose": [[-0.8521767258644104, -0.5232540369033813, 0.0, 428.6999816894531], [0.5232540369033813, -0.8521767258644104, 0.0, 1621.541259765625], [0.0, 0.0, 1.0, 0.0], [0.0, 0.0, 0.0, 1.0]], "pose_inverse": [[-0.8521767258644104, 0.5232540369033813, 0.0, -483.14990234375], [-0.5232540369033813, -0.8521767258644104, 0.0, 1606.15869140625], [0.0, 0.0, 1.0, 0.0], [0.0, 0.0, 0.0, 1.0]], "cam_ids": [0, 1, 2, 3, 4, 5], "cam_channels": ["CAM_FRONT_LEFT", "CAM_FRONT", "CAM_FRONT_RIGHT", "CAM_BACK_LEFT", "CAM_BACK", "CAM_BACK_RIGHT"], "token": "72a2b6af1928406b9df454981c8a38ed", "scene": "scene-0685"}, {"images": ["samples/CAM_FRONT_LEFT/n008-2018-08-28-16-16-48-0400__CAM_FRONT_LEFT__1535488200254799.jpg", "samples/CAM_FRONT/n008-2018-08-28-16-16-48-0400__CAM_FRONT__1535488200262404.jpg", "samples/CAM_FRONT_RIGHT/n008-2018-08-28-16-16-48-0400__CAM_FRONT_RIGHT__1535488200270482.jpg", "samples/CAM_BACK_LEFT/n008-2018-08-28-16-16-48-0400__CAM_BACK_LEFT__1535488200297409.jpg", "samples/CAM_BACK/n008-2018-08-28-16-16-48-0400__CAM_BACK__1535488200287558.jpg", "samples/CAM_BACK_RIGHT/n008-2018-08-28-16-16-48-0400__CAM_BACK_RIGHT__1535488200278113.jpg"], "intrinsics": [[[1257.8625342125129, 0.0, 827.2410631095686], [0.0, 1257.8625342125129, 450.915498205774], [0.0, 0.0, 1.0]], [[1252.8131021185304, 0.0, 826.588114781398], [0.0, 1252.8131021185304, 469.9846626224581], [0.0, 0.0, 1.0]], [[1256.7485116440405, 0.0, 817.7887570959712], [0.0, 1256.7485116440403, 451.9541780095127], [0.0, 0.0, 1.0]], [[1254.9860565800168, 0.0, 829.5769333630991], [0.0, 1254.9860565800168, 467.1680561863987], [0.0, 0.0, 1.0]], [[796.8910634503094, 0.0, 857.7774326863696], [0.0, 796.8910634503094, 476.8848988407415], [0.0, 0.0, 1.0]], [[1249.9629280788233, 0.0, 825.3768045375984], [0.0, 1249.9629280788233, 462.54816385708756], [0.0, 0.0, 1.0]]], "extrinsics": [[[0.8226032257080078, -0.5685667991638184, -0.00747013371437788, -1.0045166015625], [0.008696955628693104, 0.02571646310389042, -0.9996314644813538, 1.4882926940917969], [0.5685492753982544, 0.822235107421875, 0.026099245995283127, -1.333251953125], [0.0, 0.0, 0.0, 1.0]], [[0.010360498912632465, -0.9997152090072632, -0.02149989642202854, 0.00537109375], [0.010789711959660053, 0.021611569449305534, -0.9997082352638245, 1.4801673889160156], [0.9998880624771118, 0.010125499218702316, 0.011010544374585152, -1.734344482421875], [0.0, 0.0, 0.0, 1.0]], [[-0.843909740447998, -0.5359949469566345, -0.02292928844690323, 1.0904541015625], [0.01894734613597393, 0.012935576029121876, -0.9997367858886719, 1.4930763244628906], [0.5361504554748535, -0.8441221117973328, -0.000760778202675283, -1.2774658203125], [0.0, 0.0, 0.0, 1.0]], [[0.9478875398635864, 0.31858932971954346, 0.003197066718712449, -1.1445693969726562], [-0.006108030676841736, 0.028203904628753662, -0.9995835423469543, 1.5620498657226562], [-0.31854674220085144, 0.9474731683731079, 0.02868008241057396, -0.1558837890625], [0.0, 0.0, 0.0, 1.0]], [[0.009175767190754414, 0.9997455477714539, 0.02060900814831257, -0.02880859375], [-0.004057587124407291, 0.02064693160355091, -0.9997785687446594, 1.5680656433105469], [-0.9999498128890991, 0.009090112522244453, 0.004246005322784185, 0.04449462890625], [0.0, 0.0, 0.0, 1.0]], [[-0.923740565776825, 0.38301780819892883, -0.0008228779770433903, 1.160400390625], [1.8717048078542575e-05, -0.002103263046592474, -0.9999977946281433, 1.547813892364502], [-0.3830186426639557, -0.9237385392189026, 0.0019356990233063698, -0.0438232421875], [0.0, 0.0, 0.0, 1.0]]], "view": [[0.0, -2.0, 100.0], [-2.0, 0.0, 100.0], [0.0, 0.0, 1.0]], "bev": "bev_0ce4b19f407a41cf92c92cb02f8f3f61.png", "aux": "aux_0ce4b19f407a41cf92c92cb02f8f3f61.npz", "visibility": "visibility_0ce4b19f407a41cf92c92cb02f8f3f61.png", "pose": [[-0.8518553376197815, -0.523777186870575, 0.0, 428.7042541503906], [0.523777186870575, -0.8518553376197815, 0.0, 1621.541259765625], [0.0, 0.0, 1.0, 0.0], [0.0, 0.0, 0.0, 1.0]], "pose_inverse": [[-0.8518553376197815, 0.523777186870575, 0.0, -484.1322937011719], [-0.523777186870575, -0.8518553376197815, 0.0, 1605.864013671875], [0.0, 0.0, 1.0, 0.0], [0.0, 0.0, 0.0, 1.0]], "cam_ids": [0, 1, 2, 3, 4, 5], "cam_channels": ["CAM_FRONT_LEFT", "CAM_FRONT", "CAM_FRONT_RIGHT", "CAM_BACK_LEFT", "CAM_BACK", "CAM_BACK_RIGHT"], "token": "0ce4b19f407a41cf92c92cb02f8f3f61", "scene": "scene-0685"}, {"images": ["samples/CAM_FRONT_LEFT/n008-2018-08-28-16-16-48-0400__CAM_FRONT_LEFT__1535488200754799.jpg", "samples/CAM_FRONT/n008-2018-08-28-16-16-48-0400__CAM_FRONT__1535488200762404.jpg", "samples/CAM_FRONT_RIGHT/n008-2018-08-28-16-16-48-0400__CAM_FRONT_RIGHT__1535488200770482.jpg", "samples/CAM_BACK_LEFT/n008-2018-08-28-16-16-48-0400__CAM_BACK_LEFT__1535488200797405.jpg", "samples/CAM_BACK/n008-2018-08-28-16-16-48-0400__CAM_BACK__1535488200787559.jpg", "samples/CAM_BACK_RIGHT/n008-2018-08-28-16-16-48-0400__CAM_BACK_RIGHT__1535488200778113.jpg"], "intrinsics": [[[1257.8625342125129, 0.0, 827.2410631095686], [0.0, 1257.8625342125129, 450.915498205774], [0.0, 0.0, 1.0]], [[1252.8131021185304, 0.0, 826.588114781398], [0.0, 1252.8131021185304, 469.9846626224581], [0.0, 0.0, 1.0]], [[1256.7485116440405, 0.0, 817.7887570959712], [0.0, 1256.7485116440403, 451.9541780095127], [0.0, 0.0, 1.0]], [[1254.9860565800168, 0.0, 829.5769333630991], [0.0, 1254.9860565800168, 467.1680561863987], [0.0, 0.0, 1.0]], [[796.8910634503094, 0.0, 857.7774326863696], [0.0, 796.8910634503094, 476.8848988407415], [0.0, 0.0, 1.0]], [[1249.9629280788233, 0.0, 825.3768045375984], [0.0, 1249.9629280788233, 462.54816385708756], [0.0, 0.0, 1.0]]], "extrinsics": [[[0.8226860165596008, -0.56840580701828, -0.010126590728759766, -0.97216796875], [0.006315513048321009, 0.026949750259518623, -0.999616801738739, 1.4885406494140625], [0.568461000919342, 0.8223068714141846, 0.0257609561085701, -1.3109130859375], [0.0, 0.0, 0.0, 1.0]], [[0.010446202009916306, -0.9996896386146545, -0.02261992171406746, 0.0059814453125], [0.008204517886042595, 0.022706083953380585, -0.9997085332870483, 1.4804267883300781], [0.9999117851257324, 0.010257616639137268, 0.008439162746071815, -1.70196533203125], [0.0, 0.0, 0.0, 1.0]], [[-0.8439101576805115, -0.5360706448554993, -0.021069876849651337, 1.069610595703125], [0.01614927314221859, 0.013872362673282623, -0.9997733235359192, 1.4934730529785156], [0.5362414121627808, -0.84405916929245, -0.0030498760752379894, -1.263916015625], [0.0, 0.0, 0.0, 1.0]], [[0.9478671550750732, 0.3186659514904022, 4.967631321051158e-05, -1.1455802917480469], [-0.00954692717641592, 0.028553012758493423, -0.9995467066764832, 1.5620613098144531], [-0.3185229003429413, 0.9474369883537292, 0.030106743797659874, -0.1556396484375], [0.0, 0.0, 0.0, 1.0]], [[0.009159419685602188, 0.9997345805168152, 0.02113814279437065, -0.0286865234375], [-0.007300528232008219, 0.021205322816967964, -0.9997484683990479, 1.5680007934570312], [-0.9999314546585083, 0.009002823382616043, 0.0074928198009729385, 0.03607177734375], [0.0, 0.0, 0.0, 1.0]], [[-0.9237717390060425, 0.38293686509132385, 0.002252466045320034, 1.1441650390625], [-0.002990443492308259, -0.0013318972196429968, -0.9999946355819702, 1.5477590560913086], [-0.38293176889419556, -0.9237735271453857, 0.0023755207657814026, -0.05029296875], [0.0, 0.0, 0.0, 1.0]]], "view": [[0.0, -2.0, 100.0], [-2.0, 0.0, 100.0], [0.0, 0.0, 1.0]], "bev": "bev_787ba35d2f0b4c1eaa0fa6f294a7b4e5.png", "aux": "aux_787ba35d2f0b4c1eaa0fa6f294a7b4e5.npz", "visibility": "visibility_787ba35d2f0b4c1eaa0fa6f294a7b4e5.png", "pose": [[-0.8511685729026794, -0.5248924493789673, 0.0, 428.4878234863281], [0.5248924493789673, -0.8511685729026794, 0.0, 1621.6776123046875], [0.0, 0.0, 1.0, 0.0], [0.0, 0.0, 0.0, 1.0]], "pose_inverse": [[-0.8511685729026794, 0.5248924493789673, 0.0, -486.490966796875], [-0.5248924493789673, -0.8511685729026794, 0.0, 1605.2310791015625], [0.0, 0.0, 1.0, 0.0], [0.0, 0.0, 0.0, 1.0]], "cam_ids": [0, 1, 2, 3, 4, 5], "cam_channels": ["CAM_FRONT_LEFT", "CAM_FRONT", "CAM_FRONT_RIGHT", "CAM_BACK_LEFT", "CAM_BACK", "CAM_BACK_RIGHT"], "token": "787ba35d2f0b4c1eaa0fa6f294a7b4e5", "scene": "scene-0685"}, {"images": ["samples/CAM_FRONT_LEFT/n008-2018-08-28-16-16-48-0400__CAM_FRONT_LEFT__1535488201254799.jpg", "samples/CAM_FRONT/n008-2018-08-28-16-16-48-0400__CAM_FRONT__1535488201262404.jpg", "samples/CAM_FRONT_RIGHT/n008-2018-08-28-16-16-48-0400__CAM_FRONT_RIGHT__1535488201270482.jpg", "samples/CAM_BACK_LEFT/n008-2018-08-28-16-16-48-0400__CAM_BACK_LEFT__1535488201297405.jpg", "samples/CAM_BACK/n008-2018-08-28-16-16-48-0400__CAM_BACK__1535488201287558.jpg", "samples/CAM_BACK_RIGHT/n008-2018-08-28-16-16-48-0400__CAM_BACK_RIGHT__1535488201278121.jpg"], "intrinsics": [[[1257.8625342125129, 0.0, 827.2410631095686], [0.0, 1257.8625342125129, 450.915498205774], [0.0, 0.0, 1.0]], [[1252.8131021185304, 0.0, 826.588114781398], [0.0, 1252.8131021185304, 469.9846626224581], [0.0, 0.0, 1.0]], [[1256.7485116440405, 0.0, 817.7887570959712], [0.0, 1256.7485116440403, 451.9541780095127], [0.0, 0.0, 1.0]], [[1254.9860565800168, 0.0, 829.5769333630991], [0.0, 1254.9860565800168, 467.1680561863987], [0.0, 0.0, 1.0]], [[796.8910634503094, 0.0, 857.7774326863696], [0.0, 796.8910634503094, 476.8848988407415], [0.0, 0.0, 1.0]], [[1249.9629280788233, 0.0, 825.3768045375984], [0.0, 1249.9629280788233, 462.54816385708756], [0.0, 0.0, 1.0]]], "extrinsics": [[[0.8225271105766296, -0.5686447024345398, -0.009617257863283157, -0.93505859375], [0.0057326494716107845, 0.025199048221111298, -0.9996660351753235, 1.4887847900390625], [0.5686970949172974, 0.8221972584724426, 0.02398674190044403, -1.2850341796875], [0.0, 0.0, 0.0, 1.0]], [[0.010233741253614426, -0.9997254014015198, -0.021079732105135918, 0.0059814453125], [0.007829182781279087, 0.021160297095775604, -0.9997454881668091, 1.480712890625], [0.9999169111251831, 0.010066061280667782, 0.008043582551181316, -1.66485595703125], [0.0, 0.0, 0.0, 1.0]], [[-0.8439931869506836, -0.5359710454940796, -0.02025994285941124, 1.0452880859375], [0.016025984659790993, 0.01255650445818901, -0.9997926950454712, 1.4939336776733398], [0.5361143350601196, -0.8441429734230042, -0.00200814101845026, -1.248779296875], [0.0, 0.0, 0.0, 1.0]], [[0.9478853344917297, 0.31861087679862976, 0.0007465637172572315, -1.1449356079101562], [-0.008627386763691902, 0.028009137138724327, -0.9995704293251038, 1.5620498657226562], [-0.31849491596221924, 0.9474716186523438, 0.02929823100566864, -0.15576171875], [0.0, 0.0, 0.0, 1.0]], [[0.00922776386141777, 0.9997507333755493, 0.020331138744950294, -0.0286865234375], [-0.006796697154641151, 0.02039424143731594, -0.9997689127922058, 1.5679359436035156], [-0.9999343156814575, 0.009087505750358105, 0.006983197759836912, 0.025177001953125], [0.0, 0.0, 0.0, 1.0]], [[-0.9237341284751892, 0.3830304443836212, 0.0016979101346805692, 1.125244140625], [-0.0028416328132152557, -0.002420214470475912, -0.9999930262565613, 1.547703742980957], [-0.38302356004714966, -0.9237325191497803, 0.0033240667544305325, -0.058349609375], [0.0, 0.0, 0.0, 1.0]]], "view": [[0.0, -2.0, 100.0], [-2.0, 0.0, 100.0], [0.0, 0.0, 1.0]], "bev": "bev_3ab62b3bc53f4279ac3eb14fd9ccd02c.png", "aux": "aux_3ab62b3bc53f4279ac3eb14fd9ccd02c.npz", "visibility": "visibility_3ab62b3bc53f4279ac3eb14fd9ccd02c.png", "pose": [[-0.8511591553688049, -0.5249077081680298, 0.0, 427.84136962890625], [0.5249077081680298, -0.8511591553688049, 0.0, 1622.0789794921875], [0.0, 0.0, 1.0, 0.0], [0.0, 0.0, 0.0, 1.0]], "pose_inverse": [[-0.8511591553688049, 0.5249077081680298, 0.0, -487.2806091308594], [-0.5249077081680298, -0.8511591553688049, 0.0, 1605.224609375], [0.0, 0.0, 1.0, 0.0], [0.0, 0.0, 0.0, 1.0]], "cam_ids": [0, 1, 2, 3, 4, 5], "cam_channels": ["CAM_FRONT_LEFT", "CAM_FRONT", "CAM_FRONT_RIGHT", "CAM_BACK_LEFT", "CAM_BACK", "CAM_BACK_RIGHT"], "token": "3ab62b3bc53f4279ac3eb14fd9ccd02c", "scene": "scene-0685"}, {"images": ["samples/CAM_FRONT_LEFT/n008-2018-08-28-16-16-48-0400__CAM_FRONT_LEFT__1535488201754799.jpg", "samples/CAM_FRONT/n008-2018-08-28-16-16-48-0400__CAM_FRONT__1535488201762404.jpg", "samples/CAM_FRONT_RIGHT/n008-2018-08-28-16-16-48-0400__CAM_FRONT_RIGHT__1535488201770482.jpg", "samples/CAM_BACK_LEFT/n008-2018-08-28-16-16-48-0400__CAM_BACK_LEFT__1535488201797405.jpg", "samples/CAM_BACK/n008-2018-08-28-16-16-48-0400__CAM_BACK__1535488201787558.jpg", "samples/CAM_BACK_RIGHT/n008-2018-08-28-16-16-48-0400__CAM_BACK_RIGHT__1535488201778113.jpg"], "intrinsics": [[[1257.8625342125129, 0.0, 827.2410631095686], [0.0, 1257.8625342125129, 450.915498205774], [0.0, 0.0, 1.0]], [[1252.8131021185304, 0.0, 826.588114781398], [0.0, 1252.8131021185304, 469.9846626224581], [0.0, 0.0, 1.0]], [[1256.7485116440405, 0.0, 817.7887570959712], [0.0, 1256.7485116440403, 451.9541780095127], [0.0, 0.0, 1.0]], [[1254.9860565800168, 0.0, 829.5769333630991], [0.0, 1254.9860565800168, 467.1680561863987], [0.0, 0.0, 1.0]], [[796.8910634503094, 0.0, 857.7774326863696], [0.0, 796.8910634503094, 476.8848988407415], [0.0, 0.0, 1.0]], [[1249.9629280788233, 0.0, 825.3768045375984], [0.0, 1249.9629280788233, 462.54816385708756], [0.0, 0.0, 1.0]]], "extrinsics": [[[0.8224398493766785, -0.5686946511268616, -0.013383204117417336, -0.898681640625], [0.004701104946434498, 0.030320800840854645, -0.9995291829109192, 1.4889144897460938], [0.5688327550888062, 0.8219896554946899, 0.027610527351498604, -1.2596435546875], [0.0, 0.0, 0.0, 1.0]], [[0.0100901173427701, -0.9996014833450317, -0.02636256068944931, 0.00634765625], [0.006583044305443764, 0.026429735124111176, -0.999629020690918, 1.4808692932128906], [0.9999273419380188, 0.009912795387208462, 0.006847100332379341, -1.628387451171875], [0.0, 0.0, 0.0, 1.0]], [[-0.8440768122673035, -0.5357750654220581, -0.02189536951482296, 1.021575927734375], [0.014526688493788242, 0.01797000877559185, -0.9997329711914062, 1.4942607879638672], [0.5360255241394043, -0.844169557094574, -0.007385031320154667, -1.23388671875], [0.0, 0.0, 0.0, 1.0]], [[0.9479120373725891, 0.3185320496559143, 0.00031033874256536365, -1.1450729370117188], [-0.01107996329665184, 0.03394625708460808, -0.9993622899055481, 1.5620651245117188], [-0.318339467048645, 0.9473040699958801, 0.035707391798496246, -0.155517578125], [0.0, 0.0, 0.0, 1.0]], [[0.009355900809168816, 0.9996170997619629, 0.02603987418115139, -0.0281982421875], [-0.008863993920385838, 0.026122896000742912, -0.9996194243431091, 1.56781005859375], [-0.9999169111251831, 0.009121540933847427, 0.009105004370212555, 0.015167236328125], [0.0, 0.0, 0.0, 1.0]], [[-0.9236968755722046, 0.3830852210521698, 0.005454224534332752, 1.1065673828125], [-0.004607617389410734, 0.00312749738804996, -0.9999845027923584, 1.5475425720214844], [-0.383096307516098, -0.9237076640129089, -0.0011237487196922302, -0.06640625], [0.0, 0.0, 0.0, 1.0]]], "view": [[0.0, -2.0, 100.0], [-2.0, 0.0, 100.0], [0.0, 0.0, 1.0]], "bev": "bev_f4daf8fc833849bd8f1bf0b729621cd2.png", "aux": "aux_f4daf8fc833849bd8f1bf0b729621cd2.npz", "visibility": "visibility_f4daf8fc833849bd8f1bf0b729621cd2.png", "pose": [[-0.8508696556091309, -0.5253767967224121, 0.0, 426.6769104003906], [0.5253767967224121, -0.8508696556091309, 0.0, 1622.798583984375], [0.0, 0.0, 1.0, 0.0], [0.0, 0.0, 0.0, 1.0]], "pose_inverse": [[-0.8508696556091309, 0.5253767967224121, 0.0, -489.5343322753906], [-0.5253767967224121, -0.8508696556091309, 0.0, 1604.956298828125], [0.0, 0.0, 1.0, 0.0], [0.0, 0.0, 0.0, 1.0]], "cam_ids": [0, 1, 2, 3, 4, 5], "cam_channels": ["CAM_FRONT_LEFT", "CAM_FRONT", "CAM_FRONT_RIGHT", "CAM_BACK_LEFT", "CAM_BACK", "CAM_BACK_RIGHT"], "token": "f4daf8fc833849bd8f1bf0b729621cd2", "scene": "scene-0685"}, {"images": ["samples/CAM_FRONT_LEFT/n008-2018-08-28-16-16-48-0400__CAM_FRONT_LEFT__1535488202254799.jpg", "samples/CAM_FRONT/n008-2018-08-28-16-16-48-0400__CAM_FRONT__1535488202262404.jpg", "samples/CAM_FRONT_RIGHT/n008-2018-08-28-16-16-48-0400__CAM_FRONT_RIGHT__1535488202270482.jpg", "samples/CAM_BACK_LEFT/n008-2018-08-28-16-16-48-0400__CAM_BACK_LEFT__1535488202297405.jpg", "samples/CAM_BACK/n008-2018-08-28-16-16-48-0400__CAM_BACK__1535488202287558.jpg", "samples/CAM_BACK_RIGHT/n008-2018-08-28-16-16-48-0400__CAM_BACK_RIGHT__1535488202278113.jpg"], "intrinsics": [[[1257.8625342125129, 0.0, 827.2410631095686], [0.0, 1257.8625342125129, 450.915498205774], [0.0, 0.0, 1.0]], [[1252.8131021185304, 0.0, 826.588114781398], [0.0, 1252.8131021185304, 469.9846626224581], [0.0, 0.0, 1.0]], [[1256.7485116440405, 0.0, 817.7887570959712], [0.0, 1256.7485116440403, 451.9541780095127], [0.0, 0.0, 1.0]], [[1254.9860565800168, 0.0, 829.5769333630991], [0.0, 1254.9860565800168, 467.1680561863987], [0.0, 0.0, 1.0]], [[796.8910634503094, 0.0, 857.7774326863696], [0.0, 796.8910634503094, 476.8848988407415], [0.0, 0.0, 1.0]], [[1249.9629280788233, 0.0, 825.3768045375984], [0.0, 1249.9629280788233, 462.54816385708756], [0.0, 0.0, 1.0]]], "extrinsics": [[[0.8226001262664795, -0.5685275197029114, -0.010272782295942307, -0.8748779296875], [0.007268465589731932, 0.028577959164977074, -0.9995651245117188, 1.4894256591796875], [0.5685738921165466, 0.8221677541732788, 0.027640555053949356, -1.2440185546875], [0.0, 0.0, 0.0, 1.0]], [[0.010303590446710587, -0.9996504187583923, -0.0243504848331213, 0.007080078125], [0.009065062738955021, 0.024444157257676125, -0.999660074710846, 1.4813385009765625], [0.9999058246612549, 0.01007938478142023, 0.009313753806054592, -1.60430908203125], [0.0, 0.0, 0.0, 1.0]], [[-0.843985915184021, -0.5358805060386658, -0.022800417616963387, 1.005218505859375], [0.017011962831020355, 0.015743127092719078, -0.9997313022613525, 1.4947929382324219], [0.5360954999923706, -0.8441470861434937, -0.004170598462224007, -1.22314453125], [0.0, 0.0, 0.0, 1.0]], [[0.9479150176048279, 0.3185190260410309, 0.0016796487616375089, -1.1448860168457031], [-0.008656552992761135, 0.031032536178827286, -0.9994808435440063, 1.5620536804199219], [-0.3184058368206024, 0.9474083185195923, 0.032173480838537216, -0.15576171875], [0.0, 0.0, 0.0, 1.0]], [[0.0093117980286479, 0.9996829628944397, 0.023391326889395714, -0.0284423828125], [-0.006395848002284765, 0.02345140464603901, -0.9997045397758484, 1.5678215026855469], [-0.9999362230300903, 0.009159441106021404, 0.006612195633351803, 0.007110595703125], [0.0, 0.0, 0.0, 1.0]], [[-0.9237013459205627, 0.38310742378234863, 0.0021401518024504185, 1.09228515625], [-0.0020308613311499357, 0.0006897205603308976, -0.9999977350234985, 1.5476605892181396], [-0.3831080496311188, -0.9237034916877747, 0.00014094288053456694, -0.0718994140625], [0.0, 0.0, 0.0, 1.0]]], "view": [[0.0, -2.0, 100.0], [-2.0, 0.0, 100.0], [0.0, 0.0, 1.0]], "bev": "bev_fc897c5be3634f568b465beb97e06bea.png", "aux": "aux_fc897c5be3634f568b465beb97e06bea.npz", "visibility": "visibility_fc897c5be3634f568b465beb97e06bea.png", "pose": [[-0.8498362898826599, -0.527046799659729, 0.0, 425.2520751953125], [0.527046799659729, -0.8498362898826599, 0.0, 1623.6851806640625], [0.0, 0.0, 1.0, 0.0], [0.0, 0.0, 0.0, 1.0]], "pose_inverse": [[-0.8498362898826599, 0.527046799659729, 0.0, -494.3634033203125], [-0.527046799659729, -0.8498362898826599, 0.0, 1603.9942626953125], [0.0, 0.0, 1.0, 0.0], [0.0, 0.0, 0.0, 1.0]], "cam_ids": [0, 1, 2, 3, 4, 5], "cam_channels": ["CAM_FRONT_LEFT", "CAM_FRONT", "CAM_FRONT_RIGHT", "CAM_BACK_LEFT", "CAM_BACK", "CAM_BACK_RIGHT"], "token": "fc897c5be3634f568b465beb97e06bea", "scene": "scene-0685"}, {"images": ["samples/CAM_FRONT_LEFT/n008-2018-08-28-16-16-48-0400__CAM_FRONT_LEFT__1535488202754799.jpg", "samples/CAM_FRONT/n008-2018-08-28-16-16-48-0400__CAM_FRONT__1535488202762404.jpg", "samples/CAM_FRONT_RIGHT/n008-2018-08-28-16-16-48-0400__CAM_FRONT_RIGHT__1535488202770482.jpg", "samples/CAM_BACK_LEFT/n008-2018-08-28-16-16-48-0400__CAM_BACK_LEFT__1535488202797405.jpg", "samples/CAM_BACK/n008-2018-08-28-16-16-48-0400__CAM_BACK__1535488202787558.jpg", "samples/CAM_BACK_RIGHT/n008-2018-08-28-16-16-48-0400__CAM_BACK_RIGHT__1535488202778113.jpg"], "intrinsics": [[[1257.8625342125129, 0.0, 827.2410631095686], [0.0, 1257.8625342125129, 450.915498205774], [0.0, 0.0, 1.0]], [[1252.8131021185304, 0.0, 826.588114781398], [0.0, 1252.8131021185304, 469.9846626224581], [0.0, 0.0, 1.0]], [[1256.7485116440405, 0.0, 817.7887570959712], [0.0, 1256.7485116440403, 451.9541780095127], [0.0, 0.0, 1.0]], [[1254.9860565800168, 0.0, 829.5769333630991], [0.0, 1254.9860565800168, 467.1680561863987], [0.0, 0.0, 1.0]], [[796.8910634503094, 0.0, 857.7774326863696], [0.0, 796.8910634503094, 476.8848988407415], [0.0, 0.0, 1.0]], [[1249.9629280788233, 0.0, 825.3768045375984], [0.0, 1249.9629280788233, 462.54816385708756], [0.0, 0.0, 1.0]]], "extrinsics": [[[0.8237897157669067, -0.5664666295051575, -0.0220495518296957, -0.87255859375], [-0.003717701882123947, 0.033496107906103134, -0.9994319081306458, 1.4876937866210938], [0.566883385181427, 0.8234037160873413, 0.025487791746854782, -1.24237060546875], [0.0, 0.0, 0.0, 1.0]], [[0.012032284401357174, -0.9994949102401733, -0.029414063319563866, 0.0069580078125], [-0.0019067020621150732, 0.029393207281827927, -0.9995660781860352, 1.4799118041992188], [0.9999258518218994, 0.012083210982382298, -0.0015520708402618766, -1.60321044921875], [0.0, 0.0, 0.0, 1.0]], [[-0.8433305621147156, -0.5371536016464233, -0.01611390709877014, 1.005615234375], [0.005945601034909487, 0.02065717615187168, -0.9997689127922058, 1.4936695098876953], [0.537362277507782, -0.8432314991950989, -0.014227128587663174, -1.223388671875], [0.0, 0.0, 0.0, 1.0]], [[0.947831392288208, 0.3186868727207184, -0.007383440621197224, -1.14508056640625], [-0.019647764042019844, 0.035286515951156616, -0.9991840720176697, 1.5620651245117188], [-0.3181663453578949, 0.9472029805183411, 0.03970715031027794, -0.1556396484375], [0.0, 0.0, 0.0, 1.0]], [[0.008879413828253746, 0.9995741844177246, 0.027798349037766457, -0.0286865234375], [-0.01749187521636486, 0.027950452640652657, -0.9994562268257141, 1.5674285888671875], [-0.999807596206665, 0.008388309739530087, 0.017732609063386917, 0.0081787109375], [0.0, 0.0, 0.0, 1.0]], [[-0.9240840673446655, 0.38191935420036316, 0.014363425783813, 1.0941162109375], [-0.013293552212417126, 0.0054398528300225735, -0.9998968243598938, 1.5468549728393555], [-0.3819580674171448, -0.9241796135902405, 5.0184684369014576e-05, -0.071044921875], [0.0, 0.0, 0.0, 1.0]]], "view": [[0.0, -2.0, 100.0], [-2.0, 0.0, 100.0], [0.0, 0.0, 1.0]], "bev": "bev_c96d7cb118394502a2bfcdf4f9dee21e.png", "aux": "aux_c96d7cb118394502a2bfcdf4f9dee21e.npz", "visibility": "visibility_c96d7cb118394502a2bfcdf4f9dee21e.png", "pose": [[-0.8424128890037537, -0.5388326048851013, 0.0, 423.6822814941406], [0.5388326048851013, -0.8424128890037537, 0.0, 1624.6737060546875], [0.0, 0.0, 1.0, 0.0], [0.0, 0.0, 0.0, 1.0]], "pose_inverse": [[-0.8424128890037537, 0.5388326048851013, 0.0, -518.51171875], [-0.5388326048851013, -0.8424128890037537, 0.0, 1596.9398193359375], [0.0, 0.0, 1.0, 0.0], [0.0, 0.0, 0.0, 1.0]], "cam_ids": [0, 1, 2, 3, 4, 5], "cam_channels": ["CAM_FRONT_LEFT", "CAM_FRONT", "CAM_FRONT_RIGHT", "CAM_BACK_LEFT", "CAM_BACK", "CAM_BACK_RIGHT"], "token": "c96d7cb118394502a2bfcdf4f9dee21e", "scene": "scene-0685"}, {"images": ["samples/CAM_FRONT_LEFT/n008-2018-08-28-16-16-48-0400__CAM_FRONT_LEFT__1535488203254799.jpg", "samples/CAM_FRONT/n008-2018-08-28-16-16-48-0400__CAM_FRONT__1535488203262404.jpg", "samples/CAM_FRONT_RIGHT/n008-2018-08-28-16-16-48-0400__CAM_FRONT_RIGHT__1535488203270483.jpg", "samples/CAM_BACK_LEFT/n008-2018-08-28-16-16-48-0400__CAM_BACK_LEFT__1535488203297405.jpg", "samples/CAM_BACK/n008-2018-08-28-16-16-48-0400__CAM_BACK__1535488203287558.jpg", "samples/CAM_BACK_RIGHT/n008-2018-08-28-16-16-48-0400__CAM_BACK_RIGHT__1535488203278113.jpg"], "intrinsics": [[[1257.8625342125129, 0.0, 827.2410631095686], [0.0, 1257.8625342125129, 450.915498205774], [0.0, 0.0, 1.0]], [[1252.8131021185304, 0.0, 826.588114781398], [0.0, 1252.8131021185304, 469.9846626224581], [0.0, 0.0, 1.0]], [[1256.7485116440405, 0.0, 817.7887570959712], [0.0, 1256.7485116440403, 451.9541780095127], [0.0, 0.0, 1.0]], [[1254.9860565800168, 0.0, 829.5769333630991], [0.0, 1254.9860565800168, 467.1680561863987], [0.0, 0.0, 1.0]], [[796.8910634503094, 0.0, 857.7774326863696], [0.0, 796.8910634503094, 476.8848988407415], [0.0, 0.0, 1.0]], [[1249.9629280788233, 0.0, 825.3768045375984], [0.0, 1249.9629280788233, 462.54816385708756], [0.0, 0.0, 1.0]]], "extrinsics": [[[0.8250885605812073, -0.5642947554588318, -0.028291430324316025, -0.8759765625], [-0.0165022611618042, 0.025983227416872978, -0.9995261430740356, 1.4856910705566406], [0.5647624731063843, 0.8251644372940063, 0.012126322835683823, -1.24664306640625], [0.0, 0.0, 0.0, 1.0]], [[0.014017471112310886, -0.9996499419212341, -0.022435277700424194, 0.00830078125], [-0.014844806864857674, 0.022226955741643906, -0.9996427893638611, 1.4782447814941406], [0.9997915029525757, 0.014345474541187286, -0.014528045430779457, -1.60711669921875], [0.0, 0.0, 0.0, 1.0]], [[-0.8424723744392395, -0.5387374758720398, -0.0015204993542283773, 1.008575439453125], [-0.00710131274536252, 0.013926958665251732, -0.9998777508735657, 1.4923629760742188], [0.5386927127838135, -0.8423586487770081, -0.015558821149170399, -1.2239990234375], [0.0, 0.0, 0.0, 1.0]], [[0.9475513696670532, 0.31886157393455505, -0.02176154963672161, -1.14544677734375], [-0.03315543010830879, 0.030348343774676323, -0.9989893436431885, 1.5620880126953125], [-0.3178788721561432, 0.9473153352737427, 0.03932861238718033, -0.15576171875], [0.0, 0.0, 0.0, 1.0]], [[0.00840784888714552, 0.9997212886810303, 0.02205909788608551, -0.0289306640625], [-0.030790021643042564, 0.022308243438601494, -0.999276876449585, 1.5669784545898438], [-0.99949049949646, 0.0077225626446306705, 0.030969005078077316, 0.00933837890625], [0.0, 0.0, 0.0, 1.0]], [[-0.924338698387146, 0.3808158040046692, 0.02402593567967415, 1.0955810546875], [-0.026331130415201187, -0.0008436781936325133, -0.9996529221534729, 1.5459623336791992], [-0.38066333532333374, -0.9246504902839661, 0.010807154700160027, -0.06982421875], [0.0, 0.0, 0.0, 1.0]]], "view": [[0.0, -2.0, 100.0], [-2.0, 0.0, 100.0], [0.0, 0.0, 1.0]], "bev": "bev_4991001768c9453ea3c5d9c6d5f8cb3c.png", "aux": "aux_4991001768c9453ea3c5d9c6d5f8cb3c.npz", "visibility": "visibility_4991001768c9453ea3c5d9c6d5f8cb3c.png", "pose": [[-0.8151196241378784, -0.5792926549911499, 0.0, 422.1618347167969], [0.5792926549911499, -0.8151196241378784, 0.0, 1625.70263671875], [0.0, 0.0, 1.0, 0.0], [0.0, 0.0, 0.0, 1.0]], "pose_inverse": [[-0.8151196241378784, 0.5792926549911499, 0.0, -597.6451416015625], [-0.5792926549911499, -0.8151196241378784, 0.0, 1569.6973876953125], [0.0, 0.0, 1.0, 0.0], [0.0, 0.0, 0.0, 1.0]], "cam_ids": [0, 1, 2, 3, 4, 5], "cam_channels": ["CAM_FRONT_LEFT", "CAM_FRONT", "CAM_FRONT_RIGHT", "CAM_BACK_LEFT", "CAM_BACK", "CAM_BACK_RIGHT"], "token": "4991001768c9453ea3c5d9c6d5f8cb3c", "scene": "scene-0685"}, {"images": ["samples/CAM_FRONT_LEFT/n008-2018-08-28-16-16-48-0400__CAM_FRONT_LEFT__1535488203754799.jpg", "samples/CAM_FRONT/n008-2018-08-28-16-16-48-0400__CAM_FRONT__1535488203762404.jpg", "samples/CAM_FRONT_RIGHT/n008-2018-08-28-16-16-48-0400__CAM_FRONT_RIGHT__1535488203770482.jpg", "samples/CAM_BACK_LEFT/n008-2018-08-28-16-16-48-0400__CAM_BACK_LEFT__1535488203797405.jpg", "samples/CAM_BACK/n008-2018-08-28-16-16-48-0400__CAM_BACK__1535488203787558.jpg", "samples/CAM_BACK_RIGHT/n008-2018-08-28-16-16-48-0400__CAM_BACK_RIGHT__1535488203778113.jpg"], "intrinsics": [[[1257.8625342125129, 0.0, 827.2410631095686], [0.0, 1257.8625342125129, 450.915498205774], [0.0, 0.0, 1.0]], [[1252.8131021185304, 0.0, 826.588114781398], [0.0, 1252.8131021185304, 469.9846626224581], [0.0, 0.0, 1.0]], [[1256.7485116440405, 0.0, 817.7887570959712], [0.0, 1256.7485116440403, 451.9541780095127], [0.0, 0.0, 1.0]], [[1254.9860565800168, 0.0, 829.5769333630991], [0.0, 1254.9860565800168, 467.1680561863987], [0.0, 0.0, 1.0]], [[796.8910634503094, 0.0, 857.7774326863696], [0.0, 796.8910634503094, 476.8848988407415], [0.0, 0.0, 1.0]], [[1249.9629280788233, 0.0, 825.3768045375984], [0.0, 1249.9629280788233, 462.54816385708756], [0.0, 0.0, 1.0]]], "extrinsics": [[[0.8256378769874573, -0.5631489157676697, -0.03443112596869469, -0.869140625], [-0.029055200517177582, 0.018505966290831566, -0.9994064569473267, 1.4835090637207031], [0.5634517669677734, 0.8261482119560242, -0.0010831787949427962, -1.241455078125], [0.0, 0.0, 0.0, 1.0]], [[0.015279355458915234, -0.9997750520706177, -0.014708269387483597, 0.008056640625], [-0.027020514011383057, 0.014291753992438316, -0.9995326995849609, 1.4765052795410156], [0.999518096446991, 0.015669679269194603, -0.026796063408255577, -1.599609375], [0.0, 0.0, 0.0, 1.0]], [[-0.8417322039604187, -0.5397419929504395, 0.012858406640589237, 1.002838134765625], [-0.018720654770731926, 0.005376296583563089, -0.9998102784156799, 1.4911117553710938], [0.5395705103874207, -0.841813325881958, -0.014629730023443699, -1.220703125], [0.0, 0.0, 0.0, 1.0]], [[0.9471539855003357, 0.31890296936035156, -0.03464431315660477, -1.1439971923828125], [-0.04308091849088669, 0.019437458366155624, -0.9988824725151062, 1.5620460510253906], [-0.3178732991218567, 0.9475880861282349, 0.032148901373147964, -0.15625], [0.0, 0.0, 0.0, 1.0]], [[0.00788079109042883, 0.9998978972434998, 0.011921364814043045, -0.0286865234375], [-0.04127043858170509, 0.012236811220645905, -0.9990730285644531, 1.5664634704589844], [-0.9991169571876526, 0.0073815216310322285, 0.041362661868333817, 0.00579833984375], [0.0, 0.0, 0.0, 1.0]], [[-0.9244301319122314, 0.38011839985847473, 0.030642326921224594, 1.09033203125], [-0.03728187829256058, -0.010115381330251694, -0.9992536306381226, 1.5449895858764648], [-0.37952470779418945, -0.9248825311660767, 0.02352249249815941, -0.072021484375], [0.0, 0.0, 0.0, 1.0]]], "view": [[0.0, -2.0, 100.0], [-2.0, 0.0, 100.0], [0.0, 0.0, 1.0]], "bev": "bev_aed9e679c4e9424594ad29a1cd84de4b.png", "aux": "aux_aed9e679c4e9424594ad29a1cd84de4b.npz", "visibility": "visibility_aed9e679c4e9424594ad29a1cd84de4b.png", "pose": [[-0.785851001739502, -0.618415892124176, 0.0, 420.7266540527344], [0.618415892124176, -0.785851001739502, 0.0, 1626.782958984375], [0.0, 0.0, 1.0, 0.0], [0.0, 0.0, 0.0, 1.0]], "pose_inverse": [[-0.785851001739502, 0.618415892124176, 0.0, -675.3999633789062], [-0.618415892124176, -0.785851001739502, 0.0, 1538.593017578125], [0.0, 0.0, 1.0, 0.0], [0.0, 0.0, 0.0, 1.0]], "cam_ids": [0, 1, 2, 3, 4, 5], "cam_channels": ["CAM_FRONT_LEFT", "CAM_FRONT", "CAM_FRONT_RIGHT", "CAM_BACK_LEFT", "CAM_BACK", "CAM_BACK_RIGHT"], "token": "aed9e679c4e9424594ad29a1cd84de4b", "scene": "scene-0685"}, {"images": ["samples/CAM_FRONT_LEFT/n008-2018-08-28-16-16-48-0400__CAM_FRONT_LEFT__1535488204254799.jpg", "samples/CAM_FRONT/n008-2018-08-28-16-16-48-0400__CAM_FRONT__1535488204263001.jpg", "samples/CAM_FRONT_RIGHT/n008-2018-08-28-16-16-48-0400__CAM_FRONT_RIGHT__1535488204270482.jpg", "samples/CAM_BACK_LEFT/n008-2018-08-28-16-16-48-0400__CAM_BACK_LEFT__1535488204297405.jpg", "samples/CAM_BACK/n008-2018-08-28-16-16-48-0400__CAM_BACK__1535488204287558.jpg", "samples/CAM_BACK_RIGHT/n008-2018-08-28-16-16-48-0400__CAM_BACK_RIGHT__1535488204278113.jpg"], "intrinsics": [[[1257.8625342125129, 0.0, 827.2410631095686], [0.0, 1257.8625342125129, 450.915498205774], [0.0, 0.0, 1.0]], [[1252.8131021185304, 0.0, 826.588114781398], [0.0, 1252.8131021185304, 469.9846626224581], [0.0, 0.0, 1.0]], [[1256.7485116440405, 0.0, 817.7887570959712], [0.0, 1256.7485116440403, 451.9541780095127], [0.0, 0.0, 1.0]], [[1254.9860565800168, 0.0, 829.5769333630991], [0.0, 1254.9860565800168, 467.1680561863987], [0.0, 0.0, 1.0]], [[796.8910634503094, 0.0, 857.7774326863696], [0.0, 796.8910634503094, 476.8848988407415], [0.0, 0.0, 1.0]], [[1249.9629280788233, 0.0, 825.3768045375984], [0.0, 1249.9629280788233, 462.54816385708756], [0.0, 0.0, 1.0]]], "extrinsics": [[[0.8281736373901367, -0.5597522258758545, -0.028390688821673393, -0.8826904296875], [-0.026089385151863098, 0.012098938226699829, -0.9995864033699036, 1.4844512939453125], [0.5598642230033875, 0.8285717964172363, -0.004583572968840599, -1.25238037109375], [0.0, 0.0, 0.0, 1.0]], [[0.018791968002915382, -0.9997895359992981, -0.008232874795794487, 0.0089111328125], [-0.02400968037545681, 0.007780701853334904, -0.9996814131736755, 1.4772987365722656], [0.999535083770752, 0.01898360252380371, -0.023858409374952316, -1.6156005859375], [0.0, 0.0, 0.0, 1.0]], [[-0.8402149081230164, -0.5420761108398438, 0.013873718678951263, 1.012298583984375], [-0.015848401933908463, -0.0010255069937556982, -0.9998738765716553, 1.4915857315063477], [0.5420219898223877, -0.8403288722038269, -0.0077293929643929005, -1.225830078125], [0.0, 0.0, 0.0, 1.0]], [[0.9472154378890991, 0.31873273849487305, -0.03453170135617256, -1.144439697265625], [-0.04109366983175278, 0.013884217478334904, -0.9990588426589966, 1.5620651245117188], [-0.3179532587528229, 0.9477428793907166, 0.026249242946505547, -0.15576171875], [0.0, 0.0, 0.0, 1.0]], [[0.0067419069819152355, 0.9999589920043945, 0.006051716860383749, -0.0289306640625], [-0.03901410475373268, 0.0063102771528065205, -0.9992187023162842, 1.56671142578125], [-0.9992160201072693, 0.0065005081705749035, 0.03905504196882248, 0.009765625], [0.0, 0.0, 0.0, 1.0]], [[-0.9253216981887817, 0.37829047441482544, 0.025998376309871674, 1.097412109375], [-0.03475358337163925, -0.016334136947989464, -0.9992624521255493, 1.545457363128662], [-0.3775866627693176, -0.9255427718162537, 0.028261279687285423, -0.06884765625], [0.0, 0.0, 0.0, 1.0]]], "view": [[0.0, -2.0, 100.0], [-2.0, 0.0, 100.0], [0.0, 0.0, 1.0]], "bev": "bev_199904a57b7b45a883c5acb75f3db8b9.png", "aux": "aux_199904a57b7b45a883c5acb75f3db8b9.npz", "visibility": "visibility_199904a57b7b45a883c5acb75f3db8b9.png", "pose": [[-0.7187813520431519, -0.6952362060546875, 0.0, 419.3997802734375], [0.6952362060546875, -0.7187813520431519, 0.0, 1627.95654296875], [0.0, 0.0, 1.0, 0.0], [0.0, 0.0, 0.0, 1.0]], "pose_inverse": [[-0.7187813520431519, 0.6952362060546875, 0.0, -830.3576049804688], [-0.6952362060546875, -0.7187813520431519, 0.0, 1461.7266845703125], [0.0, 0.0, 1.0, 0.0], [0.0, 0.0, 0.0, 1.0]], "cam_ids": [0, 1, 2, 3, 4, 5], "cam_channels": ["CAM_FRONT_LEFT", "CAM_FRONT", "CAM_FRONT_RIGHT", "CAM_BACK_LEFT", "CAM_BACK", "CAM_BACK_RIGHT"], "token": "199904a57b7b45a883c5acb75f3db8b9", "scene": "scene-0685"}, {"images": ["samples/CAM_FRONT_LEFT/n008-2018-08-28-16-16-48-0400__CAM_FRONT_LEFT__1535488204754799.jpg", "samples/CAM_FRONT/n008-2018-08-28-16-16-48-0400__CAM_FRONT__1535488204762404.jpg", "samples/CAM_FRONT_RIGHT/n008-2018-08-28-16-16-48-0400__CAM_FRONT_RIGHT__1535488204770482.jpg", "samples/CAM_BACK_LEFT/n008-2018-08-28-16-16-48-0400__CAM_BACK_LEFT__1535488204797405.jpg", "samples/CAM_BACK/n008-2018-08-28-16-16-48-0400__CAM_BACK__1535488204787558.jpg", "samples/CAM_BACK_RIGHT/n008-2018-08-28-16-16-48-0400__CAM_BACK_RIGHT__1535488204778113.jpg"], "intrinsics": [[[1257.8625342125129, 0.0, 827.2410631095686], [0.0, 1257.8625342125129, 450.915498205774], [0.0, 0.0, 1.0]], [[1252.8131021185304, 0.0, 826.588114781398], [0.0, 1252.8131021185304, 469.9846626224581], [0.0, 0.0, 1.0]], [[1256.7485116440405, 0.0, 817.7887570959712], [0.0, 1256.7485116440403, 451.9541780095127], [0.0, 0.0, 1.0]], [[1254.9860565800168, 0.0, 829.5769333630991], [0.0, 1254.9860565800168, 467.1680561863987], [0.0, 0.0, 1.0]], [[796.8910634503094, 0.0, 857.7774326863696], [0.0, 796.8910634503094, 476.8848988407415], [0.0, 0.0, 1.0]], [[1249.9629280788233, 0.0, 825.3768045375984], [0.0, 1249.9629280788233, 462.54816385708756], [0.0, 0.0, 1.0]]], "extrinsics": [[[0.8282118439674377, -0.5597212314605713, -0.02788163162767887, -0.8955078125], [-0.023564597591757774, 0.014925832860171795, -0.9996108412742615, 1.4851837158203125], [0.5599196553230286, 0.8285465836524963, -0.0008278567693196237, -1.26007080078125], [0.0, 0.0, 0.0, 1.0]], [[0.018868064507842064, -0.9997592568397522, -0.011198632419109344, 0.0078125], [-0.021835163235664368, 0.010785919614136219, -0.9997034668922424, 1.4777946472167969], [0.9995835423469543, 0.019107060506939888, -0.021626394242048264, -1.62664794921875], [0.0, 0.0, 0.0, 1.0]], [[-0.8403037786483765, -0.542012095451355, 0.010604669339954853, 1.0208053588867188], [-0.013992399908602238, 0.0021295882761478424, -0.9998998045921326, 1.4919013977050781], [0.54193514585495, -0.8403680920600891, -0.009373551234602928, -1.2320556640625], [0.0, 0.0, 0.0, 1.0]], [[0.9473524689674377, 0.3185470998287201, -0.03241945803165436, -1.14361572265625], [-0.0400480255484581, 0.017426222562789917, -0.9990457892417908, 1.5620536804199219], [-0.31767821311950684, 0.947746753692627, 0.029265956953167915, -0.1552734375], [0.0, 0.0, 0.0, 1.0]], [[0.006969657260924578, 0.9999306797981262, 0.009488803334534168, -0.0284423828125], [-0.03766562417149544, 0.009744811803102493, -0.9992428421974182, 1.56691