[{"images": ["samples/CAM_FRONT_LEFT/n015-2018-09-27-15-33-17+0800__CAM_FRONT_LEFT__1538033752854844.jpg", "samples/CAM_FRONT/n015-2018-09-27-15-33-17+0800__CAM_FRONT__1538033752862460.jpg", "samples/CAM_FRONT_RIGHT/n015-2018-09-27-15-33-17+0800__CAM_FRONT_RIGHT__1538033752870339.jpg", "samples/CAM_BACK_LEFT/n015-2018-09-27-15-33-17+0800__CAM_BACK_LEFT__1538033752897423.jpg", "samples/CAM_BACK/n015-2018-09-27-15-33-17+0800__CAM_BACK__1538033752887525.jpg", "samples/CAM_BACK_RIGHT/n015-2018-09-27-15-33-17+0800__CAM_BACK_RIGHT__1538033752877893.jpg"], "intrinsics": [[[1272.5979470598488, 0.0, 826.6154927353808], [0.0, 1272.5979470598488, 479.75165386361925], [0.0, 0.0, 1.0]], [[1266.417203046554, 0.0, 816.2670197447984], [0.0, 1266.417203046554, 491.50706579294757], [0.0, 0.0, 1.0]], [[1260.8474446004698, 0.0, 807.968244525554], [0.0, 1260.8474446004698, 495.3344268742088], [0.0, 0.0, 1.0]], [[1256.7414812095406, 0.0, 792.1125740759628], [0.0, 1256.7414812095406, 492.7757465151356], [0.0, 0.0, 1.0]], [[809.2209905677063, 0.0, 829.2196003259838], [0.0, 809.2209905677063, 481.77842384512485], [0.0, 0.0, 1.0]], [[1259.5137405846733, 0.0, 807.2529053838625], [0.0, 1259.5137405846733, 501.19579884916527], [0.0, 0.0, 1.0]]], "extrinsics": [[[0.820502519607544, -0.5715638995170593, -0.009497391059994698, -0.5859375], [-0.020704999566078186, -0.01311133336275816, -0.9996996521949768, 1.4987869262695312], [0.5712676644325256, 0.8204527497291565, -0.02259211428463459, -1.02099609375], [0.0, 0.0, 0.0, 1.0]], [[0.005675285588949919, -0.9998378157615662, 0.017087223008275032, 0.010498046875], [-0.02590201422572136, -0.0172287467867136, -0.9995160698890686, 1.5107650756835938], [0.9996482729911804, 0.005229937843978405, -0.025995591655373573, -1.313720703125], [0.0, 0.0, 0.0, 1.0]], [[-0.8329275250434875, -0.5531252026557922, 0.016857214272022247, 0.7880859375], [-0.020177993923425674, -8.492547203786671e-05, -0.9997963309288025, 1.4976844787597656], [0.5530140399932861, -0.8330980539321899, -0.01109021995216608, -1.0833740234375], [0.0, 0.0, 0.0, 1.0]], [[0.9475792646408081, 0.31886860728263855, -0.02040177769958973, -1.13720703125], [-0.011198632419109344, -0.030668767169117928, -0.9994668364524841, 1.5884933471679688], [-0.3193243145942688, 0.9473025798797607, -0.02549019828438759, -0.105224609375], [0.0, 0.0, 0.0, 1.0]], [[0.0021976041607558727, 0.999783992767334, -0.020666906610131264, 0.002197265625], [-0.03671913966536522, -0.020572340115904808, -0.9991138577461243, 1.5753021240234375], [-0.9993231296539307, 0.0029545093420892954, 0.03666600212454796, -0.109130859375], [0.0, 0.0, 0.0, 1.0]], [[-0.9348316192626953, 0.3550851345062256, 0.002098488388583064, 0.93505859375], [-0.0042062364518642426, -0.005164062138646841, -0.9999778270721436, 1.5505542755126953], [-0.3550664782524109, -0.9348196983337402, 0.006321100518107414, -0.137939453125], [0.0, 0.0, 0.0, 1.0]]], "view": [[0.0, -2.0, 100.0], [-2.0, 0.0, 100.0], [0.0, 0.0, 1.0]], "bev": "bev_78d5f0f0199447ccae5536141aff9174.png", "aux": "aux_78d5f0f0199447ccae5536141aff9174.npz", "visibility": "visibility_78d5f0f0199447ccae5536141aff9174.png", "pose": [[0.5348153710365295, -0.8449689149856567, 0.0, 1098.50390625], [0.8449689149856567, 0.5348153710365295, 0.0, 2749.373779296875], [0.0, 0.0, 1.0, 0.0], [0.0, 0.0, 0.0, 1.0]], "pose_inverse": [[0.5348153710365295, 0.8449689149856567, 0.0, -2910.63232421875], [-0.8449689149856567, 0.5348153710365295, 0.0, -542.2057495117188], [0.0, 0.0, 1.0, 0.0], [0.0, 0.0, 0.0, 1.0]], "cam_ids": [0, 1, 2, 3, 4, 5], "cam_channels": ["CAM_FRONT_LEFT", "CAM_FRONT", "CAM_FRONT_RIGHT", "CAM_BACK_LEFT", "CAM_BACK", "CAM_BACK_RIGHT"], "token": "78d5f0f0199447ccae5536141aff9174", "scene": "scene-0405"}, {"images": ["samples/CAM_FRONT_LEFT/n015-2018-09-27-15-33-17+0800__CAM_FRONT_LEFT__1538033753354844.jpg", "samples/CAM_FRONT/n015-2018-09-27-15-33-17+0800__CAM_FRONT__1538033753362460.jpg", "samples/CAM_FRONT_RIGHT/n015-2018-09-27-15-33-17+0800__CAM_FRONT_RIGHT__1538033753370339.jpg", "samples/CAM_BACK_LEFT/n015-2018-09-27-15-33-17+0800__CAM_BACK_LEFT__1538033753397423.jpg", "samples/CAM_BACK/n015-2018-09-27-15-33-17+0800__CAM_BACK__1538033753387525.jpg", "samples/CAM_BACK_RIGHT/n015-2018-09-27-15-33-17+0800__CAM_BACK_RIGHT__1538033753377893.jpg"], "intrinsics": [[[1272.5979470598488, 0.0, 826.6154927353808], [0.0, 1272.5979470598488, 479.75165386361925], [0.0, 0.0, 1.0]], [[1266.417203046554, 0.0, 816.2670197447984], [0.0, 1266.417203046554, 491.50706579294757], [0.0, 0.0, 1.0]], [[1260.8474446004698, 0.0, 807.968244525554], [0.0, 1260.8474446004698, 495.3344268742088], [0.0, 0.0, 1.0]], [[1256.7414812095406, 0.0, 792.1125740759628], [0.0, 1256.7414812095406, 492.7757465151356], [0.0, 0.0, 1.0]], [[809.2209905677063, 0.0, 829.2196003259838], [0.0, 809.2209905677063, 481.77842384512485], [0.0, 0.0, 1.0]], [[1259.5137405846733, 0.0, 807.2529053838625], [0.0, 1259.5137405846733, 501.19579884916527], [0.0, 0.0, 1.0]]], "extrinsics": [[[0.8208855986595154, -0.5710468888282776, -0.0072343964129686356, -0.5830078125], [-0.021151892840862274, -0.017742227762937546, -0.9996188282966614, 1.4984893798828125], [0.5707008838653564, 0.8207257390022278, -0.0266430601477623, -1.018310546875], [0.0, 0.0, 0.0, 1.0]], [[0.006254659034311771, -0.9997448325157166, 0.02170577086508274, 0.010009765625], [-0.0263846255838871, -0.021863630041480064, -0.9994127750396729, 1.5105133056640625], [0.9996323585510254, 0.0056783277541399, -0.02651464007794857, -1.311279296875], [0.0, 0.0, 0.0, 1.0]], [[-0.8326613903045654, -0.5534271001815796, 0.019836509600281715, 0.786376953125], [-0.020681213587522507, -0.004718950483947992, -0.9997749328613281, 1.4975357055664062], [0.5533962249755859, -0.8328842520713806, -0.0075162556022405624, -1.0831298828125], [0.0, 0.0, 0.0, 1.0]], [[0.9475469589233398, 0.31883469223976135, -0.022343887016177177, -1.139404296875], [-0.01167299598455429, -0.035340242087841034, -0.9993071556091309, 1.5885200500488281], [-0.31940338015556335, 0.9471513032913208, -0.029764782637357712, -0.10455322265625], [0.0, 0.0, 0.0, 1.0]], [[0.0019602098036557436, 0.999677300453186, -0.02532782033085823, 0.0023193359375], [-0.03720399737358093, -0.0252374317497015, -0.9989889860153198, 1.5752639770507812], [-0.999305784702301, 0.0029004665557295084, 0.037142518907785416, -0.1083984375], [0.0, 0.0, 0.0, 1.0]], [[-0.9349601864814758, 0.35475173592567444, 0.0009172071586363018, 0.93505859375], [-0.00469914311543107, -0.009799406863749027, -0.9999409914016724, 1.5504531860351562], [-0.35472172498703003, -0.9349092841148376, 0.010829082690179348, -0.138427734375], [0.0, 0.0, 0.0, 1.0]]], "view": [[0.0, -2.0, 100.0], [-2.0, 0.0, 100.0], [0.0, 0.0, 1.0]], "bev": "bev_200676327a964468a5b5f224bcd02856.png", "aux": "aux_200676327a964468a5b5f224bcd02856.npz", "visibility": "visibility_200676327a964468a5b5f224bcd02856.png", "pose": [[0.5356894135475159, -0.8444151282310486, 0.0, 1101.4200439453125], [0.8444151282310486, 0.5356894135475159, 0.0, 2753.8955078125], [0.0, 0.0, 1.0, 0.0], [0.0, 0.0, 0.0, 1.0]], "pose_inverse": [[0.5356894135475159, 0.8444151282310486, 0.0, -2915.449951171875], [-0.8444151282310486, 0.5356894135475159, 0.0, -545.1768798828125], [0.0, 0.0, 1.0, 0.0], [0.0, 0.0, 0.0, 1.0]], "cam_ids": [0, 1, 2, 3, 4, 5], "cam_channels": ["CAM_FRONT_LEFT", "CAM_FRONT", "CAM_FRONT_RIGHT", "CAM_BACK_LEFT", "CAM_BACK", "CAM_BACK_RIGHT"], "token": "200676327a964468a5b5f224bcd02856", "scene": "scene-0405"}, {"images": ["samples/CAM_FRONT_LEFT/n015-2018-09-27-15-33-17+0800__CAM_FRONT_LEFT__1538033753904844.jpg", "samples/CAM_FRONT/n015-2018-09-27-15-33-17+0800__CAM_FRONT__1538033753912460.jpg", "samples/CAM_FRONT_RIGHT/n015-2018-09-27-15-33-17+0800__CAM_FRONT_RIGHT__1538033753920339.jpg", "samples/CAM_BACK_LEFT/n015-2018-09-27-15-33-17+0800__CAM_BACK_LEFT__1538033753947423.jpg", "samples/CAM_BACK/n015-2018-09-27-15-33-17+0800__CAM_BACK__1538033753937525.jpg", "samples/CAM_BACK_RIGHT/n015-2018-09-27-15-33-17+0800__CAM_BACK_RIGHT__1538033753927925.jpg"], "intrinsics": [[[1272.5979470598488, 0.0, 826.6154927353808], [0.0, 1272.5979470598488, 479.75165386361925], [0.0, 0.0, 1.0]], [[1266.417203046554, 0.0, 816.2670197447984], [0.0, 1266.417203046554, 491.50706579294757], [0.0, 0.0, 1.0]], [[1260.8474446004698, 0.0, 807.968244525554], [0.0, 1260.8474446004698, 495.3344268742088], [0.0, 0.0, 1.0]], [[1256.7414812095406, 0.0, 792.1125740759628], [0.0, 1256.7414812095406, 492.7757465151356], [0.0, 0.0, 1.0]], [[809.2209905677063, 0.0, 829.2196003259838], [0.0, 809.2209905677063, 481.77842384512485], [0.0, 0.0, 1.0]], [[1259.5137405846733, 0.0, 807.2529053838625], [0.0, 1259.5137405846733, 501.19579884916527], [0.0, 0.0, 1.0]]], "extrinsics": [[[0.8208853602409363, -0.5710425972938538, -0.007587115280330181, -0.578125], [-0.0216356310993433, -0.017820456996560097, -0.9996070861816406, 1.4980926513671875], [0.5706830024719238, 0.8207271099090576, -0.026983419433236122, -1.0126953125], [0.0, 0.0, 0.0, 1.0]], [[0.006218116730451584, -0.9997469782829285, 0.021617066115140915, 0.00860595703125], [-0.026885272935032845, -0.02177681028842926, -0.999401330947876, 1.5101165771484375], [0.99961918592453, 0.005633181892335415, -0.027013879269361496, -1.30419921875], [0.0, 0.0, 0.0, 1.0]], [[-0.832710862159729, -0.5533416271209717, 0.020143117755651474, 0.780029296875], [-0.02122119627892971, -0.004458840005099773, -0.9997648000717163, 1.497222900390625], [0.5533013343811035, -0.8329424262046814, -0.00802964624017477, -1.0802001953125], [0.0, 0.0, 0.0, 1.0]], [[0.9475281238555908, 0.3188442587852478, -0.02299460396170616, -1.13671875], [-0.012604638002812862, -0.034611716866493225, -0.9993213415145874, 1.5884819030761719], [-0.31942373514175415, 0.9471749663352966, -0.028776660561561584, -0.105560302734375], [0.0, 0.0, 0.0, 1.0]], [[0.00201025209389627, 0.9996909499168396, -0.024775227531790733, 0.00274658203125], [-0.037948038429021835, -0.024681169539690018, -0.9989748597145081, 1.57501220703125], [-0.9992777109146118, 0.0029484163969755173, 0.03788669779896736, -0.113037109375], [0.0, 0.0, 0.0, 1.0]], [[-0.9349170923233032, 0.35486268997192383, 0.0016246415907517076, 0.9296875], [-0.005307722836732864, -0.009405712597072124, -0.9999416470527649, 1.5502815246582031], [-0.3548266887664795, -0.9348711371421814, 0.010677074082195759, -0.1414794921875], [0.0, 0.0, 0.0, 1.0]]], "view": [[0.0, -2.0, 100.0], [-2.0, 0.0, 100.0], [0.0, 0.0, 1.0]], "bev": "bev_11b489d6f37945d3b2ef41ec0479770c.png", "aux": "aux_11b489d6f37945d3b2ef41ec0479770c.npz", "visibility": "visibility_11b489d6f37945d3b2ef41ec0479770c.png", "pose": [[0.537375807762146, -0.8433429002761841, 0.0, 1104.6571044921875], [0.8433429002761841, 0.537375807762146, 0.0, 2758.943359375], [0.0, 0.0, 1.0, 0.0], [0.0, 0.0, 0.0, 1.0]], "pose_inverse": [[0.537375807762146, 0.8433429002761841, 0.0, -2920.351318359375], [-0.8433429002761841, 0.537375807762146, 0.0, -550.9848022460938], [0.0, 0.0, 1.0, 0.0], [0.0, 0.0, 0.0, 1.0]], "cam_ids": [0, 1, 2, 3, 4, 5], "cam_channels": ["CAM_FRONT_LEFT", "CAM_FRONT", "CAM_FRONT_RIGHT", "CAM_BACK_LEFT", "CAM_BACK", "CAM_BACK_RIGHT"], "token": "11b489d6f37945d3b2ef41ec0479770c", "scene": "scene-0405"}, {"images": ["samples/CAM_FRONT_LEFT/n015-2018-09-27-15-33-17+0800__CAM_FRONT_LEFT__1538033754404844.jpg", "samples/CAM_FRONT/n015-2018-09-27-15-33-17+0800__CAM_FRONT__1538033754412460.jpg", "samples/CAM_FRONT_RIGHT/n015-2018-09-27-15-33-17+0800__CAM_FRONT_RIGHT__1538033754420339.jpg", "samples/CAM_BACK_LEFT/n015-2018-09-27-15-33-17+0800__CAM_BACK_LEFT__1538033754447423.jpg", "samples/CAM_BACK/n015-2018-09-27-15-33-17+0800__CAM_BACK__1538033754437525.jpg", "samples/CAM_BACK_RIGHT/n015-2018-09-27-15-33-17+0800__CAM_BACK_RIGHT__1538033754427893.jpg"], "intrinsics": [[[1272.5979470598488, 0.0, 826.6154927353808], [0.0, 1272.5979470598488, 479.75165386361925], [0.0, 0.0, 1.0]], [[1266.417203046554, 0.0, 816.2670197447984], [0.0, 1266.417203046554, 491.50706579294757], [0.0, 0.0, 1.0]], [[1260.8474446004698, 0.0, 807.968244525554], [0.0, 1260.8474446004698, 495.3344268742088], [0.0, 0.0, 1.0]], [[1256.7414812095406, 0.0, 792.1125740759628], [0.0, 1256.7414812095406, 492.7757465151356], [0.0, 0.0, 1.0]], [[809.2209905677063, 0.0, 829.2196003259838], [0.0, 809.2209905677063, 481.77842384512485], [0.0, 0.0, 1.0]], [[1259.5137405846733, 0.0, 807.2529053838625], [0.0, 1259.5137405846733, 501.19579884916527], [0.0, 0.0, 1.0]]], "extrinsics": [[[0.8205221891403198, -0.5713427066802979, -0.0176295954734087, -0.585693359375], [-0.028637288138270378, -0.010284719988703728, -0.99953693151474, 1.49505615234375], [0.5708968043327332, 0.820647120475769, -0.02480054832994938, -1.0185546875], [0.0, 0.0, 0.0, 1.0]], [[0.005989120341837406, -0.9998833537101746, 0.014047923497855663, 0.00927734375], [-0.03416984900832176, -0.014244602993130684, -0.999314546585083, 1.507568359375], [0.9993980526924133, 0.005505031440407038, -0.03425117954611778, -1.312255859375], [0.0, 0.0, 0.0, 1.0]], [[-0.832678496837616, -0.5533078908920288, 0.02228895016014576, 0.786865234375], [-0.02879640832543373, 0.0030698124319314957, -0.9995805621147156, 1.4951248168945312], [0.5530073642730713, -0.8329710364341736, -0.018489446491003036, -1.0838623046875], [0.0, 0.0, 0.0, 1.0]], [[0.9474120736122131, 0.31872379779815674, -0.0287304800003767, -1.1376953125], [-0.0212102010846138, -0.02704131044447422, -0.9994092583656311, 1.588470458984375], [-0.31931236386299133, 0.9474617838859558, -0.018859071657061577, -0.10528564453125], [0.0, 0.0, 0.0, 1.0]], [[0.0021104051265865564, 0.9998498558998108, -0.017199181020259857, 0.0023193359375], [-0.04611682891845703, -0.017083605751395226, -0.9987899661064148, 1.574249267578125], [-0.9989337921142578, 0.002900994848459959, 0.046073850244283676, -0.10888671875], [0.0, 0.0, 0.0, 1.0]], [[-0.9347917437553406, 0.35500553250312805, 0.011634543538093567, 0.935302734375], [-0.013147139921784401, -0.001848761923611164, -0.9999118447303772, 1.5486221313476562], [-0.35495278239250183, -0.9348624348640442, 0.006395513191819191, -0.1387939453125], [0.0, 0.0, 0.0, 1.0]]], "view": [[0.0, -2.0, 100.0], [-2.0, 0.0, 100.0], [0.0, 0.0, 1.0]], "bev": "bev_ef2ef89e3cdf48098d60b21fd4ab317a.png", "aux": "aux_ef2ef89e3cdf48098d60b21fd4ab317a.npz", "visibility": "visibility_ef2ef89e3cdf48098d60b21fd4ab317a.png", "pose": [[0.5424439907073975, -0.8400919437408447, 0.0, 1107.6107177734375], [0.8400919437408447, 0.5424439907073975, 0.0, 2763.47998046875], [0.0, 0.0, 1.0, 0.0], [0.0, 0.0, 0.0, 1.0]], "pose_inverse": [[0.5424439907073975, 0.8400919437408447, 0.0, -2922.39404296875], [-0.8400919437408447, 0.5424439907073975, 0.0, -568.538330078125], [0.0, 0.0, 1.0, 0.0], [0.0, 0.0, 0.0, 1.0]], "cam_ids": [0, 1, 2, 3, 4, 5], "cam_channels": ["CAM_FRONT_LEFT", "CAM_FRONT", "CAM_FRONT_RIGHT", "CAM_BACK_LEFT", "CAM_BACK", "CAM_BACK_RIGHT"], "token": "ef2ef89e3cdf48098d60b21fd4ab317a", "scene": "scene-0405"}, {"images": ["samples/CAM_FRONT_LEFT/n015-2018-09-27-15-33-17+0800__CAM_FRONT_LEFT__1538033754904844.jpg", "samples/CAM_FRONT/n015-2018-09-27-15-33-17+0800__CAM_FRONT__1538033754912460.jpg", "samples/CAM_FRONT_RIGHT/n015-2018-09-27-15-33-17+0800__CAM_FRONT_RIGHT__1538033754920339.jpg", "samples/CAM_BACK_LEFT/n015-2018-09-27-15-33-17+0800__CAM_BACK_LEFT__1538033754947423.jpg", "samples/CAM_BACK/n015-2018-09-27-15-33-17+0800__CAM_BACK__1538033754937525.jpg", "samples/CAM_BACK_RIGHT/n015-2018-09-27-15-33-17+0800__CAM_BACK_RIGHT__1538033754927893.jpg"], "intrinsics": [[[1272.5979470598488, 0.0, 826.6154927353808], [0.0, 1272.5979470598488, 479.75165386361925], [0.0, 0.0, 1.0]], [[1266.417203046554, 0.0, 816.2670197447984], [0.0, 1266.417203046554, 491.50706579294757], [0.0, 0.0, 1.0]], [[1260.8474446004698, 0.0, 807.968244525554], [0.0, 1260.8474446004698, 495.3344268742088], [0.0, 0.0, 1.0]], [[1256.7414812095406, 0.0, 792.1125740759628], [0.0, 1256.7414812095406, 492.7757465151356], [0.0, 0.0, 1.0]], [[809.2209905677063, 0.0, 829.2196003259838], [0.0, 809.2209905677063, 481.77842384512485], [0.0, 0.0, 1.0]], [[1259.5137405846733, 0.0, 807.2529053838625], [0.0, 1259.5137405846733, 501.19579884916527], [0.0, 0.0, 1.0]]], "extrinsics": [[[0.8204448223114014, -0.5712438225746155, -0.023470431566238403, -0.591064453125], [-0.038679156452417374, -0.014501187950372696, -0.9991464614868164, 1.4906845092773438], [0.5704157948493958, 0.8206523656845093, -0.03399265184998512, -1.022216796875], [0.0, 0.0, 0.0, 1.0]], [[0.006363382562994957, -0.9998114109039307, 0.018343672156333923, 0.00946044921875], [-0.04424729198217392, -0.018607595935463905, -0.9988473057746887, 1.5039215087890625], [0.9990003108978271, 0.005544343497604132, -0.04435735568404198, -1.316650390625], [0.0, 0.0, 0.0, 1.0]], [[-0.8322893977165222, -0.5533452033996582, 0.03321836516261101, 0.787841796875], [-0.03892097622156143, -0.0014451134484261274, -0.9992412328720093, 1.4921722412109375], [0.5529733300209045, -0.83295077085495, -0.02033398114144802, -1.083984375], [0.0, 0.0, 0.0, 1.0]], [[0.9470759630203247, 0.318513423204422, -0.03995266929268837, -1.13916015625], [-0.03123725950717926, -0.03242591768503189, -0.9989858865737915, 1.5884628295898438], [-0.31948593258857727, 0.9473636150360107, -0.020760321989655495, -0.10467529296875], [0.0, 0.0, 0.0, 1.0]], [[0.0018513232935220003, 0.9997511506080627, -0.022231049835681915, 0.001953125], [-0.05627678707242012, -0.02209169790148735, -0.9981707334518433, 1.5731658935546875], [-0.9984134435653687, 0.00309899915009737, 0.05622188374400139, -0.108154296875], [0.0, 0.0, 0.0, 1.0]], [[-0.9346875548362732, 0.3549356758594513, 0.019484858959913254, 0.93505859375], [-0.02332168072462082, -0.0065345424227416515, -0.9997066259384155, 1.5464630126953125], [-0.3547043204307556, -0.9348679780960083, 0.014385455287992954, -0.1383056640625], [0.0, 0.0, 0.0, 1.0]]], "view": [[0.0, -2.0, 100.0], [-2.0, 0.0, 100.0], [0.0, 0.0, 1.0]], "bev": "bev_317ad3455b3044779b07376975a42d78.png", "aux": "aux_317ad3455b3044779b07376975a42d78.npz", "visibility": "visibility_317ad3455b3044779b07376975a42d78.png", "pose": [[0.5456392168998718, -0.8380202054977417, 0.0, 1110.5745849609375], [0.8380202054977417, 0.5456392168998718, 0.0, 2768.00439453125], [0.0, 0.0, 1.0, 0.0], [0.0, 0.0, 0.0, 1.0]], "pose_inverse": [[0.5456392168998718, 0.8380202054977417, 0.0, -2925.61669921875], [-0.8380202054977417, 0.5456392168998718, 0.0, -579.6478881835938], [0.0, 0.0, 1.0, 0.0], [0.0, 0.0, 0.0, 1.0]], "cam_ids": [0, 1, 2, 3, 4, 5], "cam_channels": ["CAM_FRONT_LEFT", "CAM_FRONT", "CAM_FRONT_RIGHT", "CAM_BACK_LEFT", "CAM_BACK", "CAM_BACK_RIGHT"], "token": "317ad3455b3044779b07376975a42d78", "scene": "scene-0405"}, {"images": ["samples/CAM_FRONT_LEFT/n015-2018-09-27-15-33-17+0800__CAM_FRONT_LEFT__1538033755404844.jpg", "samples/CAM_FRONT/n015-2018-09-27-15-33-17+0800__CAM_FRONT__1538033755412460.jpg", "samples/CAM_FRONT_RIGHT/n015-2018-09-27-15-33-17+0800__CAM_FRONT_RIGHT__1538033755420339.jpg", "samples/CAM_BACK_LEFT/n015-2018-09-27-15-33-17+0800__CAM_BACK_LEFT__1538033755447423.jpg", "samples/CAM_BACK/n015-2018-09-27-15-33-17+0800__CAM_BACK__1538033755437525.jpg", "samples/CAM_BACK_RIGHT/n015-2018-09-27-15-33-17+0800__CAM_BACK_RIGHT__1538033755427893.jpg"], "intrinsics": [[[1272.5979470598488, 0.0, 826.6154927353808], [0.0, 1272.5979470598488, 479.75165386361925], [0.0, 0.0, 1.0]], [[1266.417203046554, 0.0, 816.2670197447984], [0.0, 1266.417203046554, 491.50706579294757], [0.0, 0.0, 1.0]], [[1260.8474446004698, 0.0, 807.968244525554], [0.0, 1260.8474446004698, 495.3344268742088], [0.0, 0.0, 1.0]], [[1256.7414812095406, 0.0, 792.1125740759628], [0.0, 1256.7414812095406, 492.7757465151356], [0.0, 0.0, 1.0]], [[809.2209905677063, 0.0, 829.2196003259838], [0.0, 809.2209905677063, 481.77842384512485], [0.0, 0.0, 1.0]], [[1259.5137405846733, 0.0, 807.2529053838625], [0.0, 1259.5137405846733, 501.19579884916527], [0.0, 0.0, 1.0]]], "extrinsics": [[[0.8201403021812439, -0.5716949105262756, -0.02312295325100422, -0.592041015625], [-0.045484431087970734, -0.02485896646976471, -0.9986556768417358, 1.48760986328125], [0.5703515410423279, 0.82008957862854, -0.04639105871319771, -1.021728515625], [0.0, 0.0, 0.0, 1.0]], [[0.00620997603982687, -0.9995713829994202, 0.02860722877085209, 0.0079345703125], [-0.050513118505477905, -0.028884820640087128, -0.99830561876297, 1.5017242431640625], [0.9987040758132935, 0.004754372872412205, -0.050670843571424484, -1.320068359375], [0.0, 0.0, 0.0, 1.0]], [[-0.8322623372077942, -0.5526629090309143, 0.043623413890600204, 0.792236328125], [-0.04462558403611183, -0.011646884493529797, -0.9989358186721802, 1.490753173828125], [0.552582859992981, -0.8333234786987305, -0.014969639480113983, -1.089111328125], [0.0, 0.0, 0.0, 1.0]], [[0.9468591809272766, 0.3183601200580597, -0.04587641358375549, -1.140380859375], [-0.03471620753407478, -0.04064413160085678, -0.9985703825950623, 1.5885009765625], [-0.3197695314884186, 0.9470981359481812, -0.027432015165686607, -0.104156494140625], [0.0, 0.0, 0.0, 1.0]], [[0.00174504064489156, 0.9995014071464539, -0.031525541096925735, 0.0029296875], [-0.060645222663879395, -0.031361788511276245, -0.997666597366333, 1.572906494140625], [-0.9981578588485718, 0.003652852261438966, 0.06056024879217148, -0.104248046875], [0.0, 0.0, 0.0, 1.0]], [[-0.9344915747642517, 0.3553803861141205, 0.020743144676089287, 0.94140625], [-0.028464488685131073, -0.016511647030711174, -0.9994584321975708, 1.5455245971679688], [-0.35484543442726135, -0.9345759749412537, 0.025545714423060417, -0.137451171875], [0.0, 0.0, 0.0, 1.0]]], "view": [[0.0, -2.0, 100.0], [-2.0, 0.0, 100.0], [0.0, 0.0, 1.0]], "bev": "bev_250b94080e87428291a8d23555495a01.png", "aux": "aux_250b94080e87428291a8d23555495a01.npz", "visibility": "visibility_250b94080e87428291a8d23555495a01.png", "pose": [[0.5454171299934387, -0.838164746761322, 0.0, 1113.5030517578125], [0.838164746761322, 0.5454171299934387, 0.0, 2772.447265625], [0.0, 0.0, 1.0, 0.0], [0.0, 0.0, 0.0, 1.0]], "pose_inverse": [[0.5454171299934387, 0.838164746761322, 0.0, -2931.09130859375], [-0.838164746761322, 0.5454171299934387, 0.0, -578.8411865234375], [0.0, 0.0, 1.0, 0.0], [0.0, 0.0, 0.0, 1.0]], "cam_ids": [0, 1, 2, 3, 4, 5], "cam_channels": ["CAM_FRONT_LEFT", "CAM_FRONT", "CAM_FRONT_RIGHT", "CAM_BACK_LEFT", "CAM_BACK", "CAM_BACK_RIGHT"], "token": "250b94080e87428291a8d23555495a01", "scene": "scene-0405"}, {"images": ["samples/CAM_FRONT_LEFT/n015-2018-09-27-15-33-17+0800__CAM_FRONT_LEFT__1538033755904844.jpg", "samples/CAM_FRONT/n015-2018-09-27-15-33-17+0800__CAM_FRONT__1538033755912460.jpg", "samples/CAM_FRONT_RIGHT/n015-2018-09-27-15-33-17+0800__CAM_FRONT_RIGHT__1538033755920339.jpg", "samples/CAM_BACK_LEFT/n015-2018-09-27-15-33-17+0800__CAM_BACK_LEFT__1538033755947423.jpg", "samples/CAM_BACK/n015-2018-09-27-15-33-17+0800__CAM_BACK__1538033755937525.jpg", "samples/CAM_BACK_RIGHT/n015-2018-09-27-15-33-17+0800__CAM_BACK_RIGHT__1538033755927893.jpg"], "intrinsics": [[[1272.5979470598488, 0.0, 826.6154927353808], [0.0, 1272.5979470598488, 479.75165386361925], [0.0, 0.0, 1.0]], [[1266.417203046554, 0.0, 816.2670197447984], [0.0, 1266.417203046554, 491.50706579294757], [0.0, 0.0, 1.0]], [[1260.8474446004698, 0.0, 807.968244525554], [0.0, 1260.8474446004698, 495.3344268742088], [0.0, 0.0, 1.0]], [[1256.7414812095406, 0.0, 792.1125740759628], [0.0, 1256.7414812095406, 492.7757465151356], [0.0, 0.0, 1.0]], [[809.2209905677063, 0.0, 829.2196003259838], [0.0, 809.2209905677063, 481.77842384512485], [0.0, 0.0, 1.0]], [[1259.5137405846733, 0.0, 807.2529053838625], [0.0, 1259.5137405846733, 501.19579884916527], [0.0, 0.0, 1.0]]], "extrinsics": [[[0.8205623626708984, -0.57071852684021, -0.030946863815188408, -0.609130859375], [-0.0452515073120594, -0.010895668528974056, -0.9989162087440491, 1.4886627197265625], [0.5697628259658813, 0.8210735321044922, -0.03476645052433014, -1.033935546875], [0.0, 0.0, 0.0, 1.0]], [[0.006835202220827341, -0.9998661875724792, 0.014864342287182808, 0.008056640625], [-0.05056815966963768, -0.015191284008324146, -0.9986050724983215, 1.5025787353515625], [0.9986971616744995, 0.006074018310755491, -0.050665225833654404, -1.33740234375], [0.0, 0.0, 0.0, 1.0]], [[-0.8319622278213501, -0.5536315441131592, 0.03648246079683304, 0.80322265625], [-0.04499094560742378, 0.0017797210020944476, -0.998985767364502, 1.4912567138671875], [0.5530051589012146, -0.8327598571777344, -0.026389067992568016, -1.09619140625], [0.0, 0.0, 0.0, 1.0]], [[0.9469537734985352, 0.3183843195438385, -0.043702058494091034, -1.14697265625], [-0.03626688942313194, -0.02924618311226368, -0.9989140629768372, 1.5887451171875], [-0.31931671500205994, 0.9475104212760925, -0.016147974878549576, -0.10186767578125], [0.0, 0.0, 0.0, 1.0]], [[0.001831656089052558, 0.9998133778572083, -0.01923074945807457, 0.00274658203125], [-0.06170518323779106, -0.019081134349107742, -0.9979120492935181, 1.5733489990234375], [-0.9980927109718323, 0.003014513524249196, 0.06165871396660805, -0.094970703125], [0.0, 0.0, 0.0, 1.0]], [[-0.9345787167549133, 0.35480526089668274, 0.025996556505560875, 0.951904296875], [-0.029127489775419235, -0.0034851913806051016, -0.9995696544647217, 1.5457229614257812], [-0.35456201434135437, -0.9349337220191956, 0.013591778464615345, -0.133056640625], [0.0, 0.0, 0.0, 1.0]]], "view": [[0.0, -2.0, 100.0], [-2.0, 0.0, 100.0], [0.0, 0.0, 1.0]], "bev": "bev_0fe39a58cf804488b416028d6f4d7778.png", "aux": "aux_0fe39a58cf804488b416028d6f4d7778.npz", "visibility": "visibility_0fe39a58cf804488b416028d6f4d7778.png", "pose": [[0.5445113778114319, -0.8387534618377686, 0.0, 1116.338623046875], [0.8387534618377686, 0.5445113778114319, 0.0, 2776.78564453125], [0.0, 0.0, 1.0, 0.0], [0.0, 0.0, 0.0, 1.0]], "pose_inverse": [[0.5445113778114319, 0.8387534618377686, 0.0, -2936.897705078125], [-0.8387534618377686, 0.5445113778114319, 0.0, -575.6585693359375], [0.0, 0.0, 1.0, 0.0], [0.0, 0.0, 0.0, 1.0]], "cam_ids": [0, 1, 2, 3, 4, 5], "cam_channels": ["CAM_FRONT_LEFT", "CAM_FRONT", "CAM_FRONT_RIGHT", "CAM_BACK_LEFT", "CAM_BACK", "CAM_BACK_RIGHT"], "token": "0fe39a58cf804488b416028d6f4d7778", "scene": "scene-0405"}, {"images": ["samples/CAM_FRONT_LEFT/n015-2018-09-27-15-33-17+0800__CAM_FRONT_LEFT__1538033756404844.jpg", "samples/CAM_FRONT/n015-2018-09-27-15-33-17+0800__CAM_FRONT__1538033756412460.jpg", "samples/CAM_FRONT_RIGHT/n015-2018-09-27-15-33-17+0800__CAM_FRONT_RIGHT__1538033756420339.jpg", "samples/CAM_BACK_LEFT/n015-2018-09-27-15-33-17+0800__CAM_BACK_LEFT__1538033756447423.jpg", "samples/CAM_BACK/n015-2018-09-27-15-33-17+0800__CAM_BACK__1538033756437525.jpg", "samples/CAM_BACK_RIGHT/n015-2018-09-27-15-33-17+0800__CAM_BACK_RIGHT__1538033756427893.jpg"], "intrinsics": [[[1272.5979470598488, 0.0, 826.6154927353808], [0.0, 1272.5979470598488, 479.75165386361925], [0.0, 0.0, 1.0]], [[1266.417203046554, 0.0, 816.2670197447984], [0.0, 1266.417203046554, 491.50706579294757], [0.0, 0.0, 1.0]], [[1260.8474446004698, 0.0, 807.968244525554], [0.0, 1260.8474446004698, 495.3344268742088], [0.0, 0.0, 1.0]], [[1256.7414812095406, 0.0, 792.1125740759628], [0.0, 1256.7414812095406, 492.7757465151356], [0.0, 0.0, 1.0]], [[809.2209905677063, 0.0, 829.2196003259838], [0.0, 809.2209905677063, 481.77842384512485], [0.0, 0.0, 1.0]], [[1259.5137405846733, 0.0, 807.2529053838625], [0.0, 1259.5137405846733, 501.19579884916527], [0.0, 0.0, 1.0]]], "extrinsics": [[[0.8203489184379578, -0.5712095499038696, -0.027336904779076576, -0.596435546875], [-0.04466891661286354, -0.016348008066415787, -0.9988680481910706, 1.4882965087890625], [0.5701161026954651, 0.8206413984298706, -0.0389263853430748, -1.026611328125], [0.0, 0.0, 0.0, 1.0]], [[0.006552556063979864, -0.9997795224189758, 0.019947852939367294, 0.0091552734375], [-0.049869246780872345, -0.020250171422958374, -0.9985504746437073, 1.502227783203125], [0.9987342357635498, 0.0055482047609984875, -0.0499909371137619, -1.324951171875], [0.0, 0.0, 0.0, 1.0]], [[-0.8320662975311279, -0.5533466935157776, 0.03838013857603073, 0.795654296875], [-0.04416804388165474, -0.0028766407631337643, -0.999019980430603, 1.4910736083984375], [0.5529147982597351, -0.8329460620880127, -0.022046687081456184, -1.0902099609375], [0.0, 0.0, 0.0, 1.0]], [[0.946959912776947, 0.31841588020324707, -0.04333744943141937, -1.143310546875], [-0.03471226990222931, -0.03271504119038582, -0.9988617300987244, 1.5885772705078125], [-0.31947124004364014, 0.9473863840103149, -0.019926898181438446, -0.1033935546875], [0.0, 0.0, 0.0, 1.0]], [[0.0017845798283815384, 0.9997333288192749, -0.023025499656796455, 0.00286865234375], [-0.0604846365749836, -0.02287546917796135, -0.9979069828987122, 1.5731048583984375], [-0.9981675744056702, 0.003173472825437784, 0.06042768061161041, -0.101318359375], [0.0, 0.0, 0.0, 1.0]], [[-0.9345937371253967, 0.3549342453479767, 0.023583121597766876, 0.9443359375], [-0.028159519657492638, -0.007732842117547989, -0.9995735287666321, 1.5456771850585938], [-0.35460054874420166, -0.9348593950271606, 0.01722184382379055, -0.1357421875], [0.0, 0.0, 0.0, 1.0]]], "view": [[0.0, -2.0, 100.0], [-2.0, 0.0, 100.0], [0.0, 0.0, 1.0]], "bev": "bev_98223eaab39947ac84ccbb8987c25eb9.png", "aux": "aux_98223eaab39947ac84ccbb8987c25eb9.npz", "visibility": "visibility_98223eaab39947ac84ccbb8987c25eb9.png", "pose": [[0.5529014468193054, -0.833246648311615, 0.0, 1119.2249755859375], [0.833246648311615, 0.5529014468193054, 0.0, 2781.1201171875], [0.0, 0.0, 1.0, 0.0], [0.0, 0.0, 0.0, 1.0]], "pose_inverse": [[0.5529014468193054, 0.833246648311615, 0.0, -2936.18017578125], [-0.833246648311615, 0.5529014468193054, 0.0, -605.0947875976562], [0.0, 0.0, 1.0, 0.0], [0.0, 0.0, 0.0, 1.0]], "cam_ids": [0, 1, 2, 3, 4, 5], "cam_channels": ["CAM_FRONT_LEFT", "CAM_FRONT", "CAM_FRONT_RIGHT", "CAM_BACK_LEFT", "CAM_BACK", "CAM_BACK_RIGHT"], "token": "98223eaab39947ac84ccbb8987c25eb9", "scene": "scene-0405"}, {"images": ["samples/CAM_FRONT_LEFT/n015-2018-09-27-15-33-17+0800__CAM_FRONT_LEFT__1538033756904844.jpg", "samples/CAM_FRONT/n015-2018-09-27-15-33-17+0800__CAM_FRONT__1538033756912460.jpg", "samples/CAM_FRONT_RIGHT/n015-2018-09-27-15-33-17+0800__CAM_FRONT_RIGHT__1538033756920339.jpg", "samples/CAM_BACK_LEFT/n015-2018-09-27-15-33-17+0800__CAM_BACK_LEFT__1538033756947423.jpg", "samples/CAM_BACK/n015-2018-09-27-15-33-17+0800__CAM_BACK__1538033756937525.jpg", "samples/CAM_BACK_RIGHT/n015-2018-09-27-15-33-17+0800__CAM_BACK_RIGHT__1538033756927893.jpg"], "intrinsics": [[[1272.5979470598488, 0.0, 826.6154927353808], [0.0, 1272.5979470598488, 479.75165386361925], [0.0, 0.0, 1.0]], [[1266.417203046554, 0.0, 816.2670197447984], [0.0, 1266.417203046554, 491.50706579294757], [0.0, 0.0, 1.0]], [[1260.8474446004698, 0.0, 807.968244525554], [0.0, 1260.8474446004698, 495.3344268742088], [0.0, 0.0, 1.0]], [[1256.7414812095406, 0.0, 792.1125740759628], [0.0, 1256.7414812095406, 492.7757465151356], [0.0, 0.0, 1.0]], [[809.2209905677063, 0.0, 829.2196003259838], [0.0, 809.2209905677063, 481.77842384512485], [0.0, 0.0, 1.0]], [[1259.5137405846733, 0.0, 807.2529053838625], [0.0, 1259.5137405846733, 501.19579884916527], [0.0, 0.0, 1.0]]], "extrinsics": [[[0.820923388004303, -0.5709560513496399, -0.009701251983642578, -0.6090087890625], [-0.027398234233260155, -0.022412722930312157, -0.9993733167648315, 1.496307373046875], [0.5703807473182678, 0.8206746578216553, -0.03404231369495392, -1.03125], [0.0, 0.0, 0.0, 1.0]], [[0.006436305586248636, -0.9996355175971985, 0.026217244565486908, 0.005615234375], [-0.03215597942471504, -0.02641112729907036, -0.9991338849067688, 1.5090255737304688], [0.9994621276855469, 0.005587683524936438, -0.0323142483830452, -1.336181640625], [0.0, 0.0, 0.0, 1.0]], [[-0.8325835466384888, -0.5532554984092712, 0.026702439412474632, 0.801513671875], [-0.025985002517700195, -0.009141569025814533, -0.9996204972267151, 1.4964599609375], [0.5532895922660828, -0.8329614400863647, -0.006765223108232021, -1.09765625], [0.0, 0.0, 0.0, 1.0]], [[0.9474385380744934, 0.31879478693008423, -0.027021655812859535, -1.14404296875], [-0.015153453685343266, -0.039650384336709976, -0.9990986585617065, 1.5885848999023438], [-0.3195788860321045, 0.9469940662384033, -0.03273545950651169, -0.103118896484375], [0.0, 0.0, 0.0, 1.0]], [[0.0018773939227685332, 0.9995573163032532, -0.02969571389257908, 0.00390625], [-0.041331443935632706, -0.029592828825116158, -0.998707115650177, 1.575225830078125], [-0.9991437196731567, 0.00310233305208385, 0.0412575863301754, -0.097412109375], [0.0, 0.0, 0.0, 1.0]], [[-0.9349080920219421, 0.3548688292503357, 0.003859066404402256, 0.951416015625], [-0.009507154114544392, -0.01417371816933155, -0.999854326248169, 1.5495414733886719], [-0.35476255416870117, -0.934808611869812, 0.016624916344881058, -0.1356201171875], [0.0, 0.0, 0.0, 1.0]]], "view": [[0.0, -2.0, 100.0], [-2.0, 0.0, 100.0], [0.0, 0.0, 1.0]], "bev": "bev_27b87f75ed3a4400951186cd7d11fe6c.png", "aux": "aux_27b87f75ed3a4400951186cd7d11fe6c.npz", "visibility": "visibility_27b87f75ed3a4400951186cd7d11fe6c.png", "pose": [[0.5611457824707031, -0.8277170062065125, 0.0, 1122.1092529296875], [0.8277170062065125, 0.5611457824707031, 0.0, 2785.380859375], [0.0, 0.0, 1.0, 0.0], [0.0, 0.0, 0.0, 1.0]], "pose_inverse": [[0.5611457824707031, 0.8277170062065125, 0.0, -2935.173828125], [-0.8277170062065125, 0.5611457824707031, 0.0, -634.2157592773438], [0.0, 0.0, 1.0, 0.0], [0.0, 0.0, 0.0, 1.0]], "cam_ids": [0, 1, 2, 3, 4, 5], "cam_channels": ["CAM_FRONT_LEFT", "CAM_FRONT", "CAM_FRONT_RIGHT", "CAM_BACK_LEFT", "CAM_BACK", "CAM_BACK_RIGHT"], "token": "27b87f75ed3a4400951186cd7d11fe6c", "scene": "scene-0405"}, {"images": ["samples/CAM_FRONT_LEFT/n015-2018-09-27-15-33-17+0800__CAM_FRONT_LEFT__1538033757404844.jpg", "samples/CAM_FRONT/n015-2018-09-27-15-33-17+0800__CAM_FRONT__1538033757412460.jpg", "samples/CAM_FRONT_RIGHT/n015-2018-09-27-15-33-17+0800__CAM_FRONT_RIGHT__1538033757420339.jpg", "samples/CAM_BACK_LEFT/n015-2018-09-27-15-33-17+0800__CAM_BACK_LEFT__1538033757447423.jpg", "samples/CAM_BACK/n015-2018-09-27-15-33-17+0800__CAM_BACK__1538033757437525.jpg", "samples/CAM_BACK_RIGHT/n015-2018-09-27-15-33-17+0800__CAM_BACK_RIGHT__1538033757427893.jpg"], "intrinsics": [[[1272.5979470598488, 0.0, 826.6154927353808], [0.0, 1272.5979470598488, 479.75165386361925], [0.0, 0.0, 1.0]], [[1266.417203046554, 0.0, 816.2670197447984], [0.0, 1266.417203046554, 491.50706579294757], [0.0, 0.0, 1.0]], [[1260.8474446004698, 0.0, 807.968244525554], [0.0, 1260.8474446004698, 495.3344268742088], [0.0, 0.0, 1.0]], [[1256.7414812095406, 0.0, 792.1125740759628], [0.0, 1256.7414812095406, 492.7757465151356], [0.0, 0.0, 1.0]], [[809.2209905677063, 0.0, 829.2196003259838], [0.0, 809.2209905677063, 481.77842384512485], [0.0, 0.0, 1.0]], [[1259.5137405846733, 0.0, 807.2529053838625], [0.0, 1259.5137405846733, 501.19579884916527], [0.0, 0.0, 1.0]]], "extrinsics": [[[0.8208341002464294, -0.5710710883140564, -0.010445699095726013, -0.607421875], [-0.024995973333716393, -0.0176453348249197, -0.9995318055152893, 1.4974517822265625], [0.5706194043159485, 0.8207109570503235, -0.028758371248841286, -1.03466796875], [0.0, 0.0, 0.0, 1.0]], [[0.006295555271208286, -0.9997467994689941, 0.02160470560193062, 0.0096435546875], [-0.030288459733128548, -0.021785864606499672, -0.9993037581443787, 1.5098114013671875], [0.9995213150978088, 0.005636817775666714, -0.03041793964803219, -1.3369140625], [0.0, 0.0, 0.0, 1.0]], [[-0.8326107263565063, -0.5533756017684937, 0.023126032203435898, 0.804931640625], [-0.024669598788022995, -0.004659708123654127, -0.999684751033783, 1.4968795776367188], [0.55330890417099, -0.8329187631607056, -0.009771829470992088, -1.0948486328125], [0.0, 0.0, 0.0, 1.0]], [[0.9474658966064453, 0.3187853991985321, -0.026157772168517113, -1.1455078125], [-0.01564251445233822, -0.03550141304731369, -0.999247133731842, 1.5886077880859375], [-0.3194740116596222, 0.947161853313446, -0.028649775311350822, -0.10260009765625], [0.0, 0.0, 0.0, 1.0]], [[0.001927488367073238, 0.9996769428253174, -0.025344695895910263, 0.00213623046875], [-0.0412679985165596, -0.02524363249540329, -0.998829185962677, 1.5753326416015625], [-0.9991462230682373, 0.002971148816868663, 0.041206009685993195, -0.09619140625], [0.0, 0.0, 0.0, 1.0]], [[-0.9349225163459778, 0.35482072830200195, 0.004716033581644297, 0.950927734375], [-0.008750494569540024, -0.009766639210283756, -0.9999140501022339, 1.5497474670410156], [-0.35474416613578796, -0.9348833560943604, 0.012235906906425953, -0.132080078125], [0.0, 0.0, 0.0, 1.0]]], "view": [[0.0, -2.0, 100.0], [-2.0, 0.0, 100.0], [0.0, 0.0, 1.0]], "bev": "bev_de7b6dfdefdc4ef6aae0f8af48eb6a04.png", "aux": "aux_de7b6dfdefdc4ef6aae0f8af48eb6a04.npz", "visibility": "visibility_de7b6dfdefdc4ef6aae0f8af48eb6a04.png", "pose": [[0.5623932480812073, -0.8268699049949646, 0.0, 1124.9925537109375], [0.8268699049949646, 0.5623932480812073, 0.0, 2789.591796875], [0.0, 0.0, 1.0, 0.0], [0.0, 0.0, 0.0, 1.0]], "pose_inverse": [[0.5623932480812073, 0.8268699049949646, 0.0, -2939.317626953125], [-0.8268699049949646, 0.5623932480812073, 0.0, -638.6251831054688], [0.0, 0.0, 1.0, 0.0], [0.0, 0.0, 0.0, 1.0]], "cam_ids": [0, 1, 2, 3, 4, 5], "cam_channels": ["CAM_FRONT_LEFT", "CAM_FRONT", "CAM_FRONT_RIGHT", "CAM_BACK_LEFT", "CAM_BACK", "CAM_BACK_RIGHT"], "token": "de7b6dfdefdc4ef6aae0f8af48eb6a04", "scene": "scene-0405"}, {"images": ["samples/CAM_FRONT_LEFT/n015-2018-09-27-15-33-17+0800__CAM_FRONT_LEFT__1538033757904844.jpg", "samples/CAM_FRONT/n015-2018-09-27-15-33-17+0800__CAM_FRONT__1538033757912460.jpg", "samples/CAM_FRONT_RIGHT/n015-2018-09-27-15-33-17+0800__CAM_FRONT_RIGHT__1538033757920339.jpg", "samples/CAM_BACK_LEFT/n015-2018-09-27-15-33-17+0800__CAM_BACK_LEFT__1538033757947614.jpg", "samples/CAM_BACK/n015-2018-09-27-15-33-17+0800__CAM_BACK__1538033757937525.jpg", "samples/CAM_BACK_RIGHT/n015-2018-09-27-15-33-17+0800__CAM_BACK_RIGHT__1538033757927893.jpg"], "intrinsics": [[[1272.5979470598488, 0.0, 826.6154927353808], [0.0, 1272.5979470598488, 479.75165386361925], [0.0, 0.0, 1.0]], [[1266.417203046554, 0.0, 816.2670197447984], [0.0, 1266.417203046554, 491.50706579294757], [0.0, 0.0, 1.0]], [[1260.8474446004698, 0.0, 807.968244525554], [0.0, 1260.8474446004698, 495.3344268742088], [0.0, 0.0, 1.0]], [[1256.7414812095406, 0.0, 792.1125740759628], [0.0, 1256.7414812095406, 492.7757465151356], [0.0, 0.0, 1.0]], [[809.2209905677063, 0.0, 829.2196003259838], [0.0, 809.2209905677063, 481.77842384512485], [0.0, 0.0, 1.0]], [[1259.5137405846733, 0.0, 807.2529053838625], [0.0, 1259.5137405846733, 501.19579884916527], [0.0, 0.0, 1.0]]], "extrinsics": [[[0.8207593560218811, -0.5712735652923584, 0.0007147725555114448, -0.593505859375], [-0.014354736544191837, -0.021874478086829185, -0.9996576309204102, 1.501861572265625], [0.5710936188697815, 0.8204681277275085, -0.0261541660875082, -1.02587890625], [0.0, 0.0, 0.0, 1.0]], [[0.005767970345914364, -0.9996529817581177, 0.02570291794836521, 0.00994873046875], [-0.019371435046195984, -0.02581022121012211, -0.9994791746139526, 1.513458251953125], [0.99979567527771, 0.005267022643238306, -0.019513582810759544, -1.323486328125], [0.0, 0.0, 0.0, 1.0]], [[-0.8330057859420776, -0.5530357956886292, 0.01589876227080822, 0.79541015625], [-0.013456214219331741, -0.008476209826767445, -0.9998735189437866, 1.4998130798339844], [0.5531005859375, -0.8331143856048584, -0.000381035526515916, -1.0892333984375], [0.0, 0.0, 0.0, 1.0]], [[0.9476320147514343, 0.31896719336509705, -0.015919601544737816, -1.14306640625], [-0.0038462597876787186, -0.03844556212425232, -0.9992532730102539, 1.5885581970214844], [-0.3193410038948059, 0.94698566198349, -0.0352054201066494, -0.103302001953125], [0.0, 0.0, 0.0, 1.0]], [[0.00223600585013628, 0.9995901584625244, -0.028541306033730507, 0.0025634765625], [-0.02963889203965664, -0.028462592512369156, -0.9991553425788879, 1.576263427734375], [-0.9995582103729248, 0.003080095397308469, 0.029563097283244133, -0.1025390625], [0.0, 0.0, 0.0, 1.0]], [[-0.934823215007782,