[{"images": ["samples/CAM_FRONT_LEFT/n008-2018-08-27-11-48-51-0400__CAM_FRONT_LEFT__1535385292354799.jpg", "samples/CAM_FRONT/n008-2018-08-27-11-48-51-0400__CAM_FRONT__1535385292362404.jpg", "samples/CAM_FRONT_RIGHT/n008-2018-08-27-11-48-51-0400__CAM_FRONT_RIGHT__1535385292370582.jpg", "samples/CAM_BACK_LEFT/n008-2018-08-27-11-48-51-0400__CAM_BACK_LEFT__1535385292397405.jpg", "samples/CAM_BACK/n008-2018-08-27-11-48-51-0400__CAM_BACK__1535385292387574.jpg", "samples/CAM_BACK_RIGHT/n008-2018-08-27-11-48-51-0400__CAM_BACK_RIGHT__1535385292378113.jpg"], "intrinsics": [[[1257.8625342125129, 0.0, 827.2410631095686], [0.0, 1257.8625342125129, 450.915498205774], [0.0, 0.0, 1.0]], [[1252.8131021185304, 0.0, 826.588114781398], [0.0, 1252.8131021185304, 469.9846626224581], [0.0, 0.0, 1.0]], [[1256.7485116440405, 0.0, 817.7887570959712], [0.0, 1256.7485116440403, 451.9541780095127], [0.0, 0.0, 1.0]], [[1254.9860565800168, 0.0, 829.5769333630991], [0.0, 1254.9860565800168, 467.1680561863987], [0.0, 0.0, 1.0]], [[796.8910634503094, 0.0, 857.7774326863696], [0.0, 796.8910634503094, 476.8848988407415], [0.0, 0.0, 1.0]], [[1249.9629280788233, 0.0, 825.3768045375984], [0.0, 1249.9629280788233, 462.54816385708756], [0.0, 0.0, 1.0]]], "extrinsics": [[[0.8224694728851318, -0.5687420964241028, -0.008742098696529865, -1.0049991607666016], [-0.004962558392435312, 0.008193775080144405, -0.999954104423523, 1.4882936477661133], [0.5687876343727112, 0.8224750757217407, 0.003916712012141943, -1.3333740234375], [0.0, 0.0, 0.0, 1.0]], [[0.010158480145037174, -0.9999399185180664, -0.004111241549253464, 0.0054931640625], [-0.003002081997692585, 0.004080937243998051, -0.9999871850013733, 1.480164885520935], [0.9999438524246216, 0.010170668363571167, -0.0029604448936879635, -1.7347412109375], [0.0, 0.0, 0.0, 1.0]], [[-0.844086229801178, -0.5362045168876648, -0.0017633652314543724, 1.0906982421875], [0.005021832883358002, -0.004616774618625641, -0.9999766945838928, 1.493070125579834], [0.5361838936805725, -0.8440754413604736, 0.006589686032384634, -1.2774658203125], [0.0, 0.0, 0.0, 1.0]], [[0.947777509689331, 0.3185337781906128, -0.015938306227326393, -1.143798828125], [-0.020358966663479805, 0.010553529486060143, -0.999737024307251, 1.562042236328125], [-0.31828179955482483, 0.9478526711463928, 0.016487419605255127, -0.1561279296875], [0.0, 0.0, 0.0, 1.0]], [[0.009308475069701672, 0.9999525547027588, 0.0028574946336448193, -0.0286865234375], [-0.018234526738524437, 0.003026885213330388, -0.9998291730880737, 1.5680646896362305], [-0.999790370464325, 0.009254743345081806, 0.01826184056699276, 0.04443359375], [0.0, 0.0, 0.0, 1.0]], [[-0.9237112998962402, 0.38305073976516724, 0.0054272678680717945, 1.160675048828125], [-0.014037867076694965, -0.019687358289957047, -0.9997076392173767, 1.5478134155273438], [-0.382831871509552, -0.9235174655914307, 0.023562651127576828, -0.043701171875], [0.0, 0.0, 0.0, 1.0]]], "view": [[0.0, -2.0, 100.0], [-2.0, 0.0, 100.0], [0.0, 0.0, 1.0]], "bev": "bev_196fa157b8e94b5d92bf206a03ca9c6b.png", "aux": "aux_196fa157b8e94b5d92bf206a03ca9c6b.npz", "visibility": "visibility_196fa157b8e94b5d92bf206a03ca9c6b.png", "pose": [[0.8760510087013245, 0.4822183847427368, 0.0, 1724.1231689453125], [-0.4822183847427368, 0.8760510087013245, 0.0, 892.28173828125], [0.0, 0.0, 1.0, 0.0], [0.0, 0.0, 0.0, 1.0]], "pose_inverse": [[0.8760510087013245, -0.4822183847427368, 0.0, -1080.145263671875], [0.4822183847427368, 0.8760510087013245, 0.0, -1613.0882568359375], [0.0, 0.0, 1.0, 0.0], [0.0, 0.0, 0.0, 1.0]], "cam_ids": [0, 1, 2, 3, 4, 5], "cam_channels": ["CAM_FRONT_LEFT", "CAM_FRONT", "CAM_FRONT_RIGHT", "CAM_BACK_LEFT", "CAM_BACK", "CAM_BACK_RIGHT"], "token": "196fa157b8e94b5d92bf206a03ca9c6b", "scene": "scene-0663"}, {"images": ["samples/CAM_FRONT_LEFT/n008-2018-08-27-11-48-51-0400__CAM_FRONT_LEFT__1535385292904799.jpg", "samples/CAM_FRONT/n008-2018-08-27-11-48-51-0400__CAM_FRONT__1535385292912404.jpg", "samples/CAM_FRONT_RIGHT/n008-2018-08-27-11-48-51-0400__CAM_FRONT_RIGHT__1535385292920482.jpg", "samples/CAM_BACK_LEFT/n008-2018-08-27-11-48-51-0400__CAM_BACK_LEFT__1535385292947405.jpg", "samples/CAM_BACK/n008-2018-08-27-11-48-51-0400__CAM_BACK__1535385292937558.jpg", "samples/CAM_BACK_RIGHT/n008-2018-08-27-11-48-51-0400__CAM_BACK_RIGHT__1535385292928113.jpg"], "intrinsics": [[[1257.8625342125129, 0.0, 827.2410631095686], [0.0, 1257.8625342125129, 450.915498205774], [0.0, 0.0, 1.0]], [[1252.8131021185304, 0.0, 826.588114781398], [0.0, 1252.8131021185304, 469.9846626224581], [0.0, 0.0, 1.0]], [[1256.7485116440405, 0.0, 817.7887570959712], [0.0, 1256.7485116440403, 451.9541780095127], [0.0, 0.0, 1.0]], [[1254.9860565800168, 0.0, 829.5769333630991], [0.0, 1254.9860565800168, 467.1680561863987], [0.0, 0.0, 1.0]], [[796.8910634503094, 0.0, 857.7774326863696], [0.0, 796.8910634503094, 476.8848988407415], [0.0, 0.0, 1.0]], [[1249.9629280788233, 0.0, 825.3768045375984], [0.0, 1249.9629280788233, 462.54816385708756], [0.0, 0.0, 1.0]]], "extrinsics": [[[0.8224477767944336, -0.5687692761421204, -0.009018594399094582, -1.0050601959228516], [-0.005240567494183779, 0.008277644403278828, -0.9999520182609558, 1.488293170928955], [0.5688165426254272, 0.8224554657936096, 0.0038272556848824024, -1.33349609375], [0.0, 0.0, 0.0, 1.0]], [[0.010130142793059349, -0.9999398589134216, -0.00418873131275177, 0.0054931640625], [-0.003284101840108633, 0.0041556525975465775, -0.999985933303833, 1.4801644086837769], [0.9999433159828186, 0.010143724270164967, -0.003241806523874402, -1.7347412109375], [0.0, 0.0, 0.0, 1.0]], [[-0.8440969586372375, -0.5361883044242859, -0.0015648308908566833, 1.0904541015625], [0.0047400170005857944, -0.004543621558696032, -0.9999784231185913, 1.493074655532837], [0.5361695885658264, -0.844086229801178, 0.006376798264682293, -1.2774658203125], [0.0, 0.0, 0.0, 1.0]], [[0.9477721452713013, 0.3185361623764038, -0.016207417473196983, -1.1439208984375], [-0.02066073566675186, 0.01060672476887703, -0.9997302889823914, 1.562044620513916], [-0.31827834248542786, 0.9478513598442078, 0.016633950173854828, -0.1561279296875], [0.0, 0.0, 0.0, 1.0]], [[0.009314946830272675, 0.9999523162841797, 0.0029217787086963654, -0.0289306640625], [-0.01854194886982441, 0.0030941274017095566, -0.999823272228241, 1.5680646896362305], [-0.9997846484184265, 0.009259135462343693, 0.018569886684417725, 0.04443359375], [0.0, 0.0, 0.0, 1.0]], [[-0.9237052798271179, 0.38306111097335815, 0.0057172877714037895, 1.160430908203125], [-0.014318597503006458, -0.019606688991189003, -0.9997051954269409, 1.5478172302246094], [-0.38283616304397583, -0.9235149025917053, 0.023595701903104782, -0.043701171875], [0.0, 0.0, 0.0, 1.0]]], "view": [[0.0, -2.0, 100.0], [-2.0, 0.0, 100.0], [0.0, 0.0, 1.0]], "bev": "bev_a0672be53be5402f831411b9e358103f.png", "aux": "aux_a0672be53be5402f831411b9e358103f.npz", "visibility": "visibility_a0672be53be5402f831411b9e358103f.png", "pose": [[0.8760526776313782, 0.48221540451049805, 0.0, 1724.123046875], [-0.48221540451049805, 0.8760526776313782, 0.0, 892.2814331054688], [0.0, 0.0, 1.0, 0.0], [0.0, 0.0, 0.0, 1.0]], "pose_inverse": [[0.8760526776313782, -0.48221540451049805, 0.0, -1080.1507568359375], [0.48221540451049805, 0.8760526776313782, 0.0, -1613.084228515625], [0.0, 0.0, 1.0, 0.0], [0.0, 0.0, 0.0, 1.0]], "cam_ids": [0, 1, 2, 3, 4, 5], "cam_channels": ["CAM_FRONT_LEFT", "CAM_FRONT", "CAM_FRONT_RIGHT", "CAM_BACK_LEFT", "CAM_BACK", "CAM_BACK_RIGHT"], "token": "a0672be53be5402f831411b9e358103f", "scene": "scene-0663"}, {"images": ["samples/CAM_FRONT_LEFT/n008-2018-08-27-11-48-51-0400__CAM_FRONT_LEFT__1535385293404799.jpg", "samples/CAM_FRONT/n008-2018-08-27-11-48-51-0400__CAM_FRONT__1535385293412404.jpg", "samples/CAM_FRONT_RIGHT/n008-2018-08-27-11-48-51-0400__CAM_FRONT_RIGHT__1535385293420482.jpg", "samples/CAM_BACK_LEFT/n008-2018-08-27-11-48-51-0400__CAM_BACK_LEFT__1535385293447405.jpg", "samples/CAM_BACK/n008-2018-08-27-11-48-51-0400__CAM_BACK__1535385293437571.jpg", "samples/CAM_BACK_RIGHT/n008-2018-08-27-11-48-51-0400__CAM_BACK_RIGHT__1535385293428113.jpg"], "intrinsics": [[[1257.8625342125129, 0.0, 827.2410631095686], [0.0, 1257.8625342125129, 450.915498205774], [0.0, 0.0, 1.0]], [[1252.8131021185304, 0.0, 826.588114781398], [0.0, 1252.8131021185304, 469.9846626224581], [0.0, 0.0, 1.0]], [[1256.7485116440405, 0.0, 817.7887570959712], [0.0, 1256.7485116440403, 451.9541780095127], [0.0, 0.0, 1.0]], [[1254.9860565800168, 0.0, 829.5769333630991], [0.0, 1254.9860565800168, 467.1680561863987], [0.0, 0.0, 1.0]], [[796.8910634503094, 0.0, 857.7774326863696], [0.0, 796.8910634503094, 476.8848988407415], [0.0, 0.0, 1.0]], [[1249.9629280788233, 0.0, 825.3768045375984], [0.0, 1249.9629280788233, 462.54816385708756], [0.0, 0.0, 1.0]]], "extrinsics": [[[0.8221520185470581, -0.5692601203918457, -0.0029789782129228115, -1.0011405944824219], [0.0021888662595301867, 0.008394135162234306, -0.999962329864502, 1.4883089065551758], [0.569263756275177, 0.8221145868301392, 0.008147289045155048, -1.3306884765625], [0.0, 0.0, 0.0, 1.0]], [[0.009666504338383675, -0.9999443888664246, -0.004213550128042698, 0.00537109375], [0.004192867781966925, 0.004254241939634085, -0.9999821782112122, 1.4801816940307617], [0.9999445080757141, 0.009648657403886318, 0.004233758430927992, -1.730712890625], [0.0, 0.0, 0.0, 1.0]], [[-0.8442668914794922, -0.5358636975288391, -0.007964078336954117, 1.087890625], [0.01226659957319498, -0.004465475212782621, -0.9999147653579712, 1.4931111335754395], [0.5357824563980103, -0.8442927002906799, 0.0103432796895504, -1.2757568359375], [0.0, 0.0, 0.0, 1.0]], [[0.9478569030761719, 0.3185723125934601, -0.008888894692063332, -1.14404296875], [-0.01298321969807148, 0.010731002315878868, -0.9998581409454346, 1.5620454549789429], [-0.3184317648410797, 0.947837769985199, 0.014307551085948944, -0.156005859375], [0.0, 0.0, 0.0, 1.0]], [[0.009435325860977173, 0.9999507069587708, 0.0030964689794927835, -0.02880859375], [-0.010888675227761269, 0.0031991659197956324, -0.9999355673789978, 1.5680489540100098], [-0.9998962879180908, 0.00940102618187666, 0.010918324813246727, 0.04296875], [0.0, 0.0, 0.0, 1.0]], [[-0.9236159920692444, 0.3833167850971222, -0.0012584640644490719, 1.15850830078125], [-0.006740481127053499, -0.019523832947015762, -0.9997866749763489, 1.5478019714355469], [-0.38325953483581543, -0.9234105348587036, 0.02061626687645912, -0.0445556640625], [0.0, 0.0, 0.0, 1.0]]], "view": [[0.0, -2.0, 100.0], [-2.0, 0.0, 100.0], [0.0, 0.0, 1.0]], "bev": "bev_c347d6a9e1c44d9882d9c23c7f5bc777.png", "aux": "aux_c347d6a9e1c44d9882d9c23c7f5bc777.npz", "visibility": "visibility_c347d6a9e1c44d9882d9c23c7f5bc777.png", "pose": [[0.8775091171264648, 0.47955992817878723, 0.0, 1724.1279296875], [-0.47955992817878723, 0.8775091171264648, 0.0, 892.278564453125], [0.0, 0.0, 1.0, 0.0], [0.0, 0.0, 0.0, 1.0]], "pose_inverse": [[0.8775091171264648, -0.47955992817878723, 0.0, -1085.0369873046875], [0.47955992817878723, 0.8775091171264648, 0.0, -1609.8052978515625], [0.0, 0.0, 1.0, 0.0], [0.0, 0.0, 0.0, 1.0]], "cam_ids": [0, 1, 2, 3, 4, 5], "cam_channels": ["CAM_FRONT_LEFT", "CAM_FRONT", "CAM_FRONT_RIGHT", "CAM_BACK_LEFT", "CAM_BACK", "CAM_BACK_RIGHT"], "token": "c347d6a9e1c44d9882d9c23c7f5bc777", "scene": "scene-0663"}, {"images": ["samples/CAM_FRONT_LEFT/n008-2018-08-27-11-48-51-0400__CAM_FRONT_LEFT__1535385293904799.jpg", "samples/CAM_FRONT/n008-2018-08-27-11-48-51-0400__CAM_FRONT__1535385293912404.jpg", "samples/CAM_FRONT_RIGHT/n008-2018-08-27-11-48-51-0400__CAM_FRONT_RIGHT__1535385293920482.jpg", "samples/CAM_BACK_LEFT/n008-2018-08-27-11-48-51-0400__CAM_BACK_LEFT__1535385293947405.jpg", "samples/CAM_BACK/n008-2018-08-27-11-48-51-0400__CAM_BACK__1535385293937558.jpg", "samples/CAM_BACK_RIGHT/n008-2018-08-27-11-48-51-0400__CAM_BACK_RIGHT__1535385293928113.jpg"], "intrinsics": [[[1257.8625342125129, 0.0, 827.2410631095686], [0.0, 1257.8625342125129, 450.915498205774], [0.0, 0.0, 1.0]], [[1252.8131021185304, 0.0, 826.588114781398], [0.0, 1252.8131021185304, 469.9846626224581], [0.0, 0.0, 1.0]], [[1256.7485116440405, 0.0, 817.7887570959712], [0.0, 1256.7485116440403, 451.9541780095127], [0.0, 0.0, 1.0]], [[1254.9860565800168, 0.0, 829.5769333630991], [0.0, 1254.9860565800168, 467.1680561863987], [0.0, 0.0, 1.0]], [[796.8910634503094, 0.0, 857.7774326863696], [0.0, 796.8910634503094, 476.8848988407415], [0.0, 0.0, 1.0]], [[1249.9629280788233, 0.0, 825.3768045375984], [0.0, 1249.9629280788233, 462.54816385708756], [0.0, 0.0, 1.0]]], "extrinsics": [[[0.821089506149292, -0.5707667469978333, -0.006112608592957258, -0.9682817459106445], [0.0001437587634427473, 0.010915637947618961, -0.9999403953552246, 1.4882965087890625], [0.5707994103431702, 0.8210396766662598, 0.009044768288731575, -1.3082275390625], [0.0, 0.0, 0.0, 1.0]], [[0.008147355169057846, -0.9999432563781738, -0.006863009184598923, 0.005859375], [0.001983580645173788, 0.006879384163767099, -0.9999743700027466, 1.4802370071411133], [0.9999648928642273, 0.008133619092404842, 0.0020395172759890556, -1.6976318359375], [0.0, 0.0, 0.0, 1.0]], [[-0.8449064493179321, -0.5348625779151917, -0.007419838570058346, 1.06640625], [0.00988138746470213, -0.0017376096220687032, -0.9999496340751648, 1.4933600425720215], [0.5348228216171265, -0.8449373245239258, 0.006753301247954369, -1.2618408203125], [0.0, 0.0, 0.0, 1.0]], [[0.9478499889373779, 0.3185395300388336, -0.010622155852615833, -1.1424560546875], [-0.01576448790729046, 0.013569789938628674, -0.9997836351394653, 1.5620167255401611], [-0.318326473236084, 0.9478124380111694, 0.01788373850286007, -0.1566162109375], [0.0, 0.0, 0.0, 1.0]], [[0.00991789624094963, 0.9999334216117859, 0.0059087579138576984, -0.028564453125], [-0.013548726215958595, 0.006042885594069958, -0.9998899102210999, 1.5679006576538086], [-0.999859094619751, 0.009836719371378422, 0.013607756234705448, 0.032470703125], [0.0, 0.0, 0.0, 1.0]], [[-0.9232878088951111, 0.38410288095474243, 0.002144716214388609, 1.140869140625], [-0.009276174008846283, -0.016714930534362793, -0.9998172521591187, 1.5476188659667969], [-0.3839968740940094, -0.9231389164924622, 0.018995698541402817, -0.0517578125], [0.0, 0.0, 0.0, 1.0]]], "view": [[0.0, -2.0, 100.0], [-2.0, 0.0, 100.0], [0.0, 0.0, 1.0]], "bev": "bev_673a88b744194f17a7cd3a0d412e9edc.png", "aux": "aux_673a88b744194f17a7cd3a0d412e9edc.npz", "visibility": "visibility_673a88b744194f17a7cd3a0d412e9edc.png", "pose": [[0.8877938985824585, 0.46024125814437866, 0.0, 1724.4080810546875], [-0.46024125814437866, 0.8877938985824585, 0.0, 892.1265258789062], [0.0, 0.0, 1.0, 0.0], [0.0, 0.0, 0.0, 1.0]], "pose_inverse": [[0.8877938985824585, -0.46024125814437866, 0.0, -1120.3255615234375], [0.46024125814437866, 0.8877938985824585, 0.0, -1585.668212890625], [0.0, 0.0, 1.0, 0.0], [0.0, 0.0, 0.0, 1.0]], "cam_ids": [0, 1, 2, 3, 4, 5], "cam_channels": ["CAM_FRONT_LEFT", "CAM_FRONT", "CAM_FRONT_RIGHT", "CAM_BACK_LEFT", "CAM_BACK", "CAM_BACK_RIGHT"], "token": "673a88b744194f17a7cd3a0d412e9edc", "scene": "scene-0663"}, {"images": ["samples/CAM_FRONT_LEFT/n008-2018-08-27-11-48-51-0400__CAM_FRONT_LEFT__1535385294404799.jpg", "samples/CAM_FRONT/n008-2018-08-27-11-48-51-0400__CAM_FRONT__1535385294412404.jpg", "samples/CAM_FRONT_RIGHT/n008-2018-08-27-11-48-51-0400__CAM_FRONT_RIGHT__1535385294420573.jpg", "samples/CAM_BACK_LEFT/n008-2018-08-27-11-48-51-0400__CAM_BACK_LEFT__1535385294447405.jpg", "samples/CAM_BACK/n008-2018-08-27-11-48-51-0400__CAM_BACK__1535385294437558.jpg", "samples/CAM_BACK_RIGHT/n008-2018-08-27-11-48-51-0400__CAM_BACK_RIGHT__1535385294428113.jpg"], "intrinsics": [[[1257.8625342125129, 0.0, 827.2410631095686], [0.0, 1257.8625342125129, 450.915498205774], [0.0, 0.0, 1.0]], [[1252.8131021185304, 0.0, 826.588114781398], [0.0, 1252.8131021185304, 469.9846626224581], [0.0, 0.0, 1.0]], [[1256.7485116440405, 0.0, 817.7887570959712], [0.0, 1256.7485116440403, 451.9541780095127], [0.0, 0.0, 1.0]], [[1254.9860565800168, 0.0, 829.5769333630991], [0.0, 1254.9860565800168, 467.1680561863987], [0.0, 0.0, 1.0]], [[796.8910634503094, 0.0, 857.7774326863696], [0.0, 796.8910634503094, 476.8848988407415], [0.0, 0.0, 1.0]], [[1249.9629280788233, 0.0, 825.3768045375984], [0.0, 1249.9629280788233, 462.54816385708756], [0.0, 0.0, 1.0]]], "extrinsics": [[[0.8200846314430237, -0.572239875793457, -0.0016618880908936262, -0.9547271728515625], [-0.002271834993734956, -0.000351621798472479, -0.9999973177909851, 1.488152027130127], [0.5722378492355347, 0.8200861811637878, -0.0015883954474702477, -1.29833984375], [0.0, 0.0, 0.0, 1.0]], [[0.006713435985147953, -0.9999672174453735, 0.004524480551481247, 0.0057373046875], [-0.0003787430759985, -0.004527125973254442, -0.9999896883964539, 1.4801421165466309], [0.9999774098396301, 0.0067116618156433105, -0.00040912270196713507, -1.6839599609375], [0.0, 0.0, 0.0, 1.0]], [[-0.8455069661140442, -0.5339639782905579, 0.0006968904053792357, 1.0567626953125], [0.007572568487375975, -0.013295781798660755, -0.9998828768730164, 1.493372917175293], [0.5339107513427734, -0.8454027771949768, 0.015285154804587364, -1.25628662109375], [0.0, 0.0, 0.0, 1.0]], [[0.9478445053100586, 0.3183099329471588, -0.01642731763422489, -1.1402587890625], [-0.01796562969684601, 0.001897469162940979, -0.999836802482605, 1.5619792938232422], [-0.31822681427001953, 0.9479848146438599, 0.0075171454809606075, -0.1571044921875], [0.0, 0.0, 0.0, 1.0]], [[0.010420659556984901, 0.9999288320541382, -0.005810029339045286, -0.0284423828125], [-0.015773672610521317, -0.005645243916660547, -0.999859631061554, 1.5677909851074219], [-0.9998213052749634, 0.010510779917240143, 0.015713725239038467, 0.027099609375], [0.0, 0.0, 0.0, 1.0]], [[-0.9229612946510315, 0.38489267230033875, -0.00023881092783994973, 1.1331787109375], [-0.011561941355466843, -0.028345368802547455, -0.9995313286781311, 1.5474586486816406], [-0.38471898436546326, -0.922525942325592, 0.030611786991357803, -0.05517578125], [0.0, 0.0, 0.0, 1.0]]], "view": [[0.0, -2.0, 100.0], [-2.0, 0.0, 100.0], [0.0, 0.0, 1.0]], "bev": "bev_afa2aba2422f453b9e82f2b9238eb471.png", "aux": "aux_afa2aba2422f453b9e82f2b9238eb471.npz", "visibility": "visibility_afa2aba2422f453b9e82f2b9238eb471.png", "pose": [[0.9062193036079407, 0.4228079915046692, 0.0, 1724.947265625], [-0.4228079915046692, 0.9062193036079407, 0.0, 891.8578491210938], [0.0, 0.0, 1.0, 0.0], [0.0, 0.0, 0.0, 1.0]], "pose_inverse": [[0.9062193036079407, -0.4228079915046692, 0.0, -1186.0958251953125], [0.4228079915046692, 0.9062193036079407, 0.0, -1537.540283203125], [0.0, 0.0, 1.0, 0.0], [0.0, 0.0, 0.0, 1.0]], "cam_ids": [0, 1, 2, 3, 4, 5], "cam_channels": ["CAM_FRONT_LEFT", "CAM_FRONT", "CAM_FRONT_RIGHT", "CAM_BACK_LEFT", "CAM_BACK", "CAM_BACK_RIGHT"], "token": "afa2aba2422f453b9e82f2b9238eb471", "scene": "scene-0663"}, {"images": ["samples/CAM_FRONT_LEFT/n008-2018-08-27-11-48-51-0400__CAM_FRONT_LEFT__1535385294904799.jpg", "samples/CAM_FRONT/n008-2018-08-27-11-48-51-0400__CAM_FRONT__1535385294912404.jpg", "samples/CAM_FRONT_RIGHT/n008-2018-08-27-11-48-51-0400__CAM_FRONT_RIGHT__1535385294920482.jpg", "samples/CAM_BACK_LEFT/n008-2018-08-27-11-48-51-0400__CAM_BACK_LEFT__1535385294947405.jpg", "samples/CAM_BACK/n008-2018-08-27-11-48-51-0400__CAM_BACK__1535385294937558.jpg", "samples/CAM_BACK_RIGHT/n008-2018-08-27-11-48-51-0400__CAM_BACK_RIGHT__1535385294928113.jpg"], "intrinsics": [[[1257.8625342125129, 0.0, 827.2410631095686], [0.0, 1257.8625342125129, 450.915498205774], [0.0, 0.0, 1.0]], [[1252.8131021185304, 0.0, 826.588114781398], [0.0, 1252.8131021185304, 469.9846626224581], [0.0, 0.0, 1.0]], [[1256.7485116440405, 0.0, 817.7887570959712], [0.0, 1256.7485116440403, 451.9541780095127], [0.0, 0.0, 1.0]], [[1254.9860565800168, 0.0, 829.5769333630991], [0.0, 1254.9860565800168, 467.1680561863987], [0.0, 0.0, 1.0]], [[796.8910634503094, 0.0, 857.7774326863696], [0.0, 796.8910634503094, 476.8848988407415], [0.0, 0.0, 1.0]], [[1249.9629280788233, 0.0, 825.3768045375984], [0.0, 1249.9629280788233, 462.54816385708756], [0.0, 0.0, 1.0]]], "extrinsics": [[[0.8187021017074585, -0.5742176175117493, -0.0009848522022366524, -0.9476318359375], [0.0010369368828833103, 0.003193542594090104, -0.9999943375587463, 1.488365650177002], [0.5742175579071045, 0.8186964988708496, 0.0032099862582981586, -1.293212890625], [0.0, 0.0, 0.0, 1.0]], [[0.004724867641925812, -0.9999886155128479, 0.0005971937789581716, 0.0057373046875], [0.0032159879337996244, -0.0005820023361593485, -0.999994695186615, 1.4803506135940552], [0.9999836087226868, 0.004726794082671404, 0.003213201416656375, -1.6767578125], [0.0, 0.0, 0.0, 1.0]], [[-0.8463179469108582, -0.5326550006866455, -0.004949886351823807, 1.0521240234375], [0.011469396762549877, -0.008931471966207027, -0.9998943209648132, 1.4935917854309082], [0.5325545072555542, -0.846285343170166, 0.01366809755563736, -1.2532958984375], [0.0, 0.0, 0.0, 1.0]], [[0.9479299187660217, 0.3183267414569855, -0.009842311963438988, -1.1400146484375], [-0.012983126565814018, 0.007746463175863028, -0.9998857378959656, 1.561985969543457], [-0.31821417808532715, 0.9479493498802185, 0.011475982144474983, -0.15740966796875], [0.0, 0.0, 0.0, 1.0]], [[0.011063938960433006, 0.9999386668205261, -0.0004479002964217216, -0.0284423828125], [-0.011184152215719223, -0.00032415156601928174, -0.9999373555183411, 1.5678348541259766], [-0.9998762607574463, 0.011068262159824371, 0.011179881170392036, 0.0242919921875], [0.0, 0.0, 0.0, 1.0]], [[-0.9225226044654846, 0.3859361410140991, -0.0022960412316024303, 1.12890625], [-0.007360259536653757, -0.02354106307029724, -0.9996957778930664, 1.5475616455078125], [-0.3858727812767029, -0.9222249984741211, 0.024557754397392273, -0.0570068359375], [0.0, 0.0, 0.0, 1.0]]], "view": [[0.0, -2.0, 100.0], [-2.0, 0.0, 100.0], [0.0, 0.0, 1.0]], "bev": "bev_be37f181e37f451e828fe50135fe43d3.png", "aux": "aux_be37f181e37f451e828fe50135fe43d3.npz", "visibility": "visibility_be37f181e37f451e828fe50135fe43d3.png", "pose": [[0.9304404854774475, 0.3664429783821106, 0.0, 1725.588623046875], [-0.3664429783821106, 0.9304404854774475, 0.0, 891.57666015625], [0.0, 0.0, 1.0, 0.0], [0.0, 0.0, 0.0, 1.0]], "pose_inverse": [[0.9304404854774475, -0.3664429783821106, 0.0, -1278.8455810546875], [0.3664429783821106, 0.9304404854774475, 0.0, -1461.888916015625], [0.0, 0.0, 1.0, 0.0], [0.0, 0.0, 0.0, 1.0]], "cam_ids": [0, 1, 2, 3, 4, 5], "cam_channels": ["CAM_FRONT_LEFT", "CAM_FRONT", "CAM_FRONT_RIGHT", "CAM_BACK_LEFT", "CAM_BACK", "CAM_BACK_RIGHT"], "token": "be37f181e37f451e828fe50135fe43d3", "scene": "scene-0663"}, {"images": ["samples/CAM_FRONT_LEFT/n008-2018-08-27-11-48-51-0400__CAM_FRONT_LEFT__1535385295404799.jpg", "samples/CAM_FRONT/n008-2018-08-27-11-48-51-0400__CAM_FRONT__1535385295412404.jpg", "samples/CAM_FRONT_RIGHT/n008-2018-08-27-11-48-51-0400__CAM_FRONT_RIGHT__1535385295420482.jpg", "samples/CAM_BACK_LEFT/n008-2018-08-27-11-48-51-0400__CAM_BACK_LEFT__1535385295447405.jpg", "samples/CAM_BACK/n008-2018-08-27-11-48-51-0400__CAM_BACK__1535385295437558.jpg", "samples/CAM_BACK_RIGHT/n008-2018-08-27-11-48-51-0400__CAM_BACK_RIGHT__1535385295428113.jpg"], "intrinsics": [[[1257.8625342125129, 0.0, 827.2410631095686], [0.0, 1257.8625342125129, 450.915498205774], [0.0, 0.0, 1.0]], [[1252.8131021185304, 0.0, 826.588114781398], [0.0, 1252.8131021185304, 469.9846626224581], [0.0, 0.0, 1.0]], [[1256.7485116440405, 0.0, 817.7887570959712], [0.0, 1256.7485116440403, 451.9541780095127], [0.0, 0.0, 1.0]], [[1254.9860565800168, 0.0, 829.5769333630991], [0.0, 1254.9860565800168, 467.1680561863987], [0.0, 0.0, 1.0]], [[796.8910634503094, 0.0, 857.7774326863696], [0.0, 796.8910634503094, 476.8848988407415], [0.0, 0.0, 1.0]], [[1249.9629280788233, 0.0, 825.3768045375984], [0.0, 1249.9629280788233, 462.54816385708756], [0.0, 0.0, 1.0]]], "extrinsics": [[[0.817675769329071, -0.575647234916687, -0.006055891048163176, -0.919525146484375], [0.006533897947520018, 0.01979890652000904, -0.9997826218605042, 1.4890365600585938], [0.5756419897079468, 0.8174585103988647, 0.019950302317738533, -1.2701416015625], [0.0, 0.0, 0.0, 1.0]], [[0.003187871305271983, -0.9998759031295776, -0.015430659987032413, 0.0030517578125], [0.008487758226692677, 0.015457239001989365, -0.999844491481781, 1.4809818267822266], [0.9999589323997498, 0.00305641139857471, 0.008535980246961117, -1.6431884765625], [0.0, 0.0, 0.0, 1.0]], [[-0.8469470739364624, -0.5313915014266968, -0.017428366467356682, 1.0250244140625], [0.016498222947120667, 0.00649710139259696, -0.9998427629470825, 1.4943389892578125], [0.5314212441444397, -0.8471015095710754, 0.003264314727857709, -1.23956298828125], [0.0, 0.0, 0.0, 1.0]], [[0.9480668902397156, 0.3180675208568573, -0.0015302395913749933, -1.11962890625], [-0.008629372343420982, 0.020911825820803642, -0.9997441172599792, 1.561903953552246], [-0.3179541528224945, 0.9478374123573303, 0.0225705336779356, -0.16064453125], [0.0, 0.0, 0.0, 1.0]], [[0.011620568111538887, 0.9998394250869751, 0.013644743710756302, -0.025146484375], [-0.006638811901211739, 0.013722510077059269, -0.999883770942688, 1.5678143501281738], [-0.9999105930328369, 0.011528669856488705, 0.00679720938205719, 0.0006103515625], [0.0, 0.0, 0.0, 1.0]], [[-0.9221382141113281, 0.38685938715934753, -0.0009489778894931078, 1.10491943359375], [-0.00261873216368258, -0.00869507621973753, -0.9999587535858154, 1.547623634338379], [-0.3868517577648163, -0.9220977425575256, 0.00903114303946495, -0.0703125], [0.0, 0.0, 0.0, 1.0]]], "view": [[0.0, -2.0, 100.0], [-2.0, 0.0, 100.0], [0.0, 0.0, 1.0]], "bev": "bev_363b232875a74109a43a4d92f4874a92.png", "aux": "aux_363b232875a74109a43a4d92f4874a92.npz", "visibility": "visibility_363b232875a74109a43a4d92f4874a92.png", "pose": [[0.958354651927948, 0.2855808436870575, 0.0, 1726.419677734375], [-0.2855808436870575, 0.958354651927948, 0.0, 891.2890625], [0.0, 0.0, 1.0, 0.0], [0.0, 0.0, 0.0, 1.0]], "pose_inverse": [[0.958354651927948, -0.2855808436870575, 0.0, -1399.9871826171875], [0.2855808436870575, 0.958354651927948, 0.0, -1347.203369140625], [0.0, 0.0, 1.0, 0.0], [0.0, 0.0, 0.0, 1.0]], "cam_ids": [0, 1, 2, 3, 4, 5], "cam_channels": ["CAM_FRONT_LEFT", "CAM_FRONT", "CAM_FRONT_RIGHT", "CAM_BACK_LEFT", "CAM_BACK", "CAM_BACK_RIGHT"], "token": "363b232875a74109a43a4d92f4874a92", "scene": "scene-0663"}, {"images": ["samples/CAM_FRONT_LEFT/n008-2018-08-27-11-48-51-0400__CAM_FRONT_LEFT__1535385295854799.jpg", "samples/CAM_FRONT/n008-2018-08-27-11-48-51-0400__CAM_FRONT__1535385295862404.jpg", "samples/CAM_FRONT_RIGHT/n008-2018-08-27-11-48-51-0400__CAM_FRONT_RIGHT__1535385295870482.jpg", "samples/CAM_BACK_LEFT/n008-2018-08-27-11-48-51-0400__CAM_BACK_LEFT__1535385295897405.jpg", "samples/CAM_BACK/n008-2018-08-27-11-48-51-0400__CAM_BACK__1535385295887558.jpg", "samples/CAM_BACK_RIGHT/n008-2018-08-27-11-48-51-0400__CAM_BACK_RIGHT__1535385295878113.jpg"], "intrinsics": [[[1257.8625342125129, 0.0, 827.2410631095686], [0.0, 1257.8625342125129, 450.915498205774], [0.0, 0.0, 1.0]], [[1252.8131021185304, 0.0, 826.588114781398], [0.0, 1252.8131021185304, 469.9846626224581], [0.0, 0.0, 1.0]], [[1256.7485116440405, 0.0, 817.7887570959712], [0.0, 1256.7485116440403, 451.9541780095127], [0.0, 0.0, 1.0]], [[1254.9860565800168, 0.0, 829.5769333630991], [0.0, 1254.9860565800168, 467.1680561863987], [0.0, 0.0, 1.0]], [[796.8910634503094, 0.0, 857.7774326863696], [0.0, 796.8910634503094, 476.8848988407415], [0.0, 0.0, 1.0]], [[1249.9629280788233, 0.0, 825.3768045375984], [0.0, 1249.9629280788233, 462.54816385708756], [0.0, 0.0, 1.0]]], "extrinsics": [[[0.8156401515007019, -0.5785594582557678, -0.0004243174334987998, -0.9088134765625], [0.0077768308110535145, 0.011696931906044483, -0.9999013543128967, 1.4891815185546875], [0.5785073637962341, 0.8155563473701477, 0.014039846137166023, -1.267333984375], [0.0, 0.0, 0.0, 1.0]], [[-6.16999386693351e-05, -0.9999739527702332, -0.00720930565148592, 0.0067138671875], [0.0098122488707304, 0.007208352908492088, -0.9999258518218994, 1.4811077117919922], [0.9999518394470215, -0.00013242913701105863, 0.00981154851615429, -1.6378173828125], [0.0, 0.0, 0.0, 1.0]], [[-0.8483218550682068, -0.5292900204658508, -0.014219378121197224, 1.0264892578125], [0.017934344708919525, -0.0018837122479453683, -0.999837338924408, 1.4944400787353516], [0.5291771292686462, -0.8484389781951904, 0.01109046395868063, -1.236480712890625], [0.0, 0.0, 0.0, 1.0]], [[0.9480067491531372, 0.31824061274528503, -0.0024605942890048027, -1.140625], [-0.006762550678104162, 0.01241386216133833, -0.9999001026153564, 1.5620160102844238], [-0.31817829608917236, 0.9479287266731262, 0.01392054557800293, -0.15728759765625], [0.0, 0.0, 0.0, 1.0]], [[0.012508496642112732, 0.9999080896377563, 0.005230829119682312, -0.0286865234375], [-0.0048281787894666195, 0.005291574168950319, -0.9999743103981018, 1.567911982536316], [-0.9999101161956787, 0.012482903897762299, 0.004893925040960312, 0.013671875], [0.0, 0.0, 0.0, 1.0]], [[-0.9213709831237793, 0.38864201307296753, -0.005724945571273565, 1.10833740234375], [-0.0009961816249415278, -0.017090171575546265, -0.9998534917831421, 1.5477619171142578], [-0.38868293166160583, -0.9212303161621094, 0.016133546829223633, -0.065185546875], [0.0, 0.0, 0.0, 1.0]]], "view": [[0.0, -2.0, 100.0], [-2.0, 0.0, 100.0], [0.0, 0.0, 1.0]], "bev": "bev_0bdf95e75750420e8107e23e29a80183.png", "aux": "aux_0bdf95e75750420e8107e23e29a80183.npz", "visibility": "visibility_0bdf95e75750420e8107e23e29a80183.png", "pose": [[0.983793318271637, 0.17930614948272705, 0.0, 1727.4427490234375], [-0.17930614948272705, 0.983793318271637, 0.0, 891.033447265625], [0.0, 0.0, 1.0, 0.0], [0.0, 0.0, 0.0, 1.0]], "pose_inverse": [[0.983793318271637, -0.17930614948272705, 0.0, -1539.6788330078125], [0.17930614948272705, 0.983793318271637, 0.0, -1186.3338623046875], [0.0, 0.0, 1.0, 0.0], [0.0, 0.0, 0.0, 1.0]], "cam_ids": [0, 1, 2, 3, 4, 5], "cam_channels": ["CAM_FRONT_LEFT", "CAM_FRONT", "CAM_FRONT_RIGHT", "CAM_BACK_LEFT", "CAM_BACK", "CAM_BACK_RIGHT"], "token": "0bdf95e75750420e8107e23e29a80183", "scene": "scene-0663"}, {"images": ["samples/CAM_FRONT_LEFT/n008-2018-08-27-11-48-51-0400__CAM_FRONT_LEFT__1535385296354803.jpg", "samples/CAM_FRONT/n008-2018-08-27-11-48-51-0400__CAM_FRONT__1535385296362404.jpg", "samples/CAM_FRONT_RIGHT/n008-2018-08-27-11-48-51-0400__CAM_FRONT_RIGHT__1535385296370482.jpg", "samples/CAM_BACK_LEFT/n008-2018-08-27-11-48-51-0400__CAM_BACK_LEFT__1535385296397405.jpg", "samples/CAM_BACK/n008-2018-08-27-11-48-51-0400__CAM_BACK__1535385296387558.jpg", "samples/CAM_BACK_RIGHT/n008-2018-08-27-11-48-51-0400__CAM_BACK_RIGHT__1535385296378113.jpg"], "intrinsics": [[[1257.8625342125129, 0.0, 827.2410631095686], [0.0, 1257.8625342125129, 450.915498205774], [0.0, 0.0, 1.0]], [[1252.8131021185304, 0.0, 826.588114781398], [0.0, 1252.8131021185304, 469.9846626224581], [0.0, 0.0, 1.0]], [[1256.7485116440405, 0.0, 817.7887570959712], [0.0, 1256.7485116440403, 451.9541780095127], [0.0, 0.0, 1.0]], [[1254.9860565800168, 0.0, 829.5769333630991], [0.0, 1254.9860565800168, 467.1680561863987], [0.0, 0.0, 1.0]], [[796.8910634503094, 0.0, 857.7774326863696], [0.0, 796.8910634503094, 476.8848988407415], [0.0, 0.0, 1.0]], [[1249.9629280788233, 0.0, 825.3768045375984], [0.0, 1249.9629280788233, 462.54816385708756], [0.0, 0.0, 1.0]]], "extrinsics": [[[0.8137825727462769, -0.5811073184013367, 0.008497574366629124, -0.88531494140625], [0.022172845900058746, 0.0164333488792181, -0.9996190667152405, 1.4915122985839844], [0.5807463526725769, 0.8136610388755798, 0.026257973164319992, -1.24951171875], [0.0, 0.0, 0.0, 1.0]], [[-0.002028122078627348, -0.9999151229858398, -0.012871870771050453, 0.006103515625], [0.024004848673939705, 0.012819508090615273, -0.9996296763420105, 1.4830474853515625], [0.9997097253799438, -0.0023363602813333273, 0.023976808413863182, -1.6141357421875], [0.0, 0.0, 0.0, 1.0]], [[-0.848778247833252, -0.5279261469841003, -0.029484732076525688, 1.0115966796875], [0.0318654365837574, 0.004589188378304243, -0.9994816184043884, 1.4960441589355469], [0.5277878046035767, -0.849277913570404, 0.012927395291626453, -1.2276077270507812], [0.0, 0.0, 0.0, 1.0]], [[0.9478709697723389, 0.31840306520462036, 0.01265557948499918, -1.14208984375], [0.0061113410629332066, 0.021543897688388824, -0.9997492432594299, 1.5620536804199219], [-0.31859585642814636, 0.9477106332778931, 0.018474964424967766, -0.156707763671875], [0.0, 0.0, 0.0, 1.0]], [[0.012712308205664158, 0.9998265504837036, 0.013615925796329975, -0.02850341796875], [0.008375121280550957, 0.013510084711015224, -0.9998736381530762, 1.5683574676513672], [-0.9998841285705566, 0.012824741192162037, -0.00820192415267229, 0.0086669921875], [0.0, 0.0, 0.0, 1.0]], [[-0.9208931922912598, 0.38950902223587036, -0.01544458419084549, 1.097900390625], [0.012619190849363804, -0.009811542928218842, -0.9998722672462463, 1.5486717224121094], [-0.3896107077598572, -0.9209704399108887, 0.004120095167309046, -0.06982421875], [0.0, 0.0, 0.0, 1.0]]], "view": [[0.0, -2.0, 100.0], [-2.0, 0.0, 100.0], [0.0, 0.0, 1.0]], "bev": "bev_e9fe0f1c55af4fcbb1c4bbe64508bc09.png", "aux": "aux_e9fe0f1c55af4fcbb1c4bbe64508bc09.npz", "visibility": "visibility_e9fe0f1c55af4fcbb1c4bbe64508bc09.png", "pose": [[0.9997755289077759, 0.02118801325559616, 0.0, 1728.9505615234375], [-0.02118801325559616, 0.9997755289077759, 0.0, 890.87353515625], [0.0, 0.0, 1.0, 0.0], [0.0, 0.0, 0.0, 1.0]], "pose_inverse": [[0.9997755289077759, -0.02118801325559616, 0.0, -1709.6866455078125], [0.02118801325559616, 0.9997755289077759, 0.0, -927.3065795898438], [0.0, 0.0, 1.0, 0.0], [0.0, 0.0, 0.0, 1.0]], "cam_ids": [0, 1, 2, 3, 4, 5], "cam_channels": ["CAM_FRONT_LEFT", "CAM_FRONT", "CAM_FRONT_RIGHT", "CAM_BACK_LEFT", "CAM_BACK", "CAM_BACK_RIGHT"], "token": "e9fe0f1c55af4fcbb1c4bbe64508bc09", "scene": "scene-0663"}, {"images": ["samples/CAM_FRONT_LEFT/n008-2018-08-27-11-48-51-0400__CAM_FRONT_LEFT__1535385296854799.jpg", "samples/CAM_FRONT/n008-2018-08-27-11-48-51-0400__CAM_FRONT__1535385296862404.jpg", "samples/CAM_FRONT_RIGHT/n008-2018-08-27-11-48-51-0400__CAM_FRONT_RIGHT__1535385296870482.jpg", "samples/CAM_BACK_LEFT/n008-2018-08-27-11-48-51-0400__CAM_BACK_LEFT__1535385296897405.jpg", "samples/CAM_BACK/n008-2018-08-27-11-48-51-0400__CAM_BACK__1535385296887558.jpg", "samples/CAM_BACK_RIGHT/n008-2018-08-27-11-48-51-0400__CAM_BACK_RIGHT__1535385296878113.jpg"], "intrinsics": [[[1257.8625342125129, 0.0, 827.2410631095686], [0.0, 1257.8625342125129, 450.915498205774], [0.0, 0.0, 1.0]], [[1252.8131021185304, 0.0, 826.588114781398], [0.0, 1252.8131021185304, 469.9846626224581], [0.0, 0.0, 1.0]], [[1256.7485116440405, 0.0, 817.7887570959712], [0.0, 1256.7485116440403, 451.9541780095127], [0.0, 0.0, 1.0]], [[1254.9860565800168, 0.0, 829.5769333630991], [0.0, 1254.9860565800168, 467.1680561863987], [0.0, 0.0, 1.0]], [[796.8910634503094, 0.0, 857.7774326863696], [0.0, 796.8910634503094, 476.8848988407415], [0.0, 0.0, 1.0]], [[1249.9629280788233, 0.0, 825.3768045375984], [0.0, 1249.9629280788233, 462.54816385708756], [0.0, 0.0, 1.0]]], "extrinsics": [[[0.8133233785629272, -0.5817295908927917, 0.009784385561943054, -0.872802734375], [0.016454018652439117, 0.006187695078551769, -0.9998454451560974, 1.4909324645996094], [0.5815791487693787, 0.813358724117279, 0.014604385010898113, -1.2410888671875], [0.0, 0.0, 0.0, 1.0]], [[-0.002821405651047826, -0.9999939799308777, -0.0020425922702997923, 0.00634765625], [0.018243400380015373, 0.0019907874520868063, -0.9998316168785095, 1.4825820922851562], [0.9998295903205872, -0.0028581717051565647, 0.01823767088353634, -1.6021728515625], [0.0, 0.0, 0.0, 1.0]], [[-0.8492462038993835, -0.5276711583137512, -0.018549272790551186, 1.0037841796875], [0.02603205107152462, -0.006756213027983904, -0.9996382594108582, 1.4957504272460938], [0.5273549556732178, -0.8494218587875366, 0.019474050030112267, -1.222625732421875], [0.0, 0.0, 0.0, 1.0]], [[0.9479047656059265, 0.31853926181793213, 0.0030495463870465755, -1.1422119140625], [0.00016204462735913694, 0.009090928360819817, -0.9999586343765259, 1.5620412826538086], [-0.3185538351535797, 0.9478660821914673, 0.00856571551412344, -0.15684938430786133], [0.0, 0.0, 0.0, 1.0]], [[0.012985668145120144, 0.999914824962616, 0.0013586783315986395, -0.02862548828125], [0.002487986348569393, 0.0013264783192425966, -0.9999960064888, 1.568155288696289], [-0.999912679195404, 0.012988993898034096, -0.002470549428835511, 0.005615234375], [0.0, 0.0, 0.0, 1.0]], [[-0.9207931160926819, 0.3897782862186432, -0.014589658938348293, 1.092041015625], [0.006714698858559132, -0.021558642387390137, -0.9997450709342957, 1.5483194589614868], [-0.3899933993816376, -0.9206563830375671, 0.01723380573093891, -0.0723876953125], [0.0, 0.0, 0.0, 1.0]]], "view": [[0.0, -2.0, 100.0], [-2.0, 0.0, 100.0], [0.0, 0.0, 1.0]], "bev": "bev_b272518810384488aba38b46cc102fc9.png", "aux": "aux_b272518810384488aba38b46cc102fc9.npz", "visibility": "visibility_b272518810384488aba38b46cc102fc9.png", "pose": [[0.9880591034889221, -0.15407532453536987, 0.0, 1730.7225341796875], [0.15407532453536987, 0.9880591034889221, 0.0, 890.9759521484375], [0.0, 0.0, 1.0, 0.0], [0.0, 0.0, 0.0, 1.0]], "pose_inverse": [[0.9880591034889221, 0.15407532453536987, 0.0, -1847.3336181640625], [-0.15407532453536987, 0.9880591034889221, 0.0, -613.6752319335938], [0.0, 0.0, 1.0, 0.0], [0.0, 0.0, 0.0, 1.0]], "cam_ids": [0, 1, 2, 3, 4, 5], "cam_channels": ["CAM_FRONT_LEFT", "CAM_FRONT", "CAM_FRONT_RIGHT", "CAM_BACK_LEFT", "CAM_BACK", "CAM_BACK_RIGHT"], "token": "b272518810384488aba38b46cc102fc9", "scene": "scene-0663"}, {"images": ["samples/CAM_FRONT_LEFT/n008-2018-08-27-11-48-51-0400__CAM_FRONT_LEFT__1535385297404811.jpg", "samples/CAM_FRONT/n008-2018-08-27-11-48-51-0400__CAM_FRONT__1535385297412404.jpg", "samples/CAM_FRONT_RIGHT/n008-2018-08-27-11-48-51-0400__CAM_FRONT_RIGHT__1535385297420482.jpg", "samples/CAM_BACK_LEFT/n008-2018-08-27-11-48-51-0400__CAM_BACK_LEFT__1535385297447405.jpg", "samples/CAM_BACK/n008-2018-08-27-11-48-51-0400__CAM_BACK__1535385297437558.jpg", "samples/CAM_BACK_RIGHT/n008-2018-08-27-11-48-51-0400__CAM_BACK_RIGHT__1535385297428113.jpg"], "intrinsics": [[[1257.8625342125129, 0.0, 827.2410631095686], [0.0, 1257.8625342125129, 450.915498205774], [0.0, 0.0, 1.0]], [[1252.8131021185304, 0.0, 826.588114781398], [0.0, 1252.8131021185304, 469.9846626224581], [0.0, 0.0, 1.0]], [[1256.7485116440405, 0.0, 817.7887570959712], [0.0, 1256.7485116440403, 451.9541780095127], [0.0, 0.0, 1.0]], [[1254.9860565800168, 0.0, 829.5769333630991], [0.0, 1254.9860565800168, 467.1680561863987], [0.0, 0.0, 1.0]], [[796.8910634503094, 0.0, 857.7774326863696], [0.0, 796.8910634503094, 476.8848988407415], [0.0, 0.0, 1.0]], [[1249.9629280788233, 0.0, 825.3768045375984], [0.0, 1249.9629280788233, 462.54816385708756], [0.0, 0.0, 1.0]]], "extrinsics": [[[0.8143796324729919, -0.5800051689147949, -0.019492555409669876, -0.8441162109375], [-0.004163042642176151, 0.027749035507440567, -0.9996062517166138, 1.4870959520339966], [0.5803176760673523, 0.8141400814056396, 0.020183660089969635, -1.2373046875], [0.0, 0.0, 0.0, 1.0]], [[-0.0010875767329707742, -0.9997269511222839, -0.02334250509738922, 0.019439697265625], [-0.0027111780364066362, 0.023345382884144783, -0.9997237920761108, 1.4794104099273682], [0.999995768070221, -0.0010239735711365938, -0.0027358275838196278, -1.579345703125], [0.0, 0.0, 0.0, 1.0]], [[-0.8486006259918213, -0.528906524181366, -0.011616910807788372, 0.992431640625], [0.004771526902914047, 0.01430587563663721, -0.9998862743377686, 1.4934654235839844], [0.5290125608444214, -0.848559558391571, -0.009616284631192684, -1.19976806640625], [0.0, 0.0, 0.0, 1.0]], [[0.9475377202033997, 0.3194480538368225, -0.011191199533641338, -1.1297607421875], [-0.021460620686411858, 0.028645403683185577, -0.9993592500686646, 1.5613174438476562], [-0.31892284750938416, 0.9471707344055176, 0.03399815410375595, -0.172760009765625], [0.0, 0.0, 0.0, 1.0]], [[0.012475238181650639, 0.9996960759162903, 0.02126617729663849, -0.039215087890625], [-0.019035784527659416,