[{"images": ["samples/CAM_FRONT_LEFT/n015-2018-10-08-15-36-50+0800__CAM_FRONT_LEFT__1538984433504844.jpg", "samples/CAM_FRONT/n015-2018-10-08-15-36-50+0800__CAM_FRONT__1538984433512460.jpg", "samples/CAM_FRONT_RIGHT/n015-2018-10-08-15-36-50+0800__CAM_FRONT_RIGHT__1538984433520339.jpg", "samples/CAM_BACK_LEFT/n015-2018-10-08-15-36-50+0800__CAM_BACK_LEFT__1538984433547440.jpg", "samples/CAM_BACK/n015-2018-10-08-15-36-50+0800__CAM_BACK__1538984433537525.jpg", "samples/CAM_BACK_RIGHT/n015-2018-10-08-15-36-50+0800__CAM_BACK_RIGHT__1538984433527893.jpg"], "intrinsics": [[[1272.5979470598488, 0.0, 826.6154927353808], [0.0, 1272.5979470598488, 479.75165386361925], [0.0, 0.0, 1.0]], [[1266.417203046554, 0.0, 816.2670197447984], [0.0, 1266.417203046554, 491.50706579294757], [0.0, 0.0, 1.0]], [[1260.8474446004698, 0.0, 807.968244525554], [0.0, 1260.8474446004698, 495.3344268742088], [0.0, 0.0, 1.0]], [[1256.7414812095406, 0.0, 792.1125740759628], [0.0, 1256.7414812095406, 492.7757465151356], [0.0, 0.0, 1.0]], [[809.2209905677063, 0.0, 829.2196003259838], [0.0, 809.2209905677063, 481.77842384512485], [0.0, 0.0, 1.0]], [[1259.5137405846733, 0.0, 807.2529053838625], [0.0, 1259.5137405846733, 501.19579884916527], [0.0, 0.0, 1.0]]], "extrinsics": [[[0.8198893070220947, -0.5724982023239136, 0.005222851876169443, -0.65338134765625], [-0.005696512293070555, -0.017279524356126785, -0.9998344779014587, 1.5061283111572266], [0.5724937319755554, 0.819723904132843, -0.01742854155600071, -1.06494140625], [0.0, 0.0, 0.0, 1.0]], [[0.004472676664590836, -0.9997602701187134, 0.021432213485240936, 0.0081787109375], [-0.010684192180633545, -0.021478980779647827, -0.9997122287750244, 1.517242431640625], [0.9999328851699829, 0.00424234801903367, -0.010777697898447514, -1.380859375], [0.0, 0.0, 0.0, 1.0]], [[-0.8334851264953613, -0.5525051951408386, 0.006377467419952154, 0.831298828125], [-0.004716404713690281, -0.004427614621818066, -0.9999790191650391, 1.502507209777832], [0.552521824836731, -0.8334977030754089, 0.0010845146607607603, -1.1136474609375], [0.0, 0.0, 0.0, 1.0]], [[0.9477810859680176, 0.31885766983032227, -0.006388923153281212, -1.13690185546875], [0.005076459143310785, -0.035113703459501266, -0.9993703961372375, 1.588592529296875], [-0.31888121366500854, 0.9471519589424133, -0.034898772835731506, -0.105712890625], [0.0, 0.0, 0.0, 1.0]], [[0.002808737801387906, 0.9996824264526367, -0.025045204907655716, 0.0025634765625], [-0.02073751948773861, -0.02498169057071209, -0.9994727969169617, 1.5774574279785156], [-0.9997809529304504, 0.0033266206737607718, 0.02066076546907425, -0.090118408203125], [0.0, 0.0, 0.0, 1.0]], [[-0.9345629811286926, 0.35551655292510986, -0.014144527725875378, 0.9711761474609375], [0.011493676342070103, -0.009567446075379848, -0.9998881816864014, 1.5534791946411133], [-0.3556121289730072, -0.9346210360527039, 0.004855187144130468, -0.125244140625], [0.0, 0.0, 0.0, 1.0]]], "view": [[0.0, -2.0, 100.0], [-2.0, 0.0, 100.0], [0.0, 0.0, 1.0]], "bev": "bev_bd0c27135b3c43c6b0e59f03fdf441cb.png", "aux": "aux_bd0c27135b3c43c6b0e59f03fdf441cb.npz", "visibility": "visibility_bd0c27135b3c43c6b0e59f03fdf441cb.png", "pose": [[0.9030930399894714, 0.4294449985027313, 0.0, 1103.841552734375], [-0.4294449985027313, 0.9030930399894714, 0.0, 1352.8133544921875], [0.0, 0.0, 1.0, 0.0], [0.0, 0.0, 0.0, 1.0]], "pose_inverse": [[0.9030930399894714, -0.4294449985027313, 0.0, -415.9126892089844], [0.4294449985027313, 0.9030930399894714, 0.0, -1695.7554931640625], [0.0, 0.0, 1.0, 0.0], [0.0, 0.0, 0.0, 1.0]], "cam_ids": [0, 1, 2, 3, 4, 5], "cam_channels": ["CAM_FRONT_LEFT", "CAM_FRONT", "CAM_FRONT_RIGHT", "CAM_BACK_LEFT", "CAM_BACK", "CAM_BACK_RIGHT"], "token": "bd0c27135b3c43c6b0e59f03fdf441cb", "scene": "scene-0919"}, {"images": ["samples/CAM_FRONT_LEFT/n015-2018-10-08-15-36-50+0800__CAM_FRONT_LEFT__1538984434004844.jpg", "samples/CAM_FRONT/n015-2018-10-08-15-36-50+0800__CAM_FRONT__1538984434012460.jpg", "samples/CAM_FRONT_RIGHT/n015-2018-10-08-15-36-50+0800__CAM_FRONT_RIGHT__1538984434020339.jpg", "samples/CAM_BACK_LEFT/n015-2018-10-08-15-36-50+0800__CAM_BACK_LEFT__1538984434047423.jpg", "samples/CAM_BACK/n015-2018-10-08-15-36-50+0800__CAM_BACK__1538984434037525.jpg", "samples/CAM_BACK_RIGHT/n015-2018-10-08-15-36-50+0800__CAM_BACK_RIGHT__1538984434027893.jpg"], "intrinsics": [[[1272.5979470598488, 0.0, 826.6154927353808], [0.0, 1272.5979470598488, 479.75165386361925], [0.0, 0.0, 1.0]], [[1266.417203046554, 0.0, 816.2670197447984], [0.0, 1266.417203046554, 491.50706579294757], [0.0, 0.0, 1.0]], [[1260.8474446004698, 0.0, 807.968244525554], [0.0, 1260.8474446004698, 495.3344268742088], [0.0, 0.0, 1.0]], [[1256.7414812095406, 0.0, 792.1125740759628], [0.0, 1256.7414812095406, 492.7757465151356], [0.0, 0.0, 1.0]], [[809.2209905677063, 0.0, 829.2196003259838], [0.0, 809.2209905677063, 481.77842384512485], [0.0, 0.0, 1.0]], [[1259.5137405846733, 0.0, 807.2529053838625], [0.0, 1259.5137405846733, 501.19579884916527], [0.0, 0.0, 1.0]]], "extrinsics": [[[0.820088267326355, -0.5721626281738281, 0.009219822473824024, -0.6444091796875], [0.0001957896602107212, -0.015831340104341507, -0.9998746514320374, 1.5083751678466797], [0.5722368955612183, 0.8199872970581055, -0.012871073558926582, -1.0606689453125], [0.0, 0.0, 0.0, 1.0]], [[0.004725479055196047, -0.9997914433479309, 0.019865134730935097, 0.00927734375], [-0.005032532848417759, -0.019888881593942642, -0.9997895359992981, 1.5189743041992188], [0.9999761581420898, 0.00462455116212368, -0.005125468131154776, -1.3714599609375], [0.0, 0.0, 0.0, 1.0]], [[-0.833330512046814, -0.55277419090271, 0.0009174126898869872, 0.8245849609375], [0.0006809362093918025, -0.0026861857622861862, -0.9999961256980896, 1.5038199424743652], [0.5527745485305786, -0.8333266973495483, 0.002614884404465556, -1.108154296875], [0.0, 0.0, 0.0, 1.0]], [[0.947722852230072, 0.3190901577472687, -0.0017156003741547465, -1.133056640625], [0.009389120154082775, -0.03325975313782692, -0.999402642250061, 1.5886611938476562], [-0.31895655393600464, 0.9471405744552612, -0.03451700136065483, -0.107421875], [0.0, 0.0, 0.0, 1.0]], [[0.0027557818684726954, 0.9997280240058899, -0.02315705269575119, 0.002197265625], [-0.01603270322084427, -0.02310999110341072, -0.9996044039726257, 1.5778121948242188], [-0.9998676180839539, 0.003125967690721154, 0.015964657068252563, -0.095733642578125], [0.0, 0.0, 0.0, 1.0]], [[-0.9345690608024597, 0.3553130030632019, -0.018258025869727135, 0.964202880859375], [0.016600394621491432, -0.007713633589446545, -0.9998324513435364, 1.5545082092285156], [-0.3553943336009979, -0.9347155690193176, 0.0013105864636600018, -0.12744140625], [0.0, 0.0, 0.0, 1.0]]], "view": [[0.0, -2.0, 100.0], [-2.0, 0.0, 100.0], [0.0, 0.0, 1.0]], "bev": "bev_7af2a84ed5664aaa8015a5352670c982.png", "aux": "aux_7af2a84ed5664aaa8015a5352670c982.npz", "visibility": "visibility_7af2a84ed5664aaa8015a5352670c982.png", "pose": [[0.9117522835731506, 0.410740464925766, 0.0, 1107.830322265625], [-0.410740464925766, 0.9117522835731506, 0.0, 1350.935546875], [0.0, 0.0, 1.0, 0.0], [0.0, 0.0, 0.0, 1.0]], "pose_inverse": [[0.9117522835731506, -0.410740464925766, 0.0, -455.1829528808594], [0.410740464925766, 0.9117522835731506, 0.0, -1686.7493896484375], [0.0, 0.0, 1.0, 0.0], [0.0, 0.0, 0.0, 1.0]], "cam_ids": [0, 1, 2, 3, 4, 5], "cam_channels": ["CAM_FRONT_LEFT", "CAM_FRONT", "CAM_FRONT_RIGHT", "CAM_BACK_LEFT", "CAM_BACK", "CAM_BACK_RIGHT"], "token": "7af2a84ed5664aaa8015a5352670c982", "scene": "scene-0919"}, {"images": ["samples/CAM_FRONT_LEFT/n015-2018-10-08-15-36-50+0800__CAM_FRONT_LEFT__1538984434504844.jpg", "samples/CAM_FRONT/n015-2018-10-08-15-36-50+0800__CAM_FRONT__1538984434512460.jpg", "samples/CAM_FRONT_RIGHT/n015-2018-10-08-15-36-50+0800__CAM_FRONT_RIGHT__1538984434520339.jpg", "samples/CAM_BACK_LEFT/n015-2018-10-08-15-36-50+0800__CAM_BACK_LEFT__1538984434547423.jpg", "samples/CAM_BACK/n015-2018-10-08-15-36-50+0800__CAM_BACK__1538984434537525.jpg", "samples/CAM_BACK_RIGHT/n015-2018-10-08-15-36-50+0800__CAM_BACK_RIGHT__1538984434527893.jpg"], "intrinsics": [[[1272.5979470598488, 0.0, 826.6154927353808], [0.0, 1272.5979470598488, 479.75165386361925], [0.0, 0.0, 1.0]], [[1266.417203046554, 0.0, 816.2670197447984], [0.0, 1266.417203046554, 491.50706579294757], [0.0, 0.0, 1.0]], [[1260.8474446004698, 0.0, 807.968244525554], [0.0, 1260.8474446004698, 495.3344268742088], [0.0, 0.0, 1.0]], [[1256.7414812095406, 0.0, 792.1125740759628], [0.0, 1256.7414812095406, 492.7757465151356], [0.0, 0.0, 1.0]], [[809.2209905677063, 0.0, 829.2196003259838], [0.0, 809.2209905677063, 481.77842384512485], [0.0, 0.0, 1.0]], [[1259.5137405846733, 0.0, 807.2529053838625], [0.0, 1259.5137405846733, 501.19579884916527], [0.0, 0.0, 1.0]]], "extrinsics": [[[0.8191507458686829, -0.5735783576965332, -2.170708512494457e-06, -0.63836669921875], [-0.013255558907985687, -0.01892702281475067, -0.999733030796051, 1.5030326843261719], [0.5734251141548157, 0.8189319968223572, -0.02310718595981598, -1.0546875], [0.0, 0.0, 0.0, 1.0]], [[0.003543167607858777, -0.9997256994247437, 0.023149384185671806, 0.0081787109375], [-0.019103461876511574, -0.02321297489106655, -0.999548077583313, 1.514312744140625], [0.9998112916946411, 0.0030993411783128977, -0.01918046921491623, -1.363983154296875], [0.0, 0.0, 0.0, 1.0]], [[-0.8338854312896729, -0.5517297983169556, 0.015139729715883732, 0.8187255859375], [-0.014008374884724617, -0.006264963652938604, -0.9998822212219238, 1.5000495910644531], [0.5517597794532776, -0.8339993953704834, -0.0025045752990990877, -1.1053466796875], [0.0, 0.0, 0.0, 1.0]], [[0.9477753043174744, 0.31839147210121155, -0.018675576895475388, -1.12982177734375], [-0.007144843693822622, -0.03734511509537697, -0.999276876449585, 1.5884475708007812], [-0.31885871291160583, 0.947223424911499, -0.03311992436647415, -0.1075439453125], [0.0, 0.0, 0.0, 1.0]], [[0.003015767550095916, 0.9996268153190613, -0.02715165726840496, 0.0025634765625], [-0.03193410113453865, -0.027041658759117126, -0.9991241097450256, 1.5760993957519531], [-0.999485433101654, 0.0038802085909992456, 0.03184062987565994, -0.100738525390625], [0.0, 0.0, 0.0, 1.0]], [[-0.9344028830528259, 0.3561776876449585, -0.005353044252842665, 0.9588775634765625], [0.0013455345761030912, -0.011498237028717995, -0.9999330043792725, 1.551717758178711], [-0.35621538758277893, -0.9343475103378296, 0.01026473380625248, -0.1298828125], [0.0, 0.0, 0.0, 1.0]]], "view": [[0.0, -2.0, 100.0], [-2.0, 0.0, 100.0], [0.0, 0.0, 1.0]], "bev": "bev_f660499bce224bb990e3ae46587bd0c0.png", "aux": "aux_f660499bce224bb990e3ae46587bd0c0.npz", "visibility": "visibility_f660499bce224bb990e3ae46587bd0c0.png", "pose": [[0.920066773891449, 0.3917616009712219, 0.0, 1111.9100341796875], [-0.3917616009712219, 0.920066773891449, 0.0, 1349.11865234375], [0.0, 0.0, 1.0, 0.0], [0.0, 0.0, 0.0, 1.0]], "pose_inverse": [[0.920066773891449, -0.3917616009712219, 0.0, -494.4985656738281], [0.3917616009712219, 0.920066773891449, 0.0, -1676.8829345703125], [0.0, 0.0, 1.0, 0.0], [0.0, 0.0, 0.0, 1.0]], "cam_ids": [0, 1, 2, 3, 4, 5], "cam_channels": ["CAM_FRONT_LEFT", "CAM_FRONT", "CAM_FRONT_RIGHT", "CAM_BACK_LEFT", "CAM_BACK", "CAM_BACK_RIGHT"], "token": "f660499bce224bb990e3ae46587bd0c0", "scene": "scene-0919"}, {"images": ["samples/CAM_FRONT_LEFT/n015-2018-10-08-15-36-50+0800__CAM_FRONT_LEFT__1538984435004844.jpg", "samples/CAM_FRONT/n015-2018-10-08-15-36-50+0800__CAM_FRONT__1538984435012460.jpg", "samples/CAM_FRONT_RIGHT/n015-2018-10-08-15-36-50+0800__CAM_FRONT_RIGHT__1538984435020339.jpg", "samples/CAM_BACK_LEFT/n015-2018-10-08-15-36-50+0800__CAM_BACK_LEFT__1538984435047423.jpg", "samples/CAM_BACK/n015-2018-10-08-15-36-50+0800__CAM_BACK__1538984435037525.jpg", "samples/CAM_BACK_RIGHT/n015-2018-10-08-15-36-50+0800__CAM_BACK_RIGHT__1538984435027893.jpg"], "intrinsics": [[[1272.5979470598488, 0.0, 826.6154927353808], [0.0, 1272.5979470598488, 479.75165386361925], [0.0, 0.0, 1.0]], [[1266.417203046554, 0.0, 816.2670197447984], [0.0, 1266.417203046554, 491.50706579294757], [0.0, 0.0, 1.0]], [[1260.8474446004698, 0.0, 807.968244525554], [0.0, 1260.8474446004698, 495.3344268742088], [0.0, 0.0, 1.0]], [[1256.7414812095406, 0.0, 792.1125740759628], [0.0, 1256.7414812095406, 492.7757465151356], [0.0, 0.0, 1.0]], [[809.2209905677063, 0.0, 829.2196003259838], [0.0, 809.2209905677063, 481.77842384512485], [0.0, 0.0, 1.0]], [[1259.5137405846733, 0.0, 807.2529053838625], [0.0, 1259.5137405846733, 501.19579884916527], [0.0, 0.0, 1.0]]], "extrinsics": [[[0.819838285446167, -0.5725881457328796, -0.002812980441376567, -0.6343994140625], [-0.021140990778803825, -0.02535984292626381, -0.9994548559188843, 1.4998970031738281], [0.5722046494483948, 0.8194507956504822, -0.03289605304598808, -1.0546875], [0.0, 0.0, 0.0, 1.0]], [[0.004711739718914032, -0.9995623230934143, 0.029203323647379875, 0.0101318359375], [-0.026798907667398453, -0.02931937575340271, -0.9992108345031738, 1.5117759704589844], [0.9996296763420105, 0.003925432451069355, -0.026925325393676758, -1.3616943359375], [0.0, 0.0, 0.0, 1.0]], [[-0.8333455324172974, -0.5522050261497498, 0.024590151384472847, 0.8179931640625], [-0.021529626101255417, -0.01202642172574997, -0.9996958374977112, 1.4981040954589844], [0.5523328185081482, -0.8336215019226074, -0.0018666032701730728, -1.1033935546875], [0.0, 0.0, 0.0, 1.0]], [[0.9475799798965454, 0.31839072704315186, -0.026821479201316833, -1.13006591796875], [-0.014145968481898308, -0.04205719754099846, -0.9990150332450867, 1.5883941650390625], [-0.3192051649093628, 0.9470261335372925, -0.03534861281514168, -0.1085205078125], [0.0, 0.0, 0.0, 1.0]], [[0.0025997047778218985, 0.9994750022888184, -0.032295238226652145, 0.001953125], [-0.03909323737025261, -0.03216908127069473, -0.9987176060676575, 1.57537841796875], [-0.9992321133613586, 0.0038588466122746468, 0.038989078253507614, -0.100799560546875], [0.0, 0.0, 0.0, 1.0]], [[-0.9345970153808594, 0.35570794343948364, -0.00041213995427824557, 0.95770263671875], [-0.006019464693963528, -0.01697417162358761, -0.9998378157615662, 1.5503406524658203], [-0.3556572496891022, -0.9344429969787598, 0.018005182966589928, -0.1292724609375], [0.0, 0.0, 0.0, 1.0]]], "view": [[0.0, -2.0, 100.0], [-2.0, 0.0, 100.0], [0.0, 0.0, 1.0]], "bev": "bev_4a9a39eae79547848db991d5eeee313d.png", "aux": "aux_4a9a39eae79547848db991d5eeee313d.npz", "visibility": "visibility_4a9a39eae79547848db991d5eeee313d.png", "pose": [[0.924447238445282, 0.3813099265098572, 0.0, 1116.056640625], [-0.3813099265098572, 0.924447238445282, 0.0, 1347.3380126953125], [0.0, 0.0, 1.0, 0.0], [0.0, 0.0, 0.0, 1.0]], "pose_inverse": [[0.924447238445282, -0.3813099265098572, 0.0, -517.9821166992188], [0.3813099265098572, 0.924447238445282, 0.0, -1671.1064453125], [0.0, 0.0, 1.0, 0.0], [0.0, 0.0, 0.0, 1.0]], "cam_ids": [0, 1, 2, 3, 4, 5], "cam_channels": ["CAM_FRONT_LEFT", "CAM_FRONT", "CAM_FRONT_RIGHT", "CAM_BACK_LEFT", "CAM_BACK", "CAM_BACK_RIGHT"], "token": "4a9a39eae79547848db991d5eeee313d", "scene": "scene-0919"}, {"images": ["samples/CAM_FRONT_LEFT/n015-2018-10-08-15-36-50+0800__CAM_FRONT_LEFT__1538984435504844.jpg", "samples/CAM_FRONT/n015-2018-10-08-15-36-50+0800__CAM_FRONT__1538984435512460.jpg", "samples/CAM_FRONT_RIGHT/n015-2018-10-08-15-36-50+0800__CAM_FRONT_RIGHT__1538984435520339.jpg", "samples/CAM_BACK_LEFT/n015-2018-10-08-15-36-50+0800__CAM_BACK_LEFT__1538984435547423.jpg", "samples/CAM_BACK/n015-2018-10-08-15-36-50+0800__CAM_BACK__1538984435537525.jpg", "samples/CAM_BACK_RIGHT/n015-2018-10-08-15-36-50+0800__CAM_BACK_RIGHT__1538984435527893.jpg"], "intrinsics": [[[1272.5979470598488, 0.0, 826.6154927353808], [0.0, 1272.5979470598488, 479.75165386361925], [0.0, 0.0, 1.0]], [[1266.417203046554, 0.0, 816.2670197447984], [0.0, 1266.417203046554, 491.50706579294757], [0.0, 0.0, 1.0]], [[1260.8474446004698, 0.0, 807.968244525554], [0.0, 1260.8474446004698, 495.3344268742088], [0.0, 0.0, 1.0]], [[1256.7414812095406, 0.0, 792.1125740759628], [0.0, 1256.7414812095406, 492.7757465151356], [0.0, 0.0, 1.0]], [[809.2209905677063, 0.0, 829.2196003259838], [0.0, 809.2209905677063, 481.77842384512485], [0.0, 0.0, 1.0]], [[1259.5137405846733, 0.0, 807.2529053838625], [0.0, 1259.5137405846733, 501.19579884916527], [0.0, 0.0, 1.0]]], "extrinsics": [[[0.8196375370025635, -0.5725716948509216, -0.018866775557398796, -0.6456298828125], [-0.03538327291607857, -0.017726099118590355, -0.9992165565490723, 1.4945755004882812], [0.5717887282371521, 0.8196630477905273, -0.03478843346238136, -1.0609130859375], [0.0, 0.0, 0.0, 1.0]], [[0.0049795592203736305, -0.9997545480728149, 0.02159087546169758, 0.0087890625], [-0.040684811770915985, -0.02177581377327442, -0.9989347457885742, 1.5075607299804688], [0.9991596937179565, 0.004095861688256264, -0.04078325256705284, -1.372314453125], [0.0, 0.0, 0.0, 1.0]], [[-0.8330135941505432, -0.5523409843444824, 0.03174617141485214, 0.82470703125], [-0.03505506366491318, -0.004571425728499889, -0.9993748664855957, 1.4948692321777344], [0.5521408319473267, -0.8336057662963867, -0.015554284676909447, -1.1087646484375], [0.0, 0.0, 0.0, 1.0]], [[0.9472416639328003, 0.31846511363983154, -0.0362381711602211, -1.13134765625], [-0.02644399181008339, -0.03502551466226578, -0.9990364909172058, 1.5882568359375], [-0.3194275200366974, 0.9472873210906982, -0.024756139144301414, -0.1075439453125], [0.0, 0.0, 0.0, 1.0]], [[0.0023361067287623882, 0.9996827840805054, -0.025081032887101173, 0.00244140625], [-0.05182715877890587, -0.024926356971263885, -0.9983449578285217, 1.5742721557617188], [-0.9986532926559448, 0.003632156178355217, 0.0517524778842926, -0.09661865234375], [0.0, 0.0, 0.0, 1.0]], [[-0.9344702959060669, 0.35574498772621155, 0.014518492855131626, 0.9641494750976562], [-0.019182758405804634, -0.009587115608155727, -0.9997700452804565, 1.5479393005371094], [-0.355523943901062, -0.934533953666687, 0.015783045440912247, -0.127685546875], [0.0, 0.0, 0.0, 1.0]]], "view": [[0.0, -2.0, 100.0], [-2.0, 0.0, 100.0], [0.0, 0.0, 1.0]], "bev": "bev_9d89067ae94a4fc29c464f0d8dc2dab6.png", "aux": "aux_9d89067ae94a4fc29c464f0d8dc2dab6.npz", "visibility": "visibility_9d89067ae94a4fc29c464f0d8dc2dab6.png", "pose": [[0.9292983412742615, 0.3693299889564514, 0.0, 1120.1524658203125], [-0.3693299889564514, 0.9292983412742615, 0.0, 1345.6573486328125], [0.0, 0.0, 1.0, 0.0], [0.0, 0.0, 0.0, 1.0]], "pose_inverse": [[0.9292983412742615, -0.3693299889564514, 0.0, -543.9641723632812], [0.3693299889564514, 0.9292983412742615, 0.0, -1664.2230224609375], [0.0, 0.0, 1.0, 0.0], [0.0, 0.0, 0.0, 1.0]], "cam_ids": [0, 1, 2, 3, 4, 5], "cam_channels": ["CAM_FRONT_LEFT", "CAM_FRONT", "CAM_FRONT_RIGHT", "CAM_BACK_LEFT", "CAM_BACK", "CAM_BACK_RIGHT"], "token": "9d89067ae94a4fc29c464f0d8dc2dab6", "scene": "scene-0919"}, {"images": ["samples/CAM_FRONT_LEFT/n015-2018-10-08-15-36-50+0800__CAM_FRONT_LEFT__1538984436004844.jpg", "samples/CAM_FRONT/n015-2018-10-08-15-36-50+0800__CAM_FRONT__1538984436012460.jpg", "samples/CAM_FRONT_RIGHT/n015-2018-10-08-15-36-50+0800__CAM_FRONT_RIGHT__1538984436020339.jpg", "samples/CAM_BACK_LEFT/n015-2018-10-08-15-36-50+0800__CAM_BACK_LEFT__1538984436047423.jpg", "samples/CAM_BACK/n015-2018-10-08-15-36-50+0800__CAM_BACK__1538984436037525.jpg", "samples/CAM_BACK_RIGHT/n015-2018-10-08-15-36-50+0800__CAM_BACK_RIGHT__1538984436027907.jpg"], "intrinsics": [[[1272.5979470598488, 0.0, 826.6154927353808], [0.0, 1272.5979470598488, 479.75165386361925], [0.0, 0.0, 1.0]], [[1266.417203046554, 0.0, 816.2670197447984], [0.0, 1266.417203046554, 491.50706579294757], [0.0, 0.0, 1.0]], [[1260.8474446004698, 0.0, 807.968244525554], [0.0, 1260.8474446004698, 495.3344268742088], [0.0, 0.0, 1.0]], [[1256.7414812095406, 0.0, 792.1125740759628], [0.0, 1256.7414812095406, 492.7757465151356], [0.0, 0.0, 1.0]], [[809.2209905677063, 0.0, 829.2196003259838], [0.0, 809.2209905677063, 481.77842384512485], [0.0, 0.0, 1.0]], [[1259.5137405846733, 0.0, 807.2529053838625], [0.0, 1259.5137405846733, 501.19579884916527], [0.0, 0.0, 1.0]]], "extrinsics": [[[0.8197811245918274, -0.5723595023155212, -0.019066419452428818, -0.65130615234375], [-0.03611886873841286, -0.01844789832830429, -0.9991772174835205, 1.4944686889648438], [0.5715367794036865, 0.8197953104972839, -0.035796210169792175, -1.062744140625], [0.0, 0.0, 0.0, 1.0]], [[0.00521972356364131, -0.9997352361679077, 0.022407492622733116, 0.00732421875], [-0.04158617556095123, -0.02260543219745159, -0.9988791942596436, 1.5074348449707031], [0.9991212487220764, 0.004282081034034491, -0.04169315844774246, -1.3770751953125], [0.0, 0.0, 0.0, 1.0]], [[-0.8328890800476074, -0.552445650100708, 0.0331609770655632, 0.8272705078125], [-0.03613254427909851, -0.005510798189789057, -0.9993317723274231, 1.494741439819336], [0.5522592067718506, -0.8335306644439697, -0.015371382236480713, -1.1119384765625], [0.0, 0.0, 0.0, 1.0]], [[0.9471759796142578, 0.3184196352958679, -0.03829463943839073, -1.1341552734375], [-0.028184091672301292, -0.036300767213106155, -0.9989433884620667, 1.5883026123046875], [-0.3194732666015625, 0.9472545385360718, -0.025408849120140076, -0.1060791015625], [0.0, 0.0, 0.0, 1.0]], [[0.0022455782163888216, 0.9996528029441833, -0.026253078132867813, 0.0028076171875], [-0.053319256752729416, -0.026096107438206673, -0.9982364773750305, 1.57421875], [-0.99857497215271, 0.003641401417553425, 0.053242139518260956, -0.0943603515625], [0.0, 0.0, 0.0, 1.0]], [[-0.9344919919967651, 0.35565388202667236, 0.015328718349337578, 0.9674415588378906], [-0.02044588327407837, -0.010633564554154873, -0.9997344017028809, 1.5477657318115234], [-0.3553963601589203, -0.9345572590827942, 0.017208639532327652, -0.127197265625], [0.0, 0.0, 0.0, 1.0]]], "view": [[0.0, -2.0, 100.0], [-2.0, 0.0, 100.0], [0.0, 0.0, 1.0]], "bev": "bev_7110a0d148fa40e3baf92bd9a2f9cce4.png", "aux": "aux_7110a0d148fa40e3baf92bd9a2f9cce4.npz", "visibility": "visibility_7110a0d148fa40e3baf92bd9a2f9cce4.png", "pose": [[0.9324401617050171, 0.3613244593143463, 0.0, 1124.2447509765625], [-0.3613244593143463, 0.9324401617050171, 0.0, 1344.02197265625], [0.0, 0.0, 1.0, 0.0], [0.0, 0.0, 0.0, 1.0]], "pose_inverse": [[0.9324401617050171, -0.3613244593143463, 0.0, -562.6629638671875], [0.3613244593143463, 0.9324401617050171, 0.0, -1659.4371337890625], [0.0, 0.0, 1.0, 0.0], [0.0, 0.0, 0.0, 1.0]], "cam_ids": [0, 1, 2, 3, 4, 5], "cam_channels": ["CAM_FRONT_LEFT", "CAM_FRONT", "CAM_FRONT_RIGHT", "CAM_BACK_LEFT", "CAM_BACK", "CAM_BACK_RIGHT"], "token": "7110a0d148fa40e3baf92bd9a2f9cce4", "scene": "scene-0919"}, {"images": ["samples/CAM_FRONT_LEFT/n015-2018-10-08-15-36-50+0800__CAM_FRONT_LEFT__1538984436504844.jpg", "samples/CAM_FRONT/n015-2018-10-08-15-36-50+0800__CAM_FRONT__1538984436512460.jpg", "samples/CAM_FRONT_RIGHT/n015-2018-10-08-15-36-50+0800__CAM_FRONT_RIGHT__1538984436520339.jpg", "samples/CAM_BACK_LEFT/n015-2018-10-08-15-36-50+0800__CAM_BACK_LEFT__1538984436547447.jpg", "samples/CAM_BACK/n015-2018-10-08-15-36-50+0800__CAM_BACK__1538984436537525.jpg", "samples/CAM_BACK_RIGHT/n015-2018-10-08-15-36-50+0800__CAM_BACK_RIGHT__1538984436527893.jpg"], "intrinsics": [[[1272.5979470598488, 0.0, 826.6154927353808], [0.0, 1272.5979470598488, 479.75165386361925], [0.0, 0.0, 1.0]], [[1266.417203046554, 0.0, 816.2670197447984], [0.0, 1266.417203046554, 491.50706579294757], [0.0, 0.0, 1.0]], [[1260.8474446004698, 0.0, 807.968244525554], [0.0, 1260.8474446004698, 495.3344268742088], [0.0, 0.0, 1.0]], [[1256.7414812095406, 0.0, 792.1125740759628], [0.0, 1256.7414812095406, 492.7757465151356], [0.0, 0.0, 1.0]], [[809.2209905677063, 0.0, 829.2196003259838], [0.0, 809.2209905677063, 481.77842384512485], [0.0, 0.0, 1.0]], [[1259.5137405846733, 0.0, 807.2529053838625], [0.0, 1259.5137405846733, 501.19579884916527], [0.0, 0.0, 1.0]]], "extrinsics": [[[0.8201918005943298, -0.5718127489089966, -0.01776818558573723, -0.655517578125], [-0.04323529079556465, -0.030986012890934944, -0.9985843300819397, 1.4921417236328125], [0.5704526305198669, 0.8197987675666809, -0.05013696104288101, -1.069091796875], [0.0, 0.0, 0.0, 1.0]], [[0.006203348282724619, -0.9993743896484375, 0.034817326813936234, 0.009765625], [-0.04835876449942589, -0.03507706895470619, -0.9982139468193054, 1.5057220458984375], [0.9988107681274414, 0.004508588463068008, -0.04854610934853554, -1.3841552734375], [0.0, 0.0, 0.0, 1.0]], [[-0.8322895765304565, -0.5524805784225464, 0.04537790268659592, 0.83447265625], [-0.04257044568657875, -0.01791652850806713, -0.9989327788352966, 1.4934844970703125], [0.5527040362358093, -0.8333331346511841, -0.008607601746916771, -1.114013671875], [0.0, 0.0, 0.0, 1.0]], [[0.9469849467277527, 0.3178255259990692, -0.046973757445812225, -1.1385498046875], [-0.033314887434244156, -0.04827863350510597, -0.9982781410217285, 1.5884323120117188], [-0.319546103477478, 0.9469192624092102, -0.0351308174431324, -0.10498046875], [0.0, 0.0, 0.0, 1.0]], [[0.0018877950496971607, 0.9992600679397583, -0.038415443152189255, 0.0018310546875], [-0.05893024057149887, -0.03823757916688919, -0.9975295066833496, 1.5740890502929688], [-0.9982603192329407, 0.00414695730432868, 0.05881445109844208, -0.0882568359375], [0.0, 0.0, 0.0, 1.0]], [[-0.9345471858978271, 0.35544949769973755, 0.016647152602672577, 0.9728469848632812], [-0.0265351589769125, -0.022960957139730453, -0.9993841648101807, 1.5468711853027344], [-0.35484838485717773, -0.9344134330749512, 0.03089001029729843, -0.1236572265625], [0.0, 0.0, 0.0, 1.0]]], "view": [[0.0, -2.0, 100.0], [-2.0, 0.0, 100.0], [0.0, 0.0, 1.0]], "bev": "bev_6b849f66b0974bff9cd073b4c70b23cb.png", "aux": "aux_6b849f66b0974bff9cd073b4c70b23cb.npz", "visibility": "visibility_6b849f66b0974bff9cd073b4c70b23cb.png", "pose": [[0.9325640797615051, 0.36100444197654724, 0.0, 1128.2724609375], [-0.36100444197654724, 0.9325640797615051, 0.0, 1342.4346923828125], [0.0, 0.0, 1.0, 0.0], [0.0, 0.0, 0.0, 1.0]], "pose_inverse": [[0.9325640797615051, -0.36100444197654724, 0.0, -567.5615234375], [0.36100444197654724, 0.9325640797615051, 0.0, -1659.2177734375], [0.0, 0.0, 1.0, 0.0], [0.0, 0.0, 0.0, 1.0]], "cam_ids": [0, 1, 2, 3, 4, 5], "cam_channels": ["CAM_FRONT_LEFT", "CAM_FRONT", "CAM_FRONT_RIGHT", "CAM_BACK_LEFT", "CAM_BACK", "CAM_BACK_RIGHT"], "token": "6b849f66b0974bff9cd073b4c70b23cb", "scene": "scene-0919"}, {"images": ["samples/CAM_FRONT_LEFT/n015-2018-10-08-15-36-50+0800__CAM_FRONT_LEFT__1538984437004853.jpg", "samples/CAM_FRONT/n015-2018-10-08-15-36-50+0800__CAM_FRONT__1538984437012460.jpg", "samples/CAM_FRONT_RIGHT/n015-2018-10-08-15-36-50+0800__CAM_FRONT_RIGHT__1538984437020339.jpg", "samples/CAM_BACK_LEFT/n015-2018-10-08-15-36-50+0800__CAM_BACK_LEFT__1538984437047423.jpg", "samples/CAM_BACK/n015-2018-10-08-15-36-50+0800__CAM_BACK__1538984437037525.jpg", "samples/CAM_BACK_RIGHT/n015-2018-10-08-15-36-50+0800__CAM_BACK_RIGHT__1538984437027893.jpg"], "intrinsics": [[[1272.5979470598488, 0.0, 826.6154927353808], [0.0, 1272.5979470598488, 479.75165386361925], [0.0, 0.0, 1.0]], [[1266.417203046554, 0.0, 816.2670197447984], [0.0, 1266.417203046554, 491.50706579294757], [0.0, 0.0, 1.0]], [[1260.8474446004698, 0.0, 807.968244525554], [0.0, 1260.8474446004698, 495.3344268742088], [0.0, 0.0, 1.0]], [[1256.7414812095406, 0.0, 792.1125740759628], [0.0, 1256.7414812095406, 492.7757465151356], [0.0, 0.0, 1.0]], [[809.2209905677063, 0.0, 829.2196003259838], [0.0, 809.2209905677063, 481.77842384512485], [0.0, 0.0, 1.0]], [[1259.5137405846733, 0.0, 807.2529053838625], [0.0, 1259.5137405846733, 501.19579884916527], [0.0, 0.0, 1.0]]], "extrinsics": [[[0.8198918700218201, -0.5723474621772766, -0.013990326784551144, -0.668304443359375], [-0.0386667475104332, -0.030976641923189163, -0.9987719058990479, 1.4943618774414062], [0.5712112188339233, 0.8194258213043213, -0.04752831161022186, -1.07568359375], [0.0, 0.0, 0.0, 1.0]], [[0.005353291518986225, -0.9993842244148254, 0.034677352756261826, 0.0079345703125], [-0.043983861804008484, -0.03487960994243622, -0.9984232187271118, 1.5075149536132812], [0.9990178942680359, 0.0038195939268916845, -0.044143494218587875, -1.3955078125], [0.0, 0.0, 0.0, 1.0]], [[-0.8328837752342224, -0.5518766641616821, 0.041674986481666565, 0.84033203125], [-0.03837565705180168, -0.017531853169202805, -0.9991095662117004, 1.4947853088378906], [0.5521158576011658, -0.8337414264678955, -0.00657663494348526, -1.1201171875], [0.0, 0.0, 0.0, 1.0]], [[0.9471269249916077, 0.3179135322570801, -0.04337644949555397, -1.1392822265625], [-0.029820282012224197, -0.04738651588559151, -0.998431384563446, 1.5884552001953125], [-0.31947028636932373, 0.9469348192214966, -0.03540077432990074, -0.1046142578125], [0.0, 0.0, 0.0, 1.0]], [[0.002272565383464098, 0.9992864727973938, -0.037702567875385284, 0.002685546875], [-0.05518746376037598, -0.03751987963914871, -0.9977708458900452, 1.5746002197265625], [-0.9984734058380127, 0.004348212853074074, 0.05506281182169914, -0.0843505859375], [0.0, 0.0, 0.0, 1.0]], [[-0.9344205260276794, 0.35593149065971375, 0.013079863972961903, 0.9794998168945312], [-0.02253037318587303, -0.022418899461627007, -0.9994947910308838, 1.5476913452148438], [-0.3554583787918091, -0.9342432022094727, 0.028967946767807007, -0.122802734375], [0.0, 0.0, 0.0, 1.0]]], "view": [[0.0, -2.0, 100.0], [-2.0, 0.0, 100.0], [0.0, 0.0, 1.0]], "bev": "bev_08a7c221fedc4872916aac17aad49be7.png", "aux": "aux_08a7c221fedc4872916aac17aad49be7.npz", "visibility": "visibility_08a7c221fedc4872916aac17aad49be7.png", "pose": [[0.9331130385398865, 0.3595832288265228, 0.0, 1132.230224609375], [-0.3595832288265228, 0.9331130385398865, 0.0, 1340.8720703125], [0.0, 0.0, 1.0, 0.0], [0.0, 0.0, 0.0, 1.0]], "pose_inverse": [[0.9331130385398865, -0.3595832288265228, 0.0, -574.3436279296875], [0.3595832288265228, 0.9331130385398865, 0.0, -1658.316162109375], [0.0, 0.0, 1.0, 0.0], [0.0, 0.0, 0.0, 1.0]], "cam_ids": [0, 1, 2, 3, 4, 5], "cam_channels": ["CAM_FRONT_LEFT", "CAM_FRONT", "CAM_FRONT_RIGHT", "CAM_BACK_LEFT", "CAM_BACK", "CAM_BACK_RIGHT"], "token": "08a7c221fedc4872916aac17aad49be7", "scene": "scene-0919"}, {"images": ["samples/CAM_FRONT_LEFT/n015-2018-10-08-15-36-50+0800__CAM_FRONT_LEFT__1538984437404844.jpg", "samples/CAM_FRONT/n015-2018-10-08-15-36-50+0800__CAM_FRONT__1538984437412460.jpg", "samples/CAM_FRONT_RIGHT/n015-2018-10-08-15-36-50+0800__CAM_FRONT_RIGHT__1538984437420339.jpg", "samples/CAM_BACK_LEFT/n015-2018-10-08-15-36-50+0800__CAM_BACK_LEFT__1538984437447423.jpg", "samples/CAM_BACK/n015-2018-10-08-15-36-50+0800__CAM_BACK__1538984437437525.jpg", "samples/CAM_BACK_RIGHT/n015-2018-10-08-15-36-50+0800__CAM_BACK_RIGHT__1538984437427893.jpg"], "intrinsics": [[[1272.5979470598488, 0.0, 826.6154927353808], [0.0, 1272.5979470598488, 479.75165386361925], [0.0, 0.0, 1.0]], [[1266.417203046554, 0.0, 816.2670197447984], [0.0, 1266.417203046554, 491.50706579294757], [0.0, 0.0, 1.0]], [[1260.8474446004698, 0.0, 807.968244525554], [0.0, 1260.8474446004698, 495.3344268742088], [0.0, 0.0, 1.0]], [[1256.7414812095406, 0.0, 792.1125740759628], [0.0, 1256.7414812095406, 492.7757465151356], [0.0, 0.0, 1.0]], [[809.2209905677063, 0.0, 829.2196003259838], [0.0, 809.2209905677063, 481.77842384512485], [0.0, 0.0, 1.0]], [[1259.5137405846733, 0.0, 807.2529053838625], [0.0, 1259.5137405846733, 501.19579884916527], [0.0, 0.0, 1.0]]], "extrinsics": [[[0.8199894428253174, -0.5722192525863647, -0.013506907038390636, -0.67547607421875], [-0.03443127125501633, -0.025757374241948128, -0.9990751147270203, 1.496185302734375], [0.5713419914245605, 0.8196961879730225, -0.04082300886511803, -1.080810546875], [0.0, 0.0, 0.0, 1.0]], [[0.00557336863130331, -0.999549150466919, 0.029502063989639282, 0.0081787109375], [-0.039668355137109756, -0.029700295999646187, -0.9987714290618896, 1.509124755859375], [0.9991973042488098, 0.004396229516714811, -0.039816003292798996, -1.40380859375], [0.0, 0.0, 0.0, 1.0]], [[-0.8326895236968994, -0.5526224374771118, 0.03516598418354988, 0.8470458984375], [-0.033984847366809845, -0.012384847737848759, -0.9993455410003662, 1.4960708618164062], [0.5526962876319885, -0.8333396911621094, -0.008468054234981537, -1.1239013671875], [0.0, 0.0, 0.0, 1.0]], [[0.9472769498825073, 0.3182131052017212, -0.03750738129019737, -1.14111328125], [-0.025309210643172264, -0.04238298162817955, -0.9987807869911194, 1.588531494140625], [-0.3194148540496826, 0.947071373462677, -0.032094698399305344, -0.1041259765625], [0.0, 0.0, 0.0, 1.0]], [[0.002127517946064472, 0.9994652271270752, -0.0326303169131279, 0.00244140625], [-0.05068102106451988, -0.032480690628290176, -0.9981865882873535, 1.5752029418945312], [-0.9987126588821411, 0.0037773875519633293, 0.0505848191678524, -0.080322265625], [0.0, 0.0, 0.0, 1.0]], [[-0.9346519708633423, 0.3554016351699829, 0.01074136234819889, 0.9849090576171875], [-0.018067652359604836, -0.017301447689533234, -0.9996870756149292, 1.5485496520996094], [-0.35510459542274475, -0.9345535635948181, 0.022592103108763695, -0.1199951171875], [0.0, 0.0, 0.0, 1.0]]], "view": [[0.0, -2.0, 100.0], [-2.0, 0.0, 100.0], [0.0, 0.0, 1.0]], "bev": "bev_cc70e72a73be45ffbe47258b81d70436.png", "aux": "aux_cc70e72a73be45ffbe47258b81d70436.npz", "visibility": "visibility_cc70e72a73be45ffbe47258b81d70436.png", "pose": [[0.9347105026245117, 0.35541003942489624, 0.0, 1135.3253173828125], [-0.35541003942489624, 0.9347105026245117, 0.0, 1339.666748046875], [0.0, 0.0, 1.0, 0.0], [0.0, 0.0, 0.0, 1.0]], "pose_inverse": [[0.9347105026245117, -0.35541003942489624, 0.0, -585.0694580078125], [0.35541003942489624, 0.9347105026245117, 0.0, -1655.70654296875], [0.0, 0.0, 1.0, 0.0], [0.0, 0.0, 0.0, 1.0]], "cam_ids": [0, 1, 2, 3, 4, 5], "cam_channels": ["CAM_FRONT_LEFT", "CAM_FRONT", "CAM_FRONT_RIGHT", "CAM_BACK_LEFT", "CAM_BACK", "CAM_BACK_RIGHT"], "token": "cc70e72a73be45ffbe47258b81d70436", "scene": "scene-0919"}, {"images": ["samples/CAM_FRONT_LEFT/n015-2018-10-08-15-36-50+0800__CAM_FRONT_LEFT__1538984437904844.jpg", "samples/CAM_FRONT/n015-2018-10-08-15-36-50+0800__CAM_FRONT__1538984437912460.jpg", "samples/CAM_FRONT_RIGHT/n015-2018-10-08-15-36-50+0800__CAM_FRONT_RIGHT__1538984437920339.jpg", "samples/CAM_BACK_LEFT/n015-2018-10-08-15-36-50+0800__CAM_BACK_LEFT__1538984437947423.jpg", "samples/CAM_BACK/n015-2018-10-08-15-36-50+0800__CAM_BACK__1538984437937525.jpg", "samples/CAM_BACK_RIGHT/n015-2018-10-08-15-36-50+0800__CAM_BACK_RIGHT__1538984437927893.jpg"], "intrinsics": [[[1272.5979470598488, 0.0, 826.6154927353808], [0.0, 1272.5979470598488, 479.75165386361925], [0.0, 0.0, 1.0]], [[1266.417203046554, 0.0, 816.2670197447984], [0.0, 1266.417203046554, 491.50706579294757], [0.0, 0.0, 1.0]], [[1260.8474446004698, 0.0, 807.968244525554], [0.0, 1260.8474446004698, 495.3344268742088], [0.0, 0.0, 1.0]], [[1256.7414812095406, 0.0, 792.1125740759628], [0.0, 1256.7414812095406, 492.7757465151356], [0.0, 0.0, 1.0]], [[809.2209905677063, 0.0, 829.2196003259838], [0.0, 809.2209905677063, 481.77842384512485], [0.0, 0.0, 1.0]], [[1259.5137405846733, 0.0, 807.2529053838625], [0.0, 1259.5137405846733, 501.19579884916527], [0.0, 0.0, 1.0]]], "extrinsics": [[[0.8197239637374878, -0.5724149942398071, -0.019841887056827545, -0.679351806640625], [-0.041117552667856216, -0.024258241057395935, -0.9988597631454468, 1.4940948486328125], [0.5712810754776001, 0.8196051120758057, -0.043421369045972824, -1.085205078125], [0.0, 0.0, 0.0, 1.0]], [[0.005580312106758356, -0.9995876550674438, 0.028163326904177666, 0.0096435546875], [-0.046398770064115524, -0.028392255306243896, -0.9985194206237793, 1.5074081420898438], [0.9989073276519775, 0.004265299066901207, -0.04653807729482651, -1.4080810546875], [0.0, 0.0, 0.0, 1.0]], [[-0.8324899673461914, -0.5525795221328735, 0.04020224139094353, 0.849853515625], [-0.040764063596725464, -0.01127547025680542, -0.9991051554679871, 1.494659423828125], [0.5525383353233337, -0.8333838582038879, -0.013138669542968273, -1.1240234375], [0.0, 0.0, 0.0, 1.0]], [[0.9470364451408386, 0.31815093755722046, -0.04361191764473915, -1.1414794921875], [-0.03190387040376663, -0.041921090334653854, -0.9986113905906677, 1.588531494140625], [-0.3195374310016632, 0.9471127986907959, -0.029550550505518913, -0.1038818359375], [0.0, 0.0, 0.0, 1.0]], [[0.0020015775226056576, 0.999488353729248, -0.03192240372300148, 0.001953125], [-0.0573921836912632, -0.031755030155181885, -0.9978465437889099, 1.5747451782226562], [-0.9983497262001038, 0.0038293201941996813, 0.057299260050058365, -0.07916259765625], [0.0, 0.0, 0.0, 1.0]], [[-0.9345225691795349, 0.3554767966270447, 0.01742732897400856, 0.9863071441650391], [-0.02486271783709526, -0.016358761116862297, -0.9995570182800293, 1.547515869140625], [-0.35503432154655457, -0.9345418810844421, 0.024125752970576286, -0.1182861328125], [0.0, 0.0, 0.0, 1.0]]], "view": [[0.0, -2.0, 100.0], [-2.0, 0.0, 100.0], [0.0, 0.0, 1.0]], "bev": "bev_9ef03c6163214b0999b22401804b7148.png", "aux": "aux_9ef03c6163214b0999b22401804b7148.npz", "visibility": "visibility_9ef03c6163214b0999b22401804b7148.png", "pose": [[0.9371405243873596, 0.34895217418670654, 0.0, 1139.150146484375], [-0.34895217418670654, 0.9371405243873596, 0.0, 1338.2025146484375], [0.0, 0.0, 1.0, 0.0], [0.0, 0.0, 0.0, 1.0]], "pose_inverse": [[0.9371405243873596, -0.34895217418670654, 0.0, -600.5750732421875], [0.34895217418670654, 0.9371405243873596, 0.0, -1651.5927734375], [0.0, 0.0, 1.0, 0.0], [0.0, 0.0, 0.0, 1.0]], "cam_ids": [0, 1, 2, 3, 4, 5], "cam_channels": ["CAM_FRONT_LEFT", "CAM_FRONT", "CAM_FRONT_RIGHT", "CAM_BACK_LEFT", "CAM_BACK", "CAM_BACK_RIGHT"], "token": "9ef03c6163214b0999b22401804b7148", "scene": "scene-0919"}, {"images": ["samples/CAM_FRONT_LEFT/n015-2018-10-08-15-36-50+0800__CAM_FRONT_LEFT__1538984438404844.jpg", "samples/CAM_FRONT/n015-2018-10-08-15-36-50+0800__CAM_FRONT__1538984438412460.jpg", "samples/CAM_FRONT_RIGHT/n015-2018-10-08-15-36-50+0800__CAM_FRONT_RIGHT__1538984438420339.jpg", "samples/CAM_BACK_LEFT/n015-2018-10-08-15-36-50+0800__CAM_BACK_LEFT__1538984438447423.jpg", "samples/CAM_BACK/n015-2018-10-08-15-36-50+0800__CAM_BACK__1538984438437525.jpg", "samples/CAM_BACK_RIGHT/n015-2018-10-08-15-36-50+0800__CAM_BACK_RIGHT__1538984438427893.jpg"], "intrinsics": [[[1272.5979470598488, 0.0, 826.6154927353808], [0.0, 1272.5979470598488, 479.75165386361925], [0.0, 0.0, 1.0]], [[1266.417203046554, 0.0, 816.2670197447984], [0.0, 1266.417203046554, 491.50706579294757], [0.0, 0.0, 1.0]], [[1260.8474446004698, 0.0, 807.968244525554], [0.0, 1260.8474446004698, 495.3344268742088], [0.0, 0.0, 1.0]], [[1256.7414812095406, 0.0, 792.1125740759628], [0.0, 1256.7414812095406, 492.7757465151356], [0.0, 0.0, 1.0]], [[809.2209905677063, 0.0, 829.2196003259838], [0.0, 809.2209905677063, 481.77842384512485], [0.0, 0.0, 1.0]], [[1259.5137405846733, 0.0, 807.2529053838625], [0.0, 1259.5137405846733, 501.19579884916527], [0.0, 0.0, 1.0]]], "extrinsics": [[[0.8193728923797607, -0.5732324123382568, -0.005718987435102463, -0.689422607421875], [-0.028042908757925034, -0.030115988105535507, -0.9991529583930969, 1.4989547729492188], [0.5725745558738708, 0.8188392519950867, -0.04075133055448532, -1.091064453125], [0.0, 0.0, 0.0, 1.0]], [[0.00426715100184083, -0.9994012117385864, 0.03433674946427345, 0.00830078125], [-0.03338996693491936, -0.034460313618183136, -0.9988481402397156, 1.5114822387695312], [0.9994332790374756, 0.003115713829174638, -0.0335170142352581, -1.41943359375], [0.0, 0.0, 0.0, 1.0]], [[-0.8334651589393616, -0.551593005657196, 0.03287651389837265, 0.8585205078125], [-0.027791693806648254, -0.017576955258846283, -0.9994591474533081, 1.4978485107421875], [0.5518725514411926, -0.8339281678199768, -0.0006799214170314372, -1.1317138671875], [0.0, 0.0, 0.0, 1.0]], [[0.9474383592605591, 0.3181244432926178, -0.034022070467472076, -1.1470947265625], [-0.01936613768339157, -0.049120377749204636, -0.9986050724983215, 1.588653564453125], [-0.31935185194015503, 0.9467756152153015, -0.04037768766283989, -0.10205078125], [0.0, 0.0, 0.0, 1.0]], [[0.002666695509105921, 0.999245822429657, -0.038739658892154694, 0.0023193359375], [-0.04469139873981476, -0.03858200088143349, -0