[{"images": ["samples/CAM_FRONT_LEFT/n008-2018-08-27-11-48-51-0400__CAM_FRONT_LEFT__1535385192104819.jpg", "samples/CAM_FRONT/n008-2018-08-27-11-48-51-0400__CAM_FRONT__1535385192112404.jpg", "samples/CAM_FRONT_RIGHT/n008-2018-08-27-11-48-51-0400__CAM_FRONT_RIGHT__1535385192120482.jpg", "samples/CAM_BACK_LEFT/n008-2018-08-27-11-48-51-0400__CAM_BACK_LEFT__1535385192147405.jpg", "samples/CAM_BACK/n008-2018-08-27-11-48-51-0400__CAM_BACK__1535385192137558.jpg", "samples/CAM_BACK_RIGHT/n008-2018-08-27-11-48-51-0400__CAM_BACK_RIGHT__1535385192128113.jpg"], "intrinsics": [[[1257.8625342125129, 0.0, 827.2410631095686], [0.0, 1257.8625342125129, 450.915498205774], [0.0, 0.0, 1.0]], [[1252.8131021185304, 0.0, 826.588114781398], [0.0, 1252.8131021185304, 469.9846626224581], [0.0, 0.0, 1.0]], [[1256.7485116440405, 0.0, 817.7887570959712], [0.0, 1256.7485116440403, 451.9541780095127], [0.0, 0.0, 1.0]], [[1254.9860565800168, 0.0, 829.5769333630991], [0.0, 1254.9860565800168, 467.1680561863987], [0.0, 0.0, 1.0]], [[796.8910634503094, 0.0, 857.7774326863696], [0.0, 796.8910634503094, 476.8848988407415], [0.0, 0.0, 1.0]], [[1249.9629280788233, 0.0, 825.3768045375984], [0.0, 1249.9629280788233, 462.54816385708756], [0.0, 0.0, 1.0]]], "extrinsics": [[[0.8223668336868286, -0.568914532661438, -0.0070113809779286385, -0.6680755615234375], [0.007511462084949017, 0.023178307339549065, -0.9997031092643738, 1.4913063049316406], [0.568908154964447, 0.8220700025558472, 0.023334449157118797, -1.103271484375], [0.0, 0.0, 0.0, 1.0]], [[0.010091999545693398, -0.9997700452804565, -0.018925903365015984, 0.0111083984375], [0.00945342518389225, 0.0190214142203331, -0.9997743964195251, 1.4833335876464844], [0.9999043941497803, 0.009910792112350464, 0.009643214754760265, -1.3953857421875], [0.0, 0.0, 0.0, 1.0]], [[-0.8439797759056091, -0.5359925031661987, -0.020252278074622154, 0.8663330078125], [0.017459141090512276, 0.010285510681569576, -0.9997946619987488, 1.4977073669433594], [0.5360907912254333, -0.8441600799560547, 0.0006772064371034503, -1.13311767578125], [0.0, 0.0, 0.0, 1.0]], [[0.9478695392608643, 0.3186586797237396, 0.000359938305336982, -1.121826171875], [-0.008109605871140957, 0.025251660495996475, -0.9996482133865356, 1.5618438720703125], [-0.31855565309524536, 0.947533130645752, 0.026519475504755974, -0.1640625], [0.0, 0.0, 0.0, 1.0]], [[0.009224539622664452, 0.9997991323471069, 0.017791975289583206, -0.028564453125], [-0.0060664210468530655, 0.017848359420895576, -0.9998222589492798, 1.5673656463623047], [-0.9999390840530396, 0.009114923886954784, 0.006229845341295004, -0.06787109375], [0.0, 0.0, 0.0, 1.0]], [[-0.9237251877784729, 0.3830559253692627, -0.0002886625879909843, 0.977325439453125], [-0.0016807862557470798, -0.004806724842637777, -0.999987006187439, 1.5474872589111328], [-0.3830522894859314, -0.9237126708030701, 0.005083927419036627, -0.1181640625], [0.0, 0.0, 0.0, 1.0]]], "view": [[0.0, -2.0, 100.0], [-2.0, 0.0, 100.0], [0.0, 0.0, 1.0]], "bev": "bev_e4363f9c430949b696bb6295350068fd.png", "aux": "aux_e4363f9c430949b696bb6295350068fd.npz", "visibility": "visibility_e4363f9c430949b696bb6295350068fd.png", "pose": [[-0.8404104113578796, -0.541950523853302, 0.0, 2014.831787109375], [0.541950523853302, -0.8404104113578796, 0.0, 999.4059448242188], [0.0, 0.0, 1.0, 0.0], [0.0, 0.0, 0.0, 1.0]], "pose_inverse": [[-0.8404104113578796, 0.541950523853302, 0.0, 1151.656982421875], [-0.541950523853302, -0.8404104113578796, 0.0, 1931.850341796875], [0.0, 0.0, 1.0, 0.0], [0.0, 0.0, 0.0, 1.0]], "cam_ids": [0, 1, 2, 3, 4, 5], "cam_channels": ["CAM_FRONT_LEFT", "CAM_FRONT", "CAM_FRONT_RIGHT", "CAM_BACK_LEFT", "CAM_BACK", "CAM_BACK_RIGHT"], "token": "e4363f9c430949b696bb6295350068fd", "scene": "scene-0659"}, {"images": ["samples/CAM_FRONT_LEFT/n008-2018-08-27-11-48-51-0400__CAM_FRONT_LEFT__1535385192604799.jpg", "samples/CAM_FRONT/n008-2018-08-27-11-48-51-0400__CAM_FRONT__1535385192612404.jpg", "samples/CAM_FRONT_RIGHT/n008-2018-08-27-11-48-51-0400__CAM_FRONT_RIGHT__1535385192620482.jpg", "samples/CAM_BACK_LEFT/n008-2018-08-27-11-48-51-0400__CAM_BACK_LEFT__1535385192647405.jpg", "samples/CAM_BACK/n008-2018-08-27-11-48-51-0400__CAM_BACK__1535385192637558.jpg", "samples/CAM_BACK_RIGHT/n008-2018-08-27-11-48-51-0400__CAM_BACK_RIGHT__1535385192628113.jpg"], "intrinsics": [[[1257.8625342125129, 0.0, 827.2410631095686], [0.0, 1257.8625342125129, 450.915498205774], [0.0, 0.0, 1.0]], [[1252.8131021185304, 0.0, 826.588114781398], [0.0, 1252.8131021185304, 469.9846626224581], [0.0, 0.0, 1.0]], [[1256.7485116440405, 0.0, 817.7887570959712], [0.0, 1256.7485116440403, 451.9541780095127], [0.0, 0.0, 1.0]], [[1254.9860565800168, 0.0, 829.5769333630991], [0.0, 1254.9860565800168, 467.1680561863987], [0.0, 0.0, 1.0]], [[796.8910634503094, 0.0, 857.7774326863696], [0.0, 796.8910634503094, 476.8848988407415], [0.0, 0.0, 1.0]], [[1249.9629280788233, 0.0, 825.3768045375984], [0.0, 1249.9629280788233, 462.54816385708756], [0.0, 0.0, 1.0]]], "extrinsics": [[[0.8219074606895447, -0.5696189999580383, -0.0015292955795302987, -0.6744384765625], [0.008703944273293018, 0.015243340283632278, -0.9998459219932556, 1.4917564392089844], [0.5695546269416809, 0.8217675089836121, 0.01748654618859291, -1.106201171875], [0.0, 0.0, 0.0, 1.0]], [[0.009414692409336567, -0.9998953342437744, -0.010982810519635677, 0.0101318359375], [0.010599296540021896, 0.011082467623054981, -0.9998824000358582, 1.4836769104003906], [0.9998995065689087, 0.009297152049839497, 0.010702524334192276, -1.4017333984375], [0.0, 0.0, 0.0, 1.0]], [[-0.8442626595497131, -0.5356624126434326, -0.016923408955335617, 0.87158203125], [0.018557511270046234, 0.002339225262403488, -0.9998250007629395, 1.4979057312011719], [0.5356082916259766, -0.8444290161132812, 0.007965640164911747, -1.136474609375], [0.0, 0.0, 0.0, 1.0]], [[0.9478742480278015, 0.31864356994628906, -0.0008763365331105888, -1.1275634765625], [-0.006743306294083595, 0.017309684306383133, -0.9998274445533752, 1.5619258880615234], [-0.3185735046863556, 0.9477165341377258, 0.01855611428618431, -0.161865234375], [0.0, 0.0, 0.0, 1.0]], [[0.009430160745978355, 0.999907374382019, 0.009819241240620613, -0.0286865234375], [-0.004547108896076679, 0.00986245647072792, -0.9999409914016724, 1.567570686340332], [-0.9999452233314514, 0.0093849403783679, 0.004639691673219204, -0.061767578125], [0.0, 0.0, 0.0, 1.0]], [[-0.923564076423645, 0.38341814279556274, -0.004467001184821129, 0.98333740234375], [-0.0004689485358539969, -0.012779103592038155, -0.9999182224273682, 1.547739028930664], [-0.3834438920021057, -0.9234864115715027, 0.011982124298810959, -0.1162109375], [0.0, 0.0, 0.0, 1.0]]], "view": [[0.0, -2.0, 100.0], [-2.0, 0.0, 100.0], [0.0, 0.0, 1.0]], "bev": "bev_33c82986464d43e78de04525a78e8850.png", "aux": "aux_33c82986464d43e78de04525a78e8850.npz", "visibility": "visibility_33c82986464d43e78de04525a78e8850.png", "pose": [[-0.8460015058517456, -0.5331804752349854, 0.0, 2011.10400390625], [0.5331804752349854, -0.8460015058517456, 0.0, 1001.8128051757812], [0.0, 0.0, 1.0, 0.0], [0.0, 0.0, 0.0, 1.0]], "pose_inverse": [[-0.8460015058517456, 0.5331804752349854, 0.0, 1167.25], [-0.5331804752349854, -0.8460015058517456, 0.0, 1919.8165283203125], [0.0, 0.0, 1.0, 0.0], [0.0, 0.0, 0.0, 1.0]], "cam_ids": [0, 1, 2, 3, 4, 5], "cam_channels": ["CAM_FRONT_LEFT", "CAM_FRONT", "CAM_FRONT_RIGHT", "CAM_BACK_LEFT", "CAM_BACK", "CAM_BACK_RIGHT"], "token": "33c82986464d43e78de04525a78e8850", "scene": "scene-0659"}, {"images": ["samples/CAM_FRONT_LEFT/n008-2018-08-27-11-48-51-0400__CAM_FRONT_LEFT__1535385193104799.jpg", "samples/CAM_FRONT/n008-2018-08-27-11-48-51-0400__CAM_FRONT__1535385193112404.jpg", "samples/CAM_FRONT_RIGHT/n008-2018-08-27-11-48-51-0400__CAM_FRONT_RIGHT__1535385193120486.jpg", "samples/CAM_BACK_LEFT/n008-2018-08-27-11-48-51-0400__CAM_BACK_LEFT__1535385193147405.jpg", "samples/CAM_BACK/n008-2018-08-27-11-48-51-0400__CAM_BACK__1535385193137558.jpg", "samples/CAM_BACK_RIGHT/n008-2018-08-27-11-48-51-0400__CAM_BACK_RIGHT__1535385193128113.jpg"], "intrinsics": [[[1257.8625342125129, 0.0, 827.2410631095686], [0.0, 1257.8625342125129, 450.915498205774], [0.0, 0.0, 1.0]], [[1252.8131021185304, 0.0, 826.588114781398], [0.0, 1252.8131021185304, 469.9846626224581], [0.0, 0.0, 1.0]], [[1256.7485116440405, 0.0, 817.7887570959712], [0.0, 1256.7485116440403, 451.9541780095127], [0.0, 0.0, 1.0]], [[1254.9860565800168, 0.0, 829.5769333630991], [0.0, 1254.9860565800168, 467.1680561863987], [0.0, 0.0, 1.0]], [[796.8910634503094, 0.0, 857.7774326863696], [0.0, 796.8910634503094, 476.8848988407415], [0.0, 0.0, 1.0]], [[1249.9629280788233, 0.0, 825.3768045375984], [0.0, 1249.9629280788233, 462.54816385708756], [0.0, 0.0, 1.0]]], "extrinsics": [[[0.8219972848892212, -0.5694900155067444, -0.0012802905403077602, -0.6803970336914062], [0.008055059239268303, 0.01387445442378521, -0.9998713135719299, 1.491424560546875], [0.5694345235824585, 0.8218811750411987, 0.015992039814591408, -1.11181640625], [0.0, 0.0, 0.0, 1.0]], [[0.009472120553255081, -0.9999079704284668, -0.009708775207400322, 0.0111083984375], [0.010061788372695446, 0.009804025292396545, -0.999901294708252, 1.4834156036376953], [0.999904453754425, 0.009373507462441921, 0.010153727605938911, -1.4090576171875], [0.0, 0.0, 0.0, 1.0]], [[-0.8442904949188232, -0.5356486439704895, -0.015935035422444344, 0.876708984375], [0.01813686266541481, 0.0011567658511921763, -0.9998348355293274, 1.4976863861083984], [0.5355786681175232, -0.8444401621818542, 0.008738338947296143, -1.13934326171875], [0.0, 0.0, 0.0, 1.0]], [[0.9478698372840881, 0.3186540901660919, -0.0015080469893291593, -1.133544921875], [-0.007126894313842058, 0.016467904672026634, -0.9998390078544617, 1.5619621276855469], [-0.31857797503471375, 0.9477280378341675, 0.01788044534623623, -0.159912109375], [0.0, 0.0, 0.0, 1.0]], [[0.009446848183870316, 0.9999160170555115, 0.008874187245965004, -0.02880859375], [-0.005203085020184517, 0.008923615328967571, -0.999946653842926, 1.5675325393676758], [-0.9999417662620544, 0.00940017867833376, 0.005286948289722204, -0.055908203125], [0.0, 0.0, 0.0, 1.0]], [[-0.9235547184944153, 0.3834407329559326, -0.004452800843864679, 0.988616943359375], [-0.0009249301510863006, -0.013839416205883026, -0.9999037981033325, 1.5476627349853516], [-0.3834654688835144, -0.9234617948532104, 0.013136114925146103, -0.11328125], [0.0, 0.0, 0.0, 1.0]]], "view": [[0.0, -2.0, 100.0], [-2.0, 0.0, 100.0], [0.0, 0.0, 1.0]], "bev": "bev_6748ff0dbd9e48cc816ea824cd9eb382.png", "aux": "aux_6748ff0dbd9e48cc816ea824cd9eb382.npz", "visibility": "visibility_6748ff0dbd9e48cc816ea824cd9eb382.png", "pose": [[-0.8515053987503052, -0.5243458151817322, 0.0, 2007.3790283203125], [0.5243458151817322, -0.8515053987503052, 0.0, 1004.1690673828125], [0.0, 0.0, 1.0, 0.0], [0.0, 0.0, 0.0, 1.0]], "pose_inverse": [[-0.8515053987503052, 0.5243458151817322, 0.0, 1182.7623291015625], [-0.5243458151817322, -0.8515053987503052, 0.0, 1907.6162109375], [0.0, 0.0, 1.0, 0.0], [0.0, 0.0, 0.0, 1.0]], "cam_ids": [0, 1, 2, 3, 4, 5], "cam_channels": ["CAM_FRONT_LEFT", "CAM_FRONT", "CAM_FRONT_RIGHT", "CAM_BACK_LEFT", "CAM_BACK", "CAM_BACK_RIGHT"], "token": "6748ff0dbd9e48cc816ea824cd9eb382", "scene": "scene-0659"}, {"images": ["samples/CAM_FRONT_LEFT/n008-2018-08-27-11-48-51-0400__CAM_FRONT_LEFT__1535385193604799.jpg", "samples/CAM_FRONT/n008-2018-08-27-11-48-51-0400__CAM_FRONT__1535385193612404.jpg", "samples/CAM_FRONT_RIGHT/n008-2018-08-27-11-48-51-0400__CAM_FRONT_RIGHT__1535385193620482.jpg", "samples/CAM_BACK_LEFT/n008-2018-08-27-11-48-51-0400__CAM_BACK_LEFT__1535385193647405.jpg", "samples/CAM_BACK/n008-2018-08-27-11-48-51-0400__CAM_BACK__1535385193637558.jpg", "samples/CAM_BACK_RIGHT/n008-2018-08-27-11-48-51-0400__CAM_BACK_RIGHT__1535385193628113.jpg"], "intrinsics": [[[1257.8625342125129, 0.0, 827.2410631095686], [0.0, 1257.8625342125129, 450.915498205774], [0.0, 0.0, 1.0]], [[1252.8131021185304, 0.0, 826.588114781398], [0.0, 1252.8131021185304, 469.9846626224581], [0.0, 0.0, 1.0]], [[1256.7485116440405, 0.0, 817.7887570959712], [0.0, 1256.7485116440403, 451.9541780095127], [0.0, 0.0, 1.0]], [[1254.9860565800168, 0.0, 829.5769333630991], [0.0, 1254.9860565800168, 467.1680561863987], [0.0, 0.0, 1.0]], [[796.8910634503094, 0.0, 857.7774326863696], [0.0, 796.8910634503094, 476.8848988407415], [0.0, 0.0, 1.0]], [[1249.9629280788233, 0.0, 825.3768045375984], [0.0, 1249.9629280788233, 462.54816385708756], [0.0, 0.0, 1.0]]], "extrinsics": [[[0.821967601776123, -0.5695301294326782, 0.0022119798231869936, -0.6855239868164062], [0.009194913320243359, 0.009386918507516384, -0.9999136328697205, 1.4918041229248047], [0.5694600939750671, 0.821916937828064, 0.01295252051204443, -1.116943359375], [0.0, 0.0, 0.0, 1.0]], [[0.009349486790597439, -0.9999441504478455, -0.004913777112960815, 0.011474609375], [0.011175613850355148, 0.005018174648284912, -0.9999250173568726, 1.4837207794189453], [0.9998937845230103, 0.009293923154473305, 0.011221908032894135, -1.4150390625], [0.0, 0.0, 0.0, 1.0]], [[-0.8443894982337952, -0.5355435609817505, -0.014126104302704334, 0.8807373046875], [0.019232189282774925, -0.00395126873627305, -0.9998072385787964, 1.4978857040405273], [0.5353845357894897, -0.8444983959197998, 0.013636083342134953, -1.14190673828125], [0.0, 0.0, 0.0, 1.0]], [[0.9478896260261536, 0.31858962774276733, -0.0024547434877604246, -1.1346435546875], [-0.005988152232021093, 0.010111857205629349, -0.9999309778213501, 1.561981201171875], [-0.31854280829429626, 0.9478388428688049, 0.011492688208818436, -0.1595458984375], [0.0, 0.0, 0.0, 1.0]], [[0.009541792795062065, 0.9999499917030334, 0.0030029211193323135, -0.02880859375], [-0.003951823338866234, 0.00304074352607131, -0.9999875426292419, 1.567671775817871], [-0.9999467134475708, 0.009529772214591503, 0.003980639390647411, -0.0535888671875], [0.0, 0.0, 0.0, 1.0]], [[-0.9234783053398132, 0.38357603549957275, -0.007570866495370865, 0.991973876953125], [0.0001911317085614428, -0.01927376538515091, -0.9998142123222351, 1.547882080078125], [-0.38365069031715393, -0.9233081340789795, 0.017725590616464615, -0.112060546875], [0.0, 0.0, 0.0, 1.0]]], "view": [[0.0, -2.0, 100.0], [-2.0, 0.0, 100.0], [0.0, 0.0, 1.0]], "bev": "bev_77dffb514c944a049c01fd25837eeb5b.png", "aux": "aux_77dffb514c944a049c01fd25837eeb5b.npz", "visibility": "visibility_77dffb514c944a049c01fd25837eeb5b.png", "pose": [[-0.8582685589790344, -0.5132008194923401, 0.0, 2003.58837890625], [0.5132008194923401, -0.8582685589790344, 0.0, 1006.5136108398438], [0.0, 0.0, 1.0, 0.0], [0.0, 0.0, 0.0, 1.0]], "pose_inverse": [[-0.8582685589790344, 0.5132008194923401, 0.0, 1203.0732421875], [-0.5132008194923401, -0.8582685589790344, 0.0, 1892.1021728515625], [0.0, 0.0, 1.0, 0.0], [0.0, 0.0, 0.0, 1.0]], "cam_ids": [0, 1, 2, 3, 4, 5], "cam_channels": ["CAM_FRONT_LEFT", "CAM_FRONT", "CAM_FRONT_RIGHT", "CAM_BACK_LEFT", "CAM_BACK", "CAM_BACK_RIGHT"], "token": "77dffb514c944a049c01fd25837eeb5b", "scene": "scene-0659"}, {"images": ["samples/CAM_FRONT_LEFT/n008-2018-08-27-11-48-51-0400__CAM_FRONT_LEFT__1535385194104799.jpg", "samples/CAM_FRONT/n008-2018-08-27-11-48-51-0400__CAM_FRONT__1535385194112404.jpg", "samples/CAM_FRONT_RIGHT/n008-2018-08-27-11-48-51-0400__CAM_FRONT_RIGHT__1535385194120482.jpg", "samples/CAM_BACK_LEFT/n008-2018-08-27-11-48-51-0400__CAM_BACK_LEFT__1535385194147405.jpg", "samples/CAM_BACK/n008-2018-08-27-11-48-51-0400__CAM_BACK__1535385194137558.jpg", "samples/CAM_BACK_RIGHT/n008-2018-08-27-11-48-51-0400__CAM_BACK_RIGHT__1535385194128113.jpg"], "intrinsics": [[[1257.8625342125129, 0.0, 827.2410631095686], [0.0, 1257.8625342125129, 450.915498205774], [0.0, 0.0, 1.0]], [[1252.8131021185304, 0.0, 826.588114781398], [0.0, 1252.8131021185304, 469.9846626224581], [0.0, 0.0, 1.0]], [[1256.7485116440405, 0.0, 817.7887570959712], [0.0, 1256.7485116440403, 451.9541780095127], [0.0, 0.0, 1.0]], [[1254.9860565800168, 0.0, 829.5769333630991], [0.0, 1254.9860565800168, 467.1680561863987], [0.0, 0.0, 1.0]], [[796.8910634503094, 0.0, 857.7774326863696], [0.0, 796.8910634503094, 476.8848988407415], [0.0, 0.0, 1.0]], [[1249.9629280788233, 0.0, 825.3768045375984], [0.0, 1249.9629280788233, 462.54816385708756], [0.0, 0.0, 1.0]]], "extrinsics": [[[0.8220519423484802, -0.5694001913070679, 0.0037362007424235344, -0.6727752685546875], [0.003778639016672969, -0.001106311334297061, -0.9999922513961792, 1.489818811416626], [0.569399893283844, 0.8220597505569458, 0.0012421109713613987, -1.10693359375], [0.0, 0.0, 0.0, 1.0]], [[0.009579702280461788, -0.9999404549598694, 0.005224665626883507, 0.0111083984375], [0.006174003705382347, -0.005165658425539732, -0.999967634677887, 1.4822314977645874], [0.9999350309371948, 0.009611595422029495, 0.006124152336269617, -1.403076171875], [0.0, 0.0, 0.0, 1.0]], [[-0.8442481756210327, -0.535929262638092, -0.004985691048204899, 0.8743896484375], [0.01466361340135336, -0.013798553496599197, -0.9997972249984741, 1.4968810081481934], [0.5357517600059509, -0.8441501259803772, 0.019508063793182373, -1.1378173828125], [0.0, 0.0, 0.0, 1.0]], [[0.947878897190094, 0.3185255825519562, -0.008197522722184658, -1.1356201171875], [-0.009107154794037342, 0.001366622862406075, -0.9999576210975647, 1.5619611740112305], [-0.318500816822052, 0.9479132890701294, 0.004196255933493376, -0.1590576171875], [0.0, 0.0, 0.0, 1.0]], [[0.009438654407858849, 0.9999359846115112, -0.006241504568606615, -0.02880859375], [-0.007600073236972094, -0.0061698672361671925, -0.9999520182609558, 1.5673103332519531], [-0.9999266266822815, 0.009485656395554543, 0.007541352417320013, -0.0555419921875], [0.0, 0.0, 0.0, 1.0]], [[-0.9236058592796326, 0.3832722306251526, -0.007391132414340973, 0.987335205078125], [-0.003968085162341595, -0.028838371858000755, -0.999576210975647, 1.547119140625], [-0.38332289457321167, -0.9231851100921631, 0.02815614640712738, -0.113525390625], [0.0, 0.0, 0.0, 1.0]]], "view": [[0.0, -2.0, 100.0], [-2.0, 0.0, 100.0], [0.0, 0.0, 1.0]], "bev": "bev_14018caaa2324babb42cabf0c14f76d0.png", "aux": "aux_14018caaa2324babb42cabf0c14f76d0.npz", "visibility": "visibility_14018caaa2324babb42cabf0c14f76d0.png", "pose": [[-0.8633221387863159, -0.5046532154083252, 0.0, 1999.796630859375], [0.5046532154083252, -0.8633221387863159, 0.0, 1008.797607421875], [0.0, 0.0, 1.0, 0.0], [0.0, 0.0, 0.0, 1.0]], "pose_inverse": [[-0.8633221387863159, 0.5046532154083252, 0.0, 1217.375732421875], [-0.5046532154083252, -0.8633221387863159, 0.0, 1880.12109375], [0.0, 0.0, 1.0, 0.0], [0.0, 0.0, 0.0, 1.0]], "cam_ids": [0, 1, 2, 3, 4, 5], "cam_channels": ["CAM_FRONT_LEFT", "CAM_FRONT", "CAM_FRONT_RIGHT", "CAM_BACK_LEFT", "CAM_BACK", "CAM_BACK_RIGHT"], "token": "14018caaa2324babb42cabf0c14f76d0", "scene": "scene-0659"}, {"images": ["samples/CAM_FRONT_LEFT/n008-2018-08-27-11-48-51-0400__CAM_FRONT_LEFT__1535385194604799.jpg", "samples/CAM_FRONT/n008-2018-08-27-11-48-51-0400__CAM_FRONT__1535385194612404.jpg", "samples/CAM_FRONT_RIGHT/n008-2018-08-27-11-48-51-0400__CAM_FRONT_RIGHT__1535385194620482.jpg", "samples/CAM_BACK_LEFT/n008-2018-08-27-11-48-51-0400__CAM_BACK_LEFT__1535385194647405.jpg", "samples/CAM_BACK/n008-2018-08-27-11-48-51-0400__CAM_BACK__1535385194637558.jpg", "samples/CAM_BACK_RIGHT/n008-2018-08-27-11-48-51-0400__CAM_BACK_RIGHT__1535385194628113.jpg"], "intrinsics": [[[1257.8625342125129, 0.0, 827.2410631095686], [0.0, 1257.8625342125129, 450.915498205774], [0.0, 0.0, 1.0]], [[1252.8131021185304, 0.0, 826.588114781398], [0.0, 1252.8131021185304, 469.9846626224581], [0.0, 0.0, 1.0]], [[1256.7485116440405, 0.0, 817.7887570959712], [0.0, 1256.7485116440403, 451.9541780095127], [0.0, 0.0, 1.0]], [[1254.9860565800168, 0.0, 829.5769333630991], [0.0, 1254.9860565800168, 467.1680561863987], [0.0, 0.0, 1.0]], [[796.8910634503094, 0.0, 857.7774326863696], [0.0, 796.8910634503094, 476.8848988407415], [0.0, 0.0, 1.0]], [[1249.9629280788233, 0.0, 825.3768045375984], [0.0, 1249.9629280788233, 462.54816385708756], [0.0, 0.0, 1.0]]], "extrinsics": [[[0.8222076296806335, -0.5691837072372437, 0.002162938006222248, -0.6738166809082031], [0.005715750623494387, 0.00445665093138814, -0.999973714351654, 1.4905519485473633], [0.5691590905189514, 0.8221983909606934, 0.0069176023826003075, -1.1103515625], [0.0, 0.0, 0.0, 1.0]], [[0.009751778095960617, -0.9999523162841797, -0.0005595832481049001, 0.0128173828125], [0.007610342465341091, 0.0006338112871162593, -0.9999708533287048, 1.4826726913452148], [0.9999235272407532, 0.009747272357344627, 0.007616159971803427, -1.4051513671875], [0.0, 0.0, 0.0, 1.0]], [[-0.8442089557647705, -0.5359388589859009, -0.00899133738130331, 0.87646484375], [0.01556866243481636, -0.007749438285827637, -0.9998487830162048, 1.4970779418945312], [0.5357881784439087, -0.844221293926239, 0.014885994605720043, -1.13775634765625], [0.0, 0.0, 0.0, 1.0]], [[0.9478840231895447, 0.31854069232940674, -0.00691648805513978, -1.1368408203125], [-0.010105883702635765, 0.00836097914725542, -0.9999139904975891, 1.561967134475708], [-0.31845545768737793, 0.9478723406791687, 0.011144374497234821, -0.1585693359375], [0.0, 0.0, 0.0, 1.0]], [[0.009394855238497257, 0.9999557733535767, 0.000475112086860463, -0.0291748046875], [-0.007903213612735271, 0.0005493719363585114, -0.9999685883522034, 1.5672850608825684], [-0.9999247193336487, 0.009390792809426785, 0.007908024825155735, -0.053955078125], [0.0, 0.0, 0.0, 1.0]], [[-0.923623263835907, 0.3832641541957855, -0.005349908024072647, 0.988433837890625], [-0.0035533264745026827, -0.02251828834414482, -0.9997401237487793, 1.5472068786621094], [-0.3832850456237793, -0.9233642220497131, 0.022160276770591736, -0.11279296875], [0.0, 0.0, 0.0, 1.0]]], "view": [[0.0, -2.0, 100.0], [-2.0, 0.0, 100.0], [0.0, 0.0, 1.0]], "bev": "bev_8a84e831c7be4fd4928028edc1f4cada.png", "aux": "aux_8a84e831c7be4fd4928028edc1f4cada.npz", "visibility": "visibility_8a84e831c7be4fd4928028edc1f4cada.png", "pose": [[-0.8667588829994202, -0.4987274706363678, 0.0, 1995.831787109375], [0.4987274706363678, -0.8667588829994202, 0.0, 1011.1411743164062], [0.0, 0.0, 1.0, 0.0], [0.0, 0.0, 0.0, 1.0]], "pose_inverse": [[-0.8667588829994202, 0.4987274706363678, 0.0, 1225.6209716796875], [-0.4987274706363678, -0.8667588829994202, 0.0, 1871.791748046875], [0.0, 0.0, 1.0, 0.0], [0.0, 0.0, 0.0, 1.0]], "cam_ids": [0, 1, 2, 3, 4, 5], "cam_channels": ["CAM_FRONT_LEFT", "CAM_FRONT", "CAM_FRONT_RIGHT", "CAM_BACK_LEFT", "CAM_BACK", "CAM_BACK_RIGHT"], "token": "8a84e831c7be4fd4928028edc1f4cada", "scene": "scene-0659"}, {"images": ["samples/CAM_FRONT_LEFT/n008-2018-08-27-11-48-51-0400__CAM_FRONT_LEFT__1535385195104799.jpg", "samples/CAM_FRONT/n008-2018-08-27-11-48-51-0400__CAM_FRONT__1535385195112404.jpg", "samples/CAM_FRONT_RIGHT/n008-2018-08-27-11-48-51-0400__CAM_FRONT_RIGHT__1535385195120482.jpg", "samples/CAM_BACK_LEFT/n008-2018-08-27-11-48-51-0400__CAM_BACK_LEFT__1535385195147405.jpg", "samples/CAM_BACK/n008-2018-08-27-11-48-51-0400__CAM_BACK__1535385195137558.jpg", "samples/CAM_BACK_RIGHT/n008-2018-08-27-11-48-51-0400__CAM_BACK_RIGHT__1535385195128113.jpg"], "intrinsics": [[[1257.8625342125129, 0.0, 827.2410631095686], [0.0, 1257.8625342125129, 450.915498205774], [0.0, 0.0, 1.0]], [[1252.8131021185304, 0.0, 826.588114781398], [0.0, 1252.8131021185304, 469.9846626224581], [0.0, 0.0, 1.0]], [[1256.7485116440405, 0.0, 817.7887570959712], [0.0, 1256.7485116440403, 451.9541780095127], [0.0, 0.0, 1.0]], [[1254.9860565800168, 0.0, 829.5769333630991], [0.0, 1254.9860565800168, 467.1680561863987], [0.0, 0.0, 1.0]], [[796.8910634503094, 0.0, 857.7774326863696], [0.0, 796.8910634503094, 476.8848988407415], [0.0, 0.0, 1.0]], [[1249.9629280788233, 0.0, 825.3768045375984], [0.0, 1249.9629280788233, 462.54816385708756], [0.0, 0.0, 1.0]]], "extrinsics": [[[0.8225632309913635, -0.5686705708503723, 0.0018972695106640458, -0.6543998718261719], [0.0069785756058990955, 0.006758113857358694, -0.9999527931213379, 1.4912261962890625], [0.5686308741569519, 0.8225376605987549, 0.009527483955025673, -1.09521484375], [0.0, 0.0, 0.0, 1.0]], [[0.010360068641602993, -0.9999431371688843, -0.0025185777340084314, 0.0120849609375], [0.008941885083913803, 0.0026112564373761415, -0.9999566078186035, 1.4832878112792969], [0.9999063611030579, 0.010337105952203274, 0.008968428708612919, -1.3843994140625], [0.0, 0.0, 0.0, 1.0]], [[-0.8438835144042969, -0.5364129543304443, -0.011035885661840439, 0.862060546875], [0.016958847641944885, -0.006109469570219517, -0.9998375177383423, 1.4977121353149414], [0.5362583994865417, -0.8439335227012634, 0.014252626337110996, -1.12896728515625], [0.0, 0.0, 0.0, 1.0]], [[0.9478800892829895, 0.3185845613479614, -0.005237986333668232, -1.1328125], [-0.008543578907847404, 0.008979415521025658, -0.9999231696128845, 1.5619421005249023], [-0.31851309537887573, 0.9478519558906555, 0.011233260855078697, -0.1600341796875], [0.0, 0.0, 0.0, 1.0]], [[0.009159015491604805, 0.9999570250511169, 0.0014207827625796199, -0.02880859375], [-0.006366640329360962, 0.0014791296562179923, -0.9999786019325256, 1.5673761367797852], [-0.9999377727508545, 0.009149758145213127, 0.006379914470016956, -0.06298828125], [0.0, 0.0, 0.0, 1.0]], [[-0.9237790107727051, 0.3828773498535156, -0.006101452745497227, 0.9761962890625], [-0.002179816598072648, -0.021191483363509178, -0.9997730851173401, 1.54742431640625], [-0.3829197585582733, -0.9235561490058899, 0.020410852506756783, -0.117919921875], [0.0, 0.0, 0.0, 1.0]]], "view": [[0.0, -2.0, 100.0], [-2.0, 0.0, 100.0], [0.0, 0.0, 1.0]], "bev": "bev_29ee44b6bcd24c808d4e5bd1e75a058f.png", "aux": "aux_29ee44b6bcd24c808d4e5bd1e75a058f.npz", "visibility": "visibility_29ee44b6bcd24c808d4e5bd1e75a058f.png", "pose": [[-0.8706390857696533, -0.4919223487377167, 0.0, 1991.6671142578125], [0.4919223487377167, -0.8706390857696533, 0.0, 1013.54736328125], [0.0, 0.0, 1.0, 0.0], [0.0, 0.0, 0.0, 1.0]], "pose_inverse": [[-0.8706390857696533, 0.4919223487377167, 0.0, 1235.4366455078125], [-0.4919223487377167, -0.8706390857696533, 0.0, 1862.179443359375], [0.0, 0.0, 1.0, 0.0], [0.0, 0.0, 0.0, 1.0]], "cam_ids": [0, 1, 2, 3, 4, 5], "cam_channels": ["CAM_FRONT_LEFT", "CAM_FRONT", "CAM_FRONT_RIGHT", "CAM_BACK_LEFT", "CAM_BACK", "CAM_BACK_RIGHT"], "token": "29ee44b6bcd24c808d4e5bd1e75a058f", "scene": "scene-0659"}, {"images": ["samples/CAM_FRONT_LEFT/n008-2018-08-27-11-48-51-0400__CAM_FRONT_LEFT__1535385195604799.jpg", "samples/CAM_FRONT/n008-2018-08-27-11-48-51-0400__CAM_FRONT__1535385195612404.jpg", "samples/CAM_FRONT_RIGHT/n008-2018-08-27-11-48-51-0400__CAM_FRONT_RIGHT__1535385195620482.jpg", "samples/CAM_BACK_LEFT/n008-2018-08-27-11-48-51-0400__CAM_BACK_LEFT__1535385195647405.jpg", "samples/CAM_BACK/n008-2018-08-27-11-48-51-0400__CAM_BACK__1535385195637558.jpg", "samples/CAM_BACK_RIGHT/n008-2018-08-27-11-48-51-0400__CAM_BACK_RIGHT__1535385195628113.jpg"], "intrinsics": [[[1257.8625342125129, 0.0, 827.2410631095686], [0.0, 1257.8625342125129, 450.915498205774], [0.0, 0.0, 1.0]], [[1252.8131021185304, 0.0, 826.588114781398], [0.0, 1252.8131021185304, 469.9846626224581], [0.0, 0.0, 1.0]], [[1256.7485116440405, 0.0, 817.7887570959712], [0.0, 1256.7485116440403, 451.9541780095127], [0.0, 0.0, 1.0]], [[1254.9860565800168, 0.0, 829.5769333630991], [0.0, 1254.9860565800168, 467.1680561863987], [0.0, 0.0, 1.0]], [[796.8910634503094, 0.0, 857.7774326863696], [0.0, 796.8910634503094, 476.8848988407415], [0.0, 0.0, 1.0]], [[1249.9629280788233, 0.0, 825.3768045375984], [0.0, 1249.9629280788233, 462.54816385708756], [0.0, 0.0, 1.0]]], "extrinsics": [[[0.8228073716163635, -0.5683149695396423, 0.002487270627170801, -0.6426620483398438], [0.0062944721430540085, 0.004736714065074921, -0.999968945980072, 1.4910545349121094], [0.5682855248451233, 0.8227974772453308, 0.0074746450409293175, -1.08447265625], [0.0, 0.0, 0.0, 1.0]], [[0.010545498691499233, -0.999944269657135, -0.0005259727477096021, 0.0098876953125], [0.008311198092997074, 0.0006136340671218932, -0.999965250492096, 1.4831886291503906], [0.9999098777770996, 0.010540681891143322, 0.008317205123603344, -1.370849609375], [0.0, 0.0, 0.0, 1.0]], [[-0.8439260721206665, -0.5363752841949463, -0.009501319378614426, 0.85107421875], [0.016395628452301025, -0.008085695095360279, -0.9998328685760498, 1.4977259635925293], [0.5362088084220886, -0.8439408540725708, 0.01561794150620699, -1.1251220703125], [0.0, 0.0, 0.0, 1.0]], [[0.9479014277458191, 0.3184991776943207, -0.006413314491510391, -1.133544921875], [-0.009152253158390522, 0.007103783078491688, -0.9999328851699829, 1.561941146850586], [-0.3184322118759155, 0.9478964805603027, 0.009648670442402363, -0.15966796875], [0.0, 0.0, 0.0, 1.0]], [[0.009198985062539577, 0.9999575614929199, -0.0004967926652170718, -0.02783203125], [-0.006948386784642935, -0.00043288071174174547, -0.9999757409095764, 1.5672926902770996], [-0.9999335408210754, 0.009202207438647747, 0.0069441101513803005, -0.0662841796875], [0.0, 0.0, 0.0, 1.0]], [[-0.9237589240074158, 0.3829216957092285, -0.006355186924338341, 0.97003173828125], [-0.002712462330237031, -0.023135598748922348, -0.9997286200523376, 1.5472564697265625], [-0.3829647898674011, -0.9234910607337952, 0.022410375997424126, -0.12255859375], [0.0, 0.0, 0.0, 1.0]]], "view": [[0.0, -2.0, 100.0], [-2.0, 0.0, 100.0], [0.0, 0.0, 1.0]], "bev": "bev_42a43c2d37e24982bebb135f8f6028ad.png", "aux": "aux_42a43c2d37e24982bebb135f8f6028ad.npz", "visibility": "visibility_42a43c2d37e24982bebb135f8f6028ad.png", "pose": [[-0.8698468804359436, -0.49332180619239807, 0.0, 1987.38671875], [0.49332180619239807, -0.8698468804359436, 0.0, 1015.992431640625], [0.0, 0.0, 1.0, 0.0], [0.0, 0.0, 0.0, 1.0]], "pose_inverse": [[-0.8698468804359436, 0.49332180619239807, 0.0, 1227.5108642578125], [-0.49332180619239807, -0.8698468804359436, 0.0, 1864.1790771484375], [0.0, 0.0, 1.0, 0.0], [0.0, 0.0, 0.0, 1.0]], "cam_ids": [0, 1, 2, 3, 4, 5], "cam_channels": ["CAM_FRONT_LEFT", "CAM_FRONT", "CAM_FRONT_RIGHT", "CAM_BACK_LEFT", "CAM_BACK", "CAM_BACK_RIGHT"], "token": "42a43c2d37e24982bebb135f8f6028ad", "scene": "scene-0659"}, {"images": ["samples/CAM_FRONT_LEFT/n008-2018-08-27-11-48-51-0400__CAM_FRONT_LEFT__1535385196104799.jpg", "samples/CAM_FRONT/n008-2018-08-27-11-48-51-0400__CAM_FRONT__1535385196112404.jpg", "samples/CAM_FRONT_RIGHT/n008-2018-08-27-11-48-51-0400__CAM_FRONT_RIGHT__1535385196120482.jpg", "samples/CAM_BACK_LEFT/n008-2018-08-27-11-48-51-0400__CAM_BACK_LEFT__1535385196147405.jpg", "samples/CAM_BACK/n008-2018-08-27-11-48-51-0400__CAM_BACK__1535385196137558.jpg", "samples/CAM_BACK_RIGHT/n008-2018-08-27-11-48-51-0400__CAM_BACK_RIGHT__1535385196128113.jpg"], "intrinsics": [[[1257.8625342125129, 0.0, 827.2410631095686], [0.0, 1257.8625342125129, 450.915498205774], [0.0, 0.0, 1.0]], [[1252.8131021185304, 0.0, 826.588114781398], [0.0, 1252.8131021185304, 469.9846626224581], [0.0, 0.0, 1.0]], [[1256.7485116440405, 0.0, 817.7887570959712], [0.0, 1256.7485116440403, 451.9541780095127], [0.0, 0.0, 1.0]], [[1254.9860565800168, 0.0, 829.5769333630991], [0.0, 1254.9860565800168, 467.1680561863987], [0.0, 0.0, 1.0]], [[796.8910634503094, 0.0, 857.7774326863696], [0.0, 796.8910634503094, 476.8848988407415], [0.0, 0.0, 1.0]], [[1249.9629280788233, 0.0, 825.3768045375984], [0.0, 1249.9629280788233, 462.54816385708756], [0.0, 0.0, 1.0]]], "extrinsics": [[[0.8229237794876099, -0.5681504607200623, 0.0012129070237278938, -0.6410064697265625], [0.005240640603005886, 0.005455906502902508, -0.999971330165863, 1.490591049194336], [0.5681276917457581, 0.8229066133499146, 0.007467265706509352, -1.0849609375], [0.0, 0.0, 0.0, 1.0]], [[0.01076813880354166, -0.9999411702156067, -0.0012818501563742757, 0.011474609375], [0.007157006300985813, 0.0013589637819677591, -0.999973475933075, 1.4827680587768555], [0.9999163746833801, 0.010758630931377411, 0.007171220146119595, -1.370361328125], [0.0, 0.0, 0.0, 1.0]], [[-0.8438049554824829, -0.5365769863128662, -0.008852982893586159, 0.8525390625], [0.015138487331569195, -0.007309666834771633, -0.9998586773872375, 1.4973716735839844], [0.5364363789558411, -0.8438197374343872, 0.014290896244347095, -1.12420654296875], [0.0, 0.0, 0.0, 1.0]], [[0.9479007124900818, 0.3184818923473358, -0.007324156817048788, -1.130126953125], [-0.01040632463991642, 0.007977327331900597, -0.9999139904975891, 1.5618925094604492], [-0.3183961510658264, 0.9478952884674072, 0.010875940322875977, -0.16064453125], [0.0, 0.0, 0.0, 1.0]], [[0.00910001527518034, 0.9999585151672363, 0.0003540791803970933, -0.0283203125], [-0.008221601136028767, 0.00042890285840258, -0.9999660849571228, 1.5671334266662598], [-0.9999247789382935, 0.009096825495362282, 0.00822516344487667, -0.068603515625], [0.0, 0.0, 0.0, 1.0]], [[-0.9238367676734924, 0.3827551305294037, -0.004897041711956263, 0.96875], [-0.003952666651457548, -0.022331254556775093, -0.9997428059577942, 1.5470199584960938], [-0.3827659785747528, -0.9235798716545105, 0.02214333973824978, -0.1220703125], [0.0, 0.0, 0.0, 1.0]]], "view": [[0.0, -2.0, 100.0], [-2.0, 0.0, 100.0], [0.0, 0.0, 1.0]], "bev": "bev_8fbf006276fa467c8aa2381953a1b510.png", "aux": "aux_8fbf006276fa467c8aa2381953a1b510.npz", "visibility": "visibility_8fbf006276fa467c8aa2381953a1b510.png", "pose": [[-0.865602970123291, -0.5007309317588806, 0.0, 1983.0072021484375], [0.5007309317588806, -0.865602970123291, 0.0, 1018.5350952148438], [0.0, 0.0, 1.0, 0.0], [0.0, 0.0, 0.0, 1.0]], "pose_inverse": [[-0.865602970123291, 0.5007309317588806, 0.0, 1206.48486328125], [-0.5007309317588806, -0.865602970123291, 0.0, 1874.60009765625], [0.0, 0.0, 1.0, 0.0], [0.0, 0.0, 0.0, 1.0]], "cam_ids": [0, 1, 2, 3, 4, 5], "cam_channels": ["CAM_FRONT_LEFT", "CAM_FRONT", "CAM_FRONT_RIGHT", "CAM_BACK_LEFT", "CAM_BACK", "CAM_BACK_RIGHT"], "token": "8fbf006276fa467c8aa2381953a1b510", "scene": "scene-0659"}, {"images": ["samples/CAM_FRONT_LEFT/n008-2018-08-27-11-48-51-0400__CAM_FRONT_LEFT__1535385196604799.jpg", "samples/CAM_FRONT/n008-2018-08-27-11-48-51-0400__CAM_FRONT__1535385196612404.jpg", "samples/CAM_FRONT_RIGHT/n008-2018-08-27-11-48-51-0400__CAM_FRONT_RIGHT__1535385196620482.jpg", "samples/CAM_BACK_LEFT/n008-2018-08-27-11-48-51-0400__CAM_BACK_LEFT__1535385196647405.jpg", "samples/CAM_BACK/n008-2018-08-27-11-48-51-0400__CAM_BACK__1535385196637558.jpg", "samples/CAM_BACK_RIGHT/n008-2018-08-27-11-48-51-0400__CAM_BACK_RIGHT__1535385196628113.jpg"], "intrinsics": [[[1257.8625342125129, 0.0, 827.2410631095686], [0.0, 1257.8625342125129, 450.915498205774], [0.0, 0.0, 1.0]], [[1252.8131021185304, 0.0, 826.588114781398], [0.0, 1252.8131021185304, 469.9846626224581], [0.0, 0.0, 1.0]], [[1256.7485116440405, 0.0, 817.7887570959712], [0.0, 1256.7485116440403, 451.9541780095127], [0.0, 0.0, 1.0]], [[1254.9860565800168, 0.0, 829.5769333630991], [0.0, 1254.9860565800168, 467.1680561863987], [0.0, 0.0, 1.0]], [[796.8910634503094, 0.0, 857.7774326863696], [0.0, 796.8910634503094, 476.8848988407415], [0.0, 0.0, 1.0]], [[1249.9629280788233, 0.0, 825.3768045375984], [0.0, 1249.9629280788233, 462.54816385708756], [0.0, 0.0, 1.0]]], "extrinsics": [[[0.8231954574584961, -0.5677580237388611, -0.0004356887948233634, -0.6359710693359375], [0.0038620836567133665, 0.006367019843310118, -0.9999722838401794, 1.4900169372558594], [0.5677449703216553, 0.8231709003448486, 0.0074340286664664745, -1.07958984375], [0.0, 0.0, 0.0, 1.0]], [[0.01114859338849783, -0.9999355673789978, -0.002111961366608739, 0.010009765625], [0.0059094782918691635, 0.0021779423113912344, -0.9999801516532898, 1.4823598861694336], [0.9999203681945801, 0.011135860346257687, 0.0059333788231015205, -1.36376953125], [0.0, 0.0, 0.0, 1.0]], [[-0.8436623811721802, -0.5368099808692932, -0.008300676941871643, 0.8465576171875], [0.01403031311929226, -0.006589239463210106, -0.9998798370361328, 1.4971418380737305], [0.5366907119750977, -0.8436775207519531, 0.013090704567730427, -1.12164306640625], [0.0, 0.0, 0.0, 1.0]], [[0.947891116142273, 0.31849369406700134, -0.008008124306797981, -1.1259765625], [-0.011366774328052998, 0.008688272908329964, -0.9998976588249207, 1.5618312358856201], [-0.3183915317058563, 0.9478851556777954, 0.011855783872306347, -0.161865234375], [0.0, 0.0, 0.0, 1.0]], [[0.008983432315289974, 0.9999591708183289, 0.0010063439840450883, -0.02783203125], [-0.009214782156050205, 0.0010891254059970379, -0.9999569058418274, 1.5669760704040527], [-0.999917209148407, 0.008973708376288414, 0.00922419037669897, -0.073486328125], [0.0, 0.0, 0.0, 1.0]], [[-0.9239220023155212, 0.3825633227825165, -0.0036620169412344694, 0.96405029296875], [-0.005021270364522934, -0.02169671840965748, -0.9997519850730896, 1.5467491149902344], [-0.38254794478416443, -0.9236744046211243, 0.021967031061649323, -0.125], [0.0, 0.0, 0.0, 1.0]]], "view": [[0.0, -2.0, 100.0], [-2.0, 0.0, 100.0], [0.0, 0.0, 1.0]], "bev": "bev_9638a2584e5a4bf5aa6069ee906a376d.png", "aux": "aux_9638a2584e5a4bf5aa6069ee906a376d.npz", "visibility": "visibility_9638a2584e5a4bf5aa6069ee906a376d.png", "pose": [[-0.859079122543335, -0.5118427872657776, 0.0, 1978.6053466796875], [0.5118427872657776, -0.859079122543335, 0.0, 1021.1432495117188], [0.0, 0.0, 1.0, 0.0], [0.0, 0.0, 0.0, 1.0]], "pose_inverse": [[-0.859079122543335, 0.5118427872657776, 0.0, 1177.11376953125], [-0.5118427872657776, -0.859079122543335, 0.0, 1889.977783203125], [0.0, 0.0, 1.0, 0.0], [0.0, 0.0, 0.0, 1.0]], "cam_ids": [0, 1, 2, 3, 4, 5], "cam_channels": ["CAM_FRONT_LEFT", "CAM_FRONT", "CAM_FRONT_RIGHT", "CAM_BACK_LEFT", "CAM_BACK", "CAM_BACK_RIGHT"], "token": "9638a2584e5a4bf5aa6069ee906a376d", "scene": "scene-0659"}, {"images": ["samples/CAM_FRONT_LEFT/n008-2018-08-27-11-48-51-0400__CAM_FRONT_LEFT__1535385197104799.jpg", "samples/CAM_FRONT/n008-2018-08-27-11-48-51-0400__CAM_FRONT__1535385197112404.jpg", "samples/CAM_FRONT_RIGHT/n008-2018-08-27-11-48-51-0400__CAM_FRONT_RIGHT__1535385197120482.jpg", "samples/CAM_BACK_LEFT/n008-2018-08-27-11-48-51-0400__CAM_BACK_LEFT__1535385197147405.jpg", "samples/CAM_BACK/n008-2018-08-27-11-48-51-0400__CAM_BACK__1535385197137558.jpg", "samples/CAM_BACK_RIGHT/n008-2018-08-27-11-48-51-0400__CAM_BACK_RIGHT__1535385197128113.jpg"], "intrinsics": [[[1257.8625342125129, 0.0, 827.2410631095686], [0.0, 1257.8625342125129, 450.915498205774], [0.0, 0.0, 1.0]], [[1252.8131021185304, 0.0, 826.588114781398], [0.0, 1252.8131021185304, 469.9846626224581], [0.0, 0.0, 1.0]], [[1256.7485116440405, 0.0, 817.7887570959712], [0.0, 1256.7485116440403, 451.9541780095127], [0.0, 0.0, 1.0]], [[1254.9860565800168, 0.0, 829.5769333630991], [0.0, 1254.9860565800168, 467.1680561863987], [0.0, 0.0, 1.0]], [[796.8910634503094, 0.0, 857.7774326863696], [0.0, 796.8910634503094, 476.8848988407415], [0.0, 0.0, 1.0]], [[1249.9629280788233, 0.0, 825.3768045375984], [0.0, 1249.9629280788233, 462.54816385708756], [0.0, 0.0, 1.0]]], "extrinsics": [[[0.82337486743927, -0.5674867033958435, -0.0035485473927110434, -0.6269378662109375], [0.0028454409912228584, 0.010381224565207958, -0.9999420046806335, 1.4895648956298828], [0.5674906969070435, 0.8233171105384827, 0.010162388905882835, -1.076416015625], [0.0, 0.0, 0.0, 1.0]], [[0.011417596600949764, -0.9999148845672607, -0.006305862218141556, 0.0120849609375], [0.004732244182378054, 0.006360236555337906, -0.9999685883522034, 1.4819450378417969], [0.9999236464500427, 0.011387372389435768, 0.0048044598661363125, -1.3546142578125], [0.0, 0.0, 0.0, 1.0]], [[-0.8435533046722412, -0.5369613766670227, -0.00950068049132824, 0.8397216796875], [0.012679731473326683, -0.0022276039235293865, -0.9999170899391174, 1.4968624114990234], [0.536895751953125, -0.8436038494110107, 0.00868762843310833, -1.1158447265625], [0.0, 0.0, 0.0, 1.0]], [[0.9478560090065002, 0.3185979723930359, -0.008019120432436466, -1.116943359375], [-0.01299761887639761, 0.013503406196832657, -0.9998243451118469, 1.5616779327392578], [-0.31843382120132446, 0.9477936625480652, 0.016940301284193993, -0.1650390625], [0.0, 0.0, 0.0, 1.0]], [[0.008876051753759384, 0.9999449253082275, 0.005596633534878492, -0.028076171875], [-0.010785807855427265, 0.005692266393452883, -0.9999256134033203, 1.566686272