[{"images": ["samples/CAM_FRONT_LEFT/n008-2018-08-01-15-52-19-0400__CAM_FRONT_LEFT__1533153515254799.jpg", "samples/CAM_FRONT/n008-2018-08-01-15-52-19-0400__CAM_FRONT__1533153515262404.jpg", "samples/CAM_FRONT_RIGHT/n008-2018-08-01-15-52-19-0400__CAM_FRONT_RIGHT__1533153515270990.jpg", "samples/CAM_BACK_LEFT/n008-2018-08-01-15-52-19-0400__CAM_BACK_LEFT__1533153515297405.jpg", "samples/CAM_BACK/n008-2018-08-01-15-52-19-0400__CAM_BACK__1533153515287558.jpg", "samples/CAM_BACK_RIGHT/n008-2018-08-01-15-52-19-0400__CAM_BACK_RIGHT__1533153515278113.jpg"], "intrinsics": [[[1257.8625342125129, 0.0, 827.2410631095686], [0.0, 1257.8625342125129, 450.915498205774], [0.0, 0.0, 1.0]], [[1252.8131021185304, 0.0, 826.588114781398], [0.0, 1252.8131021185304, 469.9846626224581], [0.0, 0.0, 1.0]], [[1256.7485116440405, 0.0, 817.7887570959712], [0.0, 1256.7485116440403, 451.9541780095127], [0.0, 0.0, 1.0]], [[1254.9860565800168, 0.0, 829.5769333630991], [0.0, 1254.9860565800168, 467.1680561863987], [0.0, 0.0, 1.0]], [[796.8910634503094, 0.0, 857.7774326863696], [0.0, 796.8910634503094, 476.8848988407415], [0.0, 0.0, 1.0]], [[1249.9629280788233, 0.0, 825.3768045375984], [0.0, 1249.9629280788233, 462.54816385708756], [0.0, 0.0, 1.0]]], "extrinsics": [[[0.8224988579750061, -0.568764865398407, 0.0015081767924129963, -0.699859619140625], [0.017011653631925583, 0.021950146183371544, -0.9996143579483032, 1.4944686889648438], [0.5685123205184937, 0.8222072720527649, 0.02772960066795349, -1.127197265625], [0.0, 0.0, 0.0, 1.0]], [[0.010316886939108372, -0.9997918605804443, -0.017600201070308685, 0.0118408203125], [0.018938405439257622, 0.01779334805905819, -0.9996622800827026, 1.48583984375], [0.9997674822807312, 0.009980100207030773, 0.019118035212159157, -1.4320068359375], [0.0, 0.0, 0.0, 1.0]], [[-0.8437943458557129, -0.5359589457511902, -0.027552269399166107, 0.8984375], [0.026890890672802925, 0.009050680324435234, -0.999597430229187, 1.4992141723632812], [0.5359925627708435, -0.844195544719696, 0.006775501184165478, -1.15234375], [0.0, 0.0, 0.0, 1.0]], [[0.9477099776268005, 0.31901001930236816, 0.008858270943164825, -1.1390380859375], [0.0012025772593915462, 0.02418726496398449, -0.9997066855430603, 1.5620384216308594], [-0.31913071870803833, 0.9474426507949829, 0.02253887616097927, -0.1580810546875], [0.0, 0.0, 0.0, 1.0]], [[0.008968240581452847, 0.9998201727867126, 0.0167077723890543, -0.029052734375], [0.0034156590700149536, 0.016677716746926308, -0.9998550415039062, 1.5683441162109375], [-0.9999539852142334, 0.009024065919220448, -0.0032654760871082544, -0.0439453125], [0.0, 0.0, 0.0, 1.0]], [[-0.9236557483673096, 0.38310644030570984, -0.009458016604185104, 1.004364013671875], [0.007740863133221865, -0.006023572292178869, -0.9999518990516663, 1.5491254329681396], [-0.38314497470855713, -0.9236845374107361, 0.002598133869469166, -0.1064453125], [0.0, 0.0, 0.0, 1.0]]], "view": [[0.0, -2.0, 100.0], [-2.0, 0.0, 100.0], [0.0, 0.0, 1.0]], "bev": "bev_79caf3784b924bcfb74d2676c3b5dcdb.png", "aux": "aux_79caf3784b924bcfb74d2676c3b5dcdb.npz", "visibility": "visibility_79caf3784b924bcfb74d2676c3b5dcdb.png", "pose": [[-0.8561835289001465, -0.5166718363761902, 0.0, 1907.86279296875], [0.5166718363761902, -0.8561835289001465, 0.0, 1064.485107421875], [0.0, 0.0, 1.0, 0.0], [0.0, 0.0, 0.0, 1.0]], "pose_inverse": [[-0.8561835289001465, 0.5166718363761902, 0.0, 1083.4912109375], [-0.5166718363761902, -0.8561835289001465, 0.0, 1897.133544921875], [0.0, 0.0, 1.0, 0.0], [0.0, 0.0, 0.0, 1.0]], "cam_ids": [0, 1, 2, 3, 4, 5], "cam_channels": ["CAM_FRONT_LEFT", "CAM_FRONT", "CAM_FRONT_RIGHT", "CAM_BACK_LEFT", "CAM_BACK", "CAM_BACK_RIGHT"], "token": "79caf3784b924bcfb74d2676c3b5dcdb", "scene": "scene-0070"}, {"images": ["samples/CAM_FRONT_LEFT/n008-2018-08-01-15-52-19-0400__CAM_FRONT_LEFT__1533153515754799.jpg", "samples/CAM_FRONT/n008-2018-08-01-15-52-19-0400__CAM_FRONT__1533153515762404.jpg", "samples/CAM_FRONT_RIGHT/n008-2018-08-01-15-52-19-0400__CAM_FRONT_RIGHT__1533153515770482.jpg", "samples/CAM_BACK_LEFT/n008-2018-08-01-15-52-19-0400__CAM_BACK_LEFT__1533153515797405.jpg", "samples/CAM_BACK/n008-2018-08-01-15-52-19-0400__CAM_BACK__1533153515787558.jpg", "samples/CAM_BACK_RIGHT/n008-2018-08-01-15-52-19-0400__CAM_BACK_RIGHT__1533153515778113.jpg"], "intrinsics": [[[1257.8625342125129, 0.0, 827.2410631095686], [0.0, 1257.8625342125129, 450.915498205774], [0.0, 0.0, 1.0]], [[1252.8131021185304, 0.0, 826.588114781398], [0.0, 1252.8131021185304, 469.9846626224581], [0.0, 0.0, 1.0]], [[1256.7485116440405, 0.0, 817.7887570959712], [0.0, 1256.7485116440403, 451.9541780095127], [0.0, 0.0, 1.0]], [[1254.9860565800168, 0.0, 829.5769333630991], [0.0, 1254.9860565800168, 467.1680561863987], [0.0, 0.0, 1.0]], [[796.8910634503094, 0.0, 857.7774326863696], [0.0, 796.8910634503094, 476.8848988407415], [0.0, 0.0, 1.0]], [[1249.9629280788233, 0.0, 825.3768045375984], [0.0, 1249.9629280788233, 462.54816385708756], [0.0, 0.0, 1.0]]], "extrinsics": [[[0.82262122631073, -0.5685850381851196, -0.0022906020749360323, -0.7063140869140625], [0.012815942987799644, 0.02256917953491211, -0.9996631145477295, 1.492828369140625], [0.5684452056884766, 0.8223147988319397, 0.025852840393781662, -1.131591796875], [0.0, 0.0, 0.0, 1.0]], [[0.010426366701722145, -0.9997791647911072, -0.018246693536639214, 0.01171875], [0.014618314802646637, 0.018398134037852287, -0.9997239112854004, 1.4844398498535156], [0.9998387098312378, 0.010156837292015553, 0.014806912280619144, -1.4383544921875], [0.0, 0.0, 0.0, 1.0]], [[-0.8438305854797363, -0.5360651612281799, -0.02416856586933136, 0.899169921875], [0.022508693858981133, 0.009640234522521496, -0.9997001886367798, 1.4981956481933594], [0.5361374020576477, -0.8441215753555298, 0.003931399900466204, -1.153076171875], [0.0, 0.0, 0.0, 1.0]], [[0.9477808475494385, 0.31888455152511597, 0.004905735608190298, -1.1431884765625], [-0.0031196456402540207, 0.024651430547237396, -0.9996912479400635, 1.5620231628417969], [-0.3189070522785187, 0.947472870349884, 0.02435896173119545, -0.156982421875], [0.0, 0.0, 0.0, 1.0]], [[0.009037836454808712, 0.9998122453689575, 0.017137005925178528, -0.029052734375], [-0.0009422017028555274, 0.017146211117506027, -0.9998525381088257, 1.5679664611816406], [-0.9999586939811707, 0.009020393714308739, 0.001096988213248551, -0.0404052734375], [0.0, 0.0, 0.0, 1.0]], [[-0.9237281084060669, 0.38301318883895874, -0.005210603587329388, 1.00811767578125], [0.003353787586092949, -0.005515493918210268, -0.9999791383743286, 1.5483722686767578], [-0.38303396105766296, -0.9237263798713684, 0.0038102720864117146, -0.105224609375], [0.0, 0.0, 0.0, 1.0]]], "view": [[0.0, -2.0, 100.0], [-2.0, 0.0, 100.0], [0.0, 0.0, 1.0]], "bev": "bev_95d853ec1941473981346f04a47fd6e2.png", "aux": "aux_95d853ec1941473981346f04a47fd6e2.npz", "visibility": "visibility_95d853ec1941473981346f04a47fd6e2.png", "pose": [[-0.8577468991279602, -0.5140721797943115, 0.0, 1904.2928466796875], [0.5140721797943115, -0.8577468991279602, 0.0, 1066.680419921875], [0.0, 0.0, 1.0, 0.0], [0.0, 0.0, 0.0, 1.0]], "pose_inverse": [[-0.8577468991279602, 0.5140721797943115, 0.0, 1085.0506591796875], [-0.5140721797943115, -0.8577468991279602, 0.0, 1893.8858642578125], [0.0, 0.0, 1.0, 0.0], [0.0, 0.0, 0.0, 1.0]], "cam_ids": [0, 1, 2, 3, 4, 5], "cam_channels": ["CAM_FRONT_LEFT", "CAM_FRONT", "CAM_FRONT_RIGHT", "CAM_BACK_LEFT", "CAM_BACK", "CAM_BACK_RIGHT"], "token": "95d853ec1941473981346f04a47fd6e2", "scene": "scene-0070"}, {"images": ["samples/CAM_FRONT_LEFT/n008-2018-08-01-15-52-19-0400__CAM_FRONT_LEFT__1533153516254799.jpg", "samples/CAM_FRONT/n008-2018-08-01-15-52-19-0400__CAM_FRONT__1533153516262404.jpg", "samples/CAM_FRONT_RIGHT/n008-2018-08-01-15-52-19-0400__CAM_FRONT_RIGHT__1533153516270482.jpg", "samples/CAM_BACK_LEFT/n008-2018-08-01-15-52-19-0400__CAM_BACK_LEFT__1533153516297405.jpg", "samples/CAM_BACK/n008-2018-08-01-15-52-19-0400__CAM_BACK__1533153516287558.jpg", "samples/CAM_BACK_RIGHT/n008-2018-08-01-15-52-19-0400__CAM_BACK_RIGHT__1533153516278113.jpg"], "intrinsics": [[[1257.8625342125129, 0.0, 827.2410631095686], [0.0, 1257.8625342125129, 450.915498205774], [0.0, 0.0, 1.0]], [[1252.8131021185304, 0.0, 826.588114781398], [0.0, 1252.8131021185304, 469.9846626224581], [0.0, 0.0, 1.0]], [[1256.7485116440405, 0.0, 817.7887570959712], [0.0, 1256.7485116440403, 451.9541780095127], [0.0, 0.0, 1.0]], [[1254.9860565800168, 0.0, 829.5769333630991], [0.0, 1254.9860565800168, 467.1680561863987], [0.0, 0.0, 1.0]], [[796.8910634503094, 0.0, 857.7774326863696], [0.0, 796.8910634503094, 476.8848988407415], [0.0, 0.0, 1.0]], [[1249.9629280788233, 0.0, 825.3768045375984], [0.0, 1249.9629280788233, 462.54816385708756], [0.0, 0.0, 1.0]]], "extrinsics": [[[0.82260662317276, -0.5685824751853943, -0.005668988451361656, -0.7067413330078125], [0.00786745548248291, 0.021350184455513954, -0.9997410774230957, 1.4910240173339844], [0.5685563087463379, 0.8223490715026855, 0.022036103531718254, -1.1328125], [0.0, 0.0, 0.0, 1.0]], [[0.010353995487093925, -0.9997994899749756, -0.017139427363872528, 0.012451171875], [0.009736989624798298, 0.017240341752767563, -0.9998039603233337, 1.4829750061035156], [0.9998989701271057, 0.010185085237026215, 0.009913545101881027, -1.4395751953125], [0.0, 0.0, 0.0, 1.0]], [[-0.843925952911377, -0.5361007452011108, -0.019618714228272438, 0.900390625], [0.01779945380985737, 0.008568278513848782, -0.9998048543930054, 1.4970932006835938], [0.5361642241477966, -0.8441105484962463, 0.0023113060742616653, -1.15313720703125], [0.0, 0.0, 0.0, 1.0]], [[0.947893500328064, 0.3185867965221405, 0.00044639737461693585, -1.1446533203125], [-0.007559795863926411, 0.0238934475928545, -0.9996859431266785, 1.5620384216308594], [-0.31849753856658936, 0.9475924372673035, 0.025056898593902588, -0.15625], [0.0, 0.0, 0.0, 1.0]], [[0.009191285818815231, 0.9998255372047424, 0.01625954359769821, -0.0294189453125], [-0.0054769148118793964, 0.016310319304466248, -0.9998519420623779, 1.5675849914550781], [-0.9999427199363708, 0.009100829251110554, 0.005625871941447258, -0.0390625], [0.0, 0.0, 0.0, 1.0]], [[-0.9237484335899353, 0.38299742341041565, -0.0012952201068401337, 1.009002685546875], [-0.0012740943348035216, -0.006454703398048878, -0.9999783635139465, 1.5476179122924805], [-0.3829974830150604, -0.9237267971038818, 0.006450497545301914, -0.10400390625], [0.0, 0.0, 0.0, 1.0]]], "view": [[0.0, -2.0, 100.0], [-2.0, 0.0, 100.0], [0.0, 0.0, 1.0]], "bev": "bev_0b09ec030a654aa687bcbd62daf030fa.png", "aux": "aux_0b09ec030a654aa687bcbd62daf030fa.npz", "visibility": "visibility_0b09ec030a654aa687bcbd62daf030fa.png", "pose": [[-0.8588161468505859, -0.5122838616371155, 0.0, 1900.73779296875], [0.5122838616371155, -0.8588161468505859, 0.0, 1068.84814453125], [0.0, 0.0, 1.0, 0.0], [0.0, 0.0, 0.0, 1.0]], "pose_inverse": [[-0.8588161468505859, 0.5122838616371155, 0.0, 1084.8306884765625], [-0.5122838616371155, -0.8588161468505859, 0.0, 1891.661376953125], [0.0, 0.0, 1.0, 0.0], [0.0, 0.0, 0.0, 1.0]], "cam_ids": [0, 1, 2, 3, 4, 5], "cam_channels": ["CAM_FRONT_LEFT", "CAM_FRONT", "CAM_FRONT_RIGHT", "CAM_BACK_LEFT", "CAM_BACK", "CAM_BACK_RIGHT"], "token": "0b09ec030a654aa687bcbd62daf030fa", "scene": "scene-0070"}, {"images": ["samples/CAM_FRONT_LEFT/n008-2018-08-01-15-52-19-0400__CAM_FRONT_LEFT__1533153516754799.jpg", "samples/CAM_FRONT/n008-2018-08-01-15-52-19-0400__CAM_FRONT__1533153516762404.jpg", "samples/CAM_FRONT_RIGHT/n008-2018-08-01-15-52-19-0400__CAM_FRONT_RIGHT__1533153516770482.jpg", "samples/CAM_BACK_LEFT/n008-2018-08-01-15-52-19-0400__CAM_BACK_LEFT__1533153516797405.jpg", "samples/CAM_BACK/n008-2018-08-01-15-52-19-0400__CAM_BACK__1533153516787558.jpg", "samples/CAM_BACK_RIGHT/n008-2018-08-01-15-52-19-0400__CAM_BACK_RIGHT__1533153516778113.jpg"], "intrinsics": [[[1257.8625342125129, 0.0, 827.2410631095686], [0.0, 1257.8625342125129, 450.915498205774], [0.0, 0.0, 1.0]], [[1252.8131021185304, 0.0, 826.588114781398], [0.0, 1252.8131021185304, 469.9846626224581], [0.0, 0.0, 1.0]], [[1256.7485116440405, 0.0, 817.7887570959712], [0.0, 1256.7485116440403, 451.9541780095127], [0.0, 0.0, 1.0]], [[1254.9860565800168, 0.0, 829.5769333630991], [0.0, 1254.9860565800168, 467.1680561863987], [0.0, 0.0, 1.0]], [[796.8910634503094, 0.0, 857.7774326863696], [0.0, 796.8910634503094, 476.8848988407415], [0.0, 0.0, 1.0]], [[1249.9629280788233, 0.0, 825.3768045375984], [0.0, 1249.9629280788233, 462.54816385708756], [0.0, 0.0, 1.0]]], "extrinsics": [[[0.8228618502616882, -0.5682117938995361, -0.005816090852022171, -0.7172088623046875], [0.007447011768817902, 0.021017704159021378, -0.9997513890266418, 1.4908103942871094], [0.5681927800178528, 0.8226138949394226, 0.021526144817471504, -1.138916015625], [0.0, 0.0, 0.0, 1.0]], [[0.010683662258088589, -0.9998025298118591, -0.016758672893047333, 0.011474609375], [0.009411605075001717, 0.016859428957104683, -0.9998136162757874, 1.4828033447265625], [0.9998986124992371, 0.01052392739802599, 0.009589866735041142, -1.44873046875], [0.0, 0.0, 0.0, 1.0]], [[-0.8438224196434021, -0.5362834334373474, -0.019072845578193665, 0.905517578125], [0.017426220700144768, 0.00813875813037157, -0.9998149871826172, 1.4969024658203125], [0.5363394618034363, -0.8439986705780029, 0.0024777273647487164, -1.15704345703125], [0.0, 0.0, 0.0, 1.0]], [[0.9478815197944641, 0.31862306594848633, 7.132116297725588e-05, -1.1395263671875], [-0.007772489450871944, 0.023346392437815666, -0.9996972680091858, 1.5620079040527344], [-0.31852826476097107, 0.9475939273834229, 0.024606110528111458, -0.1575927734375], [0.0, 0.0, 0.0, 1.0]], [[0.009186946786940098, 0.9998339414596558, 0.015739038586616516, -0.0291748046875], [-0.005755953025072813, 0.01579231582581997, -0.9998586773872375, 1.5675621032714844], [-0.9999412894248962, 0.00909501127898693, 0.005900080781430006, -0.0391845703125], [0.0, 0.0, 0.0, 1.0]], [[-0.9237813949584961, 0.3829185962677002, -0.0011692623374983668, 1.012664794921875], [-0.001607414335012436, -0.006931322626769543, -0.9999747276306152, 1.547567367553711], [-0.38291695713996887, -0.9237560629844666, 0.007018535863608122, -0.10302734375], [0.0, 0.0, 0.0, 1.0]]], "view": [[0.0, -2.0, 100.0], [-2.0, 0.0, 100.0], [0.0, 0.0, 1.0]], "bev": "bev_596345aa123b44a8a3df8078e1d98569.png", "aux": "aux_596345aa123b44a8a3df8078e1d98569.npz", "visibility": "visibility_596345aa123b44a8a3df8078e1d98569.png", "pose": [[-0.8585283160209656, -0.5127661228179932, 0.0, 1897.212646484375], [0.5127661228179932, -0.8585283160209656, 0.0, 1070.966552734375], [0.0, 0.0, 1.0, 0.0], [0.0, 0.0, 0.0, 1.0]], "pose_inverse": [[-0.8585283160209656, 0.5127661228179932, 0.0, 1079.6553955078125], [-0.5127661228179932, -0.8585283160209656, 0.0, 1892.281494140625], [0.0, 0.0, 1.0, 0.0], [0.0, 0.0, 0.0, 1.0]], "cam_ids": [0, 1, 2, 3, 4, 5], "cam_channels": ["CAM_FRONT_LEFT", "CAM_FRONT", "CAM_FRONT_RIGHT", "CAM_BACK_LEFT", "CAM_BACK", "CAM_BACK_RIGHT"], "token": "596345aa123b44a8a3df8078e1d98569", "scene": "scene-0070"}, {"images": ["samples/CAM_FRONT_LEFT/n008-2018-08-01-15-52-19-0400__CAM_FRONT_LEFT__1533153517254799.jpg", "samples/CAM_FRONT/n008-2018-08-01-15-52-19-0400__CAM_FRONT__1533153517262404.jpg", "samples/CAM_FRONT_RIGHT/n008-2018-08-01-15-52-19-0400__CAM_FRONT_RIGHT__1533153517270482.jpg", "samples/CAM_BACK_LEFT/n008-2018-08-01-15-52-19-0400__CAM_BACK_LEFT__1533153517297405.jpg", "samples/CAM_BACK/n008-2018-08-01-15-52-19-0400__CAM_BACK__1533153517287558.jpg", "samples/CAM_BACK_RIGHT/n008-2018-08-01-15-52-19-0400__CAM_BACK_RIGHT__1533153517278113.jpg"], "intrinsics": [[[1257.8625342125129, 0.0, 827.2410631095686], [0.0, 1257.8625342125129, 450.915498205774], [0.0, 0.0, 1.0]], [[1252.8131021185304, 0.0, 826.588114781398], [0.0, 1252.8131021185304, 469.9846626224581], [0.0, 0.0, 1.0]], [[1256.7485116440405, 0.0, 817.7887570959712], [0.0, 1256.7485116440403, 451.9541780095127], [0.0, 0.0, 1.0]], [[1254.9860565800168, 0.0, 829.5769333630991], [0.0, 1254.9860565800168, 467.1680561863987], [0.0, 0.0, 1.0]], [[796.8910634503094, 0.0, 857.7774326863696], [0.0, 796.8910634503094, 476.8848988407415], [0.0, 0.0, 1.0]], [[1249.9629280788233, 0.0, 825.3768045375984], [0.0, 1249.9629280788233, 462.54816385708756], [0.0, 0.0, 1.0]]], "extrinsics": [[[0.8242665529251099, -0.566197395324707, -0.0022651483304798603, -0.71990966796875], [0.00869077816605568, 0.016651907935738564, -0.9998235702514648, 1.4912261962890625], [0.5661352276802063, 0.824101448059082, 0.018646307289600372, -1.141357421875], [0.0, 0.0, 0.0, 1.0]], [[0.01277452614158392, -0.9998419284820557, -0.012364921160042286, 0.011962890625], [0.010731728747487068, 0.012502310797572136, -0.9998642206192017, 1.4831581115722656], [0.9998608231544495, 0.012640081346035004, 0.010889743454754353, -1.4521484375], [0.0, 0.0, 0.0, 1.0]], [[-0.8429083824157715, -0.5377585887908936, -0.0179173294454813, 0.90771484375], [0.018840482458472252, 0.003780914470553398, -0.9998153448104858, 1.4971771240234375], [0.5377270579338074, -0.8430903553962708, 0.006944666616618633, -1.158203125], [0.0, 0.0, 0.0, 1.0]], [[0.9477292895317078, 0.3190756142139435, -0.00010008594108512625, -1.142578125], [-0.006402676925063133, 0.01870383508503437, -0.9998045563697815, 1.5620155334472656], [-0.3190113604068756, 0.9475446939468384, 0.019769107922911644, -0.157470703125], [0.0, 0.0, 0.0, 1.0]], [[0.00833563506603241, 0.999902069568634, 0.01123661920428276, -0.029296875], [-0.0043271989561617374, 0.011272973380982876, -0.9999270439147949, 1.5676956176757812], [-0.9999558925628662, 0.008286402560770512, 0.004420742392539978, -0.0374755859375], [0.0, 0.0, 0.0, 1.0]], [[-0.9242583513259888, 0.3817446827888489, -0.004183297976851463, 1.0145416259765625], [-0.0001684107701294124, -0.011365402489900589, -0.9999353885650635, 1.5478038787841797], [-0.3817675709724426, -0.9241979718208313, 0.010568859055638313, -0.10205078125], [0.0, 0.0, 0.0, 1.0]]], "view": [[0.0, -2.0, 100.0], [-2.0, 0.0, 100.0], [0.0, 0.0, 1.0]], "bev": "bev_2a9951938c554f56884ec7a32e11448c.png", "aux": "aux_2a9951938c554f56884ec7a32e11448c.npz", "visibility": "visibility_2a9951938c554f56884ec7a32e11448c.png", "pose": [[-0.8502306342124939, -0.5264103412628174, 0.0, 1893.8118896484375], [0.5264103412628174, -0.8502306342124939, 0.0, 1073.0755615234375], [0.0, 0.0, 1.0, 0.0], [0.0, 0.0, 0.0, 1.0]], "pose_inverse": [[-0.8502306342124939, 0.5264103412628174, 0.0, 1045.298828125], [-0.5264103412628174, -0.8502306342124939, 0.0, 1909.283935546875], [0.0, 0.0, 1.0, 0.0], [0.0, 0.0, 0.0, 1.0]], "cam_ids": [0, 1, 2, 3, 4, 5], "cam_channels": ["CAM_FRONT_LEFT", "CAM_FRONT", "CAM_FRONT_RIGHT", "CAM_BACK_LEFT", "CAM_BACK", "CAM_BACK_RIGHT"], "token": "2a9951938c554f56884ec7a32e11448c", "scene": "scene-0070"}, {"images": ["samples/CAM_FRONT_LEFT/n008-2018-08-01-15-52-19-0400__CAM_FRONT_LEFT__1533153517754799.jpg", "samples/CAM_FRONT/n008-2018-08-01-15-52-19-0400__CAM_FRONT__1533153517762404.jpg", "samples/CAM_FRONT_RIGHT/n008-2018-08-01-15-52-19-0400__CAM_FRONT_RIGHT__1533153517770482.jpg", "samples/CAM_BACK_LEFT/n008-2018-08-01-15-52-19-0400__CAM_BACK_LEFT__1533153517797405.jpg", "samples/CAM_BACK/n008-2018-08-01-15-52-19-0400__CAM_BACK__1533153517787558.jpg", "samples/CAM_BACK_RIGHT/n008-2018-08-01-15-52-19-0400__CAM_BACK_RIGHT__1533153517778113.jpg"], "intrinsics": [[[1257.8625342125129, 0.0, 827.2410631095686], [0.0, 1257.8625342125129, 450.915498205774], [0.0, 0.0, 1.0]], [[1252.8131021185304, 0.0, 826.588114781398], [0.0, 1252.8131021185304, 469.9846626224581], [0.0, 0.0, 1.0]], [[1256.7485116440405, 0.0, 817.7887570959712], [0.0, 1256.7485116440403, 451.9541780095127], [0.0, 0.0, 1.0]], [[1254.9860565800168, 0.0, 829.5769333630991], [0.0, 1254.9860565800168, 467.1680561863987], [0.0, 0.0, 1.0]], [[796.8910634503094, 0.0, 857.7774326863696], [0.0, 796.8910634503094, 476.8848988407415], [0.0, 0.0, 1.0]], [[1249.9629280788233, 0.0, 825.3768045375984], [0.0, 1249.9629280788233, 462.54816385708756], [0.0, 0.0, 1.0]]], "extrinsics": [[[0.8245749473571777, -0.5657361149787903, -0.004348891321569681, -0.72052001953125], [0.00781199149787426, 0.019071683287620544, -0.9997875690460205, 1.490936279296875], [0.5656988620758057, 0.8243657946586609, 0.020145555958151817, -1.140625], [0.0, 0.0, 0.0, 1.0]], [[0.01320434920489788, -0.9998005032539368, -0.01498599722981453, 0.0111083984375], [0.009868094697594643, 0.015116872265934944, -0.9998370409011841, 1.4829254150390625], [0.9998640418052673, 0.013054280541837215, 0.010065734386444092, -1.4521484375], [0.0, 0.0, 0.0, 1.0]], [[-0.8427428007125854, -0.5379915237426758, -0.018700793385505676, 0.9078369140625], [0.0179903581738472, 0.0065728118643164635, -0.9998165369033813, 1.4969825744628906], [0.5380156636238098, -0.8429246544837952, 0.004139469470828772, -1.1590576171875], [0.0, 0.0, 0.0, 1.0]], [[0.9478824138641357, 0.3186199367046356, 0.0005065992590971291, -1.141357421875], [-0.006860522553324699, 0.021999351680278778, -0.9997344613075256, 1.5620307922363281], [-0.3185465931892395, 0.9476272463798523, 0.023038698360323906, -0.1568603515625], [0.0, 0.0, 0.0, 1.0]], [[0.008361512795090675, 0.9998621344566345, 0.014345590956509113, -0.02880859375], [-0.00499194348230958, 0.014387652277946472, -0.9998840093612671, 1.5676460266113281], [-0.9999526143074036, 0.008288918063044548, 0.005111556965857744, -0.0369873046875], [0.0, 0.0, 0.0, 1.0]], [[-0.92435222864151, 0.3815328776836395, -0.0023357027675956488, 1.0153045654296875], [-0.0009540040045976639, -0.008432967588305473, -0.9999639391899109, 1.5476703643798828], [-0.38153886795043945, -0.9243167638778687, 0.008159016259014606, -0.102294921875], [0.0, 0.0, 0.0, 1.0]]], "view": [[0.0, -2.0, 100.0], [-2.0, 0.0, 100.0], [0.0, 0.0, 1.0]], "bev": "bev_dd2a7d0d03ae41d8b253063ac65b352b.png", "aux": "aux_dd2a7d0d03ae41d8b253063ac65b352b.npz", "visibility": "visibility_dd2a7d0d03ae41d8b253063ac65b352b.png", "pose": [[-0.8326910138130188, -0.5537378787994385, 0.0, 1890.410400390625], [0.5537378787994385, -0.8326910138130188, 0.0, 1075.2796630859375], [0.0, 0.0, 1.0, 0.0], [0.0, 0.0, 0.0, 1.0]], "pose_inverse": [[-0.8326910138130188, 0.5537378787994385, 0.0, 978.7047119140625], [-0.5537378787994385, -0.8326910138130188, 0.0, 1942.1676025390625], [0.0, 0.0, 1.0, 0.0], [0.0, 0.0, 0.0, 1.0]], "cam_ids": [0, 1, 2, 3, 4, 5], "cam_channels": ["CAM_FRONT_LEFT", "CAM_FRONT", "CAM_FRONT_RIGHT", "CAM_BACK_LEFT", "CAM_BACK", "CAM_BACK_RIGHT"], "token": "dd2a7d0d03ae41d8b253063ac65b352b", "scene": "scene-0070"}, {"images": ["samples/CAM_FRONT_LEFT/n008-2018-08-01-15-52-19-0400__CAM_FRONT_LEFT__1533153518254799.jpg", "samples/CAM_FRONT/n008-2018-08-01-15-52-19-0400__CAM_FRONT__1533153518262404.jpg", "samples/CAM_FRONT_RIGHT/n008-2018-08-01-15-52-19-0400__CAM_FRONT_RIGHT__1533153518270482.jpg", "samples/CAM_BACK_LEFT/n008-2018-08-01-15-52-19-0400__CAM_BACK_LEFT__1533153518297405.jpg", "samples/CAM_BACK/n008-2018-08-01-15-52-19-0400__CAM_BACK__1533153518287558.jpg", "samples/CAM_BACK_RIGHT/n008-2018-08-01-15-52-19-0400__CAM_BACK_RIGHT__1533153518278113.jpg"], "intrinsics": [[[1257.8625342125129, 0.0, 827.2410631095686], [0.0, 1257.8625342125129, 450.915498205774], [0.0, 0.0, 1.0]], [[1252.8131021185304, 0.0, 826.588114781398], [0.0, 1252.8131021185304, 469.9846626224581], [0.0, 0.0, 1.0]], [[1256.7485116440405, 0.0, 817.7887570959712], [0.0, 1256.7485116440403, 451.9541780095127], [0.0, 0.0, 1.0]], [[1254.9860565800168, 0.0, 829.5769333630991], [0.0, 1254.9860565800168, 467.1680561863987], [0.0, 0.0, 1.0]], [[796.8910634503094, 0.0, 857.7774326863696], [0.0, 796.8910634503094, 476.8848988407415], [0.0, 0.0, 1.0]], [[1249.9629280788233, 0.0, 825.3768045375984], [0.0, 1249.9629280788233, 462.54816385708756], [0.0, 0.0, 1.0]]], "extrinsics": [[[0.825377881526947, -0.5645614862442017, -0.004643851891160011, -0.718536376953125], [0.009641099721193314, 0.022318262606859207, -0.9997044205665588, 1.4915962219238281], [0.564498245716095, 0.8250892162322998, 0.02386399544775486, -1.13916015625], [0.0, 0.0, 0.0, 1.0]], [[0.014411387033760548, -0.999734103679657, -0.017996350303292274, 0.0107421875], [0.01155632734298706, 0.01816355064511299, -0.9997682571411133, 1.483428955078125], [0.9998293519020081, 0.014200105331838131, 0.011815018951892853, -1.45025634765625], [0.0, 0.0, 0.0, 1.0]], [[-0.8422210216522217, -0.5386992692947388, -0.021601485088467598, 0.906494140625], [0.019596921280026436, 0.009451339021325111, -0.9997632503509521, 1.4973602294921875], [0.5387759804725647, -0.8424450755119324, 0.0025967308320105076, -1.15869140625], [0.0, 0.0, 0.0, 1.0]], [[0.9478011131286621, 0.31885552406311035, 0.0020309784449636936, -1.1431884765625], [-0.006063402630388737, 0.02439109981060028, -0.9996841549873352, 1.5620307922363281], [-0.3188043236732483, 0.9474894404411316, 0.025051262229681015, -0.1566162109375], [0.0, 0.0, 0.0, 1.0]], [[0.007939830422401428, 0.9998251795768738, 0.01692691072821617, -0.028564453125], [-0.003802212653681636, 0.01695750653743744, -0.9998489618301392, 1.5677471160888672], [-0.999961256980896, 0.007874351926147938, 0.003936186898499727, -0.03662109375], [0.0, 0.0, 0.0, 1.0]], [[-0.9245959520339966, 0.38093990087509155, -0.002658937592059374, 1.0148506164550781], [0.0005297551397234201, -0.005694033578038216, -0.9999836683273315, 1.5479011535644531], [-0.3809487819671631, -0.9245822429656982, 0.005062875337898731, -0.10302734375], [0.0, 0.0, 0.0, 1.0]]], "view": [[0.0, -2.0, 100.0], [-2.0, 0.0, 100.0], [0.0, 0.0, 1.0]], "bev": "bev_68316c596bf8486589c60a6663bfb55d.png", "aux": "aux_68316c596bf8486589c60a6663bfb55d.npz", "visibility": "visibility_68316c596bf8486589c60a6663bfb55d.png", "pose": [[-0.8053497672080994, -0.5927999019622803, 0.0, 1887.169921875], [0.5927999019622803, -0.8053497672080994, 0.0, 1077.5806884765625], [0.0, 0.0, 1.0, 0.0], [0.0, 0.0, 0.0, 1.0]], "pose_inverse": [[-0.8053497672080994, 0.5927999019622803, 0.0, 881.0421752929688], [-0.5927999019622803, -0.8053497672080994, 0.0, 1986.54345703125], [0.0, 0.0, 1.0, 0.0], [0.0, 0.0, 0.0, 1.0]], "cam_ids": [0, 1, 2, 3, 4, 5], "cam_channels": ["CAM_FRONT_LEFT", "CAM_FRONT", "CAM_FRONT_RIGHT", "CAM_BACK_LEFT", "CAM_BACK", "CAM_BACK_RIGHT"], "token": "68316c596bf8486589c60a6663bfb55d", "scene": "scene-0070"}, {"images": ["samples/CAM_FRONT_LEFT/n008-2018-08-01-15-52-19-0400__CAM_FRONT_LEFT__1533153518754799.jpg", "samples/CAM_FRONT/n008-2018-08-01-15-52-19-0400__CAM_FRONT__1533153518762404.jpg", "samples/CAM_FRONT_RIGHT/n008-2018-08-01-15-52-19-0400__CAM_FRONT_RIGHT__1533153518770482.jpg", "samples/CAM_BACK_LEFT/n008-2018-08-01-15-52-19-0400__CAM_BACK_LEFT__1533153518797405.jpg", "samples/CAM_BACK/n008-2018-08-01-15-52-19-0400__CAM_BACK__1533153518787558.jpg", "samples/CAM_BACK_RIGHT/n008-2018-08-01-15-52-19-0400__CAM_BACK_RIGHT__1533153518778113.jpg"], "intrinsics": [[[1257.8625342125129, 0.0, 827.2410631095686], [0.0, 1257.8625342125129, 450.915498205774], [0.0, 0.0, 1.0]], [[1252.8131021185304, 0.0, 826.588114781398], [0.0, 1252.8131021185304, 469.9846626224581], [0.0, 0.0, 1.0]], [[1256.7485116440405, 0.0, 817.7887570959712], [0.0, 1256.7485116440403, 451.9541780095127], [0.0, 0.0, 1.0]], [[1254.9860565800168, 0.0, 829.5769333630991], [0.0, 1254.9860565800168, 467.1680561863987], [0.0, 0.0, 1.0]], [[796.8910634503094, 0.0, 857.7774326863696], [0.0, 796.8910634503094, 476.8848988407415], [0.0, 0.0, 1.0]], [[1249.9629280788233, 0.0, 825.3768045375984], [0.0, 1249.9629280788233, 462.54816385708756], [0.0, 0.0, 1.0]]], "extrinsics": [[[0.8256644010543823, -0.564139187335968, -0.005030269268900156, -0.71435546875], [0.006426734384149313, 0.018321091309189796, -0.9998114705085754, 1.49053955078125], [0.564125120639801, 0.8254764676094055, 0.01875264383852482, -1.135498046875], [0.0, 0.0, 0.0, 1.0]], [[0.014788380824029446, -0.9997918009757996, -0.014057200402021408, 0.010498046875], [0.008489472791552544, 0.014183778315782547, -0.9998633861541748, 1.48260498046875], [0.9998546838760376, 0.01466698944568634, 0.00869746133685112, -1.445556640625], [0.0, 0.0, 0.0, 1.0]], [[-0.8421041369438171, -0.5390499830245972, -0.016899986192584038, 0.9034423828125], [0.016557825729250908, 0.005480011459439993, -0.9998478889465332, 1.4967517852783203], [0.539060652256012, -0.8422559499740601, 0.0043107555247843266, -1.1571044921875], [0.0, 0.0, 0.0, 1.0]], [[0.9477303624153137, 0.31906571984291077, -0.002071260940283537, -1.14208984375], [-0.009053119458258152, 0.020400723442435265, -0.9997509121894836, 1.5620040893554688], [-0.31894397735595703, 0.9475130438804626, 0.02222292311489582, -0.15771484375], [0.0, 0.0, 0.0, 1.0]], [[0.007791056297719479, 0.9998868703842163, 0.012868180871009827, -0.028564453125], [-0.0069153765216469765, 0.012922138907015324, -0.9998925924301147, 1.5674858093261719], [-0.9999457001686096, 0.0077012162655591965, 0.007015270181000233, -0.03802490234375], [0.0, 0.0, 0.0, 1.0]], [[-0.9246905446052551, 0.3807169198989868, -0.0013756414409726858, 1.0128326416015625], [-0.00251066405326128, -0.00971104484051466, -0.9999496936798096, 1.547414779663086], [-0.38071107864379883, -0.9246406555175781, 0.009935565292835236, -0.10400390625], [0.0, 0.0, 0.0, 1.0]]], "view": [[0.0, -2.0, 100.0], [-2.0, 0.0, 100.0], [0.0, 0.0, 1.0]], "bev": "bev_ae6d24f1fa4f495da1d07b8c25b8f06f.png", "aux": "aux_ae6d24f1fa4f495da1d07b8c25b8f06f.npz", "visibility": "visibility_ae6d24f1fa4f495da1d07b8c25b8f06f.png", "pose": [[-0.7687175869941711, -0.6395883560180664, 0.0, 1883.9739990234375], [0.6395883560180664, -0.7687175869941711, 0.0, 1080.116943359375], [0.0, 0.0, 1.0, 0.0], [0.0, 0.0, 0.0, 1.0]], "pose_inverse": [[-0.7687175869941711, 0.6395883560180664, 0.0, 757.413818359375], [-0.6395883560180664, -0.7687175869941711, 0.0, 2035.272705078125], [0.0, 0.0, 1.0, 0.0], [0.0, 0.0, 0.0, 1.0]], "cam_ids": [0, 1, 2, 3, 4, 5], "cam_channels": ["CAM_FRONT_LEFT", "CAM_FRONT", "CAM_FRONT_RIGHT", "CAM_BACK_LEFT", "CAM_BACK", "CAM_BACK_RIGHT"], "token": "ae6d24f1fa4f495da1d07b8c25b8f06f", "scene": "scene-0070"}, {"images": ["samples/CAM_FRONT_LEFT/n008-2018-08-01-15-52-19-0400__CAM_FRONT_LEFT__1533153519154799.jpg", "samples/CAM_FRONT/n008-2018-08-01-15-52-19-0400__CAM_FRONT__1533153519162930.jpg", "samples/CAM_FRONT_RIGHT/n008-2018-08-01-15-52-19-0400__CAM_FRONT_RIGHT__1533153519170482.jpg", "samples/CAM_BACK_LEFT/n008-2018-08-01-15-52-19-0400__CAM_BACK_LEFT__1533153519197405.jpg", "samples/CAM_BACK/n008-2018-08-01-15-52-19-0400__CAM_BACK__1533153519187558.jpg", "samples/CAM_BACK_RIGHT/n008-2018-08-01-15-52-19-0400__CAM_BACK_RIGHT__1533153519178113.jpg"], "intrinsics": [[[1257.8625342125129, 0.0, 827.2410631095686], [0.0, 1257.8625342125129, 450.915498205774], [0.0, 0.0, 1.0]], [[1252.8131021185304, 0.0, 826.588114781398], [0.0, 1252.8131021185304, 469.9846626224581], [0.0, 0.0, 1.0]], [[1256.7485116440405, 0.0, 817.7887570959712], [0.0, 1256.7485116440403, 451.9541780095127], [0.0, 0.0, 1.0]], [[1254.9860565800168, 0.0, 829.5769333630991], [0.0, 1254.9860565800168, 467.1680561863987], [0.0, 0.0, 1.0]], [[796.8910634503094, 0.0, 857.7774326863696], [0.0, 796.8910634503094, 476.8848988407415], [0.0, 0.0, 1.0]], [[1249.9629280788233, 0.0, 825.3768045375984], [0.0, 1249.9629280788233, 462.54816385708756], [0.0, 0.0, 1.0]]], "extrinsics": [[[0.8255794644355774, -0.5642504692077637, -0.006329311523586512, -0.705322265625], [0.00400200393050909, 0.017070984467864037, -0.9998462796211243, 1.4897308349609375], [0.5642718076705933, 0.8254271745681763, 0.01635158434510231, -1.129150390625], [0.0, 0.0, 0.0, 1.0]], [[0.014532736502587795, -0.9998114109039307, -0.012881351634860039, 0.01025390625], [0.006069711875170469, 0.012970685958862305, -0.9998974800109863, 1.4819412231445312], [0.9998758435249329, 0.014452989213168621, 0.006257066503167152, -1.44036865234375], [0.0, 0.0, 0.0, 1.0]], [[-0.8422054052352905, -0.5389694571495056, -0.014204629696905613, 0.8966064453125], [0.014112730510532856, 0.004299433436244726, -0.9998911619186401, 1.4963264465332031], [0.5389719605445862, -0.8423143029212952, 0.00398532347753644, -1.1529541015625], [0.0, 0.0, 0.0, 1.0]], [[0.9478671550750732, 0.3186362087726593, -0.004335825797170401, -1.1402587890625], [-0.011143026873469353, 0.019543858245015144, -0.9997469186782837, 1.5620040893554688], [-0.31847083568573, 0.9476755857467651, 0.022075554355978966, -0.1571044921875], [0.0, 0.0, 0.0, 1.0]], [[0.007989855483174324, 0.9998977780342102, 0.011852303519845009, -0.028076171875], [-0.00903568509966135, 0.011924388818442822, -0.9998880624771118, 1.5672798156738281], [-0.9999272227287292, 0.007881912402808666, 0.00913003645837307, -0.04217529296875], [0.0, 0.0, 0.0, 1.0]], [[-0.9246645569801331, 0.3807823956012726, 0.000356708507752046, 1.0068206787109375], [-0.004843639675527811, -0.010825234465301037, -0.999929666519165, 1.5470085144042969], [-0.38075169920921326, -0.9246012568473816, 0.011854085139930248, -0.106689453125], [0.0, 0.0, 0.0, 1.0]]], "view": [[0.0, -2.0, 100.0], [-2.0, 0.0, 100.0], [0.0, 0.0, 1.0]], "bev": "bev_044272282fe147918ba8422210de35bd.png", "aux": "aux_044272282fe147918ba8422210de35bd.npz", "visibility": "visibility_044272282fe147918ba8422210de35bd.png", "pose": [[-0.734343945980072, -0.6787775158882141, 0.0, 1881.4891357421875], [0.6787775158882141, -0.734343945980072, 0.0, 1082.318359375], [0.0, 0.0, 1.0, 0.0], [0.0, 0.0, 0.0, 1.0]], "pose_inverse": [[-0.734343945980072, 0.6787775158882141, 0.0, 647.0067749023438], [-0.6787775158882141, -0.734343945980072, 0.0, 2071.906494140625], [0.0, 0.0, 1.0, 0.0], [0.0, 0.0, 0.0, 1.0]], "cam_ids": [0, 1, 2, 3, 4, 5], "cam_channels": ["CAM_FRONT_LEFT", "CAM_FRONT", "CAM_FRONT_RIGHT", "CAM_BACK_LEFT", "CAM_BACK", "CAM_BACK_RIGHT"], "token": "044272282fe147918ba8422210de35bd", "scene": "scene-0070"}, {"images": ["samples/CAM_FRONT_LEFT/n008-2018-08-01-15-52-19-0400__CAM_FRONT_LEFT__1533153519654799.jpg", "samples/CAM_FRONT/n008-2018-08-01-15-52-19-0400__CAM_FRONT__1533153519662416.jpg", "samples/CAM_FRONT_RIGHT/n008-2018-08-01-15-52-19-0400__CAM_FRONT_RIGHT__1533153519670482.jpg", "samples/CAM_BACK_LEFT/n008-2018-08-01-15-52-19-0400__CAM_BACK_LEFT__1533153519697405.jpg", "samples/CAM_BACK/n008-2018-08-01-15-52-19-0400__CAM_BACK__1533153519687558.jpg", "samples/CAM_BACK_RIGHT/n008-2018-08-01-15-52-19-0400__CAM_BACK_RIGHT__1533153519678113.jpg"], "intrinsics": [[[1257.8625342125129, 0.0, 827.2410631095686], [0.0, 1257.8625342125129, 450.915498205774], [0.0, 0.0, 1.0]], [[1252.8131021185304, 0.0, 826.588114781398], [0.0, 1252.8131021185304, 469.9846626224581], [0.0, 0.0, 1.0]], [[1256.7485116440405, 0.0, 817.7887570959712], [0.0, 1256.7485116440403, 451.9541780095127], [0.0, 0.0, 1.0]], [[1254.9860565800168, 0.0, 829.5769333630991], [0.0, 1254.9860565800168, 467.1680561863987], [0.0, 0.0, 1.0]], [[796.8910634503094, 0.0, 857.7774326863696], [0.0, 796.8910634503094, 476.8848988407415], [0.0, 0.0, 1.0]], [[1249.9629280788233, 0.0, 825.3768045375984], [0.0, 1249.9629280788233, 462.54816385708756], [0.0, 0.0, 1.0]]], "extrinsics": [[[0.8257050514221191, -0.5640744566917419, -0.005590258166193962, -0.71148681640625], [0.006244114134460688, 0.019048787653446198, -0.9997990727424622, 1.4905624389648438], [0.564067542552948, 0.8255042433738708, 0.01925082504749298, -1.130615234375], [0.0, 0.0, 0.0, 1.0]], [[0.014834386296570301, -0.9997789263725281, -0.014895457774400711, 0.00830078125], [0.008162416517734528, 0.015017685480415821, -0.9998539090156555, 1.482574462890625], [0.9998566508293152, 0.014710713177919388, 0.008383390493690968, -1.4422607421875], [0.0, 0.0, 0.0, 1.0]], [[-0.8420948386192322, -0.5390585064888, -0.017090655863285065, 0.9007568359375], [0.016157811507582664, 0.006458777468651533, -0.9998485445976257, 1.4967079162597656], [0.5390872955322266, -0.8422435522079468, 0.003271101275458932, -1.1573486328125], [0.0, 0.0, 0.0, 1.0]], [[0.9478851556777954, 0.3186061382293701, -0.0019719195552170277, -1.1461181640625], [-0.009352569468319416, 0.021637337282299995, -0.9997221231460571, 1.5620841979980469], [-0.3184749484062195, 0.9476401805877686, 0.023489493876695633, -0.154296875], [0.0, 0.0, 0.0, 1.0]], [[0.007953409105539322, 0.9998697638511658, 0.014040352776646614, -0.027587890625], [-0.0071573406457901, 0.014097358100116253, -0.9998749494552612, 1.567495346069336], [-0.9999428391456604, 0.007851926609873772, 0.007268531247973442, -0.036224365234375], [0.0, 0.0, 0.0, 1.0]], [[-0.9246942400932312, 0.3807099163532257, -0.0006392400246113539, 1.012847900390625], [-0.0028613710310310125, -0.008628898300230503, -0.9999586343765259, 1.5473461151123047], [-0.3806997537612915, -0.9246542453765869, 0.009068445302546024, -0.10546875], [0.0, 0.0, 0.0, 1.0]]], "view": [[0.0, -2.0, 100.0], [-2.0, 0.0, 100.0], [0.0, 0.0, 1.0]], "bev": "bev_df1322915fd545e391a31d837f092a21.png", "aux": "aux_df1322915fd545e391a31d837f092a21.npz", "visibility": "visibility_df1322915fd545e391a31d837f092a21.png", "pose": [[-0.6874831318855286, -0.7262003421783447, 0.0, 1878.50048828125], [0.7262003421783447, -0.6874831318855286, 0.0, 1085.2987060546875], [0.0, 0.0, 1.0, 0.0], [0.0, 0.0, 0.0, 1.0]], "pose_inverse": [[-0.6874831318855286, 0.7262003421783447, 0.0, 503.2931823730469], [-0.7262003421783447, -0.6874831318855286, 0.0, 2110.292236328125], [0.0, 0.0, 1.0, 0.0], [0.0, 0.0, 0.0, 1.0]], "cam_ids": [0, 1, 2, 3, 4, 5], "cam_channels": ["CAM_FRONT_LEFT", "CAM_FRONT", "CAM_FRONT_RIGHT", "CAM_BACK_LEFT", "CAM_BACK", "CAM_BACK_RIGHT"], "token": "df1322915fd545e391a31d837f092a21", "scene": "scene-0070"}, {"images": ["samples/CAM_FRONT_LEFT/n008-2018-08-01-15-52-19-0400__CAM_FRONT_LEFT__1533153520154799.jpg", "samples/CAM_FRONT/n008-2018-08-01-15-52-19-0400__CAM_FRONT__1533153520162404.jpg", "samples/CAM_FRONT_RIGHT/n008-2018-08-01-15-52-19-0400__CAM_FRONT_RIGHT__1533153520170482.jpg", "samples/CAM_BACK_LEFT/n008-2018-08-01-15-52-19-0400__CAM_BACK_LEFT__1533153520197405.jpg", "samples/CAM_BACK/n008-2018-08-01-15-52-19-0400__CAM_BACK__1533153520187558.jpg", "samples/CAM_BACK_RIGHT/n008-2018-08-01-15-52-19-0400__CAM_BACK_RIGHT__1533153520178113.jpg"], "intrinsics": [[[1257.8625342125129, 0.0, 827.2410631095686], [0.0, 1257.8625342125129, 450.915498205774], [0.0, 0.0, 1.0]], [[1252.8131021185304, 0.0, 826.588114781398], [0.0, 1252.8131021185304, 469.9846626224581], [0.0, 0.0, 1.0]], [[1256.7485116440405, 0.0, 817.7887570959712], [0.0, 1256.7485116440403, 451.9541780095127], [0.0, 0.0, 1.0]], [[1254.9860565800168, 0.0, 829.5769333630991], [0.0, 1254.9860565800168, 467.1680561863987], [0.0, 0.0, 1.0]], [[796.8910634503094, 0.0, 857.7774326863696], [0.0, 796.8910634503094, 476.8848988407415], [0.0, 0.0, 1.0]], [[1249.9629280788233, 0.0, 825.3768045375984], [0.0, 1249.9629280788233, 462.54816385708756], [0.0, 0.0, 1.0]]], "extrinsics": [[[0.8253018856048584, -0.5646759271621704, -0.004233056679368019, -0.69915771484375], [0.009060503914952278, 0.02073689177632332, -0.9997438788414001, 1.4916114807128906], [0.5646190643310547, 0.8250521421432495, 0.022230442613363266, -1.125732421875], [0.0, 0.0, 0.0, 1.0]], [[0.014252784661948681, -0.9997636675834656, -0.016415858641266823, 0.01123046875], [0.011146052740514278, 0.016575362533330917, -0.9998005032539368, 1.4835205078125], [0.9998363256454468, 0.014067026786506176, 0.011379662901163101, -1.43157958984375], [0.0, 0.0, 0.0, 1.0]], [[-0.8423014283180237, -0.5386195778846741, -0.020424610003829002, 0.8953857421875], [0.019229887053370476, 0.00784012209624052, -0.9997843503952026, 1.4975299835205078], [0.5386635661125183, -0.8425126075744629, 0.0037538474425673485, -1.1512451171875], [0.0, 0.0, 0.0, 1.0]], [[0.9478893876075745, 0.3185959756374359, 0.0015701715601608157, -1.1468505859375], [-0.005999335553497076, 0.022776314988732338, -0.9997225999832153, 1.56207275390625], [-0.318543404340744, 0.9476168751716614, 0.02350078895688057, -0.154541015625], [0.0, 0.0, 0.0, 1.0]], [[0.00809262041002512, 0.9998506903648376, 0.015268961898982525, -0.0283203125], [-0.003900534473359585, 0.01530090905725956, -0.9998753070831299, 1.5677318572998047], [-0.9999597072601318, 0.008031973615288734, 0.