[{"images": ["samples/CAM_FRONT_LEFT/n015-2018-11-21-19-38-26+0800__CAM_FRONT_LEFT__1542800547904844.jpg", "samples/CAM_FRONT/n015-2018-11-21-19-38-26+0800__CAM_FRONT__1542800547912460.jpg", "samples/CAM_FRONT_RIGHT/n015-2018-11-21-19-38-26+0800__CAM_FRONT_RIGHT__1542800547920339.jpg", "samples/CAM_BACK_LEFT/n015-2018-11-21-19-38-26+0800__CAM_BACK_LEFT__1542800547947423.jpg", "samples/CAM_BACK/n015-2018-11-21-19-38-26+0800__CAM_BACK__1542800547937525.jpg", "samples/CAM_BACK_RIGHT/n015-2018-11-21-19-38-26+0800__CAM_BACK_RIGHT__1542800547927893.jpg"], "intrinsics": [[[1272.5979470598488, 0.0, 826.6154927353808], [0.0, 1272.5979470598488, 479.75165386361925], [0.0, 0.0, 1.0]], [[1266.417203046554, 0.0, 816.2670197447984], [0.0, 1266.417203046554, 491.50706579294757], [0.0, 0.0, 1.0]], [[1260.8474446004698, 0.0, 807.968244525554], [0.0, 1260.8474446004698, 495.3344268742088], [0.0, 0.0, 1.0]], [[1256.7414812095406, 0.0, 792.1125740759628], [0.0, 1256.7414812095406, 492.7757465151356], [0.0, 0.0, 1.0]], [[809.2209905677063, 0.0, 829.2196003259838], [0.0, 809.2209905677063, 481.77842384512485], [0.0, 0.0, 1.0]], [[1259.5137405846733, 0.0, 807.2529053838625], [0.0, 1259.5137405846733, 501.19579884916527], [0.0, 0.0, 1.0]]], "extrinsics": [[[0.822637140750885, -0.5684264302253723, -0.012627795338630676, -0.6146240234375], [-0.014736971817910671, 0.0008853187900967896, -0.9998910427093506, 1.5019874572753906], [0.5683756470680237, 0.8227336406707764, -0.0076485867612063885, -1.0401458740234375], [0.0, 0.0, 0.0, 1.0]], [[0.008611230179667473, -0.9999593496322632, 0.0026654477696865797, 0.0093994140625], [-0.020276019349694252, -0.0028396062552928925, -0.999790370464325, 1.5134353637695312], [0.9997573494911194, 0.00855538435280323, -0.020299647003412247, -1.34228515625], [0.0, 0.0, 0.0, 1.0]], [[-0.8316985368728638, -0.5552112460136414, 0.004248593468219042, 0.8057861328125], [-0.01495502982288599, 0.014751899056136608, -0.9997792840003967, 1.4995384216308594], [0.5550259947776794, -0.8315785527229309, -0.02057233266532421, -1.095947265625], [0.0, 0.0, 0.0, 1.0]], [[0.9476817846298218, 0.3190140724182129, -0.011366581544280052, -1.133544921875], [-0.007050155662000179, -0.014682013541460037, -0.99986732006073, 1.5884919166564941], [-0.31913861632347107, 0.9476362466812134, -0.011664777994155884, -0.106689453125], [0.0, 0.0, 0.0, 1.0]], [[0.0014626731863245368, 0.9999863505363464, -0.005011518951505423, 0.00244140625], [-0.032204534858465195, -0.004961820784956217, -0.999468982219696, 1.5759658813476562], [-0.9994801878929138, 0.0016232940834015608, 0.032196834683418274, -0.1036376953125], [0.0, 0.0, 0.0, 1.0]], [[-0.9354361295700073, 0.35348376631736755, 0.0029208697378635406, 0.9495849609375], [0.0006888440111652017, 0.010085581801831722, -0.9999489188194275, 1.5515756607055664], [-0.3534950911998749, -0.9353863596916199, -0.00967791210860014, -0.13323974609375], [0.0, 0.0, 0.0, 1.0]]], "view": [[0.0, -2.0, 100.0], [-2.0, 0.0, 100.0], [0.0, 0.0, 1.0]], "bev": "bev_84eb336ce2dc4332aa7e966d1a751b7a.png", "aux": "aux_84eb336ce2dc4332aa7e966d1a751b7a.npz", "visibility": "visibility_84eb336ce2dc4332aa7e966d1a751b7a.png", "pose": [[-0.19964121282100677, 0.9798690676689148, 0.0, 1529.9371337890625], [-0.9798690676689148, -0.19964121282100677, 0.0, 1260.961181640625], [0.0, 0.0, 1.0, 0.0], [0.0, 0.0, 0.0, 1.0]], "pose_inverse": [[-0.19964121282100677, -0.9798690676689148, 0.0, 1541.015380859375], [0.9798690676689148, -0.19964121282100677, 0.0, -1247.398193359375], [0.0, 0.0, 1.0, 0.0], [0.0, 0.0, 0.0, 1.0]], "cam_ids": [0, 1, 2, 3, 4, 5], "cam_channels": ["CAM_FRONT_LEFT", "CAM_FRONT", "CAM_FRONT_RIGHT", "CAM_BACK_LEFT", "CAM_BACK", "CAM_BACK_RIGHT"], "token": "84eb336ce2dc4332aa7e966d1a751b7a", "scene": "scene-1085"}, {"images": ["samples/CAM_FRONT_LEFT/n015-2018-11-21-19-38-26+0800__CAM_FRONT_LEFT__1542800548404844.jpg", "samples/CAM_FRONT/n015-2018-11-21-19-38-26+0800__CAM_FRONT__1542800548412460.jpg", "samples/CAM_FRONT_RIGHT/n015-2018-11-21-19-38-26+0800__CAM_FRONT_RIGHT__1542800548420339.jpg", "samples/CAM_BACK_LEFT/n015-2018-11-21-19-38-26+0800__CAM_BACK_LEFT__1542800548447423.jpg", "samples/CAM_BACK/n015-2018-11-21-19-38-26+0800__CAM_BACK__1542800548437525.jpg", "samples/CAM_BACK_RIGHT/n015-2018-11-21-19-38-26+0800__CAM_BACK_RIGHT__1542800548427893.jpg"], "intrinsics": [[[1272.5979470598488, 0.0, 826.6154927353808], [0.0, 1272.5979470598488, 479.75165386361925], [0.0, 0.0, 1.0]], [[1266.417203046554, 0.0, 816.2670197447984], [0.0, 1266.417203046554, 491.50706579294757], [0.0, 0.0, 1.0]], [[1260.8474446004698, 0.0, 807.968244525554], [0.0, 1260.8474446004698, 495.3344268742088], [0.0, 0.0, 1.0]], [[1256.7414812095406, 0.0, 792.1125740759628], [0.0, 1256.7414812095406, 492.7757465151356], [0.0, 0.0, 1.0]], [[809.2209905677063, 0.0, 829.2196003259838], [0.0, 809.2209905677063, 481.77842384512485], [0.0, 0.0, 1.0]], [[1259.5137405846733, 0.0, 807.2529053838625], [0.0, 1259.5137405846733, 501.19579884916527], [0.0, 0.0, 1.0]]], "extrinsics": [[[0.8222725987434387, -0.5687999725341797, -0.018293125554919243, -0.6370849609375], [-0.015897534787654877, 0.009173590689897537, -0.9998315572738647, 1.5019073486328125], [0.5688719153404236, 0.8224247694015503, -0.0014993263175711036, -1.0539321899414062], [0.0, 0.0, 0.0, 1.0]], [[0.00803761649876833, -0.9999537467956543, -0.005277716089040041, 0.008056640625], [-0.02096431329846382, 0.00510821957141161, -0.9997671842575073, 1.5136299133300781], [0.9997478723526001, 0.008146374486386776, -0.020922284573316574, -1.36328125], [0.0, 0.0, 0.0, 1.0]], [[-0.831965982913971, -0.5548266172409058, 0.0002049678296316415, 0.818115234375], [-0.015144530683755875, 0.02234002761542797, -0.9996356964111328, 1.499725341796875], [0.5546199679374695, -0.8316659927368164, -0.02698873169720173, -1.105224609375], [0.0, 0.0, 0.0, 1.0]], [[0.9477304220199585, 0.3189708888530731, -0.008043103851377964, -1.1353759765625], [-0.005746819544583559, -0.008139519952237606, -0.9999502897262573, 1.588515281677246], [-0.31902047991752625, 0.9477295875549316, -0.005881002172827721, -0.1060791015625], [0.0, 0.0, 0.0, 1.0]], [[0.0017205500043928623, 0.9999968409538269, 0.0018464287277311087, 0.002685546875], [-0.031384922564029694, 0.0018995205173268914, -0.9995055794715881, 1.5762405395507812], [-0.9995059370994568, 0.0016617430374026299, 0.03138808533549309, -0.097412109375], [0.0, 0.0, 0.0, 1.0]], [[-0.9352971315383911, 0.35382482409477234, 0.0052231187000870705, 0.9591064453125], [0.0009709813166409731, 0.01732632890343666, -0.9998493790626526, 1.5516204833984375], [-0.35386210680007935, -0.935151219367981, -0.016548821702599525, -0.12982177734375], [0.0, 0.0, 0.0, 1.0]]], "view": [[0.0, -2.0, 100.0], [-2.0, 0.0, 100.0], [0.0, 0.0, 1.0]], "bev": "bev_257117e4841b42eea0dd85e6ac70512e.png", "aux": "aux_257117e4841b42eea0dd85e6ac70512e.npz", "visibility": "visibility_257117e4841b42eea0dd85e6ac70512e.png", "pose": [[-0.2324688583612442, 0.9726038575172424, 0.0, 1528.9013671875], [-0.9726038575172424, -0.2324688583612442, 0.0, 1256.34619140625], [0.0, 0.0, 1.0, 0.0], [0.0, 0.0, 0.0, 1.0]], "pose_inverse": [[-0.2324688583612442, -0.9726038575172424, 0.0, 1577.34912109375], [0.9726038575172424, -0.2324688583612442, 0.0, -1194.9539794921875], [0.0, 0.0, 1.0, 0.0], [0.0, 0.0, 0.0, 1.0]], "cam_ids": [0, 1, 2, 3, 4, 5], "cam_channels": ["CAM_FRONT_LEFT", "CAM_FRONT", "CAM_FRONT_RIGHT", "CAM_BACK_LEFT", "CAM_BACK", "CAM_BACK_RIGHT"], "token": "257117e4841b42eea0dd85e6ac70512e", "scene": "scene-1085"}, {"images": ["samples/CAM_FRONT_LEFT/n015-2018-11-21-19-38-26+0800__CAM_FRONT_LEFT__1542800548854844.jpg", "samples/CAM_FRONT/n015-2018-11-21-19-38-26+0800__CAM_FRONT__1542800548862460.jpg", "samples/CAM_FRONT_RIGHT/n015-2018-11-21-19-38-26+0800__CAM_FRONT_RIGHT__1542800548870339.jpg", "samples/CAM_BACK_LEFT/n015-2018-11-21-19-38-26+0800__CAM_BACK_LEFT__1542800548897423.jpg", "samples/CAM_BACK/n015-2018-11-21-19-38-26+0800__CAM_BACK__1542800548887525.jpg", "samples/CAM_BACK_RIGHT/n015-2018-11-21-19-38-26+0800__CAM_BACK_RIGHT__1542800548877893.jpg"], "intrinsics": [[[1272.5979470598488, 0.0, 826.6154927353808], [0.0, 1272.5979470598488, 479.75165386361925], [0.0, 0.0, 1.0]], [[1266.417203046554, 0.0, 816.2670197447984], [0.0, 1266.417203046554, 491.50706579294757], [0.0, 0.0, 1.0]], [[1260.8474446004698, 0.0, 807.968244525554], [0.0, 1260.8474446004698, 495.3344268742088], [0.0, 0.0, 1.0]], [[1256.7414812095406, 0.0, 792.1125740759628], [0.0, 1256.7414812095406, 492.7757465151356], [0.0, 0.0, 1.0]], [[809.2209905677063, 0.0, 829.2196003259838], [0.0, 809.2209905677063, 481.77842384512485], [0.0, 0.0, 1.0]], [[1259.5137405846733, 0.0, 807.2529053838625], [0.0, 1259.5137405846733, 501.19579884916527], [0.0, 0.0, 1.0]]], "extrinsics": [[[0.8221190571784973, -0.5689066648483276, -0.02157367393374443, -0.6380615234375], [-0.01983802765607834, 0.009244549088180065, -0.9997604489326477, 1.5003738403320312], [0.5689698457717896, 0.8223501443862915, -0.0036858669482171535, -1.0575675964355469], [0.0, 0.0, 0.0, 1.0]], [[0.007995765656232834, -0.9999528527259827, -0.0055048493668437, 0.010498046875], [-0.025196921080350876, 0.005301805678755045, -0.9996684193611145, 1.5122909545898438], [0.9996505379676819, 0.008131811395287514, -0.02515333890914917, -1.3658447265625], [0.0, 0.0, 0.0, 1.0]], [[-0.8319454789161682, -0.5548445582389832, 0.003773496253415942, 0.82135009765625], [-0.01964082568883896, 0.022651921957731247, -0.999550461769104, 1.4985771179199219], [0.5545096397399902, -0.8316456079483032, -0.0297427698969841, -1.105224609375], [0.0, 0.0, 0.0, 1.0]], [[0.9476826786994934, 0.3189675807952881, -0.012538007460534573, -1.13427734375], [-0.01076009776443243, -0.007335493341088295, -0.9999151825904846, 1.5884642601013184], [-0.3190325200557709, 0.9477372765541077, -0.003519597230479121, -0.1063232421875], [0.0, 0.0, 0.0, 1.0]], [[0.0017454088665544987, 0.9999954700469971, 0.0024604713544249535, 0.0018310546875], [-0.03628799319267273, 0.002522191498428583, -0.9993382096290588, 1.5757865905761719], [-0.9993398785591125, 0.0016549855936318636, 0.03629222512245178, -0.0963134765625], [0.0, 0.0, 0.0, 1.0]], [[-0.935259997844696, 0.35382646322250366, 0.009778873063623905, 0.96142578125], [-0.0037327203899621964, 0.017766330391168594, -0.999835193157196, 1.5507259368896484], [-0.3539419174194336, -0.9351423978805542, -0.015295402146875858, -0.127838134765625], [0.0, 0.0, 0.0, 1.0]]], "view": [[0.0, -2.0, 100.0], [-2.0, 0.0, 100.0], [0.0, 0.0, 1.0]], "bev": "bev_ea20634bcfad46088199582f838e6d95.png", "aux": "aux_ea20634bcfad46088199582f838e6d95.npz", "visibility": "visibility_ea20634bcfad46088199582f838e6d95.png", "pose": [[-0.25852328538894653, 0.9660050272941589, 0.0, 1527.8751220703125], [-0.9660050272941589, -0.25852328538894653, 0.0, 1252.3731689453125], [0.0, 0.0, 1.0, 0.0], [0.0, 0.0, 0.0, 1.0]], "pose_inverse": [[-0.25852328538894653, -0.9660050272941589, 0.0, 1604.7900390625], [0.9660050272941589, -0.25852328538894653, 0.0, -1152.1673583984375], [0.0, 0.0, 1.0, 0.0], [0.0, 0.0, 0.0, 1.0]], "cam_ids": [0, 1, 2, 3, 4, 5], "cam_channels": ["CAM_FRONT_LEFT", "CAM_FRONT", "CAM_FRONT_RIGHT", "CAM_BACK_LEFT", "CAM_BACK", "CAM_BACK_RIGHT"], "token": "ea20634bcfad46088199582f838e6d95", "scene": "scene-1085"}, {"images": ["samples/CAM_FRONT_LEFT/n015-2018-11-21-19-38-26+0800__CAM_FRONT_LEFT__1542800549354844.jpg", "samples/CAM_FRONT/n015-2018-11-21-19-38-26+0800__CAM_FRONT__1542800549362460.jpg", "samples/CAM_FRONT_RIGHT/n015-2018-11-21-19-38-26+0800__CAM_FRONT_RIGHT__1542800549370339.jpg", "samples/CAM_BACK_LEFT/n015-2018-11-21-19-38-26+0800__CAM_BACK_LEFT__1542800549397423.jpg", "samples/CAM_BACK/n015-2018-11-21-19-38-26+0800__CAM_BACK__1542800549387525.jpg", "samples/CAM_BACK_RIGHT/n015-2018-11-21-19-38-26+0800__CAM_BACK_RIGHT__1542800549377893.jpg"], "intrinsics": [[[1272.5979470598488, 0.0, 826.6154927353808], [0.0, 1272.5979470598488, 479.75165386361925], [0.0, 0.0, 1.0]], [[1266.417203046554, 0.0, 816.2670197447984], [0.0, 1266.417203046554, 491.50706579294757], [0.0, 0.0, 1.0]], [[1260.8474446004698, 0.0, 807.968244525554], [0.0, 1260.8474446004698, 495.3344268742088], [0.0, 0.0, 1.0]], [[1256.7414812095406, 0.0, 792.1125740759628], [0.0, 1256.7414812095406, 492.7757465151356], [0.0, 0.0, 1.0]], [[809.2209905677063, 0.0, 829.2196003259838], [0.0, 809.2209905677063, 481.77842384512485], [0.0, 0.0, 1.0]], [[1259.5137405846733, 0.0, 807.2529053838625], [0.0, 1259.5137405846733, 501.19579884916527], [0.0, 0.0, 1.0]]], "extrinsics": [[[0.8218213319778442, -0.5694727897644043, -0.01762045919895172, -0.67724609375], [-0.011035052128136158, 0.015011360868811607, -0.9998264312744141, 1.5043983459472656], [0.5696384310722351, 0.821873128414154, 0.006052494049072266, -1.07861328125], [0.0, 0.0, 0.0, 1.0]], [[0.007279247045516968, -0.9999101758003235, -0.011254590936005116, 0.005615234375], [-0.016577646136283875, 0.011132675223052502, -0.9998006820678711, 1.5157661437988281], [0.9998360276222229, 0.0074643599800765514, -0.016495119780302048, -1.403564453125], [0.0, 0.0, 0.0, 1.0]], [[-0.8323241472244263, -0.5542516112327576, -0.006458810064941645, 0.8455810546875], [-0.011274907737970352, 0.02857932820916176, -0.9995278716087341, 1.5011520385742188], [0.5541746020317078, -0.8318583965301514, -0.030036399140954018, -1.1256103515625], [0.0, 0.0, 0.0, 1.0]], [[0.947879433631897, 0.31860488653182983, -0.0039282748475670815, -1.13916015625], [-0.003865125821903348, -0.0008304061484523118, -0.9999921321868896, 1.588547706604004], [-0.3186056315898895, 0.9478871822357178, 0.000444322096882388, -0.10400390625], [0.0, 0.0, 0.0, 1.0]], [[0.0020287074148654938, 0.9999598860740662, 0.008724548853933811, 0.00341796875], [-0.028784029185771942, 0.008779344148933887, -0.9995471239089966, 1.5769882202148438], [-0.9995836019515991, 0.0017766437958925962, 0.028800684958696365, -0.08056640625], [0.0, 0.0, 0.0, 1.0]], [[-0.9351269006729126, 0.35428544878959656, 0.004426981322467327, 0.9857177734375], [0.004292112309485674, 0.023820772767066956, -0.999707043170929, 1.5521602630615234], [-0.35428711771965027, -0.9348339438438416, -0.023796075955033302, -0.12152099609375], [0.0, 0.0, 0.0, 1.0]]], "view": [[0.0, -2.0, 100.0], [-2.0, 0.0, 100.0], [0.0, 0.0, 1.0]], "bev": "bev_83f6f20186444bfc83222e760a7d6661.png", "aux": "aux_83f6f20186444bfc83222e760a7d6661.npz", "visibility": "visibility_83f6f20186444bfc83222e760a7d6661.png", "pose": [[-0.28504136204719543, 0.9585152268409729, 0.0, 1526.70654296875], [-0.9585152268409729, -0.28504136204719543, 0.0, 1248.2965087890625], [0.0, 0.0, 1.0, 0.0], [0.0, 0.0, 0.0, 1.0]], "pose_inverse": [[-0.28504136204719543, -0.9585152268409729, 0.0, 1631.6856689453125], [0.9585152268409729, -0.28504136204719543, 0.0, -1107.5552978515625], [0.0, 0.0, 1.0, 0.0], [0.0, 0.0, 0.0, 1.0]], "cam_ids": [0, 1, 2, 3, 4, 5], "cam_channels": ["CAM_FRONT_LEFT", "CAM_FRONT", "CAM_FRONT_RIGHT", "CAM_BACK_LEFT", "CAM_BACK", "CAM_BACK_RIGHT"], "token": "83f6f20186444bfc83222e760a7d6661", "scene": "scene-1085"}, {"images": ["samples/CAM_FRONT_LEFT/n015-2018-11-21-19-38-26+0800__CAM_FRONT_LEFT__1542800549904844.jpg", "samples/CAM_FRONT/n015-2018-11-21-19-38-26+0800__CAM_FRONT__1542800549912460.jpg", "samples/CAM_FRONT_RIGHT/n015-2018-11-21-19-38-26+0800__CAM_FRONT_RIGHT__1542800549920342.jpg", "samples/CAM_BACK_LEFT/n015-2018-11-21-19-38-26+0800__CAM_BACK_LEFT__1542800549947423.jpg", "samples/CAM_BACK/n015-2018-11-21-19-38-26+0800__CAM_BACK__1542800549937525.jpg", "samples/CAM_BACK_RIGHT/n015-2018-11-21-19-38-26+0800__CAM_BACK_RIGHT__1542800549927893.jpg"], "intrinsics": [[[1272.5979470598488, 0.0, 826.6154927353808], [0.0, 1272.5979470598488, 479.75165386361925], [0.0, 0.0, 1.0]], [[1266.417203046554, 0.0, 816.2670197447984], [0.0, 1266.417203046554, 491.50706579294757], [0.0, 0.0, 1.0]], [[1260.8474446004698, 0.0, 807.968244525554], [0.0, 1260.8474446004698, 495.3344268742088], [0.0, 0.0, 1.0]], [[1256.7414812095406, 0.0, 792.1125740759628], [0.0, 1256.7414812095406, 492.7757465151356], [0.0, 0.0, 1.0]], [[809.2209905677063, 0.0, 829.2196003259838], [0.0, 809.2209905677063, 481.77842384512485], [0.0, 0.0, 1.0]], [[1259.5137405846733, 0.0, 807.2529053838625], [0.0, 1259.5137405846733, 501.19579884916527], [0.0, 0.0, 1.0]]], "extrinsics": [[[0.8221188187599182, -0.5687946081161499, -0.024358410388231277, -0.7056884765625], [-0.014108533039689064, 0.02241753600537777, -0.9996491074562073, 1.5037765502929688], [0.5691409707069397, 0.822174072265625, 0.010405024513602257, -1.102996826171875], [0.0, 0.0, 0.0, 1.0]], [[0.007753103971481323, -0.9998025894165039, -0.018292535096406937, 0.0084228515625], [-0.019542209804058075, 0.01813810132443905, -0.9996445178985596, 1.515472412109375], [0.9997789859771729, 0.008107826113700867, -0.01939772628247738, -1.434326171875], [0.0, 0.0, 0.0, 1.0]], [[-0.8321159482002258, -0.5545473694801331, -0.007764057256281376, 0.8663330078125], [-0.014096553437411785, 0.03514299541711807, -0.9992828369140625, 1.5007781982421875], [0.5544225573539734, -0.8314096927642822, -0.03706024959683418, -1.136474609375], [0.0, 0.0, 0.0, 1.0]], [[0.9478886127471924, 0.3185674250125885, -0.004692887421697378, -1.13623046875], [-0.0062751020304858685, 0.003940574359148741, -0.9999725222587585, 1.5885162353515625], [-0.31854018568992615, 0.9478920698165894, 0.0057342699728906155, -0.105224609375], [0.0, 0.0, 0.0, 1.0]], [[0.0020946720615029335, 0.9998974204063416, 0.014172753319144249, 0.0028076171875], [-0.03131380304694176, 0.014231421053409576, -0.9994083046913147, 1.57696533203125], [-0.9995074272155762, 0.001649637008085847, 0.03134039789438248, -0.07470703125], [0.0, 0.0, 0.0, 1.0]], [[-0.935211718082428, 0.3539726436138153, 0.009082924574613571, 1.0001220703125], [0.0016155566554516554, 0.029916809871792793, -0.9995511174201965, 1.551656723022461], [-0.3540854752063751, -0.9347772002220154, -0.028550414368510246, -0.1142578125], [0.0, 0.0, 0.0, 1.0]]], "view": [[0.0, -2.0, 100.0], [-2.0, 0.0, 100.0], [0.0, 0.0, 1.0]], "bev": "bev_29446df3bd9448e49d69b2624f58dbb8.png", "aux": "aux_29446df3bd9448e49d69b2624f58dbb8.npz", "visibility": "visibility_29446df3bd9448e49d69b2624f58dbb8.png", "pose": [[-0.3196650445461273, 0.9475306272506714, 0.0, 1525.4356689453125], [-0.9475306272506714, -0.3196650445461273, 0.0, 1244.3665771484375], [0.0, 0.0, 1.0, 0.0], [0.0, 0.0, 0.0, 1.0]], "pose_inverse": [[-0.3196650445461273, -0.9475306272506714, 0.0, 1666.703857421875], [0.9475306272506714, -0.3196650445461273, 0.0, -1047.616455078125], [0.0, 0.0, 1.0, 0.0], [0.0, 0.0, 0.0, 1.0]], "cam_ids": [0, 1, 2, 3, 4, 5], "cam_channels": ["CAM_FRONT_LEFT", "CAM_FRONT", "CAM_FRONT_RIGHT", "CAM_BACK_LEFT", "CAM_BACK", "CAM_BACK_RIGHT"], "token": "29446df3bd9448e49d69b2624f58dbb8", "scene": "scene-1085"}, {"images": ["samples/CAM_FRONT_LEFT/n015-2018-11-21-19-38-26+0800__CAM_FRONT_LEFT__1542800550404844.jpg", "samples/CAM_FRONT/n015-2018-11-21-19-38-26+0800__CAM_FRONT__1542800550412460.jpg", "samples/CAM_FRONT_RIGHT/n015-2018-11-21-19-38-26+0800__CAM_FRONT_RIGHT__1542800550420339.jpg", "samples/CAM_BACK_LEFT/n015-2018-11-21-19-38-26+0800__CAM_BACK_LEFT__1542800550447423.jpg", "samples/CAM_BACK/n015-2018-11-21-19-38-26+0800__CAM_BACK__1542800550437525.jpg", "samples/CAM_BACK_RIGHT/n015-2018-11-21-19-38-26+0800__CAM_BACK_RIGHT__1542800550427893.jpg"], "intrinsics": [[[1272.5979470598488, 0.0, 826.6154927353808], [0.0, 1272.5979470598488, 479.75165386361925], [0.0, 0.0, 1.0]], [[1266.417203046554, 0.0, 816.2670197447984], [0.0, 1266.417203046554, 491.50706579294757], [0.0, 0.0, 1.0]], [[1260.8474446004698, 0.0, 807.968244525554], [0.0, 1260.8474446004698, 495.3344268742088], [0.0, 0.0, 1.0]], [[1256.7414812095406, 0.0, 792.1125740759628], [0.0, 1256.7414812095406, 492.7757465151356], [0.0, 0.0, 1.0]], [[809.2209905677063, 0.0, 829.2196003259838], [0.0, 809.2209905677063, 481.77842384512485], [0.0, 0.0, 1.0]], [[1259.5137405846733, 0.0, 807.2529053838625], [0.0, 1259.5137405846733, 501.19579884916527], [0.0, 0.0, 1.0]]], "extrinsics": [[[0.8222115635871887, -0.5686362385749817, -0.02491738088428974, -0.74169921875], [-0.018753157928586006, 0.016689864918589592, -0.9996848106384277, 1.5031509399414062], [0.56887286901474, 0.8224197626113892, 0.003058877307921648, -1.127685546875], [0.0, 0.0, 0.0, 1.0]], [[0.007977303117513657, -0.9998869895935059, -0.01274247094988823, 0.00799560546875], [-0.02375742234289646, 0.012549768202006817, -0.9996389746665955, 1.5152435302734375], [0.9996858835220337, 0.008277084678411484, -0.023654624819755554, -1.47021484375], [0.0, 0.0, 0.0, 1.0]], [[-0.8320040106773376, -0.5547671914100647, -0.0016094233142212033, 0.88946533203125], [-0.01787198707461357, 0.02970258891582489, -0.999398946762085, 1.5005302429199219], [0.554481565952301, -0.8314752578735352, -0.03462746739387512, -1.1524658203125], [0.0, 0.0, 0.0, 1.0]], [[0.9478129744529724, 0.31872400641441345, -0.008091151714324951, -1.1412353515625], [-0.008269892074167728, -0.0007924153469502926, -0.9999654293060303, 1.5885486602783203], [-0.31871944665908813, 0.9478471875190735, 0.0018847521860152483, -0.10400390625], [0.0, 0.0, 0.0, 1.0]], [[0.001944993855431676, 0.9999553561210632, 0.009249160066246986, 0.002685546875], [-0.03400268033146858, 0.009309962391853333, -0.9993783831596375, 1.5771942138671875], [-0.9994198679924011, 0.001629268517717719, 0.03401926904916763, -0.0616455078125], [0.0, 0.0, 0.0, 1.0]], [[-0.9352415800094604, 0.3538588583469391, 0.010340244509279728, 1.019287109375], [-0.0017187008634209633, 0.024669945240020752, -0.9996941685676575, 1.5512161254882812], [-0.35400575399398804, -0.934973418712616, -0.02246418409049511, -0.107177734375], [0.0, 0.0, 0.0, 1.0]]], "view": [[0.0, -2.0, 100.0], [-2.0, 0.0, 100.0], [0.0, 0.0, 1.0]], "bev": "bev_6d5e58f7f60043fc868e3554701f39aa.png", "aux": "aux_6d5e58f7f60043fc868e3554701f39aa.npz", "visibility": "visibility_6d5e58f7f60043fc868e3554701f39aa.png", "pose": [[-0.35734784603118896, 0.9339713454246521, 0.0, 1524.2667236328125], [-0.9339713454246521, -0.35734784603118896, 0.0, 1241.189208984375], [0.0, 0.0, 1.0, 0.0], [0.0, 0.0, 0.0, 1.0]], "pose_inverse": [[-0.35734784603118896, -0.9339713454246521, 0.0, 1703.9285888671875], [0.9339713454246521, -0.35734784603118896, 0.0, -980.085205078125], [0.0, 0.0, 1.0, 0.0], [0.0, 0.0, 0.0, 1.0]], "cam_ids": [0, 1, 2, 3, 4, 5], "cam_channels": ["CAM_FRONT_LEFT", "CAM_FRONT", "CAM_FRONT_RIGHT", "CAM_BACK_LEFT", "CAM_BACK", "CAM_BACK_RIGHT"], "token": "6d5e58f7f60043fc868e3554701f39aa", "scene": "scene-1085"}, {"images": ["samples/CAM_FRONT_LEFT/n015-2018-11-21-19-38-26+0800__CAM_FRONT_LEFT__1542800550904844.jpg", "samples/CAM_FRONT/n015-2018-11-21-19-38-26+0800__CAM_FRONT__1542800550912460.jpg", "samples/CAM_FRONT_RIGHT/n015-2018-11-21-19-38-26+0800__CAM_FRONT_RIGHT__1542800550920339.jpg", "samples/CAM_BACK_LEFT/n015-2018-11-21-19-38-26+0800__CAM_BACK_LEFT__1542800550947423.jpg", "samples/CAM_BACK/n015-2018-11-21-19-38-26+0800__CAM_BACK__1542800550937525.jpg", "samples/CAM_BACK_RIGHT/n015-2018-11-21-19-38-26+0800__CAM_BACK_RIGHT__1542800550927893.jpg"], "intrinsics": [[[1272.5979470598488, 0.0, 826.6154927353808], [0.0, 1272.5979470598488, 479.75165386361925], [0.0, 0.0, 1.0]], [[1266.417203046554, 0.0, 816.2670197447984], [0.0, 1266.417203046554, 491.50706579294757], [0.0, 0.0, 1.0]], [[1260.8474446004698, 0.0, 807.968244525554], [0.0, 1260.8474446004698, 495.3344268742088], [0.0, 0.0, 1.0]], [[1256.7414812095406, 0.0, 792.1125740759628], [0.0, 1256.7414812095406, 492.7757465151356], [0.0, 0.0, 1.0]], [[809.2209905677063, 0.0, 829.2196003259838], [0.0, 809.2209905677063, 481.77842384512485], [0.0, 0.0, 1.0]], [[1259.5137405846733, 0.0, 807.2529053838625], [0.0, 1259.5137405846733, 501.19579884916527], [0.0, 0.0, 1.0]]], "extrinsics": [[[0.8208228945732117, -0.5703991055488586, -0.029910316690802574, -0.7503662109375], [-0.01818106882274151, 0.02624763734638691, -0.9994900822639465, 1.5034866333007812], [0.5708932876586914, 0.8209481239318848, 0.011174197308719158, -1.13128662109375], [0.0, 0.0, 0.0, 1.0]], [[0.005954632069915533, -0.999721348285675, -0.022842993959784508, 0.00653076171875], [-0.023660872131586075, 0.022696146741509438, -0.999462366104126, 1.5154533386230469], [0.9997023344039917, 0.006491912994533777, -0.023519130423665047, -1.4776611328125], [0.0, 0.0, 0.0, 1.0]], [[-0.8328906893730164, -0.553390622138977, -0.007199663668870926, 0.89373779296875], [-0.01822899840772152, 0.04043317958712578, -0.9990159273147583, 1.5005950927734375], [0.5531371831893921, -0.8319398760795593, -0.043764177709817886, -1.1563720703125], [0.0, 0.0, 0.0, 1.0]], [[0.947778582572937, 0.31887948513031006, -0.005620799958705902, -1.14404296875], [-0.00990977417677641, 0.011829359456896782, -0.9998809099197388, 1.5885848999023438], [-0.3187749683856964, 0.9477214217185974, 0.014371639117598534, -0.102783203125], [0.0, 0.0, 0.0, 1.0]], [[0.0025263659190386534, 0.9997751712799072, 0.021054480224847794, 0.00299072265625], [-0.03525206074118614, 0.021130496636033058, -0.9991550445556641, 1.5772476196289062], [-0.9993752241134644, 0.0017819440690800548, 0.035297513008117676, -0.05810546875], [0.0, 0.0, 0.0, 1.0]], [[-0.934812068939209, 0.3548228144645691, 0.015069536864757538, 1.023681640625], [-0.0025007976219058037, 0.035854585468769073, -0.9993538856506348, 1.5511436462402344], [-0.35513392090797424, -0.9342458248138428, -0.03262995928525925, -0.1060791015625], [0.0, 0.0, 0.0, 1.0]]], "view": [[0.0, -2.0, 100.0], [-2.0, 0.0, 100.0], [0.0, 0.0, 1.0]], "bev": "bev_ffbde7244e0e480a91ee13009b594dde.png", "aux": "aux_ffbde7244e0e480a91ee13009b594dde.npz", "visibility": "visibility_ffbde7244e0e480a91ee13009b594dde.png", "pose": [[-0.38653692603111267, 0.9222739338874817, 0.0, 1523.09228515625], [-0.9222739338874817, -0.38653692603111267, 0.0, 1238.3272705078125], [0.0, 0.0, 1.0, 0.0], [0.0, 0.0, 0.0, 1.0]], "pose_inverse": [[-0.38653692603111267, -0.9222739338874817, 0.0, 1730.808349609375], [0.9222739338874817, -0.38653692603111267, 0.0, -926.049072265625], [0.0, 0.0, 1.0, 0.0], [0.0, 0.0, 0.0, 1.0]], "cam_ids": [0, 1, 2, 3, 4, 5], "cam_channels": ["CAM_FRONT_LEFT", "CAM_FRONT", "CAM_FRONT_RIGHT", "CAM_BACK_LEFT", "CAM_BACK", "CAM_BACK_RIGHT"], "token": "ffbde7244e0e480a91ee13009b594dde", "scene": "scene-1085"}, {"images": ["samples/CAM_FRONT_LEFT/n015-2018-11-21-19-38-26+0800__CAM_FRONT_LEFT__1542800551404844.jpg", "samples/CAM_FRONT/n015-2018-11-21-19-38-26+0800__CAM_FRONT__1542800551412460.jpg", "samples/CAM_FRONT_RIGHT/n015-2018-11-21-19-38-26+0800__CAM_FRONT_RIGHT__1542800551420356.jpg", "samples/CAM_BACK_LEFT/n015-2018-11-21-19-38-26+0800__CAM_BACK_LEFT__1542800551447423.jpg", "samples/CAM_BACK/n015-2018-11-21-19-38-26+0800__CAM_BACK__1542800551437525.jpg", "samples/CAM_BACK_RIGHT/n015-2018-11-21-19-38-26+0800__CAM_BACK_RIGHT__1542800551427900.jpg"], "intrinsics": [[[1272.5979470598488, 0.0, 826.6154927353808], [0.0, 1272.5979470598488, 479.75165386361925], [0.0, 0.0, 1.0]], [[1266.417203046554, 0.0, 816.2670197447984], [0.0, 1266.417203046554, 491.50706579294757], [0.0, 0.0, 1.0]], [[1260.8474446004698, 0.0, 807.968244525554], [0.0, 1260.8474446004698, 495.3344268742088], [0.0, 0.0, 1.0]], [[1256.7414812095406, 0.0, 792.1125740759628], [0.0, 1256.7414812095406, 492.7757465151356], [0.0, 0.0, 1.0]], [[809.2209905677063, 0.0, 829.2196003259838], [0.0, 809.2209905677063, 481.77842384512485], [0.0, 0.0, 1.0]], [[1259.5137405846733, 0.0, 807.2529053838625], [0.0, 1259.5137405846733, 501.19579884916527], [0.0, 0.0, 1.0]]], "extrinsics": [[[0.8203667998313904, -0.5710060596466064, -0.03082946687936783, -0.762939453125], [-0.02042078599333763, 0.024625228717923164, -0.9994881749153137, 1.5032005310058594], [0.5714730024337769, 0.8205764293670654, 0.008541325107216835, -1.141357421875], [0.0, 0.0, 0.0, 1.0]], [[0.005368880461901426, -0.9997631311416626, -0.021089637652039528, 0.00738525390625], [-0.025772318243980408, 0.020944595336914062, -0.9994484186172485, 1.5153007507324219], [0.9996533393859863, 0.005909406580030918, -0.025653766468167305, -1.4903564453125], [0.0, 0.0, 0.0, 1.0]], [[-0.8331319093704224, -0.5530558824539185, -0.004494646098464727, 0.90185546875], [-0.020196789875626564, 0.03854399174451828, -0.9990527629852295, 1.5004348754882812], [0.5527052879333496, -0.8322520852088928, -0.04328218847513199, -1.1611328125], [0.0, 0.0, 0.0, 1.0]], [[0.9478042125701904, 0.3187482953071594, -0.008156710304319859, -1.13427734375], [-0.011753082275390625, 0.00936109572649002, -0.9998871088027954, 1.5884590148925781], [-0.3186359703540802, 0.9477931261062622, 0.01261876244097948, -0.1060791015625], [0.0, 0.0, 0.0, 1.0]], [[0.0027725810650736094, 0.9998188614845276, 0.018828727304935455, 0.002685546875], [-0.03708557412028313, 0.018918652087450027, -0.9991329908370972, 1.577056884765625], [-0.9993082284927368, 0.0020718916784971952, 0.03713131323456764, -0.0601806640625], [0.0, 0.0, 0.0, 1.0]], [[-0.9346773624420166, 0.3551312983036041, 0.01611929200589657, 1.029052734375], [-0.0043777949176728725, 0.033841218799352646, -0.9994176626205444, 1.5509147644042969], [-0.3554700016975403, -0.9342036247253418, -0.030075933784246445, -0.1035308837890625], [0.0, 0.0, 0.0, 1.0]]], "view": [[0.0, -2.0, 100.0], [-2.0, 0.0, 100.0], [0.0, 0.0, 1.0]], "bev": "bev_02470faab9fd4eebadfaaa6e6383c7ef.png", "aux": "aux_02470faab9fd4eebadfaaa6e6383c7ef.npz", "visibility": "visibility_02470faab9fd4eebadfaaa6e6383c7ef.png", "pose": [[-0.39326125383377075, 0.9194267392158508, 0.0, 1521.938720703125], [-0.9194267392158508, -0.39326125383377075, 0.0, 1235.676025390625], [0.0, 0.0, 1.0, 0.0], [0.0, 0.0, 0.0, 1.0]], "pose_inverse": [[-0.39326125383377075, -0.9194267392158508, 0.0, 1734.6331787109375], [0.9194267392158508, -0.39326125383377075, 0.0, -913.36767578125], [0.0, 0.0, 1.0, 0.0], [0.0, 0.0, 0.0, 1.0]], "cam_ids": [0, 1, 2, 3, 4, 5], "cam_channels": ["CAM_FRONT_LEFT", "CAM_FRONT", "CAM_FRONT_RIGHT", "CAM_BACK_LEFT", "CAM_BACK", "CAM_BACK_RIGHT"], "token": "02470faab9fd4eebadfaaa6e6383c7ef", "scene": "scene-1085"}, {"images": ["samples/CAM_FRONT_LEFT/n015-2018-11-21-19-38-26+0800__CAM_FRONT_LEFT__1542800551854844.jpg", "samples/CAM_FRONT/n015-2018-11-21-19-38-26+0800__CAM_FRONT__1542800551862460.jpg", "samples/CAM_FRONT_RIGHT/n015-2018-11-21-19-38-26+0800__CAM_FRONT_RIGHT__1542800551870339.jpg", "samples/CAM_BACK_LEFT/n015-2018-11-21-19-38-26+0800__CAM_BACK_LEFT__1542800551897423.jpg", "samples/CAM_BACK/n015-2018-11-21-19-38-26+0800__CAM_BACK__1542800551887525.jpg", "samples/CAM_BACK_RIGHT/n015-2018-11-21-19-38-26+0800__CAM_BACK_RIGHT__1542800551877974.jpg"], "intrinsics": [[[1272.5979470598488, 0.0, 826.6154927353808], [0.0, 1272.5979470598488, 479.75165386361925], [0.0, 0.0, 1.0]], [[1266.417203046554, 0.0, 816.2670197447984], [0.0, 1266.417203046554, 491.50706579294757], [0.0, 0.0, 1.0]], [[1260.8474446004698, 0.0, 807.968244525554], [0.0, 1260.8474446004698, 495.3344268742088], [0.0, 0.0, 1.0]], [[1256.7414812095406, 0.0, 792.1125740759628], [0.0, 1256.7414812095406, 492.7757465151356], [0.0, 0.0, 1.0]], [[809.2209905677063, 0.0, 829.2196003259838], [0.0, 809.2209905677063, 481.77842384512485], [0.0, 0.0, 1.0]], [[1259.5137405846733, 0.0, 807.2529053838625], [0.0, 1259.5137405846733, 501.19579884916527], [0.0, 0.0, 1.0]]], "extrinsics": [[[0.8186063766479492, -0.5734503865242004, -0.03222031518816948, -0.779541015625], [-0.020449195057153702, 0.026963135227560997, -0.9994271993637085, 1.5035972595214844], [0.5739907622337341, 0.8187963962554932, 0.01034559402614832, -1.1532745361328125], [0.0, 0.0, 0.0, 1.0]], [[0.0028107163961976767, -0.9997332692146301, -0.02292380854487419, 0.00738525390625], [-0.02566792257130146, 0.022844223305583, -0.9994094967842102, 1.5157318115234375], [0.9996665716171265, 0.0033974614925682545, -0.025596866384148598, -1.5072021484375], [0.0, 0.0, 0.0, 1.0]], [[-0.8342431783676147, -0.5513699054718018, -0.005434434395283461, 0.9127197265625], [-0.019921081140637398, 0.03998774290084839, -0.9990015625953674, 1.5007095336914062], [0.5510366559028625, -0.8333020210266113, -0.044343385845422745, -1.1678466796875], [0.0, 0.0, 0.0, 1.0]], [[0.9477360248565674, 0.31896719336509705, -0.007521824911236763, -1.1385498046875], [-0.01120997779071331, 0.00972859375178814, -0.9998897910118103, 1.5885047912597656], [-0.3188588619232178, 0.9477158784866333, 0.01279575377702713, -0.1053466796875], [0.0, 0.0, 0.0, 1.0]], [[0.0034674690105021, 0.9998027682304382, 0.019558418542146683, 0.0025634765625], [-0.036621082574129105, 0.019672375172376633, -0.9991355538368225, 1.57733154296875], [-0.9993231892585754, 0.002748240251094103, 0.036682069301605225, -0.05322265625], [0.0, 0.0, 0.0, 1.0]], [[-0.934162437915802, 0.3564794957637787, 0.016212768852710724, 1.0380859375], [-0.004009973257780075, 0.03494386374950409, -0.9993812441825867, 1.550994873046875], [-0.35682544112205505, -0.9336494207382202, -0.031213775277137756, -0.100006103515625], [0.0, 0.0, 0.0, 1.0]]], "view": [[0.0, -2.0, 100.0], [-2.0, 0.0, 100.0], [0.0, 0.0, 1.0]], "bev": "bev_e14e157b0c16492382e8bb123d505611.png", "aux": "aux_e14e157b0c16492382e8bb123d505611.npz", "visibility": "visibility_e14e157b0c16492382e8bb123d505611.png", "pose": [[-0.3819595277309418, 0.9241790771484375, 0.0, 1520.9625244140625], [-0.9241790771484375, -0.3819595277309418, 0.0, 1233.425537109375], [0.0, 0.0, 1.0, 0.0], [0.0, 0.0, 0.0, 1.0]], "pose_inverse": [[-0.3819595277309418, -0.9241790771484375, 0.0, 1720.8521728515625], [0.9241790771484375, -0.3819595277309418, 0.0, -934.5230712890625], [0.0, 0.0, 1.0, 0.0], [0.0, 0.0, 0.0, 1.0]], "cam_ids": [0, 1, 2, 3, 4, 5], "cam_channels": ["CAM_FRONT_LEFT", "CAM_FRONT", "CAM_FRONT_RIGHT", "CAM_BACK_LEFT", "CAM_BACK", "CAM_BACK_RIGHT"], "token": "e14e157b0c16492382e8bb123d505611", "scene": "scene-1085"}, {"images": ["samples/CAM_FRONT_LEFT/n015-2018-11-21-19-38-26+0800__CAM_FRONT_LEFT__1542800552354844.jpg", "samples/CAM_FRONT/n015-2018-11-21-19-38-26+0800__CAM_FRONT__1542800552362460.jpg", "samples/CAM_FRONT_RIGHT/n015-2018-11-21-19-38-26+0800__CAM_FRONT_RIGHT__1542800552370339.jpg", "samples/CAM_BACK_LEFT/n015-2018-11-21-19-38-26+0800__CAM_BACK_LEFT__1542800552397423.jpg", "samples/CAM_BACK/n015-2018-11-21-19-38-26+0800__CAM_BACK__1542800552387525.jpg", "samples/CAM_BACK_RIGHT/n015-2018-11-21-19-38-26+0800__CAM_BACK_RIGHT__1542800552377893.jpg"], "intrinsics": [[[1272.5979470598488, 0.0, 826.6154927353808], [0.0, 1272.5979470598488, 479.75165386361925], [0.0, 0.0, 1.0]], [[1266.417203046554, 0.0, 816.2670197447984], [0.0, 1266.417203046554, 491.50706579294757], [0.0, 0.0, 1.0]], [[1260.8474446004698, 0.0, 807.968244525554], [0.0, 1260.8474446004698, 495.3344268742088], [0.0, 0.0, 1.0]], [[1256.7414812095406, 0.0, 792.1125740759628], [0.0, 1256.7414812095406, 492.7757465151356], [0.0, 0.0, 1.0]], [[809.2209905677063, 0.0, 829.2196003259838], [0.0, 809.2209905677063, 481.77842384512485], [0.0, 0.0, 1.0]], [[1259.5137405846733, 0.0, 807.2529053838625], [0.0, 1259.5137405846733, 501.19579884916527], [0.0, 0.0, 1.0]]], "extrinsics": [[[0.8158822059631348, -0.5770992636680603, -0.035954367369413376, -0.7947998046875], [-0.02086087130010128, 0.03276251628994942, -0.9992454051971436, 1.5038223266601562], [0.5778416991233826, 0.8160166144371033, 0.014691559597849846, -1.1644058227539062], [0.0, 0.0, 0.0, 1.0]], [[-0.0009456868283450603, -0.999586820602417, -0.028726842254400253, 0.00830078125], [-0.026382530108094215, 0.028741801157593727, -0.9992386698722839, 1.5159759521484375], [0.9996514320373535, -0.0001870646810857579, -0.026398809626698494, -1.523193359375], [0.0, 0.0, 0.0, 1.0]], [[-0.8357973694801331, -0.5489828586578369, -0.007773958146572113, 0.92425537109375], [-0.020866302773356438, 0.04591048136353493, -0.998727560043335, 1.5007705688476562], [0.5486412644386292, -0.8345717787742615, -0.049827102571725845, -1.17431640625], [0.0, 0.0, 0.0, 1.0]], [[0.9477261304855347, 0.3190017640590668, -0.007272927090525627, -1.142333984375], [-0.012903553433716297, 0.015540952794253826, -0.9997959733009338, 1.5885276794433594], [-0.3188236653804779, 0.9476266503334045, 0.01884482614696026, -0.1053466796875], [0.0, 0.0, 0.0, 1.0]], [[0.004620652180165052, 0.9996659159660339, 0.025432074442505836, 0.0013427734375], [-0.03809995576739311, 0.025589872151613235, -0.9989462494850159, 1.577484130859375], [-0.9992632865905762, 0.00364682637155056, 0.03820547088980675, -0.04638671875], [0.0, 0.0, 0.0, 1.0]], [[-0.933398425579071, 0.35831114649772644, 0.019509784877300262, 1.04736328125], [-0.005204577464610338, 0.040845200419425964, -0.9991519451141357, 1.5508499145507812], [-0.35880422592163086, -0.9327083230018616, -0.03625999018549919, -0.094940185546875], [0.0, 0.0, 0.0, 1.0]]], "view": [[0.0, -2.0, 100.0], [-2.0, 0.0, 100.0], [0.0, 0.0, 1.0]], "bev": "bev_92d909c68aca453098646e7ec87c66bc.png", "aux": "aux_92d909c68aca453098646e7ec87c66bc.npz", "visibility": "visibility_92d909c68aca453098646e7ec87c66bc.png", "pose": [[-0.31746813654899597, 0.9482689499855042, 0.0, 1520.0340576171875], [-0.9482689499855042, -0.31746813654899597, 0.0, 1231.0322265625], [0.0, 0.0, 1.0, 0.0], [0.0, 0.0, 0.0, 1.0]], "pose_inverse": [[-0.31746813654899597, -0.9482689499855042, 0.0, 1649.9119873046875], [0.9482689499855042, -0.31746813654899597, 0.0, -1050.5875244140625], [0.0, 0.0, 1.0, 0.0], [0.0, 0.0, 0.0, 1.0]], "cam_ids": [0, 1, 2, 3, 4, 5], "cam_channels": ["CAM_FRONT_LEFT", "CAM_FRONT", "CAM_FRONT_RIGHT", "CAM_BACK_LEFT", "CAM_BACK", "CAM_BACK_RIGHT"], "token": "92d909c68aca453098646e7ec87c66bc", "scene": "scene-1085"}, {"images": ["samples/CAM_FRONT_LEFT/n015-2018-11-21-19-38-26+0800__CAM_FRONT_LEFT__1542800552854844.jpg", "samples/CAM_FRONT/n015-2018-11-21-19-38-26+0800__CAM_FRONT__1542800552862460.jpg", "samples/CAM_FRONT_RIGHT/n015-2018-11-21-19-38-26+0800__CAM_FRONT_RIGHT__1542800552870339.jpg", "samples/CAM_BACK_LEFT/n015-2018-11-21-19-38-26+0800__CAM_BACK_LEFT__1542800552897423.jpg", "samples/CAM_BACK/n015-2018-11-21-19-38-26+0800__CAM_BACK__1542800552887525.jpg", "samples/CAM_BACK_RIGHT/n015-2018-11-21-19-38-26+0800__CAM_BACK_RIGHT__1542800552877893.jpg"], "intrinsics": [[[1272.5979470598488, 0.0, 826.6154927353808], [0.0, 1272.5979470598488, 479.75165386361925], [0.0, 0.0, 1.0]], [[1266.417203046554, 0.0, 816.2670197447984], [0.0, 1266.417203046554, 491.50706579294757], [0.0, 0.0, 1.0]], [[1260.8474446004698, 0.0, 807.968244525554], [0.0, 1260.8474446004698, 495.3344268742088], [0.0, 0.0, 1.0]], [[1256.7414812095406, 0.0, 792.1125740759628], [0.0, 1256.7414812095406, 492.7757465151356], [0.0, 0.0, 1.0]], [[809.2209905677063, 0.0, 829.2196003259838], [0.0, 809.2209905677063, 481.77842384512485], [0.0, 0.0, 1.0]], [[1259.5137405846733, 0.0, 807.2529053838625], [0.0, 1259.5137405846733, 501.19579884916527], [0.0, 0.0, 1.0]]], "extrinsics": [[[0.8129760026931763, -0.5809565186500549, -0.03949134424328804, -0.812255859375], [-0.022889116778969765, 0.03588436543941498, -0.9990938305854797, 1.50390625], [0.581847071647644, 0.8131431937217712, 0.015875549986958504, -1.1725921630859375], [0.0, 0.0, 0.0, 1.0]], [[-0.005182894878089428, -0.9994856119155884, -0.03164953738451004, 0.0054931640625], [-0.028284654021263123, 0.031783826649188995, -0.9990944862365723, 1.5160903930664062], [0.9995864033699036, -0.004283031914383173, -0.028434833511710167, -1.5367431640625], [0.0, 0.0, 0.0, 1.0]], [[-0.8376644253730774, -0.5461296439170837, -0.007798055652529001, 0.93072509765625], [-0.02252994105219841, 0.04881497845053673, -0.9985536932945251, 1.5008316040039062], [0.5457203984260559, -0.836277186870575, -0.053194839507341385, -1.1810302734375], [0.0, 0.0, 0.0, 1.0]], [[0.9478476047515869, 0.318637877702713, -0.007398845627903938, -1.1419677734375], [-0.013910140842199326, 0.018164154142141342, -0.9997382164001465, 1.5885391235351562], [-0.31842008233070374, 0.9477025270462036, 0.021649150177836418, -0.1044921875], [0.0, 0.0, 0.0, 1.0]], [[0.005976114887744188, 0.9995868802070618, 0.0281125642359