[{"images": ["samples/CAM_FRONT_LEFT/n008-2018-07-26-12-13-50-0400__CAM_FRONT_LEFT__1532621828604799.jpg", "samples/CAM_FRONT/n008-2018-07-26-12-13-50-0400__CAM_FRONT__1532621828612404.jpg", "samples/CAM_FRONT_RIGHT/n008-2018-07-26-12-13-50-0400__CAM_FRONT_RIGHT__1532621828620482.jpg", "samples/CAM_BACK_LEFT/n008-2018-07-26-12-13-50-0400__CAM_BACK_LEFT__1532621828647405.jpg", "samples/CAM_BACK/n008-2018-07-26-12-13-50-0400__CAM_BACK__1532621828637558.jpg", "samples/CAM_BACK_RIGHT/n008-2018-07-26-12-13-50-0400__CAM_BACK_RIGHT__1532621828628113.jpg"], "intrinsics": [[[1257.8625342125129, 0.0, 827.2410631095686], [0.0, 1257.8625342125129, 450.915498205774], [0.0, 0.0, 1.0]], [[1252.8131021185304, 0.0, 826.588114781398], [0.0, 1252.8131021185304, 469.9846626224581], [0.0, 0.0, 1.0]], [[1256.7485116440405, 0.0, 817.7887570959712], [0.0, 1256.7485116440403, 451.9541780095127], [0.0, 0.0, 1.0]], [[1254.9860565800168, 0.0, 829.5769333630991], [0.0, 1254.9860565800168, 467.1680561863987], [0.0, 0.0, 1.0]], [[796.8910634503094, 0.0, 857.7774326863696], [0.0, 796.8910634503094, 476.8848988407415], [0.0, 0.0, 1.0]], [[1249.9629280788233, 0.0, 825.3768045375984], [0.0, 1249.9629280788233, 462.54816385708756], [0.0, 0.0, 1.0]]], "extrinsics": [[[0.8221341967582703, -0.569046676158905, 0.016769498586654663, -0.8514404296875], [0.014069877564907074, -0.009137756191194057, -0.9998592138290405, 1.4909229278564453], [0.5691198110580444, 0.822254478931427, 0.0004939518985338509, -1.2291259765625], [0.0, 0.0, 0.0, 1.0]], [[0.009763509966433048, -0.9998610019683838, 0.0135117182508111, 0.00830078125], [0.016111183911561966, -0.013353313319385052, -0.99978107213974, 1.482656478881836], [0.9998224973678589, 0.009979071095585823, 0.01597856916487217, -1.5814208984375], [0.0, 0.0, 0.0, 1.0]], [[-0.8440746068954468, -0.5361571311950684, -0.008574790321290493, 0.99072265625], [0.02422306500375271, -0.02215004153549671, -0.9994611144065857, 1.4959831237792969], [0.5356783270835876, -0.8438275456428528, 0.03168365731835365, -1.212860107421875], [0.0, 0.0, 0.0, 1.0]], [[0.947885274887085, 0.31859612464904785, -0.003148527815937996, -1.1417236328125], [-0.0008584144525229931, -0.007328285835683346, -0.9999727606773376, 1.5620465278625488], [-0.3186105191707611, 0.9478622078895569, -0.006672886200249195, -0.1573944091796875], [0.0, 0.0, 0.0, 1.0]], [[0.009312480688095093, 0.999848484992981, -0.014710978604853153, -0.02899169921875], [0.00110216427128762, -0.014721870422363281, -0.9998909831047058, 1.568120002746582], [-0.9999560713768005, 0.009295240044593811, -0.0012390939518809319, -0.001220703125], [0.0, 0.0, 0.0, 1.0]], [[-0.9235677719116211, 0.38295772671699524, -0.01913115382194519, 1.0802001953125], [0.005231128539890051, -0.037305090576410294, -0.9992902278900146, 1.5482940673828125], [-0.3833995461463928, -0.9230123162269592, 0.03245047852396965, -0.076171875], [0.0, 0.0, 0.0, 1.0]]], "view": [[0.0, -2.0, 100.0], [-2.0, 0.0, 100.0], [0.0, 0.0, 1.0]], "bev": "bev_3a7147320f2149ba89c94f0264eff29f.png", "aux": "aux_3a7147320f2149ba89c94f0264eff29f.npz", "visibility": "visibility_3a7147320f2149ba89c94f0264eff29f.png", "pose": [[0.9979866147041321, -0.06342519074678421, 0.0, 1767.5289306640625], [0.06342519074678421, 0.9979866147041321, 0.0, 865.9235229492188], [0.0, 0.0, 1.0, 0.0], [0.0, 0.0, 0.0, 1.0]], "pose_inverse": [[0.9979866147041321, 0.06342519074678421, 0.0, -1818.8916015625], [-0.06342519074678421, 0.9979866147041321, 0.0, -752.07421875], [0.0, 0.0, 1.0, 0.0], [0.0, 0.0, 0.0, 1.0]], "cam_ids": [0, 1, 2, 3, 4, 5], "cam_channels": ["CAM_FRONT_LEFT", "CAM_FRONT", "CAM_FRONT_RIGHT", "CAM_BACK_LEFT", "CAM_BACK", "CAM_BACK_RIGHT"], "token": "3a7147320f2149ba89c94f0264eff29f", "scene": "scene-0204"}, {"images": ["samples/CAM_FRONT_LEFT/n008-2018-07-26-12-13-50-0400__CAM_FRONT_LEFT__1532621829104799.jpg", "samples/CAM_FRONT/n008-2018-07-26-12-13-50-0400__CAM_FRONT__1532621829112404.jpg", "samples/CAM_FRONT_RIGHT/n008-2018-07-26-12-13-50-0400__CAM_FRONT_RIGHT__1532621829120482.jpg", "samples/CAM_BACK_LEFT/n008-2018-07-26-12-13-50-0400__CAM_BACK_LEFT__1532621829147405.jpg", "samples/CAM_BACK/n008-2018-07-26-12-13-50-0400__CAM_BACK__1532621829137558.jpg", "samples/CAM_BACK_RIGHT/n008-2018-07-26-12-13-50-0400__CAM_BACK_RIGHT__1532621829128113.jpg"], "intrinsics": [[[1257.8625342125129, 0.0, 827.2410631095686], [0.0, 1257.8625342125129, 450.915498205774], [0.0, 0.0, 1.0]], [[1252.8131021185304, 0.0, 826.588114781398], [0.0, 1252.8131021185304, 469.9846626224581], [0.0, 0.0, 1.0]], [[1256.7485116440405, 0.0, 817.7887570959712], [0.0, 1256.7485116440403, 451.9541780095127], [0.0, 0.0, 1.0]], [[1254.9860565800168, 0.0, 829.5769333630991], [0.0, 1254.9860565800168, 467.1680561863987], [0.0, 0.0, 1.0]], [[796.8910634503094, 0.0, 857.7774326863696], [0.0, 796.8910634503094, 476.8848988407415], [0.0, 0.0, 1.0]], [[1249.9629280788233, 0.0, 825.3768045375984], [0.0, 1249.9629280788233, 462.54816385708756], [0.0, 0.0, 1.0]]], "extrinsics": [[[0.8229697346687317, -0.5676838159561157, 0.021354300901293755, -0.8087158203125], [0.018568551167845726, -0.010689126327633858, -0.99977046251297, 1.4927196502685547], [0.5677817463874817, 0.8231772780418396, 0.0017442393582314253, -1.1990966796875], [0.0, 0.0, 0.0, 1.0]], [[0.011041472665965557, -0.9998253583908081, 0.015076675452291965, 0.00811767578125], [0.020514100790023804, -0.014847924932837486, -0.9996793270111084, 1.4842147827148438], [0.9997285604476929, 0.011347218416631222, 0.02034657634794712, -1.5379638671875], [0.0, 0.0, 0.0, 1.0]], [[-0.8434601426124573, -0.5370707511901855, -0.011404724791646004, 0.96142578125], [0.02852563001215458, -0.023578494787216187, -0.9993149042129517, 1.4974594116210938], [0.5364338755607605, -0.843207597732544, 0.035207800567150116, -1.1949462890625], [0.0, 0.0, 0.0, 1.0]], [[0.9478853344917297, 0.3186117708683014, 6.375090742949396e-05, -1.1329345703125], [0.0030085411854088306, -0.008750475943088531, -0.9999572038650513, 1.5620747804641724], [-0.31859761476516724, 0.9478448629379272, -0.009253003634512424, -0.1595458984375], [0.0, 0.0, 0.0, 1.0]], [[0.008940910920500755, 0.9998302459716797, -0.01610930636525154, -0.02838134765625], [0.005210171919316053, -0.016156312078237534, -0.9998558759689331, 1.5683856010437012], [-0.9999464750289917, 0.008855688385665417, -0.005353740882128477, -0.0181884765625], [0.0, 0.0, 0.0, 1.0]], [[-0.9237860441207886, 0.3821835219860077, -0.02355978637933731, 1.056884765625], [0.009459330700337887, -0.03873179852962494, -0.9992048740386963, 1.5488824844360352], [-0.3827921450138092, -0.9232743382453918, 0.032164692878723145, -0.08642578125], [0.0, 0.0, 0.0, 1.0]]], "view": [[0.0, -2.0, 100.0], [-2.0, 0.0, 100.0], [0.0, 0.0, 1.0]], "bev": "bev_52b2885a69d24447a5fd88dfa53e45ba.png", "aux": "aux_52b2885a69d24447a5fd88dfa53e45ba.npz", "visibility": "visibility_52b2885a69d24447a5fd88dfa53e45ba.png", "pose": [[0.9981387257575989, -0.06098419800400734, 0.0, 1769.9696044921875], [0.06098419800400734, 0.9981387257575989, 0.0, 866.0635986328125], [0.0, 0.0, 1.0, 0.0], [0.0, 0.0, 0.0, 1.0]], "pose_inverse": [[0.9981387257575989, 0.06098419800400734, 0.0, -1819.491455078125], [-0.06098419800400734, 0.9981387257575989, 0.0, -756.511474609375], [0.0, 0.0, 1.0, 0.0], [0.0, 0.0, 0.0, 1.0]], "cam_ids": [0, 1, 2, 3, 4, 5], "cam_channels": ["CAM_FRONT_LEFT", "CAM_FRONT", "CAM_FRONT_RIGHT", "CAM_BACK_LEFT", "CAM_BACK", "CAM_BACK_RIGHT"], "token": "52b2885a69d24447a5fd88dfa53e45ba", "scene": "scene-0204"}, {"images": ["samples/CAM_FRONT_LEFT/n008-2018-07-26-12-13-50-0400__CAM_FRONT_LEFT__1532621829604799.jpg", "samples/CAM_FRONT/n008-2018-07-26-12-13-50-0400__CAM_FRONT__1532621829612404.jpg", "samples/CAM_FRONT_RIGHT/n008-2018-07-26-12-13-50-0400__CAM_FRONT_RIGHT__1532621829620482.jpg", "samples/CAM_BACK_LEFT/n008-2018-07-26-12-13-50-0400__CAM_BACK_LEFT__1532621829647405.jpg", "samples/CAM_BACK/n008-2018-07-26-12-13-50-0400__CAM_BACK__1532621829637558.jpg", "samples/CAM_BACK_RIGHT/n008-2018-07-26-12-13-50-0400__CAM_BACK_RIGHT__1532621829628113.jpg"], "intrinsics": [[[1257.8625342125129, 0.0, 827.2410631095686], [0.0, 1257.8625342125129, 450.915498205774], [0.0, 0.0, 1.0]], [[1252.8131021185304, 0.0, 826.588114781398], [0.0, 1252.8131021185304, 469.9846626224581], [0.0, 0.0, 1.0]], [[1256.7485116440405, 0.0, 817.7887570959712], [0.0, 1256.7485116440403, 451.9541780095127], [0.0, 0.0, 1.0]], [[1254.9860565800168, 0.0, 829.5769333630991], [0.0, 1254.9860565800168, 467.1680561863987], [0.0, 0.0, 1.0]], [[796.8910634503094, 0.0, 857.7774326863696], [0.0, 796.8910634503094, 476.8848988407415], [0.0, 0.0, 1.0]], [[1249.9629280788233, 0.0, 825.3768045375984], [0.0, 1249.9629280788233, 462.54816385708756], [0.0, 0.0, 1.0]]], "extrinsics": [[[0.8229969143867493, -0.567775309085846, 0.0175294429063797, -0.7767333984375], [0.013854337856173515, -0.010787121951580048, -0.9998458623886108, 1.4921379089355469], [0.5678768157958984, 0.8231129050254822, -0.0010116182966157794, -1.1790771484375], [0.0, 0.0, 0.0, 1.0]], [[0.01098370086401701, -0.9998252391815186, 0.015127040445804596, 0.00994873046875], [0.015722205862402916, -0.01495340559631586, -0.9997645616531372, 1.4837684631347656], [0.9998160600662231, 0.011218939907848835, 0.015555214136838913, -1.5074462890625], [0.0, 0.0, 0.0, 1.0]], [[-0.8435778617858887, -0.5369581580162048, -0.007234466727823019, 0.94287109375], [0.023652000352740288, -0.02369251847267151, -0.9994394183158875, 1.4972763061523438], [0.5364857912063599, -0.8432761430740356, 0.03268662095069885, -1.1817626953125], [0.0, 0.0, 0.0, 1.0]], [[0.9478462338447571, 0.3186950087547302, -0.004567630589008331, -1.142822265625], [-0.0019300385611131787, -0.008591518737375736, -0.999961256980896, 1.562042236328125], [-0.3187218904495239, 0.9478183388710022, -0.007528343237936497, -0.1565704345703125], [0.0, 0.0, 0.0, 1.0]], [[0.008914344012737274, 0.999830424785614, -0.016113784164190292, -0.0289306640625], [0.00021752492466475815, -0.01611636020243168, -0.9998700618743896, 1.5680856704711914], [-0.9999602437019348, 0.008909681811928749, -0.00036115539842285216, -0.02197265625], [0.0, 0.0, 0.0, 1.0]], [[-0.9238376617431641, 0.3823099136352539, -0.01905030384659767, 1.042236328125], [0.004544718191027641, -0.03880927339196205, -0.9992362856864929, 1.5484371185302734], [-0.38275718688964844, -0.9232187271118164, 0.0341159850358963, -0.0914306640625], [0.0, 0.0, 0.0, 1.0]]], "view": [[0.0, -2.0, 100.0], [-2.0, 0.0, 100.0], [0.0, 0.0, 1.0]], "bev": "bev_4815b51043b145f08205f8656ce620ca.png", "aux": "aux_4815b51043b145f08205f8656ce620ca.npz", "visibility": "visibility_4815b51043b145f08205f8656ce620ca.png", "pose": [[0.9987002015113831, -0.050969161093235016, 0.0, 1772.8427734375], [0.050969161093235016, 0.9987002015113831, 0.0, 866.2059326171875], [0.0, 0.0, 1.0, 0.0], [0.0, 0.0, 0.0, 1.0]], "pose_inverse": [[0.9987002015113831, 0.050969161093235016, 0.0, -1814.688232421875], [-0.050969161093235016, 0.9987002015113831, 0.0, -774.7197265625], [0.0, 0.0, 1.0, 0.0], [0.0, 0.0, 0.0, 1.0]], "cam_ids": [0, 1, 2, 3, 4, 5], "cam_channels": ["CAM_FRONT_LEFT", "CAM_FRONT", "CAM_FRONT_RIGHT", "CAM_BACK_LEFT", "CAM_BACK", "CAM_BACK_RIGHT"], "token": "4815b51043b145f08205f8656ce620ca", "scene": "scene-0204"}, {"images": ["samples/CAM_FRONT_LEFT/n008-2018-07-26-12-13-50-0400__CAM_FRONT_LEFT__1532621830104799.jpg", "samples/CAM_FRONT/n008-2018-07-26-12-13-50-0400__CAM_FRONT__1532621830112404.jpg", "samples/CAM_FRONT_RIGHT/n008-2018-07-26-12-13-50-0400__CAM_FRONT_RIGHT__1532621830120482.jpg", "samples/CAM_BACK_LEFT/n008-2018-07-26-12-13-50-0400__CAM_BACK_LEFT__1532621830147405.jpg", "samples/CAM_BACK/n008-2018-07-26-12-13-50-0400__CAM_BACK__1532621830137558.jpg", "samples/CAM_BACK_RIGHT/n008-2018-07-26-12-13-50-0400__CAM_BACK_RIGHT__1532621830128113.jpg"], "intrinsics": [[[1257.8625342125129, 0.0, 827.2410631095686], [0.0, 1257.8625342125129, 450.915498205774], [0.0, 0.0, 1.0]], [[1252.8131021185304, 0.0, 826.588114781398], [0.0, 1252.8131021185304, 469.9846626224581], [0.0, 0.0, 1.0]], [[1256.7485116440405, 0.0, 817.7887570959712], [0.0, 1256.7485116440403, 451.9541780095127], [0.0, 0.0, 1.0]], [[1254.9860565800168, 0.0, 829.5769333630991], [0.0, 1254.9860565800168, 467.1680561863987], [0.0, 0.0, 1.0]], [[796.8910634503094, 0.0, 857.7774326863696], [0.0, 796.8910634503094, 476.8848988407415], [0.0, 0.0, 1.0]], [[1249.9629280788233, 0.0, 825.3768045375984], [0.0, 1249.9629280788233, 462.54816385708756], [0.0, 0.0, 1.0]]], "extrinsics": [[[0.8231875896453857, -0.5674529671669006, 0.01895553432404995, -0.76220703125], [0.015533124096691608, -0.010865135118365288, -0.9998202919960022, 1.4928741455078125], [0.5675569772720337, 0.8233341574668884, -0.00012972959666512907, -1.16650390625], [0.0, 0.0, 0.0, 1.0]], [[0.011282616294920444, -0.9998215436935425, 0.015150287188589573, 0.008544921875], [0.01748739369213581, -0.01495163980871439, -0.9997352957725525, 1.4844169616699219], [0.999783456325531, 0.011544562876224518, 0.0173155777156353, -1.4920654296875], [0.0, 0.0, 0.0, 1.0]], [[-0.8434217572212219, -0.5371792912483215, -0.008840405382215977, 0.9324951171875], [0.025509173050522804, -0.02360464818775654, -0.9993958473205566, 1.4978656768798828], [0.5366460680961609, -0.8431376814842224, 0.03361167758703232, -1.176513671875], [0.0, 0.0, 0.0, 1.0]], [[0.9478814005851746, 0.3186132311820984, -0.0025388968642801046, -1.14208984375], [9.868440974969417e-05, -0.008261904120445251, -0.9999658465385437, 1.562035083770752], [-0.3186233341693878, 0.9478487968444824, -0.00786274578422308, -0.1558380126953125], [0.0, 0.0, 0.0, 1.0]], [[0.008864527568221092, 0.9998347759246826, -0.015871403738856316, -0.02801513671875], [0.0022986717522144318, -0.015892358496785164, -0.999871015548706, 1.568221092224121], [-0.9999580979347229, 0.008826903998851776, -0.002439170842990279, -0.026611328125], [0.0, 0.0, 0.0, 1.0]], [[-0.923876941204071, 0.3821249008178711, -0.020779743790626526, 1.0350341796875], [0.006490208674222231, -0.03864607214927673, -0.9992318749427795, 1.5486984252929688], [-0.3826344609260559, -0.9233022332191467, 0.03322415053844452, -0.0955810546875], [0.0, 0.0, 0.0, 1.0]]], "view": [[0.0, -2.0, 100.0], [-2.0, 0.0, 100.0], [0.0, 0.0, 1.0]], "bev": "bev_6eda10a3fe5d4f2185c43bb5daa8c441.png", "aux": "aux_6eda10a3fe5d4f2185c43bb5daa8c441.npz", "visibility": "visibility_6eda10a3fe5d4f2185c43bb5daa8c441.png", "pose": [[0.9992040991783142, -0.039889030158519745, 0.0, 1776.127197265625], [0.039889030158519745, 0.9992040991783142, 0.0, 866.3346557617188], [0.0, 0.0, 1.0, 0.0], [0.0, 0.0, 0.0, 1.0]], "pose_inverse": [[0.9992040991783142, 0.039889030158519745, 0.0, -1809.2708740234375], [-0.039889030158519745, 0.9992040991783142, 0.0, -794.7971801757812], [0.0, 0.0, 1.0, 0.0], [0.0, 0.0, 0.0, 1.0]], "cam_ids": [0, 1, 2, 3, 4, 5], "cam_channels": ["CAM_FRONT_LEFT", "CAM_FRONT", "CAM_FRONT_RIGHT", "CAM_BACK_LEFT", "CAM_BACK", "CAM_BACK_RIGHT"], "token": "6eda10a3fe5d4f2185c43bb5daa8c441", "scene": "scene-0204"}, {"images": ["samples/CAM_FRONT_LEFT/n008-2018-07-26-12-13-50-0400__CAM_FRONT_LEFT__1532621830604799.jpg", "samples/CAM_FRONT/n008-2018-07-26-12-13-50-0400__CAM_FRONT__1532621830612404.jpg", "samples/CAM_FRONT_RIGHT/n008-2018-07-26-12-13-50-0400__CAM_FRONT_RIGHT__1532621830620482.jpg", "samples/CAM_BACK_LEFT/n008-2018-07-26-12-13-50-0400__CAM_BACK_LEFT__1532621830647405.jpg", "samples/CAM_BACK/n008-2018-07-26-12-13-50-0400__CAM_BACK__1532621830637558.jpg", "samples/CAM_BACK_RIGHT/n008-2018-07-26-12-13-50-0400__CAM_BACK_RIGHT__1532621830628113.jpg"], "intrinsics": [[[1257.8625342125129, 0.0, 827.2410631095686], [0.0, 1257.8625342125129, 450.915498205774], [0.0, 0.0, 1.0]], [[1252.8131021185304, 0.0, 826.588114781398], [0.0, 1252.8131021185304, 469.9846626224581], [0.0, 0.0, 1.0]], [[1256.7485116440405, 0.0, 817.7887570959712], [0.0, 1256.7485116440403, 451.9541780095127], [0.0, 0.0, 1.0]], [[1254.9860565800168, 0.0, 829.5769333630991], [0.0, 1254.9860565800168, 467.1680561863987], [0.0, 0.0, 1.0]], [[796.8910634503094, 0.0, 857.7774326863696], [0.0, 796.8910634503094, 476.8848988407415], [0.0, 0.0, 1.0]], [[1249.9629280788233, 0.0, 825.3768045375984], [0.0, 1249.9629280788233, 462.54816385708756], [0.0, 0.0, 1.0]]], "extrinsics": [[[0.8227291107177734, -0.5682457685470581, 0.014616322703659534, -0.7430419921875], [0.011009025387465954, -0.009779730811715126, -0.9998915195465088, 1.491805076599121], [0.568327009677887, 0.8228008151054382, -0.0017902388935908675, -1.15576171875], [0.0, 0.0, 0.0, 1.0]], [[0.010567291639745235, -0.9998476505279541, 0.013895390555262566, 0.0103759765625], [0.012947848998010159, -0.013758182525634766, -0.9998215436935425, 1.483572006225586], [0.9998603463172913, 0.010745326057076454, 0.012800490483641624, -1.47412109375], [0.0, 0.0, 0.0, 1.0]], [[-0.8437937498092651, -0.5366371870040894, -0.005715248174965382, 0.921142578125], [0.0209526214748621, -0.022300206124782562, -0.9995316863059998, 1.4973392486572266], [0.5362584590911865, -0.8435183763504028, 0.03006073087453842, -1.167724609375], [0.0, 0.0, 0.0, 1.0]], [[0.9478038549423218, 0.31879061460494995, -0.006362291052937508, -1.143310546875], [-0.004392632283270359, -0.006897082086652517, -0.999966561794281, 1.5620441436767578], [-0.318823903799057, 0.9477999806404114, -0.0051367501728236675, -0.157135009765625], [0.0, 0.0, 0.0, 1.0]], [[0.008995943702757359, 0.9998548030853271, -0.014471009373664856, -0.02911376953125], [-0.0022790995426476, -0.01445105392485857, -0.9998929500579834, 1.5679025650024414], [-0.9999570250511169, 0.009027961641550064, 0.0021487672347575426, -0.031005859375], [0.0, 0.0, 0.0, 1.0]], [[-0.9237743020057678, 0.3826029896736145, -0.016001205891370773, 1.025390625], [0.0018786400323733687, -0.03725697472691536, -0.999303936958313, 1.5481319427490234], [-0.38293278217315674, -0.9231613278388977, 0.03369826078414917, -0.098388671875], [0.0, 0.0, 0.0, 1.0]]], "view": [[0.0, -2.0, 100.0], [-2.0, 0.0, 100.0], [0.0, 0.0, 1.0]], "bev": "bev_69be36923bf0412aa045a3a87e2dcb1b.png", "aux": "aux_69be36923bf0412aa045a3a87e2dcb1b.npz", "visibility": "visibility_69be36923bf0412aa045a3a87e2dcb1b.png", "pose": [[0.9994484186172485, -0.033209215849637985, 0.0, 1779.7047119140625], [0.033209215849637985, 0.9994484186172485, 0.0, 866.436279296875], [0.0, 0.0, 1.0, 0.0], [0.0, 0.0, 0.0, 1.0]], "pose_inverse": [[0.9994484186172485, 0.033209215849637985, 0.0, -1807.4967041015625], [-0.033209215849637985, 0.9994484186172485, 0.0, -806.8557739257812], [0.0, 0.0, 1.0, 0.0], [0.0, 0.0, 0.0, 1.0]], "cam_ids": [0, 1, 2, 3, 4, 5], "cam_channels": ["CAM_FRONT_LEFT", "CAM_FRONT", "CAM_FRONT_RIGHT", "CAM_BACK_LEFT", "CAM_BACK", "CAM_BACK_RIGHT"], "token": "69be36923bf0412aa045a3a87e2dcb1b", "scene": "scene-0204"}, {"images": ["samples/CAM_FRONT_LEFT/n008-2018-07-26-12-13-50-0400__CAM_FRONT_LEFT__1532621831104799.jpg", "samples/CAM_FRONT/n008-2018-07-26-12-13-50-0400__CAM_FRONT__1532621831112404.jpg", "samples/CAM_FRONT_RIGHT/n008-2018-07-26-12-13-50-0400__CAM_FRONT_RIGHT__1532621831120482.jpg", "samples/CAM_BACK_LEFT/n008-2018-07-26-12-13-50-0400__CAM_BACK_LEFT__1532621831147405.jpg", "samples/CAM_BACK/n008-2018-07-26-12-13-50-0400__CAM_BACK__1532621831137558.jpg", "samples/CAM_BACK_RIGHT/n008-2018-07-26-12-13-50-0400__CAM_BACK_RIGHT__1532621831128113.jpg"], "intrinsics": [[[1257.8625342125129, 0.0, 827.2410631095686], [0.0, 1257.8625342125129, 450.915498205774], [0.0, 0.0, 1.0]], [[1252.8131021185304, 0.0, 826.588114781398], [0.0, 1252.8131021185304, 469.9846626224581], [0.0, 0.0, 1.0]], [[1256.7485116440405, 0.0, 817.7887570959712], [0.0, 1256.7485116440403, 451.9541780095127], [0.0, 0.0, 1.0]], [[1254.9860565800168, 0.0, 829.5769333630991], [0.0, 1254.9860565800168, 467.1680561863987], [0.0, 0.0, 1.0]], [[796.8910634503094, 0.0, 857.7774326863696], [0.0, 796.8910634503094, 476.8848988407415], [0.0, 0.0, 1.0]], [[1249.9629280788233, 0.0, 825.3768045375984], [0.0, 1249.9629280788233, 462.54816385708756], [0.0, 0.0, 1.0]]], "extrinsics": [[[0.8231368064880371, -0.5676232576370239, 0.015798890963196754, -0.7178955078125], [0.01088380441069603, -0.0120466323569417, -0.9998682141304016, 1.4921045303344727], [0.5677387118339539, 0.8232004046440125, -0.0037381253205239773, -1.1387939453125], [0.0, 0.0, 0.0, 1.0]], [[0.011141843162477016, -0.9998053312301636, 0.016281865537166595, 0.0111083984375], [0.012941178865730762, -0.01613733544945717, -0.9997860789299011, 1.4839210510253906], [0.9998542070388794, 0.011350163258612156, 0.012758859433233738, -1.44775390625], [0.0, 0.0, 0.0, 1.0]], [[-0.8435534238815308, -0.5370269417762756, -0.004440988413989544, 0.9033203125], [0.021046387031674385, -0.024794120341539383, -0.9994710087776184, 1.4978141784667969], [0.536632776260376, -0.8432006239891052, 0.032217640429735184, -1.15618896484375], [0.0, 0.0, 0.0, 1.0]], [[0.9477545022964478, 0.3189161419868469, -0.007345371413975954, -1.1356201171875], [-0.004509993363171816, -0.009628201834857464, -0.9999434947967529, 1.5620136260986328], [-0.31896889209747314, 0.947733998298645, -0.007686860393732786, -0.159759521484375], [0.0, 0.0, 0.0, 1.0]], [[0.008763865567743778, 0.9998141527175903, -0.01717394031584263, -0.0291748046875], [-0.00225167372263968, -0.017154822126030922, -0.9998502731323242, 1.5678844451904297], [-0.9999590516090393, 0.00880122184753418, 0.002100912155583501, -0.0433349609375], [0.0, 0.0, 0.0, 1.0]], [[-0.923898458480835, 0.3822581470012665, -0.017032800242304802, 1.009765625], [0.0019345527980476618, -0.039847176522016525, -0.9992038607597351, 1.548187255859375], [-0.3826325237751007, -0.923196017742157, 0.036075253039598465, -0.104736328125], [0.0, 0.0, 0.0, 1.0]]], "view": [[0.0, -2.0, 100.0], [-2.0, 0.0, 100.0], [0.0, 0.0, 1.0]], "bev": "bev_1448fe76925e4b2e9833b50fb59e7225.png", "aux": "aux_1448fe76925e4b2e9833b50fb59e7225.npz", "visibility": "visibility_1448fe76925e4b2e9833b50fb59e7225.png", "pose": [[0.9995883703231812, -0.028689932078123093, 0.0, 1783.5491943359375], [0.028689932078123093, 0.9995883703231812, 0.0, 866.527587890625], [0.0, 0.0, 1.0, 0.0], [0.0, 0.0, 0.0, 1.0]], "pose_inverse": [[0.9995883703231812, 0.028689932078123093, 0.0, -1807.6756591796875], [-0.028689932078123093, 0.9995883703231812, 0.0, -815.0009765625], [0.0, 0.0, 1.0, 0.0], [0.0, 0.0, 0.0, 1.0]], "cam_ids": [0, 1, 2, 3, 4, 5], "cam_channels": ["CAM_FRONT_LEFT", "CAM_FRONT", "CAM_FRONT_RIGHT", "CAM_BACK_LEFT", "CAM_BACK", "CAM_BACK_RIGHT"], "token": "1448fe76925e4b2e9833b50fb59e7225", "scene": "scene-0204"}, {"images": ["samples/CAM_FRONT_LEFT/n008-2018-07-26-12-13-50-0400__CAM_FRONT_LEFT__1532621831604799.jpg", "samples/CAM_FRONT/n008-2018-07-26-12-13-50-0400__CAM_FRONT__1532621831612404.jpg", "samples/CAM_FRONT_RIGHT/n008-2018-07-26-12-13-50-0400__CAM_FRONT_RIGHT__1532621831620482.jpg", "samples/CAM_BACK_LEFT/n008-2018-07-26-12-13-50-0400__CAM_BACK_LEFT__1532621831647415.jpg", "samples/CAM_BACK/n008-2018-07-26-12-13-50-0400__CAM_BACK__1532621831637558.jpg", "samples/CAM_BACK_RIGHT/n008-2018-07-26-12-13-50-0400__CAM_BACK_RIGHT__1532621831628113.jpg"], "intrinsics": [[[1257.8625342125129, 0.0, 827.2410631095686], [0.0, 1257.8625342125129, 450.915498205774], [0.0, 0.0, 1.0]], [[1252.8131021185304, 0.0, 826.588114781398], [0.0, 1252.8131021185304, 469.9846626224581], [0.0, 0.0, 1.0]], [[1256.7485116440405, 0.0, 817.7887570959712], [0.0, 1256.7485116440403, 451.9541780095127], [0.0, 0.0, 1.0]], [[1254.9860565800168, 0.0, 829.5769333630991], [0.0, 1254.9860565800168, 467.1680561863987], [0.0, 0.0, 1.0]], [[796.8910634503094, 0.0, 857.7774326863696], [0.0, 796.8910634503094, 476.8848988407415], [0.0, 0.0, 1.0]], [[1249.9629280788233, 0.0, 825.3768045375984], [0.0, 1249.9629280788233, 462.54816385708756], [0.0, 0.0, 1.0]]], "extrinsics": [[[0.8226850032806396, -0.5683484077453613, 0.01301417127251625, -0.711181640625], [0.0085303308442235, -0.010548453778028488, -0.9999079704284668, 1.4913535118103027], [0.568433403968811, 0.8227203488349915, -0.0038298573344945908, -1.133544921875], [0.0, 0.0, 0.0, 1.0]], [[0.010473043657839298, -0.999835729598999, 0.014788969419896603, 0.0107421875], [0.010307037271559238, -0.014681056141853333, -0.9998391270637512, 1.4832100868225098], [0.9998920559883118, 0.010623794980347157, 0.010151589289307594, -1.4423828125], [0.0, 0.0, 0.0, 1.0]], [[-0.8438715934753418, -0.5365380048751831, -0.002762587508186698, 0.9012451171875], [0.018142033368349075, -0.02338729053735733, -0.9995617866516113, 1.4972038269042969], [0.5362383127212524, -0.8435520529747009, 0.02946976013481617, -1.155120849609375], [0.0, 0.0, 0.0, 1.0]], [[0.94781893491745, 0.3186548352241516, -0.009917433373630047, -1.142822265625], [-0.007723493967205286, -0.008147796615958214, -0.9999369978904724, 1.5620365142822266], [-0.31871554255485535, 0.9478357434272766, -0.005261506885290146, -0.15655517578125], [0.0, 0.0, 0.0, 1.0]], [[0.009067080914974213, 0.9998342990875244, -0.01578328013420105, -0.02880859375], [-0.005503915250301361, -0.015733787789940834, -0.9998610019683838, 1.5676116943359375], [-0.9999436736106873, 0.009152688086032867, 0.005360344424843788, -0.0391845703125], [0.0, 0.0, 0.0, 1.0]], [[-0.9237737059593201, 0.38269057869911194, -0.013778602704405785, 1.0101318359375], [-0.0010283077135682106, -0.03846011683344841, -0.9992595911026001, 1.547698974609375], [-0.38293713331222534, -0.9230756163597107, 0.03592197224497795, -0.1046142578125], [0.0, 0.0, 0.0, 1.0]]], "view": [[0.0, -2.0, 100.0], [-2.0, 0.0, 100.0], [0.0, 0.0, 1.0]], "bev": "bev_19fa20fbf6124e21b68b4f9699883ded.png", "aux": "aux_19fa20fbf6124e21b68b4f9699883ded.npz", "visibility": "visibility_19fa20fbf6124e21b68b4f9699883ded.png", "pose": [[0.9996324777603149, -0.02710837684571743, 0.0, 1787.560302734375], [0.02710837684571743, 0.9996324777603149, 0.0, 866.6204833984375], [0.0, 0.0, 1.0, 0.0], [0.0, 0.0, 0.0, 1.0]], "pose_inverse": [[0.9996324777603149, 0.02710837684571743, 0.0, -1810.39599609375], [-0.02710837684571743, 0.9996324777603149, 0.0, -817.8441162109375], [0.0, 0.0, 1.0, 0.0], [0.0, 0.0, 0.0, 1.0]], "cam_ids": [0, 1, 2, 3, 4, 5], "cam_channels": ["CAM_FRONT_LEFT", "CAM_FRONT", "CAM_FRONT_RIGHT", "CAM_BACK_LEFT", "CAM_BACK", "CAM_BACK_RIGHT"], "token": "19fa20fbf6124e21b68b4f9699883ded", "scene": "scene-0204"}, {"images": ["samples/CAM_FRONT_LEFT/n008-2018-07-26-12-13-50-0400__CAM_FRONT_LEFT__1532621832154799.jpg", "samples/CAM_FRONT/n008-2018-07-26-12-13-50-0400__CAM_FRONT__1532621832162404.jpg", "samples/CAM_FRONT_RIGHT/n008-2018-07-26-12-13-50-0400__CAM_FRONT_RIGHT__1532621832170482.jpg", "samples/CAM_BACK_LEFT/n008-2018-07-26-12-13-50-0400__CAM_BACK_LEFT__1532621832197405.jpg", "samples/CAM_BACK/n008-2018-07-26-12-13-50-0400__CAM_BACK__1532621832187558.jpg", "samples/CAM_BACK_RIGHT/n008-2018-07-26-12-13-50-0400__CAM_BACK_RIGHT__1532621832178113.jpg"], "intrinsics": [[[1257.8625342125129, 0.0, 827.2410631095686], [0.0, 1257.8625342125129, 450.915498205774], [0.0, 0.0, 1.0]], [[1252.8131021185304, 0.0, 826.588114781398], [0.0, 1252.8131021185304, 469.9846626224581], [0.0, 0.0, 1.0]], [[1256.7485116440405, 0.0, 817.7887570959712], [0.0, 1256.7485116440403, 451.9541780095127], [0.0, 0.0, 1.0]], [[1254.9860565800168, 0.0, 829.5769333630991], [0.0, 1254.9860565800168, 467.1680561863987], [0.0, 0.0, 1.0]], [[796.8910634503094, 0.0, 857.7774326863696], [0.0, 796.8910634503094, 476.8848988407415], [0.0, 0.0, 1.0]], [[1249.9629280788233, 0.0, 825.3768045375984], [0.0, 1249.9629280788233, 462.54816385708756], [0.0, 0.0, 1.0]]], "extrinsics": [[[0.8218812346458435, -0.5695157051086426, 0.01277351938188076, -0.7130126953125], [0.00780342286452651, -0.011165355332195759, -0.9999071955680847, 1.491072177886963], [0.5696054697036743, 0.821904718875885, -0.004732427187263966, -1.1314697265625], [0.0, 0.0, 0.0, 1.0]], [[0.009319297969341278, -0.999839186668396, 0.015319368802011013, 0.00836181640625], [0.009891903027892113, -0.015227108262479305, -0.9998351335525513, 1.4830632209777832], [0.9999076724052429, 0.00946930143982172, 0.009748407639563084, -1.442138671875], [0.0, 0.0, 0.0, 1.0]], [[-0.8443433046340942, -0.5357968807220459, -0.002481509931385517, 0.8997802734375], [0.018077801913022995, -0.023858802393078804, -0.9995518326759338, 1.4971685409545898], [0.5354975461959839, -0.8440098166465759, 0.029831048101186752, -1.156341552734375], [0.0, 0.0, 0.0, 1.0]], [[0.9479267001152039, 0.3183595538139343, -0.009064587764441967, -1.139404296875], [-0.006695719435811043, -0.008534389548003674, -0.9999411106109619, 1.5620079040527344], [-0.3184182047843933, 0.9479315876960754, -0.005958327557891607, -0.1572418212890625], [0.0, 0.0, 0.0, 1.0]], [[0.009463159367442131, 0.9998252987861633, -0.016118686646223068, -0.02813720703125], [-0.004672728944569826, -0.0160750150680542, -0.9998598694801331, 1.5676612854003906], [-0.9999443292617798, 0.00953715294599533, 0.004519792273640633, -0.04150390625], [0.0, 0.0, 0.0, 1.0]], [[-0.9235297441482544, 0.38326284289360046, -0.014220630750060081, 1.0098876953125], [-0.000733872118871659, -0.038844481110572815, -0.9992449879646301, 1.547698974609375], [-0.3835258185863495, -0.922822117805481, 0.036155302077531815, -0.106201171875], [0.0, 0.0, 0.0, 1.0]]], "view": [[0.0, -2.0, 100.0], [-2.0, 0.0, 100.0], [0.0, 0.0, 1.0]], "bev": "bev_b751da34f2334e20b55688d400f03aab.png", "aux": "aux_b751da34f2334e20b55688d400f03aab.npz", "visibility": "visibility_b751da34f2334e20b55688d400f03aab.png", "pose": [[0.9995062351226807, -0.03142094612121582, 0.0, 1792.057373046875], [0.03142094612121582, 0.9995062351226807, 0.0, 866.7054443359375], [0.0, 0.0, 1.0, 0.0], [0.0, 0.0, 0.0, 1.0]], "pose_inverse": [[0.9995062351226807, 0.03142094612121582, 0.0, -1818.4052734375], [-0.03142094612121582, 0.9995062351226807, 0.0, -809.9693603515625], [0.0, 0.0, 1.0, 0.0], [0.0, 0.0, 0.0, 1.0]], "cam_ids": [0, 1, 2, 3, 4, 5], "cam_channels": ["CAM_FRONT_LEFT", "CAM_FRONT", "CAM_FRONT_RIGHT", "CAM_BACK_LEFT", "CAM_BACK", "CAM_BACK_RIGHT"], "token": "b751da34f2334e20b55688d400f03aab", "scene": "scene-0204"}, {"images": ["samples/CAM_FRONT_LEFT/n008-2018-07-26-12-13-50-0400__CAM_FRONT_LEFT__1532621832654799.jpg", "samples/CAM_FRONT/n008-2018-07-26-12-13-50-0400__CAM_FRONT__1532621832662404.jpg", "samples/CAM_FRONT_RIGHT/n008-2018-07-26-12-13-50-0400__CAM_FRONT_RIGHT__1532621832670482.jpg", "samples/CAM_BACK_LEFT/n008-2018-07-26-12-13-50-0400__CAM_BACK_LEFT__1532621832697405.jpg", "samples/CAM_BACK/n008-2018-07-26-12-13-50-0400__CAM_BACK__1532621832687558.jpg", "samples/CAM_BACK_RIGHT/n008-2018-07-26-12-13-50-0400__CAM_BACK_RIGHT__1532621832678113.jpg"], "intrinsics": [[[1257.8625342125129, 0.0, 827.2410631095686], [0.0, 1257.8625342125129, 450.915498205774], [0.0, 0.0, 1.0]], [[1252.8131021185304, 0.0, 826.588114781398], [0.0, 1252.8131021185304, 469.9846626224581], [0.0, 0.0, 1.0]], [[1256.7485116440405, 0.0, 817.7887570959712], [0.0, 1256.7485116440403, 451.9541780095127], [0.0, 0.0, 1.0]], [[1254.9860565800168, 0.0, 829.5769333630991], [0.0, 1254.9860565800168, 467.1680561863987], [0.0, 0.0, 1.0]], [[796.8910634503094, 0.0, 857.7774326863696], [0.0, 796.8910634503094, 476.8848988407415], [0.0, 0.0, 1.0]], [[1249.9629280788233, 0.0, 825.3768045375984], [0.0, 1249.9629280788233, 462.54816385708756], [0.0, 0.0, 1.0]]], "extrinsics": [[[0.8222680687904358, -0.5689548254013062, 0.01288088783621788, -0.712890625], [0.010578682646155357, -0.007349104154855013, -0.9999170303344727, 1.492051124572754], [0.5690022110939026, 0.8223360180854797, -2.4141743779182434e-05, -1.135498046875], [0.0, 0.0, 0.0, 1.0]], [[0.009825276210904121, -0.999887228012085, 0.011360409669578075, 0.01080322265625], [0.01245722733438015, -0.011237682774662971, -0.9998592734336853, 1.483804702758789], [0.9998741149902344, 0.009965412318706512, 0.012345408089458942, -1.4451904296875], [0.0, 0.0, 0.0, 1.0]], [[-0.8441581130027771, -0.5360531210899353, -0.00664010364562273, 0.904052734375], [0.02037649042904377, -0.019706156104803085, -0.9995981454849243, 1.4976348876953125], [0.5357068181037903, -0.8439542651176453, 0.027557993307709694, -1.15704345703125], [0.0, 0.0, 0.0, 1.0]], [[0.9478796720504761, 0.3185669183731079, -0.006260296329855919, -1.1407470703125], [-0.005312326829880476, -0.0038444497622549534, -0.9999785423278809, 1.5620241165161133], [-0.3185841739177704, 0.9478925466537476, -0.001951744081452489, -0.157257080078125], [0.0, 0.0, 0.0, 1.0]], [[0.009343215264379978, 0.9998885989189148, -0.011640596203505993, -0.02880859375], [-0.0030786218121647835, -0.011612284928560257, -0.999927818775177, 1.5678110122680664], [-0.9999516606330872, 0.009378374554216862, 0.0029697821009904146, -0.0389404296875], [0.0, 0.0, 0.0, 1.0]], [[-0.9235938787460327, 0.3831031322479248, -0.01436706818640232, 1.0120849609375], [0.0012100059539079666, -0.03456228971481323, -0.9994018077850342, 1.5480461120605469], [-0.38337045907974243, -0.9230587482452393, 0.03145796060562134, -0.1038818359375], [0.0, 0.0, 0.0, 1.0]]], "view": [[0.0, -2.0, 100.0], [-2.0, 0.0, 100.0], [0.0, 0.0, 1.0]], "bev": "bev_01e854b036024cfcadf225aacda1863e.png", "aux": "aux_01e854b036024cfcadf225aacda1863e.npz", "visibility": "visibility_01e854b036024cfcadf225aacda1863e.png", "pose": [[0.9993390440940857, -0.036352645605802536, 0.0, 1796.213134765625], [0.036352645605802536, 0.9993390440940857, 0.0, 866.80615234375], [0.0, 0.0, 1.0, 0.0], [0.0, 0.0, 0.0, 1.0]], "pose_inverse": [[0.9993390440940857, 0.036352645605802536, 0.0, -1826.53662109375], [-0.036352645605802536, 0.9993390440940857, 0.0, -800.9360961914062], [0.0, 0.0, 1.0, 0.0], [0.0, 0.0, 0.0, 1.0]], "cam_ids": [0, 1, 2, 3, 4, 5], "cam_channels": ["CAM_FRONT_LEFT", "CAM_FRONT", "CAM_FRONT_RIGHT", "CAM_BACK_LEFT", "CAM_BACK", "CAM_BACK_RIGHT"], "token": "01e854b036024cfcadf225aacda1863e", "scene": "scene-0204"}, {"images": ["samples/CAM_FRONT_LEFT/n008-2018-07-26-12-13-50-0400__CAM_FRONT_LEFT__1532621833154799.jpg", "samples/CAM_FRONT/n008-2018-07-26-12-13-50-0400__CAM_FRONT__1532621833162404.jpg", "samples/CAM_FRONT_RIGHT/n008-2018-07-26-12-13-50-0400__CAM_FRONT_RIGHT__1532621833170482.jpg", "samples/CAM_BACK_LEFT/n008-2018-07-26-12-13-50-0400__CAM_BACK_LEFT__1532621833197405.jpg", "samples/CAM_BACK/n008-2018-07-26-12-13-50-0400__CAM_BACK__1532621833187558.jpg", "samples/CAM_BACK_RIGHT/n008-2018-07-26-12-13-50-0400__CAM_BACK_RIGHT__1532621833178113.jpg"], "intrinsics": [[[1257.8625342125129, 0.0, 827.2410631095686], [0.0, 1257.8625342125129, 450.915498205774], [0.0, 0.0, 1.0]], [[1252.8131021185304, 0.0, 826.588114781398], [0.0, 1252.8131021185304, 469.9846626224581], [0.0, 0.0, 1.0]], [[1256.7485116440405, 0.0, 817.7887570959712], [0.0, 1256.7485116440403, 451.9541780095127], [0.0, 0.0, 1.0]], [[1254.9860565800168, 0.0, 829.5769333630991], [0.0, 1254.9860565800168, 467.1680561863987], [0.0, 0.0, 1.0]], [[796.8910634503094, 0.0, 857.7774326863696], [0.0, 796.8910634503094, 476.8848988407415], [0.0, 0.0, 1.0]], [[1249.9629280788233, 0.0, 825.3768045375984], [0.0, 1249.9629280788233, 462.54816385708756], [0.0, 0.0, 1.0]]], "extrinsics": [[[0.8222390413284302, -0.569000244140625, 0.012717713601887226, -0.7130126953125], [0.014360322616994381, -0.0015971286920830607, -0.9998956322669983, 1.4933643341064453], [0.5689611434936523, 0.8223357796669006, 0.006857804488390684, -1.1358642578125], [0.0, 0.0, 0.0, 1.0]], [[0.009908036328852177, -0.9999337792396545, 0.005851204972714186, 0.01123046875], [0.016401777043938637, -0.005688190460205078, -0.9998493194580078, 1.4849510192871094], [0.9998164176940918, 0.010002518072724342, 0.016344333067536354, -1.4439697265625], [0.0, 0.0, 0.0, 1.0]], [[-0.8440084457397461, -0.5361732840538025, -0.012954830192029476, 0.901611328125], [0.024479079991579056, -0.014381439425051212, -0.9995968341827393, 1.4986190795898438], [0.5357707738876343, -0.8439854383468628, 0.025263085961341858, -1.155029296875], [0.0, 0.0, 0.0, 1.0]], [[0.947850227355957, 0.3187158703804016, -0.0005047506419941783, -1.1390380859375], [-0.0007587739382870495, 0.0006728673470206559, -0.999999463558197, 1.562041997909546], [-0.3187154233455658, 0.9478500485420227, 0.0008796107140369713, -0.157806396484375], [0.0, 0.0, 0.0, 1.0]], [[0.00925145298242569, 0.999934196472168, -0.006784630473703146, -0.02899169921875], [0.001272224122658372, -0.006796686444431543, -0.9999760985374451, 1.568178415298462], [-0.9999564290046692, 0.009242603555321693, -0.0013350201770663261, -0.04248046875], [0.0, 0.0, 0.0, 1.0]], [[-0.9235965609550476, 0.3830189108848572, -0.01630517467856407, 1.0091552734375], [0.005427382420748472, -0.029463673010468483, -0.9995511174201965, 1.5487470626831055], [-0.38332730531692505, -0.9232705235481262, 0.025133758783340454, -0.1048583984375], [0.0, 0.0, 0.0, 1.0]]], "view": [[0.0, -2.0, 100.0], [-2.0, 0.0, 100.0], [0.0, 0.0, 1.0]], "bev": "bev_7bde541a71f840ab89d60e89571e12e8.png", "aux": "aux_7bde541a71f840ab89d60e89571e12e8.npz", "visibility": "visibility_7bde541a71f840ab89d60e89571e12e8.png", "pose": [[0.9991030693054199, -0.042344510555267334, 0.0, 1800.279296875], [0.042344510555267334, 0.9991030693054199, 0.0, 866.9256591796875], [0.0, 0.0, 1.0, 0.0], [0.0, 0.0, 0.0, 1.0]], "pose_inverse": [[0.9991030693054199, 0.042344510555267334, 0.0, -1835.3741455078125], [-0.042344510555267334, 0.9991030693054199, 0.0, -789.9161376953125], [0.0, 0.0, 1.0, 0.0], [0.0, 0.0, 0.0, 1.0]], "cam_ids": [0, 1, 2, 3, 4, 5], "cam_channels": ["CAM_FRONT_LEFT", "CAM_FRONT", "CAM_FRONT_RIGHT", "CAM_BACK_LEFT", "CAM_BACK", "CAM_BACK_RIGHT"], "token": "7bde541a71f840ab89d60e89571e12e8", "scene": "scene-0204"}, {"images": ["samples/CAM_FRONT_LEFT/n008-2018-07-26-12-13-50-0400__CAM_FRONT_LEFT__1532621833654799.jpg", "samples/CAM_FRONT/n008-2018-07-26-12-13-50-0400__CAM_FRONT__1532621833662404.jpg", "samples/CAM_FRONT_RIGHT/n008-2018-07-26-12-13-50-0400__CAM_FRONT_RIGHT__1532621833670482.jpg", "samples/CAM_BACK_LEFT/n008-2018-07-26-12-13-50-0400__CAM_BACK_LEFT__1532621833697405.jpg", "samples/CAM_BACK/n008-2018-07-26-12-13-50-0400__CAM_BACK__1532621833687558.jpg", "samples/CAM_BACK_RIGHT/n008-2018-07-26-12-13-50-0400__CAM_BACK_RIGHT__1532621833678113.jpg"], "intrinsics": [[[1257.8625342125129, 0.0, 827.2410631095686], [0.0, 1257.8625342125129, 450.915498205774], [0.0, 0.0, 1.0]], [[1252.8131021185304, 0.0, 826.588114781398], [0.0, 1252.8131021185304, 469.9846626224581], [0.0, 0.0, 1.0]], [[1256.7485116440405, 0.0, 817.7887570959712], [0.0, 1256.7485116440403, 451.9541780095127], [0.0, 0.0, 1.0]], [[1254.9860565800168, 0.0, 829.5769333630991], [0.0, 1254.9860565800168, 467.1680561863987], [0.0, 0.0, 1.0]], [[796.8910634503094, 0.0, 857.7774326863696], [0.0, 796.8910634503094, 476.8848988407415], [0.0, 0.0, 1.0]], [[1249.9629280788233, 0.0, 825.3768045375984], [0.0, 1249.9629280788233, 462.54816385708756], [0.0, 0.0, 1.0]]], "extrinsics": [[[0.8222464323043823, -0.5690796375274658, 0.007707689888775349, -0.7222900390625], [0.006650709081441164, -0.003934313077479601, -0.9999700784683228, 1.4905786514282227], [0.5690929293632507, 0.8222730755805969, 0.0005498051759786904, -1.1429443359375], [0.0, 0.0, 0.0, 1.0]], [[0.009751466102898121, -0.9999193549156189, 0.008125340566039085, 0.011474609375], [0.008441129699349403, -0.008043123409152031, -0.999932050704956, 1.4825639724731445], [0.9999168515205383, 0.009819389320909977, 0.008362018503248692, -1.453369140625], [0.0, 0.0, 0.0, 1.0]], [[-0.8442440032958984, -0.5359371900558472, -0.0048382580280303955, 0.9078369140625], [0.016330525279045105, -0.016699736937880516, -0.999727189540863, 1.4966678619384766], [0.5357102155685425, -0.8440927267074585, 0.02285079099237919, -1.158660888671875], [0.0, 0.0, 0.0, 1.0]], [[0.947881281375885, 0.3184894919395447, -0.009248808026313782, -1.138671875], [-0.009314842522144318, -0.0013156955828890204, -0.9999557137489319, 1.5619888305664062], [-0.31848761439323425, 0.9479254484176636, 0.0017195558175444603, -0.1580657958984375], [0.0, 0.0, 0.0, 1.0]], [[0.009404408745467663, 0.999915599822998, -0.008966939523816109, -0.029052734375], [-0.00708