[{"images": ["samples/CAM_FRONT_LEFT/n008-2018-08-31-11-56-46-0400__CAM_FRONT_LEFT__1535731381604799.jpg", "samples/CAM_FRONT/n008-2018-08-31-11-56-46-0400__CAM_FRONT__1535731381612404.jpg", "samples/CAM_FRONT_RIGHT/n008-2018-08-31-11-56-46-0400__CAM_FRONT_RIGHT__1535731381620482.jpg", "samples/CAM_BACK_LEFT/n008-2018-08-31-11-56-46-0400__CAM_BACK_LEFT__1535731381647405.jpg", "samples/CAM_BACK/n008-2018-08-31-11-56-46-0400__CAM_BACK__1535731381637558.jpg", "samples/CAM_BACK_RIGHT/n008-2018-08-31-11-56-46-0400__CAM_BACK_RIGHT__1535731381628113.jpg"], "intrinsics": [[[1257.8625342125129, 0.0, 827.2410631095686], [0.0, 1257.8625342125129, 450.915498205774], [0.0, 0.0, 1.0]], [[1252.8131021185304, 0.0, 826.588114781398], [0.0, 1252.8131021185304, 469.9846626224581], [0.0, 0.0, 1.0]], [[1256.7485116440405, 0.0, 817.7887570959712], [0.0, 1256.7485116440403, 451.9541780095127], [0.0, 0.0, 1.0]], [[1254.9860565800168, 0.0, 829.5769333630991], [0.0, 1254.9860565800168, 467.1680561863987], [0.0, 0.0, 1.0]], [[796.8910634503094, 0.0, 857.7774326863696], [0.0, 796.8910634503094, 476.8848988407415], [0.0, 0.0, 1.0]], [[1249.9629280788233, 0.0, 825.3768045375984], [0.0, 1249.9629280788233, 462.54816385708756], [0.0, 0.0, 1.0]]], "extrinsics": [[[0.8225941061973572, -0.5685208439826965, -0.011090445332229137, -0.9713134765625], [0.007701184134930372, 0.03064066730439663, -0.9995007514953613, 1.4886035919189453], [0.5685768723487854, 0.8220980763435364, 0.029583115130662918, -1.3101806640625], [0.0, 0.0, 0.0, 1.0]], [[0.010355974547564983, -0.999593198299408, -0.026575153693556786, 0.005764007568359375], [0.009717294946312904, 0.026675928384065628, -0.9995969533920288, 1.4804954528808594], [0.99989914894104, 0.010093566961586475, 0.009989595972001553, -1.70068359375], [0.0, 0.0, 0.0, 1.0]], [[-0.8439170122146606, -0.5359021425247192, -0.02475641295313835, 1.068115234375], [0.01780456118285656, 0.01814294047653675, -0.9996768236160278, 1.4935493469238281], [0.5361781120300293, -0.844085156917572, -0.005769636016339064, -1.2633056640625], [0.0, 0.0, 0.0, 1.0]], [[0.9478601813316345, 0.3186633586883545, 0.003846385981887579, -1.1422119140625], [-0.007332191336899996, 0.033872634172439575, -0.9993992447853088, 1.5620317459106445], [-0.31860223412513733, 0.9472625255584717, 0.034443020820617676, -0.156585693359375], [0.0, 0.0, 0.0, 1.0]], [[0.009129490703344345, 0.9996182322502136, 0.026077663525938988, -0.028659820556640625], [-0.005301523953676224, 0.026126766577363014, -0.9996445178985596, 1.5680055618286133], [-0.999944269657135, 0.008988010697066784, 0.005538024008274078, 0.033203125], [0.0, 0.0, 0.0, 1.0]], [[-0.9237596988677979, 0.38296541571617126, 0.002325524343177676, 1.142333984375], [-0.001186228939332068, 0.0032110444735735655, -0.999994158744812, 1.5477898120880127], [-0.38297057151794434, -0.9237571358680725, -0.002511948347091675, -0.0513916015625], [0.0, 0.0, 0.0, 1.0]]], "view": [[0.0, -2.0, 100.0], [-2.0, 0.0, 100.0], [0.0, 0.0, 1.0]], "bev": "bev_b93594cfacc944bca351b979e0c37397.png", "aux": "aux_b93594cfacc944bca351b979e0c37397.npz", "visibility": "visibility_b93594cfacc944bca351b979e0c37397.png", "pose": [[0.47960594296455383, -0.8774839639663696, 0.0, 680.9201049804688], [0.8774839639663696, 0.47960594296455383, 0.0, 1347.739501953125], [0.0, 0.0, 1.0, 0.0], [0.0, 0.0, 0.0, 1.0]], "pose_inverse": [[0.47960594296455383, 0.8774839639663696, 0.0, -1509.193115234375], [-0.8774839639663696, 0.47960594296455383, 0.0, -48.88736343383789], [0.0, 0.0, 1.0, 0.0], [0.0, 0.0, 0.0, 1.0]], "cam_ids": [0, 1, 2, 3, 4, 5], "cam_channels": ["CAM_FRONT_LEFT", "CAM_FRONT", "CAM_FRONT_RIGHT", "CAM_BACK_LEFT", "CAM_BACK", "CAM_BACK_RIGHT"], "token": "b93594cfacc944bca351b979e0c37397", "scene": "scene-0397"}, {"images": ["samples/CAM_FRONT_LEFT/n008-2018-08-31-11-56-46-0400__CAM_FRONT_LEFT__1535731382104799.jpg", "samples/CAM_FRONT/n008-2018-08-31-11-56-46-0400__CAM_FRONT__1535731382112404.jpg", "samples/CAM_FRONT_RIGHT/n008-2018-08-31-11-56-46-0400__CAM_FRONT_RIGHT__1535731382120482.jpg", "samples/CAM_BACK_LEFT/n008-2018-08-31-11-56-46-0400__CAM_BACK_LEFT__1535731382147405.jpg", "samples/CAM_BACK/n008-2018-08-31-11-56-46-0400__CAM_BACK__1535731382137558.jpg", "samples/CAM_BACK_RIGHT/n008-2018-08-31-11-56-46-0400__CAM_BACK_RIGHT__1535731382128113.jpg"], "intrinsics": [[[1257.8625342125129, 0.0, 827.2410631095686], [0.0, 1257.8625342125129, 450.915498205774], [0.0, 0.0, 1.0]], [[1252.8131021185304, 0.0, 826.588114781398], [0.0, 1252.8131021185304, 469.9846626224581], [0.0, 0.0, 1.0]], [[1256.7485116440405, 0.0, 817.7887570959712], [0.0, 1256.7485116440403, 451.9541780095127], [0.0, 0.0, 1.0]], [[1254.9860565800168, 0.0, 829.5769333630991], [0.0, 1254.9860565800168, 467.1680561863987], [0.0, 0.0, 1.0]], [[796.8910634503094, 0.0, 857.7774326863696], [0.0, 796.8910634503094, 476.8848988407415], [0.0, 0.0, 1.0]], [[1249.9629280788233, 0.0, 825.3768045375984], [0.0, 1249.9629280788233, 462.54816385708756], [0.0, 0.0, 1.0]]], "extrinsics": [[[0.8224716782569885, -0.568699836730957, -0.010996879078447819, -0.964111328125], [0.0068120271898806095, 0.02917996421456337, -0.9995509386062622, 1.4886245727539062], [0.5687653422355652, 0.8220273852348328, 0.02787369303405285, -1.30523681640625], [0.0, 0.0, 0.0, 1.0]], [[0.01015043817460537, -0.9996386766433716, -0.0248867254704237, 0.005950927734375], [0.008747033774852753, 0.024975819513201714, -0.9996498227119446, 1.480520248413086], [0.9999101758003235, 0.009929236955940723, 0.008997390046715736, -1.6937255859375], [0.0, 0.0, 0.0, 1.0]], [[-0.8440220355987549, -0.5358229279518127, -0.022815195843577385, 1.0634765625], [0.01674739643931389, 0.016187870875000954, -0.9997286796569824, 1.4936046600341797], [0.5360469222068787, -0.8441752195358276, -0.004689281340688467, -1.2601318359375], [0.0, 0.0, 0.0, 1.0]], [[0.9478709101676941, 0.31865039467811584, 0.001626934390515089, -1.14208984375], [-0.008742366917431355, 0.031108446419239044, -0.9994778037071228, 1.562027931213379], [-0.3185346722602844, 0.9473617076873779, 0.03227255120873451, -0.156768798828125], [0.0, 0.0, 0.0, 1.0]], [[0.009232040494680405, 0.9996789693832397, 0.023592332378029823, -0.02877044677734375], [-0.006566396448761225, 0.023653434589505196, -0.9996986389160156, 1.5679740905761719], [-0.9999358057975769, 0.009074334986507893, 0.00678265793249011, 0.0313720703125], [0.0, 0.0, 0.0, 1.0]], [[-0.9237115383148193, 0.38308024406433105, 0.002550185890868306, 1.138916015625], [-0.0023313367273658514, 0.0010355381527915597, -0.9999967813491821, 1.5477571487426758], [-0.3830815553665161, -0.9237144589424133, -6.344990833895281e-05, -0.05267333984375], [0.0, 0.0, 0.0, 1.0]]], "view": [[0.0, -2.0, 100.0], [-2.0, 0.0, 100.0], [0.0, 0.0, 1.0]], "bev": "bev_f880bf3419d54ed3a7abfdee6e3386ab.png", "aux": "aux_f880bf3419d54ed3a7abfdee6e3386ab.npz", "visibility": "visibility_f880bf3419d54ed3a7abfdee6e3386ab.png", "pose": [[0.47919338941574097, -0.8777093291282654, 0.0, 681.1527099609375], [0.8777093291282654, 0.47919338941574097, 0.0, 1348.161376953125], [0.0, 0.0, 1.0, 0.0], [0.0, 0.0, 0.0, 1.0]], "pose_inverse": [[0.47919338941574097, 0.8777093291282654, 0.0, -1509.69775390625], [-0.8777093291282654, 0.47919338941574097, 0.0, -48.175933837890625], [0.0, 0.0, 1.0, 0.0], [0.0, 0.0, 0.0, 1.0]], "cam_ids": [0, 1, 2, 3, 4, 5], "cam_channels": ["CAM_FRONT_LEFT", "CAM_FRONT", "CAM_FRONT_RIGHT", "CAM_BACK_LEFT", "CAM_BACK", "CAM_BACK_RIGHT"], "token": "f880bf3419d54ed3a7abfdee6e3386ab", "scene": "scene-0397"}, {"images": ["samples/CAM_FRONT_LEFT/n008-2018-08-31-11-56-46-0400__CAM_FRONT_LEFT__1535731382654799.jpg", "samples/CAM_FRONT/n008-2018-08-31-11-56-46-0400__CAM_FRONT__1535731382662404.jpg", "samples/CAM_FRONT_RIGHT/n008-2018-08-31-11-56-46-0400__CAM_FRONT_RIGHT__1535731382670482.jpg", "samples/CAM_BACK_LEFT/n008-2018-08-31-11-56-46-0400__CAM_BACK_LEFT__1535731382697405.jpg", "samples/CAM_BACK/n008-2018-08-31-11-56-46-0400__CAM_BACK__1535731382687558.jpg", "samples/CAM_BACK_RIGHT/n008-2018-08-31-11-56-46-0400__CAM_BACK_RIGHT__1535731382678113.jpg"], "intrinsics": [[[1257.8625342125129, 0.0, 827.2410631095686], [0.0, 1257.8625342125129, 450.915498205774], [0.0, 0.0, 1.0]], [[1252.8131021185304, 0.0, 826.588114781398], [0.0, 1252.8131021185304, 469.9846626224581], [0.0, 0.0, 1.0]], [[1256.7485116440405, 0.0, 817.7887570959712], [0.0, 1256.7485116440403, 451.9541780095127], [0.0, 0.0, 1.0]], [[1254.9860565800168, 0.0, 829.5769333630991], [0.0, 1254.9860565800168, 467.1680561863987], [0.0, 0.0, 1.0]], [[796.8910634503094, 0.0, 857.7774326863696], [0.0, 796.8910634503094, 476.8848988407415], [0.0, 0.0, 1.0]], [[1249.9629280788233, 0.0, 825.3768045375984], [0.0, 1249.9629280788233, 462.54816385708756], [0.0, 0.0, 1.0]]], "extrinsics": [[[0.822398841381073, -0.5687666535377502, -0.012836960144340992, -0.95361328125], [0.006199465598911047, 0.03152218461036682, -0.9994838237762451, 1.488656997680664], [0.5688776969909668, 0.8218947649002075, 0.029449857771396637, -1.29852294921875], [0.0, 0.0, 0.0, 1.0]], [[0.010055510327219963, -0.999575674533844, -0.027338501065969467, 0.0065326690673828125], [0.008091853000223637, 0.02742033079266548, -0.9995912313461304, 1.4805669784545898], [0.9999167323112488, 0.009830172173678875, 0.00836414285004139, -1.68310546875], [0.0, 0.0, 0.0, 1.0]], [[-0.844062864780426, -0.5357251167297363, -0.023593222722411156, 1.05712890625], [0.016046050935983658, 0.018744997680187225, -0.9996955394744873, 1.4937057495117188], [0.5360041856765747, -0.844184398651123, -0.007225683890283108, -1.2557373046875], [0.0, 0.0, 0.0, 1.0]], [[0.9478700160980225, 0.31865233182907104, 0.0018007502658292651, -1.142333984375], [-0.009499584324657917, 0.03390530124306679, -0.9993798732757568, 1.5620241165161133], [-0.318515807390213, 0.9472650289535522, 0.035164881497621536, -0.156707763671875], [0.0, 0.0, 0.0, 1.0]], [[0.009252351708710194, 0.9996107816696167, 0.026319069787859917, -0.0289154052734375], [-0.007290851324796677, 0.026386935263872147, -0.9996252059936523, 1.5679397583007812], [-0.9999306797981262, 0.009057012386620045, 0.007532154675573111, 0.028564453125], [0.0, 0.0, 0.0, 1.0]], [[-0.9237011671066284, 0.3830903172492981, 0.004223864991217852, 1.1336669921875], [-0.003043977078050375, 0.0036860520485788584, -0.9999886155128479, 1.547722339630127], [-0.3831014335155487, -0.9237035512924194, -0.0022386929485946894, -0.0545654296875], [0.0, 0.0, 0.0, 1.0]]], "view": [[0.0, -2.0, 100.0], [-2.0, 0.0, 100.0], [0.0, 0.0, 1.0]], "bev": "bev_4d89fcb654a740ec912d99ea2c9df554.png", "aux": "aux_4d89fcb654a740ec912d99ea2c9df554.npz", "visibility": "visibility_4d89fcb654a740ec912d99ea2c9df554.png", "pose": [[0.4764637351036072, -0.8791941404342651, 0.0, 681.47900390625], [0.8791941404342651, 0.4764637351036072, 0.0, 1348.753173828125], [0.0, 0.0, 1.0, 0.0], [0.0, 0.0, 0.0, 1.0]], "pose_inverse": [[0.4764637351036072, 0.8791941404342651, 0.0, -1510.515869140625], [-0.8791941404342651, 0.4764637351036072, 0.0, -43.47963333129883], [0.0, 0.0, 1.0, 0.0], [0.0, 0.0, 0.0, 1.0]], "cam_ids": [0, 1, 2, 3, 4, 5], "cam_channels": ["CAM_FRONT_LEFT", "CAM_FRONT", "CAM_FRONT_RIGHT", "CAM_BACK_LEFT", "CAM_BACK", "CAM_BACK_RIGHT"], "token": "4d89fcb654a740ec912d99ea2c9df554", "scene": "scene-0397"}, {"images": ["samples/CAM_FRONT_LEFT/n008-2018-08-31-11-56-46-0400__CAM_FRONT_LEFT__1535731383154799.jpg", "samples/CAM_FRONT/n008-2018-08-31-11-56-46-0400__CAM_FRONT__1535731383162404.jpg", "samples/CAM_FRONT_RIGHT/n008-2018-08-31-11-56-46-0400__CAM_FRONT_RIGHT__1535731383170482.jpg", "samples/CAM_BACK_LEFT/n008-2018-08-31-11-56-46-0400__CAM_BACK_LEFT__1535731383197405.jpg", "samples/CAM_BACK/n008-2018-08-31-11-56-46-0400__CAM_BACK__1535731383187558.jpg", "samples/CAM_BACK_RIGHT/n008-2018-08-31-11-56-46-0400__CAM_BACK_RIGHT__1535731383178113.jpg"], "intrinsics": [[[1257.8625342125129, 0.0, 827.2410631095686], [0.0, 1257.8625342125129, 450.915498205774], [0.0, 0.0, 1.0]], [[1252.8131021185304, 0.0, 826.588114781398], [0.0, 1252.8131021185304, 469.9846626224581], [0.0, 0.0, 1.0]], [[1256.7485116440405, 0.0, 817.7887570959712], [0.0, 1256.7485116440403, 451.9541780095127], [0.0, 0.0, 1.0]], [[1254.9860565800168, 0.0, 829.5769333630991], [0.0, 1254.9860565800168, 467.1680561863987], [0.0, 0.0, 1.0]], [[796.8910634503094, 0.0, 857.7774326863696], [0.0, 796.8910634503094, 476.8848988407415], [0.0, 0.0, 1.0]], [[1249.9629280788233, 0.0, 825.3768045375984], [0.0, 1249.9629280788233, 462.54816385708756], [0.0, 0.0, 1.0]]], "extrinsics": [[[0.822363555431366, -0.5687248110771179, -0.016443677246570587, -0.9512939453125], [0.0015000160783529282, 0.031068244948983192, -0.9995161294937134, 1.4883754253387451], [0.568960428237915, 0.8219409584999084, 0.026402488350868225, -1.2967529296875], [0.0, 0.0, 0.0, 1.0]], [[0.009967938996851444, -0.999588668346405, -0.026890680193901062, 0.0063076019287109375], [0.003400313900783658, 0.026925744488835335, -0.9996317028999329, 1.4803366661071777], [0.9999445080757141, 0.00987280160188675, 0.0036673101130872965, -1.68115234375], [0.0, 0.0, 0.0, 1.0]], [[-0.8441503643989563, -0.5357570648193359, -0.019351720809936523, 1.0557861328125], [0.011366672813892365, 0.018202435225248337, -0.9997696876525879, 1.4935417175292969], [0.5359859466552734, -0.8441759943962097, -0.009275821037590504, -1.25494384765625], [0.0, 0.0, 0.0, 1.0]], [[0.9478596448898315, 0.3186756670475006, -0.002837058389559388, -1.1419677734375], [-0.014166334643959999, 0.03323909267783165, -0.9993469715118408, 1.5620155334472656], [-0.3183732330799103, 0.9472808241844177, 0.03602045774459839, -0.156707763671875], [0.0, 0.0, 0.0, 1.0]], [[0.009360788390040398, 0.999626874923706, 0.025662124156951904, -0.02883148193359375], [-0.01200852356851101, 0.025773774832487106, -0.9995956420898438, 1.567861557006836], [-0.9998840689659119, 0.00904882326722145, 0.012245305813848972, 0.0279541015625], [0.0, 0.0, 0.0, 1.0]], [[-0.923678994178772, 0.38307568430900574, 0.00836848933249712, 1.132568359375], [-0.007768820505589247, 0.003112437902018428, -0.9999649524688721, 1.5475749969482422], [-0.38308829069137573, -0.9237117171287537, 0.00010115237819263712, -0.0550537109375], [0.0, 0.0, 0.0, 1.0]]], "view": [[0.0, -2.0, 100.0], [-2.0, 0.0, 100.0], [0.0, 0.0, 1.0]], "bev": "bev_cb54f6e42a194cca9d6c875833977378.png", "aux": "aux_cb54f6e42a194cca9d6c875833977378.npz", "visibility": "visibility_cb54f6e42a194cca9d6c875833977378.png", "pose": [[0.4739382863044739, -0.8805580735206604, 0.0, 681.8311767578125], [0.8805580735206604, 0.4739382863044739, 0.0, 1349.3895263671875], [0.0, 0.0, 1.0, 0.0], [0.0, 0.0, 0.0, 1.0]], "pose_inverse": [[0.4739382863044739, 0.8805580735206604, 0.0, -1511.3616943359375], [-0.8805580735206604, 0.4739382863044739, 0.0, -39.135398864746094], [0.0, 0.0, 1.0, 0.0], [0.0, 0.0, 0.0, 1.0]], "cam_ids": [0, 1, 2, 3, 4, 5], "cam_channels": ["CAM_FRONT_LEFT", "CAM_FRONT", "CAM_FRONT_RIGHT", "CAM_BACK_LEFT", "CAM_BACK", "CAM_BACK_RIGHT"], "token": "cb54f6e42a194cca9d6c875833977378", "scene": "scene-0397"}, {"images": ["samples/CAM_FRONT_LEFT/n008-2018-08-31-11-56-46-0400__CAM_FRONT_LEFT__1535731383654799.jpg", "samples/CAM_FRONT/n008-2018-08-31-11-56-46-0400__CAM_FRONT__1535731383662404.jpg", "samples/CAM_FRONT_RIGHT/n008-2018-08-31-11-56-46-0400__CAM_FRONT_RIGHT__1535731383670482.jpg", "samples/CAM_BACK_LEFT/n008-2018-08-31-11-56-46-0400__CAM_BACK_LEFT__1535731383697405.jpg", "samples/CAM_BACK/n008-2018-08-31-11-56-46-0400__CAM_BACK__1535731383687558.jpg", "samples/CAM_BACK_RIGHT/n008-2018-08-31-11-56-46-0400__CAM_BACK_RIGHT__1535731383678113.jpg"], "intrinsics": [[[1257.8625342125129, 0.0, 827.2410631095686], [0.0, 1257.8625342125129, 450.915498205774], [0.0, 0.0, 1.0]], [[1252.8131021185304, 0.0, 826.588114781398], [0.0, 1252.8131021185304, 469.9846626224581], [0.0, 0.0, 1.0]], [[1256.7485116440405, 0.0, 817.7887570959712], [0.0, 1256.7485116440403, 451.9541780095127], [0.0, 0.0, 1.0]], [[1254.9860565800168, 0.0, 829.5769333630991], [0.0, 1254.9860565800168, 467.1680561863987], [0.0, 0.0, 1.0]], [[796.8910634503094, 0.0, 857.7774326863696], [0.0, 796.8910634503094, 476.8848988407415], [0.0, 0.0, 1.0]], [[1249.9629280788233, 0.0, 825.3768045375984], [0.0, 1249.9629280788233, 462.54816385708756], [0.0, 0.0, 1.0]]], "extrinsics": [[[0.822379469871521, -0.5687722563743591, -0.013793188147246838, -0.9554443359375], [0.0013819027226418257, 0.02624051459133625, -0.9996546506881714, 1.4883613586425781], [0.5689377188682556, 0.8220764398574829, 0.022365646436810493, -1.29974365234375], [0.0, 0.0, 0.0, 1.0]], [[0.009985370561480522, -0.9997004270553589, -0.02234707400202751, 0.00634765625], [0.0031339656561613083, 0.02237936668097973, -0.9997446537017822, 1.480309009552002], [0.9999452233314514, 0.009912777692079544, 0.0033564933110028505, -1.685546875], [0.0, 0.0, 0.0, 1.0]], [[-0.8441486954689026, -0.5358484983444214, -0.016714928671717644, 1.0584716796875], [0.01092829741537571, 0.013972590677440166, -0.999842643737793, 1.4934864044189453], [0.5359978079795837, -0.8441985845565796, -0.005939033348113298, -1.25677490234375], [0.0, 0.0, 0.0, 1.0]], [[0.9478530883789062, 0.3186710774898529, -0.004824456293135881, -1.14306640625], [-0.015249702148139477, 0.03022799640893936, -0.9994267225265503, 1.562032699584961], [-0.31834256649017334, 0.9473832845687866, 0.033511336892843246, -0.1563720703125], [0.0, 0.0, 0.0, 1.0]], [[0.009373120963573456, 0.999710202217102, 0.022173447534441948, -0.028839111328125], [-0.01285648811608553, 0.02229306846857071, -0.9996687769889832, 1.5678730010986328], [-0.9998734593391418, 0.009084907360374928, 0.01306171901524067, 0.02978515625], [0.0, 0.0, 0.0, 1.0]], [[-0.9236794114112854, 0.3830939531326294, 0.007433431223034859, 1.1351318359375], [-0.008378250524401665, -0.0007978458888828754, -0.9999645948410034, 1.5475807189941406], [-0.38307446241378784, -0.923708975315094, 0.003946610726416111, -0.0540771484375], [0.0, 0.0, 0.0, 1.0]]], "view": [[0.0, -2.0, 100.0], [-2.0, 0.0, 100.0], [0.0, 0.0, 1.0]], "bev": "bev_a7fa58e31e984664982170ea74c24449.png", "aux": "aux_a7fa58e31e984664982170ea74c24449.npz", "visibility": "visibility_a7fa58e31e984664982170ea74c24449.png", "pose": [[0.47144028544425964, -0.8818979859352112, 0.0, 682.1766357421875], [0.8818979859352112, 0.47144028544425964, 0.0, 1350.0230712890625], [0.0, 0.0, 1.0, 0.0], [0.0, 0.0, 0.0, 1.0]], "pose_inverse": [[0.47144028544425964, 0.8818979859352112, 0.0, -1512.188232421875], [-0.8818979859352112, 0.47144028544425964, 0.0, -34.845054626464844], [0.0, 0.0, 1.0, 0.0], [0.0, 0.0, 0.0, 1.0]], "cam_ids": [0, 1, 2, 3, 4, 5], "cam_channels": ["CAM_FRONT_LEFT", "CAM_FRONT", "CAM_FRONT_RIGHT", "CAM_BACK_LEFT", "CAM_BACK", "CAM_BACK_RIGHT"], "token": "a7fa58e31e984664982170ea74c24449", "scene": "scene-0397"}, {"images": ["samples/CAM_FRONT_LEFT/n008-2018-08-31-11-56-46-0400__CAM_FRONT_LEFT__1535731384254799.jpg", "samples/CAM_FRONT/n008-2018-08-31-11-56-46-0400__CAM_FRONT__1535731384262404.jpg", "samples/CAM_FRONT_RIGHT/n008-2018-08-31-11-56-46-0400__CAM_FRONT_RIGHT__1535731384270482.jpg", "samples/CAM_BACK_LEFT/n008-2018-08-31-11-56-46-0400__CAM_BACK_LEFT__1535731384297405.jpg", "samples/CAM_BACK/n008-2018-08-31-11-56-46-0400__CAM_BACK__1535731384287558.jpg", "samples/CAM_BACK_RIGHT/n008-2018-08-31-11-56-46-0400__CAM_BACK_RIGHT__1535731384278113.jpg"], "intrinsics": [[[1257.8625342125129, 0.0, 827.2410631095686], [0.0, 1257.8625342125129, 450.915498205774], [0.0, 0.0, 1.0]], [[1252.8131021185304, 0.0, 826.588114781398], [0.0, 1252.8131021185304, 469.9846626224581], [0.0, 0.0, 1.0]], [[1256.7485116440405, 0.0, 817.7887570959712], [0.0, 1256.7485116440403, 451.9541780095127], [0.0, 0.0, 1.0]], [[1254.9860565800168, 0.0, 829.5769333630991], [0.0, 1254.9860565800168, 467.1680561863987], [0.0, 0.0, 1.0]], [[796.8910634503094, 0.0, 857.7774326863696], [0.0, 796.8910634503094, 476.8848988407415], [0.0, 0.0, 1.0]], [[1249.9629280788233, 0.0, 825.3768045375984], [0.0, 1249.9629280788233, 462.54816385708756], [0.0, 0.0, 1.0]]], "extrinsics": [[[0.8225481510162354, -0.5684496164321899, -0.01672108843922615, -0.947265625], [-0.0005329545820131898, 0.02863200195133686, -0.9995898604393005, 1.4882476329803467], [0.5686952471733093, 0.8222197890281677, 0.02324824035167694, -1.293701171875], [0.0, 0.0, 0.0, 1.0]], [[0.010238596238195896, -0.9996458292007446, -0.024565190076828003, 0.00628662109375], [0.001402848633006215, 0.024580813944339752, -0.9996968507766724, 1.480239987373352], [0.9999465942382812, 0.010201077908277512, 0.0016540245851501822, -1.67724609375], [0.0, 0.0, 0.0, 1.0]], [[-0.844049334526062, -0.5360115766525269, -0.01650308445096016, 1.052978515625], [0.009413675405085087, 0.015959814190864563, -0.9998283386230469, 1.4934883117675781], [0.5361829400062561, -0.8440597653388977, -0.00842503271996975, -1.25341796875], [0.0, 0.0, 0.0, 1.0]], [[0.947849690914154, 0.3186773359775543, -0.005072115454822779, -1.1431884765625], [-0.015893077477812767, 0.031364861875772476, -0.9993816614151001, 1.5620288848876953], [-0.318321168422699, 0.947344183921814, 0.03479393944144249, -0.156402587890625], [0.0, 0.0, 0.0, 1.0]], [[0.00930666271597147, 0.9996776580810547, 0.023619519546628, -0.028797149658203125], [-0.013774414546787739, 0.023746464401483536, -0.9996230602264404, 1.5678253173828125], [-0.9998618364334106, 0.00897775124758482, 0.013990974053740501, 0.02734375], [0.0, 0.0, 0.0, 1.0]], [[-0.9237331748008728, 0.3829245865345001, 0.009253761731088161, 1.1309814453125], [-0.009619993157684803, 0.000958469056058675, -0.9999532699584961, 1.5475025177001953], [-0.3829154968261719, -0.9237790703773499, 0.0027983628679066896, -0.05572509765625], [0.0, 0.0, 0.0, 1.0]]], "view": [[0.0, -2.0, 100.0], [-2.0, 0.0, 100.0], [0.0, 0.0, 1.0]], "bev": "bev_8a91e475773042fdaae75376194d9f26.png", "aux": "aux_8a91e475773042fdaae75376194d9f26.npz", "visibility": "visibility_8a91e475773042fdaae75376194d9f26.png", "pose": [[0.4700484573841095, -0.8826406002044678, 0.0, 682.60888671875], [0.8826406002044678, 0.4700484573841095, 0.0, 1350.8187255859375], [0.0, 0.0, 1.0, 0.0], [0.0, 0.0, 0.0, 1.0]], "pose_inverse": [[0.4700484573841095, 0.8826406002044678, 0.0, -1513.146728515625], [-0.8826406002044678, 0.4700484573841095, 0.0, -32.451942443847656], [0.0, 0.0, 1.0, 0.0], [0.0, 0.0, 0.0, 1.0]], "cam_ids": [0, 1, 2, 3, 4, 5], "cam_channels": ["CAM_FRONT_LEFT", "CAM_FRONT", "CAM_FRONT_RIGHT", "CAM_BACK_LEFT", "CAM_BACK", "CAM_BACK_RIGHT"], "token": "8a91e475773042fdaae75376194d9f26", "scene": "scene-0397"}, {"images": ["samples/CAM_FRONT_LEFT/n008-2018-08-31-11-56-46-0400__CAM_FRONT_LEFT__1535731384754799.jpg", "samples/CAM_FRONT/n008-2018-08-31-11-56-46-0400__CAM_FRONT__1535731384762404.jpg", "samples/CAM_FRONT_RIGHT/n008-2018-08-31-11-56-46-0400__CAM_FRONT_RIGHT__1535731384770482.jpg", "samples/CAM_BACK_LEFT/n008-2018-08-31-11-56-46-0400__CAM_BACK_LEFT__1535731384797405.jpg", "samples/CAM_BACK/n008-2018-08-31-11-56-46-0400__CAM_BACK__1535731384787558.jpg", "samples/CAM_BACK_RIGHT/n008-2018-08-31-11-56-46-0400__CAM_BACK_RIGHT__1535731384778113.jpg"], "intrinsics": [[[1257.8625342125129, 0.0, 827.2410631095686], [0.0, 1257.8625342125129, 450.915498205774], [0.0, 0.0, 1.0]], [[1252.8131021185304, 0.0, 826.588114781398], [0.0, 1252.8131021185304, 469.9846626224581], [0.0, 0.0, 1.0]], [[1256.7485116440405, 0.0, 817.7887570959712], [0.0, 1256.7485116440403, 451.9541780095127], [0.0, 0.0, 1.0]], [[1254.9860565800168, 0.0, 829.5769333630991], [0.0, 1254.9860565800168, 467.1680561863987], [0.0, 0.0, 1.0]], [[796.8910634503094, 0.0, 857.7774326863696], [0.0, 796.8910634503094, 476.8848988407415], [0.0, 0.0, 1.0]], [[1249.9629280788233, 0.0, 825.3768045375984], [0.0, 1249.9629280788233, 462.54816385708756], [0.0, 0.0, 1.0]]], "extrinsics": [[[0.8224456310272217, -0.5686339735984802, -0.015447062440216541, -0.9459228515625], [0.00042705508531071246, 0.02777240052819252, -0.9996141791343689, 1.4883170127868652], [0.5688436031341553, 0.8221216797828674, 0.02308412827551365, -1.2928466796875], [0.0, 0.0, 0.0, 1.0]], [[0.010094881989061832, -0.9996708631515503, -0.023584671318531036, 0.00629425048828125], [0.002404765924438834, 0.023610074073076248, -0.9997183084487915, 1.480299472808838], [0.999946117401123, 0.010035301558673382, 0.002642314648255706, -1.67578125], [0.0, 0.0, 0.0, 1.0]], [[-0.8441004157066345, -0.5359222888946533, -0.01678784005343914, 1.052001953125], [0.010447216220200062, 0.01486515998840332, -0.9998348951339722, 1.4935493469238281], [0.5360833406448364, -0.8441365361213684, -0.006948792841285467, -1.2529296875], [0.0, 0.0, 0.0, 1.0]], [[0.9478603601455688, 0.31865444779396057, -0.004485846031457186, -1.143310546875], [-0.014772854745388031, 0.029873264953494072, -0.9994444847106934, 1.5620346069335938], [-0.3183434307575226, 0.9474000930786133, 0.03302312269806862, -0.156402587890625], [0.0, 0.0, 0.0, 1.0]], [[0.00933042261749506, 0.9997081756591797, 0.022283446043729782, -0.028778076171875], [-0.012724023312330246, 0.02240130677819252, -0.9996680617332458, 1.5678424835205078], [-0.9998754858970642, 0.009043796919286251, 0.012929324992001057, 0.02734375], [0.0, 0.0, 0.0, 1.0]], [[-0.9237068891525269, 0.3830197751522064, 0.007838526740670204, 1.1300048828125], [-0.008589525707066059, -0.00025055845617316663, -0.999963104724884, 1.5475292205810547], [-0.3830035626888275, -0.9237400889396667, 0.0035214002709835768, -0.05609130859375], [0.0, 0.0, 0.0, 1.0]]], "view": [[0.0, -2.0, 100.0], [-2.0, 0.0, 100.0], [0.0, 0.0, 1.0]], "bev": "bev_3c8a9403f85d4620abc3a64e0a235c7b.png", "aux": "aux_3c8a9403f85d4620abc3a64e0a235c7b.npz", "visibility": "visibility_3c8a9403f85d4620abc3a64e0a235c7b.png", "pose": [[0.4697098135948181, -0.8828208446502686, 0.0, 682.986572265625], [0.8828208446502686, 0.4697098135948181, 0.0, 1351.521240234375], [0.0, 0.0, 1.0, 0.0], [0.0, 0.0, 0.0, 1.0]], "pose_inverse": [[0.4697098135948181, 0.8828208446502686, 0.0, -1513.9566650390625], [-0.8828208446502686, 0.4697098135948181, 0.0, -31.868003845214844], [0.0, 0.0, 1.0, 0.0], [0.0, 0.0, 0.0, 1.0]], "cam_ids": [0, 1, 2, 3, 4, 5], "cam_channels": ["CAM_FRONT_LEFT", "CAM_FRONT", "CAM_FRONT_RIGHT", "CAM_BACK_LEFT", "CAM_BACK", "CAM_BACK_RIGHT"], "token": "3c8a9403f85d4620abc3a64e0a235c7b", "scene": "scene-0397"}, {"images": ["samples/CAM_FRONT_LEFT/n008-2018-08-31-11-56-46-0400__CAM_FRONT_LEFT__1535731385254799.jpg", "samples/CAM_FRONT/n008-2018-08-31-11-56-46-0400__CAM_FRONT__1535731385262404.jpg", "samples/CAM_FRONT_RIGHT/n008-2018-08-31-11-56-46-0400__CAM_FRONT_RIGHT__1535731385270482.jpg", "samples/CAM_BACK_LEFT/n008-2018-08-31-11-56-46-0400__CAM_BACK_LEFT__1535731385297405.jpg", "samples/CAM_BACK/n008-2018-08-31-11-56-46-0400__CAM_BACK__1535731385287558.jpg", "samples/CAM_BACK_RIGHT/n008-2018-08-31-11-56-46-0400__CAM_BACK_RIGHT__1535731385278113.jpg"], "intrinsics": [[[1257.8625342125129, 0.0, 827.2410631095686], [0.0, 1257.8625342125129, 450.915498205774], [0.0, 0.0, 1.0]], [[1252.8131021185304, 0.0, 826.588114781398], [0.0, 1252.8131021185304, 469.9846626224581], [0.0, 0.0, 1.0]], [[1256.7485116440405, 0.0, 817.7887570959712], [0.0, 1256.7485116440403, 451.9541780095127], [0.0, 0.0, 1.0]], [[1254.9860565800168, 0.0, 829.5769333630991], [0.0, 1254.9860565800168, 467.1680561863987], [0.0, 0.0, 1.0]], [[796.8910634503094, 0.0, 857.7774326863696], [0.0, 796.8910634503094, 476.8848988407415], [0.0, 0.0, 1.0]], [[1249.9629280788233, 0.0, 825.3768045375984], [0.0, 1249.9629280788233, 462.54816385708756], [0.0, 0.0, 1.0]]], "extrinsics": [[[0.8223792314529419, -0.5687304735183716, -0.015435735695064068, -0.9388427734375], [0.0008841071394272149, 0.02840813621878624, -0.9995959997177124, 1.4883520603179932], [0.5689391493797302, 0.8220332860946655, 0.023865075781941414, -1.28814697265625], [0.0, 0.0, 0.0, 1.0]], [[0.009994919411838055, -0.9996548295021057, -0.024297239258885384, 0.0064105987548828125], [0.002824027556926012, 0.02432657591998577, -0.9997000694274902, 1.4803423881530762], [0.9999459981918335, 0.009923279285430908, 0.003066194709390402, -1.6689453125], [0.0, 0.0, 0.0, 1.0]], [[-0.8441408276557922, -0.5358344912528992, -0.01754057966172695, 1.0479736328125], [0.01082876417785883, 0.01566975563764572, -0.9998185634613037, 1.4936161041259766], [0.5360121726989746, -0.8441776633262634, -0.007425055373460054, -1.25006103515625], [0.0, 0.0, 0.0, 1.0]], [[0.9478583931922913, 0.31866708397865295, -0.00396933825686574, -1.1435546875], [-0.01457060407847166, 0.03089069202542305, -0.9994165897369385, 1.5620365142822266], [-0.3183586001396179, 0.9473632574081421, 0.03392317518591881, -0.156280517578125], [0.0, 0.0, 0.0, 1.0]], [[0.009355749934911728, 0.9996864199638367, 0.023229243233799934, -0.028835296630859375], [-0.012420798651874065, 0.023344647139310837, -0.999650239944458, 1.5678253173828125], [-0.9998791217803955, 0.00906396470963955, 0.012635310180485249, 0.0255126953125], [0.0, 0.0, 0.0, 1.0]], [[-0.9236854910850525, 0.38307106494903564, 0.00785316526889801, 1.1268310546875], [-0.008243820630013943, 0.0006218175403773785, -0.9999657869338989, 1.5475091934204102], [-0.38306277990341187, -0.9237186908721924, 0.002583604771643877, -0.0574951171875], [0.0, 0.0, 0.0, 1.0]]], "view": [[0.0, -2.0, 100.0], [-2.0, 0.0, 100.0], [0.0, 0.0, 1.0]], "bev": "bev_4fc568fb88ef44d5985ceb2106214ac1.png", "aux": "aux_4fc568fb88ef44d5985ceb2106214ac1.npz", "visibility": "visibility_4fc568fb88ef44d5985ceb2106214ac1.png", "pose": [[0.4694604277610779, -0.8829535245895386, 0.0, 683.4038696289062], [0.8829535245895386, 0.4694604277610779, 0.0, 1352.2911376953125], [0.0, 0.0, 1.0, 0.0], [0.0, 0.0, 0.0, 1.0]], "pose_inverse": [[0.4694604277610779, 0.8829535245895386, 0.0, -1514.84130859375], [-0.8829535245895386, 0.4694604277610779, 0.0, -31.433326721191406], [0.0, 0.0, 1.0, 0.0], [0.0, 0.0, 0.0, 1.0]], "cam_ids": [0, 1, 2, 3, 4, 5], "cam_channels": ["CAM_FRONT_LEFT", "CAM_FRONT", "CAM_FRONT_RIGHT", "CAM_BACK_LEFT", "CAM_BACK", "CAM_BACK_RIGHT"], "token": "4fc568fb88ef44d5985ceb2106214ac1", "scene": "scene-0397"}, {"images": ["samples/CAM_FRONT_LEFT/n008-2018-08-31-11-56-46-0400__CAM_FRONT_LEFT__1535731385654799.jpg", "samples/CAM_FRONT/n008-2018-08-31-11-56-46-0400__CAM_FRONT__1535731385662404.jpg", "samples/CAM_FRONT_RIGHT/n008-2018-08-31-11-56-46-0400__CAM_FRONT_RIGHT__1535731385670482.jpg", "samples/CAM_BACK_LEFT/n008-2018-08-31-11-56-46-0400__CAM_BACK_LEFT__1535731385697405.jpg", "samples/CAM_BACK/n008-2018-08-31-11-56-46-0400__CAM_BACK__1535731385687738.jpg", "samples/CAM_BACK_RIGHT/n008-2018-08-31-11-56-46-0400__CAM_BACK_RIGHT__1535731385678113.jpg"], "intrinsics": [[[1257.8625342125129, 0.0, 827.2410631095686], [0.0, 1257.8625342125129, 450.915498205774], [0.0, 0.0, 1.0]], [[1252.8131021185304, 0.0, 826.588114781398], [0.0, 1252.8131021185304, 469.9846626224581], [0.0, 0.0, 1.0]], [[1256.7485116440405, 0.0, 817.7887570959712], [0.0, 1256.7485116440403, 451.9541780095127], [0.0, 0.0, 1.0]], [[1254.9860565800168, 0.0, 829.5769333630991], [0.0, 1254.9860565800168, 467.1680561863987], [0.0, 0.0, 1.0]], [[796.8910634503094, 0.0, 857.7774326863696], [0.0, 796.8910634503094, 476.8848988407415], [0.0, 0.0, 1.0]], [[1249.9629280788233, 0.0, 825.3768045375984], [0.0, 1249.9629280788233, 462.54816385708756], [0.0, 0.0, 1.0]]], "extrinsics": [[[0.8223556280136108, -0.5687902569770813, -0.01445629820227623, -0.9366455078125], [0.0018335012719035149, 0.028056692332029343, -0.9996046423912048, 1.4884393215179443], [0.5689709782600403, 0.8220040202140808, 0.024115456268191338, -1.286376953125], [0.0, 0.0, 0.0, 1.0]], [[0.009975088760256767, -0.9996647238731384, -0.023895973339676857, 0.006329536437988281], [0.0038109549786895514, 0.023934995755553246, -0.9997062683105469, 1.4804191589355469], [0.9999430179595947, 0.009881081990897655, 0.004048429895192385, -1.6666259765625], [0.0, 0.0, 0.0, 1.0]], [[-0.8441345691680908, -0.5358232259750366, -0.018173689022660255, 1.04638671875], [0.011857379227876663, 0.015230915509164333, -0.9998136758804321, 1.4936904907226562], [0.5360001921653748, -0.8441928029060364, -0.006503484211862087, -1.24932861328125], [0.0, 0.0, 0.0, 1.0]], [[0.9478445649147034, 0.3187183737754822, -0.0030499370768666267, -1.1439208984375], [-0.013402224518358707, 0.03029308095574379, -0.999451220035553, 1.5620403289794922], [-0.3184511065483093, 0.9473652839660645, 0.032984666526317596, -0.15618896484375], [0.0, 0.0, 0.0, 1.0]], [[0.00931998435407877, 0.9996987581253052, 0.02270580269396305, -0.028736114501953125], [-0.011313717812299728, 0.022810757160186768, -0.9996757507324219, 1.5678462982177734], [-0.9998925924301147, 0.00906006246805191, 0.011522904969751835, 0.025390625], [0.0, 0.0, 0.0, 1.0]], [[-0.9236898422241211, 0.3830830752849579, 0.006671196781098843, 1.1258544921875], [-0.0071640824899077415, 0.00014001107774674892, -0.9999743103981018, 1.5475425720214844], [-0.38307416439056396, -0.9237138032913208, 0.0026151123456656933, -0.057861328125], [0.0, 0.0, 0.0, 1.0]]], "view": [[0.0, -2.0, 100.0], [-2.0, 0.0, 100.0], [0.0, 0.0, 1.0]], "bev": "bev_f67e5b25a4d741c6ab86a9f1c1d8309b.png", "aux": "aux_f67e5b25a4d741c6ab86a9f1c1d8309b.npz", "visibility": "visibility_f67e5b25a4d741c6ab86a9f1c1d8309b.png", "pose": [[0.4684026837348938, -0.8835151195526123, 0.0, 683.7559814453125], [0.8835151195526123, 0.4684026837348938, 0.0, 1352.943603515625], [0.0, 0.0, 1.0, 0.0], [0.0, 0.0, 0.0, 1.0]], "pose_inverse": [[0.4684026837348938, 0.8835151195526123, 0.0, -1515.6192626953125], [-0.8835151195526123, 0.4684026837348938, 0.0, -29.613689422607422], [0.0, 0.0, 1.0, 0.0], [0.0, 0.0, 0.0, 1.0]], "cam_ids": [0, 1, 2, 3, 4, 5], "cam_channels": ["CAM_FRONT_LEFT", "CAM_FRONT", "CAM_FRONT_RIGHT", "CAM_BACK_LEFT", "CAM_BACK", "CAM_BACK_RIGHT"], "token": "f67e5b25a4d741c6ab86a9f1c1d8309b", "scene": "scene-0397"}, {"images": ["samples/CAM_FRONT_LEFT/n008-2018-08-31-11-56-46-0400__CAM_FRONT_LEFT__1535731386154799.jpg", "samples/CAM_FRONT/n008-2018-08-31-11-56-46-0400__CAM_FRONT__1535731386162404.jpg", "samples/CAM_FRONT_RIGHT/n008-2018-08-31-11-56-46-0400__CAM_FRONT_RIGHT__1535731386170482.jpg", "samples/CAM_BACK_LEFT/n008-2018-08-31-11-56-46-0400__CAM_BACK_LEFT__1535731386197405.jpg", "samples/CAM_BACK/n008-2018-08-31-11-56-46-0400__CAM_BACK__1535731386187558.jpg", "samples/CAM_BACK_RIGHT/n008-2018-08-31-11-56-46-0400__CAM_BACK_RIGHT__1535731386178124.jpg"], "intrinsics": [[[1257.8625342125129, 0.0, 827.2410631095686], [0.0, 1257.8625342125129, 450.915498205774], [0.0, 0.0, 1.0]], [[1252.8131021185304, 0.0, 826.588114781398], [0.0, 1252.8131021185304, 469.9846626224581], [0.0, 0.0, 1.0]], [[1256.7485116440405, 0.0, 817.7887570959712], [0.0, 1256.7485116440403, 451.9541780095127], [0.0, 0.0, 1.0]], [[1254.9860565800168, 0.0, 829.5769333630991], [0.0, 1254.9860565800168, 467.1680561863987], [0.0, 0.0, 1.0]], [[796.8910634503094, 0.0, 857.7774326863696], [0.0, 796.8910634503094, 476.8848988407415], [0.0, 0.0, 1.0]], [[1249.9629280788233, 0.0, 825.3768045375984], [0.0, 1249.9629280788233, 462.54816385708756], [0.0, 0.0, 1.0]]], "extrinsics": [[[0.8223143219947815, -0.568907618522644, -0.01197897270321846, -0.941162109375], [0.003081581322476268, 0.02550335042178631, -0.9996699690818787, 1.488525390625], [0.5690252780914307, 0.8220059871673584, 0.022724902257323265, -1.28955078125], [0.0, 0.0, 0.0, 1.0]], [[0.009918687865138054, -0.9997231960296631, -0.02133457362651825, 0.006346702575683594], [0.005018842406570911, 0.021385125815868378, -0.9997587203979492, 1.4804754257202148], [0.9999381899833679, 0.009809141978621483, 0.005229565314948559, -1.671630859375], [0.0, 0.0, 0.0, 1.0]], [[-0.844149112701416, -0.5358127355575562, -0.017805108800530434, 1.0499267578125], [0.013034720905125141, 0.012688977643847466, -0.9998344779014587, 1.4937000274658203], [0.5359500050544739, -0.8442416191101074, -0.003727220231667161, -1.25140380859375], [0.0, 0.0, 0.0, 1.0]], [[0.9478702545166016, 0.31864431500434875, -0.00278419884853065, -1.1448974609375], [-0.01229832787066698, 0.027850208804011345, -0.9995364546775818, 1.5620594024658203], [-0.31841906905174255, 0.9474651217460632, 0.03031717799603939, -0.155670166015625], [0.0, 0.0, 0.0, 1.0]], [[0.00933801382780075, 0.9997517466545105, 0.02023497223854065, -0.028751373291015625], [-0.010165894404053688, 0.02032972313463688, -0.9997416138648987, 1.567887306213379], [-0.9999048709869385, 0.009129875339567661, 0.010353208519518375, 0.02734375], [0.0, 0.0, 0.0, 1.0]], [[-0.9236754775047302, 0.3831474184989929, 0.004653413780033588, 1.1287841796875], [-0.006021313369274139, -0.0023709472734481096, -0.9999790191650391, 1.5476055145263672], [-0.3831283450126648, -0.9236841201782227, 0.004497036803513765, -0.0567626953125], [0.0, 0.0, 0.0, 1.0]]], "view": [[0.0, -2.0, 100.0], [-2.0, 0.0, 100.0], [0.0, 0.0, 1.0]], "bev": "bev_a2d9c630a28e48918af8b60acea2c825.png", "aux": "aux_a2d9c630a28e48918af8b60acea2c825.npz", "visibility": "visibility_a2d9c630a28e48918af8b60acea2c825.png", "pose": [[0.46398839354515076, -0.8858413100242615, 0.0, 684.2071533203125], [0.8858413100242615, 0.46398839354515076, 0.0, 1353.8006591796875], [0.0, 0.0, 1.0, 0.0], [0.0, 0.0, 0.0, 1.0]], "pose_inverse": [[0.46398839354515076, 0.8858413100242615, 0.0, -1516.7166748046875], [-0.8858413100242615, 0.46398839354515076, 0.0, -22.048845291137695], [0.0, 0.0, 1.0, 0.0], [0.0, 0.0, 0.0, 1.0]], "cam_ids": [0, 1, 2, 3, 4, 5], "cam_channels": ["CAM_FRONT_LEFT", "CAM_FRONT", "CAM_FRONT_RIGHT", "CAM_BACK_LEFT", "CAM_BACK", "CAM_BACK_RIGHT"], "token": "a2d9c630a28e48918af8b60acea2c825", "scene": "scene-0397"}, {"images": ["samples/CAM_FRONT_LEFT/n008-2018-08-31-11-56-46-0400__CAM_FRONT_LEFT__1535731386654799.jpg", "samples/CAM_FRONT/n008-2018-08-31-11-56-46-0400__CAM_FRONT__1535731386662404.jpg", "samples/CAM_FRONT_RIGHT/n008-2018-08-31-11-56-46-0400__CAM_FRONT_RIGHT__1535731386670482.jpg", "samples/CAM_BACK_LEFT/n008-2018-08-31-11-56-46-0400__CAM_BACK_LEFT__1535731386697405.jpg", "samples/CAM_BACK/n008-2018-08-31-11-56-46-0400__CAM_BACK__1535731386687569.jpg", "samples/CAM_BACK_RIGHT/n008-2018-08-31-11-56-46-0400__CAM_BACK_RIGHT__1535731386678592.jpg"], "intrinsics": [[[1257.8625342125129, 0.0, 827.2410631095686], [0.0, 1257.8625342125129, 450.915498205774], [0.0, 0.0, 1.0]], [[1252.8131021185304, 0.0, 826.588114781398], [0.0, 1252.8131021185304, 469.9846626224581], [0.0, 0.0, 1.0]], [[1256.7485116440405, 0.0, 817.7887570959712], [0.0, 1256.7485116440403, 451.9541780095127], [0.0, 0.0, 1.0]], [[1254.9860565800168, 0.0, 829.5769333630991], [0.0, 1254.9860565800168, 467.1680561863987], [0.0, 0.0, 1.0]], [[796.8910634503094, 0.0, 857.7774326863696], [0.0, 796.8910634503094, 476.8848988407415], [0.0, 0.0, 1.0]], [[1249.9629280788233, 0.0, 825.3768045375984], [0.0, 1249.9629280788233, 462.54816385708756], [0.0, 0.0, 1.0]]], "extrinsics": [[[0.8222806453704834, -0.5689519643783569, -0.012171225622296333, -0.94189453125], [0.005133799277245998, 0.028802847489714622, -0.9995719194412231, 1.4886846542358398], [0.5690589547157288, 0.8218661546707153, 0.02660490944981575, -1.2899169921875], [0.0, 0.0, 0.0, 1.0]], [[0.009862053208053112, -0.9996482133865356, -0.024618763476610184, 0.00615161657333374], [0.007045176345854998, 0.024688811972737312, -0.9996703267097473, 1.480605125427246], [0.9999265074729919, 0.0096853356808424, 0.007286178879439831, -1.6722412109375], [0.0, 0.0, 0.0, 1.0]], [[-0.8441604375839233, -0.5356696844100952, -0.0212387777864933, 1.0506591796875], [0.015009946189820766, 0.01598534733057022, -0.9997595548629761, 1.4937820434570312], [0.5358803868293762, -0.8442763090133667, -0.005453824996948242, -1.2520751953125], [0.0, 0.0, 0.0, 1.0]], [[0.9478612542152405, 0.31868329644203186, -0.00013492799189407378, -1.1461181640625], [-0.010558448731899261, 0.030980883166193962, -0.999464213848114, 1.5620689392089844], [-0.3185083866119385, 0.9473547339439392, 0.032730381935834885, -0.155364990234375], [0.0, 0.0, 0.0, 1.0]], [[0.009321657009422779, 0.9996814131736755, 0.023454053327441216, -0.028738021850585938], [-0.0083531746