[{"images": ["samples/CAM_FRONT_LEFT/n015-2018-10-02-10-56-37+0800__CAM_FRONT_LEFT__1538449158354844.jpg", "samples/CAM_FRONT/n015-2018-10-02-10-56-37+0800__CAM_FRONT__1538449158362460.jpg", "samples/CAM_FRONT_RIGHT/n015-2018-10-02-10-56-37+0800__CAM_FRONT_RIGHT__1538449158370339.jpg", "samples/CAM_BACK_LEFT/n015-2018-10-02-10-56-37+0800__CAM_BACK_LEFT__1538449158397423.jpg", "samples/CAM_BACK/n015-2018-10-02-10-56-37+0800__CAM_BACK__1538449158387525.jpg", "samples/CAM_BACK_RIGHT/n015-2018-10-02-10-56-37+0800__CAM_BACK_RIGHT__1538449158377893.jpg"], "intrinsics": [[[1272.5979470598488, 0.0, 826.6154927353808], [0.0, 1272.5979470598488, 479.75165386361925], [0.0, 0.0, 1.0]], [[1266.417203046554, 0.0, 816.2670197447984], [0.0, 1266.417203046554, 491.50706579294757], [0.0, 0.0, 1.0]], [[1260.8474446004698, 0.0, 807.968244525554], [0.0, 1260.8474446004698, 495.3344268742088], [0.0, 0.0, 1.0]], [[1256.7414812095406, 0.0, 792.1125740759628], [0.0, 1256.7414812095406, 492.7757465151356], [0.0, 0.0, 1.0]], [[809.2209905677063, 0.0, 829.2196003259838], [0.0, 809.2209905677063, 481.77842384512485], [0.0, 0.0, 1.0]], [[1259.5137405846733, 0.0, 807.2529053838625], [0.0, 1259.5137405846733, 501.19579884916527], [0.0, 0.0, 1.0]]], "extrinsics": [[[0.8206890821456909, -0.5712916851043701, -0.009756194427609444, -0.965087890625], [-0.019125286489725113, -0.0104010459035635, -0.999763011932373, 1.5082480907440186], [0.5710548758506775, 0.8206811547279358, -0.019462144002318382, -1.2801513671875], [0.0, 0.0, 0.0, 1.0]], [[0.005901682656258345, -0.9998801350593567, 0.014313696883618832, 0.005126953125], [-0.024420928210020065, -0.01445379015058279, -0.9995973110198975, 1.5205328464508057], [0.9996843338012695, 0.005549768917262554, -0.024503305554389954, -1.6922607421875], [0.0, 0.0, 0.0, 1.0]], [[-0.8328399062156677, -0.5533334612846375, 0.014126443304121494, 1.0323486328125], [-0.018796095624566078, 0.00276550417765975, -0.9998194575309753, 1.5036430358886719], [0.553194522857666, -0.8329551815986633, -0.01270373072475195, -1.248779296875], [0.0, 0.0, 0.0, 1.0]], [[0.9475972652435303, 0.3189375400543213, -0.018389159813523293, -1.142333984375], [-0.010110562667250633, -0.027593091130256653, -0.9995681047439575, 1.5885543823242188], [-0.31930726766586304, 0.9473738670349121, -0.02292250283062458, -0.10400390625], [0.0, 0.0, 0.0, 1.0]], [[0.0021382442209869623, 0.9998416900634766, -0.017662551254034042, 0.0029296875], [-0.035519640892744064, -0.017575504258275032, -0.9992144107818604, 1.5793557167053223], [-0.9993666410446167, 0.0027639647014439106, 0.0354764349758625, 0.001708984375], [0.0, 0.0, 0.0, 1.0]], [[-0.9348865151405334, 0.35494160652160645, 0.001919879112392664, 1.136474609375], [-0.00290588173083961, -0.0022448899690061808, -0.9999932646751404, 1.5514456033706665], [-0.3549349009990692, -0.9348857998847961, 0.0031301334965974092, -0.0634765625], [0.0, 0.0, 0.0, 1.0]]], "view": [[0.0, -2.0, 100.0], [-2.0, 0.0, 100.0], [0.0, 0.0, 1.0]], "bev": "bev_7e0b83c539464ecfac224c2dd4ac2455.png", "aux": "aux_7e0b83c539464ecfac224c2dd4ac2455.npz", "visibility": "visibility_7e0b83c539464ecfac224c2dd4ac2455.png", "pose": [[0.5742104053497314, 0.8187077641487122, 0.0, 1463.7232666015625], [-0.8187077641487122, 0.5742104053497314, 0.0, 3072.84912109375], [0.0, 0.0, 1.0, 0.0], [0.0, 0.0, 0.0, 1.0]], "pose_inverse": [[0.5742104053497314, -0.8187077641487122, 0.0, 1675.2802734375], [0.8187077641487122, 0.5742104053497314, 0.0, -2962.823486328125], [0.0, 0.0, 1.0, 0.0], [0.0, 0.0, 0.0, 1.0]], "cam_ids": [0, 1, 2, 3, 4, 5], "cam_channels": ["CAM_FRONT_LEFT", "CAM_FRONT", "CAM_FRONT_RIGHT", "CAM_BACK_LEFT", "CAM_BACK", "CAM_BACK_RIGHT"], "token": "7e0b83c539464ecfac224c2dd4ac2455", "scene": "scene-0786"}, {"images": ["samples/CAM_FRONT_LEFT/n015-2018-10-02-10-56-37+0800__CAM_FRONT_LEFT__1538449158854844.jpg", "samples/CAM_FRONT/n015-2018-10-02-10-56-37+0800__CAM_FRONT__1538449158862460.jpg", "samples/CAM_FRONT_RIGHT/n015-2018-10-02-10-56-37+0800__CAM_FRONT_RIGHT__1538449158870339.jpg", "samples/CAM_BACK_LEFT/n015-2018-10-02-10-56-37+0800__CAM_BACK_LEFT__1538449158897423.jpg", "samples/CAM_BACK/n015-2018-10-02-10-56-37+0800__CAM_BACK__1538449158887525.jpg", "samples/CAM_BACK_RIGHT/n015-2018-10-02-10-56-37+0800__CAM_BACK_RIGHT__1538449158877893.jpg"], "intrinsics": [[[1272.5979470598488, 0.0, 826.6154927353808], [0.0, 1272.5979470598488, 479.75165386361925], [0.0, 0.0, 1.0]], [[1266.417203046554, 0.0, 816.2670197447984], [0.0, 1266.417203046554, 491.50706579294757], [0.0, 0.0, 1.0]], [[1260.8474446004698, 0.0, 807.968244525554], [0.0, 1260.8474446004698, 495.3344268742088], [0.0, 0.0, 1.0]], [[1256.7414812095406, 0.0, 792.1125740759628], [0.0, 1256.7414812095406, 492.7757465151356], [0.0, 0.0, 1.0]], [[809.2209905677063, 0.0, 829.2196003259838], [0.0, 809.2209905677063, 481.77842384512485], [0.0, 0.0, 1.0]], [[1259.5137405846733, 0.0, 807.2529053838625], [0.0, 1259.5137405846733, 501.19579884916527], [0.0, 0.0, 1.0]]], "extrinsics": [[[0.8206963539123535, -0.5712807774543762, -0.009790023788809776, -0.96533203125], [-0.019092397764325142, -0.010295002721250057, -0.9997646808624268, 1.5082505941390991], [0.5710455775260925, 0.8206901550292969, -0.019356191158294678, -1.2803955078125], [0.0, 0.0, 0.0, 1.0]], [[0.005911289714276791, -0.9998815655708313, 0.014206305146217346, 0.005126953125], [-0.024392420426011086, -0.014346507377922535, -0.9995995163917542, 1.5205326080322266], [0.9996849894523621, 0.005562430247664452, -0.024474337697029114, -1.6923828125], [0.0, 0.0, 0.0, 1.0]], [[-0.8328359127044678, -0.5533416271209717, 0.014044571667909622, 1.0323486328125], [-0.01876692660152912, 0.002869349205866456, -0.9998196959495544, 1.5036392211914062], [0.5532016158103943, -0.8329494595527649, -0.012774216942489147, -1.24853515625], [0.0, 0.0, 0.0, 1.0]], [[0.9475984573364258, 0.3189384341239929, -0.018317708745598793, -1.14251708984375], [-0.010070140473544598, -0.02748934179544449, -0.9995713233947754, 1.58856201171875], [-0.31930527091026306, 0.9473766684532166, -0.02283710241317749, -0.103759765625], [0.0, 0.0, 0.0, 1.0]], [[0.0021363329142332077, 0.9998434782028198, -0.01756219007074833, 0.00244140625], [-0.035483114421367645, -0.017475377768278122, -0.9992174506187439, 1.5793566703796387], [-0.9993680119514465, 0.002757853828370571, 0.03544022515416145, 0.001953125], [0.0, 0.0, 0.0, 1.0]], [[-0.9348886609077454, 0.3549361526966095, 0.0019194908672943711, 1.136474609375], [-0.0028661536052823067, -0.0021413934882730246, -0.999993622303009, 1.5514475107192993], [-0.35492977499961853, -0.9348881244659424, 0.0030192655976861715, -0.063720703125], [0.0, 0.0, 0.0, 1.0]]], "view": [[0.0, -2.0, 100.0], [-2.0, 0.0, 100.0], [0.0, 0.0, 1.0]], "bev": "bev_03f4cf569b0b4d93a7bdc5151b6784c0.png", "aux": "aux_03f4cf569b0b4d93a7bdc5151b6784c0.npz", "visibility": "visibility_03f4cf569b0b4d93a7bdc5151b6784c0.png", "pose": [[0.5742570161819458, 0.8186751008033752, 0.0, 1463.7232666015625], [-0.8186751008033752, 0.5742570161819458, 0.0, 3072.84912109375], [0.0, 0.0, 1.0, 0.0], [0.0, 0.0, 0.0, 1.0]], "pose_inverse": [[0.5742570161819458, -0.8186751008033752, 0.0, 1675.1116943359375], [0.8186751008033752, 0.5742570161819458, 0.0, -2962.9189453125], [0.0, 0.0, 1.0, 0.0], [0.0, 0.0, 0.0, 1.0]], "cam_ids": [0, 1, 2, 3, 4, 5], "cam_channels": ["CAM_FRONT_LEFT", "CAM_FRONT", "CAM_FRONT_RIGHT", "CAM_BACK_LEFT", "CAM_BACK", "CAM_BACK_RIGHT"], "token": "03f4cf569b0b4d93a7bdc5151b6784c0", "scene": "scene-0786"}, {"images": ["samples/CAM_FRONT_LEFT/n015-2018-10-02-10-56-37+0800__CAM_FRONT_LEFT__1538449159354844.jpg", "samples/CAM_FRONT/n015-2018-10-02-10-56-37+0800__CAM_FRONT__1538449159362460.jpg", "samples/CAM_FRONT_RIGHT/n015-2018-10-02-10-56-37+0800__CAM_FRONT_RIGHT__1538449159370339.jpg", "samples/CAM_BACK_LEFT/n015-2018-10-02-10-56-37+0800__CAM_BACK_LEFT__1538449159397423.jpg", "samples/CAM_BACK/n015-2018-10-02-10-56-37+0800__CAM_BACK__1538449159387525.jpg", "samples/CAM_BACK_RIGHT/n015-2018-10-02-10-56-37+0800__CAM_BACK_RIGHT__1538449159377893.jpg"], "intrinsics": [[[1272.5979470598488, 0.0, 826.6154927353808], [0.0, 1272.5979470598488, 479.75165386361925], [0.0, 0.0, 1.0]], [[1266.417203046554, 0.0, 816.2670197447984], [0.0, 1266.417203046554, 491.50706579294757], [0.0, 0.0, 1.0]], [[1260.8474446004698, 0.0, 807.968244525554], [0.0, 1260.8474446004698, 495.3344268742088], [0.0, 0.0, 1.0]], [[1256.7414812095406, 0.0, 792.1125740759628], [0.0, 1256.7414812095406, 492.7757465151356], [0.0, 0.0, 1.0]], [[809.2209905677063, 0.0, 829.2196003259838], [0.0, 809.2209905677063, 481.77842384512485], [0.0, 0.0, 1.0]], [[1259.5137405846733, 0.0, 807.2529053838625], [0.0, 1259.5137405846733, 501.19579884916527], [0.0, 0.0, 1.0]]], "extrinsics": [[[0.8207002878189087, -0.5712751746177673, -0.009786414913833141, -0.965087890625], [-0.0190317090600729, -0.010214334353804588, -0.9997666478157043, 1.5082509517669678], [0.5710419416427612, 0.8206951022148132, -0.019255248829722404, -1.2801513671875], [0.0, 0.0, 0.0, 1.0]], [[0.005917280446738005, -0.9998827576637268, 0.014125151559710503, 0.0048828125], [-0.024326005950570107, -0.014265150763094425, -0.9996023178100586, 1.520533800125122], [0.999686598777771, 0.005571266636252403, -0.024407563731074333, -1.6922607421875], [0.0, 0.0, 0.0, 1.0]], [[-0.8328325748443604, -0.5533493757247925, 0.013945447281002998, 1.0324554443359375], [-0.018704872578382492, 0.0029548790771514177, -0.9998206496238708, 1.5036392211914062], [0.5532089471817017, -0.8329440355300903, -0.012811247259378433, -1.248779296875], [0.0, 0.0, 0.0, 1.0]], [[0.9475978016853333, 0.31894394755363464, -0.018253756687045097, -1.14251708984375], [-0.010042514652013779, -0.027370737865567207, -0.9995748996734619, 1.5885543823242188], [-0.31930801272392273, 0.9473783373832703, -0.022733449935913086, -0.103759765625], [0.0, 0.0, 0.0, 1.0]], [[0.0021340891253203154, 0.999845564365387, -0.017446856945753098, 0.0029296875], [-0.035462386906147, -0.017360249534249306, -0.9992202520370483, 1.5793581008911133], [-0.9993687272071838, 0.00275118718855083, 0.03541985899209976, 0.0018310546875], [0.0, 0.0, 0.0, 1.0]], [[-0.9348908066749573, 0.35493022203445435, 0.001916975248605013, 1.13623046875], [-0.0028287083841860294, -0.0020498959347605705, -0.9999939203262329, 1.5514496564865112], [-0.35492414236068726, -0.9348905682563782, 0.0029204213060438633, -0.063720703125], [0.0, 0.0, 0.0, 1.0]]], "view": [[0.0, -2.0, 100.0], [-2.0, 0.0, 100.0], [0.0, 0.0, 1.0]], "bev": "bev_bd2702cf161b4a71b6c8dfac392a80c7.png", "aux": "aux_bd2702cf161b4a71b6c8dfac392a80c7.npz", "visibility": "visibility_bd2702cf161b4a71b6c8dfac392a80c7.png", "pose": [[0.5742310285568237, 0.8186933398246765, 0.0, 1463.7232666015625], [-0.8186933398246765, 0.5742310285568237, 0.0, 3072.84912109375], [0.0, 0.0, 1.0, 0.0], [0.0, 0.0, 0.0, 1.0]], "pose_inverse": [[0.5742310285568237, -0.8186933398246765, 0.0, 1675.2056884765625], [0.8186933398246765, 0.5742310285568237, 0.0, -2962.86572265625], [0.0, 0.0, 1.0, 0.0], [0.0, 0.0, 0.0, 1.0]], "cam_ids": [0, 1, 2, 3, 4, 5], "cam_channels": ["CAM_FRONT_LEFT", "CAM_FRONT", "CAM_FRONT_RIGHT", "CAM_BACK_LEFT", "CAM_BACK", "CAM_BACK_RIGHT"], "token": "bd2702cf161b4a71b6c8dfac392a80c7", "scene": "scene-0786"}, {"images": ["samples/CAM_FRONT_LEFT/n015-2018-10-02-10-56-37+0800__CAM_FRONT_LEFT__1538449159854844.jpg", "samples/CAM_FRONT/n015-2018-10-02-10-56-37+0800__CAM_FRONT__1538449159862460.jpg", "samples/CAM_FRONT_RIGHT/n015-2018-10-02-10-56-37+0800__CAM_FRONT_RIGHT__1538449159870339.jpg", "samples/CAM_BACK_LEFT/n015-2018-10-02-10-56-37+0800__CAM_BACK_LEFT__1538449159897423.jpg", "samples/CAM_BACK/n015-2018-10-02-10-56-37+0800__CAM_BACK__1538449159887525.jpg", "samples/CAM_BACK_RIGHT/n015-2018-10-02-10-56-37+0800__CAM_BACK_RIGHT__1538449159877893.jpg"], "intrinsics": [[[1272.5979470598488, 0.0, 826.6154927353808], [0.0, 1272.5979470598488, 479.75165386361925], [0.0, 0.0, 1.0]], [[1266.417203046554, 0.0, 816.2670197447984], [0.0, 1266.417203046554, 491.50706579294757], [0.0, 0.0, 1.0]], [[1260.8474446004698, 0.0, 807.968244525554], [0.0, 1260.8474446004698, 495.3344268742088], [0.0, 0.0, 1.0]], [[1256.7414812095406, 0.0, 792.1125740759628], [0.0, 1256.7414812095406, 492.7757465151356], [0.0, 0.0, 1.0]], [[809.2209905677063, 0.0, 829.2196003259838], [0.0, 809.2209905677063, 481.77842384512485], [0.0, 0.0, 1.0]], [[1259.5137405846733, 0.0, 807.2529053838625], [0.0, 1259.5137405846733, 501.19579884916527], [0.0, 0.0, 1.0]]], "extrinsics": [[[0.8206830620765686, -0.5712994337081909, -0.009808715432882309, -0.965087890625], [-0.019048113375902176, -0.010197870433330536, -0.9997665882110596, 1.50825035572052], [0.5710660815238953, 0.8206782341003418, -0.019251398742198944, -1.2802734375], [0.0, 0.0, 0.0, 1.0]], [[0.005893127527087927, -0.9998828172683716, 0.014124312438070774, 0.0048828125], [-0.024353139102458954, -0.014263875782489777, -0.9996016621589661, 1.5205317735671997], [0.999686062335968, 0.005546706262975931, -0.024434344843029976, -1.6923828125], [0.0, 0.0, 0.0, 1.0]], [[-0.8328426480293274, -0.5533332824707031, 0.013977611437439919, 1.0320892333984375], [-0.018737707287073135, 0.0029466242995113134, -0.9998200535774231, 1.5036430358886719], [0.5531924962997437, -0.8329547643661499, -0.012822269462049007, -1.2490234375], [0.0, 0.0, 0.0, 1.0]], [[0.9475981593132019, 0.3189407289028168, -0.018289877101778984, -1.14202880859375], [-0.010068628005683422, -0.027406547218561172, -0.9995736479759216, 1.5885543823242188], [-0.31930598616600037, 0.9473783373832703, -0.022759102284908295, -0.10400390625], [0.0, 0.0, 0.0, 1.0]], [[0.00214075343683362, 0.9998449683189392, -0.01747594214975834, 0.002197265625], [-0.03547981381416321, -0.01738903671503067, -0.9992191195487976, 1.5793609619140625], [-0.9993680715560913, 0.00275902496650815, 0.03543708845973015, 0.001708984375], [0.0, 0.0, 0.0, 1.0]], [[-0.9348857998847961, 0.35494327545166016, 0.0019375573610886931, 1.13623046875], [-0.002854534424841404, -0.0020598217379301786, -0.9999938607215881, 1.5514466762542725], [-0.3549371063709259, -0.9348856210708618, 0.0029388952534645796, -0.06396484375], [0.0, 0.0, 0.0, 1.0]]], "view": [[0.0, -2.0, 100.0], [-2.0, 0.0, 100.0], [0.0, 0.0, 1.0]], "bev": "bev_71a87c60f8094230bcff05a875a5ac90.png", "aux": "aux_71a87c60f8094230bcff05a875a5ac90.npz", "visibility": "visibility_71a87c60f8094230bcff05a875a5ac90.png", "pose": [[0.5742944478988647, 0.8186488151550293, 0.0, 1463.7232666015625], [-0.8186488151550293, 0.5742944478988647, 0.0, 3072.84912109375], [0.0, 0.0, 1.0, 0.0], [0.0, 0.0, 0.0, 1.0]], "pose_inverse": [[0.5742944478988647, -0.8186488151550293, 0.0, 1674.97607421875], [0.8186488151550293, 0.5742944478988647, 0.0, -2962.99560546875], [0.0, 0.0, 1.0, 0.0], [0.0, 0.0, 0.0, 1.0]], "cam_ids": [0, 1, 2, 3, 4, 5], "cam_channels": ["CAM_FRONT_LEFT", "CAM_FRONT", "CAM_FRONT_RIGHT", "CAM_BACK_LEFT", "CAM_BACK", "CAM_BACK_RIGHT"], "token": "71a87c60f8094230bcff05a875a5ac90", "scene": "scene-0786"}, {"images": ["samples/CAM_FRONT_LEFT/n015-2018-10-02-10-56-37+0800__CAM_FRONT_LEFT__1538449160354844.jpg", "samples/CAM_FRONT/n015-2018-10-02-10-56-37+0800__CAM_FRONT__1538449160362460.jpg", "samples/CAM_FRONT_RIGHT/n015-2018-10-02-10-56-37+0800__CAM_FRONT_RIGHT__1538449160370339.jpg", "samples/CAM_BACK_LEFT/n015-2018-10-02-10-56-37+0800__CAM_BACK_LEFT__1538449160397423.jpg", "samples/CAM_BACK/n015-2018-10-02-10-56-37+0800__CAM_BACK__1538449160387525.jpg", "samples/CAM_BACK_RIGHT/n015-2018-10-02-10-56-37+0800__CAM_BACK_RIGHT__1538449160377893.jpg"], "intrinsics": [[[1272.5979470598488, 0.0, 826.6154927353808], [0.0, 1272.5979470598488, 479.75165386361925], [0.0, 0.0, 1.0]], [[1266.417203046554, 0.0, 816.2670197447984], [0.0, 1266.417203046554, 491.50706579294757], [0.0, 0.0, 1.0]], [[1260.8474446004698, 0.0, 807.968244525554], [0.0, 1260.8474446004698, 495.3344268742088], [0.0, 0.0, 1.0]], [[1256.7414812095406, 0.0, 792.1125740759628], [0.0, 1256.7414812095406, 492.7757465151356], [0.0, 0.0, 1.0]], [[809.2209905677063, 0.0, 829.2196003259838], [0.0, 809.2209905677063, 481.77842384512485], [0.0, 0.0, 1.0]], [[1259.5137405846733, 0.0, 807.2529053838625], [0.0, 1259.5137405846733, 501.19579884916527], [0.0, 0.0, 1.0]]], "extrinsics": [[[0.8206979632377625, -0.5712749361991882, -0.009988129138946533, -0.965087890625], [-0.019260874018073082, -0.010190545581281185, -0.9997625350952148, 1.5082498788833618], [0.5710375308990479, 0.8206955194473267, -0.019366614520549774, -1.2801513671875], [0.0, 0.0, 0.0, 1.0]], [[0.005919050890952349, -0.9998829960823059, 0.014108233153820038, 0.004638671875], [-0.024554254487156868, -0.014249552972614765, -0.9995969533920288, 1.5205308198928833], [0.9996809363365173, 0.005570211447775364, -0.02463572286069393, -1.6922607421875], [0.0, 0.0, 0.0, 1.0]], [[-0.8328309059143066, -0.5533469915390015, 0.014129391871392727, 1.032470703125], [-0.01893177628517151, 0.002964088460430503, -0.999816358089447, 1.5036430358886719], [0.5532035827636719, -0.8329455256462097, -0.012944426387548447, -1.2490234375], [0.0, 0.0, 0.0, 1.0]], [[0.9475939869880676, 0.3189436197280884, -0.018451780080795288, -1.14227294921875], [-0.010244823060929775, -0.027390286326408386, -0.9995722770690918, 1.5885543823242188], [-0.3193126618862152, 0.9473778009414673, -0.02268735133111477, -0.103759765625], [0.0, 0.0, 0.0, 1.0]], [[0.0021311535965651274, 0.9998452663421631, -0.01745990477502346, 0.002685546875], [-0.03567171096801758, -0.017372818663716316, -0.9992125630378723, 1.57936429977417], [-0.9993613362312317, 0.0027522973250597715, 0.035629164427518845, 0.0015869140625], [0.0, 0.0, 0.0, 1.0]], [[-0.9348894953727722, 0.3549324572086334, 0.0021267628762871027, 1.135986328125], [-0.0030509154312312603, -0.002044112654402852, -0.9999932646751404, 1.5514495372772217], [-0.3549257814884186, -0.9348897337913513, 0.002993887523189187, -0.06396484375], [0.0, 0.0, 0.0, 1.0]]], "view": [[0.0, -2.0, 100.0], [-2.0, 0.0, 100.0], [0.0, 0.0, 1.0]], "bev": "bev_e4386f63c0d84b4d8245850c6a8ce464.png", "aux": "aux_e4386f63c0d84b4d8245850c6a8ce464.npz", "visibility": "visibility_e4386f63c0d84b4d8245850c6a8ce464.png", "pose": [[0.5742730498313904, 0.8186638355255127, 0.0, 1463.7232666015625], [-0.8186638355255127, 0.5742730498313904, 0.0, 3072.84912109375], [0.0, 0.0, 1.0, 0.0], [0.0, 0.0, 0.0, 1.0]], "pose_inverse": [[0.5742730498313904, -0.8186638355255127, 0.0, 1675.0535888671875], [0.8186638355255127, 0.5742730498313904, 0.0, -2962.95166015625], [0.0, 0.0, 1.0, 0.0], [0.0, 0.0, 0.0, 1.0]], "cam_ids": [0, 1, 2, 3, 4, 5], "cam_channels": ["CAM_FRONT_LEFT", "CAM_FRONT", "CAM_FRONT_RIGHT", "CAM_BACK_LEFT", "CAM_BACK", "CAM_BACK_RIGHT"], "token": "e4386f63c0d84b4d8245850c6a8ce464", "scene": "scene-0786"}, {"images": ["samples/CAM_FRONT_LEFT/n015-2018-10-02-10-56-37+0800__CAM_FRONT_LEFT__1538449160854844.jpg", "samples/CAM_FRONT/n015-2018-10-02-10-56-37+0800__CAM_FRONT__1538449160862460.jpg", "samples/CAM_FRONT_RIGHT/n015-2018-10-02-10-56-37+0800__CAM_FRONT_RIGHT__1538449160870339.jpg", "samples/CAM_BACK_LEFT/n015-2018-10-02-10-56-37+0800__CAM_BACK_LEFT__1538449160897423.jpg", "samples/CAM_BACK/n015-2018-10-02-10-56-37+0800__CAM_BACK__1538449160887525.jpg", "samples/CAM_BACK_RIGHT/n015-2018-10-02-10-56-37+0800__CAM_BACK_RIGHT__1538449160877893.jpg"], "intrinsics": [[[1272.5979470598488, 0.0, 826.6154927353808], [0.0, 1272.5979470598488, 479.75165386361925], [0.0, 0.0, 1.0]], [[1266.417203046554, 0.0, 816.2670197447984], [0.0, 1266.417203046554, 491.50706579294757], [0.0, 0.0, 1.0]], [[1260.8474446004698, 0.0, 807.968244525554], [0.0, 1260.8474446004698, 495.3344268742088], [0.0, 0.0, 1.0]], [[1256.7414812095406, 0.0, 792.1125740759628], [0.0, 1256.7414812095406, 492.7757465151356], [0.0, 0.0, 1.0]], [[809.2209905677063, 0.0, 829.2196003259838], [0.0, 809.2209905677063, 481.77842384512485], [0.0, 0.0, 1.0]], [[1259.5137405846733, 0.0, 807.2529053838625], [0.0, 1259.5137405846733, 501.19579884916527], [0.0, 0.0, 1.0]]], "extrinsics": [[[0.8206961750984192, -0.5712798237800598, -0.009861942380666733, -0.965087890625], [-0.01912056840956211, -0.010209623724222183, -0.9997650980949402, 1.5082467794418335], [0.5710448622703552, 0.8206918835639954, -0.019302191212773323, -1.2802734375], [0.0, 0.0, 0.0, 1.0]], [[0.005911942571401596, -0.9998828172683716, 0.014117489568889141, 0.005126953125], [-0.02442816086113453, -0.014257930219173431, -0.9995999336242676, 1.5205328464508057], [0.9996840953826904, 0.0055647059343755245, -0.02450958825647831, -1.6922607421875], [0.0, 0.0, 0.0, 1.0]], [[-0.8328352570533752, -0.5533429384231567, 0.01403507124632597, 1.03228759765625], [-0.018817303702235222, 0.0029623459558933973, -0.9998185038566589, 1.5036392211914062], [0.5532009601593018, -0.8329482674598694, -0.01287956815212965, -1.248779296875], [0.0, 0.0, 0.0, 1.0]], [[0.9475960731506348, 0.31894364953041077, -0.018346810713410378, -1.14239501953125], [-0.010136417113244534, -0.02738339453935623, -0.9995735883712769, 1.5885543823242188], [-0.31931009888648987, 0.9473780393600464, -0.022715451195836067, -0.103759765625], [0.0, 0.0, 0.0, 1.0]], [[0.0021352185867726803, 0.9998454451560974, -0.017452958971261978, 0.00244140625], [-0.035569507628679276, -0.017366016283631325, -0.9992163181304932, 1.5793585777282715], [-0.9993649125099182, 0.0027543941978365183, 0.035526927560567856, 0.001953125], [0.0, 0.0, 0.0, 1.0]], [[-0.9348884224891663, 0.35493603348731995, 0.002022627741098404, 1.13623046875], [-0.0029404994565993547, -0.0020466384012252092, -0.999993622303009, 1.551445722579956], [-0.3549295961856842, -0.9348883628845215, 0.002957066288217902, -0.063720703125], [0.0, 0.0, 0.0, 1.0]]], "view": [[0.0, -2.0, 100.0], [-2.0, 0.0, 100.0], [0.0, 0.0, 1.0]], "bev": "bev_ad528c5d7fdb4fe98cf20134e018ae2e.png", "aux": "aux_ad528c5d7fdb4fe98cf20134e018ae2e.npz", "visibility": "visibility_ad528c5d7fdb4fe98cf20134e018ae2e.png", "pose": [[0.5742997527122498, 0.8186451196670532, 0.0, 1463.7232666015625], [-0.8186451196670532, 0.5742997527122498, 0.0, 3072.84912109375], [0.0, 0.0, 1.0, 0.0], [0.0, 0.0, 0.0, 1.0]], "pose_inverse": [[0.5742997527122498, -0.8186451196670532, 0.0, 1674.95703125], [0.8186451196670532, 0.5742997527122498, 0.0, -2963.00634765625], [0.0, 0.0, 1.0, 0.0], [0.0, 0.0, 0.0, 1.0]], "cam_ids": [0, 1, 2, 3, 4, 5], "cam_channels": ["CAM_FRONT_LEFT", "CAM_FRONT", "CAM_FRONT_RIGHT", "CAM_BACK_LEFT", "CAM_BACK", "CAM_BACK_RIGHT"], "token": "ad528c5d7fdb4fe98cf20134e018ae2e", "scene": "scene-0786"}, {"images": ["samples/CAM_FRONT_LEFT/n015-2018-10-02-10-56-37+0800__CAM_FRONT_LEFT__1538449161354844.jpg", "samples/CAM_FRONT/n015-2018-10-02-10-56-37+0800__CAM_FRONT__1538449161362479.jpg", "samples/CAM_FRONT_RIGHT/n015-2018-10-02-10-56-37+0800__CAM_FRONT_RIGHT__1538449161370339.jpg", "samples/CAM_BACK_LEFT/n015-2018-10-02-10-56-37+0800__CAM_BACK_LEFT__1538449161397423.jpg", "samples/CAM_BACK/n015-2018-10-02-10-56-37+0800__CAM_BACK__1538449161387525.jpg", "samples/CAM_BACK_RIGHT/n015-2018-10-02-10-56-37+0800__CAM_BACK_RIGHT__1538449161377893.jpg"], "intrinsics": [[[1272.5979470598488, 0.0, 826.6154927353808], [0.0, 1272.5979470598488, 479.75165386361925], [0.0, 0.0, 1.0]], [[1266.417203046554, 0.0, 816.2670197447984], [0.0, 1266.417203046554, 491.50706579294757], [0.0, 0.0, 1.0]], [[1260.8474446004698, 0.0, 807.968244525554], [0.0, 1260.8474446004698, 495.3344268742088], [0.0, 0.0, 1.0]], [[1256.7414812095406, 0.0, 792.1125740759628], [0.0, 1256.7414812095406, 492.7757465151356], [0.0, 0.0, 1.0]], [[809.2209905677063, 0.0, 829.2196003259838], [0.0, 809.2209905677063, 481.77842384512485], [0.0, 0.0, 1.0]], [[1259.5137405846733, 0.0, 807.2529053838625], [0.0, 1259.5137405846733, 501.19579884916527], [0.0, 0.0, 1.0]]], "extrinsics": [[[0.8206875920295715, -0.5712908506393433, -0.009936737827956676, -0.965087890625], [-0.019132394343614578, -0.01009521633386612, -0.999765932559967, 1.5082463026046753], [0.5710568428039551, 0.8206856846809387, -0.019215177744627, -1.280029296875], [0.0, 0.0, 0.0, 1.0]], [[0.005900384858250618, -0.9998844265937805, 0.01400890201330185, 0.005126953125], [-0.02442922256886959, -0.014149095863103867, -0.9996014833450317, 1.5205316543579102], [0.9996841549873352, 0.005555775016546249, -0.024509882554411888, -1.692138671875], [0.0, 0.0, 0.0, 1.0]], [[-0.8328400254249573, -0.553337574005127, 0.013967025093734264, 1.03228759765625], [-0.0188036747276783, 0.0030649681575596333, -0.9998185038566589, 1.5036468505859375], [0.5531943440437317, -0.8329514861106873, -0.012957405298948288, -1.2490234375], [0.0, 0.0, 0.0, 1.0]], [[0.9475972056388855, 0.31894344091415405, -0.018291281536221504, -1.1422119140625], [-0.010109331458806992, -0.02728998102247715, -0.9995764493942261, 1.5885543823242188], [-0.31930750608444214, 0.9473808407783508, -0.022635607048869133, -0.103759765625], [0.0, 0.0, 0.0, 1.0]], [[0.0021393876522779465, 0.9998470544815063, -0.01736212521791458, 0.0029296875], [-0.035516563802957535, -0.017275240272283554, -0.9992197751998901, 1.5793585777282715], [-0.999366819858551, 0.002754373010247946, 0.03547416627407074, 0.0018310546875], [0.0, 0.0, 0.0, 1.0]], [[-0.9348863959312439, 0.35494136810302734, 0.0020272834226489067, 1.13623046875], [-0.0029078125953674316, -0.0019473775755614042, -0.9999938607215881, 1.5514557361602783], [-0.3549352288246155, -0.9348865747451782, 0.002852680627256632, -0.063720703125], [0.0, 0.0, 0.0, 1.0]]], "view": [[0.0, -2.0, 100.0], [-2.0, 0.0, 100.0], [0.0, 0.0, 1.0]], "bev": "bev_23bd1b9dfa334883807ae9e0422b8081.png", "aux": "aux_23bd1b9dfa334883807ae9e0422b8081.npz", "visibility": "visibility_23bd1b9dfa334883807ae9e0422b8081.png", "pose": [[0.5742338299751282, 0.8186913728713989, 0.0, 1463.7232666015625], [-0.8186913728713989, 0.5742338299751282, 0.0, 3072.84912109375], [0.0, 0.0, 1.0, 0.0], [0.0, 0.0, 0.0, 1.0]], "pose_inverse": [[0.5742338299751282, -0.8186913728713989, 0.0, 1675.1956787109375], [0.8186913728713989, 0.5742338299751282, 0.0, -2962.871337890625], [0.0, 0.0, 1.0, 0.0], [0.0, 0.0, 0.0, 1.0]], "cam_ids": [0, 1, 2, 3, 4, 5], "cam_channels": ["CAM_FRONT_LEFT", "CAM_FRONT", "CAM_FRONT_RIGHT", "CAM_BACK_LEFT", "CAM_BACK", "CAM_BACK_RIGHT"], "token": "23bd1b9dfa334883807ae9e0422b8081", "scene": "scene-0786"}, {"images": ["samples/CAM_FRONT_LEFT/n015-2018-10-02-10-56-37+0800__CAM_FRONT_LEFT__1538449161854844.jpg", "samples/CAM_FRONT/n015-2018-10-02-10-56-37+0800__CAM_FRONT__1538449161862460.jpg", "samples/CAM_FRONT_RIGHT/n015-2018-10-02-10-56-37+0800__CAM_FRONT_RIGHT__1538449161870339.jpg", "samples/CAM_BACK_LEFT/n015-2018-10-02-10-56-37+0800__CAM_BACK_LEFT__1538449161897423.jpg", "samples/CAM_BACK/n015-2018-10-02-10-56-37+0800__CAM_BACK__1538449161887525.jpg", "samples/CAM_BACK_RIGHT/n015-2018-10-02-10-56-37+0800__CAM_BACK_RIGHT__1538449161877893.jpg"], "intrinsics": [[[1272.5979470598488, 0.0, 826.6154927353808], [0.0, 1272.5979470598488, 479.75165386361925], [0.0, 0.0, 1.0]], [[1266.417203046554, 0.0, 816.2670197447984], [0.0, 1266.417203046554, 491.50706579294757], [0.0, 0.0, 1.0]], [[1260.8474446004698, 0.0, 807.968244525554], [0.0, 1260.8474446004698, 495.3344268742088], [0.0, 0.0, 1.0]], [[1256.7414812095406, 0.0, 792.1125740759628], [0.0, 1256.7414812095406, 492.7757465151356], [0.0, 0.0, 1.0]], [[809.2209905677063, 0.0, 829.2196003259838], [0.0, 809.2209905677063, 481.77842384512485], [0.0, 0.0, 1.0]], [[1259.5137405846733, 0.0, 807.2529053838625], [0.0, 1259.5137405846733, 501.19579884916527], [0.0, 0.0, 1.0]]], "extrinsics": [[[0.8207064867019653, -0.5712622404098511, -0.010011549107730389, -0.965087890625], [-0.019202519208192825, -0.010066191665828228, -0.9997649192810059, 1.508248209953308], [0.5710272192955017, 0.8207058310508728, -0.01923106424510479, -1.2801513671875], [0.0, 0.0, 0.0, 1.0]], [[0.005930167622864246, -0.9998846054077148, 0.013981499709188938, 0.0048828125], [-0.024498745799064636, -0.01412281859666109, -0.9996001124382019, 1.5205341577529907], [0.9996821880340576, 0.005585239734500647, -0.024579672142863274, -1.692138671875], [0.0, 0.0, 0.0, 1.0]], [[-0.8328262567520142, -0.5533570051193237, 0.014014913700520992, 1.03216552734375], [-0.01887829788029194, 0.0030902186408638954, -0.9998170137405396, 1.5036392211914062], [0.5532124638557434, -0.8329384922981262, -0.013020053505897522, -1.2490234375], [0.0, 0.0, 0.0, 1.0]], [[0.9475951790809631, 0.3189448416233063, -0.018372029066085815, -1.1422119140625], [-0.010191520676016808, -0.027298737317323685, -0.9995753765106201, 1.5885543823242188], [-0.3193109631538391, 0.947380006313324, -0.02261761948466301, -0.10400390625], [0.0, 0.0, 0.0, 1.0]], [[0.0021291968878358603, 0.9998471736907959, -0.017351971939206123, 0.002685546875], [-0.035613834857940674, -0.017265181988477707, -0.9992164969444275, 1.57936429977417], [-0.999363362789154, 0.0027454558294266462, 0.0355716347694397, 0.001708984375], [0.0, 0.0, 0.0, 1.0]], [[-0.9348920583724976, 0.3549257516860962, 0.0021199143957346678, 1.13623046875], [-0.0029976919759064913, -0.0019232719205319881, -0.9999936819076538, 1.551444411277771], [-0.3549194037914276, -0.9348925352096558, 0.0028620087541639805, -0.06396484375], [0.0, 0.0, 0.0, 1.0]]], "view": [[0.0, -2.0, 100.0], [-2.0, 0.0, 100.0], [0.0, 0.0, 1.0]], "bev": "bev_0284d527f78e4922a8edb489e628b544.png", "aux": "aux_0284d527f78e4922a8edb489e628b544.npz", "visibility": "visibility_0284d527f78e4922a8edb489e628b544.png", "pose": [[0.5742405652999878, 0.8186866044998169, 0.0, 1463.7232666015625], [-0.8186866044998169, 0.5742405652999878, 0.0, 3072.84912109375], [0.0, 0.0, 1.0, 0.0], [0.0, 0.0, 0.0, 1.0]], "pose_inverse": [[0.5742405652999878, -0.8186866044998169, 0.0, 1675.171142578125], [0.8186866044998169, 0.5742405652999878, 0.0, -2962.88525390625], [0.0, 0.0, 1.0, 0.0], [0.0, 0.0, 0.0, 1.0]], "cam_ids": [0, 1, 2, 3, 4, 5], "cam_channels": ["CAM_FRONT_LEFT", "CAM_FRONT", "CAM_FRONT_RIGHT", "CAM_BACK_LEFT", "CAM_BACK", "CAM_BACK_RIGHT"], "token": "0284d527f78e4922a8edb489e628b544", "scene": "scene-0786"}, {"images": ["samples/CAM_FRONT_LEFT/n015-2018-10-02-10-56-37+0800__CAM_FRONT_LEFT__1538449162354844.jpg", "samples/CAM_FRONT/n015-2018-10-02-10-56-37+0800__CAM_FRONT__1538449162362460.jpg", "samples/CAM_FRONT_RIGHT/n015-2018-10-02-10-56-37+0800__CAM_FRONT_RIGHT__1538449162370339.jpg", "samples/CAM_BACK_LEFT/n015-2018-10-02-10-56-37+0800__CAM_BACK_LEFT__1538449162397423.jpg", "samples/CAM_BACK/n015-2018-10-02-10-56-37+0800__CAM_BACK__1538449162387525.jpg", "samples/CAM_BACK_RIGHT/n015-2018-10-02-10-56-37+0800__CAM_BACK_RIGHT__1538449162377893.jpg"], "intrinsics": [[[1272.5979470598488, 0.0, 826.6154927353808], [0.0, 1272.5979470598488, 479.75165386361925], [0.0, 0.0, 1.0]], [[1266.417203046554, 0.0, 816.2670197447984], [0.0, 1266.417203046554, 491.50706579294757], [0.0, 0.0, 1.0]], [[1260.8474446004698, 0.0, 807.968244525554], [0.0, 1260.8474446004698, 495.3344268742088], [0.0, 0.0, 1.0]], [[1256.7414812095406, 0.0, 792.1125740759628], [0.0, 1256.7414812095406, 492.7757465151356], [0.0, 0.0, 1.0]], [[809.2209905677063, 0.0, 829.2196003259838], [0.0, 809.2209905677063, 481.77842384512485], [0.0, 0.0, 1.0]], [[1259.5137405846733, 0.0, 807.2529053838625], [0.0, 1259.5137405846733, 501.19579884916527], [0.0, 0.0, 1.0]]], "extrinsics": [[[0.8206788897514343, -0.5713022947311401, -0.00998733937740326, -0.96484375], [-0.01920127682387829, -0.010105149820446968, -0.9997645616531372, 1.50824773311615], [0.5710669755935669, 0.8206775784492493, -0.01926281675696373, -1.2801513671875], [0.0, 0.0, 0.0, 1.0]], [[0.005893141496926546, -0.9998841881752014, 0.01402867678552866, 0.005126953125], [-0.02450183965265751, -0.014169089496135712, -0.9995993971824646, 1.5205326080322266], [0.9996824860572815, 0.0055470941588282585, -0.024582503363490105, -1.6922607421875], [0.0, 0.0, 0.0, 1.0]], [[-0.8328403234481812, -0.5533351302146912, 0.014043858274817467, 1.032379150390625], [-0.01887914352118969, 0.003039787756279111, -0.9998171329498291, 1.5036430358886719], [0.5531912446022034, -0.8329532146453857, -0.012978147715330124, -1.248779296875], [0.0, 0.0, 0.0, 1.0]], [[0.9475942850112915, 0.3189460039138794, -0.01840067468583584, -1.1419677734375], [-0.010216022841632366, -0.027315616607666016, -0.999574601650238, 1.5885658264160156], [-0.31931281089782715, 0.9473792314529419, -0.022625766694545746, -0.103759765625], [0.0, 0.0, 0.0, 1.0]], [[0.0021373697090893984, 0.999846339225769, -0.017397917807102203, 0.002685546875], [-0.03563467413187027, -0.01731075532734394, -0.9992149472236633, 1.579357624053955], [-0.9993626475334167, 0.0027555935084819794, 0.035592202097177505, 0.0018310546875], [0.0, 0.0, 0.0, 1.0]], [[-0.9348859190940857, 0.3549421429634094, 0.0020937230437994003, 1.13623046875], [-0.0029892288148403168, -0.001974628074094653, -0.9999935626983643, 1.5514501333236694], [-0.3549357056617737, -0.9348862171173096, 0.002907054265961051, -0.063720703125], [0.0, 0.0, 0.0, 1.0]]], "view": [[0.0, -2.0, 100.0], [-2.0, 0.0, 100.0], [0.0, 0.0, 1.0]], "bev": "bev_f25e4ef9a49444f4a916abc35775120f.png", "aux": "aux_f25e4ef9a49444f4a916abc35775120f.npz", "visibility": "visibility_f25e4ef9a49444f4a916abc35775120f.png", "pose": [[0.5742600560188293, 0.8186729550361633, 0.0, 1463.7232666015625], [-0.8186729550361633, 0.5742600560188293, 0.0, 3072.84912109375], [0.0, 0.0, 1.0, 0.0], [0.0, 0.0, 0.0, 1.0]], "pose_inverse": [[0.5742600560188293, -0.8186729550361633, 0.0, 1675.1007080078125], [0.8186729550361633, 0.5742600560188293, 0.0, -2962.925048828125], [0.0, 0.0, 1.0, 0.0], [0.0, 0.0, 0.0, 1.0]], "cam_ids": [0, 1, 2, 3, 4, 5], "cam_channels": ["CAM_FRONT_LEFT", "CAM_FRONT", "CAM_FRONT_RIGHT", "CAM_BACK_LEFT", "CAM_BACK", "CAM_BACK_RIGHT"], "token": "f25e4ef9a49444f4a916abc35775120f", "scene": "scene-0786"}, {"images": ["samples/CAM_FRONT_LEFT/n015-2018-10-02-10-56-37+0800__CAM_FRONT_LEFT__1538449162854844.jpg", "samples/CAM_FRONT/n015-2018-10-02-10-56-37+0800__CAM_FRONT__1538449162862460.jpg", "samples/CAM_FRONT_RIGHT/n015-2018-10-02-10-56-37+0800__CAM_FRONT_RIGHT__1538449162870339.jpg", "samples/CAM_BACK_LEFT/n015-2018-10-02-10-56-37+0800__CAM_BACK_LEFT__1538449162897423.jpg", "samples/CAM_BACK/n015-2018-10-02-10-56-37+0800__CAM_BACK__1538449162887525.jpg", "samples/CAM_BACK_RIGHT/n015-2018-10-02-10-56-37+0800__CAM_BACK_RIGHT__1538449162877898.jpg"], "intrinsics": [[[1272.5979470598488, 0.0, 826.6154927353808], [0.0, 1272.5979470598488, 479.75165386361925], [0.0, 0.0, 1.0]], [[1266.417203046554, 0.0, 816.2670197447984], [0.0, 1266.417203046554, 491.50706579294757], [0.0, 0.0, 1.0]], [[1260.8474446004698, 0.0, 807.968244525554], [0.0, 1260.8474446004698, 495.3344268742088], [0.0, 0.0, 1.0]], [[1256.7414812095406, 0.0, 792.1125740759628], [0.0, 1256.7414812095406, 492.7757465151356], [0.0, 0.0, 1.0]], [[809.2209905677063, 0.0, 829.2196003259838], [0.0, 809.2209905677063, 481.77842384512485], [0.0, 0.0, 1.0]], [[1259.5137405846733, 0.0, 807.2529053838625], [0.0, 1259.5137405846733, 501.19579884916527], [0.0, 0.0, 1.0]]], "extrinsics": [[[0.8206935524940491, -0.5712805986404419, -0.010029098019003868, -0.965087890625], [-0.019314555451273918, -0.010195732116699219, -0.9997614622116089, 1.5082494020462036], [0.5710420608520508, 0.8206915259361267, -0.01940160244703293, -1.2802734375], [0.0, 0.0, 0.0, 1.0]], [[0.005914491601288319, -0.9998828768730164, 0.01411336101591587, 0.005126953125], [-0.024608876556158066, -0.014254868030548096, -0.9995955228805542, 1.5205379724502563], [0.999679684638977, 0.005564659833908081, -0.024690302088856697, -1.6923828125], [0.0, 0.0, 0.0, 1.0]], [[-0.8328324556350708, -0.553343653678894, 0.014174384996294975, 1.0323486328125], [-0.018986305221915245, 0.002964962273836136, -0.9998152852058411, 1.5036430358886719], [0.5531994104385376, -0.8329477310180664, -0.012975268065929413, -1.248779296875], [0.0, 0.0, 0.0, 1.0]], [[0.9475921988487244, 0.3189457356929779, -0.018509890884160995, -1.1422119140625], [-0.010313400067389011, -0.02736852504312992, -0.9995721578598022, 1.5885543823242188], [-0.31931591033935547, 0.9473777413368225, -0.022644784301519394, -0.103759765625], [0.0, 0.0, 0.0, 1.0]], [[0.0021315375342965126, 0.9998455047607422, -0.01744878850877285, 0.00244140625], [-0.03572738543152809, -0.01736154593527317, -0.999210774898529, 1.5793538093566895], [-0.9993592500686646, 0.002753183711320162, 0.03568485751748085, 0.001708984375], [0.0, 0.0, 0.0, 1.0]], [[-0.9348883628845215, 0.3549351096153259, 0.002182434545829892, 1.13623046875], [-0.0031070392578840256, -0.0020350650884211063, -0.999993085861206, 1.5514483451843262], [-0.35492831468582153, -0.9348887205123901, 0.00300535443238914, -0.0634765625], [0.0, 0.0, 0.0, 1.0]]], "view": [[0.0, -2.0, 100.0], [-2.0, 0.0, 100.0], [0.0, 0.0, 1.0]], "bev": "bev_dd274eae793d4d7ca33e7ed59e257f90.png", "aux": "aux_dd274eae793d4d7ca33e7ed59e257f90.npz", "visibility": "visibility_dd274eae793d4d7ca33e7ed59e257f90.png", "pose": [[0.574248194694519, 0.8186812996864319, 0.0, 1463.7232666015625], [-0.8186812996864319, 0.574248194694519, 0.0, 3072.84912109375], [0.0, 0.0, 1.0, 0.0], [0.0, 0.0, 0.0, 1.0]], "pose_inverse": [[0.574248194694519, -0.8186812996864319, 0.0, 1675.1436767578125], [0.8186812996864319, 0.574248194694519, 0.0, -2962.90087890625], [0.0, 0.0, 1.0, 0.0], [0.0, 0.0, 0.0, 1.0]], "cam_ids": [0, 1, 2, 3, 4, 5], "cam_channels": ["CAM_FRONT_LEFT", "CAM_FRONT", "CAM_FRONT_RIGHT", "CAM_BACK_LEFT", "CAM_BACK", "CAM_BACK_RIGHT"], "token": "dd274eae793d4d7ca33e7ed59e257f90", "scene": "scene-0786"}, {"images": ["samples/CAM_FRONT_LEFT/n015-2018-10-02-10-56-37+0800__CAM_FRONT_LEFT__1538449163354844.jpg", "samples/CAM_FRONT/n015-2018-10-02-10-56-37+0800__CAM_FRONT__1538449163362460.jpg", "samples/CAM_FRONT_RIGHT/n015-2018-10-02-10-56-37+0800__CAM_FRONT_RIGHT__1538449163370339.jpg", "samples/CAM_BACK_LEFT/n015-2018-10-02-10-56-37+0800__CAM_BACK_LEFT__1538449163397423.jpg", "samples/CAM_BACK/n015-2018-10-02-10-56-37+0800__CAM_BACK__1538449163387526.jpg", "samples/CAM_BACK_RIGHT/n015-2018-10-02-10-56-37+0800__CAM_BACK_RIGHT__1538449163377897.jpg"], "intrinsics": [[[1272.5979470598488, 0.0, 826.6154927353808], [0.0, 1272.5979470598488, 479.75165386361925], [0.0, 0.0, 1.0]], [[1266.417203046554, 0.0, 816.2670197447984], [0.0, 1266.417203046554, 491.50706579294757], [0.0, 0.0, 1.0]], [[1260.8474446004698, 0.0, 807.968244525554], [0.0, 1260.8474446004698, 495.3344268742088], [0.0, 0.0, 1.0]], [[1256.7414812095406, 0.0, 792.1125740759628], [0.0, 1256.7414812095406, 492.7757465151356], [0.0, 0.0, 1.0]], [[809.2209905677063, 0.0, 829.2196003259838], [0.0, 809.2209905677063, 481.77842384512485], [0.0, 0.0, 1.0]], [[1259.5137405846733, 0.0, 807.2529053838625], [0.0, 1259.5137405846733, 501.19579884916527], [0.0, 0.0, 1.0]]], "extrinsics": [[[0.820690393447876, -0.5712839365005493, -0.01009463518857956, -0.96484375], [-0.01935146376490593, -0.010133901610970497, -0.9997613430023193, 1.5082472562789917], [0.5710453391075134, 0.820689857006073, -0.01937197521328926, -1.2803955078125], [0.0, 0.0, 0.0, 1.0]], [[0.005909692496061325, -0.9998837113380432, 0.014055700972676277, 0.0048828125], [-0.02465118281543255, -0.014197343960404396, -0.9995953440666199, 1.5205354690551758], [0.9996786117553711, 0.005560758989304304, -0.02473221905529499, -1.6923828125], [0.0, 0.0, 0.0, 1.0]], [[-0.8328348994255066, -0.5533395409584045, 0.014184534549713135, 1.0321197509765625], [-0.019033661112189293, 0.003018038347363472, -0.9998142719268799, 1.5036468505859375], [0.5531940460205078, -0.832950234413147, -0.013045604340732098, -1.24853515625], [0.0, 0.0, 0.0, 1.0]], [[0.9475917816162109, 0.31894490122795105, -0.01854020170867443, -1.1422119140625], [-0.010358823463320732, -0.027328677475452423, -0.9995728135108948, 1.5885581970214844], [-0.3193153440952301, 0.9473791122436523, -0.022592538967728615, -0.103759765625], [0.0, 0.0, 0.0, 1.0]], [[0.002133272821083665, 0.9998464584350586, -0.017390137538313866, 0.002685546875], [-0.03578098863363266, -0.017302721738815308, -0.9992098808288574, 1.5793614387512207], [-0.9993573