[{"images": ["samples/CAM_FRONT_LEFT/n008-2018-09-18-14-43-59-0400__CAM_FRONT_LEFT__1537296404254799.jpg", "samples/CAM_FRONT/n008-2018-09-18-14-43-59-0400__CAM_FRONT__1537296404262404.jpg", "samples/CAM_FRONT_RIGHT/n008-2018-09-18-14-43-59-0400__CAM_FRONT_RIGHT__1537296404270482.jpg", "samples/CAM_BACK_LEFT/n008-2018-09-18-14-43-59-0400__CAM_BACK_LEFT__1537296404297405.jpg", "samples/CAM_BACK/n008-2018-09-18-14-43-59-0400__CAM_BACK__1537296404287558.jpg", "samples/CAM_BACK_RIGHT/n008-2018-09-18-14-43-59-0400__CAM_BACK_RIGHT__1537296404278113.jpg"], "intrinsics": [[[1257.8625342125129, 0.0, 827.2410631095686], [0.0, 1257.8625342125129, 450.915498205774], [0.0, 0.0, 1.0]], [[1252.8131021185304, 0.0, 826.588114781398], [0.0, 1252.8131021185304, 469.9846626224581], [0.0, 0.0, 1.0]], [[1256.7485116440405, 0.0, 817.7887570959712], [0.0, 1256.7485116440403, 451.9541780095127], [0.0, 0.0, 1.0]], [[1254.9860565800168, 0.0, 829.5769333630991], [0.0, 1254.9860565800168, 467.1680561863987], [0.0, 0.0, 1.0]], [[796.8910634503094, 0.0, 857.7774326863696], [0.0, 796.8910634503094, 476.8848988407415], [0.0, 0.0, 1.0]], [[1249.9629280788233, 0.0, 825.3768045375984], [0.0, 1249.9629280788233, 462.54816385708756], [0.0, 0.0, 1.0]]], "extrinsics": [[[0.8225866556167603, -0.5680597424507141, -0.025677978992462158, -0.6241455078125], [-0.009624800644814968, 0.03124147281050682, -0.9994655251502991, 1.4837093353271484], [0.5685583353042603, 0.8223941326141357, 0.020231354981660843, -1.0765380859375], [0.0, 0.0, 0.0, 1.0]], [[0.010328905656933784, -0.999576985836029, -0.027187813073396683, 0.01373291015625], [-0.007790346629917622, 0.027107996866106987, -0.9996021389961243, 1.4770736694335938], [0.9999163150787354, 0.010536577552556992, -0.007507056463509798, -1.3536376953125], [0.0, 0.0, 0.0, 1.0]], [[-0.8440319299697876, -0.5362004041671753, -0.009963794611394405, 0.8409423828125], [9.779096581041813e-05, 0.01842513494193554, -0.9998302459716797, 1.4930367469787598], [0.5362929701805115, -0.8438896536827087, -0.015498965047299862, -1.11468505859375], [0.0, 0.0, 0.0, 1.0]], [[0.9478498101234436, 0.3184298872947693, -0.013533453457057476, -1.1346435546875], [-0.02560258097946644, 0.033747125416994095, -0.9991024136543274, 1.5618019104003906], [-0.317687451839447, 0.947345495223999, 0.04013983532786369, -0.158935546875], [0.0, 0.0, 0.0, 1.0]], [[0.009531809017062187, 0.9996179938316345, 0.025946276262402534, -0.029052734375], [-0.02337430976331234, 0.026163099333643913, -0.999384343624115, 1.5652580261230469], [-0.9996814131736755, 0.00891949888318777, 0.023614762350916862, -0.07421875], [0.0, 0.0, 0.0, 1.0]], [[-0.9236768484115601, 0.3827052414417267, 0.018918411806225777, 0.956787109375], [-0.019070371985435486, 0.0033968803472816944, -0.9998123645782471, 1.5436153411865234], [-0.3826977610588074, -0.9238641858100891, 0.004160712007433176, -0.12530517578125], [0.0, 0.0, 0.0, 1.0]]], "view": [[0.0, -2.0, 100.0], [-2.0, 0.0, 100.0], [0.0, 0.0, 1.0]], "bev": "bev_41ac7958cc934126a1503b25cd90f9ba.png", "aux": "aux_41ac7958cc934126a1503b25cd90f9ba.npz", "visibility": "visibility_41ac7958cc934126a1503b25cd90f9ba.png", "pose": [[-0.648398756980896, 0.7613009214401245, 0.0, 1157.8544921875], [-0.7613009214401245, -0.648398756980896, 0.0, 898.8344116210938], [0.0, 0.0, 1.0, 0.0], [0.0, 0.0, 0.0, 1.0]], "pose_inverse": [[-0.648398756980896, -0.7613009214401245, 0.0, 1435.034912109375], [0.7613009214401245, -0.648398756980896, 0.0, -298.67254638671875], [0.0, 0.0, 1.0, 0.0], [0.0, 0.0, 0.0, 1.0]], "cam_ids": [0, 1, 2, 3, 4, 5], "cam_channels": ["CAM_FRONT_LEFT", "CAM_FRONT", "CAM_FRONT_RIGHT", "CAM_BACK_LEFT", "CAM_BACK", "CAM_BACK_RIGHT"], "token": "41ac7958cc934126a1503b25cd90f9ba", "scene": "scene-0643"}, {"images": ["samples/CAM_FRONT_LEFT/n008-2018-09-18-14-43-59-0400__CAM_FRONT_LEFT__1537296404754799.jpg", "samples/CAM_FRONT/n008-2018-09-18-14-43-59-0400__CAM_FRONT__1537296404762404.jpg", "samples/CAM_FRONT_RIGHT/n008-2018-09-18-14-43-59-0400__CAM_FRONT_RIGHT__1537296404770482.jpg", "samples/CAM_BACK_LEFT/n008-2018-09-18-14-43-59-0400__CAM_BACK_LEFT__1537296404797405.jpg", "samples/CAM_BACK/n008-2018-09-18-14-43-59-0400__CAM_BACK__1537296404787558.jpg", "samples/CAM_BACK_RIGHT/n008-2018-09-18-14-43-59-0400__CAM_BACK_RIGHT__1537296404778113.jpg"], "intrinsics": [[[1257.8625342125129, 0.0, 827.2410631095686], [0.0, 1257.8625342125129, 450.915498205774], [0.0, 0.0, 1.0]], [[1252.8131021185304, 0.0, 826.588114781398], [0.0, 1252.8131021185304, 469.9846626224581], [0.0, 0.0, 1.0]], [[1256.7485116440405, 0.0, 817.7887570959712], [0.0, 1256.7485116440403, 451.9541780095127], [0.0, 0.0, 1.0]], [[1254.9860565800168, 0.0, 829.5769333630991], [0.0, 1254.9860565800168, 467.1680561863987], [0.0, 0.0, 1.0]], [[796.8910634503094, 0.0, 857.7774326863696], [0.0, 796.8910634503094, 476.8848988407415], [0.0, 0.0, 1.0]], [[1249.9629280788233, 0.0, 825.3768045375984], [0.0, 1249.9629280788233, 462.54816385708756], [0.0, 0.0, 1.0]]], "extrinsics": [[[0.8229244351387024, -0.5677234530448914, -0.02203461155295372, -0.6309814453125], [-0.00590922124683857, 0.030228303745388985, -0.9995255470275879, 1.4854850769042969], [0.5681201815605164, 0.822664201259613, 0.02152080461382866, -1.08111572265625], [0.0, 0.0, 0.0, 1.0]], [[0.010956749320030212, -0.9996011853218079, -0.02602773904800415, 0.0137939453125], [-0.004153828602284193, 0.025983577594161034, -0.9996537566184998, 1.478501319885254], [0.9999313354492188, 0.011060971766710281, -0.0038674769457429647, -1.3614501953125], [0.0, 0.0, 0.0, 1.0]], [[-0.8437670469284058, -0.5365679860115051, -0.012325555086135864, 0.8460693359375], [0.003674508538097143, 0.017189286649227142, -0.9998455047607422, 1.4940845966339111], [0.5366969108581543, -0.8436819911003113, -0.012532131746411324, -1.11785888671875], [0.0, 0.0, 0.0, 1.0]], [[0.9477922916412354, 0.3187054693698883, -0.010793407447636127, -1.12451171875], [-0.022220581769943237, 0.03224094957113266, -0.999233067035675, 1.5615882873535156], [-0.3181130886077881, 0.9473052620887756, 0.037639547139406204, -0.16265869140625], [0.0, 0.0, 0.0, 1.0]], [[0.009169838391244411, 0.9996567368507385, 0.024546287953853607, -0.029022216796875], [-0.01982310228049755, 0.02472422458231449, -0.9994977712631226, 1.5656623840332031], [-0.9997614622116089, 0.008678614161908627, 0.020043015480041504, -0.0753173828125], [0.0, 0.0, 0.0, 1.0]], [[-0.9238560199737549, 0.3824407160282135, 0.015137219801545143, 0.9613037109375], [-0.015533565543591976, 0.0020515178330242634, -0.9998772144317627, 1.5444717407226562], [-0.38242486119270325, -0.9239777326583862, 0.004045360255986452, -0.12353515625], [0.0, 0.0, 0.0, 1.0]]], "view": [[0.0, -2.0, 100.0], [-2.0, 0.0, 100.0], [0.0, 0.0, 1.0]], "bev": "bev_63a983edf87d46c9ac9b9f7a553b3c65.png", "aux": "aux_63a983edf87d46c9ac9b9f7a553b3c65.npz", "visibility": "visibility_63a983edf87d46c9ac9b9f7a553b3c65.png", "pose": [[-0.6517462730407715, 0.7584370970726013, 0.0, 1154.5042724609375], [-0.7584370970726013, -0.6517462730407715, 0.0, 895.0087890625], [0.0, 0.0, 1.0, 0.0], [0.0, 0.0, 0.0, 1.0]], "pose_inverse": [[-0.6517462730407715, -0.7584370970726013, 0.0, 1431.251708984375], [0.7584370970726013, -0.6517462730407715, 0.0, -292.3002624511719], [0.0, 0.0, 1.0, 0.0], [0.0, 0.0, 0.0, 1.0]], "cam_ids": [0, 1, 2, 3, 4, 5], "cam_channels": ["CAM_FRONT_LEFT", "CAM_FRONT", "CAM_FRONT_RIGHT", "CAM_BACK_LEFT", "CAM_BACK", "CAM_BACK_RIGHT"], "token": "63a983edf87d46c9ac9b9f7a553b3c65", "scene": "scene-0643"}, {"images": ["samples/CAM_FRONT_LEFT/n008-2018-09-18-14-43-59-0400__CAM_FRONT_LEFT__1537296405254799.jpg", "samples/CAM_FRONT/n008-2018-09-18-14-43-59-0400__CAM_FRONT__1537296405262404.jpg", "samples/CAM_FRONT_RIGHT/n008-2018-09-18-14-43-59-0400__CAM_FRONT_RIGHT__1537296405270482.jpg", "samples/CAM_BACK_LEFT/n008-2018-09-18-14-43-59-0400__CAM_BACK_LEFT__1537296405297405.jpg", "samples/CAM_BACK/n008-2018-09-18-14-43-59-0400__CAM_BACK__1537296405287558.jpg", "samples/CAM_BACK_RIGHT/n008-2018-09-18-14-43-59-0400__CAM_BACK_RIGHT__1537296405278113.jpg"], "intrinsics": [[[1257.8625342125129, 0.0, 827.2410631095686], [0.0, 1257.8625342125129, 450.915498205774], [0.0, 0.0, 1.0]], [[1252.8131021185304, 0.0, 826.588114781398], [0.0, 1252.8131021185304, 469.9846626224581], [0.0, 0.0, 1.0]], [[1256.7485116440405, 0.0, 817.7887570959712], [0.0, 1256.7485116440403, 451.9541780095127], [0.0, 0.0, 1.0]], [[1254.9860565800168, 0.0, 829.5769333630991], [0.0, 1254.9860565800168, 467.1680561863987], [0.0, 0.0, 1.0]], [[796.8910634503094, 0.0, 857.7774326863696], [0.0, 796.8910634503094, 476.8848988407415], [0.0, 0.0, 1.0]], [[1249.9629280788233, 0.0, 825.3768045375984], [0.0, 1249.9629280788233, 462.54816385708756], [0.0, 0.0, 1.0]]], "extrinsics": [[[0.8225675225257874, -0.5682618021965027, -0.021476957947015762, -0.644287109375], [-0.00766848074272275, 0.026679320260882378, -0.9996145963668823, 1.484811782836914], [0.5686157941818237, 0.822415292263031, 0.01758783496916294, -1.09088134765625], [0.0, 0.0, 0.0, 1.0]], [[0.01030679326504469, -0.9996918439865112, -0.02258310467004776, 0.013763427734375], [-0.005964934825897217, 0.02252243645489216, -0.9997285604476929, 1.4779167175292969], [0.9999290108680725, 0.010438770055770874, -0.005730961915105581, -1.3751220703125], [0.0, 0.0, 0.0, 1.0]], [[-0.8440424203872681, -0.536202073097229, -0.008928212337195873, 0.8565673828125], [0.0018181682098656893, 0.013787223957479, -0.9999032616615295, 1.493530035018921], [0.5362733602523804, -0.8439770340919495, -0.010662097483873367, -1.12445068359375], [0.0, 0.0, 0.0, 1.0]], [[0.9477593302726746, 0.31868860125541687, -0.013775493949651718, -1.131591796875], [-0.024215225130319595, 0.02881959266960621, -0.9992912411689758, 1.5617218017578125], [-0.31806573271751404, 0.9474211931228638, 0.03503115847706795, -0.16046142578125], [0.0, 0.0, 0.0, 1.0]], [[0.009391351602971554, 0.9997323751449585, 0.021139496937394142, -0.029266357421875], [-0.021796908229589462, 0.02134007029235363, -0.9995346069335938, 1.5656242370605469], [-0.9997183680534363, 0.008926245383918285, 0.021991489455103874, -0.0660400390625], [0.0, 0.0, 0.0, 1.0]], [[-0.9236924648284912, 0.38281765580177307, 0.01558092050254345, 0.9710693359375], [-0.01741323620080948, -0.0013215976068750024, -0.9998474717140198, 1.5442638397216797], [-0.3827386200428009, -0.9238229990005493, 0.007886843755841255, -0.11932373046875], [0.0, 0.0, 0.0, 1.0]]], "view": [[0.0, -2.0, 100.0], [-2.0, 0.0, 100.0], [0.0, 0.0, 1.0]], "bev": "bev_a6967d81733d43e1ab83f67c6a363674.png", "aux": "aux_a6967d81733d43e1ab83f67c6a363674.npz", "visibility": "visibility_a6967d81733d43e1ab83f67c6a363674.png", "pose": [[-0.6538925170898438, 0.7565874457359314, 0.0, 1151.1787109375], [-0.7565874457359314, -0.6538925170898438, 0.0, 891.2340087890625], [0.0, 0.0, 1.0, 0.0], [0.0, 0.0, 0.0, 1.0]], "pose_inverse": [[-0.6538925170898438, -0.7565874457359314, 0.0, 1427.0435791015625], [0.7565874457359314, -0.6538925170898438, 0.0, -288.19610595703125], [0.0, 0.0, 1.0, 0.0], [0.0, 0.0, 0.0, 1.0]], "cam_ids": [0, 1, 2, 3, 4, 5], "cam_channels": ["CAM_FRONT_LEFT", "CAM_FRONT", "CAM_FRONT_RIGHT", "CAM_BACK_LEFT", "CAM_BACK", "CAM_BACK_RIGHT"], "token": "a6967d81733d43e1ab83f67c6a363674", "scene": "scene-0643"}, {"images": ["samples/CAM_FRONT_LEFT/n008-2018-09-18-14-43-59-0400__CAM_FRONT_LEFT__1537296405754799.jpg", "samples/CAM_FRONT/n008-2018-09-18-14-43-59-0400__CAM_FRONT__1537296405762404.jpg", "samples/CAM_FRONT_RIGHT/n008-2018-09-18-14-43-59-0400__CAM_FRONT_RIGHT__1537296405770482.jpg", "samples/CAM_BACK_LEFT/n008-2018-09-18-14-43-59-0400__CAM_BACK_LEFT__1537296405797405.jpg", "samples/CAM_BACK/n008-2018-09-18-14-43-59-0400__CAM_BACK__1537296405787558.jpg", "samples/CAM_BACK_RIGHT/n008-2018-09-18-14-43-59-0400__CAM_BACK_RIGHT__1537296405778113.jpg"], "intrinsics": [[[1257.8625342125129, 0.0, 827.2410631095686], [0.0, 1257.8625342125129, 450.915498205774], [0.0, 0.0, 1.0]], [[1252.8131021185304, 0.0, 826.588114781398], [0.0, 1252.8131021185304, 469.9846626224581], [0.0, 0.0, 1.0]], [[1256.7485116440405, 0.0, 817.7887570959712], [0.0, 1256.7485116440403, 451.9541780095127], [0.0, 0.0, 1.0]], [[1254.9860565800168, 0.0, 829.5769333630991], [0.0, 1254.9860565800168, 467.1680561863987], [0.0, 0.0, 1.0]], [[796.8910634503094, 0.0, 857.7774326863696], [0.0, 796.8910634503094, 476.8848988407415], [0.0, 0.0, 1.0]], [[1249.9629280788233, 0.0, 825.3768045375984], [0.0, 1249.9629280788233, 462.54816385708756], [0.0, 0.0, 1.0]]], "extrinsics": [[[0.8226359486579895, -0.5682665705680847, -0.018526503816246986, -0.6314697265625], [-0.0063330791890621185, 0.023424267768859863, -0.9997055530548096, 1.4853153228759766], [0.5685332417488098, 0.8225110173225403, 0.015670765191316605, -1.0816650390625], [0.0, 0.0, 0.0, 1.0]], [[0.010388510301709175, -0.9997594952583313, -0.01931602694094181, 0.0137939453125], [-0.003980655688792467, 0.019275568425655365, -0.9998063445091248, 1.4785890579223633], [0.9999381303787231, 0.010463392361998558, -0.003779454156756401, -1.361083984375], [0.0, 0.0, 0.0, 1.0]], [[-0.8439984321594238, -0.5362623929977417, -0.00944753922522068, 0.8475341796875], [0.004484927747398615, 0.010557600297033787, -0.999934196472168, 1.4943370819091797], [0.5363268256187439, -0.8439853191375732, -0.006505500990897417, -1.118896484375], [0.0, 0.0, 0.0, 1.0]], [[0.9478064775466919, 0.31867992877960205, -0.010291137732565403, -1.132568359375], [-0.019486719742417336, 0.02568047307431698, -0.9994802474975586, 1.5618095397949219], [-0.31825006008148193, 0.9475144147872925, 0.030550146475434303, -0.159912109375], [0.0, 0.0, 0.0, 1.0]], [[0.009284891188144684, 0.9997943639755249, 0.018031571060419083, -0.029052734375], [-0.017911531031131744, 0.01819574274122715, -0.9996739625930786, 1.5659980773925781], [-0.9997965097427368, 0.008958983235061169, 0.01807679422199726, -0.0693359375], [0.0, 0.0, 0.0, 1.0]], [[-0.9237486124038696, 0.3828307092189789, 0.011364536359906197, 0.96435546875], [-0.014173856936395168, -0.004518455360084772, -0.9998893737792969, 1.5448265075683594], [-0.3827369511127472, -0.9238074421882629, 0.00960010476410389, -0.12225341796875], [0.0, 0.0, 0.0, 1.0]]], "view": [[0.0, -2.0, 100.0], [-2.0, 0.0, 100.0], [0.0, 0.0, 1.0]], "bev": "bev_bdfa6d9d17894cc6b2848ca111b04ff9.png", "aux": "aux_bdfa6d9d17894cc6b2848ca111b04ff9.npz", "visibility": "visibility_bdfa6d9d17894cc6b2848ca111b04ff9.png", "pose": [[-0.6539447903633118, 0.7565422654151917, 0.0, 1147.8603515625], [-0.7565422654151917, -0.6539447903633118, 0.0, 887.4612426757812], [0.0, 0.0, 1.0, 0.0], [0.0, 0.0, 0.0, 1.0]], "pose_inverse": [[-0.6539447903633118, -0.7565422654151917, 0.0, 1422.039306640625], [0.7565422654151917, -0.6539447903633118, 0.0, -288.05419921875], [0.0, 0.0, 1.0, 0.0], [0.0, 0.0, 0.0, 1.0]], "cam_ids": [0, 1, 2, 3, 4, 5], "cam_channels": ["CAM_FRONT_LEFT", "CAM_FRONT", "CAM_FRONT_RIGHT", "CAM_BACK_LEFT", "CAM_BACK", "CAM_BACK_RIGHT"], "token": "bdfa6d9d17894cc6b2848ca111b04ff9", "scene": "scene-0643"}, {"images": ["samples/CAM_FRONT_LEFT/n008-2018-09-18-14-43-59-0400__CAM_FRONT_LEFT__1537296406154799.jpg", "samples/CAM_FRONT/n008-2018-09-18-14-43-59-0400__CAM_FRONT__1537296406162404.jpg", "samples/CAM_FRONT_RIGHT/n008-2018-09-18-14-43-59-0400__CAM_FRONT_RIGHT__1537296406170482.jpg", "samples/CAM_BACK_LEFT/n008-2018-09-18-14-43-59-0400__CAM_BACK_LEFT__1537296406197405.jpg", "samples/CAM_BACK/n008-2018-09-18-14-43-59-0400__CAM_BACK__1537296406187558.jpg", "samples/CAM_BACK_RIGHT/n008-2018-09-18-14-43-59-0400__CAM_BACK_RIGHT__1537296406178116.jpg"], "intrinsics": [[[1257.8625342125129, 0.0, 827.2410631095686], [0.0, 1257.8625342125129, 450.915498205774], [0.0, 0.0, 1.0]], [[1252.8131021185304, 0.0, 826.588114781398], [0.0, 1252.8131021185304, 469.9846626224581], [0.0, 0.0, 1.0]], [[1256.7485116440405, 0.0, 817.7887570959712], [0.0, 1256.7485116440403, 451.9541780095127], [0.0, 0.0, 1.0]], [[1254.9860565800168, 0.0, 829.5769333630991], [0.0, 1254.9860565800168, 467.1680561863987], [0.0, 0.0, 1.0]], [[796.8910634503094, 0.0, 857.7774326863696], [0.0, 796.8910634503094, 476.8848988407415], [0.0, 0.0, 1.0]], [[1249.9629280788233, 0.0, 825.3768045375984], [0.0, 1249.9629280788233, 462.54816385708756], [0.0, 0.0, 1.0]]], "extrinsics": [[[0.8223229050636292, -0.5687827467918396, -0.01647287607192993, -0.6429443359375], [-0.0026732017286121845, 0.02508760616183281, -0.9996816515922546, 1.4870119094848633], [0.5690149664878845, 0.8221051692962646, 0.019109640270471573, -1.08819580078125], [0.0, 0.0, 0.0, 1.0]], [[0.009917006827890873, -0.999733030796051, -0.020869117230176926, 0.012603759765625], [-0.0007462988141924143, 0.02086273767054081, -0.9997820854187012, 1.479820728302002], [0.9999505281448364, 0.00993040855973959, -0.0005392036982811987, -1.3740234375], [0.0, 0.0, 0.0, 1.0]], [[-0.8441908359527588, -0.5358942747116089, -0.01261615939438343, 0.855712890625], [0.007284894119948149, 0.012064067646861076, -0.9999006986618042, 1.495079517364502], [0.5359932780265808, -0.8441989421844482, -0.00628044456243515, -1.1251220703125], [0.0, 0.0, 0.0, 1.0]], [[0.947823166847229, 0.31868067383766174, -0.008592861704528332, -1.1363525390625], [-0.0181129053235054, 0.026921920478343964, -0.9994734525680542, 1.561880111694336], [-0.3182815611362457, 0.9474797248840332, 0.03128945827484131, -0.15911865234375], [0.0, 0.0, 0.0, 1.0]], [[0.009415439330041409, 0.9997681975364685, 0.019357075914740562, -0.02899169921875], [-0.016128752380609512, 0.019507253542542458, -0.9996796250343323, 1.566293716430664], [-0.9998255968093872, 0.009100201539695263, 0.016308685764670372, -0.0638427734375], [0.0, 0.0, 0.0, 1.0]], [[-0.9236579537391663, 0.38309556245803833, 0.00967715959995985, 0.9720458984375], [-0.011760768480598927, -0.003097096923738718, -0.9999260306358337, 1.5454273223876953], [-0.3830372393131256, -0.9237034320831299, 0.007366157602518797, -0.1197509765625], [0.0, 0.0, 0.0, 1.0]]], "view": [[0.0, -2.0, 100.0], [-2.0, 0.0, 100.0], [0.0, 0.0, 1.0]], "bev": "bev_b6cb26578d2c4e9a9538f77e3c2a5275.png", "aux": "aux_b6cb26578d2c4e9a9538f77e3c2a5275.npz", "visibility": "visibility_b6cb26578d2c4e9a9538f77e3c2a5275.png", "pose": [[-0.6533006429672241, 0.7570985555648804, 0.0, 1145.1849365234375], [-0.7570985555648804, -0.6533006429672241, 0.0, 884.4280395507812], [0.0, 0.0, 1.0, 0.0], [0.0, 0.0, 0.0, 1.0]], "pose_inverse": [[-0.6533006429672241, -0.7570985555648804, 0.0, 1417.749267578125], [0.7570985555648804, -0.6533006429672241, 0.0, -289.220458984375], [0.0, 0.0, 1.0, 0.0], [0.0, 0.0, 0.0, 1.0]], "cam_ids": [0, 1, 2, 3, 4, 5], "cam_channels": ["CAM_FRONT_LEFT", "CAM_FRONT", "CAM_FRONT_RIGHT", "CAM_BACK_LEFT", "CAM_BACK", "CAM_BACK_RIGHT"], "token": "b6cb26578d2c4e9a9538f77e3c2a5275", "scene": "scene-0643"}, {"images": ["samples/CAM_FRONT_LEFT/n008-2018-09-18-14-43-59-0400__CAM_FRONT_LEFT__1537296406654799.jpg", "samples/CAM_FRONT/n008-2018-09-18-14-43-59-0400__CAM_FRONT__1537296406662404.jpg", "samples/CAM_FRONT_RIGHT/n008-2018-09-18-14-43-59-0400__CAM_FRONT_RIGHT__1537296406670482.jpg", "samples/CAM_BACK_LEFT/n008-2018-09-18-14-43-59-0400__CAM_BACK_LEFT__1537296406697405.jpg", "samples/CAM_BACK/n008-2018-09-18-14-43-59-0400__CAM_BACK__1537296406687558.jpg", "samples/CAM_BACK_RIGHT/n008-2018-09-18-14-43-59-0400__CAM_BACK_RIGHT__1537296406678113.jpg"], "intrinsics": [[[1257.8625342125129, 0.0, 827.2410631095686], [0.0, 1257.8625342125129, 450.915498205774], [0.0, 0.0, 1.0]], [[1252.8131021185304, 0.0, 826.588114781398], [0.0, 1252.8131021185304, 469.9846626224581], [0.0, 0.0, 1.0]], [[1256.7485116440405, 0.0, 817.7887570959712], [0.0, 1256.7485116440403, 451.9541780095127], [0.0, 0.0, 1.0]], [[1254.9860565800168, 0.0, 829.5769333630991], [0.0, 1254.9860565800168, 467.1680561863987], [0.0, 0.0, 1.0]], [[796.8910634503094, 0.0, 857.7774326863696], [0.0, 796.8910634503094, 476.8848988407415], [0.0, 0.0, 1.0]], [[1249.9629280788233, 0.0, 825.3768045375984], [0.0, 1249.9629280788233, 462.54816385708756], [0.0, 0.0, 1.0]]], "extrinsics": [[[0.8224949836730957, -0.568752110004425, -0.00481715751811862, -0.6392822265625], [0.006134051829576492, 0.017338961362838745, -0.9998308420181274, 1.4909405708312988], [0.5687394142150879, 0.8223262429237366, 0.017749961465597153, -1.08502197265625], [0.0, 0.0, 0.0, 1.0]], [[0.01005459763109684, -0.9998644590377808, -0.013037360273301601, 0.011932373046875], [0.007907114923000336, 0.013117113150656223, -0.999882698059082, 1.4830150604248047], [0.9999181628227234, 0.00995038915425539, 0.00803793128579855, -1.36962890625], [0.0, 0.0, 0.0, 1.0]], [[-0.8440751433372498, -0.5359958410263062, -0.01567193679511547, 0.8531494140625], [0.015813011676073074, 0.004332984331995249, -0.9998655319213867, 1.4975318908691406], [0.5359916687011719, -0.8442094922065735, 0.004818343091756105, -1.12408447265625], [0.0, 0.0, 0.0, 1.0]], [[0.9478741884231567, 0.3186257481575012, -0.0034999572671949863, -1.135986328125], [-0.010209019295871258, 0.019388727843761444, -0.9997599124908447, 1.56195068359375], [-0.31848135590553284, 0.94768226146698, 0.02163092978298664, -0.15899658203125], [0.0, 0.0, 0.0, 1.0]], [[0.009285901673138142, 0.9998871684074402, 0.011805231682956219, -0.02874755859375], [-0.007816396653652191, 0.01187796052545309, -0.9998988509178162, 1.5671987533569336], [-0.9999263286590576, 0.00919268373399973, 0.007925812155008316, -0.0645751953125], [0.0, 0.0, 0.0, 1.0]], [[-0.9236929416656494, 0.38313204050064087, -0.001067887875251472, 0.970703125], [-0.0033211151603609324, -0.010793959721922874, -0.9999362230300903, 1.547147274017334], [-0.38311901688575745, -0.9236304759979248, 0.011242729611694813, -0.120849609375], [0.0, 0.0, 0.0, 1.0]]], "view": [[0.0, -2.0, 100.0], [-2.0, 0.0, 100.0], [0.0, 0.0, 1.0]], "bev": "bev_f0c1a1efca604cd8a38f28b10377fc00.png", "aux": "aux_f0c1a1efca604cd8a38f28b10377fc00.npz", "visibility": "visibility_f0c1a1efca604cd8a38f28b10377fc00.png", "pose": [[-0.6524713635444641, 0.7578133940696716, 0.0, 1141.8402099609375], [-0.7578133940696716, -0.6524713635444641, 0.0, 880.5994873046875], [0.0, 0.0, 1.0, 0.0], [0.0, 0.0, 0.0, 1.0]], "pose_inverse": [[-0.6524713635444641, -0.7578133940696716, 0.0, 1412.34814453125], [0.7578133940696716, -0.6524713635444641, 0.0, -290.73583984375], [0.0, 0.0, 1.0, 0.0], [0.0, 0.0, 0.0, 1.0]], "cam_ids": [0, 1, 2, 3, 4, 5], "cam_channels": ["CAM_FRONT_LEFT", "CAM_FRONT", "CAM_FRONT_RIGHT", "CAM_BACK_LEFT", "CAM_BACK", "CAM_BACK_RIGHT"], "token": "f0c1a1efca604cd8a38f28b10377fc00", "scene": "scene-0643"}, {"images": ["samples/CAM_FRONT_LEFT/n008-2018-09-18-14-43-59-0400__CAM_FRONT_LEFT__1537296407104799.jpg", "samples/CAM_FRONT/n008-2018-09-18-14-43-59-0400__CAM_FRONT__1537296407112404.jpg", "samples/CAM_FRONT_RIGHT/n008-2018-09-18-14-43-59-0400__CAM_FRONT_RIGHT__1537296407120483.jpg", "samples/CAM_BACK_LEFT/n008-2018-09-18-14-43-59-0400__CAM_BACK_LEFT__1537296407147405.jpg", "samples/CAM_BACK/n008-2018-09-18-14-43-59-0400__CAM_BACK__1537296407137558.jpg", "samples/CAM_BACK_RIGHT/n008-2018-09-18-14-43-59-0400__CAM_BACK_RIGHT__1537296407128113.jpg"], "intrinsics": [[[1257.8625342125129, 0.0, 827.2410631095686], [0.0, 1257.8625342125129, 450.915498205774], [0.0, 0.0, 1.0]], [[1252.8131021185304, 0.0, 826.588114781398], [0.0, 1252.8131021185304, 469.9846626224581], [0.0, 0.0, 1.0]], [[1256.7485116440405, 0.0, 817.7887570959712], [0.0, 1256.7485116440403, 451.9541780095127], [0.0, 0.0, 1.0]], [[1254.9860565800168, 0.0, 829.5769333630991], [0.0, 1254.9860565800168, 467.1680561863987], [0.0, 0.0, 1.0]], [[796.8910634503094, 0.0, 857.7774326863696], [0.0, 796.8910634503094, 476.8848988407415], [0.0, 0.0, 1.0]], [[1249.9629280788233, 0.0, 825.3768045375984], [0.0, 1249.9629280788233, 462.54816385708756], [0.0, 0.0, 1.0]]], "extrinsics": [[[0.8222065567970276, -0.5690557360649109, -0.012335590086877346, -0.6370849609375], [-0.0036214618012309074, 0.016441715881228447, -0.9998582601547241, 1.4866256713867188], [0.5691778659820557, 0.8221345543861389, 0.011457671411335468, -1.08251953125], [0.0, 0.0, 0.0, 1.0]], [[0.009872295893728733, -0.9998733401298523, -0.012484295293688774, 0.011993408203125], [-0.001792766386643052, 0.012467185966670513, -0.999920666217804, 1.4794669151306152], [0.9999496936798096, 0.00989384576678276, -0.0016694589285179973, -1.36572265625], [0.0, 0.0, 0.0, 1.0]], [[-0.8441312313079834, -0.5360876321792603, -0.007255729287862778, 0.8489990234375], [0.006103666499257088, 0.003923322539776564, -0.9999736547470093, 1.4948182106018066], [0.5361020565032959, -0.8441532254219055, -3.969915633206256e-05, -1.1207275390625], [0.0, 0.0, 0.0, 1.0]], [[0.9478145241737366, 0.3186054527759552, -0.01175989955663681, -1.1346435546875], [-0.019025249406695366, 0.01970122940838337, -0.9996248483657837, 1.5618572235107422], [-0.3182542324066162, 0.9476826786994934, 0.024734655395150185, -0.1593017578125], [0.0, 0.0, 0.0, 1.0]], [[0.009350555017590523, 0.9998871684074402, 0.011757518164813519, -0.029052734375], [-0.017039688304066658, 0.011915650218725204, -0.9997838139533997, 1.5661430358886719], [-0.999811053276062, 0.009148147888481617, 0.01714918203651905, -0.0675048828125], [0.0, 0.0, 0.0, 1.0]], [[-0.9237023591995239, 0.38303300738334656, 0.007716934196650982, 0.9659423828125], [-0.012926308438181877, -0.011028404347598553, -0.9998555779457092, 1.545125961303711], [-0.3828924894332886, -0.9236688613891602, 0.015138165093958378, -0.12188720703125], [0.0, 0.0, 0.0, 1.0]]], "view": [[0.0, -2.0, 100.0], [-2.0, 0.0, 100.0], [0.0, 0.0, 1.0]], "bev": "bev_cac3bdac0ff241078c3cad72e67a1f04.png", "aux": "aux_cac3bdac0ff241078c3cad72e67a1f04.npz", "visibility": "visibility_cac3bdac0ff241078c3cad72e67a1f04.png", "pose": [[-0.6514468789100647, 0.7586942911148071, 0.0, 1138.8016357421875], [-0.7586942911148071, -0.6514468789100647, 0.0, 877.131591796875], [0.0, 0.0, 1.0, 0.0], [0.0, 0.0, 0.0, 1.0]], "pose_inverse": [[-0.6514468789100647, -0.7586942911148071, 0.0, 1407.343505859375], [0.7586942911148071, -0.6514468789100647, 0.0, -292.59765625], [0.0, 0.0, 1.0, 0.0], [0.0, 0.0, 0.0, 1.0]], "cam_ids": [0, 1, 2, 3, 4, 5], "cam_channels": ["CAM_FRONT_LEFT", "CAM_FRONT", "CAM_FRONT_RIGHT", "CAM_BACK_LEFT", "CAM_BACK", "CAM_BACK_RIGHT"], "token": "cac3bdac0ff241078c3cad72e67a1f04", "scene": "scene-0643"}, {"images": ["samples/CAM_FRONT_LEFT/n008-2018-09-18-14-43-59-0400__CAM_FRONT_LEFT__1537296407604799.jpg", "samples/CAM_FRONT/n008-2018-09-18-14-43-59-0400__CAM_FRONT__1537296407612404.jpg", "samples/CAM_FRONT_RIGHT/n008-2018-09-18-14-43-59-0400__CAM_FRONT_RIGHT__1537296407620482.jpg", "samples/CAM_BACK_LEFT/n008-2018-09-18-14-43-59-0400__CAM_BACK_LEFT__1537296407647405.jpg", "samples/CAM_BACK/n008-2018-09-18-14-43-59-0400__CAM_BACK__1537296407637558.jpg", "samples/CAM_BACK_RIGHT/n008-2018-09-18-14-43-59-0400__CAM_BACK_RIGHT__1537296407628113.jpg"], "intrinsics": [[[1257.8625342125129, 0.0, 827.2410631095686], [0.0, 1257.8625342125129, 450.915498205774], [0.0, 0.0, 1.0]], [[1252.8131021185304, 0.0, 826.588114781398], [0.0, 1252.8131021185304, 469.9846626224581], [0.0, 0.0, 1.0]], [[1256.7485116440405, 0.0, 817.7887570959712], [0.0, 1256.7485116440403, 451.9541780095127], [0.0, 0.0, 1.0]], [[1254.9860565800168, 0.0, 829.5769333630991], [0.0, 1254.9860565800168, 467.1680561863987], [0.0, 0.0, 1.0]], [[796.8910634503094, 0.0, 857.7774326863696], [0.0, 796.8910634503094, 476.8848988407415], [0.0, 0.0, 1.0]], [[1249.9629280788233, 0.0, 825.3768045375984], [0.0, 1249.9629280788233, 462.54816385708756], [0.0, 0.0, 1.0]]], "extrinsics": [[[0.822477400302887, -0.5686394572257996, -0.013423279859125614, -0.6298828125], [-0.0008247976657003164, 0.022407041862607002, -0.9997485876083374, 1.4878158569335938], [0.56879723072052, 0.8222816586494446, 0.01796027086675167, -1.0794677734375], [0.0, 0.0, 0.0, 1.0]], [[0.010131214745342731, -0.9997820854187012, -0.018247466534376144, 0.01318359375], [0.0013724094023928046, 0.018262287601828575, -0.9998323321342468, 1.4806054830551147], [0.999947726726532, 0.010104518383741379, 0.0015571297844871879, -1.3609619140625], [0.0, 0.0, 0.0, 1.0]], [[-0.8440970778465271, -0.5360260009765625, -0.013275425881147385, 0.847900390625], [0.009671853855252266, 0.009533524513244629, -0.9999077916145325, 1.495844841003418], [0.5361031293869019, -0.8441475629806519, -0.002862855326384306, -1.1192626953125], [0.0, 0.0, 0.0, 1.0]], [[0.9478508234024048, 0.31864479184150696, -0.006661244202405214, -1.135498046875], [-0.015289854258298874, 0.024585522711277008, -0.9995808005332947, 1.5619010925292969], [-0.31834742426872253, 0.9475552439689636, 0.028175443410873413, -0.15911865234375], [0.0, 0.0, 0.0, 1.0]], [[0.00932630430907011, 0.9998124837875366, 0.016969889402389526, -0.029022216796875], [-0.013343056663870811, 0.017093544825911522, -0.9997648596763611, 1.5665512084960938], [-0.9998674392700195, 0.009097691625356674, 0.013499976135790348, -0.0673828125], [0.0, 0.0, 0.0, 1.0]], [[-0.9237093329429626, 0.3830402195453644, 0.0064211320132017136, 0.9654541015625], [-0.009257575497031212, -0.005562215577811003, -0.9999416470527649, 1.5458793640136719], [-0.38298213481903076, -0.9237148761749268, 0.008683893829584122, -0.122039794921875], [0.0, 0.0, 0.0, 1.0]]], "view": [[0.0, -2.0, 100.0], [-2.0, 0.0, 100.0], [0.0, 0.0, 1.0]], "bev": "bev_4786d70553524faa8f3c8f393d18557f.png", "aux": "aux_4786d70553524faa8f3c8f393d18557f.npz", "visibility": "visibility_4786d70553524faa8f3c8f393d18557f.png", "pose": [[-0.6514477729797363, 0.7586934566497803, 0.0, 1135.4114990234375], [-0.7586934566497803, -0.6514477729797363, 0.0, 873.267333984375], [0.0, 0.0, 1.0, 0.0], [0.0, 0.0, 0.0, 1.0]], "pose_inverse": [[-0.6514477729797363, -0.7586934566497803, 0.0, 1402.2034912109375], [0.7586934566497803, -0.6514477729797363, 0.0, -292.54119873046875], [0.0, 0.0, 1.0, 0.0], [0.0, 0.0, 0.0, 1.0]], "cam_ids": [0, 1, 2, 3, 4, 5], "cam_channels": ["CAM_FRONT_LEFT", "CAM_FRONT", "CAM_FRONT_RIGHT", "CAM_BACK_LEFT", "CAM_BACK", "CAM_BACK_RIGHT"], "token": "4786d70553524faa8f3c8f393d18557f", "scene": "scene-0643"}, {"images": ["samples/CAM_FRONT_LEFT/n008-2018-09-18-14-43-59-0400__CAM_FRONT_LEFT__1537296408104799.jpg", "samples/CAM_FRONT/n008-2018-09-18-14-43-59-0400__CAM_FRONT__1537296408112404.jpg", "samples/CAM_FRONT_RIGHT/n008-2018-09-18-14-43-59-0400__CAM_FRONT_RIGHT__1537296408120482.jpg", "samples/CAM_BACK_LEFT/n008-2018-09-18-14-43-59-0400__CAM_BACK_LEFT__1537296408147405.jpg", "samples/CAM_BACK/n008-2018-09-18-14-43-59-0400__CAM_BACK__1537296408137558.jpg", "samples/CAM_BACK_RIGHT/n008-2018-09-18-14-43-59-0400__CAM_BACK_RIGHT__1537296408128113.jpg"], "intrinsics": [[[1257.8625342125129, 0.0, 827.2410631095686], [0.0, 1257.8625342125129, 450.915498205774], [0.0, 0.0, 1.0]], [[1252.8131021185304, 0.0, 826.588114781398], [0.0, 1252.8131021185304, 469.9846626224581], [0.0, 0.0, 1.0]], [[1256.7485116440405, 0.0, 817.7887570959712], [0.0, 1256.7485116440403, 451.9541780095127], [0.0, 0.0, 1.0]], [[1254.9860565800168, 0.0, 829.5769333630991], [0.0, 1254.9860565800168, 467.1680561863987], [0.0, 0.0, 1.0]], [[796.8910634503094, 0.0, 857.7774326863696], [0.0, 796.8910634503094, 476.8848988407415], [0.0, 0.0, 1.0]], [[1249.9629280788233, 0.0, 825.3768045375984], [0.0, 1249.9629280788233, 462.54816385708756], [0.0, 0.0, 1.0]]], "extrinsics": [[[0.8225605487823486, -0.5685604214668274, -0.011541257612407207, -0.63525390625], [0.0010394516866654158, 0.02179807424545288, -0.9997618794441223, 1.4886689186096191], [0.5686766505241394, 0.8223527073860168, 0.018521225079894066, -1.082763671875], [0.0, 0.0, 0.0, 1.0]], [[0.01025548204779625, -0.9997899532318115, -0.017744354903697968, 0.012542724609375], [0.002882929751649499, 0.017774777486920357, -0.9998378753662109, 1.481168270111084], [0.9999432563781738, 0.010202626697719097, 0.003064613090828061, -1.36572265625], [0.0, 0.0, 0.0, 1.0]], [[-0.8440346121788025, -0.5361054539680481, -0.014027200639247894, 0.85009765625], [0.01078671496361494, 0.009179976768791676, -0.9998996257781982, 1.4961395263671875], [0.5361803770065308, -0.8441011905670166, -0.001965401927009225, -1.1214599609375], [0.0, 0.0, 0.0, 1.0]], [[0.9478632211685181, 0.3186150789260864, -0.0063138664700090885, -1.13232421875], [-0.014823995530605316, 0.024292033165693283, -0.9995949864387512, 1.5618648529052734], [-0.3183327317237854, 0.9475728869438171, 0.027748672291636467, -0.159912109375], [0.0, 0.0, 0.0, 1.0]], [[0.009277303703129292, 0.9998165965080261, 0.01675848476588726, -0.02886962890625], [-0.012578661553561687, 0.016874566674232483, -0.9997784495353699, 1.5666255950927734], [-0.9998779296875, 0.009064368903636932, 0.012732903473079205, -0.0687255859375], [0.0, 0.0, 0.0, 1.0]], [[-0.9237406253814697, 0.38297930359840393, 0.00548560218885541, 0.966796875], [-0.008356854319572449, -0.005833867006003857, -0.9999480843544006, 1.5460739135742188], [-0.3829273283481598, -0.9237385392189026, 0.008589481934905052, -0.12200927734375], [0.0, 0.0, 0.0, 1.0]]], "view": [[0.0, -2.0, 100.0], [-2.0, 0.0, 100.0], [0.0, 0.0, 1.0]], "bev": "bev_22995515bdcd441d9fb0e56b2454849b.png", "aux": "aux_22995515bdcd441d9fb0e56b2454849b.npz", "visibility": "visibility_22995515bdcd441d9fb0e56b2454849b.png", "pose": [[-0.6514476537704468, 0.7586936354637146, 0.0, 1132.0467529296875], [-0.7586936354637146, -0.6514476537704468, 0.0, 869.4224243164062], [0.0, 0.0, 1.0, 0.0], [0.0, 0.0, 0.0, 1.0]], "pose_inverse": [[-0.6514476537704468, -0.7586936354637146, 0.0, 1397.0943603515625], [0.7586936354637146, -0.6514476537704468, 0.0, -292.49346923828125], [0.0, 0.0, 1.0, 0.0], [0.0, 0.0, 0.0, 1.0]], "cam_ids": [0, 1, 2, 3, 4, 5], "cam_channels": ["CAM_FRONT_LEFT", "CAM_FRONT", "CAM_FRONT_RIGHT", "CAM_BACK_LEFT", "CAM_BACK", "CAM_BACK_RIGHT"], "token": "22995515bdcd441d9fb0e56b2454849b", "scene": "scene-0643"}, {"images": ["samples/CAM_FRONT_LEFT/n008-2018-09-18-14-43-59-0400__CAM_FRONT_LEFT__1537296408604799.jpg", "samples/CAM_FRONT/n008-2018-09-18-14-43-59-0400__CAM_FRONT__1537296408612404.jpg", "samples/CAM_FRONT_RIGHT/n008-2018-09-18-14-43-59-0400__CAM_FRONT_RIGHT__1537296408620482.jpg", "samples/CAM_BACK_LEFT/n008-2018-09-18-14-43-59-0400__CAM_BACK_LEFT__1537296408647405.jpg", "samples/CAM_BACK/n008-2018-09-18-14-43-59-0400__CAM_BACK__1537296408637558.jpg", "samples/CAM_BACK_RIGHT/n008-2018-09-18-14-43-59-0400__CAM_BACK_RIGHT__1537296408628113.jpg"], "intrinsics": [[[1257.8625342125129, 0.0, 827.2410631095686], [0.0, 1257.8625342125129, 450.915498205774], [0.0, 0.0, 1.0]], [[1252.8131021185304, 0.0, 826.588114781398], [0.0, 1252.8131021185304, 469.9846626224581], [0.0, 0.0, 1.0]], [[1256.7485116440405, 0.0, 817.7887570959712], [0.0, 1256.7485116440403, 451.9541780095127], [0.0, 0.0, 1.0]], [[1254.9860565800168, 0.0, 829.5769333630991], [0.0, 1254.9860565800168, 467.1680561863987], [0.0, 0.0, 1.0]], [[796.8910634503094, 0.0, 857.7774326863696], [0.0, 796.8910634503094, 476.8848988407415], [0.0, 0.0, 1.0]], [[1249.9629280788233, 0.0, 825.3768045375984], [0.0, 1249.9629280788233, 462.54816385708756], [0.0, 0.0, 1.0]]], "extrinsics": [[[0.8228051662445068, -0.5682216286659241, -0.010763859376311302, -0.626220703125], [0.0013759752037003636, 0.020931359380483627, -0.999779999256134, 1.488785743713379], [0.568321943283081, 0.8226093053817749, 0.018004288896918297, -1.07958984375], [0.0, 0.0, 0.0, 1.0]], [[0.010701957158744335, -0.9998007416725159, -0.016851156949996948, 0.014892578125], [0.003256461815908551, 0.01688688062131405, -0.9998521208763123, 1.4813053607940674], [0.9999374151229858, 0.010645556263625622, 0.003436535596847534, -1.3563232421875], [0.0, 0.0, 0.0, 1.0]], [[-0.8437833189964294, -0.5365042090415955, -0.013891300186514854, 0.84295654296875], [0.011201673187315464, 0.008272383362054825, -0.9999030232429504, 1.4963550567626953], [0.536567211151123, -0.8438571691513062, -0.0009703543619252741, -1.11517333984375], [0.0, 0.0, 0.0, 1.0]], [[0.9478412866592407, 0.3186877965927124, -0.005925364326685667, -1.12255859375], [-0.014205977320671082, 0.02366548962891102, -0.9996189475059509, 1.5617141723632812], [-0.3184261918067932, 0.9475642442703247, 0.026958398520946503, -0.16357421875], [0.0, 0.0, 0.0, 1.0]], [[0.009061259217560291, 0.99983149766922, 0.01596701703965664, -0.029541015625], [-0.01209500152617693, 0.016076093539595604, -0.9997975826263428, 1.5665473937988281], [-0.9998857975006104, 0.008866335265338421, 0.012238631956279278, -0.0784912109375], [0.0, 0.0, 0.0, 1.0]], [[-0.9238840341567993, 0.38264384865760803, 0.004694003611803055, 0.9573974609375], [-0.007867260836064816, -0.00672867288812995, -0.9999464154243469, 1.5461125373840332], [-0.38259169459342957, -0.9238714575767517, 0.009226871654391289, -0.124420166015625], [0.0, 0.0, 0.0, 1.0]]], "view": [[0.0, -2.0, 100.0], [-2.0, 0.0, 100.0], [0.0, 0.0, 1.0]], "bev": "bev_80a44cd7f40d41f18cea52474c12b645.png", "aux": "aux_80a44cd7f40d41f18cea52474c12b645.npz", "visibility": "visibility_80a44cd7f40d41f18cea52474c12b645.png", "pose": [[-0.6516082882881165, 0.7585556507110596, 0.0, 1128.709716796875], [-0.7585556507110596, -0.6516082882881165, 0.0, 865.6063842773438], [0.0, 0.0, 1.0, 0.0], [0.0, 0.0, 0.0, 1.0]], "pose_inverse": [[-0.6516082882881165, -0.7585556507110596, 0.0, 1392.087158203125], [0.7585556507110596, -0.6516082882881165, 0.0, -292.1528625488281], [0.0, 0.0, 1.0, 0.0], [0.0, 0.0, 0.0, 1.0]], "cam_ids": [0, 1, 2, 3, 4, 5], "cam_channels": ["CAM_FRONT_LEFT", "CAM_FRONT", "CAM_FRONT_RIGHT", "CAM_BACK_LEFT", "CAM_BACK", "CAM_BACK_RIGHT"], "token": "80a44cd7f40d41f18cea52474c12b645", "scene": "scene-0643"}, {"images": ["samples/CAM_FRONT_LEFT/n008-2018-09-18-14-43-59-0400__CAM_FRONT_LEFT__1537296409104799.jpg", "samples/CAM_FRONT/n008-2018-09-18-14-43-59-0400__CAM_FRONT__1537296409112404.jpg", "samples/CAM_FRONT_RIGHT/n008-2018-09-18-14-43-59-0400__CAM_FRONT_RIGHT__1537296409120482.jpg", "samples/CAM_BACK_LEFT/n008-2018-09-18-14-43-59-0400__CAM_BACK_LEFT__1537296409147405.jpg", "samples/CAM_BACK/n008-2018-09-18-14-43-59-0400__CAM_BACK__1537296409137558.jpg", "samples/CAM_BACK_RIGHT/n008-2018-09-18-14-43-59-0400__CAM_BACK_RIGHT__1537296409128113.jpg"], "intrinsics": [[[1257.8625342125129, 0.0, 827.2410631095686], [0.0, 1257.8625342125129, 450.915498205774], [0.0, 0.0, 1.0]], [[1252.8131021185304, 0.0, 826.588114781398], [0.0, 1252.8131021185304, 469.9846626224581], [0.0, 0.0, 1.0]], [[1256.7485116440405, 0.0, 817.7887570959712], [0.0, 1256.7485116440403, 451.9541780095127], [0.0, 0.0, 1.0]], [[1254.9860565800168, 0.0, 829.5769333630991], [0.0, 1254.9860565800168, 467.1680561863987], [0.0, 0.0, 1.0]], [[796.8910634503094, 0.0, 857.7774326863696], [0.0, 796.8910634503094, 476.8848988407415], [0.0, 0.0, 1.0]], [[1249.9629280788233, 0.0, 825.3768045375984], [0.0, 1249.9629280788233, 462.54816385708756], [0.0, 0.0, 1.0]]], "extrinsics": [[[0.8224038481712341, -0.5688413381576538, -0.008456243202090263, -0.63525390625], [0.005009468644857407, 0.02210436761379242, -0.9997431039810181, 1.4904617071151733], [0.5688821077346802, 0.8221502304077148, 0.02102830819785595, -1.08160400390625], [0.0, 0.0, 0.0, 1.0]], [[0.010047386400401592, -0.999789297580719, -0.017901485785841942, 0.011871337890625], [0.006965506821870804, 0.017971932888031006, -0.9998142123222351, 1.4827008247375488], [0.9999252557754517, 0.009920828975737095, 0.007144608534872532, -1.3634033203125], [0.0, 0.0, 0.0, 1.0]], [[-0.8440818190574646, -0.5359247326850891, -0.01762017048895359, 0.84619140625], [0.014992605894804, 0.009259598329663277, -0.9998447299003601, 1.4974117279052734], [0.5360047221183777, -0.8442150354385376, 0.00021904970344621688, -1.11968994140625], [0.0, 0.0, 0.0, 1.0]], [[0.9478774666786194, 0.3186306059360504, -0.0016937582986429334, -1.1236572265625], [-0.009928691200911999, 0.024222424253821373, -0.9996572732925415, 1.56182861328125], [-0.31848040223121643, 0.9475694894790649, 0.026123477146029472, -0.1630859375], [0.0, 0.0, 0.0, 1.0]], [[0.009286699816584587, 0.9998171925544739, 0.01671425811946392, -0.02862548828125], [-0.007948893122375011, 0.016788262873888016, -0.99982