[{"images": ["samples/CAM_FRONT_LEFT/n015-2018-09-27-15-33-17+0800__CAM_FRONT_LEFT__1538034012754844.jpg", "samples/CAM_FRONT/n015-2018-09-27-15-33-17+0800__CAM_FRONT__1538034012762460.jpg", "samples/CAM_FRONT_RIGHT/n015-2018-09-27-15-33-17+0800__CAM_FRONT_RIGHT__1538034012770339.jpg", "samples/CAM_BACK_LEFT/n015-2018-09-27-15-33-17+0800__CAM_BACK_LEFT__1538034012797423.jpg", "samples/CAM_BACK/n015-2018-09-27-15-33-17+0800__CAM_BACK__1538034012787525.jpg", "samples/CAM_BACK_RIGHT/n015-2018-09-27-15-33-17+0800__CAM_BACK_RIGHT__1538034012777893.jpg"], "intrinsics": [[[1272.5979470598488, 0.0, 826.6154927353808], [0.0, 1272.5979470598488, 479.75165386361925], [0.0, 0.0, 1.0]], [[1266.417203046554, 0.0, 816.2670197447984], [0.0, 1266.417203046554, 491.50706579294757], [0.0, 0.0, 1.0]], [[1260.8474446004698, 0.0, 807.968244525554], [0.0, 1260.8474446004698, 495.3344268742088], [0.0, 0.0, 1.0]], [[1256.7414812095406, 0.0, 792.1125740759628], [0.0, 1256.7414812095406, 492.7757465151356], [0.0, 0.0, 1.0]], [[809.2209905677063, 0.0, 829.2196003259838], [0.0, 809.2209905677063, 481.77842384512485], [0.0, 0.0, 1.0]], [[1259.5137405846733, 0.0, 807.2529053838625], [0.0, 1259.5137405846733, 501.19579884916527], [0.0, 0.0, 1.0]]], "extrinsics": [[[0.8209595680236816, -0.5708543062210083, -0.012277242727577686, -0.665771484375], [-0.0019789226353168488, 0.01865706406533718, -0.9998239874839783, 1.5075149536132812], [0.5709829330444336, 0.8208393454551697, 0.014187020249664783, -1.07269287109375], [0.0, 0.0, 0.0, 1.0]], [[0.0059205167926847935, -0.9998754262924194, -0.01462835818529129, 0.007080078125], [-0.007457607891410589, 0.01458405889570713, -0.9998658895492554, 1.5182914733886719], [0.9999545812606812, 0.006028808653354645, -0.00737033411860466, -1.39306640625], [0.0, 0.0, 0.0, 1.0]], [[-0.8328883051872253, -0.5532117486000061, -0.015928901731967926, 0.83868408203125], [-0.002004614332690835, 0.03179692476987839, -0.9994922876358032, 1.5031661987304688], [0.5534374713897705, -0.8324334621429443, -0.027592264115810394, -1.11962890625], [0.0, 0.0, 0.0, 1.0]], [[0.9477698802947998, 0.31889232993125916, 0.006320788059383631, -1.1417236328125], [0.0061847674660384655, 0.0014391213189810514, -0.9999798536300659, 1.58856201171875], [-0.3188949525356293, 0.9477897882461548, -0.0006083190091885626, -0.10400390625], [0.0, 0.0, 0.0, 1.0]], [[0.002403730759397149, 0.9999316334724426, 0.01143599208444357, 0.002685546875], [-0.01905982196331024, 0.011479760520160198, -0.9997524619102478, 1.577728271484375], [-0.9998154044151306, 0.0021851854398846626, 0.019086115062236786, -0.083984375], [0.0, 0.0, 0.0, 1.0]], [[-0.9348106384277344, 0.3551308214664459, -0.0033235405571758747, 0.979248046875], [0.013734741136431694, 0.026799554005265236, -0.999546468257904, 1.553750991821289], [-0.354880690574646, -0.9344323873519897, -0.02993014268577099, -0.123046875], [0.0, 0.0, 0.0, 1.0]]], "view": [[0.0, -2.0, 100.0], [-2.0, 0.0, 100.0], [0.0, 0.0, 1.0]], "bev": "bev_46014862a84a4d948150c74858344296.png", "aux": "aux_46014862a84a4d948150c74858344296.npz", "visibility": "visibility_46014862a84a4d948150c74858344296.png", "pose": [[-0.12299259752035141, 0.9924075603485107, 0.0, 2448.259033203125], [-0.9924075603485107, -0.12299259752035141, 0.0, 2280.8056640625], [0.0, 0.0, 1.0, 0.0], [0.0, 0.0, 0.0, 1.0]], "pose_inverse": [[-0.12299259752035141, -0.9924075603485107, 0.0, 2564.606689453125], [0.9924075603485107, -0.12299259752035141, 0.0, -2149.148681640625], [0.0, 0.0, 1.0, 0.0], [0.0, 0.0, 0.0, 1.0]], "cam_ids": [0, 1, 2, 3, 4, 5], "cam_channels": ["CAM_FRONT_LEFT", "CAM_FRONT", "CAM_FRONT_RIGHT", "CAM_BACK_LEFT", "CAM_BACK", "CAM_BACK_RIGHT"], "token": "46014862a84a4d948150c74858344296", "scene": "scene-0418"}, {"images": ["samples/CAM_FRONT_LEFT/n015-2018-09-27-15-33-17+0800__CAM_FRONT_LEFT__1538034013254844.jpg", "samples/CAM_FRONT/n015-2018-09-27-15-33-17+0800__CAM_FRONT__1538034013262460.jpg", "samples/CAM_FRONT_RIGHT/n015-2018-09-27-15-33-17+0800__CAM_FRONT_RIGHT__1538034013270339.jpg", "samples/CAM_BACK_LEFT/n015-2018-09-27-15-33-17+0800__CAM_BACK_LEFT__1538034013297423.jpg", "samples/CAM_BACK/n015-2018-09-27-15-33-17+0800__CAM_BACK__1538034013287525.jpg", "samples/CAM_BACK_RIGHT/n015-2018-09-27-15-33-17+0800__CAM_BACK_RIGHT__1538034013277893.jpg"], "intrinsics": [[[1272.5979470598488, 0.0, 826.6154927353808], [0.0, 1272.5979470598488, 479.75165386361925], [0.0, 0.0, 1.0]], [[1266.417203046554, 0.0, 816.2670197447984], [0.0, 1266.417203046554, 491.50706579294757], [0.0, 0.0, 1.0]], [[1260.8474446004698, 0.0, 807.968244525554], [0.0, 1260.8474446004698, 495.3344268742088], [0.0, 0.0, 1.0]], [[1256.7414812095406, 0.0, 792.1125740759628], [0.0, 1256.7414812095406, 492.7757465151356], [0.0, 0.0, 1.0]], [[809.2209905677063, 0.0, 829.2196003259838], [0.0, 809.2209905677063, 481.77842384512485], [0.0, 0.0, 1.0]], [[1259.5137405846733, 0.0, 807.2529053838625], [0.0, 1259.5137405846733, 501.19579884916527], [0.0, 0.0, 1.0]]], "extrinsics": [[[0.8205589056015015, -0.5714954137802124, -0.008721128106117249, -0.653076171875], [-0.0032221945002675056, 0.010632786899805069, -0.9999382495880127, 1.5070152282714844], [0.5715528130531311, 0.8205363750457764, 0.006883358582854271, -1.063934326171875], [0.0, 0.0, 0.0, 1.0]], [[0.005416878964751959, -0.99996417760849, -0.006507476791739464, 0.008056640625], [-0.008622617460787296, 0.006460623815655708, -0.9999420046806335, 1.5178298950195312], [0.9999481439590454, 0.0054726870730519295, -0.008587312884628773, -1.37939453125], [0.0, 0.0, 0.0, 1.0]], [[-0.8330673575401306, -0.5530726313591003, -0.010453333146870136, 0.82958984375], [-0.0030873955693095922, 0.023545540869235992, -0.9997179508209229, 1.5028724670410156], [0.5531628131866455, -0.8328002691268921, -0.021322576329112053, -1.11328125], [0.0, 0.0, 0.0, 1.0]], [[0.9477782249450684, 0.3189198970794678, 0.0025646549183875322, -1.1378173828125], [0.005177351646125317, -0.007344886194914579, -0.9999595880508423, 1.5885810852050781], [-0.3188881576061249, 0.9477531313896179, -0.008612483739852905, -0.105224609375], [0.0, 0.0, 0.0, 1.0]], [[0.002497469075024128, 0.999992847442627, 0.002843886613845825, 0.00244140625], [-0.020063260570168495, 0.0028934308793395758, -0.9997945427894592, 1.5775070190429688], [-0.9997956156730652, 0.0024399019312113523, 0.02007034234702587, -0.090087890625], [0.0, 0.0, 0.0, 1.0]], [[-0.934751033782959, 0.35526296496391296, -0.005342236254364252, 0.969970703125], [0.012708364985883236, 0.01840399205684662, -0.9997498393058777, 1.553689956665039], [-0.35507580637931824, -0.9345852136611938, -0.021717963740229607, -0.1260986328125], [0.0, 0.0, 0.0, 1.0]]], "view": [[0.0, -2.0, 100.0], [-2.0, 0.0, 100.0], [0.0, 0.0, 1.0]], "bev": "bev_d30d2b69fd0940498c54c655a1cc581e.png", "aux": "aux_d30d2b69fd0940498c54c655a1cc581e.npz", "visibility": "visibility_d30d2b69fd0940498c54c655a1cc581e.png", "pose": [[-0.1206883043050766, 0.9926904439926147, 0.0, 2447.71826171875], [-0.9926904439926147, -0.1206883043050766, 0.0, 2276.492431640625], [0.0, 0.0, 1.0, 0.0], [0.0, 0.0, 0.0, 1.0]], "pose_inverse": [[-0.1206883043050766, -0.9926904439926147, 0.0, 2555.26318359375], [0.9926904439926147, -0.1206883043050766, 0.0, -2155.08056640625], [0.0, 0.0, 1.0, 0.0], [0.0, 0.0, 0.0, 1.0]], "cam_ids": [0, 1, 2, 3, 4, 5], "cam_channels": ["CAM_FRONT_LEFT", "CAM_FRONT", "CAM_FRONT_RIGHT", "CAM_BACK_LEFT", "CAM_BACK", "CAM_BACK_RIGHT"], "token": "d30d2b69fd0940498c54c655a1cc581e", "scene": "scene-0418"}, {"images": ["samples/CAM_FRONT_LEFT/n015-2018-09-27-15-33-17+0800__CAM_FRONT_LEFT__1538034013754844.jpg", "samples/CAM_FRONT/n015-2018-09-27-15-33-17+0800__CAM_FRONT__1538034013762460.jpg", "samples/CAM_FRONT_RIGHT/n015-2018-09-27-15-33-17+0800__CAM_FRONT_RIGHT__1538034013770339.jpg", "samples/CAM_BACK_LEFT/n015-2018-09-27-15-33-17+0800__CAM_BACK_LEFT__1538034013797423.jpg", "samples/CAM_BACK/n015-2018-09-27-15-33-17+0800__CAM_BACK__1538034013787525.jpg", "samples/CAM_BACK_RIGHT/n015-2018-09-27-15-33-17+0800__CAM_BACK_RIGHT__1538034013777893.jpg"], "intrinsics": [[[1272.5979470598488, 0.0, 826.6154927353808], [0.0, 1272.5979470598488, 479.75165386361925], [0.0, 0.0, 1.0]], [[1266.417203046554, 0.0, 816.2670197447984], [0.0, 1266.417203046554, 491.50706579294757], [0.0, 0.0, 1.0]], [[1260.8474446004698, 0.0, 807.968244525554], [0.0, 1260.8474446004698, 495.3344268742088], [0.0, 0.0, 1.0]], [[1256.7414812095406, 0.0, 792.1125740759628], [0.0, 1256.7414812095406, 492.7757465151356], [0.0, 0.0, 1.0]], [[809.2209905677063, 0.0, 829.2196003259838], [0.0, 809.2209905677063, 481.77842384512485], [0.0, 0.0, 1.0]], [[1259.5137405846733, 0.0, 807.2529053838625], [0.0, 1259.5137405846733, 501.19579884916527], [0.0, 0.0, 1.0]]], "extrinsics": [[[0.821179211139679, -0.5706178545951843, -0.007742237765341997, -0.645751953125], [-0.005234821699559689, 0.006034273188561201, -0.9999681115150452, 1.506204605102539], [0.570646345615387, 0.821193516254425, 0.001968136988580227, -1.06201171875], [0.0, 0.0, 0.0, 1.0]], [[0.0062520140781998634, -0.9999783635139465, -0.0020398038905113935, 0.010009765625], [-0.010510824620723724, 0.0019740161951631308, -0.9999428391456604, 1.5171699523925781], [0.9999251961708069, 0.006273109465837479, -0.010498255491256714, -1.373046875], [0.0, 0.0, 0.0, 1.0]], [[-0.8327716588973999, -0.553577721118927, -0.00656539760529995, 0.825927734375], [-0.004875453654676676, 0.019191976636648178, -0.999803900718689, 1.5023880004882812], [0.5535951852798462, -0.832576334476471, -0.018681475892663002, -1.109130859375], [0.0, 0.0, 0.0, 1.0]], [[0.9477685689926147, 0.3189586400985718, 2.236296859337017e-05, -1.138916015625], [0.003785633249208331, -0.011178700253367424, -0.9999303817749023, 1.5885658264160156], [-0.31893616914749146, 0.9477027058601379, -0.011802282184362411, -0.10498046875], [0.0, 0.0, 0.0, 1.0]], [[0.002302788197994232, 0.9999966621398926, -0.001222659251652658, 0.002197265625], [-0.021612385287880898, -0.001172608113847673, -0.9997657537460327, 1.57733154296875], [-0.9997637271881104, 0.0023286696523427963, 0.021609611809253693, -0.091552734375], [0.0, 0.0, 0.0, 1.0]], [[-0.9348900318145752, 0.3548981845378876, -0.005273517221212387, 0.96630859375], [0.011023124679923058, 0.014180806465446949, -0.999838650226593, 1.5534288883209229], [-0.3547661602497101, -0.9347974061965942, -0.017169583588838577, -0.12646484375], [0.0, 0.0, 0.0, 1.0]]], "view": [[0.0, -2.0, 100.0], [-2.0, 0.0, 100.0], [0.0, 0.0, 1.0]], "bev": "bev_dbfb118278c94a21800742890d118d27.png", "aux": "aux_dbfb118278c94a21800742890d118d27.npz", "visibility": "visibility_dbfb118278c94a21800742890d118d27.png", "pose": [[-0.12541642785072327, 0.992104172706604, 0.0, 2447.155517578125], [-0.992104172706604, -0.12541642785072327, 0.0, 2272.128173828125], [0.0, 0.0, 1.0, 0.0], [0.0, 0.0, 0.0, 1.0]], "pose_inverse": [[-0.12541642785072327, -0.992104172706604, 0.0, 2561.101318359375], [0.992104172706604, -0.12541642785072327, 0.0, -2142.87109375], [0.0, 0.0, 1.0, 0.0], [0.0, 0.0, 0.0, 1.0]], "cam_ids": [0, 1, 2, 3, 4, 5], "cam_channels": ["CAM_FRONT_LEFT", "CAM_FRONT", "CAM_FRONT_RIGHT", "CAM_BACK_LEFT", "CAM_BACK", "CAM_BACK_RIGHT"], "token": "dbfb118278c94a21800742890d118d27", "scene": "scene-0418"}, {"images": ["samples/CAM_FRONT_LEFT/n015-2018-09-27-15-33-17+0800__CAM_FRONT_LEFT__1538034014254847.jpg", "samples/CAM_FRONT/n015-2018-09-27-15-33-17+0800__CAM_FRONT__1538034014262460.jpg", "samples/CAM_FRONT_RIGHT/n015-2018-09-27-15-33-17+0800__CAM_FRONT_RIGHT__1538034014270339.jpg", "samples/CAM_BACK_LEFT/n015-2018-09-27-15-33-17+0800__CAM_BACK_LEFT__1538034014297423.jpg", "samples/CAM_BACK/n015-2018-09-27-15-33-17+0800__CAM_BACK__1538034014287525.jpg", "samples/CAM_BACK_RIGHT/n015-2018-09-27-15-33-17+0800__CAM_BACK_RIGHT__1538034014277893.jpg"], "intrinsics": [[[1272.5979470598488, 0.0, 826.6154927353808], [0.0, 1272.5979470598488, 479.75165386361925], [0.0, 0.0, 1.0]], [[1266.417203046554, 0.0, 816.2670197447984], [0.0, 1266.417203046554, 491.50706579294757], [0.0, 0.0, 1.0]], [[1260.8474446004698, 0.0, 807.968244525554], [0.0, 1260.8474446004698, 495.3344268742088], [0.0, 0.0, 1.0]], [[1256.7414812095406, 0.0, 792.1125740759628], [0.0, 1256.7414812095406, 492.7757465151356], [0.0, 0.0, 1.0]], [[809.2209905677063, 0.0, 829.2196003259838], [0.0, 809.2209905677063, 481.77842384512485], [0.0, 0.0, 1.0]], [[1259.5137405846733, 0.0, 807.2529053838625], [0.0, 1259.5137405846733, 501.19579884916527], [0.0, 0.0, 1.0]]], "extrinsics": [[[0.8212294578552246, -0.5705426931381226, -0.007953537628054619, -0.65869140625], [-0.00706898421049118, 0.003764880122616887, -0.9999679327011108, 1.5056133270263672], [0.5705543756484985, 0.8212592601776123, -0.0009413273655809462, -1.0703125], [0.0, 0.0, 0.0, 1.0]], [[0.0066162170842289925, -0.9999780058860779, 0.0003059626033063978, 0.00927734375], [-0.012298500165343285, -0.00038731732638552785, -0.9999243021011353, 1.5167961120605469], [0.9999024271965027, 0.006611939053982496, -0.012300793081521988, -1.388671875], [0.0, 0.0, 0.0, 1.0]], [[-0.83243328332901, -0.5541123747825623, -0.003774625714868307, 0.83880615234375], [-0.006611890625208616, 0.016743846237659454, -0.9998379349708557, 1.5020675659179688], [0.5540857315063477, -0.8322734236717224, -0.01760186441242695, -1.117431640625], [0.0, 0.0, 0.0, 1.0]], [[0.9477663040161133, 0.3189578354358673, -0.002186613157391548, -1.14453125], [0.002364980522543192, -0.01388222724199295, -0.9999008178710938, 1.5885505676269531], [-0.318956583738327, 0.9476672410964966, -0.013911438174545765, -0.103271484375], [0.0, 0.0, 0.0, 1.0]], [[0.0019981658551841974, 0.999990701675415, -0.003835281589999795, 0.002197265625], [-0.02315259911119938, -0.003787998342886567, -0.999724805355072, 1.577423095703125], [-0.9997299313545227, 0.002086412627249956, 0.023144813254475594, -0.08154296875], [0.0, 0.0, 0.0, 1.0]], [[-0.9351098537445068, 0.354327917098999, -0.0046251071617007256, 0.979736328125], [0.009363914839923382, 0.011660659685730934, -0.9998881816864014, 1.5529959201812744], [-0.35423433780670166, -0.9350485801696777, -0.014221894554793835, -0.12158203125], [0.0, 0.0, 0.0, 1.0]]], "view": [[0.0, -2.0, 100.0], [-2.0, 0.0, 100.0], [0.0, 0.0, 1.0]], "bev": "bev_a1d9e4d0946243349a70e33540c31f09.png", "aux": "aux_a1d9e4d0946243349a70e33540c31f09.npz", "visibility": "visibility_a1d9e4d0946243349a70e33540c31f09.png", "pose": [[-0.1324125975370407, 0.9911946654319763, 0.0, 2446.54931640625], [-0.9911946654319763, -0.1324125975370407, 0.0, 2267.740478515625], [0.0, 0.0, 1.0, 0.0], [0.0, 0.0, 0.0, 1.0]], "pose_inverse": [[-0.1324125975370407, -0.9911946654319763, 0.0, 2571.726318359375], [0.9911946654319763, -0.1324125975370407, 0.0, -2124.729248046875], [0.0, 0.0, 1.0, 0.0], [0.0, 0.0, 0.0, 1.0]], "cam_ids": [0, 1, 2, 3, 4, 5], "cam_channels": ["CAM_FRONT_LEFT", "CAM_FRONT", "CAM_FRONT_RIGHT", "CAM_BACK_LEFT", "CAM_BACK", "CAM_BACK_RIGHT"], "token": "a1d9e4d0946243349a70e33540c31f09", "scene": "scene-0418"}, {"images": ["samples/CAM_FRONT_LEFT/n015-2018-09-27-15-33-17+0800__CAM_FRONT_LEFT__1538034014654844.jpg", "samples/CAM_FRONT/n015-2018-09-27-15-33-17+0800__CAM_FRONT__1538034014662460.jpg", "samples/CAM_FRONT_RIGHT/n015-2018-09-27-15-33-17+0800__CAM_FRONT_RIGHT__1538034014670339.jpg", "samples/CAM_BACK_LEFT/n015-2018-09-27-15-33-17+0800__CAM_BACK_LEFT__1538034014697423.jpg", "samples/CAM_BACK/n015-2018-09-27-15-33-17+0800__CAM_BACK__1538034014687525.jpg", "samples/CAM_BACK_RIGHT/n015-2018-09-27-15-33-17+0800__CAM_BACK_RIGHT__1538034014677893.jpg"], "intrinsics": [[[1272.5979470598488, 0.0, 826.6154927353808], [0.0, 1272.5979470598488, 479.75165386361925], [0.0, 0.0, 1.0]], [[1266.417203046554, 0.0, 816.2670197447984], [0.0, 1266.417203046554, 491.50706579294757], [0.0, 0.0, 1.0]], [[1260.8474446004698, 0.0, 807.968244525554], [0.0, 1260.8474446004698, 495.3344268742088], [0.0, 0.0, 1.0]], [[1256.7414812095406, 0.0, 792.1125740759628], [0.0, 1256.7414812095406, 492.7757465151356], [0.0, 0.0, 1.0]], [[809.2209905677063, 0.0, 829.2196003259838], [0.0, 809.2209905677063, 481.77842384512485], [0.0, 0.0, 1.0]], [[1259.5137405846733, 0.0, 807.2529053838625], [0.0, 1259.5137405846733, 501.19579884916527], [0.0, 0.0, 1.0]]], "extrinsics": [[[0.8209269046783447, -0.5710129737854004, -0.004803077783435583, -0.66357421875], [-0.0032743162009865046, 0.0037040209863334894, -0.999987781047821, 1.5070428848266602], [0.57102370262146, 0.8209326267242432, 0.0011710539693012834, -1.074371337890625], [0.0, 0.0, 0.0, 1.0]], [[0.005942684598267078, -0.9999821782112122, 0.00047808035742491484, 0.00927734375], [-0.008474688977003098, -0.0005284349899739027, -0.9999639987945557, 1.5179977416992188], [0.9999463558197021, 0.00593841727823019, -0.008477678522467613, -1.392822265625], [0.0, 0.0, 0.0, 1.0]], [[-0.8328421711921692, -0.5534681081771851, -0.006849294062703848, 0.8404541015625], [-0.002748014871031046, 0.01650862582027912, -0.9998599290847778, 1.5029754638671875], [0.553503692150116, -0.8327066898345947, -0.015270018950104713, -1.119140625], [0.0, 0.0, 0.0, 1.0]], [[0.9477685689926147, 0.3189546763896942, 0.0016182998660951853, -1.1416015625], [0.006278436630964279, -0.013583076186478138, -0.999888002872467, 1.5885581970214844], [-0.31889697909355164, 0.9476726055145264, -0.014876149594783783, -0.103759765625], [0.0, 0.0, 0.0, 1.0]], [[0.0023393777664750814, 0.9999887943267822, -0.00411742739379406, 0.002197265625], [-0.019272644072771072, -0.004071587696671486, -0.9998059868812561, 1.5777206420898438], [-0.9998115301132202, 0.00241828546859324, 0.019262904301285744, -0.083251953125], [0.0, 0.0, 0.0, 1.0]], [[-0.9348511695861816, 0.35494163632392883, -0.008355620317161083, 0.979736328125], [0.013240142725408077, 0.011334845796227455, -0.9998481273651123, 1.5536413192749023], [-0.3547930419445038, -0.9348196983337402, -0.015295872464776039, -0.12109375], [0.0, 0.0, 0.0, 1.0]]], "view": [[0.0, -2.0, 100.0], [-2.0, 0.0, 100.0], [0.0, 0.0, 1.0]], "bev": "bev_263263a3c4974b1787c7b5ddfa703477.png", "aux": "aux_263263a3c4974b1787c7b5ddfa703477.npz", "visibility": "visibility_263263a3c4974b1787c7b5ddfa703477.png", "pose": [[-0.13794353604316711, 0.9904400706291199, 0.0, 2446.04931640625], [-0.9904400706291199, -0.13794353604316711, 0.0, 2264.301025390625], [0.0, 0.0, 1.0, 0.0], [0.0, 0.0, 0.0, 1.0]], "pose_inverse": [[-0.13794353604316711, -0.9904400706291199, 0.0, 2580.0712890625], [0.9904400706291199, -0.13794353604316711, 0.0, -2110.319580078125], [0.0, 0.0, 1.0, 0.0], [0.0, 0.0, 0.0, 1.0]], "cam_ids": [0, 1, 2, 3, 4, 5], "cam_channels": ["CAM_FRONT_LEFT", "CAM_FRONT", "CAM_FRONT_RIGHT", "CAM_BACK_LEFT", "CAM_BACK", "CAM_BACK_RIGHT"], "token": "263263a3c4974b1787c7b5ddfa703477", "scene": "scene-0418"}, {"images": ["samples/CAM_FRONT_LEFT/n015-2018-09-27-15-33-17+0800__CAM_FRONT_LEFT__1538034015154844.jpg", "samples/CAM_FRONT/n015-2018-09-27-15-33-17+0800__CAM_FRONT__1538034015162460.jpg", "samples/CAM_FRONT_RIGHT/n015-2018-09-27-15-33-17+0800__CAM_FRONT_RIGHT__1538034015170339.jpg", "samples/CAM_BACK_LEFT/n015-2018-09-27-15-33-17+0800__CAM_BACK_LEFT__1538034015197423.jpg", "samples/CAM_BACK/n015-2018-09-27-15-33-17+0800__CAM_BACK__1538034015187525.jpg", "samples/CAM_BACK_RIGHT/n015-2018-09-27-15-33-17+0800__CAM_BACK_RIGHT__1538034015177893.jpg"], "intrinsics": [[[1272.5979470598488, 0.0, 826.6154927353808], [0.0, 1272.5979470598488, 479.75165386361925], [0.0, 0.0, 1.0]], [[1266.417203046554, 0.0, 816.2670197447984], [0.0, 1266.417203046554, 491.50706579294757], [0.0, 0.0, 1.0]], [[1260.8474446004698, 0.0, 807.968244525554], [0.0, 1260.8474446004698, 495.3344268742088], [0.0, 0.0, 1.0]], [[1256.7414812095406, 0.0, 792.1125740759628], [0.0, 1256.7414812095406, 492.7757465151356], [0.0, 0.0, 1.0]], [[809.2209905677063, 0.0, 829.2196003259838], [0.0, 809.2209905677063, 481.77842384512485], [0.0, 0.0, 1.0]], [[1259.5137405846733, 0.0, 807.2529053838625], [0.0, 1259.5137405846733, 501.19579884916527], [0.0, 0.0, 1.0]]], "extrinsics": [[[0.8208577632904053, -0.5710659027099609, -0.0087288124486804, -0.6669921875], [-0.008383238688111305, 0.003234326373785734, -0.9999596476554871, 1.5052108764648438], [0.5710711479187012, 0.8208978772163391, -0.0021324597764760256, -1.0760498046875], [0.0, 0.0, 0.0, 1.0]], [[0.005748135037720203, -0.9999833703041077, 0.0005527417524717748, 0.009033203125], [-0.013919678516685963, -0.0006327106966637075, -0.9999029636383057, 1.5164070129394531], [0.9998866319656372, 0.00573987839743495, -0.013923082500696182, -1.39599609375], [0.0, 0.0, 0.0, 1.0]], [[-0.8330556154251099, -0.5531851649284363, -0.002132029039785266, 0.84185791015625], [-0.008545170538127422, 0.016721807420253754, -0.9998236298561096, 1.50164794921875], [0.5531232357025146, -0.8328904509544373, -0.0186572577804327, -1.119873046875], [0.0, 0.0, 0.0, 1.0]], [[0.9477548003196716, 0.3189585506916046, -0.005108044017106295, -1.1383056640625], [-0.0007713892846368253, -0.013721134513616562, -0.999905526638031, 1.5885505676269531], [-0.3189985156059265, 0.9476693868637085, -0.012758230790495872, -0.10498046875], [0.0, 0.0, 0.0, 1.0]], [[0.00248643453232944, 0.999989926815033, -0.003735276870429516, 0.002685546875], [-0.025866633281111717, -0.0036697236355394125, -0.9996586441993713, 1.5771255493164062], [-0.9996622800827026, 0.0025821784511208534, 0.02585724927484989, -0.08447265625], [0.0, 0.0, 0.0, 1.0]], [[-0.93476802110672, 0.3552503287792206, -0.0024754751939326525, 0.98046875], [0.007088359910994768, 0.011683947406709194, -0.9999066591262817, 1.5526151657104492], [-0.355188250541687, -0.934698224067688, -0.013439921662211418, -0.1214599609375], [0.0, 0.0, 0.0, 1.0]]], "view": [[0.0, -2.0, 100.0], [-2.0, 0.0, 100.0], [0.0, 0.0, 1.0]], "bev": "bev_d13d6fbb12f94fe385ef6cb3815a4d55.png", "aux": "aux_d13d6fbb12f94fe385ef6cb3815a4d55.npz", "visibility": "visibility_d13d6fbb12f94fe385ef6cb3815a4d55.png", "pose": [[-0.14368534088134766, 0.9896234273910522, 0.0, 2445.41552734375], [-0.9896234273910522, -0.14368534088134766, 0.0, 2260.07421875], [0.0, 0.0, 1.0, 0.0], [0.0, 0.0, 0.0, 1.0]], "pose_inverse": [[-0.14368534088134766, -0.9896234273910522, 0.0, 2587.99267578125], [0.9896234273910522, -0.14368534088134766, 0.0, -2095.301025390625], [0.0, 0.0, 1.0, 0.0], [0.0, 0.0, 0.0, 1.0]], "cam_ids": [0, 1, 2, 3, 4, 5], "cam_channels": ["CAM_FRONT_LEFT", "CAM_FRONT", "CAM_FRONT_RIGHT", "CAM_BACK_LEFT", "CAM_BACK", "CAM_BACK_RIGHT"], "token": "d13d6fbb12f94fe385ef6cb3815a4d55", "scene": "scene-0418"}, {"images": ["samples/CAM_FRONT_LEFT/n015-2018-09-27-15-33-17+0800__CAM_FRONT_LEFT__1538034015654844.jpg", "samples/CAM_FRONT/n015-2018-09-27-15-33-17+0800__CAM_FRONT__1538034015662460.jpg", "samples/CAM_FRONT_RIGHT/n015-2018-09-27-15-33-17+0800__CAM_FRONT_RIGHT__1538034015670339.jpg", "samples/CAM_BACK_LEFT/n015-2018-09-27-15-33-17+0800__CAM_BACK_LEFT__1538034015697423.jpg", "samples/CAM_BACK/n015-2018-09-27-15-33-17+0800__CAM_BACK__1538034015687525.jpg", "samples/CAM_BACK_RIGHT/n015-2018-09-27-15-33-17+0800__CAM_BACK_RIGHT__1538034015677893.jpg"], "intrinsics": [[[1272.5979470598488, 0.0, 826.6154927353808], [0.0, 1272.5979470598488, 479.75165386361925], [0.0, 0.0, 1.0]], [[1266.417203046554, 0.0, 816.2670197447984], [0.0, 1266.417203046554, 491.50706579294757], [0.0, 0.0, 1.0]], [[1260.8474446004698, 0.0, 807.968244525554], [0.0, 1260.8474446004698, 495.3344268742088], [0.0, 0.0, 1.0]], [[1256.7414812095406, 0.0, 792.1125740759628], [0.0, 1256.7414812095406, 492.7757465151356], [0.0, 0.0, 1.0]], [[809.2209905677063, 0.0, 829.2196003259838], [0.0, 809.2209905677063, 481.77842384512485], [0.0, 0.0, 1.0]], [[1259.5137405846733, 0.0, 807.2529053838625], [0.0, 1259.5137405846733, 501.19579884916527], [0.0, 0.0, 1.0]]], "extrinsics": [[[0.8206473588943481, -0.5713960528373718, -0.0066612353548407555, -0.656982421875], [-0.008170759305357933, -7.752695091767237e-05, -0.9999666213989258, 1.505197525024414], [0.5713765025138855, 0.8206743597984314, -0.0047323619946837425, -1.06927490234375], [0.0, 0.0, 0.0, 1.0]], [[0.005592947825789452, -0.9999760985374451, 0.004053520504385233, 0.009033203125], [-0.013569404371082783, -0.004129104316234589, -0.9998994469642639, 1.516378402709961], [0.9998922348022461, 0.00553738372400403, -0.013592173345386982, -1.38525390625], [0.0, 0.0, 0.0, 1.0]], [[-0.8330164551734924, -0.5532479882240295, -0.0005364037351682782, 0.83502197265625], [-0.008047652430832386, 0.013086659833788872, -0.9998819828033447, 1.5016975402832031], [0.5531896352767944, -0.8329137563705444, -0.015353750437498093, -1.115234375], [0.0, 0.0, 0.0, 1.0]], [[0.9477623701095581, 0.31893375515937805, -0.00526857003569603, -1.1395263671875], [0.0002544576127547771, -0.01727302186191082, -0.9998507499694824, 1.5885467529296875], [-0.3189771771430969, 0.9476196765899658, -0.016451874747872353, -0.104248046875], [0.0, 0.0, 0.0, 1.0]], [[0.002402473473921418, 0.9999703168869019, -0.0073267375119030476, 0.002197265625], [-0.02501261606812477, -0.007264375686645508, -0.9996607899665833, 1.5771408081054688], [-0.99968421459198, 0.002584913745522499, 0.024994418025016785, -0.087158203125], [0.0, 0.0, 0.0, 1.0]], [[-0.9348152875900269, 0.35510748624801636, -0.004365407396107912, 0.974609375], [0.007733973674476147, 0.008067137561738491, -0.9999375343322754, 1.5527756214141846], [-0.35505011677742004, -0.9347907304763794, -0.010287676006555557, -0.1236572265625], [0.0, 0.0, 0.0, 1.0]]], "view": [[0.0, -2.0, 100.0], [-2.0, 0.0, 100.0], [0.0, 0.0, 1.0]], "bev": "bev_83ce7c6ace454a6388e5069bbe3ec021.png", "aux": "aux_83ce7c6ace454a6388e5069bbe3ec021.npz", "visibility": "visibility_83ce7c6ace454a6388e5069bbe3ec021.png", "pose": [[-0.13879269361495972, 0.9903214573860168, 0.0, 2444.78125], [-0.9903214573860168, -0.13879269361495972, 0.0, 2255.846435546875], [0.0, 0.0, 1.0, 0.0], [0.0, 0.0, 0.0, 1.0]], "pose_inverse": [[-0.13879269361495972, -0.9903214573860168, 0.0, 2573.330810546875], [0.9903214573860168, -0.13879269361495972, 0.0, -2108.0244140625], [0.0, 0.0, 1.0, 0.0], [0.0, 0.0, 0.0, 1.0]], "cam_ids": [0, 1, 2, 3, 4, 5], "cam_channels": ["CAM_FRONT_LEFT", "CAM_FRONT", "CAM_FRONT_RIGHT", "CAM_BACK_LEFT", "CAM_BACK", "CAM_BACK_RIGHT"], "token": "83ce7c6ace454a6388e5069bbe3ec021", "scene": "scene-0418"}, {"images": ["samples/CAM_FRONT_LEFT/n015-2018-09-27-15-33-17+0800__CAM_FRONT_LEFT__1538034016154844.jpg", "samples/CAM_FRONT/n015-2018-09-27-15-33-17+0800__CAM_FRONT__1538034016162460.jpg", "samples/CAM_FRONT_RIGHT/n015-2018-09-27-15-33-17+0800__CAM_FRONT_RIGHT__1538034016170339.jpg", "samples/CAM_BACK_LEFT/n015-2018-09-27-15-33-17+0800__CAM_BACK_LEFT__1538034016197423.jpg", "samples/CAM_BACK/n015-2018-09-27-15-33-17+0800__CAM_BACK__1538034016187525.jpg", "samples/CAM_BACK_RIGHT/n015-2018-09-27-15-33-17+0800__CAM_BACK_RIGHT__1538034016177893.jpg"], "intrinsics": [[[1272.5979470598488, 0.0, 826.6154927353808], [0.0, 1272.5979470598488, 479.75165386361925], [0.0, 0.0, 1.0]], [[1266.417203046554, 0.0, 816.2670197447984], [0.0, 1266.417203046554, 491.50706579294757], [0.0, 0.0, 1.0]], [[1260.8474446004698, 0.0, 807.968244525554], [0.0, 1260.8474446004698, 495.3344268742088], [0.0, 0.0, 1.0]], [[1256.7414812095406, 0.0, 792.1125740759628], [0.0, 1256.7414812095406, 492.7757465151356], [0.0, 0.0, 1.0]], [[809.2209905677063, 0.0, 829.2196003259838], [0.0, 809.2209905677063, 481.77842384512485], [0.0, 0.0, 1.0]], [[1259.5137405846733, 0.0, 807.2529053838625], [0.0, 1259.5137405846733, 501.19579884916527], [0.0, 0.0, 1.0]]], "extrinsics": [[[0.8205593824386597, -0.5715574622154236, -0.0020935223437845707, -0.67431640625], [-0.004578294698148966, -0.002910067094489932, -0.9999852776527405, 1.5066304206848145], [0.5715429782867432, 0.8205568194389343, -0.005004641134291887, -1.0782470703125], [0.0, 0.0, 0.0, 1.0]], [[0.005621390882879496, -0.9999603033065796, 0.006906604394316673, 0.00732421875], [-0.009680439718067646, -0.006960806902498007, -0.9999289512634277, 1.5177192687988281], [0.9999372959136963, 0.0055541289038956165, -0.009719185531139374, -1.401123046875], [0.0, 0.0, 0.0, 1.0]], [[-0.8328502774238586, -0.5534927248954773, -0.002471876097843051, 0.84466552734375], [-0.003872817615047097, 0.010293187573552132, -0.999939501285553, 1.5027580261230469], [0.5534847378730774, -0.8327903747558594, -0.01071626041084528, -1.123046875], [0.0, 0.0, 0.0, 1.0]], [[0.9477592706680298, 0.31898418068885803, -0.0011762132635340095, -1.1400146484375], [0.0054449355229735374, -0.01986447162926197, -0.9997878670692444, 1.58856201171875], [-0.31893986463546753, 0.9475517868995667, -0.020563585683703423, -0.1044921875], [0.0, 0.0, 0.0, 1.0]], [[0.002267496194690466, 0.999947726726532, -0.009967540390789509, 0.00244140625], [-0.020221814513206482, -0.009919676929712296, -0.9997463226318359, 1.5776729583740234], [-0.9997928738594055, 0.002468510065227747, 0.020198263227939606, -0.081787109375], [0.0, 0.0, 0.0, 1.0]], [[-0.9348993301391602, 0.3547859191894531, -0.009490761905908585, 0.98291015625], [0.012180174700915813, 0.005347774364054203, -0.9999115467071533, 1.5534343719482422], [-0.35470378398895264, -0.934932291507721, -0.00932098738849163, -0.12109375], [0.0, 0.0, 0.0, 1.0]]], "view": [[0.0, -2.0, 100.0], [-2.0, 0.0, 100.0], [0.0, 0.0, 1.0]], "bev": "bev_69da68be18084f89aa62d53e15541557.png", "aux": "aux_69da68be18084f89aa62d53e15541557.npz", "visibility": "visibility_69da68be18084f89aa62d53e15541557.png", "pose": [[-0.13754278421401978, 0.9904958009719849, 0.0, 2444.17919921875], [-0.9904958009719849, -0.13754278421401978, 0.0, 2251.716064453125], [0.0, 0.0, 1.0, 0.0], [0.0, 0.0, 0.0, 1.0]], "pose_inverse": [[-0.13754278421401978, -0.9904958009719849, 0.0, 2566.49462890625], [0.9904958009719849, -0.13754278421401978, 0.0, -2111.241943359375], [0.0, 0.0, 1.0, 0.0], [0.0, 0.0, 0.0, 1.0]], "cam_ids": [0, 1, 2, 3, 4, 5], "cam_channels": ["CAM_FRONT_LEFT", "CAM_FRONT", "CAM_FRONT_RIGHT", "CAM_BACK_LEFT", "CAM_BACK", "CAM_BACK_RIGHT"], "token": "69da68be18084f89aa62d53e15541557", "scene": "scene-0418"}, {"images": ["samples/CAM_FRONT_LEFT/n015-2018-09-27-15-33-17+0800__CAM_FRONT_LEFT__1538034016654844.jpg", "samples/CAM_FRONT/n015-2018-09-27-15-33-17+0800__CAM_FRONT__1538034016662460.jpg", "samples/CAM_FRONT_RIGHT/n015-2018-09-27-15-33-17+0800__CAM_FRONT_RIGHT__1538034016670339.jpg", "samples/CAM_BACK_LEFT/n015-2018-09-27-15-33-17+0800__CAM_BACK_LEFT__1538034016697423.jpg", "samples/CAM_BACK/n015-2018-09-27-15-33-17+0800__CAM_BACK__1538034016687525.jpg", "samples/CAM_BACK_RIGHT/n015-2018-09-27-15-33-17+0800__CAM_BACK_RIGHT__1538034016677893.jpg"], "intrinsics": [[[1272.5979470598488, 0.0, 826.6154927353808], [0.0, 1272.5979470598488, 479.75165386361925], [0.0, 0.0, 1.0]], [[1266.417203046554, 0.0, 816.2670197447984], [0.0, 1266.417203046554, 491.50706579294757], [0.0, 0.0, 1.0]], [[1260.8474446004698, 0.0, 807.968244525554], [0.0, 1260.8474446004698, 495.3344268742088], [0.0, 0.0, 1.0]], [[1256.7414812095406, 0.0, 792.1125740759628], [0.0, 1256.7414812095406, 492.7757465151356], [0.0, 0.0, 1.0]], [[809.2209905677063, 0.0, 829.2196003259838], [0.0, 809.2209905677063, 481.77842384512485], [0.0, 0.0, 1.0]], [[1259.5137405846733, 0.0, 807.2529053838625], [0.0, 1259.5137405846733, 501.19579884916527], [0.0, 0.0, 1.0]]], "extrinsics": [[[0.8204178214073181, -0.571763277053833, 0.0011565055465325713, -0.685546875], [0.0006387444445863366, -0.0011061697732657194, -0.9999991655349731, 1.5084664821624756], [0.5717640519142151, 0.8204178214073181, -0.0005423108814284205, -1.087371826171875], [0.0, 0.0, 0.0, 1.0]], [[0.005166543647646904, -0.9999736547470093, 0.0051031336188316345, 0.0078125], [-0.0047766538336873055, -0.0051278225146234035, -0.9999754428863525, 1.5192029476165771], [0.9999752044677734, 0.005142062436789274, -0.004803020972758532, -1.412353515625], [0.0, 0.0, 0.0, 1.0]], [[-0.8331626057624817, -0.5529799461364746, -0.007297771517187357, 0.85089111328125], [0.0007156470674090087, 0.012117952108383179, -0.9999262690544128, 1.5037956237792969], [0.5530276298522949, -0.8331064581871033, -0.00970048364251852, -1.127685546875], [0.0, 0.0, 0.0, 1.0]], [[0.947761058807373, 0.31897038221359253, 0.002609349088743329, -1.1402587890625], [0.008851321414113045, -0.018121182918548584, -0.9997966289520264, 1.5885734558105469], [-0.31885823607444763, 0.9475914239883423, -0.019997861236333847, -0.1044921875], [0.0, 0.0, 0.0, 1.0]], [[0.0025899389293044806, 0.999963104724884, -0.008188288658857346, 0.00244140625], [-0.01636912301182747, -0.008144824765622616, -0.9998328685760498, 1.5780353546142578], [-0.9998626708984375, 0.0027235292363911867, 0.016347423195838928, -0.079345703125], [0.0, 0.0, 0.0, 1.0]], [[-0.9346535801887512, 0.3553279638290405, -0.012837691232562065, 0.988037109375], [0.01644621044397354, 0.007136726286262274, -0.9998392462730408, 1.554046630859375], [-0.35517922043800354, -0.9347144961357117, -0.012514164671301842, -0.1192626953125], [0.0, 0.0, 0.0, 1.0]]], "view": [[0.0, -2.0, 100.0], [-2.0, 0.0, 100.0], [0.0, 0.0, 1.0]], "bev": "bev_ca2cf59b3a014bdaa1f9e3ba39a91934.png", "aux": "aux_ca2cf59b3a014bdaa1f9e3ba39a91934.npz", "visibility": "visibility_ca2cf59b3a014bdaa1f9e3ba39a91934.png", "pose": [[-0.13363716006278992, 0.9910303354263306, 0.0, 2443.61669921875], [-0.9910303354263306, -0.13363716006278992, 0.0, 2247.772216796875], [0.0, 0.0, 1.0, 0.0], [0.0, 0.0, 0.0, 1.0]], "pose_inverse": [[-0.13363716006278992, -0.9910303354263306, 0.0, 2554.16845703125], [0.9910303354263306, -0.13363716006278992, 0.0, -2121.312255859375], [0.0, 0.0, 1.0, 0.0], [0.0, 0.0, 0.0, 1.0]], "cam_ids": [0, 1, 2, 3, 4, 5], "cam_channels": ["CAM_FRONT_LEFT", "CAM_FRONT", "CAM_FRONT_RIGHT", "CAM_BACK_LEFT", "CAM_BACK", "CAM_BACK_RIGHT"], "token": "ca2cf59b3a014bdaa1f9e3ba39a91934", "scene": "scene-0418"}, {"images": ["samples/CAM_FRONT_LEFT/n015-2018-09-27-15-33-17+0800__CAM_FRONT_LEFT__1538034017154844.jpg", "samples/CAM_FRONT/n015-2018-09-27-15-33-17+0800__CAM_FRONT__1538034017162460.jpg", "samples/CAM_FRONT_RIGHT/n015-2018-09-27-15-33-17+0800__CAM_FRONT_RIGHT__1538034017170339.jpg", "samples/CAM_BACK_LEFT/n015-2018-09-27-15-33-17+0800__CAM_BACK_LEFT__1538034017197423.jpg", "samples/CAM_BACK/n015-2018-09-27-15-33-17+0800__CAM_BACK__1538034017187525.jpg", "samples/CAM_BACK_RIGHT/n015-2018-09-27-15-33-17+0800__CAM_BACK_RIGHT__1538034017177893.jpg"], "intrinsics": [[[1272.5979470598488, 0.0, 826.6154927353808], [0.0, 1272.5979470598488, 479.75165386361925], [0.0, 0.0, 1.0]], [[1266.417203046554, 0.0, 816.2670197447984], [0.0, 1266.417203046554, 491.50706579294757], [0.0, 0.0, 1.0]], [[1260.8474446004698, 0.0, 807.968244525554], [0.0, 1260.8474446004698, 495.3344268742088], [0.0, 0.0, 1.0]], [[1256.7414812095406, 0.0, 792.1125740759628], [0.0, 1256.7414812095406, 492.7757465151356], [0.0, 0.0, 1.0]], [[809.2209905677063, 0.0, 829.2196003259838], [0.0, 809.2209905677063, 481.77842384512485], [0.0, 0.0, 1.0]], [[1259.5137405846733, 0.0, 807.2529053838625], [0.0, 1259.5137405846733, 501.19579884916527], [0.0, 0.0, 1.0]]], "extrinsics": [[[0.8208323121070862, -0.5711531043052673, -0.004290319513529539, -0.693115234375], [-0.004410367924720049, 0.001173243741504848, -0.9999895691871643, 1.5067949295043945], [0.5711522102355957, 0.8208426833152771, -0.0015559587627649307, -1.0953369140625], [0.0, 0.0, 0.0, 1.0]], [[0.005926776211708784, -0.9999784231185913, 0.002841695211827755, 0.009521484375], [-0.00966698583215475, -0.002898906823247671, -0.9999490976333618, 1.5179214477539062], [0.9999356865882874, 0.005898973438888788, -0.009683958254754543, -1.42138671875], [0.0, 0.0, 0.0, 1.0]], [[-0.8327797055244446, -0.553585410118103, -0.00458548404276371, 0.85791015625], [-0.003995802719146013, 0.014293370768427849, -0.9998898506164551, 1.5027656555175781], [0.5535899996757507, -0.8326696753501892, -0.014115247875452042, -1.1298828125], [0.0, 0.0, 0.0, 1.0]], [[0.947761595249176, 0.31897905468940735, -0.00045870733447372913, -1.1383056640625], [0.0049421158619225025, -0.016122030094265938, -0.9998577833175659, 1.5885810852050781], [-0.31894105672836304, 0.9476246237754822, -0.016856273636221886, -0.105224609375], [0.0, 0.0, 0.0, 1.0]], [[0.002253602258861065, 0.9999786019325256, -0.006137787830084562, 0.001953125], [-0.02061407081782818, -0.0060900435782969, -0.9997689723968506, 1.5777130126953125], [-0.9997849464416504, 0.002379621146246791, 0.020599907264113426, -0.077880859375], [0.0, 0.0, 0.0, 1.0]], [[-0.9349125027656555, 0.35479068756103516, -0.00788071658462286, 0.991943359375], [0.011943717487156391, 0.00926324725151062, -0.9998857975006104, 1.553262710571289], [-0.3546772003173828, -0.9348998665809631, -0.012897847220301628, -0.1160888671875], [0.0, 0.0, 0.0, 1.0]]], "view": [[0.0, -2.0, 100.0], [-2.0, 0.0, 100.0], [0.0, 0.0, 1.0]], "bev": "bev_80482848d58f47e6ba184253f36a177d.png", "aux": "aux_80482848d58f47e6ba184253f36a177d.npz", "visibility": "visibility_80482848d58f47e6ba184253f36a177d.png", "pose": [[-0.13141976296901703, 0.9913268089294434, 0.0, 2443.07568359375], [-0.9913268089294434, -0.13141976296901703, 0.0, 2243.936279296875], [0.0, 0.0, 1.0, 0.0], [0.0, 0.0, 0.0, 1.0]], "pose_inverse": [[-0.13141976296901703, -0.9913268089294434, 0.0, 2545.542724609375], [0.9913268089294434, -0.13141976296901703, 0.0, -2126.98876953125], [0.0, 0.0, 1.0, 0.0], [0.0, 0.0, 0.0, 1.0]], "cam_ids": [0, 1, 2, 3, 4, 5], "cam_channels": ["CAM_FRONT_LEFT", "CAM_FRONT", "CAM_FRONT_RIGHT", "CAM_BACK_LEFT", "CAM_BACK", "CAM_BACK_RIGHT"], "token": "80482848d58f47e6ba184253f36a177d", "scene": "scene-0418"}, {"images": ["samples/CAM_FRONT_LEFT/n015-2018-09-27-15-33-17+0800__CAM_FRONT_LEFT__1538034017654844.jpg", "samples/CAM_FRONT/n015-2018-09-27-15-33-17+0800__CAM_FRONT__1538034017662460.jpg", "samples/CAM_FRONT_RIGHT/n015-2018-09-27-15-33-17+0800__CAM_FRONT_RIGHT__1538034017670339.jpg", "samples/CAM_BACK_LEFT/n015-2018-09-27-15-33-17+0800__CAM_BACK_LEFT__1538034017697423.jpg", "samples/CAM_BACK/n015-2018-09-27-15-33-17+0800__CAM_BACK__1538034017687525.jpg", "samples/CAM_BACK_RIGHT/n015-2018-09-27-15-33-17+0800__CAM_BACK_RIGHT__1538034017677893.jpg"], "intrinsics": [[[1272.5979470598488, 0.0, 826.6154927353808], [0.0, 1272.5979470598488, 479.75165386361925], [0.0, 0.0, 1.0]], [[1266.417203046554, 0.0, 816.2670197447984], [0.0, 1266.417203046554, 491.50706579294757], [0.0, 0.0, 1.0]], [[1260.8474446004698, 0.0, 807.968244525554], [0.0, 1260.8474446004698, 495.3344268742088], [0.0, 0.0, 1.0]], [[1256.7414812095406, 0.0, 792.1125740759628], [0.0, 1256.7414812095406, 492.7757465151356], [0.0, 0.0, 1.0]], [[809.2209905677063, 0.0, 829.2196003259838], [0.0, 809.2209905677063, 481.77842384512485], [0.0, 0.0, 1.0]], [[1259.5137405846733, 0.0, 807.2529053838625], [0.0, 1259.5137405846733, 501.19579884916527], [0.0, 0.0, 1.0]]], "extrinsics": [[[0.8204638361930847, -0.571696937084198, -0.0013050161069259048, -0.7021484375], [-0.00030092368251644075, 0.00185083516407758, -0.9999982118606567, 1.5081501007080078], [0.5716983675956726, 0.8204628229141235, 0.0013465061783790588, -1.09844970703125], [0.0, 0.0, 0.0, 1.0]], [[0.0053024799562990665, -0.9999836087226868, 0.0021443378645926714, 0.00732421875], [-0.0056173368357121944, -0.002174120396375656, -0.9999818801879883, 1.5190544128417969], [0.9999701380729675, 0.005290329456329346, -0.0056287734769284725, -1.4287109375], [0.0, 0.0, 0.0, 1.0]], [[-0.8330645561218262, -0.5531129240989685, -0.008335927501320839, 0.86126708984375], [1.8550788809079677e-05, 0.015041287057101727, -0.9998868703842163, 1.5036373138427734], [0.5531757473945618, -0.8329704403877258, -0.01252010278403759, -1.13427734375], [0.0, 0.0, 0.0, 1.0]], [[0.9477635622024536, 0.3189563453197479, 0.0033426524605602026, -1.1387939453125], [0.008727719075977802, -0.015455683693289757, -0.9998424649238586, 1.5885848999023438], [-0.318854421377182, 0.9476433992385864, -0.017432095482945442, -0.10498046875], [0.0, 0.0, 0.0, 1.0]], [[0.002502082148566842, 0.9999822974205017, -0.005401552654802799, 0.002685546875], [-0.016697939485311508, -0.005359036847949028, -0.9998462200164795, 1.57