[{"images": ["samples/CAM_FRONT_LEFT/n008-2018-09-18-14-54-39-0400__CAM_FRONT_LEFT__1537297433854799.jpg", "samples/CAM_FRONT/n008-2018-09-18-14-54-39-0400__CAM_FRONT__1537297433862404.jpg", "samples/CAM_FRONT_RIGHT/n008-2018-09-18-14-54-39-0400__CAM_FRONT_RIGHT__1537297433870482.jpg", "samples/CAM_BACK_LEFT/n008-2018-09-18-14-54-39-0400__CAM_BACK_LEFT__1537297433897405.jpg", "samples/CAM_BACK/n008-2018-09-18-14-54-39-0400__CAM_BACK__1537297433887558.jpg", "samples/CAM_BACK_RIGHT/n008-2018-09-18-14-54-39-0400__CAM_BACK_RIGHT__1537297433878113.jpg"], "intrinsics": [[[1257.8625342125129, 0.0, 827.2410631095686], [0.0, 1257.8625342125129, 450.915498205774], [0.0, 0.0, 1.0]], [[1252.8131021185304, 0.0, 826.588114781398], [0.0, 1252.8131021185304, 469.9846626224581], [0.0, 0.0, 1.0]], [[1256.7485116440405, 0.0, 817.7887570959712], [0.0, 1256.7485116440403, 451.9541780095127], [0.0, 0.0, 1.0]], [[1254.9860565800168, 0.0, 829.5769333630991], [0.0, 1254.9860565800168, 467.1680561863987], [0.0, 0.0, 1.0]], [[796.8910634503094, 0.0, 857.7774326863696], [0.0, 796.8910634503094, 476.8848988407415], [0.0, 0.0, 1.0]], [[1249.9629280788233, 0.0, 825.3768045375984], [0.0, 1249.9629280788233, 462.54816385708756], [0.0, 0.0, 1.0]]], "extrinsics": [[[0.822513997554779, -0.5686256885528564, -0.01164716761559248, -1.00506591796875], [0.006055941805243492, 0.029233770444989204, -0.9995542168617249, 1.4882926940917969], [0.5687127113342285, 0.8220767974853516, 0.027488745748996735, -1.3333740234375], [0.0, 0.0, 0.0, 1.0]], [[0.010206205770373344, -0.9996345043182373, -0.025034423917531967, 0.0054931640625], [0.008011367172002792, 0.02511666901409626, -0.9996523857116699, 1.48016357421875], [0.9999157786369324, 0.010002102702856064, 0.008264783769845963, -1.73468017578125], [0.0, 0.0, 0.0, 1.0]], [[-0.8440101742744446, -0.5358618497848511, -0.02233785204589367, 1.0906982421875], [0.016033746302127838, 0.016420874744653702, -0.9997366070747375, 1.493072509765625], [0.5360874533653259, -0.8441460132598877, -0.005267512984573841, -1.2774658203125], [0.0, 0.0, 0.0, 1.0]], [[0.9478890895843506, 0.3185979723930359, 0.0012052491074427962, -1.1439208984375], [-0.009351865388453007, 0.03160448372364044, -0.9994567036628723, 1.562042236328125], [-0.3184630274772644, 0.9473629593849182, 0.03293703496456146, -0.15625], [0.0, 0.0, 0.0, 1.0]], [[0.00925940740853548, 0.9996689558029175, 0.02400411106646061, -0.0286865234375], [-0.0072294301353394985, 0.024071434512734413, -0.9996840357780457, 1.5680618286132812], [-0.9999310374259949, 0.009082957170903683, 0.0074499244801700115, 0.044281005859375], [0.0, 0.0, 0.0, 1.0]], [[-0.9237207174301147, 0.38305217027664185, 0.0033162508625537157, 1.16064453125], [-0.0030270330607891083, 0.0013577754143625498, -0.9999944567680359, 1.5478110313415527], [-0.38305455446243286, -0.9237256646156311, -9.469376527704298e-05, -0.0438232421875], [0.0, 0.0, 0.0, 1.0]]], "view": [[0.0, -2.0, 100.0], [-2.0, 0.0, 100.0], [0.0, 0.0, 1.0]], "bev": "bev_16f4104b5dac46a79488cfd3152035d2.png", "aux": "aux_16f4104b5dac46a79488cfd3152035d2.npz", "visibility": "visibility_16f4104b5dac46a79488cfd3152035d2.png", "pose": [[-0.8845646977424622, -0.46641749143600464, 0.0, 1354.62451171875], [0.46641749143600464, -0.8845646977424622, 0.0, 1456.975830078125], [0.0, 0.0, 1.0, 0.0], [0.0, 0.0, 0.0, 1.0]], "pose_inverse": [[-0.8845646977424622, 0.46641749143600464, 0.0, 518.6940307617188], [-0.46641749143600464, -0.8845646977424622, 0.0, 1920.6099853515625], [0.0, 0.0, 1.0, 0.0], [0.0, 0.0, 0.0, 1.0]], "cam_ids": [0, 1, 2, 3, 4, 5], "cam_channels": ["CAM_FRONT_LEFT", "CAM_FRONT", "CAM_FRONT_RIGHT", "CAM_BACK_LEFT", "CAM_BACK", "CAM_BACK_RIGHT"], "token": "16f4104b5dac46a79488cfd3152035d2", "scene": "scene-0885"}, {"images": ["samples/CAM_FRONT_LEFT/n008-2018-09-18-14-54-39-0400__CAM_FRONT_LEFT__1537297434354799.jpg", "samples/CAM_FRONT/n008-2018-09-18-14-54-39-0400__CAM_FRONT__1537297434362404.jpg", "samples/CAM_FRONT_RIGHT/n008-2018-09-18-14-54-39-0400__CAM_FRONT_RIGHT__1537297434370482.jpg", "samples/CAM_BACK_LEFT/n008-2018-09-18-14-54-39-0400__CAM_BACK_LEFT__1537297434397405.jpg", "samples/CAM_BACK/n008-2018-09-18-14-54-39-0400__CAM_BACK__1537297434387558.jpg", "samples/CAM_BACK_RIGHT/n008-2018-09-18-14-54-39-0400__CAM_BACK_RIGHT__1537297434378113.jpg"], "intrinsics": [[[1257.8625342125129, 0.0, 827.2410631095686], [0.0, 1257.8625342125129, 450.915498205774], [0.0, 0.0, 1.0]], [[1252.8131021185304, 0.0, 826.588114781398], [0.0, 1252.8131021185304, 469.9846626224581], [0.0, 0.0, 1.0]], [[1256.7485116440405, 0.0, 817.7887570959712], [0.0, 1256.7485116440403, 451.9541780095127], [0.0, 0.0, 1.0]], [[1254.9860565800168, 0.0, 829.5769333630991], [0.0, 1254.9860565800168, 467.1680561863987], [0.0, 0.0, 1.0]], [[796.8910634503094, 0.0, 857.7774326863696], [0.0, 796.8910634503094, 476.8848988407415], [0.0, 0.0, 1.0]], [[1249.9629280788233, 0.0, 825.3768045375984], [0.0, 1249.9629280788233, 462.54816385708756], [0.0, 0.0, 1.0]]], "extrinsics": [[[0.8225400447845459, -0.5685892701148987, -0.011584674008190632, -1.0050048828125], [0.006107370834797621, 0.029200473800301552, -0.9995549321174622, 1.4882926940917969], [0.5686744451522827, 0.8221031427383423, 0.027491141110658646, -1.333251953125], [0.0, 0.0, 0.0, 1.0]], [[0.010244014672935009, -0.9996346235275269, -0.025012988597154617, 0.00537109375], [0.008056209422647953, 0.025095995515584946, -0.9996525645256042, 1.48016357421875], [0.9999150633811951, 0.01003896165639162, 0.008310350589454174, -1.7347412109375], [0.0, 0.0, 0.0, 1.0]], [[-0.8439936637878418, -0.5358858704566956, -0.022383688017725945, 1.0906982421875], [0.016092868521809578, 0.016413001343607903, -0.9997357726097107, 1.4930686950683594], [0.5361116528511047, -0.8441309332847595, -0.005228529684245586, -1.2777099609375], [0.0, 0.0, 0.0, 1.0]], [[0.947887659072876, 0.31860214471817017, 0.0012792466441169381, -1.1439208984375], [-0.00927517469972372, 0.03160799294710159, -0.9994572997093201, 1.5620460510253906], [-0.31846973299980164, 0.9473613500595093, 0.03291592001914978, -0.156005859375], [0.0, 0.0, 0.0, 1.0]], [[0.009246286004781723, 0.9996688961982727, 0.0240116436034441, -0.0286865234375], [-0.0071692378260195255, 0.02407832443714142, -0.9996843338012695, 1.5680656433105469], [-0.9999315738677979, 0.009071225300431252, 0.007389498874545097, 0.044219970703125], [0.0, 0.0, 0.0, 1.0]], [[-0.9237289428710938, 0.3830329179763794, 0.003246638923883438, 1.160614013671875], [-0.0029515568166971207, 0.0013580641243606806, -0.9999947547912598, 1.5478096008300781], [-0.38303524255752563, -0.923733651638031, -0.00012393940414767712, -0.043701171875], [0.0, 0.0, 0.0, 1.0]]], "view": [[0.0, -2.0, 100.0], [-2.0, 0.0, 100.0], [0.0, 0.0, 1.0]], "bev": "bev_8539c2949dca496f95ecc9e673aaaeca.png", "aux": "aux_8539c2949dca496f95ecc9e673aaaeca.npz", "visibility": "visibility_8539c2949dca496f95ecc9e673aaaeca.png", "pose": [[-0.8845656514167786, -0.4664157032966614, 0.0, 1354.62451171875], [0.4664157032966614, -0.8845656514167786, 0.0, 1456.975830078125], [0.0, 0.0, 1.0, 0.0], [0.0, 0.0, 0.0, 1.0]], "pose_inverse": [[-0.8845656514167786, 0.4664157032966614, 0.0, 518.6978759765625], [-0.4664157032966614, -0.8845656514167786, 0.0, 1920.60888671875], [0.0, 0.0, 1.0, 0.0], [0.0, 0.0, 0.0, 1.0]], "cam_ids": [0, 1, 2, 3, 4, 5], "cam_channels": ["CAM_FRONT_LEFT", "CAM_FRONT", "CAM_FRONT_RIGHT", "CAM_BACK_LEFT", "CAM_BACK", "CAM_BACK_RIGHT"], "token": "8539c2949dca496f95ecc9e673aaaeca", "scene": "scene-0885"}, {"images": ["samples/CAM_FRONT_LEFT/n008-2018-09-18-14-54-39-0400__CAM_FRONT_LEFT__1537297434854799.jpg", "samples/CAM_FRONT/n008-2018-09-18-14-54-39-0400__CAM_FRONT__1537297434862404.jpg", "samples/CAM_FRONT_RIGHT/n008-2018-09-18-14-54-39-0400__CAM_FRONT_RIGHT__1537297434870482.jpg", "samples/CAM_BACK_LEFT/n008-2018-09-18-14-54-39-0400__CAM_BACK_LEFT__1537297434897405.jpg", "samples/CAM_BACK/n008-2018-09-18-14-54-39-0400__CAM_BACK__1537297434887558.jpg", "samples/CAM_BACK_RIGHT/n008-2018-09-18-14-54-39-0400__CAM_BACK_RIGHT__1537297434878113.jpg"], "intrinsics": [[[1257.8625342125129, 0.0, 827.2410631095686], [0.0, 1257.8625342125129, 450.915498205774], [0.0, 0.0, 1.0]], [[1252.8131021185304, 0.0, 826.588114781398], [0.0, 1252.8131021185304, 469.9846626224581], [0.0, 0.0, 1.0]], [[1256.7485116440405, 0.0, 817.7887570959712], [0.0, 1256.7485116440403, 451.9541780095127], [0.0, 0.0, 1.0]], [[1254.9860565800168, 0.0, 829.5769333630991], [0.0, 1254.9860565800168, 467.1680561863987], [0.0, 0.0, 1.0]], [[796.8910634503094, 0.0, 857.7774326863696], [0.0, 796.8910634503094, 476.8848988407415], [0.0, 0.0, 1.0]], [[1249.9629280788233, 0.0, 825.3768045375984], [0.0, 1249.9629280788233, 462.54816385708756], [0.0, 0.0, 1.0]]], "extrinsics": [[[0.8225119709968567, -0.5686353445053101, -0.011314724572002888, -1.0050048828125], [0.006521063856780529, 0.02932155877351761, -0.9995487332344055, 1.4882965087890625], [0.5687105059623718, 0.8220670223236084, 0.02782543934881687, -1.333251953125], [0.0, 0.0, 0.0, 1.0]], [[0.010204467922449112, -0.9996321201324463, -0.025129374116659164, 0.0052490234375], [0.008477252908051014, 0.02521626465022564, -0.9996460676193237, 1.48016357421875], [0.9999119639396667, 0.009987847879529, 0.008731451816856861, -1.73468017578125], [0.0, 0.0, 0.0, 1.0]], [[-0.8440069556236267, -0.5358479619026184, -0.022787801921367645, 1.090576171875], [0.016497109085321426, 0.01653064414858818, -0.999727189540863, 1.493072509765625], [0.5360785126686096, -0.8441527485847473, -0.00511203845962882, -1.277587890625], [0.0, 0.0, 0.0, 1.0]], [[0.9478912949562073, 0.3185891807079315, 0.0017668798100203276, -1.1439208984375], [-0.008795063942670822, 0.031710702925920486, -0.999458372592926, 1.562042236328125], [-0.318472683429718, 0.9473623633384705, 0.03286030888557434, -0.15625], [0.0, 0.0, 0.0, 1.0]], [[0.009256859309971333, 0.9996662735939026, 0.024118393659591675, -0.02880859375], [-0.00673208013176918, 0.0241811815649271, -0.9996848702430725, 1.5680618286132812], [-0.9999344944953918, 0.009091519750654697, 0.006953673902899027, 0.0443115234375], [0.0, 0.0, 0.0, 1.0]], [[-0.923717737197876, 0.3830626606941223, 0.002919350750744343, 1.16058349609375], [-0.0025515477173030376, 0.0014682390028610826, -0.9999956488609314, 1.5478131771087646], [-0.38306522369384766, -0.9237212538719177, -0.00037883681943640113, -0.0435791015625], [0.0, 0.0, 0.0, 1.0]]], "view": [[0.0, -2.0, 100.0], [-2.0, 0.0, 100.0], [0.0, 0.0, 1.0]], "bev": "bev_5b8db833f04e4ac09ff17b8da853c8c5.png", "aux": "aux_5b8db833f04e4ac09ff17b8da853c8c5.npz", "visibility": "visibility_5b8db833f04e4ac09ff17b8da853c8c5.png", "pose": [[-0.8845961689949036, -0.46635785698890686, 0.0, 1354.62451171875], [0.46635785698890686, -0.8845961689949036, 0.0, 1456.975830078125], [0.0, 0.0, 1.0, 0.0], [0.0, 0.0, 0.0, 1.0]], "pose_inverse": [[-0.8845961689949036, 0.46635785698890686, 0.0, 518.8235473632812], [-0.46635785698890686, -0.8845961689949036, 0.0, 1920.574951171875], [0.0, 0.0, 1.0, 0.0], [0.0, 0.0, 0.0, 1.0]], "cam_ids": [0, 1, 2, 3, 4, 5], "cam_channels": ["CAM_FRONT_LEFT", "CAM_FRONT", "CAM_FRONT_RIGHT", "CAM_BACK_LEFT", "CAM_BACK", "CAM_BACK_RIGHT"], "token": "5b8db833f04e4ac09ff17b8da853c8c5", "scene": "scene-0885"}, {"images": ["samples/CAM_FRONT_LEFT/n008-2018-09-18-14-54-39-0400__CAM_FRONT_LEFT__1537297435404799.jpg", "samples/CAM_FRONT/n008-2018-09-18-14-54-39-0400__CAM_FRONT__1537297435412404.jpg", "samples/CAM_FRONT_RIGHT/n008-2018-09-18-14-54-39-0400__CAM_FRONT_RIGHT__1537297435420482.jpg", "samples/CAM_BACK_LEFT/n008-2018-09-18-14-54-39-0400__CAM_BACK_LEFT__1537297435447405.jpg", "samples/CAM_BACK/n008-2018-09-18-14-54-39-0400__CAM_BACK__1537297435437558.jpg", "samples/CAM_BACK_RIGHT/n008-2018-09-18-14-54-39-0400__CAM_BACK_RIGHT__1537297435428113.jpg"], "intrinsics": [[[1257.8625342125129, 0.0, 827.2410631095686], [0.0, 1257.8625342125129, 450.915498205774], [0.0, 0.0, 1.0]], [[1252.8131021185304, 0.0, 826.588114781398], [0.0, 1252.8131021185304, 469.9846626224581], [0.0, 0.0, 1.0]], [[1256.7485116440405, 0.0, 817.7887570959712], [0.0, 1256.7485116440403, 451.9541780095127], [0.0, 0.0, 1.0]], [[1254.9860565800168, 0.0, 829.5769333630991], [0.0, 1254.9860565800168, 467.1680561863987], [0.0, 0.0, 1.0]], [[796.8910634503094, 0.0, 857.7774326863696], [0.0, 796.8910634503094, 476.8848988407415], [0.0, 0.0, 1.0]], [[1249.9629280788233, 0.0, 825.3768045375984], [0.0, 1249.9629280788233, 462.54816385708756], [0.0, 0.0, 1.0]]], "extrinsics": [[[0.8225417137145996, -0.568664014339447, -0.006807663477957249, -0.988525390625], [0.012153509072959423, 0.029544608667492867, -0.9994895458221436, 1.4885444641113281], [0.5685749650001526, 0.8220391869544983, 0.031212937086820602, -1.3218994140625], [0.0, 0.0, 0.0, 1.0]], [[0.010307691060006618, -0.9996273517608643, -0.025275366380810738, 0.005615234375], [0.014163059182465076, 0.02542012371122837, -0.9995765089988708, 1.4804039001464844], [0.9998465180397034, 0.009945408441126347, 0.014419805258512497, -1.71783447265625], [0.0, 0.0, 0.0, 1.0]], [[-0.8438847661018372, -0.5358070731163025, -0.027737488970160484, 1.0791015625], [0.022242236882448196, 0.01671658828854561, -0.9996128678321838, 1.4933738708496094], [0.5360632538795471, -0.8441749215126038, -0.002189326798543334, -1.2705078125], [0.0, 0.0, 0.0, 1.0]], [[0.9478805065155029, 0.3185420036315918, 0.007314375601708889, -1.142822265625], [-0.002998220967128873, 0.031872037798166275, -0.9994874596595764, 1.5620346069335938], [-0.31861186027526855, 0.9473727941513062, 0.031165944412350655, -0.1566162109375], [0.0, 0.0, 0.0, 1.0]], [[0.009164335206151009, 0.9996616244316101, 0.024342957884073257, -0.0286865234375], [-0.0009159732726402581, 0.024352362379431725, -0.9997029900550842, 1.56805419921875], [-0.9999575614929199, 0.009139341302216053, 0.001138836145401001, 0.038421630859375], [0.0, 0.0, 0.0, 1.0]], [[-0.9237018823623657, 0.3831046223640442, -0.0023538453970104456, 1.1512451171875], [0.003230397356674075, 0.001644706237129867, -0.9999934434890747, 1.5478458404541016], [-0.3830982744693756, -0.9237034320831299, -0.002756798407062888, -0.047607421875], [0.0, 0.0, 0.0, 1.0]]], "view": [[0.0, -2.0, 100.0], [-2.0, 0.0, 100.0], [0.0, 0.0, 1.0]], "bev": "bev_397bfe378f35470ba2e03a9c6bfa68c1.png", "aux": "aux_397bfe378f35470ba2e03a9c6bfa68c1.npz", "visibility": "visibility_397bfe378f35470ba2e03a9c6bfa68c1.png", "pose": [[-0.884610116481781, -0.4663313329219818, 0.0, 1354.5438232421875], [0.4663313329219818, -0.884610116481781, 0.0, 1457.01806640625], [0.0, 0.0, 1.0, 0.0], [0.0, 0.0, 0.0, 1.0]], "pose_inverse": [[-0.884610116481781, 0.4663313329219818, 0.0, 518.7899780273438], [-0.4663313329219818, -0.884610116481781, 0.0, 1920.5592041015625], [0.0, 0.0, 1.0, 0.0], [0.0, 0.0, 0.0, 1.0]], "cam_ids": [0, 1, 2, 3, 4, 5], "cam_channels": ["CAM_FRONT_LEFT", "CAM_FRONT", "CAM_FRONT_RIGHT", "CAM_BACK_LEFT", "CAM_BACK", "CAM_BACK_RIGHT"], "token": "397bfe378f35470ba2e03a9c6bfa68c1", "scene": "scene-0885"}, {"images": ["samples/CAM_FRONT_LEFT/n008-2018-09-18-14-54-39-0400__CAM_FRONT_LEFT__1537297435904799.jpg", "samples/CAM_FRONT/n008-2018-09-18-14-54-39-0400__CAM_FRONT__1537297435912404.jpg", "samples/CAM_FRONT_RIGHT/n008-2018-09-18-14-54-39-0400__CAM_FRONT_RIGHT__1537297435920482.jpg", "samples/CAM_BACK_LEFT/n008-2018-09-18-14-54-39-0400__CAM_BACK_LEFT__1537297435947405.jpg", "samples/CAM_BACK/n008-2018-09-18-14-54-39-0400__CAM_BACK__1537297435937558.jpg", "samples/CAM_BACK_RIGHT/n008-2018-09-18-14-54-39-0400__CAM_BACK_RIGHT__1537297435928113.jpg"], "intrinsics": [[[1257.8625342125129, 0.0, 827.2410631095686], [0.0, 1257.8625342125129, 450.915498205774], [0.0, 0.0, 1.0]], [[1252.8131021185304, 0.0, 826.588114781398], [0.0, 1252.8131021185304, 469.9846626224581], [0.0, 0.0, 1.0]], [[1256.7485116440405, 0.0, 817.7887570959712], [0.0, 1256.7485116440403, 451.9541780095127], [0.0, 0.0, 1.0]], [[1254.9860565800168, 0.0, 829.5769333630991], [0.0, 1254.9860565800168, 467.1680561863987], [0.0, 0.0, 1.0]], [[796.8910634503094, 0.0, 857.7774326863696], [0.0, 796.8910634503094, 476.8848988407415], [0.0, 0.0, 1.0]], [[1249.9629280788233, 0.0, 825.3768045375984], [0.0, 1249.9629280788233, 462.54816385708756], [0.0, 0.0, 1.0]]], "extrinsics": [[[0.8224594593048096, -0.568798840045929, -0.005342824384570122, -0.9583740234375], [0.014087703078985214, 0.029758313670754433, -0.999457836151123, 1.4890899658203125], [0.5686493515968323, 0.8219382762908936, 0.03248807042837143, -1.30126953125], [0.0, 0.0, 0.0, 1.0]], [[0.01021556742489338, -0.9996222257614136, -0.025514930486679077, 0.005859375], [0.016060737892985344, 0.025676995515823364, -0.9995412230491638, 1.4809150695800781], [0.9998188614845276, 0.009801086969673634, 0.0163169763982296, -1.68743896484375], [0.0, 0.0, 0.0, 1.0]], [[-0.8438925743103027, -0.5357025265693665, -0.029468310996890068, 1.0594482421875], [0.02410091832280159, 0.01701858825981617, -0.9995645880699158, 1.4939613342285156], [0.5359707474708557, -0.844235360622406, -0.0014509385218843818, -1.2576904296875], [0.0, 0.0, 0.0, 1.0]], [[0.9478728175163269, 0.3185168504714966, 0.009172152727842331, -1.1414794921875], [-0.0012012515217065811, 0.0323561429977417, -0.9994757175445557, 1.5620384216308594], [-0.318646639585495, 0.9473648071289062, 0.031052125617861748, -0.1568603515625], [0.0, 0.0, 0.0, 1.0]], [[0.009176468476653099, 0.9996513724327087, 0.024758532643318176, -0.0286865234375], [0.000881886575371027, 0.02475147321820259, -0.9996932148933411, 1.5680770874023438], [-0.9999575614929199, 0.00919545628130436, -0.0006544482312165201, 0.02911376953125], [0.0, 0.0, 0.0, 1.0]], [[-0.9236623048782349, 0.383187472820282, -0.003911514766514301, 1.1353912353515625], [0.005059748888015747, 0.001988690346479416, -0.9999852180480957, 1.5479488372802734], [-0.38317403197288513, -0.9236685037612915, -0.003775709541514516, -0.0540771484375], [0.0, 0.0, 0.0, 1.0]]], "view": [[0.0, -2.0, 100.0], [-2.0, 0.0, 100.0], [0.0, 0.0, 1.0]], "bev": "bev_d775f2d1d2e54a198229708382c19e46.png", "aux": "aux_d775f2d1d2e54a198229708382c19e46.npz", "visibility": "visibility_d775f2d1d2e54a198229708382c19e46.png", "pose": [[-0.8849203586578369, -0.46574240922927856, 0.0, 1354.1641845703125], [0.46574240922927856, -0.8849203586578369, 0.0, 1457.218017578125], [0.0, 0.0, 1.0, 0.0], [0.0, 0.0, 0.0, 1.0]], "pose_inverse": [[-0.8849203586578369, 0.46574240922927856, 0.0, 519.6392211914062], [-0.46574240922927856, -0.8849203586578369, 0.0, 1920.2135009765625], [0.0, 0.0, 1.0, 0.0], [0.0, 0.0, 0.0, 1.0]], "cam_ids": [0, 1, 2, 3, 4, 5], "cam_channels": ["CAM_FRONT_LEFT", "CAM_FRONT", "CAM_FRONT_RIGHT", "CAM_BACK_LEFT", "CAM_BACK", "CAM_BACK_RIGHT"], "token": "d775f2d1d2e54a198229708382c19e46", "scene": "scene-0885"}, {"images": ["samples/CAM_FRONT_LEFT/n008-2018-09-18-14-54-39-0400__CAM_FRONT_LEFT__1537297436404799.jpg", "samples/CAM_FRONT/n008-2018-09-18-14-54-39-0400__CAM_FRONT__1537297436412404.jpg", "samples/CAM_FRONT_RIGHT/n008-2018-09-18-14-54-39-0400__CAM_FRONT_RIGHT__1537297436420483.jpg", "samples/CAM_BACK_LEFT/n008-2018-09-18-14-54-39-0400__CAM_BACK_LEFT__1537297436447405.jpg", "samples/CAM_BACK/n008-2018-09-18-14-54-39-0400__CAM_BACK__1537297436437558.jpg", "samples/CAM_BACK_RIGHT/n008-2018-09-18-14-54-39-0400__CAM_BACK_RIGHT__1537297436428113.jpg"], "intrinsics": [[[1257.8625342125129, 0.0, 827.2410631095686], [0.0, 1257.8625342125129, 450.915498205774], [0.0, 0.0, 1.0]], [[1252.8131021185304, 0.0, 826.588114781398], [0.0, 1252.8131021185304, 469.9846626224581], [0.0, 0.0, 1.0]], [[1256.7485116440405, 0.0, 817.7887570959712], [0.0, 1256.7485116440403, 451.9541780095127], [0.0, 0.0, 1.0]], [[1254.9860565800168, 0.0, 829.5769333630991], [0.0, 1254.9860565800168, 467.1680561863987], [0.0, 0.0, 1.0]], [[796.8910634503094, 0.0, 857.7774326863696], [0.0, 796.8910634503094, 476.8848988407415], [0.0, 0.0, 1.0]], [[1249.9629280788233, 0.0, 825.3768045375984], [0.0, 1249.9629280788233, 462.54816385708756], [0.0, 0.0, 1.0]]], "extrinsics": [[[0.8225011825561523, -0.5687442421913147, -0.004671350587159395, -0.9144287109375], [0.01675841212272644, 0.032443493604660034, -0.9993330240249634, 1.4901275634765625], [0.5685164332389832, 0.8218743205070496, 0.03621606156229973, -1.27099609375], [0.0, 0.0, 0.0, 1.0]], [[0.010325232520699501, -0.9995502829551697, -0.028153419494628906, 0.0064697265625], [0.018725741654634476, 0.028343264013528824, -0.9994228482246399, 1.4818496704101562], [0.9997712969779968, 0.009792033582925797, 0.019009970128536224, -1.64385986328125], [0.0, 0.0, 0.0, 1.0]], [[-0.8437952399253845, -0.5356414318084717, -0.0331338495016098, 1.03076171875], [0.026763301342725754, 0.01966395415365696, -0.9994483590126038, 1.4949684143066406], [0.5359975099563599, -0.8442165851593018, -0.0022568197455257177, -1.239501953125], [0.0, 0.0, 0.0, 1.0]], [[0.9478521347045898, 0.318462610244751, 0.012569254264235497, -1.1396484375], [0.0015156263252720237, 0.034933384507894516, -0.9993885159492493, 1.5620498657226562], [-0.3187069594860077, 0.9472915530204773, 0.03262900933623314, -0.1573486328125], [0.0, 0.0, 0.0, 1.0]], [[0.00911234226077795, 0.9995834827423096, 0.027384592220187187, -0.028564453125], [0.00357378413900733, 0.02735299803316593, -0.9996194243431091, 1.5681648254394531], [-0.9999521970748901, 0.009206732735037804, -0.0033230457920581102, 0.015533447265625], [0.0, 0.0, 0.0, 1.0]], [[-0.9236552715301514, 0.38318657875061035, -0.005391387734562159, 1.11236572265625], [0.007749082520604134, 0.004609535448253155, -0.9999593496322632, 1.5482158660888672], [-0.38314610719680786, -0.9236594438552856, -0.007226964924484491, -0.0635986328125], [0.0, 0.0, 0.0, 1.0]]], "view": [[0.0, -2.0, 100.0], [-2.0, 0.0, 100.0], [0.0, 0.0, 1.0]], "bev": "bev_00bb7e284cb942a494ffbea73e99a848.png", "aux": "aux_00bb7e284cb942a494ffbea73e99a848.npz", "visibility": "visibility_00bb7e284cb942a494ffbea73e99a848.png", "pose": [[-0.8851264715194702, -0.46535056829452515, 0.0, 1353.28662109375], [0.46535056829452515, -0.8851264715194702, 0.0, 1457.681640625], [0.0, 0.0, 1.0, 0.0], [0.0, 0.0, 0.0, 1.0]], "pose_inverse": [[-0.8851264715194702, 0.46535056829452515, 0.0, 519.496826171875], [-0.46535056829452515, -0.8851264715194702, 0.0, 1919.9852294921875], [0.0, 0.0, 1.0, 0.0], [0.0, 0.0, 0.0, 1.0]], "cam_ids": [0, 1, 2, 3, 4, 5], "cam_channels": ["CAM_FRONT_LEFT", "CAM_FRONT", "CAM_FRONT_RIGHT", "CAM_BACK_LEFT", "CAM_BACK", "CAM_BACK_RIGHT"], "token": "00bb7e284cb942a494ffbea73e99a848", "scene": "scene-0885"}, {"images": ["samples/CAM_FRONT_LEFT/n008-2018-09-18-14-54-39-0400__CAM_FRONT_LEFT__1537297436904799.jpg", "samples/CAM_FRONT/n008-2018-09-18-14-54-39-0400__CAM_FRONT__1537297436912404.jpg", "samples/CAM_FRONT_RIGHT/n008-2018-09-18-14-54-39-0400__CAM_FRONT_RIGHT__1537297436920482.jpg", "samples/CAM_BACK_LEFT/n008-2018-09-18-14-54-39-0400__CAM_BACK_LEFT__1537297436947405.jpg", "samples/CAM_BACK/n008-2018-09-18-14-54-39-0400__CAM_BACK__1537297436937565.jpg", "samples/CAM_BACK_RIGHT/n008-2018-09-18-14-54-39-0400__CAM_BACK_RIGHT__1537297436928113.jpg"], "intrinsics": [[[1257.8625342125129, 0.0, 827.2410631095686], [0.0, 1257.8625342125129, 450.915498205774], [0.0, 0.0, 1.0]], [[1252.8131021185304, 0.0, 826.588114781398], [0.0, 1252.8131021185304, 469.9846626224581], [0.0, 0.0, 1.0]], [[1256.7485116440405, 0.0, 817.7887570959712], [0.0, 1256.7485116440403, 451.9541780095127], [0.0, 0.0, 1.0]], [[1254.9860565800168, 0.0, 829.5769333630991], [0.0, 1254.9860565800168, 467.1680561863987], [0.0, 0.0, 1.0]], [[796.8910634503094, 0.0, 857.7774326863696], [0.0, 796.8910634503094, 476.8848988407415], [0.0, 0.0, 1.0]], [[1249.9629280788233, 0.0, 825.3768045375984], [0.0, 1249.9629280788233, 462.54816385708756], [0.0, 0.0, 1.0]]], "extrinsics": [[[0.8225151896476746, -0.5687373280525208, -0.002599842846393585, -0.877197265625], [0.020453449338674545, 0.03414767235517502, -0.9992074370384216, 1.491455078125], [0.5683753490447998, 0.8218101263046265, 0.039719611406326294, -1.2454833984375], [0.0, 0.0, 0.0, 1.0]], [[0.010392783209681511, -0.9994987845420837, -0.02990487776696682, 0.0068359375], [0.022359425202012062, 0.030131299048662186, -0.9992958307266235, 1.4830093383789062], [0.9996960163116455, 0.00971678365021944, 0.0226613637059927, -1.60723876953125], [0.0, 0.0, 0.0, 1.0]], [[-0.8436934351921082, -0.5355381369590759, -0.03715131804347038, 1.00732421875], [0.030330320820212364, 0.021541154012084007, -0.9993078112602234, 1.496063232421875], [0.5359677672386169, -0.8442363142967224, -0.001931089791469276, -1.2244873046875], [0.0, 0.0, 0.0, 1.0]], [[0.9478164911270142, 0.3183918297290802, 0.016452008858323097, -1.1400146484375], [0.004822184331715107, 0.037280596792697906, -0.9992932081222534, 1.5620574951171875], [-0.31878018379211426, 0.9472258687019348, 0.03379981592297554, -0.1575927734375], [0.0, 0.0, 0.0, 1.0]], [[0.009058557450771332, 0.9995221495628357, 0.02955256588757038, -0.0284423828125], [0.007036430295556784, 0.02948933281004429, -0.9995403289794922, 1.5683326721191406], [-0.9999343156814575, 0.00926229264587164, -0.006765939760953188, 0.005462646484375], [0.0, 0.0, 0.0, 1.0]], [[-0.9236130118370056, 0.38324546813964844, -0.007872332818806171, 1.094268798828125], [0.011255975812673569, 0.006587163545191288, -0.9999149441719055, 1.5486202239990234], [-0.3831610679626465, -0.9236230254173279, -0.010397790931165218, -0.0711669921875], [0.0, 0.0, 0.0, 1.0]]], "view": [[0.0, -2.0, 100.0], [-2.0, 0.0, 100.0], [0.0, 0.0, 1.0]], "bev": "bev_48dd49901b5f48e7aa9c4f5ba2dbd366.png", "aux": "aux_48dd49901b5f48e7aa9c4f5ba2dbd366.npz", "visibility": "visibility_48dd49901b5f48e7aa9c4f5ba2dbd366.png", "pose": [[-0.8847677111625671, -0.46603235602378845, 0.0, 1351.8916015625], [0.46603235602378845, -0.8847677111625671, 0.0, 1458.422119140625], [0.0, 0.0, 1.0, 0.0], [0.0, 0.0, 0.0, 1.0]], "pose_inverse": [[-0.8847677111625671, 0.46603235602378845, 0.0, 516.4381103515625], [-0.46603235602378845, -0.8847677111625671, 0.0, 1920.3900146484375], [0.0, 0.0, 1.0, 0.0], [0.0, 0.0, 0.0, 1.0]], "cam_ids": [0, 1, 2, 3, 4, 5], "cam_channels": ["CAM_FRONT_LEFT", "CAM_FRONT", "CAM_FRONT_RIGHT", "CAM_BACK_LEFT", "CAM_BACK", "CAM_BACK_RIGHT"], "token": "48dd49901b5f48e7aa9c4f5ba2dbd366", "scene": "scene-0885"}, {"images": ["samples/CAM_FRONT_LEFT/n008-2018-09-18-14-54-39-0400__CAM_FRONT_LEFT__1537297437404799.jpg", "samples/CAM_FRONT/n008-2018-09-18-14-54-39-0400__CAM_FRONT__1537297437412404.jpg", "samples/CAM_FRONT_RIGHT/n008-2018-09-18-14-54-39-0400__CAM_FRONT_RIGHT__1537297437420482.jpg", "samples/CAM_BACK_LEFT/n008-2018-09-18-14-54-39-0400__CAM_BACK_LEFT__1537297437447405.jpg", "samples/CAM_BACK/n008-2018-09-18-14-54-39-0400__CAM_BACK__1537297437437558.jpg", "samples/CAM_BACK_RIGHT/n008-2018-09-18-14-54-39-0400__CAM_BACK_RIGHT__1537297437428113.jpg"], "intrinsics": [[[1257.8625342125129, 0.0, 827.2410631095686], [0.0, 1257.8625342125129, 450.915498205774], [0.0, 0.0, 1.0]], [[1252.8131021185304, 0.0, 826.588114781398], [0.0, 1252.8131021185304, 469.9846626224581], [0.0, 0.0, 1.0]], [[1256.7485116440405, 0.0, 817.7887570959712], [0.0, 1256.7485116440403, 451.9541780095127], [0.0, 0.0, 1.0]], [[1254.9860565800168, 0.0, 829.5769333630991], [0.0, 1254.9860565800168, 467.1680561863987], [0.0, 0.0, 1.0]], [[796.8910634503094, 0.0, 857.7774326863696], [0.0, 796.8910634503094, 476.8848988407415], [0.0, 0.0, 1.0]], [[1249.9629280788233, 0.0, 825.3768045375984], [0.0, 1249.9629280788233, 462.54816385708756], [0.0, 0.0, 1.0]]], "extrinsics": [[[0.8226559162139893, -0.5684975981712341, -0.0069205076433718204, -0.84783935546875], [0.01931685023009777, 0.04011409357190132, -0.9990084171295166, 1.491943359375], [0.5682113766670227, 0.8217064142227173, 0.043981678783893585, -1.225830078125], [0.0, 0.0, 0.0, 1.0]], [[0.010641029104590416, -0.9993080496788025, -0.0356391966342926, 0.0079345703125], [0.021244361996650696, 0.03585909679532051, -0.9991310238838196, 1.4834823608398438], [0.9997175931930542, 0.009874651208519936, 0.02161123976111412, -1.57745361328125], [0.0, 0.0, 0.0, 1.0]], [[-0.8435906171798706, -0.5355567336082458, -0.03916405141353607, 0.9881591796875], [0.029236868023872375, 0.027016853913664818, -0.9992073178291321, 1.4966201782226562], [0.5361902713775635, -0.8440669775009155, -0.007133164908736944, -1.211669921875], [0.0, 0.0, 0.0, 1.0]], [[0.9478148221969604, 0.31835901737213135, 0.017161935567855835, -1.1378173828125], [0.004198208451271057, 0.04136201739311218, -0.9991353750228882, 1.5620651245117188], [-0.3187936246395111, 0.9470674395561218, 0.037866998463869095, -0.1580810546875], [0.0, 0.0, 0.0, 1.0]], [[0.008933032862842083, 0.9993738532066345, 0.034236542880535126, -0.02880859375], [0.006128677632659674, 0.03418254852294922, -0.999396800994873, 1.5683441162109375], [-0.9999412894248962, 0.009137536399066448, -0.00581948459148407, -0.003936767578125], [0.0, 0.0, 0.0, 1.0]], [[-0.9237170815467834, 0.38304343819618225, -0.004931220319122076, 1.07855224609375], [0.010218477807939053, 0.011769847013056278, -0.9998785257339478, 1.5487117767333984], [-0.38293877243995667, -0.9236553907394409, -0.0147861298173666, -0.076904296875], [0.0, 0.0, 0.0, 1.0]]], "view": [[0.0, -2.0, 100.0], [-2.0, 0.0, 100.0], [0.0, 0.0, 1.0]], "bev": "bev_328b23751f1842ecaa2e75753af285b8.png", "aux": "aux_328b23751f1842ecaa2e75753af285b8.npz", "visibility": "visibility_328b23751f1842ecaa2e75753af285b8.png", "pose": [[-0.8848139643669128, -0.46594443917274475, 0.0, 1350.114013671875], [0.46594443917274475, -0.8848139643669128, 0.0, 1459.366455078125], [0.0, 0.0, 1.0, 0.0], [0.0, 0.0, 0.0, 1.0]], "pose_inverse": [[-0.8848139643669128, 0.46594443917274475, 0.0, 514.6160888671875], [-0.46594443917274475, -0.8848139643669128, 0.0, 1920.345947265625], [0.0, 0.0, 1.0, 0.0], [0.0, 0.0, 0.0, 1.0]], "cam_ids": [0, 1, 2, 3, 4, 5], "cam_channels": ["CAM_FRONT_LEFT", "CAM_FRONT", "CAM_FRONT_RIGHT", "CAM_BACK_LEFT", "CAM_BACK", "CAM_BACK_RIGHT"], "token": "328b23751f1842ecaa2e75753af285b8", "scene": "scene-0885"}, {"images": ["samples/CAM_FRONT_LEFT/n008-2018-09-18-14-54-39-0400__CAM_FRONT_LEFT__1537297437904810.jpg", "samples/CAM_FRONT/n008-2018-09-18-14-54-39-0400__CAM_FRONT__1537297437912412.jpg", "samples/CAM_FRONT_RIGHT/n008-2018-09-18-14-54-39-0400__CAM_FRONT_RIGHT__1537297437920489.jpg", "samples/CAM_BACK_LEFT/n008-2018-09-18-14-54-39-0400__CAM_BACK_LEFT__1537297437947405.jpg", "samples/CAM_BACK/n008-2018-09-18-14-54-39-0400__CAM_BACK__1537297437937558.jpg", "samples/CAM_BACK_RIGHT/n008-2018-09-18-14-54-39-0400__CAM_BACK_RIGHT__1537297437928113.jpg"], "intrinsics": [[[1257.8625342125129, 0.0, 827.2410631095686], [0.0, 1257.8625342125129, 450.915498205774], [0.0, 0.0, 1.0]], [[1252.8131021185304, 0.0, 826.588114781398], [0.0, 1252.8131021185304, 469.9846626224581], [0.0, 0.0, 1.0]], [[1256.7485116440405, 0.0, 817.7887570959712], [0.0, 1256.7485116440403, 451.9541780095127], [0.0, 0.0, 1.0]], [[1254.9860565800168, 0.0, 829.5769333630991], [0.0, 1254.9860565800168, 467.1680561863987], [0.0, 0.0, 1.0]], [[796.8910634503094, 0.0, 857.7774326863696], [0.0, 796.8910634503094, 476.8848988407415], [0.0, 0.0, 1.0]], [[1249.9629280788233, 0.0, 825.3768045375984], [0.0, 1249.9629280788233, 462.54816385708756], [0.0, 0.0, 1.0]]], "extrinsics": [[[0.8221996426582336, -0.5691888332366943, 0.003451906843110919, -0.82147216796875], [0.026339832693338394, 0.03198878467082977, -0.9991410970687866, 1.4941253662109375], [0.5685895681381226, 0.8215843439102173, 0.04129350185394287, -1.2078857421875], [0.0, 0.0, 0.0, 1.0]], [[0.010070038959383965, -0.9995669722557068, -0.02764936350286007, 0.0081787109375], [0.028171146288514137, 0.027923384681344032, -0.9992130398750305, 1.4853286743164062], [0.9995523691177368, 0.009283186867833138, 0.028440134599804878, -1.55029296875], [0.0, 0.0, 0.0, 1.0]], [[-0.8437098264694214, -0.5352480411529541, -0.04078343138098717, 0.9693603515625], [0.03606755658984184, 0.019278470426797867, -0.9991633892059326, 1.4982566833496094], [0.5355864763259888, -0.8444749116897583, 0.003039649920538068, -1.1998291015625], [0.0, 0.0, 0.0, 1.0]], [[0.947788655757904, 0.3182018995285034, 0.021078431978821754, -1.13720703125], [0.010816960595548153, 0.03398105129599571, -0.999363899230957, 1.5621185302734375], [-0.31871575117111206, 0.9474137425422668, 0.02876487746834755, -0.1585693359375], [0.0, 0.0, 0.0, 1.0]], [[0.009227141737937927, 0.9995954632759094, 0.02690412662923336, -0.0286865234375], [0.013069234788417816, 0.02678242139518261, -0.9995558261871338, 1.5688095092773438], [-0.9998720288276672, 0.009574629366397858, -0.012816822156310081, -0.013427734375], [0.0, 0.0, 0.0, 1.0]], [[-0.9233916401863098, 0.3835974335670471, -0.01417057029902935, 1.062408447265625], [0.017099644988775253, 0.004226556979119778, -0.9998448491096497, 1.5496253967285156], [-0.38347798585891724, -0.9234907627105713, -0.010462148115038872, -0.083984375], [0.0, 0.0, 0.0, 1.0]]], "view": [[0.0, -2.0, 100.0], [-2.0, 0.0, 100.0], [0.0, 0.0, 1.0]], "bev": "bev_325e0bf1e82440ca9f67ce4bb8a03ef8.png", "aux": "aux_325e0bf1e82440ca9f67ce4bb8a03ef8.npz", "visibility": "visibility_325e0bf1e82440ca9f67ce4bb8a03ef8.png", "pose": [[-0.8846727609634399, -0.46621254086494446, 0.0, 1348.0545654296875], [0.46621254086494446, -0.8846727609634399, 0.0, 1460.4656982421875], [0.0, 0.0, 1.0, 0.0], [0.0, 0.0, 0.0, 1.0]], "pose_inverse": [[-0.8846727609634399, 0.46621254086494446, 0.0, 511.6997375488281], [-0.46621254086494446, -0.8846727609634399, 0.0, 1920.51416015625], [0.0, 0.0, 1.0, 0.0], [0.0, 0.0, 0.0, 1.0]], "cam_ids": [0, 1, 2, 3, 4, 5], "cam_channels": ["CAM_FRONT_LEFT", "CAM_FRONT", "CAM_FRONT_RIGHT", "CAM_BACK_LEFT", "CAM_BACK", "CAM_BACK_RIGHT"], "token": "325e0bf1e82440ca9f67ce4bb8a03ef8", "scene": "scene-0885"}, {"images": ["samples/CAM_FRONT_LEFT/n008-2018-09-18-14-54-39-0400__CAM_FRONT_LEFT__1537297438404799.jpg", "samples/CAM_FRONT/n008-2018-09-18-14-54-39-0400__CAM_FRONT__1537297438412404.jpg", "samples/CAM_FRONT_RIGHT/n008-2018-09-18-14-54-39-0400__CAM_FRONT_RIGHT__1537297438420482.jpg", "samples/CAM_BACK_LEFT/n008-2018-09-18-14-54-39-0400__CAM_BACK_LEFT__1537297438447425.jpg", "samples/CAM_BACK/n008-2018-09-18-14-54-39-0400__CAM_BACK__1537297438437558.jpg", "samples/CAM_BACK_RIGHT/n008-2018-09-18-14-54-39-0400__CAM_BACK_RIGHT__1537297438428113.jpg"], "intrinsics": [[[1257.8625342125129, 0.0, 827.2410631095686], [0.0, 1257.8625342125129, 450.915498205774], [0.0, 0.0, 1.0]], [[1252.8131021185304, 0.0, 826.588114781398], [0.0, 1252.8131021185304, 469.9846626224581], [0.0, 0.0, 1.0]], [[1256.7485116440405, 0.0, 817.7887570959712], [0.0, 1256.7485116440403, 451.9541780095127], [0.0, 0.0, 1.0]], [[1254.9860565800168, 0.0, 829.5769333630991], [0.0, 1254.9860565800168, 467.1680561863987], [0.0, 0.0, 1.0]], [[796.8910634503094, 0.0, 857.7774326863696], [0.0, 796.8910634503094, 476.8848988407415], [0.0, 0.0, 1.0]], [[1249.9629280788233, 0.0, 825.3768045375984], [0.0, 1249.9629280788233, 462.54816385708756], [0.0, 0.0, 1.0]]], "extrinsics": [[[0.8227667212486267, -0.5683664679527283, 0.003806542372331023, -0.81158447265625], [0.025936415418982506, 0.0308536347001791, -0.9991873502731323, 1.4943084716796875], [0.5677871704101562, 0.8221968412399292, 0.040126729756593704, -1.201904296875], [0.0, 0.0, 0.0, 1.0]], [[0.010935219936072826, -0.9995864629745483, -0.02659616805613041, 0.0087890625], [0.028074244037270546, 0.026894181966781616, -0.999243974685669, 1.4855728149414062], [0.9995459914207458, 0.010180293582379818, 0.028356727212667465, -1.54071044921875], [0.0, 0.0, 0.0, 1.0]], [[-0.8433067798614502, -0.5359063744544983, -0.040472500026226044, 0.962890625], [0.03628053143620491, 0.018367767333984375, -0.9991728067398071, 1.4985694885253906], [0.5362064838409424, -0.8440775871276855, 0.0039533041417598724, -1.1954345703125], [0.0, 0.0, 0.0, 1.0]], [[0.9476931095123291, 0.31844571232795715, 0.02168252319097519, -1.134521484375], [0.011442897841334343, 0.0339907743036747, -0.9993566274642944, 1.5621566772460938], [-0.31897786259651184, 0.9473314881324768, 0.028568880632519722, -0.1591796875], [0.0, 0.0, 0.0, 1.0]], [[0.008780299685895443, 0.9996108412742615, 0.02647647075355053, -0.028564453125], [0.013374531641602516, 0.026357727125287056, -0.9995630383491516, 1.5688819885253906], [-0.9998720288276672, 0.009130587801337242, -0.01313790027052164, -0.017669677734375], [0.0, 0.0, 0.0, 1.0]], [[-0.9236225485801697, 0.38302144408226013, -0.01469664741307497, 1.05718994140625], [0.01734822429716587, 0.0034694226924329996, -0.9998434782028198, 1.5497503280639648], [-0.38291049003601074, -0.9237329363822937, -0.009849178604781628, -0.0860595703125], [0.0, 0.0, 0.0, 1.0]]], "view": [[0.0, -2.0, 100.0], [-2.0, 0.0, 100.0], [0.0, 0.0, 1.0]], "bev": "bev_4f2589a2df5c47b292947dd7f76b8c72.png", "aux": "aux_4f2589a2df5c47b292947dd7f76b8c72.npz", "visibility": "visibility_4f2589a2df5c47b292947dd7f76b8c72.png", "pose": [[-0.8821841478347778, -0.4709045886993408, 0.0, 1345.7745361328125], [0.4709045886993408, -0.8821841478347778, 0.0, 1461.6907958984375], [0.0, 0.0, 1.0, 0.0], [0.0, 0.0, 0.0, 1.0]], "pose_inverse": [[-0.8821841478347778, 0.4709045886993408, 0.0, 498.9040222167969], [-0.4709045886993408, -0.8821841478347778, 0.0, 1923.2119140625], [0.0, 0.0, 1.0, 0.0], [0.0, 0.0, 0.0, 1.0]], "cam_ids": [0, 1, 2, 3, 4, 5], "cam_channels": ["CAM_FRONT_LEFT", "CAM_FRONT", "CAM_FRONT_RIGHT", "CAM_BACK_LEFT", "CAM_BACK", "CAM_BACK_RIGHT"], "token": "4f2589a2df5c47b292947dd7f76b8c72", "scene": "scene-0885"}, {"images": ["samples/CAM_FRONT_LEFT/n008-2018-09-18-14-54-39-0400__CAM_FRONT_LEFT__1537297438904799.jpg", "samples/CAM_FRONT/n008-2018-09-18-14-54-39-0400__CAM_FRONT__1537297438912404.jpg", "samples/CAM_FRONT_RIGHT/n008-2018-09-18-14-54-39-0400__CAM_FRONT_RIGHT__1537297438920482.jpg", "samples/CAM_BACK_LEFT/n008-2018-09-18-14-54-39-0400__CAM_BACK_LEFT__1537297438947405.jpg", "samples/CAM_BACK/n008-2018-09-18-14-54-39-0400__CAM_BACK__1537297438937558.jpg", "samples/CAM_BACK_RIGHT/n008-2018-09-18-14-54-39-0400__CAM_BACK_RIGHT__1537297438928113.jpg"], "intrinsics": [[[1257.8625342125129, 0.0, 827.2410631095686], [0.0, 1257.8625342125129, 450.915498205774], [0.0, 0.0, 1.0]], [[1252.8131021185304, 0.0, 826.588114781398], [0.0, 1252.8131021185304, 469.9846626224581], [0.0, 0.0, 1.0]], [[1256.7485116440405, 0.0, 817.7887570959712], [0.0, 1256.7485116440403, 451.9541780095127], [0.0, 0.0, 1.0]], [[1254.9860565800168, 0.0, 829.5769333630991], [0.0, 1254.9860565800168, 467.1680561863987], [0.0, 0.0, 1.0]], [[796.8910634503094, 0.0, 857.7774326863696], [0.0, 796.8910634503094, 476.8848988407415], [0.0, 0.0, 1.0]], [[1249.9629280788233, 0.0, 825.3768045375984], [0.0, 1249.9629280788233, 462.54816385708756], [0.0, 0.0, 1.0]]], "extrinsics": [[[0.8226858377456665, -0.5684112310409546, 0.009835085831582546, -0.800048828125], [0.030910881236195564, 0.027450665831565857, -0.9991450905799866, 1.4958877563476562], [0.5676553845405579, 0.8222865462303162, 0.04015336558222771, -1.1947021484375], [0.0, 0.0, 0.0, 1.0]], [[0.01099980715662241, -0.9996721744537354, -0.02311929687857628, 0.00927734375], [0.03283919021487236, 0.02346937544643879, -0.9991850256919861, 1.4868621826171875], [0.9994000792503357, 0.010231607593595982, 0.03308658301830292, -1.52960205078125], [0.0, 0.0, 0.0, 1.0]], [[-0.8431388139724731, -0.5360167026519775, -0.04246249794960022, 0.9564208984375], [0.040830183774232864, 0.014919023960828781, -0.9990546703338623, 1.4995841979980469], [0.5361434817314148, -0.8440755605697632, 0.009306851774454117, -1.1905517578125], [0.0, 0.0, 0.0, 1.0]], [[0.9475231170654297, 0.31874385476112366, 0.0245418269187212, -1.134765625], [0.015538589097559452, 0.030758492648601532, -0.9994060397148132, 1.562164306640625], [-0.31930941343307495, 0.9473416209220886, 0.02419155277311802, -0.160400390625], [0.0, 0.0, 0.0, 1.0]], [[0.008579110726714134, 0.9996952414512634, 0.023147763684391975, -0.029296875], [0.01762860268354416, 0.022993816062808037, -0.9995801448822021, 1.569183349609375], [-0.9998078346252441, 0.0089835