[{"images": ["samples/CAM_FRONT_LEFT/n008-2018-08-30-15-31-50-0400__CAM_FRONT_LEFT__1535657852004799.jpg", "samples/CAM_FRONT/n008-2018-08-30-15-31-50-0400__CAM_FRONT__1535657852012404.jpg", "samples/CAM_FRONT_RIGHT/n008-2018-08-30-15-31-50-0400__CAM_FRONT_RIGHT__1535657852020482.jpg", "samples/CAM_BACK_LEFT/n008-2018-08-30-15-31-50-0400__CAM_BACK_LEFT__1535657852047405.jpg", "samples/CAM_BACK/n008-2018-08-30-15-31-50-0400__CAM_BACK__1535657852037561.jpg", "samples/CAM_BACK_RIGHT/n008-2018-08-30-15-31-50-0400__CAM_BACK_RIGHT__1535657852028118.jpg"], "intrinsics": [[[1257.8625342125129, 0.0, 827.2410631095686], [0.0, 1257.8625342125129, 450.915498205774], [0.0, 0.0, 1.0]], [[1252.8131021185304, 0.0, 826.588114781398], [0.0, 1252.8131021185304, 469.9846626224581], [0.0, 0.0, 1.0]], [[1256.7485116440405, 0.0, 817.7887570959712], [0.0, 1256.7485116440403, 451.9541780095127], [0.0, 0.0, 1.0]], [[1254.9860565800168, 0.0, 829.5769333630991], [0.0, 1254.9860565800168, 467.1680561863987], [0.0, 0.0, 1.0]], [[796.8910634503094, 0.0, 857.7774326863696], [0.0, 796.8910634503094, 476.8848988407415], [0.0, 0.0, 1.0]], [[1249.9629280788233, 0.0, 825.3768045375984], [0.0, 1249.9629280788233, 462.54816385708756], [0.0, 0.0, 1.0]]], "extrinsics": [[[0.8227349519729614, -0.5684223175048828, -0.0018298631766811013, -0.9920654296875], [0.006083895452320576, 0.012024741619825363, -0.9999091625213623, 1.488379955291748], [0.5683927536010742, 0.8226491212844849, 0.013351395726203918, -1.32489013671875], [0.0, 0.0, 0.0, 1.0]], [[0.0105210542678833, -0.9999138116836548, -0.007849625311791897, 0.005889892578125], [0.008103834465146065, 0.00793506484478712, -0.9999356865882874, 1.4802665710449219], [0.9999118447303772, 0.010456735268235207, 0.00818662066012621, -1.7220458984375], [0.0, 0.0, 0.0, 1.0]], [[-0.8438816666603088, -0.5363649725914001, -0.013277347199618816, 1.0826416015625], [0.016194961965084076, -0.0007290346547961235, -0.9998685717582703, 1.4932308197021484], [0.5362848043441772, -0.8439858555793762, 0.009301627986133099, -1.27197265625], [0.0, 0.0, 0.0, 1.0]], [[0.9478616714477539, 0.3186586797237396, -0.0038565334398299456, -1.142578125], [-0.00898981373757124, 0.014639914967119694, -0.9998523592948914, 1.5620288848876953], [-0.3185551166534424, 0.9477564096450806, 0.016741296276450157, -0.156494140625], [0.0, 0.0, 0.0, 1.0]], [[0.009140195325016975, 0.9999340176582336, 0.006952127907425165, -0.028839111328125], [-0.006919276900589466, 0.007015496492385864, -0.9999514222145081, 1.568033218383789], [-0.9999343156814575, 0.009091603569686413, 0.006982943508774042, 0.040283203125], [0.0, 0.0, 0.0, 1.0]], [[-0.9237896203994751, 0.382884681224823, -0.0034564004745334387, 1.154052734375], [-0.0027933993842452765, -0.01576576754450798, -0.9998717904090881, 1.5477970838546753], [-0.38289016485214233, -0.9236615896224976, 0.015633802860975266, -0.046173095703125], [0.0, 0.0, 0.0, 1.0]]], "view": [[0.0, -2.0, 100.0], [-2.0, 0.0, 100.0], [0.0, 0.0, 1.0]], "bev": "bev_abad69b7e6194c95b18a054aa082cfb8.png", "aux": "aux_abad69b7e6194c95b18a054aa082cfb8.npz", "visibility": "visibility_abad69b7e6194c95b18a054aa082cfb8.png", "pose": [[0.6592055559158325, -0.7519627809524536, 0.0, 1445.8590087890625], [0.7519627809524536, 0.6592055559158325, 0.0, 1215.3828125], [0.0, 0.0, 1.0, 0.0], [0.0, 0.0, 0.0, 1.0]], "pose_inverse": [[0.6592055559158325, 0.7519627809524536, 0.0, -1867.0408935546875], [-0.7519627809524536, 0.6592055559158325, 0.0, 286.0450439453125], [0.0, 0.0, 1.0, 0.0], [0.0, 0.0, 0.0, 1.0]], "cam_ids": [0, 1, 2, 3, 4, 5], "cam_channels": ["CAM_FRONT_LEFT", "CAM_FRONT", "CAM_FRONT_RIGHT", "CAM_BACK_LEFT", "CAM_BACK", "CAM_BACK_RIGHT"], "token": "abad69b7e6194c95b18a054aa082cfb8", "scene": "scene-0784"}, {"images": ["samples/CAM_FRONT_LEFT/n008-2018-08-30-15-31-50-0400__CAM_FRONT_LEFT__1535657852504799.jpg", "samples/CAM_FRONT/n008-2018-08-30-15-31-50-0400__CAM_FRONT__1535657852512404.jpg", "samples/CAM_FRONT_RIGHT/n008-2018-08-30-15-31-50-0400__CAM_FRONT_RIGHT__1535657852520482.jpg", "samples/CAM_BACK_LEFT/n008-2018-08-30-15-31-50-0400__CAM_BACK_LEFT__1535657852547452.jpg", "samples/CAM_BACK/n008-2018-08-30-15-31-50-0400__CAM_BACK__1535657852537558.jpg", "samples/CAM_BACK_RIGHT/n008-2018-08-30-15-31-50-0400__CAM_BACK_RIGHT__1535657852528113.jpg"], "intrinsics": [[[1257.8625342125129, 0.0, 827.2410631095686], [0.0, 1257.8625342125129, 450.915498205774], [0.0, 0.0, 1.0]], [[1252.8131021185304, 0.0, 826.588114781398], [0.0, 1252.8131021185304, 469.9846626224581], [0.0, 0.0, 1.0]], [[1256.7485116440405, 0.0, 817.7887570959712], [0.0, 1256.7485116440403, 451.9541780095127], [0.0, 0.0, 1.0]], [[1254.9860565800168, 0.0, 829.5769333630991], [0.0, 1254.9860565800168, 467.1680561863987], [0.0, 0.0, 1.0]], [[796.8910634503094, 0.0, 857.7774326863696], [0.0, 796.8910634503094, 476.8848988407415], [0.0, 0.0, 1.0]], [[1249.9629280788233, 0.0, 825.3768045375984], [0.0, 1249.9629280788233, 462.54816385708756], [0.0, 0.0, 1.0]]], "extrinsics": [[[0.8224760890007019, -0.5687961578369141, -0.001988753443583846, -1.0068359375], [0.007205563597381115, 0.013915201649069786, -0.9998771548271179, 1.4882707595825195], [0.5687540769577026, 0.8223608136177063, 0.015543416142463684, -1.3350830078125], [0.0, 0.0, 0.0, 1.0]], [[0.010172517038881779, -0.9999014139175415, -0.009679500013589859, 0.00579833984375], [0.00928234402090311, 0.009774007834494114, -0.9999091625213623, 1.4801406860351562], [0.9999052286148071, 0.010081692598760128, 0.009380855597555637, -1.7369384765625], [0.0, 0.0, 0.0, 1.0]], [[-0.8439995646476746, -0.5361261367797852, -0.015281288884580135, 1.0921630859375], [0.017433542758226395, 0.00105395691934973, -0.9998474717140198, 1.4930419921875], [0.5360604524612427, -0.8441373109817505, 0.008457038551568985, -1.2783203125], [0.0, 0.0, 0.0, 1.0]], [[0.947887122631073, 0.3185967206954956, -0.0024821823462843895, -1.1439208984375], [-0.00803468655794859, 0.016115030273795128, -0.9998378157615662, 1.5620460510253906], [-0.31850510835647583, 0.9477533102035522, 0.01783505454659462, -0.15606689453125], [0.0, 0.0, 0.0, 1.0]], [[0.009231640957295895, 0.9999206066131592, 0.00857508834451437, -0.029052734375], [-0.005964563228189945, 0.008630362339317799, -0.9999449253082275, 1.5680646896362305], [-0.9999396204948425, 0.00918006431311369, 0.0060437628999352455, 0.044921875], [0.0, 0.0, 0.0, 1.0]], [[-0.9237159490585327, 0.3830595314502716, -0.003768778871744871, 1.161865234375], [-0.0017426604172214866, -0.014039918780326843, -0.9998998641967773, 1.5478174686431885], [-0.3830741047859192, -0.9236169457435608, 0.01363644003868103, -0.04290771484375], [0.0, 0.0, 0.0, 1.0]]], "view": [[0.0, -2.0, 100.0], [-2.0, 0.0, 100.0], [0.0, 0.0, 1.0]], "bev": "bev_96ac55dc15f141b1b6c7ec769dc513e5.png", "aux": "aux_96ac55dc15f141b1b6c7ec769dc513e5.npz", "visibility": "visibility_96ac55dc15f141b1b6c7ec769dc513e5.png", "pose": [[0.6583528518676758, -0.7527094483375549, 0.0, 1445.8775634765625], [0.7527094483375549, 0.6583528518676758, 0.0, 1215.3944091796875], [0.0, 0.0, 1.0, 0.0], [0.0, 0.0, 0.0, 1.0]], "pose_inverse": [[0.6583528518676758, 0.7527094483375549, 0.0, -1866.7364501953125], [-0.7527094483375549, 0.6583528518676758, 0.0, 288.1673889160156], [0.0, 0.0, 1.0, 0.0], [0.0, 0.0, 0.0, 1.0]], "cam_ids": [0, 1, 2, 3, 4, 5], "cam_channels": ["CAM_FRONT_LEFT", "CAM_FRONT", "CAM_FRONT_RIGHT", "CAM_BACK_LEFT", "CAM_BACK", "CAM_BACK_RIGHT"], "token": "96ac55dc15f141b1b6c7ec769dc513e5", "scene": "scene-0784"}, {"images": ["samples/CAM_FRONT_LEFT/n008-2018-08-30-15-31-50-0400__CAM_FRONT_LEFT__1535657853004799.jpg", "samples/CAM_FRONT/n008-2018-08-30-15-31-50-0400__CAM_FRONT__1535657853012404.jpg", "samples/CAM_FRONT_RIGHT/n008-2018-08-30-15-31-50-0400__CAM_FRONT_RIGHT__1535657853020482.jpg", "samples/CAM_BACK_LEFT/n008-2018-08-30-15-31-50-0400__CAM_BACK_LEFT__1535657853047405.jpg", "samples/CAM_BACK/n008-2018-08-30-15-31-50-0400__CAM_BACK__1535657853037558.jpg", "samples/CAM_BACK_RIGHT/n008-2018-08-30-15-31-50-0400__CAM_BACK_RIGHT__1535657853028113.jpg"], "intrinsics": [[[1257.8625342125129, 0.0, 827.2410631095686], [0.0, 1257.8625342125129, 450.915498205774], [0.0, 0.0, 1.0]], [[1252.8131021185304, 0.0, 826.588114781398], [0.0, 1252.8131021185304, 469.9846626224581], [0.0, 0.0, 1.0]], [[1256.7485116440405, 0.0, 817.7887570959712], [0.0, 1256.7485116440403, 451.9541780095127], [0.0, 0.0, 1.0]], [[1254.9860565800168, 0.0, 829.5769333630991], [0.0, 1254.9860565800168, 467.1680561863987], [0.0, 0.0, 1.0]], [[796.8910634503094, 0.0, 857.7774326863696], [0.0, 796.8910634503094, 476.8848988407415], [0.0, 0.0, 1.0]], [[1249.9629280788233, 0.0, 825.3768045375984], [0.0, 1249.9629280788233, 462.54816385708756], [0.0, 0.0, 1.0]]], "extrinsics": [[[0.8225306272506714, -0.5687077045440674, -0.0038854756858199835, -1.00537109375], [0.004921266343444586, 0.013949071057140827, -0.9998906254768372, 1.488288402557373], [0.5686996579170227, 0.8224214911460876, 0.014272297732532024, -1.333740234375], [0.0, 0.0, 0.0, 1.0]], [[0.010225810110569, -0.9999000430107117, -0.00976087898015976, 0.00555419921875], [0.006863393355160952, 0.009831343777477741, -0.9999281764030457, 1.4801607131958008], [0.9999241828918457, 0.0101581159979105, 0.006963240914046764, -1.735107421875], [0.0, 0.0, 0.0, 1.0]], [[-0.8440122604370117, -0.5361623167991638, -0.013162612915039062, 1.0909423828125], [0.01487168949097395, 0.0011363368248566985, -0.9998887181282043, 1.4930686950683594], [0.536117672920227, -0.8441141247749329, 0.0070145572535693645, -1.277587890625], [0.0, 0.0, 0.0, 1.0]], [[0.9478712677955627, 0.3186173439025879, -0.004815001972019672, -1.143798828125], [-0.010572105646133423, 0.01634218916296959, -0.9998105764389038, 1.5620441436767578], [-0.3184782862663269, 0.9477425813674927, 0.01885874569416046, -0.15618896484375], [0.0, 0.0, 0.0, 1.0]], [[0.00923841167241335, 0.9999193549156189, 0.008719909004867077, -0.028839111328125], [-0.008428848348557949, 0.008797840215265751, -0.9999257922172546, 1.5680618286132812], [-0.9999218583106995, 0.009164170362055302, 0.008509445935487747, 0.04443359375], [0.0, 0.0, 0.0, 1.0]], [[-0.9237337708473206, 0.3830323815345764, -0.0014504975406453013, 1.1607666015625], [-0.0042036473751068115, -0.013924137689173222, -0.9998942017555237, 1.5478155612945557], [-0.38301196694374084, -0.9236299395561218, 0.014472330920398235, -0.043426513671875], [0.0, 0.0, 0.0, 1.0]]], "view": [[0.0, -2.0, 100.0], [-2.0, 0.0, 100.0], [0.0, 0.0, 1.0]], "bev": "bev_fd6cb4e868754b55becb8e85579b4f74.png", "aux": "aux_fd6cb4e868754b55becb8e85579b4f74.npz", "visibility": "visibility_fd6cb4e868754b55becb8e85579b4f74.png", "pose": [[0.6586520671844482, -0.7524476647377014, 0.0, 1445.8697509765625], [0.7524476647377014, 0.6586520671844482, 0.0, 1215.3785400390625], [0.0, 0.0, 1.0, 0.0], [0.0, 0.0, 0.0, 1.0]], "pose_inverse": [[0.6586520671844482, 0.7524476647377014, 0.0, -1866.8338623046875], [-0.7524476647377014, 0.6586520671844482, 0.0, 287.42974853515625], [0.0, 0.0, 1.0, 0.0], [0.0, 0.0, 0.0, 1.0]], "cam_ids": [0, 1, 2, 3, 4, 5], "cam_channels": ["CAM_FRONT_LEFT", "CAM_FRONT", "CAM_FRONT_RIGHT", "CAM_BACK_LEFT", "CAM_BACK", "CAM_BACK_RIGHT"], "token": "fd6cb4e868754b55becb8e85579b4f74", "scene": "scene-0784"}, {"images": ["samples/CAM_FRONT_LEFT/n008-2018-08-30-15-31-50-0400__CAM_FRONT_LEFT__1535657853504799.jpg", "samples/CAM_FRONT/n008-2018-08-30-15-31-50-0400__CAM_FRONT__1535657853512404.jpg", "samples/CAM_FRONT_RIGHT/n008-2018-08-30-15-31-50-0400__CAM_FRONT_RIGHT__1535657853520482.jpg", "samples/CAM_BACK_LEFT/n008-2018-08-30-15-31-50-0400__CAM_BACK_LEFT__1535657853547405.jpg", "samples/CAM_BACK/n008-2018-08-30-15-31-50-0400__CAM_BACK__1535657853537558.jpg", "samples/CAM_BACK_RIGHT/n008-2018-08-30-15-31-50-0400__CAM_BACK_RIGHT__1535657853528113.jpg"], "intrinsics": [[[1257.8625342125129, 0.0, 827.2410631095686], [0.0, 1257.8625342125129, 450.915498205774], [0.0, 0.0, 1.0]], [[1252.8131021185304, 0.0, 826.588114781398], [0.0, 1252.8131021185304, 469.9846626224581], [0.0, 0.0, 1.0]], [[1256.7485116440405, 0.0, 817.7887570959712], [0.0, 1256.7485116440403, 451.9541780095127], [0.0, 0.0, 1.0]], [[1254.9860565800168, 0.0, 829.5769333630991], [0.0, 1254.9860565800168, 467.1680561863987], [0.0, 0.0, 1.0]], [[796.8910634503094, 0.0, 857.7774326863696], [0.0, 796.8910634503094, 476.8848988407415], [0.0, 0.0, 1.0]], [[1249.9629280788233, 0.0, 825.3768045375984], [0.0, 1249.9629280788233, 462.54816385708756], [0.0, 0.0, 1.0]]], "extrinsics": [[[0.822569727897644, -0.5686517357826233, -0.003795929718762636, -1.004638671875], [0.005138092674314976, 0.014106951653957367, -0.999887228012085, 1.4882898330688477], [0.5686411261558533, 0.822457492351532, 0.014525732956826687, -1.33367919921875], [0.0, 0.0, 0.0, 1.0]], [[0.01028683315962553, -0.9998981356620789, -0.009893732145428658, 0.005523681640625], [0.007096849847584963, 0.009967010468244553, -0.9999251961708069, 1.4801645278930664], [0.9999219179153442, 0.010215948335826397, 0.007198656443506479, -1.734619140625], [0.0, 0.0, 0.0, 1.0]], [[-0.8439822196960449, -0.5362027883529663, -0.01343456655740738, 1.0908203125], [0.015122930519282818, 0.0012486579362303019, -0.999884843826294, 1.493072509765625], [0.5361577868461609, -0.8440882563591003, 0.0070551116950809956, -1.277587890625], [0.0, 0.0, 0.0, 1.0]], [[0.9478737711906433, 0.31861504912376404, -0.004440909717231989, -1.14404296875], [-0.010181797668337822, 0.016355080530047417, -0.9998143911361694, 1.5620460510253906], [-0.31848329305648804, 0.9477431774139404, 0.018746627494692802, -0.15606689453125], [0.0, 0.0, 0.0, 1.0]], [[0.009215123020112514, 0.999919056892395, 0.008775942958891392, -0.028900146484375], [-0.008085673674941063, 0.008850540034472942, -0.9999281167984009, 1.5680618286132812], [-0.999924898147583, 0.009143449366092682, 0.00816657766699791, 0.04443359375], [0.0, 0.0, 0.0, 1.0]], [[-0.9237474203109741, 0.38299840688705444, -0.0016933215083554387, 1.16064453125], [-0.0039059605915099382, -0.013841486535966396, -0.9998965859413147, 1.5478148460388184], [-0.3829822242259979, -0.9236451983451843, 0.014282015152275562, -0.043487548828125], [0.0, 0.0, 0.0, 1.0]]], "view": [[0.0, -2.0, 100.0], [-2.0, 0.0, 100.0], [0.0, 0.0, 1.0]], "bev": "bev_29b28184b86d46d4b327cfcc541e6b38.png", "aux": "aux_29b28184b86d46d4b327cfcc541e6b38.npz", "visibility": "visibility_29b28184b86d46d4b327cfcc541e6b38.png", "pose": [[0.6585394144058228, -0.7525462508201599, 0.0, 1445.8714599609375], [0.7525462508201599, 0.6585394144058228, 0.0, 1215.375244140625], [0.0, 0.0, 1.0, 0.0], [0.0, 0.0, 0.0, 1.0]], "pose_inverse": [[0.6585394144058228, 0.7525462508201599, 0.0, -1866.7894287109375], [-0.7525462508201599, 0.6585394144058228, 0.0, 287.71258544921875], [0.0, 0.0, 1.0, 0.0], [0.0, 0.0, 0.0, 1.0]], "cam_ids": [0, 1, 2, 3, 4, 5], "cam_channels": ["CAM_FRONT_LEFT", "CAM_FRONT", "CAM_FRONT_RIGHT", "CAM_BACK_LEFT", "CAM_BACK", "CAM_BACK_RIGHT"], "token": "29b28184b86d46d4b327cfcc541e6b38", "scene": "scene-0784"}, {"images": ["samples/CAM_FRONT_LEFT/n008-2018-08-30-15-31-50-0400__CAM_FRONT_LEFT__1535657854004799.jpg", "samples/CAM_FRONT/n008-2018-08-30-15-31-50-0400__CAM_FRONT__1535657854012404.jpg", "samples/CAM_FRONT_RIGHT/n008-2018-08-30-15-31-50-0400__CAM_FRONT_RIGHT__1535657854020482.jpg", "samples/CAM_BACK_LEFT/n008-2018-08-30-15-31-50-0400__CAM_BACK_LEFT__1535657854047405.jpg", "samples/CAM_BACK/n008-2018-08-30-15-31-50-0400__CAM_BACK__1535657854037558.jpg", "samples/CAM_BACK_RIGHT/n008-2018-08-30-15-31-50-0400__CAM_BACK_RIGHT__1535657854028113.jpg"], "intrinsics": [[[1257.8625342125129, 0.0, 827.2410631095686], [0.0, 1257.8625342125129, 450.915498205774], [0.0, 0.0, 1.0]], [[1252.8131021185304, 0.0, 826.588114781398], [0.0, 1252.8131021185304, 469.9846626224581], [0.0, 0.0, 1.0]], [[1256.7485116440405, 0.0, 817.7887570959712], [0.0, 1256.7485116440403, 451.9541780095127], [0.0, 0.0, 1.0]], [[1254.9860565800168, 0.0, 829.5769333630991], [0.0, 1254.9860565800168, 467.1680561863987], [0.0, 0.0, 1.0]], [[796.8910634503094, 0.0, 857.7774326863696], [0.0, 796.8910634503094, 476.8848988407415], [0.0, 0.0, 1.0]], [[1249.9629280788233, 0.0, 825.3768045375984], [0.0, 1249.9629280788233, 462.54816385708756], [0.0, 0.0, 1.0]]], "extrinsics": [[[0.822546660900116, -0.5686882734298706, -0.0032380165066570044, -1.0048828125], [0.0058289081789553165, 0.014124062843620777, -0.9998832941055298, 1.4882893562316895], [0.5686675906181335, 0.8224318623542786, 0.014932534657418728, -1.33349609375], [0.0, 0.0, 0.0, 1.0]], [[0.010259490460157394, -0.9998979568481445, -0.009932080283761024, 0.00537109375], [0.0077939159236848354, 0.010012264363467693, -0.9999195337295532, 1.4801645278930664], [0.9999169707298279, 0.010181316174566746, 0.00789584219455719, -1.734619140625], [0.0, 0.0, 0.0, 1.0]], [[-0.8439851403236389, -0.5361821055412292, -0.014068909920752048, 1.09033203125], [0.015826569870114326, 0.0013237044913694263, -0.9998738169670105, 1.4930744171142578], [0.5361331105232239, -0.8441013097763062, 0.007368736434727907, -1.2774658203125], [0.0, 0.0, 0.0, 1.0]], [[0.9478772282600403, 0.31861379742622375, -0.0037488217931240797, -1.143798828125], [-0.009495873004198074, 0.01648634672164917, -0.9998190402984619, 1.5620441436767578], [-0.31849440932273865, 0.9477412104606628, 0.018652549013495445, -0.156005859375], [0.0, 0.0, 0.0, 1.0]], [[0.009217552840709686, 0.9999179840087891, 0.008897474966943264, -0.02886962890625], [-0.007399720139801502, 0.008965816348791122, -0.9999324083328247, 1.5680618286132812], [-0.999930202960968, 0.009151175618171692, 0.007481755688786507, 0.044189453125], [0.0, 0.0, 0.0, 1.0]], [[-0.9237397313117981, 0.3830137848854065, -0.0022940789349377155, 1.16064453125], [-0.0032132980413734913, -0.013738669455051422, -0.9999004602432251, 1.547811508178711], [-0.383007287979126, -0.9236404299736023, 0.01392169389873743, -0.043792724609375], [0.0, 0.0, 0.0, 1.0]]], "view": [[0.0, -2.0, 100.0], [-2.0, 0.0, 100.0], [0.0, 0.0, 1.0]], "bev": "bev_d96c132fcf7147cfa1c2626fc7c9f311.png", "aux": "aux_d96c132fcf7147cfa1c2626fc7c9f311.npz", "visibility": "visibility_d96c132fcf7147cfa1c2626fc7c9f311.png", "pose": [[0.6584498882293701, -0.7526245713233948, 0.0, 1445.87353515625], [0.7526245713233948, 0.6584498882293701, 0.0, 1215.3736572265625], [0.0, 0.0, 1.0, 0.0], [0.0, 0.0, 0.0, 1.0]], "pose_inverse": [[0.6584498882293701, 0.7526245713233948, 0.0, -1866.75537109375], [-0.7526245713233948, 0.6584498882293701, 0.0, 287.93731689453125], [0.0, 0.0, 1.0, 0.0], [0.0, 0.0, 0.0, 1.0]], "cam_ids": [0, 1, 2, 3, 4, 5], "cam_channels": ["CAM_FRONT_LEFT", "CAM_FRONT", "CAM_FRONT_RIGHT", "CAM_BACK_LEFT", "CAM_BACK", "CAM_BACK_RIGHT"], "token": "d96c132fcf7147cfa1c2626fc7c9f311", "scene": "scene-0784"}, {"images": ["samples/CAM_FRONT_LEFT/n008-2018-08-30-15-31-50-0400__CAM_FRONT_LEFT__1535657854504799.jpg", "samples/CAM_FRONT/n008-2018-08-30-15-31-50-0400__CAM_FRONT__1535657854512404.jpg", "samples/CAM_FRONT_RIGHT/n008-2018-08-30-15-31-50-0400__CAM_FRONT_RIGHT__1535657854520482.jpg", "samples/CAM_BACK_LEFT/n008-2018-08-30-15-31-50-0400__CAM_BACK_LEFT__1535657854547405.jpg", "samples/CAM_BACK/n008-2018-08-30-15-31-50-0400__CAM_BACK__1535657854537558.jpg", "samples/CAM_BACK_RIGHT/n008-2018-08-30-15-31-50-0400__CAM_BACK_RIGHT__1535657854528113.jpg"], "intrinsics": [[[1257.8625342125129, 0.0, 827.2410631095686], [0.0, 1257.8625342125129, 450.915498205774], [0.0, 0.0, 1.0]], [[1252.8131021185304, 0.0, 826.588114781398], [0.0, 1252.8131021185304, 469.9846626224581], [0.0, 0.0, 1.0]], [[1256.7485116440405, 0.0, 817.7887570959712], [0.0, 1256.7485116440403, 451.9541780095127], [0.0, 0.0, 1.0]], [[1254.9860565800168, 0.0, 829.5769333630991], [0.0, 1254.9860565800168, 467.1680561863987], [0.0, 0.0, 1.0]], [[796.8910634503094, 0.0, 857.7774326863696], [0.0, 796.8910634503094, 476.8848988407415], [0.0, 0.0, 1.0]], [[1249.9629280788233, 0.0, 825.3768045375984], [0.0, 1249.9629280788233, 462.54816385708756], [0.0, 0.0, 1.0]]], "extrinsics": [[[0.8225330114364624, -0.5687102675437927, -0.0028332634828984737, -1.0048828125], [0.0063155218958854675, 0.014115537516772747, -0.9998804330825806, 1.4882912635803223], [0.5686821937561035, 0.8224168419837952, 0.01520219910889864, -1.33349609375], [0.0, 0.0, 0.0, 1.0]], [[0.010240734554827213, -0.9998984932899475, -0.009907549247145653, 0.005462646484375], [0.008286562748253345, 0.009992589242756367, -0.9999157786369324, 1.4801626205444336], [0.999913215637207, 0.01015777513384819, 0.008388053625822067, -1.7347412109375], [0.0, 0.0, 0.0, 1.0]], [[-0.8439888954162598, -0.5361652970314026, -0.014473268762230873, 1.0906982421875], [0.01632552221417427, 0.0012920787557959557, -0.9998658299446106, 1.4930706024169922], [0.5361120700836182, -0.8441120982170105, 0.007662677671760321, -1.277587890625], [0.0, 0.0, 0.0, 1.0]], [[0.9478795528411865, 0.31861186027526855, -0.0032872443553060293, -1.14404296875], [-0.009004498831927776, 0.0164730716496706, -0.9998237490653992, 1.562042236328125], [-0.3185015618801117, 0.9477421045303345, 0.01848342828452587, -0.156005859375], [0.0, 0.0, 0.0, 1.0]], [[0.009220888838171959, 0.9999180436134338, 0.008876316249370575, -0.02899169921875], [-0.0068890806287527084, 0.008940006606280804, -0.9999362826347351, 1.5680608749389648], [-0.9999338388442993, 0.00915920827537775, 0.006970951333642006, 0.044189453125], [0.0, 0.0, 0.0, 1.0]], [[-0.9237326979637146, 0.3830276429653168, -0.002773742424324155, 1.16064453125], [-0.0027104844339191914, -0.013777680695056915, -0.9999014139175415, 1.5478113889694214], [-0.3830280303955078, -0.9236341118812561, 0.013765083625912666, -0.043670654296875], [0.0, 0.0, 0.0, 1.0]]], "view": [[0.0, -2.0, 100.0], [-2.0, 0.0, 100.0], [0.0, 0.0, 1.0]], "bev": "bev_45dde1b2e0fd42e08fecb97ed51cb559.png", "aux": "aux_45dde1b2e0fd42e08fecb97ed51cb559.npz", "visibility": "visibility_45dde1b2e0fd42e08fecb97ed51cb559.png", "pose": [[0.6583523154258728, -0.7527099251747131, 0.0, 1445.8751220703125], [0.7527099251747131, 0.6583523154258728, 0.0, 1215.3721923828125], [0.0, 0.0, 1.0, 0.0], [0.0, 0.0, 0.0, 1.0]], "pose_inverse": [[0.6583523154258728, 0.7527099251747131, 0.0, -1866.7178955078125], [-0.7527099251747131, 0.6583523154258728, 0.0, 288.18145751953125], [0.0, 0.0, 1.0, 0.0], [0.0, 0.0, 0.0, 1.0]], "cam_ids": [0, 1, 2, 3, 4, 5], "cam_channels": ["CAM_FRONT_LEFT", "CAM_FRONT", "CAM_FRONT_RIGHT", "CAM_BACK_LEFT", "CAM_BACK", "CAM_BACK_RIGHT"], "token": "45dde1b2e0fd42e08fecb97ed51cb559", "scene": "scene-0784"}, {"images": ["samples/CAM_FRONT_LEFT/n008-2018-08-30-15-31-50-0400__CAM_FRONT_LEFT__1535657855004799.jpg", "samples/CAM_FRONT/n008-2018-08-30-15-31-50-0400__CAM_FRONT__1535657855012404.jpg", "samples/CAM_FRONT_RIGHT/n008-2018-08-30-15-31-50-0400__CAM_FRONT_RIGHT__1535657855020482.jpg", "samples/CAM_BACK_LEFT/n008-2018-08-30-15-31-50-0400__CAM_BACK_LEFT__1535657855047405.jpg", "samples/CAM_BACK/n008-2018-08-30-15-31-50-0400__CAM_BACK__1535657855037558.jpg", "samples/CAM_BACK_RIGHT/n008-2018-08-30-15-31-50-0400__CAM_BACK_RIGHT__1535657855028113.jpg"], "intrinsics": [[[1257.8625342125129, 0.0, 827.2410631095686], [0.0, 1257.8625342125129, 450.915498205774], [0.0, 0.0, 1.0]], [[1252.8131021185304, 0.0, 826.588114781398], [0.0, 1252.8131021185304, 469.9846626224581], [0.0, 0.0, 1.0]], [[1256.7485116440405, 0.0, 817.7887570959712], [0.0, 1256.7485116440403, 451.9541780095127], [0.0, 0.0, 1.0]], [[1254.9860565800168, 0.0, 829.5769333630991], [0.0, 1254.9860565800168, 467.1680561863987], [0.0, 0.0, 1.0]], [[796.8910634503094, 0.0, 857.7774326863696], [0.0, 796.8910634503094, 476.8848988407415], [0.0, 0.0, 1.0]], [[1249.9629280788233, 0.0, 825.3768045375984], [0.0, 1249.9629280788233, 462.54816385708756], [0.0, 0.0, 1.0]]], "extrinsics": [[[0.8225210905075073, -0.5687282085418701, -0.0027102744206786156, -1.0048828125], [0.006490124389529228, 0.014151240698993206, -0.9998787641525269, 1.4882936477661133], [0.5686976313591003, 0.8224037885665894, 0.015330810099840164, -1.33343505859375], [0.0, 0.0, 0.0, 1.0]], [[0.010222621262073517, -0.9998982548713684, -0.009945038706064224, 0.005462646484375], [0.008434354327619076, 0.010031426325440407, -0.9999141097068787, 1.4801664352416992], [0.9999121427536011, 0.010137828066945076, 0.00853604357689619, -1.734619140625], [0.0, 0.0, 0.0, 1.0]], [[-0.8439963459968567, -0.5361502170562744, -0.014596616849303246, 1.090576171875], [0.016444768756628036, 0.0013341489247977734, -0.999863862991333, 1.493072509765625], [0.5360966920852661, -0.844121515750885, 0.007690849248319864, -1.2774658203125], [0.0, 0.0, 0.0, 1.0]], [[0.947879433631897, 0.3186131715774536, -0.0031905914656817913, -1.1439208984375], [-0.008915512822568417, 0.016511566936969757, -0.9998238682746887, 1.5620460510253906], [-0.31850433349609375, 0.9477410316467285, 0.018491575494408607, -0.15606689453125], [0.0, 0.0, 0.0, 1.0]], [[0.009227310307323933, 0.9999175071716309, 0.00892900675535202, -0.028839111328125], [-0.006792285479605198, 0.008991855196654797, -0.9999365210533142, 1.568063735961914], [-0.9999343156814575, 0.00916611310094595, 0.006874697282910347, 0.0443115234375], [0.0, 0.0, 0.0, 1.0]], [[-0.9237274527549744, 0.38303956389427185, -0.002858466934412718, 1.160400390625], [-0.0025991741567850113, -0.01372995600104332, -0.9999023675918579, 1.547813892364502], [-0.3830414116382599, -0.9236298203468323, 0.013678325340151787, -0.043670654296875], [0.0, 0.0, 0.0, 1.0]]], "view": [[0.0, -2.0, 100.0], [-2.0, 0.0, 100.0], [0.0, 0.0, 1.0]], "bev": "bev_9b330255f5fa45dcb6426c0d3b9292c9.png", "aux": "aux_9b330255f5fa45dcb6426c0d3b9292c9.npz", "visibility": "visibility_9b330255f5fa45dcb6426c0d3b9292c9.png", "pose": [[0.6584078073501587, -0.7526613473892212, 0.0, 1445.87646484375], [0.7526613473892212, 0.6584078073501587, 0.0, 1215.37109375], [0.0, 0.0, 1.0, 0.0], [0.0, 0.0, 0.0, 1.0]], "pose_inverse": [[0.6584078073501587, 0.7526613473892212, 0.0, -1866.7392578125], [-0.7526613473892212, 0.6584078073501587, 0.0, 288.0455017089844], [0.0, 0.0, 1.0, 0.0], [0.0, 0.0, 0.0, 1.0]], "cam_ids": [0, 1, 2, 3, 4, 5], "cam_channels": ["CAM_FRONT_LEFT", "CAM_FRONT", "CAM_FRONT_RIGHT", "CAM_BACK_LEFT", "CAM_BACK", "CAM_BACK_RIGHT"], "token": "9b330255f5fa45dcb6426c0d3b9292c9", "scene": "scene-0784"}, {"images": ["samples/CAM_FRONT_LEFT/n008-2018-08-30-15-31-50-0400__CAM_FRONT_LEFT__1535657855504799.jpg", "samples/CAM_FRONT/n008-2018-08-30-15-31-50-0400__CAM_FRONT__1535657855512404.jpg", "samples/CAM_FRONT_RIGHT/n008-2018-08-30-15-31-50-0400__CAM_FRONT_RIGHT__1535657855520482.jpg", "samples/CAM_BACK_LEFT/n008-2018-08-30-15-31-50-0400__CAM_BACK_LEFT__1535657855547405.jpg", "samples/CAM_BACK/n008-2018-08-30-15-31-50-0400__CAM_BACK__1535657855537558.jpg", "samples/CAM_BACK_RIGHT/n008-2018-08-30-15-31-50-0400__CAM_BACK_RIGHT__1535657855528113.jpg"], "intrinsics": [[[1257.8625342125129, 0.0, 827.2410631095686], [0.0, 1257.8625342125129, 450.915498205774], [0.0, 0.0, 1.0]], [[1252.8131021185304, 0.0, 826.588114781398], [0.0, 1252.8131021185304, 469.9846626224581], [0.0, 0.0, 1.0]], [[1256.7485116440405, 0.0, 817.7887570959712], [0.0, 1256.7485116440403, 451.9541780095127], [0.0, 0.0, 1.0]], [[1254.9860565800168, 0.0, 829.5769333630991], [0.0, 1254.9860565800168, 467.1680561863987], [0.0, 0.0, 1.0]], [[796.8910634503094, 0.0, 857.7774326863696], [0.0, 796.8910634503094, 476.8848988407415], [0.0, 0.0, 1.0]], [[1249.9629280788233, 0.0, 825.3768045375984], [0.0, 1249.9629280788233, 462.54816385708756], [0.0, 0.0, 1.0]]], "extrinsics": [[[0.822564959526062, -0.568665087223053, -0.002625831635668874, -1.0050048828125], [0.006553791929036379, 0.014096932485699654, -0.9998791217803955, 1.4882936477661133], [0.568633496761322, 0.8224483728408813, 0.015322554856538773, -1.333251953125], [0.0, 0.0, 0.0, 1.0]], [[0.01028922013938427, -0.9998980164527893, -0.009898930788040161, 0.005401611328125], [0.008517269045114517, 0.00998673215508461, -0.9999138712882996, 1.4801664352416992], [0.9999107122421265, 0.010204059071838856, 0.00861915573477745, -1.7347412109375], [0.0, 0.0, 0.0, 1.0]], [[-0.8439658880233765, -0.536196231842041, -0.014665208756923676, 1.090576171875], [0.01654825173318386, 0.0012999438913539052, -0.9998621940612793, 1.493072509765625], [0.5361414551734924, -0.8440923690795898, 0.007776002865284681, -1.27734375], [0.0, 0.0, 0.0, 1.0]], [[0.9478772878646851, 0.31862014532089233, -0.003113103797659278, -1.14404296875], [-0.008831080049276352, 0.0165031049400568, -0.9998248219490051, 1.5620441436767578], [-0.3185129761695862, 0.947738766670227, 0.018456680700182915, -0.15606689453125], [0.0, 0.0, 0.0, 1.0]], [[0.00920427218079567, 0.9999180436134338, 0.008905270136892796, -0.028900146484375], [-0.006703088991343975, 0.008967144414782524, -0.9999372959136963, 1.5680608749389648], [-0.9999351501464844, 0.009144020266830921, 0.006785075180232525, 0.0443115234375], [0.0, 0.0, 0.0, 1.0]], [[-0.9237424731254578, 0.3830026388168335, -0.0029488112777471542, 1.160400390625], [-0.002511686645448208, -0.013756238855421543, -0.9999021887779236, 1.5478131771087646], [-0.38300564885139465, -0.9236447811126709, 0.013669206760823727, -0.043609619140625], [0.0, 0.0, 0.0, 1.0]]], "view": [[0.0, -2.0, 100.0], [-2.0, 0.0, 100.0], [0.0, 0.0, 1.0]], "bev": "bev_da69932448b64a60a72af0b53063f2ef.png", "aux": "aux_da69932448b64a60a72af0b53063f2ef.npz", "visibility": "visibility_da69932448b64a60a72af0b53063f2ef.png", "pose": [[0.6584258675575256, -0.7526455521583557, 0.0, 1445.8775634765625], [0.7526455521583557, 0.6584258675575256, 0.0, 1215.3701171875], [0.0, 0.0, 1.0, 0.0], [0.0, 0.0, 0.0, 1.0]], "pose_inverse": [[0.6584258675575256, 0.7526455521583557, 0.0, -1866.74609375], [-0.7526455521583557, 0.6584258675575256, 0.0, 288.0021667480469], [0.0, 0.0, 1.0, 0.0], [0.0, 0.0, 0.0, 1.0]], "cam_ids": [0, 1, 2, 3, 4, 5], "cam_channels": ["CAM_FRONT_LEFT", "CAM_FRONT", "CAM_FRONT_RIGHT", "CAM_BACK_LEFT", "CAM_BACK", "CAM_BACK_RIGHT"], "token": "da69932448b64a60a72af0b53063f2ef", "scene": "scene-0784"}, {"images": ["samples/CAM_FRONT_LEFT/n008-2018-08-30-15-31-50-0400__CAM_FRONT_LEFT__1535657856004799.jpg", "samples/CAM_FRONT/n008-2018-08-30-15-31-50-0400__CAM_FRONT__1535657856012404.jpg", "samples/CAM_FRONT_RIGHT/n008-2018-08-30-15-31-50-0400__CAM_FRONT_RIGHT__1535657856020482.jpg", "samples/CAM_BACK_LEFT/n008-2018-08-30-15-31-50-0400__CAM_BACK_LEFT__1535657856047405.jpg", "samples/CAM_BACK/n008-2018-08-30-15-31-50-0400__CAM_BACK__1535657856037558.jpg", "samples/CAM_BACK_RIGHT/n008-2018-08-30-15-31-50-0400__CAM_BACK_RIGHT__1535657856028113.jpg"], "intrinsics": [[[1257.8625342125129, 0.0, 827.2410631095686], [0.0, 1257.8625342125129, 450.915498205774], [0.0, 0.0, 1.0]], [[1252.8131021185304, 0.0, 826.588114781398], [0.0, 1252.8131021185304, 469.9846626224581], [0.0, 0.0, 1.0]], [[1256.7485116440405, 0.0, 817.7887570959712], [0.0, 1256.7485116440403, 451.9541780095127], [0.0, 0.0, 1.0]], [[1254.9860565800168, 0.0, 829.5769333630991], [0.0, 1254.9860565800168, 467.1680561863987], [0.0, 0.0, 1.0]], [[796.8910634503094, 0.0, 857.7774326863696], [0.0, 796.8910634503094, 476.8848988407415], [0.0, 0.0, 1.0]], [[1249.9629280788233, 0.0, 825.3768045375984], [0.0, 1249.9629280788233, 462.54816385708756], [0.0, 0.0, 1.0]]], "extrinsics": [[[0.8225524425506592, -0.5686838626861572, -0.002502952702343464, -1.0048828125], [0.006719763856381178, 0.014120334759354591, -0.9998777508735657, 1.4882926940917969], [0.5686495900154114, 0.8224350214004517, 0.015436135232448578, -1.3333740234375], [0.0, 0.0, 0.0, 1.0]], [[0.010271681472659111, -0.9998981356620789, -0.009915284812450409, 0.00537109375], [0.008684498257935047, 0.010004638694226742, -0.9999122619628906, 1.4801664352416992], [0.9999094009399414, 0.01018471922725439, 0.008786378428339958, -1.73486328125], [0.0, 0.0, 0.0, 1.0]], [[-0.8439716696739197, -0.5361831188201904, -0.014814002439379692, 1.0904541015625], [0.016716770827770233, 0.0013119375798851252, -0.9998593926429749, 1.4930706024169922], [0.5361272096633911, -0.8441006541252136, 0.00785601232200861, -1.277587890625], [0.0, 0.0, 0.0, 1.0]], [[0.9478784203529358, 0.3186188340187073, -0.0029411071445792913, -1.143798828125], [-0.008637855760753155, 0.016468068584799767, -0.9998270869255066, 1.5620403289794922], [-0.31851527094841003, 0.9477398991584778, 0.018361909314990044, -0.156005859375], [0.0, 0.0, 0.0, 1.0]], [[0.009208720177412033, 0.9999182224273682, 0.008881870657205582, -0.028778076171875], [-0.00652556074783206, 0.008942150510847569, -0.9999386668205261, 1.5680618286132812], [-0.9999362826347351, 0.00915010366588831, 0.006607372313737869, 0.04443359375], [0.0, 0.0, 0.0, 1.0]], [[-0.9237377047538757, 0.383012980222702, -0.0031084460206329823, 1.16064453125], [-0.002338316524401307, -0.013754455372691154, -0.9999026656150818, 1.5478116273880005], [-0.38301846385002136, -0.9236406087875366, 0.013601114973425865, -0.04376220703125], [0.0, 0.0, 0.0, 1.0]]], "view": [[0.0, -2.0, 100.0], [-2.0, 0.0, 100.0], [0.0, 0.0, 1.0]], "bev": "bev_626c2ccc5e2349f8869d3b48c2256886.png", "aux": "aux_626c2ccc5e2349f8869d3b48c2256886.npz", "visibility": "visibility_626c2ccc5e2349f8869d3b48c2256886.png", "pose": [[0.658466100692749, -0.7526103854179382, 0.0, 1445.87841796875], [0.7526103854179382, 0.658466100692749, 0.0, 1215.369384765625], [0.0, 0.0, 1.0, 0.0], [0.0, 0.0, 0.0, 1.0]], "pose_inverse": [[0.658466100692749, 0.7526103854179382, 0.0, -1866.7615966796875], [-0.7526103854179382, 0.658466100692749, 0.0, 287.903564453125], [0.0, 0.0, 1.0, 0.0], [0.0, 0.0, 0.0, 1.0]], "cam_ids": [0, 1, 2, 3, 4, 5], "cam_channels": ["CAM_FRONT_LEFT", "CAM_FRONT", "CAM_FRONT_RIGHT", "CAM_BACK_LEFT", "CAM_BACK", "CAM_BACK_RIGHT"], "token": "626c2ccc5e2349f8869d3b48c2256886", "scene": "scene-0784"}, {"images": ["samples/CAM_FRONT_LEFT/n008-2018-08-30-15-31-50-0400__CAM_FRONT_LEFT__1535657856504799.jpg", "samples/CAM_FRONT/n008-2018-08-30-15-31-50-0400__CAM_FRONT__1535657856512404.jpg", "samples/CAM_FRONT_RIGHT/n008-2018-08-30-15-31-50-0400__CAM_FRONT_RIGHT__1535657856520482.jpg", "samples/CAM_BACK_LEFT/n008-2018-08-30-15-31-50-0400__CAM_BACK_LEFT__1535657856547405.jpg", "samples/CAM_BACK/n008-2018-08-30-15-31-50-0400__CAM_BACK__1535657856537558.jpg", "samples/CAM_BACK_RIGHT/n008-2018-08-30-15-31-50-0400__CAM_BACK_RIGHT__1535657856528113.jpg"], "intrinsics": [[[1257.8625342125129, 0.0, 827.2410631095686], [0.0, 1257.8625342125129, 450.915498205774], [0.0, 0.0, 1.0]], [[1252.8131021185304, 0.0, 826.588114781398], [0.0, 1252.8131021185304, 469.9846626224581], [0.0, 0.0, 1.0]], [[1256.7485116440405, 0.0, 817.7887570959712], [0.0, 1256.7485116440403, 451.9541780095127], [0.0, 0.0, 1.0]], [[1254.9860565800168, 0.0, 829.5769333630991], [0.0, 1254.9860565800168, 467.1680561863987], [0.0, 0.0, 1.0]], [[796.8910634503094, 0.0, 857.7774326863696], [0.0, 796.8910634503094, 476.8848988407415], [0.0, 0.0, 1.0]], [[1249.9629280788233, 0.0, 825.3768045375984], [0.0, 1249.9629280788233, 462.54816385708756], [0.0, 0.0, 1.0]]], "extrinsics": [[[0.8225497007369995, -0.5686883330345154, -0.002388326684013009, -1.0050048828125], [0.006840922869741917, 0.014093894511461258, -0.9998772740364075, 1.4882936477661133], [0.5686521530151367, 0.8224324584007263, 0.015483279712498188, -1.33343505859375], [0.0, 0.0, 0.0, 1.0]], [[0.010267753154039383, -0.9998985528945923, -0.009877659380435944, 0.00537109375], [0.00880135502666235, 0.009968169033527374, -0.9999116063117981, 1.4801645278930664], [0.9999085068702698, 0.010179937817156315, 0.00890281144529581, -1.7349853515625], [0.0, 0.0, 0.0, 1.0]], [[-0.8439726233482361, -0.536179780960083, -0.014883510768413544, 1.0906982421875], [0.016829026862978935, 0.001264787744730711, -0.9998575448989868, 1.4930744171142578], [0.5361222624778748, -0.8441029191017151, 0.007955937646329403, -1.277587890625], [0.0, 0.0, 0.0, 1.0]], [[0.9478803277015686, 0.31861403584480286, -0.0028399769216775894, -1.14404296875], [-0.008527971804141998, 0.01645880937576294, -0.9998281598091125, 1.5620441436767578], [-0.31851252913475037, 0.947741687297821, 0.018318111076951027, -0.15606689453125], [0.0, 0.0, 0.0, 1.0]], [[0.009209826588630676, 0.999918520450592, 0.00884659867733717, -0.0286865234375], [-0.006417641881853342, 0.008905896916985512, -0.9999397397041321, 1.5680608749389648], [-0.9999370574951172, 0.00915246270596981, 0.006499139592051506, 0.0443115234375], [0.0, 0.0, 0.0, 1.0]], [[-0.923736035823822, 0.3830161988735199, -0.003231719834730029, 1.16064453125], [-0.002227441407740116, -0.01380874402821064, -0.9999021887779236, 1.5478122234344482], [-0.38302329182624817, -0.9236384630203247, 0.01360877975821495, -0.043670654296875], [0.0, 0.0, 0.0, 1.0]]], "view": [[0.0, -2.0, 100.0], [-2.0, 0.0, 100.0], [0.0, 0.0, 1.0]], "bev": "bev_942c0bdb5e1b48628fb9d4bf3435511d.png", "aux": "aux_942c0bdb5e1b48628fb9d4bf3435511d.npz", "visibility": "visibility_942c0bdb5e1b48628fb9d4bf3435511d.png", "pose": [[0.6584904789924622, -0.7525891065597534, 0.0, 1445.879150390625], [0.7525891065597534, 0.6584904789924622, 0.0, 1215.36865234375], [0.0, 0.0, 1.0, 0.0], [0.0, 0.0, 0.0, 1.0]], "pose_inverse": [[0.6584904789924622, 0.7525891065597534, 0.0, -1866.770751953125], [-0.7525891065597534, 0.6584904789924622, 0.0, 287.8442077636719], [0.0, 0.0, 1.0, 0.0], [0.0, 0.0, 0.0, 1.0]], "cam_ids": [0, 1, 2, 3, 4, 5], "cam_channels": ["CAM_FRONT_LEFT", "CAM_FRONT", "CAM_FRONT_RIGHT", "CAM_BACK_LEFT", "CAM_BACK", "CAM_BACK_RIGHT"], "token": "942c0bdb5e1b48628fb9d4bf3435511d", "scene": "scene-0784"}, {"images": ["samples/CAM_FRONT_LEFT/n008-2018-08-30-15-31-50-0400__CAM_FRONT_LEFT__1535657857004799.jpg", "samples/CAM_FRONT/n008-2018-08-30-15-31-50-0400__CAM_FRONT__1535657857012404.jpg", "samples/CAM_FRONT_RIGHT/n008-2018-08-30-15-31-50-0400__CAM_FRONT_RIGHT__1535657857020482.jpg", "samples/CAM_BACK_LEFT/n008-2018-08-30-15-31-50-0400__CAM_BACK_LEFT__1535657857047405.jpg", "samples/CAM_BACK/n008-2018-08-30-15-31-50-0400__CAM_BACK__1535657857037558.jpg", "samples/CAM_BACK_RIGHT/n008-2018-08-30-15-31-50-0400__CAM_BACK_RIGHT__1535657857028113.jpg"], "intrinsics": [[[1257.8625342125129, 0.0, 827.2410631095686], [0.0, 1257.8625342125129, 450.915498205774], [0.0, 0.0, 1.0]], [[1252.8131021185304, 0.0, 826.588114781398], [0.0, 1252.8131021185304, 469.9846626224581], [0.0, 0.0, 1.0]], [[1256.7485116440405, 0.0, 817.7887570959712], [0.0, 1256.7485116440403, 451.9541780095127], [0.0, 0.0, 1.0]], [[1254.9860565800168, 0.0, 829.5769333630991], [0.0, 1254.9860565800168, 467.1680561863987], [0.0, 0.0, 1.0]], [[796.8910634503094, 0.0, 857.7774326863696], [0.0, 796.8910634503094, 476.8848988407415], [0.0, 0.0, 1.0]], [[1249.9629280788233, 0.0, 825.3768045375984], [0.0, 1249.9629280788233, 462.54816385708756], [0.0, 0.0, 1.0]]], "extrinsics": [[[0.8225508332252502, -0.5686865448951721, -0.0023887339048087597, -1.0048828125], [0.006853287573903799, 0.01411255169659853, -0.9998769164085388, 1.4882926940917969], [0.5686503052711487, 0.8224332928657532, 0.015505664050579071, -1.333251953125], [0.0, 0.0, 0.0, 1.0]], [[0.010270598344504833, -0.9998978972434998, -0.00993022695183754, 0.005462646484375], [0.008802495896816254, 0.010020773857831955, -0.9999110698699951, 1.4801645278930664], [0.999908447265625, 0.010182313621044159, 0.008904517628252506, -1.734619140625], [0.0, 0.0, 0.0, 1.0]], [[-0.843970775604248, -0.5361815094947815, -0.014921960420906544, 1.090576171875], [0.016818270087242126, 0.0013534716563299298, -0.9998576641082764, 1.493072509765625], [0.5361254215240479, -0.8441016674041748, 0.007875355891883373, -1.27734375], [0.0, 0.0, 0.0, 1.0]], [[0.9478790760040283, 0.31861764192581177, -0.002829635748639703, -1.14404296875], [-0.00854056142270565, 0.016528503969311714, -0.9998269081115723, 1.5620441436767578], [-0.3185157775878906, 0.9477391839027405, 0.01838819868862629, -0.1561279296875], [0.0, 0.0, 0.0, 1.0]], [[0.009208224713802338, 0.9999176263809204, 0.008949022740125656, -0.0289306640625], [-0.006424404680728912, 0.009008374996483326, -0.9999387264251709, 1.5680627822875977], [-0.9999369382858276, 0.0