[{"images": ["samples/CAM_FRONT_LEFT/n008-2018-08-29-16-04-13-0400__CAM_FRONT_LEFT__1535573529854799.jpg", "samples/CAM_FRONT/n008-2018-08-29-16-04-13-0400__CAM_FRONT__1535573529862404.jpg", "samples/CAM_FRONT_RIGHT/n008-2018-08-29-16-04-13-0400__CAM_FRONT_RIGHT__1535573529870482.jpg", "samples/CAM_BACK_LEFT/n008-2018-08-29-16-04-13-0400__CAM_BACK_LEFT__1535573529897405.jpg", "samples/CAM_BACK/n008-2018-08-29-16-04-13-0400__CAM_BACK__1535573529887558.jpg", "samples/CAM_BACK_RIGHT/n008-2018-08-29-16-04-13-0400__CAM_BACK_RIGHT__1535573529878113.jpg"], "intrinsics": [[[1257.8625342125129, 0.0, 827.2410631095686], [0.0, 1257.8625342125129, 450.915498205774], [0.0, 0.0, 1.0]], [[1252.8131021185304, 0.0, 826.588114781398], [0.0, 1252.8131021185304, 469.9846626224581], [0.0, 0.0, 1.0]], [[1256.7485116440405, 0.0, 817.7887570959712], [0.0, 1256.7485116440403, 451.9541780095127], [0.0, 0.0, 1.0]], [[1254.9860565800168, 0.0, 829.5769333630991], [0.0, 1254.9860565800168, 467.1680561863987], [0.0, 0.0, 1.0]], [[796.8910634503094, 0.0, 857.7774326863696], [0.0, 796.8910634503094, 476.8848988407415], [0.0, 0.0, 1.0]], [[1249.9629280788233, 0.0, 825.3768045375984], [0.0, 1249.9629280788233, 462.54816385708756], [0.0, 0.0, 1.0]]], "extrinsics": [[[0.822618305683136, -0.568224310874939, -0.02050079219043255, -0.945068359375], [-0.006152321118861437, 0.027157990261912346, -0.9996122121810913, 1.4878311157226562], [0.5685607194900513, 0.8224254846572876, 0.018844760954380035, -1.29248046875], [0.0, 0.0, 0.0, 1.0]], [[0.010360052809119225, -0.9996804594993591, -0.02305537462234497, 0.00634765625], [-0.00419429549947381, 0.02301296405494213, -0.9997263550758362, 1.4799003601074219], [0.9999375343322754, 0.010453867726027966, -0.003954540938138962, -1.674346923828125], [0.0, 0.0, 0.0, 1.0]], [[-0.8440196514129639, -0.5362021327018738, -0.010867777280509472, 1.05096435546875], [0.003792109666392207, 0.01429679337888956, -0.9998905658721924, 1.4932479858398438], [0.5362988710403442, -0.8439685106277466, -0.010033439844846725, -1.2520751953125], [0.0, 0.0, 0.0, 1.0]], [[0.9477738738059998, 0.31874552369117737, -0.011230453848838806, -1.1401519775390625], [-0.02173546887934208, 0.02941961959004402, -0.9993307590484619, 1.5619583129882812], [-0.31820178031921387, 0.9473836421966553, 0.03481122851371765, -0.1573486328125], [0.0, 0.0, 0.0, 1.0]], [[0.009303953498601913, 0.9997205138206482, 0.021730704233050346, -0.0286865234375], [-0.019542979076504707, 0.021909283474087715, -0.9995689392089844, 1.5676727294921875], [-0.9997657537460327, 0.008875269442796707, 0.0197413619607687, 0.02447509765625], [0.0, 0.0, 0.0, 1.0]], [[-0.9237309098243713, 0.38279226422309875, 0.01382877491414547, 1.12841796875], [-0.01529585663229227, -0.0007892082212492824, -0.999882698059082, 1.5472779273986816], [-0.3827364444732666, -0.9238340854644775, 0.0065841516479849815, -0.056884765625], [0.0, 0.0, 0.0, 1.0]]], "view": [[0.0, -2.0, 100.0], [-2.0, 0.0, 100.0], [0.0, 0.0, 1.0]], "bev": "bev_6068587d56c6416b8dbf4de4c8e30c5f.png", "aux": "aux_6068587d56c6416b8dbf4de4c8e30c5f.npz", "visibility": "visibility_6068587d56c6416b8dbf4de4c8e30c5f.png", "pose": [[-0.8467268347740173, -0.5320278406143188, 0.0, 434.12939453125], [0.5320278406143188, -0.8467268347740173, 0.0, 1618.22509765625], [0.0, 0.0, 1.0, 0.0], [0.0, 0.0, 0.0, 1.0]], "pose_inverse": [[-0.8467268347740173, 0.5320278406143188, 0.0, -493.3518371582031], [-0.5320278406143188, -0.8467268347740173, 0.0, 1601.16357421875], [0.0, 0.0, 1.0, 0.0], [0.0, 0.0, 0.0, 1.0]], "cam_ids": [0, 1, 2, 3, 4, 5], "cam_channels": ["CAM_FRONT_LEFT", "CAM_FRONT", "CAM_FRONT_RIGHT", "CAM_BACK_LEFT", "CAM_BACK", "CAM_BACK_RIGHT"], "token": "6068587d56c6416b8dbf4de4c8e30c5f", "scene": "scene-0714"}, {"images": ["samples/CAM_FRONT_LEFT/n008-2018-08-29-16-04-13-0400__CAM_FRONT_LEFT__1535573530354799.jpg", "samples/CAM_FRONT/n008-2018-08-29-16-04-13-0400__CAM_FRONT__1535573530362404.jpg", "samples/CAM_FRONT_RIGHT/n008-2018-08-29-16-04-13-0400__CAM_FRONT_RIGHT__1535573530370482.jpg", "samples/CAM_BACK_LEFT/n008-2018-08-29-16-04-13-0400__CAM_BACK_LEFT__1535573530397405.jpg", "samples/CAM_BACK/n008-2018-08-29-16-04-13-0400__CAM_BACK__1535573530387558.jpg", "samples/CAM_BACK_RIGHT/n008-2018-08-29-16-04-13-0400__CAM_BACK_RIGHT__1535573530378113.jpg"], "intrinsics": [[[1257.8625342125129, 0.0, 827.2410631095686], [0.0, 1257.8625342125129, 450.915498205774], [0.0, 0.0, 1.0]], [[1252.8131021185304, 0.0, 826.588114781398], [0.0, 1252.8131021185304, 469.9846626224581], [0.0, 0.0, 1.0]], [[1256.7485116440405, 0.0, 817.7887570959712], [0.0, 1256.7485116440403, 451.9541780095127], [0.0, 0.0, 1.0]], [[1254.9860565800168, 0.0, 829.5769333630991], [0.0, 1254.9860565800168, 467.1680561863987], [0.0, 0.0, 1.0]], [[796.8910634503094, 0.0, 857.7774326863696], [0.0, 796.8910634503094, 476.8848988407415], [0.0, 0.0, 1.0]], [[1249.9629280788233, 0.0, 825.3768045375984], [0.0, 1249.9629280788233, 462.54816385708756], [0.0, 0.0, 1.0]]], "extrinsics": [[[0.8222591280937195, -0.5686878561973572, -0.02199980430305004, -0.95263671875], [-0.00832593534141779, 0.026631765067577362, -0.9996106028556824, 1.4877510070800781], [0.5690523386001587, 0.8221222162246704, 0.01716335490345955, -1.297607421875], [0.0, 0.0, 0.0, 1.0]], [[0.009873485192656517, -0.9996980428695679, -0.022501027211546898, 0.006103515625], [-0.006389236077666283, 0.022438593208789825, -0.9997278451919556, 1.4798202514648438], [0.9999308586120605, 0.010014565661549568, -0.006165759637951851, -1.681732177734375], [0.0, 0.0, 0.0, 1.0]], [[-0.8442094326019287, -0.5359418392181396, -0.00875636376440525, 1.0552978515625], [0.0016996442573145032, 0.013659462332725525, -0.9999052286148071, 1.493143081665039], [0.5360107421875, -0.8441444039344788, -0.0106205390766263, -1.255126953125], [0.0, 0.0, 0.0, 1.0]], [[0.9477468729019165, 0.31874731183052063, -0.01327145379036665, -1.1414375305175781], [-0.02359812892973423, 0.028557756915688515, -0.9993135333061218, 1.5619773864746094], [-0.31814953684806824, 0.947409451007843, 0.03458736091852188, -0.156982421875], [0.0, 0.0, 0.0, 1.0]], [[0.009454453364014626, 0.9997363686561584, 0.02092757821083069, -0.02880859375], [-0.021523818373680115, 0.02112712524831295, -0.9995450377464294, 1.5676918029785156], [-0.9997236728668213, 0.008999677374958992, 0.021717887371778488, 0.02734375], [0.0, 0.0, 0.0, 1.0]], [[-0.9236173033714294, 0.38300463557243347, 0.015445197001099586, 1.1319580078125], [-0.017335794866085052, -0.0014850504230707884, -0.9998486042022705, 1.5472760200500488], [-0.3829236328601837, -0.9237452149391174, 0.008011307567358017, -0.055419921875], [0.0, 0.0, 0.0, 1.0]]], "view": [[0.0, -2.0, 100.0], [-2.0, 0.0, 100.0], [0.0, 0.0, 1.0]], "bev": "bev_58188afe8c004728b112116cc84daaeb.png", "aux": "aux_58188afe8c004728b112116cc84daaeb.npz", "visibility": "visibility_58188afe8c004728b112116cc84daaeb.png", "pose": [[-0.8462929725646973, -0.532717764377594, 0.0, 433.48773193359375], [0.532717764377594, -0.8462929725646973, 0.0, 1618.63330078125], [0.0, 0.0, 1.0, 0.0], [0.0, 0.0, 0.0, 1.0]], "pose_inverse": [[-0.8462929725646973, 0.532717764377594, 0.0, -495.4170837402344], [-0.532717764377594, -0.8462929725646973, 0.0, 1600.7646484375], [0.0, 0.0, 1.0, 0.0], [0.0, 0.0, 0.0, 1.0]], "cam_ids": [0, 1, 2, 3, 4, 5], "cam_channels": ["CAM_FRONT_LEFT", "CAM_FRONT", "CAM_FRONT_RIGHT", "CAM_BACK_LEFT", "CAM_BACK", "CAM_BACK_RIGHT"], "token": "58188afe8c004728b112116cc84daaeb", "scene": "scene-0714"}, {"images": ["samples/CAM_FRONT_LEFT/n008-2018-08-29-16-04-13-0400__CAM_FRONT_LEFT__1535573530854799.jpg", "samples/CAM_FRONT/n008-2018-08-29-16-04-13-0400__CAM_FRONT__1535573530862404.jpg", "samples/CAM_FRONT_RIGHT/n008-2018-08-29-16-04-13-0400__CAM_FRONT_RIGHT__1535573530870482.jpg", "samples/CAM_BACK_LEFT/n008-2018-08-29-16-04-13-0400__CAM_BACK_LEFT__1535573530897405.jpg", "samples/CAM_BACK/n008-2018-08-29-16-04-13-0400__CAM_BACK__1535573530887558.jpg", "samples/CAM_BACK_RIGHT/n008-2018-08-29-16-04-13-0400__CAM_BACK_RIGHT__1535573530878113.jpg"], "intrinsics": [[[1257.8625342125129, 0.0, 827.2410631095686], [0.0, 1257.8625342125129, 450.915498205774], [0.0, 0.0, 1.0]], [[1252.8131021185304, 0.0, 826.588114781398], [0.0, 1252.8131021185304, 469.9846626224581], [0.0, 0.0, 1.0]], [[1256.7485116440405, 0.0, 817.7887570959712], [0.0, 1256.7485116440403, 451.9541780095127], [0.0, 0.0, 1.0]], [[1254.9860565800168, 0.0, 829.5769333630991], [0.0, 1254.9860565800168, 467.1680561863987], [0.0, 0.0, 1.0]], [[796.8910634503094, 0.0, 857.7774326863696], [0.0, 796.8910634503094, 476.8848988407415], [0.0, 0.0, 1.0]], [[1249.9629280788233, 0.0, 825.3768045375984], [0.0, 1249.9629280788233, 462.54816385708756], [0.0, 0.0, 1.0]]], "extrinsics": [[[0.8220815062522888, -0.5689023733139038, -0.023066924884915352, -0.97021484375], [-0.00995520781725645, 0.026144912466406822, -0.99960857629776, 1.4878654479980469], [0.5692827701568604, 0.8219893574714661, 0.01582970656454563, -1.3096923828125], [0.0, 0.0, 0.0, 1.0]], [[0.009608632884919643, -0.999710202217102, -0.022073877975344658, 0.006103515625], [-0.008031116798520088, 0.021997032687067986, -0.9997257590293884, 1.4798774719238281], [0.9999215602874756, 0.009783321060240269, -0.007817428559064865, -1.699615478515625], [0.0, 0.0, 0.0, 1.0]], [[-0.8443344831466675, -0.5357697010040283, -0.007074347231537104, 1.0673828125], [-3.80434503313154e-05, 0.013262873515486717, -0.9999120235443115, 1.4930686950683594], [0.5358163714408875, -0.8442599773406982, -0.01121868658810854, -1.2626953125], [0.0, 0.0, 0.0, 1.0]], [[0.9477159976959229, 0.31875553727149963, -0.015142980962991714, -1.1423263549804688], [-0.02550920844078064, 0.028371373191475868, -0.9992719292640686, 1.5620002746582031], [-0.31809377670288086, 0.9474121928215027, 0.03501920402050018, -0.156494140625], [0.0, 0.0, 0.0, 1.0]], [[0.009562371298670769, 0.9997410774230957, 0.02064693719148636, -0.0286865234375], [-0.023346487432718277, 0.020865462720394135, -0.9995096325874329, 1.5677986145019531], [-0.9996817708015442, 0.009075683541595936, 0.023539967834949493, 0.033111572265625], [0.0, 0.0, 0.0, 1.0]], [[-0.9235302805900574, 0.3831503987312317, 0.016962124034762383, 1.1417236328125], [-0.0191199891269207, -0.0018240651115775108, -0.9998155236244202, 1.5474233627319336], [-0.38304874300956726, -0.9236841201782227, 0.009010410867631435, -0.0513916015625], [0.0, 0.0, 0.0, 1.0]]], "view": [[0.0, -2.0, 100.0], [-2.0, 0.0, 100.0], [0.0, 0.0, 1.0]], "bev": "bev_abff1081848f4564b8fed609a1db5475.png", "aux": "aux_abff1081848f4564b8fed609a1db5475.npz", "visibility": "visibility_abff1081848f4564b8fed609a1db5475.png", "pose": [[-0.8480038046836853, -0.5299901366233826, 0.0, 433.013916015625], [0.5299901366233826, -0.8480038046836853, 0.0, 1618.9346923828125], [0.0, 0.0, 1.0, 0.0], [0.0, 0.0, 0.0, 1.0]], "pose_inverse": [[-0.8480038046836853, 0.5299901366233826, 0.0, -490.8219909667969], [-0.5299901366233826, -0.8480038046836853, 0.0, 1602.3558349609375], [0.0, 0.0, 1.0, 0.0], [0.0, 0.0, 0.0, 1.0]], "cam_ids": [0, 1, 2, 3, 4, 5], "cam_channels": ["CAM_FRONT_LEFT", "CAM_FRONT", "CAM_FRONT_RIGHT", "CAM_BACK_LEFT", "CAM_BACK", "CAM_BACK_RIGHT"], "token": "abff1081848f4564b8fed609a1db5475", "scene": "scene-0714"}, {"images": ["samples/CAM_FRONT_LEFT/n008-2018-08-29-16-04-13-0400__CAM_FRONT_LEFT__1535573531354799.jpg", "samples/CAM_FRONT/n008-2018-08-29-16-04-13-0400__CAM_FRONT__1535573531362404.jpg", "samples/CAM_FRONT_RIGHT/n008-2018-08-29-16-04-13-0400__CAM_FRONT_RIGHT__1535573531370482.jpg", "samples/CAM_BACK_LEFT/n008-2018-08-29-16-04-13-0400__CAM_BACK_LEFT__1535573531397412.jpg", "samples/CAM_BACK/n008-2018-08-29-16-04-13-0400__CAM_BACK__1535573531387558.jpg", "samples/CAM_BACK_RIGHT/n008-2018-08-29-16-04-13-0400__CAM_BACK_RIGHT__1535573531378113.jpg"], "intrinsics": [[[1257.8625342125129, 0.0, 827.2410631095686], [0.0, 1257.8625342125129, 450.915498205774], [0.0, 0.0, 1.0]], [[1252.8131021185304, 0.0, 826.588114781398], [0.0, 1252.8131021185304, 469.9846626224581], [0.0, 0.0, 1.0]], [[1256.7485116440405, 0.0, 817.7887570959712], [0.0, 1256.7485116440403, 451.9541780095127], [0.0, 0.0, 1.0]], [[1254.9860565800168, 0.0, 829.5769333630991], [0.0, 1254.9860565800168, 467.1680561863987], [0.0, 0.0, 1.0]], [[796.8910634503094, 0.0, 857.7774326863696], [0.0, 796.8910634503094, 476.8848988407415], [0.0, 0.0, 1.0]], [[1249.9629280788233, 0.0, 825.3768045375984], [0.0, 1249.9629280788233, 462.54816385708756], [0.0, 0.0, 1.0]]], "extrinsics": [[[0.8222160339355469, -0.5686435699462891, -0.02460525371134281, -0.9818115234375], [-0.011557986959815025, 0.026539962738752365, -0.9995809197425842, 1.4879608154296875], [0.5690582394599915, 0.8221558332443237, 0.015249206684529781, -1.3179931640625], [0.0, 0.0, 0.0, 1.0]], [[0.009862752631306648, -0.9996981024742126, -0.022504262626171112, 0.006103515625], [-0.009641958400607109, 0.022409234195947647, -0.9997023940086365, 1.4799346923828125], [0.9999049305915833, 0.010076699778437614, -0.009418031200766563, -1.71160888671875], [0.0, 0.0, 0.0, 1.0]], [[-0.8441975116729736, -0.5359992384910583, -0.005946597084403038, 1.075775146484375], [-0.0016636367654427886, 0.013713579624891281, -0.9999045729637146, 1.4930400848388672], [0.5360296368598938, -0.8441070914268494, -0.012468677945435047, -1.267822265625], [0.0, 0.0, 0.0, 1.0]], [[0.9476776719093323, 0.3187977969646454, -0.01657921075820923, -1.1433181762695312], [-0.02718426287174225, 0.02884504571557045, -0.9992141723632812, 1.5620231628417969], [-0.31806910037994385, 0.9473837018013, 0.03600208833813667, -0.1563720703125], [0.0, 0.0, 0.0, 1.0]], [[0.009467044845223427, 0.999732255935669, 0.02111375331878662, -0.029052734375], [-0.025014257058501244, 0.021344861015677452, -0.9994591474533081, 1.5678825378417969], [-0.9996422529220581, 0.008933770470321178, 0.025209631770849228, 0.037322998046875], [0.0, 0.0, 0.0, 1.0]], [[-0.9235842823982239, 0.3829409182071686, 0.018664522096514702, 1.148681640625], [-0.020765172317624092, -0.0013524454552680254, -0.999783456325531, 1.5475420951843262], [-0.3828326463699341, -0.923771858215332, 0.00920093059539795, -0.0484619140625], [0.0, 0.0, 0.0, 1.0]]], "view": [[0.0, -2.0, 100.0], [-2.0, 0.0, 100.0], [0.0, 0.0, 1.0]], "bev": "bev_965f931565684bb6965e5e5e8c5c9cd4.png", "aux": "aux_965f931565684bb6965e5e5e8c5c9cd4.npz", "visibility": "visibility_965f931565684bb6965e5e5e8c5c9cd4.png", "pose": [[-0.8496373295783997, -0.5273674130439758, 0.0, 432.66693115234375], [0.5273674130439758, -0.8496373295783997, 0.0, 1619.1549072265625], [0.0, 0.0, 1.0, 0.0], [0.0, 0.0, 0.0, 1.0]], "pose_inverse": [[-0.8496373295783997, 0.5273674130439758, 0.0, -486.2795715332031], [-0.5273674130439758, -0.8496373295783997, 0.0, 1603.868896484375], [0.0, 0.0, 1.0, 0.0], [0.0, 0.0, 0.0, 1.0]], "cam_ids": [0, 1, 2, 3, 4, 5], "cam_channels": ["CAM_FRONT_LEFT", "CAM_FRONT", "CAM_FRONT_RIGHT", "CAM_BACK_LEFT", "CAM_BACK", "CAM_BACK_RIGHT"], "token": "965f931565684bb6965e5e5e8c5c9cd4", "scene": "scene-0714"}, {"images": ["samples/CAM_FRONT_LEFT/n008-2018-08-29-16-04-13-0400__CAM_FRONT_LEFT__1535573531854799.jpg", "samples/CAM_FRONT/n008-2018-08-29-16-04-13-0400__CAM_FRONT__1535573531862404.jpg", "samples/CAM_FRONT_RIGHT/n008-2018-08-29-16-04-13-0400__CAM_FRONT_RIGHT__1535573531870482.jpg", "samples/CAM_BACK_LEFT/n008-2018-08-29-16-04-13-0400__CAM_BACK_LEFT__1535573531897405.jpg", "samples/CAM_BACK/n008-2018-08-29-16-04-13-0400__CAM_BACK__1535573531887581.jpg", "samples/CAM_BACK_RIGHT/n008-2018-08-29-16-04-13-0400__CAM_BACK_RIGHT__1535573531878113.jpg"], "intrinsics": [[[1257.8625342125129, 0.0, 827.2410631095686], [0.0, 1257.8625342125129, 450.915498205774], [0.0, 0.0, 1.0]], [[1252.8131021185304, 0.0, 826.588114781398], [0.0, 1252.8131021185304, 469.9846626224581], [0.0, 0.0, 1.0]], [[1256.7485116440405, 0.0, 817.7887570959712], [0.0, 1256.7485116440403, 451.9541780095127], [0.0, 0.0, 1.0]], [[1254.9860565800168, 0.0, 829.5769333630991], [0.0, 1254.9860565800168, 467.1680561863987], [0.0, 0.0, 1.0]], [[796.8910634503094, 0.0, 857.7774326863696], [0.0, 796.8910634503094, 476.8848988407415], [0.0, 0.0, 1.0]], [[1249.9629280788233, 0.0, 825.3768045375984], [0.0, 1249.9629280788233, 462.54816385708756], [0.0, 0.0, 1.0]]], "extrinsics": [[[0.8223245739936829, -0.5684651732444763, -0.0250930767506361, -0.99462890625], [-0.013041399419307709, 0.02525866962969303, -0.9995958805084229, 1.4881210327148438], [0.5688692331314087, 0.822319507598877, 0.013357244431972504, -1.3267822265625], [0.0, 0.0, 0.0, 1.0]], [[0.010034500621259212, -0.9997237324714661, -0.02124967612326145, 0.0057373046875], [-0.011074195615947247, 0.02113833650946617, -0.9997152090072632, 1.4800529479980469], [0.9998882412910461, 0.010266902856528759, -0.010859022848308086, -1.725128173828125], [0.0, 0.0, 0.0, 1.0]], [[-0.8441252112388611, -0.5361303687095642, -0.00409314688295126, 1.0850830078125], [-0.0030480902642011642, 0.012433135882019997, -0.9999180436134338, 1.4930496215820312], [0.5361372828483582, -0.8440436124801636, -0.012129300273954868, -1.27392578125], [0.0, 0.0, 0.0, 1.0]], [[0.9476445913314819, 0.31881260871887207, -0.018119677901268005, -1.1436424255371094], [-0.02838423103094101, 0.02757946588099003, -0.9992165565490723, 1.5620307922363281], [-0.31806305050849915, 0.9474164247512817, 0.03518478199839592, -0.15625], [0.0, 0.0, 0.0, 1.0]], [[0.00941922701895237, 0.999759316444397, 0.01981409266591072, -0.02880859375], [-0.02627871371805668, 0.020055614411830902, -0.9994534254074097, 1.5679969787597656], [-0.9996103644371033, 0.008893385529518127, 0.026461299508810043, 0.041839599609375], [0.0, 0.0, 0.0, 1.0]], [[-0.9236013889312744, 0.3828628957271576, 0.019400710240006447, 1.1563720703125], [-0.02209746278822422, -0.0026467517018318176, -0.9997522830963135, 1.5477099418640137], [-0.38271671533584595, -0.9238013625144958, 0.010904842056334019, -0.0452880859375], [0.0, 0.0, 0.0, 1.0]]], "view": [[0.0, -2.0, 100.0], [-2.0, 0.0, 100.0], [0.0, 0.0, 1.0]], "bev": "bev_c25d9be29e2a48a099d7afe8c6a3452a.png", "aux": "aux_c25d9be29e2a48a099d7afe8c6a3452a.npz", "visibility": "visibility_c25d9be29e2a48a099d7afe8c6a3452a.png", "pose": [[-0.8505327105522156, -0.5259221196174622, 0.0, 432.4673156738281], [0.5259221196174622, -0.8505327105522156, 0.0, 1619.2860107421875], [0.0, 0.0, 1.0, 0.0], [0.0, 0.0, 0.0, 1.0]], "pose_inverse": [[-0.8505327105522156, 0.5259221196174622, 0.0, -483.790771484375], [-0.5259221196174622, -0.8505327105522156, 0.0, 1604.6998291015625], [0.0, 0.0, 1.0, 0.0], [0.0, 0.0, 0.0, 1.0]], "cam_ids": [0, 1, 2, 3, 4, 5], "cam_channels": ["CAM_FRONT_LEFT", "CAM_FRONT", "CAM_FRONT_RIGHT", "CAM_BACK_LEFT", "CAM_BACK", "CAM_BACK_RIGHT"], "token": "c25d9be29e2a48a099d7afe8c6a3452a", "scene": "scene-0714"}, {"images": ["samples/CAM_FRONT_LEFT/n008-2018-08-29-16-04-13-0400__CAM_FRONT_LEFT__1535573532354799.jpg", "samples/CAM_FRONT/n008-2018-08-29-16-04-13-0400__CAM_FRONT__1535573532362404.jpg", "samples/CAM_FRONT_RIGHT/n008-2018-08-29-16-04-13-0400__CAM_FRONT_RIGHT__1535573532370482.jpg", "samples/CAM_BACK_LEFT/n008-2018-08-29-16-04-13-0400__CAM_BACK_LEFT__1535573532397405.jpg", "samples/CAM_BACK/n008-2018-08-29-16-04-13-0400__CAM_BACK__1535573532387558.jpg", "samples/CAM_BACK_RIGHT/n008-2018-08-29-16-04-13-0400__CAM_BACK_RIGHT__1535573532378113.jpg"], "intrinsics": [[[1257.8625342125129, 0.0, 827.2410631095686], [0.0, 1257.8625342125129, 450.915498205774], [0.0, 0.0, 1.0]], [[1252.8131021185304, 0.0, 826.588114781398], [0.0, 1252.8131021185304, 469.9846626224581], [0.0, 0.0, 1.0]], [[1256.7485116440405, 0.0, 817.7887570959712], [0.0, 1256.7485116440403, 451.9541780095127], [0.0, 0.0, 1.0]], [[1254.9860565800168, 0.0, 829.5769333630991], [0.0, 1254.9860565800168, 467.1680561863987], [0.0, 0.0, 1.0]], [[796.8910634503094, 0.0, 857.7774326863696], [0.0, 796.8910634503094, 476.8848988407415], [0.0, 0.0, 1.0]], [[1249.9629280788233, 0.0, 825.3768045375984], [0.0, 1249.9629280788233, 462.54816385708756], [0.0, 0.0, 1.0]]], "extrinsics": [[[0.8222786784172058, -0.5685380101203918, -0.024948297068476677, -1.0006103515625], [-0.012841584160923958, 0.02529100514948368, -0.9995976090431213, 1.4882240295410156], [0.5689402222633362, 0.8222681283950806, 0.013495324179530144, -1.33056640625], [0.0, 0.0, 0.0, 1.0]], [[0.009968995116651058, -0.9997235536575317, -0.021297408267855644, 0.005615234375], [-0.010898977518081665, 0.02118857204914093, -0.9997161030769348, 1.4801139831542969], [0.999890923500061, 0.010198315605521202, -0.010684731416404247, -1.730743408203125], [0.0, 0.0, 0.0, 1.0]], [[-0.8441498279571533, -0.5360900163650513, -0.004324774257838726, 1.08819580078125], [-0.0028133378364145756, 0.01249659527093172, -0.9999179244041443, 1.4930610656738281], [0.5361000299453735, -0.8440684080123901, -0.012057201005518436, -1.27587890625], [0.0, 0.0, 0.0, 1.0]], [[0.9476553797721863, 0.31880438327789307, -0.017693402245640755, -1.1437454223632812], [-0.02797296643257141, 0.027694230899214745, -0.9992249608039856, 1.562042236328125], [-0.318067342042923, 0.9474158883094788, 0.03516249358654022, -0.1563720703125], [0.0, 0.0, 0.0, 1.0]], [[0.009434372186660767, 0.9997571110725403, 0.019922180101275444, -0.0289306640625], [-0.025950107723474503, 0.020161140710115433, -0.9994598627090454, 1.5680313110351562], [-0.9996188282966614, 0.008912304416298866, 0.026134010404348373, 0.043121337890625], [0.0, 0.0, 0.0, 1.0]], [[-0.9235936403274536, 0.38289308547973633, 0.01917385309934616, 1.15869140625], [-0.0218175258487463, -0.0025628635194152594, -0.9997586607933044, 1.5477638244628906], [-0.3827514350414276, -0.9237891435623169, 0.010720823891460896, -0.0445556640625], [0.0, 0.0, 0.0, 1.0]]], "view": [[0.0, -2.0, 100.0], [-2.0, 0.0, 100.0], [0.0, 0.0, 1.0]], "bev": "bev_274c4a0c1feb4b87be8f5629ac83aa07.png", "aux": "aux_274c4a0c1feb4b87be8f5629ac83aa07.npz", "visibility": "visibility_274c4a0c1feb4b87be8f5629ac83aa07.png", "pose": [[-0.8510338068008423, -0.5251109600067139, 0.0, 432.39111328125], [0.5251109600067139, -0.8510338068008423, 0.0, 1619.3370361328125], [0.0, 0.0, 1.0, 0.0], [0.0, 0.0, 0.0, 1.0]], "pose_inverse": [[-0.8510338068008423, 0.5251109600067139, 0.0, -482.3521423339844], [-0.5251109600067139, -0.8510338068008423, 0.0, 1605.163818359375], [0.0, 0.0, 1.0, 0.0], [0.0, 0.0, 0.0, 1.0]], "cam_ids": [0, 1, 2, 3, 4, 5], "cam_channels": ["CAM_FRONT_LEFT", "CAM_FRONT", "CAM_FRONT_RIGHT", "CAM_BACK_LEFT", "CAM_BACK", "CAM_BACK_RIGHT"], "token": "274c4a0c1feb4b87be8f5629ac83aa07", "scene": "scene-0714"}, {"images": ["samples/CAM_FRONT_LEFT/n008-2018-08-29-16-04-13-0400__CAM_FRONT_LEFT__1535573532854799.jpg", "samples/CAM_FRONT/n008-2018-08-29-16-04-13-0400__CAM_FRONT__1535573532862404.jpg", "samples/CAM_FRONT_RIGHT/n008-2018-08-29-16-04-13-0400__CAM_FRONT_RIGHT__1535573532870482.jpg", "samples/CAM_BACK_LEFT/n008-2018-08-29-16-04-13-0400__CAM_BACK_LEFT__1535573532897405.jpg", "samples/CAM_BACK/n008-2018-08-29-16-04-13-0400__CAM_BACK__1535573532887558.jpg", "samples/CAM_BACK_RIGHT/n008-2018-08-29-16-04-13-0400__CAM_BACK_RIGHT__1535573532878113.jpg"], "intrinsics": [[[1257.8625342125129, 0.0, 827.2410631095686], [0.0, 1257.8625342125129, 450.915498205774], [0.0, 0.0, 1.0]], [[1252.8131021185304, 0.0, 826.588114781398], [0.0, 1252.8131021185304, 469.9846626224581], [0.0, 0.0, 1.0]], [[1256.7485116440405, 0.0, 817.7887570959712], [0.0, 1256.7485116440403, 451.9541780095127], [0.0, 0.0, 1.0]], [[1254.9860565800168, 0.0, 829.5769333630991], [0.0, 1254.9860565800168, 467.1680561863987], [0.0, 0.0, 1.0]], [[796.8910634503094, 0.0, 857.7774326863696], [0.0, 796.8910634503094, 476.8848988407415], [0.0, 0.0, 1.0]], [[1249.9629280788233, 0.0, 825.3768045375984], [0.0, 1249.9629280788233, 462.54816385708756], [0.0, 0.0, 1.0]]], "extrinsics": [[[0.822314977645874, -0.5685629844665527, -0.023114671930670738, -1.00537109375], [-0.010540297254920006, 0.025394709780812263, -0.9996218681335449, 1.4882965087890625], [0.5689349174499512, 0.8222477436065674, 0.014889625832438469, -1.333984375], [0.0, 0.0, 0.0, 1.0]], [[0.00998690165579319, -0.9997221231460571, -0.021349459886550903, 0.0054931640625], [-0.008552908897399902, 0.021264342591166496, -0.9997373223304749, 1.4801673889160156], [0.9999135136604309, 0.010166785679757595, -0.008338168263435364, -1.7352294921875], [0.0, 0.0, 0.0, 1.0]], [[-0.8441543579101562, -0.5360631346702576, -0.0063110338523983955, 1.091156005859375], [-0.0005039114621467888, 0.01256552617996931, -0.9999209046363831, 1.4930706024169922], [0.5361001491546631, -0.8440844416618347, -0.01087737176567316, -1.277587890625], [0.0, 0.0, 0.0, 1.0]], [[0.9477034211158752, 0.3187711834907532, -0.015592596493661404, -1.1439590454101562], [-0.025760579854249954, 0.027706250548362732, -0.9992841482162476, 1.5620384216308594], [-0.31811103224754333, 0.9474266171455383, 0.034469038248062134, -0.1561279296875], [0.0, 0.0, 0.0, 1.0]], [[0.009421334601938725, 0.9997560977935791, 0.01997276395559311, -0.0289306640625], [-0.0236862413585186, 0.020191168412566185, -0.9995154738426208, 1.5680618286132812], [-0.9996751546859741, 0.008943689987063408, 0.023870693519711494, 0.044464111328125], [0.0, 0.0, 0.0, 1.0]], [[-0.9236230254173279, 0.3829212188720703, 0.01708408258855343, 1.1607666015625], [-0.01953286863863468, -0.0025076675228774548, -0.9998061060905457, 1.5478196144104004], [-0.3828040659427643, -0.9237776398658752, 0.009795689024031162, -0.0433349609375], [0.0, 0.0, 0.0, 1.0]]], "view": [[0.0, -2.0, 100.0], [-2.0, 0.0, 100.0], [0.0, 0.0, 1.0]], "bev": "bev_cd5285f06cc9481483ed8d044d7cc461.png", "aux": "aux_cd5285f06cc9481483ed8d044d7cc461.npz", "visibility": "visibility_cd5285f06cc9481483ed8d044d7cc461.png", "pose": [[-0.851229727268219, -0.524793267250061, 0.0, 432.3938903808594], [0.524793267250061, -0.851229727268219, 0.0, 1619.3387451171875], [0.0, 0.0, 1.0, 0.0], [0.0, 0.0, 0.0, 1.0]], "pose_inverse": [[-0.851229727268219, 0.524793267250061, 0.0, -481.7514953613281], [-0.524793267250061, -0.851229727268219, 0.0, 1605.3466796875], [0.0, 0.0, 1.0, 0.0], [0.0, 0.0, 0.0, 1.0]], "cam_ids": [0, 1, 2, 3, 4, 5], "cam_channels": ["CAM_FRONT_LEFT", "CAM_FRONT", "CAM_FRONT_RIGHT", "CAM_BACK_LEFT", "CAM_BACK", "CAM_BACK_RIGHT"], "token": "cd5285f06cc9481483ed8d044d7cc461", "scene": "scene-0714"}, {"images": ["samples/CAM_FRONT_LEFT/n008-2018-08-29-16-04-13-0400__CAM_FRONT_LEFT__1535573533404799.jpg", "samples/CAM_FRONT/n008-2018-08-29-16-04-13-0400__CAM_FRONT__1535573533412404.jpg", "samples/CAM_FRONT_RIGHT/n008-2018-08-29-16-04-13-0400__CAM_FRONT_RIGHT__1535573533420482.jpg", "samples/CAM_BACK_LEFT/n008-2018-08-29-16-04-13-0400__CAM_BACK_LEFT__1535573533447405.jpg", "samples/CAM_BACK/n008-2018-08-29-16-04-13-0400__CAM_BACK__1535573533437558.jpg", "samples/CAM_BACK_RIGHT/n008-2018-08-29-16-04-13-0400__CAM_BACK_RIGHT__1535573533428113.jpg"], "intrinsics": [[[1257.8625342125129, 0.0, 827.2410631095686], [0.0, 1257.8625342125129, 450.915498205774], [0.0, 0.0, 1.0]], [[1252.8131021185304, 0.0, 826.588114781398], [0.0, 1252.8131021185304, 469.9846626224581], [0.0, 0.0, 1.0]], [[1256.7485116440405, 0.0, 817.7887570959712], [0.0, 1256.7485116440403, 451.9541780095127], [0.0, 0.0, 1.0]], [[1254.9860565800168, 0.0, 829.5769333630991], [0.0, 1254.9860565800168, 467.1680561863987], [0.0, 0.0, 1.0]], [[796.8910634503094, 0.0, 857.7774326863696], [0.0, 796.8910634503094, 476.8848988407415], [0.0, 0.0, 1.0]], [[1249.9629280788233, 0.0, 825.3768045375984], [0.0, 1249.9629280788233, 462.54816385708756], [0.0, 0.0, 1.0]]], "extrinsics": [[[0.8223482966423035, -0.5685206651687622, -0.022968731820583344, -1.0048828125], [-0.010512019507586956, 0.025180505588650703, -0.9996276497840881, 1.4882850646972656], [0.5688874125480652, 0.8222835063934326, 0.01473084557801485, -1.33349609375], [0.0, 0.0, 0.0, 1.0]], [[0.010034393519163132, -0.9997259378433228, -0.02114993706345558, 0.0054931640625], [-0.008560197427868843, 0.02106434479355812, -0.9997414946556091, 1.4801597595214844], [0.9999130368232727, 0.01021284144371748, -0.008346484042704105, -1.7347412109375], [0.0, 0.0, 0.0, 1.0]], [[-0.8441330790519714, -0.5360981822013855, -0.006175954360514879, 1.090667724609375], [-0.0005412920145317912, 0.01237162109464407, -0.9999232888221741, 1.4930706024169922], [0.5361334681510925, -0.8440649509429932, -0.010733479633927345, -1.277587890625], [0.0, 0.0, 0.0, 1.0]], [[0.947697639465332, 0.31877774000167847, -0.01580914668738842, -1.1439094543457031], [-0.02593420445919037, 0.027542561292648315, -0.9992841482162476, 1.5620460510253906], [-0.31811413168907166, 0.9474291801452637, 0.034369271248579025, -0.156005859375], [0.0, 0.0, 0.0, 1.0]], [[0.009405175223946571, 0.9997597932815552, 0.019795849919319153, -0.029052734375], [-0.02380637265741825, 0.020014984533190727, -0.9995161294937134, 1.56805419921875], [-0.9996724128723145, 0.008929365314543247, 0.02398889884352684, 0.044281005859375], [0.0, 0.0, 0.0, 1.0]], [[-0.9236336350440979, 0.38289567828178406, 0.017078444361686707, 1.16064453125], [-0.01960279606282711, -0.0026918610092252493, -0.9998041987419128, 1.5478100776672363], [-0.3827747106552124, -0.9237876534461975, 0.009992118924856186, -0.0435791015625], [0.0, 0.0, 0.0, 1.0]]], "view": [[0.0, -2.0, 100.0], [-2.0, 0.0, 100.0], [0.0, 0.0, 1.0]], "bev": "bev_401c380497824b0e8efafb8a6244a1e9.png", "aux": "aux_401c380497824b0e8efafb8a6244a1e9.npz", "visibility": "visibility_401c380497824b0e8efafb8a6244a1e9.png", "pose": [[-0.8513545393943787, -0.5245907306671143, 0.0, 432.3982238769531], [0.5245907306671143, -0.8513545393943787, 0.0, 1619.339111328125], [0.0, 0.0, 1.0, 0.0], [0.0, 0.0, 0.0, 1.0]], "pose_inverse": [[-0.8513545393943787, 0.5245907306671143, 0.0, -481.3660888671875], [-0.5245907306671143, -0.8513545393943787, 0.0, 1605.4638671875], [0.0, 0.0, 1.0, 0.0], [0.0, 0.0, 0.0, 1.0]], "cam_ids": [0, 1, 2, 3, 4, 5], "cam_channels": ["CAM_FRONT_LEFT", "CAM_FRONT", "CAM_FRONT_RIGHT", "CAM_BACK_LEFT", "CAM_BACK", "CAM_BACK_RIGHT"], "token": "401c380497824b0e8efafb8a6244a1e9", "scene": "scene-0714"}, {"images": ["samples/CAM_FRONT_LEFT/n008-2018-08-29-16-04-13-0400__CAM_FRONT_LEFT__1535573533904799.jpg", "samples/CAM_FRONT/n008-2018-08-29-16-04-13-0400__CAM_FRONT__1535573533912404.jpg", "samples/CAM_FRONT_RIGHT/n008-2018-08-29-16-04-13-0400__CAM_FRONT_RIGHT__1535573533920482.jpg", "samples/CAM_BACK_LEFT/n008-2018-08-29-16-04-13-0400__CAM_BACK_LEFT__1535573533947405.jpg", "samples/CAM_BACK/n008-2018-08-29-16-04-13-0400__CAM_BACK__1535573533937558.jpg", "samples/CAM_BACK_RIGHT/n008-2018-08-29-16-04-13-0400__CAM_BACK_RIGHT__1535573533928113.jpg"], "intrinsics": [[[1257.8625342125129, 0.0, 827.2410631095686], [0.0, 1257.8625342125129, 450.915498205774], [0.0, 0.0, 1.0]], [[1252.8131021185304, 0.0, 826.588114781398], [0.0, 1252.8131021185304, 469.9846626224581], [0.0, 0.0, 1.0]], [[1256.7485116440405, 0.0, 817.7887570959712], [0.0, 1256.7485116440403, 451.9541780095127], [0.0, 0.0, 1.0]], [[1254.9860565800168, 0.0, 829.5769333630991], [0.0, 1254.9860565800168, 467.1680561863987], [0.0, 0.0, 1.0]], [[796.8910634503094, 0.0, 857.7774326863696], [0.0, 796.8910634503094, 476.8848988407415], [0.0, 0.0, 1.0]], [[1249.9629280788233, 0.0, 825.3768045375984], [0.0, 1249.9629280788233, 462.54816385708756], [0.0, 0.0, 1.0]]], "extrinsics": [[[0.8223611116409302, -0.5685003399848938, -0.02301209792494774, -1.0050048828125], [-0.0105781564489007, 0.0251617431640625, -0.999627411365509, 1.4882850646972656], [0.5688675045967102, 0.8222981691360474, 0.014678352512419224, -1.3333740234375], [0.0, 0.0, 0.0, 1.0]], [[0.010055922903120518, -0.9997262954711914, -0.021122558042407036, 0.0054931640625], [-0.008627615869045258, 0.021036095917224884, -0.9997414946556091, 1.4801597595214844], [0.9999122023582458, 0.010235625319182873, -0.008413718082010746, -1.7347412109375], [0.0, 0.0, 0.0, 1.0]], [[-0.8441236615180969, -0.5361138582229614, -0.006097493693232536, 1.0906982421875], [-0.0006099346792325377, 0.012332994490861893, -0.9999237060546875, 1.4930686950683594], [0.536148190498352, -0.8440555930137634, -0.010737566277384758, -1.2774658203125], [0.0, 0.0, 0.0, 1.0]], [[0.9476950764656067, 0.3187828063964844, -0.01586567983031273, -1.1439132690429688], [-0.025975307449698448, 0.027486858889460564, -0.9992846250534058, 1.5620384216308594], [-0.318118691444397, 0.9474291205406189, 0.03432963788509369, -0.1561279296875], [0.0, 0.0, 0.0, 1.0]], [[0.009396962821483612, 0.9997608661651611, 0.019745880737900734, -0.02880859375], [-0.023858608677983284, 0.019965296611189842, -0.999515950679779, 1.5680580139160156], [-0.9996711611747742, 0.008921298198401928, 0.024040518328547478, 0.0443115234375], [0.0, 0.0, 0.0, 1.0]], [[-0.923637866973877, 0.38288384675979614, 0.017119141295552254, 1.1605224609375], [-0.019667627289891243, -0.002742336131632328, -0.999802827835083, 1.5478100776672363], [-0.3827613592147827, -0.9237924218177795, 0.010063341818749905, -0.043701171875], [0.0, 0.0, 0.0, 1.0]]], "view": [[0.0, -2.0, 100.0], [-2.0, 0.0, 100.0], [0.0, 0.0, 1.0]], "bev": "bev_597c2c4c056c4c32821769ddc3f197a2.png", "aux": "aux_597c2c4c056c4c32821769ddc3f197a2.npz", "visibility": "visibility_597c2c4c056c4c32821769ddc3f197a2.png", "pose": [[-0.8514381051063538, -0.5244551301002502, 0.0, 432.3993225097656], [0.5244551301002502, -0.8514381051063538, 0.0, 1619.3406982421875], [0.0, 0.0, 1.0, 0.0], [0.0, 0.0, 0.0, 1.0]], "pose_inverse": [[-0.8514381051063538, 0.5244551301002502, 0.0, -481.1102600097656], [-0.5244551301002502, -0.8514381051063538, 0.0, 1605.5423583984375], [0.0, 0.0, 1.0, 0.0], [0.0, 0.0, 0.0, 1.0]], "cam_ids": [0, 1, 2, 3, 4, 5], "cam_channels": ["CAM_FRONT_LEFT", "CAM_FRONT", "CAM_FRONT_RIGHT", "CAM_BACK_LEFT", "CAM_BACK", "CAM_BACK_RIGHT"], "token": "597c2c4c056c4c32821769ddc3f197a2", "scene": "scene-0714"}, {"images": ["samples/CAM_FRONT_LEFT/n008-2018-08-29-16-04-13-0400__CAM_FRONT_LEFT__1535573534404799.jpg", "samples/CAM_FRONT/n008-2018-08-29-16-04-13-0400__CAM_FRONT__1535573534412404.jpg", "samples/CAM_FRONT_RIGHT/n008-2018-08-29-16-04-13-0400__CAM_FRONT_RIGHT__1535573534420482.jpg", "samples/CAM_BACK_LEFT/n008-2018-08-29-16-04-13-0400__CAM_BACK_LEFT__1535573534447405.jpg", "samples/CAM_BACK/n008-2018-08-29-16-04-13-0400__CAM_BACK__1535573534437558.jpg", "samples/CAM_BACK_RIGHT/n008-2018-08-29-16-04-13-0400__CAM_BACK_RIGHT__1535573534428113.jpg"], "intrinsics": [[[1257.8625342125129, 0.0, 827.2410631095686], [0.0, 1257.8625342125129, 450.915498205774], [0.0, 0.0, 1.0]], [[1252.8131021185304, 0.0, 826.588114781398], [0.0, 1252.8131021185304, 469.9846626224581], [0.0, 0.0, 1.0]], [[1256.7485116440405, 0.0, 817.7887570959712], [0.0, 1256.7485116440403, 451.9541780095127], [0.0, 0.0, 1.0]], [[1254.9860565800168, 0.0, 829.5769333630991], [0.0, 1254.9860565800168, 467.1680561863987], [0.0, 0.0, 1.0]], [[796.8910634503094, 0.0, 857.7774326863696], [0.0, 796.8910634503094, 476.8848988407415], [0.0, 0.0, 1.0]], [[1249.9629280788233, 0.0, 825.3768045375984], [0.0, 1249.9629280788233, 462.54816385708756], [0.0, 0.0, 1.0]]], "extrinsics": [[[0.8223615288734436, -0.5685012936592102, -0.022974113002419472, -1.0050048828125], [-0.010588467121124268, 0.025080062448978424, -0.9996293783187866, 1.4882926940917969], [0.5688667893409729, 0.8222999572753906, 0.014605321921408176, -1.3333740234375], [0.0, 0.0, 0.0, 1.0]], [[0.010059390217065811, -0.9997280836105347, -0.021037552505731583, 0.0054931640625], [-0.008632507175207138, 0.020951012149453163, -0.9997432231903076, 1.4801597595214844], [0.9999120831489563, 0.010238418355584145, -0.008419404737651348, -1.73480224609375], [0.0, 0.0, 0.0, 1.0]], [[-0.8441219329833984, -0.5361170172691345, -0.0060507929883897305, 1.09063720703125], [-0.0006089828675612807, 0.012244329787790775, -0.9999247789382935, 1.4930706024169922], [0.5361508131027222, -0.8440549373626709, -0.010662195272743702, -1.2774658203125], [0.0, 0.0, 0.0, 1.0]], [[0.9476947784423828, 0.3187811076641083, -0.01591433770954609, -1.1439628601074219], [-0.025991270318627357, 0.02738179825246334, -0.9992871284484863, 1.5620384216308594], [-0.31811806559562683, 0.947432816028595, 0.034235112369060516, -0.15625], [0.0, 0.0, 0.0, 1.0]], [[0.00939552765339613, 0.9997628927230835, 0.01964382268488407, -0.0286865234375], [-0.023861469700932503, 0.019863253459334373, -0.9995179176330566, 1.5680618286132812], [-0.9996711015701294, 0.008922278881072998, 0.024042436853051186, 0.0443115234375], [0.0, 0.0, 0.0, 1.0]], [[-0.9236388802528381, 0.38288307189941406, 0.017081841826438904, 1.160400390625], [-0.019664769992232323, -0.002832918195053935, -0.9998025894165039, 1.5478134155273438], [-0.38275906443595886, -0.9237924218177795, 0.010145898908376694, -0.0435791015625], [0.0, 0.0, 0.0, 1.0]]], "view": [[0.0, -2.0, 100.0], [-2.0, 0.0, 100.0], [0.0, 0.0, 1.0]], "bev": "bev_f4379cb91c9a46ec8c081170d46934e6.png", "aux": "aux_f4379cb91c9a46ec8c081170d46934e6.npz", "visibility": "visibility_f4379cb91c9a46ec8c081170d46934e6.png", "pose": [[-0.8515389561653137, -0.5242913365364075, 0.0, 432.40020751953125], [0.5242913365364075, -0.8515389561653137, 0.0, 1619.342041015625], [0.0, 0.0, 1.0, 0.0], [0.0, 0.0, 0.0, 1.0]], "pose_inverse": [[-0.8515389561653137, 0.5242913365364075, 0.0, -480.8014221191406], [-0.5242913365364075, -0.8515389561653137, 0.0, 1605.636474609375], [0.0, 0.0, 1.0, 0.0], [0.0, 0.0, 0.0, 1.0]], "cam_ids": [0, 1, 2, 3, 4, 5], "cam_channels": ["CAM_FRONT_LEFT", "CAM_FRONT", "CAM_FRONT_RIGHT", "CAM_BACK_LEFT", "CAM_BACK", "CAM_BACK_RIGHT"], "token": "f4379cb91c9a46ec8c081170d46934e6", "scene": "scene-0714"}, {"images": ["samples/CAM_FRONT_LEFT/n008-2018-08-29-16-04-13-0400__CAM_FRONT_LEFT__1535573534904799.jpg", "samples/CAM_FRONT/n008-2018-08-29-16-04-13-0400__CAM_FRONT__1535573534912404.jpg", "samples/CAM_FRONT_RIGHT/n008-2018-08-29-16-04-13-0400__CAM_FRONT_RIGHT__1535573534920482.jpg", "samples/CAM_BACK_LEFT/n008-2018-08-29-16-04-13-0400__CAM_BACK_LEFT__1535573534947405.jpg", "samples/CAM_BACK/n008-2018-08-29-16-04-13-0400__CAM_BACK__1535573534937558.jpg", "samples/CAM_BACK_RIGHT/n008-2018-08-29-16-04-13-0400__CAM_BACK_RIGHT__1535573534928113.jpg"], "intrinsics": [[[1257.8625342125129, 0.0, 827.2410631095686], [0.0, 1257.8625342125129, 450.915498205774], [0.0, 0.0, 1.0]], [[1252.8131021185304, 0.0, 826.588114781398], [0.0, 1252.8131021185304, 469.9846626224581], [0.0, 0.0, 1.0]], [[1256.7485116440405, 0.0, 817.7887570959712], [0.0, 1256.7485116440403, 451.9541780095127], [0.0, 0.0, 1.0]], [[1254.9860565800168, 0.0, 829.5769333630991], [0.0, 1254.9860565800168, 467.1680561863987], [0.0, 0.0, 1.0]], [[796.8910634503094, 0.0, 857.7774326863696], [0.0, 796.8910634503094, 476.8848988407415], [0.0, 0.0, 1.0]], [[1249.9629280788233, 0.0, 825.3768045375984], [0.0, 1249.9629280788233, 462.54816385708756], [0.0, 0.0, 1.0]]], "extrinsics": [[[0.8223647475242615, -0.5684946775436401, -0.023023562505841255, -1.0050048828125], [-0.010644098743796349, 0.025086743757128716, -0.9996286034584045, 1.4882965087890625], [0.5688611268997192, 0.8223044276237488, 0.01457933895289898, -1.3333740234375], [0.0, 0.0, 0.0, 1.0]], [[0.010063264518976212, -0.9997276663780212, -0.021055366843938828, 0.00537109375], [-0.008694074116647243, 0.020968159660696983, -0.9997423887252808, 1.48016357421875], [0.9999115467071533, 0.010243763215839863, -0.008480699732899666, -1.73486328125], [0.0, 0.0, 0.0, 1.0]], [[-0.8441202044487, -0.5361201763153076, -0.0060086678713560104, 1.090667724609375], [-0.0006768929888494313, 0.012272609397768974, -0.9999244213104248, 1.493072509765625], [0.5361534953117371, -0.8440524935722351, -0.010722455568611622, -1.277587890625], [0.0, 0.0, 0.0, 1.0]], [[0.9476974606513977, 0.31877201795578003, -0.01593855954706669, -1.1439552307128906], [-0.02603939361870289, 0.027450090274214745, -0.9992839694023132, 1.5620346069335938], [-0.3181062340736389, 0.9474338889122009, 0.03431500867009163, -0.15625], [0.0, 0.0, 0.0, 1.0]], [[0.009398657828569412, 0.9997617602348328, 0.019699109718203545, -0.0286865234375], [-0.023920094594359398, 0.019919125363230705, -0.9