[{"images": ["samples/CAM_FRONT_LEFT/n015-2018-08-01-16-32-59+0800__CAM_FRONT_LEFT__1533112531154844.jpg", "samples/CAM_FRONT/n015-2018-08-01-16-32-59+0800__CAM_FRONT__1533112531162460.jpg", "samples/CAM_FRONT_RIGHT/n015-2018-08-01-16-32-59+0800__CAM_FRONT_RIGHT__1533112531170339.jpg", "samples/CAM_BACK_LEFT/n015-2018-08-01-16-32-59+0800__CAM_BACK_LEFT__1533112531197423.jpg", "samples/CAM_BACK/n015-2018-08-01-16-32-59+0800__CAM_BACK__1533112531187525.jpg", "samples/CAM_BACK_RIGHT/n015-2018-08-01-16-32-59+0800__CAM_BACK_RIGHT__1533112531177893.jpg"], "intrinsics": [[[1272.5979470598488, 0.0, 826.6154927353808], [0.0, 1272.5979470598488, 479.75165386361925], [0.0, 0.0, 1.0]], [[1266.417203046554, 0.0, 816.2670197447984], [0.0, 1266.417203046554, 491.50706579294757], [0.0, 0.0, 1.0]], [[1260.8474446004698, 0.0, 807.968244525554], [0.0, 1260.8474446004698, 495.3344268742088], [0.0, 0.0, 1.0]], [[1256.7414812095406, 0.0, 792.1125740759628], [0.0, 1256.7414812095406, 492.7757465151356], [0.0, 0.0, 1.0]], [[809.2209905677063, 0.0, 829.2196003259838], [0.0, 809.2209905677063, 481.77842384512485], [0.0, 0.0, 1.0]], [[1259.5137405846733, 0.0, 807.2529053838625], [0.0, 1259.5137405846733, 501.19579884916527], [0.0, 0.0, 1.0]]], "extrinsics": [[[0.8238347768783569, -0.5668135285377502, 0.004314173012971878, -0.6385345458984375], [0.014632423408329487, 0.013657738454639912, -0.9997996687889099, 1.5140743255615234], [0.5666410326957703, 0.823732852935791, 0.019545575603842735, -1.05419921875], [0.0, 0.0, 0.0, 1.0]], [[0.010141603648662567, -0.9999041557312012, -0.0094144931063056, 0.00750732421875], [0.009301388636231422, 0.00950890313833952, -0.9999115467071533, 1.5235910415649414], [0.9999052882194519, 0.010053149424493313, 0.00939693208783865, -1.36474609375], [0.0, 0.0, 0.0, 1.0]], [[-0.8308233618736267, -0.5558732748031616, -0.02715497836470604, 0.8192138671875], [0.014815242029726505, 0.026684995740652084, -0.9995340704917908, 1.5074539184570312], [0.5563390254974365, -0.8308386206626892, -0.013935117982327938, -1.106964111328125], [0.0, 0.0, 0.0, 1.0]], [[0.9475815296173096, 0.31881192326545715, 0.02116723731160164, -1.136474609375], [0.0236114002764225, -0.0038033323362469673, -0.9997139573097229, 1.5886974334716797], [-0.31864020228385925, 0.9478102922439575, -0.01113156322389841, -0.10552978515625], [0.0, 0.0, 0.0, 1.0]], [[0.0012446315959095955, 0.9999798536300659, 0.006220919080078602, 0.00323486328125], [-0.00184724573045969, 0.0062232124619185925, -0.9999789595603943, 1.579178810119629], [-0.9999974966049194, 0.0012331133475527167, 0.0018549544038251042, -0.0960693359375], [0.0, 0.0, 0.0, 1.0]], [[-0.9353472590446472, 0.35309985280036926, -0.021115897223353386, 0.96112060546875], [0.030733630061149597, 0.021652936935424805, -0.9992930889129639, 1.5572242736816406], [-0.3523930311203003, -0.9353349804878235, -0.031105060130357742, -0.130126953125], [0.0, 0.0, 0.0, 1.0]]], "view": [[0.0, -2.0, 100.0], [-2.0, 0.0, 100.0], [0.0, 0.0, 1.0]], "bev": "bev_952fe3dccc434805a99d4177199e5992.png", "aux": "aux_952fe3dccc434805a99d4177199e5992.npz", "visibility": "visibility_952fe3dccc434805a99d4177199e5992.png", "pose": [[0.9983271956443787, 0.05781654268503189, 0.0, 809.6994018554688], [-0.05781654268503189, 0.9983271956443787, 0.0, 936.6122436523438], [0.0, 0.0, 1.0, 0.0], [0.0, 0.0, 0.0, 1.0]], "pose_inverse": [[0.9983271956443787, -0.05781654268503189, 0.0, -754.1932983398438], [0.05781654268503189, 0.9983271956443787, 0.0, -981.8594970703125], [0.0, 0.0, 1.0, 0.0], [0.0, 0.0, 0.0, 1.0]], "cam_ids": [0, 1, 2, 3, 4, 5], "cam_channels": ["CAM_FRONT_LEFT", "CAM_FRONT", "CAM_FRONT_RIGHT", "CAM_BACK_LEFT", "CAM_BACK", "CAM_BACK_RIGHT"], "token": "952fe3dccc434805a99d4177199e5992", "scene": "scene-0121"}, {"images": ["samples/CAM_FRONT_LEFT/n015-2018-08-01-16-32-59+0800__CAM_FRONT_LEFT__1533112531654844.jpg", "samples/CAM_FRONT/n015-2018-08-01-16-32-59+0800__CAM_FRONT__1533112531662460.jpg", "samples/CAM_FRONT_RIGHT/n015-2018-08-01-16-32-59+0800__CAM_FRONT_RIGHT__1533112531670339.jpg", "samples/CAM_BACK_LEFT/n015-2018-08-01-16-32-59+0800__CAM_BACK_LEFT__1533112531697423.jpg", "samples/CAM_BACK/n015-2018-08-01-16-32-59+0800__CAM_BACK__1533112531687525.jpg", "samples/CAM_BACK_RIGHT/n015-2018-08-01-16-32-59+0800__CAM_BACK_RIGHT__1533112531677893.jpg"], "intrinsics": [[[1272.5979470598488, 0.0, 826.6154927353808], [0.0, 1272.5979470598488, 479.75165386361925], [0.0, 0.0, 1.0]], [[1266.417203046554, 0.0, 816.2670197447984], [0.0, 1266.417203046554, 491.50706579294757], [0.0, 0.0, 1.0]], [[1260.8474446004698, 0.0, 807.968244525554], [0.0, 1260.8474446004698, 495.3344268742088], [0.0, 0.0, 1.0]], [[1256.7414812095406, 0.0, 792.1125740759628], [0.0, 1256.7414812095406, 492.7757465151356], [0.0, 0.0, 1.0]], [[809.2209905677063, 0.0, 829.2196003259838], [0.0, 809.2209905677063, 481.77842384512485], [0.0, 0.0, 1.0]], [[1259.5137405846733, 0.0, 807.2529053838625], [0.0, 1259.5137405846733, 501.19579884916527], [0.0, 0.0, 1.0]]], "extrinsics": [[[0.8242272138595581, -0.5662398338317871, 0.00468266848474741, -0.6270055770874023], [0.015054608695209026, 0.013645660132169724, -0.9997935891151428, 1.5144729614257812], [0.5660589933395386, 0.8241276144981384, 0.019771642982959747, -1.045654296875], [0.0, 0.0, 0.0, 1.0]], [[0.010775790549814701, -0.9998968839645386, -0.009491954930126667, 0.00726318359375], [0.009766305796802044, 0.009597294963896275, -0.9999063014984131, 1.5238580703735352], [0.9998942017555237, 0.010682079941034317, 0.009868718683719635, -1.35321044921875], [0.0, 0.0, 0.0, 1.0]], [[-0.8304917216300964, -0.5563424825668335, -0.027688223868608475, 0.8125], [0.015313227660953999, 0.026885345578193665, -0.9995211958885193, 1.5077133178710938], [0.5568205118179321, -0.8305180072784424, -0.013808656483888626, -1.1024169921875], [0.0, 0.0, 0.0, 1.0]], [[0.947536826133728, 0.31890398263931274, 0.02177662029862404, -1.13238525390625], [0.02410334348678589, -0.0033509687054902315, -0.9997038245201111, 1.58880615234375], [-0.31873655319213867, 0.9477810263633728, -0.010861819609999657, -0.10699462890625], [0.0, 0.0, 0.0, 1.0]], [[0.0009397754329256713, 0.9999776482582092, 0.006625453010201454, 0.0030517578125], [-0.0013413573615252972, 0.00662671122699976, -0.9999771118164062, 1.5792193412780762], [-0.9999986290931702, 0.0009308785665780306, 0.001347552752122283, -0.100830078125], [0.0, 0.0, 0.0, 1.0]], [[-0.9355188012123108, 0.3526231348514557, -0.021483950316905975, 0.956024169921875], [0.031227536499500275, 0.02196582220494747, -0.9992709159851074, 1.5574760437011719], [-0.35189417004585266, -0.935507595539093, -0.0315609946846962, -0.1318359375], [0.0, 0.0, 0.0, 1.0]]], "view": [[0.0, -2.0, 100.0], [-2.0, 0.0, 100.0], [0.0, 0.0, 1.0]], "bev": "bev_dd334edfe7734c5484845fef07b5de97.png", "aux": "aux_dd334edfe7734c5484845fef07b5de97.npz", "visibility": "visibility_dd334edfe7734c5484845fef07b5de97.png", "pose": [[0.9925657510757446, 0.12170961499214172, 0.0, 814.2984619140625], [-0.12170961499214172, 0.9925657510757446, 0.0, 936.2096557617188], [0.0, 0.0, 1.0, 0.0], [0.0, 0.0, 0.0, 1.0]], "pose_inverse": [[0.9925657510757446, -0.12170961499214172, 0.0, -694.299072265625], [0.12170961499214172, 0.9925657510757446, 0.0, -1028.3575439453125], [0.0, 0.0, 1.0, 0.0], [0.0, 0.0, 0.0, 1.0]], "cam_ids": [0, 1, 2, 3, 4, 5], "cam_channels": ["CAM_FRONT_LEFT", "CAM_FRONT", "CAM_FRONT_RIGHT", "CAM_BACK_LEFT", "CAM_BACK", "CAM_BACK_RIGHT"], "token": "dd334edfe7734c5484845fef07b5de97", "scene": "scene-0121"}, {"images": ["samples/CAM_FRONT_LEFT/n015-2018-08-01-16-32-59+0800__CAM_FRONT_LEFT__1533112532154844.jpg", "samples/CAM_FRONT/n015-2018-08-01-16-32-59+0800__CAM_FRONT__1533112532162460.jpg", "samples/CAM_FRONT_RIGHT/n015-2018-08-01-16-32-59+0800__CAM_FRONT_RIGHT__1533112532170339.jpg", "samples/CAM_BACK_LEFT/n015-2018-08-01-16-32-59+0800__CAM_BACK_LEFT__1533112532197423.jpg", "samples/CAM_BACK/n015-2018-08-01-16-32-59+0800__CAM_BACK__1533112532187541.jpg", "samples/CAM_BACK_RIGHT/n015-2018-08-01-16-32-59+0800__CAM_BACK_RIGHT__1533112532177893.jpg"], "intrinsics": [[[1272.5979470598488, 0.0, 826.6154927353808], [0.0, 1272.5979470598488, 479.75165386361925], [0.0, 0.0, 1.0]], [[1266.417203046554, 0.0, 816.2670197447984], [0.0, 1266.417203046554, 491.50706579294757], [0.0, 0.0, 1.0]], [[1260.8474446004698, 0.0, 807.968244525554], [0.0, 1260.8474446004698, 495.3344268742088], [0.0, 0.0, 1.0]], [[1256.7414812095406, 0.0, 792.1125740759628], [0.0, 1256.7414812095406, 492.7757465151356], [0.0, 0.0, 1.0]], [[809.2209905677063, 0.0, 829.2196003259838], [0.0, 809.2209905677063, 481.77842384512485], [0.0, 0.0, 1.0]], [[1259.5137405846733, 0.0, 807.2529053838625], [0.0, 1259.5137405846733, 501.19579884916527], [0.0, 0.0, 1.0]]], "extrinsics": [[[0.8241322636604309, -0.5663248300552368, 0.009063991717994213, -0.6231536865234375], [0.021877089515328407, 0.01583707705140114, -0.9996351599693298, 1.5173110961914062], [0.5659747123718262, 0.8240299224853516, 0.025441383942961693, -1.0458984375], [0.0, 0.0, 0.0, 1.0]], [[0.010712274350225925, -0.9998779296875, -0.011368523351848125, 0.009033203125], [0.01678396202623844, 0.01154736801981926, -0.9997924566268921, 1.5262680053710938], [0.999801754951477, 0.010519223287701607, 0.016905611380934715, -1.35040283203125], [0.0, 0.0, 0.0, 1.0]], [[-0.830374002456665, -0.5561298727989197, -0.03461994603276253, 0.810791015625], [0.02252024970948696, 0.028584660962224007, -0.9993376731872559, 1.5096473693847656], [0.5567511320114136, -0.8306035995483398, -0.011211775243282318, -1.09979248046875], [0.0, 0.0, 0.0, 1.0]], [[0.9474284648895264, 0.31861281394958496, 0.029412902891635895, -1.13299560546875], [0.03185475617647171, -0.0024550706148147583, -0.9994894862174988, 1.5888605117797852], [-0.31837794184684753, 0.9478816986083984, -0.012475338764488697, -0.1063232421875], [0.0, 0.0, 0.0, 1.0]], [[0.001150728901848197, 0.9999691843986511, 0.007772782817482948, 0.0030517578125], [0.006241019815206528, 0.007765455171465874, -0.9999504089355469, 1.5800046920776367], [-0.9999799132347107, 0.0011991668725386262, -0.0062318905256688595, -0.10162353515625], [0.0, 0.0, 0.0, 1.0]], [[-0.9352520108222961, 0.3528828024864197, -0.02787870354950428, 0.9536895751953125], [0.03861070051789284, 0.02340853214263916, -0.9989801049232483, 1.5589752197265625], [-0.3518703579902649, -0.9353746771812439, -0.03551793098449707, -0.132080078125], [0.0, 0.0, 0.0, 1.0]]], "view": [[0.0, -2.0, 100.0], [-2.0, 0.0, 100.0], [0.0, 0.0, 1.0]], "bev": "bev_df6c53570d8c4a6989fcb1b0c377a59a.png", "aux": "aux_df6c53570d8c4a6989fcb1b0c377a59a.npz", "visibility": "visibility_df6c53570d8c4a6989fcb1b0c377a59a.png", "pose": [[0.9818962812423706, 0.18941937386989594, 0.0, 818.9588623046875], [-0.18941937386989594, 0.9818962812423706, 0.0, 935.4700317382812], [0.0, 0.0, 1.0, 0.0], [0.0, 0.0, 0.0, 1.0]], "pose_inverse": [[0.9818962812423706, -0.18941937386989594, 0.0, -626.9365234375], [0.18941937386989594, 0.9818962812423706, 0.0, -1073.6612548828125], [0.0, 0.0, 1.0, 0.0], [0.0, 0.0, 0.0, 1.0]], "cam_ids": [0, 1, 2, 3, 4, 5], "cam_channels": ["CAM_FRONT_LEFT", "CAM_FRONT", "CAM_FRONT_RIGHT", "CAM_BACK_LEFT", "CAM_BACK", "CAM_BACK_RIGHT"], "token": "df6c53570d8c4a6989fcb1b0c377a59a", "scene": "scene-0121"}, {"images": ["samples/CAM_FRONT_LEFT/n015-2018-08-01-16-32-59+0800__CAM_FRONT_LEFT__1533112532654844.jpg", "samples/CAM_FRONT/n015-2018-08-01-16-32-59+0800__CAM_FRONT__1533112532662460.jpg", "samples/CAM_FRONT_RIGHT/n015-2018-08-01-16-32-59+0800__CAM_FRONT_RIGHT__1533112532670339.jpg", "samples/CAM_BACK_LEFT/n015-2018-08-01-16-32-59+0800__CAM_BACK_LEFT__1533112532697423.jpg", "samples/CAM_BACK/n015-2018-08-01-16-32-59+0800__CAM_BACK__1533112532687525.jpg", "samples/CAM_BACK_RIGHT/n015-2018-08-01-16-32-59+0800__CAM_BACK_RIGHT__1533112532677893.jpg"], "intrinsics": [[[1272.5979470598488, 0.0, 826.6154927353808], [0.0, 1272.5979470598488, 479.75165386361925], [0.0, 0.0, 1.0]], [[1266.417203046554, 0.0, 816.2670197447984], [0.0, 1266.417203046554, 491.50706579294757], [0.0, 0.0, 1.0]], [[1260.8474446004698, 0.0, 807.968244525554], [0.0, 1260.8474446004698, 495.3344268742088], [0.0, 0.0, 1.0]], [[1256.7414812095406, 0.0, 792.1125740759628], [0.0, 1256.7414812095406, 492.7757465151356], [0.0, 0.0, 1.0]], [[809.2209905677063, 0.0, 829.2196003259838], [0.0, 809.2209905677063, 481.77842384512485], [0.0, 0.0, 1.0]], [[1259.5137405846733, 0.0, 807.2529053838625], [0.0, 1259.5137405846733, 501.19579884916527], [0.0, 0.0, 1.0]]], "extrinsics": [[[0.8240689039230347, -0.5664542317390442, 0.006330321542918682, -0.62750244140625], [0.017531266435980797, 0.01433173380792141, -0.9997435808181763, 1.5154495239257812], [0.5662183165550232, 0.8239685297012329, 0.021740997210144997, -1.0472412109375], [0.0, 0.0, 0.0, 1.0]], [[0.010542216710746288, -0.9998921751976013, -0.010216441005468369, 0.0078125], [0.012135804630815983, 0.010344194248318672, -0.9998729228973389, 1.5246353149414062], [0.999870777130127, 0.010416882112622261, 0.012243545614182949, -1.3551025390625], [0.0, 0.0, 0.0, 1.0]], [[-0.8305686712265015, -0.5561065077781677, -0.030017679557204247, 0.814453125], [0.017587335780262947, 0.02768182009458542, -0.9994620084762573, 1.5082664489746094], [0.5566383600234985, -0.8306498527526855, -0.013211221434175968, -1.10345458984375], [0.0, 0.0, 0.0, 1.0]], [[0.9474762678146362, 0.3189223110675812, 0.024025218561291695, -1.13970947265625], [0.026136865839362144, -0.0023426320403814316, -0.9996556639671326, 1.5886163711547852], [-0.31875619292259216, 0.9477779865264893, -0.01055521797388792, -0.103759765625], [0.0, 0.0, 0.0, 1.0]], [[0.001013048691675067, 0.9999710321426392, 0.007543228566646576, 0.00341796875], [0.0007619793177582324, 0.007542458828538656, -0.999971330165863, 1.5794367790222168], [-0.9999991655349731, 0.0010188211454078555, -0.0007543153478763998, -0.095458984375], [0.0, 0.0, 0.0, 1.0]], [[-0.9353945255279541, 0.35284170508384705, -0.023233944550156593, 0.9590301513671875], [0.03342097997665405, 0.022805916145443916, -0.9991811513900757, 1.55780029296875], [-0.3520228862762451, -0.9354050159454346, -0.03312484547495842, -0.1307373046875], [0.0, 0.0, 0.0, 1.0]]], "view": [[0.0, -2.0, 100.0], [-2.0, 0.0, 100.0], [0.0, 0.0, 1.0]], "bev": "bev_999286a85f9941f2bed9fe876f9866c3.png", "aux": "aux_999286a85f9941f2bed9fe876f9866c3.npz", "visibility": "visibility_999286a85f9941f2bed9fe876f9866c3.png", "pose": [[0.9671849012374878, 0.25407347083091736, 0.0, 823.6201171875], [-0.25407347083091736, 0.9671849012374878, 0.0, 934.4103393554688], [0.0, 0.0, 1.0, 0.0], [0.0, 0.0, 0.0, 1.0]], "pose_inverse": [[0.9671849012374878, -0.25407347083091736, 0.0, -559.18408203125], [0.25407347083091736, 0.9671849012374878, 0.0, -1113.007568359375], [0.0, 0.0, 1.0, 0.0], [0.0, 0.0, 0.0, 1.0]], "cam_ids": [0, 1, 2, 3, 4, 5], "cam_channels": ["CAM_FRONT_LEFT", "CAM_FRONT", "CAM_FRONT_RIGHT", "CAM_BACK_LEFT", "CAM_BACK", "CAM_BACK_RIGHT"], "token": "999286a85f9941f2bed9fe876f9866c3", "scene": "scene-0121"}, {"images": ["samples/CAM_FRONT_LEFT/n015-2018-08-01-16-32-59+0800__CAM_FRONT_LEFT__1533112533154844.jpg", "samples/CAM_FRONT/n015-2018-08-01-16-32-59+0800__CAM_FRONT__1533112533162460.jpg", "samples/CAM_FRONT_RIGHT/n015-2018-08-01-16-32-59+0800__CAM_FRONT_RIGHT__1533112533170339.jpg", "samples/CAM_BACK_LEFT/n015-2018-08-01-16-32-59+0800__CAM_BACK_LEFT__1533112533198400.jpg", "samples/CAM_BACK/n015-2018-08-01-16-32-59+0800__CAM_BACK__1533112533187525.jpg", "samples/CAM_BACK_RIGHT/n015-2018-08-01-16-32-59+0800__CAM_BACK_RIGHT__1533112533177893.jpg"], "intrinsics": [[[1272.5979470598488, 0.0, 826.6154927353808], [0.0, 1272.5979470598488, 479.75165386361925], [0.0, 0.0, 1.0]], [[1266.417203046554, 0.0, 816.2670197447984], [0.0, 1266.417203046554, 491.50706579294757], [0.0, 0.0, 1.0]], [[1260.8474446004698, 0.0, 807.968244525554], [0.0, 1260.8474446004698, 495.3344268742088], [0.0, 0.0, 1.0]], [[1256.7414812095406, 0.0, 792.1125740759628], [0.0, 1256.7414812095406, 492.7757465151356], [0.0, 0.0, 1.0]], [[809.2209905677063, 0.0, 829.2196003259838], [0.0, 809.2209905677063, 481.77842384512485], [0.0, 0.0, 1.0]], [[1259.5137405846733, 0.0, 807.2529053838625], [0.0, 1259.5137405846733, 501.19579884916527], [0.0, 0.0, 1.0]]], "extrinsics": [[[0.8232436180114746, -0.5676440596580505, 0.007081615272909403, -0.619537353515625], [0.018691983073949814, 0.014636700972914696, -0.9997181296348572, 1.516122817993164], [0.5673804879188538, 0.8231439590454102, 0.022659962996840477, -1.0408935546875], [0.0, 0.0, 0.0, 1.0]], [[0.009406089782714844, -0.9999005198478699, -0.01051489356905222, 0.00732421875], [0.01339214202016592, 0.010640381835401058, -0.9998537302017212, 1.5251579284667969], [0.9998661279678345, 0.00926391314715147, 0.013490892015397549, -1.347747802734375], [0.0, 0.0, 0.0, 1.0]], [[-0.8309997320175171, -0.5553933382034302, -0.03126714006066322, 0.8109130859375], [0.018918363377451897, 0.027958860620856285, -0.9994300007820129, 1.508697509765625], [0.5559509992599487, -0.8311176896095276, -0.012726672925055027, -1.101318359375], [0.0, 0.0, 0.0, 1.0]], [[0.9473296403884888, 0.31926238536834717, 0.025260809808969498, -1.15838623046875], [0.02735990285873413, -0.002090910915285349, -0.9996234774589539, 1.5880556106567383], [-0.31908929347991943, 0.9476640820503235, -0.010715767741203308, -0.0955810546875], [0.0, 0.0, 0.0, 1.0]], [[0.0010535601759329438, 0.9999694228172302, 0.007757376413792372, 0.00439453125], [0.0020863786339759827, 0.007755164988338947, -0.9999677538871765, 1.5795631408691406], [-0.9999973177909851, 0.0010697264224290848, -0.002078143646940589, -0.09063720703125], [0.0, 0.0, 0.0, 1.0]], [[-0.9351747035980225, 0.3533455729484558, -0.02439509704709053, 0.9583816528320312], [0.034771811217069626, 0.023047851398587227, -0.9991294741630554, 1.5580863952636719], [-0.35247576236724854, -0.9352090358734131, -0.03384023532271385, -0.1314697265625], [0.0, 0.0, 0.0, 1.0]]], "view": [[0.0, -2.0, 100.0], [-2.0, 0.0, 100.0], [0.0, 0.0, 1.0]], "bev": "bev_3ace6f6c997e42069ff8923f72d4d731.png", "aux": "aux_3ace6f6c997e42069ff8923f72d4d731.npz", "visibility": "visibility_3ace6f6c997e42069ff8923f72d4d731.png", "pose": [[0.9491594433784485, 0.3147957921028137, 0.0, 828.3372192382812], [-0.3147957921028137, 0.9491594433784485, 0.0, 932.999755859375], [0.0, 0.0, 1.0, 0.0], [0.0, 0.0, 0.0, 1.0]], "pose_inverse": [[0.9491594433784485, -0.3147957921028137, 0.0, -492.5196838378906], [0.3147957921028137, 0.9491594433784485, 0.0, -1146.3226318359375], [0.0, 0.0, 1.0, 0.0], [0.0, 0.0, 0.0, 1.0]], "cam_ids": [0, 1, 2, 3, 4, 5], "cam_channels": ["CAM_FRONT_LEFT", "CAM_FRONT", "CAM_FRONT_RIGHT", "CAM_BACK_LEFT", "CAM_BACK", "CAM_BACK_RIGHT"], "token": "3ace6f6c997e42069ff8923f72d4d731", "scene": "scene-0121"}, {"images": ["samples/CAM_FRONT_LEFT/n015-2018-08-01-16-32-59+0800__CAM_FRONT_LEFT__1533112533654844.jpg", "samples/CAM_FRONT/n015-2018-08-01-16-32-59+0800__CAM_FRONT__1533112533662460.jpg", "samples/CAM_FRONT_RIGHT/n015-2018-08-01-16-32-59+0800__CAM_FRONT_RIGHT__1533112533670339.jpg", "samples/CAM_BACK_LEFT/n015-2018-08-01-16-32-59+0800__CAM_BACK_LEFT__1533112533697423.jpg", "samples/CAM_BACK/n015-2018-08-01-16-32-59+0800__CAM_BACK__1533112533687525.jpg", "samples/CAM_BACK_RIGHT/n015-2018-08-01-16-32-59+0800__CAM_BACK_RIGHT__1533112533677893.jpg"], "intrinsics": [[[1272.5979470598488, 0.0, 826.6154927353808], [0.0, 1272.5979470598488, 479.75165386361925], [0.0, 0.0, 1.0]], [[1266.417203046554, 0.0, 816.2670197447984], [0.0, 1266.417203046554, 491.50706579294757], [0.0, 0.0, 1.0]], [[1260.8474446004698, 0.0, 807.968244525554], [0.0, 1260.8474446004698, 495.3344268742088], [0.0, 0.0, 1.0]], [[1256.7414812095406, 0.0, 792.1125740759628], [0.0, 1256.7414812095406, 492.7757465151356], [0.0, 0.0, 1.0]], [[809.2209905677063, 0.0, 829.2196003259838], [0.0, 809.2209905677063, 481.77842384512485], [0.0, 0.0, 1.0]], [[1259.5137405846733, 0.0, 807.2529053838625], [0.0, 1259.5137405846733, 501.19579884916527], [0.0, 0.0, 1.0]]], "extrinsics": [[[0.8221425414085388, -0.569257915019989, 0.005199435632675886, -0.61395263671875], [0.02033883146941662, 0.020244117826223373, -0.9995881915092468, 1.51690673828125], [0.5689182281494141, 0.8219097256660461, 0.02822159044444561, -1.0380859375], [0.0, 0.0, 0.0, 1.0]], [[0.0077893962152302265, -0.9998413324356079, -0.016016848385334015, 0.00830078125], [0.015022942796349525, 0.01613253727555275, -0.9997570514678955, 1.5257511138916016], [0.9998567700386047, 0.007546843029558659, 0.015146223828196526, -1.34417724609375], [0.0, 0.0, 0.0, 1.0]], [[-0.8316941857337952, -0.5540912747383118, -0.03560466691851616, 0.8101806640625], [0.02058231085538864, 0.033314310014247894, -0.9992329478263855, 1.5091285705566406], [0.5548523664474487, -0.8317890763282776, -0.016302840784192085, -1.10003662109375], [0.0, 0.0, 0.0, 1.0]], [[0.9474719762802124, 0.3185575604438782, 0.028601087629795074, -1.1470947265625], [0.02918865531682968, 0.002929922891780734, -0.9995695948600769, 1.5884065628051758], [-0.3185042440891266, 0.9478989839553833, -0.006522245239466429, -0.1021728515625], [0.0, 0.0, 0.0, 1.0]], [[0.0019349006470292807, 0.9999141097068787, 0.012966034933924675, 0.0028076171875], [0.0038165561854839325, 0.012958580628037453, -0.9999087452888489, 1.5797147750854492], [-0.9999908804893494, 0.001984240720048547, -0.003791151801124215, -0.09197998046875], [0.0, 0.0, 0.0, 1.0]], [[-0.9347395896911621, 0.35451754927635193, -0.024068959057331085, 0.9582347869873047], [0.036457404494285583, 0.02830571122467518, -0.998934268951416, 1.5583724975585938], [-0.353458434343338, -0.9346209168434143, -0.039383262395858765, -0.130615234375], [0.0, 0.0, 0.0, 1.0]]], "view": [[0.0, -2.0, 100.0], [-2.0, 0.0, 100.0], [0.0, 0.0, 1.0]], "bev": "bev_d08f34782f0f4690b6556e85c1107e70.png", "aux": "aux_d08f34782f0f4690b6556e85c1107e70.npz", "visibility": "visibility_d08f34782f0f4690b6556e85c1107e70.png", "pose": [[0.9367582201957703, 0.3499772250652313, 0.0, 833.06201171875], [-0.3499772250652313, 0.9367582201957703, 0.0, 931.3111572265625], [0.0, 0.0, 1.0, 0.0], [0.0, 0.0, 0.0, 1.0]], "pose_inverse": [[0.9367582201957703, -0.3499772250652313, 0.0, -454.4399719238281], [0.3499772250652313, 0.9367582201957703, 0.0, -1163.966064453125], [0.0, 0.0, 1.0, 0.0], [0.0, 0.0, 0.0, 1.0]], "cam_ids": [0, 1, 2, 3, 4, 5], "cam_channels": ["CAM_FRONT_LEFT", "CAM_FRONT", "CAM_FRONT_RIGHT", "CAM_BACK_LEFT", "CAM_BACK", "CAM_BACK_RIGHT"], "token": "d08f34782f0f4690b6556e85c1107e70", "scene": "scene-0121"}, {"images": ["samples/CAM_FRONT_LEFT/n015-2018-08-01-16-32-59+0800__CAM_FRONT_LEFT__1533112534154844.jpg", "samples/CAM_FRONT/n015-2018-08-01-16-32-59+0800__CAM_FRONT__1533112534162460.jpg", "samples/CAM_FRONT_RIGHT/n015-2018-08-01-16-32-59+0800__CAM_FRONT_RIGHT__1533112534170339.jpg", "samples/CAM_BACK_LEFT/n015-2018-08-01-16-32-59+0800__CAM_BACK_LEFT__1533112534197423.jpg", "samples/CAM_BACK/n015-2018-08-01-16-32-59+0800__CAM_BACK__1533112534187525.jpg", "samples/CAM_BACK_RIGHT/n015-2018-08-01-16-32-59+0800__CAM_BACK_RIGHT__1533112534177893.jpg"], "intrinsics": [[[1272.5979470598488, 0.0, 826.6154927353808], [0.0, 1272.5979470598488, 479.75165386361925], [0.0, 0.0, 1.0]], [[1266.417203046554, 0.0, 816.2670197447984], [0.0, 1266.417203046554, 491.50706579294757], [0.0, 0.0, 1.0]], [[1260.8474446004698, 0.0, 807.968244525554], [0.0, 1260.8474446004698, 495.3344268742088], [0.0, 0.0, 1.0]], [[1256.7414812095406, 0.0, 792.1125740759628], [0.0, 1256.7414812095406, 492.7757465151356], [0.0, 0.0, 1.0]], [[809.2209905677063, 0.0, 829.2196003259838], [0.0, 809.2209905677063, 481.77842384512485], [0.0, 0.0, 1.0]], [[1259.5137405846733, 0.0, 807.2529053838625], [0.0, 1259.5137405846733, 501.19579884916527], [0.0, 0.0, 1.0]]], "extrinsics": [[[0.8216301202774048, -0.569975733757019, 0.007176694460213184, -0.612335205078125], [0.01929151453077793, 0.015221631154417992, -0.9996980428695679, 1.5165138244628906], [0.5696943998336792, 0.8215204477310181, 0.023502247408032417, -1.0362548828125], [0.0, 0.0, 0.0, 1.0]], [[0.0069985156878829, -0.9999135136604309, -0.011134224943816662, 0.007568359375], [0.013897988945245743, 0.01123068481683731, -0.9998403787612915, 1.5254135131835938], [0.9998789429664612, 0.0068426369689404964, 0.013975384645164013, -1.3409423828125], [0.0, 0.0, 0.0, 1.0]], [[-0.8320893049240112, -0.5537219643592834, -0.031928230077028275, 0.8065185546875], [0.019362473860383034, 0.02853044867515564, -0.9994053244590759, 1.5088996887207031], [0.5543036460876465, -0.8322126865386963, -0.013018451631069183, -1.09844970703125], [0.0, 0.0, 0.0, 1.0]], [[0.9475240111351013, 0.318677693605423, 0.025353221222758293, -1.148681640625], [0.02727685309946537, -0.0015743767144158483, -0.999626636505127, 1.5883674621582031], [-0.3185187876224518, 0.9478617310523987, -0.010184286162257195, -0.1014404296875], [0.0, 0.0, 0.0, 1.0]], [[0.0021991620305925608, 0.9999625086784363, 0.008372887037694454, 0.0032958984375], [0.0021922290325164795, 0.00836806558072567, -0.9999626278877258, 1.5795698165893555], [-0.9999951720237732, 0.002217464614659548, -0.002173743210732937, -0.093109130859375], [0.0, 0.0, 0.0, 1.0]], [[-0.9346005320549011, 0.3548598885536194, -0.024419544264674187, 0.9549264907836914], [0.03507020324468613, 0.02361190877854824, -0.9991058707237244, 1.5582656860351562], [-0.35396599769592285, -0.9346213340759277, -0.0345127135515213, -0.1326904296875], [0.0, 0.0, 0.0, 1.0]]], "view": [[0.0, -2.0, 100.0], [-2.0, 0.0, 100.0], [0.0, 0.0, 1.0]], "bev": "bev_5eae0b72ff024a569c367b87ba17b757.png", "aux": "aux_5eae0b72ff024a569c367b87ba17b757.npz", "visibility": "visibility_5eae0b72ff024a569c367b87ba17b757.png", "pose": [[0.9287795424461365, 0.3706325888633728, 0.0, 837.7939453125], [-0.3706325888633728, 0.9287795424461365, 0.0, 929.473388671875], [0.0, 0.0, 1.0, 0.0], [0.0, 0.0, 0.0, 1.0]], "pose_inverse": [[0.9287795424461365, -0.3706325888633728, 0.0, -433.6327819824219], [0.3706325888633728, 0.9287795424461365, 0.0, -1173.7896728515625], [0.0, 0.0, 1.0, 0.0], [0.0, 0.0, 0.0, 1.0]], "cam_ids": [0, 1, 2, 3, 4, 5], "cam_channels": ["CAM_FRONT_LEFT", "CAM_FRONT", "CAM_FRONT_RIGHT", "CAM_BACK_LEFT", "CAM_BACK", "CAM_BACK_RIGHT"], "token": "5eae0b72ff024a569c367b87ba17b757", "scene": "scene-0121"}, {"images": ["samples/CAM_FRONT_LEFT/n015-2018-08-01-16-32-59+0800__CAM_FRONT_LEFT__1533112534654844.jpg", "samples/CAM_FRONT/n015-2018-08-01-16-32-59+0800__CAM_FRONT__1533112534662460.jpg", "samples/CAM_FRONT_RIGHT/n015-2018-08-01-16-32-59+0800__CAM_FRONT_RIGHT__1533112534670339.jpg", "samples/CAM_BACK_LEFT/n015-2018-08-01-16-32-59+0800__CAM_BACK_LEFT__1533112534697423.jpg", "samples/CAM_BACK/n015-2018-08-01-16-32-59+0800__CAM_BACK__1533112534687525.jpg", "samples/CAM_BACK_RIGHT/n015-2018-08-01-16-32-59+0800__CAM_BACK_RIGHT__1533112534677893.jpg"], "intrinsics": [[[1272.5979470598488, 0.0, 826.6154927353808], [0.0, 1272.5979470598488, 479.75165386361925], [0.0, 0.0, 1.0]], [[1266.417203046554, 0.0, 816.2670197447984], [0.0, 1266.417203046554, 491.50706579294757], [0.0, 0.0, 1.0]], [[1260.8474446004698, 0.0, 807.968244525554], [0.0, 1260.8474446004698, 495.3344268742088], [0.0, 0.0, 1.0]], [[1256.7414812095406, 0.0, 792.1125740759628], [0.0, 1256.7414812095406, 492.7757465151356], [0.0, 0.0, 1.0]], [[809.2209905677063, 0.0, 829.2196003259838], [0.0, 809.2209905677063, 481.77842384512485], [0.0, 0.0, 1.0]], [[1259.5137405846733, 0.0, 807.2529053838625], [0.0, 1259.5137405846733, 501.19579884916527], [0.0, 0.0, 1.0]]], "extrinsics": [[[0.8215622305870056, -0.5700626373291016, 0.008004502393305302, -0.593597412109375], [0.014771497808396816, 0.007248829118907452, -0.9998645782470703, 1.5149202346801758], [0.5699273943901062, 0.8215693235397339, 0.01437604334205389, -1.0230712890625], [0.0, 0.0, 0.0, 1.0]], [[0.007026869338005781, -0.9999714493751526, -0.002782585332170129, 0.008056640625], [0.009417759254574776, 0.0028487099334597588, -0.9999516606330872, 1.5240278244018555], [0.9999309778213501, 0.007000363897532225, 0.009437507018446922, -1.32110595703125], [0.0, 0.0, 0.0, 1.0]], [[-0.832042932510376, -0.554219126701355, -0.023360855877399445, 0.79296875], [0.014926637522876263, 0.019728846848011017, -0.9996939301490784, 1.5079326629638672], [0.5545103549957275, -0.8321369886398315, -0.008142619393765926, -1.0888671875], [0.0, 0.0, 0.0, 1.0]], [[0.9475910067558289, 0.31896740198135376, 0.01819263957440853, -1.14410400390625], [0.023216696456074715, -0.011955766938626766, -0.9996589422225952, 1.5885100364685059], [-0.3186410963535309, 0.9476902484893799, -0.01873454824090004, -0.10308837890625], [0.0, 0.0, 0.0, 1.0]], [[0.00198064255528152, 0.9999969601631165, -0.0014268329832702875, 0.002685546875], [-0.00203210161998868, -0.0014228078071027994, -0.9999969601631165, 1.579146385192871], [-0.9999959468841553, 0.0019835515413433313, 0.002029276452958584, -0.1021728515625], [0.0, 0.0, 0.0, 1.0]], [[-0.9348506331443787, 0.3542548418045044, -0.023619143292307854, 0.9422378540039062], [0.030704660341143608, 0.014392768032848835, -0.999424934387207, 1.5578117370605469], [-0.3537110984325409, -0.935038149356842, -0.024332363158464432, -0.1365966796875], [0.0, 0.0, 0.0, 1.0]]], "view": [[0.0, -2.0, 100.0], [-2.0, 0.0, 100.0], [0.0, 0.0, 1.0]], "bev": "bev_1d97f3394e6e4b539db7e25af0789ef0.png", "aux": "aux_1d97f3394e6e4b539db7e25af0789ef0.npz", "visibility": "visibility_1d97f3394e6e4b539db7e25af0789ef0.png", "pose": [[0.923332154750824, 0.3840022683143616, 0.0, 842.639892578125], [-0.3840022683143616, 0.923332154750824, 0.0, 927.4817504882812], [0.0, 0.0, 1.0, 0.0], [0.0, 0.0, 0.0, 1.0]], "pose_inverse": [[0.923332154750824, -0.3840022683143616, 0.0, -421.88140869140625], [0.3840022683143616, 0.923332154750824, 0.0, -1179.9493408203125], [0.0, 0.0, 1.0, 0.0], [0.0, 0.0, 0.0, 1.0]], "cam_ids": [0, 1, 2, 3, 4, 5], "cam_channels": ["CAM_FRONT_LEFT", "CAM_FRONT", "CAM_FRONT_RIGHT", "CAM_BACK_LEFT", "CAM_BACK", "CAM_BACK_RIGHT"], "token": "1d97f3394e6e4b539db7e25af0789ef0", "scene": "scene-0121"}, {"images": ["samples/CAM_FRONT_LEFT/n015-2018-08-01-16-32-59+0800__CAM_FRONT_LEFT__1533112535154844.jpg", "samples/CAM_FRONT/n015-2018-08-01-16-32-59+0800__CAM_FRONT__1533112535162460.jpg", "samples/CAM_FRONT_RIGHT/n015-2018-08-01-16-32-59+0800__CAM_FRONT_RIGHT__1533112535170339.jpg", "samples/CAM_BACK_LEFT/n015-2018-08-01-16-32-59+0800__CAM_BACK_LEFT__1533112535197423.jpg", "samples/CAM_BACK/n015-2018-08-01-16-32-59+0800__CAM_BACK__1533112535187525.jpg", "samples/CAM_BACK_RIGHT/n015-2018-08-01-16-32-59+0800__CAM_BACK_RIGHT__1533112535177893.jpg"], "intrinsics": [[[1272.5979470598488, 0.0, 826.6154927353808], [0.0, 1272.5979470598488, 479.75165386361925], [0.0, 0.0, 1.0]], [[1266.417203046554, 0.0, 816.2670197447984], [0.0, 1266.417203046554, 491.50706579294757], [0.0, 0.0, 1.0]], [[1260.8474446004698, 0.0, 807.968244525554], [0.0, 1260.8474446004698, 495.3344268742088], [0.0, 0.0, 1.0]], [[1256.7414812095406, 0.0, 792.1125740759628], [0.0, 1256.7414812095406, 492.7757465151356], [0.0, 0.0, 1.0]], [[809.2209905677063, 0.0, 829.2196003259838], [0.0, 809.2209905677063, 481.77842384512485], [0.0, 0.0, 1.0]], [[1259.5137405846733, 0.0, 807.2529053838625], [0.0, 1259.5137405846733, 501.19579884916527], [0.0, 0.0, 1.0]]], "extrinsics": [[[0.8203508853912354, -0.5718041658401489, 0.00803806260228157, -0.58172607421875], [0.012076843529939651, 0.003270028391852975, -0.9999217391014099, 1.5138864517211914], [0.5717330574989319, 0.820383608341217, 0.009588159620761871, -1.013671875], [0.0, 0.0, 0.0, 1.0]], [[0.005216618068516254, -0.9999860525131226, 0.0008084620349109173, 0.0074462890625], [0.006628794129937887, -0.0007738752756267786, -0.9999777674674988, 1.5230722427368164], [0.9999642968177795, 0.005221785046160221, 0.0066246637143194675, -1.309417724609375], [0.0, 0.0, 0.0, 1.0]], [[-0.832905113697052, -0.5530872344970703, -0.019072886556386948, 0.78594970703125], [0.01208533439785242, 0.016277778893709183, -0.9997944235801697, 1.5072135925292969], [0.5532839894294739, -0.8329643607139587, -0.006873599253594875, -1.08447265625], [0.0, 0.0, 0.0, 1.0]], [[0.9476506114006042, 0.3189821243286133, 0.014446679502725601, -1.14013671875], [0.019975563511252403, -0.014068149961531162, -0.9997014999389648, 1.5886011123657227], [-0.3186836838722229, 0.9476563334465027, -0.019703537225723267, -0.10455322265625], [0.0, 0.0, 0.0, 1.0]], [[0.0025184531696140766, 0.9999890327453613, -0.003954812418669462, 0.002685546875], [-0.005119011737406254, -0.003941881470382214, -0.9999791383743286, 1.5788006782531738], [-0.9999837279319763, 0.0025386232882738113, 0.005109026562422514, -0.107330322265625], [0.0, 0.0, 0.0, 1.0]], [[-0.9345381259918213, 0.355185329914093, -0.0219514612108469, 0.9366378784179688], [0.027770783752202988, 0.011293424293398857, -0.9995505809783936, 1.5573673248291016], [-0.3547777831554413, -0.9347277283668518, -0.020417911931872368, -0.1385498046875], [0.0, 0.0, 0.0, 1.0]]], "view": [[0.0, -2.0, 100.0], [-2.0, 0.0, 100.0], [0.0, 0.0, 1.0]], "bev": "bev_7d9dc956258b4c73b7f17e6664f8ed33.png", "aux": "aux_7d9dc956258b4c73b7f17e6664f8ed33.npz", "visibility": "visibility_7d9dc956258b4c73b7f17e6664f8ed33.png", "pose": [[0.9217566847801208, 0.38776877522468567, 0.0, 847.5703125], [-0.38776877522468567, 0.9217566847801208, 0.0, 925.3927001953125], [0.0, 0.0, 1.0, 0.0], [0.0, 0.0, 0.0, 1.0]], "pose_inverse": [[0.9217566847801208, -0.38776877522468567, 0.0, -422.41522216796875], [0.38776877522468567, 0.9217566847801208, 0.0, -1181.648193359375], [0.0, 0.0, 1.0, 0.0], [0.0, 0.0, 0.0, 1.0]], "cam_ids": [0, 1, 2, 3, 4, 5], "cam_channels": ["CAM_FRONT_LEFT", "CAM_FRONT", "CAM_FRONT_RIGHT", "CAM_BACK_LEFT", "CAM_BACK", "CAM_BACK_RIGHT"], "token": "7d9dc956258b4c73b7f17e6664f8ed33", "scene": "scene-0121"}, {"images": ["samples/CAM_FRONT_LEFT/n015-2018-08-01-16-32-59+0800__CAM_FRONT_LEFT__1533112535654844.jpg", "samples/CAM_FRONT/n015-2018-08-01-16-32-59+0800__CAM_FRONT__1533112535662460.jpg", "samples/CAM_FRONT_RIGHT/n015-2018-08-01-16-32-59+0800__CAM_FRONT_RIGHT__1533112535670339.jpg", "samples/CAM_BACK_LEFT/n015-2018-08-01-16-32-59+0800__CAM_BACK_LEFT__1533112535697423.jpg", "samples/CAM_BACK/n015-2018-08-01-16-32-59+0800__CAM_BACK__1533112535687525.jpg", "samples/CAM_BACK_RIGHT/n015-2018-08-01-16-32-59+0800__CAM_BACK_RIGHT__1533112535677893.jpg"], "intrinsics": [[[1272.5979470598488, 0.0, 826.6154927353808], [0.0, 1272.5979470598488, 479.75165386361925], [0.0, 0.0, 1.0]], [[1266.417203046554, 0.0, 816.2670197447984], [0.0, 1266.417203046554, 491.50706579294757], [0.0, 0.0, 1.0]], [[1260.8474446004698, 0.0, 807.968244525554], [0.0, 1260.8474446004698, 495.3344268742088], [0.0, 0.0, 1.0]], [[1256.7414812095406, 0.0, 792.1125740759628], [0.0, 1256.7414812095406, 492.7757465151356], [0.0, 0.0, 1.0]], [[809.2209905677063, 0.0, 829.2196003259838], [0.0, 809.2209905677063, 481.77842384512485], [0.0, 0.0, 1.0]], [[1259.5137405846733, 0.0, 807.2529053838625], [0.0, 1259.5137405846733, 501.19579884916527], [0.0, 0.0, 1.0]]], "extrinsics": [[[0.8208669424057007, -0.5710094571113586, 0.0112159987911582, -0.57708740234375], [0.008891708217561245, -0.006858702749013901, -0.9999369382858276, 1.5124497413635254], [0.5710502862930298, 0.8209149241447449, -0.0005528327892534435, -1.0118408203125], [0.0, 0.0, 0.0, 1.0]], [[0.005758653860539198, -0.9999240636825562, 0.010889793746173382, 0.00830078125], [0.0035256322007626295, -0.010869605466723442, -0.999934732913971, 1.52191162109375], [0.9999772310256958, 0.005796693731099367, 0.0034627700224518776, -1.304168701171875], [0.0, 0.0, 0.0, 1.0]], [[-0.8328449726104736, -0.5533955693244934, -0.011071309447288513, 0.78155517578125], [0.009077918715775013, 0.006342899054288864, -0.9999386668205261, 1.5063753128051758], [0.5534318089485168, -0.8328943848609924, -0.000258971587754786, -1.0811767578125], [0.0, 0.0, 0.0, 1.0]], [[0.9476967453956604, 0.31905055046081543, 0.008808644488453865, -1.14117431640625], [0.01747291348874569, -0.024304386228322983, -0.9995518922805786, 1.5885753631591797], [-0.31869348883628845, 0.9474260807037354, -0.0286079291254282, -0.10406494140625], [0.0, 0.0, 0.0, 1.0]], [[0.0025320069398730993, 0.9998958706855774, -0.014209937304258347, 0.0028076171875], [-0.007837389595806599, -0.01418970339000225, -0.999868631362915, 1.5784893035888672], [-0.9999661445617676, 0.0026430338621139526, 0.007800643797963858, -0.109344482421875], [0.0, 0.0, 0.0, 1.0]], [[-0.9345945715904236, 0.3549816906452179, -0.022827139124274254, 0.9320926666259766], [0.024891983717679977, 0.0012503769248723984, -0.9996894001960754, 1.5568838119506836], [-0.3548428416252136, -0.9348725080490112, -0.010004793293774128, -0.140625], [0.0, 0.0, 0.0, 1.0]]], "view": [[0.0, -2.0, 100.0], [-2.0, 0.0, 100.0], [0.0, 0.0, 1.0]], "bev": "bev_fc8fcb598642462e800d1f0a96b216fc.png", "aux": "aux_fc8fcb598642462e800d1f0a96b216fc.npz", "visibility": "visibility_fc8fcb598642462e800d1f0a96b216fc.png", "pose": [[0.921572744846344, 0.38820573687553406, 0.0, 852.6075439453125], [-0.38820573687553406, 0.921572744846344, 0.0, 923.2591552734375], [0.0, 0.0, 1.0, 0.0], [0.0, 0.0, 0.0, 1.0]], "pose_inverse": [[0.921572744846344, -0.38820573687553406, 0.0, -427.32537841796875], [0.38820573687553406, 0.921572744846344, 0.0, -1181.837646484375], [0.0, 0.0, 1.0, 0.0], [0.0, 0.0, 0.0, 1.0]], "cam_ids": [0, 1, 2, 3, 4, 5], "cam_channels": ["CAM_FRONT_LEFT", "CAM_FRONT", "CAM_FRONT_RIGHT", "CAM_BACK_LEFT", "CAM_BACK", "CAM_BACK_RIGHT"], "token": "fc8fcb598642462e800d1f0a96b216fc", "scene": "scene-0121"}, {"images": ["samples/CAM_FRONT_LEFT/n015-2018-08-01-16-32-59+0800__CAM_FRONT_LEFT__1533112536154844.jpg", "samples/CAM_FRONT/n015-2018-08-01-16-32-59+0800__CAM_FRONT__1533112536162460.jpg", "samples/CAM_FRONT_RIGHT/n015-2018-08-01-16-32-59+0800__CAM_FRONT_RIGHT__1533112536170339.jpg", "samples/CAM_BACK_LEFT/n015-2018-08-01-16-32-59+0800__CAM_BACK_LEFT__1533112536197423.jpg", "samples/CAM_BACK/n015-2018-08-01-16-32-59+0800__CAM_BACK__1533112536187525.jpg", "samples/CAM_BACK_RIGHT/n015-2018-08-01-16-32-59+0800__CAM_BACK_RIGHT__1533112536177893.jpg"], "intrinsics": [[[1272.5979470598488, 0.0, 826.6154927353808], [0.0, 1272.5979470598488, 479.75165386361925], [0.0, 0.0, 1.0]], [[1266.417203046554, 0.0, 816.2670197447984], [0.0, 1266.417203046554, 491.50706579294757], [0.0, 0.0, 1.0]], [[1260.8474446004698, 0.0, 807.968244525554], [0.0, 1260.8474446004698, 495.3344268742088], [0.0, 0.0, 1.0]], [[1256.7414812095406, 0.0, 792.1125740759628], [0.0, 1256.7414812095406, 492.7757465151356], [0.0, 0.0, 1.0]], [[809.2209905677063, 0.0, 829.2196003259838], [0.0, 809.2209905677063, 481.77842384512485], [0.0, 0.0, 1.0]], [[1259.5137405846733, 0.0, 807.2529053838625], [0.0, 1259.5137405846733, 501.19579884916527], [0.0, 0.0, 1.0]]], "extrinsics": [[[0.8214917778968811, -0.5699000954627991, 0.019108422100543976, -0.56219482421875], [0.012058014050126076, -0.01614139974117279, -0.9997970461845398, 1.514181137084961], [0.5700927972793579, 0.821555495262146, -0.0063881645910441875, -1.0040283203125], [0.0, 0.0, 0.0, 1.0]], [[0.006772803608328104, -0.9997681975364685, 0.020432332530617714, 0.0101318359375], [0.00696886982768774, -0.02038511447608471, -0.9997679591178894, 1.5233821868896484], [0.9999527335166931, 0.0069136288948357105, 0.0068291896022856236, -1.290191650390625], [0.0, 0.0, 0.0, 1.0]], [[-0.8322804570198059, -0.5542848110198975, -0.008800623007118702, 0.77288818359375], [0.012787031009793282, -0.0033241764176636934, -0.999912679195404, 1.5076496601104736], [0.5542072057723999, -0.8323203921318054, 0.009854305535554886, -1.0738525390625], [0.0, 0.0, 0.0, 1.0]], [[0.9476143717765808, 0.3192582428455353, 0.010061443783342838, -1.13751220703125], [0.022175200283527374, -0.03433114290237427, -0.9991644024848938, 1.5886611938476562], [-0.31864607334136963, 0.947045624256134, -0.0396122969686985, -0.105224609375], [0.0, 0.0, 0.0, 1.0]], [[0.0021701264195144176, 0.9997069835662842, -0.024107923731207848, 0.002197265625], [-0.00349203660