[{"images": ["samples/CAM_FRONT_LEFT/n015-2018-11-21-19-21-35+0800__CAM_FRONT_LEFT__1542799702354844.jpg", "samples/CAM_FRONT/n015-2018-11-21-19-21-35+0800__CAM_FRONT__1542799702362460.jpg", "samples/CAM_FRONT_RIGHT/n015-2018-11-21-19-21-35+0800__CAM_FRONT_RIGHT__1542799702370339.jpg", "samples/CAM_BACK_LEFT/n015-2018-11-21-19-21-35+0800__CAM_BACK_LEFT__1542799702397423.jpg", "samples/CAM_BACK/n015-2018-11-21-19-21-35+0800__CAM_BACK__1542799702387525.jpg", "samples/CAM_BACK_RIGHT/n015-2018-11-21-19-21-35+0800__CAM_BACK_RIGHT__1542799702377893.jpg"], "intrinsics": [[[1272.5979470598488, 0.0, 826.6154927353808], [0.0, 1272.5979470598488, 479.75165386361925], [0.0, 0.0, 1.0]], [[1266.417203046554, 0.0, 816.2670197447984], [0.0, 1266.417203046554, 491.50706579294757], [0.0, 0.0, 1.0]], [[1260.8474446004698, 0.0, 807.968244525554], [0.0, 1260.8474446004698, 495.3344268742088], [0.0, 0.0, 1.0]], [[1256.7414812095406, 0.0, 792.1125740759628], [0.0, 1256.7414812095406, 492.7757465151356], [0.0, 0.0, 1.0]], [[809.2209905677063, 0.0, 829.2196003259838], [0.0, 809.2209905677063, 481.77842384512485], [0.0, 0.0, 1.0]], [[1259.5137405846733, 0.0, 807.2529053838625], [0.0, 1259.5137405846733, 501.19579884916527], [0.0, 0.0, 1.0]]], "extrinsics": [[[0.8194599747657776, -0.572673499584198, 0.023029349744319916, -0.6328125], [0.02883130870759487, 0.0010587871074676514, -0.9995837211608887, 1.519927978515625], [0.5724107623100281, 0.8197827935218811, 0.017378561198711395, -1.048095703125], [0.0, 0.0, 0.0, 1.0]], [[0.0041794427670538425, -0.9999872446060181, 0.0028196191415190697, 0.00628662109375], [0.023305198177695274, -0.0027214738074690104, -0.9997246861457825, 1.5283241271972656], [0.9997196793556213, 0.004243993200361729, 0.023293526843190193, -1.358154296875], [0.0, 0.0, 0.0, 1.0]], [[-0.8329806923866272, -0.5523697137832642, -0.03210603445768356, 0.81494140625], [0.028716128319501877, 0.014789551496505737, -0.9994781613349915, 1.5111465454101562], [0.5525563359260559, -0.833467960357666, 0.0035425082314759493, -1.10467529296875], [0.0, 0.0, 0.0, 1.0]], [[0.9473888278007507, 0.31866568326950073, 0.03010883741080761, -1.132080078125], [0.03671148419380188, -0.014732626266777515, -0.9992172718048096, 1.5889358520507812], [-0.31797266006469727, 0.9477525949478149, -0.025656219571828842, -0.106658935546875], [0.0, 0.0, 0.0, 1.0]], [[0.0031114278826862574, 0.9999831318855286, -0.004916405770927668, 0.00323486328125], [0.011513087898492813, -0.004951925482600927, -0.9999215006828308, 1.5805206298828125], [-0.9999288320541382, 0.00305467308498919, -0.011528301052749157, -0.09912109375], [0.0, 0.0, 0.0, 1.0]], [[-0.933761715888977, 0.3558822274208069, -0.037905994802713394, 0.95849609375], [0.04437797889113426, 0.010036241263151169, -0.9989644289016724, 1.559906005859375], [-0.3551332354545593, -0.9344769716262817, -0.025164790451526642, -0.1314697265625], [0.0, 0.0, 0.0, 1.0]]], "view": [[0.0, -2.0, 100.0], [-2.0, 0.0, 100.0], [0.0, 0.0, 1.0]], "bev": "bev_f9ad282e31ce47d5a16dffc3b25c456a.png", "aux": "aux_f9ad282e31ce47d5a16dffc3b25c456a.npz", "visibility": "visibility_f9ad282e31ce47d5a16dffc3b25c456a.png", "pose": [[-0.5639970302581787, 0.8257768154144287, 0.0, 742.7511596679688], [-0.8257768154144287, -0.5639970302581787, 0.0, 2217.335205078125], [0.0, 0.0, 1.0, 0.0], [0.0, 0.0, 0.0, 1.0]], "pose_inverse": [[-0.5639970302581787, -0.8257768154144287, 0.0, 2249.933349609375], [0.8257768154144287, -0.5639970302581787, 0.0, 637.2238159179688], [0.0, 0.0, 1.0, 0.0], [0.0, 0.0, 0.0, 1.0]], "cam_ids": [0, 1, 2, 3, 4, 5], "cam_channels": ["CAM_FRONT_LEFT", "CAM_FRONT", "CAM_FRONT_RIGHT", "CAM_BACK_LEFT", "CAM_BACK", "CAM_BACK_RIGHT"], "token": "f9ad282e31ce47d5a16dffc3b25c456a", "scene": "scene-1072"}, {"images": ["samples/CAM_FRONT_LEFT/n015-2018-11-21-19-21-35+0800__CAM_FRONT_LEFT__1542799702854844.jpg", "samples/CAM_FRONT/n015-2018-11-21-19-21-35+0800__CAM_FRONT__1542799702862460.jpg", "samples/CAM_FRONT_RIGHT/n015-2018-11-21-19-21-35+0800__CAM_FRONT_RIGHT__1542799702870339.jpg", "samples/CAM_BACK_LEFT/n015-2018-11-21-19-21-35+0800__CAM_BACK_LEFT__1542799702897460.jpg", "samples/CAM_BACK/n015-2018-11-21-19-21-35+0800__CAM_BACK__1542799702887525.jpg", "samples/CAM_BACK_RIGHT/n015-2018-11-21-19-21-35+0800__CAM_BACK_RIGHT__1542799702877893.jpg"], "intrinsics": [[[1272.5979470598488, 0.0, 826.6154927353808], [0.0, 1272.5979470598488, 479.75165386361925], [0.0, 0.0, 1.0]], [[1266.417203046554, 0.0, 816.2670197447984], [0.0, 1266.417203046554, 491.50706579294757], [0.0, 0.0, 1.0]], [[1260.8474446004698, 0.0, 807.968244525554], [0.0, 1260.8474446004698, 495.3344268742088], [0.0, 0.0, 1.0]], [[1256.7414812095406, 0.0, 792.1125740759628], [0.0, 1256.7414812095406, 492.7757465151356], [0.0, 0.0, 1.0]], [[809.2209905677063, 0.0, 829.2196003259838], [0.0, 809.2209905677063, 481.77842384512485], [0.0, 0.0, 1.0]], [[1259.5137405846733, 0.0, 807.2529053838625], [0.0, 1259.5137405846733, 501.19579884916527], [0.0, 0.0, 1.0]]], "extrinsics": [[[0.8203832507133484, -0.5714806914329529, 0.01952054537832737, -0.6436767578125], [0.021645324304699898, -0.003076949855312705, -0.9997609853744507, 1.5167007446289062], [0.571404218673706, 0.8206097483634949, 0.009845606982707977, -1.05859375], [0.0, 0.0, 0.0, 1.0]], [[0.005306724924594164, -0.999958336353302, 0.0074370321817696095, 0.00823974609375], [0.01644870825111866, -0.0073488433845341206, -0.9998376965522766, 1.5258255004882812], [0.9998506307601929, 0.005428188480436802, 0.016409022733569145, -1.37158203125], [0.0, 0.0, 0.0, 1.0]], [[-0.8327043056488037, -0.5532060861587524, -0.02380339428782463, 0.825439453125], [0.022180728614330292, 0.009628326632082462, -0.9997075796127319, 1.5091590881347656], [0.5532734990119934, -0.8329887986183167, 0.004252966493368149, -1.1099853515625], [0.0, 0.0, 0.0, 1.0]], [[0.9474934339523315, 0.31897491216659546, 0.02260909043252468, -1.139892578125], [0.031098175793886185, -0.021545302122831345, -0.999284029006958, 1.5885963439941406], [-0.31825944781303406, 0.9475182890892029, -0.030333569273352623, -0.10357666015625], [0.0, 0.0, 0.0, 1.0]], [[0.0027713493909686804, 0.999933123588562, -0.011231576092541218, 0.00250244140625], [0.005639142822474241, -0.011247067712247372, -0.9999208450317383, 1.579885482788086], [-0.9999802112579346, 0.0027077931445091963, -0.0056699346750974655, -0.091064453125], [0.0, 0.0, 0.0, 1.0]], [[-0.9341968297958374, 0.3551231026649475, -0.03411354869604111, 0.9671630859375], [0.03815574571490288, 0.0043832678347826, -0.9992622137069702, 1.5583343505859375], [-0.3547115921974182, -0.9348093271255493, -0.01764482446014881, -0.1268310546875], [0.0, 0.0, 0.0, 1.0]]], "view": [[0.0, -2.0, 100.0], [-2.0, 0.0, 100.0], [0.0, 0.0, 1.0]], "bev": "bev_0b8bdcce84ce40a8982a6a5909ce7b33.png", "aux": "aux_0b8bdcce84ce40a8982a6a5909ce7b33.npz", "visibility": "visibility_0b8bdcce84ce40a8982a6a5909ce7b33.png", "pose": [[-0.5609250068664551, 0.8278666138648987, 0.0, 740.13671875], [-0.8278666138648987, -0.5609250068664551, 0.0, 2213.535888671875], [0.0, 0.0, 1.0, 0.0], [0.0, 0.0, 0.0, 1.0]], "pose_inverse": [[-0.5609250068664551, -0.8278666138648987, 0.0, 2247.673583984375], [0.8278666138648987, -0.5609250068664551, 0.0, 628.8931274414062], [0.0, 0.0, 1.0, 0.0], [0.0, 0.0, 0.0, 1.0]], "cam_ids": [0, 1, 2, 3, 4, 5], "cam_channels": ["CAM_FRONT_LEFT", "CAM_FRONT", "CAM_FRONT_RIGHT", "CAM_BACK_LEFT", "CAM_BACK", "CAM_BACK_RIGHT"], "token": "0b8bdcce84ce40a8982a6a5909ce7b33", "scene": "scene-1072"}, {"images": ["samples/CAM_FRONT_LEFT/n015-2018-11-21-19-21-35+0800__CAM_FRONT_LEFT__1542799703354844.jpg", "samples/CAM_FRONT/n015-2018-11-21-19-21-35+0800__CAM_FRONT__1542799703362460.jpg", "samples/CAM_FRONT_RIGHT/n015-2018-11-21-19-21-35+0800__CAM_FRONT_RIGHT__1542799703370339.jpg", "samples/CAM_BACK_LEFT/n015-2018-11-21-19-21-35+0800__CAM_BACK_LEFT__1542799703397423.jpg", "samples/CAM_BACK/n015-2018-11-21-19-21-35+0800__CAM_BACK__1542799703387525.jpg", "samples/CAM_BACK_RIGHT/n015-2018-11-21-19-21-35+0800__CAM_BACK_RIGHT__1542799703377893.jpg"], "intrinsics": [[[1272.5979470598488, 0.0, 826.6154927353808], [0.0, 1272.5979470598488, 479.75165386361925], [0.0, 0.0, 1.0]], [[1266.417203046554, 0.0, 816.2670197447984], [0.0, 1266.417203046554, 491.50706579294757], [0.0, 0.0, 1.0]], [[1260.8474446004698, 0.0, 807.968244525554], [0.0, 1260.8474446004698, 495.3344268742088], [0.0, 0.0, 1.0]], [[1256.7414812095406, 0.0, 792.1125740759628], [0.0, 1256.7414812095406, 492.7757465151356], [0.0, 0.0, 1.0]], [[809.2209905677063, 0.0, 829.2196003259838], [0.0, 809.2209905677063, 481.77842384512485], [0.0, 0.0, 1.0]], [[1259.5137405846733, 0.0, 807.2529053838625], [0.0, 1259.5137405846733, 501.19579884916527], [0.0, 0.0, 1.0]]], "extrinsics": [[[0.8198670744895935, -0.5719133019447327, 0.027076799422502518, -0.6536865234375], [0.020127739757299423, -0.01847241446375847, -0.9996267557144165, 1.5159072875976562], [0.5722000002861023, 0.820106029510498, -0.0036336020566523075, -1.0654296875], [0.0, 0.0, 0.0, 1.0]], [[0.0045264894142746925, -0.999732494354248, 0.02267901785671711, 0.0079345703125], [0.014636433683335781, -0.022610587999224663, -0.999637246131897, 1.5251216888427734], [0.9998826384544373, 0.004856741521507502, 0.014530174434185028, -1.381591796875], [0.0, 0.0, 0.0, 1.0]], [[-0.8331007957458496, -0.5529518127441406, -0.013681484386324883, 0.83203125], [0.02003820426762104, -0.0054531157948076725, -0.9997842907905579, 1.5084800720214844], [0.552757978439331, -0.8331953287124634, 0.015623158775269985, -1.11444091796875], [0.0, 0.0, 0.0, 1.0]], [[0.9476379156112671, 0.31899556517601013, 0.014968609437346458, -1.1416015625], [0.027807097882032394, -0.035730283707380295, -0.9989745020866394, 1.5885391235351562], [-0.318133682012558, 0.9470824599266052, -0.04272971674799919, -0.1032867431640625], [0.0, 0.0, 0.0, 1.0]], [[0.003011868102476001, 0.9996641874313354, -0.025739068165421486, 0.00274658203125], [0.00270396308042109, -0.025747228413820267, -0.999664843082428, 1.5796089172363281], [-0.999991774559021, 0.0029413318261504173, -0.0027806039433926344, -0.08740234375], [0.0, 0.0, 0.0, 1.0]], [[-0.9341117739677429, 0.35505393147468567, -0.037039656192064285, 0.9730224609375], [0.03564959391951561, -0.010458646342158318, -0.9993095993995667, 1.55767822265625], [-0.3551962077617645, -0.9347873330116272, -0.0028879879973828793, -0.1248779296875], [0.0, 0.0, 0.0, 1.0]]], "view": [[0.0, -2.0, 100.0], [-2.0, 0.0, 100.0], [0.0, 0.0, 1.0]], "bev": "bev_86ff27b6b2664e408b4a7af25f0b08b4.png", "aux": "aux_86ff27b6b2664e408b4a7af25f0b08b4.npz", "visibility": "visibility_86ff27b6b2664e408b4a7af25f0b08b4.png", "pose": [[-0.5575686693191528, 0.8301308155059814, 0.0, 737.5932006835938], [-0.8301308155059814, -0.5575686693191528, 0.0, 2209.84423828125], [0.0, 0.0, 1.0, 0.0], [0.0, 0.0, 0.0, 1.0]], "pose_inverse": [[-0.5575686693191528, -0.8301308155059814, 0.0, 2245.71875], [0.8301308155059814, -0.5575686693191528, 0.0, 619.8410034179688], [0.0, 0.0, 1.0, 0.0], [0.0, 0.0, 0.0, 1.0]], "cam_ids": [0, 1, 2, 3, 4, 5], "cam_channels": ["CAM_FRONT_LEFT", "CAM_FRONT", "CAM_FRONT_RIGHT", "CAM_BACK_LEFT", "CAM_BACK", "CAM_BACK_RIGHT"], "token": "86ff27b6b2664e408b4a7af25f0b08b4", "scene": "scene-1072"}, {"images": ["samples/CAM_FRONT_LEFT/n015-2018-11-21-19-21-35+0800__CAM_FRONT_LEFT__1542799703854844.jpg", "samples/CAM_FRONT/n015-2018-11-21-19-21-35+0800__CAM_FRONT__1542799703862460.jpg", "samples/CAM_FRONT_RIGHT/n015-2018-11-21-19-21-35+0800__CAM_FRONT_RIGHT__1542799703870339.jpg", "samples/CAM_BACK_LEFT/n015-2018-11-21-19-21-35+0800__CAM_BACK_LEFT__1542799703897423.jpg", "samples/CAM_BACK/n015-2018-11-21-19-21-35+0800__CAM_BACK__1542799703887530.jpg", "samples/CAM_BACK_RIGHT/n015-2018-11-21-19-21-35+0800__CAM_BACK_RIGHT__1542799703877893.jpg"], "intrinsics": [[[1272.5979470598488, 0.0, 826.6154927353808], [0.0, 1272.5979470598488, 479.75165386361925], [0.0, 0.0, 1.0]], [[1266.417203046554, 0.0, 816.2670197447984], [0.0, 1266.417203046554, 491.50706579294757], [0.0, 0.0, 1.0]], [[1260.8474446004698, 0.0, 807.968244525554], [0.0, 1260.8474446004698, 495.3344268742088], [0.0, 0.0, 1.0]], [[1256.7414812095406, 0.0, 792.1125740759628], [0.0, 1256.7414812095406, 492.7757465151356], [0.0, 0.0, 1.0]], [[809.2209905677063, 0.0, 829.2196003259838], [0.0, 809.2209905677063, 481.77842384512485], [0.0, 0.0, 1.0]], [[1259.5137405846733, 0.0, 807.2529053838625], [0.0, 1259.5137405846733, 501.19579884916527], [0.0, 0.0, 1.0]]], "extrinsics": [[[0.8200860023498535, -0.5713559985160828, 0.031802594661712646, -0.6573486328125], [0.022885065525770187, -0.022784899920225143, -0.9994783997535706, 1.5168533325195312], [0.571782648563385, 0.8203860521316528, -0.005610055755823851, -1.0701904296875], [0.0, 0.0, 0.0, 1.0]], [[0.0049295551143586636, -0.9996230602264404, 0.02700819820165634, 0.00933837890625], [0.017879871651530266, -0.026916101574897766, -0.9994778037071228, 1.5260677337646484], [0.9998279809951782, 0.005409823730587959, 0.017740445211529732, -1.386962890625], [0.0, 0.0, 0.0, 1.0]], [[-0.8328122496604919, -0.5533674359321594, -0.01442626304924488, 0.836669921875], [0.023807941004633904, -0.009769381023943424, -0.9996687769889832, 1.5092849731445312], [0.5530432462692261, -0.832879900932312, 0.021310599520802498, -1.11639404296875], [0.0, 0.0, 0.0, 1.0]], [[0.9475182890892029, 0.3191498816013336, 0.01877504028379917, -1.14111328125], [0.03340562433004379, -0.04043002054095268, -0.998623788356781, 1.588592529296875], [-0.3179515600204468, 0.9468414187431335, -0.048969585448503494, -0.1040191650390625], [0.0, 0.0, 0.0, 1.0]], [[0.003016301430761814, 0.999537467956543, -0.030264630913734436, 0.002197265625], [0.007669580634683371, -0.03028699941933155, -0.9995118379592896, 1.5800466537475586], [-0.999966025352478, 0.0027826395817101, -0.007757386192679405, -0.085205078125], [0.0, 0.0, 0.0, 1.0]], [[-0.93404620885849, 0.35459983348846436, -0.042621780186891556, 0.976318359375], [0.039952538907527924, -0.01484921295195818, -0.9990912675857544, 1.5582962036132812], [-0.3549104928970337, -0.9349002838134766, -0.00029731422546319664, -0.1226806640625], [0.0, 0.0, 0.0, 1.0]]], "view": [[0.0, -2.0, 100.0], [-2.0, 0.0, 100.0], [0.0, 0.0, 1.0]], "bev": "bev_75987ced752e441ab0a8b8cb02804fa0.png", "aux": "aux_75987ced752e441ab0a8b8cb02804fa0.npz", "visibility": "visibility_75987ced752e441ab0a8b8cb02804fa0.png", "pose": [[-0.5522692799568176, 0.8336657881736755, 0.0, 735.111083984375], [-0.8336657881736755, -0.5522692799568176, 0.0, 2206.1904296875], [0.0, 0.0, 1.0, 0.0], [0.0, 0.0, 0.0, 1.0]], "pose_inverse": [[-0.5522692799568176, -0.8336657881736755, 0.0, 2245.204833984375], [0.8336657881736755, -0.5522692799568176, 0.0, 605.57421875], [0.0, 0.0, 1.0, 0.0], [0.0, 0.0, 0.0, 1.0]], "cam_ids": [0, 1, 2, 3, 4, 5], "cam_channels": ["CAM_FRONT_LEFT", "CAM_FRONT", "CAM_FRONT_RIGHT", "CAM_BACK_LEFT", "CAM_BACK", "CAM_BACK_RIGHT"], "token": "75987ced752e441ab0a8b8cb02804fa0", "scene": "scene-1072"}, {"images": ["samples/CAM_FRONT_LEFT/n015-2018-11-21-19-21-35+0800__CAM_FRONT_LEFT__1542799704354844.jpg", "samples/CAM_FRONT/n015-2018-11-21-19-21-35+0800__CAM_FRONT__1542799704362460.jpg", "samples/CAM_FRONT_RIGHT/n015-2018-11-21-19-21-35+0800__CAM_FRONT_RIGHT__1542799704370339.jpg", "samples/CAM_BACK_LEFT/n015-2018-11-21-19-21-35+0800__CAM_BACK_LEFT__1542799704397423.jpg", "samples/CAM_BACK/n015-2018-11-21-19-21-35+0800__CAM_BACK__1542799704387525.jpg", "samples/CAM_BACK_RIGHT/n015-2018-11-21-19-21-35+0800__CAM_BACK_RIGHT__1542799704377893.jpg"], "intrinsics": [[[1272.5979470598488, 0.0, 826.6154927353808], [0.0, 1272.5979470598488, 479.75165386361925], [0.0, 0.0, 1.0]], [[1266.417203046554, 0.0, 816.2670197447984], [0.0, 1266.417203046554, 491.50706579294757], [0.0, 0.0, 1.0]], [[1260.8474446004698, 0.0, 807.968244525554], [0.0, 1260.8474446004698, 495.3344268742088], [0.0, 0.0, 1.0]], [[1256.7414812095406, 0.0, 792.1125740759628], [0.0, 1256.7414812095406, 492.7757465151356], [0.0, 0.0, 1.0]], [[809.2209905677063, 0.0, 829.2196003259838], [0.0, 809.2209905677063, 481.77842384512485], [0.0, 0.0, 1.0]], [[1259.5137405846733, 0.0, 807.2529053838625], [0.0, 1259.5137405846733, 501.19579884916527], [0.0, 0.0, 1.0]]], "extrinsics": [[[0.8195365071296692, -0.5715314149856567, 0.0413745753467083, -0.6683349609375], [0.036274246871471405, -0.020315127447247505, -0.9991353154182434, 1.5213623046875], [0.571877658367157, 0.8203287124633789, 0.0040828813798725605, -1.0771484375], [0.0, 0.0, 0.0, 1.0]], [[0.004444722086191177, -0.9996955394744873, 0.024273453280329704, 0.0089111328125], [0.030877510085701942, -0.024124914780259132, -0.9992319941520691, 1.5297126770019531], [0.9995132684707642, 0.005190738942474127, 0.030760880559682846, -1.3974609375], [0.0, 0.0, 0.0, 1.0]], [[-0.8326568603515625, -0.5531490445137024, -0.02662346139550209, 0.843017578125], [0.03639771416783333, -0.006691832561045885, -0.9993149638175964, 1.5119857788085938], [0.5525919198989868, -0.8330554962158203, 0.025705359876155853, -1.1207275390625], [0.0, 0.0, 0.0, 1.0]], [[0.9471983909606934, 0.31918448209762573, 0.030602678656578064, -1.141845703125], [0.04457695037126541, -0.036566462367773056, -0.9983364939689636, 1.588592529296875], [-0.3175344467163086, 0.946986973285675, -0.048863962292671204, -0.104278564453125], [0.0, 0.0, 0.0, 1.0]], [[0.0034411861561238766, 0.9996383190155029, -0.026676060631871223, 0.002197265625], [0.01936158910393715, -0.026737820357084274, -0.9994549751281738, 1.5809898376464844], [-0.9998066425323486, 0.0029227749910205603, -0.01944659650325775, -0.081298828125], [0.0, 0.0, 0.0, 1.0]], [[-0.9334120154380798, 0.35489222407341003, -0.05285348743200302, 0.9820556640625], [0.05214713141322136, -0.011562038213014603, -0.9985724687576294, 1.56005859375], [-0.3549967408180237, -0.9348357319831848, -0.007714470848441124, -0.1207275390625], [0.0, 0.0, 0.0, 1.0]]], "view": [[0.0, -2.0, 100.0], [-2.0, 0.0, 100.0], [0.0, 0.0, 1.0]], "bev": "bev_b6b30633eec84beb9a5ab65f0b950689.png", "aux": "aux_b6b30633eec84beb9a5ab65f0b950689.npz", "visibility": "visibility_b6b30633eec84beb9a5ab65f0b950689.png", "pose": [[-0.5481585264205933, 0.8363744616508484, 0.0, 732.7645263671875], [-0.8363744616508484, -0.5481585264205933, 0.0, 2202.685546875], [0.0, 0.0, 1.0, 0.0], [0.0, 0.0, 0.0, 1.0]], "pose_inverse": [[-0.5481585264205933, -0.8363744616508484, 0.0, 2243.941162109375], [0.8363744616508484, -0.5481585264205933, 0.0, 594.5552368164062], [0.0, 0.0, 1.0, 0.0], [0.0, 0.0, 0.0, 1.0]], "cam_ids": [0, 1, 2, 3, 4, 5], "cam_channels": ["CAM_FRONT_LEFT", "CAM_FRONT", "CAM_FRONT_RIGHT", "CAM_BACK_LEFT", "CAM_BACK", "CAM_BACK_RIGHT"], "token": "b6b30633eec84beb9a5ab65f0b950689", "scene": "scene-1072"}, {"images": ["samples/CAM_FRONT_LEFT/n015-2018-11-21-19-21-35+0800__CAM_FRONT_LEFT__1542799704854844.jpg", "samples/CAM_FRONT/n015-2018-11-21-19-21-35+0800__CAM_FRONT__1542799704862460.jpg", "samples/CAM_FRONT_RIGHT/n015-2018-11-21-19-21-35+0800__CAM_FRONT_RIGHT__1542799704870339.jpg", "samples/CAM_BACK_LEFT/n015-2018-11-21-19-21-35+0800__CAM_BACK_LEFT__1542799704897423.jpg", "samples/CAM_BACK/n015-2018-11-21-19-21-35+0800__CAM_BACK__1542799704887525.jpg", "samples/CAM_BACK_RIGHT/n015-2018-11-21-19-21-35+0800__CAM_BACK_RIGHT__1542799704877893.jpg"], "intrinsics": [[[1272.5979470598488, 0.0, 826.6154927353808], [0.0, 1272.5979470598488, 479.75165386361925], [0.0, 0.0, 1.0]], [[1266.417203046554, 0.0, 816.2670197447984], [0.0, 1266.417203046554, 491.50706579294757], [0.0, 0.0, 1.0]], [[1260.8474446004698, 0.0, 807.968244525554], [0.0, 1260.8474446004698, 495.3344268742088], [0.0, 0.0, 1.0]], [[1256.7414812095406, 0.0, 792.1125740759628], [0.0, 1256.7414812095406, 492.7757465151356], [0.0, 0.0, 1.0]], [[809.2209905677063, 0.0, 829.2196003259838], [0.0, 809.2209905677063, 481.77842384512485], [0.0, 0.0, 1.0]], [[1259.5137405846733, 0.0, 807.2529053838625], [0.0, 1259.5137405846733, 501.19579884916527], [0.0, 0.0, 1.0]]], "extrinsics": [[[0.8202153444290161, -0.5711445808410645, 0.03225911036133766, -0.6614990234375], [0.032639067620038986, -0.009576172567903996, -0.9994212985038757, 1.5203170776367188], [0.5711230039596558, 0.8207935690879822, 0.010787107981741428, -1.069580078125], [0.0, 0.0, 0.0, 1.0]], [[0.005330685991793871, -0.9998908042907715, 0.013780447654426098, 0.00714111328125], [0.0271680299192667, -0.013630745932459831, -0.999538004398346, 1.5287895202636719], [0.9996166229248047, 0.005702575668692589, 0.027092404663562775, -1.388916015625], [0.0, 0.0, 0.0, 1.0]], [[-0.8323898315429688, -0.5534240007400513, -0.029138075187802315, 0.8369140625], [0.032603874802589417, 0.0035836256574839354, -0.9994619488716125, 1.5112991333007812], [0.5532306432723999, -0.8328920006752014, 0.015060790814459324, -1.11859130859375], [0.0, 0.0, 0.0, 1.0]], [[0.9472578763961792, 0.3190726339817047, 0.029918206855654716, -1.141357421875], [0.04054774343967438, -0.02672199346125126, -0.9988201856613159, 1.5885696411132812], [-0.3178967237472534, 0.9473534822463989, -0.03825029358267784, -0.103790283203125], [0.0, 0.0, 0.0, 1.0]], [[0.002986716106534004, 0.9998562335968018, -0.01669161580502987, 0.0029296875], [0.015409769490361214, -0.016735725104808807, -0.9997411966323853, 1.5806636810302734], [-0.999876856803894, 0.002728694351390004, -0.015457537025213242, -0.0830078125], [0.0, 0.0, 0.0, 1.0]], [[-0.9337939023971558, 0.35488784313201904, -0.045645590871572495, 0.978515625], [0.04828982055187225, -0.0014076299266889691, -0.9988324046134949, 1.5596084594726562], [-0.3545377850532532, -0.9349079132080078, -0.015823036432266235, -0.123046875], [0.0, 0.0, 0.0, 1.0]]], "view": [[0.0, -2.0, 100.0], [-2.0, 0.0, 100.0], [0.0, 0.0, 1.0]], "bev": "bev_99a58537511945f3bb382ed73b882ef3.png", "aux": "aux_99a58537511945f3bb382ed73b882ef3.npz", "visibility": "visibility_99a58537511945f3bb382ed73b882ef3.png", "pose": [[-0.5452975034713745, 0.8382425904273987, 0.0, 730.4379272460938], [-0.8382425904273987, -0.5452975034713745, 0.0, 2199.153076171875], [0.0, 0.0, 1.0, 0.0], [0.0, 0.0, 0.0, 1.0]], "pose_inverse": [[-0.5452975034713745, -0.8382425904273987, 0.0, 2241.729736328125], [0.8382425904273987, -0.5452975034713745, 0.0, 586.908447265625], [0.0, 0.0, 1.0, 0.0], [0.0, 0.0, 0.0, 1.0]], "cam_ids": [0, 1, 2, 3, 4, 5], "cam_channels": ["CAM_FRONT_LEFT", "CAM_FRONT", "CAM_FRONT_RIGHT", "CAM_BACK_LEFT", "CAM_BACK", "CAM_BACK_RIGHT"], "token": "99a58537511945f3bb382ed73b882ef3", "scene": "scene-1072"}, {"images": ["samples/CAM_FRONT_LEFT/n015-2018-11-21-19-21-35+0800__CAM_FRONT_LEFT__1542799705354844.jpg", "samples/CAM_FRONT/n015-2018-11-21-19-21-35+0800__CAM_FRONT__1542799705362460.jpg", "samples/CAM_FRONT_RIGHT/n015-2018-11-21-19-21-35+0800__CAM_FRONT_RIGHT__1542799705370339.jpg", "samples/CAM_BACK_LEFT/n015-2018-11-21-19-21-35+0800__CAM_BACK_LEFT__1542799705397423.jpg", "samples/CAM_BACK/n015-2018-11-21-19-21-35+0800__CAM_BACK__1542799705387525.jpg", "samples/CAM_BACK_RIGHT/n015-2018-11-21-19-21-35+0800__CAM_BACK_RIGHT__1542799705377893.jpg"], "intrinsics": [[[1272.5979470598488, 0.0, 826.6154927353808], [0.0, 1272.5979470598488, 479.75165386361925], [0.0, 0.0, 1.0]], [[1266.417203046554, 0.0, 816.2670197447984], [0.0, 1266.417203046554, 491.50706579294757], [0.0, 0.0, 1.0]], [[1260.8474446004698, 0.0, 807.968244525554], [0.0, 1260.8474446004698, 495.3344268742088], [0.0, 0.0, 1.0]], [[1256.7414812095406, 0.0, 792.1125740759628], [0.0, 1256.7414812095406, 492.7757465151356], [0.0, 0.0, 1.0]], [[809.2209905677063, 0.0, 829.2196003259838], [0.0, 809.2209905677063, 481.77842384512485], [0.0, 0.0, 1.0]], [[1259.5137405846733, 0.0, 807.2529053838625], [0.0, 1259.5137405846733, 501.19579884916527], [0.0, 0.0, 1.0]]], "extrinsics": [[[0.8206256628036499, -0.5706694722175598, 0.030162688344717026, -0.648681640625], [0.030737197026610374, -0.00862773135304451, -0.9994902610778809, 1.5200462341308594], [0.5706388354301453, 0.8211345672607422, 0.010460642166435719, -1.0645751953125], [0.0, 0.0, 0.0, 1.0]], [[0.005856960080564022, -0.9998989105224609, 0.012956392951309681, 0.00982666015625], [0.025277970358729362, -0.012804430909454823, -0.999598503112793, 1.5285263061523438], [0.9996632933616638, 0.006182125303894281, 0.025200417265295982, -1.3779296875], [0.0, 0.0, 0.0, 1.0]], [[-0.8322309851646423, -0.553725004196167, -0.027928777039051056, 0.829833984375], [0.030699271708726883, 0.004273728001862764, -0.9995195269584656, 1.511138916015625], [0.5535783171653748, -0.832688570022583, 0.013442229479551315, -1.111572265625], [0.0, 0.0, 0.0, 1.0]], [[0.9473438858985901, 0.31897398829460144, 0.028198515996336937, -1.14013671875], [0.038678787648677826, -0.026568494737148285, -0.9988983869552612, 1.5886611938476562], [-0.3178733289241791, 0.9473909735679626, -0.03750703111290932, -0.1049346923828125], [0.0, 0.0, 0.0, 1.0]], [[0.0027975167613476515, 0.9998623728752136, -0.016352536156773567, 0.002197265625], [0.013513250276446342, -0.01638890616595745, -0.9997743964195251, 1.5805931091308594], [-0.9999048113822937, 0.002575982827693224, -0.013557239435613155, -0.088623046875], [0.0, 0.0, 0.0, 1.0]], [[-0.9339802265167236, 0.3546452522277832, -0.04367741197347641, 0.970703125], [0.046383652836084366, -0.0008712249691598117, -0.9989233016967773, 1.5596466064453125], [-0.35430145263671875, -0.935000479221344, -0.015636036172509193, -0.124755859375], [0.0, 0.0, 0.0, 1.0]]], "view": [[0.0, -2.0, 100.0], [-2.0, 0.0, 100.0], [0.0, 0.0, 1.0]], "bev": "bev_8269fe5375974424ba92852ed8b33833.png", "aux": "aux_8269fe5375974424ba92852ed8b33833.npz", "visibility": "visibility_8269fe5375974424ba92852ed8b33833.png", "pose": [[-0.5454360842704773, 0.8381524085998535, 0.0, 728.0523681640625], [-0.8381524085998535, -0.5454360842704773, 0.0, 2195.50830078125], [0.0, 0.0, 1.0, 0.0], [0.0, 0.0, 0.0, 1.0]], "pose_inverse": [[-0.5454360842704773, -0.8381524085998535, 0.0, 2237.276611328125], [0.8381524085998535, -0.5454360842704773, 0.0, 587.2905883789062], [0.0, 0.0, 1.0, 0.0], [0.0, 0.0, 0.0, 1.0]], "cam_ids": [0, 1, 2, 3, 4, 5], "cam_channels": ["CAM_FRONT_LEFT", "CAM_FRONT", "CAM_FRONT_RIGHT", "CAM_BACK_LEFT", "CAM_BACK", "CAM_BACK_RIGHT"], "token": "8269fe5375974424ba92852ed8b33833", "scene": "scene-1072"}, {"images": ["samples/CAM_FRONT_LEFT/n015-2018-11-21-19-21-35+0800__CAM_FRONT_LEFT__1542799705854844.jpg", "samples/CAM_FRONT/n015-2018-11-21-19-21-35+0800__CAM_FRONT__1542799705862460.jpg", "samples/CAM_FRONT_RIGHT/n015-2018-11-21-19-21-35+0800__CAM_FRONT_RIGHT__1542799705870339.jpg", "samples/CAM_BACK_LEFT/n015-2018-11-21-19-21-35+0800__CAM_BACK_LEFT__1542799705897423.jpg", "samples/CAM_BACK/n015-2018-11-21-19-21-35+0800__CAM_BACK__1542799705887525.jpg", "samples/CAM_BACK_RIGHT/n015-2018-11-21-19-21-35+0800__CAM_BACK_RIGHT__1542799705877893.jpg"], "intrinsics": [[[1272.5979470598488, 0.0, 826.6154927353808], [0.0, 1272.5979470598488, 479.75165386361925], [0.0, 0.0, 1.0]], [[1266.417203046554, 0.0, 816.2670197447984], [0.0, 1266.417203046554, 491.50706579294757], [0.0, 0.0, 1.0]], [[1260.8474446004698, 0.0, 807.968244525554], [0.0, 1260.8474446004698, 495.3344268742088], [0.0, 0.0, 1.0]], [[1256.7414812095406, 0.0, 792.1125740759628], [0.0, 1256.7414812095406, 492.7757465151356], [0.0, 0.0, 1.0]], [[809.2209905677063, 0.0, 829.2196003259838], [0.0, 809.2209905677063, 481.77842384512485], [0.0, 0.0, 1.0]], [[1259.5137405846733, 0.0, 807.2529053838625], [0.0, 1259.5137405846733, 501.19579884916527], [0.0, 0.0, 1.0]]], "extrinsics": [[[0.8203490972518921, -0.5713008642196655, 0.025351310148835182, -0.65234375], [0.022974761202931404, -0.011369937099516392, -0.9996713399887085, 1.5169944763183594], [0.5714012980461121, 0.8206619024276733, 0.003798183286562562, -1.06396484375], [0.0, 0.0, 0.0, 1.0]], [[0.005270505789667368, -0.9998657703399658, 0.015511026605963707, 0.00775146484375], [0.017323344945907593, -0.015417622402310371, -0.9997310638427734, 1.5259571075439453], [0.9998360276222229, 0.005537865217775106, 0.0172397643327713, -1.38037109375], [0.0, 0.0, 0.0, 1.0]], [[-0.8327193260192871, -0.5533407926559448, -0.019808925688266754, 0.8310546875], [0.022595008835196495, 0.0017864819383248687, -0.9997430443763733, 1.5091133117675781], [0.5532341003417969, -0.8329529762268066, 0.011015105061233044, -1.11419677734375], [0.0, 0.0, 0.0, 1.0]], [[0.9475257992744446, 0.31909218430519104, 0.01936831697821617, -1.142822265625], [0.030084535479545593, -0.028688566759228706, -0.9991355538368225, 1.5885391235351562], [-0.31826072931289673, 0.9472893476486206, -0.036782898008823395, -0.1037139892578125], [0.0, 0.0, 0.0, 1.0]], [[0.0028203290421515703, 0.9998232126235962, -0.018590880557894707, 0.0028076171875], [0.0050955722108483315, -0.018605081364512444, -0.9998139142990112, 1.5798171758651733], [-0.9999829530715942, 0.0027250677812844515, -0.0051471455954015255, -0.087158203125], [0.0, 0.0, 0.0, 1.0]], [[-0.9341800808906555, 0.35489875078201294, -0.036803435534238815, 0.97265625], [0.03813491016626358, -0.003244862426072359, -0.9992673397064209, 1.5581283569335938], [-0.3547581434249878, -0.9348991513252258, -0.010502748191356659, -0.1251220703125], [0.0, 0.0, 0.0, 1.0]]], "view": [[0.0, -2.0, 100.0], [-2.0, 0.0, 100.0], [0.0, 0.0, 1.0]], "bev": "bev_ae463fd0ba0e430984c1fa560856f4d8.png", "aux": "aux_ae463fd0ba0e430984c1fa560856f4d8.npz", "visibility": "visibility_ae463fd0ba0e430984c1fa560856f4d8.png", "pose": [[-0.5478882193565369, 0.8365515470504761, 0.0, 725.6279296875], [-0.8365515470504761, -0.5478882193565369, 0.0, 2191.82275390625], [0.0, 0.0, 1.0, 0.0], [0.0, 0.0, 0.0, 1.0]], "pose_inverse": [[-0.5478882193565369, -0.8365515470504761, 0.0, 2231.1357421875], [0.8365515470504761, -0.5478882193565369, 0.0, 593.8486328125], [0.0, 0.0, 1.0, 0.0], [0.0, 0.0, 0.0, 1.0]], "cam_ids": [0, 1, 2, 3, 4, 5], "cam_channels": ["CAM_FRONT_LEFT", "CAM_FRONT", "CAM_FRONT_RIGHT", "CAM_BACK_LEFT", "CAM_BACK", "CAM_BACK_RIGHT"], "token": "ae463fd0ba0e430984c1fa560856f4d8", "scene": "scene-1072"}, {"images": ["samples/CAM_FRONT_LEFT/n015-2018-11-21-19-21-35+0800__CAM_FRONT_LEFT__1542799706354844.jpg", "samples/CAM_FRONT/n015-2018-11-21-19-21-35+0800__CAM_FRONT__1542799706362460.jpg", "samples/CAM_FRONT_RIGHT/n015-2018-11-21-19-21-35+0800__CAM_FRONT_RIGHT__1542799706370339.jpg", "samples/CAM_BACK_LEFT/n015-2018-11-21-19-21-35+0800__CAM_BACK_LEFT__1542799706397423.jpg", "samples/CAM_BACK/n015-2018-11-21-19-21-35+0800__CAM_BACK__1542799706387525.jpg", "samples/CAM_BACK_RIGHT/n015-2018-11-21-19-21-35+0800__CAM_BACK_RIGHT__1542799706377893.jpg"], "intrinsics": [[[1272.5979470598488, 0.0, 826.6154927353808], [0.0, 1272.5979470598488, 479.75165386361925], [0.0, 0.0, 1.0]], [[1266.417203046554, 0.0, 816.2670197447984], [0.0, 1266.417203046554, 491.50706579294757], [0.0, 0.0, 1.0]], [[1260.8474446004698, 0.0, 807.968244525554], [0.0, 1260.8474446004698, 495.3344268742088], [0.0, 0.0, 1.0]], [[1256.7414812095406, 0.0, 792.1125740759628], [0.0, 1256.7414812095406, 492.7757465151356], [0.0, 0.0, 1.0]], [[809.2209905677063, 0.0, 829.2196003259838], [0.0, 809.2209905677063, 481.77842384512485], [0.0, 0.0, 1.0]], [[1259.5137405846733, 0.0, 807.2529053838625], [0.0, 1259.5137405846733, 501.19579884916527], [0.0, 0.0, 1.0]]], "extrinsics": [[[0.8198279142379761, -0.5717658400535583, 0.031082164496183395, -0.6480712890625], [0.02735995501279831, -0.01510501280426979, -0.9995114803314209, 1.5188255310058594], [0.5719560384750366, 0.8202778100967407, 0.0032599763944745064, -1.06103515625], [0.0, 0.0, 0.0, 1.0]], [[0.004617051687091589, -0.9998044967651367, 0.01922423206269741, 0.00775146484375], [0.02220727875828743, -0.01911718212068081, -0.9995706081390381, 1.5276107788085938], [0.9997426867485046, 0.005042018368840218, 0.022114669904112816, -1.375], [0.0, 0.0, 0.0, 1.0]], [[-0.8328498601913452, -0.5530492663383484, -0.022307582199573517, 0.8271484375], [0.028004715219140053, -0.0018532273825258017, -0.9996060729026794, 1.51055908203125], [0.5527900457382202, -0.8331465125083923, 0.01703144982457161, -1.111328125], [0.0, 0.0, 0.0, 1.0]], [[0.9475372433662415, 0.31863924860954285, 0.025339443236589432, -1.136962890625], [0.0374324731528759, -0.03188519924879074, -0.9987903237342834, 1.5887298583984375], [-0.3174457848072052, 0.947339653968811, -0.042139872908592224, -0.1048736572265625], [0.0, 0.0, 0.0, 1.0]], [[0.003173969453200698, 0.9997536540031433, -0.021969517692923546, 0.0028076171875], [0.011703661642968655, -0.022005261853337288, -0.9996894001960754, 1.5804643630981445], [-0.9999265670776367, 0.0029159102123230696, -0.011770621873438358, -0.09130859375], [0.0, 0.0, 0.0, 1.0]], [[-0.9338197112083435, 0.3550783395767212, -0.043593380600214005, 0.96875], [0.044056277722120285, -0.006785646080970764, -0.9990060329437256, 1.559356689453125], [-0.3550211787223816, -0.9348119497299194, -0.009306860156357288, -0.1265869140625], [0.0, 0.0, 0.0, 1.0]]], "view": [[0.0, -2.0, 100.0], [-2.0, 0.0, 100.0], [0.0, 0.0, 1.0]], "bev": "bev_df957c9b8e194e7f88b9a3dc84f12174.png", "aux": "aux_df957c9b8e194e7f88b9a3dc84f12174.npz", "visibility": "visibility_df957c9b8e194e7f88b9a3dc84f12174.png", "pose": [[-0.5476799011230469, 0.8366879820823669, 0.0, 723.1659545898438], [-0.8366879820823669, -0.5476799011230469, 0.0, 2188.10009765625], [0.0, 0.0, 1.0, 0.0], [0.0, 0.0, 0.0, 1.0]], "pose_inverse": [[-0.5476799011230469, -0.8366879820823669, 0.0, 2226.820556640625], [0.8366879820823669, -0.5476799011230469, 0.0, 593.3141479492188], [0.0, 0.0, 1.0, 0.0], [0.0, 0.0, 0.0, 1.0]], "cam_ids": [0, 1, 2, 3, 4, 5], "cam_channels": ["CAM_FRONT_LEFT", "CAM_FRONT", "CAM_FRONT_RIGHT", "CAM_BACK_LEFT", "CAM_BACK", "CAM_BACK_RIGHT"], "token": "df957c9b8e194e7f88b9a3dc84f12174", "scene": "scene-1072"}, {"images": ["samples/CAM_FRONT_LEFT/n015-2018-11-21-19-21-35+0800__CAM_FRONT_LEFT__1542799706854844.jpg", "samples/CAM_FRONT/n015-2018-11-21-19-21-35+0800__CAM_FRONT__1542799706862460.jpg", "samples/CAM_FRONT_RIGHT/n015-2018-11-21-19-21-35+0800__CAM_FRONT_RIGHT__1542799706870339.jpg", "samples/CAM_BACK_LEFT/n015-2018-11-21-19-21-35+0800__CAM_BACK_LEFT__1542799706897423.jpg", "samples/CAM_BACK/n015-2018-11-21-19-21-35+0800__CAM_BACK__1542799706887525.jpg", "samples/CAM_BACK_RIGHT/n015-2018-11-21-19-21-35+0800__CAM_BACK_RIGHT__1542799706877893.jpg"], "intrinsics": [[[1272.5979470598488, 0.0, 826.6154927353808], [0.0, 1272.5979470598488, 479.75165386361925], [0.0, 0.0, 1.0]], [[1266.417203046554, 0.0, 816.2670197447984], [0.0, 1266.417203046554, 491.50706579294757], [0.0, 0.0, 1.0]], [[1260.8474446004698, 0.0, 807.968244525554], [0.0, 1260.8474446004698, 495.3344268742088], [0.0, 0.0, 1.0]], [[1256.7414812095406, 0.0, 792.1125740759628], [0.0, 1256.7414812095406, 492.7757465151356], [0.0, 0.0, 1.0]], [[809.2209905677063, 0.0, 829.2196003259838], [0.0, 809.2209905677063, 481.77842384512485], [0.0, 0.0, 1.0]], [[1259.5137405846733, 0.0, 807.2529053838625], [0.0, 1259.5137405846733, 501.19579884916527], [0.0, 0.0, 1.0]]], "extrinsics": [[[0.8195613622665405, -0.571943461894989, 0.03463982790708542, -0.645263671875], [0.04015719145536423, -0.0029731045942753553, -0.9991889595985413, 1.5238876342773438], [0.5715826153755188, 0.8202877044677734, 0.020531000569462776, -1.0589599609375], [0.0, 0.0, 0.0, 1.0]], [[0.004695320967584848, -0.9999637603759766, 0.007110195700079203, 0.00787353515625], [0.03433184325695038, -0.0069448878057301044, -0.9993863701820374, 1.5315322875976562], [0.9993994235992432, 0.004936616402119398, 0.03429798781871796, -1.37255859375], [0.0, 0.0, 0.0, 1.0]], [[-0.8323870301246643, -0.5528502464294434, -0.038581110537052155, 0.825927734375], [0.039448097348213196, 0.010333599522709846, -0.9991681575775146, 1.513458251953125], [0.552789032459259, -0.8332166075706482, 0.013207338750362396, -1.1103515625], [0.0, 0.0, 0.0, 1.0]], [[0.9471695423126221, 0.31850674748420715, 0.0377262681722641, -1.135986328125], [0.04648100584745407, -0.01992860995233059, -0.9987203478813171, 1.588836669921875], [-0.31734734773635864, 0.9477111101150513, -0.03368028253316879, -0.1052703857421875], [0.0, 0.0, 0.0, 1.0]], [[0.003186943707987666, 0.9999460577964783, -0.009887170977890491, 0.00274658203125], [0.021694213151931763, -0.009954030625522137, -0.9997150897979736, 1.581390380859375], [-0.9997595548629761, 0.0029715097043663263, -0.02172476425766945, -0.09130859375], [0.0, 0.0, 0.0, 1.0]], [[-0.9333805441856384, 0.3554743230342865, -0.04938160255551338, 0.967529296875], [0.054862044751644135, 0.005346790421754122, -0.9984796643257141, 1.5613555908203125], [-0.3546698987483978, -0.9346707463264465, -0.024492640048265457, -0.126953125], [0.0, 0.0, 0.0, 1.0]]], "view": [[0.0, -2.0, 100.0], [-2.0, 0.0, 100.0], [0.0, 0.0, 1.0]], "bev": "bev_1229d8b0a68643389d99e4d788fe8792.png", "aux": "aux_1229d8b0a68643389d99e4d788fe8792.npz", "visibility": "visibility_1229d8b0a68643389d99e4d788fe8792.png", "pose": [[-0.5491364002227783, 0.8357327580451965, 0.0, 720.6939086914062], [-0.8357327580451965, -0.5491364002227783, 0.0, 2184.391845703125], [0.0, 0.0, 1.0, 0.0], [0.0, 0.0, 0.0, 1.0]], "pose_inverse": [[-0.5491364002227783, -0.8357327580451965, 0.0, 2221.3271484375], [0.8357327580451965, -0.5491364002227783, 0.0, 597.2216186523438], [0.0, 0.0, 1.0, 0.0], [0.0, 0.0, 0.0, 1.0]], "cam_ids": [0, 1, 2, 3, 4, 5], "cam_channels": ["CAM_FRONT_LEFT", "CAM_FRONT", "CAM_FRONT_RIGHT", "CAM_BACK_LEFT", "CAM_BACK", "CAM_BACK_RIGHT"], "token": "1229d8b0a68643389d99e4d788fe8792", "scene": "scene-1072"}, {"images": ["samples/CAM_FRONT_LEFT/n015-2018-11-21-19-21-35+0800__CAM_FRONT_LEFT__1542799707354844.jpg", "samples/CAM_FRONT/n015-2018-11-21-19-21-35+0800__CAM_FRONT__1542799707362460.jpg", "samples/CAM_FRONT_RIGHT/n015-2018-11-21-19-21-35+0800__CAM_FRONT_RIGHT__1542799707370339.jpg", "samples/CAM_BACK_LEFT/n015-2018-11-21-19-21-35+0800__CAM_BACK_LEFT__1542799707397423.jpg", "samples/CAM_BACK/n015-2018-11-21-19-21-35+0800__CAM_BACK__1542799707387525.jpg", "samples/CAM_BACK_RIGHT/n015-2018-11-21-19-21-35+0800__CAM_BACK_RIGHT__1542799707377893.jpg"], "intrinsics": [[[1272.5979470598488, 0.0, 826.6154927353808], [0.0, 1272.5979470598488, 479.75165386361925], [0.0, 0.0, 1.0]], [[1266.417203046554, 0.0, 816.2670197447984], [0.0, 1266.417203046554, 491.50706579294757], [0.0, 0.0, 1.0]], [[1260.8474446004698, 0.0, 807.968244525554], [0.0, 1260.8474446004698, 495.3344268742088], [0.0, 0.0, 1.0]], [[1256.7414812095406, 0.0, 792.1125740759628], [0.0, 1256.7414812095406, 492.7757465151356], [0.0, 0.0, 1.0]], [[809.2209905677063, 0.0, 829.2196003259838], [0.0, 809.2209905677063, 481.77842384512485], [0.0, 0.0, 1.0]], [[1259.5137405846733, 0.0, 807.2529053838625], [0.0, 1259.5137405846733, 501.19579884916527], [0.0, 0.0, 1.0]]], "extrinsics": [[[0.8198182582855225, -0.5718747973442078, 0.029278500005602837, -0.6593017578125], [0.03776271641254425, 0.0029745616484433413, -0.9992823004722595, 1.52227783203125], [0.5713772773742676, 0.8203355073928833, 0.02403414435684681, -1.0693359375], [0.0, 0.0, 0.0, 1.0]], [[0.004995772615075111, -0.9999866485595703, 0.0012341351248323917, 0.00787353515625], [0.03224765509366989, -0.001072405488230288, -0.9994794130325317, 1.5303878784179688], [0.9994673728942871, 0.005032896064221859, 0.03224186971783638, -1.38671875], [0.0, 0.0, 0.0, 1.0]], [[-0.8323113322257996, -0.5528409481048584, -0.040307920426130295, 0.835693359375], [0.03765011951327324, 0.01616640016436577, -0.9991601705551147, 1.5125579833984375], [0.5530283451080322, -0.8331298828125, 0.007359051611274481, -1.11651611328125], [0.0, 0.0, 0.0, 1.0]], [[0.9471573233604431, 0.3184219300746918, 0.03873501345515251, -1.140625], [0.04559743031859398, -0.014123034663498402, -0.9988600611686707, 1.5886154174804688], [-0.31751179695129395, 0.9478438496589661, -0.027895955368876457, -0.104095458984375], [0.0, 0.0, 0.0, 1.0]], [[0.0029792077839374542, 0.9999873638153076, -0.004067814908921719, 0.00262451171875], [0.020438354462385178, -0.004127871245145798, -0.9997826218605042, 1.5811653137207031], [-0.9997865557670593, 0.0028954632580280304, -0.020450392737984657, -0.08642578125], 