[{"images": ["samples/CAM_FRONT_LEFT/n008-2018-05-21-11-06-59-0400__CAM_FRONT_LEFT__1526915263004917.jpg", "samples/CAM_FRONT/n008-2018-05-21-11-06-59-0400__CAM_FRONT__1526915263012465.jpg", "samples/CAM_FRONT_RIGHT/n008-2018-05-21-11-06-59-0400__CAM_FRONT_RIGHT__1526915263019960.jpg", "samples/CAM_BACK_LEFT/n008-2018-05-21-11-06-59-0400__CAM_BACK_LEFT__1526915263047295.jpg", "samples/CAM_BACK/n008-2018-05-21-11-06-59-0400__CAM_BACK__1526915263037570.jpg", "samples/CAM_BACK_RIGHT/n008-2018-05-21-11-06-59-0400__CAM_BACK_RIGHT__1526915263027813.jpg"], "intrinsics": [[[1256.4720761102153, 0.0, 759.9201772536986], [0.0, 1256.472076110215, 418.2347543062189], [0.0, 0.0, 1.0]], [[1262.8093578767177, 0.0, 786.6784634591471], [0.0, 1262.8093578767177, 437.9890946201144], [0.0, 0.0, 1.0]], [[1264.1253743585607, 0.0, 761.8659236816043], [0.0, 1264.125374358561, 415.0768894058469], [0.0, 0.0, 1.0]], [[1258.2338510172276, 0.0, 742.9036438917772], [0.0, 1258.2338510172278, 422.93240569290015], [0.0, 0.0, 1.0]], [[798.1242652672415, 0.0, 679.0081140747895], [0.0, 798.1242652672414, 419.2474525237902], [0.0, 0.0, 1.0]], [[1259.4297629105833, 0.0, 752.9541347831612], [0.0, 1259.4297629105833, 429.46398926977497], [0.0, 0.0, 1.0]]], "extrinsics": [[[0.8088445067405701, -0.58767169713974, 0.020312150940299034, -0.9222412109375], [0.02481774426996708, -0.00039511171053163707, -0.9996919631958008, 1.5013236999511719], [0.5874986052513123, 0.8090993762016296, 0.014265102334320545, -1.2490234375], [0.0, 0.0, 0.0, 1.0]], [[-0.005709424614906311, -0.9999685287475586, 0.005506193730980158, -0.02777099609375], [0.015064092352986336, -0.005591665860265493, -0.9998709559440613, 1.5144577026367188], [0.9998701810836792, -0.005625740624964237, 0.0150955431163311, -1.59423828125], [0.0, 0.0, 0.0, 1.0]], [[-0.8112874627113342, -0.5843977928161621, -0.01708410680294037, 0.945068359375], [0.020502543076872826, 0.0007649794570170343, -0.9997894763946533, 1.4974441528320312], [0.5842878818511963, -0.8114669919013977, 0.011361021548509598, -1.3304443359375], [0.0, 0.0, 0.0, 1.0]], [[0.9457005262374878, 0.3248981535434723, 0.009574579074978828, -1.154541015625], [0.007682175375521183, 0.007106896489858627, -0.9999452233314514, 1.5959129333496094], [-0.32494837045669556, 0.9457222819328308, 0.004225071985274553, -0.07953453063964844], [0.0, 0.0, 0.0, 1.0]], [[0.01806812733411789, 0.9998359084129333, 0.0012694359757006168, 0.00628662109375], [0.016339421272277832, 0.0009742029942572117, -0.9998660683631897, 1.5399818420410156], [-0.9997032284736633, 0.018086450174450874, -0.016319138929247856, 0.08251953125], [0.0, 0.0, 0.0, 1.0]], [[-0.9347566366195679, 0.35511982440948486, -0.010953336022794247, 1.1009521484375], [0.011376755312085152, -0.0008958265534602106, -0.9999349117279053, 1.5845527648925781], [-0.35510650277137756, -0.9348203539848328, -0.0032027314882725477, -0.0731201171875], [0.0, 0.0, 0.0, 1.0]]], "view": [[0.0, -2.0, 100.0], [-2.0, 0.0, 100.0], [0.0, 0.0, 1.0]], "bev": "bev_c37e176850c9415ba36e9272d6b77d60.png", "aux": "aux_c37e176850c9415ba36e9272d6b77d60.npz", "visibility": "visibility_c37e176850c9415ba36e9272d6b77d60.png", "pose": [[0.9997650980949402, -0.02167305164039135, 0.0, 2254.758544921875], [0.02167305164039135, 0.9997650980949402, 0.0, 857.748291015625], [0.0, 0.0, 1.0, 0.0], [0.0, 0.0, 0.0, 1.0]], "pose_inverse": [[0.9997650980949402, 0.02167305164039135, 0.0, -2272.81884765625], [-0.02167305164039135, 0.9997650980949402, 0.0, -808.6793212890625], [0.0, 0.0, 1.0, 0.0], [0.0, 0.0, 0.0, 1.0]], "cam_ids": [0, 1, 2, 3, 4, 5], "cam_channels": ["CAM_FRONT_LEFT", "CAM_FRONT", "CAM_FRONT_RIGHT", "CAM_BACK_LEFT", "CAM_BACK", "CAM_BACK_RIGHT"], "token": "c37e176850c9415ba36e9272d6b77d60", "scene": "scene-0162"}, {"images": ["samples/CAM_FRONT_LEFT/n008-2018-05-21-11-06-59-0400__CAM_FRONT_LEFT__1526915263504917.jpg", "samples/CAM_FRONT/n008-2018-05-21-11-06-59-0400__CAM_FRONT__1526915263512465.jpg", "samples/CAM_FRONT_RIGHT/n008-2018-05-21-11-06-59-0400__CAM_FRONT_RIGHT__1526915263519956.jpg", "samples/CAM_BACK_LEFT/n008-2018-05-21-11-06-59-0400__CAM_BACK_LEFT__1526915263547295.jpg", "samples/CAM_BACK/n008-2018-05-21-11-06-59-0400__CAM_BACK__1526915263537570.jpg", "samples/CAM_BACK_RIGHT/n008-2018-05-21-11-06-59-0400__CAM_BACK_RIGHT__1526915263527813.jpg"], "intrinsics": [[[1256.4720761102153, 0.0, 759.9201772536986], [0.0, 1256.472076110215, 418.2347543062189], [0.0, 0.0, 1.0]], [[1262.8093578767177, 0.0, 786.6784634591471], [0.0, 1262.8093578767177, 437.9890946201144], [0.0, 0.0, 1.0]], [[1264.1253743585607, 0.0, 761.8659236816043], [0.0, 1264.125374358561, 415.0768894058469], [0.0, 0.0, 1.0]], [[1258.2338510172276, 0.0, 742.9036438917772], [0.0, 1258.2338510172278, 422.93240569290015], [0.0, 0.0, 1.0]], [[798.1242652672415, 0.0, 679.0081140747895], [0.0, 798.1242652672414, 419.2474525237902], [0.0, 0.0, 1.0]], [[1259.4297629105833, 0.0, 752.9541347831612], [0.0, 1259.4297629105833, 429.46398926977497], [0.0, 0.0, 1.0]]], "extrinsics": [[[0.810089111328125, -0.5859807729721069, 0.019546888768672943, -0.916748046875], [0.02435748651623726, 0.0003253451141063124, -0.9997032880783081, 1.5014190673828125], [0.5858005285263062, 0.8103249073028564, 0.01453657727688551, -1.24609375], [0.0, 0.0, 0.0, 1.0]], [[-0.003964195027947426, -0.9999798536300659, 0.004953309893608093, -0.02728271484375], [0.014576420187950134, -0.005010605789721012, -0.9998812675476074, 1.5144996643066406], [0.9998858571052551, -0.003891521133482456, 0.014595991000533104, -1.587646484375], [0.0, 0.0, 0.0, 1.0]], [[-0.8104864954948425, -0.5855132937431335, -0.016906127333641052, 0.9404296875], [0.01995006389915943, 0.00125273154117167, -0.9998002052307129, 1.4975090026855469], [0.5854173898696899, -0.8106618523597717, 0.010665705427527428, -1.32708740234375], [0.0, 0.0, 0.0, 1.0]], [[0.9457113742828369, 0.3248935043811798, 0.008611422032117844, -1.153076171875], [0.007007130421698093, 0.006107623688876629, -0.9999567866325378, 1.5959243774414062], [-0.3249320983886719, 0.9457308650016785, 0.003499478567391634, -0.08011627197265625], [0.0, 0.0, 0.0, 1.0]], [[0.017574260011315346, 0.9998455047607422, -0.00014754605945199728, 0.00634765625], [0.01571192778646946, -0.00042371879681013525, -0.9998764395713806, 1.5400199890136719], [-0.9997221231460571, 0.01756977289915085, -0.015716947615146637, 0.078857421875], [0.0, 0.0, 0.0, 1.0]], [[-0.9351181983947754, 0.354179322719574, -0.01053784042596817, 1.0958251953125], [0.010793422348797321, -0.0012538651935756207, -0.9999409914016724, 1.5845775604248047], [-0.35417160391807556, -0.9351767301559448, -0.0026502946857362986, -0.0748291015625], [0.0, 0.0, 0.0, 1.0]]], "view": [[0.0, -2.0, 100.0], [-2.0, 0.0, 100.0], [0.0, 0.0, 1.0]], "bev": "bev_459348b417a841158ee74797913c6c38.png", "aux": "aux_459348b417a841158ee74797913c6c38.npz", "visibility": "visibility_459348b417a841158ee74797913c6c38.png", "pose": [[0.9995466470718384, -0.030108023434877396, 0.0, 2256.243408203125], [0.030108023434877396, 0.9995466470718384, 0.0, 857.7958374023438], [0.0, 0.0, 1.0, 0.0], [0.0, 0.0, 0.0, 1.0]], "pose_inverse": [[0.9995466470718384, 0.030108023434877396, 0.0, -2281.047119140625], [-0.030108023434877396, 0.9995466470718384, 0.0, -789.4759521484375], [0.0, 0.0, 1.0, 0.0], [0.0, 0.0, 0.0, 1.0]], "cam_ids": [0, 1, 2, 3, 4, 5], "cam_channels": ["CAM_FRONT_LEFT", "CAM_FRONT", "CAM_FRONT_RIGHT", "CAM_BACK_LEFT", "CAM_BACK", "CAM_BACK_RIGHT"], "token": "459348b417a841158ee74797913c6c38", "scene": "scene-0162"}, {"images": ["samples/CAM_FRONT_LEFT/n008-2018-05-21-11-06-59-0400__CAM_FRONT_LEFT__1526915263904917.jpg", "samples/CAM_FRONT/n008-2018-05-21-11-06-59-0400__CAM_FRONT__1526915263912465.jpg", "samples/CAM_FRONT_RIGHT/n008-2018-05-21-11-06-59-0400__CAM_FRONT_RIGHT__1526915263919956.jpg", "samples/CAM_BACK_LEFT/n008-2018-05-21-11-06-59-0400__CAM_BACK_LEFT__1526915263947295.jpg", "samples/CAM_BACK/n008-2018-05-21-11-06-59-0400__CAM_BACK__1526915263937570.jpg", "samples/CAM_BACK_RIGHT/n008-2018-05-21-11-06-59-0400__CAM_BACK_RIGHT__1526915263927813.jpg"], "intrinsics": [[[1256.4720761102153, 0.0, 759.9201772536986], [0.0, 1256.472076110215, 418.2347543062189], [0.0, 0.0, 1.0]], [[1262.8093578767177, 0.0, 786.6784634591471], [0.0, 1262.8093578767177, 437.9890946201144], [0.0, 0.0, 1.0]], [[1264.1253743585607, 0.0, 761.8659236816043], [0.0, 1264.125374358561, 415.0768894058469], [0.0, 0.0, 1.0]], [[1258.2338510172276, 0.0, 742.9036438917772], [0.0, 1258.2338510172278, 422.93240569290015], [0.0, 0.0, 1.0]], [[798.1242652672415, 0.0, 679.0081140747895], [0.0, 798.1242652672414, 419.2474525237902], [0.0, 0.0, 1.0]], [[1259.4297629105833, 0.0, 752.9541347831612], [0.0, 1259.4297629105833, 429.46398926977497], [0.0, 0.0, 1.0]]], "extrinsics": [[[0.8105083107948303, -0.5854650139808655, 0.017518645152449608, -0.9166259765625], [0.02377277798950672, 0.0029966295696794987, -0.9997129440307617, 1.5013618469238281], [0.585244357585907, 0.8106920719146729, 0.016346924006938934, -1.2451171875], [0.0, 0.0, 0.0, 1.0]], [[-0.003411809913814068, -0.999991774559021, 0.0021802743431180716, -0.02777099609375], [0.014018595218658447, -0.00222790171392262, -0.9998992681503296, 1.5144481658935547], [0.9998958110809326, -0.003380900714546442, 0.014026081189513206, -1.587158203125], [0.0, 0.0, 0.0, 1.0]], [[-0.810258686542511, -0.585791826248169, -0.018131466582417488, 0.940185546875], [0.019406743347644806, 0.004102850332856178, -0.9998032450675964, 1.4974746704101562], [0.5857509970664978, -0.8104510307312012, 0.008043942041695118, -1.3270263671875], [0.0, 0.0, 0.0, 1.0]], [[0.9457061290740967, 0.3249008059501648, 0.008910109288990498, -1.150634765625], [0.00643973657861352, 0.008678003214299679, -0.9999416470527649, 1.595937728881836], [-0.3249591588973999, 0.9457082152366638, 0.006114565767347813, -0.0807037353515625], [0.0, 0.0, 0.0, 1.0]], [[0.01742691919207573, 0.9998440146446228, 0.0028524238150566816, 0.00653076171875], [0.015173008665442467, 0.0025880709290504456, -0.9998815059661865, 1.5400238037109375], [-0.9997329711914062, 0.017468135803937912, -0.01512554008513689, 0.078125], [0.0, 0.0, 0.0, 1.0]], [[-0.9352180361747742, 0.3539577126502991, -0.009004245512187481, 1.0958251953125], [0.010257041081786156, 0.001663506613112986, -0.9999460577964783, 1.5845489501953125], [-0.35392364859580994, -0.9352598786354065, -0.005186300724744797, -0.0750732421875], [0.0, 0.0, 0.0, 1.0]]], "view": [[0.0, -2.0, 100.0], [-2.0, 0.0, 100.0], [0.0, 0.0, 1.0]], "bev": "bev_8b53b3269ac74acc9d9a151cba2d45ae.png", "aux": "aux_8b53b3269ac74acc9d9a151cba2d45ae.npz", "visibility": "visibility_8b53b3269ac74acc9d9a151cba2d45ae.png", "pose": [[0.9998695850372314, -0.016147920861840248, 0.0, 2257.4072265625], [0.016147920861840248, 0.9998695850372314, 0.0, 857.82763671875], [0.0, 0.0, 1.0, 0.0], [0.0, 0.0, 0.0, 1.0]], "pose_inverse": [[0.9998695850372314, 0.016147920861840248, 0.0, -2270.965087890625], [-0.016147920861840248, 0.9998695850372314, 0.0, -821.2633666992188], [0.0, 0.0, 1.0, 0.0], [0.0, 0.0, 0.0, 1.0]], "cam_ids": [0, 1, 2, 3, 4, 5], "cam_channels": ["CAM_FRONT_LEFT", "CAM_FRONT", "CAM_FRONT_RIGHT", "CAM_BACK_LEFT", "CAM_BACK", "CAM_BACK_RIGHT"], "token": "8b53b3269ac74acc9d9a151cba2d45ae", "scene": "scene-0162"}, {"images": ["samples/CAM_FRONT_LEFT/n008-2018-05-21-11-06-59-0400__CAM_FRONT_LEFT__1526915264404917.jpg", "samples/CAM_FRONT/n008-2018-05-21-11-06-59-0400__CAM_FRONT__1526915264412465.jpg", "samples/CAM_FRONT_RIGHT/n008-2018-05-21-11-06-59-0400__CAM_FRONT_RIGHT__1526915264419956.jpg", "samples/CAM_BACK_LEFT/n008-2018-05-21-11-06-59-0400__CAM_BACK_LEFT__1526915264447295.jpg", "samples/CAM_BACK/n008-2018-05-21-11-06-59-0400__CAM_BACK__1526915264437570.jpg", "samples/CAM_BACK_RIGHT/n008-2018-05-21-11-06-59-0400__CAM_BACK_RIGHT__1526915264427813.jpg"], "intrinsics": [[[1256.4720761102153, 0.0, 759.9201772536986], [0.0, 1256.472076110215, 418.2347543062189], [0.0, 0.0, 1.0]], [[1262.8093578767177, 0.0, 786.6784634591471], [0.0, 1262.8093578767177, 437.9890946201144], [0.0, 0.0, 1.0]], [[1264.1253743585607, 0.0, 761.8659236816043], [0.0, 1264.125374358561, 415.0768894058469], [0.0, 0.0, 1.0]], [[1258.2338510172276, 0.0, 742.9036438917772], [0.0, 1258.2338510172278, 422.93240569290015], [0.0, 0.0, 1.0]], [[798.1242652672415, 0.0, 679.0081140747895], [0.0, 798.1242652672414, 419.2474525237902], [0.0, 0.0, 1.0]], [[1259.4297629105833, 0.0, 752.9541347831612], [0.0, 1259.4297629105833, 429.46398926977497], [0.0, 0.0, 1.0]]], "extrinsics": [[[0.8104120492935181, -0.585710346698761, 0.013254991732537746, -0.9168701171875], [0.01897120475769043, 0.003622906981036067, -0.9998134970664978, 1.5007362365722656], [0.5855531096458435, 0.8105122447013855, 0.014047679491341114, -1.24609375], [0.0, 0.0, 0.0, 1.0]], [[-0.0036543940659612417, -0.9999921917915344, 0.0014631036901846528, -0.02728271484375], [0.009194879792630672, -0.0014966530725359917, -0.9999566078186035, 1.5139408111572266], [0.9999510645866394, -0.003640782320871949, 0.009200277738273144, -1.587646484375], [0.0, 0.0, 0.0, 1.0]], [[-0.8104602098464966, -0.585608720779419, -0.014719594269990921, 0.9404296875], [0.014568684622645378, 0.004970059264451265, -0.9998815059661865, 1.4970779418945312], [0.585612416267395, -0.8105785846710205, 0.004503512755036354, -1.32684326171875], [0.0, 0.0, 0.0, 1.0]], [[0.9457406401634216, 0.32488828897476196, 0.00470689544454217, -1.152587890625], [0.0015313427429646254, 0.010029291734099388, -0.9999485015869141, 1.5959205627441406], [-0.32491880655288696, 0.945699155330658, 0.008987593464553356, -0.0800628662109375], [0.0, 0.0, 0.0, 1.0]], [[0.01752631738781929, 0.9998385906219482, 0.003943043760955334, 0.00640869140625], [0.010311281308531761, 0.0037626943085342646, -0.9999397993087769, 1.539865493774414], [-0.9997932314872742, 0.01756591908633709, -0.010243671014904976, 0.07861328125], [0.0, 0.0, 0.0, 1.0]], [[-0.9351937174797058, 0.3541123569011688, -0.004120836034417152, 1.095703125], [0.0054170615039765835, 0.002669325564056635, -0.9999817609786987, 1.5842618942260742], [-0.35409489274024963, -0.9351990222930908, -0.004414585418999195, -0.074951171875], [0.0, 0.0, 0.0, 1.0]]], "view": [[0.0, -2.0, 100.0], [-2.0, 0.0, 100.0], [0.0, 0.0, 1.0]], "bev": "bev_4dcda99d66194ce3872891a69f2b110f.png", "aux": "aux_4dcda99d66194ce3872891a69f2b110f.npz", "visibility": "visibility_4dcda99d66194ce3872891a69f2b110f.png", "pose": [[0.9999966621398926, 0.0025763465091586113, 0.0, 2258.870849609375], [-0.0025763465091586113, 0.9999966621398926, 0.0, 857.843017578125], [0.0, 0.0, 1.0, 0.0], [0.0, 0.0, 0.0, 1.0]], "pose_inverse": [[0.9999966621398926, -0.0025763465091586113, 0.0, -2256.6533203125], [0.0025763465091586113, 0.9999966621398926, 0.0, -863.6597900390625], [0.0, 0.0, 1.0, 0.0], [0.0, 0.0, 0.0, 1.0]], "cam_ids": [0, 1, 2, 3, 4, 5], "cam_channels": ["CAM_FRONT_LEFT", "CAM_FRONT", "CAM_FRONT_RIGHT", "CAM_BACK_LEFT", "CAM_BACK", "CAM_BACK_RIGHT"], "token": "4dcda99d66194ce3872891a69f2b110f", "scene": "scene-0162"}, {"images": ["samples/CAM_FRONT_LEFT/n008-2018-05-21-11-06-59-0400__CAM_FRONT_LEFT__1526915264904917.jpg", "samples/CAM_FRONT/n008-2018-05-21-11-06-59-0400__CAM_FRONT__1526915264912465.jpg", "samples/CAM_FRONT_RIGHT/n008-2018-05-21-11-06-59-0400__CAM_FRONT_RIGHT__1526915264919956.jpg", "samples/CAM_BACK_LEFT/n008-2018-05-21-11-06-59-0400__CAM_BACK_LEFT__1526915264947478.jpg", "samples/CAM_BACK/n008-2018-05-21-11-06-59-0400__CAM_BACK__1526915264937570.jpg", "samples/CAM_BACK_RIGHT/n008-2018-05-21-11-06-59-0400__CAM_BACK_RIGHT__1526915264927813.jpg"], "intrinsics": [[[1256.4720761102153, 0.0, 759.9201772536986], [0.0, 1256.472076110215, 418.2347543062189], [0.0, 0.0, 1.0]], [[1262.8093578767177, 0.0, 786.6784634591471], [0.0, 1262.8093578767177, 437.9890946201144], [0.0, 0.0, 1.0]], [[1264.1253743585607, 0.0, 761.8659236816043], [0.0, 1264.125374358561, 415.0768894058469], [0.0, 0.0, 1.0]], [[1258.2338510172276, 0.0, 742.9036438917772], [0.0, 1258.2338510172278, 422.93240569290015], [0.0, 0.0, 1.0]], [[798.1242652672415, 0.0, 679.0081140747895], [0.0, 798.1242652672414, 419.2474525237902], [0.0, 0.0, 1.0]], [[1259.4297629105833, 0.0, 752.9541347831612], [0.0, 1259.4297629105833, 429.46398926977497], [0.0, 0.0, 1.0]]], "extrinsics": [[[0.8090795874595642, -0.5875281095504761, 0.01417605672031641, -0.918701171875], [0.018447143957018852, 0.0012792100897058845, -0.9998290538787842, 1.5006294250488281], [0.5874096155166626, 0.8092027306556702, 0.011873197741806507, -1.2470703125], [0.0, 0.0, 0.0, 1.0]], [[-0.005540804471820593, -0.999977707862854, 0.003727375064045191, -0.02740478515625], [0.008733846247196198, -0.0037756829988211393, -0.9999547600746155, 1.5138721466064453], [0.9999464750289917, -0.005507998634129763, 0.00875457189977169, -1.589599609375], [0.0, 0.0, 0.0, 1.0]], [[-0.8113387227058411, -0.5844287872314453, -0.013135140761733055, 0.94189453125], [0.01419707853347063, 0.0027636010199785233, -0.9998953938484192, 1.4970130920410156], [0.5844038724899292, -0.8114402294158936, 0.0060549634508788586, -1.328125], [0.0, 0.0, 0.0, 1.0]], [[0.9457458853721619, 0.32488298416137695, 0.003992924466729164, -1.152099609375], [0.0014071566984057426, 0.008193638175725937, -0.9999654293060303, 1.5959224700927734], [-0.32490450143814087, 0.9457187652587891, 0.007291938178241253, -0.080291748046875], [0.0, 0.0, 0.0, 1.0]], [[0.018073981627821922, 0.9998347163200378, 0.00196654349565506, 0.00640869140625], [0.010077614337205887, 0.0017845930997282267, -0.9999476671218872, 1.5398540496826172], [-0.9997857809066772, 0.01809285394847393, -0.010043694637715816, 0.079345703125], [0.0, 0.0, 0.0, 1.0]], [[-0.9348142147064209, 0.3551078736782074, -0.004568572621792555, 1.0972900390625], [0.00510215712711215, 0.0005661838804371655, -0.9999868273735046, 1.584233283996582], [-0.3551006317138672, -0.9348251819610596, -0.002341092796996236, -0.0743408203125], [0.0, 0.0, 0.0, 1.0]]], "view": [[0.0, -2.0, 100.0], [-2.0, 0.0, 100.0], [0.0, 0.0, 1.0]], "bev": "bev_f317f943545d4e3086bf375c93ff8dff.png", "aux": "aux_f317f943545d4e3086bf375c93ff8dff.npz", "visibility": "visibility_f317f943545d4e3086bf375c93ff8dff.png", "pose": [[0.9999992847442627, -0.0011960315750911832, 0.0, 2260.36474609375], [0.0011960315750911832, 0.9999992847442627, 0.0, 857.8402709960938], [0.0, 0.0, 1.0, 0.0], [0.0, 0.0, 0.0, 1.0]], "pose_inverse": [[0.9999992847442627, 0.0011960315750911832, 0.0, -2261.38916015625], [-0.0011960315750911832, 0.9999992847442627, 0.0, -855.1361694335938], [0.0, 0.0, 1.0, 0.0], [0.0, 0.0, 0.0, 1.0]], "cam_ids": [0, 1, 2, 3, 4, 5], "cam_channels": ["CAM_FRONT_LEFT", "CAM_FRONT", "CAM_FRONT_RIGHT", "CAM_BACK_LEFT", "CAM_BACK", "CAM_BACK_RIGHT"], "token": "f317f943545d4e3086bf375c93ff8dff", "scene": "scene-0162"}, {"images": ["samples/CAM_FRONT_LEFT/n008-2018-05-21-11-06-59-0400__CAM_FRONT_LEFT__1526915265404917.jpg", "samples/CAM_FRONT/n008-2018-05-21-11-06-59-0400__CAM_FRONT__1526915265412465.jpg", "samples/CAM_FRONT_RIGHT/n008-2018-05-21-11-06-59-0400__CAM_FRONT_RIGHT__1526915265419956.jpg", "samples/CAM_BACK_LEFT/n008-2018-05-21-11-06-59-0400__CAM_BACK_LEFT__1526915265447295.jpg", "samples/CAM_BACK/n008-2018-05-21-11-06-59-0400__CAM_BACK__1526915265437570.jpg", "samples/CAM_BACK_RIGHT/n008-2018-05-21-11-06-59-0400__CAM_BACK_RIGHT__1526915265427813.jpg"], "intrinsics": [[[1256.4720761102153, 0.0, 759.9201772536986], [0.0, 1256.472076110215, 418.2347543062189], [0.0, 0.0, 1.0]], [[1262.8093578767177, 0.0, 786.6784634591471], [0.0, 1262.8093578767177, 437.9890946201144], [0.0, 0.0, 1.0]], [[1264.1253743585607, 0.0, 761.8659236816043], [0.0, 1264.125374358561, 415.0768894058469], [0.0, 0.0, 1.0]], [[1258.2338510172276, 0.0, 742.9036438917772], [0.0, 1258.2338510172278, 422.93240569290015], [0.0, 0.0, 1.0]], [[798.1242652672415, 0.0, 679.0081140747895], [0.0, 798.1242652672414, 419.2474525237902], [0.0, 0.0, 1.0]], [[1259.4297629105833, 0.0, 752.9541347831612], [0.0, 1259.4297629105833, 429.46398926977497], [0.0, 0.0, 1.0]]], "extrinsics": [[[0.8072425127029419, -0.5901356935501099, 0.009970678947865963, -0.919921875], [0.01620260439813137, 0.005270312074571848, -0.9998548626899719, 1.5003318786621094], [0.5899974703788757, 0.8072869181632996, 0.013816154561936855, -1.24755859375], [0.0, 0.0, 0.0, 1.0]], [[-0.008188123814761639, -0.9999664425849915, -0.0002249398094136268, -0.02752685546875], [0.006368598435074091, 0.00017279403982684016, -0.9999796748161316, 1.5136280059814453], [0.9999462366104126, -0.008189389482140541, 0.006366970017552376, -1.590576171875], [0.0, 0.0, 0.0, 1.0]], [[-0.812614917755127, -0.5826478600502014, -0.013361316174268723, 0.942626953125], [0.011726990342140198, 0.0065744370222091675, -0.9999095797538757, 1.4968090057373047], [0.5826830267906189, -0.8126981854438782, 0.0014902193797752261, -1.3284912109375], [0.0, 0.0, 0.0, 1.0]], [[0.9457463622093201, 0.3248971402645111, 0.002372346818447113, -1.1533203125], [-0.0014696591533720493, 0.011579389683902264, -0.9999318718910217, 1.5959224700927734], [-0.3249024450778961, 0.9456784725189209, 0.011428654193878174, -0.07984516024589539], [0.0, 0.0, 0.0, 1.0]], [[0.01885167881846428, 0.9998072981834412, 0.005473680794239044, 0.00634765625], [0.0073520466685295105, 0.0053358846344053745, -0.9999587535858154, 1.5397605895996094], [-0.9997951984405518, 0.018891142681241035, -0.007250040769577026, 0.080322265625], [0.0, 0.0, 0.0, 1.0]], [[-0.934262752532959, 0.3565845191478729, -0.000819648033939302, 1.09765625], [0.0025091259740293026, 0.004275408573448658, -0.9999877214431763, 1.5840835571289062], [-0.3565766513347626, -0.9342532753944397, -0.004889069590717554, -0.0743408203125], [0.0, 0.0, 0.0, 1.0]]], "view": [[0.0, -2.0, 100.0], [-2.0, 0.0, 100.0], [0.0, 0.0, 1.0]], "bev": "bev_b9295f7bd5e24aafa86ec5185db0d811.png", "aux": "aux_b9295f7bd5e24aafa86ec5185db0d811.npz", "visibility": "visibility_b9295f7bd5e24aafa86ec5185db0d811.png", "pose": [[0.999495267868042, -0.03176848590373993, 0.0, 2261.862548828125], [0.03176848590373993, 0.999495267868042, 0.0, 857.8660888671875], [0.0, 0.0, 1.0, 0.0], [0.0, 0.0, 0.0, 1.0]], "pose_inverse": [[0.999495267868042, 0.03176848590373993, 0.0, -2287.973876953125], [-0.03176848590373993, 0.999495267868042, 0.0, -785.5771484375], [0.0, 0.0, 1.0, 0.0], [0.0, 0.0, 0.0, 1.0]], "cam_ids": [0, 1, 2, 3, 4, 5], "cam_channels": ["CAM_FRONT_LEFT", "CAM_FRONT", "CAM_FRONT_RIGHT", "CAM_BACK_LEFT", "CAM_BACK", "CAM_BACK_RIGHT"], "token": "b9295f7bd5e24aafa86ec5185db0d811", "scene": "scene-0162"}, {"images": ["samples/CAM_FRONT_LEFT/n008-2018-05-21-11-06-59-0400__CAM_FRONT_LEFT__1526915265904917.jpg", "samples/CAM_FRONT/n008-2018-05-21-11-06-59-0400__CAM_FRONT__1526915265912465.jpg", "samples/CAM_FRONT_RIGHT/n008-2018-05-21-11-06-59-0400__CAM_FRONT_RIGHT__1526915265919956.jpg", "samples/CAM_BACK_LEFT/n008-2018-05-21-11-06-59-0400__CAM_BACK_LEFT__1526915265947295.jpg", "samples/CAM_BACK/n008-2018-05-21-11-06-59-0400__CAM_BACK__1526915265937570.jpg", "samples/CAM_BACK_RIGHT/n008-2018-05-21-11-06-59-0400__CAM_BACK_RIGHT__1526915265927813.jpg"], "intrinsics": [[[1256.4720761102153, 0.0, 759.9201772536986], [0.0, 1256.472076110215, 418.2347543062189], [0.0, 0.0, 1.0]], [[1262.8093578767177, 0.0, 786.6784634591471], [0.0, 1262.8093578767177, 437.9890946201144], [0.0, 0.0, 1.0]], [[1264.1253743585607, 0.0, 761.8659236816043], [0.0, 1264.125374358561, 415.0768894058469], [0.0, 0.0, 1.0]], [[1258.2338510172276, 0.0, 742.9036438917772], [0.0, 1258.2338510172278, 422.93240569290015], [0.0, 0.0, 1.0]], [[798.1242652672415, 0.0, 679.0081140747895], [0.0, 798.1242652672414, 419.2474525237902], [0.0, 0.0, 1.0]], [[1259.4297629105833, 0.0, 752.9541347831612], [0.0, 1259.4297629105833, 429.46398926977497], [0.0, 0.0, 1.0]]], "extrinsics": [[[0.8056638836860657, -0.5923240184783936, 0.007615124806761742, -0.92578125], [0.012963597662746906, 0.0047776298597455025, -0.9999045729637146, 1.4998340606689453], [0.5922310948371887, 0.8056856393814087, 0.011527814902365208, -1.252197265625], [0.0, 0.0, 0.0, 1.0]], [[-0.010303227230906487, -0.9999468922615051, 0.00021693458256777376, -0.02716064453125], [0.0031968955881893635, -0.00024988470249809325, -0.9999948740005493, 1.5132865905761719], [0.9999417662620544, -0.010302484966814518, 0.003199300030246377, -1.59765625], [0.0, 0.0, 0.0, 1.0]], [[-0.8135326504707336, -0.5814217329025269, -0.010646084323525429, 0.94775390625], [0.008668162859976292, 0.006180791184306145, -0.9999433159828186, 1.4965057373046875], [0.5814545154571533, -0.8135788440704346, 1.1581661055970471e-05, -1.33203125], [0.0, 0.0, 0.0, 1.0]], [[0.9457340836524963, 0.32494136691093445, -0.00032589060720056295, -1.15380859375], [-0.004167767241597176, 0.011127336882054806, -0.9999293684959412, 1.5959219932556152], [-0.3249147832393646, 0.9456687569618225, 0.011877781711518764, -0.0797882080078125], [0.0, 0.0, 0.0, 1.0]], [[0.019315313547849655, 0.9998008012771606, 0.0050262040458619595, 0.006103515625], [0.00450934050604701, 0.0049399761483073235, -0.9999776482582092, 1.539668083190918], [-0.9998031854629517, 0.019337527453899384, -0.0044130259193480015, 0.0830078125], [0.0, 0.0, 0.0, 1.0]], [[-0.9339279532432556, 0.35745662450790405, 0.0018261692021042109, 1.1025390625], [-0.0004605102585628629, 0.0039055701345205307, -0.9999922513961792, 1.5839124917984009], [-0.35746094584465027, -0.9339215755462646, -0.0034829084761440754, -0.072021484375], [0.0, 0.0, 0.0, 1.0]]], "view": [[0.0, -2.0, 100.0], [-2.0, 0.0, 100.0], [0.0, 0.0, 1.0]], "bev": "bev_8d48f4a2db0147a0a456c649a0a33045.png", "aux": "aux_8d48f4a2db0147a0a456c649a0a33045.npz", "visibility": "visibility_8d48f4a2db0147a0a456c649a0a33045.png", "pose": [[0.995141327381134, -0.09845679998397827, 0.0, 2263.3251953125], [0.09845679998397827, 0.995141327381134, 0.0, 857.9579467773438], [0.0, 0.0, 1.0, 0.0], [0.0, 0.0, 0.0, 1.0]], "pose_inverse": [[0.995141327381134, 0.09845679998397827, 0.0, -2336.80029296875], [-0.09845679998397827, 0.995141327381134, 0.0, -630.9496459960938], [0.0, 0.0, 1.0, 0.0], [0.0, 0.0, 0.0, 1.0]], "cam_ids": [0, 1, 2, 3, 4, 5], "cam_channels": ["CAM_FRONT_LEFT", "CAM_FRONT", "CAM_FRONT_RIGHT", "CAM_BACK_LEFT", "CAM_BACK", "CAM_BACK_RIGHT"], "token": "8d48f4a2db0147a0a456c649a0a33045", "scene": "scene-0162"}, {"images": ["samples/CAM_FRONT_LEFT/n008-2018-05-21-11-06-59-0400__CAM_FRONT_LEFT__1526915266404917.jpg", "samples/CAM_FRONT/n008-2018-05-21-11-06-59-0400__CAM_FRONT__1526915266412465.jpg", "samples/CAM_FRONT_RIGHT/n008-2018-05-21-11-06-59-0400__CAM_FRONT_RIGHT__1526915266419967.jpg", "samples/CAM_BACK_LEFT/n008-2018-05-21-11-06-59-0400__CAM_BACK_LEFT__1526915266447295.jpg", "samples/CAM_BACK/n008-2018-05-21-11-06-59-0400__CAM_BACK__1526915266437570.jpg", "samples/CAM_BACK_RIGHT/n008-2018-05-21-11-06-59-0400__CAM_BACK_RIGHT__1526915266427813.jpg"], "intrinsics": [[[1256.4720761102153, 0.0, 759.9201772536986], [0.0, 1256.472076110215, 418.2347543062189], [0.0, 0.0, 1.0]], [[1262.8093578767177, 0.0, 786.6784634591471], [0.0, 1262.8093578767177, 437.9890946201144], [0.0, 0.0, 1.0]], [[1264.1253743585607, 0.0, 761.8659236816043], [0.0, 1264.125374358561, 415.0768894058469], [0.0, 0.0, 1.0]], [[1258.2338510172276, 0.0, 742.9036438917772], [0.0, 1258.2338510172278, 422.93240569290015], [0.0, 0.0, 1.0]], [[798.1242652672415, 0.0, 679.0081140747895], [0.0, 798.1242652672414, 419.2474525237902], [0.0, 0.0, 1.0]], [[1259.4297629105833, 0.0, 752.9541347831612], [0.0, 1259.4297629105833, 429.46398926977497], [0.0, 0.0, 1.0]]], "extrinsics": [[[0.8047102093696594, -0.5935788750648499, 0.010273953899741173, -0.930419921875], [0.014422872103750706, 0.002246332122012973, -0.9998934864997864, 1.4999198913574219], [0.5934925675392151, 0.804772675037384, 0.010368759743869305, -1.255615234375], [0.0, 0.0, 0.0, 1.0]], [[-0.01164212916046381, -0.9999285340309143, 0.0027130749076604843, -0.0272216796875], [0.004655188415199518, -0.0027674289885908365, -0.9999853372573853, 1.5134038925170898], [0.9999213814735413, -0.011629335582256317, 0.004687074571847916, -1.602783203125], [0.0, 0.0, 0.0, 1.0]], [[-0.814154326915741, -0.5805559158325195, -0.010377909988164902, 0.951171875], [0.010127685964107513, 0.0036720128264278173, -0.9999420046806335, 1.4965763092041016], [0.5805602073669434, -0.8142121434211731, 0.0028901014011353254, -1.3343505859375], [0.0, 0.0, 0.0, 1.0]], [[0.9457672834396362, 0.3248448669910431, 0.00022332018124870956, -1.152587890625], [-0.0027440169360488653, 0.008676487021148205, -0.9999585747718811, 1.5959200859069824], [-0.32483336329460144, 0.9457274675369263, 0.009097318165004253, -0.080169677734375], [0.0, 0.0, 0.0, 1.0]], [[0.01977054588496685, 0.9998011589050293, 0.002585462061688304, 0.006103515625], [0.005953658372163773, 0.0024681920185685158, -0.9999792575836182, 1.5396995544433594], [-0.9997867345809937, 0.01978551223874092, -0.005903677083551884, 0.083984375], [0.0, 0.0, 0.0, 1.0]], [[-0.93362957239151, 0.3582395613193512, -0.00042265583761036396, 1.105712890625], [0.0009993019048124552, 0.0014245316851884127, -0.9999985098838806, 1.5839879512786865], [-0.35823842883110046, -0.9336285591125488, -0.0016879744362086058, -0.071044921875], [0.0, 0.0, 0.0, 1.0]]], "view": [[0.0, -2.0, 100.0], [-2.0, 0.0, 100.0], [0.0, 0.0, 1.0]], "bev": "bev_bbe816df9d2d43a7a12374386a8d6301.png", "aux": "aux_bbe816df9d2d43a7a12374386a8d6301.npz", "visibility": "visibility_bbe816df9d2d43a7a12374386a8d6301.png", "pose": [[0.9831877946853638, -0.18259716033935547, 0.0, 2264.69580078125], [0.18259716033935547, 0.9831877946853638, 0.0, 858.145263671875], [0.0, 0.0, 1.0, 0.0], [0.0, 0.0, 0.0, 1.0]], "pose_inverse": [[0.9831877946853638, 0.18259716033935547, 0.0, -2383.316162109375], [-0.18259716033935547, 0.9831877946853638, 0.0, -430.1909484863281], [0.0, 0.0, 1.0, 0.0], [0.0, 0.0, 0.0, 1.0]], "cam_ids": [0, 1, 2, 3, 4, 5], "cam_channels": ["CAM_FRONT_LEFT", "CAM_FRONT", "CAM_FRONT_RIGHT", "CAM_BACK_LEFT", "CAM_BACK", "CAM_BACK_RIGHT"], "token": "bbe816df9d2d43a7a12374386a8d6301", "scene": "scene-0162"}, {"images": ["samples/CAM_FRONT_LEFT/n008-2018-05-21-11-06-59-0400__CAM_FRONT_LEFT__1526915266904917.jpg", "samples/CAM_FRONT/n008-2018-05-21-11-06-59-0400__CAM_FRONT__1526915266912465.jpg", "samples/CAM_FRONT_RIGHT/n008-2018-05-21-11-06-59-0400__CAM_FRONT_RIGHT__1526915266919956.jpg", "samples/CAM_BACK_LEFT/n008-2018-05-21-11-06-59-0400__CAM_BACK_LEFT__1526915266947780.jpg", "samples/CAM_BACK/n008-2018-05-21-11-06-59-0400__CAM_BACK__1526915266937570.jpg", "samples/CAM_BACK_RIGHT/n008-2018-05-21-11-06-59-0400__CAM_BACK_RIGHT__1526915266927813.jpg"], "intrinsics": [[[1256.4720761102153, 0.0, 759.9201772536986], [0.0, 1256.472076110215, 418.2347543062189], [0.0, 0.0, 1.0]], [[1262.8093578767177, 0.0, 786.6784634591471], [0.0, 1262.8093578767177, 437.9890946201144], [0.0, 0.0, 1.0]], [[1264.1253743585607, 0.0, 761.8659236816043], [0.0, 1264.125374358561, 415.0768894058469], [0.0, 0.0, 1.0]], [[1258.2338510172276, 0.0, 742.9036438917772], [0.0, 1258.2338510172278, 422.93240569290015], [0.0, 0.0, 1.0]], [[798.1242652672415, 0.0, 679.0081140747895], [0.0, 798.1242652672414, 419.2474525237902], [0.0, 0.0, 1.0]], [[1259.4297629105833, 0.0, 752.9541347831612], [0.0, 1259.4297629105833, 429.46398926977497], [0.0, 0.0, 1.0]]], "extrinsics": [[[0.8038967847824097, -0.5946816802024841, 0.010183094069361687, -0.913818359375], [0.013701087795197964, 0.001399288885295391, -0.9999052286148071, 1.5001201629638672], [0.5946110486984253, 0.8039600253105164, 0.009272671304643154, -1.244140625], [0.0, 0.0, 0.0, 1.0]], [[-0.012746687978506088, -0.9999125003814697, 0.00353364204056561, -0.027008056640625], [0.003927572164684534, -0.003583969082683325, -0.9999858736991882, 1.5134038925170898], [0.9999110698699951, -0.012732579372823238, 0.003972912207245827, -1.586181640625], [0.0, 0.0, 0.0, 1.0]], [[-0.8146534562110901, -0.5798729062080383, -0.009336152113974094, 0.940673828125], [0.009399927221238613, 0.0028937673196196556, -0.9999516010284424, 1.4966449737548828], [0.5798719525337219, -0.8147017359733582, 0.0030933457892388105, -1.326171875], [0.0, 0.0, 0.0, 1.0]], [[0.9457271695137024, 0.3249609172344208, -0.0007292775553651154, -1.154541015625], [-0.00360667472705245, 0.008252320811152458, -0.999959409236908, 1.5959243774414062], [-0.3249417245388031, 0.9456915259361267, 0.008976472541689873, -0.07965087890625], [0.0, 0.0, 0.0, 1.0]], [[0.02004856988787651, 0.999796986579895, 0.00198354828171432, 0.0059814453125], [0.005154568701982498, 0.0018805586732923985, -0.9999849200248718, 1.5397005081176758], [-0.9997857213020325, 0.02005845680832863, -0.005115819163620472, 0.0791015625], [0.0, 0.0, 0.0, 1.0]], [[-0.9334244132041931, 0.3587740957736969, 3.948882294935174e-05, 1.09619140625], [0.00023471686290577054, 0.0007207292364910245, -0.9999997019767761, 1.583951711654663], [-0.3587740361690521, -0.933424174785614, -0.0007569568115286529, -0.0740966796875], [0.0, 0.0, 0.0, 1.0]]], "view": [[0.0, -2.0, 100.0], [-2.0, 0.0, 100.0], [0.0, 0.0, 1.0]], "bev": "bev_895435e8dfbd4e0c8b9b175c5665486d.png", "aux": "aux_895435e8dfbd4e0c8b9b175c5665486d.npz", "visibility": "visibility_895435e8dfbd4e0c8b9b175c5665486d.png", "pose": [[0.956976592540741, -0.2901651859283447, 0.0, 2266.101806640625], [0.2901651859283447, 0.956976592540741, 0.0, 858.4802856445312], [0.0, 0.0, 1.0, 0.0], [0.0, 0.0, 0.0, 1.0]], "pose_inverse": [[0.956976592540741, 0.2901651859283447, 0.0, -2417.70751953125], [-0.2901651859283447, 0.956976592540741, 0.0, -164.0016632080078], [0.0, 0.0, 1.0, 0.0], [0.0, 0.0, 0.0, 1.0]], "cam_ids": [0, 1, 2, 3, 4, 5], "cam_channels": ["CAM_FRONT_LEFT", "CAM_FRONT", "CAM_FRONT_RIGHT", "CAM_BACK_LEFT", "CAM_BACK", "CAM_BACK_RIGHT"], "token": "895435e8dfbd4e0c8b9b175c5665486d", "scene": "scene-0162"}, {"images": ["samples/CAM_FRONT_LEFT/n008-2018-05-21-11-06-59-0400__CAM_FRONT_LEFT__1526915267404917.jpg", "samples/CAM_FRONT/n008-2018-05-21-11-06-59-0400__CAM_FRONT__1526915267412778.jpg", "samples/CAM_FRONT_RIGHT/n008-2018-05-21-11-06-59-0400__CAM_FRONT_RIGHT__1526915267419956.jpg", "samples/CAM_BACK_LEFT/n008-2018-05-21-11-06-59-0400__CAM_BACK_LEFT__1526915267447295.jpg", "samples/CAM_BACK/n008-2018-05-21-11-06-59-0400__CAM_BACK__1526915267437570.jpg", "samples/CAM_BACK_RIGHT/n008-2018-05-21-11-06-59-0400__CAM_BACK_RIGHT__1526915267427813.jpg"], "intrinsics": [[[1256.4720761102153, 0.0, 759.9201772536986], [0.0, 1256.472076110215, 418.2347543062189], [0.0, 0.0, 1.0]], [[1262.8093578767177, 0.0, 786.6784634591471], [0.0, 1262.8093578767177, 437.9890946201144], [0.0, 0.0, 1.0]], [[1264.1253743585607, 0.0, 761.8659236816043], [0.0, 1264.125374358561, 415.0768894058469], [0.0, 0.0, 1.0]], [[1258.2338510172276, 0.0, 742.9036438917772], [0.0, 1258.2338510172278, 422.93240569290015], [0.0, 0.0, 1.0]], [[798.1242652672415, 0.0, 679.0081140747895], [0.0, 798.1242652672414, 419.2474525237902], [0.0, 0.0, 1.0]], [[1259.4297629105833, 0.0, 752.9541347831612], [0.0, 1259.4297629105833, 429.46398926977497], [0.0, 0.0, 1.0]]], "extrinsics": [[[0.8035286664962769, -0.595231831073761, 0.006367902737110853, -0.9229736328125], [0.010480433702468872, 0.0034504435025155544, -0.9999391436576843, 1.4995803833007812], [0.5951736569404602, 0.8035464882850647, 0.009010818786919117, -1.2506103515625], [0.0, 0.0, 0.0, 1.0]], [[-0.013252894394099712, -0.9999108910560608, 0.0015881870640441775, -0.02696990966796875], [0.0006359618855640292, -0.0015967547660693526, -0.9999985694885254, 1.513044834136963], [0.9999119639396667, -0.013251864351332188, 0.0006570672267116606, -1.59521484375], [0.0, 0.0, 0.0, 1.0]], [[-0.8149794936180115, -0.5794380307197571, -0.00774321099743247, 0.945556640625], [0.006098938174545765, 0.004784754011780024, -0.9999699592590332, 1.4963293075561523], [0.5794576406478882, -0.8150022029876709, -0.00036551954690366983, -1.3302001953125], [0.0, 0.0, 0.0, 1.0]], [[0.9457858800888062, 0.32477179169654846, -0.0035027391277253628, -1.152099609375], [-0.007064024917781353, 0.009787091985344887, -0.9999271631240845, 1.5959053039550781], [-0.32471397519111633, 0.9457417130470276, 0.011550691910088062, -0.08062744140625], [0.0, 0.0, 0.0, 1.0]], [[0.02033420465886593, 0.9997867345809937, 0.003594722133129835, 0.005828857421875], [0.00172234489582479, 0.0035604313015937805, -0.9999921917915344, 1.5396010875701904], [-0.9997917413711548, 0.02034028060734272, -0.001649579731747508, 0.08056640625], [0.0, 0.0, 0.0, 1.0]], [[-0.9332637190818787, 0.35917139053344727, 0.0038290019147098064, 1.100341796875], [-0.003130922559648752, 0.0025252392515540123, -0.9999919533729553, 1.5837655067443848], [-0.3591781556606293, -0.9332681894302368, -0.00123217620421201, -0.07269287109375], [0.0, 0.0, 0.0, 1.0]]], "view": [[0.0, -2.0, 100.0], [-2.0, 0.0, 100.0], [0.0, 0.0, 1.0]], "bev": "bev_ac072d20892d4d148bb83b69edd96d29.png", "aux": "aux_ac072d20892d4d148bb83b69edd96d29.npz", "visibility": "visibility_ac072d20892d4d148bb83b69edd96d29.png", "pose": [[0.9147533178329468, -0.4040127992630005, 0.0, 2267.42138671875], [0.4040127992630005, 0.9147533178329468, 0.0, 858.96044921875], [0.0, 0.0, 1.0, 0.0], [0.0, 0.0, 0.0, 1.0]], "pose_inverse": [[0.9147533178329468, 0.4040127992630005, 0.0, -2421.162353515625], [-0.4040127992630005, 0.9147533178329468, 0.0, 130.330322265625], [0.0, 0.0, 1.0, 0.0], [0.0, 0.0, 0.0, 1.0]], "cam_ids": [0, 1, 2, 3, 4, 5], "cam_channels": ["CAM_FRONT_LEFT", "CAM_FRONT", "CAM_FRONT_RIGHT", "CAM_BACK_LEFT", "CAM_BACK", "CAM_BACK_RIGHT"], "token": "ac072d20892d4d148bb83b69edd96d29", "scene": "scene-0162"}, {"images": ["samples/CAM_FRONT_LEFT/n008-2018-05-21-11-06-59-0400__CAM_FRONT_LEFT__1526915267904917.jpg", "samples/CAM_FRONT/n008-2018-05-21-11-06-59-0400__CAM_FRONT__1526915267912465.jpg", "samples/CAM_FRONT_RIGHT/n008-2018-05-21-11-06-59-0400__CAM_FRONT_RIGHT__1526915267919956.jpg", "samples/CAM_BACK_LEFT/n008-2018-05-21-11-06-59-0400__CAM_BACK_LEFT__1526915267947295.jpg", "samples/CAM_BACK/n008-2018-05-21-11-06-59-0400__CAM_BACK__1526915267937570.jpg", "samples/CAM_BACK_RIGHT/n008-2018-05-21-11-06-59-0400__CAM_BACK_RIGHT__1526915267927813.jpg"], "intrinsics": [[[1256.4720761102153, 0.0, 759.9201772536986], [0.0, 1256.472076110215, 418.2347543062189], [0.0, 0.0, 1.0]], [[1262.8093578767177, 0.0, 786.6784634591471], [0.0, 1262.8093578767177, 437.9890946201144], [0.0, 0.0, 1.0]], [[1264.1253743585607, 0.0, 761.8659236816043], [0.0, 1264.125374358561, 415.0768894058469], [0.0, 0.0, 1.0]], [[1258.2338510172276, 0.0, 742.9036438917772], [0.0, 1258.2338510172278, 422.93240569290015], [0.0, 0.0, 1.0]], [[798.1242652672415, 0.0, 679.0081140747895], [0.0, 798.1242652672414, 419.2474525237902], [0.0, 0.0, 1.0]], [[1259.4297629105833, 0.0, 752.9541347831612], [0.0, 1259.4297629105833, 429.46398926977497], [0.0, 0.0, 1.0]]], "extrinsics": [[[0.8024064302444458, -0.5966970324516296, 0.009830355644226074, -0.93359375], [0.0122689763084054, 2.528968070691917e-05, -0.9999247789382935, 1.4996299743652344], [0.5966518521308899, 0.802466630935669, 0.00734115531668067, -1.2586669921875], [0.0, 0.0, 0.0, 1.0]], [[-0.014960083179175854, -0.9998752474784851, 0.00508137559518218, -0.026885986328125], [0.0025869079399853945, -0.00512063130736351, -0.999983549118042, 1.5132122039794922], [0.9998847246170044, -0.014946707524359226, 0.0026631911750882864, -1.60595703125], [0.0, 0.0, 0.0, 1.0]], [[-0.8157779574394226, -0.5783181190490723, -0.007373628206551075, 0.952880859375], [0.008213437162339687, 0.001163774635642767, -0.9999655485153198, 1.496419906616211], [0.5783067941665649, -0.8158104419708252, 0.0038005984388291836, -1.3353271484375], [0.0, 0.0, 0.0, 1.0]], [[0.9457988739013672, 0.3247470259666443, -0.001984229777008295, -1.152099609375], [-0.00412273732945323, 0.0058972155675292015, -0.9999740719795227, 1.5959157943725586], [-0.32472696900367737, 0.9457825422286987, 0.006916426122188568, -0.080322265625], [0.0, 0.0, 0.0, 1.0]], [[0.020882228389382362, 0.9997819066047668, -0.00016211994807235897, 0.005950927734375], [0.00441068084910512, -0.0002542789734434336