[{"images": ["samples/CAM_FRONT_LEFT/n008-2018-09-18-14-54-39-0400__CAM_FRONT_LEFT__1537297473904799.jpg", "samples/CAM_FRONT/n008-2018-09-18-14-54-39-0400__CAM_FRONT__1537297473912404.jpg", "samples/CAM_FRONT_RIGHT/n008-2018-09-18-14-54-39-0400__CAM_FRONT_RIGHT__1537297473920482.jpg", "samples/CAM_BACK_LEFT/n008-2018-09-18-14-54-39-0400__CAM_BACK_LEFT__1537297473947405.jpg", "samples/CAM_BACK/n008-2018-09-18-14-54-39-0400__CAM_BACK__1537297473937558.jpg", "samples/CAM_BACK_RIGHT/n008-2018-09-18-14-54-39-0400__CAM_BACK_RIGHT__1537297473928113.jpg"], "intrinsics": [[[1257.8625342125129, 0.0, 827.2410631095686], [0.0, 1257.8625342125129, 450.915498205774], [0.0, 0.0, 1.0]], [[1252.8131021185304, 0.0, 826.588114781398], [0.0, 1252.8131021185304, 469.9846626224581], [0.0, 0.0, 1.0]], [[1256.7485116440405, 0.0, 817.7887570959712], [0.0, 1256.7485116440403, 451.9541780095127], [0.0, 0.0, 1.0]], [[1254.9860565800168, 0.0, 829.5769333630991], [0.0, 1254.9860565800168, 467.1680561863987], [0.0, 0.0, 1.0]], [[796.8910634503094, 0.0, 857.7774326863696], [0.0, 796.8910634503094, 476.8848988407415], [0.0, 0.0, 1.0]], [[1249.9629280788233, 0.0, 825.3768045375984], [0.0, 1249.9629280788233, 462.54816385708756], [0.0, 0.0, 1.0]]], "extrinsics": [[[0.8225153684616089, -0.5685977935791016, -0.012846780940890312, -1.005126953125], [0.007391911465674639, 0.033273566514253616, -0.9994189739227295, 1.4883041381835938], [0.5686948299407959, 0.8219425082206726, 0.03157104551792145, -1.3333740234375], [0.0, 0.0, 0.0, 1.0]], [[0.010211492888629436, -0.9995256066322327, -0.029057102277874947, 0.00537109375], [0.00934553612023592, 0.029152745380997658, -0.9995313286781311, 1.48016357421875], [0.9999041557312012, 0.009935212321579456, 0.009638797491788864, -1.7347412109375], [0.0, 0.0, 0.0, 1.0]], [[-0.8439970016479492, -0.5357354283332825, -0.025623315945267677, 1.0904541015625], [0.017365675419569016, 0.020453214645385742, -0.9996399879455566, 1.493072509765625], [0.5360666513442993, -0.8441381454467773, -0.007959047332406044, -1.277587890625], [0.0, 0.0, 0.0, 1.0]], [[0.9479001760482788, 0.3185456395149231, 0.003749127732589841, -1.1439208984375], [-0.008016449399292469, 0.03561631217598915, -0.999333381652832, 1.5620498657226562], [-0.31846684217453003, 0.9472381472587585, 0.03631431609392166, -0.156005859375], [0.0, 0.0, 0.0, 1.0]], [[0.009265797212719917, 0.999563992023468, 0.028034422546625137, -0.0286865234375], [-0.005891605280339718, 0.02808970771729946, -0.9995880126953125, 1.5680656433105469], [-0.9999397993087769, 0.00909680686891079, 0.006149310152977705, 0.04436302185058594], [0.0, 0.0, 0.0, 1.0]], [[-0.9237109422683716, 0.38307276368141174, 0.0036320392973721027, 1.16070556640625], [-0.0016948216361925006, 0.005394419655203819, -0.9999840259552002, 1.5478143692016602], [-0.38308635354042053, -0.9237024188041687, -0.0043336451053619385, -0.04345703125], [0.0, 0.0, 0.0, 1.0]]], "view": [[0.0, -2.0, 100.0], [-2.0, 0.0, 100.0], [0.0, 0.0, 1.0]], "bev": "bev_15ad2695508140c2ae8aa622ce27480d.png", "aux": "aux_15ad2695508140c2ae8aa622ce27480d.npz", "visibility": "visibility_15ad2695508140c2ae8aa622ce27480d.png", "pose": [[-0.8166665434837341, -0.5771098136901855, 0.0, 1168.9483642578125], [0.5771098136901855, -0.8166665434837341, 0.0, 1571.4532470703125], [0.0, 0.0, 1.0, 0.0], [0.0, 0.0, 0.0, 1.0]], "pose_inverse": [[-0.8166665434837341, 0.5771098136901855, 0.0, 47.73998260498047], [-0.5771098136901855, -0.8166665434837341, 0.0, 1957.96484375], [0.0, 0.0, 1.0, 0.0], [0.0, 0.0, 0.0, 1.0]], "cam_ids": [0, 1, 2, 3, 4, 5], "cam_channels": ["CAM_FRONT_LEFT", "CAM_FRONT", "CAM_FRONT_RIGHT", "CAM_BACK_LEFT", "CAM_BACK", "CAM_BACK_RIGHT"], "token": "15ad2695508140c2ae8aa622ce27480d", "scene": "scene-0887"}, {"images": ["samples/CAM_FRONT_LEFT/n008-2018-09-18-14-54-39-0400__CAM_FRONT_LEFT__1537297474404799.jpg", "samples/CAM_FRONT/n008-2018-09-18-14-54-39-0400__CAM_FRONT__1537297474412404.jpg", "samples/CAM_FRONT_RIGHT/n008-2018-09-18-14-54-39-0400__CAM_FRONT_RIGHT__1537297474420482.jpg", "samples/CAM_BACK_LEFT/n008-2018-09-18-14-54-39-0400__CAM_BACK_LEFT__1537297474447405.jpg", "samples/CAM_BACK/n008-2018-09-18-14-54-39-0400__CAM_BACK__1537297474437558.jpg", "samples/CAM_BACK_RIGHT/n008-2018-09-18-14-54-39-0400__CAM_BACK_RIGHT__1537297474428113.jpg"], "intrinsics": [[[1257.8625342125129, 0.0, 827.2410631095686], [0.0, 1257.8625342125129, 450.915498205774], [0.0, 0.0, 1.0]], [[1252.8131021185304, 0.0, 826.588114781398], [0.0, 1252.8131021185304, 469.9846626224581], [0.0, 0.0, 1.0]], [[1256.7485116440405, 0.0, 817.7887570959712], [0.0, 1256.7485116440403, 451.9541780095127], [0.0, 0.0, 1.0]], [[1254.9860565800168, 0.0, 829.5769333630991], [0.0, 1254.9860565800168, 467.1680561863987], [0.0, 0.0, 1.0]], [[796.8910634503094, 0.0, 857.7774326863696], [0.0, 796.8910634503094, 476.8848988407415], [0.0, 0.0, 1.0]], [[1249.9629280788233, 0.0, 825.3768045375984], [0.0, 1249.9629280788233, 462.54816385708756], [0.0, 0.0, 1.0]]], "extrinsics": [[[0.8225082755088806, -0.5686046481132507, -0.013001692481338978, -1.005126953125], [0.0071975719183683395, 0.033264271914958954, -0.999420702457428, 1.4882965087890625], [0.5687078237533569, 0.8219380974769592, 0.03145270794630051, -1.33349609375], [0.0, 0.0, 0.0, 1.0]], [[0.010199958458542824, -0.999525785446167, -0.029054198414087296, 0.0054931640625], [0.009144846349954605, 0.029147736728191376, -0.9995332956314087, 1.4801597595214844], [0.9999061822891235, 0.009929494000971317, 0.009437814354896545, -1.7347946166992188], [0.0, 0.0, 0.0, 1.0]], [[-0.84400475025177, -0.5357316732406616, -0.0254477858543396, 1.090576171875], [0.017158299684524536, 0.020452456548810005, -0.9996435642242432, 1.4930686950683594], [0.5360612273216248, -0.8441405892372131, -0.008069725707173347, -1.277587890625], [0.0, 0.0, 0.0, 1.0]], [[0.9478957653045654, 0.3185608386993408, 0.003551140194758773, -1.14385986328125], [-0.008225732482969761, 0.03561612591147423, -0.9993317127227783, 1.562042236328125], [-0.3184744417667389, 0.9472330808639526, 0.03638077154755592, -0.1561279296875], [0.0, 0.0, 0.0, 1.0]], [[0.009264941327273846, 0.9995637536048889, 0.02804345265030861, -0.0289306640625], [-0.0060922070406377316, 0.02810056135058403, -0.9995865225791931, 1.5680580139160156], [-0.9999386072158813, 0.00909026712179184, 0.0063498979434370995, 0.0443572998046875], [0.0, 0.0, 0.0, 1.0]], [[-0.9237091541290283, 0.3830752968788147, 0.0038222887087613344, 1.1607666015625], [-0.0019052795832976699, 0.005383542738854885, -0.9999836683273315, 1.5478124618530273], [-0.3830896019935608, -0.9237015247344971, -0.004242961760610342, -0.04345703125], [0.0, 0.0, 0.0, 1.0]]], "view": [[0.0, -2.0, 100.0], [-2.0, 0.0, 100.0], [0.0, 0.0, 1.0]], "bev": "bev_e81a0f1ab04f458696dffd0373835b59.png", "aux": "aux_e81a0f1ab04f458696dffd0373835b59.npz", "visibility": "visibility_e81a0f1ab04f458696dffd0373835b59.png", "pose": [[-0.816663384437561, -0.5771143436431885, 0.0, 1168.9486083984375], [0.5771143436431885, -0.816663384437561, 0.0, 1571.4534912109375], [0.0, 0.0, 1.0, 0.0], [0.0, 0.0, 0.0, 1.0]], "pose_inverse": [[-0.816663384437561, 0.5771143436431885, 0.0, 47.72918701171875], [-0.5771143436431885, -0.816663384437561, 0.0, 1957.9654541015625], [0.0, 0.0, 1.0, 0.0], [0.0, 0.0, 0.0, 1.0]], "cam_ids": [0, 1, 2, 3, 4, 5], "cam_channels": ["CAM_FRONT_LEFT", "CAM_FRONT", "CAM_FRONT_RIGHT", "CAM_BACK_LEFT", "CAM_BACK", "CAM_BACK_RIGHT"], "token": "e81a0f1ab04f458696dffd0373835b59", "scene": "scene-0887"}, {"images": ["samples/CAM_FRONT_LEFT/n008-2018-09-18-14-54-39-0400__CAM_FRONT_LEFT__1537297474904799.jpg", "samples/CAM_FRONT/n008-2018-09-18-14-54-39-0400__CAM_FRONT__1537297474912404.jpg", "samples/CAM_FRONT_RIGHT/n008-2018-09-18-14-54-39-0400__CAM_FRONT_RIGHT__1537297474920482.jpg", "samples/CAM_BACK_LEFT/n008-2018-09-18-14-54-39-0400__CAM_BACK_LEFT__1537297474947405.jpg", "samples/CAM_BACK/n008-2018-09-18-14-54-39-0400__CAM_BACK__1537297474937558.jpg", "samples/CAM_BACK_RIGHT/n008-2018-09-18-14-54-39-0400__CAM_BACK_RIGHT__1537297474928113.jpg"], "intrinsics": [[[1257.8625342125129, 0.0, 827.2410631095686], [0.0, 1257.8625342125129, 450.915498205774], [0.0, 0.0, 1.0]], [[1252.8131021185304, 0.0, 826.588114781398], [0.0, 1252.8131021185304, 469.9846626224581], [0.0, 0.0, 1.0]], [[1256.7485116440405, 0.0, 817.7887570959712], [0.0, 1256.7485116440403, 451.9541780095127], [0.0, 0.0, 1.0]], [[1254.9860565800168, 0.0, 829.5769333630991], [0.0, 1254.9860565800168, 467.1680561863987], [0.0, 0.0, 1.0]], [[796.8910634503094, 0.0, 857.7774326863696], [0.0, 796.8910634503094, 476.8848988407415], [0.0, 0.0, 1.0]], [[1249.9629280788233, 0.0, 825.3768045375984], [0.0, 1249.9629280788233, 462.54816385708756], [0.0, 0.0, 1.0]]], "extrinsics": [[[0.8225129246711731, -0.5685951113700867, -0.013120743446052074, -1.0050048828125], [0.006985864602029324, 0.0331680104136467, -0.9994253516197205, 1.4882965087890625], [0.5687035918235779, 0.8219486474990845, 0.03125324472784996, -1.33349609375], [0.0, 0.0, 0.0, 1.0]], [[0.01020510122179985, -0.9995283484458923, -0.028963753953576088, 0.00537109375], [0.008948644623160362, 0.029055392369627953, -0.9995377659797668, 1.48016357421875], [0.9999078512191772, 0.00994113553315401, 0.009240937419235706, -1.7345428466796875], [0.0, 0.0, 0.0, 1.0]], [[-0.8440043926239014, -0.5357416272163391, -0.02524873986840248, 1.090576171875], [0.0169785488396883, 0.020364098250865936, -0.9996484518051147, 1.493072509765625], [0.5360674262046814, -0.8441364169120789, -0.008091273717582226, -1.277587890625], [0.0, 0.0, 0.0, 1.0]], [[0.9478999972343445, 0.31855064630508423, 0.0033495912794023752, -1.14404296875], [-0.008406214416027069, 0.03552217036485672, -0.9993335008621216, 1.562042236328125], [-0.31845730543136597, 0.9472399950027466, 0.03634927049279213, -0.1561279296875], [0.0, 0.0, 0.0, 1.0]], [[0.009272288531064987, 0.999566376209259, 0.02794657088816166, -0.0286865234375], [-0.006285739131271839, 0.028005484491586685, -0.9995879530906677, 1.5680618286132812], [-0.9999372959136963, 0.009092805907130241, 0.006542690563946962, 0.04441642761230469], [0.0, 0.0, 0.0, 1.0]], [[-0.9237111806869507, 0.38306924700737, 0.003950071521103382, 1.16064453125], [-0.0020780381746590137, 0.005300610326230526, -0.9999837875366211, 1.5478124618530273], [-0.3830839693546295, -0.9237043857574463, -0.004100200720131397, -0.043701171875], [0.0, 0.0, 0.0, 1.0]]], "view": [[0.0, -2.0, 100.0], [-2.0, 0.0, 100.0], [0.0, 0.0, 1.0]], "bev": "bev_bdd48d3b250d4e12a1a09ec10460146f.png", "aux": "aux_bdd48d3b250d4e12a1a09ec10460146f.npz", "visibility": "visibility_bdd48d3b250d4e12a1a09ec10460146f.png", "pose": [[-0.8166673183441162, -0.5771087408065796, 0.0, 1168.94873046875], [0.5771087408065796, -0.8166673183441162, 0.0, 1571.4537353515625], [0.0, 0.0, 1.0, 0.0], [0.0, 0.0, 0.0, 1.0]], "pose_inverse": [[-0.8166673183441162, 0.5771087408065796, 0.0, 47.742584228515625], [-0.5771087408065796, -0.8166673183441162, 0.0, 1957.9654541015625], [0.0, 0.0, 1.0, 0.0], [0.0, 0.0, 0.0, 1.0]], "cam_ids": [0, 1, 2, 3, 4, 5], "cam_channels": ["CAM_FRONT_LEFT", "CAM_FRONT", "CAM_FRONT_RIGHT", "CAM_BACK_LEFT", "CAM_BACK", "CAM_BACK_RIGHT"], "token": "bdd48d3b250d4e12a1a09ec10460146f", "scene": "scene-0887"}, {"images": ["samples/CAM_FRONT_LEFT/n008-2018-09-18-14-54-39-0400__CAM_FRONT_LEFT__1537297475354799.jpg", "samples/CAM_FRONT/n008-2018-09-18-14-54-39-0400__CAM_FRONT__1537297475362404.jpg", "samples/CAM_FRONT_RIGHT/n008-2018-09-18-14-54-39-0400__CAM_FRONT_RIGHT__1537297475370482.jpg", "samples/CAM_BACK_LEFT/n008-2018-09-18-14-54-39-0400__CAM_BACK_LEFT__1537297475397405.jpg", "samples/CAM_BACK/n008-2018-09-18-14-54-39-0400__CAM_BACK__1537297475387558.jpg", "samples/CAM_BACK_RIGHT/n008-2018-09-18-14-54-39-0400__CAM_BACK_RIGHT__1537297475378113.jpg"], "intrinsics": [[[1257.8625342125129, 0.0, 827.2410631095686], [0.0, 1257.8625342125129, 450.915498205774], [0.0, 0.0, 1.0]], [[1252.8131021185304, 0.0, 826.588114781398], [0.0, 1252.8131021185304, 469.9846626224581], [0.0, 0.0, 1.0]], [[1256.7485116440405, 0.0, 817.7887570959712], [0.0, 1256.7485116440403, 451.9541780095127], [0.0, 0.0, 1.0]], [[1254.9860565800168, 0.0, 829.5769333630991], [0.0, 1254.9860565800168, 467.1680561863987], [0.0, 0.0, 1.0]], [[796.8910634503094, 0.0, 857.7774326863696], [0.0, 796.8910634503094, 476.8848988407415], [0.0, 0.0, 1.0]], [[1249.9629280788233, 0.0, 825.3768045375984], [0.0, 1249.9629280788233, 462.54816385708756], [0.0, 0.0, 1.0]]], "extrinsics": [[[0.8225064277648926, -0.5686044692993164, -0.013118394650518894, -1.0050048828125], [0.006950126029551029, 0.033111605793237686, -0.9994274973869324, 1.4882965087890625], [0.5687133073806763, 0.8219443559646606, 0.031186381354928017, -1.3333740234375], [0.0, 0.0, 0.0, 1.0]], [[0.010197511874139309, -0.9995302557945251, -0.02890031971037388, 0.00537109375], [0.008900661952793598, 0.02899141050875187, -0.9995400309562683, 1.4801673889160156], [0.9999083280563354, 0.009935643523931503, 0.009192122146487236, -1.7346572875976562], [0.0, 0.0, 0.0, 1.0]], [[-0.8440070152282715, -0.5357413291931152, -0.025165235623717308, 1.090576171875], [0.01692371815443039, 0.02029470168054104, -0.999650776386261, 1.493072509765625], [0.5360650420188904, -0.8441382646560669, -0.00806213729083538, -1.2774658203125], [0.0, 0.0, 0.0, 1.0]], [[0.9479005336761475, 0.3185494840145111, 0.003286408493295312, -1.14398193359375], [-0.00845871027559042, 0.0354803130030632, -0.9993345737457275, 1.562042236328125], [-0.31845414638519287, 0.9472419023513794, 0.036326322704553604, -0.1561279296875], [0.0, 0.0, 0.0, 1.0]], [[0.00927391741424799, 0.999567985534668, 0.027887938544154167, -0.0286865234375], [-0.006330575793981552, 0.027947265654802322, -0.9995893239974976, 1.5680656433105469], [-0.9999369978904724, 0.009093536995351315, 0.0065870219841599464, 0.04443550109863281], [0.0, 0.0, 0.0, 1.0]], [[-0.9237104058265686, 0.38307082653045654, 0.003972334787249565, 1.1607666015625], [-0.002129877218976617, 0.005233709700405598, -0.9999840259552002, 1.5478134155273438], [-0.38308554887771606, -0.9237041473388672, -0.004018538631498814, -0.043701171875], [0.0, 0.0, 0.0, 1.0]]], "view": [[0.0, -2.0, 100.0], [-2.0, 0.0, 100.0], [0.0, 0.0, 1.0]], "bev": "bev_d5ed270cd4d74949851d408185ee0400.png", "aux": "aux_d5ed270cd4d74949851d408185ee0400.npz", "visibility": "visibility_d5ed270cd4d74949851d408185ee0400.png", "pose": [[-0.8166603446006775, -0.5771185755729675, 0.0, 1168.9488525390625], [0.5771185755729675, -0.8166603446006775, 0.0, 1571.4539794921875], [0.0, 0.0, 1.0, 0.0], [0.0, 0.0, 0.0, 1.0]], "pose_inverse": [[-0.8166603446006775, 0.5771185755729675, 0.0, 47.71890640258789], [-0.5771185755729675, -0.8166603446006775, 0.0, 1957.96630859375], [0.0, 0.0, 1.0, 0.0], [0.0, 0.0, 0.0, 1.0]], "cam_ids": [0, 1, 2, 3, 4, 5], "cam_channels": ["CAM_FRONT_LEFT", "CAM_FRONT", "CAM_FRONT_RIGHT", "CAM_BACK_LEFT", "CAM_BACK", "CAM_BACK_RIGHT"], "token": "d5ed270cd4d74949851d408185ee0400", "scene": "scene-0887"}, {"images": ["samples/CAM_FRONT_LEFT/n008-2018-09-18-14-54-39-0400__CAM_FRONT_LEFT__1537297475854799.jpg", "samples/CAM_FRONT/n008-2018-09-18-14-54-39-0400__CAM_FRONT__1537297475862404.jpg", "samples/CAM_FRONT_RIGHT/n008-2018-09-18-14-54-39-0400__CAM_FRONT_RIGHT__1537297475870482.jpg", "samples/CAM_BACK_LEFT/n008-2018-09-18-14-54-39-0400__CAM_BACK_LEFT__1537297475897405.jpg", "samples/CAM_BACK/n008-2018-09-18-14-54-39-0400__CAM_BACK__1537297475887558.jpg", "samples/CAM_BACK_RIGHT/n008-2018-09-18-14-54-39-0400__CAM_BACK_RIGHT__1537297475878113.jpg"], "intrinsics": [[[1257.8625342125129, 0.0, 827.2410631095686], [0.0, 1257.8625342125129, 450.915498205774], [0.0, 0.0, 1.0]], [[1252.8131021185304, 0.0, 826.588114781398], [0.0, 1252.8131021185304, 469.9846626224581], [0.0, 0.0, 1.0]], [[1256.7485116440405, 0.0, 817.7887570959712], [0.0, 1256.7485116440403, 451.9541780095127], [0.0, 0.0, 1.0]], [[1254.9860565800168, 0.0, 829.5769333630991], [0.0, 1254.9860565800168, 467.1680561863987], [0.0, 0.0, 1.0]], [[796.8910634503094, 0.0, 857.7774326863696], [0.0, 796.8910634503094, 476.8848988407415], [0.0, 0.0, 1.0]], [[1249.9629280788233, 0.0, 825.3768045375984], [0.0, 1249.9629280788233, 462.54816385708756], [0.0, 0.0, 1.0]]], "extrinsics": [[[0.8225147128105164, -0.5685909986495972, -0.01318774838000536, -1.0050048828125], [0.006856809835880995, 0.03309943526983261, -0.9994285106658936, 1.4882965087890625], [0.5687024593353271, 0.8219543099403381, 0.031123492866754532, -1.3333740234375], [0.0, 0.0, 0.0, 1.0]], [[0.01020106766372919, -0.9995304346084595, -0.028891904279589653, 0.00537109375], [0.008801844902336597, 0.028982043266296387, -0.9995412230491638, 1.4801597595214844], [0.9999091625213623, 0.009941975586116314, 0.009093359112739563, -1.7345428466796875], [0.0, 0.0, 0.0, 1.0]], [[-0.8440098762512207, -0.5357412695884705, -0.025072891265153885, 1.090576171875], [0.01681802235543728, 0.02028891071677208, -0.9996526837348938, 1.493072509765625], [0.5360639095306396, -0.8441384434700012, -0.00811393279582262, -1.277587890625], [0.0, 0.0, 0.0, 1.0]], [[0.9478981494903564, 0.31855759024620056, 0.003176045836880803, -1.14385986328125], [-0.00857249740511179, 0.03547171503305435, -0.999333918094635, 1.5620498657226562], [-0.3184581398963928, 0.9472395181655884, 0.03635440766811371, -0.1561279296875], [0.0, 0.0, 0.0, 1.0]], [[0.009276353754103184, 0.9995680451393127, 0.02788764238357544, -0.029052734375], [-0.00644433218985796, 0.02794802188873291, -0.9995885491371155, 1.5680580139160156], [-0.9999362230300903, 0.009092865511775017, 0.006700805388391018, 0.04430389404296875], [0.0, 0.0, 0.0, 1.0]], [[-0.9237099885940552, 0.3830706477165222, 0.0040774717926979065, 1.1607666015625], [-0.002243893453851342, 0.005233233328908682, -0.9999837875366211, 1.5478134155273438], [-0.38308584690093994, -0.923704206943512, -0.003974420949816704, -0.0435791015625], [0.0, 0.0, 0.0, 1.0]]], "view": [[0.0, -2.0, 100.0], [-2.0, 0.0, 100.0], [0.0, 0.0, 1.0]], "bev": "bev_f87116861d924f6a91a018ffd7f0f86e.png", "aux": "aux_f87116861d924f6a91a018ffd7f0f86e.npz", "visibility": "visibility_f87116861d924f6a91a018ffd7f0f86e.png", "pose": [[-0.8166356682777405, -0.5771535038948059, 0.0, 1168.948974609375], [0.5771535038948059, -0.8166356682777405, 0.0, 1571.4541015625], [0.0, 0.0, 1.0, 0.0], [0.0, 0.0, 0.0, 1.0]], "pose_inverse": [[-0.8166356682777405, 0.5771535038948059, 0.0, 47.63523483276367], [-0.5771535038948059, -0.8166356682777405, 0.0, 1957.968505859375], [0.0, 0.0, 1.0, 0.0], [0.0, 0.0, 0.0, 1.0]], "cam_ids": [0, 1, 2, 3, 4, 5], "cam_channels": ["CAM_FRONT_LEFT", "CAM_FRONT", "CAM_FRONT_RIGHT", "CAM_BACK_LEFT", "CAM_BACK", "CAM_BACK_RIGHT"], "token": "f87116861d924f6a91a018ffd7f0f86e", "scene": "scene-0887"}, {"images": ["samples/CAM_FRONT_LEFT/n008-2018-09-18-14-54-39-0400__CAM_FRONT_LEFT__1537297476354799.jpg", "samples/CAM_FRONT/n008-2018-09-18-14-54-39-0400__CAM_FRONT__1537297476362404.jpg", "samples/CAM_FRONT_RIGHT/n008-2018-09-18-14-54-39-0400__CAM_FRONT_RIGHT__1537297476370482.jpg", "samples/CAM_BACK_LEFT/n008-2018-09-18-14-54-39-0400__CAM_BACK_LEFT__1537297476397405.jpg", "samples/CAM_BACK/n008-2018-09-18-14-54-39-0400__CAM_BACK__1537297476387558.jpg", "samples/CAM_BACK_RIGHT/n008-2018-09-18-14-54-39-0400__CAM_BACK_RIGHT__1537297476378113.jpg"], "intrinsics": [[[1257.8625342125129, 0.0, 827.2410631095686], [0.0, 1257.8625342125129, 450.915498205774], [0.0, 0.0, 1.0]], [[1252.8131021185304, 0.0, 826.588114781398], [0.0, 1252.8131021185304, 469.9846626224581], [0.0, 0.0, 1.0]], [[1256.7485116440405, 0.0, 817.7887570959712], [0.0, 1256.7485116440403, 451.9541780095127], [0.0, 0.0, 1.0]], [[1254.9860565800168, 0.0, 829.5769333630991], [0.0, 1254.9860565800168, 467.1680561863987], [0.0, 0.0, 1.0]], [[796.8910634503094, 0.0, 857.7774326863696], [0.0, 796.8910634503094, 476.8848988407415], [0.0, 0.0, 1.0]], [[1249.9629280788233, 0.0, 825.3768045375984], [0.0, 1249.9629280788233, 462.54816385708756], [0.0, 0.0, 1.0]]], "extrinsics": [[[0.822516143321991, -0.5685867071151733, -0.013282373547554016, -1.0050048828125], [0.0067433202639222145, 0.033101871609687805, -0.9994292259216309, 1.4882965087890625], [0.5687018036842346, 0.8219571113586426, 0.03106098622083664, -1.3333740234375], [0.0, 0.0, 0.0, 1.0]], [[0.010205407626926899, -0.9995301365852356, -0.028901981189846992, 0.0054931640625], [0.008696072734892368, 0.028991108760237694, -0.9995418787002563, 1.48016357421875], [0.9999100565910339, 0.009949385188519955, 0.008987854234874249, -1.73468017578125], [0.0, 0.0, 0.0, 1.0]], [[-0.8440080881118774, -0.5357479453086853, -0.024989858269691467, 1.0904541015625], [0.01671648398041725, 0.020293815061450005, -0.999654233455658, 1.493072509765625], [0.5360698699951172, -0.8441340327262878, -0.008172322064638138, -1.277587890625], [0.0, 0.0, 0.0, 1.0]], [[0.9479004144668579, 0.31855201721191406, 0.0030649725813418627, -1.1439208984375], [-0.008686543442308903, 0.03546330705285072, -0.9993332624435425, 1.5620346069335938], [-0.3184482753276825, 0.9472417831420898, 0.03638279810547829, -0.1561279296875], [0.0, 0.0, 0.0, 1.0]], [[0.009275490418076515, 0.9995681643486023, 0.02788373827934265, -0.0289306640625], [-0.006555861793458462, 0.027945127338171005, -0.9995879530906677, 1.5680580139160156], [-0.999935507774353, 0.009088893420994282, 0.006812236737459898, 0.04435539245605469], [0.0, 0.0, 0.0, 1.0]], [[-0.9237119555473328, 0.38306498527526855, 0.004166886676102877, 1.16058349609375], [-0.002343890257179737, 0.0052255867049098015, -0.9999836087226868, 1.5478134155273438], [-0.38308045268058777, -0.9237066507339478, -0.003929074853658676, -0.0435791015625], [0.0, 0.0, 0.0, 1.0]]], "view": [[0.0, -2.0, 100.0], [-2.0, 0.0, 100.0], [0.0, 0.0, 1.0]], "bev": "bev_1d221ea0979748d1809ad00254ef53bb.png", "aux": "aux_1d221ea0979748d1809ad00254ef53bb.npz", "visibility": "visibility_1d221ea0979748d1809ad00254ef53bb.png", "pose": [[-0.8166651129722595, -0.5771118402481079, 0.0, 1168.9490966796875], [0.5771118402481079, -0.8166651129722595, 0.0, 1571.454345703125], [0.0, 0.0, 1.0, 0.0], [0.0, 0.0, 0.0, 1.0]], "pose_inverse": [[-0.8166651129722595, 0.5771118402481079, 0.0, 47.73499298095703], [-0.5771118402481079, -0.8166651129722595, 0.0, 1957.96630859375], [0.0, 0.0, 1.0, 0.0], [0.0, 0.0, 0.0, 1.0]], "cam_ids": [0, 1, 2, 3, 4, 5], "cam_channels": ["CAM_FRONT_LEFT", "CAM_FRONT", "CAM_FRONT_RIGHT", "CAM_BACK_LEFT", "CAM_BACK", "CAM_BACK_RIGHT"], "token": "1d221ea0979748d1809ad00254ef53bb", "scene": "scene-0887"}, {"images": ["samples/CAM_FRONT_LEFT/n008-2018-09-18-14-54-39-0400__CAM_FRONT_LEFT__1537297476904799.jpg", "samples/CAM_FRONT/n008-2018-09-18-14-54-39-0400__CAM_FRONT__1537297476912404.jpg", "samples/CAM_FRONT_RIGHT/n008-2018-09-18-14-54-39-0400__CAM_FRONT_RIGHT__1537297476920482.jpg", "samples/CAM_BACK_LEFT/n008-2018-09-18-14-54-39-0400__CAM_BACK_LEFT__1537297476947405.jpg", "samples/CAM_BACK/n008-2018-09-18-14-54-39-0400__CAM_BACK__1537297476937558.jpg", "samples/CAM_BACK_RIGHT/n008-2018-09-18-14-54-39-0400__CAM_BACK_RIGHT__1537297476928113.jpg"], "intrinsics": [[[1257.8625342125129, 0.0, 827.2410631095686], [0.0, 1257.8625342125129, 450.915498205774], [0.0, 0.0, 1.0]], [[1252.8131021185304, 0.0, 826.588114781398], [0.0, 1252.8131021185304, 469.9846626224581], [0.0, 0.0, 1.0]], [[1256.7485116440405, 0.0, 817.7887570959712], [0.0, 1256.7485116440403, 451.9541780095127], [0.0, 0.0, 1.0]], [[1254.9860565800168, 0.0, 829.5769333630991], [0.0, 1254.9860565800168, 467.1680561863987], [0.0, 0.0, 1.0]], [[796.8910634503094, 0.0, 857.7774326863696], [0.0, 796.8910634503094, 476.8848988407415], [0.0, 0.0, 1.0]], [[1249.9629280788233, 0.0, 825.3768045375984], [0.0, 1249.9629280788233, 462.54816385708756], [0.0, 0.0, 1.0]]], "extrinsics": [[[0.8225159049034119, -0.5685865879058838, -0.01329789124429226, -1.0050048828125], [0.006692433729767799, 0.03305558115243912, -0.9994310736656189, 1.4882965087890625], [0.5687026381492615, 0.8219590187072754, 0.03099396824836731, -1.3333740234375], [0.0, 0.0, 0.0, 1.0]], [[0.010205189697444439, -0.9995318055152893, -0.028843460604548454, 0.00537109375], [0.00863580871373415, 0.028931988403201103, -0.999544084072113, 1.4801597595214844], [0.9999105930328369, 0.009951460175216198, 0.008927023969590664, -1.7346954345703125], [0.0, 0.0, 0.0, 1.0]], [[-0.8440091013908386, -0.5357507467269897, -0.02489604987204075, 1.090576171875], [0.016646122559905052, 0.020229604095220566, -0.9996567964553833, 1.493072509765625], [0.5360705256462097, -0.8441338539123535, -0.008155797608196735, -1.277587890625], [0.0, 0.0, 0.0, 1.0]], [[0.9478995203971863, 0.3185552954673767, 0.0029979385435581207, -1.14404296875], [-0.0087331747636199, 0.03539139777421951, -0.9993353486061096, 1.562042236328125], [-0.31844964623451233, 0.947243332862854, 0.0363294892013073, -0.1561279296875], [0.0, 0.0, 0.0, 1.0]], [[0.009276709519326687, 0.9995705485343933, 0.027796978130936623, -0.0286865234375], [-0.0066113462671637535, 0.027858873829245567, -0.9995899796485901, 1.5680656433105469], [-0.9999350905418396, 0.009089097380638123, 0.006866945419460535, 0.04432487487792969], [0.0, 0.0, 0.0, 1.0]], [[-0.9237115979194641, 0.383065402507782, 0.004201673436909914, 1.16058349609375], [-0.0024103177711367607, 0.00515621155500412, -0.9999837875366211, 1.5478134155273438], [-0.3830808103084564, -0.9237068295478821, -0.0038395437877625227, -0.0438232421875], [0.0, 0.0, 0.0, 1.0]]], "view": [[0.0, -2.0, 100.0], [-2.0, 0.0, 100.0], [0.0, 0.0, 1.0]], "bev": "bev_cf73f79c17e6474faf396300d64f26d5.png", "aux": "aux_cf73f79c17e6474faf396300d64f26d5.npz", "visibility": "visibility_cf73f79c17e6474faf396300d64f26d5.png", "pose": [[-0.8166342377662659, -0.5771555304527283, 0.0, 1168.94921875], [0.5771555304527283, -0.8166342377662659, 0.0, 1571.4544677734375], [0.0, 0.0, 1.0, 0.0], [0.0, 0.0, 0.0, 1.0]], "pose_inverse": [[-0.8166342377662659, 0.5771555304527283, 0.0, 47.63026428222656], [-0.5771555304527283, -0.8166342377662659, 0.0, 1957.968994140625], [0.0, 0.0, 1.0, 0.0], [0.0, 0.0, 0.0, 1.0]], "cam_ids": [0, 1, 2, 3, 4, 5], "cam_channels": ["CAM_FRONT_LEFT", "CAM_FRONT", "CAM_FRONT_RIGHT", "CAM_BACK_LEFT", "CAM_BACK", "CAM_BACK_RIGHT"], "token": "cf73f79c17e6474faf396300d64f26d5", "scene": "scene-0887"}, {"images": ["samples/CAM_FRONT_LEFT/n008-2018-09-18-14-54-39-0400__CAM_FRONT_LEFT__1537297477404799.jpg", "samples/CAM_FRONT/n008-2018-09-18-14-54-39-0400__CAM_FRONT__1537297477412404.jpg", "samples/CAM_FRONT_RIGHT/n008-2018-09-18-14-54-39-0400__CAM_FRONT_RIGHT__1537297477420482.jpg", "samples/CAM_BACK_LEFT/n008-2018-09-18-14-54-39-0400__CAM_BACK_LEFT__1537297477449072.jpg", "samples/CAM_BACK/n008-2018-09-18-14-54-39-0400__CAM_BACK__1537297477437558.jpg", "samples/CAM_BACK_RIGHT/n008-2018-09-18-14-54-39-0400__CAM_BACK_RIGHT__1537297477428113.jpg"], "intrinsics": [[[1257.8625342125129, 0.0, 827.2410631095686], [0.0, 1257.8625342125129, 450.915498205774], [0.0, 0.0, 1.0]], [[1252.8131021185304, 0.0, 826.588114781398], [0.0, 1252.8131021185304, 469.9846626224581], [0.0, 0.0, 1.0]], [[1256.7485116440405, 0.0, 817.7887570959712], [0.0, 1256.7485116440403, 451.9541780095127], [0.0, 0.0, 1.0]], [[1254.9860565800168, 0.0, 829.5769333630991], [0.0, 1254.9860565800168, 467.1680561863987], [0.0, 0.0, 1.0]], [[796.8910634503094, 0.0, 857.7774326863696], [0.0, 796.8910634503094, 476.8848988407415], [0.0, 0.0, 1.0]], [[1249.9629280788233, 0.0, 825.3768045375984], [0.0, 1249.9629280788233, 462.54816385708756], [0.0, 0.0, 1.0]]], "extrinsics": [[[0.8225064277648926, -0.5686005353927612, -0.013290947303175926, -1.005126953125], [0.0066106123849749565, 0.03292420879006386, -0.9994359612464905, 1.4882965087890625], [0.5687174797058105, 0.8219546675682068, 0.030839169397950172, -1.3333740234375], [0.0, 0.0, 0.0, 1.0]], [[0.010191895067691803, -0.9995355606079102, -0.02871803566813469, 0.00537109375], [0.008582361973822117, 0.028805911540985107, -0.9995481967926025, 1.4801673889160156], [0.9999112486839294, 0.009940783493220806, 0.008871962316334248, -1.734619140625], [0.0, 0.0, 0.0, 1.0]], [[-0.8440144062042236, -0.5357463955879211, -0.024809271097183228, 1.090576171875], [0.016620054841041565, 0.02010888047516346, -0.9996595978736877, 1.4930763244628906], [0.5360629558563232, -0.8441394567489624, -0.00806804932653904, -1.277587890625], [0.0, 0.0, 0.0, 1.0]], [[0.9478991627693176, 0.31855735182762146, 0.0029119709506630898, -1.1439208984375], [-0.00878924410790205, 0.03528834506869316, -0.9993385076522827, 1.5620498657226562], [-0.3184494078159332, 0.9472464919090271, 0.03624967113137245, -0.1561279296875], [0.0, 0.0, 0.0, 1.0]], [[0.00928032398223877, 0.9995732307434082, 0.027698034420609474, -0.0286865234375], [-0.006651365198194981, 0.027760321274399757, -0.9995924234390259, 1.5680618286132812], [-0.9999347925186157, 0.009092254564166069, 0.00690615177154541, 0.044445037841796875], [0.0, 0.0, 0.0, 1.0]], [[-0.9237092137336731, 0.3830713629722595, 0.0041906340047717094, 1.16070556640625], [-0.002444376004859805, 0.005045206751674414, -0.9999842643737793, 1.547811508178711], [-0.38308650255203247, -0.923704981803894, -0.0037239340599626303, -0.043701171875], [0.0, 0.0, 0.0, 1.0]]], "view": [[0.0, -2.0, 100.0], [-2.0, 0.0, 100.0], [0.0, 0.0, 1.0]], "bev": "bev_b0c87f3a02be4b94b09dd543de9bc80b.png", "aux": "aux_b0c87f3a02be4b94b09dd543de9bc80b.npz", "visibility": "visibility_b0c87f3a02be4b94b09dd543de9bc80b.png", "pose": [[-0.8166601657867432, -0.5771188735961914, 0.0, 1168.94921875], [0.5771188735961914, -0.8166601657867432, 0.0, 1571.45458984375], [0.0, 0.0, 1.0, 0.0], [0.0, 0.0, 0.0, 1.0]], "pose_inverse": [[-0.8166601657867432, 0.5771188735961914, 0.0, 47.71816635131836], [-0.5771188735961914, -0.8166601657867432, 0.0, 1957.967041015625], [0.0, 0.0, 1.0, 0.0], [0.0, 0.0, 0.0, 1.0]], "cam_ids": [0, 1, 2, 3, 4, 5], "cam_channels": ["CAM_FRONT_LEFT", "CAM_FRONT", "CAM_FRONT_RIGHT", "CAM_BACK_LEFT", "CAM_BACK", "CAM_BACK_RIGHT"], "token": "b0c87f3a02be4b94b09dd543de9bc80b", "scene": "scene-0887"}, {"images": ["samples/CAM_FRONT_LEFT/n008-2018-09-18-14-54-39-0400__CAM_FRONT_LEFT__1537297477904799.jpg", "samples/CAM_FRONT/n008-2018-09-18-14-54-39-0400__CAM_FRONT__1537297477912404.jpg", "samples/CAM_FRONT_RIGHT/n008-2018-09-18-14-54-39-0400__CAM_FRONT_RIGHT__1537297477920482.jpg", "samples/CAM_BACK_LEFT/n008-2018-09-18-14-54-39-0400__CAM_BACK_LEFT__1537297477947405.jpg", "samples/CAM_BACK/n008-2018-09-18-14-54-39-0400__CAM_BACK__1537297477937558.jpg", "samples/CAM_BACK_RIGHT/n008-2018-09-18-14-54-39-0400__CAM_BACK_RIGHT__1537297477928113.jpg"], "intrinsics": [[[1257.8625342125129, 0.0, 827.2410631095686], [0.0, 1257.8625342125129, 450.915498205774], [0.0, 0.0, 1.0]], [[1252.8131021185304, 0.0, 826.588114781398], [0.0, 1252.8131021185304, 469.9846626224581], [0.0, 0.0, 1.0]], [[1256.7485116440405, 0.0, 817.7887570959712], [0.0, 1256.7485116440403, 451.9541780095127], [0.0, 0.0, 1.0]], [[1254.9860565800168, 0.0, 829.5769333630991], [0.0, 1254.9860565800168, 467.1680561863987], [0.0, 0.0, 1.0]], [[796.8910634503094, 0.0, 857.7774326863696], [0.0, 796.8910634503094, 476.8848988407415], [0.0, 0.0, 1.0]], [[1249.9629280788233, 0.0, 825.3768045375984], [0.0, 1249.9629280788233, 462.54816385708756], [0.0, 0.0, 1.0]]], "extrinsics": [[[0.822514533996582, -0.5685877799987793, -0.013332231901586056, -1.0048828125], [0.0065865362994372845, 0.03296275436878204, -0.9994348883628845, 1.4882965087890625], [0.5687059760093689, 0.8219619393348694, 0.030857369303703308, -1.33349609375], [0.0, 0.0, 0.0, 1.0]], [[0.010208441875874996, -0.9995344281196594, -0.028750890865921974, 0.0052490234375], [0.008642640896141529, 0.028839509934186935, -0.9995467066764832, 1.4801597595214844], [0.9999105334281921, 0.00995528232306242, 0.008933023549616337, -1.7346267700195312], [0.0, 0.0, 0.0, 1.0]], [[-0.8440029621124268, -0.5357580780982971, -0.024943388998508453, 1.090576171875], [0.01675991900265217, 0.0201385710388422, -0.9996566772460938, 1.493072509765625], [0.536076545715332, -0.844131350517273, -0.008017751388251781, -1.277587890625], [0.0, 0.0, 0.0, 1.0]], [[0.9478992223739624, 0.3185552954673767, 0.003074350766837597, -1.143798828125], [-0.008629504591226578, 0.0353226475417614, -0.9993387460708618, 1.562042236328125], [-0.31845325231552124, 0.9472458362579346, 0.03623128682374954, -0.156005859375], [0.0, 0.0, 0.0, 1.0]], [[0.00926978886127472, 0.9995722770690918, 0.027738112956285477, -0.0289306640625], [-0.0065079620108008385, 0.027799023315310478, -0.9995923042297363, 1.5680656433105469], [-0.9999358057975769, 0.009085490368306637, 0.006762868724763393, 0.04430961608886719], [0.0, 0.0, 0.0, 1.0]], [[-0.9237151741981506, 0.3830583095550537, 0.004071321804076433, 1.16064453125], [-0.0023012040182948112, 0.005079125985503197, -0.9999844431877136, 1.5478134155273438], [-0.38307303190231323, -0.9237102270126343, -0.003810170339420438, -0.043701171875], [0.0, 0.0, 0.0, 1.0]]], "view": [[0.0, -2.0, 100.0], [-2.0, 0.0, 100.0], [0.0, 0.0, 1.0]], "bev": "bev_8ee9e3a6d01249579648c22eafaf1263.png", "aux": "aux_8ee9e3a6d01249579648c22eafaf1263.npz", "visibility": "visibility_8ee9e3a6d01249579648c22eafaf1263.png", "pose": [[-0.8166647553443909, -0.5771123170852661, 0.0, 1168.9493408203125], [0.5771123170852661, -0.8166647553443909, 0.0, 1571.4547119140625], [0.0, 0.0, 1.0, 0.0], [0.0, 0.0, 0.0, 1.0]], "pose_inverse": [[-0.8166647553443909, 0.5771123170852661, 0.0, 47.733856201171875], [-0.5771123170852661, -0.8166647553443909, 0.0, 1957.966796875], [0.0, 0.0, 1.0, 0.0], [0.0, 0.0, 0.0, 1.0]], "cam_ids": [0, 1, 2, 3, 4, 5], "cam_channels": ["CAM_FRONT_LEFT", "CAM_FRONT", "CAM_FRONT_RIGHT", "CAM_BACK_LEFT", "CAM_BACK", "CAM_BACK_RIGHT"], "token": "8ee9e3a6d01249579648c22eafaf1263", "scene": "scene-0887"}, {"images": ["samples/CAM_FRONT_LEFT/n008-2018-09-18-14-54-39-0400__CAM_FRONT_LEFT__1537297478404799.jpg", "samples/CAM_FRONT/n008-2018-09-18-14-54-39-0400__CAM_FRONT__1537297478412404.jpg", "samples/CAM_FRONT_RIGHT/n008-2018-09-18-14-54-39-0400__CAM_FRONT_RIGHT__1537297478420482.jpg", "samples/CAM_BACK_LEFT/n008-2018-09-18-14-54-39-0400__CAM_BACK_LEFT__1537297478447405.jpg", "samples/CAM_BACK/n008-2018-09-18-14-54-39-0400__CAM_BACK__1537297478437558.jpg", "samples/CAM_BACK_RIGHT/n008-2018-09-18-14-54-39-0400__CAM_BACK_RIGHT__1537297478428113.jpg"], "intrinsics": [[[1257.8625342125129, 0.0, 827.2410631095686], [0.0, 1257.8625342125129, 450.915498205774], [0.0, 0.0, 1.0]], [[1252.8131021185304, 0.0, 826.588114781398], [0.0, 1252.8131021185304, 469.9846626224581], [0.0, 0.0, 1.0]], [[1256.7485116440405, 0.0, 817.7887570959712], [0.0, 1256.7485116440403, 451.9541780095127], [0.0, 0.0, 1.0]], [[1254.9860565800168, 0.0, 829.5769333630991], [0.0, 1254.9860565800168, 467.1680561863987], [0.0, 0.0, 1.0]], [[796.8910634503094, 0.0, 857.7774326863696], [0.0, 796.8910634503094, 476.8848988407415], [0.0, 0.0, 1.0]], [[1249.9629280788233, 0.0, 825.3768045375984], [0.0, 1249.9629280788233, 462.54816385708756], [0.0, 0.0, 1.0]]], "extrinsics": [[[0.8225095868110657, -0.5685949921607971, -0.01333523914217949, -1.005126953125], [0.006601255852729082, 0.032988838851451874, -0.9994338750839233, 1.4882965087890625], [0.5687130093574524, 0.8219559192657471, 0.030887072905898094, -1.3333740234375], [0.0, 0.0, 0.0, 1.0]], [[0.010197032243013382, -0.9995339512825012, -0.028775040060281754, 0.00537109375], [0.008558918721973896, 0.02886272594332695, -0.9995467662811279, 1.4801597595214844], [0.9999114274978638, 0.009946099482476711, 0.008849242702126503, -1.73468017578125], [0.0, 0.0, 0.0, 1.0]], [[-0.8440119624137878, -0.5357506275177002, -0.024804379791021347, 1.0906982421875], [0.016583198681473732, 0.020157724618911743, -0.9996592998504639, 1.493072509765625], [0.5360681414604187, -0.8441357016563416, -0.00812890101224184, -1.2774658203125], [0.0, 0.0, 0.0, 1.0]], [[0.947899341583252, 0.3185567557811737, 0.0029283214826136827, -1.14398193359375], [-0.008777176029980183, 0.03530380129814148, -0.9993380308151245, 1.5620498657226562], [-0.3184492290019989, 0.9472461342811584, 0.03626047447323799, -0.156005859375], [0.0, 0.0, 0.0, 1.0]], [[0.00927707739174366, 0.9995723366737366, 0.027732549235224724, -0.02880859375], [-0.0066630104556679726, 0.027794918045401573, -0.9995914101600647, 1.5680618286132812], [-0.9999348521232605, 0.009088434278964996, 0.006918015424162149, 0.04436302185058594], [0.0, 0.0, 0.0, 1.0]], [[-0.9237117767333984, 0.38306474685668945, 0.00424363324418664, 1.16064453125], [-0.0024815660435706377, 0.005093951243907213, -0.9999839663505554, 1.547811508178711], [-0.3830801844596863, -0.9237074851989746, -0.0037547419779002666, -0.0435791015625], [0.0, 0.0, 0.0, 1.0]]], "view": [[0.0, -2.0, 100.0], [-2.0, 0.0, 100.0], [0.0, 0.0, 1.0]], "bev": "bev_d403f462bf2744b2ba5d18acc7a7997a.png", "aux": "aux_d403f462bf2744b2ba5d18acc7a7997a.npz", "visibility": "visibility_d403f462bf2744b2ba5d18acc7a7997a.png", "pose": [[-0.8166382908821106, -0.5771498680114746, 0.0, 1168.9493408203125], [0.5771498680114746, -0.8166382908821106, 0.0, 1571.4547119140625], [0.0, 0.0, 1.0, 0.0], [0.0, 0.0, 0.0, 1.0]], "pose_inverse": [[-0.8166382908821106, 0.5771498680114746, 0.0, 47.643924713134766], [-0.5771498680114746, -0.8166382908821106, 0.0, 1957.968994140625], [0.0, 0.0, 1.0, 0.0], [0.0, 0.0, 0.0, 1.0]], "cam_ids": [0, 1, 2, 3, 4, 5], "cam_channels": ["CAM_FRONT_LEFT", "CAM_FRONT", "CAM_FRONT_RIGHT", "CAM_BACK_LEFT", "CAM_BACK", "CAM_BACK_RIGHT"], "token": "d403f462bf2744b2ba5d18acc7a7997a", "scene": "scene-0887"}, {"images": ["samples/CAM_FRONT_LEFT/n008-2018-09-18-14-54-39-0400__CAM_FRONT_LEFT__1537297478904799.jpg", "samples/CAM_FRONT/n008-2018-09-18-14-54-39-0400__CAM_FRONT__1537297478912404.jpg", "samples/CAM_FRONT_RIGHT/n008-2018-09-18-14-54-39-0400__CAM_FRONT_RIGHT__1537297478920482.jpg", "samples/CAM_BACK_LEFT/n008-2018-09-18-14-54-39-0400__CAM_BACK_LEFT__1537297478947405.jpg", "samples/CAM_BACK/n008-2018-09-18-14-54-39-0400__CAM_BACK__1537297478937558.jpg", "samples/CAM_BACK_RIGHT/n008-2018-09-18-14-54-39-0400__CAM_BACK_RIGHT__1537297478928113.jpg"], "intrinsics": [[[1257.8625342125129, 0.0, 827.2410631095686], [0.0, 1257.8625342125129, 450.915498205774], [0.0, 0.0, 1.0]], [[1252.8131021185304, 0.0, 826.588114781398], [0.0, 1252.8131021185304, 469.9846626224581], [0.0, 0.0, 1.0]], [[1256.7485116440405, 0.0, 817.7887570959712], [0.0, 1256.7485116440403, 451.9541780095127], [0.0, 0.0, 1.0]], [[1254.9860565800168, 0.0, 829.5769333630991], [0.0, 1254.9860565800168, 467.1680561863987], [0.0, 0.0, 1.0]], [[796.8910634503094, 0.0, 857.7774326863696], [0.0, 796.8910634503094, 476.8848988407415], [0.0, 0.0, 1.0]], [[1249.9629280788233, 0.0, 825.3768045375984], [0.0, 1249.9629280788233, 462.54816385708756], [0.0, 0.0, 1.0]]], "extrinsics": [[[0.8225102424621582, -0.56859290599823, -0.013376208953559399, -1.005126953125], [0.006579928565770388, 0.03303009644150734, -0.9994326829910278, 1.4882965087890625], [0.5687121748924255, 0.821955680847168, 0.030908893793821335, -1.3333740234375], [0.0, 0.0, 0.0, 1.0]], [[0.010196248069405556, -0.9995326995849609, -0.02881510928273201, 0.00537109375], [0.008559313602745533, 0.028902793303132057, -0.9995456337928772, 1.48016357421875], [0.999911367893219, 0.009944883175194263, 0.00885001290589571, -1.73455810546875], [0.0, 0.0, 0.0, 1.0]], [[-0.8440133929252625, -0.5357463359832764, -0.02484390325844288, 1.090576171875], [0.01660512201488018, 0.020196983590722084, -0.9996581077575684, 1.493072509765625], [0.5360649824142456, -0.8441373705863953, -0.008150390349328518, -1.277587890625], [0.0, 0.0, 0.0, 1.0]], [[0.947899580001831, 0.31855541467666626, 0.0029525950085371733, -1.14385986328125], [-0.008778952062129974, 0.03538535535335541, -0.9993351697921753, 1.5620346069335938], [-0.31844815611839294, 0.9472435712814331, 0.03633834794163704, -0.15625], [0.0, 0.0, 0.0, 1.0]], [[0.009280494414269924, 0.9995706677436829, 0.027792299166321754, -0.0289306640625], [-0.006652043666690588, 0.027854591608047485, -0.9995898008346558, 1.5680618286132812], [-0.999