[{"images": ["samples/CAM_FRONT_LEFT/n015-2018-07-18-11-50-34+0800__CAM_FRONT_LEFT__1531886021504844.jpg", "samples/CAM_FRONT/n015-2018-07-18-11-50-34+0800__CAM_FRONT__1531886021512466.jpg", "samples/CAM_FRONT_RIGHT/n015-2018-07-18-11-50-34+0800__CAM_FRONT_RIGHT__1531886021520339.jpg", "samples/CAM_BACK_LEFT/n015-2018-07-18-11-50-34+0800__CAM_BACK_LEFT__1531886021547429.jpg", "samples/CAM_BACK/n015-2018-07-18-11-50-34+0800__CAM_BACK__1531886021537525.jpg", "samples/CAM_BACK_RIGHT/n015-2018-07-18-11-50-34+0800__CAM_BACK_RIGHT__1531886021527893.jpg"], "intrinsics": [[[1272.5979470598488, 0.0, 826.6154927353808], [0.0, 1272.5979470598488, 479.75165386361925], [0.0, 0.0, 1.0]], [[1266.417203046554, 0.0, 816.2670197447984], [0.0, 1266.417203046554, 491.50706579294757], [0.0, 0.0, 1.0]], [[1260.8474446004698, 0.0, 807.968244525554], [0.0, 1260.8474446004698, 495.3344268742088], [0.0, 0.0, 1.0]], [[1256.7414812095406, 0.0, 792.1125740759628], [0.0, 1256.7414812095406, 492.7757465151356], [0.0, 0.0, 1.0]], [[809.2209905677063, 0.0, 829.2196003259838], [0.0, 809.2209905677063, 481.77842384512485], [0.0, 0.0, 1.0]], [[1259.5137405846733, 0.0, 807.2529053838625], [0.0, 1259.5137405846733, 501.19579884916527], [0.0, 0.0, 1.0]]], "extrinsics": [[[0.8220036625862122, -0.5685349702835083, 0.03283195570111275, -0.7972412109375], [0.014204833656549454, -0.037164878100156784, -0.9992081522941589, 1.5111541748046875], [0.5693049430847168, 0.8218191862106323, -0.02247372642159462, -1.164398193359375], [0.0, 0.0, 0.0, 1.0]], [[0.007479856722056866, -0.9991257786750793, 0.041130226105451584, 0.0064697265625], [0.00894997175782919, -0.041062843054533005, -0.9991164803504944, 1.5220565795898438], [0.9999319314956665, 0.007841348648071289, 0.008635004051029682, -1.523193359375], [0.0, 0.0, 0.0, 1.0]], [[-0.8319785594940186, -0.5548068881034851, 0.0009996438166126609, 0.9215087890625], [0.014582477509975433, -0.023668715730309486, -0.9996134638786316, 1.5055885314941406], [0.5546160936355591, -0.8316423892974854, 0.027782322838902473, -1.1746826171875], [0.0, 0.0, 0.0, 1.0]], [[0.9477111101150513, 0.31908896565437317, 0.005094070918858051, -1.134033203125], [0.023285459727048874, -0.053221579641103745, -0.9983112215995789, 1.5887451171875], [-0.318278968334198, 0.9462292194366455, -0.05786881223320961, -0.1064453125], [0.0, 0.0, 0.0, 1.0]], [[0.0022340561263263226, 0.9990492463111877, -0.04353838413953781, 0.00286865234375], [-0.00212359381839633, -0.043533653020858765, -0.9990496635437012, 1.579244613647461], [-0.999995231628418, 0.0023243906907737255, 0.0020243185572326183, -0.0523681640625], [0.0, 0.0, 0.0, 1.0]], [[-0.9348180890083313, 0.3530261814594269, -0.038570940494537354, 1.0440673828125], [0.0304814875125885, -0.028447628021240234, -0.9991304278373718, 1.5544548034667969], [-0.35381650924682617, -0.9351809620857239, 0.015832599252462387, -0.09852325916290283], [0.0, 0.0, 0.0, 1.0]]], "view": [[0.0, -2.0, 100.0], [-2.0, 0.0, 100.0], [0.0, 0.0, 1.0]], "bev": "bev_a085faf3366241a095a88d527a3fdc1b.png", "aux": "aux_a085faf3366241a095a88d527a3fdc1b.npz", "visibility": "visibility_a085faf3366241a095a88d527a3fdc1b.png", "pose": [[0.12206784635782242, -0.9925217628479004, 0.0, 776.9996948242188], [0.9925217628479004, 0.12206784635782242, 0.0, 1481.4893798828125], [0.0, 0.0, 1.0, 0.0], [0.0, 0.0, 0.0, 1.0]], "pose_inverse": [[0.12206784635782242, 0.9925217628479004, 0.0, -1565.257080078125], [-0.9925217628479004, 0.12206784635782242, 0.0, 590.3468627929688], [0.0, 0.0, 1.0, 0.0], [0.0, 0.0, 0.0, 1.0]], "cam_ids": [0, 1, 2, 3, 4, 5], "cam_channels": ["CAM_FRONT_LEFT", "CAM_FRONT", "CAM_FRONT_RIGHT", "CAM_BACK_LEFT", "CAM_BACK", "CAM_BACK_RIGHT"], "token": "a085faf3366241a095a88d527a3fdc1b", "scene": "scene-0023"}, {"images": ["samples/CAM_FRONT_LEFT/n015-2018-07-18-11-50-34+0800__CAM_FRONT_LEFT__1531886022004844.jpg", "samples/CAM_FRONT/n015-2018-07-18-11-50-34+0800__CAM_FRONT__1531886022012465.jpg", "samples/CAM_FRONT_RIGHT/n015-2018-07-18-11-50-34+0800__CAM_FRONT_RIGHT__1531886022020339.jpg", "samples/CAM_BACK_LEFT/n015-2018-07-18-11-50-34+0800__CAM_BACK_LEFT__1531886022047423.jpg", "samples/CAM_BACK/n015-2018-07-18-11-50-34+0800__CAM_BACK__1531886022037525.jpg", "samples/CAM_BACK_RIGHT/n015-2018-07-18-11-50-34+0800__CAM_BACK_RIGHT__1531886022027893.jpg"], "intrinsics": [[[1272.5979470598488, 0.0, 826.6154927353808], [0.0, 1272.5979470598488, 479.75165386361925], [0.0, 0.0, 1.0]], [[1266.417203046554, 0.0, 816.2670197447984], [0.0, 1266.417203046554, 491.50706579294757], [0.0, 0.0, 1.0]], [[1260.8474446004698, 0.0, 807.968244525554], [0.0, 1260.8474446004698, 495.3344268742088], [0.0, 0.0, 1.0]], [[1256.7414812095406, 0.0, 792.1125740759628], [0.0, 1256.7414812095406, 492.7757465151356], [0.0, 0.0, 1.0]], [[809.2209905677063, 0.0, 829.2196003259838], [0.0, 809.2209905677063, 481.77842384512485], [0.0, 0.0, 1.0]], [[1259.5137405846733, 0.0, 807.2529053838625], [0.0, 1259.5137405846733, 501.19579884916527], [0.0, 0.0, 1.0]]], "extrinsics": [[[0.8203250169754028, -0.57144695520401, 0.022697264328598976, -0.7918701171875], [0.011435137130320072, -0.02329016663134098, -0.9996633529663086, 1.5106792449951172], [0.5717832446098328, 0.8203083872795105, -0.012570930644869804, -1.161102294921875], [0.0, 0.0, 0.0, 1.0]], [[0.005044345278292894, -0.9996165633201599, 0.027226973325014114, 0.0069580078125], [0.0061107962392270565, -0.027195999398827553, -0.9996114373207092, 1.5216236114501953], [0.9999686479568481, 0.005208771210163832, 0.005971267353743315, -1.5179443359375], [0.0, 0.0, 0.0, 1.0]], [[-0.8330740332603455, -0.5531445741653442, -0.004323659930378199, 0.91827392578125], [0.011717929504811764, -0.009832415729761124, -0.9998829960823059, 1.5052623748779297], [0.5530374050140381, -0.8330272436141968, 0.0146728390827775, -1.1719970703125], [0.0, 0.0, 0.0, 1.0]], [[0.9477413892745972, 0.31897076964378357, 0.006623214576393366, -1.134521484375], [0.02025308832526207, -0.039433035999536514, -0.9990169405937195, 1.5887184143066406], [-0.3183960020542145, 0.9469438791275024, -0.04383246973156929, -0.1064453125], [0.0, 0.0, 0.0, 1.0]], [[0.0028476198203861713, 0.9995537996292114, -0.029735296964645386, 0.00262451171875], [-0.005116770043969154, -0.02972046285867691, -0.999545156955719, 1.5790858268737793], [-0.9999828934669495, 0.002998488489538431, 0.0050298538990318775, -0.0538330078125], [0.0, 0.0, 0.0, 1.0]], [[-0.9344144463539124, 0.35483840107917786, -0.03097410872578621, 1.0411376953125], [0.027560042217373848, -0.014672895893454552, -0.9995124936103821, 1.5542564392089844], [-0.355119913816452, -0.9348125457763672, 0.00393120339140296, -0.09917259216308594], [0.0, 0.0, 0.0, 1.0]]], "view": [[0.0, -2.0, 100.0], [-2.0, 0.0, 100.0], [0.0, 0.0, 1.0]], "bev": "bev_c6fae425e7694f4bb4aea5da0196d433.png", "aux": "aux_c6fae425e7694f4bb4aea5da0196d433.npz", "visibility": "visibility_c6fae425e7694f4bb4aea5da0196d433.png", "pose": [[0.13046319782733917, -0.9914531707763672, 0.0, 777.31689453125], [0.9914531707763672, 0.13046319782733917, 0.0, 1483.8546142578125], [0.0, 0.0, 1.0, 0.0], [0.0, 0.0, 0.0, 1.0]], "pose_inverse": [[0.13046319782733917, 0.9914531707763672, 0.0, -1572.5836181640625], [-0.9914531707763672, 0.13046319782733917, 0.0, 577.0848388671875], [0.0, 0.0, 1.0, 0.0], [0.0, 0.0, 0.0, 1.0]], "cam_ids": [0, 1, 2, 3, 4, 5], "cam_channels": ["CAM_FRONT_LEFT", "CAM_FRONT", "CAM_FRONT_RIGHT", "CAM_BACK_LEFT", "CAM_BACK", "CAM_BACK_RIGHT"], "token": "c6fae425e7694f4bb4aea5da0196d433", "scene": "scene-0023"}, {"images": ["samples/CAM_FRONT_LEFT/n015-2018-07-18-11-50-34+0800__CAM_FRONT_LEFT__1531886022504844.jpg", "samples/CAM_FRONT/n015-2018-07-18-11-50-34+0800__CAM_FRONT__1531886022512467.jpg", "samples/CAM_FRONT_RIGHT/n015-2018-07-18-11-50-34+0800__CAM_FRONT_RIGHT__1531886022520342.jpg", "samples/CAM_BACK_LEFT/n015-2018-07-18-11-50-34+0800__CAM_BACK_LEFT__1531886022547423.jpg", "samples/CAM_BACK/n015-2018-07-18-11-50-34+0800__CAM_BACK__1531886022537525.jpg", "samples/CAM_BACK_RIGHT/n015-2018-07-18-11-50-34+0800__CAM_BACK_RIGHT__1531886022527893.jpg"], "intrinsics": [[[1272.5979470598488, 0.0, 826.6154927353808], [0.0, 1272.5979470598488, 479.75165386361925], [0.0, 0.0, 1.0]], [[1266.417203046554, 0.0, 816.2670197447984], [0.0, 1266.417203046554, 491.50706579294757], [0.0, 0.0, 1.0]], [[1260.8474446004698, 0.0, 807.968244525554], [0.0, 1260.8474446004698, 495.3344268742088], [0.0, 0.0, 1.0]], [[1256.7414812095406, 0.0, 792.1125740759628], [0.0, 1256.7414812095406, 492.7757465151356], [0.0, 0.0, 1.0]], [[809.2209905677063, 0.0, 829.2196003259838], [0.0, 809.2209905677063, 481.77842384512485], [0.0, 0.0, 1.0]], [[1259.5137405846733, 0.0, 807.2529053838625], [0.0, 1259.5137405846733, 501.19579884916527], [0.0, 0.0, 1.0]]], "extrinsics": [[[0.8185977339744568, -0.574250340461731, 0.0115864472463727, -0.7862548828125], [0.011219094507396221, -0.004182309377938509, -0.9999282956123352, 1.5106887817382812], [0.5742576122283936, 0.8186690807342529, 0.0030189398676156998, -1.15716552734375], [0.0, 0.0, 0.0, 1.0]], [[0.0025151227600872517, -0.9999640583992004, 0.008097324520349503, 0.00677490234375], [0.005850960034877062, -0.00808249693363905, -0.9999502301216125, 1.521590232849121], [0.9999797344207764, 0.0025623696856200695, 0.0058304197154939175, -1.5133056640625], [0.0, 0.0, 0.0, 1.0]], [[-0.8341978192329407, -0.5512703061103821, -0.01466638408601284, 0.9158935546875], [0.011459343135356903, 0.009261216036975384, -0.9998914003372192, 1.5052413940429688], [0.5513463020324707, -0.8342753052711487, -0.00140848895534873, -1.1708984375], [0.0, 0.0, 0.0, 1.0]], [[0.9477365612983704, 0.31881749629974365, 0.01228131353855133, -1.134765625], [0.01986485905945301, -0.020545782521367073, -0.9995915293693542, 1.5887069702148438], [-0.3184349238872528, 0.9475934505462646, -0.02580525353550911, -0.106201171875], [0.0, 0.0, 0.0, 1.0]], [[0.003562973579391837, 0.9999363422393799, -0.010719748213887215, 0.0029296875], [-0.005472542252391577, -0.010700157843530178, -0.9999277591705322, 1.5790481567382812], [-0.9999787211418152, 0.0036213851999491453, 0.0054340660572052, -0.0540771484375], [0.0, 0.0, 0.0, 1.0]], [[-0.9338976740837097, 0.3567405045032501, -0.023905593901872635, 1.0400390625], [0.02725866250693798, 0.004373811651021242, -0.9996188282966614, 1.5542526245117188], [-0.35649996995925903, -0.9341933727264404, -0.013808961026370525, -0.09989547729492188], [0.0, 0.0, 0.0, 1.0]]], "view": [[0.0, -2.0, 100.0], [-2.0, 0.0, 100.0], [0.0, 0.0, 1.0]], "bev": "bev_9451ac6ed1854040903b94c284185534.png", "aux": "aux_9451ac6ed1854040903b94c284185534.npz", "visibility": "visibility_9451ac6ed1854040903b94c284185534.png", "pose": [[0.10335821658372879, -0.9946442246437073, 0.0, 777.6292724609375], [0.9946442246437073, 0.10335821658372879, 0.0, 1486.2823486328125], [0.0, 0.0, 1.0, 0.0], [0.0, 0.0, 0.0, 1.0]], "pose_inverse": [[0.10335821658372879, 0.9946442246437073, 0.0, -1558.696533203125], [-0.9946442246437073, 0.10335821658372879, 0.0, 619.844970703125], [0.0, 0.0, 1.0, 0.0], [0.0, 0.0, 0.0, 1.0]], "cam_ids": [0, 1, 2, 3, 4, 5], "cam_channels": ["CAM_FRONT_LEFT", "CAM_FRONT", "CAM_FRONT_RIGHT", "CAM_BACK_LEFT", "CAM_BACK", "CAM_BACK_RIGHT"], "token": "9451ac6ed1854040903b94c284185534", "scene": "scene-0023"}, {"images": ["samples/CAM_FRONT_LEFT/n015-2018-07-18-11-50-34+0800__CAM_FRONT_LEFT__1531886022904844.jpg", "samples/CAM_FRONT/n015-2018-07-18-11-50-34+0800__CAM_FRONT__1531886022912464.jpg", "samples/CAM_FRONT_RIGHT/n015-2018-07-18-11-50-34+0800__CAM_FRONT_RIGHT__1531886022920339.jpg", "samples/CAM_BACK_LEFT/n015-2018-07-18-11-50-34+0800__CAM_BACK_LEFT__1531886022947423.jpg", "samples/CAM_BACK/n015-2018-07-18-11-50-34+0800__CAM_BACK__1531886022937525.jpg", "samples/CAM_BACK_RIGHT/n015-2018-07-18-11-50-34+0800__CAM_BACK_RIGHT__1531886022927893.jpg"], "intrinsics": [[[1272.5979470598488, 0.0, 826.6154927353808], [0.0, 1272.5979470598488, 479.75165386361925], [0.0, 0.0, 1.0]], [[1266.417203046554, 0.0, 816.2670197447984], [0.0, 1266.417203046554, 491.50706579294757], [0.0, 0.0, 1.0]], [[1260.8474446004698, 0.0, 807.968244525554], [0.0, 1260.8474446004698, 495.3344268742088], [0.0, 0.0, 1.0]], [[1256.7414812095406, 0.0, 792.1125740759628], [0.0, 1256.7414812095406, 492.7757465151356], [0.0, 0.0, 1.0]], [[809.2209905677063, 0.0, 829.2196003259838], [0.0, 809.2209905677063, 481.77842384512485], [0.0, 0.0, 1.0]], [[1259.5137405846733, 0.0, 807.2529053838625], [0.0, 1259.5137405846733, 501.19579884916527], [0.0, 0.0, 1.0]]], "extrinsics": [[[0.8178103566169739, -0.5754603147506714, 0.005618402734398842, -0.7869873046875], [0.011508348397910595, 0.0065925270318984985, -0.9999120235443115, 1.510716438293457], [0.575372576713562, 0.817803144454956, 0.012014034204185009, -1.15814208984375], [0.0, 0.0, 0.0, 1.0]], [[0.001544111524708569, -0.999995231628418, -0.0026837990153580904, 0.00750732421875], [0.006205262150615454, 0.002693332266062498, -0.999977171421051, 1.5216293334960938], [0.9999794363975525, 0.0015274082543328404, 0.0062093911692500114, -1.5146484375], [0.0, 0.0, 0.0, 1.0]], [[-0.8344993591308594, -0.5506100654602051, -0.020959971472620964, 0.91802978515625], [0.011896887794137001, 0.020025677978992462, -0.9997286796569824, 1.5052521228790283], [0.5508804321289062, -0.8345223069190979, -0.010160868987441063, -1.1707763671875], [0.0, 0.0, 0.0, 1.0]], [[0.9476819038391113, 0.3188059628009796, 0.016178566962480545, -1.1383056640625], [0.02039528451859951, -0.009892637841403484, -0.9997430443763733, 1.5886344909667969], [-0.31856393814086914, 0.9477683901786804, -0.01587720960378647, -0.10498046875], [0.0, 0.0, 0.0, 1.0]], [[0.0036390861496329308, 0.9999934434890747, -4.4841963244834915e-05, 0.0023193359375], [-0.0049489992670714855, -2.6831919967662543e-05, -0.999987781047821, 1.5790948867797852], [-0.9999811053276062, 0.0036392707843333483, 0.004948868416249752, -0.051025390625], [0.0, 0.0, 0.0, 1.0]], [[-0.9337772130966187, 0.35726529359817505, -0.020531903952360153, 1.041748046875], [0.027746638283133507, 0.01507987454533577, -0.9995012879371643, 1.5542221069335938], [-0.35677748918533325, -0.9338812828063965, -0.02399415522813797, -0.0982208251953125], [0.0, 0.0, 0.0, 1.0]]], "view": [[0.0, -2.0, 100.0], [-2.0, 0.0, 100.0], [0.0, 0.0, 1.0]], "bev": "bev_ef969c90f4294fc3abc0ecd7d85c49a9.png", "aux": "aux_ef969c90f4294fc3abc0ecd7d85c49a9.npz", "visibility": "visibility_ef969c90f4294fc3abc0ecd7d85c49a9.png", "pose": [[0.06186573952436447, -0.9980844855308533, 0.0, 777.8179321289062], [0.9980844855308533, 0.06186573952436447, 0.0, 1488.2823486328125], [0.0, 0.0, 1.0, 0.0], [0.0, 0.0, 0.0, 1.0]], "pose_inverse": [[0.06186573952436447, 0.9980844855308533, 0.0, -1533.5517578125], [-0.9980844855308533, 0.06186573952436447, 0.0, 684.2543334960938], [0.0, 0.0, 1.0, 0.0], [0.0, 0.0, 0.0, 1.0]], "cam_ids": [0, 1, 2, 3, 4, 5], "cam_channels": ["CAM_FRONT_LEFT", "CAM_FRONT", "CAM_FRONT_RIGHT", "CAM_BACK_LEFT", "CAM_BACK", "CAM_BACK_RIGHT"], "token": "ef969c90f4294fc3abc0ecd7d85c49a9", "scene": "scene-0023"}, {"images": ["samples/CAM_FRONT_LEFT/n015-2018-07-18-11-50-34+0800__CAM_FRONT_LEFT__1531886023404844.jpg", "samples/CAM_FRONT/n015-2018-07-18-11-50-34+0800__CAM_FRONT__1531886023412462.jpg", "samples/CAM_FRONT_RIGHT/n015-2018-07-18-11-50-34+0800__CAM_FRONT_RIGHT__1531886023420339.jpg", "samples/CAM_BACK_LEFT/n015-2018-07-18-11-50-34+0800__CAM_BACK_LEFT__1531886023447423.jpg", "samples/CAM_BACK/n015-2018-07-18-11-50-34+0800__CAM_BACK__1531886023437525.jpg", "samples/CAM_BACK_RIGHT/n015-2018-07-18-11-50-34+0800__CAM_BACK_RIGHT__1531886023427893.jpg"], "intrinsics": [[[1272.5979470598488, 0.0, 826.6154927353808], [0.0, 1272.5979470598488, 479.75165386361925], [0.0, 0.0, 1.0]], [[1266.417203046554, 0.0, 816.2670197447984], [0.0, 1266.417203046554, 491.50706579294757], [0.0, 0.0, 1.0]], [[1260.8474446004698, 0.0, 807.968244525554], [0.0, 1260.8474446004698, 495.3344268742088], [0.0, 0.0, 1.0]], [[1256.7414812095406, 0.0, 792.1125740759628], [0.0, 1256.7414812095406, 492.7757465151356], [0.0, 0.0, 1.0]], [[809.2209905677063, 0.0, 829.2196003259838], [0.0, 809.2209905677063, 481.77842384512485], [0.0, 0.0, 1.0]], [[1259.5137405846733, 0.0, 807.2529053838625], [0.0, 1259.5137405846733, 501.19579884916527], [0.0, 0.0, 1.0]]], "extrinsics": [[[0.8175784945487976, -0.575803816318512, 0.003922704607248306, -0.7813720703125], [0.013226079754531384, 0.011968100443482399, -0.9998409152030945, 1.5111417770385742], [0.5756652355194092, 0.8175002932548523, 0.017400488257408142, -1.1552886962890625], [0.0, 0.0, 0.0, 1.0]], [[0.0010767059866338968, -0.9999669790267944, -0.008049534633755684, 0.008056640625], [0.007813484407961369, 0.008057706989347935, -0.9999370574951172, 1.5219364166259766], [0.9999688863754272, 0.0010137433419004083, 0.007821901701390743, -1.5096435546875], [0.0, 0.0, 0.0, 1.0]], [[-0.8347764015197754, -0.5500144362449646, -0.02514990232884884, 0.9151611328125], [0.013402514159679413, 0.02536560781300068, -0.9995883703231812, 1.5054943561553955], [0.5504258871078491, -0.8347699046134949, -0.013803034089505672, -1.1689453125], [0.0, 0.0, 0.0, 1.0]], [[0.9476308822631836, 0.3187965750694275, 0.01908726803958416, -1.1390380859375], [0.021766051650047302, -0.004842150956392288, -0.9997513890266418, 1.5886268615722656], [-0.318624883890152, 0.9478107690811157, -0.011527514085173607, -0.104736328125], [0.0, 0.0, 0.0, 1.0]], [[0.003835087176412344, 0.999979555606842, 0.00511556351557374, 0.00244140625], [-0.003587357932701707, 0.0051293266005814075, -0.9999803900718689, 1.5791616439819336], [-0.9999861121177673, 0.0038166611921042204, 0.0036069569177925587, -0.0518798828125], [0.0, 0.0, 0.0, 1.0]], [[-0.9335847496986389, 0.3577999472618103, -0.019966287538409233, 1.03955078125], [0.02916307933628559, 0.02032570168375969, -0.9993680119514465, 1.5544281005859375], [-0.3571679890155792, -0.9335770010948181, -0.029410315677523613, -0.09930419921875], [0.0, 0.0, 0.0, 1.0]]], "view": [[0.0, -2.0, 100.0], [-2.0, 0.0, 100.0], [0.0, 0.0, 1.0]], "bev": "bev_363dd5e0bec74edc958547759324c56a.png", "aux": "aux_363dd5e0bec74edc958547759324c56a.npz", "visibility": "visibility_363dd5e0bec74edc958547759324c56a.png", "pose": [[0.002031497424468398, -0.9999979138374329, 0.0, 777.9360961914062], [0.9999979138374329, 0.002031497424468398, 0.0, 1490.86865234375], [0.0, 0.0, 1.0, 0.0], [0.0, 0.0, 0.0, 1.0]], "pose_inverse": [[0.002031497424468398, 0.9999979138374329, 0.0, -1492.4459228515625], [-0.9999979138374329, 0.002031497424468398, 0.0, 774.9058227539062], [0.0, 0.0, 1.0, 0.0], [0.0, 0.0, 0.0, 1.0]], "cam_ids": [0, 1, 2, 3, 4, 5], "cam_channels": ["CAM_FRONT_LEFT", "CAM_FRONT", "CAM_FRONT_RIGHT", "CAM_BACK_LEFT", "CAM_BACK", "CAM_BACK_RIGHT"], "token": "363dd5e0bec74edc958547759324c56a", "scene": "scene-0023"}, {"images": ["samples/CAM_FRONT_LEFT/n015-2018-07-18-11-50-34+0800__CAM_FRONT_LEFT__1531886023854844.jpg", "samples/CAM_FRONT/n015-2018-07-18-11-50-34+0800__CAM_FRONT__1531886023862460.jpg", "samples/CAM_FRONT_RIGHT/n015-2018-07-18-11-50-34+0800__CAM_FRONT_RIGHT__1531886023870339.jpg", "samples/CAM_BACK_LEFT/n015-2018-07-18-11-50-34+0800__CAM_BACK_LEFT__1531886023897423.jpg", "samples/CAM_BACK/n015-2018-07-18-11-50-34+0800__CAM_BACK__1531886023887525.jpg", "samples/CAM_BACK_RIGHT/n015-2018-07-18-11-50-34+0800__CAM_BACK_RIGHT__1531886023877893.jpg"], "intrinsics": [[[1272.5979470598488, 0.0, 826.6154927353808], [0.0, 1272.5979470598488, 479.75165386361925], [0.0, 0.0, 1.0]], [[1266.417203046554, 0.0, 816.2670197447984], [0.0, 1266.417203046554, 491.50706579294757], [0.0, 0.0, 1.0]], [[1260.8474446004698, 0.0, 807.968244525554], [0.0, 1260.8474446004698, 495.3344268742088], [0.0, 0.0, 1.0]], [[1256.7414812095406, 0.0, 792.1125740759628], [0.0, 1256.7414812095406, 492.7757465151356], [0.0, 0.0, 1.0]], [[809.2209905677063, 0.0, 829.2196003259838], [0.0, 809.2209905677063, 481.77842384512485], [0.0, 0.0, 1.0]], [[1259.5137405846733, 0.0, 807.2529053838625], [0.0, 1259.5137405846733, 501.19579884916527], [0.0, 0.0, 1.0]]], "extrinsics": [[[0.8175174593925476, -0.5758888125419617, 0.004149372223764658, -0.770751953125], [0.011956863105297089, 0.009769362397491932, -0.9998807907104492, 1.511012077331543], [0.5757796168327332, 0.8174696564674377, 0.014872448518872261, -1.1487274169921875], [0.0, 0.0, 0.0, 1.0]], [[0.0010127256391569972, -0.9999831914901733, -0.0057037267833948135, 0.00872802734375], [0.006696717813611031, 0.005710383877158165, -0.999961256980896, 1.5218124389648438], [0.9999770522117615, 0.0009744885028339922, 0.006702388636767864, -1.498046875], [0.0, 0.0, 0.0, 1.0]], [[-0.8347749710083008, -0.5501106977462769, -0.02299807406961918, 0.90667724609375], [0.012457300908863544, 0.02288852073252201, -0.9996604323387146, 1.5054781436920166], [0.5504502654075623, -0.8347779512405396, -0.012253868393599987, -1.16259765625], [0.0, 0.0, 0.0, 1.0]], [[0.9476695656776428, 0.31875744462013245, 0.017780154943466187, -1.13525390625], [0.021283822134137154, -0.007511679548770189, -0.99974524974823, 1.588714599609375], [-0.3185427188873291, 0.9478065371513367, -0.013902967795729637, -0.1063232421875], [0.0, 0.0, 0.0, 1.0]], [[0.003917623311281204, 0.9999889731407166, 0.002554978709667921, 0.00201416015625], [-0.0042129624634981155, 0.0025714801158756018, -0.9999878406524658, 1.5791015625], [-0.9999833703041077, 0.003906807396560907, 0.004222990944981575, -0.0587158203125], [0.0, 0.0, 0.0, 1.0]], [[-0.9336037039756775, 0.3577418029308319, -0.020124288275837898, 1.03076171875], [0.02837791107594967, 0.01783616468310356, -0.9994381666183472, 1.554595947265625], [-0.3571818172931671, -0.9336501955986023, -0.026803873479366302, -0.1016845703125], [0.0, 0.0, 0.0, 1.0]]], "view": [[0.0, -2.0, 100.0], [-2.0, 0.0, 100.0], [0.0, 0.0, 1.0]], "bev": "bev_3f218535b2ab49088401fcfa69cf5acc.png", "aux": "aux_3f218535b2ab49088401fcfa69cf5acc.npz", "visibility": "visibility_3f218535b2ab49088401fcfa69cf5acc.png", "pose": [[-0.05868081375956535, -0.9982767701148987, 0.0, 777.892578125], [0.9982767701148987, -0.05868081375956535, 0.0, 1493.250244140625], [0.0, 0.0, 1.0, 0.0], [0.0, 0.0, 0.0, 1.0]], "pose_inverse": [[-0.05868081375956535, 0.9982767701148987, 0.0, -1445.0296630859375], [-0.9982767701148987, -0.05868081375956535, 0.0, 864.17724609375], [0.0, 0.0, 1.0, 0.0], [0.0, 0.0, 0.0, 1.0]], "cam_ids": [0, 1, 2, 3, 4, 5], "cam_channels": ["CAM_FRONT_LEFT", "CAM_FRONT", "CAM_FRONT_RIGHT", "CAM_BACK_LEFT", "CAM_BACK", "CAM_BACK_RIGHT"], "token": "3f218535b2ab49088401fcfa69cf5acc", "scene": "scene-0023"}, {"images": ["samples/CAM_FRONT_LEFT/n015-2018-07-18-11-50-34+0800__CAM_FRONT_LEFT__1531886024404844.jpg", "samples/CAM_FRONT/n015-2018-07-18-11-50-34+0800__CAM_FRONT__1531886024412469.jpg", "samples/CAM_FRONT_RIGHT/n015-2018-07-18-11-50-34+0800__CAM_FRONT_RIGHT__1531886024420339.jpg", "samples/CAM_BACK_LEFT/n015-2018-07-18-11-50-34+0800__CAM_BACK_LEFT__1531886024447423.jpg", "samples/CAM_BACK/n015-2018-07-18-11-50-34+0800__CAM_BACK__1531886024437525.jpg", "samples/CAM_BACK_RIGHT/n015-2018-07-18-11-50-34+0800__CAM_BACK_RIGHT__1531886024427893.jpg"], "intrinsics": [[[1272.5979470598488, 0.0, 826.6154927353808], [0.0, 1272.5979470598488, 479.75165386361925], [0.0, 0.0, 1.0]], [[1266.417203046554, 0.0, 816.2670197447984], [0.0, 1266.417203046554, 491.50706579294757], [0.0, 0.0, 1.0]], [[1260.8474446004698, 0.0, 807.968244525554], [0.0, 1260.8474446004698, 495.3344268742088], [0.0, 0.0, 1.0]], [[1256.7414812095406, 0.0, 792.1125740759628], [0.0, 1256.7414812095406, 492.7757465151356], [0.0, 0.0, 1.0]], [[809.2209905677063, 0.0, 829.2196003259838], [0.0, 809.2209905677063, 481.77842384512485], [0.0, 0.0, 1.0]], [[1259.5137405846733, 0.0, 807.2529053838625], [0.0, 1259.5137405846733, 501.19579884916527], [0.0, 0.0, 1.0]]], "extrinsics": [[[0.8177006840705872, -0.5755292773246765, 0.01147044450044632, -0.7698974609375], [0.012079091742634773, -0.002766986843198538, -0.9999232292175293, 1.5111064910888672], [0.5755168199539185, 0.8177765011787415, 0.004689303692430258, -1.1477985382080078], [0.0, 0.0, 0.0, 1.0]], [[0.0012707558926194906, -0.9999738931655884, 0.007116544526070356, 0.008544921875], [0.006817427463829517, -0.007107722572982311, -0.9999515414237976, 1.5218839645385742], [0.9999759197235107, 0.001319203176535666, 0.00680821668356657, -1.4974365234375], [0.0, 0.0, 0.0, 1.0]], [[-0.8346887826919556, -0.5504933595657349, -0.01586318016052246, 0.9063720703125], [0.012560021132230759, 0.009768445044755936, -0.9998733997344971, 1.5055360794067383], [0.5505785942077637, -0.8347823619842529, -0.0012394028017297387, -1.1627197265625], [0.0, 0.0, 0.0, 1.0]], [[0.9477424621582031, 0.3187556266784668, 0.013383984565734863, -1.13427734375], [0.021419668570160866, -0.021717490628361702, -0.9995346069335938, 1.5887336730957031], [-0.31831657886505127, 0.9475880861282349, -0.027410227805376053, -0.1063232421875], [0.0, 0.0, 0.0, 1.0]], [[0.003939431626349688, 0.9999286532402039, -0.011275749653577805, 0.0023193359375], [-0.004099343437701464, -0.01125959400087595, -0.9999281764030457, 1.579115390777588], [-0.9999838471412659, 0.003985341638326645, 0.004054693039506674, -0.0589599609375], [0.0, 0.0, 0.0, 1.0]], [[-0.9336316585540771, 0.35736003518104553, -0.025016315281391144, 1.031005859375], [0.028474126011133194, 0.0044168708845973015, -0.9995847940444946, 1.5546340942382812], [-0.3571012020111084, -0.9339562654495239, -0.014299247413873672, -0.10211181640625], [0.0, 0.0, 0.0, 1.0]]], "view": [[0.0, -2.0, 100.0], [-2.0, 0.0, 100.0], [0.0, 0.0, 1.0]], "bev": "bev_ab806dcb71f446ec869a710f28d97727.png", "aux": "aux_ab806dcb71f446ec869a710f28d97727.npz", "visibility": "visibility_ab806dcb71f446ec869a710f28d97727.png", "pose": [[-0.12663313746452332, -0.9919496178627014, 0.0, 777.6519775390625], [0.9919496178627014, -0.12663313746452332, 0.0, 1496.2305908203125], [0.0, 0.0, 1.0, 0.0], [0.0, 0.0, 0.0, 1.0]], "pose_inverse": [[-0.12663313746452332, 0.9919496178627014, 0.0, -1385.7088623046875], [-0.9919496178627014, -0.12663313746452332, 0.0, 960.8639526367188], [0.0, 0.0, 1.0, 0.0], [0.0, 0.0, 0.0, 1.0]], "cam_ids": [0, 1, 2, 3, 4, 5], "cam_channels": ["CAM_FRONT_LEFT", "CAM_FRONT", "CAM_FRONT_RIGHT", "CAM_BACK_LEFT", "CAM_BACK", "CAM_BACK_RIGHT"], "token": "ab806dcb71f446ec869a710f28d97727", "scene": "scene-0023"}, {"images": ["samples/CAM_FRONT_LEFT/n015-2018-07-18-11-50-34+0800__CAM_FRONT_LEFT__1531886024904844.jpg", "samples/CAM_FRONT/n015-2018-07-18-11-50-34+0800__CAM_FRONT__1531886024912499.jpg", "samples/CAM_FRONT_RIGHT/n015-2018-07-18-11-50-34+0800__CAM_FRONT_RIGHT__1531886024920339.jpg", "samples/CAM_BACK_LEFT/n015-2018-07-18-11-50-34+0800__CAM_BACK_LEFT__1531886024947423.jpg", "samples/CAM_BACK/n015-2018-07-18-11-50-34+0800__CAM_BACK__1531886024937525.jpg", "samples/CAM_BACK_RIGHT/n015-2018-07-18-11-50-34+0800__CAM_BACK_RIGHT__1531886024927893.jpg"], "intrinsics": [[[1272.5979470598488, 0.0, 826.6154927353808], [0.0, 1272.5979470598488, 479.75165386361925], [0.0, 0.0, 1.0]], [[1266.417203046554, 0.0, 816.2670197447984], [0.0, 1266.417203046554, 491.50706579294757], [0.0, 0.0, 1.0]], [[1260.8474446004698, 0.0, 807.968244525554], [0.0, 1260.8474446004698, 495.3344268742088], [0.0, 0.0, 1.0]], [[1256.7414812095406, 0.0, 792.1125740759628], [0.0, 1256.7414812095406, 492.7757465151356], [0.0, 0.0, 1.0]], [[809.2209905677063, 0.0, 829.2196003259838], [0.0, 809.2209905677063, 481.77842384512485], [0.0, 0.0, 1.0]], [[1259.5137405846733, 0.0, 807.2529053838625], [0.0, 1259.5137405846733, 501.19579884916527], [0.0, 0.0, 1.0]]], "extrinsics": [[[0.8192619681358337, -0.5729660987854004, 0.022794639691710472, -0.757080078125], [0.01248941756784916, -0.02191278338432312, -0.9996818900108337, 1.511444091796875], [0.573283314704895, 0.819286048412323, -0.010796298272907734, -1.1372566223144531], [0.0, 0.0, 0.0, 1.0]], [[0.0035079021472483873, -0.999649703502655, 0.026230165734887123, 0.00738525390625], [0.007126924116164446, -0.0262046679854393, -0.9996312260627747, 1.5220603942871094], [0.9999684691429138, 0.0036935575772076845, 0.0070325047709047794, -1.48388671875], [0.0, 0.0, 0.0, 1.0]], [[-0.8337302803993225, -0.5521445274353027, -0.0054994747042655945, 0.89678955078125], [0.012723739258944988, -0.009253685362637043, -0.9998762011528015, 1.5057334899902344], [0.5520252585411072, -0.8336970210075378, 0.014740421436727047, -1.1575927734375], [0.0, 0.0, 0.0, 1.0]], [[0.9477950930595398, 0.3187992572784424, 0.007176515646278858, -1.13482666015625], [0.021133316680788994, -0.04034195467829704, -0.99896240234375, 1.5887222290039062], [-0.3181789517402649, 0.946963369846344, -0.04497319087386131, -0.106201171875], [0.0, 0.0, 0.0, 1.0]], [[0.0033980084117501974, 0.999541163444519, -0.030100246891379356, 0.00274658203125], [-0.004214617423713207, -0.030085837468504906, -0.9995384216308594, 1.5790977478027344], [-0.9999853372573853, 0.003523308550938964, 0.0041104527190327644, -0.0628662109375], [0.0, 0.0, 0.0, 1.0]], [[-0.9340646266937256, 0.35568323731422424, -0.031822461634874344, 1.023681640625], [0.028526462614536285, -0.014508985914289951, -0.9994876980781555, 1.5548858642578125], [-0.35596275329589844, -0.9344940185546875, 0.003405947471037507, -0.105499267578125], [0.0, 0.0, 0.0, 1.0]]], "view": [[0.0, -2.0, 100.0], [-2.0, 0.0, 100.0], [0.0, 0.0, 1.0]], "bev": "bev_3bb50b821c47433ea30d1da270155d9b.png", "aux": "aux_3bb50b821c47433ea30d1da270155d9b.npz", "visibility": "visibility_3bb50b821c47433ea30d1da270155d9b.png", "pose": [[-0.1652582585811615, -0.9862503409385681, 0.0, 777.2667846679688], [0.9862503409385681, -0.1652582585811615, 0.0, 1498.9508056640625], [0.0, 0.0, 1.0, 0.0], [0.0, 0.0, 0.0, 1.0]], "pose_inverse": [[-0.1652582585811615, 0.9862503409385681, 0.0, -1349.8909912109375], [-0.9862503409385681, -0.1652582585811615, 0.0, 1014.2936401367188], [0.0, 0.0, 1.0, 0.0], [0.0, 0.0, 0.0, 1.0]], "cam_ids": [0, 1, 2, 3, 4, 5], "cam_channels": ["CAM_FRONT_LEFT", "CAM_FRONT", "CAM_FRONT_RIGHT", "CAM_BACK_LEFT", "CAM_BACK", "CAM_BACK_RIGHT"], "token": "3bb50b821c47433ea30d1da270155d9b", "scene": "scene-0023"}, {"images": ["samples/CAM_FRONT_LEFT/n015-2018-07-18-11-50-34+0800__CAM_FRONT_LEFT__1531886025404844.jpg", "samples/CAM_FRONT/n015-2018-07-18-11-50-34+0800__CAM_FRONT__1531886025412468.jpg", "samples/CAM_FRONT_RIGHT/n015-2018-07-18-11-50-34+0800__CAM_FRONT_RIGHT__1531886025420339.jpg", "samples/CAM_BACK_LEFT/n015-2018-07-18-11-50-34+0800__CAM_BACK_LEFT__1531886025447533.jpg", "samples/CAM_BACK/n015-2018-07-18-11-50-34+0800__CAM_BACK__1531886025437525.jpg", "samples/CAM_BACK_RIGHT/n015-2018-07-18-11-50-34+0800__CAM_BACK_RIGHT__1531886025427893.jpg"], "intrinsics": [[[1272.5979470598488, 0.0, 826.6154927353808], [0.0, 1272.5979470598488, 479.75165386361925], [0.0, 0.0, 1.0]], [[1266.417203046554, 0.0, 816.2670197447984], [0.0, 1266.417203046554, 491.50706579294757], [0.0, 0.0, 1.0]], [[1260.8474446004698, 0.0, 807.968244525554], [0.0, 1260.8474446004698, 495.3344268742088], [0.0, 0.0, 1.0]], [[1256.7414812095406, 0.0, 792.1125740759628], [0.0, 1256.7414812095406, 492.7757465151356], [0.0, 0.0, 1.0]], [[809.2209905677063, 0.0, 829.2196003259838], [0.0, 809.2209905677063, 481.77842384512485], [0.0, 0.0, 1.0]], [[1259.5137405846733, 0.0, 807.2529053838625], [0.0, 1259.5137405846733, 501.19579884916527], [0.0, 0.0, 1.0]]], "extrinsics": [[[0.8206825256347656, -0.5706648230552673, 0.028668755665421486, -0.752685546875], [0.012561598792672157, -0.032142505049705505, -0.9994043707847595, 1.5115318298339844], [0.5712463855743408, 0.8205537796020508, -0.0192103274166584, -1.1342926025390625], [0.0, 0.0, 0.0, 1.0]], [[0.005480299703776836, -0.999323844909668, 0.036356277763843536, 0.0072021484375], [0.0072662015445530415, -0.03631606698036194, -0.9993139505386353, 1.5221290588378906], [0.9999585747718811, 0.005740726832300425, 0.00706226471811533, -1.4786376953125], [0.0, 0.0, 0.0, 1.0]], [[-0.8329262733459473, -0.5533840656280518, -0.00010143157123820856, 0.8922119140625], [0.012896363623440266, -0.01922771893441677, -0.9997318983078003, 1.505828857421875], [0.5532337427139282, -0.8327043056488037, 0.02315191738307476, -1.155029296875], [0.0, 0.0, 0.0, 1.0]], [[0.9478061199188232, 0.31881678104400635, 0.004402923863381147, -1.13250732421875], [0.02153242938220501, -0.050223905593156815, -0.9985058307647705, 1.5887832641601562], [-0.3181192874908447, 0.9464847445487976, -0.05446742847561836, -0.107177734375], [0.0, 0.0, 0.0, 1.0]], [[0.0029456045012921095, 0.9991978406906128, -0.0399395190179348, 0.002685546875], [-0.003852355992421508, -0.03992805257439613, -0.9991951584815979, 1.5791015625], [-0.9999882578849792, 0.003097100416198373, 0.0037316542584449053, -0.0670166015625], [0.0, 0.0, 0.0, 1.0]], [[-0.9344135522842407, 0.354411244392395, -0.03555306792259216, 1.0194091796875], [0.02877943217754364, -0.02436685934662819, -0.9992887377738953, 1.5550498962402344], [-0.35502544045448303, -0.9347721934318542, 0.012568971142172813, -0.10748291015625], [0.0, 0.0, 0.0, 1.0]]], "view": [[0.0, -2.0, 100.0], [-2.0, 0.0, 100.0], [0.0, 0.0, 1.0]], "bev": "bev_5dda0a3e52524eb6b46d902ca084021d.png", "aux": "aux_5dda0a3e52524eb6b46d902ca084021d.npz", "visibility": "visibility_5dda0a3e52524eb6b46d902ca084021d.png", "pose": [[-0.1715947836637497, -0.9851676225662231, 0.0, 776.789794921875], [0.9851676225662231, -0.1715947836637497, 0.0, 1501.7998046875], [0.0, 0.0, 1.0, 0.0], [0.0, 0.0, 0.0, 1.0]], "pose_inverse": [[-0.1715947836637497, 0.9851676225662231, 0.0, -1346.2314453125], [-0.9851676225662231, -0.1715947836637497, 0.0, 1022.9691772460938], [0.0, 0.0, 1.0, 0.0], [0.0, 0.0, 0.0, 1.0]], "cam_ids": [0, 1, 2, 3, 4, 5], "cam_channels": ["CAM_FRONT_LEFT", "CAM_FRONT", "CAM_FRONT_RIGHT", "CAM_BACK_LEFT", "CAM_BACK", "CAM_BACK_RIGHT"], "token": "5dda0a3e52524eb6b46d902ca084021d", "scene": "scene-0023"}, {"images": ["samples/CAM_FRONT_LEFT/n015-2018-07-18-11-50-34+0800__CAM_FRONT_LEFT__1531886025904844.jpg", "samples/CAM_FRONT/n015-2018-07-18-11-50-34+0800__CAM_FRONT__1531886025912503.jpg", "samples/CAM_FRONT_RIGHT/n015-2018-07-18-11-50-34+0800__CAM_FRONT_RIGHT__1531886025920339.jpg", "samples/CAM_BACK_LEFT/n015-2018-07-18-11-50-34+0800__CAM_BACK_LEFT__1531886025947423.jpg", "samples/CAM_BACK/n015-2018-07-18-11-50-34+0800__CAM_BACK__1531886025937525.jpg", "samples/CAM_BACK_RIGHT/n015-2018-07-18-11-50-34+0800__CAM_BACK_RIGHT__1531886025927893.jpg"], "intrinsics": [[[1272.5979470598488, 0.0, 826.6154927353808], [0.0, 1272.5979470598488, 479.75165386361925], [0.0, 0.0, 1.0]], [[1266.417203046554, 0.0, 816.2670197447984], [0.0, 1266.417203046554, 491.50706579294757], [0.0, 0.0, 1.0]], [[1260.8474446004698, 0.0, 807.968244525554], [0.0, 1260.8474446004698, 495.3344268742088], [0.0, 0.0, 1.0]], [[1256.7414812095406, 0.0, 792.1125740759628], [0.0, 1256.7414812095406, 492.7757465151356], [0.0, 0.0, 1.0]], [[809.2209905677063, 0.0, 829.2196003259838], [0.0, 809.2209905677063, 481.77842384512485], [0.0, 0.0, 1.0]], [[1259.5137405846733, 0.0, 807.2529053838625], [0.0, 1259.5137405846733, 501.19579884916527], [0.0, 0.0, 1.0]]], "extrinsics": [[[0.8226979374885559, -0.5676612257957458, 0.030478529632091522, -0.7484130859375], [0.009847629815340042, -0.03937523066997528, -0.9991759657859802, 1.510833740234375], [0.5683935880661011, 0.8223200440406799, -0.02680380642414093, -1.1305503845214844], [0.0, 0.0, 0.0, 1.0]], [[0.008548823185265064, -0.9990304708480835, 0.043184541165828705, 0.00689697265625], [0.004476156551390886, -0.043147459626197815, -0.999058723449707, 1.5215110778808594], [0.9999534487724304, 0.008734062314033508, 0.00410295557230711, -1.4736328125], [0.0, 0.0, 0.0, 1.0]], [[-0.8315269947052002, -0.5554525256156921, 0.005941878538578749, 0.888427734375], [0.009968665428459644, -0.02561667561531067, -0.999622106552124, 1.50537109375], [0.5553948879241943, -0.8311535716056824, 0.02683807723224163, -1.152587890625], [0.0, 0.0, 0.0, 1.0]], [[0.9477775692939758, 0.3189319670200348, -0.00024858827237039804, -1.13250732421875], [0.018335966393351555, -0.055267538875341415, -0.9983031749725342, 1.5887298583984375], [-0.31840452551841736, 0.9461648464202881, -0.05822926387190819, -0.1068115234375], [0.0, 0.0, 0.0, 1.0]], [[0.001814140472561121, 0.998961329460144, -0.04553096741437912, 0.00286865234375], [-0.006937358528375626, -0.045517370104789734, -0.9989394545555115, 1.5788726806640625], [-0.9999743700027466, 0.0021280976943671703, 0.0068475776351988316, -0.068115234375], [0.0, 0.0, 0.0, 1.0]], [[-0.9351887702941895, 0.3524324595928192, -0.034832824021577835, 1.0167236328125], [0.025784652680158615, -0.030336840078234673, -0.9992071390151978, 1.5547447204589844], [-0.3532097339630127, -0.9353454113006592, 0.019283326342701912, -0.1087646484375], [0.0, 0.0, 0.0, 1.0]]], "view": [[0.0, -2.0, 100.0], [-2.0, 0.0, 100.0], [0.0, 0.0, 1.0]], "bev": "bev_08adc1f8ccb941ebbcb6be4b90477b7f.png", "aux": "aux_08adc1f8ccb941ebbcb6be4b90477b7f.npz", "visibility": "visibility_08adc1f8ccb941ebbcb6be4b90477b7f.png", "pose": [[-0.141034334897995, -0.9900047183036804, 0.0, 776.3319702148438], [0.9900047183036804, -0.141034334897995, 0.0, 1504.7100830078125], [0.0, 0.0, 1.0, 0.0], [0.0, 0.0, 0.0, 1.0]], "pose_inverse": [[-0.141034334897995, 0.9900047183036804, 0.0, -1380.1805419921875], [-0.9900047183036804, -0.141034334897995, 0.0, 980.7880859375], [0.0, 0.0, 1.0, 0.0], [0.0, 0.0, 0.0, 1.0]], "cam_ids": [0, 1, 2, 3, 4, 5], "cam_channels": ["CAM_FRONT_LEFT", "CAM_FRONT", "CAM_FRONT_RIGHT", "CAM_BACK_LEFT", "CAM_BACK", "CAM_BACK_RIGHT"], "token": "08adc1f8ccb941ebbcb6be4b90477b7f", "scene": "scene-0023"}, {"images": ["samples/CAM_FRONT_LEFT/n015-2018-07-18-11-50-34+0800__CAM_FRONT_LEFT__1531886026404844.jpg", "samples/CAM_FRONT/n015-2018-07-18-11-50-34+0800__CAM_FRONT__1531886026412466.jpg", "samples/CAM_FRONT_RIGHT/n015-2018-07-18-11-50-34+0800__CAM_FRONT_RIGHT__1531886026420339.jpg", "samples/CAM_BACK_LEFT/n015-2018-07-18-11-50-34+0800__CAM_BACK_LEFT__1531886026447423.jpg", "samples/CAM_BACK/n015-2018-07-18-11-50-34+0800__CAM_BACK__1531886026437525.jpg", "samples/CAM_BACK_RIGHT/n015-2018-07-18-11-50-34+0800__CAM_BACK_RIGHT__1531886026427893.jpg"], "intrinsics": [[[1272.5979470598488, 0.0, 826.6154927353808], [0.0, 1272.5979470598488, 479.75165386361925], [0.0, 0.0, 1.0]], [[1266.417203046554, 0.0, 816.2670197447984], [0.0, 1266.417203046554, 491.50706579294757], [0.0, 0.0, 1.0]], [[1260.8474446004698, 0.0, 807.968244525554], [0.0, 1260.8474446004698, 495.3344268742088], [0.0, 0.0, 1.0]], [[1256.7414812095406, 0.0, 792.1125740759628], [0.0, 1256.7414812095406, 492.7757465151356], [0.0, 0.0, 1.0]], [[809.2209905677063, 0.0, 829.2196003259838], [0.0, 809.2209905677063, 481.77842384512485], [0.0, 0.0, 1.0]], [[1259.5137405846733, 0.0, 807.2529053838625], [0.0, 1259.5137405846733, 501.19579884916527], [0.0, 0.0, 1.0]]], "extrinsics": [[[0.8227518796920776, -0.5675783157348633, 0.03056516870856285, -0.736083984375], [0.010688896290957928, -0.03831483796238899, -0.9992085695266724, 1.5112457275390625], [0.568300187587738, 0.8224273920059204, -0.02545681595802307, -1.1233444213867188], [0.0, 0.0, 0.0, 1.0]], [[0.008447880856692791, -0.9990692138671875, 0.04230057820677757, 0.00787353515625], [0.005373145453631878, -0.042256128042936325, -0.9990923404693604, 1.5218009948730469], [0.9999498724937439, 0.008667518384754658, 0.0050111692398786545, -1.4627685546875], [0.0, 0.0, 0.0, 1.0]], [[-0.8316861987113953, -0.5552257299423218, 0.0047378819435834885, 0.88299560546875], [0.010928313247859478, -0.024899885058403015, -0.9996301531791687, 1.5056304931640625], [0.5551384091377258, -0.8313269019126892, 0.026776574552059174, -1.1480712890625], [0.0, 0.0, 0.0, 1.0]], [[0.9477742314338684, 0.3189404010772705, 0.0009878322016447783, -1.1328125], [0.019520513713359833, -0.05491585284471512, -0.9983001351356506, 1.5887527465820312], [-0.31834399700164795, 0.9461824297904968, -0.058273714035749435, -0.10693359375], [0.0, 0.0, 0.0, 1.0]], [[0.001996580045670271, 0.9989840388298035, -0.045023269951343536, 0.0026245117187