[{"images": ["samples/CAM_FRONT_LEFT/n008-2018-07-26-12-13-50-0400__CAM_FRONT_LEFT__1532622014604799.jpg", "samples/CAM_FRONT/n008-2018-07-26-12-13-50-0400__CAM_FRONT__1532622014612404.jpg", "samples/CAM_FRONT_RIGHT/n008-2018-07-26-12-13-50-0400__CAM_FRONT_RIGHT__1532622014620482.jpg", "samples/CAM_BACK_LEFT/n008-2018-07-26-12-13-50-0400__CAM_BACK_LEFT__1532622014647405.jpg", "samples/CAM_BACK/n008-2018-07-26-12-13-50-0400__CAM_BACK__1532622014637558.jpg", "samples/CAM_BACK_RIGHT/n008-2018-07-26-12-13-50-0400__CAM_BACK_RIGHT__1532622014628113.jpg"], "intrinsics": [[[1257.8625342125129, 0.0, 827.2410631095686], [0.0, 1257.8625342125129, 450.915498205774], [0.0, 0.0, 1.0]], [[1252.8131021185304, 0.0, 826.588114781398], [0.0, 1252.8131021185304, 469.9846626224581], [0.0, 0.0, 1.0]], [[1256.7485116440405, 0.0, 817.7887570959712], [0.0, 1256.7485116440403, 451.9541780095127], [0.0, 0.0, 1.0]], [[1254.9860565800168, 0.0, 829.5769333630991], [0.0, 1254.9860565800168, 467.1680561863987], [0.0, 0.0, 1.0]], [[796.8910634503094, 0.0, 857.7774326863696], [0.0, 796.8910634503094, 476.8848988407415], [0.0, 0.0, 1.0]], [[1249.9629280788233, 0.0, 825.3768045375984], [0.0, 1249.9629280788233, 462.54816385708756], [0.0, 0.0, 1.0]]], "extrinsics": [[[0.8190255165100098, -0.5737249851226807, -0.006062015891075134, -0.9259033203125], [0.0010326668852940202, 0.012039484456181526, -0.9999269843101501, 1.4883708953857422], [0.5737560987472534, 0.8189594745635986, 0.010453111492097378, -1.2802734375], [0.0, 0.0, 0.0, 1.0]], [[0.005160338710993528, -0.9999558329582214, -0.00785618182271719, 0.007080078125], [0.0028909295797348022, 0.0078711723908782, -0.9999648332595825, 1.4803848266601562], [0.999982476234436, 0.005137406289577484, 0.0029314204584807158, -1.656280517578125], [0.0, 0.0, 0.0, 1.0]], [[-0.8461409211158752, -0.5328887701034546, -0.008664065971970558, 1.03985595703125], [0.010803340002894402, -0.0008962293504737318, -0.9999412298202515, 1.493729591369629], [0.5328497290611267, -0.8461847901344299, 0.00651531433686614, -1.244384765625], [0.0, 0.0, 0.0, 1.0]], [[0.9478863477706909, 0.31846877932548523, -0.009450121782720089, -1.1419677734375], [-0.014722250401973724, 0.014151678420603275, -0.9997914433479309, 1.56201171875], [-0.31826868653297424, 0.9478276371955872, 0.01810275949537754, -0.15673828125], [0.0, 0.0, 0.0, 1.0]], [[0.010773544199764729, 0.9999202489852905, 0.006597219035029411, -0.0286865234375], [-0.012577167712152004, 0.0067325858399271965, -0.9998981952667236, 1.567763328552246], [-0.9998629093170166, 0.0106894476339221, 0.012648697942495346, 0.02081298828125], [0.0, 0.0, 0.0, 1.0]], [[-0.9226443767547607, 0.38564857840538025, 0.0015666873659938574, 1.119873046875], [-0.008350931107997894, -0.015917355194687843, -0.9998384714126587, 1.547454833984375], [-0.3855613172054291, -0.9225084781646729, 0.017906583845615387, -0.06005859375], [0.0, 0.0, 0.0, 1.0]]], "view": [[0.0, -2.0, 100.0], [-2.0, 0.0, 100.0], [0.0, 0.0, 1.0]], "bev": "bev_6769b1f7a82843b8a8c6c357d057473b.png", "aux": "aux_6769b1f7a82843b8a8c6c357d057473b.npz", "visibility": "visibility_6769b1f7a82843b8a8c6c357d057473b.png", "pose": [[0.3306349217891693, 0.9437587261199951, 0.0, 1670.889404296875], [-0.9437587261199951, 0.3306349217891693, 0.0, 933.8922729492188], [0.0, 0.0, 1.0, 0.0], [0.0, 0.0, 0.0, 1.0]], "pose_inverse": [[0.3306349217891693, -0.9437587261199951, 0.0, 328.9145812988281], [0.9437587261199951, 0.3306349217891693, 0.0, -1885.69384765625], [0.0, 0.0, 1.0, 0.0], [0.0, 0.0, 0.0, 1.0]], "cam_ids": [0, 1, 2, 3, 4, 5], "cam_channels": ["CAM_FRONT_LEFT", "CAM_FRONT", "CAM_FRONT_RIGHT", "CAM_BACK_LEFT", "CAM_BACK", "CAM_BACK_RIGHT"], "token": "6769b1f7a82843b8a8c6c357d057473b", "scene": "scene-0211"}, {"images": ["samples/CAM_FRONT_LEFT/n008-2018-07-26-12-13-50-0400__CAM_FRONT_LEFT__1532622015104799.jpg", "samples/CAM_FRONT/n008-2018-07-26-12-13-50-0400__CAM_FRONT__1532622015112404.jpg", "samples/CAM_FRONT_RIGHT/n008-2018-07-26-12-13-50-0400__CAM_FRONT_RIGHT__1532622015120482.jpg", "samples/CAM_BACK_LEFT/n008-2018-07-26-12-13-50-0400__CAM_BACK_LEFT__1532622015147405.jpg", "samples/CAM_BACK/n008-2018-07-26-12-13-50-0400__CAM_BACK__1532622015137558.jpg", "samples/CAM_BACK_RIGHT/n008-2018-07-26-12-13-50-0400__CAM_BACK_RIGHT__1532622015128113.jpg"], "intrinsics": [[[1257.8625342125129, 0.0, 827.2410631095686], [0.0, 1257.8625342125129, 450.915498205774], [0.0, 0.0, 1.0]], [[1252.8131021185304, 0.0, 826.588114781398], [0.0, 1252.8131021185304, 469.9846626224581], [0.0, 0.0, 1.0]], [[1256.7485116440405, 0.0, 817.7887570959712], [0.0, 1256.7485116440403, 451.9541780095127], [0.0, 0.0, 1.0]], [[1254.9860565800168, 0.0, 829.5769333630991], [0.0, 1254.9860565800168, 467.1680561863987], [0.0, 0.0, 1.0]], [[796.8910634503094, 0.0, 857.7774326863696], [0.0, 796.8910634503094, 476.8848988407415], [0.0, 0.0, 1.0]], [[1249.9629280788233, 0.0, 825.3768045375984], [0.0, 1249.9629280788233, 462.54816385708756], [0.0, 0.0, 1.0]]], "extrinsics": [[[0.8211703300476074, -0.5706746578216553, -0.0031224293634295464, -0.9739990234375], [0.0042687212117016315, 0.011613513343036175, -0.9999234676361084, 1.4884395599365234], [0.5706672668457031, 0.8210940957069397, 0.011972722597420216, -1.313232421875], [0.0, 0.0, 0.0, 1.0]], [[0.008236536756157875, -0.999938428401947, -0.007430883590131998, 0.00634765625], [0.006325921509414911, 0.007483091205358505, -0.9999520182609558, 1.480351448059082], [0.9999459981918335, 0.008189192041754723, 0.006387166678905487, -1.7042083740234375], [0.0, 0.0, 0.0, 1.0]], [[-0.8448503613471985, -0.5348778963088989, -0.01155379880219698, 1.0709228515625], [0.014454266056418419, -0.0012322614202275872, -0.9998947978019714, 1.493412971496582], [0.5348073840141296, -0.8449284434318542, 0.008772343397140503, -1.2645263671875], [0.0, 0.0, 0.0, 1.0]], [[0.9478771686553955, 0.31858548521995544, -0.005664830096065998, -1.143768310546875], [-0.010647773742675781, 0.013901514001190662, -0.9998466968536377, 1.5620441436767578], [-0.3184579014778137, 0.9477921724319458, 0.01656915619969368, -0.15625], [0.0, 0.0, 0.0, 1.0]], [[0.009828872978687286, 0.9999315738677979, 0.006342675536870956, -0.0289306640625], [-0.008608783595263958, 0.006427363958209753, -0.9999423027038574, 1.5679845809936523], [-0.9999146461486816, 0.009773706085979939, 0.008671368472278118, 0.0355224609375], [0.0, 0.0, 0.0, 1.0]], [[-0.9232956171035767, 0.38408440351486206, -0.0020769613329321146, 1.144775390625], [-0.004520410671830177, -0.01627335138618946, -0.9998573660850525, 1.5477447509765625], [-0.3840634226799011, -0.9231544733047485, 0.016761334612965584, -0.0496826171875], [0.0, 0.0, 0.0, 1.0]]], "view": [[0.0, -2.0, 100.0], [-2.0, 0.0, 100.0], [0.0, 0.0, 1.0]], "bev": "bev_ca67399013754d0d975f257407c3f32d.png", "aux": "aux_ca67399013754d0d975f257407c3f32d.npz", "visibility": "visibility_ca67399013754d0d975f257407c3f32d.png", "pose": [[0.3725852370262146, 0.9279979467391968, 0.0, 1671.124755859375], [-0.9279979467391968, 0.3725852370262146, 0.0, 933.2289428710938], [0.0, 0.0, 1.0, 0.0], [0.0, 0.0, 0.0, 1.0]], "pose_inverse": [[0.3725852370262146, -0.9279979467391968, 0.0, 243.3981475830078], [0.9279979467391968, 0.3725852370262146, 0.0, -1898.5076904296875], [0.0, 0.0, 1.0, 0.0], [0.0, 0.0, 0.0, 1.0]], "cam_ids": [0, 1, 2, 3, 4, 5], "cam_channels": ["CAM_FRONT_LEFT", "CAM_FRONT", "CAM_FRONT_RIGHT", "CAM_BACK_LEFT", "CAM_BACK", "CAM_BACK_RIGHT"], "token": "ca67399013754d0d975f257407c3f32d", "scene": "scene-0211"}, {"images": ["samples/CAM_FRONT_LEFT/n008-2018-07-26-12-13-50-0400__CAM_FRONT_LEFT__1532622015654799.jpg", "samples/CAM_FRONT/n008-2018-07-26-12-13-50-0400__CAM_FRONT__1532622015662404.jpg", "samples/CAM_FRONT_RIGHT/n008-2018-07-26-12-13-50-0400__CAM_FRONT_RIGHT__1532622015670482.jpg", "samples/CAM_BACK_LEFT/n008-2018-07-26-12-13-50-0400__CAM_BACK_LEFT__1532622015697405.jpg", "samples/CAM_BACK/n008-2018-07-26-12-13-50-0400__CAM_BACK__1532622015687558.jpg", "samples/CAM_BACK_RIGHT/n008-2018-07-26-12-13-50-0400__CAM_BACK_RIGHT__1532622015678113.jpg"], "intrinsics": [[[1257.8625342125129, 0.0, 827.2410631095686], [0.0, 1257.8625342125129, 450.915498205774], [0.0, 0.0, 1.0]], [[1252.8131021185304, 0.0, 826.588114781398], [0.0, 1252.8131021185304, 469.9846626224581], [0.0, 0.0, 1.0]], [[1256.7485116440405, 0.0, 817.7887570959712], [0.0, 1256.7485116440403, 451.9541780095127], [0.0, 0.0, 1.0]], [[1254.9860565800168, 0.0, 829.5769333630991], [0.0, 1254.9860565800168, 467.1680561863987], [0.0, 0.0, 1.0]], [[796.8910634503094, 0.0, 857.7774326863696], [0.0, 796.8910634503094, 476.8848988407415], [0.0, 0.0, 1.0]], [[1249.9629280788233, 0.0, 825.3768045375984], [0.0, 1249.9629280788233, 462.54816385708756], [0.0, 0.0, 1.0]]], "extrinsics": [[[0.822253942489624, -0.56910240650177, -0.004572604317218065, -0.99462890625], [0.0019744709134101868, 0.010887041687965393, -0.9999387264251709, 1.4883155822753906], [0.5691173672676086, 0.8221945762634277, 0.010075589641928673, -1.326416015625], [0.0, 0.0, 0.0, 1.0]], [[0.009817227721214294, -0.9999289512634277, -0.0067621092312037945, 0.0054931640625], [0.003910687752068043, 0.0068007768131792545, -0.9999692440032959, 1.4802055358886719], [0.9999441504478455, 0.009790497832000256, 0.0039771744050085545, -1.7245941162109375], [0.0, 0.0, 0.0, 1.0]], [[-0.8442031145095825, -0.5359466671943665, -0.009069675579667091, 1.083984375], [0.011928076855838299, -0.0018671744037419558, -0.9999271035194397, 1.4931674003601074], [0.5358905792236328, -0.8442497849464417, 0.007969087921082973, -1.273193359375], [0.0, 0.0, 0.0, 1.0]], [[0.9478581547737122, 0.31858009099960327, -0.008457907475531101, -1.14349365234375], [-0.013402492739260197, 0.013331864029169083, -0.9998213052749634, 1.5620384216308594], [-0.3184104263782501, 0.9478022456169128, 0.016906484961509705, -0.156005859375], [0.0, 0.0, 0.0, 1.0]], [[0.009371200576424599, 0.9999398589134216, 0.005700969137251377, -0.0289306640625], [-0.01130380854010582, 0.005806788336485624, -0.9999192357063293, 1.5680274963378906], [-0.9998921751976013, 0.009305974468588829, 0.011357545852661133, 0.0412750244140625], [0.0, 0.0, 0.0, 1.0]], [[-0.923654317855835, 0.3832267224788666, 9.82682395260781e-05, 1.15533447265625], [-0.007121965754777193, -0.016909006983041763, -0.9998316168785095, 1.5477733612060547], [-0.3831605017185211, -0.9234995245933533, 0.018347404897212982, -0.0457763671875], [0.0, 0.0, 0.0, 1.0]]], "view": [[0.0, -2.0, 100.0], [-2.0, 0.0, 100.0], [0.0, 0.0, 1.0]], "bev": "bev_f43aed6135124bb5a023f1197cbd5032.png", "aux": "aux_f43aed6135124bb5a023f1197cbd5032.npz", "visibility": "visibility_f43aed6135124bb5a023f1197cbd5032.png", "pose": [[0.39722561836242676, 0.9177209734916687, 0.0, 1671.27001953125], [-0.9177209734916687, 0.39722561836242676, 0.0, 932.8654174804688], [0.0, 0.0, 1.0, 0.0], [0.0, 0.0, 0.0, 1.0]], "pose_inverse": [[0.39722561836242676, -0.9177209734916687, 0.0, 192.23892211914062], [0.9177209734916687, 0.39722561836242676, 0.0, -1904.317626953125], [0.0, 0.0, 1.0, 0.0], [0.0, 0.0, 0.0, 1.0]], "cam_ids": [0, 1, 2, 3, 4, 5], "cam_channels": ["CAM_FRONT_LEFT", "CAM_FRONT", "CAM_FRONT_RIGHT", "CAM_BACK_LEFT", "CAM_BACK", "CAM_BACK_RIGHT"], "token": "f43aed6135124bb5a023f1197cbd5032", "scene": "scene-0211"}, {"images": ["samples/CAM_FRONT_LEFT/n008-2018-07-26-12-13-50-0400__CAM_FRONT_LEFT__1532622016154799.jpg", "samples/CAM_FRONT/n008-2018-07-26-12-13-50-0400__CAM_FRONT__1532622016162404.jpg", "samples/CAM_FRONT_RIGHT/n008-2018-07-26-12-13-50-0400__CAM_FRONT_RIGHT__1532622016170482.jpg", "samples/CAM_BACK_LEFT/n008-2018-07-26-12-13-50-0400__CAM_BACK_LEFT__1532622016197405.jpg", "samples/CAM_BACK/n008-2018-07-26-12-13-50-0400__CAM_BACK__1532622016187558.jpg", "samples/CAM_BACK_RIGHT/n008-2018-07-26-12-13-50-0400__CAM_BACK_RIGHT__1532622016178176.jpg"], "intrinsics": [[[1257.8625342125129, 0.0, 827.2410631095686], [0.0, 1257.8625342125129, 450.915498205774], [0.0, 0.0, 1.0]], [[1252.8131021185304, 0.0, 826.588114781398], [0.0, 1252.8131021185304, 469.9846626224581], [0.0, 0.0, 1.0]], [[1256.7485116440405, 0.0, 817.7887570959712], [0.0, 1256.7485116440403, 451.9541780095127], [0.0, 0.0, 1.0]], [[1254.9860565800168, 0.0, 829.5769333630991], [0.0, 1254.9860565800168, 467.1680561863987], [0.0, 0.0, 1.0]], [[796.8910634503094, 0.0, 857.7774326863696], [0.0, 796.8910634503094, 476.8848988407415], [0.0, 0.0, 1.0]], [[1249.9629280788233, 0.0, 825.3768045375984], [0.0, 1249.9629280788233, 462.54816385708756], [0.0, 0.0, 1.0]]], "extrinsics": [[[0.8226113319396973, -0.5686007738113403, 0.0019603525288403034, -1.0054931640625], [0.011172599159181118, 0.012716541066765785, -0.99985671043396, 1.4882831573486328], [0.5684943199157715, 0.8225153088569641, 0.016813520342111588, -1.334228515625], [0.0, 0.0, 0.0, 1.0]], [[0.010403761640191078, -0.9999110102653503, -0.008348640985786915, 0.00537109375], [0.013096333481371403, 0.008484629914164543, -0.9998782277107239, 1.4801559448242188], [0.9998601078987122, 0.010293097235262394, 0.013183440081775188, -1.7354583740234375], [0.0, 0.0, 0.0, 1.0]], [[-0.8438618183135986, -0.5362732410430908, -0.01755819283425808, 1.09100341796875], [0.02100592665374279, -0.0003203252563253045, -0.9997792840003967, 1.4930620193481445], [0.5361492037773132, -0.8440444469451904, 0.011535226367413998, -1.2779541015625], [0.0, 0.0, 0.0, 1.0]], [[0.9478875994682312, 0.31860461831092834, 0.0003456087433733046, -1.144012451171875], [-0.0045078513212502, 0.014496040530502796, -0.9998847842216492, 1.5620460510253906], [-0.318572998046875, 0.947776734828949, 0.015176840126514435, -0.1561279296875], [0.0, 0.0, 0.0, 1.0]], [[0.009148269891738892, 0.9999332427978516, 0.007059763185679913, -0.02880859375], [-0.0022688359022140503, 0.007080796640366316, -0.9999723434448242, 1.5680618286132812], [-0.9999555945396423, 0.009132049977779388, 0.002333461306989193, 0.044525146484375], [0.0, 0.0, 0.0, 1.0]], [[-0.9237358570098877, 0.3829537332057953, -0.007636177819222212, 1.160888671875], [0.0018438204424455762, -0.01549023948609829, -0.9998782873153687, 1.547811508178711], [-0.3830254077911377, -0.9236376285552979, 0.013602794148027897, -0.04345703125], [0.0, 0.0, 0.0, 1.0]]], "view": [[0.0, -2.0, 100.0], [-2.0, 0.0, 100.0], [0.0, 0.0, 1.0]], "bev": "bev_ee43a9292a7a410583c2cfd190b63aae.png", "aux": "aux_ee43a9292a7a410583c2cfd190b63aae.npz", "visibility": "visibility_ee43a9292a7a410583c2cfd190b63aae.png", "pose": [[0.3967599868774414, 0.9179223775863647, 0.0, 1671.27587890625], [-0.9179223775863647, 0.3967599868774414, 0.0, 932.8487548828125], [0.0, 0.0, 1.0, 0.0], [0.0, 0.0, 0.0, 1.0]], "pose_inverse": [[0.3967599868774414, -0.9179223775863647, 0.0, 193.1873779296875], [0.9179223775863647, 0.3967599868774414, 0.0, -1904.2186279296875], [0.0, 0.0, 1.0, 0.0], [0.0, 0.0, 0.0, 1.0]], "cam_ids": [0, 1, 2, 3, 4, 5], "cam_channels": ["CAM_FRONT_LEFT", "CAM_FRONT", "CAM_FRONT_RIGHT", "CAM_BACK_LEFT", "CAM_BACK", "CAM_BACK_RIGHT"], "token": "ee43a9292a7a410583c2cfd190b63aae", "scene": "scene-0211"}, {"images": ["samples/CAM_FRONT_LEFT/n008-2018-07-26-12-13-50-0400__CAM_FRONT_LEFT__1532622016654799.jpg", "samples/CAM_FRONT/n008-2018-07-26-12-13-50-0400__CAM_FRONT__1532622016662404.jpg", "samples/CAM_FRONT_RIGHT/n008-2018-07-26-12-13-50-0400__CAM_FRONT_RIGHT__1532622016670482.jpg", "samples/CAM_BACK_LEFT/n008-2018-07-26-12-13-50-0400__CAM_BACK_LEFT__1532622016697405.jpg", "samples/CAM_BACK/n008-2018-07-26-12-13-50-0400__CAM_BACK__1532622016687558.jpg", "samples/CAM_BACK_RIGHT/n008-2018-07-26-12-13-50-0400__CAM_BACK_RIGHT__1532622016678113.jpg"], "intrinsics": [[[1257.8625342125129, 0.0, 827.2410631095686], [0.0, 1257.8625342125129, 450.915498205774], [0.0, 0.0, 1.0]], [[1252.8131021185304, 0.0, 826.588114781398], [0.0, 1252.8131021185304, 469.9846626224581], [0.0, 0.0, 1.0]], [[1256.7485116440405, 0.0, 817.7887570959712], [0.0, 1256.7485116440403, 451.9541780095127], [0.0, 0.0, 1.0]], [[1254.9860565800168, 0.0, 829.5769333630991], [0.0, 1254.9860565800168, 467.1680561863987], [0.0, 0.0, 1.0]], [[796.8910634503094, 0.0, 857.7774326863696], [0.0, 796.8910634503094, 476.8848988407415], [0.0, 0.0, 1.0]], [[1249.9629280788233, 0.0, 825.3768045375984], [0.0, 1249.9629280788233, 462.54816385708756], [0.0, 0.0, 1.0]]], "extrinsics": [[[0.8223369121551514, -0.5690005421638489, -0.0005023160483688116, -1.005859375], [0.008228249847888947, 0.012774418108165264, -0.9998845458030701, 1.48828125], [0.5689412951469421, 0.8222379088401794, 0.015186754986643791, -1.3341064453125], [0.0, 0.0, 0.0, 1.0]], [[0.009968101046979427, -0.9999135732650757, -0.00857302825897932, 0.00537109375], [0.010181325487792492, 0.00867450051009655, -0.9999105334281921, 1.4801549911499023], [0.9998984932899475, 0.009879876859486103, 0.01026691310107708, -1.7358245849609375], [0.0, 0.0, 0.0, 1.0]], [[-0.844082236289978, -0.5359936356544495, -0.015362893231213093, 1.09112548828125], [0.018201742321252823, -6.38031997368671e-06, -0.9998342990875244, 1.4930596351623535], [0.5359046459197998, -0.8442220091819763, 0.009761403314769268, -1.2779541015625], [0.0, 0.0, 0.0, 1.0]], [[0.9478887319564819, 0.3185950517654419, -0.002029367256909609, -1.144134521484375], [-0.0072422572411596775, 0.015178426168859005, -0.999858558177948, 1.5620479583740234], [-0.31851932406425476, 0.9477693438529968, 0.0166948065161705, -0.1561279296875], [0.0, 0.0, 0.0, 1.0]], [[0.009297898970544338, 0.999927818775177, 0.007611600682139397, -0.02880859375], [-0.0051116012036800385, 0.007659357972443104, -0.9999575614929199, 1.5680627822875977], [-0.999943733215332, 0.009258616715669632, 0.0051824478432536125, 0.044708251953125], [0.0, 0.0, 0.0, 1.0]], [[-0.923662006855011, 0.3831758499145508, -0.004961003549396992, 1.1611328125], [-0.0008753869333304465, -0.01505575142800808, -0.9998862743377686, 1.5478153228759766], [-0.38320693373680115, -0.9235526323318481, 0.014241855591535568, -0.04345703125], [0.0, 0.0, 0.0, 1.0]]], "view": [[0.0, -2.0, 100.0], [-2.0, 0.0, 100.0], [0.0, 0.0, 1.0]], "bev": "bev_1501acb821f84369bfcadf1149033efd.png", "aux": "aux_1501acb821f84369bfcadf1149033efd.npz", "visibility": "visibility_1501acb821f84369bfcadf1149033efd.png", "pose": [[0.3991404175758362, 0.9168897867202759, 0.0, 1671.265625], [-0.9168897867202759, 0.3991404175758362, 0.0, 932.8668823242188], [0.0, 0.0, 1.0, 0.0], [0.0, 0.0, 0.0, 1.0]], "pose_inverse": [[0.3991404175758362, -0.9168897867202759, 0.0, 188.26646423339844], [0.9168897867202759, 0.3991404175758362, 0.0, -1904.7113037109375], [0.0, 0.0, 1.0, 0.0], [0.0, 0.0, 0.0, 1.0]], "cam_ids": [0, 1, 2, 3, 4, 5], "cam_channels": ["CAM_FRONT_LEFT", "CAM_FRONT", "CAM_FRONT_RIGHT", "CAM_BACK_LEFT", "CAM_BACK", "CAM_BACK_RIGHT"], "token": "1501acb821f84369bfcadf1149033efd", "scene": "scene-0211"}, {"images": ["samples/CAM_FRONT_LEFT/n008-2018-07-26-12-13-50-0400__CAM_FRONT_LEFT__1532622017154799.jpg", "samples/CAM_FRONT/n008-2018-07-26-12-13-50-0400__CAM_FRONT__1532622017162404.jpg", "samples/CAM_FRONT_RIGHT/n008-2018-07-26-12-13-50-0400__CAM_FRONT_RIGHT__1532622017170482.jpg", "samples/CAM_BACK_LEFT/n008-2018-07-26-12-13-50-0400__CAM_BACK_LEFT__1532622017197405.jpg", "samples/CAM_BACK/n008-2018-07-26-12-13-50-0400__CAM_BACK__1532622017187558.jpg", "samples/CAM_BACK_RIGHT/n008-2018-07-26-12-13-50-0400__CAM_BACK_RIGHT__1532622017178113.jpg"], "intrinsics": [[[1257.8625342125129, 0.0, 827.2410631095686], [0.0, 1257.8625342125129, 450.915498205774], [0.0, 0.0, 1.0]], [[1252.8131021185304, 0.0, 826.588114781398], [0.0, 1252.8131021185304, 469.9846626224581], [0.0, 0.0, 1.0]], [[1256.7485116440405, 0.0, 817.7887570959712], [0.0, 1256.7485116440403, 451.9541780095127], [0.0, 0.0, 1.0]], [[1254.9860565800168, 0.0, 829.5769333630991], [0.0, 1254.9860565800168, 467.1680561863987], [0.0, 0.0, 1.0]], [[796.8910634503094, 0.0, 857.7774326863696], [0.0, 796.8910634503094, 476.8848988407415], [0.0, 0.0, 1.0]], [[1249.9629280788233, 0.0, 825.3768045375984], [0.0, 1249.9629280788233, 462.54816385708756], [0.0, 0.0, 1.0]]], "extrinsics": [[[0.8225816488265991, -0.5686464309692383, -0.00075255281990394, -1.0050048828125], [0.007640772499144077, 0.01237611472606659, -0.9998942017555237, 1.488290786743164], [0.5685956478118896, 0.8224889039993286, 0.01452526357024908, -1.333740234375], [0.0, 0.0, 0.0, 1.0]], [[0.010313506238162518, -0.9999133348464966, -0.00818142481148243, 0.00537109375], [0.009552888572216034, 0.0082800118252635, -0.999920129776001, 1.4801626205444336], [0.9999011158943176, 0.010234503075480461, 0.009637456387281418, -1.73486328125], [0.0, 0.0, 0.0, 1.0]], [[-0.8439478278160095, -0.5362268090248108, -0.014590066857635975, 1.0908203125], [0.017532220110297203, -0.0003887489147018641, -0.9998461604118347, 1.4930689334869385], [0.5361385941505432, -0.8440738916397095, 0.009729328565299511, -1.277587890625], [0.0, 0.0, 0.0, 1.0]], [[0.9478735327720642, 0.31863492727279663, -0.002743310760706663, -1.14385986328125], [-0.007895445451140404, 0.014878982678055763, -0.9998581409454346, 1.5620460510253906], [-0.31854885816574097, 0.9477607607841492, 0.016619158908724785, -0.1561279296875], [0.0, 0.0, 0.0, 1.0]], [[0.00919506698846817, 0.9999314546585083, 0.0072501846589148045, -0.0286865234375], [-0.0057743308134377, 0.007303466089069843, -0.9999566674232483, 1.5680608749389648], [-0.9999410510063171, 0.009152797982096672, 0.005841091740876436, 0.0443878173828125], [0.0, 0.0, 0.0, 1.0]], [[-0.9237403273582458, 0.38299325108528137, -0.004471281077712774, 1.1607666015625], [-0.0015592535492032766, -0.01543392613530159, -0.9998796582221985, 1.5478153228759766], [-0.38301610946655273, -0.923622190952301, 0.014854124747216702, -0.0435791015625], [0.0, 0.0, 0.0, 1.0]]], "view": [[0.0, -2.0, 100.0], [-2.0, 0.0, 100.0], [0.0, 0.0, 1.0]], "bev": "bev_363392e8c6634316844339799ee4ddc0.png", "aux": "aux_363392e8c6634316844339799ee4ddc0.npz", "visibility": "visibility_363392e8c6634316844339799ee4ddc0.png", "pose": [[0.400619775056839, 0.916244387626648, 0.0, 1671.2607421875], [-0.916244387626648, 0.400619775056839, 0.0, 932.8724365234375], [0.0, 0.0, 1.0, 0.0], [0.0, 0.0, 0.0, 1.0]], "pose_inverse": [[0.400619775056839, -0.916244387626648, 0.0, 185.19903564453125], [0.916244387626648, 0.400619775056839, 0.0, -1905.010498046875], [0.0, 0.0, 1.0, 0.0], [0.0, 0.0, 0.0, 1.0]], "cam_ids": [0, 1, 2, 3, 4, 5], "cam_channels": ["CAM_FRONT_LEFT", "CAM_FRONT", "CAM_FRONT_RIGHT", "CAM_BACK_LEFT", "CAM_BACK", "CAM_BACK_RIGHT"], "token": "363392e8c6634316844339799ee4ddc0", "scene": "scene-0211"}, {"images": ["samples/CAM_FRONT_LEFT/n008-2018-07-26-12-13-50-0400__CAM_FRONT_LEFT__1532622017604799.jpg", "samples/CAM_FRONT/n008-2018-07-26-12-13-50-0400__CAM_FRONT__1532622017612404.jpg", "samples/CAM_FRONT_RIGHT/n008-2018-07-26-12-13-50-0400__CAM_FRONT_RIGHT__1532622017620484.jpg", "samples/CAM_BACK_LEFT/n008-2018-07-26-12-13-50-0400__CAM_BACK_LEFT__1532622017647405.jpg", "samples/CAM_BACK/n008-2018-07-26-12-13-50-0400__CAM_BACK__1532622017637558.jpg", "samples/CAM_BACK_RIGHT/n008-2018-07-26-12-13-50-0400__CAM_BACK_RIGHT__1532622017628113.jpg"], "intrinsics": [[[1257.8625342125129, 0.0, 827.2410631095686], [0.0, 1257.8625342125129, 450.915498205774], [0.0, 0.0, 1.0]], [[1252.8131021185304, 0.0, 826.588114781398], [0.0, 1252.8131021185304, 469.9846626224581], [0.0, 0.0, 1.0]], [[1256.7485116440405, 0.0, 817.7887570959712], [0.0, 1256.7485116440403, 451.9541780095127], [0.0, 0.0, 1.0]], [[1254.9860565800168, 0.0, 829.5769333630991], [0.0, 1254.9860565800168, 467.1680561863987], [0.0, 0.0, 1.0]], [[796.8910634503094, 0.0, 857.7774326863696], [0.0, 796.8910634503094, 476.8848988407415], [0.0, 0.0, 1.0]], [[1249.9629280788233, 0.0, 825.3768045375984], [0.0, 1249.9629280788233, 462.54816385708756], [0.0, 0.0, 1.0]]], "extrinsics": [[[0.8222901821136475, -0.569068431854248, -4.067565896548331e-06, -1.005126953125], [0.009453251026570797, 0.013666869141161442, -0.9998618960380554, 1.4882850646972656], [0.5689899325370789, 0.8221765756607056, 0.016617678105831146, -1.333740234375], [0.0, 0.0, 0.0, 1.0]], [[0.009912856854498386, -0.9999061822891235, -0.009453294798731804, 0.0054931640625], [0.011597735807299614, 0.009568090550601482, -0.9998869895935059, 1.4801597595214844], [0.9998836517333984, 0.009802082553505898, 0.011691493913531303, -1.7350006103515625], [0.0, 0.0, 0.0, 1.0]], [[-0.8440835475921631, -0.5359354615211487, -0.017211200669407845, 1.0908203125], [0.01982000470161438, 0.0008920329273678362, -0.9998031854629517, 1.4930694103240967], [0.5358452796936035, -0.8442584872245789, 0.009869294241070747, -1.277587890625], [0.0, 0.0, 0.0, 1.0]], [[0.9478840231895447, 0.31861525774002075, 0.000447485304903239, -1.144073486328125], [-0.004941038321703672, 0.01610390841960907, -0.9998580813407898, 1.562042236328125], [-0.3185774087905884, 0.9477472305297852, 0.016838928684592247, -0.156005859375], [0.0, 0.0, 0.0, 1.0]], [[0.009290633723139763, 0.9999203681945801, 0.008548785001039505, -0.0289306640625], [-0.0030501089058816433, 0.008577452972531319, -0.9999585151672363, 1.5680608749389648], [-0.9999522566795349, 0.009264197200536728, 0.0031295546796172857, 0.0444793701171875], [0.0, 0.0, 0.0, 1.0]], [[-0.9236385822296143, 0.38321325182914734, -0.006278239190578461, 1.16082763671875], [0.0009281975799240172, -0.01414431817829609, -0.9998995065689087, 1.5478134155273438], [-0.383263498544693, -0.9235515594482422, 0.012708540074527264, -0.04345703125], [0.0, 0.0, 0.0, 1.0]]], "view": [[0.0, -2.0, 100.0], [-2.0, 0.0, 100.0], [0.0, 0.0, 1.0]], "bev": "bev_f21173e133b84bf6ac1498bee17ed771.png", "aux": "aux_f21173e133b84bf6ac1498bee17ed771.npz", "visibility": "visibility_f21173e133b84bf6ac1498bee17ed771.png", "pose": [[0.40226781368255615, 0.915522038936615, 0.0, 1671.2581787109375], [-0.915522038936615, 0.40226781368255615, 0.0, 932.873779296875], [0.0, 0.0, 1.0, 0.0], [0.0, 0.0, 0.0, 1.0]], "pose_inverse": [[0.40226781368255615, -0.915522038936615, 0.0, 181.77316284179688], [0.915522038936615, 0.40226781368255615, 0.0, -1905.3387451171875], [0.0, 0.0, 1.0, 0.0], [0.0, 0.0, 0.0, 1.0]], "cam_ids": [0, 1, 2, 3, 4, 5], "cam_channels": ["CAM_FRONT_LEFT", "CAM_FRONT", "CAM_FRONT_RIGHT", "CAM_BACK_LEFT", "CAM_BACK", "CAM_BACK_RIGHT"], "token": "f21173e133b84bf6ac1498bee17ed771", "scene": "scene-0211"}, {"images": ["samples/CAM_FRONT_LEFT/n008-2018-07-26-12-13-50-0400__CAM_FRONT_LEFT__1532622018104799.jpg", "samples/CAM_FRONT/n008-2018-07-26-12-13-50-0400__CAM_FRONT__1532622018112404.jpg", "samples/CAM_FRONT_RIGHT/n008-2018-07-26-12-13-50-0400__CAM_FRONT_RIGHT__1532622018120482.jpg", "samples/CAM_BACK_LEFT/n008-2018-07-26-12-13-50-0400__CAM_BACK_LEFT__1532622018147405.jpg", "samples/CAM_BACK/n008-2018-07-26-12-13-50-0400__CAM_BACK__1532622018137558.jpg", "samples/CAM_BACK_RIGHT/n008-2018-07-26-12-13-50-0400__CAM_BACK_RIGHT__1532622018128113.jpg"], "intrinsics": [[[1257.8625342125129, 0.0, 827.2410631095686], [0.0, 1257.8625342125129, 450.915498205774], [0.0, 0.0, 1.0]], [[1252.8131021185304, 0.0, 826.588114781398], [0.0, 1252.8131021185304, 469.9846626224581], [0.0, 0.0, 1.0]], [[1256.7485116440405, 0.0, 817.7887570959712], [0.0, 1256.7485116440403, 451.9541780095127], [0.0, 0.0, 1.0]], [[1254.9860565800168, 0.0, 829.5769333630991], [0.0, 1254.9860565800168, 467.1680561863987], [0.0, 0.0, 1.0]], [[796.8910634503094, 0.0, 857.7774326863696], [0.0, 796.8910634503094, 476.8848988407415], [0.0, 0.0, 1.0]], [[1249.9629280788233, 0.0, 825.3768045375984], [0.0, 1249.9629280788233, 462.54816385708756], [0.0, 0.0, 1.0]]], "extrinsics": [[[0.8217648863792419, -0.5698243975639343, 0.0016020695911720395, -0.99755859375], [0.011587847955524921, 0.0139002101495862, -0.9998362064361572, 1.4883975982666016], [0.5697088837623596, 0.821648895740509, 0.018025744706392288, -1.3284912109375], [0.0, 0.0, 0.0, 1.0]], [[0.009166698902845383, -0.9999111890792847, -0.009666044265031815, 0.005615234375], [0.013549583964049816, 0.009789766743779182, -0.9998602867126465, 1.4802665710449219], [0.9998661279678345, 0.009034441784024239, 0.013638122007250786, -1.7271881103515625], [0.0, 0.0, 0.0, 1.0]], [[-0.8443741798400879, -0.5354235172271729, -0.01881130039691925, 1.085693359375], [0.021576538681983948, 0.0010986393317580223, -0.9997665286064148, 1.4932011365890503], [0.5353192687034607, -0.8445830345153809, 0.010624922811985016, -1.2744140625], [0.0, 0.0, 0.0, 1.0]], [[0.9478872418403625, 0.3186018466949463, 0.0016046022064983845, -1.143951416015625], [-0.00379512133076787, 0.016326721757650375, -0.9998594522476196, 1.5620384216308594], [-0.3185833692550659, 0.9477478861808777, 0.01668502390384674, -0.15625], [0.0, 0.0, 0.0, 1.0]], [[0.009512155316770077, 0.9999161958694458, 0.00878052320331335, -0.02880859375], [-0.0016576286870986223, 0.008796676062047482, -0.9999598860740662, 1.5680570602416992], [-0.9999533295631409, 0.009497195482254028, 0.0017411647131666541, 0.0418701171875], [0.0, 0.0, 0.0, 1.0]], [[-0.9234569072723389, 0.383625328540802, -0.007677286397665739, 1.1566162109375], [0.002523974049836397, -0.013934782706201077, -0.9998997449874878, 1.5478229522705078], [-0.38369378447532654, -0.9233836531639099, 0.011899911798536777, -0.04541015625], [0.0, 0.0, 0.0, 1.0]]], "view": [[0.0, -2.0, 100.0], [-2.0, 0.0, 100.0], [0.0, 0.0, 1.0]], "bev": "bev_298696ce890f4288b17fd7956f380478.png", "aux": "aux_298696ce890f4288b17fd7956f380478.npz", "visibility": "visibility_298696ce890f4288b17fd7956f380478.png", "pose": [[0.411199688911438, 0.9115452766418457, 0.0, 1671.2728271484375], [-0.9115452766418457, 0.411199688911438, 0.0, 932.8375244140625], [0.0, 0.0, 1.0, 0.0], [0.0, 0.0, 0.0, 1.0]], "pose_inverse": [[0.411199688911438, -0.9115452766418457, 0.0, 163.0967559814453], [0.9115452766418457, 0.411199688911438, 0.0, -1907.0233154296875], [0.0, 0.0, 1.0, 0.0], [0.0, 0.0, 0.0, 1.0]], "cam_ids": [0, 1, 2, 3, 4, 5], "cam_channels": ["CAM_FRONT_LEFT", "CAM_FRONT", "CAM_FRONT_RIGHT", "CAM_BACK_LEFT", "CAM_BACK", "CAM_BACK_RIGHT"], "token": "298696ce890f4288b17fd7956f380478", "scene": "scene-0211"}, {"images": ["samples/CAM_FRONT_LEFT/n008-2018-07-26-12-13-50-0400__CAM_FRONT_LEFT__1532622018604799.jpg", "samples/CAM_FRONT/n008-2018-07-26-12-13-50-0400__CAM_FRONT__1532622018612404.jpg", "samples/CAM_FRONT_RIGHT/n008-2018-07-26-12-13-50-0400__CAM_FRONT_RIGHT__1532622018620482.jpg", "samples/CAM_BACK_LEFT/n008-2018-07-26-12-13-50-0400__CAM_BACK_LEFT__1532622018647405.jpg", "samples/CAM_BACK/n008-2018-07-26-12-13-50-0400__CAM_BACK__1532622018637558.jpg", "samples/CAM_BACK_RIGHT/n008-2018-07-26-12-13-50-0400__CAM_BACK_RIGHT__1532622018628113.jpg"], "intrinsics": [[[1257.8625342125129, 0.0, 827.2410631095686], [0.0, 1257.8625342125129, 450.915498205774], [0.0, 0.0, 1.0]], [[1252.8131021185304, 0.0, 826.588114781398], [0.0, 1252.8131021185304, 469.9846626224581], [0.0, 0.0, 1.0]], [[1256.7485116440405, 0.0, 817.7887570959712], [0.0, 1256.7485116440403, 451.9541780095127], [0.0, 0.0, 1.0]], [[1254.9860565800168, 0.0, 829.5769333630991], [0.0, 1254.9860565800168, 467.1680561863987], [0.0, 0.0, 1.0]], [[796.8910634503094, 0.0, 857.7774326863696], [0.0, 796.8910634503094, 476.8848988407415], [0.0, 0.0, 1.0]], [[1249.9629280788233, 0.0, 825.3768045375984], [0.0, 1249.9629280788233, 462.54816385708756], [0.0, 0.0, 1.0]]], "extrinsics": [[[0.8212569355964661, -0.5705576539039612, 0.0009979979367926717, -0.981689453125], [0.011330872774124146, 0.014560721814632416, -0.9998297691345215, 1.4886245727539062], [0.5704460144042969, 0.8211285471916199, 0.018423007801175117, -1.3167724609375], [0.0, 0.0, 0.0, 1.0]], [[0.008439824916422367, -0.9999110698699951, -0.01032745186239481, 0.005126953125], [0.013236100785434246, 0.01043862383812666, -0.9998579025268555, 1.4804840087890625], [0.9998766779899597, 0.008302012458443642, 0.013323023915290833, -1.711029052734375], [0.0, 0.0, 0.0, 1.0]], [[-0.8446736931800842, -0.5349498391151428, -0.01883968897163868, 1.07501220703125], [0.021202070638537407, 0.0017321131890639663, -0.9997736811637878, 1.493460774421692], [0.5348614454269409, -0.8448820114135742, 0.009878973476588726, -1.2679443359375], [0.0, 0.0, 0.0, 1.0]], [[0.9478894472122192, 0.31859660148620605, 0.0013017997844144702, -1.1435546875], [-0.0043105995282530785, 0.016910329461097717, -0.9998477101325989, 1.5620403289794922], [-0.3185701072216034, 0.9477394819259644, 0.017402468249201775, -0.1561279296875], [0.0, 0.0, 0.0, 1.0]], [[0.009712974540889263, 0.9999088048934937, 0.009379656985402107, -0.028564453125], [-0.0021136775612831116, 0.009400608018040657, -0.99995356798172, 1.5680484771728516], [-0.9999505877494812, 0.009692725725471973, 0.0022047930397093296, 0.0374298095703125], [0.0, 0.0, 0.0, 1.0]], [[-0.9233132004737854, 0.38398289680480957, -0.007053293287754059, 1.1484375], [0.0021030798088759184, -0.013310100883245468, -0.9999092221260071, 1.5478363037109375], [-0.3840419054031372, -0.9232441782951355, 0.011481845751404762, -0.048828125], [0.0, 0.0, 0.0, 1.0]]], "view": [[0.0, -2.0, 100.0], [-2.0, 0.0, 100.0], [0.0, 0.0, 1.0]], "bev": "bev_5b7e98aace144ad2843b24f262a70891.png", "aux": "aux_5b7e98aace144ad2843b24f262a70891.npz", "visibility": "visibility_5b7e98aace144ad2843b24f262a70891.png", "pose": [[0.43222764134407043, 0.9017645120620728, 0.0, 1671.3741455078125], [-0.9017645120620728, 0.43222764134407043, 0.0, 932.6211547851562], [0.0, 0.0, 1.0, 0.0], [0.0, 0.0, 0.0, 1.0]], "pose_inverse": [[0.43222764134407043, -0.9017645120620728, 0.0, 118.59058380126953], [0.9017645120620728, 0.43222764134407043, 0.0, -1910.29052734375], [0.0, 0.0, 1.0, 0.0], [0.0, 0.0, 0.0, 1.0]], "cam_ids": [0, 1, 2, 3, 4, 5], "cam_channels": ["CAM_FRONT_LEFT", "CAM_FRONT", "CAM_FRONT_RIGHT", "CAM_BACK_LEFT", "CAM_BACK", "CAM_BACK_RIGHT"], "token": "5b7e98aace144ad2843b24f262a70891", "scene": "scene-0211"}, {"images": ["samples/CAM_FRONT_LEFT/n008-2018-07-26-12-13-50-0400__CAM_FRONT_LEFT__1532622019154799.jpg", "samples/CAM_FRONT/n008-2018-07-26-12-13-50-0400__CAM_FRONT__1532622019162404.jpg", "samples/CAM_FRONT_RIGHT/n008-2018-07-26-12-13-50-0400__CAM_FRONT_RIGHT__1532622019170482.jpg", "samples/CAM_BACK_LEFT/n008-2018-07-26-12-13-50-0400__CAM_BACK_LEFT__1532622019197405.jpg", "samples/CAM_BACK/n008-2018-07-26-12-13-50-0400__CAM_BACK__1532622019187558.jpg", "samples/CAM_BACK_RIGHT/n008-2018-07-26-12-13-50-0400__CAM_BACK_RIGHT__1532622019178113.jpg"], "intrinsics": [[[1257.8625342125129, 0.0, 827.2410631095686], [0.0, 1257.8625342125129, 450.915498205774], [0.0, 0.0, 1.0]], [[1252.8131021185304, 0.0, 826.588114781398], [0.0, 1252.8131021185304, 469.9846626224581], [0.0, 0.0, 1.0]], [[1256.7485116440405, 0.0, 817.7887570959712], [0.0, 1256.7485116440403, 451.9541780095127], [0.0, 0.0, 1.0]], [[1254.9860565800168, 0.0, 829.5769333630991], [0.0, 1254.9860565800168, 467.1680561863987], [0.0, 0.0, 1.0]], [[796.8910634503094, 0.0, 857.7774326863696], [0.0, 796.8910634503094, 476.8848988407415], [0.0, 0.0, 1.0]], [[1249.9629280788233, 0.0, 825.3768045375984], [0.0, 1249.9629280788233, 462.54816385708756], [0.0, 0.0, 1.0]]], "extrinsics": [[[0.8215147256851196, -0.5701871514320374, 0.00040919773164205253, -0.98193359375], [0.010618319734930992, 0.014581131748855114, -0.999837338924408, 1.488595962524414], [0.5700885057449341, 0.8213854432106018, 0.018033042550086975, -1.317138671875], [0.0, 0.0, 0.0, 1.0]], [[0.008796041831374168, -0.999907910823822, -0.010329115204513073, 0.0054931640625], [0.01258066389709711, 0.010439355857670307, -0.9998663663864136, 1.4804630279541016], [0.999882161617279, 0.008664877153933048, 0.012671330012381077, -1.7113571166992188], [0.0, 0.0, 0.0, 1.0]], [[-0.8445387482643127, -0.5351811647415161, -0.018315907567739487, 1.07525634765625], [0.020600613206624985, 0.0017077921656891704, -0.9997863173484802, 1.4934436082839966], [0.5350980758666992, -0.8447356820106506, 0.009582760743796825, -1.2679443359375], [0.0, 0.0, 0.0, 1.0]], [[0.9478969573974609, 0.3185758888721466, 0.0008307448588311672, -1.14324951171875], [-0.004774298518896103, 0.016812821850180626, -0.9998472929000854, 1.5620441436767578], [-0.3185412585735321, 0.9477482438087463, 0.01745779998600483, -0.15625], [0.0, 0.0, 0.0, 1.0]], [[0.009633833542466164, 0.9999104142189026, 0.009296606294810772, -0.0286865234375], [-0.0026480357628315687, 0.009322517551481724, -0.999953031539917, 1.568044662475586], [-0.999950110912323, 0.00960877351462841, 0.002737609436735511, 0.03717041015625], [0.0, 0.0, 0.0, 1.0]], [[-0.9233900308609009, 0.3838071823120117, -0.0065439497120678425, 1.14849853515625], [0.0015306543791666627, -0.013366000726819038, -0.999909520149231, 1.5478286743164062], [-0.3838599622249603, -0.9233165383338928, 0.011754556559026241, -0.0489501953125], [0.0, 0.0, 0.0, 1.0]]], "view": [[0.0, -2.0, 100.0], [-2.0, 0.0, 100.0], [0.0, 0.0, 1.0]], "bev": "bev_45fd0f184be44765913820d892892c82.png", "aux": "aux_45fd0f184be44765913820d892892c82.npz", "visibility": "visibility_45fd0f184be44765913820d892892c82.png", "pose": [[0.45489680767059326, 0.8905441761016846, 0.0, 1671.540283203125], [-0.8905441761016846, 0.45489680767059326, 0.0, 932.2900390625], [0.0, 0.0, 1.0, 0.0], [0.0, 0.0, 0.0, 1.0]], "pose_inverse": [[0.45489680767059326, -0.8905441761016846, 0.0, 69.86712646484375], [0.8905441761016846, 0.45489680767059326, 0.0, -1912.6761474609375], [0.0, 0.0, 1.0, 0.0], [0.0, 0.0, 0.0, 1.0]], "cam_ids": [0, 1, 2, 3, 4, 5], "cam_channels": ["CAM_FRONT_LEFT", "CAM_FRONT", "CAM_FRONT_RIGHT", "CAM_BACK_LEFT", "CAM_BACK", "CAM_BACK_RIGHT"], "token": "45fd0f184be44765913820d892892c82", "scene": "scene-0211"}, {"images": ["samples/CAM_FRONT_LEFT/n008-2018-07-26-12-13-50-0400__CAM_FRONT_LEFT__1532622019654799.jpg", "samples/CAM_FRONT/n008-2018-07-26-12-13-50-0400__CAM_FRONT__1532622019662404.jpg", "samples/CAM_FRONT_RIGHT/n008-2018-07-26-12-13-50-0400__CAM_FRONT_RIGHT__1532622019670482.jpg", "samples/CAM_BACK_LEFT/n008-2018-07-26-12-13-50-0400__CAM_BACK_LEFT__1532622019697405.jpg", "samples/CAM_BACK/n008-2018-07-26-12-13-50-0400__CAM_BACK__1532622019687573.jpg", "samples/CAM_BACK_RIGHT/n008-2018-07-26-12-13-50-0400__CAM_BACK_RIGHT__1532622019678113.jpg"], "intrinsics": [[[1257.8625342125129, 0.0, 827.2410631095686], [0.0, 1257.8625342125129, 450.915498205774], [0.0, 0.0, 1.0]], [[1252.8131021185304, 0.0, 826.588114781398], [0.0, 1252.8131021185304, 469.9846626224581], [0.0, 0.0, 1.0]], [[1256.7485116440405, 0.0, 817.7887570959712], [0.0, 1256.7485116440403, 451.9541780095127], [0.0, 0.0, 1.0]], [[1254.9860565800168, 0.0, 829.5769333630991], [0.0, 1254.9860565800168, 467.1680561863987], [0.0, 0.0, 1.0]], [[796.8910634503094, 0.0, 857.7774326863696], [0.0, 796.8910634503094, 476.8848988407415], [0.0, 0.0, 1.0]], [[1249.9629280788233, 0.0, 825.3768045375984], [0.0, 1249.9629280788233, 462.54816385708756], [0.0, 0.0, 1.0]]], "extrinsics": [[[0.8212692737579346, -0.5705370306968689, 0.0020857444033026695, -0.9775390625], [0.011692709289491177, 0.013176080770790577, -0.9998448491096497, 1.4886913299560547], [0.5704209804534912, 0.8211662173271179, 0.017492232844233513, -1.3138427734375], [0.0, 0.0, 0.0, 1.0]], [[0.00842506904155016, -0.9999245405197144, -0.008938759565353394, 0.0054931640625], [0.013671573251485825, 0.0090534258633852, -0.9998655319213867, 1.4805564880371094], [0.999871015548706, 0.008301719091832638, 0.013746816664934158, -1.706632137298584], [0.0, 0.0, 0.0, 1.0]], [[-0.8446915149688721, -0.5349330306053162, -0.018517684191465378, 1.07171630859375], [0.021700749173760414, 0.0003418795531615615, -0.9997644424438477, 1.4935537576675415], [0.5348132848739624, -0.8448944091796875, 0.011319664306938648, -1.265869140625], [0.0, 0.0, 0.0, 1.0]], [[0.9479326009750366, 0.31846705079078674, 0.001552413566969335, -1.14202880859375], [-0.0035687475465238094, 0.0154965715482831, -0.9998735785484314, 1.562042236328125], [-0.3184508681297302, 0.947807252407074, 0.015826234593987465, -0.1566162109375], [0.0, 0.0, 0.0, 1.0]], [[0.009802062064409256, 0.9999202489852905, 0.007967702113091946, -0.028564453125], [-0.0014727694215252995, 0.007982512935996056, -0.9999670386314392, 1.5680484771728516], [-0.9999508261