[{"images": ["samples/CAM_FRONT_LEFT/n008-2018-09-18-15-26-58-0400__CAM_FRONT_LEFT__1537299180404799.jpg", "samples/CAM_FRONT/n008-2018-09-18-15-26-58-0400__CAM_FRONT__1537299180412416.jpg", "samples/CAM_FRONT_RIGHT/n008-2018-09-18-15-26-58-0400__CAM_FRONT_RIGHT__1537299180420482.jpg", "samples/CAM_BACK_LEFT/n008-2018-09-18-15-26-58-0400__CAM_BACK_LEFT__1537299180447405.jpg", "samples/CAM_BACK/n008-2018-09-18-15-26-58-0400__CAM_BACK__1537299180437558.jpg", "samples/CAM_BACK_RIGHT/n008-2018-09-18-15-26-58-0400__CAM_BACK_RIGHT__1537299180428113.jpg"], "intrinsics": [[[1257.8625342125129, 0.0, 827.2410631095686], [0.0, 1257.8625342125129, 450.915498205774], [0.0, 0.0, 1.0]], [[1252.8131021185304, 0.0, 826.588114781398], [0.0, 1252.8131021185304, 469.9846626224581], [0.0, 0.0, 1.0]], [[1256.7485116440405, 0.0, 817.7887570959712], [0.0, 1256.7485116440403, 451.9541780095127], [0.0, 0.0, 1.0]], [[1254.9860565800168, 0.0, 829.5769333630991], [0.0, 1254.9860565800168, 467.1680561863987], [0.0, 0.0, 1.0]], [[796.8910634503094, 0.0, 857.7774326863696], [0.0, 796.8910634503094, 476.8848988407415], [0.0, 0.0, 1.0]], [[1249.9629280788233, 0.0, 825.3768045375984], [0.0, 1249.9629280788233, 462.54816385708756], [0.0, 0.0, 1.0]]], "extrinsics": [[[0.8224745988845825, -0.5685589909553528, -0.016615387052297592, -1.0050048828125], [-0.001255342154763639, 0.02739671617746353, -0.9996238350868225, 1.4882946014404297], [0.5688003897666931, 0.8221861124038696, 0.02181936800479889, -1.33319091796875], [0.0, 0.0, 0.0, 1.0]], [[0.010136263445019722, -0.9996779561042786, -0.023264558985829353, 0.00531005859375], [0.0007026229286566377, 0.023272870108485222, -0.9997289180755615, 1.4801645278930664], [0.9999483823776245, 0.010117162950336933, 0.0009382976568304002, -1.7347412109375], [0.0, 0.0, 0.0, 1.0]], [[-0.8440930843353271, -0.5359816551208496, -0.015179270878434181, 1.0904541015625], [0.008727739565074444, 0.014571495354175568, -0.9998557567596436, 1.4930753707885742], [0.5361256003379822, -0.8441038727760315, -0.007621791213750839, -1.2774658203125], [0.0, 0.0, 0.0, 1.0]], [[0.9478406310081482, 0.31868216395378113, -0.006307784002274275, -1.1439208984375], [-0.016650747507810593, 0.02974165417253971, -0.9994189143180847, 1.562042236328125], [-0.3183094561100006, 0.947394847869873, 0.03349664434790611, -0.156005859375], [0.0, 0.0, 0.0, 1.0]], [[0.009332782588899136, 0.9997126460075378, 0.022081691771745682, -0.028778076171875], [-0.014527316205203533, 0.02221587486565113, -0.9996476173400879, 1.5680656433105469], [-0.999850869178772, 0.00900861993432045, 0.014730477705597878, 0.04443359375], [0.0, 0.0, 0.0, 1.0]], [[-0.9237117171287537, 0.38297414779663086, 0.009353690780699253, 1.1605224609375], [-0.0103303212672472, -0.0004936328041367233, -0.9999465346336365, 1.547811508178711], [-0.38294899463653564, -0.9237589240074158, 0.004412220325320959, -0.043701171875], [0.0, 0.0, 0.0, 1.0]]], "view": [[0.0, -2.0, 100.0], [-2.0, 0.0, 100.0], [0.0, 0.0, 1.0]], "bev": "bev_cfcf0b8a86cb469eb711a7e34353158b.png", "aux": "aux_cfcf0b8a86cb469eb711a7e34353158b.npz", "visibility": "visibility_cfcf0b8a86cb469eb711a7e34353158b.png", "pose": [[0.6396846175193787, -0.768637478351593, 0.0, 1539.3834228515625], [0.768637478351593, 0.6396846175193787, 0.0, 1318.572509765625], [0.0, 0.0, 1.0, 0.0], [0.0, 0.0, 0.0, 1.0]], "pose_inverse": [[0.6396846175193787, 0.768637478351593, 0.0, -1998.22412109375], [-0.768637478351593, 0.6396846175193787, 0.0, 339.7572021484375], [0.0, 0.0, 1.0, 0.0], [0.0, 0.0, 0.0, 1.0]], "cam_ids": [0, 1, 2, 3, 4, 5], "cam_channels": ["CAM_FRONT_LEFT", "CAM_FRONT", "CAM_FRONT_RIGHT", "CAM_BACK_LEFT", "CAM_BACK", "CAM_BACK_RIGHT"], "token": "cfcf0b8a86cb469eb711a7e34353158b", "scene": "scene-0815"}, {"images": ["samples/CAM_FRONT_LEFT/n008-2018-09-18-15-26-58-0400__CAM_FRONT_LEFT__1537299180904799.jpg", "samples/CAM_FRONT/n008-2018-09-18-15-26-58-0400__CAM_FRONT__1537299180912404.jpg", "samples/CAM_FRONT_RIGHT/n008-2018-09-18-15-26-58-0400__CAM_FRONT_RIGHT__1537299180920482.jpg", "samples/CAM_BACK_LEFT/n008-2018-09-18-15-26-58-0400__CAM_BACK_LEFT__1537299180947405.jpg", "samples/CAM_BACK/n008-2018-09-18-15-26-58-0400__CAM_BACK__1537299180937558.jpg", "samples/CAM_BACK_RIGHT/n008-2018-09-18-15-26-58-0400__CAM_BACK_RIGHT__1537299180928113.jpg"], "intrinsics": [[[1257.8625342125129, 0.0, 827.2410631095686], [0.0, 1257.8625342125129, 450.915498205774], [0.0, 0.0, 1.0]], [[1252.8131021185304, 0.0, 826.588114781398], [0.0, 1252.8131021185304, 469.9846626224581], [0.0, 0.0, 1.0]], [[1256.7485116440405, 0.0, 817.7887570959712], [0.0, 1256.7485116440403, 451.9541780095127], [0.0, 0.0, 1.0]], [[1254.9860565800168, 0.0, 829.5769333630991], [0.0, 1254.9860565800168, 467.1680561863987], [0.0, 0.0, 1.0]], [[796.8910634503094, 0.0, 857.7774326863696], [0.0, 796.8910634503094, 476.8848988407415], [0.0, 0.0, 1.0]], [[1249.9629280788233, 0.0, 825.3768045375984], [0.0, 1249.9629280788233, 462.54816385708756], [0.0, 0.0, 1.0]]], "extrinsics": [[[0.8224583268165588, -0.5685819983482361, -0.016638413071632385, -1.005126953125], [-0.0012203204678371549, 0.027486717328429222, -0.9996213912963867, 1.4882926940917969], [0.568824052810669, 0.8221672773361206, 0.021912826225161552, -1.3333740234375], [0.0, 0.0, 0.0, 1.0]], [[0.01011180505156517, -0.9996761679649353, -0.023353809490799904, 0.005340576171875], [0.0007523733074776828, 0.023362604901194572, -0.9997267723083496, 1.4801630973815918], [0.9999485611915588, 0.010091522708535194, 0.0009883684106171131, -1.7347412109375], [0.0, 0.0, 0.0, 1.0]], [[-0.8441028594970703, -0.5359634757041931, -0.015282101929187775, 1.090576171875], [0.008793308399617672, 0.014660351909697056, -0.9998538494110107, 1.4930753707885742], [0.536109209060669, -0.8441140055656433, -0.007661954499781132, -1.2774658203125], [0.0, 0.0, 0.0, 1.0]], [[0.9478405714035034, 0.31868425011634827, -0.006223312579095364, -1.1439208984375], [-0.016588343307375908, 0.029820792376995087, -0.9994176030158997, 1.562042236328125], [-0.31831303238868713, 0.9473917484283447, 0.03355179354548454, -0.156005859375], [0.0, 0.0, 0.0, 1.0]], [[0.009338569827377796, 0.9997106194496155, 0.02217211201786995, -0.02874755859375], [-0.014463413506746292, 0.022305797785520554, -0.9996465444564819, 1.5680618286132812], [-0.9998518228530884, 0.009014521725475788, 0.014667529612779617, 0.0443115234375], [0.0, 0.0, 0.0, 1.0]], [[-0.9237067699432373, 0.38298699259757996, 0.009324776008725166, 1.160400390625], [-0.010262411087751389, -0.0004051704308949411, -0.9999472498893738, 1.5478153228759766], [-0.3829629123210907, -0.9237536787986755, 0.004304627422243357, -0.043609619140625], [0.0, 0.0, 0.0, 1.0]]], "view": [[0.0, -2.0, 100.0], [-2.0, 0.0, 100.0], [0.0, 0.0, 1.0]], "bev": "bev_c229d68054614a7c97897fbaa2da5de1.png", "aux": "aux_c229d68054614a7c97897fbaa2da5de1.npz", "visibility": "visibility_c229d68054614a7c97897fbaa2da5de1.png", "pose": [[0.6396821737289429, -0.7686395645141602, 0.0, 1539.3834228515625], [0.7686395645141602, 0.6396821737289429, 0.0, 1318.572509765625], [0.0, 0.0, 1.0, 0.0], [0.0, 0.0, 0.0, 1.0]], "pose_inverse": [[0.6396821737289429, 0.7686395645141602, 0.0, -1998.2230224609375], [-0.7686395645141602, 0.6396821737289429, 0.0, 339.763671875], [0.0, 0.0, 1.0, 0.0], [0.0, 0.0, 0.0, 1.0]], "cam_ids": [0, 1, 2, 3, 4, 5], "cam_channels": ["CAM_FRONT_LEFT", "CAM_FRONT", "CAM_FRONT_RIGHT", "CAM_BACK_LEFT", "CAM_BACK", "CAM_BACK_RIGHT"], "token": "c229d68054614a7c97897fbaa2da5de1", "scene": "scene-0815"}, {"images": ["samples/CAM_FRONT_LEFT/n008-2018-09-18-15-26-58-0400__CAM_FRONT_LEFT__1537299181404799.jpg", "samples/CAM_FRONT/n008-2018-09-18-15-26-58-0400__CAM_FRONT__1537299181412404.jpg", "samples/CAM_FRONT_RIGHT/n008-2018-09-18-15-26-58-0400__CAM_FRONT_RIGHT__1537299181420482.jpg", "samples/CAM_BACK_LEFT/n008-2018-09-18-15-26-58-0400__CAM_BACK_LEFT__1537299181447405.jpg", "samples/CAM_BACK/n008-2018-09-18-15-26-58-0400__CAM_BACK__1537299181437558.jpg", "samples/CAM_BACK_RIGHT/n008-2018-09-18-15-26-58-0400__CAM_BACK_RIGHT__1537299181428113.jpg"], "intrinsics": [[[1257.8625342125129, 0.0, 827.2410631095686], [0.0, 1257.8625342125129, 450.915498205774], [0.0, 0.0, 1.0]], [[1252.8131021185304, 0.0, 826.588114781398], [0.0, 1252.8131021185304, 469.9846626224581], [0.0, 0.0, 1.0]], [[1256.7485116440405, 0.0, 817.7887570959712], [0.0, 1256.7485116440403, 451.9541780095127], [0.0, 0.0, 1.0]], [[1254.9860565800168, 0.0, 829.5769333630991], [0.0, 1254.9860565800168, 467.1680561863987], [0.0, 0.0, 1.0]], [[796.8910634503094, 0.0, 857.7774326863696], [0.0, 796.8910634503094, 476.8848988407415], [0.0, 0.0, 1.0]], [[1249.9629280788233, 0.0, 825.3768045375984], [0.0, 1249.9629280788233, 462.54816385708756], [0.0, 0.0, 1.0]]], "extrinsics": [[[0.8224812746047974, -0.5685498714447021, -0.016602879390120506, -1.0048828125], [-0.0012105412315577269, 0.02743992954492569, -0.9996227025985718, 1.4882946014404297], [0.5687909722328186, 0.822191059589386, 0.02188057452440262, -1.33331298828125], [0.0, 0.0, 0.0, 1.0]], [[0.010148384608328342, -0.999676525592804, -0.023319633677601814, 0.005584716796875], [0.0007436409941874444, 0.023328373208642006, -0.9997275471687317, 1.4801645278930664], [0.9999482035636902, 0.010128184221684933, 0.0009801445994526148, -1.73486328125], [0.0, 0.0, 0.0, 1.0]], [[-0.8440879583358765, -0.535987913608551, -0.015247374773025513, 1.090576171875], [0.008765088394284248, 0.014639603905379772, -0.9998543858528137, 1.493072509765625], [0.5361330509185791, -0.844098687171936, -0.0076591335237026215, -1.277587890625], [0.0, 0.0, 0.0, 1.0]], [[0.9478393197059631, 0.31868696212768555, -0.006256588269025087, -1.1441650390625], [-0.01661527343094349, 0.029796209186315536, -0.9994178414344788, 1.562042236328125], [-0.3183150887489319, 0.9473915696144104, 0.03353709354996681, -0.15606689453125], [0.0, 0.0, 0.0, 1.0]], [[0.00932704471051693, 0.999711275100708, 0.022143347188830376, -0.028900146484375], [-0.014495535753667355, 0.02227715775370598, -0.9996466636657715, 1.5680618286132812], [-0.9998514652252197, 0.009002725593745708, 0.01469913125038147, 0.0445556640625], [0.0, 0.0, 0.0, 1.0]], [[-0.9237145185470581, 0.38296768069267273, 0.009342104196548462, 1.1605224609375], [-0.01029169000685215, -0.0004307792114559561, -0.9999469518661499, 1.5478096008300781], [-0.3829432725906372, -0.9237616658210754, 0.004339301493018866, -0.043731689453125], [0.0, 0.0, 0.0, 1.0]]], "view": [[0.0, -2.0, 100.0], [-2.0, 0.0, 100.0], [0.0, 0.0, 1.0]], "bev": "bev_04de5a1d4f8b45a3a62d6bf0ee07c715.png", "aux": "aux_04de5a1d4f8b45a3a62d6bf0ee07c715.npz", "visibility": "visibility_04de5a1d4f8b45a3a62d6bf0ee07c715.png", "pose": [[0.6397194862365723, -0.7686084508895874, 0.0, 1539.3834228515625], [0.7686084508895874, 0.6397194862365723, 0.0, 1318.572509765625], [0.0, 0.0, 1.0, 0.0], [0.0, 0.0, 0.0, 1.0]], "pose_inverse": [[0.6397194862365723, 0.7686084508895874, 0.0, -1998.2396240234375], [-0.7686084508895874, 0.6397194862365723, 0.0, 339.66656494140625], [0.0, 0.0, 1.0, 0.0], [0.0, 0.0, 0.0, 1.0]], "cam_ids": [0, 1, 2, 3, 4, 5], "cam_channels": ["CAM_FRONT_LEFT", "CAM_FRONT", "CAM_FRONT_RIGHT", "CAM_BACK_LEFT", "CAM_BACK", "CAM_BACK_RIGHT"], "token": "04de5a1d4f8b45a3a62d6bf0ee07c715", "scene": "scene-0815"}, {"images": ["samples/CAM_FRONT_LEFT/n008-2018-09-18-15-26-58-0400__CAM_FRONT_LEFT__1537299181854799.jpg", "samples/CAM_FRONT/n008-2018-09-18-15-26-58-0400__CAM_FRONT__1537299181862404.jpg", "samples/CAM_FRONT_RIGHT/n008-2018-09-18-15-26-58-0400__CAM_FRONT_RIGHT__1537299181870482.jpg", "samples/CAM_BACK_LEFT/n008-2018-09-18-15-26-58-0400__CAM_BACK_LEFT__1537299181897405.jpg", "samples/CAM_BACK/n008-2018-09-18-15-26-58-0400__CAM_BACK__1537299181887558.jpg", "samples/CAM_BACK_RIGHT/n008-2018-09-18-15-26-58-0400__CAM_BACK_RIGHT__1537299181878113.jpg"], "intrinsics": [[[1257.8625342125129, 0.0, 827.2410631095686], [0.0, 1257.8625342125129, 450.915498205774], [0.0, 0.0, 1.0]], [[1252.8131021185304, 0.0, 826.588114781398], [0.0, 1252.8131021185304, 469.9846626224581], [0.0, 0.0, 1.0]], [[1256.7485116440405, 0.0, 817.7887570959712], [0.0, 1256.7485116440403, 451.9541780095127], [0.0, 0.0, 1.0]], [[1254.9860565800168, 0.0, 829.5769333630991], [0.0, 1254.9860565800168, 467.1680561863987], [0.0, 0.0, 1.0]], [[796.8910634503094, 0.0, 857.7774326863696], [0.0, 796.8910634503094, 476.8848988407415], [0.0, 0.0, 1.0]], [[1249.9629280788233, 0.0, 825.3768045375984], [0.0, 1249.9629280788233, 462.54816385708756], [0.0, 0.0, 1.0]]], "extrinsics": [[[0.8224805593490601, -0.5685557126998901, -0.01643631048500538, -1.0048828125], [-0.0009741120738908648, 0.02748877927660942, -0.9996216297149658, 1.488295555114746], [0.5687924027442932, 0.8221853375434875, 0.02205514907836914, -1.33331298828125], [0.0, 0.0, 0.0, 1.0]], [[0.01014366839081049, -0.9996756315231323, -0.023356733843684196, 0.00537109375], [0.000986206578090787, 0.023367926478385925, -0.9997264742851257, 1.4801669120788574], [0.9999480247497559, 0.010117854923009872, 0.0012229232816025615, -1.7347412109375], [0.0, 0.0, 0.0, 1.0]], [[-0.8440893888473511, -0.5359792113304138, -0.015472633764147758, 1.0904541015625], [0.009008964523673058, 0.014675882644951344, -0.9998517036437988, 1.4930715560913086], [0.5361268520355225, -0.8441036343574524, -0.007559140212833881, -1.27734375], [0.0, 0.0, 0.0, 1.0]], [[0.9478447437286377, 0.3186761438846588, -0.0059953173622488976, -1.1439208984375], [-0.016359440982341766, 0.029855912551283836, -0.9994203448295593, 1.5620384216308594], [-0.31831246614456177, 0.9473933577537537, 0.03351213037967682, -0.15606689453125], [0.0, 0.0, 0.0, 1.0]], [[0.009329469874501228, 0.9997101426124573, 0.022197293117642403, -0.028900146484375], [-0.014250286854803562, 0.022328922525048256, -0.9996491074562073, 1.5680618286132812], [-0.9998549222946167, 0.009009848348796368, 0.014454472810029984, 0.044189453125], [0.0, 0.0, 0.0, 1.0]], [[-0.9237138628959656, 0.3829740881919861, 0.00914012547582388, 1.160400390625], [-0.010053058154881, -0.0003824953455477953, -0.9999493360519409, 1.5478096008300781], [-0.38295111060142517, -0.9237589240074158, 0.004203376825898886, -0.043609619140625], [0.0, 0.0, 0.0, 1.0]]], "view": [[0.0, -2.0, 100.0], [-2.0, 0.0, 100.0], [0.0, 0.0, 1.0]], "bev": "bev_2986578639c24e4086604fe7aaa2b22c.png", "aux": "aux_2986578639c24e4086604fe7aaa2b22c.npz", "visibility": "visibility_2986578639c24e4086604fe7aaa2b22c.png", "pose": [[0.6397337913513184, -0.7685965299606323, 0.0, 1539.3834228515625], [0.7685965299606323, 0.6397337913513184, 0.0, 1318.572509765625], [0.0, 0.0, 1.0, 0.0], [0.0, 0.0, 0.0, 1.0]], "pose_inverse": [[0.6397337913513184, 0.7685965299606323, 0.0, -1998.245849609375], [-0.7685965299606323, 0.6397337913513184, 0.0, 339.62933349609375], [0.0, 0.0, 1.0, 0.0], [0.0, 0.0, 0.0, 1.0]], "cam_ids": [0, 1, 2, 3, 4, 5], "cam_channels": ["CAM_FRONT_LEFT", "CAM_FRONT", "CAM_FRONT_RIGHT", "CAM_BACK_LEFT", "CAM_BACK", "CAM_BACK_RIGHT"], "token": "2986578639c24e4086604fe7aaa2b22c", "scene": "scene-0815"}, {"images": ["samples/CAM_FRONT_LEFT/n008-2018-09-18-15-26-58-0400__CAM_FRONT_LEFT__1537299182404799.jpg", "samples/CAM_FRONT/n008-2018-09-18-15-26-58-0400__CAM_FRONT__1537299182412404.jpg", "samples/CAM_FRONT_RIGHT/n008-2018-09-18-15-26-58-0400__CAM_FRONT_RIGHT__1537299182420482.jpg", "samples/CAM_BACK_LEFT/n008-2018-09-18-15-26-58-0400__CAM_BACK_LEFT__1537299182447405.jpg", "samples/CAM_BACK/n008-2018-09-18-15-26-58-0400__CAM_BACK__1537299182437558.jpg", "samples/CAM_BACK_RIGHT/n008-2018-09-18-15-26-58-0400__CAM_BACK_RIGHT__1537299182428113.jpg"], "intrinsics": [[[1257.8625342125129, 0.0, 827.2410631095686], [0.0, 1257.8625342125129, 450.915498205774], [0.0, 0.0, 1.0]], [[1252.8131021185304, 0.0, 826.588114781398], [0.0, 1252.8131021185304, 469.9846626224581], [0.0, 0.0, 1.0]], [[1256.7485116440405, 0.0, 817.7887570959712], [0.0, 1256.7485116440403, 451.9541780095127], [0.0, 0.0, 1.0]], [[1254.9860565800168, 0.0, 829.5769333630991], [0.0, 1254.9860565800168, 467.1680561863987], [0.0, 0.0, 1.0]], [[796.8910634503094, 0.0, 857.7774326863696], [0.0, 796.8910634503094, 476.8848988407415], [0.0, 0.0, 1.0]], [[1249.9629280788233, 0.0, 825.3768045375984], [0.0, 1249.9629280788233, 462.54816385708756], [0.0, 0.0, 1.0]]], "extrinsics": [[[0.8224695920944214, -0.5685821175575256, -0.016067950055003166, -1.0050048828125], [-0.0005122020957060158, 0.027508070692420006, -0.9996214509010315, 1.4882936477661133], [0.5688088536262512, 0.8221664428710938, 0.02233332395553589, -1.3333740234375], [0.0, 0.0, 0.0, 1.0]], [[0.010129108093678951, -0.9996755719184875, -0.023369282484054565, 0.005462646484375], [0.0014759183395653963, 0.02338540367782116, -0.9997254610061646, 1.4801650047302246], [0.9999475479125977, 0.010091799311339855, 0.0017123124562203884, -1.73486328125], [0.0, 0.0, 0.0, 1.0]], [[-0.8440926671028137, -0.5359610319137573, -0.015918662771582603, 1.090576171875], [0.00953169446438551, 0.014685004018247128, -0.9998467564582825, 1.4930744171142578], [0.5361126065254211, -0.8441149592399597, -0.0072868880815804005, -1.27783203125], [0.0, 0.0, 0.0, 1.0]], [[0.9478514790534973, 0.31866535544395447, -0.005472748540341854, -1.14404296875], [-0.01581527665257454, 0.029877454042434692, -0.9994284510612488, 1.5620384216308594], [-0.31831973791122437, 0.9473963379859924, 0.03335916996002197, -0.1561279296875], [0.0, 0.0, 0.0, 1.0]], [[0.009333103895187378, 0.9997097849845886, 0.022212184965610504, -0.028900146484375], [-0.013704733923077583, 0.022338949143886566, -0.9996564984321594, 1.5680580139160156], [-0.999862551689148, 0.009025446139276028, 0.01390924770385027, 0.0443115234375], [0.0, 0.0, 0.0, 1.0]], [[-0.9237115383148193, 0.3829912841320038, 0.008648809976875782, 1.1605224609375], [-0.009519720450043678, -0.00037874627741985023, -0.9999545812606812, 1.547811508178711], [-0.3829706013202667, -0.9237518906593323, 0.00399582227692008, -0.043731689453125], [0.0, 0.0, 0.0, 1.0]]], "view": [[0.0, -2.0, 100.0], [-2.0, 0.0, 100.0], [0.0, 0.0, 1.0]], "bev": "bev_79a4885030b34f0fb08000429f03f275.png", "aux": "aux_79a4885030b34f0fb08000429f03f275.npz", "visibility": "visibility_79a4885030b34f0fb08000429f03f275.png", "pose": [[0.6396691799163818, -0.7686503529548645, 0.0, 1539.3834228515625], [0.7686503529548645, 0.6396691799163818, 0.0, 1318.572509765625], [0.0, 0.0, 1.0, 0.0], [0.0, 0.0, 0.0, 1.0]], "pose_inverse": [[0.6396691799163818, 0.7686503529548645, 0.0, -1998.21728515625], [-0.7686503529548645, 0.6396691799163818, 0.0, 339.79736328125], [0.0, 0.0, 1.0, 0.0], [0.0, 0.0, 0.0, 1.0]], "cam_ids": [0, 1, 2, 3, 4, 5], "cam_channels": ["CAM_FRONT_LEFT", "CAM_FRONT", "CAM_FRONT_RIGHT", "CAM_BACK_LEFT", "CAM_BACK", "CAM_BACK_RIGHT"], "token": "79a4885030b34f0fb08000429f03f275", "scene": "scene-0815"}, {"images": ["samples/CAM_FRONT_LEFT/n008-2018-09-18-15-26-58-0400__CAM_FRONT_LEFT__1537299182854799.jpg", "samples/CAM_FRONT/n008-2018-09-18-15-26-58-0400__CAM_FRONT__1537299182862404.jpg", "samples/CAM_FRONT_RIGHT/n008-2018-09-18-15-26-58-0400__CAM_FRONT_RIGHT__1537299182870482.jpg", "samples/CAM_BACK_LEFT/n008-2018-09-18-15-26-58-0400__CAM_BACK_LEFT__1537299182897405.jpg", "samples/CAM_BACK/n008-2018-09-18-15-26-58-0400__CAM_BACK__1537299182887558.jpg", "samples/CAM_BACK_RIGHT/n008-2018-09-18-15-26-58-0400__CAM_BACK_RIGHT__1537299182878113.jpg"], "intrinsics": [[[1257.8625342125129, 0.0, 827.2410631095686], [0.0, 1257.8625342125129, 450.915498205774], [0.0, 0.0, 1.0]], [[1252.8131021185304, 0.0, 826.588114781398], [0.0, 1252.8131021185304, 469.9846626224581], [0.0, 0.0, 1.0]], [[1256.7485116440405, 0.0, 817.7887570959712], [0.0, 1256.7485116440403, 451.9541780095127], [0.0, 0.0, 1.0]], [[1254.9860565800168, 0.0, 829.5769333630991], [0.0, 1254.9860565800168, 467.1680561863987], [0.0, 0.0, 1.0]], [[796.8910634503094, 0.0, 857.7774326863696], [0.0, 796.8910634503094, 476.8848988407415], [0.0, 0.0, 1.0]], [[1249.9629280788233, 0.0, 825.3768045375984], [0.0, 1249.9629280788233, 462.54816385708756], [0.0, 0.0, 1.0]]], "extrinsics": [[[0.8225694894790649, -0.5685324668884277, -0.012260843999683857, -1.002685546875], [0.003990947734564543, 0.027331769466400146, -0.999618411064148, 1.4883060455322266], [0.5686506628990173, 0.8222067356109619, 0.02475126087665558, -1.331787109375], [0.0, 0.0, 0.0, 1.0]], [[0.010290920734405518, -0.9996792674064636, -0.023139748722314835, 0.00543212890625], [0.006046437658369541, 0.023202762007713318, -0.9997125267982483, 1.4801807403564453], [0.9999287724494934, 0.010148073546588421, 0.006283276714384556, -1.7322998046875], [0.0, 0.0, 0.0, 1.0]], [[-0.8439834713935852, -0.5360060930252075, -0.01972975954413414, 1.0888671875], [0.014166598208248615, 0.01449485495686531, -0.9997945427894592, 1.49310302734375], [0.5361819863319397, -0.8440896272659302, -0.004640035796910524, -1.2763671875], [0.0, 0.0, 0.0, 1.0]], [[0.9478644132614136, 0.31867262721061707, -0.0008869187440723181, -1.1441650390625], [-0.010891730897128582, 0.02961474470794201, -0.9995020627975464, 1.5620441436767578], [-0.3184877336025238, 0.9474020600318909, 0.03154166042804718, -0.1561279296875], [0.0, 0.0, 0.0, 1.0]], [[0.00920643750578165, 0.9997149109840393, 0.022028619423508644, -0.02886962890625], [-0.008897116407752037, 0.022110575810074806, -0.9997159242630005, 1.5680503845214844], [-0.9999181032180786, 0.009007742628455162, 0.009098139591515064, 0.0433349609375], [0.0, 0.0, 0.0, 1.0]], [[-0.923755943775177, 0.382958322763443, 0.004215974826365709, 1.1591796875], [-0.004805861972272396, -0.0005836640484631062, -0.9999882578849792, 1.5478038787841797], [-0.3829513490200043, -0.9237654209136963, 0.0023796078749001026, -0.044281005859375], [0.0, 0.0, 0.0, 1.0]]], "view": [[0.0, -2.0, 100.0], [-2.0, 0.0, 100.0], [0.0, 0.0, 1.0]], "bev": "bev_4303fa6b1fec4f9bb508edead2ffe344.png", "aux": "aux_4303fa6b1fec4f9bb508edead2ffe344.npz", "visibility": "visibility_4303fa6b1fec4f9bb508edead2ffe344.png", "pose": [[0.6397557258605957, -0.768578290939331, 0.0, 1539.385498046875], [0.768578290939331, 0.6397557258605957, 0.0, 1318.574951171875], [0.0, 0.0, 1.0, 0.0], [0.0, 0.0, 0.0, 1.0]], "pose_inverse": [[0.6397557258605957, 0.768578290939331, 0.0, -1998.2587890625], [-0.768578290939331, 0.6397557258605957, 0.0, 339.5723876953125], [0.0, 0.0, 1.0, 0.0], [0.0, 0.0, 0.0, 1.0]], "cam_ids": [0, 1, 2, 3, 4, 5], "cam_channels": ["CAM_FRONT_LEFT", "CAM_FRONT", "CAM_FRONT_RIGHT", "CAM_BACK_LEFT", "CAM_BACK", "CAM_BACK_RIGHT"], "token": "4303fa6b1fec4f9bb508edead2ffe344", "scene": "scene-0815"}, {"images": ["samples/CAM_FRONT_LEFT/n008-2018-09-18-15-26-58-0400__CAM_FRONT_LEFT__1537299183354799.jpg", "samples/CAM_FRONT/n008-2018-09-18-15-26-58-0400__CAM_FRONT__1537299183362404.jpg", "samples/CAM_FRONT_RIGHT/n008-2018-09-18-15-26-58-0400__CAM_FRONT_RIGHT__1537299183370482.jpg", "samples/CAM_BACK_LEFT/n008-2018-09-18-15-26-58-0400__CAM_BACK_LEFT__1537299183397405.jpg", "samples/CAM_BACK/n008-2018-09-18-15-26-58-0400__CAM_BACK__1537299183387558.jpg", "samples/CAM_BACK_RIGHT/n008-2018-09-18-15-26-58-0400__CAM_BACK_RIGHT__1537299183378113.jpg"], "intrinsics": [[[1257.8625342125129, 0.0, 827.2410631095686], [0.0, 1257.8625342125129, 450.915498205774], [0.0, 0.0, 1.0]], [[1252.8131021185304, 0.0, 826.588114781398], [0.0, 1252.8131021185304, 469.9846626224581], [0.0, 0.0, 1.0]], [[1256.7485116440405, 0.0, 817.7887570959712], [0.0, 1256.7485116440403, 451.9541780095127], [0.0, 0.0, 1.0]], [[1254.9860565800168, 0.0, 829.5769333630991], [0.0, 1254.9860565800168, 467.1680561863987], [0.0, 0.0, 1.0]], [[796.8910634503094, 0.0, 857.7774326863696], [0.0, 796.8910634503094, 476.8848988407415], [0.0, 0.0, 1.0]], [[1249.9629280788233, 0.0, 825.3768045375984], [0.0, 1249.9629280788233, 462.54816385708756], [0.0, 0.0, 1.0]]], "extrinsics": [[[0.822512149810791, -0.5686935782432556, -0.00783197209239006, -0.97705078125], [0.00901381392031908, 0.02680320106446743, -0.9996001124382019, 1.4886083602905273], [0.568676233291626, 0.8221126794815063, 0.027172056958079338, -1.313720703125], [0.0, 0.0, 0.0, 1.0]], [[0.01023923885077238, -0.9996931552886963, -0.022553039714694023, 0.00555419921875], [0.011042694561183453, 0.02266589179635048, -0.9996821284294128, 1.480483055114746], [0.9998865723609924, 0.009986895136535168, 0.01127138826996088, -1.706298828125], [0.0, 0.0, 0.0, 1.0]], [[-0.8439510464668274, -0.5358989834785461, -0.023638231679797173, 1.071533203125], [0.01913975179195404, 0.013955209404230118, -0.9997193813323975, 1.4935035705566406], [0.5360785126686096, -0.8441667556762695, -0.0015205402160063386, -1.265625], [0.0, 0.0, 0.0, 1.0]], [[0.9478710293769836, 0.3186343014240265, 0.00355103169567883, -1.142333984375], [-0.006031292490661144, 0.02908146008849144, -0.9995588660240173, 1.5620365142822266], [-0.3185970187187195, 0.9474314451217651, 0.029487252235412598, -0.156494140625], [0.0, 0.0, 0.0, 1.0]], [[0.009172240272164345, 0.9997259378433228, 0.02153744548559189, -0.028656005859375], [-0.003965296782553196, 0.02157454378902912, -0.9997593760490417, 1.5680255889892578], [-0.999950110912323, 0.00908469408750534, 0.0041620973497629166, 0.034912109375], [0.0, 0.0, 0.0, 1.0]], [[-0.9237223863601685, 0.3830620348453522, -0.000562366796657443, 1.145263671875], [0.00014649944205302745, -0.001114813145250082, -0.9999993443489075, 1.5478154420852661], [-0.3830623924732208, -0.9237219095230103, 0.0009736603824421763, -0.050201416015625], [0.0, 0.0, 0.0, 1.0]]], "view": [[0.0, -2.0, 100.0], [-2.0, 0.0, 100.0], [0.0, 0.0, 1.0]], "bev": "bev_2e3c72b1b24d4d3dbde54b7495fe7151.png", "aux": "aux_2e3c72b1b24d4d3dbde54b7495fe7151.npz", "visibility": "visibility_2e3c72b1b24d4d3dbde54b7495fe7151.png", "pose": [[0.6393995881080627, -0.7688745856285095, 0.0, 1539.5201416015625], [0.7688745856285095, 0.6393995881080627, 0.0, 1318.7373046875], [0.0, 0.0, 1.0, 0.0], [0.0, 0.0, 0.0, 1.0]], "pose_inverse": [[0.6393995881080627, 0.7688745856285095, 0.0, -1998.3121337890625], [-0.7688745856285095, 0.6393995881080627, 0.0, 340.497802734375], [0.0, 0.0, 1.0, 0.0], [0.0, 0.0, 0.0, 1.0]], "cam_ids": [0, 1, 2, 3, 4, 5], "cam_channels": ["CAM_FRONT_LEFT", "CAM_FRONT", "CAM_FRONT_RIGHT", "CAM_BACK_LEFT", "CAM_BACK", "CAM_BACK_RIGHT"], "token": "2e3c72b1b24d4d3dbde54b7495fe7151", "scene": "scene-0815"}, {"images": ["samples/CAM_FRONT_LEFT/n008-2018-09-18-15-26-58-0400__CAM_FRONT_LEFT__1537299183854799.jpg", "samples/CAM_FRONT/n008-2018-09-18-15-26-58-0400__CAM_FRONT__1537299183862404.jpg", "samples/CAM_FRONT_RIGHT/n008-2018-09-18-15-26-58-0400__CAM_FRONT_RIGHT__1537299183870482.jpg", "samples/CAM_BACK_LEFT/n008-2018-09-18-15-26-58-0400__CAM_BACK_LEFT__1537299183897405.jpg", "samples/CAM_BACK/n008-2018-09-18-15-26-58-0400__CAM_BACK__1537299183887558.jpg", "samples/CAM_BACK_RIGHT/n008-2018-09-18-15-26-58-0400__CAM_BACK_RIGHT__1537299183878113.jpg"], "intrinsics": [[[1257.8625342125129, 0.0, 827.2410631095686], [0.0, 1257.8625342125129, 450.915498205774], [0.0, 0.0, 1.0]], [[1252.8131021185304, 0.0, 826.588114781398], [0.0, 1252.8131021185304, 469.9846626224581], [0.0, 0.0, 1.0]], [[1256.7485116440405, 0.0, 817.7887570959712], [0.0, 1256.7485116440403, 451.9541780095127], [0.0, 0.0, 1.0]], [[1254.9860565800168, 0.0, 829.5769333630991], [0.0, 1254.9860565800168, 467.1680561863987], [0.0, 0.0, 1.0]], [[796.8910634503094, 0.0, 857.7774326863696], [0.0, 796.8910634503094, 476.8848988407415], [0.0, 0.0, 1.0]], [[1249.9629280788233, 0.0, 825.3768045375984], [0.0, 1249.9629280788233, 462.54816385708756], [0.0, 0.0, 1.0]]], "extrinsics": [[[0.8225476741790771, -0.5686833262443542, -0.0038384997751563787, -0.931884765625], [0.012731852941215038, 0.02516256272792816, -0.9996022582054138, 1.4894256591796875], [0.5685537457466125, 0.8221716284751892, 0.02793779782950878, -1.28277587890625], [0.0, 0.0, 0.0, 1.0]], [[0.010310671292245388, -0.9997293949127197, -0.02085280977189541, 0.00604248046875], [0.014783969148993492, 0.021004047244787216, -0.9996700882911682, 1.4812698364257812], [0.9998375773429871, 0.009999041445553303, 0.014996535144746304, -1.66015625], [0.0, 0.0, 0.0, 1.0]], [[-0.843882143497467, -0.5359025001525879, -0.025912949815392494, 1.040283203125], [0.022914716973900795, 0.012253870256245136, -0.9996622800827026, 1.4944381713867188], [0.5360391139984131, -0.8441909551620483, 0.0019392308313399553, -1.2457275390625], [0.0, 0.0, 0.0, 1.0]], [[0.9478633403778076, 0.31860795617103577, 0.006639259401708841, -1.13916015625], [-0.0021531619131565094, 0.027236241847276688, -0.9996266961097717, 1.5620317459106445], [-0.3186699151992798, 0.94749516248703, 0.026502247899770737, -0.15765380859375], [0.0, 0.0, 0.0, 1.0]], [[0.00913594663143158, 0.9997625350952148, 0.01978825405240059, -0.028717041015625], [-0.00014557476970367134, 0.01979040913283825, -0.9998041391372681, 1.5680575370788574], [-0.9999582767486572, 0.009131189435720444, 0.0003263438702560961, 0.01904296875], [0.0, 0.0, 0.0, 1.0]], [[-0.923694908618927, 0.3830992877483368, -0.00475379079580307, 1.11962890625], [0.0039583840407431126, -0.002864518202841282, -0.9999880790710449, 1.5479865074157715], [-0.38310837745666504, -0.9237027168273926, 0.0011294865980744362, -0.060791015625], [0.0, 0.0, 0.0, 1.0]]], "view": [[0.0, -2.0, 100.0], [-2.0, 0.0, 100.0], [0.0, 0.0, 1.0]], "bev": "bev_8d8d4baf680a4f09a658ad55ea566326.png", "aux": "aux_8d8d4baf680a4f09a658ad55ea566326.npz", "visibility": "visibility_8d8d4baf680a4f09a658ad55ea566326.png", "pose": [[0.6386908292770386, -0.7694634795188904, 0.0, 1539.9512939453125], [0.7694634795188904, 0.6386908292770386, 0.0, 1319.2568359375], [0.0, 0.0, 1.0, 0.0], [0.0, 0.0, 0.0, 1.0]], "pose_inverse": [[0.6386908292770386, 0.7694634795188904, 0.0, -1998.6727294921875], [-0.7694634795188904, 0.6386908292770386, 0.0, 342.3389892578125], [0.0, 0.0, 1.0, 0.0], [0.0, 0.0, 0.0, 1.0]], "cam_ids": [0, 1, 2, 3, 4, 5], "cam_channels": ["CAM_FRONT_LEFT", "CAM_FRONT", "CAM_FRONT_RIGHT", "CAM_BACK_LEFT", "CAM_BACK", "CAM_BACK_RIGHT"], "token": "8d8d4baf680a4f09a658ad55ea566326", "scene": "scene-0815"}, {"images": ["samples/CAM_FRONT_LEFT/n008-2018-09-18-15-26-58-0400__CAM_FRONT_LEFT__1537299184354799.jpg", "samples/CAM_FRONT/n008-2018-09-18-15-26-58-0400__CAM_FRONT__1537299184362404.jpg", "samples/CAM_FRONT_RIGHT/n008-2018-09-18-15-26-58-0400__CAM_FRONT_RIGHT__1537299184370482.jpg", "samples/CAM_BACK_LEFT/n008-2018-09-18-15-26-58-0400__CAM_BACK_LEFT__1537299184397405.jpg", "samples/CAM_BACK/n008-2018-09-18-15-26-58-0400__CAM_BACK__1537299184387588.jpg", "samples/CAM_BACK_RIGHT/n008-2018-09-18-15-26-58-0400__CAM_BACK_RIGHT__1537299184378113.jpg"], "intrinsics": [[[1257.8625342125129, 0.0, 827.2410631095686], [0.0, 1257.8625342125129, 450.915498205774], [0.0, 0.0, 1.0]], [[1252.8131021185304, 0.0, 826.588114781398], [0.0, 1252.8131021185304, 469.9846626224581], [0.0, 0.0, 1.0]], [[1256.7485116440405, 0.0, 817.7887570959712], [0.0, 1256.7485116440403, 451.9541780095127], [0.0, 0.0, 1.0]], [[1254.9860565800168, 0.0, 829.5769333630991], [0.0, 1254.9860565800168, 467.1680561863987], [0.0, 0.0, 1.0]], [[796.8910634503094, 0.0, 857.7774326863696], [0.0, 796.8910634503094, 476.8848988407415], [0.0, 0.0, 1.0]], [[1249.9629280788233, 0.0, 825.3768045375984], [0.0, 1249.9629280788233, 462.54816385708756], [0.0, 0.0, 1.0]]], "extrinsics": [[[0.8225843906402588, -0.568593442440033, 0.0075227441266179085, -0.90087890625], [0.020136835053563118, 0.01590588130056858, -0.9996707439422607, 1.4908180236816406], [0.5682865381240845, 0.8224649429321289, 0.024533601477742195, -1.26220703125], [0.0, 0.0, 0.0, 1.0]], [[0.010577716864645481, -0.9998785257339478, -0.011446243152022362, 0.007171630859375], [0.02237698994576931, 0.011680712923407555, -0.9996814131736755, 1.4825325012207031], [0.9996936321258545, 0.010318281129002571, 0.02249782718718052, -1.6285400390625], [0.0, 0.0, 0.0, 1.0]], [[-0.8435649871826172, -0.5363243818283081, -0.027465462684631348, 1.0189208984375], [0.03069547563791275, 0.0029064014088362455, -0.9995245933532715, 1.4956817626953125], [0.5361492037773132, -0.8440070152282715, 0.014010991901159286, -1.2314453125], [0.0, 0.0, 0.0, 1.0]], [[0.9478179812431335, 0.3185981512069702, 0.011679200455546379, -1.135498046875], [0.00628985371440649, 0.017939379438757896, -0.999819278717041, 1.5620980262756348], [-0.3187500834465027, 0.9477201104164124, 0.01499932911247015, -0.15887451171875], [0.0, 0.0, 0.0, 1.0]], [[0.008999375626444817, 0.9999041557312012, 0.010517295449972153, -0.028900146484375], [0.008067484945058823, 0.010444778017699718, -0.9999129176139832, 1.5683555603027344], [-0.9999269843101501, 0.009083423763513565, -0.0079727154225111, 0.0074462890625], [0.0, 0.0, 0.0, 1.0]], [[-0.9236604571342468, 0.38289088010787964, -0.015682479366660118, 1.1016845703125], [0.011913685128092766, -0.012212350964546204, -0.9998544454574585, 1.548574447631836], [-0.3830265998840332, -0.9237129092216492, 0.006718426011502743, -0.067718505859375], [0.0, 0.0, 0.0, 1.0]]], "view": [[0.0, -2.0, 100.0], [-2.0, 0.0, 100.0], [0.0, 0.0, 1.0]], "bev": "bev_0f5193931e094db199bb004ca4fbc63b.png", "aux": "aux_0f5193931e094db199bb004ca4fbc63b.npz", "visibility": "visibility_0f5193931e094db199bb004ca4fbc63b.png", "pose": [[0.639094889163971, -0.7691279053688049, 0.0, 1540.72119140625], [0.7691279053688049, 0.639094889163971, 0.0, 1320.17919921875], [0.0, 0.0, 1.0, 0.0], [0.0, 0.0, 0.0, 1.0]], "pose_inverse": [[0.639094889163971, 0.7691279053688049, 0.0, -2000.0537109375], [-0.7691279053688049, 0.639094889163971, 0.0, 341.2919006347656], [0.0, 0.0, 1.0, 0.0], [0.0, 0.0, 0.0, 1.0]], "cam_ids": [0, 1, 2, 3, 4, 5], "cam_channels": ["CAM_FRONT_LEFT", "CAM_FRONT", "CAM_FRONT_RIGHT", "CAM_BACK_LEFT", "CAM_BACK", "CAM_BACK_RIGHT"], "token": "0f5193931e094db199bb004ca4fbc63b", "scene": "scene-0815"}, {"images": ["samples/CAM_FRONT_LEFT/n008-2018-09-18-15-26-58-0400__CAM_FRONT_LEFT__1537299184854799.jpg", "samples/CAM_FRONT/n008-2018-09-18-15-26-58-0400__CAM_FRONT__1537299184862404.jpg", "samples/CAM_FRONT_RIGHT/n008-2018-09-18-15-26-58-0400__CAM_FRONT_RIGHT__1537299184870482.jpg", "samples/CAM_BACK_LEFT/n008-2018-09-18-15-26-58-0400__CAM_BACK_LEFT__1537299184897405.jpg", "samples/CAM_BACK/n008-2018-09-18-15-26-58-0400__CAM_BACK__1537299184887558.jpg", "samples/CAM_BACK_RIGHT/n008-2018-09-18-15-26-58-0400__CAM_BACK_RIGHT__1537299184878113.jpg"], "intrinsics": [[[1257.8625342125129, 0.0, 827.2410631095686], [0.0, 1257.8625342125129, 450.915498205774], [0.0, 0.0, 1.0]], [[1252.8131021185304, 0.0, 826.588114781398], [0.0, 1252.8131021185304, 469.9846626224581], [0.0, 0.0, 1.0]], [[1256.7485116440405, 0.0, 817.7887570959712], [0.0, 1256.7485116440403, 451.9541780095127], [0.0, 0.0, 1.0]], [[1254.9860565800168, 0.0, 829.5769333630991], [0.0, 1254.9860565800168, 467.1680561863987], [0.0, 0.0, 1.0]], [[796.8910634503094, 0.0, 857.7774326863696], [0.0, 796.8910634503094, 476.8848988407415], [0.0, 0.0, 1.0]], [[1249.9629280788233, 0.0, 825.3768045375984], [0.0, 1249.9629280788233, 462.54816385708756], [0.0, 0.0, 1.0]]], "extrinsics": [[[0.8221718668937683, -0.5690502524375916, 0.014671389944851398, -0.889404296875], [0.02552695944905281, 0.011109473183751106, -0.9996123909950256, 1.4918670654296875], [0.5686666965484619, 0.8222277760505676, 0.023660019040107727, -1.25408935546875], [0.0, 0.0, 0.0, 1.0]], [[0.010028575547039509, -0.9999281764030457, -0.006566793192178011, 0.006988525390625], [0.02748684398829937, 0.006840304937213659, -0.9995988011360168, 1.4833717346191406], [0.9995718598365784, 0.009844120591878891, 0.027553467079997063, -1.6181640625], [0.0, 0.0, 0.0, 1.0]], [[-0.843736469745636, -0.5359821319580078, -0.028843602165579796, 1.013427734375], [0.03543218970298767, -0.001996326260268688, -0.9993700385093689, 1.4963226318359375], [0.535586953163147, -0.8442270755767822, 0.02067539095878601, -1.22802734375], [0.0, 0.0, 0.0, 1.0]], [[0.9478230476379395, 0.318513423204422, 0.01344460528343916, -1.1348876953125], [0.009893513284623623, 0.012764153070747852, -0.9998695850372314, 1.5621376037597656], [-0.3186434805393219, 0.9478323459625244, 0.00894694123417139, -0.1590576171875], [0.0, 0.0, 0.0, 1.0]], [[0.009252860210835934, 0.9999421238899231, 0.0054988618940114975, -0.02862548828125], [0.012123249471187592, 0.005386515986174345, -0.9999119639396667, 1.5685367584228516], [-0.9998837113380432, 0.009318691678345203, -0.01207270659506321, 0.0047607421875], [0.0, 0.0, 0.0, 1.0]], [[-0.9234079718589783, 0.3832094669342041, -0.021638071164488792, 1.0975341796875], [0.016296666115522385, -0.01717998832464218, -0.9997196197509766, 1.5489311218261719], [-0.3834737539291382, -0.92350172996521, 0.009619103744626045, -0.06982421875], [0.0, 0.0, 0.0, 1.0]]], "view": [[0.0, -2.0, 100.0], [-2.0, 0.0, 100.0], [0.0, 0.0, 1.0]], "bev": "bev_49739d0e0c7043c0be974ab545333f2c.png", "aux": "aux_49739d0e0c7043c0be974ab545333f2c.npz", "visibility": "visibility_49739d0e0c7043c0be974ab545333f2c.png", "pose": [[0.638840913772583, -0.7693389058113098, 0.0, 1541.6812744140625], [0.7693389058113098, 0.638840913772583, 0.0, 1321.3218994140625], [0.0, 0.0, 1.0, 0.0], [0.0, 0.0, 0.0, 1.0]], "pose_inverse": [[0.638840913772583, 0.7693389058113098, 0.0, -2001.433349609375], [-0.7693389058113098, 0.638840913772583, 0.0, 341.96087646484375], [0.0, 0.0, 1.0, 0.0], [0.0, 0.0, 0.0, 1.0]], "cam_ids": [0, 1, 2, 3, 4, 5], "cam_channels": ["CAM_FRONT_LEFT", "CAM_FRONT", "CAM_FRONT_RIGHT", "CAM_BACK_LEFT", "CAM_BACK", "CAM_BACK_RIGHT"], "token": "49739d0e0c7043c0be974ab545333f2c", "scene": "scene-0815"}, {"images": ["samples/CAM_FRONT_LEFT/n008-2018-09-18-15-26-58-0400__CAM_FRONT_LEFT__1537299185354799.jpg", "samples/CAM_FRONT/n008-2018-09-18-15-26-58-0400__CAM_FRONT__1537299185362404.jpg", "samples/CAM_FRONT_RIGHT/n008-2018-09-18-15-26-58-0400__CAM_FRONT_RIGHT__1537299185370482.jpg", "samples/CAM_BACK_LEFT/n008-2018-09-18-15-26-58-0400__CAM_BACK_LEFT__1537299185397405.jpg", "samples/CAM_BACK/n008-2018-09-18-15-26-58-0400__CAM_BACK__1537299185387558.jpg", "samples/CAM_BACK_RIGHT/n008-2018-09-18-15-26-58-0400__CAM_BACK_RIGHT__1537299185378113.jpg"], "intrinsics": [[[1257.8625342125129, 0.0, 827.2410631095686], [0.0, 1257.8625342125129, 450.915498205774], [0.0, 0.0, 1.0]], [[1252.8131021185304, 0.0, 826.588114781398], [0.0, 1252.8131021185304, 469.9846626224581], [0.0, 0.0, 1.0]], [[1256.7485116440405, 0.0, 817.7887570959712], [0.0, 1256.7485116440403, 451.9541780095127], [0.0, 0.0, 1.0]], [[1254.9860565800168, 0.0, 829.5769333630991], [0.0, 1254.9860565800168, 467.1680561863987], [0.0, 0.0, 1.0]], [[796.8910634503094, 0.0, 857.7774326863696], [0.0, 796.8910634503094, 476.8848988407415], [0.0, 0.0, 1.0]], [[1249.9629280788233, 0.0, 825.3768045375984], [0.0, 1249.9629280788233, 462.54816385708756], [0.0, 0.0, 1.0]]], "extrinsics": [[[0.8225952982902527, -0.5683825016021729, 0.01668832078576088, -0.8935546875], [0.020670481026172638, 0.0005606908234767616, -0.9997861385345459, 1.4910888671875], [0.5682515501976013, 0.8227642774581909, 0.012209960259497166, -1.25653076171875], [0.0, 0.0, 0.0, 1.0]], [[0.010542799718677998, -0.9999359846115112, 0.004112705588340759, 0.0067138671875], [0.022678038105368614, -0.003872775938361883, -0.9997352957725525, 1.4827041625976562], [0.9996871948242188, 0.010633287020027637, 0.02263575606048107, -1.6226806640625], [0.0, 0.0, 0.0, 1.0]], [[-0.8436204791069031, -0.5366013646125793, -0.01906464621424675, 1.0167236328125], [0.03078741393983364, -0.012893877923488617, -0.9994428157806396, 1.4957809448242188], [0.5360565781593323, -0.8437373042106628, 0.027398109436035156, -1.2303466796875], [0.0, 0.0, 0.0, 1.0]], [[0.9478526711463928, 0.3186546862125397, 0.005866699852049351, -1.135986328125], [0.005763387773185968, 0.0012670551659539342, -0.9999825358390808, 1.562088966369629], [-0.3186565935611725, 0.9478699564933777, -0.0006355489604175091, -0.15887451171875], [0.0, 0.0, 0.0, 1.0]], [[0.009088399820029736, 0.9999415874481201, -0.005853723268955946, -0.028564453125], [0.007722738664597273, -0.005923978053033352, -0.9999526143074036, 1.5683507919311523], [-0.9999288320541382, 0.00904269609600305