[{"images": ["samples/CAM_FRONT_LEFT/n015-2018-08-01-16-41-59+0800__CAM_FRONT_LEFT__1533112947504844.jpg", "samples/CAM_FRONT/n015-2018-08-01-16-41-59+0800__CAM_FRONT__1533112947512460.jpg", "samples/CAM_FRONT_RIGHT/n015-2018-08-01-16-41-59+0800__CAM_FRONT_RIGHT__1533112947520339.jpg", "samples/CAM_BACK_LEFT/n015-2018-08-01-16-41-59+0800__CAM_BACK_LEFT__1533112947547432.jpg", "samples/CAM_BACK/n015-2018-08-01-16-41-59+0800__CAM_BACK__1533112947537525.jpg", "samples/CAM_BACK_RIGHT/n015-2018-08-01-16-41-59+0800__CAM_BACK_RIGHT__1533112947527893.jpg"], "intrinsics": [[[1272.5979470598488, 0.0, 826.6154927353808], [0.0, 1272.5979470598488, 479.75165386361925], [0.0, 0.0, 1.0]], [[1266.417203046554, 0.0, 816.2670197447984], [0.0, 1266.417203046554, 491.50706579294757], [0.0, 0.0, 1.0]], [[1260.8474446004698, 0.0, 807.968244525554], [0.0, 1260.8474446004698, 495.3344268742088], [0.0, 0.0, 1.0]], [[1256.7414812095406, 0.0, 792.1125740759628], [0.0, 1256.7414812095406, 492.7757465151356], [0.0, 0.0, 1.0]], [[809.2209905677063, 0.0, 829.2196003259838], [0.0, 809.2209905677063, 481.77842384512485], [0.0, 0.0, 1.0]], [[1259.5137405846733, 0.0, 807.2529053838625], [0.0, 1259.5137405846733, 501.19579884916527], [0.0, 0.0, 1.0]]], "extrinsics": [[[0.820324182510376, -0.5718792676925659, 0.004709446337074041, -0.81732177734375], [-0.006998548284173012, -0.01827242411673069, -0.9998085498809814, 1.5069894790649414], [0.571855902671814, 0.8201342225074768, -0.018991636112332344, -1.17730712890625], [0.0, 0.0, 0.0, 1.0]], [[0.005163302645087242, -0.9997361898422241, 0.022376157343387604, 0.0057373046875], [-0.012184258550405502, -0.022437691688537598, -0.9996740221977234, 1.5187358856201172], [0.999912440776825, 0.004889005329459906, -0.012296896427869797, -1.54473876953125], [0.0, 0.0, 0.0, 1.0]], [[-0.833166778087616, -0.552959144115448, 0.00831674411892891, 0.9371337890625], [-0.006434927228838205, -0.005344125907868147, -0.9999649524688721, 1.502908706665039], [0.5529842376708984, -0.8331912159919739, 0.0008942970307543874, -1.1855506896972656], [0.0, 0.0, 0.0, 1.0]], [[0.9477828145027161, 0.31878983974456787, -0.008986897766590118, -1.14111328125], [0.0026581462007015944, -0.036075059324502945, -0.9993455410003662, 1.5885496139526367], [-0.31890541315078735, 0.9471386671066284, -0.03503870964050293, -0.103729248046875], [0.0, 0.0, 0.0, 1.0]], [[0.002423255005851388, 0.9996594190597534, -0.025986723601818085, 0.0029296875], [-0.022930188104510307, -0.02592441812157631, -0.9994008541107178, 1.5783958435058594], [-0.9997341632843018, 0.0030177137814462185, 0.02285955660045147, -0.03985595703125], [0.0, 0.0, 0.0, 1.0]], [[-0.9347537159919739, 0.35507136583328247, -0.012644044123589993, 1.0594482421875], [0.00955327320843935, -0.010456541553139687, -0.9998997449874878, 1.552236557006836], [-0.35516804456710815, -0.9347807168960571, 0.006382195744663477, -0.0927734375], [0.0, 0.0, 0.0, 1.0]]], "view": [[0.0, -2.0, 100.0], [-2.0, 0.0, 100.0], [0.0, 0.0, 1.0]], "bev": "bev_7db1dd74c9ba442caa316e383d0622b3.png", "aux": "aux_7db1dd74c9ba442caa316e383d0622b3.npz", "visibility": "visibility_7db1dd74c9ba442caa316e383d0622b3.png", "pose": [[-0.6131979823112488, 0.7899292707443237, 0.0, 135.0562744140625], [-0.7899292707443237, -0.6131979823112488, 0.0, 1063.90380859375], [0.0, 0.0, 1.0, 0.0], [0.0, 0.0, 0.0, 1.0]], "pose_inverse": [[-0.6131979823112488, -0.7899292707443237, 0.0, 923.2249755859375], [0.7899292707443237, -0.6131979823112488, 0.0, 545.6987915039062], [0.0, 0.0, 1.0, 0.0], [0.0, 0.0, 0.0, 1.0]], "cam_ids": [0, 1, 2, 3, 4, 5], "cam_channels": ["CAM_FRONT_LEFT", "CAM_FRONT", "CAM_FRONT_RIGHT", "CAM_BACK_LEFT", "CAM_BACK", "CAM_BACK_RIGHT"], "token": "7db1dd74c9ba442caa316e383d0622b3", "scene": "scene-0131"}, {"images": ["samples/CAM_FRONT_LEFT/n015-2018-08-01-16-41-59+0800__CAM_FRONT_LEFT__1533112948004844.jpg", "samples/CAM_FRONT/n015-2018-08-01-16-41-59+0800__CAM_FRONT__1533112948012460.jpg", "samples/CAM_FRONT_RIGHT/n015-2018-08-01-16-41-59+0800__CAM_FRONT_RIGHT__1533112948020339.jpg", "samples/CAM_BACK_LEFT/n015-2018-08-01-16-41-59+0800__CAM_BACK_LEFT__1533112948047423.jpg", "samples/CAM_BACK/n015-2018-08-01-16-41-59+0800__CAM_BACK__1533112948037525.jpg", "samples/CAM_BACK_RIGHT/n015-2018-08-01-16-41-59+0800__CAM_BACK_RIGHT__1533112948027893.jpg"], "intrinsics": [[[1272.5979470598488, 0.0, 826.6154927353808], [0.0, 1272.5979470598488, 479.75165386361925], [0.0, 0.0, 1.0]], [[1266.417203046554, 0.0, 816.2670197447984], [0.0, 1266.417203046554, 491.50706579294757], [0.0, 0.0, 1.0]], [[1260.8474446004698, 0.0, 807.968244525554], [0.0, 1260.8474446004698, 495.3344268742088], [0.0, 0.0, 1.0]], [[1256.7414812095406, 0.0, 792.1125740759628], [0.0, 1256.7414812095406, 492.7757465151356], [0.0, 0.0, 1.0]], [[809.2209905677063, 0.0, 829.2196003259838], [0.0, 809.2209905677063, 481.77842384512485], [0.0, 0.0, 1.0]], [[1259.5137405846733, 0.0, 807.2529053838625], [0.0, 1259.5137405846733, 501.19579884916527], [0.0, 0.0, 1.0]]], "extrinsics": [[[0.82074373960495, -0.5712681412696838, 0.0056897359900176525, -0.8331298828125], [-0.009099290706217289, -0.023029780015349388, -0.9996933937072754, 1.506805419921875], [0.5712239742279053, 0.8204402923583984, -0.02409968338906765, -1.1893310546875], [0.0, 0.0, 0.0, 1.0]], [[0.005803308915346861, -0.9996157884597778, 0.027104124426841736, 0.00634765625], [-0.014449458569288254, -0.027185576036572456, -0.9995260238647461, 1.5186500549316406], [0.9998787641525269, 0.005408814176917076, -0.014601672068238258, -1.56097412109375], [0.0, 0.0, 0.0, 1.0]], [[-0.832888662815094, -0.5532883405685425, 0.01297515444457531, 0.947998046875], [-0.008882139809429646, -0.010078196413815022, -0.9999097585678101, 1.50274658203125], [0.5533692240715027, -0.8329287767410278, 0.0034796330146491528, -1.1922492980957031], [0.0, 0.0, 0.0, 1.0]], [[0.9476877450942993, 0.3189196288585663, -0.01335216499865055, -1.1419677734375], [-0.0003868444764520973, -0.04068266600370407, -0.999172031879425, 1.588541030883789], [-0.31919875741004944, 0.9469082355499268, -0.038431089371442795, -0.1033935546875], [0.0, 0.0, 0.0, 1.0]], [[0.002133359434083104, 0.9995278120040894, -0.030652020126581192, 0.00274658203125], [-0.025741182267665863, -0.03058704175055027, -0.9992005825042725, 1.5784149169921875], [-0.9996663331985474, 0.00292065623216331, 0.025663776323199272, -0.0347900390625], [0.0, 0.0, 0.0, 1.0]], [[-0.934906005859375, 0.3546966314315796, -0.011882440187036991, 1.06793212890625], [0.006950899492949247, -0.015174520201981068, -0.9998607635498047, 1.5519585609436035], [-0.35482755303382874, -0.9348583221435547, 0.011721288785338402, -0.08929443359375], [0.0, 0.0, 0.0, 1.0]]], "view": [[0.0, -2.0, 100.0], [-2.0, 0.0, 100.0], [0.0, 0.0, 1.0]], "bev": "bev_966101dc0513486a944633c7757f49c9.png", "aux": "aux_966101dc0513486a944633c7757f49c9.npz", "visibility": "visibility_966101dc0513486a944633c7757f49c9.png", "pose": [[-0.6112860441207886, 0.7914097309112549, 0.0, 133.87367248535156], [-0.7914097309112549, -0.6112860441207886, 0.0, 1062.382568359375], [0.0, 0.0, 1.0, 0.0], [0.0, 0.0, 0.0, 1.0]], "pose_inverse": [[-0.6112860441207886, -0.7914097309112549, 0.0, 922.614990234375], [0.7914097309112549, -0.6112860441207886, 0.0, 543.470703125], [0.0, 0.0, 1.0, 0.0], [0.0, 0.0, 0.0, 1.0]], "cam_ids": [0, 1, 2, 3, 4, 5], "cam_channels": ["CAM_FRONT_LEFT", "CAM_FRONT", "CAM_FRONT_RIGHT", "CAM_BACK_LEFT", "CAM_BACK", "CAM_BACK_RIGHT"], "token": "966101dc0513486a944633c7757f49c9", "scene": "scene-0131"}, {"images": ["samples/CAM_FRONT_LEFT/n015-2018-08-01-16-41-59+0800__CAM_FRONT_LEFT__1533112948504844.jpg", "samples/CAM_FRONT/n015-2018-08-01-16-41-59+0800__CAM_FRONT__1533112948512460.jpg", "samples/CAM_FRONT_RIGHT/n015-2018-08-01-16-41-59+0800__CAM_FRONT_RIGHT__1533112948520339.jpg", "samples/CAM_BACK_LEFT/n015-2018-08-01-16-41-59+0800__CAM_BACK_LEFT__1533112948547423.jpg", "samples/CAM_BACK/n015-2018-08-01-16-41-59+0800__CAM_BACK__1533112948537525.jpg", "samples/CAM_BACK_RIGHT/n015-2018-08-01-16-41-59+0800__CAM_BACK_RIGHT__1533112948527893.jpg"], "intrinsics": [[[1272.5979470598488, 0.0, 826.6154927353808], [0.0, 1272.5979470598488, 479.75165386361925], [0.0, 0.0, 1.0]], [[1266.417203046554, 0.0, 816.2670197447984], [0.0, 1266.417203046554, 491.50706579294757], [0.0, 0.0, 1.0]], [[1260.8474446004698, 0.0, 807.968244525554], [0.0, 1260.8474446004698, 495.3344268742088], [0.0, 0.0, 1.0]], [[1256.7414812095406, 0.0, 792.1125740759628], [0.0, 1256.7414812095406, 492.7757465151356], [0.0, 0.0, 1.0]], [[809.2209905677063, 0.0, 829.2196003259838], [0.0, 809.2209905677063, 481.77842384512485], [0.0, 0.0, 1.0]], [[1259.5137405846733, 0.0, 807.2529053838625], [0.0, 1259.5137405846733, 501.19579884916527], [0.0, 0.0, 1.0]]], "extrinsics": [[[0.8208708763122559, -0.5710908770561218, 0.005139384884387255, -0.857269287109375], [-0.009244187735021114, -0.022283975034952164, -0.999708890914917, 1.507040023803711], [0.571039080619812, 0.8205844163894653, -0.02357153408229351, -1.20562744140625], [0.0, 0.0, 0.0, 1.0]], [[0.005981785245239735, -0.9996384978294373, 0.026213984936475754, 0.00579833984375], [-0.014545327052474022, -0.026298660784959793, -0.9995483756065369, 1.5189762115478516], [0.9998763203620911, 0.005597749724984169, -0.014697379432618618, -1.58502197265625], [0.0, 0.0, 0.0, 1.0]], [[-0.8328164219856262, -0.5534093976020813, 0.01244285237044096, 0.96337890625], [-0.008930484764277935, -0.009042841382324696, -0.9999191761016846, 1.5029058456420898], [0.5534772276878357, -0.8328602910041809, 0.002588812727481127, -1.2027130126953125], [0.0, 0.0, 0.0, 1.0]], [[0.9476696252822876, 0.31899309158325195, -0.012872799299657345, -1.1434326171875], [-0.0002923333377111703, -0.03945458307862282, -0.9992213249206543, 1.5885467529296875], [-0.3192525804042816, 0.9469354152679443, -0.037296656519174576, -0.1030731201171875], [0.0, 0.0, 0.0, 1.0]], [[0.002102337311953306, 0.9995645880699158, -0.029430663213133812, 0.00286865234375], [-0.025699054822325706, -0.029367003589868546, -0.9992383122444153, 1.5785980224609375], [-0.9996675848960876, 0.0028569966088980436, 0.025626126676797867, -0.02764892578125], [0.0, 0.0, 0.0, 1.0]], [[-0.9349368214607239, 0.3546290397644043, -0.011461357586085796, 1.08062744140625], [0.006940194871276617, -0.014018341898918152, -0.9998776316642761, 1.5518648624420166], [-0.35474640130996704, -0.934902012348175, 0.010645069181919098, -0.084716796875], [0.0, 0.0, 0.0, 1.0]]], "view": [[0.0, -2.0, 100.0], [-2.0, 0.0, 100.0], [0.0, 0.0, 1.0]], "bev": "bev_5c18f78eef574240ad5a826404f71386.png", "aux": "aux_5c18f78eef574240ad5a826404f71386.npz", "visibility": "visibility_5c18f78eef574240ad5a826404f71386.png", "pose": [[-0.6099843382835388, 0.7924134731292725, 0.0, 132.83958435058594], [-0.7924134731292725, -0.6099843382835388, 0.0, 1061.0518798828125], [0.0, 0.0, 1.0, 0.0], [0.0, 0.0, 0.0, 1.0]], "pose_inverse": [[-0.6099843382835388, -0.7924134731292725, 0.0, 921.8218994140625], [0.7924134731292725, -0.6099843382835388, 0.0, 541.9611206054688], [0.0, 0.0, 1.0, 0.0], [0.0, 0.0, 0.0, 1.0]], "cam_ids": [0, 1, 2, 3, 4, 5], "cam_channels": ["CAM_FRONT_LEFT", "CAM_FRONT", "CAM_FRONT_RIGHT", "CAM_BACK_LEFT", "CAM_BACK", "CAM_BACK_RIGHT"], "token": "5c18f78eef574240ad5a826404f71386", "scene": "scene-0131"}, {"images": ["samples/CAM_FRONT_LEFT/n015-2018-08-01-16-41-59+0800__CAM_FRONT_LEFT__1533112949004844.jpg", "samples/CAM_FRONT/n015-2018-08-01-16-41-59+0800__CAM_FRONT__1533112949012460.jpg", "samples/CAM_FRONT_RIGHT/n015-2018-08-01-16-41-59+0800__CAM_FRONT_RIGHT__1533112949020339.jpg", "samples/CAM_BACK_LEFT/n015-2018-08-01-16-41-59+0800__CAM_BACK_LEFT__1533112949047423.jpg", "samples/CAM_BACK/n015-2018-08-01-16-41-59+0800__CAM_BACK__1533112949037525.jpg", "samples/CAM_BACK_RIGHT/n015-2018-08-01-16-41-59+0800__CAM_BACK_RIGHT__1533112949027893.jpg"], "intrinsics": [[[1272.5979470598488, 0.0, 826.6154927353808], [0.0, 1272.5979470598488, 479.75165386361925], [0.0, 0.0, 1.0]], [[1266.417203046554, 0.0, 816.2670197447984], [0.0, 1266.417203046554, 491.50706579294757], [0.0, 0.0, 1.0]], [[1260.8474446004698, 0.0, 807.968244525554], [0.0, 1260.8474446004698, 495.3344268742088], [0.0, 0.0, 1.0]], [[1256.7414812095406, 0.0, 792.1125740759628], [0.0, 1256.7414812095406, 492.7757465151356], [0.0, 0.0, 1.0]], [[809.2209905677063, 0.0, 829.2196003259838], [0.0, 809.2209905677063, 481.77842384512485], [0.0, 0.0, 1.0]], [[1259.5137405846733, 0.0, 807.2529053838625], [0.0, 1259.5137405846733, 501.19579884916527], [0.0, 0.0, 1.0]]], "extrinsics": [[[0.8207098841667175, -0.5712838768959045, 0.008362030610442162, -0.885009765625], [-0.004757492803037167, -0.02146836370229721, -0.9997581839561462, 1.5077686309814453], [0.5713252425193787, 0.8204717040061951, -0.02033717930316925, -1.2237548828125], [0.0, 0.0, 0.0, 1.0]], [[0.00568382628262043, -0.9996629953384399, 0.025327008217573166, 0.0050048828125], [-0.01001019962131977, -0.025383029133081436, -0.9996277093887329, 1.5197181701660156], [0.999933660030365, 0.0054282317869365215, -0.010151099413633347, -1.61236572265625], [0.0, 0.0, 0.0, 1.0]], [[-0.8329361081123352, -0.5533104538917542, 0.008055528625845909, 0.98095703125], [-0.004339749459177256, -0.008025258779525757, -0.9999583959579468, 1.5033750534057617], [0.5533521175384521, -0.8329364061355591, 0.0042833006009459496, -1.2150192260742188], [0.0, 0.0, 0.0, 1.0]], [[0.9477002620697021, 0.3190666735172272, -0.007780158426612616, -1.14501953125], [0.00456767063587904, -0.03793332353234291, -0.9992697834968567, 1.5885400772094727], [-0.3191288709640503, 0.9469727873802185, -0.037406813353300095, -0.1026611328125], [0.0, 0.0, 0.0, 1.0]], [[0.002259662840515375, 0.9996021389961243, -0.028115956112742424, 0.00299072265625], [-0.020938454195857048, -0.028062567114830017, -0.9993868470191956, 1.5789108276367188], [-0.9997782111167908, 0.0028470514807850122, 0.02086671255528927, -0.01910400390625], [0.0, 0.0, 0.0, 1.0]], [[-0.9348447322845459, 0.3547216057777405, -0.015425123274326324, 1.0955810546875], [0.011605740524828434, -0.012892472557723522, -0.9998495578765869, 1.5519535541534424], [-0.3548671305179596, -0.9348830580711365, 0.007935653440654278, -0.07940673828125], [0.0, 0.0, 0.0, 1.0]]], "view": [[0.0, -2.0, 100.0], [-2.0, 0.0, 100.0], [0.0, 0.0, 1.0]], "bev": "bev_b5295916ec8d4989afbb0ce06c1c11fb.png", "aux": "aux_b5295916ec8d4989afbb0ce06c1c11fb.npz", "visibility": "visibility_b5295916ec8d4989afbb0ce06c1c11fb.png", "pose": [[-0.60910964012146, 0.7930859923362732, 0.0, 131.9849090576172], [-0.7930859923362732, -0.60910964012146, 0.0, 1059.9547119140625], [0.0, 0.0, 1.0, 0.0], [0.0, 0.0, 0.0, 1.0]], "pose_inverse": [[-0.60910964012146, -0.7930859923362732, 0.0, 921.0285034179688], [0.7930859923362732, -0.60910964012146, 0.0, 540.9532470703125], [0.0, 0.0, 1.0, 0.0], [0.0, 0.0, 0.0, 1.0]], "cam_ids": [0, 1, 2, 3, 4, 5], "cam_channels": ["CAM_FRONT_LEFT", "CAM_FRONT", "CAM_FRONT_RIGHT", "CAM_BACK_LEFT", "CAM_BACK", "CAM_BACK_RIGHT"], "token": "b5295916ec8d4989afbb0ce06c1c11fb", "scene": "scene-0131"}, {"images": ["samples/CAM_FRONT_LEFT/n015-2018-08-01-16-41-59+0800__CAM_FRONT_LEFT__1533112949504844.jpg", "samples/CAM_FRONT/n015-2018-08-01-16-41-59+0800__CAM_FRONT__1533112949512460.jpg", "samples/CAM_FRONT_RIGHT/n015-2018-08-01-16-41-59+0800__CAM_FRONT_RIGHT__1533112949520339.jpg", "samples/CAM_BACK_LEFT/n015-2018-08-01-16-41-59+0800__CAM_BACK_LEFT__1533112949547423.jpg", "samples/CAM_BACK/n015-2018-08-01-16-41-59+0800__CAM_BACK__1533112949537525.jpg", "samples/CAM_BACK_RIGHT/n015-2018-08-01-16-41-59+0800__CAM_BACK_RIGHT__1533112949527893.jpg"], "intrinsics": [[[1272.5979470598488, 0.0, 826.6154927353808], [0.0, 1272.5979470598488, 479.75165386361925], [0.0, 0.0, 1.0]], [[1266.417203046554, 0.0, 816.2670197447984], [0.0, 1266.417203046554, 491.50706579294757], [0.0, 0.0, 1.0]], [[1260.8474446004698, 0.0, 807.968244525554], [0.0, 1260.8474446004698, 495.3344268742088], [0.0, 0.0, 1.0]], [[1256.7414812095406, 0.0, 792.1125740759628], [0.0, 1256.7414812095406, 492.7757465151356], [0.0, 0.0, 1.0]], [[809.2209905677063, 0.0, 829.2196003259838], [0.0, 809.2209905677063, 481.77842384512485], [0.0, 0.0, 1.0]], [[1259.5137405846733, 0.0, 807.2529053838625], [0.0, 1259.5137405846733, 501.19579884916527], [0.0, 0.0, 1.0]]], "extrinsics": [[[0.820645809173584, -0.5714026689529419, 0.006275883410125971, -0.902313232421875], [-0.005785641260445118, -0.0192903783172369, -0.9997971653938293, 1.5077896118164062], [0.5714079141616821, 0.8204430937767029, -0.019136497750878334, -1.23583984375], [0.0, 0.0, 0.0, 1.0]], [[0.00560752721503377, -0.9997133016586304, 0.023275455459952354, 0.00482177734375], [-0.011083072051405907, -0.02333652414381504, -0.9996662139892578, 1.5198249816894531], [0.9999228119850159, 0.005347755271941423, -0.011210755445063114, -1.62957763671875], [0.0, 0.0, 0.0, 1.0]], [[-0.8329731225967407, -0.5532565712928772, 0.007929384708404541, 0.991943359375], [-0.005457513965666294, -0.006114983931183815, -0.9999663829803467, 1.503377914428711], [0.5532864928245544, -0.832988440990448, 0.0020742148626595736, -1.2224197387695312], [0.0, 0.0, 0.0, 1.0]], [[0.9477019906044006, 0.3190423250198364, -0.008537465706467628, -1.1434326171875], [0.003228933783248067, -0.036333270370960236, -0.9993345141410828, 1.5885534286499023], [-0.31914016604423523, 0.947043776512146, -0.035463280975818634, -0.1033935546875], [0.0, 0.0, 0.0, 1.0]], [[0.00227742874994874, 0.9996477961540222, -0.02643974870443344, 0.0030517578125], [-0.022198600694537163, -0.02638276107609272, -0.9994054436683655, 1.5789871215820312], [-0.999751091003418, 0.002863040193915367, 0.022130697965621948, -0.01434326171875], [0.0, 0.0, 0.0, 1.0]], [[-0.934837281703949, 0.3548124432563782, -0.013689891435205936, 1.1043701171875], [0.010426809079945087, -0.011107096448540688, -0.9998839497566223, 1.5517997741699219], [-0.3549233376979828, -0.9348715543746948, 0.0066837649792432785, -0.0760498046875], [0.0, 0.0, 0.0, 1.0]]], "view": [[0.0, -2.0, 100.0], [-2.0, 0.0, 100.0], [0.0, 0.0, 1.0]], "bev": "bev_5d9b3387ea924614867462c3f8a66cc5.png", "aux": "aux_5d9b3387ea924614867462c3f8a66cc5.npz", "visibility": "visibility_5d9b3387ea924614867462c3f8a66cc5.png", "pose": [[-0.6075101494789124, 0.7943119406700134, 0.0, 131.3368377685547], [-0.7943119406700134, -0.6075101494789124, 0.0, 1059.1090087890625], [0.0, 0.0, 1.0, 0.0], [0.0, 0.0, 0.0, 1.0]], "pose_inverse": [[-0.6075101494789124, -0.7943119406700134, 0.0, 921.0513916015625], [0.7943119406700134, -0.6075101494789124, 0.0, 539.0970458984375], [0.0, 0.0, 1.0, 0.0], [0.0, 0.0, 0.0, 1.0]], "cam_ids": [0, 1, 2, 3, 4, 5], "cam_channels": ["CAM_FRONT_LEFT", "CAM_FRONT", "CAM_FRONT_RIGHT", "CAM_BACK_LEFT", "CAM_BACK", "CAM_BACK_RIGHT"], "token": "5d9b3387ea924614867462c3f8a66cc5", "scene": "scene-0131"}, {"images": ["samples/CAM_FRONT_LEFT/n015-2018-08-01-16-41-59+0800__CAM_FRONT_LEFT__1533112949904844.jpg", "samples/CAM_FRONT/n015-2018-08-01-16-41-59+0800__CAM_FRONT__1533112949912460.jpg", "samples/CAM_FRONT_RIGHT/n015-2018-08-01-16-41-59+0800__CAM_FRONT_RIGHT__1533112949920339.jpg", "samples/CAM_BACK_LEFT/n015-2018-08-01-16-41-59+0800__CAM_BACK_LEFT__1533112949947423.jpg", "samples/CAM_BACK/n015-2018-08-01-16-41-59+0800__CAM_BACK__1533112949937525.jpg", "samples/CAM_BACK_RIGHT/n015-2018-08-01-16-41-59+0800__CAM_BACK_RIGHT__1533112949927893.jpg"], "intrinsics": [[[1272.5979470598488, 0.0, 826.6154927353808], [0.0, 1272.5979470598488, 479.75165386361925], [0.0, 0.0, 1.0]], [[1266.417203046554, 0.0, 816.2670197447984], [0.0, 1266.417203046554, 491.50706579294757], [0.0, 0.0, 1.0]], [[1260.8474446004698, 0.0, 807.968244525554], [0.0, 1260.8474446004698, 495.3344268742088], [0.0, 0.0, 1.0]], [[1256.7414812095406, 0.0, 792.1125740759628], [0.0, 1256.7414812095406, 492.7757465151356], [0.0, 0.0, 1.0]], [[809.2209905677063, 0.0, 829.2196003259838], [0.0, 809.2209905677063, 481.77842384512485], [0.0, 0.0, 1.0]], [[1259.5137405846733, 0.0, 807.2529053838625], [0.0, 1259.5137405846733, 501.19579884916527], [0.0, 0.0, 1.0]]], "extrinsics": [[[0.8206974267959595, -0.5713438391685486, 0.00468846783041954, -0.91424560546875], [-0.00770000834017992, -0.019264819100499153, -0.9997847676277161, 1.507756233215332], [0.5713111162185669, 0.8204846978187561, -0.020209940150380135, -1.2440185546875], [0.0, 0.0, 0.0, 1.0]], [[0.005700257606804371, -0.9997128844261169, 0.02327418513596058, 0.00482177734375], [-0.013014622032642365, -0.023346763104200363, -0.9996427297592163, 1.5198631286621094], [0.9998990297317505, 0.005395317450165749, -0.01314396783709526, -1.6417236328125], [0.0, 0.0, 0.0, 1.0]], [[-0.8329405188560486, -0.5532795786857605, 0.009580351412296295, 1.0], [-0.007408360950648785, -0.006161772180348635, -0.99995356798172, 1.5033559799194336], [0.5533128380775452, -0.8329728245735168, 0.001033495762385428, -1.227752685546875], [0.0, 0.0, 0.0, 1.0]], [[0.9477002620697021, 0.3189854323863983, -0.010606774128973484, -1.1431884765625], [0.0011208102805539966, -0.036559246480464935, -0.9993308782577515, 1.5885543823242188], [-0.3191598057746887, 0.9470542073249817, -0.03500472754240036, -0.10333251953125], [0.0, 0.0, 0.0, 1.0]], [[0.002228081924840808, 0.9996439218521118, -0.026592938229441643, 0.00299072265625], [-0.024232037365436554, -0.026531226933002472, -0.9993542432785034, 1.5790519714355469], [-0.9997039437294006, 0.002870988566428423, 0.024164292961359024, -0.010498046875], [0.0, 0.0, 0.0, 1.0]], [[-0.9348679184913635, 0.3547971844673157, -0.011873738840222359, 1.111083984375], [0.008453534916043282, -0.011188466101884842, -0.9999016523361206, 1.551672101020813], [-0.3548951745033264, -0.9348763823509216, 0.007460448890924454, -0.07342529296875], [0.0, 0.0, 0.0, 1.0]]], "view": [[0.0, -2.0, 100.0], [-2.0, 0.0, 100.0], [0.0, 0.0, 1.0]], "bev": "bev_78b85b895578451c96bc4509a4889963.png", "aux": "aux_78b85b895578451c96bc4509a4889963.npz", "visibility": "visibility_78b85b895578451c96bc4509a4889963.png", "pose": [[-0.6065040230751038, 0.7950804233551025, 0.0, 130.94058227539062], [-0.7950804233551025, -0.6065040230751038, 0.0, 1058.5799560546875], [0.0, 0.0, 1.0, 0.0], [0.0, 0.0, 0.0, 1.0]], "pose_inverse": [[-0.6065040230751038, -0.7950804233551025, 0.0, 921.0722045898438], [0.7950804233551025, -0.6065040230751038, 0.0, 537.9246826171875], [0.0, 0.0, 1.0, 0.0], [0.0, 0.0, 0.0, 1.0]], "cam_ids": [0, 1, 2, 3, 4, 5], "cam_channels": ["CAM_FRONT_LEFT", "CAM_FRONT", "CAM_FRONT_RIGHT", "CAM_BACK_LEFT", "CAM_BACK", "CAM_BACK_RIGHT"], "token": "78b85b895578451c96bc4509a4889963", "scene": "scene-0131"}, {"images": ["samples/CAM_FRONT_LEFT/n015-2018-08-01-16-41-59+0800__CAM_FRONT_LEFT__1533112950404844.jpg", "samples/CAM_FRONT/n015-2018-08-01-16-41-59+0800__CAM_FRONT__1533112950412460.jpg", "samples/CAM_FRONT_RIGHT/n015-2018-08-01-16-41-59+0800__CAM_FRONT_RIGHT__1533112950420339.jpg", "samples/CAM_BACK_LEFT/n015-2018-08-01-16-41-59+0800__CAM_BACK_LEFT__1533112950447423.jpg", "samples/CAM_BACK/n015-2018-08-01-16-41-59+0800__CAM_BACK__1533112950437525.jpg", "samples/CAM_BACK_RIGHT/n015-2018-08-01-16-41-59+0800__CAM_BACK_RIGHT__1533112950427893.jpg"], "intrinsics": [[[1272.5979470598488, 0.0, 826.6154927353808], [0.0, 1272.5979470598488, 479.75165386361925], [0.0, 0.0, 1.0]], [[1266.417203046554, 0.0, 816.2670197447984], [0.0, 1266.417203046554, 491.50706579294757], [0.0, 0.0, 1.0]], [[1260.8474446004698, 0.0, 807.968244525554], [0.0, 1260.8474446004698, 495.3344268742088], [0.0, 0.0, 1.0]], [[1256.7414812095406, 0.0, 792.1125740759628], [0.0, 1256.7414812095406, 492.7757465151356], [0.0, 0.0, 1.0]], [[809.2209905677063, 0.0, 829.2196003259838], [0.0, 809.2209905677063, 481.77842384512485], [0.0, 0.0, 1.0]], [[1259.5137405846733, 0.0, 807.2529053838625], [0.0, 1259.5137405846733, 501.19579884916527], [0.0, 0.0, 1.0]]], "extrinsics": [[[0.8208019733428955, -0.5712108016014099, 0.001477168290875852, -0.936859130859375], [-0.01121793407946825, -0.018705038353800774, -0.9997621178627014, 1.5078697204589844], [0.5711025595664978, 0.8205901384353638, -0.021760940551757812, -1.260986328125], [0.0, 0.0, 0.0, 1.0]], [[0.005901182070374489, -0.9997236132621765, 0.022753087803721428, 0.0054931640625], [-0.016576191410422325, -0.02284815162420273, -0.9996015429496765, 1.52008056640625], [0.9998451471328735, 0.005521575920283794, -0.016706442460417747, -1.66473388671875], [0.0, 0.0, 0.0, 1.0]], [[-0.8328593373298645, -0.5533468723297119, 0.012345850467681885, 1.0150146484375], [-0.01101868785917759, -0.005724944174289703, -0.9999228715896606, 1.5034141540527344], [0.5533748865127563, -0.8329311609268188, -0.0013290832284837961, -1.2370033264160156], [0.0, 0.0, 0.0, 1.0]], [[0.9476616382598877, 0.3189692795276642, -0.014000347815454006, -1.1439208984375], [-0.002536740619689226, -0.03632666543126106, -0.9993367195129395, 1.5885581970214844], [-0.31926628947257996, 0.9470685720443726, -0.03361624479293823, -0.1030426025390625], [0.0, 0.0, 0.0, 1.0]], [[0.002138666342943907, 0.999652087688446, -0.026290111243724823, 0.00274658203125], [-0.027894344180822372, -0.026220304891467094, -0.9992669820785522, 1.5791740417480469], [-0.99960857629776, 0.00287046330049634, 0.027828563004732132, -0.0047607421875], [0.0, 0.0, 0.0, 1.0]], [[-0.9349179863929749, 0.3547661006450653, -0.008323404006659985, 1.12255859375], [0.0048014880158007145, -0.010806623846292496, -0.9999301433563232, 1.5515220165252686], [-0.3548313081264496, -0.9348925948143005, 0.008399901911616325, -0.0687255859375], [0.0, 0.0, 0.0, 1.0]]], "view": [[0.0, -2.0, 100.0], [-2.0, 0.0, 100.0], [0.0, 0.0, 1.0]], "bev": "bev_05a059afb73b476289f82154ff3d1ffc.png", "aux": "aux_05a059afb73b476289f82154ff3d1ffc.npz", "visibility": "visibility_05a059afb73b476289f82154ff3d1ffc.png", "pose": [[-0.6066910624504089, 0.7949376702308655, 0.0, 130.5651092529297], [-0.7949376702308655, -0.6066910624504089, 0.0, 1058.083984375], [0.0, 0.0, 1.0, 0.0], [0.0, 0.0, 0.0, 1.0]], "pose_inverse": [[-0.6066910624504089, -0.7949376702308655, 0.0, 920.3235473632812], [0.7949376702308655, -0.6066910624504089, 0.0, 538.1389770507812], [0.0, 0.0, 1.0, 0.0], [0.0, 0.0, 0.0, 1.0]], "cam_ids": [0, 1, 2, 3, 4, 5], "cam_channels": ["CAM_FRONT_LEFT", "CAM_FRONT", "CAM_FRONT_RIGHT", "CAM_BACK_LEFT", "CAM_BACK", "CAM_BACK_RIGHT"], "token": "05a059afb73b476289f82154ff3d1ffc", "scene": "scene-0131"}, {"images": ["samples/CAM_FRONT_LEFT/n015-2018-08-01-16-41-59+0800__CAM_FRONT_LEFT__1533112950904844.jpg", "samples/CAM_FRONT/n015-2018-08-01-16-41-59+0800__CAM_FRONT__1533112950912460.jpg", "samples/CAM_FRONT_RIGHT/n015-2018-08-01-16-41-59+0800__CAM_FRONT_RIGHT__1533112950920339.jpg", "samples/CAM_BACK_LEFT/n015-2018-08-01-16-41-59+0800__CAM_BACK_LEFT__1533112950947423.jpg", "samples/CAM_BACK/n015-2018-08-01-16-41-59+0800__CAM_BACK__1533112950937525.jpg", "samples/CAM_BACK_RIGHT/n015-2018-08-01-16-41-59+0800__CAM_BACK_RIGHT__1533112950927893.jpg"], "intrinsics": [[[1272.5979470598488, 0.0, 826.6154927353808], [0.0, 1272.5979470598488, 479.75165386361925], [0.0, 0.0, 1.0]], [[1266.417203046554, 0.0, 816.2670197447984], [0.0, 1266.417203046554, 491.50706579294757], [0.0, 0.0, 1.0]], [[1260.8474446004698, 0.0, 807.968244525554], [0.0, 1260.8474446004698, 495.3344268742088], [0.0, 0.0, 1.0]], [[1256.7414812095406, 0.0, 792.1125740759628], [0.0, 1256.7414812095406, 492.7757465151356], [0.0, 0.0, 1.0]], [[809.2209905677063, 0.0, 829.2196003259838], [0.0, 809.2209905677063, 481.77842384512485], [0.0, 0.0, 1.0]], [[1259.5137405846733, 0.0, 807.2529053838625], [0.0, 1259.5137405846733, 501.19579884916527], [0.0, 0.0, 1.0]]], "extrinsics": [[[0.8206734657287598, -0.5713975429534912, -2.2467585949925706e-05, -0.94598388671875], [-0.012909263372421265, -0.018501700833439827, -0.9997454881668091, 1.5079383850097656], [0.5712516903877258, 0.8204647898674011, -0.022560177370905876, -1.2664794921875], [0.0, 0.0, 0.0, 1.0]], [[0.005754163023084402, -0.9997308850288391, 0.022471958771348, 0.0048828125], [-0.018201246857643127, -0.0225733183324337, -0.9995795488357544, 1.520181655883789], [0.9998178482055664, 0.005342708434909582, -0.01832623779773712, -1.67333984375], [0.0, 0.0, 0.0, 1.0]], [[-0.8329181671142578, -0.553232729434967, 0.013448516838252544, 1.020263671875], [-0.012572648003697395, -0.005377976689487696, -0.9999064803123474, 1.5034599304199219], [0.5532532930374146, -0.8330093622207642, -0.002476186491549015, -1.2409248352050781], [0.0, 0.0, 0.0, 1.0]], [[0.9476529955863953, 0.31894850730895996, -0.01502650324255228, -1.14306640625], [-0.0038127503357827663, -0.035753797739744186, -0.999353289604187, 1.58856201171875], [-0.3192795515060425, 0.9470973610877991, -0.03266612067818642, -0.1034698486328125], [0.0, 0.0, 0.0, 1.0]], [[0.002168874954804778, 0.9996645450592041, -0.025810828432440758, 0.00286865234375], [-0.029256587848067284, -0.025736408308148384, -0.9992405772209167, 1.5792198181152344], [-0.9995695352554321, 0.0029223079327493906, 0.029190950095653534, -0.0028076171875], [0.0, 0.0, 0.0, 1.0]], [[-0.934890627861023, 0.35487085580825806, -0.006805665325373411, 1.12689208984375], [0.0033330516889691353, -0.010395956225693226, -0.9999403953552246, 1.551482915878296], [-0.3549204170703888, -0.9348575472831726, 0.008536277338862419, -0.06744384765625], [0.0, 0.0, 0.0, 1.0]]], "view": [[0.0, -2.0, 100.0], [-2.0, 0.0, 100.0], [0.0, 0.0, 1.0]], "bev": "bev_ed61589af275494cb62c4dcaeeef28d9.png", "aux": "aux_ed61589af275494cb62c4dcaeeef28d9.npz", "visibility": "visibility_ed61589af275494cb62c4dcaeeef28d9.png", "pose": [[-0.6063741445541382, 0.7951794862747192, 0.0, 130.35043334960938], [-0.7951794862747192, -0.6063741445541382, 0.0, 1057.8067626953125], [0.0, 0.0, 1.0, 0.0], [0.0, 0.0, 0.0, 1.0]], "pose_inverse": [[-0.6063741445541382, -0.7951794862747192, 0.0, 920.1873779296875], [0.7951794862747192, -0.6063741445541382, 0.0, 537.774658203125], [0.0, 0.0, 1.0, 0.0], [0.0, 0.0, 0.0, 1.0]], "cam_ids": [0, 1, 2, 3, 4, 5], "cam_channels": ["CAM_FRONT_LEFT", "CAM_FRONT", "CAM_FRONT_RIGHT", "CAM_BACK_LEFT", "CAM_BACK", "CAM_BACK_RIGHT"], "token": "ed61589af275494cb62c4dcaeeef28d9", "scene": "scene-0131"}, {"images": ["samples/CAM_FRONT_LEFT/n015-2018-08-01-16-41-59+0800__CAM_FRONT_LEFT__1533112951404844.jpg", "samples/CAM_FRONT/n015-2018-08-01-16-41-59+0800__CAM_FRONT__1533112951412460.jpg", "samples/CAM_FRONT_RIGHT/n015-2018-08-01-16-41-59+0800__CAM_FRONT_RIGHT__1533112951420339.jpg", "samples/CAM_BACK_LEFT/n015-2018-08-01-16-41-59+0800__CAM_BACK_LEFT__1533112951447423.jpg", "samples/CAM_BACK/n015-2018-08-01-16-41-59+0800__CAM_BACK__1533112951438052.jpg", "samples/CAM_BACK_RIGHT/n015-2018-08-01-16-41-59+0800__CAM_BACK_RIGHT__1533112951427893.jpg"], "intrinsics": [[[1272.5979470598488, 0.0, 826.6154927353808], [0.0, 1272.5979470598488, 479.75165386361925], [0.0, 0.0, 1.0]], [[1266.417203046554, 0.0, 816.2670197447984], [0.0, 1266.417203046554, 491.50706579294757], [0.0, 0.0, 1.0]], [[1260.8474446004698, 0.0, 807.968244525554], [0.0, 1260.8474446004698, 495.3344268742088], [0.0, 0.0, 1.0]], [[1256.7414812095406, 0.0, 792.1125740759628], [0.0, 1256.7414812095406, 492.7757465151356], [0.0, 0.0, 1.0]], [[809.2209905677063, 0.0, 829.2196003259838], [0.0, 809.2209905677063, 481.77842384512485], [0.0, 0.0, 1.0]], [[1259.5137405846733, 0.0, 807.2529053838625], [0.0, 1259.5137405846733, 501.19579884916527], [0.0, 0.0, 1.0]]], "extrinsics": [[[0.8208444118499756, -0.5711517930030823, -2.8507309252745472e-05, -0.96197509765625], [-0.012587562203407288, -0.018040616065263748, -0.9997580051422119, 1.508199691772461], [0.5710130333900452, 0.8206461668014526, -0.021997949108481407, -1.27801513671875], [0.0, 0.0, 0.0, 1.0]], [[0.005987104494124651, -0.9997402429580688, 0.02198987640440464, 0.0050048828125], [-0.017874712124466896, -0.0220937542617321, -0.999596118927002, 1.5204734802246094], [0.9998222589492798, 0.005591660272330046, -0.01800234615802765, -1.689208984375], [0.0, 0.0, 0.0, 1.0]], [[-0.8328226208686829, -0.5533896088600159, 0.012897832319140434, 1.0303955078125], [-0.012245284393429756, -0.004876424092799425, -0.9999130964279175, 1.5036144256591797], [0.5534044504165649, -0.8329082727432251, -0.0027152146212756634, -1.247344970703125], [0.0, 0.0, 0.0, 1.0]], [[0.9476587176322937, 0.3189498782157898, -0.014622817747294903, -1.14208984375], [-0.0035618331748992205, -0.035235144197940826, -0.999372661113739, 1.588552474975586], [-0.3192649483680725, 0.9471163749694824, -0.03225484862923622, -0.10369873046875], [0.0, 0.0, 0.0, 1.0]], [[0.002120524412021041, 0.9996780157089233, -0.02528621442615986, 0.00286865234375], [-0.028976889327168465, -0.02521422505378723, -0.9992620348930359, 1.5793304443359375], [-0.9995778203010559, 0.0028517425525933504, 0.028914088383316994, 0.00091552734375], [0.0, 0.0, 0.0, 1.0]], [[-0.9349330067634583, 0.3547569811344147, -0.006912201642990112, 1.1346435546875], [0.0036446996964514256, -0.009877942502498627, -0.9999445676803589, 1.5514565706253052], [-0.3548056483268738, -0.9349063634872437, 0.007942229509353638, -0.0643310546875], [0.0, 0.0, 0.0, 1.0]]], "view": [[0.0, -2.0, 100.0], [-2.0, 0.0, 100.0], [0.0, 0.0, 1.0]], "bev": "bev_835d3d419dff4f3fb1a9fe0a4c272570.png", "aux": "aux_835d3d419dff4f3fb1a9fe0a4c272570.npz", "visibility": "visibility_835d3d419dff4f3fb1a9fe0a4c272570.png", "pose": [[-0.6058894395828247, 0.7955488562583923, 0.0, 130.24557495117188], [-0.7955488562583923, -0.6058894395828247, 0.0, 1057.6624755859375], [0.0, 0.0, 1.0, 0.0], [0.0, 0.0, 0.0, 1.0]], "pose_inverse": [[-0.6058894395828247, -0.7955488562583923, 0.0, 920.3366088867188], [0.7955488562583923, -0.6058894395828247, 0.0, 537.2098388671875], [0.0, 0.0, 1.0, 0.0], [0.0, 0.0, 0.0, 1.0]], "cam_ids": [0, 1, 2, 3, 4, 5], "cam_channels": ["CAM_FRONT_LEFT", "CAM_FRONT", "CAM_FRONT_RIGHT", "CAM_BACK_LEFT", "CAM_BACK", "CAM_BACK_RIGHT"], "token": "835d3d419dff4f3fb1a9fe0a4c272570", "scene": "scene-0131"}, {"images": ["samples/CAM_FRONT_LEFT/n015-2018-08-01-16-41-59+0800__CAM_FRONT_LEFT__1533112951904844.jpg", "samples/CAM_FRONT/n015-2018-08-01-16-41-59+0800__CAM_FRONT__1533112951912460.jpg", "samples/CAM_FRONT_RIGHT/n015-2018-08-01-16-41-59+0800__CAM_FRONT_RIGHT__1533112951920339.jpg", "samples/CAM_BACK_LEFT/n015-2018-08-01-16-41-59+0800__CAM_BACK_LEFT__1533112951947423.jpg", "samples/CAM_BACK/n015-2018-08-01-16-41-59+0800__CAM_BACK__1533112951937525.jpg", "samples/CAM_BACK_RIGHT/n015-2018-08-01-16-41-59+0800__CAM_BACK_RIGHT__1533112951927893.jpg"], "intrinsics": [[[1272.5979470598488, 0.0, 826.6154927353808], [0.0, 1272.5979470598488, 479.75165386361925], [0.0, 0.0, 1.0]], [[1266.417203046554, 0.0, 816.2670197447984], [0.0, 1266.417203046554, 491.50706579294757], [0.0, 0.0, 1.0]], [[1260.8474446004698, 0.0, 807.968244525554], [0.0, 1260.8474446004698, 495.3344268742088], [0.0, 0.0, 1.0]], [[1256.7414812095406, 0.0, 792.1125740759628], [0.0, 1256.7414812095406, 492.7757465151356], [0.0, 0.0, 1.0]], [[809.2209905677063, 0.0, 829.2196003259838], [0.0, 809.2209905677063, 481.77842384512485], [0.0, 0.0, 1.0]], [[1259.5137405846733, 0.0, 807.2529053838625], [0.0, 1259.5137405846733, 501.19579884916527], [0.0, 0.0, 1.0]]], "extrinsics": [[[0.8207625150680542, -0.5712681412696838, 0.0012899587163701653, -0.966156005859375], [-0.010996599681675434, -0.018056785687804222, -0.9997764825820923, 1.5082626342773438], [0.5711637735366821, 0.820564866065979, -0.021102339029312134, -1.281005859375], [0.0, 0.0, 0.0, 1.0]], [[0.005835791118443012, -0.9997406005859375, 0.022016428411006927, 0.00506591796875], [-0.016190510243177414, -0.022108381614089012, -0.999624490737915, 1.520547866821289], [0.9998518824577332, 0.005477088503539562, -0.01631532981991768, -1.6934814453125], [0.0, 0.0, 0.0, 1.0]], [[-0.8328907489776611, -0.5533195734024048, 0.01142038218677044, 1.0330810546875], [-0.01046172808855772, -0.004890744108706713, -0.9999333024024963, 1.5036544799804688], [0.5533384680747986, -0.8329547047615051, -0.001715220627374947, -1.2491874694824219], [0.0, 0.0, 0.0, 1.0]], [[0.9476795196533203, 0.3189733028411865, -0.012628820724785328, -1.1422119140625], [-0.0014551827916875482, -0.035244058817625046, -0.9993776679039001, 1.5885562896728516], [-0.3192198872566223, 0.9471081495285034, -0.03293590992689133, -0.103668212890625], [0.0, 0.0, 0.0, 1.0]], [[0.0021832690108567476, 0.9996776580810547, -0.025294864550232887, 0.00286865234375], [-0.026986077427864075, -0.025226812809705734, -0.999317467212677, 1.5793685913085938], [-0.9996333718299866, 0.002864448819309473, 0.026922302320599556, 0.002197265625], [0.0, 0.0, 0.0, 1.0]], [[-0.9348996877670288, 0.3548060357570648, -0.008677445352077484, 1.13690185546875], [0.005525600165128708, -0.009895565919578075, -0.9999358057975769, 1.551445722579956], [-0.35486918687820435, -0.9348876476287842, 0.007290845271199942, -0.06341552734375], [0.0, 0.0, 0.0, 1.0]]], "view": [[0.0, -2.0, 100.0], [-2.0, 0.0, 100.0], [0.0, 0.0, 1.0]], "bev": "bev_b054ceb10c764b4eb1747ecae0e2c434.png", "aux": "aux_b054ceb10c764b4eb1747ecae0e2c434.npz", "visibility": "visibility_b054ceb10c764b4eb1747ecae0e2c434.png", "pose": [[-0.6057991981506348, 0.7956175804138184, 0.0, 130.2339324951172], [-0.7956175804138184, -0.6057991981506348, 0.0, 1057.646484375], [0.0, 0.0, 1.0, 0.0], [0.0, 0.0, 0.0, 1.0]], "pose_inverse": [[-0.6057991981506348, -0.7956175804138184, 0.0, 920.3777465820312], [0.7956175804138184, -0.6057991981506348, 0.0, 537.10498046875], [0.0, 0.0, 1.0, 0.0], [0.0, 0.0, 0.0, 1.0]], "cam_ids": [0, 1, 2, 3, 4, 5], "cam_channels": ["CAM_FRONT_LEFT", "CAM_FRONT", "CAM_FRONT_RIGHT", "CAM_BACK_LEFT", "CAM_BACK", "CAM_BACK_RIGHT"], "token": "b054ceb10c764b4eb1747ecae0e2c434", "scene": "scene-0131"}, {"images": ["samples/CAM_FRONT_LEFT/n015-2018-08-01-16-41-59+0800__CAM_FRONT_LEFT__1533112952504844.jpg", "samples/CAM_FRONT/n015-2018-08-01-16-41-59+0800__CAM_FRONT__1533112952512460.jpg", "samples/CAM_FRONT_RIGHT/n015-2018-08-01-16-41-59+0800__CAM_FRONT_RIGHT__1533112952520339.jpg", "samples/CAM_BACK_LEFT/n015-2018-08-01-16-41-59+0800__CAM_BACK_LEFT__1533112952547423.jpg", "samples/CAM_BACK/n015-2018-08-01-16-41-59+0800__CAM_BACK__1533112952537525.jpg", "samples/CAM_BACK_RIGHT/n015-2018-08-01-16-41-59+0800__CAM_BACK_RIGHT__1533112952527893.jpg"], "intrinsics": [[[1272.5979470598488, 0.0, 826.6154927353808], [0.0, 1272.5979470598488, 479.75165386361925], [0.0, 0.0, 1.0]], [[1266.417203046554, 0.0, 816.2670197447984], [0.0, 1266.417203046554, 491.50706579294757], [0.0, 0.0, 1.0]], [[1260.8474446004698, 0.0, 807.968244525554], [0.0, 1260.8474446004698, 495.3344268742088], [0.0, 0.0, 1.0]], [[1256.7414812095406, 0.0, 792.1125740759628], [0.0, 1256.7414812095406, 492.7757465151356], [0.0, 0.0, 1.0]], [[809.2209905677063, 0.0, 829.2196003259838], [0.0, 809.2209905677063, 481.77842384512485], [0.0, 0.0, 1.0]], [[1259.5137405846733, 0.0, 807.2529053838625], [0.0, 1259.5137405846733, 501.19579884916527], [0.0, 0.0, 1.0]]], "extrinsics": [[[0.8208586573600769, -0.5711239576339722, 0.0029239661525934935, -0.96514892578125], [-0.008878919295966625, -0.017880043014883995, -0.9998007416725159, 1.508249282836914], [0.5710623860359192, 0.8206690549850464, -0.01974795013666153, -1.28021240234375], [0.0, 0.0, 0.0, 1.0]], [[0.005940382834523916, -0.9997437596321106, 0.02184218168258667, 0.00506591796875], [-0.014166711829602718, -0.021924510598182678, -0.9996592998504639, 1.5205345153808594], [0.9998819231987, 0.005628977436572313, -0.014293324202299118, -1.6923828125], [0.0, 0.0, 0.0, 1.0]], [[-0.8328445553779602, -0.5534217953681946, 0.009710281156003475, 1.0325927734375], [-0.008536976762115955, -0.004697763826698065, -0.999952495098114, 1.503645896911621], [0.5534411072731018, -0.8328878283500671, -0.000812042155303061, -1.2487449645996094], [0.0, 0.0, 0.0, 1.0]], [[0.9476924538612366, 0.3189965784549713, -0.010958954691886902, -1.1422119140625], [0.00023609556956216693, -0.03503476828336716, -0.9993860721588135, 1.5885543823242188], [-0.31918469071388245, 0.9471080899238586, -0.03327750414609909, -0.1036834716796875], [0.0, 0.0, 0.