[{"images": ["samples/CAM_FRONT_LEFT/n015-2018-10-02-10-50-40+0800__CAM_FRONT_LEFT__1538448824154844.jpg", "samples/CAM_FRONT/n015-2018-10-02-10-50-40+0800__CAM_FRONT__1538448824162460.jpg", "samples/CAM_FRONT_RIGHT/n015-2018-10-02-10-50-40+0800__CAM_FRONT_RIGHT__1538448824170339.jpg", "samples/CAM_BACK_LEFT/n015-2018-10-02-10-50-40+0800__CAM_BACK_LEFT__1538448824197423.jpg", "samples/CAM_BACK/n015-2018-10-02-10-50-40+0800__CAM_BACK__1538448824187525.jpg", "samples/CAM_BACK_RIGHT/n015-2018-10-02-10-50-40+0800__CAM_BACK_RIGHT__1538448824177893.jpg"], "intrinsics": [[[1272.5979470598488, 0.0, 826.6154927353808], [0.0, 1272.5979470598488, 479.75165386361925], [0.0, 0.0, 1.0]], [[1266.417203046554, 0.0, 816.2670197447984], [0.0, 1266.417203046554, 491.50706579294757], [0.0, 0.0, 1.0]], [[1260.8474446004698, 0.0, 807.968244525554], [0.0, 1260.8474446004698, 495.3344268742088], [0.0, 0.0, 1.0]], [[1256.7414812095406, 0.0, 792.1125740759628], [0.0, 1256.7414812095406, 492.7757465151356], [0.0, 0.0, 1.0]], [[809.2209905677063, 0.0, 829.2196003259838], [0.0, 809.2209905677063, 481.77842384512485], [0.0, 0.0, 1.0]], [[1259.5137405846733, 0.0, 807.2529053838625], [0.0, 1259.5137405846733, 501.19579884916527], [0.0, 0.0, 1.0]]], "extrinsics": [[[0.8211377859115601, -0.570490837097168, 0.016521457582712173, -0.6162109375], [-0.013066674582660198, -0.047732144594192505, -0.9987747073173523, 1.5028839111328125], [0.5705804824829102, 0.8199156522750854, -0.046649083495140076, -1.041748046875], [0.0, 0.0, 0.0, 1.0]], [[0.0063576288521289825, -0.9986528158187866, 0.051498427987098694, 0.01025390625], [-0.018613435328006744, -0.05160873010754585, -0.9984939098358154, 1.5141983032226562], [0.9998065233230591, 0.005389507859945297, -0.01891646906733513, -1.343994140625], [0.0, 0.0, 0.0, 1.0]], [[-0.8326960206031799, -0.5529168248176575, 0.030003467574715614, 0.8072509765625], [-0.01328914426267147, -0.03421387821435928, -0.9993261694908142, 1.5001068115234375], [0.5535708069801331, -0.8325336575508118, 0.02114196866750717, -1.096435546875], [0.0, 0.0, 0.0, 1.0]], [[0.9475986361503601, 0.31843075156211853, -0.025665363296866417, -1.13177490234375], [-0.005568129010498524, -0.06386387348175049, -0.997943103313446, 1.5885162353515625], [-0.3194148540496826, 0.9457923769950867, -0.05874425172805786, -0.107666015625], [0.0, 0.0, 0.0, 1.0]], [[0.0021342269610613585, 0.9985313415527344, -0.05413534492254257, 0.001953125], [-0.030696336179971695, -0.054044537246227264, -0.9980666041374207, 1.5761871337890625], [-0.9995265007019043, 0.003791889175772667, 0.03053591214120388, -0.103271484375], [0.0, 0.0, 0.0, 1.0]], [[-0.9349656105041504, 0.3543781638145447, -0.01598130166530609, 0.9501953125], [0.00229515228420496, -0.03900694474577904, -0.9992362856864929, 1.5519866943359375], [-0.3547309339046478, -0.9342882037162781, 0.035656798630952835, -0.132568359375], [0.0, 0.0, 0.0, 1.0]]], "view": [[0.0, -2.0, 100.0], [-2.0, 0.0, 100.0], [0.0, 0.0, 1.0]], "bev": "bev_2eef1a0ab4484a1faa73e7c2a048149e.png", "aux": "aux_2eef1a0ab4484a1faa73e7c2a048149e.npz", "visibility": "visibility_2eef1a0ab4484a1faa73e7c2a048149e.png", "pose": [[-0.5458114147186279, -0.8379080295562744, 0.0, 1592.4600830078125], [0.8379080295562744, -0.5458114147186279, 0.0, 2851.67919921875], [0.0, 0.0, 1.0, 0.0], [0.0, 0.0, 0.0, 1.0]], "pose_inverse": [[-0.5458114147186279, 0.8379080295562744, 0.0, -1520.2620849609375], [-0.8379080295562744, -0.5458114147186279, 0.0, 2890.814208984375], [0.0, 0.0, 1.0, 0.0], [0.0, 0.0, 0.0, 1.0]], "cam_ids": [0, 1, 2, 3, 4, 5], "cam_channels": ["CAM_FRONT_LEFT", "CAM_FRONT", "CAM_FRONT_RIGHT", "CAM_BACK_LEFT", "CAM_BACK", "CAM_BACK_RIGHT"], "token": "2eef1a0ab4484a1faa73e7c2a048149e", "scene": "scene-0799"}, {"images": ["samples/CAM_FRONT_LEFT/n015-2018-10-02-10-50-40+0800__CAM_FRONT_LEFT__1538448824754844.jpg", "samples/CAM_FRONT/n015-2018-10-02-10-50-40+0800__CAM_FRONT__1538448824762460.jpg", "samples/CAM_FRONT_RIGHT/n015-2018-10-02-10-50-40+0800__CAM_FRONT_RIGHT__1538448824770339.jpg", "samples/CAM_BACK_LEFT/n015-2018-10-02-10-50-40+0800__CAM_BACK_LEFT__1538448824797423.jpg", "samples/CAM_BACK/n015-2018-10-02-10-50-40+0800__CAM_BACK__1538448824787525.jpg", "samples/CAM_BACK_RIGHT/n015-2018-10-02-10-50-40+0800__CAM_BACK_RIGHT__1538448824777893.jpg"], "intrinsics": [[[1272.5979470598488, 0.0, 826.6154927353808], [0.0, 1272.5979470598488, 479.75165386361925], [0.0, 0.0, 1.0]], [[1266.417203046554, 0.0, 816.2670197447984], [0.0, 1266.417203046554, 491.50706579294757], [0.0, 0.0, 1.0]], [[1260.8474446004698, 0.0, 807.968244525554], [0.0, 1260.8474446004698, 495.3344268742088], [0.0, 0.0, 1.0]], [[1256.7414812095406, 0.0, 792.1125740759628], [0.0, 1256.7414812095406, 492.7757465151356], [0.0, 0.0, 1.0]], [[809.2209905677063, 0.0, 829.2196003259838], [0.0, 809.2209905677063, 481.77842384512485], [0.0, 0.0, 1.0]], [[1259.5137405846733, 0.0, 807.2529053838625], [0.0, 1259.5137405846733, 501.19579884916527], [0.0, 0.0, 1.0]]], "extrinsics": [[[0.8205035924911499, -0.5716155171394348, 0.005440432578325272, -0.61767578125], [-0.019213754683732986, -0.03708898648619652, -0.9991272687911987, 1.5002822875976562], [0.5713183879852295, 0.8196828961372375, -0.041414521634578705, -1.04248046875], [0.0, 0.0, 0.0, 1.0]], [[0.0055901166051626205, -0.9991467595100403, 0.04091959819197655, 0.009521484375], [-0.024629361927509308, -0.04104539752006531, -0.9988536834716797, 1.5120849609375], [0.9996809363365173, 0.004575914703309536, -0.02483779564499855, -1.3448486328125], [0.0, 0.0, 0.0, 1.0]], [[-0.8330033421516418, -0.5525045394897461, 0.02905365452170372, 0.806884765625], [-0.019121788442134857, -0.023731285706162453, -0.9995354413986206, 1.4984893798828125], [0.5529373288154602, -0.8331719040870667, 0.009203365072607994, -1.096923828125], [0.0, 0.0, 0.0, 1.0]], [[0.9475785493850708, 0.3183489441871643, -0.027364036068320274, -1.12957763671875], [-0.010804402641952038, -0.05366746336221695, -0.9985003471374512, 1.588409423828125], [-0.3193400502204895, 0.9464532136917114, -0.04741457477211952, -0.107666015625], [0.0, 0.0, 0.0, 1.0]], [[0.0023629688657820225, 0.9990347623825073, -0.04386277124285698, 0.00244140625], [-0.03611511364579201, -0.04374902322888374, -0.9983895421028137, 1.5755233764648438], [-0.9993447661399841, 0.003943357616662979, 0.03597687557339668, -0.10498046875], [0.0, 0.0, 0.0, 1.0]], [[-0.9347814321517944, 0.3551538586616516, -0.007034162990748882, 0.949951171875], [-0.0033518094569444656, -0.028619863092899323, -0.9995847940444946, 1.5508193969726562], [-0.3552076816558838, -0.9343696236610413, 0.027943721041083336, -0.133544921875], [0.0, 0.0, 0.0, 1.0]]], "view": [[0.0, -2.0, 100.0], [-2.0, 0.0, 100.0], [0.0, 0.0, 1.0]], "bev": "bev_5feeb48367d645bb90a6405f12ea6edc.png", "aux": "aux_5feeb48367d645bb90a6405f12ea6edc.npz", "visibility": "visibility_5feeb48367d645bb90a6405f12ea6edc.png", "pose": [[-0.5435621738433838, -0.8393688797950745, 0.0, 1589.3607177734375], [0.8393688797950745, -0.5435621738433838, 0.0, 2856.5302734375], [0.0, 0.0, 1.0, 0.0], [0.0, 0.0, 0.0, 1.0]], "pose_inverse": [[-0.5435621738433838, 0.8393688797950745, 0.0, -1533.7662353515625], [-0.8393688797950745, -0.5435621738433838, 0.0, 2886.76171875], [0.0, 0.0, 1.0, 0.0], [0.0, 0.0, 0.0, 1.0]], "cam_ids": [0, 1, 2, 3, 4, 5], "cam_channels": ["CAM_FRONT_LEFT", "CAM_FRONT", "CAM_FRONT_RIGHT", "CAM_BACK_LEFT", "CAM_BACK", "CAM_BACK_RIGHT"], "token": "5feeb48367d645bb90a6405f12ea6edc", "scene": "scene-0799"}, {"images": ["samples/CAM_FRONT_LEFT/n015-2018-10-02-10-50-40+0800__CAM_FRONT_LEFT__1538448825254844.jpg", "samples/CAM_FRONT/n015-2018-10-02-10-50-40+0800__CAM_FRONT__1538448825262460.jpg", "samples/CAM_FRONT_RIGHT/n015-2018-10-02-10-50-40+0800__CAM_FRONT_RIGHT__1538448825270339.jpg", "samples/CAM_BACK_LEFT/n015-2018-10-02-10-50-40+0800__CAM_BACK_LEFT__1538448825297423.jpg", "samples/CAM_BACK/n015-2018-10-02-10-50-40+0800__CAM_BACK__1538448825287525.jpg", "samples/CAM_BACK_RIGHT/n015-2018-10-02-10-50-40+0800__CAM_BACK_RIGHT__1538448825277893.jpg"], "intrinsics": [[[1272.5979470598488, 0.0, 826.6154927353808], [0.0, 1272.5979470598488, 479.75165386361925], [0.0, 0.0, 1.0]], [[1266.417203046554, 0.0, 816.2670197447984], [0.0, 1266.417203046554, 491.50706579294757], [0.0, 0.0, 1.0]], [[1260.8474446004698, 0.0, 807.968244525554], [0.0, 1260.8474446004698, 495.3344268742088], [0.0, 0.0, 1.0]], [[1256.7414812095406, 0.0, 792.1125740759628], [0.0, 1256.7414812095406, 492.7757465151356], [0.0, 0.0, 1.0]], [[809.2209905677063, 0.0, 829.2196003259838], [0.0, 809.2209905677063, 481.77842384512485], [0.0, 0.0, 1.0]], [[1259.5137405846733, 0.0, 807.2529053838625], [0.0, 1259.5137405846733, 501.19579884916527], [0.0, 0.0, 1.0]]], "extrinsics": [[[0.8208907246589661, -0.5710801482200623, 0.0024458086118102074, -0.607421875], [-0.020320488139986992, -0.03348886966705322, -0.9992324709892273, 1.4996109008789062], [0.5707237124443054, 0.8202109336853027, -0.039095327258110046, -1.0372314453125], [0.0, 0.0, 0.0, 1.0]], [[0.006224885582923889, -0.9992859959602356, 0.03726492449641228, 0.0107421875], [-0.025612186640501022, -0.037412747740745544, -0.9989716410636902, 1.5115203857421875], [0.999652624130249, 0.005264038220047951, -0.025826789438724518, -1.3349609375], [0.0, 0.0, 0.0, 1.0]], [[-0.8326846957206726, -0.5530508160591125, 0.02776801586151123, 0.80120849609375], [-0.019978508353233337, -0.020108560100197792, -0.9995981454849243, 1.4981136322021484], [0.553386926651001, -0.8329048156738281, 0.005694962572306395, -1.091552734375], [0.0, 0.0, 0.0, 1.0]], [[0.94749915599823, 0.31864503026008606, -0.026661815121769905, -1.12799072265625], [-0.011195022612810135, -0.05027274414896965, -0.9986727833747864, 1.5884170532226562], [-0.3195623457431793, 0.9465400576591492, -0.04406614601612091, -0.109130859375], [0.0, 0.0, 0.0, 1.0]], [[0.0019472904969006777, 0.9991821646690369, -0.04038694500923157, 0.002197265625], [-0.03664442151784897, -0.04028859734535217, -0.9985159635543823, 1.5753440856933594], [-0.9993264079093933, 0.0034243413247168064, 0.03653600066900253, -0.1087646484375], [0.0, 0.0, 0.0, 1.0]], [[-0.9349552989006042, 0.35472917556762695, -0.0050867353565990925, 0.943603515625], [-0.0040665557608008385, -0.025053322315216064, -0.999677836894989, 1.5506668090820312], [-0.35474228858947754, -0.9346333742141724, 0.024866262450814247, -0.134521484375], [0.0, 0.0, 0.0, 1.0]]], "view": [[0.0, -2.0, 100.0], [-2.0, 0.0, 100.0], [0.0, 0.0, 1.0]], "bev": "bev_be0a9469f1d846d8ab9b87d49b00a442.png", "aux": "aux_be0a9469f1d846d8ab9b87d49b00a442.npz", "visibility": "visibility_be0a9469f1d846d8ab9b87d49b00a442.png", "pose": [[-0.5444155931472778, -0.8388156294822693, 0.0, 1586.76513671875], [0.8388156294822693, -0.5444155931472778, 0.0, 2860.609619140625], [0.0, 0.0, 1.0, 0.0], [0.0, 0.0, 0.0, 1.0]], "pose_inverse": [[-0.5444155931472778, 0.8388156294822693, 0.0, -1535.6644287109375], [-0.8388156294822693, -0.5444155931472778, 0.0, 2888.36376953125], [0.0, 0.0, 1.0, 0.0], [0.0, 0.0, 0.0, 1.0]], "cam_ids": [0, 1, 2, 3, 4, 5], "cam_channels": ["CAM_FRONT_LEFT", "CAM_FRONT", "CAM_FRONT_RIGHT", "CAM_BACK_LEFT", "CAM_BACK", "CAM_BACK_RIGHT"], "token": "be0a9469f1d846d8ab9b87d49b00a442", "scene": "scene-0799"}, {"images": ["samples/CAM_FRONT_LEFT/n015-2018-10-02-10-50-40+0800__CAM_FRONT_LEFT__1538448825754844.jpg", "samples/CAM_FRONT/n015-2018-10-02-10-50-40+0800__CAM_FRONT__1538448825762460.jpg", "samples/CAM_FRONT_RIGHT/n015-2018-10-02-10-50-40+0800__CAM_FRONT_RIGHT__1538448825770339.jpg", "samples/CAM_BACK_LEFT/n015-2018-10-02-10-50-40+0800__CAM_BACK_LEFT__1538448825797423.jpg", "samples/CAM_BACK/n015-2018-10-02-10-50-40+0800__CAM_BACK__1538448825787525.jpg", "samples/CAM_BACK_RIGHT/n015-2018-10-02-10-50-40+0800__CAM_BACK_RIGHT__1538448825777893.jpg"], "intrinsics": [[[1272.5979470598488, 0.0, 826.6154927353808], [0.0, 1272.5979470598488, 479.75165386361925], [0.0, 0.0, 1.0]], [[1266.417203046554, 0.0, 816.2670197447984], [0.0, 1266.417203046554, 491.50706579294757], [0.0, 0.0, 1.0]], [[1260.8474446004698, 0.0, 807.968244525554], [0.0, 1260.8474446004698, 495.3344268742088], [0.0, 0.0, 1.0]], [[1256.7414812095406, 0.0, 792.1125740759628], [0.0, 1256.7414812095406, 492.7757465151356], [0.0, 0.0, 1.0]], [[809.2209905677063, 0.0, 829.2196003259838], [0.0, 809.2209905677063, 481.77842384512485], [0.0, 0.0, 1.0]], [[1259.5137405846733, 0.0, 807.2529053838625], [0.0, 1259.5137405846733, 501.19579884916527], [0.0, 0.0, 1.0]]], "extrinsics": [[[0.8211332559585571, -0.5707303881645203, 0.002645767293870449, -0.6103515625], [-0.017997097223997116, -0.03052600845694542, -0.9993719458580017, 1.5006828308105469], [0.5704527497291565, 0.8205698728561401, -0.0353374108672142, -1.03955078125], [0.0, 0.0, 0.0, 1.0]], [[0.006499615032225847, -0.9993845224380493, 0.034470830112695694, 0.011474609375], [-0.02329380437731743, -0.03461351990699768, -0.9991292953491211, 1.5124320983886719], [0.9997074007987976, 0.00569096440449357, -0.02350444160401821, -1.33837890625], [0.0, 0.0, 0.0, 1.0]], [[-0.8325900435447693, -0.5533526539802551, 0.024380244314670563, 0.8035888671875], [-0.017692262306809425, -0.017425276339054108, -0.9996916055679321, 1.4988040924072266], [0.5536068081855774, -0.8327646851539612, 0.004718053620308638, -1.09326171875], [0.0, 0.0, 0.0, 1.0]], [[0.9475416541099548, 0.31873267889022827, -0.023965081200003624, -1.13006591796875], [-0.009161648340523243, -0.0478631965816021, -0.9988118410110474, 1.5884323120117188], [-0.3195010721683502, 0.9466354250907898, -0.042432256042957306, -0.10791015625], [0.0, 0.0, 0.0, 1.0]], [[0.0019187311409041286, 0.9992793798446655, -0.03790854290127754, 0.001708984375], [-0.03452315181493759, -0.03781982138752937, -0.9986880421638489, 1.5756492614746094], [-0.9994019865989685, 0.003225010586902499, 0.034425705671310425, -0.10693359375], [0.0, 0.0, 0.0, 1.0]], [[-0.9350159168243408, 0.35455068945884705, -0.006245297845453024, 0.9453125], [-0.0018373377388343215, -0.022455617785453796, -0.9997461438179016, 1.5511322021484375], [-0.3546008765697479, -0.9347671270370483, 0.02164778858423233, -0.13330078125], [0.0, 0.0, 0.0, 1.0]]], "view": [[0.0, -2.0, 100.0], [-2.0, 0.0, 100.0], [0.0, 0.0, 1.0]], "bev": "bev_200be40179824a42bdecbdfe9e77fd88.png", "aux": "aux_200be40179824a42bdecbdfe9e77fd88.npz", "visibility": "visibility_200be40179824a42bdecbdfe9e77fd88.png", "pose": [[-0.545534610748291, -0.8380882740020752, 0.0, 1584.1510009765625], [0.8380882740020752, -0.545534610748291, 0.0, 2864.72509765625], [0.0, 0.0, 1.0, 0.0], [0.0, 0.0, 0.0, 1.0]], "pose_inverse": [[-0.545534610748291, 0.8380882740020752, 0.0, -1536.683349609375], [-0.8380882740020752, -0.545534610748291, 0.0, 2890.465087890625], [0.0, 0.0, 1.0, 0.0], [0.0, 0.0, 0.0, 1.0]], "cam_ids": [0, 1, 2, 3, 4, 5], "cam_channels": ["CAM_FRONT_LEFT", "CAM_FRONT", "CAM_FRONT_RIGHT", "CAM_BACK_LEFT", "CAM_BACK", "CAM_BACK_RIGHT"], "token": "200be40179824a42bdecbdfe9e77fd88", "scene": "scene-0799"}, {"images": ["samples/CAM_FRONT_LEFT/n015-2018-10-02-10-50-40+0800__CAM_FRONT_LEFT__1538448826254844.jpg", "samples/CAM_FRONT/n015-2018-10-02-10-50-40+0800__CAM_FRONT__1538448826262460.jpg", "samples/CAM_FRONT_RIGHT/n015-2018-10-02-10-50-40+0800__CAM_FRONT_RIGHT__1538448826270339.jpg", "samples/CAM_BACK_LEFT/n015-2018-10-02-10-50-40+0800__CAM_BACK_LEFT__1538448826297423.jpg", "samples/CAM_BACK/n015-2018-10-02-10-50-40+0800__CAM_BACK__1538448826287525.jpg", "samples/CAM_BACK_RIGHT/n015-2018-10-02-10-50-40+0800__CAM_BACK_RIGHT__1538448826277893.jpg"], "intrinsics": [[[1272.5979470598488, 0.0, 826.6154927353808], [0.0, 1272.5979470598488, 479.75165386361925], [0.0, 0.0, 1.0]], [[1266.417203046554, 0.0, 816.2670197447984], [0.0, 1266.417203046554, 491.50706579294757], [0.0, 0.0, 1.0]], [[1260.8474446004698, 0.0, 807.968244525554], [0.0, 1260.8474446004698, 495.3344268742088], [0.0, 0.0, 1.0]], [[1256.7414812095406, 0.0, 792.1125740759628], [0.0, 1256.7414812095406, 492.7757465151356], [0.0, 0.0, 1.0]], [[809.2209905677063, 0.0, 829.2196003259838], [0.0, 809.2209905677063, 481.77842384512485], [0.0, 0.0, 1.0]], [[1259.5137405846733, 0.0, 807.2529053838625], [0.0, 1259.5137405846733, 501.19579884916527], [0.0, 0.0, 1.0]]], "extrinsics": [[[0.8202974200248718, -0.5719317197799683, -0.0025060605257749557, -0.621826171875], [-0.020834513008594513, -0.025502685457468033, -0.999457597732544, 1.4996261596679688], [0.5715576410293579, 0.8199046850204468, -0.032835703343153, -1.0438232421875], [0.0, 0.0, 0.0, 1.0]], [[0.005390440113842487, -0.9995598196983337, 0.029173972085118294, 0.009033203125], [-0.02612575702369213, -0.02930521033704281, -0.9992290735244751, 1.511627197265625], [0.9996441006660461, 0.0046239690855145454, -0.026272224262356758, -1.34912109375], [0.0, 0.0, 0.0, 1.0]], [[-0.8330388069152832, -0.5527106523513794, 0.023608626797795296, 0.810943603515625], [-0.020455358549952507, -0.011872248724102974, -0.9997202754020691, 1.4982035160064697], [0.5528362989425659, -0.8332886695861816, -0.0014158498961478472, -1.10009765625], [0.0, 0.0, 0.0, 1.0]], [[0.947575569152832, 0.3186244070529938, -0.02406349964439869, -1.1396484375], [-0.011295202188193798, -0.04186060652136803, -0.9990596175193787, 1.5884933471679688], [-0.31933218240737915, 0.946956217288971, -0.03606715798377991, -0.103515625], [0.0, 0.0, 0.0, 1.0]], [[0.0022259457036852837, 0.9994855523109436, -0.0319962352514267, 0.00244140625], [-0.037014927715063095, -0.03189203515648842, -0.9988057017326355, 1.5756607055664062], [-0.9993122220039368, 0.0034076436422765255, 0.03692489117383957, -0.0982666015625], [0.0, 0.0, 0.0, 1.0]], [[-0.9347854256629944, 0.35520875453948975, -0.0017305896617472172, 0.954833984375], [-0.004503307398408651, -0.016722440719604492, -0.9998500943183899, 1.55059814453125], [-0.3551844656467438, -0.9346374273300171, 0.01723150536417961, -0.131591796875], [0.0, 0.0, 0.0, 1.0]]], "view": [[0.0, -2.0, 100.0], [-2.0, 0.0, 100.0], [0.0, 0.0, 1.0]], "bev": "bev_ff99e96d12fc49a792a5bddd2a4d51ae.png", "aux": "aux_ff99e96d12fc49a792a5bddd2a4d51ae.npz", "visibility": "visibility_ff99e96d12fc49a792a5bddd2a4d51ae.png", "pose": [[-0.5483918190002441, -0.8362215161323547, 0.0, 1581.5548095703125], [0.8362215161323547, -0.5483918190002441, 0.0, 2868.80712890625], [0.0, 0.0, 1.0, 0.0], [0.0, 0.0, 0.0, 1.0]], "pose_inverse": [[-0.5483918190002441, 0.8362215161323547, 0.0, -1531.6466064453125], [-0.8362215161323547, -0.5483918190002441, 0.0, 2895.760498046875], [0.0, 0.0, 1.0, 0.0], [0.0, 0.0, 0.0, 1.0]], "cam_ids": [0, 1, 2, 3, 4, 5], "cam_channels": ["CAM_FRONT_LEFT", "CAM_FRONT", "CAM_FRONT_RIGHT", "CAM_BACK_LEFT", "CAM_BACK", "CAM_BACK_RIGHT"], "token": "ff99e96d12fc49a792a5bddd2a4d51ae", "scene": "scene-0799"}, {"images": ["samples/CAM_FRONT_LEFT/n015-2018-10-02-10-50-40+0800__CAM_FRONT_LEFT__1538448826754844.jpg", "samples/CAM_FRONT/n015-2018-10-02-10-50-40+0800__CAM_FRONT__1538448826762460.jpg", "samples/CAM_FRONT_RIGHT/n015-2018-10-02-10-50-40+0800__CAM_FRONT_RIGHT__1538448826770339.jpg", "samples/CAM_BACK_LEFT/n015-2018-10-02-10-50-40+0800__CAM_BACK_LEFT__1538448826797423.jpg", "samples/CAM_BACK/n015-2018-10-02-10-50-40+0800__CAM_BACK__1538448826787525.jpg", "samples/CAM_BACK_RIGHT/n015-2018-10-02-10-50-40+0800__CAM_BACK_RIGHT__1538448826777893.jpg"], "intrinsics": [[[1272.5979470598488, 0.0, 826.6154927353808], [0.0, 1272.5979470598488, 479.75165386361925], [0.0, 0.0, 1.0]], [[1266.417203046554, 0.0, 816.2670197447984], [0.0, 1266.417203046554, 491.50706579294757], [0.0, 0.0, 1.0]], [[1260.8474446004698, 0.0, 807.968244525554], [0.0, 1260.8474446004698, 495.3344268742088], [0.0, 0.0, 1.0]], [[1256.7414812095406, 0.0, 792.1125740759628], [0.0, 1256.7414812095406, 492.7757465151356], [0.0, 0.0, 1.0]], [[809.2209905677063, 0.0, 829.2196003259838], [0.0, 809.2209905677063, 481.77842384512485], [0.0, 0.0, 1.0]], [[1259.5137405846733, 0.0, 807.2529053838625], [0.0, 1259.5137405846733, 501.19579884916527], [0.0, 0.0, 1.0]]], "extrinsics": [[[0.8208299875259399, -0.5710994005203247, 0.009138963185250759, -0.60498046875], [-0.010917728766798973, -0.031685248017311096, -0.9994382858276367, 1.5037002563476562], [0.5710681676864624, 0.8202691078186035, -0.032243307679891586, -1.0372314453125], [0.0, 0.0, 0.0, 1.0]], [[0.005872835870832205, -0.9993287324905396, 0.036160457879304886, 0.012451171875], [-0.016571886837482452, -0.03625337779521942, -0.9992052912712097, 1.5147857666015625], [0.9998453855514526, 0.00526890205219388, -0.01677366904914379, -1.333984375], [0.0, 0.0, 0.0, 1.0]], [[-0.8329020142555237, -0.5530499815940857, 0.02024642378091812, 0.801513671875], [-0.011325943283736706, -0.019542282447218895, -0.9997448325157166, 1.5005569458007812], [0.5533045530319214, -0.8329188227653503, 0.010012994520366192, -1.090576171875], [0.0, 0.0, 0.0, 1.0]], [[0.9475610852241516, 0.31894272565841675, -0.020087722688913345, -1.13458251953125], [-0.003925478085875511, -0.05123664438724518, -0.9986788034439087, 1.5885772705078125], [-0.3195505142211914, 0.9463880658149719, -0.047297846525907516, -0.107177734375], [0.0, 0.0, 0.0, 1.0]], [[0.002207766519859433, 0.9991629123687744, -0.04084932059049606, 0.001220703125], [-0.028916047886013985, -0.040768545120954514, -0.9987501502037048, 1.5763015747070312], [-0.9995794296264648, 0.0033862164709717035, 0.02880183234810829, -0.10595703125], [0.0, 0.0, 0.0, 1.0]], [[-0.9348785877227783, 0.35473746061325073, -0.012780635617673397, 0.9443359375], [0.004189840517938137, -0.024974940344691277, -0.9996793270111084, 1.5523834228515625], [-0.3549428880214691, -0.934632420539856, 0.021862242370843887, -0.13330078125], [0.0, 0.0, 0.0, 1.0]]], "view": [[0.0, -2.0, 100.0], [-2.0, 0.0, 100.0], [0.0, 0.0, 1.0]], "bev": "bev_10cca1fc228944c1b2d37a5b7f49e150.png", "aux": "aux_10cca1fc228944c1b2d37a5b7f49e150.npz", "visibility": "visibility_10cca1fc228944c1b2d37a5b7f49e150.png", "pose": [[-0.5489734411239624, -0.8358398079872131, 0.0, 1578.8328857421875], [0.8358398079872131, -0.5489734411239624, 0.0, 2873.042236328125], [0.0, 0.0, 1.0, 0.0], [0.0, 0.0, 0.0, 1.0]], "pose_inverse": [[-0.5489734411239624, 0.8358398079872131, 0.0, -1534.6656494140625], [-0.8358398079872131, -0.5489734411239624, 0.0, 2896.875244140625], [0.0, 0.0, 1.0, 0.0], [0.0, 0.0, 0.0, 1.0]], "cam_ids": [0, 1, 2, 3, 4, 5], "cam_channels": ["CAM_FRONT_LEFT", "CAM_FRONT", "CAM_FRONT_RIGHT", "CAM_BACK_LEFT", "CAM_BACK", "CAM_BACK_RIGHT"], "token": "10cca1fc228944c1b2d37a5b7f49e150", "scene": "scene-0799"}, {"images": ["samples/CAM_FRONT_LEFT/n015-2018-10-02-10-50-40+0800__CAM_FRONT_LEFT__1538448827254844.jpg", "samples/CAM_FRONT/n015-2018-10-02-10-50-40+0800__CAM_FRONT__1538448827262460.jpg", "samples/CAM_FRONT_RIGHT/n015-2018-10-02-10-50-40+0800__CAM_FRONT_RIGHT__1538448827270339.jpg", "samples/CAM_BACK_LEFT/n015-2018-10-02-10-50-40+0800__CAM_BACK_LEFT__1538448827297423.jpg", "samples/CAM_BACK/n015-2018-10-02-10-50-40+0800__CAM_BACK__1538448827287525.jpg", "samples/CAM_BACK_RIGHT/n015-2018-10-02-10-50-40+0800__CAM_BACK_RIGHT__1538448827277893.jpg"], "intrinsics": [[[1272.5979470598488, 0.0, 826.6154927353808], [0.0, 1272.5979470598488, 479.75165386361925], [0.0, 0.0, 1.0]], [[1266.417203046554, 0.0, 816.2670197447984], [0.0, 1266.417203046554, 491.50706579294757], [0.0, 0.0, 1.0]], [[1260.8474446004698, 0.0, 807.968244525554], [0.0, 1260.8474446004698, 495.3344268742088], [0.0, 0.0, 1.0]], [[1256.7414812095406, 0.0, 792.1125740759628], [0.0, 1256.7414812095406, 492.7757465151356], [0.0, 0.0, 1.0]], [[809.2209905677063, 0.0, 829.2196003259838], [0.0, 809.2209905677063, 481.77842384512485], [0.0, 0.0, 1.0]], [[1259.5137405846733, 0.0, 807.2529053838625], [0.0, 1259.5137405846733, 501.19579884916527], [0.0, 0.0, 1.0]]], "extrinsics": [[[0.8204834461212158, -0.5716609358787537, 0.0032449772115796804, -0.603271484375], [-0.017622139304876328, -0.03096519224345684, -0.9993650913238525, 1.5006370544433594], [0.5713984966278076, 0.8199055194854736, -0.0354803204536438, -1.0328369140625], [0.0, 0.0, 0.0, 1.0]], [[0.00532056437805295, -0.9993798136711121, 0.034810662269592285, 0.009765625], [-0.02305966056883335, -0.034924522042274475, -0.9991239309310913, 1.5123062133789062], [0.9997199177742004, 0.004513264633715153, -0.023231172934174538, -1.3314208984375], [0.0, 0.0, 0.0, 1.0]], [[-0.8331583738327026, -0.5524990558624268, 0.024327479302883148, 0.79937744140625], [-0.017537076026201248, -0.0175725556910038, -0.9996917247772217, 1.4987545013427734], [0.5527562499046326, -0.8333282470703125, 0.004951505921781063, -1.091552734375], [0.0, 0.0, 0.0, 1.0]], [[0.9476077556610107, 0.31855508685112, -0.023709500208497047, -1.134765625], [-0.009146242402493954, -0.04713502898812294, -0.9988466501235962, 1.5884857177734375], [-0.31930527091026306, 0.946731686592102, -0.041751936078071594, -0.106201171875], [0.0, 0.0, 0.0, 1.0]], [[0.002343430882319808, 0.999292254447937, -0.037542879581451416, 0.002197265625], [-0.034452538937330246, -0.03744001314043999, -0.9987047910690308, 1.5756759643554688], [-0.9994035959243774, 0.003633847227320075, 0.03434041514992714, -0.1055908203125], [0.0, 0.0, 0.0, 1.0]], [[-0.9347507357597351, 0.3552476763725281, -0.006338267121464014, 0.944091796875], [-0.0017323651118203998, -0.02239563688635826, -0.9997476935386658, 1.5511283874511719], [-0.35530000925064087, -0.9345039129257202, 0.021549757570028305, -0.13525390625], [0.0, 0.0, 0.0, 1.0]]], "view": [[0.0, -2.0, 100.0], [-2.0, 0.0, 100.0], [0.0, 0.0, 1.0]], "bev": "bev_c44eabf865564c9e834f0318b9b223b7.png", "aux": "aux_c44eabf865564c9e834f0318b9b223b7.npz", "visibility": "visibility_c44eabf865564c9e834f0318b9b223b7.png", "pose": [[-0.5494672656059265, -0.8355152606964111, 0.0, 1576.1097412109375], [0.8355152606964111, -0.5494672656059265, 0.0, 2877.2734375], [0.0, 0.0, 1.0, 0.0], [0.0, 0.0, 0.0, 1.0]], "pose_inverse": [[-0.5494672656059265, 0.8355152606964111, 0.0, -1537.9852294921875], [-0.8355152606964111, -0.5494672656059265, 0.0, 2897.831298828125], [0.0, 0.0, 1.0, 0.0], [0.0, 0.0, 0.0, 1.0]], "cam_ids": [0, 1, 2, 3, 4, 5], "cam_channels": ["CAM_FRONT_LEFT", "CAM_FRONT", "CAM_FRONT_RIGHT", "CAM_BACK_LEFT", "CAM_BACK", "CAM_BACK_RIGHT"], "token": "c44eabf865564c9e834f0318b9b223b7", "scene": "scene-0799"}, {"images": ["samples/CAM_FRONT_LEFT/n015-2018-10-02-10-50-40+0800__CAM_FRONT_LEFT__1538448827654844.jpg", "samples/CAM_FRONT/n015-2018-10-02-10-50-40+0800__CAM_FRONT__1538448827662460.jpg", "samples/CAM_FRONT_RIGHT/n015-2018-10-02-10-50-40+0800__CAM_FRONT_RIGHT__1538448827670339.jpg", "samples/CAM_BACK_LEFT/n015-2018-10-02-10-50-40+0800__CAM_BACK_LEFT__1538448827697423.jpg", "samples/CAM_BACK/n015-2018-10-02-10-50-40+0800__CAM_BACK__1538448827687525.jpg", "samples/CAM_BACK_RIGHT/n015-2018-10-02-10-50-40+0800__CAM_BACK_RIGHT__1538448827677893.jpg"], "intrinsics": [[[1272.5979470598488, 0.0, 826.6154927353808], [0.0, 1272.5979470598488, 479.75165386361925], [0.0, 0.0, 1.0]], [[1266.417203046554, 0.0, 816.2670197447984], [0.0, 1266.417203046554, 491.50706579294757], [0.0, 0.0, 1.0]], [[1260.8474446004698, 0.0, 807.968244525554], [0.0, 1260.8474446004698, 495.3344268742088], [0.0, 0.0, 1.0]], [[1256.7414812095406, 0.0, 792.1125740759628], [0.0, 1256.7414812095406, 492.7757465151356], [0.0, 0.0, 1.0]], [[809.2209905677063, 0.0, 829.2196003259838], [0.0, 809.2209905677063, 481.77842384512485], [0.0, 0.0, 1.0]], [[1259.5137405846733, 0.0, 807.2529053838625], [0.0, 1259.5137405846733, 501.19579884916527], [0.0, 0.0, 1.0]]], "extrinsics": [[[0.8201765418052673, -0.5721073746681213, 0.0018961636815220118, -0.583984375], [-0.014650723896920681, -0.024316376075148582, -0.9995969533920288, 1.5014915466308594], [0.5719228982925415, 0.8198181390762329, -0.028325507417321205, -1.01611328125], [0.0, 0.0, 0.0, 1.0]], [[0.0050712027586996555, -0.9995876550674438, 0.028263064101338387, 0.00830078125], [-0.020027881488204002, -0.02835928648710251, -0.9993972182273865, 1.5129241943359375], [0.9997865557670593, 0.004502089228481054, -0.020163437351584435, -1.310546875], [0.0, 0.0, 0.0, 1.0]], [[-0.8332176804542542, -0.5526437163352966, 0.018254354596138, 0.7852783203125], [-0.014496379531919956, -0.011169325560331345, -0.9998325109481812, 1.4993476867675781], [0.5527549982070923, -0.8333427309989929, 0.0012951495591551065, -1.083984375], [0.0, 0.0, 0.0, 1.0]], [[0.9477121233940125, 0.31855568289756775, -0.019079089164733887, -1.13507080078125], [-0.006161519791930914, -0.04150902107357979, -0.9991191029548645, 1.5885009765625], [-0.3190670311450958, 0.9469949007034302, -0.03737581521272659, -0.10595703125], [0.0, 0.0, 0.0, 1.0]], [[0.0024513171520084143, 0.9994966983795166, -0.0316278375685215, 0.0029296875], [-0.0314725860953331, -0.03153515234589577, -0.999006986618042, 1.5758171081542969], [-0.9995015859603882, 0.0034442893229424953, 0.031379442662000656, -0.11083984375], [0.0, 0.0, 0.0, 1.0]], [[-0.9347354769706726, 0.35527631640434265, -0.006951998453587294, 0.93408203125], [0.0012736801290884614, -0.016214212402701378, -0.9998677372932434, 1.5517349243164062], [-0.3553420603275299, -0.93462073802948, 0.014703490771353245, -0.139892578125], [0.0, 0.0, 0.0, 1.0]]], "view": [[0.0, -2.0, 100.0], [-2.0, 0.0, 100.0], [0.0, 0.0, 1.0]], "bev": "bev_f96154d951134ba7bbd49d3ea5457d79.png", "aux": "aux_f96154d951134ba7bbd49d3ea5457d79.npz", "visibility": "visibility_f96154d951134ba7bbd49d3ea5457d79.png", "pose": [[-0.5510423183441162, -0.8344773054122925, 0.0, 1573.8519287109375], [0.8344773054122925, -0.5510423183441162, 0.0, 2880.768310546875], [0.0, 0.0, 1.0, 0.0], [0.0, 0.0, 0.0, 1.0]], "pose_inverse": [[-0.5510423183441162, 0.8344773054122925, 0.0, -1536.6766357421875], [-0.8344773054122925, -0.5510423183441162, 0.0, 2900.76904296875], [0.0, 0.0, 1.0, 0.0], [0.0, 0.0, 0.0, 1.0]], "cam_ids": [0, 1, 2, 3, 4, 5], "cam_channels": ["CAM_FRONT_LEFT", "CAM_FRONT", "CAM_FRONT_RIGHT", "CAM_BACK_LEFT", "CAM_BACK", "CAM_BACK_RIGHT"], "token": "f96154d951134ba7bbd49d3ea5457d79", "scene": "scene-0799"}, {"images": ["samples/CAM_FRONT_LEFT/n015-2018-10-02-10-50-40+0800__CAM_FRONT_LEFT__1538448828154844.jpg", "samples/CAM_FRONT/n015-2018-10-02-10-50-40+0800__CAM_FRONT__1538448828162460.jpg", "samples/CAM_FRONT_RIGHT/n015-2018-10-02-10-50-40+0800__CAM_FRONT_RIGHT__1538448828170339.jpg", "samples/CAM_BACK_LEFT/n015-2018-10-02-10-50-40+0800__CAM_BACK_LEFT__1538448828197423.jpg", "samples/CAM_BACK/n015-2018-10-02-10-50-40+0800__CAM_BACK__1538448828187525.jpg", "samples/CAM_BACK_RIGHT/n015-2018-10-02-10-50-40+0800__CAM_BACK_RIGHT__1538448828177893.jpg"], "intrinsics": [[[1272.5979470598488, 0.0, 826.6154927353808], [0.0, 1272.5979470598488, 479.75165386361925], [0.0, 0.0, 1.0]], [[1266.417203046554, 0.0, 816.2670197447984], [0.0, 1266.417203046554, 491.50706579294757], [0.0, 0.0, 1.0]], [[1260.8474446004698, 0.0, 807.968244525554], [0.0, 1260.8474446004698, 495.3344268742088], [0.0, 0.0, 1.0]], [[1256.7414812095406, 0.0, 792.1125740759628], [0.0, 1256.7414812095406, 492.7757465151356], [0.0, 0.0, 1.0]], [[809.2209905677063, 0.0, 829.2196003259838], [0.0, 809.2209905677063, 481.77842384512485], [0.0, 0.0, 1.0]], [[1259.5137405846733, 0.0, 807.2529053838625], [0.0, 1259.5137405846733, 501.19579884916527], [0.0, 0.0, 1.0]]], "extrinsics": [[[0.821147084236145, -0.5706982016563416, 0.0045890649780631065, -0.579833984375], [-0.01493960339576006, -0.029532533138990402, -0.9994521737098694, 1.5015296936035156], [0.5705210566520691, 0.8206286430358887, -0.03277655690908432, -1.021728515625], [0.0, 0.0, 0.0, 1.0]], [[0.00652127293869853, -0.9994147419929504, 0.03358105942606926, 0.013916015625], [-0.02025899663567543, -0.033706922084093094, -0.999226450920105, 1.5130081176757812], [0.9997734427452087, 0.005835860036313534, -0.02046695165336132, -1.3104248046875], [0.0, 0.0, 0.0, 1.0]], [[-0.8325819969177246, -0.5534869432449341, 0.02143280580639839, 0.78778076171875], [-0.014674808830022812, -0.016639145091176033, -0.9997538328170776, 1.4993705749511719], [0.5537073612213135, -0.8326916098594666, 0.005731139797717333, -1.080322265625], [0.0, 0.0, 0.0, 1.0]], [[0.947664201259613, 0.3185840845108032, -0.02089882642030716, -1.137939453125], [-0.006046145688742399, -0.047538790851831436, -0.9988510608673096, 1.5885391235351562], [-0.3192113935947418, 0.9467018246650696, -0.04312460497021675, -0.10546875], [0.0, 0.0, 0.0, 1.0]], [[0.0020116011146456003, 0.9992998242378235, -0.03736168518662453, 0.001220703125], [-0.03146342188119888, -0.03728001192212105, -0.9988094568252563, 1.5759201049804688], [-0.999502956867218, 0.003184758359566331, 0.03136639669537544, -0.1097412109375], [0.0, 0.0, 0.0, 1.0]], [[-0.9350283145904541, 0.35446301102638245, -0.00883462093770504, 0.933349609375], [0.0011900629615411162, -0.02177879773080349, -0.9997621178627014, 1.5517845153808594], [-0.35457101464271545, -0.9348164200782776, 0.019941959530115128, -0.13671875], [0.0, 0.0, 0.0, 1.0]]], "view": [[0.0, -2.0, 100.0], [-2.0, 0.0, 100.0], [0.0, 0.0, 1.0]], "bev": "bev_888402b3595e425fa2398eb3b650f010.png", "aux": "aux_888402b3595e425fa2398eb3b650f010.npz", "visibility": "visibility_888402b3595e425fa2398eb3b650f010.png", "pose": [[-0.5509336590766907, -0.834549069404602, 0.0, 1570.971923828125], [0.834549069404602, -0.5509336590766907, 0.0, 2885.226318359375], [0.0, 0.0, 1.0, 0.0], [0.0, 0.0, 0.0, 1.0]], "pose_inverse": [[-0.5509336590766907, 0.834549069404602, 0.0, -1542.361572265625], [-0.834549069404602, -0.5509336590766907, 0.0, 2900.621337890625], [0.0, 0.0, 1.0, 0.0], [0.0, 0.0, 0.0, 1.0]], "cam_ids": [0, 1, 2, 3, 4, 5], "cam_channels": ["CAM_FRONT_LEFT", "CAM_FRONT", "CAM_FRONT_RIGHT", "CAM_BACK_LEFT", "CAM_BACK", "CAM_BACK_RIGHT"], "token": "888402b3595e425fa2398eb3b650f010", "scene": "scene-0799"}, {"images": ["samples/CAM_FRONT_LEFT/n015-2018-10-02-10-50-40+0800__CAM_FRONT_LEFT__1538448828654844.jpg", "samples/CAM_FRONT/n015-2018-10-02-10-50-40+0800__CAM_FRONT__1538448828662460.jpg", "samples/CAM_FRONT_RIGHT/n015-2018-10-02-10-50-40+0800__CAM_FRONT_RIGHT__1538448828670339.jpg", "samples/CAM_BACK_LEFT/n015-2018-10-02-10-50-40+0800__CAM_BACK_LEFT__1538448828697423.jpg", "samples/CAM_BACK/n015-2018-10-02-10-50-40+0800__CAM_BACK__1538448828687525.jpg", "samples/CAM_BACK_RIGHT/n015-2018-10-02-10-50-40+0800__CAM_BACK_RIGHT__1538448828677893.jpg"], "intrinsics": [[[1272.5979470598488, 0.0, 826.6154927353808], [0.0, 1272.5979470598488, 479.75165386361925], [0.0, 0.0, 1.0]], [[1266.417203046554, 0.0, 816.2670197447984], [0.0, 1266.417203046554, 491.50706579294757], [0.0, 0.0, 1.0]], [[1260.8474446004698, 0.0, 807.968244525554], [0.0, 1260.8474446004698, 495.3344268742088], [0.0, 0.0, 1.0]], [[1256.7414812095406, 0.0, 792.1125740759628], [0.0, 1256.7414812095406, 492.7757465151356], [0.0, 0.0, 1.0]], [[809.2209905677063, 0.0, 829.2196003259838], [0.0, 809.2209905677063, 481.77842384512485], [0.0, 0.0, 1.0]], [[1259.5137405846733, 0.0, 807.2529053838625], [0.0, 1259.5137405846733, 501.19579884916527], [0.0, 0.0, 1.0]]], "extrinsics": [[[0.820609450340271, -0.5714555978775024, 0.006220576819032431, -0.58154296875], [-0.016250377520918846, -0.03421320021152496, -0.9992824196815491, 1.5008773803710938], [0.5712583065032959, 0.8199194669723511, -0.03736204281449318, -1.01953125], [0.0, 0.0, 0.0, 1.0]], [[0.005613519810140133, -0.9992524981498718, 0.038248445838689804, 0.011474609375], [-0.02158835530281067, -0.038361236453056335, -0.9990307688713074, 1.5124588012695312], [0.999751091003418, 0.0047823884524405, -0.021787559613585472, -1.3114013671875], [0.0, 0.0, 0.0, 1.0]], [[-0.833006739616394, -0.5526936054229736, 0.025092262774705887, 0.78759765625], [-0.015999944880604744, -0.02126913145184517, -0.9996457099914551, 1.4989738464355469], [0.5530314445495605, -0.8331130743026733, 0.008874264545738697, -1.082275390625], [0.0, 0.0, 0.0, 1.0]], [[0.9476443529129028, 0.31844788789749146, -0.023687783628702164, -1.138427734375], [-0.007510250899940729, -0.051933448761701584, -0.9986222982406616, 1.588531494140625], [-0.31923946738243103, 0.9465166926383972, -0.04682281240820885, -0.105224609375], [0.0, 0.0, 0.0, 1.0]], [[0.002284598769620061, 0.9991173148155212, -0.04194582626223564, 0.001708984375], [-0.03284047916531563, -0.04184835031628609, -0.9985840916633606, 1.575775146484375], [-0.9994579553604126, 0.003658910980448127, 0.03271588310599327, -0.108642578125], [0.0, 0.0, 0.0, 1.0]], [[-0.9348255395889282, 0.3549872934818268, -0.00922969076782465, 0.93505859375], [-0.00015672444715164602, -0.02640371210873127, -0.9996513724327087, 1.5514907836914062], [-0.35510727763175964, -0.9344981908798218, 0.024738499894738197, -0.137939453125], [0.0, 0.0, 0.0, 1.0]]], "view": [[0.0, -2.0, 100.0], [-2.0, 0.0, 100.0], [0.0, 0.0, 1.0]], "bev": "bev_b4d61616cbb646b5a5f6a83a87b04866.png", "aux": "aux_b4d61616cbb646b5a5f6a83a87b04866.npz", "visibility": "visibility_b4d61616cbb646b5a5f6a83a87b04866.png", "pose": [[-0.5545451045036316, -0.8321536779403687, 0.0, 1568.0120849609375], [0.8321536779403687, -0.5545451045036316, 0.0, 2889.752197265625], [0.0, 0.0, 1.0, 0.0], [0.0, 0.0, 0.0, 1.0]], "pose_inverse": [[-0.5545451045036316, 0.8321536779403687, 0.0, -1535.1844482421875], [-0.8321536779403687, -0.5545451045036316, 0.0, 2907.324951171875], [0.0, 0.0, 1.0, 0.0], [0.0, 0.0, 0.0, 1.0]], "cam_ids": [0, 1, 2, 3, 4, 5], "cam_channels": ["CAM_FRONT_LEFT", "CAM_FRONT", "CAM_FRONT_RIGHT", "CAM_BACK_LEFT", "CAM_BACK", "CAM_BACK_RIGHT"], "token": "b4d61616cbb646b5a5f6a83a87b04866", "scene": "scene-0799"}, {"images": ["samples/CAM_FRONT_LEFT/n015-2018-10-02-10-50-40+0800__CAM_FRONT_LEFT__1538448829154844.jpg", "samples/CAM_FRONT/n015-2018-10-02-10-50-40+0800__CAM_FRONT__1538448829162460.jpg", "samples/CAM_FRONT_RIGHT/n015-2018-10-02-10-50-40+0800__CAM_FRONT_RIGHT__1538448829170339.jpg", "samples/CAM_BACK_LEFT/n015-2018-10-02-10-50-40+0800__CAM_BACK_LEFT__1538448829198066.jpg", "samples/CAM_BACK/n015-2018-10-02-10-50-40+0800__CAM_BACK__1538448829187525.jpg", "samples/CAM_BACK_RIGHT/n015-2018-10-02-10-50-40+0800__CAM_BACK_RIGHT__1538448829177893.jpg"], "intrinsics": [[[1272.5979470598488, 0.0, 826.6154927353808], [0.0, 1272.5979470598488, 479.75165386361925], [0.0, 0.0, 1.0]], [[1266.417203046554, 0.0, 816.2670197447984], [0.0, 1266.417203046554, 491.50706579294757], [0.0, 0.0, 1.0]], [[1260.8474446004698, 0.0, 807.968244525554], [0.0, 1260.8474446004698, 495.3344268742088], [0.0, 0.0, 1.0]], [[1256.7414812095406, 0.0, 792.1125740759628], [0.0, 1256.7414812095406, 492.7757465151356], [0.0, 0.0, 1.0]], [[809.2209905677063, 0.0, 829.2196003259838], [0.0, 809.2209905677063, 481.77842384512485], [0.0, 0.0, 1.0]], [[1259.5137405846733, 0.0, 807.2529053838625], [0.0, 1259.5137405846733, 501.19579884916527], [0.0, 0.0, 1.0]]], "extrinsics": [[[0.8208304643630981, -0.5710548162460327, 0.011563636362552643, -0.5791015625], [-0.012502696365118027, -0.03820453956723213, -0.9991917610168457, 1.5026702880859375], [0.5710350275039673, 0.820022463798523, -0.038499172776937485, -1.01953125], [0.0, 0.0, 0.0, 1.0]], [[0.005893923342227936, -0.9990895986557007, 0.042252592742443085, 0.012451171875], [-0.01781127229332924, -0.042351510375738144, -0.9989440441131592, 1.5139389038085938], [0.9998239874839783, 0.0051351506263017654, -0.018044674769043922, -1.3095703125], [0.0, 0.0, 0.0, 1.0]], [[-0.832899808883667, -0.5528979301452637, 0.02411973848938942, 0.78729248046875], [-0.012180760502815247, -0.025257643312215805, -0.999606728553772, 1.5001220703125], [0.5532897114753723, -0.8328661322593689, 0.014302370138466358, -1.0810546875], [0.0, 0.0, 0.0, 1.0]], [[0.9477493166923523, 0.3183111548423767, -0.021196894347667694, -1.14483642578125], [-0.003518231213092804, -0.056011494249105453, -0.9984238743782043, 1.588623046875], [-0.31899675726890564, 0.9463300704956055, -0.051964957267045975, -0.103271484375], [0.0, 0.0, 0.0, 1.0]], [[0.002337491838261485, 0.9989429116249084, -0.04590805992484093, 0.00146484375], [-0.028919419273734093, -0.045821454375982285, -0.9985309839248657, 1.5762481689453125], [-0.9995790123939514, 0.0036616662982851267, 0.02878173999488353