[{"images": ["samples/CAM_FRONT_LEFT/n015-2018-07-27-11-36-48+0800__CAM_FRONT_LEFT__1532662844004844.jpg", "samples/CAM_FRONT/n015-2018-07-27-11-36-48+0800__CAM_FRONT__1532662844012460.jpg", "samples/CAM_FRONT_RIGHT/n015-2018-07-27-11-36-48+0800__CAM_FRONT_RIGHT__1532662844020339.jpg", "samples/CAM_BACK_LEFT/n015-2018-07-27-11-36-48+0800__CAM_BACK_LEFT__1532662844047423.jpg", "samples/CAM_BACK/n015-2018-07-27-11-36-48+0800__CAM_BACK__1532662844037525.jpg", "samples/CAM_BACK_RIGHT/n015-2018-07-27-11-36-48+0800__CAM_BACK_RIGHT__1532662844027893.jpg"], "intrinsics": [[[1272.5979470598488, 0.0, 826.6154927353808], [0.0, 1272.5979470598488, 479.75165386361925], [0.0, 0.0, 1.0]], [[1266.417203046554, 0.0, 816.2670197447984], [0.0, 1266.417203046554, 491.50706579294757], [0.0, 0.0, 1.0]], [[1260.8474446004698, 0.0, 807.968244525554], [0.0, 1260.8474446004698, 495.3344268742088], [0.0, 0.0, 1.0]], [[1256.7414812095406, 0.0, 792.1125740759628], [0.0, 1256.7414812095406, 492.7757465151356], [0.0, 0.0, 1.0]], [[809.2209905677063, 0.0, 829.2196003259838], [0.0, 809.2209905677063, 481.77842384512485], [0.0, 0.0, 1.0]], [[1259.5137405846733, 0.0, 807.2529053838625], [0.0, 1259.5137405846733, 501.19579884916527], [0.0, 0.0, 1.0]]], "extrinsics": [[[0.8208637833595276, -0.5702881813049316, -0.03088913857936859, -0.69281005859375], [-0.029402682557702065, 0.011815130710601807, -0.9994978308677673, 1.4985084533691406], [0.5703667402267456, 0.8213596940040588, -0.007069388870149851, -1.0927734375], [0.0, 0.0, 0.0, 1.0]], [[0.006450391840189695, -0.9999484419822693, -0.00783467572182417, 0.0076904296875], [-0.0346439965069294, 0.007606672588735819, -0.9993707537651062, 1.5110607147216797], [0.9993789196014404, 0.006717772223055363, -0.03459314629435539, -1.4191513061523438], [0.0, 0.0, 0.0, 1.0]], [[-0.8325091004371643, -0.5539124011993408, 0.010464136488735676, 0.8546142578125], [-0.028977399691939354, 0.024674292653799057, -0.9992754459381104, 1.4974327087402344], [0.5532528758049011, -0.8322092294692993, -0.0365925170481205, -1.1298828125], [0.0, 0.0, 0.0, 1.0]], [[0.947462797164917, 0.31919729709625244, -0.020670553669333458, -1.1363525390625], [-0.019819356501102448, -0.005914921872317791, -0.9997860193252563, 1.5884332656860352], [-0.31925126910209656, 0.9476698040962219, 0.0007221170817501843, -0.10595703125], [0.0, 0.0, 0.0, 1.0]], [[0.00203805067576468, 0.9999897480010986, 0.004045318346470594, 0.0025634765625], [-0.04549379646778107, 0.0041338554583489895, -0.9989560842514038, 1.5755906105041504], [-0.9989625215530396, 0.0018518720753490925, 0.04550175368785858, -0.080810546875], [0.0, 0.0, 0.0, 1.0]], [[-0.9348621964454651, 0.35449549555778503, 0.019121501594781876, 0.98931884765625], [-0.013028472661972046, 0.019566934555768967, -0.9997236728668213, 1.5493927001953125], [-0.3547717034816742, -0.9348529577255249, -0.013673854991793633, -0.11865234375], [0.0, 0.0, 0.0, 1.0]]], "view": [[0.0, -2.0, 100.0], [-2.0, 0.0, 100.0], [0.0, 0.0, 1.0]], "bev": "bev_6c3bbed298ba455595b04bcba60781db.png", "aux": "aux_6c3bbed298ba455595b04bcba60781db.npz", "visibility": "visibility_6c3bbed298ba455595b04bcba60781db.png", "pose": [[0.9595357775688171, 0.2815867066383362, 0.0, 559.8195190429688], [-0.2815867066383362, 0.9595357775688171, 0.0, 1680.4100341796875], [0.0, 0.0, 1.0, 0.0], [0.0, 0.0, 0.0, 1.0]], "pose_inverse": [[0.9595357775688171, -0.2815867066383362, 0.0, -63.98576354980469], [0.2815867066383362, 0.9595357775688171, 0.0, -1770.05126953125], [0.0, 0.0, 1.0, 0.0], [0.0, 0.0, 0.0, 1.0]], "cam_ids": [0, 1, 2, 3, 4, 5], "cam_channels": ["CAM_FRONT_LEFT", "CAM_FRONT", "CAM_FRONT_RIGHT", "CAM_BACK_LEFT", "CAM_BACK", "CAM_BACK_RIGHT"], "token": "6c3bbed298ba455595b04bcba60781db", "scene": "scene-0182"}, {"images": ["samples/CAM_FRONT_LEFT/n015-2018-07-27-11-36-48+0800__CAM_FRONT_LEFT__1532662844504844.jpg", "samples/CAM_FRONT/n015-2018-07-27-11-36-48+0800__CAM_FRONT__1532662844512460.jpg", "samples/CAM_FRONT_RIGHT/n015-2018-07-27-11-36-48+0800__CAM_FRONT_RIGHT__1532662844520339.jpg", "samples/CAM_BACK_LEFT/n015-2018-07-27-11-36-48+0800__CAM_BACK_LEFT__1532662844547423.jpg", "samples/CAM_BACK/n015-2018-07-27-11-36-48+0800__CAM_BACK__1532662844537525.jpg", "samples/CAM_BACK_RIGHT/n015-2018-07-27-11-36-48+0800__CAM_BACK_RIGHT__1532662844527893.jpg"], "intrinsics": [[[1272.5979470598488, 0.0, 826.6154927353808], [0.0, 1272.5979470598488, 479.75165386361925], [0.0, 0.0, 1.0]], [[1266.417203046554, 0.0, 816.2670197447984], [0.0, 1266.417203046554, 491.50706579294757], [0.0, 0.0, 1.0]], [[1260.8474446004698, 0.0, 807.968244525554], [0.0, 1260.8474446004698, 495.3344268742088], [0.0, 0.0, 1.0]], [[1256.7414812095406, 0.0, 792.1125740759628], [0.0, 1256.7414812095406, 492.7757465151356], [0.0, 0.0, 1.0]], [[809.2209905677063, 0.0, 829.2196003259838], [0.0, 809.2209905677063, 481.77842384512485], [0.0, 0.0, 1.0]], [[1259.5137405846733, 0.0, 807.2529053838625], [0.0, 1259.5137405846733, 501.19579884916527], [0.0, 0.0, 1.0]]], "extrinsics": [[[0.8209560513496399, -0.5702524781227112, -0.029038600623607635, -0.68878173828125], [-0.024393104016780853, 0.01578366756439209, -0.9995778203010559, 1.5000438690185547], [0.5704700350761414, 0.8213179111480713, -0.0009525294881314039, -1.091552734375], [0.0, 0.0, 0.0, 1.0]], [[0.00632533710449934, -0.9999081492424011, -0.011985011398792267, 0.0089111328125], [-0.030184781178832054, 0.011788873001933098, -0.999474823474884, 1.5121402740478516], [0.9995243549346924, 0.006683743093162775, -0.030107438564300537, -1.4152412414550781], [0.0, 0.0, 0.0, 1.0]], [[-0.8326696753501892, -0.5537493228912354, 0.004788493271917105, 0.8516845703125], [-0.025080496445298195, 0.029072370380163193, -0.9992625713348389, 1.4981307983398438], [0.5532017946243286, -0.8321757912635803, -0.03809598460793495, -1.126953125], [0.0, 0.0, 0.0, 1.0]], [[0.9475012421607971, 0.31927117705345154, -0.01753200590610504, -1.1297607421875], [-0.018144752830266953, -0.0010553241008892655, -0.9998347759246826, 1.5883183479309082], [-0.3192369341850281, 0.9476628303527832, 0.004793175496160984, -0.1080322265625], [0.0, 0.0, 0.0, 1.0]], [[0.002190717961639166, 0.9999595284461975, 0.008733436465263367, 0.0023193359375], [-0.042905084788799286, 0.008819405920803547, -0.9990402460098267, 1.5755691528320312], [-0.999076783657074, 0.0018139244057238102, 0.04292266443371773, -0.08625030517578125], [0.0, 0.0, 0.0, 1.0]], [[-0.9348180294036865, 0.3546912670135498, 0.017592834308743477, 0.985107421875], [-0.009666670113801956, 0.024106379598379135, -0.9996626377105713, 1.5498619079589844], [-0.3549957871437073, -0.9346727132797241, -0.019106393679976463, -0.11962890625], [0.0, 0.0, 0.0, 1.0]]], "view": [[0.0, -2.0, 100.0], [-2.0, 0.0, 100.0], [0.0, 0.0, 1.0]], "bev": "bev_ba40bc7823264446a65d2c35e3d1384c.png", "aux": "aux_ba40bc7823264446a65d2c35e3d1384c.npz", "visibility": "visibility_ba40bc7823264446a65d2c35e3d1384c.png", "pose": [[0.956380307674408, 0.29212456941604614, 0.0, 563.4718627929688], [-0.29212456941604614, 0.956380307674408, 0.0, 1679.3006591796875], [0.0, 0.0, 1.0, 0.0], [0.0, 0.0, 0.0, 1.0]], "pose_inverse": [[0.956380307674408, -0.29212456941604614, 0.0, -48.32839584350586], [0.29212456941604614, 0.956380307674408, 0.0, -1770.654052734375], [0.0, 0.0, 1.0, 0.0], [0.0, 0.0, 0.0, 1.0]], "cam_ids": [0, 1, 2, 3, 4, 5], "cam_channels": ["CAM_FRONT_LEFT", "CAM_FRONT", "CAM_FRONT_RIGHT", "CAM_BACK_LEFT", "CAM_BACK", "CAM_BACK_RIGHT"], "token": "ba40bc7823264446a65d2c35e3d1384c", "scene": "scene-0182"}, {"images": ["samples/CAM_FRONT_LEFT/n015-2018-07-27-11-36-48+0800__CAM_FRONT_LEFT__1532662845004844.jpg", "samples/CAM_FRONT/n015-2018-07-27-11-36-48+0800__CAM_FRONT__1532662845012460.jpg", "samples/CAM_FRONT_RIGHT/n015-2018-07-27-11-36-48+0800__CAM_FRONT_RIGHT__1532662845020339.jpg", "samples/CAM_BACK_LEFT/n015-2018-07-27-11-36-48+0800__CAM_BACK_LEFT__1532662845047423.jpg", "samples/CAM_BACK/n015-2018-07-27-11-36-48+0800__CAM_BACK__1532662845037525.jpg", "samples/CAM_BACK_RIGHT/n015-2018-07-27-11-36-48+0800__CAM_BACK_RIGHT__1532662845027893.jpg"], "intrinsics": [[[1272.5979470598488, 0.0, 826.6154927353808], [0.0, 1272.5979470598488, 479.75165386361925], [0.0, 0.0, 1.0]], [[1266.417203046554, 0.0, 816.2670197447984], [0.0, 1266.417203046554, 491.50706579294757], [0.0, 0.0, 1.0]], [[1260.8474446004698, 0.0, 807.968244525554], [0.0, 1260.8474446004698, 495.3344268742088], [0.0, 0.0, 1.0]], [[1256.7414812095406, 0.0, 792.1125740759628], [0.0, 1256.7414812095406, 492.7757465151356], [0.0, 0.0, 1.0]], [[809.2209905677063, 0.0, 829.2196003259838], [0.0, 809.2209905677063, 481.77842384512485], [0.0, 0.0, 1.0]], [[1259.5137405846733, 0.0, 807.2529053838625], [0.0, 1259.5137405846733, 501.19579884916527], [0.0, 0.0, 1.0]]], "extrinsics": [[[0.8216254711151123, -0.5690789818763733, -0.03287336230278015, -0.69158935546875], [-0.0266580730676651, 0.019246255978941917, -0.9994592666625977, 1.4993782043457031], [0.5694039463996887, 0.8220576047897339, 0.0006426645559258759, -1.093505859375], [0.0, 0.0, 0.0, 1.0]], [[0.007434837054461241, -0.9998526573181152, -0.015469444915652275, 0.009033203125], [-0.03211719170212746, 0.015223127789795399, -0.9993681907653809, 1.5117168426513672], [0.9994564056396484, 0.007926967926323414, -0.03199927881360054, -1.418975830078125], [0.0, 0.0, 0.0, 1.0]], [[-0.8321255445480347, -0.5545713305473328, 0.004196633584797382, 0.855224609375], [-0.026693537831306458, 0.032492585480213165, -0.9991154074668884, 1.4978790283203125], [0.5539444088935852, -0.8315016031265259, -0.04184138402342796, -1.1287841796875], [0.0, 0.0, 0.0, 1.0]], [[0.947476327419281, 0.3193756341934204, -0.016963806003332138, -1.1309814453125], [-0.018672499805688858, 0.0022886674851179123, -0.9998230338096619, 1.5883339643478394], [-0.31928032636642456, 0.9476255178451538, 0.008131998591125011, -0.1075439453125], [0.0, 0.0, 0.0, 1.0]], [[0.0017619893187656999, 0.9999244809150696, 0.012166323140263557, 0.002197265625], [-0.043833594769239426, 0.012231878936290741, -0.9989640116691589, 1.5756111145019531], [-0.9990372061729431, 0.0012268917635083199, 0.043851833790540695, -0.08327865600585938], [0.0, 0.0, 0.0, 1.0]], [[-0.9350796341896057, 0.35387086868286133, 0.02003656141459942, 0.989013671875], [-0.010992079973220825, 0.02755036950111389, -0.9995599985122681, 1.5496864318847656], [-0.3542672097682953, -0.934888482093811, -0.021872013807296753, -0.1177978515625], [0.0, 0.0, 0.0, 1.0]]], "view": [[0.0, -2.0, 100.0], [-2.0, 0.0, 100.0], [0.0, 0.0, 1.0]], "bev": "bev_b9c843bd244946a7b26046d1111c148c.png", "aux": "aux_b9c843bd244946a7b26046d1111c148c.npz", "visibility": "visibility_b9c843bd244946a7b26046d1111c148c.png", "pose": [[0.9537822604179382, 0.3004986345767975, 0.0, 567.0634155273438], [-0.3004986345767975, 0.9537822604179382, 0.0, 1678.1767578125], [0.0, 0.0, 1.0, 0.0], [0.0, 0.0, 0.0, 1.0]], "pose_inverse": [[0.9537822604179382, -0.3004986345767975, 0.0, -36.56520080566406], [0.3004986345767975, 0.9537822604179382, 0.0, -1771.0169677734375], [0.0, 0.0, 1.0, 0.0], [0.0, 0.0, 0.0, 1.0]], "cam_ids": [0, 1, 2, 3, 4, 5], "cam_channels": ["CAM_FRONT_LEFT", "CAM_FRONT", "CAM_FRONT_RIGHT", "CAM_BACK_LEFT", "CAM_BACK", "CAM_BACK_RIGHT"], "token": "b9c843bd244946a7b26046d1111c148c", "scene": "scene-0182"}, {"images": ["samples/CAM_FRONT_LEFT/n015-2018-07-27-11-36-48+0800__CAM_FRONT_LEFT__1532662845504844.jpg", "samples/CAM_FRONT/n015-2018-07-27-11-36-48+0800__CAM_FRONT__1532662845512460.jpg", "samples/CAM_FRONT_RIGHT/n015-2018-07-27-11-36-48+0800__CAM_FRONT_RIGHT__1532662845520339.jpg", "samples/CAM_BACK_LEFT/n015-2018-07-27-11-36-48+0800__CAM_BACK_LEFT__1532662845547423.jpg", "samples/CAM_BACK/n015-2018-07-27-11-36-48+0800__CAM_BACK__1532662845537525.jpg", "samples/CAM_BACK_RIGHT/n015-2018-07-27-11-36-48+0800__CAM_BACK_RIGHT__1532662845527893.jpg"], "intrinsics": [[[1272.5979470598488, 0.0, 826.6154927353808], [0.0, 1272.5979470598488, 479.75165386361925], [0.0, 0.0, 1.0]], [[1266.417203046554, 0.0, 816.2670197447984], [0.0, 1266.417203046554, 491.50706579294757], [0.0, 0.0, 1.0]], [[1260.8474446004698, 0.0, 807.968244525554], [0.0, 1260.8474446004698, 495.3344268742088], [0.0, 0.0, 1.0]], [[1256.7414812095406, 0.0, 792.1125740759628], [0.0, 1256.7414812095406, 492.7757465151356], [0.0, 0.0, 1.0]], [[809.2209905677063, 0.0, 829.2196003259838], [0.0, 809.2209905677063, 481.77842384512485], [0.0, 0.0, 1.0]], [[1259.5137405846733, 0.0, 807.2529053838625], [0.0, 1259.5137405846733, 501.19579884916527], [0.0, 0.0, 1.0]]], "extrinsics": [[[0.8215116262435913, -0.5689859390258789, -0.037065621465444565, -0.689697265625], [-0.02955467626452446, 0.02242691069841385, -0.9993115663528442, 1.4983444213867188], [0.5694254636764526, 0.8220414519309998, 0.001607772195711732, -1.0904541015625], [0.0, 0.0, 0.0, 1.0]], [[0.007449046242982149, -0.9997996687889099, -0.018575090914964676, 0.0076904296875], [-0.03496750816702843, 0.01830381155014038, -0.9992208480834961, 1.5108394622802734], [0.9993606805801392, 0.008092804811894894, -0.034824155271053314, -1.4156341552734375], [0.0, 0.0, 0.0, 1.0]], [[-0.832031786441803, -0.5547065734863281, 0.004872952122241259, 0.85174560546875], [-0.029497960582375526, 0.03547006845474243, -0.9989352822303772, 1.4972114562988281], [0.5539430379867554, -0.8312896490097046, -0.0458749383687973, -1.1278076171875], [0.0, 0.0, 0.0, 1.0]], [[0.9474053978919983, 0.3194972276687622, -0.018563153222203255, -1.1279296875], [-0.021284576505422592, 0.005027926992624998, -0.9997608065605164, 1.5882353782653809], [-0.3193274736404419, 0.9475739002227783, 0.01156384777277708, -0.108642578125], [0.0, 0.0, 0.0, 1.0]], [[0.0016351067461073399, 0.9998865127563477, 0.014979234896600246, 0.0025634765625], [-0.046504151076078415, 0.015039080753922462, -0.9988049268722534, 1.575235366821289], [-0.998916745185852, 0.0009365706937387586, 0.04652345925569534, -0.08660507202148438], [0.0, 0.0, 0.0, 1.0]], [[-0.9350998997688293, 0.3535963296890259, 0.023618021979928017, 0.98614501953125], [-0.013731294311583042, 0.03044351376593113, -0.9994421601295471, 1.5492286682128906], [-0.35411813855171204, -0.9349026083946228, -0.02361239120364189, -0.119873046875], [0.0, 0.0, 0.0, 1.0]]], "view": [[0.0, -2.0, 100.0], [-2.0, 0.0, 100.0], [0.0, 0.0, 1.0]], "bev": "bev_da2788e7fee3458285cff2dd55c40753.png", "aux": "aux_da2788e7fee3458285cff2dd55c40753.npz", "visibility": "visibility_da2788e7fee3458285cff2dd55c40753.png", "pose": [[0.9480700492858887, 0.3180616497993469, 0.0, 570.6431884765625], [-0.3180616497993469, 0.9480700492858887, 0.0, 1676.983154296875], [0.0, 0.0, 1.0, 0.0], [0.0, 0.0, 0.0, 1.0]], "pose_inverse": [[0.9480700492858887, -0.3180616497993469, 0.0, -7.62568473815918], [0.3180616497993469, 0.9480700492858887, 0.0, -1771.397216796875], [0.0, 0.0, 1.0, 0.0], [0.0, 0.0, 0.0, 1.0]], "cam_ids": [0, 1, 2, 3, 4, 5], "cam_channels": ["CAM_FRONT_LEFT", "CAM_FRONT", "CAM_FRONT_RIGHT", "CAM_BACK_LEFT", "CAM_BACK", "CAM_BACK_RIGHT"], "token": "da2788e7fee3458285cff2dd55c40753", "scene": "scene-0182"}, {"images": ["samples/CAM_FRONT_LEFT/n015-2018-07-27-11-36-48+0800__CAM_FRONT_LEFT__1532662846004844.jpg", "samples/CAM_FRONT/n015-2018-07-27-11-36-48+0800__CAM_FRONT__1532662846012460.jpg", "samples/CAM_FRONT_RIGHT/n015-2018-07-27-11-36-48+0800__CAM_FRONT_RIGHT__1532662846020339.jpg", "samples/CAM_BACK_LEFT/n015-2018-07-27-11-36-48+0800__CAM_BACK_LEFT__1532662846047423.jpg", "samples/CAM_BACK/n015-2018-07-27-11-36-48+0800__CAM_BACK__1532662846037525.jpg", "samples/CAM_BACK_RIGHT/n015-2018-07-27-11-36-48+0800__CAM_BACK_RIGHT__1532662846027893.jpg"], "intrinsics": [[[1272.5979470598488, 0.0, 826.6154927353808], [0.0, 1272.5979470598488, 479.75165386361925], [0.0, 0.0, 1.0]], [[1266.417203046554, 0.0, 816.2670197447984], [0.0, 1266.417203046554, 491.50706579294757], [0.0, 0.0, 1.0]], [[1260.8474446004698, 0.0, 807.968244525554], [0.0, 1260.8474446004698, 495.3344268742088], [0.0, 0.0, 1.0]], [[1256.7414812095406, 0.0, 792.1125740759628], [0.0, 1256.7414812095406, 492.7757465151356], [0.0, 0.0, 1.0]], [[809.2209905677063, 0.0, 829.2196003259838], [0.0, 809.2209905677063, 481.77842384512485], [0.0, 0.0, 1.0]], [[1259.5137405846733, 0.0, 807.2529053838625], [0.0, 1259.5137405846733, 501.19579884916527], [0.0, 0.0, 1.0]]], "extrinsics": [[[0.8211966753005981, -0.569139301776886, -0.04143030568957329, -0.6922607421875], [-0.034468721598386765, 0.022998105734586716, -0.9991411566734314, 1.4968070983886719], [0.5696032643318176, 0.8219195008277893, -0.0007315393886528909, -1.09228515625], [0.0, 0.0, 0.0, 1.0]], [[0.007213689386844635, -0.9997840523719788, -0.01948906108736992, 0.007568359375], [-0.0397501140832901, 0.01918746717274189, -0.9990254640579224, 1.5095787048339844], [0.9991835951805115, 0.007981334812939167, -0.03960311412811279, -1.4172310829162598], [0.0, 0.0, 0.0, 1.0]], [[-0.8320420384407043, -0.5546537637710571, 0.008075387217104435, 0.8516845703125], [-0.03414149582386017, 0.03667498007416725, -0.9987438321113586, 1.4962081909179688], [0.5536608695983887, -0.831272542476654, -0.04945183917880058, -1.1279296875], [0.0, 0.0, 0.0, 1.0]], [[0.9472848773002625, 0.3196447789669037, -0.02187834121286869, -1.1251220703125], [-0.025603795424103737, 0.0074567971751093864, -0.9996443390846252, 1.588094711303711], [-0.3193679451942444, 0.9475081562995911, 0.0152478301897645, -0.109619140625], [0.0, 0.0, 0.0, 1.0]], [[0.0016542802331969142, 0.9998541474342346, 0.01700025610625744, 0.0028076171875], [-0.0508984811604023, 0.017062433063983917, -0.9985581040382385, 1.5747318267822266], [-0.9987024664878845, 0.0007866054656915367, 0.05091928318142891, -0.08884620666503906], [0.0, 0.0, 0.0, 1.0]], [[-0.934980034828186, 0.3535611033439636, 0.028407976031303406, 0.9849853515625], [-0.0182633139193058, 0.03199688345193863, -0.9993211030960083, 1.5484809875488281], [-0.35422998666763306, -0.9348641037940979, -0.02345925197005272, -0.12060546875], [0.0, 0.0, 0.0, 1.0]]], "view": [[0.0, -2.0, 100.0], [-2.0, 0.0, 100.0], [0.0, 0.0, 1.0]], "bev": "bev_9d022f4da20a44069b0cd138d7876d34.png", "aux": "aux_9d022f4da20a44069b0cd138d7876d34.npz", "visibility": "visibility_9d022f4da20a44069b0cd138d7876d34.png", "pose": [[0.9425831437110901, 0.3339715898036957, 0.0, 574.142578125], [-0.3339715898036957, 0.9425831437110901, 0.0, 1675.7603759765625], [0.0, 0.0, 1.0, 0.0], [0.0, 0.0, 0.0, 1.0]], "pose_inverse": [[0.9425831437110901, -0.3339715898036957, 0.0, 18.47924041748047], [0.3339715898036957, 0.9425831437110901, 0.0, -1771.290771484375], [0.0, 0.0, 1.0, 0.0], [0.0, 0.0, 0.0, 1.0]], "cam_ids": [0, 1, 2, 3, 4, 5], "cam_channels": ["CAM_FRONT_LEFT", "CAM_FRONT", "CAM_FRONT_RIGHT", "CAM_BACK_LEFT", "CAM_BACK", "CAM_BACK_RIGHT"], "token": "9d022f4da20a44069b0cd138d7876d34", "scene": "scene-0182"}, {"images": ["samples/CAM_FRONT_LEFT/n015-2018-07-27-11-36-48+0800__CAM_FRONT_LEFT__1532662846404844.jpg", "samples/CAM_FRONT/n015-2018-07-27-11-36-48+0800__CAM_FRONT__1532662846412471.jpg", "samples/CAM_FRONT_RIGHT/n015-2018-07-27-11-36-48+0800__CAM_FRONT_RIGHT__1532662846420339.jpg", "samples/CAM_BACK_LEFT/n015-2018-07-27-11-36-48+0800__CAM_BACK_LEFT__1532662846447423.jpg", "samples/CAM_BACK/n015-2018-07-27-11-36-48+0800__CAM_BACK__1532662846437525.jpg", "samples/CAM_BACK_RIGHT/n015-2018-07-27-11-36-48+0800__CAM_BACK_RIGHT__1532662846427893.jpg"], "intrinsics": [[[1272.5979470598488, 0.0, 826.6154927353808], [0.0, 1272.5979470598488, 479.75165386361925], [0.0, 0.0, 1.0]], [[1266.417203046554, 0.0, 816.2670197447984], [0.0, 1266.417203046554, 491.50706579294757], [0.0, 0.0, 1.0]], [[1260.8474446004698, 0.0, 807.968244525554], [0.0, 1260.8474446004698, 495.3344268742088], [0.0, 0.0, 1.0]], [[1256.7414812095406, 0.0, 792.1125740759628], [0.0, 1256.7414812095406, 492.7757465151356], [0.0, 0.0, 1.0]], [[809.2209905677063, 0.0, 829.2196003259838], [0.0, 809.2209905677063, 481.77842384512485], [0.0, 0.0, 1.0]], [[1259.5137405846733, 0.0, 807.2529053838625], [0.0, 1259.5137405846733, 501.19579884916527], [0.0, 0.0, 1.0]]], "extrinsics": [[[0.8212198615074158, -0.5689290165901184, -0.04379281774163246, -0.6949462890625], [-0.034799687564373016, 0.02666855975985527, -0.9990383982658386, 1.496795654296875], [0.5695497393608093, 0.8219541907310486, 0.002102199010550976, -1.0947265625], [0.0, 0.0, 0.0, 1.0]], [[0.00719853863120079, -0.9997093081474304, -0.023012299090623856, 0.0081787109375], [-0.04012308269739151, 0.022705605253577232, -0.9989367127418518, 1.5095634460449219], [0.9991688132286072, 0.008114196360111237, -0.03994796425104141, -1.4200267791748047], [0.0, 0.0, 0.0, 1.0]], [[-0.8320833444595337, -0.5546119213104248, 0.00655968626961112, 0.853759765625], [-0.034556761384010315, 0.04003447666764259, -0.9986004829406738, 1.4961624145507812], [0.5535730719566345, -0.8311455249786377, -0.05247760936617851, -1.1285400390625], [0.0, 0.0, 0.0, 1.0]], [[0.9472802877426147, 0.31966307759284973, -0.021811379119753838, -1.12664794921875], [-0.02628033049404621, 0.009672711603343487, -0.9996078014373779, 1.5881233215332031], [-0.3193267285823822, 0.9474819302558899, 0.01756361685693264, -0.1090087890625], [0.0, 0.0, 0.0, 1.0]], [[0.00176389014814049, 0.9998055100440979, 0.01964430883526802, 0.00244140625], [-0.05147233605384827, 0.01970907486975193, -0.998479962348938, 1.5747413635253906], [-0.9986729025840759, 0.000750065257307142, 0.051497090607881546, -0.08743667602539062], [0.0, 0.0, 0.0, 1.0]], [[-0.9349141120910645, 0.3536074161529541, 0.029957866296172142, 0.9859619140625], [-0.018743854016065598, 0.035096120089292526, -0.9992081522941589, 1.5484123229980469], [-0.354378879070282, -0.9347353577613831, -0.02618389204144478, -0.11962890625], [0.0, 0.0, 0.0, 1.0]]], "view": [[0.0, -2.0, 100.0], [-2.0, 0.0, 100.0], [0.0, 0.0, 1.0]], "bev": "bev_0fa921343a824930b7dbcddd8c0e5412.png", "aux": "aux_0fa921343a824930b7dbcddd8c0e5412.npz", "visibility": "visibility_0fa921343a824930b7dbcddd8c0e5412.png", "pose": [[0.9370076060295105, 0.3493089973926544, 0.0, 576.8739624023438], [-0.3493089973926544, 0.9370076060295105, 0.0, 1674.7532958984375], [0.0, 0.0, 1.0, 0.0], [0.0, 0.0, 0.0, 1.0]], "pose_inverse": [[0.9370076060295105, -0.3493089973926544, 0.0, 44.47111892700195], [0.3493089973926544, 0.9370076060295105, 0.0, -1770.7637939453125], [0.0, 0.0, 1.0, 0.0], [0.0, 0.0, 0.0, 1.0]], "cam_ids": [0, 1, 2, 3, 4, 5], "cam_channels": ["CAM_FRONT_LEFT", "CAM_FRONT", "CAM_FRONT_RIGHT", "CAM_BACK_LEFT", "CAM_BACK", "CAM_BACK_RIGHT"], "token": "0fa921343a824930b7dbcddd8c0e5412", "scene": "scene-0182"}, {"images": ["samples/CAM_FRONT_LEFT/n015-2018-07-27-11-36-48+0800__CAM_FRONT_LEFT__1532662846904844.jpg", "samples/CAM_FRONT/n015-2018-07-27-11-36-48+0800__CAM_FRONT__1532662846912460.jpg", "samples/CAM_FRONT_RIGHT/n015-2018-07-27-11-36-48+0800__CAM_FRONT_RIGHT__1532662846920339.jpg", "samples/CAM_BACK_LEFT/n015-2018-07-27-11-36-48+0800__CAM_BACK_LEFT__1532662846947423.jpg", "samples/CAM_BACK/n015-2018-07-27-11-36-48+0800__CAM_BACK__1532662846937525.jpg", "samples/CAM_BACK_RIGHT/n015-2018-07-27-11-36-48+0800__CAM_BACK_RIGHT__1532662846927893.jpg"], "intrinsics": [[[1272.5979470598488, 0.0, 826.6154927353808], [0.0, 1272.5979470598488, 479.75165386361925], [0.0, 0.0, 1.0]], [[1266.417203046554, 0.0, 816.2670197447984], [0.0, 1266.417203046554, 491.50706579294757], [0.0, 0.0, 1.0]], [[1260.8474446004698, 0.0, 807.968244525554], [0.0, 1260.8474446004698, 495.3344268742088], [0.0, 0.0, 1.0]], [[1256.7414812095406, 0.0, 792.1125740759628], [0.0, 1256.7414812095406, 492.7757465151356], [0.0, 0.0, 1.0]], [[809.2209905677063, 0.0, 829.2196003259838], [0.0, 809.2209905677063, 481.77842384512485], [0.0, 0.0, 1.0]], [[1259.5137405846733, 0.0, 807.2529053838625], [0.0, 1259.5137405846733, 501.19579884916527], [0.0, 0.0, 1.0]]], "extrinsics": [[[0.8210151195526123, -0.5693520307540894, -0.04210127517580986, -0.69287109375], [-0.03961072489619255, 0.01675819419324398, -0.9990746378898621, 1.4951210021972656], [0.5695307850837708, 0.821923017501831, -0.008793717250227928, -1.0921630859375], [0.0, 0.0, 0.0, 1.0]], [[0.007125893607735634, -0.9998920559883118, -0.01284980121999979, 0.0074462890625], [-0.04500304162502289, 0.012516438961029053, -0.9989084601402283, 1.5081539154052734], [0.9989614486694336, 0.007696441374719143, -0.04490898549556732, -1.4176673889160156], [0.0, 0.0, 0.0, 1.0]], [[-0.8320103883743286, -0.5545145273208618, 0.016502724960446358, 0.85205078125], [-0.039510566741228104, 0.029558422043919563, -0.9987818598747253, 1.4950637817382812], [0.5533512830734253, -0.8316488862037659, -0.04650209844112396, -1.1285400390625], [0.0, 0.0, 0.0, 1.0]], [[0.9470739364624023, 0.31958967447280884, -0.030222704634070396, -1.13092041015625], [-0.03147536888718605, -0.0012459923746064305, -0.9995037317276001, 1.5881834030151367], [-0.31946873664855957, 0.9475552439689636, 0.008879154920578003, -0.107666015625], [0.0, 0.0, 0.0, 1.0]], [[0.0017112955683842301, 0.9999597072601318, 0.008812781423330307, 0.0028076171875], [-0.05659731850028038, 0.00889552105218172, -0.9983574748039246, 1.5743942260742188], [-0.998395562171936, 0.0012097653234377503, 0.05661026015877724, -0.085662841796875], [0.0, 0.0, 0.0, 1.0]], [[-0.9347749948501587, 0.3538958728313446, 0.030878016725182533, 0.98565673828125], [-0.0237704087048769, 0.02441425435245037, -0.9994193315505981, 1.5476150512695312], [-0.3544442057609558, -0.9349661469459534, -0.014409588649868965, -0.1207275390625], [0.0, 0.0, 0.0, 1.0]]], "view": [[0.0, -2.0, 100.0], [-2.0, 0.0, 100.0], [0.0, 0.0, 1.0]], "bev": "bev_e3d716efb7da4d98aea0a7af9d955cba.png", "aux": "aux_e3d716efb7da4d98aea0a7af9d955cba.npz", "visibility": "visibility_e3d716efb7da4d98aea0a7af9d955cba.png", "pose": [[0.930258572101593, 0.3669046461582184, 0.0, 580.3072509765625], [-0.3669046461582184, 0.930258572101593, 0.0, 1673.4189453125], [0.0, 0.0, 1.0, 0.0], [0.0, 0.0, 0.0, 1.0]], "pose_inverse": [[0.930258572101593, -0.3669046461582184, 0.0, 74.14937591552734], [0.3669046461582184, 0.930258572101593, 0.0, -1769.6297607421875], [0.0, 0.0, 1.0, 0.0], [0.0, 0.0, 0.0, 1.0]], "cam_ids": [0, 1, 2, 3, 4, 5], "cam_channels": ["CAM_FRONT_LEFT", "CAM_FRONT", "CAM_FRONT_RIGHT", "CAM_BACK_LEFT", "CAM_BACK", "CAM_BACK_RIGHT"], "token": "e3d716efb7da4d98aea0a7af9d955cba", "scene": "scene-0182"}, {"images": ["samples/CAM_FRONT_LEFT/n015-2018-07-27-11-36-48+0800__CAM_FRONT_LEFT__1532662847404844.jpg", "samples/CAM_FRONT/n015-2018-07-27-11-36-48+0800__CAM_FRONT__1532662847412460.jpg", "samples/CAM_FRONT_RIGHT/n015-2018-07-27-11-36-48+0800__CAM_FRONT_RIGHT__1532662847420339.jpg", "samples/CAM_BACK_LEFT/n015-2018-07-27-11-36-48+0800__CAM_BACK_LEFT__1532662847447423.jpg", "samples/CAM_BACK/n015-2018-07-27-11-36-48+0800__CAM_BACK__1532662847437525.jpg", "samples/CAM_BACK_RIGHT/n015-2018-07-27-11-36-48+0800__CAM_BACK_RIGHT__1532662847427893.jpg"], "intrinsics": [[[1272.5979470598488, 0.0, 826.6154927353808], [0.0, 1272.5979470598488, 479.75165386361925], [0.0, 0.0, 1.0]], [[1266.417203046554, 0.0, 816.2670197447984], [0.0, 1266.417203046554, 491.50706579294757], [0.0, 0.0, 1.0]], [[1260.8474446004698, 0.0, 807.968244525554], [0.0, 1260.8474446004698, 495.3344268742088], [0.0, 0.0, 1.0]], [[1256.7414812095406, 0.0, 792.1125740759628], [0.0, 1256.7414812095406, 492.7757465151356], [0.0, 0.0, 1.0]], [[809.2209905677063, 0.0, 829.2196003259838], [0.0, 809.2209905677063, 481.77842384512485], [0.0, 0.0, 1.0]], [[1259.5137405846733, 0.0, 807.2529053838625], [0.0, 1259.5137405846733, 501.19579884916527], [0.0, 0.0, 1.0]]], "extrinsics": [[[0.8207795023918152, -0.5695999264717102, -0.043324366211891174, -0.6939697265625], [-0.03884092718362808, 0.02001958340406418, -0.9990448355674744, 1.4954490661621094], [0.5699231028556824, 0.8216782808303833, -0.0056921252980828285, -1.095458984375], [0.0, 0.0, 0.0, 1.0]], [[0.006801324430853128, -0.9998433589935303, -0.016339674592018127, 0.009033203125], [-0.044010356068611145, 0.01602492481470108, -0.9989025592803955, 1.508584976196289], [0.9990078806877136, 0.007512971293181181, -0.04389447346329689, -1.4219436645507812], [0.0, 0.0, 0.0, 1.0]], [[-0.8321466445922852, -0.5543937087059021, 0.01339932344853878, 0.85760498046875], [-0.03827912360429764, 0.033318888396024704, -0.9987114071846008, 1.4955024719238281], [0.5532329082489014, -0.8315873146057129, -0.04894790053367615, -1.13037109375], [0.0, 0.0, 0.0, 1.0]], [[0.9471795558929443, 0.31959062814712524, -0.0266974326223135, -1.13580322265625], [-0.0291611161082983, 0.002925141016021371, -0.9995704293251038, 1.5883588790893555], [-0.319375216960907, 0.9475512504577637, 0.01209025364369154, -0.1058349609375], [0.0, 0.0, 0.0, 1.0]], [[0.0017903205007314682, 0.9999151825904846, 0.012904849834740162, 0.002197265625], [-0.054717857390642166, 0.012983492575585842, -0.9984174370765686, 1.5748939514160156], [-0.9985001683235168, 0.0010814525885507464, 0.054736457765102386, -0.079254150390625], [0.0, 0.0, 0.0, 1.0]], [[-0.9347892999649048, 0.3538575768470764, 0.030885005369782448, 0.99176025390625], [-0.02228114940226078, 0.028363756835460663, -0.9993492960929871, 1.5479888916015625], [-0.35450342297554016, -0.9348691701889038, -0.018629778176546097, -0.1170654296875], [0.0, 0.0, 0.0, 1.0]]], "view": [[0.0, -2.0, 100.0], [-2.0, 0.0, 100.0], [0.0, 0.0, 1.0]], "bev": "bev_835832dc651d4524b9a56d9f85160581.png", "aux": "aux_835832dc651d4524b9a56d9f85160581.npz", "visibility": "visibility_835832dc651d4524b9a56d9f85160581.png", "pose": [[0.924787700176239, 0.38048356771469116, 0.0, 583.8286743164062], [-0.38048356771469116, 0.924787700176239, 0.0, 1671.98583984375], [0.0, 0.0, 1.0, 0.0], [0.0, 0.0, 0.0, 1.0]], "pose_inverse": [[0.924787700176239, -0.38048356771469116, 0.0, 96.24559783935547], [0.38048356771469116, 0.924787700176239, 0.0, -1768.369140625], [0.0, 0.0, 1.0, 0.0], [0.0, 0.0, 0.0, 1.0]], "cam_ids": [0, 1, 2, 3, 4, 5], "cam_channels": ["CAM_FRONT_LEFT", "CAM_FRONT", "CAM_FRONT_RIGHT", "CAM_BACK_LEFT", "CAM_BACK", "CAM_BACK_RIGHT"], "token": "835832dc651d4524b9a56d9f85160581", "scene": "scene-0182"}, {"images": ["samples/CAM_FRONT_LEFT/n015-2018-07-27-11-36-48+0800__CAM_FRONT_LEFT__1532662847904844.jpg", "samples/CAM_FRONT/n015-2018-07-27-11-36-48+0800__CAM_FRONT__1532662847912460.jpg", "samples/CAM_FRONT_RIGHT/n015-2018-07-27-11-36-48+0800__CAM_FRONT_RIGHT__1532662847920339.jpg", "samples/CAM_BACK_LEFT/n015-2018-07-27-11-36-48+0800__CAM_BACK_LEFT__1532662847947423.jpg", "samples/CAM_BACK/n015-2018-07-27-11-36-48+0800__CAM_BACK__1532662847937525.jpg", "samples/CAM_BACK_RIGHT/n015-2018-07-27-11-36-48+0800__CAM_BACK_RIGHT__1532662847927893.jpg"], "intrinsics": [[[1272.5979470598488, 0.0, 826.6154927353808], [0.0, 1272.5979470598488, 479.75165386361925], [0.0, 0.0, 1.0]], [[1266.417203046554, 0.0, 816.2670197447984], [0.0, 1266.417203046554, 491.50706579294757], [0.0, 0.0, 1.0]], [[1260.8474446004698, 0.0, 807.968244525554], [0.0, 1260.8474446004698, 495.3344268742088], [0.0, 0.0, 1.0]], [[1256.7414812095406, 0.0, 792.1125740759628], [0.0, 1256.7414812095406, 492.7757465151356], [0.0, 0.0, 1.0]], [[809.2209905677063, 0.0, 829.2196003259838], [0.0, 809.2209905677063, 481.77842384512485], [0.0, 0.0, 1.0]], [[1259.5137405846733, 0.0, 807.2529053838625], [0.0, 1259.5137405846733, 501.19579884916527], [0.0, 0.0, 1.0]]], "extrinsics": [[[0.8202372789382935, -0.56988525390625, -0.049412358552217484, -0.6829833984375], [-0.04413484036922455, 0.023074807599186897, -0.9987590312957764, 1.4930686950683594], [0.5703181624412537, 0.8214002847671509, -0.006224972661584616, -1.084228515625], [0.0, 0.0, 0.0, 1.0]], [[0.006175999995321035, -0.9997938871383667, -0.01933557540178299, 0.006591796875], [-0.049558550119400024, 0.019006166607141495, -0.998590350151062, 1.5065155029296875], [0.9987521171569824, 0.007125500589609146, -0.049430955201387405, -1.4096298217773438], [0.0, 0.0, 0.0, 1.0]], [[-0.8323560357093811, -0.5539910793304443, 0.016651595011353493, 0.84869384765625], [-0.044078487902879715, 0.03621814027428627, -0.9983713030815125, 1.49395751953125], [0.5524857640266418, -0.8317344188690186, -0.05456547811627388, -1.12744140625], [0.0, 0.0, 0.0, 1.0]], [[0.946938693523407, 0.31980660557746887, -0.03210439160466194, -1.1365966796875], [-0.03589800372719765, 0.005972625222057104, -0.9993376135826111, 1.5883369445800781], [-0.3194030225276947, 0.9474640488624573, 0.01713613234460354, -0.1055908203125], [0.0, 0.0, 0.0, 1.0]], [[0.0021089953370392323, 0.9998725652694702, 0.01582152582705021, 0.00341796875], [-0.06112269312143326, 0.01592087373137474, -0.9980033040046692, 1.5742263793945312], [-0.9981280565261841, 0.0011376875918358564, 0.06114848330616951, -0.08213043212890625], [0.0, 0.0, 0.0, 1.0]], [[-0.9343872666358948, 0.3542712330818176, 0.03758055716753006, 0.9869384765625], [-0.028336992487311363, 0.031245503574609756, -0.9991099834442139, 1.5469322204589844], [-0.3551301956176758, -0.9346205592155457, -0.01915642060339451, -0.1207275390625], [0.0, 0.0, 0.0, 1.0]]], "view": [[0.0, -2.0, 100.0], [-2.0, 0.0, 100.0], [0.0, 0.0, 1.0]], "bev": "bev_d1ac82ceabf54bbf8bf8eb590f70adcc.png", "aux": "aux_d1ac82ceabf54bbf8bf8eb590f70adcc.npz", "visibility": "visibility_d1ac82ceabf54bbf8bf8eb590f70adcc.png", "pose": [[0.9202035665512085, 0.39144012331962585, 0.0, 587.379150390625], [-0.39144012331962585, 0.9202035665512085, 0.0, 1670.4783935546875], [0.0, 0.0, 1.0, 0.0], [0.0, 0.0, 0.0, 1.0]], "pose_inverse": [[0.9202035665512085, -0.39144012331962585, 0.0, 113.3838882446289], [0.39144012331962585, 0.9202035665512085, 0.0, -1767.10400390625], [0.0, 0.0, 1.0, 0.0], [0.0, 0.0, 0.0, 1.0]], "cam_ids": [0, 1, 2, 3, 4, 5], "cam_channels": ["CAM_FRONT_LEFT", "CAM_FRONT", "CAM_FRONT_RIGHT", "CAM_BACK_LEFT", "CAM_BACK", "CAM_BACK_RIGHT"], "token": "d1ac82ceabf54bbf8bf8eb590f70adcc", "scene": "scene-0182"}, {"images": ["samples/CAM_FRONT_LEFT/n015-2018-07-27-11-36-48+0800__CAM_FRONT_LEFT__1532662848404844.jpg", "samples/CAM_FRONT/n015-2018-07-27-11-36-48+0800__CAM_FRONT__1532662848412460.jpg", "samples/CAM_FRONT_RIGHT/n015-2018-07-27-11-36-48+0800__CAM_FRONT_RIGHT__1532662848420339.jpg", "samples/CAM_BACK_LEFT/n015-2018-07-27-11-36-48+0800__CAM_BACK_LEFT__1532662848447423.jpg", "samples/CAM_BACK/n015-2018-07-27-11-36-48+0800__CAM_BACK__1532662848437525.jpg", "samples/CAM_BACK_RIGHT/n015-2018-07-27-11-36-48+0800__CAM_BACK_RIGHT__1532662848427893.jpg"], "intrinsics": [[[1272.5979470598488, 0.0, 826.6154927353808], [0.0, 1272.5979470598488, 479.75165386361925], [0.0, 0.0, 1.0]], [[1266.417203046554, 0.0, 816.2670197447984], [0.0, 1266.417203046554, 491.50706579294757], [0.0, 0.0, 1.0]], [[1260.8474446004698, 0.0, 807.968244525554], [0.0, 1260.8474446004698, 495.3344268742088], [0.0, 0.0, 1.0]], [[1256.7414812095406, 0.0, 792.1125740759628], [0.0, 1256.7414812095406, 492.7757465151356], [0.0, 0.0, 1.0]], [[809.2209905677063, 0.0, 829.2196003259838], [0.0, 809.2209905677063, 481.77842384512485], [0.0, 0.0, 1.0]], [[1259.5137405846733, 0.0, 807.2529053838625], [0.0, 1259.5137405846733, 501.19579884916527], [0.0, 0.0, 1.0]]], "extrinsics": [[[0.8202193975448608, -0.5698920488357544, -0.04963038116693497, -0.6851806640625], [-0.04273378103971481, 0.025474727153778076, -0.9987616539001465, 1.4936714172363281], [0.5704507231712341, 0.8213245272636414, -0.003458778839558363, -1.0855712890625], [0.0, 0.0, 0.0, 1.0]], [[0.0060940878465771675, -0.9997444152832031, -0.021769488230347633, 0.006591796875], [-0.04808559641242027, 0.021451737731695175, -0.9986128807067871, 1.5070724487304688], [0.9988245964050293, 0.007132365833967924, -0.04794257506728172, -1.4126510620117188], [0.0, 0.0, 0.0, 1.0]], [[-0.8324180245399475, -0.5539718270301819, 0.01398182287812233, 0.8516845703125], [-0.0425296314060688, 0.03870909661054611, -0.9983450174331665, 1.4944229125976562], [0.5525137782096863, -0.8316349983215332, -0.05578236281871796, -1.12890625], [0.0, 0.0, 0.0, 1.0]], [[0.9470288157463074, 0.3197920620441437, -0.02948811836540699, -1.13751220703125], [-0.03402549400925636, 0.00860926229506731, -0.9993838667869568, 1.588388442993164], [-0.31934115290641785, 0.9474486708641052, 0.019034303724765778, -0.1053466796875], [0.0, 0.0, 0.0, 1.0]], [[0.0021384782157838345, 0.9998281598091125, 0.01841338723897934, 0.0028076171875], [-0.059382904320955276, 0.018507899716496468, -0.9980637431144714, 1.5745124816894531], [-0.9982329607009888, 0.0010408437810838223, 0.05941227823495865, -0.079559326171875], [0.0, 0.0, 0.0, 1.0]], [[-0.9344378113746643, 0.3542025089263916, 0.03696872666478157, 0.99029541015625], [-0.026717515662312508, 0.03379015251994133, -0.9990717768669128, 1.547271728515625], [-0.355122834444046, -0.9345581531524658, -0.02211138606071472, -0.119140625], [0.0, 0.0, 0.0, 1.0]]], "view": [[0.0, -2.0, 100.0], [-2.0, 0.0, 100.0], [0.0, 0.0, 1.0]], "bev": "bev_2daa0e0cbef8475abaf78f5521dc0813.png", "aux": "aux_2daa0e0cbef8475abaf78f5521dc0813.npz", "visibility": "visibility_2daa0e0cbef8475abaf78f5521dc0813.png", "pose": [[0.9162594079971313, 0.40058547258377075, 0.0, 591.0146484375], [-0.40058547258377075, 0.9162594079971313, 0.0, 1668.9013671875], [0.0, 0.0, 1.0, 0.0], [0.0, 0.0, 0.0, 1.0]], "pose_inverse": [[0.9162594079971313, -0.40058547258377075, 0.0, 127.01492309570312], [0.40058547258377075, 0.9162594079971313, 0.0, -1765.8984375], [0.0, 0.0, 1.0, 0.0], [0.0, 0.0, 0.0, 1.0]], "cam_ids": [0, 1, 2, 3, 4, 5], "cam_channels": ["CAM_FRONT_LEFT", "CAM_FRONT", "CAM_FRONT_RIGHT", "CAM_BACK_LEFT", "CAM_BACK", "CAM_BACK_RIGHT"], "token": "2daa0e0cbef8475abaf78f5521dc0813", "scene": "scene-0182"}, {"images": ["samples/CAM_FRONT_LEFT/n015-2018-07-27-11-36-48+0800__CAM_FRONT_LEFT__1532662848904844.jpg", "samples/CAM_FRONT/n015-2018-07-27-11-36-48+0800__CAM_FRONT__1532662848912460.jpg", "samples/CAM_FRONT_RIGHT/n015-2018-07-27-11-36-48+0800__CAM_FRONT_RIGHT__1532662848920339.jpg", "samples/CAM_BACK_LEFT/n015-2018-07-27-11-36-48+0800__CAM_BACK_LEFT__1532662848947423.jpg", "samples/CAM_BACK/n015-2018-07-27-11-36-48+0800__CAM_BACK__1532662848937525.jpg", "samples/CAM_BACK_RIGHT/n015-2018-07-27-11-36-48+0800__CAM_BACK_RIGHT__1532662848927893.jpg"], "intrinsics": [[[1272.5979470598488, 0.0, 826.6154927353808], [0.0, 1272.5979470598488, 479.75165386361925], [0.0, 0.0, 1.0]], [[1266.417203046554, 0.0, 816.2670197447984], [0.0, 1266.417203046554, 491.50706579294757], [0.0, 0.0, 1.0]], [[1260.8474446004698, 0.0, 807.968244525554], [0.0, 1260.8474446004698, 495.3344268742088], [0.0, 0.0, 1.0]], [[1256.7414812095406, 0.0, 792.1125740759628], [0.0, 1256.7414812095406, 492.7757465151356], [0.0, 0.0, 1.0]], [[809.2209905677063, 0.0, 829.2196003259838], [0.0, 809.2209905677063, 481.77842384512485], [0.0, 0.0, 1.0]], [[1259.5137405846733, 0.0, 807.2529053838625], [0.0, 1259.5137405846733, 501.19579884916527], [0.0, 0.0, 1.0]]], "extrinsics": [[[0.8209131360054016, -0.5683359503746033, -0.055640049278736115, -0.708251953125], [-0.04631952568888664, 0.03084358386695385, -0.9984503984451294, 1.4937629699707031], [0.5691713690757751, 0.8222182393074036, -0.0010051466524600983, -1.1044921875], [0.0, 0.0, 0.0, 1.0]], [[0.007474434562027454, -0.999600887298584, -0.027241824194788933, 0.0086669921875], [-0.05183640122413635, 0.026818644255399704, -0.9982954263687134, 1.5072517395019531], [0.9986276030540466, 0.008873813785612583, -0.05161525681614876, -1.43731689453125], [0.0, 0.0, 0.0, 1.0]], [[-0.8315862417221069, -0.5552139282226562, 0.014203994534909725, 0.86920166015625], [-0.046481888741254807, 0.044089097529649734, -0.9979456663131714, 1.4944076538085938], [0.5534471273422241, -0.8305381536483765, -0.06247127801179886, -1.13818359375], [0.0, 0.0, 0.0, 1.0]], [[0.9467606544494629, 0.32033097743988037, -0.032129742205142975, -1.138580322265625], [-0.038699064403772354, 0.014161305502057076, -0.9991505146026611, 1.5884132385253906], [-0.3196038603782654, 0.947199821472168, 0.02580387517809868, -0.1048583984375], [0.0, 0.0, 0.0, 1.0]], [[0.0013525057584047318, 0.9997124671936035, 0.023940417915582657, 0.001953125], [-0.06376410275697708, 0.023977933451533318, -0.9976769089698792, 1