[{"images": ["samples/CAM_FRONT_LEFT/n008-2018-09-18-13-41-50-0400__CAM_FRONT_LEFT__1537292611254799.jpg", "samples/CAM_FRONT/n008-2018-09-18-13-41-50-0400__CAM_FRONT__1537292611262404.jpg", "samples/CAM_FRONT_RIGHT/n008-2018-09-18-13-41-50-0400__CAM_FRONT_RIGHT__1537292611270482.jpg", "samples/CAM_BACK_LEFT/n008-2018-09-18-13-41-50-0400__CAM_BACK_LEFT__1537292611297405.jpg", "samples/CAM_BACK/n008-2018-09-18-13-41-50-0400__CAM_BACK__1537292611287558.jpg", "samples/CAM_BACK_RIGHT/n008-2018-09-18-13-41-50-0400__CAM_BACK_RIGHT__1537292611278113.jpg"], "intrinsics": [[[1257.8625342125129, 0.0, 827.2410631095686], [0.0, 1257.8625342125129, 450.915498205774], [0.0, 0.0, 1.0]], [[1252.8131021185304, 0.0, 826.588114781398], [0.0, 1252.8131021185304, 469.9846626224581], [0.0, 0.0, 1.0]], [[1256.7485116440405, 0.0, 817.7887570959712], [0.0, 1256.7485116440403, 451.9541780095127], [0.0, 0.0, 1.0]], [[1254.9860565800168, 0.0, 829.5769333630991], [0.0, 1254.9860565800168, 467.1680561863987], [0.0, 0.0, 1.0]], [[796.8910634503094, 0.0, 857.7774326863696], [0.0, 796.8910634503094, 476.8848988407415], [0.0, 0.0, 1.0]], [[1249.9629280788233, 0.0, 825.3768045375984], [0.0, 1249.9629280788233, 462.54816385708756], [0.0, 0.0, 1.0]]], "extrinsics": [[[0.8220461010932922, -0.5693516731262207, -0.00888716522604227, -0.9410400390625], [-0.0024392465129494667, 0.01208623219281435, -0.9999240040779114, 1.488102674484253], [0.569415807723999, 0.8220052123069763, 0.008546649478375912, -1.2890625], [0.0, 0.0, 0.0, 1.0]], [[0.009519354440271854, -0.9999241232872009, -0.007822565734386444, 0.00592041015625], [-0.0003624747332651168, 0.007819469086825848, -0.9999693632125854, 1.4801430702209473], [0.9999545812606812, 0.009521898813545704, -0.0002880107203964144, -1.670166015625], [0.0, 0.0, 0.0, 1.0]], [[-0.8443480134010315, -0.5357616543769836, -0.005995030514895916, 1.04833984375], [0.007753437384963036, -0.0010298477718606591, -0.9999694228172302, 1.4934606552124023], [0.5357391238212585, -0.8443686366081238, 0.00502354372292757, -1.250946044921875], [0.0, 0.0, 0.0, 1.0]], [[0.9478268027305603, 0.3185540437698364, -0.012155910022556782, -1.144287109375], [-0.01741359569132328, 0.013662179931998253, -0.9997550249099731, 1.562042236328125], [-0.3183099627494812, 0.947806179523468, 0.018496552482247353, -0.15598297119140625], [0.0, 0.0, 0.0, 1.0]], [[0.00949190091341734, 0.9999358654022217, 0.0061689866706728935, -0.02862548828125], [-0.01534910686314106, 0.0063142329454422, -0.9998622536659241, 1.5677871704101562], [-0.9998371601104736, 0.009395911358296871, 0.01540805771946907, 0.0263671875], [0.0, 0.0, 0.0, 1.0]], [[-0.9235844016075134, 0.3833724558353424, 0.004172527696937323, 1.1278076171875], [-0.011251089163124561, -0.016223425045609474, -0.9998050928115845, 1.5474090576171875], [-0.3832300007343292, -0.92345130443573, 0.01929706335067749, -0.0574951171875], [0.0, 0.0, 0.0, 1.0]]], "view": [[0.0, -2.0, 100.0], [-2.0, 0.0, 100.0], [0.0, 0.0, 1.0]], "bev": "bev_8ab913b8a8c044d8bb3eb5086b3e1691.png", "aux": "aux_8ab913b8a8c044d8bb3eb5086b3e1691.npz", "visibility": "visibility_8ab913b8a8c044d8bb3eb5086b3e1691.png", "pose": [[-0.9995017051696777, 0.03156408667564392, 0.0, 1958.85888671875], [-0.03156408667564392, -0.9995017051696777, 0.0, 787.5757446289062], [0.0, 0.0, 1.0, 0.0], [0.0, 0.0, 0.0, 1.0]], "pose_inverse": [[-0.9995017051696777, -0.03156408667564392, 0.0, 1982.741943359375], [0.03156408667564392, -0.9995017051696777, 0.0, 725.3536987304688], [0.0, 0.0, 1.0, 0.0], [0.0, 0.0, 0.0, 1.0]], "cam_ids": [0, 1, 2, 3, 4, 5], "cam_channels": ["CAM_FRONT_LEFT", "CAM_FRONT", "CAM_FRONT_RIGHT", "CAM_BACK_LEFT", "CAM_BACK", "CAM_BACK_RIGHT"], "token": "8ab913b8a8c044d8bb3eb5086b3e1691", "scene": "scene-0584"}, {"images": ["samples/CAM_FRONT_LEFT/n008-2018-09-18-13-41-50-0400__CAM_FRONT_LEFT__1537292611754799.jpg", "samples/CAM_FRONT/n008-2018-09-18-13-41-50-0400__CAM_FRONT__1537292611762404.jpg", "samples/CAM_FRONT_RIGHT/n008-2018-09-18-13-41-50-0400__CAM_FRONT_RIGHT__1537292611770482.jpg", "samples/CAM_BACK_LEFT/n008-2018-09-18-13-41-50-0400__CAM_BACK_LEFT__1537292611797405.jpg", "samples/CAM_BACK/n008-2018-09-18-13-41-50-0400__CAM_BACK__1537292611787558.jpg", "samples/CAM_BACK_RIGHT/n008-2018-09-18-13-41-50-0400__CAM_BACK_RIGHT__1537292611778113.jpg"], "intrinsics": [[[1257.8625342125129, 0.0, 827.2410631095686], [0.0, 1257.8625342125129, 450.915498205774], [0.0, 0.0, 1.0]], [[1252.8131021185304, 0.0, 826.588114781398], [0.0, 1252.8131021185304, 469.9846626224581], [0.0, 0.0, 1.0]], [[1256.7485116440405, 0.0, 817.7887570959712], [0.0, 1256.7485116440403, 451.9541780095127], [0.0, 0.0, 1.0]], [[1254.9860565800168, 0.0, 829.5769333630991], [0.0, 1254.9860565800168, 467.1680561863987], [0.0, 0.0, 1.0]], [[796.8910634503094, 0.0, 857.7774326863696], [0.0, 796.8910634503094, 476.8848988407415], [0.0, 0.0, 1.0]], [[1249.9629280788233, 0.0, 825.3768045375984], [0.0, 1249.9629280788233, 462.54816385708756], [0.0, 0.0, 1.0]]], "extrinsics": [[[0.8225256204605103, -0.5686807632446289, -0.0073344772681593895, -0.9710693359375], [-0.0025730645284056664, 0.009175151586532593, -0.9999545812606812, 1.488187551498413], [0.5687223076820374, 0.8225070834159851, 0.00608354527503252, -1.3104248046875], [0.0, 0.0, 0.0, 1.0]], [[0.010226615704596043, -0.9999346137046814, -0.005110098980367184, 0.00592041015625], [-0.0007150017190724611, 0.005103052593767643, -0.9999867081642151, 1.4801409244537354], [0.9999474883079529, 0.010230131447315216, -0.0006627672119066119, -1.701416015625], [0.0, 0.0, 0.0, 1.0]], [[-0.844056248664856, -0.5362382531166077, -0.004195833578705788, 1.0693359375], [0.007216597441583872, -0.003534836694598198, -0.9999676942825317, 1.4932546615600586], [0.5362061262130737, -0.8440592288970947, 0.006853415630757809, -1.26373291015625], [0.0, 0.0, 0.0, 1.0]], [[0.9478127360343933, 0.3185333013534546, -0.013691567815840244, -1.144287109375], [-0.018399124965071678, 0.011774673126637936, -0.9997613430023193, 1.562051773071289], [-0.3182961046695709, 0.9478384852409363, 0.017020922154188156, -0.15599822998046875], [0.0, 0.0, 0.0, 1.0]], [[0.009297726675868034, 0.9999485611915588, 0.004059215076267719, -0.02886962890625], [-0.0161756444722414, 0.004209262318909168, -0.9998602867126465, 1.5679130554199219], [-0.9998259544372559, 0.009230764582753181, 0.016213951632380486, 0.0352783203125], [0.0, 0.0, 0.0, 1.0]], [[-0.9237315654754639, 0.38302043080329895, 0.003896118141710758, 1.1436767578125], [-0.011908411048352718, -0.018549934029579163, -0.9997569918632507, 1.5475959777832031], [-0.38285505771636963, -0.9235535860061646, 0.02169632725417614, -0.050537109375], [0.0, 0.0, 0.0, 1.0]]], "view": [[0.0, -2.0, 100.0], [-2.0, 0.0, 100.0], [0.0, 0.0, 1.0]], "bev": "bev_5e17f82415b4442a86b7644643819811.png", "aux": "aux_5e17f82415b4442a86b7644643819811.npz", "visibility": "visibility_5e17f82415b4442a86b7644643819811.png", "pose": [[-0.9994504451751709, 0.03314738720655441, 0.0, 1958.1451416015625], [-0.03314738720655441, -0.9994504451751709, 0.0, 787.552490234375], [0.0, 0.0, 1.0, 0.0], [0.0, 0.0, 0.0, 1.0]], "pose_inverse": [[-0.9994504451751709, -0.03314738720655441, 0.0, 1983.1744384765625], [0.03314738720655441, -0.9994504451751709, 0.0, 722.2123413085938], [0.0, 0.0, 1.0, 0.0], [0.0, 0.0, 0.0, 1.0]], "cam_ids": [0, 1, 2, 3, 4, 5], "cam_channels": ["CAM_FRONT_LEFT", "CAM_FRONT", "CAM_FRONT_RIGHT", "CAM_BACK_LEFT", "CAM_BACK", "CAM_BACK_RIGHT"], "token": "5e17f82415b4442a86b7644643819811", "scene": "scene-0584"}, {"images": ["samples/CAM_FRONT_LEFT/n008-2018-09-18-13-41-50-0400__CAM_FRONT_LEFT__1537292612254799.jpg", "samples/CAM_FRONT/n008-2018-09-18-13-41-50-0400__CAM_FRONT__1537292612262404.jpg", "samples/CAM_FRONT_RIGHT/n008-2018-09-18-13-41-50-0400__CAM_FRONT_RIGHT__1537292612270482.jpg", "samples/CAM_BACK_LEFT/n008-2018-09-18-13-41-50-0400__CAM_BACK_LEFT__1537292612297405.jpg", "samples/CAM_BACK/n008-2018-09-18-13-41-50-0400__CAM_BACK__1537292612287558.jpg", "samples/CAM_BACK_RIGHT/n008-2018-09-18-13-41-50-0400__CAM_BACK_RIGHT__1537292612278113.jpg"], "intrinsics": [[[1257.8625342125129, 0.0, 827.2410631095686], [0.0, 1257.8625342125129, 450.915498205774], [0.0, 0.0, 1.0]], [[1252.8131021185304, 0.0, 826.588114781398], [0.0, 1252.8131021185304, 469.9846626224581], [0.0, 0.0, 1.0]], [[1256.7485116440405, 0.0, 817.7887570959712], [0.0, 1256.7485116440403, 451.9541780095127], [0.0, 0.0, 1.0]], [[1254.9860565800168, 0.0, 829.5769333630991], [0.0, 1254.9860565800168, 467.1680561863987], [0.0, 0.0, 1.0]], [[796.8910634503094, 0.0, 857.7774326863696], [0.0, 796.8910634503094, 476.8848988407415], [0.0, 0.0, 1.0]], [[1249.9629280788233, 0.0, 825.3768045375984], [0.0, 1249.9629280788233, 462.54816385708756], [0.0, 0.0, 1.0]]], "extrinsics": [[[0.8223716616630554, -0.5688945055007935, -0.007999338209629059, -0.9871826171875], [-0.005243927240371704, 0.0064802928827703, -0.999965250492096, 1.4881796836853027], [0.5689265727996826, 0.8223850131034851, 0.0023459678050130606, -1.3218994140625], [0.0, 0.0, 0.0, 1.0]], [[0.01001252606511116, -0.9999470710754395, -0.0023760180920362473, 0.00616455078125], [-0.00331600708886981, 0.002342920983210206, -0.999991774559021, 1.4801054000854492], [0.9999443888664246, 0.010020323097705841, -0.0032923740800470114, -1.7174072265625], [0.0, 0.0, 0.0, 1.0]], [[-0.8441504836082458, -0.5361061692237854, -0.0005298354662954807, 1.079833984375], [0.004671907052397728, -0.006368088535964489, -0.9999687671661377, 1.4931349754333496], [0.5360860824584961, -0.8441266417503357, 0.007880261167883873, -1.27008056640625], [0.0, 0.0, 0.0, 1.0]], [[0.947781503200531, 0.31847038865089417, -0.01693805307149887, -1.14404296875], [-0.0208115316927433, 0.008763917721807957, -0.9997450113296509, 1.562042236328125], [-0.31824079155921936, 0.9478923082351685, 0.014934135600924492, -0.15613937377929688], [0.0, 0.0, 0.0, 1.0]], [[0.009375939145684242, 0.9999555349349976, 0.001078987610526383, -0.02911376953125], [-0.01865929365158081, 0.001253803027793765, -0.999825119972229, 1.5679740905761719], [-0.9997819662094116, 0.00935416016727686, 0.0186702162027359, 0.03955078125], [0.0, 0.0, 0.0, 1.0]], [[-0.9236732125282288, 0.3831471800804138, 0.005107338074594736, 1.1519775390625], [-0.014422078616917133, -0.021442554891109467, -0.9996660351753235, 1.5476875305175781], [-0.38290974497795105, -0.9234383702278137, 0.025331689044833183, -0.046875], [0.0, 0.0, 0.0, 1.0]]], "view": [[0.0, -2.0, 100.0], [-2.0, 0.0, 100.0], [0.0, 0.0, 1.0]], "bev": "bev_5524832f9861470fb31ccd2961821ea6.png", "aux": "aux_5524832f9861470fb31ccd2961821ea6.npz", "visibility": "visibility_5524832f9861470fb31ccd2961821ea6.png", "pose": [[-0.9994646906852722, 0.03271648660302162, 0.0, 1957.7518310546875], [-0.03271648660302162, -0.9994646906852722, 0.0, 787.5490112304688], [0.0, 0.0, 1.0, 0.0], [0.0, 0.0, 0.0, 1.0]], "pose_inverse": [[-0.9994646906852722, -0.03271648660302162, 0.0, 1982.4696044921875], [0.03271648660302162, -0.9994646906852722, 0.0, 723.07666015625], [0.0, 0.0, 1.0, 0.0], [0.0, 0.0, 0.0, 1.0]], "cam_ids": [0, 1, 2, 3, 4, 5], "cam_channels": ["CAM_FRONT_LEFT", "CAM_FRONT", "CAM_FRONT_RIGHT", "CAM_BACK_LEFT", "CAM_BACK", "CAM_BACK_RIGHT"], "token": "5524832f9861470fb31ccd2961821ea6", "scene": "scene-0584"}, {"images": ["samples/CAM_FRONT_LEFT/n008-2018-09-18-13-41-50-0400__CAM_FRONT_LEFT__1537292612754799.jpg", "samples/CAM_FRONT/n008-2018-09-18-13-41-50-0400__CAM_FRONT__1537292612762404.jpg", "samples/CAM_FRONT_RIGHT/n008-2018-09-18-13-41-50-0400__CAM_FRONT_RIGHT__1537292612770482.jpg", "samples/CAM_BACK_LEFT/n008-2018-09-18-13-41-50-0400__CAM_BACK_LEFT__1537292612797405.jpg", "samples/CAM_BACK/n008-2018-09-18-13-41-50-0400__CAM_BACK__1537292612787558.jpg", "samples/CAM_BACK_RIGHT/n008-2018-09-18-13-41-50-0400__CAM_BACK_RIGHT__1537292612778113.jpg"], "intrinsics": [[[1257.8625342125129, 0.0, 827.2410631095686], [0.0, 1257.8625342125129, 450.915498205774], [0.0, 0.0, 1.0]], [[1252.8131021185304, 0.0, 826.588114781398], [0.0, 1252.8131021185304, 469.9846626224581], [0.0, 0.0, 1.0]], [[1256.7485116440405, 0.0, 817.7887570959712], [0.0, 1256.7485116440403, 451.9541780095127], [0.0, 0.0, 1.0]], [[1254.9860565800168, 0.0, 829.5769333630991], [0.0, 1254.9860565800168, 467.1680561863987], [0.0, 0.0, 1.0]], [[796.8910634503094, 0.0, 857.7774326863696], [0.0, 796.8910634503094, 476.8848988407415], [0.0, 0.0, 1.0]], [[1249.9629280788233, 0.0, 825.3768045375984], [0.0, 1249.9629280788233, 462.54816385708756], [0.0, 0.0, 1.0]]], "extrinsics": [[[0.8224572539329529, -0.5687952637672424, -0.0059966701082885265, -1.0048828125], [-0.0031227776780724525, 0.006027091760188341, -0.9999769330024719, 1.488291621208191], [0.5688183307647705, 0.8224570751190186, 0.003180803032591939, -1.3338623046875], [0.0, 0.0, 0.0, 1.0]], [[0.010135558433830738, -0.9999467134475708, -0.0019238495733588934, 0.005859375], [-0.0011766043026000261, 0.0019120194483548403, -0.9999974966049194, 1.4801632165908813], [0.9999479055404663, 0.010137790814042091, -0.0011571635259315372, -1.735107421875], [0.0, 0.0, 0.0, 1.0]], [[-0.8440933227539062, -0.5361921191215515, -0.002137403702363372, 1.0908203125], [0.006842865142971277, -0.006786210462450981, -0.9999535083770752, 1.4930706024169922], [0.5361526608467102, -0.8440687656402588, 0.009397285059094429, -1.27740478515625], [0.0, 0.0, 0.0, 1.0]], [[0.9478198289871216, 0.31845822930336, -0.014899102970957756, -1.144287109375], [-0.018526673316955566, 0.008365068584680557, -0.9997934103012085, 1.5620441436767578], [-0.3182678520679474, 0.9478999376296997, 0.013828551396727562, -0.1561279296875], [0.0, 0.0, 0.0, 1.0]], [[0.009328441694378853, 0.9999561905860901, 0.0006991703412495553, -0.0289306640625], [-0.016400108113884926, 0.000852100842166692, -0.9998651146888733, 1.5680656433105469], [-0.9998220205307007, 0.009315717034041882, 0.01640733890235424, 0.0445556640625], [0.0, 0.0, 0.0, 1.0]], [[-0.9237123131752014, 0.3830758035182953, 0.0029036342166364193, 1.160888671875], [-0.012207303196191788, -0.021858103573322296, -0.9996865391731262, 1.5478248596191406], [-0.3828922510147095, -0.9234582185745239, 0.024866923689842224, -0.0433349609375], [0.0, 0.0, 0.0, 1.0]]], "view": [[0.0, -2.0, 100.0], [-2.0, 0.0, 100.0], [0.0, 0.0, 1.0]], "bev": "bev_81f3893130554ddeb459b6d8ceedbffd.png", "aux": "aux_81f3893130554ddeb459b6d8ceedbffd.npz", "visibility": "visibility_81f3893130554ddeb459b6d8ceedbffd.png", "pose": [[-0.9994608163833618, 0.03283355012536049, 0.0, 1957.6607666015625], [-0.03283355012536049, -0.9994608163833618, 0.0, 787.547607421875], [0.0, 0.0, 1.0, 0.0], [0.0, 0.0, 0.0, 1.0]], "pose_inverse": [[-0.9994608163833618, -0.03283355012536049, 0.0, 1982.4632568359375], [0.03283355012536049, -0.9994608163833618, 0.0, 722.8460083007812], [0.0, 0.0, 1.0, 0.0], [0.0, 0.0, 0.0, 1.0]], "cam_ids": [0, 1, 2, 3, 4, 5], "cam_channels": ["CAM_FRONT_LEFT", "CAM_FRONT", "CAM_FRONT_RIGHT", "CAM_BACK_LEFT", "CAM_BACK", "CAM_BACK_RIGHT"], "token": "81f3893130554ddeb459b6d8ceedbffd", "scene": "scene-0584"}, {"images": ["samples/CAM_FRONT_LEFT/n008-2018-09-18-13-41-50-0400__CAM_FRONT_LEFT__1537292613154799.jpg", "samples/CAM_FRONT/n008-2018-09-18-13-41-50-0400__CAM_FRONT__1537292613162404.jpg", "samples/CAM_FRONT_RIGHT/n008-2018-09-18-13-41-50-0400__CAM_FRONT_RIGHT__1537292613170482.jpg", "samples/CAM_BACK_LEFT/n008-2018-09-18-13-41-50-0400__CAM_BACK_LEFT__1537292613197405.jpg", "samples/CAM_BACK/n008-2018-09-18-13-41-50-0400__CAM_BACK__1537292613187558.jpg", "samples/CAM_BACK_RIGHT/n008-2018-09-18-13-41-50-0400__CAM_BACK_RIGHT__1537292613178113.jpg"], "intrinsics": [[[1257.8625342125129, 0.0, 827.2410631095686], [0.0, 1257.8625342125129, 450.915498205774], [0.0, 0.0, 1.0]], [[1252.8131021185304, 0.0, 826.588114781398], [0.0, 1252.8131021185304, 469.9846626224581], [0.0, 0.0, 1.0]], [[1256.7485116440405, 0.0, 817.7887570959712], [0.0, 1256.7485116440403, 451.9541780095127], [0.0, 0.0, 1.0]], [[1254.9860565800168, 0.0, 829.5769333630991], [0.0, 1254.9860565800168, 467.1680561863987], [0.0, 0.0, 1.0]], [[796.8910634503094, 0.0, 857.7774326863696], [0.0, 796.8910634503094, 476.8848988407415], [0.0, 0.0, 1.0]], [[1249.9629280788233, 0.0, 825.3768045375984], [0.0, 1249.9629280788233, 462.54816385708756], [0.0, 0.0, 1.0]]], "extrinsics": [[[0.8225724101066589, -0.5686596035957336, -0.0009289424051530659, -1.006103515625], [0.0028161953669041395, 0.005707189440727234, -0.9999797344207764, 1.4882869720458984], [0.5686534643173218, 0.8225531578063965, 0.006296032108366489, -1.3348388671875], [0.0, 0.0, 0.0, 1.0]], [[0.010289672762155533, -0.999945878982544, -0.001487935776822269, 0.00567626953125], [0.004961804952472448, 0.0015390546759590507, -0.999986469745636, 1.4801568984985352], [0.999934732913971, 0.010282142087817192, 0.004977372474968433, -1.7362060546875], [0.0, 0.0, 0.0, 1.0]], [[-0.8439961671829224, -0.5363000631332397, -0.007259562611579895, 1.091552734375], [0.013181001879274845, -0.007208601571619511, -0.9998871088027954, 1.493062973022461], [0.5361872315406799, -0.8439965844154358, 0.013153004460036755, -1.27789306640625], [0.0, 0.0, 0.0, 1.0]], [[0.9478687047958374, 0.31854695081710815, -0.008523139171302319, -1.144287109375], [-0.0116016436368227, 0.007768172770738602, -0.9999024868011475, 1.5620431900024414], [-0.3184497058391571, 0.9478752017021179, 0.011058878153562546, -0.15607070922851562], [0.0, 0.0, 0.0, 1.0]], [[0.009225158952176571, 0.9999574422836304, 0.00022477151651401073, -0.02899169921875], [-0.009677905589342117, 0.00031405489426106215, -0.999953031539917, 1.5680656433105469], [-0.9999106526374817, 0.009222553111612797, 0.009680390357971191, 0.044921875], [0.0, 0.0, 0.0, 1.0]], [[-0.9237539172172546, 0.38297218084335327, -0.003289329120889306, 1.1611328125], [-0.00569714093580842, -0.022328544408082962, -0.9997344613075256, 1.547821044921875], [-0.38294386863708496, -0.9234899282455444, 0.022807929664850235, -0.043212890625], [0.0, 0.0, 0.0, 1.0]]], "view": [[0.0, -2.0, 100.0], [-2.0, 0.0, 100.0], [0.0, 0.0, 1.0]], "bev": "bev_7df03a0171654684bba7da154ab967dc.png", "aux": "aux_7df03a0171654684bba7da154ab967dc.npz", "visibility": "visibility_7df03a0171654684bba7da154ab967dc.png", "pose": [[-0.9994755983352661, 0.03238023445010185, 0.0, 1957.682373046875], [-0.03238023445010185, -0.9994755983352661, 0.0, 787.5532836914062], [0.0, 0.0, 1.0, 0.0], [0.0, 0.0, 0.0, 1.0]], "pose_inverse": [[-0.9994755983352661, -0.03238023445010185, 0.0, 1982.156982421875], [0.03238023445010185, -0.9994755983352661, 0.0, 723.7501220703125], [0.0, 0.0, 1.0, 0.0], [0.0, 0.0, 0.0, 1.0]], "cam_ids": [0, 1, 2, 3, 4, 5], "cam_channels": ["CAM_FRONT_LEFT", "CAM_FRONT", "CAM_FRONT_RIGHT", "CAM_BACK_LEFT", "CAM_BACK", "CAM_BACK_RIGHT"], "token": "7df03a0171654684bba7da154ab967dc", "scene": "scene-0584"}, {"images": ["samples/CAM_FRONT_LEFT/n008-2018-09-18-13-41-50-0400__CAM_FRONT_LEFT__1537292613654799.jpg", "samples/CAM_FRONT/n008-2018-09-18-13-41-50-0400__CAM_FRONT__1537292613662404.jpg", "samples/CAM_FRONT_RIGHT/n008-2018-09-18-13-41-50-0400__CAM_FRONT_RIGHT__1537292613670482.jpg", "samples/CAM_BACK_LEFT/n008-2018-09-18-13-41-50-0400__CAM_BACK_LEFT__1537292613697405.jpg", "samples/CAM_BACK/n008-2018-09-18-13-41-50-0400__CAM_BACK__1537292613687560.jpg", "samples/CAM_BACK_RIGHT/n008-2018-09-18-13-41-50-0400__CAM_BACK_RIGHT__1537292613678124.jpg"], "intrinsics": [[[1257.8625342125129, 0.0, 827.2410631095686], [0.0, 1257.8625342125129, 450.915498205774], [0.0, 0.0, 1.0]], [[1252.8131021185304, 0.0, 826.588114781398], [0.0, 1252.8131021185304, 469.9846626224581], [0.0, 0.0, 1.0]], [[1256.7485116440405, 0.0, 817.7887570959712], [0.0, 1256.7485116440403, 451.9541780095127], [0.0, 0.0, 1.0]], [[1254.9860565800168, 0.0, 829.5769333630991], [0.0, 1254.9860565800168, 467.1680561863987], [0.0, 0.0, 1.0]], [[796.8910634503094, 0.0, 857.7774326863696], [0.0, 796.8910634503094, 476.8848988407415], [0.0, 0.0, 1.0]], [[1249.9629280788233, 0.0, 825.3768045375984], [0.0, 1249.9629280788233, 462.54816385708756], [0.0, 0.0, 1.0]]], "extrinsics": [[[0.822475254535675, -0.568780779838562, 0.004795880988240242, -0.980224609375], [0.007006393279880285, 0.001699827960692346, -0.9999739527702332, 1.488504409790039], [0.5687578320503235, 0.822487473487854, 0.005383167415857315, -1.317138671875], [0.0, 0.0, 0.0, 1.0]], [[0.010155375115573406, -0.9999452829360962, 0.0025285868905484676, 0.00616455078125], [0.009007696062326431, -0.0024371326435357332, -0.9999564290046692, 1.4803905487060547], [0.9999078512191772, 0.010177714750170708, 0.008982451632618904, -1.7099609375], [0.0, 0.0, 0.0, 1.0]], [[-0.844016969203949, -0.5362498760223389, -0.008449148386716843, 1.074462890625], [0.017088105902075768, -0.01114268321543932, -0.9997918605804443, 1.4934101104736328], [0.536044180393219, -0.8439856767654419, 0.01856810785830021, -1.2667236328125], [0.0, 0.0, 0.0, 1.0]], [[0.9478762745857239, 0.318575382232666, -0.006353515200316906, -1.1435546875], [-0.00806963536888361, 0.004067355301231146, -0.9999591708183289, 1.5620412826538086], [-0.31853654980659485, 0.9478887915611267, 0.00642613647505641, -0.15613174438476562], [0.0, 0.0, 0.0, 1.0]], [[0.009236748330295086, 0.9999510645866394, -0.003554763039574027, -0.0289306640625], [-0.0060318284668028355, -0.0034991337452083826, -0.9999756217002869, 1.5680150985717773], [-0.9999392628669739, 0.009257967583835125, 0.005999212618917227, 0.036865234375], [0.0, 0.0, 0.0, 1.0]], [[-0.9237101674079895, 0.38300272822380066, -0.008278090506792068, 1.1474609375], [-0.0019093613373115659, -0.02621111460030079, -0.9996545910835266, 1.54779052734375], [-0.3830874264240265, -0.9233752489089966, 0.024942761287093163, -0.0489501953125], [0.0, 0.0, 0.0, 1.0]]], "view": [[0.0, -2.0, 100.0], [-2.0, 0.0, 100.0], [0.0, 0.0, 1.0]], "bev": "bev_70e1a9f3beed4102ad76af65883f90be.png", "aux": "aux_70e1a9f3beed4102ad76af65883f90be.npz", "visibility": "visibility_70e1a9f3beed4102ad76af65883f90be.png", "pose": [[-0.9994722604751587, 0.032484445720911026, 0.0, 1957.5155029296875], [-0.032484445720911026, -0.9994722604751587, 0.0, 787.5535888671875], [0.0, 0.0, 1.0, 0.0], [0.0, 0.0, 0.0, 1.0]], "pose_inverse": [[-0.9994722604751587, -0.032484445720911026, 0.0, 1982.065673828125], [0.032484445720911026, -0.9994722604751587, 0.0, 723.5491333007812], [0.0, 0.0, 1.0, 0.0], [0.0, 0.0, 0.0, 1.0]], "cam_ids": [0, 1, 2, 3, 4, 5], "cam_channels": ["CAM_FRONT_LEFT", "CAM_FRONT", "CAM_FRONT_RIGHT", "CAM_BACK_LEFT", "CAM_BACK", "CAM_BACK_RIGHT"], "token": "70e1a9f3beed4102ad76af65883f90be", "scene": "scene-0584"}, {"images": ["samples/CAM_FRONT_LEFT/n008-2018-09-18-13-41-50-0400__CAM_FRONT_LEFT__1537292614254799.jpg", "samples/CAM_FRONT/n008-2018-09-18-13-41-50-0400__CAM_FRONT__1537292614262404.jpg", "samples/CAM_FRONT_RIGHT/n008-2018-09-18-13-41-50-0400__CAM_FRONT_RIGHT__1537292614270482.jpg", "samples/CAM_BACK_LEFT/n008-2018-09-18-13-41-50-0400__CAM_BACK_LEFT__1537292614297405.jpg", "samples/CAM_BACK/n008-2018-09-18-13-41-50-0400__CAM_BACK__1537292614287558.jpg", "samples/CAM_BACK_RIGHT/n008-2018-09-18-13-41-50-0400__CAM_BACK_RIGHT__1537292614278113.jpg"], "intrinsics": [[[1257.8625342125129, 0.0, 827.2410631095686], [0.0, 1257.8625342125129, 450.915498205774], [0.0, 0.0, 1.0]], [[1252.8131021185304, 0.0, 826.588114781398], [0.0, 1252.8131021185304, 469.9846626224581], [0.0, 0.0, 1.0]], [[1256.7485116440405, 0.0, 817.7887570959712], [0.0, 1256.7485116440403, 451.9541780095127], [0.0, 0.0, 1.0]], [[1254.9860565800168, 0.0, 829.5769333630991], [0.0, 1254.9860565800168, 467.1680561863987], [0.0, 0.0, 1.0]], [[796.8910634503094, 0.0, 857.7774326863696], [0.0, 796.8910634503094, 476.8848988407415], [0.0, 0.0, 1.0]], [[1249.9629280788233, 0.0, 825.3768045375984], [0.0, 1249.9629280788233, 462.54816385708756], [0.0, 0.0, 1.0]]], "extrinsics": [[[0.8224247097969055, -0.5688679814338684, 0.0025958260521292686, -0.92529296875], [0.006780189927667379, 0.0052392915822565556, -0.9999632835388184, 1.4889488220214844], [0.568833589553833, 0.8224121332168579, 0.008165956474840641, -1.2786865234375], [0.0, 0.0, 0.0, 1.0]], [[0.01009410060942173, -0.9999485015869141, -0.0010440481128171086, 0.0064697265625], [0.00867455080151558, 0.0011316286399960518, -0.9999617338180542, 1.4808635711669922], [0.9999114274978638, 0.010084661655128002, 0.008685527369379997, -1.654296875], [0.0, 0.0, 0.0, 1.0]], [[-0.844045877456665, -0.5361785888671875, -0.00994982197880745, 1.037353515625], [0.01660783402621746, -0.0075900377705693245, -0.9998332858085632, 1.4941272735595703], [0.5360135436058044, -0.8440704941749573, 0.015311106108129025, -1.243438720703125], [0.0, 0.0, 0.0, 1.0]], [[0.9478896856307983, 0.3185400366783142, -0.006101511884480715, -1.14013671875], [-0.008893742226064205, 0.007312048226594925, -0.9999337196350098, 1.5620050430297852], [-0.31847432255744934, 0.9478811621665955, 0.009764029644429684, -0.15736007690429688], [0.0, 0.0, 0.0, 1.0]], [[0.009271728806197643, 0.9999569654464722, -0.00015467285993508995, -0.0286865234375], [-0.006798673886805773, -9.163646609522402e-05, -0.9999768733978271, 1.5678844451904297], [-0.9999339580535889, 0.009272566065192223, 0.006797532085329294, 0.0186767578125], [0.0, 0.0, 0.0, 1.0]], [[-0.9237003326416016, 0.3830629587173462, -0.006350744049996138, 1.1175537109375], [-0.0025438035372644663, -0.022708533331751823, -0.9997389316558838, 1.5476970672607422], [-0.38310712575912476, -0.923443078994751, 0.021950319409370422, -0.061279296875], [0.0, 0.0, 0.0, 1.0]]], "view": [[0.0, -2.0, 100.0], [-2.0, 0.0, 100.0], [0.0, 0.0, 1.0]], "bev": "bev_87c9cd6870a94e47be65a3bbced7abae.png", "aux": "aux_87c9cd6870a94e47be65a3bbced7abae.npz", "visibility": "visibility_87c9cd6870a94e47be65a3bbced7abae.png", "pose": [[-0.9994213581085205, 0.03401312604546547, 0.0, 1956.6781005859375], [-0.03401312604546547, -0.9994213581085205, 0.0, 787.5275268554688], [0.0, 0.0, 1.0, 0.0], [0.0, 0.0, 0.0, 1.0]], "pose_inverse": [[-0.9994213581085205, -0.03401312604546547, 0.0, 1982.3321533203125], [0.03401312604546547, -0.9994213581085205, 0.0, 720.5191040039062], [0.0, 0.0, 1.0, 0.0], [0.0, 0.0, 0.0, 1.0]], "cam_ids": [0, 1, 2, 3, 4, 5], "cam_channels": ["CAM_FRONT_LEFT", "CAM_FRONT", "CAM_FRONT_RIGHT", "CAM_BACK_LEFT", "CAM_BACK", "CAM_BACK_RIGHT"], "token": "87c9cd6870a94e47be65a3bbced7abae", "scene": "scene-0584"}, {"images": ["samples/CAM_FRONT_LEFT/n008-2018-09-18-13-41-50-0400__CAM_FRONT_LEFT__1537292614854799.jpg", "samples/CAM_FRONT/n008-2018-09-18-13-41-50-0400__CAM_FRONT__1537292614862404.jpg", "samples/CAM_FRONT_RIGHT/n008-2018-09-18-13-41-50-0400__CAM_FRONT_RIGHT__1537292614870482.jpg", "samples/CAM_BACK_LEFT/n008-2018-09-18-13-41-50-0400__CAM_BACK_LEFT__1537292614897405.jpg", "samples/CAM_BACK/n008-2018-09-18-13-41-50-0400__CAM_BACK__1537292614887558.jpg", "samples/CAM_BACK_RIGHT/n008-2018-09-18-13-41-50-0400__CAM_BACK_RIGHT__1537292614878113.jpg"], "intrinsics": [[[1257.8625342125129, 0.0, 827.2410631095686], [0.0, 1257.8625342125129, 450.915498205774], [0.0, 0.0, 1.0]], [[1252.8131021185304, 0.0, 826.588114781398], [0.0, 1252.8131021185304, 469.9846626224581], [0.0, 0.0, 1.0]], [[1256.7485116440405, 0.0, 817.7887570959712], [0.0, 1256.7485116440403, 451.9541780095127], [0.0, 0.0, 1.0]], [[1254.9860565800168, 0.0, 829.5769333630991], [0.0, 1254.9860565800168, 467.1680561863987], [0.0, 0.0, 1.0]], [[796.8910634503094, 0.0, 857.7774326863696], [0.0, 796.8910634503094, 476.8848988407415], [0.0, 0.0, 1.0]], [[1249.9629280788233, 0.0, 825.3768045375984], [0.0, 1249.9629280788233, 462.54816385708756], [0.0, 0.0, 1.0]]], "extrinsics": [[[0.8238394856452942, -0.566822350025177, 0.001023898832499981, -0.889892578125], [0.0018594433786347508, 0.0008962003630585968, -0.9999978542327881, 1.488553524017334], [0.5668202638626099, 0.8238396048545837, 0.0017922990955412388, -1.2548828125], [0.0, 0.0, 0.0, 1.0]], [[0.012111318297684193, -0.9999212622642517, 0.0032748463563621044, 0.0072021484375], [0.003718195715919137, -0.0032300299499183893, -0.9999879002571106, 1.4806013107299805], [0.9999197125434875, 0.0121233519166708, 0.003678784007206559, -1.6182861328125], [0.0, 0.0, 0.0, 1.0]], [[-0.8432469367980957, -0.5375155210494995, -0.0034484067000448704, 1.013916015625], [0.011680888012051582, -0.011910250410437584, -0.9998608231544495, 1.4941434860229492], [0.5373996496200562, -0.8431698083877563, 0.01632193848490715, -1.228302001953125], [0.0, 0.0, 0.0, 1.0]], [[0.9478147029876709, 0.31858909130096436, -0.012177600525319576, -1.13720703125], [-0.013973221182823181, 0.0033512806985527277, -0.9998967051506042, 1.5619392395019531], [-0.318515419960022, 0.9478869438171387, 0.007628109771758318, -0.15834808349609375], [0.0, 0.0, 0.0, 1.0]], [[0.008647437207400799, 0.9999531507492065, -0.004340230021625757, -0.0286865234375], [-0.011763883754611015, -0.004238360561430454, -0.9999217987060547, 1.5676136016845703], [-0.9998933672904968, 0.008697816170752048, 0.011726683005690575, 0.0062255859375], [0.0, 0.0, 0.0, 1.0]], [[-0.9241560697555542, 0.38199907541275024, -0.0034684045240283012, 1.09814453125], [-0.007404271978884935, -0.026988938450813293, -0.9996082782745361, 1.5473175048828125], [-0.3819430470466614, -0.9237685203552246, 0.027770420536398888, -0.0693359375], [0.0, 0.0, 0.0, 1.0]]], "view": [[0.0, -2.0, 100.0], [-2.0, 0.0, 100.0], [0.0, 0.0, 1.0]], "bev": "bev_2aada5f542a24e2496bae22022e1d775.png", "aux": "aux_2aada5f542a24e2496bae22022e1d775.npz", "visibility": "visibility_2aada5f542a24e2496bae22022e1d775.png", "pose": [[-0.9997937083244324, 0.020311743021011353, 0.0, 1954.947265625], [-0.020311743021011353, -0.9997937083244324, 0.0, 787.4812622070312], [0.0, 0.0, 1.0, 0.0], [0.0, 0.0, 0.0, 1.0]], "pose_inverse": [[-0.9997937083244324, -0.020311743021011353, 0.0, 1970.5390625], [0.020311743021011353, -0.9997937083244324, 0.0, 747.6104125976562], [0.0, 0.0, 1.0, 0.0], [0.0, 0.0, 0.0, 1.0]], "cam_ids": [0, 1, 2, 3, 4, 5], "cam_channels": ["CAM_FRONT_LEFT", "CAM_FRONT", "CAM_FRONT_RIGHT", "CAM_BACK_LEFT", "CAM_BACK", "CAM_BACK_RIGHT"], "token": "2aada5f542a24e2496bae22022e1d775", "scene": "scene-0584"}, {"images": ["samples/CAM_FRONT_LEFT/n008-2018-09-18-13-41-50-0400__CAM_FRONT_LEFT__1537292615354799.jpg", "samples/CAM_FRONT/n008-2018-09-18-13-41-50-0400__CAM_FRONT__1537292615362404.jpg", "samples/CAM_FRONT_RIGHT/n008-2018-09-18-13-41-50-0400__CAM_FRONT_RIGHT__1537292615370483.jpg", "samples/CAM_BACK_LEFT/n008-2018-09-18-13-41-50-0400__CAM_BACK_LEFT__1537292615397405.jpg", "samples/CAM_BACK/n008-2018-09-18-13-41-50-0400__CAM_BACK__1537292615387558.jpg", "samples/CAM_BACK_RIGHT/n008-2018-09-18-13-41-50-0400__CAM_BACK_RIGHT__1537292615378113.jpg"], "intrinsics": [[[1257.8625342125129, 0.0, 827.2410631095686], [0.0, 1257.8625342125129, 450.915498205774], [0.0, 0.0, 1.0]], [[1252.8131021185304, 0.0, 826.588114781398], [0.0, 1252.8131021185304, 469.9846626224581], [0.0, 0.0, 1.0]], [[1256.7485116440405, 0.0, 817.7887570959712], [0.0, 1256.7485116440403, 451.9541780095127], [0.0, 0.0, 1.0]], [[1254.9860565800168, 0.0, 829.5769333630991], [0.0, 1254.9860565800168, 467.1680561863987], [0.0, 0.0, 1.0]], [[796.8910634503094, 0.0, 857.7774326863696], [0.0, 796.8910634503094, 476.8848988407415], [0.0, 0.0, 1.0]], [[1249.9629280788233, 0.0, 825.3768045375984], [0.0, 1249.9629280788233, 462.54816385708756], [0.0, 0.0, 1.0]]], "extrinsics": [[[0.8246579170227051, -0.5656071901321411, 0.00528904190286994, -0.8646240234375], [0.0060184975154697895, -0.0005759177729487419, -0.999981701374054, 1.4893198013305664], [0.5655998587608337, 0.824674665927887, 0.0029291699174791574, -1.2369384765625], [0.0, 0.0, 0.0, 1.0]], [[0.0134104173630476, -0.9998980164527893, 0.004915859550237656, 0.00732421875], [0.008281540125608444, -0.0048050656914711, -0.9999541640281677, 1.4813385009765625], [0.9998758435249329, 0.01345051359385252, 0.008216257207095623, -1.5926513671875], [0.0, 0.0, 0.0, 1.0]], [[-0.8426375985145569, -0.5384414196014404, -0.0065420567989349365, 0.99658203125], [0.0164773091673851, -0.01363906916230917, -0.9997711777687073, 1.494913101196289], [0.5382290482521057, -0.8425526022911072, 0.020364856347441673, -1.217376708984375], [0.0, 0.0, 0.0, 1.0]], [[0.947856605052948, 0.31860002875328064, -0.007864808663725853, -1.13427734375], [-0.008628142066299915, 0.0009847130859270692, -0.999962329864502, 1.5619583129882812], [-0.31858029961586, 0.9478887319564819, 0.003682294860482216, -0.158843994140625], [0.0, 0.0, 0.0, 1.0]], [[0.00818195566534996, 0.9999462366104126, -0.006373756565153599, -0.0284423828125], [-0.0064601413905620575, -0.006320977583527565, -0.9999591708183289, 1.5677547454833984], [-0.9999456405639648, 0.008222797885537148, 0.006408075802028179, -0.003173828125], [0.0, 0.0, 0.0, 1.0]], [[-0.9244455695152283, 0.3812142312526703, -0.008729013614356518, 1.083984375], [-0.0024739995133131742, -0.028887752443552017, -0.9995795488357544, 1.5476093292236328], [-0.38130608201026917, -0.924035370349884, 0.027648277580738068, -0.0751953125], [0.0, 0.0, 0.0, 1.0]]], "view": [[0.0, -2.0, 100.0], [-2.0, 0.0, 100.0], [0.0, 0.0, 1.0]], "bev": "bev_fc83037ea17d4eaca01a2e2908e3a055.png", "aux": "aux_fc83037ea17d4eaca01a2e2908e3a055.npz", "visibility": "visibility_fc83037ea17d4eaca01a2e2908e3a055.png", "pose": [[-0.9999437928199768, -0.010604336857795715, 0.0, 1953.2044677734375], [0.010604336857795715, -0.9999437928199768, 0.0, 787.480712890625], [0.0, 0.0, 1.0, 0.0], [0.0, 0.0, 0.0, 1.0]], "pose_inverse": [[-0.9999437928199768, 0.010604336857795715, 0.0, 1944.743896484375], [-0.010604336857795715, -0.9999437928199768, 0.0, 808.1488647460938], [0.0, 0.0, 1.0, 0.0], [0.0, 0.0, 0.0, 1.0]], "cam_ids": [0, 1, 2, 3, 4, 5], "cam_channels": ["CAM_FRONT_LEFT", "CAM_FRONT", "CAM_FRONT_RIGHT", "CAM_BACK_LEFT", "CAM_BACK", "CAM_BACK_RIGHT"], "token": "fc83037ea17d4eaca01a2e2908e3a055", "scene": "scene-0584"}, {"images": ["samples/CAM_FRONT_LEFT/n008-2018-09-18-13-41-50-0400__CAM_FRONT_LEFT__1537292615854799.jpg", "samples/CAM_FRONT/n008-2018-09-18-13-41-50-0400__CAM_FRONT__1537292615862414.jpg", "samples/CAM_FRONT_RIGHT/n008-2018-09-18-13-41-50-0400__CAM_FRONT_RIGHT__1537292615870482.jpg", "samples/CAM_BACK_LEFT/n008-2018-09-18-13-41-50-0400__CAM_BACK_LEFT__1537292615897405.jpg", "samples/CAM_BACK/n008-2018-09-18-13-41-50-0400__CAM_BACK__1537292615887558.jpg", "samples/CAM_BACK_RIGHT/n008-2018-09-18-13-41-50-0400__CAM_BACK_RIGHT__1537292615878113.jpg"], "intrinsics": [[[1257.8625342125129, 0.0, 827.2410631095686], [0.0, 1257.8625342125129, 450.915498205774], [0.0, 0.0, 1.0]], [[1252.8131021185304, 0.0, 826.588114781398], [0.0, 1252.8131021185304, 469.9846626224581], [0.0, 0.0, 1.0]], [[1256.7485116440405, 0.0, 817.7887570959712], [0.0, 1256.7485116440403, 451.9541780095127], [0.0, 0.0, 1.0]], [[1254.9860565800168, 0.0, 829.5769333630991], [0.0, 1254.9860565800168, 467.1680561863987], [0.0, 0.0, 1.0]], [[796.8910634503094, 0.0, 857.7774326863696], [0.0, 796.8910634503094, 476.8848988407415], [0.0, 0.0, 1.0]], [[1249.9629280788233, 0.0, 825.3768045375984], [0.0, 1249.9629280788233, 462.54816385708756], [0.0, 0.0, 1.0]]], "extrinsics": [[[0.8285024762153625, -0.5599526762962341, 0.00605654064565897, -0.849365234375], [0.006499181967228651, -0.001199779100716114, -0.9999781250953674, 1.4895133972167969], [0.559947669506073, 0.8285236954689026, 0.002645212924107909, -1.2286376953125], [0.0, 0.0, 0.0, 1.0]], [[0.019170960411429405, -0.9998008608818054, 0.005529668182134628, 0.00897216796875], [0.008596515282988548, -0.005365649238228798, -0.9999486207962036, 1.4815263748168945], [0.9997791647911072, 0.019217507913708687, 0.008491938933730125, -1.576904296875], [0.0, 0.0, 0.0, 1.0]], [[-0.8401448726654053, -0.5423220992088318, -0.006571157369762659, 0.98583984375], [0.016918038949370384, -0.014095017686486244, -0.9997575283050537, 1.4952011108398438], [0.5420980453491211, -0.8400524854660034, 0.021016886457800865, -1.2089385986328125], [0.0, 0.0, 0.0, 1.0]], [[0.9475598931312561, 0.31948769092559814, -0.0076164486818015575, -1.132080078125], [-0.008255038410425186, 0.0006446388433687389, -0.9999656677246094, 1.561936378479004], [-0.3194718360900879, 0.947590172290802, 0.003248217049986124, -0.16082763671875], [0.0, 0.0, 0.0, 1.0]], [[0.006072009913623333, 0.9999586343765259, -0.006782206241041422, -0.029296875], [-0.00621430017054081, -0.006744465325027704, -0.9999579191207886, 1.5677299499511719], [-0.999962329864502, 0.006113908253610134, 0.006173090077936649, -0.0096435546875], [0.0, 0.0, 0.0, 1.0]], [[-0.9257511496543884, 0.3780166804790497, -0.009387733414769173, 1.073974609375], [-0.0018545944476500154, -0.02936527132987976, -0.9995669722557068, 1.5476646423339844], [-0.37812870740890503, -0.9253329038619995, 0.027886001393198967, -0.078125], [0.0, 0.0, 0.0, 1.0]]], "view": [[0.0, -2.0, 100.0], [-2.0, 0.0, 100.0], [0.0, 0.0, 1.0]], "bev": "bev_892c64427bb94b28921f7cd5a4fdf1b3.png", "aux": "aux_892c64427bb94b28921f7cd5a4fdf1b3.npz", "visibility": "visibility_892c64427bb94b28921f7cd5a4fdf1b3.png", "pose": [[-0.9955896735191345, -0.09381472319364548, 0.0, 1951.2359619140625], [0.09381472319364548, -0.9955896735191345, 0.0, 787.5839233398438], [0.0, 0.0, 1.0, 0.0], [0.0, 0.0, 0.0, 1.0]], "pose_inverse": [[-0.9955896735191345, 0.09381472319364548, 0.0, 1868.743408203125], [-0.09381472319364548, -0.9955896735191345, 0.0, 967.1651000976562], [0.0, 0.0, 1.0, 0.0], [0.0, 0.0, 0.0, 1.0]], "cam_ids": [0, 1, 2, 3, 4, 5], "cam_channels": ["CAM_FRONT_LEFT", "CAM_FRONT", "CAM_FRONT_RIGHT", "CAM_BACK_LEFT", "CAM_BACK", "CAM_BACK_RIGHT"], "token": "892c64427bb94b28921f7cd5a4fdf1b3", "scene": "scene-0584"}, {"images": ["samples/CAM_FRONT_LEFT/n008-2018-09-18-13-41-50-0400__CAM_FRONT_LEFT__1537292616354799.jpg", "samples/CAM_FRONT/n008-2018-09-18-13-41-50-0400__CAM_FRONT__1537292616362404.jpg", "samples/CAM_FRONT_RIGHT/n008-2018-09-18-13-41-50-0400__CAM_FRONT_RIGHT__1537292616370482.jpg", "samples/CAM_BACK_LEFT/n008-2018-09-18-13-41-50-0400__CAM_BACK_LEFT__1537292616397405.jpg", "samples/CAM_BACK/n008-2018-09-18-13-41-50-0400__CAM_BACK__1537292616387558.jpg", "samples/CAM_BACK_RIGHT/n008-2018-09-18-13-41-50-0400__CAM_BACK_RIGHT__1537292616378113.jpg"], "intrinsics": [[[1257.8625342125129, 0.0, 827.2410631095686], [0.0, 1257.8625342125129, 450.915498205774], [0.0, 0.0, 1.0]], [[1252.8131021185304, 0.0, 826.588114781398], [0.0, 1252.8131021185304, 469.9846626224581], [0.0, 0.0, 1.0]], [[1256.7485116440405, 0.0, 817.7887570959712], [0.0, 1256.7485116440403, 451.9541780095127], [0.0, 0.0, 1.0]], [[1254.9860565800168, 0.0, 829.5769333630991], [0.0, 1254.9860565800168, 467.1680561863987], [0.0, 0.0, 1.0]], [[796.8910634503094, 0.0, 857.7774326863696], [0.0, 796.8910634503094, 476.8848988407415], [0.0, 0.0, 1.0]], [[1249.9629280788233, 0.0, 825.3768045375984], [0.0, 1249.9629280788233, 462.54816385708756], [0.0, 0.0, 1.0]]], "extrinsics": [[[0.8297491669654846, -0.5580622553825378, 0.009110944345593452, -0.84344482421875], [0.006237198133021593, -0.007051600143313408, -0.9999557137489319, 1.4894979000091553], [0.5581017732620239, 0.8297691345214844, -0.002370313974097371, -1.2200927734375], [0.0, 0.0, 0.0, 1.0]], [[0.021008893847465515, -0.9997150301933289, 0.011334476061165333, 0.005859375], [0.008140355348587036, -0.01116555742919445, -0.9999045729637146, 1.4814735651016235], [0.9997462034225464, 0.021099155768752098, 0.007903460413217545, -1.5697021484375], [0.0, 0.0, 0.0, 1.0]], [[-0.8393843173980713, -0.5435308218002319, -0.002857883693650365, 0.979736328125], [0.016229890286922455, -0.019807834178209305, -0.9996720552444458, 1.4951448440551758], [0.5432959794998169, -0.8391554355621338, 0.02544783428311348, -1.2085113525390625], [0.0, 0.0, 0.0, 1.0]], [[0.9475756287574768, 0.3193652629852295, -0.010311080142855644, -1.1290283203125], [-0.009289806708693504, -0.004721008241176605, -0.9999457001686096, 1.5618934631347656], [-0.31939664483070374, 0.9476199150085449, -0.0015066718915477395, -0.160400390625], [0.0, 0.0, 0.0, 1.0]], [[0.005486737936735153, 0.9999086260795593, -0.012353154830634594, -0.