[{"images": ["samples/CAM_FRONT_LEFT/n008-2018-08-31-11-19-57-0400__CAM_FRONT_LEFT__1535729318504799.jpg", "samples/CAM_FRONT/n008-2018-08-31-11-19-57-0400__CAM_FRONT__1535729318512404.jpg", "samples/CAM_FRONT_RIGHT/n008-2018-08-31-11-19-57-0400__CAM_FRONT_RIGHT__1535729318520482.jpg", "samples/CAM_BACK_LEFT/n008-2018-08-31-11-19-57-0400__CAM_BACK_LEFT__1535729318547405.jpg", "samples/CAM_BACK/n008-2018-08-31-11-19-57-0400__CAM_BACK__1535729318537558.jpg", "samples/CAM_BACK_RIGHT/n008-2018-08-31-11-19-57-0400__CAM_BACK_RIGHT__1535729318528113.jpg"], "intrinsics": [[[1257.8625342125129, 0.0, 827.2410631095686], [0.0, 1257.8625342125129, 450.915498205774], [0.0, 0.0, 1.0]], [[1252.8131021185304, 0.0, 826.588114781398], [0.0, 1252.8131021185304, 469.9846626224581], [0.0, 0.0, 1.0]], [[1256.7485116440405, 0.0, 817.7887570959712], [0.0, 1256.7485116440403, 451.9541780095127], [0.0, 0.0, 1.0]], [[1254.9860565800168, 0.0, 829.5769333630991], [0.0, 1254.9860565800168, 467.1680561863987], [0.0, 0.0, 1.0]], [[796.8910634503094, 0.0, 857.7774326863696], [0.0, 796.8910634503094, 476.8848988407415], [0.0, 0.0, 1.0]], [[1249.9629280788233, 0.0, 825.3768045375984], [0.0, 1249.9629280788233, 462.54816385708756], [0.0, 0.0, 1.0]]], "extrinsics": [[[0.8222665786743164, -0.569057822227478, -0.007146956864744425, -0.87109375], [0.0011802768567577004, 0.014263450168073177, -0.9998975396156311, 1.488473892211914], [0.5691014528274536, 0.8221737742424011, 0.012400002218782902, -1.2415771484375], [0.0, 0.0, 0.0, 1.0]], [[0.009839076548814774, -0.9999006390571594, -0.010092069394886494, 0.0072021484375], [0.0032089180313050747, 0.010124078951776028, -0.9999436140060425, 1.4805917739868164], [0.9999464750289917, 0.009806075133383274, 0.0033082105219364166, -1.599884033203125], [0.0, 0.0, 0.0, 1.0]], [[-0.8441988825798035, -0.5359311103820801, -0.010300504975020885, 1.001708984375], [0.01130890566855669, 0.0014047889271751046, -0.9999350905418396, 1.4942662715911865], [0.5359107851982117, -0.8442605137825012, 0.004874872043728828, -1.2205810546875], [0.0, 0.0, 0.0, 1.0]], [[0.94790118932724, 0.31846490502357483, -0.00796107854694128, -1.1336593627929688], [-0.013929227367043495, 0.01646745204925537, -0.9997673630714417, 1.561899185180664], [-0.31825974583625793, 0.9477916359901428, 0.020045487210154533, -0.1593017578125], [0.0, 0.0, 0.0, 1.0]], [[0.009425763040781021, 0.9999162554740906, 0.008867439813911915, -0.028564453125], [-0.011858255602419376, 0.00897898431867361, -0.9998893141746521, 1.5675315856933594], [-0.9998852610588074, 0.00931961927562952, 0.011941897682845592, -0.00030517578125], [0.0, 0.0, 0.0, 1.0]], [[-0.9236564636230469, 0.38321664929389954, 0.001907331752590835, 1.08837890625], [-0.007738889195024967, -0.013676281087100506, -0.9998764991760254, 1.5472126007080078], [-0.38314318656921387, -0.9235572218894958, 0.015597857534885406, -0.0733642578125], [0.0, 0.0, 0.0, 1.0]]], "view": [[0.0, -2.0, 100.0], [-2.0, 0.0, 100.0], [0.0, 0.0, 1.0]], "bev": "bev_bb93408e0ce145b898049af2912f38eb.png", "aux": "aux_bb93408e0ce145b898049af2912f38eb.npz", "visibility": "visibility_bb93408e0ce145b898049af2912f38eb.png", "pose": [[0.7582863569259644, 0.6519216299057007, 0.0, 754.4869995117188], [-0.6519216299057007, 0.7582863569259644, 0.0, 1519.8883056640625], [0.0, 0.0, 1.0, 0.0], [0.0, 0.0, 0.0, 1.0]], "pose_inverse": [[0.7582863569259644, -0.6519216299057007, 0.0, 418.7309265136719], [0.6519216299057007, 0.7582863569259644, 0.0, -1644.376953125], [0.0, 0.0, 1.0, 0.0], [0.0, 0.0, 0.0, 1.0]], "cam_ids": [0, 1, 2, 3, 4, 5], "cam_channels": ["CAM_FRONT_LEFT", "CAM_FRONT", "CAM_FRONT_RIGHT", "CAM_BACK_LEFT", "CAM_BACK", "CAM_BACK_RIGHT"], "token": "bb93408e0ce145b898049af2912f38eb", "scene": "scene-0301"}, {"images": ["samples/CAM_FRONT_LEFT/n008-2018-08-31-11-19-57-0400__CAM_FRONT_LEFT__1535729319004799.jpg", "samples/CAM_FRONT/n008-2018-08-31-11-19-57-0400__CAM_FRONT__1535729319012716.jpg", "samples/CAM_FRONT_RIGHT/n008-2018-08-31-11-19-57-0400__CAM_FRONT_RIGHT__1535729319020483.jpg", "samples/CAM_BACK_LEFT/n008-2018-08-31-11-19-57-0400__CAM_BACK_LEFT__1535729319047405.jpg", "samples/CAM_BACK/n008-2018-08-31-11-19-57-0400__CAM_BACK__1535729319037576.jpg", "samples/CAM_BACK_RIGHT/n008-2018-08-31-11-19-57-0400__CAM_BACK_RIGHT__1535729319028113.jpg"], "intrinsics": [[[1257.8625342125129, 0.0, 827.2410631095686], [0.0, 1257.8625342125129, 450.915498205774], [0.0, 0.0, 1.0]], [[1252.8131021185304, 0.0, 826.588114781398], [0.0, 1252.8131021185304, 469.9846626224581], [0.0, 0.0, 1.0]], [[1256.7485116440405, 0.0, 817.7887570959712], [0.0, 1256.7485116440403, 451.9541780095127], [0.0, 0.0, 1.0]], [[1254.9860565800168, 0.0, 829.5769333630991], [0.0, 1254.9860565800168, 467.1680561863987], [0.0, 0.0, 1.0]], [[796.8910634503094, 0.0, 857.7774326863696], [0.0, 796.8910634503094, 476.8848988407415], [0.0, 0.0, 1.0]], [[1249.9629280788233, 0.0, 825.3768045375984], [0.0, 1249.9629280788233, 462.54816385708756], [0.0, 0.0, 1.0]]], "extrinsics": [[[0.8226706385612488, -0.5684521794319153, -0.008673947304487228, -0.88720703125], [0.0039048679172992706, 0.020906606689095497, -0.9997738003730774, 1.4888019561767578], [0.5685048699378967, 0.8224506974220276, 0.019418979063630104, -1.2547607421875], [0.0, 0.0, 0.0, 1.0]], [[0.010421302169561386, -0.9998048543930054, -0.016779111698269844, 0.008544921875], [0.005964165553450584, 0.01684187352657318, -0.9998403787612915, 1.480825424194336], [0.9999278783798218, 0.010319603607058525, 0.006138516589999199, -1.618408203125], [0.0, 0.0, 0.0, 1.0]], [[-0.8439351916313171, -0.5361977815628052, -0.016288647428154945, 1.01397705078125], [0.014088801108300686, 0.008199303410947323, -0.9998670816421509, 1.494351863861084], [0.5362601280212402, -0.8440525531768799, 0.000634702097158879, -1.2271728515625], [0.0, 0.0, 0.0, 1.0]], [[0.9478676915168762, 0.3186497688293457, -0.003013686975464225, -1.1375198364257812], [-0.011046350933611393, 0.023404385894536972, -0.9996650218963623, 1.5619583129882812], [-0.3184725344181061, 0.9475834965705872, 0.02570418082177639, -0.15869140625], [0.0, 0.0, 0.0, 1.0]], [[0.009182209149003029, 0.9998327493667603, 0.01581769436597824, -0.0289306640625], [-0.009068219922482967, 0.015900971367955208, -0.9998324513435364, 1.567708969116211], [-0.9999167323112488, 0.009037255309522152, 0.009212709031999111, 0.00653076171875], [0.0, 0.0, 0.0, 1.0]], [[-0.9237791895866394, 0.3829205632209778, 0.0019264569273218513, 1.09771728515625], [-0.004916203673928976, -0.006829349789768457, -0.9999645948410034, 1.5474853515625], [-0.38289377093315125, -0.9237560629844666, 0.008191327564418316, -0.0687255859375], [0.0, 0.0, 0.0, 1.0]]], "view": [[0.0, -2.0, 100.0], [-2.0, 0.0, 100.0], [0.0, 0.0, 1.0]], "bev": "bev_faf2ea71b30941329a3c3f3866cec714.png", "aux": "aux_faf2ea71b30941329a3c3f3866cec714.npz", "visibility": "visibility_faf2ea71b30941329a3c3f3866cec714.png", "pose": [[0.7573292255401611, 0.6530332565307617, 0.0, 755.7289428710938], [-0.6530332565307617, 0.7573292255401611, 0.0, 1518.7896728515625], [0.0, 0.0, 1.0, 0.0], [0.0, 0.0, 0.0, 1.0]], "pose_inverse": [[0.7573292255401611, -0.6530332565307617, 0.0, 419.4844970703125], [0.6530332565307617, 0.7573292255401611, 0.0, -1643.739990234375], [0.0, 0.0, 1.0, 0.0], [0.0, 0.0, 0.0, 1.0]], "cam_ids": [0, 1, 2, 3, 4, 5], "cam_channels": ["CAM_FRONT_LEFT", "CAM_FRONT", "CAM_FRONT_RIGHT", "CAM_BACK_LEFT", "CAM_BACK", "CAM_BACK_RIGHT"], "token": "faf2ea71b30941329a3c3f3866cec714", "scene": "scene-0301"}, {"images": ["samples/CAM_FRONT_LEFT/n008-2018-08-31-11-19-57-0400__CAM_FRONT_LEFT__1535729319504799.jpg", "samples/CAM_FRONT/n008-2018-08-31-11-19-57-0400__CAM_FRONT__1535729319512404.jpg", "samples/CAM_FRONT_RIGHT/n008-2018-08-31-11-19-57-0400__CAM_FRONT_RIGHT__1535729319520482.jpg", "samples/CAM_BACK_LEFT/n008-2018-08-31-11-19-57-0400__CAM_BACK_LEFT__1535729319547405.jpg", "samples/CAM_BACK/n008-2018-08-31-11-19-57-0400__CAM_BACK__1535729319537558.jpg", "samples/CAM_BACK_RIGHT/n008-2018-08-31-11-19-57-0400__CAM_BACK_RIGHT__1535729319528113.jpg"], "intrinsics": [[[1257.8625342125129, 0.0, 827.2410631095686], [0.0, 1257.8625342125129, 450.915498205774], [0.0, 0.0, 1.0]], [[1252.8131021185304, 0.0, 826.588114781398], [0.0, 1252.8131021185304, 469.9846626224581], [0.0, 0.0, 1.0]], [[1256.7485116440405, 0.0, 817.7887570959712], [0.0, 1256.7485116440403, 451.9541780095127], [0.0, 0.0, 1.0]], [[1254.9860565800168, 0.0, 829.5769333630991], [0.0, 1254.9860565800168, 467.1680561863987], [0.0, 0.0, 1.0]], [[796.8910634503094, 0.0, 857.7774326863696], [0.0, 796.8910634503094, 476.8848988407415], [0.0, 0.0, 1.0]], [[1249.9629280788233, 0.0, 825.3768045375984], [0.0, 1249.9629280788233, 462.54816385708756], [0.0, 0.0, 1.0]]], "extrinsics": [[[0.8225111961364746, -0.5686982274055481, -0.007599449250847101, -0.8997802734375], [0.008191836066544056, 0.02520608901977539, -0.9996487498283386, 1.4892768859863281], [0.5686900019645691, 0.822160005569458, 0.025390971451997757, -1.26318359375], [0.0, 0.0, 0.0, 1.0]], [[0.010211283341050148, -0.9997252821922302, -0.021097049117088318, 0.00830078125], [0.010103939101099968, 0.021200228482484818, -0.9997242093086243, 1.4811897277832031], [0.999896764755249, 0.0099952956661582, 0.010317644104361534, -1.62969970703125], [0.0, 0.0, 0.0, 1.0]], [[-0.8439840078353882, -0.5359157919883728, -0.022029338404536247, 1.021728515625], [0.01807977631688118, 0.012623142451047897, -0.9997568726539612, 1.494546890258789], [0.5360636115074158, -0.8441771268844604, -0.0009644930833019316, -1.232421875], [0.0, 0.0, 0.0, 1.0]], [[0.9478703141212463, 0.3186503052711487, 0.0019908479880541563, -1.1361770629882812], [-0.0073605868965387344, 0.02814021334052086, -0.9995769262313843, 1.5619697570800781], [-0.3185714781284332, 0.947454571723938, 0.029018724337220192, -0.1591796875], [0.0, 0.0, 0.0, 1.0]], [[0.009212103672325611, 0.9997484087944031, 0.02045435644686222, -0.029052734375], [-0.0052102734334766865, 0.020502937957644463, -0.9997761845588684, 1.56787109375], [-0.9999440908432007, 0.00910342950373888, 0.0053978366777300835, 0.00921630859375], [0.0, 0.0, 0.0, 1.0]], [[-0.9237138032913208, 0.383083313703537, 4.108166467631236e-05, 1.103759765625], [-0.0010094275930896401, -0.0023267536889761686, -0.9999967813491821, 1.5477533340454102], [-0.38308194279670715, -0.9237108826637268, 0.002535948995500803, -0.0660400390625], [0.0, 0.0, 0.0, 1.0]]], "view": [[0.0, -2.0, 100.0], [-2.0, 0.0, 100.0], [0.0, 0.0, 1.0]], "bev": "bev_fa3f3d82b2b94da39f67bffc4e16d5db.png", "aux": "aux_fa3f3d82b2b94da39f67bffc4e16d5db.npz", "visibility": "visibility_fa3f3d82b2b94da39f67bffc4e16d5db.png", "pose": [[0.75678950548172, 0.6536586880683899, 0.0, 756.8460083007812], [-0.6536586880683899, 0.75678950548172, 0.0, 1517.7982177734375], [0.0, 0.0, 1.0, 0.0], [0.0, 0.0, 0.0, 1.0]], "pose_inverse": [[0.75678950548172, -0.6536586880683899, 0.0, 419.34881591796875], [0.6536586880683899, 0.75678950548172, 0.0, -1643.3726806640625], [0.0, 0.0, 1.0, 0.0], [0.0, 0.0, 0.0, 1.0]], "cam_ids": [0, 1, 2, 3, 4, 5], "cam_channels": ["CAM_FRONT_LEFT", "CAM_FRONT", "CAM_FRONT_RIGHT", "CAM_BACK_LEFT", "CAM_BACK", "CAM_BACK_RIGHT"], "token": "fa3f3d82b2b94da39f67bffc4e16d5db", "scene": "scene-0301"}, {"images": ["samples/CAM_FRONT_LEFT/n008-2018-08-31-11-19-57-0400__CAM_FRONT_LEFT__1535729320004799.jpg", "samples/CAM_FRONT/n008-2018-08-31-11-19-57-0400__CAM_FRONT__1535729320012404.jpg", "samples/CAM_FRONT_RIGHT/n008-2018-08-31-11-19-57-0400__CAM_FRONT_RIGHT__1535729320020482.jpg", "samples/CAM_BACK_LEFT/n008-2018-08-31-11-19-57-0400__CAM_BACK_LEFT__1535729320047405.jpg", "samples/CAM_BACK/n008-2018-08-31-11-19-57-0400__CAM_BACK__1535729320037558.jpg", "samples/CAM_BACK_RIGHT/n008-2018-08-31-11-19-57-0400__CAM_BACK_RIGHT__1535729320028113.jpg"], "intrinsics": [[[1257.8625342125129, 0.0, 827.2410631095686], [0.0, 1257.8625342125129, 450.915498205774], [0.0, 0.0, 1.0]], [[1252.8131021185304, 0.0, 826.588114781398], [0.0, 1252.8131021185304, 469.9846626224581], [0.0, 0.0, 1.0]], [[1256.7485116440405, 0.0, 817.7887570959712], [0.0, 1256.7485116440403, 451.9541780095127], [0.0, 0.0, 1.0]], [[1254.9860565800168, 0.0, 829.5769333630991], [0.0, 1254.9860565800168, 467.1680561863987], [0.0, 0.0, 1.0]], [[796.8910634503094, 0.0, 857.7774326863696], [0.0, 796.8910634503094, 476.8848988407415], [0.0, 0.0, 1.0]], [[1249.9629280788233, 0.0, 825.3768045375984], [0.0, 1249.9629280788233, 462.54816385708756], [0.0, 0.0, 1.0]]], "extrinsics": [[[0.8227493762969971, -0.568359911441803, -0.007102056406438351, -0.9122314453125], [0.0090337498113513, 0.02556823194026947, -0.9996322393417358, 1.4892578125], [0.5683324337005615, 0.8223826885223389, 0.02617066726088524, -1.271484375], [0.0, 0.0, 0.0, 1.0]], [[0.010583723895251751, -0.9997169971466064, -0.02130296640098095, 0.0079345703125], [0.011073283851146698, 0.021420031785964966, -0.9997092485427856, 1.4811573028564453], [0.999882698059082, 0.010344765149056911, 0.011296853423118591, -1.642425537109375], [0.0, 0.0, 0.0, 1.0]], [[-0.8438112139701843, -0.5361469984054565, -0.023000206798315048, 1.03045654296875], [0.019185401499271393, 0.012692906893789768, -0.9997353553771973, 1.4944400787353516], [0.536297082901001, -0.8440291881561279, -0.0004242224677000195, -1.23779296875], [0.0, 0.0, 0.0, 1.0]], [[0.9478171467781067, 0.3187994062900543, 0.0031327044125646353, -1.1378707885742188], [-0.006060967221856117, 0.027842340990900993, -0.99959397315979, 1.5619850158691406], [-0.3187571167945862, 0.9474132061004639, 0.028321679681539536, -0.158935546875], [0.0, 0.0, 0.0, 1.0]], [[0.009025480598211288, 0.9997538924217224, 0.020267589017748833, -0.0291748046875], [-0.003966998774558306, 0.020304054021835327, -0.9997859597206116, 1.5679283142089844], [-0.9999514222145081, 0.008943184278905392, 0.004149276297539473, 0.0142822265625], [0.0, 0.0, 0.0, 1.0]], [[-0.923790454864502, 0.38289690017700195, -0.0010927412658929825, 1.11126708984375], [0.00018647706019692123, -0.0024039705749601126, -0.999997079372406, 1.547825813293457], [-0.38289839029312134, -0.9237878918647766, 0.002149364911019802, -0.0631103515625], [0.0, 0.0, 0.0, 1.0]]], "view": [[0.0, -2.0, 100.0], [-2.0, 0.0, 100.0], [0.0, 0.0, 1.0]], "bev": "bev_903f32e4fd8247de8f20aa989e157b2a.png", "aux": "aux_903f32e4fd8247de8f20aa989e157b2a.npz", "visibility": "visibility_903f32e4fd8247de8f20aa989e157b2a.png", "pose": [[0.756290853023529, 0.6542355418205261, 0.0, 757.8159790039062], [-0.6542355418205261, 0.756290853023529, 0.0, 1516.935546875], [0.0, 0.0, 1.0, 0.0], [0.0, 0.0, 0.0, 1.0]], "pose_inverse": [[0.756290853023529, -0.6542355418205261, 0.0, 419.3038635253906], [0.6542355418205261, 0.756290853023529, 0.0, -1643.03466796875], [0.0, 0.0, 1.0, 0.0], [0.0, 0.0, 0.0, 1.0]], "cam_ids": [0, 1, 2, 3, 4, 5], "cam_channels": ["CAM_FRONT_LEFT", "CAM_FRONT", "CAM_FRONT_RIGHT", "CAM_BACK_LEFT", "CAM_BACK", "CAM_BACK_RIGHT"], "token": "903f32e4fd8247de8f20aa989e157b2a", "scene": "scene-0301"}, {"images": ["samples/CAM_FRONT_LEFT/n008-2018-08-31-11-19-57-0400__CAM_FRONT_LEFT__1535729320504799.jpg", "samples/CAM_FRONT/n008-2018-08-31-11-19-57-0400__CAM_FRONT__1535729320512404.jpg", "samples/CAM_FRONT_RIGHT/n008-2018-08-31-11-19-57-0400__CAM_FRONT_RIGHT__1535729320520482.jpg", "samples/CAM_BACK_LEFT/n008-2018-08-31-11-19-57-0400__CAM_BACK_LEFT__1535729320547405.jpg", "samples/CAM_BACK/n008-2018-08-31-11-19-57-0400__CAM_BACK__1535729320537558.jpg", "samples/CAM_BACK_RIGHT/n008-2018-08-31-11-19-57-0400__CAM_BACK_RIGHT__1535729320528113.jpg"], "intrinsics": [[[1257.8625342125129, 0.0, 827.2410631095686], [0.0, 1257.8625342125129, 450.915498205774], [0.0, 0.0, 1.0]], [[1252.8131021185304, 0.0, 826.588114781398], [0.0, 1252.8131021185304, 469.9846626224581], [0.0, 0.0, 1.0]], [[1256.7485116440405, 0.0, 817.7887570959712], [0.0, 1256.7485116440403, 451.9541780095127], [0.0, 0.0, 1.0]], [[1254.9860565800168, 0.0, 829.5769333630991], [0.0, 1254.9860565800168, 467.1680561863987], [0.0, 0.0, 1.0]], [[796.8910634503094, 0.0, 857.7774326863696], [0.0, 796.8910634503094, 476.8848988407415], [0.0, 0.0, 1.0]], [[1249.9629280788233, 0.0, 825.3768045375984], [0.0, 1249.9629280788233, 462.54816385708756], [0.0, 0.0, 1.0]]], "extrinsics": [[[0.8224585652351379, -0.5687546133995056, -0.008955053985118866, -0.9267578125], [0.008224551565945148, 0.02763175405561924, -0.9995843172073364, 1.4890556335449219], [0.5687655806541443, 0.8220431208610535, 0.02740372344851494, -1.280029296875], [0.0, 0.0, 0.0, 1.0]], [[0.010140457190573215, -0.9996724128723145, -0.023496560752391815, 0.0068359375], [0.010186285711824894, 0.023599820211529732, -0.99966961145401, 1.4809532165527344], [0.9998966455459595, 0.009897727519273758, 0.010422262363135815, -1.656219482421875], [0.0, 0.0, 0.0, 1.0]], [[-0.8440124988555908, -0.5358120799064636, -0.02341439388692379, 1.03924560546875], [0.018214896321296692, 0.014994574710726738, -0.9997216463088989, 1.4941825866699219], [0.5360140800476074, -0.8442041277885437, -0.0028958474285900593, -1.2445068359375], [0.0, 0.0, 0.0, 1.0]], [[0.9478718042373657, 0.31863805651664734, 0.0029800590127706528, -1.137939453125], [-0.007116231136023998, 0.0305169727653265, -0.9995089173316956, 1.5619964599609375], [-0.3185725212097168, 0.9473850131034851, 0.031193679198622704, -0.158203125], [0.0, 0.0, 0.0, 1.0]], [[0.009235902689397335, 0.9996970891952515, 0.02281159721314907, -0.0286865234375], [-0.00499200914055109, 0.022858383134007454, -0.9997262358665466, 1.56793212890625], [-0.9999448657035828, 0.009119517169892788, 0.005201615393161774, 0.018707275390625], [0.0, 0.0, 0.0, 1.0]], [[-0.9236961603164673, 0.383124977350235, 0.0007694290834479034, 1.118896484375], [-0.0008227309444919229, 2.4730194127187133e-05, -0.9999997019767761, 1.5477752685546875], [-0.3831248879432678, -0.9236964583396912, 0.00029236567206680775, -0.0606689453125], [0.0, 0.0, 0.0, 1.0]]], "view": [[0.0, -2.0, 100.0], [-2.0, 0.0, 100.0], [0.0, 0.0, 1.0]], "bev": "bev_ab44d8e463d54d0ebb18eb66bbc1e5eb.png", "aux": "aux_ab44d8e463d54d0ebb18eb66bbc1e5eb.npz", "visibility": "visibility_ab44d8e463d54d0ebb18eb66bbc1e5eb.png", "pose": [[0.7561067342758179, 0.6544483304023743, 0.0, 758.6529541015625], [-0.6544483304023743, 0.7561067342758179, 0.0, 1516.1888427734375], [0.0, 0.0, 1.0, 0.0], [0.0, 0.0, 0.0, 1.0]], "pose_inverse": [[0.7561067342758179, -0.6544483304023743, 0.0, 418.6446228027344], [0.6544483304023743, 0.7561067342758179, 0.0, -1642.8997802734375], [0.0, 0.0, 1.0, 0.0], [0.0, 0.0, 0.0, 1.0]], "cam_ids": [0, 1, 2, 3, 4, 5], "cam_channels": ["CAM_FRONT_LEFT", "CAM_FRONT", "CAM_FRONT_RIGHT", "CAM_BACK_LEFT", "CAM_BACK", "CAM_BACK_RIGHT"], "token": "ab44d8e463d54d0ebb18eb66bbc1e5eb", "scene": "scene-0301"}, {"images": ["samples/CAM_FRONT_LEFT/n008-2018-08-31-11-19-57-0400__CAM_FRONT_LEFT__1535729321004799.jpg", "samples/CAM_FRONT/n008-2018-08-31-11-19-57-0400__CAM_FRONT__1535729321012404.jpg", "samples/CAM_FRONT_RIGHT/n008-2018-08-31-11-19-57-0400__CAM_FRONT_RIGHT__1535729321020482.jpg", "samples/CAM_BACK_LEFT/n008-2018-08-31-11-19-57-0400__CAM_BACK_LEFT__1535729321047424.jpg", "samples/CAM_BACK/n008-2018-08-31-11-19-57-0400__CAM_BACK__1535729321037558.jpg", "samples/CAM_BACK_RIGHT/n008-2018-08-31-11-19-57-0400__CAM_BACK_RIGHT__1535729321028113.jpg"], "intrinsics": [[[1257.8625342125129, 0.0, 827.2410631095686], [0.0, 1257.8625342125129, 450.915498205774], [0.0, 0.0, 1.0]], [[1252.8131021185304, 0.0, 826.588114781398], [0.0, 1252.8131021185304, 469.9846626224581], [0.0, 0.0, 1.0]], [[1256.7485116440405, 0.0, 817.7887570959712], [0.0, 1256.7485116440403, 451.9541780095127], [0.0, 0.0, 1.0]], [[1254.9860565800168, 0.0, 829.5769333630991], [0.0, 1254.9860565800168, 467.1680561863987], [0.0, 0.0, 1.0]], [[796.8910634503094, 0.0, 857.7774326863696], [0.0, 796.8910634503094, 476.8848988407415], [0.0, 0.0, 1.0]], [[1249.9629280788233, 0.0, 825.3768045375984], [0.0, 1249.9629280788233, 462.54816385708756], [0.0, 0.0, 1.0]]], "extrinsics": [[[0.8224407434463501, -0.5687490105628967, -0.01076384074985981, -0.9454345703125], [0.005600090138614178, 0.02701629139482975, -0.9996192455291748, 1.488677978515625], [0.5688232183456421, 0.822067379951477, 0.025404343381524086, -1.29296875], [0.0, 0.0, 0.0, 1.0]], [[0.010096747428178787, -0.9996892213821411, -0.022792579606175423, 0.006591796875], [0.007560813799500465, 0.02286941185593605, -0.9997099041938782, 1.4805984497070312], [0.9999203681945801, 0.009921512566506863, 0.007789370138198137, -1.675079345703125], [0.0, 0.0, 0.0, 1.0]], [[-0.8440604209899902, -0.5358468294143677, -0.020740341395139694, 1.05169677734375], [0.015588575974106789, 0.01414218544960022, -0.9997784495353699, 1.4937858581542969], [0.5360214114189148, -0.8441967964172363, -0.003583772573620081, -1.25244140625], [0.0, 0.0, 0.0, 1.0]], [[0.9479039907455444, 0.3185563087463379, 7.423997158184648e-05, -1.1399078369140625], [-0.009758650325238705, 0.029271023347973824, -0.9995238780975342, 1.5620002746582031], [-0.3184068202972412, 0.9474519491195679, 0.03085479699075222, -0.1575927734375], [0.0, 0.0, 0.0, 1.0]], [[0.009310809895396233, 0.9997217059135437, 0.021674856543540955, -0.0289306640625], [-0.007665285840630531, 0.021746516227722168, -0.999734103679657, 1.5679130554199219], [-0.999927282333374, 0.009142179042100906, 0.007865631952881813, 0.0252685546875], [0.0, 0.0, 0.0, 1.0]], [[-0.9236992597579956, 0.3831079602241516, 0.002832039026543498, 1.12939453125], [-0.003457119921222329, -0.0009431240032427013, -0.999993622303009, 1.5476956367492676], [-0.38310277462005615, -0.9237030744552612, 0.0021956139244139194, -0.0562744140625], [0.0, 0.0, 0.0, 1.0]]], "view": [[0.0, -2.0, 100.0], [-2.0, 0.0, 100.0], [0.0, 0.0, 1.0]], "bev": "bev_cc5951ca9cb240d5a7a0738fdec37634.png", "aux": "aux_cc5951ca9cb240d5a7a0738fdec37634.npz", "visibility": "visibility_cc5951ca9cb240d5a7a0738fdec37634.png", "pose": [[0.75678551197052, 0.6536632776260376, 0.0, 759.3458862304688], [-0.6536632776260376, 0.75678551197052, 0.0, 1515.5771484375], [0.0, 0.0, 1.0, 0.0], [0.0, 0.0, 0.0, 1.0]], "pose_inverse": [[0.75678551197052, -0.6536632776260376, 0.0, 416.01513671875], [0.6536632776260376, 0.75678551197052, 0.0, -1643.3233642578125], [0.0, 0.0, 1.0, 0.0], [0.0, 0.0, 0.0, 1.0]], "cam_ids": [0, 1, 2, 3, 4, 5], "cam_channels": ["CAM_FRONT_LEFT", "CAM_FRONT", "CAM_FRONT_RIGHT", "CAM_BACK_LEFT", "CAM_BACK", "CAM_BACK_RIGHT"], "token": "cc5951ca9cb240d5a7a0738fdec37634", "scene": "scene-0301"}, {"images": ["samples/CAM_FRONT_LEFT/n008-2018-08-31-11-19-57-0400__CAM_FRONT_LEFT__1535729321404799.jpg", "samples/CAM_FRONT/n008-2018-08-31-11-19-57-0400__CAM_FRONT__1535729321412404.jpg", "samples/CAM_FRONT_RIGHT/n008-2018-08-31-11-19-57-0400__CAM_FRONT_RIGHT__1535729321420482.jpg", "samples/CAM_BACK_LEFT/n008-2018-08-31-11-19-57-0400__CAM_BACK_LEFT__1535729321447405.jpg", "samples/CAM_BACK/n008-2018-08-31-11-19-57-0400__CAM_BACK__1535729321437558.jpg", "samples/CAM_BACK_RIGHT/n008-2018-08-31-11-19-57-0400__CAM_BACK_RIGHT__1535729321428113.jpg"], "intrinsics": [[[1257.8625342125129, 0.0, 827.2410631095686], [0.0, 1257.8625342125129, 450.915498205774], [0.0, 0.0, 1.0]], [[1252.8131021185304, 0.0, 826.588114781398], [0.0, 1252.8131021185304, 469.9846626224581], [0.0, 0.0, 1.0]], [[1256.7485116440405, 0.0, 817.7887570959712], [0.0, 1256.7485116440403, 451.9541780095127], [0.0, 0.0, 1.0]], [[1254.9860565800168, 0.0, 829.5769333630991], [0.0, 1254.9860565800168, 467.1680561863987], [0.0, 0.0, 1.0]], [[796.8910634503094, 0.0, 857.7774326863696], [0.0, 796.8910634503094, 476.8848988407415], [0.0, 0.0, 1.0]], [[1249.9629280788233, 0.0, 825.3768045375984], [0.0, 1249.9629280788233, 462.54816385708756], [0.0, 0.0, 1.0]]], "extrinsics": [[[0.8225430250167847, -0.5685556530952454, -0.012941331602633, -0.9676513671875], [0.003943032585084438, 0.028456855565309525, -0.9995872378349304, 1.4884414672851562], [0.5686891674995422, 0.8221524953842163, 0.025648821145296097, -1.308837890625], [0.0, 0.0, 0.0, 1.0]], [[0.010231805965304375, -0.9996529221534729, -0.024278171360492706, 0.006591796875], [0.00588250020518899, 0.02433919720351696, -0.9996864199638367, 1.4803543090820312], [0.9999304413795471, 0.010085728019475937, 0.006129489745944738, -1.6982421875], [0.0, 0.0, 0.0, 1.0]], [[-0.8440226316452026, -0.5359304547309875, -0.020109985023736954, 1.06732177734375], [0.013887870125472546, 0.015643645077943802, -0.9997811913490295, 1.4934520721435547], [0.5361277461051941, -0.8441171646118164, -0.005760657601058483, -1.261962890625], [0.0, 0.0, 0.0, 1.0]], [[0.9478689432144165, 0.3186585009098053, -0.0011502709239721298, -1.1414947509765625], [-0.011548435315489769, 0.030743734911084175, -0.9994605779647827, 1.5620040893554688], [-0.3184512257575989, 0.9473708868026733, 0.032821040600538254, -0.156982421875], [0.0, 0.0, 0.0, 1.0]], [[0.00926168356090784, 0.9996886849403381, 0.023165948688983917, -0.029052734375], [-0.009407343342900276, 0.023253023624420166, -0.9996853470802307, 1.5679512023925781], [-0.9999128580093384, 0.009040838107466698, 0.009619778953492641, 0.033050537109375], [0.0, 0.0, 0.0, 1.0]], [[-0.9237306118011475, 0.38301023840904236, 0.004992588888853788, 1.14190673828125], [-0.005169002804905176, 0.0005685354117304087, -0.999986469745636, 1.5477077960968018], [-0.38300785422325134, -0.9237439036369324, 0.001454607117921114, -0.0511474609375], [0.0, 0.0, 0.0, 1.0]]], "view": [[0.0, -2.0, 100.0], [-2.0, 0.0, 100.0], [0.0, 0.0, 1.0]], "bev": "bev_5f671d1b44fa4938814706fc97889791.png", "aux": "aux_5f671d1b44fa4938814706fc97889791.npz", "visibility": "visibility_5f671d1b44fa4938814706fc97889791.png", "pose": [[0.7563431859016418, 0.6541750431060791, 0.0, 759.7007446289062], [-0.6541750431060791, 0.7563431859016418, 0.0, 1515.256103515625], [0.0, 0.0, 1.0, 0.0], [0.0, 0.0, 0.0, 1.0]], "pose_inverse": [[0.7563431859016418, -0.6541750431060791, 0.0, 416.64825439453125], [0.6541750431060791, 0.7563431859016418, 0.0, -1643.0308837890625], [0.0, 0.0, 1.0, 0.0], [0.0, 0.0, 0.0, 1.0]], "cam_ids": [0, 1, 2, 3, 4, 5], "cam_channels": ["CAM_FRONT_LEFT", "CAM_FRONT", "CAM_FRONT_RIGHT", "CAM_BACK_LEFT", "CAM_BACK", "CAM_BACK_RIGHT"], "token": "5f671d1b44fa4938814706fc97889791", "scene": "scene-0301"}, {"images": ["samples/CAM_FRONT_LEFT/n008-2018-08-31-11-19-57-0400__CAM_FRONT_LEFT__1535729321904799.jpg", "samples/CAM_FRONT/n008-2018-08-31-11-19-57-0400__CAM_FRONT__1535729321912404.jpg", "samples/CAM_FRONT_RIGHT/n008-2018-08-31-11-19-57-0400__CAM_FRONT_RIGHT__1535729321920482.jpg", "samples/CAM_BACK_LEFT/n008-2018-08-31-11-19-57-0400__CAM_BACK_LEFT__1535729321947405.jpg", "samples/CAM_BACK/n008-2018-08-31-11-19-57-0400__CAM_BACK__1535729321937558.jpg", "samples/CAM_BACK_RIGHT/n008-2018-08-31-11-19-57-0400__CAM_BACK_RIGHT__1535729321928113.jpg"], "intrinsics": [[[1257.8625342125129, 0.0, 827.2410631095686], [0.0, 1257.8625342125129, 450.915498205774], [0.0, 0.0, 1.0]], [[1252.8131021185304, 0.0, 826.588114781398], [0.0, 1252.8131021185304, 469.9846626224581], [0.0, 0.0, 1.0]], [[1256.7485116440405, 0.0, 817.7887570959712], [0.0, 1256.7485116440403, 451.9541780095127], [0.0, 0.0, 1.0]], [[1254.9860565800168, 0.0, 829.5769333630991], [0.0, 1254.9860565800168, 467.1680561863987], [0.0, 0.0, 1.0]], [[796.8910634503094, 0.0, 857.7774326863696], [0.0, 796.8910634503094, 476.8848988407415], [0.0, 0.0, 1.0]], [[1249.9629280788233, 0.0, 825.3768045375984], [0.0, 1249.9629280788233, 462.54816385708756], [0.0, 0.0, 1.0]]], "extrinsics": [[[0.8224702477455139, -0.5686718821525574, -0.012450381182134151, -0.9945068359375], [0.004548458848148584, 0.028463125228881836, -0.9995844960212708, 1.48834228515625], [0.5687900185585022, 0.82207190990448, 0.025996653363108635, -1.3265380859375], [0.0, 0.0, 0.0, 1.0]], [[0.010133960284292698, -0.9996539354324341, -0.0242755264043808, 0.005615234375], [0.006503365933895111, 0.024342147633433342, -0.9996825456619263, 1.4802284240722656], [0.9999274611473083, 0.009972862899303436, 0.006747797597199678, -1.72467041015625], [0.0, 0.0, 0.0, 1.0]], [[-0.8440563678741455, -0.5358567833900452, -0.02064693346619606, 1.084228515625], [0.014525113627314568, 0.01564263552427292, -0.9997721314430237, 1.4931831359863281], [0.5360575914382935, -0.8441639542579651, -0.005419885739684105, -1.2733154296875], [0.0, 0.0, 0.0, 1.0]], [[0.9478888511657715, 0.3186006546020508, -0.0004972178721800447, -1.143585205078125], [-0.010868928395211697, 0.030777031555771828, -0.9994671940803528, 1.5620346069335938], [-0.31841564178466797, 0.9473891258239746, 0.03263605758547783, -0.1563720703125], [0.0, 0.0, 0.0, 1.0]], [[0.009300006553530693, 0.9996878504753113, 0.023187899962067604, -0.0289306640625], [-0.008739356882870197, 0.023269273340702057, -0.9996910095214844, 1.5680313110351562], [-0.9999185800552368, 0.00909458938986063, 0.008953035809099674, 0.04150390625], [0.0, 0.0, 0.0, 1.0]], [[-0.9237090349197388, 0.3830694556236267, 0.004406454972922802, 1.1556396484375], [-0.004534387029707432, 0.0005689677782356739, -0.9999895691871643, 1.547788143157959], [-0.38306790590286255, -0.9237193465232849, 0.0012114255223423243, -0.0457763671875], [0.0, 0.0, 0.0, 1.0]]], "view": [[0.0, -2.0, 100.0], [-2.0, 0.0, 100.0], [0.0, 0.0, 1.0]], "bev": "bev_f8e421e9a9d74bc8a23c5ba60e297c51.png", "aux": "aux_f8e421e9a9d74bc8a23c5ba60e297c51.npz", "visibility": "visibility_f8e421e9a9d74bc8a23c5ba60e297c51.png", "pose": [[0.7565323114395142, 0.6539562940597534, 0.0, 759.9114990234375], [-0.6539562940597534, 0.7565323114395142, 0.0, 1515.0655517578125], [0.0, 0.0, 1.0, 0.0], [0.0, 0.0, 0.0, 1.0]], "pose_inverse": [[0.7565323114395142, -0.6539562940597534, 0.0, 415.8890686035156], [0.6539562940597534, 0.7565323114395142, 0.0, -1643.14501953125], [0.0, 0.0, 1.0, 0.0], [0.0, 0.0, 0.0, 1.0]], "cam_ids": [0, 1, 2, 3, 4, 5], "cam_channels": ["CAM_FRONT_LEFT", "CAM_FRONT", "CAM_FRONT_RIGHT", "CAM_BACK_LEFT", "CAM_BACK", "CAM_BACK_RIGHT"], "token": "f8e421e9a9d74bc8a23c5ba60e297c51", "scene": "scene-0301"}, {"images": ["samples/CAM_FRONT_LEFT/n008-2018-08-31-11-19-57-0400__CAM_FRONT_LEFT__1535729322404799.jpg", "samples/CAM_FRONT/n008-2018-08-31-11-19-57-0400__CAM_FRONT__1535729322412404.jpg", "samples/CAM_FRONT_RIGHT/n008-2018-08-31-11-19-57-0400__CAM_FRONT_RIGHT__1535729322420482.jpg", "samples/CAM_BACK_LEFT/n008-2018-08-31-11-19-57-0400__CAM_BACK_LEFT__1535729322447405.jpg", "samples/CAM_BACK/n008-2018-08-31-11-19-57-0400__CAM_BACK__1535729322437558.jpg", "samples/CAM_BACK_RIGHT/n008-2018-08-31-11-19-57-0400__CAM_BACK_RIGHT__1535729322428113.jpg"], "intrinsics": [[[1257.8625342125129, 0.0, 827.2410631095686], [0.0, 1257.8625342125129, 450.915498205774], [0.0, 0.0, 1.0]], [[1252.8131021185304, 0.0, 826.588114781398], [0.0, 1252.8131021185304, 469.9846626224581], [0.0, 0.0, 1.0]], [[1256.7485116440405, 0.0, 817.7887570959712], [0.0, 1256.7485116440403, 451.9541780095127], [0.0, 0.0, 1.0]], [[1254.9860565800168, 0.0, 829.5769333630991], [0.0, 1254.9860565800168, 467.1680561863987], [0.0, 0.0, 1.0]], [[796.8910634503094, 0.0, 857.7774326863696], [0.0, 796.8910634503094, 476.8848988407415], [0.0, 0.0, 1.0]], [[1249.9629280788233, 0.0, 825.3768045375984], [0.0, 1249.9629280788233, 462.54816385708756], [0.0, 0.0, 1.0]]], "extrinsics": [[[0.8225187659263611, -0.5686743855476379, -0.00850631482899189, -1.0062255859375], [0.009358860552310944, 0.028487881645560265, -0.9995503425598145, 1.4882659912109375], [0.5686609745025635, 0.8220693469047546, 0.028753960505127907, -1.3345947265625], [0.0, 0.0, 0.0, 1.0]], [[0.010241921059787273, -0.9996529817581177, -0.02426951378583908, 0.005615234375], [0.0113799087703228, 0.024385737255215645, -0.9996379017829895, 1.4801445007324219], [0.9998828172683716, 0.009962002746760845, 0.011625716462731361, -1.736114501953125], [0.0, 0.0, 0.0, 1.0]], [[-0.843952476978302, -0.5358417630195618, -0.024856889620423317, 1.091552734375], [0.019471609964966774, 0.015706125646829605, -0.9996870160102844, 1.4930477142333984], [0.5360644459724426, -0.8441722989082336, -0.0028215222992002964, -1.2779541015625], [0.0, 0.0, 0.0, 1.0]], [[0.9478890299797058, 0.31857168674468994, 0.004313008394092321, -1.1438751220703125], [-0.005845186300575733, 0.030923837795853615, -0.9995046854019165, 1.5620384216308594], [-0.31854724884033203, 0.9473941922187805, 0.03117447905242443, -0.15625], [0.0, 0.0, 0.0, 1.0]], [[0.009210008196532726, 0.9996850490570068, 0.0233440138399601, -0.029052734375], [-0.003723061177879572, 0.023379120975732803, -0.9997196793556213, 1.5680580139160156], [-0.9999507069587708, 0.00912044383585453, 0.003937209490686655, 0.04461669921875], [0.0, 0.0, 0.0, 1.0]], [[-0.9237114191055298, 0.38308894634246826, -0.0001615694782231003, 1.16131591796875], [0.00044493895256891847, 0.0006510894745588303, -0.9999996423721313, 1.5478112697601318], [-0.3830886483192444, -0.9237112402915955, -0.0007718699635006487, -0.043212890625], [0.0, 0.0, 0.0, 1.0]]], "view": [[0.0, -2.0, 100.0], [-2.0, 0.0, 100.0], [0.0, 0.0, 1.0]], "bev": "bev_2e8c628a9a8a4454914b725448afa278.png", "aux": "aux_2e8c628a9a8a4454914b725448afa278.npz", "visibility": "visibility_2e8c628a9a8a4454914b725448afa278.png", "pose": [[0.7570137977600098, 0.653398871421814, 0.0, 759.9452514648438], [-0.653398871421814, 0.7570137977600098, 0.0, 1515.03173828125], [0.0, 0.0, 1.0, 0.0], [0.0, 0.0, 0.0, 1.0]], "pose_inverse": [[0.7570137977600098, -0.653398871421814, 0.0, 414.6309509277344], [0.653398871421814, 0.7570137977600098, 0.0, -1643.4473876953125], [0.0, 0.0, 1.0, 0.0], [0.0, 0.0, 0.0, 1.0]], "cam_ids": [0, 1, 2, 3, 4, 5], "cam_channels": ["CAM_FRONT_LEFT", "CAM_FRONT", "CAM_FRONT_RIGHT", "CAM_BACK_LEFT", "CAM_BACK", "CAM_BACK_RIGHT"], "token": "2e8c628a9a8a4454914b725448afa278", "scene": "scene-0301"}, {"images": ["samples/CAM_FRONT_LEFT/n008-2018-08-31-11-19-57-0400__CAM_FRONT_LEFT__1535729322904799.jpg", "samples/CAM_FRONT/n008-2018-08-31-11-19-57-0400__CAM_FRONT__1535729322912404.jpg", "samples/CAM_FRONT_RIGHT/n008-2018-08-31-11-19-57-0400__CAM_FRONT_RIGHT__1535729322920482.jpg", "samples/CAM_BACK_LEFT/n008-2018-08-31-11-19-57-0400__CAM_BACK_LEFT__1535729322947405.jpg", "samples/CAM_BACK/n008-2018-08-31-11-19-57-0400__CAM_BACK__1535729322937558.jpg", "samples/CAM_BACK_RIGHT/n008-2018-08-31-11-19-57-0400__CAM_BACK_RIGHT__1535729322928113.jpg"], "intrinsics": [[[1257.8625342125129, 0.0, 827.2410631095686], [0.0, 1257.8625342125129, 450.915498205774], [0.0, 0.0, 1.0]], [[1252.8131021185304, 0.0, 826.588114781398], [0.0, 1252.8131021185304, 469.9846626224581], [0.0, 0.0, 1.0]], [[1256.7485116440405, 0.0, 817.7887570959712], [0.0, 1256.7485116440403, 451.9541780095127], [0.0, 0.0, 1.0]], [[1254.9860565800168, 0.0, 829.5769333630991], [0.0, 1254.9860565800168, 467.1680561863987], [0.0, 0.0, 1.0]], [[796.8910634503094, 0.0, 857.7774326863696], [0.0, 796.8910634503094, 476.8848988407415], [0.0, 0.0, 1.0]], [[1249.9629280788233, 0.0, 825.3768045375984], [0.0, 1249.9629280788233, 462.54816385708756], [0.0, 0.0, 1.0]]], "extrinsics": [[[0.8225065469741821, -0.5686846375465393, -0.008997185155749321, -1.0052490234375], [0.008758175186812878, 0.028481246903538704, -0.9995559453964233, 1.4882888793945312], [0.5686883926391602, 0.8220624923706055, 0.028406646102666855, -1.3338623046875], [0.0, 0.0, 0.0, 1.0]], [[0.010218044742941856, -0.9996536374092102, -0.024255353957414627, 0.00537109375], [0.010703746229410172, 0.024364575743675232, -0.9996458292007446, 1.4801597595214844], [0.9998904466629028, 0.009954734705388546, 0.01094899419695139, -1.735137939453125], [0.0, 0.0, 0.0, 1.0]], [[-0.8439733386039734, -0.5358390212059021, -0.024198800325393677, 1.0908203125], [0.018715355545282364, 0.015669500455260277, -0.9997020363807678, 1.4930667877197266], [0.5360586047172546, -0.8441748023033142, -0.003196222009137273, -1.2777099609375], [0.0, 0.0, 0.0, 1.0]], [[0.9478907585144043, 0.3185760974884033, 0.003534875111654401, -1.1438751220703125], [-0.006635751109570265, 0.030834343284368515, -0.9995024800300598, 1.5620384216308594], [-0.3185265362262726, 0.9473956823348999, 0.03134157508611679, -0.15625], [0.0, 0.0, 0.0, 1.0]], [[0.009227068163454533, 0.9996865391731262, 0.02327427640557289, -0.02880859375], [-0.004529027733951807, 0.02331680618226528, -0.9997178316116333, 1.5680580139160156], [-0.999947190284729, 0.009119096212089062, 0.004742754623293877, 0.04443359375], [0.0, 0.0, 0.0, 1.0]], [[-0.923710823059082, 0.38309013843536377, 0.0005414130864664912, 1.1607666015625], [-0.00033419899409636855, 0.0006074548582546413, -0.9999997615814209, 1.5478110313415527], [-0.38309040665626526, -0.9237107634544373, -0.00043308502063155174, -0.0433349609375], [0.0, 0.0, 0.0, 1.0]]], "view": [[0.0, -2.0, 100.0], [-2.0, 0.0, 100.0], [0.0, 0.0, 1.0]], "bev": "bev_70589de96aa44f48b3308558339042c3.png", "aux": "aux_70589de96aa44f48b3308558339042c3.npz", "visibility": "visibility_70589de96aa44f48b3308558339042c3.png", "pose": [[0.7572823166847229, 0.6530876755714417, 0.0, 759.9332275390625], [-0.6530876755714417, 0.7572823166847229, 0.0, 1515.038330078125], [0.0, 0.0, 1.0, 0.0], [0.0, 0.0, 0.0, 1.0]], "pose_inverse": [[0.7572823166847229, -0.6530876755714417, 0.0, 413.9689025878906], [0.6530876755714417, 0.7572823166847229, 0.0, -1643.61474609375], [0.0, 0.0, 1.0, 0.0], [0.0, 0.0, 0.0, 1.0]], "cam_ids": [0, 1, 2, 3, 4, 5], "cam_channels": ["CAM_FRONT_LEFT", "CAM_FRONT", "CAM_FRONT_RIGHT", "CAM_BACK_LEFT", "CAM_BACK", "CAM_BACK_RIGHT"], "token": "70589de96aa44f48b3308558339042c3", "scene": "scene-0301"}, {"images": ["samples/CAM_FRONT_LEFT/n008-2018-08-31-11-19-57-0400__CAM_FRONT_LEFT__1535729323404799.jpg", "samples/CAM_FRONT/n008-2018-08-31-11-19-57-0400__CAM_FRONT__1535729323412404.jpg", "samples/CAM_FRONT_RIGHT/n008-2018-08-31-11-19-57-0400__CAM_FRONT_RIGHT__1535729323420482.jpg", "samples/CAM_BACK_LEFT/n008-2018-08-31-11-19-57-0400__CAM_BACK_LEFT__1535729323447405.jpg", "samples/CAM_BACK/n008-2018-08-31-11-19-57-0400__CAM_BACK__1535729323437558.jpg", "samples/CAM_BACK_RIGHT/n008-2018-08-31-11-19-57-0400__CAM_BACK_RIGHT__1535729323428113.jpg"], "intrinsics": [[[1257.8625342125129, 0.0, 827.2410631095686], [0.0, 1257.8625342125129, 450.915498205774], [0.0, 0.0, 1.0]], [[1252.8131021185304, 0.0, 826.588114781398], [0.0, 1252.8131021185304, 469.9846626224581], [0.0, 0.0, 1.0]], [[1256.7485116440405, 0.0, 817.7887570959712], [0.0, 1256.7485116440403, 451.9541780095127], [0.0, 0.0, 1.0]], [[1254.9860565800168, 0.0, 829.5769333630991], [0.0, 1254.9860565800168, 467.1680561863987], [0.0, 0.0, 1.0]], [[796.8910634503094, 0.0, 857.7774326863696], [0.0, 796.8910634503094, 476.8848988407415], [0.0, 0.0, 1.0]], [[1249.9629280788233, 0.0, 825.3768045375984], [0.0, 1249.9629280788233, 462.54816385708756], [0.0, 0.0, 1.0]]], "extrinsics": [[[0.8225405812263489, -0.5686367154121399, -0.008908497169613838, -1.0047607421875], [0.00891132839024067, 0.028549762442708015, -0.9995526075363159, 1.4882888793945312], [0.5686365962028503, 0.8220931887626648, 0.02855064533650875, -1.3336181640625], [0.0, 0.0, 0.0, 1.0]], [[0.010268251411616802, -0.999651312828064, -0.024325814098119736, 0.0054931640625], [0.010868912562727928, 0.02443723753094673, -0.9996422529220581, 1.4801597595214844], [0.9998881816864014, 0.010000156238675117, 0.01111605018377304, -1.73468017578125], [0.0, 0.0, 0.0, 1.0]], [[-0.8439503312110901, -0.5358665585517883, -0.024390539154410362, 1.09088134765625], [0.01889331266283989, 0.015746725723147392, -0.9996974468231201, 1.4930686950683594], [0.5360885262489319, -0.8441558480262756, -0.0031651619356125593, -1.2774658203125], [0.0, 0.0, 0.0, 1.0]], [[0.9478879570960999, 0.3185824453830719, 0.003704431466758251, -1.144012451171875], [-0.006495422683656216, 0.030948065221309662, -0.9994999170303345, 1.562042236328125], [-0.31853780150413513, 0.9473898410797119, 0.03140462562441826, -0.1561279296875], [0.0, 0.0, 0.0, 1.0]], [[0.009209200739860535, 0.9996845722198486, 0.023364193737506866, -0.02880859375], [-0.004372987896203995, 0.023405220359563828, -0.9997164607048035, 1.5680618286132812], [-0.9999480247497559, 0.0091044455766677