[{"images": ["samples/CAM_FRONT_LEFT/n008-2018-08-31-11-19-57-0400__CAM_FRONT_LEFT__1535729397404799.jpg", "samples/CAM_FRONT/n008-2018-08-31-11-19-57-0400__CAM_FRONT__1535729397412404.jpg", "samples/CAM_FRONT_RIGHT/n008-2018-08-31-11-19-57-0400__CAM_FRONT_RIGHT__1535729397420482.jpg", "samples/CAM_BACK_LEFT/n008-2018-08-31-11-19-57-0400__CAM_BACK_LEFT__1535729397447405.jpg", "samples/CAM_BACK/n008-2018-08-31-11-19-57-0400__CAM_BACK__1535729397437558.jpg", "samples/CAM_BACK_RIGHT/n008-2018-08-31-11-19-57-0400__CAM_BACK_RIGHT__1535729397428113.jpg"], "intrinsics": [[[1257.8625342125129, 0.0, 827.2410631095686], [0.0, 1257.8625342125129, 450.915498205774], [0.0, 0.0, 1.0]], [[1252.8131021185304, 0.0, 826.588114781398], [0.0, 1252.8131021185304, 469.9846626224581], [0.0, 0.0, 1.0]], [[1256.7485116440405, 0.0, 817.7887570959712], [0.0, 1256.7485116440403, 451.9541780095127], [0.0, 0.0, 1.0]], [[1254.9860565800168, 0.0, 829.5769333630991], [0.0, 1254.9860565800168, 467.1680561863987], [0.0, 0.0, 1.0]], [[796.8910634503094, 0.0, 857.7774326863696], [0.0, 796.8910634503094, 476.8848988407415], [0.0, 0.0, 1.0]], [[1249.9629280788233, 0.0, 825.3768045375984], [0.0, 1249.9629280788233, 462.54816385708756], [0.0, 0.0, 1.0]]], "extrinsics": [[[0.8226103186607361, -0.5685965418815613, 0.0032141413539648056, -0.7734375], [0.01694650948047638, 0.01886621303856373, -0.999678373336792, 1.4930133819580078], [0.5683531165122986, 0.8224001526832581, 0.025155268609523773, -1.1754150390625], [0.0, 0.0, 0.0, 1.0]], [[0.010494259186089039, -0.9998373985290527, -0.014660974964499474, 0.0091552734375], [0.018910013139247894, 0.014857594855129719, -0.9997107982635498, 1.484518051147461], [0.9997661113739014, 0.01021391712129116, 0.019062858074903488, -1.503509521484375], [0.0, 0.0, 0.0, 1.0]], [[-0.8437183499336243, -0.5361509323120117, -0.026106107980012894, 0.93994140625], [0.026940155774354935, 0.006278478540480137, -0.9996172785758972, 1.4978910684585571], [0.5361095666885376, -0.8440988063812256, 0.009146717377007008, -1.1805419921875], [0.0, 0.0, 0.0, 1.0]], [[0.9478907585144043, 0.31847766041755676, 0.00866483524441719, -1.135894775390625], [0.0017847710987553, 0.021888429298996925, -0.9997588396072388, 1.5620689392089844], [-0.3185906410217285, 0.9476775527000427, 0.02017943002283573, -0.158203125], [0.0, 0.0, 0.0, 1.0]], [[0.009106777608394623, 0.9998569488525391, 0.014253458008170128, -0.0284423828125], [0.003753004129976034, 0.01421977300196886, -0.9998918175697327, 1.5683212280273438], [-0.9999515414237976, 0.009159363806247711, -0.0036229712422937155, -0.025909423828125], [0.0, 0.0, 0.0, 1.0]], [[-0.9236935377120972, 0.3829843997955322, -0.010640866123139858, 1.04034423828125], [0.007921473123133183, -0.008676902391016483, -0.9999309778213501, 1.548849105834961], [-0.38305020332336426, -0.9237141013145447, 0.004980999045073986, -0.0927734375], [0.0, 0.0, 0.0, 1.0]]], "view": [[0.0, -2.0, 100.0], [-2.0, 0.0, 100.0], [0.0, 0.0, 1.0]], "bev": "bev_e2def608efbc4d188e507bca35b75924.png", "aux": "aux_e2def608efbc4d188e507bca35b75924.npz", "visibility": "visibility_e2def608efbc4d188e507bca35b75924.png", "pose": [[0.7636902928352356, 0.6455827951431274, 0.0, 857.7554321289062], [-0.6455827951431274, 0.7636902928352356, 0.0, 1430.4437255859375], [0.0, 0.0, 1.0, 0.0], [0.0, 0.0, 0.0, 1.0]], "pose_inverse": [[0.7636902928352356, -0.6455827951431274, 0.0, 268.41033935546875], [0.6455827951431274, 0.7636902928352356, 0.0, -1646.1680908203125], [0.0, 0.0, 1.0, 0.0], [0.0, 0.0, 0.0, 1.0]], "cam_ids": [0, 1, 2, 3, 4, 5], "cam_channels": ["CAM_FRONT_LEFT", "CAM_FRONT", "CAM_FRONT_RIGHT", "CAM_BACK_LEFT", "CAM_BACK", "CAM_BACK_RIGHT"], "token": "e2def608efbc4d188e507bca35b75924", "scene": "scene-0302"}, {"images": ["samples/CAM_FRONT_LEFT/n008-2018-08-31-11-19-57-0400__CAM_FRONT_LEFT__1535729397904799.jpg", "samples/CAM_FRONT/n008-2018-08-31-11-19-57-0400__CAM_FRONT__1535729397912404.jpg", "samples/CAM_FRONT_RIGHT/n008-2018-08-31-11-19-57-0400__CAM_FRONT_RIGHT__1535729397920482.jpg", "samples/CAM_BACK_LEFT/n008-2018-08-31-11-19-57-0400__CAM_BACK_LEFT__1535729397947405.jpg", "samples/CAM_BACK/n008-2018-08-31-11-19-57-0400__CAM_BACK__1535729397937706.jpg", "samples/CAM_BACK_RIGHT/n008-2018-08-31-11-19-57-0400__CAM_BACK_RIGHT__1535729397928113.jpg"], "intrinsics": [[[1257.8625342125129, 0.0, 827.2410631095686], [0.0, 1257.8625342125129, 450.915498205774], [0.0, 0.0, 1.0]], [[1252.8131021185304, 0.0, 826.588114781398], [0.0, 1252.8131021185304, 469.9846626224581], [0.0, 0.0, 1.0]], [[1256.7485116440405, 0.0, 817.7887570959712], [0.0, 1256.7485116440403, 451.9541780095127], [0.0, 0.0, 1.0]], [[1254.9860565800168, 0.0, 829.5769333630991], [0.0, 1254.9860565800168, 467.1680561863987], [0.0, 0.0, 1.0]], [[796.8910634503094, 0.0, 857.7774326863696], [0.0, 796.8910634503094, 476.8848988407415], [0.0, 0.0, 1.0]], [[1249.9629280788233, 0.0, 825.3768045375984], [0.0, 1249.9629280788233, 462.54816385708756], [0.0, 0.0, 1.0]]], "extrinsics": [[[0.8223298192024231, -0.5689952373504639, -0.0042684366926550865, -0.76025390625], [0.018045857548713684, 0.03357669338583946, -0.9992731809616089, 1.4935531616210938], [0.5687249898910522, 0.8216550350189209, 0.03787912055850029, -1.1671142578125], [0.0, 0.0, 0.0, 1.0]], [[0.010122360661625862, -0.9995056986808777, -0.02976280450820923, 0.010009765625], [0.02025013603270054, 0.02996312454342842, -0.9993458986282349, 1.4850540161132812], [0.999743640422821, 0.009513041004538536, 0.020543426275253296, -1.4900360107421875], [0.0, 0.0, 0.0, 1.0]], [[-0.8438377976417542, -0.5354044437408447, -0.03577457740902901, 0.930908203125], [0.0285356305539608, 0.0218004509806633, -0.9993549585342407, 1.4984626770019531], [0.5358389616012573, -0.844314455986023, -0.0031179464422166348, -1.1741943359375], [0.0, 0.0, 0.0, 1.0]], [[0.9478099942207336, 0.31843817234039307, 0.015916937962174416, -1.136474609375], [0.0038215082604438066, 0.03857235983014107, -0.9992485046386719, 1.5620651245117188], [-0.31881287693977356, 0.9471585154533386, 0.03534235432744026, -0.1588134765625], [0.0, 0.0, 0.0, 1.0]], [[0.00911238044500351, 0.9994925260543823, 0.03052179142832756, -0.0289306640625], [0.0056576207280159, 0.030471038073301315, -0.9995195865631104, 1.5684585571289062], [-0.9999424815177917, 0.009280672296881676, -0.005377085413783789, -0.029510498046875], [0.0, 0.0, 0.0, 1.0]], [[-0.923589289188385, 0.38333380222320557, -0.006161047145724297, 1.0321044921875], [0.009645422920584679, 0.007168179843574762, -0.9999277591705322, 1.5491414070129395], [-0.3832620084285736, -0.9235820770263672, -0.01031787134706974, -0.0958251953125], [0.0, 0.0, 0.0, 1.0]]], "view": [[0.0, -2.0, 100.0], [-2.0, 0.0, 100.0], [0.0, 0.0, 1.0]], "bev": "bev_716d1c4ce1ad4494a33b5698b6104f2c.png", "aux": "aux_716d1c4ce1ad4494a33b5698b6104f2c.npz", "visibility": "visibility_716d1c4ce1ad4494a33b5698b6104f2c.png", "pose": [[0.764219343662262, 0.6449564099311829, 0.0, 860.2884521484375], [-0.6449564099311829, 0.764219343662262, 0.0, 1428.2672119140625], [0.0, 0.0, 1.0, 0.0], [0.0, 0.0, 0.0, 1.0]], "pose_inverse": [[0.764219343662262, -0.6449564099311829, 0.0, 263.7209777832031], [0.6449564099311829, 0.764219343662262, 0.0, -1646.3580322265625], [0.0, 0.0, 1.0, 0.0], [0.0, 0.0, 0.0, 1.0]], "cam_ids": [0, 1, 2, 3, 4, 5], "cam_channels": ["CAM_FRONT_LEFT", "CAM_FRONT", "CAM_FRONT_RIGHT", "CAM_BACK_LEFT", "CAM_BACK", "CAM_BACK_RIGHT"], "token": "716d1c4ce1ad4494a33b5698b6104f2c", "scene": "scene-0302"}, {"images": ["samples/CAM_FRONT_LEFT/n008-2018-08-31-11-19-57-0400__CAM_FRONT_LEFT__1535729398354799.jpg", "samples/CAM_FRONT/n008-2018-08-31-11-19-57-0400__CAM_FRONT__1535729398362404.jpg", "samples/CAM_FRONT_RIGHT/n008-2018-08-31-11-19-57-0400__CAM_FRONT_RIGHT__1535729398370482.jpg", "samples/CAM_BACK_LEFT/n008-2018-08-31-11-19-57-0400__CAM_BACK_LEFT__1535729398397405.jpg", "samples/CAM_BACK/n008-2018-08-31-11-19-57-0400__CAM_BACK__1535729398387558.jpg", "samples/CAM_BACK_RIGHT/n008-2018-08-31-11-19-57-0400__CAM_BACK_RIGHT__1535729398378117.jpg"], "intrinsics": [[[1257.8625342125129, 0.0, 827.2410631095686], [0.0, 1257.8625342125129, 450.915498205774], [0.0, 0.0, 1.0]], [[1252.8131021185304, 0.0, 826.588114781398], [0.0, 1252.8131021185304, 469.9846626224581], [0.0, 0.0, 1.0]], [[1256.7485116440405, 0.0, 817.7887570959712], [0.0, 1256.7485116440403, 451.9541780095127], [0.0, 0.0, 1.0]], [[1254.9860565800168, 0.0, 829.5769333630991], [0.0, 1254.9860565800168, 467.1680561863987], [0.0, 0.0, 1.0]], [[796.8910634503094, 0.0, 857.7774326863696], [0.0, 796.8910634503094, 476.8848988407415], [0.0, 0.0, 1.0]], [[1249.9629280788233, 0.0, 825.3768045375984], [0.0, 1249.9629280788233, 462.54816385708756], [0.0, 0.0, 1.0]]], "extrinsics": [[[0.8216874599456787, -0.5698385834693909, -0.010666921734809875, -0.7535400390625], [0.013243409804999828, 0.03780071809887886, -0.9991975426673889, 1.4922409057617188], [0.5697845220565796, 0.8208868503570557, 0.038606978952884674, -1.1617431640625], [0.0, 0.0, 0.0, 1.0]], [[0.008891313336789608, -0.9993963241577148, -0.03358476981520653, 0.009033203125], [0.014919161796569824, 0.033714938908815384, -0.9993201494216919, 1.4838790893554688], [0.9998490810394287, 0.00838414952158928, 0.015209924429655075, -1.4831085205078125], [0.0, 0.0, 0.0, 1.0]], [[-0.8445886969566345, -0.5344252586364746, -0.03254994750022888, 0.9256591796875], [0.022645730525255203, 0.025083066895604134, -0.9994288086891174, 1.4974937438964844], [0.5349365472793579, -0.8448435068130493, -0.009082424454391003, -1.1729736328125], [0.0, 0.0, 0.0, 1.0]], [[0.9479223489761353, 0.31834617257118225, 0.009943418204784393, -1.134674072265625], [-0.0032198880799114704, 0.040796127170324326, -0.9991623163223267, 1.56201171875], [-0.31848520040512085, 0.9470962285995483, 0.039696596562862396, -0.159423828125], [0.0, 0.0, 0.0, 1.0]], [[0.009719735942780972, 0.9994060397148132, 0.0330645777285099, -0.0279541015625], [-0.0008171214140020311, 0.033074066042900085, -0.999452531337738, 1.5679969787597656], [-0.999952495098114, 0.009687470272183418, 0.0011381064541637897, -0.03326416015625], [0.0, 0.0, 0.0, 1.0]], [[-0.9233226776123047, 0.3840245306491852, 0.000708585197571665, 1.0286865234375], [0.0034667805302888155, 0.010180339217185974, -0.9999421238899231, 1.5483055114746094], [-0.384009450674057, -0.9232667684555054, -0.010731064714491367, -0.0987548828125], [0.0, 0.0, 0.0, 1.0]]], "view": [[0.0, -2.0, 100.0], [-2.0, 0.0, 100.0], [0.0, 0.0, 1.0]], "bev": "bev_344756cb198944cea21f886bd859136b.png", "aux": "aux_344756cb198944cea21f886bd859136b.npz", "visibility": "visibility_344756cb198944cea21f886bd859136b.png", "pose": [[0.768490195274353, 0.6398615837097168, 0.0, 862.6277465820312], [-0.6398615837097168, 0.768490195274353, 0.0, 1426.266845703125], [0.0, 0.0, 1.0, 0.0], [0.0, 0.0, 0.0, 1.0]], "pose_inverse": [[0.768490195274353, -0.6398615837097168, 0.0, 249.69241333007812], [0.6398615837097168, 0.768490195274353, 0.0, -1648.034423828125], [0.0, 0.0, 1.0, 0.0], [0.0, 0.0, 0.0, 1.0]], "cam_ids": [0, 1, 2, 3, 4, 5], "cam_channels": ["CAM_FRONT_LEFT", "CAM_FRONT", "CAM_FRONT_RIGHT", "CAM_BACK_LEFT", "CAM_BACK", "CAM_BACK_RIGHT"], "token": "344756cb198944cea21f886bd859136b", "scene": "scene-0302"}, {"images": ["samples/CAM_FRONT_LEFT/n008-2018-08-31-11-19-57-0400__CAM_FRONT_LEFT__1535729398854799.jpg", "samples/CAM_FRONT/n008-2018-08-31-11-19-57-0400__CAM_FRONT__1535729398862404.jpg", "samples/CAM_FRONT_RIGHT/n008-2018-08-31-11-19-57-0400__CAM_FRONT_RIGHT__1535729398870482.jpg", "samples/CAM_BACK_LEFT/n008-2018-08-31-11-19-57-0400__CAM_BACK_LEFT__1535729398897405.jpg", "samples/CAM_BACK/n008-2018-08-31-11-19-57-0400__CAM_BACK__1535729398887558.jpg", "samples/CAM_BACK_RIGHT/n008-2018-08-31-11-19-57-0400__CAM_BACK_RIGHT__1535729398878113.jpg"], "intrinsics": [[[1257.8625342125129, 0.0, 827.2410631095686], [0.0, 1257.8625342125129, 450.915498205774], [0.0, 0.0, 1.0]], [[1252.8131021185304, 0.0, 826.588114781398], [0.0, 1252.8131021185304, 469.9846626224581], [0.0, 0.0, 1.0]], [[1256.7485116440405, 0.0, 817.7887570959712], [0.0, 1256.7485116440403, 451.9541780095127], [0.0, 0.0, 1.0]], [[1254.9860565800168, 0.0, 829.5769333630991], [0.0, 1254.9860565800168, 467.1680561863987], [0.0, 0.0, 1.0]], [[796.8910634503094, 0.0, 857.7774326863696], [0.0, 796.8910634503094, 476.8848988407415], [0.0, 0.0, 1.0]], [[1249.9629280788233, 0.0, 825.3768045375984], [0.0, 1249.9629280788233, 462.54816385708756], [0.0, 0.0, 1.0]]], "extrinsics": [[[0.8223506212234497, -0.5689330697059631, -0.00739746168255806, -0.7359619140625], [0.014944716356694698, 0.034594591706991196, -0.9992896914482117, 1.4930076599121094], [0.5687848329544067, 0.8216559290885925, 0.03695143014192581, -1.152099609375], [0.0, 0.0, 0.0, 1.0]], [[0.01013009063899517, -0.9994945526123047, -0.030132349580526352, 0.0113525390625], [0.016871975734829903, 0.030300451442599297, -0.999398410320282, 1.4845809936523438], [0.99980628490448, 0.009615512564778328, 0.017170393839478493, -1.4670257568359375], [0.0, 0.0, 0.0, 1.0]], [[-0.8438758850097656, -0.5355563163757324, -0.032451096922159195, 0.9166259765625], [0.024827726185321808, 0.021439606323838234, -0.999461829662323, 1.4981727600097656], [0.535963773727417, -0.8442273736000061, -0.004795724526047707, -1.1639404296875], [0.0, 0.0, 0.0, 1.0]], [[0.9478681087493896, 0.31848958134651184, 0.010509869083762169, -1.13275146484375], [-0.0010989065049216151, 0.036247897893190384, -0.9993422627449036, 1.5620231628417969], [-0.31866106390953064, 0.9472330808639526, 0.03470822051167488, -0.1600341796875], [0.0, 0.0, 0.0, 1.0]], [[0.009170813485980034, 0.9995412826538086, 0.028861509636044502, -0.0294189453125], [0.0012717901263386011, 0.028851037845015526, -0.9995828866958618, 1.5681343078613281], [-0.9999571442604065, 0.009203672409057617, -0.0010066188406199217, -0.03912353515625], [0.0, 0.0, 0.0, 1.0]], [[-0.9236574769020081, 0.3832087516784668, -0.00280720554292202, 1.01934814453125], [0.0056423465721309185, 0.006274618674069643, -0.9999643564224243, 1.548658847808838], [-0.3831774592399597, -0.9236404299736023, -0.007957793772220612, -0.1002197265625], [0.0, 0.0, 0.0, 1.0]]], "view": [[0.0, -2.0, 100.0], [-2.0, 0.0, 100.0], [0.0, 0.0, 1.0]], "bev": "bev_d8c4af1048e34e3f8a3862f48a30f009.png", "aux": "aux_d8c4af1048e34e3f8a3862f48a30f009.npz", "visibility": "visibility_d8c4af1048e34e3f8a3862f48a30f009.png", "pose": [[0.773838222026825, 0.6333832740783691, 0.0, 865.3845825195312], [-0.6333832740783691, 0.773838222026825, 0.0, 1423.9500732421875], [0.0, 0.0, 1.0, 0.0], [0.0, 0.0, 0.0, 1.0]], "pose_inverse": [[0.773838222026825, -0.6333832740783691, 0.0, 232.238525390625], [0.6333832740783691, 0.773838222026825, 0.0, -1650.027099609375], [0.0, 0.0, 1.0, 0.0], [0.0, 0.0, 0.0, 1.0]], "cam_ids": [0, 1, 2, 3, 4, 5], "cam_channels": ["CAM_FRONT_LEFT", "CAM_FRONT", "CAM_FRONT_RIGHT", "CAM_BACK_LEFT", "CAM_BACK", "CAM_BACK_RIGHT"], "token": "d8c4af1048e34e3f8a3862f48a30f009", "scene": "scene-0302"}, {"images": ["samples/CAM_FRONT_LEFT/n008-2018-08-31-11-19-57-0400__CAM_FRONT_LEFT__1535729399354799.jpg", "samples/CAM_FRONT/n008-2018-08-31-11-19-57-0400__CAM_FRONT__1535729399362404.jpg", "samples/CAM_FRONT_RIGHT/n008-2018-08-31-11-19-57-0400__CAM_FRONT_RIGHT__1535729399370482.jpg", "samples/CAM_BACK_LEFT/n008-2018-08-31-11-19-57-0400__CAM_BACK_LEFT__1535729399397405.jpg", "samples/CAM_BACK/n008-2018-08-31-11-19-57-0400__CAM_BACK__1535729399387558.jpg", "samples/CAM_BACK_RIGHT/n008-2018-08-31-11-19-57-0400__CAM_BACK_RIGHT__1535729399378113.jpg"], "intrinsics": [[[1257.8625342125129, 0.0, 827.2410631095686], [0.0, 1257.8625342125129, 450.915498205774], [0.0, 0.0, 1.0]], [[1252.8131021185304, 0.0, 826.588114781398], [0.0, 1252.8131021185304, 469.9846626224581], [0.0, 0.0, 1.0]], [[1256.7485116440405, 0.0, 817.7887570959712], [0.0, 1256.7485116440403, 451.9541780095127], [0.0, 0.0, 1.0]], [[1254.9860565800168, 0.0, 829.5769333630991], [0.0, 1254.9860565800168, 467.1680561863987], [0.0, 0.0, 1.0]], [[796.8910634503094, 0.0, 857.7774326863696], [0.0, 796.8910634503094, 476.8848988407415], [0.0, 0.0, 1.0]], [[1249.9629280788233, 0.0, 825.3768045375984], [0.0, 1249.9629280788233, 462.54816385708756], [0.0, 0.0, 1.0]]], "extrinsics": [[[0.8223245739936829, -0.5690162181854248, -0.0017122491262853146, -0.73388671875], [0.014142329804599285, 0.023446068167686462, -0.9996250867843628, 1.4927825927734375], [0.5688429474830627, 0.821992039680481, 0.027327490970492363, -1.1522216796875], [0.0, 0.0, 0.0, 1.0]], [[0.010073489509522915, -0.9997696280479431, -0.018951013684272766, 0.0126953125], [0.016353055834770203, 0.01911415345966816, -0.9996835589408875, 1.4844837188720703], [0.9998155832290649, 0.009760421700775623, 0.01654183305799961, -1.4652862548828125], [0.0, 0.0, 0.0, 1.0]], [[-0.8439105749130249, -0.5358431935310364, -0.026213493198156357, 0.916015625], [0.02457086183130741, 0.010205607861280441, -0.9996459484100342, 1.4981765747070312], [0.5359209775924683, -0.8442558646202087, 0.004553506616503, -1.1622314453125], [0.0, 0.0, 0.0, 1.0]], [[0.9478551149368286, 0.31862112879753113, 0.00716187572106719, -1.139801025390625], [-0.0007620786782354116, 0.024737905710935593, -0.9996936917304993, 1.5620307922363281], [-0.31870079040527344, 0.9475592970848083, 0.023690763860940933, -0.15771484375], [0.0, 0.0, 0.0, 1.0]], [[0.009169782511889935, 0.9998061060905457, 0.017429007217288017, -0.029541015625], [0.001302984543144703, 0.017417779192328453, -0.9998474717140198, 1.5681400299072266], [-0.9999570846557617, 0.009191062301397324, -0.0011430149897933006, -0.035125732421875], [0.0, 0.0, 0.0, 1.0]], [[-0.923647403717041, 0.3831789493560791, -0.0070289187133312225, 1.02008056640625], [0.00550918048247695, -0.005063384771347046, -0.9999719858169556, 1.548659324645996], [-0.38320377469062805, -0.9236603379249573, 0.0025657806545495987, -0.0992431640625], [0.0, 0.0, 0.0, 1.0]]], "view": [[0.0, -2.0, 100.0], [-2.0, 0.0, 100.0], [0.0, 0.0, 1.0]], "bev": "bev_0816a0e9aa08496395b5e9328667ee2f.png", "aux": "aux_0816a0e9aa08496395b5e9328667ee2f.npz", "visibility": "visibility_0816a0e9aa08496395b5e9328667ee2f.png", "pose": [[0.7790758609771729, 0.6269297003746033, 0.0, 868.2454223632812], [-0.6269297003746033, 0.7790758609771729, 0.0, 1421.563232421875], [0.0, 0.0, 1.0, 0.0], [0.0, 0.0, 0.0, 1.0]], "pose_inverse": [[0.7790758609771729, -0.6269297003746033, 0.0, 214.79116821289062], [0.6269297003746033, 0.7790758609771729, 0.0, -1651.8343505859375], [0.0, 0.0, 1.0, 0.0], [0.0, 0.0, 0.0, 1.0]], "cam_ids": [0, 1, 2, 3, 4, 5], "cam_channels": ["CAM_FRONT_LEFT", "CAM_FRONT", "CAM_FRONT_RIGHT", "CAM_BACK_LEFT", "CAM_BACK", "CAM_BACK_RIGHT"], "token": "0816a0e9aa08496395b5e9328667ee2f", "scene": "scene-0302"}, {"images": ["samples/CAM_FRONT_LEFT/n008-2018-08-31-11-19-57-0400__CAM_FRONT_LEFT__1535729399854799.jpg", "samples/CAM_FRONT/n008-2018-08-31-11-19-57-0400__CAM_FRONT__1535729399862404.jpg", "samples/CAM_FRONT_RIGHT/n008-2018-08-31-11-19-57-0400__CAM_FRONT_RIGHT__1535729399870482.jpg", "samples/CAM_BACK_LEFT/n008-2018-08-31-11-19-57-0400__CAM_BACK_LEFT__1535729399897405.jpg", "samples/CAM_BACK/n008-2018-08-31-11-19-57-0400__CAM_BACK__1535729399887558.jpg", "samples/CAM_BACK_RIGHT/n008-2018-08-31-11-19-57-0400__CAM_BACK_RIGHT__1535729399878113.jpg"], "intrinsics": [[[1257.8625342125129, 0.0, 827.2410631095686], [0.0, 1257.8625342125129, 450.915498205774], [0.0, 0.0, 1.0]], [[1252.8131021185304, 0.0, 826.588114781398], [0.0, 1252.8131021185304, 469.9846626224581], [0.0, 0.0, 1.0]], [[1256.7485116440405, 0.0, 817.7887570959712], [0.0, 1256.7485116440403, 451.9541780095127], [0.0, 0.0, 1.0]], [[1254.9860565800168, 0.0, 829.5769333630991], [0.0, 1254.9860565800168, 467.1680561863987], [0.0, 0.0, 1.0]], [[796.8910634503094, 0.0, 857.7774326863696], [0.0, 796.8910634503094, 476.8848988407415], [0.0, 0.0, 1.0]], [[1249.9629280788233, 0.0, 825.3768045375984], [0.0, 1249.9629280788233, 462.54816385708756], [0.0, 0.0, 1.0]]], "extrinsics": [[[0.8215287923812866, -0.5701582431793213, -0.0031529846601188183, -0.7313232421875], [0.00856170803308487, 0.017865313217043877, -0.9998037219047546, 1.4911575317382812], [0.5701026916503906, 0.8213405609130859, 0.01955839805305004, -1.1429443359375], [0.0, 0.0, 0.0, 1.0]], [[0.008808249607682228, -0.9998683333396912, -0.01362503133714199, 0.0074462890625], [0.010246478021144867, 0.013715093955397606, -0.9998534321784973, 1.4829826354980469], [0.9999086856842041, 0.008667360059916973, 0.010365935042500496, -1.460296630859375], [0.0, 0.0, 0.0, 1.0]], [[-0.8445602059364319, -0.5351623296737671, -0.0178693775087595, 0.9114990234375], [0.017996521666646004, 0.004983751103281975, -0.9998255968093872, 1.49688720703125], [0.535158097743988, -0.8447345495223999, 0.005421983078122139, -1.1644287109375], [0.0, 0.0, 0.0, 1.0]], [[0.9479160904884338, 0.3185184895992279, -0.0010911694262176752, -1.140472412109375], [-0.007894055917859077, 0.020067861303687096, -0.9997674226760864, 1.5620231628417969], [-0.3184225559234619, 0.9477041363716125, 0.021537048742175102, -0.1568603515625], [0.0, 0.0, 0.0, 1.0]], [[0.00962550938129425, 0.9998751878738403, 0.012522578239440918, -0.028076171875], [-0.005416303873062134, 0.012575107626616955, -0.9999062418937683, 1.5676307678222656], [-0.9999390244483948, 0.009556802920997143, 0.0055366698652505875, -0.03546142578125], [0.0, 0.0, 0.0, 1.0]], [[-0.9234194159507751, 0.38378193974494934, -0.002834190148860216, 1.01953125], [-0.0011278347810730338, -0.010098203085362911, -0.9999483227729797, 1.547637939453125], [-0.3837907910346985, -0.923368513584137, 0.00975771900266409, -0.1026611328125], [0.0, 0.0, 0.0, 1.0]]], "view": [[0.0, -2.0, 100.0], [-2.0, 0.0, 100.0], [0.0, 0.0, 1.0]], "bev": "bev_c183cfe762414aad8b739b8d65f7e322.png", "aux": "aux_c183cfe762414aad8b739b8d65f7e322.npz", "visibility": "visibility_c183cfe762414aad8b739b8d65f7e322.png", "pose": [[0.7891538739204407, 0.6141955256462097, 0.0, 871.2421875], [-0.6141955256462097, 0.7891538739204407, 0.0, 1419.1636962890625], [0.0, 0.0, 1.0, 0.0], [0.0, 0.0, 0.0, 1.0]], "pose_inverse": [[0.7891538739204407, -0.6141955256462097, 0.0, 184.09979248046875], [0.6141955256462097, 0.7891538739204407, 0.0, -1655.0516357421875], [0.0, 0.0, 1.0, 0.0], [0.0, 0.0, 0.0, 1.0]], "cam_ids": [0, 1, 2, 3, 4, 5], "cam_channels": ["CAM_FRONT_LEFT", "CAM_FRONT", "CAM_FRONT_RIGHT", "CAM_BACK_LEFT", "CAM_BACK", "CAM_BACK_RIGHT"], "token": "c183cfe762414aad8b739b8d65f7e322", "scene": "scene-0302"}, {"images": ["samples/CAM_FRONT_LEFT/n008-2018-08-31-11-19-57-0400__CAM_FRONT_LEFT__1535729400354799.jpg", "samples/CAM_FRONT/n008-2018-08-31-11-19-57-0400__CAM_FRONT__1535729400362404.jpg", "samples/CAM_FRONT_RIGHT/n008-2018-08-31-11-19-57-0400__CAM_FRONT_RIGHT__1535729400370482.jpg", "samples/CAM_BACK_LEFT/n008-2018-08-31-11-19-57-0400__CAM_BACK_LEFT__1535729400397405.jpg", "samples/CAM_BACK/n008-2018-08-31-11-19-57-0400__CAM_BACK__1535729400387558.jpg", "samples/CAM_BACK_RIGHT/n008-2018-08-31-11-19-57-0400__CAM_BACK_RIGHT__1535729400378113.jpg"], "intrinsics": [[[1257.8625342125129, 0.0, 827.2410631095686], [0.0, 1257.8625342125129, 450.915498205774], [0.0, 0.0, 1.0]], [[1252.8131021185304, 0.0, 826.588114781398], [0.0, 1252.8131021185304, 469.9846626224581], [0.0, 0.0, 1.0]], [[1256.7485116440405, 0.0, 817.7887570959712], [0.0, 1256.7485116440403, 451.9541780095127], [0.0, 0.0, 1.0]], [[1254.9860565800168, 0.0, 829.5769333630991], [0.0, 1254.9860565800168, 467.1680561863987], [0.0, 0.0, 1.0]], [[796.8910634503094, 0.0, 857.7774326863696], [0.0, 796.8910634503094, 476.8848988407415], [0.0, 0.0, 1.0]], [[1249.9629280788233, 0.0, 825.3768045375984], [0.0, 1249.9629280788233, 462.54816385708756], [0.0, 0.0, 1.0]]], "extrinsics": [[[0.821681022644043, -0.5699476599693298, -0.00011888273729709908, -0.7269287109375], [0.011307205073535442, 0.016509894281625748, -0.9997997283935547, 1.4920291900634766], [0.5698354840278625, 0.8215151429176331, 0.02001038007438183, -1.1451416015625], [0.0, 0.0, 0.0, 1.0]], [[0.009012228809297085, -0.9998856782913208, -0.012142160907387733, 0.0107421875], [0.01327493041753769, 0.012261217460036278, -0.9998367428779602, 1.4838008880615234], [0.9998713135719299, 0.008849614299833775, 0.013383915647864342, -1.458251953125], [0.0, 0.0, 0.0, 1.0]], [[-0.8444586396217346, -0.5352532267570496, -0.01984095200896263, 0.9112548828125], [0.021320883184671402, 0.003422156674787402, -0.9997667670249939, 1.4976187944412231], [0.5351962447166443, -0.8446847200393677, 0.00852220132946968, -1.16162109375], [0.0, 0.0, 0.0, 1.0]], [[0.9478784799575806, 0.3186246156692505, 0.0021776205394417048, -1.14129638671875], [-0.0038061230443418026, 0.018156124278903008, -0.9998279213905334, 1.5620307922363281], [-0.318609356880188, 0.9477070569992065, 0.018422523513436317, -0.1571044921875], [0.0, 0.0, 0.0, 1.0]], [[0.00954985897988081, 0.9998964667320251, 0.010767976753413677, -0.02880859375], [-0.0017250323435291648, 0.010784926824271679, -0.9999402761459351, 1.5679168701171875], [-0.9999529719352722, 0.009530759416520596, 0.0018278477946296334, -0.035491943359375], [0.0, 0.0, 0.0, 1.0]], [[-0.9234241843223572, 0.3837234675884247, -0.006639443337917328, 1.0181884765625], [0.002303480636328459, -0.011758150532841682, -0.9999281764030457, 1.5481796264648438], [-0.38377395272254944, -0.9233732223510742, 0.009973861277103424, -0.1016845703125], [0.0, 0.0, 0.0, 1.0]]], "view": [[0.0, -2.0, 100.0], [-2.0, 0.0, 100.0], [0.0, 0.0, 1.0]], "bev": "bev_b2e03c99e5b1442b961928dffa9ad76d.png", "aux": "aux_b2e03c99e5b1442b961928dffa9ad76d.npz", "visibility": "visibility_b2e03c99e5b1442b961928dffa9ad76d.png", "pose": [[0.800757646560669, 0.5989884734153748, 0.0, 874.3474731445312], [-0.5989884734153748, 0.800757646560669, 0.0, 1416.7584228515625], [0.0, 0.0, 1.0, 0.0], [0.0, 0.0, 0.0, 1.0]], "pose_inverse": [[0.800757646560669, -0.5989884734153748, 0.0, 148.48153686523438], [0.5989884734153748, 0.800757646560669, 0.0, -1658.2042236328125], [0.0, 0.0, 1.0, 0.0], [0.0, 0.0, 0.0, 1.0]], "cam_ids": [0, 1, 2, 3, 4, 5], "cam_channels": ["CAM_FRONT_LEFT", "CAM_FRONT", "CAM_FRONT_RIGHT", "CAM_BACK_LEFT", "CAM_BACK", "CAM_BACK_RIGHT"], "token": "b2e03c99e5b1442b961928dffa9ad76d", "scene": "scene-0302"}, {"images": ["samples/CAM_FRONT_LEFT/n008-2018-08-31-11-19-57-0400__CAM_FRONT_LEFT__1535729400904799.jpg", "samples/CAM_FRONT/n008-2018-08-31-11-19-57-0400__CAM_FRONT__1535729400912404.jpg", "samples/CAM_FRONT_RIGHT/n008-2018-08-31-11-19-57-0400__CAM_FRONT_RIGHT__1535729400920482.jpg", "samples/CAM_BACK_LEFT/n008-2018-08-31-11-19-57-0400__CAM_BACK_LEFT__1535729400947405.jpg", "samples/CAM_BACK/n008-2018-08-31-11-19-57-0400__CAM_BACK__1535729400937558.jpg", "samples/CAM_BACK_RIGHT/n008-2018-08-31-11-19-57-0400__CAM_BACK_RIGHT__1535729400928113.jpg"], "intrinsics": [[[1257.8625342125129, 0.0, 827.2410631095686], [0.0, 1257.8625342125129, 450.915498205774], [0.0, 0.0, 1.0]], [[1252.8131021185304, 0.0, 826.588114781398], [0.0, 1252.8131021185304, 469.9846626224581], [0.0, 0.0, 1.0]], [[1256.7485116440405, 0.0, 817.7887570959712], [0.0, 1256.7485116440403, 451.9541780095127], [0.0, 0.0, 1.0]], [[1254.9860565800168, 0.0, 829.5769333630991], [0.0, 1254.9860565800168, 467.1680561863987], [0.0, 0.0, 1.0]], [[796.8910634503094, 0.0, 857.7774326863696], [0.0, 796.8910634503094, 476.8848988407415], [0.0, 0.0, 1.0]], [[1249.9629280788233, 0.0, 825.3768045375984], [0.0, 1249.9629280788233, 462.54816385708756], [0.0, 0.0, 1.0]]], "extrinsics": [[[0.8216890096664429, -0.5699164271354675, 0.004747150931507349, -0.72509765625], [0.01424469891935587, 0.012209507636725903, -0.9998239874839783, 1.493082046508789], [0.5697580575942993, 0.8216120600700378, 0.018150703981518745, -1.1429443359375], [0.0, 0.0, 0.0, 1.0]], [[0.009110445156693459, -0.9999275803565979, -0.007874135859310627, 0.0103759765625], [0.016238104552030563, 0.008021362125873566, -0.9998360276222229, 1.4846763610839844], [0.9998266696929932, 0.008981151506304741, 0.016310006380081177, -1.4556884765625], [0.0, 0.0, 0.0, 1.0]], [[-0.8443454504013062, -0.5354214310646057, -0.020119227468967438, 0.909423828125], [0.024298395961523056, -0.0007526002009399235, -0.9997044801712036, 1.4983172416687012], [0.5352480411529541, -0.8445848226547241, 0.013645336031913757, -1.1605224609375], [0.0, 0.0, 0.0, 1.0]], [[0.947765588760376, 0.31894567608833313, 0.0037625180557370186, -1.13665771484375], [-0.0008874208433553576, 0.014432521536946297, -0.999895453453064, 1.562021255493164], [-0.31896668672561646, 0.9476630687713623, 0.013961683958768845, -0.15966796875], [0.0, 0.0, 0.0, 1.0]], [[0.009341259486973286, 0.9999328851699829, 0.00685725174844265, -0.029296875], [0.001187183428555727, 0.006846455857157707, -0.9999758005142212, 1.568150520324707], [-0.9999556541442871, 0.00934905931353569, -0.0011231492972001433, -0.0391693115234375], [0.0, 0.0, 0.0, 1.0]], [[-0.9234251976013184, 0.3836226463317871, -0.010934417136013508, 1.01617431640625], [0.005253802519291639, -0.01585255190730095, -0.9998605251312256, 1.548654556274414], [-0.38374248147010803, -0.923353910446167, 0.012623168528079987, -0.1024169921875], [0.0, 0.0, 0.0, 1.0]]], "view": [[0.0, -2.0, 100.0], [-2.0, 0.0, 100.0], [0.0, 0.0, 1.0]], "bev": "bev_24d3d92accad4752ad5ff299cce331af.png", "aux": "aux_24d3d92accad4752ad5ff299cce331af.npz", "visibility": "visibility_24d3d92accad4752ad5ff299cce331af.png", "pose": [[0.813591718673706, 0.5814366340637207, 0.0, 877.7855834960938], [-0.5814366340637207, 0.813591718673706, 0.0, 1414.20703125], [0.0, 0.0, 1.0, 0.0], [0.0, 0.0, 0.0, 1.0]], "pose_inverse": [[0.813591718673706, -0.5814366340637207, 0.0, 108.11270141601562], [0.5814366340637207, 0.813591718673706, 0.0, -1660.9637451171875], [0.0, 0.0, 1.0, 0.0], [0.0, 0.0, 0.0, 1.0]], "cam_ids": [0, 1, 2, 3, 4, 5], "cam_channels": ["CAM_FRONT_LEFT", "CAM_FRONT", "CAM_FRONT_RIGHT", "CAM_BACK_LEFT", "CAM_BACK", "CAM_BACK_RIGHT"], "token": "24d3d92accad4752ad5ff299cce331af", "scene": "scene-0302"}, {"images": ["samples/CAM_FRONT_LEFT/n008-2018-08-31-11-19-57-0400__CAM_FRONT_LEFT__1535729401504799.jpg", "samples/CAM_FRONT/n008-2018-08-31-11-19-57-0400__CAM_FRONT__1535729401512404.jpg", "samples/CAM_FRONT_RIGHT/n008-2018-08-31-11-19-57-0400__CAM_FRONT_RIGHT__1535729401520482.jpg", "samples/CAM_BACK_LEFT/n008-2018-08-31-11-19-57-0400__CAM_BACK_LEFT__1535729401547405.jpg", "samples/CAM_BACK/n008-2018-08-31-11-19-57-0400__CAM_BACK__1535729401537558.jpg", "samples/CAM_BACK_RIGHT/n008-2018-08-31-11-19-57-0400__CAM_BACK_RIGHT__1535729401528113.jpg"], "intrinsics": [[[1257.8625342125129, 0.0, 827.2410631095686], [0.0, 1257.8625342125129, 450.915498205774], [0.0, 0.0, 1.0]], [[1252.8131021185304, 0.0, 826.588114781398], [0.0, 1252.8131021185304, 469.9846626224581], [0.0, 0.0, 1.0]], [[1256.7485116440405, 0.0, 817.7887570959712], [0.0, 1256.7485116440403, 451.9541780095127], [0.0, 0.0, 1.0]], [[1254.9860565800168, 0.0, 829.5769333630991], [0.0, 1254.9860565800168, 467.1680561863987], [0.0, 0.0, 1.0]], [[796.8910634503094, 0.0, 857.7774326863696], [0.0, 796.8910634503094, 476.8848988407415], [0.0, 0.0, 1.0]], [[1249.9629280788233, 0.0, 825.3768045375984], [0.0, 1249.9629280788233, 462.54816385708756], [0.0, 0.0, 1.0]]], "extrinsics": [[[0.8211519718170166, -0.5706561803817749, 0.007815690711140633, -0.727294921875], [0.017440088093280792, 0.011402611620724201, -0.9997828602790833, 1.4941158294677734], [0.5704432129859924, 0.82110995054245, 0.01931557059288025, -1.1444091796875], [0.0, 0.0, 0.0, 1.0]], [[0.008417741395533085, -0.9999383091926575, -0.007254206109791994, 0.0103759765625], [0.01933031529188156, 0.007415827829390764, -0.9997856616973877, 1.4854803085327148], [0.9997777342796326, 0.008275718428194523, 0.01939154602587223, -1.4589614868164062], [0.0, 0.0, 0.0, 1.0]], [[-0.8445711135864258, -0.5349733233451843, -0.022434378042817116, 0.9124755859375], [0.027279840782284737, -0.001147257862612605, -0.9996271729469299, 1.4988608360290527], [0.5347480773925781, -0.8448682427406311, 0.015562925487756729, -1.1624755859375], [0.0, 0.0, 0.0, 1.0]], [[0.9479847550392151, 0.3182477056980133, 0.006587795913219452, -1.142486572265625], [0.002030448755249381, 0.014649727381765842, -0.9998906254768372, 1.562042236328125], [-0.31830933690071106, 0.9478943943977356, 0.013241533190011978, -0.156982421875], [0.0, 0.0, 0.0, 1.0]], [[0.009830784983932972, 0.9999276995658875, 0.00692750746384263, -0.029052734375], [0.004085291642695665, 0.006887622177600861, -0.9999678730964661, 1.5683727264404297], [-0.9999433755874634, 0.009858723729848862, -0.004017286468297243, -0.03397369384765625], [0.0, 0.0, 0.0, 1.0]], [[-0.9232447147369385, 0.38396596908569336, -0.013765563257038593, 1.01971435546875], [0.008236831985414028, -0.016039740294218063, -0.9998374581336975, 1.5490856170654297], [-0.3841243088245392, -0.9232079982757568, 0.011645940132439137, -0.1009521484375], [0.0, 0.0, 0.0, 1.0]]], "view": [[0.0, -2.0, 100.0], [-2.0, 0.0, 100.0], [0.0, 0.0, 1.0]], "bev": "bev_6125074395ba4698b6c642513089a65f.png", "aux": "aux_6125074395ba4698b6c642513089a65f.npz", "visibility": "visibility_6125074395ba4698b6c642513089a65f.png", "pose": [[0.830769956111908, 0.556615948677063, 0.0, 881.59716796875], [-0.556615948677063, 0.830769956111908, 0.0, 1411.521240234375], [0.0, 0.0, 1.0, 0.0], [0.0, 0.0, 0.0, 1.0]], "pose_inverse": [[0.830769956111908, -0.556615948677063, 0.0, 53.270809173583984], [0.556615948677063, 0.830769956111908, 0.0, -1663.3604736328125], [0.0, 0.0, 1.0, 0.0], [0.0, 0.0, 0.0, 1.0]], "cam_ids": [0, 1, 2, 3, 4, 5], "cam_channels": ["CAM_FRONT_LEFT", "CAM_FRONT", "CAM_FRONT_RIGHT", "CAM_BACK_LEFT", "CAM_BACK", "CAM_BACK_RIGHT"], "token": "6125074395ba4698b6c642513089a65f", "scene": "scene-0302"}, {"images": ["samples/CAM_FRONT_LEFT/n008-2018-08-31-11-19-57-0400__CAM_FRONT_LEFT__1535729402004799.jpg", "samples/CAM_FRONT/n008-2018-08-31-11-19-57-0400__CAM_FRONT__1535729402012404.jpg", "samples/CAM_FRONT_RIGHT/n008-2018-08-31-11-19-57-0400__CAM_FRONT_RIGHT__1535729402020482.jpg", "samples/CAM_BACK_LEFT/n008-2018-08-31-11-19-57-0400__CAM_BACK_LEFT__1535729402047405.jpg", "samples/CAM_BACK/n008-2018-08-31-11-19-57-0400__CAM_BACK__1535729402037558.jpg", "samples/CAM_BACK_RIGHT/n008-2018-08-31-11-19-57-0400__CAM_BACK_RIGHT__1535729402028113.jpg"], "intrinsics": [[[1257.8625342125129, 0.0, 827.2410631095686], [0.0, 1257.8625342125129, 450.915498205774], [0.0, 0.0, 1.0]], [[1252.8131021185304, 0.0, 826.588114781398], [0.0, 1252.8131021185304, 469.9846626224581], [0.0, 0.0, 1.0]], [[1256.7485116440405, 0.0, 817.7887570959712], [0.0, 1256.7485116440403, 451.9541780095127], [0.0, 0.0, 1.0]], [[1254.9860565800168, 0.0, 829.5769333630991], [0.0, 1254.9860565800168, 467.1680561863987], [0.0, 0.0, 1.0]], [[796.8910634503094, 0.0, 857.7774326863696], [0.0, 796.8910634503094, 476.8848988407415], [0.0, 0.0, 1.0]], [[1249.9629280788233, 0.0, 825.3768045375984], [0.0, 1249.9629280788233, 462.54816385708756], [0.0, 0.0, 1.0]]], "extrinsics": [[[0.8211533427238464, -0.5706768035888672, -0.005925861652940512, -0.715576171875], [0.009073561988770962, 0.023436691612005234, -0.9996841549873352, 1.4913902282714844], [0.5706353783607483, 0.8208402395248413, 0.02442318946123123, -1.1365966796875], [0.0, 0.0, 0.0, 1.0]], [[0.008304719813168049, -0.9997786283493042, -0.019331343472003937, 0.0107421875], [0.011034970171749592, 0.019422458484768867, -0.9997504949569702, 1.4832744598388672], [0.9999045133590698, 0.008089332841336727, 0.011193826794624329, -1.4476099014282227], [0.0, 0.0, 0.0, 1.0]], [[-0.8447537422180176, -0.5347068905830383, -0.02189808525145054, 0.905517578125], [0.019061636179685593, 0.010829172097146511, -0.9997596144676208, 1.4972553253173828], [0.5348155498504639, -0.8449681401252747, 0.0010444042272865772, -1.1575927734375], [0.0, 0.0, 0.0, 1.0]], [[0.947802722454071, 0.3188478946685791, 0.0024570676032453775, -1.14471435546875], [-0.006282477173954248, 0.0263784471899271, -0.9996322989463806, 1.5620002746582031], [-0.31879547238349915, 0.9474387168884277, 0.027004718780517578, -0.157470703125], [0.0, 0.0, 0.0, 1.0]], [[0.009641766548156738, 0.9997789263725281, 0.018683845177292824, -0.029541015625], [-0.004218010231852531, 0.018725210800766945, -0.9998157620429993, 1.5676937103271484], [-0.9999445676803589, 0.009561142884194851, 0.004397622309625149, -0.03601646423339844], [0.0, 0.0, 0.0, 1.0]], [[-0.9233083128929138, 0.3840563893318176, -0.0015112955588847399, 1.014404296875], [-7.231141353258863e-05, -0.004108899272978306, -0.9999915361404419, 1.547806739807129], [-0.3840593099594116, -0.9233004450798035, 0.003821552498266101, -0.102783203125], [0.0, 0.0, 0.0, 1.0]]], "view": [[0.0, -2.0, 100.0], [-2.0, 0.0, 100.0], [0.0, 0.0, 1.0]], "bev": "bev_a8c37f0d12e9400ba718c0523fb2aa95.png", "aux": "aux_a8c37f0d12e9400ba718c0523fb2aa95.npz", "visibility": "visibility_a8c37f0d12e9400ba718c0523fb2aa95.png", "pose": [[0.8453567624092102, 0.5342020988464355, 0.0, 884.9161987304688], [-0.5342020988464355, 0.8453567624092102, 0.0, 1409.307861328125], [0.0, 0.0, 1.0, 0.0], [0.0, 0.0, 0.0, 1.0]], "pose_inverse": [[0.8453567624092102, -0.5342020988464355, 0.0, 4.785314559936523], [0.5342020988464355, 0.8453567624092102, 0.0, -1664.092041015625], [0.0, 0.0, 1.0, 0.0], [0.0, 0.0, 0.0, 1.0]], "cam_ids": [0, 1, 2, 3, 4, 5], "cam_channels": ["CAM_FRONT_LEFT", "CAM_FRONT", "CAM_FRONT_RIGHT", "CAM_BACK_LEFT", "CAM_BACK", "CAM_BACK_RIGHT"], "token": "a8c37f0d12e9400ba718c0523fb2aa95", "scene": "scene-0302"}, {"images": ["samples/CAM_FRONT_LEFT/n008-2018-08-31-11-19-57-0400__CAM_FRONT_LEFT__1535729402504799.jpg", "samples/CAM_FRONT/n008-2018-08-31-11-19-57-0400__CAM_FRONT__1535729402512404.jpg", "samples/CAM_FRONT_RIGHT/n008-2018-08-31-11-19-57-0400__CAM_FRONT_RIGHT__1535729402520482.jpg", "samples/CAM_BACK_LEFT/n008-2018-08-31-11-19-57-0400__CAM_BACK_LEFT__1535729402547405.jpg", "samples/CAM_BACK/n008-2018-08-31-11-19-57-0400__CAM_BACK__1535729402537558.jpg", "samples/CAM_BACK_RIGHT/n008-2018-08-31-11-19-57-0400__CAM_BACK_RIGHT__1535729402528113.jpg"], "intrinsics": [[[1257.8625342125129, 0.0, 827.2410631095686], [0.0, 1257.8625342125129, 450.915498205774], [0.0, 0.0, 1.0]], [[1252.8131021185304, 0.0, 826.588114781398], [0.0, 1252.8131021185304, 469.9846626224581], [0.0, 0.0, 1.0]], [[1256.7485116440405, 0.0, 817.7887570959712], [0.0, 1256.7485116440403, 451.9541780095127], [0.0, 0.0, 1.0]], [[1254.9860565800168, 0.0, 829.5769333630991], [0.0, 1254.9860565800168, 467.1680561863987], [0.0, 0.0, 1.0]], [[796.8910634503094, 0.0, 857.7774326863696], [0.0, 796.8910634503094, 476.8848988407415], [0.0, 0.0, 1.0]], [[1249.9629280788233, 0.0, 825.3768045375984], [0.0, 1249.9629280788233, 462.54816385708756], [0.0, 0.0, 1.0]]], "extrinsics": [[[0.8210030198097229, -0.5706008672714233, -0.019201010465621948, -0.71124267578125], [0.007077634334564209, 0.043800950050354004, -0.999015212059021, 1.4906005859375], [0.5708799362182617, 0.8200585842132568, 0.03999921679496765, -1.135009765625], [0.0, 0.0, 0.0, 1.0]], [[0.00798717513680458, -0.9991675615310669, -0.04000351205468178, 0.011474609375], [0.008898656815290451, 0.04007422551512718, -0.9991570711135864, 1.4825973510742188], [0.9999284744262695, 0.007624476682394743, 0.00921133067458868, -1.4438018798828125], [0.0, 0.0, 0.0, 1.0]], [[-0.8449382781982422, -0.5339551568031311, -0.03116447478532791, 0.90234375], [0.016773303970694542, 0.03178531676530838, -0.9993539452552795, 1.4967460632324219], [0.5346007347106934, -0.8449151515960693, -0.017900437116622925, -1.1551513671875], [0.0, 0.0, 0.0, 1.0]], [[0.9478563666343689, 0.31862401962280273, 0.006862586364150047, -1.140625], [-0.008923451416194439, 0.04805831238627434, -0.9988046884536743, 1.561981201171875], [-0.3185729682445526, 0.9466620087623596, 0.04839560389518738, -0.157958984375], [0.0, 0.0, 0.0, 1.0]], [[0.009886322543025017, 0.9991446137428284, 0.040152408182621, -0.0291748046875], [-0.006761501077562571, 0.040220241993665695, -0.9991679191589355, 1.56744384765625], [-0.9999282360076904, 0.00960662867