[{"images": ["samples/CAM_FRONT_LEFT/n008-2018-09-18-13-10-39-0400__CAM_FRONT_LEFT__1537290816254799.jpg", "samples/CAM_FRONT/n008-2018-09-18-13-10-39-0400__CAM_FRONT__1537290816262404.jpg", "samples/CAM_FRONT_RIGHT/n008-2018-09-18-13-10-39-0400__CAM_FRONT_RIGHT__1537290816270482.jpg", "samples/CAM_BACK_LEFT/n008-2018-09-18-13-10-39-0400__CAM_BACK_LEFT__1537290816297405.jpg", "samples/CAM_BACK/n008-2018-09-18-13-10-39-0400__CAM_BACK__1537290816287558.jpg", "samples/CAM_BACK_RIGHT/n008-2018-09-18-13-10-39-0400__CAM_BACK_RIGHT__1537290816278113.jpg"], "intrinsics": [[[1257.8625342125129, 0.0, 827.2410631095686], [0.0, 1257.8625342125129, 450.915498205774], [0.0, 0.0, 1.0]], [[1252.8131021185304, 0.0, 826.588114781398], [0.0, 1252.8131021185304, 469.9846626224581], [0.0, 0.0, 1.0]], [[1256.7485116440405, 0.0, 817.7887570959712], [0.0, 1256.7485116440403, 451.9541780095127], [0.0, 0.0, 1.0]], [[1254.9860565800168, 0.0, 829.5769333630991], [0.0, 1254.9860565800168, 467.1680561863987], [0.0, 0.0, 1.0]], [[796.8910634503094, 0.0, 857.7774326863696], [0.0, 796.8910634503094, 476.8848988407415], [0.0, 0.0, 1.0]], [[1249.9629280788233, 0.0, 825.3768045375984], [0.0, 1249.9629280788233, 462.54816385708756], [0.0, 0.0, 1.0]]], "extrinsics": [[[0.8222506642341614, -0.5691169500350952, -0.003124002367258072, -0.7435455322265625], [0.007982867769896984, 0.017021754756569862, -0.9998232126235962, 1.4908008575439453], [0.5690695643424988, 0.8220804333686829, 0.01853933557868004, -1.1541748046875], [0.0, 0.0, 0.0, 1.0]], [[0.009706065990030766, -0.9998694062232971, -0.012922395020723343, 0.00897216796875], [0.00994840357452631, 0.013018920086324215, -0.9998657703399658, 1.4827661514282227], [0.9999034404754639, 0.009576159529387951, 0.01007346622645855, -1.47198486328125], [0.0, 0.0, 0.0, 1.0]], [[-0.8442314863204956, -0.5356910228729248, -0.017555318772792816, 0.91766357421875], [0.017973242327570915, 0.00444049434736371, -0.999828577041626, 1.4967584609985352], [0.5356771349906921, -0.8444023728370667, 0.005879298318177462, -1.16693115234375], [0.0, 0.0, 0.0, 1.0]], [[0.9478790760040283, 0.3186292350292206, -0.000778775371145457, -1.129974365234375], [-0.007563527207821608, 0.020056888461112976, -0.9997702240943909, 1.5619287490844727], [-0.3185405135154724, 0.947667121887207, 0.021421466022729874, -0.16094970703125], [0.0, 0.0, 0.0, 1.0]], [[0.009404243901371956, 0.999880313873291, 0.012281368486583233, -0.0284423828125], [-0.005311242304742336, 0.012331685051321983, -0.9999098181724548, 1.5676078796386719], [-0.9999417066574097, 0.00933815911412239, 0.0054265763610601425, -0.0401153564453125], [0.0, 0.0, 0.0, 1.0]], [[-0.9235863089561462, 0.3833787441253662, -0.0030286635737866163, 1.0207290649414062], [-0.001085364376194775, -0.010514206252992153, -0.9999440908432007, 1.5476527214050293], [-0.38338908553123474, -0.9235314130783081, 0.01012688223272562, -0.1011962890625], [0.0, 0.0, 0.0, 1.0]]], "view": [[0.0, -2.0, 100.0], [-2.0, 0.0, 100.0], [0.0, 0.0, 1.0]], "bev": "bev_6560a430b4aa40a9af64faa02c198003.png", "aux": "aux_6560a430b4aa40a9af64faa02c198003.npz", "visibility": "visibility_6560a430b4aa40a9af64faa02c198003.png", "pose": [[-0.7662215232849121, -0.6425765156745911, 0.0, 725.1721801757812], [0.6425765156745911, -0.7662215232849121, 0.0, 462.56195068359375], [0.0, 0.0, 1.0, 0.0], [0.0, 0.0, 0.0, 1.0]], "pose_inverse": [[-0.7662215232849121, 0.6425765156745911, 0.0, 258.4111022949219], [-0.6425765156745911, -0.7662215232849121, 0.0, 820.4035034179688], [0.0, 0.0, 1.0, 0.0], [0.0, 0.0, 0.0, 1.0]], "cam_ids": [0, 1, 2, 3, 4, 5], "cam_channels": ["CAM_FRONT_LEFT", "CAM_FRONT", "CAM_FRONT_RIGHT", "CAM_BACK_LEFT", "CAM_BACK", "CAM_BACK_RIGHT"], "token": "6560a430b4aa40a9af64faa02c198003", "scene": "scene-0572"}, {"images": ["samples/CAM_FRONT_LEFT/n008-2018-09-18-13-10-39-0400__CAM_FRONT_LEFT__1537290816654800.jpg", "samples/CAM_FRONT/n008-2018-09-18-13-10-39-0400__CAM_FRONT__1537290816662404.jpg", "samples/CAM_FRONT_RIGHT/n008-2018-09-18-13-10-39-0400__CAM_FRONT_RIGHT__1537290816670482.jpg", "samples/CAM_BACK_LEFT/n008-2018-09-18-13-10-39-0400__CAM_BACK_LEFT__1537290816697405.jpg", "samples/CAM_BACK/n008-2018-09-18-13-10-39-0400__CAM_BACK__1537290816687558.jpg", "samples/CAM_BACK_RIGHT/n008-2018-09-18-13-10-39-0400__CAM_BACK_RIGHT__1537290816678113.jpg"], "intrinsics": [[[1257.8625342125129, 0.0, 827.2410631095686], [0.0, 1257.8625342125129, 450.915498205774], [0.0, 0.0, 1.0]], [[1252.8131021185304, 0.0, 826.588114781398], [0.0, 1252.8131021185304, 469.9846626224581], [0.0, 0.0, 1.0]], [[1256.7485116440405, 0.0, 817.7887570959712], [0.0, 1256.7485116440403, 451.9541780095127], [0.0, 0.0, 1.0]], [[1254.9860565800168, 0.0, 829.5769333630991], [0.0, 1254.9860565800168, 467.1680561863987], [0.0, 0.0, 1.0]], [[796.8910634503094, 0.0, 857.7774326863696], [0.0, 796.8910634503094, 476.8848988407415], [0.0, 0.0, 1.0]], [[1249.9629280788233, 0.0, 825.3768045375984], [0.0, 1249.9629280788233, 462.54816385708756], [0.0, 0.0, 1.0]]], "extrinsics": [[[0.8229148983955383, -0.5679705739021301, -0.014855029061436653, -0.7338104248046875], [-0.0011504206340759993, 0.02447991445660591, -0.9996996521949768, 1.4878387451171875], [0.5681635737419128, 0.8226848244667053, 0.01949148066341877, -1.1500244140625], [0.0, 0.0, 0.0, 1.0]], [[0.010805035941302776, -0.9997332096099854, -0.020415186882019043, 0.01129150390625], [0.0005130830686539412, 0.020421920344233513, -0.9997913241386414, 1.4802436828613281], [0.9999415278434753, 0.010792272165417671, 0.0007336052367463708, -1.46234130859375], [0.0, 0.0, 0.0, 1.0]], [[-0.8438095450401306, -0.5364794731140137, -0.013240986503660679, 0.91204833984375], [0.008200554177165031, 0.011780351400375366, -0.9998969435691833, 1.494791030883789], [0.5365801453590393, -0.8438311815261841, -0.005540943238884211, -1.1610107421875], [0.0, 0.0, 0.0, 1.0]], [[0.9478210806846619, 0.3186916708946228, -0.008423015475273132, -1.130950927734375], [-0.017960239201784134, 0.02699947915971279, -0.9994741082191467, 1.5617923736572266], [-0.3182966411113739, 0.9474738836288452, 0.03131445497274399, -0.16070556640625], [0.0, 0.0, 0.0, 1.0]], [[0.009127585217356682, 0.9997715353965759, 0.01933520846068859, -0.0291748046875], [-0.01565784029662609, 0.019476542249321938, -0.999687671661377, 1.5666799545288086], [-0.9998357892036438, 0.00882196519523859, 0.01583203487098217, -0.04241943359375], [0.0, 0.0, 0.0, 1.0]], [[-0.9238588809967041, 0.3826258182525635, 0.009065317921340466, 1.01513671875], [-0.011164085008203983, -0.003265158738940954, -0.9999323487281799, 1.5460681915283203], [-0.38257020711898804, -0.9238976240158081, 0.007288213353604078, -0.1019287109375], [0.0, 0.0, 0.0, 1.0]]], "view": [[0.0, -2.0, 100.0], [-2.0, 0.0, 100.0], [0.0, 0.0, 1.0]], "bev": "bev_cd8eef264f28466c84579a57e8c9c0da.png", "aux": "aux_cd8eef264f28466c84579a57e8c9c0da.npz", "visibility": "visibility_cd8eef264f28466c84579a57e8c9c0da.png", "pose": [[-0.7662845253944397, -0.6425014138221741, 0.0, 722.9779052734375], [0.6425014138221741, -0.7662845253944397, 0.0, 464.4254455566406], [0.0, 0.0, 1.0, 0.0], [0.0, 0.0, 0.0, 1.0]], "pose_inverse": [[-0.7662845253944397, 0.6425014138221741, 0.0, 255.61277770996094], [-0.6425014138221741, -0.7662845253944397, 0.0, 820.3963623046875], [0.0, 0.0, 1.0, 0.0], [0.0, 0.0, 0.0, 1.0]], "cam_ids": [0, 1, 2, 3, 4, 5], "cam_channels": ["CAM_FRONT_LEFT", "CAM_FRONT", "CAM_FRONT_RIGHT", "CAM_BACK_LEFT", "CAM_BACK", "CAM_BACK_RIGHT"], "token": "cd8eef264f28466c84579a57e8c9c0da", "scene": "scene-0572"}, {"images": ["samples/CAM_FRONT_LEFT/n008-2018-09-18-13-10-39-0400__CAM_FRONT_LEFT__1537290817154814.jpg", "samples/CAM_FRONT/n008-2018-09-18-13-10-39-0400__CAM_FRONT__1537290817162404.jpg", "samples/CAM_FRONT_RIGHT/n008-2018-09-18-13-10-39-0400__CAM_FRONT_RIGHT__1537290817170482.jpg", "samples/CAM_BACK_LEFT/n008-2018-09-18-13-10-39-0400__CAM_BACK_LEFT__1537290817197405.jpg", "samples/CAM_BACK/n008-2018-09-18-13-10-39-0400__CAM_BACK__1537290817187558.jpg", "samples/CAM_BACK_RIGHT/n008-2018-09-18-13-10-39-0400__CAM_BACK_RIGHT__1537290817178113.jpg"], "intrinsics": [[[1257.8625342125129, 0.0, 827.2410631095686], [0.0, 1257.8625342125129, 450.915498205774], [0.0, 0.0, 1.0]], [[1252.8131021185304, 0.0, 826.588114781398], [0.0, 1252.8131021185304, 469.9846626224581], [0.0, 0.0, 1.0]], [[1256.7485116440405, 0.0, 817.7887570959712], [0.0, 1256.7485116440403, 451.9541780095127], [0.0, 0.0, 1.0]], [[1254.9860565800168, 0.0, 829.5769333630991], [0.0, 1254.9860565800168, 467.1680561863987], [0.0, 0.0, 1.0]], [[796.8910634503094, 0.0, 857.7774326863696], [0.0, 796.8910634503094, 476.8848988407415], [0.0, 0.0, 1.0]], [[1249.9629280788233, 0.0, 825.3768045375984], [0.0, 1249.9629280788233, 462.54816385708756], [0.0, 0.0, 1.0]]], "extrinsics": [[[0.8227682113647461, -0.5683470368385315, -0.005854388233274221, -0.731414794921875], [0.009821795858442783, 0.024515675380825996, -0.9996511936187744, 1.4915390014648438], [0.5682922601699829, 0.8224237561225891, 0.025752903893589973, -1.145263671875], [0.0, 0.0, 0.0, 1.0]], [[0.010715879499912262, -0.9997371435165405, -0.02026923932135105, 0.00897216796875], [0.011464046314358711, 0.020391900092363358, -0.9997263550758362, 1.4833126068115234], [0.999876856803894, 0.010480545461177826, 0.011679548770189285, -1.459014892578125], [0.0, 0.0, 0.0, 1.0]], [[-0.8437292575836182, -0.5362991094589233, -0.022453058511018753, 0.90869140625], [0.019187575206160545, 0.011669374071061611, -0.9997478127479553, 1.4972095489501953], [0.5364258885383606, -0.8439473509788513, 0.00044448740663938224, -1.1612548828125], [0.0, 0.0, 0.0, 1.0]], [[0.9478833675384521, 0.31861481070518494, 0.0013243203284218907, -1.12774658203125], [-0.007471789605915546, 0.02638361230492592, -0.9996239542961121, 1.5619144439697266], [-0.31852987408638, 0.9475170373916626, 0.02738920971751213, -0.16156005859375], [0.0, 0.0, 0.0, 1.0]], [[0.009043452329933643, 0.999776303768158, 0.019122004508972168, -0.0283203125], [-0.004794420208781958, 0.019165918231010437, -0.9998047947883606, 1.5676279067993164], [-0.9999476075172424, 0.008950099349021912, 0.004966674372553825, -0.0454559326171875], [0.0, 0.0, 0.0, 1.0]], [[-0.9238353371620178, 0.3827880322933197, -0.0012132339179515839, 1.0131378173828125], [-0.00011793235171353444, -0.0034540712367743254, -0.9999939799308777, 1.547795057296753], [-0.3827899992465973, -0.9238297343254089, 0.003236135933548212, -0.10430908203125], [0.0, 0.0, 0.0, 1.0]]], "view": [[0.0, -2.0, 100.0], [-2.0, 0.0, 100.0], [0.0, 0.0, 1.0]], "bev": "bev_3c712700e97a432daee99294e1d29c4c.png", "aux": "aux_3c712700e97a432daee99294e1d29c4c.npz", "visibility": "visibility_3c712700e97a432daee99294e1d29c4c.png", "pose": [[-0.7651260495185852, -0.6438805460929871, 0.0, 720.1493530273438], [0.6438805460929871, -0.7651260495185852, 0.0, 466.8236999511719], [0.0, 0.0, 1.0, 0.0], [0.0, 0.0, 0.0, 1.0]], "pose_inverse": [[-0.7651260495185852, 0.6438805460929871, 0.0, 250.4263458251953], [-0.6438805460929871, -0.7651260495185852, 0.0, 820.869140625], [0.0, 0.0, 1.0, 0.0], [0.0, 0.0, 0.0, 1.0]], "cam_ids": [0, 1, 2, 3, 4, 5], "cam_channels": ["CAM_FRONT_LEFT", "CAM_FRONT", "CAM_FRONT_RIGHT", "CAM_BACK_LEFT", "CAM_BACK", "CAM_BACK_RIGHT"], "token": "3c712700e97a432daee99294e1d29c4c", "scene": "scene-0572"}, {"images": ["samples/CAM_FRONT_LEFT/n008-2018-09-18-13-10-39-0400__CAM_FRONT_LEFT__1537290817654799.jpg", "samples/CAM_FRONT/n008-2018-09-18-13-10-39-0400__CAM_FRONT__1537290817662404.jpg", "samples/CAM_FRONT_RIGHT/n008-2018-09-18-13-10-39-0400__CAM_FRONT_RIGHT__1537290817670482.jpg", "samples/CAM_BACK_LEFT/n008-2018-09-18-13-10-39-0400__CAM_BACK_LEFT__1537290817697407.jpg", "samples/CAM_BACK/n008-2018-09-18-13-10-39-0400__CAM_BACK__1537290817687558.jpg", "samples/CAM_BACK_RIGHT/n008-2018-09-18-13-10-39-0400__CAM_BACK_RIGHT__1537290817678113.jpg"], "intrinsics": [[[1257.8625342125129, 0.0, 827.2410631095686], [0.0, 1257.8625342125129, 450.915498205774], [0.0, 0.0, 1.0]], [[1252.8131021185304, 0.0, 826.588114781398], [0.0, 1252.8131021185304, 469.9846626224581], [0.0, 0.0, 1.0]], [[1256.7485116440405, 0.0, 817.7887570959712], [0.0, 1256.7485116440403, 451.9541780095127], [0.0, 0.0, 1.0]], [[1254.9860565800168, 0.0, 829.5769333630991], [0.0, 1254.9860565800168, 467.1680561863987], [0.0, 0.0, 1.0]], [[796.8910634503094, 0.0, 857.7774326863696], [0.0, 796.8910634503094, 476.8848988407415], [0.0, 0.0, 1.0]], [[1249.9629280788233, 0.0, 825.3768045375984], [0.0, 1249.9629280788233, 462.54816385708756], [0.0, 0.0, 1.0]]], "extrinsics": [[[0.822692334651947, -0.568423867225647, -0.008463115431368351, -0.727783203125], [0.003177335951477289, 0.019484467804431915, -0.9998050928115845, 1.489328384399414], [0.568477988243103, 0.8225051760673523, 0.017835795879364014, -1.143798828125], [0.0, 0.0, 0.0, 1.0]], [[0.010442170314490795, -0.9998312592506409, -0.01511112879961729, 0.0096435546875], [0.005393135827034712, 0.01516804564744234, -0.9998704195022583, 1.4816532135009766], [0.9999309182167053, 0.010359298437833786, 0.005550612695515156, -1.4546661376953125], [0.0, 0.0, 0.0, 1.0]], [[-0.843934953212738, -0.5362390875816345, -0.014879983849823475, 0.90570068359375], [0.0136701175943017, 0.006231574807316065, -0.9998871088027954, 1.4960708618164062], [0.5362712144851685, -0.8440431952476501, 0.002071406925097108, -1.15875244140625], [0.0, 0.0, 0.0, 1.0]], [[0.9478775858879089, 0.31861522793769836, -0.0035144968423992395, -1.12841796875], [-0.010582775808870792, 0.02045605331659317, -0.9997347593307495, 1.5618677139282227], [-0.3184588849544525, 0.9476633667945862, 0.022761670872569084, -0.161376953125], [0.0, 0.0, 0.0, 1.0]], [[0.009186819195747375, 0.9998705387115479, 0.013215470127761364, -0.02850341796875], [-0.008867382071912289, 0.01329696737229824, -0.9998722672462463, 1.5672473907470703], [-0.999918520450592, 0.009068555198609829, 0.008988390676677227, -0.0466156005859375], [0.0, 0.0, 0.0, 1.0]], [[-0.9237807989120483, 0.3829193711280823, 0.001274162670597434, 1.0105133056640625], [-0.005146849434822798, -0.00908929668366909, -0.9999454617500305, 1.546985149383545], [-0.38288694620132446, -0.923737108707428, 0.010367347858846188, -0.10498046875], [0.0, 0.0, 0.0, 1.0]]], "view": [[0.0, -2.0, 100.0], [-2.0, 0.0, 100.0], [0.0, 0.0, 1.0]], "bev": "bev_8636e408cafd4490a6ba8442d34aa3d7.png", "aux": "aux_8636e408cafd4490a6ba8442d34aa3d7.npz", "visibility": "visibility_8636e408cafd4490a6ba8442d34aa3d7.png", "pose": [[-0.764234185218811, -0.6449388265609741, 0.0, 717.3764038085938], [0.6449388265609741, -0.764234185218811, 0.0, 469.1815490722656], [0.0, 0.0, 1.0, 0.0], [0.0, 0.0, 0.0, 1.0]], "pose_inverse": [[-0.764234185218811, 0.6449388265609741, 0.0, 245.650146484375], [-0.6449388265609741, -0.764234185218811, 0.0, 821.228515625], [0.0, 0.0, 1.0, 0.0], [0.0, 0.0, 0.0, 1.0]], "cam_ids": [0, 1, 2, 3, 4, 5], "cam_channels": ["CAM_FRONT_LEFT", "CAM_FRONT", "CAM_FRONT_RIGHT", "CAM_BACK_LEFT", "CAM_BACK", "CAM_BACK_RIGHT"], "token": "8636e408cafd4490a6ba8442d34aa3d7", "scene": "scene-0572"}, {"images": ["samples/CAM_FRONT_LEFT/n008-2018-09-18-13-10-39-0400__CAM_FRONT_LEFT__1537290818154799.jpg", "samples/CAM_FRONT/n008-2018-09-18-13-10-39-0400__CAM_FRONT__1537290818162404.jpg", "samples/CAM_FRONT_RIGHT/n008-2018-09-18-13-10-39-0400__CAM_FRONT_RIGHT__1537290818170484.jpg", "samples/CAM_BACK_LEFT/n008-2018-09-18-13-10-39-0400__CAM_BACK_LEFT__1537290818197405.jpg", "samples/CAM_BACK/n008-2018-09-18-13-10-39-0400__CAM_BACK__1537290818187558.jpg", "samples/CAM_BACK_RIGHT/n008-2018-09-18-13-10-39-0400__CAM_BACK_RIGHT__1537290818178113.jpg"], "intrinsics": [[[1257.8625342125129, 0.0, 827.2410631095686], [0.0, 1257.8625342125129, 450.915498205774], [0.0, 0.0, 1.0]], [[1252.8131021185304, 0.0, 826.588114781398], [0.0, 1252.8131021185304, 469.9846626224581], [0.0, 0.0, 1.0]], [[1256.7485116440405, 0.0, 817.7887570959712], [0.0, 1256.7485116440403, 451.9541780095127], [0.0, 0.0, 1.0]], [[1254.9860565800168, 0.0, 829.5769333630991], [0.0, 1254.9860565800168, 467.1680561863987], [0.0, 0.0, 1.0]], [[796.8910634503094, 0.0, 857.7774326863696], [0.0, 796.8910634503094, 476.8848988407415], [0.0, 0.0, 1.0]], [[1249.9629280788233, 0.0, 825.3768045375984], [0.0, 1249.9629280788233, 462.54816385708756], [0.0, 0.0, 1.0]]], "extrinsics": [[[0.8227600455284119, -0.5682033896446228, -0.014520810917019844, -0.720672607421875], [-0.006916339509189129, 0.015537082217633724, -0.9998553395271301, 1.4858675003051758], [0.5683468580245972, 0.8227414488792419, 0.008853401988744736, -1.14111328125], [0.0, 0.0, 0.0, 1.0]], [[0.010535785928368568, -0.999883234500885, -0.011065570637583733, 0.01123046875], [-0.0049396357499063015, 0.011014007031917572, -0.9999271035194397, 1.4787187576293945], [0.9999322891235352, 0.010589604265987873, -0.004823018331080675, -1.4480743408203125], [0.0, 0.0, 0.0, 1.0]], [[-0.8439387083053589, -0.5364275574684143, -0.0036098535638302565, 0.901611328125], [0.0031080259941518307, 0.0018396645318716764, -0.9999934434890747, 1.4937689304351807], [0.5364307165145874, -0.8439444303512573, 0.00011466599971754476, -1.1546630859375], [0.0, 0.0, 0.0, 1.0]], [[0.9477272033691406, 0.31869155168533325, -0.015776580199599266, -1.125213623046875], [-0.021936602890491486, 0.015749046579003334, -0.9996353387832642, 1.5616083145141602], [-0.3183268904685974, 0.947727620601654, 0.021916812285780907, -0.1624755859375], [0.0, 0.0, 0.0, 1.0]], [[0.009180618450045586, 0.9999232292175293, 0.008321814239025116, -0.0289306640625], [-0.019930943846702576, 0.00850349199026823, -0.999765157699585, 1.5661580562591553], [-0.9997592568397522, 0.009012637659907341, 0.020007483661174774, -0.050689697265625], [0.0, 0.0, 0.0, 1.0]], [[-0.9237807393074036, 0.382805198431015, 0.00944811012595892, 1.0055313110351562], [-0.015904542058706284, -0.01370483823120594, -0.9997795820236206, 1.545175552368164], [-0.3825914263725281, -0.9237273931503296, 0.018748609349131584, -0.10614013671875], [0.0, 0.0, 0.0, 1.0]]], "view": [[0.0, -2.0, 100.0], [-2.0, 0.0, 100.0], [0.0, 0.0, 1.0]], "bev": "bev_0f529c464819450b88e368e2487c50d6.png", "aux": "aux_0f529c464819450b88e368e2487c50d6.npz", "visibility": "visibility_0f529c464819450b88e368e2487c50d6.png", "pose": [[-0.762975811958313, -0.6464270353317261, 0.0, 714.5040893554688], [0.6464270353317261, -0.762975811958313, 0.0, 471.647216796875], [0.0, 0.0, 1.0, 0.0], [0.0, 0.0, 0.0, 1.0]], "pose_inverse": [[-0.762975811958313, 0.6464270353317261, 0.0, 240.2638397216797], [-0.6464270353317261, -0.762975811958313, 0.0, 821.7301635742188], [0.0, 0.0, 1.0, 0.0], [0.0, 0.0, 0.0, 1.0]], "cam_ids": [0, 1, 2, 3, 4, 5], "cam_channels": ["CAM_FRONT_LEFT", "CAM_FRONT", "CAM_FRONT_RIGHT", "CAM_BACK_LEFT", "CAM_BACK", "CAM_BACK_RIGHT"], "token": "0f529c464819450b88e368e2487c50d6", "scene": "scene-0572"}, {"images": ["samples/CAM_FRONT_LEFT/n008-2018-09-18-13-10-39-0400__CAM_FRONT_LEFT__1537290818654799.jpg", "samples/CAM_FRONT/n008-2018-09-18-13-10-39-0400__CAM_FRONT__1537290818662404.jpg", "samples/CAM_FRONT_RIGHT/n008-2018-09-18-13-10-39-0400__CAM_FRONT_RIGHT__1537290818670482.jpg", "samples/CAM_BACK_LEFT/n008-2018-09-18-13-10-39-0400__CAM_BACK_LEFT__1537290818697405.jpg", "samples/CAM_BACK/n008-2018-09-18-13-10-39-0400__CAM_BACK__1537290818687558.jpg", "samples/CAM_BACK_RIGHT/n008-2018-09-18-13-10-39-0400__CAM_BACK_RIGHT__1537290818678113.jpg"], "intrinsics": [[[1257.8625342125129, 0.0, 827.2410631095686], [0.0, 1257.8625342125129, 450.915498205774], [0.0, 0.0, 1.0]], [[1252.8131021185304, 0.0, 826.588114781398], [0.0, 1252.8131021185304, 469.9846626224581], [0.0, 0.0, 1.0]], [[1256.7485116440405, 0.0, 817.7887570959712], [0.0, 1256.7485116440403, 451.9541780095127], [0.0, 0.0, 1.0]], [[1254.9860565800168, 0.0, 829.5769333630991], [0.0, 1254.9860565800168, 467.1680561863987], [0.0, 0.0, 1.0]], [[796.8910634503094, 0.0, 857.7774326863696], [0.0, 796.8910634503094, 476.8848988407415], [0.0, 0.0, 1.0]], [[1249.9629280788233, 0.0, 825.3768045375984], [0.0, 1249.9629280788233, 462.54816385708756], [0.0, 0.0, 1.0]]], "extrinsics": [[[0.8227928280830383, -0.5683132410049438, -0.005658253096044064, -0.71612548828125], [0.002979068085551262, 0.014268201775848866, -0.9998937249183655, 1.4892902374267578], [0.568333625793457, 0.8226885199546814, 0.013432817533612251, -1.1375732421875], [0.0, 0.0, 0.0, 1.0]], [[0.010624554939568043, -0.9998941421508789, -0.009940766729414463, 0.01141357421875], [0.00481468066573143, 0.009992366656661034, -0.9999384880065918, 1.4815378189086914], [0.9999319911003113, 0.010575968772172928, 0.004920335486531258, -1.4437103271484375], [0.0, 0.0, 0.0, 1.0]], [[-0.8438560366630554, -0.5364505052566528, -0.011306232772767544, 0.89892578125], [0.012692181393504143, 0.0011090337065979838, -0.9999188184738159, 1.4959733486175537], [0.5364195704460144, -0.8439310193061829, 0.005872862413525581, -1.15277099609375], [0.0, 0.0, 0.0, 1.0]], [[0.9478467106819153, 0.3186427652835846, -0.007298169657588005, -1.12567138671875], [-0.012945612892508507, 0.01560929324477911, -0.9997943043708801, 1.5617914199829102], [-0.31846338510513306, 0.9477463364601135, 0.01892024464905262, -0.162353515625], [0.0, 0.0, 0.0, 1.0]], [[0.009115182794630527, 0.9999245405197144, 0.008231301791965961, -0.0289306640625], [-0.010730971582233906, 0.00832898635417223, -0.9999076724052429, 1.5670228004455566], [-0.9999008774757385, 0.009026012383401394, 0.010806082747876644, -0.0516815185546875], [0.0, 0.0, 0.0, 1.0]], [[-0.9238312840461731, 0.3827992379665375, 0.0005710293189622462, 1.0034713745117188], [-0.0064811608754098415, -0.014149813912808895, -0.9998788833618164, 1.546738624572754], [-0.38274481892585754, -0.9237231016159058, 0.015553025528788567, -0.10687255859375], [0.0, 0.0, 0.0, 1.0]]], "view": [[0.0, -2.0, 100.0], [-2.0, 0.0, 100.0], [0.0, 0.0, 1.0]], "bev": "bev_5f6adf1ceb4d4538900de35389aed3ea.png", "aux": "aux_5f6adf1ceb4d4538900de35389aed3ea.npz", "visibility": "visibility_5f6adf1ceb4d4538900de35389aed3ea.png", "pose": [[-0.7606624364852905, -0.649147629737854, 0.0, 711.6392211914062], [0.649147629737854, -0.7606624364852905, 0.0, 474.1261901855469], [0.0, 0.0, 1.0, 0.0], [0.0, 0.0, 0.0, 1.0]], "pose_inverse": [[-0.7606624364852905, 0.649147629737854, 0.0, 233.53933715820312], [-0.649147629737854, -0.7606624364852905, 0.0, 822.60888671875], [0.0, 0.0, 1.0, 0.0], [0.0, 0.0, 0.0, 1.0]], "cam_ids": [0, 1, 2, 3, 4, 5], "cam_channels": ["CAM_FRONT_LEFT", "CAM_FRONT", "CAM_FRONT_RIGHT", "CAM_BACK_LEFT", "CAM_BACK", "CAM_BACK_RIGHT"], "token": "5f6adf1ceb4d4538900de35389aed3ea", "scene": "scene-0572"}, {"images": ["samples/CAM_FRONT_LEFT/n008-2018-09-18-13-10-39-0400__CAM_FRONT_LEFT__1537290819154799.jpg", "samples/CAM_FRONT/n008-2018-09-18-13-10-39-0400__CAM_FRONT__1537290819162404.jpg", "samples/CAM_FRONT_RIGHT/n008-2018-09-18-13-10-39-0400__CAM_FRONT_RIGHT__1537290819170482.jpg", "samples/CAM_BACK_LEFT/n008-2018-09-18-13-10-39-0400__CAM_BACK_LEFT__1537290819197466.jpg", "samples/CAM_BACK/n008-2018-09-18-13-10-39-0400__CAM_BACK__1537290819187558.jpg", "samples/CAM_BACK_RIGHT/n008-2018-09-18-13-10-39-0400__CAM_BACK_RIGHT__1537290819178113.jpg"], "intrinsics": [[[1257.8625342125129, 0.0, 827.2410631095686], [0.0, 1257.8625342125129, 450.915498205774], [0.0, 0.0, 1.0]], [[1252.8131021185304, 0.0, 826.588114781398], [0.0, 1252.8131021185304, 469.9846626224581], [0.0, 0.0, 1.0]], [[1256.7485116440405, 0.0, 817.7887570959712], [0.0, 1256.7485116440403, 451.9541780095127], [0.0, 0.0, 1.0]], [[1254.9860565800168, 0.0, 829.5769333630991], [0.0, 1254.9860565800168, 467.1680561863987], [0.0, 0.0, 1.0]], [[796.8910634503094, 0.0, 857.7774326863696], [0.0, 796.8910634503094, 476.8848988407415], [0.0, 0.0, 1.0]], [[1249.9629280788233, 0.0, 825.3768045375984], [0.0, 1249.9629280788233, 462.54816385708756], [0.0, 0.0, 1.0]]], "extrinsics": [[[0.8225277066230774, -0.5686951875686646, -0.005821342580020428, -0.7266845703125], [-0.002221485134214163, 0.007023009471595287, -0.9999728798866272, 1.4875226020812988], [0.5687207579612732, 0.8225183486938477, 0.0045132702216506, -1.14495849609375], [0.0, 0.0, 0.0, 1.0]], [[0.010292385704815388, -0.9999433159828186, -0.0027129617519676685, 0.010986328125], [6.874281825730577e-05, 0.002713812282308936, -0.9999963641166687, 1.4801771640777588], [0.9999470710754395, 0.010292134247720242, 9.667132690083236e-05, -1.456024169921875], [0.0, 0.0, 0.0, 1.0]], [[-0.8440057635307312, -0.5363203287124634, -0.003857425646856427, 0.9080810546875], [0.008476277813315392, -0.006147097330540419, -0.9999451637268066, 1.4949313402175903], [0.5362671613693237, -0.8439921736717224, 0.00973418541252613, -1.15899658203125], [0.0, 0.0, 0.0, 1.0]], [[0.947839081287384, 0.3185276985168457, -0.011884564533829689, -1.13140869140625], [-0.015484499745070934, 0.008772019296884537, -0.9998416304588318, 1.5618360042572021], [-0.3183729350566864, 0.9478729367256165, 0.013246703892946243, -0.16033935546875], [0.0, 0.0, 0.0, 1.0]], [[0.00923191849142313, 0.9999567270278931, 0.001110563287511468, -0.02886962890625], [-0.01398603618144989, 0.0012396250385791063, -0.9999014139175415, 1.5668247938156128], [-0.9998595714569092, 0.009215539321303368, 0.01399687584489584, -0.0440826416015625], [0.0, 0.0, 0.0, 1.0]], [[-0.9237645864486694, 0.38295868039131165, 0.0012664295500144362, 1.012359619140625], [-0.010220183059573174, -0.02134687267243862, -0.9997199177742004, 1.546213150024414], [-0.3828243315219879, -0.9235188364982605, 0.02363339439034462, -0.103515625], [0.0, 0.0, 0.0, 1.0]]], "view": [[0.0, -2.0, 100.0], [-2.0, 0.0, 100.0], [0.0, 0.0, 1.0]], "bev": "bev_7af54eb25b9548bf90189345115eaae1.png", "aux": "aux_7af54eb25b9548bf90189345115eaae1.npz", "visibility": "visibility_7af54eb25b9548bf90189345115eaae1.png", "pose": [[-0.7608936429023743, -0.6488766074180603, 0.0, 708.7825927734375], [0.6488766074180603, -0.7608936429023743, 0.0, 476.6062927246094], [0.0, 0.0, 1.0, 0.0], [0.0, 0.0, 0.0, 1.0]], "pose_inverse": [[-0.7608936429023743, 0.6488766074180603, 0.0, 230.0495147705078], [-0.6488766074180603, -0.7608936429023743, 0.0, 822.5591430664062], [0.0, 0.0, 1.0, 0.0], [0.0, 0.0, 0.0, 1.0]], "cam_ids": [0, 1, 2, 3, 4, 5], "cam_channels": ["CAM_FRONT_LEFT", "CAM_FRONT", "CAM_FRONT_RIGHT", "CAM_BACK_LEFT", "CAM_BACK", "CAM_BACK_RIGHT"], "token": "7af54eb25b9548bf90189345115eaae1", "scene": "scene-0572"}, {"images": ["samples/CAM_FRONT_LEFT/n008-2018-09-18-13-10-39-0400__CAM_FRONT_LEFT__1537290819654799.jpg", "samples/CAM_FRONT/n008-2018-09-18-13-10-39-0400__CAM_FRONT__1537290819662404.jpg", "samples/CAM_FRONT_RIGHT/n008-2018-09-18-13-10-39-0400__CAM_FRONT_RIGHT__1537290819670482.jpg", "samples/CAM_BACK_LEFT/n008-2018-09-18-13-10-39-0400__CAM_BACK_LEFT__1537290819697405.jpg", "samples/CAM_BACK/n008-2018-09-18-13-10-39-0400__CAM_BACK__1537290819687558.jpg", "samples/CAM_BACK_RIGHT/n008-2018-09-18-13-10-39-0400__CAM_BACK_RIGHT__1537290819678113.jpg"], "intrinsics": [[[1257.8625342125129, 0.0, 827.2410631095686], [0.0, 1257.8625342125129, 450.915498205774], [0.0, 0.0, 1.0]], [[1252.8131021185304, 0.0, 826.588114781398], [0.0, 1252.8131021185304, 469.9846626224581], [0.0, 0.0, 1.0]], [[1256.7485116440405, 0.0, 817.7887570959712], [0.0, 1256.7485116440403, 451.9541780095127], [0.0, 0.0, 1.0]], [[1254.9860565800168, 0.0, 829.5769333630991], [0.0, 1254.9860565800168, 467.1680561863987], [0.0, 0.0, 1.0]], [[796.8910634503094, 0.0, 857.7774326863696], [0.0, 796.8910634503094, 476.8848988407415], [0.0, 0.0, 1.0]], [[1249.9629280788233, 0.0, 825.3768045375984], [0.0, 1249.9629280788233, 462.54816385708756], [0.0, 0.0, 1.0]]], "extrinsics": [[[0.8224326968193054, -0.5688585638999939, -0.0021003857254981995, -0.7276611328125], [-0.0006460754666477442, 0.0027581967879086733, -0.9999960064888, 1.4880647659301758], [0.5688620805740356, 0.8224307894706726, 0.00190090446267277, -1.147216796875], [0.0, 0.0, 0.0, 1.0]], [[0.010052861645817757, -0.9999485015869141, 0.0013857395388185978, 0.01226806640625], [0.0011857855133712292, -0.0013738874113187194, -0.9999983310699463, 1.4804966449737549], [0.9999487996101379, 0.01005453709512949, 0.0011719133472070098, -1.4595184326171875], [0.0, 0.0, 0.0, 1.0]], [[-0.844127893447876, -0.5361371636390686, -0.0022372324019670486, 0.9122314453125], [0.009044553153216839, -0.010067819617688656, -0.999908447265625, 1.4950361251831055], [0.5360655188560486, -0.8440708518028259, 0.013347648084163666, -1.1602783203125], [0.0, 0.0, 0.0, 1.0]], [[0.9478316307067871, 0.318452388048172, -0.014258846640586853, -1.135467529296875], [-0.01672753505408764, 0.005018690600991249, -0.9998474717140198, 1.5618934631347656], [-0.318332314491272, 0.9479255676269531, 0.010083797387778759, -0.1590576171875], [0.0, 0.0, 0.0, 1.0]], [[0.009334332309663296, 0.9999532699584961, -0.0025440678000450134, -0.02935791015625], [-0.014641021378338337, -0.0024072362575680017, -0.9998899102210999, 1.5668401718139648], [-0.999849259853363, 0.009370507672429085, 0.014617867767810822, -0.03924560546875], [0.0, 0.0, 0.0, 1.0]], [[-0.9236981272697449, 0.3831210136413574, -0.00020155590027570724, 1.0162429809570312], [-0.01019891444593668, -0.025115298107266426, -0.9996325373649597, 1.5462875366210938], [-0.38298532366752625, -0.9233565926551819, 0.02710637077689171, -0.10101318359375], [0.0, 0.0, 0.0, 1.0]]], "view": [[0.0, -2.0, 100.0], [-2.0, 0.0, 100.0], [0.0, 0.0, 1.0]], "bev": "bev_1174a7158c1846988b6405682ebb0884.png", "aux": "aux_1174a7158c1846988b6405682ebb0884.npz", "visibility": "visibility_1174a7158c1846988b6405682ebb0884.png", "pose": [[-0.7592747211456299, -0.6507702469825745, 0.0, 705.921142578125], [0.6507702469825745, -0.7592747211456299, 0.0, 479.1192932128906], [0.0, 0.0, 1.0, 0.0], [0.0, 0.0, 0.0, 1.0]], "pose_inverse": [[-0.7592747211456299, 0.6507702469825745, 0.0, 224.19146728515625], [-0.6507702469825745, -0.7592747211456299, 0.0, 823.1756591796875], [0.0, 0.0, 1.0, 0.0], [0.0, 0.0, 0.0, 1.0]], "cam_ids": [0, 1, 2, 3, 4, 5], "cam_channels": ["CAM_FRONT_LEFT", "CAM_FRONT", "CAM_FRONT_RIGHT", "CAM_BACK_LEFT", "CAM_BACK", "CAM_BACK_RIGHT"], "token": "1174a7158c1846988b6405682ebb0884", "scene": "scene-0572"}, {"images": ["samples/CAM_FRONT_LEFT/n008-2018-09-18-13-10-39-0400__CAM_FRONT_LEFT__1537290820154799.jpg", "samples/CAM_FRONT/n008-2018-09-18-13-10-39-0400__CAM_FRONT__1537290820162404.jpg", "samples/CAM_FRONT_RIGHT/n008-2018-09-18-13-10-39-0400__CAM_FRONT_RIGHT__1537290820170482.jpg", "samples/CAM_BACK_LEFT/n008-2018-09-18-13-10-39-0400__CAM_BACK_LEFT__1537290820197405.jpg", "samples/CAM_BACK/n008-2018-09-18-13-10-39-0400__CAM_BACK__1537290820187558.jpg", "samples/CAM_BACK_RIGHT/n008-2018-09-18-13-10-39-0400__CAM_BACK_RIGHT__1537290820178113.jpg"], "intrinsics": [[[1257.8625342125129, 0.0, 827.2410631095686], [0.0, 1257.8625342125129, 450.915498205774], [0.0, 0.0, 1.0]], [[1252.8131021185304, 0.0, 826.588114781398], [0.0, 1252.8131021185304, 469.9846626224581], [0.0, 0.0, 1.0]], [[1256.7485116440405, 0.0, 817.7887570959712], [0.0, 1256.7485116440403, 451.9541780095127], [0.0, 0.0, 1.0]], [[1254.9860565800168, 0.0, 829.5769333630991], [0.0, 1254.9860565800168, 467.1680561863987], [0.0, 0.0, 1.0]], [[796.8910634503094, 0.0, 857.7774326863696], [0.0, 796.8910634503094, 476.8848988407415], [0.0, 0.0, 1.0]], [[1249.9629280788233, 0.0, 825.3768045375984], [0.0, 1249.9629280788233, 462.54816385708756], [0.0, 0.0, 1.0]]], "extrinsics": [[[0.8222099542617798, -0.5691774487495422, 0.0027972967363893986, -0.729949951171875], [-0.0018865761812776327, -0.007639745250344276, -0.9999690055847168, 1.4876971244812012], [0.5691812038421631, 0.8221791982650757, -0.007355271838605404, -1.1474609375], [0.0, 0.0, 0.0, 1.0]], [[0.009741665795445442, -0.9998802542686462, 0.012019811198115349, 0.01129150390625], [-7.386035576928407e-05, -0.012021101079881191, -0.9999277591705322, 1.480184555053711], [0.999952495098114, 0.0097400713711977, -0.0001909581624204293, -1.46038818359375], [0.0, 0.0, 0.0, 1.0]], [[-0.8442641496658325, -0.535906970500946, 0.004668103065341711, 0.91217041015625], [0.007790988776832819, -0.020982349291443825, -0.999749481678009, 1.494786262512207], [0.5358706116676331, -0.8440163135528564, 0.02188989147543907, -1.16119384765625], [0.0, 0.0, 0.0, 1.0]], [[0.9478354454040527, 0.31818652153015137, -0.019107714295387268, -1.136566162109375], [-0.018020877614617348, -0.006359144113957882, -0.9998173713684082, 1.561903953552246], [-0.31825003027915955, 0.9480067491531372, -0.0002934202493634075, -0.15863037109375], [0.0, 0.0, 0.0, 1.0]], [[0.00946802832186222, 0.9998580813407898, -0.013935652561485767, -0.029052734375], [-0.015824545174837112, -0.013784713111817837, -0.9997797012329102, 1.5667657852172852], [-0.9998299479484558, 0.009686470031738281, 0.015691783279180527, -0.0384063720703125], [0.0, 0.0, 0.0, 1.0]], [[-0.9236210584640503, 0.3832920491695404, -0.003342442912980914, 1.016998291015625], [-0.011432227678596973, -0.036262355744838715, -0.9992769360542297, 1.5461101531982422], [-0.3831360638141632, -0.9229151010513306, 0.03787456452846527, -0.10125732421875], [0.0, 0.0, 0.0, 1.0]]], "view": [[0.0, -2.0, 100.0], [-2.0, 0.0, 100.0], [0.0, 0.0, 1.0]], "bev": "bev_ea54628d8b014aca949dd2e27a8b51a4.png", "aux": "aux_ea54628d8b014aca949dd2e27a8b51a4.npz", "visibility": "visibility_ea54628d8b014aca949dd2e27a8b51a4.png", "pose": [[-0.760154664516449, -0.6497421264648438, 0.0, 703.0717163085938], [0.6497421264648438, -0.760154664516449, 0.0, 481.6189270019531], [0.0, 0.0, 1.0, 0.0], [0.0, 0.0, 0.0, 1.0]], "pose_inverse": [[-0.760154664516449, 0.6497421264648438, 0.0, 221.51513671875], [-0.6497421264648438, -0.760154664516449, 0.0, 822.9202270507812], [0.0, 0.0, 1.0, 0.0], [0.0, 0.0, 0.0, 1.0]], "cam_ids": [0, 1, 2, 3, 4, 5], "cam_channels": ["CAM_FRONT_LEFT", "CAM_FRONT", "CAM_FRONT_RIGHT", "CAM_BACK_LEFT", "CAM_BACK", "CAM_BACK_RIGHT"], "token": "ea54628d8b014aca949dd2e27a8b51a4", "scene": "scene-0572"}, {"images": ["samples/CAM_FRONT_LEFT/n008-2018-09-18-13-10-39-0400__CAM_FRONT_LEFT__1537290820654802.jpg", "samples/CAM_FRONT/n008-2018-09-18-13-10-39-0400__CAM_FRONT__1537290820662404.jpg", "samples/CAM_FRONT_RIGHT/n008-2018-09-18-13-10-39-0400__CAM_FRONT_RIGHT__1537290820670482.jpg", "samples/CAM_BACK_LEFT/n008-2018-09-18-13-10-39-0400__CAM_BACK_LEFT__1537290820697405.jpg", "samples/CAM_BACK/n008-2018-09-18-13-10-39-0400__CAM_BACK__1537290820687618.jpg", "samples/CAM_BACK_RIGHT/n008-2018-09-18-13-10-39-0400__CAM_BACK_RIGHT__1537290820678113.jpg"], "intrinsics": [[[1257.8625342125129, 0.0, 827.2410631095686], [0.0, 1257.8625342125129, 450.915498205774], [0.0, 0.0, 1.0]], [[1252.8131021185304, 0.0, 826.588114781398], [0.0, 1252.8131021185304, 469.9846626224581], [0.0, 0.0, 1.0]], [[1256.7485116440405, 0.0, 817.7887570959712], [0.0, 1256.7485116440403, 451.9541780095127], [0.0, 0.0, 1.0]], [[1254.9860565800168, 0.0, 829.5769333630991], [0.0, 1254.9860565800168, 467.1680561863987], [0.0, 0.0, 1.0]], [[796.8910634503094, 0.0, 857.7774326863696], [0.0, 796.8910634503094, 476.8848988407415], [0.0, 0.0, 1.0]], [[1249.9629280788233, 0.0, 825.3768045375984], [0.0, 1249.9629280788233, 462.54816385708756], [0.0, 0.0, 1.0]]], "extrinsics": [[[0.8222199082374573, -0.5690957307815552, 0.009195245802402496, -0.739013671875], [2.1962114260531962e-05, -0.016123808920383453, -0.9998700022697449, 1.4883594512939453], [0.5691699981689453, 0.8221132159233093, -0.01324482075870037, -1.15362548828125], [0.0, 0.0, 0.0, 1.0]], [[0.009686129167675972, -0.9997508525848389, 0.020105741918087006, 0.01080322265625], [0.00219147396273911, -0.020085414871573448, -0.9997959136962891, 1.4808063507080078], [0.9999505877494812, 0.009728286415338516, 0.0019963777158409357, -1.468841552734375], [0.0, 0.0, 0.0, 1.0]], [[-0.8443012833595276, -0.5358288288116455, 0.006541047245264053, 0.91693115234375], [0.01038639061152935, -0.02856745757162571, -0.9995378851890564, 1.4952869415283203], [0.5357681512832642, -0.8438432216644287, 0.029684867709875107, -1.16473388671875], [0.0, 0.0, 0.0, 1.0]], [[0.9479139447212219, 0.31804946064949036, -0.017428459599614143, -1.13409423828125], [-0.014181275852024555, -0.012522305361926556, -0.9998210668563843, 1.5618982315063477], [-0.31821078062057495, 0.9479914307594299, -0.0073597184382379055, -0.15960693359375], [0.0, 0.0, 0.0, 1.0]], [[0.009559154510498047, 0.9997434020042419, -0.020537929609417915, -0.0289306640625], [-0.012307348661124706, -0.020419683307409286, -0.9997156858444214, 1.5670700073242188], [-0.9998785257339478, 0.009809120558202267, 0.012108996510505676, -0.037567138671875], [0.0, 0.0, 0.0, 1.0]], [[-0.9235891103744507, 0.38328251242637634, -0.008801640942692757, 1.0202789306640625], [-0.008488770574331284, -0.043396614491939545, -0.9990218281745911, 1.5465965270996094], [-0.383289635181427, -0.9226111173629761, 0.0433342419564724, -0.1002197265625], [0.0, 0.0, 0.0, 1.0]]], "view": [[0.0, -2.0, 100.0], [-2.0, 0.0, 100.0], [0.0, 0.0, 1.0]], "bev": "bev_fae97fc99d2e47a8946d867589d2d6e7.png", "aux": "aux_fae97fc99d2e47a8946d867589d2d6e7.npz", "visibility": "visibility_fae97fc99d2e47a8946d867589d2d6e7.png", "pose": [[-0.7605450749397278, -0.6492851376533508, 0.0, 700.2108764648438], [0.6492851376533508, -0.7605450749397278, 0.0, 484.1024475097656], [0.0, 0.0, 1.0, 0.0], [0.0, 0.0, 0.0, 1.0]], "pose_inverse": [[-0.7605450749397278, 0.6492851376533508, 0.0, 218.2213897705078], [-0.6492851376533508, -0.7605450749397278, 0.0, 822.8182373046875], [0.0, 0.0, 1.0, 0.0], [0.0, 0.0, 0.0, 1.0]], "cam_ids": [0, 1, 2, 3, 4, 5], "cam_channels": ["CAM_FRONT_LEFT", "CAM_FRONT", "CAM_FRONT_RIGHT", "CAM_BACK_LEFT", "CAM_BACK", "CAM_BACK_RIGHT"], "token": "fae97fc99d2e47a8946d867589d2d6e7", "scene": "scene-0572"}, {"images": ["samples/CAM_FRONT_LEFT/n008-2018-09-18-13-10-39-0400__CAM_FRONT_LEFT__1537290821154799.jpg", "samples/CAM_FRONT/n008-2018-09-18-13-10-39-0400__CAM_FRONT__1537290821162404.jpg", "samples/CAM_FRONT_RIGHT/n008-2018-09-18-13-10-39-0400__CAM_FRONT_RIGHT__1537290821170482.jpg", "samples/CAM_BACK_LEFT/n008-2018-09-18-13-10-39-0400__CAM_BACK_LEFT__1537290821197405.jpg", "samples/CAM_BACK/n008-2018-09-18-13-10-39-0400__CAM_BACK__1537290821187558.jpg", "samples/CAM_BACK_RIGHT/n008-2018-09-18-13-10-39-0400__CAM_BACK_RIGHT__1537290821178113.jpg"], "intrinsics": [[[1257.8625342125129, 0.0, 827.2410631095686], [0.0, 1257.8625342125129, 450.915498205774], [0.0, 0.0, 1.0]], [[1252.8131021185304, 0.0, 826.588114781398], [0.0, 1252.8131021185304, 469.9846626224581], [0.0, 0.0, 1.0]], [[1256.7485116440405, 0.0, 817.7887570959712], [0.0, 1256.7485116440403, 451.9541780095127], [0.0, 0.0, 1.0]], [[1254.9860565800168, 0.0, 829.5769333630991], [0.0, 1254.9860565800168, 467.1680561863987], [0.0, 0.0, 1.0]], [[796.8910634503094, 0.0, 857.7774326863696], [0.0, 796.8910634503094, 476.8848988407415], [0.0, 0.0, 1.0]], [[1249.9629280788233, 0.0, 825.3768045375984], [0.0, 1249.9629280788233, 462.54816385708756], [0.0, 0.0, 1.0]]], "extrinsics": [[[0.8226410746574402, -0.5685567259788513, 0.0022299126721918583, -0.7227783203125], [0.0015513550024479628, -0.0016774015966802835, -0.9999973773956299, 1.4888291358947754], [0.568558931350708, 0.82264244556427, -0.0004978685756213963, -1.14288330078125], [0.0, 0.0, 0.0, 1.0]], [[0.010338429361581802, -0.9999309182167053, 0.005592705681920052, 0.0113525390625], [0.003596347291022539, -0.005555788520723581, -0.9999781250953674, 1.4811930656433105], [0.999940037727356, 0.010358230210840702, 0.0035386614035815, -1.4536895751953125], [0.0, 0.0, 0.0, 1.0]], [[-0.8440015912055969, -0.5363349914550781, -0.002448262879624963, 0.90765380859375], [0.011782734654843807, -0.013977819122374058, -0.9998328685760498, 1.4956774711608887], [0.5362111330032349, -0.8438894748687744, 0.018116796389222145, -1.158447265625], [0.0, 0.0, 0.0, 1.0]], [[0.9478772878646851, 0.31841427087783813, -0.011871591210365295, -1.1341552734375], [-0.013268028385937214, 0.0022170685697346926, -0.999909520149231, 1.5619044303894043], [-0.3183591663837433, 0.9479490518569946, 0.006326239090412855, -0.1595458984375], [0.0, 0.0, 