[{"images": ["samples/CAM_FRONT_LEFT/n008-2018-09-18-14-35-12-0400__CAM_FRONT_LEFT__1537296075854799.jpg", "samples/CAM_FRONT/n008-2018-09-18-14-35-12-0400__CAM_FRONT__1537296075862404.jpg", "samples/CAM_FRONT_RIGHT/n008-2018-09-18-14-35-12-0400__CAM_FRONT_RIGHT__1537296075870482.jpg", "samples/CAM_BACK_LEFT/n008-2018-09-18-14-35-12-0400__CAM_BACK_LEFT__1537296075897405.jpg", "samples/CAM_BACK/n008-2018-09-18-14-35-12-0400__CAM_BACK__1537296075887558.jpg", "samples/CAM_BACK_RIGHT/n008-2018-09-18-14-35-12-0400__CAM_BACK_RIGHT__1537296075878113.jpg"], "intrinsics": [[[1257.8625342125129, 0.0, 827.2410631095686], [0.0, 1257.8625342125129, 450.915498205774], [0.0, 0.0, 1.0]], [[1252.8131021185304, 0.0, 826.588114781398], [0.0, 1252.8131021185304, 469.9846626224581], [0.0, 0.0, 1.0]], [[1256.7485116440405, 0.0, 817.7887570959712], [0.0, 1256.7485116440403, 451.9541780095127], [0.0, 0.0, 1.0]], [[1254.9860565800168, 0.0, 829.5769333630991], [0.0, 1254.9860565800168, 467.1680561863987], [0.0, 0.0, 1.0]], [[796.8910634503094, 0.0, 857.7774326863696], [0.0, 796.8910634503094, 476.8848988407415], [0.0, 0.0, 1.0]], [[1249.9629280788233, 0.0, 825.3768045375984], [0.0, 1249.9629280788233, 462.54816385708756], [0.0, 0.0, 1.0]]], "extrinsics": [[[0.8223254084587097, -0.5682526230812073, -0.029493294656276703, -0.9833984375], [-0.007091140374541283, 0.04159383103251457, -0.9991094470024109, 1.4880714416503906], [0.5689733028411865, 0.8218022584915161, 0.03017410822212696, -1.319488525390625], [0.0, 0.0, 0.0, 1.0]], [[0.009924374520778656, -0.9992466568946838, -0.037519026547670364, 0.00634765625], [-0.005116408225148916, 0.037469636648893356, -0.9992846846580505, 1.4800376892089844], [0.9999376535415649, 0.010109229013323784, -0.004740689881145954, -1.7147216796875], [0.0, 0.0, 0.0, 1.0]], [[-0.84421306848526, -0.5357087850570679, -0.01789937913417816, 1.0791015625], [0.0029380079358816147, 0.028768589720129967, -0.9995817542076111, 1.4931011199951172], [0.5359996557235718, -0.8439126014709473, -0.02271290495991707, -1.2694091796875], [0.0, 0.0, 0.0, 1.0]], [[0.9478071928024292, 0.318763792514801, -0.00715684425085783, -1.1429443359375], [-0.022295013070106506, 0.04386695846915245, -0.9987885355949402, 1.5620193481445312], [-0.3180637061595917, 0.9468185305595398, 0.048684261739254, -0.1566162109375], [0.0, 0.0, 0.0, 1.0]], [[0.009528005495667458, 0.9992996454238892, 0.03618654981255531, -0.029052734375], [-0.020230647176504135, 0.03637342527508736, -0.9991334080696106, 1.5679473876953125], [-0.9997498989105225, 0.008787628263235092, 0.020563043653964996, 0.0390625], [0.0, 0.0, 0.0, 1.0]], [[-0.923610270023346, 0.3828054964542389, 0.020101603120565414, 1.15185546875], [-0.016083592548966408, 0.013694021850824356, -0.9997768402099609, 1.5476608276367188], [-0.38299521803855896, -0.9237274527549744, -0.006491054315119982, -0.0468292236328125], [0.0, 0.0, 0.0, 1.0]]], "view": [[0.0, -2.0, 100.0], [-2.0, 0.0, 100.0], [0.0, 0.0, 1.0]], "bev": "bev_43f05ac397484672b9bdf86dcc0b0289.png", "aux": "aux_43f05ac397484672b9bdf86dcc0b0289.npz", "visibility": "visibility_43f05ac397484672b9bdf86dcc0b0289.png", "pose": [[-0.5255110263824463, 0.8507868051528931, 0.0, 2022.576904296875], [-0.8507868051528931, -0.5255110263824463, 0.0, 1153.177001953125], [0.0, 0.0, 1.0, 0.0], [0.0, 0.0, 0.0, 1.0]], "pose_inverse": [[-0.5255110263824463, -0.8507868051528931, 0.0, 2043.9942626953125], [0.8507868051528931, -0.5255110263824463, 0.0, -1114.7744140625], [0.0, 0.0, 1.0, 0.0], [0.0, 0.0, 0.0, 1.0]], "cam_ids": [0, 1, 2, 3, 4, 5], "cam_channels": ["CAM_FRONT_LEFT", "CAM_FRONT", "CAM_FRONT_RIGHT", "CAM_BACK_LEFT", "CAM_BACK", "CAM_BACK_RIGHT"], "token": "43f05ac397484672b9bdf86dcc0b0289", "scene": "scene-0635"}, {"images": ["samples/CAM_FRONT_LEFT/n008-2018-09-18-14-35-12-0400__CAM_FRONT_LEFT__1537296076404799.jpg", "samples/CAM_FRONT/n008-2018-09-18-14-35-12-0400__CAM_FRONT__1537296076412404.jpg", "samples/CAM_FRONT_RIGHT/n008-2018-09-18-14-35-12-0400__CAM_FRONT_RIGHT__1537296076420482.jpg", "samples/CAM_BACK_LEFT/n008-2018-09-18-14-35-12-0400__CAM_BACK_LEFT__1537296076447405.jpg", "samples/CAM_BACK/n008-2018-09-18-14-35-12-0400__CAM_BACK__1537296076437558.jpg", "samples/CAM_BACK_RIGHT/n008-2018-09-18-14-35-12-0400__CAM_BACK_RIGHT__1537296076428113.jpg"], "intrinsics": [[[1257.8625342125129, 0.0, 827.2410631095686], [0.0, 1257.8625342125129, 450.915498205774], [0.0, 0.0, 1.0]], [[1252.8131021185304, 0.0, 826.588114781398], [0.0, 1252.8131021185304, 469.9846626224581], [0.0, 0.0, 1.0]], [[1256.7485116440405, 0.0, 817.7887570959712], [0.0, 1256.7485116440403, 451.9541780095127], [0.0, 0.0, 1.0]], [[1254.9860565800168, 0.0, 829.5769333630991], [0.0, 1254.9860565800168, 467.1680561863987], [0.0, 0.0, 1.0]], [[796.8910634503094, 0.0, 857.7774326863696], [0.0, 796.8910634503094, 476.8848988407415], [0.0, 0.0, 1.0]], [[1249.9629280788233, 0.0, 825.3768045375984], [0.0, 1249.9629280788233, 462.54816385708756], [0.0, 0.0, 1.0]]], "extrinsics": [[[0.8224155902862549, -0.5681890845298767, -0.02817576378583908, -0.987548828125], [-0.005707280244678259, 0.0412847176194191, -0.9991310834884644, 1.4881401062011719], [0.5688586235046387, 0.8218618035316467, 0.030710378661751747, -1.3219146728515625], [0.0, 0.0, 0.0, 1.0]], [[0.01005933154374361, -0.99925696849823, -0.037207528948783875, 0.0062255859375], [-0.0037510008551180363, 0.037171442061662674, -0.9993018507957458, 1.480072021484375], [0.9999423027038574, 0.0101919611915946, -0.0033742922823876143, -1.71728515625], [0.0, 0.0, 0.0, 1.0]], [[-0.8441461324691772, -0.5357807874679565, -0.01887435093522072, 1.0792236328125], [0.004272385500371456, 0.02848180942237377, -0.9995852112770081, 1.4931163787841797], [0.5360961556434631, -0.8438766598701477, -0.021753747016191483, -1.269775390625], [0.0, 0.0, 0.0, 1.0]], [[0.9478139281272888, 0.31876662373542786, -0.006054996512830257, -1.142822265625], [-0.02106698788702488, 0.043667398393154144, -0.9988240003585815, 1.56201171875], [-0.3181273341178894, 0.9468267560005188, 0.048104021698236465, -0.15673828125], [0.0, 0.0, 0.0, 1.0]], [[0.009450200013816357, 0.9993084073066711, 0.03596160560846329, -0.029052734375], [-0.018956974148750305, 0.036135781556367874, -0.9991670846939087, 1.5679397583007812], [-0.9997756481170654, 0.008760684169828892, 0.019285358488559723, 0.038818359375], [0.0, 0.0, 0.0, 1.0]], [[-0.9236599802970886, 0.38275206089019775, 0.01878850907087326, 1.151123046875], [-0.014775091782212257, 0.01342279277741909, -0.9998006820678711, 1.5476608276367188], [-0.3829280436038971, -0.923753559589386, -0.006742898374795914, -0.0472412109375], [0.0, 0.0, 0.0, 1.0]]], "view": [[0.0, -2.0, 100.0], [-2.0, 0.0, 100.0], [0.0, 0.0, 1.0]], "bev": "bev_8e352778ec734bdeb57a8905d06ea95c.png", "aux": "aux_8e352778ec734bdeb57a8905d06ea95c.npz", "visibility": "visibility_8e352778ec734bdeb57a8905d06ea95c.png", "pose": [[-0.5258436799049377, 0.8505812287330627, 0.0, 2022.4031982421875], [-0.8505812287330627, -0.5258436799049377, 0.0, 1152.91357421875], [0.0, 0.0, 1.0, 0.0], [0.0, 0.0, 0.0, 1.0]], "pose_inverse": [[-0.5258436799049377, -0.8505812287330627, 0.0, 2044.1146240234375], [0.8505812287330627, -0.5258436799049377, 0.0, -1113.9658203125], [0.0, 0.0, 1.0, 0.0], [0.0, 0.0, 0.0, 1.0]], "cam_ids": [0, 1, 2, 3, 4, 5], "cam_channels": ["CAM_FRONT_LEFT", "CAM_FRONT", "CAM_FRONT_RIGHT", "CAM_BACK_LEFT", "CAM_BACK", "CAM_BACK_RIGHT"], "token": "8e352778ec734bdeb57a8905d06ea95c", "scene": "scene-0635"}, {"images": ["samples/CAM_FRONT_LEFT/n008-2018-09-18-14-35-12-0400__CAM_FRONT_LEFT__1537296076904799.jpg", "samples/CAM_FRONT/n008-2018-09-18-14-35-12-0400__CAM_FRONT__1537296076912404.jpg", "samples/CAM_FRONT_RIGHT/n008-2018-09-18-14-35-12-0400__CAM_FRONT_RIGHT__1537296076920482.jpg", "samples/CAM_BACK_LEFT/n008-2018-09-18-14-35-12-0400__CAM_BACK_LEFT__1537296076947405.jpg", "samples/CAM_BACK/n008-2018-09-18-14-35-12-0400__CAM_BACK__1537296076937558.jpg", "samples/CAM_BACK_RIGHT/n008-2018-09-18-14-35-12-0400__CAM_BACK_RIGHT__1537296076928113.jpg"], "intrinsics": [[[1257.8625342125129, 0.0, 827.2410631095686], [0.0, 1257.8625342125129, 450.915498205774], [0.0, 0.0, 1.0]], [[1252.8131021185304, 0.0, 826.588114781398], [0.0, 1252.8131021185304, 469.9846626224581], [0.0, 0.0, 1.0]], [[1256.7485116440405, 0.0, 817.7887570959712], [0.0, 1256.7485116440403, 451.9541780095127], [0.0, 0.0, 1.0]], [[1254.9860565800168, 0.0, 829.5769333630991], [0.0, 1254.9860565800168, 467.1680561863987], [0.0, 0.0, 1.0]], [[796.8910634503094, 0.0, 857.7774326863696], [0.0, 796.8910634503094, 476.8848988407415], [0.0, 0.0, 1.0]], [[1249.9629280788233, 0.0, 825.3768045375984], [0.0, 1249.9629280788233, 462.54816385708756], [0.0, 0.0, 1.0]]], "extrinsics": [[[0.8223453760147095, -0.5683155655860901, -0.027667663991451263, -0.98974609375], [-0.0048135872930288315, 0.041675567626953125, -0.9991195797920227, 1.4881858825683594], [0.5689683556556702, 0.8217545747756958, 0.03153606876730919, -1.3233184814453125], [0.0, 0.0, 0.0, 1.0]], [[0.009949426166713238, -0.9992433786392212, -0.037600647658109665, 0.0059814453125], [-0.002862284891307354, 0.03757389634847641, -0.9992897510528564, 1.4801025390625], [0.9999464154243469, 0.010049945674836636, -0.002486281096935272, -1.718994140625], [0.0, 0.0, 0.0, 1.0]], [[-0.8441881537437439, -0.5356797575950623, -0.019840221852064133, 1.080322265625], [0.0051558250561356544, 0.02889634482562542, -0.9995690584182739, 1.4931278228759766], [0.5360223054885864, -0.8439266681671143, -0.021632082760334015, -1.270751953125], [0.0, 0.0, 0.0, 1.0]], [[0.9478216171264648, 0.31876131892204285, -0.005037727765738964, -1.1429443359375], [-0.020140500739216805, 0.044101327657699585, -0.9988240003585815, 1.5620346069335938], [-0.31816428899765015, 0.9468084573745728, 0.0482202023267746, -0.1563720703125], [0.0, 0.0, 0.0, 1.0]], [[0.009457378648221493, 0.9992921352386475, 0.03641035035252571, -0.0289306640625], [-0.018054330721497536, 0.036576684564352036, -0.9991676807403564, 1.5679702758789062], [-0.9997923374176025, 0.0087920892983675, 0.01838747039437294, 0.039306640625], [0.0, 0.0, 0.0, 1.0]], [[-0.9236469864845276, 0.3828154504299164, 0.01812737062573433, 1.15234375], [-0.013878961093723774, 0.013856870122253895, -0.9998076558113098, 1.5476837158203125], [-0.3829928934574127, -0.9237208962440491, -0.007485775742679834, -0.047149658203125], [0.0, 0.0, 0.0, 1.0]]], "view": [[0.0, -2.0, 100.0], [-2.0, 0.0, 100.0], [0.0, 0.0, 1.0]], "bev": "bev_99a4b7bf640d4cc1bcdbfd9d6cffe4a4.png", "aux": "aux_99a4b7bf640d4cc1bcdbfd9d6cffe4a4.npz", "visibility": "visibility_99a4b7bf640d4cc1bcdbfd9d6cffe4a4.png", "pose": [[-0.5257309675216675, 0.8506509065628052, 0.0, 2022.294921875], [-0.8506509065628052, -0.5257309675216675, 0.0, 1152.7530517578125], [0.0, 0.0, 1.0, 0.0], [0.0, 0.0, 0.0, 1.0]], "pose_inverse": [[-0.5257309675216675, -0.8506509065628052, 0.0, 2043.7735595703125], [0.8506509065628052, -0.5257309675216675, 0.0, -1114.22900390625], [0.0, 0.0, 1.0, 0.0], [0.0, 0.0, 0.0, 1.0]], "cam_ids": [0, 1, 2, 3, 4, 5], "cam_channels": ["CAM_FRONT_LEFT", "CAM_FRONT", "CAM_FRONT_RIGHT", "CAM_BACK_LEFT", "CAM_BACK", "CAM_BACK_RIGHT"], "token": "99a4b7bf640d4cc1bcdbfd9d6cffe4a4", "scene": "scene-0635"}, {"images": ["samples/CAM_FRONT_LEFT/n008-2018-09-18-14-35-12-0400__CAM_FRONT_LEFT__1537296077354799.jpg", "samples/CAM_FRONT/n008-2018-09-18-14-35-12-0400__CAM_FRONT__1537296077362404.jpg", "samples/CAM_FRONT_RIGHT/n008-2018-09-18-14-35-12-0400__CAM_FRONT_RIGHT__1537296077370482.jpg", "samples/CAM_BACK_LEFT/n008-2018-09-18-14-35-12-0400__CAM_BACK_LEFT__1537296077397405.jpg", "samples/CAM_BACK/n008-2018-09-18-14-35-12-0400__CAM_BACK__1537296077387558.jpg", "samples/CAM_BACK_RIGHT/n008-2018-09-18-14-35-12-0400__CAM_BACK_RIGHT__1537296077378113.jpg"], "intrinsics": [[[1257.8625342125129, 0.0, 827.2410631095686], [0.0, 1257.8625342125129, 450.915498205774], [0.0, 0.0, 1.0]], [[1252.8131021185304, 0.0, 826.588114781398], [0.0, 1252.8131021185304, 469.9846626224581], [0.0, 0.0, 1.0]], [[1256.7485116440405, 0.0, 817.7887570959712], [0.0, 1256.7485116440403, 451.9541780095127], [0.0, 0.0, 1.0]], [[1254.9860565800168, 0.0, 829.5769333630991], [0.0, 1254.9860565800168, 467.1680561863987], [0.0, 0.0, 1.0]], [[796.8910634503094, 0.0, 857.7774326863696], [0.0, 796.8910634503094, 476.8848988407415], [0.0, 0.0, 1.0]], [[1249.9629280788233, 0.0, 825.3768045375984], [0.0, 1249.9629280788233, 462.54816385708756], [0.0, 0.0, 1.0]]], "extrinsics": [[[0.8223872184753418, -0.5682721138000488, -0.02731338143348694, -1.0009765625], [-0.004182403441518545, 0.041968487203121185, -0.9991101622581482, 1.4882659912109375], [0.5689127445220947, 0.8217697143554688, 0.03213760629296303, -1.3308258056640625], [0.0, 0.0, 0.0, 1.0]], [[0.010016198270022869, -0.9992321133613586, -0.03787970542907715, 0.0054931640625], [-0.002210878301411867, 0.03785938397049904, -0.9992806315422058, 1.4801445007324219], [0.9999474287033081, 0.01009267009794712, -0.001829974353313446, -1.73095703125], [0.0, 0.0, 0.0, 1.0]], [[-0.8441562056541443, -0.5357028245925903, -0.020560473203659058, 1.088134765625], [0.005831711459904909, 0.02917381376028061, -0.9995573163032532, 1.4930839538574219], [0.5360656380653381, -0.8439025282859802, -0.02150319144129753, -1.2760009765625], [0.0, 0.0, 0.0, 1.0]], [[0.9478245973587036, 0.3187628388404846, -0.004346803296357393, -1.143798828125], [-0.019497694447636604, 0.04435490071773529, -0.9988255500793457, 1.5620498657226562], [-0.3181957006454468, 0.9467961192131042, 0.0482558012008667, -0.1561279296875], [0.0, 0.0, 0.0, 1.0]], [[0.009420277550816536, 0.9992830753326416, 0.03666795417666435, -0.0289306640625], [-0.017395218834280968, 0.03682779520750046, -0.999170184135437, 1.5680313110351562], [-0.9998043775558472, 0.008774633519351482, 0.017729679122567177, 0.043212890625], [0.0, 0.0, 0.0, 1.0]], [[-0.9236683249473572, 0.3827882707118988, 0.017607491463422775, 1.15869140625], [-0.013208563439548016, 0.01411712821573019, -0.9998130798339844, 1.5477867126464844], [-0.38296520709991455, -0.9237282872200012, -0.00798346009105444, -0.0445098876953125], [0.0, 0.0, 0.0, 1.0]]], "view": [[0.0, -2.0, 100.0], [-2.0, 0.0, 100.0], [0.0, 0.0, 1.0]], "bev": "bev_15c4eff62cc644dc90c33f79b990aa8c.png", "aux": "aux_15c4eff62cc644dc90c33f79b990aa8c.npz", "visibility": "visibility_15c4eff62cc644dc90c33f79b990aa8c.png", "pose": [[-0.5251144170761108, 0.8510316610336304, 0.0, 2022.224609375], [-0.8510316610336304, -0.5251144170761108, 0.0, 1152.6468505859375], [0.0, 0.0, 1.0, 0.0], [0.0, 0.0, 0.0, 1.0]], "pose_inverse": [[-0.5251144170761108, -0.8510316610336304, 0.0, 2042.8382568359375], [0.8510316610336304, -0.5251144170761108, 0.0, -1115.7056884765625], [0.0, 0.0, 1.0, 0.0], [0.0, 0.0, 0.0, 1.0]], "cam_ids": [0, 1, 2, 3, 4, 5], "cam_channels": ["CAM_FRONT_LEFT", "CAM_FRONT", "CAM_FRONT_RIGHT", "CAM_BACK_LEFT", "CAM_BACK", "CAM_BACK_RIGHT"], "token": "15c4eff62cc644dc90c33f79b990aa8c", "scene": "scene-0635"}, {"images": ["samples/CAM_FRONT_LEFT/n008-2018-09-18-14-35-12-0400__CAM_FRONT_LEFT__1537296077854799.jpg", "samples/CAM_FRONT/n008-2018-09-18-14-35-12-0400__CAM_FRONT__1537296077862404.jpg", "samples/CAM_FRONT_RIGHT/n008-2018-09-18-14-35-12-0400__CAM_FRONT_RIGHT__1537296077870482.jpg", "samples/CAM_BACK_LEFT/n008-2018-09-18-14-35-12-0400__CAM_BACK_LEFT__1537296077897405.jpg", "samples/CAM_BACK/n008-2018-09-18-14-35-12-0400__CAM_BACK__1537296077887558.jpg", "samples/CAM_BACK_RIGHT/n008-2018-09-18-14-35-12-0400__CAM_BACK_RIGHT__1537296077878113.jpg"], "intrinsics": [[[1257.8625342125129, 0.0, 827.2410631095686], [0.0, 1257.8625342125129, 450.915498205774], [0.0, 0.0, 1.0]], [[1252.8131021185304, 0.0, 826.588114781398], [0.0, 1252.8131021185304, 469.9846626224581], [0.0, 0.0, 1.0]], [[1256.7485116440405, 0.0, 817.7887570959712], [0.0, 1256.7485116440403, 451.9541780095127], [0.0, 0.0, 1.0]], [[1254.9860565800168, 0.0, 829.5769333630991], [0.0, 1254.9860565800168, 467.1680561863987], [0.0, 0.0, 1.0]], [[796.8910634503094, 0.0, 857.7774326863696], [0.0, 796.8910634503094, 476.8848988407415], [0.0, 0.0, 1.0]], [[1249.9629280788233, 0.0, 825.3768045375984], [0.0, 1249.9629280788233, 462.54816385708756], [0.0, 0.0, 1.0]]], "extrinsics": [[[0.822411298751831, -0.5682501196861267, -0.027047377079725266, -1.00146484375], [-0.0036386249121278524, 0.04228869080543518, -0.9990988373756409, 1.4882659912109375], [0.5688818693161011, 0.8217685222625732, 0.03271104767918587, -1.33111572265625], [0.0, 0.0, 0.0, 1.0]], [[0.01004836242645979, -0.9992198348045349, -0.038192249834537506, 0.005615234375], [-0.0016820167656987906, 0.038177236914634705, -0.9992695450782776, 1.4801483154296875], [0.9999480843544006, 0.010105186142027378, -0.001297085196711123, -1.7313232421875], [0.0, 0.0, 0.0, 1.0]], [[-0.8441414833068848, -0.5357027053833008, -0.021162955090403557, 1.08837890625], [0.006341659929603338, 0.029494090005755424, -0.9995447993278503, 1.4930839538574219], [0.536082923412323, -0.843891441822052, -0.021499941125512123, -1.2760009765625], [0.0, 0.0, 0.0, 1.0]], [[0.9478256702423096, 0.3187662959098816, -0.0038059644866734743, -1.1435546875], [-0.019031241536140442, 0.04466225951910019, -0.9988208413124084, 1.5620346069335938], [-0.31822046637535095, 0.9467805027961731, 0.04839855805039406, -0.1561279296875], [0.0, 0.0, 0.0, 1.0]], [[0.009399867616593838, 0.9992713332176208, 0.036994051188230515, -0.0286865234375], [-0.016909217461943626, 0.03714923933148384, -0.9991666674613953, 1.5680465698242188], [-0.99981290102005, 0.008766531012952328, 0.017246093600988388, 0.04345703125], [0.0, 0.0, 0.0, 1.0]], [[-0.9236787557601929, 0.3827778995037079, 0.017275581136345863, 1.15869140625], [-0.012715130113065243, 0.014440968632698059, -0.9998148679733276, 1.5477867126464844], [-0.3829565644264221, -0.9237274527549744, -0.008471745066344738, -0.0443267822265625], [0.0, 0.0, 0.0, 1.0]]], "view": [[0.0, -2.0, 100.0], [-2.0, 0.0, 100.0], [0.0, 0.0, 1.0]], "bev": "bev_b0715ea6c3714813b5255319443ea853.png", "aux": "aux_b0715ea6c3714813b5255319443ea853.npz", "visibility": "visibility_b0715ea6c3714813b5255319443ea853.png", "pose": [[-0.5248127579689026, 0.8512176871299744, 0.0, 2022.1903076171875], [-0.8512176871299744, -0.5248127579689026, 0.0, 1152.597900390625], [0.0, 0.0, 1.0, 0.0], [0.0, 0.0, 0.0, 1.0]], "pose_inverse": [[-0.5248127579689026, -0.8512176871299744, 0.0, 2042.3829345703125], [0.8512176871299744, -0.5248127579689026, 0.0, -1116.4261474609375], [0.0, 0.0, 1.0, 0.0], [0.0, 0.0, 0.0, 1.0]], "cam_ids": [0, 1, 2, 3, 4, 5], "cam_channels": ["CAM_FRONT_LEFT", "CAM_FRONT", "CAM_FRONT_RIGHT", "CAM_BACK_LEFT", "CAM_BACK", "CAM_BACK_RIGHT"], "token": "b0715ea6c3714813b5255319443ea853", "scene": "scene-0635"}, {"images": ["samples/CAM_FRONT_LEFT/n008-2018-09-18-14-35-12-0400__CAM_FRONT_LEFT__1537296078354799.jpg", "samples/CAM_FRONT/n008-2018-09-18-14-35-12-0400__CAM_FRONT__1537296078362404.jpg", "samples/CAM_FRONT_RIGHT/n008-2018-09-18-14-35-12-0400__CAM_FRONT_RIGHT__1537296078370482.jpg", "samples/CAM_BACK_LEFT/n008-2018-09-18-14-35-12-0400__CAM_BACK_LEFT__1537296078397405.jpg", "samples/CAM_BACK/n008-2018-09-18-14-35-12-0400__CAM_BACK__1537296078387558.jpg", "samples/CAM_BACK_RIGHT/n008-2018-09-18-14-35-12-0400__CAM_BACK_RIGHT__1537296078378113.jpg"], "intrinsics": [[[1257.8625342125129, 0.0, 827.2410631095686], [0.0, 1257.8625342125129, 450.915498205774], [0.0, 0.0, 1.0]], [[1252.8131021185304, 0.0, 826.588114781398], [0.0, 1252.8131021185304, 469.9846626224581], [0.0, 0.0, 1.0]], [[1256.7485116440405, 0.0, 817.7887570959712], [0.0, 1256.7485116440403, 451.9541780095127], [0.0, 0.0, 1.0]], [[1254.9860565800168, 0.0, 829.5769333630991], [0.0, 1254.9860565800168, 467.1680561863987], [0.0, 0.0, 1.0]], [[796.8910634503094, 0.0, 857.7774326863696], [0.0, 796.8910634503094, 476.8848988407415], [0.0, 0.0, 1.0]], [[1249.9629280788233, 0.0, 825.3768045375984], [0.0, 1249.9629280788233, 462.54816385708756], [0.0, 0.0, 1.0]]], "extrinsics": [[[0.8224428296089172, -0.5682477355003357, -0.02612145058810711, -1.005859375], [-0.0023670936934649944, 0.04250078275799751, -0.9990936517715454, 1.48828125], [0.568842887878418, 0.8217592239379883, 0.03360936790704727, -1.3341217041015625], [0.0, 0.0, 0.0, 1.0]], [[0.010094808414578438, -0.999211311340332, -0.038404256105422974, 0.005615234375], [-0.00039907608879730105, 0.03840218484401703, -0.999262273311615, 1.4801483154296875], [0.9999489784240723, 0.010102566331624985, -1.1101908967248164e-05, -1.7354736328125], [0.0, 0.0, 0.0, 1.0]], [[-0.8441140055656433, -0.5356963872909546, -0.022381708025932312, 1.09130859375], [0.0076372926123440266, 0.029726574197411537, -0.9995288848876953, 1.4930610656738281], [0.5361093878746033, -0.8438873291015625, -0.02100134640932083, -1.2777099609375], [0.0, 0.0, 0.0, 1.0]], [[0.9478312134742737, 0.3187633156776428, -0.002440354321151972, -1.14404296875], [-0.017685500904917717, 0.04494043439626694, -0.9988331198692322, 1.5620498657226562], [-0.31828171014785767, 0.9467682838439941, 0.048233434557914734, -0.15625], [0.0, 0.0, 0.0, 1.0]], [[0.009352630004286766, 0.999261736869812, 0.03726440668106079, -0.02880859375], [-0.015587560832500458, 0.037407200783491135, -0.9991785287857056, 1.5680618286132812], [-0.9998348355293274, 0.00876406580209732, 0.015925906598567963, 0.044677734375], [0.0, 0.0, 0.0, 1.0]], [[-0.923700213432312, 0.3827751576900482, 0.016157938167452812, 1.1611328125], [-0.011406543664634228, 0.014679424464702606, -0.9998272061347961, 1.5478134155273438], [-0.3829462230205536, -0.923724889755249, -0.009193243458867073, -0.0433349609375], [0.0, 0.0, 0.0, 1.0]]], "view": [[0.0, -2.0, 100.0], [-2.0, 0.0, 100.0], [0.0, 0.0, 1.0]], "bev": "bev_0c81f97d9c334f5194bcb9b886d3163b.png", "aux": "aux_0c81f97d9c334f5194bcb9b886d3163b.npz", "visibility": "visibility_0c81f97d9c334f5194bcb9b886d3163b.png", "pose": [[-0.524811327457428, 0.851218581199646, 0.0, 2022.1951904296875], [-0.851218581199646, -0.524811327457428, 0.0, 1152.6121826171875], [0.0, 0.0, 1.0, 0.0], [0.0, 0.0, 0.0, 1.0]], "pose_inverse": [[-0.524811327457428, -0.851218581199646, 0.0, 2042.3958740234375], [0.851218581199646, -0.524811327457428, 0.0, -1116.42626953125], [0.0, 0.0, 1.0, 0.0], [0.0, 0.0, 0.0, 1.0]], "cam_ids": [0, 1, 2, 3, 4, 5], "cam_channels": ["CAM_FRONT_LEFT", "CAM_FRONT", "CAM_FRONT_RIGHT", "CAM_BACK_LEFT", "CAM_BACK", "CAM_BACK_RIGHT"], "token": "0c81f97d9c334f5194bcb9b886d3163b", "scene": "scene-0635"}, {"images": ["samples/CAM_FRONT_LEFT/n008-2018-09-18-14-35-12-0400__CAM_FRONT_LEFT__1537296078854799.jpg", "samples/CAM_FRONT/n008-2018-09-18-14-35-12-0400__CAM_FRONT__1537296078862404.jpg", "samples/CAM_FRONT_RIGHT/n008-2018-09-18-14-35-12-0400__CAM_FRONT_RIGHT__1537296078870482.jpg", "samples/CAM_BACK_LEFT/n008-2018-09-18-14-35-12-0400__CAM_BACK_LEFT__1537296078897405.jpg", "samples/CAM_BACK/n008-2018-09-18-14-35-12-0400__CAM_BACK__1537296078887558.jpg", "samples/CAM_BACK_RIGHT/n008-2018-09-18-14-35-12-0400__CAM_BACK_RIGHT__1537296078878113.jpg"], "intrinsics": [[[1257.8625342125129, 0.0, 827.2410631095686], [0.0, 1257.8625342125129, 450.915498205774], [0.0, 0.0, 1.0]], [[1252.8131021185304, 0.0, 826.588114781398], [0.0, 1252.8131021185304, 469.9846626224581], [0.0, 0.0, 1.0]], [[1256.7485116440405, 0.0, 817.7887570959712], [0.0, 1256.7485116440403, 451.9541780095127], [0.0, 0.0, 1.0]], [[1254.9860565800168, 0.0, 829.5769333630991], [0.0, 1254.9860565800168, 467.1680561863987], [0.0, 0.0, 1.0]], [[796.8910634503094, 0.0, 857.7774326863696], [0.0, 796.8910634503094, 476.8848988407415], [0.0, 0.0, 1.0]], [[1249.9629280788233, 0.0, 825.3768045375984], [0.0, 1249.9629280788233, 462.54816385708756], [0.0, 0.0, 1.0]]], "extrinsics": [[[0.822442889213562, -0.5682660937309265, -0.025719309225678444, -1.0048828125], [-0.0018519768491387367, 0.042537886649370193, -0.9990931153297424, 1.48828125], [0.5688447952270508, 0.8217446208000183, 0.03393256291747093, -1.333526611328125], [0.0, 0.0, 0.0, 1.0]], [[0.010093055665493011, -0.9992102980613708, -0.038430649787187576, 0.0054931640625], [0.00010542466770857573, 0.03843367099761963, -0.9992611408233643, 1.4801483154296875], [0.9999490976333618, 0.01008150540292263, 0.000493254279717803, -1.7347412109375], [0.0, 0.0, 0.0, 1.0]], [[-0.8441129922866821, -0.5356801748275757, -0.022805768996477127, 1.0906982421875], [0.008124696090817451, 0.029750516638159752, -0.9995242953300476, 1.4930706024169922], [0.5361037850379944, -0.8438968062400818, -0.020760558545589447, -1.2774658203125], [0.0, 0.0, 0.0, 1.0]], [[0.9478330612182617, 0.3187606632709503, -0.002025905065238476, -1.14404296875], [-0.017247343435883522, 0.04493667557835579, -0.9988409280776978, 1.562042236328125], [-0.31830018758773804, 0.9467693567276001, 0.048090241849422455, -0.15625], [0.0, 0.0, 0.0, 1.0]], [[0.009344156831502914, 0.9992614984512329, 0.03727260231971741, -0.0286865234375], [-0.015121685341000557, 0.037411171942949295, -0.9991855025291443, 1.5680618286132812], [-0.9998420476913452, 0.008772969245910645, 0.015460092574357986, 0.044189453125], [0.0, 0.0, 0.0, 1.0]], [[-0.9237019419670105, 0.38278859853744507, 0.015730906277894974, 1.160400390625], [-0.010937100276350975, 0.01469647791236639, -0.9998322129249573, 1.5478096008300781], [-0.3829556107521057, -0.9237189888954163, -0.009388569742441177, -0.0434417724609375], [0.0, 0.0, 0.0, 1.0]]], "view": [[0.0, -2.0, 100.0], [-2.0, 0.0, 100.0], [0.0, 0.0, 1.0]], "bev": "bev_e737731a6a8947f9862c1b4bb13b99cd.png", "aux": "aux_e737731a6a8947f9862c1b4bb13b99cd.npz", "visibility": "visibility_e737731a6a8947f9862c1b4bb13b99cd.png", "pose": [[-0.5247640609741211, 0.8512477278709412, 0.0, 2022.1944580078125], [-0.8512477278709412, -0.5247640609741211, 0.0, 1152.6162109375], [0.0, 0.0, 1.0, 0.0], [0.0, 0.0, 0.0, 1.0]], "pose_inverse": [[-0.5247640609741211, -0.8512477278709412, 0.0, 2042.3369140625], [0.8512477278709412, -0.5247640609741211, 0.0, -1116.536865234375], [0.0, 0.0, 1.0, 0.0], [0.0, 0.0, 0.0, 1.0]], "cam_ids": [0, 1, 2, 3, 4, 5], "cam_channels": ["CAM_FRONT_LEFT", "CAM_FRONT", "CAM_FRONT_RIGHT", "CAM_BACK_LEFT", "CAM_BACK", "CAM_BACK_RIGHT"], "token": "e737731a6a8947f9862c1b4bb13b99cd", "scene": "scene-0635"}, {"images": ["samples/CAM_FRONT_LEFT/n008-2018-09-18-14-35-12-0400__CAM_FRONT_LEFT__1537296079354799.jpg", "samples/CAM_FRONT/n008-2018-09-18-14-35-12-0400__CAM_FRONT__1537296079362404.jpg", "samples/CAM_FRONT_RIGHT/n008-2018-09-18-14-35-12-0400__CAM_FRONT_RIGHT__1537296079370482.jpg", "samples/CAM_BACK_LEFT/n008-2018-09-18-14-35-12-0400__CAM_BACK_LEFT__1537296079397405.jpg", "samples/CAM_BACK/n008-2018-09-18-14-35-12-0400__CAM_BACK__1537296079387558.jpg", "samples/CAM_BACK_RIGHT/n008-2018-09-18-14-35-12-0400__CAM_BACK_RIGHT__1537296079378113.jpg"], "intrinsics": [[[1257.8625342125129, 0.0, 827.2410631095686], [0.0, 1257.8625342125129, 450.915498205774], [0.0, 0.0, 1.0]], [[1252.8131021185304, 0.0, 826.588114781398], [0.0, 1252.8131021185304, 469.9846626224581], [0.0, 0.0, 1.0]], [[1256.7485116440405, 0.0, 817.7887570959712], [0.0, 1256.7485116440403, 451.9541780095127], [0.0, 0.0, 1.0]], [[1254.9860565800168, 0.0, 829.5769333630991], [0.0, 1254.9860565800168, 467.1680561863987], [0.0, 0.0, 1.0]], [[796.8910634503094, 0.0, 857.7774326863696], [0.0, 796.8910634503094, 476.8848988407415], [0.0, 0.0, 1.0]], [[1249.9629280788233, 0.0, 825.3768045375984], [0.0, 1249.9629280788233, 462.54816385708756], [0.0, 0.0, 1.0]]], "extrinsics": [[[0.8224826455116272, -0.5682193040847778, -0.025476466864347458, -1.0048828125], [-0.0015725502744317055, 0.042518794536590576, -0.9990944266319275, 1.4882850646972656], [0.5687879323959351, 0.8217779397964478, 0.034077420830726624, -1.3335113525390625], [0.0, 0.0, 0.0, 1.0]], [[0.010153844021260738, -0.9992108345031738, -0.03839891403913498, 0.00537109375], [0.0003895556437782943, 0.03840484097599983, -0.9992622137069702, 1.4801559448242188], [0.9999483823776245, 0.010131334885954857, 0.0007792047108523548, -1.7349853515625], [0.0, 0.0, 0.0, 1.0]], [[-0.8440839648246765, -0.5357161164283752, -0.02303488738834858, 1.0908203125], [0.008416443131864071, 0.029716700315475464, -0.999522864818573, 1.4930667877197266], [0.536145031452179, -0.8438750505447388, -0.02057456597685814, -1.2774658203125], [0.0, 0.0, 0.0, 1.0]], [[0.9478318691253662, 0.31876587867736816, -0.0017444058321416378, -1.14404296875], [-0.016940096393227577, 0.044904328882694244, -0.9988476634025574, 1.5620498657226562], [-0.31832021474838257, 0.9467691779136658, 0.047961678355932236, -0.1561279296875], [0.0, 0.0, 0.0, 1.0]], [[0.00931644905358553, 0.9992632865905762, 0.03723010793328285, -0.02880859375], [-0.014838825911283493, 0.03736577555537224, -0.9991914629936218, 1.5680618286132812], [-0.9998465180397034, 0.008756453171372414, 0.015176010318100452, 0.044677734375], [0.0, 0.0, 0.0, 1.0]], [[-0.9237187504768372, 0.3827599585056305, 0.015442986972630024, 1.16064453125], [-0.010642682202160358, 0.014655680395662785, -0.9998359680175781, 1.5478134155273438], [-0.38292351365089417, -0.9237315058708191, -0.009464132599532604, -0.04345703125], [0.0, 0.0, 0.0, 1.0]]], "view": [[0.0, -2.0, 100.0], [-2.0, 0.0, 100.0], [0.0, 0.0, 1.0]], "bev": "bev_c7916de2cc5e4feab4a819194a428260.png", "aux": "aux_c7916de2cc5e4feab4a819194a428260.npz", "visibility": "visibility_c7916de2cc5e4feab4a819194a428260.png", "pose": [[-0.5246128439903259, 0.8513408899307251, 0.0, 2022.1925048828125], [-0.8513408899307251, -0.5246128439903259, 0.0, 1152.617431640625], [0.0, 0.0, 1.0, 0.0], [0.0, 0.0, 0.0, 1.0]], "pose_inverse": [[-0.5246128439903259, -0.8513408899307251, 0.0, 2042.1385498046875], [0.8513408899307251, -0.5246128439903259, 0.0, -1116.897216796875], [0.0, 0.0, 1.0, 0.0], [0.0, 0.0, 0.0, 1.0]], "cam_ids": [0, 1, 2, 3, 4, 5], "cam_channels": ["CAM_FRONT_LEFT", "CAM_FRONT", "CAM_FRONT_RIGHT", "CAM_BACK_LEFT", "CAM_BACK", "CAM_BACK_RIGHT"], "token": "c7916de2cc5e4feab4a819194a428260", "scene": "scene-0635"}, {"images": ["samples/CAM_FRONT_LEFT/n008-2018-09-18-14-35-12-0400__CAM_FRONT_LEFT__1537296079854799.jpg", "samples/CAM_FRONT/n008-2018-09-18-14-35-12-0400__CAM_FRONT__1537296079862404.jpg", "samples/CAM_FRONT_RIGHT/n008-2018-09-18-14-35-12-0400__CAM_FRONT_RIGHT__1537296079870482.jpg", "samples/CAM_BACK_LEFT/n008-2018-09-18-14-35-12-0400__CAM_BACK_LEFT__1537296079897405.jpg", "samples/CAM_BACK/n008-2018-09-18-14-35-12-0400__CAM_BACK__1537296079887558.jpg", "samples/CAM_BACK_RIGHT/n008-2018-09-18-14-35-12-0400__CAM_BACK_RIGHT__1537296079878113.jpg"], "intrinsics": [[[1257.8625342125129, 0.0, 827.2410631095686], [0.0, 1257.8625342125129, 450.915498205774], [0.0, 0.0, 1.0]], [[1252.8131021185304, 0.0, 826.588114781398], [0.0, 1252.8131021185304, 469.9846626224581], [0.0, 0.0, 1.0]], [[1256.7485116440405, 0.0, 817.7887570959712], [0.0, 1256.7485116440403, 451.9541780095127], [0.0, 0.0, 1.0]], [[1254.9860565800168, 0.0, 829.5769333630991], [0.0, 1254.9860565800168, 467.1680561863987], [0.0, 0.0, 1.0]], [[796.8910634503094, 0.0, 857.7774326863696], [0.0, 796.8910634503094, 476.8848988407415], [0.0, 0.0, 1.0]], [[1249.9629280788233, 0.0, 825.3768045375984], [0.0, 1249.9629280788233, 462.54816385708756], [0.0, 0.0, 1.0]]], "extrinsics": [[[0.8224947452545166, -0.5682129263877869, -0.025228766724467278, -1.00537109375], [-0.0011843933025375009, 0.042645350098609924, -0.9990895390510559, 1.4882888793945312], [0.5687716007232666, 0.8217757940292358, 0.03440258279442787, -1.3334197998046875], [0.0, 0.0, 0.0, 1.0]], [[0.010169376619160175, -0.9992063641548157, -0.038511618971824646, 0.0054931640625], [0.000770669081248343, 0.038521431386470795, -0.9992574453353882, 1.4801559448242188], [0.9999480247497559, 0.010132174007594585, 0.0011617970885708928, -1.73486328125], [0.0, 0.0, 0.0, 1.0]], [[-0.8440761566162109, -0.5357117652893066, -0.023416081443428993, 1.0906982421875], [0.008800088427960873, 0.02982352487742901, -0.9995164275169373, 1.4930706024169922], [0.5361510515213013, -0.8438740372657776, -0.020459014922380447, -1.277587890625], [0.0, 0.0, 0.0, 1.0]], [[0.9478333592414856, 0.31876325607299805, -0.0013881983468309045, -1.14404296875], [-0.01658593863248825, 0.044967859983444214, -0.9988507032394409, 1.562042236328125], [-0.31833451986312866, 0.9467670321464539, 0.047909025102853775, -0.15625], [0.0, 0.0, 0.0, 1.0]], [[0.009304281324148178, 0.9992601871490479, 0.03731744363903999, -0.0286865234375], [-0.014458635821938515, 0.03744959831237793, -0.9991939067840576, 1.5680694580078125], [-0.999852180480957, 0.00875728391110897, 0.014796379953622818, 0.044677734375], [0.0, 0.0, 0.0, 1.0]], [[-0.9237235188484192, 0.3827611207962036, 0.01511961780488491, 1.160400390625], [-0.01025188434869051, 0.014754032716155052, -0.9998385906219482, 1.5478172302246094], [-0.3829224109649658, -0.9237295389175415, -0.00970462430268526, -0.0438385009765625], [0.0, 0.0, 0.0, 1.0]]], "view": [[0.0, -2.0, 100.0], [-2.0, 0.0, 100.0], [0.0, 0.0, 1.0]], "bev": "bev_79dad8d6058948f087d17dc6e3aa3bef.png", "aux": "aux_79dad8d6058948f087d17dc6e3aa3bef.npz", "visibility": "visibility_79dad8d6058948f087d17dc6e3aa3bef.png", "pose": [[-0.5245717763900757, 0.8513662219047546, 0.0, 2022.19091796875], [-0.8513662219047546, -0.5245717763900757, 0.0, 1152.618408203125], [0.0, 0.0, 1.0, 0.0], [0.0, 0.0, 0.0, 1.0]], "pose_inverse": [[-0.5245717763900757, -0.8513662219047546, 0.0, 2042.0845947265625], [0.8513662219047546, -0.5245717763900757, 0.0, -1116.9940185546875], [0.0, 0.0, 1.0, 0.0], [0.0, 0.0, 0.0, 1.0]], "cam_ids": [0, 1, 2, 3, 4, 5], "cam_channels": ["CAM_FRONT_LEFT", "CAM_FRONT", "CAM_FRONT_RIGHT", "CAM_BACK_LEFT", "CAM_BACK", "CAM_BACK_RIGHT"], "token": "79dad8d6058948f087d17dc6e3aa3bef", "scene": "scene-0635"}, {"images": ["samples/CAM_FRONT_LEFT/n008-2018-09-18-14-35-12-0400__CAM_FRONT_LEFT__1537296080354799.jpg", "samples/CAM_FRONT/n008-2018-09-18-14-35-12-0400__CAM_FRONT__1537296080362404.jpg", "samples/CAM_FRONT_RIGHT/n008-2018-09-18-14-35-12-0400__CAM_FRONT_RIGHT__1537296080370482.jpg", "samples/CAM_BACK_LEFT/n008-2018-09-18-14-35-12-0400__CAM_BACK_LEFT__1537296080397405.jpg", "samples/CAM_BACK/n008-2018-09-18-14-35-12-0400__CAM_BACK__1537296080387558.jpg", "samples/CAM_BACK_RIGHT/n008-2018-09-18-14-35-12-0400__CAM_BACK_RIGHT__1537296080378113.jpg"], "intrinsics": [[[1257.8625342125129, 0.0, 827.2410631095686], [0.0, 1257.8625342125129, 450.915498205774], [0.0, 0.0, 1.0]], [[1252.8131021185304, 0.0, 826.588114781398], [0.0, 1252.8131021185304, 469.9846626224581], [0.0, 0.0, 1.0]], [[1256.7485116440405, 0.0, 817.7887570959712], [0.0, 1256.7485116440403, 451.9541780095127], [0.0, 0.0, 1.0]], [[1254.9860565800168, 0.0, 829.5769333630991], [0.0, 1254.9860565800168, 467.1680561863987], [0.0, 0.0, 1.0]], [[796.8910634503094, 0.0, 857.7774326863696], [0.0, 796.8910634503094, 476.8848988407415], [0.0, 0.0, 1.0]], [[1249.9629280788233, 0.0, 825.3768045375984], [0.0, 1249.9629280788233, 462.54816385708756], [0.0, 0.0, 1.0]]], "extrinsics": [[[0.8224878907203674, -0.568230152130127, -0.025063779205083847, -1.005126953125], [-0.0009219652274623513, 0.04273369535803795, -0.9990860223770142, 1.4882850646972656], [0.568781852722168, 0.8217593431472778, 0.03462405502796173, -1.333465576171875], [0.0, 0.0, 0.0, 1.0]], [[0.010162333026528358, -0.9992026686668396, -0.03861067444086075, 0.0054931640625], [0.001040662988089025, 0.03862321749329567, -0.9992532730102539, 1.4801521301269531], [0.9999477863311768, 0.010114522650837898, 0.0014323341893032193, -1.73486328125], [0.0, 0.0, 0.0, 1.0]], [[-0.8440757393836975, -0.5356997847557068, -0.02370363287627697, 1.090576171875], [0.00906921736896038, 0.029936404898762703, -0.999510645866394, 1.4930706024169922], [0.5361472964286804, -0.8438776731491089, -0.020410215482115746, -1.2774658203125], [0.0, 0.0, 0.0, 1.0]], [[0.9478352665901184, 0.31875887513160706, -0.0010510089341551065, -1.1439208984375], [-0.016275260597467422, 0.045101381838321686, -0.9988498687744141, 1.5620498657226562], [-0.3183448612689972, 0.9467621445655823, 0.047936566174030304, -0.156005859375], [0.0, 0.0, 0.0, 1.0]], [[0.009297291748225689, 0.9992554187774658, 0.03744659200310707, -0.02880859375], [-0.014157027006149292, 0.037575993686914444, -0.9991934299468994, 1.56805419921875], [-0.9998564720153809, 0.008759663440287113, 0.014495840296149254, 0.04443359375], [0.0, 0.0, 0.0, 1.0]], [[-0.9237248301506042, 0.38276612758636475, 0.014917722903192043, 1.16064453125], [-0.009983143769204617, 0.014875011518597603, -0.9998395442962646, 1.5478134155273438], [-0.3829265832901001, -0.9237255454063416, -0.009919208474457264, -0.043609619140625], [0.0, 0.0, 0.0, 1.0]]], "view": [[0.0, -2.0, 100.0], [-2.0, 0.0, 100.0], [0.0, 0.0, 1.0]], "bev": "bev_e5a4fc27e7204bbcb6d45ba84f1ef29c.png", "aux": "aux_e5a4fc27e7204bbcb6d45ba84f1ef29c.npz", "visibility": "visibility_e5a4fc27e7204bbcb6d45ba84f1ef29c.png", "pose": [[-0.5245298743247986, 0.8513920307159424, 0.0, 2022.189453125], [-0.8513920307159424, -0.5245298743247986, 0.0, 1152.6192626953125], [0.0, 0.0, 1.0, 0.0], [0.0, 0.0, 0.0, 1.0]], "pose_inverse": [[-0.5245298743247986, -0.8513920307159424, 0.0, 2042.0296630859375], [0.8513920307159424, -0.5245298743247986, 0.0, -1117.0927734375], [0.0, 0.0, 1.0, 0.0], [0.0, 0.0, 0.0, 1.0]], "cam_ids": [0, 1, 2, 3, 4, 5], "cam_channels": ["CAM_FRONT_LEFT", "CAM_FRONT", "CAM_FRONT_RIGHT", "CAM_BACK_LEFT", "CAM_BACK", "CAM_BACK_RIGHT"], "token": "e5a4fc27e7204bbcb6d45ba84f1ef29c", "scene": "scene-0635"}, {"images": ["samples/CAM_FRONT_LEFT/n008-2018-09-18-14-35-12-0400__CAM_FRONT_LEFT__1537296080904799.jpg", "samples/CAM_FRONT/n008-2018-09-18-14-35-12-0400__CAM_FRONT__1537296080912404.jpg", "samples/CAM_FRONT_RIGHT/n008-2018-09-18-14-35-12-0400__CAM_FRONT_RIGHT__1537296080920482.jpg", "samples/CAM_BACK_LEFT/n008-2018-09-18-14-35-12-0400__CAM_BACK_LEFT__1537296080947456.jpg", "samples/CAM_BACK/n008-2018-09-18-14-35-12-0400__CAM_BACK__1537296080937558.jpg", "samples/CAM_BACK_RIGHT/n008-2018-09-18-14-35-12-0400__CAM_BACK_RIGHT__1537296080928113.jpg"], "intrinsics": [[[1257.8625342125129, 0.0, 827.2410631095686], [0.0, 1257.8625342125129, 450.915498205774], [0.0, 0.0, 1.0]], [[1252.8131021185304, 0.0, 826.588114781398], [0.0, 1252.8131021185304, 469.9846626224581], [0.0, 0.0, 1.0]], [[1256.7485116440405, 0.0, 817.7887570959712], [0.0, 1256.7485116440403, 451.9541780095127], [0.0, 0.0, 1.0]], [[1254.9860565800168, 0.0, 829.5769333630991], [0.0, 1254.9860565800168, 467.1680561863987], [0.0, 0.0, 1.0]], [[796.8910634503094, 0.0, 857.7774326863696], [0.0, 796.8910634503094, 476.8848988407415], [0.0, 0.0, 1.0]], [[1249.9629280788233, 0.0, 825.3768045375984], [0.0, 1249.9629280788233, 462.54816385708756], [0.0, 0.0, 1.0]]], "extrinsics": [[[0.8225233554840088, -0.5681886672973633, -0.02483743615448475, -1.005126953125], [-0.0007092076120898128, 0.04264690726995468, -0.9990899562835693, 1.4882926940917969], [0.5687308311462402, 0.821792483329773, 0.03467511758208275, -1.3333740234375], [0.0, 0.0, 0.0, 1.0]], [[0.010213286615908146, -0.999206006526947, -0.03851022943854332, 0.0052490234375], [0.00125719397328794, 0.0385250449180603, -0.9992568492889404, 1.4801712036132812], [0.9999470710754395, 0.010157275013625622, 0.0016496619209647179, -1.734619140625], [0.0, 0.0, 0.0, 1.0]], [[-0.8440536260604858, -0.535728931427002, -0.02383292093873024, 1.090576171875], [0.009291489608585835, 0.029826227575540543, -0.9995118975639343, 1.4930763244628906], [0.5361782908439636, -0.8438630104064941, -0.02019721455872059, -1.27734375], [0.0, 0.0, 0.0, 1.0]], [[0.9478341937065125, 0.31876233220100403, -0.0008943912107497454, -1.1439208984375], [-0.016056140884757042, 0.044940028339624405, -0.9988605976104736, 1.562042236328125], [-0.31835904717445374, 0.9467687010765076, 0.047713786363601685, -0.1558837890625], [0.0, 0.0, 0.0, 1.0]], [[0.009278234094381332, 0.9992607831954956, 0.03730703890323639, -0.0289306640625], [-0.01395209040492773, 0.037434376776218414, -0.9992016553878784, 1.5680618286132812], [-0.9998595714569092, 0.008750297129154205, 0.014289101585745811, 0.0444335937