[{"images": ["samples/CAM_FRONT_LEFT/n008-2018-08-28-16-16-48-0400__CAM_FRONT_LEFT__1535487530754799.jpg", "samples/CAM_FRONT/n008-2018-08-28-16-16-48-0400__CAM_FRONT__1535487530762404.jpg", "samples/CAM_FRONT_RIGHT/n008-2018-08-28-16-16-48-0400__CAM_FRONT_RIGHT__1535487530770482.jpg", "samples/CAM_BACK_LEFT/n008-2018-08-28-16-16-48-0400__CAM_BACK_LEFT__1535487530797405.jpg", "samples/CAM_BACK/n008-2018-08-28-16-16-48-0400__CAM_BACK__1535487530787558.jpg", "samples/CAM_BACK_RIGHT/n008-2018-08-28-16-16-48-0400__CAM_BACK_RIGHT__1535487530778113.jpg"], "intrinsics": [[[1257.8625342125129, 0.0, 827.2410631095686], [0.0, 1257.8625342125129, 450.915498205774], [0.0, 0.0, 1.0]], [[1252.8131021185304, 0.0, 826.588114781398], [0.0, 1252.8131021185304, 469.9846626224581], [0.0, 0.0, 1.0]], [[1256.7485116440405, 0.0, 817.7887570959712], [0.0, 1256.7485116440403, 451.9541780095127], [0.0, 0.0, 1.0]], [[1254.9860565800168, 0.0, 829.5769333630991], [0.0, 1254.9860565800168, 467.1680561863987], [0.0, 0.0, 1.0]], [[796.8910634503094, 0.0, 857.7774326863696], [0.0, 796.8910634503094, 476.8848988407415], [0.0, 0.0, 1.0]], [[1249.9629280788233, 0.0, 825.3768045375984], [0.0, 1249.9629280788233, 462.54816385708756], [0.0, 0.0, 1.0]]], "extrinsics": [[[0.8222177028656006, -0.5691434741020203, -0.005820801481604576, -0.7919921875], [0.009465695358812809, 0.023898614570498466, -0.9996695518493652, 1.4906845092773438], [0.5690945386886597, 0.8218908905982971, 0.02503720112144947, -1.1885986328125], [0.0, 0.0, 0.0, 1.0]], [[0.009817673824727535, -0.9997596144676208, -0.01960393413901329, 0.0091552734375], [0.01139973197132349, 0.019715506583452225, -0.9997406601905823, 1.4825210571289062], [0.9998868703842163, 0.009591647423803806, 0.011590552516281605, -1.5247802734375], [0.0, 0.0, 0.0, 1.0]], [[-0.8441212773323059, -0.5356895327568054, -0.022271325811743736, 0.95654296875], [0.019425246864557266, 0.01095508225262165, -0.9997512698173523, 1.4961585998535156], [0.5358002185821533, -0.8443439602851868, 0.0011584818130359054, -1.1910400390625], [0.0, 0.0, 0.0, 1.0]], [[0.9478713274002075, 0.3186408579349518, 0.0028241879772394896, -1.15283203125], [-0.005752686411142349, 0.025972798466682434, -0.9996461272239685, 1.562093734741211], [-0.31860145926475525, 0.9475195407867432, 0.02645191363990307, -0.15320587158203125], [0.0, 0.0, 0.0, 1.0]], [[0.009297571144998074, 0.9997863173484802, 0.018462903797626495, -0.02880859375], [-0.003656785236671567, 0.018497571349143982, -0.9998221397399902, 1.5678606033325195], [-0.999950110912323, 0.009228403680026531, 0.0038279863074421883, -0.00830078125], [0.0, 0.0, 0.0, 1.0]], [[-0.9236295819282532, 0.3832809031009674, -0.0019794045947492123, 1.0567626953125], [0.00041702997987158597, -0.004159367177635431, -0.999991238117218, 1.5478615760803223], [-0.3832857310771942, -0.9236224889755249, 0.0036818762309849262, -0.0858154296875], [0.0, 0.0, 0.0, 1.0]]], "view": [[0.0, -2.0, 100.0], [-2.0, 0.0, 100.0], [0.0, 0.0, 1.0]], "bev": "bev_109bc9373f5441bbbe2a2f327dcbe838.png", "aux": "aux_109bc9373f5441bbbe2a2f327dcbe838.npz", "visibility": "visibility_109bc9373f5441bbbe2a2f327dcbe838.png", "pose": [[-0.9992079734802246, 0.039792124181985855, 0.0, 1952.2738037109375], [-0.039792124181985855, -0.9992079734802246, 0.0, 874.37353515625], [0.0, 0.0, 1.0, 0.0], [0.0, 0.0, 0.0, 1.0]], "pose_inverse": [[-0.9992079734802246, -0.039792124181985855, 0.0, 1985.520751953125], [0.039792124181985855, -0.9992079734802246, 0.0, 795.9959106445312], [0.0, 0.0, 1.0, 0.0], [0.0, 0.0, 0.0, 1.0]], "cam_ids": [0, 1, 2, 3, 4, 5], "cam_channels": ["CAM_FRONT_LEFT", "CAM_FRONT", "CAM_FRONT_RIGHT", "CAM_BACK_LEFT", "CAM_BACK", "CAM_BACK_RIGHT"], "token": "109bc9373f5441bbbe2a2f327dcbe838", "scene": "scene-0667"}, {"images": ["samples/CAM_FRONT_LEFT/n008-2018-08-28-16-16-48-0400__CAM_FRONT_LEFT__1535487531254799.jpg", "samples/CAM_FRONT/n008-2018-08-28-16-16-48-0400__CAM_FRONT__1535487531262404.jpg", "samples/CAM_FRONT_RIGHT/n008-2018-08-28-16-16-48-0400__CAM_FRONT_RIGHT__1535487531270482.jpg", "samples/CAM_BACK_LEFT/n008-2018-08-28-16-16-48-0400__CAM_BACK_LEFT__1535487531297405.jpg", "samples/CAM_BACK/n008-2018-08-28-16-16-48-0400__CAM_BACK__1535487531287558.jpg", "samples/CAM_BACK_RIGHT/n008-2018-08-28-16-16-48-0400__CAM_BACK_RIGHT__1535487531278113.jpg"], "intrinsics": [[[1257.8625342125129, 0.0, 827.2410631095686], [0.0, 1257.8625342125129, 450.915498205774], [0.0, 0.0, 1.0]], [[1252.8131021185304, 0.0, 826.588114781398], [0.0, 1252.8131021185304, 469.9846626224581], [0.0, 0.0, 1.0]], [[1256.7485116440405, 0.0, 817.7887570959712], [0.0, 1256.7485116440403, 451.9541780095127], [0.0, 0.0, 1.0]], [[1254.9860565800168, 0.0, 829.5769333630991], [0.0, 1254.9860565800168, 467.1680561863987], [0.0, 0.0, 1.0]], [[796.8910634503094, 0.0, 857.7774326863696], [0.0, 796.8910634503094, 476.8848988407415], [0.0, 0.0, 1.0]], [[1249.9629280788233, 0.0, 825.3768045375984], [0.0, 1249.9629280788233, 462.54816385708756], [0.0, 0.0, 1.0]]], "extrinsics": [[[0.8223965764045715, -0.568898618221283, -0.00426389230415225, -0.777099609375], [0.009593245573341846, 0.021360883489251137, -0.9997258186340332, 1.4908676147460938], [0.5688337683677673, 0.8221302032470703, 0.023024700582027435, -1.1796875], [0.0, 0.0, 0.0, 1.0]], [[0.010069464333355427, -0.9998027682304382, -0.017115872353315353, 0.010009765625], [0.011465867049992085, 0.017231058329343796, -0.9997857809066772, 1.4826889038085938], [0.9998835325241089, 0.009871059097349644, 0.011637113988399506, -1.5107421875], [0.0, 0.0, 0.0, 1.0]], [[-0.8440225720405579, -0.5358977913856506, -0.020963260903954506, 0.948486328125], [0.01942325569689274, 0.008518190123140812, -0.9997750520706177, 1.4963569641113281], [0.5359558463096619, -0.8442398309707642, 0.0032193355727940798, -1.184967041015625], [0.0, 0.0, 0.0, 1.0]], [[0.9478603601455688, 0.31868135929107666, 0.001748499576933682, -1.1552734375], [-0.006094984710216522, 0.023613473400473595, -0.9997025728225708, 1.5621256828308105], [-0.3186279237270355, 0.9475677013397217, 0.024324631318449974, -0.15185546875], [0.0, 0.0, 0.0, 1.0]], [[0.009238878265023232, 0.9998279809951782, 0.016078634187579155, -0.0289306640625], [-0.003866615705192089, 0.016114920377731323, -0.9998626112937927, 1.5678372383117676], [-0.9999498128890991, 0.009175439365208149, 0.004014834761619568, -0.0111083984375], [0.0, 0.0, 0.0, 1.0]], [[-0.9236795902252197, 0.3831551969051361, -0.0028293090872466564, 1.0506591796875], [0.0003396226093173027, -0.006565344985574484, -0.9999783635139465, 1.5478620529174805], [-0.3831654489040375, -0.9236606955528259, 0.005934146698564291, -0.0880126953125], [0.0, 0.0, 0.0, 1.0]]], "view": [[0.0, -2.0, 100.0], [-2.0, 0.0, 100.0], [0.0, 0.0, 1.0]], "bev": "bev_7da91e4331894a6c90cadff6c456cc0e.png", "aux": "aux_7da91e4331894a6c90cadff6c456cc0e.npz", "visibility": "visibility_7da91e4331894a6c90cadff6c456cc0e.png", "pose": [[-0.9990651607513428, 0.04322955757379532, 0.0, 1948.9595947265625], [-0.04322955757379532, -0.9990651607513428, 0.0, 874.2684326171875], [0.0, 0.0, 1.0, 0.0], [0.0, 0.0, 0.0, 1.0]], "pose_inverse": [[-0.9990651607513428, -0.04322955757379532, 0.0, 1984.931884765625], [0.04322955757379532, -0.9990651607513428, 0.0, 789.198486328125], [0.0, 0.0, 1.0, 0.0], [0.0, 0.0, 0.0, 1.0]], "cam_ids": [0, 1, 2, 3, 4, 5], "cam_channels": ["CAM_FRONT_LEFT", "CAM_FRONT", "CAM_FRONT_RIGHT", "CAM_BACK_LEFT", "CAM_BACK", "CAM_BACK_RIGHT"], "token": "7da91e4331894a6c90cadff6c456cc0e", "scene": "scene-0667"}, {"images": ["samples/CAM_FRONT_LEFT/n008-2018-08-28-16-16-48-0400__CAM_FRONT_LEFT__1535487531754799.jpg", "samples/CAM_FRONT/n008-2018-08-28-16-16-48-0400__CAM_FRONT__1535487531762404.jpg", "samples/CAM_FRONT_RIGHT/n008-2018-08-28-16-16-48-0400__CAM_FRONT_RIGHT__1535487531770482.jpg", "samples/CAM_BACK_LEFT/n008-2018-08-28-16-16-48-0400__CAM_BACK_LEFT__1535487531797405.jpg", "samples/CAM_BACK/n008-2018-08-28-16-16-48-0400__CAM_BACK__1535487531787558.jpg", "samples/CAM_BACK_RIGHT/n008-2018-08-28-16-16-48-0400__CAM_BACK_RIGHT__1535487531778113.jpg"], "intrinsics": [[[1257.8625342125129, 0.0, 827.2410631095686], [0.0, 1257.8625342125129, 450.915498205774], [0.0, 0.0, 1.0]], [[1252.8131021185304, 0.0, 826.588114781398], [0.0, 1252.8131021185304, 469.9846626224581], [0.0, 0.0, 1.0]], [[1256.7485116440405, 0.0, 817.7887570959712], [0.0, 1256.7485116440403, 451.9541780095127], [0.0, 0.0, 1.0]], [[1254.9860565800168, 0.0, 829.5769333630991], [0.0, 1254.9860565800168, 467.1680561863987], [0.0, 0.0, 1.0]], [[796.8910634503094, 0.0, 857.7774326863696], [0.0, 796.8910634503094, 476.8848988407415], [0.0, 0.0, 1.0]], [[1249.9629280788233, 0.0, 825.3768045375984], [0.0, 1249.9629280788233, 462.54816385708756], [0.0, 0.0, 1.0]]], "extrinsics": [[[0.8222388029098511, -0.5691173672676086, -0.005370448809117079, -0.7708740234375], [0.007559012621641159, 0.02035519853234291, -0.9997642040252686, 1.4903736114501953], [0.5690924525260925, 0.8220043182373047, 0.02103879675269127, -1.1746826171875], [0.0, 0.0, 0.0, 1.0]], [[0.009832716546952724, -0.9998226165771484, -0.016060756519436836, 0.0098876953125], [0.009456166997551918, 0.016153786331415176, -0.9998248219490051, 1.4823112487792969], [0.9999068975448608, 0.009679115377366543, 0.00961332581937313, -1.5037841796875], [0.0, 0.0, 0.0, 1.0]], [[-0.8441392183303833, -0.5357993841171265, -0.018653707578778267, 0.943359375], [0.017419446259737015, 0.007364568766206503, -0.999821126461029, 1.4961204528808594], [0.5358409285545349, -0.8443132042884827, 0.0031166078988462687, -1.181915283203125], [0.0, 0.0, 0.0, 1.0]], [[0.9479243159294128, 0.3184949457645416, -0.0006082294858060777, -1.151123046875], [-0.008131997659802437, 0.022293785586953163, -0.999718427658081, 1.562119960784912], [-0.31839174032211304, 0.947662353515625, 0.023722823709249496, -0.15313720703125], [0.0, 0.0, 0.0, 1.0]], [[0.00931624323129654, 0.9998471736907959, 0.01479319017380476, -0.02886962890625], [-0.005975051317363977, 0.014849228784441948, -0.9998719096183777, 1.5676977634429932], [-0.9999387264251709, 0.009226657450199127, 0.006112477742135525, -0.014892578125], [0.0, 0.0, 0.0, 1.0]], [[-0.9236458539962769, 0.38324451446533203, -0.0014144660672172904, 1.0460205078125], [-0.0016939247725531459, -0.007773126475512981, -0.9999683499336243, 1.5476126670837402], [-0.3832433521747589, -0.9236142039299011, 0.007828803732991219, -0.0899658203125], [0.0, 0.0, 0.0, 1.0]]], "view": [[0.0, -2.0, 100.0], [-2.0, 0.0, 100.0], [0.0, 0.0, 1.0]], "bev": "bev_81df0f0c092843bf8080e628fb42f695.png", "aux": "aux_81df0f0c092843bf8080e628fb42f695.npz", "visibility": "visibility_81df0f0c092843bf8080e628fb42f695.png", "pose": [[-0.9987748861312866, 0.049484189599752426, 0.0, 1945.5076904296875], [-0.049484189599752426, -0.9987748861312866, 0.0, 874.1307373046875], [0.0, 0.0, 1.0, 0.0], [0.0, 0.0, 0.0, 1.0]], "pose_inverse": [[-0.9987748861312866, -0.049484189599752426, 0.0, 1986.3798828125], [0.049484189599752426, -0.9987748861312866, 0.0, 776.7879638671875], [0.0, 0.0, 1.0, 0.0], [0.0, 0.0, 0.0, 1.0]], "cam_ids": [0, 1, 2, 3, 4, 5], "cam_channels": ["CAM_FRONT_LEFT", "CAM_FRONT", "CAM_FRONT_RIGHT", "CAM_BACK_LEFT", "CAM_BACK", "CAM_BACK_RIGHT"], "token": "81df0f0c092843bf8080e628fb42f695", "scene": "scene-0667"}, {"images": ["samples/CAM_FRONT_LEFT/n008-2018-08-28-16-16-48-0400__CAM_FRONT_LEFT__1535487532254799.jpg", "samples/CAM_FRONT/n008-2018-08-28-16-16-48-0400__CAM_FRONT__1535487532262404.jpg", "samples/CAM_FRONT_RIGHT/n008-2018-08-28-16-16-48-0400__CAM_FRONT_RIGHT__1535487532270482.jpg", "samples/CAM_BACK_LEFT/n008-2018-08-28-16-16-48-0400__CAM_BACK_LEFT__1535487532297405.jpg", "samples/CAM_BACK/n008-2018-08-28-16-16-48-0400__CAM_BACK__1535487532287558.jpg", "samples/CAM_BACK_RIGHT/n008-2018-08-28-16-16-48-0400__CAM_BACK_RIGHT__1535487532278113.jpg"], "intrinsics": [[[1257.8625342125129, 0.0, 827.2410631095686], [0.0, 1257.8625342125129, 450.915498205774], [0.0, 0.0, 1.0]], [[1252.8131021185304, 0.0, 826.588114781398], [0.0, 1252.8131021185304, 469.9846626224581], [0.0, 0.0, 1.0]], [[1256.7485116440405, 0.0, 817.7887570959712], [0.0, 1256.7485116440403, 451.9541780095127], [0.0, 0.0, 1.0]], [[1254.9860565800168, 0.0, 829.5769333630991], [0.0, 1254.9860565800168, 467.1680561863987], [0.0, 0.0, 1.0]], [[796.8910634503094, 0.0, 857.7774326863696], [0.0, 796.8910634503094, 476.8848988407415], [0.0, 0.0, 1.0]], [[1249.9629280788233, 0.0, 825.3768045375984], [0.0, 1249.9629280788233, 462.54816385708756], [0.0, 0.0, 1.0]]], "extrinsics": [[[0.8226864337921143, -0.5684439539909363, -0.007643283344805241, -0.7662353515625], [0.00444543082267046, 0.019876880571246147, -0.9997925162315369, 1.4895172119140625], [0.568477988243103, 0.8224818706512451, 0.018879419192671776, -1.172119140625], [0.0, 0.0, 0.0, 1.0]], [[0.010456101037561893, -0.9998230338096619, -0.01563841849565506, 0.01025390625], [0.0065146819688379765, 0.01570705510675907, -0.9998554587364197, 1.4816608428955078], [0.9999240636825562, 0.01035271119326353, 0.006677763536572456, -1.49951171875], [0.0, 0.0, 0.0, 1.0]], [[-0.8439156413078308, -0.536234974861145, -0.016074834391474724, 0.9404296875], [0.014628332108259201, 0.006951517425477505, -0.9998688101768494, 1.4956817626953125], [0.5362764000892639, -0.8440400958061218, 0.00197772984392941, -1.18017578125], [0.0, 0.0, 0.0, 1.0]], [[0.947876513004303, 0.3186231851577759, -0.003061849856749177, -1.15234375], [-0.010586691088974476, 0.021887706592679024, -0.9997043609619141, 1.5621414184570312], [-0.3184620141983032, 0.9476286172866821, 0.024120008572936058, -0.153045654296875], [0.0, 0.0, 0.0, 1.0]], [[0.009178115986287594, 0.999854564666748, 0.014375720173120499, -0.0289306640625], [-0.008563090115785599, 0.014454386197030544, -0.9998588562011719, 1.5675396919250488], [-0.9999212026596069, 0.009053721092641354, 0.008694509044289589, -0.0155029296875], [0.0, 0.0, 0.0, 1.0]], [[-0.923784077167511, 0.3829125165939331, 0.0009498019353486598, 1.0439453125], [-0.004419566132128239, -0.008181932382285595, -0.9999567866325378, 1.5472640991210938], [-0.38288816809654236, -0.9237483739852905, 0.009250646457076073, -0.0908203125], [0.0, 0.0, 0.0, 1.0]]], "view": [[0.0, -2.0, 100.0], [-2.0, 0.0, 100.0], [0.0, 0.0, 1.0]], "bev": "bev_3dfd0c83966a4ecf80b7703872f479f0.png", "aux": "aux_3dfd0c83966a4ecf80b7703872f479f0.npz", "visibility": "visibility_3dfd0c83966a4ecf80b7703872f479f0.png", "pose": [[-0.9986774325370789, 0.05141371488571167, 0.0, 1942.1243896484375], [-0.05141371488571167, -0.9986774325370789, 0.0, 873.9937133789062], [0.0, 0.0, 1.0, 0.0], [0.0, 0.0, 0.0, 1.0]], "pose_inverse": [[-0.9986774325370789, -0.05141371488571167, 0.0, 1984.4910888671875], [0.05141371488571167, -0.9986774325370789, 0.0, 772.9859619140625], [0.0, 0.0, 1.0, 0.0], [0.0, 0.0, 0.0, 1.0]], "cam_ids": [0, 1, 2, 3, 4, 5], "cam_channels": ["CAM_FRONT_LEFT", "CAM_FRONT", "CAM_FRONT_RIGHT", "CAM_BACK_LEFT", "CAM_BACK", "CAM_BACK_RIGHT"], "token": "3dfd0c83966a4ecf80b7703872f479f0", "scene": "scene-0667"}, {"images": ["samples/CAM_FRONT_LEFT/n008-2018-08-28-16-16-48-0400__CAM_FRONT_LEFT__1535487532754799.jpg", "samples/CAM_FRONT/n008-2018-08-28-16-16-48-0400__CAM_FRONT__1535487532762404.jpg", "samples/CAM_FRONT_RIGHT/n008-2018-08-28-16-16-48-0400__CAM_FRONT_RIGHT__1535487532770482.jpg", "samples/CAM_BACK_LEFT/n008-2018-08-28-16-16-48-0400__CAM_BACK_LEFT__1535487532797405.jpg", "samples/CAM_BACK/n008-2018-08-28-16-16-48-0400__CAM_BACK__1535487532787558.jpg", "samples/CAM_BACK_RIGHT/n008-2018-08-28-16-16-48-0400__CAM_BACK_RIGHT__1535487532778113.jpg"], "intrinsics": [[[1257.8625342125129, 0.0, 827.2410631095686], [0.0, 1257.8625342125129, 450.915498205774], [0.0, 0.0, 1.0]], [[1252.8131021185304, 0.0, 826.588114781398], [0.0, 1252.8131021185304, 469.9846626224581], [0.0, 0.0, 1.0]], [[1256.7485116440405, 0.0, 817.7887570959712], [0.0, 1256.7485116440403, 451.9541780095127], [0.0, 0.0, 1.0]], [[1254.9860565800168, 0.0, 829.5769333630991], [0.0, 1254.9860565800168, 467.1680561863987], [0.0, 0.0, 1.0]], [[796.8910634503094, 0.0, 857.7774326863696], [0.0, 796.8910634503094, 476.8848988407415], [0.0, 0.0, 1.0]], [[1249.9629280788233, 0.0, 825.3768045375984], [0.0, 1249.9629280788233, 462.54816385708756], [0.0, 0.0, 1.0]]], "extrinsics": [[[0.8231253623962402, -0.5678398609161377, -0.0047661191783845425, -0.77099609375], [0.00567383598536253, 0.01661676913499832, -0.9998458623886108, 1.4898662567138672], [0.5678314566612244, 0.8229714632034302, 0.016899513080716133, -1.17431640625], [0.0, 0.0, 0.0, 1.0]], [[0.011084734462201595, -0.9998622536659241, -0.01235992182046175, 0.009521484375], [0.007626947946846485, 0.012444863095879555, -0.9998934864997864, 1.4819107055664062], [0.999909520149231, 0.010989290662109852, 0.007763844449073076, -1.50341796875], [0.0, 0.0, 0.0, 1.0]], [[-0.8436539173126221, -0.5366733074188232, -0.015163153409957886, 0.942138671875], [0.015604771673679352, 0.0037195372860878706, -0.9998713135719299, 1.4958229064941406], [0.5366605520248413, -0.8437820076942444, 0.005236661061644554, -1.1817626953125], [0.0, 0.0, 0.0, 1.0]], [[0.9478648900985718, 0.3186529576778412, -0.0035251490771770477, -1.149169921875], [-0.010095633566379547, 0.01897035911679268, -0.9997690320014954, 1.5620970726013184], [-0.31851252913475037, 0.9476816058158875, 0.021198339760303497, -0.15433502197265625], [0.0, 0.0, 0.0, 1.0]], [[0.00900921318680048, 0.9998956918716431, 0.011296459473669529, -0.02880859375], [-0.007859856821596622, 0.011367378756403923, -0.9999045133590698, 1.5675773620605469], [-0.9999285340309143, 0.008919562213122845, 0.007961448282003403, -0.0164794921875], [0.0, 0.0, 0.0, 1.0]], [[-0.9239087700843811, 0.38261157274246216, -0.001067166798748076, 1.0450439453125], [-0.0035498773213475943, -0.011361011303961277, -0.9999291300773621, 1.547379493713379], [-0.38259652256965637, -0.9238394498825073, 0.011854760348796844, -0.0906982421875], [0.0, 0.0, 0.0, 1.0]]], "view": [[0.0, -2.0, 100.0], [-2.0, 0.0, 100.0], [0.0, 0.0, 1.0]], "bev": "bev_900ecd62f86746da95cbb9abf96ee395.png", "aux": "aux_900ecd62f86746da95cbb9abf96ee395.npz", "visibility": "visibility_900ecd62f86746da95cbb9abf96ee395.png", "pose": [[-0.9989256858825684, 0.04634140431880951, 0.0, 1938.7421875], [-0.04634140431880951, -0.9989256858825684, 0.0, 873.85302734375], [0.0, 0.0, 1.0, 0.0], [0.0, 0.0, 0.0, 1.0]], "pose_inverse": [[-0.9989256858825684, -0.04634140431880951, 0.0, 1977.1549072265625], [0.04634140431880951, -0.9989256858825684, 0.0, 783.0701904296875], [0.0, 0.0, 1.0, 0.0], [0.0, 0.0, 0.0, 1.0]], "cam_ids": [0, 1, 2, 3, 4, 5], "cam_channels": ["CAM_FRONT_LEFT", "CAM_FRONT", "CAM_FRONT_RIGHT", "CAM_BACK_LEFT", "CAM_BACK", "CAM_BACK_RIGHT"], "token": "900ecd62f86746da95cbb9abf96ee395", "scene": "scene-0667"}, {"images": ["samples/CAM_FRONT_LEFT/n008-2018-08-28-16-16-48-0400__CAM_FRONT_LEFT__1535487533254799.jpg", "samples/CAM_FRONT/n008-2018-08-28-16-16-48-0400__CAM_FRONT__1535487533262404.jpg", "samples/CAM_FRONT_RIGHT/n008-2018-08-28-16-16-48-0400__CAM_FRONT_RIGHT__1535487533270482.jpg", "samples/CAM_BACK_LEFT/n008-2018-08-28-16-16-48-0400__CAM_BACK_LEFT__1535487533297405.jpg", "samples/CAM_BACK/n008-2018-08-28-16-16-48-0400__CAM_BACK__1535487533287558.jpg", "samples/CAM_BACK_RIGHT/n008-2018-08-28-16-16-48-0400__CAM_BACK_RIGHT__1535487533278113.jpg"], "intrinsics": [[[1257.8625342125129, 0.0, 827.2410631095686], [0.0, 1257.8625342125129, 450.915498205774], [0.0, 0.0, 1.0]], [[1252.8131021185304, 0.0, 826.588114781398], [0.0, 1252.8131021185304, 469.9846626224581], [0.0, 0.0, 1.0]], [[1256.7485116440405, 0.0, 817.7887570959712], [0.0, 1256.7485116440403, 451.9541780095127], [0.0, 0.0, 1.0]], [[1254.9860565800168, 0.0, 829.5769333630991], [0.0, 1254.9860565800168, 467.1680561863987], [0.0, 0.0, 1.0]], [[796.8910634503094, 0.0, 857.7774326863696], [0.0, 796.8910634503094, 476.8848988407415], [0.0, 0.0, 1.0]], [[1249.9629280788233, 0.0, 825.3768045375984], [0.0, 1249.9629280788233, 462.54816385708756], [0.0, 0.0, 1.0]]], "extrinsics": [[[0.8232549428939819, -0.5675653219223022, -0.010993818752467632, -0.769775390625], [0.0007835437427274883, 0.020502595230937004, -0.9997895359992981, 1.488515853881836], [0.5676712393760681, 0.823073148727417, 0.017323574051260948, -1.17138671875], [0.0, 0.0, 0.0, 1.0]], [[0.011276476085186005, -0.999797523021698, -0.016662659123539925, 0.00830078125], [0.0026962580159306526, 0.01669406145811081, -0.9998570084571838, 1.4807929992675781], [0.9999328255653381, 0.01122993789613247, 0.0028839625883847475, -1.5001220703125], [0.0, 0.0, 0.0, 1.0]], [[-0.8436031937599182, -0.5367982387542725, -0.013466225005686283, 0.9384765625], [0.010670102201402187, 0.00831533782184124, -0.9999085068702698, 1.4950008392333984], [0.5368610620498657, -0.8436697125434875, -0.0012871536891907454, -1.180084228515625], [0.0, 0.0, 0.0, 1.0]], [[0.9478505849838257, 0.31865134835243225, -0.006364407483488321, -1.146728515625], [-0.014871467836201191, 0.02427135966718197, -0.9995948076248169, 1.562088966369629], [-0.31836777925491333, 0.9475612044334412, 0.027744436636567116, -0.1551361083984375], [0.0, 0.0, 0.0, 1.0]], [[0.008979874663054943, 0.9998255968093872, 0.01637573540210724, -0.028564453125], [-0.012649268843233585, 0.016488663852214813, -0.999783992767334, 1.567244529724121], [-0.9998796582221985, 0.008770793676376343, 0.012795128859579563, -0.02001953125], [0.0, 0.0, 0.0, 1.0]], [[-0.9239624738693237, 0.38244640827178955, 0.0053097037598490715, 1.041748046875], [-0.008436388336122036, -0.006498961243778467, -0.9999432563781738, 1.5467281341552734], [-0.38239020109176636, -0.9239548444747925, 0.009231261909008026, -0.092529296875], [0.0, 0.0, 0.0, 1.0]]], "view": [[0.0, -2.0, 100.0], [-2.0, 0.0, 100.0], [0.0, 0.0, 1.0]], "bev": "bev_c68fc94eb51d463a95afa79cbe8f461a.png", "aux": "aux_c68fc94eb51d463a95afa79cbe8f461a.npz", "visibility": "visibility_c68fc94eb51d463a95afa79cbe8f461a.png", "pose": [[-0.9993947148323059, 0.03478793054819107, 0.0, 1935.413330078125], [-0.03478793054819107, -0.9993947148323059, 0.0, 873.7194213867188], [0.0, 0.0, 1.0, 0.0], [0.0, 0.0, 0.0, 1.0]], "pose_inverse": [[-0.9993947148323059, -0.03478793054819107, 0.0, 1964.63671875], [0.03478793054819107, -0.9993947148323059, 0.0, 805.861572265625], [0.0, 0.0, 1.0, 0.0], [0.0, 0.0, 0.0, 1.0]], "cam_ids": [0, 1, 2, 3, 4, 5], "cam_channels": ["CAM_FRONT_LEFT", "CAM_FRONT", "CAM_FRONT_RIGHT", "CAM_BACK_LEFT", "CAM_BACK", "CAM_BACK_RIGHT"], "token": "c68fc94eb51d463a95afa79cbe8f461a", "scene": "scene-0667"}, {"images": ["samples/CAM_FRONT_LEFT/n008-2018-08-28-16-16-48-0400__CAM_FRONT_LEFT__1535487533754799.jpg", "samples/CAM_FRONT/n008-2018-08-28-16-16-48-0400__CAM_FRONT__1535487533762404.jpg", "samples/CAM_FRONT_RIGHT/n008-2018-08-28-16-16-48-0400__CAM_FRONT_RIGHT__1535487533770482.jpg", "samples/CAM_BACK_LEFT/n008-2018-08-28-16-16-48-0400__CAM_BACK_LEFT__1535487533797405.jpg", "samples/CAM_BACK/n008-2018-08-28-16-16-48-0400__CAM_BACK__1535487533787558.jpg", "samples/CAM_BACK_RIGHT/n008-2018-08-28-16-16-48-0400__CAM_BACK_RIGHT__1535487533778113.jpg"], "intrinsics": [[[1257.8625342125129, 0.0, 827.2410631095686], [0.0, 1257.8625342125129, 450.915498205774], [0.0, 0.0, 1.0]], [[1252.8131021185304, 0.0, 826.588114781398], [0.0, 1252.8131021185304, 469.9846626224581], [0.0, 0.0, 1.0]], [[1256.7485116440405, 0.0, 817.7887570959712], [0.0, 1256.7485116440403, 451.9541780095127], [0.0, 0.0, 1.0]], [[1254.9860565800168, 0.0, 829.5769333630991], [0.0, 1254.9860565800168, 467.1680561863987], [0.0, 0.0, 1.0]], [[796.8910634503094, 0.0, 857.7774326863696], [0.0, 796.8910634503094, 476.8848988407415], [0.0, 0.0, 1.0]], [[1249.9629280788233, 0.0, 825.3768045375984], [0.0, 1249.9629280788233, 462.54816385708756], [0.0, 0.0, 1.0]]], "extrinsics": [[[0.8235909342765808, -0.5670908093452454, -0.010294249281287193, -0.76025390625], [0.00418223487213254, 0.02422114461660385, -0.9996978640556335, 1.4894332885742188], [0.5671688914299011, 0.8232990503311157, 0.02232002280652523, -1.169677734375], [0.0, 0.0, 0.0, 1.0]], [[0.01179222110658884, -0.9997286200523376, -0.020090607926249504, 0.011474609375], [0.006248591933399439, 0.02016528882086277, -0.9997771382331848, 1.481607437133789], [0.9999108910560608, 0.011664053425192833, 0.00648468965664506, -1.493408203125], [0.0, 0.0, 0.0, 1.0]], [[-0.8433496356010437, -0.537053108215332, -0.018309442326426506, 0.93603515625], [0.01434144377708435, 0.011565863154828548, -0.9998302459716797, 1.4956855773925781], [0.5371737480163574, -0.8434690833091736, -0.002051950665190816, -1.17608642578125], [0.0, 0.0, 0.0, 1.0]], [[0.9478781819343567, 0.3186294138431549, -0.0015355088980868459, -1.14794921875], [-0.010732024908065796, 0.027109218761324883, -0.9995748996734619, 1.5620877742767334], [-0.3184524178504944, 0.9474915266036987, 0.02911577746272087, -0.154693603515625], [0.0, 0.0, 0.0, 1.0]], [[0.008801915682852268, 0.9997739195823669, 0.019356945529580116, -0.02923583984375], [-0.008750745095312595, 0.019433964043855667, -0.999772846698761, 1.567473292350769], [-0.9999229311943054, 0.008630526252090931, 0.008919822983443737, -0.0206298828125], [0.0, 0.0, 0.0, 1.0]], [[-0.9240733981132507, 0.3822031319141388, 0.0030243895016610622, 1.0384521484375], [-0.004685312043875456, -0.003415026469156146, -0.9999831914901733, 1.5472030639648438], [-0.38218632340431213, -0.9240720272064209, 0.004946477245539427, -0.092041015625], [0.0, 0.0, 0.0, 1.0]]], "view": [[0.0, -2.0, 100.0], [-2.0, 0.0, 100.0], [0.0, 0.0, 1.0]], "bev": "bev_65af57642c0c4c46b547935b5a57cc34.png", "aux": "aux_65af57642c0c4c46b547935b5a57cc34.npz", "visibility": "visibility_65af57642c0c4c46b547935b5a57cc34.png", "pose": [[-0.9997786283493042, 0.021039480343461037, 0.0, 1932.0096435546875], [-0.021039480343461037, -0.9997786283493042, 0.0, 873.643798828125], [0.0, 0.0, 1.0, 0.0], [0.0, 0.0, 0.0, 1.0]], "pose_inverse": [[-0.9997786283493042, -0.021039480343461037, 0.0, 1949.9630126953125], [0.021039480343461037, -0.9997786283493042, 0.0, 832.8019409179688], [0.0, 0.0, 1.0, 0.0], [0.0, 0.0, 0.0, 1.0]], "cam_ids": [0, 1, 2, 3, 4, 5], "cam_channels": ["CAM_FRONT_LEFT", "CAM_FRONT", "CAM_FRONT_RIGHT", "CAM_BACK_LEFT", "CAM_BACK", "CAM_BACK_RIGHT"], "token": "65af57642c0c4c46b547935b5a57cc34", "scene": "scene-0667"}, {"images": ["samples/CAM_FRONT_LEFT/n008-2018-08-28-16-16-48-0400__CAM_FRONT_LEFT__1535487534154799.jpg", "samples/CAM_FRONT/n008-2018-08-28-16-16-48-0400__CAM_FRONT__1535487534162404.jpg", "samples/CAM_FRONT_RIGHT/n008-2018-08-28-16-16-48-0400__CAM_FRONT_RIGHT__1535487534170482.jpg", "samples/CAM_BACK_LEFT/n008-2018-08-28-16-16-48-0400__CAM_BACK_LEFT__1535487534197405.jpg", "samples/CAM_BACK/n008-2018-08-28-16-16-48-0400__CAM_BACK__1535487534187558.jpg", "samples/CAM_BACK_RIGHT/n008-2018-08-28-16-16-48-0400__CAM_BACK_RIGHT__1535487534178113.jpg"], "intrinsics": [[[1257.8625342125129, 0.0, 827.2410631095686], [0.0, 1257.8625342125129, 450.915498205774], [0.0, 0.0, 1.0]], [[1252.8131021185304, 0.0, 826.588114781398], [0.0, 1252.8131021185304, 469.9846626224581], [0.0, 0.0, 1.0]], [[1256.7485116440405, 0.0, 817.7887570959712], [0.0, 1256.7485116440403, 451.9541780095127], [0.0, 0.0, 1.0]], [[1254.9860565800168, 0.0, 829.5769333630991], [0.0, 1254.9860565800168, 467.1680561863987], [0.0, 0.0, 1.0]], [[796.8910634503094, 0.0, 857.7774326863696], [0.0, 796.8910634503094, 476.8848988407415], [0.0, 0.0, 1.0]], [[1249.9629280788233, 0.0, 825.3768045375984], [0.0, 1249.9629280788233, 462.54816385708756], [0.0, 0.0, 1.0]]], "extrinsics": [[[0.8229210376739502, -0.5680885910987854, -0.008732427842915058, -0.7672119140625], [0.00789613090455532, 0.02680376172065735, -0.9996095299720764, 1.4905319213867188], [0.5681008100509644, 0.8225307464599609, 0.026543082669377327, -1.1708984375], [0.0, 0.0, 0.0, 1.0]], [[0.010799839161336422, -0.9996849298477173, -0.022658495232462883, 0.00909423828125], [0.009971516206860542, 0.022766361013054848, -0.9996910691261292, 1.4824905395507812], [0.9998919367790222, 0.010570562444627285, 0.01021424587816, -1.4984130859375], [0.0, 0.0, 0.0, 1.0]], [[-0.8437460660934448, -0.536253809928894, -0.022903485223650932, 0.938232421875], [0.018140625208616257, 0.014156244695186615, -0.9997352361679077, 1.4963493347167969], [0.5364360809326172, -0.8439381122589111, -0.0022162962704896927, -1.17962646484375], [0.0, 0.0, 0.0, 1.0]], [[0.9478912353515625, 0.31858009099960327, 0.0030353330075740814, -1.146728515625], [-0.006743048783391714, 0.029586317017674446, -0.9995394945144653, 1.5620689392089844], [-0.3185231685638428, 0.9474341869354248, 0.03019280731678009, -0.155059814453125], [0.0, 0.0, 0.0, 1.0]], [[0.009053288027644157, 0.9997187852859497, 0.021917017176747322, -0.02862548828125], [-0.004765556659549475, 0.021960802376270294, -0.9997474551200867, 1.5677423477172852], [-0.9999476671218872, 0.008946554735302925, 0.004963034298270941, -0.021240234375], [0.0, 0.0, 0.0, 1.0]], [[-0.9238359928131104, 0.3827883005142212, 0.000376926880562678, 1.0408935546875], [-0.0007565257837995887, -0.0008411418530158699, -0.9999993443489075, 1.547715187072754], [-0.38278770446777344, -0.9238357543945312, 0.001066666329279542, -0.0927734375], [0.0, 0.0, 0.0, 1.0]]], "view": [[0.0, -2.0, 100.0], [-2.0, 0.0, 100.0], [0.0, 0.0, 1.0]], "bev": "bev_30c1f7c372994222aa8967ee234c109f.png", "aux": "aux_30c1f7c372994222aa8967ee234c109f.npz", "visibility": "visibility_30c1f7c372994222aa8967ee234c109f.png", "pose": [[-0.9999402165412903, 0.010935383848845959, 0.0, 1929.2388916015625], [-0.010935383848845959, -0.9999402165412903, 0.0, 873.6224975585938], [0.0, 0.0, 1.0, 0.0], [0.0, 0.0, 0.0, 1.0]], "pose_inverse": [[-0.9999402165412903, -0.010935383848845959, 0.0, 1938.6768798828125], [0.010935383848845959, -0.9999402165412903, 0.0, 852.4732666015625], [0.0, 0.0, 1.0, 0.0], [0.0, 0.0, 0.0, 1.0]], "cam_ids": [0, 1, 2, 3, 4, 5], "cam_channels": ["CAM_FRONT_LEFT", "CAM_FRONT", "CAM_FRONT_RIGHT", "CAM_BACK_LEFT", "CAM_BACK", "CAM_BACK_RIGHT"], "token": "30c1f7c372994222aa8967ee234c109f", "scene": "scene-0667"}, {"images": ["samples/CAM_FRONT_LEFT/n008-2018-08-28-16-16-48-0400__CAM_FRONT_LEFT__1535487534654799.jpg", "samples/CAM_FRONT/n008-2018-08-28-16-16-48-0400__CAM_FRONT__1535487534662404.jpg", "samples/CAM_FRONT_RIGHT/n008-2018-08-28-16-16-48-0400__CAM_FRONT_RIGHT__1535487534670482.jpg", "samples/CAM_BACK_LEFT/n008-2018-08-28-16-16-48-0400__CAM_BACK_LEFT__1535487534697405.jpg", "samples/CAM_BACK/n008-2018-08-28-16-16-48-0400__CAM_BACK__1535487534687558.jpg", "samples/CAM_BACK_RIGHT/n008-2018-08-28-16-16-48-0400__CAM_BACK_RIGHT__1535487534678113.jpg"], "intrinsics": [[[1257.8625342125129, 0.0, 827.2410631095686], [0.0, 1257.8625342125129, 450.915498205774], [0.0, 0.0, 1.0]], [[1252.8131021185304, 0.0, 826.588114781398], [0.0, 1252.8131021185304, 469.9846626224581], [0.0, 0.0, 1.0]], [[1256.7485116440405, 0.0, 817.7887570959712], [0.0, 1256.7485116440403, 451.9541780095127], [0.0, 0.0, 1.0]], [[1254.9860565800168, 0.0, 829.5769333630991], [0.0, 1254.9860565800168, 467.1680561863987], [0.0, 0.0, 1.0]], [[796.8910634503094, 0.0, 857.7774326863696], [0.0, 796.8910634503094, 476.8848988407415], [0.0, 0.0, 1.0]], [[1249.9629280788233, 0.0, 825.3768045375984], [0.0, 1249.9629280788233, 462.54816385708756], [0.0, 0.0, 1.0]]], "extrinsics": [[[0.8229842185974121, -0.5680639743804932, 0.0006426915642805398, -0.755615234375], [0.016445342451334, 0.022694310173392296, -0.9996072053909302, 1.4931564331054688], [0.5678262114524841, 0.8226714730262756, 0.028019065037369728, -1.1656494140625], [0.0, 0.0, 0.0, 1.0]], [[0.010946307331323624, -0.9997718930244446, -0.018336191773414612, 0.0107421875], [0.018320374190807343, 0.01853473111987114, -0.9996603727340698, 1.4846382141113281], [0.9997721910476685, 0.010606663301587105, 0.01851908303797245, -1.4879150390625], [0.0, 0.0, 0.0, 1.0]], [[-0.8435953259468079, -0.5362798571586609, -0.027402158826589584, 0.931396484375], [0.026244796812534332, 0.009792313911020756, -0.9996075630187988, 1.4980316162109375], [0.5363377332687378, -0.8439834117889404, 0.005813804920762777, -1.174224853515625], [0.0, 0.0, 0.0, 1.0]], [[0.9478594660758972, 0.3185754120349884, 0.008490528911352158, -1.142578125], [0.0005863183178007603, 0.02489881031215191, -0.9996898174285889, 1.562042236328125], [-0.3186880052089691, 0.9475705027580261, 0.02341378666460514, -0.15673828125], [0.0, 0.0, 0.0, 1.0]], [[0.00897691585123539, 0.9998084902763367, 0.017392074689269066, -0.02899169921875], [0.0028124020900577307, 0.017367463558912277, -0.9998452067375183, 1.5682487487792969], [-0.9999557733535767, 0.009024440310895443, -0.0026559580583125353, -0.026123046875], [0.0, 0.0, 0.0, 1.0]], [[-0.9237702488899231, 0.3828505873680115, -0.008592957630753517, 1.033935546875], [0.007098065689206123, -0.005317055620253086, -0.9999606609344482, 1.548788070678711], [-0.38288116455078125, -0.9237949848175049, 0.002194239292293787, -0.0947265625], [0.0, 0.0, 0.0, 1.0]]], "view": [[0.0, -2.0, 100.0], [-2.0, 0.0, 100.0], [0.0, 0.0, 1.0]], "bev": "bev_45c5a496810f437681fe78bf9f2b41f2.png", "aux": "aux_45c5a496810f437681fe78bf9f2b41f2.npz", "visibility": "visibility_45c5a496810f437681fe78bf9f2b41f2.png", "pose": [[-0.9999999403953552, 0.00036022538552060723, 0.0, 1925.7496337890625], [-0.00036022538552060723, -0.9999999403953552, 0.0, 873.6356201171875], [0.0, 0.0, 1.0, 0.0], [0.0, 0.0, 0.0, 1.0]], "pose_inverse": [[-0.9999999403953552, -0.00036022538552060723, 0.0, 1926.064208984375], [0.00036022538552060723, -0.9999999403953552, 0.0, 872.9418334960938], [0.0, 0.0, 1.0, 0.0], [0.0, 0.0, 0.0, 1.0]], "cam_ids": [0, 1, 2, 3, 4, 5], "cam_channels": ["CAM_FRONT_LEFT", "CAM_FRONT", "CAM_FRONT_RIGHT", "CAM_BACK_LEFT", "CAM_BACK", "CAM_BACK_RIGHT"], "token": "45c5a496810f437681fe78bf9f2b41f2", "scene": "scene-0667"}, {"images": ["samples/CAM_FRONT_LEFT/n008-2018-08-28-16-16-48-0400__CAM_FRONT_LEFT__1535487535154799.jpg", "samples/CAM_FRONT/n008-2018-08-28-16-16-48-0400__CAM_FRONT__1535487535162404.jpg", "samples/CAM_FRONT_RIGHT/n008-2018-08-28-16-16-48-0400__CAM_FRONT_RIGHT__1535487535170482.jpg", "samples/CAM_BACK_LEFT/n008-2018-08-28-16-16-48-0400__CAM_BACK_LEFT__1535487535197405.jpg", "samples/CAM_BACK/n008-2018-08-28-16-16-48-0400__CAM_BACK__1535487535187558.jpg", "samples/CAM_BACK_RIGHT/n008-2018-08-28-16-16-48-0400__CAM_BACK_RIGHT__1535487535178113.jpg"], "intrinsics": [[[1257.8625342125129, 0.0, 827.2410631095686], [0.0, 1257.8625342125129, 450.915498205774], [0.0, 0.0, 1.0]], [[1252.8131021185304, 0.0, 826.588114781398], [0.0, 1252.8131021185304, 469.9846626224581], [0.0, 0.0, 1.0]], [[1256.7485116440405, 0.0, 817.7887570959712], [0.0, 1256.7485116440403, 451.9541780095127], [0.0, 0.0, 1.0]], [[1254.9860565800168, 0.0, 829.5769333630991], [0.0, 1254.9860565800168, 467.1680561863987], [0.0, 0.0, 1.0]], [[796.8910634503094, 0.0, 857.7774326863696], [0.0, 796.8910634503094, 476.8848988407415], [0.0, 0.0, 1.0]], [[1249.9629280788233, 0.0, 825.3768045375984], [0.0, 1249.9629280788233, 462.54816385708756], [0.0, 0.0, 1.0]]], "extrinsics": [[[0.8223167657852173, -0.5690200924873352, -0.0033825153950601816, -0.759033203125], [0.01196357049047947, 0.023231524974107742, -0.9996585249900818, 1.4917182922363281], [0.5689043402671814, 0.8219954967498779, 0.025911182165145874, -1.1693115234375], [0.0, 0.0, 0.0, 1.0]], [[0.009944174438714981, -0.9997683167457581, -0.019092736765742302, 0.01171875], [0.01390385814011097, 0.019230080768465996, -0.999718427658081, 1.4834632873535156], [0.9998539090156555, 0.009675911627709866, 0.014091864228248596, -1.4920654296875], [0.0, 0.0, 0.0, 1.0]], [[-0.8440622091293335, -0.5356977581977844, -0.024228820577263832, 0.934814453125], [0.021934105083346367, 0.01065501756966114, -0.9997025728225708, 1.49713134765625], [0.535796582698822, -0.8443426489830017, 0.0027565534692257643, -1.17510986328125], [0.0, 0.0, 0.0, 1.0]], [[0.9478679895401001, 0.31862252950668335, 0.005093345884233713, -1.14306640625], [-0.0034438217990100384, 0.026224922388792038, -0.9996501207351685, 1.562042236328125], [-0.3186446726322174, 0.9475188255310059, 0.025955043733119965, -0.1563262939453125], [0.0, 0.0, 0.0, 1.0]], [[0.009278749115765095, 0.9997848868370056, 0.018550748005509377, -0.029296875], [-0.0013167953584343195, 0.01856374740600586, -0.9998267889022827, 1.5679521560668945], [-0.9999561309814453, 0.009252713993191719, 0.00148875976447016, -0.0242919921875], [0.0, 0.0, 0.0, 1.0]], [[-0.923617959022522, 0.38328978419303894, -0.004333811812102795, 1.036376953125], [0.0029129828326404095, -0.0042872801423072815, -0.9999865889549255, 1.5482105016708374], [-0.3833032250404358, -0.9236181974411011, 0.002843292197212577, -0.093017578125], [0.0, 0.0, 0.0, 1.0]]], "view": [[0.0, -2.0, 100.0], [-2.0, 0.0, 100.0], [0.0, 0.0, 1.0]], "bev": "bev_284dc13d42eb4406882e3837c9ba2b24.png", "aux": "aux_284dc13d42eb4406882e3837c9ba2b24.npz", "visibility": "visibility_284dc13d42eb4406882e3837c9ba2b24.png", "pose": [[-0.9999953508377075, -0.0030569997616112232, 0.0, 1922.2728271484375], [0.0030569997616112232, -0.9999953508377075, 0.0, 873.6826171875], [0.0, 0.0, 1.0, 0.0], [0.0, 0.0, 0.0, 1.0]], "pose_inverse": [[-0.9999953508377075, 0.0030569997616112232, 0.0, 1919.593017578125], [-0.0030569997616112232, -0.9999953508377075, 0.0, 879.554931640625], [0.0, 0.0, 1.0, 0.0], [0.0, 0.0, 0.0, 1.0]], "cam_ids": [0, 1, 2, 3, 4, 5], "cam_channels": ["CAM_FRONT_LEFT", "CAM_FRONT", "CAM_FRONT_RIGHT", "CAM_BACK_LEFT", "CAM_BACK", "CAM_BACK_RIGHT"], "token": "284dc13d42eb4406882e3837c9ba2b24", "scene": "scene-0667"}, {"images": ["samples/CAM_FRONT_LEFT/n008-2018-08-28-16-16-48-0400__CAM_FRONT_LEFT__1535487535654799.jpg", "samples/CAM_FRONT/n008-2018-08-28-16-16-48-0400__CAM_FRONT__1535487535662404.jpg", "samples/CAM_FRONT_RIGHT/n008-2018-08-28-16-16-48-0400__CAM_FRONT_RIGHT__1535487535670482.jpg", "samples/CAM_BACK_LEFT/n008-2018-08-28-16-16-48-0400__CAM_BACK_LEFT__1535487535697405.jpg", "samples/CAM_BACK/n008-2018-08-28-16-16-48-0400__CAM_BACK__1535487535687558.jpg", "samples/CAM_BACK_RIGHT/n008-2018-08-28-16-16-48-0400__CAM_BACK_RIGHT__1535487535678113.jpg"], "intrinsics": [[[1257.8625342125129, 0.0, 827.2410631095686], [0.0, 1257.8625342125129, 450.915498205774], [0.0, 0.0, 1.0]], [[1252.8131021185304, 0.0, 826.588114781398], [0.0, 1252.8131021185304, 469.9846626224581], [0.0, 0.0, 1.0]], [[1256.7485116440405, 0.0, 817.7887570959712], [0.0, 1256.7485116440403, 451.9541780095127], [0.0, 0.0, 1.0]], [[1254.9860565800168, 0.0, 829.5769333630991], [0.0, 1254.9860565800168, 467.1680561863987], [0.0, 0.0, 1.0]], [[796.8910634503094, 0.0, 857.7774326863696], [0.0, 796.8910634503094, 476.8848988407415], [0.0, 0.0, 1.0]], [[1249.9629280788233, 0.0, 825.3768045375984], [0.0, 1249.9629280788233, 462.54816385708756], [0.0, 0.0, 1.0]]], "extrinsics": [[[0.8214597105979919, -0.570249080657959, -0.004466418642550707, -0.76123046875], [0.011299257166683674, 0.024106517434120178, -0.9996455311775208, 1.4915351867675781], [0.57015460729599, 0.8211180567741394, 0.026245923712849617, -1.1683349609375], [0.0, 0.0, 0.0, 1.0]], [[0.00865036528557539, -0.9997639656066895, -0.01992681808769703, 0.01025390625], [0.013204246759414673, 0.020040029659867287, -0.9997119903564453, 1.4832878112792969], [0.9998753070831299, 0.008384753949940205, 0.01337448414415121, -1.494140625], [0.0, 0.0, 0.0, 1.0]], [[-0.8446380496025085, -0.534799337387085, -0.024004720151424408, 0.936279296875], [0.02119997702538967, 0.01139017567038536, -0.9997103810310364, 1.4969482421875], [0.5349178910255432, -0.8449022769927979, 0.0017171575454995036, -1.17730712890625], [0.0, 0.0, 0.0, 1.0]], [[0.9478875994682312, 0.31857186555862427, 0.004594292026013136, -1.140625], [-0.004117606673389673, 0.02666790783405304, -0.9996358156204224, 1.562026023864746], [-0.31857848167419434, 0.9475234746932983, 0.026589933782815933, -0.1573028564453125], [0.0, 0.0, 0.0, 1.0]], [[0.009685846045613289, 0.9997705817222595, 0.019102437421679497, -0.0289306640625], [-0.002036802936345339, 0.0191230159252882, -0.999814987