[{"images": ["samples/CAM_FRONT_LEFT/n015-2018-07-11-11-54-16+0800__CAM_FRONT_LEFT__1531281492754844.jpg", "samples/CAM_FRONT/n015-2018-07-11-11-54-16+0800__CAM_FRONT__1531281492762460.jpg", "samples/CAM_FRONT_RIGHT/n015-2018-07-11-11-54-16+0800__CAM_FRONT_RIGHT__1531281492770339.jpg", "samples/CAM_BACK_LEFT/n015-2018-07-11-11-54-16+0800__CAM_BACK_LEFT__1531281492797423.jpg", "samples/CAM_BACK/n015-2018-07-11-11-54-16+0800__CAM_BACK__1531281492787525.jpg", "samples/CAM_BACK_RIGHT/n015-2018-07-11-11-54-16+0800__CAM_BACK_RIGHT__1531281492777893.jpg"], "intrinsics": [[[1272.5979470598488, 0.0, 826.6154927353808], [0.0, 1272.5979470598488, 479.75165386361925], [0.0, 0.0, 1.0]], [[1266.417203046554, 0.0, 816.2670197447984], [0.0, 1266.417203046554, 491.50706579294757], [0.0, 0.0, 1.0]], [[1260.8474446004698, 0.0, 807.968244525554], [0.0, 1260.8474446004698, 495.3344268742088], [0.0, 0.0, 1.0]], [[1256.7414812095406, 0.0, 792.1125740759628], [0.0, 1256.7414812095406, 492.7757465151356], [0.0, 0.0, 1.0]], [[809.2209905677063, 0.0, 829.2196003259838], [0.0, 809.2209905677063, 481.77842384512485], [0.0, 0.0, 1.0]], [[1259.5137405846733, 0.0, 807.2529053838625], [0.0, 1259.5137405846733, 501.19579884916527], [0.0, 0.0, 1.0]]], "extrinsics": [[[0.8116386532783508, -0.5840847492218018, -0.00936257466673851, -0.799560546875], [0.016060328111052513, 0.03833290562033653, -0.9991359114646912, 1.5112504959106445], [0.5839389562606812, 0.8107870221138, 0.04049306735396385, -1.1679573059082031], [0.0, 0.0, 0.0, 1.0]], [[-0.007263990119099617, -0.9993789196014404, -0.034479282796382904, 0.0081787109375], [0.010724787600338459, 0.03440035134553909, -0.9993506073951721, 1.5221691131591797], [0.9999160766601562, -0.007629055064171553, 0.010468242689967155, -1.52587890625], [0.0, 0.0, 0.0, 1.0]], [[-0.838231086730957, -0.5436968803405762, -0.04198011755943298, 0.923492431640625], [0.016552036628127098, 0.05158029869198799, -0.998531699180603, 1.5056743621826172], [0.5450639128684998, -0.8376951217651367, -0.03423692286014557, -1.1741943359375], [0.0, 0.0, 0.0, 1.0]], [[0.9476982951164246, 0.3176787495613098, 0.03079189918935299, -1.1309814453125], [0.0252896249294281, 0.02143057808279991, -0.9994503855705261, 1.588857650756836], [-0.31816402077674866, 0.9479561448097229, 0.012275747954845428, -0.1072998046875], [0.0, 0.0, 0.0, 1.0]], [[0.006464844103902578, 0.9994834661483765, 0.03148035705089569, 0.00201416015625], [-0.0002363235835218802, 0.03148254007101059, -0.9995042681694031, 1.5793094635009766], [-0.9999789595603943, 0.006454196292907, 0.0004397324228193611, -0.0540771484375], [0.0, 0.0, 0.0, 1.0]], [[-0.9318062663078308, 0.3627108335494995, -0.013337340205907822, 1.0438232421875], [0.03239920362830162, 0.04652159661054611, -0.9983917474746704, 1.5545451641082764], [-0.36150702834129333, -0.9307397603988647, -0.055100664496421814, -0.09735107421875], [0.0, 0.0, 0.0, 1.0]]], "view": [[0.0, -2.0, 100.0], [-2.0, 0.0, 100.0], [0.0, 0.0, 1.0]], "bev": "bev_adce54dcf6404d37bd170ffc4c2a7836.png", "aux": "aux_adce54dcf6404d37bd170ffc4c2a7836.npz", "visibility": "visibility_adce54dcf6404d37bd170ffc4c2a7836.png", "pose": [[-0.07391689717769623, -0.9972643852233887, 0.0, 661.09423828125], [0.9972643852233887, -0.07391689717769623, 0.0, 1111.7720947265625], [0.0, 0.0, 1.0, 0.0], [0.0, 0.0, 0.0, 1.0]], "pose_inverse": [[-0.07391689717769623, 0.9972643852233887, 0.0, -1059.86474609375], [-0.9972643852233887, -0.07391689717769623, 0.0, 741.4644775390625], [0.0, 0.0, 1.0, 0.0], [0.0, 0.0, 0.0, 1.0]], "cam_ids": [0, 1, 2, 3, 4, 5], "cam_channels": ["CAM_FRONT_LEFT", "CAM_FRONT", "CAM_FRONT_RIGHT", "CAM_BACK_LEFT", "CAM_BACK", "CAM_BACK_RIGHT"], "token": "adce54dcf6404d37bd170ffc4c2a7836", "scene": "scene-0269"}, {"images": ["samples/CAM_FRONT_LEFT/n015-2018-07-11-11-54-16+0800__CAM_FRONT_LEFT__1531281493154844.jpg", "samples/CAM_FRONT/n015-2018-07-11-11-54-16+0800__CAM_FRONT__1531281493162460.jpg", "samples/CAM_FRONT_RIGHT/n015-2018-07-11-11-54-16+0800__CAM_FRONT_RIGHT__1531281493170339.jpg", "samples/CAM_BACK_LEFT/n015-2018-07-11-11-54-16+0800__CAM_BACK_LEFT__1531281493197423.jpg", "samples/CAM_BACK/n015-2018-07-11-11-54-16+0800__CAM_BACK__1531281493187525.jpg", "samples/CAM_BACK_RIGHT/n015-2018-07-11-11-54-16+0800__CAM_BACK_RIGHT__1531281493177893.jpg"], "intrinsics": [[[1272.5979470598488, 0.0, 826.6154927353808], [0.0, 1272.5979470598488, 479.75165386361925], [0.0, 0.0, 1.0]], [[1266.417203046554, 0.0, 816.2670197447984], [0.0, 1266.417203046554, 491.50706579294757], [0.0, 0.0, 1.0]], [[1260.8474446004698, 0.0, 807.968244525554], [0.0, 1260.8474446004698, 495.3344268742088], [0.0, 0.0, 1.0]], [[1256.7414812095406, 0.0, 792.1125740759628], [0.0, 1256.7414812095406, 492.7757465151356], [0.0, 0.0, 1.0]], [[809.2209905677063, 0.0, 829.2196003259838], [0.0, 809.2209905677063, 481.77842384512485], [0.0, 0.0, 1.0]], [[1259.5137405846733, 0.0, 807.2529053838625], [0.0, 1259.5137405846733, 501.19579884916527], [0.0, 0.0, 1.0]]], "extrinsics": [[[0.8104696273803711, -0.5856979489326477, -0.009844360873103142, -0.80126953125], [0.014734484255313873, 0.03718356043100357, -0.9991998076438904, 1.510976791381836], [0.5855953097343445, 0.8096760511398315, 0.038766101002693176, -1.168243408203125], [0.0, 0.0, 0.0, 1.0]], [[-0.008971708826720715, -0.9994086027145386, -0.03319542855024338, 0.00775146484375], [0.009072302840650082, 0.03311404958367348, -0.9994104504585266, 1.5218887329101562], [0.9999185800552368, -0.009267586283385754, 0.008769846521317959, -1.52728271484375], [0.0, 0.0, 0.0, 1.0]], [[-0.8390231132507324, -0.5426602959632874, -0.03949473053216934, 0.924530029296875], [0.01458088867366314, 0.05013660714030266, -0.9986359477043152, 1.505380630493164], [0.5439003109931946, -0.83845454454422, -0.03415330499410629, -1.1749267578125], [0.0, 0.0, 0.0, 1.0]], [[0.9478436708450317, 0.31758224964141846, 0.027091030031442642, -1.13177490234375], [0.022139577195048332, 0.019190430641174316, -0.9995706677436829, 1.5887967348098755], [-0.3179657459259033, 0.9480365514755249, 0.01115838997066021, -0.1072998046875], [0.0, 0.0, 0.0, 1.0]], [[0.007120562717318535, 0.999538004398346, 0.029548872262239456, 0.0018310546875], [-0.002971377456560731, 0.02957063913345337, -0.9995582699775696, 1.579153060913086], [-0.9999701976776123, 0.007029613014310598, 0.003180563682690263, -0.05291748046875], [0.0, 0.0, 0.0, 1.0]], [[-0.9314805865287781, 0.363601416349411, -0.011740941554307938, 1.04443359375], [0.03009791485965252, 0.04486183449625969, -0.9985396862030029, 1.5542736053466797], [-0.3625437617301941, -0.930473804473877, -0.05273157358169556, -0.09661865234375], [0.0, 0.0, 0.0, 1.0]]], "view": [[0.0, -2.0, 100.0], [-2.0, 0.0, 100.0], [0.0, 0.0, 1.0]], "bev": "bev_3613b5ea52bc46d0966fede34be89d38.png", "aux": "aux_3613b5ea52bc46d0966fede34be89d38.npz", "visibility": "visibility_3613b5ea52bc46d0966fede34be89d38.png", "pose": [[-0.22911761701107025, -0.973398745059967, 0.0, 660.85546875], [0.973398745059967, -0.22911761701107025, 0.0, 1113.5189208984375], [0.0, 0.0, 1.0, 0.0], [0.0, 0.0, 0.0, 1.0]], "pose_inverse": [[-0.22911761701107025, 0.973398745059967, 0.0, -932.4843139648438], [-0.973398745059967, -0.22911761701107025, 0.0, 898.4027099609375], [0.0, 0.0, 1.0, 0.0], [0.0, 0.0, 0.0, 1.0]], "cam_ids": [0, 1, 2, 3, 4, 5], "cam_channels": ["CAM_FRONT_LEFT", "CAM_FRONT", "CAM_FRONT_RIGHT", "CAM_BACK_LEFT", "CAM_BACK", "CAM_BACK_RIGHT"], "token": "3613b5ea52bc46d0966fede34be89d38", "scene": "scene-0269"}, {"images": ["samples/CAM_FRONT_LEFT/n015-2018-07-11-11-54-16+0800__CAM_FRONT_LEFT__1531281493754844.jpg", "samples/CAM_FRONT/n015-2018-07-11-11-54-16+0800__CAM_FRONT__1531281493762460.jpg", "samples/CAM_FRONT_RIGHT/n015-2018-07-11-11-54-16+0800__CAM_FRONT_RIGHT__1531281493770339.jpg", "samples/CAM_BACK_LEFT/n015-2018-07-11-11-54-16+0800__CAM_BACK_LEFT__1531281493797423.jpg", "samples/CAM_BACK/n015-2018-07-11-11-54-16+0800__CAM_BACK__1531281493787541.jpg", "samples/CAM_BACK_RIGHT/n015-2018-07-11-11-54-16+0800__CAM_BACK_RIGHT__1531281493777893.jpg"], "intrinsics": [[[1272.5979470598488, 0.0, 826.6154927353808], [0.0, 1272.5979470598488, 479.75165386361925], [0.0, 0.0, 1.0]], [[1266.417203046554, 0.0, 816.2670197447984], [0.0, 1266.417203046554, 491.50706579294757], [0.0, 0.0, 1.0]], [[1260.8474446004698, 0.0, 807.968244525554], [0.0, 1260.8474446004698, 495.3344268742088], [0.0, 0.0, 1.0]], [[1256.7414812095406, 0.0, 792.1125740759628], [0.0, 1256.7414812095406, 492.7757465151356], [0.0, 0.0, 1.0]], [[809.2209905677063, 0.0, 829.2196003259838], [0.0, 809.2209905677063, 481.77842384512485], [0.0, 0.0, 1.0]], [[1259.5137405846733, 0.0, 807.2529053838625], [0.0, 1259.5137405846733, 501.19579884916527], [0.0, 0.0, 1.0]]], "extrinsics": [[[0.8118410706520081, -0.5838620066642761, -0.004395132418721914, -0.801513671875], [0.002328492235392332, 0.01076492853462696, -0.9999393224716187, 1.5086708068847656], [0.5838738679885864, 0.811781644821167, 0.010098927654325962, -1.16729736328125], [0.0, 0.0, 0.0, 1.0]], [[-0.007165266666561365, -0.9999520778656006, -0.006658430211246014, 0.0069580078125], [-0.0032870464492589235, 0.006682118400931358, -0.9999722838401794, 1.5199699401855469], [0.999968945980072, -0.007143222726881504, -0.0033347690477967262, -1.52703857421875], [0.0, 0.0, 0.0, 1.0]], [[-0.8384913802146912, -0.5447133183479309, -0.014820271171629429, 0.9240741729736328], [0.0022716305684298277, 0.02370297722518444, -0.9997164011001587, 1.5038833618164062], [0.5449101328849792, -0.8382872939109802, -0.01863735355436802, -1.1754150390625], [0.0, 0.0, 0.0, 1.0]], [[0.9480233192443848, 0.3181191682815552, 0.007217093370854855, -1.131744384765625], [0.010095722042024136, -0.007401165086776018, -0.9999216198921204, 1.5886669158935547], [-0.31804078817367554, 0.9480218887329102, -0.010228118859231472, -0.107177734375], [0.0, 0.0, 0.0, 1.0]], [[0.006687507499009371, 0.999973475933075, 0.0029005431570112705, 0.0020751953125], [-0.015085838735103607, 0.003001165809109807, -0.9998816847801208, 1.5785293579101562], [-0.999863862991333, 0.006642940454185009, 0.015105508267879486, -0.0528564453125], [0.0, 0.0, 0.0, 1.0]], [[-0.93203204870224, 0.3622378408908844, -0.010004956275224686, 1.0447998046875], [0.017880301922559738, 0.01839495450258255, -0.9996709227561951, 1.5531539916992188], [-0.361934632062912, -0.9319041967391968, -0.023621607571840286, -0.09716796875], [0.0, 0.0, 0.0, 1.0]]], "view": [[0.0, -2.0, 100.0], [-2.0, 0.0, 100.0], [0.0, 0.0, 1.0]], "bev": "bev_c0f6cef97fa44973afe8ed8e18e652c3.png", "aux": "aux_c0f6cef97fa44973afe8ed8e18e652c3.npz", "visibility": "visibility_c0f6cef97fa44973afe8ed8e18e652c3.png", "pose": [[-0.4385269582271576, -0.8987180590629578, 0.0, 659.9779052734375], [0.8987180590629578, -0.4385269582271576, 0.0, 1116.0648193359375], [0.0, 0.0, 1.0, 0.0], [0.0, 0.0, 0.0, 1.0]], "pose_inverse": [[-0.4385269582271576, 0.8987180590629578, 0.0, -713.6094970703125], [-0.8987180590629578, -0.4385269582271576, 0.0, 1082.55859375], [0.0, 0.0, 1.0, 0.0], [0.0, 0.0, 0.0, 1.0]], "cam_ids": [0, 1, 2, 3, 4, 5], "cam_channels": ["CAM_FRONT_LEFT", "CAM_FRONT", "CAM_FRONT_RIGHT", "CAM_BACK_LEFT", "CAM_BACK", "CAM_BACK_RIGHT"], "token": "c0f6cef97fa44973afe8ed8e18e652c3", "scene": "scene-0269"}, {"images": ["samples/CAM_FRONT_LEFT/n015-2018-07-11-11-54-16+0800__CAM_FRONT_LEFT__1531281494254844.jpg", "samples/CAM_FRONT/n015-2018-07-11-11-54-16+0800__CAM_FRONT__1531281494262460.jpg", "samples/CAM_FRONT_RIGHT/n015-2018-07-11-11-54-16+0800__CAM_FRONT_RIGHT__1531281494270339.jpg", "samples/CAM_BACK_LEFT/n015-2018-07-11-11-54-16+0800__CAM_BACK_LEFT__1531281494297423.jpg", "samples/CAM_BACK/n015-2018-07-11-11-54-16+0800__CAM_BACK__1531281494287525.jpg", "samples/CAM_BACK_RIGHT/n015-2018-07-11-11-54-16+0800__CAM_BACK_RIGHT__1531281494277893.jpg"], "intrinsics": [[[1272.5979470598488, 0.0, 826.6154927353808], [0.0, 1272.5979470598488, 479.75165386361925], [0.0, 0.0, 1.0]], [[1266.417203046554, 0.0, 816.2670197447984], [0.0, 1266.417203046554, 491.50706579294757], [0.0, 0.0, 1.0]], [[1260.8474446004698, 0.0, 807.968244525554], [0.0, 1260.8474446004698, 495.3344268742088], [0.0, 0.0, 1.0]], [[1256.7414812095406, 0.0, 792.1125740759628], [0.0, 1256.7414812095406, 492.7757465151356], [0.0, 0.0, 1.0]], [[809.2209905677063, 0.0, 829.2196003259838], [0.0, 809.2209905677063, 481.77842384512485], [0.0, 0.0, 1.0]], [[1259.5137405846733, 0.0, 807.2529053838625], [0.0, 1259.5137405846733, 501.19579884916527], [0.0, 0.0, 1.0]]], "extrinsics": [[[0.81290602684021, -0.5823933482170105, 0.001264224760234356, -0.79248046875], [-0.00036884594010189176, -0.00268556852824986, -0.9999963045120239, 1.5081814527511597], [0.5823945999145508, 0.8129026293754578, -0.0023979286197572947, -1.16162109375], [0.0, 0.0, 0.0, 1.0]], [[-0.005545708350837231, -0.9999604225158691, 0.006959518883377314, 0.00732421875], [-0.00545498775318265, -0.006929271388798952, -0.9999611377716064, 1.5196113586425781], [0.9999697208404541, -0.005583460442721844, -0.005416343919932842, -1.51922607421875], [0.0, 0.0, 0.0, 1.0]], [[-0.8377479910850525, -0.5460277199745178, -0.0056455861777067184, 0.92010498046875], [0.0002566429611761123, 0.009945106692612171, -0.9999505281448364, 1.5036544799804688], [0.5460568070411682, -0.8377079963684082, -0.008191360160708427, -1.172607421875], [0.0, 0.0, 0.0, 1.0]], [[0.9479864835739136, 0.31830593943595886, 0.0016670020995661616, -1.132110595703125], [0.008905789814889431, -0.02128772623836994, -0.9997337460517883, 1.588653564453125], [-0.3181856870651245, 0.9477489590644836, -0.02301524393260479, -0.107177734375], [0.0, 0.0, 0.0, 1.0]], [[0.006039671134203672, 0.9999212026596069, -0.01100593339651823, 0.0023193359375], [-0.016768570989370346, -0.01090331468731165, -0.9997999668121338, 1.57843017578125], [-0.9998410940170288, 0.006222991738468409, 0.01670139469206333, -0.05401611328125], [0.0, 0.0, 0.0, 1.0]], [[-0.9324625730514526, 0.36102208495140076, -0.013284402899444103, 1.04241943359375], [0.016014715656638145, 0.004571914207190275, -0.9998612999916077, 1.5530455112457275], [-0.3609112501144409, -0.9325460195541382, -0.010044808499515057, -0.09820556640625], [0.0, 0.0, 0.0, 1.0]]], "view": [[0.0, -2.0, 100.0], [-2.0, 0.0, 100.0], [0.0, 0.0, 1.0]], "bev": "bev_895d801ecf3e40019e43a0d5b80bb453.png", "aux": "aux_895d801ecf3e40019e43a0d5b80bb453.npz", "visibility": "visibility_895d801ecf3e40019e43a0d5b80bb453.png", "pose": [[-0.5693308711051941, -0.8221084475517273, 0.0, 658.818603515625], [0.8221084475517273, -0.5693308711051941, 0.0, 1118.09619140625], [0.0, 0.0, 1.0, 0.0], [0.0, 0.0, 0.0, 1.0]], "pose_inverse": [[-0.5693308711051941, 0.8221084475517273, 0.0, -544.110595703125], [-0.8221084475517273, -0.5693308711051941, 0.0, 1178.18701171875], [0.0, 0.0, 1.0, 0.0], [0.0, 0.0, 0.0, 1.0]], "cam_ids": [0, 1, 2, 3, 4, 5], "cam_channels": ["CAM_FRONT_LEFT", "CAM_FRONT", "CAM_FRONT_RIGHT", "CAM_BACK_LEFT", "CAM_BACK", "CAM_BACK_RIGHT"], "token": "895d801ecf3e40019e43a0d5b80bb453", "scene": "scene-0269"}, {"images": ["samples/CAM_FRONT_LEFT/n015-2018-07-11-11-54-16+0800__CAM_FRONT_LEFT__1531281494754844.jpg", "samples/CAM_FRONT/n015-2018-07-11-11-54-16+0800__CAM_FRONT__1531281494762460.jpg", "samples/CAM_FRONT_RIGHT/n015-2018-07-11-11-54-16+0800__CAM_FRONT_RIGHT__1531281494770339.jpg", "samples/CAM_BACK_LEFT/n015-2018-07-11-11-54-16+0800__CAM_BACK_LEFT__1531281494797423.jpg", "samples/CAM_BACK/n015-2018-07-11-11-54-16+0800__CAM_BACK__1531281494787525.jpg", "samples/CAM_BACK_RIGHT/n015-2018-07-11-11-54-16+0800__CAM_BACK_RIGHT__1531281494777893.jpg"], "intrinsics": [[[1272.5979470598488, 0.0, 826.6154927353808], [0.0, 1272.5979470598488, 479.75165386361925], [0.0, 0.0, 1.0]], [[1266.417203046554, 0.0, 816.2670197447984], [0.0, 1266.417203046554, 491.50706579294757], [0.0, 0.0, 1.0]], [[1260.8474446004698, 0.0, 807.968244525554], [0.0, 1260.8474446004698, 495.3344268742088], [0.0, 0.0, 1.0]], [[1256.7414812095406, 0.0, 792.1125740759628], [0.0, 1256.7414812095406, 492.7757465151356], [0.0, 0.0, 1.0]], [[809.2209905677063, 0.0, 829.2196003259838], [0.0, 809.2209905677063, 481.77842384512485], [0.0, 0.0, 1.0]], [[1259.5137405846733, 0.0, 807.2529053838625], [0.0, 1259.5137405846733, 501.19579884916527], [0.0, 0.0, 1.0]]], "extrinsics": [[[0.8141605854034424, -0.5806066393852234, 0.006200794596225023, -0.77490234375], [0.0009572679409757257, -0.009337046183645725, -0.999955952167511, 1.5085039138793945], [0.5806389451026917, 0.8141306638717651, -0.00704605970531702, -1.1492919921875], [0.0, 0.0, 0.0, 1.0]], [[-0.0038356331642717123, -0.999899685382843, 0.01362953893840313, 0.00732421875], [-0.00422509852796793, -0.013613313436508179, -0.9998984336853027, 1.5197649002075195], [0.9999836683273315, -0.003892781911417842, -0.004172460176050663, -1.500823974609375], [0.0, 0.0, 0.0, 1.0]], [[-0.8370494246482849, -0.5471178293228149, -0.003188665257766843, 0.90716552734375], [0.001669037970714271, 0.003274570219218731, -0.9999932050704956, 1.5038878917694092], [0.5471245646476746, -0.837049126625061, -0.0018278154311701655, -1.1641845703125], [0.0, 0.0, 0.0, 1.0]], [[0.948103129863739, 0.3179601728916168, 0.0013152470346540213, -1.1297969818115234], [0.010746600106358528, -0.027909867465496063, -0.9995526671409607, 1.5886993408203125], [-0.3177812099456787, 0.9476931095123291, -0.02987842634320259, -0.1080322265625], [0.0, 0.0, 0.0, 1.0]], [[0.0058432687073946, 0.99982750415802, -0.01763204298913479, 0.0023193359375], [-0.014860221184790134, -0.017543578520417213, -0.9997356534004211, 1.5784311294555664], [-0.9998725056648254, 0.006103673484176397, 0.014755144715309143, -0.061553955078125], [0.0, 0.0, 0.0, 1.0]], [[-0.932731568813324, 0.3601602017879486, -0.017213396728038788, 1.03082275390625], [0.017652971670031548, -0.0020690637174993753, -0.9998420476913452, 1.5534372329711914], [-0.3601389229297638, -0.9328882098197937, -0.004428016487509012, -0.1025390625], [0.0, 0.0, 0.0, 1.0]]], "view": [[0.0, -2.0, 100.0], [-2.0, 0.0, 100.0], [0.0, 0.0, 1.0]], "bev": "bev_18f10858b2b1410f8485ffa35253033d.png", "aux": "aux_18f10858b2b1410f8485ffa35253033d.npz", "visibility": "visibility_18f10858b2b1410f8485ffa35253033d.png", "pose": [[-0.672772228717804, -0.7398496270179749, 0.0, 657.3030395507812], [0.7398496270179749, -0.672772228717804, 0.0, 1120.029296875], [0.0, 0.0, 1.0, 0.0], [0.0, 0.0, 0.0, 1.0]], "pose_inverse": [[-0.672772228717804, 0.7398496270179749, 0.0, -386.4380187988281], [-0.7398496270179749, -0.672772228717804, 0.0, 1239.830078125], [0.0, 0.0, 1.0, 0.0], [0.0, 0.0, 0.0, 1.0]], "cam_ids": [0, 1, 2, 3, 4, 5], "cam_channels": ["CAM_FRONT_LEFT", "CAM_FRONT", "CAM_FRONT_RIGHT", "CAM_BACK_LEFT", "CAM_BACK", "CAM_BACK_RIGHT"], "token": "18f10858b2b1410f8485ffa35253033d", "scene": "scene-0269"}, {"images": ["samples/CAM_FRONT_LEFT/n015-2018-07-11-11-54-16+0800__CAM_FRONT_LEFT__1531281495254844.jpg", "samples/CAM_FRONT/n015-2018-07-11-11-54-16+0800__CAM_FRONT__1531281495262460.jpg", "samples/CAM_FRONT_RIGHT/n015-2018-07-11-11-54-16+0800__CAM_FRONT_RIGHT__1531281495270339.jpg", "samples/CAM_BACK_LEFT/n015-2018-07-11-11-54-16+0800__CAM_BACK_LEFT__1531281495297423.jpg", "samples/CAM_BACK/n015-2018-07-11-11-54-16+0800__CAM_BACK__1531281495287525.jpg", "samples/CAM_BACK_RIGHT/n015-2018-07-11-11-54-16+0800__CAM_BACK_RIGHT__1531281495277893.jpg"], "intrinsics": [[[1272.5979470598488, 0.0, 826.6154927353808], [0.0, 1272.5979470598488, 479.75165386361925], [0.0, 0.0, 1.0]], [[1266.417203046554, 0.0, 816.2670197447984], [0.0, 1266.417203046554, 491.50706579294757], [0.0, 0.0, 1.0]], [[1260.8474446004698, 0.0, 807.968244525554], [0.0, 1260.8474446004698, 495.3344268742088], [0.0, 0.0, 1.0]], [[1256.7414812095406, 0.0, 792.1125740759628], [0.0, 1256.7414812095406, 492.7757465151356], [0.0, 0.0, 1.0]], [[809.2209905677063, 0.0, 829.2196003259838], [0.0, 809.2209905677063, 481.77842384512485], [0.0, 0.0, 1.0]], [[1259.5137405846733, 0.0, 807.2529053838625], [0.0, 1259.5137405846733, 501.19579884916527], [0.0, 0.0, 1.0]]], "extrinsics": [[[0.8170875906944275, -0.576314389705658, 0.01515145506709814, -0.76007080078125], [0.0030017774552106857, -0.02202789857983589, -0.9997528791427612, 1.509054183959961], [0.576505720615387, 0.8169311881065369, -0.01626875437796116, -1.138916015625], [0.0, 0.0, 0.0, 1.0]], [[0.0004370451788417995, -0.999660313129425, 0.026055779308080673, 0.0072021484375], [-0.0021921356674283743, -0.026056678965687752, -0.9996580481529236, 1.5201358795166016], [0.9999974370002747, 0.0003798216348513961, -0.0022027792874723673, -1.4857177734375], [0.0, 0.0, 0.0, 1.0]], [[-0.8351320624351501, -0.5500463247299194, 0.0018415875965729356, 0.897216796875], [0.003639358328655362, -0.008873523212969303, -0.9999539852142334, 1.5042533874511719], [0.5500373244285583, -0.8350870013237, 0.009412379004061222, -1.157470703125], [0.0, 0.0, 0.0, 1.0]], [[0.9478978514671326, 0.3185742497444153, -0.00041904140380211174, -1.1309967041015625], [0.012803536839783192, -0.03941035270690918, -0.9991410374641418, 1.5887184143066406], [-0.318317174911499, 0.947078287601471, -0.04143586382269859, -0.107666015625], [0.0, 0.0, 0.0, 1.0]], [[0.0041827308014035225, 0.9995601773262024, -0.029358765110373497, 0.0023193359375], [-0.012819124385714531, -0.029303012415766716, -0.9994884133338928, 1.5785179138183594], [-0.9999090433120728, 0.00455693481490016, 0.012690918520092964, -0.065216064453125], [0.0, 0.0, 0.0, 1.0]], [[-0.9336667060852051, 0.35738152265548706, -0.023344114422798157, 1.022705078125], [0.019648106768727303, -0.013969800435006618, -0.9997093677520752, 1.5538463592529297], [-0.3576037585735321, -0.9338539838790894, 0.006021264009177685, -0.1055908203125], [0.0, 0.0, 0.0, 1.0]]], "view": [[0.0, -2.0, 100.0], [-2.0, 0.0, 100.0], [0.0, 0.0, 1.0]], "bev": "bev_2d72c60d65f84eae91bb4e5b2486b366.png", "aux": "aux_2d72c60d65f84eae91bb4e5b2486b366.npz", "visibility": "visibility_2d72c60d65f84eae91bb4e5b2486b366.png", "pose": [[-0.7371450066566467, -0.6757345795631409, 0.0, 655.4505615234375], [0.6757345795631409, -0.7371450066566467, 0.0, 1121.915283203125], [0.0, 0.0, 1.0, 0.0], [0.0, 0.0, 0.0, 1.0]], "pose_inverse": [[-0.7371450066566467, 0.6757345795631409, 0.0, -274.9548645019531], [-0.6757345795631409, -0.7371450066566467, 0.0, 1269.9249267578125], [0.0, 0.0, 1.0, 0.0], [0.0, 0.0, 0.0, 1.0]], "cam_ids": [0, 1, 2, 3, 4, 5], "cam_channels": ["CAM_FRONT_LEFT", "CAM_FRONT", "CAM_FRONT_RIGHT", "CAM_BACK_LEFT", "CAM_BACK", "CAM_BACK_RIGHT"], "token": "2d72c60d65f84eae91bb4e5b2486b366", "scene": "scene-0269"}, {"images": ["samples/CAM_FRONT_LEFT/n015-2018-07-11-11-54-16+0800__CAM_FRONT_LEFT__1531281495754844.jpg", "samples/CAM_FRONT/n015-2018-07-11-11-54-16+0800__CAM_FRONT__1531281495762460.jpg", "samples/CAM_FRONT_RIGHT/n015-2018-07-11-11-54-16+0800__CAM_FRONT_RIGHT__1531281495770339.jpg", "samples/CAM_BACK_LEFT/n015-2018-07-11-11-54-16+0800__CAM_BACK_LEFT__1531281495797423.jpg", "samples/CAM_BACK/n015-2018-07-11-11-54-16+0800__CAM_BACK__1531281495787525.jpg", "samples/CAM_BACK_RIGHT/n015-2018-07-11-11-54-16+0800__CAM_BACK_RIGHT__1531281495777893.jpg"], "intrinsics": [[[1272.5979470598488, 0.0, 826.6154927353808], [0.0, 1272.5979470598488, 479.75165386361925], [0.0, 0.0, 1.0]], [[1266.417203046554, 0.0, 816.2670197447984], [0.0, 1266.417203046554, 491.50706579294757], [0.0, 0.0, 1.0]], [[1260.8474446004698, 0.0, 807.968244525554], [0.0, 1260.8474446004698, 495.3344268742088], [0.0, 0.0, 1.0]], [[1256.7414812095406, 0.0, 792.1125740759628], [0.0, 1256.7414812095406, 492.7757465151356], [0.0, 0.0, 1.0]], [[809.2209905677063, 0.0, 829.2196003259838], [0.0, 809.2209905677063, 481.77842384512485], [0.0, 0.0, 1.0]], [[1259.5137405846733, 0.0, 807.2529053838625], [0.0, 1259.5137405846733, 501.19579884916527], [0.0, 0.0, 1.0]]], "extrinsics": [[[0.8194580674171448, -0.5725463032722473, 0.026063760742545128, -0.734130859375], [0.01108268927782774, -0.029637621715664864, -0.9994992613792419, 1.5114288330078125], [0.5730319619178772, 0.8193365931510925, -0.017941435799002647, -1.12225341796875], [0.0, 0.0, 0.0, 1.0]], [[0.00370673555880785, -0.9994240403175354, 0.03373180702328682, 0.008056640625], [0.005729107651859522, -0.033710259944200516, -0.9994152188301086, 1.5219497680664062], [0.9999766945838928, 0.003897793125361204, 0.0056008524261415005, -1.458953857421875], [0.0, 0.0, 0.0, 1.0]], [[-0.8337169885635376, -0.5521918535232544, -0.00032598079997114837, 0.8785400390625], [0.011339658871293068, -0.016530761495232582, -0.9997990727424622, 1.505777359008789], [0.5520755648612976, -0.83355313539505, 0.020043645054101944, -1.1446533203125], [0.0, 0.0, 0.0, 1.0]], [[0.947811484336853, 0.3188096582889557, 0.0037236101925373077, -1.1303253173828125], [0.01982102356851101, -0.04726294055581093, -0.9986857771873474, 1.5888137817382812], [-0.3182145655155182, 0.9466396570205688, -0.0511154867708683, -0.10791015625], [0.0, 0.0, 0.0, 1.0]], [[0.003425952745601535, 0.9993070363998413, -0.03706308454275131, 0.0023193359375], [-0.005528505425900221, -0.03704380616545677, -0.9992983937263489, 1.5789604187011719], [-0.9999788403511047, 0.003628514241427183, 0.005397762171924114, -0.0745391845703125], [0.0, 0.0, 0.0, 1.0]], [[-0.9340904951095581, 0.3555004596710205, -0.03307953104376793, 1.00640869140625], [0.02717434987425804, -0.02159292809665203, -0.9993975162506104, 1.5552406311035156], [-0.35600051283836365, -0.9344266653060913, 0.010509258136153221, -0.1114501953125], [0.0, 0.0, 0.0, 1.0]]], "view": [[0.0, -2.0, 100.0], [-2.0, 0.0, 100.0], [0.0, 0.0, 1.0]], "bev": "bev_3d2ce1b79d1c45e5b7db4f26f411bb86.png", "aux": "aux_3d2ce1b79d1c45e5b7db4f26f411bb86.npz", "visibility": "visibility_3d2ce1b79d1c45e5b7db4f26f411bb86.png", "pose": [[-0.7641660571098328, -0.64501953125, 0.0, 653.2463989257812], [0.64501953125, -0.7641660571098328, 0.0, 1123.8697509765625], [0.0, 0.0, 1.0, 0.0], [0.0, 0.0, 0.0, 1.0]], "pose_inverse": [[-0.7641660571098328, 0.64501953125, 0.0, -225.72921752929688], [-0.64501953125, -0.7641660571098328, 0.0, 1280.1798095703125], [0.0, 0.0, 1.0, 0.0], [0.0, 0.0, 0.0, 1.0]], "cam_ids": [0, 1, 2, 3, 4, 5], "cam_channels": ["CAM_FRONT_LEFT", "CAM_FRONT", "CAM_FRONT_RIGHT", "CAM_BACK_LEFT", "CAM_BACK", "CAM_BACK_RIGHT"], "token": "3d2ce1b79d1c45e5b7db4f26f411bb86", "scene": "scene-0269"}, {"images": ["samples/CAM_FRONT_LEFT/n015-2018-07-11-11-54-16+0800__CAM_FRONT_LEFT__1531281496254844.jpg", "samples/CAM_FRONT/n015-2018-07-11-11-54-16+0800__CAM_FRONT__1531281496262460.jpg", "samples/CAM_FRONT_RIGHT/n015-2018-07-11-11-54-16+0800__CAM_FRONT_RIGHT__1531281496270339.jpg", "samples/CAM_BACK_LEFT/n015-2018-07-11-11-54-16+0800__CAM_BACK_LEFT__1531281496297423.jpg", "samples/CAM_BACK/n015-2018-07-11-11-54-16+0800__CAM_BACK__1531281496287538.jpg", "samples/CAM_BACK_RIGHT/n015-2018-07-11-11-54-16+0800__CAM_BACK_RIGHT__1531281496277893.jpg"], "intrinsics": [[[1272.5979470598488, 0.0, 826.6154927353808], [0.0, 1272.5979470598488, 479.75165386361925], [0.0, 0.0, 1.0]], [[1266.417203046554, 0.0, 816.2670197447984], [0.0, 1266.417203046554, 491.50706579294757], [0.0, 0.0, 1.0]], [[1260.8474446004698, 0.0, 807.968244525554], [0.0, 1260.8474446004698, 495.3344268742088], [0.0, 0.0, 1.0]], [[1256.7414812095406, 0.0, 792.1125740759628], [0.0, 1256.7414812095406, 492.7757465151356], [0.0, 0.0, 1.0]], [[809.2209905677063, 0.0, 829.2196003259838], [0.0, 809.2209905677063, 481.77842384512485], [0.0, 0.0, 1.0]], [[1259.5137405846733, 0.0, 807.2529053838625], [0.0, 1259.5137405846733, 501.19579884916527], [0.0, 0.0, 1.0]]], "extrinsics": [[[0.8194558024406433, -0.5713350772857666, 0.045479901134967804, -0.71649169921875], [0.032399244606494904, -0.03304789215326309, -0.9989284873008728, 1.5180892944335938], [0.5722259283065796, 0.8200512528419495, -0.008570462465286255, -1.10888671875], [0.0, 0.0, 0.0, 1.0]], [[0.0043355440720915794, -0.9992973208427429, 0.037230510264635086, 0.0074462890625], [0.02736341767013073, -0.037098366767168045, -0.9989368915557861, 1.5273895263671875], [0.9996162056922913, 0.005349671468138695, 0.027183348312973976, -1.4435882568359375], [0.0, 0.0, 0.0, 1.0]], [[-0.832722544670105, -0.5534399747848511, -0.016655854880809784, 0.87158203125], [0.033206917345523834, -0.019891541451215744, -0.9992505311965942, 1.5101070404052734], [0.5526938438415527, -0.8326514959335327, 0.03494216501712799, -1.140625], [0.0, 0.0, 0.0, 1.0]], [[0.9472804069519043, 0.319509893655777, 0.023940622806549072, -1.1339111328125], [0.04217725992202759, -0.05027914047241211, -0.9978442192077637, 1.5889358520507812], [-0.31761738657951355, 0.9462481141090393, -0.06110449880361557, -0.106689453125], [0.0, 0.0, 0.0, 1.0]], [[0.003220892744138837, 0.9991874694824219, -0.04017804563045502, 0.00244140625], [0.016729021444916725, -0.040226470679044724, -0.9990505576133728, 1.5806465148925781], [-0.9998549222946167, 0.0025457560550421476, -0.016844991594552994, -0.074188232421875], [0.0, 0.0, 0.0, 1.0]], [[-0.9336197972297668, 0.3540440499782562, -0.05483556166291237, 1.0037841796875], [0.049213822931051254, -0.02487017586827278, -0.9984785318374634, 1.5584335327148438], [-0.3548690974712372, -0.9348980784416199, 0.005795430392026901, -0.113037109375], [0.0, 0.0, 0.0, 1.0]]], "view": [[0.0, -2.0, 100.0], [-2.0, 0.0, 100.0], [0.0, 0.0, 1.0]], "bev": "bev_9a7a58e327f04340ae8f9ec098a58418.png", "aux": "aux_9a7a58e327f04340ae8f9ec098a58418.npz", "visibility": "visibility_9a7a58e327f04340ae8f9ec098a58418.png", "pose": [[-0.7715936899185181, -0.6361157298088074, 0.0, 650.7172241210938], [0.6361157298088074, -0.7715936899185181, 0.0, 1126.0023193359375], [0.0, 0.0, 1.0, 0.0], [0.0, 0.0, 0.0, 1.0]], "pose_inverse": [[-0.7715936899185181, 0.6361157298088074, 0.0, -214.17848205566406], [-0.6361157298088074, -0.7715936899185181, 0.0, 1282.7476806640625], [0.0, 0.0, 1.0, 0.0], [0.0, 0.0, 0.0, 1.0]], "cam_ids": [0, 1, 2, 3, 4, 5], "cam_channels": ["CAM_FRONT_LEFT", "CAM_FRONT", "CAM_FRONT_RIGHT", "CAM_BACK_LEFT", "CAM_BACK", "CAM_BACK_RIGHT"], "token": "9a7a58e327f04340ae8f9ec098a58418", "scene": "scene-0269"}, {"images": ["samples/CAM_FRONT_LEFT/n015-2018-07-11-11-54-16+0800__CAM_FRONT_LEFT__1531281496754844.jpg", "samples/CAM_FRONT/n015-2018-07-11-11-54-16+0800__CAM_FRONT__1531281496762460.jpg", "samples/CAM_FRONT_RIGHT/n015-2018-07-11-11-54-16+0800__CAM_FRONT_RIGHT__1531281496770339.jpg", "samples/CAM_BACK_LEFT/n015-2018-07-11-11-54-16+0800__CAM_BACK_LEFT__1531281496797423.jpg", "samples/CAM_BACK/n015-2018-07-11-11-54-16+0800__CAM_BACK__1531281496787525.jpg", "samples/CAM_BACK_RIGHT/n015-2018-07-11-11-54-16+0800__CAM_BACK_RIGHT__1531281496777893.jpg"], "intrinsics": [[[1272.5979470598488, 0.0, 826.6154927353808], [0.0, 1272.5979470598488, 479.75165386361925], [0.0, 0.0, 1.0]], [[1266.417203046554, 0.0, 816.2670197447984], [0.0, 1266.417203046554, 491.50706579294757], [0.0, 0.0, 1.0]], [[1260.8474446004698, 0.0, 807.968244525554], [0.0, 1260.8474446004698, 495.3344268742088], [0.0, 0.0, 1.0]], [[1256.7414812095406, 0.0, 792.1125740759628], [0.0, 1256.7414812095406, 492.7757465151356], [0.0, 0.0, 1.0]], [[809.2209905677063, 0.0, 829.2196003259838], [0.0, 809.2209905677063, 481.77842384512485], [0.0, 0.0, 1.0]], [[1259.5137405846733, 0.0, 807.2529053838625], [0.0, 1259.5137405846733, 501.19579884916527], [0.0, 0.0, 1.0]]], "extrinsics": [[[0.8212028741836548, -0.5694965720176697, 0.03604895994067192, -0.6995849609375], [0.022806106135249138, -0.030368072912096977, -0.9992785453796387, 1.5156593322753906], [0.5701804757118225, 0.8214325904846191, -0.011950349435210228, -1.09991455078125], [0.0, 0.0, 0.0, 1.0]], [[0.006505840923637152, -0.9993814826011658, 0.03455836698412895, 0.00927734375], [0.017720339819788933, -0.034438446164131165, -0.9992497563362122, 1.5253334045410156], [0.9998217821121216, 0.0071134320460259914, 0.017485329881310463, -1.4265899658203125], [0.0, 0.0, 0.0, 1.0]], [[-0.8321545124053955, -0.5544525384902954, -0.010063610970973969, 0.85980224609375], [0.023533619940280914, -0.01717778667807579, -0.9995754361152649, 1.5086021423339844], [0.554044246673584, -0.8320379853248596, 0.027342848479747772, -1.131103515625], [0.0, 0.0, 0.0, 1.0]], [[0.9475266337394714, 0.3192720413208008, 0.01608314923942089, -1.134002685546875], [0.032884497195482254, -0.047302909195423126, -0.9983391165733337, 1.5888442993164062], [-0.3179810643196106, 0.9464818239212036, -0.05531986430287361, -0.106689453125], [0.0, 0.0, 0.0, 1.0]], [[0.0025468096137046814, 0.999298095703125, -0.03737374022603035, 0.0020751953125], [0.007241862826049328, -0.037391308695077896, -0.999274492263794, 1.5799827575683594], [-0.999970555305481, 0.002274327678605914, -0.007332009728997946, -0.0802764892578125], [0.0, 0.0, 0.0, 1.0]], [[-0.9343769550323486, 0.35344794392585754, -0.04488120973110199, 0.991943359375], [0.03962678834795952, -0.022092770785093307, -0.9989702701568604, 1.5575828552246094], [-0.3540756106376648, -0.9351933002471924, 0.006636965554207563, -0.1163330078125], [0.0, 0.0, 0.0, 1.0]]], "view": [[0.0, -2.0, 100.0], [-2.0, 0.0, 100.0], [0.0, 0.0, 1.0]], "bev": "bev_575d8e57b2de436b805fd6befde3edd7.png", "aux": "aux_575d8e57b2de436b805fd6befde3edd7.npz", "visibility": "visibility_575d8e57b2de436b805fd6befde3edd7.png", "pose": [[-0.7693931460380554, -0.6387755274772644, 0.0, 648.0033569335938], [0.6387755274772644, -0.7693931460380554, 0.0, 1128.2821044921875], [0.0, 0.0, 1.0, 0.0], [0.0, 0.0, 0.0, 1.0]], "pose_inverse": [[-0.7693931460380554, 0.6387755274772644, 0.0, -222.149658203125], [-0.6387755274772644, -0.7693931460380554, 0.0, 1282.021240234375], [0.0, 0.0, 1.0, 0.0], [0.0, 0.0, 0.0, 1.0]], "cam_ids": [0, 1, 2, 3, 4, 5], "cam_channels": ["CAM_FRONT_LEFT", "CAM_FRONT", "CAM_FRONT_RIGHT", "CAM_BACK_LEFT", "CAM_BACK", "CAM_BACK_RIGHT"], "token": "575d8e57b2de436b805fd6befde3edd7", "scene": "scene-0269"}, {"images": ["samples/CAM_FRONT_LEFT/n015-2018-07-11-11-54-16+0800__CAM_FRONT_LEFT__1531281497254844.jpg", "samples/CAM_FRONT/n015-2018-07-11-11-54-16+0800__CAM_FRONT__1531281497263070.jpg", "samples/CAM_FRONT_RIGHT/n015-2018-07-11-11-54-16+0800__CAM_FRONT_RIGHT__1531281497270339.jpg", "samples/CAM_BACK_LEFT/n015-2018-07-11-11-54-16+0800__CAM_BACK_LEFT__1531281497297423.jpg", "samples/CAM_BACK/n015-2018-07-11-11-54-16+0800__CAM_BACK__1531281497287525.jpg", "samples/CAM_BACK_RIGHT/n015-2018-07-11-11-54-16+0800__CAM_BACK_RIGHT__1531281497277893.jpg"], "intrinsics": [[[1272.5979470598488, 0.0, 826.6154927353808], [0.0, 1272.5979470598488, 479.75165386361925], [0.0, 0.0, 1.0]], [[1266.417203046554, 0.0, 816.2670197447984], [0.0, 1266.417203046554, 491.50706579294757], [0.0, 0.0, 1.0]], [[1260.8474446004698, 0.0, 807.968244525554], [0.0, 1260.8474446004698, 495.3344268742088], [0.0, 0.0, 1.0]], [[1256.7414812095406, 0.0, 792.1125740759628], [0.0, 1256.7414812095406, 492.7757465151356], [0.0, 0.0, 1.0]], [[809.2209905677063, 0.0, 829.2196003259838], [0.0, 809.2209905677063, 481.77842384512485], [0.0, 0.0, 1.0]], [[1259.5137405846733, 0.0, 807.2529053838625], [0.0, 1259.5137405846733, 501.19579884916527], [0.0, 0.0, 1.0]]], "extrinsics": [[[0.8221718072891235, -0.5683460831642151, 0.0318773090839386, -0.68304443359375], [0.020161794498562813, -0.026890018954873085, -0.9994350671768188, 1.5151710510253906], [0.568882167339325, 0.822350025177002, -0.010649342089891434, -1.08636474609375], [0.0, 0.0, 0.0, 1.0]], [[0.007776168175041676, -0.9994831681251526, 0.031187910586595535, 0.0079345703125], [0.01491744164377451, -0.03106943517923355, -0.9994059205055237, 1.52471923828125], [0.9998584985733032, 0.008236875757575035, 0.01466812752187252, -1.4138946533203125], [0.0, 0.0, 0.0, 1.0]], [[-0.8316896557807922, -0.5551621913909912, -0.0093331728130579, 0.847930908203125], [0.02055828832089901, -0.013992004096508026, -0.9996907114982605, 1.5082244873046875], [0.5548598766326904, -0.8316243886947632, 0.02305019274353981, -1.124755859375], [0.0, 0.0, 0.0, 1.0]], [[0.9475958347320557, 0.31918492913246155, 0.013527204282581806, -1.1305694580078125], [0.029327331110835075, -0.044747184962034225, -0.9985677599906921, 1.5889053344726562], [-0.3181224465370178, 0.946635365486145, -0.05176309123635292, -0.107421875], [0.0, 0.0, 0.0, 1.0]], [[0.002120525809004903, 0.9993999600410461, -0.03457337245345116, 0.002685546875], [0.0039011414628475904, -0.03458145633339882, -0.9993942379951477, 1.5797119140625], [-0.9999901056289673, 0.001984433736652136, -0.003972132224589586, -0.087310791015625], [0.0, 0.0, 0.0, 1.0]], [[-0.9347243309020996, 0.35301437973976135, -0.040882159024477005, 0.98291015625], [0.03648964315652847, -0.019091913476586342, -0.9991516470909119, 1.5574302673339844], [-0.3534952998161316, -0.9354231357574463, 0.004964310210198164, -0.120849609375], [0.0, 0.0, 0.0, 1.0]]], "view": [[0.0, -2.0, 100.0], [-2.0, 0.0, 100.0], [0.0, 0.0, 1.0]], "bev": "bev_14d8b49233574552ae43c6f49172ea16.png", "aux": "aux_14d8b49233574552ae43c6f49172ea16.npz", "visibility": "visibility_14d8b49233574552ae43c6f49172ea16.png", "pose": [[-0.7493584156036377, -0.662164568901062, 0.0, 645.1214599609375], [0.662164568901062, -0.7493584156036377, 0.0, 1130.7818603515625], [0.0, 0.0, 1.0, 0.0], [0.0, 0.0, 0.0, 1.0]], "pose_inverse": [[-0.7493584156036377, 0.662164568901062, 0.0, -265.33648681640625], [-0.662164568901062, -0.7493584156036377, 0.0, 1274.5374755859375], [0.0, 0.0, 1.0, 0.0], [0.0, 0.0, 0.0, 1.0]], "cam_ids": [0, 1, 2, 3, 4, 5], "cam_channels": ["CAM_FRONT_LEFT", "CAM_FRONT", "CAM_FRONT_RIGHT", "CAM_BACK_LEFT", "CAM_BACK", "CAM_BACK_RIGHT"], "token": "14d8b49233574552ae43c6f49172ea16", "scene": "scene-0269"}, {"images": ["samples/CAM_FRONT_LEFT/n015-2018-07-11-11-54-16+0800__CAM_FRONT_LEFT__1531281497754844.jpg", "samples/CAM_FRONT/n015-2018-07-11-11-54-16+0800__CAM_FRONT__1531281497762460.jpg", "samples/CAM_FRONT_RIGHT/n015-2018-07-11-11-54-16+0800__CAM_FRONT_RIGHT__1531281497770339.jpg", "samples/CAM_BACK_LEFT/n015-2018-07-11-11-54-16+0800__CAM_BACK_LEFT__1531281497797423.jpg", "samples/CAM_BACK/n015-2018-07-11-11-54-16+0800__CAM_BACK__1531281497787525.jpg", "samples/CAM_BACK_RIGHT/n015-2018-07-11-11-54-16+0800__CAM_BACK_RIGHT__1531281497777893.jpg"], "intrinsics": [[[1272.5979470598488, 0.0, 826.6154927353808], [0.0, 1272.5979470598488, 479.75165386361925], [0.0, 0.0, 1.0]], [[1266.417203046554, 0.0, 816.2670197447984], [0.0, 1266.417203046554, 491.50706579294757], [0.0, 0.0, 1.0]], [[1260.8474446004698, 0.0, 807.968244525554], [0.0, 1260.8474446004698, 495.3344268742088], [0.0, 0.0, 1.0]], [[1256.7414812095406, 0.0, 792.1125740759628], [0.0, 1256.7414812095406, 492.7757465151356], [0.0, 0.0, 1.0]], [[809.2209905677063, 0.0, 829.2196003259838], [0.0, 809.2209905677063, 481.77842384512485], [0.0, 0.0, 1.0]], [[1259.5137405846733, 0.0, 807.2529053838625], [0.0, 1259.5137405846733, 501.19579884916527], [0.0, 0.0, 1.0]]], "extrinsics": [[[0.8209075331687927, -0.5698138475418091, 0.03772244229912758, -0.6719970703125], [0.02533002756536007, -0.029659034684300423, -0.9992390871047974, 1.517303466796875], [0.5704990029335022, 0.8212383985519409, -0.009913924150168896, -1.0787353515625], [0.0, 0.0, 0.0, 1.0]], [[0.006148006767034531, -0.9994059205055237, 0.033909574151039124, 0.0081787109375], [0.019980883225798607, -0.033780671656131744, -0.9992295503616333, 1.5264511108398438], [0.9997814297676086, 0.006820849142968655, 0.019761331379413605, -1.399078369140625], [0.0, 0.0, 0.0, 1.0]], [[-0.832244873046875, -0.5542768836021423, -0.012063135392963886, 0.842498779296875], [0.02552836760878563, -0.016577107831835747, -0.9995365738868713, 1.5095100402832031], [0.5538200736045837, -0.8321672081947327, 0.027945999056100845, -1.120849609375], [0.0, 0.0, 0.0, 1.0]], [[0.9475183486938477, 0.3192477226257324, 0.01702255941927433, -1.1351242065429688], [0.033738262951374054, -0.046902451664209366, -0.9983295202255249, 1.5888137817382812], [-0.31791606545448303, 0.9465099573135376, -0.05521180480718613, -0.106201171875], [0.0, 0.0, 0.0, 1.0]], [[0.0026746620424091816, 0.9993160963058472, -0.03688191995024681, 0.0025634765625], [0.008507627993822098, -0