[{"images": ["samples/CAM_FRONT_LEFT/n008-2018-08-29-16-04-13-0400__CAM_FRONT_LEFT__1535573248104799.jpg", "samples/CAM_FRONT/n008-2018-08-29-16-04-13-0400__CAM_FRONT__1535573248112404.jpg", "samples/CAM_FRONT_RIGHT/n008-2018-08-29-16-04-13-0400__CAM_FRONT_RIGHT__1535573248120482.jpg", "samples/CAM_BACK_LEFT/n008-2018-08-29-16-04-13-0400__CAM_BACK_LEFT__1535573248147405.jpg", "samples/CAM_BACK/n008-2018-08-29-16-04-13-0400__CAM_BACK__1535573248137558.jpg", "samples/CAM_BACK_RIGHT/n008-2018-08-29-16-04-13-0400__CAM_BACK_RIGHT__1535573248128113.jpg"], "intrinsics": [[[1257.8625342125129, 0.0, 827.2410631095686], [0.0, 1257.8625342125129, 450.915498205774], [0.0, 0.0, 1.0]], [[1252.8131021185304, 0.0, 826.588114781398], [0.0, 1252.8131021185304, 469.9846626224581], [0.0, 0.0, 1.0]], [[1256.7485116440405, 0.0, 817.7887570959712], [0.0, 1256.7485116440403, 451.9541780095127], [0.0, 0.0, 1.0]], [[1254.9860565800168, 0.0, 829.5769333630991], [0.0, 1254.9860565800168, 467.1680561863987], [0.0, 0.0, 1.0]], [[796.8910634503094, 0.0, 857.7774326863696], [0.0, 796.8910634503094, 476.8848988407415], [0.0, 0.0, 1.0]], [[1249.9629280788233, 0.0, 825.3768045375984], [0.0, 1249.9629280788233, 462.54816385708756], [0.0, 0.0, 1.0]]], "extrinsics": [[[0.8229917287826538, -0.5680531859397888, -0.0005501749110408127, -0.76470947265625], [0.021967168897390366, 0.03279365971684456, -0.9992206692695618, 1.4945526123046875], [0.5676286220550537, 0.8223382830619812, 0.03946743160486221, -1.1715087890625], [0.0, 0.0, 0.0, 1.0]], [[0.011150015518069267, -0.9995319247245789, -0.028486208990216255, 0.010986328125], [0.024012815207242966, 0.02874741703271866, -0.9992982745170593, 1.4858779907226562], [0.9996494054794312, 0.010458212345838547, 0.024322111159563065, -1.4935302734375], [0.0, 0.0, 0.0, 1.0]], [[-0.8433305025100708, -0.5360561609268188, -0.037913624197244644, 0.931640625], [0.03212990239262581, 0.02012893557548523, -0.9992809295654297, 1.4991226196289062], [0.5364339351654053, -0.843942403793335, 0.00024808477610349655, -1.173828125], [0.0, 0.0, 0.0, 1.0]], [[0.9477492570877075, 0.3185235559940338, 0.017724204808473587, -1.12835693359375], [0.0067522297613322735, 0.0355176143348217, -0.9993462562561035, 1.5621490478515625], [-0.3189448118209839, 0.9472492933273315, 0.03151104971766472, -0.16162109375], [0.0, 0.0, 0.0, 1.0]], [[0.008740143850445747, 0.9995696544647217, 0.028000392019748688, -0.029052734375], [0.008839794434607029, 0.027923133224248886, -0.9995709657669067, 1.5687408447265625], [-0.9999226927757263, 0.008983870036900043, -0.008591937832534313, -0.0355224609375], [0.0, 0.0, 0.0, 1.0]], [[-0.9237603545188904, 0.38283786177635193, -0.010090693831443787, 1.030120849609375], [0.013051661662757397, 0.005137700121849775, -0.9999016523361206, 1.5496397018432617], [-0.38274839520454407, -0.9238012433052063, -0.00974267441779375, -0.0958251953125], [0.0, 0.0, 0.0, 1.0]]], "view": [[0.0, -2.0, 100.0], [-2.0, 0.0, 100.0], [0.0, 0.0, 1.0]], "bev": "bev_fb12ed6a30c34cf1a1b484ac9fc55f22.png", "aux": "aux_fb12ed6a30c34cf1a1b484ac9fc55f22.npz", "visibility": "visibility_fb12ed6a30c34cf1a1b484ac9fc55f22.png", "pose": [[-0.7296079397201538, -0.6838656663894653, 0.0, 1341.8428955078125], [0.6838656663894653, -0.7296079397201538, 0.0, 1016.3983154296875], [0.0, 0.0, 1.0, 0.0], [0.0, 0.0, 0.0, 1.0]], "pose_inverse": [[-0.7296079397201538, 0.6838656663894653, 0.0, 283.9393615722656], [-0.6838656663894653, -0.7296079397201538, 0.0, 1659.2125244140625], [0.0, 0.0, 1.0, 0.0], [0.0, 0.0, 0.0, 1.0]], "cam_ids": [0, 1, 2, 3, 4, 5], "cam_channels": ["CAM_FRONT_LEFT", "CAM_FRONT", "CAM_FRONT_RIGHT", "CAM_BACK_LEFT", "CAM_BACK", "CAM_BACK_RIGHT"], "token": "fb12ed6a30c34cf1a1b484ac9fc55f22", "scene": "scene-0704"}, {"images": ["samples/CAM_FRONT_LEFT/n008-2018-08-29-16-04-13-0400__CAM_FRONT_LEFT__1535573248604799.jpg", "samples/CAM_FRONT/n008-2018-08-29-16-04-13-0400__CAM_FRONT__1535573248612404.jpg", "samples/CAM_FRONT_RIGHT/n008-2018-08-29-16-04-13-0400__CAM_FRONT_RIGHT__1535573248620482.jpg", "samples/CAM_BACK_LEFT/n008-2018-08-29-16-04-13-0400__CAM_BACK_LEFT__1535573248647406.jpg", "samples/CAM_BACK/n008-2018-08-29-16-04-13-0400__CAM_BACK__1535573248637558.jpg", "samples/CAM_BACK_RIGHT/n008-2018-08-29-16-04-13-0400__CAM_BACK_RIGHT__1535573248628113.jpg"], "intrinsics": [[[1257.8625342125129, 0.0, 827.2410631095686], [0.0, 1257.8625342125129, 450.915498205774], [0.0, 0.0, 1.0]], [[1252.8131021185304, 0.0, 826.588114781398], [0.0, 1252.8131021185304, 469.9846626224581], [0.0, 0.0, 1.0]], [[1256.7485116440405, 0.0, 817.7887570959712], [0.0, 1256.7485116440403, 451.9541780095127], [0.0, 0.0, 1.0]], [[1254.9860565800168, 0.0, 829.5769333630991], [0.0, 1254.9860565800168, 467.1680561863987], [0.0, 0.0, 1.0]], [[796.8910634503094, 0.0, 857.7774326863696], [0.0, 796.8910634503094, 476.8848988407415], [0.0, 0.0, 1.0]], [[1249.9629280788233, 0.0, 825.3768045375984], [0.0, 1249.9629280788233, 462.54816385708756], [0.0, 0.0, 1.0]]], "extrinsics": [[[0.8211243152618408, -0.5707491040229797, -0.0006164105725474656, -0.78289794921875], [0.021871501579880714, 0.03254522755742073, -0.9992309212684631, 1.4940948486328125], [0.5703301429748535, 0.8204793334007263, 0.039206817746162415, -1.181884765625], [0.0, 0.0, 0.0, 1.0]], [[0.008475885726511478, -0.9995652437210083, -0.02823975495994091, 0.0093994140625], [0.02372375875711441, 0.02843382954597473, -0.9993141293525696, 1.4853858947753906], [0.999682605266571, 0.007800017483532429, 0.023954443633556366, -1.511932373046875], [0.0, 0.0, 0.0, 1.0]], [[-0.8444393873214722, -0.5343520045280457, -0.037283819168806076, 0.944580078125], [0.0316326841711998, 0.019736073911190033, -0.9993047118186951, 1.4985427856445312], [0.5347163081169128, -0.8450316190719604, 0.00023706852516625077, -1.1832275390625], [0.0, 0.0, 0.0, 1.0]], [[0.9478217363357544, 0.3183469772338867, 0.017006730660796165, -1.1300048828125], [0.006231553852558136, 0.03483518213033676, -0.9993736147880554, 1.5621299743652344], [-0.31874001026153564, 0.9473339915275574, 0.031033746898174286, -0.160888671875], [0.0, 0.0, 0.0, 1.0]], [[0.009588551707565784, 0.9995771646499634, 0.027452731505036354, -0.0289306640625], [0.008359115570783615, 0.02737290970981121, -0.999590277671814, 1.568634033203125], [-0.999919056892395, 0.009814118966460228, -0.00809311494231224, -0.026458740234375], [0.0, 0.0, 0.0, 1.0]], [[-0.9231908917427063, 0.38421720266342163, -0.009784063324332237, 1.04217529296875], [0.01254971232265234, 0.004691604524850845, -0.9999102354049683, 1.549407958984375], [-0.384136825799942, -0.9232308268547058, -0.009153059683740139, -0.091552734375], [0.0, 0.0, 0.0, 1.0]]], "view": [[0.0, -2.0, 100.0], [-2.0, 0.0, 100.0], [0.0, 0.0, 1.0]], "bev": "bev_af26d80563be43b2824959dac112a99f.png", "aux": "aux_af26d80563be43b2824959dac112a99f.npz", "visibility": "visibility_af26d80563be43b2824959dac112a99f.png", "pose": [[-0.7379580736160278, -0.6748465895652771, 0.0, 1339.5789794921875], [0.6748465895652771, -0.7379580736160278, 0.0, 1018.5481567382812], [0.0, 0.0, 1.0, 0.0], [0.0, 0.0, 0.0, 1.0]], "pose_inverse": [[-0.7379580736160278, 0.6748465895652771, 0.0, 301.18939208984375], [-0.6748465895652771, -0.7379580736160278, 0.0, 1655.6561279296875], [0.0, 0.0, 1.0, 0.0], [0.0, 0.0, 0.0, 1.0]], "cam_ids": [0, 1, 2, 3, 4, 5], "cam_channels": ["CAM_FRONT_LEFT", "CAM_FRONT", "CAM_FRONT_RIGHT", "CAM_BACK_LEFT", "CAM_BACK", "CAM_BACK_RIGHT"], "token": "af26d80563be43b2824959dac112a99f", "scene": "scene-0704"}, {"images": ["samples/CAM_FRONT_LEFT/n008-2018-08-29-16-04-13-0400__CAM_FRONT_LEFT__1535573249104799.jpg", "samples/CAM_FRONT/n008-2018-08-29-16-04-13-0400__CAM_FRONT__1535573249112404.jpg", "samples/CAM_FRONT_RIGHT/n008-2018-08-29-16-04-13-0400__CAM_FRONT_RIGHT__1535573249120482.jpg", "samples/CAM_BACK_LEFT/n008-2018-08-29-16-04-13-0400__CAM_BACK_LEFT__1535573249147405.jpg", "samples/CAM_BACK/n008-2018-08-29-16-04-13-0400__CAM_BACK__1535573249137558.jpg", "samples/CAM_BACK_RIGHT/n008-2018-08-29-16-04-13-0400__CAM_BACK_RIGHT__1535573249128113.jpg"], "intrinsics": [[[1257.8625342125129, 0.0, 827.2410631095686], [0.0, 1257.8625342125129, 450.915498205774], [0.0, 0.0, 1.0]], [[1252.8131021185304, 0.0, 826.588114781398], [0.0, 1252.8131021185304, 469.9846626224581], [0.0, 0.0, 1.0]], [[1256.7485116440405, 0.0, 817.7887570959712], [0.0, 1256.7485116440403, 451.9541780095127], [0.0, 0.0, 1.0]], [[1254.9860565800168, 0.0, 829.5769333630991], [0.0, 1254.9860565800168, 467.1680561863987], [0.0, 0.0, 1.0]], [[796.8910634503094, 0.0, 857.7774326863696], [0.0, 796.8910634503094, 476.8848988407415], [0.0, 0.0, 1.0]], [[1249.9629280788233, 0.0, 825.3768045375984], [0.0, 1249.9629280788233, 462.54816385708756], [0.0, 0.0, 1.0]]], "extrinsics": [[[0.8214907050132751, -0.5702176094055176, 0.0022227021399885416, -0.78729248046875], [0.022176295518875122, 0.0280530396848917, -0.9993604421615601, 1.4939346313476562], [0.5697905421257019, 0.8210145235061646, 0.03569062054157257, -1.188720703125], [0.0, 0.0, 0.0, 1.0]], [[0.009042180143296719, -0.99968022108078, -0.023612577468156815, 0.01171875], [0.02414552867412567, 0.023824933916330338, -0.9994245767593384, 1.4852790832519531], [0.9996674656867981, 0.008466871455311775, 0.024353237822651863, -1.518463134765625], [0.0, 0.0, 0.0, 1.0]], [[-0.8441787958145142, -0.5349040627479553, -0.03521006926894188, 0.9503173828125], [0.03217444568872452, 0.015006226487457752, -0.9993695616722107, 1.4984359741210938], [0.5350952744483948, -0.8447795510292053, 0.004542300943285227, -1.184326171875], [0.0, 0.0, 0.0, 1.0]], [[0.9476869106292725, 0.31880488991737366, 0.015903973951935768, -1.13616943359375], [0.006763861980289221, 0.0297565720975399, -0.9995342493057251, 1.5620574951171875], [-0.31912973523139954, 0.9473530650138855, 0.026043560355901718, -0.1600341796875], [0.0, 0.0, 0.0, 1.0]], [[0.009392410516738892, 0.9997031092643738, 0.022483965381979942, -0.0302734375], [0.008934421464800835, 0.022400159388780594, -0.9997091293334961, 1.5686225891113281], [-0.9999160766601562, 0.009590575471520424, -0.00872137863188982, -0.023529052734375], [0.0, 0.0, 0.0, 1.0]], [[-0.9233114719390869, 0.38385912775993347, -0.01216205209493637, 1.045654296875], [0.013107716105878353, -0.00015239974891301244, -0.9999140501022339, 1.5494275093078613], [-0.38382798433303833, -0.9233916401863098, -0.004890805575996637, -0.0882568359375], [0.0, 0.0, 0.0, 1.0]]], "view": [[0.0, -2.0, 100.0], [-2.0, 0.0, 100.0], [0.0, 0.0, 1.0]], "bev": "bev_1662ec71669e497db3b0e7c2fa48356f.png", "aux": "aux_1662ec71669e497db3b0e7c2fa48356f.npz", "visibility": "visibility_1662ec71669e497db3b0e7c2fa48356f.png", "pose": [[-0.7568676471710205, -0.6535681486129761, 0.0, 1337.40966796875], [0.6535681486129761, -0.7568676471710205, 0.0, 1020.5172729492188], [0.0, 0.0, 1.0, 0.0], [0.0, 0.0, 0.0, 1.0]], "pose_inverse": [[-0.7568676471710205, 0.6535681486129761, 0.0, 345.2645568847656], [-0.6535681486129761, -0.7568676471710205, 0.0, 1646.48486328125], [0.0, 0.0, 1.0, 0.0], [0.0, 0.0, 0.0, 1.0]], "cam_ids": [0, 1, 2, 3, 4, 5], "cam_channels": ["CAM_FRONT_LEFT", "CAM_FRONT", "CAM_FRONT_RIGHT", "CAM_BACK_LEFT", "CAM_BACK", "CAM_BACK_RIGHT"], "token": "1662ec71669e497db3b0e7c2fa48356f", "scene": "scene-0704"}, {"images": ["samples/CAM_FRONT_LEFT/n008-2018-08-29-16-04-13-0400__CAM_FRONT_LEFT__1535573249654799.jpg", "samples/CAM_FRONT/n008-2018-08-29-16-04-13-0400__CAM_FRONT__1535573249662404.jpg", "samples/CAM_FRONT_RIGHT/n008-2018-08-29-16-04-13-0400__CAM_FRONT_RIGHT__1535573249670482.jpg", "samples/CAM_BACK_LEFT/n008-2018-08-29-16-04-13-0400__CAM_BACK_LEFT__1535573249697405.jpg", "samples/CAM_BACK/n008-2018-08-29-16-04-13-0400__CAM_BACK__1535573249687558.jpg", "samples/CAM_BACK_RIGHT/n008-2018-08-29-16-04-13-0400__CAM_BACK_RIGHT__1535573249678113.jpg"], "intrinsics": [[[1257.8625342125129, 0.0, 827.2410631095686], [0.0, 1257.8625342125129, 450.915498205774], [0.0, 0.0, 1.0]], [[1252.8131021185304, 0.0, 826.588114781398], [0.0, 1252.8131021185304, 469.9846626224581], [0.0, 0.0, 1.0]], [[1256.7485116440405, 0.0, 817.7887570959712], [0.0, 1256.7485116440403, 451.9541780095127], [0.0, 0.0, 1.0]], [[1254.9860565800168, 0.0, 829.5769333630991], [0.0, 1254.9860565800168, 467.1680561863987], [0.0, 0.0, 1.0]], [[796.8910634503094, 0.0, 857.7774326863696], [0.0, 796.8910634503094, 476.8848988407415], [0.0, 0.0, 1.0]], [[1249.9629280788233, 0.0, 825.3768045375984], [0.0, 1249.9629280788233, 462.54816385708756], [0.0, 0.0, 1.0]]], "extrinsics": [[[0.8216500878334045, -0.5699153542518616, 0.00935915857553482, -0.8052978515625], [0.02402026392519474, 0.018215594813227654, -0.9995455145835876, 1.4940414428710938], [0.5694859027862549, 0.8215014934539795, 0.028656363487243652, -1.197998046875], [0.0, 0.0, 0.0, 1.0]], [[0.009278565645217896, -0.999862551689148, -0.013739953748881817, 0.00927734375], [0.02589612454175949, 0.013976202346384525, -0.9995669722557068, 1.48529052734375], [0.999621570110321, 0.008918753825128078, 0.02602224610745907, -1.535736083984375], [0.0, 0.0, 0.0, 1.0]], [[-0.8440632224082947, -0.5353289246559143, -0.03131044656038284, 0.96142578125], [0.03382148593664169, 0.0051270341500639915, -0.9994147419929504, 1.4982795715332031], [0.5351760983467102, -0.8446281552314758, 0.01377807930111885, -1.193603515625], [0.0, 0.0, 0.0, 1.0]], [[0.9478712677955627, 0.31833645701408386, 0.014207679778337479, -1.1376953125], [0.008351974189281464, 0.01975211128592491, -0.9997700452804565, 1.5620956420898438], [-0.3185438811779022, 0.9477720260620117, 0.01606372371315956, -0.1583251953125], [0.0, 0.0, 0.0, 1.0]], [[0.00948070827871561, 0.9998763799667358, 0.012541611678898335, -0.02880859375], [0.010463064536452293, 0.012442294508218765, -0.999867856502533, 1.5686836242675781], [-0.9999004602432251, 0.009610666893422604, -0.010343811474740505, -0.0157470703125], [0.0, 0.0, 0.0, 1.0]], [[-0.923319935798645, 0.3836357593536377, -0.01743105612695217, 1.05694580078125], [0.014690328389406204, -0.010073143057525158, -0.9998413324356079, 1.5494661331176758], [-0.38375043869018555, -0.923429548740387, 0.003664999036118388, -0.0853271484375], [0.0, 0.0, 0.0, 1.0]]], "view": [[0.0, -2.0, 100.0], [-2.0, 0.0, 100.0], [0.0, 0.0, 1.0]], "bev": "bev_924670f5328c49ba8ba355c789c0cb8a.png", "aux": "aux_924670f5328c49ba8ba355c789c0cb8a.npz", "visibility": "visibility_924670f5328c49ba8ba355c789c0cb8a.png", "pose": [[-0.775211751461029, -0.6317014694213867, 0.0, 1335.0626220703125], [0.6317014694213867, -0.775211751461029, 0.0, 1022.5152587890625], [0.0, 0.0, 1.0, 0.0], [0.0, 0.0, 0.0, 1.0]], "pose_inverse": [[-0.775211751461029, 0.6317014694213867, 0.0, 389.03179931640625], [-0.6317014694213867, -0.775211751461029, 0.0, 1636.02685546875], [0.0, 0.0, 1.0, 0.0], [0.0, 0.0, 0.0, 1.0]], "cam_ids": [0, 1, 2, 3, 4, 5], "cam_channels": ["CAM_FRONT_LEFT", "CAM_FRONT", "CAM_FRONT_RIGHT", "CAM_BACK_LEFT", "CAM_BACK", "CAM_BACK_RIGHT"], "token": "924670f5328c49ba8ba355c789c0cb8a", "scene": "scene-0704"}, {"images": ["samples/CAM_FRONT_LEFT/n008-2018-08-29-16-04-13-0400__CAM_FRONT_LEFT__1535573250104799.jpg", "samples/CAM_FRONT/n008-2018-08-29-16-04-13-0400__CAM_FRONT__1535573250112404.jpg", "samples/CAM_FRONT_RIGHT/n008-2018-08-29-16-04-13-0400__CAM_FRONT_RIGHT__1535573250120482.jpg", "samples/CAM_BACK_LEFT/n008-2018-08-29-16-04-13-0400__CAM_BACK_LEFT__1535573250147405.jpg", "samples/CAM_BACK/n008-2018-08-29-16-04-13-0400__CAM_BACK__1535573250137558.jpg", "samples/CAM_BACK_RIGHT/n008-2018-08-29-16-04-13-0400__CAM_BACK_RIGHT__1535573250128113.jpg"], "intrinsics": [[[1257.8625342125129, 0.0, 827.2410631095686], [0.0, 1257.8625342125129, 450.915498205774], [0.0, 0.0, 1.0]], [[1252.8131021185304, 0.0, 826.588114781398], [0.0, 1252.8131021185304, 469.9846626224581], [0.0, 0.0, 1.0]], [[1256.7485116440405, 0.0, 817.7887570959712], [0.0, 1256.7485116440403, 451.9541780095127], [0.0, 0.0, 1.0]], [[1254.9860565800168, 0.0, 829.5769333630991], [0.0, 1254.9860565800168, 467.1680561863987], [0.0, 0.0, 1.0]], [[796.8910634503094, 0.0, 857.7774326863696], [0.0, 796.8910634503094, 476.8848988407415], [0.0, 0.0, 1.0]], [[1249.9629280788233, 0.0, 825.3768045375984], [0.0, 1249.9629280788233, 462.54816385708756], [0.0, 0.0, 1.0]]], "extrinsics": [[[0.8218693137168884, -0.5695769786834717, 0.010625367052853107, -0.81048583984375], [0.024181313812732697, 0.01624542661011219, -0.9995756149291992, 1.4939689636230469], [0.5691626667976379, 0.8217774629592896, 0.027124738320708275, -1.2003173828125], [0.0, 0.0, 0.0, 1.0]], [[0.009550919756293297, -0.9998837113380432, -0.011885845102369785, 0.008056640625], [0.026204632595181465, 0.01213257759809494, -0.9995830059051514, 1.4852409362792969], [0.9996109008789062, 0.00923546589910984, 0.02631746046245098, -1.540679931640625], [0.0, 0.0, 0.0, 1.0]], [[-0.8439581990242004, -0.5355238914489746, -0.03080371581017971, 0.964599609375], [0.03429495915770531, 0.0034394413232803345, -0.9994058012962341, 1.498208999633789], [0.5353115797042847, -0.8445131778717041, 0.015463019721210003, -1.1966552734375], [0.0, 0.0, 0.0, 1.0]], [[0.9477387070655823, 0.3187241554260254, 0.014362175017595291, -1.1416015625], [0.0088009899482131, 0.01888158731162548, -0.9997829794883728, 1.5620613098144531], [-0.31892621517181396, 0.947659432888031, 0.015089720487594604, -0.156982421875], [0.0, 0.0, 0.0, 1.0]], [[0.009242844767868519, 0.9998925924301147, 0.011375068686902523, -0.0284423828125], [0.010981663130223751, 0.011273370124399662, -0.9998761415481567, 1.568674087524414], [-0.9998970627784729, 0.009366622194647789, -0.010876284912228584, -0.0118408203125], [0.0, 0.0, 0.0, 1.0]], [[-0.9233587384223938, 0.38349372148513794, -0.018469756469130516, 1.060791015625], [0.015206407755613327, -0.011539751663804054, -0.9998177886009216, 1.5494613647460938], [-0.3836369514465332, -0.9234713912010193, 0.004823767580091953, -0.0845947265625], [0.0, 0.0, 0.0, 1.0]]], "view": [[0.0, -2.0, 100.0], [-2.0, 0.0, 100.0], [0.0, 0.0, 1.0]], "bev": "bev_3852be0cc4b6457db2b0cb80844aa23f.png", "aux": "aux_3852be0cc4b6457db2b0cb80844aa23f.npz", "visibility": "visibility_3852be0cc4b6457db2b0cb80844aa23f.png", "pose": [[-0.7823024988174438, -0.6228987574577332, 0.0, 1333.1494140625], [0.6228987574577332, -0.7823024988174438, 0.0, 1024.0850830078125], [0.0, 0.0, 1.0, 0.0], [0.0, 0.0, 0.0, 1.0]], "pose_inverse": [[-0.7823024988174438, 0.6228987574577332, 0.0, 405.0247802734375], [-0.6228987574577332, -0.7823024988174438, 0.0, 1631.5614013671875], [0.0, 0.0, 1.0, 0.0], [0.0, 0.0, 0.0, 1.0]], "cam_ids": [0, 1, 2, 3, 4, 5], "cam_channels": ["CAM_FRONT_LEFT", "CAM_FRONT", "CAM_FRONT_RIGHT", "CAM_BACK_LEFT", "CAM_BACK", "CAM_BACK_RIGHT"], "token": "3852be0cc4b6457db2b0cb80844aa23f", "scene": "scene-0704"}, {"images": ["samples/CAM_FRONT_LEFT/n008-2018-08-29-16-04-13-0400__CAM_FRONT_LEFT__1535573250604799.jpg", "samples/CAM_FRONT/n008-2018-08-29-16-04-13-0400__CAM_FRONT__1535573250612404.jpg", "samples/CAM_FRONT_RIGHT/n008-2018-08-29-16-04-13-0400__CAM_FRONT_RIGHT__1535573250620482.jpg", "samples/CAM_BACK_LEFT/n008-2018-08-29-16-04-13-0400__CAM_BACK_LEFT__1535573250647405.jpg", "samples/CAM_BACK/n008-2018-08-29-16-04-13-0400__CAM_BACK__1535573250637558.jpg", "samples/CAM_BACK_RIGHT/n008-2018-08-29-16-04-13-0400__CAM_BACK_RIGHT__1535573250628113.jpg"], "intrinsics": [[[1257.8625342125129, 0.0, 827.2410631095686], [0.0, 1257.8625342125129, 450.915498205774], [0.0, 0.0, 1.0]], [[1252.8131021185304, 0.0, 826.588114781398], [0.0, 1252.8131021185304, 469.9846626224581], [0.0, 0.0, 1.0]], [[1256.7485116440405, 0.0, 817.7887570959712], [0.0, 1256.7485116440403, 451.9541780095127], [0.0, 0.0, 1.0]], [[1254.9860565800168, 0.0, 829.5769333630991], [0.0, 1254.9860565800168, 467.1680561863987], [0.0, 0.0, 1.0]], [[796.8910634503094, 0.0, 857.7774326863696], [0.0, 796.8910634503094, 476.8848988407415], [0.0, 0.0, 1.0]], [[1249.9629280788233, 0.0, 825.3768045375984], [0.0, 1249.9629280788233, 462.54816385708756], [0.0, 0.0, 1.0]]], "extrinsics": [[[0.8225588798522949, -0.5685953497886658, 0.009812109172344208, -0.829833984375], [0.022223198786377907, 0.014898632653057575, -0.999642014503479, 1.4929695129394531], [0.5682455897331238, 0.8224824070930481, 0.02489100955426693, -1.214599609375], [0.0, 0.0, 0.0, 1.0]], [[0.01053613517433405, -0.9998894929885864, -0.010490580461919308, 0.0089111328125], [0.024172425270080566, 0.01074278075248003, -0.9996500611305237, 1.484384536743164], [0.9996522068977356, 0.010278849862515926, 0.024282941594719887, -1.559417724609375], [0.0, 0.0, 0.0, 1.0]], [[-0.8435844779014587, -0.5362533330917358, -0.028242915868759155, 0.9765625], [0.032185494899749756, 0.002008456503972411, -0.9994798898696899, 1.4974479675292969], [0.5360311269760132, -0.8440546989440918, 0.015565275214612484, -1.20361328125], [0.0, 0.0, 0.0, 1.0]], [[0.9477851390838623, 0.3186846971511841, 0.011975188739597797, -1.14276123046875], [0.0068755559623241425, 0.01712224818766117, -0.9998297691345215, 1.5620555877685547], [-0.3188354969024658, 0.9477060437202454, 0.01403707917779684, -0.156494140625], [0.0, 0.0, 0.0, 1.0]], [[0.008978133089840412, 0.9999129176139832, 0.009673121385276318, -0.02880859375], [0.008913339115679264, 0.009593101218342781, -0.9999142289161682, 1.5685100555419922], [-0.9999200105667114, 0.009063628502190113, -0.00882643461227417, -0.006378173828125], [0.0, 0.0, 0.0, 1.0]], [[-0.923617422580719, 0.38293221592903137, -0.0171330776065588, 1.0698394775390625], [0.013118662871420383, -0.013092420063912868, -0.9998282194137573, 1.5491085052490234], [-0.3830907344818115, -0.9236835837364197, 0.007068832404911518, -0.0804443359375], [0.0, 0.0, 0.0, 1.0]]], "view": [[0.0, -2.0, 100.0], [-2.0, 0.0, 100.0], [0.0, 0.0, 1.0]], "bev": "bev_06a116bb79454ae1b06a246a982ab31c.png", "aux": "aux_06a116bb79454ae1b06a246a982ab31c.npz", "visibility": "visibility_06a116bb79454ae1b06a246a982ab31c.png", "pose": [[-0.7863099575042725, -0.6178321838378906, 0.0, 1331.21826171875], [0.6178321838378906, -0.7863099575042725, 0.0, 1025.62939453125], [0.0, 0.0, 1.0, 0.0], [0.0, 0.0, 0.0, 1.0]], "pose_inverse": [[-0.7863099575042725, 0.6178321838378906, 0.0, 413.0833740234375], [-0.6178321838378906, -0.7863099575042725, 0.0, 1628.93212890625], [0.0, 0.0, 1.0, 0.0], [0.0, 0.0, 0.0, 1.0]], "cam_ids": [0, 1, 2, 3, 4, 5], "cam_channels": ["CAM_FRONT_LEFT", "CAM_FRONT", "CAM_FRONT_RIGHT", "CAM_BACK_LEFT", "CAM_BACK", "CAM_BACK_RIGHT"], "token": "06a116bb79454ae1b06a246a982ab31c", "scene": "scene-0704"}, {"images": ["samples/CAM_FRONT_LEFT/n008-2018-08-29-16-04-13-0400__CAM_FRONT_LEFT__1535573251104799.jpg", "samples/CAM_FRONT/n008-2018-08-29-16-04-13-0400__CAM_FRONT__1535573251112404.jpg", "samples/CAM_FRONT_RIGHT/n008-2018-08-29-16-04-13-0400__CAM_FRONT_RIGHT__1535573251120482.jpg", "samples/CAM_BACK_LEFT/n008-2018-08-29-16-04-13-0400__CAM_BACK_LEFT__1535573251147405.jpg", "samples/CAM_BACK/n008-2018-08-29-16-04-13-0400__CAM_BACK__1535573251137558.jpg", "samples/CAM_BACK_RIGHT/n008-2018-08-29-16-04-13-0400__CAM_BACK_RIGHT__1535573251128113.jpg"], "intrinsics": [[[1257.8625342125129, 0.0, 827.2410631095686], [0.0, 1257.8625342125129, 450.915498205774], [0.0, 0.0, 1.0]], [[1252.8131021185304, 0.0, 826.588114781398], [0.0, 1252.8131021185304, 469.9846626224581], [0.0, 0.0, 1.0]], [[1256.7485116440405, 0.0, 817.7887570959712], [0.0, 1256.7485116440403, 451.9541780095127], [0.0, 0.0, 1.0]], [[1254.9860565800168, 0.0, 829.5769333630991], [0.0, 1254.9860565800168, 467.1680561863987], [0.0, 0.0, 1.0]], [[796.8910634503094, 0.0, 857.7774326863696], [0.0, 796.8910634503094, 476.8848988407415], [0.0, 0.0, 1.0]], [[1249.9629280788233, 0.0, 825.3768045375984], [0.0, 1249.9629280788233, 462.54816385708756], [0.0, 0.0, 1.0]]], "extrinsics": [[[0.8231390118598938, -0.5677515864372253, 0.010011550970375538, -0.84637451171875], [0.022446148097515106, 0.014915655367076397, -0.9996367692947388, 1.4926185607910156], [0.5673960447311401, 0.8230647444725037, 0.025021495297551155, -1.22412109375], [0.0, 0.0, 0.0, 1.0]], [[0.011411880142986774, -0.9998791813850403, -0.010546206496655941, 0.0069580078125], [0.02446713112294674, 0.010822955518960953, -0.999642014503479, 1.4840354919433594], [0.9996354579925537, 0.01114971935749054, 0.024587688967585564, -1.576507568359375], [0.0, 0.0, 0.0, 1.0]], [[-0.8431995511054993, -0.5368378162384033, -0.028627725318074226, 0.988037109375], [0.03255913779139519, 0.0021582474000751972, -0.9994674324989319, 1.497030258178711], [0.5366137623786926, -0.8436827063560486, 0.015659144148230553, -1.21240234375], [0.0, 0.0, 0.0, 1.0]], [[0.9477918744087219, 0.31865301728248596, 0.012273271568119526, -1.1431884765625], [0.007111005485057831, 0.017358556389808655, -0.999824047088623, 1.5620460510253906], [-0.31881001591682434, 0.9477124214172363, 0.014186355285346508, -0.1563720703125], [0.0, 0.0, 0.0, 1.0]], [[0.008714218623936176, 0.9999127984046936, 0.00991876982152462, -0.0284423828125], [0.009255345910787582, 0.00983806885778904, -0.9999087452888489, 1.5684776306152344], [-0.9999192953109741, 0.008805206045508385, -0.009168809279799461, -0.00054931640625], [0.0, 0.0, 0.0, 1.0]], [[-0.923803448677063, 0.3824714720249176, -0.017396993935108185, 1.080047607421875], [0.013489427976310253, -0.012896081432700157, -0.9998258352279663, 1.548990249633789], [-0.38262924551963806, -0.9238772392272949, 0.006754123140126467, -0.0772705078125], [0.0, 0.0, 0.0, 1.0]]], "view": [[0.0, -2.0, 100.0], [-2.0, 0.0, 100.0], [0.0, 0.0, 1.0]], "bev": "bev_90db859e924945e0a147a5403878e526.png", "aux": "aux_90db859e924945e0a147a5403878e526.npz", "visibility": "visibility_90db859e924945e0a147a5403878e526.png", "pose": [[-0.7809311747550964, -0.6246170401573181, 0.0, 1329.38818359375], [0.6246170401573181, -0.7809311747550964, 0.0, 1027.105224609375], [0.0, 0.0, 1.0, 0.0], [0.0, 0.0, 0.0, 1.0]], "pose_inverse": [[-0.7809311747550964, 0.6246170401573181, 0.0, 396.6132507324219], [-0.6246170401573181, -0.7809311747550964, 0.0, 1632.45703125], [0.0, 0.0, 1.0, 0.0], [0.0, 0.0, 0.0, 1.0]], "cam_ids": [0, 1, 2, 3, 4, 5], "cam_channels": ["CAM_FRONT_LEFT", "CAM_FRONT", "CAM_FRONT_RIGHT", "CAM_BACK_LEFT", "CAM_BACK", "CAM_BACK_RIGHT"], "token": "90db859e924945e0a147a5403878e526", "scene": "scene-0704"}, {"images": ["samples/CAM_FRONT_LEFT/n008-2018-08-29-16-04-13-0400__CAM_FRONT_LEFT__1535573251604799.jpg", "samples/CAM_FRONT/n008-2018-08-29-16-04-13-0400__CAM_FRONT__1535573251612404.jpg", "samples/CAM_FRONT_RIGHT/n008-2018-08-29-16-04-13-0400__CAM_FRONT_RIGHT__1535573251620482.jpg", "samples/CAM_BACK_LEFT/n008-2018-08-29-16-04-13-0400__CAM_BACK_LEFT__1535573251647405.jpg", "samples/CAM_BACK/n008-2018-08-29-16-04-13-0400__CAM_BACK__1535573251637558.jpg", "samples/CAM_BACK_RIGHT/n008-2018-08-29-16-04-13-0400__CAM_BACK_RIGHT__1535573251628113.jpg"], "intrinsics": [[[1257.8625342125129, 0.0, 827.2410631095686], [0.0, 1257.8625342125129, 450.915498205774], [0.0, 0.0, 1.0]], [[1252.8131021185304, 0.0, 826.588114781398], [0.0, 1252.8131021185304, 469.9846626224581], [0.0, 0.0, 1.0]], [[1256.7485116440405, 0.0, 817.7887570959712], [0.0, 1256.7485116440403, 451.9541780095127], [0.0, 0.0, 1.0]], [[1254.9860565800168, 0.0, 829.5769333630991], [0.0, 1254.9860565800168, 467.1680561863987], [0.0, 0.0, 1.0]], [[796.8910634503094, 0.0, 857.7774326863696], [0.0, 796.8910634503094, 476.8848988407415], [0.0, 0.0, 1.0]], [[1249.9629280788233, 0.0, 825.3768045375984], [0.0, 1249.9629280788233, 462.54816385708756], [0.0, 0.0, 1.0]]], "extrinsics": [[[0.8236010670661926, -0.5670681595802307, 0.010719076730310917, -0.85699462890625], [0.022509250789880753, 0.013796055689454079, -0.9996514320373535, 1.4922771453857422], [0.5667226314544678, 0.8235553503036499, 0.024126727133989334, -1.234375], [0.0, 0.0, 0.0, 1.0]], [[0.011993076652288437, -0.9998844861984253, -0.009329582564532757, 0.0089111328125], [0.024401670321822166, 0.00962013565003872, -0.9996559023857117, 1.4836807250976562], [0.9996302723884583, 0.011761383153498173, 0.024514228105545044, -1.5899658203125], [0.0, 0.0, 0.0, 1.0]], [[-0.8430065512657166, -0.5371866226196289, -0.027758270502090454, 0.99853515625], [0.032356373965740204, 0.0008695158758200705, -0.9994759559631348, 1.4966316223144531], [0.5369292497634888, -0.8434629440307617, 0.01664840243756771, -1.21728515625], [0.0, 0.0, 0.0, 1.0]], [[0.9477946758270264, 0.31867367029190063, 0.011500204913318157, -1.1436767578125], [0.006769747938960791, 0.015947801992297173, -0.9998499155044556, 1.5620460510253906], [-0.31880930066108704, 0.9477302432060242, 0.012957900762557983, -0.156005859375], [0.0, 0.0, 0.0, 1.0]], [[0.008592690341174603, 0.9999269843101501, 0.008499070070683956, -0.0289306640625], [0.009001834318041801, 0.008421690203249454, -0.9999240040779114, 1.5684185028076172], [-0.9999226331710815, 0.008668472990393639, -0.008928813971579075, 0.004180908203125], [0.0, 0.0, 0.0, 1.0]], [[-0.9239063858985901, 0.38220733404159546, -0.017726359888911247, 1.08746337890625], [0.0132830161601305, -0.01426117867231369, -0.9998100996017456, 1.5488739013671875], [-0.38238760828971863, -0.9239664673805237, 0.008099129423499107, -0.0728759765625], [0.0, 0.0, 0.0, 1.0]]], "view": [[0.0, -2.0, 100.0], [-2.0, 0.0, 100.0], [0.0, 0.0, 1.0]], "bev": "bev_5ba58ab5d77b4fe1ab0fe09d686394a5.png", "aux": "aux_5ba58ab5d77b4fe1ab0fe09d686394a5.npz", "visibility": "visibility_5ba58ab5d77b4fe1ab0fe09d686394a5.png", "pose": [[-0.769817590713501, -0.6382639408111572, 0.0, 1327.716064453125], [0.6382639408111572, -0.769817590713501, 0.0, 1028.4873046875], [0.0, 0.0, 1.0, 0.0], [0.0, 0.0, 0.0, 1.0]], "pose_inverse": [[-0.769817590713501, 0.6382639408111572, 0.0, 365.65283203125], [-0.6382639408111572, -0.769817590713501, 0.0, 1639.180908203125], [0.0, 0.0, 1.0, 0.0], [0.0, 0.0, 0.0, 1.0]], "cam_ids": [0, 1, 2, 3, 4, 5], "cam_channels": ["CAM_FRONT_LEFT", "CAM_FRONT", "CAM_FRONT_RIGHT", "CAM_BACK_LEFT", "CAM_BACK", "CAM_BACK_RIGHT"], "token": "5ba58ab5d77b4fe1ab0fe09d686394a5", "scene": "scene-0704"}, {"images": ["samples/CAM_FRONT_LEFT/n008-2018-08-29-16-04-13-0400__CAM_FRONT_LEFT__1535573252154799.jpg", "samples/CAM_FRONT/n008-2018-08-29-16-04-13-0400__CAM_FRONT__1535573252162404.jpg", "samples/CAM_FRONT_RIGHT/n008-2018-08-29-16-04-13-0400__CAM_FRONT_RIGHT__1535573252170482.jpg", "samples/CAM_BACK_LEFT/n008-2018-08-29-16-04-13-0400__CAM_BACK_LEFT__1535573252197405.jpg", "samples/CAM_BACK/n008-2018-08-29-16-04-13-0400__CAM_BACK__1535573252187558.jpg", "samples/CAM_BACK_RIGHT/n008-2018-08-29-16-04-13-0400__CAM_BACK_RIGHT__1535573252178113.jpg"], "intrinsics": [[[1257.8625342125129, 0.0, 827.2410631095686], [0.0, 1257.8625342125129, 450.915498205774], [0.0, 0.0, 1.0]], [[1252.8131021185304, 0.0, 826.588114781398], [0.0, 1252.8131021185304, 469.9846626224581], [0.0, 0.0, 1.0]], [[1256.7485116440405, 0.0, 817.7887570959712], [0.0, 1256.7485116440403, 451.9541780095127], [0.0, 0.0, 1.0]], [[1254.9860565800168, 0.0, 829.5769333630991], [0.0, 1254.9860565800168, 467.1680561863987], [0.0, 0.0, 1.0]], [[796.8910634503094, 0.0, 857.7774326863696], [0.0, 796.8910634503094, 476.8848988407415], [0.0, 0.0, 1.0]], [[1249.9629280788233, 0.0, 825.3768045375984], [0.0, 1249.9629280788233, 462.54816385708756], [0.0, 0.0, 1.0]]], "extrinsics": [[[0.8235599398612976, -0.5670949220657349, 0.01234691496938467, -0.86700439453125], [0.020840052515268326, 0.00849812850356102, -0.9997467398643494, 1.4917354583740234], [0.5668463110923767, 0.8236086368560791, 0.018817005679011345, -1.2412109375], [0.0, 0.0, 0.0, 1.0]], [[0.01195283979177475, -0.9999201893806458, -0.00408095633611083, 0.0089111328125], [0.022799119353294373, 0.004352718126028776, -0.99973064661026, 1.4832735061645508], [0.9996685981750488, 0.011856555938720703, 0.022849328815937042, -1.597991943359375], [0.0, 0.0, 0.0, 1.0]], [[-0.8430379629135132, -0.5373358130455017, -0.02360416203737259, 1.00244140625], [0.030785083770751953, -0.0043925023637712, -0.9995163679122925, 1.4963276386260986], [0.5369722843170166, -0.8433569073677063, 0.02024497464299202, -1.2196044921875], [0.0, 0.0, 0.0, 1.0]], [[0.9478074908256531, 0.31873324513435364, 0.008365252986550331, -1.1427001953125], [0.005266702733933926, 0.010582036338746548, -0.9999301433563232, 1.5620498657226562], [-0.3187994956970215, 0.9477853775024414, 0.008351060561835766, -0.156494140625], [0.0, 0.0, 0.0, 1.0]], [[0.008609291166067123, 0.9999578595161438, 0.003162565641105175, -0.0289306640625], [0.0074089751578867435, 0.0030988077633082867, -0.9999677538871765, 1.568352222442627], [-0.9999355673789978, 0.00863245315849781, -0.007381986360996962, 0.00494384765625], [0.0, 0.0, 0.0, 1.0]], [[-0.9239358901977539, 0.38211119174957275, -0.01825958862900734, 1.090118408203125], [0.011674843728542328, -0.019544174894690514, -0.9997408390045166, 1.5487174987792969], [-0.38236895203590393, -0.923909604549408, 0.013596479780972004, -0.07177734375], [0.0, 0.0, 0.0, 1.0]]], "view": [[0.0, -2.0, 100.0], [-2.0, 0.0, 100.0], [0.0, 0.0, 1.0]], "bev": "bev_c281f944b0734921b7da198c6c0aecc1.png", "aux": "aux_c281f944b0734921b7da198c6c0aecc1.npz", "visibility": "visibility_c281f944b0734921b7da198c6c0aecc1.png", "pose": [[-0.7569200396537781, -0.6535074710845947, 0.0, 1326.0977783203125], [0.6535074710845947, -0.7569200396537781, 0.0, 1029.8848876953125], [0.0, 0.0, 1.0, 0.0], [0.0, 0.0, 0.0, 1.0]], "pose_inverse": [[-0.7569200396537781, 0.6535074710845947, 0.0, 330.7124938964844], [-0.6535074710845947, -0.7569200396537781, 0.0, 1646.1553955078125], [0.0, 0.0, 1.0, 0.0], [0.0, 0.0, 0.0, 1.0]], "cam_ids": [0, 1, 2, 3, 4, 5], "cam_channels": ["CAM_FRONT_LEFT", "CAM_FRONT", "CAM_FRONT_RIGHT", "CAM_BACK_LEFT", "CAM_BACK", "CAM_BACK_RIGHT"], "token": "c281f944b0734921b7da198c6c0aecc1", "scene": "scene-0704"}, {"images": ["samples/CAM_FRONT_LEFT/n008-2018-08-29-16-04-13-0400__CAM_FRONT_LEFT__1535573252654799.jpg", "samples/CAM_FRONT/n008-2018-08-29-16-04-13-0400__CAM_FRONT__1535573252662404.jpg", "samples/CAM_FRONT_RIGHT/n008-2018-08-29-16-04-13-0400__CAM_FRONT_RIGHT__1535573252670482.jpg", "samples/CAM_BACK_LEFT/n008-2018-08-29-16-04-13-0400__CAM_BACK_LEFT__1535573252697405.jpg", "samples/CAM_BACK/n008-2018-08-29-16-04-13-0400__CAM_BACK__1535573252687558.jpg", "samples/CAM_BACK_RIGHT/n008-2018-08-29-16-04-13-0400__CAM_BACK_RIGHT__1535573252678113.jpg"], "intrinsics": [[[1257.8625342125129, 0.0, 827.2410631095686], [0.0, 1257.8625342125129, 450.915498205774], [0.0, 0.0, 1.0]], [[1252.8131021185304, 0.0, 826.588114781398], [0.0, 1252.8131021185304, 469.9846626224581], [0.0, 0.0, 1.0]], [[1256.7485116440405, 0.0, 817.7887570959712], [0.0, 1256.7485116440403, 451.9541780095127], [0.0, 0.0, 1.0]], [[1254.9860565800168, 0.0, 829.5769333630991], [0.0, 1254.9860565800168, 467.1680561863987], [0.0, 0.0, 1.0]], [[796.8910634503094, 0.0, 857.7774326863696], [0.0, 796.8910634503094, 476.8848988407415], [0.0, 0.0, 1.0]], [[1249.9629280788233, 0.0, 825.3768045375984], [0.0, 1249.9629280788233, 462.54816385708756], [0.0, 0.0, 1.0]]], "extrinsics": [[[0.8230546116828918, -0.5677565932273865, 0.015285346657037735, -0.88458251953125], [0.022561365738511086, 0.005791279021650553, -0.9997286796569824, 1.4915847778320312], [0.5675140023231506, 0.8231762051582336, 0.017575901001691818, -1.2508544921875], [0.0, 0.0, 0.0, 1.0]], [[0.011246757581830025, -0.9999358654022217, -0.001347347511909902, 0.0072021484375], [0.0245050098747015, 0.0016226477455347776, -0.9996984004974365, 1.483078956604004], [0.9996364116668701, 0.011210299097001553, 0.024521686136722565, -1.61572265625], [0.0, 0.0, 0.0, 1.0]], [[-0.8432928323745728, -0.5369337797164917, -0.02365132048726082, 1.013427734375], [0.03258002921938896, -0.007144911680370569, -0.9994435906410217, 1.4960609674453735], [0.5364660620689392, -0.8435941934585571, 0.02351856790482998, -1.228271484375], [0.0, 0.0, 0.0, 1.0]], [[0.9478057622909546, 0.318706750869751, 0.009510010480880737, -1.14373779296875], [0.007426750380545855, 0.0077511584386229515, -0.999942421913147, 1.5620450973510742], [-0.3187620937824249, 0.9478216767311096, 0.004979636520147324, -0.15625], [0.0, 0.0, 0.0, 1.0]], [[0.00883866660296917, 0.9999608397483826, 0.00039606212521903217, -0.028564453125], [0.00949347298592329, 0.00031214600312523544, -0.999954879283905, 1.5683798789978027], [-0.9999159574508667, 0.008842064067721367, -0.009490341879427433, 0.01080322265625], [0.0, 0.0, 0.0, 1.0]], [[-0.9237428307533264, 0.3824310600757599, -0.021110383793711662, 1.10028076171875], [0.013610981404781342, -0.02230500988662243, -0.9996585249900818, 1.5487079620361328], [-0.3827713131904602, -0.9237147569656372, 0.015398831106722355, -0.068603515625], [0.0, 0.0, 0.0, 1.0]]], "view": [[0.0, -2.0, 100.0], [-2.0, 0.0, 100.0], [0.0, 0.0, 1.0]], "bev": "bev_7852c42e7a36445eb4164dcc204575a5.png", "aux": "aux_7852c42e7a36445eb4164dcc204575a5.npz", "visibility": "visibility_7852c42e7a36445eb4164dcc204575a5.png", "pose": [[-0.7474046945571899, -0.6643690466880798, 0.0, 1324.7059326171875], [0.6643690466880798, -0.7474046945571899, 0.0, 1031.120849609375], [0.0, 0.0, 1.0, 0.0], [0.0, 0.0, 0.0, 1.0]], "pose_inverse": [[-0.7474046945571899, 0.6643690466880798, 0.0, 305.046630859375], [-0.6643690466880798, -0.7474046945571899, 0.0, 1650.7581787109375], [0.0, 0.0, 1.0, 0.0], [0.0, 0.0, 0.0, 1.0]], "cam_ids": [0, 1, 2, 3, 4, 5], "cam_channels": ["CAM_FRONT_LEFT", "CAM_FRONT", "CAM_FRONT_RIGHT", "CAM_BACK_LEFT", "CAM_BACK", "CAM_BACK_RIGHT"], "token": "7852c42e7a36445eb4164dcc204575a5", "scene": "scene-0704"}, {"images": ["samples/CAM_FRONT_LEFT/n008-2018-08-29-16-04-13-0400__CAM_FRONT_LEFT__1535573253154799.jpg", "samples/CAM_FRONT/n008-2018-08-29-16-04-13-0400__CAM_FRONT__1535573253162404.jpg", "samples/CAM_FRONT_RIGHT/n008-2018-08-29-16-04-13-0400__CAM_FRONT_RIGHT__1535573253170482.jpg", "samples/CAM_BACK_LEFT/n008-2018-08-29-16-04-13-0400__CAM_BACK_LEFT__1535573253197405.jpg", "samples/CAM_BACK/n008-2018-08-29-16-04-13-0400__CAM_BACK__1535573253187558.jpg", "samples/CAM_BACK_RIGHT/n008-2018-08-29-16-04-13-0400__CAM_BACK_RIGHT__1535573253178113.jpg"], "intrinsics": [[[1257.8625342125129, 0.0, 827.2410631095686], [0.0, 1257.8625342125129, 450.915498205774], [0.0, 0.0, 1.0]], [[1252.8131021185304, 0.0, 826.588114781398], [0.0, 1252.8131021185304, 469.9846626224581], [0.0, 0.0, 1.0]], [[1256.7485116440405, 0.0, 817.7887570959712], [0.0, 1256.7485116440403, 451.9541780095127], [0.0, 0.0, 1.0]], [[1254.9860565800168, 0.0, 829.5769333630991], [0.0, 1254.9860565800168, 467.1680561863987], [0.0, 0.0, 1.0]], [[796.8910634503094, 0.0, 857.7774326863696], [0.0, 796.8910634503094, 476.8848988407415], [0.0, 0.0, 1.0]], [[1249.9629280788233, 0.0, 825.3768045375984], [0.0, 1249.9629280788233, 462.54816385708756], [0.0, 0.0, 1.0]]], "extrinsics": [[[0.8227626085281372, -0.5680606961250305, 0.019204122945666313, -0.88037109375], [0.025867411866784096, 0.0036706861574202776, -0.9996586441993713, 1.4921903610229492], [0.5677962899208069, 0.8229784369468689, 0.0177143644541502, -1.2486572265625], [0.0, 0.0, 0.0, 1.0]], [[0.010913184843957424, -0.999940037727356, 0.0008190826629288495, 0.0076904296875], [0.027839386835694313, -0.0005149788339622319, -0.9996122717857361, 1.4836111068725586], [0.9995527863502502, 0.01093185506761074, 0.027832098305225372, -1.611114501953125], [0.0, 0.0, 0.0, 1.0]], [[-0.8433522582054138, -0.5367645621299744, -0.025313176214694977, 1.0107421875], [0.0359007753431797, -0.00928010605275631, -0.9993122816085815, 1.4964962005615234], [0.5361604690551758, -0.8436810374259949, 0.027096662670373917, -1.225830078125], [0.0, 0.0, 0.0, 1.0]], [[0.9477667212486267, 0.31874462962150574, 0.011830602772533894, -1.1439208984375], [0.01059093326330185, 0.005622109863907099, -0.9999281167984009, 1.5620412826538086], [-0.31878823041915894, 0.9478238821029663, 0.0019526458345353603, -0.156005859375], [0.0, 0.0, 0.0, 1.0]], [[0.008933310396969318, 0.9999586343765259, -0.0017055204370990396, -0.02880859375], [0.012709103524684906, -0.0018189887050539255, -0.9999175667762756, 1.5685046911239624], [-0.9998793005943298, 0.008910823613405228, -0.01