[{"images": ["samples/CAM_FRONT_LEFT/n015-2018-11-14-18-57-54+0800__CAM_FRONT_LEFT__1542193601504844.jpg", "samples/CAM_FRONT/n015-2018-11-14-18-57-54+0800__CAM_FRONT__1542193601512460.jpg", "samples/CAM_FRONT_RIGHT/n015-2018-11-14-18-57-54+0800__CAM_FRONT_RIGHT__1542193601520339.jpg", "samples/CAM_BACK_LEFT/n015-2018-11-14-18-57-54+0800__CAM_BACK_LEFT__1542193601547423.jpg", "samples/CAM_BACK/n015-2018-11-14-18-57-54+0800__CAM_BACK__1542193601537525.jpg", "samples/CAM_BACK_RIGHT/n015-2018-11-14-18-57-54+0800__CAM_BACK_RIGHT__1542193601527893.jpg"], "intrinsics": [[[1272.5979470598488, 0.0, 826.6154927353808], [0.0, 1272.5979470598488, 479.75165386361925], [0.0, 0.0, 1.0]], [[1266.417203046554, 0.0, 816.2670197447984], [0.0, 1266.417203046554, 491.50706579294757], [0.0, 0.0, 1.0]], [[1260.8474446004698, 0.0, 807.968244525554], [0.0, 1260.8474446004698, 495.3344268742088], [0.0, 0.0, 1.0]], [[1256.7414812095406, 0.0, 792.1125740759628], [0.0, 1256.7414812095406, 492.7757465151356], [0.0, 0.0, 1.0]], [[809.2209905677063, 0.0, 829.2196003259838], [0.0, 809.2209905677063, 481.77842384512485], [0.0, 0.0, 1.0]], [[1259.5137405846733, 0.0, 807.2529053838625], [0.0, 1259.5137405846733, 501.19579884916527], [0.0, 0.0, 1.0]]], "extrinsics": [[[0.8186194896697998, -0.5743069052696228, 0.005793640855699778, -0.68560791015625], [-0.014592618681490421, -0.030882546678185463, -0.9994164705276489, 1.5033950805664062], [0.574150800704956, 0.8180572986602783, -0.033661697059869766, -1.0882568359375], [0.0, 0.0, 0.0, 1.0]], [[0.0028300283011049032, -0.9993849992752075, 0.03495045751333237, 0.0081787109375], [-0.01989966630935669, -0.03499996289610863, -0.9991891980171204, 1.5150604248046875], [0.9997978806495667, 0.0021322141401469707, -0.019986480474472046, -1.41339111328125], [0.0, 0.0, 0.0, 1.0]], [[-0.8342152833938599, -0.5510101914405823, 0.021738354116678238, 0.8519287109375], [-0.01423382293432951, -0.017891859635710716, -0.9997385740280151, 1.5005722045898438], [0.5512551069259644, -0.8343066573143005, 0.007082683499902487, -1.1279296875], [0.0, 0.0, 0.0, 1.0]], [[0.9475855827331543, 0.31882625818252563, -0.02076994627714157, -1.13983154296875], [-0.00556566845625639, -0.04852551594376564, -0.9988064169883728, 1.588531494140625], [-0.31945356726646423, 0.9465701580047607, -0.04420759528875351, -0.104248046875], [0.0, 0.0, 0.0, 1.0]], [[0.003043713280931115, 0.9992554783821106, -0.03846251219511032, 0.0029296875], [-0.031007874757051468, -0.038349881768226624, -0.9987831711769104, 1.5768508911132812], [-0.9995144009590149, 0.004232661798596382, 0.030868062749505043, -0.07891845703125], [0.0, 0.0, 0.0, 1.0]], [[-0.934245765209198, 0.35649722814559937, -0.00972382165491581, 0.988800048828125], [0.0016331515507772565, -0.022988885641098022, -0.9997344017028809, 1.5517196655273438], [-0.35662609338760376, -0.9340134859085083, 0.020895052701234818, -0.118896484375], [0.0, 0.0, 0.0, 1.0]]], "view": [[0.0, -2.0, 100.0], [-2.0, 0.0, 100.0], [0.0, 0.0, 1.0]], "bev": "bev_70b301366c4642b095fc4f05132c1648.png", "aux": "aux_70b301366c4642b095fc4f05132c1648.npz", "visibility": "visibility_70b301366c4642b095fc4f05132c1648.png", "pose": [[0.8850420117378235, 0.46551111340522766, 0.0, 1164.516357421875], [-0.46551111340522766, 0.8850420117378235, 0.0, 1657.9715576171875], [0.0, 0.0, 1.0, 0.0], [0.0, 0.0, 0.0, 1.0]], "pose_inverse": [[0.8850420117378235, -0.46551111340522766, 0.0, -258.8417663574219], [0.46551111340522766, 0.8850420117378235, 0.0, -2009.4698486328125], [0.0, 0.0, 1.0, 0.0], [0.0, 0.0, 0.0, 1.0]], "cam_ids": [0, 1, 2, 3, 4, 5], "cam_channels": ["CAM_FRONT_LEFT", "CAM_FRONT", "CAM_FRONT_RIGHT", "CAM_BACK_LEFT", "CAM_BACK", "CAM_BACK_RIGHT"], "token": "70b301366c4642b095fc4f05132c1648", "scene": "scene-1010"}, {"images": ["samples/CAM_FRONT_LEFT/n015-2018-11-14-18-57-54+0800__CAM_FRONT_LEFT__1542193602104844.jpg", "samples/CAM_FRONT/n015-2018-11-14-18-57-54+0800__CAM_FRONT__1542193602112460.jpg", "samples/CAM_FRONT_RIGHT/n015-2018-11-14-18-57-54+0800__CAM_FRONT_RIGHT__1542193602120339.jpg", "samples/CAM_BACK_LEFT/n015-2018-11-14-18-57-54+0800__CAM_BACK_LEFT__1542193602147423.jpg", "samples/CAM_BACK/n015-2018-11-14-18-57-54+0800__CAM_BACK__1542193602137525.jpg", "samples/CAM_BACK_RIGHT/n015-2018-11-14-18-57-54+0800__CAM_BACK_RIGHT__1542193602127893.jpg"], "intrinsics": [[[1272.5979470598488, 0.0, 826.6154927353808], [0.0, 1272.5979470598488, 479.75165386361925], [0.0, 0.0, 1.0]], [[1266.417203046554, 0.0, 816.2670197447984], [0.0, 1266.417203046554, 491.50706579294757], [0.0, 0.0, 1.0]], [[1260.8474446004698, 0.0, 807.968244525554], [0.0, 1260.8474446004698, 495.3344268742088], [0.0, 0.0, 1.0]], [[1256.7414812095406, 0.0, 792.1125740759628], [0.0, 1256.7414812095406, 492.7757465151356], [0.0, 0.0, 1.0]], [[809.2209905677063, 0.0, 829.2196003259838], [0.0, 809.2209905677063, 481.77842384512485], [0.0, 0.0, 1.0]], [[1259.5137405846733, 0.0, 807.2529053838625], [0.0, 1259.5137405846733, 501.19579884916527], [0.0, 0.0, 1.0]]], "extrinsics": [[[0.8187898993492126, -0.5740368962287903, 0.008045333437621593, -0.68206787109375], [-0.014752262271940708, -0.03504743054509163, -0.9992767572402954, 1.5033035278320312], [0.5739036202430725, 0.8180790543556213, -0.03716482222080231, -1.0858154296875], [0.0, 0.0, 0.0, 1.0]], [[0.0030691633000969887, -0.9992295503616333, 0.03912454470992088, 0.0084228515625], [-0.020091712474822998, -0.03917844966053963, -0.9990302920341492, 1.5149307250976562], [0.9997934103012085, 0.002280116081237793, -0.02019648067653179, -1.409210205078125], [0.0, 0.0, 0.0, 1.0]], [[-0.8341215252876282, -0.551047682762146, 0.02424331195652485, 0.8487548828125], [-0.014464116655290127, -0.02208526059985161, -0.9996514320373535, 1.5004768371582031], [0.5513910055160522, -0.8341814279556274, 0.010451375506818295, -1.12548828125], [0.0, 0.0, 0.0, 1.0]], [[0.9476762413978577, 0.31845059990882874, -0.02233685739338398, -1.139892578125], [-0.005902681965380907, -0.05247864872217178, -0.9986045956611633, 1.5884780883789062], [-0.31917843222618103, 0.9464856386184692, -0.04785305634140968, -0.1033935546875], [0.0, 0.0, 0.0, 1.0]], [[0.0031196242198348045, 0.9990889430046082, -0.04256400465965271, 0.0032958984375], [-0.031310152262449265, -0.042445749044418335, -0.9986080527305603, 1.576751708984375], [-0.9995049238204956, 0.004447968676686287, 0.031149208545684814, -0.08135986328125], [0.0, 0.0, 0.0, 1.0]], [[-0.9342809915542603, 0.35636863112449646, -0.010970366187393665, 0.985015869140625], [0.0013780196895822883, -0.02715965546667576, -0.9996301531791687, 1.55169677734375], [-0.35653483867645264, -0.9339505434036255, 0.02488366700708866, -0.1202392578125], [0.0, 0.0, 0.0, 1.0]]], "view": [[0.0, -2.0, 100.0], [-2.0, 0.0, 100.0], [0.0, 0.0, 1.0]], "bev": "bev_cb727c6dbe3740deb2f99d0c98ca59a4.png", "aux": "aux_cb727c6dbe3740deb2f99d0c98ca59a4.npz", "visibility": "visibility_cb727c6dbe3740deb2f99d0c98ca59a4.png", "pose": [[0.9093256592750549, 0.4160850942134857, 0.0, 1168.9229736328125], [-0.4160850942134857, 0.9093256592750549, 0.0, 1655.7589111328125], [0.0, 0.0, 1.0, 0.0], [0.0, 0.0, 0.0, 1.0]], "pose_inverse": [[0.9093256592750549, -0.4160850942134857, 0.0, -373.99505615234375], [0.4160850942134857, 0.9093256592750549, 0.0, -1991.9954833984375], [0.0, 0.0, 1.0, 0.0], [0.0, 0.0, 0.0, 1.0]], "cam_ids": [0, 1, 2, 3, 4, 5], "cam_channels": ["CAM_FRONT_LEFT", "CAM_FRONT", "CAM_FRONT_RIGHT", "CAM_BACK_LEFT", "CAM_BACK", "CAM_BACK_RIGHT"], "token": "cb727c6dbe3740deb2f99d0c98ca59a4", "scene": "scene-1010"}, {"images": ["samples/CAM_FRONT_LEFT/n015-2018-11-14-18-57-54+0800__CAM_FRONT_LEFT__1542193602654844.jpg", "samples/CAM_FRONT/n015-2018-11-14-18-57-54+0800__CAM_FRONT__1542193602662460.jpg", "samples/CAM_FRONT_RIGHT/n015-2018-11-14-18-57-54+0800__CAM_FRONT_RIGHT__1542193602670339.jpg", "samples/CAM_BACK_LEFT/n015-2018-11-14-18-57-54+0800__CAM_BACK_LEFT__1542193602697423.jpg", "samples/CAM_BACK/n015-2018-11-14-18-57-54+0800__CAM_BACK__1542193602687525.jpg", "samples/CAM_BACK_RIGHT/n015-2018-11-14-18-57-54+0800__CAM_BACK_RIGHT__1542193602677893.jpg"], "intrinsics": [[[1272.5979470598488, 0.0, 826.6154927353808], [0.0, 1272.5979470598488, 479.75165386361925], [0.0, 0.0, 1.0]], [[1266.417203046554, 0.0, 816.2670197447984], [0.0, 1266.417203046554, 491.50706579294757], [0.0, 0.0, 1.0]], [[1260.8474446004698, 0.0, 807.968244525554], [0.0, 1260.8474446004698, 495.3344268742088], [0.0, 0.0, 1.0]], [[1256.7414812095406, 0.0, 792.1125740759628], [0.0, 1256.7414812095406, 492.7757465151356], [0.0, 0.0, 1.0]], [[809.2209905677063, 0.0, 829.2196003259838], [0.0, 809.2209905677063, 481.77842384512485], [0.0, 0.0, 1.0]], [[1259.5137405846733, 0.0, 807.2529053838625], [0.0, 1259.5137405846733, 501.19579884916527], [0.0, 0.0, 1.0]]], "extrinsics": [[[0.818564236164093, -0.57437664270401, 0.006630877964198589, -0.66552734375], [-0.015032339841127396, -0.03296000882983208, -0.9993436336517334, 1.5029678344726562], [0.574218213558197, 0.8179272413253784, -0.03561411052942276, -1.0762939453125], [0.0, 0.0, 0.0, 1.0]], [[0.0027414450887590647, -0.9993212223052979, 0.03673563525080681, 0.0098876953125], [-0.02027309499680996, -0.03678376227617264, -0.9991176128387451, 1.5146408081054688], [0.9997907280921936, 0.0019942636135965586, -0.020360175520181656, -1.39398193359375], [0.0, 0.0, 0.0, 1.0]], [[-0.8342254161834717, -0.5509518384933472, 0.0228031724691391, 0.8404541015625], [-0.014534449204802513, -0.01936916448175907, -0.9997067451477051, 1.5003318786621094], [0.5512319207191467, -0.8343121409416199, 0.008150465786457062, -1.1177978515625], [0.0, 0.0, 0.0, 1.0]], [[0.9477740526199341, 0.3182410001754761, -0.02114136330783367, -1.1341552734375], [-0.005771095864474773, -0.04916321486234665, -0.9987740516662598, 1.5885009765625], [-0.31889021396636963, 0.9467341303825378, -0.04475902020931244, -0.1065673828125], [0.0, 0.0, 0.0, 1.0]], [[0.00331066083163023, 0.9992192387580872, -0.039369869977235794, 0.0015869140625], [-0.031240107491612434, -0.03924752026796341, -0.998741090297699, 1.5765914916992188], [-0.999506413936615, 0.004536407999694347, 0.03108578361570835, -0.08837890625], [0.0, 0.0, 0.0, 1.0]], [[-0.9342334270477295, 0.3565245270729065, -0.009907455183565617, 0.97650146484375], [0.001366249518468976, -0.024200715124607086, -0.9997061491012573, 1.5517425537109375], [-0.35665953159332275, -0.9339724779129028, 0.022122012451291084, -0.1217041015625], [0.0, 0.0, 0.0, 1.0]]], "view": [[0.0, -2.0, 100.0], [-2.0, 0.0, 100.0], [0.0, 0.0, 1.0]], "bev": "bev_d419808b0a1c472686194fd6e306d1cc.png", "aux": "aux_d419808b0a1c472686194fd6e306d1cc.npz", "visibility": "visibility_d419808b0a1c472686194fd6e306d1cc.png", "pose": [[0.9250581860542297, 0.3798253834247589, 0.0, 1173.1434326171875], [-0.3798253834247589, 0.9250581860542297, 0.0, 1653.875], [0.0, 0.0, 1.0, 0.0], [0.0, 0.0, 0.0, 1.0]], "pose_inverse": [[0.9250581860542297, -0.3798253834247589, 0.0, -457.0422668457031], [0.3798253834247589, 0.9250581860542297, 0.0, -1975.520263671875], [0.0, 0.0, 1.0, 0.0], [0.0, 0.0, 0.0, 1.0]], "cam_ids": [0, 1, 2, 3, 4, 5], "cam_channels": ["CAM_FRONT_LEFT", "CAM_FRONT", "CAM_FRONT_RIGHT", "CAM_BACK_LEFT", "CAM_BACK", "CAM_BACK_RIGHT"], "token": "d419808b0a1c472686194fd6e306d1cc", "scene": "scene-1010"}, {"images": ["samples/CAM_FRONT_LEFT/n015-2018-11-14-18-57-54+0800__CAM_FRONT_LEFT__1542193603154844.jpg", "samples/CAM_FRONT/n015-2018-11-14-18-57-54+0800__CAM_FRONT__1542193603162470.jpg", "samples/CAM_FRONT_RIGHT/n015-2018-11-14-18-57-54+0800__CAM_FRONT_RIGHT__1542193603170339.jpg", "samples/CAM_BACK_LEFT/n015-2018-11-14-18-57-54+0800__CAM_BACK_LEFT__1542193603197423.jpg", "samples/CAM_BACK/n015-2018-11-14-18-57-54+0800__CAM_BACK__1542193603187525.jpg", "samples/CAM_BACK_RIGHT/n015-2018-11-14-18-57-54+0800__CAM_BACK_RIGHT__1542193603177893.jpg"], "intrinsics": [[[1272.5979470598488, 0.0, 826.6154927353808], [0.0, 1272.5979470598488, 479.75165386361925], [0.0, 0.0, 1.0]], [[1266.417203046554, 0.0, 816.2670197447984], [0.0, 1266.417203046554, 491.50706579294757], [0.0, 0.0, 1.0]], [[1260.8474446004698, 0.0, 807.968244525554], [0.0, 1260.8474446004698, 495.3344268742088], [0.0, 0.0, 1.0]], [[1256.7414812095406, 0.0, 792.1125740759628], [0.0, 1256.7414812095406, 492.7757465151356], [0.0, 0.0, 1.0]], [[809.2209905677063, 0.0, 829.2196003259838], [0.0, 809.2209905677063, 481.77842384512485], [0.0, 0.0, 1.0]], [[1259.5137405846733, 0.0, 807.2529053838625], [0.0, 1259.5137405846733, 501.19579884916527], [0.0, 0.0, 1.0]]], "extrinsics": [[[0.8192365169525146, -0.5734348893165588, 0.004878839012235403, -0.64935302734375], [-0.01393082458525896, -0.02840607613325119, -0.9994993805885315, 1.5030441284179688], [0.5732864141464233, 0.8187583684921265, -0.03125971928238869, -1.064697265625], [0.0, 0.0, 0.0, 1.0]], [[0.003590991022065282, -0.9994732141494751, 0.03225504979491234, 0.0093994140625], [-0.019196582958102226, -0.03231820836663246, -0.9992932677268982, 1.5146026611328125], [0.999809205532074, 0.0029692077077925205, -0.019302522763609886, -1.37799072265625], [0.0, 0.0, 0.0, 1.0]], [[-0.8339263796806335, -0.5515297651290894, 0.019534945487976074, 0.829833984375], [-0.013507422991096973, -0.014988801442086697, -0.9997963905334473, 1.5003776550292969], [0.551710307598114, -0.8340204954147339, 0.0050498126074671745, -1.1116943359375], [0.0, 0.0, 0.0, 1.0]], [[0.9477587342262268, 0.31842973828315735, -0.01886521279811859, -1.135009765625], [-0.004846304189413786, -0.04476012662053108, -0.998986005783081, 1.588531494140625], [-0.318951278924942, 0.9468891024589539, -0.04087859392166138, -0.1063232421875], [0.0, 0.0, 0.0, 1.0]], [[0.0030777615029364824, 0.99937903881073, -0.03510042652487755, 0.0020751953125], [-0.030253566801548004, -0.034991469234228134, -0.9989296197891235, 1.5765533447265625], [-0.999537467956543, 0.004136309958994389, 0.030127089470624924, -0.09222412109375], [0.0, 0.0, 0.0, 1.0]], [[-0.9343810081481934, 0.35615378618240356, -0.009299195371568203, 0.968902587890625], [0.0023681046441197395, -0.019892022013664246, -0.9997993111610413, 1.551910400390625], [-0.3562673032283783, -0.9342156052589417, 0.017743321135640144, -0.1253662109375], [0.0, 0.0, 0.0, 1.0]]], "view": [[0.0, -2.0, 100.0], [-2.0, 0.0, 100.0], [0.0, 0.0, 1.0]], "bev": "bev_d8d14b2fc22b4a3397979062575cac43.png", "aux": "aux_d8d14b2fc22b4a3397979062575cac43.npz", "visibility": "visibility_d8d14b2fc22b4a3397979062575cac43.png", "pose": [[0.9368439316749573, 0.3497476279735565, 0.0, 1177.1053466796875], [-0.3497476279735565, 0.9368439316749573, 0.0, 1652.2879638671875], [0.0, 0.0, 1.0, 0.0], [0.0, 0.0, 0.0, 1.0]], "pose_inverse": [[0.9368439316749573, -0.3497476279735565, 0.0, -524.8801879882812], [0.3497476279735565, 0.9368439316749573, 0.0, -1959.6258544921875], [0.0, 0.0, 1.0, 0.0], [0.0, 0.0, 0.0, 1.0]], "cam_ids": [0, 1, 2, 3, 4, 5], "cam_channels": ["CAM_FRONT_LEFT", "CAM_FRONT", "CAM_FRONT_RIGHT", "CAM_BACK_LEFT", "CAM_BACK", "CAM_BACK_RIGHT"], "token": "d8d14b2fc22b4a3397979062575cac43", "scene": "scene-1010"}, {"images": ["samples/CAM_FRONT_LEFT/n015-2018-11-14-18-57-54+0800__CAM_FRONT_LEFT__1542193603604844.jpg", "samples/CAM_FRONT/n015-2018-11-14-18-57-54+0800__CAM_FRONT__1542193603612460.jpg", "samples/CAM_FRONT_RIGHT/n015-2018-11-14-18-57-54+0800__CAM_FRONT_RIGHT__1542193603620339.jpg", "samples/CAM_BACK_LEFT/n015-2018-11-14-18-57-54+0800__CAM_BACK_LEFT__1542193603647423.jpg", "samples/CAM_BACK/n015-2018-11-14-18-57-54+0800__CAM_BACK__1542193603637525.jpg", "samples/CAM_BACK_RIGHT/n015-2018-11-14-18-57-54+0800__CAM_BACK_RIGHT__1542193603627893.jpg"], "intrinsics": [[[1272.5979470598488, 0.0, 826.6154927353808], [0.0, 1272.5979470598488, 479.75165386361925], [0.0, 0.0, 1.0]], [[1266.417203046554, 0.0, 816.2670197447984], [0.0, 1266.417203046554, 491.50706579294757], [0.0, 0.0, 1.0]], [[1260.8474446004698, 0.0, 807.968244525554], [0.0, 1260.8474446004698, 495.3344268742088], [0.0, 0.0, 1.0]], [[1256.7414812095406, 0.0, 792.1125740759628], [0.0, 1256.7414812095406, 492.7757465151356], [0.0, 0.0, 1.0]], [[809.2209905677063, 0.0, 829.2196003259838], [0.0, 809.2209905677063, 481.77842384512485], [0.0, 0.0, 1.0]], [[1259.5137405846733, 0.0, 807.2529053838625], [0.0, 1259.5137405846733, 501.19579884916527], [0.0, 0.0, 1.0]]], "extrinsics": [[[0.8197331428527832, -0.5727365612983704, -0.003236004849895835, -0.64453125], [-0.018005121499300003, -0.020121943205595016, -0.9996353387832642, 1.5013160705566406], [0.5724624991416931, 0.819492518901825, -0.026806814596056938, -1.060546875], [0.0, 0.0, 0.0, 1.0]], [[0.004496700596064329, -0.9997004270553589, 0.024055734276771545, 0.0091552734375], [-0.023351430892944336, -0.02415439486503601, -0.9994354844093323, 1.5131072998046875], [0.999717116355896, 0.0039324285462498665, -0.02345305122435093, -1.3717041015625], [0.0, 0.0, 0.0, 1.0]], [[-0.8334758877754211, -0.5522415041923523, 0.01863184943795204, 0.824462890625], [-0.017756113782525063, -0.006933871190994978, -0.9998182654380798, 1.4992027282714844], [0.5522703528404236, -0.8336553573608398, -0.004026446491479874, -1.108642578125], [0.0, 0.0, 0.0, 1.0]], [[0.9476277232170105, 0.31871768832206726, -0.020509976893663406, -1.13427734375], [-0.009137195535004139, -0.03713728114962578, -0.9992683529853821, 1.5884780883789062], [-0.31924620270729065, 0.9471219182014465, -0.03228013217449188, -0.1064453125], [0.0, 0.0, 0.0, 1.0]], [[0.002635838696733117, 0.9996247887611389, -0.027265390381217003, 0.0023193359375], [-0.03457013890147209, -0.027158096432685852, -0.9990332126617432, 1.5760269165039062], [-0.9993987679481506, 0.003575909649953246, 0.0344855822622776, -0.09515380859375], [0.0, 0.0, 0.0, 1.0]], [[-0.934578001499176, 0.3557499051094055, -0.0024381529074162245, 0.964447021484375], [-0.0019242626149207354, -0.011908226646482944, -0.9999272227287292, 1.5511150360107422], [-0.35575300455093384, -0.93450528383255, 0.011813721619546413, -0.1275634765625], [0.0, 0.0, 0.0, 1.0]]], "view": [[0.0, -2.0, 100.0], [-2.0, 0.0, 100.0], [0.0, 0.0, 1.0]], "bev": "bev_055e2f48abdf4957b634951ebf64db9e.png", "aux": "aux_055e2f48abdf4957b634951ebf64db9e.npz", "visibility": "visibility_055e2f48abdf4957b634951ebf64db9e.png", "pose": [[0.946018397808075, 0.3241129219532013, 0.0, 1180.841552734375], [-0.3241129219532013, 0.946018397808075, 0.0, 1650.92919921875], [0.0, 0.0, 1.0, 0.0], [0.0, 0.0, 0.0, 1.0]], "pose_inverse": [[0.946018397808075, -0.3241129219532013, 0.0, -582.0103759765625], [0.3241129219532013, 0.946018397808075, 0.0, -1944.535400390625], [0.0, 0.0, 1.0, 0.0], [0.0, 0.0, 0.0, 1.0]], "cam_ids": [0, 1, 2, 3, 4, 5], "cam_channels": ["CAM_FRONT_LEFT", "CAM_FRONT", "CAM_FRONT_RIGHT", "CAM_BACK_LEFT", "CAM_BACK", "CAM_BACK_RIGHT"], "token": "055e2f48abdf4957b634951ebf64db9e", "scene": "scene-1010"}, {"images": ["samples/CAM_FRONT_LEFT/n015-2018-11-14-18-57-54+0800__CAM_FRONT_LEFT__1542193604104844.jpg", "samples/CAM_FRONT/n015-2018-11-14-18-57-54+0800__CAM_FRONT__1542193604112460.jpg", "samples/CAM_FRONT_RIGHT/n015-2018-11-14-18-57-54+0800__CAM_FRONT_RIGHT__1542193604120339.jpg", "samples/CAM_BACK_LEFT/n015-2018-11-14-18-57-54+0800__CAM_BACK_LEFT__1542193604147423.jpg", "samples/CAM_BACK/n015-2018-11-14-18-57-54+0800__CAM_BACK__1542193604137525.jpg", "samples/CAM_BACK_RIGHT/n015-2018-11-14-18-57-54+0800__CAM_BACK_RIGHT__1542193604127893.jpg"], "intrinsics": [[[1272.5979470598488, 0.0, 826.6154927353808], [0.0, 1272.5979470598488, 479.75165386361925], [0.0, 0.0, 1.0]], [[1266.417203046554, 0.0, 816.2670197447984], [0.0, 1266.417203046554, 491.50706579294757], [0.0, 0.0, 1.0]], [[1260.8474446004698, 0.0, 807.968244525554], [0.0, 1260.8474446004698, 495.3344268742088], [0.0, 0.0, 1.0]], [[1256.7414812095406, 0.0, 792.1125740759628], [0.0, 1256.7414812095406, 492.7757465151356], [0.0, 0.0, 1.0]], [[809.2209905677063, 0.0, 829.2196003259838], [0.0, 809.2209905677063, 481.77842384512485], [0.0, 0.0, 1.0]], [[1259.5137405846733, 0.0, 807.2529053838625], [0.0, 1259.5137405846733, 501.19579884916527], [0.0, 0.0, 1.0]]], "extrinsics": [[[0.8197727799415588, -0.5726885795593262, -0.0006452773814089596, -0.64971923828125], [-0.014002406038343906, -0.018917251378297806, -0.9997230172157288, 1.5029830932617188], [0.5725176930427551, 0.8195547461509705, -0.023526867851614952, -1.0650634765625], [0.0, 0.0, 0.0, 1.0]], [[0.004452155902981758, -0.9997243285179138, 0.023050040006637573, 0.009765625], [-0.019315550103783607, -0.023131944239139557, -0.9995458126068115, 1.5145492553710938], [0.9998034238815308, 0.004004885908216238, -0.019413214176893234, -1.3785400390625], [0.0, 0.0, 0.0, 1.0]], [[-0.8335115909576416, -0.552304208278656, 0.014776419848203659, 0.8306884765625], [-0.013684447854757309, -0.0060991994105279446, -0.9998877048492432, 1.5003223419189453], [0.55233234167099, -0.8336202502250671, -0.002474223729223013, -1.11181640625], [0.0, 0.0, 0.0, 1.0]], [[0.9475348591804504, 0.31922197341918945, -0.01658061146736145, -1.14306640625], [-0.005020946729928255, -0.03700097277760506, -0.9993026256561279, 1.588623046875], [-0.3196128308773041, 0.9469573497772217, -0.033456917852163315, -0.10546875], [0.0, 0.0, 0.0, 1.0]], [[0.0025011743418872356, 0.9996360540390015, -0.02686050347983837, 0.00146484375], [-0.030447836965322495, -0.02677200734615326, -0.9991777539253235, 1.5766677856445312], [-0.9995332360267639, 0.0033169330563396215, 0.030369792133569717, -0.08782958984375], [0.0, 0.0, 0.0, 1.0]], [[-0.9345841407775879, 0.35569095611572266, -0.006033351644873619, 0.970367431640625], [0.002175787929445505, -0.011244314722716808, -0.9999344348907471, 1.5518531799316406], [-0.3557354807853699, -0.9345360398292542, 0.009734848514199257, -0.1248779296875], [0.0, 0.0, 0.0, 1.0]]], "view": [[0.0, -2.0, 100.0], [-2.0, 0.0, 100.0], [0.0, 0.0, 1.0]], "bev": "bev_47d39507ab434c08b6a6c695c3d86a5a.png", "aux": "aux_47d39507ab434c08b6a6c695c3d86a5a.npz", "visibility": "visibility_47d39507ab434c08b6a6c695c3d86a5a.png", "pose": [[0.9535242915153503, 0.30131614208221436, 0.0, 1185.0433349609375], [-0.30131614208221436, 0.9535242915153503, 0.0, 1649.50927734375], [0.0, 0.0, 1.0, 0.0], [0.0, 0.0, 0.0, 1.0]], "pose_inverse": [[0.9535242915153503, -0.30131614208221436, 0.0, -632.9437866210938], [0.30131614208221436, 0.9535242915153503, 0.0, -1929.919921875], [0.0, 0.0, 1.0, 0.0], [0.0, 0.0, 0.0, 1.0]], "cam_ids": [0, 1, 2, 3, 4, 5], "cam_channels": ["CAM_FRONT_LEFT", "CAM_FRONT", "CAM_FRONT_RIGHT", "CAM_BACK_LEFT", "CAM_BACK", "CAM_BACK_RIGHT"], "token": "47d39507ab434c08b6a6c695c3d86a5a", "scene": "scene-1010"}, {"images": ["samples/CAM_FRONT_LEFT/n015-2018-11-14-18-57-54+0800__CAM_FRONT_LEFT__1542193604604844.jpg", "samples/CAM_FRONT/n015-2018-11-14-18-57-54+0800__CAM_FRONT__1542193604612460.jpg", "samples/CAM_FRONT_RIGHT/n015-2018-11-14-18-57-54+0800__CAM_FRONT_RIGHT__1542193604620368.jpg", "samples/CAM_BACK_LEFT/n015-2018-11-14-18-57-54+0800__CAM_BACK_LEFT__1542193604647423.jpg", "samples/CAM_BACK/n015-2018-11-14-18-57-54+0800__CAM_BACK__1542193604637525.jpg", "samples/CAM_BACK_RIGHT/n015-2018-11-14-18-57-54+0800__CAM_BACK_RIGHT__1542193604627893.jpg"], "intrinsics": [[[1272.5979470598488, 0.0, 826.6154927353808], [0.0, 1272.5979470598488, 479.75165386361925], [0.0, 0.0, 1.0]], [[1266.417203046554, 0.0, 816.2670197447984], [0.0, 1266.417203046554, 491.50706579294757], [0.0, 0.0, 1.0]], [[1260.8474446004698, 0.0, 807.968244525554], [0.0, 1260.8474446004698, 495.3344268742088], [0.0, 0.0, 1.0]], [[1256.7414812095406, 0.0, 792.1125740759628], [0.0, 1256.7414812095406, 492.7757465151356], [0.0, 0.0, 1.0]], [[809.2209905677063, 0.0, 829.2196003259838], [0.0, 809.2209905677063, 481.77842384512485], [0.0, 0.0, 1.0]], [[1259.5137405846733, 0.0, 807.2529053838625], [0.0, 1259.5137405846733, 501.19579884916527], [0.0, 0.0, 1.0]]], "extrinsics": [[[0.819745659828186, -0.5727129578590393, 0.00411907397210598, -0.6497802734375], [-0.013082009740173817, -0.02591395564377308, -0.9995785355567932, 1.5033187866210938], [0.5725783705711365, 0.8193463087081909, -0.0287350881844759, -1.0633544921875], [0.0, 0.0, 0.0, 1.0]], [[0.0043997997418046, -0.9995400309562683, 0.030003610998392105, 0.0086669921875], [-0.018470734357833862, -0.03008001297712326, -0.9993768334388733, 1.5147933959960938], [0.9998196959495544, 0.003842889564111829, -0.018594583496451378, -1.37811279296875], [0.0, 0.0, 0.0, 1.0]], [[-0.833539605140686, -0.5521679520606995, 0.01794956997036934, 0.83056640625], [-0.012917682528495789, -0.013001755811274052, -0.999832034111023, 1.5005226135253906], [0.5523086190223694, -0.8336314558982849, 0.003704748349264264, -1.112548828125], [0.0, 0.0, 0.0, 1.0]], [[0.9478285908699036, 0.31825584173202515, -0.018275640904903412, -1.1396484375], [-0.004604010842740536, -0.04365735501050949, -0.9990358948707581, 1.5885467529296875], [-0.3187468647956848, 0.9469990730285645, -0.039914440363645554, -0.10498046875], [0.0, 0.0, 0.0, 1.0]], [[0.002885132562369108, 0.9994313716888428, -0.03359488025307655, 0.002197265625], [-0.029897278174757957, -0.03349379450082779, -0.9989916682243347, 1.5766754150390625], [-0.9995487332344055, 0.003886626800522208, 0.029783641919493675, -0.0887451171875], [0.0, 0.0, 0.0, 1.0]], [[-0.9345689415931702, 0.3556652367115021, -0.009118221700191498, 0.971038818359375], [0.0028669226448982954, -0.018099477514624596, -0.9998320937156677, 1.5519790649414062], [-0.3557705879211426, -0.934438169002533, 0.0158955417573452, -0.125], [0.0, 0.0, 0.0, 1.0]]], "view": [[0.0, -2.0, 100.0], [-2.0, 0.0, 100.0], [0.0, 0.0, 1.0]], "bev": "bev_81154ce89a41461ab38d54103393ff26.png", "aux": "aux_81154ce89a41461ab38d54103393ff26.npz", "visibility": "visibility_81154ce89a41461ab38d54103393ff26.png", "pose": [[0.959958016872406, 0.2801438570022583, 0.0, 1189.3017578125], [-0.2801438570022583, 0.959958016872406, 0.0, 1648.196044921875], [0.0, 0.0, 1.0, 0.0], [0.0, 0.0, 0.0, 1.0]], "pose_inverse": [[0.959958016872406, -0.2801438570022583, 0.0, -679.94775390625], [0.2801438570022583, 0.959958016872406, 0.0, -1915.3746337890625], [0.0, 0.0, 1.0, 0.0], [0.0, 0.0, 0.0, 1.0]], "cam_ids": [0, 1, 2, 3, 4, 5], "cam_channels": ["CAM_FRONT_LEFT", "CAM_FRONT", "CAM_FRONT_RIGHT", "CAM_BACK_LEFT", "CAM_BACK", "CAM_BACK_RIGHT"], "token": "81154ce89a41461ab38d54103393ff26", "scene": "scene-1010"}, {"images": ["samples/CAM_FRONT_LEFT/n015-2018-11-14-18-57-54+0800__CAM_FRONT_LEFT__1542193605104844.jpg", "samples/CAM_FRONT/n015-2018-11-14-18-57-54+0800__CAM_FRONT__1542193605112460.jpg", "samples/CAM_FRONT_RIGHT/n015-2018-11-14-18-57-54+0800__CAM_FRONT_RIGHT__1542193605120339.jpg", "samples/CAM_BACK_LEFT/n015-2018-11-14-18-57-54+0800__CAM_BACK_LEFT__1542193605147423.jpg", "samples/CAM_BACK/n015-2018-11-14-18-57-54+0800__CAM_BACK__1542193605137525.jpg", "samples/CAM_BACK_RIGHT/n015-2018-11-14-18-57-54+0800__CAM_BACK_RIGHT__1542193605127893.jpg"], "intrinsics": [[[1272.5979470598488, 0.0, 826.6154927353808], [0.0, 1272.5979470598488, 479.75165386361925], [0.0, 0.0, 1.0]], [[1266.417203046554, 0.0, 816.2670197447984], [0.0, 1266.417203046554, 491.50706579294757], [0.0, 0.0, 1.0]], [[1260.8474446004698, 0.0, 807.968244525554], [0.0, 1260.8474446004698, 495.3344268742088], [0.0, 0.0, 1.0]], [[1256.7414812095406, 0.0, 792.1125740759628], [0.0, 1256.7414812095406, 492.7757465151356], [0.0, 0.0, 1.0]], [[809.2209905677063, 0.0, 829.2196003259838], [0.0, 809.2209905677063, 481.77842384512485], [0.0, 0.0, 1.0]], [[1259.5137405846733, 0.0, 807.2529053838625], [0.0, 1259.5137405846733, 501.19579884916527], [0.0, 0.0, 1.0]]], "extrinsics": [[[0.8193346858024597, -0.5732029676437378, 0.011356266215443611, -0.639617919921875], [-5.021044489694759e-05, -0.01987980119884014, -0.9998024106025696, 1.5082511901855469], [0.573315441608429, 0.8191722631454468, -0.016316991299390793, -1.053955078125], [0.0, 0.0, 0.0, 1.0]], [[0.0036426058504730463, -0.9997192621231079, 0.0234111025929451, 0.0068359375], [-0.004956504330039024, -0.0234290212392807, -0.9997132420539856, 1.5189323425292969], [0.9999810457229614, 0.003525517415255308, -0.005040456540882587, -1.36590576171875], [0.0, 0.0, 0.0, 1.0]], [[-0.833810567855835, -0.5520459413528442, 0.002228946890681982, 0.820556640625], [0.0011093964567407966, -0.005713175982236862, -0.9999830722808838, 1.503927230834961], [0.5520493388175964, -0.8337939977645874, 0.005376145709306002, -1.10791015625], [0.0, 0.0, 0.0, 1.0]], [[0.9476336240768433, 0.3193478584289551, -0.0027219997718930244, -1.1356201171875], [0.008720220997929573, -0.034394655376672745, -0.999370276927948, 1.5886001586914062], [-0.31924036145210266, 0.9470131993293762, -0.03537831827998161, -0.1055908203125], [0.0, 0.0, 0.0, 1.0]], [[0.0028751674108207226, 0.9996833801269531, -0.024995485320687294, 0.0029296875], [-0.0165611170232296, -0.02494455873966217, -0.9995516538619995, 1.5777511596679688], [-0.9998587369918823, 0.003287828527390957, 0.016484156250953674, -0.09515380859375], [0.0, 0.0, 0.0, 1.0]], [[-0.9343470335006714, 0.3558514714241028, -0.019109908491373062, 0.9632570743560791], [0.016548052430152893, -0.010242095217108727, -0.9998106360435486, 1.5545144081115723], [-0.3559797406196594, -0.9344863891601562, 0.003681023372337222, -0.12939453125], [0.0, 0.0, 0.0, 1.0]]], "view": [[0.0, -2.0, 100.0], [-2.0, 0.0, 100.0], [0.0, 0.0, 1.0]], "bev": "bev_b6bc5dc43a024afaa02259ba214f557d.png", "aux": "aux_b6bc5dc43a024afaa02259ba214f557d.npz", "visibility": "visibility_b6bc5dc43a024afaa02259ba214f557d.png", "pose": [[0.9655440449714661, 0.2602396011352539, 0.0, 1193.6517333984375], [-0.2602396011352539, 0.9655440449714661, 0.0, 1646.93505859375], [0.0, 0.0, 1.0, 0.0], [0.0, 0.0, 0.0, 1.0]], "pose_inverse": [[0.9655440449714661, -0.2602396011352539, 0.0, -723.9256591796875], [0.2602396011352539, 0.9655440449714661, 0.0, -1900.8238525390625], [0.0, 0.0, 1.0, 0.0], [0.0, 0.0, 0.0, 1.0]], "cam_ids": [0, 1, 2, 3, 4, 5], "cam_channels": ["CAM_FRONT_LEFT", "CAM_FRONT", "CAM_FRONT_RIGHT", "CAM_BACK_LEFT", "CAM_BACK", "CAM_BACK_RIGHT"], "token": "b6bc5dc43a024afaa02259ba214f557d", "scene": "scene-1010"}, {"images": ["samples/CAM_FRONT_LEFT/n015-2018-11-14-18-57-54+0800__CAM_FRONT_LEFT__1542193605604844.jpg", "samples/CAM_FRONT/n015-2018-11-14-18-57-54+0800__CAM_FRONT__1542193605612460.jpg", "samples/CAM_FRONT_RIGHT/n015-2018-11-14-18-57-54+0800__CAM_FRONT_RIGHT__1542193605620339.jpg", "samples/CAM_BACK_LEFT/n015-2018-11-14-18-57-54+0800__CAM_BACK_LEFT__1542193605647423.jpg", "samples/CAM_BACK/n015-2018-11-14-18-57-54+0800__CAM_BACK__1542193605637525.jpg", "samples/CAM_BACK_RIGHT/n015-2018-11-14-18-57-54+0800__CAM_BACK_RIGHT__1542193605627893.jpg"], "intrinsics": [[[1272.5979470598488, 0.0, 826.6154927353808], [0.0, 1272.5979470598488, 479.75165386361925], [0.0, 0.0, 1.0]], [[1266.417203046554, 0.0, 816.2670197447984], [0.0, 1266.417203046554, 491.50706579294757], [0.0, 0.0, 1.0]], [[1260.8474446004698, 0.0, 807.968244525554], [0.0, 1260.8474446004698, 495.3344268742088], [0.0, 0.0, 1.0]], [[1256.7414812095406, 0.0, 792.1125740759628], [0.0, 1256.7414812095406, 492.7757465151356], [0.0, 0.0, 1.0]], [[809.2209905677063, 0.0, 829.2196003259838], [0.0, 809.2209905677063, 481.77842384512485], [0.0, 0.0, 1.0]], [[1259.5137405846733, 0.0, 807.2529053838625], [0.0, 1259.5137405846733, 501.19579884916527], [0.0, 0.0, 1.0]]], "extrinsics": [[[0.819786012172699, -0.572568416595459, -0.010785537771880627, -0.65557861328125], [-0.00743512250483036, 0.008190581575036049, -0.9999387860298157, 1.5054292678833008], [0.5726217031478882, 0.819815993309021, 0.002457408234477043, -1.0692138671875], [0.0, 0.0, 0.0, 1.0]], [[0.004372160881757736, -0.9999805092811584, -0.0044435421004891396, 0.0096435546875], [-0.01307160034775734, 0.004386053420603275, -0.9999049305915833, 1.5165002346038818], [0.9999049305915833, 0.004429814405739307, -0.013052171096205711, -1.38507080078125], [0.0, 0.0, 0.0, 1.0]], [[-0.8335387110710144, -0.552432656288147, -0.005591857712715864, 0.835205078125], [-0.007772976998239756, 0.021847786381840706, -0.9997310638427734, 1.501739501953125], [0.5524062514305115, -0.8332712054252625, -0.022505022585392, -1.1151123046875], [0.0, 0.0, 0.0, 1.0]], [[0.9478228092193604, 0.31878378987312317, -0.002983624115586281, -1.141357421875], [-0.000544660841114819, -0.007739705499261618, -0.9999698400497437, 1.5885562896728516], [-0.3187972605228424, 0.9477958679199219, -0.007162239868193865, -0.1038818359375], [0.0, 0.0, 0.0, 1.0]], [[0.0028445336502045393, 0.9999940395355225, 0.001967203337699175, 0.002197265625], [-0.02539794333279133, 0.002038822742179036, -0.9996753334999084, 1.5771369934082031], [-0.9996733665466309, 0.002793643856421113, 0.025403590872883797, -0.08551025390625], [0.0, 0.0, 0.0, 1.0]], [[-0.9345715641975403, 0.35577329993247986, -0.0011641699820756912, 0.97515869140625], [0.007741929963231087, 0.017065415158867836, -0.9998244047164917, 1.5527420043945312], [-0.35569098591804504, -0.9344164729118347, -0.018703226000070572, -0.1229248046875], [0.0, 0.0, 0.0, 1.0]]], "view": [[0.0, -2.0, 100.0], [-2.0, 0.0, 100.0], [0.0, 0.0, 1.0]], "bev": "bev_806a46fb5e544da290d20e9bb8fae903.png", "aux": "aux_806a46fb5e544da290d20e9bb8fae903.npz", "visibility": "visibility_806a46fb5e544da290d20e9bb8fae903.png", "pose": [[0.97370845079422, 0.22779777646064758, 0.0, 1197.961181640625], [-0.22779777646064758, 0.97370845079422, 0.0, 1645.8392333984375], [0.0, 0.0, 1.0, 0.0], [0.0, 0.0, 0.0, 1.0]], "pose_inverse": [[0.97370845079422, -0.22779777646064758, 0.0, -791.54638671875], [0.22779777646064758, 0.97370845079422, 0.0, -1875.46044921875], [0.0, 0.0, 1.0, 0.0], [0.0, 0.0, 0.0, 1.0]], "cam_ids": [0, 1, 2, 3, 4, 5], "cam_channels": ["CAM_FRONT_LEFT", "CAM_FRONT", "CAM_FRONT_RIGHT", "CAM_BACK_LEFT", "CAM_BACK", "CAM_BACK_RIGHT"], "token": "806a46fb5e544da290d20e9bb8fae903", "scene": "scene-1010"}, {"images": ["samples/CAM_FRONT_LEFT/n015-2018-11-14-18-57-54+0800__CAM_FRONT_LEFT__1542193606104844.jpg", "samples/CAM_FRONT/n015-2018-11-14-18-57-54+0800__CAM_FRONT__1542193606112460.jpg", "samples/CAM_FRONT_RIGHT/n015-2018-11-14-18-57-54+0800__CAM_FRONT_RIGHT__1542193606120339.jpg", "samples/CAM_BACK_LEFT/n015-2018-11-14-18-57-54+0800__CAM_BACK_LEFT__1542193606147423.jpg", "samples/CAM_BACK/n015-2018-11-14-18-57-54+0800__CAM_BACK__1542193606137525.jpg", "samples/CAM_BACK_RIGHT/n015-2018-11-14-18-57-54+0800__CAM_BACK_RIGHT__1542193606127893.jpg"], "intrinsics": [[[1272.5979470598488, 0.0, 826.6154927353808], [0.0, 1272.5979470598488, 479.75165386361925], [0.0, 0.0, 1.0]], [[1266.417203046554, 0.0, 816.2670197447984], [0.0, 1266.417203046554, 491.50706579294757], [0.0, 0.0, 1.0]], [[1260.8474446004698, 0.0, 807.968244525554], [0.0, 1260.8474446004698, 495.3344268742088], [0.0, 0.0, 1.0]], [[1256.7414812095406, 0.0, 792.1125740759628], [0.0, 1256.7414812095406, 492.7757465151356], [0.0, 0.0, 1.0]], [[809.2209905677063, 0.0, 829.2196003259838], [0.0, 809.2209905677063, 481.77842384512485], [0.0, 0.0, 1.0]], [[1259.5137405846733, 0.0, 807.2529053838625], [0.0, 1259.5137405846733, 501.19579884916527], [0.0, 0.0, 1.0]]], "extrinsics": [[[0.8188740611076355, -0.5732223391532898, -0.02934938855469227, -0.656646728515625], [-0.02996286191046238, 0.008372610434889793, -0.999515950679779, 1.4970026016235352], [0.5731905698776245, 0.8193570375442505, -0.010319269262254238, -1.06787109375], [0.0, 0.0, 0.0, 1.0]], [[0.003666362725198269, -0.999984085559845, -0.0042770300060510635, 0.0081787109375], [-0.03528767079114914, 0.004145018290728331, -0.9993686079978943, 1.5096817016601562], [0.9993704557418823, 0.0038149715401232243, -0.035271912813186646, -1.38525390625], [0.0, 0.0, 0.0, 1.0]], [[-0.8336923718452454, -0.5520747900009155, 0.013048090040683746, 0.8350830078125], [-0.029655374586582184, 0.02116386592388153, -0.9993360638618469, 1.4965600967407227], [0.5514321327209473, -0.8335258960723877, -0.034016139805316925, -1.1160888671875], [0.0, 0.0, 0.0, 1.0]], [[0.947426438331604, 0.3191485106945038, -0.022969316691160202, -1.1417236328125], [-0.0209813229739666, -0.00966611783951521, -0.9997331500053406, 1.5885505676269531], [-0.3192853331565857, 0.9476554989814758, -0.002461777301505208, -0.10302734375], [0.0, 0.0, 0.0, 1.0]], [[0.0028126498218625784, 0.9999960064888, 0.00037605405668728054, 0.0028076171875], [-0.046422939747571945, 0.0005062216660007834, -0.9989217519760132, 1.5753402709960938], [-0.998917818069458, 0.0027921537403017282, 0.046424176543951035, -0.08447265625], [0.0, 0.0, 0.0, 1.0]], [[-0.9342945218086243, 0.35601750016212463, 0.018583377823233604, 0.97607421875], [-0.013798130676150322, 0.015975963324308395, -0.9997771978378296, 1.549072265625], [-0.3562350273132324, -0.9343427419662476, -0.010013880208134651, -0.123291015625], [0.0, 0.0, 0.0, 1.0]]], "view": [[0.0, -2.0, 100.0], [-2.0, 0.0, 100.0], [0.0, 0.0, 1.0]], "bev": "bev_2eff0172e3914cb693ae37942b3879c9.png", "aux": "aux_2eff0172e3914cb693ae37942b3879c9.npz", "visibility": "visibility_2eff0172e3914cb693ae37942b3879c9.png", "pose": [[0.9783748388290405, 0.20683974027633667, 0.0, 1202.2762451171875], [-0.20683974027633667, 0.9783748388290405, 0.0, 1644.8397216796875], [0.0, 0.0, 1.0, 0.0], [0.0, 0.0, 0.0, 1.0]], "pose_inverse": [[0.9783748388290405, -0.20683974027633667, 0.0, -836.05859375], [0.20683974027633667, 0.9783748388290405, 0.0, -1857.9482421875], [0.0, 0.0, 1.0, 0.0], [0.0, 0.0, 0.0, 1.0]], "cam_ids": [0, 1, 2, 3, 4, 5], "cam_channels": ["CAM_FRONT_LEFT", "CAM_FRONT", "CAM_FRONT_RIGHT", "CAM_BACK_LEFT", "CAM_BACK", "CAM_BACK_RIGHT"], "token": "2eff0172e3914cb693ae37942b3879c9", "scene": "scene-1010"}, {"images": ["samples/CAM_FRONT_LEFT/n015-2018-11-14-18-57-54+0800__CAM_FRONT_LEFT__1542193606604844.jpg", "samples/CAM_FRONT/n015-2018-11-14-18-57-54+0800__CAM_FRONT__1542193606612460.jpg", "samples/CAM_FRONT_RIGHT/n015-2018-11-14-18-57-54+0800__CAM_FRONT_RIGHT__1542193606620339.jpg", "samples/CAM_BACK_LEFT/n015-2018-11-14-18-57-54+0800__CAM_BACK_LEFT__1542193606647423.jpg", "samples/CAM_BACK/n015-2018-11-14-18-57-54+0800__CAM_BACK__1542193606637525.jpg", "samples/CAM_BACK_RIGHT/n015-2018-11-14-18-57-54+0800__CAM_BACK_RIGHT__1542193606627893.jpg"], "intrinsics": [[[1272.5979470598488, 0.0, 826.6154927353808], [0.0, 1272.5979470598488, 479.75165386361925], [0.0, 0.0, 1.0]], [[1266.417203046554, 0.0, 816.2670197447984], [0.0, 1266.417203046554, 491.50706579294757], [0.0, 0.0, 1.0]], [[1260.8474446004698, 0.0, 807.968244525554], [0.0, 1260.8474446004698, 495.3344268742088], [0.0, 0.0, 1.0]], [[1256.7414812095406, 0.0, 792.1125740759628], [0.0, 1256.7414812095406, 492.7757465151356], [0.0, 0.0, 1.0]], [[809.2209905677063, 0.0, 829.2196003259838], [0.0, 809.2209905677063, 481.77842384512485], [0.0, 0.0, 1.0]], [[1259.5137405846733, 0.0, 807.2529053838625], [0.0, 1259.5137405846733, 501.19579884916527], [0.0, 0.0, 1.0]]], "extrinsics": [[[0.8185941576957703, -0.5737907886505127, -0.025838255882263184, -0.657867431640625], [-0.039201416075229645, -0.01093291025608778, -0.9991714954376221, 1.4936676025390625], [0.5730329751968384, 0.8189289569854736, -0.0314430296421051, -1.069580078125], [0.0, 0.0, 0.0, 1.0]], [[0.003681480884552002, -0.999877393245697, 0.015222380869090557, 0.0091552734375], [-0.04426111280918121, -0.015370494686067104, -0.9989017844200134, 1.5070114135742188], [0.9990132451057434, 0.0030036717653274536, -0.04431226849555969, -1.38616943359375], [0.0, 0.0, 0.0, 1.0]], [[-0.8335167765617371, -0.5516119003295898, 0.03120948001742363, 0.8353271484375], [-0.03835809975862503, 0.0014242705656215549, -0.9992629885673523, 1.4945201873779297], [0.5511608719825745, -0.8340997099876404, -0.02234593592584133, -1.11572265625], [0.0, 0.0, 0.0, 1.0]], [[0.9473555088043213, 0.3180736303329468, -0.03669977933168411, -1.140380859375], [-0.028691818937659264, -0.02982638217508793, -0.9991431832313538, 1.5884857177734375], [-0.31889569759368896, 0.9475967288017273, -0.019130075350403786, -0.103759765625], [0.0, 0.0, 0.0, 1.0]], [[0.0029651711229234934, 0.9998013377189636, -0.019712157547473907, 0.0025634765625], [-0.05449024960398674, -0.01952141337096691, -0.9983