[{"images": ["samples/CAM_FRONT_LEFT/n015-2018-07-24-11-13-19+0800__CAM_FRONT_LEFT__1532402326104844.jpg", "samples/CAM_FRONT/n015-2018-07-24-11-13-19+0800__CAM_FRONT__1532402326112460.jpg", "samples/CAM_FRONT_RIGHT/n015-2018-07-24-11-13-19+0800__CAM_FRONT_RIGHT__1532402326120339.jpg", "samples/CAM_BACK_LEFT/n015-2018-07-24-11-13-19+0800__CAM_BACK_LEFT__1532402326147423.jpg", "samples/CAM_BACK/n015-2018-07-24-11-13-19+0800__CAM_BACK__1532402326137525.jpg", "samples/CAM_BACK_RIGHT/n015-2018-07-24-11-13-19+0800__CAM_BACK_RIGHT__1532402326127893.jpg"], "intrinsics": [[[1272.5979470598488, 0.0, 826.6154927353808], [0.0, 1272.5979470598488, 479.75165386361925], [0.0, 0.0, 1.0]], [[1266.417203046554, 0.0, 816.2670197447984], [0.0, 1266.417203046554, 491.50706579294757], [0.0, 0.0, 1.0]], [[1260.8474446004698, 0.0, 807.968244525554], [0.0, 1260.8474446004698, 495.3344268742088], [0.0, 0.0, 1.0]], [[1256.7414812095406, 0.0, 792.1125740759628], [0.0, 1256.7414812095406, 492.7757465151356], [0.0, 0.0, 1.0]], [[809.2209905677063, 0.0, 829.2196003259838], [0.0, 809.2209905677063, 481.77842384512485], [0.0, 0.0, 1.0]], [[1259.5137405846733, 0.0, 807.2529053838625], [0.0, 1259.5137405846733, 501.19579884916527], [0.0, 0.0, 1.0]]], "extrinsics": [[[0.8207453489303589, -0.5712878108024597, 0.002677423181012273, -0.7882080078125], [-0.01681322231888771, -0.028838887810707092, -0.9994426369667053, 1.504660725593567], [0.5710466504096985, 0.8202429413795471, -0.0332745723426342, -1.1583023071289062], [0.0, 0.0, 0.0, 1.0]], [[0.005982183385640383, -0.9994428753852844, 0.03283287584781647, 0.0067138671875], [-0.022004971280694008, -0.032957084476947784, -0.9992145299911499, 1.5166774988174438], [0.999739944934845, 0.0052549997344613075, -0.022189868614077568, -1.516357421875], [0.0, 0.0, 0.0, 1.0]], [[-0.8327822685241699, -0.5531508326530457, 0.02230975590646267, 0.919189453125], [-0.01627783291041851, -0.015815062448382378, -0.9997423887252808, 1.501434326171875], [0.5533612370491028, -0.832930862903595, 0.004166405647993088, -1.1728515625], [0.0, 0.0, 0.0, 1.0]], [[0.9475908279418945, 0.3187481164932251, -0.021706918254494667, -1.1424560546875], [-0.0072920615784823895, -0.04634731635451317, -0.9988987445831299, 1.5885639190673828], [-0.31940314173698425, 0.9467055797576904, -0.041593968868255615, -0.103759765625], [0.0, 0.0, 0.0, 1.0]], [[0.0019875471480190754, 0.9993366599082947, -0.03636222705245018, 0.002685546875], [-0.03282245621085167, -0.036277517676353455, -0.9988026022911072, 1.5777406692504883], [-0.9994592070579529, 0.003178665414452553, 0.03272858262062073, -0.0477294921875], [0.0, 0.0, 0.0, 1.0]], [[-0.9349626898765564, 0.35467424988746643, -0.0071316733956336975, 1.0445556640625], [-0.00029656445258297026, -0.020885063335299492, -0.9997818470001221, 1.5514278411865234], [-0.35474586486816406, -0.9347565770149231, 0.019631939008831978, -0.09808349609375], [0.0, 0.0, 0.0, 1.0]]], "view": [[0.0, -2.0, 100.0], [-2.0, 0.0, 100.0], [0.0, 0.0, 1.0]], "bev": "bev_171c637d2681463fad3bf01068fab647.png", "aux": "aux_171c637d2681463fad3bf01068fab647.npz", "visibility": "visibility_171c637d2681463fad3bf01068fab647.png", "pose": [[0.04391101002693176, 0.9990354180335999, 0.0, 782.2410278320312], [-0.9990354180335999, 0.04391101002693176, 0.0, 1433.2864990234375], [0.0, 0.0, 1.0, 0.0], [0.0, 0.0, 0.0, 1.0]], "pose_inverse": [[0.04391101002693176, -0.9990354180335999, 0.0, 1397.5550537109375], [0.9990354180335999, 0.04391101002693176, 0.0, -844.423583984375], [0.0, 0.0, 1.0, 0.0], [0.0, 0.0, 0.0, 1.0]], "cam_ids": [0, 1, 2, 3, 4, 5], "cam_channels": ["CAM_FRONT_LEFT", "CAM_FRONT", "CAM_FRONT_RIGHT", "CAM_BACK_LEFT", "CAM_BACK", "CAM_BACK_RIGHT"], "token": "171c637d2681463fad3bf01068fab647", "scene": "scene-0052"}, {"images": ["samples/CAM_FRONT_LEFT/n015-2018-07-24-11-13-19+0800__CAM_FRONT_LEFT__1532402326604844.jpg", "samples/CAM_FRONT/n015-2018-07-24-11-13-19+0800__CAM_FRONT__1532402326612460.jpg", "samples/CAM_FRONT_RIGHT/n015-2018-07-24-11-13-19+0800__CAM_FRONT_RIGHT__1532402326620339.jpg", "samples/CAM_BACK_LEFT/n015-2018-07-24-11-13-19+0800__CAM_BACK_LEFT__1532402326647423.jpg", "samples/CAM_BACK/n015-2018-07-24-11-13-19+0800__CAM_BACK__1532402326637525.jpg", "samples/CAM_BACK_RIGHT/n015-2018-07-24-11-13-19+0800__CAM_BACK_RIGHT__1532402326627893.jpg"], "intrinsics": [[[1272.5979470598488, 0.0, 826.6154927353808], [0.0, 1272.5979470598488, 479.75165386361925], [0.0, 0.0, 1.0]], [[1266.417203046554, 0.0, 816.2670197447984], [0.0, 1266.417203046554, 491.50706579294757], [0.0, 0.0, 1.0]], [[1260.8474446004698, 0.0, 807.968244525554], [0.0, 1260.8474446004698, 495.3344268742088], [0.0, 0.0, 1.0]], [[1256.7414812095406, 0.0, 792.1125740759628], [0.0, 1256.7414812095406, 492.7757465151356], [0.0, 0.0, 1.0]], [[809.2209905677063, 0.0, 829.2196003259838], [0.0, 809.2209905677063, 481.77842384512485], [0.0, 0.0, 1.0]], [[1259.5137405846733, 0.0, 807.2529053838625], [0.0, 1259.5137405846733, 501.19579884916527], [0.0, 0.0, 1.0]]], "extrinsics": [[[0.8209367990493774, -0.5709862112998962, 0.00612447876483202, -0.8037109375], [-0.01394177321344614, -0.03076484240591526, -0.9994294047355652, 1.5055265426635742], [0.5708487629890442, 0.8203830122947693, -0.03321655094623566, -1.1685104370117188], [0.0, 0.0, 0.0, 1.0]], [[0.006180473603308201, -0.9993792772293091, 0.0346832312643528, 0.0064697265625], [-0.019215606153011322, -0.03479618579149246, -0.9992097020149231, 1.5174448490142822], [0.9997962713241577, 0.005509133450686932, -0.019418735057115555, -1.531005859375], [0.0, 0.0, 0.0, 1.0]], [[-0.8327133655548096, -0.55330491065979, 0.021028032526373863, 0.92822265625], [-0.01357657928019762, -0.017562562599778175, -0.9997535943984985, 1.5019500255584717], [0.5535378456115723, -0.832793653011322, 0.00711259339004755, -1.1790771484375], [0.0, 0.0, 0.0, 1.0]], [[0.9476445317268372, 0.31870487332344055, -0.019924337044358253, -1.139404296875], [-0.004850264638662338, -0.0480218231678009, -0.998834490776062, 1.5885200500488281], [-0.3192902207374573, 0.9466366767883301, -0.04396181181073189, -0.104248046875], [0.0, 0.0, 0.0, 1.0]], [[0.001994890859350562, 0.9992755055427551, -0.03800727427005768, 0.00299072265625], [-0.03028528392314911, -0.03792954981327057, -0.9988214373588562, 1.5779266357421875], [-0.999539315700531, 0.003143595764413476, 0.03018767386674881, -0.04541015625], [0.0, 0.0, 0.0, 1.0]], [[-0.9350007176399231, 0.3544999957084656, -0.010167513974010944, 1.051513671875], [0.0023199650458991528, -0.02255496196448803, -0.9997429251670837, 1.5516643524169922], [-0.35463815927505493, -0.9347839951515198, 0.020266477018594742, -0.0955810546875], [0.0, 0.0, 0.0, 1.0]]], "view": [[0.0, -2.0, 100.0], [-2.0, 0.0, 100.0], [0.0, 0.0, 1.0]], "bev": "bev_4cda0d4b317948459fffae1c2c9c27b9.png", "aux": "aux_4cda0d4b317948459fffae1c2c9c27b9.npz", "visibility": "visibility_4cda0d4b317948459fffae1c2c9c27b9.png", "pose": [[0.042609553784132004, 0.9990918040275574, 0.0, 782.3339233398438], [-0.9990918040275574, 0.042609553784132004, 0.0, 1430.905029296875], [0.0, 0.0, 1.0, 0.0], [0.0, 0.0, 0.0, 1.0]], "pose_inverse": [[0.042609553784132004, -0.9990918040275574, 0.0, 1396.2706298828125], [0.9990918040275574, 0.042609553784132004, 0.0, -842.5936279296875], [0.0, 0.0, 1.0, 0.0], [0.0, 0.0, 0.0, 1.0]], "cam_ids": [0, 1, 2, 3, 4, 5], "cam_channels": ["CAM_FRONT_LEFT", "CAM_FRONT", "CAM_FRONT_RIGHT", "CAM_BACK_LEFT", "CAM_BACK", "CAM_BACK_RIGHT"], "token": "4cda0d4b317948459fffae1c2c9c27b9", "scene": "scene-0052"}, {"images": ["samples/CAM_FRONT_LEFT/n015-2018-07-24-11-13-19+0800__CAM_FRONT_LEFT__1532402327104844.jpg", "samples/CAM_FRONT/n015-2018-07-24-11-13-19+0800__CAM_FRONT__1532402327112460.jpg", "samples/CAM_FRONT_RIGHT/n015-2018-07-24-11-13-19+0800__CAM_FRONT_RIGHT__1532402327120339.jpg", "samples/CAM_BACK_LEFT/n015-2018-07-24-11-13-19+0800__CAM_BACK_LEFT__1532402327147423.jpg", "samples/CAM_BACK/n015-2018-07-24-11-13-19+0800__CAM_BACK__1532402327137525.jpg", "samples/CAM_BACK_RIGHT/n015-2018-07-24-11-13-19+0800__CAM_BACK_RIGHT__1532402327127893.jpg"], "intrinsics": [[[1272.5979470598488, 0.0, 826.6154927353808], [0.0, 1272.5979470598488, 479.75165386361925], [0.0, 0.0, 1.0]], [[1266.417203046554, 0.0, 816.2670197447984], [0.0, 1266.417203046554, 491.50706579294757], [0.0, 0.0, 1.0]], [[1260.8474446004698, 0.0, 807.968244525554], [0.0, 1260.8474446004698, 495.3344268742088], [0.0, 0.0, 1.0]], [[1256.7414812095406, 0.0, 792.1125740759628], [0.0, 1256.7414812095406, 492.7757465151356], [0.0, 0.0, 1.0]], [[809.2209905677063, 0.0, 829.2196003259838], [0.0, 809.2209905677063, 481.77842384512485], [0.0, 0.0, 1.0]], [[1259.5137405846733, 0.0, 807.2529053838625], [0.0, 1259.5137405846733, 501.19579884916527], [0.0, 0.0, 1.0]]], "extrinsics": [[[0.8208818435668945, -0.5710222125053406, 0.00931466743350029, -0.8133544921875], [-0.012871263548731804, -0.034804314374923706, -0.9993112683296204, 1.5058279037475586], [0.5709531307220459, 0.8201965093612671, -0.035920001566410065, -1.1735382080078125], [0.0, 0.0, 0.0, 1.0]], [[0.006079031620174646, -0.9992300271987915, 0.03875945881009102, 0.0052490234375], [-0.018029430881142616, -0.038863394409418106, -0.9990819096565247, 1.5177555084228516], [0.9998189210891724, 0.0053746337071061134, -0.018251800909638405, -1.5400390625], [0.0, 0.0, 0.0, 1.0]], [[-0.8327605724334717, -0.5531877279281616, 0.02220727689564228, 0.9337158203125], [-0.012268861755728722, -0.021662386134266853, -0.999690055847168, 1.5021836757659912], [0.5534973740577698, -0.8327748775482178, 0.011252598837018013, -1.1837158203125], [0.0, 0.0, 0.0, 1.0]], [[0.9476834535598755, 0.3186112940311432, -0.01957089453935623, -1.1434326171875], [-0.0031306352466344833, -0.0520302951335907, -0.9986405968666077, 1.5884895324707031], [-0.3191964030265808, 0.9464564919471741, -0.048310793936252594, -0.1019287109375], [0.0, 0.0, 0.0, 1.0]], [[0.0020736735314130783, 0.9991117119789124, -0.042090948671102524, 0.00372314453125], [-0.028681732714176178, -0.04201430082321167, -0.998705267906189, 1.5781078338623047], [-0.9995864629745483, 0.00327823287807405, 0.02856912650167942, -0.040771484375], [0.0, 0.0, 0.0, 1.0]], [[-0.9349799156188965, 0.3544630706310272, -0.012981886975467205, 1.0567626953125], [0.0037652072496712208, -0.026679178699851036, -0.9996369481086731, 1.5517578125], [-0.35468077659606934, -0.9346894025802612, 0.023609863594174385, -0.09417724609375], [0.0, 0.0, 0.0, 1.0]]], "view": [[0.0, -2.0, 100.0], [-2.0, 0.0, 100.0], [0.0, 0.0, 1.0]], "bev": "bev_7ed1a166f9bd4a56b24f6c8bb7fe3c93.png", "aux": "aux_7ed1a166f9bd4a56b24f6c8bb7fe3c93.npz", "visibility": "visibility_7ed1a166f9bd4a56b24f6c8bb7fe3c93.png", "pose": [[0.04059894010424614, 0.9991755485534668, 0.0, 782.411376953125], [-0.9991755485534668, 0.04059894010424614, 0.0, 1428.6470947265625], [0.0, 0.0, 1.0, 0.0], [0.0, 0.0, 0.0, 1.0]], "pose_inverse": [[0.04059894010424614, -0.9991755485534668, 0.0, 1395.7041015625], [0.9991755485534668, 0.04059894010424614, 0.0, -839.7678833007812], [0.0, 0.0, 1.0, 0.0], [0.0, 0.0, 0.0, 1.0]], "cam_ids": [0, 1, 2, 3, 4, 5], "cam_channels": ["CAM_FRONT_LEFT", "CAM_FRONT", "CAM_FRONT_RIGHT", "CAM_BACK_LEFT", "CAM_BACK", "CAM_BACK_RIGHT"], "token": "7ed1a166f9bd4a56b24f6c8bb7fe3c93", "scene": "scene-0052"}, {"images": ["samples/CAM_FRONT_LEFT/n015-2018-07-24-11-13-19+0800__CAM_FRONT_LEFT__1532402327604844.jpg", "samples/CAM_FRONT/n015-2018-07-24-11-13-19+0800__CAM_FRONT__1532402327612460.jpg", "samples/CAM_FRONT_RIGHT/n015-2018-07-24-11-13-19+0800__CAM_FRONT_RIGHT__1532402327620339.jpg", "samples/CAM_BACK_LEFT/n015-2018-07-24-11-13-19+0800__CAM_BACK_LEFT__1532402327647423.jpg", "samples/CAM_BACK/n015-2018-07-24-11-13-19+0800__CAM_BACK__1532402327637525.jpg", "samples/CAM_BACK_RIGHT/n015-2018-07-24-11-13-19+0800__CAM_BACK_RIGHT__1532402327627893.jpg"], "intrinsics": [[[1272.5979470598488, 0.0, 826.6154927353808], [0.0, 1272.5979470598488, 479.75165386361925], [0.0, 0.0, 1.0]], [[1266.417203046554, 0.0, 816.2670197447984], [0.0, 1266.417203046554, 491.50706579294757], [0.0, 0.0, 1.0]], [[1260.8474446004698, 0.0, 807.968244525554], [0.0, 1260.8474446004698, 495.3344268742088], [0.0, 0.0, 1.0]], [[1256.7414812095406, 0.0, 792.1125740759628], [0.0, 1256.7414812095406, 492.7757465151356], [0.0, 0.0, 1.0]], [[809.2209905677063, 0.0, 829.2196003259838], [0.0, 809.2209905677063, 481.77842384512485], [0.0, 0.0, 1.0]], [[1259.5137405846733, 0.0, 807.2529053838625], [0.0, 1259.5137405846733, 501.19579884916527], [0.0, 0.0, 1.0]]], "extrinsics": [[[0.8212262392044067, -0.570415735244751, 0.014606926590204239, -0.807373046875], [-0.009053452871739864, -0.038621582090854645, -0.999212920665741, 1.5066089630126953], [0.5705309510231018, 0.8204475045204163, -0.03688129037618637, -1.173431396484375], [0.0, 0.0, 0.0, 1.0]], [[0.006489353254437447, -0.9990687966346741, 0.04265553504228592, 0.0078125], [-0.014371674507856369, -0.042745206505060196, -0.9989826679229736, 1.5183601379394531], [0.9998756647109985, 0.005869721528142691, -0.014635678380727768, -1.535888671875], [0.0, 0.0, 0.0, 1.0]], [[-0.8325921297073364, -0.5534693002700806, 0.021494446322321892, 0.93231201171875], [-0.008783604949712753, -0.025608303025364876, -0.9996334314346313, 1.5026159286499023], [0.5538168549537659, -0.8324757814407349, 0.016459815204143524, -1.1805419921875], [0.0, 0.0, 0.0, 1.0]], [[0.947675347328186, 0.3187241852283478, -0.018068328499794006, -1.1416015625], [-0.0001895250752568245, -0.056036945432424545, -0.9984286427497864, 1.588531494140625], [-0.31923583149909973, 0.9461896419525146, -0.05304441973567009, -0.103515625], [0.0, 0.0, 0.0, 1.0]], [[0.0019522603834047914, 0.9989360570907593, -0.046075835824012756, 0.00250244140625], [-0.02558005601167679, -0.04601095989346504, -0.9986134171485901, 1.5782358646392822], [-0.9996709227561951, 0.003128175623714924, 0.02546301670372486, -0.0426025390625], [0.0, 0.0, 0.0, 1.0]], [[-0.9350459575653076, 0.3540949523448944, -0.017485836520791054, 1.0543212890625], [0.007081317715346813, -0.030657941475510597, -0.9995048642158508, 1.5521011352539062], [-0.35445570945739746, -0.9347068071365356, 0.026159128174185753, -0.093475341796875], [0.0, 0.0, 0.0, 1.0]]], "view": [[0.0, -2.0, 100.0], [-2.0, 0.0, 100.0], [0.0, 0.0, 1.0]], "bev": "bev_765ae3a4e1104e7b97ff0d752809291d.png", "aux": "aux_765ae3a4e1104e7b97ff0d752809291d.npz", "visibility": "visibility_765ae3a4e1104e7b97ff0d752809291d.png", "pose": [[0.03734659403562546, 0.9993023872375488, 0.0, 782.4801025390625], [-0.9993023872375488, 0.03734659403562546, 0.0, 1426.4296875], [0.0, 0.0, 1.0, 0.0], [0.0, 0.0, 0.0, 1.0]], "pose_inverse": [[0.03734659403562546, -0.9993023872375488, 0.0, 1396.2115478515625], [0.9993023872375488, 0.03734659403562546, 0.0, -835.2064819335938], [0.0, 0.0, 1.0, 0.0], [0.0, 0.0, 0.0, 1.0]], "cam_ids": [0, 1, 2, 3, 4, 5], "cam_channels": ["CAM_FRONT_LEFT", "CAM_FRONT", "CAM_FRONT_RIGHT", "CAM_BACK_LEFT", "CAM_BACK", "CAM_BACK_RIGHT"], "token": "765ae3a4e1104e7b97ff0d752809291d", "scene": "scene-0052"}, {"images": ["samples/CAM_FRONT_LEFT/n015-2018-07-24-11-13-19+0800__CAM_FRONT_LEFT__1532402328104844.jpg", "samples/CAM_FRONT/n015-2018-07-24-11-13-19+0800__CAM_FRONT__1532402328112460.jpg", "samples/CAM_FRONT_RIGHT/n015-2018-07-24-11-13-19+0800__CAM_FRONT_RIGHT__1532402328120339.jpg", "samples/CAM_BACK_LEFT/n015-2018-07-24-11-13-19+0800__CAM_BACK_LEFT__1532402328147423.jpg", "samples/CAM_BACK/n015-2018-07-24-11-13-19+0800__CAM_BACK__1532402328137525.jpg", "samples/CAM_BACK_RIGHT/n015-2018-07-24-11-13-19+0800__CAM_BACK_RIGHT__1532402328127893.jpg"], "intrinsics": [[[1272.5979470598488, 0.0, 826.6154927353808], [0.0, 1272.5979470598488, 479.75165386361925], [0.0, 0.0, 1.0]], [[1266.417203046554, 0.0, 816.2670197447984], [0.0, 1266.417203046554, 491.50706579294757], [0.0, 0.0, 1.0]], [[1260.8474446004698, 0.0, 807.968244525554], [0.0, 1260.8474446004698, 495.3344268742088], [0.0, 0.0, 1.0]], [[1256.7414812095406, 0.0, 792.1125740759628], [0.0, 1256.7414812095406, 492.7757465151356], [0.0, 0.0, 1.0]], [[809.2209905677063, 0.0, 829.2196003259838], [0.0, 809.2209905677063, 481.77842384512485], [0.0, 0.0, 1.0]], [[1259.5137405846733, 0.0, 807.2529053838625], [0.0, 1259.5137405846733, 501.19579884916527], [0.0, 0.0, 1.0]]], "extrinsics": [[[0.8207185864448547, -0.570944607257843, 0.02105364203453064, -0.7950439453125], [0.0008218649891205132, -0.03567022085189819, -0.9993632435798645, 1.5085277557373047], [0.5713319182395935, 0.8202134370803833, -0.02880597487092018, -1.16571044921875], [0.0, 0.0, 0.0, 1.0]], [[0.005605642218142748, -0.9991991519927979, 0.039618875831365585, 0.008544921875], [-0.004280317109078169, -0.03964311257004738, -0.9992047548294067, 1.5199146270751953], [0.9999750852584839, 0.005431603640317917, -0.004499113652855158, -1.5238037109375], [0.0, 0.0, 0.0, 1.0]], [[-0.8329617381095886, -0.5532196760177612, 0.011079671792685986, 0.92449951171875], [0.001547639025375247, -0.022352809086441994, -0.9997488856315613, 1.5038909912109375], [0.5533284544944763, -0.8327353596687317, 0.019475219771265984, -1.174560546875], [0.0, 0.0, 0.0, 1.0]], [[0.9478051066398621, 0.31878483295440674, -0.006466230843216181, -1.1373291015625], [0.010804547928273678, -0.05237884446978569, -0.9985687732696533, 1.5886192321777344], [-0.31866729259490967, 0.9463787078857422, -0.053089261054992676, -0.1055908203125], [0.0, 0.0, 0.0, 1.0]], [[0.0025569917634129524, 0.9990918040275574, -0.04253174737095833, 0.002197265625], [-0.014822598546743393, -0.042489346116781235, -0.9989869594573975, 1.5786418914794922], [-0.9998868107795715, 0.0031848300714045763, 0.014700490981340408, -0.048583984375], [0.0, 0.0, 0.0, 1.0]], [[-0.9347233176231384, 0.35441485047340393, -0.026123328134417534, 1.046875], [0.017591357231140137, -0.02727457322180271, -0.9994732141494751, 1.5531578063964844], [-0.3549407124519348, -0.9346904158592224, 0.019259536638855934, -0.095977783203125], [0.0, 0.0, 0.0, 1.0]]], "view": [[0.0, -2.0, 100.0], [-2.0, 0.0, 100.0], [0.0, 0.0, 1.0]], "bev": "bev_8f314d8b2fd44cdd9ce172545db50283.png", "aux": "aux_8f314d8b2fd44cdd9ce172545db50283.npz", "visibility": "visibility_8f314d8b2fd44cdd9ce172545db50283.png", "pose": [[0.03260777145624161, 0.999468207359314, 0.0, 782.5201416015625], [-0.999468207359314, 0.03260777145624161, 0.0, 1424.1514892578125], [0.0, 0.0, 1.0, 0.0], [0.0, 0.0, 0.0, 1.0]], "pose_inverse": [[0.03260777145624161, -0.999468207359314, 0.0, 1397.8779296875], [0.999468207359314, 0.03260777145624161, 0.0, -828.5424194335938], [0.0, 0.0, 1.0, 0.0], [0.0, 0.0, 0.0, 1.0]], "cam_ids": [0, 1, 2, 3, 4, 5], "cam_channels": ["CAM_FRONT_LEFT", "CAM_FRONT", "CAM_FRONT_RIGHT", "CAM_BACK_LEFT", "CAM_BACK", "CAM_BACK_RIGHT"], "token": "8f314d8b2fd44cdd9ce172545db50283", "scene": "scene-0052"}, {"images": ["samples/CAM_FRONT_LEFT/n015-2018-07-24-11-13-19+0800__CAM_FRONT_LEFT__1532402328604844.jpg", "samples/CAM_FRONT/n015-2018-07-24-11-13-19+0800__CAM_FRONT__1532402328612460.jpg", "samples/CAM_FRONT_RIGHT/n015-2018-07-24-11-13-19+0800__CAM_FRONT_RIGHT__1532402328620339.jpg", "samples/CAM_BACK_LEFT/n015-2018-07-24-11-13-19+0800__CAM_BACK_LEFT__1532402328647423.jpg", "samples/CAM_BACK/n015-2018-07-24-11-13-19+0800__CAM_BACK__1532402328637525.jpg", "samples/CAM_BACK_RIGHT/n015-2018-07-24-11-13-19+0800__CAM_BACK_RIGHT__1532402328627893.jpg"], "intrinsics": [[[1272.5979470598488, 0.0, 826.6154927353808], [0.0, 1272.5979470598488, 479.75165386361925], [0.0, 0.0, 1.0]], [[1266.417203046554, 0.0, 816.2670197447984], [0.0, 1266.417203046554, 491.50706579294757], [0.0, 0.0, 1.0]], [[1260.8474446004698, 0.0, 807.968244525554], [0.0, 1260.8474446004698, 495.3344268742088], [0.0, 0.0, 1.0]], [[1256.7414812095406, 0.0, 792.1125740759628], [0.0, 1256.7414812095406, 492.7757465151356], [0.0, 0.0, 1.0]], [[809.2209905677063, 0.0, 829.2196003259838], [0.0, 809.2209905677063, 481.77842384512485], [0.0, 0.0, 1.0]], [[1259.5137405846733, 0.0, 807.2529053838625], [0.0, 1259.5137405846733, 501.19579884916527], [0.0, 0.0, 1.0]]], "extrinsics": [[[0.8208674788475037, -0.5706830620765686, 0.02230287902057171, -0.783935546875], [0.00757348770275712, -0.02817072905600071, -0.9995744228363037, 1.5099678039550781], [0.5710684657096863, 0.8206870555877686, -0.018802374601364136, -1.1568756103515625], [0.0, 0.0, 0.0, 1.0]], [[0.0058074514381587505, -0.9994690418243408, 0.0320596806704998, 0.00787353515625], [0.00233482732437551, -0.03204657882452011, -0.9994837045669556, 1.5210113525390625], [0.9999803900718689, 0.005879304837435484, 0.002147478051483631, -1.51123046875], [0.0, 0.0, 0.0, 1.0]], [[-0.8328003883361816, -0.5535715222358704, 0.001431319280527532, 0.9151611328125], [0.008017241954803467, -0.014646493829786777, -0.9998605251312256, 1.5047988891601562], [0.5535152554512024, -0.8326727747917175, 0.016635723412036896, -1.1693115234375], [0.0, 0.0, 0.0, 1.0]], [[0.947779655456543, 0.318919837474823, 0.0019481884082779288, -1.140625], [0.016962813213467598, -0.04430898651480675, -0.9988738298416138, 1.5885887145996094], [-0.31847435235977173, 0.9467453360557556, -0.0474049374461174, -0.1043701171875], [0.0, 0.0, 0.0, 1.0]], [[0.0025895750150084496, 0.9993986487388611, -0.03457722067832947, 0.0023193359375], [-0.008556710556149483, -0.034553926438093185, -0.9993662238121033, 1.5789146423339844], [-0.9999600052833557, 0.0028838030993938446, 0.008462084457278252, -0.0517578125], [0.0, 0.0, 0.0, 1.0]], [[-0.9346507787704468, 0.35435718297958374, -0.029308795928955078, 1.0390625], [0.023962702602148056, -0.019466426223516464, -0.9995233416557312, 1.5539512634277344], [-0.3547587990760803, -0.9349075555801392, 0.009702954441308975, -0.0994873046875], [0.0, 0.0, 0.0, 1.0]]], "view": [[0.0, -2.0, 100.0], [-2.0, 0.0, 100.0], [0.0, 0.0, 1.0]], "bev": "bev_3fa896ec033d435e8d4c6e1d53dca2df.png", "aux": "aux_3fa896ec033d435e8d4c6e1d53dca2df.npz", "visibility": "visibility_3fa896ec033d435e8d4c6e1d53dca2df.png", "pose": [[0.030897757038474083, 0.9995225667953491, 0.0, 782.5789794921875], [-0.9995225667953491, 0.030897757038474083, 0.0, 1421.7305908203125], [0.0, 0.0, 1.0, 0.0], [0.0, 0.0, 0.0, 1.0]], "pose_inverse": [[0.030897757038474083, -0.9995225667953491, 0.0, 1396.871826171875], [0.9995225667953491, 0.030897757038474083, 0.0, -826.1336059570312], [0.0, 0.0, 1.0, 0.0], [0.0, 0.0, 0.0, 1.0]], "cam_ids": [0, 1, 2, 3, 4, 5], "cam_channels": ["CAM_FRONT_LEFT", "CAM_FRONT", "CAM_FRONT_RIGHT", "CAM_BACK_LEFT", "CAM_BACK", "CAM_BACK_RIGHT"], "token": "3fa896ec033d435e8d4c6e1d53dca2df", "scene": "scene-0052"}, {"images": ["samples/CAM_FRONT_LEFT/n015-2018-07-24-11-13-19+0800__CAM_FRONT_LEFT__1532402329154844.jpg", "samples/CAM_FRONT/n015-2018-07-24-11-13-19+0800__CAM_FRONT__1532402329162460.jpg", "samples/CAM_FRONT_RIGHT/n015-2018-07-24-11-13-19+0800__CAM_FRONT_RIGHT__1532402329170339.jpg", "samples/CAM_BACK_LEFT/n015-2018-07-24-11-13-19+0800__CAM_BACK_LEFT__1532402329197423.jpg", "samples/CAM_BACK/n015-2018-07-24-11-13-19+0800__CAM_BACK__1532402329187525.jpg", "samples/CAM_BACK_RIGHT/n015-2018-07-24-11-13-19+0800__CAM_BACK_RIGHT__1532402329177893.jpg"], "intrinsics": [[[1272.5979470598488, 0.0, 826.6154927353808], [0.0, 1272.5979470598488, 479.75165386361925], [0.0, 0.0, 1.0]], [[1266.417203046554, 0.0, 816.2670197447984], [0.0, 1266.417203046554, 491.50706579294757], [0.0, 0.0, 1.0]], [[1260.8474446004698, 0.0, 807.968244525554], [0.0, 1260.8474446004698, 495.3344268742088], [0.0, 0.0, 1.0]], [[1256.7414812095406, 0.0, 792.1125740759628], [0.0, 1256.7414812095406, 492.7757465151356], [0.0, 0.0, 1.0]], [[809.2209905677063, 0.0, 829.2196003259838], [0.0, 809.2209905677063, 481.77842384512485], [0.0, 0.0, 1.0]], [[1259.5137405846733, 0.0, 807.2529053838625], [0.0, 1259.5137405846733, 501.19579884916527], [0.0, 0.0, 1.0]]], "extrinsics": [[[0.8205730319023132, -0.5710821151733398, 0.022917810827493668, -0.755615234375], [0.014352213591337204, -0.019496416673064232, -0.9997069239616394, 1.5119171142578125], [0.5713614821434021, 0.8206614255905151, -0.007801942061632872, -1.1350173950195312], [0.0, 0.0, 0.0, 1.0]], [[0.005438682623207569, -0.9997103214263916, 0.023444954305887222, 0.0068359375], [0.009108957834541798, -0.02339480258524418, -0.9996848106384277, 1.5224609375], [0.999943733215332, 0.005650525912642479, 0.00897908117622137, -1.482421875], [0.0, 0.0, 0.0, 1.0]], [[-0.8328394889831543, -0.5534420013427734, -0.008958714082837105, 0.89630126953125], [0.014772651717066765, -0.006045212037861347, -0.999872624874115, 1.5060653686523438], [0.5533173680305481, -0.8328657746315002, 0.013210496865212917, -1.15771484375], [0.0, 0.0, 0.0, 1.0]], [[0.9477664232254028, 0.3187810480594635, 0.010841128416359425, -1.1402587890625], [0.023534703999757767, -0.035994309931993484, -0.9990748167037964, 1.588592529296875], [-0.3180958926677704, 0.9471447467803955, -0.04161661118268967, -0.1041259765625], [0.0, 0.0, 0.0, 1.0]], [[0.0027787780854851007, 0.9996556043624878, -0.026095382869243622, 0.00274658203125], [-0.0018902037991210818, -0.026090187951922417, -0.9996578097343445, 1.579244613647461], [-0.9999942779541016, 0.0028271537739783525, 0.0018170549301430583, -0.0599365234375], [0.0, 0.0, 0.0, 1.0]], [[-0.9344179034233093, 0.35468658804893494, -0.03256813809275627, 1.0252685546875], [0.030690977349877357, -0.010918536223471165, -0.9994692802429199, 1.5550994873046875], [-0.35485395789146423, -0.9349215030670166, -0.0006832018843851984, -0.105438232421875], [0.0, 0.0, 0.0, 1.0]]], "view": [[0.0, -2.0, 100.0], [-2.0, 0.0, 100.0], [0.0, 0.0, 1.0]], "bev": "bev_cd1e3935cdc940b397670c0f6b6822a5.png", "aux": "aux_cd1e3935cdc940b397670c0f6b6822a5.npz", "visibility": "visibility_cd1e3935cdc940b397670c0f6b6822a5.png", "pose": [[0.024578023701906204, 0.9996979236602783, 0.0, 782.6520385742188], [-0.9996979236602783, 0.024578023701906204, 0.0, 1418.67333984375], [0.0, 0.0, 1.0, 0.0], [0.0, 0.0, 0.0, 1.0]], "pose_inverse": [[0.024578023701906204, -0.9996979236602783, 0.0, 1399.0087890625], [0.9996979236602783, 0.024578023701906204, 0.0, -817.2838134765625], [0.0, 0.0, 1.0, 0.0], [0.0, 0.0, 0.0, 1.0]], "cam_ids": [0, 1, 2, 3, 4, 5], "cam_channels": ["CAM_FRONT_LEFT", "CAM_FRONT", "CAM_FRONT_RIGHT", "CAM_BACK_LEFT", "CAM_BACK", "CAM_BACK_RIGHT"], "token": "cd1e3935cdc940b397670c0f6b6822a5", "scene": "scene-0052"}, {"images": ["samples/CAM_FRONT_LEFT/n015-2018-07-24-11-13-19+0800__CAM_FRONT_LEFT__1532402329654844.jpg", "samples/CAM_FRONT/n015-2018-07-24-11-13-19+0800__CAM_FRONT__1532402329662460.jpg", "samples/CAM_FRONT_RIGHT/n015-2018-07-24-11-13-19+0800__CAM_FRONT_RIGHT__1532402329670339.jpg", "samples/CAM_BACK_LEFT/n015-2018-07-24-11-13-19+0800__CAM_BACK_LEFT__1532402329697423.jpg", "samples/CAM_BACK/n015-2018-07-24-11-13-19+0800__CAM_BACK__1532402329687525.jpg", "samples/CAM_BACK_RIGHT/n015-2018-07-24-11-13-19+0800__CAM_BACK_RIGHT__1532402329677893.jpg"], "intrinsics": [[[1272.5979470598488, 0.0, 826.6154927353808], [0.0, 1272.5979470598488, 479.75165386361925], [0.0, 0.0, 1.0]], [[1266.417203046554, 0.0, 816.2670197447984], [0.0, 1266.417203046554, 491.50706579294757], [0.0, 0.0, 1.0]], [[1260.8474446004698, 0.0, 807.968244525554], [0.0, 1260.8474446004698, 495.3344268742088], [0.0, 0.0, 1.0]], [[1256.7414812095406, 0.0, 792.1125740759628], [0.0, 1256.7414812095406, 492.7757465151356], [0.0, 0.0, 1.0]], [[809.2209905677063, 0.0, 829.2196003259838], [0.0, 809.2209905677063, 481.77842384512485], [0.0, 0.0, 1.0]], [[1259.5137405846733, 0.0, 807.2529053838625], [0.0, 1259.5137405846733, 501.19579884916527], [0.0, 0.0, 1.0]]], "extrinsics": [[[0.8209851980209351, -0.5705493092536926, 0.02137237973511219, -0.714599609375], [0.01488890964537859, -0.016026122495532036, -0.9997606873512268, 1.5127944946289062], [0.5707553625106812, 0.8211069703102112, -0.004662353545427322, -1.1083526611328125], [0.0, 0.0, 0.0, 1.0]], [[0.0060596526600420475, -0.9997801780700684, 0.020070040598511696, 0.008056640625], [0.009585445746779442, -0.0200114157050848, -0.9997538328170776, 1.5229606628417969], [0.9999356865882874, 0.006250542588531971, 0.009462075307965279, -1.44189453125], [0.0, 0.0, 0.0, 1.0]], [[-0.8325499296188354, -0.5538380742073059, -0.011137356050312519, 0.870361328125], [0.015185009688138962, -0.0027196528390049934, -0.9998809695243835, 1.5066146850585938], [0.5537418127059937, -0.8326199650764465, 0.010674282908439636, -1.1392822265625], [0.0, 0.0, 0.0, 1.0]], [[0.9476811289787292, 0.31899094581604004, 0.012051263824105263, -1.139892578125], [0.023798920214176178, -0.032955434173345566, -0.9991734027862549, 1.5886116027832031], [-0.31833013892173767, 0.9471846222877502, -0.038822878152132034, -0.1046142578125], [0.0, 0.0, 0.0, 1.0]], [[0.002564112190157175, 0.9997317790985107, -0.02302161231637001, 0.00250244140625], [-0.0016168283764272928, -0.023017510771751404, -0.9997337460517883, 1.5792522430419922], [-0.9999954104423523, 0.002600649604573846, 0.0015573754208162427, -0.071044921875], [0.0, 0.0, 0.0, 1.0]], [[-0.9345435500144958, 0.3544290065765381, -0.03175525367259979, 1.003662109375], [0.031044544652104378, -0.0076927319169044495, -0.9994884133338928, 1.55584716796875], [-0.3544919788837433, -0.9350513219833374, -0.0038138930685818195, -0.1129150390625], [0.0, 0.0, 0.0, 1.0]]], "view": [[0.0, -2.0, 100.0], [-2.0, 0.0, 100.0], [0.0, 0.0, 1.0]], "bev": "bev_e8bce203cdcd474fb6945f0b592a0747.png", "aux": "aux_e8bce203cdcd474fb6945f0b592a0747.npz", "visibility": "visibility_e8bce203cdcd474fb6945f0b592a0747.png", "pose": [[0.015364058315753937, 0.9998819828033447, 0.0, 782.6890258789062], [-0.9998819828033447, 0.015364058315753937, 0.0, 1415.378662109375], [0.0, 0.0, 1.0, 0.0], [0.0, 0.0, 0.0, 1.0]], "pose_inverse": [[0.015364058315753937, -0.9998819828033447, 0.0, 1403.186279296875], [0.9998819828033447, 0.015364058315753937, 0.0, -804.3425903320312], [0.0, 0.0, 1.0, 0.0], [0.0, 0.0, 0.0, 1.0]], "cam_ids": [0, 1, 2, 3, 4, 5], "cam_channels": ["CAM_FRONT_LEFT", "CAM_FRONT", "CAM_FRONT_RIGHT", "CAM_BACK_LEFT", "CAM_BACK", "CAM_BACK_RIGHT"], "token": "e8bce203cdcd474fb6945f0b592a0747", "scene": "scene-0052"}, {"images": ["samples/CAM_FRONT_LEFT/n015-2018-07-24-11-13-19+0800__CAM_FRONT_LEFT__1532402330104844.jpg", "samples/CAM_FRONT/n015-2018-07-24-11-13-19+0800__CAM_FRONT__1532402330112460.jpg", "samples/CAM_FRONT_RIGHT/n015-2018-07-24-11-13-19+0800__CAM_FRONT_RIGHT__1532402330120339.jpg", "samples/CAM_BACK_LEFT/n015-2018-07-24-11-13-19+0800__CAM_BACK_LEFT__1532402330147423.jpg", "samples/CAM_BACK/n015-2018-07-24-11-13-19+0800__CAM_BACK__1532402330137525.jpg", "samples/CAM_BACK_RIGHT/n015-2018-07-24-11-13-19+0800__CAM_BACK_RIGHT__1532402330127893.jpg"], "intrinsics": [[[1272.5979470598488, 0.0, 826.6154927353808], [0.0, 1272.5979470598488, 479.75165386361925], [0.0, 0.0, 1.0]], [[1266.417203046554, 0.0, 816.2670197447984], [0.0, 1266.417203046554, 491.50706579294757], [0.0, 0.0, 1.0]], [[1260.8474446004698, 0.0, 807.968244525554], [0.0, 1260.8474446004698, 495.3344268742088], [0.0, 0.0, 1.0]], [[1256.7414812095406, 0.0, 792.1125740759628], [0.0, 1256.7414812095406, 492.7757465151356], [0.0, 0.0, 1.0]], [[809.2209905677063, 0.0, 829.2196003259838], [0.0, 809.2209905677063, 481.77842384512485], [0.0, 0.0, 1.0]], [[1259.5137405846733, 0.0, 807.2529053838625], [0.0, 1259.5137405846733, 501.19579884916527], [0.0, 0.0, 1.0]]], "extrinsics": [[[0.8204673528671265, -0.5712715983390808, 0.021954931318759918, -0.67919921875], [0.015922488644719124, -0.01555408164858818, -0.9997522234916687, 1.5137901306152344], [0.5714715719223022, 0.8206135630607605, -0.003665550611913204, -1.0813140869140625], [0.0, 0.0, 0.0, 1.0]], [[0.005302701611071825, -0.9997925758361816, 0.019660547375679016, 0.00665283203125], [0.01065792702138424, -0.019603202119469643, -0.999751091003418, 1.5235958099365234], [0.9999291300773621, 0.005510921590030193, 0.010551766492426395, -1.4049072265625], [0.0, 0.0, 0.0, 1.0]], [[-0.8328670859336853, -0.5533367991447449, -0.012276782654225826, 0.84527587890625], [0.01632089354097843, -0.0023819522466510534, -0.9998639822006226, 1.5073089599609375], [0.5532323122024536, -0.8329541683197021, 0.011014800518751144, -1.1246337890625], [0.0, 0.0, 0.0, 1.0]], [[0.9477460384368896, 0.318744421005249, 0.013397304341197014, -1.131591796875], [0.025102972984313965, -0.03264465928077698, -0.9991517066955566, 1.5888099670410156], [-0.31803667545318604, 0.9472783803939819, -0.03894027695059776, -0.106689453125], [0.0, 0.0, 0.0, 1.0]], [[0.0029208266641944647, 0.9997382760047913, -0.022690633311867714, 0.00341796875], [-0.00035272823879495263, -0.02268970012664795, -0.9997425079345703, 1.5793170928955078], [-0.9999955892562866, 0.0029280767776072025, 0.0002863616100512445, -0.0867919921875], [0.0, 0.0, 0.0, 1.0]], [[-0.9343522787094116, 0.354842871427536, -0.0327448807656765, 0.9827880859375], [0.032222308218479156, -0.007383537013083696, -0.9994534850120544, 1.5567398071289062], [-0.3548907935619354, -0.9348967671394348, -0.0045350342988967896, -0.1218414306640625], [0.0, 0.0, 0.0, 1.0]]], "view": [[0.0, -2.0, 100.0], [-2.0, 0.0, 100.0], [0.0, 0.0, 1.0]], "bev": "bev_1b63a37d82ed4debbfdad9791a693d84.png", "aux": "aux_1b63a37d82ed4debbfdad9791a693d84.npz", "visibility": "visibility_1b63a37d82ed4debbfdad9791a693d84.png", "pose": [[0.011073209345340729, 0.9999386668205261, 0.0, 782.7279663085938], [-0.9999386668205261, 0.011073209345340729, 0.0, 1411.9818115234375], [0.0, 0.0, 1.0, 0.0], [0.0, 0.0, 0.0, 1.0]], "pose_inverse": [[0.011073209345340729, -0.9999386668205261, 0.0, 1403.2279052734375], [0.9999386668205261, 0.011073209345340729, 0.0, -798.3151245117188], [0.0, 0.0, 1.0, 0.0], [0.0, 0.0, 0.0, 1.0]], "cam_ids": [0, 1, 2, 3, 4, 5], "cam_channels": ["CAM_FRONT_LEFT", "CAM_FRONT", "CAM_FRONT_RIGHT", "CAM_BACK_LEFT", "CAM_BACK", "CAM_BACK_RIGHT"], "token": "1b63a37d82ed4debbfdad9791a693d84", "scene": "scene-0052"}, {"images": ["samples/CAM_FRONT_LEFT/n015-2018-07-24-11-13-19+0800__CAM_FRONT_LEFT__1532402330504844.jpg", "samples/CAM_FRONT/n015-2018-07-24-11-13-19+0800__CAM_FRONT__1532402330512460.jpg", "samples/CAM_FRONT_RIGHT/n015-2018-07-24-11-13-19+0800__CAM_FRONT_RIGHT__1532402330520339.jpg", "samples/CAM_BACK_LEFT/n015-2018-07-24-11-13-19+0800__CAM_BACK_LEFT__1532402330547423.jpg", "samples/CAM_BACK/n015-2018-07-24-11-13-19+0800__CAM_BACK__1532402330537529.jpg", "samples/CAM_BACK_RIGHT/n015-2018-07-24-11-13-19+0800__CAM_BACK_RIGHT__1532402330527893.jpg"], "intrinsics": [[[1272.5979470598488, 0.0, 826.6154927353808], [0.0, 1272.5979470598488, 479.75165386361925], [0.0, 0.0, 1.0]], [[1266.417203046554, 0.0, 816.2670197447984], [0.0, 1266.417203046554, 491.50706579294757], [0.0, 0.0, 1.0]], [[1260.8474446004698, 0.0, 807.968244525554], [0.0, 1260.8474446004698, 495.3344268742088], [0.0, 0.0, 1.0]], [[1256.7414812095406, 0.0, 792.1125740759628], [0.0, 1256.7414812095406, 492.7757465151356], [0.0, 0.0, 1.0]], [[809.2209905677063, 0.0, 829.2196003259838], [0.0, 809.2209905677063, 481.77842384512485], [0.0, 0.0, 1.0]], [[1259.5137405846733, 0.0, 807.2529053838625], [0.0, 1259.5137405846733, 501.19579884916527], [0.0, 0.0, 1.0]]], "extrinsics": [[[0.8200294375419617, -0.5720006823539734, 0.019158121198415756, -0.6671142578125], [0.014387823641300201, -0.012860330753028393, -0.9998137950897217, 1.513479232788086], [0.5721405744552612, 0.8201523423194885, -0.002316004130989313, -1.07525634765625], [0.0, 0.0, 0.0, 1.0]], [[0.004622496198862791, -0.9998462200164795, 0.016911162063479424, 0.00830078125], [0.009042991325259209, -0.01686885766685009, -0.9998168349266052, 1.5232601165771484], [0.9999484419822693, 0.004774575121700764, 0.008963624015450478, -1.3941650390625], [0.0, 0.0, 0.0, 1.0]], [[-0.8331884741783142, -0.5528499484062195, -0.01241045631468296, 0.83935546875], [0.01463639922440052, 0.00038753135595470667, -0.9998927712440491, 1.5070457458496094], [0.55279541015625, -0.8332807421684265, 0.0077688442543148994, -1.118896484375], [0.0, 0.0, 0.0, 1.0]], [[0.9476712942123413, 0.3190044164657593, 0.012463937513530254, -1.1358642578125], [0.023226473480463028, -0.029955949634313583, -0.9992812871932983, 1.588714599609375], [-0.3184017837047577, 0.9472797513008118, -0.03579774126410484, -0.10595703125], [0.0, 0.0, 0.0, 1.0]], [[0.0029380726628005505, 0.9997971057891846, -0.019925689324736595, 0.00244140625], [-0.0021623920183628798, -0.01991937682032585, -0.9997992515563965, 1.5791778564453125], [-0.9999933242797852, 0.0029805719386786222, 0.0021034274250268936, -0.0872802734375], [0.0, 0.0, 0.0, 1.0]], [[-0.9342707395553589, 0.35528966784477234, -0.030125023797154427, 0.9776611328125], [0.030477473512291908, -0.00460610818117857, -0.9995248317718506, 1.5566215515136719], [-0.35525962710380554, -0.9347450137138367, -0.0065249791368842125, -0.1230010986328125], [0.0, 0.0, 0.0, 1.0]]], "view": [[0.0, -2.0, 100.0], [-2.0, 0.0, 100.0], [0.0, 0.0, 1.0]], "bev": "bev_5be8479a1c6c41f49e53ea7f0ff1793c.png", "aux": "aux_5be8479a1c6c41f49e53ea7f0ff1793c.npz", "visibility": "visibility_5be8479a1c6c41f49e53ea7f0ff1793c.png", "pose": [[0.012189090251922607, 0.9999257326126099, 0.0, 782.7291259765625], [-0.9999257326126099, 0.012189090251922607, 0.0, 1408.7066650390625], [0.0, 0.0, 1.0, 0.0], [0.0, 0.0, 0.0, 1.0]], "pose_inverse": [[0.012189090251922607, -0.9999257326126099, 0.0, 1399.061279296875], [0.9999257326126099, 0.012189090251922607, 0.0, -799.8418579101562], [0.0, 0.0, 1.0, 0.0], [0.0, 0.0, 0.0, 1.0]], "cam_ids": [0, 1, 2, 3, 4, 5], "cam_channels": ["CAM_FRONT_LEFT", "CAM_FRONT", "CAM_FRONT_RIGHT", "CAM_BACK_LEFT", "CAM_BACK", "CAM_BACK_RIGHT"], "token": "5be8479a1c6c41f49e53ea7f0ff1793c", "scene": "scene-0052"}, {"images": ["samples/CAM_FRONT_LEFT/n015-2018-07-24-11-13-19+0800__CAM_FRONT_LEFT__1532402331004844.jpg", "samples/CAM_FRONT/n015-2018-07-24-11-13-19+0800__CAM_FRONT__1532402331012460.jpg", "samples/CAM_FRONT_RIGHT/n015-2018-07-24-11-13-19+0800__CAM_FRONT_RIGHT__1532402331020339.jpg", "samples/CAM_BACK_LEFT/n015-2018-07-24-11-13-19+0800__CAM_BACK_LEFT__1532402331047423.jpg", "samples/CAM_BACK/n015-2018-07-24-11-13-19+0800__CAM_BACK__1532402331037525.jpg", "samples/CAM_BACK_RIGHT/n015-2018-07-24-11-13-19+0800__CAM_BACK_RIGHT__1532402331027893.jpg"], "intrinsics": [[[1272.5979470598488, 0.0, 826.6154927353808], [0.0, 1272.5979470598488, 479.75165386361925], [0.0, 0.0, 1.0]], [[1266.417203046554, 0.0, 816.2670197447984], [0.0, 1266.417203046554, 491.50706579294757], [0.0, 0.0, 1.0]], [[1260.8474446004698, 0.0, 807.968244525554], [0.0, 1260.8474446004698, 495.3344268742088], [0.0, 0.0, 1.0]], [[1256.7414812095406, 0.0, 792.1125740759628], [0.0, 1256.7414812095406, 492.7757465151356], [0.0, 0.0, 1.0]], [[809.2209905677063, 0.0, 829.2196003259838], [0.0, 809.2209905677063, 481.77842384512485], [0.0, 0.0, 1.0]], [[1259.5137405846733, 0.0, 807.2529053838625], [0.0, 1259.5137405846733, 501.19579884916527], [0.0, 0.0, 1.0]]], "extrinsics": [[[0.8204482197761536, -0.5714454054832458, 0.017744429409503937, -0.638427734375], [0.011894077062606812, -0.013969785533845425, -0.9998316764831543, 1.5129947662353516], [0.5715972185134888, 0.8205211162567139, -0.0046646674163639545, -1.055267333984375], [0.0, 0.0, 0.0, 1.0]], [[0.005250214133411646, -0.9998230338096619, 0.018063465133309364, 0.0084228515625], [0.0065240152180194855, -0.01802908256649971, -0.9998161792755127, 1.5226993560791016], [0.9999649524688721, 0.005367092322558165, 0.006428203079849482, -1.3646240234375], [0.0, 0.0, 0.0, 1.0]], [[-0.8329676389694214, -0.5532382726669312, -0.009609033353626728, 0.81951904296875], [0.012079525738954544, -0.000819760316517204, -0.9999266862869263, 1.5067462921142578], [0.5531898736953735, -0.8330226540565491, 0.0073656924068927765, -1.1058349609375], [0.0, 0.0, 0.0, 1.0]], [[0.9477358460426331, 0.3189127445220947, 0.009564831852912903, -1.135498046875], [0.020598279312253, -0.031242389231920242, -0.9992995262145996, 1.5886802673339844], [-0.31839051842689514, 0.9472691416740417, -0.0361785814166069, -0.1055908203125], [0.0, 0.0, 0.0, 1.0]], [[0.002769261598587036, 0.9997712969779968, -0.02121029235422611