[{"images": ["samples/CAM_FRONT_LEFT/n015-2018-11-21-19-38-26+0800__CAM_FRONT_LEFT__1542800507904844.jpg", "samples/CAM_FRONT/n015-2018-11-21-19-38-26+0800__CAM_FRONT__1542800507912460.jpg", "samples/CAM_FRONT_RIGHT/n015-2018-11-21-19-38-26+0800__CAM_FRONT_RIGHT__1542800507920339.jpg", "samples/CAM_BACK_LEFT/n015-2018-11-21-19-38-26+0800__CAM_BACK_LEFT__1542800507947423.jpg", "samples/CAM_BACK/n015-2018-11-21-19-38-26+0800__CAM_BACK__1542800507937525.jpg", "samples/CAM_BACK_RIGHT/n015-2018-11-21-19-38-26+0800__CAM_BACK_RIGHT__1542800507927893.jpg"], "intrinsics": [[[1272.5979470598488, 0.0, 826.6154927353808], [0.0, 1272.5979470598488, 479.75165386361925], [0.0, 0.0, 1.0]], [[1266.417203046554, 0.0, 816.2670197447984], [0.0, 1266.417203046554, 491.50706579294757], [0.0, 0.0, 1.0]], [[1260.8474446004698, 0.0, 807.968244525554], [0.0, 1260.8474446004698, 495.3344268742088], [0.0, 0.0, 1.0]], [[1256.7414812095406, 0.0, 792.1125740759628], [0.0, 1256.7414812095406, 492.7757465151356], [0.0, 0.0, 1.0]], [[809.2209905677063, 0.0, 829.2196003259838], [0.0, 809.2209905677063, 481.77842384512485], [0.0, 0.0, 1.0]], [[1259.5137405846733, 0.0, 807.2529053838625], [0.0, 1259.5137405846733, 501.19579884916527], [0.0, 0.0, 1.0]]], "extrinsics": [[[0.8205838203430176, -0.5715022087097168, 0.005247363820672035, -0.9649505615234375], [-0.016372904181480408, -0.03268438205122948, -0.9993315935134888, 1.5082473754882812], [0.5712916851043701, 0.8199494481086731, -0.03617741912603378, -1.2801513671875], [0.0, 0.0, 0.0, 1.0]], [[0.005637308117002249, -0.9993132948875427, 0.03662224858999252, 0.0050048828125], [-0.02166288159787655, -0.036736276000738144, -0.9990901947021484, 1.5205230712890625], [0.999749481678009, 0.004838856402784586, -0.021855097264051437, -1.692138671875], [0.0, 0.0, 0.0, 1.0]], [[-0.8330001831054688, -0.5527451634407043, 0.02415652759373188, 1.0323486328125], [-0.016029207035899162, -0.019532479345798492, -0.9996806979179382, 1.5036430358886719], [0.5530405044555664, -0.8331214189529419, 0.007410492282360792, -1.2486572265625], [0.0, 0.0, 0.0, 1.0]], [[0.9477171301841736, 0.3182924687862396, -0.022850142791867256, -1.1422119140625], [-0.007336785085499287, -0.04985326528549194, -0.9987295866012573, 1.5885543823242188], [-0.31902724504470825, 0.9466808438301086, -0.044911548495292664, -0.103759765625], [0.0, 0.0, 0.0, 1.0]], [[0.0024140621535480022, 0.9991993308067322, -0.03993692621588707, 0.0029296875], [-0.032768432050943375, -0.03983655199408531, -0.9986687898635864, 1.5793533325195312], [-0.9994601011276245, 0.0037195247132331133, 0.032646022737026215, 0.0018310546875], [0.0, 0.0, 0.0, 1.0]], [[-0.9348082542419434, 0.35504916310310364, -0.008582588285207748, 1.1361083984375], [-0.00014350686979014426, -0.02454351633787155, -0.9996987581253052, 1.5514450073242188], [-0.35515284538269043, -0.9345253705978394, 0.02299443446099758, -0.0634765625], [0.0, 0.0, 0.0, 1.0]]], "view": [[0.0, -2.0, 100.0], [-2.0, 0.0, 100.0], [0.0, 0.0, 1.0]], "bev": "bev_ad6e29f44fda4af9baa5538e32d92e55.png", "aux": "aux_ad6e29f44fda4af9baa5538e32d92e55.npz", "visibility": "visibility_ad6e29f44fda4af9baa5538e32d92e55.png", "pose": [[0.9916001558303833, 0.129341259598732, 0.0, 1468.5755615234375], [-0.129341259598732, 0.9916001558303833, 0.0, 1408.849609375], [0.0, 0.0, 1.0, 0.0], [0.0, 0.0, 0.0, 1.0]], "pose_inverse": [[0.9916001558303833, -0.129341259598732, 0.0, -1274.017333984375], [0.129341259598732, 0.9916001558303833, 0.0, -1586.962890625], [0.0, 0.0, 1.0, 0.0], [0.0, 0.0, 0.0, 1.0]], "cam_ids": [0, 1, 2, 3, 4, 5], "cam_channels": ["CAM_FRONT_LEFT", "CAM_FRONT", "CAM_FRONT_RIGHT", "CAM_BACK_LEFT", "CAM_BACK", "CAM_BACK_RIGHT"], "token": "ad6e29f44fda4af9baa5538e32d92e55", "scene": "scene-1083"}, {"images": ["samples/CAM_FRONT_LEFT/n015-2018-11-21-19-38-26+0800__CAM_FRONT_LEFT__1542800508404844.jpg", "samples/CAM_FRONT/n015-2018-11-21-19-38-26+0800__CAM_FRONT__1542800508412460.jpg", "samples/CAM_FRONT_RIGHT/n015-2018-11-21-19-38-26+0800__CAM_FRONT_RIGHT__1542800508420339.jpg", "samples/CAM_BACK_LEFT/n015-2018-11-21-19-38-26+0800__CAM_BACK_LEFT__1542800508447423.jpg", "samples/CAM_BACK/n015-2018-11-21-19-38-26+0800__CAM_BACK__1542800508437525.jpg", "samples/CAM_BACK_RIGHT/n015-2018-11-21-19-38-26+0800__CAM_BACK_RIGHT__1542800508427893.jpg"], "intrinsics": [[[1272.5979470598488, 0.0, 826.6154927353808], [0.0, 1272.5979470598488, 479.75165386361925], [0.0, 0.0, 1.0]], [[1266.417203046554, 0.0, 816.2670197447984], [0.0, 1266.417203046554, 491.50706579294757], [0.0, 0.0, 1.0]], [[1260.8474446004698, 0.0, 807.968244525554], [0.0, 1260.8474446004698, 495.3344268742088], [0.0, 0.0, 1.0]], [[1256.7414812095406, 0.0, 792.1125740759628], [0.0, 1256.7414812095406, 492.7757465151356], [0.0, 0.0, 1.0]], [[809.2209905677063, 0.0, 829.2196003259838], [0.0, 809.2209905677063, 481.77842384512485], [0.0, 0.0, 1.0]], [[1259.5137405846733, 0.0, 807.2529053838625], [0.0, 1259.5137405846733, 501.19579884916527], [0.0, 0.0, 1.0]]], "extrinsics": [[[0.8205990195274353, -0.5714790225028992, 0.00537352217361331, -0.9649505615234375], [-0.016309984028339386, -0.03281637653708458, -0.9993283152580261, 1.5082473754882812], [0.571271538734436, 0.8199602365493774, -0.036249902099370956, -1.280029296875], [0.0, 0.0, 0.0, 1.0]], [[0.005655202548950911, -0.999308168888092, 0.03675904870033264, 0.0050048828125], [-0.021602274850010872, -0.03687314689159393, -0.9990864396095276, 1.520538330078125], [0.9997506141662598, 0.004855953622609377, -0.02179585210978985, -1.6922607421875], [0.0, 0.0, 0.0, 1.0]], [[-0.8329930305480957, -0.5527544617652893, 0.024186760187149048, 1.0323486328125], [-0.015971224755048752, -0.019674327224493027, -0.9996788501739502, 1.5036430358886719], [0.5530527830123901, -0.8331120014190674, 0.0075604175217449665, -1.248779296875], [0.0, 0.0, 0.0, 1.0]], [[0.9477151036262512, 0.3182957172393799, -0.022889887914061546, -1.142333984375], [-0.007321596145629883, -0.05002212896943092, -0.9987212419509888, 1.5885467529296875], [-0.3190337121486664, 0.9466707706451416, -0.04507629573345184, -0.103759765625], [0.0, 0.0, 0.0, 1.0]], [[0.002407124498859048, 0.999193012714386, -0.04009342938661575, 0.0028076171875], [-0.03272557631134987, -0.03999335691332817, -0.9986639022827148, 1.5793609619140625], [-0.9994615316390991, 0.0037159877829253674, 0.03260289505124092, 0.0018310546875], [0.0, 0.0, 0.0, 1.0]], [[-0.934811532497406, 0.3550379276275635, -0.008684798143804073, 1.1363525390625], [-9.017904085339978e-05, -0.024691591039299965, -0.9996951222419739, 1.55145263671875], [-0.35514411330223083, -0.9345258474349976, 0.023114003241062164, -0.063720703125], [0.0, 0.0, 0.0, 1.0]]], "view": [[0.0, -2.0, 100.0], [-2.0, 0.0, 100.0], [0.0, 0.0, 1.0]], "bev": "bev_48c09d655481461fb786a10c0a1d4756.png", "aux": "aux_48c09d655481461fb786a10c0a1d4756.npz", "visibility": "visibility_48c09d655481461fb786a10c0a1d4756.png", "pose": [[0.9915968179702759, 0.1293669044971466, 0.0, 1468.5755615234375], [-0.1293669044971466, 0.9915968179702759, 0.0, 1408.849609375], [0.0, 0.0, 1.0, 0.0], [0.0, 0.0, 0.0, 1.0]], "pose_inverse": [[0.9915968179702759, -0.1293669044971466, 0.0, -1273.976318359375], [0.1293669044971466, 0.9915968179702759, 0.0, -1586.995849609375], [0.0, 0.0, 1.0, 0.0], [0.0, 0.0, 0.0, 1.0]], "cam_ids": [0, 1, 2, 3, 4, 5], "cam_channels": ["CAM_FRONT_LEFT", "CAM_FRONT", "CAM_FRONT_RIGHT", "CAM_BACK_LEFT", "CAM_BACK", "CAM_BACK_RIGHT"], "token": "48c09d655481461fb786a10c0a1d4756", "scene": "scene-1083"}, {"images": ["samples/CAM_FRONT_LEFT/n015-2018-11-21-19-38-26+0800__CAM_FRONT_LEFT__1542800508904844.jpg", "samples/CAM_FRONT/n015-2018-11-21-19-38-26+0800__CAM_FRONT__1542800508912460.jpg", "samples/CAM_FRONT_RIGHT/n015-2018-11-21-19-38-26+0800__CAM_FRONT_RIGHT__1542800508920343.jpg", "samples/CAM_BACK_LEFT/n015-2018-11-21-19-38-26+0800__CAM_BACK_LEFT__1542800508947423.jpg", "samples/CAM_BACK/n015-2018-11-21-19-38-26+0800__CAM_BACK__1542800508937525.jpg", "samples/CAM_BACK_RIGHT/n015-2018-11-21-19-38-26+0800__CAM_BACK_RIGHT__1542800508927893.jpg"], "intrinsics": [[[1272.5979470598488, 0.0, 826.6154927353808], [0.0, 1272.5979470598488, 479.75165386361925], [0.0, 0.0, 1.0]], [[1266.417203046554, 0.0, 816.2670197447984], [0.0, 1266.417203046554, 491.50706579294757], [0.0, 0.0, 1.0]], [[1260.8474446004698, 0.0, 807.968244525554], [0.0, 1260.8474446004698, 495.3344268742088], [0.0, 0.0, 1.0]], [[1256.7414812095406, 0.0, 792.1125740759628], [0.0, 1256.7414812095406, 492.7757465151356], [0.0, 0.0, 1.0]], [[809.2209905677063, 0.0, 829.2196003259838], [0.0, 809.2209905677063, 481.77842384512485], [0.0, 0.0, 1.0]], [[1259.5137405846733, 0.0, 807.2529053838625], [0.0, 1259.5137405846733, 501.19579884916527], [0.0, 0.0, 1.0]]], "extrinsics": [[[0.8205962777137756, -0.5714841485023499, 0.005251821596175432, -0.96502685546875], [-0.016309944912791252, -0.0326031930744648, -0.9993352890014648, 1.5082473754882812], [0.5712754130363464, 0.8199651837348938, -0.036074936389923096, -1.2803955078125], [0.0, 0.0, 0.0, 1.0]], [[0.005655714776366949, -0.9993157982826233, 0.036549173295497894, 0.0050048828125], [-0.021591346710920334, -0.036663275212049484, -0.9990944266319275, 1.5205230712890625], [0.9997508525848389, 0.004861441906541586, -0.02178393304347992, -1.6922607421875], [0.0, 0.0, 0.0, 1.0]], [[-0.8329929709434509, -0.5527603626251221, 0.024054136127233505, 1.0322265625], [-0.015949223190546036, -0.019467609003186226, -0.9996832013130188, 1.5036430358886719], [0.5530535578727722, -0.8331128358840942, 0.007400284521281719, -1.24871826171875], [0.0, 0.0, 0.0, 1.0]], [[0.9477210640907288, 0.31828486919403076, -0.02279057912528515, -1.142333984375], [-0.00727933319285512, -0.0498385988175869, -0.9987307786941528, 1.5885543823242188], [-0.3190167546272278, 0.9466841220855713, -0.04491619020700455, -0.1038818359375], [0.0, 0.0, 0.0, 1.0]], [[0.0024150374811142683, 0.9992007613182068, -0.03989913687109947, 0.0028076171875], [-0.03268766403198242, -0.039799053221940994, -0.9986729025840759, 1.5793609619140625], [-0.9994627237319946, 0.0037160231731832027, 0.032565418630838394, 0.001708984375], [0.0, 0.0, 0.0, 1.0]], [[-0.9348118305206299, 0.3550383448600769, -0.008641356602311134, 1.1361083984375], [-5.9563015383901075e-05, -0.024488752707839012, -0.999700129032135, 1.55145263671875], [-0.3551434874534607, -0.9345309138298035, 0.022913523018360138, -0.0635986328125], [0.0, 0.0, 0.0, 1.0]]], "view": [[0.0, -2.0, 100.0], [-2.0, 0.0, 100.0], [0.0, 0.0, 1.0]], "bev": "bev_1712176d11c94ad4984f6f897ef526e0.png", "aux": "aux_1712176d11c94ad4984f6f897ef526e0.npz", "visibility": "visibility_1712176d11c94ad4984f6f897ef526e0.png", "pose": [[0.9916071891784668, 0.12928704917430878, 0.0, 1468.5755615234375], [-0.12928704917430878, 0.9916071891784668, 0.0, 1408.849609375], [0.0, 0.0, 1.0, 0.0], [0.0, 0.0, 0.0, 1.0]], "pose_inverse": [[0.9916071891784668, -0.12928704917430878, 0.0, -1274.1041259765625], [0.12928704917430878, 0.9916071891784668, 0.0, -1586.8931884765625], [0.0, 0.0, 1.0, 0.0], [0.0, 0.0, 0.0, 1.0]], "cam_ids": [0, 1, 2, 3, 4, 5], "cam_channels": ["CAM_FRONT_LEFT", "CAM_FRONT", "CAM_FRONT_RIGHT", "CAM_BACK_LEFT", "CAM_BACK", "CAM_BACK_RIGHT"], "token": "1712176d11c94ad4984f6f897ef526e0", "scene": "scene-1083"}, {"images": ["samples/CAM_FRONT_LEFT/n015-2018-11-21-19-38-26+0800__CAM_FRONT_LEFT__1542800509404844.jpg", "samples/CAM_FRONT/n015-2018-11-21-19-38-26+0800__CAM_FRONT__1542800509412465.jpg", "samples/CAM_FRONT_RIGHT/n015-2018-11-21-19-38-26+0800__CAM_FRONT_RIGHT__1542800509420339.jpg", "samples/CAM_BACK_LEFT/n015-2018-11-21-19-38-26+0800__CAM_BACK_LEFT__1542800509447423.jpg", "samples/CAM_BACK/n015-2018-11-21-19-38-26+0800__CAM_BACK__1542800509437525.jpg", "samples/CAM_BACK_RIGHT/n015-2018-11-21-19-38-26+0800__CAM_BACK_RIGHT__1542800509427893.jpg"], "intrinsics": [[[1272.5979470598488, 0.0, 826.6154927353808], [0.0, 1272.5979470598488, 479.75165386361925], [0.0, 0.0, 1.0]], [[1266.417203046554, 0.0, 816.2670197447984], [0.0, 1266.417203046554, 491.50706579294757], [0.0, 0.0, 1.0]], [[1260.8474446004698, 0.0, 807.968244525554], [0.0, 1260.8474446004698, 495.3344268742088], [0.0, 0.0, 1.0]], [[1256.7414812095406, 0.0, 792.1125740759628], [0.0, 1256.7414812095406, 492.7757465151356], [0.0, 0.0, 1.0]], [[809.2209905677063, 0.0, 829.2196003259838], [0.0, 809.2209905677063, 481.77842384512485], [0.0, 0.0, 1.0]], [[1259.5137405846733, 0.0, 807.2529053838625], [0.0, 1259.5137405846733, 501.19579884916527], [0.0, 0.0, 1.0]]], "extrinsics": [[[0.8205834031105042, -0.5715013146400452, 0.0053848763927817345, -0.9650115966796875], [-0.016281241551041603, -0.03279324620962143, -0.9993295073509216, 1.5082473754882812], [0.5712947249412537, 0.8199456334114075, -0.036214347928762436, -1.2801513671875], [0.0, 0.0, 0.0, 1.0]], [[0.005634037312120199, -0.9993093609809875, 0.03672958165407181, 0.0048828125], [-0.02157285064458847, -0.03684308007359505, -0.9990881681442261, 1.5205307006835938], [0.9997513294219971, 0.0048365518450737, -0.02176552824676037, -1.6923828125], [0.0, 0.0, 0.0, 1.0]], [[-0.8330023884773254, -0.5527425408363342, 0.024140777066349983, 1.0323486328125], [-0.01594078727066517, -0.01963723823428154, -0.9996800422668457, 1.5036468505859375], [0.5530397295951843, -0.8331207633018494, 0.007546719629317522, -1.2489013671875], [0.0, 0.0, 0.0, 1.0]], [[0.9477201104164124, 0.3182838559150696, -0.022844668477773666, -1.1422119140625], [-0.007284630089998245, -0.04999218508601189, -0.9987229704856873, 1.5885543823242188], [-0.31901946663856506, 0.9466763734817505, -0.04506002366542816, -0.1038818359375], [0.0, 0.0, 0.0, 1.0]], [[0.0024200701154768467, 0.999194860458374, -0.04004703462123871, 0.002685546875], [-0.032692939043045044, -0.03994668647646904, -0.9986668229103088, 1.5793685913085938], [-0.9994625449180603, 0.003726080060005188, 0.03256994113326073, 0.0018310546875], [0.0, 0.0, 0.0, 1.0]], [[-0.9348074197769165, 0.35504841804504395, -0.008697095327079296, 1.13629150390625], [-6.138462777016684e-05, -0.024649692699313164, -0.9996961355209351, 1.5514450073242188], [-0.3551549017429352, -0.9345229268074036, 0.023064514622092247, -0.063720703125], [0.0, 0.0, 0.0, 1.0]]], "view": [[0.0, -2.0, 100.0], [-2.0, 0.0, 100.0], [0.0, 0.0, 1.0]], "bev": "bev_e080aab620344f29a60c0761dacf3780.png", "aux": "aux_e080aab620344f29a60c0761dacf3780.npz", "visibility": "visibility_e080aab620344f29a60c0761dacf3780.png", "pose": [[0.9916076064109802, 0.1292838752269745, 0.0, 1468.5755615234375], [-0.1292838752269745, 0.9916076064109802, 0.0, 1408.849609375], [0.0, 0.0, 1.0, 0.0], [0.0, 0.0, 0.0, 1.0]], "pose_inverse": [[0.9916076064109802, -0.1292838752269745, 0.0, -1274.109130859375], [0.1292838752269745, 0.9916076064109802, 0.0, -1586.88916015625], [0.0, 0.0, 1.0, 0.0], [0.0, 0.0, 0.0, 1.0]], "cam_ids": [0, 1, 2, 3, 4, 5], "cam_channels": ["CAM_FRONT_LEFT", "CAM_FRONT", "CAM_FRONT_RIGHT", "CAM_BACK_LEFT", "CAM_BACK", "CAM_BACK_RIGHT"], "token": "e080aab620344f29a60c0761dacf3780", "scene": "scene-1083"}, {"images": ["samples/CAM_FRONT_LEFT/n015-2018-11-21-19-38-26+0800__CAM_FRONT_LEFT__1542800509904844.jpg", "samples/CAM_FRONT/n015-2018-11-21-19-38-26+0800__CAM_FRONT__1542800509912460.jpg", "samples/CAM_FRONT_RIGHT/n015-2018-11-21-19-38-26+0800__CAM_FRONT_RIGHT__1542800509920339.jpg", "samples/CAM_BACK_LEFT/n015-2018-11-21-19-38-26+0800__CAM_BACK_LEFT__1542800509947423.jpg", "samples/CAM_BACK/n015-2018-11-21-19-38-26+0800__CAM_BACK__1542800509937525.jpg", "samples/CAM_BACK_RIGHT/n015-2018-11-21-19-38-26+0800__CAM_BACK_RIGHT__1542800509927893.jpg"], "intrinsics": [[[1272.5979470598488, 0.0, 826.6154927353808], [0.0, 1272.5979470598488, 479.75165386361925], [0.0, 0.0, 1.0]], [[1266.417203046554, 0.0, 816.2670197447984], [0.0, 1266.417203046554, 491.50706579294757], [0.0, 0.0, 1.0]], [[1260.8474446004698, 0.0, 807.968244525554], [0.0, 1260.8474446004698, 495.3344268742088], [0.0, 0.0, 1.0]], [[1256.7414812095406, 0.0, 792.1125740759628], [0.0, 1256.7414812095406, 492.7757465151356], [0.0, 0.0, 1.0]], [[809.2209905677063, 0.0, 829.2196003259838], [0.0, 809.2209905677063, 481.77842384512485], [0.0, 0.0, 1.0]], [[1259.5137405846733, 0.0, 807.2529053838625], [0.0, 1259.5137405846733, 501.19579884916527], [0.0, 0.0, 1.0]]], "extrinsics": [[[0.8205868601799011, -0.5714967846870422, 0.005342010408639908, -0.964935302734375], [-0.0162954144179821, -0.03273901343345642, -0.9993310570716858, 1.5082550048828125], [0.5712894201278687, 0.8199509978294373, -0.03617798164486885, -1.2801513671875], [0.0, 0.0, 0.0, 1.0]], [[0.005638530012220144, -0.999311625957489, 0.036666885018348694, 0.005126953125], [-0.02158389613032341, -0.03678054362535477, -0.9990902543067932, 1.520538330078125], [0.999751091003418, 0.004841994494199753, -0.021776428446173668, -1.6923828125], [0.0, 0.0, 0.0, 1.0]], [[-0.8330004215240479, -0.5527469515800476, 0.024107975885272026, 1.0322265625], [-0.015948643907904625, -0.019566036760807037, -0.999681293964386, 1.5036468505859375], [0.5530425310134888, -0.8331194519996643, 0.007482948247343302, -1.2486572265625], [0.0, 0.0, 0.0, 1.0]], [[0.9477168321609497, 0.3182964324951172, -0.022809088230133057, -1.1422119140625], [-0.007273952942341566, -0.04991073161363602, -0.9987271428108215, 1.58856201171875], [-0.31902971863746643, 0.9466764330863953, -0.04498596861958504, -0.103759765625], [0.0, 0.0, 0.0, 1.0]], [[0.002413582056760788, 0.9991975426673889, -0.03998193517327309, 0.0029296875], [-0.032688338309526443, -0.03988185524940491, -0.9986696243286133, 1.5793609619140625], [-0.9994627237319946, 0.0037172927986830473, 0.03256584703922272, 0.001708984375], [0.0, 0.0, 0.0, 1.0]], [[-0.9348084330558777, 0.3550466001033783, -0.008671114221215248, 1.13623046875], [-6.279810622800142e-05, -0.02458043210208416, -0.9996978640556335, 1.5514450073242188], [-0.355152428150177, -0.9345254302024841, 0.023000290617346764, -0.0635986328125], [0.0, 0.0, 0.0, 1.0]]], "view": [[0.0, -2.0, 100.0], [-2.0, 0.0, 100.0], [0.0, 0.0, 1.0]], "bev": "bev_189e92c5be844f7c8415cdaf0f42434c.png", "aux": "aux_189e92c5be844f7c8415cdaf0f42434c.npz", "visibility": "visibility_189e92c5be844f7c8415cdaf0f42434c.png", "pose": [[0.9915972948074341, 0.12936311960220337, 0.0, 1468.5755615234375], [-0.12936311960220337, 0.9915972948074341, 0.0, 1408.849609375], [0.0, 0.0, 1.0, 0.0], [0.0, 0.0, 0.0, 1.0]], "pose_inverse": [[0.9915972948074341, -0.12936311960220337, 0.0, -1273.9822998046875], [0.12936311960220337, 0.9915972948074341, 0.0, -1586.990966796875], [0.0, 0.0, 1.0, 0.0], [0.0, 0.0, 0.0, 1.0]], "cam_ids": [0, 1, 2, 3, 4, 5], "cam_channels": ["CAM_FRONT_LEFT", "CAM_FRONT", "CAM_FRONT_RIGHT", "CAM_BACK_LEFT", "CAM_BACK", "CAM_BACK_RIGHT"], "token": "189e92c5be844f7c8415cdaf0f42434c", "scene": "scene-1083"}, {"images": ["samples/CAM_FRONT_LEFT/n015-2018-11-21-19-38-26+0800__CAM_FRONT_LEFT__1542800510404844.jpg", "samples/CAM_FRONT/n015-2018-11-21-19-38-26+0800__CAM_FRONT__1542800510412460.jpg", "samples/CAM_FRONT_RIGHT/n015-2018-11-21-19-38-26+0800__CAM_FRONT_RIGHT__1542800510420339.jpg", "samples/CAM_BACK_LEFT/n015-2018-11-21-19-38-26+0800__CAM_BACK_LEFT__1542800510447423.jpg", "samples/CAM_BACK/n015-2018-11-21-19-38-26+0800__CAM_BACK__1542800510437525.jpg", "samples/CAM_BACK_RIGHT/n015-2018-11-21-19-38-26+0800__CAM_BACK_RIGHT__1542800510427893.jpg"], "intrinsics": [[[1272.5979470598488, 0.0, 826.6154927353808], [0.0, 1272.5979470598488, 479.75165386361925], [0.0, 0.0, 1.0]], [[1266.417203046554, 0.0, 816.2670197447984], [0.0, 1266.417203046554, 491.50706579294757], [0.0, 0.0, 1.0]], [[1260.8474446004698, 0.0, 807.968244525554], [0.0, 1260.8474446004698, 495.3344268742088], [0.0, 0.0, 1.0]], [[1256.7414812095406, 0.0, 792.1125740759628], [0.0, 1256.7414812095406, 492.7757465151356], [0.0, 0.0, 1.0]], [[809.2209905677063, 0.0, 829.2196003259838], [0.0, 809.2209905677063, 481.77842384512485], [0.0, 0.0, 1.0]], [[1259.5137405846733, 0.0, 807.2529053838625], [0.0, 1259.5137405846733, 501.19579884916527], [0.0, 0.0, 1.0]]], "extrinsics": [[[0.8205975294113159, -0.5714818239212036, 0.005316520109772682, -0.9649810791015625], [-0.016278943046927452, -0.0326719731092453, -0.9993335604667664, 1.5082473754882812], [0.5712746977806091, 0.8199641108512878, -0.03611365705728531, -1.2801513671875], [0.0, 0.0, 0.0, 1.0]], [[0.005652724765241146, -0.9993137121200562, 0.03660810738801956, 0.0048828125], [-0.021577948704361916, -0.03672206401824951, -0.9990925788879395, 1.520538330078125], [0.9997512102127075, 0.0048576779663562775, -0.021770721301436424, -1.6923828125], [0.0, 0.0, 0.0, 1.0]], [[-0.8329941034317017, -0.5527575016021729, 0.024084826931357384, 1.0322265625], [-0.01595381088554859, -0.019516227766871452, -0.9996822476387024, 1.5036468505859375], [0.5530518889427185, -0.8331136107444763, 0.007438314612954855, -1.2486572265625], [0.0, 0.0, 0.0, 1.0]], [[0.9477149844169617, 0.3183014988899231, -0.02281556837260723, -1.14208984375], [-0.007296060211956501, -0.04986465349793434, -0.9987292885780334, 1.5885543823242188], [-0.31903472542762756, 0.9466772675514221, -0.044935133308172226, -0.1036376953125], [0.0, 0.0, 0.0, 1.0]], [[0.002406512154266238, 0.9991995096206665, -0.03993356227874756, 0.0029296875], [-0.03271297737956047, -0.039833638817071915, -0.9986706972122192, 1.5793609619140625], [-0.9994618892669678, 0.0037096559535712004, 0.03259092569351196, 0.0018310546875], [0.0, 0.0, 0.0, 1.0]], [[-0.9348113536834717, 0.3550396263599396, -0.008635847829282284, 1.1363525390625], [-7.996475324034691e-05, -0.02452685497701168, -0.9996991753578186, 1.5514488220214844], [-0.3551446199417114, -0.9345295429229736, 0.022956373170018196, -0.063720703125], [0.0, 0.0, 0.0, 1.0]]], "view": [[0.0, -2.0, 100.0], [-2.0, 0.0, 100.0], [0.0, 0.0, 1.0]], "bev": "bev_c6900c344111489298a7971b589144d7.png", "aux": "aux_c6900c344111489298a7971b589144d7.npz", "visibility": "visibility_c6900c344111489298a7971b589144d7.png", "pose": [[0.9915927052497864, 0.129398375749588, 0.0, 1468.5755615234375], [-0.129398375749588, 0.9915927052497864, 0.0, 1408.849609375], [0.0, 0.0, 1.0, 0.0], [0.0, 0.0, 0.0, 1.0]], "pose_inverse": [[0.9915927052497864, -0.129398375749588, 0.0, -1273.9259033203125], [0.129398375749588, 0.9915927052497864, 0.0, -1587.0362548828125], [0.0, 0.0, 1.0, 0.0], [0.0, 0.0, 0.0, 1.0]], "cam_ids": [0, 1, 2, 3, 4, 5], "cam_channels": ["CAM_FRONT_LEFT", "CAM_FRONT", "CAM_FRONT_RIGHT", "CAM_BACK_LEFT", "CAM_BACK", "CAM_BACK_RIGHT"], "token": "c6900c344111489298a7971b589144d7", "scene": "scene-1083"}, {"images": ["samples/CAM_FRONT_LEFT/n015-2018-11-21-19-38-26+0800__CAM_FRONT_LEFT__1542800510904844.jpg", "samples/CAM_FRONT/n015-2018-11-21-19-38-26+0800__CAM_FRONT__1542800510912460.jpg", "samples/CAM_FRONT_RIGHT/n015-2018-11-21-19-38-26+0800__CAM_FRONT_RIGHT__1542800510920339.jpg", "samples/CAM_BACK_LEFT/n015-2018-11-21-19-38-26+0800__CAM_BACK_LEFT__1542800510947423.jpg", "samples/CAM_BACK/n015-2018-11-21-19-38-26+0800__CAM_BACK__1542800510937525.jpg", "samples/CAM_BACK_RIGHT/n015-2018-11-21-19-38-26+0800__CAM_BACK_RIGHT__1542800510927893.jpg"], "intrinsics": [[[1272.5979470598488, 0.0, 826.6154927353808], [0.0, 1272.5979470598488, 479.75165386361925], [0.0, 0.0, 1.0]], [[1266.417203046554, 0.0, 816.2670197447984], [0.0, 1266.417203046554, 491.50706579294757], [0.0, 0.0, 1.0]], [[1260.8474446004698, 0.0, 807.968244525554], [0.0, 1260.8474446004698, 495.3344268742088], [0.0, 0.0, 1.0]], [[1256.7414812095406, 0.0, 792.1125740759628], [0.0, 1256.7414812095406, 492.7757465151356], [0.0, 0.0, 1.0]], [[809.2209905677063, 0.0, 829.2196003259838], [0.0, 809.2209905677063, 481.77842384512485], [0.0, 0.0, 1.0]], [[1259.5137405846733, 0.0, 807.2529053838625], [0.0, 1259.5137405846733, 501.19579884916527], [0.0, 0.0, 1.0]]], "extrinsics": [[[0.8205937147140503, -0.5714871883392334, 0.0053215669468045235, -0.9650115966796875], [-0.01627344638109207, -0.03267248719930649, -0.9993336200714111, 1.5082473754882812], [0.5712801814079285, 0.819960355758667, -0.036110907793045044, -1.2801513671875], [0.0, 0.0, 0.0, 1.0]], [[0.00564820459112525, -0.9993138313293457, 0.036603961139917374, 0.0050048828125], [-0.02156796120107174, -0.036717772483825684, -0.9990929365158081, 1.5205230712890625], [0.9997514486312866, 0.004853644873946905, -0.02176055498421192, -1.6922607421875], [0.0, 0.0, 0.0, 1.0]], [[-0.8329960107803345, -0.5527552366256714, 0.024067457765340805, 1.0323486328125], [-0.0159391351044178, -0.01950697787106037, -0.999682605266571, 1.5036430358886719], [0.5530493259429932, -0.83311527967453, 0.007438797038048506, -1.24871826171875], [0.0, 0.0, 0.0, 1.0]], [[0.9477180242538452, 0.3182954788208008, -0.02277188003063202, -1.14208984375], [-0.007255305536091328, -0.049849849194288254, -0.9987303614616394, 1.5885543823242188], [-0.31902652978897095, 0.9466798901557922, -0.04493426904082298, -0.1038818359375], [0.0, 0.0, 0.0, 1.0]], [[0.0024120507296174765, 0.9991998672485352, -0.039921872317790985, 0.0028076171875], [-0.03267289698123932, -0.03982192650437355, -0.9986724853515625, 1.5793609619140625], [-0.9994630813598633, 0.0037132182624191046, 0.03255070000886917, 0.001953125], [0.0, 0.0, 0.0, 1.0]], [[-0.9348103404045105, 0.3550413250923157, -0.008662768639624119, 1.13629150390625], [-4.808883022633381e-05, -0.024518603459000587, -0.9996993541717529, 1.55145263671875], [-0.35514694452285767, -0.9345290064811707, 0.02293732389807701, -0.0635986328125], [0.0, 0.0, 0.0, 1.0]]], "view": [[0.0, -2.0, 100.0], [-2.0, 0.0, 100.0], [0.0, 0.0, 1.0]], "bev": "bev_aa17b56f73de4e80812ad9f24b6c1cb4.png", "aux": "aux_aa17b56f73de4e80812ad9f24b6c1cb4.npz", "visibility": "visibility_aa17b56f73de4e80812ad9f24b6c1cb4.png", "pose": [[0.9915904402732849, 0.12941545248031616, 0.0, 1468.5755615234375], [-0.12941545248031616, 0.9915904402732849, 0.0, 1408.849609375], [0.0, 0.0, 1.0, 0.0], [0.0, 0.0, 0.0, 1.0]], "pose_inverse": [[0.9915904402732849, -0.12941545248031616, 0.0, -1273.8985595703125], [0.12941545248031616, 0.9915904402732849, 0.0, -1587.0582275390625], [0.0, 0.0, 1.0, 0.0], [0.0, 0.0, 0.0, 1.0]], "cam_ids": [0, 1, 2, 3, 4, 5], "cam_channels": ["CAM_FRONT_LEFT", "CAM_FRONT", "CAM_FRONT_RIGHT", "CAM_BACK_LEFT", "CAM_BACK", "CAM_BACK_RIGHT"], "token": "aa17b56f73de4e80812ad9f24b6c1cb4", "scene": "scene-1083"}, {"images": ["samples/CAM_FRONT_LEFT/n015-2018-11-21-19-38-26+0800__CAM_FRONT_LEFT__1542800511404844.jpg", "samples/CAM_FRONT/n015-2018-11-21-19-38-26+0800__CAM_FRONT__1542800511412470.jpg", "samples/CAM_FRONT_RIGHT/n015-2018-11-21-19-38-26+0800__CAM_FRONT_RIGHT__1542800511420356.jpg", "samples/CAM_BACK_LEFT/n015-2018-11-21-19-38-26+0800__CAM_BACK_LEFT__1542800511447423.jpg", "samples/CAM_BACK/n015-2018-11-21-19-38-26+0800__CAM_BACK__1542800511437525.jpg", "samples/CAM_BACK_RIGHT/n015-2018-11-21-19-38-26+0800__CAM_BACK_RIGHT__1542800511427893.jpg"], "intrinsics": [[[1272.5979470598488, 0.0, 826.6154927353808], [0.0, 1272.5979470598488, 479.75165386361925], [0.0, 0.0, 1.0]], [[1266.417203046554, 0.0, 816.2670197447984], [0.0, 1266.417203046554, 491.50706579294757], [0.0, 0.0, 1.0]], [[1260.8474446004698, 0.0, 807.968244525554], [0.0, 1260.8474446004698, 495.3344268742088], [0.0, 0.0, 1.0]], [[1256.7414812095406, 0.0, 792.1125740759628], [0.0, 1256.7414812095406, 492.7757465151356], [0.0, 0.0, 1.0]], [[809.2209905677063, 0.0, 829.2196003259838], [0.0, 809.2209905677063, 481.77842384512485], [0.0, 0.0, 1.0]], [[1259.5137405846733, 0.0, 807.2529053838625], [0.0, 1259.5137405846733, 501.19579884916527], [0.0, 0.0, 1.0]]], "extrinsics": [[[0.8205350041389465, -0.5715695023536682, 0.0055253528989851475, -0.964874267578125], [-0.016049379482865334, -0.03270076587796211, -0.9993363618850708, 1.5082473754882812], [0.5713708996772766, 0.8199017643928528, -0.03600545972585678, -1.2803955078125], [0.0, 0.0, 0.0, 1.0]], [[0.005562205798923969, -0.9993136525154114, 0.03662288561463356, 0.0050048828125], [-0.021327700465917587, -0.03673367574810982, -0.999097466468811, 1.5205307006835938], [0.9997571706771851, 0.004776099696755409, -0.021517381072044373, -1.692138671875], [0.0, 0.0, 0.0, 1.0]], [[-0.8330342769622803, -0.5527068972587585, 0.023853814229369164, 1.0323486328125], [-0.01568068563938141, -0.019510867074131966, -0.999686598777771, 1.5036430358886719], [0.5529991388320923, -0.8331472873687744, 0.007586397230625153, -1.2486572265625], [0.0, 0.0, 0.0, 1.0]], [[0.9477223753929138, 0.31830230355262756, -0.02249225601553917, -1.14208984375], [-0.0069728572852909565, -0.04981255903840065, -0.998734176158905, 1.58856201171875], [-0.31901979446411133, 0.9466797113418579, -0.044989001005887985, -0.103759765625], [0.0, 0.0, 0.0, 1.0]], [[0.0024399079848080873, 0.9992008209228516, -0.039898116141557693, 0.002685546875], [-0.03239782899618149, -0.039798304438591, -0.9986823797225952, 1.5793685913085938], [-0.9994720816612244, 0.003729297546669841, 0.03227483108639717, 0.001708984375], [0.0, 0.0, 0.0, 1.0]], [[-0.9347941279411316, 0.3550782799720764, -0.00890491995960474, 1.13653564453125], [0.00021270390425343066, -0.024511246010661125, -0.9996995329856873, 1.5514488220214844], [-0.35518983006477356, -0.9345151782035828, 0.0228374432772398, -0.0634765625], [0.0, 0.0, 0.0, 1.0]]], "view": [[0.0, -2.0, 100.0], [-2.0, 0.0, 100.0], [0.0, 0.0, 1.0]], "bev": "bev_aaa080555ad844cfabf2a795cccb3c35.png", "aux": "aux_aaa080555ad844cfabf2a795cccb3c35.npz", "visibility": "visibility_aaa080555ad844cfabf2a795cccb3c35.png", "pose": [[0.9916369915008545, 0.1290585994720459, 0.0, 1468.5755615234375], [-0.1290585994720459, 0.9916369915008545, 0.0, 1408.849609375], [0.0, 0.0, 1.0, 0.0], [0.0, 0.0, 0.0, 1.0]], "pose_inverse": [[0.9916369915008545, -0.1290585994720459, 0.0, -1274.4696044921875], [0.1290585994720459, 0.9916369915008545, 0.0, -1586.599609375], [0.0, 0.0, 1.0, 0.0], [0.0, 0.0, 0.0, 1.0]], "cam_ids": [0, 1, 2, 3, 4, 5], "cam_channels": ["CAM_FRONT_LEFT", "CAM_FRONT", "CAM_FRONT_RIGHT", "CAM_BACK_LEFT", "CAM_BACK", "CAM_BACK_RIGHT"], "token": "aaa080555ad844cfabf2a795cccb3c35", "scene": "scene-1083"}, {"images": ["samples/CAM_FRONT_LEFT/n015-2018-11-21-19-38-26+0800__CAM_FRONT_LEFT__1542800511904844.jpg", "samples/CAM_FRONT/n015-2018-11-21-19-38-26+0800__CAM_FRONT__1542800511912460.jpg", "samples/CAM_FRONT_RIGHT/n015-2018-11-21-19-38-26+0800__CAM_FRONT_RIGHT__1542800511920339.jpg", "samples/CAM_BACK_LEFT/n015-2018-11-21-19-38-26+0800__CAM_BACK_LEFT__1542800511947423.jpg", "samples/CAM_BACK/n015-2018-11-21-19-38-26+0800__CAM_BACK__1542800511937525.jpg", "samples/CAM_BACK_RIGHT/n015-2018-11-21-19-38-26+0800__CAM_BACK_RIGHT__1542800511927893.jpg"], "intrinsics": [[[1272.5979470598488, 0.0, 826.6154927353808], [0.0, 1272.5979470598488, 479.75165386361925], [0.0, 0.0, 1.0]], [[1266.417203046554, 0.0, 816.2670197447984], [0.0, 1266.417203046554, 491.50706579294757], [0.0, 0.0, 1.0]], [[1260.8474446004698, 0.0, 807.968244525554], [0.0, 1260.8474446004698, 495.3344268742088], [0.0, 0.0, 1.0]], [[1256.7414812095406, 0.0, 792.1125740759628], [0.0, 1256.7414812095406, 492.7757465151356], [0.0, 0.0, 1.0]], [[809.2209905677063, 0.0, 829.2196003259838], [0.0, 809.2209905677063, 481.77842384512485], [0.0, 0.0, 1.0]], [[1259.5137405846733, 0.0, 807.2529053838625], [0.0, 1259.5137405846733, 501.19579884916527], [0.0, 0.0, 1.0]]], "extrinsics": [[[0.8206222653388977, -0.5714349150657654, 0.006415865384042263, -0.9650115966796875], [-0.014897534623742104, -0.03261437639594078, -0.9993569254875183, 1.50823974609375], [0.5712766647338867, 0.819999098777771, -0.03527705371379852, -1.2799072265625], [0.0, 0.0, 0.0, 1.0]], [[0.0056579564698040485, -0.9993149042129517, 0.03657302260398865, 0.005126953125], [-0.02019151858985424, -0.036680322140455246, -0.9991230368614197, 1.5205307006835938], [0.9997801780700684, 0.004914549645036459, -0.020385218784213066, -1.692138671875], [0.0, 0.0, 0.0, 1.0]], [[-0.8329968452453613, -0.552803099155426, 0.0229113157838583, 1.0322265625], [-0.014562205411493778, -0.019490230828523636, -0.9997039437294006, 1.5036354064941406], [0.5530860424041748, -0.8330838680267334, 0.008185267448425293, -1.24847412109375], [0.0, 0.0, 0.0, 1.0]], [[0.9477337598800659, 0.318338543176651, -0.02147498168051243, -1.1422119140625], [-0.005884155631065369, -0.04985663667321205, -0.9987390637397766, 1.5885543823242188], [-0.3190077841281891, 0.9466651082038879, -0.045377667993307114, -0.103759765625], [0.0, 0.0, 0.0, 1.0]], [[0.0024168856907635927, 0.9992000460624695, -0.03991726040840149, 0.0025634765625], [-0.031305450946092606, -0.039822209626436234, -0.9987162351608276, 1.5793609619140625], [-0.9995070099830627, 0.00366342905908823, 0.03118416666984558, 0.0018310546875], [0.0, 0.0, 0.0, 1.0]], [[-0.9348167777061462, 0.3549909293651581, -0.009941388852894306, 1.13623046875], [0.0013228311436250806, -0.024512702599167824, -0.9996986389160156, 1.55145263671875], [-0.3551276922225952, -0.9345483183860779, 0.022445296868681908, -0.0635986328125], [0.0, 0.0, 0.0, 1.0]]], "view": [[0.0, -2.0, 100.0], [-2.0, 0.0, 100.0], [0.0, 0.0, 1.0]], "bev": "bev_2e5cace47d9f4b998a6b088c356ed486.png", "aux": "aux_2e5cace47d9f4b998a6b088c356ed486.npz", "visibility": "visibility_2e5cace47d9f4b998a6b088c356ed486.png", "pose": [[0.9916424751281738, 0.12901630997657776, 0.0, 1468.57568359375], [-0.12901630997657776, 0.9916424751281738, 0.0, 1408.849609375], [0.0, 0.0, 1.0, 0.0], [0.0, 0.0, 0.0, 1.0]], "pose_inverse": [[0.9916424751281738, -0.12901630997657776, 0.0, -1274.5374755859375], [0.12901630997657776, 0.9916424751281738, 0.0, -1586.5452880859375], [0.0, 0.0, 1.0, 0.0], [0.0, 0.0, 0.0, 1.0]], "cam_ids": [0, 1, 2, 3, 4, 5], "cam_channels": ["CAM_FRONT_LEFT", "CAM_FRONT", "CAM_FRONT_RIGHT", "CAM_BACK_LEFT", "CAM_BACK", "CAM_BACK_RIGHT"], "token": "2e5cace47d9f4b998a6b088c356ed486", "scene": "scene-1083"}, {"images": ["samples/CAM_FRONT_LEFT/n015-2018-11-21-19-38-26+0800__CAM_FRONT_LEFT__1542800512404844.jpg", "samples/CAM_FRONT/n015-2018-11-21-19-38-26+0800__CAM_FRONT__1542800512412460.jpg", "samples/CAM_FRONT_RIGHT/n015-2018-11-21-19-38-26+0800__CAM_FRONT_RIGHT__1542800512420339.jpg", "samples/CAM_BACK_LEFT/n015-2018-11-21-19-38-26+0800__CAM_BACK_LEFT__1542800512447423.jpg", "samples/CAM_BACK/n015-2018-11-21-19-38-26+0800__CAM_BACK__1542800512437525.jpg", "samples/CAM_BACK_RIGHT/n015-2018-11-21-19-38-26+0800__CAM_BACK_RIGHT__1542800512427893.jpg"], "intrinsics": [[[1272.5979470598488, 0.0, 826.6154927353808], [0.0, 1272.5979470598488, 479.75165386361925], [0.0, 0.0, 1.0]], [[1266.417203046554, 0.0, 816.2670197447984], [0.0, 1266.417203046554, 491.50706579294757], [0.0, 0.0, 1.0]], [[1260.8474446004698, 0.0, 807.968244525554], [0.0, 1260.8474446004698, 495.3344268742088], [0.0, 0.0, 1.0]], [[1256.7414812095406, 0.0, 792.1125740759628], [0.0, 1256.7414812095406, 492.7757465151356], [0.0, 0.0, 1.0]], [[809.2209905677063, 0.0, 829.2196003259838], [0.0, 809.2209905677063, 481.77842384512485], [0.0, 0.0, 1.0]], [[1259.5137405846733, 0.0, 807.2529053838625], [0.0, 1259.5137405846733, 501.19579884916527], [0.0, 0.0, 1.0]]], "extrinsics": [[[0.8204041719436646, -0.5717455148696899, 0.0066330148838460445, -0.9517974853515625], [-0.014621105045080185, -0.03257393464446068, -0.9993623495101929, 1.5080108642578125], [0.5715969800949097, 0.8197840452194214, -0.0350833460688591, -1.271240234375], [0.0, 0.0, 0.0, 1.0]], [[0.005339621100574732, -0.9993187189102173, 0.0365174300968647, 0.0050048828125], [-0.01992073282599449, -0.03661700710654259, -0.9991308450698853, 1.520263671875], [0.9997872114181519, 0.004607506096363068, -0.02010267972946167, -1.67919921875], [0.0, 0.0, 0.0, 1.0]], [[-0.8331342935562134, -0.5526072978973389, 0.02263745851814747, 1.02392578125], [-0.01429141778498888, -0.019406571984291077, -0.9997094869613647, 1.5034942626953125], [0.5528860688209534, -0.8332157135009766, 0.008270736783742905, -1.242919921875], [0.0, 0.0, 0.0, 1.0]], [[0.9477332830429077, 0.3183586597442627, -0.02119622379541397, -1.1422119140625], [-0.005636419169604778, -0.04971703886985779, -0.9987474083900452, 1.5885543823242188], [-0.31901368498802185, 0.9466657042503357, -0.04532409459352493, -0.103759765625], [0.0, 0.0, 0.0, 1.0]], [[0.0025044616777449846, 0.9992045164108276, -0.03980115428566933, 0.0029296875], [-0.031042154878377914, -0.03970441222190857, -0.9987291693687439, 1.5792388916015625], [-0.9995149374008179, 0.00373679306358099, 0.030918020755052567, -0.001953125], [0.0, 0.0, 0.0, 1.0]], [[-0.9347540736198425, 0.3551499843597412, -0.010160420089960098, 1.12939453125], [0.001588743063621223, -0.02441868558526039, -0.9997005462646484, 1.5514602661132812], [-0.3552917242050171, -0.9344903826713562, 0.022261224687099457, -0.066162109375], [0.0, 0.0, 0.0, 1.0]]], "view": [[0.0, -2.0, 100.0], [-2.0, 0.0, 100.0], [0.0, 0.0, 1.0]], "bev": "bev_4f00b9812fdf4ac4af57c18e19034a01.png", "aux": "aux_4f00b9812fdf4ac4af57c18e19034a01.npz", "visibility": "visibility_4f00b9812fdf4ac4af57c18e19034a01.png", "pose": [[0.9919432997703552, 0.12668246030807495, 0.0, 1468.6826171875], [-0.12668246030807495, 0.9919432997703552, 0.0, 1408.835693359375], [0.0, 0.0, 1.0, 0.0], [0.0, 0.0, 0.0, 1.0]], "pose_inverse": [[0.9919432997703552, -0.12668246030807495, 0.0, -1278.3751220703125], [0.12668246030807495, 0.9919432997703552, 0.0, -1583.54150390625], [0.0, 0.0, 1.0, 0.0], [0.0, 0.0, 0.0, 1.0]], "cam_ids": [0, 1, 2, 3, 4, 5], "cam_channels": ["CAM_FRONT_LEFT", "CAM_FRONT", "CAM_FRONT_RIGHT", "CAM_BACK_LEFT", "CAM_BACK", "CAM_BACK_RIGHT"], "token": "4f00b9812fdf4ac4af57c18e19034a01", "scene": "scene-1083"}, {"images": ["samples/CAM_FRONT_LEFT/n015-2018-11-21-19-38-26+0800__CAM_FRONT_LEFT__1542800512904844.jpg", "samples/CAM_FRONT/n015-2018-11-21-19-38-26+0800__CAM_FRONT__1542800512912460.jpg", "samples/CAM_FRONT_RIGHT/n015-2018-11-21-19-38-26+0800__CAM_FRONT_RIGHT__1542800512920339.jpg", "samples/CAM_BACK_LEFT/n015-2018-11-21-19-38-26+0800__CAM_BACK_LEFT__1542800512947423.jpg", "samples/CAM_BACK/n015-2018-11-21-19-38-26+0800__CAM_BACK__1542800512937525.jpg", "samples/CAM_BACK_RIGHT/n015-2018-11-21-19-38-26+0800__CAM_BACK_RIGHT__1542800512927893.jpg"], "intrinsics": [[[1272.5979470598488, 0.0, 826.6154927353808], [0.0, 1272.5979470598488, 479.75165386361925], [0.0, 0.0, 1.0]], [[1266.417203046554, 0.0, 816.2670197447984], [0.0, 1266.417203046554, 491.50706579294757], [0.0, 0.0, 1.0]], [[1260.8474446004698, 0.0, 807.968244525554], [0.0, 1260.8474446004698, 495.3344268742088], [0.0, 0.0, 1.0]], [[1256.7414812095406, 0.0, 792.1125740759628], [0.0, 1256.7414812095406, 492.7757465151356], [0.0, 0.0, 1.0]], [[809.2209905677063, 0.0, 829.2196003259838], [0.0, 809.2209905677063, 481.77842384512485], [0.0, 0.0, 1.0]], [[1259.5137405846733, 0.0, 807.2529053838625], [0.0, 1259.5137405846733, 501.19579884916527], [0.0, 0.0, 1.0]]], "extrinsics": [[[0.8202319741249084, -0.5719926357269287, 0.00663365051150322, -0.9374847412109375], [-0.01435615960508585, -0.03217683732509613, -0.9993790984153748, 1.507781982421875], [0.5718508958816528, 0.8196274638175964, -0.03460408374667168, -1.2615966796875], [0.0, 0.0, 0.0, 1.0]], [[0.005120576359331608, -0.9993336796760559, 0.036136552691459656, 0.00537109375], [-0.01961596868932247, -0.036230456084012985, -0.9991509914398193, 1.5199966430664062], [0.9997945427894592, 0.00440738582983613, -0.01978841796517372, -1.6646728515625], [0.0, 0.0, 0.0, 1.0]], [[-0.8332076668739319, -0.5525168180465698, 0.022138752043247223, 1.0146484375], [-0.0139420535415411, -0.019032837823033333, -0.9997215867042542, 1.5033454895019531], [0.5527843832969666, -0.8332844972610474, 0.008155089803040028, -1.23675537109375], [0.0, 0.0, 0.0, 1.0]], [[0.9476833343505859, 0.3185441493988037, -0.02063700556755066, -1.1416015625], [-0.005148700904101133, -0.049387842416763306, -0.9987664222717285, 1.5885543823242188], [-0.31917041540145874, 0.9466205835342407, -0.045163948088884354, -0.10400390625], [0.0, 0.0, 0.0, 1.0]], [[0.002445679623633623, 0.9992186427116394, -0.039449360221624374, 0.0029296875], [-0.03060833178460598, -0.03935619443655014, -0.9987563490867615, 1.5791091918945312], [-0.999