[{"images": ["samples/CAM_FRONT_LEFT/n015-2018-09-27-15-33-17+0800__CAM_FRONT_LEFT__1538033892754844.jpg", "samples/CAM_FRONT/n015-2018-09-27-15-33-17+0800__CAM_FRONT__1538033892762460.jpg", "samples/CAM_FRONT_RIGHT/n015-2018-09-27-15-33-17+0800__CAM_FRONT_RIGHT__1538033892770339.jpg", "samples/CAM_BACK_LEFT/n015-2018-09-27-15-33-17+0800__CAM_BACK_LEFT__1538033892797423.jpg", "samples/CAM_BACK/n015-2018-09-27-15-33-17+0800__CAM_BACK__1538033892787525.jpg", "samples/CAM_BACK_RIGHT/n015-2018-09-27-15-33-17+0800__CAM_BACK_RIGHT__1538033892777893.jpg"], "intrinsics": [[[1272.5979470598488, 0.0, 826.6154927353808], [0.0, 1272.5979470598488, 479.75165386361925], [0.0, 0.0, 1.0]], [[1266.417203046554, 0.0, 816.2670197447984], [0.0, 1266.417203046554, 491.50706579294757], [0.0, 0.0, 1.0]], [[1260.8474446004698, 0.0, 807.968244525554], [0.0, 1260.8474446004698, 495.3344268742088], [0.0, 0.0, 1.0]], [[1256.7414812095406, 0.0, 792.1125740759628], [0.0, 1256.7414812095406, 492.7757465151356], [0.0, 0.0, 1.0]], [[809.2209905677063, 0.0, 829.2196003259838], [0.0, 809.2209905677063, 481.77842384512485], [0.0, 0.0, 1.0]], [[1259.5137405846733, 0.0, 807.2529053838625], [0.0, 1259.5137405846733, 501.19579884916527], [0.0, 0.0, 1.0]]], "extrinsics": [[[0.8214365243911743, -0.5702968239784241, -0.0018843793077394366, -0.6519775390625], [-0.012512377463281155, -0.014718819409608841, -0.9998133778572083, 1.5035552978515625], [0.5701626539230347, 0.8213068246841431, -0.019226348027586937, -1.06689453125], [0.0, 0.0, 0.0, 1.0]], [[0.006798577960580587, -0.9997942447662354, 0.019107745960354805, 0.009765625], [-0.017932642251253128, -0.019227011129260063, -0.9996542930603027, 1.5149993896484375], [0.9998160600662231, 0.0064535802230238914, -0.01805966906249523, -1.381591796875], [0.0, 0.0, 0.0, 1.0]], [[-0.8324946165084839, -0.5539090633392334, 0.011718359775841236, 0.8330078125], [-0.012427152134478092, -0.002476724563166499, -0.9999196529388428, 1.5006523132324219], [0.5538936257362366, -0.832573413848877, -0.0048216525465250015, -1.1137313842773438], [0.0, 0.0, 0.0, 1.0]], [[0.9477030634880066, 0.3188048005104065, -0.01490763295441866, -1.14013671875], [-0.004113738890737295, -0.03450395539402962, -0.9993960857391357, 1.5885696411132812], [-0.3191266655921936, 0.9471921324729919, -0.03138802945613861, -0.1048583984375], [0.0, 0.0, 0.0, 1.0]], [[0.0019992729648947716, 0.9997116923332214, -0.0239283237606287, 0.001953125], [-0.029367174953222275, -0.023859355598688126, -0.9992839097976685, 1.5767822265625], [-0.9995666742324829, 0.0027005248703062534, 0.029311006888747215, -0.086669921875], [0.0, 0.0, 0.0, 1.0]], [[-0.9350681304931641, 0.3544174134731293, -0.005975313484668732, 0.9735107421875], [0.0033826781436800957, -0.007934308610856533, -0.9999628067016602, 1.552049160003662], [-0.35445162653923035, -0.9350537061691284, 0.0062202392145991325, -0.1240234375], [0.0, 0.0, 0.0, 1.0]]], "view": [[0.0, -2.0, 100.0], [-2.0, 0.0, 100.0], [0.0, 0.0, 1.0]], "bev": "bev_30478e56a3d241c3a3dc687ccaecc9a9.png", "aux": "aux_30478e56a3d241c3a3dc687ccaecc9a9.npz", "visibility": "visibility_30478e56a3d241c3a3dc687ccaecc9a9.png", "pose": [[0.9306890964508057, -0.3658111095428467, 0.0, 1890.342529296875], [0.3658111095428467, 0.9306890964508057, 0.0, 2593.202392578125], [0.0, 0.0, 1.0, 0.0], [0.0, 0.0, 0.0, 1.0]], "pose_inverse": [[0.9306890964508057, 0.3658111095428467, 0.0, -2707.943359375], [-0.3658111095428467, 0.9306890964508057, 0.0, -1721.9569091796875], [0.0, 0.0, 1.0, 0.0], [0.0, 0.0, 0.0, 1.0]], "cam_ids": [0, 1, 2, 3, 4, 5], "cam_channels": ["CAM_FRONT_LEFT", "CAM_FRONT", "CAM_FRONT_RIGHT", "CAM_BACK_LEFT", "CAM_BACK", "CAM_BACK_RIGHT"], "token": "30478e56a3d241c3a3dc687ccaecc9a9", "scene": "scene-0412"}, {"images": ["samples/CAM_FRONT_LEFT/n015-2018-09-27-15-33-17+0800__CAM_FRONT_LEFT__1538033893254844.jpg", "samples/CAM_FRONT/n015-2018-09-27-15-33-17+0800__CAM_FRONT__1538033893262460.jpg", "samples/CAM_FRONT_RIGHT/n015-2018-09-27-15-33-17+0800__CAM_FRONT_RIGHT__1538033893270339.jpg", "samples/CAM_BACK_LEFT/n015-2018-09-27-15-33-17+0800__CAM_BACK_LEFT__1538033893297423.jpg", "samples/CAM_BACK/n015-2018-09-27-15-33-17+0800__CAM_BACK__1538033893287525.jpg", "samples/CAM_BACK_RIGHT/n015-2018-09-27-15-33-17+0800__CAM_BACK_RIGHT__1538033893277893.jpg"], "intrinsics": [[[1272.5979470598488, 0.0, 826.6154927353808], [0.0, 1272.5979470598488, 479.75165386361925], [0.0, 0.0, 1.0]], [[1266.417203046554, 0.0, 816.2670197447984], [0.0, 1266.417203046554, 491.50706579294757], [0.0, 0.0, 1.0]], [[1260.8474446004698, 0.0, 807.968244525554], [0.0, 1260.8474446004698, 495.3344268742088], [0.0, 0.0, 1.0]], [[1256.7414812095406, 0.0, 792.1125740759628], [0.0, 1256.7414812095406, 492.7757465151356], [0.0, 0.0, 1.0]], [[809.2209905677063, 0.0, 829.2196003259838], [0.0, 809.2209905677063, 481.77842384512485], [0.0, 0.0, 1.0]], [[1259.5137405846733, 0.0, 807.2529053838625], [0.0, 1259.5137405846733, 501.19579884916527], [0.0, 0.0, 1.0]]], "extrinsics": [[[0.8212476968765259, -0.5703638195991516, 0.015407542698085308, -0.665771484375], [-0.0015271140728145838, -0.029200825840234756, -0.9995723962783813, 1.5077400207519531], [0.5705697536468506, 0.8208730220794678, -0.024852119386196136, -1.074462890625], [0.0, 0.0, 0.0, 1.0]], [[0.006495404988527298, -0.9994336366653442, 0.033016737550497055, 0.0084228515625], [-0.0064591956324875355, -0.03305868059396744, -0.9994325637817383, 1.5186538696289062], [0.9999579787254333, 0.006278474815189838, -0.006670267321169376, -1.3935546875], [0.0, 0.0, 0.0, 1.0]], [[-0.8325161933898926, -0.5539255738258362, 0.009119066409766674, 0.83935546875], [-0.000508511031512171, -0.0156963299959898, -0.9998766779899597, 1.5035476684570312], [0.5540002584457397, -0.8324182629585266, 0.01278577372431755, -1.1191635131835938], [0.0, 0.0, 0.0, 1.0]], [[0.9477016925811768, 0.3190998136997223, -0.006068853195756674, -1.13916015625], [0.00902541819959879, -0.04580272361636162, -0.9989097118377686, 1.5885810852050781], [-0.3190298080444336, 0.9466137290000916, -0.046287328004837036, -0.10455322265625], [0.0, 0.0, 0.0, 1.0]], [[0.001974496990442276, 0.9993537664413452, -0.03589201718568802, 0.0025634765625], [-0.016625680029392242, -0.03585432097315788, -0.9992187023162842, 1.5779342651367188], [-0.9998598694801331, 0.002569724339991808, 0.01654413901269436, -0.085205078125], [0.0, 0.0, 0.0, 1.0]], [[-0.9350266456604004, 0.3538971543312073, -0.021954210475087166, 0.978515625], [0.01567477360367775, -0.020600687712430954, -0.9996649026870728, 1.554107666015625], [-0.3542308509349823, -0.935057520866394, 0.013714932836592197, -0.12255859375], [0.0, 0.0, 0.0, 1.0]]], "view": [[0.0, -2.0, 100.0], [-2.0, 0.0, 100.0], [0.0, 0.0, 1.0]], "bev": "bev_437a98b148144bb5b754ed7a9a62dd8f.png", "aux": "aux_437a98b148144bb5b754ed7a9a62dd8f.npz", "visibility": "visibility_437a98b148144bb5b754ed7a9a62dd8f.png", "pose": [[0.9332972764968872, -0.359104722738266, 0.0, 1894.419189453125], [0.359104722738266, 0.9332972764968872, 0.0, 2594.761474609375], [0.0, 0.0, 1.0, 0.0], [0.0, 0.0, 0.0, 1.0]], "pose_inverse": [[0.9332972764968872, 0.359104722738266, 0.0, -2699.847412109375], [-0.359104722738266, 0.9332972764968872, 0.0, -1741.388916015625], [0.0, 0.0, 1.0, 0.0], [0.0, 0.0, 0.0, 1.0]], "cam_ids": [0, 1, 2, 3, 4, 5], "cam_channels": ["CAM_FRONT_LEFT", "CAM_FRONT", "CAM_FRONT_RIGHT", "CAM_BACK_LEFT", "CAM_BACK", "CAM_BACK_RIGHT"], "token": "437a98b148144bb5b754ed7a9a62dd8f", "scene": "scene-0412"}, {"images": ["samples/CAM_FRONT_LEFT/n015-2018-09-27-15-33-17+0800__CAM_FRONT_LEFT__1538033893754844.jpg", "samples/CAM_FRONT/n015-2018-09-27-15-33-17+0800__CAM_FRONT__1538033893762460.jpg", "samples/CAM_FRONT_RIGHT/n015-2018-09-27-15-33-17+0800__CAM_FRONT_RIGHT__1538033893770339.jpg", "samples/CAM_BACK_LEFT/n015-2018-09-27-15-33-17+0800__CAM_BACK_LEFT__1538033893797423.jpg", "samples/CAM_BACK/n015-2018-09-27-15-33-17+0800__CAM_BACK__1538033893787525.jpg", "samples/CAM_BACK_RIGHT/n015-2018-09-27-15-33-17+0800__CAM_BACK_RIGHT__1538033893777893.jpg"], "intrinsics": [[[1272.5979470598488, 0.0, 826.6154927353808], [0.0, 1272.5979470598488, 479.75165386361925], [0.0, 0.0, 1.0]], [[1266.417203046554, 0.0, 816.2670197447984], [0.0, 1266.417203046554, 491.50706579294757], [0.0, 0.0, 1.0]], [[1260.8474446004698, 0.0, 807.968244525554], [0.0, 1260.8474446004698, 495.3344268742088], [0.0, 0.0, 1.0]], [[1256.7414812095406, 0.0, 792.1125740759628], [0.0, 1256.7414812095406, 492.7757465151356], [0.0, 0.0, 1.0]], [[809.2209905677063, 0.0, 829.2196003259838], [0.0, 809.2209905677063, 481.77842384512485], [0.0, 0.0, 1.0]], [[1259.5137405846733, 0.0, 807.2529053838625], [0.0, 1259.5137405846733, 501.19579884916527], [0.0, 0.0, 1.0]]], "extrinsics": [[[0.8214284181594849, -0.5701628923416138, 0.013019838370382786, -0.6759033203125], [-0.0013609440065920353, -0.024788957089185715, -0.9996917843818665, 1.5078392028808594], [0.5703098773956299, 0.8211575150489807, -0.02113831602036953, -1.08251953125], [0.0, 0.0, 0.0, 1.0]], [[0.006651550065726042, -0.9995678067207336, 0.028633737936615944, 0.0086669921875], [-0.006504099350422621, -0.028677012771368027, -0.9995676279067993, 1.518707275390625], [0.9999567866325378, 0.006462430115789175, -0.006692034192383289, -1.40380859375], [0.0, 0.0, 0.0, 1.0]], [[-0.8325104713439941, -0.553967297077179, 0.006820364389568567, 0.84619140625], [-0.0007187376613728702, -0.011230941861867905, -0.9999366402626038, 1.5034980773925781], [0.5540087819099426, -0.8324626684188843, 0.008951720781624317, -1.1232643127441406], [0.0, 0.0, 0.0, 1.0]], [[0.9477210640907288, 0.31906458735466003, -0.004745018668472767, -1.14013671875], [0.00866683293133974, -0.040602024644613266, -0.999137818813324, 1.5885696411132812], [-0.31898215413093567, 0.9468628764152527, -0.04124467447400093, -0.1044921875], [0.0, 0.0, 0.0, 1.0]], [[0.002067308407276869, 0.9995167255401611, -0.031015628948807716, 0.0025634765625], [-0.017038527876138687, -0.030975982546806335, -0.9993748664855957, 1.5779571533203125], [-0.99985271692276, 0.002594505902379751, 0.016966257244348526, -0.081787109375], [0.0, 0.0, 0.0, 1.0]], [[-0.9349859952926636, 0.3541194796562195, -0.020011313259601593, 0.9832763671875], [0.01534830778837204, -0.015971874818205833, -0.9997546672821045, 1.5539684295654297], [-0.3543522357940674, -0.9350637793540955, 0.009498345665633678, -0.120849609375], [0.0, 0.0, 0.0, 1.0]]], "view": [[0.0, -2.0, 100.0], [-2.0, 0.0, 100.0], [0.0, 0.0, 1.0]], "bev": "bev_15368aeedc434903a487e4cfe641e86e.png", "aux": "aux_15368aeedc434903a487e4cfe641e86e.npz", "visibility": "visibility_15368aeedc434903a487e4cfe641e86e.png", "pose": [[0.9353805780410767, -0.35364270210266113, 0.0, 1898.3485107421875], [0.35364270210266113, 0.9353805780410767, 0.0, 2596.238525390625], [0.0, 0.0, 1.0, 0.0], [0.0, 0.0, 0.0, 1.0]], "pose_inverse": [[0.9353805780410767, 0.35364270210266113, 0.0, -2693.819091796875], [-0.35364270210266113, 0.9353805780410767, 0.0, -1757.134033203125], [0.0, 0.0, 1.0, 0.0], [0.0, 0.0, 0.0, 1.0]], "cam_ids": [0, 1, 2, 3, 4, 5], "cam_channels": ["CAM_FRONT_LEFT", "CAM_FRONT", "CAM_FRONT_RIGHT", "CAM_BACK_LEFT", "CAM_BACK", "CAM_BACK_RIGHT"], "token": "15368aeedc434903a487e4cfe641e86e", "scene": "scene-0412"}, {"images": ["samples/CAM_FRONT_LEFT/n015-2018-09-27-15-33-17+0800__CAM_FRONT_LEFT__1538033894254844.jpg", "samples/CAM_FRONT/n015-2018-09-27-15-33-17+0800__CAM_FRONT__1538033894262460.jpg", "samples/CAM_FRONT_RIGHT/n015-2018-09-27-15-33-17+0800__CAM_FRONT_RIGHT__1538033894270339.jpg", "samples/CAM_BACK_LEFT/n015-2018-09-27-15-33-17+0800__CAM_BACK_LEFT__1538033894297423.jpg", "samples/CAM_BACK/n015-2018-09-27-15-33-17+0800__CAM_BACK__1538033894287525.jpg", "samples/CAM_BACK_RIGHT/n015-2018-09-27-15-33-17+0800__CAM_BACK_RIGHT__1538033894277893.jpg"], "intrinsics": [[[1272.5979470598488, 0.0, 826.6154927353808], [0.0, 1272.5979470598488, 479.75165386361925], [0.0, 0.0, 1.0]], [[1266.417203046554, 0.0, 816.2670197447984], [0.0, 1266.417203046554, 491.50706579294757], [0.0, 0.0, 1.0]], [[1260.8474446004698, 0.0, 807.968244525554], [0.0, 1260.8474446004698, 495.3344268742088], [0.0, 0.0, 1.0]], [[1256.7414812095406, 0.0, 792.1125740759628], [0.0, 1256.7414812095406, 492.7757465151356], [0.0, 0.0, 1.0]], [[809.2209905677063, 0.0, 829.2196003259838], [0.0, 809.2209905677063, 481.77842384512485], [0.0, 0.0, 1.0]], [[1259.5137405846733, 0.0, 807.2529053838625], [0.0, 1259.5137405846733, 501.19579884916527], [0.0, 0.0, 1.0]]], "extrinsics": [[[0.8208037614822388, -0.5711982250213623, 0.003691199002787471, -0.693603515625], [0.0037677111104130745, -0.001048004487529397, -0.9999923706054688, 1.5094900131225586], [0.5711976885795593, 0.82081139087677, 0.0012919041328132153, -1.094970703125], [0.0, 0.0, 0.0, 1.0]], [[0.005752487573772669, -0.9999719858169556, 0.004787835292518139, 0.0087890625], [-0.001893387408927083, -0.004798797890543938, -0.9999867081642151, 1.5200300216674805], [0.999981701374054, 0.005743280053138733, -0.0019209395395591855, -1.42138671875], [0.0, 0.0, 0.0, 1.0]], [[-0.8328574895858765, -0.5534003376960754, -0.009812683798372746, 0.85791015625], [0.003342290176078677, 0.012700000777840614, -0.99991375207901, 1.5043258666992188], [0.5534772872924805, -0.8328185081481934, -0.00872766599059105, -1.1305713653564453], [0.0, 0.0, 0.0, 1.0]], [[0.9477505683898926, 0.3189784288406372, 0.004656318575143814, -1.13671875], [0.010610434226691723, -0.016931097954511642, -0.9998003244400024, 1.5886141061782837], [-0.31883588433265686, 0.9476107358932495, -0.01943095773458481, -0.105224609375], [0.0, 0.0, 0.0, 1.0]], [[0.0023980489932000637, 0.9999715089797974, -0.007163496222347021, 0.0023193359375], [-0.014279898256063461, -0.007128543686121702, -0.999872624874115, 1.5782203674316406], [-0.9998951554298401, 0.0025000330060720444, 0.014262395910918713, -0.078125], [0.0, 0.0, 0.0, 1.0]], [[-0.9347617626190186, 0.35496702790260315, -0.01480071060359478, 0.9920654296875], [0.01884259656071663, 0.007932337932288647, -0.9997910261154175, 1.5543327331542969], [-0.35477542877197266, -0.9348452091217041, -0.014103347435593605, -0.116943359375], [0.0, 0.0, 0.0, 1.0]]], "view": [[0.0, -2.0, 100.0], [-2.0, 0.0, 100.0], [0.0, 0.0, 1.0]], "bev": "bev_ad5685ffe3e941bcb5f33341cfc8c797.png", "aux": "aux_ad5685ffe3e941bcb5f33341cfc8c797.npz", "visibility": "visibility_ad5685ffe3e941bcb5f33341cfc8c797.png", "pose": [[0.935771644115448, -0.3526066243648529, 0.0, 1902.1075439453125], [0.3526066243648529, 0.935771644115448, 0.0, 2597.641357421875], [0.0, 0.0, 1.0, 0.0], [0.0, 0.0, 0.0, 1.0]], "pose_inverse": [[0.935771644115448, 0.3526066243648529, 0.0, -2695.8837890625], [-0.3526066243648529, 0.935771644115448, 0.0, -1760.1033935546875], [0.0, 0.0, 1.0, 0.0], [0.0, 0.0, 0.0, 1.0]], "cam_ids": [0, 1, 2, 3, 4, 5], "cam_channels": ["CAM_FRONT_LEFT", "CAM_FRONT", "CAM_FRONT_RIGHT", "CAM_BACK_LEFT", "CAM_BACK", "CAM_BACK_RIGHT"], "token": "ad5685ffe3e941bcb5f33341cfc8c797", "scene": "scene-0412"}, {"images": ["samples/CAM_FRONT_LEFT/n015-2018-09-27-15-33-17+0800__CAM_FRONT_LEFT__1538033894754844.jpg", "samples/CAM_FRONT/n015-2018-09-27-15-33-17+0800__CAM_FRONT__1538033894762460.jpg", "samples/CAM_FRONT_RIGHT/n015-2018-09-27-15-33-17+0800__CAM_FRONT_RIGHT__1538033894770339.jpg", "samples/CAM_BACK_LEFT/n015-2018-09-27-15-33-17+0800__CAM_BACK_LEFT__1538033894797423.jpg", "samples/CAM_BACK/n015-2018-09-27-15-33-17+0800__CAM_BACK__1538033894787525.jpg", "samples/CAM_BACK_RIGHT/n015-2018-09-27-15-33-17+0800__CAM_BACK_RIGHT__1538033894777893.jpg"], "intrinsics": [[[1272.5979470598488, 0.0, 826.6154927353808], [0.0, 1272.5979470598488, 479.75165386361925], [0.0, 0.0, 1.0]], [[1266.417203046554, 0.0, 816.2670197447984], [0.0, 1266.417203046554, 491.50706579294757], [0.0, 0.0, 1.0]], [[1260.8474446004698, 0.0, 807.968244525554], [0.0, 1260.8474446004698, 495.3344268742088], [0.0, 0.0, 1.0]], [[1256.7414812095406, 0.0, 792.1125740759628], [0.0, 1256.7414812095406, 492.7757465151356], [0.0, 0.0, 1.0]], [[809.2209905677063, 0.0, 829.2196003259838], [0.0, 809.2209905677063, 481.77842384512485], [0.0, 0.0, 1.0]], [[1259.5137405846733, 0.0, 807.2529053838625], [0.0, 1259.5137405846733, 501.19579884916527], [0.0, 0.0, 1.0]]], "extrinsics": [[[0.8205492496490479, -0.5715758800506592, -0.00018139828171115369, -0.7142333984375], [-0.0015317407669499516, -0.0018815892981365323, -0.999997079372406, 1.5077848434448242], [0.571573793888092, 0.8205470442771912, -0.002419442171230912, -1.107421875], [0.0, 0.0, 0.0, 1.0]], [[0.00540239317342639, -0.9999667406082153, 0.006099159829318523, 0.0079345703125], [-0.006856594700366259, -0.006136147305369377, -0.9999576807022095, 1.518819808959961], [0.9999619126319885, 0.005360330455005169, -0.006889516953378916, -1.44140625], [0.0, 0.0, 0.0, 1.0]], [[-0.8330528140068054, -0.5531711578369141, -0.004950294736772776, 0.869873046875], [-0.0012588721001520753, 0.010844215750694275, -0.9999403953552246, 1.503387451171875], [0.5531918406486511, -0.8329970240592957, -0.009730176068842411, -1.1394691467285156], [0.0, 0.0, 0.0, 1.0]], [[0.9477630853652954, 0.31897494196891785, 0.00029472619644366205, -1.13818359375], [0.0072877840138971806, -0.02073027566075325, -0.9997584819793701, 1.5885810852050781], [-0.3188917338848114, 0.9475364685058594, -0.021972009912133217, -0.104736328125], [0.0, 0.0, 0.0, 1.0]], [[0.002478301990777254, 0.9999450445175171, -0.010184412822127342, 0.00244140625], [-0.01808115839958191, -0.010137970559298992, -0.9997851252555847, 1.5780181884765625], [-0.9998334646224976, 0.0026619196869432926, 0.018055040389299393, -0.072509765625], [0.0, 0.0, 0.0, 1.0]], [[-0.9347434639930725, 0.35513177514076233, -0.011662803590297699, 1.00244140625], [0.014594661071896553, 0.005577880423516035, -0.9998779296875, 1.55352783203125], [-0.3550233840942383, -0.9347996115684509, -0.01039691548794508, -0.11328125], [0.0, 0.0, 0.0, 1.0]]], "view": [[0.0, -2.0, 100.0], [-2.0, 0.0, 100.0], [0.0, 0.0, 1.0]], "bev": "bev_ea4dc7f604f0491e963109afb8d146c6.png", "aux": "aux_ea4dc7f604f0491e963109afb8d146c6.npz", "visibility": "visibility_ea4dc7f604f0491e963109afb8d146c6.png", "pose": [[0.9353169798851013, -0.3538108766078949, 0.0, 1905.591064453125], [0.3538108766078949, 0.9353169798851013, 0.0, 2598.92822265625], [0.0, 0.0, 1.0, 0.0], [0.0, 0.0, 0.0, 1.0]], "pose_inverse": [[0.9353169798851013, 0.3538108766078949, 0.0, -2701.86083984375], [-0.3538108766078949, 0.9353169798851013, 0.0, -1756.6029052734375], [0.0, 0.0, 1.0, 0.0], [0.0, 0.0, 0.0, 1.0]], "cam_ids": [0, 1, 2, 3, 4, 5], "cam_channels": ["CAM_FRONT_LEFT", "CAM_FRONT", "CAM_FRONT_RIGHT", "CAM_BACK_LEFT", "CAM_BACK", "CAM_BACK_RIGHT"], "token": "ea4dc7f604f0491e963109afb8d146c6", "scene": "scene-0412"}, {"images": ["samples/CAM_FRONT_LEFT/n015-2018-09-27-15-33-17+0800__CAM_FRONT_LEFT__1538033895254844.jpg", "samples/CAM_FRONT/n015-2018-09-27-15-33-17+0800__CAM_FRONT__1538033895262460.jpg", "samples/CAM_FRONT_RIGHT/n015-2018-09-27-15-33-17+0800__CAM_FRONT_RIGHT__1538033895270339.jpg", "samples/CAM_BACK_LEFT/n015-2018-09-27-15-33-17+0800__CAM_BACK_LEFT__1538033895297423.jpg", "samples/CAM_BACK/n015-2018-09-27-15-33-17+0800__CAM_BACK__1538033895287525.jpg", "samples/CAM_BACK_RIGHT/n015-2018-09-27-15-33-17+0800__CAM_BACK_RIGHT__1538033895277893.jpg"], "intrinsics": [[[1272.5979470598488, 0.0, 826.6154927353808], [0.0, 1272.5979470598488, 479.75165386361925], [0.0, 0.0, 1.0]], [[1266.417203046554, 0.0, 816.2670197447984], [0.0, 1266.417203046554, 491.50706579294757], [0.0, 0.0, 1.0]], [[1260.8474446004698, 0.0, 807.968244525554], [0.0, 1260.8474446004698, 495.3344268742088], [0.0, 0.0, 1.0]], [[1256.7414812095406, 0.0, 792.1125740759628], [0.0, 1256.7414812095406, 492.7757465151356], [0.0, 0.0, 1.0]], [[809.2209905677063, 0.0, 829.2196003259838], [0.0, 809.2209905677063, 481.77842384512485], [0.0, 0.0, 1.0]], [[1259.5137405846733, 0.0, 807.2529053838625], [0.0, 1259.5137405846733, 501.19579884916527], [0.0, 0.0, 1.0]]], "extrinsics": [[[0.820996880531311, -0.5708426833152771, 0.010137663222849369, -0.7264404296875], [-0.0028589784633368254, -0.02186664007604122, -0.9997567534446716, 1.5074462890625], [0.5709254741668701, 0.8207682371139526, -0.019584469497203827, -1.115478515625], [0.0, 0.0, 0.0, 1.0]], [[0.0060845124535262585, -0.999642014503479, 0.026053139939904213, 0.0074462890625], [-0.007709320168942213, -0.026099739596247673, -0.9996296167373657, 1.5187149047851562], [0.9999517202377319, 0.0058814240619540215, -0.007865365594625473, -1.453125], [0.0, 0.0, 0.0, 1.0]], [[-0.8327460289001465, -0.5536180734634399, 0.006395784672349691, 0.877685546875], [-0.0016438018064945936, -0.009079622104763985, -0.9999574422836304, 1.503347396850586], [0.5536525845527649, -0.8327211737632751, 0.006650982424616814, -1.1447906494140625], [0.0, 0.0, 0.0, 1.0]], [[0.9477232098579407, 0.31905826926231384, -0.004739079624414444, -1.1396484375], [0.008500798605382442, -0.04009143263101578, -0.9991598725318909, 1.5885848999023438], [-0.3189801573753357, 0.9468868374824524, -0.04070783406496048, -0.10455322265625], [0.0, 0.0, 0.0, 1.0]], [[0.0021997401490807533, 0.9995507001876831, -0.02989235520362854, 0.00244140625], [-0.01746109127998352, -0.029849477112293243, -0.999401867389679, 1.5781402587890625], [-0.9998451471328735, 0.0027203713543713093, 0.01738758198916912, -0.068359375], [0.0, 0.0, 0.0, 1.0]], [[-0.9349002242088318, 0.35441434383392334, -0.018766019493341446, 1.009033203125], [0.014656677842140198, -0.014275838620960712, -0.9997906684875488, 1.553452491760254], [-0.35460802912712097, -0.9349794983863831, 0.0081519465893507, -0.111083984375], [0.0, 0.0, 0.0, 1.0]]], "view": [[0.0, -2.0, 100.0], [-2.0, 0.0, 100.0], [0.0, 0.0, 1.0]], "bev": "bev_127b89d930a94148831b972efd50ac39.png", "aux": "aux_127b89d930a94148831b972efd50ac39.npz", "visibility": "visibility_127b89d930a94148831b972efd50ac39.png", "pose": [[0.9350601434707642, -0.35448914766311646, 0.0, 1908.8121337890625], [0.35448914766311646, 0.9350601434707642, 0.0, 2600.133544921875], [0.0, 0.0, 1.0, 0.0], [0.0, 0.0, 0.0, 1.0]], "pose_inverse": [[0.9350601434707642, 0.35448914766311646, 0.0, -2706.5732421875], [-0.35448914766311646, 0.9350601434707642, 0.0, -1754.6280517578125], [0.0, 0.0, 1.0, 0.0], [0.0, 0.0, 0.0, 1.0]], "cam_ids": [0, 1, 2, 3, 4, 5], "cam_channels": ["CAM_FRONT_LEFT", "CAM_FRONT", "CAM_FRONT_RIGHT", "CAM_BACK_LEFT", "CAM_BACK", "CAM_BACK_RIGHT"], "token": "127b89d930a94148831b972efd50ac39", "scene": "scene-0412"}, {"images": ["samples/CAM_FRONT_LEFT/n015-2018-09-27-15-33-17+0800__CAM_FRONT_LEFT__1538033895754844.jpg", "samples/CAM_FRONT/n015-2018-09-27-15-33-17+0800__CAM_FRONT__1538033895762460.jpg", "samples/CAM_FRONT_RIGHT/n015-2018-09-27-15-33-17+0800__CAM_FRONT_RIGHT__1538033895770339.jpg", "samples/CAM_BACK_LEFT/n015-2018-09-27-15-33-17+0800__CAM_BACK_LEFT__1538033895797423.jpg", "samples/CAM_BACK/n015-2018-09-27-15-33-17+0800__CAM_BACK__1538033895787525.jpg", "samples/CAM_BACK_RIGHT/n015-2018-09-27-15-33-17+0800__CAM_BACK_RIGHT__1538033895777893.jpg"], "intrinsics": [[[1272.5979470598488, 0.0, 826.6154927353808], [0.0, 1272.5979470598488, 479.75165386361925], [0.0, 0.0, 1.0]], [[1266.417203046554, 0.0, 816.2670197447984], [0.0, 1266.417203046554, 491.50706579294757], [0.0, 0.0, 1.0]], [[1260.8474446004698, 0.0, 807.968244525554], [0.0, 1260.8474446004698, 495.3344268742088], [0.0, 0.0, 1.0]], [[1256.7414812095406, 0.0, 792.1125740759628], [0.0, 1256.7414812095406, 492.7757465151356], [0.0, 0.0, 1.0]], [[809.2209905677063, 0.0, 829.2196003259838], [0.0, 809.2209905677063, 481.77842384512485], [0.0, 0.0, 1.0]], [[1259.5137405846733, 0.0, 807.2529053838625], [0.0, 1259.5137405846733, 501.19579884916527], [0.0, 0.0, 1.0]]], "extrinsics": [[[0.8205062747001648, -0.57086580991745, 0.029692944139242172, -0.74658203125], [0.010706336237490177, -0.03658783435821533, -0.9992730617523193, 1.5111198425292969], [0.5715371966362, 0.8202276825904846, -0.023908667266368866, -1.128662109375], [0.0, 0.0, 0.0, 1.0]], [[0.005401842296123505, -0.9991647601127625, 0.04050339013338089, 0.006591796875], [0.005793986842036247, -0.04047203063964844, -0.9991639256477356, 1.521820068359375], [0.9999686479568481, 0.005631971638649702, 0.005570522043853998, -1.473876953125], [0.0, 0.0, 0.0, 1.0]], [[-0.8328508138656616, -0.5534899830818176, 0.0029060470405966043, 0.891357421875], [0.011863801628351212, -0.02310040034353733, -0.9996627569198608, 1.5056724548339844], [0.5533704161643982, -0.8325353860855103, 0.025805683806538582, -1.1547317504882812], [0.0, 0.0, 0.0, 1.0]], [[0.9475719332695007, 0.3195144236087799, 0.0042269849218428135, -1.140380859375], [0.022335480898618698, -0.05303202196955681, -0.9983429312705994, 1.5886039733886719], [-0.31876081228256226, 0.9460962414741516, -0.05738816782832146, -0.10443115234375], [0.0, 0.0, 0.0, 1.0]], [[0.0024210563860833645, 0.999066174030304, -0.043138109147548676, 0.002685546875], [-0.003779319580644369, -0.04312878102064133, -0.9990624189376831, 1.579132080078125], [-0.9999898672103882, 0.0025818238500505686, 0.0036713751032948494, -0.061279296875], [0.0, 0.0, 0.0, 1.0]], [[-0.9345535039901733, 0.3539670407772064, -0.036291155964136124, 1.0218505859375], [0.028214721009135246, -0.027952766045928, -0.9992109537124634, 1.5549030303955078], [-0.3547022044658661, -0.9348400831222534, 0.016136271879076958, -0.106689453125], [0.0, 0.0, 0.0, 1.0]]], "view": [[0.0, -2.0, 100.0], [-2.0, 0.0, 100.0], [0.0, 0.0, 1.0]], "bev": "bev_2a739dd2a66d428596eadee06c334300.png", "aux": "aux_2a739dd2a66d428596eadee06c334300.npz", "visibility": "visibility_2a739dd2a66d428596eadee06c334300.png", "pose": [[0.9339417219161987, -0.3574253022670746, 0.0, 1911.785888671875], [0.3574253022670746, 0.9339417219161987, 0.0, 2601.25], [0.0, 0.0, 1.0, 0.0], [0.0, 0.0, 0.0, 1.0]], "pose_inverse": [[0.9339417219161987, 0.3574253022670746, 0.0, -2715.249267578125], [-0.3574253022670746, 0.9339417219161987, 0.0, -1746.0953369140625], [0.0, 0.0, 1.0, 0.0], [0.0, 0.0, 0.0, 1.0]], "cam_ids": [0, 1, 2, 3, 4, 5], "cam_channels": ["CAM_FRONT_LEFT", "CAM_FRONT", "CAM_FRONT_RIGHT", "CAM_BACK_LEFT", "CAM_BACK", "CAM_BACK_RIGHT"], "token": "2a739dd2a66d428596eadee06c334300", "scene": "scene-0412"}, {"images": ["samples/CAM_FRONT_LEFT/n015-2018-09-27-15-33-17+0800__CAM_FRONT_LEFT__1538033896254844.jpg", "samples/CAM_FRONT/n015-2018-09-27-15-33-17+0800__CAM_FRONT__1538033896262460.jpg", "samples/CAM_FRONT_RIGHT/n015-2018-09-27-15-33-17+0800__CAM_FRONT_RIGHT__1538033896270339.jpg", "samples/CAM_BACK_LEFT/n015-2018-09-27-15-33-17+0800__CAM_BACK_LEFT__1538033896297423.jpg", "samples/CAM_BACK/n015-2018-09-27-15-33-17+0800__CAM_BACK__1538033896287525.jpg", "samples/CAM_BACK_RIGHT/n015-2018-09-27-15-33-17+0800__CAM_BACK_RIGHT__1538033896277893.jpg"], "intrinsics": [[[1272.5979470598488, 0.0, 826.6154927353808], [0.0, 1272.5979470598488, 479.75165386361925], [0.0, 0.0, 1.0]], [[1266.417203046554, 0.0, 816.2670197447984], [0.0, 1266.417203046554, 491.50706579294757], [0.0, 0.0, 1.0]], [[1260.8474446004698, 0.0, 807.968244525554], [0.0, 1260.8474446004698, 495.3344268742088], [0.0, 0.0, 1.0]], [[1256.7414812095406, 0.0, 792.1125740759628], [0.0, 1256.7414812095406, 492.7757465151356], [0.0, 0.0, 1.0]], [[809.2209905677063, 0.0, 829.2196003259838], [0.0, 809.2209905677063, 481.77842384512485], [0.0, 0.0, 1.0]], [[1259.5137405846733, 0.0, 807.2529053838625], [0.0, 1259.5137405846733, 501.19579884916527], [0.0, 0.0, 1.0]]], "extrinsics": [[[0.8199895024299622, -0.5696252584457397, 0.0560741163790226, -0.777587890625], [0.037580035626888275, -0.04417726770043373, -0.9983166456222534, 1.5168304443359375], [0.5711435079574585, 0.820716381072998, -0.014818358235061169, -1.150390625], [0.0, 0.0, 0.0, 1.0]], [[0.005262041464447975, -0.9988193511962891, 0.0482930950820446, 0.006103515625], [0.03209889680147171, -0.048100173473358154, -0.9983266592025757, 1.5265554189682007], [0.9994708299636841, 0.006803366355597973, 0.03180788829922676, -1.505126953125], [0.0, 0.0, 0.0, 1.0]], [[-0.8321821093559265, -0.5543218851089478, -0.014145045541226864, 0.911376953125], [0.0374554879963398, -0.030742719769477844, -0.9988252520561218, 1.50909423828125], [0.5532357692718506, -0.8317344188690186, 0.046345945447683334, -1.1681785583496094], [0.0, 0.0, 0.0, 1.0]], [[0.947027325630188, 0.3203185796737671, 0.023133467882871628, -1.140869140625], [0.044866129755973816, -0.06063303351402283, -0.997151255607605, 1.5886030197143555], [-0.318003386259079, 0.9453674554824829, -0.0717926025390625, -0.10406494140625], [0.0, 0.0, 0.0, 1.0]], [[0.002730664564296603, 0.9987099170684814, -0.05070490390062332, 0.0028076171875], [0.019958065822720528, -0.05074941739439964, -0.9985119700431824, 1.5804367065429688], [-0.9997971057891846, 0.0017146599711850286, -0.020070897415280342, -0.0517578125], [0.0, 0.0, 0.0, 1.0]], [[-0.9336401224136353, 0.35277697443962097, -0.06216560676693916, 1.0380859375], [0.053009167313575745, -0.035567328333854675, -0.9979603886604309, 1.557037353515625], [-0.35426855087280273, -0.9350312352180481, 0.014506671577692032, -0.100830078125], [0.0, 0.0, 0.0, 1.0]]], "view": [[0.0, -2.0, 100.0], [-2.0, 0.0, 100.0], [0.0, 0.0, 1.0]], "bev": "bev_397b2b7dc65a4b2186b48f4dfa0a0ba2.png", "aux": "aux_397b2b7dc65a4b2186b48f4dfa0a0ba2.npz", "visibility": "visibility_397b2b7dc65a4b2186b48f4dfa0a0ba2.png", "pose": [[0.9348135590553284, -0.3551388084888458, 0.0, 1914.405029296875], [0.3551388084888458, 0.9348135590553284, 0.0, 2602.23681640625], [0.0, 0.0, 1.0, 0.0], [0.0, 0.0, 0.0, 1.0]], "pose_inverse": [[0.9348135590553284, 0.3551388084888458, 0.0, -2713.76708984375], [-0.3551388084888458, 0.9348135590553284, 0.0, -1752.726806640625], [0.0, 0.0, 1.0, 0.0], [0.0, 0.0, 0.0, 1.0]], "cam_ids": [0, 1, 2, 3, 4, 5], "cam_channels": ["CAM_FRONT_LEFT", "CAM_FRONT", "CAM_FRONT_RIGHT", "CAM_BACK_LEFT", "CAM_BACK", "CAM_BACK_RIGHT"], "token": "397b2b7dc65a4b2186b48f4dfa0a0ba2", "scene": "scene-0412"}, {"images": ["samples/CAM_FRONT_LEFT/n015-2018-09-27-15-33-17+0800__CAM_FRONT_LEFT__1538033896754844.jpg", "samples/CAM_FRONT/n015-2018-09-27-15-33-17+0800__CAM_FRONT__1538033896762460.jpg", "samples/CAM_FRONT_RIGHT/n015-2018-09-27-15-33-17+0800__CAM_FRONT_RIGHT__1538033896770339.jpg", "samples/CAM_BACK_LEFT/n015-2018-09-27-15-33-17+0800__CAM_BACK_LEFT__1538033896797423.jpg", "samples/CAM_BACK/n015-2018-09-27-15-33-17+0800__CAM_BACK__1538033896787525.jpg", "samples/CAM_BACK_RIGHT/n015-2018-09-27-15-33-17+0800__CAM_BACK_RIGHT__1538033896777917.jpg"], "intrinsics": [[[1272.5979470598488, 0.0, 826.6154927353808], [0.0, 1272.5979470598488, 479.75165386361925], [0.0, 0.0, 1.0]], [[1266.417203046554, 0.0, 816.2670197447984], [0.0, 1266.417203046554, 491.50706579294757], [0.0, 0.0, 1.0]], [[1260.8474446004698, 0.0, 807.968244525554], [0.0, 1260.8474446004698, 495.3344268742088], [0.0, 0.0, 1.0]], [[1256.7414812095406, 0.0, 792.1125740759628], [0.0, 1256.7414812095406, 492.7757465151356], [0.0, 0.0, 1.0]], [[809.2209905677063, 0.0, 829.2196003259838], [0.0, 809.2209905677063, 481.77842384512485], [0.0, 0.0, 1.0]], [[1259.5137405846733, 0.0, 807.2529053838625], [0.0, 1259.5137405846733, 501.19579884916527], [0.0, 0.0, 1.0]]], "extrinsics": [[[0.8207352161407471, -0.5678272843360901, 0.06297437846660614, -0.789794921875], [0.04532656818628311, -0.045162003487348557, -0.9979508519172668, 1.5179290771484375], [0.5695077776908875, 0.8219078183174133, -0.011328386142849922, -1.1591796875], [0.0, 0.0, 0.0, 1.0]], [[0.006568719167262316, -0.9987582564353943, 0.0493825301527977, 0.0064697265625], [0.04134437441825867, -0.049070119857788086, -0.9979392886161804, 1.5277957916259766], [0.9991233348846436, 0.008596817031502724, 0.04097071290016174, -1.517333984375], [0.0, 0.0, 0.0, 1.0]], [[-0.8312031626701355, -0.5555075407028198, -0.02264171466231346, 0.9189453125], [0.048351891338825226, -0.03165821731090546, -0.9983285069465637, 1.510223388671875], [0.5538620948791504, -0.8309086561203003, 0.053174253553152084, -1.1731743812561035], [0.0, 0.0, 0.0, 1.0]], [[0.9463306665420532, 0.3208117187023163, 0.039217956364154816, -1.13916015625], [0.061997029930353165, -0.06109682843089104, -0.9962045550346375, 1.5887718200683594], [-0.3171979486942291, 0.9451703429222107, -0.07770717889070511, -0.10443115234375], [0.0, 0.0, 0.0, 1.0]], [[0.002699795877560973, 0.998672366142273, -0.05144043639302254, 0.0029296875], [0.03477771580219269, -0.05150327458977699, -0.9980670809745789, 1.581146478652954], [-0.9993913769721985, 0.0009056251728907228, -0.03487059846520424, -0.049560546875], [0.0, 0.0, 0.0, 1.0]], [[-0.9331586956977844, 0.35171639919281006, -0.07423114776611328, 1.044189453125], [0.06560155004262924, -0.036407891660928726, -0.9971815347671509, 1.5579147338867188], [-0.3534276783466339, -0.9353983402252197, 0.010901201516389847, -0.09814453125], [0.0, 0.0, 0.0, 1.0]]], "view": [[0.0, -2.0, 100.0], [-2.0, 0.0, 100.0], [0.0, 0.0, 1.0]], "bev": "bev_314457bf98214667975bef8d02ec92b5.png", "aux": "aux_314457bf98214667975bef8d02ec92b5.npz", "visibility": "visibility_314457bf98214667975bef8d02ec92b5.png", "pose": [[0.9395251870155334, -0.34247973561286926, 0.0, 1916.7958984375], [0.34247973561286926, 0.9395251870155334, 0.0, 2603.118408203125], [0.0, 0.0, 1.0, 0.0], [0.0, 0.0, 0.0, 1.0]], "pose_inverse": [[0.9395251870155334, 0.34247973561286926, 0.0, -2692.393310546875], [-0.34247973561286926, 0.9395251870155334, 0.0, -1789.2315673828125], [0.0, 0.0, 1.0, 0.0], [0.0, 0.0, 0.0, 1.0]], "cam_ids": [0, 1, 2, 3, 4, 5], "cam_channels": ["CAM_FRONT_LEFT", "CAM_FRONT", "CAM_FRONT_RIGHT", "CAM_BACK_LEFT", "CAM_BACK", "CAM_BACK_RIGHT"], "token": "314457bf98214667975bef8d02ec92b5", "scene": "scene-0412"}, {"images": ["samples/CAM_FRONT_LEFT/n015-2018-09-27-15-33-17+0800__CAM_FRONT_LEFT__1538033897254844.jpg", "samples/CAM_FRONT/n015-2018-09-27-15-33-17+0800__CAM_FRONT__1538033897262460.jpg", "samples/CAM_FRONT_RIGHT/n015-2018-09-27-15-33-17+0800__CAM_FRONT_RIGHT__1538033897270339.jpg", "samples/CAM_BACK_LEFT/n015-2018-09-27-15-33-17+0800__CAM_BACK_LEFT__1538033897297423.jpg", "samples/CAM_BACK/n015-2018-09-27-15-33-17+0800__CAM_BACK__1538033897287525.jpg", "samples/CAM_BACK_RIGHT/n015-2018-09-27-15-33-17+0800__CAM_BACK_RIGHT__1538033897277893.jpg"], "intrinsics": [[[1272.5979470598488, 0.0, 826.6154927353808], [0.0, 1272.5979470598488, 479.75165386361925], [0.0, 0.0, 1.0]], [[1266.417203046554, 0.0, 816.2670197447984], [0.0, 1266.417203046554, 491.50706579294757], [0.0, 0.0, 1.0]], [[1260.8474446004698, 0.0, 807.968244525554], [0.0, 1260.8474446004698, 495.3344268742088], [0.0, 0.0, 1.0]], [[1256.7414812095406, 0.0, 792.1125740759628], [0.0, 1256.7414812095406, 492.7757465151356], [0.0, 0.0, 1.0]], [[809.2209905677063, 0.0, 829.2196003259838], [0.0, 809.2209905677063, 481.77842384512485], [0.0, 0.0, 1.0]], [[1259.5137405846733, 0.0, 807.2529053838625], [0.0, 1259.5137405846733, 501.19579884916527], [0.0, 0.0, 1.0]]], "extrinsics": [[[0.8213697075843811, -0.5690128803253174, 0.03970012441277504, -0.791015625], [0.02108582854270935, -0.039263464510440826, -0.9990063905715942, 1.512740135192871], [0.570006251335144, 0.8213907480239868, -0.020251715555787086, -1.161376953125], [0.0, 0.0, 0.0, 1.0]], [[0.006792040076106787, -0.9990249276161194, 0.04362349584698677, 0.0072021484375], [0.013641232624650002, -0.04352787882089615, -0.9989590644836426, 1.5229454040527344], [0.9998838901519775, 0.007380079943686724, 0.013332284986972809, -1.51904296875], [0.0, 0.0, 0.0, 1.0]], [[-0.8321380615234375, -0.5545681118965149, 0.0005986520554870367, 0.920654296875], [0.016960544511675835, -0.02652852050960064, -0.9995041489601135, 1.5059576034545898], [0.5543090105056763, -0.8317153453826904, 0.031481169164180756, -1.1733207702636719], [0.0, 0.0, 0.0, 1.0]], [[0.9476070404052734, 0.3194345533847809, -0.0015902924351394176, -1.139892578125], [0.017716877162456512, -0.05752679333090782, -0.9981867671012878, 1.5885963439941406], [-0.3189467787742615, 0.9458605051040649, -0.060172174125909805, -0.1046142578125], [0.0, 0.0, 0.0, 1.0]], [[0.00196242006495595, 0.9988770484924316, -0.04733705520629883, 0.0025634765625], [-0.004813598468899727, -0.04732716083526611, -0.9988678693771362, 1.5791397094726562], [-0.9999865293502808, 0.0021880667190998793, 0.004715317394584417, -0.048583984375], [0.0, 0.0, 0.0, 1.0]], [[-0.9347830414772034, 0.3529781699180603, -0.039838194847106934, 1.0445556640625], [0.030599206686019897, -0.03171829879283905, -0.9990283250808716, 1.5544586181640625], [-0.3538988530635834, -0.9350938200950623, 0.018848873674869537, -0.09765625], [0.0, 0.0, 0.0, 1.0]]], "view": [[0.0, -2.0, 100.0], [-2.0, 0.0, 100.0], [0.0, 0.0, 1.0]], "bev": "bev_4e131a0c99ea48ab8a96532f2991b0ce.png", "aux": "aux_4e131a0c99ea48ab8a96532f2991b0ce.npz", "visibility": "visibility_4e131a0c99ea48ab8a96532f2991b0ce.png", "pose": [[0.9448224306106567, -0.3275829553604126, 0.0, 1919.0897216796875], [0.3275829553604126, 0.9448224306106567, 0.0, 2603.925048828125], [0.0, 0.0, 1.0, 0.0], [0.0, 0.0, 0.0, 1.0]], "pose_inverse": [[0.9448224306106567, 0.3275829553604126, 0.0, -2666.200439453125], [-0.3275829553604126, 0.9448224306106567, 0.0, -1831.585693359375], [0.0, 0.0, 1.0, 0.0], [0.0, 0.0, 0.0, 1.0]], "cam_ids": [0, 1, 2, 3, 4, 5], "cam_channels": ["CAM_FRONT_LEFT", "CAM_FRONT", "CAM_FRONT_RIGHT", "CAM_BACK_LEFT", "CAM_BACK", "CAM_BACK_RIGHT"], "token": "4e131a0c99ea48ab8a96532f2991b0ce", "scene": "scene-0412"}, {"images": ["samples/CAM_FRONT_LEFT/n015-2018-09-27-15-33-17+0800__CAM_FRONT_LEFT__1538033897654844.jpg", "samples/CAM_FRONT/n015-2018-09-27-15-33-17+0800__CAM_FRONT__1538033897662460.jpg", "samples/CAM_FRONT_RIGHT/n015-2018-09-27-15-33-17+0800__CAM_FRONT_RIGHT__1538033897670339.jpg", "samples/CAM_BACK_LEFT/n015-2018-09-27-15-33-17+0800__CAM_BACK_LEFT__1538033897697423.jpg", "samples/CAM_BACK/n015-2018-09-27-15-33-17+0800__CAM_BACK__1538033897687525.jpg", "samples/CAM_BACK_RIGHT/n015-2018-09-27-15-33-17+0800__CAM_BACK_RIGHT__1538033897677893.jpg"], "intrinsics": [[[1272.5979470598488, 0.0, 826.6154927353808], [0.0, 1272.5979470598488, 479.75165386361925], [0.0, 0.0, 1.0]], [[1266.417203046554, 0.0, 816.2670197447984], [0.0, 1266.417203046554, 491.50706579294757], [0.0, 0.0, 1.0]], [[1260.8474446004698, 0.0, 807.968244525554], [0.0, 1260.8474446004698, 495.3344268742088], [0.0, 0.0, 1.0]], [[1256.7414812095406, 0.0, 792.1125740759628], [0.0, 1256.7414812095406, 492.7757465151356], [0.0, 0.0, 1.0]], [[809.2209905677063, 0.0, 829.2196003259838], [0.0, 809.2209905677063, 481.77842384512485], [0.0, 0.0, 1.0]], [[1259.5137405846733, 0.0, 807.2529053838625], [0.0, 1259.5137405846733, 501.19579884916527], [0.0, 0.0, 1.0]]], "extrinsics": [[[0.822770357131958, -0.5683038234710693, 0.008934780023992062, -0.772216796875], [-0.01442788727581501, -0.036597855389118195, -0.999225914478302, 1.5049285888671875], [0.5681908130645752, 0.822004497051239, -0.03831104934215546, -1.14892578125], [0.0, 0.0, 0.0, 1.0]], [[0.008794733323156834, -0.9991356730461121, 0.040627628564834595, 0.007568359375], [-0.01840490661561489, -0.04078405722975731, -0.9989984631538391, 1.5170440673828125], [0.9997919201850891, 0.008038225583732128, -0.018747681751847267, -1.500732421875], [0.0, 0.0, 0.0, 1.0]], [[-0.8316103219985962, -0.5548957586288452, 0.022691810503602028, 0.908935546875], [-0.011441993527114391, -0.023731758818030357, -0.9996528625488281, 1.5019683837890625], [0.5552416443824768, -0.8315813541412354, 0.01338646374642849, -1.1656646728515625], [0.0, 0.0, 0.0, 1.0]], [[0.9476665258407593, 0.3188808560371399, -0.015592684037983418, -1.140869140625], [0.002048487076535821, -0.05491206794977188, -0.9984890818595886, 1.5885467529296875], [-0.3192552328109741, 0.9462027549743652, -0.05269155651330948, -0.10382080078125], [0.0, 0.0, 0.0, 1.0]], [[0.0012934573460370302, 0.9990036487579346, -0.044611431658267975, 0.002685546875], [-0.02509327046573162, -0.04456499591469765, -0.9986912608146667, 1.5780029296875], [-0.9996842741966248, 0.0024112274404615164, 0.025010621175169945, -0.05