[{"images": ["samples/CAM_FRONT_LEFT/n008-2018-09-18-13-10-39-0400__CAM_FRONT_LEFT__1537291143254799.jpg", "samples/CAM_FRONT/n008-2018-09-18-13-10-39-0400__CAM_FRONT__1537291143262404.jpg", "samples/CAM_FRONT_RIGHT/n008-2018-09-18-13-10-39-0400__CAM_FRONT_RIGHT__1537291143270482.jpg", "samples/CAM_BACK_LEFT/n008-2018-09-18-13-10-39-0400__CAM_BACK_LEFT__1537291143297405.jpg", "samples/CAM_BACK/n008-2018-09-18-13-10-39-0400__CAM_BACK__1537291143287558.jpg", "samples/CAM_BACK_RIGHT/n008-2018-09-18-13-10-39-0400__CAM_BACK_RIGHT__1537291143278113.jpg"], "intrinsics": [[[1257.8625342125129, 0.0, 827.2410631095686], [0.0, 1257.8625342125129, 450.915498205774], [0.0, 0.0, 1.0]], [[1252.8131021185304, 0.0, 826.588114781398], [0.0, 1252.8131021185304, 469.9846626224581], [0.0, 0.0, 1.0]], [[1256.7485116440405, 0.0, 817.7887570959712], [0.0, 1256.7485116440403, 451.9541780095127], [0.0, 0.0, 1.0]], [[1254.9860565800168, 0.0, 829.5769333630991], [0.0, 1254.9860565800168, 467.1680561863987], [0.0, 0.0, 1.0]], [[796.8910634503094, 0.0, 857.7774326863696], [0.0, 796.8910634503094, 476.8848988407415], [0.0, 0.0, 1.0]], [[1249.9629280788233, 0.0, 825.3768045375984], [0.0, 1249.9629280788233, 462.54816385708756], [0.0, 0.0, 1.0]]], "extrinsics": [[[0.8214375376701355, -0.56805419921875, -0.05054619535803795, -0.74945068359375], [-0.023767367005348206, 0.05445517227053642, -0.9982333183288574, 1.4807586669921875], [0.5698030591011047, 0.8211876749992371, 0.031230365857481956, -1.1607666015625], [0.0, 0.0, 0.0, 1.0]], [[0.008884849958121777, -0.9986779689788818, -0.050628937780857086, 0.0108642578125], [-0.02179720811545849, 0.05042548105120659, -0.9984899163246155, 1.4744415283203125], [0.9997228980064392, 0.009974945336580276, -0.021320367231965065, -1.480010986328125], [0.0, 0.0, 0.0, 1.0]], [[-0.8445674777030945, -0.5353416800498962, -0.010729075409471989, 0.925048828125], [-0.013774989172816277, 0.04175390675663948, -0.9990329146385193, 1.4902420043945312], [0.535271942615509, -0.8436029553413391, -0.04263831675052643, -1.16943359375], [0.0, 0.0, 0.0, 1.0]], [[0.9475687146186829, 0.3189614415168762, -0.01942063309252262, -1.135498046875], [-0.039664074778556824, 0.0570940226316452, -0.9975805878639221, 1.5616836547851562], [-0.31708094477653503, 0.9460464119911194, 0.06675181537866592, -0.1590576171875], [0.0, 0.0, 0.0, 1.0]], [[0.010308746248483658, 0.9987450242042542, 0.04901159927248955, -0.029052734375], [-0.03728799149394035, 0.049364060163497925, -0.998084545135498, 1.5651016235351562], [-0.9992514848709106, 0.008461418561637402, 0.03775007650256157, -0.033599853515625], [0.0, 0.0, 0.0, 1.0]], [[-0.9230486750602722, 0.3825382888317108, 0.04056569188833237, 1.02685546875], [-0.03286109119653702, 0.026656093075871468, -0.999104380607605, 1.5430259704589844], [-0.3832769989967346, -0.9235550761222839, -0.01203424483537674, -0.0970458984375], [0.0, 0.0, 0.0, 1.0]]], "view": [[0.0, -2.0, 100.0], [-2.0, 0.0, 100.0], [0.0, 0.0, 1.0]], "bev": "bev_5de10fa5d53e494d99bfb11e83fc27c7.png", "aux": "aux_5de10fa5d53e494d99bfb11e83fc27c7.npz", "visibility": "visibility_5de10fa5d53e494d99bfb11e83fc27c7.png", "pose": [[0.7446696162223816, 0.6674332618713379, 0.0, 1278.8988037109375], [-0.6674332618713379, 0.7446696162223816, 0.0, 916.8455810546875], [0.0, 0.0, 1.0, 0.0], [0.0, 0.0, 0.0, 1.0]], "pose_inverse": [[0.7446696162223816, -0.6674332618713379, 0.0, -340.4238586425781], [0.6674332618713379, 0.7446696162223816, 0.0, -1536.32666015625], [0.0, 0.0, 1.0, 0.0], [0.0, 0.0, 0.0, 1.0]], "cam_ids": [0, 1, 2, 3, 4, 5], "cam_channels": ["CAM_FRONT_LEFT", "CAM_FRONT", "CAM_FRONT_RIGHT", "CAM_BACK_LEFT", "CAM_BACK", "CAM_BACK_RIGHT"], "token": "5de10fa5d53e494d99bfb11e83fc27c7", "scene": "scene-0583"}, {"images": ["samples/CAM_FRONT_LEFT/n008-2018-09-18-13-10-39-0400__CAM_FRONT_LEFT__1537291143754799.jpg", "samples/CAM_FRONT/n008-2018-09-18-13-10-39-0400__CAM_FRONT__1537291143762404.jpg", "samples/CAM_FRONT_RIGHT/n008-2018-09-18-13-10-39-0400__CAM_FRONT_RIGHT__1537291143770482.jpg", "samples/CAM_BACK_LEFT/n008-2018-09-18-13-10-39-0400__CAM_BACK_LEFT__1537291143797405.jpg", "samples/CAM_BACK/n008-2018-09-18-13-10-39-0400__CAM_BACK__1537291143787558.jpg", "samples/CAM_BACK_RIGHT/n008-2018-09-18-13-10-39-0400__CAM_BACK_RIGHT__1537291143778113.jpg"], "intrinsics": [[[1257.8625342125129, 0.0, 827.2410631095686], [0.0, 1257.8625342125129, 450.915498205774], [0.0, 0.0, 1.0]], [[1252.8131021185304, 0.0, 826.588114781398], [0.0, 1252.8131021185304, 469.9846626224581], [0.0, 0.0, 1.0]], [[1256.7485116440405, 0.0, 817.7887570959712], [0.0, 1256.7485116440403, 451.9541780095127], [0.0, 0.0, 1.0]], [[1254.9860565800168, 0.0, 829.5769333630991], [0.0, 1254.9860565800168, 467.1680561863987], [0.0, 0.0, 1.0]], [[796.8910634503094, 0.0, 857.7774326863696], [0.0, 796.8910634503094, 476.8848988407415], [0.0, 0.0, 1.0]], [[1249.9629280788233, 0.0, 825.3768045375984], [0.0, 1249.9629280788233, 462.54816385708756], [0.0, 0.0, 1.0]]], "extrinsics": [[[0.8216289281845093, -0.5682006478309631, -0.045541323721408844, -0.75732421875], [-0.02008289098739624, 0.050989389419555664, -0.9984972476959229, 1.4822006225585938], [0.5696688890457153, 0.8213088512420654, 0.030483245849609375, -1.1630859375], [0.0, 0.0, 0.0, 1.0]], [[0.009145474061369896, -0.9988455176353455, -0.04715844243764877, 0.0089111328125], [-0.018425805494189262, 0.046984076499938965, -0.9987256526947021, 1.47552490234375], [0.9997883439064026, 0.010002655908465385, -0.017974844202399254, -1.48602294921875], [0.0, 0.0, 0.0, 1.0]], [[-0.844444215297699, -0.5355183482170105, -0.011569062247872353, 0.927978515625], [-0.010720324702560902, 0.038490816950798035, -0.9992014169692993, 1.4909477233886719], [0.535535991191864, -0.8436459302902222, -0.03824428841471672, -1.1728515625], [0.0, 0.0, 0.0, 1.0]], [[0.9476175904273987, 0.3189149498939514, -0.017722757533192635, -1.136474609375], [-0.03703122213482857, 0.05458282679319382, -0.9978223443031311, 1.5617446899414062], [-0.31725308299064636, 0.9462103247642517, 0.06353346258401871, -0.15869140625], [0.0, 0.0, 0.0, 1.0]], [[0.010102374479174614, 0.9988726377487183, 0.04638335481286049, -0.0286865234375], [-0.03457874059677124, 0.04670695215463638, -0.9983099102973938, 1.5654182434082031], [-0.999350905418396, 0.008481440134346485, 0.03501160815358162, -0.0313720703125], [0.0, 0.0, 0.0, 1.0]], [[-0.9232179522514343, 0.3825065493583679, 0.03684091195464134, 1.030120849609375], [-0.030063990503549576, 0.02368144318461418, -0.9992673993110657, 1.5435466766357422], [-0.3830987811088562, -0.923649251461029, -0.010363462381064892, -0.0968017578125], [0.0, 0.0, 0.0, 1.0]]], "view": [[0.0, -2.0, 100.0], [-2.0, 0.0, 100.0], [0.0, 0.0, 1.0]], "bev": "bev_6a43de934de14a9380eae9520c3b6f4f.png", "aux": "aux_6a43de934de14a9380eae9520c3b6f4f.npz", "visibility": "visibility_6a43de934de14a9380eae9520c3b6f4f.png", "pose": [[0.7445080280303955, 0.6676135063171387, 0.0, 1281.470458984375], [-0.6676135063171387, 0.7445080280303955, 0.0, 914.4920654296875], [0.0, 0.0, 1.0, 0.0], [0.0, 0.0, 0.0, 1.0]], "pose_inverse": [[0.7445080280303955, -0.6676135063171387, 0.0, -343.5378112792969], [0.6676135063171387, 0.7445080280303955, 0.0, -1536.3736572265625], [0.0, 0.0, 1.0, 0.0], [0.0, 0.0, 0.0, 1.0]], "cam_ids": [0, 1, 2, 3, 4, 5], "cam_channels": ["CAM_FRONT_LEFT", "CAM_FRONT", "CAM_FRONT_RIGHT", "CAM_BACK_LEFT", "CAM_BACK", "CAM_BACK_RIGHT"], "token": "6a43de934de14a9380eae9520c3b6f4f", "scene": "scene-0583"}, {"images": ["samples/CAM_FRONT_LEFT/n008-2018-09-18-13-10-39-0400__CAM_FRONT_LEFT__1537291144254799.jpg", "samples/CAM_FRONT/n008-2018-09-18-13-10-39-0400__CAM_FRONT__1537291144263266.jpg", "samples/CAM_FRONT_RIGHT/n008-2018-09-18-13-10-39-0400__CAM_FRONT_RIGHT__1537291144270482.jpg", "samples/CAM_BACK_LEFT/n008-2018-09-18-13-10-39-0400__CAM_BACK_LEFT__1537291144297405.jpg", "samples/CAM_BACK/n008-2018-09-18-13-10-39-0400__CAM_BACK__1537291144287558.jpg", "samples/CAM_BACK_RIGHT/n008-2018-09-18-13-10-39-0400__CAM_BACK_RIGHT__1537291144278113.jpg"], "intrinsics": [[[1257.8625342125129, 0.0, 827.2410631095686], [0.0, 1257.8625342125129, 450.915498205774], [0.0, 0.0, 1.0]], [[1252.8131021185304, 0.0, 826.588114781398], [0.0, 1252.8131021185304, 469.9846626224581], [0.0, 0.0, 1.0]], [[1256.7485116440405, 0.0, 817.7887570959712], [0.0, 1256.7485116440403, 451.9541780095127], [0.0, 0.0, 1.0]], [[1254.9860565800168, 0.0, 829.5769333630991], [0.0, 1254.9860565800168, 467.1680561863987], [0.0, 0.0, 1.0]], [[796.8910634503094, 0.0, 857.7774326863696], [0.0, 796.8910634503094, 476.8848988407415], [0.0, 0.0, 1.0]], [[1249.9629280788233, 0.0, 825.3768045375984], [0.0, 1249.9629280788233, 462.54816385708756], [0.0, 0.0, 1.0]]], "extrinsics": [[[0.8219047784805298, -0.5678138136863708, -0.0453864149749279, -0.7379150390625], [-0.0193062461912632, 0.05186377093195915, -0.9984675049781799, 1.4818801879882812], [0.5692975521087646, 0.8215215802192688, 0.03166472911834717, -1.1527099609375], [0.0, 0.0, 0.0, 1.0]], [[0.009437630884349346, -0.9988083839416504, -0.047881677746772766, 0.0106201171875], [-0.017212480306625366, 0.04771445319056511, -0.9987127184867859, 1.4755401611328125], [0.9998072981834412, 0.010249746032059193, -0.01674165576696396, -1.474029541015625], [0.0, 0.0, 0.0, 1.0]], [[-0.8444005846977234, -0.535551130771637, -0.013135001994669437, 0.9163818359375], [-0.009200713597238064, 0.03901314735412598, -0.9991962909698486, 1.4910812377929688], [0.5356331467628479, -0.8436011672019958, -0.03787017986178398, -1.1644287109375], [0.0, 0.0, 0.0, 1.0]], [[0.9476758241653442, 0.3188450336456299, -0.01575726456940174, -1.13323974609375], [-0.034818124026060104, 0.054169680923223495, -0.9979245066642761, 1.5616302490234375], [-0.3173298239707947, 0.9462575912475586, 0.06243688613176346, -0.1597900390625], [0.0, 0.0, 0.0, 1.0]], [[0.010055926628410816, 0.9988752007484436, 0.04633792117238045, -0.02880859375], [-0.032475151121616364, 0.04664204642176628, -0.998383641242981, 1.5653190612792969], [-0.999422013759613, 0.008534860797226429, 0.03290765359997749, -0.038787841796875], [0.0, 0.0, 0.0, 1.0]], [[-0.9232650399208069, 0.3825356662273407, 0.03532813861966133, 1.0196533203125], [-0.0283160712569952, 0.023947035893797874, -0.999312162399292, 1.5434684753417969], [-0.38311854004859924, -0.9236302971839905, -0.011277556419372559, -0.1007080078125], [0.0, 0.0, 0.0, 1.0]]], "view": [[0.0, -2.0, 100.0], [-2.0, 0.0, 100.0], [0.0, 0.0, 1.0]], "bev": "bev_175b2d0bd27f421099f81a13678f828d.png", "aux": "aux_175b2d0bd27f421099f81a13678f828d.npz", "visibility": "visibility_175b2d0bd27f421099f81a13678f828d.png", "pose": [[0.7425393462181091, 0.6698024272918701, 0.0, 1284.0797119140625], [-0.6698024272918701, 0.7425393462181091, 0.0, 912.0943603515625], [0.0, 0.0, 1.0, 0.0], [0.0, 0.0, 0.0, 1.0]], "pose_inverse": [[0.7425393462181091, -0.6698024272918701, 0.0, -342.55670166015625], [0.6698024272918701, 0.7425393462181091, 0.0, -1537.345703125], [0.0, 0.0, 1.0, 0.0], [0.0, 0.0, 0.0, 1.0]], "cam_ids": [0, 1, 2, 3, 4, 5], "cam_channels": ["CAM_FRONT_LEFT", "CAM_FRONT", "CAM_FRONT_RIGHT", "CAM_BACK_LEFT", "CAM_BACK", "CAM_BACK_RIGHT"], "token": "175b2d0bd27f421099f81a13678f828d", "scene": "scene-0583"}, {"images": ["samples/CAM_FRONT_LEFT/n008-2018-09-18-13-10-39-0400__CAM_FRONT_LEFT__1537291144754799.jpg", "samples/CAM_FRONT/n008-2018-09-18-13-10-39-0400__CAM_FRONT__1537291144762404.jpg", "samples/CAM_FRONT_RIGHT/n008-2018-09-18-13-10-39-0400__CAM_FRONT_RIGHT__1537291144770482.jpg", "samples/CAM_BACK_LEFT/n008-2018-09-18-13-10-39-0400__CAM_BACK_LEFT__1537291144797405.jpg", "samples/CAM_BACK/n008-2018-09-18-13-10-39-0400__CAM_BACK__1537291144787558.jpg", "samples/CAM_BACK_RIGHT/n008-2018-09-18-13-10-39-0400__CAM_BACK_RIGHT__1537291144778113.jpg"], "intrinsics": [[[1257.8625342125129, 0.0, 827.2410631095686], [0.0, 1257.8625342125129, 450.915498205774], [0.0, 0.0, 1.0]], [[1252.8131021185304, 0.0, 826.588114781398], [0.0, 1252.8131021185304, 469.9846626224581], [0.0, 0.0, 1.0]], [[1256.7485116440405, 0.0, 817.7887570959712], [0.0, 1256.7485116440403, 451.9541780095127], [0.0, 0.0, 1.0]], [[1254.9860565800168, 0.0, 829.5769333630991], [0.0, 1254.9860565800168, 467.1680561863987], [0.0, 0.0, 1.0]], [[796.8910634503094, 0.0, 857.7774326863696], [0.0, 796.8910634503094, 476.8848988407415], [0.0, 0.0, 1.0]], [[1249.9629280788233, 0.0, 825.3768045375984], [0.0, 1249.9629280788233, 462.54816385708756], [0.0, 0.0, 1.0]]], "extrinsics": [[[0.8219634294509888, -0.5676054954528809, -0.04690578207373619, -0.750732421875], [-0.020508872345089912, 0.05280590057373047, -0.9983941912651062, 1.4818191528320312], [0.5691708922386169, 0.8216055035591125, 0.03176356479525566, -1.1617431640625], [0.0, 0.0, 0.0, 1.0]], [[0.009603962302207947, -0.9987625479698181, -0.048798318952322006, 0.0107421875], [-0.018342681229114532, 0.04861639812588692, -0.9986490607261658, 1.4753799438476562], [0.9997855424880981, 0.010486098937690258, -0.017853068187832832, -1.482147216796875], [0.0, 0.0, 0.0, 1.0]], [[-0.8442872762680054, -0.5357362031936646, -0.01286771334707737, 0.9271240234375], [-0.010074273683130741, 0.0398748517036438, -0.9991539120674133, 1.4910087585449219], [0.5357961058616638, -0.8434433341026306, -0.0390629880130291, -1.1708984375], [0.0, 0.0, 0.0, 1.0]], [[0.9476833939552307, 0.3188456594944, -0.015287606045603752, -1.13812255859375], [-0.03463474661111832, 0.055097438395023346, -0.9978801012039185, 1.56182861328125], [-0.3173274099826813, 0.946203887462616, 0.06325805932283401, -0.158203125], [0.0, 0.0, 0.0, 1.0]], [[0.009987225756049156, 0.9988361597061157, 0.0471869632601738, -0.029052734375], [-0.03287912532687187, 0.04749181494116783, -0.9983303546905518, 1.5655441284179688], [-0.9994094967842102, 0.00841907225549221, 0.03331516683101654, -0.030792236328125], [0.0, 0.0, 0.0, 1.0]], [[-0.9233192801475525, 0.38232308626174927, 0.03620065376162529, 1.0294189453125], [-0.028915606439113617, 0.024785451591014862, -0.9992745518684387, 1.5436763763427734], [-0.38294291496276855, -0.9236962199211121, -0.011829784139990807, -0.09619140625], [0.0, 0.0, 0.0, 1.0]]], "view": [[0.0, -2.0, 100.0], [-2.0, 0.0, 100.0], [0.0, 0.0, 1.0]], "bev": "bev_2a39034b651c42128919cb424d5567dd.png", "aux": "aux_2a39034b651c42128919cb424d5567dd.npz", "visibility": "visibility_2a39034b651c42128919cb424d5567dd.png", "pose": [[0.7408705353736877, 0.671647846698761, 0.0, 1286.70068359375], [-0.671647846698761, 0.7408705353736877, 0.0, 909.6773071289062], [0.0, 0.0, 1.0, 0.0], [0.0, 0.0, 0.0, 1.0]], "pose_inverse": [[0.7408705353736877, -0.671647846698761, 0.0, -342.2958068847656], [0.671647846698761, 0.7408705353736877, 0.0, -1538.162841796875], [0.0, 0.0, 1.0, 0.0], [0.0, 0.0, 0.0, 1.0]], "cam_ids": [0, 1, 2, 3, 4, 5], "cam_channels": ["CAM_FRONT_LEFT", "CAM_FRONT", "CAM_FRONT_RIGHT", "CAM_BACK_LEFT", "CAM_BACK", "CAM_BACK_RIGHT"], "token": "2a39034b651c42128919cb424d5567dd", "scene": "scene-0583"}, {"images": ["samples/CAM_FRONT_LEFT/n008-2018-09-18-13-10-39-0400__CAM_FRONT_LEFT__1537291145154799.jpg", "samples/CAM_FRONT/n008-2018-09-18-13-10-39-0400__CAM_FRONT__1537291145162404.jpg", "samples/CAM_FRONT_RIGHT/n008-2018-09-18-13-10-39-0400__CAM_FRONT_RIGHT__1537291145170823.jpg", "samples/CAM_BACK_LEFT/n008-2018-09-18-13-10-39-0400__CAM_BACK_LEFT__1537291145197405.jpg", "samples/CAM_BACK/n008-2018-09-18-13-10-39-0400__CAM_BACK__1537291145187558.jpg", "samples/CAM_BACK_RIGHT/n008-2018-09-18-13-10-39-0400__CAM_BACK_RIGHT__1537291145178113.jpg"], "intrinsics": [[[1257.8625342125129, 0.0, 827.2410631095686], [0.0, 1257.8625342125129, 450.915498205774], [0.0, 0.0, 1.0]], [[1252.8131021185304, 0.0, 826.588114781398], [0.0, 1252.8131021185304, 469.9846626224581], [0.0, 0.0, 1.0]], [[1256.7485116440405, 0.0, 817.7887570959712], [0.0, 1256.7485116440403, 451.9541780095127], [0.0, 0.0, 1.0]], [[1254.9860565800168, 0.0, 829.5769333630991], [0.0, 1254.9860565800168, 467.1680561863987], [0.0, 0.0, 1.0]], [[796.8910634503094, 0.0, 857.7774326863696], [0.0, 796.8910634503094, 476.8848988407415], [0.0, 0.0, 1.0]], [[1249.9629280788233, 0.0, 825.3768045375984], [0.0, 1249.9629280788233, 462.54816385708756], [0.0, 0.0, 1.0]]], "extrinsics": [[[0.8218997120857239, -0.5678739547729492, -0.0447232685983181, -0.73785400390625], [-0.017504720017313957, 0.053296543657779694, -0.998425304889679, 1.4824752807617188], [0.5693632960319519, 0.8213882446289062, 0.03386393561959267, -1.1522216796875], [0.0, 0.0, 0.0, 1.0]], [[0.009366316720843315, -0.9987417459487915, -0.049267031252384186, 0.010498046875], [-0.015512104146182537, 0.04911814257502556, -0.9986725449562073, 1.47589111328125], [0.9998357892036438, 0.010118182748556137, -0.015032527036964893, -1.468017578125], [0.0, 0.0, 0.0, 1.0]], [[-0.8444654941558838, -0.535390317440033, -0.01533693540841341, 0.9189453125], [-0.007446323521435261, 0.04036713391542435, -0.9991571307182312, 1.4914627075195312], [0.5355581641197205, -0.8436395525932312, -0.038075342774391174, -1.1661376953125], [0.0, 0.0, 0.0, 1.0]], [[0.9477409720420837, 0.31876328587532043, -0.013308005407452583, -1.13525390625], [-0.03265058621764183, 0.05541367456316948, -0.9979294538497925, 1.5617446899414062], [-0.3173658549785614, 0.9462131261825562, 0.06292560696601868, -0.1590576171875], [0.0, 0.0, 0.0, 1.0]], [[0.010108869522809982, 0.9988148212432861, 0.047610457986593246, -0.0289306640625], [-0.030646437779068947, 0.04789998382329941, -0.9983818531036377, 1.565521240234375], [-0.9994791746139526, 0.008633344434201717, 0.03109433315694332, -0.037200927734375], [0.0, 0.0, 0.0, 1.0]], [[-0.9232669472694397, 0.38264000415802, 0.03412749245762825, 1.020538330078125], [-0.026470381766557693, 0.025259800255298615, -0.9993303418159485, 1.5437736511230469], [-0.3832458555698395, -0.9235520958900452, -0.013192909769713879, -0.0999755859375], [0.0, 0.0, 0.0, 1.0]]], "view": [[0.0, -2.0, 100.0], [-2.0, 0.0, 100.0], [0.0, 0.0, 1.0]], "bev": "bev_51866859962c46f68fbff980c17ab5e7.png", "aux": "aux_51866859962c46f68fbff980c17ab5e7.npz", "visibility": "visibility_51866859962c46f68fbff980c17ab5e7.png", "pose": [[0.7400685548782349, 0.6725314259529114, 0.0, 1288.8310546875], [-0.6725314259529114, 0.7400685548782349, 0.0, 907.7041015625], [0.0, 0.0, 1.0, 0.0], [0.0, 0.0, 0.0, 1.0]], "pose_inverse": [[0.7400685548782349, -0.6725314259529114, 0.0, -343.36383056640625], [0.6725314259529114, 0.7400685548782349, 0.0, -1538.5426025390625], [0.0, 0.0, 1.0, 0.0], [0.0, 0.0, 0.0, 1.0]], "cam_ids": [0, 1, 2, 3, 4, 5], "cam_channels": ["CAM_FRONT_LEFT", "CAM_FRONT", "CAM_FRONT_RIGHT", "CAM_BACK_LEFT", "CAM_BACK", "CAM_BACK_RIGHT"], "token": "51866859962c46f68fbff980c17ab5e7", "scene": "scene-0583"}, {"images": ["samples/CAM_FRONT_LEFT/n008-2018-09-18-13-10-39-0400__CAM_FRONT_LEFT__1537291145654826.jpg", "samples/CAM_FRONT/n008-2018-09-18-13-10-39-0400__CAM_FRONT__1537291145662404.jpg", "samples/CAM_FRONT_RIGHT/n008-2018-09-18-13-10-39-0400__CAM_FRONT_RIGHT__1537291145670482.jpg", "samples/CAM_BACK_LEFT/n008-2018-09-18-13-10-39-0400__CAM_BACK_LEFT__1537291145697405.jpg", "samples/CAM_BACK/n008-2018-09-18-13-10-39-0400__CAM_BACK__1537291145687558.jpg", "samples/CAM_BACK_RIGHT/n008-2018-09-18-13-10-39-0400__CAM_BACK_RIGHT__1537291145678113.jpg"], "intrinsics": [[[1257.8625342125129, 0.0, 827.2410631095686], [0.0, 1257.8625342125129, 450.915498205774], [0.0, 0.0, 1.0]], [[1252.8131021185304, 0.0, 826.588114781398], [0.0, 1252.8131021185304, 469.9846626224581], [0.0, 0.0, 1.0]], [[1256.7485116440405, 0.0, 817.7887570959712], [0.0, 1256.7485116440403, 451.9541780095127], [0.0, 0.0, 1.0]], [[1254.9860565800168, 0.0, 829.5769333630991], [0.0, 1254.9860565800168, 467.1680561863987], [0.0, 0.0, 1.0]], [[796.8910634503094, 0.0, 857.7774326863696], [0.0, 796.8910634503094, 476.8848988407415], [0.0, 0.0, 1.0]], [[1249.9629280788233, 0.0, 825.3768045375984], [0.0, 1249.9629280788233, 462.54816385708756], [0.0, 0.0, 1.0]]], "extrinsics": [[[0.8211266398429871, -0.5688138008117676, -0.04692509025335312, -0.75238037109375], [-0.019263973459601402, 0.0545492097735405, -0.9983252286911011, 1.4822463989257812], [0.5704208016395569, 0.8206554055213928, 0.033834196627140045, -1.161376953125], [0.0, 0.0, 0.0, 1.0]], [[0.008205128833651543, -0.9986751079559326, -0.05080126225948334, 0.0096435546875], [-0.017391765490174294, 0.05065276846289635, -0.9985648989677429, 1.4756622314453125], [0.999815046787262, 0.009076831862330437, -0.016953112557530403, -1.482391357421875], [0.0, 0.0, 0.0, 1.0]], [[-0.8449812531471252, -0.5345965623855591, -0.014594484120607376, 0.9261474609375], [-0.00943911075592041, 0.04219388589262962, -0.9990648031234741, 1.4911651611328125], [0.5347124934196472, -0.8440533876419067, -0.04069916531443596, -1.171875], [0.0, 0.0, 0.0, 1.0]], [[0.9477085471153259, 0.31878331303596497, -0.01502370834350586, -1.136474609375], [-0.035359758883714676, 0.05810163915157318, -0.9976842999458313, 1.561767578125], [-0.3171721398830414, 0.9460451602935791, 0.0663355216383934, -0.158447265625], [0.0, 0.0, 0.0, 1.0]], [[0.01060799416154623, 0.998691737651825, 0.05002184212207794, -0.0286865234375], [-0.03315214812755585, 0.05034841597080231, -0.9981813430786133, 1.5655059814453125], [-0.9993940591812134, 0.00893042515963316, 0.03364287689328194, -0.0318603515625], [0.0, 0.0, 0.0, 1.0]], [[-0.9229204058647156, 0.38321739435195923, 0.03691073879599571, 1.029296875], [-0.028595004230737686, 0.027375826612114906, -0.9992161393165588, 1.543722152709961], [-0.38392746448516846, -0.9232523441314697, -0.014307607896625996, -0.09716796875], [0.0, 0.0, 0.0, 1.0]]], "view": [[0.0, -2.0, 100.0], [-2.0, 0.0, 100.0], [0.0, 0.0, 1.0]], "bev": "bev_7e37d82d95094776b669ff5bcee0a4c7.png", "aux": "aux_7e37d82d95094776b669ff5bcee0a4c7.npz", "visibility": "visibility_7e37d82d95094776b669ff5bcee0a4c7.png", "pose": [[0.740384578704834, 0.6721835136413574, 0.0, 1291.433349609375], [-0.6721835136413574, 0.740384578704834, 0.0, 905.2904663085938], [0.0, 0.0, 1.0, 0.0], [0.0, 0.0, 0.0, 1.0]], "pose_inverse": [[0.740384578704834, -0.6721835136413574, 0.0, -347.6359558105469], [0.6721835136413574, 0.740384578704834, 0.0, -1538.34326171875], [0.0, 0.0, 1.0, 0.0], [0.0, 0.0, 0.0, 1.0]], "cam_ids": [0, 1, 2, 3, 4, 5], "cam_channels": ["CAM_FRONT_LEFT", "CAM_FRONT", "CAM_FRONT_RIGHT", "CAM_BACK_LEFT", "CAM_BACK", "CAM_BACK_RIGHT"], "token": "7e37d82d95094776b669ff5bcee0a4c7", "scene": "scene-0583"}, {"images": ["samples/CAM_FRONT_LEFT/n008-2018-09-18-13-10-39-0400__CAM_FRONT_LEFT__1537291146154799.jpg", "samples/CAM_FRONT/n008-2018-09-18-13-10-39-0400__CAM_FRONT__1537291146162404.jpg", "samples/CAM_FRONT_RIGHT/n008-2018-09-18-13-10-39-0400__CAM_FRONT_RIGHT__1537291146170482.jpg", "samples/CAM_BACK_LEFT/n008-2018-09-18-13-10-39-0400__CAM_BACK_LEFT__1537291146197405.jpg", "samples/CAM_BACK/n008-2018-09-18-13-10-39-0400__CAM_BACK__1537291146187558.jpg", "samples/CAM_BACK_RIGHT/n008-2018-09-18-13-10-39-0400__CAM_BACK_RIGHT__1537291146178117.jpg"], "intrinsics": [[[1257.8625342125129, 0.0, 827.2410631095686], [0.0, 1257.8625342125129, 450.915498205774], [0.0, 0.0, 1.0]], [[1252.8131021185304, 0.0, 826.588114781398], [0.0, 1252.8131021185304, 469.9846626224581], [0.0, 0.0, 1.0]], [[1256.7485116440405, 0.0, 817.7887570959712], [0.0, 1256.7485116440403, 451.9541780095127], [0.0, 0.0, 1.0]], [[1254.9860565800168, 0.0, 829.5769333630991], [0.0, 1254.9860565800168, 467.1680561863987], [0.0, 0.0, 1.0]], [[796.8910634503094, 0.0, 857.7774326863696], [0.0, 796.8910634503094, 476.8848988407415], [0.0, 0.0, 1.0]], [[1249.9629280788233, 0.0, 825.3768045375984], [0.0, 1249.9629280788233, 462.54816385708756], [0.0, 0.0, 1.0]]], "extrinsics": [[[0.8214074969291687, -0.5684062838554382, -0.04694976657629013, -0.7567138671875], [-0.020711524412035942, 0.05253680795431137, -0.9984041452407837, 1.4819717407226562], [0.5699657201766968, 0.8210690021514893, 0.03138156607747078, -1.1632080078125], [0.0, 0.0, 0.0, 1.0]], [[0.008737257681787014, -0.9987845420837402, -0.048508789390325546, 0.009033203125], [-0.01873559132218361, 0.048338618129491806, -0.9986552596092224, 1.4754409790039062], [0.9997863173484802, 0.009634330868721008, -0.01829046756029129, -1.48638916015625], [0.0, 0.0, 0.0, 1.0]], [[-0.844684898853302, -0.5351251363754272, -0.012189710512757301, 0.9287109375], [-0.010654515586793423, 0.03957798704504967, -0.9991596341133118, 1.4909782409667969], [0.5351578593254089, -0.8438451886177063, -0.03913242369890213, -1.173583984375], [0.0, 0.0, 0.0, 1.0]], [[0.9476547837257385, 0.3188656270503998, -0.01658923737704754, -1.137451171875], [-0.03583839163184166, 0.05459539219737053, -0.9978652000427246, 1.561798095703125], [-0.31727927923202515, 0.946226179599762, 0.06316521763801575, -0.1583251953125], [0.0, 0.0, 0.0, 1.0]], [[0.010291049256920815, 0.9988508224487305, 0.046809978783130646, -0.0284423828125], [-0.03367350995540619, 0.04713208228349686, -0.9983208775520325, 1.5655288696289062], [-0.9993799924850464, 0.00869751162827015, 0.034119848161935806, -0.030242919921875], [0.0, 0.0, 0.0, 1.0]], [[-0.9230795502662659, 0.38285061717033386, 0.036736562848091125, 1.0313262939453125], [-0.029614096507430077, 0.024482831358909607, -0.9992614984512329, 1.5436534881591797], [-0.38346734642982483, -0.9234858155250549, -0.01126182358711958, -0.0965576171875], [0.0, 0.0, 0.0, 1.0]]], "view": [[0.0, -2.0, 100.0], [-2.0, 0.0, 100.0], [0.0, 0.0, 1.0]], "bev": "bev_d91d34f19de24b25aed57908d207db5c.png", "aux": "aux_d91d34f19de24b25aed57908d207db5c.npz", "visibility": "visibility_d91d34f19de24b25aed57908d207db5c.png", "pose": [[0.7497502565383911, 0.6617209315299988, 0.0, 1294.029541015625], [-0.6617209315299988, 0.7497502565383911, 0.0, 902.932861328125], [0.0, 0.0, 1.0, 0.0], [0.0, 0.0, 0.0, 1.0]], "pose_inverse": [[0.7497502565383911, -0.6617209315299988, 0.0, -372.7093505859375], [0.6617209315299988, 0.7497502565383911, 0.0, -1533.260498046875], [0.0, 0.0, 1.0, 0.0], [0.0, 0.0, 0.0, 1.0]], "cam_ids": [0, 1, 2, 3, 4, 5], "cam_channels": ["CAM_FRONT_LEFT", "CAM_FRONT", "CAM_FRONT_RIGHT", "CAM_BACK_LEFT", "CAM_BACK", "CAM_BACK_RIGHT"], "token": "d91d34f19de24b25aed57908d207db5c", "scene": "scene-0583"}, {"images": ["samples/CAM_FRONT_LEFT/n008-2018-09-18-13-10-39-0400__CAM_FRONT_LEFT__1537291146654799.jpg", "samples/CAM_FRONT/n008-2018-09-18-13-10-39-0400__CAM_FRONT__1537291146662404.jpg", "samples/CAM_FRONT_RIGHT/n008-2018-09-18-13-10-39-0400__CAM_FRONT_RIGHT__1537291146670482.jpg", "samples/CAM_BACK_LEFT/n008-2018-09-18-13-10-39-0400__CAM_BACK_LEFT__1537291146697405.jpg", "samples/CAM_BACK/n008-2018-09-18-13-10-39-0400__CAM_BACK__1537291146687558.jpg", "samples/CAM_BACK_RIGHT/n008-2018-09-18-13-10-39-0400__CAM_BACK_RIGHT__1537291146678113.jpg"], "intrinsics": [[[1257.8625342125129, 0.0, 827.2410631095686], [0.0, 1257.8625342125129, 450.915498205774], [0.0, 0.0, 1.0]], [[1252.8131021185304, 0.0, 826.588114781398], [0.0, 1252.8131021185304, 469.9846626224581], [0.0, 0.0, 1.0]], [[1256.7485116440405, 0.0, 817.7887570959712], [0.0, 1256.7485116440403, 451.9541780095127], [0.0, 0.0, 1.0]], [[1254.9860565800168, 0.0, 829.5769333630991], [0.0, 1254.9860565800168, 467.1680561863987], [0.0, 0.0, 1.0]], [[796.8910634503094, 0.0, 857.7774326863696], [0.0, 796.8910634503094, 476.8848988407415], [0.0, 0.0, 1.0]], [[1249.9629280788233, 0.0, 825.3768045375984], [0.0, 1249.9629280788233, 462.54816385708756], [0.0, 0.0, 1.0]]], "extrinsics": [[[0.821388304233551, -0.5681208372116089, -0.05059676244854927, -0.7620849609375], [-0.0258000697940588, 0.051609788089990616, -0.9983339905738831, 1.4805755615234375], [0.5697856545448303, 0.8213252425193787, 0.027734117582440376, -1.168212890625], [0.0, 0.0, 0.0, 1.0]], [[0.00893864594399929, -0.9988155364990234, -0.04782966151833534, 0.009765625], [-0.02423831820487976, 0.04760110378265381, -0.9985722899436951, 1.4742088317871094], [0.9996662139892578, 0.010085146874189377, -0.02378411591053009, -1.493743896484375], [0.0, 0.0, 0.0, 1.0]], [[-0.844454824924469, -0.5355826020240784, -0.006883207242935896, 0.93505859375], [-0.01659868098795414, 0.039011456072330475, -0.9991008639335632, 1.48992919921875], [0.5353695750236511, -0.8435813188552856, -0.04183337464928627, -1.1768798828125], [0.0, 0.0, 0.0, 1.0]], [[0.9474155306816101, 0.3191419541835785, -0.02349940687417984, -1.14178466796875], [-0.04312305524945259, 0.05456173047423363, -0.9975787997245789, 1.5619354248046875], [-0.31708717346191406, 0.9461350440979004, 0.06545501202344894, -0.1568603515625], [0.0, 0.0, 0.0, 1.0]], [[0.010210512205958366, 0.9988670349121094, 0.04648035764694214, -0.02880859375], [-0.04061730578541756, 0.046858713030815125, -0.9980753660202026, 1.5652275085449219], [-0.999122679233551, 0.008302932605147362, 0.04104974493384361, -0.024688720703125], [0.0, 0.0, 0.0, 1.0]], [[-0.9230266213417053, 0.38238638639450073, 0.042455896735191345, 1.037353515625], [-0.03599606826901436, 0.024035323411226273, -0.9990628361701965, 1.5429916381835938], [-0.38304850459098816, -0.9236898422241211, -0.008420838974416256, -0.09326171875], [0.0, 0.0, 0.0, 1.0]]], "view": [[0.0, -2.0, 100.0], [-2.0, 0.0, 100.0], [0.0, 0.0, 1.0]], "bev": "bev_47f1bddda6364ec79f37eca06540fa19.png", "aux": "aux_47f1bddda6364ec79f37eca06540fa19.npz", "visibility": "visibility_47f1bddda6364ec79f37eca06540fa19.png", "pose": [[0.7530732154846191, 0.6579367518424988, 0.0, 1296.59130859375], [-0.6579367518424988, 0.7530732154846191, 0.0, 900.6316528320312], [0.0, 0.0, 1.0, 0.0], [0.0, 0.0, 0.0, 1.0]], "pose_inverse": [[0.7530732154846191, -0.6579367518424988, 0.0, -383.8695068359375], [0.6579367518424988, 0.7530732154846191, 0.0, -1531.316650390625], [0.0, 0.0, 1.0, 0.0], [0.0, 0.0, 0.0, 1.0]], "cam_ids": [0, 1, 2, 3, 4, 5], "cam_channels": ["CAM_FRONT_LEFT", "CAM_FRONT", "CAM_FRONT_RIGHT", "CAM_BACK_LEFT", "CAM_BACK", "CAM_BACK_RIGHT"], "token": "47f1bddda6364ec79f37eca06540fa19", "scene": "scene-0583"}, {"images": ["samples/CAM_FRONT_LEFT/n008-2018-09-18-13-10-39-0400__CAM_FRONT_LEFT__1537291147154799.jpg", "samples/CAM_FRONT/n008-2018-09-18-13-10-39-0400__CAM_FRONT__1537291147162404.jpg", "samples/CAM_FRONT_RIGHT/n008-2018-09-18-13-10-39-0400__CAM_FRONT_RIGHT__1537291147170482.jpg", "samples/CAM_BACK_LEFT/n008-2018-09-18-13-10-39-0400__CAM_BACK_LEFT__1537291147197405.jpg", "samples/CAM_BACK/n008-2018-09-18-13-10-39-0400__CAM_BACK__1537291147187558.jpg", "samples/CAM_BACK_RIGHT/n008-2018-09-18-13-10-39-0400__CAM_BACK_RIGHT__1537291147178113.jpg"], "intrinsics": [[[1257.8625342125129, 0.0, 827.2410631095686], [0.0, 1257.8625342125129, 450.915498205774], [0.0, 0.0, 1.0]], [[1252.8131021185304, 0.0, 826.588114781398], [0.0, 1252.8131021185304, 469.9846626224581], [0.0, 0.0, 1.0]], [[1256.7485116440405, 0.0, 817.7887570959712], [0.0, 1256.7485116440403, 451.9541780095127], [0.0, 0.0, 1.0]], [[1254.9860565800168, 0.0, 829.5769333630991], [0.0, 1254.9860565800168, 467.1680561863987], [0.0, 0.0, 1.0]], [[796.8910634503094, 0.0, 857.7774326863696], [0.0, 796.8910634503094, 476.8848988407415], [0.0, 0.0, 1.0]], [[1249.9629280788233, 0.0, 825.3768045375984], [0.0, 1249.9629280788233, 462.54816385708756], [0.0, 0.0, 1.0]]], "extrinsics": [[[0.8215811252593994, -0.5680305361747742, -0.04843374341726303, -0.759033203125], [-0.02338913269340992, 0.051301177591085434, -0.9984092712402344, 1.48114013671875], [0.569611668586731, 0.8214070200920105, 0.028862332925200462, -1.1683349609375], [0.0, 0.0, 0.0, 1.0]], [[0.009076212532818317, -0.9988518953323364, -0.04703742265701294, 0.01123046875], [-0.021479889750480652, 0.04683376103639603, -0.9986717700958252, 1.4747123718261719], [0.9997281432151794, 0.010074538178741932, -0.021030157804489136, -1.48895263671875], [0.0, 0.0, 0.0, 1.0]], [[-0.8444973826408386, -0.5354874134063721, -0.008806361816823483, 0.9296875], [-0.013549845665693283, 0.03780120238661766, -0.9991934299468994, 1.4903640747070312], [0.5353883504867554, -0.8436968326568604, -0.03917878866195679, -1.17236328125], [0.0, 0.0, 0.0, 1.0]], [[0.9475235939025879, 0.31900927424430847, -0.020790984854102135, -1.13531494140625], [-0.039411693811416626, 0.05202624946832657, -0.9978677034378052, 1.5616683959960938], [-0.3172474205493927, 0.9463225603103638, 0.06186878681182861, -0.1591796875], [0.0, 0.0, 0.0, 1.0]], [[0.010170068591833115, 0.9989557266235352, 0.04454389587044716, -0.029052734375], [-0.03711135685443878, 0.044892579317092896, -0.9983022212982178, 1.5651817321777344], [-0.9992594718933105, 0.008499779738485813, 0.03752916306257248, -0.031982421875], [0.0, 0.0, 0.0, 1.0]], [[-0.9230950474739075, 0.3826052248477936, 0.038843993097543716, 1.0297088623046875], [-0.032728735357522964, 0.02248173952102661, -0.9992113709449768, 1.5431537628173828], [-0.3831768035888672, -0.9236383438110352, -0.008230594918131828, -0.095703125], [0.0, 0.0, 0.0, 1.0]]], "view": [[0.0, -2.0, 100.0], [-2.0, 0.0, 100.0], [0.0, 0.0, 1.0]], "bev": "bev_b2da5c53322741bf9d19577c1e03770b.png", "aux": "aux_b2da5c53322741bf9d19577c1e03770b.npz", "visibility": "visibility_b2da5c53322741bf9d19577c1e03770b.png", "pose": [[0.7551509141921997, 0.655551016330719, 0.0, 1299.1009521484375], [-0.655551016330719, 0.7551509141921997, 0.0, 898.3959350585938], [0.0, 0.0, 1.0, 0.0], [0.0, 0.0, 0.0, 1.0]], "pose_inverse": [[0.7551509141921997, -0.655551016330719, 0.0, -392.0729064941406], [0.655551016330719, 0.7551509141921997, 0.0, -1530.0513916015625], [0.0, 0.0, 1.0, 0.0], [0.0, 0.0, 0.0, 1.0]], "cam_ids": [0, 1, 2, 3, 4, 5], "cam_channels": ["CAM_FRONT_LEFT", "CAM_FRONT", "CAM_FRONT_RIGHT", "CAM_BACK_LEFT", "CAM_BACK", "CAM_BACK_RIGHT"], "token": "b2da5c53322741bf9d19577c1e03770b", "scene": "scene-0583"}, {"images": ["samples/CAM_FRONT_LEFT/n008-2018-09-18-13-10-39-0400__CAM_FRONT_LEFT__1537291147654799.jpg", "samples/CAM_FRONT/n008-2018-09-18-13-10-39-0400__CAM_FRONT__1537291147662404.jpg", "samples/CAM_FRONT_RIGHT/n008-2018-09-18-13-10-39-0400__CAM_FRONT_RIGHT__1537291147670482.jpg", "samples/CAM_BACK_LEFT/n008-2018-09-18-13-10-39-0400__CAM_BACK_LEFT__1537291147697405.jpg", "samples/CAM_BACK/n008-2018-09-18-13-10-39-0400__CAM_BACK__1537291147687558.jpg", "samples/CAM_BACK_RIGHT/n008-2018-09-18-13-10-39-0400__CAM_BACK_RIGHT__1537291147678113.jpg"], "intrinsics": [[[1257.8625342125129, 0.0, 827.2410631095686], [0.0, 1257.8625342125129, 450.915498205774], [0.0, 0.0, 1.0]], [[1252.8131021185304, 0.0, 826.588114781398], [0.0, 1252.8131021185304, 469.9846626224581], [0.0, 0.0, 1.0]], [[1256.7485116440405, 0.0, 817.7887570959712], [0.0, 1256.7485116440403, 451.9541780095127], [0.0, 0.0, 1.0]], [[1254.9860565800168, 0.0, 829.5769333630991], [0.0, 1254.9860565800168, 467.1680561863987], [0.0, 0.0, 1.0]], [[796.8910634503094, 0.0, 857.7774326863696], [0.0, 796.8910634503094, 476.8848988407415], [0.0, 0.0, 1.0]], [[1249.9629280788233, 0.0, 825.3768045375984], [0.0, 1249.9629280788233, 462.54816385708756], [0.0, 0.0, 1.0]]], "extrinsics": [[[0.8213921785354614, -0.5675496459007263, -0.05658848583698273, -0.77215576171875], [-0.03551157936453819, 0.04813363403081894, -0.9982094168663025, 1.4781608581542969], [0.5692572593688965, 0.821931004524231, 0.01938200369477272, -1.1754150390625], [0.0, 0.0, 0.0, 1.0]], [[0.00929038692265749, -0.9989709854125977, -0.04439207538962364, 0.0096435546875], [-0.0334835983812809, 0.044058315455913544, -0.998467743396759, 1.4722976684570312], [0.9993961453437805, 0.010762612335383892, -0.033039823174476624, -1.50286865234375], [0.0, 0.0, 0.0, 1.0]], [[-0.8441396951675415, -0.5361179113388062, 0.002401054371148348, 0.9400634765625], [-0.025354932993650436, 0.03544805571436882, -0.9990498423576355, 1.48846435546875], [0.5355233550071716, -0.8433985710144043, -0.04351634904742241, -1.1800537109375], [0.0, 0.0, 0.0, 1.0]], [[0.9471113681793213, 0.31940317153930664, -0.031010106205940247, -1.1337890625], [-0.04982476308941841, 0.050901997834444046, -0.9974600076675415, 1.5615081787109375], [-0.3170134723186493, 0.9462507963180542, 0.06412404775619507, -0.15966796875], [0.0, 0.0, 0.0, 1.0]], [[0.010089187882840633, 0.9990313649177551, 0.042830683290958405, -0.0286865234375], [-0.04804948717355728, 0.04326774179935455, -0.9979073405265808, 1.5645713806152344], [-0.9987940192222595, 0.008010074496269226, 0.04843948408961296, -0.0274658203125], [0.0, 0.0, 0.0, 1.0]], [[-0.9228515625, 0.38206392526626587, 0.04870390146970749, 1.039520263671875], [-0.044240549206733704, 0.020463980734348297, -0.9988113045692444, 1.542006492614746], [-0.3826064169406891, -0.9239092469215393, -0.001982496352866292, -0.09228515625], [0.0, 0.0, 0.0, 1.0]]], "view": [[0.0, -2.0, 100.0], [-2.0, 0.0, 100.0], [0.0, 0.0, 1.0]], "bev": "bev_bf66379ffda94ec39252eb18491557ef.png", "aux": "aux_bf66379ffda94ec39252eb18491557ef.npz", "visibility": "visibility_bf66379ffda94ec39252eb18491557ef.png", "pose": [[0.7562503218650818, 0.6542823910713196, 0.0, 1301.5537109375], [-0.6542823910713196, 0.7562503218650818, 0.0, 896.2252807617188], [0.0, 0.0, 1.0, 0.0], [0.0, 0.0, 0.0, 1.0]], "pose_inverse": [[0.7562503218650818, -0.6542823910713196, 0.0, -397.9160461425781], [0.6542823910713196, 0.7562503218650818, 0.0, -1529.3543701171875], [0.0, 0.0, 1.0, 0.0], [0.0, 0.0, 0.0, 1.0]], "cam_ids": [0, 1, 2, 3, 4, 5], "cam_channels": ["CAM_FRONT_LEFT", "CAM_FRONT", "CAM_FRONT_RIGHT", "CAM_BACK_LEFT", "CAM_BACK", "CAM_BACK_RIGHT"], "token": "bf66379ffda94ec39252eb18491557ef", "scene": "scene-0583"}, {"images": ["samples/CAM_FRONT_LEFT/n008-2018-09-18-13-10-39-0400__CAM_FRONT_LEFT__1537291148154799.jpg", "samples/CAM_FRONT/n008-2018-09-18-13-10-39-0400__CAM_FRONT__1537291148162404.jpg", "samples/CAM_FRONT_RIGHT/n008-2018-09-18-13-10-39-0400__CAM_FRONT_RIGHT__1537291148170482.jpg", "samples/CAM_BACK_LEFT/n008-2018-09-18-13-10-39-0400__CAM_BACK_LEFT__1537291148197405.jpg", "samples/CAM_BACK/n008-2018-09-18-13-10-39-0400__CAM_BACK__1537291148187558.jpg", "samples/CAM_BACK_RIGHT/n008-2018-09-18-13-10-39-0400__CAM_BACK_RIGHT__1537291148178113.jpg"], "intrinsics": [[[1257.8625342125129, 0.0, 827.2410631095686], [0.0, 1257.8625342125129, 450.915498205774], [0.0, 0.0, 1.0]], [[1252.8131021185304, 0.0, 826.588114781398], [0.0, 1252.8131021185304, 469.9846626224581], [0.0, 0.0, 1.0]], [[1256.7485116440405, 0.0, 817.7887570959712], [0.0, 1256.7485116440403, 451.9541780095127], [0.0, 0.0, 1.0]], [[1254.9860565800168, 0.0, 829.5769333630991], [0.0, 1254.9860565800168, 467.1680561863987], [0.0, 0.0, 1.0]], [[796.8910634503094, 0.0, 857.7774326863696], [0.0, 796.8910634503094, 476.8848988407415], [0.0, 0.0, 1.0]], [[1249.9629280788233, 0.0, 825.3768045375984], [0.0, 1249.9629280788233, 462.54816385708756], [0.0, 0.0, 1.0]]], "extrinsics": [[[0.8217483162879944, -0.567722737789154, -0.049199752509593964, -0.7679443359375], [-0.025257039815187454, 0.04996743053197861, -0.998431384563446, 1.48089599609375], [0.5692906379699707, 0.8217019438743591, 0.02672165259718895, -1.1734619140625], [0.0, 0.0, 0.0, 1.0]], [[0.009380923584103584, -0.9989055395126343, -0.04582248255610466, 0.0103759765625], [-0.02322985790669918, 0.045594438910484314, -0.9986899495124817, 1.4745254516601562], [0.9996861815452576, 0.010433151386678219, -0.022776709869503975, -1.49761962890625], [0.0, 0.0, 0.0, 1.0]], [[-0.8443413376808167, -0.5357613563537598, -0.006882034242153168, 0.9354248046875], [-0.015120081603527069, 0.03666394576430321, -0.9992132186889648, 1.4901924133300781], [0.535592257976532, -0.8435730338096619, -0.0390576496720314, -1.1766357421875], [0.0, 0.0, 0.0, 1.0]], [[0.947484016418457, 0.3190668821334839, -0.02169039100408554, -1.130859375], [-0.040163177996873856, 0.05143061652779579, -0.9978686571121216, 1.5614776611328125], [-0.3172713816165924, 0.9463356733322144, 0.06154442951083183, -0.16064453125], [0.0, 0.0, 0.0, 1.0]], [[0.010061348788440228, 0.9989986419677734, 0.04359448701143265, -0.0289306640625], [-0.038233719766139984, 0.043949149549007416, -0.9983018636703491, 1.5651016235351562], [-0.9992181658744812, 0.008377443999052048, 0.03863762691617012, -0.03204345703125], [0.0, 0.0, 0.0, 1.0]], [[-0.9231370091438293, 0.382415622