[{"images": ["samples/CAM_FRONT_LEFT/n015-2018-07-18-11-07-57+0800__CAM_FRONT_LEFT__1531883530404844.jpg", "samples/CAM_FRONT/n015-2018-07-18-11-07-57+0800__CAM_FRONT__1531883530412470.jpg", "samples/CAM_FRONT_RIGHT/n015-2018-07-18-11-07-57+0800__CAM_FRONT_RIGHT__1531883530420339.jpg", "samples/CAM_BACK_LEFT/n015-2018-07-18-11-07-57+0800__CAM_BACK_LEFT__1531883530447423.jpg", "samples/CAM_BACK/n015-2018-07-18-11-07-57+0800__CAM_BACK__1531883530437525.jpg", "samples/CAM_BACK_RIGHT/n015-2018-07-18-11-07-57+0800__CAM_BACK_RIGHT__1531883530427893.jpg"], "intrinsics": [[[1272.5979470598488, 0.0, 826.6154927353808], [0.0, 1272.5979470598488, 479.75165386361925], [0.0, 0.0, 1.0]], [[1266.417203046554, 0.0, 816.2670197447984], [0.0, 1266.417203046554, 491.50706579294757], [0.0, 0.0, 1.0]], [[1260.8474446004698, 0.0, 807.968244525554], [0.0, 1260.8474446004698, 495.3344268742088], [0.0, 0.0, 1.0]], [[1256.7414812095406, 0.0, 792.1125740759628], [0.0, 1256.7414812095406, 492.7757465151356], [0.0, 0.0, 1.0]], [[809.2209905677063, 0.0, 829.2196003259838], [0.0, 809.2209905677063, 481.77842384512485], [0.0, 0.0, 1.0]], [[1259.5137405846733, 0.0, 807.2529053838625], [0.0, 1259.5137405846733, 501.19579884916527], [0.0, 0.0, 1.0]]], "extrinsics": [[[0.8133684992790222, -0.5815039873123169, 0.016879815608263016, -0.8101806640625], [0.02294662967324257, 0.0030761149246245623, -0.9997319579124451, 1.5125322341918945], [0.5812961459159851, 0.8135376572608948, 0.01584557071328163, -1.174530029296875], [0.0, 0.0, 0.0, 1.0]], [[-0.004788466263562441, -0.999988317489624, 0.000668019987642765, 0.00762939453125], [0.017512235790491104, -0.000751782616134733, -0.9998463988304138, 1.5232696533203125], [0.9998351335525513, -0.004776020534336567, 0.017515627667307854, -1.5362548828125], [0.0, 0.0, 0.0, 1.0]], [[-0.8370663523674011, -0.5463595986366272, -0.028478942811489105, 0.9299240112304688], [0.023184098303318024, 0.016583839431405067, -0.9995936155319214, 1.5064741373062134], [0.5466098785400391, -0.837386429309845, -0.0012149173999205232, -1.1790771484375], [0.0, 0.0, 0.0, 1.0]], [[0.9476171731948853, 0.3183923065662384, 0.025455383583903313, -1.134185791015625], [0.0314001739025116, -0.013551997020840645, -0.9994149804115295, 1.5888214111328125], [-0.31786108016967773, 0.9478622078895569, -0.022839680314064026, -0.1065673828125], [0.0, 0.0, 0.0, 1.0]], [[0.0059679122641682625, 0.9999748468399048, -0.0038183568976819515, 0.0023193359375], [0.006055567413568497, -0.0038544938433915377, -0.999974250793457, 1.5796704292297363], [-0.9999638199806213, 0.00594462500885129, -0.006078419275581837, -0.04925537109375], [0.0, 0.0, 0.0, 1.0]], [[-0.9320472478866577, 0.360901415348053, -0.03221943974494934, 1.0491943359375], [0.03888383507728577, 0.011217818595468998, -0.999180793762207, 1.5550346374511719], [-0.3602443337440491, -0.9325364232063293, -0.024488769471645355, -0.09552001953125], [0.0, 0.0, 0.0, 1.0]]], "view": [[0.0, -2.0, 100.0], [-2.0, 0.0, 100.0], [0.0, 0.0, 1.0]], "bev": "bev_e93e98b63d3b40209056d129dc53ceee.png", "aux": "aux_e93e98b63d3b40209056d129dc53ceee.npz", "visibility": "visibility_e93e98b63d3b40209056d129dc53ceee.png", "pose": [[0.12388724088668823, -0.9922962784767151, 0.0, 1010.1328125], [0.9922962784767151, 0.12388724088668823, 0.0, 610.8111572265625], [0.0, 0.0, 1.0, 0.0], [0.0, 0.0, 0.0, 1.0]], "pose_inverse": [[0.12388724088668823, 0.9922962784767151, 0.0, -731.2482299804688], [-0.9922962784767151, 0.12388724088668823, 0.0, 926.6793212890625], [0.0, 0.0, 1.0, 0.0], [0.0, 0.0, 0.0, 1.0]], "cam_ids": [0, 1, 2, 3, 4, 5], "cam_channels": ["CAM_FRONT_LEFT", "CAM_FRONT", "CAM_FRONT_RIGHT", "CAM_BACK_LEFT", "CAM_BACK", "CAM_BACK_RIGHT"], "token": "e93e98b63d3b40209056d129dc53ceee", "scene": "scene-0001"}, {"images": ["samples/CAM_FRONT_LEFT/n015-2018-07-18-11-07-57+0800__CAM_FRONT_LEFT__1531883530904844.jpg", "samples/CAM_FRONT/n015-2018-07-18-11-07-57+0800__CAM_FRONT__1531883530912460.jpg", "samples/CAM_FRONT_RIGHT/n015-2018-07-18-11-07-57+0800__CAM_FRONT_RIGHT__1531883530920339.jpg", "samples/CAM_BACK_LEFT/n015-2018-07-18-11-07-57+0800__CAM_BACK_LEFT__1531883530947423.jpg", "samples/CAM_BACK/n015-2018-07-18-11-07-57+0800__CAM_BACK__1531883530937525.jpg", "samples/CAM_BACK_RIGHT/n015-2018-07-18-11-07-57+0800__CAM_BACK_RIGHT__1531883530927893.jpg"], "intrinsics": [[[1272.5979470598488, 0.0, 826.6154927353808], [0.0, 1272.5979470598488, 479.75165386361925], [0.0, 0.0, 1.0]], [[1266.417203046554, 0.0, 816.2670197447984], [0.0, 1266.417203046554, 491.50706579294757], [0.0, 0.0, 1.0]], [[1260.8474446004698, 0.0, 807.968244525554], [0.0, 1260.8474446004698, 495.3344268742088], [0.0, 0.0, 1.0]], [[1256.7414812095406, 0.0, 792.1125740759628], [0.0, 1256.7414812095406, 492.7757465151356], [0.0, 0.0, 1.0]], [[809.2209905677063, 0.0, 829.2196003259838], [0.0, 809.2209905677063, 481.77842384512485], [0.0, 0.0, 1.0]], [[1259.5137405846733, 0.0, 807.2529053838625], [0.0, 1259.5137405846733, 501.19579884916527], [0.0, 0.0, 1.0]]], "extrinsics": [[[0.8114373683929443, -0.5841529965400696, 0.018295178189873695, -0.8153076171875], [0.023528752848505974, 0.0013729481725022197, -0.9997221827507019, 1.5125293731689453], [0.5839656591415405, 0.8116422891616821, 0.014858454465866089, -1.176422119140625], [0.0, 0.0, 0.0, 1.0]], [[-0.007513053715229034, -0.999968945980072, 0.0023763971403241158, 0.0064697265625], [0.018220040947198868, -0.002512961393222213, -0.9998309016227722, 1.523299217224121], [0.9998056888580322, -0.007468481548130512, 0.018238354474306107, -1.5408935546875], [0.0, 0.0, 0.0, 1.0]], [[-0.838204026222229, -0.5446264743804932, -0.028213750571012497, 0.933013916015625], [0.024072373285889626, 0.014734776690602303, -0.9996016025543213, 1.5064961910247803], [0.5448251962661743, -0.8385492563247681, 0.0007597040385007858, -1.1817626953125], [0.0, 0.0, 0.0, 1.0]], [[0.9476759433746338, 0.3181700110435486, 0.026040121912956238, -1.1329498291015625], [0.032617829740047455, -0.015362664125859737, -0.99934983253479, 1.5888748168945312], [-0.31756311655044556, 0.9479091763496399, -0.024936843663454056, -0.10693359375], [0.0, 0.0, 0.0, 1.0]], [[0.00690278597176075, 0.9999622106552124, -0.005292232614010572, 0.00244140625], [0.0071794032119214535, -0.005341780371963978, -0.9999599456787109, 1.579721450805664], [-0.9999503493309021, 0.006864512339234352, -0.007216004654765129, -0.04815673828125], [0.0, 0.0, 0.0, 1.0]], [[-0.9314492344856262, 0.362310528755188, -0.033664435148239136, 1.052734375], [0.03988364338874817, 0.009697549045085907, -0.9991572499275208, 1.5549945831298828], [-0.36167874932289124, -0.9320070743560791, -0.023483041673898697, -0.09478759765625], [0.0, 0.0, 0.0, 1.0]]], "view": [[0.0, -2.0, 100.0], [-2.0, 0.0, 100.0], [0.0, 0.0, 1.0]], "bev": "bev_14d5adfe50bb4445bc3aa5fe607691a8.png", "aux": "aux_14d5adfe50bb4445bc3aa5fe607691a8.npz", "visibility": "visibility_14d5adfe50bb4445bc3aa5fe607691a8.png", "pose": [[-0.03460058569908142, -0.9994012117385864, 0.0, 1010.261474609375], [0.9994012117385864, -0.03460058569908142, 0.0, 612.897216796875], [0.0, 0.0, 1.0, 0.0], [0.0, 0.0, 0.0, 1.0]], "pose_inverse": [[-0.03460058569908142, 0.9994012117385864, 0.0, -577.5745849609375], [-0.9994012117385864, -0.03460058569908142, 0.0, 1030.8631591796875], [0.0, 0.0, 1.0, 0.0], [0.0, 0.0, 0.0, 1.0]], "cam_ids": [0, 1, 2, 3, 4, 5], "cam_channels": ["CAM_FRONT_LEFT", "CAM_FRONT", "CAM_FRONT_RIGHT", "CAM_BACK_LEFT", "CAM_BACK", "CAM_BACK_RIGHT"], "token": "14d5adfe50bb4445bc3aa5fe607691a8", "scene": "scene-0001"}, {"images": ["samples/CAM_FRONT_LEFT/n015-2018-07-18-11-07-57+0800__CAM_FRONT_LEFT__1531883531404844.jpg", "samples/CAM_FRONT/n015-2018-07-18-11-07-57+0800__CAM_FRONT__1531883531412477.jpg", "samples/CAM_FRONT_RIGHT/n015-2018-07-18-11-07-57+0800__CAM_FRONT_RIGHT__1531883531420339.jpg", "samples/CAM_BACK_LEFT/n015-2018-07-18-11-07-57+0800__CAM_BACK_LEFT__1531883531447423.jpg", "samples/CAM_BACK/n015-2018-07-18-11-07-57+0800__CAM_BACK__1531883531437525.jpg", "samples/CAM_BACK_RIGHT/n015-2018-07-18-11-07-57+0800__CAM_BACK_RIGHT__1531883531427893.jpg"], "intrinsics": [[[1272.5979470598488, 0.0, 826.6154927353808], [0.0, 1272.5979470598488, 479.75165386361925], [0.0, 0.0, 1.0]], [[1266.417203046554, 0.0, 816.2670197447984], [0.0, 1266.417203046554, 491.50706579294757], [0.0, 0.0, 1.0]], [[1260.8474446004698, 0.0, 807.968244525554], [0.0, 1260.8474446004698, 495.3344268742088], [0.0, 0.0, 1.0]], [[1256.7414812095406, 0.0, 792.1125740759628], [0.0, 1256.7414812095406, 492.7757465151356], [0.0, 0.0, 1.0]], [[809.2209905677063, 0.0, 829.2196003259838], [0.0, 809.2209905677063, 481.77842384512485], [0.0, 0.0, 1.0]], [[1259.5137405846733, 0.0, 807.2529053838625], [0.0, 1259.5137405846733, 501.19579884916527], [0.0, 0.0, 1.0]]], "extrinsics": [[[0.8075764179229736, -0.5895369648933411, 0.016328129917383194, -0.81488037109375], [0.020449185743927956, 0.00032154659857042134, -0.9997908473014832, 1.5119895935058594], [0.5894083976745605, 0.8077413439750671, 0.012315223924815655, -1.1754150390625], [0.0, 0.0, 0.0, 1.0]], [[-0.014065977185964584, -0.9998953342437744, 0.0033928207121789455, 0.0047607421875], [0.015072021633386612, -0.003604793455451727, -0.9998799562454224, 1.5228490829467773], [0.9997875094413757, -0.014013126492500305, 0.01512114703655243, -1.539093017578125], [0.0, 0.0, 0.0, 1.0]], [[-0.8418326377868652, -0.5391607880592346, -0.02497030794620514, 0.92987060546875], [0.020991163328289986, 0.013523753732442856, -0.9996881484985352, 1.5061988830566406], [0.5393303632736206, -0.8420943021774292, -6.712566391797736e-05, -1.18212890625], [0.0, 0.0, 0.0, 1.0]], [[0.9495420455932617, 0.31283196806907654, 0.022496644407510757, -1.1315348148345947], [0.02920357510447502, -0.016769815236330032, -0.9994327425956726, 1.5888996124267578], [-0.31227728724479675, 0.9496604204177856, -0.025059456005692482, -0.10791015625], [0.0, 0.0, 0.0, 1.0]], [[0.012963906861841679, 0.9998947381973267, -0.006515058688819408, 0.00244140625], [0.003851664951071143, -0.006565493531525135, -0.9999710321426392, 1.5795636177062988], [-0.9999085068702698, 0.012938425876200199, -0.003936374094337225, -0.049835205078125], [0.0, 0.0, 0.0, 1.0]], [[-0.9291831851005554, 0.3683129847049713, -0.031050359830260277, 1.05145263671875], [0.0366910882294178, 0.008320012129843235, -0.9992920756340027, 1.5547590255737305], [-0.3677939176559448, -0.929664671421051, -0.02124462090432644, -0.09539794921875], [0.0, 0.0, 0.0, 1.0]]], "view": [[0.0, -2.0, 100.0], [-2.0, 0.0, 100.0], [0.0, 0.0, 1.0]], "bev": "bev_ae4e0c3aa3f24c91aab599e8b54e9264.png", "aux": "aux_ae4e0c3aa3f24c91aab599e8b54e9264.npz", "visibility": "visibility_ae4e0c3aa3f24c91aab599e8b54e9264.png", "pose": [[-0.2238735854625702, -0.9746181964874268, 0.0, 1010.0292358398438], [0.9746181964874268, -0.2238735854625702, 0.0, 614.8584594726562], [0.0, 0.0, 1.0, 0.0], [0.0, 0.0, 0.0, 1.0]], "pose_inverse": [[-0.2238735854625702, 0.9746181964874268, 0.0, -373.1333923339844], [-0.9746181964874268, -0.2238735854625702, 0.0, 1122.04345703125], [0.0, 0.0, 1.0, 0.0], [0.0, 0.0, 0.0, 1.0]], "cam_ids": [0, 1, 2, 3, 4, 5], "cam_channels": ["CAM_FRONT_LEFT", "CAM_FRONT", "CAM_FRONT_RIGHT", "CAM_BACK_LEFT", "CAM_BACK", "CAM_BACK_RIGHT"], "token": "ae4e0c3aa3f24c91aab599e8b54e9264", "scene": "scene-0001"}, {"images": ["samples/CAM_FRONT_LEFT/n015-2018-07-18-11-07-57+0800__CAM_FRONT_LEFT__1531883531904844.jpg", "samples/CAM_FRONT/n015-2018-07-18-11-07-57+0800__CAM_FRONT__1531883531912467.jpg", "samples/CAM_FRONT_RIGHT/n015-2018-07-18-11-07-57+0800__CAM_FRONT_RIGHT__1531883531920339.jpg", "samples/CAM_BACK_LEFT/n015-2018-07-18-11-07-57+0800__CAM_BACK_LEFT__1531883531947423.jpg", "samples/CAM_BACK/n015-2018-07-18-11-07-57+0800__CAM_BACK__1531883531937525.jpg", "samples/CAM_BACK_RIGHT/n015-2018-07-18-11-07-57+0800__CAM_BACK_RIGHT__1531883531927893.jpg"], "intrinsics": [[[1272.5979470598488, 0.0, 826.6154927353808], [0.0, 1272.5979470598488, 479.75165386361925], [0.0, 0.0, 1.0]], [[1266.417203046554, 0.0, 816.2670197447984], [0.0, 1266.417203046554, 491.50706579294757], [0.0, 0.0, 1.0]], [[1260.8474446004698, 0.0, 807.968244525554], [0.0, 1260.8474446004698, 495.3344268742088], [0.0, 0.0, 1.0]], [[1256.7414812095406, 0.0, 792.1125740759628], [0.0, 1256.7414812095406, 492.7757465151356], [0.0, 0.0, 1.0]], [[809.2209905677063, 0.0, 829.2196003259838], [0.0, 809.2209905677063, 481.77842384512485], [0.0, 0.0, 1.0]], [[1259.5137405846733, 0.0, 807.2529053838625], [0.0, 1259.5137405846733, 501.19579884916527], [0.0, 0.0, 1.0]]], "extrinsics": [[[0.8102717399597168, -0.5858041048049927, 0.01712711714208126, -0.8172607421875], [0.020730435848236084, -0.0005567557527683675, -0.9997849464416504, 1.5120046138763428], [0.5856876373291016, 0.8104525804519653, 0.011692848987877369, -1.1754150390625], [0.0, 0.0, 0.0, 1.0]], [[-0.009285280480980873, -0.9999479651451111, 0.004211978986859322, 0.0045166015625], [0.015516610816121101, -0.004355734679847956, -0.9998701214790344, 1.522878646850586], [0.9998364448547363, -0.009218690916895866, 0.015556247904896736, -1.541351318359375], [0.0, 0.0, 0.0, 1.0]], [[-0.8390935063362122, -0.5434081554412842, -0.02509228140115738, 0.932037353515625], [0.021500881761312485, 0.012961014173924923, -0.999684751033783, 1.5062150955200195], [0.5435619950294495, -0.8393685817718506, 0.0008082502754405141, -1.183349609375], [0.0, 0.0, 0.0, 1.0]], [[0.9477916359901428, 0.31802046298980713, 0.023536305874586105, -1.131866455078125], [0.030521277338266373, -0.01699851267039776, -0.9993895292282104, 1.588888168334961], [-0.31742623448371887, 0.9479315280914307, -0.02581743896007538, -0.107177734375], [0.0, 0.0, 0.0, 1.0]], [[0.007611972279846668, 0.9999469518661499, -0.006953315809369087, 0.00341796875], [0.004859097767621279, -0.006990422494709492, -0.9999638199806213, 1.579603672027588], [-0.9999592900276184, 0.007577930577099323, -0.004912050440907478, -0.049041748046875], [0.0, 0.0, 0.0, 1.0]], [[-0.9310823678970337, 0.36340755224227905, -0.031945180147886276, 1.05279541015625], [0.03739528730511665, 0.00796976126730442, -0.9992687702178955, 1.5547997951507568], [-0.3628872334957123, -0.9315962195396423, -0.02101023495197296, -0.09619140625], [0.0, 0.0, 0.0, 1.0]]], "view": [[0.0, -2.0, 100.0], [-2.0, 0.0, 100.0], [0.0, 0.0, 1.0]], "bev": "bev_8de7ec06e1ac48c689c4d24d6cc64fd7.png", "aux": "aux_8de7ec06e1ac48c689c4d24d6cc64fd7.npz", "visibility": "visibility_8de7ec06e1ac48c689c4d24d6cc64fd7.png", "pose": [[-0.4005022943019867, -0.9162957668304443, 0.0, 1009.4234619140625], [0.9162957668304443, -0.4005022943019867, 0.0, 616.7586669921875], [0.0, 0.0, 1.0, 0.0], [0.0, 0.0, 0.0, 1.0]], "pose_inverse": [[-0.4005022943019867, 0.9162957668304443, 0.0, -160.85691833496094], [-0.9162957668304443, -0.4005022943019867, 0.0, 1171.9437255859375], [0.0, 0.0, 1.0, 0.0], [0.0, 0.0, 0.0, 1.0]], "cam_ids": [0, 1, 2, 3, 4, 5], "cam_channels": ["CAM_FRONT_LEFT", "CAM_FRONT", "CAM_FRONT_RIGHT", "CAM_BACK_LEFT", "CAM_BACK", "CAM_BACK_RIGHT"], "token": "8de7ec06e1ac48c689c4d24d6cc64fd7", "scene": "scene-0001"}, {"images": ["samples/CAM_FRONT_LEFT/n015-2018-07-18-11-07-57+0800__CAM_FRONT_LEFT__1531883532404844.jpg", "samples/CAM_FRONT/n015-2018-07-18-11-07-57+0800__CAM_FRONT__1531883532412464.jpg", "samples/CAM_FRONT_RIGHT/n015-2018-07-18-11-07-57+0800__CAM_FRONT_RIGHT__1531883532420339.jpg", "samples/CAM_BACK_LEFT/n015-2018-07-18-11-07-57+0800__CAM_BACK_LEFT__1531883532447423.jpg", "samples/CAM_BACK/n015-2018-07-18-11-07-57+0800__CAM_BACK__1531883532437525.jpg", "samples/CAM_BACK_RIGHT/n015-2018-07-18-11-07-57+0800__CAM_BACK_RIGHT__1531883532427893.jpg"], "intrinsics": [[[1272.5979470598488, 0.0, 826.6154927353808], [0.0, 1272.5979470598488, 479.75165386361925], [0.0, 0.0, 1.0]], [[1266.417203046554, 0.0, 816.2670197447984], [0.0, 1266.417203046554, 491.50706579294757], [0.0, 0.0, 1.0]], [[1260.8474446004698, 0.0, 807.968244525554], [0.0, 1260.8474446004698, 495.3344268742088], [0.0, 0.0, 1.0]], [[1256.7414812095406, 0.0, 792.1125740759628], [0.0, 1256.7414812095406, 492.7757465151356], [0.0, 0.0, 1.0]], [[809.2209905677063, 0.0, 829.2196003259838], [0.0, 809.2209905677063, 481.77842384512485], [0.0, 0.0, 1.0]], [[1259.5137405846733, 0.0, 807.2529053838625], [0.0, 1259.5137405846733, 501.19579884916527], [0.0, 0.0, 1.0]]], "extrinsics": [[[0.8101271390914917, -0.5859507918357849, 0.018860073760151863, -0.8013916015625], [0.02035016007721424, -0.0040443651378154755, -0.9997847080230713, 1.5123242139816284], [0.5859009027481079, 0.8103365302085876, 0.008647740818560123, -1.16558837890625], [0.0, 0.0, 0.0, 1.0]], [[-0.009445978328585625, -0.9999264478683472, 0.007606069091707468, 0.005859375], [0.01482114102691412, -0.007745576091110706, -0.9998602271080017, 1.5230088233947754], [0.999845564365387, -0.009331945329904556, 0.014893214218318462, -1.5264358520507812], [0.0, 0.0, 0.0, 1.0]], [[-0.8391391038894653, -0.5434533953666687, -0.022449566051363945, 0.9232177734375], [0.0204822588711977, 0.009672108106315136, -0.9997434020042419, 1.5063104629516602], [0.5435312390327454, -0.8393835425376892, 0.003014911664649844, -1.17633056640625], [0.0, 0.0, 0.0, 1.0]], [[0.9478352665901184, 0.3181084394454956, 0.020383665338158607, -1.131683349609375], [0.028125235810875893, -0.019762028008699417, -0.999409019947052, 1.5888729095458984], [-0.31751760840415955, 0.947848379611969, -0.027678020298480988, -0.1072998046875], [0.0, 0.0, 0.0, 1.0]], [[0.007544729858636856, 0.9999222159385681, -0.009932066313922405, 0.002685546875], [0.0030156769789755344, -0.009955055080354214, -0.9999459385871887, 1.5795297622680664], [-0.9999669790267944, 0.007514345459640026, -0.0030905497260391712, -0.052913665771484375], [0.0, 0.0, 0.0, 1.0]], [[-0.9311529397964478, 0.36323654651641846, -0.03183450177311897, 1.04522705078125], [0.03604050725698471, 0.004806147888302803, -0.9993387460708618, 1.554947853088379], [-0.3628433644771576, -0.9316845536231995, -0.017566487193107605, -0.0980224609375], [0.0, 0.0, 0.0, 1.0]]], "view": [[0.0, -2.0, 100.0], [-2.0, 0.0, 100.0], [0.0, 0.0, 1.0]], "bev": "bev_ba94cb79ebc74614bc2442185cb53c26.png", "aux": "aux_ba94cb79ebc74614bc2442185cb53c26.npz", "visibility": "visibility_ba94cb79ebc74614bc2442185cb53c26.png", "pose": [[-0.5739132165908813, -0.8189161419868469, 0.0, 1008.3590087890625], [0.8189161419868469, -0.5739132165908813, 0.0, 618.6627807617188], [0.0, 0.0, 1.0, 0.0], [0.0, 0.0, 0.0, 1.0]], "pose_inverse": [[-0.5739132165908813, 0.8189161419868469, 0.0, 72.07765197753906], [-0.8189161419868469, -0.5739132165908813, 0.0, 1180.8201904296875], [0.0, 0.0, 1.0, 0.0], [0.0, 0.0, 0.0, 1.0]], "cam_ids": [0, 1, 2, 3, 4, 5], "cam_channels": ["CAM_FRONT_LEFT", "CAM_FRONT", "CAM_FRONT_RIGHT", "CAM_BACK_LEFT", "CAM_BACK", "CAM_BACK_RIGHT"], "token": "ba94cb79ebc74614bc2442185cb53c26", "scene": "scene-0001"}, {"images": ["samples/CAM_FRONT_LEFT/n015-2018-07-18-11-07-57+0800__CAM_FRONT_LEFT__1531883533004844.jpg", "samples/CAM_FRONT/n015-2018-07-18-11-07-57+0800__CAM_FRONT__1531883533012462.jpg", "samples/CAM_FRONT_RIGHT/n015-2018-07-18-11-07-57+0800__CAM_FRONT_RIGHT__1531883533020339.jpg", "samples/CAM_BACK_LEFT/n015-2018-07-18-11-07-57+0800__CAM_BACK_LEFT__1531883533047423.jpg", "samples/CAM_BACK/n015-2018-07-18-11-07-57+0800__CAM_BACK__1531883533037525.jpg", "samples/CAM_BACK_RIGHT/n015-2018-07-18-11-07-57+0800__CAM_BACK_RIGHT__1531883533027893.jpg"], "intrinsics": [[[1272.5979470598488, 0.0, 826.6154927353808], [0.0, 1272.5979470598488, 479.75165386361925], [0.0, 0.0, 1.0]], [[1266.417203046554, 0.0, 816.2670197447984], [0.0, 1266.417203046554, 491.50706579294757], [0.0, 0.0, 1.0]], [[1260.8474446004698, 0.0, 807.968244525554], [0.0, 1260.8474446004698, 495.3344268742088], [0.0, 0.0, 1.0]], [[1256.7414812095406, 0.0, 792.1125740759628], [0.0, 1256.7414812095406, 492.7757465151356], [0.0, 0.0, 1.0]], [[809.2209905677063, 0.0, 829.2196003259838], [0.0, 809.2209905677063, 481.77842384512485], [0.0, 0.0, 1.0]], [[1259.5137405846733, 0.0, 807.2529053838625], [0.0, 1259.5137405846733, 501.19579884916527], [0.0, 0.0, 1.0]]], "extrinsics": [[[0.8150784373283386, -0.5790466070175171, 0.01876652054488659, -0.787872314453125], [0.016479237005114555, -0.009207041002810001, -0.9998217821121216, 1.5118179321289062], [0.57911616563797, 0.8152424097061157, 0.0020377838518470526, -1.1593017578125], [0.0, 0.0, 0.0, 1.0]], [[-0.0025244215503335, -0.9999080300331116, 0.01331986952573061, 0.0074462890625], [0.011278904043138027, -0.013347536325454712, -0.9998472929000854, 1.5225944519042969], [0.9999332427978516, -0.0023738499730825424, 0.011311561800539494, -1.512939453125], [0.0, 0.0, 0.0, 1.0]], [[-0.8363228440284729, -0.5479928851127625, -0.01636829599738121, 0.91424560546875], [0.017150016501545906, 0.0036913366056978703, -0.9998461008071899, 1.5060796737670898], [0.5479689836502075, -0.8364748954772949, 0.006310936529189348, -1.16900634765625], [0.0, 0.0, 0.0, 1.0]], [[0.9477658867835999, 0.3185695707798004, 0.015915347263216972, -1.13092041015625], [0.02595813199877739, -0.02730388194322586, -0.9992900490760803, 1.5888729095458984], [-0.31790873408317566, 0.9475061893463135, -0.03414715826511383, -0.10772705078125], [0.0, 0.0, 0.0, 1.0]], [[0.005439707078039646, 0.9998413324356079, -0.016964655369520187, 0.0023193359375], [0.000376842770492658, -0.01696695387363434, -0.9998559951782227, 1.5793914794921875], [-0.9999850988388062, 0.005432623438537121, -0.0004690791538450867, -0.05780029296875], [0.0, 0.0, 0.0, 1.0]], [[-0.9326054453849792, 0.35953783988952637, -0.03129800036549568, 1.0369720458984375], [0.03294866159558296, -0.0015377167146652937, -0.9994558691978455, 1.554936408996582], [-0.3593903183937073, -0.9331292510032654, -0.010412209667265415, -0.0999755859375], [0.0, 0.0, 0.0, 1.0]]], "view": [[0.0, -2.0, 100.0], [-2.0, 0.0, 100.0], [0.0, 0.0, 1.0]], "bev": "bev_4dfab70f0b3f405bbf17f7c534d2dd91.png", "aux": "aux_4dfab70f0b3f405bbf17f7c534d2dd91.npz", "visibility": "visibility_4dfab70f0b3f405bbf17f7c534d2dd91.png", "pose": [[-0.7163059711456299, -0.6977863311767578, 0.0, 1006.5888061523438], [0.6977863311767578, -0.7163059711456299, 0.0, 620.7296142578125], [0.0, 0.0, 1.0, 0.0], [0.0, 0.0, 0.0, 1.0]], "pose_inverse": [[-0.7163059711456299, 0.6977863311767578, 0.0, 287.8888854980469], [-0.6977863311767578, -0.7163059711456299, 0.0, 1147.0162353515625], [0.0, 0.0, 1.0, 0.0], [0.0, 0.0, 0.0, 1.0]], "cam_ids": [0, 1, 2, 3, 4, 5], "cam_channels": ["CAM_FRONT_LEFT", "CAM_FRONT", "CAM_FRONT_RIGHT", "CAM_BACK_LEFT", "CAM_BACK", "CAM_BACK_RIGHT"], "token": "4dfab70f0b3f405bbf17f7c534d2dd91", "scene": "scene-0001"}, {"images": ["samples/CAM_FRONT_LEFT/n015-2018-07-18-11-07-57+0800__CAM_FRONT_LEFT__1531883533504844.jpg", "samples/CAM_FRONT/n015-2018-07-18-11-07-57+0800__CAM_FRONT__1531883533512466.jpg", "samples/CAM_FRONT_RIGHT/n015-2018-07-18-11-07-57+0800__CAM_FRONT_RIGHT__1531883533520339.jpg", "samples/CAM_BACK_LEFT/n015-2018-07-18-11-07-57+0800__CAM_BACK_LEFT__1531883533547423.jpg", "samples/CAM_BACK/n015-2018-07-18-11-07-57+0800__CAM_BACK__1531883533537525.jpg", "samples/CAM_BACK_RIGHT/n015-2018-07-18-11-07-57+0800__CAM_BACK_RIGHT__1531883533527893.jpg"], "intrinsics": [[[1272.5979470598488, 0.0, 826.6154927353808], [0.0, 1272.5979470598488, 479.75165386361925], [0.0, 0.0, 1.0]], [[1266.417203046554, 0.0, 816.2670197447984], [0.0, 1266.417203046554, 491.50706579294757], [0.0, 0.0, 1.0]], [[1260.8474446004698, 0.0, 807.968244525554], [0.0, 1260.8474446004698, 495.3344268742088], [0.0, 0.0, 1.0]], [[1256.7414812095406, 0.0, 792.1125740759628], [0.0, 1256.7414812095406, 492.7757465151356], [0.0, 0.0, 1.0]], [[809.2209905677063, 0.0, 829.2196003259838], [0.0, 809.2209905677063, 481.77842384512485], [0.0, 0.0, 1.0]], [[1259.5137405846733, 0.0, 807.2529053838625], [0.0, 1259.5137405846733, 501.19579884916527], [0.0, 0.0, 1.0]]], "extrinsics": [[[0.8191816806793213, -0.5731770396232605, 0.02023371309041977, -0.762420654296875], [0.015217278152704239, -0.013545203022658825, -0.9997924566268921, 1.512019157409668], [0.5733321309089661, 0.8193196058273315, -0.002373788505792618, -1.1412353515625], [0.0, 0.0, 0.0, 1.0]], [[0.003466798225417733, -0.9998385310173035, 0.017630621790885925, 0.007568359375], [0.009984065778553486, -0.01759524457156658, -0.9997953772544861, 1.522618293762207], [0.9999441504478455, 0.0036421027034521103, 0.009921452030539513, -1.48699951171875], [0.0, 0.0, 0.0, 1.0]], [[-0.8336764574050903, -0.5521028637886047, -0.012882736511528492, 0.89678955078125], [0.015713075175881386, -0.0003957191947847605, -0.9998764395713806, 1.5062146186828613], [0.5520294904708862, -0.8337758779525757, 0.009005138650536537, -1.15728759765625], [0.0, 0.0, 0.0, 1.0]], [[0.9476746916770935, 0.3189559876918793, 0.01340652909129858, -1.126953125], [0.02450045943260193, -0.03079521656036377, -0.999225378036499, 1.5889568328857422], [-0.3182961046695709, 0.9472690224647522, -0.03699841722846031, -0.10894775390625], [0.0, 0.0, 0.0, 1.0]], [[0.0033353776670992374, 0.9997791051864624, -0.020750505849719048, 0.0025634765625], [-0.0009711922029964626, -0.02074737288057804, -0.9997842907905579, 1.5793018341064453], [-0.9999939799308777, 0.0033548595383763313, 0.0009017751435749233, -0.06854248046875], [0.0, 0.0, 0.0, 1.0]], [[-0.9339926838874817, 0.3559032380580902, -0.03147173300385475, 1.0206680297851562], [0.03160965442657471, -0.005429443437606096, -0.9994855523109436, 1.5553512573242188], [-0.3558909595012665, -0.9345071315765381, -0.006178917363286018, -0.1064453125], [0.0, 0.0, 0.0, 1.0]]], "view": [[0.0, -2.0, 100.0], [-2.0, 0.0, 100.0], [0.0, 0.0, 1.0]], "bev": "bev_140c678882194ae69e47136c81168b6d.png", "aux": "aux_140c678882194ae69e47136c81168b6d.npz", "visibility": "visibility_140c678882194ae69e47136c81168b6d.png", "pose": [[-0.7583655714988708, -0.6518294811248779, 0.0, 1004.7018432617188], [0.6518294811248779, -0.7583655714988708, 0.0, 622.4739990234375], [0.0, 0.0, 1.0, 0.0], [0.0, 0.0, 0.0, 1.0]], "pose_inverse": [[-0.7583655714988708, 0.6518294811248779, 0.0, 356.1843566894531], [-0.6518294811248779, -0.7583655714988708, 0.0, 1126.9571533203125], [0.0, 0.0, 1.0, 0.0], [0.0, 0.0, 0.0, 1.0]], "cam_ids": [0, 1, 2, 3, 4, 5], "cam_channels": ["CAM_FRONT_LEFT", "CAM_FRONT", "CAM_FRONT_RIGHT", "CAM_BACK_LEFT", "CAM_BACK", "CAM_BACK_RIGHT"], "token": "140c678882194ae69e47136c81168b6d", "scene": "scene-0001"}, {"images": ["samples/CAM_FRONT_LEFT/n015-2018-07-18-11-07-57+0800__CAM_FRONT_LEFT__1531883533904844.jpg", "samples/CAM_FRONT/n015-2018-07-18-11-07-57+0800__CAM_FRONT__1531883533912468.jpg", "samples/CAM_FRONT_RIGHT/n015-2018-07-18-11-07-57+0800__CAM_FRONT_RIGHT__1531883533920339.jpg", "samples/CAM_BACK_LEFT/n015-2018-07-18-11-07-57+0800__CAM_BACK_LEFT__1531883533947426.jpg", "samples/CAM_BACK/n015-2018-07-18-11-07-57+0800__CAM_BACK__1531883533937525.jpg", "samples/CAM_BACK_RIGHT/n015-2018-07-18-11-07-57+0800__CAM_BACK_RIGHT__1531883533927893.jpg"], "intrinsics": [[[1272.5979470598488, 0.0, 826.6154927353808], [0.0, 1272.5979470598488, 479.75165386361925], [0.0, 0.0, 1.0]], [[1266.417203046554, 0.0, 816.2670197447984], [0.0, 1266.417203046554, 491.50706579294757], [0.0, 0.0, 1.0]], [[1260.8474446004698, 0.0, 807.968244525554], [0.0, 1260.8474446004698, 495.3344268742088], [0.0, 0.0, 1.0]], [[1256.7414812095406, 0.0, 792.1125740759628], [0.0, 1256.7414812095406, 492.7757465151356], [0.0, 0.0, 1.0]], [[809.2209905677063, 0.0, 829.2196003259838], [0.0, 809.2209905677063, 481.77842384512485], [0.0, 0.0, 1.0]], [[1259.5137405846733, 0.0, 807.2529053838625], [0.0, 1259.5137405846733, 501.19579884916527], [0.0, 0.0, 1.0]]], "extrinsics": [[[0.8207038044929504, -0.5709080696105957, 0.022567080333828926, -0.756866455078125], [0.018085524439811707, -0.013519635424017906, -0.9997450113296509, 1.5128355026245117], [0.5710676312446594, 0.8209027051925659, -0.0007704452145844698, -1.1375732421875], [0.0, 0.0, 0.0, 1.0]], [[0.0057149613276124, -0.9998306632041931, 0.017490455880761147, 0.0074462890625], [0.012756379321217537, -0.01741642691195011, -0.9997669458389282, 1.5232276916503906], [0.9999022483825684, 0.005936740431934595, 0.012654685415327549, -1.48284912109375], [0.0, 0.0, 0.0, 1.0]], [[-0.8326358199119568, -0.5536106824874878, -0.015257743187248707, 0.89544677734375], [0.01834375038743019, -3.339316026540473e-05, -0.9998316764831543, 1.5066676139831543], [0.5535169839859009, -0.8327755928039551, 0.01018309872597456, -1.15655517578125], [0.0, 0.0, 0.0, 1.0]], [[0.9475685954093933, 0.3191598355770111, 0.015838168561458588, -1.12786865234375], [0.02676326595246792, -0.02987406961619854, -0.9991953372955322, 1.5889625549316406], [-0.3184298872947693, 0.9472299218177795, -0.0368494875729084, -0.1085205078125], [0.0, 0.0, 0.0, 1.0]], [[0.00258398475125432, 0.9997959136962891, -0.020036961883306503, 0.002685546875], [0.001450886600650847, -0.020040756091475487, -0.9997981190681458, 1.5794639587402344], [-0.9999956488609314, 0.0025544168893247843, -0.001502376515418291, -0.067596435546875], [0.0, 0.0, 0.0, 1.0]], [[-0.9343923330307007, 0.3546506464481354, -0.033673059195280075, 1.0216636657714844], [0.0341622494161129, -0.004883844405412674, -0.9994043707847595, 1.5556321144104004], [-0.3546038269996643, -0.9349862337112427, -0.0075522372499108315, -0.1063232421875], [0.0, 0.0, 0.0, 1.0]]], "view": [[0.0, -2.0, 100.0], [-2.0, 0.0, 100.0], [0.0, 0.0, 1.0]], "bev": "bev_b8002d4effb540c0b1bb70addf423f32.png", "aux": "aux_b8002d4effb540c0b1bb70addf423f32.npz", "visibility": "visibility_b8002d4effb540c0b1bb70addf423f32.png", "pose": [[-0.7655717134475708, -0.6433506011962891, 0.0, 1003.0272827148438], [0.6433506011962891, -0.7655717134475708, 0.0, 623.9080810546875], [0.0, 0.0, 1.0, 0.0], [0.0, 0.0, 0.0, 1.0]], "pose_inverse": [[-0.7655717134475708, 0.6433506011962891, 0.0, 366.4976806640625], [-0.6433506011962891, -0.7655717134475708, 0.0, 1122.944580078125], [0.0, 0.0, 1.0, 0.0], [0.0, 0.0, 0.0, 1.0]], "cam_ids": [0, 1, 2, 3, 4, 5], "cam_channels": ["CAM_FRONT_LEFT", "CAM_FRONT", "CAM_FRONT_RIGHT", "CAM_BACK_LEFT", "CAM_BACK", "CAM_BACK_RIGHT"], "token": "b8002d4effb540c0b1bb70addf423f32", "scene": "scene-0001"}, {"images": ["samples/CAM_FRONT_LEFT/n015-2018-07-18-11-07-57+0800__CAM_FRONT_LEFT__1531883534404844.jpg", "samples/CAM_FRONT/n015-2018-07-18-11-07-57+0800__CAM_FRONT__1531883534412469.jpg", "samples/CAM_FRONT_RIGHT/n015-2018-07-18-11-07-57+0800__CAM_FRONT_RIGHT__1531883534420339.jpg", "samples/CAM_BACK_LEFT/n015-2018-07-18-11-07-57+0800__CAM_BACK_LEFT__1531883534447423.jpg", "samples/CAM_BACK/n015-2018-07-18-11-07-57+0800__CAM_BACK__1531883534437525.jpg", "samples/CAM_BACK_RIGHT/n015-2018-07-18-11-07-57+0800__CAM_BACK_RIGHT__1531883534427893.jpg"], "intrinsics": [[[1272.5979470598488, 0.0, 826.6154927353808], [0.0, 1272.5979470598488, 479.75165386361925], [0.0, 0.0, 1.0]], [[1266.417203046554, 0.0, 816.2670197447984], [0.0, 1266.417203046554, 491.50706579294757], [0.0, 0.0, 1.0]], [[1260.8474446004698, 0.0, 807.968244525554], [0.0, 1260.8474446004698, 495.3344268742088], [0.0, 0.0, 1.0]], [[1256.7414812095406, 0.0, 792.1125740759628], [0.0, 1256.7414812095406, 492.7757465151356], [0.0, 0.0, 1.0]], [[809.2209905677063, 0.0, 829.2196003259838], [0.0, 809.2209905677063, 481.77842384512485], [0.0, 0.0, 1.0]], [[1259.5137405846733, 0.0, 807.2529053838625], [0.0, 1259.5137405846733, 501.19579884916527], [0.0, 0.0, 1.0]]], "extrinsics": [[[0.8206967115402222, -0.5710870623588562, 0.01778796687722206, -0.750762939453125], [0.01338322926312685, -0.011909812688827515, -0.9998394846916199, 1.511744499206543], [0.5712072849273682, 0.8208031058311462, -0.0021313554607331753, -1.1329345703125], [0.0, 0.0, 0.0, 1.0]], [[0.005610991269350052, -0.9998553991317749, 0.01605057343840599, 0.00732421875], [0.008005850948393345, -0.016005396842956543, -0.9998399019241333, 1.5222749710083008], [0.9999521970748901, 0.005738524254411459, 0.007914885878562927, -1.47698974609375], [0.0, 0.0, 0.0, 1.0]], [[-0.8327854871749878, -0.5534672141075134, -0.011931059882044792, 0.89202880859375], [0.013546925038099289, 0.0011712964624166489, -0.9999075531959534, 1.5059318542480469], [0.5534300208091736, -0.8328700661659241, 0.0065223402343690395, -1.1544189453125], [0.0, 0.0, 0.0, 1.0]], [[0.9476590156555176, 0.3190772831439972, 0.011488081887364388, -1.1309814453125], [0.02196114882826805, -0.02924458496272564, -0.999330997467041, 1.588815689086914], [-0.3185279071331024, 0.9472774267196655, -0.03472120314836502, -0.1075439453125], [0.0, 0.0, 0.0, 1.0]], [[0.0025925461668521166, 0.999811589717865, -0.019238900393247604, 0.0025634765625], [-0.003370238235220313, -0.01923012174665928, -0.9998093843460083, 1.579132080078125], [-0.9999909400939941, 0.0026569312904030085, 0.003319747047498822, -0.06732177734375], [0.0, 0.0, 0.0, 1.0]], [[-0.9344981908798218, 0.35480043292045593, -0.02880692109465599, 1.0193443298339844], [0.029344230890274048, -0.0038674459792673588, -0.9995619058609009, 1.555112361907959], [-0.3547563850879669, -0.9349340200424194, -0.006797224748879671, -0.1070556640625], [0.0, 0.0, 0.0, 1.0]]], "view": [[0.0, -2.0, 100.0], [-2.0, 0.0, 100.0], [0.0, 0.0, 1.0]], "bev": "bev_1e19d0a5189b46f4b62aa47508f2983e.png", "aux": "aux_1e19d0a5189b46f4b62aa47508f2983e.npz", "visibility": "visibility_1e19d0a5189b46f4b62aa47508f2983e.png", "pose": [[-0.7636423707008362, -0.6456394791603088, 0.0, 1000.8899536132812], [0.6456394791603088, -0.7636423707008362, 0.0, 625.7317504882812], [0.0, 0.0, 1.0, 0.0], [0.0, 0.0, 0.0, 1.0]], "pose_inverse": [[-0.7636423707008362, 0.6456394791603088, 0.0, 360.32489013671875], [-0.6456394791603088, -0.7636423707008362, 0.0, 1124.04931640625], [0.0, 0.0, 1.0, 0.0], [0.0, 0.0, 0.0, 1.0]], "cam_ids": [0, 1, 2, 3, 4, 5], "cam_channels": ["CAM_FRONT_LEFT", "CAM_FRONT", "CAM_FRONT_RIGHT", "CAM_BACK_LEFT", "CAM_BACK", "CAM_BACK_RIGHT"], "token": "1e19d0a5189b46f4b62aa47508f2983e", "scene": "scene-0001"}, {"images": ["samples/CAM_FRONT_LEFT/n015-2018-07-18-11-07-57+0800__CAM_FRONT_LEFT__1531883534904844.jpg", "samples/CAM_FRONT/n015-2018-07-18-11-07-57+0800__CAM_FRONT__1531883534912466.jpg", "samples/CAM_FRONT_RIGHT/n015-2018-07-18-11-07-57+0800__CAM_FRONT_RIGHT__1531883534920339.jpg", "samples/CAM_BACK_LEFT/n015-2018-07-18-11-07-57+0800__CAM_BACK_LEFT__1531883534947423.jpg", "samples/CAM_BACK/n015-2018-07-18-11-07-57+0800__CAM_BACK__1531883534937525.jpg", "samples/CAM_BACK_RIGHT/n015-2018-07-18-11-07-57+0800__CAM_BACK_RIGHT__1531883534927893.jpg"], "intrinsics": [[[1272.5979470598488, 0.0, 826.6154927353808], [0.0, 1272.5979470598488, 479.75165386361925], [0.0, 0.0, 1.0]], [[1266.417203046554, 0.0, 816.2670197447984], [0.0, 1266.417203046554, 491.50706579294757], [0.0, 0.0, 1.0]], [[1260.8474446004698, 0.0, 807.968244525554], [0.0, 1260.8474446004698, 495.3344268742088], [0.0, 0.0, 1.0]], [[1256.7414812095406, 0.0, 792.1125740759628], [0.0, 1256.7414812095406, 492.7757465151356], [0.0, 0.0, 1.0]], [[809.2209905677063, 0.0, 829.2196003259838], [0.0, 809.2209905677063, 481.77842384512485], [0.0, 0.0, 1.0]], [[1259.5137405846733, 0.0, 807.2529053838625], [0.0, 1259.5137405846733, 501.19579884916527], [0.0, 0.0, 1.0]]], "extrinsics": [[[0.820723831653595, -0.5710875988006592, 0.016470493748784065, -0.74212646484375], [0.008270609192550182, -0.016949549317359924, -0.9998221397399902, 1.5105180740356445], [0.5712651610374451, 0.8207141160964966, -0.00918765738606453, -1.128173828125], [0.0, 0.0, 0.0, 1.0]], [[0.005578386131674051, -0.9997620582580566, 0.021083837375044823, 0.008056640625], [0.002945421729236841, -0.021067649126052856, -0.9997737407684326, 1.5212326049804688], [0.9999800324440002, 0.005639257375150919, 0.002827196381986141, -1.468658447265625], [0.0, 0.0, 0.0, 1.0]], [[-0.8329117894172668, -0.5533835887908936, -0.004946689121425152, 0.8863525390625], [0.008540785871446133, -0.0039163632318377495, -0.9999558329582214, 1.505152940750122], [0.5533397793769836, -0.8329172730445862, 0.007988318800926208, -1.15020751953125], [0.0, 0.0, 0.0, 1.0]], [[0.9477481245994568, 0.3189786374568939, 0.005111143458634615, -1.13116455078125], [0.01701529137790203, -0.0345441959798336, -0.999258279800415, 1.5887622833251953], [-0.3185654282569885, 0.9471321702003479, -0.03816671296954155, -0.10760498046875], [0.0, 0.0, 0.0, 1.0]], [[0.0026460576336830854, 0.9996980428695679, -0.024426624178886414, 0.0025634765625], [-0.008328502997756004, -0.024403829127550125, -0.9996675252914429, 1.5787696838378906], [-0.999961793422699, 0.0028486279770731926, 0.008261415176093578, -0.069915771484375], [0.0, 0.0, 0.0, 1.0]], [[-0.934573233127594, 0.35482218861579895, -0.025963708758354187, 1.0141410827636719], [0.024362970143556595, -0.008979075588285923, -0.9996628761291504, 1.5546313524246216], [-0.3549356758594513, -0.9348906874656677, -0.0002529189514461905, -0.109130859375], [0.0, 0.0, 0.0, 1.0]]], "view": [[0.0, -2.0, 100.0], [-2.0, 0.0, 100.0], [0.0, 0.0, 1.0]], "bev": "bev_b7f4a3b32d654cc2b69c1c260a5f34a0.png", "aux": "aux_b7f4a3b32d654cc2b69c1c260a5f34a0.npz", "visibility": "visibility_b7f4a3b32d654cc2b69c1c260a5f34a0.png", "pose": [[-0.7641984820365906, -0.6449810862541199, 0.0, 998.6471557617188], [0.6449810862541199, -0.7641984820365906, 0.0, 627.6483154296875], [0.0, 0.0, 1.0, 0.0], [0.0, 0.0, 0.0, 1.0]], "pose_inverse": [[-0.7641984820365906, 0.6449810862541199, 0.0, 358.3433532714844], [-0.6449810862541199, -0.7641984820365906, 0.0, 1123.7564697265625], [0.0, 0.0, 1.0, 0.0], [0.0, 0.0, 0.0, 1.0]], "cam_ids": [0, 1, 2, 3, 4, 5], "cam_channels": ["CAM_FRONT_LEFT", "CAM_FRONT", "CAM_FRONT_RIGHT", "CAM_BACK_LEFT", "CAM_BACK", "CAM_BACK_RIGHT"], "token": "b7f4a3b32d654cc2b69c1c260a5f34a0", "scene": "scene-0001"}, {"images": ["samples/CAM_FRONT_LEFT/n015-2018-07-18-11-07-57+0800__CAM_FRONT_LEFT__1531883535404844.jpg", "samples/CAM_FRONT/n015-2018-07-18-11-07-57+0800__CAM_FRONT__1531883535412467.jpg", "samples/CAM_FRONT_RIGHT/n015-2018-07-18-11-07-57+0800__CAM_FRONT_RIGHT__1531883535420339.jpg", "samples/CAM_BACK_LEFT/n015-2018-07-18-11-07-57+0800__CAM_BACK_LEFT__1531883535448475.jpg", "samples/CAM_BACK/n015-2018-07-18-11-07-57+0800__CAM_BACK__1531883535437525.jpg", "samples/CAM_BACK_RIGHT/n015-2018-07-18-11-07-57+0800__CAM_BACK_RIGHT__1531883535427893.jpg"], "intrinsics": [[[1272.5979470598488, 0.0, 826.6154927353808], [0.0, 1272.5979470598488, 479.75165386361925], [0.0, 0.0, 1.0]], [[1266.417203046554, 0.0, 816.2670197447984], [0.0, 1266.417203046554, 491.50706579294757], [0.0, 0.0, 1.0]], [[1260.8474446004698, 0.0, 807.968244525554], [0.0, 1260.8474446004698, 495.3344268742088], [0.0, 0.0, 1.0]], [[1256.7414812095406, 0.0, 792.1125740759628], [0.0, 1256.7414812095406, 492.7757465151356], [0.0, 0.0, 1.0]], [[809.2209905677063, 0.0, 829.2196003259838], [0.0, 809.2209905677063, 481.77842384512485], [0.0, 0.0, 1.0]], [[1259.5137405846733, 0.0, 807.2529053838625], [0.0, 1259.5137405846733, 501.19579884916527], [0.0, 0.0, 1.0]]], "extrinsics": [[[0.8207170963287354, -0.5710304975509644, 0.0186464861035347, -0.75274658203125], [0.006796007975935936, -0.022877197712659836, -0.9997151494026184, 1.510030746459961], [0.571294367313385, 0.8206101059913635, -0.014894979074597359, -1.13427734375], [0.0, 0.0, 0.0, 1.0]], [[0.005587718915194273, -0.9996210336685181, 0.02695254422724247, 0.00732421875], [0.0014747453387826681, -0.02694469876587391, -0.9996358752250671, 1.5208797454833984], [0.9999833106994629, 0.005625466350466013, 0.001323628588579595, -1.47943115234375], [0.0, 0.0, 0.0, 1.0]], [[-0.8329114317893982, -0.5534060001373291, -0.0005015346105210483, 0.893798828125], [0.007075902074575424, -0.009743480011820793, -0.9999275207519531, 1.5048332214355469], [0.5533610582351685, -0.8328545689582825, 0.01203130278736353, -1.15557861328125], [0.0, 0.0, 0.0, 1.0]], [[0.947784960269928, 0.3189042806625366, 0.0019412159454077482, -1.14105224609375], [0.015560285188257694, -0.04016374051570892, -0.9990718960762024, 1.5885734558105469], [-0.3185303509235382, 0.9469355940818787, -0.043028827756643295, -0.10418701171875], [0.0, 