[{"images": ["samples/CAM_FRONT_LEFT/n015-2018-07-24-11-13-19+0800__CAM_FRONT_LEFT__1532402418004844.jpg", "samples/CAM_FRONT/n015-2018-07-24-11-13-19+0800__CAM_FRONT__1532402418012468.jpg", "samples/CAM_FRONT_RIGHT/n015-2018-07-24-11-13-19+0800__CAM_FRONT_RIGHT__1532402418020339.jpg", "samples/CAM_BACK_LEFT/n015-2018-07-24-11-13-19+0800__CAM_BACK_LEFT__1532402418047423.jpg", "samples/CAM_BACK/n015-2018-07-24-11-13-19+0800__CAM_BACK__1532402418037525.jpg", "samples/CAM_BACK_RIGHT/n015-2018-07-24-11-13-19+0800__CAM_BACK_RIGHT__1532402418027893.jpg"], "intrinsics": [[[1272.5979470598488, 0.0, 826.6154927353808], [0.0, 1272.5979470598488, 479.75165386361925], [0.0, 0.0, 1.0]], [[1266.417203046554, 0.0, 816.2670197447984], [0.0, 1266.417203046554, 491.50706579294757], [0.0, 0.0, 1.0]], [[1260.8474446004698, 0.0, 807.968244525554], [0.0, 1260.8474446004698, 495.3344268742088], [0.0, 0.0, 1.0]], [[1256.7414812095406, 0.0, 792.1125740759628], [0.0, 1256.7414812095406, 492.7757465151356], [0.0, 0.0, 1.0]], [[809.2209905677063, 0.0, 829.2196003259838], [0.0, 809.2209905677063, 481.77842384512485], [0.0, 0.0, 1.0]], [[1259.5137405846733, 0.0, 807.2529053838625], [0.0, 1259.5137405846733, 501.19579884916527], [0.0, 0.0, 1.0]]], "extrinsics": [[[0.8209032416343689, -0.5697330832481384, 0.03901419788599014, -0.7962646484375], [0.05062371864914894, 0.004551964346319437, -0.9987074136734009, 1.5186426639556885], [0.5688191056251526, 0.8218172192573547, 0.0325787290930748, -1.16357421875], [0.0, 0.0, 0.0, 1.0]], [[0.007333807181566954, -0.9999730587005615, -0.0001355716958642006, 0.0064697265625], [0.045433614403009415, 0.0004686448082793504, -0.9989672899246216, 1.528193473815918], [0.9989404082298279, 0.00732005201280117, 0.0454358272254467, -1.523895263671875], [0.0, 0.0, 0.0, 1.0]], [[-0.8305698037147522, -0.554450273513794, -0.052331674844026566, 0.923828125], [0.051115766167640686, 0.017674924805760384, -0.9985362887382507, 1.5103139877319336], [0.5545637011528015, -0.8320290446281433, 0.013660890981554985, -1.1761474609375], [0.0, 0.0, 0.0, 1.0]], [[0.9460972547531128, 0.31954023241996765, 0.05285845696926117, -1.144378662109375], [0.06006781384348869, -0.012741069309413433, -0.9981129765510559, 1.5884227752685547], [-0.3182637691497803, 0.9474869966506958, -0.03124837763607502, -0.10302734375], [0.0, 0.0, 0.0, 1.0]], [[0.001668388838879764, 0.9999950528144836, -0.0026692061219364405, 0.002685546875], [0.03458895534276962, -0.0027253171429038048, -0.9993979334831238, 1.5809669494628906], [-0.9994001388549805, 0.001575050177052617, -0.03459332883358002, -0.0445556640625], [0.0, 0.0, 0.0, 1.0]], [[-0.9334291219711304, 0.35400059819221497, -0.0582539401948452, 1.048583984375], [0.06706686317920685, 0.012666850350797176, -0.9976680874824524, 1.5577425956726074], [-0.35243719816207886, -0.93515944480896, -0.035565316677093506, -0.0965576171875], [0.0, 0.0, 0.0, 1.0]]], "view": [[0.0, -2.0, 100.0], [-2.0, 0.0, 100.0], [0.0, 0.0, 1.0]], "bev": "bev_2cc9075f8e4348fb922c712ffd3fee12.png", "aux": "aux_2cc9075f8e4348fb922c712ffd3fee12.npz", "visibility": "visibility_2cc9075f8e4348fb922c712ffd3fee12.png", "pose": [[0.7262051701545715, 0.6874780058860779, 0.0, 743.7224731445312], [-0.6874780058860779, 0.7262051701545715, 0.0, 956.1549682617188], [0.0, 0.0, 1.0, 0.0], [0.0, 0.0, 0.0, 1.0]], "pose_inverse": [[0.7262051701545715, -0.6874780058860779, 0.0, 117.24041748046875], [0.6874780058860779, 0.7262051701545715, 0.0, -1205.6575927734375], [0.0, 0.0, 1.0, 0.0], [0.0, 0.0, 0.0, 1.0]], "cam_ids": [0, 1, 2, 3, 4, 5], "cam_channels": ["CAM_FRONT_LEFT", "CAM_FRONT", "CAM_FRONT_RIGHT", "CAM_BACK_LEFT", "CAM_BACK", "CAM_BACK_RIGHT"], "token": "2cc9075f8e4348fb922c712ffd3fee12", "scene": "scene-0053"}, {"images": ["samples/CAM_FRONT_LEFT/n015-2018-07-24-11-13-19+0800__CAM_FRONT_LEFT__1532402418504844.jpg", "samples/CAM_FRONT/n015-2018-07-24-11-13-19+0800__CAM_FRONT__1532402418512460.jpg", "samples/CAM_FRONT_RIGHT/n015-2018-07-24-11-13-19+0800__CAM_FRONT_RIGHT__1532402418520339.jpg", "samples/CAM_BACK_LEFT/n015-2018-07-24-11-13-19+0800__CAM_BACK_LEFT__1532402418547423.jpg", "samples/CAM_BACK/n015-2018-07-24-11-13-19+0800__CAM_BACK__1532402418537525.jpg", "samples/CAM_BACK_RIGHT/n015-2018-07-24-11-13-19+0800__CAM_BACK_RIGHT__1532402418527893.jpg"], "intrinsics": [[[1272.5979470598488, 0.0, 826.6154927353808], [0.0, 1272.5979470598488, 479.75165386361925], [0.0, 0.0, 1.0]], [[1266.417203046554, 0.0, 816.2670197447984], [0.0, 1266.417203046554, 491.50706579294757], [0.0, 0.0, 1.0]], [[1260.8474446004698, 0.0, 807.968244525554], [0.0, 1260.8474446004698, 495.3344268742088], [0.0, 0.0, 1.0]], [[1256.7414812095406, 0.0, 792.1125740759628], [0.0, 1256.7414812095406, 492.7757465151356], [0.0, 0.0, 1.0]], [[809.2209905677063, 0.0, 829.2196003259838], [0.0, 809.2209905677063, 481.77842384512485], [0.0, 0.0, 1.0]], [[1259.5137405846733, 0.0, 807.2529053838625], [0.0, 1259.5137405846733, 501.19579884916527], [0.0, 0.0, 1.0]]], "extrinsics": [[[0.8211204409599304, -0.5695024132728577, 0.037791330367326736, -0.767333984375], [0.05360614135861397, 0.011031392961740494, -0.9985012412071228, 1.5211381912231445], [0.5682319402694702, 0.8219156265258789, 0.039586931467056274, -1.1436767578125], [0.0, 0.0, 0.0, 1.0]], [[0.007849028334021568, -0.9999471306800842, -0.006631828378885984, 0.0068359375], [0.04825867712497711, 0.0070030963979661465, -0.998810350894928, 1.5300707817077637], [0.998803973197937, 0.007519603706896305, 0.04831109568476677, -1.495025634765625], [0.0, 0.0, 0.0, 1.0]], [[-0.8301883935928345, -0.554437518119812, -0.05819186568260193, 0.9052734375], [0.05376635119318962, 0.024266639724373817, -0.9982585906982422, 1.5118789672851562], [0.554884135723114, -0.831871509552002, 0.009664202108979225, -1.1636962890625], [0.0, 0.0, 0.0, 1.0]], [[0.945905864238739, 0.31937935948371887, 0.05708752200007439, -1.14227294921875], [0.06222457066178322, -0.005894819274544716, -0.9980447292327881, 1.588552474975586], [-0.31841841340065, 0.9476085901260376, -0.02544918842613697, -0.1036376953125], [0.0, 0.0, 0.0, 1.0]], [[0.00137716147582978, 0.9999908804893494, 0.004056559409946203, 0.0029296875], [0.03693091869354248, 0.004002935718744993, -0.9993098378181458, 1.5814223289489746], [-0.9993168115615845, 0.0015259735519066453, -0.0369250662624836, -0.0540771484375], [0.0, 0.0, 0.0, 1.0]], [[-0.9334072470664978, 0.35405829548835754, -0.05825411155819893, 1.0330810546875], [0.06956914812326431, 0.019302628934383392, -0.9973903894424438, 1.559133529663086], [-0.3520098924636841, -0.935024082660675, -0.04264875128865242, -0.1024169921875], [0.0, 0.0, 0.0, 1.0]]], "view": [[0.0, -2.0, 100.0], [-2.0, 0.0, 100.0], [0.0, 0.0, 1.0]], "bev": "bev_dfdd53ac5a6e464abc187ee789b2e5ff.png", "aux": "aux_dfdd53ac5a6e464abc187ee789b2e5ff.npz", "visibility": "visibility_dfdd53ac5a6e464abc187ee789b2e5ff.png", "pose": [[0.7128795385360718, 0.7012864947319031, 0.0, 745.6063232421875], [-0.7012864947319031, 0.7128795385360718, 0.0, 954.3306884765625], [0.0, 0.0, 1.0, 0.0], [0.0, 0.0, 0.0, 1.0]], "pose_inverse": [[0.7128795385360718, -0.7012864947319031, 0.0, 137.731689453125], [0.7012864947319031, 0.7128795385360718, 0.0, -1203.2064208984375], [0.0, 0.0, 1.0, 0.0], [0.0, 0.0, 0.0, 1.0]], "cam_ids": [0, 1, 2, 3, 4, 5], "cam_channels": ["CAM_FRONT_LEFT", "CAM_FRONT", "CAM_FRONT_RIGHT", "CAM_BACK_LEFT", "CAM_BACK", "CAM_BACK_RIGHT"], "token": "dfdd53ac5a6e464abc187ee789b2e5ff", "scene": "scene-0053"}, {"images": ["samples/CAM_FRONT_LEFT/n015-2018-07-24-11-13-19+0800__CAM_FRONT_LEFT__1532402419004844.jpg", "samples/CAM_FRONT/n015-2018-07-24-11-13-19+0800__CAM_FRONT__1532402419012460.jpg", "samples/CAM_FRONT_RIGHT/n015-2018-07-24-11-13-19+0800__CAM_FRONT_RIGHT__1532402419020339.jpg", "samples/CAM_BACK_LEFT/n015-2018-07-24-11-13-19+0800__CAM_BACK_LEFT__1532402419047423.jpg", "samples/CAM_BACK/n015-2018-07-24-11-13-19+0800__CAM_BACK__1532402419037525.jpg", "samples/CAM_BACK_RIGHT/n015-2018-07-24-11-13-19+0800__CAM_BACK_RIGHT__1532402419027893.jpg"], "intrinsics": [[[1272.5979470598488, 0.0, 826.6154927353808], [0.0, 1272.5979470598488, 479.75165386361925], [0.0, 0.0, 1.0]], [[1266.417203046554, 0.0, 816.2670197447984], [0.0, 1266.417203046554, 491.50706579294757], [0.0, 0.0, 1.0]], [[1260.8474446004698, 0.0, 807.968244525554], [0.0, 1260.8474446004698, 495.3344268742088], [0.0, 0.0, 1.0]], [[1256.7414812095406, 0.0, 792.1125740759628], [0.0, 1256.7414812095406, 492.7757465151356], [0.0, 0.0, 1.0]], [[809.2209905677063, 0.0, 829.2196003259838], [0.0, 809.2209905677063, 481.77842384512485], [0.0, 0.0, 1.0]], [[1259.5137405846733, 0.0, 807.2529053838625], [0.0, 1259.5137405846733, 501.19579884916527], [0.0, 0.0, 1.0]]], "extrinsics": [[[0.821727991104126, -0.5692073702812195, 0.027678068727254868, -0.740234375], [0.04886296018958092, 0.02198452316224575, -0.9985635280609131, 1.5215206146240234], [0.5677811503410339, 0.8219000697135925, 0.04587845504283905, -1.12689208984375], [0.0, 0.0, 0.0, 1.0]], [[0.008518981747329235, -0.9998080134391785, -0.017642680555582047, 0.008544921875], [0.04349275678396225, 0.017997095361351967, -0.9988916516304016, 1.530217170715332], [0.9990174770355225, 0.007742166053503752, 0.043637726455926895, -1.4693145751953125], [0.0, 0.0, 0.0, 1.0]], [[-0.8301065564155579, -0.5543320178985596, -0.06032585725188255, 0.88995361328125], [0.04896683245897293, 0.035300422459840775, -0.9981763958930969, 1.5120315551757812], [0.5554505586624146, -0.8315466642379761, -0.002159229712560773, -1.151611328125], [0.0, 0.0, 0.0, 1.0]], [[0.9461339712142944, 0.3188692033290863, 0.056151602417230606, -1.1431427001953125], [0.05745557323098183, 0.005323114804923534, -0.9983338117599487, 1.5885024070739746], [-0.31863686442375183, 0.9477837681770325, -0.01328443642705679, -0.1033935546875], [0.0, 0.0, 0.0, 1.0]], [[0.0010714271338656545, 0.9998840093612671, 0.015197799541056156, 0.0023193359375], [0.032124631106853485, 0.015155547298491001, -0.9993690252304077, 1.5813465118408203], [-0.9994833469390869, 0.0015590417897328734, -0.03210466727614403, -0.060333251953125], [0.0, 0.0, 0.0, 1.0]], [[-0.9338682889938354, 0.3541257381439209, -0.0498487688601017, 1.02008056640625], [0.06476709991693497, 0.030392907559871674, -0.9974374771118164, 1.559427261352539], [-0.3517032563686371, -0.9347038269042969, -0.051318682730197906, -0.10595703125], [0.0, 0.0, 0.0, 1.0]]], "view": [[0.0, -2.0, 100.0], [-2.0, 0.0, 100.0], [0.0, 0.0, 1.0]], "bev": "bev_f589ce80644d46c0ab3c6e764321d5ef.png", "aux": "aux_f589ce80644d46c0ab3c6e764321d5ef.npz", "visibility": "visibility_f589ce80644d46c0ab3c6e764321d5ef.png", "pose": [[0.6972771286964417, 0.716801643371582, 0.0, 747.7306518554688], [-0.716801643371582, 0.6972771286964417, 0.0, 952.1742553710938], [0.0, 0.0, 1.0, 0.0], [0.0, 0.0, 0.0, 1.0]], "pose_inverse": [[0.6972771286964417, -0.716801643371582, 0.0, 161.14459228515625], [0.716801643371582, 0.6972771286964417, 0.0, -1199.9039306640625], [0.0, 0.0, 1.0, 0.0], [0.0, 0.0, 0.0, 1.0]], "cam_ids": [0, 1, 2, 3, 4, 5], "cam_channels": ["CAM_FRONT_LEFT", "CAM_FRONT", "CAM_FRONT_RIGHT", "CAM_BACK_LEFT", "CAM_BACK", "CAM_BACK_RIGHT"], "token": "f589ce80644d46c0ab3c6e764321d5ef", "scene": "scene-0053"}, {"images": ["samples/CAM_FRONT_LEFT/n015-2018-07-24-11-13-19+0800__CAM_FRONT_LEFT__1532402419504844.jpg", "samples/CAM_FRONT/n015-2018-07-24-11-13-19+0800__CAM_FRONT__1532402419512460.jpg", "samples/CAM_FRONT_RIGHT/n015-2018-07-24-11-13-19+0800__CAM_FRONT_RIGHT__1532402419520339.jpg", "samples/CAM_BACK_LEFT/n015-2018-07-24-11-13-19+0800__CAM_BACK_LEFT__1532402419547423.jpg", "samples/CAM_BACK/n015-2018-07-24-11-13-19+0800__CAM_BACK__1532402419537525.jpg", "samples/CAM_BACK_RIGHT/n015-2018-07-24-11-13-19+0800__CAM_BACK_RIGHT__1532402419527893.jpg"], "intrinsics": [[[1272.5979470598488, 0.0, 826.6154927353808], [0.0, 1272.5979470598488, 479.75165386361925], [0.0, 0.0, 1.0]], [[1266.417203046554, 0.0, 816.2670197447984], [0.0, 1266.417203046554, 491.50706579294757], [0.0, 0.0, 1.0]], [[1260.8474446004698, 0.0, 807.968244525554], [0.0, 1260.8474446004698, 495.3344268742088], [0.0, 0.0, 1.0]], [[1256.7414812095406, 0.0, 792.1125740759628], [0.0, 1256.7414812095406, 492.7757465151356], [0.0, 0.0, 1.0]], [[809.2209905677063, 0.0, 829.2196003259838], [0.0, 809.2209905677063, 481.77842384512485], [0.0, 0.0, 1.0]], [[1259.5137405846733, 0.0, 807.2529053838625], [0.0, 1259.5137405846733, 501.19579884916527], [0.0, 0.0, 1.0]]], "extrinsics": [[[0.8218591809272766, -0.569234311580658, 0.02279837429523468, -0.7186279296875], [0.048307035118341446, 0.029759153723716736, -0.9983891248703003, 1.5225753784179688], [0.5676388740539551, 0.8216366171836853, 0.051955852657556534, -1.11297607421875], [0.0, 0.0, 0.0, 1.0]], [[0.008685695007443428, -0.9996405839920044, -0.02536257728934288, 0.00927734375], [0.04310660436749458, 0.025714263319969177, -0.9987395405769348, 1.531045913696289], [0.9990327954292297, 0.007581447716802359, 0.04331445321440697, -1.4473876953125], [0.0, 0.0, 0.0, 1.0]], [[-0.8300387859344482, -0.5539752244949341, -0.06439707428216934, 0.87518310546875], [0.048753175884485245, 0.04295133054256439, -0.9978868961334229, 1.512847900390625], [0.5555705428123474, -0.8314244747161865, -0.008643217384815216, -1.1414794921875], [0.0, 0.0, 0.0, 1.0]], [[0.9460615515708923, 0.3185997009277344, 0.05883759260177612, -1.1402435302734375], [0.057815633714199066, 0.01267200242727995, -0.9982468485832214, 1.5886735916137695], [-0.3187866806983948, 0.9478046894073486, -0.006431547924876213, -0.1043701171875], [0.0, 0.0, 0.0, 1.0]], [[0.0009254953474737704, 0.9997421503067017, 0.02269149385392666, 0.002197265625], [0.032280080020427704, 0.02264981158077717, -0.9992222189903259, 1.5816307067871094], [-0.9994784593582153, 0.0016572589520365, -0.032250791788101196, -0.0689697265625], [0.0, 0.0, 0.0, 1.0]], [[-0.9339152574539185, 0.35437658429145813, -0.047112707048654556, 1.0069580078125], [0.0647144690155983, 0.037976354360580444, -0.9971809983253479, 1.5603294372558594], [-0.3515883982181549, -0.9343313574790955, -0.0583999902009964, -0.1109619140625], [0.0, 0.0, 0.0, 1.0]]], "view": [[0.0, -2.0, 100.0], [-2.0, 0.0, 100.0], [0.0, 0.0, 1.0]], "bev": "bev_fa227d3a783a4d86908d55adc94da3c6.png", "aux": "aux_fa227d3a783a4d86908d55adc94da3c6.npz", "visibility": "visibility_fa227d3a783a4d86908d55adc94da3c6.png", "pose": [[0.6807083487510681, 0.73255455493927, 0.0, 750.0178833007812], [-0.73255455493927, 0.6807083487510681, 0.0, 949.7343139648438], [0.0, 0.0, 1.0, 0.0], [0.0, 0.0, 0.0, 1.0]], "pose_inverse": [[0.6807083487510681, -0.73255455493927, 0.0, 185.18875122070312], [0.73255455493927, 0.6807083487510681, 0.0, -1195.9210205078125], [0.0, 0.0, 1.0, 0.0], [0.0, 0.0, 0.0, 1.0]], "cam_ids": [0, 1, 2, 3, 4, 5], "cam_channels": ["CAM_FRONT_LEFT", "CAM_FRONT", "CAM_FRONT_RIGHT", "CAM_BACK_LEFT", "CAM_BACK", "CAM_BACK_RIGHT"], "token": "fa227d3a783a4d86908d55adc94da3c6", "scene": "scene-0053"}, {"images": ["samples/CAM_FRONT_LEFT/n015-2018-07-24-11-13-19+0800__CAM_FRONT_LEFT__1532402420004844.jpg", "samples/CAM_FRONT/n015-2018-07-24-11-13-19+0800__CAM_FRONT__1532402420012460.jpg", "samples/CAM_FRONT_RIGHT/n015-2018-07-24-11-13-19+0800__CAM_FRONT_RIGHT__1532402420020339.jpg", "samples/CAM_BACK_LEFT/n015-2018-07-24-11-13-19+0800__CAM_BACK_LEFT__1532402420047423.jpg", "samples/CAM_BACK/n015-2018-07-24-11-13-19+0800__CAM_BACK__1532402420038117.jpg", "samples/CAM_BACK_RIGHT/n015-2018-07-24-11-13-19+0800__CAM_BACK_RIGHT__1532402420027893.jpg"], "intrinsics": [[[1272.5979470598488, 0.0, 826.6154927353808], [0.0, 1272.5979470598488, 479.75165386361925], [0.0, 0.0, 1.0]], [[1266.417203046554, 0.0, 816.2670197447984], [0.0, 1266.417203046554, 491.50706579294757], [0.0, 0.0, 1.0]], [[1260.8474446004698, 0.0, 807.968244525554], [0.0, 1260.8474446004698, 495.3344268742088], [0.0, 0.0, 1.0]], [[1256.7414812095406, 0.0, 792.1125740759628], [0.0, 1256.7414812095406, 492.7757465151356], [0.0, 0.0, 1.0]], [[809.2209905677063, 0.0, 829.2196003259838], [0.0, 809.2209905677063, 481.77842384512485], [0.0, 0.0, 1.0]], [[1259.5137405846733, 0.0, 807.2529053838625], [0.0, 1259.5137405846733, 501.19579884916527], [0.0, 0.0, 1.0]]], "extrinsics": [[[0.8217446804046631, -0.5695348381996155, 0.019122976809740067, -0.7022705078125], [0.04545009508728981, 0.03205247223377228, -0.9984522461891174, 1.5226249694824219], [0.5680403709411621, 0.8213421106338501, 0.05222436040639877, -1.10150146484375], [0.0, 0.0, 0.0, 1.0]], [[0.008358919993042946, -0.999579906463623, -0.027747735381126404, 0.00927734375], [0.04023557901382446, 0.02806244045495987, -0.9987961053848267, 1.5310077667236328], [0.9991552233695984, 0.007232383359223604, 0.04045324772596359, -1.43072509765625], [0.0, 0.0, 0.0, 1.0]], [[-0.8303304314613342, -0.5536608099937439, -0.06333279609680176, 0.864013671875], [0.045875776559114456, 0.045350559055805206, -0.9979171752929688, 1.512908935546875], [0.5553798675537109, -0.8315064907073975, -0.012256329879164696, -1.1339111328125], [0.0, 0.0, 0.0, 1.0]], [[0.9462090134620667, 0.3184714913368225, 0.05713484808802605, -1.13720703125], [0.05503560230135918, 0.015593570657074451, -0.9983626008033752, 1.588846206665039], [-0.31884095072746277, 0.9478042125701904, -0.0027724914252758026, -0.1055908203125], [0.0, 0.0, 0.0, 1.0]], [[0.0010662589920684695, 0.9996771216392517, 0.02538728341460228, 0.0020751953125], [0.02941063418984413, 0.025344964116811752, -0.9992460608482361, 1.5814952850341797], [-0.9995667934417725, 0.0018121281173080206, -0.02937411516904831, -0.0715179443359375], [0.0, 0.0, 0.0, 1.0]], [[-0.9339991807937622, 0.3546152710914612, -0.04351503774523735, 0.99737548828125], [0.06182152032852173, 0.04045266658067703, -0.9972671270370483, 1.5605506896972656], [-0.3518858253955841, -0.9341369271278381, -0.05970561131834984, -0.1143798828125], [0.0, 0.0, 0.0, 1.0]]], "view": [[0.0, -2.0, 100.0], [-2.0, 0.0, 100.0], [0.0, 0.0, 1.0]], "bev": "bev_11eeb4453b844cca84a5e5a6d6e54558.png", "aux": "aux_11eeb4453b844cca84a5e5a6d6e54558.npz", "visibility": "visibility_11eeb4453b844cca84a5e5a6d6e54558.png", "pose": [[0.6644877791404724, 0.7472991347312927, 0.0, 752.4381713867188], [-0.7472991347312927, 0.6644877791404724, 0.0, 947.0399169921875], [0.0, 0.0, 1.0, 0.0], [0.0, 0.0, 0.0, 1.0]], "pose_inverse": [[0.6644877791404724, -0.7472991347312927, 0.0, 207.73614501953125], [0.7472991347312927, 0.6644877791404724, 0.0, -1191.5928955078125], [0.0, 0.0, 1.0, 0.0], [0.0, 0.0, 0.0, 1.0]], "cam_ids": [0, 1, 2, 3, 4, 5], "cam_channels": ["CAM_FRONT_LEFT", "CAM_FRONT", "CAM_FRONT_RIGHT", "CAM_BACK_LEFT", "CAM_BACK", "CAM_BACK_RIGHT"], "token": "11eeb4453b844cca84a5e5a6d6e54558", "scene": "scene-0053"}, {"images": ["samples/CAM_FRONT_LEFT/n015-2018-07-24-11-13-19+0800__CAM_FRONT_LEFT__1532402420604844.jpg", "samples/CAM_FRONT/n015-2018-07-24-11-13-19+0800__CAM_FRONT__1532402420612460.jpg", "samples/CAM_FRONT_RIGHT/n015-2018-07-24-11-13-19+0800__CAM_FRONT_RIGHT__1532402420620339.jpg", "samples/CAM_BACK_LEFT/n015-2018-07-24-11-13-19+0800__CAM_BACK_LEFT__1532402420647423.jpg", "samples/CAM_BACK/n015-2018-07-24-11-13-19+0800__CAM_BACK__1532402420637525.jpg", "samples/CAM_BACK_RIGHT/n015-2018-07-24-11-13-19+0800__CAM_BACK_RIGHT__1532402420627893.jpg"], "intrinsics": [[[1272.5979470598488, 0.0, 826.6154927353808], [0.0, 1272.5979470598488, 479.75165386361925], [0.0, 0.0, 1.0]], [[1266.417203046554, 0.0, 816.2670197447984], [0.0, 1266.417203046554, 491.50706579294757], [0.0, 0.0, 1.0]], [[1260.8474446004698, 0.0, 807.968244525554], [0.0, 1260.8474446004698, 495.3344268742088], [0.0, 0.0, 1.0]], [[1256.7414812095406, 0.0, 792.1125740759628], [0.0, 1256.7414812095406, 492.7757465151356], [0.0, 0.0, 1.0]], [[809.2209905677063, 0.0, 829.2196003259838], [0.0, 809.2209905677063, 481.77842384512485], [0.0, 0.0, 1.0]], [[1259.5137405846733, 0.0, 807.2529053838625], [0.0, 1259.5137405846733, 501.19579884916527], [0.0, 0.0, 1.0]]], "extrinsics": [[[0.8219207525253296, -0.5695728659629822, -0.0057487208396196365, -0.6878662109375], [0.030829893425107002, 0.054562196135520935, -0.9980342984199524, 1.5183830261230469], [0.5687668919563293, 0.8201278448104858, 0.062405671924352646, -1.0926513671875], [0.0, 0.0, 0.0, 1.0]], [[0.007927917875349522, -0.9986972212791443, -0.050407811999320984, 0.010009765625], [0.02541004680097103, 0.05059432238340378, -0.9983960390090942, 1.5274162292480469], [0.9996455907821655, 0.006634410936385393, 0.025778047740459442, -1.415740966796875], [0.0, 0.0, 0.0, 1.0]], [[-0.8311960101127625, -0.5523625016212463, -0.06331512331962585, 0.85357666015625], [0.030855510383844376, 0.06787554919719696, -0.997216522693634, 1.5101699829101562], [0.5551224946975708, -0.8308359980583191, -0.0393744632601738, -1.12646484375], [0.0, 0.0, 0.0, 1.0]], [[0.9470171332359314, 0.3173598349094391, 0.049407877027988434, -1.1333160400390625], [0.03936169669032097, 0.03799370303750038, -0.9985024333000183, 1.5889244079589844], [-0.31876179575920105, 0.947543740272522, 0.023488866165280342, -0.10693359375], [0.0, 0.0, 0.0, 1.0]], [[0.001481391373090446, 0.9988523125648499, 0.0478728786110878, 0.001953125], [0.013955091126263142, 0.047847624868154526, -0.9987571835517883, 1.5804939270019531], [-0.999901533126831, 0.002147513208910823, -0.01386819314211607, -0.0832977294921875], [0.0, 0.0, 0.0, 1.0]], [[-0.93454909324646, 0.35519829392433167, -0.021260160952806473, 0.98712158203125], [0.046615686267614365, 0.06297847628593445, -0.9969256520271301, 1.5587387084960938], [-0.35276737809181213, -0.932667076587677, -0.07541429251432419, -0.1180419921875], [0.0, 0.0, 0.0, 1.0]]], "view": [[0.0, -2.0, 100.0], [-2.0, 0.0, 100.0], [0.0, 0.0, 1.0]], "bev": "bev_abef64ffeac14a93932d9940ce1071e0.png", "aux": "aux_abef64ffeac14a93932d9940ce1071e0.npz", "visibility": "visibility_abef64ffeac14a93932d9940ce1071e0.png", "pose": [[0.6427057385444641, 0.7661131024360657, 0.0, 755.3428955078125], [-0.7661131024360657, 0.6427057385444641, 0.0, 943.6099243164062], [0.0, 0.0, 1.0, 0.0], [0.0, 0.0, 0.0, 1.0]], "pose_inverse": [[0.6427057385444641, -0.7661131024360657, 0.0, 237.44873046875], [0.7661131024360657, 0.6427057385444641, 0.0, -1185.1416015625], [0.0, 0.0, 1.0, 0.0], [0.0, 0.0, 0.0, 1.0]], "cam_ids": [0, 1, 2, 3, 4, 5], "cam_channels": ["CAM_FRONT_LEFT", "CAM_FRONT", "CAM_FRONT_RIGHT", "CAM_BACK_LEFT", "CAM_BACK", "CAM_BACK_RIGHT"], "token": "abef64ffeac14a93932d9940ce1071e0", "scene": "scene-0053"}, {"images": ["samples/CAM_FRONT_LEFT/n015-2018-07-24-11-13-19+0800__CAM_FRONT_LEFT__1532402421104844.jpg", "samples/CAM_FRONT/n015-2018-07-24-11-13-19+0800__CAM_FRONT__1532402421112460.jpg", "samples/CAM_FRONT_RIGHT/n015-2018-07-24-11-13-19+0800__CAM_FRONT_RIGHT__1532402421120339.jpg", "samples/CAM_BACK_LEFT/n015-2018-07-24-11-13-19+0800__CAM_BACK_LEFT__1532402421147423.jpg", "samples/CAM_BACK/n015-2018-07-24-11-13-19+0800__CAM_BACK__1532402421137525.jpg", "samples/CAM_BACK_RIGHT/n015-2018-07-24-11-13-19+0800__CAM_BACK_RIGHT__1532402421127893.jpg"], "intrinsics": [[[1272.5979470598488, 0.0, 826.6154927353808], [0.0, 1272.5979470598488, 479.75165386361925], [0.0, 0.0, 1.0]], [[1266.417203046554, 0.0, 816.2670197447984], [0.0, 1266.417203046554, 491.50706579294757], [0.0, 0.0, 1.0]], [[1260.8474446004698, 0.0, 807.968244525554], [0.0, 1260.8474446004698, 495.3344268742088], [0.0, 0.0, 1.0]], [[1256.7414812095406, 0.0, 792.1125740759628], [0.0, 1256.7414812095406, 492.7757465151356], [0.0, 0.0, 1.0]], [[809.2209905677063, 0.0, 829.2196003259838], [0.0, 809.2209905677063, 481.77842384512485], [0.0, 0.0, 1.0]], [[1259.5137405846733, 0.0, 807.2529053838625], [0.0, 1259.5137405846733, 501.19579884916527], [0.0, 0.0, 1.0]]], "extrinsics": [[[0.8220174908638, -0.5694394111633301, -0.005098054651170969, -0.6563720703125], [0.03064763732254505, 0.053177449852228165, -0.9981146454811096, 1.5198707580566406], [0.568636953830719, 0.820311427116394, 0.061164770275354385, -1.06475830078125], [0.0, 0.0, 0.0, 1.0]], [[0.00809207558631897, -0.9987805485725403, -0.048701681196689606, 0.00634765625], [0.025424113497138023, 0.0488930270075798, -0.9984804391860962, 1.5285148620605469], [0.9996439218521118, 0.006841491907835007, 0.025788752362132072, -1.380767822265625], [0.0, 0.0, 0.0, 1.0]], [[-0.8310974836349487, -0.5526173710823059, -0.062377482652664185, 0.8284912109375], [0.03106898069381714, 0.06585126370191574, -0.9973456263542175, 1.5112991333007812], [0.5552581548690796, -0.8308295011520386, -0.03755956143140793, -1.1136474609375], [0.0, 0.0, 0.0, 1.0]], [[0.9469730854034424, 0.3175753355026245, 0.04886530339717865, -1.1288070678710938], [0.03986147418618202, 0.03479210287332535, -0.9985992908477783, 1.5891227722167969], [-0.31883060932159424, 0.9475945234298706, 0.020288169384002686, -0.1080322265625], [0.0, 0.0, 0.0, 1.0]], [[0.0013461370253935456, 0.998984158039093, 0.04504154622554779, 0.003173828125], [0.014424013905227184, 0.04501749947667122, -0.9988820552825928, 1.5807838439941406], [-0.9998949766159058, 0.001994367456063628, -0.014348763041198254, -0.096435546875], [0.0, 0.0, 0.0, 1.0]], [[-0.9345905780792236, 0.35501670837402344, -0.022437725216150284, 0.9678955078125], [0.04696571081876755, 0.060622647404670715, -0.9970552325248718, 1.5599479675292969], [-0.35261115431785583, -0.9328922033309937, -0.07333098351955414, -0.12786865234375], [0.0, 0.0, 0.0, 1.0]]], "view": [[0.0, -2.0, 100.0], [-2.0, 0.0, 100.0], [0.0, 0.0, 1.0]], "bev": "bev_f332e0493def4d719237a43dbd7c667f.png", "aux": "aux_f332e0493def4d719237a43dbd7c667f.npz", "visibility": "visibility_f332e0493def4d719237a43dbd7c667f.png", "pose": [[0.6206825971603394, 0.7840619087219238, 0.0, 757.8611450195312], [-0.7840619087219238, 0.6206825971603394, 0.0, 940.4588623046875], [0.0, 0.0, 1.0, 0.0], [0.0, 0.0, 0.0, 1.0]], "pose_inverse": [[0.6206825971603394, -0.7840619087219238, 0.0, 266.9867248535156], [0.7840619087219238, 0.6206825971603394, 0.0, -1177.9365234375], [0.0, 0.0, 1.0, 0.0], [0.0, 0.0, 0.0, 1.0]], "cam_ids": [0, 1, 2, 3, 4, 5], "cam_channels": ["CAM_FRONT_LEFT", "CAM_FRONT", "CAM_FRONT_RIGHT", "CAM_BACK_LEFT", "CAM_BACK", "CAM_BACK_RIGHT"], "token": "f332e0493def4d719237a43dbd7c667f", "scene": "scene-0053"}, {"images": ["samples/CAM_FRONT_LEFT/n015-2018-07-24-11-13-19+0800__CAM_FRONT_LEFT__1532402421604844.jpg", "samples/CAM_FRONT/n015-2018-07-24-11-13-19+0800__CAM_FRONT__1532402421612460.jpg", "samples/CAM_FRONT_RIGHT/n015-2018-07-24-11-13-19+0800__CAM_FRONT_RIGHT__1532402421620339.jpg", "samples/CAM_BACK_LEFT/n015-2018-07-24-11-13-19+0800__CAM_BACK_LEFT__1532402421647423.jpg", "samples/CAM_BACK/n015-2018-07-24-11-13-19+0800__CAM_BACK__1532402421637525.jpg", "samples/CAM_BACK_RIGHT/n015-2018-07-24-11-13-19+0800__CAM_BACK_RIGHT__1532402421627897.jpg"], "intrinsics": [[[1272.5979470598488, 0.0, 826.6154927353808], [0.0, 1272.5979470598488, 479.75165386361925], [0.0, 0.0, 1.0]], [[1266.417203046554, 0.0, 816.2670197447984], [0.0, 1266.417203046554, 491.50706579294757], [0.0, 0.0, 1.0]], [[1260.8474446004698, 0.0, 807.968244525554], [0.0, 1260.8474446004698, 495.3344268742088], [0.0, 0.0, 1.0]], [[1256.7414812095406, 0.0, 792.1125740759628], [0.0, 1256.7414812095406, 492.7757465151356], [0.0, 0.0, 1.0]], [[809.2209905677063, 0.0, 829.2196003259838], [0.0, 809.2209905677063, 481.77842384512485], [0.0, 0.0, 1.0]], [[1259.5137405846733, 0.0, 807.2529053838625], [0.0, 1259.5137405846733, 501.19579884916527], [0.0, 0.0, 1.0]]], "extrinsics": [[[0.8228902220726013, -0.5682001113891602, 0.0005625106859952211, -0.64825439453125], [0.027050118893384933, 0.03818616271018982, -0.9989044070243835, 1.5185356140136719], [0.5675561428070068, 0.822003960609436, 0.046792902052402496, -1.06427001953125], [0.0, 0.0, 0.0, 1.0]], [[0.00930117443203926, -0.9993869662284851, -0.033750906586647034, 0.009765625], [0.021330807358026505, 0.03394298255443573, -0.9991961121559143, 1.5272350311279297], [0.9997292160987854, 0.008573705330491066, 0.021633438766002655, -1.375213623046875], [0.0, 0.0, 0.0, 1.0]], [[-0.830690324306488, -0.5544564723968506, -0.050313446670770645, 0.826507568359375], [0.026441246271133423, 0.05097951367497444, -0.9983496069908142, 1.5101470947265625], [0.5561063289642334, -0.8306498527526855, -0.0276876762509346, -1.1092529296875], [0.0, 0.0, 0.0, 1.0]], [[0.9470165967941284, 0.31890785694122314, 0.038173723965883255, -1.12982177734375], [0.03354278579354286, 0.020002715289592743, -0.999237060546875, 1.588994026184082], [-0.31942814588546753, 0.9475745558738708, 0.008245845325291157, -0.10791015625], [0.0, 0.0, 0.0, 1.0]], [[0.0006869490025565028, 0.9995436072349548, 0.030202627182006836, 0.0023193359375], [0.008743513375520706, 0.03019547276198864, -0.9995057582855225, 1.5802078247070312], [-0.9999615550041199, 0.0009506625356152654, -0.008718782104551792, -0.097320556640625], [0.0, 0.0, 0.0, 1.0]], [[-0.935073971748352, 0.35370561480522156, -0.022998826578259468, 0.96484375], [0.04187559708952904, 0.04580727592110634, -0.9980722069740295, 1.5590591430664062], [-0.35197019577026367, -0.9342344999313354, -0.05764482542872429, -0.12701416015625], [0.0, 0.0, 0.0, 1.0]]], "view": [[0.0, -2.0, 100.0], [-2.0, 0.0, 100.0], [0.0, 0.0, 1.0]], "bev": "bev_9aeed065acc54f9fb6a7b50b8d4058c9.png", "aux": "aux_9aeed065acc54f9fb6a7b50b8d4058c9.npz", "visibility": "visibility_9aeed065acc54f9fb6a7b50b8d4058c9.png", "pose": [[0.5920972228050232, 0.805866539478302, 0.0, 760.4603881835938], [-0.805866539478302, 0.5920972228050232, 0.0, 936.9935302734375], [0.0, 0.0, 1.0, 0.0], [0.0, 0.0, 0.0, 1.0]], "pose_inverse": [[0.5920972228050232, -0.805866539478302, 0.0, 304.8252868652344], [0.805866539478302, 0.5920972228050232, 0.0, -1167.620849609375], [0.0, 0.0, 1.0, 0.0], [0.0, 0.0, 0.0, 1.0]], "cam_ids": [0, 1, 2, 3, 4, 5], "cam_channels": ["CAM_FRONT_LEFT", "CAM_FRONT", "CAM_FRONT_RIGHT", "CAM_BACK_LEFT", "CAM_BACK", "CAM_BACK_RIGHT"], "token": "9aeed065acc54f9fb6a7b50b8d4058c9", "scene": "scene-0053"}, {"images": ["samples/CAM_FRONT_LEFT/n015-2018-07-24-11-13-19+0800__CAM_FRONT_LEFT__1532402422104844.jpg", "samples/CAM_FRONT/n015-2018-07-24-11-13-19+0800__CAM_FRONT__1532402422112460.jpg", "samples/CAM_FRONT_RIGHT/n015-2018-07-24-11-13-19+0800__CAM_FRONT_RIGHT__1532402422120339.jpg", "samples/CAM_BACK_LEFT/n015-2018-07-24-11-13-19+0800__CAM_BACK_LEFT__1532402422147423.jpg", "samples/CAM_BACK/n015-2018-07-24-11-13-19+0800__CAM_BACK__1532402422137525.jpg", "samples/CAM_BACK_RIGHT/n015-2018-07-24-11-13-19+0800__CAM_BACK_RIGHT__1532402422127893.jpg"], "intrinsics": [[[1272.5979470598488, 0.0, 826.6154927353808], [0.0, 1272.5979470598488, 479.75165386361925], [0.0, 0.0, 1.0]], [[1266.417203046554, 0.0, 816.2670197447984], [0.0, 1266.417203046554, 491.50706579294757], [0.0, 0.0, 1.0]], [[1260.8474446004698, 0.0, 807.968244525554], [0.0, 1260.8474446004698, 495.3344268742088], [0.0, 0.0, 1.0]], [[1256.7414812095406, 0.0, 792.1125740759628], [0.0, 1256.7414812095406, 492.7757465151356], [0.0, 0.0, 1.0]], [[809.2209905677063, 0.0, 829.2196003259838], [0.0, 809.2209905677063, 481.77842384512485], [0.0, 0.0, 1.0]], [[1259.5137405846733, 0.0, 807.2529053838625], [0.0, 1259.5137405846733, 501.19579884916527], [0.0, 0.0, 1.0]]], "extrinsics": [[[0.8224421739578247, -0.5688294172286987, 0.0046762870624661446, -0.63482666015625], [0.02591194398701191, 0.02925017662346363, -0.9992362260818481, 1.5186004638671875], [0.5682581067085266, 0.82193523645401, 0.03879605606198311, -1.05328369140625], [0.0, 0.0, 0.0, 1.0]], [[0.008541450835764408, -0.9996532201766968, -0.024908483028411865, 0.0086669921875], [0.020671973004937172, 0.025080591440200806, -0.9994716644287109, 1.5273494720458984], [0.9997497797012329, 0.008022068999707699, 0.020879030227661133, -1.36151123046875], [0.0, 0.0, 0.0, 1.0]], [[-0.8310658931732178, -0.5543263554573059, -0.04529671370983124, 0.817840576171875], [0.026292990893125534, 0.04219444841146469, -0.998763382434845, 1.5104103088378906], [0.5555521249771118, -0.8312291502952576, -0.02049146592617035, -1.1044921875], [0.0, 0.0, 0.0, 1.0]], [[0.9471535086631775, 0.318659245967865, 0.03683168813586235, -1.1301002502441406], [0.03489284589886665, 0.01179258432239294, -0.999321460723877, 1.5890002250671387], [-0.31887736916542053, 0.9477959871292114, 5.0460610509617254e-05, -0.10791015625], [0.0, 0.0, 0.0, 1.0]], [[0.0012647201074287295, 0.9997621178627014, 0.02177540957927704, 0.0025634765625], [0.009568811394274235, 0.021762333810329437, -0.9997174143791199, 1.5803260803222656], [-0.9999533891677856, 0.0014727271627634764, -0.009539011865854263, -0.1004638671875], [0.0, 0.0, 0.0, 1.0]], [[-0.9348534941673279, 0.35405582189559937, -0.026335356757044792, 0.95892333984375], [0.0421871617436409, 0.03712712228298187, -0.9984196424484253, 1.5594215393066406], [-0.3525184690952301, -0.9344870448112488, -0.04964502528309822, -0.12994384765625], [0.0, 0.0, 0.0, 1.0]]], "view": [[0.0, -2.0, 100.0], [-2.0, 0.0, 100.0], [0.0, 0.0, 1.0]], "bev": "bev_12e97a45b04f4f77bc0f921e7a29db4f.png", "aux": "aux_12e97a45b04f4f77bc0f921e7a29db4f.npz", "visibility": "visibility_12e97a45b04f4f77bc0f921e7a29db4f.png", "pose": [[0.5658858418464661, 0.8244836330413818, 0.0, 763.0326538085938], [-0.8244836330413818, 0.5658858418464661, 0.0, 933.3323364257812], [0.0, 0.0, 1.0, 0.0], [0.0, 0.0, 0.0, 1.0]], "pose_inverse": [[0.5658858418464661, -0.8244836330413818, 0.0, 337.72784423828125], [0.8244836330413818, 0.5658858418464661, 0.0, -1157.2674560546875], [0.0, 0.0, 1.0, 0.0], [0.0, 0.0, 0.0, 1.0]], "cam_ids": [0, 1, 2, 3, 4, 5], "cam_channels": ["CAM_FRONT_LEFT", "CAM_FRONT", "CAM_FRONT_RIGHT", "CAM_BACK_LEFT", "CAM_BACK", "CAM_BACK_RIGHT"], "token": "12e97a45b04f4f77bc0f921e7a29db4f", "scene": "scene-0053"}, {"images": ["samples/CAM_FRONT_LEFT/n015-2018-07-24-11-13-19+0800__CAM_FRONT_LEFT__1532402422654844.jpg", "samples/CAM_FRONT/n015-2018-07-24-11-13-19+0800__CAM_FRONT__1532402422662460.jpg", "samples/CAM_FRONT_RIGHT/n015-2018-07-24-11-13-19+0800__CAM_FRONT_RIGHT__1532402422670339.jpg", "samples/CAM_BACK_LEFT/n015-2018-07-24-11-13-19+0800__CAM_BACK_LEFT__1532402422697423.jpg", "samples/CAM_BACK/n015-2018-07-24-11-13-19+0800__CAM_BACK__1532402422687525.jpg", "samples/CAM_BACK_RIGHT/n015-2018-07-24-11-13-19+0800__CAM_BACK_RIGHT__1532402422677893.jpg"], "intrinsics": [[[1272.5979470598488, 0.0, 826.6154927353808], [0.0, 1272.5979470598488, 479.75165386361925], [0.0, 0.0, 1.0]], [[1266.417203046554, 0.0, 816.2670197447984], [0.0, 1266.417203046554, 491.50706579294757], [0.0, 0.0, 1.0]], [[1260.8474446004698, 0.0, 807.968244525554], [0.0, 1260.8474446004698, 495.3344268742088], [0.0, 0.0, 1.0]], [[1256.7414812095406, 0.0, 792.1125740759628], [0.0, 1256.7414812095406, 492.7757465151356], [0.0, 0.0, 1.0]], [[809.2209905677063, 0.0, 829.2196003259838], [0.0, 809.2209905677063, 481.77842384512485], [0.0, 0.0, 1.0]], [[1259.5137405846733, 0.0, 807.2529053838625], [0.0, 1259.5137405846733, 501.19579884916527], [0.0, 0.0, 1.0]]], "extrinsics": [[[0.8225454688072205, -0.5686935782432556, 0.002543022856116295, -0.6396484375], [0.018508899956941605, 0.022301040589809418, -0.9995799660682678, 1.5155601501464844], [0.5683979988098145, 0.8222470283508301, 0.028869513422250748, -1.0556640625], [0.0, 0.0, 0.0, 1.0]], [[0.008451752364635468, -0.999803364276886, -0.017934437841176987, 0.008056640625], [0.013045408762991428, 0.018043795600533485, -0.9997521042823792, 1.524785041809082], [0.9998791813850403, 0.008215761743485928, 0.013195347040891647, -1.365966796875], [0.0, 0.0, 0.0, 1.0]], [[-0.8313872814178467, -0.5546019077301025, -0.034810420125722885, 0.820465087890625], [0.018423007801175117, 0.03509977459907532, -0.9992139339447021, 1.5083332061767578], [0.5553878545761108, -0.8313751220703125, -0.018964070826768875, -1.1068115234375], [0.0, 0.0, 0.0, 1.0]], [[0.9474056959152222, 0.3189593553543091, 0.02621493861079216, -1.134486198425293], [0.02624809928238392, 0.004195129033178091, -0.9996466636657715, 1.5887742042541504], [-0.3189567029476166, 0.9477590322494507, -0.004397589713335037, -0.1064453125], [0.0, 0.0, 0.0, 1.0]], [[0.001473470008932054, 0.9998950958251953, 0.014412501826882362, 0.0028076171875], [0.0011988419573754072, 0.014410741627216339, -0.999895453453064, 1.5794763565063477], [-0.9999982118606567, 0.0014906571013852954, -0.001177480909973383, -0.09716796875], [0.0, 0.0, 0.0, 1.0]], [[-0.9350208044052124, 0.3539533019065857, -0.02128850296139717, 0.96185302734375], [0.03408753499388695, 0.02996435947716236, -0.998969554901123, 1.5578022003173828], [-0.35295066237449646, -0.9347829222679138, -0.04008268937468529, -0.1292724609375], [0.0, 0.0, 0.0, 1.0]]], "view": [[0.0, -2.0, 100.0], [-2.0, 0.0, 100.0], [0.0, 0.0, 1.0]], "bev": "bev_7fbff5b845284e48b1fbf2332f5f0a44.png", "aux": "aux_7fbff5b845284e48b1fbf2332f5f0a44.npz", "visibility": "visibility_7fbff5b845284e48b1fbf2332f5f0a44.png", "pose": [[0.5371863842010498, 0.8434635400772095, 0.0, 765.7872924804688], [-0.8434635400772095, 0.5371863842010498, 0.0, 929.1318359375], [0.0, 0.0, 1.0, 0.0], [0.0, 0.0, 0.0, 1.0]], "pose_inverse": [[0.5371863842010498, -0.8434635400772095, 0.0, 372.3183288574219], [0.8434635400772095, 0.5371863842010498, 0.0, -1145.0306396484375], [0.0, 0.0, 1.0, 0.0], [0.0, 0.0, 0.0, 1.0]], "cam_ids": [0, 1, 2, 3, 4, 5], "cam_channels": ["CAM_FRONT_LEFT", "CAM_FRONT", "CAM_FRONT_RIGHT", "CAM_BACK_LEFT", "CAM_BACK", "CAM_BACK_RIGHT"], "token": "7fbff5b845284e48b1fbf2332f5f0a44", "scene": "scene-0053"}, {"images": ["samples/CAM_FRONT_LEFT/n015-2018-07-24-11-13-19+0800__CAM_FRONT_LEFT__1532402423154844.jpg", "samples/CAM_FRONT/n015-2018-07-24-11-13-19+0800__CAM_FRONT__1532402423162460.jpg", "samples/CAM_FRONT_RIGHT/n015-2018-07-24-11-13-19+0800__CAM_FRONT_RIGHT__1532402423170339.jpg", "samples/CAM_BACK_LEFT/n015-2018-07-24-11-13-19+0800__CAM_BACK_LEFT__1532402423197423.jpg", "samples/CAM_BACK/n015-2018-07-24-11-13-19+0800__CAM_BACK__1532402423187525.jpg", "samples/CAM_BACK_RIGHT/n015-2018-07-24-11-13-19+0800__CAM_BACK_RIGHT__1532402423177893.jpg"], "intrinsics": [[[1272.5979470598488, 0.0, 826.6154927353808], [0.0, 1272.5979470598488, 479.75165386361925], [0.0, 0.0, 1.0]], [[1266.417203046554, 0.0, 816.2670197447984], [0.0, 1266.417203046554, 491.50706579294757], [0.0, 0.0, 1.0]], [[1260.8474446004698, 0.0, 807.968244525554], [0.0, 1260.8474446004698, 495.3344268742088], [0.0, 0.0, 1.0]], [[1256.7414812095406, 0.0, 792.1125740759628], [0.0, 1256.7414812095406, 492.7757465151356], [0.0, 0.0, 1.0]], [[809.2209905677063, 0.0, 829.2196003259838], [0.0, 809.2209905677063, 481.77842384512485], [0.0, 0.0, 1.0]], [[1259.5137405846733, 0.0, 807.2529053838625], [0.0, 1259.5137405846733, 501.19579884916527], [0.0, 0.0, 1.0]]], "extrinsics": [[[0.822296679019928, -0.5690577626228333, 0.0011752672726288438, -0.62994384765625], [0.012727598659694195, 0.016326719895005226, -0.9997857213020325, 1.5134191513061523], [0.5689165592193604, 0.8221354484558105, 0.02066814713180065, -1.04913330078125], [0.0, 0.0, 0.0, 1.0]], [[0.008004523813724518, -0.9998914003372192, -0.012372561730444431, 0.0081787109375], [0.007551887072622776, 0.012433052994310856, -0.9998942017555237, 1.5230607986450195], [0.9999393820762634, 0.007910188287496567, 0.007650586776435375, -1.35662841796875], [0.0, 0.0, 0.0, 1.0]], [[-0.8317051529884338, -0.5545324683189392, -0.027572039514780045, 0.814666748046875], [0.013257686048746109, 0.029810475185513496, -0.9994676113128662, 1.5071029663085938], [0.5550591349601746, -0.8316279649734497, -0.017441710457205772, -1.1029052734375], [0.0, 0.0, 0.0, 1.0]], [[0.9475532174110413, 0.3189009726047516, 0.021096447482705116, -1.1343402862548828], [0.022402435541152954, -0.00042755831964313984, -0.999748945236206, 1.5887384414672852], [-0.31881189346313477, 0.9477879405021667, -0.007549292407929897, -0.106201171875], [0.0, 0.0, 0.0, 1.0]], [[0.0016696946695446968, 0.9999526739120483, 0.00958296936005354, 0.0028076171875], [-0.003191934432834387, 0.009588262066245079, -0.9999489188194275, 1.5790328979492188], [-0.9999935030937195, 0.0016390647506341338, 0.00320779252797365