[{"images": ["samples/CAM_FRONT_LEFT/n008-2018-08-28-16-43-51-0400__CAM_FRONT_LEFT__1535489296004799.jpg", "samples/CAM_FRONT/n008-2018-08-28-16-43-51-0400__CAM_FRONT__1535489296012404.jpg", "samples/CAM_FRONT_RIGHT/n008-2018-08-28-16-43-51-0400__CAM_FRONT_RIGHT__1535489296020482.jpg", "samples/CAM_BACK_LEFT/n008-2018-08-28-16-43-51-0400__CAM_BACK_LEFT__1535489296047405.jpg", "samples/CAM_BACK/n008-2018-08-28-16-43-51-0400__CAM_BACK__1535489296037558.jpg", "samples/CAM_BACK_RIGHT/n008-2018-08-28-16-43-51-0400__CAM_BACK_RIGHT__1535489296028113.jpg"], "intrinsics": [[[1257.8625342125129, 0.0, 827.2410631095686], [0.0, 1257.8625342125129, 450.915498205774], [0.0, 0.0, 1.0]], [[1252.8131021185304, 0.0, 826.588114781398], [0.0, 1252.8131021185304, 469.9846626224581], [0.0, 0.0, 1.0]], [[1256.7485116440405, 0.0, 817.7887570959712], [0.0, 1256.7485116440403, 451.9541780095127], [0.0, 0.0, 1.0]], [[1254.9860565800168, 0.0, 829.5769333630991], [0.0, 1254.9860565800168, 467.1680561863987], [0.0, 0.0, 1.0]], [[796.8910634503094, 0.0, 857.7774326863696], [0.0, 796.8910634503094, 476.8848988407415], [0.0, 0.0, 1.0]], [[1249.9629280788233, 0.0, 825.3768045375984], [0.0, 1249.9629280788233, 462.54816385708756], [0.0, 0.0, 1.0]]], "extrinsics": [[[0.8224907517433167, -0.5686345100402832, 0.012800581753253937, -1.0050048828125], [0.0161857008934021, 0.0009033767855726182, -0.999868631362915, 1.4882936477661133], [0.5685482621192932, 0.8225898146629333, 0.009946766309440136, -1.3333740234375], [0.0, 0.0, 0.0, 1.0]], [[0.010281557217240334, -0.9999412894248962, 0.0033963238820433617, 0.00537109375], [0.018136486411094666, -0.003209464717656374, -0.999830424785614, 1.480163335800171], [0.9997826814651489, 0.010341471061110497, 0.018102426081895828, -1.734771728515625], [0.0, 0.0, 0.0, 1.0]], [[-0.8438382744789124, -0.5363680124282837, -0.015693604946136475, 1.0906982421875], [0.026152487844228745, -0.011897331103682518, -0.9995871782302856, 1.4930715560913086], [0.5359598398208618, -0.8439004421234131, 0.024066781625151634, -1.2774658203125], [0.0, 0.0, 0.0, 1.0]], [[0.9478909969329834, 0.31858983635902405, 0.0017805518582463264, -1.14398193359375], [0.0007820676546543837, 0.0032619587145745754, -0.9999943971633911, 1.5620408058166504], [-0.3185938894748688, 0.9478870630264282, 0.0028428228106349707, -0.15625], [0.0, 0.0, 0.0, 1.0]], [[0.009206971153616905, 0.9999486207962036, -0.004231045488268137, -0.0286865234375], [0.0028964062221348286, -0.004257874563336372, -0.9999867081642151, 1.568061351776123], [-0.9999533891677856, 0.009194517508149147, -0.0029354598373174667, 0.044342041015625], [0.0, 0.0, 0.0, 1.0]], [[-0.923635721206665, 0.3828994035720825, -0.01688488759100437, 1.1607666015625], [0.00709609454497695, -0.02696300484240055, -0.9996112585067749, 1.5478134155273438], [-0.3832058012485504, -0.9233964085578918, 0.02218690514564514, -0.0438232421875], [0.0, 0.0, 0.0, 1.0]]], "view": [[0.0, -2.0, 100.0], [-2.0, 0.0, 100.0], [0.0, 0.0, 1.0]], "bev": "bev_8687ba92abd3406aa797115b874ebeba.png", "aux": "aux_8687ba92abd3406aa797115b874ebeba.npz", "visibility": "visibility_8687ba92abd3406aa797115b874ebeba.png", "pose": [[-0.7467078566551208, -0.6651521325111389, 0.0, 1316.378173828125], [0.6651521325111389, -0.7467078566551208, 0.0, 1038.5936279296875], [0.0, 0.0, 1.0, 0.0], [0.0, 0.0, 0.0, 1.0]], "pose_inverse": [[-0.7467078566551208, 0.6651521325111389, 0.0, 292.1271667480469], [-0.6651521325111389, -0.7467078566551208, 0.0, 1651.1177978515625], [0.0, 0.0, 1.0, 0.0], [0.0, 0.0, 0.0, 1.0]], "cam_ids": [0, 1, 2, 3, 4, 5], "cam_channels": ["CAM_FRONT_LEFT", "CAM_FRONT", "CAM_FRONT_RIGHT", "CAM_BACK_LEFT", "CAM_BACK", "CAM_BACK_RIGHT"], "token": "8687ba92abd3406aa797115b874ebeba", "scene": "scene-0553"}, {"images": ["samples/CAM_FRONT_LEFT/n008-2018-08-28-16-43-51-0400__CAM_FRONT_LEFT__1535489296504799.jpg", "samples/CAM_FRONT/n008-2018-08-28-16-43-51-0400__CAM_FRONT__1535489296512409.jpg", "samples/CAM_FRONT_RIGHT/n008-2018-08-28-16-43-51-0400__CAM_FRONT_RIGHT__1535489296520482.jpg", "samples/CAM_BACK_LEFT/n008-2018-08-28-16-43-51-0400__CAM_BACK_LEFT__1535489296547405.jpg", "samples/CAM_BACK/n008-2018-08-28-16-43-51-0400__CAM_BACK__1535489296537558.jpg", "samples/CAM_BACK_RIGHT/n008-2018-08-28-16-43-51-0400__CAM_BACK_RIGHT__1535489296528116.jpg"], "intrinsics": [[[1257.8625342125129, 0.0, 827.2410631095686], [0.0, 1257.8625342125129, 450.915498205774], [0.0, 0.0, 1.0]], [[1252.8131021185304, 0.0, 826.588114781398], [0.0, 1252.8131021185304, 469.9846626224581], [0.0, 0.0, 1.0]], [[1256.7485116440405, 0.0, 817.7887570959712], [0.0, 1256.7485116440403, 451.9541780095127], [0.0, 0.0, 1.0]], [[1254.9860565800168, 0.0, 829.5769333630991], [0.0, 1254.9860565800168, 467.1680561863987], [0.0, 0.0, 1.0]], [[796.8910634503094, 0.0, 857.7774326863696], [0.0, 796.8910634503094, 476.8848988407415], [0.0, 0.0, 1.0]], [[1249.9629280788233, 0.0, 825.3768045375984], [0.0, 1249.9629280788233, 462.54816385708756], [0.0, 0.0, 1.0]]], "extrinsics": [[[0.8224979043006897, -0.5686235427856445, 0.012829012237489223, -1.0050048828125], [0.016230493783950806, 0.0009184100199490786, -0.999867856502533, 1.4882941246032715], [0.568536639213562, 0.8225973844528198, 0.00998442992568016, -1.3333740234375], [0.0, 0.0, 0.0, 1.0]], [[0.010290950536727905, -0.999941349029541, 0.0033842301927506924, 0.00537109375], [0.018200121819972992, -0.003196544013917446, -0.9998292922973633, 1.4801671504974365], [0.9997813701629639, 0.010350773110985756, 0.018166158348321915, -1.734619140625], [0.0, 0.0, 0.0, 1.0]], [[-0.8438336253166199, -0.5363730788230896, -0.015769781544804573, 1.0904541015625], [0.026236100122332573, -0.01188662275671959, -0.9995850920677185, 1.4930734634399414], [0.5359631180763245, -0.84389728307724, 0.024102671071887016, -1.2774658203125], [0.0, 0.0, 0.0, 1.0]], [[0.9478907585144043, 0.3185901939868927, 0.001846745260991156, -1.1439208984375], [0.0008467604639008641, 0.0032772445119917393, -0.9999942779541016, 1.5620455741882324], [-0.3185945153236389, 0.9478868246078491, 0.0028367009945213795, -0.156005859375], [0.0, 0.0, 0.0, 1.0]], [[0.009204254485666752, 0.9999487400054932, -0.004215659573674202, -0.02880859375], [0.0029726997017860413, -0.004243182018399239, -0.9999865293502808, 1.568061351776123], [-0.9999532699584961, 0.00919157825410366, -0.003011602908372879, 0.044342041015625], [0.0, 0.0, 0.0, 1.0]], [[-0.9236363768577576, 0.38289526104927063, -0.016944844275712967, 1.16058349609375], [0.007168136537075043, -0.02694603055715561, -0.9996111989021301, 1.5478134155273438], [-0.3832029104232788, -0.9233986735343933, 0.022143688052892685, -0.043701171875], [0.0, 0.0, 0.0, 1.0]]], "view": [[0.0, -2.0, 100.0], [-2.0, 0.0, 100.0], [0.0, 0.0, 1.0]], "bev": "bev_5bbeb4e68d51413f81a370cb33ef27fb.png", "aux": "aux_5bbeb4e68d51413f81a370cb33ef27fb.npz", "visibility": "visibility_5bbeb4e68d51413f81a370cb33ef27fb.png", "pose": [[-0.7467060089111328, -0.665154218673706, 0.0, 1316.378173828125], [0.665154218673706, -0.7467060089111328, 0.0, 1038.5936279296875], [0.0, 0.0, 1.0, 0.0], [0.0, 0.0, 0.0, 1.0]], "pose_inverse": [[-0.7467060089111328, 0.665154218673706, 0.0, 292.12249755859375], [-0.665154218673706, -0.7467060089111328, 0.0, 1651.11865234375], [0.0, 0.0, 1.0, 0.0], [0.0, 0.0, 0.0, 1.0]], "cam_ids": [0, 1, 2, 3, 4, 5], "cam_channels": ["CAM_FRONT_LEFT", "CAM_FRONT", "CAM_FRONT_RIGHT", "CAM_BACK_LEFT", "CAM_BACK", "CAM_BACK_RIGHT"], "token": "5bbeb4e68d51413f81a370cb33ef27fb", "scene": "scene-0553"}, {"images": ["samples/CAM_FRONT_LEFT/n008-2018-08-28-16-43-51-0400__CAM_FRONT_LEFT__1535489297004799.jpg", "samples/CAM_FRONT/n008-2018-08-28-16-43-51-0400__CAM_FRONT__1535489297012404.jpg", "samples/CAM_FRONT_RIGHT/n008-2018-08-28-16-43-51-0400__CAM_FRONT_RIGHT__1535489297020482.jpg", "samples/CAM_BACK_LEFT/n008-2018-08-28-16-43-51-0400__CAM_BACK_LEFT__1535489297047405.jpg", "samples/CAM_BACK/n008-2018-08-28-16-43-51-0400__CAM_BACK__1535489297037558.jpg", "samples/CAM_BACK_RIGHT/n008-2018-08-28-16-43-51-0400__CAM_BACK_RIGHT__1535489297028113.jpg"], "intrinsics": [[[1257.8625342125129, 0.0, 827.2410631095686], [0.0, 1257.8625342125129, 450.915498205774], [0.0, 0.0, 1.0]], [[1252.8131021185304, 0.0, 826.588114781398], [0.0, 1252.8131021185304, 469.9846626224581], [0.0, 0.0, 1.0]], [[1256.7485116440405, 0.0, 817.7887570959712], [0.0, 1256.7485116440403, 451.9541780095127], [0.0, 0.0, 1.0]], [[1254.9860565800168, 0.0, 829.5769333630991], [0.0, 1254.9860565800168, 467.1680561863987], [0.0, 0.0, 1.0]], [[796.8910634503094, 0.0, 857.7774326863696], [0.0, 796.8910634503094, 476.8848988407415], [0.0, 0.0, 1.0]], [[1249.9629280788233, 0.0, 825.3768045375984], [0.0, 1249.9629280788233, 462.54816385708756], [0.0, 0.0, 1.0]]], "extrinsics": [[[0.8224899172782898, -0.5686325430870056, 0.012946286238729954, -1.0048828125], [0.01633034087717533, 0.0008564111776649952, -0.9998663067817688, 1.488295555114746], [0.568545401096344, 0.8225913047790527, 0.009990351274609566, -1.3333740234375], [0.0, 0.0, 0.0, 1.0]], [[0.010282131843268871, -0.9999412298202515, 0.0034445610363036394, 0.0052490234375], [0.0182756707072258, -0.0032562476117163897, -0.9998277425765991, 1.4801658391952515], [0.9997801780700684, 0.010343308560550213, 0.018241113051772118, -1.734771728515625], [0.0, 0.0, 0.0, 1.0]], [[-0.8438358902931213, -0.5363693237304688, -0.015781179070472717, 1.0906982421875], [0.026285847648978233, -0.011943903751671314, -0.9995831251144409, 1.4930715560913086], [0.5359572172164917, -0.8438990116119385, 0.024177614599466324, -1.277587890625], [0.0, 0.0, 0.0, 1.0]], [[0.9478907585144043, 0.3185901343822479, 0.0018925649346783757, -1.1439208984375], [0.0009099811431951821, 0.0032329652458429337, -0.9999943375587463, 1.5620431900024414], [-0.31859448552131653, 0.9478870630264282, 0.0027745862025767565, -0.1561279296875], [0.0, 0.0, 0.0, 1.0]], [[0.00920646358281374, 0.9999485611915588, -0.004272500518709421, -0.0289306640625], [0.0030206649098545313, -0.004300472792237997, -0.9999861121177673, 1.568061351776123], [-0.9999530911445618, 0.009193449281156063, -0.0030601017642766237, 0.044342041015625], [0.0, 0.0, 0.0, 1.0]], [[-0.9236338138580322, 0.38289791345596313, -0.017024779692292213, 1.160675048828125], [0.007226345129311085, -0.02701406180858612, -0.9996089339256287, 1.5478134155273438], [-0.3832080364227295, -0.9233956336975098, 0.02218414843082428, -0.0438232421875], [0.0, 0.0, 0.0, 1.0]]], "view": [[0.0, -2.0, 100.0], [-2.0, 0.0, 100.0], [0.0, 0.0, 1.0]], "bev": "bev_e9a1c915c0d641d0b0a3019112a1ee90.png", "aux": "aux_e9a1c915c0d641d0b0a3019112a1ee90.npz", "visibility": "visibility_e9a1c915c0d641d0b0a3019112a1ee90.png", "pose": [[-0.7467190623283386, -0.6651396155357361, 0.0, 1316.378173828125], [0.6651396155357361, -0.7467190623283386, 0.0, 1038.5936279296875], [0.0, 0.0, 1.0, 0.0], [0.0, 0.0, 0.0, 1.0]], "pose_inverse": [[-0.7467190623283386, 0.6651396155357361, 0.0, 292.1549072265625], [-0.6651396155357361, -0.7467190623283386, 0.0, 1651.1129150390625], [0.0, 0.0, 1.0, 0.0], [0.0, 0.0, 0.0, 1.0]], "cam_ids": [0, 1, 2, 3, 4, 5], "cam_channels": ["CAM_FRONT_LEFT", "CAM_FRONT", "CAM_FRONT_RIGHT", "CAM_BACK_LEFT", "CAM_BACK", "CAM_BACK_RIGHT"], "token": "e9a1c915c0d641d0b0a3019112a1ee90", "scene": "scene-0553"}, {"images": ["samples/CAM_FRONT_LEFT/n008-2018-08-28-16-43-51-0400__CAM_FRONT_LEFT__1535489297504799.jpg", "samples/CAM_FRONT/n008-2018-08-28-16-43-51-0400__CAM_FRONT__1535489297512404.jpg", "samples/CAM_FRONT_RIGHT/n008-2018-08-28-16-43-51-0400__CAM_FRONT_RIGHT__1535489297520482.jpg", "samples/CAM_BACK_LEFT/n008-2018-08-28-16-43-51-0400__CAM_BACK_LEFT__1535489297547405.jpg", "samples/CAM_BACK/n008-2018-08-28-16-43-51-0400__CAM_BACK__1535489297537558.jpg", "samples/CAM_BACK_RIGHT/n008-2018-08-28-16-43-51-0400__CAM_BACK_RIGHT__1535489297528113.jpg"], "intrinsics": [[[1257.8625342125129, 0.0, 827.2410631095686], [0.0, 1257.8625342125129, 450.915498205774], [0.0, 0.0, 1.0]], [[1252.8131021185304, 0.0, 826.588114781398], [0.0, 1252.8131021185304, 469.9846626224581], [0.0, 0.0, 1.0]], [[1256.7485116440405, 0.0, 817.7887570959712], [0.0, 1256.7485116440403, 451.9541780095127], [0.0, 0.0, 1.0]], [[1254.9860565800168, 0.0, 829.5769333630991], [0.0, 1254.9860565800168, 467.1680561863987], [0.0, 0.0, 1.0]], [[796.8910634503094, 0.0, 857.7774326863696], [0.0, 796.8910634503094, 476.8848988407415], [0.0, 0.0, 1.0]], [[1249.9629280788233, 0.0, 825.3768045375984], [0.0, 1249.9629280788233, 462.54816385708756], [0.0, 0.0, 1.0]]], "extrinsics": [[[0.8224923014640808, -0.5686285495758057, 0.012962983921170235, -1.00494384765625], [0.016309382393956184, 0.0007968068239279091, -0.9998667240142822, 1.4882965087890625], [0.5685423612594604, 0.8225940465927124, 0.009929347783327103, -1.3333740234375], [0.0, 0.0, 0.0, 1.0]], [[0.010284221731126308, -0.9999409914016724, 0.0035025093238800764, 0.00537109375], [0.01825168915092945, -0.0033143977634608746, -0.9998279213905334, 1.4801652431488037], [0.9997804760932922, 0.01034634280949831, 0.01821652427315712, -1.734649658203125], [0.0, 0.0, 0.0, 1.0]], [[-0.8438359498977661, -0.5363705158233643, -0.01572994329035282, 1.090576171875], [0.026261426508426666, -0.012000944465398788, -0.9995830655097961, 1.4930715560913086], [0.5359581112861633, -0.84389728307724, 0.024212686344981194, -1.277587890625], [0.0, 0.0, 0.0, 1.0]], [[0.9478912353515625, 0.3185884952545166, 0.0018785594729706645, -1.14385986328125], [0.0009266876731999218, 0.0031393140088766813, -0.9999946355819702, 1.5620455741882324], [-0.31859275698661804, 0.9478878378868103, 0.0026804970111697912, -0.156005859375], [0.0, 0.0, 0.0, 1.0]], [[0.009206858463585377, 0.9999481439590454, -0.004342949949204922, -0.0289306640625], [0.003034938359633088, -0.0043710567988455296, -0.9999858140945435, 1.5680608749389648], [-0.999953031539917, 0.00919355358928442, -0.0030750250443816185, 0.044403076171875], [0.0, 0.0, 0.0, 1.0]], [[-0.9236340522766113, 0.3828967809677124, -0.01703539490699768, 1.160552978515625], [0.007214960642158985, -0.027069244533777237, -0.999607503414154, 1.5478134155273438], [-0.3832075595855713, -0.9233943819999695, 0.02223949320614338, -0.043701171875], [0.0, 0.0, 0.0, 1.0]]], "view": [[0.0, -2.0, 100.0], [-2.0, 0.0, 100.0], [0.0, 0.0, 1.0]], "bev": "bev_f5b8088835f247b8a5434a9f0daadc20.png", "aux": "aux_f5b8088835f247b8a5434a9f0daadc20.npz", "visibility": "visibility_f5b8088835f247b8a5434a9f0daadc20.png", "pose": [[-0.7467262744903564, -0.6651314496994019, 0.0, 1316.378173828125], [0.6651314496994019, -0.7467262744903564, 0.0, 1038.5936279296875], [0.0, 0.0, 1.0, 0.0], [0.0, 0.0, 0.0, 1.0]], "pose_inverse": [[-0.7467262744903564, 0.6651314496994019, 0.0, 292.1728515625], [-0.6651314496994019, -0.7467262744903564, 0.0, 1651.1097412109375], [0.0, 0.0, 1.0, 0.0], [0.0, 0.0, 0.0, 1.0]], "cam_ids": [0, 1, 2, 3, 4, 5], "cam_channels": ["CAM_FRONT_LEFT", "CAM_FRONT", "CAM_FRONT_RIGHT", "CAM_BACK_LEFT", "CAM_BACK", "CAM_BACK_RIGHT"], "token": "f5b8088835f247b8a5434a9f0daadc20", "scene": "scene-0553"}, {"images": ["samples/CAM_FRONT_LEFT/n008-2018-08-28-16-43-51-0400__CAM_FRONT_LEFT__1535489298004799.jpg", "samples/CAM_FRONT/n008-2018-08-28-16-43-51-0400__CAM_FRONT__1535489298012404.jpg", "samples/CAM_FRONT_RIGHT/n008-2018-08-28-16-43-51-0400__CAM_FRONT_RIGHT__1535489298020482.jpg", "samples/CAM_BACK_LEFT/n008-2018-08-28-16-43-51-0400__CAM_BACK_LEFT__1535489298047405.jpg", "samples/CAM_BACK/n008-2018-08-28-16-43-51-0400__CAM_BACK__1535489298037558.jpg", "samples/CAM_BACK_RIGHT/n008-2018-08-28-16-43-51-0400__CAM_BACK_RIGHT__1535489298028113.jpg"], "intrinsics": [[[1257.8625342125129, 0.0, 827.2410631095686], [0.0, 1257.8625342125129, 450.915498205774], [0.0, 0.0, 1.0]], [[1252.8131021185304, 0.0, 826.588114781398], [0.0, 1252.8131021185304, 469.9846626224581], [0.0, 0.0, 1.0]], [[1256.7485116440405, 0.0, 817.7887570959712], [0.0, 1256.7485116440403, 451.9541780095127], [0.0, 0.0, 1.0]], [[1254.9860565800168, 0.0, 829.5769333630991], [0.0, 1254.9860565800168, 467.1680561863987], [0.0, 0.0, 1.0]], [[796.8910634503094, 0.0, 857.7774326863696], [0.0, 796.8910634503094, 476.8848988407415], [0.0, 0.0, 1.0]], [[1249.9629280788233, 0.0, 825.3768045375984], [0.0, 1249.9629280788233, 462.54816385708756], [0.0, 0.0, 1.0]]], "extrinsics": [[[0.8224945664405823, -0.5686213970184326, 0.013133279979228973, -1.00494384765625], [0.01641692779958248, 0.0006530310492962599, -0.9998650550842285, 1.4882969856262207], [0.5685360431671143, 0.8225991129875183, 0.009872131049633026, -1.3333740234375], [0.0, 0.0, 0.0, 1.0]], [[0.010289535857737064, -0.9999403953552246, 0.0036602956242859364, 0.00537109375], [0.018370697274804115, -0.003470836440101266, -0.9998251795768738, 1.4801669120788574], [0.9997783303260803, 0.010354945436120033, 0.018333887681365013, -1.73468017578125], [0.0, 0.0, 0.0, 1.0]], [[-0.843831479549408, -0.5363771319389343, -0.015747323632240295, 1.090576171875], [0.026389818638563156, -0.012170327827334404, -0.9995776414871216, 1.4930715560913086], [0.535959005355835, -0.8438906669616699, 0.024424603208899498, -1.2774658203125], [0.0, 0.0, 0.0, 1.0]], [[0.9478907585144043, 0.31859031319618225, 0.001862102304585278, -1.14373779296875], [0.0009636332397349179, 0.002977722557261586, -0.9999950528144836, 1.562044620513916], [-0.3185943067073822, 0.9478878378868103, 0.0025155534967780113, -0.1561279296875], [0.0, 0.0, 0.0, 1.0]], [[0.009206450544297695, 0.9999474883079529, -0.004505874589085579, -0.02880859375], [0.003110706340521574, -0.004534683655947447, -0.999984860420227, 1.5680608749389648], [-0.9999527931213379, 0.009192240424454212, -0.0031522910576313734, 0.044342041015625], [0.0, 0.0, 0.0, 1.0]], [[-0.923633337020874, 0.38289111852645874, -0.0172013770788908, 1.16070556640625], [0.007324413862079382, -0.027238713577389717, -0.9996021389961243, 1.5478134155273438], [-0.3832073509693146, -0.9233918190002441, 0.0223541297018528, -0.0439453125], [0.0, 0.0, 0.0, 1.0]]], "view": [[0.0, -2.0, 100.0], [-2.0, 0.0, 100.0], [0.0, 0.0, 1.0]], "bev": "bev_2021b6b367984ad7b18464a550d0ae8d.png", "aux": "aux_2021b6b367984ad7b18464a550d0ae8d.npz", "visibility": "visibility_2021b6b367984ad7b18464a550d0ae8d.png", "pose": [[-0.7466405034065247, -0.6652277708053589, 0.0, 1316.378173828125], [0.6652277708053589, -0.7466405034065247, 0.0, 1038.5936279296875], [0.0, 0.0, 1.0, 0.0], [0.0, 0.0, 0.0, 1.0]], "pose_inverse": [[-0.7466405034065247, 0.6652277708053589, 0.0, 291.9599609375], [-0.6652277708053589, -0.7466405034065247, 0.0, 1651.1473388671875], [0.0, 0.0, 1.0, 0.0], [0.0, 0.0, 0.0, 1.0]], "cam_ids": [0, 1, 2, 3, 4, 5], "cam_channels": ["CAM_FRONT_LEFT", "CAM_FRONT", "CAM_FRONT_RIGHT", "CAM_BACK_LEFT", "CAM_BACK", "CAM_BACK_RIGHT"], "token": "2021b6b367984ad7b18464a550d0ae8d", "scene": "scene-0553"}, {"images": ["samples/CAM_FRONT_LEFT/n008-2018-08-28-16-43-51-0400__CAM_FRONT_LEFT__1535489298504799.jpg", "samples/CAM_FRONT/n008-2018-08-28-16-43-51-0400__CAM_FRONT__1535489298512404.jpg", "samples/CAM_FRONT_RIGHT/n008-2018-08-28-16-43-51-0400__CAM_FRONT_RIGHT__1535489298520482.jpg", "samples/CAM_BACK_LEFT/n008-2018-08-28-16-43-51-0400__CAM_BACK_LEFT__1535489298547405.jpg", "samples/CAM_BACK/n008-2018-08-28-16-43-51-0400__CAM_BACK__1535489298537558.jpg", "samples/CAM_BACK_RIGHT/n008-2018-08-28-16-43-51-0400__CAM_BACK_RIGHT__1535489298528113.jpg"], "intrinsics": [[[1257.8625342125129, 0.0, 827.2410631095686], [0.0, 1257.8625342125129, 450.915498205774], [0.0, 0.0, 1.0]], [[1252.8131021185304, 0.0, 826.588114781398], [0.0, 1252.8131021185304, 469.9846626224581], [0.0, 0.0, 1.0]], [[1256.7485116440405, 0.0, 817.7887570959712], [0.0, 1256.7485116440403, 451.9541780095127], [0.0, 0.0, 1.0]], [[1254.9860565800168, 0.0, 829.5769333630991], [0.0, 1254.9860565800168, 467.1680561863987], [0.0, 0.0, 1.0]], [[796.8910634503094, 0.0, 857.7774326863696], [0.0, 796.8910634503094, 476.8848988407415], [0.0, 0.0, 1.0]], [[1249.9629280788233, 0.0, 825.3768045375984], [0.0, 1249.9629280788233, 462.54816385708756], [0.0, 0.0, 1.0]]], "extrinsics": [[[0.8224723935127258, -0.5686524510383606, 0.013178021647036076, -1.0050048828125], [0.01639195904135704, 0.0005375618347898126, -0.9998654723167419, 1.4882941246032715], [0.5685688853263855, 0.8225777745246887, 0.009763455018401146, -1.333251953125], [0.0, 0.0, 0.0, 1.0]], [[0.010255305096507072, -0.9999402165412903, 0.003775016637519002, 0.0052490234375], [0.018362192437052727, -0.0035862585064023733, -0.9998249411582947, 1.480164647102356], [0.9997788071632385, 0.010322759859263897, 0.018324317410588264, -1.734588623046875], [0.0, 0.0, 0.0, 1.0]], [[-0.843846321105957, -0.5363553762435913, -0.01569356955587864, 1.090576171875], [0.026398731395602226, -0.012285804376006126, -0.9995759725570679, 1.4930706024169922], [0.5359351634979248, -0.8439028263092041, 0.024526435881853104, -1.2774658203125], [0.0, 0.0, 0.0, 1.0]], [[0.9478909969329834, 0.3185894191265106, 0.001888561644591391, -1.14398193359375], [0.0010293624363839626, 0.0028652206528931856, -0.9999953508377075, 1.562042236328125], [-0.3185933232307434, 0.9478884339332581, 0.0023879732470959425, -0.1561279296875], [0.0, 0.0, 0.0, 1.0]], [[0.009217134676873684, 0.9999467730522156, -0.004626106470823288, -0.0286865234375], [0.0031534587033092976, -0.0046553462743759155, -0.9999842047691345, 1.568061351776123], [-0.9999525547027588, 0.009202398359775543, -0.0031961994245648384, 0.0443115234375], [0.0, 0.0, 0.0, 1.0]], [[-0.9236251711845398, 0.3829077184200287, -0.01726726070046425, 1.160675048828125], [0.007346589118242264, -0.027356034144759178, -0.9995987415313721, 1.5478172302246094], [-0.3832264542579651, -0.9233814477920532, 0.022453656420111656, -0.043701171875], [0.0, 0.0, 0.0, 1.0]]], "view": [[0.0, -2.0, 100.0], [-2.0, 0.0, 100.0], [0.0, 0.0, 1.0]], "bev": "bev_7315022fc89147a6afc7f978601f8f38.png", "aux": "aux_7315022fc89147a6afc7f978601f8f38.npz", "visibility": "visibility_7315022fc89147a6afc7f978601f8f38.png", "pose": [[-0.7467168569564819, -0.6651420593261719, 0.0, 1316.378173828125], [0.6651420593261719, -0.7467168569564819, 0.0, 1038.5936279296875], [0.0, 0.0, 1.0, 0.0], [0.0, 0.0, 0.0, 1.0]], "pose_inverse": [[-0.7467168569564819, 0.6651420593261719, 0.0, 292.14947509765625], [-0.6651420593261719, -0.7467168569564819, 0.0, 1651.1138916015625], [0.0, 0.0, 1.0, 0.0], [0.0, 0.0, 0.0, 1.0]], "cam_ids": [0, 1, 2, 3, 4, 5], "cam_channels": ["CAM_FRONT_LEFT", "CAM_FRONT", "CAM_FRONT_RIGHT", "CAM_BACK_LEFT", "CAM_BACK", "CAM_BACK_RIGHT"], "token": "7315022fc89147a6afc7f978601f8f38", "scene": "scene-0553"}, {"images": ["samples/CAM_FRONT_LEFT/n008-2018-08-28-16-43-51-0400__CAM_FRONT_LEFT__1535489299004799.jpg", "samples/CAM_FRONT/n008-2018-08-28-16-43-51-0400__CAM_FRONT__1535489299012404.jpg", "samples/CAM_FRONT_RIGHT/n008-2018-08-28-16-43-51-0400__CAM_FRONT_RIGHT__1535489299020482.jpg", "samples/CAM_BACK_LEFT/n008-2018-08-28-16-43-51-0400__CAM_BACK_LEFT__1535489299047405.jpg", "samples/CAM_BACK/n008-2018-08-28-16-43-51-0400__CAM_BACK__1535489299037558.jpg", "samples/CAM_BACK_RIGHT/n008-2018-08-28-16-43-51-0400__CAM_BACK_RIGHT__1535489299028113.jpg"], "intrinsics": [[[1257.8625342125129, 0.0, 827.2410631095686], [0.0, 1257.8625342125129, 450.915498205774], [0.0, 0.0, 1.0]], [[1252.8131021185304, 0.0, 826.588114781398], [0.0, 1252.8131021185304, 469.9846626224581], [0.0, 0.0, 1.0]], [[1256.7485116440405, 0.0, 817.7887570959712], [0.0, 1256.7485116440403, 451.9541780095127], [0.0, 0.0, 1.0]], [[1254.9860565800168, 0.0, 829.5769333630991], [0.0, 1254.9860565800168, 467.1680561863987], [0.0, 0.0, 1.0]], [[796.8910634503094, 0.0, 857.7774326863696], [0.0, 796.8910634503094, 476.8848988407415], [0.0, 0.0, 1.0]], [[1249.9629280788233, 0.0, 825.3768045375984], [0.0, 1249.9629280788233, 462.54816385708756], [0.0, 0.0, 1.0]]], "extrinsics": [[[0.8224899172782898, -0.5686188340187073, 0.013529418967664242, -1.00494384765625], [0.01669665053486824, 0.000361041136784479, -0.9998605251312256, 1.4882965087890625], [0.5685346126556396, 0.8226011395454407, 0.009790980257093906, -1.3333740234375], [0.0, 0.0, 0.0, 1.0]], [[0.010287064127624035, -0.9999392628669739, 0.003954699728637934, 0.00537109375], [0.018668415024876595, -0.0037621662486344576, -0.9998186826705933, 1.480162501335144], [0.9997727870941162, 0.010359004139900208, 0.018628578633069992, -1.734619140625], [0.0, 0.0, 0.0, 1.0]], [[-0.843826949596405, -0.5363810658454895, -0.015858834609389305, 1.0904541015625], [0.02670658566057682, -0.01246089767664671, -0.9995656609535217, 1.493072509765625], [0.5359504222869873, -0.8438839316368103, 0.024839747697114944, -1.2777099609375], [0.0, 0.0, 0.0, 1.0]], [[0.9478899836540222, 0.31859058141708374, 0.0021435641683638096, -1.14398193359375], [0.0013518707128241658, 0.002706071361899376, -0.9999954104423523, 1.562042236328125], [-0.31859490275382996, 0.9478886127471924, 0.002134364563971758, -0.1561279296875], [0.0, 0.0, 0.0, 1.0]], [[0.009207182563841343, 0.9999462366104126, -0.004786297213286161, -0.02880859375], [0.0034626442939043045, -0.004818354267627001, -0.9999823570251465, 1.5680599212646484], [-0.9999516010284424, 0.009190519340336323, -0.003506821347400546, 0.044219970703125], [0.0, 0.0, 0.0, 1.0]], [[-0.9236275553703308, 0.3828861713409424, -0.017616406083106995, 1.160675048828125], [0.007651513908058405, -0.027533158659934998, -0.999591588973999, 1.5478134155273438], [-0.3832148611545563, -0.9233851432800293, 0.022500725463032722, -0.0438232421875], [0.0, 0.0, 0.0, 1.0]]], "view": [[0.0, -2.0, 100.0], [-2.0, 0.0, 100.0], [0.0, 0.0, 1.0]], "bev": "bev_dc03fe4e0a374592af7701c66d5276c4.png", "aux": "aux_dc03fe4e0a374592af7701c66d5276c4.npz", "visibility": "visibility_dc03fe4e0a374592af7701c66d5276c4.png", "pose": [[-0.7466892600059509, -0.6651730537414551, 0.0, 1316.378173828125], [0.6651730537414551, -0.7466892600059509, 0.0, 1038.5936279296875], [0.0, 0.0, 1.0, 0.0], [0.0, 0.0, 0.0, 1.0]], "pose_inverse": [[-0.7466892600059509, 0.6651730537414551, 0.0, 292.0809326171875], [-0.6651730537414551, -0.7466892600059509, 0.0, 1651.1259765625], [0.0, 0.0, 1.0, 0.0], [0.0, 0.0, 0.0, 1.0]], "cam_ids": [0, 1, 2, 3, 4, 5], "cam_channels": ["CAM_FRONT_LEFT", "CAM_FRONT", "CAM_FRONT_RIGHT", "CAM_BACK_LEFT", "CAM_BACK", "CAM_BACK_RIGHT"], "token": "dc03fe4e0a374592af7701c66d5276c4", "scene": "scene-0553"}, {"images": ["samples/CAM_FRONT_LEFT/n008-2018-08-28-16-43-51-0400__CAM_FRONT_LEFT__1535489299504799.jpg", "samples/CAM_FRONT/n008-2018-08-28-16-43-51-0400__CAM_FRONT__1535489299512404.jpg", "samples/CAM_FRONT_RIGHT/n008-2018-08-28-16-43-51-0400__CAM_FRONT_RIGHT__1535489299520487.jpg", "samples/CAM_BACK_LEFT/n008-2018-08-28-16-43-51-0400__CAM_BACK_LEFT__1535489299547405.jpg", "samples/CAM_BACK/n008-2018-08-28-16-43-51-0400__CAM_BACK__1535489299537558.jpg", "samples/CAM_BACK_RIGHT/n008-2018-08-28-16-43-51-0400__CAM_BACK_RIGHT__1535489299528113.jpg"], "intrinsics": [[[1257.8625342125129, 0.0, 827.2410631095686], [0.0, 1257.8625342125129, 450.915498205774], [0.0, 0.0, 1.0]], [[1252.8131021185304, 0.0, 826.588114781398], [0.0, 1252.8131021185304, 469.9846626224581], [0.0, 0.0, 1.0]], [[1256.7485116440405, 0.0, 817.7887570959712], [0.0, 1256.7485116440403, 451.9541780095127], [0.0, 0.0, 1.0]], [[1254.9860565800168, 0.0, 829.5769333630991], [0.0, 1254.9860565800168, 467.1680561863987], [0.0, 0.0, 1.0]], [[796.8910634503094, 0.0, 857.7774326863696], [0.0, 796.8910634503094, 476.8848988407415], [0.0, 0.0, 1.0]], [[1249.9629280788233, 0.0, 825.3768045375984], [0.0, 1249.9629280788233, 462.54816385708756], [0.0, 0.0, 1.0]]], "extrinsics": [[[0.8224923014640808, -0.5686060786247253, 0.013911227695643902, -1.005126953125], [0.017143459990620613, 0.00033622991759330034, -0.9998529553413391, 1.488295078277588], [0.5685179233551025, 0.8226099610328674, 0.01002442091703415, -1.3333740234375], [0.0, 0.0, 0.0, 1.0]], [[0.010300278663635254, -0.9999390244483948, 0.003974511753767729, 0.0052490234375], [0.019116898998618126, -0.003777078352868557, -0.9998100996017456, 1.4801675081253052], [0.9997642040252686, 0.010374385863542557, 0.01907682791352272, -1.73480224609375], [0.0, 0.0, 0.0, 1.0]], [[-0.8438120484352112, -0.5363930463790894, -0.016236241906881332, 1.090576171875], [0.02715681865811348, -0.012465224601328373, -0.9995534420013428, 1.4930706024169922], [0.5359511971473694, -0.843876302242279, 0.02508503571152687, -1.2774658203125], [0.0, 0.0, 0.0, 1.0]], [[0.9478854537010193, 0.31860119104385376, 0.0025385122280567884, -1.143798828125], [0.0017703588819131255, 0.0027005558367818594, -0.9999948143959045, 1.5620441436767578], [-0.318606436252594, 0.9478850364685059, 0.001995778875425458, -0.15625], [0.0, 0.0, 0.0, 1.0]], [[0.00920046865940094, 0.9999462366104126, -0.004788163583725691, -0.02880859375], [0.003883838187903166, -0.004824064671993256, -0.9999808073043823, 1.5680618286132812], [-0.9999502301216125, 0.009181576780974865, -0.003928014077246189, 0.04443359375], [0.0, 0.0, 0.0, 1.0]], [[-0.9236242175102234, 0.3828752934932709, -0.018022578209638596, 1.16070556640625], [0.008093632757663727, -0.027527717873454094, -0.9995882511138916, 1.5478134155273438], [-0.38321372866630554, -0.9233898520469666, 0.02232641540467739, -0.0435791015625], [0.0, 0.0, 0.0, 1.0]]], "view": [[0.0, -2.0, 100.0], [-2.0, 0.0, 100.0], [0.0, 0.0, 1.0]], "bev": "bev_b7f64f73e8a548488e6d85d9b0e13242.png", "aux": "aux_b7f64f73e8a548488e6d85d9b0e13242.npz", "visibility": "visibility_b7f64f73e8a548488e6d85d9b0e13242.png", "pose": [[-0.7467138767242432, -0.6651453971862793, 0.0, 1316.378173828125], [0.6651453971862793, -0.7467138767242432, 0.0, 1038.5936279296875], [0.0, 0.0, 1.0, 0.0], [0.0, 0.0, 0.0, 1.0]], "pose_inverse": [[-0.7467138767242432, 0.6651453971862793, 0.0, 292.1420593261719], [-0.6651453971862793, -0.7467138767242432, 0.0, 1651.1151123046875], [0.0, 0.0, 1.0, 0.0], [0.0, 0.0, 0.0, 1.0]], "cam_ids": [0, 1, 2, 3, 4, 5], "cam_channels": ["CAM_FRONT_LEFT", "CAM_FRONT", "CAM_FRONT_RIGHT", "CAM_BACK_LEFT", "CAM_BACK", "CAM_BACK_RIGHT"], "token": "b7f64f73e8a548488e6d85d9b0e13242", "scene": "scene-0553"}, {"images": ["samples/CAM_FRONT_LEFT/n008-2018-08-28-16-43-51-0400__CAM_FRONT_LEFT__1535489300004799.jpg", "samples/CAM_FRONT/n008-2018-08-28-16-43-51-0400__CAM_FRONT__1535489300012404.jpg", "samples/CAM_FRONT_RIGHT/n008-2018-08-28-16-43-51-0400__CAM_FRONT_RIGHT__1535489300020482.jpg", "samples/CAM_BACK_LEFT/n008-2018-08-28-16-43-51-0400__CAM_BACK_LEFT__1535489300047405.jpg", "samples/CAM_BACK/n008-2018-08-28-16-43-51-0400__CAM_BACK__1535489300037558.jpg", "samples/CAM_BACK_RIGHT/n008-2018-08-28-16-43-51-0400__CAM_BACK_RIGHT__1535489300028113.jpg"], "intrinsics": [[[1257.8625342125129, 0.0, 827.2410631095686], [0.0, 1257.8625342125129, 450.915498205774], [0.0, 0.0, 1.0]], [[1252.8131021185304, 0.0, 826.588114781398], [0.0, 1252.8131021185304, 469.9846626224581], [0.0, 0.0, 1.0]], [[1256.7485116440405, 0.0, 817.7887570959712], [0.0, 1256.7485116440403, 451.9541780095127], [0.0, 0.0, 1.0]], [[1254.9860565800168, 0.0, 829.5769333630991], [0.0, 1254.9860565800168, 467.1680561863987], [0.0, 0.0, 1.0]], [[796.8910634503094, 0.0, 857.7774326863696], [0.0, 796.8910634503094, 476.8848988407415], [0.0, 0.0, 1.0]], [[1249.9629280788233, 0.0, 825.3768045375984], [0.0, 1249.9629280788233, 462.54816385708756], [0.0, 0.0, 1.0]]], "extrinsics": [[[0.8224862813949585, -0.568615198135376, 0.01390250213444233, -1.0048828125], [0.017137622460722923, 0.000342942017596215, -0.9998530745506287, 1.488295555114746], [0.5685267448425293, 0.8226036429405212, 0.010026776231825352, -1.3333740234375], [0.0, 0.0, 0.0, 1.0]], [[0.010290328413248062, -0.9999390840530396, 0.003978248219937086, 0.0052490234375], [0.019086144864559174, -0.003781322157010436, -0.9998106956481934, 1.4801645278930664], [0.9997648596763611, 0.01036431360989809, 0.01904607191681862, -1.734710693359375], [0.0, 0.0, 0.0, 1.0]], [[-0.8438177108764648, -0.5363859534263611, -0.016180314123630524, 1.0906982421875], [0.027101103216409683, -0.01248220819979906, -0.9995547533035278, 1.4930715560913086], [0.5359451174736023, -0.8438804745674133, 0.025069359689950943, -1.277587890625], [0.0, 0.0, 0.0, 1.0]], [[0.9478863477706909, 0.31859925389289856, 0.0024758942890912294, -1.14398193359375], [0.0017155521782115102, 0.0026670892257243395, -0.9999949932098389, 1.5620436668395996], [-0.31860432028770447, 0.9478857517242432, 0.0019815254490822554, -0.1561279296875], [0.0, 0.0, 0.0, 1.0]], [[0.00920429639518261, 0.9999459385871887, -0.0048257894814014435, -0.02880859375], [0.0038493077736347914, -0.00486138928681612, -0.9999807476997375, 1.5680623054504395], [-0.999950110912323, 0.00918546225875616, -0.003893844550475478, 0.04437255859375], [0.0, 0.0, 0.0, 1.0]], [[-0.9236224889755249, 0.382880836725235, -0.017990784719586372, 1.160736083984375], [0.008044496178627014, -0.02756284736096859, -0.9995877146720886, 1.5478096008300781], [-0.3832188546657562, -0.9233863949775696, 0.022377584129571915, -0.0438232421875], [0.0, 0.0, 0.0, 1.0]]], "view": [[0.0, -2.0, 100.0], [-2.0, 0.0, 100.0], [0.0, 0.0, 1.0]], "bev": "bev_6dabc0fb1df045558f802246dd186b3f.png", "aux": "aux_6dabc0fb1df045558f802246dd186b3f.npz", "visibility": "visibility_6dabc0fb1df045558f802246dd186b3f.png", "pose": [[-0.7467664480209351, -0.6650863289833069, 0.0, 1316.378173828125], [0.6650863289833069, -0.7467664480209351, 0.0, 1038.5936279296875], [0.0, 0.0, 1.0, 0.0], [0.0, 0.0, 0.0, 1.0]], "pose_inverse": [[-0.7467664480209351, 0.6650863289833069, 0.0, 292.2726745605469], [-0.6650863289833069, -0.7467664480209351, 0.0, 1651.092041015625], [0.0, 0.0, 1.0, 0.0], [0.0, 0.0, 0.0, 1.0]], "cam_ids": [0, 1, 2, 3, 4, 5], "cam_channels": ["CAM_FRONT_LEFT", "CAM_FRONT", "CAM_FRONT_RIGHT", "CAM_BACK_LEFT", "CAM_BACK", "CAM_BACK_RIGHT"], "token": "6dabc0fb1df045558f802246dd186b3f", "scene": "scene-0553"}, {"images": ["samples/CAM_FRONT_LEFT/n008-2018-08-28-16-43-51-0400__CAM_FRONT_LEFT__1535489300504799.jpg", "samples/CAM_FRONT/n008-2018-08-28-16-43-51-0400__CAM_FRONT__1535489300512404.jpg", "samples/CAM_FRONT_RIGHT/n008-2018-08-28-16-43-51-0400__CAM_FRONT_RIGHT__1535489300520482.jpg", "samples/CAM_BACK_LEFT/n008-2018-08-28-16-43-51-0400__CAM_BACK_LEFT__1535489300547405.jpg", "samples/CAM_BACK/n008-2018-08-28-16-43-51-0400__CAM_BACK__1535489300537558.jpg", "samples/CAM_BACK_RIGHT/n008-2018-08-28-16-43-51-0400__CAM_BACK_RIGHT__1535489300528113.jpg"], "intrinsics": [[[1257.8625342125129, 0.0, 827.2410631095686], [0.0, 1257.8625342125129, 450.915498205774], [0.0, 0.0, 1.0]], [[1252.8131021185304, 0.0, 826.588114781398], [0.0, 1252.8131021185304, 469.9846626224581], [0.0, 0.0, 1.0]], [[1256.7485116440405, 0.0, 817.7887570959712], [0.0, 1256.7485116440403, 451.9541780095127], [0.0, 0.0, 1.0]], [[1254.9860565800168, 0.0, 829.5769333630991], [0.0, 1254.9860565800168, 467.1680561863987], [0.0, 0.0, 1.0]], [[796.8910634503094, 0.0, 857.7774326863696], [0.0, 796.8910634503094, 476.8848988407415], [0.0, 0.0, 1.0]], [[1249.9629280788233, 0.0, 825.3768045375984], [0.0, 1249.9629280788233, 462.54816385708756], [0.0, 0.0, 1.0]]], "extrinsics": [[[0.8224737048149109, -0.568635106086731, 0.013825178146362305, -1.00494384765625], [0.016993094235658646, 0.00026940173120237887, -0.9998555779457092, 1.488295078277588], [0.5685492157936096, 0.8225899338722229, 0.009884444065392017, -1.3333740234375], [0.0, 0.0, 0.0, 1.0]], [[0.010267145931720734, -0.9999392032623291, 0.004044702276587486, 0.0052490234375], [0.01896902360022068, -0.003849421627819538, -0.999812662601471, 1.4801656007766724], [0.9997673630714417, 0.010342014953494072, 0.018928345292806625, -1.7347412109375], [0.0, 0.0, 0.0, 1.0]], [[-0.8438303470611572, -0.5363694429397583, -0.016072288155555725, 1.090576171875], [0.027011515572667122, -0.01254354789853096, -0.9995564222335815, 1.4930734634399414], [0.5359299182891846, -0.8438901901245117, 0.025072773918509483, -1.2774658203125], [0.0, 0.0, 0.0, 1.0]], [[0.9478884339332581, 0.31859445571899414, 0.0022763488814234734, -1.1439208984375], [0.0015147101366892457, 0.002638342324644327, -0.9999953508377075, 1.5620436668395996], [-0.31859904527664185, 0.9478874802589417, 0.0020182752050459385, -0.156005859375], [0.0, 0.0, 0.0, 1.0]], [[0.009212810546159744, 0.9999457597732544, -0.004855532664805651, -0.02880859375], [0.0037009825464338064, -0.004889801610261202, -0.999981164932251, 1.5680618286132812], [-0.9999508261680603, 0.009194662794470787, -0.003745830850675702, 0.0443115234375], [0.0, 0.0, 0.0, 1.0]], [[-0.9236183166503906, 0.38289451599121094, -0.01791476644575596, 1.16070556640625], [0.007943139411509037, -0.027607981115579605, -0.9995872974395752, 1.5478134155273438], [-0.3832310438156128, -0.9233794808387756, 0.022457852959632874, -0.0438232421875], [0.0, 0.0, 0.0, 1.0]]], "view": [[0.0, -2.0, 100.0], [-2.0, 0.0, 100.0], [0.0, 0.0, 1.0]], "bev": "bev_82597244941b4e79aa3e1e9cc6386f8b.png", "aux": "aux_82597244941b4e79aa3e1e9cc6386f8b.npz", "visibility": "visibility_82597244941b4e79aa3e1e9cc6386f8b.png", "pose": [[-0.7467782497406006, -0.6650731563568115, 0.0, 1316.378173828125], [0.6650731563568115, -0.7467782497406006, 0.0, 1038.5936279296875], [0.0, 0.0, 1.0, 0.0], [0.0, 0.0, 0.0, 1.0]], "pose_inverse": [[-0.7467782497406006, 0.6650731563568115, 0.0, 292.3018493652344], [-0.6650731563568115, -0.7467782497406006, 0.0, 1651.0869140625], [0.0, 0.0, 1.0, 0.0], [0.0, 0.0, 0.0, 1.0]], "cam_ids": [0, 1, 2, 3, 4, 5], "cam_channels": ["CAM_FRONT_LEFT", "CAM_FRONT", "CAM_FRONT_RIGHT", "CAM_BACK_LEFT", "CAM_BACK", "CAM_BACK_RIGHT"], "token": "82597244941b4e79aa3e1e9cc6386f8b", "scene": "scene-0553"}, {"images": ["samples/CAM_FRONT_LEFT/n008-2018-08-28-16-43-51-0400__CAM_FRONT_LEFT__1535489301004799.jpg", "samples/CAM_FRONT/n008-2018-08-28-16-43-51-0400__CAM_FRONT__1535489301012404.jpg", "samples/CAM_FRONT_RIGHT/n008-2018-08-28-16-43-51-0400__CAM_FRONT_RIGHT__1535489301020482.jpg", "samples/CAM_BACK_LEFT/n008-2018-08-28-16-43-51-0400__CAM_BACK_LEFT__1535489301047405.jpg", "samples/CAM_BACK/n008-2018-08-28-16-43-51-0400__CAM_BACK__1535489301037558.jpg", "samples/CAM_BACK_RIGHT/n008-2018-08-28-16-43-51-0400__CAM_BACK_RIGHT__1535489301028113.jpg"], "intrinsics": [[[1257.8625342125129, 0.0, 827.2410631095686], [0.0, 1257.8625342125129, 450.915498205774], [0.0, 0.0, 1.0]], [[1252.8131021185304, 0.0, 826.588114781398], [0.0, 1252.8131021185304, 469.9846626224581], [0.0, 0.0, 1.0]], [[1256.7485116440405, 0.0, 817.7887570959712], [0.0, 1256.7485116440403, 451.9541780095127], [0.0, 0.0, 1.0]], [[1254.9860565800168, 0.0, 829.5769333630991], [0.0, 1254.9860565800168, 467.1680561863987], [0.0, 0.0, 1.0]], [[796.8910634503094, 0.0, 857.7774326863696], [0.0, 796.8910634503094, 476.8848988407415], [0.0, 0.0, 1.0]], [[1249.9629280788233, 0.0, 825.3768045375984], [0.0, 1249.9629280788233, 462.54816385708756], [0.0, 0.0, 1.0]]], "extrinsics": [[[0.8224663734436035, -0.5686460733413696, 0.013806920498609543, -1.00506591796875], [0.016996145248413086, 0.00030569429509341717, -0.9998555183410645, 1.4882936477661133], [0.5685597658157349, 0.8225822448730469, 0.009916214272379875, -1.3333740234375], [0.0, 0.0, 0.0, 1.0]], [[0.010255747474730015, -0.9999393820762634, 0.004002688452601433, 0.00537109375], [0.018933819606900215, -0.0038079945370554924, -0.9998134970664978, 1.480167031288147], [0.9997681379318237, 0.010329619981348515, 0.018893618136644363, -1.734710693359375], [0.0, 0.0, 0.0, 1.0]], [[-0.843836784362793, -0.5363603234291077, -0.016033632680773735, 1.0904541015625], [0.026935668662190437, -0.012496720999479294, -0.9995590448379517, 1.4930744171142578], [0.5359234809875488, -0.8438965678215027, 0.02499241754412651, -1.2774658203125], [0.0, 0.0, 0.0, 1.0]], [[0.9478896260261536, 0.31859061121940613, 0.002313492354005575, -1.1439208984375], [0.0015409595798701048, 0.0026768562383949757, -0.999995231628418, 1.5620441436767578], [-0.31859534978866577, 0.9478885531425476, 0.0020464288536459208, -0.1561279296875], [0.0, 0.0, 0.0, 1.0]], [[0.009215819649398327, 0.9999459385871887, -0.004815772175788879, -0.02880859375], [0.00367