[{"images": ["samples/CAM_FRONT_LEFT/n015-2018-09-26-11-17-24+0800__CAM_FRONT_LEFT__1537932199354844.jpg", "samples/CAM_FRONT/n015-2018-09-26-11-17-24+0800__CAM_FRONT__1537932199362460.jpg", "samples/CAM_FRONT_RIGHT/n015-2018-09-26-11-17-24+0800__CAM_FRONT_RIGHT__1537932199370339.jpg", "samples/CAM_BACK_LEFT/n015-2018-09-26-11-17-24+0800__CAM_BACK_LEFT__1537932199397423.jpg", "samples/CAM_BACK/n015-2018-09-26-11-17-24+0800__CAM_BACK__1537932199387525.jpg", "samples/CAM_BACK_RIGHT/n015-2018-09-26-11-17-24+0800__CAM_BACK_RIGHT__1537932199377893.jpg"], "intrinsics": [[[1272.5979470598488, 0.0, 826.6154927353808], [0.0, 1272.5979470598488, 479.75165386361925], [0.0, 0.0, 1.0]], [[1266.417203046554, 0.0, 816.2670197447984], [0.0, 1266.417203046554, 491.50706579294757], [0.0, 0.0, 1.0]], [[1260.8474446004698, 0.0, 807.968244525554], [0.0, 1260.8474446004698, 495.3344268742088], [0.0, 0.0, 1.0]], [[1256.7414812095406, 0.0, 792.1125740759628], [0.0, 1256.7414812095406, 492.7757465151356], [0.0, 0.0, 1.0]], [[809.2209905677063, 0.0, 829.2196003259838], [0.0, 809.2209905677063, 481.77842384512485], [0.0, 0.0, 1.0]], [[1259.5137405846733, 0.0, 807.2529053838625], [0.0, 1259.5137405846733, 501.19579884916527], [0.0, 0.0, 1.0]]], "extrinsics": [[[0.8286017775535583, -0.5597724914550781, 0.00859515368938446, -0.797607421875], [-0.01631733402609825, -0.03949439525604248, -0.9990865588188171, 1.5048141479492188], [0.5596005916595459, 0.827704668045044, -0.04185912013053894, -1.164031982421875], [0.0, 0.0, 0.0, 1.0]], [[0.017339028418064117, -0.9989187121391296, 0.04313652962446213, 0.005859375], [-0.021576467901468277, -0.043506793677806854, -0.9988201856613159, 1.5168285369873047], [0.999616801738739, 0.016387779265642166, -0.0223075021058321, -1.524658203125], [0.0, 0.0, 0.0, 1.0]], [[-0.8278976082801819, -0.5601803064346313, 0.027990635484457016, 0.923553466796875], [-0.016128702089190483, -0.026106836274266243, -0.9995290040969849, 1.5015087127685547], [0.5606472492218018, -0.8279592394828796, 0.012578810565173626, -1.1767578125], [0.0, 0.0, 0.0, 1.0]], [[0.9475855231285095, 0.3185398578643799, -0.024779178202152252, -1.1427001953125], [-0.007399135734885931, -0.05565638095140457, -0.9984225630760193, 1.5885696411132812], [-0.31941649317741394, 0.9462741613388062, -0.05038226395845413, -0.1038818359375], [0.0, 0.0, 0.0, 1.0]], [[-0.0011898982338607311, 0.9989400506019592, -0.04601510241627693, 0.0030517578125], [-0.03278553485870361, -0.04602936655282974, -0.998401939868927, 1.577789306640625], [-0.9994617104530334, 0.0003207166155334562, 0.03280554711818695, -0.04541015625], [0.0, 0.0, 0.0, 1.0]], [[-0.9371736645698547, 0.3487030565738678, -0.010567784309387207, 1.04833984375], [-0.00020545776351355016, -0.030843744054436684, -0.9995242357254028, 1.5514030456542969], [-0.3488631248474121, -0.9367256760597229, 0.028977585956454277, -0.0972900390625], [0.0, 0.0, 0.0, 1.0]]], "view": [[0.0, -2.0, 100.0], [-2.0, 0.0, 100.0], [0.0, 0.0, 1.0]], "bev": "bev_caad1c8285524ed6a1c1c02ce036f4e5.png", "aux": "aux_caad1c8285524ed6a1c1c02ce036f4e5.npz", "visibility": "visibility_caad1c8285524ed6a1c1c02ce036f4e5.png", "pose": [[0.3083784282207489, 0.9512637853622437, 0.0, 909.3638916015625], [-0.9512637853622437, 0.3083784282207489, 0.0, 1707.75537109375], [0.0, 0.0, 1.0, 0.0], [0.0, 0.0, 0.0, 1.0]], "pose_inverse": [[0.3083784282207489, -0.9512637853622437, 0.0, 1344.0975341796875], [0.9512637853622437, 0.3083784282207489, 0.0, -1391.6798095703125], [0.0, 0.0, 1.0, 0.0], [0.0, 0.0, 0.0, 1.0]], "cam_ids": [0, 1, 2, 3, 4, 5], "cam_channels": ["CAM_FRONT_LEFT", "CAM_FRONT", "CAM_FRONT_RIGHT", "CAM_BACK_LEFT", "CAM_BACK", "CAM_BACK_RIGHT"], "token": "caad1c8285524ed6a1c1c02ce036f4e5", "scene": "scene-0955"}, {"images": ["samples/CAM_FRONT_LEFT/n015-2018-09-26-11-17-24+0800__CAM_FRONT_LEFT__1537932199854844.jpg", "samples/CAM_FRONT/n015-2018-09-26-11-17-24+0800__CAM_FRONT__1537932199862460.jpg", "samples/CAM_FRONT_RIGHT/n015-2018-09-26-11-17-24+0800__CAM_FRONT_RIGHT__1537932199870339.jpg", "samples/CAM_BACK_LEFT/n015-2018-09-26-11-17-24+0800__CAM_BACK_LEFT__1537932199897423.jpg", "samples/CAM_BACK/n015-2018-09-26-11-17-24+0800__CAM_BACK__1537932199887525.jpg", "samples/CAM_BACK_RIGHT/n015-2018-09-26-11-17-24+0800__CAM_BACK_RIGHT__1537932199877893.jpg"], "intrinsics": [[[1272.5979470598488, 0.0, 826.6154927353808], [0.0, 1272.5979470598488, 479.75165386361925], [0.0, 0.0, 1.0]], [[1266.417203046554, 0.0, 816.2670197447984], [0.0, 1266.417203046554, 491.50706579294757], [0.0, 0.0, 1.0]], [[1260.8474446004698, 0.0, 807.968244525554], [0.0, 1260.8474446004698, 495.3344268742088], [0.0, 0.0, 1.0]], [[1256.7414812095406, 0.0, 792.1125740759628], [0.0, 1256.7414812095406, 492.7757465151356], [0.0, 0.0, 1.0]], [[809.2209905677063, 0.0, 829.2196003259838], [0.0, 809.2209905677063, 481.77842384512485], [0.0, 0.0, 1.0]], [[1259.5137405846733, 0.0, 807.2529053838625], [0.0, 1259.5137405846733, 501.19579884916527], [0.0, 0.0, 1.0]]], "extrinsics": [[[0.8263912200927734, -0.5629885196685791, 0.011022801510989666, -0.789794921875], [-0.006840067449957132, -0.029610341414809227, -0.9995381236076355, 1.5067081451416016], [0.5630548596382141, 0.8259340524673462, -0.02832060493528843, -1.1577301025390625], [0.0, 0.0, 0.0, 1.0]], [[0.013885155320167542, -0.9993312358856201, 0.03382496163249016, 0.0054931640625], [-0.012090655043721199, -0.03399354964494705, -0.9993489384651184, 1.5183429718017578], [0.9998304843902588, 0.013467117212712765, -0.012554574757814407, -1.516845703125], [0.0, 0.0, 0.0, 1.0]], [[-0.8294365406036377, -0.5583999156951904, 0.014981705695390701, 0.91888427734375], [-0.006582779344171286, -0.01704728603363037, -0.9998329877853394, 1.5027313232421875], [0.5585620999336243, -0.8293967247009277, 0.010463820770382881, -1.174072265625], [0.0, 0.0, 0.0, 1.0]], [[0.9477474689483643, 0.31874290108680725, -0.013330521993339062, -1.1431884765625], [0.0021716465707868338, -0.04823056235909462, -0.9988338947296143, 1.5885581970214844], [-0.31901413202285767, 0.9466133117675781, -0.04640258848667145, -0.1036376953125], [0.0, 0.0, 0.0, 1.0]], [[3.367881799931638e-05, 0.9992774128913879, -0.0380086712539196, 0.003173828125], [-0.02322280779480934, -0.03799763694405556, -0.9990079998970032, 1.5782136917114258], [-0.9997303485870361, 0.0009163382346741855, 0.0232047438621521, -0.0469970703125], [0.0, 0.0, 0.0, 1.0]], [[-0.9364485144615173, 0.3504137396812439, -0.016564466059207916, 1.0452880859375], [0.00935254618525505, -0.022263560444116592, -0.9997084140777588, 1.5523414611816406], [-0.35068032145500183, -0.9363303780555725, 0.017571421340107918, -0.09881591796875], [0.0, 0.0, 0.0, 1.0]]], "view": [[0.0, -2.0, 100.0], [-2.0, 0.0, 100.0], [0.0, 0.0, 1.0]], "bev": "bev_084172e606dd4194a37454150a3b32b0.png", "aux": "aux_084172e606dd4194a37454150a3b32b0.npz", "visibility": "visibility_084172e606dd4194a37454150a3b32b0.png", "pose": [[0.17391808331012726, 0.9847601056098938, 0.0, 909.970947265625], [-0.9847601056098938, 0.17391808331012726, 0.0, 1705.352294921875], [0.0, 0.0, 1.0, 0.0], [0.0, 0.0, 0.0, 1.0]], "pose_inverse": [[0.17391808331012726, -0.9847601056098938, 0.0, 1521.1025390625], [0.9847601056098938, 0.17391808331012726, 0.0, -1192.6947021484375], [0.0, 0.0, 1.0, 0.0], [0.0, 0.0, 0.0, 1.0]], "cam_ids": [0, 1, 2, 3, 4, 5], "cam_channels": ["CAM_FRONT_LEFT", "CAM_FRONT", "CAM_FRONT_RIGHT", "CAM_BACK_LEFT", "CAM_BACK", "CAM_BACK_RIGHT"], "token": "084172e606dd4194a37454150a3b32b0", "scene": "scene-0955"}, {"images": ["samples/CAM_FRONT_LEFT/n015-2018-09-26-11-17-24+0800__CAM_FRONT_LEFT__1537932200355576.jpg", "samples/CAM_FRONT/n015-2018-09-26-11-17-24+0800__CAM_FRONT__1537932200362460.jpg", "samples/CAM_FRONT_RIGHT/n015-2018-09-26-11-17-24+0800__CAM_FRONT_RIGHT__1537932200370339.jpg", "samples/CAM_BACK_LEFT/n015-2018-09-26-11-17-24+0800__CAM_BACK_LEFT__1537932200397423.jpg", "samples/CAM_BACK/n015-2018-09-26-11-17-24+0800__CAM_BACK__1537932200387525.jpg", "samples/CAM_BACK_RIGHT/n015-2018-09-26-11-17-24+0800__CAM_BACK_RIGHT__1537932200377893.jpg"], "intrinsics": [[[1272.5979470598488, 0.0, 826.6154927353808], [0.0, 1272.5979470598488, 479.75165386361925], [0.0, 0.0, 1.0]], [[1266.417203046554, 0.0, 816.2670197447984], [0.0, 1266.417203046554, 491.50706579294757], [0.0, 0.0, 1.0]], [[1260.8474446004698, 0.0, 807.968244525554], [0.0, 1260.8474446004698, 495.3344268742088], [0.0, 0.0, 1.0]], [[1256.7414812095406, 0.0, 792.1125740759628], [0.0, 1256.7414812095406, 492.7757465151356], [0.0, 0.0, 1.0]], [[809.2209905677063, 0.0, 829.2196003259838], [0.0, 809.2209905677063, 481.77842384512485], [0.0, 0.0, 1.0]], [[1259.5137405846733, 0.0, 807.2529053838625], [0.0, 1259.5137405846733, 501.19579884916527], [0.0, 0.0, 1.0]]], "extrinsics": [[[0.8255900144577026, -0.5642704367637634, 0.00018161442130804062, -0.7725830078125], [-0.018058720976114273, -0.026743590831756592, -0.9994791746139526, 1.5040041208267212], [0.5639814138412476, 0.8251567482948303, -0.03226924315094948, -1.1476287841796875], [0.0, 0.0, 0.0, 1.0]], [[0.013069259002804756, -0.9994515776634216, 0.030425433069467545, 0.0069580078125], [-0.02312854863703251, -0.03072204999625683, -0.9992603659629822, 1.5160155296325684], [0.9996470808982849, 0.012355892919003963, -0.02351737767457962, -1.497802734375], [0.0, 0.0, 0.0, 1.0]], [[-0.8297513723373413, -0.5577055811882019, 0.02184261940419674, 0.9075927734375], [-0.01737426221370697, -0.013306427747011185, -0.9997604489326477, 1.5010366439819336], [0.5578626990318298, -0.8299321532249451, 0.001351304235868156, -1.165283203125], [0.0, 0.0, 0.0, 1.0]], [[0.9475669264793396, 0.3188546597957611, -0.021183080971240997, -1.1436767578125], [-0.007804808672517538, -0.04317673668265343, -0.999036967754364, 1.5885810852050781], [-0.3194621801376343, 0.9468196630477905, -0.03842424973845482, -0.1036376953125], [0.0, 0.0, 0.0, 1.0]], [[-2.3530228645540774e-06, 0.9994438290596008, -0.033349379897117615, 0.00286865234375], [-0.03350546956062317, -0.033330731093883514, -0.9988826513290405, 1.5775699615478516], [-0.9994385838508606, 0.00111503922380507, 0.03348691016435623, -0.051513671875], [0.0, 0.0, 0.0, 1.0]], [[-0.936328649520874, 0.3510865271091461, -0.005207236856222153, 1.0357666015625], [-0.0012226682156324387, -0.018090128898620605, -0.9998356103897095, 1.5513172149658203], [-0.35112300515174866, -0.936168372631073, 0.017367566004395485, -0.101409912109375], [0.0, 0.0, 0.0, 1.0]]], "view": [[0.0, -2.0, 100.0], [-2.0, 0.0, 100.0], [0.0, 0.0, 1.0]], "bev": "bev_418c54e4c2d543278d5336498cc9735d.png", "aux": "aux_418c54e4c2d543278d5336498cc9735d.npz", "visibility": "visibility_418c54e4c2d543278d5336498cc9735d.png", "pose": [[0.06696944683790207, 0.9977550506591797, 0.0, 910.29052734375], [-0.9977550506591797, 0.06696944683790207, 0.0, 1702.7073974609375], [0.0, 0.0, 1.0, 0.0], [0.0, 0.0, 0.0, 1.0]], "pose_inverse": [[0.06696944683790207, -0.9977550506591797, 0.0, 1637.9232177734375], [0.9977550506591797, 0.06696944683790207, 0.0, -1022.2763061523438], [0.0, 0.0, 1.0, 0.0], [0.0, 0.0, 0.0, 1.0]], "cam_ids": [0, 1, 2, 3, 4, 5], "cam_channels": ["CAM_FRONT_LEFT", "CAM_FRONT", "CAM_FRONT_RIGHT", "CAM_BACK_LEFT", "CAM_BACK", "CAM_BACK_RIGHT"], "token": "418c54e4c2d543278d5336498cc9735d", "scene": "scene-0955"}, {"images": ["samples/CAM_FRONT_LEFT/n015-2018-09-26-11-17-24+0800__CAM_FRONT_LEFT__1537932200854844.jpg", "samples/CAM_FRONT/n015-2018-09-26-11-17-24+0800__CAM_FRONT__1537932200862460.jpg", "samples/CAM_FRONT_RIGHT/n015-2018-09-26-11-17-24+0800__CAM_FRONT_RIGHT__1537932200870339.jpg", "samples/CAM_BACK_LEFT/n015-2018-09-26-11-17-24+0800__CAM_BACK_LEFT__1537932200897423.jpg", "samples/CAM_BACK/n015-2018-09-26-11-17-24+0800__CAM_BACK__1537932200887525.jpg", "samples/CAM_BACK_RIGHT/n015-2018-09-26-11-17-24+0800__CAM_BACK_RIGHT__1537932200877893.jpg"], "intrinsics": [[[1272.5979470598488, 0.0, 826.6154927353808], [0.0, 1272.5979470598488, 479.75165386361925], [0.0, 0.0, 1.0]], [[1266.417203046554, 0.0, 816.2670197447984], [0.0, 1266.417203046554, 491.50706579294757], [0.0, 0.0, 1.0]], [[1260.8474446004698, 0.0, 807.968244525554], [0.0, 1260.8474446004698, 495.3344268742088], [0.0, 0.0, 1.0]], [[1256.7414812095406, 0.0, 792.1125740759628], [0.0, 1256.7414812095406, 492.7757465151356], [0.0, 0.0, 1.0]], [[809.2209905677063, 0.0, 829.2196003259838], [0.0, 809.2209905677063, 481.77842384512485], [0.0, 0.0, 1.0]], [[1259.5137405846733, 0.0, 807.2529053838625], [0.0, 1259.5137405846733, 501.19579884916527], [0.0, 0.0, 1.0]]], "extrinsics": [[[0.8222847580909729, -0.5689732432365417, 0.01082974299788475, -0.741455078125], [-0.0005390053847804666, -0.019809072837233543, -0.9998036026954651, 1.508047103881836], [0.5690759420394897, 0.8221175074577332, -0.016595378518104553, -1.122283935546875], [0.0, 0.0, 0.0, 1.0]], [[0.007825072854757309, -0.9996949434280396, 0.023422805592417717, 0.0047607421875], [-0.005869151558727026, -0.02346903644502163, -0.9997074007987976, 1.5191707611083984], [0.9999521374702454, 0.007685311138629913, -0.006051008589565754, -1.4683837890625], [0.0, 0.0, 0.0, 1.0]], [[-0.8320510983467102, -0.5546878576278687, 0.0035221255384385586, 0.88775634765625], [-0.00031430006492882967, -0.005878171883523464, -0.9999826550483704, 1.50358247756958], [0.5546989440917969, -0.8320378065109253, 0.004716601222753525, -1.1541748046875], [0.0, 0.0, 0.0, 1.0]], [[0.9477671980857849, 0.3189447224140167, -0.0033911559730768204, -1.1451416015625], [0.008267835713922977, -0.035193946212530136, -0.9993463158607483, 1.588531494140625], [-0.31885555386543274, 0.9471197128295898, -0.03599265590310097, -0.102783203125], [0.0, 0.0, 0.0, 1.0]], [[0.0018751851748675108, 0.9996716380119324, -0.025555111467838287, 0.00347900390625], [-0.017108548432588577, -0.025519343093037605, -0.9995279312133789, 1.578300952911377], [-0.9998518824577332, 0.0023115109652280807, 0.017055077478289604, -0.0592041015625], [0.0, 0.0, 0.0, 1.0]], [[-0.9351676106452942, 0.3537341058254242, -0.018271956592798233, 1.0211181640625], [0.015548530034720898, -0.010539703071117401, -0.9998235702514648, 1.5533599853515625], [-0.35386428236961365, -0.9352867007255554, 0.004356343764811754, -0.10833740234375], [0.0, 0.0, 0.0, 1.0]]], "view": [[0.0, -2.0, 100.0], [-2.0, 0.0, 100.0], [0.0, 0.0, 1.0]], "bev": "bev_5bf1016afaf04886807137d0f78e58b7.png", "aux": "aux_5bf1016afaf04886807137d0f78e58b7.npz", "visibility": "visibility_5bf1016afaf04886807137d0f78e58b7.png", "pose": [[0.004583642352372408, 0.9999895095825195, 0.0, 910.396240234375], [-0.9999895095825195, 0.004583642352372408, 0.0, 1699.614501953125], [0.0, 0.0, 1.0, 0.0], [0.0, 0.0, 0.0, 1.0]], "pose_inverse": [[0.004583642352372408, -0.9999895095825195, 0.0, 1695.4237060546875], [0.9999895095825195, 0.004583642352372408, 0.0, -918.1771240234375], [0.0, 0.0, 1.0, 0.0], [0.0, 0.0, 0.0, 1.0]], "cam_ids": [0, 1, 2, 3, 4, 5], "cam_channels": ["CAM_FRONT_LEFT", "CAM_FRONT", "CAM_FRONT_RIGHT", "CAM_BACK_LEFT", "CAM_BACK", "CAM_BACK_RIGHT"], "token": "5bf1016afaf04886807137d0f78e58b7", "scene": "scene-0955"}, {"images": ["samples/CAM_FRONT_LEFT/n015-2018-09-26-11-17-24+0800__CAM_FRONT_LEFT__1537932201354844.jpg", "samples/CAM_FRONT/n015-2018-09-26-11-17-24+0800__CAM_FRONT__1537932201362460.jpg", "samples/CAM_FRONT_RIGHT/n015-2018-09-26-11-17-24+0800__CAM_FRONT_RIGHT__1537932201370339.jpg", "samples/CAM_BACK_LEFT/n015-2018-09-26-11-17-24+0800__CAM_BACK_LEFT__1537932201397423.jpg", "samples/CAM_BACK/n015-2018-09-26-11-17-24+0800__CAM_BACK__1537932201387525.jpg", "samples/CAM_BACK_RIGHT/n015-2018-09-26-11-17-24+0800__CAM_BACK_RIGHT__1537932201377893.jpg"], "intrinsics": [[[1272.5979470598488, 0.0, 826.6154927353808], [0.0, 1272.5979470598488, 479.75165386361925], [0.0, 0.0, 1.0]], [[1266.417203046554, 0.0, 816.2670197447984], [0.0, 1266.417203046554, 491.50706579294757], [0.0, 0.0, 1.0]], [[1260.8474446004698, 0.0, 807.968244525554], [0.0, 1260.8474446004698, 495.3344268742088], [0.0, 0.0, 1.0]], [[1256.7414812095406, 0.0, 792.1125740759628], [0.0, 1256.7414812095406, 492.7757465151356], [0.0, 0.0, 1.0]], [[809.2209905677063, 0.0, 829.2196003259838], [0.0, 809.2209905677063, 481.77842384512485], [0.0, 0.0, 1.0]], [[1259.5137405846733, 0.0, 807.2529053838625], [0.0, 1259.5137405846733, 501.19579884916527], [0.0, 0.0, 1.0]]], "extrinsics": [[[0.8213753700256348, -0.5703834891319275, 0.002250121906399727, -0.7308349609375], [-0.005476733203977346, -0.01183131244033575, -0.9999150037765503, 1.5066730976104736], [0.5703615546226501, 0.8212932348251343, -0.012841787189245224, -1.1165924072265625], [0.0, 0.0, 0.0, 1.0]], [[0.006578850094228983, -0.999855637550354, 0.015662962570786476, 0.0057373046875], [-0.010894223116338253, -0.01573403738439083, -0.9998168349266052, 1.5179734230041504], [0.9999189972877502, 0.006407007109373808, -0.01099616289138794, -1.45849609375], [0.0, 0.0, 0.0, 1.0]], [[-0.8326048851013184, -0.553855836391449, 0.0035670646466314793, 0.88177490234375], [-0.005408734083175659, 0.00169057073071599, -0.9999839067459106, 1.5026702880859375], [0.5538408756256104, -0.8326108455657959, -0.004403236322104931, -1.1494140625], [0.0, 0.0, 0.0, 1.0]], [[0.9477447271347046, 0.31896936893463135, -0.006197347771376371, -1.1463623046875], [0.0028434202540665865, -0.027870232239365578, -0.9996074438095093, 1.5885429382324219], [-0.3190169334411621, 0.9473551511764526, -0.027320832014083862, -0.102294921875], [0.0, 0.0, 0.0, 1.0]], [[0.0021373475901782513, 0.9998319745063782, -0.01820841059088707, 0.00323486328125], [-0.02243080735206604, -0.018155934289097786, -0.9995835423469543, 1.5779342651367188], [-0.9997460842132568, 0.002544888062402606, 0.02238823100924492, -0.061279296875], [0.0, 0.0, 0.0, 1.0]], [[-0.9349797964096069, 0.3545372784137726, -0.010779377073049545, 1.0159912109375], [0.0103526646271348, -0.003100424772128463, -0.9999415874481201, 1.552785873413086], [-0.35454997420310974, -0.9350367188453674, -0.0007715712999925017, -0.109893798828125], [0.0, 0.0, 0.0, 1.0]]], "view": [[0.0, -2.0, 100.0], [-2.0, 0.0, 100.0], [0.0, 0.0, 1.0]], "bev": "bev_6732b72abf884e41877682561a43d904.png", "aux": "aux_6732b72abf884e41877682561a43d904.npz", "visibility": "visibility_6732b72abf884e41877682561a43d904.png", "pose": [[-0.018896231427788734, 0.9998214244842529, 0.0, 910.37646484375], [-0.9998214244842529, -0.018896231427788734, 0.0, 1696.290283203125], [0.0, 0.0, 1.0, 0.0], [0.0, 0.0, 0.0, 1.0]], "pose_inverse": [[-0.018896231427788734, -0.9998214244842529, 0.0, 1713.1900634765625], [0.9998214244842529, -0.018896231427788734, 0.0, -878.160400390625], [0.0, 0.0, 1.0, 0.0], [0.0, 0.0, 0.0, 1.0]], "cam_ids": [0, 1, 2, 3, 4, 5], "cam_channels": ["CAM_FRONT_LEFT", "CAM_FRONT", "CAM_FRONT_RIGHT", "CAM_BACK_LEFT", "CAM_BACK", "CAM_BACK_RIGHT"], "token": "6732b72abf884e41877682561a43d904", "scene": "scene-0955"}, {"images": ["samples/CAM_FRONT_LEFT/n015-2018-09-26-11-17-24+0800__CAM_FRONT_LEFT__1537932201904844.jpg", "samples/CAM_FRONT/n015-2018-09-26-11-17-24+0800__CAM_FRONT__1537932201912460.jpg", "samples/CAM_FRONT_RIGHT/n015-2018-09-26-11-17-24+0800__CAM_FRONT_RIGHT__1537932201920410.jpg", "samples/CAM_BACK_LEFT/n015-2018-09-26-11-17-24+0800__CAM_BACK_LEFT__1537932201947423.jpg", "samples/CAM_BACK/n015-2018-09-26-11-17-24+0800__CAM_BACK__1537932201937525.jpg", "samples/CAM_BACK_RIGHT/n015-2018-09-26-11-17-24+0800__CAM_BACK_RIGHT__1537932201927893.jpg"], "intrinsics": [[[1272.5979470598488, 0.0, 826.6154927353808], [0.0, 1272.5979470598488, 479.75165386361925], [0.0, 0.0, 1.0]], [[1266.417203046554, 0.0, 816.2670197447984], [0.0, 1266.417203046554, 491.50706579294757], [0.0, 0.0, 1.0]], [[1260.8474446004698, 0.0, 807.968244525554], [0.0, 1260.8474446004698, 495.3344268742088], [0.0, 0.0, 1.0]], [[1256.7414812095406, 0.0, 792.1125740759628], [0.0, 1256.7414812095406, 492.7757465151356], [0.0, 0.0, 1.0]], [[809.2209905677063, 0.0, 829.2196003259838], [0.0, 809.2209905677063, 481.77842384512485], [0.0, 0.0, 1.0]], [[1259.5137405846733, 0.0, 807.2529053838625], [0.0, 1259.5137405846733, 501.19579884916527], [0.0, 0.0, 1.0]]], "extrinsics": [[[0.8208560347557068, -0.5710586905479431, -0.009344687685370445, -0.69970703125], [-0.015595369040966034, -0.00605572247877717, -0.9998600482940674, 1.5032291412353516], [0.5709221363067627, 0.8208869099617004, -0.013876747339963913, -1.097320556640625], [0.0, 0.0, 0.0, 1.0]], [[0.006031008902937174, -0.999928891658783, 0.010285199619829655, 0.0076904296875], [-0.02083520218729973, -0.010408807545900345, -0.9997287392616272, 1.5150394439697266], [0.999764621257782, 0.0058150761760771275, -0.02089649625122547, -1.427978515625], [0.0, 0.0, 0.0, 1.0]], [[-0.8328119516372681, -0.5534822940826416, 0.009026635438203812, 0.86334228515625], [-0.01515682227909565, 0.006499533541500568, -0.9998639822006226, 1.5005607604980469], [0.5533483624458313, -0.8328354954719543, -0.013801922090351582, -1.135498046875], [0.0, 0.0, 0.0, 1.0]], [[0.9476621747016907, 0.3189912736415863, -0.013447490520775318, -1.146240234375], [-0.0057672117836773396, -0.025009118020534515, -0.9996705651283264, 1.588571548461914], [-0.31922250986099243, 0.9474275708198547, -0.021860508248209953, -0.1021728515625], [0.0, 0.0, 0.0, 1.0]], [[0.0021544932387769222, 0.9998904466629028, -0.014645498245954514, 0.002685546875], [-0.0315316841006279, -0.014570321887731552, -0.999396562576294, 1.5770835876464844], [-0.9995003938674927, 0.002614992903545499, 0.031496837735176086, -0.0704345703125], [0.0, 0.0, 0.0, 1.0]], [[-0.9349217414855957, 0.35485371947288513, -0.0003601025673560798, 0.999267578125], [0.0008344693342223763, 0.0011837574420496821, -0.999998927116394, 1.5515735149383545], [-0.35485294461250305, -0.9349210858345032, -0.0014028357109054923, -0.1149749755859375], [0.0, 0.0, 0.0, 1.0]]], "view": [[0.0, -2.0, 100.0], [-2.0, 0.0, 100.0], [0.0, 0.0, 1.0]], "bev": "bev_5505abecff7847409a0041eb9a90d923.png", "aux": "aux_5505abecff7847409a0041eb9a90d923.npz", "visibility": "visibility_5505abecff7847409a0041eb9a90d923.png", "pose": [[-0.03057856112718582, 0.9995323419570923, 0.0, 910.2560424804688], [-0.9995323419570923, -0.03057856112718582, 0.0, 1692.333740234375], [0.0, 0.0, 1.0, 0.0], [0.0, 0.0, 0.0, 1.0]], "pose_inverse": [[-0.03057856112718582, -0.9995323419570923, 0.0, 1719.376708984375], [0.9995323419570923, -0.03057856112718582, 0.0, -858.0812377929688], [0.0, 0.0, 1.0, 0.0], [0.0, 0.0, 0.0, 1.0]], "cam_ids": [0, 1, 2, 3, 4, 5], "cam_channels": ["CAM_FRONT_LEFT", "CAM_FRONT", "CAM_FRONT_RIGHT", "CAM_BACK_LEFT", "CAM_BACK", "CAM_BACK_RIGHT"], "token": "5505abecff7847409a0041eb9a90d923", "scene": "scene-0955"}, {"images": ["samples/CAM_FRONT_LEFT/n015-2018-09-26-11-17-24+0800__CAM_FRONT_LEFT__1537932202404844.jpg", "samples/CAM_FRONT/n015-2018-09-26-11-17-24+0800__CAM_FRONT__1537932202412460.jpg", "samples/CAM_FRONT_RIGHT/n015-2018-09-26-11-17-24+0800__CAM_FRONT_RIGHT__1537932202420339.jpg", "samples/CAM_BACK_LEFT/n015-2018-09-26-11-17-24+0800__CAM_BACK_LEFT__1537932202447573.jpg", "samples/CAM_BACK/n015-2018-09-26-11-17-24+0800__CAM_BACK__1537932202437525.jpg", "samples/CAM_BACK_RIGHT/n015-2018-09-26-11-17-24+0800__CAM_BACK_RIGHT__1537932202427893.jpg"], "intrinsics": [[[1272.5979470598488, 0.0, 826.6154927353808], [0.0, 1272.5979470598488, 479.75165386361925], [0.0, 0.0, 1.0]], [[1266.417203046554, 0.0, 816.2670197447984], [0.0, 1266.417203046554, 491.50706579294757], [0.0, 0.0, 1.0]], [[1260.8474446004698, 0.0, 807.968244525554], [0.0, 1260.8474446004698, 495.3344268742088], [0.0, 0.0, 1.0]], [[1256.7414812095406, 0.0, 792.1125740759628], [0.0, 1256.7414812095406, 492.7757465151356], [0.0, 0.0, 1.0]], [[809.2209905677063, 0.0, 829.2196003259838], [0.0, 809.2209905677063, 481.77842384512485], [0.0, 0.0, 1.0]], [[1259.5137405846733, 0.0, 807.2529053838625], [0.0, 1259.5137405846733, 501.19579884916527], [0.0, 0.0, 1.0]]], "extrinsics": [[[0.8207105398178101, -0.5713267922401428, -0.004461392294615507, -0.67822265625], [-0.014767863787710667, -0.013406754471361637, -0.9998010396957397, 1.5031251907348633], [0.5711532831192017, 0.8206130862236023, -0.019440338015556335, -1.082672119140625], [0.0, 0.0, 0.0, 1.0]], [[0.005830266047269106, -0.9998314380645752, 0.01741080731153488, 0.00799560546875], [-0.01980455033481121, -0.01752314157783985, -0.9996503591537476, 1.5149078369140625], [0.9997868537902832, 0.005483417306095362, -0.01990337483584881, -1.4071044921875], [0.0, 0.0, 0.0, 1.0]], [[-0.8328900933265686, -0.5533126592636108, 0.011794712394475937, 0.84967041015625], [-0.013913079164922237, -0.0003714050690177828, -0.99990314245224, 1.5005874633789062], [0.5532634854316711, -0.8329735398292542, -0.007388942409306765, -1.1260986328125], [0.0, 0.0, 0.0, 1.0]], [[0.947723925113678, 0.3187892735004425, -0.013884598389267921, -1.1463623046875], [-0.004207128193229437, -0.031025497242808342, -0.9995096921920776, 1.5885543823242188], [-0.3190637528896332, 0.9473177194595337, -0.02806241624057293, -0.1016845703125], [0.0, 0.0, 0.0, 1.0]], [[0.0022154662292450666, 0.9997785091400146, -0.02093265950679779, 0.00274658203125], [-0.030007323250174522, -0.020856820046901703, -0.999332070350647, 1.5770339965820312], [-0.9995472431182861, 0.002842116868123412, 0.029954463243484497, -0.0758056640625], [0.0, 0.0, 0.0, 1.0]], [[-0.9348973035812378, 0.3548954129219055, -0.004044550936669111, 0.9888916015625], [0.0022592912428081036, -0.005444636102765799, -0.9999825954437256, 1.5518112182617188], [-0.3549112379550934, -0.9348902702331543, 0.004288363270461559, -0.11883544921875], [0.0, 0.0, 0.0, 1.0]]], "view": [[0.0, -2.0, 100.0], [-2.0, 0.0, 100.0], [0.0, 0.0, 1.0]], "bev": "bev_1d9f2007de8945b8ac009befd290098e.png", "aux": "aux_1d9f2007de8945b8ac009befd290098e.npz", "visibility": "visibility_1d9f2007de8945b8ac009befd290098e.png", "pose": [[-0.031796906143426895, 0.9994943737983704, 0.0, 910.1171875], [-0.9994943737983704, -0.031796906143426895, 0.0, 1688.343994140625], [0.0, 0.0, 1.0, 0.0], [0.0, 0.0, 0.0, 1.0]], "pose_inverse": [[-0.031796906143426895, -0.9994943737983704, 0.0, 1716.42919921875], [0.9994943737983704, -0.031796906143426895, 0.0, -855.9728393554688], [0.0, 0.0, 1.0, 0.0], [0.0, 0.0, 0.0, 1.0]], "cam_ids": [0, 1, 2, 3, 4, 5], "cam_channels": ["CAM_FRONT_LEFT", "CAM_FRONT", "CAM_FRONT_RIGHT", "CAM_BACK_LEFT", "CAM_BACK", "CAM_BACK_RIGHT"], "token": "1d9f2007de8945b8ac009befd290098e", "scene": "scene-0955"}, {"images": ["samples/CAM_FRONT_LEFT/n015-2018-09-26-11-17-24+0800__CAM_FRONT_LEFT__1537932202904844.jpg", "samples/CAM_FRONT/n015-2018-09-26-11-17-24+0800__CAM_FRONT__1537932202912460.jpg", "samples/CAM_FRONT_RIGHT/n015-2018-09-26-11-17-24+0800__CAM_FRONT_RIGHT__1537932202920339.jpg", "samples/CAM_BACK_LEFT/n015-2018-09-26-11-17-24+0800__CAM_BACK_LEFT__1537932202947423.jpg", "samples/CAM_BACK/n015-2018-09-26-11-17-24+0800__CAM_BACK__1537932202937525.jpg", "samples/CAM_BACK_RIGHT/n015-2018-09-26-11-17-24+0800__CAM_BACK_RIGHT__1537932202927893.jpg"], "intrinsics": [[[1272.5979470598488, 0.0, 826.6154927353808], [0.0, 1272.5979470598488, 479.75165386361925], [0.0, 0.0, 1.0]], [[1266.417203046554, 0.0, 816.2670197447984], [0.0, 1266.417203046554, 491.50706579294757], [0.0, 0.0, 1.0]], [[1260.8474446004698, 0.0, 807.968244525554], [0.0, 1260.8474446004698, 495.3344268742088], [0.0, 0.0, 1.0]], [[1256.7414812095406, 0.0, 792.1125740759628], [0.0, 1256.7414812095406, 492.7757465151356], [0.0, 0.0, 1.0]], [[809.2209905677063, 0.0, 829.2196003259838], [0.0, 809.2209905677063, 481.77842384512485], [0.0, 0.0, 1.0]], [[1259.5137405846733, 0.0, 807.2529053838625], [0.0, 1259.5137405846733, 501.19579884916527], [0.0, 0.0, 1.0]]], "extrinsics": [[[0.8206685781478882, -0.5714015960693359, -0.001789604895748198, -0.676025390625], [-0.01262682769447565, -0.01500377245247364, -0.9998077154159546, 1.5038642883300781], [0.5712648630142212, 0.8205334544181824, -0.019528115168213844, -1.08209228515625], [0.0, 0.0, 0.0, 1.0]], [[0.005669653415679932, -0.9998021721839905, 0.01905934140086174, 0.00860595703125], [-0.018061278387904167, -0.019158922135829926, -0.9996533393859863, 1.5153722763061523], [0.9998207688331604, 0.005323455668985844, -0.018166331574320793, -1.404541015625], [0.0, 0.0, 0.0, 1.0]], [[-0.8329657316207886, -0.5532025694847107, 0.011611474677920341, 0.84735107421875], [-0.012577141635119915, -0.0020502470433712006, -0.9999187588691711, 1.5008468627929688], [0.5531814694404602, -0.8330441117286682, -0.005249920766800642, -1.1241455078125], [0.0, 0.0, 0.0, 1.0]], [[0.9476432800292969, 0.319007009267807, -0.014378458261489868, -1.1435546875], [-0.004232317209243774, -0.032475825399160385, -0.9994634985923767, 1.58856201171875], [-0.31930282711982727, 0.9471957087516785, -0.02942536026239395, -0.103271484375], [0.0, 0.0, 0.0, 1.0]], [[0.002202462637796998, 0.9997426271438599, -0.02257683500647545, 0.00244140625], [-0.02956591732800007, -0.02250191755592823, -0.9993095397949219, 1.5769805908203125], [-0.9995604157447815, 0.002868447219952941, 0.02950875088572502, -0.07861328125], [0.0, 0.0, 0.0, 1.0]], [[-0.934867262840271, 0.3549546003341675, -0.005507871508598328, 0.9859619140625], [0.0031796141993254423, -0.007142281159758568, -0.999969482421875, 1.551966667175293], [-0.35498303174972534, -0.9348562359809875, 0.005548466462641954, -0.119537353515625], [0.0, 0.0, 0.0, 1.0]]], "view": [[0.0, -2.0, 100.0], [-2.0, 0.0, 100.0], [0.0, 0.0, 1.0]], "bev": "bev_f25fce81952240faa7f4f7a5adf65deb.png", "aux": "aux_f25fce81952240faa7f4f7a5adf65deb.npz", "visibility": "visibility_f25fce81952240faa7f4f7a5adf65deb.png", "pose": [[-0.029068520292639732, 0.9995774030685425, 0.0, 909.958740234375], [-0.9995774030685425, -0.029068520292639732, 0.0, 1684.274658203125], [0.0, 0.0, 1.0, 0.0], [0.0, 0.0, 0.0, 1.0]], "pose_inverse": [[-0.029068520292639732, -0.9995774030685425, 0.0, 1710.0140380859375], [0.9995774030685425, -0.029068520292639732, 0.0, -860.6148681640625], [0.0, 0.0, 1.0, 0.0], [0.0, 0.0, 0.0, 1.0]], "cam_ids": [0, 1, 2, 3, 4, 5], "cam_channels": ["CAM_FRONT_LEFT", "CAM_FRONT", "CAM_FRONT_RIGHT", "CAM_BACK_LEFT", "CAM_BACK", "CAM_BACK_RIGHT"], "token": "f25fce81952240faa7f4f7a5adf65deb", "scene": "scene-0955"}, {"images": ["samples/CAM_FRONT_LEFT/n015-2018-09-26-11-17-24+0800__CAM_FRONT_LEFT__1537932203404844.jpg", "samples/CAM_FRONT/n015-2018-09-26-11-17-24+0800__CAM_FRONT__1537932203412460.jpg", "samples/CAM_FRONT_RIGHT/n015-2018-09-26-11-17-24+0800__CAM_FRONT_RIGHT__1537932203420339.jpg", "samples/CAM_BACK_LEFT/n015-2018-09-26-11-17-24+0800__CAM_BACK_LEFT__1537932203447600.jpg", "samples/CAM_BACK/n015-2018-09-26-11-17-24+0800__CAM_BACK__1537932203437525.jpg", "samples/CAM_BACK_RIGHT/n015-2018-09-26-11-17-24+0800__CAM_BACK_RIGHT__1537932203427893.jpg"], "intrinsics": [[[1272.5979470598488, 0.0, 826.6154927353808], [0.0, 1272.5979470598488, 479.75165386361925], [0.0, 0.0, 1.0]], [[1266.417203046554, 0.0, 816.2670197447984], [0.0, 1266.417203046554, 491.50706579294757], [0.0, 0.0, 1.0]], [[1260.8474446004698, 0.0, 807.968244525554], [0.0, 1260.8474446004698, 495.3344268742088], [0.0, 0.0, 1.0]], [[1256.7414812095406, 0.0, 792.1125740759628], [0.0, 1256.7414812095406, 492.7757465151356], [0.0, 0.0, 1.0]], [[809.2209905677063, 0.0, 829.2196003259838], [0.0, 809.2209905677063, 481.77842384512485], [0.0, 0.0, 1.0]], [[1259.5137405846733, 0.0, 807.2529053838625], [0.0, 1259.5137405846733, 501.19579884916527], [0.0, 0.0, 1.0]]], "extrinsics": [[[0.8204318284988403, -0.5717046856880188, -0.006737766321748495, -0.6641845703125], [-0.01973596401512623, -0.016540851444005966, -0.9996684193611145, 1.5010871887207031], [0.5714036226272583, 0.8202927112579346, -0.0248537827283144, -1.073822021484375], [0.0, 0.0, 0.0, 1.0]], [[0.005598867312073708, -0.9997737407684326, 0.0205191969871521, 0.00885009765625], [-0.025039969012141228, -0.0206532571464777, -0.9994730949401855, 1.513082504272461], [0.9996707439422607, 0.0050821187905967236, -0.025149939581751823, -1.393310546875], [0.0, 0.0, 0.0, 1.0]], [[-0.8329390287399292, -0.5530681014060974, 0.018117805942893028, 0.840576171875], [-0.01942198909819126, -0.003502180799841881, -0.999805212020874, 1.4991569519042969], [0.5530238747596741, -0.8331286311149597, -0.007824580185115337, -1.1192626953125], [0.0, 0.0, 0.0, 1.0]], [[0.947523832321167, 0.3190021812915802, -0.020887650549411774, -1.1451416015625], [-0.010436664335429668, -0.0344359315931797, -0.9993523955345154, 1.5885992050170898], [-0.31951484084129333, 0.947128176689148, -0.029299551621079445, -0.1031494140625], [0.0, 0.0, 0.0, 1.0]], [[0.002080994425341487, 0.9997023344039917, -0.024308575317263603, 0.0023193359375], [-0.03595196455717087, -0.024218115955591202, -0.9990600347518921, 1.576385498046875], [-0.9993513822555542, 0.0029529782477766275, 0.0358908586204052, -0.08154296875], [0.0, 0.0, 0.0, 1.0]], [[-0.9348528385162354, 0.35503530502319336, 0.0001920391950989142, 0.98046875], [-0.003481517545878887, -0.008626401424407959, -0.9999567270278931, 1.5508819818496704], [-0.35501828789711, -0.9348131418228149, 0.009300476871430874, -0.121612548828125], [0.0, 0.0, 0.0, 1.0]]], "view": [[0.0, -2.0, 100.0], [-2.0, 0.0, 100.0], [0.0, 0.0, 1.0]], "bev": "bev_3fef6bc97aca44b7ae68a2304bbe57f4.png", "aux": "aux_3fef6bc97aca44b7ae68a2304bbe57f4.npz", "visibility": "visibility_3fef6bc97aca44b7ae68a2304bbe57f4.png", "pose": [[-0.02221190184354782, 0.9997532963752747, 0.0, 909.8245239257812], [-0.9997532963752747, -0.02221190184354782, 0.0, 1680.01904296875], [0.0, 0.0, 1.0, 0.0], [0.0, 0.0, 0.0, 1.0]], "pose_inverse": [[-0.02221190184354782, -0.9997532963752747, 0.0, 1699.8134765625], [0.9997532963752747, -0.02221190184354782, 0.0, -872.2836303710938], [0.0, 0.0, 1.0, 0.0], [0.0, 0.0, 0.0, 1.0]], "cam_ids": [0, 1, 2, 3, 4, 5], "cam_channels": ["CAM_FRONT_LEFT", "CAM_FRONT", "CAM_FRONT_RIGHT", "CAM_BACK_LEFT", "CAM_BACK", "CAM_BACK_RIGHT"], "token": "3fef6bc97aca44b7ae68a2304bbe57f4", "scene": "scene-0955"}, {"images": ["samples/CAM_FRONT_LEFT/n015-2018-09-26-11-17-24+0800__CAM_FRONT_LEFT__1537932203904844.jpg", "samples/CAM_FRONT/n015-2018-09-26-11-17-24+0800__CAM_FRONT__1537932203912460.jpg", "samples/CAM_FRONT_RIGHT/n015-2018-09-26-11-17-24+0800__CAM_FRONT_RIGHT__1537932203920339.jpg", "samples/CAM_BACK_LEFT/n015-2018-09-26-11-17-24+0800__CAM_BACK_LEFT__1537932203947517.jpg", "samples/CAM_BACK/n015-2018-09-26-11-17-24+0800__CAM_BACK__1537932203937525.jpg", "samples/CAM_BACK_RIGHT/n015-2018-09-26-11-17-24+0800__CAM_BACK_RIGHT__1537932203927915.jpg"], "intrinsics": [[[1272.5979470598488, 0.0, 826.6154927353808], [0.0, 1272.5979470598488, 479.75165386361925], [0.0, 0.0, 1.0]], [[1266.417203046554, 0.0, 816.2670197447984], [0.0, 1266.417203046554, 491.50706579294757], [0.0, 0.0, 1.0]], [[1260.8474446004698, 0.0, 807.968244525554], [0.0, 1260.8474446004698, 495.3344268742088], [0.0, 0.0, 1.0]], [[1256.7414812095406, 0.0, 792.1125740759628], [0.0, 1256.7414812095406, 492.7757465151356], [0.0, 0.0, 1.0]], [[809.2209905677063, 0.0, 829.2196003259838], [0.0, 809.2209905677063, 481.77842384512485], [0.0, 0.0, 1.0]], [[1259.5137405846733, 0.0, 807.2529053838625], [0.0, 1259.5137405846733, 501.19579884916527], [0.0, 0.0, 1.0]]], "extrinsics": [[[0.8205530047416687, -0.5715689063072205, 0.001322483061812818, -0.65087890625], [-0.010486224666237831, -0.01736748218536377, -0.9997941851615906, 1.5043388605117798], [0.5714742541313171, 0.8203701972961426, -0.02024454064667225, -1.0666961669921875], [0.0, 0.0, 0.0, 1.0]], [[0.005529061425477266, -0.9997549653053284, 0.0214299988001585, 0.01031494140625], [-0.01561620831489563, -0.021514037624001503, -0.9996466040611267, 1.5157456398010254], [0.9998626708984375, 0.005192452110350132, -0.015731338411569595, -1.3809814453125], [0.0, 0.0, 0.0, 1.0]], [[-0.8330226540565491, -0.553136944770813, 0.010609757155179977, 0.83343505859375], [-0.009815694764256477, -0.004397546872496605, -0.9999421238899231, 1.501297950744629], [0.5531516075134277, -0.8330787420272827, -0.0017661650199443102, -1.11328125], [0.0, 0.0, 0.0, 1.0]], [[0.9474264979362488, 0.3197779357433319, -0.011185944080352783, -1.1436767578125], [-6.600243068533018e-05, -0.03476366028189659, -0.9993955492973328, 1.5886116027832031], [-0.31997349858283997, 0.9468545317649841, -0.0329149067401886, -0.10498046875], [0.0, 0.0, 0.0, 1.0]], [[0.0020985871087759733, 0.9996881484985352, -0.024880973622202873, 0.00146484375], [-0.025933802127838135, -0.02481824904680252, -0.9993555545806885, 1.5771503448486328], [-0.999661386013031, 0.0027424932923167944, 0.025873631238937378, -0.0848388671875], [0.0, 0.0, 0.0, 1.0]], [[-0.9348351955413818, 0.35496100783348083, -0.009265832602977753, 0.974365234375], [0.006296011619269848, -0.009520754218101501, -0.9999348521232605, 1.5525550842285156], [-0.35502609610557556, -0.9348326325416565, 0.006665497086942196, -0.122833251953125], [0.0, 0.0, 0.0, 1.0]]], "view": [[0.0, -2.0, 100.0], [-2.0, 0.0, 100.0], [0.0, 0.0, 1.0]], "bev": "bev_9c315bfb13d241b2af116535109f858b.png", "aux": "aux_9c315bfb13d241b2af116535109f858b.npz", "visibility": "visibility_9c315bfb13d241b2af116535109f858b.png", "pose": [[-0.01199278887361288, 0.9999280571937561, 0.0, 909.7102661132812], [-0.9999280571937561, -0.01199278887361288, 0.0, 1675.6597900390625], [0.0, 0.0, 1.0, 0.0], [0.0, 0.0, 0.0, 1.0]], "pose_inverse": [[-0.01199278887361288, -0.9999280571937561, 0.0, 1686.44921875], [0.9999280571937561, -0.01199278887361288, 0.0, -889.5490112304688], [0.0, 0.0, 1.0, 0.0], [0.0, 0.0, 0.0, 1.0]], "cam_ids": [0, 1, 2, 3, 4, 5], "cam_channels": ["CAM_FRONT_LEFT", "CAM_FRONT", "CAM_FRONT_RIGHT", "CAM_BACK_LEFT", "CAM_BACK", "CAM_BACK_RIGHT"], "token": "9c315bfb13d241b2af116535109f858b", "scene": "scene-0955"}, {"images": ["samples/CAM_FRONT_LEFT/n015-2018-09-26-11-17-24+0800__CAM_FRONT_LEFT__1537932204404844.jpg", "samples/CAM_FRONT/n015-2018-09-26-11-17-24+0800__CAM_FRONT__1537932204412460.jpg", "samples/CAM_FRONT_RIGHT/n015-2018-09-26-11-17-24+0800__CAM_FRONT_RIGHT__1537932204420339.jpg", "samples/CAM_BACK_LEFT/n015-2018-09-26-11-17-24+0800__CAM_BACK_LEFT__1537932204447423.jpg", "samples/CAM_BACK/n015-2018-09-26-11-17-24+0800__CAM_BACK__1537932204437525.jpg", "samples/CAM_BACK_RIGHT/n015-2018-09-26-11-17-24+0800__CAM_BACK_RIGHT__1537932204427893.jpg"], "intrinsics": [[[1272.5979470598488, 0.0, 826.6154927353808], [0.0, 1272.5979470598488, 479.75165386361925], [0.0, 0.0, 1.0]], [[1266.417203046554, 0.0, 816.2670197447984], [0.0, 1266.417203046554, 491.50706579294757], [0.0, 0.0, 1.0]], [[1260.8474446004698, 0.0, 807.968244525554], [0.0, 1260.8474446004698, 495.3344268742088], [0.0, 0.0, 1.0]], [[1256.7414812095406, 0.0, 792.1125740759628], [0.0, 1256.7414812095406, 492.7757465151356], [0.0, 0.0, 1.0]], [[809.2209905677063, 0.0, 829.2196003259838], [0.0, 809.2209905677063, 481.77842384512485], [0.0, 0.0, 1.0]], [[1259.5137405846733, 0.0, 807.2529053838625], [0.0, 1259.5137405846733, 501.19579884916527], [0.0, 0.0, 1.0]]], "extrinsics": [[[0.8200432658195496, -0.5722585320472717, -0.0070149945095181465, -0.6368408203125], [-0.01872989535331726, -0.014584851451218128, -0.999718189239502, 1.5008678436279297], [0.5719949007034302, 0.8199434280395508, -0.022678552195429802, -1.0564117431640625], [0.0, 0.0, 0.0, 1.0]], [[0.005000099539756775, -0.9998168349266052, 0.0184724610298872, 0.01007080078125], [-0.023772047832608223, -0.01858631707727909, -0.999544620513916, 1.512838363647461], [0.999704897403717, 0.0045586940832436085, -0.02386062778532505, -1.3660888671875], [0.0, 0.0, 0.0, 1.0]], [[-0.8332175612449646, -0.5527243614196777, 0.015626300126314163, 0.82305908203125], [-0.01787182129919529, -0.0013255658559501171, -0.9998393654823303, 1.4991264343261719], [0.552656352519989, -0.8333630561828613, -0.00877370685338974, -1.1068115234375], [0.0, 0.0, 0.0, 1.0]], [[0.9474968314170837, 0.3192611634731293, -0.017945658415555954, -1.1407470703125], [-0.008215533569455147, -0.03179774805903435, -0.9994605779647827, 1.5885734558105469], [-0.3196595311164856, 0.9471331238746643, -0.02750536799430847, -0.10546875], [0.0, 0.0, 0.0, 1.0]],