[{"images": ["samples/CAM_FRONT_LEFT/n008-2018-09-18-14-54-39-0400__CAM_FRONT_LEFT__1537297653854799.jpg", "samples/CAM_FRONT/n008-2018-09-18-14-54-39-0400__CAM_FRONT__1537297653862404.jpg", "samples/CAM_FRONT_RIGHT/n008-2018-09-18-14-54-39-0400__CAM_FRONT_RIGHT__1537297653870482.jpg", "samples/CAM_BACK_LEFT/n008-2018-09-18-14-54-39-0400__CAM_BACK_LEFT__1537297653897405.jpg", "samples/CAM_BACK/n008-2018-09-18-14-54-39-0400__CAM_BACK__1537297653887558.jpg", "samples/CAM_BACK_RIGHT/n008-2018-09-18-14-54-39-0400__CAM_BACK_RIGHT__1537297653878113.jpg"], "intrinsics": [[[1257.8625342125129, 0.0, 827.2410631095686], [0.0, 1257.8625342125129, 450.915498205774], [0.0, 0.0, 1.0]], [[1252.8131021185304, 0.0, 826.588114781398], [0.0, 1252.8131021185304, 469.9846626224581], [0.0, 0.0, 1.0]], [[1256.7485116440405, 0.0, 817.7887570959712], [0.0, 1256.7485116440403, 451.9541780095127], [0.0, 0.0, 1.0]], [[1254.9860565800168, 0.0, 829.5769333630991], [0.0, 1254.9860565800168, 467.1680561863987], [0.0, 0.0, 1.0]], [[796.8910634503094, 0.0, 857.7774326863696], [0.0, 796.8910634503094, 476.8848988407415], [0.0, 0.0, 1.0]], [[1249.9629280788233, 0.0, 825.3768045375984], [0.0, 1249.9629280788233, 462.54816385708756], [0.0, 0.0, 1.0]]], "extrinsics": [[[0.8218178153038025, -0.5689209699630737, -0.030731629580259323, -0.769287109375], [-0.017669744789600372, 0.02846277318894863, -0.9994386434555054, 1.483194351196289], [0.569476306438446, 0.8218995928764343, 0.013338527642190456, -1.1722412109375], [0.0, 0.0, 0.0, 1.0]], [[0.009343658573925495, -0.9996462464332581, -0.024900268763303757, 0.0092315673828125], [-0.015715191140770912, 0.024751480668783188, -0.9995701313018799, 1.4763946533203125], [0.9998328685760498, 0.009731006808578968, -0.015478362329304218, -1.49755859375], [0.0, 0.0, 0.0, 1.0]], [[-0.8444159626960754, -0.5356829762458801, -0.002307953778654337, 0.9342041015625], [-0.007750167511403561, 0.016524579375982285, -0.999833345413208, 1.4916057586669922], [0.5356319546699524, -0.8442574143409729, -0.01810525543987751, -1.1767578125], [0.0, 0.0, 0.0, 1.0]], [[0.9476215839385986, 0.3187114894390106, -0.02088695392012596, -1.1287841796875], [-0.03323229029774666, 0.033346276730298996, -0.9988911747932434, 1.5615272521972656], [-0.3176616430282593, 0.9472650289535522, 0.042191166430711746, -0.160888671875], [0.0, 0.0, 0.0, 1.0]], [[0.00988021120429039, 0.999640703201294, 0.024918310344219208, -0.028472900390625], [-0.031056540086865425, 0.025214266031980515, -0.9991995096206665, 1.5656280517578125], [-0.9994688630104065, 0.009098358452320099, 0.031294502317905426, -0.033447265625], [0.0, 0.0, 0.0, 1.0]], [[-0.923317551612854, 0.3831847906112671, 0.02557539939880371, 1.0333251953125], [-0.026887664571404457, 0.0019318392733111978, -0.9996365904808044, 1.5441169738769531], [-0.3830948770046234, -0.923669695854187, 0.008519241586327553, -0.09564208984375], [0.0, 0.0, 0.0, 1.0]]], "view": [[0.0, -2.0, 100.0], [-2.0, 0.0, 100.0], [0.0, 0.0, 1.0]], "bev": "bev_c4bfd781001842f98f2677379c079e29.png", "aux": "aux_c4bfd781001842f98f2677379c079e29.npz", "visibility": "visibility_c4bfd781001842f98f2677379c079e29.png", "pose": [[-0.4876963496208191, 0.8730133175849915, 0.0, 750.5706176757812], [-0.8730133175849915, -0.4876963496208191, 0.0, 1771.3411865234375], [0.0, 0.0, 1.0, 0.0], [0.0, 0.0, 0.0, 1.0]], "pose_inverse": [[-0.4876963496208191, -0.8730133175849915, 0.0, 1912.4549560546875], [0.8730133175849915, -0.4876963496208191, 0.0, 208.61849975585938], [0.0, 0.0, 1.0, 0.0], [0.0, 0.0, 0.0, 1.0]], "cam_ids": [0, 1, 2, 3, 4, 5], "cam_channels": ["CAM_FRONT_LEFT", "CAM_FRONT", "CAM_FRONT_RIGHT", "CAM_BACK_LEFT", "CAM_BACK", "CAM_BACK_RIGHT"], "token": "c4bfd781001842f98f2677379c079e29", "scene": "scene-0896"}, {"images": ["samples/CAM_FRONT_LEFT/n008-2018-09-18-14-54-39-0400__CAM_FRONT_LEFT__1537297654354799.jpg", "samples/CAM_FRONT/n008-2018-09-18-14-54-39-0400__CAM_FRONT__1537297654362404.jpg", "samples/CAM_FRONT_RIGHT/n008-2018-09-18-14-54-39-0400__CAM_FRONT_RIGHT__1537297654370482.jpg", "samples/CAM_BACK_LEFT/n008-2018-09-18-14-54-39-0400__CAM_BACK_LEFT__1537297654397405.jpg", "samples/CAM_BACK/n008-2018-09-18-14-54-39-0400__CAM_BACK__1537297654387558.jpg", "samples/CAM_BACK_RIGHT/n008-2018-09-18-14-54-39-0400__CAM_BACK_RIGHT__1537297654378113.jpg"], "intrinsics": [[[1257.8625342125129, 0.0, 827.2410631095686], [0.0, 1257.8625342125129, 450.915498205774], [0.0, 0.0, 1.0]], [[1252.8131021185304, 0.0, 826.588114781398], [0.0, 1252.8131021185304, 469.9846626224581], [0.0, 0.0, 1.0]], [[1256.7485116440405, 0.0, 817.7887570959712], [0.0, 1256.7485116440403, 451.9541780095127], [0.0, 0.0, 1.0]], [[1254.9860565800168, 0.0, 829.5769333630991], [0.0, 1254.9860565800168, 467.1680561863987], [0.0, 0.0, 1.0]], [[796.8910634503094, 0.0, 857.7774326863696], [0.0, 796.8910634503094, 476.8848988407415], [0.0, 0.0, 1.0]], [[1249.9629280788233, 0.0, 825.3768045375984], [0.0, 1249.9629280788233, 462.54816385708756], [0.0, 0.0, 1.0]]], "extrinsics": [[[0.8219324946403503, -0.5691447257995605, -0.02238813415169716, -0.7799072265625], [-0.010394704528152943, 0.02431114949285984, -0.9996503591537476, 1.4853639602661133], [0.5694900751113892, 0.8218778967857361, 0.014066031202673912, -1.18359375], [0.0, 0.0, 0.0, 1.0]], [[0.009396840818226337, -0.999755859375, -0.019993413239717484, 0.0116424560546875], [-0.00853708479553461, 0.019913356751203537, -0.9997652173042297, 1.478165626525879], [0.9999192953109741, 0.009565353393554688, -0.00834787916392088, -1.5103759765625], [0.0, 0.0, 0.0, 1.0]], [[-0.8444178104400635, -0.535658597946167, -0.0053193955682218075, 0.9439697265625], [-0.0006334183854050934, 0.010928500443696976, -0.9999400973320007, 1.4929258823394775], [0.5356846451759338, -0.8443638682365417, -0.009567517787218094, -1.18060302734375], [0.0, 0.0, 0.0, 1.0]], [[0.9477495551109314, 0.3185656666755676, -0.016927989199757576, -1.1328125], [-0.026339760050177574, 0.02525942027568817, -0.9993338584899902, 1.5617027282714844], [-0.3179258704185486, 0.9475641250610352, 0.032330550253391266, -0.160736083984375], [0.0, 0.0, 0.0, 1.0]], [[0.009720259346067905, 0.9997943043708801, 0.017798852175474167, -0.0297393798828125], [-0.024160657078027725, 0.018029319122433662, -0.9995454549789429, 1.5662841796875], [-0.9996607899665833, 0.009285852313041687, 0.02433093823492527, -0.02783203125], [0.0, 0.0, 0.0, 1.0]], [[-0.9234654307365417, 0.38332077860832214, 0.01663445681333542, 1.0399169921875], [-0.019829319790005684, -0.004384493920952082, -0.9997937679290771, 1.5452461242675781], [-0.3831687569618225, -0.9236049056053162, 0.011649919673800468, -0.09130859375], [0.0, 0.0, 0.0, 1.0]]], "view": [[0.0, -2.0, 100.0], [-2.0, 0.0, 100.0], [0.0, 0.0, 1.0]], "bev": "bev_f53c5904001245c9840530680b1184ce.png", "aux": "aux_f53c5904001245c9840530680b1184ce.npz", "visibility": "visibility_f53c5904001245c9840530680b1184ce.png", "pose": [[-0.48761916160583496, 0.8730564117431641, 0.0, 749.0136108398438], [-0.8730564117431641, -0.48761916160583496, 0.0, 1768.654296875], [0.0, 0.0, 1.0, 0.0], [0.0, 0.0, 0.0, 1.0]], "pose_inverse": [[-0.48761916160583496, -0.8730564117431641, 0.0, 1909.368408203125], [0.8730564117431641, -0.48761916160583496, 0.0, 208.4985809326172], [0.0, 0.0, 1.0, 0.0], [0.0, 0.0, 0.0, 1.0]], "cam_ids": [0, 1, 2, 3, 4, 5], "cam_channels": ["CAM_FRONT_LEFT", "CAM_FRONT", "CAM_FRONT_RIGHT", "CAM_BACK_LEFT", "CAM_BACK", "CAM_BACK_RIGHT"], "token": "f53c5904001245c9840530680b1184ce", "scene": "scene-0896"}, {"images": ["samples/CAM_FRONT_LEFT/n008-2018-09-18-14-54-39-0400__CAM_FRONT_LEFT__1537297654904799.jpg", "samples/CAM_FRONT/n008-2018-09-18-14-54-39-0400__CAM_FRONT__1537297654912404.jpg", "samples/CAM_FRONT_RIGHT/n008-2018-09-18-14-54-39-0400__CAM_FRONT_RIGHT__1537297654920482.jpg", "samples/CAM_BACK_LEFT/n008-2018-09-18-14-54-39-0400__CAM_BACK_LEFT__1537297654947405.jpg", "samples/CAM_BACK/n008-2018-09-18-14-54-39-0400__CAM_BACK__1537297654937558.jpg", "samples/CAM_BACK_RIGHT/n008-2018-09-18-14-54-39-0400__CAM_BACK_RIGHT__1537297654928113.jpg"], "intrinsics": [[[1257.8625342125129, 0.0, 827.2410631095686], [0.0, 1257.8625342125129, 450.915498205774], [0.0, 0.0, 1.0]], [[1252.8131021185304, 0.0, 826.588114781398], [0.0, 1252.8131021185304, 469.9846626224581], [0.0, 0.0, 1.0]], [[1256.7485116440405, 0.0, 817.7887570959712], [0.0, 1256.7485116440403, 451.9541780095127], [0.0, 0.0, 1.0]], [[1254.9860565800168, 0.0, 829.5769333630991], [0.0, 1254.9860565800168, 467.1680561863987], [0.0, 0.0, 1.0]], [[796.8910634503094, 0.0, 857.7774326863696], [0.0, 796.8910634503094, 476.8848988407415], [0.0, 0.0, 1.0]], [[1249.9629280788233, 0.0, 825.3768045375984], [0.0, 1249.9629280788233, 462.54816385708756], [0.0, 0.0, 1.0]]], "extrinsics": [[[0.8224920630455017, -0.5685173273086548, -0.017172927036881447, -0.78369140625], [0.001360339461825788, 0.03215891122817993, -0.9994818568229675, 1.488511085510254], [0.5687749981880188, 0.8220424652099609, 0.027223823592066765, -1.1856689453125], [0.0, 0.0, 0.0, 1.0]], [[0.010072012431919575, -0.9995535612106323, -0.02812827005982399, 0.0111236572265625], [0.003051645588129759, 0.02816028892993927, -0.9995988011360168, 1.480738639831543], [0.9999445676803589, 0.009982124902307987, 0.0033339119981974363, -1.512939453125], [0.0, 0.0, 0.0, 1.0]], [[-0.8441676497459412, -0.5357195138931274, -0.019632620736956596, 0.9442138671875], [0.010820928029716015, 0.019586792215704918, -0.9997496008872986, 1.4949150085449219], [0.5359699130058289, -0.8441687822341919, -0.010737557895481586, -1.18157958984375], [0.0, 0.0, 0.0, 1.0]], [[0.947856068611145, 0.31868472695350647, -0.0029669851064682007, -1.1300048828125], [-0.014872592873871326, 0.03493179753422737, -0.9992790222167969, 1.5618171691894531], [-0.3183513283729553, 0.947216808795929, 0.03784998878836632, -0.161102294921875], [0.0, 0.0, 0.0, 1.0]], [[0.009389947168529034, 0.9995860457420349, 0.027194371446967125, -0.0292205810546875], [-0.012580164708197117, 0.027311507612466812, -0.9995477795600891, 1.5671100616455078], [-0.9998767375946045, 0.0090436190366745, 0.012831411324441433, -0.0291748046875], [0.0, 0.0, 0.0, 1.0]], [[-0.9236649870872498, 0.3830850422382355, 0.009421835653483868, 1.0401611328125], [-0.008296937681734562, 0.004588588606566191, -0.9999549984931946, 1.546727180480957], [-0.3831109404563904, -0.9237016439437866, -0.0010598866501823068, -0.09173583984375], [0.0, 0.0, 0.0, 1.0]]], "view": [[0.0, -2.0, 100.0], [-2.0, 0.0, 100.0], [0.0, 0.0, 1.0]], "bev": "bev_1314b7d95b0e4acfbcc2de44c614f909.png", "aux": "aux_1314b7d95b0e4acfbcc2de44c614f909.npz", "visibility": "visibility_1314b7d95b0e4acfbcc2de44c614f909.png", "pose": [[-0.48507022857666016, 0.8744751811027527, 0.0, 747.3760375976562], [-0.8744751811027527, -0.48507022857666016, 0.0, 1765.7835693359375], [0.0, 0.0, 1.0, 0.0], [0.0, 0.0, 0.0, 1.0]], "pose_inverse": [[-0.48507022857666016, -0.8744751811027527, 0.0, 1906.663818359375], [0.8744751811027527, -0.48507022857666016, 0.0, 202.9672088623047], [0.0, 0.0, 1.0, 0.0], [0.0, 0.0, 0.0, 1.0]], "cam_ids": [0, 1, 2, 3, 4, 5], "cam_channels": ["CAM_FRONT_LEFT", "CAM_FRONT", "CAM_FRONT_RIGHT", "CAM_BACK_LEFT", "CAM_BACK", "CAM_BACK_RIGHT"], "token": "1314b7d95b0e4acfbcc2de44c614f909", "scene": "scene-0896"}, {"images": ["samples/CAM_FRONT_LEFT/n008-2018-09-18-14-54-39-0400__CAM_FRONT_LEFT__1537297655404799.jpg", "samples/CAM_FRONT/n008-2018-09-18-14-54-39-0400__CAM_FRONT__1537297655412404.jpg", "samples/CAM_FRONT_RIGHT/n008-2018-09-18-14-54-39-0400__CAM_FRONT_RIGHT__1537297655420482.jpg", "samples/CAM_BACK_LEFT/n008-2018-09-18-14-54-39-0400__CAM_BACK_LEFT__1537297655447546.jpg", "samples/CAM_BACK/n008-2018-09-18-14-54-39-0400__CAM_BACK__1537297655437558.jpg", "samples/CAM_BACK_RIGHT/n008-2018-09-18-14-54-39-0400__CAM_BACK_RIGHT__1537297655428113.jpg"], "intrinsics": [[[1257.8625342125129, 0.0, 827.2410631095686], [0.0, 1257.8625342125129, 450.915498205774], [0.0, 0.0, 1.0]], [[1252.8131021185304, 0.0, 826.588114781398], [0.0, 1252.8131021185304, 469.9846626224581], [0.0, 0.0, 1.0]], [[1256.7485116440405, 0.0, 817.7887570959712], [0.0, 1256.7485116440403, 451.9541780095127], [0.0, 0.0, 1.0]], [[1254.9860565800168, 0.0, 829.5769333630991], [0.0, 1254.9860565800168, 467.1680561863987], [0.0, 0.0, 1.0]], [[796.8910634503094, 0.0, 857.7774326863696], [0.0, 796.8910634503094, 476.8848988407415], [0.0, 0.0, 1.0]], [[1249.9629280788233, 0.0, 825.3768045375984], [0.0, 1249.9629280788233, 462.54816385708756], [0.0, 0.0, 1.0]]], "extrinsics": [[[0.822212815284729, -0.568565845489502, -0.026440640911459923, -0.796142578125], [-0.004893619567155838, 0.039390698075294495, -0.999211847782135, 1.486865758895874], [0.5691592693328857, 0.8216941356658936, 0.029605189338326454, -1.195068359375], [0.0, 0.0, 0.0, 1.0]], [[0.009838810190558434, -0.9993268251419067, -0.03534381464123726, 0.011810302734375], [-0.0030432494822889566, 0.035315439105033875, -0.9993715882301331, 1.4793781042099], [0.9999469518661499, 0.00994016695767641, -0.0026937376242130995, -1.5263671875], [0.0, 0.0, 0.0, 1.0]], [[-0.8441818356513977, -0.535740852355957, -0.018404435366392136, 0.9547119140625], [0.00487054418772459, 0.026665963232517242, -0.9996324777603149, 1.493769645690918], [0.5360348224639893, -0.8439613580703735, -0.019901573657989502, -1.18701171875], [0.0, 0.0, 0.0, 1.0]], [[0.9478297233581543, 0.31873008608818054, -0.00547833601012826, -1.1324462890625], [-0.01987704262137413, 0.041940249502658844, -0.9989223480224609, 1.5617904663085938], [-0.3181568682193756, 0.9469171762466431, 0.04608762264251709, -0.160247802734375], [0.0, 0.0, 0.0, 1.0]], [[0.009455638006329536, 0.9993703961372375, 0.034195899963378906, -0.0297698974609375], [-0.018095524981617928, 0.03436284139752388, -0.9992455840110779, 1.5667800903320312], [-0.9997916221618652, 0.008829684928059578, 0.01840905286371708, -0.0234375], [0.0, 0.0, 0.0, 1.0]], [[-0.9236518740653992, 0.382832795381546, 0.017500853165984154, 1.0482177734375], [-0.01412195060402155, 0.011634736321866512, -0.9998325705528259, 1.5460777282714844], [-0.38297224044799805, -0.9237443804740906, -0.005340099800378084, -0.08740234375], [0.0, 0.0, 0.0, 1.0]]], "view": [[0.0, -2.0, 100.0], [-2.0, 0.0, 100.0], [0.0, 0.0, 1.0]], "bev": "bev_c327b44bce5943798c31ec3e0eefe199.png", "aux": "aux_c327b44bce5943798c31ec3e0eefe199.npz", "visibility": "visibility_c327b44bce5943798c31ec3e0eefe199.png", "pose": [[-0.4829453229904175, 0.8756505250930786, 0.0, 745.9424438476562], [-0.8756505250930786, -0.4829453229904175, 0.0, 1763.2779541015625], [0.0, 0.0, 1.0, 0.0], [0.0, 0.0, 0.0, 1.0]], "pose_inverse": [[-0.4829453229904175, -0.8756505250930786, 0.0, 1904.2646484375], [0.8756505250930786, -0.4829453229904175, 0.0, 198.38192749023438], [0.0, 0.0, 1.0, 0.0], [0.0, 0.0, 0.0, 1.0]], "cam_ids": [0, 1, 2, 3, 4, 5], "cam_channels": ["CAM_FRONT_LEFT", "CAM_FRONT", "CAM_FRONT_RIGHT", "CAM_BACK_LEFT", "CAM_BACK", "CAM_BACK_RIGHT"], "token": "c327b44bce5943798c31ec3e0eefe199", "scene": "scene-0896"}, {"images": ["samples/CAM_FRONT_LEFT/n008-2018-09-18-14-54-39-0400__CAM_FRONT_LEFT__1537297655904799.jpg", "samples/CAM_FRONT/n008-2018-09-18-14-54-39-0400__CAM_FRONT__1537297655912404.jpg", "samples/CAM_FRONT_RIGHT/n008-2018-09-18-14-54-39-0400__CAM_FRONT_RIGHT__1537297655920482.jpg", "samples/CAM_BACK_LEFT/n008-2018-09-18-14-54-39-0400__CAM_BACK_LEFT__1537297655947405.jpg", "samples/CAM_BACK/n008-2018-09-18-14-54-39-0400__CAM_BACK__1537297655937558.jpg", "samples/CAM_BACK_RIGHT/n008-2018-09-18-14-54-39-0400__CAM_BACK_RIGHT__1537297655928113.jpg"], "intrinsics": [[[1257.8625342125129, 0.0, 827.2410631095686], [0.0, 1257.8625342125129, 450.915498205774], [0.0, 0.0, 1.0]], [[1252.8131021185304, 0.0, 826.588114781398], [0.0, 1252.8131021185304, 469.9846626224581], [0.0, 0.0, 1.0]], [[1256.7485116440405, 0.0, 817.7887570959712], [0.0, 1256.7485116440403, 451.9541780095127], [0.0, 0.0, 1.0]], [[1254.9860565800168, 0.0, 829.5769333630991], [0.0, 1254.9860565800168, 467.1680561863987], [0.0, 0.0, 1.0]], [[796.8910634503094, 0.0, 857.7774326863696], [0.0, 796.8910634503094, 476.8848988407415], [0.0, 0.0, 1.0]], [[1249.9629280788233, 0.0, 825.3768045375984], [0.0, 1249.9629280788233, 462.54816385708756], [0.0, 0.0, 1.0]]], "extrinsics": [[[0.8224572539329529, -0.5684822201728821, -0.019802216440439224, -0.8035888671875], [-0.0018619996262714267, 0.03212158754467964, -0.999482274055481, 1.4877185821533203], [0.5688239336013794, 0.8220682740211487, 0.025360116735100746, -1.1988525390625], [0.0, 0.0, 0.0, 1.0]], [[0.010163997299969196, -0.999558687210083, -0.027914268895983696, 0.0106048583984375], [9.995177242672071e-05, 0.02791672572493553, -0.9996102452278137, 1.4800958633422852], [0.9999483227729797, 0.010157207027077675, 0.0003836519317701459, -1.5333251953125], [0.0, 0.0, 0.0, 1.0]], [[-0.844048798084259, -0.5359929800033569, -0.017119670286774635, 0.95849609375], [0.008130735717713833, 0.019129415974020958, -0.9997839331626892, 1.4943084716796875], [0.5362046957015991, -0.8440057039260864, -0.011788146570324898, -1.1907958984375], [0.0, 0.0, 0.0, 1.0]], [[0.9478430151939392, 0.3186924159526825, -0.005365466233342886, -1.132080078125], [-0.01709567941725254, 0.034021660685539246, -0.9992748498916626, 1.5618228912353516], [-0.31827878952026367, 0.9472474455833435, 0.03769545629620552, -0.160308837890625], [0.0, 0.0, 0.0, 1.0]], [[0.009313798509538174, 0.9996072053909302, 0.026434943079948425, -0.02923583984375], [-0.01499978732317686, 0.026572776958346367, -0.9995343089103699, 1.5670490264892578], [-0.9998440742492676, 0.008913015015423298, 0.015241388231515884, -0.0216064453125], [0.0, 0.0, 0.0, 1.0]], [[-0.9237338304519653, 0.3828602731227875, 0.011567424051463604, 1.0521240234375], [-0.010877734050154686, 0.00396624905988574, -0.9999330043792725, 1.5465354919433594], [-0.38288047909736633, -0.9237977266311646, 0.0005008943262510002, -0.08660888671875], [0.0, 0.0, 0.0, 1.0]]], "view": [[0.0, -2.0, 100.0], [-2.0, 0.0, 100.0], [0.0, 0.0, 1.0]], "bev": "bev_3d2ec74816a54cb6b34a46a0e7e9e421.png", "aux": "aux_3d2ec74816a54cb6b34a46a0e7e9e421.npz", "visibility": "visibility_3d2ec74816a54cb6b34a46a0e7e9e421.png", "pose": [[-0.48229748010635376, 0.8760074973106384, 0.0, 744.587158203125], [-0.8760074973106384, -0.48229748010635376, 0.0, 1760.90966796875], [0.0, 0.0, 1.0, 0.0], [0.0, 0.0, 0.0, 1.0]], "pose_inverse": [[-0.48229748010635376, -0.8760074973106384, 0.0, 1901.6826171875], [0.8760074973106384, -0.48229748010635376, 0.0, 197.01832580566406], [0.0, 0.0, 1.0, 0.0], [0.0, 0.0, 0.0, 1.0]], "cam_ids": [0, 1, 2, 3, 4, 5], "cam_channels": ["CAM_FRONT_LEFT", "CAM_FRONT", "CAM_FRONT_RIGHT", "CAM_BACK_LEFT", "CAM_BACK", "CAM_BACK_RIGHT"], "token": "3d2ec74816a54cb6b34a46a0e7e9e421", "scene": "scene-0896"}, {"images": ["samples/CAM_FRONT_LEFT/n008-2018-09-18-14-54-39-0400__CAM_FRONT_LEFT__1537297656404799.jpg", "samples/CAM_FRONT/n008-2018-09-18-14-54-39-0400__CAM_FRONT__1537297656412404.jpg", "samples/CAM_FRONT_RIGHT/n008-2018-09-18-14-54-39-0400__CAM_FRONT_RIGHT__1537297656420482.jpg", "samples/CAM_BACK_LEFT/n008-2018-09-18-14-54-39-0400__CAM_BACK_LEFT__1537297656447405.jpg", "samples/CAM_BACK/n008-2018-09-18-14-54-39-0400__CAM_BACK__1537297656437558.jpg", "samples/CAM_BACK_RIGHT/n008-2018-09-18-14-54-39-0400__CAM_BACK_RIGHT__1537297656428113.jpg"], "intrinsics": [[[1257.8625342125129, 0.0, 827.2410631095686], [0.0, 1257.8625342125129, 450.915498205774], [0.0, 0.0, 1.0]], [[1252.8131021185304, 0.0, 826.588114781398], [0.0, 1252.8131021185304, 469.9846626224581], [0.0, 0.0, 1.0]], [[1256.7485116440405, 0.0, 817.7887570959712], [0.0, 1256.7485116440403, 451.9541780095127], [0.0, 0.0, 1.0]], [[1254.9860565800168, 0.0, 829.5769333630991], [0.0, 1254.9860565800168, 467.1680561863987], [0.0, 0.0, 1.0]], [[796.8910634503094, 0.0, 857.7774326863696], [0.0, 796.8910634503094, 476.8848988407415], [0.0, 0.0, 1.0]], [[1249.9629280788233, 0.0, 825.3768045375984], [0.0, 1249.9629280788233, 462.54816385708756], [0.0, 0.0, 1.0]]], "extrinsics": [[[0.8227277994155884, -0.5683502554893494, -0.009840484708547592, -0.8212890625], [0.005505730397999287, 0.02527826465666294, -0.9996652603149414, 1.4894161224365234], [0.5684088468551636, 0.82239830493927, 0.02392631396651268, -1.2109375], [0.0, 0.0, 0.0, 1.0]], [[0.010561651550233364, -0.9997156262397766, -0.02137947455048561, 0.01031494140625], [0.007406818680465221, 0.021458294242620468, -0.999742329120636, 1.481454849243164], [0.9999167323112488, 0.010400546714663506, 0.007631347514688969, -1.552001953125], [0.0, 0.0, 0.0, 1.0]], [[-0.8438353538513184, -0.5362293720245361, -0.019998030737042427, 0.9716796875], [0.015381839126348495, 0.013080623932182789, -0.9997960925102234, 1.4952259063720703], [0.5363816022872925, -0.8439709544181824, -0.0027897008694708347, -1.19903564453125], [0.0, 0.0, 0.0, 1.0]], [[0.9478650093078613, 0.31867215037345886, -0.0001377846347168088, -1.13427734375], [-0.009982908144593239, 0.029261203482747078, -0.9995219111442566, 1.5619335174560547], [-0.3185157775878906, 0.9474132061004639, 0.03091694600880146, -0.159576416015625], [0.0, 0.0, 0.0, 1.0]], [[0.009091864340007305, 0.9997316002845764, 0.02130717784166336, -0.0293731689453125], [-0.007887119427323341, 0.02137909270823002, -0.9997403025627136, 1.5675773620605469], [-0.9999275803565979, 0.008921394124627113, 0.008079377934336662, -0.0142822265625], [0.0, 0.0, 0.0, 1.0]], [[-0.9238265156745911, 0.3828016519546509, 0.0027336333878338337, 1.0631103515625], [-0.003660689340904355, -0.0016933877486735582, -0.9999918937683105, 1.5474309921264648], [-0.3827938437461853, -0.9238290786743164, 0.002965714316815138, -0.0821533203125], [0.0, 0.0, 0.0, 1.0]]], "view": [[0.0, -2.0, 100.0], [-2.0, 0.0, 100.0], [0.0, 0.0, 1.0]], "bev": "bev_32c8100c2824464497fe9464658e832c.png", "aux": "aux_32c8100c2824464497fe9464658e832c.npz", "visibility": "visibility_32c8100c2824464497fe9464658e832c.png", "pose": [[-0.4836379885673523, 0.8752681016921997, 0.0, 743.2943115234375], [-0.8752681016921997, -0.4836379885673523, 0.0, 1758.6513671875], [0.0, 0.0, 1.0, 0.0], [0.0, 0.0, 0.0, 1.0]], "pose_inverse": [[-0.4836379885673523, -0.8752681016921997, 0.0, 1898.77685546875], [0.8752681016921997, -0.4836379885673523, 0.0, 199.9687957763672], [0.0, 0.0, 1.0, 0.0], [0.0, 0.0, 0.0, 1.0]], "cam_ids": [0, 1, 2, 3, 4, 5], "cam_channels": ["CAM_FRONT_LEFT", "CAM_FRONT", "CAM_FRONT_RIGHT", "CAM_BACK_LEFT", "CAM_BACK", "CAM_BACK_RIGHT"], "token": "32c8100c2824464497fe9464658e832c", "scene": "scene-0896"}, {"images": ["samples/CAM_FRONT_LEFT/n008-2018-09-18-14-54-39-0400__CAM_FRONT_LEFT__1537297656904799.jpg", "samples/CAM_FRONT/n008-2018-09-18-14-54-39-0400__CAM_FRONT__1537297656912404.jpg", "samples/CAM_FRONT_RIGHT/n008-2018-09-18-14-54-39-0400__CAM_FRONT_RIGHT__1537297656920482.jpg", "samples/CAM_BACK_LEFT/n008-2018-09-18-14-54-39-0400__CAM_BACK_LEFT__1537297656947405.jpg", "samples/CAM_BACK/n008-2018-09-18-14-54-39-0400__CAM_BACK__1537297656937558.jpg", "samples/CAM_BACK_RIGHT/n008-2018-09-18-14-54-39-0400__CAM_BACK_RIGHT__1537297656928113.jpg"], "intrinsics": [[[1257.8625342125129, 0.0, 827.2410631095686], [0.0, 1257.8625342125129, 450.915498205774], [0.0, 0.0, 1.0]], [[1252.8131021185304, 0.0, 826.588114781398], [0.0, 1252.8131021185304, 469.9846626224581], [0.0, 0.0, 1.0]], [[1256.7485116440405, 0.0, 817.7887570959712], [0.0, 1256.7485116440403, 451.9541780095127], [0.0, 0.0, 1.0]], [[1254.9860565800168, 0.0, 829.5769333630991], [0.0, 1254.9860565800168, 467.1680561863987], [0.0, 0.0, 1.0]], [[796.8910634503094, 0.0, 857.7774326863696], [0.0, 796.8910634503094, 476.8848988407415], [0.0, 0.0, 1.0]], [[1249.9629280788233, 0.0, 825.3768045375984], [0.0, 1249.9629280788233, 462.54816385708756], [0.0, 0.0, 1.0]]], "extrinsics": [[[0.8225728273391724, -0.5685882568359375, -0.009021987207233906, -0.8310546875], [0.005665341857820749, 0.02405850775539875, -0.9996945261955261, 1.4894256591796875], [0.5686315894126892, 0.8222703337669373, 0.023011120036244392, -1.2159423828125], [0.0, 0.0, 0.0, 1.0]], [[0.010224700905382633, -0.9997485280036926, -0.019958453252911568, 0.009124755859375], [0.007598354481160641, 0.020036600530147552, -0.9997704029083252, 1.4814529418945312], [0.9999188184738159, 0.010070704855024815, 0.007801311556249857, -1.559814453125], [0.0, 0.0, 0.0, 1.0]], [[-0.8440512418746948, -0.5359150767326355, -0.019299976527690887, 0.9752197265625], [0.015594962053000927, 0.011444759555161, -0.99981290102005, 1.495199203491211], [0.5360356569290161, -0.8441943526268005, -0.0013023893116042018, -1.20245361328125], [0.0, 0.0, 0.0, 1.0]], [[0.9478753805160522, 0.31863996386528015, -0.0010010262485593557, -1.133056640625], [-0.010095397010445595, 0.026891054585576057, -0.9995874166488647, 1.5619239807128906], [-0.31848153471946716, 0.9474942684173584, 0.02870616316795349, -0.159942626953125], [0.0, 0.0, 0.0, 1.0]], [[0.009276403114199638, 0.9997713565826416, 0.019267776980996132, -0.028839111328125], [-0.0078705670312047, 0.019341012462973595, -0.9997819066047668, 1.5675954818725586], [-0.9999260306358337, 0.009122760966420174, 0.008048183284699917, -0.013427734375], [0.0, 0.0, 0.0, 1.0]], [[-0.9237026572227478, 0.38310515880584717, 0.0019139221403747797, 1.0660400390625], [-0.003523705992847681, -0.00350023596547544, -0.9999876618385315, 1.5474567413330078], [-0.3830936849117279, -0.9236980676651001, 0.00458312826231122, -0.08172607421875], [0.0, 0.0, 0.0, 1.0]]], "view": [[0.0, -2.0, 100.0], [-2.0, 0.0, 100.0], [0.0, 0.0, 1.0]], "bev": "bev_f0e31ec6112148b689a91a56cec3bfab.png", "aux": "aux_f0e31ec6112148b689a91a56cec3bfab.npz", "visibility": "visibility_f0e31ec6112148b689a91a56cec3bfab.png", "pose": [[-0.48644012212753296, 0.8737139105796814, 0.0, 742.072021484375], [-0.8737139105796814, -0.48644012212753296, 0.0, 1756.512939453125], [0.0, 0.0, 1.0, 0.0], [0.0, 0.0, 0.0, 1.0]], "pose_inverse": [[-0.48644012212753296, -0.8737139105796814, 0.0, 1895.6634521484375], [0.8737139105796814, -0.48644012212753296, 0.0, 206.07972717285156], [0.0, 0.0, 1.0, 0.0], [0.0, 0.0, 0.0, 1.0]], "cam_ids": [0, 1, 2, 3, 4, 5], "cam_channels": ["CAM_FRONT_LEFT", "CAM_FRONT", "CAM_FRONT_RIGHT", "CAM_BACK_LEFT", "CAM_BACK", "CAM_BACK_RIGHT"], "token": "f0e31ec6112148b689a91a56cec3bfab", "scene": "scene-0896"}, {"images": ["samples/CAM_FRONT_LEFT/n008-2018-09-18-14-54-39-0400__CAM_FRONT_LEFT__1537297657404799.jpg", "samples/CAM_FRONT/n008-2018-09-18-14-54-39-0400__CAM_FRONT__1537297657412404.jpg", "samples/CAM_FRONT_RIGHT/n008-2018-09-18-14-54-39-0400__CAM_FRONT_RIGHT__1537297657420482.jpg", "samples/CAM_BACK_LEFT/n008-2018-09-18-14-54-39-0400__CAM_BACK_LEFT__1537297657447405.jpg", "samples/CAM_BACK/n008-2018-09-18-14-54-39-0400__CAM_BACK__1537297657437558.jpg", "samples/CAM_BACK_RIGHT/n008-2018-09-18-14-54-39-0400__CAM_BACK_RIGHT__1537297657428113.jpg"], "intrinsics": [[[1257.8625342125129, 0.0, 827.2410631095686], [0.0, 1257.8625342125129, 450.915498205774], [0.0, 0.0, 1.0]], [[1252.8131021185304, 0.0, 826.588114781398], [0.0, 1252.8131021185304, 469.9846626224581], [0.0, 0.0, 1.0]], [[1256.7485116440405, 0.0, 817.7887570959712], [0.0, 1256.7485116440403, 451.9541780095127], [0.0, 0.0, 1.0]], [[1254.9860565800168, 0.0, 829.5769333630991], [0.0, 1254.9860565800168, 467.1680561863987], [0.0, 0.0, 1.0]], [[796.8910634503094, 0.0, 857.7774326863696], [0.0, 796.8910634503094, 476.8848988407415], [0.0, 0.0, 1.0]], [[1249.9629280788233, 0.0, 825.3768045375984], [0.0, 1249.9629280788233, 462.54816385708756], [0.0, 0.0, 1.0]]], "extrinsics": [[[0.8225172758102417, -0.5685248374938965, -0.015644511207938194, -0.833740234375], [-0.0027458590921014547, 0.02353740856051445, -0.9997192025184631, 1.4876940250396729], [0.5687334537506104, 0.8223292827606201, 0.017798837274312973, -1.2166748046875], [0.0, 0.0, 0.0, 1.0]], [[0.010155385360121727, -0.9997630715370178, -0.019250202924013138, 0.008270263671875], [-0.0008965064771473408, 0.01924208365380764, -0.9998144507408142, 1.4799883365631104], [0.9999479651451111, 0.01017069537192583, -0.0007008841494098306, -1.5618896484375], [0.0, 0.0, 0.0, 1.0]], [[-0.8441241979598999, -0.536024808883667, -0.011472554877400398, 0.9759521484375], [0.007012777961790562, 0.010357731021940708, -0.9999217391014099, 1.4940204620361328], [0.536101758480072, -0.8441386222839355, -0.004984188359230757, -1.20355224609375], [0.0, 0.0, 0.0, 1.0]], [[0.9478271007537842, 0.3186368942260742, -0.00970938429236412, -1.13330078125], [-0.018649524077773094, 0.025018658488988876, -0.9995130300521851, 1.5618362426757812], [-0.3182387948036194, 0.9475465416908264, 0.029655789956450462, -0.15972900390625], [0.0, 0.0, 0.0, 1.0]], [[0.00938315037637949, 0.9998032450675964, 0.017476877197623253, -0.0287933349609375], [-0.016357406973838806, 0.017628774046897888, -0.9997107982635498, 1.5671253204345703], [-0.9998222589492798, 0.009094523265957832, 0.01651960238814354, -0.012451171875], [0.0, 0.0, 0.0, 1.0]], [[-0.9236882925033569, 0.38303110003471375, 0.009326418861746788, 1.067138671875], [-0.012121159583330154, -0.004883550573140383, -0.9999146461486816, 1.546590805053711], [-0.3829527497291565, -0.923722505569458, 0.009153660386800766, -0.08172607421875], [0.0, 0.0, 0.0, 1.0]]], "view": [[0.0, -2.0, 100.0], [-2.0, 0.0, 100.0], [0.0, 0.0, 1.0]], "bev": "bev_396ed9b792ca45768e11cc0a4369f483.png", "aux": "aux_396ed9b792ca45768e11cc0a4369f483.npz", "visibility": "visibility_396ed9b792ca45768e11cc0a4369f483.png", "pose": [[-0.48612433671951294, 0.8738896250724792, 0.0, 740.9152221679688], [-0.8738896250724792, -0.48612433671951294, 0.0, 1754.4737548828125], [0.0, 0.0, 1.0, 0.0], [0.0, 0.0, 0.0, 1.0]], "pose_inverse": [[-0.48612433671951294, -0.8738896250724792, 0.0, 1893.3934326171875], [0.8738896250724792, -0.48612433671951294, 0.0, 205.41424560546875], [0.0, 0.0, 1.0, 0.0], [0.0, 0.0, 0.0, 1.0]], "cam_ids": [0, 1, 2, 3, 4, 5], "cam_channels": ["CAM_FRONT_LEFT", "CAM_FRONT", "CAM_FRONT_RIGHT", "CAM_BACK_LEFT", "CAM_BACK", "CAM_BACK_RIGHT"], "token": "396ed9b792ca45768e11cc0a4369f483", "scene": "scene-0896"}, {"images": ["samples/CAM_FRONT_LEFT/n008-2018-09-18-14-54-39-0400__CAM_FRONT_LEFT__1537297658004799.jpg", "samples/CAM_FRONT/n008-2018-09-18-14-54-39-0400__CAM_FRONT__1537297658012404.jpg", "samples/CAM_FRONT_RIGHT/n008-2018-09-18-14-54-39-0400__CAM_FRONT_RIGHT__1537297658020482.jpg", "samples/CAM_BACK_LEFT/n008-2018-09-18-14-54-39-0400__CAM_BACK_LEFT__1537297658047405.jpg", "samples/CAM_BACK/n008-2018-09-18-14-54-39-0400__CAM_BACK__1537297658037558.jpg", "samples/CAM_BACK_RIGHT/n008-2018-09-18-14-54-39-0400__CAM_BACK_RIGHT__1537297658028113.jpg"], "intrinsics": [[[1257.8625342125129, 0.0, 827.2410631095686], [0.0, 1257.8625342125129, 450.915498205774], [0.0, 0.0, 1.0]], [[1252.8131021185304, 0.0, 826.588114781398], [0.0, 1252.8131021185304, 469.9846626224581], [0.0, 0.0, 1.0]], [[1256.7485116440405, 0.0, 817.7887570959712], [0.0, 1256.7485116440403, 451.9541780095127], [0.0, 0.0, 1.0]], [[1254.9860565800168, 0.0, 829.5769333630991], [0.0, 1254.9860565800168, 467.1680561863987], [0.0, 0.0, 1.0]], [[796.8910634503094, 0.0, 857.7774326863696], [0.0, 796.8910634503094, 476.8848988407415], [0.0, 0.0, 1.0]], [[1249.9629280788233, 0.0, 825.3768045375984], [0.0, 1249.9629280788233, 462.54816385708756], [0.0, 0.0, 1.0]]], "extrinsics": [[[0.8224706053733826, -0.5684525966644287, -0.020096413791179657, -0.846435546875], [-0.006366872228682041, 0.02612808533012867, -0.9996383190155029, 1.486992359161377], [0.5687720775604248, 0.8223010301589966, 0.01787031628191471, -1.227783203125], [0.0, 0.0, 0.0, 1.0]], [[0.010096719488501549, -0.9997040033340454, -0.022133449092507362, 0.0098114013671875], [-0.004375322721898556, 0.02209019660949707, -0.9997464418411255, 1.479412317276001], [0.9999394416809082, 0.01019104290753603, -0.004150988534092903, -1.5770263671875], [0.0, 0.0, 0.0, 1.0]], [[-0.8441637754440308, -0.5359857678413391, -0.01033782958984375, 0.9881591796875], [0.0036872830241918564, 0.013478247448801994, -0.9999023675918579, 1.4934959411621094], [0.5360727310180664, -0.8441194295883179, -0.009401516988873482, -1.20977783203125], [0.0, 0.0, 0.0, 1.0]], [[0.9477981328964233, 0.31866347789764404, -0.01150412205606699, -1.1346435546875], [-0.02182539366185665, 0.0288375373929739, -0.9993458390235901, 1.5618247985839844], [-0.3181232810020447, 0.9474290609359741, 0.03428712114691734, -0.15936279296875], [0.0, 0.0, 0.0, 1.0]], [[0.009466993622481823, 0.9997333288192749, 0.021062703803181648, -0.02923583984375], [-0.01957363449037075, 0.02124488167464733, -0.9995826482772827, 1.5670394897460938], [-0.9997636079788208, 0.009050816297531128, 0.019769541919231415, -0.0068359375], [0.0, 0.0, 0.0, 1.0]], [[-0.9236457347869873, 0.3830074071884155, 0.01356195006519556, 1.0762939453125], [-0.015316540375351906, -0.0015318613732233644, -0.9998815059661865, 1.5464229583740234], [-0.38294121623039246, -0.9237439632415771, 0.007281244732439518, -0.0770263671875], [0.0, 0.0, 0.0, 1.0]]], "view": [[0.0, -2.0, 100.0], [-2.0, 0.0, 100.0], [0.0, 0.0, 1.0]], "bev": "bev_54dc024da8c34e958fbaead53eb1ddfc.png", "aux": "aux_54dc024da8c34e958fbaead53eb1ddfc.npz", "visibility": "visibility_54dc024da8c34e958fbaead53eb1ddfc.png", "pose": [[-0.48858287930488586, 0.872517466545105, 0.0, 739.5844116210938], [-0.872517466545105, -0.48858287930488586, 0.0, 1752.1607666015625], [0.0, 0.0, 1.0, 0.0], [0.0, 0.0, 0.0, 1.0]], "pose_inverse": [[-0.48858287930488586, -0.872517466545105, 0.0, 1890.13916015625], [0.872517466545105, -0.48858287930488586, 0.0, 210.77540588378906], [0.0, 0.0, 1.0, 0.0], [0.0, 0.0, 0.0, 1.0]], "cam_ids": [0, 1, 2, 3, 4, 5], "cam_channels": ["CAM_FRONT_LEFT", "CAM_FRONT", "CAM_FRONT_RIGHT", "CAM_BACK_LEFT", "CAM_BACK", "CAM_BACK_RIGHT"], "token": "54dc024da8c34e958fbaead53eb1ddfc", "scene": "scene-0896"}, {"images": ["samples/CAM_FRONT_LEFT/n008-2018-09-18-14-54-39-0400__CAM_FRONT_LEFT__1537297658504799.jpg", "samples/CAM_FRONT/n008-2018-09-18-14-54-39-0400__CAM_FRONT__1537297658512404.jpg", "samples/CAM_FRONT_RIGHT/n008-2018-09-18-14-54-39-0400__CAM_FRONT_RIGHT__1537297658520482.jpg", "samples/CAM_BACK_LEFT/n008-2018-09-18-14-54-39-0400__CAM_BACK_LEFT__1537297658547405.jpg", "samples/CAM_BACK/n008-2018-09-18-14-54-39-0400__CAM_BACK__1537297658537558.jpg", "samples/CAM_BACK_RIGHT/n008-2018-09-18-14-54-39-0400__CAM_BACK_RIGHT__1537297658528113.jpg"], "intrinsics": [[[1257.8625342125129, 0.0, 827.2410631095686], [0.0, 1257.8625342125129, 450.915498205774], [0.0, 0.0, 1.0]], [[1252.8131021185304, 0.0, 826.588114781398], [0.0, 1252.8131021185304, 469.9846626224581], [0.0, 0.0, 1.0]], [[1256.7485116440405, 0.0, 817.7887570959712], [0.0, 1256.7485116440403, 451.9541780095127], [0.0, 0.0, 1.0]], [[1254.9860565800168, 0.0, 829.5769333630991], [0.0, 1254.9860565800168, 467.1680561863987], [0.0, 0.0, 1.0]], [[796.8910634503094, 0.0, 857.7774326863696], [0.0, 796.8910634503094, 476.8848988407415], [0.0, 0.0, 1.0]], [[1249.9629280788233, 0.0, 825.3768045375984], [0.0, 1249.9629280788233, 462.54816385708756], [0.0, 0.0, 1.0]]], "extrinsics": [[[0.8226515054702759, -0.5683780908584595, -0.013819070532917976, -0.8466796875], [0.006279692053794861, 0.03338814526796341, -0.9994227290153503, 1.4893436431884766], [0.5685114860534668, 0.8220897912979126, 0.031036043539643288, -1.2291259765625], [0.0, 0.0, 0.0, 1.0]], [[0.01043318584561348, -0.9995170831680298, -0.029269786551594734, 0.010498046875], [0.0078853415325284, 0.029352707788348198, -0.999538004398346, 1.4813003540039062], [0.9999144673347473, 0.010197591967880726, 0.008187775500118732, -1.5777587890625], [0.0, 0.0, 0.0, 1.0]], [[-0.8439015746116638, -0.535950243473053, -0.024237317964434624, 0.98876953125], [0.015536016784608364, 0.020745038986206055, -0.9996640682220459, 1.4949150085449219], [0.5362730622291565, -0.843994677066803, -0.009180238470435143, -1.2095947265625], [0.0, 0.0, 0.0, 1.0]], [[0.9478617906570435, 0.3186814486980438, 0.0005045152502134442, -1.1348876953125], [-0.011470608413219452, 0.03569931909441948, -0.9992967247962952, 1.5619287490844727], [-0.3184753954410553, 0.9471893310546875, 0.03749348223209381, -0.1593017578125], [0.0, 0.0, 0.0, 1.0]], [[0.00914513599127531, 0.9995565414428711, 0.028338884934782982, -0.02947998046875], [-0.008585995063185692, 0.028417518362402916, -0.999559223651886, 1.5675954818725586], [-0.9999213814735413, 0.008897759020328522, 0.008842069655656815, -0.0064697265625], [0.0, 0.0, 0.0, 1.0]], [[-0.9237910509109497, 0.3828536570072174, 0.005765128880739212, 1.076416015625], [-0.0038632703945040703, 0.0057362280786037445, -0.9999760985374451, 1.547452449798584], [-0.3828776180744171, -0.9237911701202393, -0.0038200083654373884, -0.07647705078125], [0.0, 0.0, 0.0, 1.0]]], "view": [[0.0, -2.0, 100.0], [-2.0, 0.0, 100.0], [0.0, 0.0, 1.0]], "bev": "bev_953d41404331482e805bfef1a61e72d0.png", "aux": "aux_953d41404331482e805bfef1a61e72d0.npz", "visibility": "visibility_953d41404331482e805bfef1a61e72d0.png", "pose": [[-0.4901081323623657, 0.8716616630554199, 0.0, 738.5469360351562], [-0.8716616630554199, -0.4901081323623657, 0.0, 1750.3909912109375], [0.0, 0.0, 1.0, 0.0], [0.0, 0.0, 0.0, 1.0]], "pose_inverse": [[-0.4901081323623657, -0.8716616630554199, 0.0, 1887.716552734375], [0.8716616630554199, -0.4901081323623657, 0.0, 214.11781311035156], [0.0, 0.0, 1.0, 0.0], [0.0, 0.0, 0.0, 1.0]], "cam_ids": [0, 1, 2, 3, 4, 5], "cam_channels": ["CAM_FRONT_LEFT", "CAM_FRONT", "CAM_FRONT_RIGHT", "CAM_BACK_LEFT", "CAM_BACK", "CAM_BACK_RIGHT"], "token": "953d41404331482e805bfef1a61e72d0", "scene": "scene-0896"}, {"images": ["samples/CAM_FRONT_LEFT/n008-2018-09-18-14-54-39-0400__CAM_FRONT_LEFT__1537297659004799.jpg", "samples/CAM_FRONT/n008-2018-09-18-14-54-39-0400__CAM_FRONT__1537297659012404.jpg", "samples/CAM_FRONT_RIGHT/n008-2018-09-18-14-54-39-0400__CAM_FRONT_RIGHT__1537297659020482.jpg", "samples/CAM_BACK_LEFT/n008-2018-09-18-14-54-39-0400__CAM_BACK_LEFT__1537297659047405.jpg", "samples/CAM_BACK/n008-2018-09-18-14-54-39-0400__CAM_BACK__1537297659037558.jpg", "samples/CAM_BACK_RIGHT/n008-2018-09-18-14-54-39-0400__CAM_BACK_RIGHT__1537297659028113.jpg"], "intrinsics": [[[1257.8625342125129, 0.0, 827.2410631095686], [0.0, 1257.8625342125129, 450.915498205774], [0.0, 0.0, 1.0]], [[1252.8131021185304, 0.0, 826.588114781398], [0.0, 1252.8131021185304, 469.9846626224581], [0.0, 0.0, 1.0]], [[1256.7485116440405, 0.0, 817.7887570959712], [0.0, 1256.7485116440403, 451.9541780095127], [0.0, 0.0, 1.0]], [[1254.9860565800168, 0.0, 829.5769333630991], [0.0, 1254.9860565800168, 467.1680561863987], [0.0, 0.0, 1.0]], [[796.8910634503094, 0.0, 857.7774326863696], [0.0, 796.8910634503094, 476.8848988407415], [0.0, 0.0, 1.0]], [[1249.9629280788233, 0.0, 825.3768045375984], [0.0, 1249.9629280788233, 462.54816385708756], [0.0, 0.0, 1.0]]], "extrinsics": [[[0.8222199082374573, -0.5683123469352722, -0.031233133748173714, -0.8599853515625], [-0.007219296880066395, 0.044457223266363144, -0.9989851713180542, 1.486867904663086], [0.569124162197113, 0.8216110467910767, 0.03245079889893532, -1.2379150390625], [0.0, 0.0, 0.0, 1.0]], [[0.009788132272660732, -0.9991195797920227, -0.040795449167490005, 0.0100860595703125], [-0.005228245165199041, 0.04074571281671524, -0.9991558790206909, 1.4792804718017578], [0.9999383687973022, 0.009993115440011024, -0.00482481624931097, -1.5909423828125], [0.0, 0.0, 0.0, 1.0]], [[-0.8442590236663818, -0.535569429397583, -0.01980051025748253, 0.997314453125], [0.002836858155205846, 0.032479338347911835, -0.9994683861732483, 1.4933032989501953], [0.5359278321266174, -0.8438664078712463, -0.025901639834046364, -1.21514892578125], [0.0, 0.0, 0.0, 1.0]], [[0.9478110671043396, 0.3187848925590515, -0.00550038693472743, -1.1341552734375], [-0.02212286926805973, 0.04854605346918106, -0.9985759258270264, 1.561807632446289], [-0.3180639147758484, 0.946583092212677, 0.05306492745876312, -0.15948486328125], [0.0, 0.0, 0.0, 1.0]], [[0.009567015804350376, 0.9991257190704346, 0.04069700464606285, -0.0295257568359375], [-0.020264863967895508, 0.