[{"images": ["samples/CAM_FRONT_LEFT/n015-2018-11-21-19-38-26+0800__CAM_FRONT_LEFT__1542800847904844.jpg", "samples/CAM_FRONT/n015-2018-11-21-19-38-26+0800__CAM_FRONT__1542800847912460.jpg", "samples/CAM_FRONT_RIGHT/n015-2018-11-21-19-38-26+0800__CAM_FRONT_RIGHT__1542800847920339.jpg", "samples/CAM_BACK_LEFT/n015-2018-11-21-19-38-26+0800__CAM_BACK_LEFT__1542800847947423.jpg", "samples/CAM_BACK/n015-2018-11-21-19-38-26+0800__CAM_BACK__1542800847937525.jpg", "samples/CAM_BACK_RIGHT/n015-2018-11-21-19-38-26+0800__CAM_BACK_RIGHT__1542800847927893.jpg"], "intrinsics": [[[1272.5979470598488, 0.0, 826.6154927353808], [0.0, 1272.5979470598488, 479.75165386361925], [0.0, 0.0, 1.0]], [[1266.417203046554, 0.0, 816.2670197447984], [0.0, 1266.417203046554, 491.50706579294757], [0.0, 0.0, 1.0]], [[1260.8474446004698, 0.0, 807.968244525554], [0.0, 1260.8474446004698, 495.3344268742088], [0.0, 0.0, 1.0]], [[1256.7414812095406, 0.0, 792.1125740759628], [0.0, 1256.7414812095406, 492.7757465151356], [0.0, 0.0, 1.0]], [[809.2209905677063, 0.0, 829.2196003259838], [0.0, 809.2209905677063, 481.77842384512485], [0.0, 0.0, 1.0]], [[1259.5137405846733, 0.0, 807.2529053838625], [0.0, 1259.5137405846733, 501.19579884916527], [0.0, 0.0, 1.0]]], "extrinsics": [[[0.8198114037513733, -0.5696939826011658, 0.05794847384095192, -0.9598236083984375], [0.05242087319493294, -0.026108385995030403, -0.9982837438583374, 1.5085716247558594], [0.570229172706604, 0.8214420676231384, 0.008459900505840778, -1.27685546875], [0.0, 0.0, 0.0, 1.0]], [[0.005778645630925894, -0.9995187520980835, 0.03047790192067623, 0.0052490234375], [0.047124166041612625, -0.030172361060976982, -0.9984332323074341, 1.520782470703125], [0.9988723397254944, 0.007205829955637455, 0.04692712798714638, -1.687255859375], [0.0, 0.0, 0.0, 1.0]], [[-0.8312159776687622, -0.5547372698783875, -0.03669550269842148, 1.029052734375], [0.05272521451115608, -0.012951461598277092, -0.9985250234603882, 1.5038566589355469], [0.5534437894821167, -0.8319247364997864, 0.040014106780290604, -1.24639892578125], [0.0, 0.0, 0.0, 1.0]], [[0.9462073445320129, 0.3205133378505707, 0.04430476948618889, -1.142333984375], [0.061351824551820755, -0.04328005015850067, -0.9971774220466614, 1.5885601043701172], [-0.3176911175251007, 0.9462548494338989, -0.06061597913503647, -0.10369873046875], [0.0, 0.0, 0.0, 1.0]], [[0.0025035094004124403, 0.9994442462921143, -0.033242978155612946, 0.0025634765625], [0.035978760570287704, -0.03331158310174942, -0.9987972378730774, 1.5794161558151245], [-0.9993494749069214, 0.001304457662627101, -0.03604215011000633, 0.0003662109375], [0.0, 0.0, 0.0, 1.0]], [[-0.9329520463943481, 0.35303258895874023, -0.07048739492893219, 1.13348388671875], [0.06857812404632568, -0.017930330708622932, -0.9974846243858337, 1.5516433715820312], [-0.3534083664417267, -0.9354392886161804, -0.0074821701273322105, -0.064453125], [0.0, 0.0, 0.0, 1.0]]], "view": [[0.0, -2.0, 100.0], [-2.0, 0.0, 100.0], [0.0, 0.0, 1.0]], "bev": "bev_e6b0b282aa174a978272dc2d0a89d560.png", "aux": "aux_e6b0b282aa174a978272dc2d0a89d560.npz", "visibility": "visibility_e6b0b282aa174a978272dc2d0a89d560.png", "pose": [[-0.9845300316810608, -0.17521603405475616, 0.0, 1526.5345458984375], [0.17521603405475616, -0.9845300316810608, 0.0, 1212.924560546875], [0.0, 0.0, 1.0, 0.0], [0.0, 0.0, 0.0, 1.0]], "pose_inverse": [[-0.9845300316810608, 0.17521603405475616, 0.0, 1290.395263671875], [-0.17521603405475616, -0.9845300316810608, 0.0, 1461.6339111328125], [0.0, 0.0, 1.0, 0.0], [0.0, 0.0, 0.0, 1.0]], "cam_ids": [0, 1, 2, 3, 4, 5], "cam_channels": ["CAM_FRONT_LEFT", "CAM_FRONT", "CAM_FRONT_RIGHT", "CAM_BACK_LEFT", "CAM_BACK", "CAM_BACK_RIGHT"], "token": "e6b0b282aa174a978272dc2d0a89d560", "scene": "scene-1094"}, {"images": ["samples/CAM_FRONT_LEFT/n015-2018-11-21-19-38-26+0800__CAM_FRONT_LEFT__1542800848404844.jpg", "samples/CAM_FRONT/n015-2018-11-21-19-38-26+0800__CAM_FRONT__1542800848412460.jpg", "samples/CAM_FRONT_RIGHT/n015-2018-11-21-19-38-26+0800__CAM_FRONT_RIGHT__1542800848420339.jpg", "samples/CAM_BACK_LEFT/n015-2018-11-21-19-38-26+0800__CAM_BACK_LEFT__1542800848447423.jpg", "samples/CAM_BACK/n015-2018-11-21-19-38-26+0800__CAM_BACK__1542800848437525.jpg", "samples/CAM_BACK_RIGHT/n015-2018-11-21-19-38-26+0800__CAM_BACK_RIGHT__1542800848427893.jpg"], "intrinsics": [[[1272.5979470598488, 0.0, 826.6154927353808], [0.0, 1272.5979470598488, 479.75165386361925], [0.0, 0.0, 1.0]], [[1266.417203046554, 0.0, 816.2670197447984], [0.0, 1266.417203046554, 491.50706579294757], [0.0, 0.0, 1.0]], [[1260.8474446004698, 0.0, 807.968244525554], [0.0, 1260.8474446004698, 495.3344268742088], [0.0, 0.0, 1.0]], [[1256.7414812095406, 0.0, 792.1125740759628], [0.0, 1256.7414812095406, 492.7757465151356], [0.0, 0.0, 1.0]], [[809.2209905677063, 0.0, 829.2196003259838], [0.0, 809.2209905677063, 481.77842384512485], [0.0, 0.0, 1.0]], [[1259.5137405846733, 0.0, 807.2529053838625], [0.0, 1259.5137405846733, 501.19579884916527], [0.0, 0.0, 1.0]]], "extrinsics": [[[0.8198227286338806, -0.5696874260902405, 0.05785292387008667, -0.9594573974609375], [0.05223878473043442, -0.026202965527772903, -0.9982907772064209, 1.508596420288086], [0.5702296495437622, 0.8214436769485474, 0.008277990855276585, -1.2767333984375], [0.0, 0.0, 0.0, 1.0]], [[0.005783807020634413, -0.9995160698890686, 0.030562739819288254, 0.0050048828125], [0.04695139452815056, -0.03025810606777668, -0.998438835144043, 1.520782470703125], [0.9988804459571838, 0.0072097680531442165, 0.046753667294979095, -1.68701171875], [0.0, 0.0, 0.0, 1.0]], [[-0.8312224745750427, -0.5547393560409546, -0.03651723638176918, 1.0289306640625], [0.05256212130188942, -0.013028028421103954, -0.9985326528549194, 1.5038681030273438], [0.5534496307373047, -0.831922173500061, 0.0399874672293663, -1.2464599609375], [0.0, 0.0, 0.0, 1.0]], [[0.9462146759033203, 0.32051292061805725, 0.04414999857544899, -1.14208984375], [0.06121734529733658, -0.04336540028452873, -0.9971819519996643, 1.5885601043701172], [-0.31769511103630066, 0.9462509155273438, -0.0606539323925972, -0.10369873046875], [0.0, 0.0, 0.0, 1.0]], [[0.002502007642760873, 0.9994417428970337, -0.03331728279590607, 0.0028076171875], [0.03584395721554756, -0.033385612070560455, -0.9987995624542236, 1.5794159173965454], [-0.9993543028831482, 0.0013047750107944012, -0.035907480865716934, 0.000244140625], [0.0, 0.0, 0.0, 1.0]], [[-0.9329621195793152, 0.35302913188934326, -0.07037091255187988, 1.13323974609375], [0.0684274435043335, -0.017999455332756042, -0.9974937438964844, 1.5516586303710938], [-0.3534110486507416, -0.9354391694068909, -0.00736407283693552, -0.0645751953125], [0.0, 0.0, 0.0, 1.0]]], "view": [[0.0, -2.0, 100.0], [-2.0, 0.0, 100.0], [0.0, 0.0, 1.0]], "bev": "bev_f77ef1c17cbf432587d705c88ce76b3b.png", "aux": "aux_f77ef1c17cbf432587d705c88ce76b3b.npz", "visibility": "visibility_f77ef1c17cbf432587d705c88ce76b3b.png", "pose": [[-0.98447185754776, -0.17554247379302979, 0.0, 1526.4576416015625], [0.17554247379302979, -0.98447185754776, 0.0, 1212.9405517578125], [0.0, 0.0, 1.0, 0.0], [0.0, 0.0, 0.0, 1.0]], "pose_inverse": [[-0.98447185754776, 0.17554247379302979, 0.0, 1289.83203125], [-0.17554247379302979, -0.98447185754776, 0.0, 1462.06396484375], [0.0, 0.0, 1.0, 0.0], [0.0, 0.0, 0.0, 1.0]], "cam_ids": [0, 1, 2, 3, 4, 5], "cam_channels": ["CAM_FRONT_LEFT", "CAM_FRONT", "CAM_FRONT_RIGHT", "CAM_BACK_LEFT", "CAM_BACK", "CAM_BACK_RIGHT"], "token": "f77ef1c17cbf432587d705c88ce76b3b", "scene": "scene-1094"}, {"images": ["samples/CAM_FRONT_LEFT/n015-2018-11-21-19-38-26+0800__CAM_FRONT_LEFT__1542800848904844.jpg", "samples/CAM_FRONT/n015-2018-11-21-19-38-26+0800__CAM_FRONT__1542800848912460.jpg", "samples/CAM_FRONT_RIGHT/n015-2018-11-21-19-38-26+0800__CAM_FRONT_RIGHT__1542800848920354.jpg", "samples/CAM_BACK_LEFT/n015-2018-11-21-19-38-26+0800__CAM_BACK_LEFT__1542800848947423.jpg", "samples/CAM_BACK/n015-2018-11-21-19-38-26+0800__CAM_BACK__1542800848937525.jpg", "samples/CAM_BACK_RIGHT/n015-2018-11-21-19-38-26+0800__CAM_BACK_RIGHT__1542800848927893.jpg"], "intrinsics": [[[1272.5979470598488, 0.0, 826.6154927353808], [0.0, 1272.5979470598488, 479.75165386361925], [0.0, 0.0, 1.0]], [[1266.417203046554, 0.0, 816.2670197447984], [0.0, 1266.417203046554, 491.50706579294757], [0.0, 0.0, 1.0]], [[1260.8474446004698, 0.0, 807.968244525554], [0.0, 1260.8474446004698, 495.3344268742088], [0.0, 0.0, 1.0]], [[1256.7414812095406, 0.0, 792.1125740759628], [0.0, 1256.7414812095406, 492.7757465151356], [0.0, 0.0, 1.0]], [[809.2209905677063, 0.0, 829.2196003259838], [0.0, 809.2209905677063, 481.77842384512485], [0.0, 0.0, 1.0]], [[1259.5137405846733, 0.0, 807.2529053838625], [0.0, 1259.5137405846733, 501.19579884916527], [0.0, 0.0, 1.0]]], "extrinsics": [[[0.8197709321975708, -0.5695335268974304, 0.0600588284432888, -0.9561309814453125], [0.055042583495378494, -0.026030221953988075, -0.9981446266174316, 1.50885009765625], [0.570040225982666, 0.8215557932853699, 0.010009780526161194, -1.2745361328125], [0.0, 0.0, 0.0, 1.0]], [[0.005881612189114094, -0.9995200037956238, 0.030415857210755348, 0.0052490234375], [0.049842409789562225, -0.030085552483797073, -0.9983038902282715, 1.5209732055664062], [0.9987396597862244, 0.007387640420347452, 0.049641530960798264, -1.683349609375], [0.0, 0.0, 0.0, 1.0]], [[-0.8310144543647766, -0.5548757314682007, -0.03908554092049599, 1.0267333984375], [0.05553952232003212, -0.01285364106297493, -0.9983737468719482, 1.5040168762207031], [0.553471028804779, -0.8318338394165039, 0.04149910435080528, -1.244781494140625], [0.0, 0.0, 0.0, 1.0]], [[0.9460293650627136, 0.32061830163002014, 0.04724670201539993, -1.14208984375], [0.0644187405705452, -0.043159034103155136, -0.9969892501831055, 1.5885677337646484], [-0.3176138699054718, 0.9462247490882874, -0.06148354709148407, -0.10382080078125], [0.0, 0.0, 0.0, 1.0]], [[0.0024656937457621098, 0.9994479417800903, -0.03313111513853073, 0.0028076171875], [0.03896148502826691, -0.033202074468135834, -0.9986889362335205, 1.5794577598571777], [-0.9992377161979675, 0.0011716359294950962, -0.03902183845639229, -0.000732421875], [0.0, 0.0, 0.0, 1.0]], [[-0.9327991604804993, 0.35289373993873596, -0.07315428555011749, 1.131591796875], [0.07146937400102615, -0.017821183428168297, -0.9972835779190063, 1.5518035888671875], [-0.35323888063430786, -0.9354936480522156, -0.00859751459211111, -0.0654296875], [0.0, 0.0, 0.0, 1.0]]], "view": [[0.0, -2.0, 100.0], [-2.0, 0.0, 100.0], [0.0, 0.0, 1.0]], "bev": "bev_77fc24547ab34182a945eecb825b6576.png", "aux": "aux_77fc24547ab34182a945eecb825b6576.npz", "visibility": "visibility_77fc24547ab34182a945eecb825b6576.png", "pose": [[-0.9843008518218994, -0.17649872601032257, 0.0, 1526.379150390625], [0.17649872601032257, -0.9843008518218994, 0.0, 1212.9564208984375], [0.0, 0.0, 1.0, 0.0], [0.0, 0.0, 0.0, 1.0]], "pose_inverse": [[-0.9843008518218994, 0.17649872601032257, 0.0, 1288.3310546875], [-0.17649872601032257, -0.9843008518218994, 0.0, 1463.3179931640625], [0.0, 0.0, 1.0, 0.0], [0.0, 0.0, 0.0, 1.0]], "cam_ids": [0, 1, 2, 3, 4, 5], "cam_channels": ["CAM_FRONT_LEFT", "CAM_FRONT", "CAM_FRONT_RIGHT", "CAM_BACK_LEFT", "CAM_BACK", "CAM_BACK_RIGHT"], "token": "77fc24547ab34182a945eecb825b6576", "scene": "scene-1094"}, {"images": ["samples/CAM_FRONT_LEFT/n015-2018-11-21-19-38-26+0800__CAM_FRONT_LEFT__1542800849404844.jpg", "samples/CAM_FRONT/n015-2018-11-21-19-38-26+0800__CAM_FRONT__1542800849412460.jpg", "samples/CAM_FRONT_RIGHT/n015-2018-11-21-19-38-26+0800__CAM_FRONT_RIGHT__1542800849420339.jpg", "samples/CAM_BACK_LEFT/n015-2018-11-21-19-38-26+0800__CAM_BACK_LEFT__1542800849447423.jpg", "samples/CAM_BACK/n015-2018-11-21-19-38-26+0800__CAM_BACK__1542800849437525.jpg", "samples/CAM_BACK_RIGHT/n015-2018-11-21-19-38-26+0800__CAM_BACK_RIGHT__1542800849427893.jpg"], "intrinsics": [[[1272.5979470598488, 0.0, 826.6154927353808], [0.0, 1272.5979470598488, 479.75165386361925], [0.0, 0.0, 1.0]], [[1266.417203046554, 0.0, 816.2670197447984], [0.0, 1266.417203046554, 491.50706579294757], [0.0, 0.0, 1.0]], [[1260.8474446004698, 0.0, 807.968244525554], [0.0, 1260.8474446004698, 495.3344268742088], [0.0, 0.0, 1.0]], [[1256.7414812095406, 0.0, 792.1125740759628], [0.0, 1256.7414812095406, 492.7757465151356], [0.0, 0.0, 1.0]], [[809.2209905677063, 0.0, 829.2196003259838], [0.0, 809.2209905677063, 481.77842384512485], [0.0, 0.0, 1.0]], [[1259.5137405846733, 0.0, 807.2529053838625], [0.0, 1259.5137405846733, 501.19579884916527], [0.0, 0.0, 1.0]]], "extrinsics": [[[0.81980299949646, -0.5694918036460876, 0.06001809611916542, -0.9429779052734375], [0.05521925911307335, -0.0257031861692667, -0.9981433749198914, 1.509735107421875], [0.5699770450592041, 0.8215950727462769, 0.010375365614891052, -1.2647705078125], [0.0, 0.0, 0.0, 1.0]], [[0.005936532747000456, -0.9995296001434326, 0.030088676139712334, 0.0052490234375], [0.049907952547073364, -0.02975556068122387, -0.9983105063438416, 1.521636962890625], [0.9987361431121826, 0.00742817809805274, 0.04970782995223999, -1.670166015625], [0.0, 0.0, 0.0, 1.0]], [[-0.83099365234375, -0.5548970699310303, -0.03922724723815918, 1.01806640625], [0.0554889552295208, -0.012519856914877892, -0.9983807802200317, 1.5045967102050781], [0.5535075068473816, -0.8318247199058533, 0.04119458422064781, -1.2392578125], [0.0, 0.0, 0.0, 1.0]], [[0.9460468292236328, 0.32059356570243835, 0.047064706683158875, -1.142333984375], [0.06410341709852219, -0.0427960604429245, -0.997025191783905, 1.5885372161865234], [-0.31762567162513733, 0.9462496042251587, -0.061038222163915634, -0.1036376953125], [0.0, 0.0, 0.0, 1.0]], [[0.0024494347162544727, 0.9994596242904663, -0.03278157860040665, 0.002685546875], [0.03874092176556587, -0.03285191208124161, -0.9987091422080994, 1.5795961618423462], [-0.9992462992668152, 0.0011762803187593818, -0.038800451904535294, -0.0042724609375], [0.0, 0.0, 0.0, 1.0]], [[-0.9328185319900513, 0.3528936505317688, -0.07290820777416229, 1.124755859375], [0.07133252918720245, -0.017486847937107086, -0.997299313545227, 1.5523300170898438], [-0.3532155156135559, -0.9355000257492065, -0.00886074360460043, -0.06787109375], [0.0, 0.0, 0.0, 1.0]]], "view": [[0.0, -2.0, 100.0], [-2.0, 0.0, 100.0], [0.0, 0.0, 1.0]], "bev": "bev_648fe1aeca944fb793b334cb6ee01854.png", "aux": "aux_648fe1aeca944fb793b334cb6ee01854.npz", "visibility": "visibility_648fe1aeca944fb793b334cb6ee01854.png", "pose": [[-0.9839686155319214, -0.17834170162677765, 0.0, 1526.1722412109375], [0.17834170162677765, -0.9839686155319214, 0.0, 1212.994873046875], [0.0, 0.0, 1.0, 0.0], [0.0, 0.0, 0.0, 1.0]], "pose_inverse": [[-0.9839686155319214, 0.17834170162677765, 0.0, 1285.3780517578125], [-0.17834170162677765, -0.9839686155319214, 0.0, 1465.72900390625], [0.0, 0.0, 1.0, 0.0], [0.0, 0.0, 0.0, 1.0]], "cam_ids": [0, 1, 2, 3, 4, 5], "cam_channels": ["CAM_FRONT_LEFT", "CAM_FRONT", "CAM_FRONT_RIGHT", "CAM_BACK_LEFT", "CAM_BACK", "CAM_BACK_RIGHT"], "token": "648fe1aeca944fb793b334cb6ee01854", "scene": "scene-1094"}, {"images": ["samples/CAM_FRONT_LEFT/n015-2018-11-21-19-38-26+0800__CAM_FRONT_LEFT__1542800849904844.jpg", "samples/CAM_FRONT/n015-2018-11-21-19-38-26+0800__CAM_FRONT__1542800849912460.jpg", "samples/CAM_FRONT_RIGHT/n015-2018-11-21-19-38-26+0800__CAM_FRONT_RIGHT__1542800849920339.jpg", "samples/CAM_BACK_LEFT/n015-2018-11-21-19-38-26+0800__CAM_BACK_LEFT__1542800849947423.jpg", "samples/CAM_BACK/n015-2018-11-21-19-38-26+0800__CAM_BACK__1542800849937525.jpg", "samples/CAM_BACK_RIGHT/n015-2018-11-21-19-38-26+0800__CAM_BACK_RIGHT__1542800849927893.jpg"], "intrinsics": [[[1272.5979470598488, 0.0, 826.6154927353808], [0.0, 1272.5979470598488, 479.75165386361925], [0.0, 0.0, 1.0]], [[1266.417203046554, 0.0, 816.2670197447984], [0.0, 1266.417203046554, 491.50706579294757], [0.0, 0.0, 1.0]], [[1260.8474446004698, 0.0, 807.968244525554], [0.0, 1260.8474446004698, 495.3344268742088], [0.0, 0.0, 1.0]], [[1256.7414812095406, 0.0, 792.1125740759628], [0.0, 1256.7414812095406, 492.7757465151356], [0.0, 0.0, 1.0]], [[809.2209905677063, 0.0, 829.2196003259838], [0.0, 809.2209905677063, 481.77842384512485], [0.0, 0.0, 1.0]], [[1259.5137405846733, 0.0, 807.2529053838625], [0.0, 1259.5137405846733, 501.19579884916527], [0.0, 0.0, 1.0]]], "extrinsics": [[[0.8198292851448059, -0.5696502923965454, 0.05812590941786766, -0.926666259765625], [0.053983621299266815, -0.024167118594050407, -0.9982492923736572, 1.5107879638671875], [0.57005774974823, 0.8215318322181702, 0.010938877239823341, -1.25341796875], [0.0, 0.0, 0.0, 1.0]], [[0.005902097560465336, -0.999576210975647, 0.028504222631454468, 0.005126953125], [0.048696260899305344, -0.028183605521917343, -0.9984159469604492, 1.5224189758300781], [0.9987961649894714, 0.007280800491571426, 0.048509277403354645, -1.6536865234375], [0.0, 0.0, 0.0, 1.0]], [[-0.8310736417770386, -0.5547837018966675, -0.03913652524352074, 1.0074462890625], [0.05430347099900246, -0.010911882854998112, -0.998464822769165, 1.5052604675292969], [0.5535049438476562, -0.8319231271743774, 0.03919525444507599, -1.23236083984375], [0.0, 0.0, 0.0, 1.0]], [[0.9461150169372559, 0.32046642899513245, 0.04655896872282028, -1.1444091796875], [0.06298527121543884, -0.041078127920627594, -0.9971686601638794, 1.5883979797363281], [-0.3176465332508087, 0.9463688135147095, -0.05904929339885712, -0.10296630859375], [0.0, 0.0, 0.0, 1.0]], [[0.0024600056931376457, 0.9995130896568298, -0.031107284128665924, 0.0028076171875], [0.0375877283513546, -0.031177813187241554, -0.9988068342208862, 1.5797297954559326], [-0.9992902874946594, 0.001287798280827701, -0.03764611482620239, -0.00830078125], [0.0, 0.0, 0.0, 1.0]], [[-0.9328845143318176, 0.35306042432785034, -0.07123715430498123, 1.1162109375], [0.0701678991317749, -0.01584446057677269, -0.9974093437194824, 1.5529556274414062], [-0.35327446460723877, -0.9354664087295532, -0.009992455132305622, -0.0712890625], [0.0, 0.0, 0.0, 1.0]]], "view": [[0.0, -2.0, 100.0], [-2.0, 0.0, 100.0], [0.0, 0.0, 1.0]], "bev": "bev_1e0d1b76ea134c7db0592c4510f5e737.png", "aux": "aux_1e0d1b76ea134c7db0592c4510f5e737.npz", "visibility": "visibility_1e0d1b76ea134c7db0592c4510f5e737.png", "pose": [[-0.983479380607605, -0.18102030456066132, 0.0, 1525.7191162109375], [0.18102030456066132, -0.983479380607605, 0.0, 1213.0760498046875], [0.0, 0.0, 1.0, 0.0], [0.0, 0.0, 0.0, 1.0]], "pose_inverse": [[-0.983479380607605, 0.18102030456066132, 0.0, 1280.921875], [-0.18102030456066132, -0.983479380607605, 0.0, 1469.221435546875], [0.0, 0.0, 1.0, 0.0], [0.0, 0.0, 0.0, 1.0]], "cam_ids": [0, 1, 2, 3, 4, 5], "cam_channels": ["CAM_FRONT_LEFT", "CAM_FRONT", "CAM_FRONT_RIGHT", "CAM_BACK_LEFT", "CAM_BACK", "CAM_BACK_RIGHT"], "token": "1e0d1b76ea134c7db0592c4510f5e737", "scene": "scene-1094"}, {"images": ["samples/CAM_FRONT_LEFT/n015-2018-11-21-19-38-26+0800__CAM_FRONT_LEFT__1542800850404844.jpg", "samples/CAM_FRONT/n015-2018-11-21-19-38-26+0800__CAM_FRONT__1542800850412460.jpg", "samples/CAM_FRONT_RIGHT/n015-2018-11-21-19-38-26+0800__CAM_FRONT_RIGHT__1542800850420339.jpg", "samples/CAM_BACK_LEFT/n015-2018-11-21-19-38-26+0800__CAM_BACK_LEFT__1542800850447423.jpg", "samples/CAM_BACK/n015-2018-11-21-19-38-26+0800__CAM_BACK__1542800850437525.jpg", "samples/CAM_BACK_RIGHT/n015-2018-11-21-19-38-26+0800__CAM_BACK_RIGHT__1542800850427893.jpg"], "intrinsics": [[[1272.5979470598488, 0.0, 826.6154927353808], [0.0, 1272.5979470598488, 479.75165386361925], [0.0, 0.0, 1.0]], [[1266.417203046554, 0.0, 816.2670197447984], [0.0, 1266.417203046554, 491.50706579294757], [0.0, 0.0, 1.0]], [[1260.8474446004698, 0.0, 807.968244525554], [0.0, 1260.8474446004698, 495.3344268742088], [0.0, 0.0, 1.0]], [[1256.7414812095406, 0.0, 792.1125740759628], [0.0, 1256.7414812095406, 492.7757465151356], [0.0, 0.0, 1.0]], [[809.2209905677063, 0.0, 829.2196003259838], [0.0, 809.2209905677063, 481.77842384512485], [0.0, 0.0, 1.0]], [[1259.5137405846733, 0.0, 807.2529053838625], [0.0, 1259.5137405846733, 501.19579884916527], [0.0, 0.0, 1.0]]], "extrinsics": [[[0.8199487924575806, -0.5696969628334045, 0.05593964830040932, -0.9050445556640625], [0.05462055280804634, -0.019412994384765625, -0.9983184337615967, 1.5122337341308594], [0.5698249936103821, 0.8216255307197571, 0.015199498273432255, -1.23876953125], [0.0, 0.0, 0.0, 1.0]], [[0.006115033756941557, -0.9997004270553589, 0.023696893826127052, 0.005615234375], [0.04937039315700531, -0.023366615176200867, -0.9985072016716003, 1.5235004425048828], [0.998761773109436, 0.007275829091668129, 0.04921271651983261, -1.63232421875], [0.0, 0.0, 0.0, 1.0]], [[-0.830937922000885, -0.55474454164505, -0.04243242368102074, 0.9935302734375], [0.05501168593764305, -0.006027833092957735, -0.9984675049781799, 1.5062103271484375], [0.5536386370658875, -0.8319988250732422, 0.03552618995308876, -1.22283935546875], [0.0, 0.0, 0.0, 1.0]], [[0.9460638761520386, 0.32026219367980957, 0.04894023388624191, -1.1441650390625], [0.06376738846302032, -0.03596779331564903, -0.9973164200782776, 1.5884246826171875], [-0.3176424503326416, 0.9466458559036255, -0.05445011705160141, -0.10302734375], [0.0, 0.0, 0.0, 1.0]], [[0.0023778348695486784, 0.9996575713157654, -0.02605782262980938, 0.0028076171875], [0.03836053982377052, -0.02612990140914917, -0.9989222884178162, 1.5799875259399414], [-0.9992610812187195, 0.001375666819512844, -0.03840954229235649, -0.014404296875], [0.0, 0.0, 0.0, 1.0]], [[-0.9328877925872803, 0.35326457023620605, -0.07017462700605392, 1.10498046875], [0.07090376317501068, -0.010894347913563251, -0.9974237084388733, 1.5538253784179688], [-0.3531189560890198, -0.9354599714279175, -0.0148845836520195, -0.075439453125], [0.0, 0.0, 0.0, 1.0]]], "view": [[0.0, -2.0, 100.0], [-2.0, 0.0, 100.0], [0.0, 0.0, 1.0]], "bev": "bev_fb61d590dd1143ccb12ea56fbe9d9d07.png", "aux": "aux_fb61d590dd1143ccb12ea56fbe9d9d07.npz", "visibility": "visibility_fb61d590dd1143ccb12ea56fbe9d9d07.png", "pose": [[-0.9827963709831238, -0.18469227850437164, 0.0, 1524.963134765625], [0.18469227850437164, -0.9827963709831238, 0.0, 1213.21728515625], [0.0, 0.0, 1.0, 0.0], [0.0, 0.0, 0.0, 1.0]], "pose_inverse": [[-0.9827963709831238, 0.18469227850437164, 0.0, 1274.6563720703125], [-0.18469227850437164, -0.9827963709831238, 0.0, 1473.9945068359375], [0.0, 0.0, 1.0, 0.0], [0.0, 0.0, 0.0, 1.0]], "cam_ids": [0, 1, 2, 3, 4, 5], "cam_channels": ["CAM_FRONT_LEFT", "CAM_FRONT", "CAM_FRONT_RIGHT", "CAM_BACK_LEFT", "CAM_BACK", "CAM_BACK_RIGHT"], "token": "fb61d590dd1143ccb12ea56fbe9d9d07", "scene": "scene-1094"}, {"images": ["samples/CAM_FRONT_LEFT/n015-2018-11-21-19-38-26+0800__CAM_FRONT_LEFT__1542800850904844.jpg", "samples/CAM_FRONT/n015-2018-11-21-19-38-26+0800__CAM_FRONT__1542800850912460.jpg", "samples/CAM_FRONT_RIGHT/n015-2018-11-21-19-38-26+0800__CAM_FRONT_RIGHT__1542800850920339.jpg", "samples/CAM_BACK_LEFT/n015-2018-11-21-19-38-26+0800__CAM_BACK_LEFT__1542800850947423.jpg", "samples/CAM_BACK/n015-2018-11-21-19-38-26+0800__CAM_BACK__1542800850937525.jpg", "samples/CAM_BACK_RIGHT/n015-2018-11-21-19-38-26+0800__CAM_BACK_RIGHT__1542800850928329.jpg"], "intrinsics": [[[1272.5979470598488, 0.0, 826.6154927353808], [0.0, 1272.5979470598488, 479.75165386361925], [0.0, 0.0, 1.0]], [[1266.417203046554, 0.0, 816.2670197447984], [0.0, 1266.417203046554, 491.50706579294757], [0.0, 0.0, 1.0]], [[1260.8474446004698, 0.0, 807.968244525554], [0.0, 1260.8474446004698, 495.3344268742088], [0.0, 0.0, 1.0]], [[1256.7414812095406, 0.0, 792.1125740759628], [0.0, 1256.7414812095406, 492.7757465151356], [0.0, 0.0, 1.0]], [[809.2209905677063, 0.0, 829.2196003259838], [0.0, 809.2209905677063, 481.77842384512485], [0.0, 0.0, 1.0]], [[1259.5137405846733, 0.0, 807.2529053838625], [0.0, 1259.5137405846733, 501.19579884916527], [0.0, 0.0, 1.0]]], "extrinsics": [[[0.8201308846473694, -0.5699525475502014, 0.05039290338754654, -0.89752197265625], [0.04809664562344551, -0.01908903941512108, -0.9986602663993835, 1.5121994018554688], [0.5701508522033691, 0.8214557766914368, 0.011757295578718185, -1.2333984375], [0.0, 0.0, 0.0, 1.0]], [[0.005999441258609295, -0.9997057318687439, 0.02349957264959812, 0.005615234375], [0.04256580397486687, -0.0232233889400959, -0.9988237023353577, 1.5234146118164062], [0.9990756511688232, 0.006992673501372337, 0.042413949966430664, -1.6246337890625], [0.0, 0.0, 0.0, 1.0]], [[-0.8313683271408081, -0.5545207858085632, -0.03651609644293785, 0.989013671875], [0.047923676669597626, -0.006075087934732437, -0.9988324642181396, 1.5061492919921875], [0.5536515116691589, -0.8321476578712463, 0.03162531182169914, -1.21954345703125], [0.0, 0.0, 0.0, 1.0]], [[0.9465160369873047, 0.32003119587898254, 0.04107776656746864, -1.146484375], [0.05570054054260254, -0.03666870668530464, -0.9977739453315735, 1.5882835388183594], [-0.3178125023841858, 0.9466971755027771, -0.052533432841300964, -0.10211181640625], [0.0, 0.0, 0.0, 1.0]], [[0.00243314728140831, 0.9996450543403625, -0.026531366631388664, 0.0028076171875], [0.03064429573714733, -0.026593519374728203, -0.9991765022277832, 1.5799148082733154], [-0.9995273947715759, 0.0016181068494915962, -0.030698126181960106, -0.0166015625], [0.0, 0.0, 0.0, 1.0]], [[-0.9332857131958008, 0.3535008430480957, -0.06336266547441483, 1.101806640625], [0.06353330612182617, -0.011134323664009571, -0.9979175925254822, 1.5537948608398438], [-0.35347020626068115, -0.9353678822517395, -0.012067572213709354, -0.0767822265625], [0.0, 0.0, 0.0, 1.0]]], "view": [[0.0, -2.0, 100.0], [-2.0, 0.0, 100.0], [0.0, 0.0, 1.0]], "bev": "bev_3b594831ff7f4e27a9889c7b7d0d8e92.png", "aux": "aux_3b594831ff7f4e27a9889c7b7d0d8e92.npz", "visibility": "visibility_3b594831ff7f4e27a9889c7b7d0d8e92.png", "pose": [[-0.981690526008606, -0.1904827505350113, 0.0, 1523.967529296875], [0.1904827505350113, -0.981690526008606, 0.0, 1213.4119873046875], [0.0, 0.0, 1.0, 0.0], [0.0, 0.0, 0.0, 1.0]], "pose_inverse": [[-0.981690526008606, 0.1904827505350113, 0.0, 1264.930419921875], [-0.1904827505350113, -0.981690526008606, 0.0, 1481.484619140625], [0.0, 0.0, 1.0, 0.0], [0.0, 0.0, 0.0, 1.0]], "cam_ids": [0, 1, 2, 3, 4, 5], "cam_channels": ["CAM_FRONT_LEFT", "CAM_FRONT", "CAM_FRONT_RIGHT", "CAM_BACK_LEFT", "CAM_BACK", "CAM_BACK_RIGHT"], "token": "3b594831ff7f4e27a9889c7b7d0d8e92", "scene": "scene-1094"}, {"images": ["samples/CAM_FRONT_LEFT/n015-2018-11-21-19-38-26+0800__CAM_FRONT_LEFT__1542800851404844.jpg", "samples/CAM_FRONT/n015-2018-11-21-19-38-26+0800__CAM_FRONT__1542800851412460.jpg", "samples/CAM_FRONT_RIGHT/n015-2018-11-21-19-38-26+0800__CAM_FRONT_RIGHT__1542800851420339.jpg", "samples/CAM_BACK_LEFT/n015-2018-11-21-19-38-26+0800__CAM_BACK_LEFT__1542800851447423.jpg", "samples/CAM_BACK/n015-2018-11-21-19-38-26+0800__CAM_BACK__1542800851437525.jpg", "samples/CAM_BACK_RIGHT/n015-2018-11-21-19-38-26+0800__CAM_BACK_RIGHT__1542800851427893.jpg"], "intrinsics": [[[1272.5979470598488, 0.0, 826.6154927353808], [0.0, 1272.5979470598488, 479.75165386361925], [0.0, 0.0, 1.0]], [[1266.417203046554, 0.0, 816.2670197447984], [0.0, 1266.417203046554, 491.50706579294757], [0.0, 0.0, 1.0]], [[1260.8474446004698, 0.0, 807.968244525554], [0.0, 1260.8474446004698, 495.3344268742088], [0.0, 0.0, 1.0]], [[1256.7414812095406, 0.0, 792.1125740759628], [0.0, 1256.7414812095406, 492.7757465151356], [0.0, 0.0, 1.0]], [[809.2209905677063, 0.0, 829.2196003259838], [0.0, 809.2209905677063, 481.77842384512485], [0.0, 0.0, 1.0]], [[1259.5137405846733, 0.0, 807.2529053838625], [0.0, 1259.5137405846733, 501.19579884916527], [0.0, 0.0, 1.0]]], "extrinsics": [[[0.820318341255188, -0.5707740187644958, 0.035983793437480927, -0.85797119140625], [0.0330074280500412, -0.015563477762043476, -0.999333918094635, 1.5125560760498047], [0.570953905582428, 0.8209596276283264, 0.006072774063795805, -1.205078125], [0.0, 0.0, 0.0, 1.0]], [[0.005580148193985224, -0.9997937679290771, 0.01952141337096691, 0.005126953125], [0.027523333206772804, -0.01936076208949089, -0.9994336366653442, 1.5235118865966797], [0.9996055364608765, 0.006114292424172163, 0.02740962617099285, -1.583740234375], [0.0, 0.0, 0.0, 1.0]], [[-0.832205057144165, -0.5538392066955566, -0.026395736262202263, 0.9608154296875], [0.0329463928937912, -0.0018720210064202547, -0.9994553327560425, 1.5064697265625], [0.5534881949424744, -0.8326214551925659, 0.01980491355061531, -1.2015380859375], [0.0, 0.0, 0.0, 1.0]], [[0.9471562504768372, 0.31947362422943115, 0.028837403282523155, -1.1319580078125], [0.04097865894436836, -0.031345926225185394, -0.9986681938171387, 1.5889911651611328], [-0.3181442320346832, 0.9470765590667725, -0.04278109222650528, -0.10693359375], [0.0, 0.0, 0.0, 1.0]], [[0.0025702081620693207, 0.9997630715370178, -0.021615045145154, 0.0030517578125], [0.015816137194633484, -0.021653054282069206, -0.9996404051780701, 1.5799455642700195], [-0.999871551990509, 0.0022274323273450136, -0.015868045389652252, -0.035400390625], [0.0, 0.0, 0.0, 1.0]], [[-0.9339108467102051, 0.3542921543121338, -0.047827914357185364, 1.07647705078125], [0.04864189028739929, -0.0066133663058280945, -0.998794436454773, 1.5545578002929688], [-0.35418131947517395, -0.935111403465271, -0.011057145893573761, -0.0865478515625], [0.0, 0.0, 0.0, 1.0]]], "view": [[0.0, -2.0, 100.0], [-2.0, 0.0, 100.0], [0.0, 0.0, 1.0]], "bev": "bev_8178cfbc864e4cb0b6e35746b32bed9f.png", "aux": "aux_8178cfbc864e4cb0b6e35746b32bed9f.npz", "visibility": "visibility_8178cfbc864e4cb0b6e35746b32bed9f.png", "pose": [[-0.9812825322151184, -0.19257347285747528, 0.0, 1522.6644287109375], [0.19257347285747528, -0.9812825322151184, 0.0, 1213.6683349609375], [0.0, 0.0, 1.0, 0.0], [0.0, 0.0, 0.0, 1.0]], "pose_inverse": [[-0.9812825322151184, 0.19257347285747528, 0.0, 1260.4437255859375], [-0.19257347285747528, -0.9812825322151184, 0.0, 1484.1763916015625], [0.0, 0.0, 1.0, 0.0], [0.0, 0.0, 0.0, 1.0]], "cam_ids": [0, 1, 2, 3, 4, 5], "cam_channels": ["CAM_FRONT_LEFT", "CAM_FRONT", "CAM_FRONT_RIGHT", "CAM_BACK_LEFT", "CAM_BACK", "CAM_BACK_RIGHT"], "token": "8178cfbc864e4cb0b6e35746b32bed9f", "scene": "scene-1094"}, {"images": ["samples/CAM_FRONT_LEFT/n015-2018-11-21-19-38-26+0800__CAM_FRONT_LEFT__1542800851904844.jpg", "samples/CAM_FRONT/n015-2018-11-21-19-38-26+0800__CAM_FRONT__1542800851912460.jpg", "samples/CAM_FRONT_RIGHT/n015-2018-11-21-19-38-26+0800__CAM_FRONT_RIGHT__1542800851920339.jpg", "samples/CAM_BACK_LEFT/n015-2018-11-21-19-38-26+0800__CAM_BACK_LEFT__1542800851947423.jpg", "samples/CAM_BACK/n015-2018-11-21-19-38-26+0800__CAM_BACK__1542800851937525.jpg", "samples/CAM_BACK_RIGHT/n015-2018-11-21-19-38-26+0800__CAM_BACK_RIGHT__1542800851927893.jpg"], "intrinsics": [[[1272.5979470598488, 0.0, 826.6154927353808], [0.0, 1272.5979470598488, 479.75165386361925], [0.0, 0.0, 1.0]], [[1266.417203046554, 0.0, 816.2670197447984], [0.0, 1266.417203046554, 491.50706579294757], [0.0, 0.0, 1.0]], [[1260.8474446004698, 0.0, 807.968244525554], [0.0, 1260.8474446004698, 495.3344268742088], [0.0, 0.0, 1.0]], [[1256.7414812095406, 0.0, 792.1125740759628], [0.0, 1256.7414812095406, 492.7757465151356], [0.0, 0.0, 1.0]], [[809.2209905677063, 0.0, 829.2196003259838], [0.0, 809.2209905677063, 481.77842384512485], [0.0, 0.0, 1.0]], [[1259.5137405846733, 0.0, 807.2529053838625], [0.0, 1259.5137405846733, 501.19579884916527], [0.0, 0.0, 1.0]]], "extrinsics": [[[0.8206596970558167, -0.5711228251457214, 0.01834237203001976, -0.862213134765625], [0.01704677753150463, -0.007615827489644289, -0.9998257160186768, 1.5103788375854492], [0.5711629986763, 0.8208292722702026, 0.0034858020953834057, -1.209228515625], [0.0, 0.0, 0.0, 1.0]], [[0.005655397195369005, -0.9999169707298279, 0.01157899759709835, 0.0059814453125], [0.011559084057807922, -0.011513041332364082, -0.9998669028282166, 1.521720290184021], [0.9999171495437622, 0.00578848272562027, 0.011493013240396976, -1.58984375], [0.0, 0.0, 0.0, 1.0]], [[-0.8326603770256042, -0.5535107851028442, -0.017393168061971664, 0.9664306640625], [0.01698349043726921, 0.005869594868272543, -0.9998385310173035, 1.5049934387207031], [0.5535234808921814, -0.8328213691711426, 0.004513166844844818, -1.204345703125], [0.0, 0.0, 0.0, 1.0]], [[0.9476112127304077, 0.3190309405326843, 0.015881188213825226, -1.140380859375], [0.024844300001859665, -0.024044828489422798, -0.9994021058082581, 1.5885930061340332], [-0.31845831871032715, 0.9474392533302307, -0.030711248517036438, -0.10406494140625], [0.0, 0.0, 0.0, 1.0]], [[0.0025254690553992987, 0.9998965859413147, -0.01415915135294199, 0.0030517578125], [-0.00024729137658141553, -0.014158571138978004, -0.9998997449874878, 1.5793533325195312], [-0.9999967813491821, 0.002528712386265397, 0.00021150596148800105, -0.0281982421875], [0.0, 0.0, 0.0, 1.0]], [[-0.9344608783721924, 0.35478445887565613, -0.030181799083948135, 1.082275390625], [0.03266699239611626, 0.0010156853822991252, -0.9994657635688782, 1.5533370971679688], [-0.35456424951553345, -0.9349475502967834, -0.01253886055201292, -0.083984375], [0.0, 0.0, 0.0, 1.0]]], "view": [[0.0, -2.0, 100.0], [-2.0, 0.0, 100.0], [0.0, 0.0, 1.0]], "bev": "bev_07c29094cb6144aa889c16c52f762d79.png", "aux": "aux_07c29094cb6144aa889c16c52f762d79.npz", "visibility": "visibility_07c29094cb6144aa889c16c52f762d79.png", "pose": [[-0.981357753276825, -0.19218994677066803, 0.0, 1521.335205078125], [0.19218994677066803, -0.981357753276825, 0.0, 1213.93505859375], [0.0, 0.0, 1.0, 0.0], [0.0, 0.0, 0.0, 1.0]], "pose_inverse": [[-0.981357753276825, 0.19218994677066803, 0.0, 1259.66796875], [-0.19218994677066803, -0.981357753276825, 0.0, 1483.68994140625], [0.0, 0.0, 1.0, 0.0], [0.0, 0.0, 0.0, 1.0]], "cam_ids": [0, 1, 2, 3, 4, 5], "cam_channels": ["CAM_FRONT_LEFT", "CAM_FRONT", "CAM_FRONT_RIGHT", "CAM_BACK_LEFT", "CAM_BACK", "CAM_BACK_RIGHT"], "token": "07c29094cb6144aa889c16c52f762d79", "scene": "scene-1094"}, {"images": ["samples/CAM_FRONT_LEFT/n015-2018-11-21-19-38-26+0800__CAM_FRONT_LEFT__1542800852404844.jpg", "samples/CAM_FRONT/n015-2018-11-21-19-38-26+0800__CAM_FRONT__1542800852412460.jpg", "samples/CAM_FRONT_RIGHT/n015-2018-11-21-19-38-26+0800__CAM_FRONT_RIGHT__1542800852420339.jpg", "samples/CAM_BACK_LEFT/n015-2018-11-21-19-38-26+0800__CAM_BACK_LEFT__1542800852447423.jpg", "samples/CAM_BACK/n015-2018-11-21-19-38-26+0800__CAM_BACK__1542800852437525.jpg", "samples/CAM_BACK_RIGHT/n015-2018-11-21-19-38-26+0800__CAM_BACK_RIGHT__1542800852427893.jpg"], "intrinsics": [[[1272.5979470598488, 0.0, 826.6154927353808], [0.0, 1272.5979470598488, 479.75165386361925], [0.0, 0.0, 1.0]], [[1266.417203046554, 0.0, 816.2670197447984], [0.0, 1266.417203046554, 491.50706579294757], [0.0, 0.0, 1.0]], [[1260.8474446004698, 0.0, 807.968244525554], [0.0, 1260.8474446004698, 495.3344268742088], [0.0, 0.0, 1.0]], [[1256.7414812095406, 0.0, 792.1125740759628], [0.0, 1256.7414812095406, 492.7757465151356], [0.0, 0.0, 1.0]], [[809.2209905677063, 0.0, 829.2196003259838], [0.0, 809.2209905677063, 481.77842384512485], [0.0, 0.0, 1.0]], [[1259.5137405846733, 0.0, 807.2529053838625], [0.0, 1259.5137405846733, 501.19579884916527], [0.0, 0.0, 1.0]]], "extrinsics": [[[0.819640576839447, -0.5728601217269897, 0.004523284733295441, -0.870025634765625], [0.0008487069862894714, -0.006681468803435564, -0.9999773502349854, 1.5083551406860352], [0.5728773474693298, 0.8196259140968323, -0.004990213550627232, -1.2158203125], [0.0, 0.0, 0.0, 1.0]], [[0.004065968096256256, -0.9999357461929321, 0.010583537630736828, 0.0068359375], [-0.004777389578521252, -0.010602929629385471, -0.9999324083328247, 1.5200958251953125], [0.9999803304672241, 0.004015131387859583, -0.004820194095373154, -1.5977783203125], [0.0, 0.0, 0.0, 1.0]], [[-0.8336220979690552, -0.5523195266723633, -0.004167431034147739, 0.9716796875], [0.0005368788260966539, 0.006734837777912617, -0.9999771118164062, 1.5036754608154297], [0.5523349642753601, -0.8336052894592285, -0.005317780189216137, -1.20697021484375], [0.0, 0.0, 0.0, 1.0]], [[0.9477050304412842, 0.319147527217865, 0.00031540621421299875, -1.14208984375], [0.008128387853503227, -0.023149173706769943, -0.9996989369392395, 1.5885772705078125], [-0.31904417276382446, 0.9474222660064697, -0.0245327427983284, -0.10455322265625], [0.0, 0.0, 0.0, 1.0]], [[0.002832589903846383, 0.9999067783355713, -0.013356772251427174, 0.0020751953125], [-0.01698274351656437, -0.013306797482073307, -0.9997672438621521, 1.5788993835449219], [-0.9998517632484436, 0.0030587620567530394, 0.016943467780947685, -0.0257568359375], [0.0, 0.0, 0.0, 1.0]], [[-0.934446394443512, 0.3558134436607361, -0.014377486892044544, 1.0855712890625], [0.016083471477031708, 0.0018367428565397859, -0.9998689293861389, 1.5523128509521484], [-0.35574039816856384, -0.9345552921295166, -0.007439053617417812, -0.08154296875], [0.0, 0.0, 0.0, 1.0]]], "view": [[0.0, -2.0, 100.0], [-2.0, 0.0, 100.0], [0.0, 0.0, 1.0]], "bev": "bev_a43568a562a043f38af0ec0b71520af7.png", "aux": "aux_a43568a562a043f38af0ec0b71520af7.npz", "visibility": "visibility_a43568a562a043f38af0ec0b71520af7.png", "pose": [[-0.9833332896232605, -0.18181212246418, 0.0, 1519.9827880859375], [0.18181212246418, -0.9833332896232605, 0.0, 1214.2020263671875], [0.0, 0.0, 1.0, 0.0], [0.0, 0.0, 0.0, 1.0]], "pose_inverse": [[-0.9833332896232605, 0.18181212246418, 0.0, 1273.89306640625], [-0.18181212246418, -0.9833332896232605, 0.0, 1470.3165283203125], [0.0, 0.0, 1.0, 0.0], [0.0, 0.0, 0.0, 1.0]], "cam_ids": [0, 1, 2, 3, 4, 5], "cam_channels": ["CAM_FRONT_LEFT", "CAM_FRONT", "CAM_FRONT_RIGHT", "CAM_BACK_LEFT", "CAM_BACK", "CAM_BACK_RIGHT"], "token": "a43568a562a043f38af0ec0b71520af7", "scene": "scene-1094"}, {"images": ["samples/CAM_FRONT_LEFT/n015-2018-11-21-19-38-26+0800__CAM_FRONT_LEFT__1542800852904844.jpg", "samples/CAM_FRONT/n015-2018-11-21-19-38-26+0800__CAM_FRONT__1542800852912460.jpg", "samples/CAM_FRONT_RIGHT/n015-2018-11-21-19-38-26+0800__CAM_FRONT_RIGHT__1542800852920339.jpg", "samples/CAM_BACK_LEFT/n015-2018-11-21-19-38-26+0800__CAM_BACK_LEFT__1542800852947423.jpg", "samples/CAM_BACK/n015-2018-11-21-19-38-26+0800__CAM_BACK__1542800852937525.jpg", "samples/CAM_BACK_RIGHT/n015-2018-11-21-19-38-26+0800__CAM_BACK_RIGHT__1542800852927893.jpg"], "intrinsics": [[[1272.5979470598488, 0.0, 826.6154927353808], [0.0, 1272.5979470598488, 479.75165386361925], [0.0, 0.0, 1.0]], [[1266.417203046554, 0.0, 816.2670197447984], [0.0, 1266.417203046554, 491.50706579294757], [0.0, 0.0, 1.0]], [[1260.8474446004698, 0.0, 807.968244525554], [0.0, 1260.8474446004698, 495.3344268742088], [0.0, 0.0, 1.0]], [[1256.7414812095406, 0.0, 792.1125740759628], [0.0, 1256.7414812095406, 492.7757465151356], [0.0, 0.0, 1.0]], [[809.2209905677063, 0.0, 829.2196003259838], [0.0, 809.2209905677063, 481.77842384512485], [0.0, 0.0, 1.0]], [[1259.5137405846733, 0.0, 807.2529053838625], [0.0, 1259.5137405846733, 501.19579884916527], [0.0, 0.0, 1.0]]], "extrinsics": [[[0.8168919086456299, -0.5766465067863464, -0.012901066802442074, -0.86871337890625], [-0.014840262942016125, 0.0013470015255734324, -0.9998889565467834, 1.5065460205078125], [0.5765998363494873, 0.8169927000999451, -0.007457229774445295, -1.2186279296875], [0.0, 0.0, 0.0, 1.0]], [[0.00036787192220799625, -0.9999963641166687, 0.0026786120142787695, 0.009521484375], [-0.020283345133066177, -0.00268552266061306, -0.9997907280921936, 1.518646240234375], [0.9997942447662354, 0.0003134551807306707, -0.0202842578291893, -1.5986328125], [0.0, 0.0, 0.0, 1.0]], [[-0.8352482914924622, -0.5498560070991516, 0.004317287355661392, 0.97412109375], [-0.014711032621562481, 0.014496522024273872, -0.9997866749763489, 1.5025016069412231], [0.5496761798858643, -0.8351337313652039, -0.020197143778204918, -1.204620361328125], [0.0, 0.0, 0.0, 1.0]], [[0.9475990533828735, 0.31926867365837097, -0.01111563853919506, -1.1448974609375], [-0.0063570355996489525, -0.01594293862581253, -0.99985271692276, 1.588623046875], [-0.3193988502025604, 0.9475300908088684, -0.013077911920845509, -0.1063232421875], [0.0, 0.0, 0.0, 1.0]], [[0.0037484350614249706, 0.9999751448631287, -0.005978364963084459, -0.000732421875], [-0.03174321725964546, -0.005856407806277275, -0.9994788765907288, 1.5785484313964844], [-0.9994890689849854, 0.00393