[{"images": ["samples/CAM_FRONT_LEFT/n008-2018-08-21-11-53-44-0400__CAM_FRONT_LEFT__1534867267904799.jpg", "samples/CAM_FRONT/n008-2018-08-21-11-53-44-0400__CAM_FRONT__1534867267912404.jpg", "samples/CAM_FRONT_RIGHT/n008-2018-08-21-11-53-44-0400__CAM_FRONT_RIGHT__1534867267920482.jpg", "samples/CAM_BACK_LEFT/n008-2018-08-21-11-53-44-0400__CAM_BACK_LEFT__1534867267947405.jpg", "samples/CAM_BACK/n008-2018-08-21-11-53-44-0400__CAM_BACK__1534867267937558.jpg", "samples/CAM_BACK_RIGHT/n008-2018-08-21-11-53-44-0400__CAM_BACK_RIGHT__1534867267928113.jpg"], "intrinsics": [[[1257.8625342125129, 0.0, 827.2410631095686], [0.0, 1257.8625342125129, 450.915498205774], [0.0, 0.0, 1.0]], [[1252.8131021185304, 0.0, 826.588114781398], [0.0, 1252.8131021185304, 469.9846626224581], [0.0, 0.0, 1.0]], [[1256.7485116440405, 0.0, 817.7887570959712], [0.0, 1256.7485116440403, 451.9541780095127], [0.0, 0.0, 1.0]], [[1254.9860565800168, 0.0, 829.5769333630991], [0.0, 1254.9860565800168, 467.1680561863987], [0.0, 0.0, 1.0]], [[796.8910634503094, 0.0, 857.7774326863696], [0.0, 796.8910634503094, 476.8848988407415], [0.0, 0.0, 1.0]], [[1249.9629280788233, 0.0, 825.3768045375984], [0.0, 1249.9629280788233, 462.54816385708756], [0.0, 0.0, 1.0]]], "extrinsics": [[[0.8224424719810486, -0.568601667881012, -0.016747185960412025, -0.6820068359375], [-0.005376570858061314, 0.02166910655796528, -0.9997507333755493, 1.4861373901367188], [0.568822979927063, 0.8223275542259216, 0.01476446632295847, -1.1129150390625], [0.0, 0.0, 0.0, 1.0]], [[0.010118475183844566, -0.9997903108596802, -0.01779726706445217, 0.010498046875], [-0.0034611409064382315, 0.017763053998351097, -0.999836266040802, 1.4790058135986328], [0.9999427199363708, 0.010178388096392155, -0.003280679229646921, -1.410675048828125], [0.0, 0.0, 0.0, 1.0]], [[-0.8441051840782166, -0.5361053347587585, -0.008797207847237587, 0.8780517578125], [0.004519291687756777, 0.009292913600802422, -0.9999465942382812, 1.4941997528076172], [0.5361585021018982, -0.8440999388694763, -0.00542138097807765, -1.1407470703125], [0.0, 0.0, 0.0, 1.0]], [[0.9477654099464417, 0.3187079429626465, -0.01287897489964962, -1.1273193359375], [-0.022008011117577553, 0.025059374049305916, -0.9994437098503113, 1.5616683959960938], [-0.31820788979530334, 0.9475216269493103, 0.030764540657401085, -0.1614990234375], [0.0, 0.0, 0.0, 1.0]], [[0.009351597167551517, 0.9998074769973755, 0.01725347712635994, -0.028564453125], [-0.019288254901766777, 0.01743137836456299, -0.999661922454834, 1.5660572052001953], [-0.9997701644897461, 0.009015655145049095, 0.019447552040219307, -0.0589141845703125], [0.0, 0.0, 0.0, 1.0]], [[-0.9236928820610046, 0.3829571008682251, 0.011638919822871685, 0.98870849609375], [-0.014896860346198082, -0.0055428496561944485, -0.9998736381530762, 1.5450525283813477], [-0.38284415006637573, -0.9237494468688965, 0.010824748314917088, -0.11376953125], [0.0, 0.0, 0.0, 1.0]]], "view": [[0.0, -2.0, 100.0], [-2.0, 0.0, 100.0], [0.0, 0.0, 1.0]], "bev": "bev_ea91245051274c1396b13e7fbbe3c649.png", "aux": "aux_ea91245051274c1396b13e7fbbe3c649.npz", "visibility": "visibility_ea91245051274c1396b13e7fbbe3c649.png", "pose": [[-0.8524035215377808, -0.5228844881057739, 0.0, 655.9766235351562], [0.5228844881057739, -0.8524035215377808, 0.0, 1474.8363037109375], [0.0, 0.0, 1.0, 0.0], [0.0, 0.0, 0.0, 1.0]], "pose_inverse": [[-0.8524035215377808, 0.5228844881057739, 0.0, -212.01226806640625], [-0.5228844881057739, -0.8524035215377808, 0.0, 1600.1556396484375], [0.0, 0.0, 1.0, 0.0], [0.0, 0.0, 0.0, 1.0]], "cam_ids": [0, 1, 2, 3, 4, 5], "cam_channels": ["CAM_FRONT_LEFT", "CAM_FRONT", "CAM_FRONT_RIGHT", "CAM_BACK_LEFT", "CAM_BACK", "CAM_BACK_RIGHT"], "token": "ea91245051274c1396b13e7fbbe3c649", "scene": "scene-0247"}, {"images": ["samples/CAM_FRONT_LEFT/n008-2018-08-21-11-53-44-0400__CAM_FRONT_LEFT__1534867268404799.jpg", "samples/CAM_FRONT/n008-2018-08-21-11-53-44-0400__CAM_FRONT__1534867268412404.jpg", "samples/CAM_FRONT_RIGHT/n008-2018-08-21-11-53-44-0400__CAM_FRONT_RIGHT__1534867268420482.jpg", "samples/CAM_BACK_LEFT/n008-2018-08-21-11-53-44-0400__CAM_BACK_LEFT__1534867268447405.jpg", "samples/CAM_BACK/n008-2018-08-21-11-53-44-0400__CAM_BACK__1534867268437558.jpg", "samples/CAM_BACK_RIGHT/n008-2018-08-21-11-53-44-0400__CAM_BACK_RIGHT__1534867268428113.jpg"], "intrinsics": [[[1257.8625342125129, 0.0, 827.2410631095686], [0.0, 1257.8625342125129, 450.915498205774], [0.0, 0.0, 1.0]], [[1252.8131021185304, 0.0, 826.588114781398], [0.0, 1252.8131021185304, 469.9846626224581], [0.0, 0.0, 1.0]], [[1256.7485116440405, 0.0, 817.7887570959712], [0.0, 1256.7485116440403, 451.9541780095127], [0.0, 0.0, 1.0]], [[1254.9860565800168, 0.0, 829.5769333630991], [0.0, 1254.9860565800168, 467.1680561863987], [0.0, 0.0, 1.0]], [[796.8910634503094, 0.0, 857.7774326863696], [0.0, 796.8910634503094, 476.8848988407415], [0.0, 0.0, 1.0]], [[1249.9629280788233, 0.0, 825.3768045375984], [0.0, 1249.9629280788233, 462.54816385708756], [0.0, 0.0, 1.0]]], "extrinsics": [[[0.8221479654312134, -0.5688684582710266, -0.021481111645698547, -0.6734619140625], [-0.010064564645290375, 0.02320338971912861, -0.9996801018714905, 1.4842109680175781], [0.5691849589347839, 0.8221011161804199, 0.013351204805076122, -1.105712890625], [0.0, 0.0, 0.0, 1.0]], [[0.009743592701852322, -0.9997719526290894, -0.019000735133886337, 0.009765625], [-0.007864017970860004, 0.01892443560063839, -0.9997900128364563, 1.4775199890136719], [0.9999216198921204, 0.009890994057059288, -0.007677832618355751, -1.40167236328125], [0.0, 0.0, 0.0, 1.0]], [[-0.8442549705505371, -0.535910964012146, -0.005743640474975109, 0.8719482421875], [0.00041885653627105057, 0.010057131759822369, -0.9999492764472961, 1.4931716918945312], [0.5359416007995605, -0.8442146182060242, -0.00826631486415863, -1.1375732421875], [0.0, 0.0, 0.0, 1.0]], [[0.9476675987243652, 0.3188992142677307, -0.015143491327762604, -1.12890625], [-0.024165906012058258, 0.02435462176799774, -0.9994112849235535, 1.5616645812988281], [-0.3183427155017853, 0.9474756717681885, 0.030786577612161636, -0.1611328125], [0.0, 0.0, 0.0, 1.0]], [[0.009392653591930866, 0.9998107552528381, 0.01703473925590515, -0.028076171875], [-0.022454485297203064, 0.017242081463336945, -0.9995991587638855, 1.5657005310058594], [-0.9997037053108215, 0.009006323292851448, 0.022612186148762703, -0.0603179931640625], [0.0, 0.0, 0.0, 1.0]], [[-0.9235840439796448, 0.38309741020202637, 0.0151253966614604, 0.98455810546875], [-0.018520396202802658, -0.005175038706511259, -0.9998151063919067, 1.5442910194396973], [-0.38294824957847595, -0.9236934185028076, 0.011874699965119362, -0.1158447265625], [0.0, 0.0, 0.0, 1.0]]], "view": [[0.0, -2.0, 100.0], [-2.0, 0.0, 100.0], [0.0, 0.0, 1.0]], "bev": "bev_b34908246e1a49979fe4039d6226c896.png", "aux": "aux_b34908246e1a49979fe4039d6226c896.npz", "visibility": "visibility_b34908246e1a49979fe4039d6226c896.png", "pose": [[-0.853600800037384, -0.5209276676177979, 0.0, 652.1981811523438], [0.5209276676177979, -0.853600800037384, 0.0, 1477.1993408203125], [0.0, 0.0, 1.0, 0.0], [0.0, 0.0, 0.0, 1.0]], "pose_inverse": [[-0.853600800037384, 0.5209276676177979, 0.0, -212.79708862304688], [-0.5209276676177979, -0.853600800037384, 0.0, 1600.6866455078125], [0.0, 0.0, 1.0, 0.0], [0.0, 0.0, 0.0, 1.0]], "cam_ids": [0, 1, 2, 3, 4, 5], "cam_channels": ["CAM_FRONT_LEFT", "CAM_FRONT", "CAM_FRONT_RIGHT", "CAM_BACK_LEFT", "CAM_BACK", "CAM_BACK_RIGHT"], "token": "b34908246e1a49979fe4039d6226c896", "scene": "scene-0247"}, {"images": ["samples/CAM_FRONT_LEFT/n008-2018-08-21-11-53-44-0400__CAM_FRONT_LEFT__1534867268854799.jpg", "samples/CAM_FRONT/n008-2018-08-21-11-53-44-0400__CAM_FRONT__1534867268862404.jpg", "samples/CAM_FRONT_RIGHT/n008-2018-08-21-11-53-44-0400__CAM_FRONT_RIGHT__1534867268870482.jpg", "samples/CAM_BACK_LEFT/n008-2018-08-21-11-53-44-0400__CAM_BACK_LEFT__1534867268897405.jpg", "samples/CAM_BACK/n008-2018-08-21-11-53-44-0400__CAM_BACK__1534867268887558.jpg", "samples/CAM_BACK_RIGHT/n008-2018-08-21-11-53-44-0400__CAM_BACK_RIGHT__1534867268878113.jpg"], "intrinsics": [[[1257.8625342125129, 0.0, 827.2410631095686], [0.0, 1257.8625342125129, 450.915498205774], [0.0, 0.0, 1.0]], [[1252.8131021185304, 0.0, 826.588114781398], [0.0, 1252.8131021185304, 469.9846626224581], [0.0, 0.0, 1.0]], [[1256.7485116440405, 0.0, 817.7887570959712], [0.0, 1256.7485116440403, 451.9541780095127], [0.0, 0.0, 1.0]], [[1254.9860565800168, 0.0, 829.5769333630991], [0.0, 1254.9860565800168, 467.1680561863987], [0.0, 0.0, 1.0]], [[796.8910634503094, 0.0, 857.7774326863696], [0.0, 796.8910634503094, 476.8848988407415], [0.0, 0.0, 1.0]], [[1249.9629280788233, 0.0, 825.3768045375984], [0.0, 1249.9629280788233, 462.54816385708756], [0.0, 0.0, 1.0]]], "extrinsics": [[[0.8219359517097473, -0.569338321685791, -0.016589360311627388, -0.673828125], [-0.009063297882676125, 0.016048613935709, -0.9998301267623901, 1.4846267700195312], [0.569507896900177, 0.8219466805458069, 0.008030848577618599, -1.105712890625], [0.0, 0.0, 0.0, 1.0]], [[0.009419475682079792, -0.9998857378959656, -0.01181985903531313, 0.0098876953125], [-0.007141372188925743, 0.011752815917134285, -0.9999054074287415, 1.4777717590332031], [0.9999301433563232, 0.009503073059022427, -0.007029850501567125, -1.4017486572265625], [0.0, 0.0, 0.0, 1.0]], [[-0.8443928956985474, -0.5357201099395752, -0.002112595597282052, 0.8717041015625], [0.0006987727247178555, 0.002842055866494775, -0.9999957084655762, 1.4932513236999512], [0.535723865032196, -0.844390869140625, -0.0020254654809832573, -1.1375732421875], [0.0, 0.0, 0.0, 1.0]], [[0.9477277398109436, 0.3185509443283081, -0.01837119646370411, -1.12762451171875], [-0.02518964372575283, 0.017298037186264992, -0.9995329976081848, 1.561614990234375], [-0.31808438897132874, 0.9477478265762329, 0.024418016895651817, -0.1612548828125], [0.0, 0.0, 0.0, 1.0]], [[0.009557275101542473, 0.9999058842658997, 0.009840089827775955, -0.0281982421875], [-0.022702733054757118, 0.010054978542029858, -0.9996916651725769, 1.565664291381836], [-0.9996965527534485, 0.009330950677394867, 0.022796696051955223, -0.0609893798828125], [0.0, 0.0, 0.0, 1.0]], [[-0.9235150218009949, 0.3833606243133545, 0.012435575015842915, 0.9840087890625], [-0.018611647188663483, -0.012405221350491047, -0.9997498393058777, 1.5442686080932617], [-0.38311031460762024, -0.9235154986381531, 0.0185913797467947, -0.115966796875], [0.0, 0.0, 0.0, 1.0]]], "view": [[0.0, -2.0, 100.0], [-2.0, 0.0, 100.0], [0.0, 0.0, 1.0]], "bev": "bev_e7bf347874164324b54730554df7c735.png", "aux": "aux_e7bf347874164324b54730554df7c735.npz", "visibility": "visibility_e7bf347874164324b54730554df7c735.png", "pose": [[-0.8554545044898987, -0.5178779363632202, 0.0, 648.7467041015625], [0.5178779363632202, -0.8554545044898987, 0.0, 1479.3348388671875], [0.0, 0.0, 1.0, 0.0], [0.0, 0.0, 0.0, 1.0]], "pose_inverse": [[-0.8554545044898987, 0.5178779363632202, 0.0, -211.14158630371094], [-0.5178779363632202, -0.8554545044898987, 0.0, 1601.475341796875], [0.0, 0.0, 1.0, 0.0], [0.0, 0.0, 0.0, 1.0]], "cam_ids": [0, 1, 2, 3, 4, 5], "cam_channels": ["CAM_FRONT_LEFT", "CAM_FRONT", "CAM_FRONT_RIGHT", "CAM_BACK_LEFT", "CAM_BACK", "CAM_BACK_RIGHT"], "token": "e7bf347874164324b54730554df7c735", "scene": "scene-0247"}, {"images": ["samples/CAM_FRONT_LEFT/n008-2018-08-21-11-53-44-0400__CAM_FRONT_LEFT__1534867269404799.jpg", "samples/CAM_FRONT/n008-2018-08-21-11-53-44-0400__CAM_FRONT__1534867269412404.jpg", "samples/CAM_FRONT_RIGHT/n008-2018-08-21-11-53-44-0400__CAM_FRONT_RIGHT__1534867269420554.jpg", "samples/CAM_BACK_LEFT/n008-2018-08-21-11-53-44-0400__CAM_BACK_LEFT__1534867269447405.jpg", "samples/CAM_BACK/n008-2018-08-21-11-53-44-0400__CAM_BACK__1534867269437558.jpg", "samples/CAM_BACK_RIGHT/n008-2018-08-21-11-53-44-0400__CAM_BACK_RIGHT__1534867269428113.jpg"], "intrinsics": [[[1257.8625342125129, 0.0, 827.2410631095686], [0.0, 1257.8625342125129, 450.915498205774], [0.0, 0.0, 1.0]], [[1252.8131021185304, 0.0, 826.588114781398], [0.0, 1252.8131021185304, 469.9846626224581], [0.0, 0.0, 1.0]], [[1256.7485116440405, 0.0, 817.7887570959712], [0.0, 1256.7485116440403, 451.9541780095127], [0.0, 0.0, 1.0]], [[1254.9860565800168, 0.0, 829.5769333630991], [0.0, 1254.9860565800168, 467.1680561863987], [0.0, 0.0, 1.0]], [[796.8910634503094, 0.0, 857.7774326863696], [0.0, 796.8910634503094, 476.8848988407415], [0.0, 0.0, 1.0]], [[1249.9629280788233, 0.0, 825.3768045375984], [0.0, 1249.9629280788233, 462.54816385708756], [0.0, 0.0, 1.0]]], "extrinsics": [[[0.8219441771507263, -0.5690873861312866, -0.023398371413350105, -0.6749267578125], [-0.005871482193470001, 0.03261272981762886, -0.9994508028030396, 1.4858322143554688], [0.5695379376411438, 0.8216301202774048, 0.023464452475309372, -1.10888671875], [0.0, 0.0, 0.0, 1.0]], [[0.009396012872457504, -0.9995539784431458, -0.028345510363578796, 0.0113525390625], [-0.003915811888873577, 0.028309764340519905, -0.999591588973999, 1.4787826538085938], [0.9999481439590454, 0.009503166191279888, -0.0036480652634054422, -1.404754638671875], [0.0, 0.0, 0.0, 1.0]], [[-0.8444149494171143, -0.5355101227760315, -0.013866765424609184, 0.8756103515625], [0.004106649663299322, 0.019413860514760017, -0.9998030662536621, 1.49407958984375], [0.5356738567352295, -0.8443056344985962, -0.014194202609360218, -1.138427734375], [0.0, 0.0, 0.0, 1.0]], [[0.9477750658988953, 0.3188014328479767, -0.009385808371007442, -1.13232421875], [-0.021317632868885994, 0.03395862877368927, -0.9991958141326904, 1.5617866516113281], [-0.3182263672351837, 0.9472129940986633, 0.03898123279213905, -0.159912109375], [0.0, 0.0, 0.0, 1.0]], [[0.009575999341905117, 0.9996030926704407, 0.026494089514017105, -0.028564453125], [-0.019047927111387253, 0.026672841981053352, -0.9994626641273499, 1.5661048889160156], [-0.9997727870941162, 0.009066243655979633, 0.019295789301395416, -0.057464599609375], [0.0, 0.0, 0.0, 1.0]], [[-0.9235268831253052, 0.38323044776916504, 0.01524995919317007, 0.9866943359375], [-0.014780139550566673, 0.004170613829046488, -0.9998820424079895, 1.5450305938720703], [-0.38324886560440063, -0.9236433506011963, 0.0018125264905393124, -0.114013671875], [0.0, 0.0, 0.0, 1.0]]], "view": [[0.0, -2.0, 100.0], [-2.0, 0.0, 100.0], [0.0, 0.0, 1.0]], "bev": "bev_b5a0298a604649f0a2230c657b71eb82.png", "aux": "aux_b5a0298a604649f0a2230c657b71eb82.npz", "visibility": "visibility_b5a0298a604649f0a2230c657b71eb82.png", "pose": [[-0.857435941696167, -0.5145907402038574, 0.0, 644.4832763671875], [0.5145907402038574, -0.857435941696167, 0.0, 1481.9571533203125], [0.0, 0.0, 1.0, 0.0], [0.0, 0.0, 0.0, 1.0]], "pose_inverse": [[-0.857435941696167, 0.5145907402038574, 0.0, -209.99830627441406], [-0.5145907402038574, -0.857435941696167, 0.0, 1602.3284912109375], [0.0, 0.0, 1.0, 0.0], [0.0, 0.0, 0.0, 1.0]], "cam_ids": [0, 1, 2, 3, 4, 5], "cam_channels": ["CAM_FRONT_LEFT", "CAM_FRONT", "CAM_FRONT_RIGHT", "CAM_BACK_LEFT", "CAM_BACK", "CAM_BACK_RIGHT"], "token": "b5a0298a604649f0a2230c657b71eb82", "scene": "scene-0247"}, {"images": ["samples/CAM_FRONT_LEFT/n008-2018-08-21-11-53-44-0400__CAM_FRONT_LEFT__1534867269904799.jpg", "samples/CAM_FRONT/n008-2018-08-21-11-53-44-0400__CAM_FRONT__1534867269912404.jpg", "samples/CAM_FRONT_RIGHT/n008-2018-08-21-11-53-44-0400__CAM_FRONT_RIGHT__1534867269920518.jpg", "samples/CAM_BACK_LEFT/n008-2018-08-21-11-53-44-0400__CAM_BACK_LEFT__1534867269947405.jpg", "samples/CAM_BACK/n008-2018-08-21-11-53-44-0400__CAM_BACK__1534867269937558.jpg", "samples/CAM_BACK_RIGHT/n008-2018-08-21-11-53-44-0400__CAM_BACK_RIGHT__1534867269928113.jpg"], "intrinsics": [[[1257.8625342125129, 0.0, 827.2410631095686], [0.0, 1257.8625342125129, 450.915498205774], [0.0, 0.0, 1.0]], [[1252.8131021185304, 0.0, 826.588114781398], [0.0, 1252.8131021185304, 469.9846626224581], [0.0, 0.0, 1.0]], [[1256.7485116440405, 0.0, 817.7887570959712], [0.0, 1256.7485116440403, 451.9541780095127], [0.0, 0.0, 1.0]], [[1254.9860565800168, 0.0, 829.5769333630991], [0.0, 1254.9860565800168, 467.1680561863987], [0.0, 0.0, 1.0]], [[796.8910634503094, 0.0, 857.7774326863696], [0.0, 796.8910634503094, 476.8848988407415], [0.0, 0.0, 1.0]], [[1249.9629280788233, 0.0, 825.3768045375984], [0.0, 1249.9629280788233, 462.54816385708756], [0.0, 0.0, 1.0]]], "extrinsics": [[[0.8223018050193787, -0.5688544511795044, -0.014979352243244648, -0.6781005859375], [0.002554042264819145, 0.03001250885426998, -0.999546229839325, 1.4891510009765625], [0.569045901298523, 0.8218904137611389, 0.026132216677069664, -1.1134033203125], [0.0, 0.0, 0.0, 1.0]], [[0.00988609530031681, -0.9996165633201599, -0.02586405724287033, 0.0128173828125], [0.00460323179140687, 0.025910543277859688, -0.999653697013855, 1.4815559387207031], [0.9999405741691589, 0.009763630107045174, 0.004857621621340513, -1.408966064453125], [0.0, 0.0, 0.0, 1.0]], [[-0.8441742062568665, -0.5356966853141785, -0.019977442920207977, 0.8787841796875], [0.012725439853966236, 0.017230598255991936, -0.9997705221176147, 1.4962329864501953], [0.5359179973602295, -0.8442347049713135, -0.007728651165962219, -1.13916015625], [0.0, 0.0, 0.0, 1.0]], [[0.9479007124900818, 0.31856104731559753, -0.0017308355309069157, -1.133880615234375], [-0.01278956700116396, 0.03262628987431526, -0.9993857741355896, 1.5618858337402344], [-0.3183090090751648, 0.9473406672477722, 0.035000745207071304, -0.1600341796875], [0.0, 0.0, 0.0, 1.0]], [[0.009423197247087955, 0.9996467232704163, 0.024853207170963287, -0.0294189453125], [-0.010745681822299957, 0.02495410665869713, -0.9996308088302612, 1.56695556640625], [-0.9998978972434998, 0.00915274117141962, 0.010977033525705338, -0.055511474609375], [0.0, 0.0, 0.0, 1.0]], [[-0.9236582517623901, 0.38315820693969727, 0.006722659338265657, 0.9888916015625], [-0.006373467855155468, 0.0021808266174048185, -0.9999772906303406, 1.5466270446777344], [-0.3831641376018524, -0.9236801266670227, 0.000427708204369992, -0.1123046875], [0.0, 0.0, 0.0, 1.0]]], "view": [[0.0, -2.0, 100.0], [-2.0, 0.0, 100.0], [0.0, 0.0, 1.0]], "bev": "bev_f9cd3cfe2a644335afef81d68708dbcb.png", "aux": "aux_f9cd3cfe2a644335afef81d68708dbcb.npz", "visibility": "visibility_f9cd3cfe2a644335afef81d68708dbcb.png", "pose": [[-0.8578197956085205, -0.5139505863189697, 0.0, 640.66650390625], [0.5139505863189697, -0.8578197956085205, 0.0, 1484.3055419921875], [0.0, 0.0, 1.0, 0.0], [0.0, 0.0, 0.0, 1.0]], "pose_inverse": [[-0.8578197956085205, 0.5139505863189697, 0.0, -213.28326416015625], [-0.5139505863189697, -0.8578197956085205, 0.0, 1602.53759765625], [0.0, 0.0, 1.0, 0.0], [0.0, 0.0, 0.0, 1.0]], "cam_ids": [0, 1, 2, 3, 4, 5], "cam_channels": ["CAM_FRONT_LEFT", "CAM_FRONT", "CAM_FRONT_RIGHT", "CAM_BACK_LEFT", "CAM_BACK", "CAM_BACK_RIGHT"], "token": "f9cd3cfe2a644335afef81d68708dbcb", "scene": "scene-0247"}, {"images": ["samples/CAM_FRONT_LEFT/n008-2018-08-21-11-53-44-0400__CAM_FRONT_LEFT__1534867270404799.jpg", "samples/CAM_FRONT/n008-2018-08-21-11-53-44-0400__CAM_FRONT__1534867270412404.jpg", "samples/CAM_FRONT_RIGHT/n008-2018-08-21-11-53-44-0400__CAM_FRONT_RIGHT__1534867270420482.jpg", "samples/CAM_BACK_LEFT/n008-2018-08-21-11-53-44-0400__CAM_BACK_LEFT__1534867270447405.jpg", "samples/CAM_BACK/n008-2018-08-21-11-53-44-0400__CAM_BACK__1534867270437558.jpg", "samples/CAM_BACK_RIGHT/n008-2018-08-21-11-53-44-0400__CAM_BACK_RIGHT__1534867270428113.jpg"], "intrinsics": [[[1257.8625342125129, 0.0, 827.2410631095686], [0.0, 1257.8625342125129, 450.915498205774], [0.0, 0.0, 1.0]], [[1252.8131021185304, 0.0, 826.588114781398], [0.0, 1252.8131021185304, 469.9846626224581], [0.0, 0.0, 1.0]], [[1256.7485116440405, 0.0, 817.7887570959712], [0.0, 1256.7485116440403, 451.9541780095127], [0.0, 0.0, 1.0]], [[1254.9860565800168, 0.0, 829.5769333630991], [0.0, 1254.9860565800168, 467.1680561863987], [0.0, 0.0, 1.0]], [[796.8910634503094, 0.0, 857.7774326863696], [0.0, 796.8910634503094, 476.8848988407415], [0.0, 0.0, 1.0]], [[1249.9629280788233, 0.0, 825.3768045375984], [0.0, 1249.9629280788233, 462.54816385708756], [0.0, 0.0, 1.0]]], "extrinsics": [[[0.82236248254776, -0.5686543583869934, -0.01876743696630001, -0.685302734375], [-0.003317291848361492, 0.02819262258708477, -0.9995970129966736, 1.4868736267089844], [0.5689542293548584, 0.8220933079719543, 0.021298162639141083, -1.118408203125], [0.0, 0.0, 0.0, 1.0]], [[0.010000190697610378, -0.9996632933616638, -0.023944204673171043, 0.012939453125], [-0.0011985739693045616, 0.023933401331305504, -0.9997128844261169, 1.4796791076660156], [0.9999492764472961, 0.010026012547314167, -0.0009588317479938269, -1.41583251953125], [0.0, 0.0, 0.0, 1.0]], [[-0.8441455960273743, -0.5359312295913696, -0.013995002023875713, 0.8826904296875], [0.006997785530984402, 0.015087601728737354, -0.9998616576194763, 1.494760513305664], [0.5360682606697083, -0.8441268801689148, -0.008985800668597221, -1.1414794921875], [0.0, 0.0, 0.0, 1.0]], [[0.9478410482406616, 0.31867802143096924, -0.006453744601458311, -1.133941650390625], [-0.016891757026314735, 0.03000139258801937, -0.9994071125984192, 1.5618629455566406], [-0.318295419216156, 0.9473881125450134, 0.03381958603858948, -0.15966796875], [0.0, 0.0, 0.0, 1.0]], [[0.009358711540699005, 0.9997063279151917, 0.022351359948515892, -0.0291748046875], [-0.015438444912433624, 0.022494129836559296, -0.9996277689933777, 1.5665130615234375], [-0.9998370409011841, 0.00901025626808405, 0.01564442738890648, -0.0539398193359375], [0.0, 0.0, 0.0, 1.0]], [[-0.9236927032470703, 0.3829820454120636, 0.0107888737693429, 0.99163818359375], [-0.011724449694156647, -0.00010877193562919274, -0.999931275844574, 1.5456807613372803], [-0.38295450806617737, -0.9237557649612427, 0.004590725526213646, -0.111083984375], [0.0, 0.0, 0.0, 1.0]]], "view": [[0.0, -2.0, 100.0], [-2.0, 0.0, 100.0], [0.0, 0.0, 1.0]], "bev": "bev_62548606d432471fa1e9a293848f929d.png", "aux": "aux_62548606d432471fa1e9a293848f929d.npz", "visibility": "visibility_62548606d432471fa1e9a293848f929d.png", "pose": [[-0.8588029742240906, -0.5123060345649719, 0.0, 636.9046630859375], [0.5123060345649719, -0.8588029742240906, 0.0, 1486.6168212890625], [0.0, 0.0, 1.0, 0.0], [0.0, 0.0, 0.0, 1.0]], "pose_inverse": [[-0.8588029742240906, 0.5123060345649719, 0.0, -214.6271209716797], [-0.5123060345649719, -0.8588029742240906, 0.0, 1603.0009765625], [0.0, 0.0, 1.0, 0.0], [0.0, 0.0, 0.0, 1.0]], "cam_ids": [0, 1, 2, 3, 4, 5], "cam_channels": ["CAM_FRONT_LEFT", "CAM_FRONT", "CAM_FRONT_RIGHT", "CAM_BACK_LEFT", "CAM_BACK", "CAM_BACK_RIGHT"], "token": "62548606d432471fa1e9a293848f929d", "scene": "scene-0247"}, {"images": ["samples/CAM_FRONT_LEFT/n008-2018-08-21-11-53-44-0400__CAM_FRONT_LEFT__1534867270904799.jpg", "samples/CAM_FRONT/n008-2018-08-21-11-53-44-0400__CAM_FRONT__1534867270912404.jpg", "samples/CAM_FRONT_RIGHT/n008-2018-08-21-11-53-44-0400__CAM_FRONT_RIGHT__1534867270920482.jpg", "samples/CAM_BACK_LEFT/n008-2018-08-21-11-53-44-0400__CAM_BACK_LEFT__1534867270947405.jpg", "samples/CAM_BACK/n008-2018-08-21-11-53-44-0400__CAM_BACK__1534867270937558.jpg", "samples/CAM_BACK_RIGHT/n008-2018-08-21-11-53-44-0400__CAM_BACK_RIGHT__1534867270928113.jpg"], "intrinsics": [[[1257.8625342125129, 0.0, 827.2410631095686], [0.0, 1257.8625342125129, 450.915498205774], [0.0, 0.0, 1.0]], [[1252.8131021185304, 0.0, 826.588114781398], [0.0, 1252.8131021185304, 469.9846626224581], [0.0, 0.0, 1.0]], [[1256.7485116440405, 0.0, 817.7887570959712], [0.0, 1256.7485116440403, 451.9541780095127], [0.0, 0.0, 1.0]], [[1254.9860565800168, 0.0, 829.5769333630991], [0.0, 1254.9860565800168, 467.1680561863987], [0.0, 0.0, 1.0]], [[796.8910634503094, 0.0, 857.7774326863696], [0.0, 796.8910634503094, 476.8848988407415], [0.0, 0.0, 1.0]], [[1249.9629280788233, 0.0, 825.3768045375984], [0.0, 1249.9629280788233, 462.54816385708756], [0.0, 0.0, 1.0]]], "extrinsics": [[[0.8229894638061523, -0.5677326917648315, -0.01918509230017662, -0.682373046875], [-0.0018971296958625317, 0.031026050448417664, -0.9995167851448059, 1.4873886108398438], [0.5680536031723022, 0.8226280808448792, 0.024457048624753952, -1.1173095703125], [0.0, 0.0, 0.0, 1.0]], [[0.010874604806303978, -0.999576210975647, -0.027001963928341866, 0.013427734375], [0.00021360172831919044, 0.027005882933735847, -0.9996352791786194, 1.4801063537597656], [0.9999408721923828, 0.010864806361496449, 0.000507189950440079, -1.414306640625], [0.0, 0.0, 0.0, 1.0]], [[-0.8437899947166443, -0.536405086517334, -0.016971882432699203, 0.8829345703125], [0.00840196292847395, 0.018416889011859894, -0.9997950792312622, 1.4950923919677734], [0.5366078019142151, -0.8437597751617432, -0.01103313360363245, -1.1409912109375], [0.0, 0.0, 0.0, 1.0]], [[0.9476397037506104, 0.31930145621299744, -0.005052966997027397, -1.136199951171875], [-0.016598470509052277, 0.033447787165641785, -0.9993026256561279, 1.5618553161621094], [-0.31890976428985596, 0.9470627307891846, 0.03699636831879616, -0.16015625], [0.0, 0.0, 0.0, 1.0]], [[0.008833288215100765, 0.9996272325515747, 0.025833256542682648, -0.030029296875], [-0.01450603362172842, 0.025959640741348267, -0.9995576739311218, 1.5666084289550781], [-0.9998557567596436, 0.008454586379230022, 0.014729934744536877, -0.0520172119140625], [0.0, 0.0, 0.0, 1.0]], [[-0.9238649010658264, 0.38255637884140015, 0.011140883900225163, 0.99273681640625], [-0.010657458566129208, 0.0033828557934612036, -0.9999374747276306, 1.5458769798278809], [-0.38257014751434326, -0.9239259958267212, 0.0009517765138298273, -0.110107421875], [0.0, 0.0, 0.0, 1.0]]], "view": [[0.0, -2.0, 100.0], [-2.0, 0.0, 100.0], [0.0, 0.0, 1.0]], "bev": "bev_c1e10e3718094738a565428a1662dc82.png", "aux": "aux_c1e10e3718094738a565428a1662dc82.npz", "visibility": "visibility_c1e10e3718094738a565428a1662dc82.png", "pose": [[-0.859504222869873, -0.5111286640167236, 0.0, 633.0902099609375], [0.5111286640167236, -0.859504222869873, 0.0, 1488.92138671875], [0.0, 0.0, 1.0, 0.0], [0.0, 0.0, 0.0, 1.0]], "pose_inverse": [[-0.859504222869873, 0.5111286640167236, 0.0, -216.88668823242188], [-0.5111286640167236, -0.859504222869873, 0.0, 1603.32470703125], [0.0, 0.0, 1.0, 0.0], [0.0, 0.0, 0.0, 1.0]], "cam_ids": [0, 1, 2, 3, 4, 5], "cam_channels": ["CAM_FRONT_LEFT", "CAM_FRONT", "CAM_FRONT_RIGHT", "CAM_BACK_LEFT", "CAM_BACK", "CAM_BACK_RIGHT"], "token": "c1e10e3718094738a565428a1662dc82", "scene": "scene-0247"}, {"images": ["samples/CAM_FRONT_LEFT/n008-2018-08-21-11-53-44-0400__CAM_FRONT_LEFT__1534867271404799.jpg", "samples/CAM_FRONT/n008-2018-08-21-11-53-44-0400__CAM_FRONT__1534867271412404.jpg", "samples/CAM_FRONT_RIGHT/n008-2018-08-21-11-53-44-0400__CAM_FRONT_RIGHT__1534867271420531.jpg", "samples/CAM_BACK_LEFT/n008-2018-08-21-11-53-44-0400__CAM_BACK_LEFT__1534867271447405.jpg", "samples/CAM_BACK/n008-2018-08-21-11-53-44-0400__CAM_BACK__1534867271437558.jpg", "samples/CAM_BACK_RIGHT/n008-2018-08-21-11-53-44-0400__CAM_BACK_RIGHT__1534867271428113.jpg"], "intrinsics": [[[1257.8625342125129, 0.0, 827.2410631095686], [0.0, 1257.8625342125129, 450.915498205774], [0.0, 0.0, 1.0]], [[1252.8131021185304, 0.0, 826.588114781398], [0.0, 1252.8131021185304, 469.9846626224581], [0.0, 0.0, 1.0]], [[1256.7485116440405, 0.0, 817.7887570959712], [0.0, 1256.7485116440403, 451.9541780095127], [0.0, 0.0, 1.0]], [[1254.9860565800168, 0.0, 829.5769333630991], [0.0, 1254.9860565800168, 467.1680561863987], [0.0, 0.0, 1.0]], [[796.8910634503094, 0.0, 857.7774326863696], [0.0, 796.8910634503094, 476.8848988407415], [0.0, 0.0, 1.0]], [[1249.9629280788233, 0.0, 825.3768045375984], [0.0, 1249.9629280788233, 462.54816385708756], [0.0, 0.0, 1.0]]], "extrinsics": [[[0.8224842548370361, -0.5685954689979553, -0.014794101007282734, -0.6990966796875], [-0.0009020554134622216, 0.024705884978175163, -0.9996943473815918, 1.4878692626953125], [0.5687870979309082, 0.822246253490448, 0.019807297736406326, -1.126220703125], [0.0, 0.0, 0.0, 1.0]], [[0.010157200507819653, -0.999741792678833, -0.02032526582479477, 0.011474609375], [0.0008361278451047838, 0.020334798842668533, -0.9997928738594055, 1.4803581237792969], [0.9999480843544006, 0.010138057172298431, 0.0010424560168758035, -1.4298095703125], [0.0, 0.0, 0.0, 1.0]], [[-0.8440830707550049, -0.5360454320907593, -0.01337735541164875, 0.89276123046875], [0.008626912720501423, 0.011368738487362862, -0.9998981356620789, 1.4950809478759766], [0.536142885684967, -0.8441125750541687, -0.004971744026988745, -1.149169921875], [0.0, 0.0, 0.0, 1.0]], [[0.947809100151062, 0.3187321126461029, -0.008229176513850689, -1.134429931640625], [-0.01740243472158909, 0.025943493470549583, -0.9995118975639343, 1.5618743896484375], [-0.31836310029029846, 0.9474896788597107, 0.030136194080114365, -0.1590576171875], [0.0, 0.0, 0.0, 1.0]], [[0.00929181557148695, 0.999787449836731, 0.018403837457299232, -0.02880859375], [-0.01502269133925438, 0.018542123958468437, -0.9997151494026184, 1.5666618347167969], [-0.999843955039978, 0.009012648835778236, 0.015191787853837013, -0.048004150390625], [0.0, 0.0, 0.0, 1.0]], [[-0.9237186908721924, 0.38298195600509644, 0.008279893547296524, 1.00164794921875], [-0.010595637373626232, -0.003937586210668087, -0.9999361038208008, 1.5460004806518555], [-0.382924884557724, -0.9237474203109741, 0.007695161271840334, -0.1077880859375], [0.0, 0.0, 0.0, 1.0]]], "view": [[0.0, -2.0, 100.0], [-2.0, 0.0, 100.0], [0.0, 0.0, 1.0]], "bev": "bev_8c9ee8ccf20d4c09ba30f7a7edac362b.png", "aux": "aux_8c9ee8ccf20d4c09ba30f7a7edac362b.npz", "visibility": "visibility_8c9ee8ccf20d4c09ba30f7a7edac362b.png", "pose": [[-0.8607805371284485, -0.5089762806892395, 0.0, 629.3359375], [0.5089762806892395, -0.8607805371284485, 0.0, 1491.203369140625], [0.0, 0.0, 1.0, 0.0], [0.0, 0.0, 0.0, 1.0]], "pose_inverse": [[-0.8607805371284485, 0.5089762806892395, 0.0, -217.2669677734375], [-0.5089762806892395, -0.8607805371284485, 0.0, 1603.9158935546875], [0.0, 0.0, 1.0, 0.0], [0.0, 0.0, 0.0, 1.0]], "cam_ids": [0, 1, 2, 3, 4, 5], "cam_channels": ["CAM_FRONT_LEFT", "CAM_FRONT", "CAM_FRONT_RIGHT", "CAM_BACK_LEFT", "CAM_BACK", "CAM_BACK_RIGHT"], "token": "8c9ee8ccf20d4c09ba30f7a7edac362b", "scene": "scene-0247"}, {"images": ["samples/CAM_FRONT_LEFT/n008-2018-08-21-11-53-44-0400__CAM_FRONT_LEFT__1534867271904799.jpg", "samples/CAM_FRONT/n008-2018-08-21-11-53-44-0400__CAM_FRONT__1534867271912404.jpg", "samples/CAM_FRONT_RIGHT/n008-2018-08-21-11-53-44-0400__CAM_FRONT_RIGHT__1534867271920482.jpg", "samples/CAM_BACK_LEFT/n008-2018-08-21-11-53-44-0400__CAM_BACK_LEFT__1534867271947405.jpg", "samples/CAM_BACK/n008-2018-08-21-11-53-44-0400__CAM_BACK__1534867271937558.jpg", "samples/CAM_BACK_RIGHT/n008-2018-08-21-11-53-44-0400__CAM_BACK_RIGHT__1534867271928113.jpg"], "intrinsics": [[[1257.8625342125129, 0.0, 827.2410631095686], [0.0, 1257.8625342125129, 450.915498205774], [0.0, 0.0, 1.0]], [[1252.8131021185304, 0.0, 826.588114781398], [0.0, 1252.8131021185304, 469.9846626224581], [0.0, 0.0, 1.0]], [[1256.7485116440405, 0.0, 817.7887570959712], [0.0, 1256.7485116440403, 451.9541780095127], [0.0, 0.0, 1.0]], [[1254.9860565800168, 0.0, 829.5769333630991], [0.0, 1254.9860565800168, 467.1680561863987], [0.0, 0.0, 1.0]], [[796.8910634503094, 0.0, 857.7774326863696], [0.0, 796.8910634503094, 476.8848988407415], [0.0, 0.0, 1.0]], [[1249.9629280788233, 0.0, 825.3768045375984], [0.0, 1249.9629280788233, 462.54816385708756], [0.0, 0.0, 1.0]]], "extrinsics": [[[0.8230308890342712, -0.5674927830696106, -0.023920705541968346, -0.69775390625], [-0.010957126505672932, 0.02624346874654293, -0.9995955228805542, 1.48419189453125], [0.567891001701355, 0.8229601383209229, 0.015381094999611378, -1.1221923828125], [0.0, 0.0, 0.0, 1.0]], [[0.011148021556437016, -0.9996957778930664, -0.021999957039952278, 0.00927734375], [-0.009029801934957504, 0.02189978025853634, -0.9997193813323975, 1.4773750305175781], [0.9998970627784729, 0.011343481950461864, -0.008782914839684963, -1.4273223876953125], [0.0, 0.0, 0.0, 1.0]], [[-0.8435962200164795, -0.5369433760643005, -0.006093422416597605, 0.89019775390625], [-0.0010331878438591957, 0.012970639392733574, -0.999915361404419, 1.4928207397460938], [0.5369769930839539, -0.8435186147689819, -0.011496745981276035, -1.1494140625], [0.0, 0.0, 0.0, 1.0]], [[0.9475300312042236, 0.3192596137523651, -0.016128571704030037, -1.13739013671875], [-0.026354538276791573, 0.02773590013384819, -0.9992677569389343, 1.5618553161621094], [-0.3185785412788391, 0.9472613334655762, 0.03469453752040863, -0.1583251953125], [0.0, 0.0, 0.0, 1.0]], [[0.008701970800757408, 0.9997658729553223, 0.01981336437165737, -0.0283203125], [-0.024273227900266647, 0.020019467920064926, -0.9995048642158508, 1.5658416748046875], [-0.9996675252914429, 0.008216677233576775, 0.024441752582788467, -0.0469970703125], [0.0, 0.0, 0.0, 1.0]], [[-0.9239680767059326, 0.3820628523826599, 0.01763288304209709, 1.00140380859375], [-0.020067211240530014, -0.002387518296018243, -0.9997957944869995, 1.5443546772003174], [-0.3819427490234375, -0.9241332411766052, 0.009872927330434322, -0.1092529296875], [0.0, 0.0, 0.0, 1.0]]], "view": [[0.0, -2.0, 100.0], [-2.0, 0.0, 100.0], [0.0, 0.0, 1.0]], "bev": "bev_0ecd4e68612c41e78a886ed46930e6d9.png", "aux": "aux_0ecd4e68612c41e78a886ed46930e6d9.npz", "visibility": "visibility_0ecd4e68612c41e78a886ed46930e6d9.png", "pose": [[-0.8573011755943298, -0.5148152112960815, 0.0, 625.6315307617188], [0.5148152112960815, -0.8573011755943298, 0.0, 1493.4456787109375], [0.0, 0.0, 1.0, 0.0], [0.0, 0.0, 0.0, 1.0]], "pose_inverse": [[-0.8573011755943298, 0.5148152112960815, 0.0, -232.49386596679688], [-0.5148152112960815, -0.8573011755943298, 0.0, 1602.4173583984375], [0.0, 0.0, 1.0, 0.0], [0.0, 0.0, 0.0, 1.0]], "cam_ids": [0, 1, 2, 3, 4, 5], "cam_channels": ["CAM_FRONT_LEFT", "CAM_FRONT", "CAM_FRONT_RIGHT", "CAM_BACK_LEFT", "CAM_BACK", "CAM_BACK_RIGHT"], "token": "0ecd4e68612c41e78a886ed46930e6d9", "scene": "scene-0247"}, {"images": ["samples/CAM_FRONT_LEFT/n008-2018-08-21-11-53-44-0400__CAM_FRONT_LEFT__1534867272404799.jpg", "samples/CAM_FRONT/n008-2018-08-21-11-53-44-0400__CAM_FRONT__1534867272412404.jpg", "samples/CAM_FRONT_RIGHT/n008-2018-08-21-11-53-44-0400__CAM_FRONT_RIGHT__1534867272420482.jpg", "samples/CAM_BACK_LEFT/n008-2018-08-21-11-53-44-0400__CAM_BACK_LEFT__1534867272447405.jpg", "samples/CAM_BACK/n008-2018-08-21-11-53-44-0400__CAM_BACK__1534867272437558.jpg", "samples/CAM_BACK_RIGHT/n008-2018-08-21-11-53-44-0400__CAM_BACK_RIGHT__1534867272428113.jpg"], "intrinsics": [[[1257.8625342125129, 0.0, 827.2410631095686], [0.0, 1257.8625342125129, 450.915498205774], [0.0, 0.0, 1.0]], [[1252.8131021185304, 0.0, 826.588114781398], [0.0, 1252.8131021185304, 469.9846626224581], [0.0, 0.0, 1.0]], [[1256.7485116440405, 0.0, 817.7887570959712], [0.0, 1256.7485116440403, 451.9541780095127], [0.0, 0.0, 1.0]], [[1254.9860565800168, 0.0, 829.5769333630991], [0.0, 1254.9860565800168, 467.1680561863987], [0.0, 0.0, 1.0]], [[796.8910634503094, 0.0, 857.7774326863696], [0.0, 796.8910634503094, 476.8848988407415], [0.0, 0.0, 1.0]], [[1249.9629280788233, 0.0, 825.3768045375984], [0.0, 1249.9629280788233, 462.54816385708756], [0.0, 0.0, 1.0]]], "extrinsics": [[[0.8221301436424255, -0.5680973529815674, -0.036979906260967255, -0.7041015625], [-0.022443382069468498, 0.03256412222981453, -0.9992176294326782, 1.4800071716308594], [0.5688570737838745, 0.8223168849945068, 0.014021921902894974, -1.130859375], [0.0, 0.0, 0.0, 1.0]], [[0.009970052167773247, -0.9995520114898682, -0.028221167623996735, 0.0123291015625], [-0.020135072991251945, 0.028016172349452972, -0.9994046688079834, 1.4740180969238281], [0.9997475147247314, 0.010532345622777939, -0.019846726208925247, -1.435028076171875], [0.0, 0.0, 0.0, 1.0]], [[-0.8440611958503723, -0.536246657371521, -0.00020921693067066371, 0.89556884765625], [-0.011738020926713943, 0.018865888938307762, -0.9997531175613403, 1.4902839660644531], [0.5361182689666748, -0.8438504338264465, -0.02221844531595707, -1.150146484375], [0.0, 0.0, 0.0, 1.0]], [[0.9476207494735718, 0.3185594081878662, -0.023128848522901535, -1.134735107421875], [-0.03550616651773453, 0.03310149908065796, -0.9988210797309875, 1.5617332458496094], [-0.31741827726364136, 0.9473247528076172, 0.04267848655581474, -0.158447265625], [0.0, 0.0, 0.0, 1.0]], [[0.009682715870440006, 0.9996254444122314, 0.025597522035241127, -0.0289306640625], [-0.033767376095056534, 0.025910992175340652, -0.9990937113761902, 1.5649528503417969], [-0.9993828535079956, 0.00880962610244751, 0.03400561958551407, -0.046966552734375], [0.0, 0.0, 0.0, 1.0]], [[-0.9234634637832642, 0.38258764147758484, 0.029015006497502327, 1.00286865234375], [-0.0299461018294096, 0.0035225453320890665, -0.9995452761650085, 1.5427188873291016], [-0.3825157880783081, -0.923912525177002, 0.008204066194593906, -0.1065673828125], [0.0, 0.0, 0.0, 1.0]]], "view": [[0.0, -2.0, 100.0], [-2.0, 0.0, 100.0], [0.0, 0.0, 1.0]], "bev": "bev_e862a63336de4e269fe0050dd291d5fa.png", "aux": "aux_e862a63336de4e269fe0050dd291d5fa.npz", "visibility": "visibility_e862a63336de4e269fe0050dd291d5fa.png", "pose": [[-0.8539695143699646, -0.5203230381011963, 0.0, 622.0147094726562], [0.5203230381011963, -0.8539695143699646, 0.0, 1495.6763916015625], [0.0, 0.0, 1.0, 0.0], [0.0, 0.0, 0.0, 1.0]], "pose_inverse": [[-0.8539695143699646, 0.5203230381011963, 0.0, -247.05323791503906], [-0.5203230381011963, -0.8539695143699646, 0.0, 1600.91064453125], [0.0, 0.0, 1.0, 0.0], [0.0, 0.0, 0.0, 1.0]], "cam_ids": [0, 1, 2, 3, 4, 5], "cam_channels": ["CAM_FRONT_LEFT", "CAM_FRONT", "CAM_FRONT_RIGHT", "CAM_BACK_LEFT", "CAM_BACK", "CAM_BACK_RIGHT"], "token": "e862a63336de4e269fe0050dd291d5fa", "scene": "scene-0247"}, {"images": ["samples/CAM_FRONT_LEFT/n008-2018-08-21-11-53-44-0400__CAM_FRONT_LEFT__1534867273004799.jpg", "samples/CAM_FRONT/n008-2018-08-21-11-53-44-0400__CAM_FRONT__1534867273012404.jpg", "samples/CAM_FRONT_RIGHT/n008-2018-08-21-11-53-44-0400__CAM_FRONT_RIGHT__1534867273020482.jpg", "samples/CAM_BACK_LEFT/n008-2018-08-21-11-53-44-0400__CAM_BACK_LEFT__1534867273047405.jpg", "samples/CAM_BACK/n008-2018-08-21-11-53-44-0400__CAM_BACK__1534867273037558.jpg", "samples/CAM_BACK_RIGHT/n008-2018-08-21-11-53-44-0400__CAM_BACK_RIGHT__1534867273028113.jpg"], "intrinsics": [[[1257.8625342125129, 0.0, 827.2410631095686], [0.0, 1257.8625342125129, 450.915498205774], [0.0, 0.0, 1.0]], [[1252.8131021185304, 0.0, 826.588114781398], [0.0, 1252.8131021185304, 469.9846626224581], [0.0, 0.0, 1.0]], [[1256.7485116440405, 0.0, 817.7887570959712], [0.0, 1256.7485116440403, 451.9541780095127], [0.0, 0.0, 1.0]], [[1254.9860565800168, 0.0, 829.5769333630991], [0.0, 1254.9860565800168, 467.1680561863987], [0.0, 0.0, 1.0]], [[796.8910634503094, 0.0, 857.7774326863696], [0.0, 796.8910634503094, 476.8848988407415], [0.0, 0.0, 1.0]], [[1249.9629280788233, 0.0, 825.3768045375984], [0.0, 1249.9629280788233, 462.54816385708756], [0.0, 0.0, 1.0]]], "extrinsics": [[[0.8223279714584351, -0.5683632493019104, -0.027201533317565918, -0.7088623046875], [-0.016975633800029755, 0.023278603330254555, -0.9995848536491394, 1.4821739196777344], [0.5687605142593384, 0.8224483728408813, 0.00949432048946619, -1.1298828125], [0.0, 0.0, 0.0, 1.0]], [[0.01013467088341713, -0.9997677803039551, -0.01901889033615589, 0.00927734375], [-0.014720478095114231, 0.018868638202548027, -0.9997135996818542, 1.4757919311523438], [0.999840259552002, 0.010411716997623444, -0.01452583260834217, -1.438751220703125], [0.0, 0.0, 0.0, 1.0]], [[-0.8440452814102173, -0.5362719297409058, 9.431616490473971e-05, 0.89788818359375], [-0.0063790446147322655, 0.00986420176923275, -0.9999309778213501, 1.491607666015625], [0.5362339615821838, -0.8439877033233643, -0.011746738106012344, -1.154541015625], [0.0, 0.0, 0.0, 1.0]], [[0.9477623701095581, 0.3182520270347595, -0.021500272676348686, -1.1395263671875], [-0.03083593025803566, 0.024324903264641762, -0.9992284178733826, 1.5619316101074219], [-0.31748342514038086, 0.9476940035820007, 0.03286782279610634, -0.156494140625], [0.0, 0.0, 0.0, 1.0]], [[0.009623774327337742, 0.9998140335083008, 0.01671232096850872, -0.0277099609375], [-0.028950039297342