[{"images": ["samples/CAM_FRONT_LEFT/n008-2018-08-31-11-37-23-0400__CAM_FRONT_LEFT__1535729899904799.jpg", "samples/CAM_FRONT/n008-2018-08-31-11-37-23-0400__CAM_FRONT__1535729899912404.jpg", "samples/CAM_FRONT_RIGHT/n008-2018-08-31-11-37-23-0400__CAM_FRONT_RIGHT__1535729899920482.jpg", "samples/CAM_BACK_LEFT/n008-2018-08-31-11-37-23-0400__CAM_BACK_LEFT__1535729899947405.jpg", "samples/CAM_BACK/n008-2018-08-31-11-37-23-0400__CAM_BACK__1535729899937558.jpg", "samples/CAM_BACK_RIGHT/n008-2018-08-31-11-37-23-0400__CAM_BACK_RIGHT__1535729899928113.jpg"], "intrinsics": [[[1257.8625342125129, 0.0, 827.2410631095686], [0.0, 1257.8625342125129, 450.915498205774], [0.0, 0.0, 1.0]], [[1252.8131021185304, 0.0, 826.588114781398], [0.0, 1252.8131021185304, 469.9846626224581], [0.0, 0.0, 1.0]], [[1256.7485116440405, 0.0, 817.7887570959712], [0.0, 1256.7485116440403, 451.9541780095127], [0.0, 0.0, 1.0]], [[1254.9860565800168, 0.0, 829.5769333630991], [0.0, 1254.9860565800168, 467.1680561863987], [0.0, 0.0, 1.0]], [[796.8910634503094, 0.0, 857.7774326863696], [0.0, 796.8910634503094, 476.8848988407415], [0.0, 0.0, 1.0]], [[1249.9629280788233, 0.0, 825.3768045375984], [0.0, 1249.9629280788233, 462.54816385708756], [0.0, 0.0, 1.0]]], "extrinsics": [[[0.8219724297523499, -0.5694431066513062, -0.009791378863155842, -0.935546875], [0.007125357165932655, 0.027472948655486107, -0.9995971322059631, 1.4888745546340942], [0.5694827437400818, 0.8215715885162354, 0.026639491319656372, -1.28607177734375], [0.0, 0.0, 0.0, 1.0]], [[0.009431786835193634, -0.9996846318244934, -0.023271270096302032, 0.00634765625], [0.009057503193616867, 0.023356759920716286, -0.9996861815452576, 1.4807720184326172], [0.9999144673347473, 0.009218008257448673, 0.009274941869080067, -1.6668701171875], [0.0, 0.0, 0.0, 1.0]], [[-0.8443112373352051, -0.5353907942771912, -0.022252969443798065, 1.046875], [0.01705370657145977, 0.014659765176475048, -0.999747097492218, 1.4939537048339844], [0.535581648349762, -0.8444771766662598, -0.0032470067963004112, -1.2493896484375], [0.0, 0.0, 0.0, 1.0]], [[0.9478623867034912, 0.3186761438846588, 0.0015157905872911215, -1.1444091796875], [-0.008442139253020287, 0.029864324256777763, -0.9995182752609253, 1.5620460510253906], [-0.3185679316520691, 0.9473930597305298, 0.030997581779956818, -0.1558837890625], [0.0, 0.0, 0.0, 1.0]], [[0.009413491003215313, 0.999707818031311, 0.022260557860136032, -0.028839111328125], [-0.006269479636102915, 0.022320112213492393, -0.999731183052063, 1.5679407119750977], [-0.9999361038208008, 0.009271377697587013, 0.006477758754044771, 0.025634765625], [0.0, 0.0, 0.0, 1.0]], [[-0.9235643148422241, 0.38343948125839233, 0.0017430824227631092, 1.1263427734375], [-0.002049048664048314, -0.0003895002300851047, -0.9999977946281433, 1.5477371215820312], [-0.3834379017353058, -0.9235658645629883, 0.001145414775237441, -0.057708740234375], [0.0, 0.0, 0.0, 1.0]]], "view": [[0.0, -2.0, 100.0], [-2.0, 0.0, 100.0], [0.0, 0.0, 1.0]], "bev": "bev_17e6f41d3b1f40d4bc85412fe8b67688.png", "aux": "aux_17e6f41d3b1f40d4bc85412fe8b67688.npz", "visibility": "visibility_17e6f41d3b1f40d4bc85412fe8b67688.png", "pose": [[-0.6237755417823792, 0.7816035151481628, 0.0, 1228.867431640625], [-0.7816035151481628, -0.6237755417823792, 0.0, 982.4349975585938], [0.0, 0.0, 1.0, 0.0], [0.0, 0.0, 0.0, 1.0]], "pose_inverse": [[-0.6237755417823792, -0.7816035151481628, 0.0, 1534.412109375], [0.7816035151481628, -0.6237755417823792, 0.0, -347.6681823730469], [0.0, 0.0, 1.0, 0.0], [0.0, 0.0, 0.0, 1.0]], "cam_ids": [0, 1, 2, 3, 4, 5], "cam_channels": ["CAM_FRONT_LEFT", "CAM_FRONT", "CAM_FRONT_RIGHT", "CAM_BACK_LEFT", "CAM_BACK", "CAM_BACK_RIGHT"], "token": "17e6f41d3b1f40d4bc85412fe8b67688", "scene": "scene-0556"}, {"images": ["samples/CAM_FRONT_LEFT/n008-2018-08-31-11-37-23-0400__CAM_FRONT_LEFT__1535729900504799.jpg", "samples/CAM_FRONT/n008-2018-08-31-11-37-23-0400__CAM_FRONT__1535729900512404.jpg", "samples/CAM_FRONT_RIGHT/n008-2018-08-31-11-37-23-0400__CAM_FRONT_RIGHT__1535729900520482.jpg", "samples/CAM_BACK_LEFT/n008-2018-08-31-11-37-23-0400__CAM_BACK_LEFT__1535729900547405.jpg", "samples/CAM_BACK/n008-2018-08-31-11-37-23-0400__CAM_BACK__1535729900537558.jpg", "samples/CAM_BACK_RIGHT/n008-2018-08-31-11-37-23-0400__CAM_BACK_RIGHT__1535729900528113.jpg"], "intrinsics": [[[1257.8625342125129, 0.0, 827.2410631095686], [0.0, 1257.8625342125129, 450.915498205774], [0.0, 0.0, 1.0]], [[1252.8131021185304, 0.0, 826.588114781398], [0.0, 1252.8131021185304, 469.9846626224581], [0.0, 0.0, 1.0]], [[1256.7485116440405, 0.0, 817.7887570959712], [0.0, 1256.7485116440403, 451.9541780095127], [0.0, 0.0, 1.0]], [[1254.9860565800168, 0.0, 829.5769333630991], [0.0, 1254.9860565800168, 467.1680561863987], [0.0, 0.0, 1.0]], [[796.8910634503094, 0.0, 857.7774326863696], [0.0, 796.8910634503094, 476.8848988407415], [0.0, 0.0, 1.0]], [[1249.9629280788233, 0.0, 825.3768045375984], [0.0, 1249.9629280788233, 462.54816385708756], [0.0, 0.0, 1.0]]], "extrinsics": [[[0.8212344646453857, -0.5704185962677002, -0.014024555683135986, -0.9239501953125], [0.006520779803395271, 0.03395972400903702, -0.9994019269943237, 1.4888930320739746], [0.5705536603927612, 0.8206518292427063, 0.0316084660589695, -1.2783203125], [0.0, 0.0, 0.0, 1.0]], [[0.008384033106267452, -0.9995192885398865, -0.029846908524632454, 0.007110595703125], [0.008418885059654713, 0.029917454347014427, -0.9995169043540955, 1.4808146953582764], [0.9999293684959412, 0.008128762245178223, 0.008665669709444046, -1.654296875], [0.0, 0.0, 0.0, 1.0]], [[-0.8447426557540894, -0.5345778465270996, -0.025228235870599747, 1.038818359375], [0.016378004103899002, 0.021295182406902313, -0.999639093875885, 1.4940681457519531], [0.5349221229553223, -0.8448509573936462, -0.009233631193637848, -1.243896484375], [0.0, 0.0, 0.0, 1.0]], [[0.9478119015693665, 0.31881412863731384, 0.00320376455783844, -1.145263671875], [-0.009007930755615234, 0.036821719259023666, -0.9992812275886536, 1.562063217163086], [-0.31870296597480774, 0.9471017718315125, 0.03777191415429115, -0.155517578125], [0.0, 0.0, 0.0, 1.0]], [[0.00964813306927681, 0.9995294213294983, 0.029116982594132423, -0.028717041015625], [-0.0068678236566483974, 0.0291838888078928, -0.9995504021644592, 1.5679073333740234], [-0.9999299049377441, 0.009443918243050575, 0.007146162446588278, 0.0223388671875], [0.0, 0.0, 0.0, 1.0]], [[-0.9233556985855103, 0.383914053440094, 0.004911611322313547, 1.119873046875], [-0.0026810087729245424, 0.006345090921968222, -0.9999762177467346, 1.5476922988891602], [-0.38393616676330566, -0.923346996307373, -0.004829500801861286, -0.0601806640625], [0.0, 0.0, 0.0, 1.0]]], "view": [[0.0, -2.0, 100.0], [-2.0, 0.0, 100.0], [0.0, 0.0, 1.0]], "bev": "bev_3e57b7ab937f42fabefb4f1b2c9bc356.png", "aux": "aux_3e57b7ab937f42fabefb4f1b2c9bc356.npz", "visibility": "visibility_3e57b7ab937f42fabefb4f1b2c9bc356.png", "pose": [[-0.6059086918830872, 0.7955341935157776, 0.0, 1228.0595703125], [-0.7955341935157776, -0.6059086918830872, 0.0, 981.4199829101562], [0.0, 0.0, 1.0, 0.0], [0.0, 0.0, 0.0, 1.0]], "pose_inverse": [[-0.6059086918830872, -0.7955341935157776, 0.0, 1524.8450927734375], [0.7955341935157776, -0.6059086918830872, 0.0, -382.31243896484375], [0.0, 0.0, 1.0, 0.0], [0.0, 0.0, 0.0, 1.0]], "cam_ids": [0, 1, 2, 3, 4, 5], "cam_channels": ["CAM_FRONT_LEFT", "CAM_FRONT", "CAM_FRONT_RIGHT", "CAM_BACK_LEFT", "CAM_BACK", "CAM_BACK_RIGHT"], "token": "3e57b7ab937f42fabefb4f1b2c9bc356", "scene": "scene-0556"}, {"images": ["samples/CAM_FRONT_LEFT/n008-2018-08-31-11-37-23-0400__CAM_FRONT_LEFT__1535729901004799.jpg", "samples/CAM_FRONT/n008-2018-08-31-11-37-23-0400__CAM_FRONT__1535729901012404.jpg", "samples/CAM_FRONT_RIGHT/n008-2018-08-31-11-37-23-0400__CAM_FRONT_RIGHT__1535729901020482.jpg", "samples/CAM_BACK_LEFT/n008-2018-08-31-11-37-23-0400__CAM_BACK_LEFT__1535729901047405.jpg", "samples/CAM_BACK/n008-2018-08-31-11-37-23-0400__CAM_BACK__1535729901037558.jpg", "samples/CAM_BACK_RIGHT/n008-2018-08-31-11-37-23-0400__CAM_BACK_RIGHT__1535729901028113.jpg"], "intrinsics": [[[1257.8625342125129, 0.0, 827.2410631095686], [0.0, 1257.8625342125129, 450.915498205774], [0.0, 0.0, 1.0]], [[1252.8131021185304, 0.0, 826.588114781398], [0.0, 1252.8131021185304, 469.9846626224581], [0.0, 0.0, 1.0]], [[1256.7485116440405, 0.0, 817.7887570959712], [0.0, 1256.7485116440403, 451.9541780095127], [0.0, 0.0, 1.0]], [[1254.9860565800168, 0.0, 829.5769333630991], [0.0, 1254.9860565800168, 467.1680561863987], [0.0, 0.0, 1.0]], [[796.8910634503094, 0.0, 857.7774326863696], [0.0, 796.8910634503094, 476.8848988407415], [0.0, 0.0, 1.0]], [[1249.9629280788233, 0.0, 825.3768045375984], [0.0, 1249.9629280788233, 462.54816385708756], [0.0, 0.0, 1.0]]], "extrinsics": [[[0.8202345967292786, -0.5717045664787292, -0.01921774633228779, -0.910400390625], [0.0036124507896602154, 0.038772184401750565, -0.9992415308952332, 1.488626480102539], [0.5720159411430359, 0.8195430040359497, 0.03386753797531128, -1.269927978515625], [0.0, 0.0, 0.0, 1.0]], [[0.006951384246349335, -0.9993761777877808, -0.03462616354227066, 0.00775146484375], [0.00547183258458972, 0.034664496779441833, -0.9993840456008911, 1.4806151390075684], [0.9999608397483826, 0.006757588125765324, 0.005709383636713028, -1.6412353515625], [0.0, 0.0, 0.0, 1.0]], [[-0.845361053943634, -0.5336013436317444, -0.025185924023389816, 1.0303955078125], [0.013389157131314278, 0.02596789039671421, -0.9995730519294739, 1.494004249572754], [0.5340275764465332, -0.8453373908996582, -0.01480777282267809, -1.2379150390625], [0.0, 0.0, 0.0, 1.0]], [[0.9478135108947754, 0.3188207447528839, 0.0016690032789483666, -1.143798828125], [-0.012126472778618336, 0.04128054901957512, -0.9990740418434143, 1.5620346069335938], [-0.318594366312027, 0.9469155669212341, 0.04299243539571762, -0.15625], [0.0, 0.0, 0.0, 1.0]], [[0.010102692991495132, 0.9993848204612732, 0.03358433023095131, -0.02899169921875], [-0.00994970090687275, 0.03368484601378441, -0.9993829131126404, 1.5677871704101562], [-0.9998994469642639, 0.009762314148247242, 0.010283887386322021, 0.017822265625], [0.0, 0.0, 0.0, 1.0]], [[-0.9230565428733826, 0.384546160697937, 0.009532333351671696, 1.1126708984375], [-0.00576036749407649, 0.010959559120237827, -0.9999233484268188, 1.5475034713745117], [-0.3846210837364197, -0.9230407476425171, -0.007901164703071117, -0.06280517578125], [0.0, 0.0, 0.0, 1.0]]], "view": [[0.0, -2.0, 100.0], [-2.0, 0.0, 100.0], [0.0, 0.0, 1.0]], "bev": "bev_b58468bede76466aa930983808b6ad29.png", "aux": "aux_b58468bede76466aa930983808b6ad29.npz", "visibility": "visibility_b58468bede76466aa930983808b6ad29.png", "pose": [[-0.5703091621398926, 0.8214301466941833, 0.0, 1227.3026123046875], [-0.8214301466941833, -0.5703091621398926, 0.0, 980.4061889648438], [0.0, 0.0, 1.0, 0.0], [0.0, 0.0, 0.0, 1.0]], "pose_inverse": [[-0.5703091621398926, -0.8214301466941833, 0.0, 1505.277099609375], [0.8214301466941833, -0.5703091621398926, 0.0, -449.0086975097656], [0.0, 0.0, 1.0, 0.0], [0.0, 0.0, 0.0, 1.0]], "cam_ids": [0, 1, 2, 3, 4, 5], "cam_channels": ["CAM_FRONT_LEFT", "CAM_FRONT", "CAM_FRONT_RIGHT", "CAM_BACK_LEFT", "CAM_BACK", "CAM_BACK_RIGHT"], "token": "b58468bede76466aa930983808b6ad29", "scene": "scene-0556"}, {"images": ["samples/CAM_FRONT_LEFT/n008-2018-08-31-11-37-23-0400__CAM_FRONT_LEFT__1535729901504799.jpg", "samples/CAM_FRONT/n008-2018-08-31-11-37-23-0400__CAM_FRONT__1535729901512404.jpg", "samples/CAM_FRONT_RIGHT/n008-2018-08-31-11-37-23-0400__CAM_FRONT_RIGHT__1535729901520482.jpg", "samples/CAM_BACK_LEFT/n008-2018-08-31-11-37-23-0400__CAM_BACK_LEFT__1535729901547413.jpg", "samples/CAM_BACK/n008-2018-08-31-11-37-23-0400__CAM_BACK__1535729901537558.jpg", "samples/CAM_BACK_RIGHT/n008-2018-08-31-11-37-23-0400__CAM_BACK_RIGHT__1535729901528113.jpg"], "intrinsics": [[[1257.8625342125129, 0.0, 827.2410631095686], [0.0, 1257.8625342125129, 450.915498205774], [0.0, 0.0, 1.0]], [[1252.8131021185304, 0.0, 826.588114781398], [0.0, 1252.8131021185304, 469.9846626224581], [0.0, 0.0, 1.0]], [[1256.7485116440405, 0.0, 817.7887570959712], [0.0, 1256.7485116440403, 451.9541780095127], [0.0, 0.0, 1.0]], [[1254.9860565800168, 0.0, 829.5769333630991], [0.0, 1254.9860565800168, 467.1680561863987], [0.0, 0.0, 1.0]], [[796.8910634503094, 0.0, 857.7774326863696], [0.0, 796.8910634503094, 476.8848988407415], [0.0, 0.0, 1.0]], [[1249.9629280788233, 0.0, 825.3768045375984], [0.0, 1249.9629280788233, 462.54816385708756], [0.0, 0.0, 1.0]]], "extrinsics": [[[0.8193197846412659, -0.5731210708618164, -0.015723299235105515, -0.90673828125], [0.006628329865634441, 0.03689093515276909, -0.9992973208427429, 1.4890508651733398], [0.573298454284668, 0.8186399340629578, 0.03402431309223175, -1.265869140625], [0.0, 0.0, 0.0, 1.0]], [[0.005660198628902435, -0.9994343519210815, -0.033151861280202866, 0.00665283203125], [0.008413906209170818, 0.03319881856441498, -0.9994133710861206, 1.4809627532958984], [0.9999486207962036, 0.00537794129922986, 0.008597059175372124, -1.63720703125], [0.0, 0.0, 0.0, 1.0]], [[-0.8458511829376221, -0.5327330827713013, -0.02704230323433876, 1.0277099609375], [0.016249563544988632, 0.024938588961958885, -0.9995568990707397, 1.4942760467529297], [0.5331714153289795, -0.8459158539772034, -0.01243765838444233, -1.23779296875], [0.0, 0.0, 0.0, 1.0]], [[0.9477961659431458, 0.318852961063385, 0.003924452234059572, -1.1436767578125], [-0.009737450629472733, 0.04124172031879425, -0.9991017580032349, 1.5620574951171875], [-0.31872841715812683, 0.9469064474105835, 0.04219355434179306, -0.15570068359375], [0.0, 0.0, 0.0, 1.0]], [[0.010369821451604366, 0.9993897080421448, 0.033356018364429474, -0.0283203125], [-0.007310064509510994, 0.03343268483877182, -0.9994142055511475, 1.5678768157958984], [-0.9999194741249084, 0.010119792073965073, 0.007652292959392071, 0.017822265625], [0.0, 0.0, 0.0, 1.0]], [[-0.92279452085495, 0.3852340281009674, 0.006709803827106953, 1.1121826171875], [-0.0029523714911192656, 0.010344317182898521, -0.9999421238899231, 1.5476570129394531], [-0.3852810859680176, -0.9227609038352966, -0.008408324792981148, -0.06415557861328125], [0.0, 0.0, 0.0, 1.0]]], "view": [[0.0, -2.0, 100.0], [-2.0, 0.0, 100.0], [0.0, 0.0, 1.0]], "bev": "bev_43786cf95a7e4cf38378880b637cca08.png", "aux": "aux_43786cf95a7e4cf38378880b637cca08.npz", "visibility": "visibility_43786cf95a7e4cf38378880b637cca08.png", "pose": [[-0.5197575688362122, 0.8543137907981873, 0.0, 1226.540771484375], [-0.8543137907981873, -0.5197575688362122, 0.0, 979.2666625976562], [0.0, 0.0, 1.0, 0.0], [0.0, 0.0, 0.0, 1.0]], "pose_inverse": [[-0.5197575688362122, -0.8543137907981873, 0.0, 1474.1048583984375], [0.8543137907981873, -0.5197575688362122, 0.0, -538.8695068359375], [0.0, 0.0, 1.0, 0.0], [0.0, 0.0, 0.0, 1.0]], "cam_ids": [0, 1, 2, 3, 4, 5], "cam_channels": ["CAM_FRONT_LEFT", "CAM_FRONT", "CAM_FRONT_RIGHT", "CAM_BACK_LEFT", "CAM_BACK", "CAM_BACK_RIGHT"], "token": "43786cf95a7e4cf38378880b637cca08", "scene": "scene-0556"}, {"images": ["samples/CAM_FRONT_LEFT/n008-2018-08-31-11-37-23-0400__CAM_FRONT_LEFT__1535729902004799.jpg", "samples/CAM_FRONT/n008-2018-08-31-11-37-23-0400__CAM_FRONT__1535729902012404.jpg", "samples/CAM_FRONT_RIGHT/n008-2018-08-31-11-37-23-0400__CAM_FRONT_RIGHT__1535729902020482.jpg", "samples/CAM_BACK_LEFT/n008-2018-08-31-11-37-23-0400__CAM_BACK_LEFT__1535729902047405.jpg", "samples/CAM_BACK/n008-2018-08-31-11-37-23-0400__CAM_BACK__1535729902037558.jpg", "samples/CAM_BACK_RIGHT/n008-2018-08-31-11-37-23-0400__CAM_BACK_RIGHT__1535729902028113.jpg"], "intrinsics": [[[1257.8625342125129, 0.0, 827.2410631095686], [0.0, 1257.8625342125129, 450.915498205774], [0.0, 0.0, 1.0]], [[1252.8131021185304, 0.0, 826.588114781398], [0.0, 1252.8131021185304, 469.9846626224581], [0.0, 0.0, 1.0]], [[1256.7485116440405, 0.0, 817.7887570959712], [0.0, 1256.7485116440403, 451.9541780095127], [0.0, 0.0, 1.0]], [[1254.9860565800168, 0.0, 829.5769333630991], [0.0, 1254.9860565800168, 467.1680561863987], [0.0, 0.0, 1.0]], [[796.8910634503094, 0.0, 857.7774326863696], [0.0, 796.8910634503094, 476.8848988407415], [0.0, 0.0, 1.0]], [[1249.9629280788233, 0.0, 825.3768045375984], [0.0, 1249.9629280788233, 462.54816385708756], [0.0, 0.0, 1.0]]], "extrinsics": [[[0.8184471130371094, -0.5743441581726074, -0.016526445746421814, -0.9053955078125], [0.0041421460919082165, 0.03465953469276428, -0.9993906021118164, 1.4887409210205078], [0.5745669603347778, 0.817879855632782, 0.030746014788746834, -1.26519775390625], [0.0, 0.0, 0.0, 1.0]], [[0.004454467445611954, -0.9995360970497131, -0.03012954443693161, 0.00689697265625], [0.005821135826408863, 0.030155250802636147, -0.9995282888412476, 1.480703353881836], [0.9999731183052063, 0.0042769769206643105, 0.0059527624398469925, -1.6363525390625], [0.0, 0.0, 0.0, 1.0]], [[-0.8463718891143799, -0.5321100354194641, -0.022661607712507248, 1.02728271484375], [0.013546755537390709, 0.0210274588316679, -0.999687135219574, 1.49407958984375], [0.5324201583862305, -0.8464140892028809, -0.010588684119284153, -1.2371826171875], [0.0, 0.0, 0.0, 1.0]], [[0.947809636592865, 0.31883594393730164, -0.0007479143678210676, -1.1441650390625], [-0.012541268952190876, 0.03493751585483551, -0.9993108510971069, 1.56207275390625], [-0.3185901343822479, 0.9471657872200012, 0.03711272403597832, -0.155517578125], [0.0, 0.0, 0.0, 1.0]], [[0.010773131623864174, 0.9995554089546204, 0.027803713455796242, -0.0283203125], [-0.01008208841085434, 0.02791249379515648, -0.9995595216751099, 1.5677986145019531], [-0.9998911619186401, 0.01048807892948389, 0.010378312319517136, 0.0177001953125], [0.0, 0.0, 0.0, 1.0]], [[-0.9225391745567322, 0.38583165407180786, 0.0074427006766200066, 1.111572265625], [-0.005698556546121836, 0.005663914140313864, -0.9999676942825317, 1.5475053787231445], [-0.385861337184906, -0.9225518703460693, -0.0030264994129538536, -0.0641632080078125], [0.0, 0.0, 0.0, 1.0]]], "view": [[0.0, -2.0, 100.0], [-2.0, 0.0, 100.0], [0.0, 0.0, 1.0]], "bev": "bev_22ab3af73df642b2ad319411f6622dd6.png", "aux": "aux_22ab3af73df642b2ad319411f6622dd6.npz", "visibility": "visibility_22ab3af73df642b2ad319411f6622dd6.png", "pose": [[-0.44456151127815247, 0.8957483172416687, 0.0, 1225.86572265625], [-0.8957483172416687, -0.44456151127815247, 0.0, 978.0770263671875], [0.0, 0.0, 1.0, 0.0], [0.0, 0.0, 0.0, 1.0]], "pose_inverse": [[-0.44456151127815247, -0.8957483172416687, 0.0, 1421.0836181640625], [0.8957483172416687, -0.44456151127815247, 0.0, -663.2517700195312], [0.0, 0.0, 1.0, 0.0], [0.0, 0.0, 0.0, 1.0]], "cam_ids": [0, 1, 2, 3, 4, 5], "cam_channels": ["CAM_FRONT_LEFT", "CAM_FRONT", "CAM_FRONT_RIGHT", "CAM_BACK_LEFT", "CAM_BACK", "CAM_BACK_RIGHT"], "token": "22ab3af73df642b2ad319411f6622dd6", "scene": "scene-0556"}, {"images": ["samples/CAM_FRONT_LEFT/n008-2018-08-31-11-37-23-0400__CAM_FRONT_LEFT__1535729902504799.jpg", "samples/CAM_FRONT/n008-2018-08-31-11-37-23-0400__CAM_FRONT__1535729902512404.jpg", "samples/CAM_FRONT_RIGHT/n008-2018-08-31-11-37-23-0400__CAM_FRONT_RIGHT__1535729902520482.jpg", "samples/CAM_BACK_LEFT/n008-2018-08-31-11-37-23-0400__CAM_BACK_LEFT__1535729902547405.jpg", "samples/CAM_BACK/n008-2018-08-31-11-37-23-0400__CAM_BACK__1535729902537558.jpg", "samples/CAM_BACK_RIGHT/n008-2018-08-31-11-37-23-0400__CAM_BACK_RIGHT__1535729902528113.jpg"], "intrinsics": [[[1257.8625342125129, 0.0, 827.2410631095686], [0.0, 1257.8625342125129, 450.915498205774], [0.0, 0.0, 1.0]], [[1252.8131021185304, 0.0, 826.588114781398], [0.0, 1252.8131021185304, 469.9846626224581], [0.0, 0.0, 1.0]], [[1256.7485116440405, 0.0, 817.7887570959712], [0.0, 1256.7485116440403, 451.9541780095127], [0.0, 0.0, 1.0]], [[1254.9860565800168, 0.0, 829.5769333630991], [0.0, 1254.9860565800168, 467.1680561863987], [0.0, 0.0, 1.0]], [[796.8910634503094, 0.0, 857.7774326863696], [0.0, 796.8910634503094, 476.8848988407415], [0.0, 0.0, 1.0]], [[1249.9629280788233, 0.0, 825.3768045375984], [0.0, 1249.9629280788233, 462.54816385708756], [0.0, 0.0, 1.0]]], "extrinsics": [[[0.8186926245689392, -0.574031412601471, -0.015174604021012783, -0.9195556640625], [0.004774913657456636, 0.03323029726743698, -0.9994363188743591, 1.4888248443603516], [0.5742120742797852, 0.8181586861610413, 0.029946353286504745, -1.27239990234375], [0.0, 0.0, 0.0, 1.0]], [[0.004757387097924948, -0.9995560646057129, -0.029409540817141533, 0.0048828125], [0.006492397747933865, 0.029440125450491905, -0.9995454549789429, 1.4807453155517578], [0.9999675154685974, 0.004564296454191208, 0.00662957364693284, -1.6490478515625], [0.0, 0.0, 0.0, 1.0]], [[-0.8462449908256531, -0.5322847366333008, -0.02328733168542385, 1.03466796875], [0.01425510086119175, 0.02107233926653862, -0.9996762871742249, 1.4940333366394043], [0.5326032042503357, -0.8463031053543091, -0.010244590230286121, -1.244384765625], [0.0, 0.0, 0.0, 1.0]], [[0.9477478265762329, 0.31901878118515015, 0.0010295349638909101, -1.1456298828125], [-0.011496671475470066, 0.03737928718328476, -0.9992350339889526, 1.5621337890625], [-0.3188132345676422, 0.9470109939575195, 0.03909379616379738, -0.15380859375], [0.0, 0.0, 0.0, 1.0]], [[0.010613970458507538, 0.9995109438896179, 0.029413767158985138, -0.027099609375], [-0.00919673964381218, 0.02951175346970558, -0.9995220899581909, 1.5679054260253906], [-0.9999014139175415, 0.010338343679904938, 0.009505478665232658, 0.0220947265625], [0.0, 0.0, 0.0, 1.0]], [[-0.9226034879684448, 0.3856857120990753, 0.0070150671526789665, 1.1190185546875], [-0.004924878012388945, 0.006407103501260281, -0.9999673366546631, 1.5476016998291016], [-0.3857180178165436, -0.922607958316803, -0.0040117609314620495, -0.0631103515625], [0.0, 0.0, 0.0, 1.0]]], "view": [[0.0, -2.0, 100.0], [-2.0, 0.0, 100.0], [0.0, 0.0, 1.0]], "bev": "bev_e58ab79e465a42bea579a45e84f70552.png", "aux": "aux_e58ab79e465a42bea579a45e84f70552.npz", "visibility": "visibility_e58ab79e465a42bea579a45e84f70552.png", "pose": [[-0.37045732140541077, 0.928849458694458, 0.0, 1225.3232421875], [-0.928849458694458, -0.37045732140541077, 0.0, 976.8821411132812], [0.0, 0.0, 1.0, 0.0], [0.0, 0.0, 0.0, 1.0]], "pose_inverse": [[-0.37045732140541077, -0.928849458694458, 0.0, 1361.306396484375], [0.928849458694458, -0.37045732140541077, 0.0, -776.2477416992188], [0.0, 0.0, 1.0, 0.0], [0.0, 0.0, 0.0, 1.0]], "cam_ids": [0, 1, 2, 3, 4, 5], "cam_channels": ["CAM_FRONT_LEFT", "CAM_FRONT", "CAM_FRONT_RIGHT", "CAM_BACK_LEFT", "CAM_BACK", "CAM_BACK_RIGHT"], "token": "e58ab79e465a42bea579a45e84f70552", "scene": "scene-0556"}, {"images": ["samples/CAM_FRONT_LEFT/n008-2018-08-31-11-37-23-0400__CAM_FRONT_LEFT__1535729902904799.jpg", "samples/CAM_FRONT/n008-2018-08-31-11-37-23-0400__CAM_FRONT__1535729902912404.jpg", "samples/CAM_FRONT_RIGHT/n008-2018-08-31-11-37-23-0400__CAM_FRONT_RIGHT__1535729902920482.jpg", "samples/CAM_BACK_LEFT/n008-2018-08-31-11-37-23-0400__CAM_BACK_LEFT__1535729902947405.jpg", "samples/CAM_BACK/n008-2018-08-31-11-37-23-0400__CAM_BACK__1535729902937558.jpg", "samples/CAM_BACK_RIGHT/n008-2018-08-31-11-37-23-0400__CAM_BACK_RIGHT__1535729902928113.jpg"], "intrinsics": [[[1257.8625342125129, 0.0, 827.2410631095686], [0.0, 1257.8625342125129, 450.915498205774], [0.0, 0.0, 1.0]], [[1252.8131021185304, 0.0, 826.588114781398], [0.0, 1252.8131021185304, 469.9846626224581], [0.0, 0.0, 1.0]], [[1256.7485116440405, 0.0, 817.7887570959712], [0.0, 1256.7485116440403, 451.9541780095127], [0.0, 0.0, 1.0]], [[1254.9860565800168, 0.0, 829.5769333630991], [0.0, 1254.9860565800168, 467.1680561863987], [0.0, 0.0, 1.0]], [[796.8910634503094, 0.0, 857.7774326863696], [0.0, 796.8910634503094, 476.8848988407415], [0.0, 0.0, 1.0]], [[1249.9629280788233, 0.0, 825.3768045375984], [0.0, 1249.9629280788233, 462.54816385708756], [0.0, 0.0, 1.0]]], "extrinsics": [[[0.8180164098739624, -0.5750579237937927, -0.012555780820548534, -0.9215087890625], [0.0065412092953920364, 0.031127722933888435, -0.9994940161705017, 1.4889602661132812], [0.5751577615737915, 0.8175203204154968, 0.029224559664726257, -1.2746086120605469], [0.0, 0.0, 0.0, 1.0]], [[0.0038210730999708176, -0.9996349811553955, -0.026745101436972618, 0.00567626953125], [0.008331959135830402, 0.02677619270980358, -0.9996067881584167, 1.4808626174926758], [0.9999579787254333, 0.0035967493895441294, 0.00843123160302639, -1.6512451171875], [0.0, 0.0, 0.0, 1.0]], [[-0.8466091156005859, -0.531710684299469, -0.023168101906776428, 1.0361328125], [0.01617339812219143, 0.017808273434638977, -0.9997105598449707, 1.4941182136535645], [0.531969428062439, -0.846738874912262, -0.006477077025920153, -1.2442626953125], [0.0, 0.0, 0.0, 1.0]], [[0.9477835297584534, 0.31891125440597534, 0.001403836184181273, -1.14569091796875], [-0.009372919797897339, 0.03225519508123398, -0.9994357228279114, 1.5620994567871094], [-0.3187766373157501, 0.9472355842590332, 0.033560071140527725, -0.154296875], [0.0, 0.0, 0.0, 1.0]], [[0.010902871377766132, 0.9996292591094971, 0.024947775527834892, -0.0277099609375], [-0.007111164275556803, 0.025026138871908188, -0.9996615052223206, 1.5679283142089844], [-0.9999153017997742, 0.010721776634454727, 0.00738138472661376, 0.0220947265625], [0.0, 0.0, 0.0, 1.0]], [[-0.922393798828125, 0.38623303174972534, 0.0037111954297870398, 1.1192626953125], [-0.0029366901144385338, 0.0025952793657779694, -0.999992311000824, 1.5476818084716797], [-0.38623979687690735, -0.9223976135253906, -0.0012596221640706062, -0.062042236328125], [0.0, 0.0, 0.0, 1.0]]], "view": [[0.0, -2.0, 100.0], [-2.0, 0.0, 100.0], [0.0, 0.0, 1.0]], "bev": "bev_37fbafbd569045729671449fa2e07c85.png", "aux": "aux_37fbafbd569045729671449fa2e07c85.npz", "visibility": "visibility_37fbafbd569045729671449fa2e07c85.png", "pose": [[-0.3017521798610687, 0.9533864259719849, 0.0, 1224.9837646484375], [-0.9533864259719849, -0.3017521798610687, 0.0, 975.96484375], [0.0, 0.0, 1.0, 0.0], [0.0, 0.0, 0.0, 1.0]], "pose_inverse": [[-0.3017521798610687, -0.9533864259719849, 0.0, 1300.1131591796875], [0.9533864259719849, -0.3017521798610687, 0.0, -873.3833618164062], [0.0, 0.0, 1.0, 0.0], [0.0, 0.0, 0.0, 1.0]], "cam_ids": [0, 1, 2, 3, 4, 5], "cam_channels": ["CAM_FRONT_LEFT", "CAM_FRONT", "CAM_FRONT_RIGHT", "CAM_BACK_LEFT", "CAM_BACK", "CAM_BACK_RIGHT"], "token": "37fbafbd569045729671449fa2e07c85", "scene": "scene-0556"}, {"images": ["samples/CAM_FRONT_LEFT/n008-2018-08-31-11-37-23-0400__CAM_FRONT_LEFT__1535729903404799.jpg", "samples/CAM_FRONT/n008-2018-08-31-11-37-23-0400__CAM_FRONT__1535729903412404.jpg", "samples/CAM_FRONT_RIGHT/n008-2018-08-31-11-37-23-0400__CAM_FRONT_RIGHT__1535729903420482.jpg", "samples/CAM_BACK_LEFT/n008-2018-08-31-11-37-23-0400__CAM_BACK_LEFT__1535729903447405.jpg", "samples/CAM_BACK/n008-2018-08-31-11-37-23-0400__CAM_BACK__1535729903437558.jpg", "samples/CAM_BACK_RIGHT/n008-2018-08-31-11-37-23-0400__CAM_BACK_RIGHT__1535729903428119.jpg"], "intrinsics": [[[1257.8625342125129, 0.0, 827.2410631095686], [0.0, 1257.8625342125129, 450.915498205774], [0.0, 0.0, 1.0]], [[1252.8131021185304, 0.0, 826.588114781398], [0.0, 1252.8131021185304, 469.9846626224581], [0.0, 0.0, 1.0]], [[1256.7485116440405, 0.0, 817.7887570959712], [0.0, 1256.7485116440403, 451.9541780095127], [0.0, 0.0, 1.0]], [[1254.9860565800168, 0.0, 829.5769333630991], [0.0, 1254.9860565800168, 467.1680561863987], [0.0, 0.0, 1.0]], [[796.8910634503094, 0.0, 857.7774326863696], [0.0, 796.8910634503094, 476.8848988407415], [0.0, 0.0, 1.0]], [[1249.9629280788233, 0.0, 825.3768045375984], [0.0, 1249.9629280788233, 462.54816385708756], [0.0, 0.0, 1.0]]], "extrinsics": [[[0.8178787231445312, -0.5751469731330872, -0.01674496755003929, -0.9237060546875], [-0.0035218459088355303, 0.024097422137856483, -0.9997034072875977, 1.4879608154296875], [0.5753798484802246, 0.8176952004432678, 0.01768318936228752, -1.2752304077148438], [0.0, 0.0, 0.0, 1.0]], [[0.0035956392530351877, -0.9997940063476562, -0.019977908581495285, 0.005126953125], [-0.0018897518748417497, 0.01997121050953865, -0.9997987747192383, 1.4800224304199219], [0.9999917149543762, 0.0036326288245618343, -0.0018175521399825811, -1.65283203125], [0.0, 0.0, 0.0, 1.0]], [[-0.8467913269996643, -0.5318140983581543, -0.010876186192035675, 1.03692626953125], [0.005782242864370346, 0.011242587119340897, -0.9999200701713562, 1.4934444427490234], [0.5318939089775085, -0.8467865586280823, -0.006445047911256552, -1.2447509765625], [0.0, 0.0, 0.0, 1.0]], [[0.9477910399436951, 0.3187038004398346, -0.010964586399495602, -1.14337158203125], [-0.020421521738171577, 0.026346851140260696, -0.9994442462921143, 1.5620536804199219], [-0.3182378113269806, 0.9474881291389465, 0.031479720026254654, -0.1553955078125], [0.0, 0.0, 0.0, 1.0]], [[0.011219447478652, 0.9997619390487671, 0.018715856596827507, -0.0277099609375], [-0.017985258251428604, 0.018915770575404167, -0.9996592998504639, 1.5676651000976562], [-0.9997752904891968, 0.010879024863243103, 0.01819320023059845, 0.021240234375], [0.0, 0.0, 0.0, 1.0]], [[-0.9223046898841858, 0.3863053023815155, 0.011055948212742805, 1.119384765625], [-0.01355398166924715, -0.0037432697135955095, -0.9999011158943176, 1.5471973419189453], [-0.38622570037841797, -0.9223634600639343, 0.008688409812748432, -0.062042236328125], [0.0, 0.0, 0.0, 1.0]]], "view": [[0.0, -2.0, 100.0], [-2.0, 0.0, 100.0], [0.0, 0.0, 1.0]], "bev": "bev_396ef2a64d3e49f69f59e1520c582462.png", "aux": "aux_396ef2a64d3e49f69f59e1520c582462.npz", "visibility": "visibility_396ef2a64d3e49f69f59e1520c582462.png", "pose": [[-0.21050460636615753, 0.9775928854942322, 0.0, 1224.6776123046875], [-0.9775928854942322, -0.21050460636615753, 0.0, 974.8219604492188], [0.0, 0.0, 1.0, 0.0], [0.0, 0.0, 0.0, 1.0]], "pose_inverse": [[-0.21050460636615753, -0.9775928854942322, 0.0, 1210.779296875], [0.9775928854942322, -0.21050460636615753, 0.0, -992.0316162109375], [0.0, 0.0, 1.0, 0.0], [0.0, 0.0, 0.0, 1.0]], "cam_ids": [0, 1, 2, 3, 4, 5], "cam_channels": ["CAM_FRONT_LEFT", "CAM_FRONT", "CAM_FRONT_RIGHT", "CAM_BACK_LEFT", "CAM_BACK", "CAM_BACK_RIGHT"], "token": "396ef2a64d3e49f69f59e1520c582462", "scene": "scene-0556"}, {"images": ["samples/CAM_FRONT_LEFT/n008-2018-08-31-11-37-23-0400__CAM_FRONT_LEFT__1535729903854799.jpg", "samples/CAM_FRONT/n008-2018-08-31-11-37-23-0400__CAM_FRONT__1535729903862404.jpg", "samples/CAM_FRONT_RIGHT/n008-2018-08-31-11-37-23-0400__CAM_FRONT_RIGHT__1535729903870482.jpg", "samples/CAM_BACK_LEFT/n008-2018-08-31-11-37-23-0400__CAM_BACK_LEFT__1535729903897405.jpg", "samples/CAM_BACK/n008-2018-08-31-11-37-23-0400__CAM_BACK__1535729903887558.jpg", "samples/CAM_BACK_RIGHT/n008-2018-08-31-11-37-23-0400__CAM_BACK_RIGHT__1535729903878113.jpg"], "intrinsics": [[[1257.8625342125129, 0.0, 827.2410631095686], [0.0, 1257.8625342125129, 450.915498205774], [0.0, 0.0, 1.0]], [[1252.8131021185304, 0.0, 826.588114781398], [0.0, 1252.8131021185304, 469.9846626224581], [0.0, 0.0, 1.0]], [[1256.7485116440405, 0.0, 817.7887570959712], [0.0, 1256.7485116440403, 451.9541780095127], [0.0, 0.0, 1.0]], [[1254.9860565800168, 0.0, 829.5769333630991], [0.0, 1254.9860565800168, 467.1680561863987], [0.0, 0.0, 1.0]], [[796.8910634503094, 0.0, 857.7774326863696], [0.0, 796.8910634503094, 476.8848988407415], [0.0, 0.0, 1.0]], [[1249.9629280788233, 0.0, 825.3768045375984], [0.0, 1249.9629280788233, 462.54816385708756], [0.0, 0.0, 1.0]]], "extrinsics": [[[0.8184283375740051, -0.5743495225906372, -0.01726122386753559, -0.9385986328125], [-0.0038844526279717684, 0.024509059265255928, -0.9996920228004456, 1.4879817962646484], [0.5745956897735596, 0.8182433247566223, 0.017827868461608887, -1.286468505859375], [0.0, 0.0, 0.0, 1.0]], [[0.004324252717196941, -0.9997842907905579, -0.020309554412961006, 0.00537109375], [-0.0019812523387372494, 0.02030113898217678, -0.9997919797897339, 1.4800376892089844], [0.9999887347221375, 0.004363599233329296, -0.0018930378137156367, -1.66845703125], [0.0, 0.0, 0.0, 1.0]], [[-0.8464969396591187, -0.5322762727737427, -0.011177457869052887, 1.04766845703125], [0.005977350287139416, 0.011491610668599606, -0.999916136264801, 1.4933815002441406], [0.5323600172996521, -0.8464928269386292, -0.006546011194586754, -1.251220703125], [0.0, 0.0, 0.0, 1.0]], [[0.9478573799133301, 0.3185376226902008, -0.010006917640566826, -1.142822265625], [-0.019431624561548233, 0.026423487812280655, -0.9994620084762573, 1.5620307922363281], [-0.3181018531322479, 0.9475419521331787, 0.031235404312610626, -0.15625], [0.0, 0.0, 0.0, 1.0]], [[0.011082886718213558, 0.999761164188385, 0.018839219585061073, -0.0283203125], [-0.01719444803893566, 0.019028132781386375, -0.9996710419654846, 1.5677413940429688], [-0.9997908473014832, 0.010755309835076332, 0.017401225864887238, 0.025634765625], [0.0, 0.0, 0.0, 1.0]], [[-0.922454297542572, 0.38595864176750183, 0.010673551820218563, 1.1278076171875], [-0.013069581240415573, -0.0035846310202032328, -0.9999081492424011, 1.5473432540893555], [-0.38588497042655945, -0.9225090742111206, 0.00835097674280405, -0.05792236328125], [0.0, 0.0, 0.0, 1.0]]], "view": [[0.0, -2.0, 100.0], [-2.0, 0.0, 100.0], [0.0, 0.0, 1.0]], "bev": "bev_0c630e44d5b645a39cfdf15ae9a481aa.png", "aux": "aux_0c630e44d5b645a39cfdf15ae9a481aa.npz", "visibility": "visibility_0c630e44d5b645a39cfdf15ae9a481aa.png", "pose": [[-0.1358346939086914, 0.9907315373420715, 0.0, 1224.5103759765625], [-0.9907315373420715, -0.1358346939086914, 0.0, 973.8955078125], [0.0, 0.0, 1.0, 0.0], [0.0, 0.0, 0.0, 1.0]], "pose_inverse": [[-0.1358346939086914, -0.9907315373420715, 0.0, 1131.199951171875], [0.9907315373420715, -0.1358346939086914, 0.0, -1080.8721923828125], [0.0, 0.0, 1.0, 0.0], [0.0, 0.0, 0.0, 1.0]], "cam_ids": [0, 1, 2, 3, 4, 5], "cam_channels": ["CAM_FRONT_LEFT", "CAM_FRONT", "CAM_FRONT_RIGHT", "CAM_BACK_LEFT", "CAM_BACK", "CAM_BACK_RIGHT"], "token": "0c630e44d5b645a39cfdf15ae9a481aa", "scene": "scene-0556"}, {"images": ["samples/CAM_FRONT_LEFT/n008-2018-08-31-11-37-23-0400__CAM_FRONT_LEFT__1535729904354799.jpg", "samples/CAM_FRONT/n008-2018-08-31-11-37-23-0400__CAM_FRONT__1535729904362404.jpg", "samples/CAM_FRONT_RIGHT/n008-2018-08-31-11-37-23-0400__CAM_FRONT_RIGHT__1535729904370482.jpg", "samples/CAM_BACK_LEFT/n008-2018-08-31-11-37-23-0400__CAM_BACK_LEFT__1535729904397405.jpg", "samples/CAM_BACK/n008-2018-08-31-11-37-23-0400__CAM_BACK__1535729904387558.jpg", "samples/CAM_BACK_RIGHT/n008-2018-08-31-11-37-23-0400__CAM_BACK_RIGHT__1535729904378113.jpg"], "intrinsics": [[[1257.8625342125129, 0.0, 827.2410631095686], [0.0, 1257.8625342125129, 450.915498205774], [0.0, 0.0, 1.0]], [[1252.8131021185304, 0.0, 826.588114781398], [0.0, 1252.8131021185304, 469.9846626224581], [0.0, 0.0, 1.0]], [[1256.7485116440405, 0.0, 817.7887570959712], [0.0, 1256.7485116440403, 451.9541780095127], [0.0, 0.0, 1.0]], [[1254.9860565800168, 0.0, 829.5769333630991], [0.0, 1254.9860565800168, 467.1680561863987], [0.0, 0.0, 1.0]], [[796.8910634503094, 0.0, 857.7774326863696], [0.0, 796.8910634503094, 476.8848988407415], [0.0, 0.0, 1.0]], [[1249.9629280788233, 0.0, 825.3768045375984], [0.0, 1249.9629280788233, 462.54816385708756], [0.0, 0.0, 1.0]]], "extrinsics": [[[0.8169419169425964, -0.5765531063079834, -0.013871641829609871, -0.9375], [-0.0017186392797157168, 0.021618736907839775, -0.9997648000717163, 1.4881858825683594], [0.5767174959182739, 0.8167736530303955, 0.016670364886522293, -1.283905029296875], [0.0, 0.0, 0.0, 1.0]], [[0.0021399352699518204, -0.9998474717140198, -0.017336813732981682, 0.004150390625], [0.0002578553685452789, 0.017337404191493988, -0.9998496770858765, 1.4802074432373047], [0.9999976754188538, 0.0021351438481360674, 0.00029491743771359324, -1.6654052734375], [0.0, 0.0, 0.0, 1.0]], [[-0.8474198579788208, -0.5307990312576294, -0.011488895863294601, 1.044189453125], [0.008286625146865845, 0.008413434028625488, -0.9999302625656128, 1.4935314655303955], [0.5308586955070496, -0.8474559187889099, -0.0027311788871884346, -1.249755859375], [0.0, 0.0, 0.0, 1.0]], [[0.9479587078094482, 0.3182801902294159, -0.008483145385980606, -1.1407470703125], [-0.016671158373355865, 0.023010695353150368, -0.9995962381362915, 1.5620079040527344], [-0.31795650720596313, 0.9477173686027527, 0.027119290083646774, -0.1563720703125], [0.0, 0.0, 0.0, 1.0]], [[0.011837141588330269, 0.9998083710670471, 0.015591819770634174, -0.0281982421875], [-0.01467476412653923, 0.015764933079481125, -0.9997679591178894, 1.5677490234375], [-0.9998222589492798, 0.011605589650571346, 0.014858564361929893, 0.022705078125], [0.0, 0.0, 0.0, 1.0]], [[-0.921953022480011, 0.38723406195640564, 0.007238477468490601, 1.1243896484375], [-0.010674731805920601, -0.00672384025529027, -0.9999203681945801, 1.547384262084961], [-0.38715457916259766, -0.9219568967819214, 0.010332684963941574, -0.05987548828125], [0.0, 0.0, 0.0, 1.0]]], "view": [[0.0, -2.0, 100.0], [-2.0, 0.0, 100.0], [0.0, 0.0, 1.0]], "bev": "bev_2b9bd7102b304eb68d3413df7f0f3462.png", "aux": "aux_2b9bd7102b304eb68d3413df7f0f3462.npz", "visibility": "visibility_2b9bd7102b304eb68d3413df7f0f3462.png", "pose": [[-0.051982615143060684, 0.9986479878425598, 0.0, 1224.4293212890625], [-0.9986479878425598, -0.051982615143060684, 0.0, 973.0059814453125], [0.0, 0.0, 1.0, 0.0], [0.0, 0.0, 0.0, 1.0]], "pose_inverse": [[-0.051982615143060684, -0.9986479878425598, 0.0, 1035.3394775390625], [0.9986479878425598, -0.051982615143060684, 0.0, -1172.1944580078125], [0.0, 0.0, 1.0, 0.0], [0.0, 0.0, 0.0, 1.0]], "cam_ids": [0, 1, 2, 3, 4, 5], "cam_channels": ["CAM_FRONT_LEFT", "CAM_FRONT", "CAM_FRONT_RIGHT", "CAM_BACK_LEFT", "CAM_BACK", "CAM_BACK_RIGHT"], "token": "2b9bd7102b304eb68d3413df7f0f3462", "scene": "scene-0556"}, {"images": ["samples/CAM_FRONT_LEFT/n008-2018-08-31-11-37-23-0400__CAM_FRONT_LEFT__1535729904854799.jpg", "samples/CAM_FRONT/n008-2018-08-31-11-37-23-0400__CAM_FRONT__1535729904862404.jpg", "samples/CAM_FRONT_RIGHT/n008-2018-08-31-11-37-23-0400__CAM_FRONT_RIGHT__1535729904870482.jpg", "samples/CAM_BACK_LEFT/n008-2018-08-31-11-37-23-0400__CAM_BACK_LEFT__1535729904897405.jpg", "samples/CAM_BACK/n008-2018-08-31-11-37-23-0400__CAM_BACK__1535729904887558.jpg", "samples/CAM_BACK_RIGHT/n008-2018-08-31-11-37-23-0400__CAM_BACK_RIGHT__1535729904878113.jpg"], "intrinsics": [[[1257.8625342125129, 0.0, 827.2410631095686], [0.0, 1257.8625342125129, 450.915498205774], [0.0, 0.0, 1.0]], [[1252.8131021185304, 0.0, 826.588114781398], [0.0, 1252.8131021185304, 469.9846626224581], [0.0, 0.0, 1.0]], [[1256.7485116440405, 0.0, 817.7887570959712], [0.0, 1256.7485116440403, 451.9541780095127], [0.0, 0.0, 1.0]], [[1254.9860565800168, 0.0, 829.5769333630991], [0.0, 1254.9860565800168, 467.1680561863987], [0.0, 0.0, 1.0]], [[796.8910634503094, 0.0, 857.7774326863696], [0.0, 796.8910634503094, 476.8848988407415], [0.0, 0.0, 1.0]], [[1249.9629280788233, 0.0, 825.3768045375984], [0.0, 1249.9629280788233, 462.54816385708756], [0.0, 0.0, 1.0]]], "extrinsics": [[[0.8164107799530029, -0.5774062871932983, -0.008679929189383984, -0.9263916015625], [0.0010233522625640035, 0.016477514058351517, -0.9998636841773987, 1.4883708953857422], [0.5774707198143005, 0.8162906169891357, 0.014043311588466167, -1.27935791015625], [0.0, 0.0, 0.0, 1.0]], [[0.0013549658469855785, -0.9999229311943054, -0.012338317930698395, 0.006591796875], [0.0029008309356868267, 0.012342207133769989, -0.9999196529388428, 1.4803829193115234], [0.9999948740005493, 0.0013190634781494737, 0.0029173309449106455, -1.65570068359375], [0.0, 0.0, 0.0, 1.0]], [[-0.8477442860603333, -0.5302891135215759, -0.011091944761574268, 1.0385665893554688], [0.010822816751897335, 0.0036135788541287184, -0.9999348521232605, 1.493739128112793], [0.53029465675354, -0.8478091359138489, 0.0026758310850709677, -1.2442626953125], [0.0, 0.0, 0.0, 1.0]], [[0.9480103850364685, 0.3181438744068146, -0.007801269181072712, -1.13946533203125], [-0.014613459818065166, 0.01903129555284977, -0.9997121095657349, 1.561981201171875], [-0.3179037868976593, 0.9478514194488525, 0.022691048681735992, -0.1572265625], [0.0, 0.0, 0.0, 1.0]], [[0.012121664360165596, 0.9998624920845032, 0.011319141834974289, -0.0286865234375], [-0.012457132339477539, 0.011470098048448563, -0.9998565