[{"images": ["samples/CAM_FRONT_LEFT/n008-2018-07-26-12-13-50-0400__CAM_FRONT_LEFT__1532621934604799.jpg", "samples/CAM_FRONT/n008-2018-07-26-12-13-50-0400__CAM_FRONT__1532621934612404.jpg", "samples/CAM_FRONT_RIGHT/n008-2018-07-26-12-13-50-0400__CAM_FRONT_RIGHT__1532621934620482.jpg", "samples/CAM_BACK_LEFT/n008-2018-07-26-12-13-50-0400__CAM_BACK_LEFT__1532621934647405.jpg", "samples/CAM_BACK/n008-2018-07-26-12-13-50-0400__CAM_BACK__1532621934637558.jpg", "samples/CAM_BACK_RIGHT/n008-2018-07-26-12-13-50-0400__CAM_BACK_RIGHT__1532621934628113.jpg"], "intrinsics": [[[1257.8625342125129, 0.0, 827.2410631095686], [0.0, 1257.8625342125129, 450.915498205774], [0.0, 0.0, 1.0]], [[1252.8131021185304, 0.0, 826.588114781398], [0.0, 1252.8131021185304, 469.9846626224581], [0.0, 0.0, 1.0]], [[1256.7485116440405, 0.0, 817.7887570959712], [0.0, 1256.7485116440403, 451.9541780095127], [0.0, 0.0, 1.0]], [[1254.9860565800168, 0.0, 829.5769333630991], [0.0, 1254.9860565800168, 467.1680561863987], [0.0, 0.0, 1.0]], [[796.8910634503094, 0.0, 857.7774326863696], [0.0, 796.8910634503094, 476.8848988407415], [0.0, 0.0, 1.0]], [[1249.9629280788233, 0.0, 825.3768045375984], [0.0, 1249.9629280788233, 462.54816385708756], [0.0, 0.0, 1.0]]], "extrinsics": [[[0.8225140571594238, -0.5686872005462646, -0.008096938952803612, -1.0049285888671875], [0.013236884959042072, 0.03337378054857254, -0.9993553161621094, 1.48828125], [0.5685908198356628, 0.8218765258789062, 0.034978050738573074, -1.33349609375], [0.0, 0.0, 0.0, 1.0]], [[0.010280932299792767, -0.9995234608650208, -0.029108161106705666, 0.0057373046875], [0.015214120969176292, 0.029262688010931015, -0.999455988407135, 1.4801483154296875], [0.9998313784599304, 0.0098324716091156, 0.015507717616856098, -1.73486328125], [0.0, 0.0, 0.0, 1.0]], [[-0.8438802361488342, -0.5356546640396118, -0.03066249005496502, 1.090576171875], [0.02325884811580181, 0.020572993904352188, -0.9995177388191223, 1.4930686950683594], [0.536027193069458, -0.8441864848136902, -0.004902432207018137, -1.2774658203125], [0.0, 0.0, 0.0, 1.0]], [[0.9478805661201477, 0.3184862732887268, 0.009431886486709118, -1.14404296875], [-0.0020586608443409204, 0.0357227697968483, -0.9993596076965332, 1.5620498657226562], [-0.3186193108558655, 0.9472541809082031, 0.034516576677560806, -0.15625], [0.0, 0.0, 0.0, 1.0]], [[0.009171122685074806, 0.9995599985122681, 0.028208384290337563, -0.029052734375], [4.8856516514206305e-05, 0.02820912003517151, -0.9996020197868347, 1.5680618286132812], [-0.9999579787254333, 0.00916881114244461, 0.00020987218886148185, 0.04437255859375], [0.0, 0.0, 0.0, 1.0]], [[-0.92368483543396, 0.38314884901046753, -0.001786626409739256, 1.160736083984375], [0.0042194281704723835, 0.0055091893300414085, -0.9999759197235107, 1.5478105545043945], [-0.3831298351287842, -0.9236701726913452, -0.006705423817038536, -0.043701171875], [0.0, 0.0, 0.0, 1.0]]], "view": [[0.0, -2.0, 100.0], [-2.0, 0.0, 100.0], [0.0, 0.0, 1.0]], "bev": "bev_32a7dd2db68a42d19ef52f9cb1d1cfe3.png", "aux": "aux_32a7dd2db68a42d19ef52f9cb1d1cfe3.npz", "visibility": "visibility_32a7dd2db68a42d19ef52f9cb1d1cfe3.png", "pose": [[-0.8484129309654236, -0.5293349623680115, 0.0, 1889.11767578125], [0.5293349623680115, -0.8484129309654236, 0.0, 1076.9827880859375], [0.0, 0.0, 1.0, 0.0], [0.0, 0.0, 0.0, 1.0]], "pose_inverse": [[-0.8484129309654236, 0.5293349623680115, 0.0, 1032.667236328125], [-0.5293349623680115, -0.8484129309654236, 0.0, 1913.7021484375], [0.0, 0.0, 1.0, 0.0], [0.0, 0.0, 0.0, 1.0]], "cam_ids": [0, 1, 2, 3, 4, 5], "cam_channels": ["CAM_FRONT_LEFT", "CAM_FRONT", "CAM_FRONT_RIGHT", "CAM_BACK_LEFT", "CAM_BACK", "CAM_BACK_RIGHT"], "token": "32a7dd2db68a42d19ef52f9cb1d1cfe3", "scene": "scene-0208"}, {"images": ["samples/CAM_FRONT_LEFT/n008-2018-07-26-12-13-50-0400__CAM_FRONT_LEFT__1532621935154799.jpg", "samples/CAM_FRONT/n008-2018-07-26-12-13-50-0400__CAM_FRONT__1532621935162404.jpg", "samples/CAM_FRONT_RIGHT/n008-2018-07-26-12-13-50-0400__CAM_FRONT_RIGHT__1532621935170482.jpg", "samples/CAM_BACK_LEFT/n008-2018-07-26-12-13-50-0400__CAM_BACK_LEFT__1532621935197405.jpg", "samples/CAM_BACK/n008-2018-07-26-12-13-50-0400__CAM_BACK__1532621935187558.jpg", "samples/CAM_BACK_RIGHT/n008-2018-07-26-12-13-50-0400__CAM_BACK_RIGHT__1532621935178118.jpg"], "intrinsics": [[[1257.8625342125129, 0.0, 827.2410631095686], [0.0, 1257.8625342125129, 450.915498205774], [0.0, 0.0, 1.0]], [[1252.8131021185304, 0.0, 826.588114781398], [0.0, 1252.8131021185304, 469.9846626224581], [0.0, 0.0, 1.0]], [[1256.7485116440405, 0.0, 817.7887570959712], [0.0, 1256.7485116440403, 451.9541780095127], [0.0, 0.0, 1.0]], [[1254.9860565800168, 0.0, 829.5769333630991], [0.0, 1254.9860565800168, 467.1680561863987], [0.0, 0.0, 1.0]], [[796.8910634503094, 0.0, 857.7774326863696], [0.0, 796.8910634503094, 476.8848988407415], [0.0, 0.0, 1.0]], [[1249.9629280788233, 0.0, 825.3768045375984], [0.0, 1249.9629280788233, 462.54816385708756], [0.0, 0.0, 1.0]]], "extrinsics": [[[0.822559654712677, -0.5686234831809998, -0.007940864190459251, -1.00494384765625], [0.01332053355872631, 0.03322534263134003, -0.9993590712547302, 1.4882888793945312], [0.5685228109359741, 0.8219266533851624, 0.03490419313311577, -1.33349609375], [0.0, 0.0, 0.0, 1.0]], [[0.010349409654736519, -0.9995271563529968, -0.028955401852726936, 0.0054931640625], [0.015276598744094372, 0.029111620038747787, -0.999459445476532, 1.48016357421875], [0.9998297095298767, 0.00990142673254013, 0.01557066384702921, -1.73486328125], [0.0, 0.0, 0.0, 1.0]], [[-0.8438511490821838, -0.5357035398483276, -0.03060932084918022, 1.090576171875], [0.023293178528547287, 0.020419234409928322, -0.9995201230049133, 1.4930648803710938], [0.5360715389251709, -0.8441591858863831, -0.0047525567933917046, -1.2774658203125], [0.0, 0.0, 0.0, 1.0]], [[0.9478785991668701, 0.31849491596221924, 0.009341779164969921, -1.14404296875], [-0.0021083273459225893, 0.03558700904250145, -0.9993643760681152, 1.562042236328125], [-0.318624883890152, 0.947256326675415, 0.03440365195274353, -0.1561279296875], [0.0, 0.0, 0.0, 1.0]], [[0.009151235222816467, 0.9995641708374023, 0.028067905455827713, -0.0289306640625], [1.8144231944461353e-05, 0.028068913146853447, -0.9996059536933899, 1.5680618286132812], [-0.9999581575393677, 0.009148215875029564, 0.00023872875317465514, 0.044189453125], [0.0, 0.0, 0.0, 1.0]], [[-0.9236992001533508, 0.383114218711853, -0.0018481336301192641, 1.1606903076171875], [0.004224079195410013, 0.005360509734600782, -0.9999766945838928, 1.5478105545043945], [-0.3830953538417816, -0.9236854314804077, -0.0065698022954165936, -0.04345703125], [0.0, 0.0, 0.0, 1.0]]], "view": [[0.0, -2.0, 100.0], [-2.0, 0.0, 100.0], [0.0, 0.0, 1.0]], "bev": "bev_10c5988cddea4e46a2772f78f32f0935.png", "aux": "aux_10c5988cddea4e46a2772f78f32f0935.npz", "visibility": "visibility_10c5988cddea4e46a2772f78f32f0935.png", "pose": [[-0.8484359979629517, -0.5292980074882507, 0.0, 1889.1195068359375], [0.5292980074882507, -0.8484359979629517, 0.0, 1076.985107421875], [0.0, 0.0, 1.0, 0.0], [0.0, 0.0, 0.0, 1.0]], "pose_inverse": [[-0.8484359979629517, 0.5292980074882507, 0.0, 1032.7508544921875], [-0.5292980074882507, -0.8484359979629517, 0.0, 1913.66015625], [0.0, 0.0, 1.0, 0.0], [0.0, 0.0, 0.0, 1.0]], "cam_ids": [0, 1, 2, 3, 4, 5], "cam_channels": ["CAM_FRONT_LEFT", "CAM_FRONT", "CAM_FRONT_RIGHT", "CAM_BACK_LEFT", "CAM_BACK", "CAM_BACK_RIGHT"], "token": "10c5988cddea4e46a2772f78f32f0935", "scene": "scene-0208"}, {"images": ["samples/CAM_FRONT_LEFT/n008-2018-07-26-12-13-50-0400__CAM_FRONT_LEFT__1532621935654799.jpg", "samples/CAM_FRONT/n008-2018-07-26-12-13-50-0400__CAM_FRONT__1532621935662404.jpg", "samples/CAM_FRONT_RIGHT/n008-2018-07-26-12-13-50-0400__CAM_FRONT_RIGHT__1532621935670482.jpg", "samples/CAM_BACK_LEFT/n008-2018-07-26-12-13-50-0400__CAM_BACK_LEFT__1532621935697405.jpg", "samples/CAM_BACK/n008-2018-07-26-12-13-50-0400__CAM_BACK__1532621935687558.jpg", "samples/CAM_BACK_RIGHT/n008-2018-07-26-12-13-50-0400__CAM_BACK_RIGHT__1532621935678113.jpg"], "intrinsics": [[[1257.8625342125129, 0.0, 827.2410631095686], [0.0, 1257.8625342125129, 450.915498205774], [0.0, 0.0, 1.0]], [[1252.8131021185304, 0.0, 826.588114781398], [0.0, 1252.8131021185304, 469.9846626224581], [0.0, 0.0, 1.0]], [[1256.7485116440405, 0.0, 817.7887570959712], [0.0, 1256.7485116440403, 451.9541780095127], [0.0, 0.0, 1.0]], [[1254.9860565800168, 0.0, 829.5769333630991], [0.0, 1254.9860565800168, 467.1680561863987], [0.0, 0.0, 1.0]], [[796.8910634503094, 0.0, 857.7774326863696], [0.0, 796.8910634503094, 476.8848988407415], [0.0, 0.0, 1.0]], [[1249.9629280788233, 0.0, 825.3768045375984], [0.0, 1249.9629280788233, 462.54816385708756], [0.0, 0.0, 1.0]]], "extrinsics": [[[0.8225395679473877, -0.5686547756195068, -0.007772518787533045, -1.0049896240234375], [0.013440413400530815, 0.03310062736272812, -0.9993616342544556, 1.4882888793945312], [0.5685489773750305, 0.82191002368927, 0.03486952930688858, -1.33349609375], [0.0, 0.0, 0.0, 1.0]], [[0.010319402441382408, -0.9995310306549072, -0.02883179299533367, 0.005615234375], [0.015412837266921997, 0.028988897800445557, -0.9994609355926514, 1.48016357421875], [0.9998279213905334, 0.009869416244328022, 0.01570475846529007, -1.7344970703125], [0.0, 0.0, 0.0, 1.0]], [[-0.8438621759414673, -0.5356828570365906, -0.03066820465028286, 1.090576171875], [0.023443952202796936, 0.020291844382882118, -0.9995191693305969, 1.493072509765625], [0.5360475778579712, -0.844175398349762, -0.004564998205751181, -1.27734375], [0.0, 0.0, 0.0, 1.0]], [[0.9478787183761597, 0.3184908330440521, 0.009464881382882595, -1.1439208984375], [-0.0019291229546070099, 0.035440556704998016, -0.9993699193000793, 1.5620346069335938], [-0.31862562894821167, 0.9472631812095642, 0.03420775383710861, -0.15625], [0.0, 0.0, 0.0, 1.0]], [[0.009158477187156677, 0.9995682239532471, 0.0279188621789217, -0.02880859375], [0.000187459314474836, 0.027918316423892975, -0.999610185623169, 1.5680618286132812], [-0.9999580979347229, 0.009160217829048634, 6.831131031503901e-05, 0.0443115234375], [0.0, 0.0, 0.0, 1.0]], [[-0.9236905574798584, 0.38313373923301697, -0.0020499643869698048, 1.1606903076171875], [0.004384221974760294, 0.005219446960836649, -0.9999768137931824, 1.5478134155273438], [-0.38311415910720825, -0.9236781001091003, -0.006500898860394955, -0.04345703125], [0.0, 0.0, 0.0, 1.0]]], "view": [[0.0, -2.0, 100.0], [-2.0, 0.0, 100.0], [0.0, 0.0, 1.0]], "bev": "bev_6e8c7064865b473c87091fd3bfce31b0.png", "aux": "aux_6e8c7064865b473c87091fd3bfce31b0.npz", "visibility": "visibility_6e8c7064865b473c87091fd3bfce31b0.png", "pose": [[-0.8484735488891602, -0.5292377471923828, 0.0, 1889.12060546875], [0.5292377471923828, -0.8484735488891602, 0.0, 1076.987060546875], [0.0, 0.0, 1.0, 0.0], [0.0, 0.0, 0.0, 1.0]], "pose_inverse": [[-0.8484735488891602, 0.5292377471923828, 0.0, 1032.8865966796875], [-0.5292377471923828, -0.8484735488891602, 0.0, 1913.5889892578125], [0.0, 0.0, 1.0, 0.0], [0.0, 0.0, 0.0, 1.0]], "cam_ids": [0, 1, 2, 3, 4, 5], "cam_channels": ["CAM_FRONT_LEFT", "CAM_FRONT", "CAM_FRONT_RIGHT", "CAM_BACK_LEFT", "CAM_BACK", "CAM_BACK_RIGHT"], "token": "6e8c7064865b473c87091fd3bfce31b0", "scene": "scene-0208"}, {"images": ["samples/CAM_FRONT_LEFT/n008-2018-07-26-12-13-50-0400__CAM_FRONT_LEFT__1532621936154799.jpg", "samples/CAM_FRONT/n008-2018-07-26-12-13-50-0400__CAM_FRONT__1532621936162404.jpg", "samples/CAM_FRONT_RIGHT/n008-2018-07-26-12-13-50-0400__CAM_FRONT_RIGHT__1532621936170482.jpg", "samples/CAM_BACK_LEFT/n008-2018-07-26-12-13-50-0400__CAM_BACK_LEFT__1532621936197405.jpg", "samples/CAM_BACK/n008-2018-07-26-12-13-50-0400__CAM_BACK__1532621936187558.jpg", "samples/CAM_BACK_RIGHT/n008-2018-07-26-12-13-50-0400__CAM_BACK_RIGHT__1532621936178113.jpg"], "intrinsics": [[[1257.8625342125129, 0.0, 827.2410631095686], [0.0, 1257.8625342125129, 450.915498205774], [0.0, 0.0, 1.0]], [[1252.8131021185304, 0.0, 826.588114781398], [0.0, 1252.8131021185304, 469.9846626224581], [0.0, 0.0, 1.0]], [[1256.7485116440405, 0.0, 817.7887570959712], [0.0, 1256.7485116440403, 451.9541780095127], [0.0, 0.0, 1.0]], [[1254.9860565800168, 0.0, 829.5769333630991], [0.0, 1254.9860565800168, 467.1680561863987], [0.0, 0.0, 1.0]], [[796.8910634503094, 0.0, 857.7774326863696], [0.0, 796.8910634503094, 476.8848988407415], [0.0, 0.0, 1.0]], [[1249.9629280788233, 0.0, 825.3768045375984], [0.0, 1249.9629280788233, 462.54816385708756], [0.0, 0.0, 1.0]]], "extrinsics": [[[0.8225423693656921, -0.5686520934104919, -0.007664367090910673, -1.0048675537109375], [0.013514901511371136, 0.033018551766872406, -0.9993633031845093, 1.4882888793945312], [0.5685431361198425, 0.8219151496887207, 0.03484443202614784, -1.333251953125], [0.0, 0.0, 0.0, 1.0]], [[0.010323278605937958, -0.9995335936546326, -0.028738263994455338, 0.005615234375], [0.015472549945116043, 0.028896022588014603, -0.9994626641273499, 1.4801559448242188], [0.9998269081115723, 0.00987308006733656, 0.01576363667845726, -1.7347412109375], [0.0, 0.0, 0.0, 1.0]], [[-0.843860387802124, -0.535685658454895, -0.03066760115325451, 1.09033203125], [0.023503858596086502, 0.020196348428726196, -0.9995197057723999, 1.4930801391601562], [0.5360476970672607, -0.8441759347915649, -0.004452219232916832, -1.277587890625], [0.0, 0.0, 0.0, 1.0]], [[0.9478794932365417, 0.31848785281181335, 0.00947711430490017, -1.14404296875], [-0.0018928656354546547, 0.03537144139409065, -0.9993724226951599, 1.5620498657226562], [-0.31862324476242065, 0.947266697883606, 0.03413072228431702, -0.156005859375], [0.0, 0.0, 0.0, 1.0]], [[0.00915665552020073, 0.9995704293251038, 0.027840595692396164, -0.02880859375], [0.0002509726909920573, 0.02783946320414543, -0.9996123909950256, 1.5680618286132812], [-0.9999580979347229, 0.009160156361758709, 4.0520344555261545e-06, 0.0443115234375], [0.0, 0.0, 0.0, 1.0]], [[-0.9236903190612793, 0.38313359022140503, -0.0021487849298864603, 1.1606292724609375], [0.004455568268895149, 0.0051335361786186695, -0.9999768733978271, 1.5478124618530273], [-0.3831137418746948, -0.9236786365509033, -0.0064488742500543594, -0.043701171875], [0.0, 0.0, 0.0, 1.0]]], "view": [[0.0, -2.0, 100.0], [-2.0, 0.0, 100.0], [0.0, 0.0, 1.0]], "bev": "bev_7c2dc709dfe34e849914b54cd45185c1.png", "aux": "aux_7c2dc709dfe34e849914b54cd45185c1.npz", "visibility": "visibility_7c2dc709dfe34e849914b54cd45185c1.png", "pose": [[-0.8485428690910339, -0.5291265845298767, 0.0, 1889.12158203125], [0.5291265845298767, -0.8485428690910339, 0.0, 1076.9886474609375], [0.0, 0.0, 1.0, 0.0], [0.0, 0.0, 0.0, 1.0]], "pose_inverse": [[-0.8485428690910339, 0.5291265845298767, 0.0, 1033.1373291015625], [-0.5291265845298767, -0.8485428690910339, 0.0, 1913.45556640625], [0.0, 0.0, 1.0, 0.0], [0.0, 0.0, 0.0, 1.0]], "cam_ids": [0, 1, 2, 3, 4, 5], "cam_channels": ["CAM_FRONT_LEFT", "CAM_FRONT", "CAM_FRONT_RIGHT", "CAM_BACK_LEFT", "CAM_BACK", "CAM_BACK_RIGHT"], "token": "7c2dc709dfe34e849914b54cd45185c1", "scene": "scene-0208"}, {"images": ["samples/CAM_FRONT_LEFT/n008-2018-07-26-12-13-50-0400__CAM_FRONT_LEFT__1532621936654799.jpg", "samples/CAM_FRONT/n008-2018-07-26-12-13-50-0400__CAM_FRONT__1532621936662404.jpg", "samples/CAM_FRONT_RIGHT/n008-2018-07-26-12-13-50-0400__CAM_FRONT_RIGHT__1532621936670482.jpg", "samples/CAM_BACK_LEFT/n008-2018-07-26-12-13-50-0400__CAM_BACK_LEFT__1532621936697405.jpg", "samples/CAM_BACK/n008-2018-07-26-12-13-50-0400__CAM_BACK__1532621936687558.jpg", "samples/CAM_BACK_RIGHT/n008-2018-07-26-12-13-50-0400__CAM_BACK_RIGHT__1532621936678115.jpg"], "intrinsics": [[[1257.8625342125129, 0.0, 827.2410631095686], [0.0, 1257.8625342125129, 450.915498205774], [0.0, 0.0, 1.0]], [[1252.8131021185304, 0.0, 826.588114781398], [0.0, 1252.8131021185304, 469.9846626224581], [0.0, 0.0, 1.0]], [[1256.7485116440405, 0.0, 817.7887570959712], [0.0, 1256.7485116440403, 451.9541780095127], [0.0, 0.0, 1.0]], [[1254.9860565800168, 0.0, 829.5769333630991], [0.0, 1254.9860565800168, 467.1680561863987], [0.0, 0.0, 1.0]], [[796.8910634503094, 0.0, 857.7774326863696], [0.0, 796.8910634503094, 476.8848988407415], [0.0, 0.0, 1.0]], [[1249.9629280788233, 0.0, 825.3768045375984], [0.0, 1249.9629280788233, 462.54816385708756], [0.0, 0.0, 1.0]]], "extrinsics": [[[0.822544515132904, -0.5686500668525696, -0.007593368645757437, -1.0049591064453125], [0.013577825389802456, 0.03298496827483177, -0.9993636012077332, 1.4882888793945312], [0.5685386657714844, 0.8219180107116699, 0.034852635115385056, -1.333740234375], [0.0, 0.0, 0.0, 1.0]], [[0.01032885629683733, -0.999534547328949, -0.028707707300782204, 0.00537109375], [0.015539964661002159, 0.028866225853562355, -0.9994624853134155, 1.48016357421875], [0.9998258948326111, 0.009877108037471771, 0.015830885618925095, -1.7347412109375], [0.0, 0.0, 0.0, 1.0]], [[-0.8438560366630554, -0.5356903076171875, -0.03070461004972458, 1.0904541015625], [0.02356809936463833, 0.02016417495906353, -0.9995188117027283, 1.4930686950683594], [0.5360517501831055, -0.8441737294197083, -0.004390459042042494, -1.277587890625], [0.0, 0.0, 0.0, 1.0]], [[0.9478790163993835, 0.31848734617233276, 0.009552610106766224, -1.143798828125], [-0.0017942381091415882, 0.03531491756439209, -0.9993746280670166, 1.562042236328125], [-0.3186255693435669, 0.9472690224647522, 0.034045711159706116, -0.1561279296875], [0.0, 0.0, 0.0, 1.0]], [[0.009153065271675587, 0.9995719194412231, 0.02778887189924717, -0.02880859375], [0.00033247144892811775, 0.027786990627646446, -0.9996137619018555, 1.5680618286132812], [-0.9999580979347229, 0.00915872398763895, -7.799304148647934e-05, 0.04443359375], [0.0, 0.0, 0.0, 1.0]], [[-0.9236915111541748, 0.3831307888031006, -0.0022233815398067236, 1.1608123779296875], [0.004517573397606611, 0.005088373553007841, -0.9999768137931824, 1.5478134155273438], [-0.38311052322387695, -0.9236801266670227, -0.006430909503251314, -0.043701171875], [0.0, 0.0, 0.0, 1.0]]], "view": [[0.0, -2.0, 100.0], [-2.0, 0.0, 100.0], [0.0, 0.0, 1.0]], "bev": "bev_06d70f2d140e4b41884401f745b97c6a.png", "aux": "aux_06d70f2d140e4b41884401f745b97c6a.npz", "visibility": "visibility_06d70f2d140e4b41884401f745b97c6a.png", "pose": [[-0.8485049605369568, -0.5291874408721924, 0.0, 1889.1224365234375], [0.5291874408721924, -0.8485049605369568, 0.0, 1076.989990234375], [0.0, 0.0, 1.0, 0.0], [0.0, 0.0, 0.0, 1.0]], "pose_inverse": [[-0.8485049605369568, 0.5291874408721924, 0.0, 1033.0001220703125], [-0.5291874408721924, -0.8485049605369568, 0.0, 1913.53125], [0.0, 0.0, 1.0, 0.0], [0.0, 0.0, 0.0, 1.0]], "cam_ids": [0, 1, 2, 3, 4, 5], "cam_channels": ["CAM_FRONT_LEFT", "CAM_FRONT", "CAM_FRONT_RIGHT", "CAM_BACK_LEFT", "CAM_BACK", "CAM_BACK_RIGHT"], "token": "06d70f2d140e4b41884401f745b97c6a", "scene": "scene-0208"}, {"images": ["samples/CAM_FRONT_LEFT/n008-2018-07-26-12-13-50-0400__CAM_FRONT_LEFT__1532621937154799.jpg", "samples/CAM_FRONT/n008-2018-07-26-12-13-50-0400__CAM_FRONT__1532621937162404.jpg", "samples/CAM_FRONT_RIGHT/n008-2018-07-26-12-13-50-0400__CAM_FRONT_RIGHT__1532621937170482.jpg", "samples/CAM_BACK_LEFT/n008-2018-07-26-12-13-50-0400__CAM_BACK_LEFT__1532621937197405.jpg", "samples/CAM_BACK/n008-2018-07-26-12-13-50-0400__CAM_BACK__1532621937187558.jpg", "samples/CAM_BACK_RIGHT/n008-2018-07-26-12-13-50-0400__CAM_BACK_RIGHT__1532621937178949.jpg"], "intrinsics": [[[1257.8625342125129, 0.0, 827.2410631095686], [0.0, 1257.8625342125129, 450.915498205774], [0.0, 0.0, 1.0]], [[1252.8131021185304, 0.0, 826.588114781398], [0.0, 1252.8131021185304, 469.9846626224581], [0.0, 0.0, 1.0]], [[1256.7485116440405, 0.0, 817.7887570959712], [0.0, 1256.7485116440403, 451.9541780095127], [0.0, 0.0, 1.0]], [[1254.9860565800168, 0.0, 829.5769333630991], [0.0, 1254.9860565800168, 467.1680561863987], [0.0, 0.0, 1.0]], [[796.8910634503094, 0.0, 857.7774326863696], [0.0, 796.8910634503094, 476.8848988407415], [0.0, 0.0, 1.0]], [[1249.9629280788233, 0.0, 825.3768045375984], [0.0, 1249.9629280788233, 462.54816385708756], [0.0, 0.0, 1.0]]], "extrinsics": [[[0.8225427269935608, -0.5686551332473755, -0.007401738315820694, -1.004913330078125], [0.013705315999686718, 0.0328323096036911, -0.9993668794631958, 1.4882965087890625], [0.5685381889343262, 0.8219205737113953, 0.03479957580566406, -1.33349609375], [0.0, 0.0, 0.0, 1.0]], [[0.010331357829272747, -0.9995388388633728, -0.028553809970617294, 0.0054931640625], [0.015677720308303833, 0.028713738545775414, -0.999464750289917, 1.48016357421875], [0.9998237490653992, 0.009878161363303661, 0.015967141836881638, -1.7347412109375], [0.0, 0.0, 0.0, 1.0]], [[-0.8438510298728943, -0.5356960296630859, -0.030742287635803223, 1.0904541015625], [0.02370971068739891, 0.020011387765407562, -0.9995185732841492, 1.4930763244628906], [0.5360534191131592, -0.8441737294197083, -0.0041854348964989185, -1.2774658203125], [0.0, 0.0, 0.0, 1.0]], [[0.9478780627250671, 0.3184884190559387, 0.009613539092242718, -1.1439208984375], [-0.0016845408827066422, 0.03517966344952583, -0.999379575252533, 1.562042236328125], [-0.3186289966106415, 0.9472737312316895, 0.03388253226876259, -0.1561279296875], [0.0, 0.0, 0.0, 1.0]], [[0.009149441495537758, 0.9995757341384888, 0.027652956545352936, -0.0289306640625], [0.00044652732321992517, 0.027650026604533195, -0.9996175765991211, 1.5680580139160156], [-0.9999580979347229, 0.009158319793641567, -0.00019335499382577837, 0.0443115234375], [0.0, 0.0, 0.0, 1.0]], [[-0.92369145154953, 0.38312962651252747, -0.002404159400612116, 1.1605987548828125], [0.004651886876672506, 0.004940376617014408, -0.9999769926071167, 1.5478134155273438], [-0.383108913898468, -0.923681378364563, -0.006345659494400024, -0.043701171875], [0.0, 0.0, 0.0, 1.0]]], "view": [[0.0, -2.0, 100.0], [-2.0, 0.0, 100.0], [0.0, 0.0, 1.0]], "bev": "bev_56070ac487684484a976458797c1b4f6.png", "aux": "aux_56070ac487684484a976458797c1b4f6.npz", "visibility": "visibility_56070ac487684484a976458797c1b4f6.png", "pose": [[-0.8485126495361328, -0.5291751027107239, 0.0, 1889.1231689453125], [0.5291751027107239, -0.8485126495361328, 0.0, 1076.9912109375], [0.0, 0.0, 1.0, 0.0], [0.0, 0.0, 0.0, 1.0]], "pose_inverse": [[-0.8485126495361328, 0.5291751027107239, 0.0, 1033.0279541015625], [-0.5291751027107239, -0.8485126495361328, 0.0, 1913.517578125], [0.0, 0.0, 1.0, 0.0], [0.0, 0.0, 0.0, 1.0]], "cam_ids": [0, 1, 2, 3, 4, 5], "cam_channels": ["CAM_FRONT_LEFT", "CAM_FRONT", "CAM_FRONT_RIGHT", "CAM_BACK_LEFT", "CAM_BACK", "CAM_BACK_RIGHT"], "token": "56070ac487684484a976458797c1b4f6", "scene": "scene-0208"}, {"images": ["samples/CAM_FRONT_LEFT/n008-2018-07-26-12-13-50-0400__CAM_FRONT_LEFT__1532621937654799.jpg", "samples/CAM_FRONT/n008-2018-07-26-12-13-50-0400__CAM_FRONT__1532621937662404.jpg", "samples/CAM_FRONT_RIGHT/n008-2018-07-26-12-13-50-0400__CAM_FRONT_RIGHT__1532621937670482.jpg", "samples/CAM_BACK_LEFT/n008-2018-07-26-12-13-50-0400__CAM_BACK_LEFT__1532621937697405.jpg", "samples/CAM_BACK/n008-2018-07-26-12-13-50-0400__CAM_BACK__1532621937687656.jpg", "samples/CAM_BACK_RIGHT/n008-2018-07-26-12-13-50-0400__CAM_BACK_RIGHT__1532621937678113.jpg"], "intrinsics": [[[1257.8625342125129, 0.0, 827.2410631095686], [0.0, 1257.8625342125129, 450.915498205774], [0.0, 0.0, 1.0]], [[1252.8131021185304, 0.0, 826.588114781398], [0.0, 1252.8131021185304, 469.9846626224581], [0.0, 0.0, 1.0]], [[1256.7485116440405, 0.0, 817.7887570959712], [0.0, 1256.7485116440403, 451.9541780095127], [0.0, 0.0, 1.0]], [[1254.9860565800168, 0.0, 829.5769333630991], [0.0, 1254.9860565800168, 467.1680561863987], [0.0, 0.0, 1.0]], [[796.8910634503094, 0.0, 857.7774326863696], [0.0, 796.8910634503094, 476.8848988407415], [0.0, 0.0, 1.0]], [[1249.9629280788233, 0.0, 825.3768045375984], [0.0, 1249.9629280788233, 462.54816385708756], [0.0, 0.0, 1.0]]], "extrinsics": [[[0.8225369453430176, -0.5686646103858948, -0.007317548617720604, -1.0049285888671875], [0.01381086464971304, 0.032836318016052246, -0.9993652701377869, 1.48828125], [0.5685440301895142, 0.8219138383865356, 0.034862831234931946, -1.33349609375], [0.0, 0.0, 0.0, 1.0]], [[0.010320532135665417, -0.9995388984680176, -0.028556669130921364, 0.005615234375], [0.015766695141792297, 0.02871730551123619, -0.9994632601737976, 1.4801559448242188], [0.9998224377632141, 0.009864717721939087, 0.01605580374598503, -1.7347412109375], [0.0, 0.0, 0.0, 1.0]], [[-0.8438557386398315, -0.5356841683387756, -0.030820265412330627, 1.090576171875], [0.02379661798477173, 0.02002008631825447, -0.9995163083076477, 1.4930648803710938], [0.5360421538352966, -0.8441810011863708, -0.0041465917602181435, -1.2774658203125], [0.0, 0.0, 0.0, 1.0]], [[0.9478758573532104, 0.3184908628463745, 0.009741135872900486, -1.1439208984375], [-0.0015512184472754598, 0.035182978957891464, -0.9993796944618225, 1.562042236328125], [-0.3186360001564026, 0.947272777557373, 0.03384314849972725, -0.1561279296875], [0.0, 0.0, 0.0, 1.0]], [[0.009152051992714405, 0.9995754361152649, 0.027662202715873718, -0.0289306640625], [0.0005663472693413496, 0.02765817381441593, -0.9996172785758972, 1.5680580139160156], [-0.9999579787254333, 0.009164134040474892, -0.0003129782562609762, 0.0443115234375], [0.0, 0.0, 0.0, 1.0]], [[-0.9236872792243958, 0.38313913345336914, -0.0024909197818487883, 1.160430908203125], [0.004752109292894602, 0.0049553862772881985, -0.9999764561653137, 1.5478143692016602], [-0.3831176459789276, -0.9236774444580078, -0.006397945340722799, -0.04345703125], [0.0, 0.0, 0.0, 1.0]]], "view": [[0.0, -2.0, 100.0], [-2.0, 0.0, 100.0], [0.0, 0.0, 1.0]], "bev": "bev_7384d79800284c0a84657c672c896192.png", "aux": "aux_7384d79800284c0a84657c672c896192.npz", "visibility": "visibility_7384d79800284c0a84657c672c896192.png", "pose": [[-0.8485156297683716, -0.5291703343391418, 0.0, 1889.123779296875], [0.5291703343391418, -0.8485156297683716, 0.0, 1076.9921875], [0.0, 0.0, 1.0, 0.0], [0.0, 0.0, 0.0, 1.0]], "pose_inverse": [[-0.8485156297683716, 0.5291703343391418, 0.0, 1033.0386962890625], [-0.5291703343391418, -0.8485156297683716, 0.0, 1913.512939453125], [0.0, 0.0, 1.0, 0.0], [0.0, 0.0, 0.0, 1.0]], "cam_ids": [0, 1, 2, 3, 4, 5], "cam_channels": ["CAM_FRONT_LEFT", "CAM_FRONT", "CAM_FRONT_RIGHT", "CAM_BACK_LEFT", "CAM_BACK", "CAM_BACK_RIGHT"], "token": "7384d79800284c0a84657c672c896192", "scene": "scene-0208"}, {"images": ["samples/CAM_FRONT_LEFT/n008-2018-07-26-12-13-50-0400__CAM_FRONT_LEFT__1532621938154799.jpg", "samples/CAM_FRONT/n008-2018-07-26-12-13-50-0400__CAM_FRONT__1532621938162404.jpg", "samples/CAM_FRONT_RIGHT/n008-2018-07-26-12-13-50-0400__CAM_FRONT_RIGHT__1532621938170482.jpg", "samples/CAM_BACK_LEFT/n008-2018-07-26-12-13-50-0400__CAM_BACK_LEFT__1532621938197405.jpg", "samples/CAM_BACK/n008-2018-07-26-12-13-50-0400__CAM_BACK__1532621938187558.jpg", "samples/CAM_BACK_RIGHT/n008-2018-07-26-12-13-50-0400__CAM_BACK_RIGHT__1532621938178113.jpg"], "intrinsics": [[[1257.8625342125129, 0.0, 827.2410631095686], [0.0, 1257.8625342125129, 450.915498205774], [0.0, 0.0, 1.0]], [[1252.8131021185304, 0.0, 826.588114781398], [0.0, 1252.8131021185304, 469.9846626224581], [0.0, 0.0, 1.0]], [[1256.7485116440405, 0.0, 817.7887570959712], [0.0, 1256.7485116440403, 451.9541780095127], [0.0, 0.0, 1.0]], [[1254.9860565800168, 0.0, 829.5769333630991], [0.0, 1254.9860565800168, 467.1680561863987], [0.0, 0.0, 1.0]], [[796.8910634503094, 0.0, 857.7774326863696], [0.0, 796.8910634503094, 476.8848988407415], [0.0, 0.0, 1.0]], [[1249.9629280788233, 0.0, 825.3768045375984], [0.0, 1249.9629280788233, 462.54816385708756], [0.0, 0.0, 1.0]]], "extrinsics": [[[0.8225436806678772, -0.5686571002006531, -0.007145318668335676, -1.0050811767578125], [0.014024517498910427, 0.03284323588013649, -0.9993621110916138, 1.4882965087890625], [0.5685290694236755, 0.821918785572052, 0.034990135580301285, -1.333251953125], [0.0, 0.0, 0.0, 1.0]], [[0.010337079875171185, -0.9995384812355042, -0.02856568619608879, 0.0052490234375], [0.01598651148378849, 0.028728758916258812, -0.9994593858718872, 1.4801712036132812], [0.999818742275238, 0.009874746203422546, 0.016276104375720024, -1.734619140625], [0.0, 0.0, 0.0, 1.0]], [[-0.8438435196876526, -0.5356925129890442, -0.031011061742901802, 1.0906982421875], [0.02401561662554741, 0.020031029358506203, -0.9995108842849731, 1.493072509765625], [0.5360516905784607, -0.8441755771636963, -0.004038067534565926, -1.2774658203125], [0.0, 0.0, 0.0, 1.0]], [[0.9478743076324463, 0.31849026679992676, 0.009909645654261112, -1.143798828125], [-0.0013722024159505963, 0.035179026424884796, -0.9993801116943359, 1.562042236328125], [-0.3186414837837219, 0.9472730755805969, 0.03378232941031456, -0.15625], [0.0, 0.0, 0.0, 1.0]], [[0.009143918752670288, 0.9995754361152649, 0.027667231857776642, -0.0289306640625], [0.0007534951437264681, 0.02766149304807186, -0.9996170401573181, 1.5680618286132812], [-0.9999579787254333, 0.009161288850009441, -0.0005002407124266028, 0.04425048828125], [0.0, 0.0, 0.0, 1.0]], [[-0.9236893653869629, 0.383132666349411, -0.0026832835283130407, 1.1605987548828125], [0.004961880389600992, 0.004959168843924999, -0.9999753832817078, 1.5478124618530273], [-0.3831098973751068, -0.9236800074577332, -0.006481789518147707, -0.043701171875], [0.0, 0.0, 0.0, 1.0]]], "view": [[0.0, -2.0, 100.0], [-2.0, 0.0, 100.0], [0.0, 0.0, 1.0]], "bev": "bev_e0c039defad34d5bba3828fc00299135.png", "aux": "aux_e0c039defad34d5bba3828fc00299135.npz", "visibility": "visibility_e0c039defad34d5bba3828fc00299135.png", "pose": [[-0.8485732674598694, -0.52907794713974, 0.0, 1889.124267578125], [0.52907794713974, -0.8485732674598694, 0.0, 1076.992919921875], [0.0, 0.0, 1.0, 0.0], [0.0, 0.0, 0.0, 1.0]], "pose_inverse": [[-0.8485732674598694, 0.52907794713974, 0.0, 1033.2470703125], [-0.52907794713974, -0.8485732674598694, 0.0, 1913.4013671875], [0.0, 0.0, 1.0, 0.0], [0.0, 0.0, 0.0, 1.0]], "cam_ids": [0, 1, 2, 3, 4, 5], "cam_channels": ["CAM_FRONT_LEFT", "CAM_FRONT", "CAM_FRONT_RIGHT", "CAM_BACK_LEFT", "CAM_BACK", "CAM_BACK_RIGHT"], "token": "e0c039defad34d5bba3828fc00299135", "scene": "scene-0208"}, {"images": ["samples/CAM_FRONT_LEFT/n008-2018-07-26-12-13-50-0400__CAM_FRONT_LEFT__1532621938654799.jpg", "samples/CAM_FRONT/n008-2018-07-26-12-13-50-0400__CAM_FRONT__1532621938662404.jpg", "samples/CAM_FRONT_RIGHT/n008-2018-07-26-12-13-50-0400__CAM_FRONT_RIGHT__1532621938670482.jpg", "samples/CAM_BACK_LEFT/n008-2018-07-26-12-13-50-0400__CAM_BACK_LEFT__1532621938697405.jpg", "samples/CAM_BACK/n008-2018-07-26-12-13-50-0400__CAM_BACK__1532621938687558.jpg", "samples/CAM_BACK_RIGHT/n008-2018-07-26-12-13-50-0400__CAM_BACK_RIGHT__1532621938678113.jpg"], "intrinsics": [[[1257.8625342125129, 0.0, 827.2410631095686], [0.0, 1257.8625342125129, 450.915498205774], [0.0, 0.0, 1.0]], [[1252.8131021185304, 0.0, 826.588114781398], [0.0, 1252.8131021185304, 469.9846626224581], [0.0, 0.0, 1.0]], [[1256.7485116440405, 0.0, 817.7887570959712], [0.0, 1256.7485116440403, 451.9541780095127], [0.0, 0.0, 1.0]], [[1254.9860565800168, 0.0, 829.5769333630991], [0.0, 1254.9860565800168, 467.1680561863987], [0.0, 0.0, 1.0]], [[796.8910634503094, 0.0, 857.7774326863696], [0.0, 796.8910634503094, 476.8848988407415], [0.0, 0.0, 1.0]], [[1249.9629280788233, 0.0, 825.3768045375984], [0.0, 1249.9629280788233, 462.54816385708756], [0.0, 0.0, 1.0]]], "extrinsics": [[[0.8225505948066711, -0.5686484575271606, -0.007031586021184921, -1.005096435546875], [0.014081032015383244, 0.03272581472992897, -0.9993651509284973, 1.4882965087890625], [0.5685175657272339, 0.8219294548034668, 0.03492579609155655, -1.333251953125], [0.0, 0.0, 0.0, 1.0]], [[0.010347394272685051, -0.999541699886322, -0.02844713069498539, 0.0054931640625], [0.016038505360484123, 0.028610894456505775, -0.9994619488716125, 1.4801483154296875], [0.9998177886009216, 0.009885543026030064, 0.016327202320098877, -1.7347412109375], [0.0, 0.0, 0.0, 1.0]], [[-0.8438386917114258, -0.535701334476471, -0.030988294631242752, 1.0906982421875], [0.024062056094408035, 0.019915349781513214, -0.9995120763778687, 1.4930686950683594], [0.5360571146011353, -0.8441726565361023, -0.003915267530828714, -1.2777099609375], [0.0, 0.0, 0.0, 1.0]], [[0.947874128818512, 0.3184899389743805, 0.009935777634382248, -1.1439208984375], [-0.0013114094035699964, 0.03508023917675018, -0.9993836283683777, 1.562042236328125], [-0.3186422288417816, 0.9472768902778625, 0.03366932272911072, -0.1561279296875], [0.0, 0.0, 0.0, 1.0]], [[0.009139960631728172, 0.9995784163475037, 0.027556171640753746, -0.02880859375], [0.000815078557934612, 0.02754986472427845, -0.9996200799942017, 1.5680580139160156], [-0.9999579787254333, 0.009158896282315254, -0.00056293117813766, 0.0445556640625], [0.0, 0.0, 0.0, 1.0]], [[-0.9236908555030823, 0.38312819600105286, -0.002767055295407772, 1.1606597900390625], [0.005006647668778896, 0.004848526790738106, -0.9999757409095764, 1.5478124618530273], [-0.38310545682907104, -0.9236823320388794, -0.0063967276364564896, -0.043701171875], [0.0, 0.0, 0.0, 1.0]]], "view": [[0.0, -2.0, 100.0], [-2.0, 0.0, 100.0], [0.0, 0.0, 1.0]], "bev": "bev_b630cd07166e4b85bbc86a466bf649da.png", "aux": "aux_b630cd07166e4b85bbc86a466bf649da.npz", "visibility": "visibility_b630cd07166e4b85bbc86a466bf649da.png", "pose": [[-0.848552942276001, -0.5291104316711426, 0.0, 1889.124755859375], [0.5291104316711426, -0.848552942276001, 0.0, 1076.99365234375], [0.0, 0.0, 1.0, 0.0], [0.0, 0.0, 0.0, 1.0]], "pose_inverse": [[-0.848552942276001, 0.5291104316711426, 0.0, 1033.173828125], [-0.5291104316711426, -0.848552942276001, 0.0, 1913.4417724609375], [0.0, 0.0, 1.0, 0.0], [0.0, 0.0, 0.0, 1.0]], "cam_ids": [0, 1, 2, 3, 4, 5], "cam_channels": ["CAM_FRONT_LEFT", "CAM_FRONT", "CAM_FRONT_RIGHT", "CAM_BACK_LEFT", "CAM_BACK", "CAM_BACK_RIGHT"], "token": "b630cd07166e4b85bbc86a466bf649da", "scene": "scene-0208"}, {"images": ["samples/CAM_FRONT_LEFT/n008-2018-07-26-12-13-50-0400__CAM_FRONT_LEFT__1532621939154799.jpg", "samples/CAM_FRONT/n008-2018-07-26-12-13-50-0400__CAM_FRONT__1532621939162404.jpg", "samples/CAM_FRONT_RIGHT/n008-2018-07-26-12-13-50-0400__CAM_FRONT_RIGHT__1532621939170482.jpg", "samples/CAM_BACK_LEFT/n008-2018-07-26-12-13-50-0400__CAM_BACK_LEFT__1532621939197405.jpg", "samples/CAM_BACK/n008-2018-07-26-12-13-50-0400__CAM_BACK__1532621939187558.jpg", "samples/CAM_BACK_RIGHT/n008-2018-07-26-12-13-50-0400__CAM_BACK_RIGHT__1532621939178127.jpg"], "intrinsics": [[[1257.8625342125129, 0.0, 827.2410631095686], [0.0, 1257.8625342125129, 450.915498205774], [0.0, 0.0, 1.0]], [[1252.8131021185304, 0.0, 826.588114781398], [0.0, 1252.8131021185304, 469.9846626224581], [0.0, 0.0, 1.0]], [[1256.7485116440405, 0.0, 817.7887570959712], [0.0, 1256.7485116440403, 451.9541780095127], [0.0, 0.0, 1.0]], [[1254.9860565800168, 0.0, 829.5769333630991], [0.0, 1254.9860565800168, 467.1680561863987], [0.0, 0.0, 1.0]], [[796.8910634503094, 0.0, 857.7774326863696], [0.0, 796.8910634503094, 476.8848988407415], [0.0, 0.0, 1.0]], [[1249.9629280788233, 0.0, 825.3768045375984], [0.0, 1249.9629280788233, 462.54816385708756], [0.0, 0.0, 1.0]]], "extrinsics": [[[0.8225388526916504, -0.5686677098274231, -0.006842135451734066, -1.005096435546875], [0.014254551380872726, 0.03264246881008148, -0.9993654489517212, 1.4882965087890625], [0.5685302019119263, 0.8219193816184998, 0.03495580330491066, -1.33349609375], [0.0, 0.0, 0.0, 1.0]], [[0.010333687998354435, -0.9995443224906921, -0.028359251096844673, 0.00537109375], [0.016216129064559937, 0.028524551540613174, -0.9994615912437439, 1.4801712036132812], [0.9998151659965515, 0.009868253953754902, 0.016503505408763885, -1.7347412109375], [0.0, 0.0, 0.0, 1.0]], [[-0.8438407182693481, -0.5356917977333069, -0.03109866753220558, 1.0906982421875], [0.024247968569397926, 0.01982853375375271, -0.9995092749595642, 1.493072509765625], [0.5360456705093384, -0.8441807627677917, -0.0037426864728331566, -1.277587890625], [0.0, 0.0, 0.0, 1.0]], [[0.9478731155395508, 0.31848886609077454, 0.010076982900500298, -1.1441650390625], [-0.0011375198373571038, 0.03500601276755333, -0.9993864297866821, 1.562042236328125], [-0.3186461627483368, 0.9472799897193909, 0.03354354575276375, -0.1561279296875], [0.0, 0.0, 0.0, 1.0]], [[0.009141379036009312, 0.9995803833007812, 0.02748660184442997, -0.0289306640625], [0.0009863442974165082, 0.027478722855448723, -0.9996218681335449, 1.5680580139160156], [-0.999957799911499, 0.009164980612695217, -0.0007347399950958788, 0.04437255859375], [0.0, 0.0, 0.0, 1.0]], [[-0.9236863851547241, 0.38313785195350647, -0.0029726307839155197, 1.1607208251953125], [0.005196114536374807, 0.004768580663949251, -0.9999750852584839, 1.5478086471557617], [-0.38311412930488586, -0.9236788749694824, -0.006395500153303146, -0.04345703125], [0.0, 0.0, 0.0, 1.0]]], "view": [[0.0, -2.0, 100.0], [-2.0, 0.0, 100.0], [0.0, 0.0, 1.0]], "bev": "bev_f918de67b695424ebd455674ec026000.png", "aux": "aux_f918de67b695424ebd455674ec026000.npz", "visibility": "visibility_f918de67b695424ebd455674ec026000.png", "pose": [[-0.848540186882019, -0.5291309356689453, 0.0, 1889.1251220703125], [0.5291309356689453, -0.848540186882019, 0.0, 1076.9942626953125], [0.0, 0.0, 1.0, 0.0], [0.0, 0.0, 0.0, 1.0]], "pose_inverse": [[-0.848540186882019, 0.5291309356689453, 0.0, 1033.127685546875], [-0.5291309356689453, -0.848540186882019, 0.0, 1913.4674072265625], [0.0, 0.0, 1.0, 0.0], [0.0, 0.0, 0.0, 1.0]], "cam_ids": [0, 1, 2, 3, 4, 5], "cam_channels": ["CAM_FRONT_LEFT", "CAM_FRONT", "CAM_FRONT_RIGHT", "CAM_BACK_LEFT", "CAM_BACK", "CAM_BACK_RIGHT"], "token": "f918de67b695424ebd455674ec026000", "scene": "scene-0208"}, {"images": ["samples/CAM_FRONT_LEFT/n008-2018-07-26-12-13-50-0400__CAM_FRONT_LEFT__1532621939654799.jpg", "samples/CAM_FRONT/n008-2018-07-26-12-13-50-0400__CAM_FRONT__1532621939662404.jpg", "samples/CAM_FRONT_RIGHT/n008-2018-07-26-12-13-50-0400__CAM_FRONT_RIGHT__1532621939670482.jpg", "samples/CAM_BACK_LEFT/n008-2018-07-26-12-13-50-0400__CAM_BACK_LEFT__1532621939697438.jpg", "samples/CAM_BACK/n008-2018-07-26-12-13-50-0400__CAM_BACK__1532621939687558.jpg", "samples/CAM_BACK_RIGHT/n008-2018-07-26-12-13-50-0400__CAM_BACK_RIGHT__1532621939678113.jpg"], "intrinsics": [[[1257.8625342125129, 0.0, 827.2410631095686], [0.0, 1257.8625342125129, 450.915498205774], [0.0, 0.0, 1.0]], [[1252.8131021185304, 0.0, 826.588114781398], [0.0, 1252.8131021185304, 469.9846626224581], [0.0, 0.0, 1.0]], [[1256.7485116440405, 0.0, 817.7887570959712], [0.0, 1256.7485116440403, 451.9541780095127], [0.0, 0.0, 1.0]], [[1254.9860565800168, 0.0, 829.5769333630991], [0.0, 1254.9860565800168, 467.1680561863987], [0.0, 0.0, 1.0]], [[796.8910634503094, 0.0, 857.7774326863696], [0.0, 796.8910634503094, 476.8848988407415], [0.0, 0.0, 1.0]], [[1249.9629280788233, 0.0, 825.3768045375984], [0.0, 1249.9629280788233, 462.54816385708756], [0.0, 0.0, 1.0]]], "extrinsics": [[[0.8225526809692383, -0.5686479806900024, -0.006836199667304754, -1.00494384765625], [0.014251932501792908, 0.03262973204255104, -0.9993658661842346, 1.4882965087890625], [0.5685104131698608, 0.8219336271286011, 0.03494400158524513, -1.333251953125], [0.0, 0.0, 0.0, 1.0]], [[0.010351616889238358, -0.9995446801185608, -0.028341423720121384, 0.00537109375], [0.016209423542022705, 0.02850695513188839, -0.9994621872901917, 1.48016357421875], [0.999815046787262, 0.009886682964861393, 0.016497137024998665, -1.734619140625], [0.0, 0.0, 0.0, 1.0]], [[-0.843834638595581, -0.5357028841972351, -0.03107503242790699, 1.0906982421875], [0.024236414581537247, 0.019802553579211235, -0.9995101094245911, 1.4930648803710938], [0.5360557436943054, -0.844174325466156, -0.0037265641149133444, -1.277587890625], [0.0, 0.0, 0.0, 1.0]], [[0.9478728771209717, 0.3184894323348999, 0.010071865282952785, -1.143798828125], [-0.0011246590875089169, 0.034951671957969666, -0.9993883967399597, 1.562042236328125], [-0.3186466693878174, 0.9472817778587341, 0.03348793834447861, -0.156005859375], [0.0, 0.0, 0.0, 1.0]], [[0.009136304259300232, 0.9995819330215454, 0.027432501316070557, -0.02880859375], [0.0009996321750804782, 0.027424504980444908, -0.9996233582496643, 1.5680618286132812], [-0.999957799911499, 0.009160265326499939, -0.000748656049836427,