[{"images": ["samples/CAM_FRONT_LEFT/n008-2018-09-18-12-07-26-0400__CAM_FRONT_LEFT__1537287120604799.jpg", "samples/CAM_FRONT/n008-2018-09-18-12-07-26-0400__CAM_FRONT__1537287120612404.jpg", "samples/CAM_FRONT_RIGHT/n008-2018-09-18-12-07-26-0400__CAM_FRONT_RIGHT__1537287120620482.jpg", "samples/CAM_BACK_LEFT/n008-2018-09-18-12-07-26-0400__CAM_BACK_LEFT__1537287120647405.jpg", "samples/CAM_BACK/n008-2018-09-18-12-07-26-0400__CAM_BACK__1537287120637558.jpg", "samples/CAM_BACK_RIGHT/n008-2018-09-18-12-07-26-0400__CAM_BACK_RIGHT__1537287120628113.jpg"], "intrinsics": [[[1257.8625342125129, 0.0, 827.2410631095686], [0.0, 1257.8625342125129, 450.915498205774], [0.0, 0.0, 1.0]], [[1252.8131021185304, 0.0, 826.588114781398], [0.0, 1252.8131021185304, 469.9846626224581], [0.0, 0.0, 1.0]], [[1256.7485116440405, 0.0, 817.7887570959712], [0.0, 1256.7485116440403, 451.9541780095127], [0.0, 0.0, 1.0]], [[1254.9860565800168, 0.0, 829.5769333630991], [0.0, 1254.9860565800168, 467.1680561863987], [0.0, 0.0, 1.0]], [[796.8910634503094, 0.0, 857.7774326863696], [0.0, 796.8910634503094, 476.8848988407415], [0.0, 0.0, 1.0]], [[1249.9629280788233, 0.0, 825.3768045375984], [0.0, 1249.9629280788233, 462.54816385708756], [0.0, 0.0, 1.0]]], "extrinsics": [[[0.8224167227745056, -0.5688439607620239, -0.006884683854877949, -0.6944580078125], [0.015282789245247841, 0.03418982774019241, -0.9992985129356384, 1.493896484375], [0.5686802864074707, 0.8217345476150513, 0.03681180626153946, -1.1231689453125], [0.0, 0.0, 0.0, 1.0]], [[0.010137584991753101, -0.9995035529136658, -0.029828548431396484, 0.01171875], [0.01755370944738388, 0.030003366991877556, -0.9993956685066223, 1.4855422973632812], [0.9997944831848145, 0.00960793998092413, 0.017849160358309746, -1.4229202270507812], [0.0, 0.0, 0.0, 1.0]], [[-0.8438829183578491, -0.5354958176612854, -0.03325246647000313, 0.885498046875], [0.025907840579748154, 0.02123381569981575, -0.9994387626647949, 1.4993553161621094], [0.5359013080596924, -0.8442708849906921, -0.0040453169494867325, -1.1446533203125], [0.0, 0.0, 0.0, 1.0]], [[0.9478383660316467, 0.3184957504272461, 0.01276466902345419, -1.125732421875], [0.0013517201878130436, 0.03602924197912216, -0.99934983253479, 1.5620651245117188], [-0.31874850392341614, 0.947239339351654, 0.03371937945485115, -0.16259765625], [0.0, 0.0, 0.0, 1.0]], [[0.009128528647124767, 0.999546468257904, 0.02869642898440361, -0.02880859375], [0.003223823383450508, 0.028668053448200226, -0.9995837211608887, 1.5683670043945312], [-0.9999531507492065, 0.00921721663326025, -0.0029606642201542854, -0.05730438232421875], [0.0, 0.0, 0.0, 1.0]], [[-0.9236336946487427, 0.38325297832489014, -0.004228547681123018, 0.99310302734375], [0.007106869015842676, 0.0060946205630898476, -0.9999561905860901, 1.5490837097167969], [-0.38321036100387573, -0.9236232042312622, -0.008352924138307571, -0.111328125], [0.0, 0.0, 0.0, 1.0]]], "view": [[0.0, -2.0, 100.0], [-2.0, 0.0, 100.0], [0.0, 0.0, 1.0]], "bev": "bev_bb1372ecf3864617b473f3f9e4c88e0b.png", "aux": "aux_bb1372ecf3864617b473f3f9e4c88e0b.npz", "visibility": "visibility_bb1372ecf3864617b473f3f9e4c88e0b.png", "pose": [[-0.5527796745300293, -0.8333274126052856, 0.0, 1856.9722900390625], [0.8333274126052856, -0.5527796745300293, 0.0, 1116.2596435546875], [0.0, 0.0, 1.0, 0.0], [0.0, 0.0, 0.0, 1.0]], "pose_inverse": [[-0.5527796745300293, 0.8333274126052856, 0.0, 96.28681945800781], [-0.8333274126052856, -0.5527796745300293, 0.0, 2164.51171875], [0.0, 0.0, 1.0, 0.0], [0.0, 0.0, 0.0, 1.0]], "cam_ids": [0, 1, 2, 3, 4, 5], "cam_channels": ["CAM_FRONT_LEFT", "CAM_FRONT", "CAM_FRONT_RIGHT", "CAM_BACK_LEFT", "CAM_BACK", "CAM_BACK_RIGHT"], "token": "bb1372ecf3864617b473f3f9e4c88e0b", "scene": "scene-0447"}, {"images": ["samples/CAM_FRONT_LEFT/n008-2018-09-18-12-07-26-0400__CAM_FRONT_LEFT__1537287121104799.jpg", "samples/CAM_FRONT/n008-2018-09-18-12-07-26-0400__CAM_FRONT__1537287121112404.jpg", "samples/CAM_FRONT_RIGHT/n008-2018-09-18-12-07-26-0400__CAM_FRONT_RIGHT__1537287121120482.jpg", "samples/CAM_BACK_LEFT/n008-2018-09-18-12-07-26-0400__CAM_BACK_LEFT__1537287121147405.jpg", "samples/CAM_BACK/n008-2018-09-18-12-07-26-0400__CAM_BACK__1537287121137558.jpg", "samples/CAM_BACK_RIGHT/n008-2018-09-18-12-07-26-0400__CAM_BACK_RIGHT__1537287121128113.jpg"], "intrinsics": [[[1257.8625342125129, 0.0, 827.2410631095686], [0.0, 1257.8625342125129, 450.915498205774], [0.0, 0.0, 1.0]], [[1252.8131021185304, 0.0, 826.588114781398], [0.0, 1252.8131021185304, 469.9846626224581], [0.0, 0.0, 1.0]], [[1256.7485116440405, 0.0, 817.7887570959712], [0.0, 1256.7485116440403, 451.9541780095127], [0.0, 0.0, 1.0]], [[1254.9860565800168, 0.0, 829.5769333630991], [0.0, 1254.9860565800168, 467.1680561863987], [0.0, 0.0, 1.0]], [[796.8910634503094, 0.0, 857.7774326863696], [0.0, 796.8910634503094, 476.8848988407415], [0.0, 0.0, 1.0]], [[1249.9629280788233, 0.0, 825.3768045375984], [0.0, 1249.9629280788233, 462.54816385708756], [0.0, 0.0, 1.0]]], "extrinsics": [[[0.8230977654457092, -0.5678988695144653, 0.0009373436332680285, -0.6802978515625], [0.016834719106554985, 0.022749915719032288, -0.9995994567871094, 1.49481201171875], [0.5676501393318176, 0.8227839469909668, 0.02828582562506199, -1.1138916015625], [0.0, 0.0, 0.0, 1.0]], [[0.011376939713954926, -0.9997672438621521, -0.018329020589590073, 0.0126953125], [0.01879022642970085, 0.018540725111961365, -0.9996514916419983, 1.4862747192382812], [0.9997586607933044, 0.011028541252017021, 0.018996788188815117, -1.40606689453125], [0.0, 0.0, 0.0, 1.0]], [[-0.8433362245559692, -0.5366637110710144, -0.027859555557370186, 0.8729248046875], [0.026817983016371727, 0.009748447686433792, -0.9995927214622498, 1.5000057220458984], [0.5367166996002197, -0.8437398672103882, 0.006171020679175854, -1.1361083984375], [0.0, 0.0, 0.0, 1.0]], [[0.9478269815444946, 0.31865182518959045, 0.009227032773196697, -1.117431640625], [0.0014370273565873504, 0.024673212319612503, -0.9996945261955261, 1.5620803833007812], [-0.3187820613384247, 0.9475506544113159, 0.02292802557349205, -0.165283203125], [0.0, 0.0, 0.0, 1.0]], [[0.008732327260077, 0.9998133778572083, 0.017231255769729614, -0.02880859375], [0.0035693603567779064, 0.017200635746121407, -0.9998456239700317, 1.5684471130371094], [-0.9999555945396423, 0.008792489767074585, -0.003418491454795003, -0.0685577392578125], [0.0, 0.0, 0.0, 1.0]], [[-0.9239031076431274, 0.38251468539237976, -0.00925194937735796, 0.98046875], [0.007767517119646072, -0.005424889735877514, -0.9999551177024841, 1.5493278503417969], [-0.38254764676094055, -0.9239335060119629, 0.0020408842246979475, -0.1162109375], [0.0, 0.0, 0.0, 1.0]]], "view": [[0.0, -2.0, 100.0], [-2.0, 0.0, 100.0], [0.0, 0.0, 1.0]], "bev": "bev_ed0a64dee78048b0abaec874ccad294c.png", "aux": "aux_ed0a64dee78048b0abaec874ccad294c.npz", "visibility": "visibility_ed0a64dee78048b0abaec874ccad294c.png", "pose": [[-0.548973798751831, -0.835839569568634, 0.0, 1854.7005615234375], [0.835839569568634, -0.548973798751831, 0.0, 1119.761474609375], [0.0, 0.0, 1.0, 0.0], [0.0, 0.0, 0.0, 1.0]], "pose_inverse": [[-0.548973798751831, 0.835839569568634, 0.0, 82.24105834960938], [-0.835839569568634, -0.548973798751831, 0.0, 2164.951904296875], [0.0, 0.0, 1.0, 0.0], [0.0, 0.0, 0.0, 1.0]], "cam_ids": [0, 1, 2, 3, 4, 5], "cam_channels": ["CAM_FRONT_LEFT", "CAM_FRONT", "CAM_FRONT_RIGHT", "CAM_BACK_LEFT", "CAM_BACK", "CAM_BACK_RIGHT"], "token": "ed0a64dee78048b0abaec874ccad294c", "scene": "scene-0447"}, {"images": ["samples/CAM_FRONT_LEFT/n008-2018-09-18-12-07-26-0400__CAM_FRONT_LEFT__1537287121604799.jpg", "samples/CAM_FRONT/n008-2018-09-18-12-07-26-0400__CAM_FRONT__1537287121612404.jpg", "samples/CAM_FRONT_RIGHT/n008-2018-09-18-12-07-26-0400__CAM_FRONT_RIGHT__1537287121620482.jpg", "samples/CAM_BACK_LEFT/n008-2018-09-18-12-07-26-0400__CAM_BACK_LEFT__1537287121647405.jpg", "samples/CAM_BACK/n008-2018-09-18-12-07-26-0400__CAM_BACK__1537287121637558.jpg", "samples/CAM_BACK_RIGHT/n008-2018-09-18-12-07-26-0400__CAM_BACK_RIGHT__1537287121628113.jpg"], "intrinsics": [[[1257.8625342125129, 0.0, 827.2410631095686], [0.0, 1257.8625342125129, 450.915498205774], [0.0, 0.0, 1.0]], [[1252.8131021185304, 0.0, 826.588114781398], [0.0, 1252.8131021185304, 469.9846626224581], [0.0, 0.0, 1.0]], [[1256.7485116440405, 0.0, 817.7887570959712], [0.0, 1256.7485116440403, 451.9541780095127], [0.0, 0.0, 1.0]], [[1254.9860565800168, 0.0, 829.5769333630991], [0.0, 1254.9860565800168, 467.1680561863987], [0.0, 0.0, 1.0]], [[796.8910634503094, 0.0, 857.7774326863696], [0.0, 796.8910634503094, 476.8848988407415], [0.0, 0.0, 1.0]], [[1249.9629280788233, 0.0, 825.3768045375984], [0.0, 1249.9629280788233, 462.54816385708756], [0.0, 0.0, 1.0]]], "extrinsics": [[[0.8226101994514465, -0.5684998631477356, -0.010971182025969028, -0.697265625], [0.006141331046819687, 0.02817685529589653, -0.9995840787887573, 1.4904899597167969], [0.5685725808143616, 0.8222006559371948, 0.02666991390287876, -1.124267578125], [0.0, 0.0, 0.0, 1.0]], [[0.010387668386101723, -0.9996541738510132, -0.02415597252547741, 0.01123046875], [0.008249224163591862, 0.02424212545156479, -0.9996720552444458, 1.4826545715332031], [0.9999120235443115, 0.010184995830059052, 0.008498189970850945, -1.42535400390625], [0.0, 0.0, 0.0, 1.0]], [[-0.8439251780509949, -0.5359967350959778, -0.0223128329962492, 0.885986328125], [0.01643500104546547, 0.01574103906750679, -0.9997410178184509, 1.4970436096191406], [0.5362091064453125, -0.8440733551979065, -0.0044751535169780254, -1.1453857421875], [0.0, 0.0, 0.0, 1.0]], [[0.9478851556777954, 0.318607896566391, 0.0016361537855118513, -1.11944580078125], [-0.00882922112941742, 0.03140025585889816, -0.9994679093360901, 1.5618057250976562], [-0.31848978996276855, 0.9473663568496704, 0.032576899975538254, -0.1644287109375], [0.0, 0.0, 0.0, 1.0]], [[0.00918503012508154, 0.9996777772903442, 0.023665420711040497, -0.02880859375], [-0.006753338035196066, 0.023727891966700554, -0.9996956586837769, 1.5673294067382812], [-0.9999350309371948, 0.009022396989166737, 0.00696910172700882, -0.061107635498046875], [0.0, 0.0, 0.0, 1.0]], [[-0.9237636923789978, 0.3829529881477356, 0.00274769333191216, 0.99212646484375], [-0.0026250367518514395, 0.0008428418077528477, -0.9999961853027344, 1.5473321676254272], [-0.38295382261276245, -0.9237674474716187, 0.00022668000019621104, -0.1119384765625], [0.0, 0.0, 0.0, 1.0]]], "view": [[0.0, -2.0, 100.0], [-2.0, 0.0, 100.0], [0.0, 0.0, 1.0]], "bev": "bev_10b254e9b2134613b1f8a9915f07754c.png", "aux": "aux_10b254e9b2134613b1f8a9915f07754c.npz", "visibility": "visibility_10b254e9b2134613b1f8a9915f07754c.png", "pose": [[-0.5457364916801453, -0.8379568457603455, 0.0, 1852.4461669921875], [0.8379568457603455, -0.5457364916801453, 0.0, 1123.2803955078125], [0.0, 0.0, 1.0, 0.0], [0.0, 0.0, 0.0, 1.0]], "pose_inverse": [[-0.5457364916801453, 0.8379568457603455, 0.0, 69.68697357177734], [-0.8379568457603455, -0.5457364916801453, 0.0, 2165.28515625], [0.0, 0.0, 1.0, 0.0], [0.0, 0.0, 0.0, 1.0]], "cam_ids": [0, 1, 2, 3, 4, 5], "cam_channels": ["CAM_FRONT_LEFT", "CAM_FRONT", "CAM_FRONT_RIGHT", "CAM_BACK_LEFT", "CAM_BACK", "CAM_BACK_RIGHT"], "token": "10b254e9b2134613b1f8a9915f07754c", "scene": "scene-0447"}, {"images": ["samples/CAM_FRONT_LEFT/n008-2018-09-18-12-07-26-0400__CAM_FRONT_LEFT__1537287122104799.jpg", "samples/CAM_FRONT/n008-2018-09-18-12-07-26-0400__CAM_FRONT__1537287122112404.jpg", "samples/CAM_FRONT_RIGHT/n008-2018-09-18-12-07-26-0400__CAM_FRONT_RIGHT__1537287122120482.jpg", "samples/CAM_BACK_LEFT/n008-2018-09-18-12-07-26-0400__CAM_BACK_LEFT__1537287122147405.jpg", "samples/CAM_BACK/n008-2018-09-18-12-07-26-0400__CAM_BACK__1537287122137558.jpg", "samples/CAM_BACK_RIGHT/n008-2018-09-18-12-07-26-0400__CAM_BACK_RIGHT__1537287122128113.jpg"], "intrinsics": [[[1257.8625342125129, 0.0, 827.2410631095686], [0.0, 1257.8625342125129, 450.915498205774], [0.0, 0.0, 1.0]], [[1252.8131021185304, 0.0, 826.588114781398], [0.0, 1252.8131021185304, 469.9846626224581], [0.0, 0.0, 1.0]], [[1256.7485116440405, 0.0, 817.7887570959712], [0.0, 1256.7485116440403, 451.9541780095127], [0.0, 0.0, 1.0]], [[1254.9860565800168, 0.0, 829.5769333630991], [0.0, 1254.9860565800168, 467.1680561863987], [0.0, 0.0, 1.0]], [[796.8910634503094, 0.0, 857.7774326863696], [0.0, 796.8910634503094, 476.8848988407415], [0.0, 0.0, 1.0]], [[1249.9629280788233, 0.0, 825.3768045375984], [0.0, 1249.9629280788233, 462.54816385708756], [0.0, 0.0, 1.0]]], "extrinsics": [[[0.8228189945220947, -0.5681233406066895, -0.01430542767047882, -0.714111328125], [0.0076023489236831665, 0.0361735001206398, -0.9993165731430054, 1.4907760620117188], [0.5682526230812073, 0.8221480250358582, 0.03408331423997879, -1.1383056640625], [0.0, 0.0, 0.0, 1.0]], [[0.010664250701665878, -0.9994331002235413, -0.03193507343530655, 0.012451171875], [0.00962147954851389, 0.032037973403930664, -0.9994403719902039, 1.4828262329101562], [0.9998968243598938, 0.010351072065532207, 0.009957686997950077, -1.4442901611328125], [0.0, 0.0, 0.0, 1.0]], [[-0.8438020944595337, -0.535951554775238, -0.027458079159259796, 0.89990234375], [0.01771215908229351, 0.02332439087331295, -0.9995710253715515, 1.4970359802246094], [0.5363621115684509, -0.8439265489578247, -0.010188313201069832, -1.1524658203125], [0.0, 0.0, 0.0, 1.0]], [[0.9478922486305237, 0.3185499608516693, 0.005122951231896877, -1.12518310546875], [-0.007396304048597813, 0.03807878494262695, -0.9992473721504211, 1.5618743896484375], [-0.31850525736808777, 0.9471408724784851, 0.03845067694783211, -0.1629638671875], [0.0, 0.0, 0.0, 1.0]], [[0.0091138556599617, 0.9994866847991943, 0.030714722350239754, -0.029296875], [-0.005394506733864546, 0.030764693394303322, -0.9995120763778687, 1.5675048828125], [-0.9999439120292664, 0.008943682536482811, 0.005672119557857513, -0.051723480224609375], [0.0, 0.0, 0.0, 1.0]], [[-0.9238094091415405, 0.3828279674053192, 0.00435247179120779, 1.00360107421875], [-0.0013111968291923404, 0.008204794488847256, -0.999965488910675, 1.5475711822509766], [-0.3828504979610443, -0.9237832427024841, -0.0070777032524347305, -0.1060791015625], [0.0, 0.0, 0.0, 1.0]]], "view": [[0.0, -2.0, 100.0], [-2.0, 0.0, 100.0], [0.0, 0.0, 1.0]], "bev": "bev_8b18d1da623b484a8ad209038885b5b1.png", "aux": "aux_8b18d1da623b484a8ad209038885b5b1.npz", "visibility": "visibility_8b18d1da623b484a8ad209038885b5b1.png", "pose": [[-0.5445818901062012, -0.838707685470581, 0.0, 1850.3115234375], [0.838707685470581, -0.5445818901062012, 0.0, 1126.6514892578125], [0.0, 0.0, 1.0, 0.0], [0.0, 0.0, 0.0, 1.0]], "pose_inverse": [[-0.5445818901062012, 0.838707685470581, 0.0, 62.71492004394531], [-0.838707685470581, -0.5445818901062012, 0.0, 2165.424560546875], [0.0, 0.0, 1.0, 0.0], [0.0, 0.0, 0.0, 1.0]], "cam_ids": [0, 1, 2, 3, 4, 5], "cam_channels": ["CAM_FRONT_LEFT", "CAM_FRONT", "CAM_FRONT_RIGHT", "CAM_BACK_LEFT", "CAM_BACK", "CAM_BACK_RIGHT"], "token": "8b18d1da623b484a8ad209038885b5b1", "scene": "scene-0447"}, {"images": ["samples/CAM_FRONT_LEFT/n008-2018-09-18-12-07-26-0400__CAM_FRONT_LEFT__1537287122604799.jpg", "samples/CAM_FRONT/n008-2018-09-18-12-07-26-0400__CAM_FRONT__1537287122612541.jpg", "samples/CAM_FRONT_RIGHT/n008-2018-09-18-12-07-26-0400__CAM_FRONT_RIGHT__1537287122620482.jpg", "samples/CAM_BACK_LEFT/n008-2018-09-18-12-07-26-0400__CAM_BACK_LEFT__1537287122647405.jpg", "samples/CAM_BACK/n008-2018-09-18-12-07-26-0400__CAM_BACK__1537287122638328.jpg", "samples/CAM_BACK_RIGHT/n008-2018-09-18-12-07-26-0400__CAM_BACK_RIGHT__1537287122628828.jpg"], "intrinsics": [[[1257.8625342125129, 0.0, 827.2410631095686], [0.0, 1257.8625342125129, 450.915498205774], [0.0, 0.0, 1.0]], [[1252.8131021185304, 0.0, 826.588114781398], [0.0, 1252.8131021185304, 469.9846626224581], [0.0, 0.0, 1.0]], [[1256.7485116440405, 0.0, 817.7887570959712], [0.0, 1256.7485116440403, 451.9541780095127], [0.0, 0.0, 1.0]], [[1254.9860565800168, 0.0, 829.5769333630991], [0.0, 1254.9860565800168, 467.1680561863987], [0.0, 0.0, 1.0]], [[796.8910634503094, 0.0, 857.7774326863696], [0.0, 796.8910634503094, 476.8848988407415], [0.0, 0.0, 1.0]], [[1249.9629280788233, 0.0, 825.3768045375984], [0.0, 1249.9629280788233, 462.54816385708756], [0.0, 0.0, 1.0]]], "extrinsics": [[[0.8226335048675537, -0.5684494376182556, -0.011808671057224274, -0.7047119140625], [0.0056367358192801476, 0.02892168238759041, -0.9995657205581665, 1.4901962280273438], [0.5685440897941589, 0.8222097158432007, 0.02699614316225052, -1.131591796875], [0.0, 0.0, 0.0, 1.0]], [[0.010503338649868965, -0.9996415376663208, -0.02462521567940712, 0.012451171875], [0.00738978385925293, 0.024703500792384148, -0.9996675252914429, 1.4822921752929688], [0.9999175667762756, 0.010317840613424778, 0.007646604441106319, -1.433685302734375], [0.0, 0.0, 0.0, 1.0]], [[-0.8438848257064819, -0.5360987782478333, -0.02136683277785778, 0.890625], [0.01520932000130415, 0.015905175358057022, -0.9997577667236328, 1.4966545104980469], [0.5363088250160217, -0.8440054655075073, -0.005268438719213009, -1.1468505859375], [0.0, 0.0, 0.0, 1.0]], [[0.9478772282600403, 0.318635493516922, -0.00037218810757622123, -1.1175537109375], [-0.010737651959061623, 0.030774926766753197, -0.9994686841964722, 1.5617294311523438], [-0.3184548020362854, 0.9473775625228882, 0.03259224817156792, -0.16552734375], [0.0, 0.0, 0.0, 1.0]], [[0.009162379428744316, 0.9996877908706665, 0.023245899006724358, -0.029541015625], [-0.008400263264775276, 0.023323005065321922, -0.9996926188468933, 1.56719970703125], [-0.9999227523803711, 0.008964327163994312, 0.008611337281763554, -0.054656982421875], [0.0, 0.0, 0.0, 1.0]], [[-0.9237957000732422, 0.38286495208740234, 0.0039671193808317184, 0.9996337890625], [-0.003995692823082209, 0.0007205742294900119, -0.999991774559021, 1.547117829322815], [-0.38286465406417847, -0.9238040447235107, 0.0008641476160846651, -0.10791015625], [0.0, 0.0, 0.0, 1.0]]], "view": [[0.0, -2.0, 100.0], [-2.0, 0.0, 100.0], [0.0, 0.0, 1.0]], "bev": "bev_13243768f27c471f8257d5b80e69f38a.png", "aux": "aux_13243768f27c471f8257d5b80e69f38a.npz", "visibility": "visibility_13243768f27c471f8257d5b80e69f38a.png", "pose": [[-0.5455307960510254, -0.8380907773971558, 0.0, 1848.2342529296875], [0.8380907773971558, -0.5455307960510254, 0.0, 1129.9276123046875], [0.0, 0.0, 1.0, 0.0], [0.0, 0.0, 0.0, 1.0]], "pose_inverse": [[-0.5455307960510254, 0.8380907773971558, 0.0, 61.286781311035156], [-0.8380907773971558, -0.5455307960510254, 0.0, 2165.3984375], [0.0, 0.0, 1.0, 0.0], [0.0, 0.0, 0.0, 1.0]], "cam_ids": [0, 1, 2, 3, 4, 5], "cam_channels": ["CAM_FRONT_LEFT", "CAM_FRONT", "CAM_FRONT_RIGHT", "CAM_BACK_LEFT", "CAM_BACK", "CAM_BACK_RIGHT"], "token": "13243768f27c471f8257d5b80e69f38a", "scene": "scene-0447"}, {"images": ["samples/CAM_FRONT_LEFT/n008-2018-09-18-12-07-26-0400__CAM_FRONT_LEFT__1537287123104799.jpg", "samples/CAM_FRONT/n008-2018-09-18-12-07-26-0400__CAM_FRONT__1537287123112404.jpg", "samples/CAM_FRONT_RIGHT/n008-2018-09-18-12-07-26-0400__CAM_FRONT_RIGHT__1537287123120482.jpg", "samples/CAM_BACK_LEFT/n008-2018-09-18-12-07-26-0400__CAM_BACK_LEFT__1537287123147405.jpg", "samples/CAM_BACK/n008-2018-09-18-12-07-26-0400__CAM_BACK__1537287123137558.jpg", "samples/CAM_BACK_RIGHT/n008-2018-09-18-12-07-26-0400__CAM_BACK_RIGHT__1537287123128113.jpg"], "intrinsics": [[[1257.8625342125129, 0.0, 827.2410631095686], [0.0, 1257.8625342125129, 450.915498205774], [0.0, 0.0, 1.0]], [[1252.8131021185304, 0.0, 826.588114781398], [0.0, 1252.8131021185304, 469.9846626224581], [0.0, 0.0, 1.0]], [[1256.7485116440405, 0.0, 817.7887570959712], [0.0, 1256.7485116440403, 451.9541780095127], [0.0, 0.0, 1.0]], [[1254.9860565800168, 0.0, 829.5769333630991], [0.0, 1254.9860565800168, 467.1680561863987], [0.0, 0.0, 1.0]], [[796.8910634503094, 0.0, 857.7774326863696], [0.0, 796.8910634503094, 476.8848988407415], [0.0, 0.0, 1.0]], [[1249.9629280788233, 0.0, 825.3768045375984], [0.0, 1249.9629280788233, 462.54816385708756], [0.0, 0.0, 1.0]]], "extrinsics": [[[0.8228273987770081, -0.5680180191993713, -0.017625832930207253, -0.724609375], [-0.0025871689431369305, 0.027271011844277382, -0.9996247291564941, 1.487274169921875], [0.5682855248451233, 0.8225641846656799, 0.020969776436686516, -1.1463623046875], [0.0, 0.0, 0.0, 1.0]], [[0.010773694142699242, -0.9996753334999084, -0.02308918908238411, 0.01318359375], [-0.0007750761578790843, 0.023082176223397255, -0.9997332692146301, 1.4798355102539062], [0.9999416470527649, 0.010788718238472939, -0.0005261435289867222, -1.4539794921875], [0.0, 0.0, 0.0, 1.0]], [[-0.8438287377357483, -0.5364384055137634, -0.013672037981450558, 0.9056396484375], [0.007100424729287624, 0.014314319007098675, -0.9998723268508911, 1.4945907592773438], [0.5365657210350037, -0.8438180685043335, -0.008269892074167728, -1.1553955078125], [0.0, 0.0, 0.0, 1.0]], [[0.9478124976158142, 0.3187180161476135, -0.008387239649891853, -1.12060546875], [-0.018678149208426476, 0.029245903715491295, -0.9993976950645447, 1.5615653991699219], [-0.31828072667121887, 0.94739830493927, 0.033672694116830826, -0.16455078125], [0.0, 0.0, 0.0, 1.0]], [[0.009142337366938591, 0.9997240304946899, 0.021640915423631668, -0.029541015625], [-0.016393093392252922, 0.02178875170648098, -0.9996281266212463, 1.5664405822753906], [-0.9998238682746887, 0.008784149773418903, 0.016587769612669945, -0.052234649658203125], [0.0, 0.0, 0.0, 1.0]], [[-0.9238492250442505, 0.38260403275489807, 0.01080889068543911, 1.00634765625], [-0.012045083567500114, -0.0008356885518878698, -0.9999271035194397, 1.5458171367645264], [-0.38256704807281494, -0.923911988735199, 0.005380548071116209, -0.1044921875], [0.0, 0.0, 0.0, 1.0]]], "view": [[0.0, -2.0, 100.0], [-2.0, 0.0, 100.0], [0.0, 0.0, 1.0]], "bev": "bev_e5a40514326c451ba854049b6b3d0d12.png", "aux": "aux_e5a40514326c451ba854049b6b3d0d12.npz", "visibility": "visibility_e5a40514326c451ba854049b6b3d0d12.png", "pose": [[-0.5422353744506836, -0.8402266502380371, 0.0, 1846.236083984375], [0.8402266502380371, -0.5422353744506836, 0.0, 1133.114990234375], [0.0, 0.0, 1.0, 0.0], [0.0, 0.0, 0.0, 1.0]], "pose_inverse": [[-0.5422353744506836, 0.8402266502380371, 0.0, 49.02109909057617], [-0.8402266502380371, -0.5422353744506836, 0.0, 2165.671875], [0.0, 0.0, 1.0, 0.0], [0.0, 0.0, 0.0, 1.0]], "cam_ids": [0, 1, 2, 3, 4, 5], "cam_channels": ["CAM_FRONT_LEFT", "CAM_FRONT", "CAM_FRONT_RIGHT", "CAM_BACK_LEFT", "CAM_BACK", "CAM_BACK_RIGHT"], "token": "e5a40514326c451ba854049b6b3d0d12", "scene": "scene-0447"}, {"images": ["samples/CAM_FRONT_LEFT/n008-2018-09-18-12-07-26-0400__CAM_FRONT_LEFT__1537287123604799.jpg", "samples/CAM_FRONT/n008-2018-09-18-12-07-26-0400__CAM_FRONT__1537287123612404.jpg", "samples/CAM_FRONT_RIGHT/n008-2018-09-18-12-07-26-0400__CAM_FRONT_RIGHT__1537287123620482.jpg", "samples/CAM_BACK_LEFT/n008-2018-09-18-12-07-26-0400__CAM_BACK_LEFT__1537287123647405.jpg", "samples/CAM_BACK/n008-2018-09-18-12-07-26-0400__CAM_BACK__1537287123637558.jpg", "samples/CAM_BACK_RIGHT/n008-2018-09-18-12-07-26-0400__CAM_BACK_RIGHT__1537287123628113.jpg"], "intrinsics": [[[1257.8625342125129, 0.0, 827.2410631095686], [0.0, 1257.8625342125129, 450.915498205774], [0.0, 0.0, 1.0]], [[1252.8131021185304, 0.0, 826.588114781398], [0.0, 1252.8131021185304, 469.9846626224581], [0.0, 0.0, 1.0]], [[1256.7485116440405, 0.0, 817.7887570959712], [0.0, 1256.7485116440403, 451.9541780095127], [0.0, 0.0, 1.0]], [[1254.9860565800168, 0.0, 829.5769333630991], [0.0, 1254.9860565800168, 467.1680561863987], [0.0, 0.0, 1.0]], [[796.8910634503094, 0.0, 857.7774326863696], [0.0, 796.8910634503094, 476.8848988407415], [0.0, 0.0, 1.0]], [[1249.9629280788233, 0.0, 825.3768045375984], [0.0, 1249.9629280788233, 462.54816385708756], [0.0, 0.0, 1.0]]], "extrinsics": [[[0.8226431608200073, -0.5683704614639282, -0.014606460928916931, -0.7364501953125], [0.0010871157282963395, 0.02726273238658905, -0.9996277093887329, 1.4885330200195312], [0.56855708360672, 0.8223209977149963, 0.023045385256409645, -1.1529541015625], [0.0, 0.0, 0.0, 1.0]], [[0.01043853908777237, -0.9996767044067383, -0.023184601217508316, 0.01220703125], [0.003240803722292185, 0.02321956306695938, -0.9997251629829407, 1.4809494018554688], [0.9999402165412903, 0.010360614396631718, 0.0034821350127458572, -1.4645462036132812], [0.0, 0.0, 0.0, 1.0]], [[-0.8439476490020752, -0.5361394286155701, -0.017518319189548492, 0.91162109375], [0.011476314626634121, 0.01460419874638319, -0.9998274445533752, 1.4954833984375], [0.5363027453422546, -0.8440030813217163, -0.006172275170683861, -1.160400390625], [0.0, 0.0, 0.0, 1.0]], [[0.9478673934936523, 0.31865110993385315, -0.0029780762270092964, -1.1187744140625], [-0.013221929781138897, 0.029989415779709816, -0.9994627833366394, 1.561676025390625], [-0.3183906376361847, 0.9473975300788879, 0.03263917565345764, -0.1651611328125], [0.0, 0.0, 0.0, 1.0]], [[0.009207447990775108, 0.9997093081474304, 0.022283518686890602, -0.029541015625], [-0.011345394887030125, 0.022387471050024033, -0.9996849298477173, 1.5669479370117188], [-0.9998932480812073, 0.008951746858656406, 0.01154822763055563, -0.05076408386230469], [0.0, 0.0, 0.0, 1.0]], [[-0.9237856268882751, 0.3828513026237488, 0.0067105358466506, 1.0111083984375], [-0.007427188102155924, -0.00039383675903081894, -0.9999723434448242, 1.5466201305389404], [-0.3828379809856415, -0.923809826374054, 0.0032073291949927807, -0.10302734375], [0.0, 0.0, 0.0, 1.0]]], "view": [[0.0, -2.0, 100.0], [-2.0, 0.0, 100.0], [0.0, 0.0, 1.0]], "bev": "bev_6ba1b7b2e8334dab967daf91d240e1d1.png", "aux": "aux_6ba1b7b2e8334dab967daf91d240e1d1.npz", "visibility": "visibility_6ba1b7b2e8334dab967daf91d240e1d1.png", "pose": [[-0.5429463982582092, -0.839767336845398, 0.0, 1844.315185546875], [0.839767336845398, -0.5429463982582092, 0.0, 1136.1702880859375], [0.0, 0.0, 1.0, 0.0], [0.0, 0.0, 0.0, 1.0]], "pose_inverse": [[-0.5429463982582092, 0.839767336845398, 0.0, 47.24557876586914], [-0.839767336845398, -0.5429463982582092, 0.0, 2165.67529296875], [0.0, 0.0, 1.0, 0.0], [0.0, 0.0, 0.0, 1.0]], "cam_ids": [0, 1, 2, 3, 4, 5], "cam_channels": ["CAM_FRONT_LEFT", "CAM_FRONT", "CAM_FRONT_RIGHT", "CAM_BACK_LEFT", "CAM_BACK", "CAM_BACK_RIGHT"], "token": "6ba1b7b2e8334dab967daf91d240e1d1", "scene": "scene-0447"}, {"images": ["samples/CAM_FRONT_LEFT/n008-2018-09-18-12-07-26-0400__CAM_FRONT_LEFT__1537287124104799.jpg", "samples/CAM_FRONT/n008-2018-09-18-12-07-26-0400__CAM_FRONT__1537287124112404.jpg", "samples/CAM_FRONT_RIGHT/n008-2018-09-18-12-07-26-0400__CAM_FRONT_RIGHT__1537287124120482.jpg", "samples/CAM_BACK_LEFT/n008-2018-09-18-12-07-26-0400__CAM_BACK_LEFT__1537287124147405.jpg", "samples/CAM_BACK/n008-2018-09-18-12-07-26-0400__CAM_BACK__1537287124137558.jpg", "samples/CAM_BACK_RIGHT/n008-2018-09-18-12-07-26-0400__CAM_BACK_RIGHT__1537287124128113.jpg"], "intrinsics": [[[1257.8625342125129, 0.0, 827.2410631095686], [0.0, 1257.8625342125129, 450.915498205774], [0.0, 0.0, 1.0]], [[1252.8131021185304, 0.0, 826.588114781398], [0.0, 1252.8131021185304, 469.9846626224581], [0.0, 0.0, 1.0]], [[1256.7485116440405, 0.0, 817.7887570959712], [0.0, 1256.7485116440403, 451.9541780095127], [0.0, 0.0, 1.0]], [[1254.9860565800168, 0.0, 829.5769333630991], [0.0, 1254.9860565800168, 467.1680561863987], [0.0, 0.0, 1.0]], [[796.8910634503094, 0.0, 857.7774326863696], [0.0, 796.8910634503094, 476.8848988407415], [0.0, 0.0, 1.0]], [[1249.9629280788233, 0.0, 825.3768045375984], [0.0, 1249.9629280788233, 462.54816385708756], [0.0, 0.0, 1.0]]], "extrinsics": [[[0.8223870396614075, -0.5687718987464905, -0.013342728838324547, -0.7506103515625], [0.008313500322401524, 0.03546375408768654, -0.9993363618850708, 1.49072265625], [0.5688676834106445, 0.8217303156852722, 0.033893417567014694, -1.162109375], [0.0, 0.0, 0.0, 1.0]], [[0.010009322315454483, -0.9994577169418335, -0.03136978670954704, 0.010986328125], [0.010073266923427582, 0.03147054836153984, -0.9994539022445679, 1.4826507568359375], [0.9998990893363953, 0.009687905199825764, 0.010382803156971931, -1.4781723022460938], [0.0, 0.0, 0.0, 1.0]], [[-0.8440790176391602, -0.5355194807052612, -0.027375534176826477, 0.920654296875], [0.01788627728819847, 0.0229058675467968, -0.9995775818824768, 1.49664306640625], [0.5359203815460205, -0.8442121744155884, -0.009755914099514484, -1.1671142578125], [0.0, 0.0, 0.0, 1.0]], [[0.9479100108146667, 0.3185065686702728, 0.004487809259444475, -1.122802734375], [-0.008129749447107315, 0.03827439621090889, -0.999234139919281, 1.5618515014648438], [-0.31843438744544983, 0.9471475481987, 0.038870058953762054, -0.163330078125], [0.0, 0.0, 0.0, 1.0]], [[0.00934517104178667, 0.9994859099388123, 0.0306693185120821, -0.029052734375], [-0.005777051206678152, 0.030724110081791878, -0.999511182308197, 1.5675201416015625], [-0.9999396204948425, 0.009163331240415573, 0.00606120191514492, -0.0440826416015625], [0.0, 0.0, 0.0, 1.0]], [[-0.9236605167388916, 0.3831877112388611, 0.004289442673325539, 1.01995849609375], [-0.0013470534468069673, 0.007946712896227837, -0.9999675154685974, 1.5475921630859375], [-0.3832092881202698, -0.923636257648468, -0.006823892705142498, -0.1002197265625], [0.0, 0.0, 0.0, 1.0]]], "view": [[0.0, -2.0, 100.0], [-2.0, 0.0, 100.0], [0.0, 0.0, 1.0]], "bev": "bev_dd2b490480a14abfa0598447c660f040.png", "aux": "aux_dd2b490480a14abfa0598447c660f040.npz", "visibility": "visibility_dd2b490480a14abfa0598447c660f040.png", "pose": [[-0.5432316064834595, -0.8395828604698181, 0.0, 1842.5123291015625], [0.8395828604698181, -0.5432316064834595, 0.0, 1139.040283203125], [0.0, 0.0, 1.0, 0.0], [0.0, 0.0, 0.0, 1.0]], "pose_inverse": [[-0.5432316064834595, 0.8395828604698181, 0.0, 44.59226989746094], [-0.8395828604698181, -0.5432316064834595, 0.0, 2165.70458984375], [0.0, 0.0, 1.0, 0.0], [0.0, 0.0, 0.0, 1.0]], "cam_ids": [0, 1, 2, 3, 4, 5], "cam_channels": ["CAM_FRONT_LEFT", "CAM_FRONT", "CAM_FRONT_RIGHT", "CAM_BACK_LEFT", "CAM_BACK", "CAM_BACK_RIGHT"], "token": "dd2b490480a14abfa0598447c660f040", "scene": "scene-0447"}, {"images": ["samples/CAM_FRONT_LEFT/n008-2018-09-18-12-07-26-0400__CAM_FRONT_LEFT__1537287124604799.jpg", "samples/CAM_FRONT/n008-2018-09-18-12-07-26-0400__CAM_FRONT__1537287124612404.jpg", "samples/CAM_FRONT_RIGHT/n008-2018-09-18-12-07-26-0400__CAM_FRONT_RIGHT__1537287124620482.jpg", "samples/CAM_BACK_LEFT/n008-2018-09-18-12-07-26-0400__CAM_BACK_LEFT__1537287124647405.jpg", "samples/CAM_BACK/n008-2018-09-18-12-07-26-0400__CAM_BACK__1537287124637558.jpg", "samples/CAM_BACK_RIGHT/n008-2018-09-18-12-07-26-0400__CAM_BACK_RIGHT__1537287124628113.jpg"], "intrinsics": [[[1257.8625342125129, 0.0, 827.2410631095686], [0.0, 1257.8625342125129, 450.915498205774], [0.0, 0.0, 1.0]], [[1252.8131021185304, 0.0, 826.588114781398], [0.0, 1252.8131021185304, 469.9846626224581], [0.0, 0.0, 1.0]], [[1256.7485116440405, 0.0, 817.7887570959712], [0.0, 1256.7485116440403, 451.9541780095127], [0.0, 0.0, 1.0]], [[1254.9860565800168, 0.0, 829.5769333630991], [0.0, 1254.9860565800168, 467.1680561863987], [0.0, 0.0, 1.0]], [[796.8910634503094, 0.0, 857.7774326863696], [0.0, 796.8910634503094, 476.8848988407415], [0.0, 0.0, 1.0]], [[1249.9629280788233, 0.0, 825.3768045375984], [0.0, 1249.9629280788233, 462.54816385708756], [0.0, 0.0, 1.0]]], "extrinsics": [[[0.8226279020309448, -0.5683712363243103, -0.015406924299895763, -0.7557373046875], [0.006711582187563181, 0.036802127957344055, -0.9993000030517578, 1.49017333984375], [0.5685404539108276, 0.8219487071037292, 0.03408912941813469, -1.1658935546875], [0.0, 0.0, 0.0, 1.0]], [[0.010359048843383789, -0.9994100332260132, -0.03274264186620712, 0.01123046875], [0.00867545511573553, 0.03283299133181572, -0.9994232058525085, 1.4822311401367188], [0.9999086260795593, 0.010069044306874275, 0.009010456502437592, -1.484527587890625], [0.0, 0.0, 0.0, 1.0]], [[-0.8439463973045349, -0.5357411503791809, -0.027127066627144814, 0.9254150390625], [0.01670639030635357, 0.02429526299238205, -0.9995652437210083, 1.496307373046875], [0.536167323589325, -0.8440326452255249, -0.011553599499166012, -1.169921875], [0.0, 0.0, 0.0, 1.0]], [[0.9478916525840759, 0.31856682896614075, 0.004070630297064781, -1.12432861328125], [-0.009127798490226269, 0.03992687165737152, -0.999160885810852, 1.5618133544921875], [-0.3184621334075928, 0.947059154510498, 0.04075416177511215, -0.16357421875], [0.0, 0.0, 0.0, 1.0]], [[0.009239188395440578, 0.9994398355484009, 0.032164834439754486, -0.029052734375], [-0.006915324833244085, 0.03222929686307907, -0.999456524848938, 1.56744384765625], [-0.9999333620071411, 0.009011729620397091, 0.007209225557744503, -0.04075431823730469], [0.0, 0.0, 0.0, 1.0]], [[-0.9237411618232727, 0.3829723596572876, 0.005859651602804661, 1.02410888671875], [-0.002464364282786846, 0.009355614893138409, -0.9999532103538513, 1.547433853149414], [-0.38300925493240356, -0.923712432384491, -0.007698382250964642, -0.09814453125], [0.0, 0.0, 0.0, 1.0]]], "view": [[0.0, -2.0, 100.0], [-2.0, 0.0, 100.0], [0.0, 0.0, 1.0]], "bev": "bev_9411c45f1d5747a581337b019cf16db1.png", "aux": "aux_9411c45f1d5747a581337b019cf16db1.npz", "visibility": "visibility_9411c45f1d5747a581337b019cf16db1.png", "pose": [[-0.5431156754493713, -0.8396578431129456, 0.0, 1840.75537109375], [0.8396578431129456, -0.5431156754493713, 0.0, 1141.8355712890625], [0.0, 0.0, 1.0, 0.0], [0.0, 0.0, 0.0, 1.0]], "pose_inverse": [[-0.5431156754493713, 0.8396578431129456, 0.0, 40.991905212402344], [-0.8396578431129456, -0.5431156754493713, 0.0, 2165.753662109375], [0.0, 0.0, 1.0, 0.0], [0.0, 0.0, 0.0, 1.0]], "cam_ids": [0, 1, 2, 3, 4, 5], "cam_channels": ["CAM_FRONT_LEFT", "CAM_FRONT", "CAM_FRONT_RIGHT", "CAM_BACK_LEFT", "CAM_BACK", "CAM_BACK_RIGHT"], "token": "9411c45f1d5747a581337b019cf16db1", "scene": "scene-0447"}, {"images": ["samples/CAM_FRONT_LEFT/n008-2018-09-18-12-07-26-0400__CAM_FRONT_LEFT__1537287125104799.jpg", "samples/CAM_FRONT/n008-2018-09-18-12-07-26-0400__CAM_FRONT__1537287125112404.jpg", "samples/CAM_FRONT_RIGHT/n008-2018-09-18-12-07-26-0400__CAM_FRONT_RIGHT__1537287125120482.jpg", "samples/CAM_BACK_LEFT/n008-2018-09-18-12-07-26-0400__CAM_BACK_LEFT__1537287125147405.jpg", "samples/CAM_BACK/n008-2018-09-18-12-07-26-0400__CAM_BACK__1537287125137558.jpg", "samples/CAM_BACK_RIGHT/n008-2018-09-18-12-07-26-0400__CAM_BACK_RIGHT__1537287125128113.jpg"], "intrinsics": [[[1257.8625342125129, 0.0, 827.2410631095686], [0.0, 1257.8625342125129, 450.915498205774], [0.0, 0.0, 1.0]], [[1252.8131021185304, 0.0, 826.588114781398], [0.0, 1252.8131021185304, 469.9846626224581], [0.0, 0.0, 1.0]], [[1256.7485116440405, 0.0, 817.7887570959712], [0.0, 1256.7485116440403, 451.9541780095127], [0.0, 0.0, 1.0]], [[1254.9860565800168, 0.0, 829.5769333630991], [0.0, 1254.9860565800168, 467.1680561863987], [0.0, 0.0, 1.0]], [[796.8910634503094, 0.0, 857.7774326863696], [0.0, 796.8910634503094, 476.8848988407415], [0.0, 0.0, 1.0]], [[1249.9629280788233, 0.0, 825.3768045375984], [0.0, 1249.9629280788233, 462.54816385708756], [0.0, 0.0, 1.0]]], "extrinsics": [[[0.8224200010299683, -0.5684659481048584, -0.02171919494867325, -0.7647705078125], [0.002368318848311901, 0.041599828749895096, -0.9991315007209778, 1.4888229370117188], [0.5688758492469788, 0.8216543793678284, 0.03555883839726448, -1.1717529296875], [0.0, 0.0, 0.0, 1.0]], [[0.01011559646576643, -0.9992452263832092, -0.03750385716557503, 0.01123046875], [0.004496506415307522, 0.03755085542798042, -0.999284565448761, 1.4811248779296875], [0.9999387860298157, 0.00993980560451746, 0.004872962832450867, -1.4928359985351562], [0.0, 0.0, 0.0, 1.0]], [[-0.8440940380096436, -0.5355532765388489, -0.02623089961707592, 0.9300537109375], [0.0127064548432827, 0.028927765786647797, -0.9995007514953613, 1.4954338073730469], [0.5360446572303772, -0.8440058827400208, -0.017612772062420845, -1.1724853515625], [0.0, 0.0, 0.0, 1.0]], [[0.9479294419288635, 0.3184692859649658, 0.0026372175198048353, -1.1201171875], [-0.012048687785863876, 0.04413537681102753, -0.9989529252052307, 1.5617218017578125], [-0.3182523250579834, 0.9469050765037537, 0.045674365013837814, -0.1644287109375], [0.0, 0.0, 0.0, 1.0]], [[0.009414874017238617, 0.9992882609367371, 0.03652859106659889, -0.029296875], [-0.010097880847752094, 0.036623358726501465, -0.9992780685424805, 1.5671463012695312], [-0.9999046921730042, 0.009039191529154778, 0.010435499250888824, -0.04178810119628906], [0.0, 0.0, 0.0, 1.0]], [[-0.9236865043640137, 0.3829919397830963, 0.010971005074679852, 1.02630615234375], [-0.00610369024798274, 0.013921546749770641, -0.9998844265937805, 1.5469017028808594], [-0.3831004202365875, -0.9236468076705933, -0.010521482676267624, -0.096923828125], [0.0, 0.0, 0.0, 1.0]]], "view": [[0.0, -2.0, 100.0], [-2.0, 0.0, 100.0], [0.0, 0.0, 1.0]], "bev": "bev_5b9a03dc400445f28cc440df4a8805d3.png", "aux": "aux_5b9a03dc400445f28cc440df4a8805d3.npz", "visibility": "visibility_5b9a03dc400445f28cc440df4a8805d3.png", "pose": [[-0.5433474183082581, -0.8395079374313354, 0.0, 1839.0296630859375], [0.8395079374313354, -0.5433474183082581, 0.0, 1144.5592041015625], [0.0, 0.0, 1.0, 0.0], [0.0, 0.0, 0.0, 1.0]], "pose_inverse": [[-0.5433474183082581, 0.8395079374313354, 0.0, 38.36542510986328], [-0.8395079374313354, -0.5433474183082581, 0.0, 2165.773193359375], [0.0, 0.0, 1.0, 0.0], [0.0, 0.0, 0.0, 1.0]], "cam_ids": [0, 1, 2, 3, 4, 5], "cam_channels": ["CAM_FRONT_LEFT", "CAM_FRONT", "CAM_FRONT_RIGHT", "CAM_BACK_LEFT", "CAM_BACK", "CAM_BACK_RIGHT"], "token": "5b9a03dc400445f28cc440df4a8805d3", "scene": "scene-0447"}, {"images": ["samples/CAM_FRONT_LEFT/n008-2018-09-18-12-07-26-0400__CAM_FRONT_LEFT__1537287125604799.jpg", "samples/CAM_FRONT/n008-2018-09-18-12-07-26-0400__CAM_FRONT__1537287125612404.jpg", "samples/CAM_FRONT_RIGHT/n008-2018-09-18-12-07-26-0400__CAM_FRONT_RIGHT__1537287125620482.jpg", "samples/CAM_BACK_LEFT/n008-2018-09-18-12-07-26-0400__CAM_BACK_LEFT__1537287125647405.jpg", "samples/CAM_BACK/n008-2018-09-18-12-07-26-0400__CAM_BACK__1537287125637558.jpg", "samples/CAM_BACK_RIGHT/n008-2018-09-18-12-07-26-0400__CAM_BACK_RIGHT__1537287125628113.jpg"], "intrinsics": [[[1257.8625342125129, 0.0, 827.2410631095686], [0.0, 1257.8625342125129, 450.915498205774], [0.0, 0.0, 1.0]], [[1252.8131021185304, 0.0, 826.588114781398], [0.0, 1252.8131021185304, 469.9846626224581], [0.0, 0.0, 1.0]], [[1256.7485116440405, 0.0, 817.7887570959712], [0.0, 1256.7485116440403, 451.9541780095127], [0.0, 0.0, 1.0]], [[1254.9860565800168, 0.0, 829.5769333630991], [0.0, 1254.9860565800168, 467.1680561863987], [0.0, 0.0, 1.0]], [[796.8910634503094, 0.0, 857.7774326863696], [0.0, 796.8910634503094, 476.8848988407415], [0.0, 0.0, 1.0]], [[1249.9629280788233, 0.0, 825.3768045375984], [0.0, 1249.9629280788233, 462.54816385708756], [0.0, 0.0, 1.0]]], "extrinsics": [[[0.821282148361206, -0.569884181022644, -0.026977503672242165, -0.788330078125], [-0.0013340003788471222, 0.04536731168627739, -0.9989694952964783, 1.4877395629882812], [0.57052081823349, 0.8204717636108398, 0.036499131470918655, -1.1881103515625], [0.0, 0.0, 0.0, 1.0]], [[0.00828118808567524, -0.9991111755371094, -0.04133134335279465, 0.010986328125], [0.0005121548310853541, 0.041336994618177414, -0.9991451501846313, 1.4801177978515625], [0.9999656081199646, 0.008252887986600399, 0.0008540173876099288, -1.5158920288085938], [0.0, 0.0, 0.0, 1.0]], [[-0.8449361324310303, -0.5343008041381836, -0.024608680978417397, 0.9459228515625], [0.00841295626014471, 0.03272729367017746, -0.9994288682937622, 1.4944305419921875], [0.5348010659217834, -0.8446606397628784, -0.023157425224781036, -1.1822509765625], [0.0, 0.0, 0.0, 1.0]], [[0.9479941129684448, 0.3182870149612427, -0.0008074327488429844, -1.12335205078125], [-0.017068972811102867, 0.04830519109964371, -0.9986867308616638, 1.5616531372070312], [-0.317829966545105, 0.9467628598213196, 0.051225870847702026, -0.1632080078125], [0.0, 0.0, 0.0, 1.0]], [[0.010260245762765408, 0.9991273880004883, 0.0404854416847229, -0.029296875], [-0.014875894412398338, 0.0406356044113636, -0.99906325340271, 1.5668563842773438], [-0.999836802482605, 0.009648333303630352, 0.015279845334589481, -0