[{"images": ["samples/CAM_FRONT_LEFT/n008-2018-08-06-15-06-32-0400__CAM_FRONT_LEFT__1533583194154799.jpg", "samples/CAM_FRONT/n008-2018-08-06-15-06-32-0400__CAM_FRONT__1533583194162404.jpg", "samples/CAM_FRONT_RIGHT/n008-2018-08-06-15-06-32-0400__CAM_FRONT_RIGHT__1533583194170482.jpg", "samples/CAM_BACK_LEFT/n008-2018-08-06-15-06-32-0400__CAM_BACK_LEFT__1533583194197405.jpg", "samples/CAM_BACK/n008-2018-08-06-15-06-32-0400__CAM_BACK__1533583194187558.jpg", "samples/CAM_BACK_RIGHT/n008-2018-08-06-15-06-32-0400__CAM_BACK_RIGHT__1533583194178113.jpg"], "intrinsics": [[[1257.8625342125129, 0.0, 827.2410631095686], [0.0, 1257.8625342125129, 450.915498205774], [0.0, 0.0, 1.0]], [[1252.8131021185304, 0.0, 826.588114781398], [0.0, 1252.8131021185304, 469.9846626224581], [0.0, 0.0, 1.0]], [[1256.7485116440405, 0.0, 817.7887570959712], [0.0, 1256.7485116440403, 451.9541780095127], [0.0, 0.0, 1.0]], [[1254.9860565800168, 0.0, 829.5769333630991], [0.0, 1254.9860565800168, 467.1680561863987], [0.0, 0.0, 1.0]], [[796.8910634503094, 0.0, 857.7774326863696], [0.0, 796.8910634503094, 476.8848988407415], [0.0, 0.0, 1.0]], [[1249.9629280788233, 0.0, 825.3768045375984], [0.0, 1249.9629280788233, 462.54816385708756], [0.0, 0.0, 1.0]]], "extrinsics": [[[0.8223339915275574, -0.5685705542564392, -0.022236958146095276, -0.62750244140625], [-0.004599784500896931, 0.0324365459382534, -0.9994632005691528, 1.4861602783203125], [0.5689865946769714, 0.8219948410987854, 0.024058368057012558, -1.0732421875], [0.0, 0.0, 0.0, 1.0]], [[0.009943827986717224, -0.9995507597923279, -0.02827220968902111, 0.0098876953125], [-0.002716423012316227, 0.028246501460671425, -0.9995973110198975, 1.4791183471679688], [0.9999468922615051, 0.010016657412052155, -0.0024343235418200493, -1.358551025390625], [0.0, 0.0, 0.0, 1.0]], [[-0.8441857099533081, -0.5358440279960632, -0.014887312427163124, 0.84716796875], [0.00526519725099206, 0.019482305273413658, -0.9997963309288025, 1.4945831298828125], [0.5360248684883118, -0.8440922498703003, -0.013625361025333405, -1.122314453125], [0.0, 0.0, 0.0, 1.0]], [[0.9478150010108948, 0.3187175393104553, -0.008116145618259907, -1.14569091796875], [-0.02011525072157383, 0.034374725073575974, -0.99920654296875, 1.56207275390625], [-0.3181857466697693, 0.9472261667251587, 0.03899196535348892, -0.1556396484375], [0.0, 0.0, 0.0, 1.0]], [[0.009440558962523937, 0.9995965957641602, 0.026786530390381813, -0.0281982421875], [-0.018017245456576347, 0.02695341594517231, -0.999474287033081, 1.5661735534667969], [-0.9997931718826294, 0.008952954784035683, 0.01826443336904049, -0.059967041015625], [0.0, 0.0, 0.0, 1.0]], [[-0.9236514568328857, 0.38296130299568176, 0.01444284338504076, 0.970001220703125], [-0.013835515826940536, 0.004340207204222679, -0.9998948574066162, 1.5449590682983398], [-0.3829837441444397, -0.9237542152404785, 0.001289628678932786, -0.1220703125], [0.0, 0.0, 0.0, 1.0]]], "view": [[0.0, -2.0, 100.0], [-2.0, 0.0, 100.0], [0.0, 0.0, 1.0]], "bev": "bev_aed3c95e5f1749afbc1f9794bdc1f483.png", "aux": "aux_aed3c95e5f1749afbc1f9794bdc1f483.npz", "visibility": "visibility_aed3c95e5f1749afbc1f9794bdc1f483.png", "pose": [[0.8886338472366333, 0.4586174190044403, 0.0, 1209.8702392578125], [-0.4586174190044403, 0.8886338472366333, 0.0, 1369.0987548828125], [0.0, 0.0, 1.0, 0.0], [0.0, 0.0, 0.0, 1.0]], "pose_inverse": [[0.8886338472366333, -0.4586174190044403, 0.0, -447.23907470703125], [0.4586174190044403, 0.8886338472366333, 0.0, -1771.4949951171875], [0.0, 0.0, 1.0, 0.0], [0.0, 0.0, 0.0, 1.0]], "cam_ids": [0, 1, 2, 3, 4, 5], "cam_channels": ["CAM_FRONT_LEFT", "CAM_FRONT", "CAM_FRONT_RIGHT", "CAM_BACK_LEFT", "CAM_BACK", "CAM_BACK_RIGHT"], "token": "aed3c95e5f1749afbc1f9794bdc1f483", "scene": "scene-0261"}, {"images": ["samples/CAM_FRONT_LEFT/n008-2018-08-06-15-06-32-0400__CAM_FRONT_LEFT__1533583194654799.jpg", "samples/CAM_FRONT/n008-2018-08-06-15-06-32-0400__CAM_FRONT__1533583194662404.jpg", "samples/CAM_FRONT_RIGHT/n008-2018-08-06-15-06-32-0400__CAM_FRONT_RIGHT__1533583194670482.jpg", "samples/CAM_BACK_LEFT/n008-2018-08-06-15-06-32-0400__CAM_BACK_LEFT__1533583194697405.jpg", "samples/CAM_BACK/n008-2018-08-06-15-06-32-0400__CAM_BACK__1533583194687558.jpg", "samples/CAM_BACK_RIGHT/n008-2018-08-06-15-06-32-0400__CAM_BACK_RIGHT__1533583194678113.jpg"], "intrinsics": [[[1257.8625342125129, 0.0, 827.2410631095686], [0.0, 1257.8625342125129, 450.915498205774], [0.0, 0.0, 1.0]], [[1252.8131021185304, 0.0, 826.588114781398], [0.0, 1252.8131021185304, 469.9846626224581], [0.0, 0.0, 1.0]], [[1256.7485116440405, 0.0, 817.7887570959712], [0.0, 1256.7485116440403, 451.9541780095127], [0.0, 0.0, 1.0]], [[1254.9860565800168, 0.0, 829.5769333630991], [0.0, 1254.9860565800168, 467.1680561863987], [0.0, 0.0, 1.0]], [[796.8910634503094, 0.0, 857.7774326863696], [0.0, 796.8910634503094, 476.8848988407415], [0.0, 0.0, 1.0]], [[1249.9629280788233, 0.0, 825.3768045375984], [0.0, 1249.9629280788233, 462.54816385708756], [0.0, 0.0, 1.0]]], "extrinsics": [[[0.8226497769355774, -0.5681008696556091, -0.022555546835064888, -0.630859375], [-0.003217661287635565, 0.035019464790821075, -0.999381422996521, 1.4866828918457031], [0.5685394406318665, 0.8222135305404663, 0.026980796828866005, -1.0802001953125], [0.0, 0.0, 0.0, 1.0]], [[0.010391411371529102, -0.9994665384292603, -0.030960043892264366, 0.012939453125], [-0.001264115097001195, 0.030948560684919357, -0.9995201826095581, 1.479583740234375], [0.9999452829360962, 0.010425605811178684, -0.0009418393019586802, -1.36376953125], [0.0, 0.0, 0.0, 1.0]], [[-0.8440015912055969, -0.5360476970672607, -0.01772500015795231, 0.851318359375], [0.006816911045461893, 0.02232391946017742, -0.9997275471687317, 1.4949531555175781], [0.5362973809242249, -0.8438923954963684, -0.015187234617769718, -1.1221923828125], [0.0, 0.0, 0.0, 1.0]], [[0.9478599429130554, 0.31864166259765625, -0.00537865050137043, -1.14398193359375], [-0.01835579052567482, 0.037737712264060974, -0.9991190433502197, 1.5620384216308594], [-0.31815803050994873, 0.9471237659454346, 0.041618987917900085, -0.1561279296875], [0.0, 0.0, 0.0, 1.0]], [[0.00934131070971489, 0.9995076656341553, 0.029954463243484497, -0.0289306640625], [-0.016303805634379387, 0.030104026198387146, -0.999413788318634, 1.5663337707519531], [-0.9998234510421753, 0.008847478777170181, 0.016576988622546196, -0.059906005859375], [0.0, 0.0, 0.0, 1.0]], [[-0.9237491488456726, 0.38273972272872925, 0.014063246548175812, 0.971282958984375], [-0.012192192487418652, 0.007313841488212347, -0.9998989105224609, 1.545309066772461], [-0.38280385732650757, -0.9238273501396179, -0.0020897197537124157, -0.1201171875], [0.0, 0.0, 0.0, 1.0]]], "view": [[0.0, -2.0, 100.0], [-2.0, 0.0, 100.0], [0.0, 0.0, 1.0]], "bev": "bev_90972eb488274e0ca0fffa3f2fc9dd49.png", "aux": "aux_90972eb488274e0ca0fffa3f2fc9dd49.npz", "visibility": "visibility_90972eb488274e0ca0fffa3f2fc9dd49.png", "pose": [[0.8872959613800049, 0.46120044589042664, 0.0, 1214.51025390625], [-0.46120044589042664, 0.8872959613800049, 0.0, 1366.6387939453125], [0.0, 0.0, 1.0, 0.0], [0.0, 0.0, 0.0, 1.0]], "pose_inverse": [[0.8872959613800049, -0.46120044589042664, 0.0, -447.33563232421875], [0.46120044589042664, 0.8872959613800049, 0.0, -1772.7457275390625], [0.0, 0.0, 1.0, 0.0], [0.0, 0.0, 0.0, 1.0]], "cam_ids": [0, 1, 2, 3, 4, 5], "cam_channels": ["CAM_FRONT_LEFT", "CAM_FRONT", "CAM_FRONT_RIGHT", "CAM_BACK_LEFT", "CAM_BACK", "CAM_BACK_RIGHT"], "token": "90972eb488274e0ca0fffa3f2fc9dd49", "scene": "scene-0261"}, {"images": ["samples/CAM_FRONT_LEFT/n008-2018-08-06-15-06-32-0400__CAM_FRONT_LEFT__1533583195154799.jpg", "samples/CAM_FRONT/n008-2018-08-06-15-06-32-0400__CAM_FRONT__1533583195162409.jpg", "samples/CAM_FRONT_RIGHT/n008-2018-08-06-15-06-32-0400__CAM_FRONT_RIGHT__1533583195170482.jpg", "samples/CAM_BACK_LEFT/n008-2018-08-06-15-06-32-0400__CAM_BACK_LEFT__1533583195197405.jpg", "samples/CAM_BACK/n008-2018-08-06-15-06-32-0400__CAM_BACK__1533583195187558.jpg", "samples/CAM_BACK_RIGHT/n008-2018-08-06-15-06-32-0400__CAM_BACK_RIGHT__1533583195178113.jpg"], "intrinsics": [[[1257.8625342125129, 0.0, 827.2410631095686], [0.0, 1257.8625342125129, 450.915498205774], [0.0, 0.0, 1.0]], [[1252.8131021185304, 0.0, 826.588114781398], [0.0, 1252.8131021185304, 469.9846626224581], [0.0, 0.0, 1.0]], [[1256.7485116440405, 0.0, 817.7887570959712], [0.0, 1256.7485116440403, 451.9541780095127], [0.0, 0.0, 1.0]], [[1254.9860565800168, 0.0, 829.5769333630991], [0.0, 1254.9860565800168, 467.1680561863987], [0.0, 0.0, 1.0]], [[796.8910634503094, 0.0, 857.7774326863696], [0.0, 796.8910634503094, 476.8848988407415], [0.0, 0.0, 1.0]], [[1249.9629280788233, 0.0, 825.3768045375984], [0.0, 1249.9629280788233, 462.54816385708756], [0.0, 0.0, 1.0]]], "extrinsics": [[[0.8227183818817139, -0.5678935647010803, -0.025128569453954697, -0.63043212890625], [-0.003029309678822756, 0.03982480615377426, -0.9992020726203918, 1.4867706298828125], [0.5684412121772766, 0.8221380114555359, 0.03104427270591259, -1.0792236328125], [0.0, 0.0, 0.0, 1.0]], [[0.010471233166754246, -0.9993058443069458, -0.035750966519117355, 0.0123291015625], [-0.0010713760275393724, 0.03574169799685478, -0.9993605017662048, 1.4796600341796875], [0.9999445080757141, 0.01050284132361412, -0.000696372298989445, -1.363006591796875], [0.0, 0.0, 0.0, 1.0]], [[-0.843975305557251, -0.53599613904953, -0.020344777032732964, 0.850341796875], [0.006920308340340853, 0.027045488357543945, -0.9996102452278137, 1.4949913024902344], [0.5363374352455139, -0.8437870740890503, -0.019116465002298355, -1.1220703125], [0.0, 0.0, 0.0, 1.0]], [[0.9479854702949524, 0.3182876408100128, -0.004068437032401562, -1.14227294921875], [-0.018420498818159103, 0.04209471866488457, -0.9989438056945801, 1.5620346069335938], [-0.31778019666671753, 0.947059154510498, 0.04576820135116577, -0.1561279296875], [0.0, 0.0, 0.0, 1.0]], [[0.009502995759248734, 0.9993603229522705, 0.034475602209568024, -0.0284423828125], [-0.016296252608299255, 0.03462735936045647, -0.9992673993110657, 1.5663223266601562], [-0.9998220801353455, 0.00893422868102789, 0.016614891588687897, -0.06097412109375], [0.0, 0.0, 0.0, 1.0]], [[-0.9237575531005859, 0.38265281915664673, 0.015773141756653786, 0.970489501953125], [-0.01211868692189455, 0.011958958581089973, -0.9998550415039062, 1.545309066772461], [-0.3827858865261078, -0.9238148331642151, -0.006409929133951664, -0.1207275390625], [0.0, 0.0, 0.0, 1.0]]], "view": [[0.0, -2.0, 100.0], [-2.0, 0.0, 100.0], [0.0, 0.0, 1.0]], "bev": "bev_e55527c8b11545c3897be8e7779e09ea.png", "aux": "aux_e55527c8b11545c3897be8e7779e09ea.npz", "visibility": "visibility_e55527c8b11545c3897be8e7779e09ea.png", "pose": [[0.8823966979980469, 0.4705061912536621, 0.0, 1219.1434326171875], [-0.4705061912536621, 0.8823966979980469, 0.0, 1364.13916015625], [0.0, 0.0, 1.0, 0.0], [0.0, 0.0, 0.0, 1.0]], "pose_inverse": [[0.8823966979980469, -0.4705061912536621, 0.0, -433.9322204589844], [0.4705061912536621, 0.8823966979980469, 0.0, -1777.326416015625], [0.0, 0.0, 1.0, 0.0], [0.0, 0.0, 0.0, 1.0]], "cam_ids": [0, 1, 2, 3, 4, 5], "cam_channels": ["CAM_FRONT_LEFT", "CAM_FRONT", "CAM_FRONT_RIGHT", "CAM_BACK_LEFT", "CAM_BACK", "CAM_BACK_RIGHT"], "token": "e55527c8b11545c3897be8e7779e09ea", "scene": "scene-0261"}, {"images": ["samples/CAM_FRONT_LEFT/n008-2018-08-06-15-06-32-0400__CAM_FRONT_LEFT__1533583195604799.jpg", "samples/CAM_FRONT/n008-2018-08-06-15-06-32-0400__CAM_FRONT__1533583195612404.jpg", "samples/CAM_FRONT_RIGHT/n008-2018-08-06-15-06-32-0400__CAM_FRONT_RIGHT__1533583195620482.jpg", "samples/CAM_BACK_LEFT/n008-2018-08-06-15-06-32-0400__CAM_BACK_LEFT__1533583195647405.jpg", "samples/CAM_BACK/n008-2018-08-06-15-06-32-0400__CAM_BACK__1533583195637558.jpg", "samples/CAM_BACK_RIGHT/n008-2018-08-06-15-06-32-0400__CAM_BACK_RIGHT__1533583195628113.jpg"], "intrinsics": [[[1257.8625342125129, 0.0, 827.2410631095686], [0.0, 1257.8625342125129, 450.915498205774], [0.0, 0.0, 1.0]], [[1252.8131021185304, 0.0, 826.588114781398], [0.0, 1252.8131021185304, 469.9846626224581], [0.0, 0.0, 1.0]], [[1256.7485116440405, 0.0, 817.7887570959712], [0.0, 1256.7485116440403, 451.9541780095127], [0.0, 0.0, 1.0]], [[1254.9860565800168, 0.0, 829.5769333630991], [0.0, 1254.9860565800168, 467.1680561863987], [0.0, 0.0, 1.0]], [[796.8910634503094, 0.0, 857.7774326863696], [0.0, 796.8910634503094, 476.8848988407415], [0.0, 0.0, 1.0]], [[1249.9629280788233, 0.0, 825.3768045375984], [0.0, 1249.9629280788233, 462.54816385708756], [0.0, 0.0, 1.0]]], "extrinsics": [[[0.8224246501922607, -0.5682591199874878, -0.02644447050988674, -0.634033203125], [-0.0032472785096615553, 0.041795335710048676, -0.9991208910942078, 1.4867935180664062], [0.5688648223876953, 0.8217875361442566, 0.032528217881917953, -1.0782470703125], [0.0, 0.0, 0.0, 1.0]], [[0.010031755082309246, -0.9992338418960571, -0.0378304198384285, 0.0098876953125], [-0.0012261830270290375, 0.0378200002014637, -0.9992838501930237, 1.4796676635742188], [0.9999488592147827, 0.010070950724184513, -0.0008458436350338161, -1.36566162109375], [0.0, 0.0, 0.0, 1.0]], [[-0.8441701531410217, -0.5356444716453552, -0.021486926823854446, 0.852294921875], [0.0068654865026474, 0.029276076704263687, -0.9995477795600891, 1.4949913024902344], [0.5360312461853027, -0.8439359664916992, -0.021036535501480103, -1.125244140625], [0.0, 0.0, 0.0, 1.0]], [[0.9479303359985352, 0.3184630274772644, -0.0030510558281093836, -1.146240234375], [-0.018211815506219864, 0.04463948309421539, -0.9988371729850769, 1.5621261596679688], [-0.31795650720596313, 0.9468836188316345, 0.04811491444706917, -0.1544189453125], [0.0, 0.0, 0.0, 1.0]], [[0.009486744180321693, 0.999272346496582, 0.03694338724017143, -0.028076171875], [-0.01624065823853016, 0.037094149738550186, -0.9991797208786011, 1.5664176940917969], [-0.9998230934143066, 0.00887898076325655, 0.016580743715167046, -0.056488037109375], [0.0, 0.0, 0.0, 1.0]], [[-0.9236541986465454, 0.38286399841308594, 0.01667562872171402, 0.974365234375], [-0.012111062183976173, 0.01432953029870987, -0.9998239874839783, 1.5453662872314453], [-0.3830355107784271, -0.9236935973167419, -0.00859864242374897, -0.1207275390625], [0.0, 0.0, 0.0, 1.0]]], "view": [[0.0, -2.0, 100.0], [-2.0, 0.0, 100.0], [0.0, 0.0, 1.0]], "bev": "bev_b4849b201f024ca5bf68ab298b379ce7.png", "aux": "aux_b4849b201f024ca5bf68ab298b379ce7.npz", "visibility": "visibility_b4849b201f024ca5bf68ab298b379ce7.png", "pose": [[0.8786939382553101, 0.4773855209350586, 0.0, 1223.31640625], [-0.4773855209350586, 0.8786939382553101, 0.0, 1361.863525390625], [0.0, 0.0, 1.0, 0.0], [0.0, 0.0, 0.0, 1.0]], "pose_inverse": [[0.8786939382553101, -0.4773855209350586, 0.0, -424.7867736816406], [0.4773855209350586, 0.8786939382553101, 0.0, -1780.65478515625], [0.0, 0.0, 1.0, 0.0], [0.0, 0.0, 0.0, 1.0]], "cam_ids": [0, 1, 2, 3, 4, 5], "cam_channels": ["CAM_FRONT_LEFT", "CAM_FRONT", "CAM_FRONT_RIGHT", "CAM_BACK_LEFT", "CAM_BACK", "CAM_BACK_RIGHT"], "token": "b4849b201f024ca5bf68ab298b379ce7", "scene": "scene-0261"}, {"images": ["samples/CAM_FRONT_LEFT/n008-2018-08-06-15-06-32-0400__CAM_FRONT_LEFT__1533583196104799.jpg", "samples/CAM_FRONT/n008-2018-08-06-15-06-32-0400__CAM_FRONT__1533583196112404.jpg", "samples/CAM_FRONT_RIGHT/n008-2018-08-06-15-06-32-0400__CAM_FRONT_RIGHT__1533583196120482.jpg", "samples/CAM_BACK_LEFT/n008-2018-08-06-15-06-32-0400__CAM_BACK_LEFT__1533583196147405.jpg", "samples/CAM_BACK/n008-2018-08-06-15-06-32-0400__CAM_BACK__1533583196137558.jpg", "samples/CAM_BACK_RIGHT/n008-2018-08-06-15-06-32-0400__CAM_BACK_RIGHT__1533583196128113.jpg"], "intrinsics": [[[1257.8625342125129, 0.0, 827.2410631095686], [0.0, 1257.8625342125129, 450.915498205774], [0.0, 0.0, 1.0]], [[1252.8131021185304, 0.0, 826.588114781398], [0.0, 1252.8131021185304, 469.9846626224581], [0.0, 0.0, 1.0]], [[1256.7485116440405, 0.0, 817.7887570959712], [0.0, 1256.7485116440403, 451.9541780095127], [0.0, 0.0, 1.0]], [[1254.9860565800168, 0.0, 829.5769333630991], [0.0, 1254.9860565800168, 467.1680561863987], [0.0, 0.0, 1.0]], [[796.8910634503094, 0.0, 857.7774326863696], [0.0, 796.8910634503094, 476.8848988407415], [0.0, 0.0, 1.0]], [[1249.9629280788233, 0.0, 825.3768045375984], [0.0, 1249.9629280788233, 462.54816385708756], [0.0, 0.0, 1.0]]], "extrinsics": [[[0.8223868608474731, -0.5685766339302063, -0.020011814311146736, -0.6280517578125], [0.0017982808640226722, 0.03777218610048294, -0.9992847442626953, 1.488983154296875], [0.5689257979393005, 0.8217626810073853, 0.032085809856653214, -1.0767822265625], [0.0, 0.0, 0.0, 1.0]], [[0.009913400746881962, -0.9993907809257507, -0.03346395120024681, 0.0115966796875], [0.0038986385334283113, 0.03350396826863289, -0.9994310140609741, 1.4815330505371094], [0.9999432563781738, 0.0097773103043437, 0.0042284028604626656, -1.360565185546875], [0.0, 0.0, 0.0, 1.0]], [[-0.8442237973213196, -0.5354799032211304, -0.023398738354444504, 0.8487548828125], [0.012072819285094738, 0.024646611884236336, -0.9996232986450195, 1.4964981079101562], [0.5358548760414124, -0.8441882729530334, -0.014342505484819412, -1.122314453125], [0.0, 0.0, 0.0, 1.0]], [[0.9478976726531982, 0.31857505440711975, 0.00020182931621093303, -1.14874267578125], [-0.013041281141340733, 0.03943641111254692, -0.9991369247436523, 1.562103271484375], [-0.3183080554008484, 0.9470769166946411, 0.04153630882501602, -0.1544189453125], [0.0, 0.0, 0.0, 1.0]], [[0.0094516072422266, 0.9994450211524963, 0.03194199502468109, -0.028564453125], [-0.010997183620929718, 0.032045383006334305, -0.9994258880615234, 1.566925048828125], [-0.999894917011261, 0.009094951674342155, 0.011293960735201836, -0.057220458984375], [0.0, 0.0, 0.0, 1.0]], [[-0.9236312508583069, 0.383151113986969, 0.010025323368608952, 0.971405029296875], [-0.006928176153451204, 0.00946246087551117, -0.9999312162399292, 1.546381950378418], [-0.3832196593284607, -0.9236370921134949, -0.006085286382585764, -0.120849609375], [0.0, 0.0, 0.0, 1.0]]], "view": [[0.0, -2.0, 100.0], [-2.0, 0.0, 100.0], [0.0, 0.0, 1.0]], "bev": "bev_22f9038e263941fc918c67041f73551a.png", "aux": "aux_22f9038e263941fc918c67041f73551a.npz", "visibility": "visibility_22f9038e263941fc918c67041f73551a.png", "pose": [[0.8774621486663818, 0.47964584827423096, 0.0, 1228.0263671875], [-0.47964584827423096, 0.8774621486663818, 0.0, 1359.2523193359375], [0.0, 0.0, 1.0, 0.0], [0.0, 0.0, 0.0, 1.0]], "pose_inverse": [[0.8774621486663818, -0.47964584827423096, 0.0, -425.5869445800781], [0.47964584827423096, 0.8774621486663818, 0.0, -1781.710205078125], [0.0, 0.0, 1.0, 0.0], [0.0, 0.0, 0.0, 1.0]], "cam_ids": [0, 1, 2, 3, 4, 5], "cam_channels": ["CAM_FRONT_LEFT", "CAM_FRONT", "CAM_FRONT_RIGHT", "CAM_BACK_LEFT", "CAM_BACK", "CAM_BACK_RIGHT"], "token": "22f9038e263941fc918c67041f73551a", "scene": "scene-0261"}, {"images": ["samples/CAM_FRONT_LEFT/n008-2018-08-06-15-06-32-0400__CAM_FRONT_LEFT__1533583196654799.jpg", "samples/CAM_FRONT/n008-2018-08-06-15-06-32-0400__CAM_FRONT__1533583196662404.jpg", "samples/CAM_FRONT_RIGHT/n008-2018-08-06-15-06-32-0400__CAM_FRONT_RIGHT__1533583196670482.jpg", "samples/CAM_BACK_LEFT/n008-2018-08-06-15-06-32-0400__CAM_BACK_LEFT__1533583196697405.jpg", "samples/CAM_BACK/n008-2018-08-06-15-06-32-0400__CAM_BACK__1533583196687558.jpg", "samples/CAM_BACK_RIGHT/n008-2018-08-06-15-06-32-0400__CAM_BACK_RIGHT__1533583196678113.jpg"], "intrinsics": [[[1257.8625342125129, 0.0, 827.2410631095686], [0.0, 1257.8625342125129, 450.915498205774], [0.0, 0.0, 1.0]], [[1252.8131021185304, 0.0, 826.588114781398], [0.0, 1252.8131021185304, 469.9846626224581], [0.0, 0.0, 1.0]], [[1256.7485116440405, 0.0, 817.7887570959712], [0.0, 1256.7485116440403, 451.9541780095127], [0.0, 0.0, 1.0]], [[1254.9860565800168, 0.0, 829.5769333630991], [0.0, 1254.9860565800168, 467.1680561863987], [0.0, 0.0, 1.0]], [[796.8910634503094, 0.0, 857.7774326863696], [0.0, 796.8910634503094, 476.8848988407415], [0.0, 0.0, 1.0]], [[1249.9629280788233, 0.0, 825.3768045375984], [0.0, 1249.9629280788233, 462.54816385708756], [0.0, 0.0, 1.0]]], "extrinsics": [[[0.8218939304351807, -0.5692570805549622, -0.020898880437016487, -0.644287109375], [-0.003916740417480469, 0.031039590016007423, -0.9995104670524597, 1.4864540100097656], [0.5696271061897278, 0.8215734958648682, 0.02328161709010601, -1.0885009765625], [0.0, 0.0, 0.0, 1.0]], [[0.009255176410079002, -0.999612033367157, -0.026270166039466858, 0.01220703125], [-0.001972354017198086, 0.02625299245119095, -0.9996533989906311, 1.4793701171875], [0.9999551773071289, 0.009303774684667587, -0.0017286123475059867, -1.3770751953125], [0.0, 0.0, 0.0, 1.0]], [[-0.8444618582725525, -0.5354323387145996, -0.014013409614562988, 0.8612060546875], [0.005865573883056641, 0.016917003318667412, -0.9998396635055542, 1.4946365356445312], [0.5355835556983948, -0.8444086909294128, -0.011145145632326603, -1.129150390625], [0.0, 0.0, 0.0, 1.0]], [[0.9479934573173523, 0.318143367767334, -0.009651358239352703, -1.15350341796875], [-0.020404677838087082, 0.030485117807984352, -0.9993269443511963, 1.5622634887695312], [-0.31763508915901184, 0.9475523829460144, 0.03539130464196205, -0.1524658203125], [0.0, 0.0, 0.0, 1.0]], [[0.009881347417831421, 0.9996789693832397, 0.023330727592110634, -0.0286865234375], [-0.01799613982439041, 0.02350587397813797, -0.9995616674423218, 1.5663604736328125], [-0.999789297580719, 0.009457125328481197, 0.018222633749246597, -0.049285888671875], [0.0, 0.0, 0.0, 1.0]], [[-0.9235168099403381, 0.38333919644355774, 0.01295528281480074, 0.981719970703125], [-0.013466634787619114, 0.001349802827462554, -0.9999083876609802, 1.5452122688293457], [-0.3833215832710266, -0.9236066937446594, 0.003915723413228989, -0.1162109375], [0.0, 0.0, 0.0, 1.0]]], "view": [[0.0, -2.0, 100.0], [-2.0, 0.0, 100.0], [0.0, 0.0, 1.0]], "bev": "bev_71756faba0674540aaa51fe21df0b677.png", "aux": "aux_71756faba0674540aaa51fe21df0b677.npz", "visibility": "visibility_71756faba0674540aaa51fe21df0b677.png", "pose": [[0.8787956833839417, 0.4771982431411743, 0.0, 1233.13330078125], [-0.4771982431411743, 0.8787956833839417, 0.0, 1356.4051513671875], [0.0, 0.0, 1.0, 0.0], [0.0, 0.0, 0.0, 1.0]], "pose_inverse": [[0.8787956833839417, -0.4771982431411743, 0.0, -436.3980407714844], [0.4771982431411743, 0.8787956833839417, 0.0, -1780.4520263671875], [0.0, 0.0, 1.0, 0.0], [0.0, 0.0, 0.0, 1.0]], "cam_ids": [0, 1, 2, 3, 4, 5], "cam_channels": ["CAM_FRONT_LEFT", "CAM_FRONT", "CAM_FRONT_RIGHT", "CAM_BACK_LEFT", "CAM_BACK", "CAM_BACK_RIGHT"], "token": "71756faba0674540aaa51fe21df0b677", "scene": "scene-0261"}, {"images": ["samples/CAM_FRONT_LEFT/n008-2018-08-06-15-06-32-0400__CAM_FRONT_LEFT__1533583197154803.jpg", "samples/CAM_FRONT/n008-2018-08-06-15-06-32-0400__CAM_FRONT__1533583197162404.jpg", "samples/CAM_FRONT_RIGHT/n008-2018-08-06-15-06-32-0400__CAM_FRONT_RIGHT__1533583197170482.jpg", "samples/CAM_BACK_LEFT/n008-2018-08-06-15-06-32-0400__CAM_BACK_LEFT__1533583197197405.jpg", "samples/CAM_BACK/n008-2018-08-06-15-06-32-0400__CAM_BACK__1533583197187558.jpg", "samples/CAM_BACK_RIGHT/n008-2018-08-06-15-06-32-0400__CAM_BACK_RIGHT__1533583197178113.jpg"], "intrinsics": [[[1257.8625342125129, 0.0, 827.2410631095686], [0.0, 1257.8625342125129, 450.915498205774], [0.0, 0.0, 1.0]], [[1252.8131021185304, 0.0, 826.588114781398], [0.0, 1252.8131021185304, 469.9846626224581], [0.0, 0.0, 1.0]], [[1256.7485116440405, 0.0, 817.7887570959712], [0.0, 1256.7485116440403, 451.9541780095127], [0.0, 0.0, 1.0]], [[1254.9860565800168, 0.0, 829.5769333630991], [0.0, 1254.9860565800168, 467.1680561863987], [0.0, 0.0, 1.0]], [[796.8910634503094, 0.0, 857.7774326863696], [0.0, 796.8910634503094, 476.8848988407415], [0.0, 0.0, 1.0]], [[1249.9629280788233, 0.0, 825.3768045375984], [0.0, 1249.9629280788233, 462.54816385708756], [0.0, 0.0, 1.0]]], "extrinsics": [[[0.8224847912788391, -0.5685363411903381, -0.01688859425485134, -0.64520263671875], [-0.0036774741020053625, 0.024376269429922104, -0.9996960759162903, 1.4866065979003906], [0.5687752366065979, 0.8222969174385071, 0.017958329990506172, -1.0887451171875], [0.0, 0.0, 0.0, 1.0]], [[0.010153942741453648, -0.9997422695159912, -0.02030615322291851, 0.01171875], [-0.0016526414547115564, 0.020290393382310867, -0.999792754650116, 1.4795188903808594], [0.9999471306800842, 0.010185410268604755, -0.001446187263354659, -1.380157470703125], [0.0, 0.0, 0.0, 1.0]], [[-0.8440901637077332, -0.5360741019248962, -0.011674094945192337, 0.8648681640625], [0.006443613208830357, 0.011629125103354454, -0.9999116063117981, 1.494781494140625], [0.5361624956130981, -0.8440908193588257, -0.0063617778941988945, -1.1317138671875], [0.0, 0.0, 0.0, 1.0]], [[0.9476495981216431, 0.31918036937713623, -0.009174414910376072, -1.16082763671875], [-0.018753843382000923, 0.026952171698212624, -0.999460756778717, 1.5623588562011719], [-0.31876105070114136, 0.9473106861114502, 0.031527068465948105, -0.1512451171875], [0.0, 0.0, 0.0, 1.0]], [[0.009108130820095539, 0.9997740983963013, 0.019206497818231583, -0.029052734375], [-0.016750678420066833, 0.019357144832611084, -0.9996722936630249, 1.5665760040283203], [-0.9998182058334351, 0.008783398196101189, 0.016923202201724052, -0.04327392578125], [0.0, 0.0, 0.0, 1.0]], [[-0.9237110018730164, 0.3829503059387207, 0.0103446114808321, 0.986480712890625], [-0.012609157711267471, -0.003403805196285248, -0.9999147057533264, 1.5454463958740234], [-0.38288232684135437, -0.9237626791000366, 0.00797281228005886, -0.1142578125], [0.0, 0.0, 0.0, 1.0]]], "view": [[0.0, -2.0, 100.0], [-2.0, 0.0, 100.0], [0.0, 0.0, 1.0]], "bev": "bev_424cf3d89d6149bdbab87c9924ff80c7.png", "aux": "aux_424cf3d89d6149bdbab87c9924ff80c7.npz", "visibility": "visibility_424cf3d89d6149bdbab87c9924ff80c7.png", "pose": [[0.8771504163742065, 0.48021572828292847, 0.0, 1237.7979736328125], [-0.48021572828292847, 0.8771504163742065, 0.0, 1353.80029296875], [0.0, 0.0, 1.0, 0.0], [0.0, 0.0, 0.0, 1.0]], "pose_inverse": [[0.8771504163742065, -0.48021572828292847, 0.0, -435.6187744140625], [0.48021572828292847, 0.8771504163742065, 0.0, -1781.8966064453125], [0.0, 0.0, 1.0, 0.0], [0.0, 0.0, 0.0, 1.0]], "cam_ids": [0, 1, 2, 3, 4, 5], "cam_channels": ["CAM_FRONT_LEFT", "CAM_FRONT", "CAM_FRONT_RIGHT", "CAM_BACK_LEFT", "CAM_BACK", "CAM_BACK_RIGHT"], "token": "424cf3d89d6149bdbab87c9924ff80c7", "scene": "scene-0261"}, {"images": ["samples/CAM_FRONT_LEFT/n008-2018-08-06-15-06-32-0400__CAM_FRONT_LEFT__1533583197654799.jpg", "samples/CAM_FRONT/n008-2018-08-06-15-06-32-0400__CAM_FRONT__1533583197662404.jpg", "samples/CAM_FRONT_RIGHT/n008-2018-08-06-15-06-32-0400__CAM_FRONT_RIGHT__1533583197670482.jpg", "samples/CAM_BACK_LEFT/n008-2018-08-06-15-06-32-0400__CAM_BACK_LEFT__1533583197697405.jpg", "samples/CAM_BACK/n008-2018-08-06-15-06-32-0400__CAM_BACK__1533583197687558.jpg", "samples/CAM_BACK_RIGHT/n008-2018-08-06-15-06-32-0400__CAM_BACK_RIGHT__1533583197678113.jpg"], "intrinsics": [[[1257.8625342125129, 0.0, 827.2410631095686], [0.0, 1257.8625342125129, 450.915498205774], [0.0, 0.0, 1.0]], [[1252.8131021185304, 0.0, 826.588114781398], [0.0, 1252.8131021185304, 469.9846626224581], [0.0, 0.0, 1.0]], [[1256.7485116440405, 0.0, 817.7887570959712], [0.0, 1256.7485116440403, 451.9541780095127], [0.0, 0.0, 1.0]], [[1254.9860565800168, 0.0, 829.5769333630991], [0.0, 1254.9860565800168, 467.1680561863987], [0.0, 0.0, 1.0]], [[796.8910634503094, 0.0, 857.7774326863696], [0.0, 796.8910634503094, 476.8848988407415], [0.0, 0.0, 1.0]], [[1249.9629280788233, 0.0, 825.3768045375984], [0.0, 1249.9629280788233, 462.54816385708756], [0.0, 0.0, 1.0]]], "extrinsics": [[[0.8219037055969238, -0.5693585872650146, -0.01747000776231289, -0.63909912109375], [-0.001362868002615869, 0.028703615069389343, -0.9995869994163513, 1.4876174926757812], [0.5696248412132263, 0.8215880990028381, 0.0228156466037035, -1.0830078125], [0.0, 0.0, 0.0, 1.0]], [[0.00919609609991312, -0.9996539950370789, -0.024644901975989342, 0.0106201171875], [0.0005293427384458482, 0.024650808423757553, -0.9996960163116455, 1.4803085327148438], [0.9999576807022095, 0.009180184453725815, 0.0007558505167253315, -1.373382568359375], [0.0, 0.0, 0.0, 1.0]], [[-0.8444779515266418, -0.5353608727455139, -0.015681307762861252, 0.8599853515625], [0.008422025479376316, 0.016001414507627487, -0.9998365044593811, 1.4953536987304688], [0.5355242490768433, -0.8444718718528748, -0.009004018269479275, -1.129638671875], [0.0, 0.0, 0.0, 1.0]], [[0.947847306728363, 0.3186607360839844, -0.00638291472569108, -1.16033935546875], [-0.017239494249224663, 0.031260713934898376, -0.999362587928772, 1.5623512268066406], [-0.3182581067085266, 0.947353184223175, 0.03512393683195114, -0.150390625], [0.0, 0.0, 0.0, 1.0]], [[0.009610230103135109, 0.9996756315231323, 0.02358577772974968, -0.0283203125], [-0.015110584907233715, 0.02372935600578785, -0.9996042251586914, 1.5667076110839844], [-0.9998396635055542, 0.009250038303434849, 0.015333728864789009, -0.044708251953125], [0.0, 0.0, 0.0, 1.0]], [[-0.9235175251960754, 0.38341668248176575, 0.010348339565098286, 0.98388671875], [-0.010794559493660927, 0.0009878723649308085, -0.9999412298202515, 1.5457470417022705], [-0.38340431451797485, -0.9235749840736389, 0.0032264958135783672, -0.1163330078125], [0.0, 0.0, 0.0, 1.0]]], "view": [[0.0, -2.0, 100.0], [-2.0, 0.0, 100.0], [0.0, 0.0, 1.0]], "bev": "bev_6da2127c9f8f42b3a1e3978076f23770.png", "aux": "aux_6da2127c9f8f42b3a1e3978076f23770.npz", "visibility": "visibility_6da2127c9f8f42b3a1e3978076f23770.png", "pose": [[0.8777433633804321, 0.4791311025619507, 0.0, 1242.4525146484375], [-0.4791311025619507, 0.8777433633804321, 0.0, 1351.21142578125], [0.0, 0.0, 1.0, 0.0], [0.0, 0.0, 0.0, 1.0]], "pose_inverse": [[0.8777433633804321, -0.4791311025619507, 0.0, -443.1470031738281], [0.4791311025619507, 0.8777433633804321, 0.0, -1781.314453125], [0.0, 0.0, 1.0, 0.0], [0.0, 0.0, 0.0, 1.0]], "cam_ids": [0, 1, 2, 3, 4, 5], "cam_channels": ["CAM_FRONT_LEFT", "CAM_FRONT", "CAM_FRONT_RIGHT", "CAM_BACK_LEFT", "CAM_BACK", "CAM_BACK_RIGHT"], "token": "6da2127c9f8f42b3a1e3978076f23770", "scene": "scene-0261"}, {"images": ["samples/CAM_FRONT_LEFT/n008-2018-08-06-15-06-32-0400__CAM_FRONT_LEFT__1533583198154799.jpg", "samples/CAM_FRONT/n008-2018-08-06-15-06-32-0400__CAM_FRONT__1533583198162404.jpg", "samples/CAM_FRONT_RIGHT/n008-2018-08-06-15-06-32-0400__CAM_FRONT_RIGHT__1533583198170482.jpg", "samples/CAM_BACK_LEFT/n008-2018-08-06-15-06-32-0400__CAM_BACK_LEFT__1533583198197405.jpg", "samples/CAM_BACK/n008-2018-08-06-15-06-32-0400__CAM_BACK__1533583198187558.jpg", "samples/CAM_BACK_RIGHT/n008-2018-08-06-15-06-32-0400__CAM_BACK_RIGHT__1533583198178113.jpg"], "intrinsics": [[[1257.8625342125129, 0.0, 827.2410631095686], [0.0, 1257.8625342125129, 450.915498205774], [0.0, 0.0, 1.0]], [[1252.8131021185304, 0.0, 826.588114781398], [0.0, 1252.8131021185304, 469.9846626224581], [0.0, 0.0, 1.0]], [[1256.7485116440405, 0.0, 817.7887570959712], [0.0, 1256.7485116440403, 451.9541780095127], [0.0, 0.0, 1.0]], [[1254.9860565800168, 0.0, 829.5769333630991], [0.0, 1254.9860565800168, 467.1680561863987], [0.0, 0.0, 1.0]], [[796.8910634503094, 0.0, 857.7774326863696], [0.0, 796.8910634503094, 476.8848988407415], [0.0, 0.0, 1.0]], [[1249.9629280788233, 0.0, 825.3768045375984], [0.0, 1249.9629280788233, 462.54816385708756], [0.0, 0.0, 1.0]]], "extrinsics": [[[0.8225538730621338, -0.5684664845466614, -0.015846621245145798, -0.64300537109375], [0.001343567157164216, 0.02980777993798256, -0.9995547533035278, 1.488800048828125], [0.5686856508255005, 0.8221663236618042, 0.025282276794314384, -1.0865478515625], [0.0, 0.0, 0.0, 1.0]], [[0.010244648903608322, -0.9996179938316345, -0.025667648762464523, 0.0113525390625], [0.0033593126572668552, 0.025703255087137222, -0.9996639490127563, 1.4813003540039062], [0.999941885471344, 0.01015501655638218, 0.0036213507410138845, -1.378173828125], [0.0, 0.0, 0.0, 1.0]], [[-0.8440365195274353, -0.5359590649604797, -0.018713368102908134, 0.864013671875], [0.011350605636835098, 0.01703324168920517, -0.9997904896736145, 1.4961013793945312], [0.5361655354499817, -0.844072163105011, -0.008293220773339272, -1.1314697265625], [0.0, 0.0, 0.0, 1.0]], [[0.9478636980056763, 0.3186582922935486, -0.003366108052432537, -1.1619873046875], [-0.014406274072825909, 0.0322953499853611, -0.999374508857727, 1.5623130798339844], [-0.31835028529167175, 0.9473192691802979, 0.0352022647857666, -0.1502685546875], [0.0, 0.0, 0.0, 1.0]], [[0.009293634444475174, 0.9996539950370789, 0.024607805535197258, -0.0286865234375], [-0.012120993807911873, 0.024719679728150368, -0.9996209144592285, 1.5669975280761719], [-0.9998833537101746, 0.008991872891783714, 0.012346535921096802, -0.042266845703125], [0.0, 0.0, 0.0, 1.0]], [[-0.9237349629402161, 0.3829497992992401, 0.007946591824293137, 0.986785888671875], [-0.007781414780765772, 0.0019803415052592754, -0.9999677538871765, 1.5463498830795288], [-0.3829531669616699, -0.9237670302391052, 0.0011505808215588331, -0.114501953125], [0.0, 0.0, 0.0, 1.0]]], "view": [[0.0, -2.0, 100.0], [-2.0, 0.0, 100.0], [0.0, 0.0, 1.0]], "bev": "bev_985a36be696242be8cd186cebd2ffa8f.png", "aux": "aux_985a36be696242be8cd186cebd2ffa8f.npz", "visibility": "visibility_985a36be696242be8cd186cebd2ffa8f.png", "pose": [[0.8779492378234863, 0.4787537157535553, 0.0, 1247.2315673828125], [-0.4787537157535553, 0.8779492378234863, 0.0, 1348.5633544921875], [0.0, 0.0, 1.0, 0.0], [0.0, 0.0, 0.0, 1.0]], "pose_inverse": [[0.8779492378234863, -0.4787537157535553, 0.0, -449.3763122558594], [0.4787537157535553, 0.8779492378234863, 0.0, -1781.0869140625], [0.0, 0.0, 1.0, 0.0], [0.0, 0.0, 0.0, 1.0]], "cam_ids": [0, 1, 2, 3, 4, 5], "cam_channels": ["CAM_FRONT_LEFT", "CAM_FRONT", "CAM_FRONT_RIGHT", "CAM_BACK_LEFT", "CAM_BACK", "CAM_BACK_RIGHT"], "token": "985a36be696242be8cd186cebd2ffa8f", "scene": "scene-0261"}, {"images": ["samples/CAM_FRONT_LEFT/n008-2018-08-06-15-06-32-0400__CAM_FRONT_LEFT__1533583198654799.jpg", "samples/CAM_FRONT/n008-2018-08-06-15-06-32-0400__CAM_FRONT__1533583198662404.jpg", "samples/CAM_FRONT_RIGHT/n008-2018-08-06-15-06-32-0400__CAM_FRONT_RIGHT__1533583198670482.jpg", "samples/CAM_BACK_LEFT/n008-2018-08-06-15-06-32-0400__CAM_BACK_LEFT__1533583198697405.jpg", "samples/CAM_BACK/n008-2018-08-06-15-06-32-0400__CAM_BACK__1533583198687558.jpg", "samples/CAM_BACK_RIGHT/n008-2018-08-06-15-06-32-0400__CAM_BACK_RIGHT__1533583198678113.jpg"], "intrinsics": [[[1257.8625342125129, 0.0, 827.2410631095686], [0.0, 1257.8625342125129, 450.915498205774], [0.0, 0.0, 1.0]], [[1252.8131021185304, 0.0, 826.588114781398], [0.0, 1252.8131021185304, 469.9846626224581], [0.0, 0.0, 1.0]], [[1256.7485116440405, 0.0, 817.7887570959712], [0.0, 1256.7485116440403, 451.9541780095127], [0.0, 0.0, 1.0]], [[1254.9860565800168, 0.0, 829.5769333630991], [0.0, 1254.9860565800168, 467.1680561863987], [0.0, 0.0, 1.0]], [[796.8910634503094, 0.0, 857.7774326863696], [0.0, 796.8910634503094, 476.8848988407415], [0.0, 0.0, 1.0]], [[1249.9629280788233, 0.0, 825.3768045375984], [0.0, 1249.9629280788233, 462.54816385708756], [0.0, 0.0, 1.0]]], "extrinsics": [[[0.8227611184120178, -0.5682592988014221, -0.012068452313542366, -0.63201904296875], [0.0037405018229037523, 0.02664562314748764, -0.9996379613876343, 1.4898681640625], [0.5683750510215759, 0.8224180936813354, 0.02404855750501156, -1.0806884765625], [0.0, 0.0, 0.0, 1.0]], [[0.010608457028865814, -0.9996918439865112, -0.02244316227734089, 0.012939453125], [0.005752236116677523, 0.02250506542623043, -0.9997301697731018, 1.482208251953125], [0.9999271631240845, 0.010476426221430302, 0.00598920788615942, -1.36541748046875], [0.0, 0.0, 0.0, 1.0]], [[-0.8438664674758911, -0.5362153649330139, -0.019041825085878372, 0.85498046875], [0.013832645490765572, 0.013735715299844742, -0.999809980392456, 1.496917724609375], [0.5363749861717224, -0.843969464302063, -0.004173832479864359, -1.12451171875], [0.0, 0.0, 0.0, 1.0]], [[0.9477024078369141, 0.31915202736854553, -0.0014781244099140167, -1.15863037109375], [-0.011210298165678978, 0.028659075498580933, -0.9995263814926147, 1.5622024536132812], [-0.318958580493927, 0.9472700953483582, 0.030738061293959618, -0.1514892578125], [0.0, 0.0, 0.0, 1.0]], [[0.008915641345083714, 0.9997369050979614, 0.021135319024324417, -0.029052734375], [-0.009228620678186417, 0.021217521280050278, -0.999732255935669, 1.5671806335449219], [-0.9999176859855652, 0.00871819444000721, 0.009415359236299992, -0.04876708984375], [0.0, 0.0, 0.0, 1.0]], [[-0.9238113760948181, 0.38282471895217896, 0.004219697788357735, 0.977783203125], [-0.0051531484350562096, -0.0014129179762676358, -0.9999857544898987, 1.5467967987060547], [-0.3828132450580597, -0.923819899559021, 0.003278022864833474, -0.1173095703125], [0.0, 0.0, 0.0, 1.0]]], "view": [[0.0, -2.0, 100.0], [-2.0, 0.0, 100.0], [0.0, 0.0, 1.0]], "bev": "bev_6b3de7cedf5345db8051c9ddfb895a43.png", "aux": "aux_6b3de7cedf5345db8051c9ddfb895a43.npz", "visibility": "visibility_6b3de7cedf5345db8051c9ddfb895a43.png", "pose": [[0.8777363300323486, 0.47914397716522217, 0.0, 1251.8846435546875], [-0.47914397716522217, 0.8777363300323486, 0.0, 1345.9638671875], [0.0, 0.0, 1.0, 0.0], [0.0, 0.0, 0.0, 1.0]], "pose_inverse": [[0.8777363300323486, -0.47914397716522217, 0.0, -453.9141540527344], [0.47914397716522217, 0.8777363300323486, 0.0, -1781.234375], [0.0, 0.0, 1.0, 0.0], [0.0, 0.0, 0.0, 1.0]], "cam_ids": [0, 1, 2, 3, 4, 5], "cam_channels": ["CAM_FRONT_LEFT", "CAM_FRONT", "CAM_FRONT_RIGHT", "CAM_BACK_LEFT", "CAM_BACK", "CAM_BACK_RIGHT"], "token": "6b3de7cedf5345db8051c9ddfb895a43", "scene": "scene-0261"}, {"images": ["samples/CAM_FRONT_LEFT/n008-2018-08-06-15-06-32-0400__CAM_FRONT_LEFT__1533583199154799.jpg", "samples/CAM_FRONT/n008-2018-08-06-15-06-32-0400__CAM_FRONT__1533583199162404.jpg", "samples/CAM_FRONT_RIGHT/n008-2018-08-06-15-06-32-0400__CAM_FRONT_RIGHT__1533583199170482.jpg", "samples/CAM_BACK_LEFT/n008-2018-08-06-15-06-32-0400__CAM_BACK_LEFT__1533583199197405.jpg", "samples/CAM_BACK/n008-2018-08-06-15-06-32-0400__CAM_BACK__1533583199187558.jpg", "samples/CAM_BACK_RIGHT/n008-2018-08-06-15-06-32-0400__CAM_BACK_RIGHT__1533583199178113.jpg"], "intrinsics": [[[1257.8625342125129, 0.0, 827.2410631095686], [0.0, 1257.8625342125129, 450.915498205774], [0.0, 0.0, 1.0]], [[1252.8131021185304, 0.0, 826.588114781398], [0.0, 1252.8131021185304, 469.9846626224581], [0.0, 0.0, 1.0]], [[1256.7485116440405, 0.0, 817.7887570959712], [0.0, 1256.7485116440403, 451.9541780095127], [0.0, 0.0, 1.0]], [[1254.9860565800168, 0.0, 829.5769333630991], [0.0, 1254.9860565800168, 467.1680561863987], [0.0, 0.0, 1.0]], [[796.8910634503094, 0.0, 857.7774326863696], [0.0, 796.8910634503094, 476.8848988407415], [0.0, 0.0, 1.0]], [[1249.9629280788233, 0.0, 825.3768045375984], [0.0, 1249.9629280788233, 462.54816385708756], [0.0, 0.0, 1.0]]], "extrinsics": [[[0.8225947022438049, -0.5685112476348877, -0.01152976043522358, -0.6324462890625], [0.0018946692580357194, 0.023016659542918205, -0.9997332692146301, 1.4890518188476562], [0.5686250329017639, 0.8223534822463989, 0.02001052163541317, -1.0810546875], [0.0, 0.0, 0.0, 1.0]], [[0.010312145575881004, -0.9997714757919312, -0.018722016364336014, 0.0125732421875], [0.0039448183961212635, 0.01876354217529297, -0.9998161792755127, 1.4815521240234375], [0.9999390244483948, 0.010236436501145363, 0.0041374098509550095, -1.367095947265625], [0.0, 0.0, 0.0, 1.0]], [[-0.8439981341362, -0.5361194014549255, -0.015593447722494602, 0.85546875], [0.012119012884795666, 0.010003550909459591, -0.9998764991760254, 1.4964427947998047], [0.5362091660499573, -0.8440828919410706, -0.0019457420567050576, -1.1248779296875], [0.0, 0.0, 0.0, 1.0]], [[0.947799026966095, 0.3188422620296478, -0.004088916815817356, -1.15496826171875], [-0.012751645408570766, 0.025086695328354836, -0.9996039271354675, 1.562164306640625], [-0.3186134099960327, 0.9474756717681885, 0.02784290909767151, -0.1534423828125], [0.0, 0.0, 0.0, 1.0]], [[0.009141908027231693, 0.9998055100440979, 0.017473744228482246, -0.0294189453125], [-0.010610113851726055, 0.017570476979017258, -0.99978929758071