[{"images": ["samples/CAM_FRONT_LEFT/n015-2018-09-27-15-33-17+0800__CAM_FRONT_LEFT__1538033792754844.jpg", "samples/CAM_FRONT/n015-2018-09-27-15-33-17+0800__CAM_FRONT__1538033792762460.jpg", "samples/CAM_FRONT_RIGHT/n015-2018-09-27-15-33-17+0800__CAM_FRONT_RIGHT__1538033792770339.jpg", "samples/CAM_BACK_LEFT/n015-2018-09-27-15-33-17+0800__CAM_BACK_LEFT__1538033792797423.jpg", "samples/CAM_BACK/n015-2018-09-27-15-33-17+0800__CAM_BACK__1538033792787533.jpg", "samples/CAM_BACK_RIGHT/n015-2018-09-27-15-33-17+0800__CAM_BACK_RIGHT__1538033792777893.jpg"], "intrinsics": [[[1272.5979470598488, 0.0, 826.6154927353808], [0.0, 1272.5979470598488, 479.75165386361925], [0.0, 0.0, 1.0]], [[1266.417203046554, 0.0, 816.2670197447984], [0.0, 1266.417203046554, 491.50706579294757], [0.0, 0.0, 1.0]], [[1260.8474446004698, 0.0, 807.968244525554], [0.0, 1260.8474446004698, 495.3344268742088], [0.0, 0.0, 1.0]], [[1256.7414812095406, 0.0, 792.1125740759628], [0.0, 1256.7414812095406, 492.7757465151356], [0.0, 0.0, 1.0]], [[809.2209905677063, 0.0, 829.2196003259838], [0.0, 809.2209905677063, 481.77842384512485], [0.0, 0.0, 1.0]], [[1259.5137405846733, 0.0, 807.2529053838625], [0.0, 1259.5137405846733, 501.19579884916527], [0.0, 0.0, 1.0]]], "extrinsics": [[[0.820624828338623, -0.5714402198791504, 0.005551920272409916, -0.649169921875], [0.010509563609957695, 0.0053774225525557995, -0.9999302625656128, 1.5122451782226562], [0.5713706016540527, 0.8206260204315186, 0.01041843369603157, -1.06494140625], [0.0, 0.0, 0.0, 1.0]], [[0.005555735435336828, -0.9999831914901733, -0.001614304375834763, 0.010009765625], [0.005355314817279577, 0.0016440595500171185, -0.9999843239784241, 1.5222134590148926], [0.9999702572822571, 0.005547022446990013, 0.005364358890801668, -1.37786865234375], [0.0, 0.0, 0.0, 1.0]], [[-0.8328022360801697, -0.553213894367218, -0.01986822672188282, 0.8302001953125], [0.011096317321062088, 0.01920107565820217, -0.999754011631012, 1.5063095092773438], [0.5534594058990479, -0.8328179121017456, -0.009852061048150063, -1.11181640625], [0.0, 0.0, 0.0, 1.0]], [[0.947643518447876, 0.3189418613910675, 0.015746092423796654, -1.13873291015625], [0.019904104992747307, -0.009781642816960812, -0.9997540712356567, 1.5886268615722656], [-0.3187094032764435, 0.9477238059043884, -0.015617761760950089, -0.10498046875], [0.0, 0.0, 0.0, 1.0]], [[0.0024065859615802765, 0.9999970197677612, -0.0003247870481573045, 0.001708984375], [-0.005498910788446665, -0.00031154899625107646, -0.999984860420227, 1.578856110572815], [-0.9999819993972778, 0.0024082744494080544, 0.005498144775629044, -0.08984375], [0.0, 0.0, 0.0, 1.0]], [[-0.93460613489151, 0.3551141619682312, -0.020133141428232193, 0.9697265625], [0.027058033272624016, 0.014544516801834106, -0.9995280504226685, 1.5562210083007812], [-0.35465380549430847, -0.934709906578064, -0.023202087730169296, -0.124755859375], [0.0, 0.0, 0.0, 1.0]]], "view": [[0.0, -2.0, 100.0], [-2.0, 0.0, 100.0], [0.0, 0.0, 1.0]], "bev": "bev_a3523738878b48e2b3d24f690f74af59.png", "aux": "aux_a3523738878b48e2b3d24f690f74af59.npz", "visibility": "visibility_a3523738878b48e2b3d24f690f74af59.png", "pose": [[0.7715983986854553, 0.6361100077629089, 0.0, 1333.168701171875], [-0.6361100077629089, 0.7715983986854553, 0.0, 2699.590576171875], [0.0, 0.0, 1.0, 0.0], [0.0, 0.0, 0.0, 1.0]], "pose_inverse": [[0.7715983986854553, -0.6361100077629089, 0.0, 688.5657958984375], [0.6361100077629089, 0.7715983986854553, 0.0, -2931.041748046875], [0.0, 0.0, 1.0, 0.0], [0.0, 0.0, 0.0, 1.0]], "cam_ids": [0, 1, 2, 3, 4, 5], "cam_channels": ["CAM_FRONT_LEFT", "CAM_FRONT", "CAM_FRONT_RIGHT", "CAM_BACK_LEFT", "CAM_BACK", "CAM_BACK_RIGHT"], "token": "a3523738878b48e2b3d24f690f74af59", "scene": "scene-0407"}, {"images": ["samples/CAM_FRONT_LEFT/n015-2018-09-27-15-33-17+0800__CAM_FRONT_LEFT__1538033793254844.jpg", "samples/CAM_FRONT/n015-2018-09-27-15-33-17+0800__CAM_FRONT__1538033793262460.jpg", "samples/CAM_FRONT_RIGHT/n015-2018-09-27-15-33-17+0800__CAM_FRONT_RIGHT__1538033793270339.jpg", "samples/CAM_BACK_LEFT/n015-2018-09-27-15-33-17+0800__CAM_BACK_LEFT__1538033793297423.jpg", "samples/CAM_BACK/n015-2018-09-27-15-33-17+0800__CAM_BACK__1538033793287525.jpg", "samples/CAM_BACK_RIGHT/n015-2018-09-27-15-33-17+0800__CAM_BACK_RIGHT__1538033793277893.jpg"], "intrinsics": [[[1272.5979470598488, 0.0, 826.6154927353808], [0.0, 1272.5979470598488, 479.75165386361925], [0.0, 0.0, 1.0]], [[1266.417203046554, 0.0, 816.2670197447984], [0.0, 1266.417203046554, 491.50706579294757], [0.0, 0.0, 1.0]], [[1260.8474446004698, 0.0, 807.968244525554], [0.0, 1260.8474446004698, 495.3344268742088], [0.0, 0.0, 1.0]], [[1256.7414812095406, 0.0, 792.1125740759628], [0.0, 1256.7414812095406, 492.7757465151356], [0.0, 0.0, 1.0]], [[809.2209905677063, 0.0, 829.2196003259838], [0.0, 809.2209905677063, 481.77842384512485], [0.0, 0.0, 1.0]], [[1259.5137405846733, 0.0, 807.2529053838625], [0.0, 1259.5137405846733, 501.19579884916527], [0.0, 0.0, 1.0]]], "extrinsics": [[[0.8208065629005432, -0.5710954070091248, -0.01124722883105278, -0.651611328125], [-0.0032534252386540174, 0.015015820972621441, -0.9998819231987, 1.5069694519042969], [0.5711969137191772, 0.8207463026046753, 0.010467068292200565, -1.0655517578125], [0.0, 0.0, 0.0, 1.0]], [[0.005758353974670172, -0.9999250173568726, -0.010800614021718502, 0.009521484375], [-0.008647213689982891, 0.010750599205493927, -0.9999048113822937, 1.5178108215332031], [0.9999459385871887, 0.005851170513778925, -0.008584659546613693, -1.38037109375], [0.0, 0.0, 0.0, 1.0]], [[-0.8329320549964905, -0.5532290935516357, -0.01271324884146452, 0.8316650390625], [-0.003142040688544512, 0.02770174853503704, -0.9996112585067749, 1.5028305053710938], [0.5533662438392639, -0.832568347454071, -0.024811945855617523, -1.113037109375], [0.0, 0.0, 0.0, 1.0]], [[0.9477791786193848, 0.31890714168548584, 0.0035648909397423267, -1.139739990234375], [0.005046840291470289, -0.003820770652964711, -0.9999799728393555, 1.5885677337646484], [-0.3188870847225189, 0.9477782249450684, -0.005230721086263657, -0.1044921875], [0.0, 0.0, 0.0, 1.0]], [[0.002426100429147482, 0.9999751448631287, 0.006617117207497358, 0.002197265625], [-0.020192284137010574, 0.006664775311946869, -0.9997739195823669, 1.5775375366210938], [-0.9997931122779846, 0.0022919781040400267, 0.020207952708005905, -0.08782958984375], [0.0, 0.0, 0.0, 1.0]], [[-0.9348089098930359, 0.3551303744316101, -0.0038305127527564764, 0.9720458984375], [0.012606830336153507, 0.022402280941605568, -0.9996695518493652, 1.5536155700683594], [-0.3549272119998932, -0.9345483183860779, -0.025418924167752266, -0.124267578125], [0.0, 0.0, 0.0, 1.0]]], "view": [[0.0, -2.0, 100.0], [-2.0, 0.0, 100.0], [0.0, 0.0, 1.0]], "bev": "bev_ed4200119668462a89db53e5c4f9b7db.png", "aux": "aux_ed4200119668462a89db53e5c4f9b7db.npz", "visibility": "visibility_ed4200119668462a89db53e5c4f9b7db.png", "pose": [[0.7749430537223816, 0.6320310235023499, 0.0, 1336.5350341796875], [-0.6320310235023499, 0.7749430537223816, 0.0, 2696.78857421875], [0.0, 0.0, 1.0, 0.0], [0.0, 0.0, 0.0, 1.0]], "pose_inverse": [[0.7749430537223816, -0.6320310235023499, 0.0, 668.715576171875], [0.6320310235023499, 0.7749430537223816, 0.0, -2934.58935546875], [0.0, 0.0, 1.0, 0.0], [0.0, 0.0, 0.0, 1.0]], "cam_ids": [0, 1, 2, 3, 4, 5], "cam_channels": ["CAM_FRONT_LEFT", "CAM_FRONT", "CAM_FRONT_RIGHT", "CAM_BACK_LEFT", "CAM_BACK", "CAM_BACK_RIGHT"], "token": "ed4200119668462a89db53e5c4f9b7db", "scene": "scene-0407"}, {"images": ["samples/CAM_FRONT_LEFT/n015-2018-09-27-15-33-17+0800__CAM_FRONT_LEFT__1538033793754844.jpg", "samples/CAM_FRONT/n015-2018-09-27-15-33-17+0800__CAM_FRONT__1538033793762460.jpg", "samples/CAM_FRONT_RIGHT/n015-2018-09-27-15-33-17+0800__CAM_FRONT_RIGHT__1538033793770339.jpg", "samples/CAM_BACK_LEFT/n015-2018-09-27-15-33-17+0800__CAM_BACK_LEFT__1538033793797423.jpg", "samples/CAM_BACK/n015-2018-09-27-15-33-17+0800__CAM_BACK__1538033793787525.jpg", "samples/CAM_BACK_RIGHT/n015-2018-09-27-15-33-17+0800__CAM_BACK_RIGHT__1538033793777893.jpg"], "intrinsics": [[[1272.5979470598488, 0.0, 826.6154927353808], [0.0, 1272.5979470598488, 479.75165386361925], [0.0, 0.0, 1.0]], [[1266.417203046554, 0.0, 816.2670197447984], [0.0, 1266.417203046554, 491.50706579294757], [0.0, 0.0, 1.0]], [[1260.8474446004698, 0.0, 807.968244525554], [0.0, 1260.8474446004698, 495.3344268742088], [0.0, 0.0, 1.0]], [[1256.7414812095406, 0.0, 792.1125740759628], [0.0, 1256.7414812095406, 492.7757465151356], [0.0, 0.0, 1.0]], [[809.2209905677063, 0.0, 829.2196003259838], [0.0, 809.2209905677063, 481.77842384512485], [0.0, 0.0, 1.0]], [[1259.5137405846733, 0.0, 807.2529053838625], [0.0, 1259.5137405846733, 501.19579884916527], [0.0, 0.0, 1.0]]], "extrinsics": [[[0.8209546208381653, -0.5709682703018188, -0.005357921589165926, -0.653076171875], [-0.00897329580038786, -0.0035185778979212046, -0.9999535083770752, 1.5048694610595703], [0.5709228515625, 0.8209645748138428, -0.008012059144675732, -1.067138671875], [0.0, 0.0, 0.0, 1.0]], [[0.006040395237505436, -0.9999528527259827, 0.0076116337440907955, 0.009521484375], [-0.013908535242080688, -0.007695048116147518, -0.999873697757721, 1.5162363052368164], [0.9998850226402283, 0.005933735985308886, -0.013954359106719494, -1.38189697265625], [0.0, 0.0, 0.0, 1.0]], [[-0.8328229188919067, -0.5535377860069275, 0.001357209519483149, 0.8330078125], [-0.007909142412245274, 0.009447973221540451, -0.9999240636825562, 1.5017223358154297], [0.5534829497337341, -0.8327705264091492, -0.012246496975421906, -1.114013671875], [0.0, 0.0, 0.0, 1.0]], [[0.9478247761726379, 0.31875738501548767, -0.004686133004724979, -1.139801025390625], [0.002131134970113635, -0.02103489823639393, -0.9997764229774475, 1.5885505676269531], [-0.31878459453582764, 0.9476028680801392, -0.020616712048649788, -0.104248046875], [0.0, 0.0, 0.0, 1.0]], [[0.002350818831473589, 0.999936580657959, -0.011013894341886044, 0.002197265625], [-0.02380581572651863, -0.010954845696687698, -0.999656617641449, 1.5772361755371094], [-0.9997137784957886, 0.002612172858789563, 0.023778552189469337, -0.0875244140625], [0.0, 0.0, 0.0, 1.0]], [[-0.9349027276039124, 0.35484960675239563, -0.006235841196030378, 0.97314453125], [0.008343096822500229, 0.004408680368214846, -0.9999554753303528, 1.5528926849365234], [-0.3548063337802887, -0.9349130392074585, -0.007082232274115086, -0.1240234375], [0.0, 0.0, 0.0, 1.0]]], "view": [[0.0, -2.0, 100.0], [-2.0, 0.0, 100.0], [0.0, 0.0, 1.0]], "bev": "bev_101afde59fe042529ee48cb14ead6630.png", "aux": "aux_101afde59fe042529ee48cb14ead6630.npz", "visibility": "visibility_101afde59fe042529ee48cb14ead6630.png", "pose": [[0.7748143076896667, 0.6321889162063599, 0.0, 1339.9490966796875], [-0.6321889162063599, 0.7748143076896667, 0.0, 2693.958251953125], [0.0, 0.0, 1.0, 0.0], [0.0, 0.0, 0.0, 1.0]], "pose_inverse": [[0.7748143076896667, -0.6321889162063599, 0.0, 664.8787841796875], [0.6321889162063599, 0.7748143076896667, 0.0, -2934.418212890625], [0.0, 0.0, 1.0, 0.0], [0.0, 0.0, 0.0, 1.0]], "cam_ids": [0, 1, 2, 3, 4, 5], "cam_channels": ["CAM_FRONT_LEFT", "CAM_FRONT", "CAM_FRONT_RIGHT", "CAM_BACK_LEFT", "CAM_BACK", "CAM_BACK_RIGHT"], "token": "101afde59fe042529ee48cb14ead6630", "scene": "scene-0407"}, {"images": ["samples/CAM_FRONT_LEFT/n015-2018-09-27-15-33-17+0800__CAM_FRONT_LEFT__1538033794254844.jpg", "samples/CAM_FRONT/n015-2018-09-27-15-33-17+0800__CAM_FRONT__1538033794262460.jpg", "samples/CAM_FRONT_RIGHT/n015-2018-09-27-15-33-17+0800__CAM_FRONT_RIGHT__1538033794270339.jpg", "samples/CAM_BACK_LEFT/n015-2018-09-27-15-33-17+0800__CAM_BACK_LEFT__1538033794297423.jpg", "samples/CAM_BACK/n015-2018-09-27-15-33-17+0800__CAM_BACK__1538033794287525.jpg", "samples/CAM_BACK_RIGHT/n015-2018-09-27-15-33-17+0800__CAM_BACK_RIGHT__1538033794277893.jpg"], "intrinsics": [[[1272.5979470598488, 0.0, 826.6154927353808], [0.0, 1272.5979470598488, 479.75165386361925], [0.0, 0.0, 1.0]], [[1266.417203046554, 0.0, 816.2670197447984], [0.0, 1266.417203046554, 491.50706579294757], [0.0, 0.0, 1.0]], [[1260.8474446004698, 0.0, 807.968244525554], [0.0, 1260.8474446004698, 495.3344268742088], [0.0, 0.0, 1.0]], [[1256.7414812095406, 0.0, 792.1125740759628], [0.0, 1256.7414812095406, 492.7757465151356], [0.0, 0.0, 1.0]], [[809.2209905677063, 0.0, 829.2196003259838], [0.0, 809.2209905677063, 481.77842384512485], [0.0, 0.0, 1.0]], [[1259.5137405846733, 0.0, 807.2529053838625], [0.0, 1259.5137405846733, 501.19579884916527], [0.0, 0.0, 1.0]]], "extrinsics": [[[0.8211816549301147, -0.5706112384796143, 0.007967117242515087, -0.652587890625], [0.006093761883676052, -0.005192285403609276, -0.9999679327011108, 1.5105724334716797], [0.5706343054771423, 0.8212038278579712, -0.0007866403320804238, -1.0689697265625], [0.0, 0.0, 0.0, 1.0]], [[0.0062888143584132195, -0.9999394416809082, 0.009029065258800983, 0.010986328125], [0.0008948952308855951, -0.009023613296449184, -0.999958872795105, 1.5208454132080078], [0.9999798536300659, 0.0062966011464595795, 0.0008380931685678661, -1.38201904296875], [0.0, 0.0, 0.0, 1.0]], [[-0.8325905203819275, -0.5537945628166199, -0.01022601779550314, 0.8328857421875], [0.006638675928115845, 0.008483517915010452, -0.9999419450759888, 1.5052204132080078], [0.5538491010665894, -0.8326101303100586, -0.003386833006516099, -1.112548828125], [0.0, 0.0, 0.0, 1.0]], [[0.9476954340934753, 0.3190617561340332, 0.00854040402919054, -1.13604736328125], [0.015913765877485275, -0.020509758964180946, -0.9996629953384399, 1.58868408203125], [-0.31877899169921875, 0.9475120306015015, -0.02451448142528534, -0.106689453125], [0.0, 0.0, 0.0, 1.0]], [[0.002265752526000142, 0.9999358057975769, -0.011104139499366283, 0.001708984375], [-0.009760146960616112, -0.011081526055932045, -0.9998909831047058, 1.578470230102539], [-0.9999497532844543, 0.0023738027084618807, 0.009734412655234337, -0.09051513671875], [0.0, 0.0, 0.0, 1.0]], [[-0.9347999095916748, 0.3546193540096283, -0.01985272578895092, 0.9710693359375], [0.022676238790154457, 0.0038076620548963547, -0.9997356534004211, 1.5554289817810059], [-0.3544500768184662, -0.9350030422210693, -0.011600837111473083, -0.1240234375], [0.0, 0.0, 0.0, 1.0]]], "view": [[0.0, -2.0, 100.0], [-2.0, 0.0, 100.0], [0.0, 0.0, 1.0]], "bev": "bev_10a4d313c9d24514be3b9679b20d0f5d.png", "aux": "aux_10a4d313c9d24514be3b9679b20d0f5d.npz", "visibility": "visibility_10a4d313c9d24514be3b9679b20d0f5d.png", "pose": [[0.7730249166488647, 0.6343756318092346, 0.0, 1343.348388671875], [-0.6343756318092346, 0.7730249166488647, 0.0, 2691.146484375], [0.0, 0.0, 1.0, 0.0], [0.0, 0.0, 0.0, 1.0]], "pose_inverse": [[0.7730249166488647, -0.6343756318092346, 0.0, 668.7560424804688], [0.6343756318092346, 0.7730249166488647, 0.0, -2932.5107421875], [0.0, 0.0, 1.0, 0.0], [0.0, 0.0, 0.0, 1.0]], "cam_ids": [0, 1, 2, 3, 4, 5], "cam_channels": ["CAM_FRONT_LEFT", "CAM_FRONT", "CAM_FRONT_RIGHT", "CAM_BACK_LEFT", "CAM_BACK", "CAM_BACK_RIGHT"], "token": "10a4d313c9d24514be3b9679b20d0f5d", "scene": "scene-0407"}, {"images": ["samples/CAM_FRONT_LEFT/n015-2018-09-27-15-33-17+0800__CAM_FRONT_LEFT__1538033794754844.jpg", "samples/CAM_FRONT/n015-2018-09-27-15-33-17+0800__CAM_FRONT__1538033794762460.jpg", "samples/CAM_FRONT_RIGHT/n015-2018-09-27-15-33-17+0800__CAM_FRONT_RIGHT__1538033794770339.jpg", "samples/CAM_BACK_LEFT/n015-2018-09-27-15-33-17+0800__CAM_BACK_LEFT__1538033794797423.jpg", "samples/CAM_BACK/n015-2018-09-27-15-33-17+0800__CAM_BACK__1538033794787525.jpg", "samples/CAM_BACK_RIGHT/n015-2018-09-27-15-33-17+0800__CAM_BACK_RIGHT__1538033794777893.jpg"], "intrinsics": [[[1272.5979470598488, 0.0, 826.6154927353808], [0.0, 1272.5979470598488, 479.75165386361925], [0.0, 0.0, 1.0]], [[1266.417203046554, 0.0, 816.2670197447984], [0.0, 1266.417203046554, 491.50706579294757], [0.0, 0.0, 1.0]], [[1260.8474446004698, 0.0, 807.968244525554], [0.0, 1260.8474446004698, 495.3344268742088], [0.0, 0.0, 1.0]], [[1256.7414812095406, 0.0, 792.1125740759628], [0.0, 1256.7414812095406, 492.7757465151356], [0.0, 0.0, 1.0]], [[809.2209905677063, 0.0, 829.2196003259838], [0.0, 809.2209905677063, 481.77842384512485], [0.0, 0.0, 1.0]], [[1259.5137405846733, 0.0, 807.2529053838625], [0.0, 1259.5137405846733, 501.19579884916527], [0.0, 0.0, 1.0]]], "extrinsics": [[[0.8210594654083252, -0.5706745982170105, -0.013853028416633606, -0.66455078125], [-0.003631266299635172, 0.019045773893594742, -0.9998120069503784, 1.5068702697753906], [0.5708311200141907, 0.8209555149078369, 0.013565441593527794, -1.0743408203125], [0.0, 0.0, 0.0, 1.0]], [[0.006096923723816872, -0.9998639822006226, -0.015322403982281685, 0.009033203125], [-0.009617490693926811, 0.015263348817825317, -0.9998372793197632, 1.517608642578125], [0.9999351501464844, 0.0062433104030787945, -0.009523123502731323, -1.39239501953125], [0.0, 0.0, 0.0, 1.0]], [[-0.8328007459640503, -0.5533888339996338, -0.014275399036705494, 0.8387451171875], [-0.004668716806918383, 0.03280816599726677, -0.9994507431983948, 1.50250244140625], [0.5535531640052795, -0.8322766423225403, -0.02990627847611904, -1.1181640625], [0.0, 0.0, 0.0, 1.0]], [[0.9478039145469666, 0.3188393712043762, 0.0030313406605273485, -1.14044189453125], [0.002008266979828477, 0.003537428565323353, -0.9999917149543762, 1.5885605812072754], [-0.3188474476337433, 0.9478021860122681, 0.0027124746702611446, -0.104248046875], [0.0, 0.0, 0.0, 1.0]], [[0.00236529391258955, 0.9999104142189026, 0.01317629311233759, 0.00244140625], [-0.022759340703487396, 0.013226745650172234, -0.9996534585952759, 1.5773696899414062], [-0.9997380971908569, 0.0020645861513912678, 0.02278858609497547, -0.08526611328125], [0.0, 0.0, 0.0, 1.0]], [[-0.9348837733268738, 0.35495394468307495, 7.665203884243965e-05, 0.977294921875], [0.010605149902403355, 0.028147876262664795, -0.9995474815368652, 1.5532150268554688], [-0.35479551553726196, -0.934459924697876, -0.03007933497428894, -0.122802734375], [0.0, 0.0, 0.0, 1.0]]], "view": [[0.0, -2.0, 100.0], [-2.0, 0.0, 100.0], [0.0, 0.0, 1.0]], "bev": "bev_c9fd97df809e4c86993ea3cd6fd7f579.png", "aux": "aux_c9fd97df809e4c86993ea3cd6fd7f579.npz", "visibility": "visibility_c9fd97df809e4c86993ea3cd6fd7f579.png", "pose": [[0.771007776260376, 0.6368257403373718, 0.0, 1346.670654296875], [-0.6368257403373718, 0.771007776260376, 0.0, 2688.38330078125], [0.0, 0.0, 1.0, 0.0], [0.0, 0.0, 0.0, 1.0]], "pose_inverse": [[0.771007776260376, -0.6368257403373718, 0.0, 673.7382202148438], [0.6368257403373718, 0.771007776260376, 0.0, -2930.35888671875], [0.0, 0.0, 1.0, 0.0], [0.0, 0.0, 0.0, 1.0]], "cam_ids": [0, 1, 2, 3, 4, 5], "cam_channels": ["CAM_FRONT_LEFT", "CAM_FRONT", "CAM_FRONT_RIGHT", "CAM_BACK_LEFT", "CAM_BACK", "CAM_BACK_RIGHT"], "token": "c9fd97df809e4c86993ea3cd6fd7f579", "scene": "scene-0407"}, {"images": ["samples/CAM_FRONT_LEFT/n015-2018-09-27-15-33-17+0800__CAM_FRONT_LEFT__1538033795254844.jpg", "samples/CAM_FRONT/n015-2018-09-27-15-33-17+0800__CAM_FRONT__1538033795262460.jpg", "samples/CAM_FRONT_RIGHT/n015-2018-09-27-15-33-17+0800__CAM_FRONT_RIGHT__1538033795270339.jpg", "samples/CAM_BACK_LEFT/n015-2018-09-27-15-33-17+0800__CAM_BACK_LEFT__1538033795297423.jpg", "samples/CAM_BACK/n015-2018-09-27-15-33-17+0800__CAM_BACK__1538033795287525.jpg", "samples/CAM_BACK_RIGHT/n015-2018-09-27-15-33-17+0800__CAM_BACK_RIGHT__1538033795277893.jpg"], "intrinsics": [[[1272.5979470598488, 0.0, 826.6154927353808], [0.0, 1272.5979470598488, 479.75165386361925], [0.0, 0.0, 1.0]], [[1266.417203046554, 0.0, 816.2670197447984], [0.0, 1266.417203046554, 491.50706579294757], [0.0, 0.0, 1.0]], [[1260.8474446004698, 0.0, 807.968244525554], [0.0, 1260.8474446004698, 495.3344268742088], [0.0, 0.0, 1.0]], [[1256.7414812095406, 0.0, 792.1125740759628], [0.0, 1256.7414812095406, 492.7757465151356], [0.0, 0.0, 1.0]], [[809.2209905677063, 0.0, 829.2196003259838], [0.0, 809.2209905677063, 481.77842384512485], [0.0, 0.0, 1.0]], [[1259.5137405846733, 0.0, 807.2529053838625], [0.0, 1259.5137405846733, 501.19579884916527], [0.0, 0.0, 1.0]]], "extrinsics": [[[0.820739209651947, -0.5711931586265564, -0.011197073385119438, -0.657958984375], [-0.0028369235806167126, 0.015524177812039852, -0.9998754858970642, 1.507171630859375], [0.5712957978248596, 0.8206688165664673, 0.01112087070941925, -1.0677490234375], [0.0, 0.0, 0.0, 1.0]], [[0.005658397916704416, -0.9999216198921204, -0.011166395619511604, 0.0078125], [-0.00836106389760971, 0.011118875816464424, -0.9999032616615295, 1.5179481506347656], [0.999949038028717, 0.005751198157668114, -0.008297494612634182, -1.3843994140625], [0.0, 0.0, 0.0, 1.0]], [[-0.832970380783081, -0.5531644225120544, -0.013014107942581177, 0.8326416015625], [-0.0029801069758832455, 0.028004847466945648, -0.9996033310890198, 1.5029067993164062], [0.5533095002174377, -0.8326011896133423, -0.024975698441267014, -1.115234375], [0.0, 0.0, 0.0, 1.0]], [[0.947750449180603, 0.3189905881881714, 0.0037331441417336464, -1.1343994140625], [0.005062333773821592, -0.0033378845546394587, -0.9999816417694092, 1.588602066040039], [-0.3189723491668701, 0.9477519989013672, -0.0047783199697732925, -0.10693359375], [0.0, 0.0, 0.0, 1.0]], [[0.002411970403045416, 0.9999728202819824, 0.006965631153434515, 0.00244140625], [-0.020182723179459572, 0.007012911606580019, -0.9997717142105103, 1.5774803161621094], [-0.9997933506965637, 0.0022708503529429436, 0.020199088379740715, -0.09112548828125], [0.0, 0.0, 0.0, 1.0]], [[-0.9347929954528809, 0.3551727831363678, -0.003786532673984766, 0.9718017578125], [0.012675642035901546, 0.02270401455461979, -0.9996618628501892, 1.5536613464355469], [-0.3549667298793793, -0.9345249533653259, -0.025725597515702248, -0.125732421875], [0.0, 0.0, 0.0, 1.0]]], "view": [[0.0, -2.0, 100.0], [-2.0, 0.0, 100.0], [0.0, 0.0, 1.0]], "bev": "bev_4d184d1e16c14a08af8f5cab36dca586.png", "aux": "aux_4d184d1e16c14a08af8f5cab36dca586.npz", "visibility": "visibility_4d184d1e16c14a08af8f5cab36dca586.png", "pose": [[0.7676250338554382, 0.6408991813659668, 0.0, 1349.948486328125], [-0.6408991813659668, 0.7676250338554382, 0.0, 2685.625732421875], [0.0, 0.0, 1.0, 0.0], [0.0, 0.0, 0.0, 1.0]], "pose_inverse": [[0.7676250338554382, -0.6408991813659668, 0.0, 684.9611206054688], [0.6408991813659668, 0.7676250338554382, 0.0, -2926.734375], [0.0, 0.0, 1.0, 0.0], [0.0, 0.0, 0.0, 1.0]], "cam_ids": [0, 1, 2, 3, 4, 5], "cam_channels": ["CAM_FRONT_LEFT", "CAM_FRONT", "CAM_FRONT_RIGHT", "CAM_BACK_LEFT", "CAM_BACK", "CAM_BACK_RIGHT"], "token": "4d184d1e16c14a08af8f5cab36dca586", "scene": "scene-0407"}, {"images": ["samples/CAM_FRONT_LEFT/n015-2018-09-27-15-33-17+0800__CAM_FRONT_LEFT__1538033795754844.jpg", "samples/CAM_FRONT/n015-2018-09-27-15-33-17+0800__CAM_FRONT__1538033795762460.jpg", "samples/CAM_FRONT_RIGHT/n015-2018-09-27-15-33-17+0800__CAM_FRONT_RIGHT__1538033795770339.jpg", "samples/CAM_BACK_LEFT/n015-2018-09-27-15-33-17+0800__CAM_BACK_LEFT__1538033795797423.jpg", "samples/CAM_BACK/n015-2018-09-27-15-33-17+0800__CAM_BACK__1538033795787525.jpg", "samples/CAM_BACK_RIGHT/n015-2018-09-27-15-33-17+0800__CAM_BACK_RIGHT__1538033795777893.jpg"], "intrinsics": [[[1272.5979470598488, 0.0, 826.6154927353808], [0.0, 1272.5979470598488, 479.75165386361925], [0.0, 0.0, 1.0]], [[1266.417203046554, 0.0, 816.2670197447984], [0.0, 1266.417203046554, 491.50706579294757], [0.0, 0.0, 1.0]], [[1260.8474446004698, 0.0, 807.968244525554], [0.0, 1260.8474446004698, 495.3344268742088], [0.0, 0.0, 1.0]], [[1256.7414812095406, 0.0, 792.1125740759628], [0.0, 1256.7414812095406, 492.7757465151356], [0.0, 0.0, 1.0]], [[809.2209905677063, 0.0, 829.2196003259838], [0.0, 809.2209905677063, 481.77842384512485], [0.0, 0.0, 1.0]], [[1259.5137405846733, 0.0, 807.2529053838625], [0.0, 1259.5137405846733, 501.19579884916527], [0.0, 0.0, 1.0]]], "extrinsics": [[[0.8203362822532654, -0.5718426704406738, -0.006653819233179092, -0.65673828125], [-0.011885597370564938, -0.005415709689259529, -0.9999147057533264, 1.5038018226623535], [0.5717579126358032, 0.8203453421592712, -0.01123939547687769, -1.0675048828125], [0.0, 0.0, 0.0, 1.0]], [[0.005205846857279539, -0.9999392032623291, 0.00972129125148058, 0.008056640625], [-0.017215106636285782, -0.009809599258005619, -0.9998036623001099, 1.5152301788330078], [0.9998381733894348, 0.005037407390773296, -0.01726512610912323, -1.3837890625], [0.0, 0.0, 0.0, 1.0]], [[-0.8331819772720337, -0.5529689788818359, 0.005737054627388716, 0.832275390625], [-0.011574367061257362, 0.007065542973577976, -0.9999080300331116, 1.5008525848388672], [0.55287766456604, -0.8331717848777771, -0.012287149205803871, -1.114990234375], [0.0, 0.0, 0.0, 1.0]], [[0.9477365016937256, 0.3188880681991577, -0.010299446992576122, -1.1356201171875], [-0.002668835688382387, -0.02435651794075966, -0.9996997714042664, 1.5885391235351562], [-0.3190430700778961, 0.9474794268608093, -0.022232502698898315, -0.106201171875], [0.0, 0.0, 0.0, 1.0]], [[0.0024914825335144997, 0.9998982548713684, -0.01404790673404932, 0.00244140625], [-0.02821020409464836, -0.013972081243991852, -0.9995043277740479, 1.576761245727539], [-0.9995988607406616, 0.0028864566702395678, 0.02817252278327942, -0.090576171875], [0.0, 0.0, 0.0, 1.0]], [[-0.9347480535507202, 0.355294406414032, -0.0034448711667209864, 0.971923828125], [0.004345358815044165, 0.0017365365056321025, -0.9999890327453613, 1.5522112846374512], [-0.3552846312522888, -0.9347528219223022, -0.0031671070028096437, -0.125244140625], [0.0, 0.0, 0.0, 1.0]]], "view": [[0.0, -2.0, 100.0], [-2.0, 0.0, 100.0], [0.0, 0.0, 1.0]], "bev": "bev_597d04336add4172bae00a5430dfa7a9.png", "aux": "aux_597d04336add4172bae00a5430dfa7a9.npz", "visibility": "visibility_597d04336add4172bae00a5430dfa7a9.png", "pose": [[0.7673415541648865, 0.6412386298179626, 0.0, 1353.2337646484375], [-0.6412386298179626, 0.7673415541648865, 0.0, 2682.857177734375], [0.0, 0.0, 1.0, 0.0], [0.0, 0.0, 0.0, 1.0]], "pose_inverse": [[0.7673415541648865, -0.6412386298179626, 0.0, 681.9591064453125], [0.6412386298179626, 0.7673415541648865, 0.0, -2926.41357421875], [0.0, 0.0, 1.0, 0.0], [0.0, 0.0, 0.0, 1.0]], "cam_ids": [0, 1, 2, 3, 4, 5], "cam_channels": ["CAM_FRONT_LEFT", "CAM_FRONT", "CAM_FRONT_RIGHT", "CAM_BACK_LEFT", "CAM_BACK", "CAM_BACK_RIGHT"], "token": "597d04336add4172bae00a5430dfa7a9", "scene": "scene-0407"}, {"images": ["samples/CAM_FRONT_LEFT/n015-2018-09-27-15-33-17+0800__CAM_FRONT_LEFT__1538033796254844.jpg", "samples/CAM_FRONT/n015-2018-09-27-15-33-17+0800__CAM_FRONT__1538033796262460.jpg", "samples/CAM_FRONT_RIGHT/n015-2018-09-27-15-33-17+0800__CAM_FRONT_RIGHT__1538033796270339.jpg", "samples/CAM_BACK_LEFT/n015-2018-09-27-15-33-17+0800__CAM_BACK_LEFT__1538033796297423.jpg", "samples/CAM_BACK/n015-2018-09-27-15-33-17+0800__CAM_BACK__1538033796287525.jpg", "samples/CAM_BACK_RIGHT/n015-2018-09-27-15-33-17+0800__CAM_BACK_RIGHT__1538033796277893.jpg"], "intrinsics": [[[1272.5979470598488, 0.0, 826.6154927353808], [0.0, 1272.5979470598488, 479.75165386361925], [0.0, 0.0, 1.0]], [[1266.417203046554, 0.0, 816.2670197447984], [0.0, 1266.417203046554, 491.50706579294757], [0.0, 0.0, 1.0]], [[1260.8474446004698, 0.0, 807.968244525554], [0.0, 1260.8474446004698, 495.3344268742088], [0.0, 0.0, 1.0]], [[1256.7414812095406, 0.0, 792.1125740759628], [0.0, 1256.7414812095406, 492.7757465151356], [0.0, 0.0, 1.0]], [[809.2209905677063, 0.0, 829.2196003259838], [0.0, 809.2209905677063, 481.77842384512485], [0.0, 0.0, 1.0]], [[1259.5137405846733, 0.0, 807.2529053838625], [0.0, 1259.5137405846733, 501.19579884916527], [0.0, 0.0, 1.0]]], "extrinsics": [[[0.8207531571388245, -0.5712804198265076, 0.0016702687134966254, -0.657958984375], [-0.004157180432230234, -0.008896169252693653, -0.9999517798423767, 1.5067157745361328], [0.5712677240371704, 0.8207066655158997, -0.009676476009190083, -1.0692138671875], [0.0, 0.0, 0.0, 1.0]], [[0.005727046635001898, -0.9999015927314758, 0.012799554504454136, 0.0087890625], [-0.00957832857966423, -0.012854029424488544, -0.9998714923858643, 1.5176143646240234], [0.9999377131462097, 0.005603705998510122, -0.009651003405451775, -1.3853759765625], [0.0, 0.0, 0.0, 1.0]], [[-0.8329266309738159, -0.5533826351165771, 0.0009090834064409137, 0.833740234375], [-0.004070165101438761, 0.004483485594391823, -0.9999816417694092, 1.5026636123657227], [0.5533683896064758, -0.8329150676727295, -0.005986772943288088, -1.114990234375], [0.0, 0.0, 0.0, 1.0]], [[0.9477688074111938, 0.3189322352409363, -0.004043672699481249, -1.1370849609375], [0.004313154146075249, -0.02549191564321518, -0.9996656775474548, 1.5885696411132812], [-0.31892871856689453, 0.9474346041679382, -0.02553604729473591, -0.105224609375], [0.0, 0.0, 0.0, 1.0]], [[0.0023497187066823244, 0.9998747706413269, -0.015650952234864235, 0.00244140625], [-0.021037094295024872, -0.015598106198012829, -0.9996570348739624, 1.5774517059326172], [-0.9997758865356445, 0.002678186632692814, 0.02099781110882759, -0.089111328125], [0.0, 0.0, 0.0, 1.0]], [[-0.9348402619361877, 0.3548954427242279, -0.011087571270763874, 0.9732666015625], [0.011710932478308678, -0.000391552661312744, -0.9999313950538635, 1.553487777709961], [-0.3548753559589386, -0.9349059462547302, -0.0037901182658970356, -0.124755859375], [0.0, 0.0, 0.0, 1.0]]], "view": [[0.0, -2.0, 100.0], [-2.0, 0.0, 100.0], [0.0, 0.0, 1.0]], "bev": "bev_eff0a819ceb744b092a5416f3c86e965.png", "aux": "aux_eff0a819ceb744b092a5416f3c86e965.npz", "visibility": "visibility_eff0a819ceb744b092a5416f3c86e965.png", "pose": [[0.7686976790428162, 0.6396122574806213, 0.0, 1356.5274658203125], [-0.6396122574806213, 0.7686976790428162, 0.0, 2680.09521484375], [0.0, 0.0, 1.0, 0.0], [0.0, 0.0, 0.0, 1.0]], "pose_inverse": [[0.7686976790428162, -0.6396122574806213, 0.0, 671.4622802734375], [0.6396122574806213, 0.7686976790428162, 0.0, -2927.834716796875], [0.0, 0.0, 1.0, 0.0], [0.0, 0.0, 0.0, 1.0]], "cam_ids": [0, 1, 2, 3, 4, 5], "cam_channels": ["CAM_FRONT_LEFT", "CAM_FRONT", "CAM_FRONT_RIGHT", "CAM_BACK_LEFT", "CAM_BACK", "CAM_BACK_RIGHT"], "token": "eff0a819ceb744b092a5416f3c86e965", "scene": "scene-0407"}, {"images": ["samples/CAM_FRONT_LEFT/n015-2018-09-27-15-33-17+0800__CAM_FRONT_LEFT__1538033796754844.jpg", "samples/CAM_FRONT/n015-2018-09-27-15-33-17+0800__CAM_FRONT__1538033796762460.jpg", "samples/CAM_FRONT_RIGHT/n015-2018-09-27-15-33-17+0800__CAM_FRONT_RIGHT__1538033796770339.jpg", "samples/CAM_BACK_LEFT/n015-2018-09-27-15-33-17+0800__CAM_BACK_LEFT__1538033796797423.jpg", "samples/CAM_BACK/n015-2018-09-27-15-33-17+0800__CAM_BACK__1538033796787525.jpg", "samples/CAM_BACK_RIGHT/n015-2018-09-27-15-33-17+0800__CAM_BACK_RIGHT__1538033796777893.jpg"], "intrinsics": [[[1272.5979470598488, 0.0, 826.6154927353808], [0.0, 1272.5979470598488, 479.75165386361925], [0.0, 0.0, 1.0]], [[1266.417203046554, 0.0, 816.2670197447984], [0.0, 1266.417203046554, 491.50706579294757], [0.0, 0.0, 1.0]], [[1260.8474446004698, 0.0, 807.968244525554], [0.0, 1260.8474446004698, 495.3344268742088], [0.0, 0.0, 1.0]], [[1256.7414812095406, 0.0, 792.1125740759628], [0.0, 1256.7414812095406, 492.7757465151356], [0.0, 0.0, 1.0]], [[809.2209905677063, 0.0, 829.2196003259838], [0.0, 809.2209905677063, 481.77842384512485], [0.0, 0.0, 1.0]], [[1259.5137405846733, 0.0, 807.2529053838625], [0.0, 1259.5137405846733, 501.19579884916527], [0.0, 0.0, 1.0]]], "extrinsics": [[[0.8209308385848999, -0.5710201859474182, -0.0029284243937581778, -0.65576171875], [0.006374655291438103, 0.014292344450950623, -0.9998775124549866, 1.5106201171875], [0.5709920525550842, 0.8208116292953491, 0.015373081900179386, -1.0670166015625], [0.0, 0.0, 0.0, 1.0]], [[0.005945791956037283, -0.9999277591705322, -0.01044212095439434, 0.00830078125], [0.0005619112635031343, 0.01044564601033926, -0.999945342540741, 1.52069091796875], [0.9999820590019226, 0.005939512979239225, 0.0006239771610125899, -1.3834228515625], [0.0, 0.0, 0.0, 1.0]], [[-0.8327385783195496, -0.5533014535903931, -0.020099803805351257, 0.8333740234375], [0.005624157376587391, 0.027847815304994583, -0.9995962977409363, 1.5049591064453125], [0.5536379218101501, -0.8325154185295105, -0.02007809281349182, -1.11474609375], [0.0, 0.0, 0.0, 1.0]], [[0.947742760181427, 0.31884101033210754, 0.011132686398923397, -1.138214111328125], [0.012358359061181545, -0.001821373589336872, -0.999921977519989, 1.588608741760254], [-0.31879591941833496, 0.9478064179420471, -0.0056665451265871525, -0.10498046875], [0.0, 0.0, 0.0, 1.0]], [[0.002329115988686681, 0.9999664425849915, 0.00785531010478735, 0.002197265625], [-0.012360255233943462, 0.007883518002927303, -0.99989253282547, 1.578237533569336], [-0.9999209046363831, 0.0022316870745271444, 0.012378200888633728, -0.08831787109375], [0.0, 0.0, 0.0, 1.0]], [[-0.934777021408081, 0.35505104064941406, -0.011434772051870823, 0.9736328125], [0.02096090093255043, 0.022995376959443092, -0.9995158314704895, 1.5550689697265625], [-0.3546161651611328, -0.9345641136169434, -0.02893774025142193, -0.12451171875], [0.0, 0.0, 0.0, 1.0]]], "view": [[0.0, -2.0, 100.0], [-2.0, 0.0, 100.0], [0.0, 0.0, 1.0]], "bev": "bev_e545d8dc218349748fa0b8cdc52ae7a8.png", "aux": "aux_e545d8dc218349748fa0b8cdc52ae7a8.npz", "visibility": "visibility_e545d8dc218349748fa0b8cdc52ae7a8.png", "pose": [[0.7686408162117004, 0.6396806240081787, 0.0, 1359.8404541015625], [-0.6396806240081787, 0.7686408162117004, 0.0, 2677.32080078125], [0.0, 0.0, 1.0, 0.0], [0.0, 0.0, 0.0, 1.0]], "pose_inverse": [[0.7686408162117004, -0.6396806240081787, 0.0, 667.4013671875], [0.6396806240081787, 0.7686408162117004, 0.0, -2927.76171875], [0.0, 0.0, 1.0, 0.0], [0.0, 0.0, 0.0, 1.0]], "cam_ids": [0, 1, 2, 3, 4, 5], "cam_channels": ["CAM_FRONT_LEFT", "CAM_FRONT", "CAM_FRONT_RIGHT", "CAM_BACK_LEFT", "CAM_BACK", "CAM_BACK_RIGHT"], "token": "e545d8dc218349748fa0b8cdc52ae7a8", "scene": "scene-0407"}, {"images": ["samples/CAM_FRONT_LEFT/n015-2018-09-27-15-33-17+0800__CAM_FRONT_LEFT__1538033797254844.jpg", "samples/CAM_FRONT/n015-2018-09-27-15-33-17+0800__CAM_FRONT__1538033797262460.jpg", "samples/CAM_FRONT_RIGHT/n015-2018-09-27-15-33-17+0800__CAM_FRONT_RIGHT__1538033797270339.jpg", "samples/CAM_BACK_LEFT/n015-2018-09-27-15-33-17+0800__CAM_BACK_LEFT__1538033797297423.jpg", "samples/CAM_BACK/n015-2018-09-27-15-33-17+0800__CAM_BACK__1538033797287525.jpg", "samples/CAM_BACK_RIGHT/n015-2018-09-27-15-33-17+0800__CAM_BACK_RIGHT__1538033797277893.jpg"], "intrinsics": [[[1272.5979470598488, 0.0, 826.6154927353808], [0.0, 1272.5979470598488, 479.75165386361925], [0.0, 0.0, 1.0]], [[1266.417203046554, 0.0, 816.2670197447984], [0.0, 1266.417203046554, 491.50706579294757], [0.0, 0.0, 1.0]], [[1260.8474446004698, 0.0, 807.968244525554], [0.0, 1260.8474446004698, 495.3344268742088], [0.0, 0.0, 1.0]], [[1256.7414812095406, 0.0, 792.1125740759628], [0.0, 1256.7414812095406, 492.7757465151356], [0.0, 0.0, 1.0]], [[809.2209905677063, 0.0, 829.2196003259838], [0.0, 809.2209905677063, 481.77842384512485], [0.0, 0.0, 1.0]], [[1259.5137405846733, 0.0, 807.2529053838625], [0.0, 1259.5137405846733, 501.19579884916527], [0.0, 0.0, 1.0]]], "extrinsics": [[[0.8205711841583252, -0.5713728070259094, -0.014008861966431141, -0.658935546875], [-0.011445945128798485, 0.008077520877122879, -0.9999018311500549, 1.5039730072021484], [0.5714298486709595, 0.8206509351730347, 8.827995043247938e-05, -1.0689697265625], [0.0, 0.0, 0.0, 1.0]], [[0.005539747420698404, -0.9999783039093018, -0.0035618452820926905, 0.00830078125], [-0.016398511826992035, 0.003470576135441661, -0.9998595714569092, 1.5155315399169922], [0.9998501539230347, 0.005597379524260759, -0.01637892983853817, -1.3878173828125], [0.0, 0.0, 0.0, 1.0]], [[-0.8330448865890503, -0.5531998872756958, -0.002480081282556057, 0.8372802734375], [-0.010394013486802578, 0.02013399824500084, -0.9997432827949524, 1.5011825561523438], [0.553107738494873, -0.8328051567077637, -0.022522490471601486, -1.117919921875], [0.0, 0.0, 0.0, 1.0]], [[0.947751522064209, 0.3189820945262909, -0.004187645390629768, -1.1435546875], [-0.0004025253583677113, -0.011931237764656544, -0.9999287128448486, 1.5885581970214844], [-0.31900933384895325, 0.9476856589317322, -0.01117944996803999, -0.103271484375], [0.0, 0.0, 0.0, 1.0]], [[0.002424475271254778, 0.9999961256980896, -0.0013787706848233938, 0.00244140625], [-0.02628672495484352, -0.001314566470682621, -0.9996536374092102, 1.5771455764770508], [-0.9996514916419983, 0.002459930954501033, 0.02628343552350998, -0.0821533203125], [0.0, 0.0, 0.0, 1.0]], [[-0.934805691242218, 0.35515931248664856, -0.00028915598522871733, 0.9783935546875], [0.005863422993570566, 0.014618901535868645, -0.9998759627342224, 1.5524253845214844], [-0.35511109232902527, -0.9346914887428284, -0.01574828289449215, -0.122802734375], [0.0, 0.0, 0.0, 1.0]]], "view": [[0.0, -2.0, 100.0], [-2.0, 0.0, 100.0], [0.0, 0.0, 1.0]], "bev": "bev_27dfaf1360ac4a1386427e0e2bf8514f.png", "aux": "aux_27dfaf1360ac4a1386427e0e2bf8514f.npz", "visibility": "visibility_27dfaf1360ac4a1386427e0e2bf8514f.png", "pose": [[0.7715529799461365, 0.6361650824546814, 0.0, 1363.181640625], [-0.6361650824546814, 0.7715529799461365, 0.0, 2674.520263671875], [0.0, 0.0, 1.0, 0.0], [0.0, 0.0, 0.0, 1.0]], "pose_inverse": [[0.7715529799461365, -0.6361650824546814, 0.0, 649.6695556640625], [0.6361650824546814, 0.7715529799461365, 0.0, -2930.74267578125], [0.0, 0.0, 1.0, 0.0], [0.0, 0.0, 0.0, 1.0]], "cam_ids": [0, 1, 2, 3, 4, 5], "cam_channels": ["CAM_FRONT_LEFT", "CAM_FRONT", "CAM_FRONT_RIGHT", "CAM_BACK_LEFT", "CAM_BACK", "CAM_BACK_RIGHT"], "token": "27dfaf1360ac4a1386427e0e2bf8514f", "scene": "scene-0407"}, {"images": ["samples/CAM_FRONT_LEFT/n015-2018-09-27-15-33-17+0800__CAM_FRONT_LEFT__1538033797754844.jpg", "samples/CAM_FRONT/n015-2018-09-27-15-33-17+0800__CAM_FRONT__1538033797762460.jpg", "samples/CAM_FRONT_RIGHT/n015-2018-09-27-15-33-17+0800__CAM_FRONT_RIGHT__1538033797770340.jpg", "samples/CAM_BACK_LEFT/n015-2018-09-27-15-33-17+0800__CAM_BACK_LEFT__1538033797797423.jpg", "samples/CAM_BACK/n015-2018-09-27-15-33-17+0800__CAM_BACK__1538033797787525.jpg", "samples/CAM_BACK_RIGHT/n015-2018-09-27-15-33-17+0800__CAM_BACK_RIGHT__1538033797777893.jpg"], "intrinsics": [[[1272.5979470598488, 0.0, 826.6154927353808], [0.0, 1272.5979470598488, 479.75165386361925], [0.0, 0.0, 1.0]], [[1266.417203046554, 0.0, 816.2670197447984], [0.0, 1266.417203046554, 491.50706579294757], [0.0, 0.0, 1.0]], [[1260.8474446004698, 0.0, 807.968244525554], [0.0, 1260.8474446004698, 495.3344268742088], [0.0, 0.0, 1.0]], [[1256.7414812095406, 0.0, 792.1125740759628], [0.0, 1256.7414812095406, 492.7757465151356], [0.0, 0.0, 1.0]], [[809.2209905677063, 0.0, 829.2196003259838], [0.0, 809.2209905677063, 481.77842384512485], [0.0, 0.0, 1.0]], [[1259.5137405846733, 0.0, 807.2529053838625], [0.0, 1259.5137405846733, 501.19579884916527], [0.0, 0.0, 1.0]]], "extrinsics": [[[0.8207954168319702, -0.5712218284606934, -0.000762046140152961, -0.668212890625], [-0.004814125131815672, -0.0055834464728832245, -0.9999728202819824, 1.506535530090332], [0.5712020397186279, 0.8207767605781555, -0.007332799956202507, -1.077392578125], [0.0, 0.0, 0.0, 1.0]], [[0.0057692332193255424, -0.9999389052391052, 0.009424242191016674, 0.009521484375], [-0.009983668103814125, -0.009481525979936123, -0.9999052286148071, 1.5176067352294922], [0.9999335408210754, 0.005674624815583229, -0.010037760250270367, -1.3968505859375], [0.0, 0.0, 0.0, 1.0]], [[-0.83292555809021, -0.5533843636512756, -0.0008608506177552044, 0.84228515625], [-0.004227472003549337, 0.0079185226932168, -0.9999596476554871, 1.5026588439941406], [0.553368866443634, -0.8328883647918701, -0.00893495511263609, -1.1201171875], [0.0, 0.0, 0.0, 1.0]], [[0.9476914405822754, 0.31917956471443176, -0.0023035448975861073, -1.14239501953125], [0.004938996862620115, -0.021879877895116806, -0.9997484087944031, 1.5885696411132812], [-0.3191496431827545, 0.9474416375160217, -0.022311799228191376, -0.104248046875], [0.0, 0.0, 0.0, 1.0]], [[0.0022995809558779, 0.9999246001243591, -0.012065245769917965, 0.001953125], [-0.020683934912085533, -0.01201513409614563, -0.9997138977050781, 1.5776252746582031], [-0.999783456325531, 0.00