[{"images": ["samples/CAM_FRONT_LEFT/n008-2018-08-01-15-52-19-0400__CAM_FRONT_LEFT__1533153343254799.jpg", "samples/CAM_FRONT/n008-2018-08-01-15-52-19-0400__CAM_FRONT__1533153343262404.jpg", "samples/CAM_FRONT_RIGHT/n008-2018-08-01-15-52-19-0400__CAM_FRONT_RIGHT__1533153343270482.jpg", "samples/CAM_BACK_LEFT/n008-2018-08-01-15-52-19-0400__CAM_BACK_LEFT__1533153343297405.jpg", "samples/CAM_BACK/n008-2018-08-01-15-52-19-0400__CAM_BACK__1533153343287558.jpg", "samples/CAM_BACK_RIGHT/n008-2018-08-01-15-52-19-0400__CAM_BACK_RIGHT__1533153343278113.jpg"], "intrinsics": [[[1257.8625342125129, 0.0, 827.2410631095686], [0.0, 1257.8625342125129, 450.915498205774], [0.0, 0.0, 1.0]], [[1252.8131021185304, 0.0, 826.588114781398], [0.0, 1252.8131021185304, 469.9846626224581], [0.0, 0.0, 1.0]], [[1256.7485116440405, 0.0, 817.7887570959712], [0.0, 1256.7485116440403, 451.9541780095127], [0.0, 0.0, 1.0]], [[1254.9860565800168, 0.0, 829.5769333630991], [0.0, 1254.9860565800168, 467.1680561863987], [0.0, 0.0, 1.0]], [[796.8910634503094, 0.0, 857.7774326863696], [0.0, 796.8910634503094, 476.8848988407415], [0.0, 0.0, 1.0]], [[1249.9629280788233, 0.0, 825.3768045375984], [0.0, 1249.9629280788233, 462.54816385708756], [0.0, 0.0, 1.0]]], "extrinsics": [[[0.8222323656082153, -0.5690566897392273, -0.010419695638120174, -0.970703125], [0.0046882606111466885, 0.02507859840989113, -0.9996744394302368, 1.4884357452392578], [0.5691328048706055, 0.821915864944458, 0.023288317024707794, -1.3118866682052612], [0.0, 0.0, 0.0, 1.0]], [[0.009791656397283077, -0.9997355937957764, -0.020808277651667595, 0.0074462890625], [0.006608929019421339, 0.020873524248600006, -0.9997602701187134, 1.4803524017333984], [0.999930202960968, 0.009651790373027325, 0.0068115671165287495, -1.701416015625], [0.0, 0.0, 0.0, 1.0]], [[-0.8441954851150513, -0.5357064604759216, -0.018776820972561836, 1.0694580078125], [0.014564666897058487, 0.012092500925064087, -0.9998207688331604, 1.4934368133544922], [0.5358375310897827, -0.8443176746368408, -0.0024060490541160107, -1.2625732421875], [0.0, 0.0, 0.0, 1.0]], [[0.9478756785392761, 0.31863588094711304, -0.0016514199087396264, -1.14306640625], [-0.010853440500795841, 0.027106160297989845, -0.9995736479759216, 1.5620307922363281], [-0.3184553384780884, 0.9474895000457764, 0.029151568189263344, -0.156494140625], [0.0, 0.0, 0.0, 1.0]], [[0.009372998028993607, 0.9997649788856506, 0.019547002390027046, -0.029052734375], [-0.008717830292880535, 0.019628819078207016, -0.9997692704200745, 1.567962646484375], [-0.9999181032180786, 0.009200354106724262, 0.00889976043254137, 0.0340576171875], [0.0, 0.0, 0.0, 1.0]], [[-0.923640787601471, 0.38324737548828125, 0.003006888087838888, 1.142822265625], [-0.004511071369051933, -0.003026156220585108, -0.9999852180480957, 1.5477299690246582], [-0.3832325339317322, -0.923640787601471, 0.004523938056081533, -0.050018310546875], [0.0, 0.0, 0.0, 1.0]]], "view": [[0.0, -2.0, 100.0], [-2.0, 0.0, 100.0], [0.0, 0.0, 1.0]], "bev": "bev_a805936597f243a38745c2e8bcadf378.png", "aux": "aux_a805936597f243a38745c2e8bcadf378.npz", "visibility": "visibility_a805936597f243a38745c2e8bcadf378.png", "pose": [[0.4851420223712921, -0.8744353652000427, 0.0, 1704.5164794921875], [0.8744353652000427, 0.4851420223712921, 0.0, 841.904052734375], [0.0, 0.0, 1.0, 0.0], [0.0, 0.0, 0.0, 1.0]], "pose_inverse": [[0.4851420223712921, 0.8744353652000427, 0.0, -1563.123291015625], [-0.8744353652000427, 0.4851420223712921, 0.0, 1082.04638671875], [0.0, 0.0, 1.0, 0.0], [0.0, 0.0, 0.0, 1.0]], "cam_ids": [0, 1, 2, 3, 4, 5], "cam_channels": ["CAM_FRONT_LEFT", "CAM_FRONT", "CAM_FRONT_RIGHT", "CAM_BACK_LEFT", "CAM_BACK", "CAM_BACK_RIGHT"], "token": "a805936597f243a38745c2e8bcadf378", "scene": "scene-0065"}, {"images": ["samples/CAM_FRONT_LEFT/n008-2018-08-01-15-52-19-0400__CAM_FRONT_LEFT__1533153343754799.jpg", "samples/CAM_FRONT/n008-2018-08-01-15-52-19-0400__CAM_FRONT__1533153343762404.jpg", "samples/CAM_FRONT_RIGHT/n008-2018-08-01-15-52-19-0400__CAM_FRONT_RIGHT__1533153343770482.jpg", "samples/CAM_BACK_LEFT/n008-2018-08-01-15-52-19-0400__CAM_BACK_LEFT__1533153343797405.jpg", "samples/CAM_BACK/n008-2018-08-01-15-52-19-0400__CAM_BACK__1533153343787558.jpg", "samples/CAM_BACK_RIGHT/n008-2018-08-01-15-52-19-0400__CAM_BACK_RIGHT__1533153343778113.jpg"], "intrinsics": [[[1257.8625342125129, 0.0, 827.2410631095686], [0.0, 1257.8625342125129, 450.915498205774], [0.0, 0.0, 1.0]], [[1252.8131021185304, 0.0, 826.588114781398], [0.0, 1252.8131021185304, 469.9846626224581], [0.0, 0.0, 1.0]], [[1256.7485116440405, 0.0, 817.7887570959712], [0.0, 1256.7485116440403, 451.9541780095127], [0.0, 0.0, 1.0]], [[1254.9860565800168, 0.0, 829.5769333630991], [0.0, 1254.9860565800168, 467.1680561863987], [0.0, 0.0, 1.0]], [[796.8910634503094, 0.0, 857.7774326863696], [0.0, 796.8910634503094, 476.8848988407415], [0.0, 0.0, 1.0]], [[1249.9629280788233, 0.0, 825.3768045375984], [0.0, 1249.9629280788233, 462.54816385708756], [0.0, 0.0, 1.0]]], "extrinsics": [[[0.8221164345741272, -0.5692039132118225, -0.011472423560917377, -0.95458984375], [0.0071670073084533215, 0.030496817082166672, -0.9995091557502747, 1.4886894226074219], [0.5692743062973022, 0.8216306567192078, 0.029151419177651405, -1.3000974655151367], [0.0, 0.0, 0.0, 1.0]], [[0.00966684427112341, -0.9996078610420227, -0.026279672980308533, 0.0068359375], [0.009126742370426655, 0.026368005201220512, -0.9996106624603271, 1.4805898666381836], [0.9999116063117981, 0.009423227980732918, 0.009378060698509216, -1.68505859375], [0.0, 0.0, 0.0, 1.0]], [[-0.8442038297653198, -0.5354874730110168, -0.023937592282891273, 1.0587158203125], [0.017150938510894775, 0.01765018329024315, -0.9996970891952515, 1.4937186241149902], [0.5357478260993958, -0.8443587422370911, -0.005716240499168634, -1.2562255859375], [0.0, 0.0, 0.0, 1.0]], [[0.9478619694709778, 0.3186708986759186, 0.002564545487985015, -1.144287109375], [-0.008291076868772507, 0.03270421549677849, -0.9994306564331055, 1.5620460510253906], [-0.31857335567474365, 0.9473010301589966, 0.03364120423793793, -0.156005859375], [0.0, 0.0, 0.0, 1.0]], [[0.009334958158433437, 0.9996396899223328, 0.025167210027575493, -0.0289306640625], [-0.006126417778432369, 0.02522500604391098, -0.9996629953384399, 1.5679740905761719], [-0.9999376535415649, 0.009177623316645622, 0.006359685678035021, 0.030517578125], [0.0, 0.0, 0.0, 1.0]], [[-0.9236197471618652, 0.38330012559890747, 0.0027422835119068623, 1.13525390625], [-0.0019084851955994964, 0.00255558337084949, -0.9999949336051941, 1.547757625579834], [-0.3833051919937134, -0.9236202239990234, -0.0016288639744743705, -0.053680419921875], [0.0, 0.0, 0.0, 1.0]]], "view": [[0.0, -2.0, 100.0], [-2.0, 0.0, 100.0], [0.0, 0.0, 1.0]], "bev": "bev_eecfebabb58247e1aff3d8771928d4f9.png", "aux": "aux_eecfebabb58247e1aff3d8771928d4f9.npz", "visibility": "visibility_eecfebabb58247e1aff3d8771928d4f9.png", "pose": [[0.47825562953948975, -0.8782206773757935, 0.0, 1704.830078125], [0.8782206773757935, 0.47825562953948975, 0.0, 842.4356079101562], [0.0, 0.0, 1.0, 0.0], [0.0, 0.0, 0.0, 1.0]], "pose_inverse": [[0.47825562953948975, 0.8782206773757935, 0.0, -1555.18896484375], [-0.8782206773757935, 0.47825562953948975, 0.0, 1094.3175048828125], [0.0, 0.0, 1.0, 0.0], [0.0, 0.0, 0.0, 1.0]], "cam_ids": [0, 1, 2, 3, 4, 5], "cam_channels": ["CAM_FRONT_LEFT", "CAM_FRONT", "CAM_FRONT_RIGHT", "CAM_BACK_LEFT", "CAM_BACK", "CAM_BACK_RIGHT"], "token": "eecfebabb58247e1aff3d8771928d4f9", "scene": "scene-0065"}, {"images": ["samples/CAM_FRONT_LEFT/n008-2018-08-01-15-52-19-0400__CAM_FRONT_LEFT__1533153344254799.jpg", "samples/CAM_FRONT/n008-2018-08-01-15-52-19-0400__CAM_FRONT__1533153344262404.jpg", "samples/CAM_FRONT_RIGHT/n008-2018-08-01-15-52-19-0400__CAM_FRONT_RIGHT__1533153344270482.jpg", "samples/CAM_BACK_LEFT/n008-2018-08-01-15-52-19-0400__CAM_BACK_LEFT__1533153344297405.jpg", "samples/CAM_BACK/n008-2018-08-01-15-52-19-0400__CAM_BACK__1533153344287558.jpg", "samples/CAM_BACK_RIGHT/n008-2018-08-01-15-52-19-0400__CAM_BACK_RIGHT__1533153344278113.jpg"], "intrinsics": [[[1257.8625342125129, 0.0, 827.2410631095686], [0.0, 1257.8625342125129, 450.915498205774], [0.0, 0.0, 1.0]], [[1252.8131021185304, 0.0, 826.588114781398], [0.0, 1252.8131021185304, 469.9846626224581], [0.0, 0.0, 1.0]], [[1256.7485116440405, 0.0, 817.7887570959712], [0.0, 1256.7485116440403, 451.9541780095127], [0.0, 0.0, 1.0]], [[1254.9860565800168, 0.0, 829.5769333630991], [0.0, 1254.9860565800168, 467.1680561863987], [0.0, 0.0, 1.0]], [[796.8910634503094, 0.0, 857.7774326863696], [0.0, 796.8910634503094, 476.8848988407415], [0.0, 0.0, 1.0]], [[1249.9629280788233, 0.0, 825.3768045375984], [0.0, 1249.9629280788233, 462.54816385708756], [0.0, 0.0, 1.0]]], "extrinsics": [[[0.8221734166145325, -0.5691234469413757, -0.011375224217772484, -0.9371337890625], [0.009689492173492908, 0.03397253528237343, -0.9993758201599121, 1.489034652709961], [0.5691546201705933, 0.8215500116348267, 0.03344583511352539, -1.2881813049316406], [0.0, 0.0, 0.0, 1.0]], [[0.009755573235452175, -0.9995086789131165, -0.02978643961250782, 0.007080078125], [0.011743457056581974, 0.029900318011641502, -0.9994839429855347, 1.4809160232543945], [0.9998834133148193, 0.009400694631040096, 0.012029381468892097, -1.6678466796875], [0.0, 0.0, 0.0, 1.0]], [[-0.8441388010978699, -0.5353856682777405, -0.02814188227057457, 1.04766845703125], [0.0198581013828516, 0.02123141475021839, -0.9995773434638977, 1.4940767288208008], [0.5357568860054016, -0.8443408012390137, -0.007290517911314964, -1.249755859375], [0.0, 0.0, 0.0, 1.0]], [[0.9478461146354675, 0.3186594843864441, 0.006623385939747095, -1.144775390625], [-0.0052144695073366165, 0.036281514912843704, -0.9993280172348022, 1.5620460510253906], [-0.3186856508255005, 0.947174608707428, 0.036050934344530106, -0.1558837890625], [0.0, 0.0, 0.0, 1.0]], [[0.009247853420674801, 0.9995424747467041, 0.028795821592211723, -0.0289306640625], [-0.0031928671523928642, 0.02882642112672329, -0.9995793104171753, 1.5679931640625], [-0.9999521374702454, 0.00915204081684351, 0.0034579893108457327, 0.0260009765625], [0.0, 0.0, 0.0, 1.0]], [[-0.9236249327659607, 0.3832942545413971, 0.0015378860989585519, 1.126708984375], [0.0008899178355932236, 0.0061566452495753765, -0.999980628490448, 1.5478410720825195], [-0.38329628109931946, -0.923605740070343, -0.006027530878782272, -0.057159423828125], [0.0, 0.0, 0.0, 1.0]]], "view": [[0.0, -2.0, 100.0], [-2.0, 0.0, 100.0], [0.0, 0.0, 1.0]], "bev": "bev_7fe54162bbf24e33950af4742c636f20.png", "aux": "aux_7fe54162bbf24e33950af4742c636f20.npz", "visibility": "visibility_7fe54162bbf24e33950af4742c636f20.png", "pose": [[0.46812349557876587, -0.8836630582809448, 0.0, 1705.244140625], [0.8836630582809448, 0.46812349557876587, 0.0, 843.1871948242188], [0.0, 0.0, 1.0, 0.0], [0.0, 0.0, 0.0, 1.0]], "pose_inverse": [[0.46812349557876587, 0.8836630582809448, 0.0, -1543.358154296875], [-0.8836630582809448, 0.46812349557876587, 0.0, 1112.1455078125], [0.0, 0.0, 1.0, 0.0], [0.0, 0.0, 0.0, 1.0]], "cam_ids": [0, 1, 2, 3, 4, 5], "cam_channels": ["CAM_FRONT_LEFT", "CAM_FRONT", "CAM_FRONT_RIGHT", "CAM_BACK_LEFT", "CAM_BACK", "CAM_BACK_RIGHT"], "token": "7fe54162bbf24e33950af4742c636f20", "scene": "scene-0065"}, {"images": ["samples/CAM_FRONT_LEFT/n008-2018-08-01-15-52-19-0400__CAM_FRONT_LEFT__1533153344754799.jpg", "samples/CAM_FRONT/n008-2018-08-01-15-52-19-0400__CAM_FRONT__1533153344762404.jpg", "samples/CAM_FRONT_RIGHT/n008-2018-08-01-15-52-19-0400__CAM_FRONT_RIGHT__1533153344770482.jpg", "samples/CAM_BACK_LEFT/n008-2018-08-01-15-52-19-0400__CAM_BACK_LEFT__1533153344797405.jpg", "samples/CAM_BACK/n008-2018-08-01-15-52-19-0400__CAM_BACK__1533153344787558.jpg", "samples/CAM_BACK_RIGHT/n008-2018-08-01-15-52-19-0400__CAM_BACK_RIGHT__1533153344778113.jpg"], "intrinsics": [[[1257.8625342125129, 0.0, 827.2410631095686], [0.0, 1257.8625342125129, 450.915498205774], [0.0, 0.0, 1.0]], [[1252.8131021185304, 0.0, 826.588114781398], [0.0, 1252.8131021185304, 469.9846626224581], [0.0, 0.0, 1.0]], [[1256.7485116440405, 0.0, 817.7887570959712], [0.0, 1256.7485116440403, 451.9541780095127], [0.0, 0.0, 1.0]], [[1254.9860565800168, 0.0, 829.5769333630991], [0.0, 1254.9860565800168, 467.1680561863987], [0.0, 0.0, 1.0]], [[796.8910634503094, 0.0, 857.7774326863696], [0.0, 796.8910634503094, 476.8848988407415], [0.0, 0.0, 1.0]], [[1249.9629280788233, 0.0, 825.3768045375984], [0.0, 1249.9629280788233, 462.54816385708756], [0.0, 0.0, 1.0]]], "extrinsics": [[[0.8223327994346619, -0.5689864754676819, -0.004811006598174572, -0.922119140625], [0.011094649322330952, 0.024486983194947243, -0.999638557434082, 1.4893455505371094], [0.568898618221283, 0.821982204914093, 0.026449153199791908, -1.2784767150878906], [0.0, 0.0, 0.0, 1.0]], [[0.010010644793510437, -0.999738335609436, -0.020570699125528336, 0.0078125], [0.013377586379647255, 0.020703788846731186, -0.9996961355209351, 1.48122239112854], [0.9998604655265808, 0.009732416830956936, 0.013581342063844204, -1.6533203125], [0.0, 0.0, 0.0, 1.0]], [[-0.8440029621124268, -0.5357548594474792, -0.02501591295003891, 1.0386962890625], [0.021764323115348816, 0.012391704134643078, -0.9996863007545471, 1.494415283203125], [0.5358967781066895, -0.8442826867103577, 0.001201705657877028, -1.2430419921875], [0.0, 0.0, 0.0, 1.0]], [[0.9478546380996704, 0.3186240792274475, 0.007096241693943739, -1.14501953125], [-0.0022496480960398912, 0.028954463079571724, -0.9995782375335693, 1.5620384216308594], [-0.3186951279640198, 0.9474388360977173, 0.028161412104964256, -0.1556396484375], [0.0, 0.0, 0.0, 1.0]], [[0.00918336771428585, 0.9997391700744629, 0.02091122232377529, -0.0291748046875], [-0.0006422641454264522, 0.020917998626828194, -0.9997809529304504, 1.5680351257324219], [-0.9999576807022095, 0.009167967364192009, 0.000834194477647543, 0.022216796875], [0.0, 0.0, 0.0, 1.0]], [[-0.9236564040184021, 0.3832037150859833, -0.003713257610797882, 1.119384765625], [0.003072859486564994, -0.0022832865361124277, -0.9999926686286926, 1.547950267791748], [-0.38320931792259216, -0.9236610531806946, 0.0009314417839050293, -0.05987548828125], [0.0, 0.0, 0.0, 1.0]]], "view": [[0.0, -2.0, 100.0], [-2.0, 0.0, 100.0], [0.0, 0.0, 1.0]], "bev": "bev_a5c0f872d11f4769bc642acef8c49e83.png", "aux": "aux_a5c0f872d11f4769bc642acef8c49e83.npz", "visibility": "visibility_a5c0f872d11f4769bc642acef8c49e83.png", "pose": [[0.464580774307251, -0.8855307698249817, 0.0, 1705.756591796875], [0.8855307698249817, 0.464580774307251, 0.0, 844.113037109375], [0.0, 0.0, 1.0, 0.0], [0.0, 0.0, 0.0, 1.0]], "pose_inverse": [[0.464580774307251, 0.8855307698249817, 0.0, -1539.9498291015625], [-0.8855307698249817, 0.464580774307251, 0.0, 1118.3411865234375], [0.0, 0.0, 1.0, 0.0], [0.0, 0.0, 0.0, 1.0]], "cam_ids": [0, 1, 2, 3, 4, 5], "cam_channels": ["CAM_FRONT_LEFT", "CAM_FRONT", "CAM_FRONT_RIGHT", "CAM_BACK_LEFT", "CAM_BACK", "CAM_BACK_RIGHT"], "token": "a5c0f872d11f4769bc642acef8c49e83", "scene": "scene-0065"}, {"images": ["samples/CAM_FRONT_LEFT/n008-2018-08-01-15-52-19-0400__CAM_FRONT_LEFT__1533153345254799.jpg", "samples/CAM_FRONT/n008-2018-08-01-15-52-19-0400__CAM_FRONT__1533153345262404.jpg", "samples/CAM_FRONT_RIGHT/n008-2018-08-01-15-52-19-0400__CAM_FRONT_RIGHT__1533153345270482.jpg", "samples/CAM_BACK_LEFT/n008-2018-08-01-15-52-19-0400__CAM_BACK_LEFT__1533153345297405.jpg", "samples/CAM_BACK/n008-2018-08-01-15-52-19-0400__CAM_BACK__1533153345287563.jpg", "samples/CAM_BACK_RIGHT/n008-2018-08-01-15-52-19-0400__CAM_BACK_RIGHT__1533153345278113.jpg"], "intrinsics": [[[1257.8625342125129, 0.0, 827.2410631095686], [0.0, 1257.8625342125129, 450.915498205774], [0.0, 0.0, 1.0]], [[1252.8131021185304, 0.0, 826.588114781398], [0.0, 1252.8131021185304, 469.9846626224581], [0.0, 0.0, 1.0]], [[1256.7485116440405, 0.0, 817.7887570959712], [0.0, 1256.7485116440403, 451.9541780095127], [0.0, 0.0, 1.0]], [[1254.9860565800168, 0.0, 829.5769333630991], [0.0, 1254.9860565800168, 467.1680561863987], [0.0, 0.0, 1.0]], [[796.8910634503094, 0.0, 857.7774326863696], [0.0, 796.8910634503094, 476.8848988407415], [0.0, 0.0, 1.0]], [[1249.9629280788233, 0.0, 825.3768045375984], [0.0, 1249.9629280788233, 462.54816385708756], [0.0, 0.0, 1.0]]], "extrinsics": [[[0.8228540420532227, -0.5681617856025696, -0.010171258822083473, -0.9112548828125], [0.00844796933233738, 0.030128255486488342, -0.9995103478431702, 1.4891719818115234], [0.5681900978088379, 0.8223652243614197, 0.029590968042612076, -1.2714614868164062], [0.0, 0.0, 0.0, 1.0]], [[0.010726180858910084, -0.9996193647384644, -0.02542000077664852, 0.00830078125], [0.010140543803572655, 0.02552889473736286, -0.999622642993927, 1.4810543060302734], [0.9998910427093506, 0.010464312508702278, 0.010410510934889317, -1.6427001953125], [0.0, 0.0, 0.0, 1.0]], [[-0.8437675833702087, -0.5361798405647278, -0.023821337148547173, 1.03173828125], [0.01786727085709572, 0.01629779115319252, -0.9997075200080872, 1.494314193725586], [0.5364112854003906, -0.8439464569091797, -0.004171478096395731, -1.238525390625], [0.0, 0.0, 0.0, 1.0]], [[0.9478837847709656, 0.31861382722854614, 0.0013046555686742067, -1.1434326171875], [-0.008615795522928238, 0.02972501702606678, -0.9995209574699402, 1.562042236328125], [-0.31850001215934753, 0.9474183320999146, 0.03092097118496895, -0.1561279296875], [0.0, 0.0, 0.0, 1.0]], [[0.009061938151717186, 0.9997004866600037, 0.02273586578667164, -0.029052734375], [-0.006066501140594482, 0.022791342809796333, -0.9997217655181885, 1.5678977966308594], [-0.9999405145645142, 0.008921479806303978, 0.006271217484027147, 0.0185546875], [0.0, 0.0, 0.0, 1.0]], [[-0.9238327741622925, 0.38279277086257935, 0.0016389178344979882, 1.1134033203125], [-0.0014796433970332146, 0.0007104936521500349, -0.9999986886978149, 1.5477371215820312], [-0.3827934265136719, -0.923833966255188, -8.998029807116836e-05, -0.06219482421875], [0.0, 0.0, 0.0, 1.0]]], "view": [[0.0, -2.0, 100.0], [-2.0, 0.0, 100.0], [0.0, 0.0, 1.0]], "bev": "bev_3a93f9e26ae3486abd368c41cc0fa82e.png", "aux": "aux_3a93f9e26ae3486abd368c41cc0fa82e.npz", "visibility": "visibility_3a93f9e26ae3486abd368c41cc0fa82e.png", "pose": [[0.47022828459739685, -0.8825448155403137, 0.0, 1706.364990234375], [0.8825448155403137, 0.47022828459739685, 0.0, 845.2025756835938], [0.0, 0.0, 1.0, 0.0], [0.0, 0.0, 0.0, 1.0]], "pose_inverse": [[0.47022828459739685, 0.8825448155403137, 0.0, -1548.310302734375], [-0.8825448155403137, 0.47022828459739685, 0.0, 1108.50537109375], [0.0, 0.0, 1.0, 0.0], [0.0, 0.0, 0.0, 1.0]], "cam_ids": [0, 1, 2, 3, 4, 5], "cam_channels": ["CAM_FRONT_LEFT", "CAM_FRONT", "CAM_FRONT_RIGHT", "CAM_BACK_LEFT", "CAM_BACK", "CAM_BACK_RIGHT"], "token": "3a93f9e26ae3486abd368c41cc0fa82e", "scene": "scene-0065"}, {"images": ["samples/CAM_FRONT_LEFT/n008-2018-08-01-15-52-19-0400__CAM_FRONT_LEFT__1533153345754799.jpg", "samples/CAM_FRONT/n008-2018-08-01-15-52-19-0400__CAM_FRONT__1533153345763240.jpg", "samples/CAM_FRONT_RIGHT/n008-2018-08-01-15-52-19-0400__CAM_FRONT_RIGHT__1533153345770482.jpg", "samples/CAM_BACK_LEFT/n008-2018-08-01-15-52-19-0400__CAM_BACK_LEFT__1533153345797405.jpg", "samples/CAM_BACK/n008-2018-08-01-15-52-19-0400__CAM_BACK__1533153345787558.jpg", "samples/CAM_BACK_RIGHT/n008-2018-08-01-15-52-19-0400__CAM_BACK_RIGHT__1533153345778113.jpg"], "intrinsics": [[[1257.8625342125129, 0.0, 827.2410631095686], [0.0, 1257.8625342125129, 450.915498205774], [0.0, 0.0, 1.0]], [[1252.8131021185304, 0.0, 826.588114781398], [0.0, 1252.8131021185304, 469.9846626224581], [0.0, 0.0, 1.0]], [[1256.7485116440405, 0.0, 817.7887570959712], [0.0, 1256.7485116440403, 451.9541780095127], [0.0, 0.0, 1.0]], [[1254.9860565800168, 0.0, 829.5769333630991], [0.0, 1254.9860565800168, 467.1680561863987], [0.0, 0.0, 1.0]], [[796.8910634503094, 0.0, 857.7774326863696], [0.0, 796.8910634503094, 476.8848988407415], [0.0, 0.0, 1.0]], [[1249.9629280788233, 0.0, 825.3768045375984], [0.0, 1249.9629280788233, 462.54816385708756], [0.0, 0.0, 1.0]]], "extrinsics": [[[0.8230054378509521, -0.5680230259895325, -0.0034533818252384663, -0.9000244140625], [0.016898207366466522, 0.030559664592146873, -0.9993901252746582, 1.4903030395507812], [0.5677821040153503, 0.8224451541900635, 0.034749340265989304, -1.265113353729248], [0.0, 0.0, 0.0, 1.0]], [[0.011040368117392063, -0.9995979070663452, -0.02611866407096386, 0.0093994140625], [0.018763290718197823, 0.026322754099965096, -0.9994774460792542, 1.481969952583313], [0.999763011932373, 0.010544540360569954, 0.01904635690152645, -1.634765625], [0.0, 0.0, 0.0, 1.0]], [[-0.8434902429580688, -0.5361943244934082, -0.03193644806742668, 1.0252685546875], [0.026688802987337112, 0.017546648159623146, -0.9994897842407227, 1.4951362609863281], [0.5364810824394226, -0.8439121842384338, -0.000490042322780937, -1.2333984375], [0.0, 0.0, 0.0, 1.0]], [[0.9478487968444824, 0.3185414969921112, 0.010681741870939732, -1.145751953125], [0.0004981547244824469, 0.0320337638258934, -0.9994866847991943, 1.562042236328125], [-0.31872016191482544, 0.9473674297332764, 0.03020447865128517, -0.1553955078125], [0.0, 0.0, 0.0, 1.0]], [[0.008839794434607029, 0.9996517300605774, 0.024866847321391106, -0.0294189453125], [0.0029933489859104156, 0.024841252714395523, -0.9996868968009949, 1.5681285858154297], [-0.9999565482139587, 0.008911453187465668, -0.0027727156411856413, 0.015869140625], [0.0, 0.0, 0.0, 1.0]], [[-0.9238267540931702, 0.3827635645866394, -0.006012443453073502, 1.108154296875], [0.0074883196502923965, 0.0023660880979150534, -0.9999691843986511, 1.548229694366455], [-0.3827376067638397, -0.923843264579773, -0.005052110180258751, -0.06396484375], [0.0, 0.0, 0.0, 1.0]]], "view": [[0.0, -2.0, 100.0], [-2.0, 0.0, 100.0], [0.0, 0.0, 1.0]], "bev": "bev_7fc95c470aa74e908ac33c495cf86574.png", "aux": "aux_7fc95c470aa74e908ac33c495cf86574.npz", "visibility": "visibility_7fc95c470aa74e908ac33c495cf86574.png", "pose": [[0.48172512650489807, -0.8763223886489868, 0.0, 1707.0538330078125], [0.8763223886489868, 0.48172512650489807, 0.0, 846.4069213867188], [0.0, 0.0, 1.0, 0.0], [0.0, 0.0, 0.0, 1.0]], "pose_inverse": [[0.48172512650489807, 0.8763223886489868, 0.0, -1564.0560302734375], [-0.8763223886489868, 0.48172512650489807, 0.0, 1088.1939697265625], [0.0, 0.0, 1.0, 0.0], [0.0, 0.0, 0.0, 1.0]], "cam_ids": [0, 1, 2, 3, 4, 5], "cam_channels": ["CAM_FRONT_LEFT", "CAM_FRONT", "CAM_FRONT_RIGHT", "CAM_BACK_LEFT", "CAM_BACK", "CAM_BACK_RIGHT"], "token": "7fc95c470aa74e908ac33c495cf86574", "scene": "scene-0065"}, {"images": ["samples/CAM_FRONT_LEFT/n008-2018-08-01-15-52-19-0400__CAM_FRONT_LEFT__1533153346254799.jpg", "samples/CAM_FRONT/n008-2018-08-01-15-52-19-0400__CAM_FRONT__1533153346262404.jpg", "samples/CAM_FRONT_RIGHT/n008-2018-08-01-15-52-19-0400__CAM_FRONT_RIGHT__1533153346270482.jpg", "samples/CAM_BACK_LEFT/n008-2018-08-01-15-52-19-0400__CAM_BACK_LEFT__1533153346297405.jpg", "samples/CAM_BACK/n008-2018-08-01-15-52-19-0400__CAM_BACK__1533153346287558.jpg", "samples/CAM_BACK_RIGHT/n008-2018-08-01-15-52-19-0400__CAM_BACK_RIGHT__1533153346278113.jpg"], "intrinsics": [[[1257.8625342125129, 0.0, 827.2410631095686], [0.0, 1257.8625342125129, 450.915498205774], [0.0, 0.0, 1.0]], [[1252.8131021185304, 0.0, 826.588114781398], [0.0, 1252.8131021185304, 469.9846626224581], [0.0, 0.0, 1.0]], [[1256.7485116440405, 0.0, 817.7887570959712], [0.0, 1256.7485116440403, 451.9541780095127], [0.0, 0.0, 1.0]], [[1254.9860565800168, 0.0, 829.5769333630991], [0.0, 1254.9860565800168, 467.1680561863987], [0.0, 0.0, 1.0]], [[796.8910634503094, 0.0, 857.7774326863696], [0.0, 796.8910634503094, 476.8848988407415], [0.0, 0.0, 1.0]], [[1249.9629280788233, 0.0, 825.3768045375984], [0.0, 1249.9629280788233, 462.54816385708756], [0.0, 0.0, 1.0]]], "extrinsics": [[[0.8232228755950928, -0.5677052140235901, 0.003862189594656229, -0.897705078125], [0.021136417984962463, 0.02384997345507145, -0.9994920492172241, 1.4909658432006836], [0.5673247575759888, 0.8228864073753357, 0.03163309767842293, -1.2620792388916016], [0.0, 0.0, 0.0, 1.0]], [[0.011481430381536484, -0.9997497797012329, -0.019198385998606682, 0.0084228515625], [0.023318413645029068, 0.01946212723851204, -0.9995386600494385, 1.4826030731201172], [0.9996621012687683, 0.011028473265469074, 0.02353603020310402, -1.62890625], [0.0, 0.0, 0.0, 1.0]], [[-0.8432089686393738, -0.5366233587265015, -0.03215598687529564, 1.02239990234375], [0.03144368156790733, 0.010481702163815498, -0.9994505643844604, 1.4956283569335938], [0.5366655588150024, -0.8437567949295044, 0.008035147562623024, -1.232421875], [0.0, 0.0, 0.0, 1.0]], [[0.9478120803833008, 0.3185366094112396, 0.013667032122612, -1.143310546875], [0.006093465257436037, 0.02476051077246666, -0.9996748566627502, 1.562051773071289], [-0.3187714219093323, 0.9475871920585632, 0.02152731828391552, -0.156005859375], [0.0, 0.0, 0.0, 1.0]], [[0.008725828491151333, 0.9998077154159546, 0.017563585191965103, -0.029052734375], [0.008270173333585262, 0.017491498962044716, -0.9998127818107605, 1.5683040618896484], [-0.9999276995658875, 0.00886942632496357, -0.008115955628454685, 0.0140380859375], [0.0, 0.0, 0.0, 1.0]], [[-0.9238289594650269, 0.3825707733631134, -0.013402356766164303, 1.1060791015625], [0.012480567209422588, -0.00489123584702611, -0.9999101161956787, 1.5485496520996094], [-0.38260188698768616, -0.9239131808280945, -0.00025603402173146605, -0.065338134765625], [0.0, 0.0, 0.0, 1.0]]], "view": [[0.0, -2.0, 100.0], [-2.0, 0.0, 100.0], [0.0, 0.0, 1.0]], "bev": "bev_1d432835d5b343b3ba9f8c6f0c89bc9a.png", "aux": "aux_1d432835d5b343b3ba9f8c6f0c89bc9a.npz", "visibility": "visibility_1d432835d5b343b3ba9f8c6f0c89bc9a.png", "pose": [[0.49464109539985657, -0.8690973520278931, 0.0, 1707.818115234375], [0.8690973520278931, 0.49464109539985657, 0.0, 847.698486328125], [0.0, 0.0, 1.0, 0.0], [0.0, 0.0, 0.0, 1.0]], "pose_inverse": [[0.49464109539985657, 0.8690973520278931, 0.0, -1581.489501953125], [-0.8690973520278931, 0.49464109539985657, 0.0, 1064.95361328125], [0.0, 0.0, 1.0, 0.0], [0.0, 0.0, 0.0, 1.0]], "cam_ids": [0, 1, 2, 3, 4, 5], "cam_channels": ["CAM_FRONT_LEFT", "CAM_FRONT", "CAM_FRONT_RIGHT", "CAM_BACK_LEFT", "CAM_BACK", "CAM_BACK_RIGHT"], "token": "1d432835d5b343b3ba9f8c6f0c89bc9a", "scene": "scene-0065"}, {"images": ["samples/CAM_FRONT_LEFT/n008-2018-08-01-15-52-19-0400__CAM_FRONT_LEFT__1533153346754799.jpg", "samples/CAM_FRONT/n008-2018-08-01-15-52-19-0400__CAM_FRONT__1533153346762404.jpg", "samples/CAM_FRONT_RIGHT/n008-2018-08-01-15-52-19-0400__CAM_FRONT_RIGHT__1533153346770482.jpg", "samples/CAM_BACK_LEFT/n008-2018-08-01-15-52-19-0400__CAM_BACK_LEFT__1533153346797405.jpg", "samples/CAM_BACK/n008-2018-08-01-15-52-19-0400__CAM_BACK__1533153346787558.jpg", "samples/CAM_BACK_RIGHT/n008-2018-08-01-15-52-19-0400__CAM_BACK_RIGHT__1533153346778113.jpg"], "intrinsics": [[[1257.8625342125129, 0.0, 827.2410631095686], [0.0, 1257.8625342125129, 450.915498205774], [0.0, 0.0, 1.0]], [[1252.8131021185304, 0.0, 826.588114781398], [0.0, 1252.8131021185304, 469.9846626224581], [0.0, 0.0, 1.0]], [[1256.7485116440405, 0.0, 817.7887570959712], [0.0, 1256.7485116440403, 451.9541780095127], [0.0, 0.0, 1.0]], [[1254.9860565800168, 0.0, 829.5769333630991], [0.0, 1254.9860565800168, 467.1680561863987], [0.0, 0.0, 1.0]], [[796.8910634503094, 0.0, 857.7774326863696], [0.0, 796.8910634503094, 476.8848988407415], [0.0, 0.0, 1.0]], [[1249.9629280788233, 0.0, 825.3768045375984], [0.0, 1249.9629280788233, 462.54816385708756], [0.0, 0.0, 1.0]]], "extrinsics": [[[0.8244258761405945, -0.5659382939338684, -0.005994049366563559, -0.885498046875], [0.003327182726934552, 0.015436872839927673, -0.9998753070831299, 1.4887285232543945], [0.5659602284431458, 0.8243030309677124, 0.014609536156058311, -1.2547683715820312], [0.0, 0.0, 0.0, 1.0]], [[0.013008929789066315, -0.9998529553413391, -0.011177623644471169, 0.009033203125], [0.005571197718381882, 0.01125087309628725, -0.9999212026596069, 1.4807941913604736], [0.9998999238014221, 0.012945666909217834, 0.005716740619391203, -1.6170654296875], [0.0, 0.0, 0.0, 1.0]], [[-0.8428493738174438, -0.5379908084869385, -0.013067854568362236, 1.0152587890625], [0.013891113921999931, 0.002525014104321599, -0.9999002814292908, 1.49432373046875], [0.5379701852798462, -0.8429469466209412, 0.0053450847044587135, -1.227294921875], [0.0, 0.0, 0.0, 1.0]], [[0.947931170463562, 0.3184416890144348, -0.00463015865534544, -1.1456298828125], [-0.010896704159677029, 0.017900245264172554, -0.9997804164886475, 1.5620651245117188], [-0.3182888925075531, 0.9477734565734863, 0.020438164472579956, -0.155517578125], [0.0, 0.0, 0.0, 1.0]], [[0.008439093828201294, 0.9999129176139832, 0.010145903564989567, -0.02935791015625], [-0.008971246890723705, 0.010221564210951328, -0.9999074935913086, 1.5677547454833984], [-0.9999241828918457, 0.008347227238118649, 0.009056726470589638, 0.0111083984375], [0.0, 0.0, 0.0, 1.0]], [[-0.9243348836898804, 0.3815821707248688, -0.00023481567041017115, 1.1002197265625], [-0.004933624994009733, -0.012566406279802322, -0.9999088644981384, 1.547508716583252], [-0.3815503418445587, -0.9242494106292725, 0.013498151674866676, -0.06732177734375], [0.0, 0.0, 0.0, 1.0]]], "view": [[0.0, -2.0, 100.0], [-2.0, 0.0, 100.0], [0.0, 0.0, 1.0]], "bev": "bev_cddd0ebad86a4a84b34f77e3b5640831.png", "aux": "aux_cddd0ebad86a4a84b34f77e3b5640831.npz", "visibility": "visibility_cddd0ebad86a4a84b34f77e3b5640831.png", "pose": [[0.5221397876739502, -0.8528599143028259, 0.0, 1708.657470703125], [0.8528599143028259, 0.5221397876739502, 0.0, 849.0603637695312], [0.0, 0.0, 1.0, 0.0], [0.0, 0.0, 0.0, 1.0]], "pose_inverse": [[0.5221397876739502, 0.8528599143028259, 0.0, -1616.28759765625], [-0.8528599143028259, 0.5221397876739502, 0.0, 1013.9172973632812], [0.0, 0.0, 1.0, 0.0], [0.0, 0.0, 0.0, 1.0]], "cam_ids": [0, 1, 2, 3, 4, 5], "cam_channels": ["CAM_FRONT_LEFT", "CAM_FRONT", "CAM_FRONT_RIGHT", "CAM_BACK_LEFT", "CAM_BACK", "CAM_BACK_RIGHT"], "token": "cddd0ebad86a4a84b34f77e3b5640831", "scene": "scene-0065"}, {"images": ["samples/CAM_FRONT_LEFT/n008-2018-08-01-15-52-19-0400__CAM_FRONT_LEFT__1533153347154807.jpg", "samples/CAM_FRONT/n008-2018-08-01-15-52-19-0400__CAM_FRONT__1533153347162404.jpg", "samples/CAM_FRONT_RIGHT/n008-2018-08-01-15-52-19-0400__CAM_FRONT_RIGHT__1533153347170482.jpg", "samples/CAM_BACK_LEFT/n008-2018-08-01-15-52-19-0400__CAM_BACK_LEFT__1533153347197405.jpg", "samples/CAM_BACK/n008-2018-08-01-15-52-19-0400__CAM_BACK__1533153347187558.jpg", "samples/CAM_BACK_RIGHT/n008-2018-08-01-15-52-19-0400__CAM_BACK_RIGHT__1533153347178115.jpg"], "intrinsics": [[[1257.8625342125129, 0.0, 827.2410631095686], [0.0, 1257.8625342125129, 450.915498205774], [0.0, 0.0, 1.0]], [[1252.8131021185304, 0.0, 826.588114781398], [0.0, 1252.8131021185304, 469.9846626224581], [0.0, 0.0, 1.0]], [[1256.7485116440405, 0.0, 817.7887570959712], [0.0, 1256.7485116440403, 451.9541780095127], [0.0, 0.0, 1.0]], [[1254.9860565800168, 0.0, 829.5769333630991], [0.0, 1254.9860565800168, 467.1680561863987], [0.0, 0.0, 1.0]], [[796.8910634503094, 0.0, 857.7774326863696], [0.0, 796.8910634503094, 476.8848988407415], [0.0, 0.0, 1.0]], [[1249.9629280788233, 0.0, 825.3768045375984], [0.0, 1249.9629280788233, 462.54816385708756], [0.0, 0.0, 1.0]]], "extrinsics": [[[0.8253905177116394, -0.5645573139190674, 0.002355447970330715, -0.87255859375], [0.0017109427135437727, -0.001670770114287734, -0.9999971389770508, 1.4885711669921875], [0.5645596385002136, 0.8253921866416931, -0.00041311339009553194, -1.2463226318359375], [0.0, 0.0, 0.0, 1.0]], [[0.014398573897778988, -0.9998816847801208, 0.005409323610365391, 0.00970458984375], [0.00347113492898643, -0.005359868053346872, -0.9999796152114868, 1.4806289672851562], [0.9998903274536133, 0.01441706158220768, 0.003393550170585513, -1.6048583984375], [0.0, 0.0, 0.0, 1.0]], [[-0.842295229434967, -0.5390119552612305, -0.0022118850611150265, 1.007568359375], [0.011221442371606827, -0.013432394713163376, -0.9998468160629272, 1.4942207336425781], [0.5388997197151184, -0.8421909809112549, 0.017362533137202263, -1.2220458984375], [0.0, 0.0, 0.0, 1.0]], [[0.9478583931922913, 0.3184245526790619, -0.01304872240871191, -1.1466064453125], [-0.015466916374862194, 0.005066983867436647, -0.9998675584793091, 1.5620918273925781], [-0.3183162808418274, 0.9479346871376038, 0.009727830067276955, -0.1549072265625], [0.0, 0.0, 0.0, 1.0]], [[0.008035359904170036, 0.99996018409729, -0.0038847799878567457, -0.029296875], [-0.012870225124061108, -0.0037811631336808205, -0.9999099969863892, 1.5675983428955078], [-0.9998849034309387, 0.008084732107818127, 0.012839330360293388, 0.0078125], [0.0, 0.0, 0.0, 1.0]], [[-0.9246357679367065, 0.38084083795547485, -0.002986693289130926, 1.0941162109375], [-0.008160640485584736, -0.027652164921164513, -0.9995843172073364, 1.5472688674926758], [-0.38076505064964294, -0.9242270588874817, 0.02867608517408371, -0.069580078125], [0.0, 0.0, 0.0, 1.0]]], "view": [[0.0, -2.0, 100.0], [-2.0, 0.0, 100.0], [0.0, 0.0, 1.0]], "bev": "bev_79025431db8a4c8083c4e381d9704e62.png", "aux": "aux_79025431db8a4c8083c4e381d9704e62.npz", "visibility": "visibility_79025431db8a4c8083c4e381d9704e62.png", "pose": [[0.5627315640449524, -0.826639711856842, 0.0, 1709.47216796875], [0.826639711856842, 0.5627315640449524, 0.0, 850.25830078125], [0.0, 0.0, 1.0, 0.0], [0.0, 0.0, 0.0, 1.0]], "pose_inverse": [[0.5627315640449524, 0.826639711856842, 0.0, -1664.8311767578125], [-0.826639711856842, 0.5627315640449524, 0.0, 934.6503295898438], [0.0, 0.0, 1.0, 0.0], [0.0, 0.0, 0.0, 1.0]], "cam_ids": [0, 1, 2, 3, 4, 5], "cam_channels": ["CAM_FRONT_LEFT", "CAM_FRONT", "CAM_FRONT_RIGHT", "CAM_BACK_LEFT", "CAM_BACK", "CAM_BACK_RIGHT"], "token": "79025431db8a4c8083c4e381d9704e62", "scene": "scene-0065"}, {"images": ["samples/CAM_FRONT_LEFT/n008-2018-08-01-15-52-19-0400__CAM_FRONT_LEFT__1533153347654799.jpg", "samples/CAM_FRONT/n008-2018-08-01-15-52-19-0400__CAM_FRONT__1533153347662404.jpg", "samples/CAM_FRONT_RIGHT/n008-2018-08-01-15-52-19-0400__CAM_FRONT_RIGHT__1533153347670482.jpg", "samples/CAM_BACK_LEFT/n008-2018-08-01-15-52-19-0400__CAM_BACK_LEFT__1533153347697405.jpg", "samples/CAM_BACK/n008-2018-08-01-15-52-19-0400__CAM_BACK__1533153347687558.jpg", "samples/CAM_BACK_RIGHT/n008-2018-08-01-15-52-19-0400__CAM_BACK_RIGHT__1533153347678113.jpg"], "intrinsics": [[[1257.8625342125129, 0.0, 827.2410631095686], [0.0, 1257.8625342125129, 450.915498205774], [0.0, 0.0, 1.0]], [[1252.8131021185304, 0.0, 826.588114781398], [0.0, 1252.8131021185304, 469.9846626224581], [0.0, 0.0, 1.0]], [[1256.7485116440405, 0.0, 817.7887570959712], [0.0, 1256.7485116440403, 451.9541780095127], [0.0, 0.0, 1.0]], [[1254.9860565800168, 0.0, 829.5769333630991], [0.0, 1254.9860565800168, 467.1680561863987], [0.0, 0.0, 1.0]], [[796.8910634503094, 0.0, 857.7774326863696], [0.0, 796.8910634503094, 476.8848988407415], [0.0, 0.0, 1.0]], [[1249.9629280788233, 0.0, 825.3768045375984], [0.0, 1249.9629280788233, 462.54816385708756], [0.0, 0.0, 1.0]]], "extrinsics": [[[0.8253186941146851, -0.5646523833274841, 0.00409952737390995, -0.8707275390625], [0.02174874022603035, 0.02453247457742691, -0.9994624257087708, 1.491739273071289], [0.564248263835907, 0.824964165687561, 0.03252758830785751, -1.244384765625], [0.0, 0.0, 0.0, 1.0]], [[0.014629488810896873, -0.9996956586837769, -0.019863849505782127, 0.00946044921875], [0.023754948750138283, 0.020207859575748444, -0.999513566493988, 1.4832630157470703], [0.9996107220649719, 0.014150473289191723, 0.02404334954917431, -1.6026611328125], [0.0, 0.0, 0.0, 1.0]], [[-0.8418518900871277, -0.5387012362480164, -0.032958295196294785, 1.0059814453125], [0.0319599024951458, 0.011200794018805027, -0.9994263648986816, 1.4963035583496094], [0.5387614369392395, -0.8424224257469177, 0.007787429261952639, -1.2213134765625], [0.0, 0.0, 0.0, 1.0]], [[0.9478111863136292, 0.3184858560562134, 0.014858463779091835, -1.1427001953125], [0.007964572869241238, 0.022937195375561714, -0.9997051954269409, 1.5620570182800293], [-0.3187327980995178, 0.9476500153541565, 0.01920352503657341, -0.156494140625], [0.0, 0.0, 0.0, 1.0]], [[0.007806675974279642, 0.9998275637626648, 0.01685253530740738, -0.02923583984375], [0.009448103606700897, 0.016778549179434776, -0.999814510345459, 1.5684114694595337], [-0.999924898147583, 0.00796447042375803, -0.0093154888600111, 0.0062255859375], [0.0, 0.0, 0.0, 1.0]], [[-0.9244992136955261, 0.3809264600276947, -0.014014768414199352, 1.09228515625], [0.013204939663410187, -0.004739589057862759, -0.9999015927314758, 1.5487842559814453], [-0.38095536828041077, -0.9245932102203369, -0.0006483642500825226, -0.0704498291015625], [0.0, 0.0, 0.0, 1.0]]], "view": [[0.0, -2.0, 100.0], [-2.0, 0.0, 100.0], [0.0, 0.0, 1.0]], "bev": "bev_606a2c4b5e3c4dfd80601959be5e4cc1.png", "aux": "aux_606a2c4b5e3c4dfd80601959be5e4cc1.npz", "visibility": "visibility_606a2c4b5e3c4dfd80601959be5e4cc1.png", "pose": [[0.6043326258659363, -0.7967321276664734, 0.0, 1710.6595458984375], [0.7967321276664734, 0.6043326258659363, 0.0, 851.8684692382812], [0.0, 0.0, 1.0, 0.0], [0.0, 0.0, 0.0, 1.0]], "pose_inverse": [[0.6043326258659363, 0.7967321276664734, 0.0, -1712.518310546875], [-0.7967321276664734, 0.6043326258659363, 0.0, 848.12548828125], [0.0, 0.0, 1.0, 0.0], [0.0, 0.0, 0.0, 1.0]], "cam_ids": [0, 1, 2, 3, 4, 5], "cam_channels": ["CAM_FRONT_LEFT", "CAM_FRONT", "CAM_FRONT_RIGHT", "CAM_BACK_LEFT", "CAM_BACK", "CAM_BACK_RIGHT"], "token": "606a2c4b5e3c4dfd80601959be5e4cc1", "scene": "scene-0065"}, {"images": ["samples/CAM_FRONT_LEFT/n008-2018-08-01-15-52-19-0400__CAM_FRONT_LEFT__1533153348154799.jpg", "samples/CAM_FRONT/n008-2018-08-01-15-52-19-0400__CAM_FRONT__1533153348162404.jpg", "samples/CAM_FRONT_RIGHT/n008-2018-08-01-15-52-19-0400__CAM_FRONT_RIGHT__1533153348170482.jpg", "samples/CAM_BACK_LEFT/n008-2018-08-01-15-52-19-0400__CAM_BACK_LEFT__1533153348197405.jpg", "samples/CAM_BACK/n008-2018-08-01-15-52-19-0400__CAM_BACK__1533153348187558.jpg", "samples/CAM_BACK_RIGHT/n008-2018-08-01-15-52-19-0400__CAM_BACK_RIGHT__1533153348178113.jpg"], "intrinsics": [[[1257.8625342125129, 0.0, 827.2410631095686], [0.0, 1257.8625342125129, 450.915498205774], [0.0, 0.0, 1.0]], [[1252.8131021185304, 0.0, 826.588114781398], [0.0, 1252.8131021185304, 469.9846626224581], [0.0, 0.0, 1.0]], [[1256.7485116440405, 0.0, 817.7887570959712], [0.0, 1256.7485116440403, 451.9541780095127], [0.0, 0.0, 1.0]], [[1254.9860565800168, 0.0, 829.5769333630991], [0.0, 1254.9860565800168, 467.1680561863987], [0.0, 0.0, 1.0]], [[796.8910634503094, 0.0, 857.7774326863696], [0.0, 796.8910634503094, 476.8848988407415], [0.0, 0.0, 1.0]], [[1249.9629280788233, 0.0, 825.3768045375984], [0.0, 1249.9629280788233, 462.54816385708756], [0.0, 0.0, 1.0]]], "extrinsics": [[[0.82645183801651, -0.5630000233650208, 0.0029023836832493544, -0.8428955078125], [0.018063968047499657, 0.021363677456974983, -0.99960857629776, 1.4917430877685547], [0.5627176761627197, 0.826180636882782, 0.027826063334941864, -1.226318359375], [0.0, 0.0, 0.0, 1.0]], [[0.016058718785643578, -0.9997272491455078, -0.016958747059106827, 0.01043701171875], [0.019751640036702156, 0.017274806275963783, -0.9996556639671326, 1.4832763671875], [0.9996759295463562, 0.015718234702944756, 0.020023662596940994, -1.5751953125], [0.0, 0.0, 0.0, 1.0]], [[-0.8414186835289001, -0.5396673679351807, -0.02781539037823677, 0.9881591796875], [0.02752574533224106, 0.008603713475167751, -0.9995840191841125, 1.4964370727539062], [0.5396822690963745, -0.8418344259262085, 0.007615421898663044, -1.209716796875], [0.0, 0.0, 0.0, 1.0]], [[0.94781494140625, 0.3186952769756317, 0.00894894078373909, -1.1422119140625], [0.0015817139064893126, 0.02336813695728779, -0.9997256994247437, 1.5620489120483398], [-0.31881701946258545, 0.9475690722465515, 0.021644584834575653, -0.15673828125], [0.0, 0.0, 0.0, 1.0]], [[0.007487406488507986, 0.9998441934585571, 0.01598386839032173, -0.02923583984375], [0.003823686158284545, 0.015955572947859764, -0.9998653531074524, 1.568223476409912], [-0.999964714050293, 0.007547511253505945, -0.003