[{"images": ["samples/CAM_FRONT_LEFT/n008-2018-08-30-15-16-55-0400__CAM_FRONT_LEFT__1535656655254799.jpg", "samples/CAM_FRONT/n008-2018-08-30-15-16-55-0400__CAM_FRONT__1535656655262404.jpg", "samples/CAM_FRONT_RIGHT/n008-2018-08-30-15-16-55-0400__CAM_FRONT_RIGHT__1535656655270680.jpg", "samples/CAM_BACK_LEFT/n008-2018-08-30-15-16-55-0400__CAM_BACK_LEFT__1535656655297405.jpg", "samples/CAM_BACK/n008-2018-08-30-15-16-55-0400__CAM_BACK__1535656655287558.jpg", "samples/CAM_BACK_RIGHT/n008-2018-08-30-15-16-55-0400__CAM_BACK_RIGHT__1535656655278113.jpg"], "intrinsics": [[[1257.8625342125129, 0.0, 827.2410631095686], [0.0, 1257.8625342125129, 450.915498205774], [0.0, 0.0, 1.0]], [[1252.8131021185304, 0.0, 826.588114781398], [0.0, 1252.8131021185304, 469.9846626224581], [0.0, 0.0, 1.0]], [[1256.7485116440405, 0.0, 817.7887570959712], [0.0, 1256.7485116440403, 451.9541780095127], [0.0, 0.0, 1.0]], [[1254.9860565800168, 0.0, 829.5769333630991], [0.0, 1254.9860565800168, 467.1680561863987], [0.0, 0.0, 1.0]], [[796.8910634503094, 0.0, 857.7774326863696], [0.0, 796.8910634503094, 476.8848988407415], [0.0, 0.0, 1.0]], [[1249.9629280788233, 0.0, 825.3768045375984], [0.0, 1249.9629280788233, 462.54816385708756], [0.0, 0.0, 1.0]]], "extrinsics": [[[0.8235057592391968, -0.567307710647583, -0.0006261029047891498, -0.8516845703125], [-0.003500145860016346, -0.003977196756750345, -0.9999859929084778, 1.4876699447631836], [0.5672972798347473, 0.8234963417053223, -0.005260905250906944, -1.232513427734375], [0.0, 0.0, 0.0, 1.0]], [[0.011754948645830154, -0.9998977184295654, 0.008150823414325714, 0.010498046875], [-0.0015602644998580217, -0.008169719018042088, -0.9999654293060303, 1.4799575805664062], [0.9999297261238098, 0.011741760186851025, -0.0016561385709792376, -1.5831298828125], [0.0, 0.0, 0.0, 1.0]], [[-0.8433531522750854, -0.5373476147651672, 0.0036245202645659447, 0.99346923828125], [0.006494725588709116, -0.016937393695116043, -0.9998354315757751, 1.493875503540039], [0.5373206734657288, -0.8431907892227173, 0.017774127423763275, -1.2125244140625], [0.0, 0.0, 0.0, 1.0]], [[0.9477136731147766, 0.31859704852104187, -0.01829644851386547, -1.13720703125], [-0.018630782142281532, -0.001998100895434618, -0.9998244643211365, 1.5619125366210938], [-0.31857770681381226, 0.947888195514679, 0.004042087122797966, -0.1583251953125], [0.0, 0.0, 0.0, 1.0]], [[0.008622880093753338, 0.9999167323112488, -0.009602827951312065, -0.029541015625], [-0.01661248318850994, -0.009458612650632858, -0.9998172521591187, 1.5672807693481445], [-0.9998248219490051, 0.00878086220473051, 0.016529539600014687, -0.00341796875], [0.0, 0.0, 0.0, 1.0]], [[-0.9241282343864441, 0.3820817172527313, -0.0006850328063592315, 1.080078125], [-0.012526550330221653, -0.03208938241004944, -0.9994065165519714, 1.5467939376831055], [-0.3818768858909607, -0.9235712885856628, 0.03444087132811546, -0.07480621337890625], [0.0, 0.0, 0.0, 1.0]]], "view": [[0.0, -2.0, 100.0], [-2.0, 0.0, 100.0], [0.0, 0.0, 1.0]], "bev": "bev_ac9389646037415ba10fcc7ce5d069cc.png", "aux": "aux_ac9389646037415ba10fcc7ce5d069cc.npz", "visibility": "visibility_ac9389646037415ba10fcc7ce5d069cc.png", "pose": [[-0.5244121551513672, 0.851464569568634, 0.0, 1301.019775390625], [-0.851464569568634, -0.5244121551513672, 0.0, 800.2124633789062], [0.0, 0.0, 1.0, 0.0], [0.0, 0.0, 0.0, 1.0]], "pose_inverse": [[-0.5244121551513672, -0.851464569568634, 0.0, 1363.6231689453125], [0.851464569568634, -0.5244121551513672, 0.0, -688.131103515625], [0.0, 0.0, 1.0, 0.0], [0.0, 0.0, 0.0, 1.0]], "cam_ids": [0, 1, 2, 3, 4, 5], "cam_channels": ["CAM_FRONT_LEFT", "CAM_FRONT", "CAM_FRONT_RIGHT", "CAM_BACK_LEFT", "CAM_BACK", "CAM_BACK_RIGHT"], "token": "ac9389646037415ba10fcc7ce5d069cc", "scene": "scene-0741"}, {"images": ["samples/CAM_FRONT_LEFT/n008-2018-08-30-15-16-55-0400__CAM_FRONT_LEFT__1535656655754799.jpg", "samples/CAM_FRONT/n008-2018-08-30-15-16-55-0400__CAM_FRONT__1535656655762605.jpg", "samples/CAM_FRONT_RIGHT/n008-2018-08-30-15-16-55-0400__CAM_FRONT_RIGHT__1535656655772283.jpg", "samples/CAM_BACK_LEFT/n008-2018-08-30-15-16-55-0400__CAM_BACK_LEFT__1535656655797405.jpg", "samples/CAM_BACK/n008-2018-08-30-15-16-55-0400__CAM_BACK__1535656655787558.jpg", "samples/CAM_BACK_RIGHT/n008-2018-08-30-15-16-55-0400__CAM_BACK_RIGHT__1535656655778113.jpg"], "intrinsics": [[[1257.8625342125129, 0.0, 827.2410631095686], [0.0, 1257.8625342125129, 450.915498205774], [0.0, 0.0, 1.0]], [[1252.8131021185304, 0.0, 826.588114781398], [0.0, 1252.8131021185304, 469.9846626224581], [0.0, 0.0, 1.0]], [[1256.7485116440405, 0.0, 817.7887570959712], [0.0, 1256.7485116440403, 451.9541780095127], [0.0, 0.0, 1.0]], [[1254.9860565800168, 0.0, 829.5769333630991], [0.0, 1254.9860565800168, 467.1680561863987], [0.0, 0.0, 1.0]], [[796.8910634503094, 0.0, 857.7774326863696], [0.0, 796.8910634503094, 476.8848988407415], [0.0, 0.0, 1.0]], [[1249.9629280788233, 0.0, 825.3768045375984], [0.0, 1249.9629280788233, 462.54816385708756], [0.0, 0.0, 1.0]]], "extrinsics": [[[0.8244715332984924, -0.5658950805664062, 0.003089131787419319, -0.85498046875], [-0.0011752145364880562, -0.007170908618718386, -0.9999735951423645, 1.4880993366241455], [0.5659021735191345, 0.8244460821151733, -0.00657725939527154, -1.233154296875], [0.0, 0.0, 0.0, 1.0]], [[0.01311012078076601, -0.9998506307601929, 0.011264286935329437, 0.00946044921875], [0.0008136311080306768, -0.011254585348069668, -0.9999363422393799, 1.480311393737793], [0.99991375207901, 0.013118472881615162, 0.0006659602513536811, -1.5845947265625], [0.0, 0.0, 0.0, 1.0]], [[-0.842859148979187, -0.5381245017051697, 0.0032232198864221573, 0.99652099609375], [0.008884692564606667, -0.01990431174635887, -0.9997623562812805, 1.4941082000732422], [0.5380608439445496, -0.8426303267478943, 0.021557601168751717, -1.2158203125], [0.0, 0.0, 0.0, 1.0]], [[0.9477092027664185, 0.31867715716362, -0.017094040289521217, -1.13525390625], [-0.016423894092440605, -0.004790003411471844, -0.9998536705970764, 1.5618953704833984], [-0.31871238350868225, 0.9478511810302734, 0.0006943926564417779, -0.1591796875], [0.0, 0.0, 0.0, 1.0]], [[0.008167032152414322, 0.9998894333839417, -0.012426846660673618, -0.02911376953125], [-0.014316304586827755, -0.012309068813920021, -0.9998217225074768, 1.567357063293457], [-0.9998641014099121, 0.008343404158949852, 0.01421419344842434, -0.005615234375], [0.0, 0.0, 0.0, 1.0]], [[-0.9244248867034912, 0.38134291768074036, -0.004006760660558939, 1.078125], [-0.010109149850904942, -0.03500589355826378, -0.9993359446525574, 1.5469598770141602], [-0.3812299370765686, -0.9237706065177917, 0.03621537610888481, -0.07631683349609375], [0.0, 0.0, 0.0, 1.0]]], "view": [[0.0, -2.0, 100.0], [-2.0, 0.0, 100.0], [0.0, 0.0, 1.0]], "bev": "bev_43808701e5124684b5f07332bbf58957.png", "aux": "aux_43808701e5124684b5f07332bbf58957.npz", "visibility": "visibility_43808701e5124684b5f07332bbf58957.png", "pose": [[-0.5504258275032043, 0.8348840475082397, 0.0, 1299.9144287109375], [-0.8348840475082397, -0.5504258275032043, 0.0, 798.547119140625], [0.0, 0.0, 1.0, 0.0], [0.0, 0.0, 0.0, 1.0]], "pose_inverse": [[-0.5504258275032043, -0.8348840475082397, 0.0, 1382.20068359375], [0.8348840475082397, -0.5504258275032043, 0.0, -645.7368774414062], [0.0, 0.0, 1.0, 0.0], [0.0, 0.0, 0.0, 1.0]], "cam_ids": [0, 1, 2, 3, 4, 5], "cam_channels": ["CAM_FRONT_LEFT", "CAM_FRONT", "CAM_FRONT_RIGHT", "CAM_BACK_LEFT", "CAM_BACK", "CAM_BACK_RIGHT"], "token": "43808701e5124684b5f07332bbf58957", "scene": "scene-0741"}, {"images": ["samples/CAM_FRONT_LEFT/n008-2018-08-30-15-16-55-0400__CAM_FRONT_LEFT__1535656656254799.jpg", "samples/CAM_FRONT/n008-2018-08-30-15-16-55-0400__CAM_FRONT__1535656656262404.jpg", "samples/CAM_FRONT_RIGHT/n008-2018-08-30-15-16-55-0400__CAM_FRONT_RIGHT__1535656656270482.jpg", "samples/CAM_BACK_LEFT/n008-2018-08-30-15-16-55-0400__CAM_BACK_LEFT__1535656656297405.jpg", "samples/CAM_BACK/n008-2018-08-30-15-16-55-0400__CAM_BACK__1535656656287558.jpg", "samples/CAM_BACK_RIGHT/n008-2018-08-30-15-16-55-0400__CAM_BACK_RIGHT__1535656656278113.jpg"], "intrinsics": [[[1257.8625342125129, 0.0, 827.2410631095686], [0.0, 1257.8625342125129, 450.915498205774], [0.0, 0.0, 1.0]], [[1252.8131021185304, 0.0, 826.588114781398], [0.0, 1252.8131021185304, 469.9846626224581], [0.0, 0.0, 1.0]], [[1256.7485116440405, 0.0, 817.7887570959712], [0.0, 1256.7485116440403, 451.9541780095127], [0.0, 0.0, 1.0]], [[1254.9860565800168, 0.0, 829.5769333630991], [0.0, 1254.9860565800168, 467.1680561863987], [0.0, 0.0, 1.0]], [[796.8910634503094, 0.0, 857.7774326863696], [0.0, 796.8910634503094, 476.8848988407415], [0.0, 0.0, 1.0]], [[1249.9629280788233, 0.0, 825.3768045375984], [0.0, 1249.9629280788233, 462.54816385708756], [0.0, 0.0, 1.0]]], "extrinsics": [[[0.8253416419029236, -0.5645626783370972, 0.008946003392338753, -0.84423828125], [0.005424309056252241, -0.007915301248431206, -0.9999539256095886, 1.489354133605957], [0.564607560634613, 0.8253521919250488, -0.0034704664722085, -1.224456787109375], [0.0, 0.0, 0.0, 1.0]], [[0.014328225515782833, -0.9998237490653992, 0.012125860899686813, 0.008544921875], [0.007464902009814978, -0.012019808404147625, -0.9998999238014221, 1.4813728332519531], [0.9998694062232971, 0.014417272061109543, 0.00729136448353529, -1.57421875], [0.0, 0.0, 0.0, 1.0]], [[-0.8422920107841492, -0.539017915725708, -0.0019677942618727684, 0.98583984375], [0.015562686137855053, -0.020669424906373024, -0.9996652007102966, 1.4950332641601562], [0.5387967228889465, -0.8420406579971313, 0.025798261165618896, -1.209716796875], [0.0, 0.0, 0.0, 1.0]], [[0.9477627873420715, 0.3187955617904663, -0.010726376436650753, -1.1356201171875], [-0.009472934529185295, -0.005482002627104521, -0.9999400973320007, 1.5619592666625977], [-0.3188352584838867, 0.9478076100349426, -0.0021757064387202263, -0.15887451171875], [0.0, 0.0, 0.0, 1.0]], [[0.007841940969228745, 0.9998834729194641, -0.01309275347739458, -0.02880859375], [-0.007442121859639883, -0.013034434989094734, -0.9998872876167297, 1.5676840543746948], [-0.9999415278434753, 0.007938503287732601, 0.007339040283113718, -0.0069580078125], [0.0, 0.0, 0.0, 1.0]], [[-0.9246382117271423, 0.38069990277290344, -0.010564517229795456, 1.075439453125], [-0.0033084056340157986, -0.03576774522662163, -0.9993546605110168, 1.5475282669067383], [-0.38083210587501526, -0.9240065813064575, 0.03433173522353172, -0.07815027236938477], [0.0, 0.0, 0.0, 1.0]]], "view": [[0.0, -2.0, 100.0], [-2.0, 0.0, 100.0], [0.0, 0.0, 1.0]], "bev": "bev_e90dc795e52e4297855f608eb54a784c.png", "aux": "aux_e90dc795e52e4297855f608eb54a784c.npz", "visibility": "visibility_e90dc795e52e4297855f608eb54a784c.png", "pose": [[-0.5908645391464233, 0.8067707419395447, 0.0, 1298.723876953125], [-0.8067707419395447, -0.5908645391464233, 0.0, 796.8760375976562], [0.0, 0.0, 1.0, 0.0], [0.0, 0.0, 0.0, 1.0]], "pose_inverse": [[-0.5908645391464233, -0.8067707419395447, 0.0, 1410.2662353515625], [0.8067707419395447, -0.5908645391464233, 0.0, -576.9266357421875], [0.0, 0.0, 1.0, 0.0], [0.0, 0.0, 0.0, 1.0]], "cam_ids": [0, 1, 2, 3, 4, 5], "cam_channels": ["CAM_FRONT_LEFT", "CAM_FRONT", "CAM_FRONT_RIGHT", "CAM_BACK_LEFT", "CAM_BACK", "CAM_BACK_RIGHT"], "token": "e90dc795e52e4297855f608eb54a784c", "scene": "scene-0741"}, {"images": ["samples/CAM_FRONT_LEFT/n008-2018-08-30-15-16-55-0400__CAM_FRONT_LEFT__1535656656754799.jpg", "samples/CAM_FRONT/n008-2018-08-30-15-16-55-0400__CAM_FRONT__1535656656762404.jpg", "samples/CAM_FRONT_RIGHT/n008-2018-08-30-15-16-55-0400__CAM_FRONT_RIGHT__1535656656770482.jpg", "samples/CAM_BACK_LEFT/n008-2018-08-30-15-16-55-0400__CAM_BACK_LEFT__1535656656797405.jpg", "samples/CAM_BACK/n008-2018-08-30-15-16-55-0400__CAM_BACK__1535656656787558.jpg", "samples/CAM_BACK_RIGHT/n008-2018-08-30-15-16-55-0400__CAM_BACK_RIGHT__1535656656778113.jpg"], "intrinsics": [[[1257.8625342125129, 0.0, 827.2410631095686], [0.0, 1257.8625342125129, 450.915498205774], [0.0, 0.0, 1.0]], [[1252.8131021185304, 0.0, 826.588114781398], [0.0, 1252.8131021185304, 469.9846626224581], [0.0, 0.0, 1.0]], [[1256.7485116440405, 0.0, 817.7887570959712], [0.0, 1256.7485116440403, 451.9541780095127], [0.0, 0.0, 1.0]], [[1254.9860565800168, 0.0, 829.5769333630991], [0.0, 1254.9860565800168, 467.1680561863987], [0.0, 0.0, 1.0]], [[796.8910634503094, 0.0, 857.7774326863696], [0.0, 796.8910634503094, 476.8848988407415], [0.0, 0.0, 1.0]], [[1249.9629280788233, 0.0, 825.3768045375984], [0.0, 1249.9629280788233, 462.54816385708756], [0.0, 0.0, 1.0]]], "extrinsics": [[[0.8251680731773376, -0.5647580623626709, 0.012080772779881954, -0.8056640625], [0.009424150921404362, -0.007619856391102076, -0.9999265074729919, 1.4905738830566406], [0.5648086071014404, 0.8252213597297668, -0.0009652989683672786, -1.197784423828125], [0.0, 0.0, 0.0, 1.0]], [[0.014195194467902184, -0.9998289346694946, 0.011856104247272015, 0.0089111328125], [0.011424352414906025, -0.011694349348545074, -0.9998663663864136, 1.4824905395507812], [0.9998339414596558, 0.014328797347843647, 0.011256394907832146, -1.5321044921875], [0.0, 0.0, 0.0, 1.0]], [[-0.8422386646270752, -0.5390763878822327, -0.0055265771225094795, 0.9549560546875], [0.01956506259739399, -0.020320076495409012, -0.9996020197868347, 1.4962425231933594], [0.538749635219574, -0.8420116901397705, 0.02766142040491104, -1.18994140625], [0.0, 0.0, 0.0, 1.0]], [[0.9477646350860596, 0.31888777017593384, -0.00725831463932991, -1.1309814453125], [-0.0059679653495550156, -0.005023290403187275, -0.9999695420265198, 1.561960220336914], [-0.3189145028591156, 0.94777911901474, -0.002857786137610674, -0.160400390625], [0.0, 0.0, 0.0, 1.0]], [[0.0078015862964093685, 0.999889612197876, -0.012648532167077065, -0.028594970703125], [-0.0038150413893163204, -0.012619063258171082, -0.9999130964279175, 1.5678045749664307], [-0.9999622702598572, 0.007849148474633694, 0.003716171719133854, -0.0238037109375], [0.0, 0.0, 0.0, 1.0]], [[-0.924627959728241, 0.38061657547950745, -0.01393127627670765, 1.0494384765625], [0.0004886536044068635, -0.03539184853434563, -0.9993733763694763, 1.5478897094726562], [-0.38087111711502075, -0.9240553975105286, 0.03253830596804619, -0.08892059326171875], [0.0, 0.0, 0.0, 1.0]]], "view": [[0.0, -2.0, 100.0], [-2.0, 0.0, 100.0], [0.0, 0.0, 1.0]], "bev": "bev_d5b21bf9025a40b092b253765969aaf2.png", "aux": "aux_d5b21bf9025a40b092b253765969aaf2.npz", "visibility": "visibility_d5b21bf9025a40b092b253765969aaf2.png", "pose": [[-0.6338981986045837, 0.7734164595603943, 0.0, 1297.2454833984375], [-0.7734164595603943, -0.6338981986045837, 0.0, 795.0038452148438], [0.0, 0.0, 1.0, 0.0], [0.0, 0.0, 0.0, 1.0]], "pose_inverse": [[-0.6338981986045837, -0.7734164595603943, 0.0, 1437.190673828125], [0.7734164595603943, -0.6338981986045837, 0.0, -499.3595275878906], [0.0, 0.0, 1.0, 0.0], [0.0, 0.0, 0.0, 1.0]], "cam_ids": [0, 1, 2, 3, 4, 5], "cam_channels": ["CAM_FRONT_LEFT", "CAM_FRONT", "CAM_FRONT_RIGHT", "CAM_BACK_LEFT", "CAM_BACK", "CAM_BACK_RIGHT"], "token": "d5b21bf9025a40b092b253765969aaf2", "scene": "scene-0741"}, {"images": ["samples/CAM_FRONT_LEFT/n008-2018-08-30-15-16-55-0400__CAM_FRONT_LEFT__1535656657254799.jpg", "samples/CAM_FRONT/n008-2018-08-30-15-16-55-0400__CAM_FRONT__1535656657262404.jpg", "samples/CAM_FRONT_RIGHT/n008-2018-08-30-15-16-55-0400__CAM_FRONT_RIGHT__1535656657270482.jpg", "samples/CAM_BACK_LEFT/n008-2018-08-30-15-16-55-0400__CAM_BACK_LEFT__1535656657297405.jpg", "samples/CAM_BACK/n008-2018-08-30-15-16-55-0400__CAM_BACK__1535656657287558.jpg", "samples/CAM_BACK_RIGHT/n008-2018-08-30-15-16-55-0400__CAM_BACK_RIGHT__1535656657278113.jpg"], "intrinsics": [[[1257.8625342125129, 0.0, 827.2410631095686], [0.0, 1257.8625342125129, 450.915498205774], [0.0, 0.0, 1.0]], [[1252.8131021185304, 0.0, 826.588114781398], [0.0, 1252.8131021185304, 469.9846626224581], [0.0, 0.0, 1.0]], [[1256.7485116440405, 0.0, 817.7887570959712], [0.0, 1256.7485116440403, 451.9541780095127], [0.0, 0.0, 1.0]], [[1254.9860565800168, 0.0, 829.5769333630991], [0.0, 1254.9860565800168, 467.1680561863987], [0.0, 0.0, 1.0]], [[796.8910634503094, 0.0, 857.7774326863696], [0.0, 796.8910634503094, 476.8848988407415], [0.0, 0.0, 1.0]], [[1249.9629280788233, 0.0, 825.3768045375984], [0.0, 1249.9629280788233, 462.54816385708756], [0.0, 0.0, 1.0]]], "extrinsics": [[[0.8243467211723328, -0.5659758448600769, 0.011124420911073685, -0.78564453125], [0.009231745265424252, -0.006207989063113928, -0.9999380707740784, 1.4907512664794922], [0.5660098791122437, 0.8243985176086426, 0.00010740707512013614, -1.1842041015625], [0.0, 0.0, 0.0, 1.0]], [[0.012940500862896442, -0.9998618960380554, 0.01042638998478651, 0.009307861328125], [0.011099257506430149, -0.010282987728714943, -0.9998855590820312, 1.4826164245605469], [0.9998546242713928, 0.01305469498038292, 0.010964659042656422, -1.514892578125], [0.0, 0.0, 0.0, 1.0]], [[-0.8428061008453369, -0.5381854176521301, -0.00585778197273612, 0.94677734375], [0.01903066225349903, -0.01892189495265484, -0.9996398091316223, 1.4963531494140625], [0.5378806591033936, -0.8426141142845154, 0.026189515367150307, -1.184326171875], [0.0, 0.0, 0.0, 1.0]], [[0.9478105902671814, 0.31874996423721313, -0.007312549278140068, -1.1339111328125], [-0.00649264408275485, -0.003634666558355093, -0.9999722838401794, 1.561974048614502], [-0.3187677562236786, 0.9478318691253662, -0.001375445630401373, -0.15948486328125], [0.0, 0.0, 0.0, 1.0]], [[0.00827841367572546, 0.9999024271965027, -0.01125210989266634, -0.02874755859375], [-0.004321623593568802, -0.01121661439538002, -0.9999277591705322, 1.5677675008773804], [-0.9999563694000244, 0.008326432667672634, 0.004228346049785614, -0.0252685546875], [0.0, 0.0, 0.0, 1.0]], [[-0.9243285059928894, 0.38137829303741455, -0.012936106882989407, 1.0439453125], [-3.2549560273764655e-05, -0.0339786596596241, -0.999422550201416, 1.5478363037109375], [-0.3815976083278656, -0.9237943291664124, 0.03141985833644867, -0.0910186767578125], [0.0, 0.0, 0.0, 1.0]]], "view": [[0.0, -2.0, 100.0], [-2.0, 0.0, 100.0], [0.0, 0.0, 1.0]], "bev": "bev_cd551a8cf78e4b20b766bbe36b6589d3.png", "aux": "aux_cd551a8cf78e4b20b766bbe36b6589d3.npz", "visibility": "visibility_cd551a8cf78e4b20b766bbe36b6589d3.png", "pose": [[-0.6649968028068542, 0.7468461990356445, 0.0, 1295.36181640625], [-0.7468461990356445, -0.6649968028068542, 0.0, 792.8367919921875], [0.0, 0.0, 1.0, 0.0], [0.0, 0.0, 0.0, 1.0]], "pose_inverse": [[-0.6649968028068542, -0.7468461990356445, 0.0, 1453.53857421875], [0.7468461990356445, -0.6649968028068542, 0.0, -440.2021484375], [0.0, 0.0, 1.0, 0.0], [0.0, 0.0, 0.0, 1.0]], "cam_ids": [0, 1, 2, 3, 4, 5], "cam_channels": ["CAM_FRONT_LEFT", "CAM_FRONT", "CAM_FRONT_RIGHT", "CAM_BACK_LEFT", "CAM_BACK", "CAM_BACK_RIGHT"], "token": "cd551a8cf78e4b20b766bbe36b6589d3", "scene": "scene-0741"}, {"images": ["samples/CAM_FRONT_LEFT/n008-2018-08-30-15-16-55-0400__CAM_FRONT_LEFT__1535656657755263.jpg", "samples/CAM_FRONT/n008-2018-08-30-15-16-55-0400__CAM_FRONT__1535656657762404.jpg", "samples/CAM_FRONT_RIGHT/n008-2018-08-30-15-16-55-0400__CAM_FRONT_RIGHT__1535656657770482.jpg", "samples/CAM_BACK_LEFT/n008-2018-08-30-15-16-55-0400__CAM_BACK_LEFT__1535656657797405.jpg", "samples/CAM_BACK/n008-2018-08-30-15-16-55-0400__CAM_BACK__1535656657787558.jpg", "samples/CAM_BACK_RIGHT/n008-2018-08-30-15-16-55-0400__CAM_BACK_RIGHT__1535656657778113.jpg"], "intrinsics": [[[1257.8625342125129, 0.0, 827.2410631095686], [0.0, 1257.8625342125129, 450.915498205774], [0.0, 0.0, 1.0]], [[1252.8131021185304, 0.0, 826.588114781398], [0.0, 1252.8131021185304, 469.9846626224581], [0.0, 0.0, 1.0]], [[1256.7485116440405, 0.0, 817.7887570959712], [0.0, 1256.7485116440403, 451.9541780095127], [0.0, 0.0, 1.0]], [[1254.9860565800168, 0.0, 829.5769333630991], [0.0, 1254.9860565800168, 467.1680561863987], [0.0, 0.0, 1.0]], [[796.8910634503094, 0.0, 857.7774326863696], [0.0, 796.8910634503094, 476.8848988407415], [0.0, 0.0, 1.0]], [[1249.9629280788233, 0.0, 825.3768045375984], [0.0, 1249.9629280788233, 462.54816385708756], [0.0, 0.0, 1.0]]], "extrinsics": [[[0.8231714367866516, -0.5677459239959717, 0.007306314539164305, -0.7559814453125], [0.007580164819955826, -0.001878156210295856, -0.999969482421875, 1.4905891418457031], [0.5677423477172852, 0.8232016563415527, 0.002757562091574073, -1.161407470703125], [0.0, 0.0, 0.0, 1.0]], [[0.011211981996893883, -0.999919056892395, 0.006015951279550791, 0.008148193359375], [0.009562410414218903, -0.005908835679292679, -0.9999368190765381, 1.4826011657714844], [0.999891459941864, 0.01126881968230009, 0.009495386853814125, -1.480224609375], [0.0, 0.0, 0.0, 1.0]], [[-0.8435519337654114, -0.5370010137557983, -0.007061562966555357, 0.92156982421875], [0.017607679590582848, -0.014512578025460243, -0.9997396469116211, 1.4966011047363281], [0.5367587804794312, -0.8434566855430603, 0.021697459742426872, -1.1700439453125], [0.0, 0.0, 0.0, 1.0]], [[0.9478439688682556, 0.31865447759628296, -0.007145920768380165, -1.1322021484375], [-0.007830066606402397, 0.0008660863386467099, -0.999968945980072, 1.5619468688964844], [-0.318638414144516, 0.9478704929351807, 0.003316002432256937, -0.15997314453125], [0.0, 0.0, 0.0, 1.0]], [[0.008853403851389885, 0.999937891960144, -0.006771567743271589, -0.0281982421875], [-0.0057427831925451756, -0.006720877718180418, -0.9999608993530273, 1.5675926208496094], [-0.9999443292617798, 0.00889194943010807, 0.005682925693690777, -0.0367431640625], [0.0, 0.0, 0.0, 1.0]], [[-0.9239550232887268, 0.38237226009368896, -0.009928615763783455, 1.024658203125], [-0.001476507168263197, -0.029522286728024483, -0.9995630383491516, 1.5475959777832031], [-0.38249823451042175, -0.9235366582870483, 0.02784184366464615, -0.1000213623046875], [0.0, 0.0, 0.0, 1.0]]], "view": [[0.0, -2.0, 100.0], [-2.0, 0.0, 100.0], [0.0, 0.0, 1.0]], "bev": "bev_58ec3754b5684cb38e6f3de1f4c92d95.png", "aux": "aux_58ec3754b5684cb38e6f3de1f4c92d95.npz", "visibility": "visibility_58ec3754b5684cb38e6f3de1f4c92d95.png", "pose": [[-0.6812129616737366, 0.7320852875709534, 0.0, 1293.16845703125], [-0.7320852875709534, -0.6812129616737366, 0.0, 790.4527587890625], [0.0, 0.0, 1.0, 0.0], [0.0, 0.0, 0.0, 1.0]], "pose_inverse": [[-0.6812129616737366, -0.7320852875709534, 0.0, 1459.6019287109375], [0.7320852875709534, -0.6812129616737366, 0.0, -408.242919921875], [0.0, 0.0, 1.0, 0.0], [0.0, 0.0, 0.0, 1.0]], "cam_ids": [0, 1, 2, 3, 4, 5], "cam_channels": ["CAM_FRONT_LEFT", "CAM_FRONT", "CAM_FRONT_RIGHT", "CAM_BACK_LEFT", "CAM_BACK", "CAM_BACK_RIGHT"], "token": "58ec3754b5684cb38e6f3de1f4c92d95", "scene": "scene-0741"}, {"images": ["samples/CAM_FRONT_LEFT/n008-2018-08-30-15-16-55-0400__CAM_FRONT_LEFT__1535656658254799.jpg", "samples/CAM_FRONT/n008-2018-08-30-15-16-55-0400__CAM_FRONT__1535656658262404.jpg", "samples/CAM_FRONT_RIGHT/n008-2018-08-30-15-16-55-0400__CAM_FRONT_RIGHT__1535656658270482.jpg", "samples/CAM_BACK_LEFT/n008-2018-08-30-15-16-55-0400__CAM_BACK_LEFT__1535656658297405.jpg", "samples/CAM_BACK/n008-2018-08-30-15-16-55-0400__CAM_BACK__1535656658287558.jpg", "samples/CAM_BACK_RIGHT/n008-2018-08-30-15-16-55-0400__CAM_BACK_RIGHT__1535656658278113.jpg"], "intrinsics": [[[1257.8625342125129, 0.0, 827.2410631095686], [0.0, 1257.8625342125129, 450.915498205774], [0.0, 0.0, 1.0]], [[1252.8131021185304, 0.0, 826.588114781398], [0.0, 1252.8131021185304, 469.9846626224581], [0.0, 0.0, 1.0]], [[1256.7485116440405, 0.0, 817.7887570959712], [0.0, 1256.7485116440403, 451.9541780095127], [0.0, 0.0, 1.0]], [[1254.9860565800168, 0.0, 829.5769333630991], [0.0, 1254.9860565800168, 467.1680561863987], [0.0, 0.0, 1.0]], [[796.8910634503094, 0.0, 857.7774326863696], [0.0, 796.8910634503094, 476.8848988407415], [0.0, 0.0, 1.0]], [[1249.9629280788233, 0.0, 825.3768045375984], [0.0, 1249.9629280788233, 462.54816385708756], [0.0, 0.0, 1.0]]], "extrinsics": [[[0.8231682181358337, -0.5677544474601746, 0.007010891567915678, -0.735107421875], [0.009609350003302097, 0.0015844054287299514, -0.9999525547027588, 1.491440773010254], [0.5677163600921631, 0.8231965899467468, 0.0067599802277982235, -1.14794921875], [0.0, 0.0, 0.0, 1.0]], [[0.011278926394879818, -0.9999329447746277, 0.0026287015061825514, 0.009033203125], [0.011542033404111862, -0.002498504938557744, -0.9999302625656128, 1.4833049774169922], [0.9998698234558105, 0.011308507062494755, 0.011513078585267067, -1.462890625], [0.0, 0.0, 0.0, 1.0]], [[-0.8434571623802185, -0.5370941758155823, -0.010481134988367558, 0.91131591796875], [0.019528212025761604, -0.011157680302858353, -0.9997470378875732, 1.4972381591796875], [0.5368414521217346, -0.8434485197067261, 0.019899513572454453, -1.1627197265625], [0.0, 0.0, 0.0, 1.0]], [[0.9478551745414734, 0.3186710774898529, -0.004413665737956762, -1.133056640625], [-0.0059946151450276375, 0.003980517387390137, -0.9999740719795227, 1.5619735717773438], [-0.318645179271698, 0.9478570222854614, 0.0056832623668015, -0.1597900390625], [0.0, 0.0, 0.0, 1.0]], [[0.00880830641835928, 0.9999549388885498, -0.0035520424135029316, -0.02838134765625], [-0.0037842842284590006, -0.0035188202746212482, -0.9999866485595703, 1.567739486694336], [-0.999954104423523, 0.008821588940918446, 0.003753118449822068, -0.041015625], [0.0, 0.0, 0.0, 1.0]], [[-0.923977792263031, 0.3823034167289734, -0.010452067479491234, 1.016357421875], [0.0004536509804893285, -0.026233891025185585, -0.9996557235717773, 1.5478935241699219], [-0.3824459910392761, -0.923664391040802, 0.024066096171736717, -0.102996826171875], [0.0, 0.0, 0.0, 1.0]]], "view": [[0.0, -2.0, 100.0], [-2.0, 0.0, 100.0], [0.0, 0.0, 1.0]], "bev": "bev_6cc2ef48aaba4026953ec082601c9de3.png", "aux": "aux_6cc2ef48aaba4026953ec082601c9de3.npz", "visibility": "visibility_6cc2ef48aaba4026953ec082601c9de3.png", "pose": [[-0.6878508925437927, 0.7258520722389221, 0.0, 1290.7572021484375], [-0.7258520722389221, -0.6878508925437927, 0.0, 787.8956909179688], [0.0, 0.0, 1.0, 0.0], [0.0, 0.0, 0.0, 1.0]], "pose_inverse": [[-0.6878508925437927, -0.7258520722389221, 0.0, 1459.744140625], [0.7258520722389221, -0.6878508925437927, 0.0, -394.94403076171875], [0.0, 0.0, 1.0, 0.0], [0.0, 0.0, 0.0, 1.0]], "cam_ids": [0, 1, 2, 3, 4, 5], "cam_channels": ["CAM_FRONT_LEFT", "CAM_FRONT", "CAM_FRONT_RIGHT", "CAM_BACK_LEFT", "CAM_BACK", "CAM_BACK_RIGHT"], "token": "6cc2ef48aaba4026953ec082601c9de3", "scene": "scene-0741"}, {"images": ["samples/CAM_FRONT_LEFT/n008-2018-08-30-15-16-55-0400__CAM_FRONT_LEFT__1535656658754799.jpg", "samples/CAM_FRONT/n008-2018-08-30-15-16-55-0400__CAM_FRONT__1535656658762404.jpg", "samples/CAM_FRONT_RIGHT/n008-2018-08-30-15-16-55-0400__CAM_FRONT_RIGHT__1535656658770482.jpg", "samples/CAM_BACK_LEFT/n008-2018-08-30-15-16-55-0400__CAM_BACK_LEFT__1535656658797405.jpg", "samples/CAM_BACK/n008-2018-08-30-15-16-55-0400__CAM_BACK__1535656658787558.jpg", "samples/CAM_BACK_RIGHT/n008-2018-08-30-15-16-55-0400__CAM_BACK_RIGHT__1535656658778122.jpg"], "intrinsics": [[[1257.8625342125129, 0.0, 827.2410631095686], [0.0, 1257.8625342125129, 450.915498205774], [0.0, 0.0, 1.0]], [[1252.8131021185304, 0.0, 826.588114781398], [0.0, 1252.8131021185304, 469.9846626224581], [0.0, 0.0, 1.0]], [[1256.7485116440405, 0.0, 817.7887570959712], [0.0, 1256.7485116440403, 451.9541780095127], [0.0, 0.0, 1.0]], [[1254.9860565800168, 0.0, 829.5769333630991], [0.0, 1254.9860565800168, 467.1680561863987], [0.0, 0.0, 1.0]], [[796.8910634503094, 0.0, 857.7774326863696], [0.0, 796.8910634503094, 476.8848988407415], [0.0, 0.0, 1.0]], [[1249.9629280788233, 0.0, 825.3768045375984], [0.0, 1249.9629280788233, 462.54816385708756], [0.0, 0.0, 1.0]]], "extrinsics": [[[0.8231403827667236, -0.5678321123123169, 0.002574176760390401, -0.7247314453125], [0.005086029879748821, 0.0028395424596965313, -0.999983012676239, 1.4900107383728027], [0.5678151845932007, 0.823139488697052, 0.005225351080298424, -1.142730712890625], [0.0, 0.0, 0.0, 1.0]], [[0.011175033636391163, -0.9999367594718933, 0.0012582027120515704, 0.010498046875], [0.006989012937992811, -0.0011801436776295304, -0.9999749064445496, 1.482131004333496], [0.9999131560325623, 0.011183582246303558, 0.006975382566452026, -1.4539794921875], [0.0, 0.0, 0.0, 1.0]], [[-0.8435733318328857, -0.5369634628295898, -0.007370743900537491, 0.906982421875], [0.014934436418116093, -0.009737569838762283, -0.999841034412384, 1.496358871459961], [0.5368064045906067, -0.843549370765686, 0.016233600676059723, -1.15869140625], [0.0, 0.0, 0.0, 1.0]], [[0.9478390216827393, 0.3186400830745697, -0.00835422333329916, -1.1334228515625], [-0.01075467187911272, 0.005774840246886015, -0.9999254941940308, 1.5619239807128906], [-0.3185681700706482, 0.9478581547737122, 0.008900490589439869, -0.15960693359375], [0.0, 0.0, 0.0, 1.0]], [[0.008877793326973915, 0.9999587535858154, -0.0019348367350175977, -0.028839111328125], [-0.00853097066283226, -0.001859104260802269, -0.9999618530273438, 1.5673189163208008], [-0.9999242424964905, 0.008893927559256554, 0.008514114655554295, -0.0428466796875], [0.0, 0.0, 0.0, 1.0]], [[-0.9239715933799744, 0.38242045044898987, -0.005563795566558838, 1.0123291015625], [-0.004200008697807789, -0.024692030623555183, -0.9996862411499023, 1.547173023223877], [-0.3824378550052643, -0.9236583709716797, 0.024420907720923424, -0.1036224365234375], [0.0, 0.0, 0.0, 1.0]]], "view": [[0.0, -2.0, 100.0], [-2.0, 0.0, 100.0], [0.0, 0.0, 1.0]], "bev": "bev_aa18292f51724a85be9a9c477964a62e.png", "aux": "aux_aa18292f51724a85be9a9c477964a62e.npz", "visibility": "visibility_aa18292f51724a85be9a9c477964a62e.png", "pose": [[-0.6926729679107666, 0.7212517857551575, 0.0, 1288.108154296875], [-0.7212517857551575, -0.6926729679107666, 0.0, 785.1312866210938], [0.0, 0.0, 1.0, 0.0], [0.0, 0.0, 0.0, 1.0]], "pose_inverse": [[-0.6926729679107666, -0.7212517857551575, 0.0, 1458.5150146484375], [0.7212517857551575, -0.6926729679107666, 0.0, -385.2110900878906], [0.0, 0.0, 1.0, 0.0], [0.0, 0.0, 0.0, 1.0]], "cam_ids": [0, 1, 2, 3, 4, 5], "cam_channels": ["CAM_FRONT_LEFT", "CAM_FRONT", "CAM_FRONT_RIGHT", "CAM_BACK_LEFT", "CAM_BACK", "CAM_BACK_RIGHT"], "token": "aa18292f51724a85be9a9c477964a62e", "scene": "scene-0741"}, {"images": ["samples/CAM_FRONT_LEFT/n008-2018-08-30-15-16-55-0400__CAM_FRONT_LEFT__1535656659254799.jpg", "samples/CAM_FRONT/n008-2018-08-30-15-16-55-0400__CAM_FRONT__1535656659262404.jpg", "samples/CAM_FRONT_RIGHT/n008-2018-08-30-15-16-55-0400__CAM_FRONT_RIGHT__1535656659270482.jpg", "samples/CAM_BACK_LEFT/n008-2018-08-30-15-16-55-0400__CAM_BACK_LEFT__1535656659297405.jpg", "samples/CAM_BACK/n008-2018-08-30-15-16-55-0400__CAM_BACK__1535656659287558.jpg", "samples/CAM_BACK_RIGHT/n008-2018-08-30-15-16-55-0400__CAM_BACK_RIGHT__1535656659278113.jpg"], "intrinsics": [[[1257.8625342125129, 0.0, 827.2410631095686], [0.0, 1257.8625342125129, 450.915498205774], [0.0, 0.0, 1.0]], [[1252.8131021185304, 0.0, 826.588114781398], [0.0, 1252.8131021185304, 469.9846626224581], [0.0, 0.0, 1.0]], [[1256.7485116440405, 0.0, 817.7887570959712], [0.0, 1256.7485116440403, 451.9541780095127], [0.0, 0.0, 1.0]], [[1254.9860565800168, 0.0, 829.5769333630991], [0.0, 1254.9860565800168, 467.1680561863987], [0.0, 0.0, 1.0]], [[796.8910634503094, 0.0, 857.7774326863696], [0.0, 796.8910634503094, 476.8848988407415], [0.0, 0.0, 1.0]], [[1249.9629280788233, 0.0, 825.3768045375984], [0.0, 1249.9629280788233, 462.54816385708756], [0.0, 0.0, 1.0]]], "extrinsics": [[[0.8221541047096252, -0.5692644119262695, -0.0008127506589516997, -0.7344970703125], [0.0034058778546750546, 0.006346588954329491, -0.9999740123748779, 1.489414930343628], [0.5692548155784607, 0.822130024433136, 0.007156718522310257, -1.14617919921875], [0.0, 0.0, 0.0, 1.0]], [[0.009736303240060806, -0.999950110912323, -0.0022407458163797855, 0.008056640625], [0.00502360612154007, 0.002289737341925502, -0.9999847412109375, 1.48152494430542], [0.9999399185180664, 0.009724865667521954, 0.005045648664236069, -1.4642333984375], [0.0, 0.0, 0.0, 1.0]], [[-0.844190776348114, -0.5359935164451599, -0.007266981992870569, 0.91455078125], [0.012637888081371784, -0.006348085589706898, -0.9998999834060669, 1.4957103729248047], [0.5358938574790955, -0.8441982269287109, 0.012132822535932064, -1.165771484375], [0.0, 0.0, 0.0, 1.0]], [[0.9478341341018677, 0.3185856342315674, -0.010659526102244854, -1.134521484375], [-0.014287742786109447, 0.009053794667124748, -0.9998569488525391, 1.5619010925292969], [-0.31844362616539, 0.9478508830070496, 0.013133365660905838, -0.15911865234375], [0.0, 0.0, 0.0, 1.0]], [[0.009356196969747543, 0.999955415725708, 0.0013191316975280643, -0.028228759765625], [-0.011569244787096977, 0.0014273496344685555, -0.999932050704956, 1.5671052932739258], [-0.9998893737792969, 0.009340286254882812, 0.011582083068788052, -0.0380859375], [0.0, 0.0, 0.0, 1.0]], [[-0.9236604571342468, 0.3832067847251892, -0.0019650112371891737, 1.02001953125], [-0.00673668785020709, -0.02136426419019699, -0.9997490644454956, 1.5467897653579712], [-0.3831525444984436, -0.92341548204422, 0.02231486886739731, -0.101959228515625], [0.0, 0.0, 0.0, 1.0]]], "view": [[0.0, -2.0, 100.0], [-2.0, 0.0, 100.0], [0.0, 0.0, 1.0]], "bev": "bev_3a486283740d4e6e95f34b0f9aeab3f2.png", "aux": "aux_3a486283740d4e6e95f34b0f9aeab3f2.npz", "visibility": "visibility_3a486283740d4e6e95f34b0f9aeab3f2.png", "pose": [[-0.6929181814193726, 0.7210162281990051, 0.0, 1285.3914794921875], [-0.7210162281990051, -0.6929181814193726, 0.0, 782.3311157226562], [0.0, 0.0, 1.0, 0.0], [0.0, 0.0, 0.0, 1.0]], "pose_inverse": [[-0.6929181814193726, -0.7210162281990051, 0.0, 1454.7445068359375], [0.7210162281990051, -0.6929181814193726, 0.0, -384.6966857910156], [0.0, 0.0, 1.0, 0.0], [0.0, 0.0, 0.0, 1.0]], "cam_ids": [0, 1, 2, 3, 4, 5], "cam_channels": ["CAM_FRONT_LEFT", "CAM_FRONT", "CAM_FRONT_RIGHT", "CAM_BACK_LEFT", "CAM_BACK", "CAM_BACK_RIGHT"], "token": "3a486283740d4e6e95f34b0f9aeab3f2", "scene": "scene-0741"}, {"images": ["samples/CAM_FRONT_LEFT/n008-2018-08-30-15-16-55-0400__CAM_FRONT_LEFT__1535656659654799.jpg", "samples/CAM_FRONT/n008-2018-08-30-15-16-55-0400__CAM_FRONT__1535656659662404.jpg", "samples/CAM_FRONT_RIGHT/n008-2018-08-30-15-16-55-0400__CAM_FRONT_RIGHT__1535656659670482.jpg", "samples/CAM_BACK_LEFT/n008-2018-08-30-15-16-55-0400__CAM_BACK_LEFT__1535656659697405.jpg", "samples/CAM_BACK/n008-2018-08-30-15-16-55-0400__CAM_BACK__1535656659687558.jpg", "samples/CAM_BACK_RIGHT/n008-2018-08-30-15-16-55-0400__CAM_BACK_RIGHT__1535656659678256.jpg"], "intrinsics": [[[1257.8625342125129, 0.0, 827.2410631095686], [0.0, 1257.8625342125129, 450.915498205774], [0.0, 0.0, 1.0]], [[1252.8131021185304, 0.0, 826.588114781398], [0.0, 1252.8131021185304, 469.9846626224581], [0.0, 0.0, 1.0]], [[1256.7485116440405, 0.0, 817.7887570959712], [0.0, 1256.7485116440403, 451.9541780095127], [0.0, 0.0, 1.0]], [[1254.9860565800168, 0.0, 829.5769333630991], [0.0, 1254.9860565800168, 467.1680561863987], [0.0, 0.0, 1.0]], [[796.8910634503094, 0.0, 857.7774326863696], [0.0, 796.8910634503094, 476.8848988407415], [0.0, 0.0, 1.0]], [[1249.9629280788233, 0.0, 825.3768045375984], [0.0, 1249.9629280788233, 462.54816385708756], [0.0, 0.0, 1.0]]], "extrinsics": [[[0.8217357993125916, -0.5696982741355896, -0.013936731033027172, -0.7545166015625], [-0.009788489900529385, 0.010341905057430267, -0.9998986124992371, 1.4853057861328125], [0.5697845816612244, 0.8217889070510864, 0.002921829931437969, -1.162384033203125], [0.0, 0.0, 0.0, 1.0]], [[0.009100745432078838, -0.9999403953552246, -0.006037094630300999, 0.009429931640625], [-0.007653757464140654, 0.005967510864138603, -0.9999529123306274, 1.4782390594482422], [0.9999293684959412, 0.009146523661911488, -0.007598990574479103, -1.484375], [0.0, 0.0, 0.0, 1.0]], [[-0.8445518016815186, -0.5354728698730469, 0.001102789188735187, 0.927001953125], [0.0005687131197191775, -0.0029564369469881058, -0.9999954104423523, 1.4931879043579102], [0.535473644733429, -0.8445473313331604, 0.0028013931587338448, -1.1719970703125], [0.0, 0.0, 0.0, 1.0]], [[0.9477425813674927, 0.318472295999527, -0.018960457295179367, -1.1363525390625], [-0.02403603121638298, 0.012014728970825672, -0.9996388554573059, 1.5618476867675781], [-0.31812942028045654, 0.9478560090065002, 0.019041679799556732, -0.15875244140625], [0.0, 0.0, 0.0, 1.0]], [[0.00969510618597269, 0.9999439716339111, 0.0042482116259634495, -0.028717041015625], [-0.022145358845591545, 0.004462079145014286, -0.9997447729110718, 1.5663719177246094], [-0.999707818031311, 0.009598540142178535, 0.022187378257513046, -0.03173828125], [0.0, 0.0, 0.0, 1.0]], [[-0.9234310388565063, 0.3836360573768616, 0.00992928259074688, 1.0301513671875], [-0.018281713128089905, -0.01813153177499771, -0.9996684789657593, 1.545257568359375], [-0.38332879543304443, -0.923306405544281, 0.023756742477416992, -0.0966339111328125], [0.0, 0.0, 0.0, 1.0]]], "view": [[0.0, -2.0, 100.0], [-2.0, 0.0, 100.0], [0.0, 0.0, 1.0]], "bev": "bev_30d65a2575bf48c98062343d618be0d4.png", "aux": "aux_30d65a2575bf48c98062343d618be0d4.npz", "visibility": "visibility_30d65a2575bf48c98062343d618be0d4.png", "pose": [[-0.6850931644439697, 0.7284554839134216, 0.0, 1283.4100341796875], [-0.7284554839134216, -0.6850931644439697, 0.0, 780.2645263671875], [0.0, 0.0, 1.0, 0.0], [0.0, 0.0, 0.0, 1.0]], "pose_inverse": [[-0.6850931644439697, -0.7284554839134216, 0.0, 1447.6434326171875], [0.7284554839134216, -0.6850931644439697, 0.0, -400.3531494140625], [0.0, 0.0, 1.0, 0.0], [0.0, 0.0, 0.0, 1.0]], "cam_ids": [0, 1, 2, 3, 4, 5], "cam_channels": ["CAM_FRONT_LEFT", "CAM_FRONT", "CAM_FRONT_RIGHT", "CAM_BACK_LEFT", "CAM_BACK", "CAM_BACK_RIGHT"], "token": "30d65a2575bf48c98062343d618be0d4", "scene": "scene-0741"}, {"images": ["samples/CAM_FRONT_LEFT/n008-2018-08-30-15-16-55-0400__CAM_FRONT_LEFT__1535656660155420.jpg", "samples/CAM_FRONT/n008-2018-08-30-15-16-55-0400__CAM_FRONT__1535656660162404.jpg", "samples/CAM_FRONT_RIGHT/n008-2018-08-30-15-16-55-0400__CAM_FRONT_RIGHT__1535656660170482.jpg", "samples/CAM_BACK_LEFT/n008-2018-08-30-15-16-55-0400__CAM_BACK_LEFT__1535656660197405.jpg", "samples/CAM_BACK/n008-2018-08-30-15-16-55-0400__CAM_BACK__1535656660187609.jpg", "samples/CAM_BACK_RIGHT/n008-2018-08-30-15-16-55-0400__CAM_BACK_RIGHT__1535656660178113.jpg"], "intrinsics": [[[1257.8625342125129, 0.0, 827.2410631095686], [0.0, 1257.8625342125129, 450.915498205774], [0.0, 0.0, 1.0]], [[1252.8131021185304, 0.0, 826.588114781398], [0.0, 1252.8131021185304, 469.9846626224581], [0.0, 0.0, 1.0]], [[1256.7485116440405, 0.0, 817.7887570959712], [0.0, 1256.7485116440403, 451.9541780095127], [0.0, 0.0, 1.0]], [[1254.9860565800168, 0.0, 829.5769333630991], [0.0, 1254.9860565800168, 467.1680561863987], [0.0, 0.0, 1.0]], [[796.8910634503094, 0.0, 857.7774326863696], [0.0, 796.8910634503094, 476.8848988407415], [0.0, 0.0, 1.0]], [[1249.9629280788233, 0.0, 825.3768045375984], [0.0, 1249.9629280788233, 462.54816385708756], [0.0, 0.0, 1.0]]], "extrinsics": [[[0.8215583562850952, -0.5697325468063354, -0.021138709038496017, -0.8104248046875], [-0.013937044888734818, 0.016996590420603752, -0.9997584223747253, 1.4849739074707031], [0.5699541568756104, 0.8216544389724731, 0.006023299880325794, -1.201812744140625], [0.0, 0.0, 0.0, 1.0]], [[0.00880691222846508, -0.9998778700828552, -0.01291078794747591, 0.00946044921875], [-0.011708698235452175, 0.012807291001081467, -0.9998494386672974, 1.47784423828125], [0.9998927116394043, 0.008956738747656345, -0.011594472452998161, -1.539306640625], [0.0, 0.0, 0.0, 1.0]], [[-0.8447207808494568, -0.5352068543434143, 0.0007259527337737381, 0.96453857421875], [-0.003406297182664275, 0.004019804764539003, -0.9999861121177673, 1.4925522804260254], [0.5351965427398682, -0.8447116017341614, -0.005218686070293188, -1.19580078125], [0.0, 0.0, 0.0, 1.0]], [[0.9477058053016663, 0.31850776076316833, -0.020162703469395638, -1.138427734375], [-0.027598127722740173, 0.0188487246632576, -0.999441385269165, 1.5618858337402344], [-0.3179498016834259, 0.9477329254150391, 0.026653261855244637, -0.15789794921875], [0.0, 0.0, 0.0, 1.0]], [[0.009932512417435646, 0.9998875856399536, 0.011228818446397781, -0.02893