[{"images": ["samples/CAM_FRONT_LEFT/n008-2018-08-27-11-48-51-0400__CAM_FRONT_LEFT__1535385457504799.jpg", "samples/CAM_FRONT/n008-2018-08-27-11-48-51-0400__CAM_FRONT__1535385457512404.jpg", "samples/CAM_FRONT_RIGHT/n008-2018-08-27-11-48-51-0400__CAM_FRONT_RIGHT__1535385457520482.jpg", "samples/CAM_BACK_LEFT/n008-2018-08-27-11-48-51-0400__CAM_BACK_LEFT__1535385457547405.jpg", "samples/CAM_BACK/n008-2018-08-27-11-48-51-0400__CAM_BACK__1535385457537558.jpg", "samples/CAM_BACK_RIGHT/n008-2018-08-27-11-48-51-0400__CAM_BACK_RIGHT__1535385457528113.jpg"], "intrinsics": [[[1257.8625342125129, 0.0, 827.2410631095686], [0.0, 1257.8625342125129, 450.915498205774], [0.0, 0.0, 1.0]], [[1252.8131021185304, 0.0, 826.588114781398], [0.0, 1252.8131021185304, 469.9846626224581], [0.0, 0.0, 1.0]], [[1256.7485116440405, 0.0, 817.7887570959712], [0.0, 1256.7485116440403, 451.9541780095127], [0.0, 0.0, 1.0]], [[1254.9860565800168, 0.0, 829.5769333630991], [0.0, 1254.9860565800168, 467.1680561863987], [0.0, 0.0, 1.0]], [[796.8910634503094, 0.0, 857.7774326863696], [0.0, 796.8910634503094, 476.8848988407415], [0.0, 0.0, 1.0]], [[1249.9629280788233, 0.0, 825.3768045375984], [0.0, 1249.9629280788233, 462.54816385708756], [0.0, 0.0, 1.0]]], "extrinsics": [[[0.8247382640838623, -0.5655142068862915, -0.0007951061706990004, -0.7938232421875], [0.010433549992740154, 0.016621865332126617, -0.9998073577880859, 1.490936279296875], [0.5654186010360718, 0.8245710730552673, 0.019609006121754646, -1.18994140625], [0.0, 0.0, 0.0, 1.0]], [[0.01342733670026064, -0.9998342394828796, -0.012296345084905624, 0.009033203125], [0.012378760613501072, 0.012462727725505829, -0.9998457431793213, 1.482757568359375], [0.9998332262039185, 0.013273057527840137, 0.012544048950076103, -1.524169921875], [0.0, 0.0, 0.0, 1.0]], [[-0.842613935470581, -0.5381757616996765, -0.019198253750801086, 0.953369140625], [0.020393142476677895, 0.003735920414328575, -0.9997850060462952, 1.4963951110839844], [0.538131833076477, -0.842824399471283, 0.00782715529203415, -1.189361572265625], [0.0, 0.0, 0.0, 1.0]], [[0.9479374885559082, 0.31845444440841675, 0.0011361843207851052, -1.140869140625], [-0.005073218606412411, 0.01866849884390831, -0.99981290102005, 1.5620355606079102], [-0.3184160888195038, 0.9477543234825134, 0.019312158226966858, -0.1567535400390625], [0.0, 0.0, 0.0, 1.0]], [[0.008322436362504959, 0.9999028444290161, 0.011186121962964535, -0.0284423828125], [-0.0029349392279982567, 0.01121088583022356, -0.9999328255653381, 1.5678744316101074], [-0.9999611377716064, 0.008289052173495293, 0.0030279550701379776, -0.017822265625], [0.0, 0.0, 0.0, 1.0]], [[-0.9243912696838379, 0.3814047873020172, -0.00558412866666913, 1.05126953125], [0.0013261776184663177, -0.011425793170928955, -0.9999338388442993, 1.5479755401611328], [-0.3814433515071869, -0.9243375658988953, 0.010056093335151672, -0.0885009765625], [0.0, 0.0, 0.0, 1.0]]], "view": [[0.0, -2.0, 100.0], [-2.0, 0.0, 100.0], [0.0, 0.0, 1.0]], "bev": "bev_68cc46eab4f74f93b4db7fd1300f6a73.png", "aux": "aux_68cc46eab4f74f93b4db7fd1300f6a73.npz", "visibility": "visibility_68cc46eab4f74f93b4db7fd1300f6a73.png", "pose": [[0.997572124004364, 0.06964122503995895, 0.0, 2495.631103515625], [-0.06964122503995895, 0.997572124004364, 0.0, 881.9608764648438], [0.0, 0.0, 1.0, 0.0], [0.0, 0.0, 0.0, 1.0]], "pose_inverse": [[0.997572124004364, -0.06964122503995895, 0.0, -2428.151123046875], [0.06964122503995895, 0.997572124004364, 0.0, -1053.618408203125], [0.0, 0.0, 1.0, 0.0], [0.0, 0.0, 0.0, 1.0]], "cam_ids": [0, 1, 2, 3, 4, 5], "cam_channels": ["CAM_FRONT_LEFT", "CAM_FRONT", "CAM_FRONT_RIGHT", "CAM_BACK_LEFT", "CAM_BACK", "CAM_BACK_RIGHT"], "token": "68cc46eab4f74f93b4db7fd1300f6a73", "scene": "scene-0328"}, {"images": ["samples/CAM_FRONT_LEFT/n008-2018-08-27-11-48-51-0400__CAM_FRONT_LEFT__1535385458004799.jpg", "samples/CAM_FRONT/n008-2018-08-27-11-48-51-0400__CAM_FRONT__1535385458012404.jpg", "samples/CAM_FRONT_RIGHT/n008-2018-08-27-11-48-51-0400__CAM_FRONT_RIGHT__1535385458020482.jpg", "samples/CAM_BACK_LEFT/n008-2018-08-27-11-48-51-0400__CAM_BACK_LEFT__1535385458047405.jpg", "samples/CAM_BACK/n008-2018-08-27-11-48-51-0400__CAM_BACK__1535385458037558.jpg", "samples/CAM_BACK_RIGHT/n008-2018-08-27-11-48-51-0400__CAM_BACK_RIGHT__1535385458028113.jpg"], "intrinsics": [[[1257.8625342125129, 0.0, 827.2410631095686], [0.0, 1257.8625342125129, 450.915498205774], [0.0, 0.0, 1.0]], [[1252.8131021185304, 0.0, 826.588114781398], [0.0, 1252.8131021185304, 469.9846626224581], [0.0, 0.0, 1.0]], [[1256.7485116440405, 0.0, 817.7887570959712], [0.0, 1256.7485116440403, 451.9541780095127], [0.0, 0.0, 1.0]], [[1254.9860565800168, 0.0, 829.5769333630991], [0.0, 1254.9860565800168, 467.1680561863987], [0.0, 0.0, 1.0]], [[796.8910634503094, 0.0, 857.7774326863696], [0.0, 796.8910634503094, 476.8848988407415], [0.0, 0.0, 1.0]], [[1249.9629280788233, 0.0, 825.3768045375984], [0.0, 1249.9629280788233, 462.54816385708756], [0.0, 0.0, 1.0]]], "extrinsics": [[[0.8252997398376465, -0.5646946430206299, -0.0005513806827366352, -0.8040771484375], [0.009797479957342148, 0.015295255929231644, -0.9998350143432617, 1.4906578063964844], [0.5646098852157593, 0.8251582384109497, 0.01815575547516346, -1.19677734375], [0.0, 0.0, 0.0, 1.0]], [[0.014225072227418423, -0.9998394250869751, -0.010891166515648365, 0.0086669921875], [0.011774945072829723, 0.011059018783271313, -0.9998695254325867, 1.4825172424316406], [0.9998294711112976, 0.014094979502260685, 0.011930370703339577, -1.53466796875], [0.0, 0.0, 0.0, 1.0]], [[-0.8422887921333313, -0.538728654384613, -0.017915507778525352, 0.960205078125], [0.019824421033263206, 0.0022535508032888174, -0.9998009204864502, 1.4961471557617188], [0.5386618375778198, -0.8424763083457947, 0.008781843818724155, -1.19366455078125], [0.0, 0.0, 0.0, 1.0]], [[0.9479374289512634, 0.31845641136169434, 0.0001874169975053519, -1.139404296875], [-0.00560399517416954, 0.017269624397158623, -0.9998351335525513, 1.5620222091674805], [-0.31840717792510986, 0.9477801322937012, 0.018155153840780258, -0.157257080078125], [0.0, 0.0, 0.0, 1.0]], [[0.00809464044868946, 0.9999199509620667, 0.009717111475765705, -0.028564453125], [-0.0034577413462102413, 0.009745360352098942, -0.9999464750289917, 1.5678545236587524], [-0.999961256980896, 0.008060592226684093, 0.0035363496281206608, -0.01513671875], [0.0, 0.0, 0.0, 1.0]], [[-0.9245661497116089, 0.3809799551963806, -0.0056264810264110565, 1.0567626953125], [0.0007632368360646069, -0.012914974242448807, -0.9999162554740906, 1.5479001998901367], [-0.381020724773407, -0.9244930148124695, 0.011649971827864647, -0.086181640625], [0.0, 0.0, 0.0, 1.0]]], "view": [[0.0, -2.0, 100.0], [-2.0, 0.0, 100.0], [0.0, 0.0, 1.0]], "bev": "bev_fb930dc775354c22aeac00ec1ddaa96b.png", "aux": "aux_fb930dc775354c22aeac00ec1ddaa96b.npz", "visibility": "visibility_fb930dc775354c22aeac00ec1ddaa96b.png", "pose": [[0.9924307465553284, 0.1228053942322731, 0.0, 2498.45556640625], [-0.1228053942322731, 0.9924307465553284, 0.0, 881.6707153320312], [0.0, 0.0, 1.0, 0.0], [0.0, 0.0, 0.0, 1.0]], "pose_inverse": [[0.9924307465553284, -0.1228053942322731, 0.0, -2371.270263671875], [0.1228053942322731, 0.9924307465553284, 0.0, -1181.8209228515625], [0.0, 0.0, 1.0, 0.0], [0.0, 0.0, 0.0, 1.0]], "cam_ids": [0, 1, 2, 3, 4, 5], "cam_channels": ["CAM_FRONT_LEFT", "CAM_FRONT", "CAM_FRONT_RIGHT", "CAM_BACK_LEFT", "CAM_BACK", "CAM_BACK_RIGHT"], "token": "fb930dc775354c22aeac00ec1ddaa96b", "scene": "scene-0328"}, {"images": ["samples/CAM_FRONT_LEFT/n008-2018-08-27-11-48-51-0400__CAM_FRONT_LEFT__1535385458504799.jpg", "samples/CAM_FRONT/n008-2018-08-27-11-48-51-0400__CAM_FRONT__1535385458512404.jpg", "samples/CAM_FRONT_RIGHT/n008-2018-08-27-11-48-51-0400__CAM_FRONT_RIGHT__1535385458520482.jpg", "samples/CAM_BACK_LEFT/n008-2018-08-27-11-48-51-0400__CAM_BACK_LEFT__1535385458547405.jpg", "samples/CAM_BACK/n008-2018-08-27-11-48-51-0400__CAM_BACK__1535385458537558.jpg", "samples/CAM_BACK_RIGHT/n008-2018-08-27-11-48-51-0400__CAM_BACK_RIGHT__1535385458528113.jpg"], "intrinsics": [[[1257.8625342125129, 0.0, 827.2410631095686], [0.0, 1257.8625342125129, 450.915498205774], [0.0, 0.0, 1.0]], [[1252.8131021185304, 0.0, 826.588114781398], [0.0, 1252.8131021185304, 469.9846626224581], [0.0, 0.0, 1.0]], [[1256.7485116440405, 0.0, 817.7887570959712], [0.0, 1256.7485116440403, 451.9541780095127], [0.0, 0.0, 1.0]], [[1254.9860565800168, 0.0, 829.5769333630991], [0.0, 1254.9860565800168, 467.1680561863987], [0.0, 0.0, 1.0]], [[796.8910634503094, 0.0, 857.7774326863696], [0.0, 796.8910634503094, 476.8848988407415], [0.0, 0.0, 1.0]], [[1249.9629280788233, 0.0, 825.3768045375984], [0.0, 1249.9629280788233, 462.54816385708756], [0.0, 0.0, 1.0]]], "extrinsics": [[[0.8261719942092896, -0.5634034872055054, -0.004048157017678022, -0.8123779296875], [0.008487772196531296, 0.019629964604973793, -0.9997712969779968, 1.4902420043945312], [0.5633541345596313, 0.8259485960006714, 0.020999766886234283, -1.20361328125], [0.0, 0.0, 0.0, 1.0]], [[0.015497504733502865, -0.9997626543045044, -0.01530966442078352, 0.0093994140625], [0.010561414062976837, 0.015474325977265835, -0.9998244643211365, 1.482177734375], [0.999824047088623, 0.015333075076341629, 0.010798720642924309, -1.542724609375], [0.0, 0.0, 0.0, 1.0]], [[-0.8417624235153198, -0.5394992828369141, -0.019402997568249702, 0.965576171875], [0.018714359030127525, 0.00675832387059927, -0.9998019933700562, 1.4958572387695312], [0.5395236611366272, -0.8419589400291443, 0.004407480824738741, -1.196380615234375], [0.0, 0.0, 0.0, 1.0]], [[0.947856605052948, 0.31869563460350037, 0.0009501462336629629, -1.1328125], [-0.00628172280266881, 0.021663540974259377, -0.9997456073760986, 1.561976432800293], [-0.3186351954936981, 0.9476094245910645, 0.022535890340805054, -0.15960693359375], [0.0, 0.0, 0.0, 1.0]], [[0.0076262145303189754, 0.9998703598976135, 0.014177761040627956, -0.028564453125], [-0.004323449917137623, 0.014211010187864304, -0.999889612197876, 1.5677971839904785], [-0.9999616146087646, 0.007564045954495668, 0.004431265406310558, -0.015869140625], [0.0, 0.0, 0.0, 1.0]], [[-0.924856960773468, 0.38030314445495605, -0.0030000959523022175, 1.06005859375], [-0.00022208719747141004, -0.008428510278463364, -0.9999644756317139, 1.5477924346923828], [-0.3803148567676544, -0.9248234629631042, 0.00787962693721056, -0.08447265625], [0.0, 0.0, 0.0, 1.0]]], "view": [[0.0, -2.0, 100.0], [-2.0, 0.0, 100.0], [0.0, 0.0, 1.0]], "bev": "bev_42e7268c65304164b4d3ba063bac45ef.png", "aux": "aux_42e7268c65304164b4d3ba063bac45ef.npz", "visibility": "visibility_42e7268c65304164b4d3ba063bac45ef.png", "pose": [[0.9811961054801941, 0.19301341474056244, 0.0, 2501.217041015625], [-0.19301341474056244, 0.9811961054801941, 0.0, 881.1890258789062], [0.0, 0.0, 1.0, 0.0], [0.0, 0.0, 0.0, 1.0]], "pose_inverse": [[0.9811961054801941, -0.19301341474056244, 0.0, -2284.10302734375], [0.19301341474056244, 0.9811961054801941, 0.0, -1347.3876953125], [0.0, 0.0, 1.0, 0.0], [0.0, 0.0, 0.0, 1.0]], "cam_ids": [0, 1, 2, 3, 4, 5], "cam_channels": ["CAM_FRONT_LEFT", "CAM_FRONT", "CAM_FRONT_RIGHT", "CAM_BACK_LEFT", "CAM_BACK", "CAM_BACK_RIGHT"], "token": "42e7268c65304164b4d3ba063bac45ef", "scene": "scene-0328"}, {"images": ["samples/CAM_FRONT_LEFT/n008-2018-08-27-11-48-51-0400__CAM_FRONT_LEFT__1535385459004799.jpg", "samples/CAM_FRONT/n008-2018-08-27-11-48-51-0400__CAM_FRONT__1535385459012404.jpg", "samples/CAM_FRONT_RIGHT/n008-2018-08-27-11-48-51-0400__CAM_FRONT_RIGHT__1535385459020482.jpg", "samples/CAM_BACK_LEFT/n008-2018-08-27-11-48-51-0400__CAM_BACK_LEFT__1535385459047405.jpg", "samples/CAM_BACK/n008-2018-08-27-11-48-51-0400__CAM_BACK__1535385459037558.jpg", "samples/CAM_BACK_RIGHT/n008-2018-08-27-11-48-51-0400__CAM_BACK_RIGHT__1535385459028113.jpg"], "intrinsics": [[[1257.8625342125129, 0.0, 827.2410631095686], [0.0, 1257.8625342125129, 450.915498205774], [0.0, 0.0, 1.0]], [[1252.8131021185304, 0.0, 826.588114781398], [0.0, 1252.8131021185304, 469.9846626224581], [0.0, 0.0, 1.0]], [[1256.7485116440405, 0.0, 817.7887570959712], [0.0, 1256.7485116440403, 451.9541780095127], [0.0, 0.0, 1.0]], [[1254.9860565800168, 0.0, 829.5769333630991], [0.0, 1254.9860565800168, 467.1680561863987], [0.0, 0.0, 1.0]], [[796.8910634503094, 0.0, 857.7774326863696], [0.0, 796.8910634503094, 476.8848988407415], [0.0, 0.0, 1.0]], [[1249.9629280788233, 0.0, 825.3768045375984], [0.0, 1249.9629280788233, 462.54816385708756], [0.0, 0.0, 1.0]]], "extrinsics": [[[0.8262004256248474, -0.5633725523948669, 0.002075836295261979, -0.8145751953125], [0.013954092748463154, 0.016780255362391472, -0.9997618198394775, 1.4915275573730469], [0.5632035136222839, 0.8260325789451599, 0.021725205704569817, -1.202392578125], [0.0, 0.0, 0.0, 1.0]], [[0.015605809167027473, -0.9998009204864502, -0.012432831339538097, 0.0076904296875], [0.015975654125213623, 0.012682082131505013, -0.9997919797897339, 1.48321533203125], [0.9997506141662598, 0.015403930097818375, 0.016170386224985123, -1.543701171875], [0.0, 0.0, 0.0, 1.0]], [[-0.8416403532028198, -0.53957200050354, -0.022441674023866653, 0.965576171875], [0.024073682725429535, 0.004028392489999533, -0.9997020363807678, 1.4966316223144531], [0.5395016074180603, -0.8419298529624939, 0.00959902536123991, -1.1981582641601562], [0.0, 0.0, 0.0, 1.0]], [[0.9479665756225586, 0.3183309733867645, 0.004977684933692217, -1.13720703125], [-0.0011916187359020114, 0.019182486459612846, -0.9998152852058411, 1.5620555877685547], [-0.31836768984794617, 0.9477855563163757, 0.018563684076070786, -0.1572265625], [0.0, 0.0, 0.0, 1.0]], [[0.007678439375013113, 0.9999026656150818, 0.011647234670817852, -0.0277099609375], [0.0008886350551620126, 0.011640749871730804, -0.9999318718910217, 1.5681209564208984], [-0.9999701976776123, 0.007688241079449654, -0.0007991660386323929, -0.013916015625], [0.0, 0.0, 0.0, 1.0]], [[-0.924828290939331, 0.38027989864349365, -0.008931169286370277, 1.0614013671875], [0.005096539855003357, -0.01108940877020359, -0.9999254941940308, 1.5483579635620117], [-0.3803505599498749, -0.9248049259185791, 0.008317689411342144, -0.0849609375], [0.0, 0.0, 0.0, 1.0]]], "view": [[0.0, -2.0, 100.0], [-2.0, 0.0, 100.0], [0.0, 0.0, 1.0]], "bev": "bev_4efedc29eb8f40e2925f0565318a3c27.png", "aux": "aux_4efedc29eb8f40e2925f0565318a3c27.npz", "visibility": "visibility_4efedc29eb8f40e2925f0565318a3c27.png", "pose": [[0.9636833071708679, 0.2670477032661438, 0.0, 2503.7490234375], [-0.2670477032661438, 0.9636833071708679, 0.0, 880.572998046875], [0.0, 0.0, 1.0, 0.0], [0.0, 0.0, 0.0, 1.0]], "pose_inverse": [[0.9636833071708679, -0.2670477032661438, 0.0, -2177.666259765625], [0.2670477032661438, 0.9636833071708679, 0.0, -1517.2139892578125], [0.0, 0.0, 1.0, 0.0], [0.0, 0.0, 0.0, 1.0]], "cam_ids": [0, 1, 2, 3, 4, 5], "cam_channels": ["CAM_FRONT_LEFT", "CAM_FRONT", "CAM_FRONT_RIGHT", "CAM_BACK_LEFT", "CAM_BACK", "CAM_BACK_RIGHT"], "token": "4efedc29eb8f40e2925f0565318a3c27", "scene": "scene-0328"}, {"images": ["samples/CAM_FRONT_LEFT/n008-2018-08-27-11-48-51-0400__CAM_FRONT_LEFT__1535385459504799.jpg", "samples/CAM_FRONT/n008-2018-08-27-11-48-51-0400__CAM_FRONT__1535385459512404.jpg", "samples/CAM_FRONT_RIGHT/n008-2018-08-27-11-48-51-0400__CAM_FRONT_RIGHT__1535385459520482.jpg", "samples/CAM_BACK_LEFT/n008-2018-08-27-11-48-51-0400__CAM_BACK_LEFT__1535385459547405.jpg", "samples/CAM_BACK/n008-2018-08-27-11-48-51-0400__CAM_BACK__1535385459537558.jpg", "samples/CAM_BACK_RIGHT/n008-2018-08-27-11-48-51-0400__CAM_BACK_RIGHT__1535385459528113.jpg"], "intrinsics": [[[1257.8625342125129, 0.0, 827.2410631095686], [0.0, 1257.8625342125129, 450.915498205774], [0.0, 0.0, 1.0]], [[1252.8131021185304, 0.0, 826.588114781398], [0.0, 1252.8131021185304, 469.9846626224581], [0.0, 0.0, 1.0]], [[1256.7485116440405, 0.0, 817.7887570959712], [0.0, 1256.7485116440403, 451.9541780095127], [0.0, 0.0, 1.0]], [[1254.9860565800168, 0.0, 829.5769333630991], [0.0, 1254.9860565800168, 467.1680561863987], [0.0, 0.0, 1.0]], [[796.8910634503094, 0.0, 857.7774326863696], [0.0, 796.8910634503094, 476.8848988407415], [0.0, 0.0, 1.0]], [[1249.9629280788233, 0.0, 825.3768045375984], [0.0, 1249.9629280788233, 462.54816385708756], [0.0, 0.0, 1.0]]], "extrinsics": [[[0.8267836570739746, -0.562512218952179, 0.0029843703377991915, -0.80401611328125], [0.01400204561650753, 0.01527599710971117, -0.9997852444648743, 1.4917068481445312], [0.5623458027839661, 0.8266478776931763, 0.02050626464188099, -1.196044921875], [0.0, 0.0, 0.0, 1.0]], [[0.01643974892795086, -0.9998037815093994, -0.011048203334212303, 0.008544921875], [0.0160219743847847, 0.011311694048345089, -0.9998076558113098, 1.4833793640136719], [0.999736487865448, 0.01625961624085903, 0.016204793006181717, -1.53369140625], [0.0, 0.0, 0.0, 1.0]], [[-0.8412920832633972, -0.5401401519775391, -0.021823395043611526, 0.95947265625], [0.024131741374731064, 0.0028050332330167294, -0.9997048377990723, 1.4968299865722656], [0.5400419235229492, -0.8415703773498535, 0.010674670338630676, -1.193603515625], [0.0, 0.0, 0.0, 1.0]], [[0.9479528069496155, 0.3183710277080536, 0.005043266341090202, -1.13818359375], [-0.0009141136542893946, 0.018559889867901802, -0.9998273253440857, 1.5620498657226562], [-0.31840968132019043, 0.9477844834327698, 0.01788492687046528, -0.1573486328125], [0.0, 0.0, 0.0, 1.0]], [[0.007432430051267147, 0.999914288520813, 0.010777155868709087, -0.0279541015625], [0.001044044503942132, 0.01076968852430582, -0.9999414086341858, 1.5681285858154297], [-0.9999719262123108, 0.007443179376423359, -0.0009639111231081188, -0.0164794921875], [0.0, 0.0, 0.0, 1.0]], [[-0.925003170967102, 0.37984225153923035, -0.009436237625777721, 1.055908203125], [0.005202366039156914, -0.012171384878456593, -0.9999123811721802, 1.54840087890625], [-0.3799237608909607, -0.9249712228775024, 0.0092824911698699, -0.086669921875], [0.0, 0.0, 0.0, 1.0]]], "view": [[0.0, -2.0, 100.0], [-2.0, 0.0, 100.0], [0.0, 0.0, 1.0]], "bev": "bev_0786e77e58144792a7f167a201549203.png", "aux": "aux_0786e77e58144792a7f167a201549203.npz", "visibility": "visibility_0786e77e58144792a7f167a201549203.png", "pose": [[0.93706876039505, 0.349144846200943, 0.0, 2506.382080078125], [-0.349144846200943, 0.93706876039505, 0.0, 879.708984375], [0.0, 0.0, 1.0, 0.0], [0.0, 0.0, 0.0, 1.0]], "pose_inverse": [[0.93706876039505, -0.349144846200943, 0.0, -2041.5064697265625], [0.349144846200943, 0.93706876039505, 0.0, -1699.438232421875], [0.0, 0.0, 1.0, 0.0], [0.0, 0.0, 0.0, 1.0]], "cam_ids": [0, 1, 2, 3, 4, 5], "cam_channels": ["CAM_FRONT_LEFT", "CAM_FRONT", "CAM_FRONT_RIGHT", "CAM_BACK_LEFT", "CAM_BACK", "CAM_BACK_RIGHT"], "token": "0786e77e58144792a7f167a201549203", "scene": "scene-0328"}, {"images": ["samples/CAM_FRONT_LEFT/n008-2018-08-27-11-48-51-0400__CAM_FRONT_LEFT__1535385460004799.jpg", "samples/CAM_FRONT/n008-2018-08-27-11-48-51-0400__CAM_FRONT__1535385460012404.jpg", "samples/CAM_FRONT_RIGHT/n008-2018-08-27-11-48-51-0400__CAM_FRONT_RIGHT__1535385460020483.jpg", "samples/CAM_BACK_LEFT/n008-2018-08-27-11-48-51-0400__CAM_BACK_LEFT__1535385460047405.jpg", "samples/CAM_BACK/n008-2018-08-27-11-48-51-0400__CAM_BACK__1535385460037558.jpg", "samples/CAM_BACK_RIGHT/n008-2018-08-27-11-48-51-0400__CAM_BACK_RIGHT__1535385460028113.jpg"], "intrinsics": [[[1257.8625342125129, 0.0, 827.2410631095686], [0.0, 1257.8625342125129, 450.915498205774], [0.0, 0.0, 1.0]], [[1252.8131021185304, 0.0, 826.588114781398], [0.0, 1252.8131021185304, 469.9846626224581], [0.0, 0.0, 1.0]], [[1256.7485116440405, 0.0, 817.7887570959712], [0.0, 1256.7485116440403, 451.9541780095127], [0.0, 0.0, 1.0]], [[1254.9860565800168, 0.0, 829.5769333630991], [0.0, 1254.9860565800168, 467.1680561863987], [0.0, 0.0, 1.0]], [[796.8910634503094, 0.0, 857.7774326863696], [0.0, 796.8910634503094, 476.8848988407415], [0.0, 0.0, 1.0]], [[1249.9629280788233, 0.0, 825.3768045375984], [0.0, 1249.9629280788233, 462.54816385708756], [0.0, 0.0, 1.0]]], "extrinsics": [[[0.8269385099411011, -0.562156081199646, -0.0123825054615736, -0.803558349609375], [0.0008089091279543936, 0.023210784420371056, -0.9997302889823914, 1.4884681701660156], [0.5622918605804443, 0.8267053961753845, 0.01964862272143364, -1.197509765625], [0.0, 0.0, 0.0, 1.0]], [[0.016545334830880165, -0.9996820092201233, -0.019028937444090843, 0.0093994140625], [0.0023620116990059614, 0.019070567563176155, -0.9998153448104858, 1.4806251525878906], [0.9998603463172913, 0.016497401520609856, 0.0026767896488308907, -1.5338134765625], [0.0, 0.0, 0.0, 1.0]], [[-0.8414005637168884, -0.5402308702468872, -0.013990129344165325, 0.95947265625], [0.009963073767721653, 0.01037656981498003, -0.9998965263366699, 1.4946250915527344], [0.540320098400116, -0.8414528965950012, -0.0033484906889498234, -1.19256591796875], [0.0, 0.0, 0.0, 1.0]], [[0.9478499889373779, 0.3186177611351013, -0.007939770817756653, -1.14111328125], [-0.016827376559376717, 0.025151433423161507, -0.9995419979095459, 1.5619983673095703], [-0.3182721734046936, 0.9475494623184204, 0.029201287776231766, -0.1568603515625], [0.0, 0.0, 0.0, 1.0]], [[0.0074315438978374004, 0.9998161196708679, 0.017678378149867058, -0.028564453125], [-0.01415939535945654, 0.017782308161258698, -0.9997415542602539, 1.5672011375427246], [-0.999872088432312, 0.007179363165050745, 0.014288942329585552, -0.0159912109375], [0.0, 0.0, 0.0, 1.0]], [[-0.9251079559326172, 0.3796420097351074, 0.006865451578050852, 1.0548095703125], [-0.009403383359313011, -0.0048310719430446625, -0.9999440908432007, 1.5467395782470703], [-0.37958768010139465, -0.9251208305358887, 0.008039183914661407, -0.0869140625], [0.0, 0.0, 0.0, 1.0]]], "view": [[0.0, -2.0, 100.0], [-2.0, 0.0, 100.0], [0.0, 0.0, 1.0]], "bev": "bev_d0c2ddc1b3d1448380f1c5485a3c20c2.png", "aux": "aux_d0c2ddc1b3d1448380f1c5485a3c20c2.npz", "visibility": "visibility_d0c2ddc1b3d1448380f1c5485a3c20c2.png", "pose": [[0.9006177186965942, 0.43461212515830994, 0.0, 2508.945068359375], [-0.43461212515830994, 0.9006177186965942, 0.0, 878.59130859375], [0.0, 0.0, 1.0, 0.0], [0.0, 0.0, 0.0, 1.0]], "pose_inverse": [[0.9006177186965942, -0.43461212515830994, 0.0, -1877.75390625], [0.43461212515830994, 0.9006177186965942, 0.0, -1881.69287109375], [0.0, 0.0, 1.0, 0.0], [0.0, 0.0, 0.0, 1.0]], "cam_ids": [0, 1, 2, 3, 4, 5], "cam_channels": ["CAM_FRONT_LEFT", "CAM_FRONT", "CAM_FRONT_RIGHT", "CAM_BACK_LEFT", "CAM_BACK", "CAM_BACK_RIGHT"], "token": "d0c2ddc1b3d1448380f1c5485a3c20c2", "scene": "scene-0328"}, {"images": ["samples/CAM_FRONT_LEFT/n008-2018-08-27-11-48-51-0400__CAM_FRONT_LEFT__1535385460504799.jpg", "samples/CAM_FRONT/n008-2018-08-27-11-48-51-0400__CAM_FRONT__1535385460512404.jpg", "samples/CAM_FRONT_RIGHT/n008-2018-08-27-11-48-51-0400__CAM_FRONT_RIGHT__1535385460520482.jpg", "samples/CAM_BACK_LEFT/n008-2018-08-27-11-48-51-0400__CAM_BACK_LEFT__1535385460547405.jpg", "samples/CAM_BACK/n008-2018-08-27-11-48-51-0400__CAM_BACK__1535385460537558.jpg", "samples/CAM_BACK_RIGHT/n008-2018-08-27-11-48-51-0400__CAM_BACK_RIGHT__1535385460528113.jpg"], "intrinsics": [[[1257.8625342125129, 0.0, 827.2410631095686], [0.0, 1257.8625342125129, 450.915498205774], [0.0, 0.0, 1.0]], [[1252.8131021185304, 0.0, 826.588114781398], [0.0, 1252.8131021185304, 469.9846626224581], [0.0, 0.0, 1.0]], [[1256.7485116440405, 0.0, 817.7887570959712], [0.0, 1256.7485116440403, 451.9541780095127], [0.0, 0.0, 1.0]], [[1254.9860565800168, 0.0, 829.5769333630991], [0.0, 1254.9860565800168, 467.1680561863987], [0.0, 0.0, 1.0]], [[796.8910634503094, 0.0, 857.7774326863696], [0.0, 796.8910634503094, 476.8848988407415], [0.0, 0.0, 1.0]], [[1249.9629280788233, 0.0, 825.3768045375984], [0.0, 1249.9629280788233, 462.54816385708756], [0.0, 0.0, 1.0]]], "extrinsics": [[[0.827670693397522, -0.5610694885253906, -0.012738148681819439, -0.7858123779296875], [0.003619799390435219, 0.028034064918756485, -0.9996004104614258, 1.4892311096191406], [0.5612024664878845, 0.8272938132286072, 0.025233931839466095, -1.185302734375], [0.0, 0.0, 0.0, 1.0]], [[0.017625486478209496, -0.9995598793029785, -0.023861858993768692, 0.009765625], [0.006288929842412472, 0.023975925520062447, -0.9996927976608276, 1.4815254211425781], [0.9998248219490051, 0.01747002638876438, 0.006708749569952488, -1.516357421875], [0.0, 0.0, 0.0, 1.0]], [[-0.8409096002578735, -0.5407681465148926, -0.02099369652569294, 0.94775390625], [0.015076035633683205, 0.01536933146417141, -0.9997681975364685, 1.4956321716308594], [0.5409654974937439, -0.8410312533378601, -0.004771578125655651, -1.18524169921875], [0.0, 0.0, 0.0, 1.0]], [[0.947920024394989, 0.31849974393844604, 0.0023481983225792646, -1.135009765625], [-0.007798559032380581, 0.030579106882214546, -0.9995019435882568, 1.5619697570800781], [-0.31841298937797546, 0.9474295973777771, 0.03147038817405701, -0.1591796875], [0.0, 0.0, 0.0, 1.0]], [[0.007078052498400211, 0.9997111558914185, 0.022966472432017326, -0.0283203125], [-0.006614332552999258, 0.023013349622488022, -0.9997133016586304, 1.5676116943359375], [-0.9999531507492065, 0.006924063432961702, 0.006775311194360256, -0.0234375], [0.0, 0.0, 0.0, 1.0]], [[-0.9253307580947876, 0.3791481554508209, 0.003083616029471159, 1.04571533203125], [-0.003235568292438984, 0.0002363925741519779, -0.9999947547912598, 1.5474085807800293], [-0.37914690375328064, -0.9253358840942383, 0.0010080186184495687, -0.09033203125], [0.0, 0.0, 0.0, 1.0]]], "view": [[0.0, -2.0, 100.0], [-2.0, 0.0, 100.0], [0.0, 0.0, 1.0]], "bev": "bev_18ad7edabefa4a9ea78aa472ca56be29.png", "aux": "aux_18ad7edabefa4a9ea78aa472ca56be29.npz", "visibility": "visibility_18ad7edabefa4a9ea78aa472ca56be29.png", "pose": [[0.8536196351051331, 0.5208967924118042, 0.0, 2511.60205078125], [-0.5208967924118042, 0.8536196351051331, 0.0, 877.1265258789062], [0.0, 0.0, 1.0, 0.0], [0.0, 0.0, 0.0, 1.0]], "pose_inverse": [[0.8536196351051331, -0.5208967924118042, 0.0, -1687.060546875], [0.5208967924118042, 0.8536196351051331, 0.0, -2057.017822265625], [0.0, 0.0, 1.0, 0.0], [0.0, 0.0, 0.0, 1.0]], "cam_ids": [0, 1, 2, 3, 4, 5], "cam_channels": ["CAM_FRONT_LEFT", "CAM_FRONT", "CAM_FRONT_RIGHT", "CAM_BACK_LEFT", "CAM_BACK", "CAM_BACK_RIGHT"], "token": "18ad7edabefa4a9ea78aa472ca56be29", "scene": "scene-0328"}, {"images": ["samples/CAM_FRONT_LEFT/n008-2018-08-27-11-48-51-0400__CAM_FRONT_LEFT__1535385461004799.jpg", "samples/CAM_FRONT/n008-2018-08-27-11-48-51-0400__CAM_FRONT__1535385461012404.jpg", "samples/CAM_FRONT_RIGHT/n008-2018-08-27-11-48-51-0400__CAM_FRONT_RIGHT__1535385461020482.jpg", "samples/CAM_BACK_LEFT/n008-2018-08-27-11-48-51-0400__CAM_BACK_LEFT__1535385461047405.jpg", "samples/CAM_BACK/n008-2018-08-27-11-48-51-0400__CAM_BACK__1535385461037558.jpg", "samples/CAM_BACK_RIGHT/n008-2018-08-27-11-48-51-0400__CAM_BACK_RIGHT__1535385461028113.jpg"], "intrinsics": [[[1257.8625342125129, 0.0, 827.2410631095686], [0.0, 1257.8625342125129, 450.915498205774], [0.0, 0.0, 1.0]], [[1252.8131021185304, 0.0, 826.588114781398], [0.0, 1252.8131021185304, 469.9846626224581], [0.0, 0.0, 1.0]], [[1256.7485116440405, 0.0, 817.7887570959712], [0.0, 1256.7485116440403, 451.9541780095127], [0.0, 0.0, 1.0]], [[1254.9860565800168, 0.0, 829.5769333630991], [0.0, 1254.9860565800168, 467.1680561863987], [0.0, 0.0, 1.0]], [[796.8910634503094, 0.0, 857.7774326863696], [0.0, 796.8910634503094, 476.8848988407415], [0.0, 0.0, 1.0]], [[1249.9629280788233, 0.0, 825.3768045375984], [0.0, 1249.9629280788233, 462.54816385708756], [0.0, 0.0, 1.0]]], "extrinsics": [[[0.8270890712738037, -0.5620184540748596, -0.007677145302295685, -0.7857952117919922], [0.004120686091482639, 0.019721347838640213, -0.9997970461845398, 1.4893608093261719], [0.5620558261871338, 0.8268895745277405, 0.018627213314175606, -1.185546875], [0.0, 0.0, 0.0, 1.0]], [[0.016756944358348846, -0.9997396469116211, -0.01548501756042242, 0.009521484375], [0.0056381504982709885, 0.015581424348056316, -0.9998627305030823, 1.48138427734375], [0.9998436570167542, 0.01666725054383278, 0.005897779483348131, -1.51611328125], [0.0, 0.0, 0.0, 1.0]], [[-0.8412842750549316, -0.5403890013694763, -0.014844349585473537, 0.947509765625], [0.01322141196578741, 0.006883434951305389, -0.9998888373374939, 1.4953193664550781], [0.5404312014579773, -0.841387152671814, 0.0013537788763642311, -1.1849365234375], [0.0, 0.0, 0.0, 1.0]], [[0.9477726817131042, 0.31889864802360535, -0.005524343345314264, -1.13525390625], [-0.013182831928133965, 0.021862076595425606, -0.9996740818023682, 1.5619182586669922], [-0.3186739385128021, 0.9475366473197937, 0.02492426708340645, -0.1591796875], [0.0, 0.0, 0.0, 1.0]], [[0.007215101271867752, 0.9998718500137329, 0.014289838261902332, -0.028564453125], [-0.010862469673156738, 0.014367735013365746, -0.9998377561569214, 1.5673141479492188], [-0.9999149441719055, 0.00705870334059, 0.010964741930365562, -0.0242919921875], [0.0, 0.0, 0.0, 1.0]], [[-0.9251618385314941, 0.37956398725509644, 0.0025555798783898354, 1.0447998046875], [-0.006176126655191183, -0.008321322500705719, -0.9999462962150574, 1.5470428466796875], [-0.3795223534107208, -0.9251280426979065, 0.010042806155979633, -0.0908203125], [0.0, 0.0, 0.0, 1.0]]], "view": [[0.0, -2.0, 100.0], [-2.0, 0.0, 100.0], [0.0, 0.0, 1.0]], "bev": "bev_8b87d2707c0c405485785583a417e398.png", "aux": "aux_8b87d2707c0c405485785583a417e398.npz", "visibility": "visibility_8b87d2707c0c405485785583a417e398.png", "pose": [[0.7981932163238525, 0.6024014949798584, 0.0, 2514.125244140625], [-0.6024014949798584, 0.7981932163238525, 0.0, 875.393798828125], [0.0, 0.0, 1.0, 0.0], [0.0, 0.0, 0.0, 1.0]], "pose_inverse": [[0.7981932163238525, -0.6024014949798584, 0.0, -1479.419189453125], [0.6024014949798584, 0.7981932163238525, 0.0, -2213.246337890625], [0.0, 0.0, 1.0, 0.0], [0.0, 0.0, 0.0, 1.0]], "cam_ids": [0, 1, 2, 3, 4, 5], "cam_channels": ["CAM_FRONT_LEFT", "CAM_FRONT", "CAM_FRONT_RIGHT", "CAM_BACK_LEFT", "CAM_BACK", "CAM_BACK_RIGHT"], "token": "8b87d2707c0c405485785583a417e398", "scene": "scene-0328"}, {"images": ["samples/CAM_FRONT_LEFT/n008-2018-08-27-11-48-51-0400__CAM_FRONT_LEFT__1535385461504799.jpg", "samples/CAM_FRONT/n008-2018-08-27-11-48-51-0400__CAM_FRONT__1535385461512404.jpg", "samples/CAM_FRONT_RIGHT/n008-2018-08-27-11-48-51-0400__CAM_FRONT_RIGHT__1535385461520482.jpg", "samples/CAM_BACK_LEFT/n008-2018-08-27-11-48-51-0400__CAM_BACK_LEFT__1535385461547405.jpg", "samples/CAM_BACK/n008-2018-08-27-11-48-51-0400__CAM_BACK__1535385461537558.jpg", "samples/CAM_BACK_RIGHT/n008-2018-08-27-11-48-51-0400__CAM_BACK_RIGHT__1535385461528113.jpg"], "intrinsics": [[[1257.8625342125129, 0.0, 827.2410631095686], [0.0, 1257.8625342125129, 450.915498205774], [0.0, 0.0, 1.0]], [[1252.8131021185304, 0.0, 826.588114781398], [0.0, 1252.8131021185304, 469.9846626224581], [0.0, 0.0, 1.0]], [[1256.7485116440405, 0.0, 817.7887570959712], [0.0, 1256.7485116440403, 451.9541780095127], [0.0, 0.0, 1.0]], [[1254.9860565800168, 0.0, 829.5769333630991], [0.0, 1254.9860565800168, 467.1680561863987], [0.0, 0.0, 1.0]], [[796.8910634503094, 0.0, 857.7774326863696], [0.0, 796.8910634503094, 476.8848988407415], [0.0, 0.0, 1.0]], [[1249.9629280788233, 0.0, 825.3768045375984], [0.0, 1249.9629280788233, 462.54816385708756], [0.0, 0.0, 1.0]]], "extrinsics": [[[0.8270684480667114, -0.5620957612991333, -0.0025027585215866566, -0.780548095703125], [0.00424765981733799, 0.010702266357839108, -0.999933660030365, 1.4894695281982422], [0.5620852112770081, 0.8270028829574585, 0.011239095591008663, -1.17919921875], [0.0, 0.0, 0.0, 1.0]], [[0.016771093010902405, -0.9998379945755005, -0.006534423679113388, 0.0078125], [0.006029747426509857, 0.006636362057179213, -0.9999598264694214, 1.481536865234375], [0.9998411536216736, 0.016730980947613716, 0.006140069104731083, -1.5086669921875], [0.0, 0.0, 0.0, 1.0]], [[-0.8412634134292603, -0.540521502494812, -0.010606206022202969, 0.94140625], [0.013876721262931824, -0.001977373845875263, -0.9999017119407654, 1.495523452758789], [0.540447473526001, -0.8413279056549072, 0.009164158254861832, -1.1829833984375], [0.0, 0.0, 0.0, 1.0]], [[0.9479036331176758, 0.3184741139411926, -0.007286199368536472, -1.13525390625], [-0.012254702858626842, 0.01360015757381916, -0.9998324513435364, 1.561936378479004], [-0.3183216452598572, 0.9478340148925781, 0.016794443130493164, -0.158935546875], [0.0, 0.0, 0.0, 1.0]], [[0.007308963220566511, 0.9999567866325378, 0.0057365987449884415, -0.0283203125], [-0.009890846908092499, 0.005808764137327671, -0.9999341368675232, 1.5673571825027466], [-0.9999244213104248, 0.007251735311001539, 0.00993287656456232, -0.0272216796875], [0.0, 0.0, 0.0, 1.0]], [[-0.9251776933670044, 0.37953126430511475, -0.0014958999818190932, 1.040374755859375], [-0.00537895318120718, -0.01705300435423851, -0.9998400807380676, 1.5471076965332031], [-0.3794960379600525, -0.9250217080116272, 0.017818540334701538, -0.093505859375], [0.0, 0.0, 0.0, 1.0]]], "view": [[0.0, -2.0, 100.0], [-2.0, 0.0, 100.0], [0.0, 0.0, 1.0]], "bev": "bev_ac5c5d54c3914547b5b6afc212218f8c.png", "aux": "aux_ac5c5d54c3914547b5b6afc212218f8c.npz", "visibility": "visibility_ac5c5d54c3914547b5b6afc212218f8c.png", "pose": [[0.7335408329963684, 0.6796453595161438, 0.0, 2516.47265625], [-0.6796453595161438, 0.7335408329963684, 0.0, 873.4224243164062], [0.0, 0.0, 1.0, 0.0], [0.0, 0.0, 0.0, 1.0]], "pose_inverse": [[0.7335408329963684, -0.6796453595161438, 0.0, -1252.31787109375], [0.6796453595161438, 0.7335408329963684, 0.0, -2351.0], [0.0, 0.0, 1.0, 0.0], [0.0, 0.0, 0.0, 1.0]], "cam_ids": [0, 1, 2, 3, 4, 5], "cam_channels": ["CAM_FRONT_LEFT", "CAM_FRONT", "CAM_FRONT_RIGHT", "CAM_BACK_LEFT", "CAM_BACK", "CAM_BACK_RIGHT"], "token": "ac5c5d54c3914547b5b6afc212218f8c", "scene": "scene-0328"}, {"images": ["samples/CAM_FRONT_LEFT/n008-2018-08-27-11-48-51-0400__CAM_FRONT_LEFT__1535385462004799.jpg", "samples/CAM_FRONT/n008-2018-08-27-11-48-51-0400__CAM_FRONT__1535385462012404.jpg", "samples/CAM_FRONT_RIGHT/n008-2018-08-27-11-48-51-0400__CAM_FRONT_RIGHT__1535385462020482.jpg", "samples/CAM_BACK_LEFT/n008-2018-08-27-11-48-51-0400__CAM_BACK_LEFT__1535385462047405.jpg", "samples/CAM_BACK/n008-2018-08-27-11-48-51-0400__CAM_BACK__1535385462037558.jpg", "samples/CAM_BACK_RIGHT/n008-2018-08-27-11-48-51-0400__CAM_BACK_RIGHT__1535385462028113.jpg"], "intrinsics": [[[1257.8625342125129, 0.0, 827.2410631095686], [0.0, 1257.8625342125129, 450.915498205774], [0.0, 0.0, 1.0]], [[1252.8131021185304, 0.0, 826.588114781398], [0.0, 1252.8131021185304, 469.9846626224581], [0.0, 0.0, 1.0]], [[1256.7485116440405, 0.0, 817.7887570959712], [0.0, 1256.7485116440403, 451.9541780095127], [0.0, 0.0, 1.0]], [[1254.9860565800168, 0.0, 829.5769333630991], [0.0, 1254.9860565800168, 467.1680561863987], [0.0, 0.0, 1.0]], [[796.8910634503094, 0.0, 857.7774326863696], [0.0, 796.8910634503094, 476.8848988407415], [0.0, 0.0, 1.0]], [[1249.9629280788233, 0.0, 825.3768045375984], [0.0, 1249.9629280788233, 462.54816385708756], [0.0, 0.0, 1.0]]], "extrinsics": [[[0.8272005319595337, -0.5618258714675903, -0.009539964608848095, -0.78515625], [-0.0010907809482887387, 0.015372266061604023, -0.9998812079429626, 1.488037109375], [0.5619058012962341, 0.8271127343177795, 0.012103117071092129, -1.181396484375], [0.0, 0.0, 0.0, 1.0]], [[0.017095115035772324, -0.9997907280921936, -0.011236874386668205, 0.007568359375], [0.0008495252695865929, 0.011253036558628082, -0.9999363422393799, 1.4803695678710938], [0.9998534917831421, 0.01708434335887432, 0.001041719689965248, -1.5128173828125], [0.0, 0.0, 0.0, 1.0]], [[-0.8410618305206299, -0.5408663749694824, -0.008855527266860008, 0.94384765625], [0.008866655640304089, 0.0025842664763331413, -0.9999573230743408, 1.4946184158325195], [0.5408662557601929, -0.8411045670509338, 0.002622148022055626, -1.184326171875], [0.0, 0.0, 0.0, 1.0]], [[0.9476878046989441, 0.3190399408340454, -0.010060007683932781, -1.13232421875], [-0.016534030437469482, 0.017590347677469254, -0.9997085332870483, 1.5618400573730469], [-0.31877005100250244, 0.9475780129432678, 0.021945174783468246, -0.16015625], [0.0, 0.0, 0.0, 1.0]], [[0.006763136480003595, 0.9999274015426636, 0.00997346080839634, -0.028076171875], [-0.014475720003247261, 0.010070541873574257, -0.999844491481781, 1.5670204162597656], [-0.9998723864555359, 0.006617680191993713, 0.0145427780225873, -0.0277099609375], [0.0, 0.0, 0.0, 1.0]], [[-0.9253790974617004, 0.37901484966278076, 0.004614601843059063, 1.0419158935546875], [-0.010148920118808746, -0.012605316005647182, -0.9998690485954285, 1.5465011596679688], [-0.3789069652557373, -0.9253047704696655, 0.015511286444962025, -0.093017578125], [0.0, 0.0, 0.0, 1.0]]], "view": [[0.0, -2.0, 100.0], [-2.0, 0.0, 100.0], [0.0, 0.0, 1.0]], "bev": "bev_fd1b5eb7945341ff8ef55a2d58d67120.png", "aux": "aux_fd1b5eb7945341ff8ef55a2d58d67120.npz", "visibility": "visibility_fd1b5eb7945341ff8ef55a2d58d67120.png", "pose": [[0.662916898727417, 0.7486929893493652, 0.0, 2518.5673828125], [-0.7486929893493652, 0.662916898727417, 0.0, 871.28076171875], [0.0, 0.0, 1.0, 0.0], [0.0, 0.0, 0.0, 1.0]], "pose_inverse": [[0.662916898727417, -0.7486929893493652, 0.0, -1017.279052734375], [0.7486929893493652, 0.662916898727417, 0.0, -2463.220458984375], [0.0, 0.0, 1.0, 0.0], [0.0, 0.0, 0.0, 1.0]], "cam_ids": [0, 1, 2, 3, 4, 5], "cam_channels": ["CAM_FRONT_LEFT", "CAM_FRONT", "CAM_FRONT_RIGHT", "CAM_BACK_LEFT", "CAM_BACK", "CAM_BACK_RIGHT"], "token": "fd1b5eb7945341ff8ef55a2d58d67120", "scene": "scene-0328"}, {"images": ["samples/CAM_FRONT_LEFT/n008-2018-08-27-11-48-51-0400__CAM_FRONT_LEFT__1535385462504799.jpg", "samples/CAM_FRONT/n008-2018-08-27-11-48-51-0400__CAM_FRONT__1535385462512404.jpg", "samples/CAM_FRONT_RIGHT/n008-2018-08-27-11-48-51-0400__CAM_FRONT_RIGHT__1535385462520482.jpg", "samples/CAM_BACK_LEFT/n008-2018-08-27-11-48-51-0400__CAM_BACK_LEFT__1535385462547405.jpg", "samples/CAM_BACK/n008-2018-08-27-11-48-51-0400__CAM_BACK__1535385462537558.jpg", "samples/CAM_BACK_RIGHT/n008-2018-08-27-11-48-51-0400__CAM_BACK_RIGHT__1535385462528113.jpg"], "intrinsics": [[[1257.8625342125129, 0.0, 827.2410631095686], [0.0, 1257.8625342125129, 450.915498205774], [0.0, 0.0, 1.0]], [[1252.8131021185304, 0.0, 826.588114781398], [0.0, 1252.8131021185304, 469.9846626224581], [0.0, 0.0, 1.0]], [[1256.7485116440405, 0.0, 817.7887570959712], [0.0, 1256.7485116440403, 451.9541780095127], [0.0, 0.0, 1.0]], [[1254.9860565800168, 0.0, 829.5769333630991], [0.0, 1254.9860565800168, 467.1680561863987], [0.0, 0.0, 1.0]], [[796.8910634503094, 0.0, 857.7774326863696], [0.0, 796.8910634503094, 476.8848988407415], [0.0, 0.0, 1.0]], [[1249.9629280788233, 0.0, 825.3768045375984], [0.0, 1249.9629280788233, 462.54816385708756], [0.0, 0.0, 1.0]]], "extrinsics": [[[0.8273802399635315, -0.5615943670272827, -0.007342905271798372, -0.7830810546875], [0.00202175322920084, 0.016051985323429108, -0.9998691082000732, 1.4888648986816406], [0.5616387724876404, 0.8272570371627808, 0.014416496269404888, -1.18115234375], [0.0, 0.0, 0.0, 1.0]], [[0.01723533682525158, -0.9997830390930176, -0.011701292358338833, 0.008056640625], [0.004090364556759596, 0.011773437261581421, -0.9999223351478577, 1.4810962677001953], [0.9998430609703064, 0.017186176031827927, 0.004292395431548357, -1.51104736328125], [0.0, 0.0, 0.0, 1.0]], [[-0.8410725593566895, -0.540791928768158, -0.011883480474352837, 0.9427490234375], [0.01224119495600462, 0.0029342297930270433, -0.9999207258224487, 1.4952201843261719], [0.5407839417457581, -0.8411514163017273, 0.004152038134634495, -1.183349609375], [0.0, 0.0, 0.0, 1.0]], [[0.9478653073310852, 0.31860557198524475, -0.006474561057984829, -1.13232421875], [-0.01282806321978569, 0.017847390845417976, -0.9997584223747253, 1.5618972778320312], [-0.3184130787849426, 0.947719395160675, 0.02100401557981968, -0.1591796875], [0.0, 0.0, 0.0, 1.0]], [[0.0071101114153862, 0.9999229311943054, 0.010178463533520699, -0.02783203125], [-0.010886245407164097, 0.01025551836937666, -0.9998881220817566, 1.5672740936279297], [-0.9999155402183533, 0.006998436525464058, 0.010958322323858738, -0.02825927734375], [0.0, 0.0, 0.0, 1.0]], [[-0.925291299819