[{"images": ["samples/CAM_FRONT_LEFT/n015-2018-08-03-15-00-36+0800__CAM_FRONT_LEFT__1533280188854844.jpg", "samples/CAM_FRONT/n015-2018-08-03-15-00-36+0800__CAM_FRONT__1533280188862460.jpg", "samples/CAM_FRONT_RIGHT/n015-2018-08-03-15-00-36+0800__CAM_FRONT_RIGHT__1533280188870339.jpg", "samples/CAM_BACK_LEFT/n015-2018-08-03-15-00-36+0800__CAM_BACK_LEFT__1533280188897423.jpg", "samples/CAM_BACK/n015-2018-08-03-15-00-36+0800__CAM_BACK__1533280188887525.jpg", "samples/CAM_BACK_RIGHT/n015-2018-08-03-15-00-36+0800__CAM_BACK_RIGHT__1533280188877893.jpg"], "intrinsics": [[[1272.5979470598488, 0.0, 826.6154927353808], [0.0, 1272.5979470598488, 479.75165386361925], [0.0, 0.0, 1.0]], [[1266.417203046554, 0.0, 816.2670197447984], [0.0, 1266.417203046554, 491.50706579294757], [0.0, 0.0, 1.0]], [[1260.8474446004698, 0.0, 807.968244525554], [0.0, 1260.8474446004698, 495.3344268742088], [0.0, 0.0, 1.0]], [[1256.7414812095406, 0.0, 792.1125740759628], [0.0, 1256.7414812095406, 492.7757465151356], [0.0, 0.0, 1.0]], [[809.2209905677063, 0.0, 829.2196003259838], [0.0, 809.2209905677063, 481.77842384512485], [0.0, 0.0, 1.0]], [[1259.5137405846733, 0.0, 807.2529053838625], [0.0, 1259.5137405846733, 501.19579884916527], [0.0, 0.0, 1.0]]], "extrinsics": [[[0.8205294609069824, -0.5709661841392517, 0.02700016275048256, -0.964996337890625], [0.027135955169796944, -0.008272726088762283, -0.9995974898338318, 1.5082483291625977], [0.570959746837616, 0.8209318518638611, 0.008705697022378445, -1.28021240234375], [0.0, 0.0, 0.0, 1.0]], [[0.0056996457278728485, -0.999906063079834, 0.012461114674806595, 0.005126953125], [0.021840641275048256, -0.012333869934082031, -0.9996854066848755, 1.5205340385437012], [0.99974524974823, 0.00597001425921917, 0.021768292412161827, -1.69232177734375], [0.0, 0.0, 0.0, 1.0]], [[-0.8323471546173096, -0.55366450548172, -0.02556844800710678, 1.0323486328125], [0.027460917830467224, 0.004879278130829334, -0.999610960483551, 1.5036439895629883], [0.5535738468170166, -0.8327255249023438, 0.011142884381115437, -1.2486572265625], [0.0, 0.0, 0.0, 1.0]], [[0.9472914338111877, 0.31930649280548096, 0.02612225152552128, -1.14215087890625], [0.036128297448158264, -0.025452952831983566, -0.9990229606628418, 1.5885543823242188], [-0.3183296322822571, 0.947309672832489, -0.03564736247062683, -0.103759765625], [0.0, 0.0, 0.0, 1.0]], [[0.0025031683035194874, 0.9998779296875, -0.015421316027641296, 0.0029296875], [0.010720580816268921, -0.015447310172021389, -0.9998232126235962, 1.5793571472167969], [-0.9999393820762634, 0.002337388228625059, -0.010757939890027046, 0.0018310546875], [0.0, 0.0, 0.0, 1.0]], [[-0.9341365098953247, 0.3546029329299927, -0.04056777432560921, 1.1362075805664062], [0.043340038508176804, -0.00012449592759367079, -0.9990603923797607, 1.5514497756958008], [-0.35427477955818176, -0.9350169897079468, -0.015252211131155491, -0.0635986328125], [0.0, 0.0, 0.0, 1.0]]], "view": [[0.0, -2.0, 100.0], [-2.0, 0.0, 100.0], [0.0, 0.0, 1.0]], "bev": "bev_a911e4ded0234d80b232991893c6644d.png", "aux": "aux_a911e4ded0234d80b232991893c6644d.npz", "visibility": "visibility_a911e4ded0234d80b232991893c6644d.png", "pose": [[-0.9979568719863892, -0.06389108300209045, 0.0, 330.8405456542969], [0.06389108300209045, -0.9979568719863892, 0.0, 976.357666015625], [0.0, 0.0, 1.0, 0.0], [0.0, 0.0, 0.0, 1.0]], "pose_inverse": [[-0.9979568719863892, 0.06389108300209045, 0.0, 267.7840576171875], [-0.06389108300209045, -0.9979568719863892, 0.0, 995.5006103515625], [0.0, 0.0, 1.0, 0.0], [0.0, 0.0, 0.0, 1.0]], "cam_ids": [0, 1, 2, 3, 4, 5], "cam_channels": ["CAM_FRONT_LEFT", "CAM_FRONT", "CAM_FRONT_RIGHT", "CAM_BACK_LEFT", "CAM_BACK", "CAM_BACK_RIGHT"], "token": "a911e4ded0234d80b232991893c6644d", "scene": "scene-0372"}, {"images": ["samples/CAM_FRONT_LEFT/n015-2018-08-03-15-00-36+0800__CAM_FRONT_LEFT__1533280189404844.jpg", "samples/CAM_FRONT/n015-2018-08-03-15-00-36+0800__CAM_FRONT__1533280189412460.jpg", "samples/CAM_FRONT_RIGHT/n015-2018-08-03-15-00-36+0800__CAM_FRONT_RIGHT__1533280189420339.jpg", "samples/CAM_BACK_LEFT/n015-2018-08-03-15-00-36+0800__CAM_BACK_LEFT__1533280189447423.jpg", "samples/CAM_BACK/n015-2018-08-03-15-00-36+0800__CAM_BACK__1533280189437525.jpg", "samples/CAM_BACK_RIGHT/n015-2018-08-03-15-00-36+0800__CAM_BACK_RIGHT__1533280189427893.jpg"], "intrinsics": [[[1272.5979470598488, 0.0, 826.6154927353808], [0.0, 1272.5979470598488, 479.75165386361925], [0.0, 0.0, 1.0]], [[1266.417203046554, 0.0, 816.2670197447984], [0.0, 1266.417203046554, 491.50706579294757], [0.0, 0.0, 1.0]], [[1260.8474446004698, 0.0, 807.968244525554], [0.0, 1260.8474446004698, 495.3344268742088], [0.0, 0.0, 1.0]], [[1256.7414812095406, 0.0, 792.1125740759628], [0.0, 1256.7414812095406, 492.7757465151356], [0.0, 0.0, 1.0]], [[809.2209905677063, 0.0, 829.2196003259838], [0.0, 809.2209905677063, 481.77842384512485], [0.0, 0.0, 1.0]], [[1259.5137405846733, 0.0, 807.2529053838625], [0.0, 1259.5137405846733, 501.19579884916527], [0.0, 0.0, 1.0]]], "extrinsics": [[[0.8204135298728943, -0.5711247324943542, 0.02717009000480175, -0.965057373046875], [0.027411365881562233, -0.008177402429282665, -0.9995908141136169, 1.5082441568374634], [0.5711131691932678, 0.820822536945343, 0.008946456015110016, -1.2802734375], [0.0, 0.0, 0.0, 1.0]], [[0.005533764138817787, -0.9999082684516907, 0.012363389134407043, 0.00518798828125], [0.022126540541648865, -0.012238116934895515, -0.9996802806854248, 1.5205316543579102], [0.9997398257255554, 0.005805555265396833, 0.022056784480810165, -1.6923828125], [0.0, 0.0, 0.0, 1.0]], [[-0.8324114680290222, -0.5535537600517273, -0.025871530175209045, 1.03240966796875], [0.02775912918150425, 0.004975521937012672, -0.9996022582054138, 1.5036401748657227], [0.5534623265266418, -0.8327986001968384, 0.011224490590393543, -1.2486572265625], [0.0, 0.0, 0.0, 1.0]], [[0.9472885131835938, 0.3192884624004364, 0.026444388553500175, -1.14215087890625], [0.03644098341464996, -0.02537461742758751, -0.9990136027336121, 1.5885543823242188], [-0.3183024823665619, 0.9473177790641785, -0.035672273486852646, -0.1036376953125], [0.0, 0.0, 0.0, 1.0]], [[0.0025628693401813507, 0.9998791813850403, -0.01533687487244606, 0.002685546875], [0.011025458574295044, -0.015364248305559158, -0.9998211860656738, 1.5793590545654297], [-0.9999359250068665, 0.0023933169431984425, -0.011063498444855213, 0.00189208984375], [0.0, 0.0, 0.0, 1.0]], [[-0.9340901970863342, 0.35469675064086914, -0.040815096348524094, 1.136260986328125], [0.04364343732595444, -2.622360989334993e-05, -0.9990472197532654, 1.5514488220214844], [-0.354359894990921, -0.9349814057350159, -0.015455693006515503, -0.0634765625], [0.0, 0.0, 0.0, 1.0]]], "view": [[0.0, -2.0, 100.0], [-2.0, 0.0, 100.0], [0.0, 0.0, 1.0]], "bev": "bev_4cf064845bc7403087357fcc6ca81d58.png", "aux": "aux_4cf064845bc7403087357fcc6ca81d58.npz", "visibility": "visibility_4cf064845bc7403087357fcc6ca81d58.png", "pose": [[-0.9980421662330627, -0.06254491955041885, 0.0, 330.8416748046875], [0.06254491955041885, -0.9980421662330627, 0.0, 976.3583984375], [0.0, 0.0, 1.0, 0.0], [0.0, 0.0, 0.0, 1.0]], "pose_inverse": [[-0.9980421662330627, 0.06254491955041885, 0.0, 269.127685546875], [-0.06254491955041885, -0.9980421662330627, 0.0, 995.1392822265625], [0.0, 0.0, 1.0, 0.0], [0.0, 0.0, 0.0, 1.0]], "cam_ids": [0, 1, 2, 3, 4, 5], "cam_channels": ["CAM_FRONT_LEFT", "CAM_FRONT", "CAM_FRONT_RIGHT", "CAM_BACK_LEFT", "CAM_BACK", "CAM_BACK_RIGHT"], "token": "4cf064845bc7403087357fcc6ca81d58", "scene": "scene-0372"}, {"images": ["samples/CAM_FRONT_LEFT/n015-2018-08-03-15-00-36+0800__CAM_FRONT_LEFT__1533280189904844.jpg", "samples/CAM_FRONT/n015-2018-08-03-15-00-36+0800__CAM_FRONT__1533280189912460.jpg", "samples/CAM_FRONT_RIGHT/n015-2018-08-03-15-00-36+0800__CAM_FRONT_RIGHT__1533280189920339.jpg", "samples/CAM_BACK_LEFT/n015-2018-08-03-15-00-36+0800__CAM_BACK_LEFT__1533280189947423.jpg", "samples/CAM_BACK/n015-2018-08-03-15-00-36+0800__CAM_BACK__1533280189937525.jpg", "samples/CAM_BACK_RIGHT/n015-2018-08-03-15-00-36+0800__CAM_BACK_RIGHT__1533280189927893.jpg"], "intrinsics": [[[1272.5979470598488, 0.0, 826.6154927353808], [0.0, 1272.5979470598488, 479.75165386361925], [0.0, 0.0, 1.0]], [[1266.417203046554, 0.0, 816.2670197447984], [0.0, 1266.417203046554, 491.50706579294757], [0.0, 0.0, 1.0]], [[1260.8474446004698, 0.0, 807.968244525554], [0.0, 1260.8474446004698, 495.3344268742088], [0.0, 0.0, 1.0]], [[1256.7414812095406, 0.0, 792.1125740759628], [0.0, 1256.7414812095406, 492.7757465151356], [0.0, 0.0, 1.0]], [[809.2209905677063, 0.0, 829.2196003259838], [0.0, 809.2209905677063, 481.77842384512485], [0.0, 0.0, 1.0]], [[1259.5137405846733, 0.0, 807.2529053838625], [0.0, 1259.5137405846733, 501.19579884916527], [0.0, 0.0, 1.0]]], "extrinsics": [[[0.8201227784156799, -0.5714607834815979, 0.028832338750362396, -0.957183837890625], [0.029608020558953285, -0.007938562892377377, -0.9995300769805908, 1.5085266828536987], [0.5714210271835327, 0.8205910325050354, 0.010409224778413773, -1.27490234375], [0.0, 0.0, 0.0, 1.0]], [[0.005181838758289814, -0.9999131560325623, 0.012111859396100044, 0.00506591796875], [0.024333402514457703, -0.01198235247284174, -0.9996321201324463, 1.5207228660583496], [0.9996904134750366, 0.005474654491990805, 0.02426920086145401, -1.6844482421875], [0.0, 0.0, 0.0, 1.0]], [[-0.8324878811836243, -0.5533414483070374, -0.027874987572431564, 1.0272216796875], [0.029982060194015503, 0.005245167762041092, -0.9995366334915161, 1.5038280487060547], [0.5532312989234924, -0.8329380750656128, 0.012223778292536736, -1.2452392578125], [0.0, 0.0, 0.0, 1.0]], [[0.947220504283905, 0.3192959725856781, 0.02869296260178089, -1.141845703125], [0.03872319310903549, -0.025108417496085167, -0.9989344477653503, 1.5885677337646484], [-0.31823527812957764, 0.9473223686218262, -0.03614737093448639, -0.10382080078125], [0.0, 0.0, 0.0, 1.0]], [[0.0026793123688548803, 0.9998830556869507, -0.015056964010000229, 0.00286865234375], [0.013283934444189072, -0.015091276727616787, -0.9997978806495667, 1.579390525817871], [-0.9999081492424011, 0.002478761598467827, -0.013322814367711544, -0.000701904296875], [0.0, 0.0, 0.0, 1.0]], [[-0.9339346885681152, 0.35487058758735657, -0.04281182214617729, 1.1319198608398438], [0.045881640166044235, 0.00023592280922457576, -0.9989469051361084, 1.5516595840454102], [-0.3544867932796478, -0.9349154233932495, -0.01650238409638405, -0.0650634765625], [0.0, 0.0, 0.0, 1.0]]], "view": [[0.0, -2.0, 100.0], [-2.0, 0.0, 100.0], [0.0, 0.0, 1.0]], "bev": "bev_6ad4f971c45942218209a7be69adb7a9.png", "aux": "aux_6ad4f971c45942218209a7be69adb7a9.npz", "visibility": "visibility_6ad4f971c45942218209a7be69adb7a9.png", "pose": [[-0.9982694983482361, -0.05880489572882652, 0.0, 330.8033447265625], [0.05880489572882652, -0.9982694983482361, 0.0, 976.3612670898438], [0.0, 0.0, 1.0, 0.0], [0.0, 0.0, 0.0, 1.0]], "pose_inverse": [[-0.9982694983482361, 0.05880489572882652, 0.0, 272.8160705566406], [-0.05880489572882652, -0.9982694983482361, 0.0, 994.12451171875], [0.0, 0.0, 1.0, 0.0], [0.0, 0.0, 0.0, 1.0]], "cam_ids": [0, 1, 2, 3, 4, 5], "cam_channels": ["CAM_FRONT_LEFT", "CAM_FRONT", "CAM_FRONT_RIGHT", "CAM_BACK_LEFT", "CAM_BACK", "CAM_BACK_RIGHT"], "token": "6ad4f971c45942218209a7be69adb7a9", "scene": "scene-0372"}, {"images": ["samples/CAM_FRONT_LEFT/n015-2018-08-03-15-00-36+0800__CAM_FRONT_LEFT__1533280190404844.jpg", "samples/CAM_FRONT/n015-2018-08-03-15-00-36+0800__CAM_FRONT__1533280190412460.jpg", "samples/CAM_FRONT_RIGHT/n015-2018-08-03-15-00-36+0800__CAM_FRONT_RIGHT__1533280190420339.jpg", "samples/CAM_BACK_LEFT/n015-2018-08-03-15-00-36+0800__CAM_BACK_LEFT__1533280190447423.jpg", "samples/CAM_BACK/n015-2018-08-03-15-00-36+0800__CAM_BACK__1533280190437525.jpg", "samples/CAM_BACK_RIGHT/n015-2018-08-03-15-00-36+0800__CAM_BACK_RIGHT__1533280190427893.jpg"], "intrinsics": [[[1272.5979470598488, 0.0, 826.6154927353808], [0.0, 1272.5979470598488, 479.75165386361925], [0.0, 0.0, 1.0]], [[1266.417203046554, 0.0, 816.2670197447984], [0.0, 1266.417203046554, 491.50706579294757], [0.0, 0.0, 1.0]], [[1260.8474446004698, 0.0, 807.968244525554], [0.0, 1260.8474446004698, 495.3344268742088], [0.0, 0.0, 1.0]], [[1256.7414812095406, 0.0, 792.1125740759628], [0.0, 1256.7414812095406, 492.7757465151356], [0.0, 0.0, 1.0]], [[809.2209905677063, 0.0, 829.2196003259838], [0.0, 809.2209905677063, 481.77842384512485], [0.0, 0.0, 1.0]], [[1259.5137405846733, 0.0, 807.2529053838625], [0.0, 1259.5137405846733, 501.19579884916527], [0.0, 0.0, 1.0]]], "extrinsics": [[[0.8195532560348511, -0.5721662640571594, 0.030955128371715546, -0.94476318359375], [0.03184966370463371, -0.008451777510344982, -0.9994569420814514, 1.509032964706421], [0.572117030620575, 0.8200941681861877, 0.011296618729829788, -1.265869140625], [0.0, 0.0, 0.0, 1.0]], [[0.0044410047121346, -0.9999104738235474, 0.012623829767107964, 0.00494384765625], [0.026552855968475342, -0.012501590885221958, -0.999569296836853, 1.52107572555542], [0.9996375441551208, 0.004774291533976793, 0.026494957506656647, -1.6717529296875], [0.0, 0.0, 0.0, 1.0]], [[-0.832724928855896, -0.5529043674468994, -0.02942717634141445, 1.0186767578125], [0.03219112381339073, 0.004711930640041828, -0.999470591545105, 1.5041656494140625], [0.552750289440155, -0.8332313299179077, 0.013874871656298637, -1.23992919921875], [0.0, 0.0, 0.0, 1.0]], [[0.9471544027328491, 0.3193201422691345, 0.030545921996235847, -1.14129638671875], [0.04083086922764778, -0.025562690570950508, -0.9988390207290649, 1.588592529296875], [-0.318168580532074, 0.9473020434379578, -0.037249937653541565, -0.10394287109375], [0.0, 0.0, 0.0, 1.0]], [[0.002918087411671877, 0.999875009059906, -0.015538066625595093, 0.0029296875], [0.015433670952916145, -0.015581313520669937, -0.9997594952583313, 1.5794591903686523], [-0.9998766779899597, 0.0026775680016726255, -0.015477214008569717, -0.00469970703125], [0.0, 0.0, 0.0, 1.0]], [[-0.9336991906166077, 0.3552159070968628, -0.0450274683535099, 1.1250762939453125], [0.04805946722626686, -0.0002881605178117752, -0.9988444447517395, 1.5520238876342773], [-0.3548184335231781, -0.9347842931747437, -0.016802430152893066, -0.0679931640625], [0.0, 0.0, 0.0, 1.0]]], "view": [[0.0, -2.0, 100.0], [-2.0, 0.0, 100.0], [0.0, 0.0, 1.0]], "bev": "bev_c134c958edd44728865c3e8130c50450.png", "aux": "aux_c134c958edd44728865c3e8130c50450.npz", "visibility": "visibility_c134c958edd44728865c3e8130c50450.png", "pose": [[-0.9989582896232605, -0.04563288763165474, 0.0, 330.60601806640625], [0.04563288763165474, -0.9989582896232605, 0.0, 976.3705444335938], [0.0, 0.0, 1.0, 0.0], [0.0, 0.0, 0.0, 1.0]], "pose_inverse": [[-0.9989582896232605, 0.04563288763165474, 0.0, 285.7070007324219], [-0.04563288763165474, -0.9989582896232605, 0.0, 990.43994140625], [0.0, 0.0, 1.0, 0.0], [0.0, 0.0, 0.0, 1.0]], "cam_ids": [0, 1, 2, 3, 4, 5], "cam_channels": ["CAM_FRONT_LEFT", "CAM_FRONT", "CAM_FRONT_RIGHT", "CAM_BACK_LEFT", "CAM_BACK", "CAM_BACK_RIGHT"], "token": "c134c958edd44728865c3e8130c50450", "scene": "scene-0372"}, {"images": ["samples/CAM_FRONT_LEFT/n015-2018-08-03-15-00-36+0800__CAM_FRONT_LEFT__1533280190904844.jpg", "samples/CAM_FRONT/n015-2018-08-03-15-00-36+0800__CAM_FRONT__1533280190912460.jpg", "samples/CAM_FRONT_RIGHT/n015-2018-08-03-15-00-36+0800__CAM_FRONT_RIGHT__1533280190920339.jpg", "samples/CAM_BACK_LEFT/n015-2018-08-03-15-00-36+0800__CAM_BACK_LEFT__1533280190947423.jpg", "samples/CAM_BACK/n015-2018-08-03-15-00-36+0800__CAM_BACK__1533280190937525.jpg", "samples/CAM_BACK_RIGHT/n015-2018-08-03-15-00-36+0800__CAM_BACK_RIGHT__1533280190927893.jpg"], "intrinsics": [[[1272.5979470598488, 0.0, 826.6154927353808], [0.0, 1272.5979470598488, 479.75165386361925], [0.0, 0.0, 1.0]], [[1266.417203046554, 0.0, 816.2670197447984], [0.0, 1266.417203046554, 491.50706579294757], [0.0, 0.0, 1.0]], [[1260.8474446004698, 0.0, 807.968244525554], [0.0, 1260.8474446004698, 495.3344268742088], [0.0, 0.0, 1.0]], [[1256.7414812095406, 0.0, 792.1125740759628], [0.0, 1256.7414812095406, 492.7757465151356], [0.0, 0.0, 1.0]], [[809.2209905677063, 0.0, 829.2196003259838], [0.0, 809.2209905677063, 481.77842384512485], [0.0, 0.0, 1.0]], [[1259.5137405846733, 0.0, 807.2529053838625], [0.0, 1259.5137405846733, 501.19579884916527], [0.0, 0.0, 1.0]]], "extrinsics": [[[0.8187723755836487, -0.5732953548431396, 0.030728118494153023, -0.926666259765625], [0.03175758942961693, -0.008214522153139114, -0.999461829662323, 1.5097359418869019], [0.5732393264770508, 0.8193075060844421, 0.011480656452476978, -1.25323486328125], [0.0, 0.0, 0.0, 1.0]], [[0.0032846860121935606, -0.9999179244041443, 0.012376904487609863, 0.0050048828125], [0.026480840519070625, -0.012285657227039337, -0.9995738863945007, 1.5215647220611572], [0.999643862247467, 0.003611036343500018, 0.026438308879733086, -1.6533203125], [0.0, 0.0, 0.0, 1.0]], [[-0.833244800567627, -0.5521159172058105, -0.02951524406671524, 1.00653076171875], [0.03216186910867691, 0.004891922231763601, -0.9994706511497498, 1.5046367645263672], [0.5519680380821228, -0.8337529301643372, 0.013680913485586643, -1.23187255859375], [0.0, 0.0, 0.0, 1.0]], [[0.9471911787986755, 0.3192046284675598, 0.030614158138632774, -1.13995361328125], [0.040887586772441864, -0.02553156018257141, -0.9988374710083008, 1.588653564453125], [-0.31805190443992615, 0.947341799736023, -0.03723477944731712, -0.1044921875], [0.0, 0.0, 0.0, 1.0]], [[0.0033239899203181267, 0.9998753070831299, -0.01543845608830452, 0.0029296875], [0.015449374914169312, -0.015488045290112495, -0.9997607469558716, 1.579554557800293], [-0.9998751282691956, 0.00308468216098845, -0.015498931519687176, -0.010986328125], [0.0, 0.0, 0.0, 1.0]], [[-0.9334484338760376, 0.3558829724788666, -0.044959209859371185, 1.114837646484375], [0.04804744943976402, -0.00016147315909620374, -0.9988450407981873, 1.5525522232055664], [-0.35547924041748047, -0.93453049659729, -0.01694854348897934, -0.07177734375], [0.0, 0.0, 0.0, 1.0]]], "view": [[0.0, -2.0, 100.0], [-2.0, 0.0, 100.0], [0.0, 0.0, 1.0]], "bev": "bev_26fc4e99e7064d31be65dba090dff04c.png", "aux": "aux_26fc4e99e7064d31be65dba090dff04c.npz", "visibility": "visibility_26fc4e99e7064d31be65dba090dff04c.png", "pose": [[-0.9998068809509277, -0.019650746136903763, 0.0, 330.1798400878906], [0.019650746136903763, -0.9998068809509277, 0.0, 976.3807373046875], [0.0, 0.0, 1.0, 0.0], [0.0, 0.0, 0.0, 1.0]], "pose_inverse": [[-0.9998068809509277, 0.019650746136903763, 0.0, 310.9294738769531], [-0.019650746136903763, -0.9998068809509277, 0.0, 982.6804809570312], [0.0, 0.0, 1.0, 0.0], [0.0, 0.0, 0.0, 1.0]], "cam_ids": [0, 1, 2, 3, 4, 5], "cam_channels": ["CAM_FRONT_LEFT", "CAM_FRONT", "CAM_FRONT_RIGHT", "CAM_BACK_LEFT", "CAM_BACK", "CAM_BACK_RIGHT"], "token": "26fc4e99e7064d31be65dba090dff04c", "scene": "scene-0372"}, {"images": ["samples/CAM_FRONT_LEFT/n015-2018-08-03-15-00-36+0800__CAM_FRONT_LEFT__1533280191504844.jpg", "samples/CAM_FRONT/n015-2018-08-03-15-00-36+0800__CAM_FRONT__1533280191512460.jpg", "samples/CAM_FRONT_RIGHT/n015-2018-08-03-15-00-36+0800__CAM_FRONT_RIGHT__1533280191520339.jpg", "samples/CAM_BACK_LEFT/n015-2018-08-03-15-00-36+0800__CAM_BACK_LEFT__1533280191547423.jpg", "samples/CAM_BACK/n015-2018-08-03-15-00-36+0800__CAM_BACK__1533280191537525.jpg", "samples/CAM_BACK_RIGHT/n015-2018-08-03-15-00-36+0800__CAM_BACK_RIGHT__1533280191527893.jpg"], "intrinsics": [[[1272.5979470598488, 0.0, 826.6154927353808], [0.0, 1272.5979470598488, 479.75165386361925], [0.0, 0.0, 1.0]], [[1266.417203046554, 0.0, 816.2670197447984], [0.0, 1266.417203046554, 491.50706579294757], [0.0, 0.0, 1.0]], [[1260.8474446004698, 0.0, 807.968244525554], [0.0, 1260.8474446004698, 495.3344268742088], [0.0, 0.0, 1.0]], [[1256.7414812095406, 0.0, 792.1125740759628], [0.0, 1256.7414812095406, 492.7757465151356], [0.0, 0.0, 1.0]], [[809.2209905677063, 0.0, 829.2196003259838], [0.0, 809.2209905677063, 481.77842384512485], [0.0, 0.0, 1.0]], [[1259.5137405846733, 0.0, 807.2529053838625], [0.0, 1259.5137405846733, 501.19579884916527], [0.0, 0.0, 1.0]]], "extrinsics": [[[0.8171039819717407, -0.5756062269210815, 0.03191569447517395, -0.90667724609375], [0.034015122801065445, -0.007127314805984497, -0.9993959069252014, 1.510667324066162], [0.5754859447479248, 0.8176959753036499, 0.013755557127296925, -1.23974609375], [0.0, 0.0, 0.0, 1.0]], [[0.0009425879688933492, -0.9999369382858276, 0.011188749223947525, 0.00555419921875], [0.028691278770565987, -0.011157105676829815, -0.9995260834693909, 1.5222296714782715], [0.999587893486023, 0.0012631608406081796, 0.028678948059678078, -1.63336181640625], [0.0, 0.0, 0.0, 1.0]], [[-0.8341892957687378, -0.550548255443573, -0.0320117250084877, 0.99365234375], [0.03436614200472832, 0.006038276478648186, -0.9993910193443298, 1.5052413940429688], [0.550406277179718, -0.8347815275192261, 0.013883153907954693, -1.22283935546875], [0.0, 0.0, 0.0, 1.0]], [[0.9471624493598938, 0.31905171275138855, 0.03300681710243225, -1.139404296875], [0.042988114058971405, -0.024291258305311203, -0.9987802505493164, 1.5886878967285156], [-0.31786078214645386, 0.9474260210990906, -0.036723196506500244, -0.10467529296875], [0.0, 0.0, 0.0, 1.0]], [[0.004119260236620903, 0.9998908042907715, -0.014194510877132416, 0.0028076171875], [0.01757512427866459, -0.014264829456806183, -0.9997437596321106, 1.579698085784912], [-0.9998371005058289, 0.0038687351625412703, -0.01763196289539337, -0.01739501953125], [0.0, 0.0, 0.0, 1.0]], [[-0.932862401008606, 0.3572131097316742, -0.046546757221221924, 1.1038594245910645], [0.050215285271406174, 0.0009964249329641461, -0.9987379312515259, 1.5531845092773438], [-0.3567158877849579, -0.9340224266052246, -0.01886708475649357, -0.0758056640625], [0.0, 0.0, 0.0, 1.0]]], "view": [[0.0, -2.0, 100.0], [-2.0, 0.0, 100.0], [0.0, 0.0, 1.0]], "bev": "bev_e21d729908a24a7986328eb3d66156b6.png", "aux": "aux_e21d729908a24a7986328eb3d66156b6.npz", "visibility": "visibility_e21d729908a24a7986328eb3d66156b6.png", "pose": [[-0.9993551969528198, 0.035905998200178146, 0.0, 329.3813781738281], [-0.035905998200178146, -0.9993551969528198, 0.0, 976.3776245117188], [0.0, 0.0, 1.0, 0.0], [0.0, 0.0, 0.0, 1.0]], "pose_inverse": [[-0.9993551969528198, -0.035905998200178146, 0.0, 364.226806640625], [0.035905998200178146, -0.9993551969528198, 0.0, 963.9212646484375], [0.0, 0.0, 1.0, 0.0], [0.0, 0.0, 0.0, 1.0]], "cam_ids": [0, 1, 2, 3, 4, 5], "cam_channels": ["CAM_FRONT_LEFT", "CAM_FRONT", "CAM_FRONT_RIGHT", "CAM_BACK_LEFT", "CAM_BACK", "CAM_BACK_RIGHT"], "token": "e21d729908a24a7986328eb3d66156b6", "scene": "scene-0372"}, {"images": ["samples/CAM_FRONT_LEFT/n015-2018-08-03-15-00-36+0800__CAM_FRONT_LEFT__1533280192004844.jpg", "samples/CAM_FRONT/n015-2018-08-03-15-00-36+0800__CAM_FRONT__1533280192012460.jpg", "samples/CAM_FRONT_RIGHT/n015-2018-08-03-15-00-36+0800__CAM_FRONT_RIGHT__1533280192020339.jpg", "samples/CAM_BACK_LEFT/n015-2018-08-03-15-00-36+0800__CAM_BACK_LEFT__1533280192047423.jpg", "samples/CAM_BACK/n015-2018-08-03-15-00-36+0800__CAM_BACK__1533280192037525.jpg", "samples/CAM_BACK_RIGHT/n015-2018-08-03-15-00-36+0800__CAM_BACK_RIGHT__1533280192027893.jpg"], "intrinsics": [[[1272.5979470598488, 0.0, 826.6154927353808], [0.0, 1272.5979470598488, 479.75165386361925], [0.0, 0.0, 1.0]], [[1266.417203046554, 0.0, 816.2670197447984], [0.0, 1266.417203046554, 491.50706579294757], [0.0, 0.0, 1.0]], [[1260.8474446004698, 0.0, 807.968244525554], [0.0, 1260.8474446004698, 495.3344268742088], [0.0, 0.0, 1.0]], [[1256.7414812095406, 0.0, 792.1125740759628], [0.0, 1256.7414812095406, 492.7757465151356], [0.0, 0.0, 1.0]], [[809.2209905677063, 0.0, 829.2196003259838], [0.0, 809.2209905677063, 481.77842384512485], [0.0, 0.0, 1.0]], [[1259.5137405846733, 0.0, 807.2529053838625], [0.0, 1259.5137405846733, 501.19579884916527], [0.0, 0.0, 1.0]]], "extrinsics": [[[0.815017819404602, -0.578594982624054, 0.031206149607896805, -0.892547607421875], [0.03552522510290146, -0.0038585348520427942, -0.9993613362312317, 1.5113897323608398], [0.5783458352088928, 0.815605878829956, 0.01740994118154049, -1.22967529296875], [0.0, 0.0, 0.0, 1.0]], [[-0.002023892244324088, -0.9999686479568481, 0.00765410577878356, 0.0054931640625], [0.030311619862914085, -0.00771194975823164, -0.9995108246803284, 1.522763729095459], [0.9995384216308594, -0.0017908805748447776, 0.030326277017593384, -1.618865966796875], [0.0, 0.0, 0.0, 1.0]], [[-0.8354214429855347, -0.5484614372253418, -0.03551217168569565, 0.98406982421875], [0.036154646426439285, 0.009632294997572899, -0.9992997646331787, 1.5057353973388672], [0.5484194159507751, -0.8361203074455261, 0.011782403104007244, -1.21661376953125], [0.0, 0.0, 0.0, 1.0]], [[0.9471575021743774, 0.3187077045440674, 0.03630444407463074, -1.138671875], [0.04509656876325607, -0.020248953253030777, -0.9987773895263672, 1.5887271165847778], [-0.3175828754901886, 0.9476367235183716, -0.033551570028066635, -0.10498046875], [0.0, 0.0, 0.0, 1.0]], [[0.005127129144966602, 0.9999346733093262, -0.01022595725953579, 0.002685546875], [0.019529815763235092, -0.010324268601834774, -0.9997559785842896, 1.5798258781433105], [-0.9997960329055786, 0.004926144611090422, -0.019581470638513565, -0.0220947265625], [0.0, 0.0, 0.0, 1.0]], [[-0.9321485757827759, 0.35902461409568787, -0.04690780118107796, 1.095977783203125], [0.052068475633859634, 0.004712521098554134, -0.9986323714256287, 1.553689956665039], [-0.35831257700920105, -0.9333162307739258, -0.023086637258529663, -0.07861328125], [0.0, 0.0, 0.0, 1.0]]], "view": [[0.0, -2.0, 100.0], [-2.0, 0.0, 100.0], [0.0, 0.0, 1.0]], "bev": "bev_a0605c11128142f0ae385489736ff8f6.png", "aux": "aux_a0605c11128142f0ae385489736ff8f6.npz", "visibility": "visibility_a0605c11128142f0ae385489736ff8f6.png", "pose": [[-0.9931088089942932, 0.11719604581594467, 0.0, 328.47406005859375], [-0.11719604581594467, -0.9931088089942932, 0.0, 976.3129272460938], [0.0, 0.0, 1.0, 0.0], [0.0, 0.0, 0.0, 1.0]], "pose_inverse": [[-0.9931088089942932, -0.11719604581594467, 0.0, 440.6304931640625], [0.11719604581594467, -0.9931088089942932, 0.0, 931.089111328125], [0.0, 0.0, 1.0, 0.0], [0.0, 0.0, 0.0, 1.0]], "cam_ids": [0, 1, 2, 3, 4, 5], "cam_channels": ["CAM_FRONT_LEFT", "CAM_FRONT", "CAM_FRONT_RIGHT", "CAM_BACK_LEFT", "CAM_BACK", "CAM_BACK_RIGHT"], "token": "a0605c11128142f0ae385489736ff8f6", "scene": "scene-0372"}, {"images": ["samples/CAM_FRONT_LEFT/n015-2018-08-03-15-00-36+0800__CAM_FRONT_LEFT__1533280192404844.jpg", "samples/CAM_FRONT/n015-2018-08-03-15-00-36+0800__CAM_FRONT__1533280192412460.jpg", "samples/CAM_FRONT_RIGHT/n015-2018-08-03-15-00-36+0800__CAM_FRONT_RIGHT__1533280192420339.jpg", "samples/CAM_BACK_LEFT/n015-2018-08-03-15-00-36+0800__CAM_BACK_LEFT__1533280192447423.jpg", "samples/CAM_BACK/n015-2018-08-03-15-00-36+0800__CAM_BACK__1533280192437525.jpg", "samples/CAM_BACK_RIGHT/n015-2018-08-03-15-00-36+0800__CAM_BACK_RIGHT__1533280192427893.jpg"], "intrinsics": [[[1272.5979470598488, 0.0, 826.6154927353808], [0.0, 1272.5979470598488, 479.75165386361925], [0.0, 0.0, 1.0]], [[1266.417203046554, 0.0, 816.2670197447984], [0.0, 1266.417203046554, 491.50706579294757], [0.0, 0.0, 1.0]], [[1260.8474446004698, 0.0, 807.968244525554], [0.0, 1260.8474446004698, 495.3344268742088], [0.0, 0.0, 1.0]], [[1256.7414812095406, 0.0, 792.1125740759628], [0.0, 1256.7414812095406, 492.7757465151356], [0.0, 0.0, 1.0]], [[809.2209905677063, 0.0, 829.2196003259838], [0.0, 809.2209905677063, 481.77842384512485], [0.0, 0.0, 1.0]], [[1259.5137405846733, 0.0, 807.2529053838625], [0.0, 1259.5137405846733, 501.19579884916527], [0.0, 0.0, 1.0]]], "extrinsics": [[[0.8134649395942688, -0.5808150172233582, 0.030475223436951637, -0.8777999877929688], [0.03345504775643349, -0.005583850666880608, -0.9994246363639832, 1.511815071105957], [0.5806509256362915, 0.8140164613723755, 0.014888928271830082, -1.21923828125], [0.0, 0.0, 0.0, 1.0]], [[-0.004327831789851189, -0.9999465942382812, 0.00938543863594532, 0.00543212890625], [0.028041822835803032, -0.009503193199634552, -0.999561607837677, 1.523026466369629], [0.9995973706245422, -0.004062754102051258, 0.02808145061135292, -1.603759765625], [0.0, 0.0, 0.0, 1.0]], [[-0.8365135788917542, -0.5469834804534912, -0.03246612846851349, 0.97381591796875], [0.03372249752283096, 0.0077467733062803745, -0.9994011521339417, 1.5060138702392578], [0.546907365322113, -0.8371075987815857, 0.011965370737016201, -1.209716796875], [0.0, 0.0, 0.0, 1.0]], [[0.9473348259925842, 0.3185805082321167, 0.03260476887226105, -1.13739013671875], [0.041852131485939026, -0.022223087027668953, -0.9988766312599182, 1.5887680053710938], [-0.3174980580806732, 0.9476352334022522, -0.03438597545027733, -0.1053466796875], [0.0, 0.0, 0.0, 1.0]], [[0.005879745818674564, 0.9999078512191772, -0.012239715084433556, 0.00274658203125], [0.016583092510700226, -0.012335742823779583, -0.9997864365577698, 1.5798407793045044], [-0.9998451471328735, 0.0056754895485937595, -0.016654090955853462, -0.0269775390625], [0.0, 0.0, 0.0, 1.0]], [[-0.9317684173583984, 0.36023879051208496, -0.04511713981628418, 1.087188720703125], [0.04941842705011368, 0.0027334094047546387, -0.9987744092941284, 1.5540409088134766], [-0.35967397689819336, -0.9328561425209045, -0.02034934051334858, -0.0821533203125], [0.0, 0.0, 0.0, 1.0]]], "view": [[0.0, -2.0, 100.0], [-2.0, 0.0, 100.0], [0.0, 0.0, 1.0]], "bev": "bev_36635f25e7db48c7a44a127f14e58b7c.png", "aux": "aux_36635f25e7db48c7a44a127f14e58b7c.npz", "visibility": "visibility_36635f25e7db48c7a44a127f14e58b7c.png", "pose": [[-0.9780833721160889, 0.2082136571407318, 0.0, 327.6272888183594], [-0.2082136571407318, -0.9780833721160889, 0.0, 976.1854248046875], [0.0, 0.0, 1.0, 0.0], [0.0, 0.0, 0.0, 1.0]], "pose_inverse": [[-0.9780833721160889, -0.2082136571407318, 0.0, 523.701904296875], [0.2082136571407318, -0.9780833721160889, 0.0, 886.5742797851562], [0.0, 0.0, 1.0, 0.0], [0.0, 0.0, 0.0, 1.0]], "cam_ids": [0, 1, 2, 3, 4, 5], "cam_channels": ["CAM_FRONT_LEFT", "CAM_FRONT", "CAM_FRONT_RIGHT", "CAM_BACK_LEFT", "CAM_BACK", "CAM_BACK_RIGHT"], "token": "36635f25e7db48c7a44a127f14e58b7c", "scene": "scene-0372"}, {"images": ["samples/CAM_FRONT_LEFT/n015-2018-08-03-15-00-36+0800__CAM_FRONT_LEFT__1533280192904844.jpg", "samples/CAM_FRONT/n015-2018-08-03-15-00-36+0800__CAM_FRONT__1533280192912460.jpg", "samples/CAM_FRONT_RIGHT/n015-2018-08-03-15-00-36+0800__CAM_FRONT_RIGHT__1533280192920348.jpg", "samples/CAM_BACK_LEFT/n015-2018-08-03-15-00-36+0800__CAM_BACK_LEFT__1533280192947423.jpg", "samples/CAM_BACK/n015-2018-08-03-15-00-36+0800__CAM_BACK__1533280192937525.jpg", "samples/CAM_BACK_RIGHT/n015-2018-08-03-15-00-36+0800__CAM_BACK_RIGHT__1533280192927893.jpg"], "intrinsics": [[[1272.5979470598488, 0.0, 826.6154927353808], [0.0, 1272.5979470598488, 479.75165386361925], [0.0, 0.0, 1.0]], [[1266.417203046554, 0.0, 816.2670197447984], [0.0, 1266.417203046554, 491.50706579294757], [0.0, 0.0, 1.0]], [[1260.8474446004698, 0.0, 807.968244525554], [0.0, 1260.8474446004698, 495.3344268742088], [0.0, 0.0, 1.0]], [[1256.7414812095406, 0.0, 792.1125740759628], [0.0, 1256.7414812095406, 492.7757465151356], [0.0, 0.0, 1.0]], [[809.2209905677063, 0.0, 829.2196003259838], [0.0, 809.2209905677063, 481.77842384512485], [0.0, 0.0, 1.0]], [[1259.5137405846733, 0.0, 807.2529053838625], [0.0, 1259.5137405846733, 501.19579884916527], [0.0, 0.0, 1.0]]], "extrinsics": [[[0.8128792643547058, -0.582041323184967, 0.02133781649172306, -0.8651657104492188], [0.024056557565927505, -0.003052127081900835, -0.999705970287323, 1.5111455917358398], [0.5819352865219116, 0.8131535053253174, 0.011520898900926113, -1.2138671875], [0.0, 0.0, 0.0, 1.0]], [[-0.00520543847233057, -0.9999634623527527, 0.00678481999784708, 0.0087890625], [0.018617989495396614, -0.006880649831146002, -0.9998030662536621, 1.5224080085754395], [0.9998130798339844, -0.00507806520909071, 0.01865312270820141, -1.59307861328125], [0.0, 0.0, 0.0, 1.0]], [[-0.8370426893234253, -0.5465169548988342, -0.026051633059978485, 0.96929931640625], [0.024288281798362732, 0.010451998561620712, -0.9996503591537476, 1.5054874420166016], [0.5465981364250183, -0.8373828530311584, 0.0045251911506056786, -1.20367431640625], [0.0, 0.0, 0.0, 1.0]], [[0.947509765625, 0.31878426671028137, 0.0245317704975605, -1.13824462890625], [0.03237653151154518, -0.019332053139805794, -0.99928879737854, 1.5887603759765625], [-0.3180831968784332, 0.9476301670074463, -0.028638435527682304, -0.10748291015625], [0.0, 0.0, 0.0, 1.0]], [[0.0059409597888588905, 0.999937891960144, -0.009434913285076618, -0.0001220703125], [0.007075909525156021, -0.009476878680288792, -0.9999300241470337, 1.5796147584915161], [-0.9999573826789856, 0.005873781628906727, -0.0071317702531814575, -0.03021240234375], [0.0, 0.0, 0.0, 1.0]], [[-0.9320487380027771, 0.3606147766113281, -0.03524266183376312, 1.081207275390625], [0.039909478276968, 0.00550041114911437, -0.9991881251335144, 1.5537300109863281], [-0.3601281940937042, -0.9326987266540527, -0.019518602639436722, -0.080810546875], [0.0, 0.0, 0.0, 1.0]]], "view": [[0.0, -2.0, 100.0], [-2.0, 0.0, 100.0], [0.0, 0.0, 1.0]], "bev": "bev_ca6e806978f742f2b12745ed73359561.png", "aux": "aux_ca6e806978f742f2b12745ed73359561.npz", "visibility": "visibility_ca6e806978f742f2b12745ed73359561.png", "pose": [[-0.938309907913208, 0.34579554200172424, 0.0, 326.4281005859375], [-0.34579554200172424, -0.938309907913208, 0.0, 975.847900390625], [0.0, 0.0, 1.0, 0.0], [0.0, 0.0, 0.0, 1.0]], "pose_inverse": [[-0.938309907913208, -0.34579554200172424, 0.0, 643.7345581054688], [0.34579554200172424, -0.938309907913208, 0.0, 802.7703247070312], [0.0, 0.0, 1.0, 0.0], [0.0, 0.0, 0.0, 1.0]], "cam_ids": [0, 1, 2, 3, 4, 5], "cam_channels": ["CAM_FRONT_LEFT", "CAM_FRONT", "CAM_FRONT_RIGHT", "CAM_BACK_LEFT", "CAM_BACK", "CAM_BACK_RIGHT"], "token": "ca6e806978f742f2b12745ed73359561", "scene": "scene-0372"}, {"images": ["samples/CAM_FRONT_LEFT/n015-2018-08-03-15-00-36+0800__CAM_FRONT_LEFT__1533280193404844.jpg", "samples/CAM_FRONT/n015-2018-08-03-15-00-36+0800__CAM_FRONT__1533280193412460.jpg", "samples/CAM_FRONT_RIGHT/n015-2018-08-03-15-00-36+0800__CAM_FRONT_RIGHT__1533280193420339.jpg", "samples/CAM_BACK_LEFT/n015-2018-08-03-15-00-36+0800__CAM_BACK_LEFT__1533280193447423.jpg", "samples/CAM_BACK/n015-2018-08-03-15-00-36+0800__CAM_BACK__1533280193437525.jpg", "samples/CAM_BACK_RIGHT/n015-2018-08-03-15-00-36+0800__CAM_BACK_RIGHT__1533280193427893.jpg"], "intrinsics": [[[1272.5979470598488, 0.0, 826.6154927353808], [0.0, 1272.5979470598488, 479.75165386361925], [0.0, 0.0, 1.0]], [[1266.417203046554, 0.0, 816.2670197447984], [0.0, 1266.417203046554, 491.50706579294757], [0.0, 0.0, 1.0]], [[1260.8474446004698, 0.0, 807.968244525554], [0.0, 1260.8474446004698, 495.3344268742088], [0.0, 0.0, 1.0]], [[1256.7414812095406, 0.0, 792.1125740759628], [0.0, 1256.7414812095406, 492.7757465151356], [0.0, 0.0, 1.0]], [[809.2209905677063, 0.0, 829.2196003259838], [0.0, 809.2209905677063, 481.77842384512485], [0.0, 0.0, 1.0]], [[1259.5137405846733, 0.0, 807.2529053838625], [0.0, 1259.5137405846733, 501.19579884916527], [0.0, 0.0, 1.0]]], "extrinsics": [[[0.8128910660743713, -0.582291841506958, 0.012015501037240028, -0.8536834716796875], [0.017138302326202393, 0.00329371215775609, -0.9998476505279541, 1.5104942321777344], [0.5821634531021118, 0.8129732012748718, 0.0126569215208292, -1.20831298828125], [0.0, 0.0, 0.0, 1.0]], [[-0.005321024917066097, -0.9999857544898987, 0.000278427149169147, 0.01068115234375], [0.011726027354598045, -0.0003408080374356359, -0.9999312162399292, 1.5218219757080078], [0.9999170303344727, -0.005317433271557093, 0.01172767486423254, -1.5826416015625], [0.0, 0.0, 0.0, 1.0]], [[-0.8372710943222046, -0.5462614893913269, -0.02398807369172573, 0.963134765625], [0.017427045851945877, 0.017189064994454384, -0.9997003078460693, 1.5050544738769531], [0.5465101003646851, -0.8374382853507996, -0.0048721847124397755, -1.1974639892578125], [0.0, 0.0, 0.0, 1.0]], [[0.9476330876350403, 0.31875109672546387, 0.019727623090147972, -1.13800048828125], [0.025523779913783073, -0.014016964472830296, -0.9995759129524231, 1.5887508392333984], [-0.31833937764167786, 0.9477347731590271, -0.021418673917651176, -0.10906982421875], [0.0, 0.0, 0.0, 1.0]], [[0.006003241520375013, 0.9999722242355347, -0.004414516966789961, -0.001708984375], [0.00020682552712969482, -0.004415837582200766, -0.9999902844429016, 1.579384684562683], [-0.9999819397926331, 0.006002271547913551, -0.0002333281736355275, -0.03424072265625], [0.0, 0.0, 0.0, 1.0]], [[-0.9322161674499512, 0.3608921766281128, -0.027013400569558144, 1.074371337890625], [0.03305622190237045, 0.010580508969724178, -0.9993975162506104, 1.5535087585449219], [-0.3603889048099518, -0.9325475096702576, -0.021793056279420853, -0.08154296875], [0.0, 0.0, 0.0, 1.0]]], "view": [[0.0, -2.0, 100.0], [-2.0, 0.0, 100.0], [0.0, 0.0, 1.0]], "bev": "bev_001d63f61c024f8bb791acbfa4628249.png", "aux": "aux_001d63f61c024f8bb791acbfa4628249.npz", "visibility": "visibility_001d63f61c024f8bb791acbfa4628249.png", "pose": [[-0.871213436126709, 0.49090439081192017, 0.0, 325.1346130371094], [-0.49090439081192017, -0.871213436126709, 0.0, 975.2589111328125], [0.0, 0.0, 1.0, 0.0], [0.0, 0.0, 0.0, 1.0]], "pose_inverse": [[-0.871213436126709, -0.49090439081192017, 0.0, 762.0205078125], [0.49090439081192017, -0.871213436126709, 0.0, 690.0486450195312], [0.0, 0.0, 1.0, 0.0], [0.0, 0.0, 0.0, 1.0]], "cam_ids": [0, 1, 2, 3, 4, 5], "cam_channels": ["CAM_FRONT_LEFT", "CAM_FRONT", "CAM_FRONT_RIGHT", "CAM_BACK_LEFT", "CAM_BACK", "CAM_BACK_RIGHT"], "token": "001d63f61c024f8bb791acbfa4628249", "scene": "scene-0372"}, {"images": ["samples/CAM_FRONT_LEFT/n015-2018-08-03-15-00-36+0800__CAM_FRONT_LEFT__1533280193904844.jpg", "samples/CAM_FRONT/n015-2018-08-03-15-00-36+0800__CAM_FRONT__1533280193912460.jpg", "samples/CAM_FRONT_RIGHT/n015-2018-08-03-15-00-36+0800__CAM_FRONT_RIGHT__1533280193920339.jpg", "samples/CAM_BACK_LEFT/n015-2018-08-03-15-00-36+0800__CAM_BACK_LEFT__1533280193947423.jpg", "samples/CAM_BACK/n015-2018-08-03-15-00-36+0800__CAM_BACK__1533280193937525.jpg", "samples/CAM_BACK_RIGHT/n015-2018-08-03-15-00-36+0800__CAM_BACK_RIGHT__1533280193927893.jpg"], "intrinsics": [[[1272.5979470598488, 0.0, 826.6154927353808], [0.0, 1272.5979470598488, 479.75165386361925], [0.0, 0.0, 1.0]], [[1266.417203046554, 0.0, 816.2670197447984], [0.0, 1266.417203046554, 491.50706579294757], [0.0, 0.0, 1.0]], [[1260.8474446004698, 0.0, 807.968244525554], [0.0, 1260.8474446004698, 495.3344268742088], [0.0, 0.0, 1.0]], [[1256.7414812095406, 0.0, 792.1125740759628], [0.0, 1256.7414812095406, 492.7757465151356], [0.0, 0.0, 1.0]], [[809.2209905677063, 0.0, 829.2196003259838], [0.0, 809.2209905677063, 481.77842384512485], [0.0, 0.0, 1.0]], [[1259.5137405846733, 0.0, 807.2529053838625], [0.0, 1259.5137405846733, 501.19579884916527], [0.0, 0.0, 1.0]]], "extrinsics": [[[0.8125097751617432, -0.5827736258506775, 0.014238904230296612, -0.842437744140625], [0.01963440701365471, 0.0029463397804647684, -0.9998028874397278, 1.5111560821533203], [0.5826168060302734, 0.8126292824745178, 0.013836342841386795, -1.1961669921875], [0.0, 0.0, 0.0, 1.0]], [[-0.006082838401198387, -0.9999812245368958, 0.0007391230319626629, 0.00689697265625], [0.014327391982078552, -0.0008262141491286457, -0.9998970031738281, 1.522303581237793], [0.9998788237571716, -0.0060716974548995495, 0.014332147315144539, -1.56878662109375], [0.0, 0.0, 0.0, 1.0]], [[-0.8377102017402649, -0.5454995036125183, -0.025923021137714386, 0.95166015625], [0.020155657082796097, 0.016552908346056938, -0.9996597766876221, 1.5055809020996094], [0.545742928981781, -0.8379477262496948, -0.0028716393280774355, -1.1939377784729004], [0.0, 0.0, 0.0, 1.0]], [[0.9477775692939758, 0.3181251883506775, 0.022673361003398895, -1.13531494140625], [0.028623051941394806, -0.014039920642971992, -0.9994916319847107, 1.5887737274169922], [-0.3176451325416565, 0.947944700717926, -0.022412436082959175, -0.106414794921875], [0.0, 0.0, 0.0, 1.0]], [[0.006409282796084881, 0.9999709129333496,