[{"images": ["samples/CAM_FRONT_LEFT/n008-2018-08-28-13-40-50-0400__CAM_FRONT_LEFT__1535478696104799.jpg", "samples/CAM_FRONT/n008-2018-08-28-13-40-50-0400__CAM_FRONT__1535478696112404.jpg", "samples/CAM_FRONT_RIGHT/n008-2018-08-28-13-40-50-0400__CAM_FRONT_RIGHT__1535478696120482.jpg", "samples/CAM_BACK_LEFT/n008-2018-08-28-13-40-50-0400__CAM_BACK_LEFT__1535478696147405.jpg", "samples/CAM_BACK/n008-2018-08-28-13-40-50-0400__CAM_BACK__1535478696137558.jpg", "samples/CAM_BACK_RIGHT/n008-2018-08-28-13-40-50-0400__CAM_BACK_RIGHT__1535478696128113.jpg"], "intrinsics": [[[1257.8625342125129, 0.0, 827.2410631095686], [0.0, 1257.8625342125129, 450.915498205774], [0.0, 0.0, 1.0]], [[1252.8131021185304, 0.0, 826.588114781398], [0.0, 1252.8131021185304, 469.9846626224581], [0.0, 0.0, 1.0]], [[1256.7485116440405, 0.0, 817.7887570959712], [0.0, 1256.7485116440403, 451.9541780095127], [0.0, 0.0, 1.0]], [[1254.9860565800168, 0.0, 829.5769333630991], [0.0, 1254.9860565800168, 467.1680561863987], [0.0, 0.0, 1.0]], [[796.8910634503094, 0.0, 857.7774326863696], [0.0, 796.8910634503094, 476.8848988407415], [0.0, 0.0, 1.0]], [[1249.9629280788233, 0.0, 825.3768045375984], [0.0, 1249.9629280788233, 462.54816385708756], [0.0, 0.0, 1.0]]], "extrinsics": [[[0.8223101496696472, -0.5689069032669067, -0.012288176454603672, -0.6807861328125], [-0.002278555417433381, 0.01830247975885868, -0.999829888343811, 1.4873733520507812], [0.5690350532531738, 0.8221982717514038, 0.013754027895629406, -1.110595703125], [0.0, 0.0, 0.0, 1.0]], [[0.00978674553334713, -0.9998519420623779, -0.014152486808598042, 0.009765625], [-0.00047542841639369726, 0.014148510992527008, -0.9998998045921326, 1.4799976348876953], [0.9999520778656006, 0.009792506694793701, -0.00033689074916765094, -1.4117431640625], [0.0, 0.0, 0.0, 1.0]], [[-0.844236433506012, -0.5358930230140686, -0.009134187363088131, 0.8819580078125], [0.007382766809314489, 0.0054133981466293335, -0.9999580383300781, 1.4948949813842773], [0.5359200835227966, -0.8442685008049011, -0.0006138156168162823, -1.1439208984375], [0.0, 0.0, 0.0, 1.0]], [[0.9477866888046265, 0.3187132775783539, -0.01105457916855812, -1.1470947265625], [-0.018519433215260506, 0.02040106989443302, -0.9996203780174255, 1.562103271484375], [-0.31836676597595215, 0.9476315379142761, 0.02523825503885746, -0.1552734375], [0.0, 0.0, 0.0, 1.0]], [[0.009382919408380985, 0.9998739361763, 0.012810173444449902, -0.0281982421875], [-0.016223298385739326, 0.012961267493665218, -0.9997843503952026, 1.5666236877441406], [-0.9998243451118469, 0.009173091500997543, 0.01634286902844906, -0.04400634765625], [0.0, 0.0, 0.0, 1.0]], [[-0.9236413836479187, 0.38319000601768494, 0.007210856303572655, 0.9974212646484375], [-0.011822723783552647, -0.009681732393801212, -0.999883234500885, 1.5457267761230469], [-0.38307541608810425, -0.9236187934875488, 0.013472797349095345, -0.11083984375], [0.0, 0.0, 0.0, 1.0]]], "view": [[0.0, -2.0, 100.0], [-2.0, 0.0, 100.0], [0.0, 0.0, 1.0]], "bev": "bev_e361262896774f8f92bf46e84155deaa.png", "aux": "aux_e361262896774f8f92bf46e84155deaa.npz", "visibility": "visibility_e361262896774f8f92bf46e84155deaa.png", "pose": [[0.8781551122665405, 0.47837600111961365, 0.0, 1440.00244140625], [-0.47837600111961365, 0.8781551122665405, 0.0, 1398.8594970703125], [0.0, 0.0, 1.0, 0.0], [0.0, 0.0, 0.0, 1.0]], "pose_inverse": [[0.8781551122665405, -0.47837600111961365, 0.0, -595.3646850585938], [0.47837600111961365, 0.8781551122665405, 0.0, -1917.2781982421875], [0.0, 0.0, 1.0, 0.0], [0.0, 0.0, 0.0, 1.0]], "cam_ids": [0, 1, 2, 3, 4, 5], "cam_channels": ["CAM_FRONT_LEFT", "CAM_FRONT", "CAM_FRONT_RIGHT", "CAM_BACK_LEFT", "CAM_BACK", "CAM_BACK_RIGHT"], "token": "e361262896774f8f92bf46e84155deaa", "scene": "scene-0506"}, {"images": ["samples/CAM_FRONT_LEFT/n008-2018-08-28-13-40-50-0400__CAM_FRONT_LEFT__1535478696604799.jpg", "samples/CAM_FRONT/n008-2018-08-28-13-40-50-0400__CAM_FRONT__1535478696612404.jpg", "samples/CAM_FRONT_RIGHT/n008-2018-08-28-13-40-50-0400__CAM_FRONT_RIGHT__1535478696620482.jpg", "samples/CAM_BACK_LEFT/n008-2018-08-28-13-40-50-0400__CAM_BACK_LEFT__1535478696647405.jpg", "samples/CAM_BACK/n008-2018-08-28-13-40-50-0400__CAM_BACK__1535478696637558.jpg", "samples/CAM_BACK_RIGHT/n008-2018-08-28-13-40-50-0400__CAM_BACK_RIGHT__1535478696628113.jpg"], "intrinsics": [[[1257.8625342125129, 0.0, 827.2410631095686], [0.0, 1257.8625342125129, 450.915498205774], [0.0, 0.0, 1.0]], [[1252.8131021185304, 0.0, 826.588114781398], [0.0, 1252.8131021185304, 469.9846626224581], [0.0, 0.0, 1.0]], [[1256.7485116440405, 0.0, 817.7887570959712], [0.0, 1256.7485116440403, 451.9541780095127], [0.0, 0.0, 1.0]], [[1254.9860565800168, 0.0, 829.5769333630991], [0.0, 1254.9860565800168, 467.1680561863987], [0.0, 0.0, 1.0]], [[796.8910634503094, 0.0, 857.7774326863696], [0.0, 796.8910634503094, 476.8848988407415], [0.0, 0.0, 1.0]], [[1249.9629280788233, 0.0, 825.3768045375984], [0.0, 1249.9629280788233, 462.54816385708756], [0.0, 0.0, 1.0]]], "extrinsics": [[[0.8222967982292175, -0.5690144300460815, -0.007112355437129736, -0.69293212890625], [0.0016153809847310185, 0.014832464046776295, -0.9998887181282043, 1.4888839721679688], [0.5690565705299377, 0.8221938014030457, 0.01311586145311594, -1.1192626953125], [0.0, 0.0, 0.0, 1.0]], [[0.00989558082073927, -0.9998947978019714, -0.01060507446527481, 0.0096435546875], [0.0035610159393399954, 0.010640764608979225, -0.9999370574951172, 1.4812564849853516], [0.9999446868896484, 0.009857216849923134, 0.003665938274934888, -1.42425537109375], [0.0, 0.0, 0.0, 1.0]], [[-0.8441712260246277, -0.5359653234481812, -0.010776599869132042, 0.890380859375], [0.011580567806959152, 0.0018655597232282162, -0.9999312162399292, 1.4958267211914062], [0.5359485149383545, -0.8442379236221313, 0.0046319314278662205, -1.1492919921875], [0.0, 0.0, 0.0, 1.0]], [[0.9478525519371033, 0.3186191916465759, -0.007572996895760298, -1.14794921875], [-0.013648217543959618, 0.01683916337788105, -0.9997650980949402, 1.5621051788330078], [-0.3184168040752411, 0.9477332234382629, 0.020309628918766975, -0.154541015625], [0.0, 0.0, 0.0, 1.0]], [[0.009346580132842064, 0.9999133944511414, 0.009263252839446068, -0.0283203125], [-0.011617785319685936, 0.009371618740260601, -0.99988853931427, 1.5670785903930664], [-0.9998888373374939, 0.009237928315997124, 0.011704372242093086, -0.0399169921875], [0.0, 0.0, 0.0, 1.0]], [[-0.9236723780632019, 0.3831790089607239, 0.0017843327950686216, 1.0040283203125], [-0.007433902006596327, -0.01326367724686861, -0.9998844265937805, 1.5465641021728516], [-0.38311102986335754, -0.9235788583755493, 0.015099807642400265, -0.10791015625], [0.0, 0.0, 0.0, 1.0]]], "view": [[0.0, -2.0, 100.0], [-2.0, 0.0, 100.0], [0.0, 0.0, 1.0]], "bev": "bev_7ee34bace62e49ad873d0b177ed3868b.png", "aux": "aux_7ee34bace62e49ad873d0b177ed3868b.npz", "visibility": "visibility_7ee34bace62e49ad873d0b177ed3868b.png", "pose": [[0.8782015442848206, 0.47829076647758484, 0.0, 1443.9739990234375], [-0.47829076647758484, 0.8782015442848206, 0.0, 1396.6673583984375], [0.0, 0.0, 1.0, 0.0], [0.0, 0.0, 0.0, 1.0]], "pose_inverse": [[0.8782015442848206, -0.47829076647758484, 0.0, -600.0870971679688], [0.47829076647758484, 0.8782015442848206, 0.0, -1917.19482421875], [0.0, 0.0, 1.0, 0.0], [0.0, 0.0, 0.0, 1.0]], "cam_ids": [0, 1, 2, 3, 4, 5], "cam_channels": ["CAM_FRONT_LEFT", "CAM_FRONT", "CAM_FRONT_RIGHT", "CAM_BACK_LEFT", "CAM_BACK", "CAM_BACK_RIGHT"], "token": "7ee34bace62e49ad873d0b177ed3868b", "scene": "scene-0506"}, {"images": ["samples/CAM_FRONT_LEFT/n008-2018-08-28-13-40-50-0400__CAM_FRONT_LEFT__1535478697104799.jpg", "samples/CAM_FRONT/n008-2018-08-28-13-40-50-0400__CAM_FRONT__1535478697112404.jpg", "samples/CAM_FRONT_RIGHT/n008-2018-08-28-13-40-50-0400__CAM_FRONT_RIGHT__1535478697120482.jpg", "samples/CAM_BACK_LEFT/n008-2018-08-28-13-40-50-0400__CAM_BACK_LEFT__1535478697147405.jpg", "samples/CAM_BACK/n008-2018-08-28-13-40-50-0400__CAM_BACK__1535478697137558.jpg", "samples/CAM_BACK_RIGHT/n008-2018-08-28-13-40-50-0400__CAM_BACK_RIGHT__1535478697128113.jpg"], "intrinsics": [[[1257.8625342125129, 0.0, 827.2410631095686], [0.0, 1257.8625342125129, 450.915498205774], [0.0, 0.0, 1.0]], [[1252.8131021185304, 0.0, 826.588114781398], [0.0, 1252.8131021185304, 469.9846626224581], [0.0, 0.0, 1.0]], [[1256.7485116440405, 0.0, 817.7887570959712], [0.0, 1256.7485116440403, 451.9541780095127], [0.0, 0.0, 1.0]], [[1254.9860565800168, 0.0, 829.5769333630991], [0.0, 1254.9860565800168, 467.1680561863987], [0.0, 0.0, 1.0]], [[796.8910634503094, 0.0, 857.7774326863696], [0.0, 796.8910634503094, 476.8848988407415], [0.0, 0.0, 1.0]], [[1249.9629280788233, 0.0, 825.3768045375984], [0.0, 1249.9629280788233, 462.54816385708756], [0.0, 0.0, 1.0]]], "extrinsics": [[[0.8221179842948914, -0.5692794919013977, -0.00654564518481493, -0.69671630859375], [0.0020533769857138395, 0.014462255872786045, -0.9998932480812073, 1.4890384674072266], [0.5693134069442749, 0.8220168352127075, 0.013058626092970371, -1.12158203125], [0.0, 0.0, 0.0, 1.0]], [[0.009635194204747677, -0.9999002814292908, -0.010320905596017838, 0.00927734375], [0.003962881863117218, 0.010359486564993858, -0.9999384880065918, 1.4813671112060547], [0.9999456405639648, 0.00959368422627449, 0.00406230241060257, -1.42840576171875], [0.0, 0.0, 0.0, 1.0]], [[-0.8442758321762085, -0.5357965230941772, -0.010973941534757614, 0.8929443359375], [0.011933264322578907, 0.0016763397725299, -0.9999274015426636, 1.4958686828613281], [0.5357759594917297, -0.8443455100059509, 0.004978508688509464, -1.1514892578125], [0.0, 0.0, 0.0, 1.0]], [[0.9479061961174011, 0.31846538186073303, -0.007318734657019377, -1.1470947265625], [-0.013386370614171028, 0.0168683510273695, -0.9997681379318237, 1.5621089935302734], [-0.3182681202888489, 0.947784423828125, 0.020252712070941925, -0.154052734375], [0.0, 0.0, 0.0, 1.0]], [[0.009487795643508434, 0.9999123811721802, 0.009231086820363998, -0.0279541015625], [-0.011288506910204887, 0.00933801755309105, -0.9998926520347595, 1.5671253204345703], [-0.9998912215232849, 0.00938254501670599, 0.011376114562153816, -0.03875732421875], [0.0, 0.0, 0.0, 1.0]], [[-0.9236178994178772, 0.3833116888999939, 0.0014648884534835815, 1.0067596435546875], [-0.007136600092053413, -0.013374938629567623, -0.999885082244873, 1.5466327667236328], [-0.38324806094169617, -0.9235221743583679, 0.015088875778019428, -0.1070556640625], [0.0, 0.0, 0.0, 1.0]]], "view": [[0.0, -2.0, 100.0], [-2.0, 0.0, 100.0], [0.0, 0.0, 1.0]], "bev": "bev_4c905887fadc463e8ceb09db191c8627.png", "aux": "aux_4c905887fadc463e8ceb09db191c8627.npz", "visibility": "visibility_4c905887fadc463e8ceb09db191c8627.png", "pose": [[0.8784903287887573, 0.47776007652282715, 0.0, 1447.8875732421875], [-0.47776007652282715, 0.8784903287887573, 0.0, 1394.487548828125], [0.0, 0.0, 1.0, 0.0], [0.0, 0.0, 0.0, 1.0]], "pose_inverse": [[0.8784903287887573, -0.47776007652282715, 0.0, -605.7247924804688], [0.47776007652282715, 0.8784903287887573, 0.0, -1916.7867431640625], [0.0, 0.0, 1.0, 0.0], [0.0, 0.0, 0.0, 1.0]], "cam_ids": [0, 1, 2, 3, 4, 5], "cam_channels": ["CAM_FRONT_LEFT", "CAM_FRONT", "CAM_FRONT_RIGHT", "CAM_BACK_LEFT", "CAM_BACK", "CAM_BACK_RIGHT"], "token": "4c905887fadc463e8ceb09db191c8627", "scene": "scene-0506"}, {"images": ["samples/CAM_FRONT_LEFT/n008-2018-08-28-13-40-50-0400__CAM_FRONT_LEFT__1535478697654799.jpg", "samples/CAM_FRONT/n008-2018-08-28-13-40-50-0400__CAM_FRONT__1535478697662404.jpg", "samples/CAM_FRONT_RIGHT/n008-2018-08-28-13-40-50-0400__CAM_FRONT_RIGHT__1535478697670482.jpg", "samples/CAM_BACK_LEFT/n008-2018-08-28-13-40-50-0400__CAM_BACK_LEFT__1535478697697405.jpg", "samples/CAM_BACK/n008-2018-08-28-13-40-50-0400__CAM_BACK__1535478697687558.jpg", "samples/CAM_BACK_RIGHT/n008-2018-08-28-13-40-50-0400__CAM_BACK_RIGHT__1535478697678113.jpg"], "intrinsics": [[[1257.8625342125129, 0.0, 827.2410631095686], [0.0, 1257.8625342125129, 450.915498205774], [0.0, 0.0, 1.0]], [[1252.8131021185304, 0.0, 826.588114781398], [0.0, 1252.8131021185304, 469.9846626224581], [0.0, 0.0, 1.0]], [[1256.7485116440405, 0.0, 817.7887570959712], [0.0, 1256.7485116440403, 451.9541780095127], [0.0, 0.0, 1.0]], [[1254.9860565800168, 0.0, 829.5769333630991], [0.0, 1254.9860565800168, 467.1680561863987], [0.0, 0.0, 1.0]], [[796.8910634503094, 0.0, 857.7774326863696], [0.0, 796.8910634503094, 476.8848988407415], [0.0, 0.0, 1.0]], [[1249.9629280788233, 0.0, 825.3768045375984], [0.0, 1249.9629280788233, 462.54816385708756], [0.0, 0.0, 1.0]]], "extrinsics": [[[0.8227657675743103, -0.5683537125587463, -0.005533900577574968, -0.69146728515625], [0.0036649927496910095, 0.015041106380522251, -0.9998801946640015, 1.4896697998046875], [0.5683688521385193, 0.8226468563079834, 0.01445831824094057, -1.1181640625], [0.0, 0.0, 0.0, 1.0]], [[0.010590075515210629, -0.9998853206634521, -0.010826701298356056, 0.0098876953125], [0.005677642300724983, 0.010887259617447853, -0.9999246001243591, 1.481924057006836], [0.999927818775177, 0.010527809150516987, 0.005792289040982723, -1.42205810546875], [0.0, 0.0, 0.0, 1.0]], [[-0.8438534140586853, -0.5364221334457397, -0.01275653950870037, 0.887939453125], [0.013742120005190372, 0.002160554751753807, -0.9999032020568848, 1.4963769912719727], [0.5363978147506714, -0.8439471125602722, 0.005548384971916676, -1.147705078125], [0.0, 0.0, 0.0, 1.0]], [[0.9478660821914673, 0.31862306594848633, -0.005405618343502283, -1.142578125], [-0.011477229185402393, 0.01718146540224552, -0.9997865557670593, 1.5620250701904297], [-0.31846216320991516, 0.9477257132530212, 0.019942639395594597, -0.15673828125], [0.0, 0.0, 0.0, 1.0]], [[0.009128863923251629, 0.9999120235443115, 0.009628172032535076, -0.0284423828125], [-0.009400026872754097, 0.009713958948850632, -0.9999085664749146, 1.567220687866211], [-0.9999141693115234, 0.009037583135068417, 0.009487876668572426, -0.04461669921875], [0.0, 0.0, 0.0, 1.0]], [[-0.9238235354423523, 0.3828186094760895, -8.531240018783137e-05, 1.000457763671875], [-0.005272192414849997, -0.012945763766765594, -0.9999023079872131, 1.5469093322753906], [-0.3827822506427765, -0.9237328171730042, 0.013977894559502602, -0.1090087890625], [0.0, 0.0, 0.0, 1.0]]], "view": [[0.0, -2.0, 100.0], [-2.0, 0.0, 100.0], [0.0, 0.0, 1.0]], "bev": "bev_c51c771613bb46819049b71dc07b314c.png", "aux": "aux_c51c771613bb46819049b71dc07b314c.npz", "visibility": "visibility_c51c771613bb46819049b71dc07b314c.png", "pose": [[0.8777500987052917, 0.4791187345981598, 0.0, 1452.20703125], [-0.4791187345981598, 0.8777500987052917, 0.0, 1392.1058349609375], [0.0, 0.0, 1.0, 0.0], [0.0, 0.0, 0.0, 1.0]], "pose_inverse": [[0.8777500987052917, -0.4791187345981598, 0.0, -607.6908569335938], [0.4791187345981598, 0.8777500987052917, 0.0, -1917.70068359375], [0.0, 0.0, 1.0, 0.0], [0.0, 0.0, 0.0, 1.0]], "cam_ids": [0, 1, 2, 3, 4, 5], "cam_channels": ["CAM_FRONT_LEFT", "CAM_FRONT", "CAM_FRONT_RIGHT", "CAM_BACK_LEFT", "CAM_BACK", "CAM_BACK_RIGHT"], "token": "c51c771613bb46819049b71dc07b314c", "scene": "scene-0506"}, {"images": ["samples/CAM_FRONT_LEFT/n008-2018-08-28-13-40-50-0400__CAM_FRONT_LEFT__1535478698154799.jpg", "samples/CAM_FRONT/n008-2018-08-28-13-40-50-0400__CAM_FRONT__1535478698162404.jpg", "samples/CAM_FRONT_RIGHT/n008-2018-08-28-13-40-50-0400__CAM_FRONT_RIGHT__1535478698170482.jpg", "samples/CAM_BACK_LEFT/n008-2018-08-28-13-40-50-0400__CAM_BACK_LEFT__1535478698197405.jpg", "samples/CAM_BACK/n008-2018-08-28-13-40-50-0400__CAM_BACK__1535478698187558.jpg", "samples/CAM_BACK_RIGHT/n008-2018-08-28-13-40-50-0400__CAM_BACK_RIGHT__1535478698178113.jpg"], "intrinsics": [[[1257.8625342125129, 0.0, 827.2410631095686], [0.0, 1257.8625342125129, 450.915498205774], [0.0, 0.0, 1.0]], [[1252.8131021185304, 0.0, 826.588114781398], [0.0, 1252.8131021185304, 469.9846626224581], [0.0, 0.0, 1.0]], [[1256.7485116440405, 0.0, 817.7887570959712], [0.0, 1256.7485116440403, 451.9541780095127], [0.0, 0.0, 1.0]], [[1254.9860565800168, 0.0, 829.5769333630991], [0.0, 1254.9860565800168, 467.1680561863987], [0.0, 0.0, 1.0]], [[796.8910634503094, 0.0, 857.7774326863696], [0.0, 796.8910634503094, 476.8848988407415], [0.0, 0.0, 1.0]], [[1249.9629280788233, 0.0, 825.3768045375984], [0.0, 1249.9629280788233, 462.54816385708756], [0.0, 0.0, 1.0]]], "extrinsics": [[[0.822644054889679, -0.5685232281684875, -0.006173678673803806, -0.6695556640625], [0.003147812094539404, 0.015412638895213604, -0.9998762607574463, 1.4894828796386719], [0.5685480833053589, 0.8225228190422058, 0.014468718320131302, -1.1080322265625], [0.0, 0.0, 0.0, 1.0]], [[0.010318128392100334, -0.999883234500885, -0.01126607321202755, 0.01318359375], [0.004937333520501852, 0.0113174794241786, -0.9999237656593323, 1.4817619323730469], [0.9999344944953918, 0.010261681862175465, 0.005053532775491476, -1.401611328125], [0.0, 0.0, 0.0, 1.0]], [[-0.8440371751785278, -0.5361460447311401, -0.01219127606600523, 0.87451171875], [0.012761328369379044, 0.0026470462325960398, -0.9999150633811951, 1.4963560104370117], [0.5361328125, -0.8441210985183716, 0.004607730079442263, -1.1365966796875], [0.0, 0.0, 0.0, 1.0]], [[0.9478574395179749, 0.31862178444862366, -0.006805581506341696, -1.1337890625], [-0.013190376572310925, 0.01788545586168766, -0.9997529983520508, 1.5618972778320312], [-0.3184214234352112, 0.9477131962776184, 0.02115560509264469, -0.15966796875], [0.0, 0.0, 0.0, 1.0]], [[0.009262274019420147, 0.9999046325683594, 0.010243900120258331, -0.0291748046875], [-0.010922600515186787, 0.010344895534217358, -0.9998868107795715, 1.5669422149658203], [-0.9998975396156311, 0.009149284102022648, 0.01101737655699253, -0.05706787109375], [0.0, 0.0, 0.0, 1.0]], [[-0.923734724521637, 0.38303062319755554, 0.0012574660358950496, 0.9861297607421875], [-0.006500330753624439, -0.012393889017403126, -0.999902069568634, 1.546621322631836], [-0.38297757506370544, -0.9236524701118469, 0.013938493095338345, -0.1134033203125], [0.0, 0.0, 0.0, 1.0]]], "view": [[0.0, -2.0, 100.0], [-2.0, 0.0, 100.0], [0.0, 0.0, 1.0]], "bev": "bev_de179c17a4894b3f8662f91ae2c0bac5.png", "aux": "aux_de179c17a4894b3f8662f91ae2c0bac5.npz", "visibility": "visibility_de179c17a4894b3f8662f91ae2c0bac5.png", "pose": [[0.8775189518928528, 0.47954192757606506, 0.0, 1456.2366943359375], [-0.47954192757606506, 0.8775189518928528, 0.0, 1389.8670654296875], [0.0, 0.0, 1.0, 0.0], [0.0, 0.0, 0.0, 1.0]], "pose_inverse": [[0.8775189518928528, -0.47954192757606506, 0.0, -611.3757934570312], [0.47954192757606506, 0.8775189518928528, 0.0, -1917.9613037109375], [0.0, 0.0, 1.0, 0.0], [0.0, 0.0, 0.0, 1.0]], "cam_ids": [0, 1, 2, 3, 4, 5], "cam_channels": ["CAM_FRONT_LEFT", "CAM_FRONT", "CAM_FRONT_RIGHT", "CAM_BACK_LEFT", "CAM_BACK", "CAM_BACK_RIGHT"], "token": "de179c17a4894b3f8662f91ae2c0bac5", "scene": "scene-0506"}, {"images": ["samples/CAM_FRONT_LEFT/n008-2018-08-28-13-40-50-0400__CAM_FRONT_LEFT__1535478698654799.jpg", "samples/CAM_FRONT/n008-2018-08-28-13-40-50-0400__CAM_FRONT__1535478698662404.jpg", "samples/CAM_FRONT_RIGHT/n008-2018-08-28-13-40-50-0400__CAM_FRONT_RIGHT__1535478698670482.jpg", "samples/CAM_BACK_LEFT/n008-2018-08-28-13-40-50-0400__CAM_BACK_LEFT__1535478698697405.jpg", "samples/CAM_BACK/n008-2018-08-28-13-40-50-0400__CAM_BACK__1535478698687558.jpg", "samples/CAM_BACK_RIGHT/n008-2018-08-28-13-40-50-0400__CAM_BACK_RIGHT__1535478698678113.jpg"], "intrinsics": [[[1257.8625342125129, 0.0, 827.2410631095686], [0.0, 1257.8625342125129, 450.915498205774], [0.0, 0.0, 1.0]], [[1252.8131021185304, 0.0, 826.588114781398], [0.0, 1252.8131021185304, 469.9846626224581], [0.0, 0.0, 1.0]], [[1256.7485116440405, 0.0, 817.7887570959712], [0.0, 1256.7485116440403, 451.9541780095127], [0.0, 0.0, 1.0]], [[1254.9860565800168, 0.0, 829.5769333630991], [0.0, 1254.9860565800168, 467.1680561863987], [0.0, 0.0, 1.0]], [[796.8910634503094, 0.0, 857.7774326863696], [0.0, 796.8910634503094, 476.8848988407415], [0.0, 0.0, 1.0]], [[1249.9629280788233, 0.0, 825.3768045375984], [0.0, 1249.9629280788233, 462.54816385708756], [0.0, 0.0, 1.0]]], "extrinsics": [[[0.8226295113563538, -0.5684937834739685, -0.009775449521839619, -0.6650390625], [0.00028921785997226834, 0.017611190676689148, -0.9998448491096497, 1.4883613586425781], [0.568577766418457, 0.8224990963935852, 0.01465190201997757, -1.10205078125], [0.0, 0.0, 0.0, 1.0]], [[0.010404057800769806, -0.9998549222946167, -0.013485428877174854, 0.011474609375], [0.0024019828997552395, 0.013511110097169876, -0.9999058246612549, 1.480947494506836], [0.9999428987503052, 0.010370702482759953, 0.0025422058533877134, -1.39447021484375], [0.0, 0.0, 0.0, 1.0]], [[-0.8439440727233887, -0.5363084673881531, -0.011478893458843231, 0.867919921875], [0.010525114834308624, 0.004839595407247543, -0.9999328851699829, 1.495854377746582], [0.5363280773162842, -0.844008207321167, 0.0015603599604219198, -1.1336669921875], [0.0, 0.0, 0.0, 1.0]], [[0.9478389620780945, 0.31866151094436646, -0.007496494799852371, -1.1300048828125], [-0.014655841514468193, 0.02007521502673626, -0.9996910095214844, 1.5618247985839844], [-0.3184126019477844, 0.947655975818634, 0.02369832433760166, -0.1610107421875], [0.0, 0.0, 0.0, 1.0]], [[0.009191484190523624, 0.9998809099197388, 0.012395722791552544, -0.0286865234375], [-0.012598265893757343, 0.0125110549852252, -0.9998423457145691, 1.5667123794555664], [-0.9998783469200134, 0.009033849462866783, 0.012711761519312859, -0.06182861328125], [0.0, 0.0, 0.0, 1.0]], [[-0.9237921833992004, 0.38287389278411865, 0.003947843331843615, 0.9806976318359375], [-0.008502603508532047, -0.010204778984189034, -0.9999117851257324, 1.5461769104003906], [-0.38279980421066284, -0.923744261264801, 0.012682519853115082, -0.1165771484375], [0.0, 0.0, 0.0, 1.0]]], "view": [[0.0, -2.0, 100.0], [-2.0, 0.0, 100.0], [0.0, 0.0, 1.0]], "bev": "bev_a3883ac1f0b44db2a27d47370dc8e14d.png", "aux": "aux_a3883ac1f0b44db2a27d47370dc8e14d.npz", "visibility": "visibility_a3883ac1f0b44db2a27d47370dc8e14d.png", "pose": [[0.878229022026062, 0.47824031114578247, 0.0, 1460.2664794921875], [-0.47824031114578247, 0.878229022026062, 0.0, 1387.6351318359375], [0.0, 0.0, 1.0, 0.0], [0.0, 0.0, 0.0, 1.0]], "pose_inverse": [[0.878229022026062, -0.47824031114578247, 0.0, -618.8253173828125], [0.47824031114578247, 0.878229022026062, 0.0, -1917.019775390625], [0.0, 0.0, 1.0, 0.0], [0.0, 0.0, 0.0, 1.0]], "cam_ids": [0, 1, 2, 3, 4, 5], "cam_channels": ["CAM_FRONT_LEFT", "CAM_FRONT", "CAM_FRONT_RIGHT", "CAM_BACK_LEFT", "CAM_BACK", "CAM_BACK_RIGHT"], "token": "a3883ac1f0b44db2a27d47370dc8e14d", "scene": "scene-0506"}, {"images": ["samples/CAM_FRONT_LEFT/n008-2018-08-28-13-40-50-0400__CAM_FRONT_LEFT__1535478699154799.jpg", "samples/CAM_FRONT/n008-2018-08-28-13-40-50-0400__CAM_FRONT__1535478699162404.jpg", "samples/CAM_FRONT_RIGHT/n008-2018-08-28-13-40-50-0400__CAM_FRONT_RIGHT__1535478699170482.jpg", "samples/CAM_BACK_LEFT/n008-2018-08-28-13-40-50-0400__CAM_BACK_LEFT__1535478699197405.jpg", "samples/CAM_BACK/n008-2018-08-28-13-40-50-0400__CAM_BACK__1535478699187558.jpg", "samples/CAM_BACK_RIGHT/n008-2018-08-28-13-40-50-0400__CAM_BACK_RIGHT__1535478699178113.jpg"], "intrinsics": [[[1257.8625342125129, 0.0, 827.2410631095686], [0.0, 1257.8625342125129, 450.915498205774], [0.0, 0.0, 1.0]], [[1252.8131021185304, 0.0, 826.588114781398], [0.0, 1252.8131021185304, 469.9846626224581], [0.0, 0.0, 1.0]], [[1256.7485116440405, 0.0, 817.7887570959712], [0.0, 1256.7485116440403, 451.9541780095127], [0.0, 0.0, 1.0]], [[1254.9860565800168, 0.0, 829.5769333630991], [0.0, 1254.9860565800168, 467.1680561863987], [0.0, 0.0, 1.0]], [[796.8910634503094, 0.0, 857.7774326863696], [0.0, 796.8910634503094, 476.8848988407415], [0.0, 0.0, 1.0]], [[1249.9629280788233, 0.0, 825.3768045375984], [0.0, 1249.9629280788233, 462.54816385708756], [0.0, 0.0, 1.0]]], "extrinsics": [[[0.8224749565124512, -0.5686520338058472, -0.013029173016548157, -0.68157958984375], [-0.0023722017649561167, 0.019476918503642082, -0.9998074769973755, 1.4873008728027344], [0.5687963366508484, 0.8223475813865662, 0.01467031892389059, -1.1142578125], [0.0, 0.0, 0.0, 1.0]], [[0.010125036351382732, -0.9998320937156677, -0.015273390337824821, 0.0115966796875], [-0.0003593172295950353, 0.01527053490281105, -0.9998833537101746, 1.4800071716308594], [0.9999486804008484, 0.010129387490451336, -0.0002046408917522058, -1.412841796875], [0.0, 0.0, 0.0, 1.0]], [[-0.8441102504730225, -0.5360764861106873, -0.009988123551011086, 0.8814697265625], [0.007700989488512278, 0.006504914723336697, -0.9999491572380066, 1.4949779510498047], [0.5361142754554749, -0.8441444039344788, -0.0013625459978356957, -1.142333984375], [0.0, 0.0, 0.0, 1.0]], [[0.9478195905685425, 0.3186594247817993, -0.009702020324766636, -1.1318359375], [-0.01746872067451477, 0.021524250507354736, -0.9996156692504883, 1.5618171691894531], [-0.3183281421661377, 0.9476248621940613, 0.025967679917812347, -0.1602783203125], [0.0, 0.0, 0.0, 1.0]], [[0.009324083104729652, 0.9998599886894226, 0.013896772637963295, -0.0286865234375], [-0.015397081151604652, 0.014039285480976105, -0.9997828602790833, 1.566523551940918], [-0.9998379945755005, 0.00910805631428957, 0.015525829046964645, -0.054931640625], [0.0, 0.0, 0.0, 1.0]], [[-0.9237065315246582, 0.3830341696739197, 0.007150836754590273, 0.9920196533203125], [-0.01131214015185833, -0.008612766861915588, -0.9998989105224609, 1.5457649230957031], [-0.38293373584747314, -0.9236940741539001, 0.012288603000342846, -0.1119384765625], [0.0, 0.0, 0.0, 1.0]]], "view": [[0.0, -2.0, 100.0], [-2.0, 0.0, 100.0], [0.0, 0.0, 1.0]], "bev": "bev_0e0f146752af47e4819d9e810088f306.png", "aux": "aux_0e0f146752af47e4819d9e810088f306.npz", "visibility": "visibility_0e0f146752af47e4819d9e810088f306.png", "pose": [[0.878574788570404, 0.47760483622550964, 0.0, 1464.1962890625], [-0.47760483622550964, 0.878574788570404, 0.0, 1385.4573974609375], [0.0, 0.0, 1.0, 0.0], [0.0, 0.0, 0.0, 1.0]], "pose_inverse": [[0.878574788570404, -0.47760483622550964, 0.0, -624.7047729492188], [0.47760483622550964, 0.878574788570404, 0.0, -1916.53515625], [0.0, 0.0, 1.0, 0.0], [0.0, 0.0, 0.0, 1.0]], "cam_ids": [0, 1, 2, 3, 4, 5], "cam_channels": ["CAM_FRONT_LEFT", "CAM_FRONT", "CAM_FRONT_RIGHT", "CAM_BACK_LEFT", "CAM_BACK", "CAM_BACK_RIGHT"], "token": "0e0f146752af47e4819d9e810088f306", "scene": "scene-0506"}, {"images": ["samples/CAM_FRONT_LEFT/n008-2018-08-28-13-40-50-0400__CAM_FRONT_LEFT__1535478699654799.jpg", "samples/CAM_FRONT/n008-2018-08-28-13-40-50-0400__CAM_FRONT__1535478699662404.jpg", "samples/CAM_FRONT_RIGHT/n008-2018-08-28-13-40-50-0400__CAM_FRONT_RIGHT__1535478699670482.jpg", "samples/CAM_BACK_LEFT/n008-2018-08-28-13-40-50-0400__CAM_BACK_LEFT__1535478699697405.jpg", "samples/CAM_BACK/n008-2018-08-28-13-40-50-0400__CAM_BACK__1535478699687558.jpg", "samples/CAM_BACK_RIGHT/n008-2018-08-28-13-40-50-0400__CAM_BACK_RIGHT__1535478699678113.jpg"], "intrinsics": [[[1257.8625342125129, 0.0, 827.2410631095686], [0.0, 1257.8625342125129, 450.915498205774], [0.0, 0.0, 1.0]], [[1252.8131021185304, 0.0, 826.588114781398], [0.0, 1252.8131021185304, 469.9846626224581], [0.0, 0.0, 1.0]], [[1256.7485116440405, 0.0, 817.7887570959712], [0.0, 1256.7485116440403, 451.9541780095127], [0.0, 0.0, 1.0]], [[1254.9860565800168, 0.0, 829.5769333630991], [0.0, 1254.9860565800168, 467.1680561863987], [0.0, 0.0, 1.0]], [[796.8910634503094, 0.0, 857.7774326863696], [0.0, 796.8910634503094, 476.8848988407415], [0.0, 0.0, 1.0]], [[1249.9629280788233, 0.0, 825.3768045375984], [0.0, 1249.9629280788233, 462.54816385708756], [0.0, 0.0, 1.0]]], "extrinsics": [[[0.8222546577453613, -0.5690134763717651, -0.010996119119226933, -0.690673828125], [-7.28318264009431e-05, 0.01921606808900833, -0.9998153448104858, 1.4882278442382812], [0.5691196918487549, 0.8221036195755005, 0.0157590601593256, -1.118408203125], [0.0, 0.0, 0.0, 1.0]], [[0.009633040986955166, -0.9998390674591064, -0.015134330838918686, 0.0098876953125], [0.0019469745457172394, 0.015153760090470314, -0.999883234500885, 1.4807567596435547], [0.9999516606330872, 0.00960247591137886, 0.0020926378201693296, -1.41937255859375], [0.0, 0.0, 0.0, 1.0]], [[-0.8444110155105591, -0.5355620384216309, -0.01197242084890604, 0.883544921875], [0.0100368931889534, 0.006528280209749937, -0.9999282956123352, 1.4955329895019531], [0.5356018543243408, -0.8444706797599792, -0.00013717346882913262, -1.14501953125], [0.0, 0.0, 0.0, 1.0]], [[0.9478553533554077, 0.3186124265193939, -0.007510380819439888, -1.128662109375], [-0.01534274686127901, 0.022080237045884132, -0.9996384382247925, 1.5617923736572266], [-0.31833142042160034, 0.9476278424263, 0.0258172620087862, -0.1614990234375], [0.0, 0.0, 0.0, 1.0]], [[0.009550167247653008, 0.9998525381088257, 0.014272877015173435, -0.0283203125], [-0.013248007744550705, 0.014398787170648575, -0.9998085498809814, 1.5667304992675781], [-0.9998666644096375, 0.009359225630760193, 0.013383565470576286, -0.0557861328125], [0.0, 0.0, 0.0, 1.0]], [[-0.9235476851463318, 0.3834499418735504, 0.0050856564193964005, 0.9933929443359375], [-0.009011100977659225, -0.00844155065715313, -0.9999237656593323, 1.5461921691894531], [-0.3833778202533722, -0.9235230088233948, 0.0112514803186059, -0.1121826171875], [0.0, 0.0, 0.0, 1.0]]], "view": [[0.0, -2.0, 100.0], [-2.0, 0.0, 100.0], [0.0, 0.0, 1.0]], "bev": "bev_b2f3bfa1e0dd425eb49397de953feab8.png", "aux": "aux_b2f3bfa1e0dd425eb49397de953feab8.npz", "visibility": "visibility_b2f3bfa1e0dd425eb49397de953feab8.png", "pose": [[0.8802518844604492, 0.4745067059993744, 0.0, 1467.9993896484375], [-0.4745067059993744, 0.8802518844604492, 0.0, 1383.371337890625], [0.0, 0.0, 1.0, 0.0], [0.0, 0.0, 0.0, 1.0]], "pose_inverse": [[0.8802518844604492, -0.4745067059993744, 0.0, -635.790283203125], [0.4745067059993744, 0.8802518844604492, 0.0, -1914.290771484375], [0.0, 0.0, 1.0, 0.0], [0.0, 0.0, 0.0, 1.0]], "cam_ids": [0, 1, 2, 3, 4, 5], "cam_channels": ["CAM_FRONT_LEFT", "CAM_FRONT", "CAM_FRONT_RIGHT", "CAM_BACK_LEFT", "CAM_BACK", "CAM_BACK_RIGHT"], "token": "b2f3bfa1e0dd425eb49397de953feab8", "scene": "scene-0506"}, {"images": ["samples/CAM_FRONT_LEFT/n008-2018-08-28-13-40-50-0400__CAM_FRONT_LEFT__1535478700154799.jpg", "samples/CAM_FRONT/n008-2018-08-28-13-40-50-0400__CAM_FRONT__1535478700162404.jpg", "samples/CAM_FRONT_RIGHT/n008-2018-08-28-13-40-50-0400__CAM_FRONT_RIGHT__1535478700170482.jpg", "samples/CAM_BACK_LEFT/n008-2018-08-28-13-40-50-0400__CAM_BACK_LEFT__1535478700200761.jpg", "samples/CAM_BACK/n008-2018-08-28-13-40-50-0400__CAM_BACK__1535478700187558.jpg", "samples/CAM_BACK_RIGHT/n008-2018-08-28-13-40-50-0400__CAM_BACK_RIGHT__1535478700178113.jpg"], "intrinsics": [[[1257.8625342125129, 0.0, 827.2410631095686], [0.0, 1257.8625342125129, 450.915498205774], [0.0, 0.0, 1.0]], [[1252.8131021185304, 0.0, 826.588114781398], [0.0, 1252.8131021185304, 469.9846626224581], [0.0, 0.0, 1.0]], [[1256.7485116440405, 0.0, 817.7887570959712], [0.0, 1256.7485116440403, 451.9541780095127], [0.0, 0.0, 1.0]], [[1254.9860565800168, 0.0, 829.5769333630991], [0.0, 1254.9860565800168, 467.1680561863987], [0.0, 0.0, 1.0]], [[796.8910634503094, 0.0, 857.7774326863696], [0.0, 796.8910634503094, 476.8848988407415], [0.0, 0.0, 1.0]], [[1249.9629280788233, 0.0, 825.3768045375984], [0.0, 1249.9629280788233, 462.54816385708756], [0.0, 0.0, 1.0]]], "extrinsics": [[[0.8225282430648804, -0.5685639381408691, -0.013506876304745674, -0.70172119140625], [-0.0016049587866291404, 0.0214287880808115, -0.9997690916061401, 1.4876327514648438], [0.5687220096588135, 0.8223599791526794, 0.016713259741663933, -1.127685546875], [0.0, 0.0, 0.0, 1.0]], [[0.010245336219668388, -0.9997976422309875, -0.01731094904243946, 0.01123046875], [0.0005378531641326845, 0.01731736585497856, -0.9998499155044556, 1.4802780151367188], [0.9999474287033081, 0.010234514251351357, 0.000715168658643961, -1.432373046875], [0.0, 0.0, 0.0, 1.0]], [[-0.8440293073654175, -0.536163330078125, -0.011977743357419968, 0.893798828125], [0.008730142377316952, 0.008595041930675507, -0.9999249577522278, 1.495096206665039], [0.5362260341644287, -0.844070553779602, -0.0025736859533935785, -1.1502685546875], [0.0, 0.0, 0.0, 1.0]], [[0.9478404521942139, 0.31865257024765015, -0.007688353769481182, -1.1607666015625], [-0.016027960926294327, 0.023557687178254128, -0.9995940327644348, 1.5623359680175781], [-0.31834208965301514, 0.9475787281990051, 0.027436278760433197, -0.150390625], [0.0, 0.0, 0.0, 1.0]], [[0.00926380418241024, 0.9998292326927185, 0.0159904807806015, -0.0286865234375], [-0.014177659526467323, 0.01612088643014431, -0.9997695088386536, 1.5667457580566406], [-0.9998565912246704, 0.009034909307956696, 0.014324579387903214, -0.04766845703125], [0.0, 0.0, 0.0, 1.0]], [[-0.9237491488456726, 0.38293567299842834, 0.006909264251589775, 1.002349853515625], [-0.010183757171034813, -0.006524538155645132, -0.9999268651008606, 1.54608154296875], [-0.38286253809928894, -0.923751950263977, 0.00992676056921482, -0.107666015625], [0.0, 0.0, 0.0, 1.0]]], "view": [[0.0, -2.0, 100.0], [-2.0, 0.0, 100.0], [0.0, 0.0, 1.0]], "bev": "bev_0d7820f16023464fa316d3557ad83ba6.png", "aux": "aux_0d7820f16023464fa316d3557ad83ba6.npz", "visibility": "visibility_0d7820f16023464fa316d3557ad83ba6.png", "pose": [[0.8800310492515564, 0.47491613030433655, 0.0, 1471.7039794921875], [-0.47491613030433655, 0.8800310492515564, 0.0, 1381.3447265625], [0.0, 0.0, 1.0, 0.0], [0.0, 0.0, 0.0, 1.0]], "pose_inverse": [[0.8800310492515564, -0.47491613030433655, 0.0, -639.122314453125], [0.47491613030433655, 0.8800310492515564, 0.0, -1914.562255859375], [0.0, 0.0, 1.0, 0.0], [0.0, 0.0, 0.0, 1.0]], "cam_ids": [0, 1, 2, 3, 4, 5], "cam_channels": ["CAM_FRONT_LEFT", "CAM_FRONT", "CAM_FRONT_RIGHT", "CAM_BACK_LEFT", "CAM_BACK", "CAM_BACK_RIGHT"], "token": "0d7820f16023464fa316d3557ad83ba6", "scene": "scene-0506"}, {"images": ["samples/CAM_FRONT_LEFT/n008-2018-08-28-13-40-50-0400__CAM_FRONT_LEFT__1535478700654799.jpg", "samples/CAM_FRONT/n008-2018-08-28-13-40-50-0400__CAM_FRONT__1535478700662404.jpg", "samples/CAM_FRONT_RIGHT/n008-2018-08-28-13-40-50-0400__CAM_FRONT_RIGHT__1535478700670516.jpg", "samples/CAM_BACK_LEFT/n008-2018-08-28-13-40-50-0400__CAM_BACK_LEFT__1535478700697413.jpg", "samples/CAM_BACK/n008-2018-08-28-13-40-50-0400__CAM_BACK__1535478700687558.jpg", "samples/CAM_BACK_RIGHT/n008-2018-08-28-13-40-50-0400__CAM_BACK_RIGHT__1535478700678113.jpg"], "intrinsics": [[[1257.8625342125129, 0.0, 827.2410631095686], [0.0, 1257.8625342125129, 450.915498205774], [0.0, 0.0, 1.0]], [[1252.8131021185304, 0.0, 826.588114781398], [0.0, 1252.8131021185304, 469.9846626224581], [0.0, 0.0, 1.0]], [[1256.7485116440405, 0.0, 817.7887570959712], [0.0, 1256.7485116440403, 451.9541780095127], [0.0, 0.0, 1.0]], [[1254.9860565800168, 0.0, 829.5769333630991], [0.0, 1254.9860565800168, 467.1680561863987], [0.0, 0.0, 1.0]], [[796.8910634503094, 0.0, 857.7774326863696], [0.0, 796.8910634503094, 476.8848988407415], [0.0, 0.0, 1.0]], [[1249.9629280788233, 0.0, 825.3768045375984], [0.0, 1249.9629280788233, 462.54816385708756], [0.0, 0.0, 1.0]]], "extrinsics": [[[0.8227283358573914, -0.5684072971343994, -0.0055973101407289505, -0.7216796875], [0.007040569093078375, 0.020035848021507263, -0.9997745156288147, 1.4906120300292969], [0.5683912634849548, 0.8225033283233643, 0.020485971122980118, -1.1429443359375], [0.0, 0.0, 0.0, 1.0]], [[0.010423009283840656, -0.9998202919960022, -0.015834584832191467, 0.011962890625], [0.008942468091845512, 0.015928011387586594, -0.9998331665992737, 1.4826164245605469], [0.9999056458473206, 0.010279655456542969, 0.009106877259910107, -1.453857421875], [0.0, 0.0, 0.0, 1.0]], [[-0.8439801335334778, -0.5360670685768127, -0.018158281221985817, 0.9091796875], [0.0169104915112257, 0.007243662606924772, -0.9998307228088379, 1.4967098236083984], [0.5361079573631287, -0.8441444039344788, 0.002951649483293295, -1.1591796875], [0.0, 0.0, 0.0, 1.0]], [[0.9478737115859985, 0.31864413619041443, -0.0010829215170815587, -1.1400146484375], [-0.008677605539560318, 0.022415805608034134, -0.9997110366821289, 1.5620040893554688], [-0.31852784752845764, 0.9476092457771301, 0.024012424051761627, -0.1575927734375], [0.0, 0.0, 0.0, 1.0]], [[0.00922265276312828, 0.999847412109375, 0.014831937849521637, -0.029052734375], [-0.0064638820476830006, 0.014891867525875568, -0.9998682141304016, 1.567514419555664], [-0.999936580657959, 0.009125558659434319, 0.006600239314138889, -0.03765869140625], [0.0, 0.0, 0.0, 1.0]], [[-0.9237279295921326, 0.3830479085445404, -0.0009694048785604537, 1.01531982421875], [-0.0021920872386544943, -0.007816947996616364, -0.9999670386314392, 1.5474853515625], [-0.3830427825450897, -0.9236953854560852, 0.008060408756136894, -0.1016845703125], [0.0, 0.0, 0.0, 1.0]]], "view": [[0.0, -2.0, 100.0], [-2.0, 0.0, 100.0], [0.0, 0.0, 1.0]], "bev": "bev_c3c295215cb7491a81a871a8f1a19a5c.png", "aux": "aux_c3c295215cb7491a81a871a8f1a19a5c.npz", "visibility": "visibility_c3c295215cb7491a81a871a8f1a19a5c.png", "pose": [[0.8800879716873169, 0.4748106300830841, 0.0, 1475.2386474609375], [-0.4748106300830841, 0.8800879716873169, 0.0, 1379.3804931640625], [0.0, 0.0, 1.0, 0.0], [0.0, 0.0, 0.0, 1.0]], "pose_inverse": [[0.8800879716873169, -0.4748106300830841, 0.0, -643.3953247070312], [0.4748106300830841, 0.8800879716873169, 0.0, -1914.4351806640625], [0.0, 0.0, 1.0, 0.0], [0.0, 0.0, 0.0, 1.0]], "cam_ids": [0, 1, 2, 3, 4, 5], "cam_channels": ["CAM_FRONT_LEFT", "CAM_FRONT", "CAM_FRONT_RIGHT", "CAM_BACK_LEFT", "CAM_BACK", "CAM_BACK_RIGHT"], "token": "c3c295215cb7491a81a871a8f1a19a5c", "scene": "scene-0506"}, {"images": ["samples/CAM_FRONT_LEFT/n008-2018-08-28-13-40-50-0400__CAM_FRONT_LEFT__1535478701154799.jpg", "samples/CAM_FRONT/n008-2018-08-28-13-40-50-0400__CAM_FRONT__1535478701162404.jpg", "samples/CAM_FRONT_RIGHT/n008-2018-08-28-13-40-50-0400__CAM_FRONT_RIGHT__1535478701170482.jpg", "samples/CAM_BACK_LEFT/n008-2018-08-28-13-40-50-0400__CAM_BACK_LEFT__1535478701197405.jpg", "samples/CAM_BACK/n008-2018-08-28-13-40-50-0400__CAM_BACK__1535478701187558.jpg", "samples/CAM_BACK_RIGHT/n008-2018-08-28-13-40-50-0400__CAM_BACK_RIGHT__1535478701178113.jpg"], "intrinsics": [[[1257.8625342125129, 0.0, 827.2410631095686], [0.0, 1257.8625342125129, 450.915498205774], [0.0, 0.0, 1.0]], [[1252.8131021185304, 0.0, 826.588114781398], [0.0, 1252.8131021185304, 469.9846626224581], [0.0, 0.0, 1.0]], [[1256.7485116440405, 0.0, 817.7887570959712], [0.0, 1256.7485116440403, 451.9541780095127], [0.0, 0.0, 1.0]], [[1254.9860565800168, 0.0, 829.5769333630991], [0.0, 1254.9860565800168, 467.1680561863987], [0.0, 0.0, 1.0]], [[796.8910634503094, 0.0, 857.7774326863696], [0.0, 796.8910634503094, 476.8848988407415], [0.0, 0.0, 1.0]], [[1249.9629280788233, 0.0, 825.3768045375984], [0.0, 1249.9629280788233, 462.54816385708756], [0.0, 0.0, 1.0]]], "extrinsics": [[[0.8220611214637756, -0.5693926811218262, -0.002749489154666662, -0.71563720703125], [0.00832109060138464, 0.01684154011309147, -0.9998235702514648, 1.4911918640136719], [0.5693385601043701, 0.8218930959701538, 0.018582740798592567, -1.1348876953125], [0.0, 0.0, 0.0, 1.0]], [[0.009735610336065292, -0.9998722076416016, -0.012683096341788769, 0.0098876953125], [0.010167531669139862, 0.012782025150954723, -0.9998666048049927, 1.4830780029296875], [0.9999008774757385, 0.009605351835489273, 0.010290672071278095, -1.44622802734375], [0.0, 0.0, 0.0, 1.0]], [[-0.8440802693367004, -0.535930335521698, -0.017522864043712616, 0.904052734375], [0.01811404712498188, 0.004161221906542778, -0.9998272061347961, 1.497091293334961], [0.5359106659889221, -0.8442519903182983, 0.006195461843162775, -1.15673828125], [0.0, 0.0, 0.0, 1.0]], [[0.9478800296783447, 0.31862589716911316, -0.0009534643613733351, -1.14501953125], [-0.0075721777975559235, 0.019534699618816376, -0.9997804760932922, 1.5620555877685547], [-0.3185373544692993, 0.9476792216300964, 0.0209292434155941, -0.1558837890625], [0.0, 0.0, 0.0, 1.0]], [[0.009285171516239643, 0.9998862147331238, 0.011890266090631485, -0.02880859375], [-0.005328797269612551, 0.01194008719176054, -0.9999144673347473, 1.56