[{"images": ["samples/CAM_FRONT_LEFT/n008-2018-08-22-15-53-49-0400__CAM_FRONT_LEFT__1534968246354799.jpg", "samples/CAM_FRONT/n008-2018-08-22-15-53-49-0400__CAM_FRONT__1534968246362404.jpg", "samples/CAM_FRONT_RIGHT/n008-2018-08-22-15-53-49-0400__CAM_FRONT_RIGHT__1534968246370482.jpg", "samples/CAM_BACK_LEFT/n008-2018-08-22-15-53-49-0400__CAM_BACK_LEFT__1534968246397405.jpg", "samples/CAM_BACK/n008-2018-08-22-15-53-49-0400__CAM_BACK__1534968246387558.jpg", "samples/CAM_BACK_RIGHT/n008-2018-08-22-15-53-49-0400__CAM_BACK_RIGHT__1534968246378113.jpg"], "intrinsics": [[[1257.8625342125129, 0.0, 827.2410631095686], [0.0, 1257.8625342125129, 450.915498205774], [0.0, 0.0, 1.0]], [[1252.8131021185304, 0.0, 826.588114781398], [0.0, 1252.8131021185304, 469.9846626224581], [0.0, 0.0, 1.0]], [[1256.7485116440405, 0.0, 817.7887570959712], [0.0, 1256.7485116440403, 451.9541780095127], [0.0, 0.0, 1.0]], [[1254.9860565800168, 0.0, 829.5769333630991], [0.0, 1254.9860565800168, 467.1680561863987], [0.0, 0.0, 1.0]], [[796.8910634503094, 0.0, 857.7774326863696], [0.0, 796.8910634503094, 476.8848988407415], [0.0, 0.0, 1.0]], [[1249.9629280788233, 0.0, 825.3768045375984], [0.0, 1249.9629280788233, 462.54816385708756], [0.0, 0.0, 1.0]]], "extrinsics": [[[0.8226441144943237, -0.5685536861419678, 0.0018598739989101887, -0.9805908203125], [-0.00427345372736454, -0.009454349987208843, -0.9999461770057678, 1.4881744384765625], [0.568540632724762, 0.8225919604301453, -0.010207253508269787, -1.31689453125], [0.0, 0.0, 0.0, 1.0]], [[0.01040632277727127, -0.9998541474342346, 0.013543959707021713, 0.00592041015625], [-0.002322564832866192, -0.013568825088441372, -0.9999052882194519, 1.4801149368286133], [0.999943196773529, 0.010373879224061966, -0.0024634276051074266, -1.71044921875], [0.0, 0.0, 0.0, 1.0]], [[-0.8439832329750061, -0.5363221764564514, 0.007139664608985186, 1.0751953125], [0.005690550431609154, -0.02226368337869644, -0.9997358918190002, 1.4931831359863281], [0.5363395810127258, -0.8437196612358093, 0.021842140704393387, -1.267578125], [0.0, 0.0, 0.0, 1.0]], [[0.9477927088737488, 0.3181990087032318, -0.02094065025448799, -1.14404296875], [-0.019704774022102356, -0.007102529983967543, -0.9997806549072266, 1.5620460510253906], [-0.3182779550552368, 0.9479973316192627, -0.00046168582048267126, -0.1559906005859375], [0.0, 0.0, 0.0, 1.0]], [[0.00924460869282484, 0.9998478889465332, -0.014791643247008324, -0.02886962890625], [-0.01758730225265026, -0.014627412892878056, -0.9997382760047913, 1.5679397583007812], [-0.9998026490211487, 0.009502336382865906, 0.017449399456381798, 0.037841796875], [0.0, 0.0, 0.0, 1.0]], [[-0.9237670302391052, 0.3829498887062073, -0.0019399136072024703, 1.1485595703125], [-0.013377254828810692, -0.037330880761146545, -0.9992133975028992, 1.5476417541503906], [-0.38272103667259216, -0.9230145215988159, 0.039607856422662735, -0.0484619140625], [0.0, 0.0, 0.0, 1.0]]], "view": [[0.0, -2.0, 100.0], [-2.0, 0.0, 100.0], [0.0, 0.0, 1.0]], "bev": "bev_097c7295f13a4746a2c46d036c21bd3e.png", "aux": "aux_097c7295f13a4746a2c46d036c21bd3e.npz", "visibility": "visibility_097c7295f13a4746a2c46d036c21bd3e.png", "pose": [[0.9983091354370117, -0.058128472417593, 0.0, 2271.38427734375], [0.058128472417593, 0.9983091354370117, 0.0, 877.1826782226562], [0.0, 0.0, 1.0, 0.0], [0.0, 0.0, 0.0, 1.0]], "pose_inverse": [[0.9983091354370117, 0.058128472417593, 0.0, -2318.532958984375], [-0.058128472417593, 0.9983091354370117, 0.0, -743.6673583984375], [0.0, 0.0, 1.0, 0.0], [0.0, 0.0, 0.0, 1.0]], "cam_ids": [0, 1, 2, 3, 4, 5], "cam_channels": ["CAM_FRONT_LEFT", "CAM_FRONT", "CAM_FRONT_RIGHT", "CAM_BACK_LEFT", "CAM_BACK", "CAM_BACK_RIGHT"], "token": "097c7295f13a4746a2c46d036c21bd3e", "scene": "scene-0332"}, {"images": ["samples/CAM_FRONT_LEFT/n008-2018-08-22-15-53-49-0400__CAM_FRONT_LEFT__1534968246904799.jpg", "samples/CAM_FRONT/n008-2018-08-22-15-53-49-0400__CAM_FRONT__1534968246912404.jpg", "samples/CAM_FRONT_RIGHT/n008-2018-08-22-15-53-49-0400__CAM_FRONT_RIGHT__1534968246920482.jpg", "samples/CAM_BACK_LEFT/n008-2018-08-22-15-53-49-0400__CAM_BACK_LEFT__1534968246947405.jpg", "samples/CAM_BACK/n008-2018-08-22-15-53-49-0400__CAM_BACK__1534968246937924.jpg", "samples/CAM_BACK_RIGHT/n008-2018-08-22-15-53-49-0400__CAM_BACK_RIGHT__1534968246928113.jpg"], "intrinsics": [[[1257.8625342125129, 0.0, 827.2410631095686], [0.0, 1257.8625342125129, 450.915498205774], [0.0, 0.0, 1.0]], [[1252.8131021185304, 0.0, 826.588114781398], [0.0, 1252.8131021185304, 469.9846626224581], [0.0, 0.0, 1.0]], [[1256.7485116440405, 0.0, 817.7887570959712], [0.0, 1256.7485116440403, 451.9541780095127], [0.0, 0.0, 1.0]], [[1254.9860565800168, 0.0, 829.5769333630991], [0.0, 1254.9860565800168, 467.1680561863987], [0.0, 0.0, 1.0]], [[796.8910634503094, 0.0, 857.7774326863696], [0.0, 796.8910634503094, 476.8848988407415], [0.0, 0.0, 1.0]], [[1249.9629280788233, 0.0, 825.3768045375984], [0.0, 1249.9629280788233, 462.54816385708756], [0.0, 0.0, 1.0]]], "extrinsics": [[[0.8225687146186829, -0.5686584711074829, 0.002885173074901104, -0.998779296875], [-0.003205424640327692, -0.009710052981972694, -0.999947726726532, 1.4882707595825195], [0.568656861782074, 0.8225163817405701, -0.009809974581003189, -1.3291015625], [0.0, 0.0, 0.0, 1.0]], [[0.010288789868354797, -0.9998517036437988, 0.01380767859518528, 0.0054931640625], [-0.0012338422238826752, -0.013821092434227467, -0.9999037384986877, 1.4801607131958008], [0.9999462366104126, 0.010270770639181137, -0.0013758620480075479, -1.728515625], [0.0, 0.0, 0.0, 1.0]], [[-0.8440305590629578, -0.536257803440094, 0.00632698368281126, 1.086669921875], [0.006805238779634237, -0.02250608429312706, -0.999723494052887, 1.4931057691574097], [0.5362519025802612, -0.8437541127204895, 0.02264518477022648, -1.27496337890625], [0.0, 0.0, 0.0, 1.0]], [[0.9478044509887695, 0.3182305693626404, -0.01990271359682083, -1.1435546875], [-0.018537253141403198, -0.0073188128881156445, -0.9998013377189636, 1.562042236328125], [-0.3183130919933319, 0.9479851126670837, -0.0010376820573583245, -0.15616226196289062], [0.0, 0.0, 0.0, 1.0]], [[0.009271440096199512, 0.9998444318771362, -0.015007199719548225, -0.02880859375], [-0.01642213761806488, -0.014853574335575104, -0.999754786491394, 1.5680389404296875], [-0.9998222589492798, 0.009515619836747646, 0.016281869262456894, 0.04248046875], [0.0, 0.0, 0.0, 1.0]], [[-0.9237460494041443, 0.38299310207366943, -0.0030819284729659557, 1.1573486328125], [-0.012238713912665844, -0.0375593863427639, -0.9992194771766663, 1.5477676391601562], [-0.38280993700027466, -0.9229873418807983, 0.039382677525281906, -0.045166015625], [0.0, 0.0, 0.0, 1.0]]], "view": [[0.0, -2.0, 100.0], [-2.0, 0.0, 100.0], [0.0, 0.0, 1.0]], "bev": "bev_2bb5509e49344af9a6dd61dddab5a859.png", "aux": "aux_2bb5509e49344af9a6dd61dddab5a859.npz", "visibility": "visibility_2bb5509e49344af9a6dd61dddab5a859.png", "pose": [[0.9984865188598633, -0.054997190833091736, 0.0, 2271.59375], [0.054997190833091736, 0.9984865188598633, 0.0, 877.190673828125], [0.0, 0.0, 1.0, 0.0], [0.0, 0.0, 0.0, 1.0]], "pose_inverse": [[0.9984865188598633, 0.054997190833091736, 0.0, -2316.398681640625], [-0.054997190833091736, 0.9984865188598633, 0.0, -750.9317626953125], [0.0, 0.0, 1.0, 0.0], [0.0, 0.0, 0.0, 1.0]], "cam_ids": [0, 1, 2, 3, 4, 5], "cam_channels": ["CAM_FRONT_LEFT", "CAM_FRONT", "CAM_FRONT_RIGHT", "CAM_BACK_LEFT", "CAM_BACK", "CAM_BACK_RIGHT"], "token": "2bb5509e49344af9a6dd61dddab5a859", "scene": "scene-0332"}, {"images": ["samples/CAM_FRONT_LEFT/n008-2018-08-22-15-53-49-0400__CAM_FRONT_LEFT__1534968247404799.jpg", "samples/CAM_FRONT/n008-2018-08-22-15-53-49-0400__CAM_FRONT__1534968247412404.jpg", "samples/CAM_FRONT_RIGHT/n008-2018-08-22-15-53-49-0400__CAM_FRONT_RIGHT__1534968247420482.jpg", "samples/CAM_BACK_LEFT/n008-2018-08-22-15-53-49-0400__CAM_BACK_LEFT__1534968247447405.jpg", "samples/CAM_BACK/n008-2018-08-22-15-53-49-0400__CAM_BACK__1534968247437558.jpg", "samples/CAM_BACK_RIGHT/n008-2018-08-22-15-53-49-0400__CAM_BACK_RIGHT__1534968247428121.jpg"], "intrinsics": [[[1257.8625342125129, 0.0, 827.2410631095686], [0.0, 1257.8625342125129, 450.915498205774], [0.0, 0.0, 1.0]], [[1252.8131021185304, 0.0, 826.588114781398], [0.0, 1252.8131021185304, 469.9846626224581], [0.0, 0.0, 1.0]], [[1256.7485116440405, 0.0, 817.7887570959712], [0.0, 1256.7485116440403, 451.9541780095127], [0.0, 0.0, 1.0]], [[1254.9860565800168, 0.0, 829.5769333630991], [0.0, 1254.9860565800168, 467.1680561863987], [0.0, 0.0, 1.0]], [[796.8910634503094, 0.0, 857.7774326863696], [0.0, 796.8910634503094, 476.8848988407415], [0.0, 0.0, 1.0]], [[1249.9629280788233, 0.0, 825.3768045375984], [0.0, 1249.9629280788233, 462.54816385708756], [0.0, 0.0, 1.0]]], "extrinsics": [[[0.8224098682403564, -0.5688899159431458, 0.002547103213146329, -1.0035400390625], [-0.003485587425529957, -0.009515996091067791, -0.9999486207962036, 1.488290786743164], [0.5688849091529846, 0.8223586678504944, -0.009808965027332306, -1.3326416015625], [0.0, 0.0, 0.0, 1.0]], [[0.010062667541205883, -0.9998565316200256, 0.013628406450152397, 0.00555419921875], [-0.0014882865361869335, -0.013644056394696236, -0.9999058246612549, 1.4801654815673828], [0.999948263168335, 0.0100414352491498, -0.0016253682551905513, -1.7333984375], [0.0, 0.0, 0.0, 1.0]], [[-0.8441234827041626, -0.5361103415489197, 0.006428231950849295, 1.090087890625], [0.006580604240298271, -0.022348619997501373, -0.9997285604476929, 1.4930833578109741], [0.5361085534095764, -0.8438519835472107, 0.02239292487502098, -1.27716064453125], [0.0, 0.0, 0.0, 1.0]], [[0.9478069543838501, 0.31822270154953003, -0.019908752292394638, -1.144287109375], [-0.01858142390847206, -0.007206248585134745, -0.9998013377189636, 1.5620460510253906], [-0.3183029890060425, 0.9479885697364807, -0.0009171022684313357, -0.15614700317382812], [0.0, 0.0, 0.0, 1.0]], [[0.00933204498142004, 0.9998456239700317, -0.014884412288665771, -0.02886962890625], [-0.01655145362019539, -0.014728573150932789, -0.9997544884681702, 1.5680618286132812], [-0.9998195767402649, 0.009576120413839817, 0.01641145348548889, 0.044189453125], [0.0, 0.0, 0.0, 1.0]], [[-0.9236983060836792, 0.3831096589565277, -0.002865348244085908, 1.159912109375], [-0.012420523911714554, -0.03741993382573128, -0.9992223978042603, 1.5478096008300781], [-0.38291895389556885, -0.9229445457458496, 0.03932315483689308, -0.0438232421875], [0.0, 0.0, 0.0, 1.0]]], "view": [[0.0, -2.0, 100.0], [-2.0, 0.0, 100.0], [0.0, 0.0, 1.0]], "bev": "bev_b92ee1ed90c242d18bce9a8fdbbeb8d8.png", "aux": "aux_b92ee1ed90c242d18bce9a8fdbbeb8d8.npz", "visibility": "visibility_b92ee1ed90c242d18bce9a8fdbbeb8d8.png", "pose": [[0.9985002875328064, -0.05474631488323212, 0.0, 2271.659912109375], [0.05474631488323212, 0.9985002875328064, 0.0, 877.193359375], [0.0, 0.0, 1.0, 0.0], [0.0, 0.0, 0.0, 1.0]], "pose_inverse": [[0.9985002875328064, 0.05474631488323212, 0.0, -2316.276123046875], [-0.05474631488323212, 0.9985002875328064, 0.0, -751.5128173828125], [0.0, 0.0, 1.0, 0.0], [0.0, 0.0, 0.0, 1.0]], "cam_ids": [0, 1, 2, 3, 4, 5], "cam_channels": ["CAM_FRONT_LEFT", "CAM_FRONT", "CAM_FRONT_RIGHT", "CAM_BACK_LEFT", "CAM_BACK", "CAM_BACK_RIGHT"], "token": "b92ee1ed90c242d18bce9a8fdbbeb8d8", "scene": "scene-0332"}, {"images": ["samples/CAM_FRONT_LEFT/n008-2018-08-22-15-53-49-0400__CAM_FRONT_LEFT__1534968247904799.jpg", "samples/CAM_FRONT/n008-2018-08-22-15-53-49-0400__CAM_FRONT__1534968247912404.jpg", "samples/CAM_FRONT_RIGHT/n008-2018-08-22-15-53-49-0400__CAM_FRONT_RIGHT__1534968247920482.jpg", "samples/CAM_BACK_LEFT/n008-2018-08-22-15-53-49-0400__CAM_BACK_LEFT__1534968247947408.jpg", "samples/CAM_BACK/n008-2018-08-22-15-53-49-0400__CAM_BACK__1534968247937558.jpg", "samples/CAM_BACK_RIGHT/n008-2018-08-22-15-53-49-0400__CAM_BACK_RIGHT__1534968247928113.jpg"], "intrinsics": [[[1257.8625342125129, 0.0, 827.2410631095686], [0.0, 1257.8625342125129, 450.915498205774], [0.0, 0.0, 1.0]], [[1252.8131021185304, 0.0, 826.588114781398], [0.0, 1252.8131021185304, 469.9846626224581], [0.0, 0.0, 1.0]], [[1256.7485116440405, 0.0, 817.7887570959712], [0.0, 1256.7485116440403, 451.9541780095127], [0.0, 0.0, 1.0]], [[1254.9860565800168, 0.0, 829.5769333630991], [0.0, 1254.9860565800168, 467.1680561863987], [0.0, 0.0, 1.0]], [[796.8910634503094, 0.0, 857.7774326863696], [0.0, 796.8910634503094, 476.8848988407415], [0.0, 0.0, 1.0]], [[1249.9629280788233, 0.0, 825.3768045375984], [0.0, 1249.9629280788233, 462.54816385708756], [0.0, 0.0, 1.0]]], "extrinsics": [[[0.8225076794624329, -0.5687326788902283, 0.0049328915774822235, -1.0054931640625], [-0.0005251666298136115, -0.0094325952231884, -0.9999553561210632, 1.488295555114746], [0.568753719329834, 0.8224684596061707, -0.008057063445448875, -1.333740234375], [0.0, 0.0, 0.0, 1.0]], [[0.010191177949309349, -0.9998559951782227, 0.013570095412433147, 0.0054931640625], [0.0014216555282473564, -0.013556296937167645, -0.9999070763587952, 1.4801650047302246], [0.9999470114707947, 0.01020952221006155, 0.0012832960346713662, -1.7353515625], [0.0, 0.0, 0.0, 1.0]], [[-0.844061017036438, -0.5362324714660645, 0.003968433476984501, 1.0908203125], [0.00943849515169859, -0.02225516177713871, -0.9997077584266663, 1.4930720329284668], [0.5361641049385071, -0.8437768816947937, 0.023845940828323364, -1.27740478515625], [0.0, 0.0, 0.0, 1.0]], [[0.9478316903114319, 0.31830012798309326, -0.01732441782951355, -1.14404296875], [-0.01589086651802063, -0.007099990267306566, -0.9998485445976257, 1.562042236328125], [-0.318374902009964, 0.9479634165763855, -0.0016715283272787929, -0.15601730346679688], [0.0, 0.0, 0.0, 1.0]], [[0.009276031516492367, 0.9998482465744019, -0.01475121732801199, -0.02880859375], [-0.013795401901006699, -0.014622488059103489, -0.9997978806495667, 1.5680618286132812], [-0.9998618364334106, 0.009477655403316021, 0.013657668605446815, 0.04443359375], [0.0, 0.0, 0.0, 1.0]], [[-0.9237338304519653, 0.3829965591430664, -0.005431502126157284, 1.1607666015625], [-0.009597649797797203, -0.03731924295425415, -0.9992572665214539, 1.5478172302246094], [-0.38291478157043457, -0.9229956269264221, 0.0381489135324955, -0.043701171875], [0.0, 0.0, 0.0, 1.0]]], "view": [[0.0, -2.0, 100.0], [-2.0, 0.0, 100.0], [0.0, 0.0, 1.0]], "bev": "bev_c05110b8ec93423dbf2f39b916f16979.png", "aux": "aux_c05110b8ec93423dbf2f39b916f16979.npz", "visibility": "visibility_c05110b8ec93423dbf2f39b916f16979.png", "pose": [[0.9985046982765198, -0.05466589331626892, 0.0, 2271.651123046875], [0.05466589331626892, 0.9985046982765198, 0.0, 877.190673828125], [0.0, 0.0, 1.0, 0.0], [0.0, 0.0, 0.0, 1.0]], "pose_inverse": [[0.9985046982765198, 0.05466589331626892, 0.0, -2316.206787109375], [-0.05466589331626892, 0.9985046982765198, 0.0, -751.6972045898438], [0.0, 0.0, 1.0, 0.0], [0.0, 0.0, 0.0, 1.0]], "cam_ids": [0, 1, 2, 3, 4, 5], "cam_channels": ["CAM_FRONT_LEFT", "CAM_FRONT", "CAM_FRONT_RIGHT", "CAM_BACK_LEFT", "CAM_BACK", "CAM_BACK_RIGHT"], "token": "c05110b8ec93423dbf2f39b916f16979", "scene": "scene-0332"}, {"images": ["samples/CAM_FRONT_LEFT/n008-2018-08-22-15-53-49-0400__CAM_FRONT_LEFT__1534968248504799.jpg", "samples/CAM_FRONT/n008-2018-08-22-15-53-49-0400__CAM_FRONT__1534968248512411.jpg", "samples/CAM_FRONT_RIGHT/n008-2018-08-22-15-53-49-0400__CAM_FRONT_RIGHT__1534968248520482.jpg", "samples/CAM_BACK_LEFT/n008-2018-08-22-15-53-49-0400__CAM_BACK_LEFT__1534968248547405.jpg", "samples/CAM_BACK/n008-2018-08-22-15-53-49-0400__CAM_BACK__1534968248537558.jpg", "samples/CAM_BACK_RIGHT/n008-2018-08-22-15-53-49-0400__CAM_BACK_RIGHT__1534968248528113.jpg"], "intrinsics": [[[1257.8625342125129, 0.0, 827.2410631095686], [0.0, 1257.8625342125129, 450.915498205774], [0.0, 0.0, 1.0]], [[1252.8131021185304, 0.0, 826.588114781398], [0.0, 1252.8131021185304, 469.9846626224581], [0.0, 0.0, 1.0]], [[1256.7485116440405, 0.0, 817.7887570959712], [0.0, 1256.7485116440403, 451.9541780095127], [0.0, 0.0, 1.0]], [[1254.9860565800168, 0.0, 829.5769333630991], [0.0, 1254.9860565800168, 467.1680561863987], [0.0, 0.0, 1.0]], [[796.8910634503094, 0.0, 857.7774326863696], [0.0, 796.8910634503094, 476.8848988407415], [0.0, 0.0, 1.0]], [[1249.9629280788233, 0.0, 825.3768045375984], [0.0, 1249.9629280788233, 462.54816385708756], [0.0, 0.0, 1.0]]], "extrinsics": [[[0.8225194215774536, -0.5687116980552673, 0.005380106158554554, -1.0047607421875], [5.1711747801164165e-05, -0.00938495621085167, -0.999955952167511, 1.488297462463379], [0.5687371492385864, 0.8224834203720093, -0.007689901161938906, -1.33349609375], [0.0, 0.0, 0.0, 1.0]], [[0.010207601822912693, -0.9998564124107361, 0.013523981906473637, 0.00555419921875], [0.0019933676812797785, -0.013504313305020332, -0.9999068379402161, 1.4801702499389648], [0.9999458193778992, 0.010233609937131405, 0.001855234382674098, -1.734619140625], [0.0, 0.0, 0.0, 1.0]], [[-0.84405118227005, -0.5362513661384583, 0.003464670618996024, 1.0908203125], [0.010000024922192097, -0.02219887264072895, -0.9997035264968872, 1.4930768013000488], [0.5361693501472473, -0.8437663316726685, 0.02409951202571392, -1.2774658203125], [0.0, 0.0, 0.0, 1.0]], [[0.9478374123573303, 0.31831085681915283, -0.016807250678539276, -1.143798828125], [-0.015366976149380207, -0.007035438437014818, -0.9998571872711182, 1.562042236328125], [-0.3183836340904236, 0.9479602575302124, -0.0017769773257896304, -0.15618133544921875], [0.0, 0.0, 0.0, 1.0]], [[0.009267409332096577, 0.999849259853363, -0.014681565575301647, -0.02899169921875], [-0.013249369338154793, -0.014558127149939537, -0.9998062252998352, 1.5680618286132812], [-0.9998692870140076, 0.009460139088332653, 0.01311245746910572, 0.044189453125], [0.0, 0.0, 0.0, 1.0]], [[-0.9237383008003235, 0.3829786777496338, -0.005907176528126001, 1.1605224609375], [-0.00905771553516388, -0.037260014563798904, -0.9992645382881165, 1.5478134155273438], [-0.3829171061515808, -0.9230054020881653, 0.037887413054704666, -0.0438232421875], [0.0, 0.0, 0.0, 1.0]]], "view": [[0.0, -2.0, 100.0], [-2.0, 0.0, 100.0], [0.0, 0.0, 1.0]], "bev": "bev_8398a7b012a04b00a72951ce2792e9d6.png", "aux": "aux_8398a7b012a04b00a72951ce2792e9d6.npz", "visibility": "visibility_8398a7b012a04b00a72951ce2792e9d6.png", "pose": [[0.9985134601593018, -0.05450564622879028, 0.0, 2271.648681640625], [0.05450564622879028, 0.9985134601593018, 0.0, 877.1884765625], [0.0, 0.0, 1.0, 0.0], [0.0, 0.0, 0.0, 1.0]], "pose_inverse": [[0.9985134601593018, 0.05450564622879028, 0.0, -2316.08349609375], [-0.05450564622879028, 0.9985134601593018, 0.0, -752.0668334960938], [0.0, 0.0, 1.0, 0.0], [0.0, 0.0, 0.0, 1.0]], "cam_ids": [0, 1, 2, 3, 4, 5], "cam_channels": ["CAM_FRONT_LEFT", "CAM_FRONT", "CAM_FRONT_RIGHT", "CAM_BACK_LEFT", "CAM_BACK", "CAM_BACK_RIGHT"], "token": "8398a7b012a04b00a72951ce2792e9d6", "scene": "scene-0332"}, {"images": ["samples/CAM_FRONT_LEFT/n008-2018-08-22-15-53-49-0400__CAM_FRONT_LEFT__1534968249004799.jpg", "samples/CAM_FRONT/n008-2018-08-22-15-53-49-0400__CAM_FRONT__1534968249012408.jpg", "samples/CAM_FRONT_RIGHT/n008-2018-08-22-15-53-49-0400__CAM_FRONT_RIGHT__1534968249020482.jpg", "samples/CAM_BACK_LEFT/n008-2018-08-22-15-53-49-0400__CAM_BACK_LEFT__1534968249047405.jpg", "samples/CAM_BACK/n008-2018-08-22-15-53-49-0400__CAM_BACK__1534968249037558.jpg", "samples/CAM_BACK_RIGHT/n008-2018-08-22-15-53-49-0400__CAM_BACK_RIGHT__1534968249028113.jpg"], "intrinsics": [[[1257.8625342125129, 0.0, 827.2410631095686], [0.0, 1257.8625342125129, 450.915498205774], [0.0, 0.0, 1.0]], [[1252.8131021185304, 0.0, 826.588114781398], [0.0, 1252.8131021185304, 469.9846626224581], [0.0, 0.0, 1.0]], [[1256.7485116440405, 0.0, 817.7887570959712], [0.0, 1256.7485116440403, 451.9541780095127], [0.0, 0.0, 1.0]], [[1254.9860565800168, 0.0, 829.5769333630991], [0.0, 1254.9860565800168, 467.1680561863987], [0.0, 0.0, 1.0]], [[796.8910634503094, 0.0, 857.7774326863696], [0.0, 796.8910634503094, 476.8848988407415], [0.0, 0.0, 1.0]], [[1249.9629280788233, 0.0, 825.3768045375984], [0.0, 1249.9629280788233, 462.54816385708756], [0.0, 0.0, 1.0]]], "extrinsics": [[[0.8225160241127014, -0.5687145590782166, 0.005583639722317457, -1.005126953125], [0.00029886735137552023, -0.009385324083268642, -0.9999558925628662, 1.4882960319519043], [0.5687419772148132, 0.8224814534187317, -0.007549611385911703, -1.33349609375], [0.0, 0.0, 0.0, 1.0]], [[0.010202496312558651, -0.9998563528060913, 0.013535487465560436, 0.0054931640625], [0.0022584430407732725, -0.013513116165995598, -0.9999061822891235, 1.4801650047302246], [0.9999454021453857, 0.010232100263237953, 0.0021202522329986095, -1.734375], [0.0, 0.0, 0.0, 1.0]], [[-0.8440518975257874, -0.5362519025802612, 0.003232671180739999, 1.090576171875], [0.01028561219573021, -0.02221585251390934, -0.9997003078460693, 1.493082046508789], [0.5361629724502563, -0.8437656760215759, 0.024267008528113365, -1.2774658203125], [0.0, 0.0, 0.0, 1.0]], [[0.9478404521942139, 0.3183166980743408, -0.016525276005268097, -1.14404296875], [-0.015064878389239311, -0.007049236446619034, -0.9998617172241211, 1.562042236328125], [-0.3183891773223877, 0.94795823097229, -0.0018861466087400913, -0.15613365173339844], [0.0, 0.0, 0.0, 1.0]], [[0.009266422130167484, 0.9998492002487183, -0.014689569361507893, -0.02899169921875], [-0.01296030543744564, -0.014568878337740898, -0.9998098015785217, 1.5680618286132812], [-0.9998731017112732, 0.009455043822526932, 0.012823348864912987, 0.04443359375], [0.0, 0.0, 0.0, 1.0]], [[-0.9237375855445862, 0.38297611474990845, -0.006179300136864185, 1.1607666015625], [-0.008769983425736427, -0.03727629780769348, -0.999266505241394, 1.5478134155273438], [-0.38292551040649414, -0.9230058789253235, 0.03779220953583717, -0.043701171875], [0.0, 0.0, 0.0, 1.0]]], "view": [[0.0, -2.0, 100.0], [-2.0, 0.0, 100.0], [0.0, 0.0, 1.0]], "bev": "bev_d11353f29481498487eef6a6661060a4.png", "aux": "aux_d11353f29481498487eef6a6661060a4.npz", "visibility": "visibility_d11353f29481498487eef6a6661060a4.png", "pose": [[0.9985169172286987, -0.05444272980093956, 0.0, 2271.648681640625], [0.05444272980093956, 0.9985169172286987, 0.0, 877.1871337890625], [0.0, 0.0, 1.0, 0.0], [0.0, 0.0, 0.0, 1.0]], "pose_inverse": [[0.9985169172286987, 0.05444272980093956, 0.0, -2316.0361328125], [-0.05444272980093956, 0.9985169172286987, 0.0, -752.21142578125], [0.0, 0.0, 1.0, 0.0], [0.0, 0.0, 0.0, 1.0]], "cam_ids": [0, 1, 2, 3, 4, 5], "cam_channels": ["CAM_FRONT_LEFT", "CAM_FRONT", "CAM_FRONT_RIGHT", "CAM_BACK_LEFT", "CAM_BACK", "CAM_BACK_RIGHT"], "token": "d11353f29481498487eef6a6661060a4", "scene": "scene-0332"}, {"images": ["samples/CAM_FRONT_LEFT/n008-2018-08-22-15-53-49-0400__CAM_FRONT_LEFT__1534968249504799.jpg", "samples/CAM_FRONT/n008-2018-08-22-15-53-49-0400__CAM_FRONT__1534968249512404.jpg", "samples/CAM_FRONT_RIGHT/n008-2018-08-22-15-53-49-0400__CAM_FRONT_RIGHT__1534968249520482.jpg", "samples/CAM_BACK_LEFT/n008-2018-08-22-15-53-49-0400__CAM_BACK_LEFT__1534968249547405.jpg", "samples/CAM_BACK/n008-2018-08-22-15-53-49-0400__CAM_BACK__1534968249537558.jpg", "samples/CAM_BACK_RIGHT/n008-2018-08-22-15-53-49-0400__CAM_BACK_RIGHT__1534968249528113.jpg"], "intrinsics": [[[1257.8625342125129, 0.0, 827.2410631095686], [0.0, 1257.8625342125129, 450.915498205774], [0.0, 0.0, 1.0]], [[1252.8131021185304, 0.0, 826.588114781398], [0.0, 1252.8131021185304, 469.9846626224581], [0.0, 0.0, 1.0]], [[1256.7485116440405, 0.0, 817.7887570959712], [0.0, 1256.7485116440403, 451.9541780095127], [0.0, 0.0, 1.0]], [[1254.9860565800168, 0.0, 829.5769333630991], [0.0, 1254.9860565800168, 467.1680561863987], [0.0, 0.0, 1.0]], [[796.8910634503094, 0.0, 857.7774326863696], [0.0, 796.8910634503094, 476.8848988407415], [0.0, 0.0, 1.0]], [[1249.9629280788233, 0.0, 825.3768045375984], [0.0, 1249.9629280788233, 462.54816385708756], [0.0, 0.0, 1.0]]], "extrinsics": [[[0.8224926590919495, -0.5687481164932251, 0.005612255074083805, -1.0048828125], [0.00039410433964803815, -0.00929737277328968, -0.9999566674232483, 1.4882941246032715], [0.5687756538391113, 0.8224591612815857, -0.0074228765442967415, -1.33349609375], [0.0, 0.0, 0.0, 1.0]], [[0.010166430845856667, -0.9998580813407898, 0.013432617299258709, 0.00543212890625], [0.0023540696129202843, -0.013409342616796494, -0.9999073147773743, 1.4801673889160156], [0.9999455213546753, 0.01019709836691618, 0.002217410132288933, -1.73486328125], [0.0, 0.0, 0.0, 1.0]], [[-0.8440673351287842, -0.5362284183502197, 0.0030872379429638386, 1.090576171875], [0.010381009429693222, -0.02209615707397461, -0.9997019171714783, 1.4930734634399414], [0.5361368656158447, -0.8437836766242981, 0.024217233061790466, -1.27740478515625], [0.0, 0.0, 0.0, 1.0]], [[0.9478418827056885, 0.3183165192604065, -0.016447167843580246, -1.143798828125], [-0.01501605473458767, -0.006949287373572588, -0.9998630881309509, 1.562042236328125], [-0.3183872401714325, 0.9479590058326721, -0.0018069642828777432, -0.1560840606689453], [0.0, 0.0, 0.0, 1.0]], [[0.009276791475713253, 0.9998505711555481, -0.014589366503059864, -0.02886962890625], [-0.012892866507172585, -0.01446918398141861, -0.999812126159668, 1.5680618286132812], [-0.9998738765716553, 0.009463151916861534, 0.01275671273469925, 0.04443359375], [0.0, 0.0, 0.0, 1.0]], [[-0.923729419708252, 0.3829951286315918, -0.006212574429810047, 1.1607666015625], [-0.008686338551342487, -0.03715941682457924, -0.9992716312408447, 1.5478172302246094], [-0.38294699788093567, -0.9230026602745056, 0.03765207156538963, -0.0435791015625], [0.0, 0.0, 0.0, 1.0]]], "view": [[0.0, -2.0, 100.0], [-2.0, 0.0, 100.0], [0.0, 0.0, 1.0]], "bev": "bev_4135ed4dd5fd46b486b5994b5736c0f6.png", "aux": "aux_4135ed4dd5fd46b486b5994b5736c0f6.npz", "visibility": "visibility_4135ed4dd5fd46b486b5994b5736c0f6.png", "pose": [[0.9985154271125793, -0.05446958914399147, 0.0, 2271.648681640625], [0.05446958914399147, 0.9985154271125793, 0.0, 877.18603515625], [0.0, 0.0, 1.0, 0.0], [0.0, 0.0, 0.0, 1.0]], "pose_inverse": [[0.9985154271125793, 0.05446958914399147, 0.0, -2316.05615234375], [-0.05446958914399147, 0.9985154271125793, 0.0, -752.1480102539062], [0.0, 0.0, 1.0, 0.0], [0.0, 0.0, 0.0, 1.0]], "cam_ids": [0, 1, 2, 3, 4, 5], "cam_channels": ["CAM_FRONT_LEFT", "CAM_FRONT", "CAM_FRONT_RIGHT", "CAM_BACK_LEFT", "CAM_BACK", "CAM_BACK_RIGHT"], "token": "4135ed4dd5fd46b486b5994b5736c0f6", "scene": "scene-0332"}, {"images": ["samples/CAM_FRONT_LEFT/n008-2018-08-22-15-53-49-0400__CAM_FRONT_LEFT__1534968250004799.jpg", "samples/CAM_FRONT/n008-2018-08-22-15-53-49-0400__CAM_FRONT__1534968250012404.jpg", "samples/CAM_FRONT_RIGHT/n008-2018-08-22-15-53-49-0400__CAM_FRONT_RIGHT__1534968250020482.jpg", "samples/CAM_BACK_LEFT/n008-2018-08-22-15-53-49-0400__CAM_BACK_LEFT__1534968250047405.jpg", "samples/CAM_BACK/n008-2018-08-22-15-53-49-0400__CAM_BACK__1534968250037558.jpg", "samples/CAM_BACK_RIGHT/n008-2018-08-22-15-53-49-0400__CAM_BACK_RIGHT__1534968250028113.jpg"], "intrinsics": [[[1257.8625342125129, 0.0, 827.2410631095686], [0.0, 1257.8625342125129, 450.915498205774], [0.0, 0.0, 1.0]], [[1252.8131021185304, 0.0, 826.588114781398], [0.0, 1252.8131021185304, 469.9846626224581], [0.0, 0.0, 1.0]], [[1256.7485116440405, 0.0, 817.7887570959712], [0.0, 1256.7485116440403, 451.9541780095127], [0.0, 0.0, 1.0]], [[1254.9860565800168, 0.0, 829.5769333630991], [0.0, 1254.9860565800168, 467.1680561863987], [0.0, 0.0, 1.0]], [[796.8910634503094, 0.0, 857.7774326863696], [0.0, 796.8910634503094, 476.8848988407415], [0.0, 0.0, 1.0]], [[1249.9629280788233, 0.0, 825.3768045375984], [0.0, 1249.9629280788233, 462.54816385708756], [0.0, 0.0, 1.0]]], "extrinsics": [[[0.8225076794624329, -0.5687265396118164, 0.00558867771178484, -1.0048828125], [0.0004717283009085804, -0.00914401188492775, -0.9999580383300781, 1.488297939300537], [0.5687538385391235, 0.822475790977478, -0.0072527374140918255, -1.333251953125], [0.0, 0.0, 0.0, 1.0]], [[0.010185283608734608, -0.9998598694801331, 0.01327759400010109, 0.0054931640625], [0.002427817555144429, -0.01325351931154728, -0.9999092221260071, 1.4801645278930664], [0.9999451041221619, 0.010216588154435158, 0.002292486373335123, -1.73486328125], [0.0, 0.0, 0.0, 1.0]], [[-0.8440601825714111, -0.53624027967453, 0.0029412605799734592, 1.090576171875], [0.010452579706907272, -0.02193605899810791, -0.9997047185897827, 1.493074893951416], [0.5361465215682983, -0.8437803387641907, 0.024120451882481575, -1.27740478515625], [0.0, 0.0, 0.0, 1.0]], [[0.9478422403335571, 0.3183220326900482, -0.016314446926116943, -1.14404296875], [-0.014941192232072353, -0.0067552970722317696, -0.9998655319213867, 1.5620384216308594], [-0.3183894753456116, 0.9479585289955139, -0.001646847347728908, -0.15611648559570312], [0.0, 0.0, 0.0, 1.0]], [[0.0092721376568079, 0.9998531937599182, -0.014409862458705902, -0.02886962890625], [-0.012816762551665306, -0.014290464110672474, -0.9998157024383545, 1.5680656433105469], [-0.9998747706413269, 0.009455121122300625, 0.012682377360761166, 0.04443359375], [0.0, 0.0, 0.0, 1.0]], [[-0.9237327575683594, 0.3829869329929352, -0.006221258547157049, 1.16064453125], [-0.00860646367073059, -0.03699040785431862, -0.9992785453796387, 1.5478134155273438], [-0.3829406797885895, -0.9230127930641174, 0.0374654158949852, -0.0435791015625], [0.0, 0.0, 0.0, 1.0]]], "view": [[0.0, -2.0, 100.0], [-2.0, 0.0, 100.0], [0.0, 0.0, 1.0]], "bev": "bev_70ea11fab78d40d89ee2915fcc20bd9a.png", "aux": "aux_70ea11fab78d40d89ee2915fcc20bd9a.npz", "visibility": "visibility_70ea11fab78d40d89ee2915fcc20bd9a.png", "pose": [[0.9985138177871704, -0.05449863150715828, 0.0, 2271.648681640625], [0.05449863150715828, 0.9985138177871704, 0.0, 877.1851196289062], [0.0, 0.0, 1.0, 0.0], [0.0, 0.0, 0.0, 1.0]], "pose_inverse": [[0.9985138177871704, 0.05449863150715828, 0.0, -2316.078125], [-0.05449863150715828, 0.9985138177871704, 0.0, -752.0797119140625], [0.0, 0.0, 1.0, 0.0], [0.0, 0.0, 0.0, 1.0]], "cam_ids": [0, 1, 2, 3, 4, 5], "cam_channels": ["CAM_FRONT_LEFT", "CAM_FRONT", "CAM_FRONT_RIGHT", "CAM_BACK_LEFT", "CAM_BACK", "CAM_BACK_RIGHT"], "token": "70ea11fab78d40d89ee2915fcc20bd9a", "scene": "scene-0332"}, {"images": ["samples/CAM_FRONT_LEFT/n008-2018-08-22-15-53-49-0400__CAM_FRONT_LEFT__1534968250504799.jpg", "samples/CAM_FRONT/n008-2018-08-22-15-53-49-0400__CAM_FRONT__1534968250512404.jpg", "samples/CAM_FRONT_RIGHT/n008-2018-08-22-15-53-49-0400__CAM_FRONT_RIGHT__1534968250520482.jpg", "samples/CAM_BACK_LEFT/n008-2018-08-22-15-53-49-0400__CAM_BACK_LEFT__1534968250547405.jpg", "samples/CAM_BACK/n008-2018-08-22-15-53-49-0400__CAM_BACK__1534968250537558.jpg", "samples/CAM_BACK_RIGHT/n008-2018-08-22-15-53-49-0400__CAM_BACK_RIGHT__1534968250528113.jpg"], "intrinsics": [[[1257.8625342125129, 0.0, 827.2410631095686], [0.0, 1257.8625342125129, 450.915498205774], [0.0, 0.0, 1.0]], [[1252.8131021185304, 0.0, 826.588114781398], [0.0, 1252.8131021185304, 469.9846626224581], [0.0, 0.0, 1.0]], [[1256.7485116440405, 0.0, 817.7887570959712], [0.0, 1256.7485116440403, 451.9541780095127], [0.0, 0.0, 1.0]], [[1254.9860565800168, 0.0, 829.5769333630991], [0.0, 1254.9860565800168, 467.1680561863987], [0.0, 0.0, 1.0]], [[796.8910634503094, 0.0, 857.7774326863696], [0.0, 796.8910634503094, 476.8848988407415], [0.0, 0.0, 1.0]], [[1249.9629280788233, 0.0, 825.3768045375984], [0.0, 1249.9629280788233, 462.54816385708756], [0.0, 0.0, 1.0]]], "extrinsics": [[[0.8225228786468506, -0.5687045454978943, 0.005609319545328617, -1.005126953125], [0.0005532838986255229, -0.009062702767550945, -0.9999587535858154, 1.488295555114746], [0.5687319040298462, 0.8224920034408569, -0.007139626890420914, -1.3333740234375], [0.0, 0.0, 0.0, 1.0]], [[0.010212033055722713, -0.9998607039451599, 0.013200415298342705, 0.0054931640625], [0.0025047981180250645, -0.013175482861697674, -0.9999100565910339, 1.4801621437072754], [0.9999446868896484, 0.010244169272482395, 0.002369901165366173, -1.734619140625], [0.0, 0.0, 0.0, 1.0]], [[-0.8440466523170471, -0.5362622737884521, 0.002843400463461876, 1.09033203125], [0.010522542521357536, -0.021862588822841644, -0.9997056126594543, 1.4930758476257324], [0.5361665487289429, -0.8437682390213013, 0.024095889180898666, -1.27728271484375], [0.0, 0.0, 0.0, 1.0]], [[0.9478403329849243, 0.31833261251449585, -0.01621847040951252, -1.143798828125], [-0.014860451221466064, -0.006694197654724121, -0.9998671412467957, 1.5620384216308594], [-0.31839892268180847, 0.9479554295539856, -0.001614462467841804, -0.1561145782470703], [0.0, 0.0, 0.0, 1.0]], [[0.009262650273740292, 0.999854326248169, -0.014336304739117622, -0.02886962890625], [-0.012737317942082882, -0.014217781834304333, -0.9998177289962769, 1.5680618286132812], [-0.9998760223388672, 0.009443571791052818, 0.012603768147528172, 0.044189453125], [0.0, 0.0, 0.0, 1.0]], [[-0.9237396121025085, 0.38296976685523987, -0.006261707283556461, 1.16064453125], [-0.008535024709999561, -0.03692549839615822, -0.9992815256118774, 1.5478134155273438], [-0.3829258382320404, -0.9230226278305054, 0.03737820312380791, -0.0438232421875], [0.0, 0.0, 0.0, 1.0]]], "view": [[0.0, -2.0, 100.0], [-2.0, 0.0, 100.0], [0.0, 0.0, 1.0]], "bev": "bev_b6354702127042f6b3a3ca6143296331.png", "aux": "aux_b6354702127042f6b3a3ca6143296331.npz", "visibility": "visibility_b6354702127042f6b3a3ca6143296331.png", "pose": [[0.9985153079032898, -0.05447172746062279, 0.0, 2271.64892578125], [0.05447172746062279, 0.9985153079032898, 0.0, 877.184326171875], [0.0, 0.0, 1.0, 0.0], [0.0, 0.0, 0.0, 1.0]], "pose_inverse": [[0.9985153079032898, 0.05447172746062279, 0.0, -2316.05810546875], [-0.05447172746062279, 0.9985153079032898, 0.0, -752.141357421875], [0.0, 0.0, 1.0, 0.0], [0.0, 0.0, 0.0, 1.0]], "cam_ids": [0, 1, 2, 3, 4, 5], "cam_channels": ["CAM_FRONT_LEFT", "CAM_FRONT", "CAM_FRONT_RIGHT", "CAM_BACK_LEFT", "CAM_BACK", "CAM_BACK_RIGHT"], "token": "b6354702127042f6b3a3ca6143296331", "scene": "scene-0332"}, {"images": ["samples/CAM_FRONT_LEFT/n008-2018-08-22-15-53-49-0400__CAM_FRONT_LEFT__1534968251104799.jpg", "samples/CAM_FRONT/n008-2018-08-22-15-53-49-0400__CAM_FRONT__1534968251112404.jpg", "samples/CAM_FRONT_RIGHT/n008-2018-08-22-15-53-49-0400__CAM_FRONT_RIGHT__1534968251120482.jpg", "samples/CAM_BACK_LEFT/n008-2018-08-22-15-53-49-0400__CAM_BACK_LEFT__1534968251147405.jpg", "samples/CAM_BACK/n008-2018-08-22-15-53-49-0400__CAM_BACK__1534968251137558.jpg", "samples/CAM_BACK_RIGHT/n008-2018-08-22-15-53-49-0400__CAM_BACK_RIGHT__1534968251128113.jpg"], "intrinsics": [[[1257.8625342125129, 0.0, 827.2410631095686], [0.0, 1257.8625342125129, 450.915498205774], [0.0, 0.0, 1.0]], [[1252.8131021185304, 0.0, 826.588114781398], [0.0, 1252.8131021185304, 469.9846626224581], [0.0, 0.0, 1.0]], [[1256.7485116440405, 0.0, 817.7887570959712], [0.0, 1256.7485116440403, 451.9541780095127], [0.0, 0.0, 1.0]], [[1254.9860565800168, 0.0, 829.5769333630991], [0.0, 1254.9860565800168, 467.1680561863987], [0.0, 0.0, 1.0]], [[796.8910634503094, 0.0, 857.7774326863696], [0.0, 796.8910634503094, 476.8848988407415], [0.0, 0.0, 1.0]], [[1249.9629280788233, 0.0, 825.3768045375984], [0.0, 1249.9629280788233, 462.54816385708756], [0.0, 0.0, 1.0]]], "extrinsics": [[[0.8225148916244507, -0.5687144994735718, 0.005763926077634096, -1.0048828125], [0.0007186690345406532, -0.009095197543501854, -0.999958336353302, 1.4882917404174805], [0.5687432289123535, 0.8224847316741943, -0.007072217762470245, -1.3333740234375], [0.0, 0.0, 0.0, 1.0]], [[0.010200366377830505, -0.9998602867126465, 0.013243462890386581, 0.00543212890625], [0.0026950491592288017, -0.013216612860560417, -0.9999090433120728, 1.4801685810089111], [0.9999443292617798, 0.010235137306153774, 0.0025598579086363316, -1.734375], [0.0, 0.0, 0.0, 1.0]], [[-0.8440502882003784, -0.536257266998291, 0.0026875892654061317, 1.0908203125], [0.0107389772310853, -0.021913040429353714, -0.9997021555900574, 1.4930672645568848], [0.5361564755439758, -0.8437700867652893, 0.024254562333226204, -1.2774658203125], [0.0, 0.0, 0.0, 1.0]], [[0.9478437304496765, 0.3183318078517914, -0.016035061329603195, -1.143798828125], [-0.01465342566370964, -0.00673453975468874, -0.9998699426651001, 1.5620460510253906], [-0.3183984160423279, 0.9479554891586304, -0.0017186383483931422, -0.1561107635498047], [0.0, 0.0, 0.0, 1.0]], [[0.009264463558793068, 0.9998535513877869, -0.014389014802873135, -0.02886962890625], [-0.012516960501670837, -0.014272548258304596, -0.9998197555541992, 1.5680580139160156], [-0.9998787045478821, 0.009442901238799095, 0.012382900342345238, 0.04443359375], [0.0, 0.0, 0.0, 1.0]], [[-0.9237371683120728, 0.38297176361083984, -0.006481471471488476, 1.1605224609375], [-0.008319178596138954, -0.03697805106639862, -0.9992814660072327, 1.5478134155273438], [-0.3829362392425537, -0.9230196475982666, 0.03734401613473892, -0.0438232421875], [0.0, 0.0, 0.0, 1.0]]], "view": [[0.0, -2.0, 100.0], [-2.0, 0.0, 100.0], [0.0, 0.0, 1.0]], "bev": "bev_e301e136efc44b5f89f8824f57d1d1b5.png", "aux": "aux_e301e136efc44b5f89f8824f57d1d1b5.npz", "visibility": "visibility_e301e136efc44b5f89f8824f57d1d1b5.png", "pose": [[0.9985162019729614, -0.054455146193504333, 0.0, 2271.64892578125], [0.054455146193504333, 0.9985162019729614, 0.0, 877.1835327148438], [0.0, 0.0, 1.0, 0.0], [0.0, 0.0, 0.0, 1.0]], "pose_inverse": [[0.9985162019729614, 0.054455146193504333, 0.0, -2316.04541015625], [-0.054455146193504333, 0.9985162019729614, 0.0, -752.1790161132812], [0.0, 0.0, 1.0, 0.0], [0.0, 0.0, 0.0, 1.0]], "cam_ids": [0, 1, 2, 3, 4, 5], "cam_channels": ["CAM_FRONT_LEFT", "CAM_FRONT", "CAM_FRONT_RIGHT", "CAM_BACK_LEFT", "CAM_BACK", "CAM_BACK_RIGHT"], "token": "e301e136efc44b5f89f8824f57d1d1b5", "scene": "scene-0332"}, {"images": ["samples/CAM_FRONT_LEFT/n008-2018-08-22-15-53-49-0400__CAM_FRONT_LEFT__1534968251504799.jpg", "samples/CAM_FRONT/n008-2018-08-22-15-53-49-0400__CAM_FRONT__1534968251512404.jpg", "samples/CAM_FRONT_RIGHT/n008-2018-08-22-15-53-49-0400__CAM_FRONT_RIGHT__1534968251520482.jpg", "samples/CAM_BACK_LEFT/n008-2018-08-22-15-53-49-0400__CAM_BACK_LEFT__1534968251547405.jpg", "samples/CAM_BACK/n008-2018-08-22-15-53-49-0400__CAM_BACK__1534968251537558.jpg", "samples/CAM_BACK_RIGHT/n008-2018-08-22-15-53-49-0400__CAM_BACK_RIGHT__1534968251528113.jpg"], "intrinsics": [[[1257.8625342125129, 0.0, 827.2410631095686], [0.0, 1257.8625342125129, 450.915498205774], [0.0, 0.0, 1.0]], [[1252.8131021185304, 0.0, 826.588114781398], [0.0, 1252.8131021185304, 469.9846626224581], [0.0, 0.0, 1.0]], [[1256.7485116440405, 0.0, 817.7887570959712], [0.0, 1256.7485116440403, 451.9541780095127], [0.0, 0.0, 1.0]], [[1254.9860565800168, 0.0, 829.5769333630991], [0.0, 1254.9860565800168, 467.1680561863987], [0.0, 0.0, 1.0]], [[796.8910634503094, 0.0, 857.7774326863696], [0.0, 796.8910634503094, 476.8848988407415], [0.0, 0.0, 1.0]], [[1249.9629280788233, 0.0, 825.3768045375984], [0.0, 1249.9629280788233, 462.54816385708756], [0.0, 0.0, 1.0]]], "extrinsics": [[[0.8225172758102417, -0.5687105059623718, 0.00580877298489213, -1.0048828125], [0.0008412470924668014, -0.008996834047138691, -0.9999591708183289, 1.488297939300537], [0.5687394738197327, 0.82248854637146, -0.006921627093106508, -1.33349609375], [0.0, 0.0, 0.0, 1.0]], [[0.010204296559095383, -0.9998615980148315, 0.013137993402779102, 0.00531005859375], [0.0027925821486860514, -0.013110130093991756, -0.9999101758003235, 1.480165958404541], [0.9999439716339111, 0.010240075178444386, 0.002658416284248233, -1.734619140625], [0.0, 0.0, 0.0, 1.0]], [[-0.8440479040145874, -0.5362615585327148, 0.0025646567810326815, 1.090576171875], [0.010811412706971169, -0.0217976663261652, -0.9997039437294006, 1.4930720329284668], [0.5361586809158325, -0.8437703847885132, 0.024196023121476173, -1.2774658203125], [0.0, 0.0, 0.0, 1.0]], [[0.947843611240387, 0.31833863258361816, -0.015910103917121887, -1.14404296875], [-0.014566249214112759, -0.006601603236049414, -0.999872088432312, 1.5620384216308594], [-0.3184030055999756, 0.9479540586471558, -0.0016202852129936218, -0.15611648559570312], [0.0, 0.0, 0.0, 1.0]], [[0.009262333624064922, 0.9998553991317749, -0.0142614571377635, -0.02886962890625], [-0.012443036772310734, -0.01414571888744831, -0.99982