[{"images": ["samples/CAM_FRONT_LEFT/n015-2018-11-21-19-38-26+0800__CAM_FRONT_LEFT__1542800307904844.jpg", "samples/CAM_FRONT/n015-2018-11-21-19-38-26+0800__CAM_FRONT__1542800307912460.jpg", "samples/CAM_FRONT_RIGHT/n015-2018-11-21-19-38-26+0800__CAM_FRONT_RIGHT__1542800307920339.jpg", "samples/CAM_BACK_LEFT/n015-2018-11-21-19-38-26+0800__CAM_BACK_LEFT__1542800307947423.jpg", "samples/CAM_BACK/n015-2018-11-21-19-38-26+0800__CAM_BACK__1542800307937525.jpg", "samples/CAM_BACK_RIGHT/n015-2018-11-21-19-38-26+0800__CAM_BACK_RIGHT__1542800307927893.jpg"], "intrinsics": [[[1272.5979470598488, 0.0, 826.6154927353808], [0.0, 1272.5979470598488, 479.75165386361925], [0.0, 0.0, 1.0]], [[1266.417203046554, 0.0, 816.2670197447984], [0.0, 1266.417203046554, 491.50706579294757], [0.0, 0.0, 1.0]], [[1260.8474446004698, 0.0, 807.968244525554], [0.0, 1260.8474446004698, 495.3344268742088], [0.0, 0.0, 1.0]], [[1256.7414812095406, 0.0, 792.1125740759628], [0.0, 1256.7414812095406, 492.7757465151356], [0.0, 0.0, 1.0]], [[809.2209905677063, 0.0, 829.2196003259838], [0.0, 809.2209905677063, 481.77842384512485], [0.0, 0.0, 1.0]], [[1259.5137405846733, 0.0, 807.2529053838625], [0.0, 1259.5137405846733, 501.19579884916527], [0.0, 0.0, 1.0]]], "extrinsics": [[[0.8208256959915161, -0.5711004137992859, 0.009452550671994686, -0.964599609375], [-0.0010132498573511839, -0.018005093559622765, -0.9998373985290527, 1.508249282836914], [0.5711776614189148, 0.8206827044487, -0.015357710421085358, -1.280029296875], [0.0, 0.0, 0.0, 1.0]], [[0.005806217901408672, -0.9997405409812927, 0.022024575620889664, 0.0050048828125], [-0.006307982839643955, -0.022061128169298172, -0.9997367262840271, 1.5205364227294922], [0.9999631643295288, 0.005665699485689402, -0.006434436421841383, -1.6923828125], [0.0, 0.0, 0.0, 1.0]], [[-0.8328685164451599, -0.5534612536430359, 0.003251164685934782, 1.031982421875], [-0.0006832636427134275, -0.004845971241593361, -0.9999880194664001, 1.5036466121673584], [0.5534703135490417, -0.8328608274459839, 0.0036578981671482325, -1.24853515625], [0.0, 0.0, 0.0, 1.0]], [[0.9477933645248413, 0.318869948387146, -0.0030839666724205017, -1.237060546875], [0.00869851652532816, -0.035520125180482864, -0.9993310570716858, 1.587660789489746], [-0.31876620650291443, 0.9471325874328613, -0.0364394374191761, -0.07098388671875], [0.0, 0.0, 0.0, 1.0]], [[0.002307733753696084, 0.9996724724769592, -0.02548796683549881, 0.00274658203125], [-0.01704174280166626, -0.025445016101002693, -0.9995309114456177, 1.5793571472167969], [-0.9998521208763123, 0.0027410045731812716, 0.01697744056582451, 0.002197265625], [0.0, 0.0, 0.0, 1.0]], [[-0.9348241686820984, 0.3546646535396576, -0.017795350402593613, 1.13623046875], [0.015276467427611351, -0.009901161305606365, -0.9998342990875244, 1.5514488220214844], [-0.3547821342945099, -0.9349411725997925, 0.003837820142507553, -0.0635986328125], [0.0, 0.0, 0.0, 1.0]]], "view": [[0.0, -2.0, 100.0], [-2.0, 0.0, 100.0], [0.0, 0.0, 1.0]], "bev": "bev_18a4f9b1932040458599a7d5fdcf193e.png", "aux": "aux_18a4f9b1932040458599a7d5fdcf193e.npz", "visibility": "visibility_18a4f9b1932040458599a7d5fdcf193e.png", "pose": [[-0.5442526936531067, 0.838921308517456, 0.0, 1038.8663330078125], [-0.838921308517456, -0.5442526936531067, 0.0, 2648.356201171875], [0.0, 0.0, 1.0, 0.0], [0.0, 0.0, 0.0, 1.0]], "pose_inverse": [[-0.5442526936531067, -0.838921308517456, 0.0, 2787.168212890625], [0.838921308517456, -0.5442526936531067, 0.0, 569.8478393554688], [0.0, 0.0, 1.0, 0.0], [0.0, 0.0, 0.0, 1.0]], "cam_ids": [0, 1, 2, 3, 4, 5], "cam_channels": ["CAM_FRONT_LEFT", "CAM_FRONT", "CAM_FRONT_RIGHT", "CAM_BACK_LEFT", "CAM_BACK", "CAM_BACK_RIGHT"], "token": "18a4f9b1932040458599a7d5fdcf193e", "scene": "scene-1074"}, {"images": ["samples/CAM_FRONT_LEFT/n015-2018-11-21-19-38-26+0800__CAM_FRONT_LEFT__1542800308404844.jpg", "samples/CAM_FRONT/n015-2018-11-21-19-38-26+0800__CAM_FRONT__1542800308412460.jpg", "samples/CAM_FRONT_RIGHT/n015-2018-11-21-19-38-26+0800__CAM_FRONT_RIGHT__1542800308420339.jpg", "samples/CAM_BACK_LEFT/n015-2018-11-21-19-38-26+0800__CAM_BACK_LEFT__1542800308447423.jpg", "samples/CAM_BACK/n015-2018-11-21-19-38-26+0800__CAM_BACK__1542800308437525.jpg", "samples/CAM_BACK_RIGHT/n015-2018-11-21-19-38-26+0800__CAM_BACK_RIGHT__1542800308427893.jpg"], "intrinsics": [[[1272.5979470598488, 0.0, 826.6154927353808], [0.0, 1272.5979470598488, 479.75165386361925], [0.0, 0.0, 1.0]], [[1266.417203046554, 0.0, 816.2670197447984], [0.0, 1266.417203046554, 491.50706579294757], [0.0, 0.0, 1.0]], [[1260.8474446004698, 0.0, 807.968244525554], [0.0, 1260.8474446004698, 495.3344268742088], [0.0, 0.0, 1.0]], [[1256.7414812095406, 0.0, 792.1125740759628], [0.0, 1256.7414812095406, 492.7757465151356], [0.0, 0.0, 1.0]], [[809.2209905677063, 0.0, 829.2196003259838], [0.0, 809.2209905677063, 481.77842384512485], [0.0, 0.0, 1.0]], [[1259.5137405846733, 0.0, 807.2529053838625], [0.0, 1259.5137405846733, 501.19579884916527], [0.0, 0.0, 1.0]]], "extrinsics": [[[0.8217699527740479, -0.5697515606880188, 0.00879708118736744, -0.4947509765625], [0.0014463664265349507, -0.01335267722606659, -0.9999097585678101, 1.5091300010681152], [0.5698175430297852, 0.8217085599899292, -0.010148759931325912, -0.95947265625], [0.0, 0.0, 0.0, 1.0]], [[0.00712508475407958, -0.9998223185539246, 0.01745247095823288, 0.01220703125], [-0.00393803371116519, -0.01748083531856537, -0.9998394846916199, 1.5187454223632812], [0.9999668598175049, 0.007055146154016256, -0.004061885643750429, -1.221435546875], [0.0, 0.0, 0.0, 1.0]], [[-0.8323003649711609, -0.5543236136436462, -0.0011270159156993032, 0.72607421875], [0.0015697835478931665, -0.0003238477511331439, -0.9999986886978149, 1.5042266845703125], [0.5543225407600403, -0.832301139831543, 0.0011397089110687375, -1.041015625], [0.0, 0.0, 0.0, 1.0]], [[0.947743833065033, 0.3190324008464813, -0.00014860581723041832, -1.12841796875], [0.010135571472346783, -0.03057512454688549, -0.9994810819625854, 1.5887022018432617], [-0.31887128949165344, 0.947250485420227, -0.03221095725893974, -0.10833740234375], [0.0, 0.0, 0.0, 1.0]], [[0.0019676692318171263, 0.9997863173484802, -0.020580865442752838, 0.00164794921875], [-0.015202940441668034, -0.020548619329929352, -0.9996732473373413, 1.5771903991699219], [-0.9998824596405029, 0.002279888605698943, 0.01515925768762827, -0.142578125], [0.0, 0.0, 0.0, 1.0]], [[-0.9350498914718628, 0.3540504574775696, -0.018167315050959587, 0.882568359375], [0.017412500455975533, -0.0053177401423454285, -0.9998342394828796, 1.5561752319335938], [-0.3540882468223572, -0.9352113008499146, -0.0011925502913072705, -0.1573486328125], [0.0, 0.0, 0.0, 1.0]]], "view": [[0.0, -2.0, 100.0], [-2.0, 0.0, 100.0], [0.0, 0.0, 1.0]], "bev": "bev_17149ca763ae437385aae2f8f5a1f1f3.png", "aux": "aux_17149ca763ae437385aae2f8f5a1f1f3.npz", "visibility": "visibility_17149ca763ae437385aae2f8f5a1f1f3.png", "pose": [[-0.5515918135643005, 0.8341141939163208, 0.0, 1035.1822509765625], [-0.8341141939163208, -0.5515918135643005, 0.0, 2642.816650390625], [0.0, 0.0, 1.0, 0.0], [0.0, 0.0, 0.0, 1.0]], "pose_inverse": [[-0.5515918135643005, -0.8341141939163208, 0.0, 2775.408935546875], [0.8341141939163208, -0.5515918135643005, 0.0, 594.2958374023438], [0.0, 0.0, 1.0, 0.0], [0.0, 0.0, 0.0, 1.0]], "cam_ids": [0, 1, 2, 3, 4, 5], "cam_channels": ["CAM_FRONT_LEFT", "CAM_FRONT", "CAM_FRONT_RIGHT", "CAM_BACK_LEFT", "CAM_BACK", "CAM_BACK_RIGHT"], "token": "17149ca763ae437385aae2f8f5a1f1f3", "scene": "scene-1074"}, {"images": ["samples/CAM_FRONT_LEFT/n015-2018-11-21-19-38-26+0800__CAM_FRONT_LEFT__1542800308904844.jpg", "samples/CAM_FRONT/n015-2018-11-21-19-38-26+0800__CAM_FRONT__1542800308912460.jpg", "samples/CAM_FRONT_RIGHT/n015-2018-11-21-19-38-26+0800__CAM_FRONT_RIGHT__1542800308920339.jpg", "samples/CAM_BACK_LEFT/n015-2018-11-21-19-38-26+0800__CAM_BACK_LEFT__1542800308947423.jpg", "samples/CAM_BACK/n015-2018-11-21-19-38-26+0800__CAM_BACK__1542800308937525.jpg", "samples/CAM_BACK_RIGHT/n015-2018-11-21-19-38-26+0800__CAM_BACK_RIGHT__1542800308927893.jpg"], "intrinsics": [[[1272.5979470598488, 0.0, 826.6154927353808], [0.0, 1272.5979470598488, 479.75165386361925], [0.0, 0.0, 1.0]], [[1266.417203046554, 0.0, 816.2670197447984], [0.0, 1266.417203046554, 491.50706579294757], [0.0, 0.0, 1.0]], [[1260.8474446004698, 0.0, 807.968244525554], [0.0, 1260.8474446004698, 495.3344268742088], [0.0, 0.0, 1.0]], [[1256.7414812095406, 0.0, 792.1125740759628], [0.0, 1256.7414812095406, 492.7757465151356], [0.0, 0.0, 1.0]], [[809.2209905677063, 0.0, 829.2196003259838], [0.0, 809.2209905677063, 481.77842384512485], [0.0, 0.0, 1.0]], [[1259.5137405846733, 0.0, 807.2529053838625], [0.0, 1259.5137405846733, 501.19579884916527], [0.0, 0.0, 1.0]]], "extrinsics": [[[0.8215146064758301, -0.5701146125793457, 0.009118839167058468, -0.4923095703125], [0.005404171533882618, -0.008206760510802269, -0.9999517202377319, 1.5113792419433594], [0.5701618194580078, 0.8215242624282837, -0.0036609771195799112, -0.958740234375], [0.0, 0.0, 0.0, 1.0]], [[0.006732429377734661, -0.9999025464057922, 0.01222666073590517, 0.01263427734375], [0.00011381928925402462, -0.012226173654198647, -0.9999253153800964, 1.5206389427185059], [0.9999773502349854, 0.006733368616551161, 3.149496842524968e-05, -1.220947265625], [0.0, 0.0, 0.0, 1.0]], [[-0.83243727684021, -0.5540677309036255, -0.007559483405202627, 0.72802734375], [0.005726007279008627, 0.005040398798882961, -0.9999708533287048, 1.5057334899902344], [0.5540896654129028, -0.8324562907218933, -0.0010232186177745461, -1.0418701171875], [0.0, 0.0, 0.0, 1.0]], [[0.9475560784339905, 0.3195396959781647, 0.005640158895403147, -1.12939453125], [0.014436587691307068, -0.02516649104654789, -0.9995790123939514, 1.5887832641601562], [-0.31926319003105164, 0.9472386837005615, -0.02845972403883934, -0.10919189453125], [0.0, 0.0, 0.0, 1.0]], [[0.002160868374630809, 0.9998818635940552, -0.015220994129776955, 0.00189208984375], [-0.010993964970111847, -0.015196355059742928, -0.9998241066932678, 1.5778083801269531], [-0.9999372959136963, 0.0023278992157429457, 0.010959829203784466, -0.14013671875], [0.0, 0.0, 0.0, 1.0]], [[-0.934895396232605, 0.35434895753860474, -0.020183291286230087, 0.88427734375], [0.02161850966513157, 9.162796050077304e-05, -0.9997662901878357, 1.5572509765625], [-0.3542643189430237, -0.9351133108139038, -0.007746158633381128, -0.1563720703125], [0.0, 0.0, 0.0, 1.0]]], "view": [[0.0, -2.0, 100.0], [-2.0, 0.0, 100.0], [0.0, 0.0, 1.0]], "bev": "bev_2be3a584f7254ad49cea8c5b273ada14.png", "aux": "aux_2be3a584f7254ad49cea8c5b273ada14.npz", "visibility": "visibility_2be3a584f7254ad49cea8c5b273ada14.png", "pose": [[-0.5570631623268127, 0.8304701447486877, 0.0, 1031.55126953125], [-0.8304701447486877, -0.5570631623268127, 0.0, 2637.4345703125], [0.0, 0.0, 1.0, 0.0], [0.0, 0.0, 0.0, 1.0]], "pose_inverse": [[-0.5570631623268127, -0.8304701447486877, 0.0, 2764.949951171875], [0.8304701447486877, -0.5570631623268127, 0.0, 612.545166015625], [0.0, 0.0, 1.0, 0.0], [0.0, 0.0, 0.0, 1.0]], "cam_ids": [0, 1, 2, 3, 4, 5], "cam_channels": ["CAM_FRONT_LEFT", "CAM_FRONT", "CAM_FRONT_RIGHT", "CAM_BACK_LEFT", "CAM_BACK", "CAM_BACK_RIGHT"], "token": "2be3a584f7254ad49cea8c5b273ada14", "scene": "scene-1074"}, {"images": ["samples/CAM_FRONT_LEFT/n015-2018-11-21-19-38-26+0800__CAM_FRONT_LEFT__1542800309404844.jpg", "samples/CAM_FRONT/n015-2018-11-21-19-38-26+0800__CAM_FRONT__1542800309412460.jpg", "samples/CAM_FRONT_RIGHT/n015-2018-11-21-19-38-26+0800__CAM_FRONT_RIGHT__1542800309420339.jpg", "samples/CAM_BACK_LEFT/n015-2018-11-21-19-38-26+0800__CAM_BACK_LEFT__1542800309447423.jpg", "samples/CAM_BACK/n015-2018-11-21-19-38-26+0800__CAM_BACK__1542800309437525.jpg", "samples/CAM_BACK_RIGHT/n015-2018-11-21-19-38-26+0800__CAM_BACK_RIGHT__1542800309427893.jpg"], "intrinsics": [[[1272.5979470598488, 0.0, 826.6154927353808], [0.0, 1272.5979470598488, 479.75165386361925], [0.0, 0.0, 1.0]], [[1266.417203046554, 0.0, 816.2670197447984], [0.0, 1266.417203046554, 491.50706579294757], [0.0, 0.0, 1.0]], [[1260.8474446004698, 0.0, 807.968244525554], [0.0, 1260.8474446004698, 495.3344268742088], [0.0, 0.0, 1.0]], [[1256.7414812095406, 0.0, 792.1125740759628], [0.0, 1256.7414812095406, 492.7757465151356], [0.0, 0.0, 1.0]], [[809.2209905677063, 0.0, 829.2196003259838], [0.0, 809.2209905677063, 481.77842384512485], [0.0, 0.0, 1.0]], [[1259.5137405846733, 0.0, 807.2529053838625], [0.0, 1259.5137405846733, 501.19579884916527], [0.0, 0.0, 1.0]]], "extrinsics": [[[0.8209956884384155, -0.5709214806556702, 0.0038589301984757185, -0.5032958984375], [0.004887294955551624, 0.00026897512725554407, -0.9999880194664001, 1.5109996795654297], [0.570913553237915, 0.8210046887397766, 0.0030110892839729786, -0.95849609375], [0.0, 0.0, 0.0, 1.0]], [[0.0060110860504209995, -0.9999745488166809, 0.003858096431940794, 0.00750732421875], [-0.0004345379420556128, -0.0038607781752943993, -0.9999924302101135, 1.5203299522399902], [0.9999817609786987, 0.006009373813867569, -0.00045773456804454327, -1.22802734375], [0.0, 0.0, 0.0, 1.0]], [[-0.8327369689941406, -0.553546130657196, -0.011649513617157936, 0.730712890625], [0.0051580206491053104, 0.013283546082675457, -0.9998984336853027, 1.505514144897461], [0.5536446571350098, -0.8327125310897827, -0.008206497877836227, -1.048828125], [0.0, 0.0, 0.0, 1.0]], [[0.947658896446228, 0.31919512152671814, 0.007542395498603582, -1.1318359375], [0.013764917850494385, -0.017243027687072754, -0.9997565150260925, 1.5886993408203125], [-0.31898733973503113, 0.9475321769714355, -0.020734203979372978, -0.1068115234375], [0.0, 0.0, 0.0, 1.0]], [[0.002357855439186096, 0.9999713897705078, -0.00718430383130908, 0.00323486328125], [-0.011654174886643887, -0.007156358566135168, -0.9999064803123474, 1.5777397155761719], [-0.9999293088912964, 0.00244133360683918, 0.011636966839432716, -0.136962890625], [0.0, 0.0, 0.0, 1.0]], [[-0.9347691535949707, 0.35486170649528503, -0.01672869361937046, 0.889892578125], [0.021015353500843048, 0.008228755556046963, -0.9997453093528748, 1.5569992065429688], [-0.3546336591243744, -0.9348825812339783, -0.015149532817304134, -0.1573486328125], [0.0, 0.0, 0.0, 1.0]]], "view": [[0.0, -2.0, 100.0], [-2.0, 0.0, 100.0], [0.0, 0.0, 1.0]], "bev": "bev_32e58e10f64946e0883cbbd8e878ab1a.png", "aux": "aux_32e58e10f64946e0883cbbd8e878ab1a.npz", "visibility": "visibility_32e58e10f64946e0883cbbd8e878ab1a.png", "pose": [[-0.558010458946228, 0.8298339247703552, 0.0, 1027.955078125], [-0.8298339247703552, -0.558010458946228, 0.0, 2632.089111328125], [0.0, 0.0, 1.0, 0.0], [0.0, 0.0, 0.0, 1.0]], "pose_inverse": [[-0.558010458946228, -0.8298339247703552, 0.0, 2757.806396484375], [0.8298339247703552, -0.558010458946228, 0.0, 615.7012939453125], [0.0, 0.0, 1.0, 0.0], [0.0, 0.0, 0.0, 1.0]], "cam_ids": [0, 1, 2, 3, 4, 5], "cam_channels": ["CAM_FRONT_LEFT", "CAM_FRONT", "CAM_FRONT_RIGHT", "CAM_BACK_LEFT", "CAM_BACK", "CAM_BACK_RIGHT"], "token": "32e58e10f64946e0883cbbd8e878ab1a", "scene": "scene-1074"}, {"images": ["samples/CAM_FRONT_LEFT/n015-2018-11-21-19-38-26+0800__CAM_FRONT_LEFT__1542800309904844.jpg", "samples/CAM_FRONT/n015-2018-11-21-19-38-26+0800__CAM_FRONT__1542800309912460.jpg", "samples/CAM_FRONT_RIGHT/n015-2018-11-21-19-38-26+0800__CAM_FRONT_RIGHT__1542800309920383.jpg", "samples/CAM_BACK_LEFT/n015-2018-11-21-19-38-26+0800__CAM_BACK_LEFT__1542800309947423.jpg", "samples/CAM_BACK/n015-2018-11-21-19-38-26+0800__CAM_BACK__1542800309937525.jpg", "samples/CAM_BACK_RIGHT/n015-2018-11-21-19-38-26+0800__CAM_BACK_RIGHT__1542800309927893.jpg"], "intrinsics": [[[1272.5979470598488, 0.0, 826.6154927353808], [0.0, 1272.5979470598488, 479.75165386361925], [0.0, 0.0, 1.0]], [[1266.417203046554, 0.0, 816.2670197447984], [0.0, 1266.417203046554, 491.50706579294757], [0.0, 0.0, 1.0]], [[1260.8474446004698, 0.0, 807.968244525554], [0.0, 1260.8474446004698, 495.3344268742088], [0.0, 0.0, 1.0]], [[1256.7414812095406, 0.0, 792.1125740759628], [0.0, 1256.7414812095406, 492.7757465151356], [0.0, 0.0, 1.0]], [[809.2209905677063, 0.0, 829.2196003259838], [0.0, 809.2209905677063, 481.77842384512485], [0.0, 0.0, 1.0]], [[1259.5137405846733, 0.0, 807.2529053838625], [0.0, 1259.5137405846733, 501.19579884916527], [0.0, 0.0, 1.0]]], "extrinsics": [[[0.820709228515625, -0.571326494216919, 0.00473015196621418, -0.4952392578125], [0.008381701074540615, 0.00376140046864748, -0.999957799911499, 1.5129966735839844], [0.5712845921516418, 0.8207142353057861, 0.00787570420652628, -0.959228515625], [0.0, 0.0, 0.0, 1.0]], [[0.005480119027197361, -0.9999849796295166, 0.00019667012384161353, 0.01153564453125], [0.0030974766705185175, -0.00017969720647670329, -0.9999951720237732, 1.5219860076904297], [0.9999802708625793, 0.0054806992411613464, 0.0030964440666139126, -1.223388671875], [0.0, 0.0, 0.0, 1.0]], [[-0.8330032825469971, -0.553013801574707, -0.0167702566832304, 0.7294921875], [0.00874034408479929, 0.01715402863919735, -0.9998146295547485, 1.5067825317382812], [0.5531989336013794, -0.8329954743385315, -0.009455829858779907, -1.04400634765625], [0.0, 0.0, 0.0, 1.0]], [[0.9476933479309082, 0.3189442455768585, 0.012321173213422298, -1.13330078125], [0.017384910956025124, -0.013034568168222904, -0.9997639060020447, 1.5887184143066406], [-0.3187083303928375, 0.9476837515830994, -0.01789759285748005, -0.106781005859375], [0.0, 0.0, 0.0, 1.0]], [[0.002591203898191452, 0.9999919533729553, -0.003064714139327407, 0.00189208984375], [-0.007983922027051449, -0.003043938195332885, -0.9999635219573975, 1.5782508850097656], [-0.9999648332595825, 0.0026155938394367695, 0.007975969463586807, -0.13720703125], [0.0, 0.0, 0.0, 1.0]], [[-0.9345574378967285, 0.35532066226005554, -0.01869898848235607, 0.88671875], [0.024634400382637978, 0.012187120504677296, -0.9996222257614136, 1.5579910278320312], [-0.35495856404304504, -0.9346650838851929, -0.020142676308751106, -0.1561279296875], [0.0, 0.0, 0.0, 1.0]]], "view": [[0.0, -2.0, 100.0], [-2.0, 0.0, 100.0], [0.0, 0.0, 1.0]], "bev": "bev_213c1e36096b4207850223a9224e8c75.png", "aux": "aux_213c1e36096b4207850223a9224e8c75.npz", "visibility": "visibility_213c1e36096b4207850223a9224e8c75.png", "pose": [[-0.557906985282898, 0.8299034833908081, 0.0, 1024.2659912109375], [-0.8299034833908081, -0.557906985282898, 0.0, 2626.64697265625], [0.0, 0.0, 1.0, 0.0], [0.0, 0.0, 0.0, 1.0]], "pose_inverse": [[-0.557906985282898, -0.8299034833908081, 0.0, 2751.30859375], [0.8299034833908081, -0.557906985282898, 0.0, 615.3827514648438], [0.0, 0.0, 1.0, 0.0], [0.0, 0.0, 0.0, 1.0]], "cam_ids": [0, 1, 2, 3, 4, 5], "cam_channels": ["CAM_FRONT_LEFT", "CAM_FRONT", "CAM_FRONT_RIGHT", "CAM_BACK_LEFT", "CAM_BACK", "CAM_BACK_RIGHT"], "token": "213c1e36096b4207850223a9224e8c75", "scene": "scene-1074"}, {"images": ["samples/CAM_FRONT_LEFT/n015-2018-11-21-19-38-26+0800__CAM_FRONT_LEFT__1542800310354844.jpg", "samples/CAM_FRONT/n015-2018-11-21-19-38-26+0800__CAM_FRONT__1542800310362460.jpg", "samples/CAM_FRONT_RIGHT/n015-2018-11-21-19-38-26+0800__CAM_FRONT_RIGHT__1542800310370339.jpg", "samples/CAM_BACK_LEFT/n015-2018-11-21-19-38-26+0800__CAM_BACK_LEFT__1542800310397423.jpg", "samples/CAM_BACK/n015-2018-11-21-19-38-26+0800__CAM_BACK__1542800310387525.jpg", "samples/CAM_BACK_RIGHT/n015-2018-11-21-19-38-26+0800__CAM_BACK_RIGHT__1542800310377893.jpg"], "intrinsics": [[[1272.5979470598488, 0.0, 826.6154927353808], [0.0, 1272.5979470598488, 479.75165386361925], [0.0, 0.0, 1.0]], [[1266.417203046554, 0.0, 816.2670197447984], [0.0, 1266.417203046554, 491.50706579294757], [0.0, 0.0, 1.0]], [[1260.8474446004698, 0.0, 807.968244525554], [0.0, 1260.8474446004698, 495.3344268742088], [0.0, 0.0, 1.0]], [[1256.7414812095406, 0.0, 792.1125740759628], [0.0, 1256.7414812095406, 492.7757465151356], [0.0, 0.0, 1.0]], [[809.2209905677063, 0.0, 829.2196003259838], [0.0, 809.2209905677063, 481.77842384512485], [0.0, 0.0, 1.0]], [[1259.5137405846733, 0.0, 807.2529053838625], [0.0, 1259.5137405846733, 501.19579884916527], [0.0, 0.0, 1.0]]], "extrinsics": [[[0.8212041258811951, -0.5706338286399841, 0.0008711190312169492, -0.4896240234375], [0.00248885084874928, 0.002055153716355562, -0.9999947547912598, 1.5096712112426758], [0.5706290006637573, 0.8212019801139832, 0.0031079233158379793, -0.95556640625], [0.0, 0.0, 0.0, 1.0]], [[0.006307969801127911, -0.9999779462814331, 0.0020435056649148464, 0.01202392578125], [-0.0031098343897610903, -0.002063154010102153, -0.999993085861206, 1.5190668106079102], [0.9999752044677734, 0.006301611661911011, -0.00312278070487082, -1.21826171875], [0.0, 0.0, 0.0, 1.0]], [[-0.8326379060745239, -0.5537246465682983, -0.01014355942606926, 0.72607421875], [0.0021694612223654985, 0.015054432675242424, -0.999884307384491, 1.504399299621582], [0.5538132786750793, -0.8325636386871338, -0.011333608068525791, -1.041259765625], [0.0, 0.0, 0.0, 1.0]], [[0.9476282000541687, 0.3193504512310028, 0.00399765744805336, -1.135498046875], [0.009615174494683743, -0.0160157922655344, -0.9998255372047424, 1.5886497497558594], [-0.31923067569732666, 0.9475013613700867, -0.018247628584504128, -0.1072998046875], [0.0, 0.0, 0.0, 1.0]], [[0.002060260158032179, 0.9999818205833435, -0.005662690382450819, 0.00140380859375], [-0.015339763835072517, -0.005630431696772575, -0.9998664855957031, 1.57720947265625], [-0.9998801946640015, 0.00214693252928555, 0.015327884815633297, -0.138671875], [0.0, 0.0, 0.0, 1.0]], [[-0.9348798394203186, 0.3547239601612091, -0.013057219795882702, 0.88330078125], [0.017726967111229897, 0.009917739778757095, -0.9997936487197876, 1.5562057495117188], [-0.3545212745666504, -0.9349184632301331, -0.01556007657200098, -0.156982421875], [0.0, 0.0, 0.0, 1.0]]], "view": [[0.0, -2.0, 100.0], [-2.0, 0.0, 100.0], [0.0, 0.0, 1.0]], "bev": "bev_6f00b46c77d14f0d8c2c550651865c57.png", "aux": "aux_6f00b46c77d14f0d8c2c550651865c57.npz", "visibility": "visibility_6f00b46c77d14f0d8c2c550651865c57.png", "pose": [[-0.5577058792114258, 0.8300386071205139, 0.0, 1020.92626953125], [-0.8300386071205139, -0.5577058792114258, 0.0, 2621.7294921875], [0.0, 0.0, 1.0, 0.0], [0.0, 0.0, 0.0, 1.0]], "pose_inverse": [[-0.5577058792114258, -0.8300386071205139, 0.0, 2745.513427734375], [0.8300386071205139, -0.5577058792114258, 0.0, 614.7457885742188], [0.0, 0.0, 1.0, 0.0], [0.0, 0.0, 0.0, 1.0]], "cam_ids": [0, 1, 2, 3, 4, 5], "cam_channels": ["CAM_FRONT_LEFT", "CAM_FRONT", "CAM_FRONT_RIGHT", "CAM_BACK_LEFT", "CAM_BACK", "CAM_BACK_RIGHT"], "token": "6f00b46c77d14f0d8c2c550651865c57", "scene": "scene-1074"}, {"images": ["samples/CAM_FRONT_LEFT/n015-2018-11-21-19-38-26+0800__CAM_FRONT_LEFT__1542800310854844.jpg", "samples/CAM_FRONT/n015-2018-11-21-19-38-26+0800__CAM_FRONT__1542800310862460.jpg", "samples/CAM_FRONT_RIGHT/n015-2018-11-21-19-38-26+0800__CAM_FRONT_RIGHT__1542800310870339.jpg", "samples/CAM_BACK_LEFT/n015-2018-11-21-19-38-26+0800__CAM_BACK_LEFT__1542800310897423.jpg", "samples/CAM_BACK/n015-2018-11-21-19-38-26+0800__CAM_BACK__1542800310887525.jpg", "samples/CAM_BACK_RIGHT/n015-2018-11-21-19-38-26+0800__CAM_BACK_RIGHT__1542800310877893.jpg"], "intrinsics": [[[1272.5979470598488, 0.0, 826.6154927353808], [0.0, 1272.5979470598488, 479.75165386361925], [0.0, 0.0, 1.0]], [[1266.417203046554, 0.0, 816.2670197447984], [0.0, 1266.417203046554, 491.50706579294757], [0.0, 0.0, 1.0]], [[1260.8474446004698, 0.0, 807.968244525554], [0.0, 1260.8474446004698, 495.3344268742088], [0.0, 0.0, 1.0]], [[1256.7414812095406, 0.0, 792.1125740759628], [0.0, 1256.7414812095406, 492.7757465151356], [0.0, 0.0, 1.0]], [[809.2209905677063, 0.0, 829.2196003259838], [0.0, 809.2209905677063, 481.77842384512485], [0.0, 0.0, 1.0]], [[1259.5137405846733, 0.0, 807.2529053838625], [0.0, 1259.5137405846733, 501.19579884916527], [0.0, 0.0, 1.0]]], "extrinsics": [[[0.8209789395332336, -0.570878803730011, 0.009529275819659233, -0.46484375], [-0.004181049298495054, -0.02270059660077095, -0.999733567237854, 1.5058174133300781], [0.5709429979324341, 0.8207204341888428, -0.021023588255047798, -0.93798828125], [0.0, 0.0, 0.0, 1.0]], [[0.006064831744879484, -0.9996113181114197, 0.027211662381887436, 0.01177978515625], [-0.009839804843068123, -0.027270499616861343, -0.9995797276496887, 1.5157203674316406], [0.9999332427978516, 0.0057945456355810165, -0.010001372545957565, -1.193603515625], [0.0, 0.0, 0.0, 1.0]], [[-0.8327633142471313, -0.5535447597503662, 0.009664354845881462, 0.710205078125], [-0.004589587915688753, -0.01055321004241705, -0.9999337792396545, 1.50189208984375], [0.55361008644104, -0.8327524662017822, 0.006247783079743385, -1.0308837890625], [0.0, 0.0, 0.0, 1.0]], [[0.9478719234466553, 0.3184756934642792, -0.010586688295006752, -1.12841796875], [0.003122036810964346, -0.042503587901592255, -0.9990914463996887, 1.5885696411132812], [-0.31863629817962646, 0.9469776749610901, -0.041282251477241516, -0.107666015625], [0.0, 0.0, 0.0, 1.0]], [[0.002367377281188965, 0.9994875192642212, -0.03192289173603058, 0.00250244140625], [-0.022044401615858078, -0.03186305984854698, -0.9992491602897644, 1.5760650634765625], [-0.9997541904449463, 0.003069354221224785, 0.021957673132419586, -0.148681640625], [0.0, 0.0, 0.0, 1.0]], [[-0.9349387884140015, 0.3544517457485199, -0.015914900228381157, 0.870849609375], [0.010962903499603271, -0.015974724665284157, -0.9998123049736023, 1.5545825958251953], [-0.3546395003795624, -0.9349378943443298, 0.011049570515751839, -0.1619873046875], [0.0, 0.0, 0.0, 1.0]]], "view": [[0.0, -2.0, 100.0], [-2.0, 0.0, 100.0], [0.0, 0.0, 1.0]], "bev": "bev_9d0617524bc743698ceed5e5a3467671.png", "aux": "aux_9d0617524bc743698ceed5e5a3467671.npz", "visibility": "visibility_9d0617524bc743698ceed5e5a3467671.png", "pose": [[-0.5584632754325867, 0.8295292258262634, 0.0, 1017.0750122070312], [-0.8295292258262634, -0.5584632754325867, 0.0, 2616.10009765625], [0.0, 0.0, 1.0, 0.0], [0.0, 0.0, 0.0, 1.0]], "pose_inverse": [[-0.5584632754325867, -0.8295292258262634, 0.0, 2738.130615234375], [0.8295292258262634, -0.5584632754325867, 0.0, 617.3024291992188], [0.0, 0.0, 1.0, 0.0], [0.0, 0.0, 0.0, 1.0]], "cam_ids": [0, 1, 2, 3, 4, 5], "cam_channels": ["CAM_FRONT_LEFT", "CAM_FRONT", "CAM_FRONT_RIGHT", "CAM_BACK_LEFT", "CAM_BACK", "CAM_BACK_RIGHT"], "token": "9d0617524bc743698ceed5e5a3467671", "scene": "scene-1074"}, {"images": ["samples/CAM_FRONT_LEFT/n015-2018-11-21-19-38-26+0800__CAM_FRONT_LEFT__1542800311354844.jpg", "samples/CAM_FRONT/n015-2018-11-21-19-38-26+0800__CAM_FRONT__1542800311362460.jpg", "samples/CAM_FRONT_RIGHT/n015-2018-11-21-19-38-26+0800__CAM_FRONT_RIGHT__1542800311370339.jpg", "samples/CAM_BACK_LEFT/n015-2018-11-21-19-38-26+0800__CAM_BACK_LEFT__1542800311397423.jpg", "samples/CAM_BACK/n015-2018-11-21-19-38-26+0800__CAM_BACK__1542800311387525.jpg", "samples/CAM_BACK_RIGHT/n015-2018-11-21-19-38-26+0800__CAM_BACK_RIGHT__1542800311377893.jpg"], "intrinsics": [[[1272.5979470598488, 0.0, 826.6154927353808], [0.0, 1272.5979470598488, 479.75165386361925], [0.0, 0.0, 1.0]], [[1266.417203046554, 0.0, 816.2670197447984], [0.0, 1266.417203046554, 491.50706579294757], [0.0, 0.0, 1.0]], [[1260.8474446004698, 0.0, 807.968244525554], [0.0, 1260.8474446004698, 495.3344268742088], [0.0, 0.0, 1.0]], [[1256.7414812095406, 0.0, 792.1125740759628], [0.0, 1256.7414812095406, 492.7757465151356], [0.0, 0.0, 1.0]], [[809.2209905677063, 0.0, 829.2196003259838], [0.0, 809.2209905677063, 481.77842384512485], [0.0, 0.0, 1.0]], [[1259.5137405846733, 0.0, 807.2529053838625], [0.0, 1259.5137405846733, 501.19579884916527], [0.0, 0.0, 1.0]]], "extrinsics": [[[0.8204021453857422, -0.5711129903793335, 0.02775302715599537, -0.4566650390625], [0.010320693254470825, -0.03373872861266136, -0.9993773698806763, 1.514695644378662], [0.5716937184333801, 0.8201778531074524, -0.02178504690527916, -0.92822265625], [0.0, 0.0, 0.0, 1.0]], [[0.005209500901401043, -0.9992774128913879, 0.03764842450618744, 0.0091552734375], [0.00513167679309845, -0.03762172907590866, -0.9992789030075073, 1.523200511932373], [0.9999732971191406, 0.005398927256464958, 0.004931979347020388, -1.18310546875], [0.0, 0.0, 0.0, 1.0]], [[-0.8329828977584839, -0.5532944798469543, 0.002170898951590061, 0.70263671875], [0.01085728406906128, -0.02026814967393875, -0.9997356534004211, 1.507965087890625], [0.5531921982765198, -0.8327390551567078, 0.022890297695994377, -1.02862548828125], [0.0, 0.0, 0.0, 1.0]], [[0.9476597905158997, 0.3192700445652008, 0.0027441945858299732, -1.13623046875], [0.019819429144263268, -0.0502455048263073, -0.9985402226448059, 1.5886192321777344], [-0.31866613030433655, 0.9463307857513428, -0.05394339561462402, -0.1044921875], [0.0, 0.0, 0.0, 1.0]], [[0.002599569736048579, 0.99918133020401, -0.04037317633628845, 0.00341796875], [-0.005725570488721132, -0.04035777971148491, -0.999168872833252, 1.5784912109375], [-0.9999802112579346, 0.0028286881279200315, 0.005615969654172659, -0.147216796875], [0.0, 0.0, 0.0, 1.0]], [[-0.9345077872276306, 0.3543156683444977, -0.03399468585848808, 0.866943359375], [0.026811812072992325, -0.025163589045405388, -0.9993237257003784, 1.5591888427734375], [-0.3549315631389618, -0.9347872138023376, 0.014015723019838333, -0.1650390625], [0.0, 0.0, 0.0, 1.0]]], "view": [[0.0, -2.0, 100.0], [-2.0, 0.0, 100.0], [0.0, 0.0, 1.0]], "bev": "bev_188c5b0d6da74a7bbcbd1a53895705a4.png", "aux": "aux_188c5b0d6da74a7bbcbd1a53895705a4.npz", "visibility": "visibility_188c5b0d6da74a7bbcbd1a53895705a4.png", "pose": [[-0.5602485537528992, 0.828324556350708, 0.0, 1013.1385498046875], [-0.828324556350708, -0.5602485537528992, 0.0, 2610.3369140625], [0.0, 0.0, 1.0, 0.0], [0.0, 0.0, 0.0, 1.0]], "pose_inverse": [[-0.5602485537528992, -0.828324556350708, 0.0, 2729.8154296875], [0.828324556350708, -0.5602485537528992, 0.0, 623.2300415039062], [0.0, 0.0, 1.0, 0.0], [0.0, 0.0, 0.0, 1.0]], "cam_ids": [0, 1, 2, 3, 4, 5], "cam_channels": ["CAM_FRONT_LEFT", "CAM_FRONT", "CAM_FRONT_RIGHT", "CAM_BACK_LEFT", "CAM_BACK", "CAM_BACK_RIGHT"], "token": "188c5b0d6da74a7bbcbd1a53895705a4", "scene": "scene-1074"}, {"images": ["samples/CAM_FRONT_LEFT/n015-2018-11-21-19-38-26+0800__CAM_FRONT_LEFT__1542800311854844.jpg", "samples/CAM_FRONT/n015-2018-11-21-19-38-26+0800__CAM_FRONT__1542800311862460.jpg", "samples/CAM_FRONT_RIGHT/n015-2018-11-21-19-38-26+0800__CAM_FRONT_RIGHT__1542800311870339.jpg", "samples/CAM_BACK_LEFT/n015-2018-11-21-19-38-26+0800__CAM_BACK_LEFT__1542800311897423.jpg", "samples/CAM_BACK/n015-2018-11-21-19-38-26+0800__CAM_BACK__1542800311887525.jpg", "samples/CAM_BACK_RIGHT/n015-2018-11-21-19-38-26+0800__CAM_BACK_RIGHT__1542800311877893.jpg"], "intrinsics": [[[1272.5979470598488, 0.0, 826.6154927353808], [0.0, 1272.5979470598488, 479.75165386361925], [0.0, 0.0, 1.0]], [[1266.417203046554, 0.0, 816.2670197447984], [0.0, 1266.417203046554, 491.50706579294757], [0.0, 0.0, 1.0]], [[1260.8474446004698, 0.0, 807.968244525554], [0.0, 1260.8474446004698, 495.3344268742088], [0.0, 0.0, 1.0]], [[1256.7414812095406, 0.0, 792.1125740759628], [0.0, 1256.7414812095406, 492.7757465151356], [0.0, 0.0, 1.0]], [[809.2209905677063, 0.0, 829.2196003259838], [0.0, 809.2209905677063, 481.77842384512485], [0.0, 0.0, 1.0]], [[1259.5137405846733, 0.0, 807.2529053838625], [0.0, 1259.5137405846733, 501.19579884916527], [0.0, 0.0, 1.0]]], "extrinsics": [[[0.8208541870117188, -0.5707903504371643, 0.01992257498204708, -0.449951171875], [0.009295050986111164, -0.021526670083403587, -0.9997250437736511, 1.5141448974609375], [0.5710622668266296, 0.8208135962486267, -0.01236473023891449, -0.92724609375], [0.0, 0.0, 0.0, 1.0]], [[0.005809672176837921, -0.9996604323387146, 0.025402912870049477, 0.01165771484375], [0.004386355634778738, -0.02537762187421322, -0.9996683597564697, 1.5228748321533203], [0.999973475933075, 0.005919239018112421, 0.0042374287731945515, -1.178466796875], [0.0, 0.0, 0.0, 1.0]], [[-0.8327441215515137, -0.5536416172981262, -0.004270072560757399, 0.701171875], [0.010399136692285538, -0.00792951975017786, -0.9999144077301025, 1.5078201293945312], [0.5535604357719421, -0.8327172994613647, 0.012360655702650547, -1.0255126953125], [0.0, 0.0, 0.0, 1.0]], [[0.9475604891777039, 0.3194942772388458, 0.007250223308801651, -1.136962890625], [0.020324014127254486, -0.037605170160532, -0.9990859627723694, 1.5887317657470703], [-0.31892961263656616, 0.9468417763710022, -0.042126577347517014, -0.106964111328125], [0.0, 0.0, 0.0, 1.0]], [[0.0023256447166204453, 0.9996081590652466, -0.02789357490837574, 0.00164794921875], [-0.005513488315045834, -0.027880407869815826, -0.9995960593223572, 1.5785751342773438], [-0.9999820590019226, 0.0024784784764051437, 0.0054464866407215595, -0.148193359375], [0.0, 0.0, 0.0, 1.0]], [[-0.9346171617507935, 0.3544345498085022, -0.029445262625813484, 0.86474609375], [0.02665395848453045, -0.012755988165736198, -0.9995633363723755, 1.5592041015625], [-0.35465532541275024, -0.9349938631057739, 0.0024748812429606915, -0.1646728515625], [0.0, 0.0, 0.0, 1.0]]], "view": [[0.0, -2.0, 100.0], [-2.0, 0.0, 100.0], [0.0, 0.0, 1.0]], "bev": "bev_49b7ac9ea6fb4df084606ce3c25111be.png", "aux": "aux_49b7ac9ea6fb4df084606ce3c25111be.npz", "visibility": "visibility_49b7ac9ea6fb4df084606ce3c25111be.png", "pose": [[-0.5646653175354004, 0.8253200054168701, 0.0, 1009.0429077148438], [-0.8253200054168701, -0.5646653175354004, 0.0, 2604.38623046875], [0.0, 0.0, 1.0, 0.0], [0.0, 0.0, 0.0, 1.0]], "pose_inverse": [[-0.5646653175354004, -0.8253200054168701, 0.0, 2719.2236328125], [0.8253200054168701, -0.5646653175354004, 0.0, 637.8232421875], [0.0, 0.0, 1.0, 0.0], [0.0, 0.0, 0.0, 1.0]], "cam_ids": [0, 1, 2, 3, 4, 5], "cam_channels": ["CAM_FRONT_LEFT", "CAM_FRONT", "CAM_FRONT_RIGHT", "CAM_BACK_LEFT", "CAM_BACK", "CAM_BACK_RIGHT"], "token": "49b7ac9ea6fb4df084606ce3c25111be", "scene": "scene-1074"}, {"images": ["samples/CAM_FRONT_LEFT/n015-2018-11-21-19-38-26+0800__CAM_FRONT_LEFT__1542800312354844.jpg", "samples/CAM_FRONT/n015-2018-11-21-19-38-26+0800__CAM_FRONT__1542800312362460.jpg", "samples/CAM_FRONT_RIGHT/n015-2018-11-21-19-38-26+0800__CAM_FRONT_RIGHT__1542800312370339.jpg", "samples/CAM_BACK_LEFT/n015-2018-11-21-19-38-26+0800__CAM_BACK_LEFT__1542800312397423.jpg", "samples/CAM_BACK/n015-2018-11-21-19-38-26+0800__CAM_BACK__1542800312387525.jpg", "samples/CAM_BACK_RIGHT/n015-2018-11-21-19-38-26+0800__CAM_BACK_RIGHT__1542800312377927.jpg"], "intrinsics": [[[1272.5979470598488, 0.0, 826.6154927353808], [0.0, 1272.5979470598488, 479.75165386361925], [0.0, 0.0, 1.0]], [[1266.417203046554, 0.0, 816.2670197447984], [0.0, 1266.417203046554, 491.50706579294757], [0.0, 0.0, 1.0]], [[1260.8474446004698, 0.0, 807.968244525554], [0.0, 1260.8474446004698, 495.3344268742088], [0.0, 0.0, 1.0]], [[1256.7414812095406, 0.0, 792.1125740759628], [0.0, 1256.7414812095406, 492.7757465151356], [0.0, 0.0, 1.0]], [[809.2209905677063, 0.0, 829.2196003259838], [0.0, 809.2209905677063, 481.77842384512485], [0.0, 0.0, 1.0]], [[1259.5137405846733, 0.0, 807.2529053838625], [0.0, 1259.5137405846733, 501.19579884916527], [0.0, 0.0, 1.0]]], "extrinsics": [[[0.8217743635177612, -0.5696982741355896, 0.011437826789915562, -0.4591064453125], [-0.0028536678291857243, -0.024187374860048294, -0.9997033476829529, 1.5066471099853516], [0.569805920124054, 0.821497917175293, -0.021502291783690453, -0.936767578125], [0.0, 0.0, 0.0, 1.0]], [[0.00716444943100214, -0.9995691776275635, 0.028460709378123283, 0.01348876953125], [-0.007981455884873867, -0.028517697006464005, -0.9995614290237427, 1.51666259765625], [0.9999424815177917, 0.006934053264558315, -0.008182329125702381, -1.189697265625], [0.0, 0.0, 0.0, 1.0]], [[-0.8322829008102417, -0.5542901158332825, 0.008223319426178932, 0.70947265625], [-0.002158002695068717, -0.011594430543482304, -0.9999304413795471, 1.5028457641601562], [0.5543468594551086, -0.8322427272796631, 0.008453688584268093, -1.0289306640625], [0.0, 0.0, 0.0, 1.0]], [[0.9475024938583374, 0.3196837306022644, -0.006418033502995968, -1.142822265625], [0.007754817605018616, -0.04304129257798195, -0.9990431666374207, 1.5886445045471191], [-0.31965401768684387, 0.946546196937561, -0.04326082393527031, -0.1058349609375], [0.0, 0.0, 0.0, 1.0]], [[0.0015732188476249576, 0.9994658827781677, -0.03264208883047104, 0.00048828125], [-0.018193796277046204, -0.03260812163352966, -0.9993026256561279, 1.5768356323242188], [-0.9998332262039185, 0.0021659978665411472, 0.018132776021957397, -0.141357421875], [0.0, 0.0, 0.0, 1.0]], [[-0.935123085975647, 0.3538082540035248, -0.019088104367256165, 0.871337890625], [0.014019341208040714, -0.016883989796042442, -0.9997591376304626, 1.5554523468017578], [-0.35404542088508606, -0.935165524482727, 0.010828450322151184, -0.160888671875], [0.0, 0.0, 0.0, 1.0]]], "view": [[0.0, -2.0, 100.0], [-2.0, 0.0, 100.0], [0.0, 0.0, 1.0]], "bev": "bev_b01d13ee48cf4a3793d9f7499c24952f.png", "aux": "aux_b01d13ee48cf4a3793d9f7499c24952f.npz", "visibility": "visibility_b01d13ee48cf4a3793d9f7499c24952f.png", "pose": [[-0.569913387298584, 0.8217047452926636, 0.0, 1004.9114379882812], [-0.8217047452926636, -0.569913387298584, 0.0, 2598.439697265625], [0.0, 0.0, 1.0, 0.0], [0.0, 0.0, 0.0, 1.0]], "pose_inverse": [[-0.569913387298584, -0.8217047452926636, 0.0, 2707.86279296875], [0.8217047452926636, -0.569913387298584, 0.0, 655.1451416015625], [0.0, 0.0, 1.0, 0.0], [0.0, 0.0, 0.0, 1.0]], "cam_ids": [0, 1, 2, 3, 4, 5], "cam_channels": ["CAM_FRONT_LEFT", "CAM_FRONT", "CAM_FRONT_RIGHT", "CAM_BACK_LEFT", "CAM_BACK", "CAM_BACK_RIGHT"], "token": "b01d13ee48cf4a3793d9f7499c24952f", "scene": "scene-1074"}, {"images": ["samples/CAM_FRONT_LEFT/n015-2018-11-21-19-38-26+0800__CAM_FRONT_LEFT__1542800312854844.jpg", "samples/CAM_FRONT/n015-2018-11-21-19-38-26+0800__CAM_FRONT__1542800312862460.jpg", "samples/CAM_FRONT_RIGHT/n015-2018-11-21-19-38-26+0800__CAM_FRONT_RIGHT__1542800312870339.jpg", "samples/CAM_BACK_LEFT/n015-2018-11-21-19-38-26+0800__CAM_BACK_LEFT__1542800312897423.jpg", "samples/CAM_BACK/n015-2018-11-21-19-38-26+0800__CAM_BACK__1542800312887525.jpg", "samples/CAM_BACK_RIGHT/n015-2018-11-21-19-38-26+0800__CAM_BACK_RIGHT__1542800312877893.jpg"], "intrinsics": [[[1272.5979470598488, 0.0, 826.6154927353808], [0.0, 1272.5979470598488, 479.75165386361925], [0.0, 0.0, 1.0]], [[1266.417203046554, 0.0, 816.2670197447984], [0.0, 1266.417203046554, 491.50706579294757], [0.0, 0.0, 1.0]], [[1260.8474446004698, 0.0, 807.968244525554], [0.0, 1260.8474446004698, 495.3344268742088], [0.0, 0.0, 1.0]], [[1256.7414812095406, 0.0, 792.1125740759628], [0.0, 1256.7414812095406, 492.7757465151356], [0.0, 0.0, 1.0]], [[809.2209905677063, 0.0, 829.2196003259838], [0.0, 809.2209905677063, 481.77842384512485], [0.0, 0.0, 1.0]], [[1259.5137405846733, 0.0, 807.2529053838625], [0.0, 1259.5137405846733, 501.19579884916527], [0.0, 0.0, 1.0]]], "extrinsics": [[[0.8204898834228516, -0.5713682174682617, 0.018292563036084175, -0.4541015625], [0.0009400026756338775, -0.03065045364201069, -0.9995297193527222, 1.508833885192871], [0.5716601610183716, 0.8201212286949158, -0.024611299857497215, -0.92431640625], [0.0, 0.0, 0.0, 1.0]], [[0.005355530884116888, -0.9993864297866821, 0.034610893577337265, 0.0076904296875], [-0.004531253594905138, -0.03463529422879219, -0.9993897676467896, 1.5182151794433594], [0.9999753832817078, 0.005195475649088621, -0.004713964648544788, -1.180908203125], [0.0, 0.0, 0.0, 1.0]], [[-0.833030104637146, -0.5531571507453918, 0.008829671889543533, 0.701416015625], [0.0009181025670841336, -0.01734253391623497, -0.9998491406440735, 1.5040054321289062], [0.553226888179779, -0.8328964114189148, 0.014954710379242897, -1.029296875], [0.0, 0.0, 0.0, 1.0]], [[0.9479789733886719, 0.31826451420783997, -0.006603710353374481, -1.136962890625], [0.008961351588368416, -0.04741713032126427, -0.9988349676132202, 1.5884828567504883], [-0.3182068467140198, 0.9468153119087219, -0.047802526503801346, -0.1028900146484375], [0.0, 0.0, 0.0, 1.0]], [[0.002775710541754961, 0.9992935657501221, -0.03747992590069771, 0.00439453125], [-0.01621282286942005, -0.03743017464876175, -0.9991677403450012, 1.5769271850585938], [-0.9998647570610046, 0.003381068818271