[{"images": ["samples/CAM_FRONT_LEFT/n008-2018-09-18-14-54-39-0400__CAM_FRONT_LEFT__1537297714854799.jpg", "samples/CAM_FRONT/n008-2018-09-18-14-54-39-0400__CAM_FRONT__1537297714862404.jpg", "samples/CAM_FRONT_RIGHT/n008-2018-09-18-14-54-39-0400__CAM_FRONT_RIGHT__1537297714870482.jpg", "samples/CAM_BACK_LEFT/n008-2018-09-18-14-54-39-0400__CAM_BACK_LEFT__1537297714897405.jpg", "samples/CAM_BACK/n008-2018-09-18-14-54-39-0400__CAM_BACK__1537297714887558.jpg", "samples/CAM_BACK_RIGHT/n008-2018-09-18-14-54-39-0400__CAM_BACK_RIGHT__1537297714878113.jpg"], "intrinsics": [[[1257.8625342125129, 0.0, 827.2410631095686], [0.0, 1257.8625342125129, 450.915498205774], [0.0, 0.0, 1.0]], [[1252.8131021185304, 0.0, 826.588114781398], [0.0, 1252.8131021185304, 469.9846626224581], [0.0, 0.0, 1.0]], [[1256.7485116440405, 0.0, 817.7887570959712], [0.0, 1256.7485116440403, 451.9541780095127], [0.0, 0.0, 1.0]], [[1254.9860565800168, 0.0, 829.5769333630991], [0.0, 1254.9860565800168, 467.1680561863987], [0.0, 0.0, 1.0]], [[796.8910634503094, 0.0, 857.7774326863696], [0.0, 796.8910634503094, 476.8848988407415], [0.0, 0.0, 1.0]], [[1249.9629280788233, 0.0, 825.3768045375984], [0.0, 1249.9629280788233, 462.54816385708756], [0.0, 0.0, 1.0]]], "extrinsics": [[[0.8230000138282776, -0.5679824352264404, -0.00818189512938261, -0.7579345703125], [-0.000122423458378762, 0.014226342551410198, -0.9998987913131714, 1.4882049560546875], [0.5680413842201233, 0.8229177594184875, 0.011638744734227657, -1.1671142578125], [0.0, 0.0, 0.0, 1.0]], [[0.010933046229183674, -0.999889075756073, -0.01011007558554411, 0.0111083984375], [0.0017989579355344176, 0.01013033278286457, -0.9999470710754395, 1.4805803298950195], [0.9999386072158813, 0.010914228856563568, 0.0019095134921371937, -1.48828125], [0.0, 0.0, 0.0, 1.0]], [[-0.8437461853027344, -0.536666214466095, -0.009037652984261513, 0.92987060546875], [0.00977275613695383, 0.0014748162357136607, -0.999951183795929, 1.4949455261230469], [0.5366532802581787, -0.8437933325767517, 0.004000336863100529, -1.17236328125], [0.0, 0.0, 0.0, 1.0]], [[0.9478224515914917, 0.31865042448043823, -0.009713912382721901, -1.1334228515625], [-0.015852928161621094, 0.01667790673673153, -0.9997352361679077, 1.5618667602539062], [-0.31840404868125916, 0.9477255940437317, 0.020859237760305405, -0.15966796875], [0.0, 0.0, 0.0, 1.0]], [[0.009036523289978504, 0.9999182820320129, 0.009044749662280083, -0.029296875], [-0.01360847894102335, 0.009167254902422428, -0.9998653531074524, 1.5669975280761719], [-0.9998666048049927, 0.008912235498428345, 0.013690208084881306, -0.0330810546875], [0.0, 0.0, 0.0, 1.0]], [[-0.9239004254341125, 0.3826175630092621, 0.003439871361479163, 1.03009033203125], [-0.009340446442365646, -0.013565081171691418, -0.9998643398284912, 1.5465221405029297], [-0.3825189173221588, -0.9238072633743286, 0.016106601804494858, -0.0958251953125], [0.0, 0.0, 0.0, 1.0]]], "view": [[0.0, -2.0, 100.0], [-2.0, 0.0, 100.0], [0.0, 0.0, 1.0]], "bev": "bev_0e661f8e83014127b49bf997dea98168.png", "aux": "aux_0e661f8e83014127b49bf997dea98168.npz", "visibility": "visibility_0e661f8e83014127b49bf997dea98168.png", "pose": [[0.7682970762252808, 0.6400934457778931, 0.0, 741.8512573242188], [-0.6400934457778931, 0.7682970762252808, 0.0, 1530.8798828125], [0.0, 0.0, 1.0, 0.0], [0.0, 0.0, 0.0, 1.0]], "pose_inverse": [[0.7682970762252808, -0.6400934457778931, 0.0, 409.9440612792969], [0.6400934457778931, 0.7682970762252808, 0.0, -1651.024658203125], [0.0, 0.0, 1.0, 0.0], [0.0, 0.0, 0.0, 1.0]], "cam_ids": [0, 1, 2, 3, 4, 5], "cam_channels": ["CAM_FRONT_LEFT", "CAM_FRONT", "CAM_FRONT_RIGHT", "CAM_BACK_LEFT", "CAM_BACK", "CAM_BACK_RIGHT"], "token": "0e661f8e83014127b49bf997dea98168", "scene": "scene-0898"}, {"images": ["samples/CAM_FRONT_LEFT/n008-2018-09-18-14-54-39-0400__CAM_FRONT_LEFT__1537297715354799.jpg", "samples/CAM_FRONT/n008-2018-09-18-14-54-39-0400__CAM_FRONT__1537297715362404.jpg", "samples/CAM_FRONT_RIGHT/n008-2018-09-18-14-54-39-0400__CAM_FRONT_RIGHT__1537297715370482.jpg", "samples/CAM_BACK_LEFT/n008-2018-09-18-14-54-39-0400__CAM_BACK_LEFT__1537297715397405.jpg", "samples/CAM_BACK/n008-2018-09-18-14-54-39-0400__CAM_BACK__1537297715387558.jpg", "samples/CAM_BACK_RIGHT/n008-2018-09-18-14-54-39-0400__CAM_BACK_RIGHT__1537297715378113.jpg"], "intrinsics": [[[1257.8625342125129, 0.0, 827.2410631095686], [0.0, 1257.8625342125129, 450.915498205774], [0.0, 0.0, 1.0]], [[1252.8131021185304, 0.0, 826.588114781398], [0.0, 1252.8131021185304, 469.9846626224581], [0.0, 0.0, 1.0]], [[1256.7485116440405, 0.0, 817.7887570959712], [0.0, 1256.7485116440403, 451.9541780095127], [0.0, 0.0, 1.0]], [[1254.9860565800168, 0.0, 829.5769333630991], [0.0, 1254.9860565800168, 467.1680561863987], [0.0, 0.0, 1.0]], [[796.8910634503094, 0.0, 857.7774326863696], [0.0, 796.8910634503094, 476.8848988407415], [0.0, 0.0, 1.0]], [[1249.9629280788233, 0.0, 825.3768045375984], [0.0, 1249.9629280788233, 462.54816385708756], [0.0, 0.0, 1.0]]], "extrinsics": [[[0.8227247595787048, -0.5683442950248718, -0.010429322719573975, -0.7760009765625], [-0.006141002289950848, 0.009459593333303928, -0.9999364018440247, 1.4865741729736328], [0.5684067606925964, 0.8227365016937256, 0.004292436875402927, -1.17724609375], [0.0, 0.0, 0.0, 1.0]], [[0.010531500913202763, -0.9999308586120605, -0.005223327316343784, 0.0093994140625], [-0.004261708818376064, 0.005178685765713453, -0.9999775290489197, 1.479182243347168], [0.9999354481697083, 0.010553520172834396, -0.0042068748734891415, -1.50592041015625], [0.0, 0.0, 0.0, 1.0]], [[-0.8439268469810486, -0.5364568829536438, -0.0011868273140862584, 0.9415283203125], [0.0037516679149121046, -0.003689620876684785, -0.9999861121177673, 1.4937424659729004], [0.5364450216293335, -0.8439196348190308, 0.005126377567648888, -1.181396484375], [0.0, 0.0, 0.0, 1.0]], [[0.9477194547653198, 0.3186489939689636, -0.017044972628355026, -1.1416473388671875], [-0.021655987948179245, 0.010933177545666695, -0.9997056722640991, 1.561990737915039], [-0.31836891174316406, 0.9478097558021545, 0.01726224459707737, -0.1568603515625], [0.0, 0.0, 0.0, 1.0]], [[0.009144578129053116, 0.9999523162841797, 0.0034082697238773108, -0.0286865234375], [-0.01948641985654831, 0.003585967468097806, -0.9998036623001099, 1.5667505264282227], [-0.9997683167457581, 0.009076341055333614, 0.019518284127116203, -0.022796630859375], [0.0, 0.0, 0.0, 1.0]], [[-0.9237902760505676, 0.3828372061252594, 0.006858787965029478, 1.041259765625], [-0.015266274102032185, -0.01892731338739395, -0.9997043013572693, 1.5458621978759766], [-0.38259413838386536, -0.9236218929290771, 0.023329367861151695, -0.0921630859375], [0.0, 0.0, 0.0, 1.0]]], "view": [[0.0, -2.0, 100.0], [-2.0, 0.0, 100.0], [0.0, 0.0, 1.0]], "bev": "bev_7eb0973120974b8ea04ce8b1e2ff9361.png", "aux": "aux_7eb0973120974b8ea04ce8b1e2ff9361.npz", "visibility": "visibility_7eb0973120974b8ea04ce8b1e2ff9361.png", "pose": [[0.7635337710380554, 0.645767867565155, 0.0, 744.3302001953125], [-0.645767867565155, 0.7635337710380554, 0.0, 1528.7489013671875], [0.0, 0.0, 1.0, 0.0], [0.0, 0.0, 0.0, 1.0]], "pose_inverse": [[0.7635337710380554, -0.645767867565155, 0.0, 418.89569091796875], [0.645767867565155, 0.7635337710380554, 0.0, -1647.916015625], [0.0, 0.0, 1.0, 0.0], [0.0, 0.0, 0.0, 1.0]], "cam_ids": [0, 1, 2, 3, 4, 5], "cam_channels": ["CAM_FRONT_LEFT", "CAM_FRONT", "CAM_FRONT_RIGHT", "CAM_BACK_LEFT", "CAM_BACK", "CAM_BACK_RIGHT"], "token": "7eb0973120974b8ea04ce8b1e2ff9361", "scene": "scene-0898"}, {"images": ["samples/CAM_FRONT_LEFT/n008-2018-09-18-14-54-39-0400__CAM_FRONT_LEFT__1537297715854800.jpg", "samples/CAM_FRONT/n008-2018-09-18-14-54-39-0400__CAM_FRONT__1537297715862404.jpg", "samples/CAM_FRONT_RIGHT/n008-2018-09-18-14-54-39-0400__CAM_FRONT_RIGHT__1537297715870482.jpg", "samples/CAM_BACK_LEFT/n008-2018-09-18-14-54-39-0400__CAM_BACK_LEFT__1537297715897405.jpg", "samples/CAM_BACK/n008-2018-09-18-14-54-39-0400__CAM_BACK__1537297715887558.jpg", "samples/CAM_BACK_RIGHT/n008-2018-09-18-14-54-39-0400__CAM_BACK_RIGHT__1537297715878113.jpg"], "intrinsics": [[[1257.8625342125129, 0.0, 827.2410631095686], [0.0, 1257.8625342125129, 450.915498205774], [0.0, 0.0, 1.0]], [[1252.8131021185304, 0.0, 826.588114781398], [0.0, 1252.8131021185304, 469.9846626224581], [0.0, 0.0, 1.0]], [[1256.7485116440405, 0.0, 817.7887570959712], [0.0, 1256.7485116440403, 451.9541780095127], [0.0, 0.0, 1.0]], [[1254.9860565800168, 0.0, 829.5769333630991], [0.0, 1254.9860565800168, 467.1680561863987], [0.0, 0.0, 1.0]], [[796.8910634503094, 0.0, 857.7774326863696], [0.0, 796.8910634503094, 476.8848988407415], [0.0, 0.0, 1.0]], [[1249.9629280788233, 0.0, 825.3768045375984], [0.0, 1249.9629280788233, 462.54816385708756], [0.0, 0.0, 1.0]]], "extrinsics": [[[0.8226422667503357, -0.5684612393379211, -0.010566994547843933, -0.771484375], [-0.006446122191846371, 0.009259155951440334, -0.9999364018440247, 1.4864559173583984], [0.5685228109359741, 0.8226579427719116, 0.003952601924538612, -1.174072265625], [0.0, 0.0, 0.0, 1.0]], [[0.010431448929011822, -0.9999315738677979, -0.005295483861118555, 0.00927734375], [-0.004404694307595491, 0.005249771289527416, -0.9999765157699585, 1.479130744934082], [0.9999358057975769, 0.010454581119120121, -0.004349628929048777, -1.50146484375], [0.0, 0.0, 0.0, 1.0]], [[-0.8439685702323914, -0.5363909006118774, -0.0013549212599173188, 0.93865966796875], [0.0037274458445608616, -0.0033388750161975622, -0.9999874234199524, 1.4937491416931152], [0.5363796949386597, -0.843963086605072, 0.004817272536456585, -1.1796875], [0.0, 0.0, 0.0, 1.0]], [[0.9476946592330933, 0.31877055764198303, -0.016127143055200577, -1.1344680786132812], [-0.021152393892407417, 0.012308844365179539, -0.9997004866600037, 1.5618267059326172], [-0.31847667694091797, 0.9477519392967224, 0.0184077899903059, -0.1597900390625], [0.0, 0.0, 0.0, 1.0]], [[0.009127381257712841, 0.9999488592147827, 0.004356094636023045, -0.0286865234375], [-0.01924794167280197, 0.004531157668679953, -0.9998044371604919, 1.5666828155517578], [-0.9997729659080505, 0.0090416818857193, 0.0192883163690567, -0.027374267578125], [0.0, 0.0, 0.0, 1.0]], [[-0.9237687587738037, 0.38288575410842896, 0.007050064392387867, 1.039306640625], [-0.015221483074128628, -0.018316347151994705, -0.9997163414955139, 1.5458316802978516], [-0.38264796137809753, -0.9236140847206116, 0.022748159244656563, -0.0931396484375], [0.0, 0.0, 0.0, 1.0]]], "view": [[0.0, -2.0, 100.0], [-2.0, 0.0, 100.0], [0.0, 0.0, 1.0]], "bev": "bev_fac3cf4ba79f4367a5e3154d9cee5835.png", "aux": "aux_fac3cf4ba79f4367a5e3154d9cee5835.npz", "visibility": "visibility_fac3cf4ba79f4367a5e3154d9cee5835.png", "pose": [[0.760653555393219, 0.6491580009460449, 0.0, 746.7864379882812], [-0.6491580009460449, 0.760653555393219, 0.0, 1526.6380615234375], [0.0, 0.0, 1.0, 0.0], [0.0, 0.0, 0.0, 1.0]], "pose_inverse": [[0.760653555393219, -0.6491580009460449, 0.0, 422.9835510253906], [0.6491580009460449, 0.760653555393219, 0.0, -1646.025146484375], [0.0, 0.0, 1.0, 0.0], [0.0, 0.0, 0.0, 1.0]], "cam_ids": [0, 1, 2, 3, 4, 5], "cam_channels": ["CAM_FRONT_LEFT", "CAM_FRONT", "CAM_FRONT_RIGHT", "CAM_BACK_LEFT", "CAM_BACK", "CAM_BACK_RIGHT"], "token": "fac3cf4ba79f4367a5e3154d9cee5835", "scene": "scene-0898"}, {"images": ["samples/CAM_FRONT_LEFT/n008-2018-09-18-14-54-39-0400__CAM_FRONT_LEFT__1537297716354799.jpg", "samples/CAM_FRONT/n008-2018-09-18-14-54-39-0400__CAM_FRONT__1537297716362404.jpg", "samples/CAM_FRONT_RIGHT/n008-2018-09-18-14-54-39-0400__CAM_FRONT_RIGHT__1537297716370482.jpg", "samples/CAM_BACK_LEFT/n008-2018-09-18-14-54-39-0400__CAM_BACK_LEFT__1537297716397405.jpg", "samples/CAM_BACK/n008-2018-09-18-14-54-39-0400__CAM_BACK__1537297716387558.jpg", "samples/CAM_BACK_RIGHT/n008-2018-09-18-14-54-39-0400__CAM_BACK_RIGHT__1537297716378113.jpg"], "intrinsics": [[[1257.8625342125129, 0.0, 827.2410631095686], [0.0, 1257.8625342125129, 450.915498205774], [0.0, 0.0, 1.0]], [[1252.8131021185304, 0.0, 826.588114781398], [0.0, 1252.8131021185304, 469.9846626224581], [0.0, 0.0, 1.0]], [[1256.7485116440405, 0.0, 817.7887570959712], [0.0, 1256.7485116440403, 451.9541780095127], [0.0, 0.0, 1.0]], [[1254.9860565800168, 0.0, 829.5769333630991], [0.0, 1254.9860565800168, 467.1680561863987], [0.0, 0.0, 1.0]], [[796.8910634503094, 0.0, 857.7774326863696], [0.0, 796.8910634503094, 476.8848988407415], [0.0, 0.0, 1.0]], [[1249.9629280788233, 0.0, 825.3768045375984], [0.0, 1249.9629280788233, 462.54816385708756], [0.0, 0.0, 1.0]]], "extrinsics": [[[0.8223944306373596, -0.5687098503112793, -0.01538172923028469, -0.791748046875], [-0.006160353310406208, 0.01813344471156597, -0.9998165965080261, 1.4866619110107422], [0.5688844323158264, 0.822338342666626, 0.011409389786422253, -1.189208984375], [0.0, 0.0, 0.0, 1.0]], [[0.01005319133400917, -0.9998515844345093, -0.013989469036459923, 0.0098876953125], [-0.004495406989008188, 0.013944843783974648, -0.9998926520347595, 1.479177474975586], [0.9999392628669739, 0.010115020908415318, -0.004354548174887896, -1.522125244140625], [0.0, 0.0, 0.0, 1.0]], [[-0.844130277633667, -0.5361096858978271, -0.005519526544958353, 0.95208740234375], [0.003226115368306637, 0.005215650424361229, -0.999981164932251, 1.4935965538024902], [0.5361284017562866, -0.8441322445869446, -0.0026731379330158234, -1.1875], [0.0, 0.0, 0.0, 1.0]], [[0.9476738572120667, 0.3188709020614624, -0.015349334105849266, -1.1375732421875], [-0.023090006783604622, 0.02050919458270073, -0.9995230436325073, 1.5618896484375], [-0.31840401887893677, 0.9475762248039246, 0.026798760518431664, -0.158203125], [0.0, 0.0, 0.0, 1.0]], [[0.009265456348657608, 0.9998761415481567, 0.012726516462862492, -0.0289306640625], [-0.02064417488873005, 0.01291562058031559, -0.9997034072875977, 1.56671142578125], [-0.9997439980506897, 0.008999994955956936, 0.020761286839842796, -0.0205078125], [0.0, 0.0, 0.0, 1.0]], [[-0.9236749410629272, 0.38301584124565125, 0.011112376116216183, 1.04876708984375], [-0.016109442338347435, -0.009841612540185452, -0.9998217821121216, 1.5458812713623047], [-0.3828381896018982, -0.9236893653869629, 0.015260622836649418, -0.088623046875], [0.0, 0.0, 0.0, 1.0]]], "view": [[0.0, -2.0, 100.0], [-2.0, 0.0, 100.0], [0.0, 0.0, 1.0]], "bev": "bev_1b84132c4dc44eba94dfe7cac895efbd.png", "aux": "aux_1b84132c4dc44eba94dfe7cac895efbd.npz", "visibility": "visibility_1b84132c4dc44eba94dfe7cac895efbd.png", "pose": [[0.760200023651123, 0.6496890783309937, 0.0, 749.0848999023438], [-0.6496890783309937, 0.760200023651123, 0.0, 1524.625732421875], [0.0, 0.0, 1.0, 0.0], [0.0, 0.0, 0.0, 1.0]], "pose_inverse": [[0.760200023651123, -0.6496890783309937, 0.0, 421.0783386230469], [0.6496890783309937, 0.760200023651123, 0.0, -1645.69287109375], [0.0, 0.0, 1.0, 0.0], [0.0, 0.0, 0.0, 1.0]], "cam_ids": [0, 1, 2, 3, 4, 5], "cam_channels": ["CAM_FRONT_LEFT", "CAM_FRONT", "CAM_FRONT_RIGHT", "CAM_BACK_LEFT", "CAM_BACK", "CAM_BACK_RIGHT"], "token": "1b84132c4dc44eba94dfe7cac895efbd", "scene": "scene-0898"}, {"images": ["samples/CAM_FRONT_LEFT/n008-2018-09-18-14-54-39-0400__CAM_FRONT_LEFT__1537297716904799.jpg", "samples/CAM_FRONT/n008-2018-09-18-14-54-39-0400__CAM_FRONT__1537297716912404.jpg", "samples/CAM_FRONT_RIGHT/n008-2018-09-18-14-54-39-0400__CAM_FRONT_RIGHT__1537297716920482.jpg", "samples/CAM_BACK_LEFT/n008-2018-09-18-14-54-39-0400__CAM_BACK_LEFT__1537297716947405.jpg", "samples/CAM_BACK/n008-2018-09-18-14-54-39-0400__CAM_BACK__1537297716937558.jpg", "samples/CAM_BACK_RIGHT/n008-2018-09-18-14-54-39-0400__CAM_BACK_RIGHT__1537297716928113.jpg"], "intrinsics": [[[1257.8625342125129, 0.0, 827.2410631095686], [0.0, 1257.8625342125129, 450.915498205774], [0.0, 0.0, 1.0]], [[1252.8131021185304, 0.0, 826.588114781398], [0.0, 1252.8131021185304, 469.9846626224581], [0.0, 0.0, 1.0]], [[1256.7485116440405, 0.0, 817.7887570959712], [0.0, 1256.7485116440403, 451.9541780095127], [0.0, 0.0, 1.0]], [[1254.9860565800168, 0.0, 829.5769333630991], [0.0, 1254.9860565800168, 467.1680561863987], [0.0, 0.0, 1.0]], [[796.8910634503094, 0.0, 857.7774326863696], [0.0, 796.8910634503094, 476.8848988407415], [0.0, 0.0, 1.0]], [[1249.9629280788233, 0.0, 825.3768045375984], [0.0, 1249.9629280788233, 462.54816385708756], [0.0, 0.0, 1.0]]], "extrinsics": [[[0.822749137878418, -0.5683081150054932, -0.010476079769432545, -0.816650390625], [-0.006590150762349367, 0.008892001584172249, -0.9999387264251709, 1.4867706298828125], [0.5683664083480835, 0.8227677345275879, 0.003570648143067956, -1.2076416015625], [0.0, 0.0, 0.0, 1.0]], [[0.010583671741187572, -0.9999339580535889, -0.004470805637538433, 0.0103759765625], [-0.004518111236393452, 0.00442318944260478, -0.9999800324440002, 1.47930908203125], [0.9999337196350098, 0.010603591799736023, -0.004470998886972666, -1.548309326171875], [0.0, 0.0, 0.0, 1.0]], [[-0.8439056873321533, -0.5364912152290344, -0.0005721078487113118, 0.97039794921875], [0.0036294551100581884, -0.004642797168344259, -0.9999825954437256, 1.493607521057129], [0.5364792346954346, -0.8438931107521057, 0.005865253508090973, -1.1981201171875], [0.0, 0.0, 0.0, 1.0]], [[0.9477499723434448, 0.3185456395149231, -0.01728157140314579, -1.139190673828125], [-0.021452274173498154, 0.009589193388819695, -0.9997238516807556, 1.5619354248046875], [-0.31829193234443665, 0.947858989238739, 0.015921687707304955, -0.1575927734375], [0.0, 0.0, 0.0, 1.0]], [[0.009165325202047825, 0.9999555945396423, 0.002184555632993579, -0.029296875], [-0.019477156922221184, 0.002362755360081792, -0.9998074769973755, 1.5669755935668945], [-0.9997683763504028, 0.009121040813624859, 0.01949794963002205, -0.011199951171875], [0.0, 0.0, 0.0, 1.0]], [[-0.9238009452819824, 0.38281720876693726, 0.006535047199577093, 1.0631103515625], [-0.01536544319242239, -0.0200138408690691, -0.9996816515922546, 1.5462417602539062], [-0.3825645446777344, -0.9236071705818176, 0.024370962753891945, -0.0819091796875], [0.0, 0.0, 0.0, 1.0]]], "view": [[0.0, -2.0, 100.0], [-2.0, 0.0, 100.0], [0.0, 0.0, 1.0]], "bev": "bev_92fe21c2799f4436b8643e35282a1696.png", "aux": "aux_92fe21c2799f4436b8643e35282a1696.npz", "visibility": "visibility_92fe21c2799f4436b8643e35282a1696.png", "pose": [[0.7604055404663086, 0.6494485139846802, 0.0, 751.3824462890625], [-0.6494485139846802, 0.7604055404663086, 0.0, 1522.6195068359375], [0.0, 0.0, 1.0, 0.0], [0.0, 0.0, 0.0, 1.0]], "pose_inverse": [[0.7604055404663086, -0.6494485139846802, 0.0, 417.5075988769531], [0.6494485139846802, 0.7604055404663086, 0.0, -1645.7926025390625], [0.0, 0.0, 1.0, 0.0], [0.0, 0.0, 0.0, 1.0]], "cam_ids": [0, 1, 2, 3, 4, 5], "cam_channels": ["CAM_FRONT_LEFT", "CAM_FRONT", "CAM_FRONT_RIGHT", "CAM_BACK_LEFT", "CAM_BACK", "CAM_BACK_RIGHT"], "token": "92fe21c2799f4436b8643e35282a1696", "scene": "scene-0898"}, {"images": ["samples/CAM_FRONT_LEFT/n008-2018-09-18-14-54-39-0400__CAM_FRONT_LEFT__1537297717504799.jpg", "samples/CAM_FRONT/n008-2018-09-18-14-54-39-0400__CAM_FRONT__1537297717512404.jpg", "samples/CAM_FRONT_RIGHT/n008-2018-09-18-14-54-39-0400__CAM_FRONT_RIGHT__1537297717520482.jpg", "samples/CAM_BACK_LEFT/n008-2018-09-18-14-54-39-0400__CAM_BACK_LEFT__1537297717547405.jpg", "samples/CAM_BACK/n008-2018-09-18-14-54-39-0400__CAM_BACK__1537297717537558.jpg", "samples/CAM_BACK_RIGHT/n008-2018-09-18-14-54-39-0400__CAM_BACK_RIGHT__1537297717528113.jpg"], "intrinsics": [[[1257.8625342125129, 0.0, 827.2410631095686], [0.0, 1257.8625342125129, 450.915498205774], [0.0, 0.0, 1.0]], [[1252.8131021185304, 0.0, 826.588114781398], [0.0, 1252.8131021185304, 469.9846626224581], [0.0, 0.0, 1.0]], [[1256.7485116440405, 0.0, 817.7887570959712], [0.0, 1256.7485116440403, 451.9541780095127], [0.0, 0.0, 1.0]], [[1254.9860565800168, 0.0, 829.5769333630991], [0.0, 1254.9860565800168, 467.1680561863987], [0.0, 0.0, 1.0]], [[796.8910634503094, 0.0, 857.7774326863696], [0.0, 796.8910634503094, 476.8848988407415], [0.0, 0.0, 1.0]], [[1249.9629280788233, 0.0, 825.3768045375984], [0.0, 1249.9629280788233, 462.54816385708756], [0.0, 0.0, 1.0]]], "extrinsics": [[[0.8225252628326416, -0.5686803460121155, -0.00742201367393136, -0.8294677734375], [-0.0013989912113174796, 0.011027020402252674, -0.9999381899833679, 1.4879646301269531], [0.5687270760536194, 0.8224846720695496, 0.008274422958493233, -1.2154541015625], [0.0, 0.0, 0.0, 1.0]], [[0.01016968209296465, -0.9999246001243591, -0.006887398660182953, 0.009521484375], [0.000605650944635272, 0.006893912795931101, -0.9999760389328003, 1.480255126953125], [0.9999480843544006, 0.010165226645767689, 0.00067571469116956, -1.560028076171875], [0.0, 0.0, 0.0, 1.0]], [[-0.8441022634506226, -0.5361444354057312, -0.006355344317853451, 0.9769287109375], [0.008684993721544743, -0.0018202720675617456, -0.9999606013298035, 1.4942541122436523], [0.5361117720603943, -0.8441242575645447, 0.00619290629401803, -1.203125], [0.0, 0.0, 0.0, 1.0]], [[0.9478235840797424, 0.3185880780220032, -0.011490569449961185, -1.1396636962890625], [-0.016594650223851204, 0.01331133209168911, -0.9997736811637878, 1.5619659423828125], [-0.3183630108833313, 0.9477997422218323, 0.017903652042150497, -0.15771484375], [0.0, 0.0, 0.0, 1.0]], [[0.009303910657763481, 0.999940812587738, 0.005648858845233917, -0.029052734375], [-0.014477725140750408, 0.005783216096460819, -0.9998784065246582, 1.567300796508789], [-0.9998518824577332, 0.009221090003848076, 0.014530673623085022, -0.007965087890625], [0.0, 0.0, 0.0, 1.0]], [[-0.9237134456634521, 0.3830718994140625, 0.003075762651860714, 1.06915283203125], [-0.01033711526542902, -0.016898583620786667, -0.9998037815093994, 1.5468158721923828], [-0.3829447329044342, -0.9235638976097107, 0.019569307565689087, -0.080078125], [0.0, 0.0, 0.0, 1.0]]], "view": [[0.0, -2.0, 100.0], [-2.0, 0.0, 100.0], [0.0, 0.0, 1.0]], "bev": "bev_77fa378ca16741c5870a155d64f649d2.png", "aux": "aux_77fa378ca16741c5870a155d64f649d2.npz", "visibility": "visibility_77fa378ca16741c5870a155d64f649d2.png", "pose": [[0.7598516941070557, 0.6500964760780334, 0.0, 753.6234130859375], [-0.6500964760780334, 0.7598516941070557, 0.0, 1520.6580810546875], [0.0, 0.0, 1.0, 0.0], [0.0, 0.0, 0.0, 1.0]], "pose_inverse": [[0.7598516941070557, -0.6500964760780334, 0.0, 415.9324645996094], [0.6500964760780334, 0.7598516941070557, 0.0, -1645.4024658203125], [0.0, 0.0, 1.0, 0.0], [0.0, 0.0, 0.0, 1.0]], "cam_ids": [0, 1, 2, 3, 4, 5], "cam_channels": ["CAM_FRONT_LEFT", "CAM_FRONT", "CAM_FRONT_RIGHT", "CAM_BACK_LEFT", "CAM_BACK", "CAM_BACK_RIGHT"], "token": "77fa378ca16741c5870a155d64f649d2", "scene": "scene-0898"}, {"images": ["samples/CAM_FRONT_LEFT/n008-2018-09-18-14-54-39-0400__CAM_FRONT_LEFT__1537297718004799.jpg", "samples/CAM_FRONT/n008-2018-09-18-14-54-39-0400__CAM_FRONT__1537297718012404.jpg", "samples/CAM_FRONT_RIGHT/n008-2018-09-18-14-54-39-0400__CAM_FRONT_RIGHT__1537297718020482.jpg", "samples/CAM_BACK_LEFT/n008-2018-09-18-14-54-39-0400__CAM_BACK_LEFT__1537297718047405.jpg", "samples/CAM_BACK/n008-2018-09-18-14-54-39-0400__CAM_BACK__1537297718037558.jpg", "samples/CAM_BACK_RIGHT/n008-2018-09-18-14-54-39-0400__CAM_BACK_RIGHT__1537297718028113.jpg"], "intrinsics": [[[1257.8625342125129, 0.0, 827.2410631095686], [0.0, 1257.8625342125129, 450.915498205774], [0.0, 0.0, 1.0]], [[1252.8131021185304, 0.0, 826.588114781398], [0.0, 1252.8131021185304, 469.9846626224581], [0.0, 0.0, 1.0]], [[1256.7485116440405, 0.0, 817.7887570959712], [0.0, 1256.7485116440403, 451.9541780095127], [0.0, 0.0, 1.0]], [[1254.9860565800168, 0.0, 829.5769333630991], [0.0, 1254.9860565800168, 467.1680561863987], [0.0, 0.0, 1.0]], [[796.8910634503094, 0.0, 857.7774326863696], [0.0, 796.8910634503094, 476.8848988407415], [0.0, 0.0, 1.0]], [[1249.9629280788233, 0.0, 825.3768045375984], [0.0, 1249.9629280788233, 462.54816385708756], [0.0, 0.0, 1.0]]], "extrinsics": [[[0.8223689794540405, -0.5688543915748596, -0.010676239617168903, -0.8580322265625], [-0.0007517675985582173, 0.01767822913825512, -0.999843418598175, 1.4881172180175781], [0.5689540505409241, 0.8222483396530151, 0.014110381714999676, -1.234619140625], [0.0, 0.0, 0.0, 1.0]], [[0.00998444203287363, -0.9998565912246704, -0.013676216825842857, 0.0089111328125], [0.0012687515700235963, 0.013689553365111351, -0.9999054670333862, 1.4803218841552734], [0.9999493360519409, 0.009966057725250721, 0.0014052513288334012, -1.588165283203125], [0.0, 0.0, 0.0, 1.0]], [[-0.8441512584686279, -0.535999059677124, -0.010652229189872742, 0.99530029296875], [0.009360330179333687, 0.005130770616233349, -0.99994295835495, 1.4941306114196777], [0.5360231995582581, -0.844202995300293, 0.0006859799614176154, -1.215087890625], [0.0, 0.0, 0.0, 1.0]], [[0.9478384852409363, 0.31864508986473083, -0.00821030605584383, -1.1387786865234375], [-0.015631860122084618, 0.02074076607823372, -0.9996626377105713, 1.5619544982910156], [-0.3183673918247223, 0.9476471543312073, 0.0246399138122797, -0.157958984375], [0.0, 0.0, 0.0, 1.0]], [[0.009349131025373936, 0.9998725652694702, 0.012941328808665276, -0.0289306640625], [-0.013682966120541096, 0.013068602420389652, -0.9998209476470947, 1.5674362182617188], [-0.9998627305030823, 0.00917038694024086, 0.013803401961922646, -0.000701904296875], [0.0, 0.0, 0.0, 1.0]], [[-0.9236857891082764, 0.3831167221069336, 0.005102177616208792, 1.083251953125], [-0.009586266241967678, -0.009795972146093845, -0.999906063079834, 1.547027587890625], [-0.3830307424068451, -0.923647940158844, 0.012721060775220394, -0.074462890625], [0.0, 0.0, 0.0, 1.0]]], "view": [[0.0, -2.0, 100.0], [-2.0, 0.0, 100.0], [0.0, 0.0, 1.0]], "bev": "bev_7783214d293c4cc2a0fb4577fd554314.png", "aux": "aux_7783214d293c4cc2a0fb4577fd554314.npz", "visibility": "visibility_7783214d293c4cc2a0fb4577fd554314.png", "pose": [[0.7598199844360352, 0.650133490562439, 0.0, 755.244384765625], [-0.650133490562439, 0.7598199844360352, 0.0, 1519.22412109375], [0.0, 0.0, 1.0, 0.0], [0.0, 0.0, 0.0, 1.0]], "pose_inverse": [[0.7598199844360352, -0.650133490562439, 0.0, 413.8487548828125], [0.650133490562439, 0.7598199844360352, 0.0, -1645.3465576171875], [0.0, 0.0, 1.0, 0.0], [0.0, 0.0, 0.0, 1.0]], "cam_ids": [0, 1, 2, 3, 4, 5], "cam_channels": ["CAM_FRONT_LEFT", "CAM_FRONT", "CAM_FRONT_RIGHT", "CAM_BACK_LEFT", "CAM_BACK", "CAM_BACK_RIGHT"], "token": "7783214d293c4cc2a0fb4577fd554314", "scene": "scene-0898"}, {"images": ["samples/CAM_FRONT_LEFT/n008-2018-09-18-14-54-39-0400__CAM_FRONT_LEFT__1537297718504799.jpg", "samples/CAM_FRONT/n008-2018-09-18-14-54-39-0400__CAM_FRONT__1537297718512404.jpg", "samples/CAM_FRONT_RIGHT/n008-2018-09-18-14-54-39-0400__CAM_FRONT_RIGHT__1537297718520482.jpg", "samples/CAM_BACK_LEFT/n008-2018-09-18-14-54-39-0400__CAM_BACK_LEFT__1537297718547405.jpg", "samples/CAM_BACK/n008-2018-09-18-14-54-39-0400__CAM_BACK__1537297718537558.jpg", "samples/CAM_BACK_RIGHT/n008-2018-09-18-14-54-39-0400__CAM_BACK_RIGHT__1537297718528113.jpg"], "intrinsics": [[[1257.8625342125129, 0.0, 827.2410631095686], [0.0, 1257.8625342125129, 450.915498205774], [0.0, 0.0, 1.0]], [[1252.8131021185304, 0.0, 826.588114781398], [0.0, 1252.8131021185304, 469.9846626224581], [0.0, 0.0, 1.0]], [[1256.7485116440405, 0.0, 817.7887570959712], [0.0, 1256.7485116440403, 451.9541780095127], [0.0, 0.0, 1.0]], [[1254.9860565800168, 0.0, 829.5769333630991], [0.0, 1254.9860565800168, 467.1680561863987], [0.0, 0.0, 1.0]], [[796.8910634503094, 0.0, 857.7774326863696], [0.0, 796.8910634503094, 476.8848988407415], [0.0, 0.0, 1.0]], [[1249.9629280788233, 0.0, 825.3768045375984], [0.0, 1249.9629280788233, 462.54816385708756], [0.0, 0.0, 1.0]]], "extrinsics": [[[0.8224985599517822, -0.5686792135238647, -0.010007988661527634, -0.892578125], [0.0036256322637200356, 0.022837815806269646, -0.9997325539588928, 1.4887657165527344], [0.5687556862831116, 0.8222423195838928, 0.020845890045166016, -1.256591796875], [0.0, 0.0, 0.0, 1.0]], [[0.010179052129387856, -0.9997731447219849, -0.018710477277636528, 0.0072021484375], [0.005628856830298901, 0.018768439069390297, -0.9998080730438232, 1.4807853698730469], [0.9999324083328247, 0.010071820579469204, 0.005818625446408987, -1.622589111328125], [0.0, 0.0, 0.0, 1.0]], [[-0.8440395593643188, -0.5360115766525269, -0.01699502021074295, 1.01776123046875], [0.013702929019927979, 0.010124294087290764, -0.9998548626899719, 1.4942541122436523], [0.5361058115959167, -0.8441499471664429, -0.0012003767769783735, -1.2305908203125], [0.0, 0.0, 0.0, 1.0]], [[0.9478997588157654, 0.3185579180717468, -0.002619615290313959, -1.14239501953125], [-0.011360113508999348, 0.02558298222720623, -0.9996081590652466, 1.5620307922363281], [-0.31836608052253723, 0.9475581049919128, 0.027868960052728653, -0.1563720703125], [0.0, 0.0, 0.0, 1.0]], [[0.009268175810575485, 0.9997979402542114, 0.017834678292274475, -0.02880859375], [-0.009351196698844433, 0.01792132295668125, -0.99979567527771, 1.5677490234375], [-0.9999133944511414, 0.00909949466586113, 0.00951540470123291, 0.011474609375], [0.0, 0.0, 0.0, 1.0]], [[-0.9237262606620789, 0.38304150104522705, 0.0029903119429945946, 1.10260009765625], [-0.005261026788502932, -0.004880708176642656, -0.999974250793457, 1.5474834442138672], [-0.38301700353622437, -0.9237182140350342, 0.006523630116134882, -0.067138671875], [0.0, 0.0, 0.0, 1.0]]], "view": [[0.0, -2.0, 100.0], [-2.0, 0.0, 100.0], [0.0, 0.0, 1.0]], "bev": "bev_3caf710ff6d34cef99cf56a77ac6699a.png", "aux": "aux_3caf710ff6d34cef99cf56a77ac6699a.npz", "visibility": "visibility_3caf710ff6d34cef99cf56a77ac6699a.png", "pose": [[0.760416567325592, 0.6494356393814087, 0.0, 756.5969848632812], [-0.6494356393814087, 0.760416567325592, 0.0, 1518.041259765625], [0.0, 0.0, 1.0, 0.0], [0.0, 0.0, 0.0, 1.0]], "pose_inverse": [[0.760416567325592, -0.6494356393814087, 0.0, 410.54119873046875], [0.6494356393814087, 0.760416567325592, 0.0, -1645.7047119140625], [0.0, 0.0, 1.0, 0.0], [0.0, 0.0, 0.0, 1.0]], "cam_ids": [0, 1, 2, 3, 4, 5], "cam_channels": ["CAM_FRONT_LEFT", "CAM_FRONT", "CAM_FRONT_RIGHT", "CAM_BACK_LEFT", "CAM_BACK", "CAM_BACK_RIGHT"], "token": "3caf710ff6d34cef99cf56a77ac6699a", "scene": "scene-0898"}, {"images": ["samples/CAM_FRONT_LEFT/n008-2018-09-18-14-54-39-0400__CAM_FRONT_LEFT__1537297718905563.jpg", "samples/CAM_FRONT/n008-2018-09-18-14-54-39-0400__CAM_FRONT__1537297718912404.jpg", "samples/CAM_FRONT_RIGHT/n008-2018-09-18-14-54-39-0400__CAM_FRONT_RIGHT__1537297718920482.jpg", "samples/CAM_BACK_LEFT/n008-2018-09-18-14-54-39-0400__CAM_BACK_LEFT__1537297718947405.jpg", "samples/CAM_BACK/n008-2018-09-18-14-54-39-0400__CAM_BACK__1537297718938055.jpg", "samples/CAM_BACK_RIGHT/n008-2018-09-18-14-54-39-0400__CAM_BACK_RIGHT__1537297718928113.jpg"], "intrinsics": [[[1257.8625342125129, 0.0, 827.2410631095686], [0.0, 1257.8625342125129, 450.915498205774], [0.0, 0.0, 1.0]], [[1252.8131021185304, 0.0, 826.588114781398], [0.0, 1252.8131021185304, 469.9846626224581], [0.0, 0.0, 1.0]], [[1256.7485116440405, 0.0, 817.7887570959712], [0.0, 1256.7485116440403, 451.9541780095127], [0.0, 0.0, 1.0]], [[1254.9860565800168, 0.0, 829.5769333630991], [0.0, 1254.9860565800168, 467.1680561863987], [0.0, 0.0, 1.0]], [[796.8910634503094, 0.0, 857.7774326863696], [0.0, 796.8910634503094, 476.8848988407415], [0.0, 0.0, 1.0]], [[1249.9629280788233, 0.0, 825.3768045375984], [0.0, 1249.9629280788233, 462.54816385708756], [0.0, 0.0, 1.0]]], "extrinsics": [[[0.8226271271705627, -0.5684753656387329, -0.010968522168695927, -0.91162109375], [0.004719192162156105, 0.026116864755749702, -0.9996477365493774, 1.4887733459472656], [0.5685616731643677, 0.8222856521606445, 0.02416718564927578, -1.2713623046875], [0.0, 0.0, 0.0, 1.0]], [[0.010342626832425594, -0.9997065663337708, -0.0219009630382061, 0.008056640625], [0.006746822968125343, 0.021971402689814568, -0.9997358322143555, 1.480764389038086], [0.9999237060546875, 0.010192077606916428, 0.006972084287554026, -1.640777587890625], [0.0, 0.0, 0.0, 1.0]], [[-0.8439788818359375, -0.5360168218612671, -0.019637128338217735, 1.03009033203125], [0.014851951040327549, 0.01324306521564722, -0.9998019933700562, 1.4941339492797852], [0.5361707210540771, -0.8441034555435181, -0.0032159718684852123, -1.237548828125], [0.0, 0.0, 0.0, 1.0]], [[0.947881281375885, 0.318622887134552, -0.0007342615281231701, -1.1410369873046875], [-0.010301869362592697, 0.028343919664621353, -0.999545156955719, 1.56201171875], [-0.31845709681510925, 0.9474576115608215, 0.030149085447192192, -0.1572265625], [0.0, 0.0, 0.0, 1.0]], [[0.009230811148881912, 0.999741792678833, 0.020760467275977135, -0.029052734375], [-0.008211497217416763, 0.02083643712103367, -0.9997491836547852, 1.5678291320800781], [-0.9999237060546875, 0.009058022871613503, 0.008401716127991676, 0.0174560546875], [0.0, 0.0, 0.0, 1.0]], [[-0.9237481355667114, 0.3829876184463501, 0.003122498281300068, 1.11163330078125], [-0.004149944055825472, -0.0018565547652542591, -0.9999896287918091, 1.547593355178833], [-0.38297778367996216, -0.9237515330314636, 0.0033043655566871166, -0.0628662109375], [0.0, 0.0, 0.0, 1.0]]], "view": [[0.0, -2.0, 100.0], [-2.0, 0.0, 100.0], [0.0, 0.0, 1.0]], "bev": "bev_379da2cf3d6a4956b174ca95148bddd9.png", "aux": "aux_379da2cf3d6a4956b174ca95148bddd9.npz", "visibility": "visibility_379da2cf3d6a4956b174ca95148bddd9.png", "pose": [[0.7604514360427856, 0.6493947505950928, 0.0, 757.4671020507812], [-0.6493947505950928, 0.7604514360427856, 0.0, 1517.2757568359375], [0.0, 0.0, 1.0, 0.0], [0.0, 0.0, 0.0, 1.0]], "pose_inverse": [[0.7604514360427856, -0.6493947505950928, 0.0, 409.2939758300781], [0.6493947505950928, 0.7604514360427856, 0.0, -1645.709716796875], [0.0, 0.0, 1.0, 0.0], [0.0, 0.0, 0.0, 1.0]], "cam_ids": [0, 1, 2, 3, 4, 5], "cam_channels": ["CAM_FRONT_LEFT", "CAM_FRONT", "CAM_FRONT_RIGHT", "CAM_BACK_LEFT", "CAM_BACK", "CAM_BACK_RIGHT"], "token": "379da2cf3d6a4956b174ca95148bddd9", "scene": "scene-0898"}, {"images": ["samples/CAM_FRONT_LEFT/n008-2018-09-18-14-54-39-0400__CAM_FRONT_LEFT__1537297719404799.jpg", "samples/CAM_FRONT/n008-2018-09-18-14-54-39-0400__CAM_FRONT__1537297719412404.jpg", "samples/CAM_FRONT_RIGHT/n008-2018-09-18-14-54-39-0400__CAM_FRONT_RIGHT__1537297719420482.jpg", "samples/CAM_BACK_LEFT/n008-2018-09-18-14-54-39-0400__CAM_BACK_LEFT__1537297719447405.jpg", "samples/CAM_BACK/n008-2018-09-18-14-54-39-0400__CAM_BACK__1537297719437558.jpg", "samples/CAM_BACK_RIGHT/n008-2018-09-18-14-54-39-0400__CAM_BACK_RIGHT__1537297719428113.jpg"], "intrinsics": [[[1257.8625342125129, 0.0, 827.2410631095686], [0.0, 1257.8625342125129, 450.915498205774], [0.0, 0.0, 1.0]], [[1252.8131021185304, 0.0, 826.588114781398], [0.0, 1252.8131021185304, 469.9846626224581], [0.0, 0.0, 1.0]], [[1256.7485116440405, 0.0, 817.7887570959712], [0.0, 1256.7485116440403, 451.9541780095127], [0.0, 0.0, 1.0]], [[1254.9860565800168, 0.0, 829.5769333630991], [0.0, 1254.9860565800168, 467.1680561863987], [0.0, 0.0, 1.0]], [[796.8910634503094, 0.0, 857.7774326863696], [0.0, 796.8910634503094, 476.8848988407415], [0.0, 0.0, 1.0]], [[1249.9629280788233, 0.0, 825.3768045375984], [0.0, 1249.9629280788233, 462.54816385708756], [0.0, 0.0, 1.0]]], "extrinsics": [[[0.822478711605072, -0.5687211751937866, -0.009222072549164295, -0.9454345703125], [0.006403862964361906, 0.02547105774283409, -0.99965500831604, 1.4887046813964844], [0.5687599182128906, 0.8221359252929688, 0.024591412395238876, -1.29443359375], [0.0, 0.0, 0.0, 1.0]], [[0.010159572586417198, -0.9997225403785706, -0.02125212363898754, 0.0074462890625], [0.00839323177933693, 0.021337728947401047, -0.9997370839118958, 1.4806270599365234], [0.9999131560325623, 0.009978484362363815, 0.008607685565948486, -1.67608642578125], [0.0, 0.0, 0.0, 1.0]], [[-0.8440235257148743, -0.5359084606170654, -0.020652078092098236, 1.05279541015625], [0.016447599977254868, 0.012624316848814487, -0.9997850060462952, 1.4938087463378906], [0.5360538959503174, -0.8441817164421082, -0.001840813085436821, -1.252197265625], [0.0, 0.0, 0.0, 1.0]], [[0.9478874802589417, 0.31860506534576416, 0.0003222780942451209, -1.1416473388671875], [-0.008985676802694798, 0.027744542807340622, -0.9995746612548828, 1.5620231628417969], [-0.3184784948825836, 0.9474814534187317, 0.029161587357521057, -0.1568603515625], [0.0, 0.0, 0.0, 1.0]], [[0.009259173646569252, 0.9997537732124329, 0.020169377326965332, -0.0289306640625], [-0.0067898244597017765, 0.020232634618878365, -0.9997721910476685, 1.56793212890625], [-0.9999341368675232, 0.00912009458988905, 0.006975489668548107, 0.026092529296875], [0.0, 0.0, 0.0, 1.0]], [[-0.923711359500885, 0.3830864131450653, 0.001462792046368122, 1.129638671875], [-0.0026062082033604383, -0.002465766156092286, -0.9999935030937195, 1.5477275848388672], [-0.3830803334712982, -0.9237092137336731, 0.003276058239862323, -0.0557861328125], [0.0, 0.0, 0.0, 1.0]]], "view": [[0.0, -2.0, 100.0], [-2.0, 0.0, 100.0], [0.0, 0.0, 1.0]], "bev": "bev_df6e50869ffa476cb07cf0d36a9aedf0.png", "aux": "aux_df6e50869ffa476cb07cf0d36a9aedf0.npz", "visibility": "visibility_df6e50869ffa476cb07cf0d36a9aedf0.png", "pose": [[0.7608706951141357, 0.6489035487174988, 0.0, 758.2615966796875], [-0.6489035487174988, 0.7608706951141357, 0.0, 1516.5712890625], [0.0, 0.0, 1.0, 0.0], [0.0, 0.0, 0.0, 1.0]], "pose_inverse": [[0.7608706951141357, -0.6489035487174988, 0.0, 407.16949462890625], [0.6489035487174988, 0.7608706951141357, 0.0, -1645.9532470703125], [0.0, 0.0, 1.0, 0.0], [0.0, 0.0, 0.0, 1.0]], "cam_ids": [0, 1, 2, 3, 4, 5], "cam_channels": ["CAM_FRONT_LEFT", "CAM_FRONT", "CAM_FRONT_RIGHT", "CAM_BACK_LEFT", "CAM_BACK", "CAM_BACK_RIGHT"], "token": "df6e50869ffa476cb07cf0d36a9aedf0", "scene": "scene-0898"}, {"images": ["samples/CAM_FRONT_LEFT/n008-2018-09-18-14-54-39-0400__CAM_FRONT_LEFT__1537297719904799.jpg", "samples/CAM_FRONT/n008-2018-09-18-14-54-39-0400__CAM_FRONT__1537297719912404.jpg", "samples/CAM_FRONT_RIGHT/n008-2018-09-18-14-54-39-0400__CAM_FRONT_RIGHT__1537297719920557.jpg", "samples/CAM_BACK_LEFT/n008-2018-09-18-14-54-39-0400__CAM_BACK_LEFT__1537297719947405.jpg", "samples/CAM_BACK/n008-2018-09-18-14-54-39-0400__CAM_BACK__1537297719937558.jpg", "samples/CAM_BACK_RIGHT/n008-2018-09-18-14-54-39-0400__CAM_BACK_RIGHT__1537297719928113.jpg"], "intrinsics": [[[1257.8625342125129, 0.0, 827.2410631095686], [0.0, 1257.8625342125129, 450.915498205774], [0.0, 0.0, 1.0]], [[1252.8131021185304, 0.0, 826.588114781398], [0.0, 1252.8131021185304, 469.9846626224581], [0.0, 0.0, 1.0]], [[1256.7485116440405, 0.0, 817.7887570959712], [0.0, 1256.7485116440403, 451.9541780095127], [0.0, 0.0, 1.0]], [[1254.9860565800168, 0.0, 829.5769333630991], [0.0, 1254.9860565800168, 467.1680561863987], [0.0, 0.0, 1.0]], [[796.8910634503094, 0.0, 857.7774326863696], [0.0, 796.8910634503094, 476.8848988407415], [0.0, 0.0, 1.0]], [[1249.9629280788233, 0.0, 825.3768045375984], [0.0, 1249.9629280788233, 462.54816385708756], [0.0, 0.0, 1.0]]], "extrinsics": [[[0.8224279284477234, -0.5687938928604126, -0.009262359701097012, -0.9696044921875], [0.006981702987104654, 0.02637310139834881, -0.9996278285980225, 1.4885482788085938], [0.56882643699646, 0.8220571279525757, 0.025661127641797066, -1.310791015625], [0.0, 0.0, 0.0, 1.0]], [[0.010083499364554882, -0.9997024536132812, -0.022209743037819862, 0.007080078125], [0.008977397345006466, 0.022300483658909798, -0.9997110366821289, 1.480447769165039], [0.9999088048934937, 0.009881304576992989, 0.00919959507882595, -1.699920654296875], [0.0, 0.0, 0.0, 1.0]], [[-0.8440521955490112, -0.5358219742774963, -0.02169652283191681, 1.06842041015625], [0.017032219097018242, 0.013652426190674305, -0.999761700630188, 1.4935178756713867], [0.5359904766082764, -0.8442205786705017, -0.0023971237242221832, -1.2623291015625], [0.0, 0.0, 0.0, 1.0]], [[0.9478893280029297, 0.31859734654426575, 0.0012379311956465244, -1.1427459716796875], [-0.008452283218502998, 0.02903098240494728, -0.999542772769928, 1.5620269775390625], [-0.31848761439323425, 0.9474454522132874, 0.030211035162210464, -0.15673828125], [0.0, 0.0, 0.0, 1.0]], [[0.009284555912017822, 0.9997285008430481, 0.021369758993387222, -0.029296875], [-0.006295323371887207, 0.02142869308590889, -0.9997504949569702, 1.5679855346679688], [-0.9999370574951172