[{"images": ["samples/CAM_FRONT_LEFT/n015-2018-09-27-15-33-17+0800__CAM_FRONT_LEFT__1538033712754844.jpg", "samples/CAM_FRONT/n015-2018-09-27-15-33-17+0800__CAM_FRONT__1538033712762460.jpg", "samples/CAM_FRONT_RIGHT/n015-2018-09-27-15-33-17+0800__CAM_FRONT_RIGHT__1538033712770339.jpg", "samples/CAM_BACK_LEFT/n015-2018-09-27-15-33-17+0800__CAM_BACK_LEFT__1538033712797423.jpg", "samples/CAM_BACK/n015-2018-09-27-15-33-17+0800__CAM_BACK__1538033712787525.jpg", "samples/CAM_BACK_RIGHT/n015-2018-09-27-15-33-17+0800__CAM_BACK_RIGHT__1538033712777893.jpg"], "intrinsics": [[[1272.5979470598488, 0.0, 826.6154927353808], [0.0, 1272.5979470598488, 479.75165386361925], [0.0, 0.0, 1.0]], [[1266.417203046554, 0.0, 816.2670197447984], [0.0, 1266.417203046554, 491.50706579294757], [0.0, 0.0, 1.0]], [[1260.8474446004698, 0.0, 807.968244525554], [0.0, 1260.8474446004698, 495.3344268742088], [0.0, 0.0, 1.0]], [[1256.7414812095406, 0.0, 792.1125740759628], [0.0, 1256.7414812095406, 492.7757465151356], [0.0, 0.0, 1.0]], [[809.2209905677063, 0.0, 829.2196003259838], [0.0, 809.2209905677063, 481.77842384512485], [0.0, 0.0, 1.0]], [[1259.5137405846733, 0.0, 807.2529053838625], [0.0, 1259.5137405846733, 501.19579884916527], [0.0, 0.0, 1.0]]], "extrinsics": [[[0.8207656741142273, -0.5710570812225342, -0.01541207730770111, -0.529296875], [-0.03608263283967972, -0.02489790879189968, -0.9990386366844177, 1.4892425537109375], [0.5701243281364441, 0.8205327391624451, -0.04104059189558029, -0.9810791015625], [0.0, 0.0, 0.0, 1.0]], [[0.006686593871563673, -0.9995677471160889, 0.02862999029457569, 0.01025390625], [-0.04130442813038826, -0.028882278129458427, -0.9987291097640991, 1.502532958984375], [0.9991242289543152, 0.005495659075677395, -0.041479695588350296, -1.25537109375], [0.0, 0.0, 0.0, 1.0]], [[-0.8322335481643677, -0.5532512068748474, 0.03606317192316055, 0.747802734375], [-0.035599593073129654, -0.011587348766624928, -0.9992989301681519, 1.4914703369140625], [0.5532811284065247, -0.8329339027404785, -0.010052135214209557, -1.0576171875], [0.0, 0.0, 0.0, 1.0]], [[0.947058379650116, 0.3187728822231293, -0.0382649190723896, -1.12939453125], [-0.02637290023267269, -0.04154019430279732, -0.9987887144088745, 1.5882492065429688], [-0.3199763000011444, 0.9469203948974609, -0.030934026464819908, -0.109161376953125], [0.0, 0.0, 0.0, 1.0]], [[0.0015465433243662119, 0.9994924664497375, -0.0318184494972229, 0.00213623046875], [-0.05203438550233841, -0.03169494867324829, -0.9981421828269958, 1.57232666015625], [-0.9986441135406494, 0.003199240192770958, 0.05195895954966545, -0.13330078125], [0.0, 0.0, 0.0, 1.0]], [[-0.9348543286323547, 0.3548124134540558, 0.012474281713366508, 0.8997802734375], [-0.019603382796049118, -0.016504831612110138, -0.9996715784072876, 1.5465316772460938], [-0.3544900715351105, -0.9347918033599854, 0.022385135293006897, -0.1517333984375], [0.0, 0.0, 0.0, 1.0]]], "view": [[0.0, -2.0, 100.0], [-2.0, 0.0, 100.0], [0.0, 0.0, 1.0]], "bev": "bev_2cea443f448944e2aeef6c2a0ab31f9e.png", "aux": "aux_2cea443f448944e2aeef6c2a0ab31f9e.npz", "visibility": "visibility_2cea443f448944e2aeef6c2a0ab31f9e.png", "pose": [[0.5619763135910034, -0.8271533250808716, 0.0, 811.2161865234375], [0.8271533250808716, 0.5619763135910034, 0.0, 2324.38720703125], [0.0, 0.0, 1.0, 0.0], [0.0, 0.0, 0.0, 1.0]], "pose_inverse": [[0.5619763135910034, 0.8271533250808716, 0.0, -2378.5087890625], [-0.8271533250808716, 0.5619763135910034, 0.0, -635.2503662109375], [0.0, 0.0, 1.0, 0.0], [0.0, 0.0, 0.0, 1.0]], "cam_ids": [0, 1, 2, 3, 4, 5], "cam_channels": ["CAM_FRONT_LEFT", "CAM_FRONT", "CAM_FRONT_RIGHT", "CAM_BACK_LEFT", "CAM_BACK", "CAM_BACK_RIGHT"], "token": "2cea443f448944e2aeef6c2a0ab31f9e", "scene": "scene-0403"}, {"images": ["samples/CAM_FRONT_LEFT/n015-2018-09-27-15-33-17+0800__CAM_FRONT_LEFT__1538033713254844.jpg", "samples/CAM_FRONT/n015-2018-09-27-15-33-17+0800__CAM_FRONT__1538033713262460.jpg", "samples/CAM_FRONT_RIGHT/n015-2018-09-27-15-33-17+0800__CAM_FRONT_RIGHT__1538033713270339.jpg", "samples/CAM_BACK_LEFT/n015-2018-09-27-15-33-17+0800__CAM_BACK_LEFT__1538033713297423.jpg", "samples/CAM_BACK/n015-2018-09-27-15-33-17+0800__CAM_BACK__1538033713287525.jpg", "samples/CAM_BACK_RIGHT/n015-2018-09-27-15-33-17+0800__CAM_BACK_RIGHT__1538033713277893.jpg"], "intrinsics": [[[1272.5979470598488, 0.0, 826.6154927353808], [0.0, 1272.5979470598488, 479.75165386361925], [0.0, 0.0, 1.0]], [[1266.417203046554, 0.0, 816.2670197447984], [0.0, 1266.417203046554, 491.50706579294757], [0.0, 0.0, 1.0]], [[1260.8474446004698, 0.0, 807.968244525554], [0.0, 1260.8474446004698, 495.3344268742088], [0.0, 0.0, 1.0]], [[1256.7414812095406, 0.0, 792.1125740759628], [0.0, 1256.7414812095406, 492.7757465151356], [0.0, 0.0, 1.0]], [[809.2209905677063, 0.0, 829.2196003259838], [0.0, 809.2209905677063, 481.77842384512485], [0.0, 0.0, 1.0]], [[1259.5137405846733, 0.0, 807.2529053838625], [0.0, 1259.5137405846733, 501.19579884916527], [0.0, 0.0, 1.0]]], "extrinsics": [[[0.8210994601249695, -0.5707210302352905, -0.00856306403875351, -0.5386962890625], [-0.02107275277376175, -0.015318634919822216, -0.9996606111526489, 1.4973907470703125], [0.5703960657119751, 0.8210011720657349, -0.024604782462120056, -0.9874267578125], [0.0, 0.0, 0.0, 1.0]], [[0.006524413824081421, -0.9998006820678711, 0.018869969993829727, 0.01019287109375], [-0.026203934103250504, -0.01903483085334301, -0.999475359916687, 1.5093994140625], [0.9996353387832642, 0.0060265217907726765, -0.026322901248931885, -1.26611328125], [0.0, 0.0, 0.0, 1.0]], [[-0.8325658440589905, -0.5536388158798218, 0.017836561426520348, 0.756591796875], [-0.02047903649508953, -0.0014136614045128226, -0.999789297580719, 1.4968414306640625], [0.5535473823547363, -0.8327556848526001, -0.010161022655665874, -1.0633544921875], [0.0, 0.0, 0.0, 1.0]], [[0.9474165439605713, 0.3193243741989136, -0.02082579769194126, -1.135986328125], [-0.0117312828078866, -0.030377697199583054, -0.9994696378707886, 1.5885086059570312], [-0.3197877109050751, 0.9471584558486938, -0.02503425069153309, -0.1068878173828125], [0.0, 0.0, 0.0, 1.0]], [[0.0018788856687024236, 0.9997801184654236, -0.020886121317744255, 0.001953125], [-0.03710799664258957, -0.02080206573009491, -0.9990947842597961, 1.5746841430664062], [-0.9993094801902771, 0.0026522534899413586, 0.03706074878573418, -0.124755859375], [0.0, 0.0, 0.0, 1.0]], [[-0.9349943399429321, 0.3546561598777771, 0.0021119804587215185, 0.9095458984375], [-0.004532362334430218, -0.005994011647999287, -0.9999717473983765, 1.5503606796264648], [-0.3546335697174072, -0.9349775910377502, 0.007211797870695591, -0.148193359375], [0.0, 0.0, 0.0, 1.0]]], "view": [[0.0, -2.0, 100.0], [-2.0, 0.0, 100.0], [0.0, 0.0, 1.0]], "bev": "bev_cf16bbb417354042adb68bb7a166d852.png", "aux": "aux_cf16bbb417354042adb68bb7a166d852.npz", "visibility": "visibility_cf16bbb417354042adb68bb7a166d852.png", "pose": [[0.5645427107810974, -0.8254038691520691, 0.0, 814.666748046875], [0.8254038691520691, 0.5645427107810974, 0.0, 2329.416748046875], [0.0, 0.0, 1.0, 0.0], [0.0, 0.0, 0.0, 1.0]], "pose_inverse": [[0.5645427107810974, 0.8254038691520691, 0.0, -2382.623779296875], [-0.8254038691520691, 0.5645427107810974, 0.0, -642.6261596679688], [0.0, 0.0, 1.0, 0.0], [0.0, 0.0, 0.0, 1.0]], "cam_ids": [0, 1, 2, 3, 4, 5], "cam_channels": ["CAM_FRONT_LEFT", "CAM_FRONT", "CAM_FRONT_RIGHT", "CAM_BACK_LEFT", "CAM_BACK", "CAM_BACK_RIGHT"], "token": "cf16bbb417354042adb68bb7a166d852", "scene": "scene-0403"}, {"images": ["samples/CAM_FRONT_LEFT/n015-2018-09-27-15-33-17+0800__CAM_FRONT_LEFT__1538033713754844.jpg", "samples/CAM_FRONT/n015-2018-09-27-15-33-17+0800__CAM_FRONT__1538033713762460.jpg", "samples/CAM_FRONT_RIGHT/n015-2018-09-27-15-33-17+0800__CAM_FRONT_RIGHT__1538033713770339.jpg", "samples/CAM_BACK_LEFT/n015-2018-09-27-15-33-17+0800__CAM_BACK_LEFT__1538033713797423.jpg", "samples/CAM_BACK/n015-2018-09-27-15-33-17+0800__CAM_BACK__1538033713787525.jpg", "samples/CAM_BACK_RIGHT/n015-2018-09-27-15-33-17+0800__CAM_BACK_RIGHT__1538033713777893.jpg"], "intrinsics": [[[1272.5979470598488, 0.0, 826.6154927353808], [0.0, 1272.5979470598488, 479.75165386361925], [0.0, 0.0, 1.0]], [[1266.417203046554, 0.0, 816.2670197447984], [0.0, 1266.417203046554, 491.50706579294757], [0.0, 0.0, 1.0]], [[1260.8474446004698, 0.0, 807.968244525554], [0.0, 1260.8474446004698, 495.3344268742088], [0.0, 0.0, 1.0]], [[1256.7414812095406, 0.0, 792.1125740759628], [0.0, 1256.7414812095406, 492.7757465151356], [0.0, 0.0, 1.0]], [[809.2209905677063, 0.0, 829.2196003259838], [0.0, 809.2209905677063, 481.77842384512485], [0.0, 0.0, 1.0]], [[1259.5137405846733, 0.0, 807.2529053838625], [0.0, 1259.5137405846733, 501.19579884916527], [0.0, 0.0, 1.0]]], "extrinsics": [[[0.8206592798233032, -0.5710172653198242, -0.02138965204358101, -0.5291748046875], [-0.03303937241435051, -0.010047292336821556, -0.9994035363197327, 1.4908599853515625], [0.5704618096351624, 0.8208765387535095, -0.027111461386084557, -0.983154296875], [0.0, 0.0, 0.0, 1.0]], [[0.006286504212766886, -0.9998840689659119, 0.013865174725651741, 0.0115966796875], [-0.038197629153728485, -0.014095444232225418, -0.9991707801818848, 1.5040206909179688], [0.9992503523826599, 0.005751764867454767, -0.03828181326389313, -1.259033203125], [0.0, 0.0, 0.0, 1.0]], [[-0.8325305581092834, -0.5534026026725769, 0.025266658514738083, 0.75439453125], [-0.032390251755714417, 0.00309466989710927, -0.9994704723358154, 1.492767333984375], [0.5530313849449158, -0.8329080939292908, -0.020501257851719856, -1.0604248046875], [0.0, 0.0, 0.0, 1.0]], [[0.9473519921302795, 0.3187240958213806, -0.03064461424946785, -1.1416015625], [-0.022914281114935875, -0.027976175770163536, -0.9993459582328796, 1.5885543823242188], [-0.3193729817867279, 0.9474346041679382, -0.019199956208467484, -0.1042938232421875], [0.0, 0.0, 0.0, 1.0]], [[0.0020442598033696413, 0.9998415112495422, -0.017685487866401672, 0.00189208984375], [-0.048597414046525955, -0.017565300688147545, -0.9986640214920044, 1.5734024047851562], [-0.9988163113594055, 0.0029009426943957806, 0.04855380952358246, -0.120849609375], [0.0, 0.0, 0.0, 1.0]], [[-0.9347679018974304, 0.3549623489379883, 0.014513812027871609, 0.9088134765625], [-0.016284551471471786, -0.0020013998728245497, -0.9998654127120972, 1.5475044250488281], [-0.3548855185508728, -0.9348784685134888, 0.0076512484811246395, -0.1474609375], [0.0, 0.0, 0.0, 1.0]]], "view": [[0.0, -2.0, 100.0], [-2.0, 0.0, 100.0], [0.0, 0.0, 1.0]], "bev": "bev_1de2faf48f204409b96acd59f94ed34a.png", "aux": "aux_1de2faf48f204409b96acd59f94ed34a.npz", "visibility": "visibility_1de2faf48f204409b96acd59f94ed34a.png", "pose": [[0.5649585723876953, -0.8251192569732666, 0.0, 818.1681518554688], [0.8251192569732666, 0.5649585723876953, 0.0, 2334.49658203125], [0.0, 0.0, 1.0, 0.0], [0.0, 0.0, 0.0, 1.0]], "pose_inverse": [[0.5649585723876953, 0.8251192569732666, 0.0, -2388.46923828125], [-0.8251192569732666, 0.5649585723876953, 0.0, -643.8074951171875], [0.0, 0.0, 1.0, 0.0], [0.0, 0.0, 0.0, 1.0]], "cam_ids": [0, 1, 2, 3, 4, 5], "cam_channels": ["CAM_FRONT_LEFT", "CAM_FRONT", "CAM_FRONT_RIGHT", "CAM_BACK_LEFT", "CAM_BACK", "CAM_BACK_RIGHT"], "token": "1de2faf48f204409b96acd59f94ed34a", "scene": "scene-0403"}, {"images": ["samples/CAM_FRONT_LEFT/n015-2018-09-27-15-33-17+0800__CAM_FRONT_LEFT__1538033714254844.jpg", "samples/CAM_FRONT/n015-2018-09-27-15-33-17+0800__CAM_FRONT__1538033714262460.jpg", "samples/CAM_FRONT_RIGHT/n015-2018-09-27-15-33-17+0800__CAM_FRONT_RIGHT__1538033714270339.jpg", "samples/CAM_BACK_LEFT/n015-2018-09-27-15-33-17+0800__CAM_BACK_LEFT__1538033714297423.jpg", "samples/CAM_BACK/n015-2018-09-27-15-33-17+0800__CAM_BACK__1538033714287525.jpg", "samples/CAM_BACK_RIGHT/n015-2018-09-27-15-33-17+0800__CAM_BACK_RIGHT__1538033714277893.jpg"], "intrinsics": [[[1272.5979470598488, 0.0, 826.6154927353808], [0.0, 1272.5979470598488, 479.75165386361925], [0.0, 0.0, 1.0]], [[1266.417203046554, 0.0, 816.2670197447984], [0.0, 1266.417203046554, 491.50706579294757], [0.0, 0.0, 1.0]], [[1260.8474446004698, 0.0, 807.968244525554], [0.0, 1260.8474446004698, 495.3344268742088], [0.0, 0.0, 1.0]], [[1256.7414812095406, 0.0, 792.1125740759628], [0.0, 1256.7414812095406, 492.7757465151356], [0.0, 0.0, 1.0]], [[809.2209905677063, 0.0, 829.2196003259838], [0.0, 809.2209905677063, 481.77842384512485], [0.0, 0.0, 1.0]], [[1259.5137405846733, 0.0, 807.2529053838625], [0.0, 1259.5137405846733, 501.19579884916527], [0.0, 0.0, 1.0]]], "extrinsics": [[[0.8205609321594238, -0.5712579488754272, -0.018547428771853447, -0.53515625], [-0.0367993600666523, -0.02042005956172943, -0.9991139769554138, 1.4891586303710938], [0.5703731179237366, 0.8205164670944214, -0.03777783364057541, -0.986328125], [0.0, 0.0, 0.0, 1.0]], [[0.00641606654971838, -0.9996782541275024, 0.02453811839222908, 0.01116943359375], [-0.042064957320690155, -0.024786721915006638, -0.9988073706626892, 1.5026321411132812], [0.9990943074226379, 0.005376256536692381, -0.04221045970916748, -1.26513671875], [0.0, 0.0, 0.0, 1.0]], [[-0.832342803478241, -0.5531720519065857, 0.03473009914159775, 0.757568359375], [-0.03642502799630165, -0.007932161912322044, -0.9993048906326294, 1.4916000366210938], [0.5530630350112915, -0.8330292105674744, -0.013547028414905071, -1.06341552734375], [0.0, 0.0, 0.0, 1.0]], [[0.9471229314804077, 0.3185270428657532, -0.03871074318885803, -1.142578125], [-0.027547765523195267, -0.03947777673602104, -0.9988406300544739, 1.5885543823242188], [-0.3196859657764435, 0.9470913410186768, -0.02861560322344303, -0.1031341552734375], [0.0, 0.0, 0.0, 1.0]], [[0.0017308469396084547, 0.9995726346969604, -0.029183445498347282, 0.0020751953125], [-0.05307683348655701, -0.029050521552562714, -0.9981678128242493, 1.572998046875], [-0.9985889196395874, 0.003276674309745431, 0.053003862500190735, -0.118408203125], [0.0, 0.0, 0.0, 1.0]], [[-0.934765636920929, 0.35497066378593445, 0.014461585320532322, 0.912353515625], [-0.02051796391606331, -0.013303147628903389, -0.9997009634971619, 1.5465850830078125], [-0.3546721339225769, -0.9347828030586243, 0.019718600437045097, -0.146484375], [0.0, 0.0, 0.0, 1.0]]], "view": [[0.0, -2.0, 100.0], [-2.0, 0.0, 100.0], [0.0, 0.0, 1.0]], "bev": "bev_d8f6a1cb324f46768d4bff2ec2b9b2f2.png", "aux": "aux_d8f6a1cb324f46768d4bff2ec2b9b2f2.npz", "visibility": "visibility_d8f6a1cb324f46768d4bff2ec2b9b2f2.png", "pose": [[0.5654268264770508, -0.8247984647750854, 0.0, 821.6268920898438], [0.8247984647750854, 0.5654268264770508, 0.0, 2339.49169921875], [0.0, 0.0, 1.0, 0.0], [0.0, 0.0, 0.0, 1.0]], "pose_inverse": [[0.5654268264770508, 0.8247984647750854, 0.0, -2394.178955078125], [-0.8247984647750854, 0.5654268264770508, 0.0, -645.134765625], [0.0, 0.0, 1.0, 0.0], [0.0, 0.0, 0.0, 1.0]], "cam_ids": [0, 1, 2, 3, 4, 5], "cam_channels": ["CAM_FRONT_LEFT", "CAM_FRONT", "CAM_FRONT_RIGHT", "CAM_BACK_LEFT", "CAM_BACK", "CAM_BACK_RIGHT"], "token": "d8f6a1cb324f46768d4bff2ec2b9b2f2", "scene": "scene-0403"}, {"images": ["samples/CAM_FRONT_LEFT/n015-2018-09-27-15-33-17+0800__CAM_FRONT_LEFT__1538033714754844.jpg", "samples/CAM_FRONT/n015-2018-09-27-15-33-17+0800__CAM_FRONT__1538033714762460.jpg", "samples/CAM_FRONT_RIGHT/n015-2018-09-27-15-33-17+0800__CAM_FRONT_RIGHT__1538033714770339.jpg", "samples/CAM_BACK_LEFT/n015-2018-09-27-15-33-17+0800__CAM_BACK_LEFT__1538033714797423.jpg", "samples/CAM_BACK/n015-2018-09-27-15-33-17+0800__CAM_BACK__1538033714787525.jpg", "samples/CAM_BACK_RIGHT/n015-2018-09-27-15-33-17+0800__CAM_BACK_RIGHT__1538033714777893.jpg"], "intrinsics": [[[1272.5979470598488, 0.0, 826.6154927353808], [0.0, 1272.5979470598488, 479.75165386361925], [0.0, 0.0, 1.0]], [[1266.417203046554, 0.0, 816.2670197447984], [0.0, 1266.417203046554, 491.50706579294757], [0.0, 0.0, 1.0]], [[1260.8474446004698, 0.0, 807.968244525554], [0.0, 1260.8474446004698, 495.3344268742088], [0.0, 0.0, 1.0]], [[1256.7414812095406, 0.0, 792.1125740759628], [0.0, 1256.7414812095406, 492.7757465151356], [0.0, 0.0, 1.0]], [[809.2209905677063, 0.0, 829.2196003259838], [0.0, 809.2209905677063, 481.77842384512485], [0.0, 0.0, 1.0]], [[1259.5137405846733, 0.0, 807.2529053838625], [0.0, 1259.5137405846733, 501.19579884916527], [0.0, 0.0, 1.0]]], "extrinsics": [[[0.8203213214874268, -0.5718441009521484, -0.008199073374271393, -0.537353515625], [-0.024157274514436722, -0.020323265343904495, -0.9995015859603882, 1.4957275390625], [0.5713923573493958, 0.8201104998588562, -0.03048580512404442, -0.9849853515625], [0.0, 0.0, 0.0, 1.0]], [[0.005460341926664114, -0.9996922612190247, 0.024199843406677246, 0.0089111328125], [-0.029296668246388435, -0.024349743500351906, -0.9992741346359253, 1.5081100463867188], [0.9995558261871338, 0.004747400991618633, -0.029420606791973114, -1.267822265625], [0.0, 0.0, 0.0, 1.0]], [[-0.8330281972885132, -0.5527288317680359, 0.0235565435141325, 0.760009765625], [-0.023528872057795525, -0.007144915871322155, -0.9996975660324097, 1.4959640502929688], [0.5527299046516418, -0.833330512046814, -0.007053167559206486, -1.0672607421875], [0.0, 0.0, 0.0, 1.0]], [[0.9474601745605469, 0.31883203983306885, -0.025792226195335388, -1.15087890625], [-0.014512348920106888, -0.03770415112376213, -0.9991835355758667, 1.5886878967285156], [-0.31954425573349, 0.9470609426498413, -0.031096182763576508, -0.10101318359375], [0.0, 0.0, 0.0, 1.0]], [[0.002376856282353401, 0.9996132850646973, -0.027707627043128014, 0.00299072265625], [-0.04003370180726051, -0.027590371668338776, -0.9988173842430115, 1.5748138427734375], [-0.9991955161094666, 0.0034832493402063847, 0.03995264694094658, -0.112060546875], [0.0, 0.0, 0.0, 1.0]], [[-0.9347094297409058, 0.3554023206233978, 0.002709468360990286, 0.9178466796875], [-0.007536088582128286, -0.012197061441838741, -0.9998971819877625, 1.5496959686279297], [-0.35533276200294495, -0.9346338510513306, 0.014079052023589611, -0.1461181640625], [0.0, 0.0, 0.0, 1.0]]], "view": [[0.0, -2.0, 100.0], [-2.0, 0.0, 100.0], [0.0, 0.0, 1.0]], "bev": "bev_5047526905694ea8b91ff4ad94e69983.png", "aux": "aux_5047526905694ea8b91ff4ad94e69983.npz", "visibility": "visibility_5047526905694ea8b91ff4ad94e69983.png", "pose": [[0.5631739497184753, -0.8263383507728577, 0.0, 825.1521606445312], [0.8263383507728577, 0.5631739497184753, 0.0, 2344.57861328125], [0.0, 0.0, 1.0, 0.0], [0.0, 0.0, 0.0, 1.0]], "pose_inverse": [[0.5631739497184753, 0.8263383507728577, 0.0, -2402.119384765625], [-0.8263383507728577, 0.5631739497184753, 0.0, -638.5506591796875], [0.0, 0.0, 1.0, 0.0], [0.0, 0.0, 0.0, 1.0]], "cam_ids": [0, 1, 2, 3, 4, 5], "cam_channels": ["CAM_FRONT_LEFT", "CAM_FRONT", "CAM_FRONT_RIGHT", "CAM_BACK_LEFT", "CAM_BACK", "CAM_BACK_RIGHT"], "token": "5047526905694ea8b91ff4ad94e69983", "scene": "scene-0403"}, {"images": ["samples/CAM_FRONT_LEFT/n015-2018-09-27-15-33-17+0800__CAM_FRONT_LEFT__1538033715254844.jpg", "samples/CAM_FRONT/n015-2018-09-27-15-33-17+0800__CAM_FRONT__1538033715262460.jpg", "samples/CAM_FRONT_RIGHT/n015-2018-09-27-15-33-17+0800__CAM_FRONT_RIGHT__1538033715270339.jpg", "samples/CAM_BACK_LEFT/n015-2018-09-27-15-33-17+0800__CAM_BACK_LEFT__1538033715297423.jpg", "samples/CAM_BACK/n015-2018-09-27-15-33-17+0800__CAM_BACK__1538033715287525.jpg", "samples/CAM_BACK_RIGHT/n015-2018-09-27-15-33-17+0800__CAM_BACK_RIGHT__1538033715277893.jpg"], "intrinsics": [[[1272.5979470598488, 0.0, 826.6154927353808], [0.0, 1272.5979470598488, 479.75165386361925], [0.0, 0.0, 1.0]], [[1266.417203046554, 0.0, 816.2670197447984], [0.0, 1266.417203046554, 491.50706579294757], [0.0, 0.0, 1.0]], [[1260.8474446004698, 0.0, 807.968244525554], [0.0, 1260.8474446004698, 495.3344268742088], [0.0, 0.0, 1.0]], [[1256.7414812095406, 0.0, 792.1125740759628], [0.0, 1256.7414812095406, 492.7757465151356], [0.0, 0.0, 1.0]], [[809.2209905677063, 0.0, 829.2196003259838], [0.0, 809.2209905677063, 481.77842384512485], [0.0, 0.0, 1.0]], [[1259.5137405846733, 0.0, 807.2529053838625], [0.0, 1259.5137405846733, 501.19579884916527], [0.0, 0.0, 1.0]]], "extrinsics": [[[0.8211420178413391, -0.5705548524856567, -0.013892058283090591, -0.5452880859375], [-0.03399134427309036, -0.02459341660141945, -0.9991194605827332, 1.4911270141601562], [0.5697108507156372, 0.8208912014961243, -0.03958861529827118, -0.9954833984375], [0.0, 0.0, 0.0, 1.0]], [[0.007403791882097721, -0.9995718598365784, 0.028305837884545326, 0.01275634765625], [-0.03932125121355057, -0.02857573889195919, -0.9988179206848145, 1.504364013671875], [0.9991991519927979, 0.006282057147473097, -0.03951598331332207, -1.2783203125], [0.0, 0.0, 0.0, 1.0]], [[-0.8319082856178284, -0.5538477897644043, 0.03436817601323128, 0.769775390625], [-0.03375314176082611, -0.011315152049064636, -0.9993661046028137, 1.492950439453125], [0.5538855791091919, -0.8325410485267639, -0.009280933067202568, -1.0692138671875], [0.0, 0.0, 0.0, 1.0]], [[0.9471737742424011, 0.3185766041278839, -0.03702548146247864, -1.15234375], [-0.025035031139850616, -0.04165154695510864, -0.9988184571266174, 1.5888442993164062], [-0.3197423815727234, 0.9469816088676453, -0.031475674360990524, -0.1006317138671875], [0.0, 0.0, 0.0, 1.0]], [[0.0013857276644557714, 0.9994945526123047, -0.03175929933786392, 0.00115966796875], [-0.05048059672117233, -0.0316489152610302, -0.9982234239578247, 1.573883056640625], [-0.9987240433692932, 0.0029865566175431013, 0.050411224365234375, -0.107421875], [0.0, 0.0, 0.0, 1.0]], [[-0.9350531101226807, 0.35433855652809143, 0.010943341068923473, 0.9234619140625], [-0.017881959676742554, -0.016313355416059494, -0.999707043170929, 1.5474472045898438], [-0.3540562689304352, -0.9349748492240906, 0.02159011922776699, -0.1409912109375], [0.0, 0.0, 0.0, 1.0]]], "view": [[0.0, -2.0, 100.0], [-2.0, 0.0, 100.0], [0.0, 0.0, 1.0]], "bev": "bev_9e8e69ac8ce5449e9abb96dd23a23ac4.png", "aux": "aux_9e8e69ac8ce5449e9abb96dd23a23ac4.npz", "visibility": "visibility_9e8e69ac8ce5449e9abb96dd23a23ac4.png", "pose": [[0.5624352693557739, -0.8268412947654724, 0.0, 828.6257934570312], [0.8268412947654724, 0.5624352693557739, 0.0, 2349.638671875], [0.0, 0.0, 1.0, 0.0], [0.0, 0.0, 0.0, 1.0]], "pose_inverse": [[0.5624352693557739, 0.8268412947654724, 0.0, -2408.82666015625], [-0.8268412947654724, 0.5624352693557739, 0.0, -636.377685546875], [0.0, 0.0, 1.0, 0.0], [0.0, 0.0, 0.0, 1.0]], "cam_ids": [0, 1, 2, 3, 4, 5], "cam_channels": ["CAM_FRONT_LEFT", "CAM_FRONT", "CAM_FRONT_RIGHT", "CAM_BACK_LEFT", "CAM_BACK", "CAM_BACK_RIGHT"], "token": "9e8e69ac8ce5449e9abb96dd23a23ac4", "scene": "scene-0403"}, {"images": ["samples/CAM_FRONT_LEFT/n015-2018-09-27-15-33-17+0800__CAM_FRONT_LEFT__1538033715754844.jpg", "samples/CAM_FRONT/n015-2018-09-27-15-33-17+0800__CAM_FRONT__1538033715762460.jpg", "samples/CAM_FRONT_RIGHT/n015-2018-09-27-15-33-17+0800__CAM_FRONT_RIGHT__1538033715770339.jpg", "samples/CAM_BACK_LEFT/n015-2018-09-27-15-33-17+0800__CAM_BACK_LEFT__1538033715797423.jpg", "samples/CAM_BACK/n015-2018-09-27-15-33-17+0800__CAM_BACK__1538033715787525.jpg", "samples/CAM_BACK_RIGHT/n015-2018-09-27-15-33-17+0800__CAM_BACK_RIGHT__1538033715777893.jpg"], "intrinsics": [[[1272.5979470598488, 0.0, 826.6154927353808], [0.0, 1272.5979470598488, 479.75165386361925], [0.0, 0.0, 1.0]], [[1266.417203046554, 0.0, 816.2670197447984], [0.0, 1266.417203046554, 491.50706579294757], [0.0, 0.0, 1.0]], [[1260.8474446004698, 0.0, 807.968244525554], [0.0, 1260.8474446004698, 495.3344268742088], [0.0, 0.0, 1.0]], [[1256.7414812095406, 0.0, 792.1125740759628], [0.0, 1256.7414812095406, 492.7757465151356], [0.0, 0.0, 1.0]], [[809.2209905677063, 0.0, 829.2196003259838], [0.0, 809.2209905677063, 481.77842384512485], [0.0, 0.0, 1.0]], [[1259.5137405846733, 0.0, 807.2529053838625], [0.0, 1259.5137405846733, 501.19579884916527], [0.0, 0.0, 1.0]]], "extrinsics": [[[0.8213503360748291, -0.5702812075614929, -0.012760947458446026, -0.533935546875], [-0.028464380651712418, -0.018632331863045692, -0.9994211196899414, 1.4935150146484375], [0.569713294506073, 0.8212382197380066, -0.03153637424111366, -0.9876708984375], [0.0, 0.0, 0.0, 1.0]], [[0.007232055068016052, -0.9997180104255676, 0.02261403761804104, 0.0128173828125], [-0.03369099274277687, -0.02284538745880127, -0.9991711974143982, 1.5062026977539062], [0.999406099319458, 0.006464142818003893, -0.03384671360254288, -1.264404296875], [0.0, 0.0, 0.0, 1.0]], [[-0.8321456909179688, -0.5539261102676392, 0.0264445710927248, 0.758544921875], [-0.02794855460524559, -0.005734574981033802, -0.9995929002761841, 1.494415283203125], [0.5538522601127625, -0.832546055316925, -0.010709431953728199, -1.0623779296875], [0.0, 0.0, 0.0, 1.0]], [[0.9474291205406189, 0.31865394115448, -0.02894214354455471, -1.1474609375], [-0.01834915019571781, -0.036195311695337296, -0.9991762638092041, 1.5886459350585938], [-0.31943899393081665, 0.9471797347068787, -0.028445463627576828, -0.1015472412109375], [0.0, 0.0, 0.0, 1.0]], [[0.0016217322554439306, 0.9996533393859863, -0.026277845725417137, 0.00177001953125], [-0.044170744717121124, -0.026180626824498177, -0.9986809492111206, 1.5741958618164062], [-0.9990227222442627, 0.002780197886750102, 0.044112976640462875, -0.11572265625], [0.0, 0.0, 0.0, 1.0]], [[-0.9350789189338684, 0.35436493158340454, 0.007270840462297201, 0.9134521484375], [-0.011866326443850994, -0.010796918533742428, -0.9998713135719299, 1.5486602783203125], [-0.35424089431762695, -0.9350448846817017, 0.014300980605185032, -0.1453857421875], [0.0, 0.0, 0.0, 1.0]]], "view": [[0.0, -2.0, 100.0], [-2.0, 0.0, 100.0], [0.0, 0.0, 1.0]], "bev": "bev_69402a319bda4dd1a45f06a89776c26a.png", "aux": "aux_69402a319bda4dd1a45f06a89776c26a.npz", "visibility": "visibility_69402a319bda4dd1a45f06a89776c26a.png", "pose": [[0.563502311706543, -0.8261144757270813, 0.0, 832.1328125], [0.8261144757270813, 0.563502311706543, 0.0, 2354.719970703125], [0.0, 0.0, 1.0, 0.0], [0.0, 0.0, 0.0, 1.0]], "pose_inverse": [[0.563502311706543, 0.8261144757270813, 0.0, -2414.177001953125], [-0.8261144757270813, 0.563502311706543, 0.0, -639.453125], [0.0, 0.0, 1.0, 0.0], [0.0, 0.0, 0.0, 1.0]], "cam_ids": [0, 1, 2, 3, 4, 5], "cam_channels": ["CAM_FRONT_LEFT", "CAM_FRONT", "CAM_FRONT_RIGHT", "CAM_BACK_LEFT", "CAM_BACK", "CAM_BACK_RIGHT"], "token": "69402a319bda4dd1a45f06a89776c26a", "scene": "scene-0403"}, {"images": ["samples/CAM_FRONT_LEFT/n015-2018-09-27-15-33-17+0800__CAM_FRONT_LEFT__1538033716254844.jpg", "samples/CAM_FRONT/n015-2018-09-27-15-33-17+0800__CAM_FRONT__1538033716262460.jpg", "samples/CAM_FRONT_RIGHT/n015-2018-09-27-15-33-17+0800__CAM_FRONT_RIGHT__1538033716270339.jpg", "samples/CAM_BACK_LEFT/n015-2018-09-27-15-33-17+0800__CAM_BACK_LEFT__1538033716297423.jpg", "samples/CAM_BACK/n015-2018-09-27-15-33-17+0800__CAM_BACK__1538033716287525.jpg", "samples/CAM_BACK_RIGHT/n015-2018-09-27-15-33-17+0800__CAM_BACK_RIGHT__1538033716277893.jpg"], "intrinsics": [[[1272.5979470598488, 0.0, 826.6154927353808], [0.0, 1272.5979470598488, 479.75165386361925], [0.0, 0.0, 1.0]], [[1266.417203046554, 0.0, 816.2670197447984], [0.0, 1266.417203046554, 491.50706579294757], [0.0, 0.0, 1.0]], [[1260.8474446004698, 0.0, 807.968244525554], [0.0, 1260.8474446004698, 495.3344268742088], [0.0, 0.0, 1.0]], [[1256.7414812095406, 0.0, 792.1125740759628], [0.0, 1256.7414812095406, 492.7757465151356], [0.0, 0.0, 1.0]], [[809.2209905677063, 0.0, 829.2196003259838], [0.0, 809.2209905677063, 481.77842384512485], [0.0, 0.0, 1.0]], [[1259.5137405846733, 0.0, 807.2529053838625], [0.0, 1259.5137405846733, 501.19579884916527], [0.0, 0.0, 1.0]]], "extrinsics": [[[0.819907009601593, -0.5721498131752014, -0.019928516820073128, -0.528564453125], [-0.03055143542587757, -0.008967790752649307, -0.9994929432868958, 1.4920272827148438], [0.571681022644043, 0.8201001286506653, -0.024832751601934433, -0.9774169921875], [0.0, 0.0, 0.0, 1.0]], [[0.0051565528847277164, -0.9999048709869385, 0.012791456654667854, 0.0084228515625], [-0.03630009666085243, -0.012970366515219212, -0.9992567896842957, 1.5047607421875], [0.9993276000022888, 0.004688335582613945, -0.036363523453474045, -1.258056640625], [0.0, 0.0, 0.0, 1.0]], [[-0.8330308198928833, -0.5527255535125732, 0.02353570982813835, 0.75390625], [-0.031076237559318542, 0.0042757936753332615, -0.9995078444480896, 1.4932327270507812], [0.5523529648780823, -0.8333524465560913, -0.020738497376441956, -1.0631103515625], [0.0, 0.0, 0.0, 1.0]], [[0.9474819302558899, 0.31834208965301514, -0.030596647411584854, -1.144775390625], [-0.023470858111977577, -0.02619665488600731, -0.9993812441825867, 1.5886154174804688], [-0.3189466595649719, 0.9476138949394226, -0.01734909601509571, -0.102752685546875], [0.0, 0.0, 0.0, 1.0]], [[0.002458523726090789, 0.9998653531074524, -0.016225263476371765, 0.00274658203125], [-0.04854919761419296, -0.01608683355152607, -0.9986912608146667, 1.5736007690429688], [-0.9988177418708801, 0.0032430060673505068, 0.04850311204791069, -0.11669921875], [0.0, 0.0, 0.0, 1.0]], [[-0.9345576763153076, 0.3555259704589844, 0.014251643791794777, 0.9122314453125], [-0.015527429059147835, -0.000735123991034925, -0.9998791813850403, 1.5477218627929688], [-0.3554725646972656, -0.934666097164154, 0.006207418628036976, -0.1480712890625], [0.0, 0.0, 0.0, 1.0]]], "view": [[0.0, -2.0, 100.0], [-2.0, 0.0, 100.0], [0.0, 0.0, 1.0]], "bev": "bev_21dad533e91d482eb11a95cdb41ed9d2.png", "aux": "aux_21dad533e91d482eb11a95cdb41ed9d2.npz", "visibility": "visibility_21dad533e91d482eb11a95cdb41ed9d2.png", "pose": [[0.5633969306945801, -0.8261863589286804, 0.0, 835.6961669921875], [0.8261863589286804, 0.5633969306945801, 0.0, 2359.8935546875], [0.0, 0.0, 1.0, 0.0], [0.0, 0.0, 0.0, 1.0]], "pose_inverse": [[0.5633969306945801, 0.8261863589286804, 0.0, -2420.54052734375], [-0.8261863589286804, 0.5633969306945801, 0.0, -639.115966796875], [0.0, 0.0, 1.0, 0.0], [0.0, 0.0, 0.0, 1.0]], "cam_ids": [0, 1, 2, 3, 4, 5], "cam_channels": ["CAM_FRONT_LEFT", "CAM_FRONT", "CAM_FRONT_RIGHT", "CAM_BACK_LEFT", "CAM_BACK", "CAM_BACK_RIGHT"], "token": "21dad533e91d482eb11a95cdb41ed9d2", "scene": "scene-0403"}, {"images": ["samples/CAM_FRONT_LEFT/n015-2018-09-27-15-33-17+0800__CAM_FRONT_LEFT__1538033716754844.jpg", "samples/CAM_FRONT/n015-2018-09-27-15-33-17+0800__CAM_FRONT__1538033716762460.jpg", "samples/CAM_FRONT_RIGHT/n015-2018-09-27-15-33-17+0800__CAM_FRONT_RIGHT__1538033716770339.jpg", "samples/CAM_BACK_LEFT/n015-2018-09-27-15-33-17+0800__CAM_BACK_LEFT__1538033716797423.jpg", "samples/CAM_BACK/n015-2018-09-27-15-33-17+0800__CAM_BACK__1538033716787525.jpg", "samples/CAM_BACK_RIGHT/n015-2018-09-27-15-33-17+0800__CAM_BACK_RIGHT__1538033716777893.jpg"], "intrinsics": [[[1272.5979470598488, 0.0, 826.6154927353808], [0.0, 1272.5979470598488, 479.75165386361925], [0.0, 0.0, 1.0]], [[1266.417203046554, 0.0, 816.2670197447984], [0.0, 1266.417203046554, 491.50706579294757], [0.0, 0.0, 1.0]], [[1260.8474446004698, 0.0, 807.968244525554], [0.0, 1260.8474446004698, 495.3344268742088], [0.0, 0.0, 1.0]], [[1256.7414812095406, 0.0, 792.1125740759628], [0.0, 1256.7414812095406, 492.7757465151356], [0.0, 0.0, 1.0]], [[809.2209905677063, 0.0, 829.2196003259838], [0.0, 809.2209905677063, 481.77842384512485], [0.0, 0.0, 1.0]], [[1259.5137405846733, 0.0, 807.2529053838625], [0.0, 1259.5137405846733, 501.19579884916527], [0.0, 0.0, 1.0]]], "extrinsics": [[[0.8207640647888184, -0.5710094571113586, -0.017159372568130493, -0.5374755859375], [-0.023579152300953865, -0.0038501089438796043, -0.9997145533561707, 1.4960899353027344], [0.5707803964614868, 0.8209344744682312, -0.016623949632048607, -0.990234375], [0.0, 0.0, 0.0, 1.0]], [[0.006078960839658976, -0.9999515414237976, 0.00772979436442256, 0.0125732421875], [-0.029413485899567604, -0.007905392907559872, -0.9995360970497131, 1.5081329345703125], [0.9995488524436951, 0.005848764441907406, -0.0294601209461689, -1.269775390625], [0.0, 0.0, 0.0, 1.0]], [[-0.8327490091323853, -0.5534443855285645, 0.01510914321988821, 0.76318359375], [-0.024333219975233078, 0.009322439320385456, -0.9996604323387146, 1.4956817626953125], [0.553115725517273, -0.8328339457511902, -0.021230336278676987, -1.0654296875], [0.0, 0.0, 0.0, 1.0]], [[0.9473937749862671, 0.31922459602355957, -0.023253360763192177, -1.152587890625], [-0.017509639263153076, -0.020851192995905876, -0.9996292591094971, 1.5887718200683594], [-0.31959104537963867, 0.9474496245384216, -0.014164784923195839, -0.101776123046875], [0.0, 0.0, 0.0, 1.0]], [[0.0021299913059920073, 0.9999370574951172, -0.011015938594937325, 0.0013427734375], [-0.04224269092082977, -0.01091616041958332, -0.9990477561950684, 1.5745925903320312], [-0.9991050362586975, 0.0025933098513633013, 0.04221677780151367, -0.111083984375], [0.0, 0.0, 0.0, 1.0]], [[-0.9348238706588745, 0.3549732565879822, 0.009913868270814419, 0.91796875], [-0.00895480066537857, 0.004344590939581394, -0.9999504685401917, 1.5493526458740234], [-0.35499879717826843, -0.9348663091659546, -0.0008827130077406764, -0.1434326171875], [0.0, 0.0, 0.0, 1.0]]], "view": [[0.0, -2.0, 100.0], [-2.0, 0.0, 100.0], [0.0, 0.0, 1.0]], "bev": "bev_d35a8006f28f4b708e4cad2fc0a79231.png", "aux": "aux_d35a8006f28f4b708e4cad2fc0a79231.npz", "visibility": "visibility_d35a8006f28f4b708e4cad2fc0a79231.png", "pose": [[0.5663722157478333, -0.8241495490074158, 0.0, 839.1961669921875], [0.8241495490074158, 0.5663722157478333, 0.0, 2364.953125], [0.0, 0.0, 1.0, 0.0], [0.0, 0.0, 0.0, 1.0]], "pose_inverse": [[0.5663722157478333, 0.8241495490074158, 0.0, -2424.37255859375], [-0.8241495490074158, 0.5663722157478333, 0.0, -647.8206176757812], [0.0, 0.0, 1.0, 0.0], [0.0, 0.0, 0.0, 1.0]], "cam_ids": [0, 1, 2, 3, 4, 5], "cam_channels": ["CAM_FRONT_LEFT", "CAM_FRONT", "CAM_FRONT_RIGHT", "CAM_BACK_LEFT", "CAM_BACK", "CAM_BACK_RIGHT"], "token": "d35a8006f28f4b708e4cad2fc0a79231", "scene": "scene-0403"}, {"images": ["samples/CAM_FRONT_LEFT/n015-2018-09-27-15-33-17+0800__CAM_FRONT_LEFT__1538033717154844.jpg", "samples/CAM_FRONT/n015-2018-09-27-15-33-17+0800__CAM_FRONT__1538033717162460.jpg", "samples/CAM_FRONT_RIGHT/n015-2018-09-27-15-33-17+0800__CAM_FRONT_RIGHT__1538033717170339.jpg", "samples/CAM_BACK_LEFT/n015-2018-09-27-15-33-17+0800__CAM_BACK_LEFT__1538033717197573.jpg", "samples/CAM_BACK/n015-2018-09-27-15-33-17+0800__CAM_BACK__1538033717187525.jpg", "samples/CAM_BACK_RIGHT/n015-2018-09-27-15-33-17+0800__CAM_BACK_RIGHT__1538033717177893.jpg"], "intrinsics": [[[1272.5979470598488, 0.0, 826.6154927353808], [0.0, 1272.5979470598488, 479.75165386361925], [0.0, 0.0, 1.0]], [[1266.417203046554, 0.0, 816.2670197447984], [0.0, 1266.417203046554, 491.50706579294757], [0.0, 0.0, 1.0]], [[1260.8474446004698, 0.0, 807.968244525554], [0.0, 1260.8474446004698, 495.3344268742088], [0.0, 0.0, 1.0]], [[1256.7414812095406, 0.0, 792.1125740759628], [0.0, 1256.7414812095406, 492.7757465151356], [0.0, 0.0, 1.0]], [[809.2209905677063, 0.0, 829.2196003259838], [0.0, 809.2209905677063, 481.77842384512485], [0.0, 0.0, 1.0]], [[1259.5137405846733, 0.0, 807.2529053838625], [0.0, 1259.5137405846733, 501.19579884916527], [0.0, 0.0, 1.0]]], "extrinsics": [[[0.8202558755874634, -0.5717498064041138, -0.016802767291665077, -0.533203125], [-0.023121552541851997, -0.003790882881730795, -0.9997254610061646, 1.4960861206054688], [0.5715292692184448, 0.820419192314148, -0.016329238191246986, -0.9794921875], [0.0, 0.0, 0.0, 1.0]], [[0.005368632730096579, -0.999956488609314, 0.007626201491802931, 0.007568359375], [-0.027904367074370384, -0.007773146964609623, -0.9995803833007812, 1.5084915161132812], [0.9995961785316467, 0.00515355821698904, -0.027944883331656456, -1.260986328125], [0.0, 0.0, 0.0, 1.0]], [[-0.83306884765625, -0.5530203580856323, 0.012838444672524929, 0.7548828125], [-0.021739520132541656, 0.009539778344333172, -0.9997181296348572, 1.49639892578125], [0.5527420043945312, -0.8331130743026733, -0.01996968872845173, -1.06451416015625], [0.0, 0.0, 0.0, 1.0]], [[0.9476231336593628, 0.31892576813697815, -0.017224542796611786, -1.149169921875], [-0.01135226245969534, -0.02026248537003994, -0.9997302293777466, 1.5886268615722656], [-0.31918865442276, 0.947563111782074, -0.015580672770738602, -0.1004638671875], [0.0, 0.0, 0.0, 1.0]], [[0.0024145517963916063, 0.9999412298202515, -0.010573768056929111, 0.0032958984375], [-0.037337999790906906, -0.010476275347173214, -0.9992477893829346, 1.5749282836914062], [-0.9992997646331787, 0.0028075415175408125, 0.03731050714850426, -0.116943359375], [0.0, 0.0, 0.0, 1.0]], [[-0.9347302317619324, 0.35529571771621704, 0.006653608754277229, 0.912841796875], [-0.005350107327103615, 0.004651152063161135, -0.9999749064445496, 1.550166130065918], [-0.35531774163246155, -0.9347423911094666, -0.0024467040784657, -0.1485595703125], [0.0, 0.0, 0.0, 1.0]]], "view": [[0.0, -2.0, 100.0], [-2.0, 0.0, 100.0], [0.0, 0.0, 1.0]], "bev": "bev_963f7c83aa7f4d52a65d7dca2042e9fe.png", "aux": "aux_963f7c83aa7f4d52a65d7dca2042e9fe.npz", "visibility": "visibility_963f7c83aa7f4d52a65d7dca2042e9fe.png", "pose": [[0.5676334500312805, -0.8232814073562622, 0.0, 842.0462036132812], [0.8232814073562622, 0.5676334500312805, 0.0, 2369.05029296875], [0.0, 0.0, 1.0, 0.0], [0.0, 0.0, 0.0, 1.0]], "pose_inverse": [[0.5676334500312805, 0.8232814073562622, 0.0, -2428.36865234375], [-0.8232814073562622, 0.5676334500312805, 0.0, -651.51123046875], [0.0, 0.0, 1.0, 0.0], [0.0, 0.0, 0.0, 1.0]], "cam_ids": [0, 1, 2, 3, 4, 5], "cam_channels": ["CAM_FRONT_LEFT", "CAM_FRONT", "CAM_FRONT_RIGHT", "CAM_BACK_LEFT", "CAM_BACK", "CAM_BACK_RIGHT"], "token": "963f7c83aa7f4d52a65d7dca2042e9fe", "scene": "scene-0403"}, {"images": ["samples/CAM_FRONT_LEFT/n015-2018-09-27-15-33-17+0800__CAM_FRONT_LEFT__1538033717654844.jpg", "samples/CAM_FRONT/n015-2018-09-27-15-33-17+0800__CAM_FRONT__1538033717662460.jpg", "samples/CAM_FRONT_RIGHT/n015-2018-09-27-15-33-17+0800__CAM_FRONT_RIGHT__1538033717670339.jpg", "samples/CAM_BACK_LEFT/n015-2018-09-27-15-33-17+0800__CAM_BACK_LEFT__1538033717697423.jpg", "samples/CAM_BACK/n015-2018-09-27-15-33-17+0800__CAM_BACK__1538033717687525.jpg", "samples/CAM_BACK_RIGHT/n015-2018-09-27-15-33-17+0800__CAM_BACK_RIGHT__1538033717677893.jpg"], "intrinsics": [[[1272.5979470598488, 0.0, 826.6154927353808], [0.0, 1272.5979470598488, 479.75165386361925], [0.0, 0.0, 1.0]], [[1266.417203046554, 0.0, 816.2670197447984], [0.0, 1266.417203046554, 491.50706579294757], [0.0, 0.0, 1.0]], [[1260.8474446004698, 0.0, 807.968244525554], [0.0, 1260.8474446004698, 495.3344268742088], [0.0, 0.0, 1.0]], [[1256.7414812095406, 0.0, 792.1125740759628], [0.0, 1256.7414812095406, 492.7757465151356], [0.0, 0.0, 1.0]], [[809.2209905677063, 0.0, 829.2196003259838], [0.0, 809.2209905677063, 481.77842384512485], [0.0, 0.0, 1.0]], [[1259.5137405846733, 0.0, 807.2529053838625], [0.0, 1259.5137405846733, 501.19579884916527], [0.0, 0.0, 1.0]]], "extrinsics": [[[0.820564866065979, -0.5714101791381836, -0.012791753746569157, -0.5286865234375], [-0.01738380827009678, -0.002580923493951559, -0.999845564365387, 1.4990501403808594], [0.5712888240814209, 0.8206605911254883, -0.01205109991133213, -0.98046875], [0.0, 0.0, 0.0, 1.0]], [[0.0055612847208976746, -0.9999638795852661, 0.00641071330755949, 0.01019287109375], [-0.022419007495045662, -0.006533879786729813, -0.9997273683547974, 1.5107917785644531], [0.9997331500053406, 0.005416065454483032, -0.022454535588622093, -1.25732421875], [0.0, 0.0, 0.0, 1.0]], [[-0.8330430388450623, -0.5531526803970337, 0.007826446555554867, 0.751708984375], [-0.016525037586688995, 0.010740512982010841, -0.999805748462677, 1.4980354309082031], [0.5529611706733704, -0.8330106139183044, -0.01808817870914936, -1.06024169921875], [0.0, 0.0, 0.0, 1.0]], [[0.9476858377456665, 0.3189407289028168, -0.01297786645591259, -1.140625], [-0.007086566649377346, -0.019624970853328705, -0.9997822642326355, 1.5885467529296875], [-0.3191259801387787, 0.9475713968276978, -0.016338111832737923, -0.10418701171875], [0.0, 0.0, 0.0, 1.0]], [[0.002395857125520706, 0.9999504685401917, -0.009663046337664127, 0.0023193359375], [-0.03271126374602318, -0.009579533711075783, -0.9994189143180847, 1.5753021240234375], [-0.9994618892669678, 0.002710532397031784, 0.0326866