[{"images": ["samples/CAM_FRONT_LEFT/n015-2018-08-03-15-00-36+0800__CAM_FRONT_LEFT__1533280273854844.jpg", "samples/CAM_FRONT/n015-2018-08-03-15-00-36+0800__CAM_FRONT__1533280273862460.jpg", "samples/CAM_FRONT_RIGHT/n015-2018-08-03-15-00-36+0800__CAM_FRONT_RIGHT__1533280273870339.jpg", "samples/CAM_BACK_LEFT/n015-2018-08-03-15-00-36+0800__CAM_BACK_LEFT__1533280273897423.jpg", "samples/CAM_BACK/n015-2018-08-03-15-00-36+0800__CAM_BACK__1533280273887525.jpg", "samples/CAM_BACK_RIGHT/n015-2018-08-03-15-00-36+0800__CAM_BACK_RIGHT__1533280273877893.jpg"], "intrinsics": [[[1272.5979470598488, 0.0, 826.6154927353808], [0.0, 1272.5979470598488, 479.75165386361925], [0.0, 0.0, 1.0]], [[1266.417203046554, 0.0, 816.2670197447984], [0.0, 1266.417203046554, 491.50706579294757], [0.0, 0.0, 1.0]], [[1260.8474446004698, 0.0, 807.968244525554], [0.0, 1260.8474446004698, 495.3344268742088], [0.0, 0.0, 1.0]], [[1256.7414812095406, 0.0, 792.1125740759628], [0.0, 1256.7414812095406, 492.7757465151356], [0.0, 0.0, 1.0]], [[809.2209905677063, 0.0, 829.2196003259838], [0.0, 809.2209905677063, 481.77842384512485], [0.0, 0.0, 1.0]], [[1259.5137405846733, 0.0, 807.2529053838625], [0.0, 1259.5137405846733, 501.19579884916527], [0.0, 0.0, 1.0]]], "extrinsics": [[[0.8203660249710083, -0.571082353591919, -0.029401499778032303, -0.81243896484375], [-0.027579858899116516, 0.011841854080557823, -0.9995494484901428, 1.5031280517578125], [0.5711732506752014, 0.8208072781562805, -0.006035714875906706, -1.175537109375], [0.0, 0.0, 0.0, 1.0]], [[0.005602095276117325, -0.9999523162841797, -0.007991474121809006, 0.006927490234375], [-0.03344050049781799, 0.0077997962944209576, -0.9994103312492371, 1.5153923034667969], [0.999424934387207, 0.005866029299795628, -0.03339520841836929, -1.53900146484375], [0.0, 0.0, 0.0, 1.0]], [[-0.8329340219497681, -0.5532854795455933, 0.009804747067391872, 0.9320068359375], [-0.0283829253166914, 0.025020314380526543, -0.9992839097976685, 1.5001983642578125], [0.5526440143585205, -0.8326157927513123, -0.036544132977724075, -1.181396484375], [0.0, 0.0, 0.0, 1.0]], [[0.9474942088127136, 0.3190028667449951, -0.02218046970665455, -1.13092041015625], [-0.021582994610071182, -0.005408160388469696, -0.999752402305603, 1.588296890258789], [-0.3190437853336334, 0.9477383494377136, 0.0017608370399102569, -0.1075439453125], [0.0, 0.0, 0.0, 1.0]], [[0.002483719028532505, 0.9999865889549255, 0.004547662567347288, 0.002655029296875], [-0.04632146656513214, 0.004657844081521034, -0.9989157319068909, 1.5769844055175781], [-0.9989235401153564, 0.0022703981958329678, 0.04633241519331932, -0.04931640625], [0.0, 0.0, 0.0, 1.0]], [[-0.9346287846565247, 0.3551010489463806, 0.019292088225483894, 1.052490234375], [-0.013034457340836525, 0.02000616304576397, -0.9997149109840393, 1.5502700805664062], [-0.35538581013679504, -0.934613823890686, -0.014069788157939911, -0.09502792358398438], [0.0, 0.0, 0.0, 1.0]]], "view": [[0.0, -2.0, 100.0], [-2.0, 0.0, 100.0], [0.0, 0.0, 1.0]], "bev": "bev_f1ace09e43ed4f509879174105e756c5.png", "aux": "aux_f1ace09e43ed4f509879174105e756c5.npz", "visibility": "visibility_f1ace09e43ed4f509879174105e756c5.png", "pose": [[-0.2025248259305954, -0.9792771339416504, 0.0, 123.42030334472656], [0.9792771339416504, -0.2025248259305954, 0.0, 1021.655517578125], [0.0, 0.0, 1.0, 0.0], [0.0, 0.0, 0.0, 1.0]], "pose_inverse": [[-0.2025248259305954, 0.9792771339416504, 0.0, -975.4882202148438], [-0.9792771339416504, -0.2025248259305954, 0.0, 327.7732849121094], [0.0, 0.0, 1.0, 0.0], [0.0, 0.0, 0.0, 1.0]], "cam_ids": [0, 1, 2, 3, 4, 5], "cam_channels": ["CAM_FRONT_LEFT", "CAM_FRONT", "CAM_FRONT_RIGHT", "CAM_BACK_LEFT", "CAM_BACK", "CAM_BACK_RIGHT"], "token": "f1ace09e43ed4f509879174105e756c5", "scene": "scene-0375"}, {"images": ["samples/CAM_FRONT_LEFT/n015-2018-08-03-15-00-36+0800__CAM_FRONT_LEFT__1533280274404844.jpg", "samples/CAM_FRONT/n015-2018-08-03-15-00-36+0800__CAM_FRONT__1533280274412460.jpg", "samples/CAM_FRONT_RIGHT/n015-2018-08-03-15-00-36+0800__CAM_FRONT_RIGHT__1533280274420339.jpg", "samples/CAM_BACK_LEFT/n015-2018-08-03-15-00-36+0800__CAM_BACK_LEFT__1533280274447423.jpg", "samples/CAM_BACK/n015-2018-08-03-15-00-36+0800__CAM_BACK__1533280274437525.jpg", "samples/CAM_BACK_RIGHT/n015-2018-08-03-15-00-36+0800__CAM_BACK_RIGHT__1533280274427893.jpg"], "intrinsics": [[[1272.5979470598488, 0.0, 826.6154927353808], [0.0, 1272.5979470598488, 479.75165386361925], [0.0, 0.0, 1.0]], [[1266.417203046554, 0.0, 816.2670197447984], [0.0, 1266.417203046554, 491.50706579294757], [0.0, 0.0, 1.0]], [[1260.8474446004698, 0.0, 807.968244525554], [0.0, 1260.8474446004698, 495.3344268742088], [0.0, 0.0, 1.0]], [[1256.7414812095406, 0.0, 792.1125740759628], [0.0, 1256.7414812095406, 492.7757465151356], [0.0, 0.0, 1.0]], [[809.2209905677063, 0.0, 829.2196003259838], [0.0, 809.2209905677063, 481.77842384512485], [0.0, 0.0, 1.0]], [[1259.5137405846733, 0.0, 807.2529053838625], [0.0, 1259.5137405846733, 501.19579884916527], [0.0, 0.0, 1.0]]], "extrinsics": [[[0.819490373134613, -0.57082200050354, -0.05096873641014099, -0.79888916015625], [-0.048663679510354996, 0.019304485991597176, -0.9986286163330078, 1.4983978271484375], [0.5710231065750122, 0.8208468556404114, -0.011958456598222256, -1.1654052734375], [0.0, 0.0, 0.0, 1.0]], [[0.005299985408782959, -0.9998562932014465, -0.016096411272883415, 0.006591796875], [-0.05342293530702591, 0.0157905425876379, -0.9984471201896667, 1.5115432739257812], [0.9985578656196594, 0.006151671055704355, -0.05333157256245613, -1.5244140625], [0.0, 0.0, 0.0, 1.0]], [[-0.8326889276504517, -0.5533503890037537, 0.02079654671251774, 0.921875], [-0.04723966494202614, 0.033567070960998535, -0.9983193874359131, 1.4973487854003906], [0.5517223477363586, -0.8322718739509583, -0.05409102141857147, -1.1749267578125], [0.0, 0.0, 0.0, 1.0]], [[0.9471971988677979, 0.3189432919025421, -0.03305549547076225, -1.1297607421875], [-0.03653210774064064, 0.004922747611999512, -0.9993203282356262, 1.5880775451660156], [-0.3185638189315796, 0.9477609992027283, 0.016314486041665077, -0.107666015625], [0.0, 0.0, 0.0, 1.0]], [[0.00281988806091249, 0.9998949766159058, 0.014215565286576748, 0.002777099609375], [-0.06269620358943939, 0.014364431612193584, -0.9979292750358582, 1.575836181640625], [-0.9980286359786987, 0.0019227914744988084, 0.06273012608289719, -0.05419921875], [0.0, 0.0, 0.0, 1.0]], [[-0.9340739250183105, 0.3549261689186096, 0.0391555055975914, 1.04345703125], [-0.030828408896923065, 0.029088590294122696, -0.9991013407707214, 1.5483818054199219], [-0.35574617981910706, -0.9344416260719299, -0.016229087486863136, -0.09860992431640625], [0.0, 0.0, 0.0, 1.0]]], "view": [[0.0, -2.0, 100.0], [-2.0, 0.0, 100.0], [0.0, 0.0, 1.0]], "bev": "bev_4d53671ca18c48df8aba0b94bd4575d8.png", "aux": "aux_4d53671ca18c48df8aba0b94bd4575d8.npz", "visibility": "visibility_4d53671ca18c48df8aba0b94bd4575d8.png", "pose": [[-0.20138320326805115, -0.9795125126838684, 0.0, 122.97101593017578], [0.9795125126838684, -0.20138320326805115, 0.0, 1023.8945922851562], [0.0, 0.0, 1.0, 0.0], [0.0, 0.0, 0.0, 1.0]], "pose_inverse": [[-0.20138320326805115, 0.9795125126838684, 0.0, -978.1532592773438], [-0.9795125126838684, -0.20138320326805115, 0.0, 326.6468200683594], [0.0, 0.0, 1.0, 0.0], [0.0, 0.0, 0.0, 1.0]], "cam_ids": [0, 1, 2, 3, 4, 5], "cam_channels": ["CAM_FRONT_LEFT", "CAM_FRONT", "CAM_FRONT_RIGHT", "CAM_BACK_LEFT", "CAM_BACK", "CAM_BACK_RIGHT"], "token": "4d53671ca18c48df8aba0b94bd4575d8", "scene": "scene-0375"}, {"images": ["samples/CAM_FRONT_LEFT/n015-2018-08-03-15-00-36+0800__CAM_FRONT_LEFT__1533280274904844.jpg", "samples/CAM_FRONT/n015-2018-08-03-15-00-36+0800__CAM_FRONT__1533280274912460.jpg", "samples/CAM_FRONT_RIGHT/n015-2018-08-03-15-00-36+0800__CAM_FRONT_RIGHT__1533280274920339.jpg", "samples/CAM_BACK_LEFT/n015-2018-08-03-15-00-36+0800__CAM_BACK_LEFT__1533280274947714.jpg", "samples/CAM_BACK/n015-2018-08-03-15-00-36+0800__CAM_BACK__1533280274937525.jpg", "samples/CAM_BACK_RIGHT/n015-2018-08-03-15-00-36+0800__CAM_BACK_RIGHT__1533280274927893.jpg"], "intrinsics": [[[1272.5979470598488, 0.0, 826.6154927353808], [0.0, 1272.5979470598488, 479.75165386361925], [0.0, 0.0, 1.0]], [[1266.417203046554, 0.0, 816.2670197447984], [0.0, 1266.417203046554, 491.50706579294757], [0.0, 0.0, 1.0]], [[1260.8474446004698, 0.0, 807.968244525554], [0.0, 1260.8474446004698, 495.3344268742088], [0.0, 0.0, 1.0]], [[1256.7414812095406, 0.0, 792.1125740759628], [0.0, 1256.7414812095406, 492.7757465151356], [0.0, 0.0, 1.0]], [[809.2209905677063, 0.0, 829.2196003259838], [0.0, 809.2209905677063, 481.77842384512485], [0.0, 0.0, 1.0]], [[1259.5137405846733, 0.0, 807.2529053838625], [0.0, 1259.5137405846733, 501.19579884916527], [0.0, 0.0, 1.0]]], "extrinsics": [[[0.8215245604515076, -0.5699426531791687, -0.01620779186487198, -0.787353515625], [-0.009821773506700993, 0.014276047237217426, -0.9998498558998108, 1.5061216354370117], [0.5700884461402893, 0.8215605020523071, 0.006130277179181576, -1.157470703125], [0.0, 0.0, 0.0, 1.0]], [[0.006846331059932709, -0.9999193549156189, -0.010695348493754864, 0.006683349609375], [-0.014943309128284454, 0.010592101141810417, -0.999832272529602, 1.5178470611572266], [0.9998648166656494, 0.007005027960985899, -0.014869586564600468, -1.5128173828125], [0.0, 0.0, 0.0, 1.0]], [[-0.8324979543685913, -0.5539701581001282, -0.008004598319530487, 0.9144287109375], [-0.009157254360616207, 0.02820453979074955, -0.9995601773262024, 1.5023365020751953], [0.5539523363113403, -0.8320585489273071, -0.0285530686378479, -1.169921875], [0.0, 0.0, 0.0, 1.0]], [[0.9477651119232178, 0.31896913051605225, -0.00020329741528257728, -1.13128662109375], [5.0903403462143615e-05, -0.0007886113598942757, -0.9999996423721313, 1.5885558128356934], [-0.31896913051605225, 0.9477647542953491, -0.0007636553491465747, -0.1072998046875], [0.0, 0.0, 0.0, 1.0]], [[0.0020924045238643885, 0.9999603033065796, 0.008667885325849056, 0.002838134765625], [-0.025557197630405426, 0.00871854554861784, -0.9996353387832642, 1.5778331756591797], [-0.999671220779419, 0.0018701180815696716, 0.025574425235390663, -0.0577392578125], [0.0, 0.0, 0.0, 1.0]], [[-0.9350528717041016, 0.3545028567314148, 0.0019239481771364808, 1.037353515625], [0.00688514718785882, 0.023586111143231392, -0.9996981024742126, 1.5521721839904785], [-0.35444122552871704, -0.93475741147995, -0.024495067074894905, -0.10091018676757812], [0.0, 0.0, 0.0, 1.0]]], "view": [[0.0, -2.0, 100.0], [-2.0, 0.0, 100.0], [0.0, 0.0, 1.0]], "bev": "bev_c92cfce5b00a42e6934399026a9a5db0.png", "aux": "aux_c92cfce5b00a42e6934399026a9a5db0.npz", "visibility": "visibility_c92cfce5b00a42e6934399026a9a5db0.png", "pose": [[-0.19103573262691498, -0.9815830588340759, 0.0, 122.51891326904297], [0.9815830588340759, -0.19103573262691498, 0.0, 1026.1903076171875], [0.0, 0.0, 1.0, 0.0], [0.0, 0.0, 0.0, 1.0]], "pose_inverse": [[-0.19103573262691498, 0.9815830588340759, 0.0, -983.8855590820312], [-0.9815830588340759, -0.19103573262691498, 0.0, 316.301513671875], [0.0, 0.0, 1.0, 0.0], [0.0, 0.0, 0.0, 1.0]], "cam_ids": [0, 1, 2, 3, 4, 5], "cam_channels": ["CAM_FRONT_LEFT", "CAM_FRONT", "CAM_FRONT_RIGHT", "CAM_BACK_LEFT", "CAM_BACK", "CAM_BACK_RIGHT"], "token": "c92cfce5b00a42e6934399026a9a5db0", "scene": "scene-0375"}, {"images": ["samples/CAM_FRONT_LEFT/n015-2018-08-03-15-00-36+0800__CAM_FRONT_LEFT__1533280275404844.jpg", "samples/CAM_FRONT/n015-2018-08-03-15-00-36+0800__CAM_FRONT__1533280275412460.jpg", "samples/CAM_FRONT_RIGHT/n015-2018-08-03-15-00-36+0800__CAM_FRONT_RIGHT__1533280275420339.jpg", "samples/CAM_BACK_LEFT/n015-2018-08-03-15-00-36+0800__CAM_BACK_LEFT__1533280275447423.jpg", "samples/CAM_BACK/n015-2018-08-03-15-00-36+0800__CAM_BACK__1533280275437525.jpg", "samples/CAM_BACK_RIGHT/n015-2018-08-03-15-00-36+0800__CAM_BACK_RIGHT__1533280275427893.jpg"], "intrinsics": [[[1272.5979470598488, 0.0, 826.6154927353808], [0.0, 1272.5979470598488, 479.75165386361925], [0.0, 0.0, 1.0]], [[1266.417203046554, 0.0, 816.2670197447984], [0.0, 1266.417203046554, 491.50706579294757], [0.0, 0.0, 1.0]], [[1260.8474446004698, 0.0, 807.968244525554], [0.0, 1260.8474446004698, 495.3344268742088], [0.0, 0.0, 1.0]], [[1256.7414812095406, 0.0, 792.1125740759628], [0.0, 1256.7414812095406, 492.7757465151356], [0.0, 0.0, 1.0]], [[809.2209905677063, 0.0, 829.2196003259838], [0.0, 809.2209905677063, 481.77842384512485], [0.0, 0.0, 1.0]], [[1259.5137405846733, 0.0, 807.2529053838625], [0.0, 1259.5137405846733, 501.19579884916527], [0.0, 0.0, 1.0]]], "extrinsics": [[[0.8228697180747986, -0.5679969787597656, -0.01627502217888832, -0.7713623046875], [-0.005405617877840996, 0.020815499126911163, -0.9997687339782715, 1.5069770812988281], [0.5682043433189392, 0.822767436504364, 0.0140580665320158, -1.146514892578125], [0.0, 0.0, 0.0, 1.0]], [[0.008684935979545116, -0.9998200535774231, -0.01686469092965126, 0.006683349609375], [-0.010879788547754288, 0.016769850626587868, -0.9998002052307129, 1.5183916091918945], [0.9999030828475952, 0.008866667747497559, -0.01073218509554863, -1.49530029296875], [0.0, 0.0, 0.0, 1.0]], [[-0.8317123651504517, -0.5550218820571899, -0.014324292540550232, 0.901611328125], [-0.005493559874594212, 0.0340254008769989, -0.9994058609008789, 1.5027904510498047], [0.5551795959472656, -0.8311395049095154, -0.031348392367362976, -1.16180419921875], [0.0, 0.0, 0.0, 1.0]], [[0.9477987885475159, 0.31884896755218506, 0.0035797525197267532, -1.12762451171875], [0.002536797197535634, 0.0036862087436020374, -0.9999899864196777, 1.5885961055755615], [-0.3188590109348297, 0.9477983713150024, 0.002684928709641099, -0.1082763671875], [0.0, 0.0, 0.0, 1.0]], [[0.0015040719881653786, 0.9999054074287415, 0.01367440540343523, 0.00299072265625], [-0.02265492081642151, 0.01370498351752758, -0.9996494054794312, 1.5778350830078125], [-0.9997422099113464, 0.0011937526287510991, 0.022673390805721283, -0.06536865234375], [0.0, 0.0, 0.0, 1.0]], [[-0.93541020154953, 0.3535635769367218, 0.0007286904728971422, 1.0263671875], [0.01020620297640562, 0.029062187299132347, -0.9995254874229431, 1.552652359008789], [-0.3534170091152191, -0.9349589943885803, -0.030793607234954834, -0.10530853271484375], [0.0, 0.0, 0.0, 1.0]]], "view": [[0.0, -2.0, 100.0], [-2.0, 0.0, 100.0], [0.0, 0.0, 1.0]], "bev": "bev_01df20e26d6e41f491f3e1139e36780e.png", "aux": "aux_01df20e26d6e41f491f3e1139e36780e.npz", "visibility": "visibility_01df20e26d6e41f491f3e1139e36780e.png", "pose": [[-0.1561078131198883, -0.9877400398254395, 0.0, 122.09762573242188], [0.9877400398254395, -0.1561078131198883, 0.0, 1028.5948486328125], [0.0, 0.0, 1.0, 0.0], [0.0, 0.0, 0.0, 1.0]], "pose_inverse": [[-0.1561078131198883, 0.9877400398254395, 0.0, -996.9238891601562], [-0.9877400398254395, -0.1561078131198883, 0.0, 281.17242431640625], [0.0, 0.0, 1.0, 0.0], [0.0, 0.0, 0.0, 1.0]], "cam_ids": [0, 1, 2, 3, 4, 5], "cam_channels": ["CAM_FRONT_LEFT", "CAM_FRONT", "CAM_FRONT_RIGHT", "CAM_BACK_LEFT", "CAM_BACK", "CAM_BACK_RIGHT"], "token": "01df20e26d6e41f491f3e1139e36780e", "scene": "scene-0375"}, {"images": ["samples/CAM_FRONT_LEFT/n015-2018-08-03-15-00-36+0800__CAM_FRONT_LEFT__1533280275904844.jpg", "samples/CAM_FRONT/n015-2018-08-03-15-00-36+0800__CAM_FRONT__1533280275912460.jpg", "samples/CAM_FRONT_RIGHT/n015-2018-08-03-15-00-36+0800__CAM_FRONT_RIGHT__1533280275920339.jpg", "samples/CAM_BACK_LEFT/n015-2018-08-03-15-00-36+0800__CAM_BACK_LEFT__1533280275947423.jpg", "samples/CAM_BACK/n015-2018-08-03-15-00-36+0800__CAM_BACK__1533280275937525.jpg", "samples/CAM_BACK_RIGHT/n015-2018-08-03-15-00-36+0800__CAM_BACK_RIGHT__1533280275927893.jpg"], "intrinsics": [[[1272.5979470598488, 0.0, 826.6154927353808], [0.0, 1272.5979470598488, 479.75165386361925], [0.0, 0.0, 1.0]], [[1266.417203046554, 0.0, 816.2670197447984], [0.0, 1266.417203046554, 491.50706579294757], [0.0, 0.0, 1.0]], [[1260.8474446004698, 0.0, 807.968244525554], [0.0, 1260.8474446004698, 495.3344268742088], [0.0, 0.0, 1.0]], [[1256.7414812095406, 0.0, 792.1125740759628], [0.0, 1256.7414812095406, 492.7757465151356], [0.0, 0.0, 1.0]], [[809.2209905677063, 0.0, 829.2196003259838], [0.0, 809.2209905677063, 481.77842384512485], [0.0, 0.0, 1.0]], [[1259.5137405846733, 0.0, 807.2529053838625], [0.0, 1259.5137405846733, 501.19579884916527], [0.0, 0.0, 1.0]]], "extrinsics": [[[0.8227169513702393, -0.5681641697883606, -0.018068676814436913, -0.763427734375], [-0.0047657545655965805, 0.024890707805752754, -0.9996788501739502, 1.5071001052856445], [0.5684313774108887, 0.8225387930870056, 0.017770273610949516, -1.1400146484375], [0.0, 0.0, 0.0, 1.0]], [[0.008470597676932812, -0.9997420310974121, -0.021073665469884872, 0.006011962890625], [-0.010030516423285007, 0.02098841220140457, -0.9997293949127197, 1.5184993743896484], [0.99991375207901, 0.008679681457579136, -0.009850144386291504, -1.488037109375], [0.0, 0.0, 0.0, 1.0]], [[-0.8317932486534119, -0.5548055171966553, -0.017631787806749344, 0.89715576171875], [-0.004423269536346197, 0.038387980312108994, -0.9992530941963196, 1.5029544830322266], [0.5550679564476013, -0.8310939073562622, -0.034384917467832565, -1.159423828125], [0.0, 0.0, 0.0, 1.0]], [[0.9478681683540344, 0.3185892105102539, 0.006846382282674313, -1.12774658203125], [0.0043261246755719185, 0.008617579005658627, -0.9999535083770752, 1.5886262655258179], [-0.31863340735435486, 0.947853684425354, 0.006790072191506624, -0.10791015625], [0.0, 0.0, 0.0, 1.0]], [[0.0015792304184287786, 0.9998292326927185, 0.018414165824651718, 0.0032196044921875], [-0.021109266206622124, 0.01844341680407524, -0.9996070265769958, 1.5779094696044922], [-0.9997759461402893, 0.0011898991651833057, 0.021134786307811737, -0.0670166015625], [0.0, 0.0, 0.0, 1.0]], [[-0.9353609681129456, 0.3536929190158844, 0.0011315656593069434, 1.023193359375], [0.011488624848425388, 0.03357958793640137, -0.9993700385093689, 1.5528583526611328], [-0.3535081148147583, -0.934758722782135, -0.035472482442855835, -0.106964111328125], [0.0, 0.0, 0.0, 1.0]]], "view": [[0.0, -2.0, 100.0], [-2.0, 0.0, 100.0], [0.0, 0.0, 1.0]], "bev": "bev_829a9c8a9a684852bfa61fb1e52a824a.png", "aux": "aux_829a9c8a9a684852bfa61fb1e52a824a.npz", "visibility": "visibility_829a9c8a9a684852bfa61fb1e52a824a.png", "pose": [[-0.11044026911258698, -0.9938827753067017, 0.0, 121.75238037109375], [0.9938827753067017, -0.11044026911258698, 0.0, 1031.2174072265625], [0.0, 0.0, 1.0, 0.0], [0.0, 0.0, 0.0, 1.0]], "pose_inverse": [[-0.11044026911258698, 0.9938827753067017, 0.0, -1011.4628295898438], [-0.9938827753067017, -0.11044026911258698, 0.0, 234.89552307128906], [0.0, 0.0, 1.0, 0.0], [0.0, 0.0, 0.0, 1.0]], "cam_ids": [0, 1, 2, 3, 4, 5], "cam_channels": ["CAM_FRONT_LEFT", "CAM_FRONT", "CAM_FRONT_RIGHT", "CAM_BACK_LEFT", "CAM_BACK", "CAM_BACK_RIGHT"], "token": "829a9c8a9a684852bfa61fb1e52a824a", "scene": "scene-0375"}, {"images": ["samples/CAM_FRONT_LEFT/n015-2018-08-03-15-00-36+0800__CAM_FRONT_LEFT__1533280276504844.jpg", "samples/CAM_FRONT/n015-2018-08-03-15-00-36+0800__CAM_FRONT__1533280276512460.jpg", "samples/CAM_FRONT_RIGHT/n015-2018-08-03-15-00-36+0800__CAM_FRONT_RIGHT__1533280276520339.jpg", "samples/CAM_BACK_LEFT/n015-2018-08-03-15-00-36+0800__CAM_BACK_LEFT__1533280276547423.jpg", "samples/CAM_BACK/n015-2018-08-03-15-00-36+0800__CAM_BACK__1533280276537525.jpg", "samples/CAM_BACK_RIGHT/n015-2018-08-03-15-00-36+0800__CAM_BACK_RIGHT__1533280276527893.jpg"], "intrinsics": [[[1272.5979470598488, 0.0, 826.6154927353808], [0.0, 1272.5979470598488, 479.75165386361925], [0.0, 0.0, 1.0]], [[1266.417203046554, 0.0, 816.2670197447984], [0.0, 1266.417203046554, 491.50706579294757], [0.0, 0.0, 1.0]], [[1260.8474446004698, 0.0, 807.968244525554], [0.0, 1260.8474446004698, 495.3344268742088], [0.0, 0.0, 1.0]], [[1256.7414812095406, 0.0, 792.1125740759628], [0.0, 1256.7414812095406, 492.7757465151356], [0.0, 0.0, 1.0]], [[809.2209905677063, 0.0, 829.2196003259838], [0.0, 809.2209905677063, 481.77842384512485], [0.0, 0.0, 1.0]], [[1259.5137405846733, 0.0, 807.2529053838625], [0.0, 1259.5137405846733, 501.19579884916527], [0.0, 0.0, 1.0]]], "extrinsics": [[[0.8223698139190674, -0.5685974359512329, -0.020118271932005882, -0.7432861328125], [-0.002989803208038211, 0.031040877103805542, -0.9995136260986328, 1.5074634552001953], [0.5689453482627869, 0.8220301270484924, 0.02382708713412285, -1.1259765625], [0.0, 0.0, 0.0, 1.0]], [[0.007938820868730545, -0.9995949864387512, -0.027327464893460274, 0.0062255859375], [-0.00864447746425867, 0.027258703485131264, -0.999591052532196, 1.5186128616333008], [0.9999310970306396, 0.008171807043254375, -0.008424574509263039, -1.4681396484375], [0.0, 0.0, 0.0, 1.0]], [[-0.8320282101631165, -0.5542974472045898, -0.0219853725284338, 0.8848876953125], [-0.0034306037705391645, 0.04477299004793167, -0.9989912509918213, 1.5030632019042969], [0.5547227263450623, -0.8311135768890381, -0.039153967052698135, -1.151123046875], [0.0, 0.0, 0.0, 1.0]], [[0.9478245973587036, 0.3186761438846588, 0.00861404463648796, -1.12921142578125], [0.003908098209649324, 0.015403619967401028, -0.999873697757721, 1.5886142253875732], [-0.31876859068870544, 0.947738528251648, 0.013354510068893433, -0.107757568359375], [0.0, 0.0, 0.0, 1.0]], [[0.001809289795346558, 0.9996852874755859, 0.025024674832820892, 0.003204345703125], [-0.02101539820432663, 0.025057198479771614, -0.9994651079177856, 1.577829360961914], [-0.9997775554656982, 0.0012824172154068947, 0.021054118871688843, -0.0712890625], [0.0, 0.0, 0.0, 1.0]], [[-0.9352350234985352, 0.35401564836502075, 0.0028775737155228853, 1.01373291015625], [0.012093174271285534, 0.040068890899419785, -0.999123752117157, 1.5530552864074707], [-0.3538207411766052, -0.934380829334259, -0.04175500199198723, -0.110504150390625], [0.0, 0.0, 0.0, 1.0]]], "view": [[0.0, -2.0, 100.0], [-2.0, 0.0, 100.0], [0.0, 0.0, 1.0]], "bev": "bev_f308a19049514a79b2414235b0deb9b5.png", "aux": "aux_f308a19049514a79b2414235b0deb9b5.npz", "visibility": "visibility_f308a19049514a79b2414235b0deb9b5.png", "pose": [[-0.057530634105205536, -0.9983437657356262, 0.0, 121.48200225830078], [0.9983437657356262, -0.057530634105205536, 0.0, 1034.6710205078125], [0.0, 0.0, 1.0, 0.0], [0.0, 0.0, 0.0, 1.0]], "pose_inverse": [[-0.057530634105205536, 0.9983437657356262, 0.0, -1025.9683837890625], [-0.9983437657356262, -0.057530634105205536, 0.0, 180.8060760498047], [0.0, 0.0, 1.0, 0.0], [0.0, 0.0, 0.0, 1.0]], "cam_ids": [0, 1, 2, 3, 4, 5], "cam_channels": ["CAM_FRONT_LEFT", "CAM_FRONT", "CAM_FRONT_RIGHT", "CAM_BACK_LEFT", "CAM_BACK", "CAM_BACK_RIGHT"], "token": "f308a19049514a79b2414235b0deb9b5", "scene": "scene-0375"}, {"images": ["samples/CAM_FRONT_LEFT/n015-2018-08-03-15-00-36+0800__CAM_FRONT_LEFT__1533280277004844.jpg", "samples/CAM_FRONT/n015-2018-08-03-15-00-36+0800__CAM_FRONT__1533280277012460.jpg", "samples/CAM_FRONT_RIGHT/n015-2018-08-03-15-00-36+0800__CAM_FRONT_RIGHT__1533280277020339.jpg", "samples/CAM_BACK_LEFT/n015-2018-08-03-15-00-36+0800__CAM_BACK_LEFT__1533280277047423.jpg", "samples/CAM_BACK/n015-2018-08-03-15-00-36+0800__CAM_BACK__1533280277037525.jpg", "samples/CAM_BACK_RIGHT/n015-2018-08-03-15-00-36+0800__CAM_BACK_RIGHT__1533280277027893.jpg"], "intrinsics": [[[1272.5979470598488, 0.0, 826.6154927353808], [0.0, 1272.5979470598488, 479.75165386361925], [0.0, 0.0, 1.0]], [[1266.417203046554, 0.0, 816.2670197447984], [0.0, 1266.417203046554, 491.50706579294757], [0.0, 0.0, 1.0]], [[1260.8474446004698, 0.0, 807.968244525554], [0.0, 1260.8474446004698, 495.3344268742088], [0.0, 0.0, 1.0]], [[1256.7414812095406, 0.0, 792.1125740759628], [0.0, 1256.7414812095406, 492.7757465151356], [0.0, 0.0, 1.0]], [[809.2209905677063, 0.0, 829.2196003259838], [0.0, 809.2209905677063, 481.77842384512485], [0.0, 0.0, 1.0]], [[1259.5137405846733, 0.0, 807.2529053838625], [0.0, 1259.5137405846733, 501.19579884916527], [0.0, 0.0, 1.0]]], "extrinsics": [[[0.8214185833930969, -0.5700492858886719, -0.017758749425411224, -0.73358154296875], [0.00036827943404205143, 0.031668052077293396, -0.9994983673095703, 1.5083632469177246], [0.5703257918357849, 0.8209999799728394, 0.02622266300022602, -1.119110107421875], [0.0, 0.0, 0.0, 1.0]], [[0.006605894770473242, -0.9996002912521362, -0.027488743886351585, 0.00628662109375], [-0.004855465143918991, 0.02745695784687996, -0.9996112585067749, 1.5194063186645508], [0.9999663829803467, 0.006736798211932182, -0.004672146402299404, -1.45849609375], [0.0, 0.0, 0.0, 1.0]], [[-0.8325362205505371, -0.5533904433250427, -0.025346513837575912, 0.87884521484375], [0.0008278054883703589, 0.04451144114136696, -0.9990085363388062, 1.5038089752197266], [0.5539699792861938, -0.8317317962646484, -0.0365992896258831, -1.14697265625], [0.0, 0.0, 0.0, 1.0]], [[0.9477611184120178, 0.31871017813682556, 0.013146026991307735, -1.13055419921875], [0.009300801903009415, 0.013583843596279621, -0.9998644590377808, 1.5886740684509277], [-0.31884557008743286, 0.9477548599243164, 0.009909975342452526, -0.107269287109375], [0.0, 0.0, 0.0, 1.0]], [[0.00213556457310915, 0.9997144937515259, 0.023799261078238487, 0.00311279296875], [-0.01602712646126747, 0.02383047714829445, -0.9995875358581543, 1.5781478881835938], [-0.9998692870140076, 0.0017532441997900605, 0.0160734411329031, -0.0738525390625], [0.0, 0.0, 0.0, 1.0]], [[-0.9349502325057983, 0.35477539896965027, -0.0015994065906852484, 1.00872802734375], [0.016645407304167747, 0.03936203196644783, -0.9990863800048828, 1.5537281036376953], [-0.3543883264064789, -0.9341226816177368, -0.0427069216966629, -0.1121826171875], [0.0, 0.0, 0.0, 1.0]]], "view": [[0.0, -2.0, 100.0], [-2.0, 0.0, 100.0], [0.0, 0.0, 1.0]], "bev": "bev_f4f1698e99844d209f2d2d1a266d773d.png", "aux": "aux_f4f1698e99844d209f2d2d1a266d773d.npz", "visibility": "visibility_f4f1698e99844d209f2d2d1a266d773d.png", "pose": [[-0.034942399710416794, -0.9993893504142761, 0.0, 121.34994506835938], [0.9993893504142761, -0.034942399710416794, 0.0, 1037.7078857421875], [0.0, 0.0, 1.0, 0.0], [0.0, 0.0, 0.0, 1.0]], "pose_inverse": [[-0.034942399710416794, 0.9993893504142761, 0.0, -1032.833984375], [-0.9993893504142761, -0.034942399710416794, 0.0, 157.5358428955078], [0.0, 0.0, 1.0, 0.0], [0.0, 0.0, 0.0, 1.0]], "cam_ids": [0, 1, 2, 3, 4, 5], "cam_channels": ["CAM_FRONT_LEFT", "CAM_FRONT", "CAM_FRONT_RIGHT", "CAM_BACK_LEFT", "CAM_BACK", "CAM_BACK_RIGHT"], "token": "f4f1698e99844d209f2d2d1a266d773d", "scene": "scene-0375"}, {"images": ["samples/CAM_FRONT_LEFT/n015-2018-08-03-15-00-36+0800__CAM_FRONT_LEFT__1533280277504844.jpg", "samples/CAM_FRONT/n015-2018-08-03-15-00-36+0800__CAM_FRONT__1533280277512460.jpg", "samples/CAM_FRONT_RIGHT/n015-2018-08-03-15-00-36+0800__CAM_FRONT_RIGHT__1533280277520339.jpg", "samples/CAM_BACK_LEFT/n015-2018-08-03-15-00-36+0800__CAM_BACK_LEFT__1533280277547423.jpg", "samples/CAM_BACK/n015-2018-08-03-15-00-36+0800__CAM_BACK__1533280277537525.jpg", "samples/CAM_BACK_RIGHT/n015-2018-08-03-15-00-36+0800__CAM_BACK_RIGHT__1533280277527893.jpg"], "intrinsics": [[[1272.5979470598488, 0.0, 826.6154927353808], [0.0, 1272.5979470598488, 479.75165386361925], [0.0, 0.0, 1.0]], [[1266.417203046554, 0.0, 816.2670197447984], [0.0, 1266.417203046554, 491.50706579294757], [0.0, 0.0, 1.0]], [[1260.8474446004698, 0.0, 807.968244525554], [0.0, 1260.8474446004698, 495.3344268742088], [0.0, 0.0, 1.0]], [[1256.7414812095406, 0.0, 792.1125740759628], [0.0, 1256.7414812095406, 492.7757465151356], [0.0, 0.0, 1.0]], [[809.2209905677063, 0.0, 829.2196003259838], [0.0, 809.2209905677063, 481.77842384512485], [0.0, 0.0, 1.0]], [[1259.5137405846733, 0.0, 807.2529053838625], [0.0, 1259.5137405846733, 501.19579884916527], [0.0, 0.0, 1.0]]], "extrinsics": [[[0.8215532302856445, -0.5700063109397888, -0.011961753480136395, -0.72509765625], [-0.002539947861805558, 0.01732124388217926, -0.9998467564582825, 1.5074853897094727], [0.5701262354850769, 0.8214577436447144, 0.012782536447048187, -1.115386962890625], [0.0, 0.0, 0.0, 1.0]], [[0.006811906583607197, -0.999889612197876, -0.013197990134358406, 0.007781982421875], [-0.007864685729146004, 0.013144319877028465, -0.999882698059082, 1.5186214447021484], [0.999945878982544, 0.006914903409779072, -0.007774279918521643, -1.450927734375], [0.0, 0.0, 0.0, 1.0]], [[-0.8324767351150513, -0.5538609027862549, -0.014851102605462074, 0.87481689453125], [-0.0022914328146725893, 0.03024555929005146, -0.999539852142334, 1.5031843185424805], [0.5540552735328674, -0.8320596218109131, -0.026447858661413193, -1.14300537109375], [0.0, 0.0, 0.0, 1.0]], [[0.9477517604827881, 0.31895899772644043, 0.005631572101265192, -1.12890625], [0.006059383973479271, -0.00034902189509011805, -0.9999815821647644, 1.5886411666870117], [-0.3189511299133301, 0.9477684497833252, -0.002263481030240655, -0.108001708984375], [0.0, 0.0, 0.0, 1.0]], [[0.002085314132273197, 0.9999512434005737, 0.009657633490860462, 0.002655029296875], [-0.019205685704946518, 0.009695920161902905, -0.9997685551643372, 1.5778636932373047], [-0.9998133778572083, 0.001899353927001357, 0.019224967807531357, -0.0758056640625], [0.0, 0.0, 0.0, 1.0]], [[-0.9350184798240662, 0.35457929968833923, -0.0037373837549239397, 1.004638671875], [0.013531459495425224, 0.02514614723622799, -0.9995922446250916, 1.5533390045166016], [-0.35434073209762573, -0.9346877932548523, -0.028310084715485573, -0.1128997802734375], [0.0, 0.0, 0.0, 1.0]]], "view": [[0.0, -2.0, 100.0], [-2.0, 0.0, 100.0], [0.0, 0.0, 1.0]], "bev": "bev_087fd3d316d145d7a6c999179acf1ded.png", "aux": "aux_087fd3d316d145d7a6c999179acf1ded.npz", "visibility": "visibility_087fd3d316d145d7a6c999179acf1ded.png", "pose": [[-0.019801059737801552, -0.9998039603233337, 0.0, 121.27262115478516], [0.9998039603233337, -0.019801059737801552, 0.0, 1040.88916015625], [0.0, 0.0, 1.0, 0.0], [0.0, 0.0, 0.0, 1.0]], "pose_inverse": [[-0.019801059737801552, 0.9998039603233337, 0.0, -1038.2838134765625], [-0.9998039603233337, -0.019801059737801552, 0.0, 141.85955810546875], [0.0, 0.0, 1.0, 0.0], [0.0, 0.0, 0.0, 1.0]], "cam_ids": [0, 1, 2, 3, 4, 5], "cam_channels": ["CAM_FRONT_LEFT", "CAM_FRONT", "CAM_FRONT_RIGHT", "CAM_BACK_LEFT", "CAM_BACK", "CAM_BACK_RIGHT"], "token": "087fd3d316d145d7a6c999179acf1ded", "scene": "scene-0375"}, {"images": ["samples/CAM_FRONT_LEFT/n015-2018-08-03-15-00-36+0800__CAM_FRONT_LEFT__1533280278004844.jpg", "samples/CAM_FRONT/n015-2018-08-03-15-00-36+0800__CAM_FRONT__1533280278012460.jpg", "samples/CAM_FRONT_RIGHT/n015-2018-08-03-15-00-36+0800__CAM_FRONT_RIGHT__1533280278020339.jpg", "samples/CAM_BACK_LEFT/n015-2018-08-03-15-00-36+0800__CAM_BACK_LEFT__1533280278047423.jpg", "samples/CAM_BACK/n015-2018-08-03-15-00-36+0800__CAM_BACK__1533280278037525.jpg", "samples/CAM_BACK_RIGHT/n015-2018-08-03-15-00-36+0800__CAM_BACK_RIGHT__1533280278027893.jpg"], "intrinsics": [[[1272.5979470598488, 0.0, 826.6154927353808], [0.0, 1272.5979470598488, 479.75165386361925], [0.0, 0.0, 1.0]], [[1266.417203046554, 0.0, 816.2670197447984], [0.0, 1266.417203046554, 491.50706579294757], [0.0, 0.0, 1.0]], [[1260.8474446004698, 0.0, 807.968244525554], [0.0, 1260.8474446004698, 495.3344268742088], [0.0, 0.0, 1.0]], [[1256.7414812095406, 0.0, 792.1125740759628], [0.0, 1256.7414812095406, 492.7757465151356], [0.0, 0.0, 1.0]], [[809.2209905677063, 0.0, 829.2196003259838], [0.0, 809.2209905677063, 481.77842384512485], [0.0, 0.0, 1.0]], [[1259.5137405846733, 0.0, 807.2529053838625], [0.0, 1259.5137405846733, 501.19579884916527], [0.0, 0.0, 1.0]]], "extrinsics": [[[0.8200651407241821, -0.5719909071922302, -0.017878208309412003, -0.7215576171875], [-0.010594586841762066, 0.016060825437307358, -0.9998148679733276, 1.5050907135009766], [0.5721721053123474, 0.8201027512550354, 0.007110916078090668, -1.112396240234375], [0.0, 0.0, 0.0, 1.0]], [[0.004771697800606489, -0.9999134540557861, -0.012258210219442844, 0.007598876953125], [-0.015757841989398003, 0.012181640602648258, -0.9998016953468323, 1.5166568756103516], [0.9998644590377808, 0.004963911138474941, -0.015698352828621864, -1.4471435546875], [0.0, 0.0, 0.0, 1.0]], [[-0.8333888053894043, -0.552628755569458, -0.008030261844396591, 0.87237548828125], [-0.009976713918149471, 0.029569273814558983, -0.9995129108428955, 1.5016918182373047], [0.5525971055030823, -0.8329027891159058, -0.030156120657920837, -1.14141845703125], [0.0, 0.0, 0.0, 1.0]], [[0.9477888345718384, 0.31889796257019043, -0.000695256981998682, -1.12890625], [-0.0007381161558441818, 1.3552556993090548e-05, -0.9999997019767761, 1.5885460376739502], [-0.31889787316322327, 0.9477890729904175, 0.00024822985869832337, -0.108612060546875], [0.0, 0.0, 0.0, 1.0]], [[0.0027634170837700367, 0.9999499320983887, 0.009616482071578503, 0.002532958984375], [-0.026406053453683853, 0.009686133824288845, -0.9996044039726257, 1.5772876739501953], [-0.9996474385261536, 0.0025083923246711493, 0.026431499049067497, -0.0762939453125], [0.0, 0.0, 0.0, 1.0]], [[-0.9346294403076172, 0.3556092381477356, 0.0031517180614173412, 1.00286865234375], [0.006039146799594164, 0.02473236806690693, -0.9996758699417114, 1.5522913932800293], [-0.3555719256401062, -0.9343074560165405, -0.02526317723095417, -0.113494873046875], [0.0, 0.0, 0.0, 1.0]]], "view": [[0.0, -2.0, 100.0], [-2.0, 0.0, 100.0], [0.0, 0.0, 1.0]], "bev": "bev_c1c2ddb87fa246d08fe856b1da8b0b6a.png", "aux": "aux_c1c2ddb87fa246d08fe856b1da8b0b6a.npz", "visibility": "visibility_c1c2ddb87fa246d08fe856b1da8b0b6a.png", "pose": [[-0.017381079494953156, -0.9998489618301392, 0.0, 121.23408508300781], [0.9998489618301392, -0.017381079494953156, 0.0, 1044.1591796875], [0.0, 0.0, 1.0, 0.0], [0.0, 0.0, 0.0, 1.0]], "pose_inverse": [[-0.017381079494953156, 0.9998489618301392, 0.0, -1041.894287109375], [-0.9998489618301392, -0.017381079494953156, 0.0, 139.3643798828125], [0.0, 0.0, 1.0, 0.0], [0.0, 0.0, 0.0, 1.0]], "cam_ids": [0, 1, 2, 3, 4, 5], "cam_channels": ["CAM_FRONT_LEFT", "CAM_FRONT", "CAM_FRONT_RIGHT", "CAM_BACK_LEFT", "CAM_BACK", "CAM_BACK_RIGHT"], "token": "c1c2ddb87fa246d08fe856b1da8b0b6a", "scene": "scene-0375"}, {"images": ["samples/CAM_FRONT_LEFT/n015-2018-08-03-15-00-36+0800__CAM_FRONT_LEFT__1533280278504844.jpg", "samples/CAM_FRONT/n015-2018-08-03-15-00-36+0800__CAM_FRONT__1533280278512460.jpg", "samples/CAM_FRONT_RIGHT/n015-2018-08-03-15-00-36+0800__CAM_FRONT_RIGHT__1533280278520339.jpg", "samples/CAM_BACK_LEFT/n015-2018-08-03-15-00-36+0800__CAM_BACK_LEFT__1533280278547423.jpg", "samples/CAM_BACK/n015-2018-08-03-15-00-36+0800__CAM_BACK__1533280278537525.jpg", "samples/CAM_BACK_RIGHT/n015-2018-08-03-15-00-36+0800__CAM_BACK_RIGHT__1533280278527893.jpg"], "intrinsics": [[[1272.5979470598488, 0.0, 826.6154927353808], [0.0, 1272.5979470598488, 479.75165386361925], [0.0, 0.0, 1.0]], [[1266.417203046554, 0.0, 816.2670197447984], [0.0, 1266.417203046554, 491.50706579294757], [0.0, 0.0, 1.0]], [[1260.8474446004698, 0.0, 807.968244525554], [0.0, 1260.8474446004698, 495.3344268742088], [0.0, 0.0, 1.0]], [[1256.7414812095406, 0.0, 792.1125740759628], [0.0, 1256.7414812095406, 492.7757465151356], [0.0, 0.0, 1.0]], [[809.2209905677063, 0.0, 829.2196003259838], [0.0, 809.2209905677063, 481.77842384512485], [0.0, 0.0, 1.0]], [[1259.5137405846733, 0.0, 807.2529053838625], [0.0, 1259.5137405846733, 501.19579884916527], [0.0, 0.0, 1.0]]], "extrinsics": [[[0.8189424276351929, -0.573800802230835, -0.009264101274311543, -0.72601318359375], [-0.00014420133084058762, 0.01593729481101036, -0.9998729825019836, 1.5081775188446045], [0.5738756060600281, 0.8188397288322449, 0.012968982569873333, -1.1148681640625], [0.0, 0.0, 0.0, 1.0]], [[0.003136682789772749, -0.9999242424964905, -0.011894994415342808, 0.0073699951171875], [-0.005458102095872164, 0.01187775656580925, -0.9999145865440369, 1.5192022323608398], [0.9999801516532898, 0.0032013417221605778, -0.0054204328916966915, -1.4517822265625], [0.0, 0.0, 0.0, 1.0]], [[-0.8339954614639282, -0.5515334606170654, -0.016197718679904938, 0.87542724609375], [0.00019620217790361494, 0.029059424996376038, -0.9995776414871216, 1.5036425590515137], [0.5517712831497192, -0.8336463570594788, -0.02412721887230873, -1.143310546875], [0.0, 0.0, 0.0, 1.0]], [[0.947748601436615, 0.3189261853694916, 0.007652675732970238, -1.13311767578125], [0.008669387549161911, -0.001768509391695261, -0.9999608397483826, 1.5886406898498535], [-0.3189001679420471, 0.9477778077125549, -0.004440998658537865, -0.107147216796875], [0.0, 0.0, 0.0, 1.0]], [[0.0032049748115241528, 0.9999585151672363, 0.008520836941897869, 0.0023651123046875], [-0.01678686961531639, 0.008573480881750584, -0.9998223781585693, 1.5780696868896484], [-0.9998539686203003, 0.0030613718554377556, 0.016813650727272034, -0.074462890625], [0.0, 0.0, 0.0, 1.0]], [[-0.9342671632766724, 0.3565174341201782, -0.00633222097530961, 1.0057373046875], [0.015928147360682487, 0.023986341431736946, -0.9995853900909424, 1.5536413192749023], [-0.35621774196624756, -0.9339807629585266, -0.028088314458727837, -0.11224365234375], [0.0, 0.0, 0.0, 1.0]]], "view": [[0.0, -2.0, 100.0], [-2.0, 0.0, 100.0], [0.0, 0.0, 1.0]], "bev": "bev_7b2cba75710148859c8d0837d067b92a.png", "aux": "aux_7b2cba75710148859c8d0837d067b92a.npz", "visibility": "visibility_7b2cba75710148859c8d0837d067b92a.png", "pose": [[-0.04833872616291046, -0.9988309741020203, 0.0, 121.1444091796875], [0.9988309741020203, -0.04833872616291046, 0.0, 1047.437255859375], [0.0, 0.0, 1.0, 0.0], [0.0, 0.0, 0.0, 1.0]], "pose_inverse": [[-0.04833872616291046, 0.9988309741020203, 0.0, -1040.3568115234375], [-0.9988309741020203, -0.04833872616291046, 0.0, 171.6345672607422], [0.0, 0.0, 1.0, 0.0], [0.0, 0.0, 0.0, 1.0]], "cam_ids": [0, 1, 2, 3, 4, 5], "cam_channels": ["CAM_FRONT_LEFT", "CAM_FRONT", "CAM_FRONT_RIGHT", "CAM_BACK_LEFT", "CAM_BACK", "CAM_BACK_RIGHT"], "token": "7b2cba75710148859c8d0837d067b92a", "scene": "scene-0375"}, {"images": ["samples/CAM_FRONT_LEFT/n015-2018-08-03-15-00-36+0800__CAM_FRONT_LEFT__1533280279004844.jpg", "samples/CAM_FRONT/n015-2018-08-03-15-00-36+0800__CAM_FRONT__1533280279012460.jpg", "samples/CAM_FRONT_RIGHT/n015-2018-08-03-15-00-36+0800__CAM_FRONT_RIGHT__1533280279020339.jpg", "samples/CAM_BACK_LEFT/n015-2018-08-03-15-00-36+0800__CAM_BACK_LEFT__1533280279047423.jpg", "samples/CAM_BACK/n015-2018-08-03-15-00-36+0800__CAM_BACK__1533280279037525.jpg", "samples/CAM_BACK_RIGHT/n015-2018-08-03-15-00-36+0800__CAM_BACK_RIGHT__1533280279027893.jpg"], "intrinsics": [[[1272.5979470598488, 0.0, 826.6154927353808], [0.0, 1272.5979470598488, 479.75165386361925], [0.0, 0.0, 1.0]], [[1266.417203046554, 0.0, 816.2670197447984], [0.0, 1266.417203046554, 491.50706579294757], [0.0, 0.0, 1.0]], [[1260.8474446004698, 0.0, 807.968244525554], [0.0, 1260.8474446004698, 495.3344268742088], [0.0, 0.0, 1.0]], [[1256.7414812095406, 0.0, 792.1125740759628], [0.0, 1256.7414812095406, 492.7757465151356], [0.0, 0.0, 1.0]], [[809.2209905677063, 0.0, 829.2196003259838], [0.0, 809.2209905677063, 481.77842384512485], [0.0, 0.0, 1.0]], [[1259.5137405846733, 0.0, 807.2529053838625], [0.0, 1259.5137405846733, 501.19579884916527], [0.0, 0.0, 1.0]]], "extrinsics": [[[0.818804919719696, -0.5740663409233093, 0.00252044340595603, -0.72125244140625], [-0.006041829939931631, -0.01300767157226801, -0.9998971223831177, 1.5064988136291504], [0.5740400552749634, 0.8187054991722107, -0.014119154773652554, -1.112762451171875], [0.0, 0.0, 0.0, 1.0]], [[0.0030180946923792362, -0.9998422861099243, 0.017502933740615845, 0.00830078125], [-0.01192650105804205, -0.017537761479616165, -0.9997751116752625, 1.5176506042480469], [0.99992436170578, 0.002808668650686741, -0.011977550573647022, -1.4468994140625], [0.0, 0.0, 0.0, 1.0]], [[-0.8340726494789124, -0.5516200065612793, 0.006188086699694395, 0.87237548828125], [-0.006860670633614063, -0.0008441335521638393, -0.9999760985374451, 1.5023212432861328], [0.5516119599342346, -0.8340951800346375, -0.0030804139096289873, -1.1405029296875], [0.0, 0.0, 0.0, 1.0]], [[0.9476907253265381, 0.3190041184425354, -0.010894817300140858, -1.12762451171875], [-0.0006524415803141892, -0.03219662234187126, -0.9994813203811646, 1.5885658264160156], [-0.3191893994808197, 0.9472063779