[{"images": ["samples/CAM_FRONT_LEFT/n008-2018-09-18-14-54-39-0400__CAM_FRONT_LEFT__1537296926004799.jpg", "samples/CAM_FRONT/n008-2018-09-18-14-54-39-0400__CAM_FRONT__1537296926012404.jpg", "samples/CAM_FRONT_RIGHT/n008-2018-09-18-14-54-39-0400__CAM_FRONT_RIGHT__1537296926020482.jpg", "samples/CAM_BACK_LEFT/n008-2018-09-18-14-54-39-0400__CAM_BACK_LEFT__1537296926047405.jpg", "samples/CAM_BACK/n008-2018-09-18-14-54-39-0400__CAM_BACK__1537296926037558.jpg", "samples/CAM_BACK_RIGHT/n008-2018-09-18-14-54-39-0400__CAM_BACK_RIGHT__1537296926028113.jpg"], "intrinsics": [[[1257.8625342125129, 0.0, 827.2410631095686], [0.0, 1257.8625342125129, 450.915498205774], [0.0, 0.0, 1.0]], [[1252.8131021185304, 0.0, 826.588114781398], [0.0, 1252.8131021185304, 469.9846626224581], [0.0, 0.0, 1.0]], [[1256.7485116440405, 0.0, 817.7887570959712], [0.0, 1256.7485116440403, 451.9541780095127], [0.0, 0.0, 1.0]], [[1254.9860565800168, 0.0, 829.5769333630991], [0.0, 1254.9860565800168, 467.1680561863987], [0.0, 0.0, 1.0]], [[796.8910634503094, 0.0, 857.7774326863696], [0.0, 796.8910634503094, 476.8848988407415], [0.0, 0.0, 1.0]], [[1249.9629280788233, 0.0, 825.3768045375984], [0.0, 1249.9629280788233, 462.54816385708756], [0.0, 0.0, 1.0]]], "extrinsics": [[[0.834412157535553, -0.5503572225570679, 0.029383374378085136, -0.816650390625], [0.04401741176843643, 0.013402953743934631, -0.9989408850669861, 1.4982032775878906], [0.5493804812431335, 0.8348217606544495, 0.03540888801217079, -1.2100830078125], [0.0, 0.0, 0.0, 1.0]], [[0.02912989817559719, -0.9995464086532593, -0.007644984871149063, 0.0135498046875], [0.04645562916994095, 0.008993749506771564, -0.9988798499107361, 1.4890556335449219], [0.9984955191612244, 0.028742114081978798, 0.04669654369354248, -1.54315185546875], [0.0, 0.0, 0.0, 1.0]], [[-0.8348098993301392, -0.5486088991165161, -0.04605128616094589, 0.96533203125], [0.055046118795871735, 5.17980006407015e-05, -0.9984838366508484, 1.5014381408691406], [0.5477795004844666, -0.8360791206359863, 0.030155548825860023, -1.1917724609375], [0.0, 0.0, 0.0, 1.0]], [[0.9467990398406982, 0.32003486156463623, 0.03390031307935715, -1.12896728515625], [0.031276885420084, 0.01333536859601736, -0.9994217753410339, 1.5625267028808594], [-0.32030189037323, 0.9473118782043457, 0.00261621898971498, -0.1632080078125], [0.0, 0.0, 0.0, 1.0]], [[0.0026004661340266466, 0.9999751448631287, 0.006544800940901041, -0.0325927734375], [0.0327632762491703, 0.006456111557781696, -0.9994422793388367, 1.570302963256836], [-0.9994598031044006, 0.0028134414460510015, -0.03274567425251007, -0.024810791015625], [0.0, 0.0, 0.0, 1.0]], [[-0.9270819425582886, 0.37272801995277405, -0.03991060331463814, 1.054656982421875], [0.03671053797006607, -0.01568198762834072, -0.9992028474807739, 1.552016258239746], [-0.3730567395687103, -0.9278081655502319, 0.0008554451633244753, -0.083251953125], [0.0, 0.0, 0.0, 1.0]]], "view": [[0.0, -2.0, 100.0], [-2.0, 0.0, 100.0], [0.0, 0.0, 1.0]], "bev": "bev_ff98ee3af93e416a887c5dcd7c0874e1.png", "aux": "aux_ff98ee3af93e416a887c5dcd7c0874e1.npz", "visibility": "visibility_ff98ee3af93e416a887c5dcd7c0874e1.png", "pose": [[0.9996095299720764, 0.027942871674895287, 0.0, 462.6995544433594], [-0.027942871674895287, 0.9996095299720764, 0.0, 1720.1085205078125], [0.0, 0.0, 1.0, 0.0], [0.0, 0.0, 0.0, 1.0]], "pose_inverse": [[0.9996095299720764, -0.027942871674895287, 0.0, -414.4541015625], [0.027942871674895287, 0.9996095299720764, 0.0, -1732.365966796875], [0.0, 0.0, 1.0, 0.0], [0.0, 0.0, 0.0, 1.0]], "cam_ids": [0, 1, 2, 3, 4, 5], "cam_channels": ["CAM_FRONT_LEFT", "CAM_FRONT", "CAM_FRONT_RIGHT", "CAM_BACK_LEFT", "CAM_BACK", "CAM_BACK_RIGHT"], "token": "ff98ee3af93e416a887c5dcd7c0874e1", "scene": "scene-0868"}, {"images": ["samples/CAM_FRONT_LEFT/n008-2018-09-18-14-54-39-0400__CAM_FRONT_LEFT__1537296926504799.jpg", "samples/CAM_FRONT/n008-2018-09-18-14-54-39-0400__CAM_FRONT__1537296926512404.jpg", "samples/CAM_FRONT_RIGHT/n008-2018-09-18-14-54-39-0400__CAM_FRONT_RIGHT__1537296926520482.jpg", "samples/CAM_BACK_LEFT/n008-2018-09-18-14-54-39-0400__CAM_BACK_LEFT__1537296926547405.jpg", "samples/CAM_BACK/n008-2018-09-18-14-54-39-0400__CAM_BACK__1537296926537558.jpg", "samples/CAM_BACK_RIGHT/n008-2018-09-18-14-54-39-0400__CAM_BACK_RIGHT__1537296926528113.jpg"], "intrinsics": [[[1257.8625342125129, 0.0, 827.2410631095686], [0.0, 1257.8625342125129, 450.915498205774], [0.0, 0.0, 1.0]], [[1252.8131021185304, 0.0, 826.588114781398], [0.0, 1252.8131021185304, 469.9846626224581], [0.0, 0.0, 1.0]], [[1256.7485116440405, 0.0, 817.7887570959712], [0.0, 1256.7485116440403, 451.9541780095127], [0.0, 0.0, 1.0]], [[1254.9860565800168, 0.0, 829.5769333630991], [0.0, 1254.9860565800168, 467.1680561863987], [0.0, 0.0, 1.0]], [[796.8910634503094, 0.0, 857.7774326863696], [0.0, 796.8910634503094, 476.8848988407415], [0.0, 0.0, 1.0]], [[1249.9629280788233, 0.0, 825.3768045375984], [0.0, 1249.9629280788233, 462.54816385708756], [0.0, 0.0, 1.0]]], "extrinsics": [[[0.8321821689605713, -0.5540274381637573, 0.022945184260606766, -0.8133544921875], [0.03817914053797722, 0.01596756838262081, -0.9991433620452881, 1.497152328491211], [0.5531864762306213, 0.8323453664779663, 0.034440211951732635, -1.2041015625], [0.0, 0.0, 0.0, 1.0]], [[0.025350520387291908, -0.999618411064148, -0.010972028598189354, 0.009521484375], [0.040154021233320236, 0.011984890326857567, -0.9991216063499451, 1.4879684448242188], [0.9988718628883362, 0.024887699633836746, 0.04044252261519432, -1.5407180786132812], [0.0, 0.0, 0.0, 1.0]], [[-0.8367996215820312, -0.5458726286888123, -0.042302001267671585, 0.9637451171875], [0.04821638762950897, 0.003489986527711153, -0.9988307952880859, 1.5003762245178223], [0.545382022857666, -0.8378609418869019, 0.023399585857987404, -1.1951904296875], [0.0, 0.0, 0.0, 1.0]], [[0.9472699761390686, 0.31921419501304626, 0.027963224798440933, -1.13653564453125], [0.022995920851826668, 0.019320141524076462, -0.9995488524436951, 1.5622177124023438], [-0.31961047649383545, 0.947485625743866, 0.010960763320326805, -0.158935546875], [0.0, 0.0, 0.0, 1.0]], [[0.004242086783051491, 0.9999251961708069, 0.01147663313895464, -0.029052734375], [0.024844083935022354, 0.011367809027433395, -0.999626636505127, 1.5696239471435547], [-0.9996823668479919, 0.00452567171305418, -0.02479400299489498, -0.018817901611328125], [0.0, 0.0, 0.0, 1.0]], [[-0.9264320135116577, 0.375143438577652, -0.03148415684700012, 1.05767822265625], [0.02926376275718212, -0.011615995317697525, -0.9995042681694031, 1.5510635375976562], [-0.375323086977005, -0.9268940091133118, -0.00021667798864655197, -0.0850830078125], [0.0, 0.0, 0.0, 1.0]]], "view": [[0.0, -2.0, 100.0], [-2.0, 0.0, 100.0], [0.0, 0.0, 1.0]], "bev": "bev_8ff699190bdb48ae9a5662b955d0e82f.png", "aux": "aux_8ff699190bdb48ae9a5662b955d0e82f.npz", "visibility": "visibility_8ff699190bdb48ae9a5662b955d0e82f.png", "pose": [[0.9709568619728088, 0.23925472795963287, 0.0, 465.2027587890625], [-0.23925472795963287, 0.9709568619728088, 0.0, 1719.76513671875], [0.0, 0.0, 1.0, 0.0], [0.0, 0.0, 0.0, 1.0]], "pose_inverse": [[0.9709568619728088, -0.23925472795963287, 0.0, -40.2298583984375], [0.23925472795963287, 0.9709568619728088, 0.0, -1781.11962890625], [0.0, 0.0, 1.0, 0.0], [0.0, 0.0, 0.0, 1.0]], "cam_ids": [0, 1, 2, 3, 4, 5], "cam_channels": ["CAM_FRONT_LEFT", "CAM_FRONT", "CAM_FRONT_RIGHT", "CAM_BACK_LEFT", "CAM_BACK", "CAM_BACK_RIGHT"], "token": "8ff699190bdb48ae9a5662b955d0e82f", "scene": "scene-0868"}, {"images": ["samples/CAM_FRONT_LEFT/n008-2018-09-18-14-54-39-0400__CAM_FRONT_LEFT__1537296927004799.jpg", "samples/CAM_FRONT/n008-2018-09-18-14-54-39-0400__CAM_FRONT__1537296927012404.jpg", "samples/CAM_FRONT_RIGHT/n008-2018-09-18-14-54-39-0400__CAM_FRONT_RIGHT__1537296927020482.jpg", "samples/CAM_BACK_LEFT/n008-2018-09-18-14-54-39-0400__CAM_BACK_LEFT__1537296927047405.jpg", "samples/CAM_BACK/n008-2018-09-18-14-54-39-0400__CAM_BACK__1537296927037558.jpg", "samples/CAM_BACK_RIGHT/n008-2018-09-18-14-54-39-0400__CAM_BACK_RIGHT__1537296927028113.jpg"], "intrinsics": [[[1257.8625342125129, 0.0, 827.2410631095686], [0.0, 1257.8625342125129, 450.915498205774], [0.0, 0.0, 1.0]], [[1252.8131021185304, 0.0, 826.588114781398], [0.0, 1252.8131021185304, 469.9846626224581], [0.0, 0.0, 1.0]], [[1256.7485116440405, 0.0, 817.7887570959712], [0.0, 1256.7485116440403, 451.9541780095127], [0.0, 0.0, 1.0]], [[1254.9860565800168, 0.0, 829.5769333630991], [0.0, 1254.9860565800168, 467.1680561863987], [0.0, 0.0, 1.0]], [[796.8910634503094, 0.0, 857.7774326863696], [0.0, 796.8910634503094, 476.8848988407415], [0.0, 0.0, 1.0]], [[1249.9629280788233, 0.0, 825.3768045375984], [0.0, 1249.9629280788233, 462.54816385708756], [0.0, 0.0, 1.0]]], "extrinsics": [[[0.8275373578071594, -0.5613324642181396, 0.009370754472911358, -0.8055419921875], [0.027724137529730797, 0.024189498275518417, -0.9993228912353516, 1.4951019287109375], [0.560725748538971, 0.8272368311882019, 0.03558017313480377, -1.1947021484375], [0.0, 0.0, 0.0, 1.0]], [[0.01828134059906006, -0.999641478061676, -0.01956082321703434, 0.006591796875], [0.029299816116690636, 0.02009131759405136, -0.9993687272071838, 1.4860954284667969], [0.9994034171104431, 0.017696691676974297, 0.029656605795025826, -1.5340728759765625], [0.0, 0.0, 0.0, 1.0]], [[-0.840001106262207, -0.541305422782898, -0.037236832082271576, 0.9595947265625], [0.03691607341170311, 0.011452803388237953, -0.9992526769638062, 1.4988088607788086], [0.5413273572921753, -0.8407480716705322, 0.010362500324845314, -1.1953125], [0.0, 0.0, 0.0, 1.0]], [[0.947200357913971, 0.3201456367969513, 0.017838476225733757, -1.14178466796875], [0.009737950749695301, 0.026885850355029106, -0.999591052532196, 1.5620765686035156], [-0.3204943537712097, 0.9469867944717407, 0.02234872430562973, -0.15625], [0.0, 0.0, 0.0, 1.0]], [[0.005514169577509165, 0.9998005032539368, 0.019197586923837662, -0.0277099609375], [0.012557047419250011, 0.0191271360963583, -0.9997382164001465, 1.5688037872314453], [-0.999906063079834, 0.005753757432103157, -0.012449070811271667, -0.013336181640625], [0.0, 0.0, 0.0, 1.0]], [[-0.9254814386367798, 0.37838900089263916, -0.01748630777001381, 1.05841064453125], [0.017389751970767975, -0.0036725529935210943, -0.9998419880867004, 1.5497379302978516], [-0.37839338183403015, -0.9256393909454346, -0.0031812095548957586, -0.0867919921875], [0.0, 0.0, 0.0, 1.0]]], "view": [[0.0, -2.0, 100.0], [-2.0, 0.0, 100.0], [0.0, 0.0, 1.0]], "bev": "bev_f5a7c3b0f4084e38b8e408db6d027eb8.png", "aux": "aux_f5a7c3b0f4084e38b8e408db6d027eb8.npz", "visibility": "visibility_f5a7c3b0f4084e38b8e408db6d027eb8.png", "pose": [[0.9274786114692688, 0.3738761842250824, 0.0, 467.7552490234375], [-0.3738761842250824, 0.9274786114692688, 0.0, 1718.922119140625], [0.0, 0.0, 1.0, 0.0], [0.0, 0.0, 0.0, 1.0]], "pose_inverse": [[0.9274786114692688, -0.3738761842250824, 0.0, 208.83102416992188], [0.3738761842250824, 0.9274786114692688, 0.0, -1769.1461181640625], [0.0, 0.0, 1.0, 0.0], [0.0, 0.0, 0.0, 1.0]], "cam_ids": [0, 1, 2, 3, 4, 5], "cam_channels": ["CAM_FRONT_LEFT", "CAM_FRONT", "CAM_FRONT_RIGHT", "CAM_BACK_LEFT", "CAM_BACK", "CAM_BACK_RIGHT"], "token": "f5a7c3b0f4084e38b8e408db6d027eb8", "scene": "scene-0868"}, {"images": ["samples/CAM_FRONT_LEFT/n008-2018-09-18-14-54-39-0400__CAM_FRONT_LEFT__1537296927404799.jpg", "samples/CAM_FRONT/n008-2018-09-18-14-54-39-0400__CAM_FRONT__1537296927412404.jpg", "samples/CAM_FRONT_RIGHT/n008-2018-09-18-14-54-39-0400__CAM_FRONT_RIGHT__1537296927420482.jpg", "samples/CAM_BACK_LEFT/n008-2018-09-18-14-54-39-0400__CAM_BACK_LEFT__1537296927447405.jpg", "samples/CAM_BACK/n008-2018-09-18-14-54-39-0400__CAM_BACK__1537296927437566.jpg", "samples/CAM_BACK_RIGHT/n008-2018-09-18-14-54-39-0400__CAM_BACK_RIGHT__1537296927428113.jpg"], "intrinsics": [[[1257.8625342125129, 0.0, 827.2410631095686], [0.0, 1257.8625342125129, 450.915498205774], [0.0, 0.0, 1.0]], [[1252.8131021185304, 0.0, 826.588114781398], [0.0, 1252.8131021185304, 469.9846626224581], [0.0, 0.0, 1.0]], [[1256.7485116440405, 0.0, 817.7887570959712], [0.0, 1256.7485116440403, 451.9541780095127], [0.0, 0.0, 1.0]], [[1254.9860565800168, 0.0, 829.5769333630991], [0.0, 1254.9860565800168, 467.1680561863987], [0.0, 0.0, 1.0]], [[796.8910634503094, 0.0, 857.7774326863696], [0.0, 796.8910634503094, 476.8848988407415], [0.0, 0.0, 1.0]], [[1249.9629280788233, 0.0, 825.3768045375984], [0.0, 1249.9629280788233, 462.54816385708756], [0.0, 0.0, 1.0]]], "extrinsics": [[[0.8244315385818481, -0.5659611821174622, 0.000784736592322588, -0.7901611328125], [0.017918668687343597, 0.024716082960367203, -0.9995338916778564, 1.4929542541503906], [0.5656781196594238, 0.8240612745285034, 0.03051798790693283, -1.186279296875], [0.0, 0.0, 0.0, 1.0]], [[0.013223540969192982, -0.9997074604034424, -0.020250875502824783, 0.0084228515625], [0.01992291398346424, 0.020512046292424202, -0.9995911121368408, 1.4844589233398438], [0.9997140169143677, 0.012814683839678764, 0.020188327878713608, -1.518951416015625], [0.0, 0.0, 0.0, 1.0]], [[-0.8425166010856628, -0.5378397107124329, -0.029904372990131378, 0.94921875], [0.02798568829894066, 0.011736196465790272, -0.9995394349098206, 1.4977712631225586], [0.5379429459571838, -0.8429654240608215, 0.005163873545825481, -1.1868896484375], [0.0, 0.0, 0.0, 1.0]], [[0.9478123188018799, 0.3186582326889038, 0.010427774861454964, -1.139678955078125], [0.0020321800839155912, 0.026667816564440727, -0.9996422529220581, 1.5620498657226562], [-0.31882235407829285, 0.9474944472312927, 0.024628514423966408, -0.157470703125], [0.0, 0.0, 0.0, 1.0]], [[0.008172799833118916, 0.9997824430465698, 0.019191870465874672, -0.0283203125], [0.004354903008788824, 0.019156742841005325, -0.9998070001602173, 1.5683441162109375], [-0.9999570846557617, 0.008254860527813435, -0.004197390284389257, -0.020263671875], [0.0, 0.0, 0.0, 1.0]], [[-0.9243097305297852, 0.38152584433555603, -0.009462337009608746, 1.0474853515625], [0.008810017257928848, -0.003456460079178214, -0.9999552369117737, 1.5488901138305664], [-0.3815414309501648, -0.9243517518043518, -0.00016640992544125766, -0.090087890625], [0.0, 0.0, 0.0, 1.0]]], "view": [[0.0, -2.0, 100.0], [-2.0, 0.0, 100.0], [0.0, 0.0, 1.0]], "bev": "bev_740a4d955b554f0a898786bb9233f77d.png", "aux": "aux_740a4d955b554f0a898786bb9233f77d.npz", "visibility": "visibility_740a4d955b554f0a898786bb9233f77d.png", "pose": [[0.9110562801361084, 0.4122820198535919, 0.0, 469.88262939453125], [-0.4122820198535919, 0.9110562801361084, 0.0, 1718.0037841796875], [0.0, 0.0, 1.0, 0.0], [0.0, 0.0, 0.0, 1.0]], "pose_inverse": [[0.9110562801361084, -0.4122820198535919, 0.0, 280.2125549316406], [0.4122820198535919, 0.9110562801361084, 0.0, -1758.9222412109375], [0.0, 0.0, 1.0, 0.0], [0.0, 0.0, 0.0, 1.0]], "cam_ids": [0, 1, 2, 3, 4, 5], "cam_channels": ["CAM_FRONT_LEFT", "CAM_FRONT", "CAM_FRONT_RIGHT", "CAM_BACK_LEFT", "CAM_BACK", "CAM_BACK_RIGHT"], "token": "740a4d955b554f0a898786bb9233f77d", "scene": "scene-0868"}, {"images": ["samples/CAM_FRONT_LEFT/n008-2018-09-18-14-54-39-0400__CAM_FRONT_LEFT__1537296927904799.jpg", "samples/CAM_FRONT/n008-2018-09-18-14-54-39-0400__CAM_FRONT__1537296927912404.jpg", "samples/CAM_FRONT_RIGHT/n008-2018-09-18-14-54-39-0400__CAM_FRONT_RIGHT__1537296927920482.jpg", "samples/CAM_BACK_LEFT/n008-2018-09-18-14-54-39-0400__CAM_BACK_LEFT__1537296927947405.jpg", "samples/CAM_BACK/n008-2018-09-18-14-54-39-0400__CAM_BACK__1537296927937558.jpg", "samples/CAM_BACK_RIGHT/n008-2018-09-18-14-54-39-0400__CAM_BACK_RIGHT__1537296927928113.jpg"], "intrinsics": [[[1257.8625342125129, 0.0, 827.2410631095686], [0.0, 1257.8625342125129, 450.915498205774], [0.0, 0.0, 1.0]], [[1252.8131021185304, 0.0, 826.588114781398], [0.0, 1252.8131021185304, 469.9846626224581], [0.0, 0.0, 1.0]], [[1256.7485116440405, 0.0, 817.7887570959712], [0.0, 1256.7485116440403, 451.9541780095127], [0.0, 0.0, 1.0]], [[1254.9860565800168, 0.0, 829.5769333630991], [0.0, 1254.9860565800168, 467.1680561863987], [0.0, 0.0, 1.0]], [[796.8910634503094, 0.0, 857.7774326863696], [0.0, 796.8910634503094, 476.8848988407415], [0.0, 0.0, 1.0]], [[1249.9629280788233, 0.0, 825.3768045375984], [0.0, 1249.9629280788233, 462.54816385708756], [0.0, 0.0, 1.0]]], "extrinsics": [[[0.8230972290039062, -0.5678980350494385, -0.0016501963837072253, -0.762451171875], [0.01557771023362875, 0.02548244781792164, -0.9995538592338562, 1.4928703308105469], [0.5676866769790649, 0.8227043151855469, 0.029821084812283516, -1.1666259765625], [0.0, 0.0, 0.0, 1.0]], [[0.011179733090102673, -0.9997125864028931, -0.021204743534326553, 0.0086669921875], [0.017658650875091553, 0.021400148048996925, -0.9996150732040405, 1.4844512939453125], [0.9997814893722534, 0.01080098282545805, 0.017892824485898018, -1.491546630859375], [0.0, 0.0, 0.0, 1.0]], [[-0.8434516191482544, -0.5364415049552917, -0.028632313013076782, 0.9315185546875], [0.025827867910265923, 0.01274300366640091, -0.9995852112770081, 1.4979496002197266], [0.5365838408470154, -0.8438412547111511, 0.0031070327386260033, -1.17578125], [0.0, 0.0, 0.0, 1.0]], [[0.9478433728218079, 0.318582683801651, 0.00989373680204153, -1.140045166015625], [0.0010372514370828867, 0.02795729599893093, -0.99960857629776, 1.5620498657226562], [-0.31873464584350586, 0.9474825859069824, 0.026168690994381905, -0.1573486328125], [0.0, 0.0, 0.0, 1.0]], [[0.008848169818520546, 0.9997515678405762, 0.02045707404613495, -0.0281982421875], [0.002875217702239752, 0.020432353019714355, -0.9997870922088623, 1.568267822265625], [-0.9999567270278931, 0.0089051378890872, -0.002693715738132596, -0.02764892578125], [0.0, 0.0, 0.0, 1.0]], [[-0.923856794834137, 0.3826684355735779, -0.0073112682439386845, 1.03375244140625], [0.006957369390875101, -0.002308680210262537, -0.9999731183052063, 1.5487656593322754], [-0.3826749920845032, -0.9238829016685486, -0.0005294758011586964, -0.095947265625], [0.0, 0.0, 0.0, 1.0]]], "view": [[0.0, -2.0, 100.0], [-2.0, 0.0, 100.0], [0.0, 0.0, 1.0]], "bev": "bev_e8a8a40d45024ef2abc072ca8f784b24.png", "aux": "aux_e8a8a40d45024ef2abc072ca8f784b24.npz", "visibility": "visibility_e8a8a40d45024ef2abc072ca8f784b24.png", "pose": [[0.9007472395896912, 0.4343436062335968, 0.0, 472.7993469238281], [-0.4343436062335968, 0.9007472395896912, 0.0, 1716.617919921875], [0.0, 0.0, 1.0, 0.0], [0.0, 0.0, 0.0, 1.0]], "pose_inverse": [[0.9007472395896912, -0.4343436062335968, 0.0, 319.7293395996094], [0.4343436062335968, 0.9007472395896912, 0.0, -1751.5963134765625], [0.0, 0.0, 1.0, 0.0], [0.0, 0.0, 0.0, 1.0]], "cam_ids": [0, 1, 2, 3, 4, 5], "cam_channels": ["CAM_FRONT_LEFT", "CAM_FRONT", "CAM_FRONT_RIGHT", "CAM_BACK_LEFT", "CAM_BACK", "CAM_BACK_RIGHT"], "token": "e8a8a40d45024ef2abc072ca8f784b24", "scene": "scene-0868"}, {"images": ["samples/CAM_FRONT_LEFT/n008-2018-09-18-14-54-39-0400__CAM_FRONT_LEFT__1537296928404799.jpg", "samples/CAM_FRONT/n008-2018-09-18-14-54-39-0400__CAM_FRONT__1537296928412404.jpg", "samples/CAM_FRONT_RIGHT/n008-2018-09-18-14-54-39-0400__CAM_FRONT_RIGHT__1537296928420482.jpg", "samples/CAM_BACK_LEFT/n008-2018-09-18-14-54-39-0400__CAM_BACK_LEFT__1537296928447405.jpg", "samples/CAM_BACK/n008-2018-09-18-14-54-39-0400__CAM_BACK__1537296928437558.jpg", "samples/CAM_BACK_RIGHT/n008-2018-09-18-14-54-39-0400__CAM_BACK_RIGHT__1537296928428113.jpg"], "intrinsics": [[[1257.8625342125129, 0.0, 827.2410631095686], [0.0, 1257.8625342125129, 450.915498205774], [0.0, 0.0, 1.0]], [[1252.8131021185304, 0.0, 826.588114781398], [0.0, 1252.8131021185304, 469.9846626224581], [0.0, 0.0, 1.0]], [[1256.7485116440405, 0.0, 817.7887570959712], [0.0, 1256.7485116440403, 451.9541780095127], [0.0, 0.0, 1.0]], [[1254.9860565800168, 0.0, 829.5769333630991], [0.0, 1254.9860565800168, 467.1680561863987], [0.0, 0.0, 1.0]], [[796.8910634503094, 0.0, 857.7774326863696], [0.0, 796.8910634503094, 476.8848988407415], [0.0, 0.0, 1.0]], [[1249.9629280788233, 0.0, 825.3768045375984], [0.0, 1249.9629280788233, 462.54816385708756], [0.0, 0.0, 1.0]]], "extrinsics": [[[0.8232596516609192, -0.5676633715629578, 0.0013717286055907607, -0.72998046875], [0.018358401954174042, 0.02420913241803646, -0.9995383024215698, 1.4943809509277344], [0.5673680305480957, 0.8229047656059265, 0.03035179153084755, -1.1455078125], [0.0, 0.0, 0.0, 1.0]], [[0.011414069682359695, -0.9997395873069763, -0.019757181406021118, 0.009521484375], [0.020297493785619736, 0.019986046478152275, -0.9995942115783691, 1.4857425689697266], [0.9997288584709167, 0.01100847963243723, 0.02052033133804798, -1.458984375], [0.0, 0.0, 0.0, 1.0]], [[-0.8433422446250916, -0.53654545545578, -0.029881149530410767, 0.90972900390625], [0.028301680460572243, 0.011181359179317951, -0.9995368719100952, 1.4991464614868164], [0.5366310477256775, -0.8437973856925964, 0.005755424499511719, -1.16162109375], [0.0, 0.0, 0.0, 1.0]], [[0.9478210806846619, 0.3186103105545044, 0.011069292202591896, -1.1327362060546875], [0.002780965296551585, 0.026457132771611214, -0.9996460676193237, 1.5620765686035156], [-0.3187904357910156, 0.9475164413452148, 0.024190587922930717, -0.1597900390625], [0.0, 0.0, 0.0, 1.0]], [[0.00879379641264677, 0.9997839331626892, 0.01883387751877308, -0.0283203125], [0.004963964223861694, 0.018790727481245995, -0.9998111128807068, 1.5684871673583984], [-0.9999489784240723, 0.008885670453310013, -0.004797649569809437, -0.041748046875], [0.0, 0.0, 0.0, 1.0]], [[-0.9238405227661133, 0.3826466500759125, -0.010012947954237461, 1.01519775390625], [0.00919964350759983, -0.00395519845187664, -0.9999498724937439, 1.5492610931396484], [-0.3826669454574585, -0.9238862991333008, 0.00013376034621614963, -0.1036376953125], [0.0, 0.0, 0.0, 1.0]]], "view": [[0.0, -2.0, 100.0], [-2.0, 0.0, 100.0], [0.0, 0.0, 1.0]], "bev": "bev_960dfc2033764feeb27a1d826fea594b.png", "aux": "aux_960dfc2033764feeb27a1d826fea594b.npz", "visibility": "visibility_960dfc2033764feeb27a1d826fea594b.png", "pose": [[0.8950893878936768, 0.4458867013454437, 0.0, 475.9844055175781], [-0.4458867013454437, 0.8950893878936768, 0.0, 1715.0450439453125], [0.0, 0.0, 1.0, 0.0], [0.0, 0.0, 0.0, 1.0]], "pose_inverse": [[0.8950893878936768, -0.4458867013454437, 0.0, 338.6672058105469], [0.4458867013454437, 0.8950893878936768, 0.0, -1747.353759765625], [0.0, 0.0, 1.0, 0.0], [0.0, 0.0, 0.0, 1.0]], "cam_ids": [0, 1, 2, 3, 4, 5], "cam_channels": ["CAM_FRONT_LEFT", "CAM_FRONT", "CAM_FRONT_RIGHT", "CAM_BACK_LEFT", "CAM_BACK", "CAM_BACK_RIGHT"], "token": "960dfc2033764feeb27a1d826fea594b", "scene": "scene-0868"}, {"images": ["samples/CAM_FRONT_LEFT/n008-2018-09-18-14-54-39-0400__CAM_FRONT_LEFT__1537296928904800.jpg", "samples/CAM_FRONT/n008-2018-09-18-14-54-39-0400__CAM_FRONT__1537296928912417.jpg", "samples/CAM_FRONT_RIGHT/n008-2018-09-18-14-54-39-0400__CAM_FRONT_RIGHT__1537296928920482.jpg", "samples/CAM_BACK_LEFT/n008-2018-09-18-14-54-39-0400__CAM_BACK_LEFT__1537296928947405.jpg", "samples/CAM_BACK/n008-2018-09-18-14-54-39-0400__CAM_BACK__1537296928937558.jpg", "samples/CAM_BACK_RIGHT/n008-2018-09-18-14-54-39-0400__CAM_BACK_RIGHT__1537296928928113.jpg"], "intrinsics": [[[1257.8625342125129, 0.0, 827.2410631095686], [0.0, 1257.8625342125129, 450.915498205774], [0.0, 0.0, 1.0]], [[1252.8131021185304, 0.0, 826.588114781398], [0.0, 1252.8131021185304, 469.9846626224581], [0.0, 0.0, 1.0]], [[1256.7485116440405, 0.0, 817.7887570959712], [0.0, 1256.7485116440403, 451.9541780095127], [0.0, 0.0, 1.0]], [[1254.9860565800168, 0.0, 829.5769333630991], [0.0, 1254.9860565800168, 467.1680561863987], [0.0, 0.0, 1.0]], [[796.8910634503094, 0.0, 857.7774326863696], [0.0, 796.8910634503094, 476.8848988407415], [0.0, 0.0, 1.0]], [[1249.9629280788233, 0.0, 825.3768045375984], [0.0, 1249.9629280788233, 462.54816385708756], [0.0, 0.0, 1.0]]], "extrinsics": [[[0.8232612013816833, -0.5676301717758179, 0.006092491094022989, -0.70947265625], [0.01879664696753025, 0.01653183437883854, -0.999686598777771, 1.4949951171875], [0.5673515200614929, 0.8231176733970642, 0.024279560893774033, -1.1317138671875], [0.0, 0.0, 0.0, 1.0]], [[0.011481774970889091, -0.9998589754104614, -0.012258285656571388, 0.010009765625], [0.020887620747089386, 0.012496242299675941, -0.9997037053108215, 1.4863452911376953], [0.9997158646583557, 0.011222324334084988, 0.021028151735663414, -1.438079833984375], [0.0, 0.0, 0.0, 1.0]], [[-0.8432596325874329, -0.5368478894233704, -0.026599405333399773, 0.89556884765625], [0.029055818915367126, 0.0038863455411046743, -0.9995701909065247, 1.4998095035552979], [0.5367205739021301, -0.843670129776001, 0.012321355752646923, -1.1522216796875], [0.0, 0.0, 0.0, 1.0]], [[0.9478031396865845, 0.31870704889297485, 0.00974756758660078, -1.128814697265625], [0.003901031566783786, 0.018977703526616096, -0.9998123049736023, 1.5621051788330078], [-0.3188322186470032, 0.9476632475852966, 0.016743840649724007, -0.161376953125], [0.0, 0.0, 0.0, 1.0]], [[0.008705363608896732, 0.9998957514762878, 0.011523200199007988, -0.0283203125], [0.005945643410086632, 0.011471675708889961, -0.9999164938926697, 1.568624496459961], [-0.9999444484710693, 0.008773124776780605, -0.005845158360898495, -0.050811767578125], [0.0, 0.0, 0.0, 1.0]], [[-0.923876941204071, 0.3824442923069, -0.013699392788112164, 1.00262451171875], [0.010176832787692547, -0.011232162825763226, -0.9998851418495178, 1.5495586395263672], [-0.38255417346954346, -0.9239102602005005, 0.0064850663766264915, -0.1083984375], [0.0, 0.0, 0.0, 1.0]]], "view": [[0.0, -2.0, 100.0], [-2.0, 0.0, 100.0], [0.0, 0.0, 1.0]], "bev": "bev_487343c8b8374fdab844484954ff7793.png", "aux": "aux_487343c8b8374fdab844484954ff7793.npz", "visibility": "visibility_487343c8b8374fdab844484954ff7793.png", "pose": [[0.8875558972358704, 0.46070000529289246, 0.0, 479.414794921875], [-0.46070000529289246, 0.8875558972358704, 0.0, 1713.2735595703125], [0.0, 0.0, 1.0, 0.0], [0.0, 0.0, 0.0, 1.0]], "pose_inverse": [[0.8875558972358704, -0.46070000529289246, 0.0, 363.7976989746094], [0.46070000529289246, 0.8875558972358704, 0.0, -1741.492431640625], [0.0, 0.0, 1.0, 0.0], [0.0, 0.0, 0.0, 1.0]], "cam_ids": [0, 1, 2, 3, 4, 5], "cam_channels": ["CAM_FRONT_LEFT", "CAM_FRONT", "CAM_FRONT_RIGHT", "CAM_BACK_LEFT", "CAM_BACK", "CAM_BACK_RIGHT"], "token": "487343c8b8374fdab844484954ff7793", "scene": "scene-0868"}, {"images": ["samples/CAM_FRONT_LEFT/n008-2018-09-18-14-54-39-0400__CAM_FRONT_LEFT__1537296929404799.jpg", "samples/CAM_FRONT/n008-2018-09-18-14-54-39-0400__CAM_FRONT__1537296929412404.jpg", "samples/CAM_FRONT_RIGHT/n008-2018-09-18-14-54-39-0400__CAM_FRONT_RIGHT__1537296929420482.jpg", "samples/CAM_BACK_LEFT/n008-2018-09-18-14-54-39-0400__CAM_BACK_LEFT__1537296929447405.jpg", "samples/CAM_BACK/n008-2018-09-18-14-54-39-0400__CAM_BACK__1537296929437558.jpg", "samples/CAM_BACK_RIGHT/n008-2018-09-18-14-54-39-0400__CAM_BACK_RIGHT__1537296929428113.jpg"], "intrinsics": [[[1257.8625342125129, 0.0, 827.2410631095686], [0.0, 1257.8625342125129, 450.915498205774], [0.0, 0.0, 1.0]], [[1252.8131021185304, 0.0, 826.588114781398], [0.0, 1252.8131021185304, 469.9846626224581], [0.0, 0.0, 1.0]], [[1256.7485116440405, 0.0, 817.7887570959712], [0.0, 1256.7485116440403, 451.9541780095127], [0.0, 0.0, 1.0]], [[1254.9860565800168, 0.0, 829.5769333630991], [0.0, 1254.9860565800168, 467.1680561863987], [0.0, 0.0, 1.0]], [[796.8910634503094, 0.0, 857.7774326863696], [0.0, 796.8910634503094, 476.8848988407415], [0.0, 0.0, 1.0]], [[1249.9629280788233, 0.0, 825.3768045375984], [0.0, 1249.9629280788233, 462.54816385708756], [0.0, 0.0, 1.0]]], "extrinsics": [[[0.8229977488517761, -0.5679888129234314, 0.007973589934408665, -0.6883544921875], [0.021490920335054398, 0.017106670886278152, -0.999622642993927, 1.4964923858642578], [0.5676380395889282, 0.8228585124015808, 0.02628535032272339, -1.1175537109375], [0.0, 0.0, 0.0, 1.0]], [[0.011170034296810627, -0.999855101108551, -0.01284236740320921, 0.01123046875], [0.02356756292283535, 0.013102847151458263, -0.9996363520622253, 1.4877033233642578], [0.9996598958969116, 0.010863336734473705, 0.023710506036877632, -1.4136962890625], [0.0, 0.0, 0.0, 1.0]], [[-0.8433220386505127, -0.5366150140762329, -0.029195403680205345, 0.8765869140625], [0.03171827644109726, 0.004531546495854855, -0.9994865655899048, 1.5011558532714844], [0.5364718437194824, -0.8438150882720947, 0.01319894939661026, -1.1390380859375], [0.0, 0.0, 0.0, 1.0]], [[0.9477677345275879, 0.318714439868927, 0.012548057362437248, -1.1196746826171875], [0.006520455703139305, 0.019972143694758415, -0.9997792840003967, 1.5622081756591797], [-0.31889471411705017, 0.9476402997970581, 0.0168507881462574, -0.1646728515625], [0.0, 0.0, 0.0, 1.0]], [[0.008752663619816303, 0.9998840093612671, 0.012466968968510628, -0.02880859375], [0.008646229282021523, 0.012391305528581142, -0.9998858571052551, 1.5690021514892578], [-0.99992436170578, 0.008859444409608841, -0.008536769077181816, -0.066009521484375], [0.0, 0.0, 0.0, 1.0]], [[-0.9237734079360962, 0.3826148509979248, -0.01576814614236355, 0.98309326171875], [0.012746859341859818, -0.010430327616631985, -0.9998643398284912, 1.5502700805664062], [-0.38272741436958313, -0.9238491058349609, 0.004758120980113745, -0.1153564453125], [0.0, 0.0, 0.0, 1.0]]], "view": [[0.0, -2.0, 100.0], [-2.0, 0.0, 100.0], [0.0, 0.0, 1.0]], "bev": "bev_546b53a219b6484aa2c621b1b9b907a2.png", "aux": "aux_546b53a219b6484aa2c621b1b9b907a2.npz", "visibility": "visibility_546b53a219b6484aa2c621b1b9b907a2.png", "pose": [[0.8830153942108154, 0.4693440794944763, 0.0, 483.0397644042969], [-0.4693440794944763, 0.8830153942108154, 0.0, 1711.3447265625], [0.0, 0.0, 1.0, 0.0], [0.0, 0.0, 0.0, 1.0]], "pose_inverse": [[0.8830153942108154, -0.4693440794944763, 0.0, 376.677978515625], [0.4693440794944763, 0.8830153942108154, 0.0, -1737.8555908203125], [0.0, 0.0, 1.0, 0.0], [0.0, 0.0, 0.0, 1.0]], "cam_ids": [0, 1, 2, 3, 4, 5], "cam_channels": ["CAM_FRONT_LEFT", "CAM_FRONT", "CAM_FRONT_RIGHT", "CAM_BACK_LEFT", "CAM_BACK", "CAM_BACK_RIGHT"], "token": "546b53a219b6484aa2c621b1b9b907a2", "scene": "scene-0868"}, {"images": ["samples/CAM_FRONT_LEFT/n008-2018-09-18-14-54-39-0400__CAM_FRONT_LEFT__1537296929904810.jpg", "samples/CAM_FRONT/n008-2018-09-18-14-54-39-0400__CAM_FRONT__1537296929912404.jpg", "samples/CAM_FRONT_RIGHT/n008-2018-09-18-14-54-39-0400__CAM_FRONT_RIGHT__1537296929920482.jpg", "samples/CAM_BACK_LEFT/n008-2018-09-18-14-54-39-0400__CAM_BACK_LEFT__1537296929947405.jpg", "samples/CAM_BACK/n008-2018-09-18-14-54-39-0400__CAM_BACK__1537296929937558.jpg", "samples/CAM_BACK_RIGHT/n008-2018-09-18-14-54-39-0400__CAM_BACK_RIGHT__1537296929928123.jpg"], "intrinsics": [[[1257.8625342125129, 0.0, 827.2410631095686], [0.0, 1257.8625342125129, 450.915498205774], [0.0, 0.0, 1.0]], [[1252.8131021185304, 0.0, 826.588114781398], [0.0, 1252.8131021185304, 469.9846626224581], [0.0, 0.0, 1.0]], [[1256.7485116440405, 0.0, 817.7887570959712], [0.0, 1256.7485116440403, 451.9541780095127], [0.0, 0.0, 1.0]], [[1254.9860565800168, 0.0, 829.5769333630991], [0.0, 1254.9860565800168, 467.1680561863987], [0.0, 0.0, 1.0]], [[796.8910634503094, 0.0, 857.7774326863696], [0.0, 796.8910634503094, 476.8848988407415], [0.0, 0.0, 1.0]], [[1249.9629280788233, 0.0, 825.3768045375984], [0.0, 1249.9629280788233, 462.54816385708756], [0.0, 0.0, 1.0]]], "extrinsics": [[[0.8225449919700623, -0.5686417818069458, 0.008151859976351261, -0.6741943359375], [0.022351479157805443, 0.01800183579325676, -0.999588131904602, 1.4972915649414062], [0.5682608485221863, 0.8223884105682373, 0.027517301961779594, -1.1046142578125], [0.0, 0.0, 0.0, 1.0]], [[0.010550739243626595, -0.999850869178772, -0.0136690903455019, 0.008544921875], [0.024261899292469025, 0.013921798206865788, -0.9996087551116943, 1.488321304321289], [0.9996500015258789, 0.010214950889348984, 0.024405166506767273, -1.39898681640625], [0.0, 0.0, 0.0, 1.0]], [[-0.8435558080673218, -0.5362022519111633, -0.030014460906386375, 0.86676025390625], [0.03221491351723671, 0.005265531130135059, -0.9994670748710632, 1.5016169548034668], [0.5360745787620544, -0.8440731763839722, 0.012831940315663815, -1.135986328125], [0.0, 0.0, 0.0, 1.0]], [[0.9477828741073608, 0.3186677098274231, 0.012589811347424984, -1.115478515625], [0.006454247981309891, 0.0203024260699749, -0.9997730255126953, 1.5622425079345703], [-0.3188510537147522, 0.9476490616798401, 0.017185531556606293, -0.16552734375], [0.0, 0.0, 0.0, 1.0]], [[0.0089367451146245, 0.9998767971992493, 0.01290973275899887, -0.02734375], [0.008750777691602707, 0.012831554748117924, -0.9998793601989746, 1.569082260131836], [-0.9999217391014099, 0.009048648178577423, -0.008635026402771473, -0.07159423828125], [0.0, 0.0, 0.0, 1.0]], [[-0.9236443638801575, 0.38292258977890015, -0.015851613134145737, 0.977783203125], [0.013094010762870312, -0.00980689749121666, -0.9998661875724792, 1.5504016876220703], [-0.38302674889564514, -0.9237284064292908, 0.004044095054268837, -0.1201171875], [0.0, 0.0, 0.0, 1.0]]], "view": [[0.0, -2.0, 100.0], [-2.0, 0.0, 100.0], [0.0, 0.0, 1.0]], "bev": "bev_15a0a18988f548d3b7db790e74803d0b.png", "aux": "aux_15a0a18988f548d3b7db790e74803d0b.npz", "visibility": "visibility_15a0a18988f548d3b7db790e74803d0b.png", "pose": [[0.8797498345375061, 0.47543689608573914, 0.0, 486.84130859375], [-0.47543689608573914, 0.8797498345375061, 0.0, 1709.2822265625], [0.0, 0.0, 1.0, 0.0], [0.0, 0.0, 0.0, 1.0]], "pose_inverse": [[0.8797498345375061, -0.47543689608573914, 0.0, 384.3572998046875], [0.47543689608573914, 0.8797498345375061, 0.0, -1735.2030029296875], [0.0, 0.0, 1.0, 0.0], [0.0, 0.0, 0.0, 1.0]], "cam_ids": [0, 1, 2, 3, 4, 5], "cam_channels": ["CAM_FRONT_LEFT", "CAM_FRONT", "CAM_FRONT_RIGHT", "CAM_BACK_LEFT", "CAM_BACK", "CAM_BACK_RIGHT"], "token": "15a0a18988f548d3b7db790e74803d0b", "scene": "scene-0868"}, {"images": ["samples/CAM_FRONT_LEFT/n008-2018-09-18-14-54-39-0400__CAM_FRONT_LEFT__1537296930404799.jpg", "samples/CAM_FRONT/n008-2018-09-18-14-54-39-0400__CAM_FRONT__1537296930412404.jpg", "samples/CAM_FRONT_RIGHT/n008-2018-09-18-14-54-39-0400__CAM_FRONT_RIGHT__1537296930420482.jpg", "samples/CAM_BACK_LEFT/n008-2018-09-18-14-54-39-0400__CAM_BACK_LEFT__1537296930447405.jpg", "samples/CAM_BACK/n008-2018-09-18-14-54-39-0400__CAM_BACK__1537296930437558.jpg", "samples/CAM_BACK_RIGHT/n008-2018-09-18-14-54-39-0400__CAM_BACK_RIGHT__1537296930428113.jpg"], "intrinsics": [[[1257.8625342125129, 0.0, 827.2410631095686], [0.0, 1257.8625342125129, 450.915498205774], [0.0, 0.0, 1.0]], [[1252.8131021185304, 0.0, 826.588114781398], [0.0, 1252.8131021185304, 469.9846626224581], [0.0, 0.0, 1.0]], [[1256.7485116440405, 0.0, 817.7887570959712], [0.0, 1256.7485116440403, 451.9541780095127], [0.0, 0.0, 1.0]], [[1254.9860565800168, 0.0, 829.5769333630991], [0.0, 1254.9860565800168, 467.1680561863987], [0.0, 0.0, 1.0]], [[796.8910634503094, 0.0, 857.7774326863696], [0.0, 796.8910634503094, 476.8848988407415], [0.0, 0.0, 1.0]], [[1249.9629280788233, 0.0, 825.3768045375984], [0.0, 1249.9629280788233, 462.54816385708756], [0.0, 0.0, 1.0]]], "extrinsics": [[[0.8226084113121033, -0.5685570240020752, 0.007640402764081955, -0.66943359375], [0.020636029541492462, 0.01642337627708912, -0.9996521472930908, 1.4966392517089844], [0.568233847618103, 0.8224799036979675, 0.025242766365408897, -1.1044921875], [0.0, 0.0, 0.0, 1.0]], [[0.010411074385046959, -0.9998730421066284, -0.01206926628947258, 0.0103759765625], [0.022511929273605347, 0.012301229871809483, -0.9996709227561951, 1.4877500534057617], [0.9996923804283142, 0.010135906748473644, 0.0226371381431818, -1.3970947265625], [0.0, 0.0, 0.0, 1.0]], [[-0.843784511089325, -0.5359700322151184, -0.027637407183647156, 0.8673095703125], [0.030450638383626938, 0.003602130338549614, -0.9995297193527222, 1.5011396408081055], [0.535817563533783, -0.8442293405532837, 0.013281206600368023, -1.135009765625], [0.0, 0.0, 0.0, 1.0]], [[0.9478171467781067, 0.31862685084342957, 0.01093842089176178, -1.1207122802734375], [0.005242884624749422, 0.018727418035268784, -0.9998108744621277, 1.562173843383789], [-0.31877148151397705, 0.947695255279541, 0.016079643741250038, -0.1639404296875], [0.0, 0.0, 0.0, 1.0]], [[0.009194765239953995, 0.9998940229415894, 0.011291751638054848, -0.0277099609375], [0.007404527626931667, 0.011223837733268738, -0.999909520149231, 1.568892478942871], [-0.9999303221702576, 0.00927760824561119, -0.007300542201846838, -0.06793212890625], [0.0, 0.0, 0.0, 1.0]], [[-0.9235107898712158, 0.383280485868454, -0.014960345812141895, 0.9791259765625], [0.011453635059297085, -0.011429831385612488, -0.9998690485954285, 1.5500621795654297], [-0.3834012746810913, -0.9235613346099854, 0.006165617611259222, -0.118896484375], [0.0, 0.0, 0.0, 1.0]]], "view": [[0.0, -2.0, 100.0], [-2.0, 0.0, 100.0], [0.0, 0.0, 1.0]], "bev": "bev_03fb057e346f4245a174401ae96f26d9.png", "aux": "aux_03fb057e346f4245a174401ae96f26d9.npz", "visibility": "visibility_03fb057e346f4245a174401ae96f26d9.png", "pose": [[0.8770151138305664, 0.48046281933784485, 0.0, 490.7322998046875], [-0.48046281933784485, 0.8770151138305664, 0.0, 1707.129638671875], [0.0, 0.0, 1.0, 0.0], [0.0, 0.0, 0.0, 1.0]], "pose_inverse": [[0.8770151138305664, -0.48046281933784485, 0.0, 389.8326721191406], [0.48046281933784485, 0.8770151138305664, 0.0, -1732.9571533203125], [0.0, 0.0, 1.0, 0.0], [0.0, 0.0, 0.0, 1.0]], "cam_ids": [0, 1, 2, 3, 4, 5], "cam_channels": ["CAM_FRONT_LEFT", "CAM_FRONT", "CAM_FRONT_RIGHT", "CAM_BACK_LEFT", "CAM_BACK", "CAM_BACK_RIGHT"], "token": "03fb057e346f4245a174401ae96f26d9", "scene": "scene-0868"}, {"images": ["samples/CAM_FRONT_LEFT/n008-2018-09-18-14-54-39-0400__CAM_FRONT_LEFT__1537296930904799.jpg", "samples/CAM_FRONT/n008-2018-09-18-14-54-39-0400__CAM_FRONT__1537296930912404.jpg", "samples/CAM_FRONT_RIGHT/n008-2018-09-18-14-54-39-0400__CAM_FRONT_RIGHT__1537296930920482.jpg", "samples/CAM_BACK_LEFT/n008-2018-09-18-14-54-39-0400__CAM_BACK_LEFT__1537296930947405.jpg", "samples/CAM_BACK/n008-2018-09-18-14-54-39-0400__CAM_BACK__1537296930937558.jpg", "samples/CAM_BACK_RIGHT/n008-2018-09-18-14-54-39-0400__CAM_BACK_RIGHT__1537296930928113.jpg"], "intrinsics": [[[1257.8625342125129, 0.0, 827.2410631095686], [0.0, 1257.8625342125129, 450.915498205774], [0.0, 0.0, 1.0]], [[1252.8131021185304, 0.0, 826.588114781398], [0.0, 1252.8131021185304, 469.9846626224581], [0.0, 0.0, 1.0]], [[1256.7485116440405, 0.0, 817.7887570959712], [0.0, 1256.7485116440403, 451.9541780095127], [0.0, 0.0, 1.0]], [[1254.9860565800168, 0.0, 829.5769333630991], [0.0, 1254.9860565800168, 467.1680561863987], [0.0, 0.0, 1.0]], [[796.8910634503094, 0.0, 857.7774326863696], [0.0, 796.8910634503094, 476.8848988407415], [0.0, 0.0, 1.0]], [[1249.9629280788233, 0.0, 825.3768045375984], [0.0, 1249.9629280788233, 462.54816385708756], [0.0, 0.0, 1.0]]], "extrinsics": [[[0.8222395181655884, -0.5690844058990479, 0.008070927113294601, -0.6600341796875], [0.019436679780483246, 0.013904768042266369, -0.9997143745422363, 1.4963741302490234], [0.5688096284866333, 0.8221615552902222, 0.022494161501526833, -1.09814453125], [0.0, 0.0, 0.0, 1.0]], [[0.010015737265348434, -0.9999032020568848, -0.009650501422584057, 0.0111083984375], [0.02125229313969612, 0.009861662983894348, -0.9997255206108093, 1.487518310546875], [0.9997239112854004, 0.009807879105210304, 0.02134900912642479, -1.387908935546875], [0.0, 0.0, 0.0, 1.0]], [[-0.8438633680343628, -0.5359631180763245, -0.02526269480586052, 0.8619384765625], [0.029134370386600494, 0.0012435979442670941, -0.9995747208595276, 1.500990867614746], [0.5357665419578552, -0.8442404866218567, 0.014565521851181984, -1.1307373046875], [0.0, 0.0, 0.0, 1.0]], [[0.947831928730011, 0.3186488747596741, 0.008797820657491684, -1.1256103515625], [0.0037081059999763966, 0.01657588966190815, -0.9998557567596436, 1.5621166229248047], [-0.3187487721443176, 0.9477278590202332, 0.014529574662446976, -0.1624755859375], [0.0, 0.0, 0.0, 1.0]], [[0.009166632778942585, 0.9999169111251831, 0.009067361243069172, -0.028076171875], [0.005851609632372856, 0.00901394709944725, -0.9999422430992126, 1.5687103271484375], [-0.999940812587738, 0.009219174273312092, -0.005768496077507