[{"images": ["samples/CAM_FRONT_LEFT/n008-2018-08-31-11-37-23-0400__CAM_FRONT_LEFT__1535730273854799.jpg", "samples/CAM_FRONT/n008-2018-08-31-11-37-23-0400__CAM_FRONT__1535730273862404.jpg", "samples/CAM_FRONT_RIGHT/n008-2018-08-31-11-37-23-0400__CAM_FRONT_RIGHT__1535730273870482.jpg", "samples/CAM_BACK_LEFT/n008-2018-08-31-11-37-23-0400__CAM_BACK_LEFT__1535730273897405.jpg", "samples/CAM_BACK/n008-2018-08-31-11-37-23-0400__CAM_BACK__1535730273887558.jpg", "samples/CAM_BACK_RIGHT/n008-2018-08-31-11-37-23-0400__CAM_BACK_RIGHT__1535730273878113.jpg"], "intrinsics": [[[1257.8625342125129, 0.0, 827.2410631095686], [0.0, 1257.8625342125129, 450.915498205774], [0.0, 0.0, 1.0]], [[1252.8131021185304, 0.0, 826.588114781398], [0.0, 1252.8131021185304, 469.9846626224581], [0.0, 0.0, 1.0]], [[1256.7485116440405, 0.0, 817.7887570959712], [0.0, 1256.7485116440403, 451.9541780095127], [0.0, 0.0, 1.0]], [[1254.9860565800168, 0.0, 829.5769333630991], [0.0, 1254.9860565800168, 467.1680561863987], [0.0, 0.0, 1.0]], [[796.8910634503094, 0.0, 857.7774326863696], [0.0, 796.8910634503094, 476.8848988407415], [0.0, 0.0, 1.0]], [[1249.9629280788233, 0.0, 825.3768045375984], [0.0, 1249.9629280788233, 462.54816385708756], [0.0, 0.0, 1.0]]], "extrinsics": [[[0.8268781304359436, -0.562325656414032, -0.007914667949080467, -0.9070816040039062], [0.006367045920342207, 0.023433232679963112, -0.9997051358222961, 1.4890327453613281], [0.5623452663421631, 0.8265838623046875, 0.02295677736401558, -1.267333984375], [0.0, 0.0, 0.0, 1.0]], [[0.016667146235704422, -0.9996682405471802, -0.019636286422610283, 0.0074462890625], [0.008213401772081852, 0.019775237888097763, -0.9997707605361938, 1.4809646606445312], [0.9998272657394409, 0.01650202088057995, 0.008540274575352669, -1.6363525390625], [0.0, 0.0, 0.0, 1.0]], [[-0.8413006663322449, -0.5402019023895264, -0.019874555990099907, 1.0264892578125], [0.01619027741253376, 0.011569248512387276, -0.9998019337654114, 1.4943065643310547], [0.5403249263763428, -0.8414559364318848, -0.0009871990187093616, -1.23583984375], [0.0, 0.0, 0.0, 1.0]], [[0.9478170871734619, 0.31881463527679443, -0.00013601557293441147, -1.1405029296875], [-0.009530233219265938, 0.027906375005841255, -0.9995651245117188, 1.5620155334472656], [-0.3186722695827484, 0.9474062323570251, 0.029488516971468925, -0.1572265625], [0.0, 0.0, 0.0, 1.0]], [[0.007269436493515968, 0.9997743964195251, 0.01995602622628212, -0.0286865234375], [-0.007360389921814203, 0.020009508356451988, -0.9997726678848267, 1.5678386688232422], [-0.9999465346336365, 0.007120920345187187, 0.007504187524318695, 0.01422119140625], [0.0, 0.0, 0.0, 1.0]], [[-0.9251232147216797, 0.3796639144420624, 0.0015115224523469806, 1.1090240478515625], [-0.0029357715975493193, -0.0031723889987915754, -0.9999906420707703, 1.5476479530334473], [-0.3796556293964386, -0.9251189827919006, 0.004049457143992186, -0.0645751953125], [0.0, 0.0, 0.0, 1.0]]], "view": [[0.0, -2.0, 100.0], [-2.0, 0.0, 100.0], [0.0, 0.0, 1.0]], "bev": "bev_6cb74a87748b4fab82ad1b0869b27e01.png", "aux": "aux_6cb74a87748b4fab82ad1b0869b27e01.npz", "visibility": "visibility_6cb74a87748b4fab82ad1b0869b27e01.png", "pose": [[-0.9120762348175049, -0.410020649433136, 0.0, 1271.426025390625], [0.410020649433136, -0.9120762348175049, 0.0, 929.7476806640625], [0.0, 0.0, 1.0, 0.0], [0.0, 0.0, 0.0, 1.0]], "pose_inverse": [[-0.9120762348175049, 0.410020649433136, 0.0, 778.4216918945312], [-0.410020649433136, -0.9120762348175049, 0.0, 1369.3116455078125], [0.0, 0.0, 1.0, 0.0], [0.0, 0.0, 0.0, 1.0]], "cam_ids": [0, 1, 2, 3, 4, 5], "cam_channels": ["CAM_FRONT_LEFT", "CAM_FRONT", "CAM_FRONT_RIGHT", "CAM_BACK_LEFT", "CAM_BACK", "CAM_BACK_RIGHT"], "token": "6cb74a87748b4fab82ad1b0869b27e01", "scene": "scene-0557"}, {"images": ["samples/CAM_FRONT_LEFT/n008-2018-08-31-11-37-23-0400__CAM_FRONT_LEFT__1535730274354799.jpg", "samples/CAM_FRONT/n008-2018-08-31-11-37-23-0400__CAM_FRONT__1535730274362404.jpg", "samples/CAM_FRONT_RIGHT/n008-2018-08-31-11-37-23-0400__CAM_FRONT_RIGHT__1535730274370482.jpg", "samples/CAM_BACK_LEFT/n008-2018-08-31-11-37-23-0400__CAM_BACK_LEFT__1535730274397405.jpg", "samples/CAM_BACK/n008-2018-08-31-11-37-23-0400__CAM_BACK__1535730274387558.jpg", "samples/CAM_BACK_RIGHT/n008-2018-08-31-11-37-23-0400__CAM_BACK_RIGHT__1535730274378113.jpg"], "intrinsics": [[[1257.8625342125129, 0.0, 827.2410631095686], [0.0, 1257.8625342125129, 450.915498205774], [0.0, 0.0, 1.0]], [[1252.8131021185304, 0.0, 826.588114781398], [0.0, 1252.8131021185304, 469.9846626224581], [0.0, 0.0, 1.0]], [[1256.7485116440405, 0.0, 817.7887570959712], [0.0, 1256.7485116440403, 451.9541780095127], [0.0, 0.0, 1.0]], [[1254.9860565800168, 0.0, 829.5769333630991], [0.0, 1254.9860565800168, 467.1680561863987], [0.0, 0.0, 1.0]], [[796.8910634503094, 0.0, 857.7774326863696], [0.0, 796.8910634503094, 476.8848988407415], [0.0, 0.0, 1.0]], [[1249.9629280788233, 0.0, 825.3768045375984], [0.0, 1249.9629280788233, 462.54816385708756], [0.0, 0.0, 1.0]]], "extrinsics": [[[0.8266056776046753, -0.5627754330635071, -0.002639513462781906, -0.901458740234375], [0.013199356384575367, 0.024075645953416824, -0.9996230006217957, 1.4899444580078125], [0.562626838684082, 0.826259195804596, 0.0273293349891901, -1.26318359375], [0.0, 0.0, 0.0, 1.0]], [[0.01621929369866848, -0.9996727705001831, -0.01978040672838688, 0.00732421875], [0.015320813283324242, 0.020029162988066673, -0.9996820092201233, 1.48175048828125], [0.999751091003418, 0.015911133959889412, 0.015640659257769585, -1.63079833984375], [0.0, 0.0, 0.0, 1.0]], [[-0.841378927230835, -0.5398220419883728, -0.02595566213130951, 1.0223388671875], [0.02350003644824028, 0.011437772773206234, -0.9996584057807922, 1.4949760437011719], [0.539934515953064, -0.8417015075683594, 0.0030623360071331263, -1.23358154296875], [0.0, 0.0, 0.0, 1.0]], [[0.9477659463882446, 0.3188888728618622, 0.007050276268273592, -1.1392822265625], [-0.0015957923606038094, 0.0268437247723341, -0.9996383786201477, 1.562042236328125], [-0.31896278262138367, 0.947411835193634, 0.025950448587536812, -0.157470703125], [0.0, 0.0, 0.0, 1.0]], [[0.0072560058906674385, 0.9997893571853638, 0.019199037924408913, -0.0284423828125], [0.00044483059900812805, 0.019196314737200737, -0.9998155832290649, 1.5680770874023438], [-0.9999736547470093, 0.007263191044330597, -0.0003054495027754456, 0.01141357421875], [0.0, 0.0, 0.0, 1.0]], [[-0.9249842762947083, 0.3799635171890259, -0.005645297467708588, 1.1055984497070312], [0.0046147010289132595, -0.0036231784615665674, -0.9999827742576599, 1.5480849742889404], [-0.3799774944782257, -0.9249943494796753, 0.0015979658346623182, -0.0662841796875], [0.0, 0.0, 0.0, 1.0]]], "view": [[0.0, -2.0, 100.0], [-2.0, 0.0, 100.0], [0.0, 0.0, 1.0]], "bev": "bev_0a9b57e15d7147749a4b3c0e649b4841.png", "aux": "aux_0a9b57e15d7147749a4b3c0e649b4841.npz", "visibility": "visibility_0a9b57e15d7147749a4b3c0e649b4841.png", "pose": [[-0.8734579682350159, -0.48689958453178406, 0.0, 1270.1361083984375], [0.48689958453178406, -0.8734579682350159, 0.0, 930.4061889648438], [0.0, 0.0, 1.0, 0.0], [0.0, 0.0, 0.0, 1.0]], "pose_inverse": [[-0.8734579682350159, 0.48689958453178406, 0.0, 656.3961181640625], [-0.48689958453178406, -0.8734579682350159, 0.0, 1431.099365234375], [0.0, 0.0, 1.0, 0.0], [0.0, 0.0, 0.0, 1.0]], "cam_ids": [0, 1, 2, 3, 4, 5], "cam_channels": ["CAM_FRONT_LEFT", "CAM_FRONT", "CAM_FRONT_RIGHT", "CAM_BACK_LEFT", "CAM_BACK", "CAM_BACK_RIGHT"], "token": "0a9b57e15d7147749a4b3c0e649b4841", "scene": "scene-0557"}, {"images": ["samples/CAM_FRONT_LEFT/n008-2018-08-31-11-37-23-0400__CAM_FRONT_LEFT__1535730274904799.jpg", "samples/CAM_FRONT/n008-2018-08-31-11-37-23-0400__CAM_FRONT__1535730274912404.jpg", "samples/CAM_FRONT_RIGHT/n008-2018-08-31-11-37-23-0400__CAM_FRONT_RIGHT__1535730274920482.jpg", "samples/CAM_BACK_LEFT/n008-2018-08-31-11-37-23-0400__CAM_BACK_LEFT__1535730274947405.jpg", "samples/CAM_BACK/n008-2018-08-31-11-37-23-0400__CAM_BACK__1535730274937558.jpg", "samples/CAM_BACK_RIGHT/n008-2018-08-31-11-37-23-0400__CAM_BACK_RIGHT__1535730274928113.jpg"], "intrinsics": [[[1257.8625342125129, 0.0, 827.2410631095686], [0.0, 1257.8625342125129, 450.915498205774], [0.0, 0.0, 1.0]], [[1252.8131021185304, 0.0, 826.588114781398], [0.0, 1252.8131021185304, 469.9846626224581], [0.0, 0.0, 1.0]], [[1256.7485116440405, 0.0, 817.7887570959712], [0.0, 1256.7485116440403, 451.9541780095127], [0.0, 0.0, 1.0]], [[1254.9860565800168, 0.0, 829.5769333630991], [0.0, 1254.9860565800168, 467.1680561863987], [0.0, 0.0, 1.0]], [[796.8910634503094, 0.0, 857.7774326863696], [0.0, 796.8910634503094, 476.8848988407415], [0.0, 0.0, 1.0]], [[1249.9629280788233, 0.0, 825.3768045375984], [0.0, 1249.9629280788233, 462.54816385708756], [0.0, 0.0, 1.0]]], "extrinsics": [[[0.8255746364593506, -0.5642793774604797, 0.0039078244008123875, -0.884033203125], [0.01949295587837696, 0.021596966311335564, -0.9995766878128052, 1.4911422729492188], [0.563956081867218, 0.8253013491630554, 0.028829382732510567, -1.2509765625], [0.0, 0.0, 0.0, 1.0]], [[0.014896810054779053, -0.99974524974823, -0.016957711428403854, 0.0074462890625], [0.02147296629846096, 0.017275547608733177, -0.9996201992034912, 1.4827766418457031], [0.9996584057807922, 0.014526941813528538, 0.021724844351410866, -1.61285400390625], [0.0, 0.0, 0.0, 1.0]], [[-0.8418068885803223, -0.5389783382415771, -0.02938644215464592, 1.010009765625], [0.0295266043394804, 0.008380478248000145, -0.9995288848876953, 1.4958992004394531], [0.5389707088470459, -0.8422779440879822, 0.008859454654157162, -1.2257080078125], [0.0, 0.0, 0.0, 1.0]], [[0.9477543234825134, 0.31881141662597656, 0.011002356186509132, -1.1392822265625], [0.0038985281717032194, 0.022911781445145607, -0.9997299313545227, 1.5620613098144531], [-0.318977415561676, 0.9475412368774414, 0.02047184482216835, -0.1578369140625], [0.0, 0.0, 0.0, 1.0]], [[0.007633254863321781, 0.9998487830162048, 0.015620416030287743, -0.0284423828125], [0.006070735398679972, 0.015574248507618904, -0.9998602271080017, 1.5682945251464844], [-0.9999524354934692, 0.0077270036563277245, -0.005950936581939459, 0.00592041015625], [0.0, 0.0, 0.0, 1.0]], [[-0.9246222376823425, 0.380685955286026, -0.01232078019529581, 1.0957870483398438], [0.010467379353940487, -0.006938623730093241, -0.9999211430549622, 1.5485472679138184], [-0.38074150681495667, -0.9246783256530762, 0.002430822467431426, -0.0701904296875], [0.0, 0.0, 0.0, 1.0]]], "view": [[0.0, -2.0, 100.0], [-2.0, 0.0, 100.0], [0.0, 0.0, 1.0]], "bev": "bev_3247e47182b54727a9eae910d31b2c08.png", "aux": "aux_3247e47182b54727a9eae910d31b2c08.npz", "visibility": "visibility_3247e47182b54727a9eae910d31b2c08.png", "pose": [[-0.8356627225875854, -0.5492429137229919, 0.0, 1268.694091796875], [0.5492429137229919, -0.8356627225875854, 0.0, 931.2972412109375], [0.0, 0.0, 1.0, 0.0], [0.0, 0.0, 0.0, 1.0]], "pose_inverse": [[-0.8356627225875854, 0.5492429137229919, 0.0, 548.6919555664062], [-0.5492429137229919, -0.8356627225875854, 0.0, 1475.0716552734375], [0.0, 0.0, 1.0, 0.0], [0.0, 0.0, 0.0, 1.0]], "cam_ids": [0, 1, 2, 3, 4, 5], "cam_channels": ["CAM_FRONT_LEFT", "CAM_FRONT", "CAM_FRONT_RIGHT", "CAM_BACK_LEFT", "CAM_BACK", "CAM_BACK_RIGHT"], "token": "3247e47182b54727a9eae910d31b2c08", "scene": "scene-0557"}, {"images": ["samples/CAM_FRONT_LEFT/n008-2018-08-31-11-37-23-0400__CAM_FRONT_LEFT__1535730275404799.jpg", "samples/CAM_FRONT/n008-2018-08-31-11-37-23-0400__CAM_FRONT__1535730275412404.jpg", "samples/CAM_FRONT_RIGHT/n008-2018-08-31-11-37-23-0400__CAM_FRONT_RIGHT__1535730275420482.jpg", "samples/CAM_BACK_LEFT/n008-2018-08-31-11-37-23-0400__CAM_BACK_LEFT__1535730275447405.jpg", "samples/CAM_BACK/n008-2018-08-31-11-37-23-0400__CAM_BACK__1535730275437558.jpg", "samples/CAM_BACK_RIGHT/n008-2018-08-31-11-37-23-0400__CAM_BACK_RIGHT__1535730275428113.jpg"], "intrinsics": [[[1257.8625342125129, 0.0, 827.2410631095686], [0.0, 1257.8625342125129, 450.915498205774], [0.0, 0.0, 1.0]], [[1252.8131021185304, 0.0, 826.588114781398], [0.0, 1252.8131021185304, 469.9846626224581], [0.0, 0.0, 1.0]], [[1256.7485116440405, 0.0, 817.7887570959712], [0.0, 1256.7485116440403, 451.9541780095127], [0.0, 0.0, 1.0]], [[1254.9860565800168, 0.0, 829.5769333630991], [0.0, 1254.9860565800168, 467.1680561863987], [0.0, 0.0, 1.0]], [[796.8910634503094, 0.0, 857.7774326863696], [0.0, 796.8910634503094, 476.8848988407415], [0.0, 0.0, 1.0]], [[1249.9629280788233, 0.0, 825.3768045375984], [0.0, 1249.9629280788233, 462.54816385708756], [0.0, 0.0, 1.0]]], "extrinsics": [[[0.8244312405586243, -0.5659613013267517, -0.0010009468533098698, -0.877685546875], [0.016671162098646164, 0.026052478700876236, -0.9995215535163879, 1.490875244140625], [0.5657166242599487, 0.8240201473236084, 0.030913708731532097, -1.2459716796875], [0.0, 0.0, 0.0, 1.0]], [[0.013128871098160744, -0.9996767640113831, -0.021770017221570015, 0.0068359375], [0.018649939447641373, 0.022012921050190926, -0.9995837211608887, 1.4825477600097656], [0.9997398853302002, 0.012717335484921932, 0.01893291436135769, -1.606903076171875], [0.0, 0.0, 0.0, 1.0]], [[-0.842631459236145, -0.537669837474823, -0.029721636325120926, 1.0069580078125], [0.026700040325522423, 0.013409853912889957, -0.9995535016059875, 1.4957275390625], [0.5378283262252808, -0.8430488705635071, 0.003056240500882268, -1.22412109375], [0.0, 0.0, 0.0, 1.0]], [[0.9478300213813782, 0.3186108469963074, 0.010269496589899063, -1.1431884765625], [0.0012237678747624159, 0.028578348457813263, -0.9995907545089722, 1.5620460510253906], [-0.31877395510673523, 0.9474546909332275, 0.026697508990764618, -0.1563720703125], [0.0, 0.0, 0.0, 1.0]], [[0.008289790712296963, 0.9997425079345703, 0.021123657003045082, -0.0284423828125], [0.003378305584192276, 0.021096261218190193, -0.9997717142105103, 1.5681877136230469], [-0.9999599456787109, 0.008359171450138092, -0.003202552907168865, 0.0074462890625], [0.0, 0.0, 0.0, 1.0]], [[-0.9242559671401978, 0.3816961944103241, -0.007677401416003704, 1.094512939453125], [0.0076318406499922276, -0.0016332167433574796, -0.9999695420265198, 1.5483589172363281], [-0.3816971480846405, -0.9242863655090332, -0.0014035338535904884, -0.0711669921875], [0.0, 0.0, 0.0, 1.0]]], "view": [[0.0, -2.0, 100.0], [-2.0, 0.0, 100.0], [0.0, 0.0, 1.0]], "bev": "bev_9c067e5c04844ce29ea01b1f1deea057.png", "aux": "aux_9c067e5c04844ce29ea01b1f1deea057.npz", "visibility": "visibility_9c067e5c04844ce29ea01b1f1deea057.png", "pose": [[-0.8097858428955078, -0.5867255926132202, 0.0, 1267.314208984375], [0.5867255926132202, -0.8097858428955078, 0.0, 932.2588500976562], [0.0, 0.0, 1.0, 0.0], [0.0, 0.0, 0.0, 1.0]], "pose_inverse": [[-0.8097858428955078, 0.5867255926132202, 0.0, 479.27294921875], [-0.5867255926132202, -0.8097858428955078, 0.0, 1498.4957275390625], [0.0, 0.0, 1.0, 0.0], [0.0, 0.0, 0.0, 1.0]], "cam_ids": [0, 1, 2, 3, 4, 5], "cam_channels": ["CAM_FRONT_LEFT", "CAM_FRONT", "CAM_FRONT_RIGHT", "CAM_BACK_LEFT", "CAM_BACK", "CAM_BACK_RIGHT"], "token": "9c067e5c04844ce29ea01b1f1deea057", "scene": "scene-0557"}, {"images": ["samples/CAM_FRONT_LEFT/n008-2018-08-31-11-37-23-0400__CAM_FRONT_LEFT__1535730275904799.jpg", "samples/CAM_FRONT/n008-2018-08-31-11-37-23-0400__CAM_FRONT__1535730275913464.jpg", "samples/CAM_FRONT_RIGHT/n008-2018-08-31-11-37-23-0400__CAM_FRONT_RIGHT__1535730275920482.jpg", "samples/CAM_BACK_LEFT/n008-2018-08-31-11-37-23-0400__CAM_BACK_LEFT__1535730275947405.jpg", "samples/CAM_BACK/n008-2018-08-31-11-37-23-0400__CAM_BACK__1535730275937558.jpg", "samples/CAM_BACK_RIGHT/n008-2018-08-31-11-37-23-0400__CAM_BACK_RIGHT__1535730275928113.jpg"], "intrinsics": [[[1257.8625342125129, 0.0, 827.2410631095686], [0.0, 1257.8625342125129, 450.915498205774], [0.0, 0.0, 1.0]], [[1252.8131021185304, 0.0, 826.588114781398], [0.0, 1252.8131021185304, 469.9846626224581], [0.0, 0.0, 1.0]], [[1256.7485116440405, 0.0, 817.7887570959712], [0.0, 1256.7485116440403, 451.9541780095127], [0.0, 0.0, 1.0]], [[1254.9860565800168, 0.0, 829.5769333630991], [0.0, 1254.9860565800168, 467.1680561863987], [0.0, 0.0, 1.0]], [[796.8910634503094, 0.0, 857.7774326863696], [0.0, 796.8910634503094, 476.8848988407415], [0.0, 0.0, 1.0]], [[1249.9629280788233, 0.0, 825.3768045375984], [0.0, 1249.9629280788233, 462.54816385708756], [0.0, 0.0, 1.0]]], "extrinsics": [[[0.8236788511276245, -0.5670564770698547, -0.0002541634312365204, -0.87078857421875], [0.016964394599199295, 0.025089671835303307, -0.9995412230491638, 1.4910392761230469], [0.5668028593063354, 0.8232967853546143, 0.030285600572824478, -1.2418212890625], [0.0, 0.0, 0.0, 1.0]], [[0.011962180025875568, -0.9997130036354065, -0.020758943632245064, 0.007568359375], [0.018927713856101036, 0.020983094349503517, -0.9996006488800049, 1.4826087951660156], [0.9997493028640747, 0.011564485728740692, 0.019173283129930496, -1.604736328125], [0.0, 0.0, 0.0, 1.0]], [[-0.843107283115387, -0.5369440913200378, -0.02934841625392437, 1.003662109375], [0.0269593745470047, 0.012302743270993233, -0.9995607733726501, 1.4958610534667969], [0.5370693206787109, -0.8435282111167908, 0.00410314230248332, -1.221435546875], [0.0, 0.0, 0.0, 1.0]], [[0.94786137342453, 0.318513423204422, 0.010394858196377754, -1.145751953125], [0.0017591901123523712, 0.027388088405132294, -0.9996232986450195, 1.5620384216308594], [-0.3186781406402588, 0.9475226998329163, 0.02539978362619877, -0.1553955078125], [0.0, 0.0, 0.0, 1.0]], [[0.008634084835648537, 0.9997640252113342, 0.019936412572860718, -0.0289306640625], [0.0038493149913847446, 0.01990377902984619, -0.9997944831848145, 1.5681934356689453], [-0.999955415725708, 0.008709114044904709, -0.003676556283608079, 0.007598876953125], [0.0, 0.0, 0.0, 1.0]], [[-0.9240004420280457, 0.3822985291481018, -0.008435357362031937, 1.0920562744140625], [0.007977951318025589, -0.0027816665824502707, -0.9999642968177795, 1.5484036207199097], [-0.3823082149028778, -0.9240347146987915, -0.0004796982684638351, -0.071533203125], [0.0, 0.0, 0.0, 1.0]]], "view": [[0.0, -2.0, 100.0], [-2.0, 0.0, 100.0], [0.0, 0.0, 1.0]], "bev": "bev_149a79457f3c4f76afb5f01ffcda5470.png", "aux": "aux_149a79457f3c4f76afb5f01ffcda5470.npz", "visibility": "visibility_149a79457f3c4f76afb5f01ffcda5470.png", "pose": [[-0.792037308216095, -0.6104727387428284, 0.0, 1265.8724365234375], [0.6104727387428284, -0.792037308216095, 0.0, 933.34765625], [0.0, 0.0, 1.0, 0.0], [0.0, 0.0, 0.0, 1.0]], "pose_inverse": [[-0.792037308216095, 0.6104727387428284, 0.0, 432.83489990234375], [-0.6104727387428284, -0.792037308216095, 0.0, 1512.0267333984375], [0.0, 0.0, 1.0, 0.0], [0.0, 0.0, 0.0, 1.0]], "cam_ids": [0, 1, 2, 3, 4, 5], "cam_channels": ["CAM_FRONT_LEFT", "CAM_FRONT", "CAM_FRONT_RIGHT", "CAM_BACK_LEFT", "CAM_BACK", "CAM_BACK_RIGHT"], "token": "149a79457f3c4f76afb5f01ffcda5470", "scene": "scene-0557"}, {"images": ["samples/CAM_FRONT_LEFT/n008-2018-08-31-11-37-23-0400__CAM_FRONT_LEFT__1535730276404799.jpg", "samples/CAM_FRONT/n008-2018-08-31-11-37-23-0400__CAM_FRONT__1535730276412404.jpg", "samples/CAM_FRONT_RIGHT/n008-2018-08-31-11-37-23-0400__CAM_FRONT_RIGHT__1535730276420482.jpg", "samples/CAM_BACK_LEFT/n008-2018-08-31-11-37-23-0400__CAM_BACK_LEFT__1535730276447405.jpg", "samples/CAM_BACK/n008-2018-08-31-11-37-23-0400__CAM_BACK__1535730276437558.jpg", "samples/CAM_BACK_RIGHT/n008-2018-08-31-11-37-23-0400__CAM_BACK_RIGHT__1535730276428113.jpg"], "intrinsics": [[[1257.8625342125129, 0.0, 827.2410631095686], [0.0, 1257.8625342125129, 450.915498205774], [0.0, 0.0, 1.0]], [[1252.8131021185304, 0.0, 826.588114781398], [0.0, 1252.8131021185304, 469.9846626224581], [0.0, 0.0, 1.0]], [[1256.7485116440405, 0.0, 817.7887570959712], [0.0, 1256.7485116440403, 451.9541780095127], [0.0, 0.0, 1.0]], [[1254.9860565800168, 0.0, 829.5769333630991], [0.0, 1254.9860565800168, 467.1680561863987], [0.0, 0.0, 1.0]], [[796.8910634503094, 0.0, 857.7774326863696], [0.0, 796.8910634503094, 476.8848988407415], [0.0, 0.0, 1.0]], [[1249.9629280788233, 0.0, 825.3768045375984], [0.0, 1249.9629280788233, 462.54816385708756], [0.0, 0.0, 1.0]]], "extrinsics": [[[0.8238517045974731, -0.5668030977249146, -0.001591288484632969, -0.86590576171875], [0.016854410991072655, 0.027304021641612053, -0.9994850754737854, 1.4911308288574219], [0.5665546655654907, 0.8234006762504578, 0.03204759955406189, -1.238037109375], [0.0, 0.0, 0.0, 1.0]], [[0.012270631268620491, -0.9996592998504639, -0.02303915284574032, 0.00732421875], [0.01874447427690029, 0.023266801610589027, -0.9995535612106323, 1.4827690124511719], [0.9997488856315613, 0.011833343654870987, 0.019023586064577103, -1.5955810546875], [0.0, 0.0, 0.0, 1.0]], [[-0.8430007100105286, -0.5370528101921082, -0.03039592318236828, 0.9996337890625], [0.02669881470501423, 0.01466279849410057, -0.9995359182357788, 1.4959526062011719], [0.5372492671012878, -0.8434211015701294, 0.0019779226277023554, -1.219482421875], [0.0, 0.0, 0.0, 1.0]], [[0.9478340148925781, 0.31859081983566284, 0.010507010854780674, -1.1414794921875], [0.0008829011349007487, 0.030337737873196602, -0.999539315700531, 1.5620460510253906], [-0.318762868642807, 0.9474067091941833, 0.028473859652876854, -0.1571044921875], [0.0, 0.0, 0.0, 1.0]], [[0.008535265922546387, 0.9997079968452454, 0.022605808451771736, -0.028564453125], [0.003191254334524274, 0.022579284384846687, -0.9997398853302002, 1.5681915283203125], [-0.9999584555625916, 0.008605211973190308, -0.002997603500261903, 0.003204345703125], [0.0, 0.0, 0.0, 1.0]], [[-0.9240684509277344, 0.3821611702442169, -0.0070917000994086266, 1.0885467529296875], [0.007542676292359829, -0.0003180539351888001, -0.9999715089797974, 1.5484020709991455], [-0.3821525275707245, -0.9240955114364624, -0.0025886145886033773, -0.073486328125], [0.0, 0.0, 0.0, 1.0]]], "view": [[0.0, -2.0, 100.0], [-2.0, 0.0, 100.0], [0.0, 0.0, 1.0]], "bev": "bev_0fb30231646d435eac8ed83dbe20ac4f.png", "aux": "aux_0fb30231646d435eac8ed83dbe20ac4f.npz", "visibility": "visibility_0fb30231646d435eac8ed83dbe20ac4f.png", "pose": [[-0.7744282484054565, -0.6326617002487183, 0.0, 1264.3736572265625], [0.6326617002487183, -0.7744282484054565, 0.0, 934.551025390625], [0.0, 0.0, 1.0, 0.0], [0.0, 0.0, 0.0, 1.0]], "pose_inverse": [[-0.7744282484054565, 0.6326617002487183, 0.0, 387.91204833984375], [-0.6326617002487183, -0.7744282484054565, 0.0, 1523.66357421875], [0.0, 0.0, 1.0, 0.0], [0.0, 0.0, 0.0, 1.0]], "cam_ids": [0, 1, 2, 3, 4, 5], "cam_channels": ["CAM_FRONT_LEFT", "CAM_FRONT", "CAM_FRONT_RIGHT", "CAM_BACK_LEFT", "CAM_BACK", "CAM_BACK_RIGHT"], "token": "0fb30231646d435eac8ed83dbe20ac4f", "scene": "scene-0557"}, {"images": ["samples/CAM_FRONT_LEFT/n008-2018-08-31-11-37-23-0400__CAM_FRONT_LEFT__1535730276904799.jpg", "samples/CAM_FRONT/n008-2018-08-31-11-37-23-0400__CAM_FRONT__1535730276912404.jpg", "samples/CAM_FRONT_RIGHT/n008-2018-08-31-11-37-23-0400__CAM_FRONT_RIGHT__1535730276920482.jpg", "samples/CAM_BACK_LEFT/n008-2018-08-31-11-37-23-0400__CAM_BACK_LEFT__1535730276947405.jpg", "samples/CAM_BACK/n008-2018-08-31-11-37-23-0400__CAM_BACK__1535730276937558.jpg", "samples/CAM_BACK_RIGHT/n008-2018-08-31-11-37-23-0400__CAM_BACK_RIGHT__1535730276928113.jpg"], "intrinsics": [[[1257.8625342125129, 0.0, 827.2410631095686], [0.0, 1257.8625342125129, 450.915498205774], [0.0, 0.0, 1.0]], [[1252.8131021185304, 0.0, 826.588114781398], [0.0, 1252.8131021185304, 469.9846626224581], [0.0, 0.0, 1.0]], [[1256.7485116440405, 0.0, 817.7887570959712], [0.0, 1256.7485116440403, 451.9541780095127], [0.0, 0.0, 1.0]], [[1254.9860565800168, 0.0, 829.5769333630991], [0.0, 1254.9860565800168, 467.1680561863987], [0.0, 0.0, 1.0]], [[796.8910634503094, 0.0, 857.7774326863696], [0.0, 796.8910634503094, 476.8848988407415], [0.0, 0.0, 1.0]], [[1249.9629280788233, 0.0, 825.3768045375984], [0.0, 1249.9629280788233, 462.54816385708756], [0.0, 0.0, 1.0]]], "extrinsics": [[[0.8238047361373901, -0.5668613910675049, -0.003748127492144704, -0.87445068359375], [0.01464748103171587, 0.027895592153072357, -0.999503493309021, 1.4905815124511719], [0.5666844248771667, 0.8233408331871033, 0.03128360956907272, -1.24462890625], [0.0, 0.0, 0.0, 1.0]], [[0.012161231599748135, -0.9996459484100342, -0.023667916655540466, 0.0076904296875], [0.01672813482582569, 0.023869749158620834, -0.999575138092041, 1.4823112487792969], [0.9997861385345459, 0.011760160326957703, 0.017012495547533035, -1.605621337890625], [0.0, 0.0, 0.0, 1.0]], [[-0.8430825471878052, -0.5369911789894104, -0.02919633872807026, 1.0074462890625], [0.02488497830927372, 0.015277343802154064, -0.9995735883712769, 1.4955253601074219], [0.5372082591056824, -0.8434495329856873, 0.0004829521640203893, -1.2242431640625], [0.0, 0.0, 0.0, 1.0]], [[0.9478657841682434, 0.3185274004936218, 0.009528917260468006, -1.1463623046875], [-0.0002734559529926628, 0.030715161934494972, -0.9995281100273132, 1.5620460510253906], [-0.318669855594635, 0.9474158883094788, 0.029200952500104904, -0.1551513671875], [0.0, 0.0, 0.0, 1.0]], [[0.008626681752502918, 0.9996956586837769, 0.0231163427233696, -0.0286865234375], [0.00177658605389297, 0.023101843893527985, -0.9997315406799316, 1.5681190490722656], [-0.9999613165855408, 0.008665435947477818, -0.0015767525183036923, 0.009857177734375], [0.0, 0.0, 0.0, 1.0]], [[-0.9240582585334778, 0.3822144567966461, -0.005318797659128904, 1.095916748046875], [0.005875778384506702, 0.0002900363178923726, -0.9999826550483704, 1.5482256412506104], [-0.38220635056495667, -0.9240736365318298, -0.0025138191413134336, -0.0703125], [0.0, 0.0, 0.0, 1.0]]], "view": [[0.0, -2.0, 100.0], [-2.0, 0.0, 100.0], [0.0, 0.0, 1.0]], "bev": "bev_e0b31c1fd62746a2b314f9584548ecb0.png", "aux": "aux_e0b31c1fd62746a2b314f9584548ecb0.npz", "visibility": "visibility_e0b31c1fd62746a2b314f9584548ecb0.png", "pose": [[-0.75715571641922, -0.6532344818115234, 0.0, 1262.943115234375], [0.6532344818115234, -0.75715571641922, 0.0, 935.7686157226562], [0.0, 0.0, 1.0, 0.0], [0.0, 0.0, 0.0, 1.0]], "pose_inverse": [[-0.75715571641922, 0.6532344818115234, 0.0, 344.96826171875], [-0.6532344818115234, -0.75715571641922, 0.0, 1533.5205078125], [0.0, 0.0, 1.0, 0.0], [0.0, 0.0, 0.0, 1.0]], "cam_ids": [0, 1, 2, 3, 4, 5], "cam_channels": ["CAM_FRONT_LEFT", "CAM_FRONT", "CAM_FRONT_RIGHT", "CAM_BACK_LEFT", "CAM_BACK", "CAM_BACK_RIGHT"], "token": "e0b31c1fd62746a2b314f9584548ecb0", "scene": "scene-0557"}, {"images": ["samples/CAM_FRONT_LEFT/n008-2018-08-31-11-37-23-0400__CAM_FRONT_LEFT__1535730277354799.jpg", "samples/CAM_FRONT/n008-2018-08-31-11-37-23-0400__CAM_FRONT__1535730277362404.jpg", "samples/CAM_FRONT_RIGHT/n008-2018-08-31-11-37-23-0400__CAM_FRONT_RIGHT__1535730277370482.jpg", "samples/CAM_BACK_LEFT/n008-2018-08-31-11-37-23-0400__CAM_BACK_LEFT__1535730277397405.jpg", "samples/CAM_BACK/n008-2018-08-31-11-37-23-0400__CAM_BACK__1535730277387558.jpg", "samples/CAM_BACK_RIGHT/n008-2018-08-31-11-37-23-0400__CAM_BACK_RIGHT__1535730277378113.jpg"], "intrinsics": [[[1257.8625342125129, 0.0, 827.2410631095686], [0.0, 1257.8625342125129, 450.915498205774], [0.0, 0.0, 1.0]], [[1252.8131021185304, 0.0, 826.588114781398], [0.0, 1252.8131021185304, 469.9846626224581], [0.0, 0.0, 1.0]], [[1256.7485116440405, 0.0, 817.7887570959712], [0.0, 1256.7485116440403, 451.9541780095127], [0.0, 0.0, 1.0]], [[1254.9860565800168, 0.0, 829.5769333630991], [0.0, 1254.9860565800168, 467.1680561863987], [0.0, 0.0, 1.0]], [[796.8910634503094, 0.0, 857.7774326863696], [0.0, 796.8910634503094, 476.8848988407415], [0.0, 0.0, 1.0]], [[1249.9629280788233, 0.0, 825.3768045375984], [0.0, 1249.9629280788233, 462.54816385708756], [0.0, 0.0, 1.0]]], "extrinsics": [[[0.8233076930046082, -0.5675927996635437, -0.0016968384152278304, -0.87823486328125], [0.015980565920472145, 0.026168344542384148, -0.9995298385620117, 1.4907455444335938], [0.5673703551292419, 0.822893500328064, 0.030615052208304405, -1.2462158203125], [0.0, 0.0, 0.0, 1.0]], [[0.011492318473756313, -0.999700665473938, -0.021599827334284782, 0.0069580078125], [0.01805109716951847, 0.02180515043437481, -0.999599277973175, 1.4824333190917969], [0.999770998954773, 0.011097853071987629, 0.01829628460109234, -1.608734130859375], [0.0, 0.0, 0.0, 1.0]], [[-0.843320906162262, -0.5366268157958984, -0.02900676243007183, 1.00927734375], [0.02621225081384182, 0.012837712652981281, -0.9995739459991455, 1.4955978393554688], [0.5367706418037415, -0.8437220454216003, 0.0032398859038949013, -1.2257080078125], [0.0, 0.0, 0.0, 1.0]], [[0.9478608965873718, 0.3185325562953949, 0.009836428798735142, -1.14276123046875], [0.0013422248885035515, 0.026875197887420654, -0.9996379017829895, 1.5620536804199219], [-0.3186815083026886, 0.9475308060646057, 0.02504640817642212, -0.1561279296875], [0.0, 0.0, 0.0, 1.0]], [[0.008784066885709763, 0.9997654557228088, 0.01979638822376728, -0.0284423828125], [0.003256716765463352, 0.01976844295859337, -0.9997992515563965, 1.5681743621826172], [-0.9999560713768005, 0.008846793323755264, -0.0030823058914393187, 0.009307861328125], [0.0, 0.0, 0.0, 1.0]], [[-0.9239113926887512, 0.38252803683280945, -0.007750754710286856, 1.097381591796875], [0.007334298454225063, -0.002546952571719885, -0.9999698400497437, 1.5483139753341675], [-0.3825361728668213, -0.9239403605461121, -0.0004524158430285752, -0.06982421875], [0.0, 0.0, 0.0, 1.0]]], "view": [[0.0, -2.0, 100.0], [-2.0, 0.0, 100.0], [0.0, 0.0, 1.0]], "bev": "bev_1f6ff3753fc94b9f9c44a5be9a6ec17f.png", "aux": "aux_1f6ff3753fc94b9f9c44a5be9a6ec17f.npz", "visibility": "visibility_1f6ff3753fc94b9f9c44a5be9a6ec17f.png", "pose": [[-0.745589017868042, -0.6664060354232788, 0.0, 1261.7115478515625], [0.6664060354232788, -0.745589017868042, 0.0, 936.8656616210938], [0.0, 0.0, 1.0, 0.0], [0.0, 0.0, 0.0, 1.0]], "pose_inverse": [[-0.745589017868042, 0.6664060354232788, 0.0, 316.3853759765625], [-0.6664060354232788, -0.745589017868042, 0.0, 1539.3289794921875], [0.0, 0.0, 1.0, 0.0], [0.0, 0.0, 0.0, 1.0]], "cam_ids": [0, 1, 2, 3, 4, 5], "cam_channels": ["CAM_FRONT_LEFT", "CAM_FRONT", "CAM_FRONT_RIGHT", "CAM_BACK_LEFT", "CAM_BACK", "CAM_BACK_RIGHT"], "token": "1f6ff3753fc94b9f9c44a5be9a6ec17f", "scene": "scene-0557"}, {"images": ["samples/CAM_FRONT_LEFT/n008-2018-08-31-11-37-23-0400__CAM_FRONT_LEFT__1535730277854799.jpg", "samples/CAM_FRONT/n008-2018-08-31-11-37-23-0400__CAM_FRONT__1535730277862404.jpg", "samples/CAM_FRONT_RIGHT/n008-2018-08-31-11-37-23-0400__CAM_FRONT_RIGHT__1535730277870482.jpg", "samples/CAM_BACK_LEFT/n008-2018-08-31-11-37-23-0400__CAM_BACK_LEFT__1535730277897405.jpg", "samples/CAM_BACK/n008-2018-08-31-11-37-23-0400__CAM_BACK__1535730277887558.jpg", "samples/CAM_BACK_RIGHT/n008-2018-08-31-11-37-23-0400__CAM_BACK_RIGHT__1535730277878113.jpg"], "intrinsics": [[[1257.8625342125129, 0.0, 827.2410631095686], [0.0, 1257.8625342125129, 450.915498205774], [0.0, 0.0, 1.0]], [[1252.8131021185304, 0.0, 826.588114781398], [0.0, 1252.8131021185304, 469.9846626224581], [0.0, 0.0, 1.0]], [[1256.7485116440405, 0.0, 817.7887570959712], [0.0, 1256.7485116440403, 451.9541780095127], [0.0, 0.0, 1.0]], [[1254.9860565800168, 0.0, 829.5769333630991], [0.0, 1254.9860565800168, 467.1680561863987], [0.0, 0.0, 1.0]], [[796.8910634503094, 0.0, 857.7774326863696], [0.0, 796.8910634503094, 476.8848988407415], [0.0, 0.0, 1.0]], [[1249.9629280788233, 0.0, 825.3768045375984], [0.0, 1249.9629280788233, 462.54816385708756], [0.0, 0.0, 1.0]]], "extrinsics": [[[0.8236308693885803, -0.5670490264892578, 0.009360088966786861, -0.87823486328125], [0.01829063892364502, 0.01006383541971445, -0.9997820854187012, 1.4910812377929688], [0.5668312311172485, 0.8236226439476013, 0.018660571426153183, -1.24755859375], [0.0, 0.0, 0.0, 1.0]], [[0.01198083907365799, -0.9999122023582458, -0.005669903475791216, 0.0079345703125], [0.02034938707947731, 0.005912953056395054, -0.9997754693031311, 1.4827146530151367], [0.9997211694717407, 0.01186275202780962, 0.02041844092309475, -1.60919189453125], [0.0, 0.0, 0.0, 1.0]], [[-0.843079149723053, -0.5373172163963318, -0.022537101060152054, 1.0098876953125], [0.02850516326725483, -0.002799565438181162, -0.9995896816253662, 1.4958224296569824], [0.5370336174964905, -0.8433756828308105, 0.017676567658782005, -1.22509765625], [0.0, 0.0, 0.0, 1.0]], [[0.9478217959403992, 0.3187176585197449, 0.007271880283951759, -1.1435546875], [0.0035361482296139, 0.012298177927732468, -0.9999181628227234, 1.562042236328125], [-0.3187810480594635, 0.9477699398994446, 0.010529449209570885, -0.156494140625], [0.0, 0.0, 0.0, 1.0]], [[0.00862457137554884, 0.9999511241912842, 0.004837369080632925, -0.02880859375], [0.005530530586838722, 0.004789775237441063, -0.9999732375144958, 1.5682544708251953], [-0.9999476075172424, 0.008651074953377247, -0.00548895075917244, 0.009124755859375], [0.0, 0.0, 0.0, 1.0]], [[-0.923973023891449, 0.3821353316307068, -0.015698006376624107, 1.09674072265625], [0.009581170044839382, -0.017904726788401604, -0.9997938275337219, 1.5484809875488281], [-0.3823375403881073, -0.9239329099655151, 0.012882181443274021, -0.0694580078125], [0.0, 0.0, 0.0, 1.0]]], "view": [[0.0, -2.0, 100.0], [-2.0, 0.0, 100.0], [0.0, 0.0, 1.0]], "bev": "bev_af67f465f5994ac7bab19825336db644.png", "aux": "aux_af67f465f5994ac7bab19825336db644.npz", "visibility": "visibility_af67f465f5994ac7bab19825336db644.png", "pose": [[-0.7333971261978149, -0.6798004508018494, 0.0, 1260.3992919921875], [0.6798004508018494, -0.7333971261978149, 0.0, 938.0821533203125], [0.0, 0.0, 1.0, 0.0], [0.0, 0.0, 0.0, 1.0]], "pose_inverse": [[-0.7333971261978149, 0.6798004508018494, 0.0, 286.6645812988281], [-0.6798004508018494, -0.7333971261978149, 0.0, 1544.8067626953125], [0.0, 0.0, 1.0, 0.0], [0.0, 0.0, 0.0, 1.0]], "cam_ids": [0, 1, 2, 3, 4, 5], "cam_channels": ["CAM_FRONT_LEFT", "CAM_FRONT", "CAM_FRONT_RIGHT", "CAM_BACK_LEFT", "CAM_BACK", "CAM_BACK_RIGHT"], "token": "af67f465f5994ac7bab19825336db644", "scene": "scene-0557"}, {"images": ["samples/CAM_FRONT_LEFT/n008-2018-08-31-11-37-23-0400__CAM_FRONT_LEFT__1535730278404799.jpg", "samples/CAM_FRONT/n008-2018-08-31-11-37-23-0400__CAM_FRONT__1535730278412404.jpg", "samples/CAM_FRONT_RIGHT/n008-2018-08-31-11-37-23-0400__CAM_FRONT_RIGHT__1535730278420482.jpg", "samples/CAM_BACK_LEFT/n008-2018-08-31-11-37-23-0400__CAM_BACK_LEFT__1535730278447405.jpg", "samples/CAM_BACK/n008-2018-08-31-11-37-23-0400__CAM_BACK__1535730278437558.jpg", "samples/CAM_BACK_RIGHT/n008-2018-08-31-11-37-23-0400__CAM_BACK_RIGHT__1535730278428113.jpg"], "intrinsics": [[[1257.8625342125129, 0.0, 827.2410631095686], [0.0, 1257.8625342125129, 450.915498205774], [0.0, 0.0, 1.0]], [[1252.8131021185304, 0.0, 826.588114781398], [0.0, 1252.8131021185304, 469.9846626224581], [0.0, 0.0, 1.0]], [[1256.7485116440405, 0.0, 817.7887570959712], [0.0, 1256.7485116440403, 451.9541780095127], [0.0, 0.0, 1.0]], [[1254.9860565800168, 0.0, 829.5769333630991], [0.0, 1254.9860565800168, 467.1680561863987], [0.0, 0.0, 1.0]], [[796.8910634503094, 0.0, 857.7774326863696], [0.0, 796.8910634503094, 476.8848988407415], [0.0, 0.0, 1.0]], [[1249.9629280788233, 0.0, 825.3768045375984], [0.0, 1249.9629280788233, 462.54816385708756], [0.0, 0.0, 1.0]]], "extrinsics": [[[0.823779284954071, -0.5665044784545898, 0.021456271409988403, -0.8843994140625], [0.02216283045709133, -0.005636985879391432, -0.9997384548187256, 1.4915430545806885], [0.566477358341217, 0.8240394592285156, 0.007911709137260914, -1.250244140625], [0.0, 0.0, 0.0, 1.0]], [[0.012228797189891338, -0.9998764991760254, 0.00987077597528696, 0.0067138671875], [0.02401839755475521, -0.009574943222105503, -0.9996656775474548, 1.4830493927001953], [0.9996367692947388, 0.0124617675319314, 0.02389834262430668, -1.614593505859375], [0.0, 0.0, 0.0, 1.0]], [[-0.8429411053657532, -0.5377302765846252, -0.01721435785293579, 1.0125732421875], [0.03193438798189163, -0.01806861162185669, -0.9993266463279724, 1.4960098266601562], [0.5370572209358215, -0.8429232239723206, 0.03240286558866501, -1.2281494140625], [0.0, 0.0, 0.0, 1.0]], [[0.9478716850280762, 0.3186108469963074, 0.0051444824784994125, -1.14373779296875], [0.006172540597617626, -0.0022171365562826395, -0.9999784827232361, 1.5620434284210205], [-0.3185926675796509, 0.9478830099105835, -0.004068198148161173, -0.15625], [0.0, 0.0, 0.0, 1.0]], [[0.008706777356564999, 0.9999125003814697, -0.009961089119315147, -0.0283203125], [0.008474434725940228, -0.010034892708063126, -0.99991375207901, 1.5683460235595703], [-0.9999260902404785, 0.008621673099696636, -0.00856106635183096, 0.0105743408203125], [0.0, 0.0, 0.0, 1.0]], [[-0.9239248633384705, 0.3817942440509796, -0.02441377192735672, 1.099700927734375], [0.012776920571923256, -0.032985251396894455, -0.9993741512298584, 1.5486488342285156], [-0.3823605477809906, -0.9236586093902588, 0.025597739964723587, -0.06884765625], [0.0, 0.0, 0.0, 1.0]]], "view": [[0.0, -2.0, 100.0], [-2.0, 0.0, 100.0], [0.0, 0.0, 1.0]], "bev": "bev_a9172ca19f2b473c92a90cc702d199ba.png", "aux": "aux_a9172ca19f2b473c92a90cc702d199ba.npz", "visibility": "visibility_a9172ca19f2b473c92a90cc702d199ba.png", "pose": [[-0.714641809463501, -0.6994906067848206, 0.0, 1259.003662109375], [0.6994906067848206, -0.714641809463501, 0.0, 939.425048828125], [0.0, 0.0, 1.0, 0.0], [0.0, 0.0, 0.0, 1.0]], "pose_inverse": [[-0.714641809463501, 0.6994906067848206, 0.0, 242.61766052246094], [-0.6994906067848206, -0.714641809463501, 0.0, 1552.013671875], [0.0, 0.0, 1.0, 0.0], [0.0, 0.0, 0.0, 1.0]], "cam_ids": [0, 1, 2, 3, 4, 5], "cam_channels": ["CAM_FRONT_LEFT", "CAM_FRONT", "CAM_FRONT_RIGHT", "CAM_BACK_LEFT", "CAM_BACK", "CAM_BACK_RIGHT"], "token": "a9172ca19f2b473c92a90cc702d199ba", "scene": "scene-0557"}, {"images": ["samples/CAM_FRONT_LEFT/n008-2018-08-31-11-37-23-0400__CAM_FRONT_LEFT__1535730278904799.jpg", "samples/CAM_FRONT/n008-2018-08-31-11-37-23-0400__CAM_FRONT__1535730278912404.jpg", "samples/CAM_FRONT_RIGHT/n008-2018-08-31-11-37-23-0400__CAM_FRONT_RIGHT__1535730278920900.jpg", "samples/CAM_BACK_LEFT/n008-2018-08-31-11-37-23-0400__CAM_BACK_LEFT__1535730278947405.jpg", "samples/CAM_BACK/n008-2018-08-31-11-37-23-0400__CAM_BACK__1535730278937558.jpg", "samples/CAM_BACK_RIGHT/n008-2018-08-31-11-37-23-0400__CAM_BACK_RIGHT__1535730278928113.jpg"], "intrinsics": [[[1257.8625342125129, 0.0, 827.2410631095686], [0.0, 1257.8625342125129, 450.915498205774], [0.0, 0.0, 1.0]], [[1252.8131021185304, 0.0, 826.588114781398], [0.0, 1252.8131021185304, 469.9846626224581], [0.0, 0.0, 1.0]], [[1256.7485116440405, 0.0, 817.7887570959712], [0.0, 1256.7485116440403, 451.9541780095127], [0.0, 0.0, 1.0]], [[1254.9860565800168, 0.0, 829.5769333630991], [0.0, 1254.9860565800168, 467.1680561863987], [0.0, 0.0, 1.0]], [[796.8910634503094, 0.0, 857.7774326863696], [0.0, 796.8910634503094, 476.8848988407415], [0.0, 0.0, 1.0]], [[1249.9629280788233, 0.0, 825.3768045375984], [0.0, 1249.9629280788233, 462.54816385708756], [0.0, 0.0, 1.0]]], "extrinsics": [[[0.824080765247345, -0.566353440284729, 0.01160726323723793, -0.86474609375], [0.017680110409855843, 0.005234450101852417, -0.9998300075531006, 1.4912986755371094], [0.5661963820457458, 0.8241458535194397, 0.014326798729598522, -1.2374267578125], [0.0, 0.0, 0.0, 1.0]], [[0.01262442022562027, -0.9999201893806458, -0.000467315228888765, 0.00732421875], [0.019751109182834625, 0.0007166268769651651, -0.999804675579071, 1.4829468727111816], [0.9997252225875854, 0.01261268649250269, 0.01975857838988304, -1.5937957763671875], [0.0, 0.0, 0.0, 1.0]], [[-0.8428415060043335, -0.537826418876648, -0.01899954490363598, 0.999267578125], [0.027902962639927864, -0.00841591414064169, -0.9995751976966858, 1.4961028099060059], [0.5374380946159363, -0.8430135846138, 0.022100232541561127, -1.2191162109375], [0.0, 0.0, 0.0, 1.0]], [[0.9478701949119568, 0.31862619519233704, 0.004413675516843796, -1.14434814453125], [0.0028015482239425182, 0.005517711862921715, -0.9999808669090271, 1.5620384216308594], [-0.3186444938182831, 0.9478644132614136, 0.004337426740676165, -0.156005859375], [0.0, 0.0, 0.0, 1.0]], [[0.008520817384123802, 0.999962568283081, -0.0015046624466776848, -0.028564453125], [0.004740274045616388, -0.0015450912760570645, -0.9999875426292419, 1.5682525634765625], [-0.