[{"images": ["samples/CAM_FRONT_LEFT/n015-2018-08-01-16-41-59+0800__CAM_FRONT_LEFT__1533113034504844.jpg", "samples/CAM_FRONT/n015-2018-08-01-16-41-59+0800__CAM_FRONT__1533113034512460.jpg", "samples/CAM_FRONT_RIGHT/n015-2018-08-01-16-41-59+0800__CAM_FRONT_RIGHT__1533113034520339.jpg", "samples/CAM_BACK_LEFT/n015-2018-08-01-16-41-59+0800__CAM_BACK_LEFT__1533113034547423.jpg", "samples/CAM_BACK/n015-2018-08-01-16-41-59+0800__CAM_BACK__1533113034537525.jpg", "samples/CAM_BACK_RIGHT/n015-2018-08-01-16-41-59+0800__CAM_BACK_RIGHT__1533113034527893.jpg"], "intrinsics": [[[1272.5979470598488, 0.0, 826.6154927353808], [0.0, 1272.5979470598488, 479.75165386361925], [0.0, 0.0, 1.0]], [[1266.417203046554, 0.0, 816.2670197447984], [0.0, 1266.417203046554, 491.50706579294757], [0.0, 0.0, 1.0]], [[1260.8474446004698, 0.0, 807.968244525554], [0.0, 1260.8474446004698, 495.3344268742088], [0.0, 0.0, 1.0]], [[1256.7414812095406, 0.0, 792.1125740759628], [0.0, 1256.7414812095406, 492.7757465151356], [0.0, 0.0, 1.0]], [[809.2209905677063, 0.0, 829.2196003259838], [0.0, 809.2209905677063, 481.77842384512485], [0.0, 0.0, 1.0]], [[1259.5137405846733, 0.0, 807.2529053838625], [0.0, 1259.5137405846733, 501.19579884916527], [0.0, 0.0, 1.0]]], "extrinsics": [[[0.8208204507827759, -0.5707283020019531, 0.02287258394062519, -0.61407470703125], [0.0009468226926401258, -0.038684409111738205, -0.9992510676383972, 1.508669376373291], [0.5711855292320251, 0.820227324962616, -0.031212572008371353, -1.03656005859375], [0.0, 0.0, 0.0, 1.0]], [[0.005805891007184982, -0.9990514516830444, 0.04315546527504921, 0.00742340087890625], [-0.003618822665885091, -0.04317690432071686, -0.9990609288215637, 1.5192809104919434], [0.9999765753746033, 0.005644266027957201, -0.00386607157997787, -1.3419189453125], [0.0, 0.0, 0.0, 1.0]], [[-0.832829475402832, -0.5533922910690308, 0.012329458259046078, 0.80645751953125], [0.0027592177502810955, -0.026424407958984375, -0.9996469616889954, 1.5043988227844238], [0.5535227060317993, -0.8325015306472778, 0.023533957079052925, -1.098419189453125], [0.0, 0.0, 0.0, 1.0]], [[0.9477958083152771, 0.318824827671051, -0.00581578491255641, -1.14208984375], [0.013333833776414394, -0.05784769356250763, -0.998236358165741, 1.5884413719177246], [-0.3185989260673523, 0.9460467100143433, -0.05907896161079407, -0.101776123046875], [0.0, 0.0, 0.0, 1.0]], [[0.002394481562077999, 0.9988641142845154, -0.04758916050195694, 0.0034942626953125], [-0.01270845253020525, -0.04755505919456482, -0.9987878203392029, 1.5780811309814453], [-0.9999164342880249, 0.0029963511042296886, 0.012580147944390774, -0.096923828125], [0.0, 0.0, 0.0, 1.0]], [[-0.9347835779190063, 0.3540092408657074, -0.029276801273226738, 0.95355224609375], [0.01924237795174122, -0.0318327397108078, -0.9993079304695129, 1.5552167892456055], [-0.35469627380371094, -0.9347000122070312, 0.022944746538996696, -0.1328125], [0.0, 0.0, 0.0, 1.0]]], "view": [[0.0, -2.0, 100.0], [-2.0, 0.0, 100.0], [0.0, 0.0, 1.0]], "bev": "bev_465ad1daf37546479028dcbfdbe31a60.png", "aux": "aux_465ad1daf37546479028dcbfdbe31a60.npz", "visibility": "visibility_465ad1daf37546479028dcbfdbe31a60.png", "pose": [[0.397200345993042, -0.9177319407463074, 0.0, 315.90435791015625], [0.9177319407463074, 0.397200345993042, 0.0, 977.5399780273438], [0.0, 0.0, 1.0, 0.0], [0.0, 0.0, 0.0, 1.0]], "pose_inverse": [[0.397200345993042, 0.9177319407463074, 0.0, -1022.5969848632812], [-0.9177319407463074, 0.397200345993042, 0.0, -98.36370086669922], [0.0, 0.0, 1.0, 0.0], [0.0, 0.0, 0.0, 1.0]], "cam_ids": [0, 1, 2, 3, 4, 5], "cam_channels": ["CAM_FRONT_LEFT", "CAM_FRONT", "CAM_FRONT_RIGHT", "CAM_BACK_LEFT", "CAM_BACK", "CAM_BACK_RIGHT"], "token": "465ad1daf37546479028dcbfdbe31a60", "scene": "scene-0135"}, {"images": ["samples/CAM_FRONT_LEFT/n015-2018-08-01-16-41-59+0800__CAM_FRONT_LEFT__1533113035004844.jpg", "samples/CAM_FRONT/n015-2018-08-01-16-41-59+0800__CAM_FRONT__1533113035012460.jpg", "samples/CAM_FRONT_RIGHT/n015-2018-08-01-16-41-59+0800__CAM_FRONT_RIGHT__1533113035020339.jpg", "samples/CAM_BACK_LEFT/n015-2018-08-01-16-41-59+0800__CAM_BACK_LEFT__1533113035047423.jpg", "samples/CAM_BACK/n015-2018-08-01-16-41-59+0800__CAM_BACK__1533113035037525.jpg", "samples/CAM_BACK_RIGHT/n015-2018-08-01-16-41-59+0800__CAM_BACK_RIGHT__1533113035027893.jpg"], "intrinsics": [[[1272.5979470598488, 0.0, 826.6154927353808], [0.0, 1272.5979470598488, 479.75165386361925], [0.0, 0.0, 1.0]], [[1266.417203046554, 0.0, 816.2670197447984], [0.0, 1266.417203046554, 491.50706579294757], [0.0, 0.0, 1.0]], [[1260.8474446004698, 0.0, 807.968244525554], [0.0, 1260.8474446004698, 495.3344268742088], [0.0, 0.0, 1.0]], [[1256.7414812095406, 0.0, 792.1125740759628], [0.0, 1256.7414812095406, 492.7757465151356], [0.0, 0.0, 1.0]], [[809.2209905677063, 0.0, 829.2196003259838], [0.0, 809.2209905677063, 481.77842384512485], [0.0, 0.0, 1.0]], [[1259.5137405846733, 0.0, 807.2529053838625], [0.0, 1259.5137405846733, 501.19579884916527], [0.0, 0.0, 1.0]]], "extrinsics": [[[0.8211143016815186, -0.5705437064170837, 0.015845436602830887, -0.6217041015625], [-0.005131915677338839, -0.035140737891197205, -0.999369204044342, 1.5060815811157227], [0.5707406401634216, 0.820514976978302, -0.031782541424036026, -1.0408935546875], [0.0, 0.0, 0.0, 1.0]], [[0.00631151394918561, -0.9992167949676514, 0.03906354308128357, 0.00673675537109375], [-0.010412941686809063, -0.03912787511944771, -0.9991799592971802, 1.5169429779052734], [0.9999257922172546, 0.005899585783481598, -0.010651743039488792, -1.34912109375], [0.0, 0.0, 0.0, 1.0]], [[-0.8326457738876343, -0.553572416305542, 0.016081398352980614, 0.8111572265625], [-0.0047843060456216335, -0.021846726536750793, -0.9997498393058777, 1.5023679733276367], [0.5537852644920349, -0.8325144052505493, 0.015542124398052692, -1.102020263671875], [0.0, 0.0, 0.0, 1.0]], [[0.9476379752159119, 0.3190719187259674, -0.013241643086075783, -1.14306640625], [0.003413065802305937, -0.05158174782991409, -0.9986628890037537, 1.5884957313537598], [-0.31932830810546875, 0.9463257193565369, -0.04996984079480171, -0.1022796630859375], [0.0, 0.0, 0.0, 1.0]], [[0.0019348047208040953, 0.9991207718849182, -0.04187941551208496, 0.00339508056640625], [-0.021737975999712944, -0.041827574372291565, -0.998888373374939, 1.5772514343261719], [-0.9997618198394775, 0.0028430111706256866, 0.0216379314661026, -0.0941162109375], [0.0, 0.0, 0.0, 1.0]], [[-0.9350035190582275, 0.35408368706703186, -0.01982727460563183, 0.95794677734375], [0.011068182997405529, -0.026745589450001717, -0.9995810389518738, 1.5535554885864258], [-0.3544656038284302, -0.9348312020301819, 0.02108815871179104, -0.131439208984375], [0.0, 0.0, 0.0, 1.0]]], "view": [[0.0, -2.0, 100.0], [-2.0, 0.0, 100.0], [0.0, 0.0, 1.0]], "bev": "bev_8080589e757b458793dc6ee9c8213e4d.png", "aux": "aux_8080589e757b458793dc6ee9c8213e4d.npz", "visibility": "visibility_8080589e757b458793dc6ee9c8213e4d.png", "pose": [[0.39410510659217834, -0.9190653562545776, 0.0, 317.863525390625], [0.9190653562545776, 0.39410510659217834, 0.0, 982.0403442382812], [0.0, 0.0, 1.0, 0.0], [0.0, 0.0, 0.0, 1.0]], "pose_inverse": [[0.39410510659217834, 0.9190653562545776, 0.0, -1027.8309326171875], [-0.9190653562545776, 0.39410510659217834, 0.0, -94.88973999023438], [0.0, 0.0, 1.0, 0.0], [0.0, 0.0, 0.0, 1.0]], "cam_ids": [0, 1, 2, 3, 4, 5], "cam_channels": ["CAM_FRONT_LEFT", "CAM_FRONT", "CAM_FRONT_RIGHT", "CAM_BACK_LEFT", "CAM_BACK", "CAM_BACK_RIGHT"], "token": "8080589e757b458793dc6ee9c8213e4d", "scene": "scene-0135"}, {"images": ["samples/CAM_FRONT_LEFT/n015-2018-08-01-16-41-59+0800__CAM_FRONT_LEFT__1533113035504844.jpg", "samples/CAM_FRONT/n015-2018-08-01-16-41-59+0800__CAM_FRONT__1533113035512460.jpg", "samples/CAM_FRONT_RIGHT/n015-2018-08-01-16-41-59+0800__CAM_FRONT_RIGHT__1533113035520339.jpg", "samples/CAM_BACK_LEFT/n015-2018-08-01-16-41-59+0800__CAM_BACK_LEFT__1533113035547423.jpg", "samples/CAM_BACK/n015-2018-08-01-16-41-59+0800__CAM_BACK__1533113035537525.jpg", "samples/CAM_BACK_RIGHT/n015-2018-08-01-16-41-59+0800__CAM_BACK_RIGHT__1533113035527893.jpg"], "intrinsics": [[[1272.5979470598488, 0.0, 826.6154927353808], [0.0, 1272.5979470598488, 479.75165386361925], [0.0, 0.0, 1.0]], [[1266.417203046554, 0.0, 816.2670197447984], [0.0, 1266.417203046554, 491.50706579294757], [0.0, 0.0, 1.0]], [[1260.8474446004698, 0.0, 807.968244525554], [0.0, 1260.8474446004698, 495.3344268742088], [0.0, 0.0, 1.0]], [[1256.7414812095406, 0.0, 792.1125740759628], [0.0, 1256.7414812095406, 492.7757465151356], [0.0, 0.0, 1.0]], [[809.2209905677063, 0.0, 829.2196003259838], [0.0, 809.2209905677063, 481.77842384512485], [0.0, 0.0, 1.0]], [[1259.5137405846733, 0.0, 807.2529053838625], [0.0, 1259.5137405846733, 501.19579884916527], [0.0, 0.0, 1.0]]], "extrinsics": [[[0.8206260204315186, -0.5712653398513794, 0.015127229504287243, -0.63201904296875], [0.00028514728182926774, -0.026061605662107468, -0.9996602535247803, 1.5083465576171875], [0.5714654922485352, 0.8203516006469727, -0.02122393809258938, -1.047607421875], [0.0, 0.0, 0.0, 1.0]], [[0.005526525899767876, -0.9995365738868713, 0.02993311919271946, 0.00637054443359375], [-0.0049383253790438175, -0.029960492625832558, -0.9995389580726624, 1.5188755989074707], [0.9999725222587585, 0.005376187618821859, -0.005101615563035011, -1.359619140625], [0.0, 0.0, 0.0, 1.0]], [[-0.8329746723175049, -0.5532749891281128, 0.006328634452074766, 0.81793212890625], [0.0007646671729162335, -0.012588819488883018, -0.9999204277992249, 1.5038354396820068], [0.5533106327056885, -0.8329035043716431, 0.010909239761531353, -1.1068115234375], [0.0, 0.0, 0.0, 1.0]], [[0.9478558301925659, 0.3186678886413574, -0.004500492010265589, -1.143798828125], [0.009479501284658909, -0.04230567812919617, -0.9990596771240234, 1.5884995460510254], [-0.31855860352516174, 0.9469218254089355, -0.04312049224972725, -0.1022491455078125], [0.0, 0.0, 0.0, 1.0]], [[0.002522780792787671, 0.9994650483131409, -0.032607801258563995, 0.00353240966796875], [-0.015986479818820953, -0.032563429325819016, -0.9993418455123901, 1.5778675079345703], [-0.9998689293861389, 0.0030423838179558516, 0.015895778313279152, -0.09033203125], [0.0, 0.0, 0.0, 1.0]], [[-0.9347554445266724, 0.35462501645088196, -0.021759096533060074, 0.96380615234375], [0.016656938940286636, -0.017434213310480118, -0.9997092485427856, 1.554520606994629], [-0.3549012541770935, -0.934846043586731, 0.010389759205281734, -0.129364013671875], [0.0, 0.0, 0.0, 1.0]]], "view": [[0.0, -2.0, 100.0], [-2.0, 0.0, 100.0], [0.0, 0.0, 1.0]], "bev": "bev_080daa146cd54e5ea7490fff02579ee2.png", "aux": "aux_080daa146cd54e5ea7490fff02579ee2.npz", "visibility": "visibility_080daa146cd54e5ea7490fff02579ee2.png", "pose": [[0.3921755254268646, -0.9198904037475586, 0.0, 319.7652587890625], [0.9198904037475586, 0.3921755254268646, 0.0, 986.4635009765625], [0.0, 0.0, 1.0, 0.0], [0.0, 0.0, 0.0, 1.0]], "pose_inverse": [[0.3921755254268646, 0.9198904037475586, 0.0, -1032.8424072265625], [-0.9198904037475586, 0.3921755254268646, 0.0, -92.71784210205078], [0.0, 0.0, 1.0, 0.0], [0.0, 0.0, 0.0, 1.0]], "cam_ids": [0, 1, 2, 3, 4, 5], "cam_channels": ["CAM_FRONT_LEFT", "CAM_FRONT", "CAM_FRONT_RIGHT", "CAM_BACK_LEFT", "CAM_BACK", "CAM_BACK_RIGHT"], "token": "080daa146cd54e5ea7490fff02579ee2", "scene": "scene-0135"}, {"images": ["samples/CAM_FRONT_LEFT/n015-2018-08-01-16-41-59+0800__CAM_FRONT_LEFT__1533113036004844.jpg", "samples/CAM_FRONT/n015-2018-08-01-16-41-59+0800__CAM_FRONT__1533113036012460.jpg", "samples/CAM_FRONT_RIGHT/n015-2018-08-01-16-41-59+0800__CAM_FRONT_RIGHT__1533113036020339.jpg", "samples/CAM_BACK_LEFT/n015-2018-08-01-16-41-59+0800__CAM_BACK_LEFT__1533113036047423.jpg", "samples/CAM_BACK/n015-2018-08-01-16-41-59+0800__CAM_BACK__1533113036037525.jpg", "samples/CAM_BACK_RIGHT/n015-2018-08-01-16-41-59+0800__CAM_BACK_RIGHT__1533113036027893.jpg"], "intrinsics": [[[1272.5979470598488, 0.0, 826.6154927353808], [0.0, 1272.5979470598488, 479.75165386361925], [0.0, 0.0, 1.0]], [[1266.417203046554, 0.0, 816.2670197447984], [0.0, 1266.417203046554, 491.50706579294757], [0.0, 0.0, 1.0]], [[1260.8474446004698, 0.0, 807.968244525554], [0.0, 1260.8474446004698, 495.3344268742088], [0.0, 0.0, 1.0]], [[1256.7414812095406, 0.0, 792.1125740759628], [0.0, 1256.7414812095406, 492.7757465151356], [0.0, 0.0, 1.0]], [[809.2209905677063, 0.0, 829.2196003259838], [0.0, 809.2209905677063, 481.77842384512485], [0.0, 0.0, 1.0]], [[1259.5137405846733, 0.0, 807.2529053838625], [0.0, 1259.5137405846733, 501.19579884916527], [0.0, 0.0, 1.0]]], "extrinsics": [[[0.8215511441230774, -0.5699893236160278, 0.012884458526968956, -0.62628173828125], [5.902424891246483e-05, -0.022513937205076218, -0.9997465014457703, 1.50838041305542], [0.5701348781585693, 0.821343719959259, -0.018462706357240677, -1.05096435546875], [0.0, 0.0, 0.0, 1.0]], [[0.006872085388749838, -0.9996224045753479, 0.02660439908504486, 0.0112762451171875], [-0.005181282293051481, -0.026640266180038452, -0.9996317028999329, 1.5188970565795898], [0.9999629259109497, 0.006731729954481125, -0.005362400785088539, -1.356201171875], [0.0, 0.0, 0.0, 1.0]], [[-0.8323999047279358, -0.554154098033905, 0.004858993925154209, 0.8170166015625], [0.0004791495739482343, -0.009487648494541645, -0.9999548196792603, 1.5037975311279297], [0.5541751384735107, -0.832360029220581, 0.008163043297827244, -1.10174560546875], [0.0, 0.0, 0.0, 1.0]], [[0.9474735856056213, 0.31980717182159424, -0.00412059435620904, -1.1407470703125], [0.00916245300322771, -0.04001880809664726, -0.9991568922996521, 1.5886249542236328], [-0.3197024464607239, 0.9466371536254883, -0.040846988558769226, -0.1055450439453125], [0.0, 0.0, 0.0, 1.0]], [[0.0017682258039712906, 0.9995473623275757, -0.030035149306058884, 0.00141143798828125], [-0.016287198290228844, -0.030002426356077194, -0.9994171261787415, 1.5778369903564453], [-0.9998657703399658, 0.0022563720121979713, 0.01622677408158779, -0.094482421875], [0.0, 0.0, 0.0, 1.0]], [[-0.9350240230560303, 0.3539928197860718, -0.02047186903655529, 0.95941162109375], [0.01637491025030613, -0.014565320685505867, -0.9997598528862, 1.5545654296875], [-0.35420599579811096, -0.935134768486023, 0.007822324521839619, -0.12823486328125], [0.0, 0.0, 0.0, 1.0]]], "view": [[0.0, -2.0, 100.0], [-2.0, 0.0, 100.0], [0.0, 0.0, 1.0]], "bev": "bev_c8f010321e404e329ad8a11b96e98c05.png", "aux": "aux_c8f010321e404e329ad8a11b96e98c05.npz", "visibility": "visibility_c8f010321e404e329ad8a11b96e98c05.png", "pose": [[0.3982604146003723, -0.9172723889350891, 0.0, 321.6889343261719], [0.9172723889350891, 0.3982604146003723, 0.0, 990.8563232421875], [0.0, 0.0, 1.0, 0.0], [0.0, 0.0, 0.0, 1.0]], "pose_inverse": [[0.3982604146003723, 0.9172723889350891, 0.0, -1037.0010986328125], [-0.9172723889350891, 0.3982604146003723, 0.0, -99.54248046875], [0.0, 0.0, 1.0, 0.0], [0.0, 0.0, 0.0, 1.0]], "cam_ids": [0, 1, 2, 3, 4, 5], "cam_channels": ["CAM_FRONT_LEFT", "CAM_FRONT", "CAM_FRONT_RIGHT", "CAM_BACK_LEFT", "CAM_BACK", "CAM_BACK_RIGHT"], "token": "c8f010321e404e329ad8a11b96e98c05", "scene": "scene-0135"}, {"images": ["samples/CAM_FRONT_LEFT/n015-2018-08-01-16-41-59+0800__CAM_FRONT_LEFT__1533113036504844.jpg", "samples/CAM_FRONT/n015-2018-08-01-16-41-59+0800__CAM_FRONT__1533113036512460.jpg", "samples/CAM_FRONT_RIGHT/n015-2018-08-01-16-41-59+0800__CAM_FRONT_RIGHT__1533113036520339.jpg", "samples/CAM_BACK_LEFT/n015-2018-08-01-16-41-59+0800__CAM_BACK_LEFT__1533113036547423.jpg", "samples/CAM_BACK/n015-2018-08-01-16-41-59+0800__CAM_BACK__1533113036537525.jpg", "samples/CAM_BACK_RIGHT/n015-2018-08-01-16-41-59+0800__CAM_BACK_RIGHT__1533113036527893.jpg"], "intrinsics": [[[1272.5979470598488, 0.0, 826.6154927353808], [0.0, 1272.5979470598488, 479.75165386361925], [0.0, 0.0, 1.0]], [[1266.417203046554, 0.0, 816.2670197447984], [0.0, 1266.417203046554, 491.50706579294757], [0.0, 0.0, 1.0]], [[1260.8474446004698, 0.0, 807.968244525554], [0.0, 1260.8474446004698, 495.3344268742088], [0.0, 0.0, 1.0]], [[1256.7414812095406, 0.0, 792.1125740759628], [0.0, 1256.7414812095406, 492.7757465151356], [0.0, 0.0, 1.0]], [[809.2209905677063, 0.0, 829.2196003259838], [0.0, 809.2209905677063, 481.77842384512485], [0.0, 0.0, 1.0]], [[1259.5137405846733, 0.0, 807.2529053838625], [0.0, 1259.5137405846733, 501.19579884916527], [0.0, 0.0, 1.0]]], "extrinsics": [[[0.8214291334152222, -0.5700580477714539, 0.016974030062556267, -0.63018798828125], [-0.0061419690027832985, -0.0386035293340683, -0.9992356896400452, 1.5058460235595703], [0.5702775716781616, 0.820697009563446, -0.035211335867643356, -1.0506591796875], [0.0, 0.0, 0.0, 1.0]], [[0.0067771305330097675, -0.9990538358688354, 0.042958520352840424, 0.00930023193359375], [-0.01108352467417717, -0.04303191602230072, -0.9990122318267822, 1.5169143676757812], [0.999915599822998, 0.006294289603829384, -0.011364670470356941, -1.358154296875], [0.0, 0.0, 0.0, 1.0]], [[-0.8324352502822876, -0.5538041591644287, 0.01877506449818611, 0.816650390625], [-0.0051119825802743435, -0.026205969974398613, -0.9996434450149536, 1.502354621887207], [0.5540987253189087, -0.8322344422340393, 0.018983738496899605, -1.10345458984375], [0.0, 0.0, 0.0, 1.0]], [[0.9476342797279358, 0.31906816363334656, -0.013591081835329533, -1.13726806640625], [0.005167898256331682, -0.057872891426086426, -0.9983105659484863, 1.5885789394378662], [-0.31931567192077637, 0.9459630250930786, -0.056491244584321976, -0.1052398681640625], [0.0, 0.0, 0.0, 1.0]], [[0.001765971421264112, 0.9988752007484436, -0.0473848320543766, 0.0023956298828125], [-0.020857296884059906, -0.04733780771493912, -0.9986611604690552, 1.5773334503173828], [-0.9997808933258057, 0.0027519732248038054, 0.02075023576617241, -0.096435546875], [0.0, 0.0, 0.0, 1.0]], [[-0.9351102113723755, 0.35369837284088135, -0.021601038053631783, 0.95916748046875], [0.011159390211105347, -0.03153447434306145, -0.9994403719902039, 1.5535917282104492], [-0.3541816174983978, -0.9348278045654297, 0.025541149079799652, -0.129547119140625], [0.0, 0.0, 0.0, 1.0]]], "view": [[0.0, -2.0, 100.0], [-2.0, 0.0, 100.0], [0.0, 0.0, 1.0]], "bev": "bev_a566990e737748608f9a14bd2e7dc15a.png", "aux": "aux_a566990e737748608f9a14bd2e7dc15a.npz", "visibility": "visibility_a566990e737748608f9a14bd2e7dc15a.png", "pose": [[0.39948809146881104, -0.9167383909225464, 0.0, 323.58685302734375], [0.9167383909225464, 0.39948809146881104, 0.0, 995.1710205078125], [0.0, 0.0, 1.0, 0.0], [0.0, 0.0, 0.0, 1.0]], "pose_inverse": [[0.39948809146881104, 0.9167383909225464, 0.0, -1041.58056640625], [-0.9167383909225464, 0.39948809146881104, 0.0, -100.91446685791016], [0.0, 0.0, 1.0, 0.0], [0.0, 0.0, 0.0, 1.0]], "cam_ids": [0, 1, 2, 3, 4, 5], "cam_channels": ["CAM_FRONT_LEFT", "CAM_FRONT", "CAM_FRONT_RIGHT", "CAM_BACK_LEFT", "CAM_BACK", "CAM_BACK_RIGHT"], "token": "a566990e737748608f9a14bd2e7dc15a", "scene": "scene-0135"}, {"images": ["samples/CAM_FRONT_LEFT/n015-2018-08-01-16-41-59+0800__CAM_FRONT_LEFT__1533113037004844.jpg", "samples/CAM_FRONT/n015-2018-08-01-16-41-59+0800__CAM_FRONT__1533113037012460.jpg", "samples/CAM_FRONT_RIGHT/n015-2018-08-01-16-41-59+0800__CAM_FRONT_RIGHT__1533113037020339.jpg", "samples/CAM_BACK_LEFT/n015-2018-08-01-16-41-59+0800__CAM_BACK_LEFT__1533113037047423.jpg", "samples/CAM_BACK/n015-2018-08-01-16-41-59+0800__CAM_BACK__1533113037037525.jpg", "samples/CAM_BACK_RIGHT/n015-2018-08-01-16-41-59+0800__CAM_BACK_RIGHT__1533113037027893.jpg"], "intrinsics": [[[1272.5979470598488, 0.0, 826.6154927353808], [0.0, 1272.5979470598488, 479.75165386361925], [0.0, 0.0, 1.0]], [[1266.417203046554, 0.0, 816.2670197447984], [0.0, 1266.417203046554, 491.50706579294757], [0.0, 0.0, 1.0]], [[1260.8474446004698, 0.0, 807.968244525554], [0.0, 1260.8474446004698, 495.3344268742088], [0.0, 0.0, 1.0]], [[1256.7414812095406, 0.0, 792.1125740759628], [0.0, 1256.7414812095406, 492.7757465151356], [0.0, 0.0, 1.0]], [[809.2209905677063, 0.0, 829.2196003259838], [0.0, 809.2209905677063, 481.77842384512485], [0.0, 0.0, 1.0]], [[1259.5137405846733, 0.0, 807.2529053838625], [0.0, 1259.5137405846733, 501.19579884916527], [0.0, 0.0, 1.0]]], "extrinsics": [[[0.8211129307746887, -0.5703035593032837, 0.022964172065258026, -0.6505126953125], [-0.0014990185154601932, -0.04238860681653023, -0.9991000890731812, 1.5074858665466309], [0.5707637071609497, 0.8203396201133728, -0.03566072881221771, -1.05633544921875], [0.0, 0.0, 0.0, 1.0]], [[0.006288137286901474, -0.9989025592803955, 0.046412143856287, 0.0035247802734375], [-0.006829835008829832, -0.046454884111881256, -0.9988970756530762, 1.5181999206542969], [0.9999568462371826, 0.005964212119579315, -0.0071144551038742065, -1.37451171875], [0.0, 0.0, 0.0, 1.0]], [[-0.8326265215873718, -0.5535660982131958, 0.017247946932911873, 0.8250732421875], [-0.0012527109356597066, -0.029260296374559402, -0.9995710253715515, 1.5032520294189453], [0.5538333058357239, -0.8322910070419312, 0.023669442161917686, -1.114288330078125], [0.0, 0.0, 0.0, 1.0]], [[0.9476237297058105, 0.319155752658844, -0.012198135256767273, -1.140380859375], [0.007243949454277754, -0.059659358114004135, -0.9981924891471863, 1.5885252952575684], [-0.3193065822124481, 0.9458225965499878, -0.058846574276685715, -0.10357666015625], [0.0, 0.0, 0.0, 1.0]], [[0.0019292825600132346, 0.9987646341323853, -0.04965519160032272, 0.00423431396484375], [-0.018105166032910347, -0.04961225390434265, -0.9986044764518738, 1.5776290893554688], [-0.9998342394828796, 0.0028255984652787447, 0.0179870817810297, -0.090087890625], [0.0, 0.0, 0.0, 1.0]], [[-0.9349766969680786, 0.35377025604248047, -0.025790221989154816, 0.96942138671875], [0.0146034499630332, -0.034255146980285645, -0.9993064403533936, 1.5539970397949219], [-0.3544083833694458, -0.9347048997879028, 0.02686149626970291, -0.128997802734375], [0.0, 0.0, 0.0, 1.0]]], "view": [[0.0, -2.0, 100.0], [-2.0, 0.0, 100.0], [0.0, 0.0, 1.0]], "bev": "bev_7bd00b4add504a4e8ae3747e40d7626f.png", "aux": "aux_7bd00b4add504a4e8ae3747e40d7626f.npz", "visibility": "visibility_7bd00b4add504a4e8ae3747e40d7626f.png", "pose": [[0.4027101397514343, -0.9153275489807129, 0.0, 325.4107971191406], [0.9153275489807129, 0.4027101397514343, 0.0, 999.3720703125], [0.0, 0.0, 1.0, 0.0], [0.0, 0.0, 0.0, 1.0]], "pose_inverse": [[0.4027101397514343, 0.9153275489807129, 0.0, -1045.799072265625], [-0.9153275489807129, 0.4027101397514343, 0.0, -104.59978485107422], [0.0, 0.0, 1.0, 0.0], [0.0, 0.0, 0.0, 1.0]], "cam_ids": [0, 1, 2, 3, 4, 5], "cam_channels": ["CAM_FRONT_LEFT", "CAM_FRONT", "CAM_FRONT_RIGHT", "CAM_BACK_LEFT", "CAM_BACK", "CAM_BACK_RIGHT"], "token": "7bd00b4add504a4e8ae3747e40d7626f", "scene": "scene-0135"}, {"images": ["samples/CAM_FRONT_LEFT/n015-2018-08-01-16-41-59+0800__CAM_FRONT_LEFT__1533113037504844.jpg", "samples/CAM_FRONT/n015-2018-08-01-16-41-59+0800__CAM_FRONT__1533113037512460.jpg", "samples/CAM_FRONT_RIGHT/n015-2018-08-01-16-41-59+0800__CAM_FRONT_RIGHT__1533113037520339.jpg", "samples/CAM_BACK_LEFT/n015-2018-08-01-16-41-59+0800__CAM_BACK_LEFT__1533113037547423.jpg", "samples/CAM_BACK/n015-2018-08-01-16-41-59+0800__CAM_BACK__1533113037537525.jpg", "samples/CAM_BACK_RIGHT/n015-2018-08-01-16-41-59+0800__CAM_BACK_RIGHT__1533113037527893.jpg"], "intrinsics": [[[1272.5979470598488, 0.0, 826.6154927353808], [0.0, 1272.5979470598488, 479.75165386361925], [0.0, 0.0, 1.0]], [[1266.417203046554, 0.0, 816.2670197447984], [0.0, 1266.417203046554, 491.50706579294757], [0.0, 0.0, 1.0]], [[1260.8474446004698, 0.0, 807.968244525554], [0.0, 1260.8474446004698, 495.3344268742088], [0.0, 0.0, 1.0]], [[1256.7414812095406, 0.0, 792.1125740759628], [0.0, 1256.7414812095406, 492.7757465151356], [0.0, 0.0, 1.0]], [[809.2209905677063, 0.0, 829.2196003259838], [0.0, 809.2209905677063, 481.77842384512485], [0.0, 0.0, 1.0]], [[1259.5137405846733, 0.0, 807.2529053838625], [0.0, 1259.5137405846733, 501.19579884916527], [0.0, 0.0, 1.0]]], "extrinsics": [[[0.8209375143051147, -0.5705512166023254, 0.02308313548564911, -0.64202880859375], [-0.004187849350273609, -0.0464392825961113, -0.9989123344421387, 1.5066804885864258], [0.5710026621818542, 0.8199479579925537, -0.040513135492801666, -1.05755615234375], [0.0, 0.0, 0.0, 1.0]], [[0.006094546988606453, -0.9986994862556458, 0.05061769485473633, 0.00835418701171875], [-0.00958897452801466, -0.0506746806204319, -0.9986692070960999, 1.5175180435180664], [0.9999353289604187, 0.0056009734980762005, -0.009885343722999096, -1.370849609375], [0.0, 0.0, 0.0, 1.0]], [[-0.8327004909515381, -0.5532848834991455, 0.022036314010620117, 0.82598876953125], [-0.004081372637301683, -0.03366272523999214, -0.9994248747825623, 1.5026640892028809], [0.5537084937095642, -0.8323115706443787, 0.025772813707590103, -1.110321044921875], [0.0, 0.0, 0.0, 1.0]], [[0.9476252198219299, 0.31892961263656616, -0.01703866571187973, -1.14501953125], [0.004016859456896782, -0.06524542719125748, -0.9978611469268799, 1.5885486602783203], [-0.31935915350914, 0.9455299973487854, -0.06310930848121643, -0.1027679443359375], [0.0, 0.0, 0.0, 1.0]], [[0.001875025569461286, 0.9984979629516602, -0.05475592613220215, 0.00260162353515625], [-0.0211372971534729, -0.0547042153775692, -0.9982788562774658, 1.5774974822998047], [-0.9997748136520386, 0.0030291287694126368, 0.021002978086471558, -0.087158203125], [0.0, 0.0, 0.0, 1.0]], [[-0.9349991679191589, 0.3537876605987549, -0.02471594698727131, 0.968994140625], [0.011690674349665642, -0.03890686854720116, -0.9991744756698608, 1.5535640716552734], [-0.3544572591781616, -0.934516191482544, 0.03224187344312668, -0.12628173828125], [0.0, 0.0, 0.0, 1.0]]], "view": [[0.0, -2.0, 100.0], [-2.0, 0.0, 100.0], [0.0, 0.0, 1.0]], "bev": "bev_17edecf2d7114b3a9047af7268d8f109.png", "aux": "aux_17edecf2d7114b3a9047af7268d8f109.npz", "visibility": "visibility_17edecf2d7114b3a9047af7268d8f109.png", "pose": [[0.4067765474319458, -0.9135276675224304, 0.0, 327.28875732421875], [0.9135276675224304, 0.4067765474319458, 0.0, 1003.5929565429688], [0.0, 0.0, 1.0, 0.0], [0.0, 0.0, 0.0, 1.0]], "pose_inverse": [[0.4067765474319458, 0.9135276675224304, 0.0, -1049.943359375], [-0.9135276675224304, 0.4067765474319458, 0.0, -109.25074005126953], [0.0, 0.0, 1.0, 0.0], [0.0, 0.0, 0.0, 1.0]], "cam_ids": [0, 1, 2, 3, 4, 5], "cam_channels": ["CAM_FRONT_LEFT", "CAM_FRONT", "CAM_FRONT_RIGHT", "CAM_BACK_LEFT", "CAM_BACK", "CAM_BACK_RIGHT"], "token": "17edecf2d7114b3a9047af7268d8f109", "scene": "scene-0135"}, {"images": ["samples/CAM_FRONT_LEFT/n015-2018-08-01-16-41-59+0800__CAM_FRONT_LEFT__1533113038004844.jpg", "samples/CAM_FRONT/n015-2018-08-01-16-41-59+0800__CAM_FRONT__1533113038012460.jpg", "samples/CAM_FRONT_RIGHT/n015-2018-08-01-16-41-59+0800__CAM_FRONT_RIGHT__1533113038020339.jpg", "samples/CAM_BACK_LEFT/n015-2018-08-01-16-41-59+0800__CAM_BACK_LEFT__1533113038047423.jpg", "samples/CAM_BACK/n015-2018-08-01-16-41-59+0800__CAM_BACK__1533113038037525.jpg", "samples/CAM_BACK_RIGHT/n015-2018-08-01-16-41-59+0800__CAM_BACK_RIGHT__1533113038027911.jpg"], "intrinsics": [[[1272.5979470598488, 0.0, 826.6154927353808], [0.0, 1272.5979470598488, 479.75165386361925], [0.0, 0.0, 1.0]], [[1266.417203046554, 0.0, 816.2670197447984], [0.0, 1266.417203046554, 491.50706579294757], [0.0, 0.0, 1.0]], [[1260.8474446004698, 0.0, 807.968244525554], [0.0, 1260.8474446004698, 495.3344268742088], [0.0, 0.0, 1.0]], [[1256.7414812095406, 0.0, 792.1125740759628], [0.0, 1256.7414812095406, 492.7757465151356], [0.0, 0.0, 1.0]], [[809.2209905677063, 0.0, 829.2196003259838], [0.0, 809.2209905677063, 481.77842384512485], [0.0, 0.0, 1.0]], [[1259.5137405846733, 0.0, 807.2529053838625], [0.0, 1259.5137405846733, 501.19579884916527], [0.0, 0.0, 1.0]]], "extrinsics": [[[0.8206039071083069, -0.570895791053772, 0.02621309831738472, -0.64959716796875], [-0.0005284416256472468, -0.04662536829710007, -0.9989122748374939, 1.5081143379211426], [0.5714970231056213, 0.8196974992752075, -0.03856264799833298, -1.062255859375], [0.0, 0.0, 0.0, 1.0]], [[0.005547509528696537, -0.9986985325813293, 0.050699032843112946, 0.0078582763671875], [-0.005932527594268322, -0.05073179304599762, -0.9986947178840637, 1.5187206268310547], [0.9999669790267944, 0.005239485763013363, -0.006206241436302662, -1.377685546875], [0.0, 0.0, 0.0, 1.0]], [[-0.832938015460968, -0.5530421137809753, 0.018935348838567734, 0.82989501953125], [-0.0004174739879090339, -0.033590443432331085, -0.999435544013977, 1.5035667419433594], [0.5533660650253296, -0.8324759006500244, 0.027747878804802895, -1.1134033203125], [0.0, 0.0, 0.0, 1.0]], [[0.9476187229156494, 0.3191332519054413, -0.013138488866388798, -1.1456298828125], [0.007712643593549728, -0.06398523598909378, -0.9979210495948792, 1.5885348320007324], [-0.3193104863166809, 0.9455474019050598, -0.06309497356414795, -0.1026611328125], [0.0, 0.0, 0.0, 1.0]], [[0.0021421336568892, 0.9985353946685791, -0.05406021699309349, 0.00289154052734375], [-0.01744808815419674, -0.05401478335261345, -0.9983876943588257, 1.5778331756591797], [-0.9998454451560974, 0.0030819885432720184, 0.017306825146079063, -0.0855712890625], [0.0, 0.0, 0.0, 1.0]], [[-0.9348214864730835, 0.3540072441101074, -0.028064768761396408, 0.972412109375], [0.015362055040895939, -0.03864246979355812, -0.9991350173950195, 1.554152488708496], [-0.3547855317592621, -0.934444010257721, 0.030685530975461006, -0.125396728515625], [0.0, 0.0, 0.0, 1.0]]], "view": [[0.0, -2.0, 100.0], [-2.0, 0.0, 100.0], [0.0, 0.0, 1.0]], "bev": "bev_9c768141b55345388b5d051c1e2c54f2.png", "aux": "aux_9c768141b55345388b5d051c1e2c54f2.npz", "visibility": "visibility_9c768141b55345388b5d051c1e2c54f2.png", "pose": [[0.40149813890457153, -0.9158598184585571, 0.0, 329.1541442871094], [0.9158598184585571, 0.40149813890457153, 0.0, 1007.744384765625], [0.0, 0.0, 1.0, 0.0], [0.0, 0.0, 0.0, 1.0]], "pose_inverse": [[0.40149813890457153, 0.9158598184585571, 0.0, -1055.107421875], [-0.9158598184585571, 0.40149813890457153, 0.0, -103.14842987060547], [0.0, 0.0, 1.0, 0.0], [0.0, 0.0, 0.0, 1.0]], "cam_ids": [0, 1, 2, 3, 4, 5], "cam_channels": ["CAM_FRONT_LEFT", "CAM_FRONT", "CAM_FRONT_RIGHT", "CAM_BACK_LEFT", "CAM_BACK", "CAM_BACK_RIGHT"], "token": "9c768141b55345388b5d051c1e2c54f2", "scene": "scene-0135"}, {"images": ["samples/CAM_FRONT_LEFT/n015-2018-08-01-16-41-59+0800__CAM_FRONT_LEFT__1533113038404844.jpg", "samples/CAM_FRONT/n015-2018-08-01-16-41-59+0800__CAM_FRONT__1533113038412460.jpg", "samples/CAM_FRONT_RIGHT/n015-2018-08-01-16-41-59+0800__CAM_FRONT_RIGHT__1533113038420339.jpg", "samples/CAM_BACK_LEFT/n015-2018-08-01-16-41-59+0800__CAM_BACK_LEFT__1533113038447423.jpg", "samples/CAM_BACK/n015-2018-08-01-16-41-59+0800__CAM_BACK__1533113038437525.jpg", "samples/CAM_BACK_RIGHT/n015-2018-08-01-16-41-59+0800__CAM_BACK_RIGHT__1533113038427893.jpg"], "intrinsics": [[[1272.5979470598488, 0.0, 826.6154927353808], [0.0, 1272.5979470598488, 479.75165386361925], [0.0, 0.0, 1.0]], [[1266.417203046554, 0.0, 816.2670197447984], [0.0, 1266.417203046554, 491.50706579294757], [0.0, 0.0, 1.0]], [[1260.8474446004698, 0.0, 807.968244525554], [0.0, 1260.8474446004698, 495.3344268742088], [0.0, 0.0, 1.0]], [[1256.7414812095406, 0.0, 792.1125740759628], [0.0, 1256.7414812095406, 492.7757465151356], [0.0, 0.0, 1.0]], [[809.2209905677063, 0.0, 829.2196003259838], [0.0, 809.2209905677063, 481.77842384512485], [0.0, 0.0, 1.0]], [[1259.5137405846733, 0.0, 807.2529053838625], [0.0, 1259.5137405846733, 501.19579884916527], [0.0, 0.0, 1.0]]], "extrinsics": [[[0.8201023936271667, -0.5717225670814514, 0.0237754974514246, -0.6590576171875], [-0.004019772633910179, -0.04730495437979698, -0.9988723993301392, 1.5067882537841797], [0.5722026824951172, 0.8190820813179016, -0.04109310358762741, -1.06781005859375], [0.0, 0.0, 0.0, 1.0]], [[0.004914804827421904, -0.9986676573753357, 0.05136825144290924, 0.0071258544921875], [-0.009303634986281395, -0.05141231790184975, -0.9986341595649719, 1.5177288055419922], [0.9999446272850037, 0.004430208820849657, -0.009543921798467636, -1.3876953125], [0.0, 0.0, 0.0, 1.0]], [[-0.8332063555717468, -0.5525243878364563, 0.02199922688305378, 0.8369140625], [-0.0036544331815093756, -0.03428129479289055, -0.9994055032730103, 1.5027999877929688], [0.5529500842094421, -0.8327915072441101, 0.026544231921434402, -1.118499755859375], [0.0, 0.0, 0.0, 1.0]], [[0.9475589394569397, 0.3191863000392914, -0.01588096283376217, -1.14697265625], [0.005084285046905279, -0.06474307179450989, -0.99788898229599, 1.5885275602340698], [-0.3195406496524811, 0.9454779028892517, -0.06297070533037186, -0.10205078125], [0.0, 0.0, 0.0, 1.0]], [[0.0021611531265079975, 0.9984964728355408, -0.054773155599832535, 0.002899169921875], [-0.02034665457904339, -0.05471803992986679, -0.9982945322990417, 1.5776844024658203], [-0.999790608882904, 0.003271903842687607, 0.020197812467813492, -0.0806884765625], [0.0, 0.0, 0.0, 1.0]], [[-0.9347569942474365, 0.3543778955936432, -0.02541080303490162, 0.979248046875], [0.012246350757777691, -0.039341799914836884, -0.999150812625885, 1.5535154342651367], [-0.35507670044898987, -0.9342743158340454, 0.032435182482004166, -0.123016357421875], [0.0, 0.0, 0.0, 1.0]]], "view": [[0.0, -2.0, 100.0], [-2.0, 0.0, 100.0], [0.0, 0.0, 1.0]], "bev": "bev_6f6ffdc2c9484371b66cc712779caca5.png", "aux": "aux_6f6ffdc2c9484371b66cc712779caca5.npz", "visibility": "visibility_6f6ffdc2c9484371b66cc712779caca5.png", "pose": [[0.39408624172210693, -0.9190734624862671, 0.0, 330.5943298339844], [0.9190734624862671, 0.39408624172210693, 0.0, 1011.0111694335938], [0.0, 0.0, 1.0, 0.0], [0.0, 0.0, 0.0, 1.0]], "pose_inverse": [[0.39408624172210693, 0.9190734624862671, 0.0, -1059.4761962890625], [-0.9190734624862671, 0.39408624172210693, 0.0, -94.58512115478516], [0.0, 0.0, 1.0, 0.0], [0.0, 0.0, 0.0, 1.0]], "cam_ids": [0, 1, 2, 3, 4, 5], "cam_channels": ["CAM_FRONT_LEFT", "CAM_FRONT", "CAM_FRONT_RIGHT", "CAM_BACK_LEFT", "CAM_BACK", "CAM_BACK_RIGHT"], "token": "6f6ffdc2c9484371b66cc712779caca5", "scene": "scene-0135"}, {"images": ["samples/CAM_FRONT_LEFT/n015-2018-08-01-16-41-59+0800__CAM_FRONT_LEFT__1533113038904844.jpg", "samples/CAM_FRONT/n015-2018-08-01-16-41-59+0800__CAM_FRONT__1533113038912460.jpg", "samples/CAM_FRONT_RIGHT/n015-2018-08-01-16-41-59+0800__CAM_FRONT_RIGHT__1533113038920339.jpg", "samples/CAM_BACK_LEFT/n015-2018-08-01-16-41-59+0800__CAM_BACK_LEFT__1533113038947423.jpg", "samples/CAM_BACK/n015-2018-08-01-16-41-59+0800__CAM_BACK__1533113038937525.jpg", "samples/CAM_BACK_RIGHT/n015-2018-08-01-16-41-59+0800__CAM_BACK_RIGHT__1533113038927893.jpg"], "intrinsics": [[[1272.5979470598488, 0.0, 826.6154927353808], [0.0, 1272.5979470598488, 479.75165386361925], [0.0, 0.0, 1.0]], [[1266.417203046554, 0.0, 816.2670197447984], [0.0, 1266.417203046554, 491.50706579294757], [0.0, 0.0, 1.0]], [[1260.8474446004698, 0.0, 807.968244525554], [0.0, 1260.8474446004698, 495.3344268742088], [0.0, 0.0, 1.0]], [[1256.7414812095406, 0.0, 792.1125740759628], [0.0, 1256.7414812095406, 492.7757465151356], [0.0, 0.0, 1.0]], [[809.2209905677063, 0.0, 829.2196003259838], [0.0, 809.2209905677063, 481.77842384512485], [0.0, 0.0, 1.0]], [[1259.5137405846733, 0.0, 807.2529053838625], [0.0, 1259.5137405846733, 501.19579884916527], [0.0, 0.0, 1.0]]], "extrinsics": [[[0.8213291168212891, -0.5699297189712524, 0.024464484304189682, -0.6654052734375], [-0.0032806049566715956, -0.047604240477085114, -0.9988608956336975, 1.5070385932922363], [0.5704451203346252, 0.8203132748603821, -0.04096846655011177, -1.07177734375], [0.0, 0.0, 0.0, 1.0]], [[0.006623454857617617, -0.9986369013786316, 0.05177261307835579, 0.00679779052734375], [-0.008558710105717182, -0.05182846263051033, -0.9986193776130676, 1.517970085144043], [0.9999414682388306, 0.006171255372464657, -0.008890330791473389, -1.393798828125], [0.0, 0.0, 0.0, 1.0]], [[-0.8324767351150513, -0.553633987903595, 0.021721061319112778, 0.84100341796875], [-0.002932789735496044, -0.034799762070178986, -0.9993899464607239, 1.5029659271240234], [0.5540521144866943, -0.8320326209068298, 0.027346305549144745, -1.12158203125], [0.0, 0.0, 0.0, 1.0]], [[0.9475163221359253, 0.3193075954914093, -0.015982411801815033, -1.1474609375], [0.0052950456738471985, -0.06565720587968826, -0.9978281855583191, 1.588517427444458], [-0.31966346502304077, 0.9453738331794739, -0.06390202045440674, -0.101776123046875], [0.0, 0.0, 0.0, 1.0]], [[0.0016492505092173815, 0.9984562397003174, -0.055519986897706985, 0.0030059814453125], [-0.019900260493159294, -0.055476292967796326, -0.9982616901397705, 1.5777568817138672], [-0.9998005628585815, 0.0027512365486472845, 0.019778043031692505, -0.078369140625], [0.0, 0.0, 0.0, 1.0]], [[-0.9350829124450684, 0.353457510471344, -0.02622457966208458, 0.98309326171875], [0.01291544921696186, -0.039960745722055435, -0.9991177916526794, 1.5535612106323242], [-0.35419368743896484, -0.9345966577529907, 0.0328015461564064, -0.121734619140625], [0.0, 0.0, 0.0, 1.0]]], "view": [[0.0, -2.0, 100.0], [-2.0, 0.0, 100.0], [0.0, 0.0, 1.0]], "bev": "bev_008f553f91754cd2874af2c2b97a799a.png", "aux": "aux_008f553f91754cd2874af2c2b97a799a.npz", "visibility": "visibility_008f553f91754cd2874af2c2b97a799a.png", "pose": [[0.3911905884742737, -0.9203096628189087, 0.0, 332.3017272949219], [0.9203096628189087, 0.3911905884742737, 0.0, 1015.0073852539062], [0.0, 0.0, 1.0, 0.0], [0.0, 0.0, 0.0, 1.0]], "pose_inverse": [[0.3911905884742737, 0.9203096628189087, 0.0, -1064.1143798828125], [-0.9203096628189087, 0.3911905884742737, 0.0, -91.24085235595703], [0.0, 0.0, 1.0, 0.0], [0.0, 0.0, 0.0, 1.0]], "cam_ids": [0, 1, 2, 3, 4, 5], "cam_channels": ["CAM_FRONT_LEFT", "CAM_FRONT", "CAM_FRONT_RIGHT", "CAM_BACK_LEFT", "CAM_BACK", "CAM_BACK_RIGHT"], "token": "008f553f91754cd2874af2c2b97a799a", "scene": "scene-0135"}, {"images": ["samples/CAM_FRONT_LEFT/n015-2018-08-01-16-41-59+0800__CAM_FRONT_LEFT__1533113039504844.jpg", "samples/CAM_FRONT/n015-2018-08-01-16-41-59+0800__CAM_FRONT__1533113039512460.jpg", "samples/CAM_FRONT_RIGHT/n015-2018-08-01-16-41-59+0800__CAM_FRONT_RIGHT__1533113039520339.jpg", "samples/CAM_BACK_LEFT/n015-2018-08-01-16-41-59+0800__CAM_BACK_LEFT__1533113039547429.jpg", "samples/CAM_BACK/n015-2018-08-01-16-41-59+0800__CAM_BACK__1533113039537525.jpg", "samples/CAM_BACK_RIGHT/n015-2018-08-01-16-41-59+0800__CAM_BACK_RIGHT__1533113039527893.jpg"], "intrinsics": [[[1272.5979470598488, 0.0, 826.6154927353808], [0.0, 1272.5979470598488, 479.75165386361925], [0.0, 0.0, 1.0]], [[1266.417203046554, 0.0, 816.2670197447984], [0.0, 1266.417203046554, 491.50706579294757], [0.0, 0.0, 1.0]], [[1260.8474446004698, 0.0, 807.968244525554], [0.0, 1260.8474446004698, 495.3344268742088], [0.0, 0.0, 1.0]], [[1256.7414812095406, 0.0, 792.1125740759628], [0.0, 1256.7414812095406, 492.7757465151356], [0.0, 0.0, 1.0]], [[809.2209905677063, 0.0, 829.2196003259838], [0.0, 809.2209905677063, 481.77842384512485], [0.0, 0.0, 1.0]], [[1259.5137405846733, 0.0, 807.2529053838625], [0.0, 1259.5137405846733, 501.19579884916527], [0.0, 0.0, 1.0]]], "extrinsics": [[[0.8209595680236816, -0.5707889795303345, 0.01500814501196146, -0.6810302734375], [-0.006567608565092087, -0.035722456872463226, -0.9993401765823364, 1.5060157775878906], [0.5709483623504639, 0.8203192949295044, -0.03307541087269783, -1.083984375], [0.0, 0.0, 0.0, 1.0]], [[0.006106645800173283, -0.9991970658302307, 0.03959522023797035, 0.00757598876953125], [-0.011900199577212334, -0.03966577723622322, -0.9991421103477478, 1.5172061920166016], [0.9999105334281921, 0.00563020957633853, -0.01213287003338337, -1.41015625], [0.0, 0.0, 0.0, 1.0]], [[-0.8327323794364929, -0.5533949136734009, 0.0176326185464859, 0.851806640625], [-0.00632082112133503, -0.022342657670378685, -0.9997304081916809, 1.5022850036621094], [0.5536395907402039, -0.8326192498207092, 0.015107543207705021, -1.1280517578125], [0.0, 0.0, 0.0, 1.0]], [[0.9476161599159241, 0.3190791606903076, -0.014564675278961658, -1.148193359375], [0.002282659523189068, -0.05236237123608589, -0.9986255168914795, 1.5885412693023682], [-0.3194032311439514, 0.9462804198265076, -0.05034777522087097, -0.1016845703125], [0.0, 0.0, 0.0, 1.0]], [[0.