[{"images": ["samples/CAM_FRONT_LEFT/n015-2018-08-02-17-28-51+0800__CAM_FRONT_LEFT__1533202201104844.jpg", "samples/CAM_FRONT/n015-2018-08-02-17-28-51+0800__CAM_FRONT__1533202201112460.jpg", "samples/CAM_FRONT_RIGHT/n015-2018-08-02-17-28-51+0800__CAM_FRONT_RIGHT__1533202201120339.jpg", "samples/CAM_BACK_LEFT/n015-2018-08-02-17-28-51+0800__CAM_BACK_LEFT__1533202201147423.jpg", "samples/CAM_BACK/n015-2018-08-02-17-28-51+0800__CAM_BACK__1533202201137525.jpg", "samples/CAM_BACK_RIGHT/n015-2018-08-02-17-28-51+0800__CAM_BACK_RIGHT__1533202201127893.jpg"], "intrinsics": [[[1272.5979470598488, 0.0, 826.6154927353808], [0.0, 1272.5979470598488, 479.75165386361925], [0.0, 0.0, 1.0]], [[1266.417203046554, 0.0, 816.2670197447984], [0.0, 1266.417203046554, 491.50706579294757], [0.0, 0.0, 1.0]], [[1260.8474446004698, 0.0, 807.968244525554], [0.0, 1260.8474446004698, 495.3344268742088], [0.0, 0.0, 1.0]], [[1256.7414812095406, 0.0, 792.1125740759628], [0.0, 1256.7414812095406, 492.7757465151356], [0.0, 0.0, 1.0]], [[809.2209905677063, 0.0, 829.2196003259838], [0.0, 809.2209905677063, 481.77842384512485], [0.0, 0.0, 1.0]], [[1259.5137405846733, 0.0, 807.2529053838625], [0.0, 1259.5137405846733, 501.19579884916527], [0.0, 0.0, 1.0]]], "extrinsics": [[[0.8213260769844055, -0.5704108476638794, 0.007412922568619251, -0.65557861328125], [-0.015582341700792313, -0.03542280197143555, -0.9992509484291077, 1.5023612976074219], [0.5702462792396545, 0.8205952048301697, -0.03798200562596321, -1.06494140625], [0.0, 0.0, 0.0, 1.0]], [[0.0067039490677416325, -0.9992010593414307, 0.03939900919795036, 0.0068359375], [-0.020813867449760437, -0.03953079134225845, -0.9990015625953674, 1.5140724182128906], [0.9997609257698059, 0.005877187475562096, -0.021062247455120087, -1.382568359375], [0.0, 0.0, 0.0, 1.0]], [[-0.8325339555740356, -0.55340975522995, 0.024995768442749977, 0.8321533203125], [-0.015139373019337654, -0.02237510494887829, -0.9996349811553955, 1.4999980926513672], [0.5537670254707336, -0.8326085209846497, 0.010249760933220387, -1.11590576171875], [0.0, 0.0, 0.0, 1.0]], [[0.9477505683898926, 0.3182225227355957, -0.022436099126935005, -1.13629150390625], [-0.005944413132965565, -0.0527011938393116, -0.9985926151275635, 1.5885162353515625], [-0.31895703077316284, 0.9465501308441162, -0.04805593565106392, -0.105712890625], [0.0, 0.0, 0.0, 1.0]], [[0.0021429951302707195, 0.9990814924240112, -0.04279959946870804, 0.0029296875], [-0.031611401587724686, -0.04271062836050987, -0.9985872507095337, 1.5764503479003906], [-0.9994979500770569, 0.0034929229877889156, 0.031490836292505264, -0.0897216796875], [0.0, 0.0, 0.0, 1.0]], [[-0.9350264668464661, 0.3544226288795471, -0.010493812151253223, 0.9729251861572266], [0.0008321490022353828, -0.027401715517044067, -0.9996241331100464, 1.5515899658203125], [-0.3545770049095154, -0.9346837997436523, 0.02532639540731907, -0.1258544921875], [0.0, 0.0, 0.0, 1.0]]], "view": [[0.0, -2.0, 100.0], [-2.0, 0.0, 100.0], [0.0, 0.0, 1.0]], "bev": "bev_b7d7fc008bb74f2ca0a89941a1bc126f.png", "aux": "aux_b7d7fc008bb74f2ca0a89941a1bc126f.npz", "visibility": "visibility_b7d7fc008bb74f2ca0a89941a1bc126f.png", "pose": [[-0.9156575798988342, -0.40195927023887634, 0.0, 902.7237548828125], [0.40195927023887634, -0.9156575798988342, 0.0, 889.8987426757812], [0.0, 0.0, 1.0, 0.0], [0.0, 0.0, 0.0, 1.0]], "pose_inverse": [[-0.9156575798988342, 0.40195927023887634, 0.0, 468.8827819824219], [-0.40195927023887634, -0.9156575798988342, 0.0, 1177.70068359375], [0.0, 0.0, 1.0, 0.0], [0.0, 0.0, 0.0, 1.0]], "cam_ids": [0, 1, 2, 3, 4, 5], "cam_channels": ["CAM_FRONT_LEFT", "CAM_FRONT", "CAM_FRONT_RIGHT", "CAM_BACK_LEFT", "CAM_BACK", "CAM_BACK_RIGHT"], "token": "b7d7fc008bb74f2ca0a89941a1bc126f", "scene": "scene-0347"}, {"images": ["samples/CAM_FRONT_LEFT/n015-2018-08-02-17-28-51+0800__CAM_FRONT_LEFT__1533202201604844.jpg", "samples/CAM_FRONT/n015-2018-08-02-17-28-51+0800__CAM_FRONT__1533202201612460.jpg", "samples/CAM_FRONT_RIGHT/n015-2018-08-02-17-28-51+0800__CAM_FRONT_RIGHT__1533202201620339.jpg", "samples/CAM_BACK_LEFT/n015-2018-08-02-17-28-51+0800__CAM_BACK_LEFT__1533202201647423.jpg", "samples/CAM_BACK/n015-2018-08-02-17-28-51+0800__CAM_BACK__1533202201637525.jpg", "samples/CAM_BACK_RIGHT/n015-2018-08-02-17-28-51+0800__CAM_BACK_RIGHT__1533202201627893.jpg"], "intrinsics": [[[1272.5979470598488, 0.0, 826.6154927353808], [0.0, 1272.5979470598488, 479.75165386361925], [0.0, 0.0, 1.0]], [[1266.417203046554, 0.0, 816.2670197447984], [0.0, 1266.417203046554, 491.50706579294757], [0.0, 0.0, 1.0]], [[1260.8474446004698, 0.0, 807.968244525554], [0.0, 1260.8474446004698, 495.3344268742088], [0.0, 0.0, 1.0]], [[1256.7414812095406, 0.0, 792.1125740759628], [0.0, 1256.7414812095406, 492.7757465151356], [0.0, 0.0, 1.0]], [[809.2209905677063, 0.0, 829.2196003259838], [0.0, 809.2209905677063, 481.77842384512485], [0.0, 0.0, 1.0]], [[1259.5137405846733, 0.0, 807.2529053838625], [0.0, 1259.5137405846733, 501.19579884916527], [0.0, 0.0, 1.0]]], "extrinsics": [[[0.8216906785964966, -0.5699076652526855, 0.005444949027150869, -0.663116455078125], [-0.015296392142772675, -0.031602486968040466, -0.9993835091590881, 1.5026206970214844], [0.5697283744812012, 0.8211007714271545, -0.03468499705195427, -1.07080078125], [0.0, 0.0, 0.0, 1.0]], [[0.007221937645226717, -0.9993462562561035, 0.03542496636509895, 0.0072021484375], [-0.020742954686284065, -0.035567983984947205, -0.9991520047187805, 1.5142250061035156], [0.9997587203979492, 0.006480981130152941, -0.020986264571547508, -1.388092041015625], [0.0, 0.0, 0.0, 1.0]], [[-0.8323119878768921, -0.5538362860679626, 0.022852109745144844, 0.83355712890625], [-0.015300564467906952, -0.01825590990483761, -0.9997162222862244, 1.499990463256836], [0.5540962815284729, -0.8324254751205444, 0.006720606237649918, -1.1162109375], [0.0, 0.0, 0.0, 1.0]], [[0.9477129578590393, 0.3183567523956299, -0.022115180268883705, -1.13232421875], [-0.007114894222468138, -0.048203885555267334, -0.998812198638916, 1.5884857177734375], [-0.31904464960098267, 0.9467446208000183, -0.04341837763786316, -0.10723876953125], [0.0, 0.0, 0.0, 1.0]], [[0.0019398413132876158, 0.9992594718933105, -0.03842845559120178, 0.0029296875], [-0.032355014234781265, -0.038345687091350555, -0.9987406134605408, 1.5763320922851562], [-0.9994745850563049, 0.0031807341147214174, 0.03225667402148247, -0.091705322265625], [0.0, 0.0, 0.0, 1.0]], [[-0.9351341128349304, 0.35418903827667236, -0.008616314269602299, 0.9721908569335938], [0.0004391726397443563, -0.023160841315984726, -0.9997316598892212, 1.5515327453613281], [-0.3542936444282532, -0.9348869919776917, 0.021502943709492683, -0.125732421875], [0.0, 0.0, 0.0, 1.0]]], "view": [[0.0, -2.0, 100.0], [-2.0, 0.0, 100.0], [0.0, 0.0, 1.0]], "bev": "bev_d608ee404aee48cfbc4ce166647912f1.png", "aux": "aux_d608ee404aee48cfbc4ce166647912f1.npz", "visibility": "visibility_d608ee404aee48cfbc4ce166647912f1.png", "pose": [[-0.9076928496360779, -0.41963517665863037, 0.0, 898.8391723632812], [0.41963517665863037, -0.9076928496360779, 0.0, 891.6546020507812], [0.0, 0.0, 1.0, 0.0], [0.0, 0.0, 0.0, 1.0]], "pose_inverse": [[-0.9076928496360779, 0.41963517665863037, 0.0, 441.70025634765625], [-0.41963517665863037, -0.9076928496360779, 0.0, 1186.5330810546875], [0.0, 0.0, 1.0, 0.0], [0.0, 0.0, 0.0, 1.0]], "cam_ids": [0, 1, 2, 3, 4, 5], "cam_channels": ["CAM_FRONT_LEFT", "CAM_FRONT", "CAM_FRONT_RIGHT", "CAM_BACK_LEFT", "CAM_BACK", "CAM_BACK_RIGHT"], "token": "d608ee404aee48cfbc4ce166647912f1", "scene": "scene-0347"}, {"images": ["samples/CAM_FRONT_LEFT/n015-2018-08-02-17-28-51+0800__CAM_FRONT_LEFT__1533202202104844.jpg", "samples/CAM_FRONT/n015-2018-08-02-17-28-51+0800__CAM_FRONT__1533202202112460.jpg", "samples/CAM_FRONT_RIGHT/n015-2018-08-02-17-28-51+0800__CAM_FRONT_RIGHT__1533202202120339.jpg", "samples/CAM_BACK_LEFT/n015-2018-08-02-17-28-51+0800__CAM_BACK_LEFT__1533202202147423.jpg", "samples/CAM_BACK/n015-2018-08-02-17-28-51+0800__CAM_BACK__1533202202137525.jpg", "samples/CAM_BACK_RIGHT/n015-2018-08-02-17-28-51+0800__CAM_BACK_RIGHT__1533202202127893.jpg"], "intrinsics": [[[1272.5979470598488, 0.0, 826.6154927353808], [0.0, 1272.5979470598488, 479.75165386361925], [0.0, 0.0, 1.0]], [[1266.417203046554, 0.0, 816.2670197447984], [0.0, 1266.417203046554, 491.50706579294757], [0.0, 0.0, 1.0]], [[1260.8474446004698, 0.0, 807.968244525554], [0.0, 1260.8474446004698, 495.3344268742088], [0.0, 0.0, 1.0]], [[1256.7414812095406, 0.0, 792.1125740759628], [0.0, 1256.7414812095406, 492.7757465151356], [0.0, 0.0, 1.0]], [[809.2209905677063, 0.0, 829.2196003259838], [0.0, 809.2209905677063, 481.77842384512485], [0.0, 0.0, 1.0]], [[1259.5137405846733, 0.0, 807.2529053838625], [0.0, 1259.5137405846733, 501.19579884916527], [0.0, 0.0, 1.0]]], "extrinsics": [[[0.8218188881874084, -0.5697321891784668, -0.0043490976095199585, -0.66387939453125], [-0.02093157358467579, -0.02256309986114502, -0.9995262622833252, 1.5006599426269531], [0.5693641901016235, 0.8215206265449524, -0.030468173325061798, -1.0743408203125], [0.0, 0.0, 0.0, 1.0]], [[0.007566024549305439, -0.9996188282966614, 0.02654913440346718, 0.009033203125], [-0.026116222143173218, -0.026738373562693596, -0.9993012547492981, 1.5126991271972656], [0.9996302127838135, 0.006867373827844858, -0.026308573782444, -1.39044189453125], [0.0, 0.0, 0.0, 1.0]], [[-0.8321223258972168, -0.5541424751281738, 0.022328676655888557, 0.83599853515625], [-0.02041022665798664, -0.009635035879909992, -0.99974524974823, 1.4988250732421875], [0.5542164444923401, -0.8323660492897034, -0.003292644629254937, -1.11627197265625], [0.0, 0.0, 0.0, 1.0]], [[0.947570264339447, 0.31867414712905884, -0.02360864169895649, -1.1304931640625], [-0.011357899755239487, -0.04024669528007507, -0.9991251826286316, 1.5884246826171875], [-0.31934553384780884, 0.9470094442367554, -0.03451710566878319, -0.10784912109375], [0.0, 0.0, 0.0, 1.0]], [[0.0017198780551552773, 0.999541163444519, -0.030241036787629128, 0.0023193359375], [-0.036916185170412064, -0.030157005414366722, -0.9988632202148438, 1.5758705139160156], [-0.9993168711662292, 0.002834293758496642, 0.03684738278388977, -0.093048095703125], [0.0, 0.0, 0.0, 1.0]], [[-0.9351932406425476, 0.3541361689567566, -0.0010837158188223839, 0.9726638793945312], [-0.004417924676090479, -0.014726543799042702, -0.9998818039894104, 1.550699234008789], [-0.35411033034324646, -0.9350779056549072, 0.015336708165705204, -0.1243896484375], [0.0, 0.0, 0.0, 1.0]]], "view": [[0.0, -2.0, 100.0], [-2.0, 0.0, 100.0], [0.0, 0.0, 1.0]], "bev": "bev_bc2c2fab344b4e70890b517789b44287.png", "aux": "aux_bc2c2fab344b4e70890b517789b44287.npz", "visibility": "visibility_bc2c2fab344b4e70890b517789b44287.png", "pose": [[-0.896548867225647, -0.44294482469558716, 0.0, 895.0713500976562], [0.44294482469558716, -0.896548867225647, 0.0, 893.4580688476562], [0.0, 0.0, 1.0, 0.0], [0.0, 0.0, 0.0, 1.0]], "pose_inverse": [[-0.896548867225647, 0.44294482469558716, 0.0, 406.72259521484375], [-0.44294482469558716, -0.896548867225647, 0.0, 1197.49609375], [0.0, 0.0, 1.0, 0.0], [0.0, 0.0, 0.0, 1.0]], "cam_ids": [0, 1, 2, 3, 4, 5], "cam_channels": ["CAM_FRONT_LEFT", "CAM_FRONT", "CAM_FRONT_RIGHT", "CAM_BACK_LEFT", "CAM_BACK", "CAM_BACK_RIGHT"], "token": "bc2c2fab344b4e70890b517789b44287", "scene": "scene-0347"}, {"images": ["samples/CAM_FRONT_LEFT/n015-2018-08-02-17-28-51+0800__CAM_FRONT_LEFT__1533202202654844.jpg", "samples/CAM_FRONT/n015-2018-08-02-17-28-51+0800__CAM_FRONT__1533202202662460.jpg", "samples/CAM_FRONT_RIGHT/n015-2018-08-02-17-28-51+0800__CAM_FRONT_RIGHT__1533202202670339.jpg", "samples/CAM_BACK_LEFT/n015-2018-08-02-17-28-51+0800__CAM_BACK_LEFT__1533202202697423.jpg", "samples/CAM_BACK/n015-2018-08-02-17-28-51+0800__CAM_BACK__1533202202687525.jpg", "samples/CAM_BACK_RIGHT/n015-2018-08-02-17-28-51+0800__CAM_BACK_RIGHT__1533202202677893.jpg"], "intrinsics": [[[1272.5979470598488, 0.0, 826.6154927353808], [0.0, 1272.5979470598488, 479.75165386361925], [0.0, 0.0, 1.0]], [[1266.417203046554, 0.0, 816.2670197447984], [0.0, 1266.417203046554, 491.50706579294757], [0.0, 0.0, 1.0]], [[1260.8474446004698, 0.0, 807.968244525554], [0.0, 1260.8474446004698, 495.3344268742088], [0.0, 0.0, 1.0]], [[1256.7414812095406, 0.0, 792.1125740759628], [0.0, 1256.7414812095406, 492.7757465151356], [0.0, 0.0, 1.0]], [[809.2209905677063, 0.0, 829.2196003259838], [0.0, 809.2209905677063, 481.77842384512485], [0.0, 0.0, 1.0]], [[1259.5137405846733, 0.0, 807.2529053838625], [0.0, 1259.5137405846733, 501.19579884916527], [0.0, 0.0, 1.0]]], "extrinsics": [[[0.8215894103050232, -0.5700706839561462, 0.0032059773802757263, -0.644683837890625], [-0.014597959816455841, -0.026659898459911346, -0.9995379447937012, 1.5026054382324219], [0.5698927044868469, 0.8211629390716553, -0.0302253607660532, -1.0596923828125], [0.0, 0.0, 0.0, 1.0]], [[0.007022023666650057, -0.9995071291923523, 0.03059525415301323, 0.0084228515625], [-0.019640520215034485, -0.030727962031960487, -0.9993348121643066, 1.5142288208007812], [0.999782383441925, 0.006416428834199905, -0.019846610724925995, -1.36944580078125], [0.0, 0.0, 0.0, 1.0]], [[-0.8324050307273865, -0.5538426637649536, 0.018976151943206787, 0.82073974609375], [-0.013807028532028198, -0.01350486371666193, -0.9998134970664978, 1.5001392364501953], [0.5539956092834473, -0.8325117826461792, 0.0035945973359048367, -1.10693359375], [0.0, 0.0, 0.0, 1.0]], [[0.9475883841514587, 0.3189677894115448, -0.01832398772239685, -1.12127685546875], [-0.004554391372948885, -0.043861713260412216, -0.9990271925926208, 1.588531494140625], [-0.31946122646331787, 0.9467501044273376, -0.04011014476418495, -0.11273193359375], [0.0, 0.0, 0.0, 1.0]], [[0.0018439628183841705, 0.9994237422943115, -0.03389555588364601, 0.001953125], [-0.030153682455420494, -0.033824630081653595, -0.9989728331565857, 1.5761756896972656], [-0.9995435476303101, 0.0028641659300774336, 0.03007393330335617, -0.104736328125], [0.0, 0.0, 0.0, 1.0]], [[-0.9351012706756592, 0.3542744815349579, -0.00867461133748293, 0.9590606689453125], [0.002268815180286765, -0.018492819741368294, -0.9998264312744141, 1.5518913269042969], [-0.35437342524528503, -0.9349586367607117, 0.016488874331116676, -0.130126953125], [0.0, 0.0, 0.0, 1.0]]], "view": [[0.0, -2.0, 100.0], [-2.0, 0.0, 100.0], [0.0, 0.0, 1.0]], "bev": "bev_3176e770f62148689a278e5993a57496.png", "aux": "aux_3176e770f62148689a278e5993a57496.npz", "visibility": "visibility_3176e770f62148689a278e5993a57496.png", "pose": [[-0.8885477781295776, -0.4587841033935547, 0.0, 890.8704223632812], [0.4587841033935547, -0.8885477781295776, 0.0, 895.5770874023438], [0.0, 0.0, 1.0, 0.0], [0.0, 0.0, 0.0, 1.0]], "pose_inverse": [[-0.8885477781295776, 0.4587841033935547, 0.0, 380.70440673828125], [-0.4587841033935547, -0.8885477781295776, 0.0, 1204.480224609375], [0.0, 0.0, 1.0, 0.0], [0.0, 0.0, 0.0, 1.0]], "cam_ids": [0, 1, 2, 3, 4, 5], "cam_channels": ["CAM_FRONT_LEFT", "CAM_FRONT", "CAM_FRONT_RIGHT", "CAM_BACK_LEFT", "CAM_BACK", "CAM_BACK_RIGHT"], "token": "3176e770f62148689a278e5993a57496", "scene": "scene-0347"}, {"images": ["samples/CAM_FRONT_LEFT/n015-2018-08-02-17-28-51+0800__CAM_FRONT_LEFT__1533202203104844.jpg", "samples/CAM_FRONT/n015-2018-08-02-17-28-51+0800__CAM_FRONT__1533202203112460.jpg", "samples/CAM_FRONT_RIGHT/n015-2018-08-02-17-28-51+0800__CAM_FRONT_RIGHT__1533202203120339.jpg", "samples/CAM_BACK_LEFT/n015-2018-08-02-17-28-51+0800__CAM_BACK_LEFT__1533202203147423.jpg", "samples/CAM_BACK/n015-2018-08-02-17-28-51+0800__CAM_BACK__1533202203137525.jpg", "samples/CAM_BACK_RIGHT/n015-2018-08-02-17-28-51+0800__CAM_BACK_RIGHT__1533202203127893.jpg"], "intrinsics": [[[1272.5979470598488, 0.0, 826.6154927353808], [0.0, 1272.5979470598488, 479.75165386361925], [0.0, 0.0, 1.0]], [[1266.417203046554, 0.0, 816.2670197447984], [0.0, 1266.417203046554, 491.50706579294757], [0.0, 0.0, 1.0]], [[1260.8474446004698, 0.0, 807.968244525554], [0.0, 1260.8474446004698, 495.3344268742088], [0.0, 0.0, 1.0]], [[1256.7414812095406, 0.0, 792.1125740759628], [0.0, 1256.7414812095406, 492.7757465151356], [0.0, 0.0, 1.0]], [[809.2209905677063, 0.0, 829.2196003259838], [0.0, 809.2209905677063, 481.77842384512485], [0.0, 0.0, 1.0]], [[1259.5137405846733, 0.0, 807.2529053838625], [0.0, 1259.5137405846733, 501.19579884916527], [0.0, 0.0, 1.0]]], "extrinsics": [[[0.8209707140922546, -0.570942759513855, 0.005605793558061123, -0.637420654296875], [-0.014137281104922295, -0.03014134056866169, -0.9994456768035889, 1.5026588439941406], [0.5707952380180359, 0.820436418056488, -0.03281674161553383, -1.05419921875], [0.0, 0.0, 0.0, 1.0]], [[0.006162212695926428, -0.9993948340415955, 0.03423161432147026, 0.008056640625], [-0.019415773451328278, -0.03434538468718529, -0.9992214441299438, 1.5141410827636719], [0.9997923970222473, 0.005492789670825005, -0.019615668803453445, -1.361114501953125], [0.0, 0.0, 0.0, 1.0]], [[-0.8327701091766357, -0.5532187223434448, 0.021045902743935585, 0.814453125], [-0.013779779896140099, -0.01729038916528225, -0.9997555017471313, 1.5000476837158203], [0.5534473657608032, -0.8328565359115601, 0.006775689776986837, -1.10302734375], [0.0, 0.0, 0.0, 1.0]], [[0.9477397203445435, 0.3184237778186798, -0.01988976262509823, -1.12176513671875], [-0.004827135242521763, -0.04802315682172775, -0.9988345503807068, 1.5884513854980469], [-0.3190077841281891, 0.9467312693595886, -0.04397638514637947, -0.1107177734375], [0.0, 0.0, 0.0, 1.0]], [[0.0022674172651022673, 0.9992774128913879, -0.0379410944879055, 0.0025634765625], [-0.030361659824848175, -0.03785490244626999, -0.9988218545913696, 1.5760383605957031], [-0.9995362758636475, 0.0034166891127824783, 0.03025388903915882, -0.10784912109375], [0.0, 0.0, 0.0, 1.0]], [[-0.9349272847175598, 0.3546987473964691, -0.00998594705015421, 0.9535140991210938], [0.002168837236240506, -0.02242947928607464, -0.9997460842132568, 1.5518856048583984], [-0.3548327088356018, -0.9347115755081177, 0.02020065113902092, -0.1324462890625], [0.0, 0.0, 0.0, 1.0]]], "view": [[0.0, -2.0, 100.0], [-2.0, 0.0, 100.0], [0.0, 0.0, 1.0]], "bev": "bev_7056718139a04b7bb5829d901208a338.png", "aux": "aux_7056718139a04b7bb5829d901208a338.npz", "visibility": "visibility_7056718139a04b7bb5829d901208a338.png", "pose": [[-0.8857937455177307, -0.4640791118144989, 0.0, 887.3607788085938], [0.4640791118144989, -0.8857937455177307, 0.0, 897.4066772460938], [0.0, 0.0, 1.0, 0.0], [0.0, 0.0, 0.0, 1.0]], "pose_inverse": [[-0.8857937455177307, 0.4640791118144989, 0.0, 369.5509338378906], [-0.4640791118144989, -0.8857937455177307, 0.0, 1206.7227783203125], [0.0, 0.0, 1.0, 0.0], [0.0, 0.0, 0.0, 1.0]], "cam_ids": [0, 1, 2, 3, 4, 5], "cam_channels": ["CAM_FRONT_LEFT", "CAM_FRONT", "CAM_FRONT_RIGHT", "CAM_BACK_LEFT", "CAM_BACK", "CAM_BACK_RIGHT"], "token": "7056718139a04b7bb5829d901208a338", "scene": "scene-0347"}, {"images": ["samples/CAM_FRONT_LEFT/n015-2018-08-02-17-28-51+0800__CAM_FRONT_LEFT__1533202203654844.jpg", "samples/CAM_FRONT/n015-2018-08-02-17-28-51+0800__CAM_FRONT__1533202203662460.jpg", "samples/CAM_FRONT_RIGHT/n015-2018-08-02-17-28-51+0800__CAM_FRONT_RIGHT__1533202203670339.jpg", "samples/CAM_BACK_LEFT/n015-2018-08-02-17-28-51+0800__CAM_BACK_LEFT__1533202203697423.jpg", "samples/CAM_BACK/n015-2018-08-02-17-28-51+0800__CAM_BACK__1533202203688286.jpg", "samples/CAM_BACK_RIGHT/n015-2018-08-02-17-28-51+0800__CAM_BACK_RIGHT__1533202203677893.jpg"], "intrinsics": [[[1272.5979470598488, 0.0, 826.6154927353808], [0.0, 1272.5979470598488, 479.75165386361925], [0.0, 0.0, 1.0]], [[1266.417203046554, 0.0, 816.2670197447984], [0.0, 1266.417203046554, 491.50706579294757], [0.0, 0.0, 1.0]], [[1260.8474446004698, 0.0, 807.968244525554], [0.0, 1260.8474446004698, 495.3344268742088], [0.0, 0.0, 1.0]], [[1256.7414812095406, 0.0, 792.1125740759628], [0.0, 1256.7414812095406, 492.7757465151356], [0.0, 0.0, 1.0]], [[809.2209905677063, 0.0, 829.2196003259838], [0.0, 809.2209905677063, 481.77842384512485], [0.0, 0.0, 1.0]], [[1259.5137405846733, 0.0, 807.2529053838625], [0.0, 1259.5137405846733, 501.19579884916527], [0.0, 0.0, 1.0]]], "extrinsics": [[[0.8203694820404053, -0.571660041809082, 0.014094517566263676, -0.6153564453125], [-0.008549992926418781, -0.03690751641988754, -0.9992821216583252, 1.5045890808105469], [0.5717697739601135, 0.8196600675582886, -0.035165492445230484, -1.0362548828125], [0.0, 0.0, 0.0, 1.0]], [[0.00514780730009079, -0.9991559982299805, 0.04075239598751068, 0.0067138671875], [-0.013702421449124813, -0.04081958904862404, -0.9990725517272949, 1.515655517578125], [0.9998928308486938, 0.00458460533991456, -0.01390098873525858, -1.33685302734375], [0.0, 0.0, 0.0, 1.0]], [[-0.8332422971725464, -0.5525593757629395, 0.019630691036581993, 0.797119140625], [-0.007925079204142094, -0.02356509119272232, -0.9996908903121948, 1.50140380859375], [0.5528512001037598, -0.8331403136253357, 0.01525635365396738, -1.09295654296875], [0.0, 0.0, 0.0, 1.0]], [[0.9478745460510254, 0.3182400166988373, -0.01603182964026928, -1.11505126953125], [0.0011296416632831097, -0.05366852879524231, -0.9985581040382385, 1.5885467529296875], [-0.3186415433883667, 0.9464898109436035, -0.0512305349111557, -0.11199951171875], [0.0, 0.0, 0.0, 1.0]], [[0.002765477867797017, 0.9990335702896118, -0.04386644810438156, 0.00341796875], [-0.024389047175645828, -0.0437861829996109, -0.9987432360649109, 1.5765533447265625], [-0.9996986985206604, 0.0038318142760545015, 0.024244388565421104, -0.11236572265625], [0.0, 0.0, 0.0, 1.0]], [[-0.9346804618835449, 0.3550475835800171, -0.017710302025079727, 0.9383926391601562], [0.008090288378298283, -0.028561420738697052, -0.9995593428611755, 1.55316162109375], [-0.35539689660072327, -0.9344118237495422, 0.023823363706469536, -0.13916015625], [0.0, 0.0, 0.0, 1.0]]], "view": [[0.0, -2.0, 100.0], [-2.0, 0.0, 100.0], [0.0, 0.0, 1.0]], "bev": "bev_4202e9a4b71d49a6a40b87e3c2db264e.png", "aux": "aux_4202e9a4b71d49a6a40b87e3c2db264e.npz", "visibility": "visibility_4202e9a4b71d49a6a40b87e3c2db264e.png", "pose": [[-0.8875894546508789, -0.46063536405563354, 0.0, 882.8822021484375], [0.46063536405563354, -0.8875894546508789, 0.0, 899.7529296875], [0.0, 0.0, 1.0, 0.0], [0.0, 0.0, 0.0, 1.0]], "pose_inverse": [[-0.8875894546508789, 0.46063536405563354, 0.0, 369.1789245605469], [-0.46063536405563354, -0.8875894546508789, 0.0, 1205.2979736328125], [0.0, 0.0, 1.0, 0.0], [0.0, 0.0, 0.0, 1.0]], "cam_ids": [0, 1, 2, 3, 4, 5], "cam_channels": ["CAM_FRONT_LEFT", "CAM_FRONT", "CAM_FRONT_RIGHT", "CAM_BACK_LEFT", "CAM_BACK", "CAM_BACK_RIGHT"], "token": "4202e9a4b71d49a6a40b87e3c2db264e", "scene": "scene-0347"}, {"images": ["samples/CAM_FRONT_LEFT/n015-2018-08-02-17-28-51+0800__CAM_FRONT_LEFT__1533202204154844.jpg", "samples/CAM_FRONT/n015-2018-08-02-17-28-51+0800__CAM_FRONT__1533202204162460.jpg", "samples/CAM_FRONT_RIGHT/n015-2018-08-02-17-28-51+0800__CAM_FRONT_RIGHT__1533202204170339.jpg", "samples/CAM_BACK_LEFT/n015-2018-08-02-17-28-51+0800__CAM_BACK_LEFT__1533202204197423.jpg", "samples/CAM_BACK/n015-2018-08-02-17-28-51+0800__CAM_BACK__1533202204187525.jpg", "samples/CAM_BACK_RIGHT/n015-2018-08-02-17-28-51+0800__CAM_BACK_RIGHT__1533202204177893.jpg"], "intrinsics": [[[1272.5979470598488, 0.0, 826.6154927353808], [0.0, 1272.5979470598488, 479.75165386361925], [0.0, 0.0, 1.0]], [[1266.417203046554, 0.0, 816.2670197447984], [0.0, 1266.417203046554, 491.50706579294757], [0.0, 0.0, 1.0]], [[1260.8474446004698, 0.0, 807.968244525554], [0.0, 1260.8474446004698, 495.3344268742088], [0.0, 0.0, 1.0]], [[1256.7414812095406, 0.0, 792.1125740759628], [0.0, 1256.7414812095406, 492.7757465151356], [0.0, 0.0, 1.0]], [[809.2209905677063, 0.0, 829.2196003259838], [0.0, 809.2209905677063, 481.77842384512485], [0.0, 0.0, 1.0]], [[1259.5137405846733, 0.0, 807.2529053838625], [0.0, 1259.5137405846733, 501.19579884916527], [0.0, 0.0, 1.0]]], "extrinsics": [[[0.8197543621063232, -0.5727043151855469, 0.0035239793360233307, -0.596038818359375], [-0.014725029468536377, -0.027227306738495827, -0.9995208382606506, 1.5016860961914062], [0.5725258588790894, 0.8193097114562988, -0.030752796679735184, -1.024658203125], [0.0, 0.0, 0.0, 1.0]], [[0.004397155717015266, -0.9995037317276001, 0.031190913170576096, 0.0081787109375], [-0.020100291818380356, -0.0312732569873333, -0.9993087649345398, 1.5130424499511719], [0.999788224697113, 0.0037671467289328575, -0.020227830857038498, -1.317413330078125], [0.0, 0.0, 0.0, 1.0]], [[-0.8335505723953247, -0.5520851612091064, 0.019883576780557632, 0.78424072265625], [-0.014495566487312317, -0.014122307300567627, -0.999795138835907, 1.4993400573730469], [0.5522528290748596, -0.8336681127548218, 0.0037688734009861946, -1.0830078125], [0.0, 0.0, 0.0, 1.0]], [[0.9478059411048889, 0.31823092699050903, -0.01982116512954235, -1.11077880859375], [-0.005855088122189045, -0.04478336125612259, -0.9989795088768005, 1.5883598327636719], [-0.3187938332557678, 0.9469548463821411, -0.04058266803622246, -0.11431884765625], [0.0, 0.0, 0.0, 1.0]], [[0.0028929791878908873, 0.9993928670883179, -0.03471962735056877, 0.0028076171875], [-0.031305741518735886, -0.03461223840713501, -0.9989104270935059, 1.5752906799316406], [-0.9995056390762329, 0.00397671340033412, 0.031186601147055626, -0.128662109375], [0.0, 0.0, 0.0, 1.0]], [[-0.9345491528511047, 0.35574159026145935, -0.0081034479662776, 0.9257125854492188], [0.0013535604812204838, -0.019218945875763893, -0.9998143911361694, 1.5517692565917969], [-0.3558312952518463, -0.9343867301940918, 0.017479533329606056, -0.142822265625], [0.0, 0.0, 0.0, 1.0]]], "view": [[0.0, -2.0, 100.0], [-2.0, 0.0, 100.0], [0.0, 0.0, 1.0]], "bev": "bev_5c7ca15615c14959933e8e6e4a57e2ed.png", "aux": "aux_5c7ca15615c14959933e8e6e4a57e2ed.npz", "visibility": "visibility_5c7ca15615c14959933e8e6e4a57e2ed.png", "pose": [[-0.8904770016670227, -0.4550282061100006, 0.0, 878.6383056640625], [0.4550282061100006, -0.8904770016670227, 0.0, 901.97265625], [0.0, 0.0, 1.0, 0.0], [0.0, 0.0, 0.0, 1.0]], "pose_inverse": [[-0.8904770016670227, 0.4550282061100006, 0.0, 371.9842224121094], [-0.4550282061100006, -0.8904770016670227, 0.0, 1202.9910888671875], [0.0, 0.0, 1.0, 0.0], [0.0, 0.0, 0.0, 1.0]], "cam_ids": [0, 1, 2, 3, 4, 5], "cam_channels": ["CAM_FRONT_LEFT", "CAM_FRONT", "CAM_FRONT_RIGHT", "CAM_BACK_LEFT", "CAM_BACK", "CAM_BACK_RIGHT"], "token": "5c7ca15615c14959933e8e6e4a57e2ed", "scene": "scene-0347"}, {"images": ["samples/CAM_FRONT_LEFT/n015-2018-08-02-17-28-51+0800__CAM_FRONT_LEFT__1533202204654844.jpg", "samples/CAM_FRONT/n015-2018-08-02-17-28-51+0800__CAM_FRONT__1533202204662460.jpg", "samples/CAM_FRONT_RIGHT/n015-2018-08-02-17-28-51+0800__CAM_FRONT_RIGHT__1533202204670339.jpg", "samples/CAM_BACK_LEFT/n015-2018-08-02-17-28-51+0800__CAM_BACK_LEFT__1533202204697423.jpg", "samples/CAM_BACK/n015-2018-08-02-17-28-51+0800__CAM_BACK__1533202204687525.jpg", "samples/CAM_BACK_RIGHT/n015-2018-08-02-17-28-51+0800__CAM_BACK_RIGHT__1533202204677893.jpg"], "intrinsics": [[[1272.5979470598488, 0.0, 826.6154927353808], [0.0, 1272.5979470598488, 479.75165386361925], [0.0, 0.0, 1.0]], [[1266.417203046554, 0.0, 816.2670197447984], [0.0, 1266.417203046554, 491.50706579294757], [0.0, 0.0, 1.0]], [[1260.8474446004698, 0.0, 807.968244525554], [0.0, 1260.8474446004698, 495.3344268742088], [0.0, 0.0, 1.0]], [[1256.7414812095406, 0.0, 792.1125740759628], [0.0, 1256.7414812095406, 492.7757465151356], [0.0, 0.0, 1.0]], [[809.2209905677063, 0.0, 829.2196003259838], [0.0, 809.2209905677063, 481.77842384512485], [0.0, 0.0, 1.0]], [[1259.5137405846733, 0.0, 807.2529053838625], [0.0, 1259.5137405846733, 501.19579884916527], [0.0, 0.0, 1.0]]], "extrinsics": [[[0.8195385932922363, -0.5729442238807678, 0.0095655033364892, -0.59796142578125], [-0.006452441681176424, -0.025918954983353615, -0.9996432065963745, 1.5054054260253906], [0.5729876756668091, 0.8191844820976257, -0.024938473477959633, -1.0255126953125], [0.0, 0.0, 0.0, 1.0]], [[0.0038968969602137804, -0.9995447397232056, 0.029919030144810677, 0.007568359375], [-0.012246211059391499, -0.029964718967676163, -0.9994759559631348, 1.5160064697265625], [0.9999173879623413, 0.0035285030025988817, -0.012357404455542564, -1.31951904296875], [0.0, 0.0, 0.0, 1.0]], [[-0.8338046669960022, -0.5519040822982788, 0.013095894828438759, 0.78558349609375], [-0.0071794213727116585, -0.012879475951194763, -0.9998912215232849, 1.5015277862548828], [0.5520128011703491, -0.8338081240653992, 0.00677661644294858, -1.08441162109375], [0.0, 0.0, 0.0, 1.0]], [[0.9478347897529602, 0.3184225261211395, -0.01470834668725729, -1.11444091796875], [-0.0007735032122582197, -0.043844398111104965, -0.9990381002426147, 1.5885353088378906], [-0.3187611401081085, 0.9469344019889832, -0.04131094738841057, -0.11309814453125], [0.0, 0.0, 0.0, 1.0]], [[0.003181029809638858, 0.9994289875030518, -0.03364083543419838, 0.0030517578125], [-0.025335976853966713, -0.033549655228853226, -0.9991158843040466, 1.57611083984375], [-0.9996739625930786, 0.004030562937259674, 0.0252147875726223, -0.12640380859375], [0.0, 0.0, 0.0, 1.0]], [[-0.9343947172164917, 0.35596418380737305, -0.01399784255772829, 0.9275970458984375], [0.008097865618765354, -0.018059397116303444, -0.9998041391372681, 1.5532646179199219], [-0.35614728927612305, -0.934325098991394, 0.01399205718189478, -0.1427001953125], [0.0, 0.0, 0.0, 1.0]]], "view": [[0.0, -2.0, 100.0], [-2.0, 0.0, 100.0], [0.0, 0.0, 1.0]], "bev": "bev_a8aab6422a3545cf9566223e81d615a7.png", "aux": "aux_a8aab6422a3545cf9566223e81d615a7.npz", "visibility": "visibility_a8aab6422a3545cf9566223e81d615a7.png", "pose": [[-0.8953146934509277, -0.44543418288230896, 0.0, 874.2628784179688], [0.44543418288230896, -0.8953146934509277, 0.0, 904.216796875], [0.0, 0.0, 1.0, 0.0], [0.0, 0.0, 0.0, 1.0]], "pose_inverse": [[-0.8953146934509277, 0.44543418288230896, 0.0, 379.9713439941406], [-0.44543418288230896, -0.8953146934509277, 0.0, 1198.985107421875], [0.0, 0.0, 1.0, 0.0], [0.0, 0.0, 0.0, 1.0]], "cam_ids": [0, 1, 2, 3, 4, 5], "cam_channels": ["CAM_FRONT_LEFT", "CAM_FRONT", "CAM_FRONT_RIGHT", "CAM_BACK_LEFT", "CAM_BACK", "CAM_BACK_RIGHT"], "token": "a8aab6422a3545cf9566223e81d615a7", "scene": "scene-0347"}, {"images": ["samples/CAM_FRONT_LEFT/n015-2018-08-02-17-28-51+0800__CAM_FRONT_LEFT__1533202205104844.jpg", "samples/CAM_FRONT/n015-2018-08-02-17-28-51+0800__CAM_FRONT__1533202205112460.jpg", "samples/CAM_FRONT_RIGHT/n015-2018-08-02-17-28-51+0800__CAM_FRONT_RIGHT__1533202205120339.jpg", "samples/CAM_BACK_LEFT/n015-2018-08-02-17-28-51+0800__CAM_BACK_LEFT__1533202205147899.jpg", "samples/CAM_BACK/n015-2018-08-02-17-28-51+0800__CAM_BACK__1533202205137525.jpg", "samples/CAM_BACK_RIGHT/n015-2018-08-02-17-28-51+0800__CAM_BACK_RIGHT__1533202205128340.jpg"], "intrinsics": [[[1272.5979470598488, 0.0, 826.6154927353808], [0.0, 1272.5979470598488, 479.75165386361925], [0.0, 0.0, 1.0]], [[1266.417203046554, 0.0, 816.2670197447984], [0.0, 1266.417203046554, 491.50706579294757], [0.0, 0.0, 1.0]], [[1260.8474446004698, 0.0, 807.968244525554], [0.0, 1260.8474446004698, 495.3344268742088], [0.0, 0.0, 1.0]], [[1256.7414812095406, 0.0, 792.1125740759628], [0.0, 1256.7414812095406, 492.7757465151356], [0.0, 0.0, 1.0]], [[809.2209905677063, 0.0, 829.2196003259838], [0.0, 809.2209905677063, 481.77842384512485], [0.0, 0.0, 1.0]], [[1259.5137405846733, 0.0, 807.2529053838625], [0.0, 1259.5137405846733, 501.19579884916527], [0.0, 0.0, 1.0]]], "extrinsics": [[[0.8193132281303406, -0.5733372569084167, 0.0032030693255364895, -0.5966796875], [-0.01653350330889225, -0.029210355132818222, -0.9994365572929382, 1.5009689331054688], [0.5731076598167419, 0.8187986016273499, -0.03341170400381088, -1.0272216796875], [0.0, 0.0, 0.0, 1.0]], [[0.003767525078728795, -0.9994522333145142, 0.03287724778056145, 0.009521484375], [-0.021362388506531715, -0.032950419932603836, -0.9992286562919617, 1.5127029418945312], [0.999764621257782, 0.003062247531488538, -0.02147483080625534, -1.3211669921875], [0.0, 0.0, 0.0, 1.0]], [[-0.8338379263877869, -0.5516015887260437, 0.02121056243777275, 0.789306640625], [-0.015216653235256672, -0.015441130846738815, -0.9997649192810059, 1.4992237091064453], [0.551799476146698, -0.8339647054672241, 0.004481873009353876, -1.0850830078125], [0.0, 0.0, 0.0, 1.0]], [[0.9477991461753845, 0.3182833194732666, -0.01929635927081108, -1.123046875], [-0.005084671545773745, -0.045421622693538666, -0.9989549517631531, 1.5884628295898438], [-0.31882718205451965, 0.9469068050384521, -0.0414322130382061, -0.11041259765625], [0.0, 0.0, 0.0, 1.0]], [[0.0030737919732928276, 0.9993609189987183, -0.03561389818787575, 0.002197265625], [-0.030991634353995323, -0.03550175577402115, -0.9988889694213867, 1.5755844116210938], [-0.9995148777961731, 0.004174120258539915, 0.030862700194120407, -0.12078857421875], [0.0, 0.0, 0.0, 1.0]], [[-0.9344145059585571, 0.35609152913093567, -0.008276871405541897, 0.9360160827636719], [0.0011392951710149646, -0.020249277353286743, -0.9997943043708801, 1.5517253875732422], [-0.3561858534812927, -0.934231698513031, 0.01851552538573742, -0.1380615234375], [0.0, 0.0, 0.0, 1.0]]], "view": [[0.0, -2.0, 100.0], [-2.0, 0.0, 100.0], [0.0, 0.0, 1.0]], "bev": "bev_607cec8ae14d4dd8a0c32cb20099030f.png", "aux": "aux_607cec8ae14d4dd8a0c32cb20099030f.npz", "visibility": "visibility_607cec8ae14d4dd8a0c32cb20099030f.png", "pose": [[-0.901458740234375, -0.4328649938106537, 0.0, 870.2719116210938], [0.4328649938106537, -0.901458740234375, 0.0, 906.1930541992188], [0.0, 0.0, 1.0, 0.0], [0.0, 0.0, 0.0, 1.0]], "pose_inverse": [[-0.901458740234375, 0.4328649938106537, 0.0, 392.2550048828125], [-0.4328649938106537, -0.901458740234375, 0.0, 1193.60595703125], [0.0, 0.0, 1.0, 0.0], [0.0, 0.0, 0.0, 1.0]], "cam_ids": [0, 1, 2, 3, 4, 5], "cam_channels": ["CAM_FRONT_LEFT", "CAM_FRONT", "CAM_FRONT_RIGHT", "CAM_BACK_LEFT", "CAM_BACK", "CAM_BACK_RIGHT"], "token": "607cec8ae14d4dd8a0c32cb20099030f", "scene": "scene-0347"}, {"images": ["samples/CAM_FRONT_LEFT/n015-2018-08-02-17-28-51+0800__CAM_FRONT_LEFT__1533202205604844.jpg", "samples/CAM_FRONT/n015-2018-08-02-17-28-51+0800__CAM_FRONT__1533202205612460.jpg", "samples/CAM_FRONT_RIGHT/n015-2018-08-02-17-28-51+0800__CAM_FRONT_RIGHT__1533202205620339.jpg", "samples/CAM_BACK_LEFT/n015-2018-08-02-17-28-51+0800__CAM_BACK_LEFT__1533202205647426.jpg", "samples/CAM_BACK/n015-2018-08-02-17-28-51+0800__CAM_BACK__1533202205637525.jpg", "samples/CAM_BACK_RIGHT/n015-2018-08-02-17-28-51+0800__CAM_BACK_RIGHT__1533202205627893.jpg"], "intrinsics": [[[1272.5979470598488, 0.0, 826.6154927353808], [0.0, 1272.5979470598488, 479.75165386361925], [0.0, 0.0, 1.0]], [[1266.417203046554, 0.0, 816.2670197447984], [0.0, 1266.417203046554, 491.50706579294757], [0.0, 0.0, 1.0]], [[1260.8474446004698, 0.0, 807.968244525554], [0.0, 1260.8474446004698, 495.3344268742088], [0.0, 0.0, 1.0]], [[1256.7414812095406, 0.0, 792.1125740759628], [0.0, 1256.7414812095406, 492.7757465151356], [0.0, 0.0, 1.0]], [[809.2209905677063, 0.0, 829.2196003259838], [0.0, 809.2209905677063, 481.77842384512485], [0.0, 0.0, 1.0]], [[1259.5137405846733, 0.0, 807.2529053838625], [0.0, 1259.5137405846733, 501.19579884916527], [0.0, 0.0, 1.0]]], "extrinsics": [[[0.8194401264190674, -0.5731588006019592, 0.002615906996652484, -0.610137939453125], [-0.01694146730005741, -0.028782540932297707, -0.9994421005249023, 1.5010566711425781], [0.5729143619537354, 0.818938672542572, -0.03329572081565857, -1.03662109375], [0.0, 0.0, 0.0, 1.0]], [[0.003969365730881691, -0.9994529485702515, 0.03283293545246124, 0.0093994140625], [-0.022203795611858368, -0.03291318565607071, -0.9992115497589111, 1.5126991271972656], [0.9997455477714539, 0.0032372393179684877, -0.022322293370962143, -1.33489990234375], [0.0, 0.0, 0.0, 1.0]], [[-0.8337394595146179, -0.5516997575759888, 0.022491399198770523, 0.7984619140625], [-0.016510069370269775, -0.015806470066308975, -0.9997386932373047, 1.4990272521972656], [0.5519111752510071, -0.8338929414749146, 0.00406987639144063, -1.09124755859375], [0.0, 0.0, 0.0, 1.0]], [[0.9477760195732117, 0.31816405057907104, -0.022185415029525757, -1.12091064453125], [-0.007813610136508942, -0.04637642204761505, -0.9988934397697449, 1.5883712768554688], [-0.3188408315181732, 0.9469006061553955, -0.041468456387519836, -0.11083984375], [0.0, 0.0, 0.0, 1.0]], [[0.0029753244016319513, 0.9993333220481873, -0.03638897463679314, 0.00244140625], [-0.03323418274521828, -0.03627021238207817, -0.9987892508506775, 1.5754852294921875], [-0.9994431734085083, 0.004181097727268934, 0.03310410678386688, -0.1153564453125], [0.0, 0.0, 0.0, 1.0]], [[-0.9344485998153687, 0.3560316264629364, -0.006873544305562973, 0.9397544860839844], [-0.0006120408070273697, -0.02090815082192421, -0.9997812509536743, 1.5513534545898438], [-0.35609742999076843, -0.9342399835586548, 0.019755497574806213, -0.13671875], [0.0, 0.0, 0.0, 1.0]]], "view": [[0.0, -2.0, 100.0], [-2.0, 0.0, 100.0], [0.0, 0.0, 1.0]], "bev": "bev_73376e2fc5d34c758cc155facd35fffa.png", "aux": "aux_73376e2fc5d34c758cc155facd35fffa.npz", "visibility": "visibility_73376e2fc5d34c758cc155facd35fffa.png", "pose": [[-0.911522388458252, -0.41125041246414185, 0.0, 865.9065551757812], [0.41125041246414185, -0.911522388458252, 0.0, 908.2665405273438], [0.0, 0.0, 1.0, 0.0], [0.0, 0.0, 0.0, 1.0]], "pose_inverse": [[-0.911522388458252, 0.41125041246414185, 0.0, 415.76824951171875], [-0.41125041246414185, -0.911522388458252, 0.0, 1184.009765625], [0.0, 0.0, 1.0, 0.0], [0.0, 0.0, 0.0, 1.0]], "cam_ids": [0, 1, 2, 3, 4, 5], "cam_channels": ["CAM_FRONT_LEFT", "CAM_FRONT", "CAM_FRONT_RIGHT", "CAM_BACK_LEFT", "CAM_BACK", "CAM_BACK_RIGHT"], "token": "73376e2fc5d34c758cc155facd35fffa", "scene": "scene-0347"}, {"images": ["samples/CAM_FRONT_LEFT/n015-2018-08-02-17-28-51+0800__CAM_FRONT_LEFT__1533202206154844.jpg", "samples/CAM_FRONT/n015-2018-08-02-17-28-51+0800__CAM_FRONT__1533202206162460.jpg", "samples/CAM_FRONT_RIGHT/n015-2018-08-02-17-28-51+0800__CAM_FRONT_RIGHT__1533202206170513.jpg", "samples/CAM_BACK_LEFT/n015-2018-08-02-17-28-51+0800__CAM_BACK_LEFT__1533202206197423.jpg", "samples/CAM_BACK/n015-2018-08-02-17-28-51+0800__CAM_BACK__1533202206187525.jpg", "samples/CAM_BACK_RIGHT/n015-2018-08-02-17-28-51+0800__CAM_BACK_RIGHT__1533202206177893.jpg"], "intrinsics": [[[1272.5979470598488, 0.0, 826.6154927353808], [0.0, 1272.5979470598488, 479.75165386361925], [0.0, 0.0, 1.0]], [[1266.417203046554, 0.0, 816.2670197447984], [0.0, 1266.417203046554, 491.50706579294757], [0.0, 0.0, 1.0]], [[1260.8474446004698, 0.0, 807.968244525554], [0.0, 1260.8474446004698, 495.3344268742088], [0.0, 0.0, 1.0]], [[1256.7414812095406, 0.0, 792.1125740759628], [0.0, 1256.7414812095406, 492.7757465151356], [0.0, 0.0, 1.0]], [[809.2209905677063, 0.0, 829.2196003259838], [0.0, 809.2209905677063, 481.77842384512485], [0.0, 0.0, 1.0]], [[1259.5137405846733, 0.0, 807.2529053838625], [0.0, 1259.5137405846733, 501.19579884916527], [0.0, 0.0, 1.0]]], "extrinsics": [[[0.8188479542732239, -0.5740104913711548, -3.4289940231246874e-05, -0.622406005859375], [-0.018461598083376884, -0.026276474818587303, -0.9994841814041138, 1.5007095336914062], [0.573713481426239, 0.8184261918067932, -0.032113589346408844, -1.0460205078125], [0.0, 0.0, 0.0, 1.0]], [[0.003129122778773308, -0.9995384216308594, 0.030217701569199562, 0.0098876953125], [-0.02378547564148903, -0.030283696949481964, -0.999258279800415, 1.5124626159667969], [0.9997121691703796, 0.00240803649649024, -0.023869257420301437, -1.3482666015625], [0.0, 0.0, 0.0, 1.0]], [[-0.8340686559677124, -0.5512070059776306, 0.02237037383019924, 0.80950927734375], [-0.01816646009683609, -0.013085265643894672, -0.9997493028640747, 1.4987926483154297], [0.5513615012168884, -0.8342658877372742, 0.0009005293832160532, -1.0977783203125], [0.0, 0.0, 0.0, 1.0]], [[0.9476140141487122, 0.318582683801651, -0.023080982267856598, -1.1246337890625], [-0.009737192653119564, -0.04341423511505127, -0.9990096688270569, 1.5884208679199219], [-0.31926923990249634, 0.9469003081321716, -0.03803783655166626, -0.11083984375], [0.0, 0.0, 0.0, 1.0]], [[0.003075979882851243