[{"images": ["samples/CAM_FRONT_LEFT/n015-2018-07-27-11-36-48+0800__CAM_FRONT_LEFT__1532662948904844.jpg", "samples/CAM_FRONT/n015-2018-07-27-11-36-48+0800__CAM_FRONT__1532662948912460.jpg", "samples/CAM_FRONT_RIGHT/n015-2018-07-27-11-36-48+0800__CAM_FRONT_RIGHT__1532662948920339.jpg", "samples/CAM_BACK_LEFT/n015-2018-07-27-11-36-48+0800__CAM_BACK_LEFT__1532662948947423.jpg", "samples/CAM_BACK/n015-2018-07-27-11-36-48+0800__CAM_BACK__1532662948937525.jpg", "samples/CAM_BACK_RIGHT/n015-2018-07-27-11-36-48+0800__CAM_BACK_RIGHT__1532662948927893.jpg"], "intrinsics": [[[1272.5979470598488, 0.0, 826.6154927353808], [0.0, 1272.5979470598488, 479.75165386361925], [0.0, 0.0, 1.0]], [[1266.417203046554, 0.0, 816.2670197447984], [0.0, 1266.417203046554, 491.50706579294757], [0.0, 0.0, 1.0]], [[1260.8474446004698, 0.0, 807.968244525554], [0.0, 1260.8474446004698, 495.3344268742088], [0.0, 0.0, 1.0]], [[1256.7414812095406, 0.0, 792.1125740759628], [0.0, 1256.7414812095406, 492.7757465151356], [0.0, 0.0, 1.0]], [[809.2209905677063, 0.0, 829.2196003259838], [0.0, 809.2209905677063, 481.77842384512485], [0.0, 0.0, 1.0]], [[1259.5137405846733, 0.0, 807.2529053838625], [0.0, 1259.5137405846733, 501.19579884916527], [0.0, 0.0, 1.0]]], "extrinsics": [[[0.8201899528503418, -0.5720238089561462, 0.008790056221187115, -0.79876708984375], [-0.006626001093536615, -0.024862118065357208, -0.9996688961982727, 1.5069351196289062], [0.5720529556274414, 0.8198601007461548, -0.02418188937008381, -1.16552734375], [0.0, 0.0, 0.0, 1.0]], [[0.004854028113186359, -0.9995700120925903, 0.028917796909809113, 0.006591796875], [-0.011823872104287148, -0.02897348813712597, -0.9995102882385254, 1.5185928344726562], [0.9999182820320129, 0.004509735852479935, -0.01195942610502243, -1.526123046875], [0.0, 0.0, 0.0, 1.0]], [[-0.8333700895309448, -0.552593469619751, 0.011605472303926945, 0.9249267578125], [-0.006079765502363443, -0.011831031180918217, -0.9999114871025085, 1.5028667449951172], [0.5526819229125977, -0.833366870880127, 0.006499988958239555, -1.1767578125], [0.0, 0.0, 0.0, 1.0]], [[0.9478158354759216, 0.318636953830719, -0.010754038579761982, -1.13702392578125], [0.0029173935763537884, -0.04239770397543907, -0.9990965127944946, 1.5885696411132812], [-0.3188050091266632, 0.9469281435012817, -0.04111480340361595, -0.10546875], [0.0, 0.0, 0.0, 1.0]], [[0.002772220643237233, 0.9994720816612244, -0.03237143158912659, 0.002685546875], [-0.02261740155518055, -0.03230060636997223, -0.9992222785949707, 1.5782241821289062], [-0.9997403025627136, 0.0035021889489144087, 0.02251591719686985, -0.04864501953125], [0.0, 0.0, 0.0, 1.0]], [[-0.9346136450767517, 0.35533714294433594, -0.015264666639268398, 1.047882080078125], [0.009898947551846504, -0.0169136393815279, -0.9998079538345337, 1.5523910522460938], [-0.3555271327495575, -0.9345852136611938, 0.01229025237262249, -0.0968017578125], [0.0, 0.0, 0.0, 1.0]]], "view": [[0.0, -2.0, 100.0], [-2.0, 0.0, 100.0], [0.0, 0.0, 1.0]], "bev": "bev_29ae188298984ad5972d04c9c467185e.png", "aux": "aux_29ae188298984ad5972d04c9c467185e.npz", "visibility": "visibility_29ae188298984ad5972d04c9c467185e.png", "pose": [[0.8821480870246887, 0.47097212076187134, 0.0, 1093.5155029296875], [-0.47097212076187134, 0.8821480870246887, 0.0, 1358.5103759765625], [0.0, 0.0, 1.0, 0.0], [0.0, 0.0, 0.0, 1.0]], "pose_inverse": [[0.8821480870246887, -0.47097212076187134, 0.0, -324.8221130371094], [0.47097212076187134, 0.8821480870246887, 0.0, -1713.422607421875], [0.0, 0.0, 1.0, 0.0], [0.0, 0.0, 0.0, 1.0]], "cam_ids": [0, 1, 2, 3, 4, 5], "cam_channels": ["CAM_FRONT_LEFT", "CAM_FRONT", "CAM_FRONT_RIGHT", "CAM_BACK_LEFT", "CAM_BACK", "CAM_BACK_RIGHT"], "token": "29ae188298984ad5972d04c9c467185e", "scene": "scene-0184"}, {"images": ["samples/CAM_FRONT_LEFT/n015-2018-07-27-11-36-48+0800__CAM_FRONT_LEFT__1532662949404844.jpg", "samples/CAM_FRONT/n015-2018-07-27-11-36-48+0800__CAM_FRONT__1532662949412460.jpg", "samples/CAM_FRONT_RIGHT/n015-2018-07-27-11-36-48+0800__CAM_FRONT_RIGHT__1532662949420339.jpg", "samples/CAM_BACK_LEFT/n015-2018-07-27-11-36-48+0800__CAM_BACK_LEFT__1532662949447423.jpg", "samples/CAM_BACK/n015-2018-07-27-11-36-48+0800__CAM_BACK__1532662949437525.jpg", "samples/CAM_BACK_RIGHT/n015-2018-07-27-11-36-48+0800__CAM_BACK_RIGHT__1532662949427893.jpg"], "intrinsics": [[[1272.5979470598488, 0.0, 826.6154927353808], [0.0, 1272.5979470598488, 479.75165386361925], [0.0, 0.0, 1.0]], [[1266.417203046554, 0.0, 816.2670197447984], [0.0, 1266.417203046554, 491.50706579294757], [0.0, 0.0, 1.0]], [[1260.8474446004698, 0.0, 807.968244525554], [0.0, 1260.8474446004698, 495.3344268742088], [0.0, 0.0, 1.0]], [[1256.7414812095406, 0.0, 792.1125740759628], [0.0, 1256.7414812095406, 492.7757465151356], [0.0, 0.0, 1.0]], [[809.2209905677063, 0.0, 829.2196003259838], [0.0, 809.2209905677063, 481.77842384512485], [0.0, 0.0, 1.0]], [[1259.5137405846733, 0.0, 807.2529053838625], [0.0, 1259.5137405846733, 501.19579884916527], [0.0, 0.0, 1.0]]], "extrinsics": [[[0.8203684091567993, -0.5716175436973572, 0.015778834000229836, -0.778076171875], [0.000826554954983294, -0.026407944038510323, -0.9996508955955505, 1.5084571838378906], [0.5718346834182739, 0.8200950622558594, -0.02119177207350731, -1.1510009765625], [0.0, 0.0, 0.0, 1.0]], [[0.005055245012044907, -0.9995189309120178, 0.03059995360672474, 0.0064697265625], [-0.00439299363642931, -0.030622247606515884, -0.9995213747024536, 1.5197296142578125], [0.9999775886535645, 0.004918394610285759, -0.004545683041214943, -1.505126953125], [0.0, 0.0, 0.0, 1.0]], [[-0.8332318663597107, -0.5528865456581116, 0.006406425032764673, 0.911376953125], [0.0013245734153315425, -0.013582359999418259, -0.9999068379402161, 1.5038433074951172], [0.5529220700263977, -0.833145797252655, 0.012049594894051552, -1.16796875], [0.0, 0.0, 0.0, 1.0]], [[0.9478230476379395, 0.318766325712204, -0.004431244917213917, -1.13702392578125], [0.010261323302984238, -0.04439790919423103, -0.9989612102508545, 1.5886077880859375], [-0.3186319172382355, 0.9467929005622864, -0.04535232484340668, -0.1053466796875], [0.0, 0.0, 0.0, 1.0]], [[0.002783467061817646, 0.9994100332260132, -0.03423250839114189, 0.0028076171875], [-0.01526585128158331, -0.03418618440628052, -0.9992988705635071, 1.5785064697265625], [-0.9998795986175537, 0.0033041208516806364, 0.015161687508225441, -0.05450439453125], [0.0, 0.0, 0.0, 1.0]], [[-0.9345847368240356, 0.35500964522361755, -0.022794196382164955, 1.037017822265625], [0.017275532707571983, -0.01870754361152649, -0.9996757507324219, 1.5532894134521484], [-0.35532090067863464, -0.9346754550933838, 0.011350804939866066, -0.10107421875], [0.0, 0.0, 0.0, 1.0]]], "view": [[0.0, -2.0, 100.0], [-2.0, 0.0, 100.0], [0.0, 0.0, 1.0]], "bev": "bev_f57ce9dc83364d839b6238ed6aa57578.png", "aux": "aux_f57ce9dc83364d839b6238ed6aa57578.npz", "visibility": "visibility_f57ce9dc83364d839b6238ed6aa57578.png", "pose": [[0.8846461176872253, 0.4662630558013916, 0.0, 1095.6646728515625], [-0.4662630558013916, 0.8846461176872253, 0.0, 1357.3582763671875], [0.0, 0.0, 1.0, 0.0], [0.0, 0.0, 0.0, 1.0]], "pose_inverse": [[0.8846461176872253, -0.4662630558013916, 0.0, -336.3894958496094], [0.4662630558013916, 0.8846461176872253, 0.0, -1711.649658203125], [0.0, 0.0, 1.0, 0.0], [0.0, 0.0, 0.0, 1.0]], "cam_ids": [0, 1, 2, 3, 4, 5], "cam_channels": ["CAM_FRONT_LEFT", "CAM_FRONT", "CAM_FRONT_RIGHT", "CAM_BACK_LEFT", "CAM_BACK", "CAM_BACK_RIGHT"], "token": "f57ce9dc83364d839b6238ed6aa57578", "scene": "scene-0184"}, {"images": ["samples/CAM_FRONT_LEFT/n015-2018-07-27-11-36-48+0800__CAM_FRONT_LEFT__1532662949904844.jpg", "samples/CAM_FRONT/n015-2018-07-27-11-36-48+0800__CAM_FRONT__1532662949912460.jpg", "samples/CAM_FRONT_RIGHT/n015-2018-07-27-11-36-48+0800__CAM_FRONT_RIGHT__1532662949920339.jpg", "samples/CAM_BACK_LEFT/n015-2018-07-27-11-36-48+0800__CAM_BACK_LEFT__1532662949947423.jpg", "samples/CAM_BACK/n015-2018-07-27-11-36-48+0800__CAM_BACK__1532662949937525.jpg", "samples/CAM_BACK_RIGHT/n015-2018-07-27-11-36-48+0800__CAM_BACK_RIGHT__1532662949927893.jpg"], "intrinsics": [[[1272.5979470598488, 0.0, 826.6154927353808], [0.0, 1272.5979470598488, 479.75165386361925], [0.0, 0.0, 1.0]], [[1266.417203046554, 0.0, 816.2670197447984], [0.0, 1266.417203046554, 491.50706579294757], [0.0, 0.0, 1.0]], [[1260.8474446004698, 0.0, 807.968244525554], [0.0, 1260.8474446004698, 495.3344268742088], [0.0, 0.0, 1.0]], [[1256.7414812095406, 0.0, 792.1125740759628], [0.0, 1256.7414812095406, 492.7757465151356], [0.0, 0.0, 1.0]], [[809.2209905677063, 0.0, 829.2196003259838], [0.0, 809.2209905677063, 481.77842384512485], [0.0, 0.0, 1.0]], [[1259.5137405846733, 0.0, 807.2529053838625], [0.0, 1259.5137405846733, 501.19579884916527], [0.0, 0.0, 1.0]]], "extrinsics": [[[0.8208770751953125, -0.5706466436386108, 0.02287663333117962, -0.7515869140625], [0.01034670602530241, -0.0251903273165226, -0.9996291399002075, 1.5109443664550781], [0.5710112452507019, 0.8208093047142029, -0.014773848466575146, -1.13232421875], [0.0, 0.0, 0.0, 1.0]], [[0.005869179964065552, -0.9995648264884949, 0.028905710205435753, 0.006591796875], [0.005408350378274918, -0.02887405827641487, -0.9995684623718262, 1.5217018127441406], [0.9999681115150452, 0.006022984627634287, 0.005236528348177671, -1.477752685546875], [0.0, 0.0, 0.0, 1.0]], [[-0.8326971530914307, -0.5537192225456238, -0.003250743029639125, 0.8927001953125], [0.011399028822779655, -0.011272162199020386, -0.9998714327812195, 1.5055618286132812], [0.5536113977432251, -0.8326271176338196, 0.015698159113526344, -1.1553955078125], [0.0, 0.0, 0.0, 1.0]], [[0.9476909041404724, 0.31910330057144165, 0.007416614796966314, -1.1370849609375], [0.021385539323091507, -0.04029412195086479, -0.9989590048789978, 1.5886726379394531], [-0.3184722661972046, 0.9468629956245422, -0.04501057043671608, -0.10546875], [0.0, 0.0, 0.0, 1.0]], [[0.002522238064557314, 0.9995242357254028, -0.030741672962903976, 0.0028076171875], [-0.004532237071543932, -0.030730027705430984, -0.9995174407958984, 1.579071044921875], [-0.9999865293502808, 0.002660379046574235, 0.004452569875866175, -0.0631103515625], [0.0, 0.0, 0.0, 1.0]], [[-0.9346061944961548, 0.3542892336845398, -0.03146935626864433, 1.021392822265625], [0.027631739154458046, -0.0158869419246912, -0.9994919300079346, 1.5548477172851562], [-0.3546091616153717, -0.9350009560585022, 0.005058408249169588, -0.106689453125], [0.0, 0.0, 0.0, 1.0]]], "view": [[0.0, -2.0, 100.0], [-2.0, 0.0, 100.0], [0.0, 0.0, 1.0]], "bev": "bev_909355ac1e0b459e9fec8d0a4b80b7b5.png", "aux": "aux_909355ac1e0b459e9fec8d0a4b80b7b5.npz", "visibility": "visibility_909355ac1e0b459e9fec8d0a4b80b7b5.png", "pose": [[0.8842346668243408, 0.4670429229736328, 0.0, 1098.1326904296875], [-0.4670429229736328, 0.8842346668243408, 0.0, 1356.05078125], [0.0, 0.0, 1.0, 0.0], [0.0, 0.0, 0.0, 1.0]], "pose_inverse": [[0.8842346668243408, -0.4670429229736328, 0.0, -337.6730651855469], [0.4670429229736328, 0.8842346668243408, 0.0, -1711.942138671875], [0.0, 0.0, 1.0, 0.0], [0.0, 0.0, 0.0, 1.0]], "cam_ids": [0, 1, 2, 3, 4, 5], "cam_channels": ["CAM_FRONT_LEFT", "CAM_FRONT", "CAM_FRONT_RIGHT", "CAM_BACK_LEFT", "CAM_BACK", "CAM_BACK_RIGHT"], "token": "909355ac1e0b459e9fec8d0a4b80b7b5", "scene": "scene-0184"}, {"images": ["samples/CAM_FRONT_LEFT/n015-2018-07-27-11-36-48+0800__CAM_FRONT_LEFT__1532662950404844.jpg", "samples/CAM_FRONT/n015-2018-07-27-11-36-48+0800__CAM_FRONT__1532662950412460.jpg", "samples/CAM_FRONT_RIGHT/n015-2018-07-27-11-36-48+0800__CAM_FRONT_RIGHT__1532662950420339.jpg", "samples/CAM_BACK_LEFT/n015-2018-07-27-11-36-48+0800__CAM_BACK_LEFT__1532662950447423.jpg", "samples/CAM_BACK/n015-2018-07-27-11-36-48+0800__CAM_BACK__1532662950437525.jpg", "samples/CAM_BACK_RIGHT/n015-2018-07-27-11-36-48+0800__CAM_BACK_RIGHT__1532662950427893.jpg"], "intrinsics": [[[1272.5979470598488, 0.0, 826.6154927353808], [0.0, 1272.5979470598488, 479.75165386361925], [0.0, 0.0, 1.0]], [[1266.417203046554, 0.0, 816.2670197447984], [0.0, 1266.417203046554, 491.50706579294757], [0.0, 0.0, 1.0]], [[1260.8474446004698, 0.0, 807.968244525554], [0.0, 1260.8474446004698, 495.3344268742088], [0.0, 0.0, 1.0]], [[1256.7414812095406, 0.0, 792.1125740759628], [0.0, 1256.7414812095406, 492.7757465151356], [0.0, 0.0, 1.0]], [[809.2209905677063, 0.0, 829.2196003259838], [0.0, 809.2209905677063, 481.77842384512485], [0.0, 0.0, 1.0]], [[1259.5137405846733, 0.0, 807.2529053838625], [0.0, 1259.5137405846733, 501.19579884916527], [0.0, 0.0, 1.0]]], "extrinsics": [[[0.8205246329307556, -0.5714237093925476, 0.014635481871664524, -0.7215576171875], [0.006331264041364193, -0.016517052426934242, -0.9998435378074646, 1.5101337432861328], [0.5715759992599487, 0.8204889297485352, -0.009934814646840096, -1.1114501953125], [0.0, 0.0, 0.0, 1.0]], [[0.005281664896756411, -0.9997767806053162, 0.02045724168419838, 0.0068359375], [0.0006062898901291192, -0.020454322919249535, -0.9997906684875488, 1.5206947326660156], [0.9999857544898987, 0.005292913410812616, 0.0004981219535693526, -1.446441650390625], [0.0, 0.0, 0.0, 1.0]], [[-0.833081066608429, -0.5531420707702637, -0.0031028680969029665, 0.8712158203125], [0.005796077195554972, -0.003119995119050145, -0.9999783039093018, 1.5047669410705566], [0.5531204342842102, -0.833081066608429, 0.005805263761430979, -1.140869140625], [0.0, 0.0, 0.0, 1.0]], [[0.9477681517601013, 0.3189536929130554, 0.002027849666774273, -1.133056640625], [0.01327094342559576, -0.03308072313666344, -0.9993645548820496, 1.5886764526367188], [-0.3186838924884796, 0.9471928477287292, -0.0355856716632843, -0.1065673828125], [0.0, 0.0, 0.0, 1.0]], [[0.0026729614473879337, 0.9997270107269287, -0.023211123421788216, 0.0029296875], [-0.011770629324018955, -0.02317814528942108, -0.9996621012687683, 1.5784454345703125], [-0.9999271631240845, 0.002945192623883486, 0.011705462820827961, -0.075469970703125], [0.0, 0.0, 0.0, 1.0]], [[-0.934578001499176, 0.3550303876399994, -0.022745784372091293, 1.002044677734375], [0.021292386576533318, -0.008000732399523258, -0.9997413158416748, 1.5545024871826172], [-0.35512059926986694, -0.9348204731941223, -8.2138751167804e-05, -0.114013671875], [0.0, 0.0, 0.0, 1.0]]], "view": [[0.0, -2.0, 100.0], [-2.0, 0.0, 100.0], [0.0, 0.0, 1.0]], "bev": "bev_bbfa111fe496445bb32534c0680ddd32.png", "aux": "aux_bbfa111fe496445bb32534c0680ddd32.npz", "visibility": "visibility_bbfa111fe496445bb32534c0680ddd32.png", "pose": [[0.8823278546333313, 0.47063523530960083, 0.0, 1100.978515625], [-0.47063523530960083, 0.8823278546333313, 0.0, 1354.52490234375], [0.0, 0.0, 1.0, 0.0], [0.0, 0.0, 0.0, 1.0]], "pose_inverse": [[0.8823278546333313, -0.47063523530960083, 0.0, -333.9369201660156], [0.47063523530960083, 0.8823278546333313, 0.0, -1713.2943115234375], [0.0, 0.0, 1.0, 0.0], [0.0, 0.0, 0.0, 1.0]], "cam_ids": [0, 1, 2, 3, 4, 5], "cam_channels": ["CAM_FRONT_LEFT", "CAM_FRONT", "CAM_FRONT_RIGHT", "CAM_BACK_LEFT", "CAM_BACK", "CAM_BACK_RIGHT"], "token": "bbfa111fe496445bb32534c0680ddd32", "scene": "scene-0184"}, {"images": ["samples/CAM_FRONT_LEFT/n015-2018-07-27-11-36-48+0800__CAM_FRONT_LEFT__1532662950904844.jpg", "samples/CAM_FRONT/n015-2018-07-27-11-36-48+0800__CAM_FRONT__1532662950912460.jpg", "samples/CAM_FRONT_RIGHT/n015-2018-07-27-11-36-48+0800__CAM_FRONT_RIGHT__1532662950920339.jpg", "samples/CAM_BACK_LEFT/n015-2018-07-27-11-36-48+0800__CAM_BACK_LEFT__1532662950947423.jpg", "samples/CAM_BACK/n015-2018-07-27-11-36-48+0800__CAM_BACK__1532662950937525.jpg", "samples/CAM_BACK_RIGHT/n015-2018-07-27-11-36-48+0800__CAM_BACK_RIGHT__1532662950927893.jpg"], "intrinsics": [[[1272.5979470598488, 0.0, 826.6154927353808], [0.0, 1272.5979470598488, 479.75165386361925], [0.0, 0.0, 1.0]], [[1266.417203046554, 0.0, 816.2670197447984], [0.0, 1266.417203046554, 491.50706579294757], [0.0, 0.0, 1.0]], [[1260.8474446004698, 0.0, 807.968244525554], [0.0, 1260.8474446004698, 495.3344268742088], [0.0, 0.0, 1.0]], [[1256.7414812095406, 0.0, 792.1125740759628], [0.0, 1256.7414812095406, 492.7757465151356], [0.0, 0.0, 1.0]], [[809.2209905677063, 0.0, 829.2196003259838], [0.0, 809.2209905677063, 481.77842384512485], [0.0, 0.0, 1.0]], [[1259.5137405846733, 0.0, 807.2529053838625], [0.0, 1259.5137405846733, 501.19579884916527], [0.0, 0.0, 1.0]]], "extrinsics": [[[0.82037353515625, -0.5715581178665161, 0.017566921189427376, -0.70294189453125], [0.00701608182862401, -0.020657449960708618, -0.9997619986534119, 1.5105056762695312], [0.5717849135398865, 0.8203015923500061, -0.012936726212501526, -1.099365234375], [0.0, 0.0, 0.0, 1.0]], [[0.005119841080158949, -0.9996811151504517, 0.02472696080803871, 0.0074462890625], [0.001896077417768538, -0.024717535823583603, -0.9996926784515381, 1.52105712890625], [0.9999850988388062, 0.005165159702301025, 0.0017689232481643558, -1.42938232421875], [0.0, 0.0, 0.0, 1.0]], [[-0.8330850601196289, -0.5531402826309204, -0.002272074343636632, 0.8619384765625], [0.007714869920164347, -0.007512017618864775, -0.9999420046806335, 1.5052318572998047], [0.5530911087989807, -0.83305424451828, 0.010525555349886417, -1.13427734375], [0.0, 0.0, 0.0, 1.0]], [[0.9477441906929016, 0.31900471448898315, 0.0041068317368626595, -1.1339111328125], [0.01698872447013855, -0.03760957345366478, -0.9991480708122253, 1.5887031555175781], [-0.31857848167419434, 0.9470065832138062, -0.041063737124204636, -0.106689453125], [0.0, 0.0, 0.0, 1.0]], [[0.002715220209211111, 0.9996103048324585, -0.027783218771219254, 0.0028076171875], [-0.008654534816741943, -0.02775879018008709, -0.9995772242546082, 1.5786705017089844], [-0.999958872795105, 0.0029544986318796873, 0.008575793355703354, -0.078643798828125], [0.0, 0.0, 0.0, 1.0]], [[-0.9345328211784363, 0.35487648844718933, -0.02666635811328888, 0.99542236328125], [0.02377602644264698, -0.012503676116466522, -0.999639093875885, 1.5550308227539062], [-0.35508185625076294, -0.934829592704773, 0.003247539047151804, -0.1163330078125], [0.0, 0.0, 0.0, 1.0]]], "view": [[0.0, -2.0, 100.0], [-2.0, 0.0, 100.0], [0.0, 0.0, 1.0]], "bev": "bev_b5c30698eead479b825ac15b117d7ef2.png", "aux": "aux_b5c30698eead479b825ac15b117d7ef2.npz", "visibility": "visibility_b5c30698eead479b825ac15b117d7ef2.png", "pose": [[0.8819087743759155, 0.47142013907432556, 0.0, 1104.0650634765625], [-0.47142013907432556, 0.8819087743759155, 0.0, 1352.8525390625], [0.0, 0.0, 1.0, 0.0], [0.0, 0.0, 0.0, 1.0]], "pose_inverse": [[0.8819087743759155, -0.47142013907432556, 0.0, -335.9227294921875], [0.47142013907432556, 0.8819087743759155, 0.0, -1713.571044921875], [0.0, 0.0, 1.0, 0.0], [0.0, 0.0, 0.0, 1.0]], "cam_ids": [0, 1, 2, 3, 4, 5], "cam_channels": ["CAM_FRONT_LEFT", "CAM_FRONT", "CAM_FRONT_RIGHT", "CAM_BACK_LEFT", "CAM_BACK", "CAM_BACK_RIGHT"], "token": "b5c30698eead479b825ac15b117d7ef2", "scene": "scene-0184"}, {"images": ["samples/CAM_FRONT_LEFT/n015-2018-07-27-11-36-48+0800__CAM_FRONT_LEFT__1532662951404844.jpg", "samples/CAM_FRONT/n015-2018-07-27-11-36-48+0800__CAM_FRONT__1532662951412487.jpg", "samples/CAM_FRONT_RIGHT/n015-2018-07-27-11-36-48+0800__CAM_FRONT_RIGHT__1532662951420346.jpg", "samples/CAM_BACK_LEFT/n015-2018-07-27-11-36-48+0800__CAM_BACK_LEFT__1532662951447423.jpg", "samples/CAM_BACK/n015-2018-07-27-11-36-48+0800__CAM_BACK__1532662951438067.jpg", "samples/CAM_BACK_RIGHT/n015-2018-07-27-11-36-48+0800__CAM_BACK_RIGHT__1532662951427893.jpg"], "intrinsics": [[[1272.5979470598488, 0.0, 826.6154927353808], [0.0, 1272.5979470598488, 479.75165386361925], [0.0, 0.0, 1.0]], [[1266.417203046554, 0.0, 816.2670197447984], [0.0, 1266.417203046554, 491.50706579294757], [0.0, 0.0, 1.0]], [[1260.8474446004698, 0.0, 807.968244525554], [0.0, 1260.8474446004698, 495.3344268742088], [0.0, 0.0, 1.0]], [[1256.7414812095406, 0.0, 792.1125740759628], [0.0, 1256.7414812095406, 492.7757465151356], [0.0, 0.0, 1.0]], [[809.2209905677063, 0.0, 829.2196003259838], [0.0, 809.2209905677063, 481.77842384512485], [0.0, 0.0, 1.0]], [[1259.5137405846733, 0.0, 807.2529053838625], [0.0, 1259.5137405846733, 501.19579884916527], [0.0, 0.0, 1.0]]], "extrinsics": [[[0.8183967471122742, -0.574416995048523, 0.01648949645459652, -0.68988037109375], [0.009627345949411392, -0.014985439367592335, -0.9998413920402527, 1.5115089416503906], [0.5745729804039001, 0.818425714969635, -0.006733922753483057, -1.0908203125], [0.0, 0.0, 0.0, 1.0]], [[0.0021647275425493717, -0.9998173117637634, 0.01899120770394802, 0.0076904296875], [0.004405445419251919, -0.018981533125042915, -0.9998101592063904, 1.5217876434326172], [0.9999880194664001, 0.002247965196147561, 0.004363550804555416, -1.4166259765625], [0.0, 0.0, 0.0, 1.0]], [[-0.8344067335128784, -0.5510977506637573, -0.007529129274189472, 0.8529052734375], [0.010173126123845577, -0.0017416075570508838, -0.9999467134475708, 1.5058397054672241], [0.5510552525520325, -0.8344389200210571, 0.007059596013277769, -1.128662109375], [0.0, 0.0, 0.0, 1.0]], [[0.9477418661117554, 0.3189406991004944, 0.007891959510743618, -1.13421630859375], [0.01910749264061451, -0.03205143287777901, -0.9993035197257996, 1.5887107849121094], [-0.31846559047698975, 0.9472325444221497, -0.03647063672542572, -0.1064453125], [0.0, 0.0, 0.0, 1.0]], [[0.0036445732694119215, 0.9997503757476807, -0.022044798359274864, 0.0028076171875], [-0.0064020236022770405, -0.02202116698026657, -0.999737024307251, 1.5788459777832031], [-0.9999728798866272, 0.0037847254425287247, 0.006320168264210224, -0.078338623046875], [0.0, 0.0, 0.0, 1.0]], [[-0.9338138699531555, 0.35675254464149475, -0.026820044964551926, 0.9882049560546875], [0.026128152385354042, -0.006759442389011383, -0.9996357560157776, 1.5555857419967651], [-0.3568039834499359, -0.9341744780540466, -0.003009228268638253, -0.1195068359375], [0.0, 0.0, 0.0, 1.0]]], "view": [[0.0, -2.0, 100.0], [-2.0, 0.0, 100.0], [0.0, 0.0, 1.0]], "bev": "bev_47bfac3db8c343a184fc8c0afe5ccfa6.png", "aux": "aux_47bfac3db8c343a184fc8c0afe5ccfa6.npz", "visibility": "visibility_47bfac3db8c343a184fc8c0afe5ccfa6.png", "pose": [[0.8967474102973938, 0.44254279136657715, 0.0, 1107.4139404296875], [-0.44254279136657715, 0.8967474102973938, 0.0, 1351.105712890625], [0.0, 0.0, 1.0, 0.0], [0.0, 0.0, 0.0, 1.0]], "pose_inverse": [[0.8967474102973938, -0.44254279136657715, 0.0, -395.1484680175781], [0.44254279136657715, 0.8967474102973938, 0.0, -1701.6785888671875], [0.0, 0.0, 1.0, 0.0], [0.0, 0.0, 0.0, 1.0]], "cam_ids": [0, 1, 2, 3, 4, 5], "cam_channels": ["CAM_FRONT_LEFT", "CAM_FRONT", "CAM_FRONT_RIGHT", "CAM_BACK_LEFT", "CAM_BACK", "CAM_BACK_RIGHT"], "token": "47bfac3db8c343a184fc8c0afe5ccfa6", "scene": "scene-0184"}, {"images": ["samples/CAM_FRONT_LEFT/n015-2018-07-27-11-36-48+0800__CAM_FRONT_LEFT__1532662951904844.jpg", "samples/CAM_FRONT/n015-2018-07-27-11-36-48+0800__CAM_FRONT__1532662951912460.jpg", "samples/CAM_FRONT_RIGHT/n015-2018-07-27-11-36-48+0800__CAM_FRONT_RIGHT__1532662951920339.jpg", "samples/CAM_BACK_LEFT/n015-2018-07-27-11-36-48+0800__CAM_BACK_LEFT__1532662951947423.jpg", "samples/CAM_BACK/n015-2018-07-27-11-36-48+0800__CAM_BACK__1532662951937525.jpg", "samples/CAM_BACK_RIGHT/n015-2018-07-27-11-36-48+0800__CAM_BACK_RIGHT__1532662951927893.jpg"], "intrinsics": [[[1272.5979470598488, 0.0, 826.6154927353808], [0.0, 1272.5979470598488, 479.75165386361925], [0.0, 0.0, 1.0]], [[1266.417203046554, 0.0, 816.2670197447984], [0.0, 1266.417203046554, 491.50706579294757], [0.0, 0.0, 1.0]], [[1260.8474446004698, 0.0, 807.968244525554], [0.0, 1260.8474446004698, 495.3344268742088], [0.0, 0.0, 1.0]], [[1256.7414812095406, 0.0, 792.1125740759628], [0.0, 1256.7414812095406, 492.7757465151356], [0.0, 0.0, 1.0]], [[809.2209905677063, 0.0, 829.2196003259838], [0.0, 809.2209905677063, 481.77842384512485], [0.0, 0.0, 1.0]], [[1259.5137405846733, 0.0, 807.2529053838625], [0.0, 1259.5137405846733, 501.19579884916527], [0.0, 0.0, 1.0]]], "extrinsics": [[[0.819629430770874, -0.572739839553833, 0.013287276029586792, -0.67034912109375], [0.003078556852415204, -0.018789667636156082, -0.9998186826705933, 1.5094261169433594], [0.5728856921195984, 0.8195217847824097, -0.013637354597449303, -1.0797119140625], [0.0, 0.0, 0.0, 1.0]], [[0.004126583691686392, -0.9997249841690063, 0.023084323853254318, 0.0098876953125], [-0.0025201989337801933, -0.023094845935702324, -0.999730110168457, 1.5198783874511719], [0.999988317489624, 0.0040673427283763885, -0.0026148096658289433, -1.39739990234375], [0.0, 0.0, 0.0, 1.0]], [[-0.833519458770752, -0.5524889826774597, 0.0010505655081942677, 0.84130859375], [0.002819701097905636, -0.006155447568744421, -0.9999770522117615, 1.5043153762817383], [0.5524828433990479, -0.8334974646568298, 0.006688539404422045, -1.1182861328125], [0.0, 0.0, 0.0, 1.0]], [[0.9478070139884949, 0.3188377916812897, -0.002083597471937537, -1.13055419921875], [0.010326663963496685, -0.03722810372710228, -0.9992534518241882, 1.5886878967285156], [-0.31867730617523193, 0.9470778703689575, -0.03857758641242981, -0.10791015625], [0.0, 0.0, 0.0, 1.0]], [[0.002907197456806898, 0.9996312260627747, -0.02700061723589897, 0.001708984375], [-0.014666532166302204, -0.026955202221870422, -0.9995290637016296, 1.5780410766601562], [-0.9998881816864014, 0.003301854943856597, 0.014582758769392967, -0.090576171875], [0.0, 0.0, 0.0, 1.0]], [[-0.9344649314880371, 0.3554210960865021, -0.021239299327135086, 0.9763031005859375], [0.018388109281659126, -0.011398550122976303, -0.9997659921646118, 1.5546035766601562], [-0.35558003187179565, -0.9346367716789246, 0.004116021562367678, -0.1220703125], [0.0, 0.0, 0.0, 1.0]]], "view": [[0.0, -2.0, 100.0], [-2.0, 0.0, 100.0], [0.0, 0.0, 1.0]], "bev": "bev_ddc8197e86964fc8ab91a7c7c52ad0ad.png", "aux": "aux_ddc8197e86964fc8ab91a7c7c52ad0ad.npz", "visibility": "visibility_ddc8197e86964fc8ab91a7c7c52ad0ad.png", "pose": [[0.9133350849151611, 0.40720880031585693, 0.0, 1110.9910888671875], [-0.40720880031585693, 0.9133350849151611, 0.0, 1349.3973388671875], [0.0, 0.0, 1.0, 0.0], [0.0, 0.0, 0.0, 1.0]], "pose_inverse": [[0.9133350849151611, -0.40720880031585693, 0.0, -465.2206726074219], [0.40720880031585693, 0.9133350849151611, 0.0, -1684.8572998046875], [0.0, 0.0, 1.0, 0.0], [0.0, 0.0, 0.0, 1.0]], "cam_ids": [0, 1, 2, 3, 4, 5], "cam_channels": ["CAM_FRONT_LEFT", "CAM_FRONT", "CAM_FRONT_RIGHT", "CAM_BACK_LEFT", "CAM_BACK", "CAM_BACK_RIGHT"], "token": "ddc8197e86964fc8ab91a7c7c52ad0ad", "scene": "scene-0184"}, {"images": ["samples/CAM_FRONT_LEFT/n015-2018-07-27-11-36-48+0800__CAM_FRONT_LEFT__1532662952404844.jpg", "samples/CAM_FRONT/n015-2018-07-27-11-36-48+0800__CAM_FRONT__1532662952412460.jpg", "samples/CAM_FRONT_RIGHT/n015-2018-07-27-11-36-48+0800__CAM_FRONT_RIGHT__1532662952420339.jpg", "samples/CAM_BACK_LEFT/n015-2018-07-27-11-36-48+0800__CAM_BACK_LEFT__1532662952447423.jpg", "samples/CAM_BACK/n015-2018-07-27-11-36-48+0800__CAM_BACK__1532662952437525.jpg", "samples/CAM_BACK_RIGHT/n015-2018-07-27-11-36-48+0800__CAM_BACK_RIGHT__1532662952427893.jpg"], "intrinsics": [[[1272.5979470598488, 0.0, 826.6154927353808], [0.0, 1272.5979470598488, 479.75165386361925], [0.0, 0.0, 1.0]], [[1266.417203046554, 0.0, 816.2670197447984], [0.0, 1266.417203046554, 491.50706579294757], [0.0, 0.0, 1.0]], [[1260.8474446004698, 0.0, 807.968244525554], [0.0, 1260.8474446004698, 495.3344268742088], [0.0, 0.0, 1.0]], [[1256.7414812095406, 0.0, 792.1125740759628], [0.0, 1256.7414812095406, 492.7757465151356], [0.0, 0.0, 1.0]], [[809.2209905677063, 0.0, 829.2196003259838], [0.0, 809.2209905677063, 481.77842384512485], [0.0, 0.0, 1.0]], [[1259.5137405846733, 0.0, 807.2529053838625], [0.0, 1259.5137405846733, 501.19579884916527], [0.0, 0.0, 1.0]]], "extrinsics": [[[0.8193716406822205, -0.573113203048706, 0.013088886626064777, -0.646728515625], [-0.0035590564366430044, -0.02791750431060791, -0.9996038675308228, 1.5070075988769531], [0.5732515454292297, 0.8190005421638489, -0.024914555251598358, -1.0633544921875], [0.0, 0.0, 0.0, 1.0]], [[0.003628855338320136, -0.999484658241272, 0.03189222887158394, 0.010009765625], [-0.009133395738899708, -0.03192423656582832, -0.9994485974311829, 1.5177383422851562], [0.9999517202377319, 0.0033356030471622944, -0.009244538843631744, -1.372894287109375], [0.0, 0.0, 0.0, 1.0]], [[-0.8338981866836548, -0.5518038868904114, 0.011238045990467072, 0.824462890625], [-0.0037557450123131275, -0.014687906950712204, -0.9998850226402283, 1.5027446746826172], [0.5519055128097534, -0.8338445425033569, 0.010175783187150955, -1.1075439453125], [0.0, 0.0, 0.0, 1.0]], [[0.947981059551239, 0.3181450664997101, -0.01075413916260004, -1.12640380859375], [0.0037369055207818747, -0.04490320384502411, -0.9989842772483826, 1.5886383056640625], [-0.31830480694770813, 0.9469780325889587, -0.04375626891851425, -0.1094970703125], [0.0, 0.0, 0.0, 1.0]], [[0.003433267353102565, 0.9993820786476135, -0.03498033806681633, 0.0018310546875], [-0.021203644573688507, -0.03489992395043373, -0.9991658926010132, 1.5772323608398438], [-0.9997693300247192, 0.004172180313616991, 0.02107072062790394, -0.1005859375], [0.0, 0.0, 0.0, 1.0]], [[-0.9343187808990479, 0.35598045587539673, -0.01806546188890934, 0.9616470336914062], [0.011830459348857403, -0.01968444138765335, -0.9997362494468689, 1.5536937713623047], [-0.35624220967292786, -0.9342860579490662, 0.014180130325257778, -0.1278076171875], [0.0, 0.0, 0.0, 1.0]]], "view": [[0.0, -2.0, 100.0], [-2.0, 0.0, 100.0], [0.0, 0.0, 1.0]], "bev": "bev_ca14cef58a674836b45d76ef7ace8559.png", "aux": "aux_ca14cef58a674836b45d76ef7ace8559.npz", "visibility": "visibility_ca14cef58a674836b45d76ef7ace8559.png", "pose": [[0.921792209148407, 0.38768431544303894, 0.0, 1114.8035888671875], [-0.38768431544303894, 0.921792209148407, 0.0, 1347.6995849609375], [0.0, 0.0, 1.0, 0.0], [0.0, 0.0, 0.0, 1.0]], "pose_inverse": [[0.921792209148407, -0.38768431544303894, 0.0, -505.13525390625], [0.38768431544303894, 0.921792209148407, 0.0, -1674.4908447265625], [0.0, 0.0, 1.0, 0.0], [0.0, 0.0, 0.0, 1.0]], "cam_ids": [0, 1, 2, 3, 4, 5], "cam_channels": ["CAM_FRONT_LEFT", "CAM_FRONT", "CAM_FRONT_RIGHT", "CAM_BACK_LEFT", "CAM_BACK", "CAM_BACK_RIGHT"], "token": "ca14cef58a674836b45d76ef7ace8559", "scene": "scene-0184"}, {"images": ["samples/CAM_FRONT_LEFT/n015-2018-07-27-11-36-48+0800__CAM_FRONT_LEFT__1532662952904844.jpg", "samples/CAM_FRONT/n015-2018-07-27-11-36-48+0800__CAM_FRONT__1532662952912460.jpg", "samples/CAM_FRONT_RIGHT/n015-2018-07-27-11-36-48+0800__CAM_FRONT_RIGHT__1532662952920339.jpg", "samples/CAM_BACK_LEFT/n015-2018-07-27-11-36-48+0800__CAM_BACK_LEFT__1532662952947423.jpg", "samples/CAM_BACK/n015-2018-07-27-11-36-48+0800__CAM_BACK__1532662952937525.jpg", "samples/CAM_BACK_RIGHT/n015-2018-07-27-11-36-48+0800__CAM_BACK_RIGHT__1532662952927893.jpg"], "intrinsics": [[[1272.5979470598488, 0.0, 826.6154927353808], [0.0, 1272.5979470598488, 479.75165386361925], [0.0, 0.0, 1.0]], [[1266.417203046554, 0.0, 816.2670197447984], [0.0, 1266.417203046554, 491.50706579294757], [0.0, 0.0, 1.0]], [[1260.8474446004698, 0.0, 807.968244525554], [0.0, 1260.8474446004698, 495.3344268742088], [0.0, 0.0, 1.0]], [[1256.7414812095406, 0.0, 792.1125740759628], [0.0, 1256.7414812095406, 492.7757465151356], [0.0, 0.0, 1.0]], [[809.2209905677063, 0.0, 829.2196003259838], [0.0, 809.2209905677063, 481.77842384512485], [0.0, 0.0, 1.0]], [[1259.5137405846733, 0.0, 807.2529053838625], [0.0, 1259.5137405846733, 501.19579884916527], [0.0, 0.0, 1.0]]], "extrinsics": [[[0.8191933631896973, -0.5734431147575378, -0.009230623953044415, -0.63543701171875], [-0.02245732769370079, -0.015990739688277245, -0.9996199011802673, 1.4993667602539062], [0.5730775594711304, 0.8190892338752747, -0.02597750723361969, -1.0556640625], [0.0, 0.0, 0.0, 1.0]], [[0.0038114998023957014, -0.9997919797897339, 0.020038960501551628, 0.01025390625], [-0.027943912893533707, -0.020137768238782883, -0.999406635761261, 1.5113601684570312], [0.9996022582054138, 0.003249276429414749, -0.028014851734042168, -1.36126708984375], [0.0, 0.0, 0.0, 1.0]], [[-0.8337313532829285, -0.5517922639846802, 0.020427221432328224, 0.816650390625], [-0.022480588406324387, -0.0030431586783379316, -0.9997425675392151, 1.4977855682373047], [0.5517124533653259, -0.8339759707450867, -0.00986743625253439, -1.1015625], [0.0, 0.0, 0.0, 1.0]], [[0.9476060271263123, 0.3185044527053833, -0.02444942109286785, -1.1265869140625], [-0.014418703503906727, -0.03381318226456642, -0.9993241429328918, 1.58831787109375], [-0.31911587715148926, 0.9473180770874023, -0.02744915336370468, -0.109375], [0.0, 0.0, 0.0, 1.0]], [[0.0028733788058161736, 0.9997144341468811, -0.02372763492166996, 0.0018310546875], [-0.03962414339184761, -0.023595275357365608, -0.9989360570907593, 1.5751800537109375], [-0.9992105960845947, 0.0038104753475636244, 0.039545025676488876, -0.10430908203125], [0.0, 0.0, 0.0, 1.0]], [[-0.934404194355011, 0.3561980724334717, 0.0034301027189940214, 0.95440673828125], [-0.006781169679015875, -0.008159625343978405, -0.999943733215332, 1.5501594543457031], [-0.3561500608921051, -0.9343748092651367, 0.010039825923740864, -0.1300048828125], [0.0, 0.0, 0.0, 1.0]]], "view": [[0.0, -2.0, 100.0], [-2.0, 0.0, 100.0], [0.0, 0.0, 1.0]], "bev": "bev_e0b89fe6bd594a24855eba5078b9109d.png", "aux": "aux_e0b89fe6bd594a24855eba5078b9109d.npz", "visibility": "visibility_e0b89fe6bd594a24855eba5078b9109d.png", "pose": [[0.9329802393913269, 0.3599276542663574, 0.0, 1118.8521728515625], [-0.3599276542663574, 0.9329802393913269, 0.0, 1346.0294189453125], [0.0, 0.0, 1.0, 0.0], [0.0, 0.0, 0.0, 1.0]], "pose_inverse": [[0.9329802393913269, -0.3599276542663574, 0.0, -559.3937377929688], [0.3599276542663574, 0.9329802393913269, 0.0, -1658.524658203125], [0.0, 0.0, 1.0, 0.0], [0.0, 0.0, 0.0, 1.0]], "cam_ids": [0, 1, 2, 3, 4, 5], "cam_channels": ["CAM_FRONT_LEFT", "CAM_FRONT", "CAM_FRONT_RIGHT", "CAM_BACK_LEFT", "CAM_BACK", "CAM_BACK_RIGHT"], "token": "e0b89fe6bd594a24855eba5078b9109d", "scene": "scene-0184"}, {"images": ["samples/CAM_FRONT_LEFT/n015-2018-07-27-11-36-48+0800__CAM_FRONT_LEFT__1532662953404844.jpg", "samples/CAM_FRONT/n015-2018-07-27-11-36-48+0800__CAM_FRONT__1532662953412460.jpg", "samples/CAM_FRONT_RIGHT/n015-2018-07-27-11-36-48+0800__CAM_FRONT_RIGHT__1532662953420339.jpg", "samples/CAM_BACK_LEFT/n015-2018-07-27-11-36-48+0800__CAM_BACK_LEFT__1532662953447423.jpg", "samples/CAM_BACK/n015-2018-07-27-11-36-48+0800__CAM_BACK__1532662953437525.jpg", "samples/CAM_BACK_RIGHT/n015-2018-07-27-11-36-48+0800__CAM_BACK_RIGHT__1532662953428559.jpg"], "intrinsics": [[[1272.5979470598488, 0.0, 826.6154927353808], [0.0, 1272.5979470598488, 479.75165386361925], [0.0, 0.0, 1.0]], [[1266.417203046554, 0.0, 816.2670197447984], [0.0, 1266.417203046554, 491.50706579294757], [0.0, 0.0, 1.0]], [[1260.8474446004698, 0.0, 807.968244525554], [0.0, 1260.8474446004698, 495.3344268742088], [0.0, 0.0, 1.0]], [[1256.7414812095406, 0.0, 792.1125740759628], [0.0, 1256.7414812095406, 492.7757465151356], [0.0, 0.0, 1.0]], [[809.2209905677063, 0.0, 829.2196003259838], [0.0, 809.2209905677063, 481.77842384512485], [0.0, 0.0, 1.0]], [[1259.5137405846733, 0.0, 807.2529053838625], [0.0, 1259.5137405846733, 501.19579884916527], [0.0, 0.0, 1.0]]], "extrinsics": [[[0.8192545771598816, -0.5730438232421875, -0.021042773500084877, -0.657623291015625], [-0.03860047459602356, -0.018497932702302933, -0.9990835189819336, 1.4938392639160156], [0.5721293091773987, 0.8193159699440002, -0.037274278700351715, -1.067626953125], [0.0, 0.0, 0.0, 1.0]], [[0.004432901740074158, -0.9997418522834778, 0.02228301391005516, 0.00732421875], [-0.04410452023148537, -0.022457018494606018, -0.998774528503418, 1.5068740844726562], [0.999017059803009, 0.003444751724600792, -0.04419267922639847, -1.38238525390625], [0.0, 0.0, 0.0, 1.0]], [[-0.8332727551460266, -0.5517466068267822, 0.03510218858718872, 0.8292236328125], [-0.03867271915078163, -0.005166387651115656, -0.9992385506629944, 1.49420166015625], [0.5515077710151672, -0.8339957594871521, -0.017032530158758163, -1.11328125], [0.0, 0.0, 0.0, 1.0]], [[0.9471275806427002, 0.31831878423690796, -0.04028169810771942, -1.128173828125], [-0.030591964721679688, -0.03538313880562782, -0.9989054799079895, 1.5880889892578125], [-0.31939569115638733, 0.947323203086853, -0.023774346336722374, -0.1083984375], [0.0, 0.0, 0.0, 1.0]], [[0.0026045511476695538, 0.9996702671051025, -0.02554980479180813, 0.003173828125], [-0.05582446977496147, -0.025364696979522705, -0.9981184005737305, 1.5738449096679688], [-0.998437225818634, 0.004025958478450775, 0.05573999136686325, -0.09674072265625], [0.0, 0.0, 0.0, 1.0]], [[-0.934197723865509, 0.3563064932823181, 0.017893167212605476, 0.9728279113769531], [-0.023011058568954468, -0.010129961185157299, -0.9996839165687561, 1.5474281311035156], [-0.3560126721858978, -0.9343142509460449, 0.017662374302744865, -0.125732421875], [0.0, 0.0, 0.0, 1.0]]], "view": [[0.0, -2.0, 100.0], [-2.0, 0.0, 100.0], [0.0, 0.0, 1.0]], "bev": "bev_ae7033439a7d4dc89e6a9567401aa2e3.png", "aux": "aux_ae7033439a7d4dc89e6a9567401aa2e3.npz", "visibility": "visibility_ae7033439a7d4dc89e6a9567401aa2e3.png", "pose": [[0.9384413957595825, 0.34543853998184204, 0.0, 1122.9605712890625], [-0.34543853998184204, 0.9384413957595825, 0.0, 1344.4407958984375], [0.0, 0.0, 1.0, 0.0], [0.0, 0.0, 0.0, 1.0]], "pose_inverse": [[0.9384413957595825, -0.34543853998184204, 0.0, -589.4110107421875], [0.34543853998184204, 0.9384413957595825, 0.0, -1649.5927734375], [0.0, 0.0, 1.0, 0.0], [0.0, 0.0, 0.0, 1.0]], "cam_ids": [0, 1, 2, 3, 4, 5], "cam_channels": ["CAM_FRONT_LEFT", "CAM_FRONT", "CAM_FRONT_RIGHT", "CAM_BACK_LEFT", "CAM_BACK", "CAM_BACK_RIGHT"], "token": "ae7033439a7d4dc89e6a9567401aa2e3", "scene": "scene-0184"}, {"images": ["samples/CAM_FRONT_LEFT/n015-2018-07-27-11-36-48+0800__CAM_FRONT_LEFT__1532662953904844.jpg", "samples/CAM_FRONT/n015-2018-07-27-11-36-48+0800__CAM_FRONT__1532662953912460.jpg", "samples/CAM_FRONT_RIGHT/n015-2018-07-27-11-36-48+0800__CAM_FRONT_RIGHT__1532662953920339.jpg", "samples/CAM_BACK_LEFT/n015-2018-07-27-11-36-48+0800__CAM_BACK_LEFT__1532662953947423.jpg", "samples/CAM_BACK/n015-2018-07-27-11-36-48+0800__CAM_BACK__1532662953937525.jpg", "samples/CAM_BACK_RIGHT/n015-2018-07-27-11-36-48+0800__CAM_BACK_RIGHT__1532662953927893.jpg"], "intrinsics": [[[1272.5979470598488, 0.0, 826.6154927353808], [0.0, 1272.5979470598488, 479.75165386361925], [0.0, 0.0, 1.0]], [[1266.417203046554, 0.0, 816.2670197447984], [0.0, 1266.417203046554, 491.50706579294757], [0.0, 0.0, 1.0]], [[1260.8474446004698, 0.0, 807.968244525554], [0.0, 1260.8474446004698, 495.3344268742088], [0.0, 0.0, 1.0]], [[1256.7414812095406, 0.0, 792.1125740759628], [0.0, 1256.7414812095406, 492.7757465151356], [0.0, 0.0, 1.0]], [[809.2209905677063, 0.0, 829.2196003259838], [0.0, 809.2209905677063, 481.77842384512485], [0.0, 0.0, 1.0]], [[1259.5137405846733, 0.0, 807.2529053838625], [0.0, 1259.5137405846733, 501.19579884916527], [0.0, 0.0, 1.0]]], "extrinsics": [[[0.8199148774147034, -0.5719119906425476, -0.02561805583536625, -0.7310791015625], [-0.04908081889152527, -0.025639159604907036, -0.9984657168388367, 1.4944229125976562], [0.5703777074813843, 0.8199142217636108, -0.04909183830022812, -1.1212158203125], [0.0, 0.0, 0.0, 1.0]], [[0.006123303901404142, -0.9995441436767578, 0.02956511452794075, 0.008544921875], [-0.05444464832544327, -0.02985505759716034, -0.9980703592300415, 1.5078582763671875], [0.9984979629516602, 0.0045018186792731285, -0.05460263788700104, -1.458740234375], [0.0, 0.0, 0.0, 1.0]], [[-0.8321546316146851, -0.5524760484695435, 0.04784153401851654, 0.8807373046875], [-0.048905543982982635, -0.01282113790512085, -0.9987211227416992, 1.4947013854980469], [0.5523828864097595, -0.8334301114082336, -0.016349973157048225, -1.1461181640625], [0.0, 0.0, 0.0, 1.0]], [[0.9466657042503357, 0.31793278455734253, -0.052371785044670105, -1.1324462890625], [-0.040507473051548004, -0.04381876066327095, -0.9982178807258606, 1.5881500244140625], [-0.31966105103492737, 0.9471001625061035, -0.02860306203365326, -0.1072998046875], [0.0, 0.0, 0.0, 1.0]], [[0.0018160574836656451, 0.9994305372238159, -0.03369501605629921, 0.0023193359375], [-0.06