[{"images": ["samples/CAM_FRONT_LEFT/n008-2018-07-27-12-07-38-0400__CAM_FRONT_LEFT__1532708706004799.jpg", "samples/CAM_FRONT/n008-2018-07-27-12-07-38-0400__CAM_FRONT__1532708706012589.jpg", "samples/CAM_FRONT_RIGHT/n008-2018-07-27-12-07-38-0400__CAM_FRONT_RIGHT__1532708706020482.jpg", "samples/CAM_BACK_LEFT/n008-2018-07-27-12-07-38-0400__CAM_BACK_LEFT__1532708706047405.jpg", "samples/CAM_BACK/n008-2018-07-27-12-07-38-0400__CAM_BACK__1532708706037558.jpg", "samples/CAM_BACK_RIGHT/n008-2018-07-27-12-07-38-0400__CAM_BACK_RIGHT__1532708706028113.jpg"], "intrinsics": [[[1257.8625342125129, 0.0, 827.2410631095686], [0.0, 1257.8625342125129, 450.915498205774], [0.0, 0.0, 1.0]], [[1252.8131021185304, 0.0, 826.588114781398], [0.0, 1252.8131021185304, 469.9846626224581], [0.0, 0.0, 1.0]], [[1256.7485116440405, 0.0, 817.7887570959712], [0.0, 1256.7485116440403, 451.9541780095127], [0.0, 0.0, 1.0]], [[1254.9860565800168, 0.0, 829.5769333630991], [0.0, 1254.9860565800168, 467.1680561863987], [0.0, 0.0, 1.0]], [[796.8910634503094, 0.0, 857.7774326863696], [0.0, 796.8910634503094, 476.8848988407415], [0.0, 0.0, 1.0]], [[1249.9629280788233, 0.0, 825.3768045375984], [0.0, 1249.9629280788233, 462.54816385708756], [0.0, 0.0, 1.0]]], "extrinsics": [[[0.8242862224578857, -0.5661216974258423, 0.00764906732365489, -0.896484375], [0.016032259911298752, 0.009834382683038712, -0.9998230934143066, 1.49041748046875], [0.5659463405609131, 0.8242630362510681, 0.01718255504965782, -1.2579345703125], [0.0, 0.0, 0.0, 1.0]], [[0.012920655310153961, -0.999901533126831, -0.005468824412673712, 0.0064697265625], [0.017995238304138184, 0.00570092024281621, -0.9998218417167664, 1.482128620147705], [0.9997546076774597, 0.01281983032822609, 0.018067127093672752, -1.6258773803710938], [0.0, 0.0, 0.0, 1.0]], [[-0.8427090644836426, -0.5379852056503296, -0.020328328013420105, 1.01837158203125], [0.0260289516299963, -0.002999129705131054, -0.9996566772460938, 1.4952993392944336], [0.5377395749092102, -0.8429489731788635, 0.016530584543943405, -1.2318115234375], [0.0, 0.0, 0.0, 1.0]], [[0.9478588700294495, 0.3186613619327545, 0.004310973919928074, -1.13958740234375], [0.0004924777313135564, 0.01206252072006464, -0.9999271035194397, 1.562051773071289], [-0.3186901807785034, 0.9477918148040771, 0.011276633478701115, -0.1572265625], [0.0, 0.0, 0.0, 1.0]], [[0.008315995335578918, 0.999954879283905, 0.004596571903675795, -0.0281982421875], [0.002662103157490492, 0.0045745763927698135, -0.999985933303833, 1.568155288696289], [-0.9999619126319885, 0.008328044787049294, -0.0026239417493343353, 0.0095672607421875], [0.0, 0.0, 0.0, 1.0]], [[-0.9242361187934875, 0.3815883994102478, -0.013332600705325603, 1.1025390625], [0.006945181638002396, -0.01811141148209572, -0.9998118281364441, 1.5482444763183594], [-0.38175806403160095, -0.9241548776626587, 0.014089022763073444, -0.0682373046875], [0.0, 0.0, 0.0, 1.0]]], "view": [[0.0, -2.0, 100.0], [-2.0, 0.0, 100.0], [0.0, 0.0, 1.0]], "bev": "bev_87ee8d76fc9f49f9b3deb79057801e3e.png", "aux": "aux_87ee8d76fc9f49f9b3deb79057801e3e.npz", "visibility": "visibility_87ee8d76fc9f49f9b3deb79057801e3e.png", "pose": [[0.8422911167144775, 0.5390228629112244, 0.0, 798.1358642578125], [-0.5390228629112244, 0.8422911167144775, 0.0, 1481.326904296875], [0.0, 0.0, 1.0, 0.0], [0.0, 0.0, 0.0, 1.0]], "pose_inverse": [[0.8422911167144775, -0.5390228629112244, 0.0, 126.206298828125], [0.5390228629112244, 0.8422911167144775, 0.0, -1677.9219970703125], [0.0, 0.0, 1.0, 0.0], [0.0, 0.0, 0.0, 1.0]], "cam_ids": [0, 1, 2, 3, 4, 5], "cam_channels": ["CAM_FRONT_LEFT", "CAM_FRONT", "CAM_FRONT_RIGHT", "CAM_BACK_LEFT", "CAM_BACK", "CAM_BACK_RIGHT"], "token": "87ee8d76fc9f49f9b3deb79057801e3e", "scene": "scene-0241"}, {"images": ["samples/CAM_FRONT_LEFT/n008-2018-07-27-12-07-38-0400__CAM_FRONT_LEFT__1532708706504799.jpg", "samples/CAM_FRONT/n008-2018-07-27-12-07-38-0400__CAM_FRONT__1532708706512404.jpg", "samples/CAM_FRONT_RIGHT/n008-2018-07-27-12-07-38-0400__CAM_FRONT_RIGHT__1532708706520482.jpg", "samples/CAM_BACK_LEFT/n008-2018-07-27-12-07-38-0400__CAM_BACK_LEFT__1532708706547405.jpg", "samples/CAM_BACK/n008-2018-07-27-12-07-38-0400__CAM_BACK__1532708706537558.jpg", "samples/CAM_BACK_RIGHT/n008-2018-07-27-12-07-38-0400__CAM_BACK_RIGHT__1532708706528113.jpg"], "intrinsics": [[[1257.8625342125129, 0.0, 827.2410631095686], [0.0, 1257.8625342125129, 450.915498205774], [0.0, 0.0, 1.0]], [[1252.8131021185304, 0.0, 826.588114781398], [0.0, 1252.8131021185304, 469.9846626224581], [0.0, 0.0, 1.0]], [[1256.7485116440405, 0.0, 817.7887570959712], [0.0, 1256.7485116440403, 451.9541780095127], [0.0, 0.0, 1.0]], [[1254.9860565800168, 0.0, 829.5769333630991], [0.0, 1254.9860565800168, 467.1680561863987], [0.0, 0.0, 1.0]], [[796.8910634503094, 0.0, 857.7774326863696], [0.0, 796.8910634503094, 476.8848988407415], [0.0, 0.0, 1.0]], [[1249.9629280788233, 0.0, 825.3768045375984], [0.0, 1249.9629280788233, 462.54816385708756], [0.0, 0.0, 1.0]]], "extrinsics": [[[0.8243461847305298, -0.5660642981529236, 0.00495977932587266, -0.8865966796875], [0.011053127236664295, 0.007335317321121693, -0.9999120235443115, 1.4899015426635742], [0.5659781098365784, 0.8243284821510315, 0.01230362243950367, -1.2506103515625], [0.0, 0.0, 0.0, 1.0]], [[0.012893853709101677, -0.9999126195907593, -0.002914845012128353, 0.005859375], [0.013004573062062263, 0.003082534996792674, -0.9999106526374817, 1.4817229509353638], [0.9998323321342468, 0.01285489834845066, 0.013043181039392948, -1.615081787109375], [0.0, 0.0, 0.0, 1.0]], [[-0.8428428173065186, -0.5379607081413269, -0.014633695594966412, 1.01190185546875], [0.021025411784648895, -0.005745585076510906, -0.9997624158859253, 1.4950218200683594], [0.5377488732337952, -0.8429503440856934, 0.016153471544384956, -1.228515625], [0.0, 0.0, 0.0, 1.0]], [[0.9478903412818909, 0.318594366312027, -0.0012950025266036391, -1.13916015625], [-0.004370529670268297, 0.008938777260482311, -0.9999505281448364, 1.5620250701904297], [-0.3185670077800751, 0.9478489756584167, 0.009865406900644302, -0.1571044921875], [0.0, 0.0, 0.0, 1.0]], [[0.008415003307163715, 0.9999633431434631, 0.0015672576846554875, -0.02783203125], [-0.0022614216431975365, 0.0015863394364714622, -0.9999961853027344, 1.567978024482727], [-0.9999620914459229, 0.008411379531025887, 0.002274687634781003, 0.0071868896484375], [0.0, 0.0, 0.0, 1.0]], [[-0.9242612719535828, 0.3816339373588562, -0.00983008649200201, 1.0977783203125], [0.001978411804884672, -0.020960763096809387, -0.9997783303260803, 1.5479278564453125], [-0.38175541162490845, -0.9240757822990417, 0.01861819252371788, -0.070556640625], [0.0, 0.0, 0.0, 1.0]]], "view": [[0.0, -2.0, 100.0], [-2.0, 0.0, 100.0], [0.0, 0.0, 1.0]], "bev": "bev_120e64a3d0c04a75a0d9d090b7fd0b83.png", "aux": "aux_120e64a3d0c04a75a0d9d090b7fd0b83.npz", "visibility": "visibility_120e64a3d0c04a75a0d9d090b7fd0b83.png", "pose": [[0.8223584294319153, 0.5689697861671448, 0.0, 799.4229125976562], [-0.5689697861671448, 0.8223584294319153, 0.0, 1480.467529296875], [0.0, 0.0, 1.0, 0.0], [0.0, 0.0, 0.0, 1.0]], "pose_inverse": [[0.8223584294319153, -0.5689697861671448, 0.0, 184.92906188964844], [0.5689697861671448, 0.8223584294319153, 0.0, -1672.3223876953125], [0.0, 0.0, 1.0, 0.0], [0.0, 0.0, 0.0, 1.0]], "cam_ids": [0, 1, 2, 3, 4, 5], "cam_channels": ["CAM_FRONT_LEFT", "CAM_FRONT", "CAM_FRONT_RIGHT", "CAM_BACK_LEFT", "CAM_BACK", "CAM_BACK_RIGHT"], "token": "120e64a3d0c04a75a0d9d090b7fd0b83", "scene": "scene-0241"}, {"images": ["samples/CAM_FRONT_LEFT/n008-2018-07-27-12-07-38-0400__CAM_FRONT_LEFT__1532708707004799.jpg", "samples/CAM_FRONT/n008-2018-07-27-12-07-38-0400__CAM_FRONT__1532708707012404.jpg", "samples/CAM_FRONT_RIGHT/n008-2018-07-27-12-07-38-0400__CAM_FRONT_RIGHT__1532708707020482.jpg", "samples/CAM_BACK_LEFT/n008-2018-07-27-12-07-38-0400__CAM_BACK_LEFT__1532708707047405.jpg", "samples/CAM_BACK/n008-2018-07-27-12-07-38-0400__CAM_BACK__1532708707037558.jpg", "samples/CAM_BACK_RIGHT/n008-2018-07-27-12-07-38-0400__CAM_BACK_RIGHT__1532708707028113.jpg"], "intrinsics": [[[1257.8625342125129, 0.0, 827.2410631095686], [0.0, 1257.8625342125129, 450.915498205774], [0.0, 0.0, 1.0]], [[1252.8131021185304, 0.0, 826.588114781398], [0.0, 1252.8131021185304, 469.9846626224581], [0.0, 0.0, 1.0]], [[1256.7485116440405, 0.0, 817.7887570959712], [0.0, 1256.7485116440403, 451.9541780095127], [0.0, 0.0, 1.0]], [[1254.9860565800168, 0.0, 829.5769333630991], [0.0, 1254.9860565800168, 467.1680561863987], [0.0, 0.0, 1.0]], [[796.8910634503094, 0.0, 857.7774326863696], [0.0, 796.8910634503094, 476.8848988407415], [0.0, 0.0, 1.0]], [[1249.9629280788233, 0.0, 825.3768045375984], [0.0, 1249.9629280788233, 462.54816385708756], [0.0, 0.0, 1.0]]], "extrinsics": [[[0.8239725232124329, -0.5666017532348633, 0.00563666271045804, -0.8936767578125], [0.01005133893340826, 0.00466943671926856, -0.9999385476112366, 1.4896636009216309], [0.5665405988693237, 0.8239785432815552, 0.00954259280115366, -1.2557373046875], [0.0, 0.0, 0.0, 1.0]], [[0.012398434802889824, -0.9999229907989502, -0.000501283910125494, 0.0059814453125], [0.012009520083665848, 0.0006501964526250958, -0.9999276995658875, 1.4815235137939453], [0.9998509287834167, 0.012391519732773304, 0.0120166577398777, -1.621612548828125], [0.0, 0.0, 0.0, 1.0]], [[-0.8430233001708984, -0.537728488445282, -0.012631007470190525, 1.0152587890625], [0.020038152113556862, -0.007930690422654152, -0.9997677803039551, 1.4948539733886719], [0.5375034809112549, -0.8430807590484619, 0.017460845410823822, -1.2301025390625], [0.0, 0.0, 0.0, 1.0]], [[0.9478981494903564, 0.31855976581573486, -0.002938106656074524, -1.141754150390625], [-0.005627854727208614, 0.007523412350565195, -0.9999558925628662, 1.562037467956543], [-0.3185236155986786, 0.9478729367256165, 0.008924237452447414, -0.1563720703125], [0.0, 0.0, 0.0, 1.0]], [[0.008576416410505772, 0.9999631643295288, -0.00012909379438497126, -0.028076171875], [-0.0033634454011917114, -0.0001002506905933842, -0.9999943375587463, 1.567946434020996], [-0.9999574422836304, 0.008576750755310059, 0.003362461691722274, 0.01025390625], [0.0, 0.0, 0.0, 1.0]], [[-0.924177885055542, 0.38183996081352234, -0.009662286378443241, 1.10107421875], [0.0009790272451937199, -0.022928310558199883, -0.9997366070747375, 1.5478630065917969], [-0.381960928440094, -0.9239439368247986, 0.020816007629036903, -0.0689697265625], [0.0, 0.0, 0.0, 1.0]]], "view": [[0.0, -2.0, 100.0], [-2.0, 0.0, 100.0], [0.0, 0.0, 1.0]], "bev": "bev_17e44dc8399e4b9b91de19da64037a0b.png", "aux": "aux_17e44dc8399e4b9b91de19da64037a0b.npz", "visibility": "visibility_17e44dc8399e4b9b91de19da64037a0b.png", "pose": [[0.8038464784622192, 0.5948367714881897, 0.0, 800.6951904296875], [-0.5948367714881897, 0.8038464784622192, 0.0, 1479.5623779296875], [0.0, 0.0, 1.0, 0.0], [0.0, 0.0, 0.0, 1.0]], "pose_inverse": [[0.8038464784622192, -0.5948367714881897, 0.0, 236.46209716796875], [0.5948367714881897, 0.8038464784622192, 0.0, -1665.6240234375], [0.0, 0.0, 1.0, 0.0], [0.0, 0.0, 0.0, 1.0]], "cam_ids": [0, 1, 2, 3, 4, 5], "cam_channels": ["CAM_FRONT_LEFT", "CAM_FRONT", "CAM_FRONT_RIGHT", "CAM_BACK_LEFT", "CAM_BACK", "CAM_BACK_RIGHT"], "token": "17e44dc8399e4b9b91de19da64037a0b", "scene": "scene-0241"}, {"images": ["samples/CAM_FRONT_LEFT/n008-2018-07-27-12-07-38-0400__CAM_FRONT_LEFT__1532708707504799.jpg", "samples/CAM_FRONT/n008-2018-07-27-12-07-38-0400__CAM_FRONT__1532708707512404.jpg", "samples/CAM_FRONT_RIGHT/n008-2018-07-27-12-07-38-0400__CAM_FRONT_RIGHT__1532708707520482.jpg", "samples/CAM_BACK_LEFT/n008-2018-07-27-12-07-38-0400__CAM_BACK_LEFT__1532708707547405.jpg", "samples/CAM_BACK/n008-2018-07-27-12-07-38-0400__CAM_BACK__1532708707537558.jpg", "samples/CAM_BACK_RIGHT/n008-2018-07-27-12-07-38-0400__CAM_BACK_RIGHT__1532708707528113.jpg"], "intrinsics": [[[1257.8625342125129, 0.0, 827.2410631095686], [0.0, 1257.8625342125129, 450.915498205774], [0.0, 0.0, 1.0]], [[1252.8131021185304, 0.0, 826.588114781398], [0.0, 1252.8131021185304, 469.9846626224581], [0.0, 0.0, 1.0]], [[1256.7485116440405, 0.0, 817.7887570959712], [0.0, 1256.7485116440403, 451.9541780095127], [0.0, 0.0, 1.0]], [[1254.9860565800168, 0.0, 829.5769333630991], [0.0, 1254.9860565800168, 467.1680561863987], [0.0, 0.0, 1.0]], [[796.8910634503094, 0.0, 857.7774326863696], [0.0, 796.8910634503094, 476.8848988407415], [0.0, 0.0, 1.0]], [[1249.9629280788233, 0.0, 825.3768045375984], [0.0, 1249.9629280788233, 462.54816385708756], [0.0, 0.0, 1.0]]], "extrinsics": [[[0.8241814374923706, -0.5663170218467712, 0.0031867739744484425, -0.88525390625], [0.0072074104100465775, 0.004862227011471987, -0.9999622106552124, 1.4893507957458496], [0.5662800669670105, 0.8241732120513916, 0.00808903481811285, -1.2503662109375], [0.0, 0.0, 0.0, 1.0]], [[0.01258653961122036, -0.9999206066131592, -0.0006474837427958846, 0.0062255859375], [0.009245684370398521, 0.0007638866081833839, -0.9999570250511169, 1.4812792539596558], [0.9998779892921448, 0.012579933740198612, 0.009254565462470055, -1.614410400390625], [0.0, 0.0, 0.0, 1.0]], [[-0.8430405259132385, -0.537749707698822, -0.010386643931269646, 1.0120849609375], [0.017358407378196716, -0.00790160521864891, -0.9998180866241455, 1.4946823120117188], [0.5375698208808899, -0.8430675268173218, 0.015995854511857033, -1.22802734375], [0.0, 0.0, 0.0, 1.0]], [[0.9479036331176758, 0.3185121417045593, -0.005375043489038944, -1.1402740478515625], [-0.00814550556242466, 0.007366861682385206, -0.9999396800994873, 1.5620183944702148], [-0.31845328211784363, 0.9478901624679565, 0.00957751739770174, -0.1566162109375], [0.0, 0.0, 0.0, 1.0]], [[0.008563580922782421, 0.9999633431434631, -0.0002627214998938143, -0.02783203125], [-0.006015768274664879, -0.00021120798191986978, -0.9999818801879883, 1.5678417682647705], [-0.9999452233314514, 0.008564959280192852, 0.006013739854097366, 0.007843017578125], [0.0, 0.0, 0.0, 1.0]], [[-0.9242081642150879, 0.38182151317596436, -0.0071790642105042934, 1.0980224609375], [-0.0017249461961910129, -0.022972429171204567, -0.99973464012146, 1.5476837158203125], [-0.3818851411342621, -0.9239505529403687, 0.021889928728342056, -0.0703125], [0.0, 0.0, 0.0, 1.0]]], "view": [[0.0, -2.0, 100.0], [-2.0, 0.0, 100.0], [0.0, 0.0, 1.0]], "bev": "bev_7ec6c7fd00af4bf09cca2e9de6b446b1.png", "aux": "aux_7ec6c7fd00af4bf09cca2e9de6b446b1.npz", "visibility": "visibility_7ec6c7fd00af4bf09cca2e9de6b446b1.png", "pose": [[0.7835178375244141, 0.6213693022727966, 0.0, 801.978271484375], [-0.6213693022727966, 0.7835178375244141, 0.0, 1478.5784912109375], [0.0, 0.0, 1.0, 0.0], [0.0, 0.0, 0.0, 1.0]], "pose_inverse": [[0.7835178375244141, -0.6213693022727966, 0.0, 290.3790588378906], [0.6213693022727966, 0.7835178375244141, 0.0, -1656.8172607421875], [0.0, 0.0, 1.0, 0.0], [0.0, 0.0, 0.0, 1.0]], "cam_ids": [0, 1, 2, 3, 4, 5], "cam_channels": ["CAM_FRONT_LEFT", "CAM_FRONT", "CAM_FRONT_RIGHT", "CAM_BACK_LEFT", "CAM_BACK", "CAM_BACK_RIGHT"], "token": "7ec6c7fd00af4bf09cca2e9de6b446b1", "scene": "scene-0241"}, {"images": ["samples/CAM_FRONT_LEFT/n008-2018-07-27-12-07-38-0400__CAM_FRONT_LEFT__1532708708004799.jpg", "samples/CAM_FRONT/n008-2018-07-27-12-07-38-0400__CAM_FRONT__1532708708012404.jpg", "samples/CAM_FRONT_RIGHT/n008-2018-07-27-12-07-38-0400__CAM_FRONT_RIGHT__1532708708020482.jpg", "samples/CAM_BACK_LEFT/n008-2018-07-27-12-07-38-0400__CAM_BACK_LEFT__1532708708047405.jpg", "samples/CAM_BACK/n008-2018-07-27-12-07-38-0400__CAM_BACK__1532708708037558.jpg", "samples/CAM_BACK_RIGHT/n008-2018-07-27-12-07-38-0400__CAM_BACK_RIGHT__1532708708028681.jpg"], "intrinsics": [[[1257.8625342125129, 0.0, 827.2410631095686], [0.0, 1257.8625342125129, 450.915498205774], [0.0, 0.0, 1.0]], [[1252.8131021185304, 0.0, 826.588114781398], [0.0, 1252.8131021185304, 469.9846626224581], [0.0, 0.0, 1.0]], [[1256.7485116440405, 0.0, 817.7887570959712], [0.0, 1256.7485116440403, 451.9541780095127], [0.0, 0.0, 1.0]], [[1254.9860565800168, 0.0, 829.5769333630991], [0.0, 1254.9860565800168, 467.1680561863987], [0.0, 0.0, 1.0]], [[796.8910634503094, 0.0, 857.7774326863696], [0.0, 796.8910634503094, 476.8848988407415], [0.0, 0.0, 1.0]], [[1249.9629280788233, 0.0, 825.3768045375984], [0.0, 1249.9629280788233, 462.54816385708756], [0.0, 0.0, 1.0]]], "extrinsics": [[[0.8233312368392944, -0.5675567388534546, 0.0022341408766806126, -0.8876953125], [0.006537200417369604, 0.005546974018216133, -0.9999632239341736, 1.4892220497131348], [0.5675235390663147, 0.8233156204223633, 0.0082772271707654, -1.2528076171875], [0.0, 0.0, 0.0, 1.0]], [[0.011403982527554035, -0.9999340772628784, -0.0013438491150736809, 0.0067138671875], [0.008457795716822147, 0.00144034659024328, -0.9999632239341736, 1.4811718463897705], [0.9998992085456848, 0.011392218992114067, 0.008473663590848446, -1.615570068359375], [0.0, 0.0, 0.0, 1.0]], [[-0.8435018062591553, -0.5370336174964905, -0.009986096061766148, 1.01080322265625], [0.016444887965917587, -0.007237550802528858, -0.9998385906219482, 1.4946308135986328], [0.5368745923042297, -0.8435298800468445, 0.014936343766748905, -1.2265625], [0.0, 0.0, 0.0, 1.0]], [[0.9478499293327332, 0.3186629116535187, -0.005870592314749956, -1.131317138671875], [-0.008846540004014969, 0.007892394438385963, -0.9999297261238098, 1.5619239807128906], [-0.3185940980911255, 0.9478352665901184, 0.010299869813024998, -0.1602783203125], [0.0, 0.0, 0.0, 1.0]], [[0.008827214129269123, 0.9999610185623169, 0.0003312014159746468, -0.0283203125], [-0.006671362090855837, 0.00039009921601973474, -0.9999776482582092, 1.5677717924118042], [-0.9999387860298157, 0.008824758231639862, 0.00667454581707716, 0.001220703125], [0.0, 0.0, 0.0, 1.0]], [[-0.9239836931228638, 0.3823801875114441, -0.0062989830039441586, 1.09613037109375], [-0.0024196445010602474, -0.022315772250294685, -0.9997480511665344, 1.5476417541503906], [-0.38242438435554504, -0.9237356185913086, 0.02154463343322277, -0.070556640625], [0.0, 0.0, 0.0, 1.0]]], "view": [[0.0, -2.0, 100.0], [-2.0, 0.0, 100.0], [0.0, 0.0, 1.0]], "bev": "bev_f0b8ea61ac634bf998a27708aeb94de5.png", "aux": "aux_f0b8ea61ac634bf998a27708aeb94de5.npz", "visibility": "visibility_f0b8ea61ac634bf998a27708aeb94de5.png", "pose": [[0.7690362334251404, 0.6392052173614502, 0.0, 803.1917724609375], [-0.6392052173614502, 0.7690362334251404, 0.0, 1477.580322265625], [0.0, 0.0, 1.0, 0.0], [0.0, 0.0, 0.0, 1.0]], "pose_inverse": [[0.7690362334251404, -0.6392052173614502, 0.0, 326.7934265136719], [0.6392052173614502, 0.7690362334251404, 0.0, -1649.7171630859375], [0.0, 0.0, 1.0, 0.0], [0.0, 0.0, 0.0, 1.0]], "cam_ids": [0, 1, 2, 3, 4, 5], "cam_channels": ["CAM_FRONT_LEFT", "CAM_FRONT", "CAM_FRONT_RIGHT", "CAM_BACK_LEFT", "CAM_BACK", "CAM_BACK_RIGHT"], "token": "f0b8ea61ac634bf998a27708aeb94de5", "scene": "scene-0241"}, {"images": ["samples/CAM_FRONT_LEFT/n008-2018-07-27-12-07-38-0400__CAM_FRONT_LEFT__1532708708504799.jpg", "samples/CAM_FRONT/n008-2018-07-27-12-07-38-0400__CAM_FRONT__1532708708512404.jpg", "samples/CAM_FRONT_RIGHT/n008-2018-07-27-12-07-38-0400__CAM_FRONT_RIGHT__1532708708520482.jpg", "samples/CAM_BACK_LEFT/n008-2018-07-27-12-07-38-0400__CAM_BACK_LEFT__1532708708547405.jpg", "samples/CAM_BACK/n008-2018-07-27-12-07-38-0400__CAM_BACK__1532708708537558.jpg", "samples/CAM_BACK_RIGHT/n008-2018-07-27-12-07-38-0400__CAM_BACK_RIGHT__1532708708528113.jpg"], "intrinsics": [[[1257.8625342125129, 0.0, 827.2410631095686], [0.0, 1257.8625342125129, 450.915498205774], [0.0, 0.0, 1.0]], [[1252.8131021185304, 0.0, 826.588114781398], [0.0, 1252.8131021185304, 469.9846626224581], [0.0, 0.0, 1.0]], [[1256.7485116440405, 0.0, 817.7887570959712], [0.0, 1256.7485116440403, 451.9541780095127], [0.0, 0.0, 1.0]], [[1254.9860565800168, 0.0, 829.5769333630991], [0.0, 1254.9860565800168, 467.1680561863987], [0.0, 0.0, 1.0]], [[796.8910634503094, 0.0, 857.7774326863696], [0.0, 796.8910634503094, 476.8848988407415], [0.0, 0.0, 1.0]], [[1249.9629280788233, 0.0, 825.3768045375984], [0.0, 1249.9629280788233, 462.54816385708756], [0.0, 0.0, 1.0]]], "extrinsics": [[[0.8224388957023621, -0.5688490867614746, 0.002259085886180401, -0.8919677734375], [0.008629512041807175, 0.00850546546280384, -0.9999265670776367, 1.4894657135009766], [0.5687880516052246, 0.8223980069160461, 0.011904113925993443, -1.25634765625], [0.0, 0.0, 0.0, 1.0]], [[0.010115542449057102, -0.9999399781227112, -0.004204647149890661, 0.0074462890625], [0.010628498159348965, 0.004312143195420504, -0.999934196472168, 1.4813613891601562], [0.9998923540115356, 0.010070240125060081, 0.010671480558812618, -1.621856689453125], [0.0, 0.0, 0.0, 1.0]], [[-0.8440176248550415, -0.5361483097076416, -0.013389880768954754, 1.01702880859375], [0.018696622923016548, -0.004463077988475561, -0.9998152256011963, 1.4947128295898438], [0.53598952293396, -0.8441120386123657, 0.013791078701615334, -1.230224609375], [0.0, 0.0, 0.0, 1.0]], [[0.9478713870048523, 0.31864166259765625, -0.0027385493740439415, -1.1391143798828125], [-0.006432328838855028, 0.010540616698563099, -0.9999237656593323, 1.5620098114013672], [-0.318588525056839, 0.9478166699409485, 0.012040756642818451, -0.1578369140625], [0.0, 0.0, 0.0, 1.0]], [[0.00925812590867281, 0.9999525547027588, 0.0030211578123271465, -0.0286865234375], [-0.004392226226627827, 0.0030619248282164335, -0.9999856352806091, 1.5679106712341309], [-0.9999475479125977, 0.009244715794920921, 0.004420365672558546, 0.009918212890625], [0.0, 0.0, 0.0, 1.0]], [[-0.9236872792243958, 0.38307881355285645, -0.007242514751851559, 1.1015625], [-0.00028693172498606145, -0.01959429681301117, -0.9998079538345337, 1.5478019714355469], [-0.38314712047576904, -0.923507809638977, 0.01820892095565796, -0.06787109375], [0.0, 0.0, 0.0, 1.0]]], "view": [[0.0, -2.0, 100.0], [-2.0, 0.0, 100.0], [0.0, 0.0, 1.0]], "bev": "bev_77ffabab1edc483b847e2f915a61fa98.png", "aux": "aux_77ffabab1edc483b847e2f915a61fa98.npz", "visibility": "visibility_77ffabab1edc483b847e2f915a61fa98.png", "pose": [[0.7673946022987366, 0.6411750912666321, 0.0, 804.3101806640625], [-0.6411750912666321, 0.7673946022987366, 0.0, 1476.6427001953125], [0.0, 0.0, 1.0, 0.0], [0.0, 0.0, 0.0, 1.0]], "pose_inverse": [[0.7673946022987366, -0.6411750912666321, 0.0, 329.5632629394531], [0.6411750912666321, 0.7673946022987366, 0.0, -1648.871337890625], [0.0, 0.0, 1.0, 0.0], [0.0, 0.0, 0.0, 1.0]], "cam_ids": [0, 1, 2, 3, 4, 5], "cam_channels": ["CAM_FRONT_LEFT", "CAM_FRONT", "CAM_FRONT_RIGHT", "CAM_BACK_LEFT", "CAM_BACK", "CAM_BACK_RIGHT"], "token": "77ffabab1edc483b847e2f915a61fa98", "scene": "scene-0241"}, {"images": ["samples/CAM_FRONT_LEFT/n008-2018-07-27-12-07-38-0400__CAM_FRONT_LEFT__1532708709004799.jpg", "samples/CAM_FRONT/n008-2018-07-27-12-07-38-0400__CAM_FRONT__1532708709012404.jpg", "samples/CAM_FRONT_RIGHT/n008-2018-07-27-12-07-38-0400__CAM_FRONT_RIGHT__1532708709020482.jpg", "samples/CAM_BACK_LEFT/n008-2018-07-27-12-07-38-0400__CAM_BACK_LEFT__1532708709047405.jpg", "samples/CAM_BACK/n008-2018-07-27-12-07-38-0400__CAM_BACK__1532708709037558.jpg", "samples/CAM_BACK_RIGHT/n008-2018-07-27-12-07-38-0400__CAM_BACK_RIGHT__1532708709028113.jpg"], "intrinsics": [[[1257.8625342125129, 0.0, 827.2410631095686], [0.0, 1257.8625342125129, 450.915498205774], [0.0, 0.0, 1.0]], [[1252.8131021185304, 0.0, 826.588114781398], [0.0, 1252.8131021185304, 469.9846626224581], [0.0, 0.0, 1.0]], [[1256.7485116440405, 0.0, 817.7887570959712], [0.0, 1256.7485116440403, 451.9541780095127], [0.0, 0.0, 1.0]], [[1254.9860565800168, 0.0, 829.5769333630991], [0.0, 1254.9860565800168, 467.1680561863987], [0.0, 0.0, 1.0]], [[796.8910634503094, 0.0, 857.7774326863696], [0.0, 796.8910634503094, 476.8848988407415], [0.0, 0.0, 1.0]], [[1249.9629280788233, 0.0, 825.3768045375984], [0.0, 1249.9629280788233, 462.54816385708756], [0.0, 0.0, 1.0]]], "extrinsics": [[[0.8224641680717468, -0.5688093900680542, 0.0029446985572576523, -0.9052734375], [0.00948257464915514, 0.008534704335033894, -0.9999186396598816, 1.4894304275512695], [0.5687379240989685, 0.8224251866340637, 0.012413265183568, -1.265625], [0.0, 0.0, 0.0, 1.0]], [[0.010160019621253014, -0.9999390244483948, -0.004314562305808067, 0.00732421875], [0.011370553635060787, 0.004430035129189491, -0.9999255537986755, 1.481299638748169], [0.999883770942688, 0.010110210627317429, 0.011414868757128716, -1.634613037109375], [0.0, 0.0, 0.0, 1.0]], [[-0.8439909815788269, -0.5361738801002502, -0.014030080288648605, 1.02496337890625], [0.019320758059620857, -0.00425088033080101, -0.9998042583465576, 1.4945869445800781], [0.5360093116760254, -0.844096839427948, 0.013946990482509136, -1.23486328125], [0.0, 0.0, 0.0, 1.0]], [[0.9478898644447327, 0.31858959794044495, -0.0023185478057712317, -1.1384124755859375], [-0.006120128091424704, 0.01093206088989973, -0.9999215006828308, 1.5620059967041016], [-0.3185392916202545, 0.9478296637535095, 0.012312199920415878, -0.1580810546875], [0.0, 0.0, 0.0, 1.0]], [[0.00924301240593195, 0.9999516010284424, 0.0033690924756228924, -0.02880859375], [-0.003977640066295862, 0.003405977739021182, -0.9999862313270569, 1.5679326057434082], [-0.9999493956565857, 0.00922948308289051, 0.0040089283138513565, 0.011932373046875], [0.0, 0.0, 0.0, 1.0]], [[-0.9236928224563599, 0.38305801153182983, -0.007610630244016647, 1.107177734375], [0.00023112661438062787, -0.019307054579257965, -0.9998135566711426, 1.5478343963623047], [-0.3831334710121155, -0.9235224723815918, 0.017745256423950195, -0.0654296875], [0.0, 0.0, 0.0, 1.0]]], "view": [[0.0, -2.0, 100.0], [-2.0, 0.0, 100.0], [0.0, 0.0, 1.0]], "bev": "bev_615d45c4ea5b442e992cfb0c8c114691.png", "aux": "aux_615d45c4ea5b442e992cfb0c8c114691.npz", "visibility": "visibility_615d45c4ea5b442e992cfb0c8c114691.png", "pose": [[0.7684742212295532, 0.6398807168006897, 0.0, 805.4159545898438], [-0.6398807168006897, 0.7684742212295532, 0.0, 1475.7064208984375], [0.0, 0.0, 1.0, 0.0], [0.0, 0.0, 0.0, 1.0]], "pose_inverse": [[0.7684742212295532, -0.6398807168006897, 0.0, 325.33465576171875], [0.6398807168006897, 0.7684742212295532, 0.0, -1649.4124755859375], [0.0, 0.0, 1.0, 0.0], [0.0, 0.0, 0.0, 1.0]], "cam_ids": [0, 1, 2, 3, 4, 5], "cam_channels": ["CAM_FRONT_LEFT", "CAM_FRONT", "CAM_FRONT_RIGHT", "CAM_BACK_LEFT", "CAM_BACK", "CAM_BACK_RIGHT"], "token": "615d45c4ea5b442e992cfb0c8c114691", "scene": "scene-0241"}, {"images": ["samples/CAM_FRONT_LEFT/n008-2018-07-27-12-07-38-0400__CAM_FRONT_LEFT__1532708709404799.jpg", "samples/CAM_FRONT/n008-2018-07-27-12-07-38-0400__CAM_FRONT__1532708709412404.jpg", "samples/CAM_FRONT_RIGHT/n008-2018-07-27-12-07-38-0400__CAM_FRONT_RIGHT__1532708709420482.jpg", "samples/CAM_BACK_LEFT/n008-2018-07-27-12-07-38-0400__CAM_BACK_LEFT__1532708709447405.jpg", "samples/CAM_BACK/n008-2018-07-27-12-07-38-0400__CAM_BACK__1532708709437558.jpg", "samples/CAM_BACK_RIGHT/n008-2018-07-27-12-07-38-0400__CAM_BACK_RIGHT__1532708709428113.jpg"], "intrinsics": [[[1257.8625342125129, 0.0, 827.2410631095686], [0.0, 1257.8625342125129, 450.915498205774], [0.0, 0.0, 1.0]], [[1252.8131021185304, 0.0, 826.588114781398], [0.0, 1252.8131021185304, 469.9846626224581], [0.0, 0.0, 1.0]], [[1256.7485116440405, 0.0, 817.7887570959712], [0.0, 1256.7485116440403, 451.9541780095127], [0.0, 0.0, 1.0]], [[1254.9860565800168, 0.0, 829.5769333630991], [0.0, 1254.9860565800168, 467.1680561863987], [0.0, 0.0, 1.0]], [[796.8910634503094, 0.0, 857.7774326863696], [0.0, 796.8910634503094, 476.8848988407415], [0.0, 0.0, 1.0]], [[1249.9629280788233, 0.0, 825.3768045375984], [0.0, 1249.9629280788233, 462.54816385708756], [0.0, 0.0, 1.0]]], "extrinsics": [[[0.8224894404411316, -0.5687780976295471, 0.0016679076943546534, -0.8909912109375], [0.008440731093287468, 0.009273627772927284, -0.9999213814735413, 1.489445686340332], [0.5687178373336792, 0.8224388360977173, 0.012428361922502518, -1.2562255859375], [0.0, 0.0, 0.0, 1.0]], [[0.010187068022787571, -0.9999351501464844, -0.0050877793692052364, 0.0078125], [0.01042784471064806, 0.00519400043413043, -0.9999321699142456, 1.4813742637634277], [0.9998937249183655, 0.010133287869393826, 0.010480080731213093, -1.618255615234375], [0.0, 0.0, 0.0, 1.0]], [[-0.8439905643463135, -0.5361817479133606, -0.01374695636332035, 1.01171875], [0.0184834785759449, -0.00346031179651618, -0.9998231530189514, 1.4948148727416992], [0.5360394716262817, -0.8440954685211182, 0.012830975465476513, -1.226318359375], [0.0, 0.0, 0.0, 1.0]], [[0.947902262210846, 0.3185485899448395, -0.002863616216927767, -1.1252593994140625], [-0.007023240439593792, 0.011910279281437397, -0.999904453754425, 1.5619068145751953], [-0.31848400831222534, 0.9478317499160767, 0.013527022674679756, -0.162353515625], [0.0, 0.0, 0.0, 1.0]], [[0.009242710657417774, 0.9999483823776245, 0.004240534733980894, -0.02880859375], [-0.004819909110665321, 0.0042852177284657955, -0.9999791383743286, 1.567833423614502], [-0.9999457001686096, 0.009222133085131645, 0.0048592668026685715, -0.0023193359375], [0.0, 0.0, 0.0, 1.0]], [[-0.9237038493156433, 0.3830508887767792, -0.006570064462721348, 1.093017578125], [-0.0005545729654841125, -0.018486320972442627, -0.9998289346694946, 1.5477828979492188], [-0.38310688734054565, -0.9235422611236572, 0.017288314178586006, -0.071044921875], [0.0, 0.0, 0.0, 1.0]]], "view": [[0.0, -2.0, 100.0], [-2.0, 0.0, 100.0], [0.0, 0.0, 1.0]], "bev": "bev_75839560300e4b49af0c7f0bc3dc3ff3.png", "aux": "aux_75839560300e4b49af0c7f0bc3dc3ff3.npz", "visibility": "visibility_75839560300e4b49af0c7f0bc3dc3ff3.png", "pose": [[0.7687868475914001, 0.63950514793396, 0.0, 806.279541015625], [-0.63950514793396, 0.7687868475914001, 0.0, 1474.9716796875], [0.0, 0.0, 1.0, 0.0], [0.0, 0.0, 0.0, 1.0]], "pose_inverse": [[0.7687868475914001, -0.63950514793396, 0.0, 323.3948974609375], [0.63950514793396, 0.7687868475914001, 0.0, -1649.5587158203125], [0.0, 0.0, 1.0, 0.0], [0.0, 0.0, 0.0, 1.0]], "cam_ids": [0, 1, 2, 3, 4, 5], "cam_channels": ["CAM_FRONT_LEFT", "CAM_FRONT", "CAM_FRONT_RIGHT", "CAM_BACK_LEFT", "CAM_BACK", "CAM_BACK_RIGHT"], "token": "75839560300e4b49af0c7f0bc3dc3ff3", "scene": "scene-0241"}, {"images": ["samples/CAM_FRONT_LEFT/n008-2018-07-27-12-07-38-0400__CAM_FRONT_LEFT__1532708709854799.jpg", "samples/CAM_FRONT/n008-2018-07-27-12-07-38-0400__CAM_FRONT__1532708709862404.jpg", "samples/CAM_FRONT_RIGHT/n008-2018-07-27-12-07-38-0400__CAM_FRONT_RIGHT__1532708709870482.jpg", "samples/CAM_BACK_LEFT/n008-2018-07-27-12-07-38-0400__CAM_BACK_LEFT__1532708709897405.jpg", "samples/CAM_BACK/n008-2018-07-27-12-07-38-0400__CAM_BACK__1532708709887558.jpg", "samples/CAM_BACK_RIGHT/n008-2018-07-27-12-07-38-0400__CAM_BACK_RIGHT__1532708709878113.jpg"], "intrinsics": [[[1257.8625342125129, 0.0, 827.2410631095686], [0.0, 1257.8625342125129, 450.915498205774], [0.0, 0.0, 1.0]], [[1252.8131021185304, 0.0, 826.588114781398], [0.0, 1252.8131021185304, 469.9846626224581], [0.0, 0.0, 1.0]], [[1256.7485116440405, 0.0, 817.7887570959712], [0.0, 1256.7485116440403, 451.9541780095127], [0.0, 0.0, 1.0]], [[1254.9860565800168, 0.0, 829.5769333630991], [0.0, 1254.9860565800168, 467.1680561863987], [0.0, 0.0, 1.0]], [[796.8910634503094, 0.0, 857.7774326863696], [0.0, 796.8910634503094, 476.8848988407415], [0.0, 0.0, 1.0]], [[1249.9629280788233, 0.0, 825.3768045375984], [0.0, 1249.9629280788233, 462.54816385708756], [0.0, 0.0, 1.0]]], "extrinsics": [[[0.822452962398529, -0.5688325762748718, 0.0008609530632384121, -0.9129638671875], [0.009039531461894512, 0.011556528508663177, -0.9998923540115356, 1.4892616271972656], [0.5687613487243652, 0.8223721385002136, 0.014646679162979126, -1.2728271484375], [0.0, 0.0, 0.0, 1.0]], [[0.010145836509764194, -0.9999220967292786, -0.007269280031323433, 0.008544921875], [0.011062498204410076, 0.00738145038485527, -0.9999116063117981, 1.481156349182129], [0.9998873472213745, 0.010064548812806606, 0.011136527173221111, -1.643707275390625], [0.0, 0.0, 0.0, 1.0]], [[-0.8439967036247253, -0.5361266732215881, -0.015420204028487206, 1.03173828125], [0.019138269126415253, -0.0013714490924030542, -0.9998158812522888, 1.4944324493408203], [0.5360068678855896, -0.8441364169120789, 0.011418034322559834, -1.2381591796875], [0.0, 0.0, 0.0, 1.0]], [[0.9478904008865356, 0.31859320402145386, -0.0014641268644481897, -1.1402587890625], [-0.006137728691101074, 0.013666113838553429, -0.9998878240585327, 1.562021255493164], [-0.31853747367858887, 0.9477930068969727, 0.014909416437149048, -0.157470703125], [0.0, 0.0, 0.0, 1.0]], [[0.009242004714906216, 0.999938428401947, 0.006137246731668711, -0.029296875], [-0.004055970348417759, 0.006174943875521421, -0.9999726414680481, 1.5679407119750977], [-0.9999490976333618, 0.009216799400746822, 0.004112789407372475, 0.015869140625], [0.0, 0.0, 0.0, 1.0]], [[-0.9236933588981628, 0.38307833671569824, -0.0064316545613110065, 1.1123046875], [0.00012699433136731386, -0.016480905935168266, -0.9998641610145569, 1.5478363037109375], [-0.38313227891921997, -0.9235689043998718, 0.015174656175076962, -0.0626220703125], [0.0, 0.0, 0.0, 1.0]]], "view": [[0.0, -2.0, 100.0], [-2.0, 0.0, 100.0], [0.0, 0.0, 1.0]], "bev": "bev_8032e3d43f904ca18869266a8017a780.png", "aux": "aux_8032e3d43f904ca18869266a8017a780.npz", "visibility": "visibility_8032e3d43f904ca18869266a8017a780.png", "pose": [[0.7691781520843506, 0.6390343904495239, 0.0, 807.1416625976562], [-0.6390343904495239, 0.7691781520843506, 0.0, 1474.2286376953125], [0.0, 0.0, 1.0, 0.0], [0.0, 0.0, 0.0, 1.0]], "pose_inverse": [[0.7691781520843506, -0.6390343904495239, 0.0, 321.2470397949219], [0.6390343904495239, 0.7691781520843506, 0.0, -1649.7357177734375], [0.0, 0.0, 1.0, 0.0], [0.0, 0.0, 0.0, 1.0]], "cam_ids": [0, 1, 2, 3, 4, 5], "cam_channels": ["CAM_FRONT_LEFT", "CAM_FRONT", "CAM_FRONT_RIGHT", "CAM_BACK_LEFT", "CAM_BACK", "CAM_BACK_RIGHT"], "token": "8032e3d43f904ca18869266a8017a780", "scene": "scene-0241"}, {"images": ["samples/CAM_FRONT_LEFT/n008-2018-07-27-12-07-38-0400__CAM_FRONT_LEFT__1532708710354799.jpg", "samples/CAM_FRONT/n008-2018-07-27-12-07-38-0400__CAM_FRONT__1532708710362404.jpg", "samples/CAM_FRONT_RIGHT/n008-2018-07-27-12-07-38-0400__CAM_FRONT_RIGHT__1532708710370482.jpg", "samples/CAM_BACK_LEFT/n008-2018-07-27-12-07-38-0400__CAM_BACK_LEFT__1532708710397405.jpg", "samples/CAM_BACK/n008-2018-07-27-12-07-38-0400__CAM_BACK__1532708710387558.jpg", "samples/CAM_BACK_RIGHT/n008-2018-07-27-12-07-38-0400__CAM_BACK_RIGHT__1532708710378113.jpg"], "intrinsics": [[[1257.8625342125129, 0.0, 827.2410631095686], [0.0, 1257.8625342125129, 450.915498205774], [0.0, 0.0, 1.0]], [[1252.8131021185304, 0.0, 826.588114781398], [0.0, 1252.8131021185304, 469.9846626224581], [0.0, 0.0, 1.0]], [[1256.7485116440405, 0.0, 817.7887570959712], [0.0, 1256.7485116440403, 451.9541780095127], [0.0, 0.0, 1.0]], [[1254.9860565800168, 0.0, 829.5769333630991], [0.0, 1254.9860565800168, 467.1680561863987], [0.0, 0.0, 1.0]], [[796.8910634503094, 0.0, 857.7774326863696], [0.0, 796.8910634503094, 476.8848988407415], [0.0, 0.0, 1.0]], [[1249.9629280788233, 0.0, 825.3768045375984], [0.0, 1249.9629280788233, 462.54816385708756], [0.0, 0.0, 1.0]]], "extrinsics": [[[0.8228241801261902, -0.5682811737060547, 0.00413250457495451, -0.9169921875], [0.011549663729965687, 0.009451832622289658, -0.9998885989189148, 1.4895105361938477], [0.5681787729263306, 0.8227802515029907, 0.014340652152895927, -1.27392578125], [0.0, 0.0, 0.0, 1.0]], [[0.010723172686994076, -0.999928891658783, -0.0052132080309093, 0.0072021484375], [0.013471187092363834, 0.005357495974749327, -0.999894917011261, 1.4813566207885742], [0.9998517632484436, 0.010651906952261925, 0.013527678325772285, -1.64593505859375], [0.0, 0.0, 0.0, 1.0]], [[-0.8437240719795227, -0.5365288257598877, -0.016327492892742157, 1.032470703125], [0.021446119993925095, -0.0033007697202265263, -0.9997645020484924, 1.4945621490478516], [0.5363485813140869, -0.8438755869865417, 0.014291399158537388, -1.23974609375], [0.0, 0.0, 0.0, 1.0]], [[0.9478863477706909, 0.31860870122909546, 2.8612577807507478e-05, -1.13946533203125], [-0.004008109215646982, 0.012014239095151424, -0.9999197721481323, 1.5620250701904297], [-0.31858351826667786, 0.947810173034668, 0.012665150687098503, -0.15771484375], [0.0, 0.0, 0.0, 1.0]], [[0.009055606089532375, 0.9999492764472961, 0.004407890606671572, -0.02880859375], [-0.0018589816754683852, 0.004424897953867912, -0.9999884963035583, 1.5680065155029297], [-0.9999573826789856, 0.009047235362231731, 0.0018989571835845709, 0.01593017578125], [0.0, 0.0, 0.0, 1.0]], [[-0.9238004088401794, 0.3827641010284424, -0.0091931764036417, 1.11334228515625], [0.002351369010284543, -0.01833873800933361, -0.9998290538787842, 1.547943115234375], [-0.3828672170639038, -0.9236641526222229, 0.016041312366724014, -0.0628662109375], [0.0, 0.0, 0.0, 1.0]]], "view": [[0.0, -2.0, 100.0], [-2.0, 0.0, 100.0], [0.0, 0.0, 1.0]], "bev": "bev_a229d1703f844607b3e7b99caa8f565d.png", "aux": "aux_a229d1703f844607b3e7b99caa8f565d.npz", "visibility": "visibility_a229d1703f844607b3e7b99caa8f565d.png", "pose": [[0.7683334946632385, 0.6400497555732727, 0.0, 808.0498046875], [-0.6400497555732727, 0.7683334946632385, 0.0, 1473.44091796875], [0.0, 0.0, 1.0, 0.0], [0.0, 0.0, 0.0, 1.0]], "pose_inverse": [[0.7683334946632385, -0.6400497555732727, 0.0, 322.2237854003906], [0.6400497555732727, 0.7683334946632385, 0.0, -1649.2860107421875], [0.0, 0.0, 1.0, 0.0], [0.0, 0.0, 0.0, 1.0]], "cam_ids": [0, 1, 2, 3, 4, 5], "cam_channels": ["CAM_FRONT_LEFT", "CAM_FRONT", "CAM_FRONT_RIGHT", "CAM_BACK_LEFT", "CAM_BACK", "CAM_BACK_RIGHT"], "token": "a229d1703f844607b3e7b99caa8f565d", "scene": "scene-0241"}, {"images": ["samples/CAM_FRONT_LEFT/n008-2018-07-27-12-07-38-0400__CAM_FRONT_LEFT__1532708710854799.jpg", "samples/CAM_FRONT/n008-2018-07-27-12-07-38-0400__CAM_FRONT__1532708710862404.jpg", "samples/CAM_FRONT_RIGHT/n008-2018-07-27-12-07-38-0400__CAM_FRONT_RIGHT__1532708710870482.jpg", "samples/CAM_BACK_LEFT/n008-2018-07-27-12-07-38-0400__CAM_BACK_LEFT__1532708710897405.jpg", "samples/CAM_BACK/n008-2018-07-27-12-07-38-0400__CAM_BACK__1532708710887558.jpg", "samples/CAM_BACK_RIGHT/n008-2018-07-27-12-07-38-0400__CAM_BACK_RIGHT__1532708710878113.jpg"], "intrinsics": [[[1257.8625342125129, 0.0, 827.2410631095686], [0.0, 1257.8625342125129, 450.915498205774], [0.0, 0.0, 1.0]], [[1252.8131021185304, 0.0, 826.588114781398], [0.0, 1252.8131021185304, 469.9846626224581], [0.0, 0.0, 1.0]], [[1256.7485116440405, 0.0, 817.7887570959712], [0.0, 1256.7485116440403, 451.9541780095127], [0.0, 0.0, 1.0]], [[1254.9860565800168, 0.0, 829.5769333630991], [0.0, 1254.9860565800168, 467.1680561863987], [0.0, 0.0, 1.0]], [[796.8910634503094, 0.0, 857.7774326863696], [0.0, 796.8910634503094, 476.8848988407415], [0.0, 0.0, 1.0]], [[1249.9629280788233, 0.0, 825.3768045375984], [0.0, 1249.9629280788233, 462.54816385708756], [0.0, 0.0, 1.0]]], "extrinsics": [[[0.8227178454399109, -0.5684418082237244, 0.003054897068068385, -0.919189453125], [0.011115427128970623, 0.010714074596762657, -0.9998807907104492, 1.4894523620605469], [0.5683412551879883, 0.8226537704467773, 0.015133131295442581, -1.2742919921875], [0.0, 0.0, 0.0, 1.0]], [[0.010538062080740929, -0.9999238848686218, -0.006405510473996401, 0.006591796875], [0.013079741038382053, 0.006543158087879419, -0.999893069267273, 1.4812912940979004], [0.9998589158058167, 0.01045312825590372, 0.01314769871532917, -1.64849853515625], [0.0, 0.0, 0.0, 1.0]], [[-0.84380042552948, -0.5363990068435669, -0.01664000190794468, 1.03350830078125], [0.02111954800784588, -0.002208119723945856, -0.9997745156288147, 1.4945039749145508], [0.5362414121627808, -0.8439615964889526, 0.013191718608140945, -1.241455078125], [0.0, 0.0, 0.0, 1.0]], [[0.947878897190094, 0.31863054633140564, 0.00016441919433418661, -1.138641357421875], [-0.00411171093583107, 0.012747706845402718, -0.9999102354049683, 1.5620231628417969], [-0.3186040222644806, 0.9477932453155518, 0.013393400236964226, -0.1578369140625], [0.0, 0.0, 0.0, 1.0]], [[0.009087524376809597, 0.999944806098938, 0.005274787079542875, -0.0283203125], [-0.002046027919277549, 0.005293588619679213, -0.9999838471412659, 1.5680041313171387], [-0.99995666742