[{"images": ["samples/CAM_FRONT_LEFT/n008-2018-08-31-11-19-57-0400__CAM_FRONT_LEFT__1535729298404799.jpg", "samples/CAM_FRONT/n008-2018-08-31-11-19-57-0400__CAM_FRONT__1535729298412404.jpg", "samples/CAM_FRONT_RIGHT/n008-2018-08-31-11-19-57-0400__CAM_FRONT_RIGHT__1535729298420482.jpg", "samples/CAM_BACK_LEFT/n008-2018-08-31-11-19-57-0400__CAM_BACK_LEFT__1535729298447405.jpg", "samples/CAM_BACK/n008-2018-08-31-11-19-57-0400__CAM_BACK__1535729298437558.jpg", "samples/CAM_BACK_RIGHT/n008-2018-08-31-11-19-57-0400__CAM_BACK_RIGHT__1535729298428113.jpg"], "intrinsics": [[[1257.8625342125129, 0.0, 827.2410631095686], [0.0, 1257.8625342125129, 450.915498205774], [0.0, 0.0, 1.0]], [[1252.8131021185304, 0.0, 826.588114781398], [0.0, 1252.8131021185304, 469.9846626224581], [0.0, 0.0, 1.0]], [[1256.7485116440405, 0.0, 817.7887570959712], [0.0, 1256.7485116440403, 451.9541780095127], [0.0, 0.0, 1.0]], [[1254.9860565800168, 0.0, 829.5769333630991], [0.0, 1254.9860565800168, 467.1680561863987], [0.0, 0.0, 1.0]], [[796.8910634503094, 0.0, 857.7774326863696], [0.0, 796.8910634503094, 476.8848988407415], [0.0, 0.0, 1.0]], [[1249.9629280788233, 0.0, 825.3768045375984], [0.0, 1249.9629280788233, 462.54816385708756], [0.0, 0.0, 1.0]]], "extrinsics": [[[0.8227259516716003, -0.5683389902114868, -0.010624806396663189, -0.7432861328125], [0.004547307267785072, 0.025270996615290642, -0.9996702671051025, 1.4897003173828125], [0.5684200525283813, 0.8224063515663147, 0.02337551675736904, -1.15423583984375], [0.0, 0.0, 0.0, 1.0]], [[0.010409911163151264, -0.9997246861457825, -0.021023109555244446, 0.0089111328125], [0.006597274914383888, 0.021092455834150314, -0.9997557997703552, 1.4818572998046875], [0.9999240636825562, 0.010268716141581535, 0.006815030239522457, -1.475830078125], [0.0, 0.0, 0.0, 1.0]], [[-0.8439467549324036, -0.5360890626907349, -0.01903592422604561, 0.924407958984375], [0.014717410318553448, 0.0123332180082798, -0.9998155832290649, 1.4959716796875], [0.5362250208854675, -0.8440713286399841, -0.0025187351275235415, -1.1715087890625], [0.0, 0.0, 0.0, 1.0]], [[0.9478996992111206, 0.31856635212898254, -0.0012622859794646502, -1.1517715454101562], [-0.010504646226763725, 0.027296051383018494, -0.999572217464447, 1.5621337890625], [-0.3183956444263458, 0.9475074410438538, 0.029220346361398697, -0.153564453125], [0.0, 0.0, 0.0, 1.0]], [[0.009229128248989582, 0.9997618794441223, 0.019773349165916443, -0.0283203125], [-0.008467852137982845, 0.019851621240377426, -0.9997670650482178, 1.5674934387207031], [-0.9999215006828308, 0.009059621952474117, 0.008649050258100033, -0.02252197265625], [0.0, 0.0, 0.0, 1.0]], [[-0.9237653017044067, 0.382948100566864, 0.00289738061837852, 1.0322265625], [-0.004293408244848251, -0.0027908729389309883, -0.9999868869781494, 1.547216773033142], [-0.3829349875450134, -0.9237655997276306, 0.004222264979034662, -0.0966796875], [0.0, 0.0, 0.0, 1.0]]], "view": [[0.0, -2.0, 100.0], [-2.0, 0.0, 100.0], [0.0, 0.0, 1.0]], "bev": "bev_49ecae0c10774aaa80d27bd32faee705.png", "aux": "aux_49ecae0c10774aaa80d27bd32faee705.npz", "visibility": "visibility_49ecae0c10774aaa80d27bd32faee705.png", "pose": [[0.7414748668670654, 0.6709806323051453, 0.0, 647.0420532226562], [-0.6709806323051453, 0.7414748668670654, 0.0, 1612.2274169921875], [0.0, 0.0, 1.0, 0.0], [0.0, 0.0, 0.0, 1.0]], "pose_inverse": [[0.7414748668670654, -0.6709806323051453, 0.0, 602.0079345703125], [0.6709806323051453, 0.7414748668670654, 0.0, -1629.578857421875], [0.0, 0.0, 1.0, 0.0], [0.0, 0.0, 0.0, 1.0]], "cam_ids": [0, 1, 2, 3, 4, 5], "cam_channels": ["CAM_FRONT_LEFT", "CAM_FRONT", "CAM_FRONT_RIGHT", "CAM_BACK_LEFT", "CAM_BACK", "CAM_BACK_RIGHT"], "token": "49ecae0c10774aaa80d27bd32faee705", "scene": "scene-0300"}, {"images": ["samples/CAM_FRONT_LEFT/n008-2018-08-31-11-19-57-0400__CAM_FRONT_LEFT__1535729298854799.jpg", "samples/CAM_FRONT/n008-2018-08-31-11-19-57-0400__CAM_FRONT__1535729298862404.jpg", "samples/CAM_FRONT_RIGHT/n008-2018-08-31-11-19-57-0400__CAM_FRONT_RIGHT__1535729298870482.jpg", "samples/CAM_BACK_LEFT/n008-2018-08-31-11-19-57-0400__CAM_BACK_LEFT__1535729298897405.jpg", "samples/CAM_BACK/n008-2018-08-31-11-19-57-0400__CAM_BACK__1535729298887558.jpg", "samples/CAM_BACK_RIGHT/n008-2018-08-31-11-19-57-0400__CAM_BACK_RIGHT__1535729298878113.jpg"], "intrinsics": [[[1257.8625342125129, 0.0, 827.2410631095686], [0.0, 1257.8625342125129, 450.915498205774], [0.0, 0.0, 1.0]], [[1252.8131021185304, 0.0, 826.588114781398], [0.0, 1252.8131021185304, 469.9846626224581], [0.0, 0.0, 1.0]], [[1256.7485116440405, 0.0, 817.7887570959712], [0.0, 1256.7485116440403, 451.9541780095127], [0.0, 0.0, 1.0]], [[1254.9860565800168, 0.0, 829.5769333630991], [0.0, 1254.9860565800168, 467.1680561863987], [0.0, 0.0, 1.0]], [[796.8910634503094, 0.0, 857.7774326863696], [0.0, 796.8910634503094, 476.8848988407415], [0.0, 0.0, 1.0]], [[1249.9629280788233, 0.0, 825.3768045375984], [0.0, 1249.9629280788233, 462.54816385708756], [0.0, 0.0, 1.0]]], "extrinsics": [[[0.822547972202301, -0.5685263872146606, -0.013884441927075386, -0.733154296875], [0.00502610020339489, 0.031681038439273834, -0.9994853734970093, 1.4898414611816406], [0.5686736702919006, 0.8220548629760742, 0.02891664206981659, -1.14923095703125], [0.0, 0.0, 0.0, 1.0]], [[0.010254009626805782, -0.9995663166046143, -0.02760690450668335, 0.0107421875], [0.006996433716267347, 0.027679400518536568, -0.9995923638343811, 1.4819717407226562], [0.999923050403595, 0.010056738741695881, 0.00727722467854619, -1.46612548828125], [0.0, 0.0, 0.0, 1.0]], [[-0.8439957499504089, -0.5358572006225586, -0.022982629016041756, 0.918701171875], [0.015102284960448742, 0.01909007877111435, -0.9997037053108215, 1.4961299896240234], [0.5361372232437134, -0.844092845916748, -0.00801927875727415, -1.166015625], [0.0, 0.0, 0.0, 1.0]], [[0.9478968381881714, 0.31857508420944214, 0.00128601910546422, -1.1471443176269531], [-0.01025600265711546, 0.03455014526844025, -0.999350368976593, 1.5620803833007812], [-0.31841257214546204, 0.9472678303718567, 0.0360172800719738, -0.15478515625], [0.0, 0.0, 0.0, 1.0]], [[0.009271396324038506, 0.9995964169502258, 0.02685508131980896, -0.02880859375], [-0.008175383321940899, 0.02693111076951027, -0.999603807926178, 1.5674476623535156], [-0.9999237060546875, 0.009048224426805973, 0.00842177402228117, -0.0283203125], [0.0, 0.0, 0.0, 1.0]], [[-0.923734188079834, 0.3829975426197052, 0.005301043391227722, 1.025634765625], [-0.004027049522846937, 0.004128048196434975, -0.9999833703041077, 1.5472197532653809], [-0.3830130398273468, -0.9237401485443115, -0.002270869445055723, -0.0980224609375], [0.0, 0.0, 0.0, 1.0]]], "view": [[0.0, -2.0, 100.0], [-2.0, 0.0, 100.0], [0.0, 0.0, 1.0]], "bev": "bev_81e2cb4aec7247bfaeaaa990edf96f26.png", "aux": "aux_81e2cb4aec7247bfaeaaa990edf96f26.npz", "visibility": "visibility_81e2cb4aec7247bfaeaaa990edf96f26.png", "pose": [[0.7407762408256531, 0.6717519164085388, 0.0, 649.6102905273438], [-0.6717519164085388, 0.7407762408256531, 0.0, 1609.857421875], [0.0, 0.0, 1.0, 0.0], [0.0, 0.0, 0.0, 1.0]], "pose_inverse": [[0.7407762408256531, -0.6717519164085388, 0.0, 600.2089233398438], [0.6717519164085388, 0.7407762408256531, 0.0, -1628.9210205078125], [0.0, 0.0, 1.0, 0.0], [0.0, 0.0, 0.0, 1.0]], "cam_ids": [0, 1, 2, 3, 4, 5], "cam_channels": ["CAM_FRONT_LEFT", "CAM_FRONT", "CAM_FRONT_RIGHT", "CAM_BACK_LEFT", "CAM_BACK", "CAM_BACK_RIGHT"], "token": "81e2cb4aec7247bfaeaaa990edf96f26", "scene": "scene-0300"}, {"images": ["samples/CAM_FRONT_LEFT/n008-2018-08-31-11-19-57-0400__CAM_FRONT_LEFT__1535729299354799.jpg", "samples/CAM_FRONT/n008-2018-08-31-11-19-57-0400__CAM_FRONT__1535729299362404.jpg", "samples/CAM_FRONT_RIGHT/n008-2018-08-31-11-19-57-0400__CAM_FRONT_RIGHT__1535729299370482.jpg", "samples/CAM_BACK_LEFT/n008-2018-08-31-11-19-57-0400__CAM_BACK_LEFT__1535729299397405.jpg", "samples/CAM_BACK/n008-2018-08-31-11-19-57-0400__CAM_BACK__1535729299387558.jpg", "samples/CAM_BACK_RIGHT/n008-2018-08-31-11-19-57-0400__CAM_BACK_RIGHT__1535729299378113.jpg"], "intrinsics": [[[1257.8625342125129, 0.0, 827.2410631095686], [0.0, 1257.8625342125129, 450.915498205774], [0.0, 0.0, 1.0]], [[1252.8131021185304, 0.0, 826.588114781398], [0.0, 1252.8131021185304, 469.9846626224581], [0.0, 0.0, 1.0]], [[1256.7485116440405, 0.0, 817.7887570959712], [0.0, 1256.7485116440403, 451.9541780095127], [0.0, 0.0, 1.0]], [[1254.9860565800168, 0.0, 829.5769333630991], [0.0, 1254.9860565800168, 467.1680561863987], [0.0, 0.0, 1.0]], [[796.8910634503094, 0.0, 857.7774326863696], [0.0, 796.8910634503094, 476.8848988407415], [0.0, 0.0, 1.0]], [[1249.9629280788233, 0.0, 825.3768045375984], [0.0, 1249.9629280788233, 462.54816385708756], [0.0, 0.0, 1.0]]], "extrinsics": [[[0.8220941424369812, -0.5689467787742615, -0.0214704517275095, -0.728515625], [0.0034618284553289413, 0.04270467907190323, -0.9990817308425903, 1.4892807006835938], [0.5693411827087402, 0.8212648630142212, 0.037076860666275024, -1.14666748046875], [0.0, 0.0, 0.0, 1.0]], [[0.009523673914372921, -0.9992101192474365, -0.038580164313316345, 0.0113525390625], [0.005318817682564259, 0.03863198682665825, -0.9992393255233765, 1.4814949035644531], [0.9999405145645142, 0.009311288595199585, 0.005682535003870726, -1.4599609375], [0.0, 0.0, 0.0, 1.0]], [[-0.8443625569343567, -0.5350810289382935, -0.02720683440566063, 0.91278076171875], [0.013209735974669456, 0.029973836615681648, -0.9994633793830872, 1.4958000183105469], [0.5356093645095825, -0.8442688584327698, -0.018240509554743767, -1.1619873046875], [0.0, 0.0, 0.0, 1.0]], [[0.9479284286499023, 0.31847092509269714, 0.0028180296067148447, -1.1445236206054688], [-0.012229162268340588, 0.04523899778723717, -0.9989013671875, 1.5620498657226562], [-0.3182484805583954, 0.9468525052070618, 0.046777959913015366, -0.1558837890625], [0.0, 0.0, 0.0, 1.0]], [[0.00962089654058218, 0.9992470741271973, 0.0375862643122673, -0.02880859375], [-0.010028334334492683, 0.03768252953886986, -0.9992393851280212, 1.5672531127929688], [-0.9999035596847534, 0.009236671961843967, 0.010383324697613716, -0.0330810546875], [0.0, 0.0, 0.0, 1.0]], [[-0.9235369563102722, 0.3833485245704651, 0.011110275983810425, 1.01953125], [-0.005824992433190346, 0.01494528166949749, -0.9998713135719299, 1.5468978881835938], [-0.3834652006626129, -0.9234828352928162, -0.01156951766461134, -0.1007080078125], [0.0, 0.0, 0.0, 1.0]]], "view": [[0.0, -2.0, 100.0], [-2.0, 0.0, 100.0], [0.0, 0.0, 1.0]], "bev": "bev_48af3ba5ae854621a3f8ed960c1725ab.png", "aux": "aux_48af3ba5ae854621a3f8ed960c1725ab.npz", "visibility": "visibility_48af3ba5ae854621a3f8ed960c1725ab.png", "pose": [[0.7431998252868652, 0.6690695285797119, 0.0, 652.4759521484375], [-0.6690695285797119, 0.7431998252868652, 0.0, 1607.213623046875], [0.0, 0.0, 1.0, 0.0], [0.0, 0.0, 0.0, 1.0]], "pose_inverse": [[0.7431998252868652, -0.6690695285797119, 0.0, 590.4176025390625], [0.6690695285797119, 0.7431998252868652, 0.0, -1631.03271484375], [0.0, 0.0, 1.0, 0.0], [0.0, 0.0, 0.0, 1.0]], "cam_ids": [0, 1, 2, 3, 4, 5], "cam_channels": ["CAM_FRONT_LEFT", "CAM_FRONT", "CAM_FRONT_RIGHT", "CAM_BACK_LEFT", "CAM_BACK", "CAM_BACK_RIGHT"], "token": "48af3ba5ae854621a3f8ed960c1725ab", "scene": "scene-0300"}, {"images": ["samples/CAM_FRONT_LEFT/n008-2018-08-31-11-19-57-0400__CAM_FRONT_LEFT__1535729299854799.jpg", "samples/CAM_FRONT/n008-2018-08-31-11-19-57-0400__CAM_FRONT__1535729299862404.jpg", "samples/CAM_FRONT_RIGHT/n008-2018-08-31-11-19-57-0400__CAM_FRONT_RIGHT__1535729299870482.jpg", "samples/CAM_BACK_LEFT/n008-2018-08-31-11-19-57-0400__CAM_BACK_LEFT__1535729299897405.jpg", "samples/CAM_BACK/n008-2018-08-31-11-19-57-0400__CAM_BACK__1535729299887558.jpg", "samples/CAM_BACK_RIGHT/n008-2018-08-31-11-19-57-0400__CAM_BACK_RIGHT__1535729299878113.jpg"], "intrinsics": [[[1257.8625342125129, 0.0, 827.2410631095686], [0.0, 1257.8625342125129, 450.915498205774], [0.0, 0.0, 1.0]], [[1252.8131021185304, 0.0, 826.588114781398], [0.0, 1252.8131021185304, 469.9846626224581], [0.0, 0.0, 1.0]], [[1256.7485116440405, 0.0, 817.7887570959712], [0.0, 1256.7485116440403, 451.9541780095127], [0.0, 0.0, 1.0]], [[1254.9860565800168, 0.0, 829.5769333630991], [0.0, 1254.9860565800168, 467.1680561863987], [0.0, 0.0, 1.0]], [[796.8910634503094, 0.0, 857.7774326863696], [0.0, 796.8910634503094, 476.8848988407415], [0.0, 0.0, 1.0]], [[1249.9629280788233, 0.0, 825.3768045375984], [0.0, 1249.9629280788233, 462.54816385708756], [0.0, 0.0, 1.0]]], "extrinsics": [[[0.8218835592269897, -0.5692364573478699, -0.021848110482096672, -0.72119140625], [0.004682331811636686, 0.04510246589779854, -0.9989714026451111, 1.4897079467773438], [0.5696364045143127, 0.820935845375061, 0.03973433002829552, -1.14178466796875], [0.0, 0.0, 0.0, 1.0]], [[0.009235494770109653, -0.9991230368614197, -0.040840815752744675, 0.010986328125], [0.006873823702335358, 0.040905024856328964, -0.9991394281387329, 1.481964111328125], [0.9999337196350098, 0.008946798741817474, 0.007245571352541447, -1.45318603515625], [0.0, 0.0, 0.0, 1.0]], [[-0.8444575071334839, -0.534783124923706, -0.029975440353155136, 0.908447265625], [0.015128928236663342, 0.03212666139006615, -0.9993692636489868, 1.4962844848632812], [0.5354089140892029, -0.8443784713745117, -0.019038908183574677, -1.15966796875], [0.0, 0.0, 0.0, 1.0]], [[0.9479480981826782, 0.3183664083480835, 0.006099788937717676, -1.137014389038086], [-0.009383617900311947, 0.04707764461636543, -0.9988471865653992, 1.5619735717773438], [-0.31828656792640686, 0.9467980265617371, 0.04761459678411484, -0.158447265625], [0.0, 0.0, 0.0, 1.0]], [[0.009683826938271523, 0.9991700649261475, 0.039565734565258026, -0.028564453125], [-0.007557196542620659, 0.039639588445425034, -0.9991854429244995, 1.5673980712890625], [-0.9999245405197144, 0.0093769496306777, 0.007934785448014736, -0.0394287109375], [0.0, 0.0, 0.0, 1.0]], [[-0.9234753251075745, 0.38352882862091064, 0.00994106475263834, 1.0150146484375], [-0.003697987413033843, 0.01701190508902073, -0.9998484253883362, 1.5472049713134766], [-0.3836398720741272, -0.9233721494674683, -0.014291790314018726, -0.102783203125], [0.0, 0.0, 0.0, 1.0]]], "view": [[0.0, -2.0, 100.0], [-2.0, 0.0, 100.0], [0.0, 0.0, 1.0]], "bev": "bev_4f8f946747674526b5218cbc8bf4fbe8.png", "aux": "aux_4f8f946747674526b5218cbc8bf4fbe8.npz", "visibility": "visibility_4f8f946747674526b5218cbc8bf4fbe8.png", "pose": [[0.7485641837120056, 0.663062334060669, 0.0, 655.412841796875], [-0.663062334060669, 0.7485641837120056, 0.0, 1604.521484375], [0.0, 0.0, 1.0, 0.0], [0.0, 0.0, 0.0, 1.0]], "pose_inverse": [[0.7485641837120056, -0.663062334060669, 0.0, 573.2791137695312], [0.663062334060669, 0.7485641837120056, 0.0, -1635.6668701171875], [0.0, 0.0, 1.0, 0.0], [0.0, 0.0, 0.0, 1.0]], "cam_ids": [0, 1, 2, 3, 4, 5], "cam_channels": ["CAM_FRONT_LEFT", "CAM_FRONT", "CAM_FRONT_RIGHT", "CAM_BACK_LEFT", "CAM_BACK", "CAM_BACK_RIGHT"], "token": "4f8f946747674526b5218cbc8bf4fbe8", "scene": "scene-0300"}, {"images": ["samples/CAM_FRONT_LEFT/n008-2018-08-31-11-19-57-0400__CAM_FRONT_LEFT__1535729300354799.jpg", "samples/CAM_FRONT/n008-2018-08-31-11-19-57-0400__CAM_FRONT__1535729300362404.jpg", "samples/CAM_FRONT_RIGHT/n008-2018-08-31-11-19-57-0400__CAM_FRONT_RIGHT__1535729300370483.jpg", "samples/CAM_BACK_LEFT/n008-2018-08-31-11-19-57-0400__CAM_BACK_LEFT__1535729300397405.jpg", "samples/CAM_BACK/n008-2018-08-31-11-19-57-0400__CAM_BACK__1535729300387558.jpg", "samples/CAM_BACK_RIGHT/n008-2018-08-31-11-19-57-0400__CAM_BACK_RIGHT__1535729300378113.jpg"], "intrinsics": [[[1257.8625342125129, 0.0, 827.2410631095686], [0.0, 1257.8625342125129, 450.915498205774], [0.0, 0.0, 1.0]], [[1252.8131021185304, 0.0, 826.588114781398], [0.0, 1252.8131021185304, 469.9846626224581], [0.0, 0.0, 1.0]], [[1256.7485116440405, 0.0, 817.7887570959712], [0.0, 1256.7485116440403, 451.9541780095127], [0.0, 0.0, 1.0]], [[1254.9860565800168, 0.0, 829.5769333630991], [0.0, 1254.9860565800168, 467.1680561863987], [0.0, 0.0, 1.0]], [[796.8910634503094, 0.0, 857.7774326863696], [0.0, 796.8910634503094, 476.8848988407415], [0.0, 0.0, 1.0]], [[1249.9629280788233, 0.0, 825.3768045375984], [0.0, 1249.9629280788233, 462.54816385708756], [0.0, 0.0, 1.0]]], "extrinsics": [[[0.8223340511322021, -0.568676233291626, -0.019339362159371376, -0.7213134765625], [0.007078458555042744, 0.04420937970280647, -0.9989972114562988, 1.4904861450195312], [0.5689610242843628, 0.8213725686073303, 0.04038022831082344, -1.1434326171875], [0.0, 0.0, 0.0, 1.0]], [[0.009954134002327919, -0.9991464018821716, -0.040091030299663544, 0.0125732421875], [0.00917990691959858, 0.04018263518810272, -0.9991502165794373, 1.4825706481933594], [0.9999082684516907, 0.009577631019055843, 0.00957205519080162, -1.4527587890625], [0.0, 0.0, 0.0, 1.0]], [[-0.8440983891487122, -0.5352567434310913, -0.03159404173493385, 0.90765380859375], [0.017378536984324455, 0.031581684947013855, -0.9993500709533691, 1.49676513671875], [0.5359066724777222, -0.8440988063812256, -0.01735607348382473, -1.1572265625], [0.0, 0.0, 0.0, 1.0]], [[0.9479372501373291, 0.31835222244262695, 0.008166600950062275, -1.1377859115600586], [-0.007197692524641752, 0.04705575108528137, -0.9988663196563721, 1.5619888305664062], [-0.3183756172657013, 0.946803867816925, 0.04689730331301689, -0.158447265625], [0.0, 0.0, 0.0, 1.0]], [[0.009397154673933983, 0.9991795420646667, 0.03939511254429817, -0.0294189453125], [-0.005402678623795509, 0.039447009563446045, -0.9992070198059082, 1.5675506591796875], [-0.9999412894248962, 0.009176833555102348, 0.005768938455730677, -0.04010009765625], [0.0, 0.0, 0.0, 1.0]], [[-0.9236505031585693, 0.38315683603286743, 0.0077820150181651115, 1.0128173828125], [-0.001526723033748567, 0.016627060249447823, -0.9998605847358704, 1.5475215911865234], [-0.3832327425479889, -0.9235336184501648, -0.014772620052099228, -0.10205078125], [0.0, 0.0, 0.0, 1.0]]], "view": [[0.0, -2.0, 100.0], [-2.0, 0.0, 100.0], [0.0, 0.0, 1.0]], "bev": "bev_6da629e8551348caae011c096016ad19.png", "aux": "aux_6da629e8551348caae011c096016ad19.npz", "visibility": "visibility_6da629e8551348caae011c096016ad19.png", "pose": [[0.7522439360618591, 0.6588847041130066, 0.0, 658.3134155273438], [-0.6588847041130066, 0.7522439360618591, 0.0, 1601.89697265625], [0.0, 0.0, 1.0, 0.0], [0.0, 0.0, 0.0, 1.0]], "pose_inverse": [[0.7522439360618591, -0.6588847041130066, 0.0, 560.2531127929688], [0.6588847041130066, 0.7522439360618591, 0.0, -1638.7698974609375], [0.0, 0.0, 1.0, 0.0], [0.0, 0.0, 0.0, 1.0]], "cam_ids": [0, 1, 2, 3, 4, 5], "cam_channels": ["CAM_FRONT_LEFT", "CAM_FRONT", "CAM_FRONT_RIGHT", "CAM_BACK_LEFT", "CAM_BACK", "CAM_BACK_RIGHT"], "token": "6da629e8551348caae011c096016ad19", "scene": "scene-0300"}, {"images": ["samples/CAM_FRONT_LEFT/n008-2018-08-31-11-19-57-0400__CAM_FRONT_LEFT__1535729300854799.jpg", "samples/CAM_FRONT/n008-2018-08-31-11-19-57-0400__CAM_FRONT__1535729300862404.jpg", "samples/CAM_FRONT_RIGHT/n008-2018-08-31-11-19-57-0400__CAM_FRONT_RIGHT__1535729300870482.jpg", "samples/CAM_BACK_LEFT/n008-2018-08-31-11-19-57-0400__CAM_BACK_LEFT__1535729300897405.jpg", "samples/CAM_BACK/n008-2018-08-31-11-19-57-0400__CAM_BACK__1535729300887558.jpg", "samples/CAM_BACK_RIGHT/n008-2018-08-31-11-19-57-0400__CAM_BACK_RIGHT__1535729300878113.jpg"], "intrinsics": [[[1257.8625342125129, 0.0, 827.2410631095686], [0.0, 1257.8625342125129, 450.915498205774], [0.0, 0.0, 1.0]], [[1252.8131021185304, 0.0, 826.588114781398], [0.0, 1252.8131021185304, 469.9846626224581], [0.0, 0.0, 1.0]], [[1256.7485116440405, 0.0, 817.7887570959712], [0.0, 1256.7485116440403, 451.9541780095127], [0.0, 0.0, 1.0]], [[1254.9860565800168, 0.0, 829.5769333630991], [0.0, 1254.9860565800168, 467.1680561863987], [0.0, 0.0, 1.0]], [[796.8910634503094, 0.0, 857.7774326863696], [0.0, 796.8910634503094, 476.8848988407415], [0.0, 0.0, 1.0]], [[1249.9629280788233, 0.0, 825.3768045375984], [0.0, 1249.9629280788233, 462.54816385708756], [0.0, 0.0, 1.0]]], "extrinsics": [[[0.8220085501670837, -0.5693516135215759, -0.011865170672535896, -0.724609375], [0.015071597881615162, 0.042578332126140594, -0.9989794492721558, 1.4933738708496094], [0.5692757368087769, 0.820990800857544, 0.0435807891190052, -1.1405029296875], [0.0, 0.0, 0.0, 1.0]], [[0.009576789103448391, -0.9992254376411438, -0.038168419152498245, 0.00927734375], [0.01709430292248726, 0.03832818940281868, -0.999118983745575, 1.4849319458007812], [0.9998080134391785, 0.00891592726111412, 0.017448123544454575, -1.45343017578125], [0.0, 0.0, 0.0, 1.0]], [[-0.84413743019104, -0.534841775894165, -0.037097375839948654, 0.90667724609375], [0.02523728273808956, 0.029477311298251152, -0.9992467761039734, 1.498565673828125], [0.535532534122467, -0.8444378972053528, -0.011384948156774044, -1.159912109375], [0.0, 0.0, 0.0, 1.0]], [[0.947888970375061, 0.3182971477508545, 0.013909030705690384, -1.1348278522491455], [-0.0001276340044569224, 0.044035956263542175, -0.9990299344062805, 1.562042236328125], [-0.3186008334159851, 0.9469676613807678, 0.041781824082136154, -0.1591796875], [0.0, 0.0, 0.0, 1.0]], [[0.009382704272866249, 0.9992805123329163, 0.03674852102994919, -0.0283203125], [0.002041443018242717, 0.036730919033288956, -0.9993230700492859, 1.5682258605957031], [-0.9999539852142334, 0.009451339021325111, -0.001695339335128665, -0.041748046875], [0.0, 0.0, 0.0, 1.0]], [[-0.923507571220398, 0.3835799992084503, -0.00016992070595733821, 1.0133056640625], [0.006106218788772821, 0.014258405193686485, -0.9998797178268433, 1.5487785339355469], [-0.38353145122528076, -0.9233974814414978, -0.015509966760873795, -0.104248046875], [0.0, 0.0, 0.0, 1.0]]], "view": [[0.0, -2.0, 100.0], [-2.0, 0.0, 100.0], [0.0, 0.0, 1.0]], "bev": "bev_d2e39d907cb34653981662fd1265340b.png", "aux": "aux_d2e39d907cb34653981662fd1265340b.npz", "visibility": "visibility_d2e39d907cb34653981662fd1265340b.png", "pose": [[0.7547573447227478, 0.6560040712356567, 0.0, 661.1770629882812], [-0.6560040712356567, 0.7547573447227478, 0.0, 1599.3236083984375], [0.0, 0.0, 1.0, 0.0], [0.0, 0.0, 0.0, 1.0]], "pose_inverse": [[0.7547573447227478, -0.6560040712356567, 0.0, 550.1345825195312], [0.6560040712356567, 0.7547573447227478, 0.0, -1640.8360595703125], [0.0, 0.0, 1.0, 0.0], [0.0, 0.0, 0.0, 1.0]], "cam_ids": [0, 1, 2, 3, 4, 5], "cam_channels": ["CAM_FRONT_LEFT", "CAM_FRONT", "CAM_FRONT_RIGHT", "CAM_BACK_LEFT", "CAM_BACK", "CAM_BACK_RIGHT"], "token": "d2e39d907cb34653981662fd1265340b", "scene": "scene-0300"}, {"images": ["samples/CAM_FRONT_LEFT/n008-2018-08-31-11-19-57-0400__CAM_FRONT_LEFT__1535729301354799.jpg", "samples/CAM_FRONT/n008-2018-08-31-11-19-57-0400__CAM_FRONT__1535729301362404.jpg", "samples/CAM_FRONT_RIGHT/n008-2018-08-31-11-19-57-0400__CAM_FRONT_RIGHT__1535729301370482.jpg", "samples/CAM_BACK_LEFT/n008-2018-08-31-11-19-57-0400__CAM_BACK_LEFT__1535729301397405.jpg", "samples/CAM_BACK/n008-2018-08-31-11-19-57-0400__CAM_BACK__1535729301387558.jpg", "samples/CAM_BACK_RIGHT/n008-2018-08-31-11-19-57-0400__CAM_BACK_RIGHT__1535729301378113.jpg"], "intrinsics": [[[1257.8625342125129, 0.0, 827.2410631095686], [0.0, 1257.8625342125129, 450.915498205774], [0.0, 0.0, 1.0]], [[1252.8131021185304, 0.0, 826.588114781398], [0.0, 1252.8131021185304, 469.9846626224581], [0.0, 0.0, 1.0]], [[1256.7485116440405, 0.0, 817.7887570959712], [0.0, 1256.7485116440403, 451.9541780095127], [0.0, 0.0, 1.0]], [[1254.9860565800168, 0.0, 829.5769333630991], [0.0, 1254.9860565800168, 467.1680561863987], [0.0, 0.0, 1.0]], [[796.8910634503094, 0.0, 857.7774326863696], [0.0, 796.8910634503094, 476.8848988407415], [0.0, 0.0, 1.0]], [[1249.9629280788233, 0.0, 825.3768045375984], [0.0, 1249.9629280788233, 462.54816385708756], [0.0, 0.0, 1.0]]], "extrinsics": [[[0.8222793340682983, -0.5688996911048889, -0.014485296793282032, -0.7203369140625], [0.009034154936671257, 0.038499873131513596, -0.9992178082466125, 1.4912528991699219], [0.5690123438835144, 0.8215053677558899, 0.0367971807718277, -1.1407470703125], [0.0, 0.0, 0.0, 1.0]], [[0.009890272282063961, -0.999363899230957, -0.034263964742422104, 0.0111083984375], [0.011053312569856644, 0.034372810274362564, -0.999347984790802, 1.4832115173339844], [0.9998899698257446, 0.009505040943622589, 0.011386237107217312, -1.45013427734375], [0.0, 0.0, 0.0, 1.0]], [[-0.8441042900085449, -0.5353450179100037, -0.029894230887293816, 0.904449462890625], [0.019131220877170563, 0.025647347792983055, -0.9994879364967346, 1.4972572326660156], [0.5358375906944275, -0.8442440032958984, -0.011407236568629742, -1.1566162109375], [0.0, 0.0, 0.0, 1.0]], [[0.9479131102561951, 0.31844958662986755, 0.007124660536646843, -1.1356148719787598], [-0.006147459615021944, 0.04065287485718727, -0.9991543889045715, 1.561981201171875], [-0.31846994161605835, 0.9470676779747009, 0.04049304500222206, -0.1590576171875], [0.0, 0.0, 0.0, 1.0]], [[0.009360013529658318, 0.9994058609008789, 0.03317223861813545, -0.0289306640625], [-0.004021602217108011, 0.03321104496717453, -0.9994401931762695, 1.5676803588867188], [-0.9999480843544006, 0.009221336804330349, 0.004330068826675415, -0.0426025390625], [0.0, 0.0, 0.0, 1.0]], [[-0.9236314296722412, 0.3832615911960602, 0.003925000783056021, 1.010498046875], [0.0001296527625527233, 0.010552933439612389, -0.9999443292617798, 1.547811508178711], [-0.3832815885543823, -0.9235795140266418, -0.00979671161621809, -0.1041259765625], [0.0, 0.0, 0.0, 1.0]]], "view": [[0.0, -2.0, 100.0], [-2.0, 0.0, 100.0], [0.0, 0.0, 1.0]], "bev": "bev_d04e6b755dcb49e8a83470f15c8c97ed.png", "aux": "aux_d04e6b755dcb49e8a83470f15c8c97ed.npz", "visibility": "visibility_d04e6b755dcb49e8a83470f15c8c97ed.png", "pose": [[0.7553967237472534, 0.6552677154541016, 0.0, 664.0950927734375], [-0.6552677154541016, 0.7553967237472534, 0.0, 1596.7469482421875], [0.0, 0.0, 1.0, 0.0], [0.0, 0.0, 0.0, 1.0]], "pose_inverse": [[0.7553967237472534, -0.6552677154541016, 0.0, 544.6414184570312], [0.6552677154541016, 0.7553967237472534, 0.0, -1641.3375244140625], [0.0, 0.0, 1.0, 0.0], [0.0, 0.0, 0.0, 1.0]], "cam_ids": [0, 1, 2, 3, 4, 5], "cam_channels": ["CAM_FRONT_LEFT", "CAM_FRONT", "CAM_FRONT_RIGHT", "CAM_BACK_LEFT", "CAM_BACK", "CAM_BACK_RIGHT"], "token": "d04e6b755dcb49e8a83470f15c8c97ed", "scene": "scene-0300"}, {"images": ["samples/CAM_FRONT_LEFT/n008-2018-08-31-11-19-57-0400__CAM_FRONT_LEFT__1535729301854799.jpg", "samples/CAM_FRONT/n008-2018-08-31-11-19-57-0400__CAM_FRONT__1535729301862404.jpg", "samples/CAM_FRONT_RIGHT/n008-2018-08-31-11-19-57-0400__CAM_FRONT_RIGHT__1535729301870482.jpg", "samples/CAM_BACK_LEFT/n008-2018-08-31-11-19-57-0400__CAM_BACK_LEFT__1535729301897405.jpg", "samples/CAM_BACK/n008-2018-08-31-11-19-57-0400__CAM_BACK__1535729301887558.jpg", "samples/CAM_BACK_RIGHT/n008-2018-08-31-11-19-57-0400__CAM_BACK_RIGHT__1535729301878113.jpg"], "intrinsics": [[[1257.8625342125129, 0.0, 827.2410631095686], [0.0, 1257.8625342125129, 450.915498205774], [0.0, 0.0, 1.0]], [[1252.8131021185304, 0.0, 826.588114781398], [0.0, 1252.8131021185304, 469.9846626224581], [0.0, 0.0, 1.0]], [[1256.7485116440405, 0.0, 817.7887570959712], [0.0, 1256.7485116440403, 451.9541780095127], [0.0, 0.0, 1.0]], [[1254.9860565800168, 0.0, 829.5769333630991], [0.0, 1254.9860565800168, 467.1680561863987], [0.0, 0.0, 1.0]], [[796.8910634503094, 0.0, 857.7774326863696], [0.0, 796.8910634503094, 476.8848988407415], [0.0, 0.0, 1.0]], [[1249.9629280788233, 0.0, 825.3768045375984], [0.0, 1249.9629280788233, 462.54816385708756], [0.0, 0.0, 1.0]]], "extrinsics": [[[0.822668194770813, -0.5683486461639404, -0.01403143908828497, -0.716796875], [0.008536895737051964, 0.037027161568403244, -0.9992778301239014, 1.4911270141601562], [0.5684577226638794, 0.8219543099403381, 0.03531300276517868, -1.138671875], [0.0, 0.0, 0.0, 1.0]], [[0.010436267592012882, -0.9994059801101685, -0.03284463658928871, 0.0113525390625], [0.010545146651566029, 0.03295459970831871, -0.9994012713432312, 1.4830970764160156], [0.9998899698257446, 0.010083610191941261, 0.010882803238928318, -1.447021484375], [0.0, 0.0, 0.0, 1.0]], [[-0.8438931703567505, -0.5357409715652466, -0.02873872220516205, 0.90289306640625], [0.018622055649757385, 0.024284565821290016, -0.9995315670967102, 1.4971885681152344], [0.536188006401062, -0.8440331816673279, -0.010516982525587082, -1.1556396484375], [0.0, 0.0, 0.0, 1.0]], [[0.9478957056999207, 0.31852102279663086, 0.006173558533191681, -1.132573127746582], [-0.006735228467732668, 0.03941000625491142, -0.9992004036903381, 1.5619583129882812], [-0.31850969791412354, 0.9470961689949036, 0.03950188681483269, -0.159912109375], [0.0, 0.0, 0.0, 1.0]], [[0.009206303395330906, 0.9994502067565918, 0.03185407817363739, -0.0289306640625], [-0.00469066621735692, 0.031898241490125656, -0.999480128288269, 1.5676078796386719], [-0.9999467134475708, 0.009052100591361523, 0.00498175248503685, -0.04522705078125], [0.0, 0.0, 0.0, 1.0]], [[-0.923746645450592, 0.3829841613769531, 0.003910914529114962, 1.0086669921875], [-0.0004139554512221366, 0.009212803095579147, -0.9999575018882751, 1.5477266311645508], [-0.3830038607120514, -0.9237090349197388, -0.008351756259799004, -0.1048583984375], [0.0, 0.0, 0.0, 1.0]]], "view": [[0.0, -2.0, 100.0], [-2.0, 0.0, 100.0], [0.0, 0.0, 1.0]], "bev": "bev_766db0a4838448cf968f40d998dafb98.png", "aux": "aux_766db0a4838448cf968f40d998dafb98.npz", "visibility": "visibility_766db0a4838448cf968f40d998dafb98.png", "pose": [[0.7565600872039795, 0.6539242267608643, 0.0, 667.0463256835938], [-0.6539242267608643, 0.7565600872039795, 0.0, 1594.1617431640625], [0.0, 0.0, 1.0, 0.0], [0.0, 0.0, 0.0, 1.0]], "pose_inverse": [[0.7565600872039795, -0.6539242267608643, 0.0, 537.8003540039062], [0.6539242267608643, 0.7565600872039795, 0.0, -1642.27685546875], [0.0, 0.0, 1.0, 0.0], [0.0, 0.0, 0.0, 1.0]], "cam_ids": [0, 1, 2, 3, 4, 5], "cam_channels": ["CAM_FRONT_LEFT", "CAM_FRONT", "CAM_FRONT_RIGHT", "CAM_BACK_LEFT", "CAM_BACK", "CAM_BACK_RIGHT"], "token": "766db0a4838448cf968f40d998dafb98", "scene": "scene-0300"}, {"images": ["samples/CAM_FRONT_LEFT/n008-2018-08-31-11-19-57-0400__CAM_FRONT_LEFT__1535729302354799.jpg", "samples/CAM_FRONT/n008-2018-08-31-11-19-57-0400__CAM_FRONT__1535729302362404.jpg", "samples/CAM_FRONT_RIGHT/n008-2018-08-31-11-19-57-0400__CAM_FRONT_RIGHT__1535729302370482.jpg", "samples/CAM_BACK_LEFT/n008-2018-08-31-11-19-57-0400__CAM_BACK_LEFT__1535729302397405.jpg", "samples/CAM_BACK/n008-2018-08-31-11-19-57-0400__CAM_BACK__1535729302387558.jpg", "samples/CAM_BACK_RIGHT/n008-2018-08-31-11-19-57-0400__CAM_BACK_RIGHT__1535729302378113.jpg"], "intrinsics": [[[1257.8625342125129, 0.0, 827.2410631095686], [0.0, 1257.8625342125129, 450.915498205774], [0.0, 0.0, 1.0]], [[1252.8131021185304, 0.0, 826.588114781398], [0.0, 1252.8131021185304, 469.9846626224581], [0.0, 0.0, 1.0]], [[1256.7485116440405, 0.0, 817.7887570959712], [0.0, 1256.7485116440403, 451.9541780095127], [0.0, 0.0, 1.0]], [[1254.9860565800168, 0.0, 829.5769333630991], [0.0, 1254.9860565800168, 467.1680561863987], [0.0, 0.0, 1.0]], [[796.8910634503094, 0.0, 857.7774326863696], [0.0, 796.8910634503094, 476.8848988407415], [0.0, 0.0, 1.0]], [[1249.9629280788233, 0.0, 825.3768045375984], [0.0, 1249.9629280788233, 462.54816385708756], [0.0, 0.0, 1.0]]], "extrinsics": [[[0.822449266910553, -0.568594217300415, -0.016672883182764053, -0.721435546875], [0.0079590929672122, 0.040810149163007736, -0.9991351962089539, 1.4907913208007812], [0.5687829852104187, 0.8216053247451782, 0.03808976709842682, -1.1436767578125], [0.0, 0.0, 0.0, 1.0]], [[0.010146762244403362, -0.9992789626121521, -0.03658672794699669, 0.0130615234375], [0.00975197833031416, 0.0366857647895813, -0.9992793202400208, 1.4827461242675781], [0.9999010562896729, 0.009782685898244381, 0.010117187164723873, -1.45257568359375], [0.0, 0.0, 0.0, 1.0]], [[-0.8440007567405701, -0.5355089902877808, -0.029882585629820824, 0.9072265625], [0.017652306705713272, 0.027950404211878777, -0.9994533658027649, 1.4968414306640625], [0.5360515117645264, -0.8440669178962708, -0.014137192629277706, -1.156494140625], [0.0, 0.0, 0.0, 1.0]], [[0.947920024394989, 0.3184435963630676, 0.00643505621701479, -1.133462905883789], [-0.007602248806506395, 0.04281856119632721, -0.999053955078125, 1.56195068359375], [-0.31841781735420227, 0.9469742774963379, 0.04300945624709129, -0.159912109375], [0.0, 0.0, 0.0, 1.0]], [[0.009294906631112099, 0.9993314146995544, 0.03536113724112511, -0.0296630859375], [-0.005371566396206617, 0.035412054508924484, -0.9993583559989929, 1.5675315856933594], [-0.999942421913147, 0.009099054150283337, 0.005697128362953663, -0.04315185546875], [0.0, 0.0, 0.0, 1.0]], [[-0.9237058162689209, 0.3830550014972687, 0.006038305349647999, 1.0111083984375], [-0.0012286484707146883, 0.012799462303519249, -0.9999173283576965, 1.547576904296875], [-0.38310062885284424, -0.9236368536949158, -0.0113522969186306, -0.1024169921875], [0.0, 0.0, 0.0, 1.0]]], "view": [[0.0, -2.0, 100.0], [-2.0, 0.0, 100.0], [0.0, 0.0, 1.0]], "bev": "bev_93e5c7de87f14b238c7cb71ecc6012ff.png", "aux": "aux_93e5c7de87f14b238c7cb71ecc6012ff.npz", "visibility": "visibility_93e5c7de87f14b238c7cb71ecc6012ff.png", "pose": [[0.7571019530296326, 0.6532967686653137, 0.0, 669.9788208007812], [-0.6532967686653137, 0.7571019530296326, 0.0, 1591.5611572265625], [0.0, 0.0, 1.0, 0.0], [0.0, 0.0, 0.0, 1.0]], "pose_inverse": [[0.7571019530296326, -0.6532967686653137, 0.0, 532.5194702148438], [0.6532967686653137, 0.7571019530296326, 0.0, -1642.6690673828125], [0.0, 0.0, 1.0, 0.0], [0.0, 0.0, 0.0, 1.0]], "cam_ids": [0, 1, 2, 3, 4, 5], "cam_channels": ["CAM_FRONT_LEFT", "CAM_FRONT", "CAM_FRONT_RIGHT", "CAM_BACK_LEFT", "CAM_BACK", "CAM_BACK_RIGHT"], "token": "93e5c7de87f14b238c7cb71ecc6012ff", "scene": "scene-0300"}, {"images": ["samples/CAM_FRONT_LEFT/n008-2018-08-31-11-19-57-0400__CAM_FRONT_LEFT__1535729302854799.jpg", "samples/CAM_FRONT/n008-2018-08-31-11-19-57-0400__CAM_FRONT__1535729302862404.jpg", "samples/CAM_FRONT_RIGHT/n008-2018-08-31-11-19-57-0400__CAM_FRONT_RIGHT__1535729302870482.jpg", "samples/CAM_BACK_LEFT/n008-2018-08-31-11-19-57-0400__CAM_BACK_LEFT__1535729302897405.jpg", "samples/CAM_BACK/n008-2018-08-31-11-19-57-0400__CAM_BACK__1535729302887558.jpg", "samples/CAM_BACK_RIGHT/n008-2018-08-31-11-19-57-0400__CAM_BACK_RIGHT__1535729302878113.jpg"], "intrinsics": [[[1257.8625342125129, 0.0, 827.2410631095686], [0.0, 1257.8625342125129, 450.915498205774], [0.0, 0.0, 1.0]], [[1252.8131021185304, 0.0, 826.588114781398], [0.0, 1252.8131021185304, 469.9846626224581], [0.0, 0.0, 1.0]], [[1256.7485116440405, 0.0, 817.7887570959712], [0.0, 1256.7485116440403, 451.9541780095127], [0.0, 0.0, 1.0]], [[1254.9860565800168, 0.0, 829.5769333630991], [0.0, 1254.9860565800168, 467.1680561863987], [0.0, 0.0, 1.0]], [[796.8910634503094, 0.0, 857.7774326863696], [0.0, 796.8910634503094, 476.8848988407415], [0.0, 0.0, 1.0]], [[1249.9629280788233, 0.0, 825.3768045375984], [0.0, 1249.9629280788233, 462.54816385708756], [0.0, 0.0, 1.0]]], "extrinsics": [[[0.8223587274551392, -0.5687441825866699, -0.016001323238015175, -0.7218017578125], [0.00510095851495862, 0.03549196571111679, -0.9993569254875183, 1.489898681640625], [0.5689464211463928, 0.8217483162879944, 0.0320882722735405, -1.1422119140625], [0.0, 0.0, 0.0, 1.0]], [[0.010007960721850395, -0.9994625449180603, -0.031217465177178383, 0.011474609375], [0.007180330343544483, 0.03129005432128906, -0.9994845986366272, 1.4820823669433594], [0.9999240040779114, 0.009778677485883236, 0.007489621639251709, -1.45281982421875], [0.0, 0.0, 0.0, 1.0]], [[-0.8440780639648438, -0.5356377363204956, -0.024988315999507904, 0.90789794921875], [0.01531992107629776, 0.022492531687021255, -0.9996296167373657, 1.4963550567626953], [0.536001443862915, -0.8441482782363892, -0.010779527947306633, -1.1585693359375], [0.0, 0.0, 0.0, 1.0]], [[0.947903573513031, 0.318545937538147, 0.002681421348825097, -1.1384086608886719], [-0.00967615656554699, 0.03720500320196152, -0.9992607831954956, 1.5619888305664062], [-0.3184102475643158, 0.9471769332885742, 0.03834906220436096, -0.157958984375], [0.0, 0.0, 0.0, 1.0]], [[0.00933150015771389, 0.9995119571685791, 0.02981124445796013, -0.029052734375], [-0.00775019871070981, 0.029883939772844315, -0.9995232820510864, 1.5673828125], [-0.9999264478683472, 0.00909598357975483, 0.008025281131267548, -0.03924560546875], [0.0, 0.0, 0.0, 1.0]], [[-0.9236921072006226, 0.3830853998661041, 0.006192957051098347, 1.013916015625], [-0.003668033517897129, 0.0073211221024394035, -0.9999664425849915, 1.5472173690795898], [-0.3831178545951843, -0.9236838817596436, -0.005357293412089348, -0.1024169921875], [0.0, 0.0, 0.0, 1.0]]], "view": [[0.0, -2.0, 100.0], [-2.0, 0.0, 100.0], [0.0, 0.0, 1.0]], "bev": "bev_fb66c765f8954c48b7da4f12169e3687.png", "aux": "aux_fb66c765f8954c48b7da4f12169e3687.npz", "visibility": "visibility_fb66c765f8954c48b7da4f12169e3687.png", "pose": [[0.7585861086845398, 0.6515727639198303, 0.0, 672.9393920898438], [-0.6515727639198303, 0.7585861086845398, 0.0, 1588.9554443359375], [0.0, 0.0, 1.0, 0.0], [0.0, 0.0, 0.0, 1.0]], "pose_inverse": [[0.7585861086845398, -0.6515727639198303, 0.0, 524.8375854492188], [0.6515727639198303, 0.7585861086845398, 0.0, -1643.82861328125], [0.0, 0.0, 1.0, 0.0], [0.0, 0.0, 0.0, 1.0]], "cam_ids": [0, 1, 2, 3, 4, 5], "cam_channels": ["CAM_FRONT_LEFT", "CAM_FRONT", "CAM_FRONT_RIGHT", "CAM_BACK_LEFT", "CAM_BACK", "CAM_BACK_RIGHT"], "token": "fb66c765f8954c48b7da4f12169e3687", "scene": "scene-0300"}, {"images": ["samples/CAM_FRONT_LEFT/n008-2018-08-31-11-19-57-0400__CAM_FRONT_LEFT__1535729303354799.jpg", "samples/CAM_FRONT/n008-2018-08-31-11-19-57-0400__CAM_FRONT__1535729303362404.jpg", "samples/CAM_FRONT_RIGHT/n008-2018-08-31-11-19-57-0400__CAM_FRONT_RIGHT__1535729303370482.jpg", "samples/CAM_BACK_LEFT/n008-2018-08-31-11-19-57-0400__CAM_BACK_LEFT__1535729303397405.jpg", "samples/CAM_BACK/n008-2018-08-31-11-19-57-0400__CAM_BACK__1535729303387558.jpg", "samples/CAM_BACK_RIGHT/n008-2018-08-31-11-19-57-0400__CAM_BACK_RIGHT__1535729303378113.jpg"], "intrinsics": [[[1257.8625342125129, 0.0, 827.2410631095686], [0.0, 1257.8625342125129, 450.915498205774], [0.0, 0.0, 1.0]], [[1252.8131021185304, 0.0, 826.588114781398], [0.0, 1252.8131021185304, 469.9846626224581], [0.0, 0.0, 1.0]], [[1256.7485116440405, 0.0, 817.7887570959712], [0.0, 1256.7485116440403, 451.9541780095127], [0.0, 0.0, 1.0]], [[1254.9860565800168, 0.0, 829.5769333630991], [0.0, 1254.9860565800168, 467.1680561863987], [0.0, 0.0, 1.0]], [[796.8910634503094, 0.0, 857.7774326863696], [0.0, 796.8910634503094, 476.8848988407415], [0.0, 0.0, 1.0]], [[1249.9629280788233, 0.0, 825.3768045375984], [0.0, 1249.9629280788233, 462.54816385708756], [0.0, 0.0, 1.0]]], "extrinsics": [[[0.8224368095397949, -0.5686500668525696, -0.015327653847634792, -0.7237548828125], [0.005222258158028126, 0.03449099138379097, -0.9993913173675537, 1.4899215698242188], [0.5688326358795166, 0.8218562602996826, 0.03133629262447357, -1.1439208984375], [0.0, 0.0, 0.0, 1.0]], [[0.010072357952594757, -0.9994891285896301, -0.03033364564180374, 0.011474609375], [0.006961669307202101, 0.03040454164147377, -0.9995134472846985, 1.4820060729980469], [0.9999250769615173, 0.009856236167252064, 0.007264356594532728, -1.4554443359375], [0.0, 0.0, 0.0, 1.0]], [[-0.8440888524055481, -0.5356600880622864, -0.024131257086992264, 0.909698486328125], [0.014783233404159546, 0.021738704293966293, -0.9996543526649475, 1.4962139129638672], [0.535999596118927, -0.844153881072998, -0.010430610738694668, -1.16015625], [0.0, 0.0, 0.0, 1.0]], [[0.9479039907455444, 0.3185517489910126, 0.0016931978752836585, -1.1432876586914062], [-0.01069281529635191, 0.037129584699869156, -0.9992532730102539, 1.5620346069335938], [-0.3183767795562744, 0.947178065776825, 0.03860149532556534, -0.1563720703125], [0.0, 0.0, 0.0, 1.0]], [[0.009350628592073917, 0.9995244145393372, 0.02938465029001236, -0.02880859375], [-0.00845271348953247, 0.029463892802596092, -0.9995300769805908, 1.5673713684082031], [-0.9999206066131592, 0.009097814559936523, 0.008724198676645756, -0.0350341796875], [0.0, 0.0, 0.0, 1.0]