[{"images": ["samples/CAM_FRONT_LEFT/n015-2018-11-21-19-11-29+0800__CAM_FRONT_LEFT__1542798951604844.jpg", "samples/CAM_FRONT/n015-2018-11-21-19-11-29+0800__CAM_FRONT__1542798951612460.jpg", "samples/CAM_FRONT_RIGHT/n015-2018-11-21-19-11-29+0800__CAM_FRONT_RIGHT__1542798951620339.jpg", "samples/CAM_BACK_LEFT/n015-2018-11-21-19-11-29+0800__CAM_BACK_LEFT__1542798951647423.jpg", "samples/CAM_BACK/n015-2018-11-21-19-11-29+0800__CAM_BACK__1542798951637525.jpg", "samples/CAM_BACK_RIGHT/n015-2018-11-21-19-11-29+0800__CAM_BACK_RIGHT__1542798951627893.jpg"], "intrinsics": [[[1272.5979470598488, 0.0, 826.6154927353808], [0.0, 1272.5979470598488, 479.75165386361925], [0.0, 0.0, 1.0]], [[1266.417203046554, 0.0, 816.2670197447984], [0.0, 1266.417203046554, 491.50706579294757], [0.0, 0.0, 1.0]], [[1260.8474446004698, 0.0, 807.968244525554], [0.0, 1260.8474446004698, 495.3344268742088], [0.0, 0.0, 1.0]], [[1256.7414812095406, 0.0, 792.1125740759628], [0.0, 1256.7414812095406, 492.7757465151356], [0.0, 0.0, 1.0]], [[809.2209905677063, 0.0, 829.2196003259838], [0.0, 809.2209905677063, 481.77842384512485], [0.0, 0.0, 1.0]], [[1259.5137405846733, 0.0, 807.2529053838625], [0.0, 1259.5137405846733, 501.19579884916527], [0.0, 0.0, 1.0]]], "extrinsics": [[[0.8201605677604675, -0.5721319317817688, -0.001310581574216485, -0.564453125], [-0.008071059361100197, -0.009279470890760422, -0.99992436170578, 1.504312515258789], [0.5720764398574829, 0.8201090693473816, -0.012228366918861866, -1.0015869140625], [0.0, 0.0, 0.0, 1.0]], [[0.00484636751934886, -0.999902606010437, 0.013085163198411465, 0.008056640625], [-0.013428119011223316, -0.013149211183190346, -0.9998233914375305, 1.5151023864746094], [0.9998979568481445, 0.004669820889830589, -0.013490538112819195, -1.28729248046875], [0.0, 0.0, 0.0, 1.0]], [[-0.8333679437637329, -0.5527026653289795, 0.004192321561276913, 0.76708984375], [-0.007848595269024372, 0.004249324556440115, -0.99996018409729, 1.501138687133789], [0.5526628494262695, -0.833367645740509, -0.00787919107824564, -1.072021484375], [0.0, 0.0, 0.0, 1.0]], [[0.9477779865264893, 0.3188474476337433, -0.007287574000656605, -1.118560791015625], [0.0007928291452117264, -0.025205416604876518, -0.9996819496154785, 1.5885772705078125], [-0.3189297914505005, 0.9474709033966064, -0.024141931906342506, -0.11181640625], [0.0, 0.0, 0.0, 1.0]], [[0.002692403271794319, 0.9998738169670105, -0.015658648684620857, 0.002685546875], [-0.024692676961421967, -0.015587455593049526, -0.9995735883712769, 1.576101303100586], [-0.9996914267539978, 0.003077862784266472, 0.02464759163558483, -0.13031005859375], [0.0, 0.0, 0.0, 1.0]], [[-0.9346331357955933, 0.35553112626075745, -0.007651359308511019, 0.9149169921875], [0.007966206409037113, -0.0005783902597613633, -0.9999681115150452, 1.5533337593078613], [-0.3555241823196411, -0.934664249420166, -0.0022916526068001986, -0.14697265625], [0.0, 0.0, 0.0, 1.0]]], "view": [[0.0, -2.0, 100.0], [-2.0, 0.0, 100.0], [0.0, 0.0, 1.0]], "bev": "bev_cb4527f15788499ab7c61439087f823c.png", "aux": "aux_cb4527f15788499ab7c61439087f823c.npz", "visibility": "visibility_cb4527f15788499ab7c61439087f823c.png", "pose": [[0.7730530500411987, 0.6343413591384888, 0.0, 1356.885498046875], [-0.6343413591384888, 0.7730530500411987, 0.0, 2679.33837890625], [0.0, 0.0, 1.0, 0.0], [0.0, 0.0, 0.0, 1.0]], "pose_inverse": [[0.7730530500411987, -0.6343413591384888, 0.0, 650.6707153320312], [0.6343413591384888, 0.7730530500411987, 0.0, -2931.999267578125], [0.0, 0.0, 1.0, 0.0], [0.0, 0.0, 0.0, 1.0]], "cam_ids": [0, 1, 2, 3, 4, 5], "cam_channels": ["CAM_FRONT_LEFT", "CAM_FRONT", "CAM_FRONT_RIGHT", "CAM_BACK_LEFT", "CAM_BACK", "CAM_BACK_RIGHT"], "token": "cb4527f15788499ab7c61439087f823c", "scene": "scene-1053"}, {"images": ["samples/CAM_FRONT_LEFT/n015-2018-11-21-19-11-29+0800__CAM_FRONT_LEFT__1542798952104844.jpg", "samples/CAM_FRONT/n015-2018-11-21-19-11-29+0800__CAM_FRONT__1542798952112460.jpg", "samples/CAM_FRONT_RIGHT/n015-2018-11-21-19-11-29+0800__CAM_FRONT_RIGHT__1542798952120339.jpg", "samples/CAM_BACK_LEFT/n015-2018-11-21-19-11-29+0800__CAM_BACK_LEFT__1542798952147423.jpg", "samples/CAM_BACK/n015-2018-11-21-19-11-29+0800__CAM_BACK__1542798952137525.jpg", "samples/CAM_BACK_RIGHT/n015-2018-11-21-19-11-29+0800__CAM_BACK_RIGHT__1542798952127893.jpg"], "intrinsics": [[[1272.5979470598488, 0.0, 826.6154927353808], [0.0, 1272.5979470598488, 479.75165386361925], [0.0, 0.0, 1.0]], [[1266.417203046554, 0.0, 816.2670197447984], [0.0, 1266.417203046554, 491.50706579294757], [0.0, 0.0, 1.0]], [[1260.8474446004698, 0.0, 807.968244525554], [0.0, 1260.8474446004698, 495.3344268742088], [0.0, 0.0, 1.0]], [[1256.7414812095406, 0.0, 792.1125740759628], [0.0, 1256.7414812095406, 492.7757465151356], [0.0, 0.0, 1.0]], [[809.2209905677063, 0.0, 829.2196003259838], [0.0, 809.2209905677063, 481.77842384512485], [0.0, 0.0, 1.0]], [[1259.5137405846733, 0.0, 807.2529053838625], [0.0, 1259.5137405846733, 501.19579884916527], [0.0, 0.0, 1.0]]], "extrinsics": [[[0.8203138709068298, -0.5716097950935364, -0.018636206164956093, -0.580078125], [-0.009356402792036533, 0.01916828565299511, -0.9997724890708923, 1.5038414001464844], [0.5718370079994202, 0.8203015923500061, 0.010375798679888248, -1.013916015625], [0.0, 0.0, 0.0, 1.0]], [[0.005109223537147045, -0.9998683333396912, -0.015403009951114655, 0.008056640625], [-0.015222322195768356, 0.015323659405112267, -0.9997667670249939, 1.5146217346191406], [0.9998710751533508, 0.005342504009604454, -0.015142026357352734, -1.3050537109375], [0.0, 0.0, 0.0, 1.0]], [[-0.8332424163818359, -0.5528239011764526, -0.009632639586925507, 0.779541015625], [-0.010174362920224667, 0.03274945914745331, -0.9994117617607117, 1.5005264282226562], [0.5528140664100647, -0.8326542377471924, -0.03291287273168564, -1.079833984375], [0.0, 0.0, 0.0, 1.0]], [[0.9477818608283997, 0.3189123570919037, -0.0020872189197689295, -1.126068115234375], [-0.0031218095682561398, 0.0027330198790878057, -0.9999913573265076, 1.5885038375854492], [-0.31890392303466797, 0.947780191898346, 0.0035858885385096073, -0.109130859375], [0.0, 0.0, 0.0, 1.0]], [[0.002634687814861536, 0.9999169111251831, 0.012616644613444805, 0.00244140625], [-0.027992773801088333, 0.012685488909482956, -0.999527633190155, 1.5759353637695312], [-0.9996045827865601, 0.002280199434608221, 0.028023868799209595, -0.1202392578125], [0.0, 0.0, 0.0, 1.0]], [[-0.9347034096717834, 0.35539311170578003, 0.005023946985602379, 0.9266357421875], [0.0052298447117209435, 0.027885396033525467, -0.9995974898338318, 1.5526199340820312], [-0.35539016127586365, -0.9343008399009705, -0.027923226356506348, -0.142822265625], [0.0, 0.0, 0.0, 1.0]]], "view": [[0.0, -2.0, 100.0], [-2.0, 0.0, 100.0], [0.0, 0.0, 1.0]], "bev": "bev_61f7bea5696c4a1c8ea561d06bc7ba74.png", "aux": "aux_61f7bea5696c4a1c8ea561d06bc7ba74.npz", "visibility": "visibility_61f7bea5696c4a1c8ea561d06bc7ba74.png", "pose": [[0.7745460271835327, 0.6325175166130066, 0.0, 1361.0360107421875], [-0.6325175166130066, 0.7745460271835327, 0.0, 2675.92236328125], [0.0, 0.0, 1.0, 0.0], [0.0, 0.0, 0.0, 1.0]], "pose_inverse": [[0.7745460271835327, -0.6325175166130066, 0.0, 638.3826904296875], [0.6325175166130066, 0.7745460271835327, 0.0, -2933.504150390625], [0.0, 0.0, 1.0, 0.0], [0.0, 0.0, 0.0, 1.0]], "cam_ids": [0, 1, 2, 3, 4, 5], "cam_channels": ["CAM_FRONT_LEFT", "CAM_FRONT", "CAM_FRONT_RIGHT", "CAM_BACK_LEFT", "CAM_BACK", "CAM_BACK_RIGHT"], "token": "61f7bea5696c4a1c8ea561d06bc7ba74", "scene": "scene-1053"}, {"images": ["samples/CAM_FRONT_LEFT/n015-2018-11-21-19-11-29+0800__CAM_FRONT_LEFT__1542798952604844.jpg", "samples/CAM_FRONT/n015-2018-11-21-19-11-29+0800__CAM_FRONT__1542798952612460.jpg", "samples/CAM_FRONT_RIGHT/n015-2018-11-21-19-11-29+0800__CAM_FRONT_RIGHT__1542798952620339.jpg", "samples/CAM_BACK_LEFT/n015-2018-11-21-19-11-29+0800__CAM_BACK_LEFT__1542798952647423.jpg", "samples/CAM_BACK/n015-2018-11-21-19-11-29+0800__CAM_BACK__1542798952637525.jpg", "samples/CAM_BACK_RIGHT/n015-2018-11-21-19-11-29+0800__CAM_BACK_RIGHT__1542798952627893.jpg"], "intrinsics": [[[1272.5979470598488, 0.0, 826.6154927353808], [0.0, 1272.5979470598488, 479.75165386361925], [0.0, 0.0, 1.0]], [[1266.417203046554, 0.0, 816.2670197447984], [0.0, 1266.417203046554, 491.50706579294757], [0.0, 0.0, 1.0]], [[1260.8474446004698, 0.0, 807.968244525554], [0.0, 1260.8474446004698, 495.3344268742088], [0.0, 0.0, 1.0]], [[1256.7414812095406, 0.0, 792.1125740759628], [0.0, 1256.7414812095406, 492.7757465151356], [0.0, 0.0, 1.0]], [[809.2209905677063, 0.0, 829.2196003259838], [0.0, 809.2209905677063, 481.77842384512485], [0.0, 0.0, 1.0]], [[1259.5137405846733, 0.0, 807.2529053838625], [0.0, 1259.5137405846733, 501.19579884916527], [0.0, 0.0, 1.0]]], "extrinsics": [[[0.8208760619163513, -0.5711055994033813, 0.001016817637719214, -0.570556640625], [-0.005159116815775633, -0.009195771999657154, -0.9999443888664246, 1.5057945251464844], [0.571083128452301, 0.8208250999450684, -0.010494989342987537, -1.008544921875], [0.0, 0.0, 0.0, 1.0]], [[0.005986984819173813, -0.9998928308486938, 0.013355783186852932, 0.009765625], [-0.010673878714442253, -0.013419163413345814, -0.9998530149459839, 1.516326904296875], [0.9999250769615173, 0.005843625403940678, -0.01075307559221983, -1.29541015625], [0.0, 0.0, 0.0, 1.0]], [[-0.8327675461769104, -0.5536176562309265, 0.0023902100510895252, 0.7738037109375], [-0.005280996672809124, 0.003626476740464568, -0.9999794363975525, 1.5019941329956055], [0.553597629070282, -0.832763135433197, -0.005943663883954287, -1.0751953125], [0.0, 0.0, 0.0, 1.0]], [[0.9477545022964478, 0.31894242763519287, -0.006085915490984917, -1.126861572265625], [0.00264367344789207, -0.02693038061261177, -0.9996337890625, 1.5886077880859375], [-0.3189895451068878, 0.9473914504051208, -0.026366570964455605, -0.109375], [0.0, 0.0, 0.0, 1.0]], [[0.0022101937793195248, 0.9998536705970764, -0.016969405114650726, 0.002197265625], [-0.022514453157782555, -0.016915390267968178, -0.9996033906936646, 1.5765724182128906], [-0.9997441172599792, 0.0025913193821907043, 0.022473769262433052, -0.1224365234375], [0.0, 0.0, 0.0, 1.0]], [[-0.9349439740180969, 0.35464707016944885, -0.010251076892018318, 0.9212646484375], [0.010398352518677711, -0.001490596099756658, -0.9999448657035828, 1.5538358688354492], [-0.3546428084373474, -0.9349991679191589, -0.0022941220086067915, -0.143798828125], [0.0, 0.0, 0.0, 1.0]]], "view": [[0.0, -2.0, 100.0], [-2.0, 0.0, 100.0], [0.0, 0.0, 1.0]], "bev": "bev_e8d7302b10ce4b4cae0a910b535e665f.png", "aux": "aux_e8d7302b10ce4b4cae0a910b535e665f.npz", "visibility": "visibility_e8d7302b10ce4b4cae0a910b535e665f.png", "pose": [[0.7748901844024658, 0.6320959329605103, 0.0, 1365.2027587890625], [-0.6320959329605103, 0.7748901844024658, 0.0, 2672.48583984375], [0.0, 0.0, 1.0, 0.0], [0.0, 0.0, 0.0, 1.0]], "pose_inverse": [[0.7748901844024658, -0.6320959329605103, 0.0, 631.3851928710938], [0.6320959329605103, 0.7748901844024658, 0.0, -2933.822021484375], [0.0, 0.0, 1.0, 0.0], [0.0, 0.0, 0.0, 1.0]], "cam_ids": [0, 1, 2, 3, 4, 5], "cam_channels": ["CAM_FRONT_LEFT", "CAM_FRONT", "CAM_FRONT_RIGHT", "CAM_BACK_LEFT", "CAM_BACK", "CAM_BACK_RIGHT"], "token": "e8d7302b10ce4b4cae0a910b535e665f", "scene": "scene-1053"}, {"images": ["samples/CAM_FRONT_LEFT/n015-2018-11-21-19-11-29+0800__CAM_FRONT_LEFT__1542798953104844.jpg", "samples/CAM_FRONT/n015-2018-11-21-19-11-29+0800__CAM_FRONT__1542798953112460.jpg", "samples/CAM_FRONT_RIGHT/n015-2018-11-21-19-11-29+0800__CAM_FRONT_RIGHT__1542798953120339.jpg", "samples/CAM_BACK_LEFT/n015-2018-11-21-19-11-29+0800__CAM_BACK_LEFT__1542798953147423.jpg", "samples/CAM_BACK/n015-2018-11-21-19-11-29+0800__CAM_BACK__1542798953137525.jpg", "samples/CAM_BACK_RIGHT/n015-2018-11-21-19-11-29+0800__CAM_BACK_RIGHT__1542798953127893.jpg"], "intrinsics": [[[1272.5979470598488, 0.0, 826.6154927353808], [0.0, 1272.5979470598488, 479.75165386361925], [0.0, 0.0, 1.0]], [[1266.417203046554, 0.0, 816.2670197447984], [0.0, 1266.417203046554, 491.50706579294757], [0.0, 0.0, 1.0]], [[1260.8474446004698, 0.0, 807.968244525554], [0.0, 1260.8474446004698, 495.3344268742088], [0.0, 0.0, 1.0]], [[1256.7414812095406, 0.0, 792.1125740759628], [0.0, 1256.7414812095406, 492.7757465151356], [0.0, 0.0, 1.0]], [[809.2209905677063, 0.0, 829.2196003259838], [0.0, 809.2209905677063, 481.77842384512485], [0.0, 0.0, 1.0]], [[1259.5137405846733, 0.0, 807.2529053838625], [0.0, 1259.5137405846733, 501.19579884916527], [0.0, 0.0, 1.0]]], "extrinsics": [[[0.8202423453330994, -0.572013258934021, -0.0018563412595540285, -0.568603515625], [0.00036227909731678665, 0.0037647464778274298, -0.999992847442627, 1.5084152221679688], [0.5720161199569702, 0.8202357888221741, 0.0032952327746897936, -1.00634765625], [0.0, 0.0, 0.0, 1.0]], [[0.004959166515618563, -0.9999876618385315, 0.0001663126313360408, 0.00927734375], [-0.004966726526618004, -0.0001909439015435055, -0.9999876618385315, 1.5185502767562866], [0.9999753832817078, 0.0049582417123019695, -0.004967612214386463, -1.29327392578125], [0.0, 0.0, 0.0, 1.0]], [[-0.8332225680351257, -0.5528473258018494, -0.009998570196330547, 0.7723388671875], [0.0006380481645464897, 0.01712130196392536, -0.9998531937599182, 1.503814697265625], [0.552937388420105, -0.8331065773963928, -0.013913110829889774, -1.07421875], [0.0, 0.0, 0.0, 1.0]], [[0.9477670788764954, 0.3189290463924408, 0.004670986905694008, -1.1279296875], [0.009316643700003624, -0.013042465783655643, -0.9998714923858643, 1.5887031555175781], [-0.31882721185684204, 0.94768887758255, -0.015332569368183613, -0.10888671875], [0.0, 0.0, 0.0, 1.0]], [[0.0026283618062734604, 0.9999917149543762, -0.003116321749985218, 0.00244140625], [-0.016130773350596428, -0.0030735302716493607, -0.9998651742935181, 1.577354073524475], [-0.9998664855957031, 0.002678292104974389, 0.01612256094813347, -0.12225341796875], [0.0, 0.0, 0.0, 1.0]], [[-0.934634268283844, 0.355437308549881, -0.011098446324467659, 0.92041015625], [0.016500091180205345, 0.012169328518211842, -0.9997897744178772, 1.5552330017089844], [-0.35522758960723877, -0.9346209168434143, -0.017238620668649673, -0.144287109375], [0.0, 0.0, 0.0, 1.0]]], "view": [[0.0, -2.0, 100.0], [-2.0, 0.0, 100.0], [0.0, 0.0, 1.0]], "bev": "bev_673e8d53cfc346b1970d06f8937893ff.png", "aux": "aux_673e8d53cfc346b1970d06f8937893ff.npz", "visibility": "visibility_673e8d53cfc346b1970d06f8937893ff.png", "pose": [[0.7769240140914917, 0.6295943856239319, 0.0, 1369.45068359375], [-0.6295943856239319, 0.7769240140914917, 0.0, 2668.993896484375], [0.0, 0.0, 1.0, 0.0], [0.0, 0.0, 0.0, 1.0]], "pose_inverse": [[0.7769240140914917, -0.6295943856239319, 0.0, 616.4244995117188], [0.6295943856239319, 0.7769240140914917, 0.0, -2935.803955078125], [0.0, 0.0, 1.0, 0.0], [0.0, 0.0, 0.0, 1.0]], "cam_ids": [0, 1, 2, 3, 4, 5], "cam_channels": ["CAM_FRONT_LEFT", "CAM_FRONT", "CAM_FRONT_RIGHT", "CAM_BACK_LEFT", "CAM_BACK", "CAM_BACK_RIGHT"], "token": "673e8d53cfc346b1970d06f8937893ff", "scene": "scene-1053"}, {"images": ["samples/CAM_FRONT_LEFT/n015-2018-11-21-19-11-29+0800__CAM_FRONT_LEFT__1542798953604844.jpg", "samples/CAM_FRONT/n015-2018-11-21-19-11-29+0800__CAM_FRONT__1542798953612460.jpg", "samples/CAM_FRONT_RIGHT/n015-2018-11-21-19-11-29+0800__CAM_FRONT_RIGHT__1542798953620339.jpg", "samples/CAM_BACK_LEFT/n015-2018-11-21-19-11-29+0800__CAM_BACK_LEFT__1542798953647423.jpg", "samples/CAM_BACK/n015-2018-11-21-19-11-29+0800__CAM_BACK__1542798953637525.jpg", "samples/CAM_BACK_RIGHT/n015-2018-11-21-19-11-29+0800__CAM_BACK_RIGHT__1542798953627893.jpg"], "intrinsics": [[[1272.5979470598488, 0.0, 826.6154927353808], [0.0, 1272.5979470598488, 479.75165386361925], [0.0, 0.0, 1.0]], [[1266.417203046554, 0.0, 816.2670197447984], [0.0, 1266.417203046554, 491.50706579294757], [0.0, 0.0, 1.0]], [[1260.8474446004698, 0.0, 807.968244525554], [0.0, 1260.8474446004698, 495.3344268742088], [0.0, 0.0, 1.0]], [[1256.7414812095406, 0.0, 792.1125740759628], [0.0, 1256.7414812095406, 492.7757465151356], [0.0, 0.0, 1.0]], [[809.2209905677063, 0.0, 829.2196003259838], [0.0, 809.2209905677063, 481.77842384512485], [0.0, 0.0, 1.0]], [[1259.5137405846733, 0.0, 807.2529053838625], [0.0, 1259.5137405846733, 501.19579884916527], [0.0, 0.0, 1.0]]], "extrinsics": [[[0.820777177810669, -0.5710806846618652, -0.01384801883250475, -0.5732421875], [-0.016285134479403496, 0.0008400058723054826, -0.9998670220375061, 1.5005121231079102], [0.5710163712501526, 0.8208935260772705, -0.008610667660832405, -1.011962890625], [0.0, 0.0, 0.0, 1.0]], [[0.006014048587530851, -0.9999769330024719, 0.00314326211810112, 0.01025390625], [-0.021620964631438255, -0.0032726170029491186, -0.9997609257698059, 1.5120437145233154], [0.9997480511665344, 0.00594474608078599, -0.021640148013830185, -1.2994384765625], [0.0, 0.0, 0.0, 1.0]], [[-0.8327673077583313, -0.5535939931869507, 0.00567295728251338, 0.7769775390625], [-0.01604332961142063, 0.013888663612306118, -0.9997747540473938, 1.4986610412597656], [0.5533905625343323, -0.8326708078384399, -0.020447514951229095, -1.075927734375], [0.0, 0.0, 0.0, 1.0]], [[0.9476633071899414, 0.3190230429172516, -0.012586934491991997, -1.129638671875], [-0.007541203871369362, -0.017046496272087097, -0.9998262524604797, 1.5884590148925781], [-0.3191821873188019, 0.947593629360199, -0.013748523779213428, -0.10791015625], [0.0, 0.0, 0.0, 1.0]], [[0.002136900555342436, 0.9999745488166809, -0.006794083397835493, 0.001953125], [-0.03288980573415756, -0.006720142439007759, -0.9994363784790039, 1.575373888015747], [-0.9994567036628723, 0.0023591117933392525, 0.032874610275030136, -0.119384765625], [0.0, 0.0, 0.0, 1.0]], [[-0.9349494576454163, 0.3547652065753937, 0.0033165221102535725, 0.9237060546875], [-0.00020112957281526178, 0.00881807878613472, -0.9999611377716064, 1.5513916015625], [-0.3547806441783905, -0.9349139332771301, -0.008173106238245964, -0.142578125], [0.0, 0.0, 0.0, 1.0]]], "view": [[0.0, -2.0, 100.0], [-2.0, 0.0, 100.0], [0.0, 0.0, 1.0]], "bev": "bev_e3d7eeda9d92474a9599f31295172664.png", "aux": "aux_e3d7eeda9d92474a9599f31295172664.npz", "visibility": "visibility_e3d7eeda9d92474a9599f31295172664.png", "pose": [[0.7767754197120667, 0.6297776699066162, 0.0, 1373.605712890625], [-0.6297776699066162, 0.7767754197120667, 0.0, 2665.588623046875], [0.0, 0.0, 1.0, 0.0], [0.0, 0.0, 0.0, 1.0]], "pose_inverse": [[0.7767754197120667, -0.6297776699066162, 0.0, 611.7450561523438], [0.6297776699066162, 0.7767754197120667, 0.0, -2935.6298828125], [0.0, 0.0, 1.0, 0.0], [0.0, 0.0, 0.0, 1.0]], "cam_ids": [0, 1, 2, 3, 4, 5], "cam_channels": ["CAM_FRONT_LEFT", "CAM_FRONT", "CAM_FRONT_RIGHT", "CAM_BACK_LEFT", "CAM_BACK", "CAM_BACK_RIGHT"], "token": "e3d7eeda9d92474a9599f31295172664", "scene": "scene-1053"}, {"images": ["samples/CAM_FRONT_LEFT/n015-2018-11-21-19-11-29+0800__CAM_FRONT_LEFT__1542798954104844.jpg", "samples/CAM_FRONT/n015-2018-11-21-19-11-29+0800__CAM_FRONT__1542798954112460.jpg", "samples/CAM_FRONT_RIGHT/n015-2018-11-21-19-11-29+0800__CAM_FRONT_RIGHT__1542798954120339.jpg", "samples/CAM_BACK_LEFT/n015-2018-11-21-19-11-29+0800__CAM_BACK_LEFT__1542798954147423.jpg", "samples/CAM_BACK/n015-2018-11-21-19-11-29+0800__CAM_BACK__1542798954137525.jpg", "samples/CAM_BACK_RIGHT/n015-2018-11-21-19-11-29+0800__CAM_BACK_RIGHT__1542798954127893.jpg"], "intrinsics": [[[1272.5979470598488, 0.0, 826.6154927353808], [0.0, 1272.5979470598488, 479.75165386361925], [0.0, 0.0, 1.0]], [[1266.417203046554, 0.0, 816.2670197447984], [0.0, 1266.417203046554, 491.50706579294757], [0.0, 0.0, 1.0]], [[1260.8474446004698, 0.0, 807.968244525554], [0.0, 1260.8474446004698, 495.3344268742088], [0.0, 0.0, 1.0]], [[1256.7414812095406, 0.0, 792.1125740759628], [0.0, 1256.7414812095406, 492.7757465151356], [0.0, 0.0, 1.0]], [[809.2209905677063, 0.0, 829.2196003259838], [0.0, 809.2209905677063, 481.77842384512485], [0.0, 0.0, 1.0]], [[1259.5137405846733, 0.0, 807.2529053838625], [0.0, 1259.5137405846733, 501.19579884916527], [0.0, 0.0, 1.0]]], "extrinsics": [[[0.8207354545593262, -0.5712952017784119, -0.003886905498802662, -0.582763671875], [-0.015637777745723724, -0.015663575381040573, -0.9997550249099731, 1.50103759765625], [0.5710943341255188, 0.8205952048301697, -0.021789437159895897, -1.017822265625], [0.0, 0.0, 0.0, 1.0]], [[0.005950266029685736, -0.9997882843017578, 0.01969822682440281, 0.010009765625], [-0.02092801406979561, -0.01981876790523529, -0.9995845556259155, 1.512542724609375], [0.9997633099555969, 0.005535562057048082, -0.0210415069013834, -1.3082275390625], [0.0, 0.0, 0.0, 1.0]], [[-0.832790732383728, -0.553404688835144, 0.014243301004171371, 0.7821044921875], [-0.015302155166864395, -0.002707041334360838, -0.9998792409896851, 1.4990277290344238], [0.5533763766288757, -0.8329081535339355, -0.006213884335011244, -1.080078125], [0.0, 0.0, 0.0, 1.0]], [[0.9476730823516846, 0.31880083680152893, -0.016785236075520515, -1.125335693359375], [-0.006559575442224741, -0.03312203660607338, -0.9994297623634338, 1.58843994140625], [-0.3191750645637512, 0.9472428560256958, -0.029297664761543274, -0.109375], [0.0, 0.0, 0.0, 1.0]], [[0.0021452216897159815, 0.9997285008430481, -0.02320394106209278, 0.001953125], [-0.03200545907020569, -0.023123465478420258, -0.9992201924324036, 1.5754852294921875], [-0.999485433101654, 0.0028862012550234795, 0.03194716200232506, -0.1197509765625], [0.0, 0.0, 0.0, 1.0]], [[-0.9349468946456909, 0.35477229952812195, -0.0033096696715801954, 0.927734375], [0.0005831127054989338, -0.007792016491293907, -0.999969482421875, 1.5515861511230469], [-0.35478729009628296, -0.9349203109741211, 0.007078249007463455, -0.141357421875], [0.0, 0.0, 0.0, 1.0]]], "view": [[0.0, -2.0, 100.0], [-2.0, 0.0, 100.0], [0.0, 0.0, 1.0]], "bev": "bev_5e7c94b966e347a8ba732dee2a1eed43.png", "aux": "aux_5e7c94b966e347a8ba732dee2a1eed43.npz", "visibility": "visibility_5e7c94b966e347a8ba732dee2a1eed43.png", "pose": [[0.7768152952194214, 0.6297285556793213, 0.0, 1377.7091064453125], [-0.6297285556793213, 0.7768152952194214, 0.0, 2662.224365234375], [0.0, 0.0, 1.0, 0.0], [0.0, 0.0, 0.0, 1.0]], "pose_inverse": [[0.7768152952194214, -0.6297285556793213, 0.0, 606.253173828125], [0.6297285556793213, 0.7768152952194214, 0.0, -2935.639404296875], [0.0, 0.0, 1.0, 0.0], [0.0, 0.0, 0.0, 1.0]], "cam_ids": [0, 1, 2, 3, 4, 5], "cam_channels": ["CAM_FRONT_LEFT", "CAM_FRONT", "CAM_FRONT_RIGHT", "CAM_BACK_LEFT", "CAM_BACK", "CAM_BACK_RIGHT"], "token": "5e7c94b966e347a8ba732dee2a1eed43", "scene": "scene-1053"}, {"images": ["samples/CAM_FRONT_LEFT/n015-2018-11-21-19-11-29+0800__CAM_FRONT_LEFT__1542798954604844.jpg", "samples/CAM_FRONT/n015-2018-11-21-19-11-29+0800__CAM_FRONT__1542798954612460.jpg", "samples/CAM_FRONT_RIGHT/n015-2018-11-21-19-11-29+0800__CAM_FRONT_RIGHT__1542798954620339.jpg", "samples/CAM_BACK_LEFT/n015-2018-11-21-19-11-29+0800__CAM_BACK_LEFT__1542798954647423.jpg", "samples/CAM_BACK/n015-2018-11-21-19-11-29+0800__CAM_BACK__1542798954637539.jpg", "samples/CAM_BACK_RIGHT/n015-2018-11-21-19-11-29+0800__CAM_BACK_RIGHT__1542798954627893.jpg"], "intrinsics": [[[1272.5979470598488, 0.0, 826.6154927353808], [0.0, 1272.5979470598488, 479.75165386361925], [0.0, 0.0, 1.0]], [[1266.417203046554, 0.0, 816.2670197447984], [0.0, 1266.417203046554, 491.50706579294757], [0.0, 0.0, 1.0]], [[1260.8474446004698, 0.0, 807.968244525554], [0.0, 1260.8474446004698, 495.3344268742088], [0.0, 0.0, 1.0]], [[1256.7414812095406, 0.0, 792.1125740759628], [0.0, 1256.7414812095406, 492.7757465151356], [0.0, 0.0, 1.0]], [[809.2209905677063, 0.0, 829.2196003259838], [0.0, 809.2209905677063, 481.77842384512485], [0.0, 0.0, 1.0]], [[1259.5137405846733, 0.0, 807.2529053838625], [0.0, 1259.5137405846733, 501.19579884916527], [0.0, 0.0, 1.0]]], "extrinsics": [[[0.8200956583023071, -0.5721613168716431, -0.008644381538033485, -0.610595703125], [-0.017187470570206642, -0.009529928676784039, -0.9998068809509277, 1.5008087158203125], [0.5719683766365051, 0.8200858235359192, -0.0176494549959898, -1.032470703125], [0.0, 0.0, 0.0, 1.0]], [[0.005004477221518755, -0.9998964071273804, 0.013487854972481728, 0.007080078125], [-0.022686485201120377, -0.013598078861832619, -0.9996501803398132, 1.512420654296875], [0.9997300505638123, 0.004696767311543226, -0.0227521862834692, -1.3349609375], [0.0, 0.0, 0.0, 1.0]], [[-0.8332308530807495, -0.5527863502502441, 0.012394524179399014, 0.7994384765625], [-0.01725822500884533, 0.0035953999031335115, -0.9998445510864258, 1.4988231658935547], [0.5526559352874756, -0.8333152532577515, -0.012535909190773964, -1.094482421875], [0.0, 0.0, 0.0, 1.0]], [[0.9476531744003296, 0.31885331869125366, -0.016914134845137596, -1.127471923828125], [-0.00887931976467371, -0.026635922491550446, -0.9996057748794556, 1.588409423828125], [-0.31917804479599, 0.9474297165870667, -0.02241041325032711, -0.1083984375], [0.0, 0.0, 0.0, 1.0]], [[0.0024599807802587748, 0.9998553395271301, -0.016834042966365814, 0.003173828125], [-0.03427060693502426, -0.01673991233110428, -0.9992724061012268, 1.5755329132080078], [-0.999409556388855, 0.003035162342712283, 0.03422446548938751, -0.10968017578125], [0.0, 0.0, 0.0, 1.0]], [[-0.9347129464149475, 0.35540226101875305, 0.0009353109053336084, 0.9439697265625], [-0.001545000821352005, -0.0014316887827590108, -0.9999977946281433, 1.5511319637298584], [-0.3554002046585083, -0.9347124099731445, 0.0018873157678171992, -0.136474609375], [0.0, 0.0, 0.0, 1.0]]], "view": [[0.0, -2.0, 100.0], [-2.0, 0.0, 100.0], [0.0, 0.0, 1.0]], "bev": "bev_38f839bd883b47ebb7bb36cbae1694ef.png", "aux": "aux_38f839bd883b47ebb7bb36cbae1694ef.npz", "visibility": "visibility_38f839bd883b47ebb7bb36cbae1694ef.png", "pose": [[0.7807154655456543, 0.624886691570282, 0.0, 1381.6241455078125], [-0.624886691570282, 0.7807154655456543, 0.0, 2659.053955078125], [0.0, 0.0, 1.0, 0.0], [0.0, 0.0, 0.0, 1.0]], "pose_inverse": [[0.7807154655456543, -0.624886691570282, 0.0, 582.9520263671875], [0.624886691570282, 0.7807154655456543, 0.0, -2939.322998046875], [0.0, 0.0, 1.0, 0.0], [0.0, 0.0, 0.0, 1.0]], "cam_ids": [0, 1, 2, 3, 4, 5], "cam_channels": ["CAM_FRONT_LEFT", "CAM_FRONT", "CAM_FRONT_RIGHT", "CAM_BACK_LEFT", "CAM_BACK", "CAM_BACK_RIGHT"], "token": "38f839bd883b47ebb7bb36cbae1694ef", "scene": "scene-1053"}, {"images": ["samples/CAM_FRONT_LEFT/n015-2018-11-21-19-11-29+0800__CAM_FRONT_LEFT__1542798955104844.jpg", "samples/CAM_FRONT/n015-2018-11-21-19-11-29+0800__CAM_FRONT__1542798955112460.jpg", "samples/CAM_FRONT_RIGHT/n015-2018-11-21-19-11-29+0800__CAM_FRONT_RIGHT__1542798955120339.jpg", "samples/CAM_BACK_LEFT/n015-2018-11-21-19-11-29+0800__CAM_BACK_LEFT__1542798955147423.jpg", "samples/CAM_BACK/n015-2018-11-21-19-11-29+0800__CAM_BACK__1542798955137525.jpg", "samples/CAM_BACK_RIGHT/n015-2018-11-21-19-11-29+0800__CAM_BACK_RIGHT__1542798955127893.jpg"], "intrinsics": [[[1272.5979470598488, 0.0, 826.6154927353808], [0.0, 1272.5979470598488, 479.75165386361925], [0.0, 0.0, 1.0]], [[1266.417203046554, 0.0, 816.2670197447984], [0.0, 1266.417203046554, 491.50706579294757], [0.0, 0.0, 1.0]], [[1260.8474446004698, 0.0, 807.968244525554], [0.0, 1260.8474446004698, 495.3344268742088], [0.0, 0.0, 1.0]], [[1256.7414812095406, 0.0, 792.1125740759628], [0.0, 1256.7414812095406, 492.7757465151356], [0.0, 0.0, 1.0]], [[809.2209905677063, 0.0, 829.2196003259838], [0.0, 809.2209905677063, 481.77842384512485], [0.0, 0.0, 1.0]], [[1259.5137405846733, 0.0, 807.2529053838625], [0.0, 1259.5137405846733, 501.19579884916527], [0.0, 0.0, 1.0]]], "extrinsics": [[[0.8200957179069519, -0.5721154808998108, -0.011272222734987736, -0.633544921875], [-0.014486766420304775, -0.0010653444333001971, -0.9998944997787476, 1.5023880004882812], [0.5720430016517639, 0.8201724886894226, -0.00916178710758686, -1.048828125], [0.0, 0.0, 0.0, 1.0]], [[0.004862376023083925, -0.9999752640724182, 0.005075364839285612, 0.0068359375], [-0.01957482099533081, -0.005169633775949478, -0.9997950196266174, 1.5139961242675781], [0.9997966289520264, 0.004761967808008194, -0.019599473103880882, -1.358642578125], [0.0, 0.0, 0.0, 1.0]], [[-0.8333617448806763, -0.5527070760726929, 0.00480674859136343, 0.8150634765625], [-0.013717309571802616, 0.011987417936325073, -0.9998340606689453, 1.5000686645507812], [0.5525577664375305, -0.833289384841919, -0.01757150888442993, -1.104736328125], [0.0, 0.0, 0.0, 1.0]], [[0.9477276802062988, 0.3189239501953125, -0.009983615018427372, -1.129791259765625], [-0.004285784438252449, -0.0185625609010458, -0.9998185038566589, 1.5885009765625], [-0.3190513849258423, 0.9475985169410706, -0.016225414350628853, -0.10791015625], [0.0, 0.0, 0.0, 1.0]], [[0.0026320789474993944, 0.9999596476554871, -0.008598975837230682, 0.00341796875], [-0.02994309924542904, -0.008516340516507626, -0.9995152950286865, 1.576268196105957], [-0.9995481371879578, 0.0028882829938083887, 0.029919471591711044, -0.10125732421875], [0.0, 0.0, 0.0, 1.0]], [[-0.9346449971199036, 0.3555822968482971, 0.00019365576736163348, 0.957763671875], [0.002419031225144863, 0.0069029987789690495, -0.9999732375144958, 1.5519142150878906], [-0.3555741608142853, -0.9346195459365845, -0.007312017492949963, -0.131591796875], [0.0, 0.0, 0.0, 1.0]]], "view": [[0.0, -2.0, 100.0], [-2.0, 0.0, 100.0], [0.0, 0.0, 1.0]], "bev": "bev_15db0a962d8a448483f3705eb6aa938a.png", "aux": "aux_15db0a962d8a448483f3705eb6aa938a.npz", "visibility": "visibility_15db0a962d8a448483f3705eb6aa938a.png", "pose": [[0.7823499441146851, 0.6228391528129578, 0.0, 1385.2862548828125], [-0.6228391528129578, 0.7823499441146851, 0.0, 2656.099609375], [0.0, 0.0, 1.0, 0.0], [0.0, 0.0, 0.0, 1.0]], "pose_inverse": [[0.7823499441146851, -0.6228391528129578, 0.0, 570.544189453125], [0.6228391528129578, 0.7823499441146851, 0.0, -2940.809814453125], [0.0, 0.0, 1.0, 0.0], [0.0, 0.0, 0.0, 1.0]], "cam_ids": [0, 1, 2, 3, 4, 5], "cam_channels": ["CAM_FRONT_LEFT", "CAM_FRONT", "CAM_FRONT_RIGHT", "CAM_BACK_LEFT", "CAM_BACK", "CAM_BACK_RIGHT"], "token": "15db0a962d8a448483f3705eb6aa938a", "scene": "scene-1053"}, {"images": ["samples/CAM_FRONT_LEFT/n015-2018-11-21-19-11-29+0800__CAM_FRONT_LEFT__1542798955604844.jpg", "samples/CAM_FRONT/n015-2018-11-21-19-11-29+0800__CAM_FRONT__1542798955612460.jpg", "samples/CAM_FRONT_RIGHT/n015-2018-11-21-19-11-29+0800__CAM_FRONT_RIGHT__1542798955620339.jpg", "samples/CAM_BACK_LEFT/n015-2018-11-21-19-11-29+0800__CAM_BACK_LEFT__1542798955647423.jpg", "samples/CAM_BACK/n015-2018-11-21-19-11-29+0800__CAM_BACK__1542798955637525.jpg", "samples/CAM_BACK_RIGHT/n015-2018-11-21-19-11-29+0800__CAM_BACK_RIGHT__1542798955627893.jpg"], "intrinsics": [[[1272.5979470598488, 0.0, 826.6154927353808], [0.0, 1272.5979470598488, 479.75165386361925], [0.0, 0.0, 1.0]], [[1266.417203046554, 0.0, 816.2670197447984], [0.0, 1266.417203046554, 491.50706579294757], [0.0, 0.0, 1.0]], [[1260.8474446004698, 0.0, 807.968244525554], [0.0, 1260.8474446004698, 495.3344268742088], [0.0, 0.0, 1.0]], [[1256.7414812095406, 0.0, 792.1125740759628], [0.0, 1256.7414812095406, 492.7757465151356], [0.0, 0.0, 1.0]], [[809.2209905677063, 0.0, 829.2196003259838], [0.0, 809.2209905677063, 481.77842384512485], [0.0, 0.0, 1.0]], [[1259.5137405846733, 0.0, 807.2529053838625], [0.0, 1259.5137405846733, 501.19579884916527], [0.0, 0.0, 1.0]]], "extrinsics": [[[0.8201900720596313, -0.571835994720459, -0.017082415521144867, -0.658203125], [-0.024400094524025917, -0.005133660044521093, -0.9996891021728516, 1.4991902112960815], [0.5715705156326294, 0.8203518390655518, -0.01816342957317829, -1.0703125], [0.0, 0.0, 0.0, 1.0]], [[0.005280870012938976, -0.999944269657135, 0.009142747148871422, 0.009033203125], [-0.02982955612242222, -0.009296328760683537, -0.9995117783546448, 1.511404037475586], [0.9995410442352295, 0.005005579441785812, -0.029876984655857086, -1.3858642578125], [0.0, 0.0, 0.0, 1.0]], [[-0.8330978155136108, -0.552895188331604, 0.015963725745677948, 0.834228515625], [-0.024334227666258812, 0.007803068496286869, -0.9996733665466309, 1.4977989196777344], [0.5525901317596436, -0.8332141637802124, -0.019954999908804893, -1.11474609375], [0.0, 0.0, 0.0, 1.0]], [[0.947506308555603, 0.3189467787742615, -0.022467155009508133, -1.13177490234375], [-0.015977058559656143, -0.022950561717152596, -0.9996089339256287, 1.58837890625], [-0.3193376362323761, 0.9474947452545166, -0.016649972647428513, -0.107177734375], [0.0, 0.0, 0.0, 1.0]], [[0.0023560714907944202, 0.9999141097068787, -0.01289078313857317, 0.001953125], [-0.041324030607938766, -0.012782453559339046, -0.999064028263092, 1.5754880905151367], [-0.9991430640220642, 0.0028865502681583166, 0.041290368884801865, -0.09197998046875], [0.0, 0.0, 0.0, 1.0]], [[-0.9346727132797241, 0.35539621114730835, 0.008966776542365551, 0.971923828125], [-0.008575331419706345, 0.0026766883675009012, -0.9999597072601318, 1.549942970275879], [-0.35540586709976196, -0.9347119927406311, 0.0005458106752485037, -0.124755859375], [0.0, 0.0, 0.0, 1.0]]], "view": [[0.0, -2.0, 100.0], [-2.0, 0.0, 100.0], [0.0, 0.0, 1.0]], "bev": "bev_c92ea0dc1eea4def9568eaaeddd4b3c9.png", "aux": "aux_c92ea0dc1eea4def9568eaaeddd4b3c9.npz", "visibility": "visibility_c92ea0dc1eea4def9568eaaeddd4b3c9.png", "pose": [[0.7851178646087646, 0.6193463802337646, 0.0, 1388.696533203125], [-0.6193463802337646, 0.7851178646087646, 0.0, 2653.36083984375], [0.0, 0.0, 1.0, 0.0], [0.0, 0.0, 0.0, 1.0]], "pose_inverse": [[0.7851178646087646, -0.6193463802337646, 0.0, 553.0589599609375], [0.6193463802337646, 0.7851178646087646, 0.0, -2943.28515625], [0.0, 0.0, 1.0, 0.0], [0.0, 0.0, 0.0, 1.0]], "cam_ids": [0, 1, 2, 3, 4, 5], "cam_channels": ["CAM_FRONT_LEFT", "CAM_FRONT", "CAM_FRONT_RIGHT", "CAM_BACK_LEFT", "CAM_BACK", "CAM_BACK_RIGHT"], "token": "c92ea0dc1eea4def9568eaaeddd4b3c9", "scene": "scene-1053"}, {"images": ["samples/CAM_FRONT_LEFT/n015-2018-11-21-19-11-29+0800__CAM_FRONT_LEFT__1542798956004844.jpg", "samples/CAM_FRONT/n015-2018-11-21-19-11-29+0800__CAM_FRONT__1542798956012460.jpg", "samples/CAM_FRONT_RIGHT/n015-2018-11-21-19-11-29+0800__CAM_FRONT_RIGHT__1542798956020339.jpg", "samples/CAM_BACK_LEFT/n015-2018-11-21-19-11-29+0800__CAM_BACK_LEFT__1542798956047423.jpg", "samples/CAM_BACK/n015-2018-11-21-19-11-29+0800__CAM_BACK__1542798956037525.jpg", "samples/CAM_BACK_RIGHT/n015-2018-11-21-19-11-29+0800__CAM_BACK_RIGHT__1542798956027893.jpg"], "intrinsics": [[[1272.5979470598488, 0.0, 826.6154927353808], [0.0, 1272.5979470598488, 479.75165386361925], [0.0, 0.0, 1.0]], [[1266.417203046554, 0.0, 816.2670197447984], [0.0, 1266.417203046554, 491.50706579294757], [0.0, 0.0, 1.0]], [[1260.8474446004698, 0.0, 807.968244525554], [0.0, 1260.8474446004698, 495.3344268742088], [0.0, 0.0, 1.0]], [[1256.7414812095406, 0.0, 792.1125740759628], [0.0, 1256.7414812095406, 492.7757465151356], [0.0, 0.0, 1.0]], [[809.2209905677063, 0.0, 829.2196003259838], [0.0, 809.2209905677063, 481.77842384512485], [0.0, 0.0, 1.0]], [[1259.5137405846733, 0.0, 807.2529053838625], [0.0, 1259.5137405846733, 501.19579884916527], [0.0, 0.0, 1.0]]], "extrinsics": [[[0.8203381299972534, -0.571820080280304, -0.008193966932594776, -0.678466796875], [-0.016654521226882935, -0.009565741755068302, -0.9998155832290649, 1.5024986267089844], [0.5716361999511719, 0.8203232288360596, -0.01737053133547306, -1.0849609375], [0.0, 0.0, 0.0, 1.0]], [[0.005244340281933546, -0.9998962879180908, 0.013411242514848709, 0.00927734375], [-0.021755967289209366, -0.013522339053452015, -0.9996718764305115, 1.5143585205078125], [0.9997494220733643, 0.004950853995978832, -0.021824629977345467, -1.40679931640625], [0.0, 0.0, 0.0, 1.0]], [[-0.8332008123397827, -0.5528576970100403, 0.011170425452291965, 0.8482666015625], [-0.015919256955385208, 0.003789421170949936, -0.9998660683631897, 1.5001087188720703], [0.5527413487434387, -0.833267092704773, -0.011958431452512741, -1.12451171875], [0.0, 0.0, 0.0, 1.0]], [[0.9476876258850098, 0.31886008381843567, -0.014707289636135101, -1.134063720703125], [-0.006619988474994898, -0.02643212117254734, -0.9996286630630493, 1.5885009765625], [-0.31913042068481445, 0.9474331140518188, -0.022938545793294907, -0.106689453125], [0.0, 0.0, 0.0, 1.0]], [[0.0025005792267620564, 0.9998611211776733, -0.016479799523949623, 0.002197265625], [-0.032250866293907166, -0.016390638425946236, -0.9993454217910767, 1.5765857696533203], [-0.9994766712188721, 0.003030515741556883, 0.03220539912581444, -0.08428955078125], [0.0, 0.0, 0.0, 1.0]], [[-0.9347079396247864, 0.3554164171218872, -0.0005445900605991483, 0.9847412109375], [0.00014910896425135434, -0.0011401207884773612, -0.9999993443489075, 1.5514764785766602], [-0.35541677474975586, -0.9347073435783386, 0.0010126838460564613, -0.11962890625], [0.0, 0.0, 0.0, 1.0]]], "view": [[0.0, -2.0, 100.0], [-2.0, 0.0, 100.0], [0.0, 0.0, 1.0]], "bev": "bev_7c861d68f1c040f2a2ed560d93809761.png", "aux": "aux_7c861d68f1c040f2a2ed560d93809761.npz", "visibility": "visibility_7c861d68f1c040f2a2ed560d93809761.png", "pose": [[0.7861677408218384, 0.6180131435394287, 0.0, 1391.2752685546875], [-0.6180131435394287, 0.7861677408218384, 0.0, 2651.291259765625], [0.0, 0.0, 1.0, 0.0], [0.0, 0.0, 0.0, 1.0]], "pose_inverse": [[0.7861677408218384, -0.6180131435394287, 0.0, 544.757080078125], [0.6180131435394287, 0.7861677408218384, 0.0, -2944.18603515625], [0.0, 0.0, 1.0, 0.0], [0.0, 0.0, 0.0, 1.0]], "cam_ids": [0, 1, 2, 3, 4, 5], "cam_channels": ["CAM_FRONT_LEFT", "CAM_FRONT", "CAM_FRONT_RIGHT", "CAM_BACK_LEFT", "CAM_BACK", "CAM_BACK_RIGHT"], "token": "7c861d68f1c040f2a2ed560d93809761", "scene": "scene-1053"}, {"images": ["samples/CAM_FRONT_LEFT/n015-2018-11-21-19-11-29+0800__CAM_FRONT_LEFT__1542798956504844.jpg", "samples/CAM_FRONT/n015-2018-11-21-19-11-29+0800__CAM_FRONT__1542798956512460.jpg", "samples/CAM_FRONT_RIGHT/n015-2018-11-21-19-11-29+0800__CAM_FRONT_RIGHT__1542798956520339.jpg", "samples/CAM_BACK_LEFT/n015-2018-11-21-19-11-29+0800__CAM_BACK_LEFT__1542798956547423.jpg", "samples/CAM_BACK/n015-2018-11-21-19-11-29+0800__CAM_BACK__1542798956537525.jpg", "samples/CAM_BACK_RIGHT/n015-2018-11-21-19-11-29+0800__CAM_BACK_RIGHT__1542798956527893.jpg"], "intrinsics": [[[1272.5979470598488, 0.0, 826.6154927353808], [0.0, 1272.5979470598488, 479.75165386361925], [0.0, 0.0, 1.0]], [[1266.417203046554, 0.0, 816.2670197447984], [0.0, 1266.417203046554, 491.50706579294757], [0.0, 0.0, 1.0]], [[1260.8474446004698, 0.0, 807.968244525554], [0.0, 1260.8474446004698, 495.3344268742088], [0.0, 0.0, 1.0]], [[1256.7414812095406, 0.0, 792.1125740759628], [0.0, 1256.7414812095406, 492.7757465151356], [0.0, 0.0, 1.0]], [[809.2209905677063, 0.0, 829.2196003259838], [0.0, 809.2209905677063, 481.77842384512485], [0.0, 0.0, 1.0]], [[1259.5137405846733, 0.0, 807.2529053838625], [0.0, 1259.5137405846733, 501.19579884916527], [0.0, 0.0, 1.0]]], "extrinsics": [[[0.8202857375144958, -0.5718966722488403, -0.008096352219581604, -0.701171875], [-0.01667468622326851, -0.009762542322278023, -0.9998132586479187, 1.5029239654541016], [0.5717108845710754, 0.8202675580978394, -0.017544269561767578, -1.098876953125], [0.0, 0.0, 0.0, 1.0]], [[0.005318877287209034, -0.9998931288719177, 0.01361148338764906, 0.0087890625], [-0.02184896171092987, -0.013724629767239094, -0.9996671080589294, 1.5147781372070312], [0.9997471570968628, 0.005019731353968382, -0.021919624879956245, -1.427734375], [0.0, 0.0, 0.0, 1.0]], [[-0.8330645561218262, -0.5530577898025513, 0.011425565928220749, 0.8609619140625], [-0.016091469675302505, 0.0035823003854602575, -0.9998640418052673, 1.5003089904785156], [0.5529416799545288, -0.833135187625885, -0.011883798986673355, -1.132568359375], [0.0, 0.0, 0.0, 1.0]], [[0.9476749897003174, 0.3188718259334564, -0.01526317372918129, -1.1351318359375], [-0.007143360562622547, -0.026618195697665215, -0.9996200799942017, 1.5885009765625], [-0.3191569447517395, 0.947424054145813, -0.022947579622268677, -0.10595703125], [0.0, 0.0, 0.0, 1.0]], [[0.0023357339669018984, 0.999858558177948, -0.016660597175359726, 0.001953125], [-0.03261971473693848, -0.01657559536397457, -0.9993303418159485, 1.5767555236816406], [-0.9994651079177856, 0.0028777020052075386,