[{"images": ["samples/CAM_FRONT_LEFT/n008-2018-08-31-11-56-46-0400__CAM_FRONT_LEFT__1535731142604799.jpg", "samples/CAM_FRONT/n008-2018-08-31-11-56-46-0400__CAM_FRONT__1535731142612404.jpg", "samples/CAM_FRONT_RIGHT/n008-2018-08-31-11-56-46-0400__CAM_FRONT_RIGHT__1535731142620482.jpg", "samples/CAM_BACK_LEFT/n008-2018-08-31-11-56-46-0400__CAM_BACK_LEFT__1535731142647405.jpg", "samples/CAM_BACK/n008-2018-08-31-11-56-46-0400__CAM_BACK__1535731142637558.jpg", "samples/CAM_BACK_RIGHT/n008-2018-08-31-11-56-46-0400__CAM_BACK_RIGHT__1535731142628113.jpg"], "intrinsics": [[[1257.8625342125129, 0.0, 827.2410631095686], [0.0, 1257.8625342125129, 450.915498205774], [0.0, 0.0, 1.0]], [[1252.8131021185304, 0.0, 826.588114781398], [0.0, 1252.8131021185304, 469.9846626224581], [0.0, 0.0, 1.0]], [[1256.7485116440405, 0.0, 817.7887570959712], [0.0, 1256.7485116440403, 451.9541780095127], [0.0, 0.0, 1.0]], [[1254.9860565800168, 0.0, 829.5769333630991], [0.0, 1254.9860565800168, 467.1680561863987], [0.0, 0.0, 1.0]], [[796.8910634503094, 0.0, 857.7774326863696], [0.0, 796.8910634503094, 476.8848988407415], [0.0, 0.0, 1.0]], [[1249.9629280788233, 0.0, 825.3768045375984], [0.0, 1249.9629280788233, 462.54816385708756], [0.0, 0.0, 1.0]]], "extrinsics": [[[0.8224007487297058, -0.568717360496521, -0.014752713032066822, -0.630615234375], [0.002636029152199626, 0.02974061854183674, -0.9995541572570801, 1.4893836975097656], [0.5689026117324829, 0.8219951391220093, 0.025957860052585602, -1.078643798828125], [0.0, 0.0, 0.0, 1.0]], [[0.00989148486405611, -0.9996229410171509, -0.025612054392695427, 0.011871337890625], [0.004465270321816206, 0.025657208636403084, -0.9996607899665833, 1.4817701578140259], [0.9999411106109619, 0.009773761965334415, 0.004717373754829168, -1.359375], [0.0, 0.0, 0.0, 1.0]], [[-0.8442043662071228, -0.5356653928756714, -0.019534047693014145, 0.844970703125], [0.012349102646112442, 0.016996746882796288, -0.999779224395752, 1.496647834777832], [0.5358791351318359, -0.8442592620849609, -0.007733743172138929, -1.11907958984375], [0.0, 0.0, 0.0, 1.0]], [[0.9478608965873718, 0.31867438554763794, -0.002501562936231494, -1.13134765625], [-0.01351116131991148, 0.0323423407971859, -0.9993854761123657, 1.5618629455566406], [-0.3183976709842682, 0.9473122954368591, 0.034961700439453125, -0.16033935546875], [0.0, 0.0, 0.0, 1.0]], [[0.00939627829939127, 0.9996528625488281, 0.024613777175545692, -0.028564453125], [-0.01122992392629385, 0.02471880428493023, -0.9996312856674194, 1.5667495727539062], [-0.9998927712440491, 0.009116400964558125, 0.011458290740847588, -0.071044921875], [0.0, 0.0, 0.0, 1.0]], [[-0.9236469864845276, 0.38317856192588806, 0.007098729256540537, 0.9632568359375], [-0.006869983859360218, 0.0019654231145977974, -0.9999744892120361, 1.5463452339172363], [-0.38318273425102234, -0.9236721992492676, 0.0008170744986273348, -0.123992919921875], [0.0, 0.0, 0.0, 1.0]]], "view": [[0.0, -2.0, 100.0], [-2.0, 0.0, 100.0], [0.0, 0.0, 1.0]], "bev": "bev_22300bb64113492a9fa81ebc7e6cd1c5.png", "aux": "aux_22300bb64113492a9fa81ebc7e6cd1c5.npz", "visibility": "visibility_22300bb64113492a9fa81ebc7e6cd1c5.png", "pose": [[-0.6524028778076172, 0.7578723430633545, 0.0, 938.002197265625], [-0.7578723430633545, -0.6524028778076172, 0.0, 643.8112182617188], [0.0, 0.0, 1.0, 0.0], [0.0, 0.0, 0.0, 1.0]], "pose_inverse": [[-0.6524028778076172, -0.7578723430633545, 0.0, 1099.882080078125], [0.7578723430633545, -0.6524028778076172, 0.0, -290.8616027832031], [0.0, 0.0, 1.0, 0.0], [0.0, 0.0, 0.0, 1.0]], "cam_ids": [0, 1, 2, 3, 4, 5], "cam_channels": ["CAM_FRONT_LEFT", "CAM_FRONT", "CAM_FRONT_RIGHT", "CAM_BACK_LEFT", "CAM_BACK", "CAM_BACK_RIGHT"], "token": "22300bb64113492a9fa81ebc7e6cd1c5", "scene": "scene-0391"}, {"images": ["samples/CAM_FRONT_LEFT/n008-2018-08-31-11-56-46-0400__CAM_FRONT_LEFT__1535731143104799.jpg", "samples/CAM_FRONT/n008-2018-08-31-11-56-46-0400__CAM_FRONT__1535731143112404.jpg", "samples/CAM_FRONT_RIGHT/n008-2018-08-31-11-56-46-0400__CAM_FRONT_RIGHT__1535731143120482.jpg", "samples/CAM_BACK_LEFT/n008-2018-08-31-11-56-46-0400__CAM_BACK_LEFT__1535731143147407.jpg", "samples/CAM_BACK/n008-2018-08-31-11-56-46-0400__CAM_BACK__1535731143137558.jpg", "samples/CAM_BACK_RIGHT/n008-2018-08-31-11-56-46-0400__CAM_BACK_RIGHT__1535731143128113.jpg"], "intrinsics": [[[1257.8625342125129, 0.0, 827.2410631095686], [0.0, 1257.8625342125129, 450.915498205774], [0.0, 0.0, 1.0]], [[1252.8131021185304, 0.0, 826.588114781398], [0.0, 1252.8131021185304, 469.9846626224581], [0.0, 0.0, 1.0]], [[1256.7485116440405, 0.0, 817.7887570959712], [0.0, 1256.7485116440403, 451.9541780095127], [0.0, 0.0, 1.0]], [[1254.9860565800168, 0.0, 829.5769333630991], [0.0, 1254.9860565800168, 467.1680561863987], [0.0, 0.0, 1.0]], [[796.8910634503094, 0.0, 857.7774326863696], [0.0, 796.8910634503094, 476.8848988407415], [0.0, 0.0, 1.0]], [[1249.9629280788233, 0.0, 825.3768045375984], [0.0, 1249.9629280788233, 462.54816385708756], [0.0, 0.0, 1.0]]], "extrinsics": [[[0.8222585916519165, -0.5688783526420593, -0.016377108171582222, -0.6385498046875], [0.0008775066235102713, 0.030043762177228928, -0.9995481967926025, 1.4886364936828613], [0.5691133737564087, 0.8218727111816406, 0.025202937424182892, -1.0816650390625], [0.0, 0.0, 0.0, 1.0]], [[0.009804570116102695, -0.9996199011802673, -0.025767996907234192, 0.009979248046875], [0.002767259255051613, 0.025796260684728622, -0.9996634125709534, 1.4811530113220215], [0.9999480247497559, 0.009729995392262936, 0.0030191291589289904, -1.3681640625], [0.0, 0.0, 0.0, 1.0]], [[-0.8442228436470032, -0.5356851816177368, -0.018139000982046127, 0.8509521484375], [0.010719080455601215, 0.016961555927991867, -0.9997986555099487, 1.496108055114746], [0.5358850359916687, -0.8442474007606506, -0.008577282540500164, -1.12457275390625], [0.0, 0.0, 0.0, 1.0]], [[0.9478511214256287, 0.31868594884872437, -0.004190166015177965, -1.1326904296875], [-0.015037222765386105, 0.03158421814441681, -0.9993879795074463, 1.5618629455566406], [-0.31835851073265076, 0.9473339319229126, 0.03472928702831268, -0.159912109375], [0.0, 0.0, 0.0, 1.0]], [[0.009411867707967758, 0.9996632933616638, 0.02418343722820282, -0.028045654296875], [-0.012823306024074554, 0.02430317923426628, -0.9996223449707031, 1.5666275024414062], [-0.9998734593391418, 0.009098110720515251, 0.013047724962234497, -0.067138671875], [0.0, 0.0, 0.0, 1.0]], [[-0.9236435294151306, 0.38315802812576294, 0.008504453115165234, 0.9691162109375], [-0.00846962071955204, 0.0017779171466827393, -0.999962568283081, 1.5460586547851562], [-0.3831588327884674, -0.9236810207366943, 0.0016030422411859035, -0.12255859375], [0.0, 0.0, 0.0, 1.0]]], "view": [[0.0, -2.0, 100.0], [-2.0, 0.0, 100.0], [0.0, 0.0, 1.0]], "bev": "bev_c85e8868441c487b93d59cb0e61210f6.png", "aux": "aux_c85e8868441c487b93d59cb0e61210f6.npz", "visibility": "visibility_c85e8868441c487b93d59cb0e61210f6.png", "pose": [[-0.6505183577537537, 0.7594904899597168, 0.0, 934.6766967773438], [-0.7594904899597168, -0.6505183577537537, 0.0, 639.986083984375], [0.0, 0.0, 1.0, 0.0], [0.0, 0.0, 0.0, 1.0]], "pose_inverse": [[-0.6505183577537537, -0.7594904899597168, 0.0, 1094.0877685546875], [0.7594904899597168, -0.6505183577537537, 0.0, -293.55535888671875], [0.0, 0.0, 1.0, 0.0], [0.0, 0.0, 0.0, 1.0]], "cam_ids": [0, 1, 2, 3, 4, 5], "cam_channels": ["CAM_FRONT_LEFT", "CAM_FRONT", "CAM_FRONT_RIGHT", "CAM_BACK_LEFT", "CAM_BACK", "CAM_BACK_RIGHT"], "token": "c85e8868441c487b93d59cb0e61210f6", "scene": "scene-0391"}, {"images": ["samples/CAM_FRONT_LEFT/n008-2018-08-31-11-56-46-0400__CAM_FRONT_LEFT__1535731143604799.jpg", "samples/CAM_FRONT/n008-2018-08-31-11-56-46-0400__CAM_FRONT__1535731143612404.jpg", "samples/CAM_FRONT_RIGHT/n008-2018-08-31-11-56-46-0400__CAM_FRONT_RIGHT__1535731143620482.jpg", "samples/CAM_BACK_LEFT/n008-2018-08-31-11-56-46-0400__CAM_BACK_LEFT__1535731143647405.jpg", "samples/CAM_BACK/n008-2018-08-31-11-56-46-0400__CAM_BACK__1535731143637558.jpg", "samples/CAM_BACK_RIGHT/n008-2018-08-31-11-56-46-0400__CAM_BACK_RIGHT__1535731143628113.jpg"], "intrinsics": [[[1257.8625342125129, 0.0, 827.2410631095686], [0.0, 1257.8625342125129, 450.915498205774], [0.0, 0.0, 1.0]], [[1252.8131021185304, 0.0, 826.588114781398], [0.0, 1252.8131021185304, 469.9846626224581], [0.0, 0.0, 1.0]], [[1256.7485116440405, 0.0, 817.7887570959712], [0.0, 1256.7485116440403, 451.9541780095127], [0.0, 0.0, 1.0]], [[1254.9860565800168, 0.0, 829.5769333630991], [0.0, 1254.9860565800168, 467.1680561863987], [0.0, 0.0, 1.0]], [[796.8910634503094, 0.0, 857.7774326863696], [0.0, 796.8910634503094, 476.8848988407415], [0.0, 0.0, 1.0]], [[1249.9629280788233, 0.0, 825.3768045375984], [0.0, 1249.9629280788233, 462.54816385708756], [0.0, 0.0, 1.0]]], "extrinsics": [[[0.822512686252594, -0.5685524344444275, -0.014867160469293594, -0.629150390625], [0.0006396383396349847, 0.027064917609095573, -0.9996334314346313, 1.4884443283081055], [0.5687463879585266, 0.8222017288208008, 0.0226249061524868, -1.079742431640625], [0.0, 0.0, 0.0, 1.0]], [[0.010133310221135616, -0.9996834397315979, -0.023028787225484848, 0.01336669921875], [0.0027904920279979706, 0.023058151826262474, -0.9997302293777466, 1.4811182022094727], [0.999944806098938, 0.010066364891827106, 0.0030232658609747887, -1.3592529296875], [0.0, 0.0, 0.0, 1.0]], [[-0.8440886735916138, -0.5359320044517517, -0.01706414669752121, 0.84515380859375], [0.011018822900950909, 0.014480303972959518, -0.999834418296814, 1.4962520599365234], [0.5360904335975647, -0.8441370129585266, -0.006317321211099625, -1.11785888671875], [0.0, 0.0, 0.0, 1.0]], [[0.9478552341461182, 0.31868207454681396, -0.0035089149605482817, -1.1285400390625], [-0.013804483227431774, 0.030053962022066116, -0.9994529485702515, 1.5618133544921875], [-0.3184022307395935, 0.9473850727081299, 0.032886046916246414, -0.16131591796875], [0.0, 0.0, 0.0, 1.0]], [[0.00930099468678236, 0.9997096061706543, 0.022230202332139015, -0.029083251953125], [-0.011910996399819851, 0.02234034799039364, -0.9996793866157532, 1.5666370391845703], [-0.9998859167098999, 0.009033198468387127, 0.012115323916077614, -0.072998046875], [0.0, 0.0, 0.0, 1.0]], [[-0.9237145185470581, 0.3830156624317169, 0.007107705343514681, 0.9619140625], [-0.00789706315845251, -0.0004886186216026545, -0.9999687075614929, 1.5461201667785645], [-0.3830001950263977, -0.9237416982650757, 0.003476043464615941, -0.1235809326171875], [0.0, 0.0, 0.0, 1.0]]], "view": [[0.0, -2.0, 100.0], [-2.0, 0.0, 100.0], [0.0, 0.0, 1.0]], "bev": "bev_9cc38d2667ca4846bb1603ab9c536646.png", "aux": "aux_9cc38d2667ca4846bb1603ab9c536646.npz", "visibility": "visibility_9cc38d2667ca4846bb1603ab9c536646.png", "pose": [[-0.6495198011398315, 0.7603446841239929, 0.0, 931.3260498046875], [-0.7603446841239929, -0.6495198011398315, 0.0, 636.1190185546875], [0.0, 0.0, 1.0, 0.0], [0.0, 0.0, 0.0, 1.0]], "pose_inverse": [[-0.6495198011398315, -0.7603446841239929, 0.0, 1088.58447265625], [0.7603446841239929, -0.6495198011398315, 0.0, -294.9569091796875], [0.0, 0.0, 1.0, 0.0], [0.0, 0.0, 0.0, 1.0]], "cam_ids": [0, 1, 2, 3, 4, 5], "cam_channels": ["CAM_FRONT_LEFT", "CAM_FRONT", "CAM_FRONT_RIGHT", "CAM_BACK_LEFT", "CAM_BACK", "CAM_BACK_RIGHT"], "token": "9cc38d2667ca4846bb1603ab9c536646", "scene": "scene-0391"}, {"images": ["samples/CAM_FRONT_LEFT/n008-2018-08-31-11-56-46-0400__CAM_FRONT_LEFT__1535731144154799.jpg", "samples/CAM_FRONT/n008-2018-08-31-11-56-46-0400__CAM_FRONT__1535731144162404.jpg", "samples/CAM_FRONT_RIGHT/n008-2018-08-31-11-56-46-0400__CAM_FRONT_RIGHT__1535731144170482.jpg", "samples/CAM_BACK_LEFT/n008-2018-08-31-11-56-46-0400__CAM_BACK_LEFT__1535731144197405.jpg", "samples/CAM_BACK/n008-2018-08-31-11-56-46-0400__CAM_BACK__1535731144187558.jpg", "samples/CAM_BACK_RIGHT/n008-2018-08-31-11-56-46-0400__CAM_BACK_RIGHT__1535731144178113.jpg"], "intrinsics": [[[1257.8625342125129, 0.0, 827.2410631095686], [0.0, 1257.8625342125129, 450.915498205774], [0.0, 0.0, 1.0]], [[1252.8131021185304, 0.0, 826.588114781398], [0.0, 1252.8131021185304, 469.9846626224581], [0.0, 0.0, 1.0]], [[1256.7485116440405, 0.0, 817.7887570959712], [0.0, 1256.7485116440403, 451.9541780095127], [0.0, 0.0, 1.0]], [[1254.9860565800168, 0.0, 829.5769333630991], [0.0, 1254.9860565800168, 467.1680561863987], [0.0, 0.0, 1.0]], [[796.8910634503094, 0.0, 857.7774326863696], [0.0, 796.8910634503094, 476.8848988407415], [0.0, 0.0, 1.0]], [[1249.9629280788233, 0.0, 825.3768045375984], [0.0, 1249.9629280788233, 462.54816385708756], [0.0, 0.0, 1.0]]], "extrinsics": [[[0.8226711750030518, -0.5683451890945435, -0.013993444852530956, -0.6346435546875], [0.0020358064211905003, 0.02755877934396267, -0.9996180534362793, 1.4890398979187012], [0.5685138702392578, 0.8223285675048828, 0.02382885478436947, -1.0845947265625], [0.0, 0.0, 0.0, 1.0]], [[0.010440030135214329, -0.9996740818023682, -0.02329404652118683, 0.0142822265625], [0.0042197080329060555, 0.023339152336120605, -0.9997187256813049, 1.4816066026687622], [0.999936580657959, 0.01033875159919262, 0.004461993928998709, -1.365234375], [0.0, 0.0, 0.0, 1.0]], [[-0.8439330458641052, -0.5361356139183044, -0.018318049609661102, 0.8494873046875], [0.012455683201551437, 0.014554010704159737, -0.9998164772987366, 1.4966049194335938], [0.5363038182258606, -0.844006359577179, -0.005604677367955446, -1.1195068359375], [0.0, 0.0, 0.0, 1.0]], [[0.9478569626808167, 0.3186849355697632, -0.0026448131538927555, -1.12713623046875], [-0.01269425917416811, 0.02946135587990284, -0.9994853138923645, 1.5618095397949219], [-0.3184430003166199, 0.9474026560783386, 0.03197062388062477, -0.1619873046875], [0.0, 0.0, 0.0, 1.0]], [[0.009176809340715408, 0.9997186064720154, 0.02187272347509861, -0.02947998046875], [-0.0107250502333045, 0.02197078987956047, -0.9997010827064514, 1.5667743682861328], [-0.9999004006385803, 0.008939443156123161, 0.010923655703663826, -0.072265625], [0.0, 0.0, 0.0, 1.0]], [[-0.9237940907478333, 0.38284599781036377, 0.005772670265287161, 0.964111328125], [-0.006509128492325544, -0.0006283168913796544, -0.9999786019325256, 1.5464377403259277], [-0.3828341066837311, -0.9238119125366211, 0.0030724285170435905, -0.12188720703125], [0.0, 0.0, 0.0, 1.0]]], "view": [[0.0, -2.0, 100.0], [-2.0, 0.0, 100.0], [0.0, 0.0, 1.0]], "bev": "bev_0ef18b1b42b54a038b61ea6409aab638.png", "aux": "aux_0ef18b1b42b54a038b61ea6409aab638.npz", "visibility": "visibility_0ef18b1b42b54a038b61ea6409aab638.png", "pose": [[-0.6502174735069275, 0.759748101234436, 0.0, 927.6353759765625], [-0.759748101234436, -0.6502174735069275, 0.0, 631.8819580078125], [0.0, 0.0, 1.0, 0.0], [0.0, 0.0, 0.0, 1.0]], "pose_inverse": [[-0.6502174735069275, -0.759748101234436, 0.0, 1083.23583984375], [0.759748101234436, -0.6502174735069275, 0.0, -293.9085388183594], [0.0, 0.0, 1.0, 0.0], [0.0, 0.0, 0.0, 1.0]], "cam_ids": [0, 1, 2, 3, 4, 5], "cam_channels": ["CAM_FRONT_LEFT", "CAM_FRONT", "CAM_FRONT_RIGHT", "CAM_BACK_LEFT", "CAM_BACK", "CAM_BACK_RIGHT"], "token": "0ef18b1b42b54a038b61ea6409aab638", "scene": "scene-0391"}, {"images": ["samples/CAM_FRONT_LEFT/n008-2018-08-31-11-56-46-0400__CAM_FRONT_LEFT__1535731144654799.jpg", "samples/CAM_FRONT/n008-2018-08-31-11-56-46-0400__CAM_FRONT__1535731144662404.jpg", "samples/CAM_FRONT_RIGHT/n008-2018-08-31-11-56-46-0400__CAM_FRONT_RIGHT__1535731144670482.jpg", "samples/CAM_BACK_LEFT/n008-2018-08-31-11-56-46-0400__CAM_BACK_LEFT__1535731144697405.jpg", "samples/CAM_BACK/n008-2018-08-31-11-56-46-0400__CAM_BACK__1535731144687558.jpg", "samples/CAM_BACK_RIGHT/n008-2018-08-31-11-56-46-0400__CAM_BACK_RIGHT__1535731144678113.jpg"], "intrinsics": [[[1257.8625342125129, 0.0, 827.2410631095686], [0.0, 1257.8625342125129, 450.915498205774], [0.0, 0.0, 1.0]], [[1252.8131021185304, 0.0, 826.588114781398], [0.0, 1252.8131021185304, 469.9846626224581], [0.0, 0.0, 1.0]], [[1256.7485116440405, 0.0, 817.7887570959712], [0.0, 1256.7485116440403, 451.9541780095127], [0.0, 0.0, 1.0]], [[1254.9860565800168, 0.0, 829.5769333630991], [0.0, 1254.9860565800168, 467.1680561863987], [0.0, 0.0, 1.0]], [[796.8910634503094, 0.0, 857.7774326863696], [0.0, 796.8910634503094, 476.8848988407415], [0.0, 0.0, 1.0]], [[1249.9629280788233, 0.0, 825.3768045375984], [0.0, 1249.9629280788233, 462.54816385708756], [0.0, 0.0, 1.0]]], "extrinsics": [[[0.8225511312484741, -0.5685164928436279, -0.014101064763963223, -0.632568359375], [0.003226150991395116, 0.029460091143846512, -0.9995607137680054, 1.4896154403686523], [0.5686821341514587, 0.8221443295478821, 0.026066549122333527, -1.081207275390625], [0.0, 0.0, 0.0, 1.0]], [[0.010363893583416939, -0.9996220469474792, -0.025467535480856895, 0.013092041015625], [0.005121779162436724, 0.025521637871861458, -0.9996611475944519, 1.4819673299789429], [0.9999331831932068, 0.01022993866354227, 0.005384346004575491, -1.3631591796875], [0.0, 0.0, 0.0, 1.0]], [[-0.8438926339149475, -0.5361311435699463, -0.0202165637165308, 0.8489990234375], [0.013103213161230087, 0.01707451231777668, -0.9997683167457581, 1.4967947006225586], [0.5363521575927734, -0.8439620137214661, -0.007384013384580612, -1.119873046875], [0.0, 0.0, 0.0, 1.0]], [[0.9478508234024048, 0.31871217489242554, -0.0011849713046103716, -1.12811279296875], [-0.012419190257787704, 0.03321904316544533, -0.9993709325790405, 1.5618267059326172], [-0.318472295999527, 0.9472692608833313, 0.035444844514131546, -0.16168212890625], [0.0, 0.0, 0.0, 1.0]], [[0.009086769074201584, 0.9996417760848999, 0.02517453022301197, -0.029449462890625], [-0.01027749665081501, 0.025267601013183594, -0.9996278882026672, 1.5668315887451172], [-0.9999059438705444, 0.008824603632092476, 0.010503414086997509, -0.071533203125], [0.0, 0.0, 0.0, 1.0]], [[-0.9238481521606445, 0.38270512223243713, 0.006435024086385965, 0.96484375], [-0.006031619850546122, 0.0022539279889315367, -0.9999792575836182, 1.5465340614318848], [-0.38271161913871765, -0.9238678216934204, 0.0002260435576317832, -0.121826171875], [0.0, 0.0, 0.0, 1.0]]], "view": [[0.0, -2.0, 100.0], [-2.0, 0.0, 100.0], [0.0, 0.0, 1.0]], "bev": "bev_4719cec6600d4291a822480fea047633.png", "aux": "aux_4719cec6600d4291a822480fea047633.npz", "visibility": "visibility_4719cec6600d4291a822480fea047633.png", "pose": [[-0.6495000720024109, 0.7603615522384644, 0.0, 924.2994384765625], [-0.7603615522384644, -0.6495000720024109, 0.0, 628.0553588867188], [0.0, 0.0, 1.0, 0.0], [0.0, 0.0, 0.0, 1.0]], "pose_inverse": [[-0.6495000720024109, -0.7603615522384644, 0.0, 1077.8817138671875], [0.7603615522384644, -0.6495000720024109, 0.0, -294.8797302246094], [0.0, 0.0, 1.0, 0.0], [0.0, 0.0, 0.0, 1.0]], "cam_ids": [0, 1, 2, 3, 4, 5], "cam_channels": ["CAM_FRONT_LEFT", "CAM_FRONT", "CAM_FRONT_RIGHT", "CAM_BACK_LEFT", "CAM_BACK", "CAM_BACK_RIGHT"], "token": "4719cec6600d4291a822480fea047633", "scene": "scene-0391"}, {"images": ["samples/CAM_FRONT_LEFT/n008-2018-08-31-11-56-46-0400__CAM_FRONT_LEFT__1535731145154799.jpg", "samples/CAM_FRONT/n008-2018-08-31-11-56-46-0400__CAM_FRONT__1535731145162404.jpg", "samples/CAM_FRONT_RIGHT/n008-2018-08-31-11-56-46-0400__CAM_FRONT_RIGHT__1535731145170482.jpg", "samples/CAM_BACK_LEFT/n008-2018-08-31-11-56-46-0400__CAM_BACK_LEFT__1535731145197405.jpg", "samples/CAM_BACK/n008-2018-08-31-11-56-46-0400__CAM_BACK__1535731145189484.jpg", "samples/CAM_BACK_RIGHT/n008-2018-08-31-11-56-46-0400__CAM_BACK_RIGHT__1535731145178113.jpg"], "intrinsics": [[[1257.8625342125129, 0.0, 827.2410631095686], [0.0, 1257.8625342125129, 450.915498205774], [0.0, 0.0, 1.0]], [[1252.8131021185304, 0.0, 826.588114781398], [0.0, 1252.8131021185304, 469.9846626224581], [0.0, 0.0, 1.0]], [[1256.7485116440405, 0.0, 817.7887570959712], [0.0, 1256.7485116440403, 451.9541780095127], [0.0, 0.0, 1.0]], [[1254.9860565800168, 0.0, 829.5769333630991], [0.0, 1254.9860565800168, 467.1680561863987], [0.0, 0.0, 1.0]], [[796.8910634503094, 0.0, 857.7774326863696], [0.0, 796.8910634503094, 476.8848988407415], [0.0, 0.0, 1.0]], [[1249.9629280788233, 0.0, 825.3768045375984], [0.0, 1249.9629280788233, 462.54816385708756], [0.0, 0.0, 1.0]]], "extrinsics": [[[0.8232384324073792, -0.5675429105758667, -0.013176907785236835, -0.634765625], [0.006466626189649105, 0.032584697008132935, -0.9994480609893799, 1.491081953048706], [0.5676590204238892, 0.8226987719535828, 0.030495062470436096, -1.08209228515625], [0.0, 0.0, 0.0, 1.0]], [[0.011305914260447025, -0.9995390772819519, -0.028176255524158478, 0.012451171875], [0.008316104300320148, 0.02827107347548008, -0.9995657205581665, 1.4831558465957642], [0.9999014735221863, 0.01106671616435051, 0.008631900884211063, -1.365234375], [0.0, 0.0, 0.0, 1.0]], [[-0.8435242176055908, -0.536547839641571, -0.024150390177965164, 0.85003662109375], [0.016251252964138985, 0.01944711059331894, -0.9996787905693054, 1.497685432434082], [0.5368452072143555, -0.8436458110809326, -0.0076845367439091206, -1.12188720703125], [0.0, 0.0, 0.0, 1.0]], [[0.9478517174720764, 0.31870755553245544, 0.0016556003829464316, -1.1343994140625], [-0.00975461583584547, 0.03420213609933853, -0.999367356300354, 1.5619430541992188], [-0.3185625374317169, 0.9472358226776123, 0.03552742302417755, -0.159423828125], [0.0, 0.0, 0.0, 1.0]], [[0.008906951174139977, 0.999602198600769, 0.026760753244161606, -0.028778076171875], [-0.00744839059188962, 0.026827393099665642, -0.9996122717857361, 1.5673589706420898], [-0.999932587146759, 0.008704141713678837, 0.007684378419071436, -0.047119140625], [0.0, 0.0, 0.0, 1.0]], [[-0.9239868521690369, 0.3823985159397125, 0.004440013784915209, 0.9676513671875], [-0.003032347885891795, 0.0042837560176849365, -0.9999861717224121, 1.547173023223877], [-0.38241222500801086, -0.9239875674247742, -0.0027985700871795416, -0.121856689453125], [0.0, 0.0, 0.0, 1.0]]], "view": [[0.0, -2.0, 100.0], [-2.0, 0.0, 100.0], [0.0, 0.0, 1.0]], "bev": "bev_26aabd99560f4f1b80f06ee936652ef5.png", "aux": "aux_26aabd99560f4f1b80f06ee936652ef5.npz", "visibility": "visibility_26aabd99560f4f1b80f06ee936652ef5.png", "pose": [[-0.6513868570327759, 0.7587457895278931, 0.0, 920.9763793945312], [-0.7587457895278931, -0.6513868570327759, 0.0, 624.2446899414062], [0.0, 0.0, 1.0, 0.0], [0.0, 0.0, 0.0, 1.0]], "pose_inverse": [[-0.6513868570327759, -0.7587457895278931, 0.0, 1073.554931640625], [0.7587457895278931, -0.6513868570327759, 0.0, -292.1622009277344], [0.0, 0.0, 1.0, 0.0], [0.0, 0.0, 0.0, 1.0]], "cam_ids": [0, 1, 2, 3, 4, 5], "cam_channels": ["CAM_FRONT_LEFT", "CAM_FRONT", "CAM_FRONT_RIGHT", "CAM_BACK_LEFT", "CAM_BACK", "CAM_BACK_RIGHT"], "token": "26aabd99560f4f1b80f06ee936652ef5", "scene": "scene-0391"}, {"images": ["samples/CAM_FRONT_LEFT/n008-2018-08-31-11-56-46-0400__CAM_FRONT_LEFT__1535731145654799.jpg", "samples/CAM_FRONT/n008-2018-08-31-11-56-46-0400__CAM_FRONT__1535731145662404.jpg", "samples/CAM_FRONT_RIGHT/n008-2018-08-31-11-56-46-0400__CAM_FRONT_RIGHT__1535731145670482.jpg", "samples/CAM_BACK_LEFT/n008-2018-08-31-11-56-46-0400__CAM_BACK_LEFT__1535731145697405.jpg", "samples/CAM_BACK/n008-2018-08-31-11-56-46-0400__CAM_BACK__1535731145687558.jpg", "samples/CAM_BACK_RIGHT/n008-2018-08-31-11-56-46-0400__CAM_BACK_RIGHT__1535731145678113.jpg"], "intrinsics": [[[1257.8625342125129, 0.0, 827.2410631095686], [0.0, 1257.8625342125129, 450.915498205774], [0.0, 0.0, 1.0]], [[1252.8131021185304, 0.0, 826.588114781398], [0.0, 1252.8131021185304, 469.9846626224581], [0.0, 0.0, 1.0]], [[1256.7485116440405, 0.0, 817.7887570959712], [0.0, 1256.7485116440403, 451.9541780095127], [0.0, 0.0, 1.0]], [[1254.9860565800168, 0.0, 829.5769333630991], [0.0, 1254.9860565800168, 467.1680561863987], [0.0, 0.0, 1.0]], [[796.8910634503094, 0.0, 857.7774326863696], [0.0, 796.8910634503094, 476.8848988407415], [0.0, 0.0, 1.0]], [[1249.9629280788233, 0.0, 825.3768045375984], [0.0, 1249.9629280788233, 462.54816385708756], [0.0, 0.0, 1.0]]], "extrinsics": [[[0.822473406791687, -0.5684430599212646, -0.020251203328371048, -0.6502685546875], [0.0051660998724401, 0.04306698217988014, -0.9990588426589966, 1.4903340339660645], [0.5687801241874695, 0.8215946555137634, 0.03835807740688324, -1.092803955078125], [0.0, 0.0, 0.0, 1.0]], [[0.010142678394913673, -0.9991960525512695, -0.038786742836236954, 0.012237548828125], [0.007153111044317484, 0.038860250264406204, -0.9992190599441528, 1.4825615882873535], [0.9999229907989502, 0.009857365861535072, 0.007541507948189974, -1.38232421875], [0.0, 0.0, 0.0, 1.0]], [[-0.8440401554107666, -0.53550124168396, -0.028888465836644173, 0.862548828125], [0.015145697630941868, 0.030043872073292732, -0.9994337558746338, 1.497115135192871], [0.5360659956932068, -0.8439999222755432, -0.017247699201107025, -1.1297607421875], [0.0, 0.0, 0.0, 1.0]], [[0.9478286504745483, 0.3187435269355774, 0.004833944607526064, -1.14111328125], [-0.009939605370163918, 0.044706519693136215, -0.998950719833374, 1.5620136260986328], [-0.31862524151802063, 0.9467860460281372, 0.04554230347275734, -0.15704345703125], [0.0, 0.0, 0.0, 1.0]], [[0.009174707345664501, 0.9992598295211792, 0.037360046058893204, -0.02886962890625], [-0.008042020723223686, 0.03743414208292961, -0.9992666840553284, 1.5672168731689453], [-0.9999256134033203, 0.008867446333169937, 0.008379512466490269, -0.0567626953125], [0.0, 0.0, 0.0, 1.0]], [[-0.923724889755249, 0.3829420506954193, 0.0093604801222682, 0.9794921875], [-0.00396808423101902, 0.014868969097733498, -0.9998815655708313, 1.5470099449157715], [-0.3830358386039734, -0.923652708530426, -0.01221529208123684, -0.116943359375], [0.0, 0.0, 0.0, 1.0]]], "view": [[0.0, -2.0, 100.0], [-2.0, 0.0, 100.0], [0.0, 0.0, 1.0]], "bev": "bev_8fe764dcb38b475692dbb78dda3f0b89.png", "aux": "aux_8fe764dcb38b475692dbb78dda3f0b89.npz", "visibility": "visibility_8fe764dcb38b475692dbb78dda3f0b89.png", "pose": [[-0.6517476439476013, 0.7584359049797058, 0.0, 917.6500854492188], [-0.7584359049797058, -0.6517476439476013, 0.0, 620.44189453125], [0.0, 0.0, 1.0, 0.0], [0.0, 0.0, 0.0, 1.0]], "pose_inverse": [[-0.6517476439476013, -0.7584359049797058, 0.0, 1068.6417236328125], [0.7584359049797058, -0.6517476439476013, 0.0, -291.60723876953125], [0.0, 0.0, 1.0, 0.0], [0.0, 0.0, 0.0, 1.0]], "cam_ids": [0, 1, 2, 3, 4, 5], "cam_channels": ["CAM_FRONT_LEFT", "CAM_FRONT", "CAM_FRONT_RIGHT", "CAM_BACK_LEFT", "CAM_BACK", "CAM_BACK_RIGHT"], "token": "8fe764dcb38b475692dbb78dda3f0b89", "scene": "scene-0391"}, {"images": ["samples/CAM_FRONT_LEFT/n008-2018-08-31-11-56-46-0400__CAM_FRONT_LEFT__1535731146154799.jpg", "samples/CAM_FRONT/n008-2018-08-31-11-56-46-0400__CAM_FRONT__1535731146162404.jpg", "samples/CAM_FRONT_RIGHT/n008-2018-08-31-11-56-46-0400__CAM_FRONT_RIGHT__1535731146170482.jpg", "samples/CAM_BACK_LEFT/n008-2018-08-31-11-56-46-0400__CAM_BACK_LEFT__1535731146197405.jpg", "samples/CAM_BACK/n008-2018-08-31-11-56-46-0400__CAM_BACK__1535731146187558.jpg", "samples/CAM_BACK_RIGHT/n008-2018-08-31-11-56-46-0400__CAM_BACK_RIGHT__1535731146178113.jpg"], "intrinsics": [[[1257.8625342125129, 0.0, 827.2410631095686], [0.0, 1257.8625342125129, 450.915498205774], [0.0, 0.0, 1.0]], [[1252.8131021185304, 0.0, 826.588114781398], [0.0, 1252.8131021185304, 469.9846626224581], [0.0, 0.0, 1.0]], [[1256.7485116440405, 0.0, 817.7887570959712], [0.0, 1256.7485116440403, 451.9541780095127], [0.0, 0.0, 1.0]], [[1254.9860565800168, 0.0, 829.5769333630991], [0.0, 1254.9860565800168, 467.1680561863987], [0.0, 0.0, 1.0]], [[796.8910634503094, 0.0, 857.7774326863696], [0.0, 796.8910634503094, 476.8848988407415], [0.0, 0.0, 1.0]], [[1249.9629280788233, 0.0, 825.3768045375984], [0.0, 1249.9629280788233, 462.54816385708756], [0.0, 0.0, 1.0]]], "extrinsics": [[[0.8226410150527954, -0.5682141780853271, -0.01985820382833481, -0.6597900390625], [0.0024233947042375803, 0.038431037217378616, -0.9992583394050598, 1.4891901016235352], [0.5685559511184692, 0.8219828009605408, 0.03299195319414139, -1.09857177734375], [0.0, 0.0, 0.0, 1.0]], [[0.010439055971801281, -0.9993643164634705, -0.03408803418278694, 0.01123046875], [0.004686978179961443, 0.03413841873407364, -0.999406099319458, 1.4816865921020508], [0.9999344944953918, 0.010273141786456108, 0.005040372721850872, -1.3936767578125], [0.0, 0.0, 0.0, 1.0]], [[-0.8438975811004639, -0.5359430313110352, -0.024533262476325035, 0.8719482421875], [0.013022003695368767, 0.02525290846824646, -0.9995962977409363, 1.4964227676391602], [0.5363461971282959, -0.8438763618469238, -0.014331817626953125, -1.13671875], [0.0, 0.0, 0.0, 1.0]], [[0.9478452801704407, 0.3187229037284851, 0.002212955616414547, -1.15252685546875], [-0.011108698323369026, 0.03997320309281349, -0.9991390109062195, 1.5621509552001953], [-0.3185369670391083, 0.9470046758651733, 0.04142901301383972, -0.15313720703125], [0.0, 0.0, 0.0, 1.0]], [[0.009086246602237225, 0.9994314312934875, 0.032470326870679855, -0.02850341796875], [-0.009431673213839531, 0.03255587816238403, -0.9994254112243652, 1.5672054290771484], [-0.9999142289161682, 0.008774747140705585, 0.009722121059894562, -0.044921875], [0.0, 0.0, 0.0, 1.0]], [[-0.9238294959068298, 0.38269785046577454, 0.009021501988172531, 0.99072265625], [-0.005615767557173967, 0.010015460662543774, -0.9999340772628784, 1.5467724800109863], [-0.3827628195285797, -0.9238192439079285, -0.0071034361608326435, -0.113311767578125], [0.0, 0.0, 0.0, 1.0]]], "view": [[0.0, -2.0, 100.0], [-2.0, 0.0, 100.0], [0.0, 0.0, 1.0]], "bev": "bev_e79cfcffba3c4a2ba8413bbef5c84dea.png", "aux": "aux_e79cfcffba3c4a2ba8413bbef5c84dea.npz", "visibility": "visibility_e79cfcffba3c4a2ba8413bbef5c84dea.png", "pose": [[-0.652035653591156, 0.7581883072853088, 0.0, 914.4185791015625], [-0.7581883072853088, -0.652035653591156, 0.0, 616.7366333007812], [0.0, 0.0, 1.0, 0.0], [0.0, 0.0, 0.0, 1.0]], "pose_inverse": [[-0.652035653591156, -0.7581883072853088, 0.0, 1063.8360595703125], [0.7581883072853088, -0.652035653591156, 0.0, -291.167236328125], [0.0, 0.0, 1.0, 0.0], [0.0, 0.0, 0.0, 1.0]], "cam_ids": [0, 1, 2, 3, 4, 5], "cam_channels": ["CAM_FRONT_LEFT", "CAM_FRONT", "CAM_FRONT_RIGHT", "CAM_BACK_LEFT", "CAM_BACK", "CAM_BACK_RIGHT"], "token": "e79cfcffba3c4a2ba8413bbef5c84dea", "scene": "scene-0391"}, {"images": ["samples/CAM_FRONT_LEFT/n008-2018-08-31-11-56-46-0400__CAM_FRONT_LEFT__1535731146654799.jpg", "samples/CAM_FRONT/n008-2018-08-31-11-56-46-0400__CAM_FRONT__1535731146662404.jpg", "samples/CAM_FRONT_RIGHT/n008-2018-08-31-11-56-46-0400__CAM_FRONT_RIGHT__1535731146670482.jpg", "samples/CAM_BACK_LEFT/n008-2018-08-31-11-56-46-0400__CAM_BACK_LEFT__1535731146697405.jpg", "samples/CAM_BACK/n008-2018-08-31-11-56-46-0400__CAM_BACK__1535731146687558.jpg", "samples/CAM_BACK_RIGHT/n008-2018-08-31-11-56-46-0400__CAM_BACK_RIGHT__1535731146678113.jpg"], "intrinsics": [[[1257.8625342125129, 0.0, 827.2410631095686], [0.0, 1257.8625342125129, 450.915498205774], [0.0, 0.0, 1.0]], [[1252.8131021185304, 0.0, 826.588114781398], [0.0, 1252.8131021185304, 469.9846626224581], [0.0, 0.0, 1.0]], [[1256.7485116440405, 0.0, 817.7887570959712], [0.0, 1256.7485116440403, 451.9541780095127], [0.0, 0.0, 1.0]], [[1254.9860565800168, 0.0, 829.5769333630991], [0.0, 1254.9860565800168, 467.1680561863987], [0.0, 0.0, 1.0]], [[796.8910634503094, 0.0, 857.7774326863696], [0.0, 796.8910634503094, 476.8848988407415], [0.0, 0.0, 1.0]], [[1249.9629280788233, 0.0, 825.3768045375984], [0.0, 1249.9629280788233, 462.54816385708756], [0.0, 0.0, 1.0]]], "extrinsics": [[[0.8227928280830383, -0.568108320236206, -0.0162793081253767, -0.672607421875], [0.005426384974271059, 0.03649482876062393, -0.9993190765380859, 1.490312099456787], [0.5683155655860901, 0.8221442103385925, 0.03311045467853546, -1.1090087890625], [0.0, 0.0, 0.0, 1.0]], [[0.010627416893839836, -0.9994243383407593, -0.03221918269991875, 0.0123291015625], [0.007238066289573908, 0.0322970449924469, -0.9994521141052246, 1.482413411140442], [0.9999173879623413, 0.010388389229774475, 0.007577132433652878, -1.408447265625], [0.0, 0.0, 0.0, 1.0]], [[-0.8438317179679871, -0.5360088348388672, -0.02534807100892067, 0.88336181640625], [0.015109336003661156, 0.023485520854592323, -0.9996099472045898, 1.4967451095581055], [0.5363951325416565, -0.8438856601715088, -0.01171908900141716, -1.14251708984375], [0.0, 0.0, 0.0, 1.0]], [[0.9478533267974854, 0.318700909614563, 0.0019085102248936892, -1.15838623046875], [-0.010778089985251427, 0.038039013743400574, -0.9992181062698364, 1.5622177124023438], [-0.3185243308544159, 0.9470917582511902, 0.039490390568971634, -0.15093994140625], [0.0, 0.0, 0.0, 1.0]], [[0.009084248915314674, 0.9994887113571167, 0.030655555427074432, -0.029052734375], [-0.008562924340367317, 0.03073345124721527, -0.9994909167289734, 1.567342758178711], [-0.9999220371246338, 0.008817000314593315, 0.008837737143039703, -0.036376953125], [0.0, 0.0, 0.0, 1.0]], [[-0.9238317012786865, 0.3827344477176666, 0.007027630228549242, 1.0003662109375], [-0.004183952696621418, 0.00826176255941391, -0.9999571442604065, 1.5470733642578125], [-0.38277608156204224, -0.9238215088844299, -0.00603113416582346, -0.1079559326171875], [0.0, 0.0, 0.0, 1.0]]], "view": [[0.0, -2.0, 100.0], [-2.0, 0.0, 100.0], [0.0, 0.0, 1.0]], "bev": "bev_dc424f489d894f9590076d308a67098e.png", "aux": "aux_dc424f489d894f9590076d308a67098e.npz", "visibility": "visibility_dc424f489d894f9590076d308a67098e.png", "pose": [[-0.6506306529045105, 0.7593943476676941, 0.0, 911.1307983398438], [-0.7593943476676941, -0.6506306529045105, 0.0, 612.9671020507812], [0.0, 0.0, 1.0, 0.0], [0.0, 0.0, 0.0, 1.0]], "pose_inverse": [[-0.6506306529045105, -0.7593943476676941, 0.0, 1058.2933349609375], [0.7593943476676941, -0.6506306529045105, 0.0, -293.0923767089844], [0.0, 0.0, 1.0, 0.0], [0.0, 0.0, 0.0, 1.0]], "cam_ids": [0, 1, 2, 3, 4, 5], "cam_channels": ["CAM_FRONT_LEFT", "CAM_FRONT", "CAM_FRONT_RIGHT", "CAM_BACK_LEFT", "CAM_BACK", "CAM_BACK_RIGHT"], "token": "dc424f489d894f9590076d308a67098e", "scene": "scene-0391"}, {"images": ["samples/CAM_FRONT_LEFT/n008-2018-08-31-11-56-46-0400__CAM_FRONT_LEFT__1535731147154799.jpg", "samples/CAM_FRONT/n008-2018-08-31-11-56-46-0400__CAM_FRONT__1535731147162404.jpg", "samples/CAM_FRONT_RIGHT/n008-2018-08-31-11-56-46-0400__CAM_FRONT_RIGHT__1535731147170482.jpg", "samples/CAM_BACK_LEFT/n008-2018-08-31-11-56-46-0400__CAM_BACK_LEFT__1535731147197405.jpg", "samples/CAM_BACK/n008-2018-08-31-11-56-46-0400__CAM_BACK__1535731147187558.jpg", "samples/CAM_BACK_RIGHT/n008-2018-08-31-11-56-46-0400__CAM_BACK_RIGHT__1535731147178113.jpg"], "intrinsics": [[[1257.8625342125129, 0.0, 827.2410631095686], [0.0, 1257.8625342125129, 450.915498205774], [0.0, 0.0, 1.0]], [[1252.8131021185304, 0.0, 826.588114781398], [0.0, 1252.8131021185304, 469.9846626224581], [0.0, 0.0, 1.0]], [[1256.7485116440405, 0.0, 817.7887570959712], [0.0, 1256.7485116440403, 451.9541780095127], [0.0, 0.0, 1.0]], [[1254.9860565800168, 0.0, 829.5769333630991], [0.0, 1254.9860565800168, 467.1680561863987], [0.0, 0.0, 1.0]], [[796.8910634503094, 0.0, 857.7774326863696], [0.0, 796.8910634503094, 476.8848988407415], [0.0, 0.0, 1.0]], [[1249.9629280788233, 0.0, 825.3768045375984], [0.0, 1249.9629280788233, 462.54816385708756], [0.0, 0.0, 1.0]]], "extrinsics": [[[0.822361409664154, -0.5686109662055969, -0.02008310705423355, -0.6817626953125], [0.0009858282282948494, 0.03672151640057564, -0.9993250370025635, 1.4885120391845703], [0.5689646005630493, 0.8217865228652954, 0.03075891174376011, -1.115234375], [0.0, 0.0, 0.0, 1.0]], [[0.009950011968612671, -0.9994208812713623, -0.03253742679953575, 0.0120849609375], [0.002850055694580078, 0.03256724774837494, -0.9994655251502991, 1.4809517860412598], [0.9999463558197021, 0.009851882234215736, 0.003172449767589569, -1.4180908203125], [0.0, 0.0, 0.0, 1.0]], [[-0.8441717624664307, -0.5356253981590271, -0.021894199773669243, 0.8902587890625], [0.01081090234220028, 0.0238234493881464, -0.9996577501296997, 1.4955945014953613], [0.535963773727417, -0.844119668006897, -0.0143204927444458, -1.14739990234375], [0.0, 0.0, 0.0, 1.0]], [[0.9478349089622498, 0.3187585473060608, -0.001443500048480928, -1.15924072265625], [-0.014556209556758404, 0.03875855356454849, -0.999142587184906, 1.5622882843017578], [-0.3184293210506439, 0.9470431208610535, 0.04137662425637245, -0.15069580078125], [0.0, 0.0, 0.0, 1.0]], [[0.009341040626168251, 0.9994691014289856, 0.031213587149977684, -0.028961181640625], [-0.012419367209076881, 0.03132849931716919, -0.9994319081306458, 1.5670852661132812], [-0.9998791813850403, 0.008948009461164474, 0.012705410830676556, -0.03271484375], [0.0, 0.0, 0.0, 1.0]], [[-0.9236688613891602, 0.38303476572036743, 0.010951025411486626, 1.0064697265625], [-0.008245286531746387, 0.008705012500286102, -0.9999281167984009, 1.5464286804199219], [-0.38310253620147705, -0.9236928820610046, -0.004882317967712879, -0.1058807373046875], [0.0, 0.0, 0.0, 1.0]]], "view": [[0.0, -2.0, 100.0], [-2.0, 0.0, 100.0], [0.0, 0.0, 1.0]], "bev": "bev_e9ce0a2ec4594a608c0f8482ebb340a5.png", "aux": "aux_e9ce0a2ec4594a608c0f8482ebb340a5.npz", "visibility": "visibility_e9ce0a2ec4594a608c0f8482ebb340a5.png", "pose": [[-0.649918794631958, 0.7600036263465881, 0.0, 907.954345703125], [-0.7600036263465881, -0.649918794631958, 0.0, 609.3284301757812], [0.0, 0.0, 1.0, 0.0], [0.0, 0.0, 0.0, 1.0]], "pose_inverse": [[-0.649918794631958, -0.7600036263465881, 0.0, 1053.1884765625], [0.7600036263465881, -0.649918794631958, 0.0, -294.0345764160156], [0.0, 0.0, 1.0, 0.0], [0.0, 0.0, 0.0, 1.0]], "cam_ids": [0, 1, 2, 3, 4, 5], "cam_channels": ["CAM_FRONT_LEFT", "CAM_FRONT", "CAM_FRONT_RIGHT", "CAM_BACK_LEFT", "CAM_BACK", "CAM_BACK_RIGHT"], "token": "e9ce0a2ec4594a608c0f8482ebb340a5", "scene": "scene-0391"}, {"images": ["samples/CAM_FRONT_LEFT/n008-2018-08-31-11-56-46-0400__CAM_FRONT_LEFT__1535731147654799.jpg", "samples/CAM_FRONT/n008-2018-08-31-11-56-46-0400__CAM_FRONT__1535731147662404.jpg", "samples/CAM_FRONT_RIGHT/n008-2018-08-31-11-56-46-0400__CAM_FRONT_RIGHT__1535731147670482.jpg", "samples/CAM_BACK_LEFT/n008-2018-08-31-11-56-46-0400__CAM_BACK_LEFT__1535731147697405.jpg", "samples/CAM_BACK/n008-2018-08-31-11-56-46-0400__CAM_BACK__1535731147687558.jpg", "samples/CAM_BACK_RIGHT/n008-2018-08-31-11-56-46-0400__CAM_BACK_RIGHT__1535731147678113.jpg"], "intrinsics": [[[1257.8625342125129, 0.0, 827.2410631095686], [0.0, 1257.8625342125129, 450.915498205774], [0.0, 0.0, 1.0]], [[1252.8131021185304, 0.0, 826.588114781398], [0.0, 1252.8131021185304, 469.9846626224581], [0.0, 0.0, 1.0]], [[1256.7485116440405, 0.0, 817.7887570959712], [0.0, 1256.7485116440403, 451.9541780095127], [0.0, 0.0, 1.0]], [[1254.9860565800168, 0.0, 829.5769333630991], [0.0, 1254.9860565800168, 467.1680561863987], [0.0, 0.0, 1.0]], [[796.8910634503094, 0.0, 857.7774326863696], [0.0, 796.8910634503094, 476.8848988407415], [0.0, 0.0, 1.0]], [[1249.9629280788233, 0.0, 825.3768045375984], [0.0, 1249.9629280788233, 462.54816385708756], [0.0, 0.0, 1.0]]], "extrinsics": [[[0.8223453164100647, -0.5687311291694641, -0.017128271982073784, -0.6708984375], [0.006153231021016836, 0.038990315049886703, -0.9992206692695618, 1.4906692504882812], [0.5689556002616882, 0.8215988874435425, 0.03556303307414055, -1.105621337890625], [0.0, 0.0, 0.0, 1.0]], [[0.010002861730754375, -0.9993448257446289, -0.034782811999320984, 0.01104736328125], [0.008238398469984531, 0.03486573323607445, -0.999358057975769, 1.482793927192688], [0.9999160170555115, 0.009709937497973442, 0.008581756614148617, -1.405517578125], [0.0, 0.0, 0.0, 1.0]], [[-0.844063937664032, -0.5355201959609985, -0.02782502770423889, 0.88092041015625], [0.016359515488147736, 0.02614898420870304, -0.9995241761207581, 1.4971065521240234], [0.5359929800033569, -0.8441175222396851, -0.01331056747585535, -1.14227294921875], [0.0, 0.0, 0.0, 1.0]], [[0.9478363990783691, 0.3187159597873688, 0.0051340870559215546, -1.16156005859375], [-0.008458461612462997, 0.04124917462468147, -0.9991130828857422, 1.562204360961914], [-0.31864508986473083, 0.9469522833824158, 0.04179331287741661, -0.1500244140625], [0.0, 0.0, 0.0, 1.0]], [[0.009177379310131073, 0.9993892908096313, 0.033717233687639236, -0.028717041015625], [-0.0065488326363265514, 0.03377799689769745, -0.9994078278541565, 1.5675