[{"images": ["samples/CAM_FRONT_LEFT/n008-2018-08-29-16-04-13-0400__CAM_FRONT_LEFT__1535573862854799.jpg", "samples/CAM_FRONT/n008-2018-08-29-16-04-13-0400__CAM_FRONT__1535573862864634.jpg", "samples/CAM_FRONT_RIGHT/n008-2018-08-29-16-04-13-0400__CAM_FRONT_RIGHT__1535573862870482.jpg", "samples/CAM_BACK_LEFT/n008-2018-08-29-16-04-13-0400__CAM_BACK_LEFT__1535573862897405.jpg", "samples/CAM_BACK/n008-2018-08-29-16-04-13-0400__CAM_BACK__1535573862887558.jpg", "samples/CAM_BACK_RIGHT/n008-2018-08-29-16-04-13-0400__CAM_BACK_RIGHT__1535573862878113.jpg"], "intrinsics": [[[1257.8625342125129, 0.0, 827.2410631095686], [0.0, 1257.8625342125129, 450.915498205774], [0.0, 0.0, 1.0]], [[1252.8131021185304, 0.0, 826.588114781398], [0.0, 1252.8131021185304, 469.9846626224581], [0.0, 0.0, 1.0]], [[1256.7485116440405, 0.0, 817.7887570959712], [0.0, 1256.7485116440403, 451.9541780095127], [0.0, 0.0, 1.0]], [[1254.9860565800168, 0.0, 829.5769333630991], [0.0, 1254.9860565800168, 467.1680561863987], [0.0, 0.0, 1.0]], [[796.8910634503094, 0.0, 857.7774326863696], [0.0, 796.8910634503094, 476.8848988407415], [0.0, 0.0, 1.0]], [[1249.9629280788233, 0.0, 825.3768045375984], [0.0, 1249.9629280788233, 462.54816385708756], [0.0, 0.0, 1.0]]], "extrinsics": [[[0.8225705027580261, -0.568661630153656, -0.001321628107689321, -1.0048828125], [0.019058916717767715, 0.02989141456782818, -0.9993714094161987, 1.4883003234863281], [0.5683437585830688, 0.8220282793045044, 0.03542586788535118, -1.3333740234375], [0.0, 0.0, 0.0, 1.0]], [[0.010481621138751507, -0.9996187090873718, -0.02554369904100895, 0.0054931640625], [0.021037278696894646, 0.025759892538189888, -0.9994468092918396, 1.4801597595214844], [0.9997237920761108, 0.009938433766365051, 0.021299265325069427, -1.7347412109375], [0.0, 0.0, 0.0, 1.0]], [[-0.8436766266822815, -0.5357939600944519, -0.03368350863456726, 1.09063720703125], [0.029061444103717804, 0.017069825902581215, -0.999431848526001, 1.493072509765625], [0.5360645055770874, -0.8441762328147888, 0.0011695320717990398, -1.277587890625], [0.0, 0.0, 0.0, 1.0]], [[0.9478146433830261, 0.3185254633426666, 0.013751771301031113, -1.1439208984375], [0.0036651375703513622, 0.03224438801407814, -0.9994732737541199, 1.562042236328125], [-0.31880107522010803, 0.9473657608032227, 0.029394255951046944, -0.15625], [0.0, 0.0, 0.0, 1.0]], [[0.009007420390844345, 0.9996528029441833, 0.02476193755865097, -0.02880859375], [0.005797776859253645, 0.024710316210985184, -0.9996777772903442, 1.5680618286132812], [-0.9999426603317261, 0.009148159995675087, -0.005573187489062548, 0.044403076171875], [0.0, 0.0, 0.0, 1.0]], [[-0.9236635565757751, 0.3831108808517456, -0.008472882211208344, 1.16070556640625], [0.010004046373069286, 0.002004459034651518, -0.9999479651451111, 1.5478112697601318], [-0.3830738365650177, -0.923700213432312, -0.005684101954102516, -0.043701171875], [0.0, 0.0, 0.0, 1.0]]], "view": [[0.0, -2.0, 100.0], [-2.0, 0.0, 100.0], [0.0, 0.0, 1.0]], "bev": "bev_5a066ff8e0aa48e68e0c17d17eac7813.png", "aux": "aux_5a066ff8e0aa48e68e0c17d17eac7813.npz", "visibility": "visibility_5a066ff8e0aa48e68e0c17d17eac7813.png", "pose": [[0.7606898546218872, 0.6491155624389648, 0.0, 858.8150634765625], [-0.6491155624389648, 0.7606898546218872, 0.0, 1429.0826416015625], [0.0, 0.0, 1.0, 0.0], [0.0, 0.0, 0.0, 1.0]], "pose_inverse": [[0.7606898546218872, -0.6491155624389648, 0.0, 274.3478698730469], [0.6491155624389648, 0.7606898546218872, 0.0, -1644.558837890625], [0.0, 0.0, 1.0, 0.0], [0.0, 0.0, 0.0, 1.0]], "cam_ids": [0, 1, 2, 3, 4, 5], "cam_channels": ["CAM_FRONT_LEFT", "CAM_FRONT", "CAM_FRONT_RIGHT", "CAM_BACK_LEFT", "CAM_BACK", "CAM_BACK_RIGHT"], "token": "5a066ff8e0aa48e68e0c17d17eac7813", "scene": "scene-0728"}, {"images": ["samples/CAM_FRONT_LEFT/n008-2018-08-29-16-04-13-0400__CAM_FRONT_LEFT__1535573863354799.jpg", "samples/CAM_FRONT/n008-2018-08-29-16-04-13-0400__CAM_FRONT__1535573863362404.jpg", "samples/CAM_FRONT_RIGHT/n008-2018-08-29-16-04-13-0400__CAM_FRONT_RIGHT__1535573863370482.jpg", "samples/CAM_BACK_LEFT/n008-2018-08-29-16-04-13-0400__CAM_BACK_LEFT__1535573863397405.jpg", "samples/CAM_BACK/n008-2018-08-29-16-04-13-0400__CAM_BACK__1535573863387558.jpg", "samples/CAM_BACK_RIGHT/n008-2018-08-29-16-04-13-0400__CAM_BACK_RIGHT__1535573863378113.jpg"], "intrinsics": [[[1257.8625342125129, 0.0, 827.2410631095686], [0.0, 1257.8625342125129, 450.915498205774], [0.0, 0.0, 1.0]], [[1252.8131021185304, 0.0, 826.588114781398], [0.0, 1252.8131021185304, 469.9846626224581], [0.0, 0.0, 1.0]], [[1256.7485116440405, 0.0, 817.7887570959712], [0.0, 1256.7485116440403, 451.9541780095127], [0.0, 0.0, 1.0]], [[1254.9860565800168, 0.0, 829.5769333630991], [0.0, 1254.9860565800168, 467.1680561863987], [0.0, 0.0, 1.0]], [[796.8910634503094, 0.0, 857.7774326863696], [0.0, 796.8910634503094, 476.8848988407415], [0.0, 0.0, 1.0]], [[1249.9629280788233, 0.0, 825.3768045375984], [0.0, 1249.9629280788233, 462.54816385708756], [0.0, 0.0, 1.0]]], "extrinsics": [[[0.8225598931312561, -0.5686773061752319, -0.0013028066605329514, -1.0050048828125], [0.019005214795470238, 0.02977949194610119, -0.9993758201599121, 1.4882926940917969], [0.5683610439300537, 0.8220216035842896, 0.03530324250459671, -1.3333740234375], [0.0, 0.0, 0.0, 1.0]], [[0.010465368628501892, -0.9996212720870972, -0.0254521481692791, 0.00537109375], [0.020950814709067345, 0.025667157024145126, -0.9994509816169739, 1.48016357421875], [0.9997256994247437, 0.00992639735341072, 0.021211493760347366, -1.7347412109375], [0.0, 0.0, 0.0, 1.0]], [[-0.8436852097511292, -0.5357882380485535, -0.033558327704668045, 1.0906982421875], [0.028973955661058426, 0.016974054276943207, -0.9994360208511353, 1.4930706024169922], [0.5360557436943054, -0.8441817760467529, 0.001203145133331418, -1.2777099609375], [0.0, 0.0, 0.0, 1.0]], [[0.9478148221969604, 0.318529337644577, 0.013647795654833317, -1.143951416015625], [0.0035951847676187754, 0.032126061618328094, -0.9994773864746094, 1.562042236328125], [-0.3188013732433319, 0.9473684430122375, 0.02930438332259655, -0.156005859375], [0.0, 0.0, 0.0, 1.0]], [[0.009012634865939617, 0.9996550679206848, 0.024668389931321144, -0.0286865234375], [0.005723107606172562, 0.024617422372102737, -0.9996805191040039, 1.5680656433105469], [-0.99994295835495, 0.009150964207947254, -0.005499265156686306, 0.044403076171875], [0.0, 0.0, 0.0, 1.0]], [[-0.9236613512039185, 0.38311702013015747, -0.008431434631347656, 1.16070556640625], [0.009921438992023468, 0.0019133699825033545, -0.9999489784240723, 1.5478131771087646], [-0.383081316947937, -0.923697829246521, -0.005568375810980797, -0.043701171875], [0.0, 0.0, 0.0, 1.0]]], "view": [[0.0, -2.0, 100.0], [-2.0, 0.0, 100.0], [0.0, 0.0, 1.0]], "bev": "bev_7fbcd7ef482b427eb22e6ddf910c4913.png", "aux": "aux_7fbcd7ef482b427eb22e6ddf910c4913.npz", "visibility": "visibility_7fbcd7ef482b427eb22e6ddf910c4913.png", "pose": [[0.760697066783905, 0.6491070985794067, 0.0, 858.8150634765625], [-0.6491070985794067, 0.760697066783905, 0.0, 1429.0826416015625], [0.0, 0.0, 1.0, 0.0], [0.0, 0.0, 0.0, 1.0]], "pose_inverse": [[0.760697066783905, -0.6491070985794067, 0.0, 274.32958984375], [0.6491070985794067, 0.760697066783905, 0.0, -1644.5618896484375], [0.0, 0.0, 1.0, 0.0], [0.0, 0.0, 0.0, 1.0]], "cam_ids": [0, 1, 2, 3, 4, 5], "cam_channels": ["CAM_FRONT_LEFT", "CAM_FRONT", "CAM_FRONT_RIGHT", "CAM_BACK_LEFT", "CAM_BACK", "CAM_BACK_RIGHT"], "token": "7fbcd7ef482b427eb22e6ddf910c4913", "scene": "scene-0728"}, {"images": ["samples/CAM_FRONT_LEFT/n008-2018-08-29-16-04-13-0400__CAM_FRONT_LEFT__1535573863854799.jpg", "samples/CAM_FRONT/n008-2018-08-29-16-04-13-0400__CAM_FRONT__1535573863862404.jpg", "samples/CAM_FRONT_RIGHT/n008-2018-08-29-16-04-13-0400__CAM_FRONT_RIGHT__1535573863870482.jpg", "samples/CAM_BACK_LEFT/n008-2018-08-29-16-04-13-0400__CAM_BACK_LEFT__1535573863897405.jpg", "samples/CAM_BACK/n008-2018-08-29-16-04-13-0400__CAM_BACK__1535573863887558.jpg", "samples/CAM_BACK_RIGHT/n008-2018-08-29-16-04-13-0400__CAM_BACK_RIGHT__1535573863878113.jpg"], "intrinsics": [[[1257.8625342125129, 0.0, 827.2410631095686], [0.0, 1257.8625342125129, 450.915498205774], [0.0, 0.0, 1.0]], [[1252.8131021185304, 0.0, 826.588114781398], [0.0, 1252.8131021185304, 469.9846626224581], [0.0, 0.0, 1.0]], [[1256.7485116440405, 0.0, 817.7887570959712], [0.0, 1256.7485116440403, 451.9541780095127], [0.0, 0.0, 1.0]], [[1254.9860565800168, 0.0, 829.5769333630991], [0.0, 1254.9860565800168, 467.1680561863987], [0.0, 0.0, 1.0]], [[796.8910634503094, 0.0, 857.7774326863696], [0.0, 796.8910634503094, 476.8848988407415], [0.0, 0.0, 1.0]], [[1249.9629280788233, 0.0, 825.3768045375984], [0.0, 1249.9629280788233, 462.54816385708756], [0.0, 0.0, 1.0]]], "extrinsics": [[[0.8225582242012024, -0.5686794519424438, -0.0012765167048200965, -1.0050048828125], [0.01903749443590641, 0.029779816046357155, -0.9993751645088196, 1.4882926940917969], [0.5683621764183044, 0.8220200538635254, 0.03532186895608902, -1.3333740234375], [0.0, 0.0, 0.0, 1.0]], [[0.010463908314704895, -0.9996213912963867, -0.025448864325881004, 0.0052490234375], [0.021001411601901054, 0.02566433884203434, -0.9994500279426575, 1.4801597595214844], [0.9997246265411377, 0.009923608042299747, 0.02126201055943966, -1.7347412109375], [0.0, 0.0, 0.0, 1.0]], [[-0.8436846733093262, -0.5357860326766968, -0.03360748663544655, 1.0906982421875], [0.02902689389884472, 0.016982395201921463, -0.9994343519210815, 1.493072509765625], [0.5360537171363831, -0.8441830277442932, 0.0012244167737662792, -1.2777099609375], [0.0, 0.0, 0.0, 1.0]], [[0.9478161334991455, 0.3185221552848816, 0.013718710280954838, -1.143798828125], [0.003659725422039628, 0.03215719014406204, -0.9994761347770691, 1.5620460510253906], [-0.31879645586013794, 0.9473698139190674, 0.029313398525118828, -0.1561279296875], [0.0, 0.0, 0.0, 1.0]], [[0.009013383649289608, 0.9996546506881714, 0.024682575836777687, -0.0289306640625], [0.005781395360827446, 0.024631069973111153, -0.9996798634529114, 1.5680656433105469], [-0.9999426603317261, 0.00915323756635189, -0.005557389464229345, 0.044281005859375], [0.0, 0.0, 0.0, 1.0]], [[-0.9236602187156677, 0.38311880826950073, -0.00847428385168314, 1.1607666015625], [0.009971702471375465, 0.0019226899603381753, -0.9999484419822693, 1.5478100776672363], [-0.38308268785476685, -0.9236969947814941, -0.005596259143203497, -0.043701171875], [0.0, 0.0, 0.0, 1.0]]], "view": [[0.0, -2.0, 100.0], [-2.0, 0.0, 100.0], [0.0, 0.0, 1.0]], "bev": "bev_551fafebecad4a93900ce21d1b2b7a6b.png", "aux": "aux_551fafebecad4a93900ce21d1b2b7a6b.npz", "visibility": "visibility_551fafebecad4a93900ce21d1b2b7a6b.png", "pose": [[0.7606602907180786, 0.6491501331329346, 0.0, 858.8150024414062], [-0.6491501331329346, 0.7606602907180786, 0.0, 1429.082763671875], [0.0, 0.0, 1.0, 0.0], [0.0, 0.0, 0.0, 1.0]], "pose_inverse": [[0.7606602907180786, -0.6491501331329346, 0.0, 274.4227600097656], [0.6491501331329346, 0.7606602907180786, 0.0, -1644.54638671875], [0.0, 0.0, 1.0, 0.0], [0.0, 0.0, 0.0, 1.0]], "cam_ids": [0, 1, 2, 3, 4, 5], "cam_channels": ["CAM_FRONT_LEFT", "CAM_FRONT", "CAM_FRONT_RIGHT", "CAM_BACK_LEFT", "CAM_BACK", "CAM_BACK_RIGHT"], "token": "551fafebecad4a93900ce21d1b2b7a6b", "scene": "scene-0728"}, {"images": ["samples/CAM_FRONT_LEFT/n008-2018-08-29-16-04-13-0400__CAM_FRONT_LEFT__1535573864404799.jpg", "samples/CAM_FRONT/n008-2018-08-29-16-04-13-0400__CAM_FRONT__1535573864412404.jpg", "samples/CAM_FRONT_RIGHT/n008-2018-08-29-16-04-13-0400__CAM_FRONT_RIGHT__1535573864420482.jpg", "samples/CAM_BACK_LEFT/n008-2018-08-29-16-04-13-0400__CAM_BACK_LEFT__1535573864448136.jpg", "samples/CAM_BACK/n008-2018-08-29-16-04-13-0400__CAM_BACK__1535573864437558.jpg", "samples/CAM_BACK_RIGHT/n008-2018-08-29-16-04-13-0400__CAM_BACK_RIGHT__1535573864428113.jpg"], "intrinsics": [[[1257.8625342125129, 0.0, 827.2410631095686], [0.0, 1257.8625342125129, 450.915498205774], [0.0, 0.0, 1.0]], [[1252.8131021185304, 0.0, 826.588114781398], [0.0, 1252.8131021185304, 469.9846626224581], [0.0, 0.0, 1.0]], [[1256.7485116440405, 0.0, 817.7887570959712], [0.0, 1256.7485116440403, 451.9541780095127], [0.0, 0.0, 1.0]], [[1254.9860565800168, 0.0, 829.5769333630991], [0.0, 1254.9860565800168, 467.1680561863987], [0.0, 0.0, 1.0]], [[796.8910634503094, 0.0, 857.7774326863696], [0.0, 796.8910634503094, 476.8848988407415], [0.0, 0.0, 1.0]], [[1249.9629280788233, 0.0, 825.3768045375984], [0.0, 1249.9629280788233, 462.54816385708756], [0.0, 0.0, 1.0]]], "extrinsics": [[[0.822557806968689, -0.5686802864074707, -0.001180878491140902, -1.0050048828125], [0.019056614488363266, 0.02963934652507305, -0.9993789792060852, 1.4882926940917969], [0.5683620572090149, 0.8220244646072388, 0.035217199474573135, -1.3333740234375], [0.0, 0.0, 0.0, 1.0]], [[0.010457275435328484, -0.9996248483657837, -0.0253113005310297, 0.00537109375], [0.02102132886648178, 0.025526858866214752, -0.999453067779541, 1.48016357421875], [0.999724268913269, 0.009919456206262112, 0.021280383691191673, -1.734710693359375], [0.0, 0.0, 0.0, 1.0]], [[-0.8436867594718933, -0.5357863306999207, -0.0335502102971077, 1.09063720703125], [0.02905186451971531, 0.016836220398545265, -0.99943608045578, 1.4930744171142578], [0.5360490679740906, -0.8441857695579529, 0.0013610970927402377, -1.2777099609375], [0.0, 0.0, 0.0, 1.0]], [[0.9478131532669067, 0.3185318410396576, 0.013698561117053032, -1.143798828125], [0.0036942698061466217, 0.031990449875593185, -0.9994813203811646, 1.5620384216308594], [-0.3188048005104065, 0.9473721981048584, 0.029144231230020523, -0.1561279296875], [0.0, 0.0, 0.0, 1.0]], [[0.009013478644192219, 0.9996583461761475, 0.02453230507671833, -0.0289306640625], [0.005804514512419701, 0.024480581283569336, -0.9996833801269531, 1.5680618286132812], [-0.999942421913147, 0.009153017774224281, -0.005581878125667572, 0.0443115234375], [0.0, 0.0, 0.0, 1.0]], [[-0.9236586093902588, 0.3831208050251007, -0.00855500902980566, 1.16064453125], [0.00999811664223671, 0.0017756264423951507, -0.9999483823776245, 1.547812819480896], [-0.38308581709861755, -0.9236965179443359, -0.005470558535307646, -0.0438232421875], [0.0, 0.0, 0.0, 1.0]]], "view": [[0.0, -2.0, 100.0], [-2.0, 0.0, 100.0], [0.0, 0.0, 1.0]], "bev": "bev_43a87446f79a458f8b3627d9452abe10.png", "aux": "aux_43a87446f79a458f8b3627d9452abe10.npz", "visibility": "visibility_43a87446f79a458f8b3627d9452abe10.png", "pose": [[0.7606642842292786, 0.6491454243659973, 0.0, 858.8150634765625], [-0.6491454243659973, 0.7606642842292786, 0.0, 1429.0826416015625], [0.0, 0.0, 1.0, 0.0], [0.0, 0.0, 0.0, 1.0]], "pose_inverse": [[0.7606642842292786, -0.6491454243659973, 0.0, 274.41253662109375], [0.6491454243659973, 0.7606642842292786, 0.0, -1644.548095703125], [0.0, 0.0, 1.0, 0.0], [0.0, 0.0, 0.0, 1.0]], "cam_ids": [0, 1, 2, 3, 4, 5], "cam_channels": ["CAM_FRONT_LEFT", "CAM_FRONT", "CAM_FRONT_RIGHT", "CAM_BACK_LEFT", "CAM_BACK", "CAM_BACK_RIGHT"], "token": "43a87446f79a458f8b3627d9452abe10", "scene": "scene-0728"}, {"images": ["samples/CAM_FRONT_LEFT/n008-2018-08-29-16-04-13-0400__CAM_FRONT_LEFT__1535573864905637.jpg", "samples/CAM_FRONT/n008-2018-08-29-16-04-13-0400__CAM_FRONT__1535573864912404.jpg", "samples/CAM_FRONT_RIGHT/n008-2018-08-29-16-04-13-0400__CAM_FRONT_RIGHT__1535573864920482.jpg", "samples/CAM_BACK_LEFT/n008-2018-08-29-16-04-13-0400__CAM_BACK_LEFT__1535573864947405.jpg", "samples/CAM_BACK/n008-2018-08-29-16-04-13-0400__CAM_BACK__1535573864937558.jpg", "samples/CAM_BACK_RIGHT/n008-2018-08-29-16-04-13-0400__CAM_BACK_RIGHT__1535573864928113.jpg"], "intrinsics": [[[1257.8625342125129, 0.0, 827.2410631095686], [0.0, 1257.8625342125129, 450.915498205774], [0.0, 0.0, 1.0]], [[1252.8131021185304, 0.0, 826.588114781398], [0.0, 1252.8131021185304, 469.9846626224581], [0.0, 0.0, 1.0]], [[1256.7485116440405, 0.0, 817.7887570959712], [0.0, 1256.7485116440403, 451.9541780095127], [0.0, 0.0, 1.0]], [[1254.9860565800168, 0.0, 829.5769333630991], [0.0, 1254.9860565800168, 467.1680561863987], [0.0, 0.0, 1.0]], [[796.8910634503094, 0.0, 857.7774326863696], [0.0, 796.8910634503094, 476.8848988407415], [0.0, 0.0, 1.0]], [[1249.9629280788233, 0.0, 825.3768045375984], [0.0, 1249.9629280788233, 462.54816385708756], [0.0, 0.0, 1.0]]], "extrinsics": [[[0.8225716948509216, -0.568660318851471, -0.0011589667992666364, -1.0050048828125], [0.019112367182970047, 0.029682986438274384, -0.999376654624939, 1.4882926940917969], [0.5683402419090271, 0.8220368027687073, 0.03528482839465141, -1.3333740234375], [0.0, 0.0, 0.0, 1.0]], [[0.010484199039638042, -0.9996235370635986, -0.025354985147714615, 0.0054931640625], [0.02107314206659794, 0.025571627542376518, -0.9994508624076843, 1.48016357421875], [0.9997230172157288, 0.009944125078618526, 0.021333305165171623, -1.734771728515625], [0.0, 0.0, 0.0, 1.0]], [[-0.843674898147583, -0.5358008742332458, -0.03361636400222778, 1.0906982421875], [0.029100682586431503, 0.016882801428437233, -0.9994339346885681, 1.4930744171142578], [0.5360651612281799, -0.8441755771636963, 0.0013485760428011417, -1.277587890625], [0.0, 0.0, 0.0, 1.0]], [[0.9478127956390381, 0.31853020191192627, 0.013762352988123894, -1.143890380859375], [0.0037386480253189802, 0.03205863758921623, -0.9994789958000183, 1.562042236328125], [-0.3188054859638214, 0.9473704695701599, 0.02919471450150013, -0.15625], [0.0, 0.0, 0.0, 1.0]], [[0.009005456231534481, 0.999657154083252, 0.024587301537394524, -0.02880859375], [0.005851550959050655, 0.024535197764635086, -0.999681830406189, 1.5680618286132812], [-0.999942421913147, 0.00914645567536354, -0.005628594197332859, 0.04437255859375], [0.0, 0.0, 0.0, 1.0]], [[-0.9236632585525513, 0.38310906291007996, -0.008583111688494682, 1.16064453125], [0.01004734169691801, 0.0018211404094472528, -0.9999478459358215, 1.5478111505508423], [-0.38307347893714905, -0.9237013459205627, -0.005531346891075373, -0.0438232421875], [0.0, 0.0, 0.0, 1.0]]], "view": [[0.0, -2.0, 100.0], [-2.0, 0.0, 100.0], [0.0, 0.0, 1.0]], "bev": "bev_2a045ad55355488b9cf1427415bf931c.png", "aux": "aux_2a045ad55355488b9cf1427415bf931c.npz", "visibility": "visibility_2a045ad55355488b9cf1427415bf931c.png", "pose": [[0.7607160806655884, 0.6490848064422607, 0.0, 858.8151245117188], [-0.6490848064422607, 0.7607160806655884, 0.0, 1429.0826416015625], [0.0, 0.0, 1.0, 0.0], [0.0, 0.0, 0.0, 1.0]], "pose_inverse": [[0.7607160806655884, -0.6490848064422607, 0.0, 274.2813720703125], [0.6490848064422607, 0.7607160806655884, 0.0, -1644.5699462890625], [0.0, 0.0, 1.0, 0.0], [0.0, 0.0, 0.0, 1.0]], "cam_ids": [0, 1, 2, 3, 4, 5], "cam_channels": ["CAM_FRONT_LEFT", "CAM_FRONT", "CAM_FRONT_RIGHT", "CAM_BACK_LEFT", "CAM_BACK", "CAM_BACK_RIGHT"], "token": "2a045ad55355488b9cf1427415bf931c", "scene": "scene-0728"}, {"images": ["samples/CAM_FRONT_LEFT/n008-2018-08-29-16-04-13-0400__CAM_FRONT_LEFT__1535573865404799.jpg", "samples/CAM_FRONT/n008-2018-08-29-16-04-13-0400__CAM_FRONT__1535573865412404.jpg", "samples/CAM_FRONT_RIGHT/n008-2018-08-29-16-04-13-0400__CAM_FRONT_RIGHT__1535573865420482.jpg", "samples/CAM_BACK_LEFT/n008-2018-08-29-16-04-13-0400__CAM_BACK_LEFT__1535573865447405.jpg", "samples/CAM_BACK/n008-2018-08-29-16-04-13-0400__CAM_BACK__1535573865437558.jpg", "samples/CAM_BACK_RIGHT/n008-2018-08-29-16-04-13-0400__CAM_BACK_RIGHT__1535573865428113.jpg"], "intrinsics": [[[1257.8625342125129, 0.0, 827.2410631095686], [0.0, 1257.8625342125129, 450.915498205774], [0.0, 0.0, 1.0]], [[1252.8131021185304, 0.0, 826.588114781398], [0.0, 1252.8131021185304, 469.9846626224581], [0.0, 0.0, 1.0]], [[1256.7485116440405, 0.0, 817.7887570959712], [0.0, 1256.7485116440403, 451.9541780095127], [0.0, 0.0, 1.0]], [[1254.9860565800168, 0.0, 829.5769333630991], [0.0, 1254.9860565800168, 467.1680561863987], [0.0, 0.0, 1.0]], [[796.8910634503094, 0.0, 857.7774326863696], [0.0, 796.8910634503094, 476.8848988407415], [0.0, 0.0, 1.0]], [[1249.9629280788233, 0.0, 825.3768045375984], [0.0, 1249.9629280788233, 462.54816385708756], [0.0, 0.0, 1.0]]], "extrinsics": [[[0.8225752115249634, -0.5686553120613098, -0.0010914162266999483, -1.0050048828125], [0.019129596650600433, 0.02958957850933075, -0.9993790984153748, 1.4882926940917969], [0.5683345198631287, 0.8220435976982117, 0.03521779924631119, -1.3333740234375], [0.0, 0.0, 0.0, 1.0]], [[0.01049054879695177, -0.999625563621521, -0.025271199643611908, 0.00537109375], [0.021098649129271507, 0.025488240644335747, -0.9994524121284485, 1.48016357421875], [0.9997223019599915, 0.009951557032763958, 0.02135813608765602, -1.734832763671875], [0.0, 0.0, 0.0, 1.0]], [[-0.8436709642410278, -0.5358077883720398, -0.03360540419816971, 1.09063720703125], [0.029134351760149002, 0.016809355467557907, -0.9994341731071472, 1.493072509765625], [0.5360695719718933, -0.8441725969314575, 0.00142884801607579, -1.2777099609375], [0.0, 0.0, 0.0, 1.0]], [[0.9478123188018799, 0.3185320794582367, 0.013751721009612083, -1.1439208984375], [0.003749655792489648, 0.03199242800474167, -0.9994810819625854, 1.562042236328125], [-0.3188067078590393, 0.9473720192909241, 0.029128432273864746, -0.1561279296875], [0.0, 0.0, 0.0, 1.0]], [[0.009002411738038063, 0.9996590614318848, 0.024509895592927933, -0.02880859375], [0.0058771404437720776, 0.024457568302750587, -0.9996835589408875, 1.5680618286132812], [-0.9999421834945679, 0.009143664501607418, -0.005654958542436361, 0.044342041015625], [0.0, 0.0, 0.0, 1.0]], [[-0.9236646294593811, 0.3831042945384979, -0.008641425520181656, 1.16064453125], [0.010079966858029366, 0.0017476599896326661, -0.9999476671218872, 1.5478116273880005], [-0.38306915760040283, -0.9237034320831299, -0.005475929006934166, -0.043701171875], [0.0, 0.0, 0.0, 1.0]]], "view": [[0.0, -2.0, 100.0], [-2.0, 0.0, 100.0], [0.0, 0.0, 1.0]], "bev": "bev_c3c1f0b762294600b3d110db8f772e2c.png", "aux": "aux_c3c1f0b762294600b3d110db8f772e2c.npz", "visibility": "visibility_c3c1f0b762294600b3d110db8f772e2c.png", "pose": [[0.7606706619262695, 0.6491379737854004, 0.0, 858.8150634765625], [-0.6491379737854004, 0.7606706619262695, 0.0, 1429.0826416015625], [0.0, 0.0, 1.0, 0.0], [0.0, 0.0, 0.0, 1.0]], "pose_inverse": [[0.7606706619262695, -0.6491379737854004, 0.0, 274.3963623046875], [0.6491379737854004, 0.7606706619262695, 0.0, -1644.55078125], [0.0, 0.0, 1.0, 0.0], [0.0, 0.0, 0.0, 1.0]], "cam_ids": [0, 1, 2, 3, 4, 5], "cam_channels": ["CAM_FRONT_LEFT", "CAM_FRONT", "CAM_FRONT_RIGHT", "CAM_BACK_LEFT", "CAM_BACK", "CAM_BACK_RIGHT"], "token": "c3c1f0b762294600b3d110db8f772e2c", "scene": "scene-0728"}, {"images": ["samples/CAM_FRONT_LEFT/n008-2018-08-29-16-04-13-0400__CAM_FRONT_LEFT__1535573865904799.jpg", "samples/CAM_FRONT/n008-2018-08-29-16-04-13-0400__CAM_FRONT__1535573865912404.jpg", "samples/CAM_FRONT_RIGHT/n008-2018-08-29-16-04-13-0400__CAM_FRONT_RIGHT__1535573865920482.jpg", "samples/CAM_BACK_LEFT/n008-2018-08-29-16-04-13-0400__CAM_BACK_LEFT__1535573865947405.jpg", "samples/CAM_BACK/n008-2018-08-29-16-04-13-0400__CAM_BACK__1535573865937558.jpg", "samples/CAM_BACK_RIGHT/n008-2018-08-29-16-04-13-0400__CAM_BACK_RIGHT__1535573865928113.jpg"], "intrinsics": [[[1257.8625342125129, 0.0, 827.2410631095686], [0.0, 1257.8625342125129, 450.915498205774], [0.0, 0.0, 1.0]], [[1252.8131021185304, 0.0, 826.588114781398], [0.0, 1252.8131021185304, 469.9846626224581], [0.0, 0.0, 1.0]], [[1256.7485116440405, 0.0, 817.7887570959712], [0.0, 1256.7485116440403, 451.9541780095127], [0.0, 0.0, 1.0]], [[1254.9860565800168, 0.0, 829.5769333630991], [0.0, 1254.9860565800168, 467.1680561863987], [0.0, 0.0, 1.0]], [[796.8910634503094, 0.0, 857.7774326863696], [0.0, 796.8910634503094, 476.8848988407415], [0.0, 0.0, 1.0]], [[1249.9629280788233, 0.0, 825.3768045375984], [0.0, 1249.9629280788233, 462.54816385708756], [0.0, 0.0, 1.0]]], "extrinsics": [[[0.8225743770599365, -0.5686565041542053, -0.0010445091174915433, -1.0050048828125], [0.01922476291656494, 0.029644709080457687, -0.999375581741333, 1.4882888793945312], [0.568332314491272, 0.8220407366752625, 0.03531726822257042, -1.33349609375], [0.0, 0.0, 0.0, 1.0]], [[0.010491516441106796, -0.9996245503425598, -0.025309760123491287, 0.00537109375], [0.021184587851166725, 0.025527670979499817, -0.999449610710144, 1.48016357421875], [0.9997203350067139, 0.00994957983493805, 0.02144446037709713, -1.7347412109375], [0.0, 0.0, 0.0, 1.0]], [[-0.8436689972877502, -0.5358059406280518, -0.03368186205625534, 1.0906982421875], [0.02921048365533352, 0.01683208718895912, -0.9994314908981323, 1.4930706024169922], [0.536068320274353, -0.8441733121871948, 0.001450440613552928, -1.277587890625], [0.0, 0.0, 0.0, 1.0]], [[0.9478113055229187, 0.3185318112373352, 0.013825817033648491, -1.1439208984375], [0.0038276046980172396, 0.03199300542473793, -0.9994807839393616, 1.562042236328125], [-0.31880879402160645, 0.9473720788955688, 0.029104122892022133, -0.1563720703125], [0.0, 0.0, 0.0, 1.0]], [[0.009001054801046848, 0.9996586441993713, 0.02452578768134117, -0.0286865234375], [0.005953309126198292, 0.02447277307510376, -0.9996827244758606, 1.5680656433105469], [-0.9999417066574097, 0.009144237264990807, -0.0057309954427182674, 0.0443115234375], [0.0, 0.0, 0.0, 1.0]], [[-0.9236635565757751, 0.38310545682907104, -0.008706104941666126, 1.16082763671875], [0.010157858021557331, 0.0017666176427155733, -0.9999468326568604, 1.5478116273880005], [-0.38306957483291626, -0.9237029552459717, -0.005523290019482374, -0.0438232421875], [0.0, 0.0, 0.0, 1.0]]], "view": [[0.0, -2.0, 100.0], [-2.0, 0.0, 100.0], [0.0, 0.0, 1.0]], "bev": "bev_d088f66de05d4801937abae187f97942.png", "aux": "aux_d088f66de05d4801937abae187f97942.npz", "visibility": "visibility_d088f66de05d4801937abae187f97942.png", "pose": [[0.7606434226036072, 0.6491698622703552, 0.0, 858.8150024414062], [-0.6491698622703552, 0.7606434226036072, 0.0, 1429.082763671875], [0.0, 0.0, 1.0, 0.0], [0.0, 0.0, 0.0, 1.0]], "pose_inverse": [[0.7606434226036072, -0.6491698622703552, 0.0, 274.4654846191406], [0.6491698622703552, 0.7606434226036072, 0.0, -1644.539306640625], [0.0, 0.0, 1.0, 0.0], [0.0, 0.0, 0.0, 1.0]], "cam_ids": [0, 1, 2, 3, 4, 5], "cam_channels": ["CAM_FRONT_LEFT", "CAM_FRONT", "CAM_FRONT_RIGHT", "CAM_BACK_LEFT", "CAM_BACK", "CAM_BACK_RIGHT"], "token": "d088f66de05d4801937abae187f97942", "scene": "scene-0728"}, {"images": ["samples/CAM_FRONT_LEFT/n008-2018-08-29-16-04-13-0400__CAM_FRONT_LEFT__1535573866354799.jpg", "samples/CAM_FRONT/n008-2018-08-29-16-04-13-0400__CAM_FRONT__1535573866362404.jpg", "samples/CAM_FRONT_RIGHT/n008-2018-08-29-16-04-13-0400__CAM_FRONT_RIGHT__1535573866370482.jpg", "samples/CAM_BACK_LEFT/n008-2018-08-29-16-04-13-0400__CAM_BACK_LEFT__1535573866397405.jpg", "samples/CAM_BACK/n008-2018-08-29-16-04-13-0400__CAM_BACK__1535573866387558.jpg", "samples/CAM_BACK_RIGHT/n008-2018-08-29-16-04-13-0400__CAM_BACK_RIGHT__1535573866378113.jpg"], "intrinsics": [[[1257.8625342125129, 0.0, 827.2410631095686], [0.0, 1257.8625342125129, 450.915498205774], [0.0, 0.0, 1.0]], [[1252.8131021185304, 0.0, 826.588114781398], [0.0, 1252.8131021185304, 469.9846626224581], [0.0, 0.0, 1.0]], [[1256.7485116440405, 0.0, 817.7887570959712], [0.0, 1256.7485116440403, 451.9541780095127], [0.0, 0.0, 1.0]], [[1254.9860565800168, 0.0, 829.5769333630991], [0.0, 1254.9860565800168, 467.1680561863987], [0.0, 0.0, 1.0]], [[796.8910634503094, 0.0, 857.7774326863696], [0.0, 796.8910634503094, 476.8848988407415], [0.0, 0.0, 1.0]], [[1249.9629280788233, 0.0, 825.3768045375984], [0.0, 1249.9629280788233, 462.54816385708756], [0.0, 0.0, 1.0]]], "extrinsics": [[[0.8225787878036499, -0.5686504244804382, -0.000971689005382359, -1.005126953125], [0.01925848051905632, 0.029565975069999695, -0.9993772506713867, 1.4883003234863281], [0.5683250427246094, 0.8220478296279907, 0.03527168557047844, -1.3333740234375], [0.0, 0.0, 0.0, 1.0]], [[0.010497912764549255, -0.9996264576911926, -0.025234157219529152, 0.0054931640625], [0.021219465881586075, 0.025452563539147377, -0.9994508028030396, 1.4801597595214844], [0.9997196793556213, 0.00995665043592453, 0.021478738635778427, -1.73480224609375], [0.0, 0.0, 0.0, 1.0]], [[-0.8436654806137085, -0.535811722278595, -0.033679403364658356, 1.090576171875], [0.0292514581233263, 0.016762996092438698, -0.9994314908981323, 1.493072509765625], [0.5360716581344604, -0.8441711068153381, 0.001530913868919015, -1.2777099609375], [0.0, 0.0, 0.0, 1.0]], [[0.9478119611740112, 0.3185290992259979, 0.013844172470271587, -1.14398193359375], [0.0038691542576998472, 0.03192732110619545, -0.9994826912879944, 1.5620384216308594], [-0.31880638003349304, 0.9473752975463867, 0.02902865968644619, -0.1558837890625], [0.0, 0.0, 0.0, 1.0]], [[0.008999016135931015, 0.9996601343154907, 0.024465540423989296, -0.02880859375], [0.005997037515044212, 0.024412136524915695, -0.9996839165687561, 1.5680618286132812], [-0.9999414682388306, 0.009142923168838024, -0.0057753161527216434, 0.04443359375], [0.0, 0.0, 0.0, 1.0]], [[-0.923664391040802, 0.3831021785736084, -0.008768497966229916, 1.1607666015625], [0.010199477896094322, 0.0017041536048054695, -0.9999465346336365, 1.547809362411499], [-0.38306665420532227, -0.9237044453620911, -0.005481509026139975, -0.043701171875], [0.0, 0.0, 0.0, 1.0]]], "view": [[0.0, -2.0, 100.0], [-2.0, 0.0, 100.0], [0.0, 0.0, 1.0]], "bev": "bev_1bae845f7ff74919a6a4172452b57b62.png", "aux": "aux_1bae845f7ff74919a6a4172452b57b62.npz", "visibility": "visibility_1bae845f7ff74919a6a4172452b57b62.png", "pose": [[0.7606343626976013, 0.64918053150177, 0.0, 858.8150024414062], [-0.64918053150177, 0.7606343626976013, 0.0, 1429.082763671875], [0.0, 0.0, 1.0, 0.0], [0.0, 0.0, 0.0, 1.0]], "pose_inverse": [[0.7606343626976013, -0.64918053150177, 0.0, 274.48846435546875], [0.64918053150177, 0.7606343626976013, 0.0, -1644.535400390625], [0.0, 0.0, 1.0, 0.0], [0.0, 0.0, 0.0, 1.0]], "cam_ids": [0, 1, 2, 3, 4, 5], "cam_channels": ["CAM_FRONT_LEFT", "CAM_FRONT", "CAM_FRONT_RIGHT", "CAM_BACK_LEFT", "CAM_BACK", "CAM_BACK_RIGHT"], "token": "1bae845f7ff74919a6a4172452b57b62", "scene": "scene-0728"}, {"images": ["samples/CAM_FRONT_LEFT/n008-2018-08-29-16-04-13-0400__CAM_FRONT_LEFT__1535573866854799.jpg", "samples/CAM_FRONT/n008-2018-08-29-16-04-13-0400__CAM_FRONT__1535573866862404.jpg", "samples/CAM_FRONT_RIGHT/n008-2018-08-29-16-04-13-0400__CAM_FRONT_RIGHT__1535573866870482.jpg", "samples/CAM_BACK_LEFT/n008-2018-08-29-16-04-13-0400__CAM_BACK_LEFT__1535573866897405.jpg", "samples/CAM_BACK/n008-2018-08-29-16-04-13-0400__CAM_BACK__1535573866887558.jpg", "samples/CAM_BACK_RIGHT/n008-2018-08-29-16-04-13-0400__CAM_BACK_RIGHT__1535573866878113.jpg"], "intrinsics": [[[1257.8625342125129, 0.0, 827.2410631095686], [0.0, 1257.8625342125129, 450.915498205774], [0.0, 0.0, 1.0]], [[1252.8131021185304, 0.0, 826.588114781398], [0.0, 1252.8131021185304, 469.9846626224581], [0.0, 0.0, 1.0]], [[1256.7485116440405, 0.0, 817.7887570959712], [0.0, 1256.7485116440403, 451.9541780095127], [0.0, 0.0, 1.0]], [[1254.9860565800168, 0.0, 829.5769333630991], [0.0, 1254.9860565800168, 467.1680561863987], [0.0, 0.0, 1.0]], [[796.8910634503094, 0.0, 857.7774326863696], [0.0, 796.8910634503094, 476.8848988407415], [0.0, 0.0, 1.0]], [[1249.9629280788233, 0.0, 825.3768045375984], [0.0, 1249.9629280788233, 462.54816385708756], [0.0, 0.0, 1.0]]], "extrinsics": [[[0.8225574493408203, -0.5686812400817871, -0.0009862007573246956, -1.0050048828125], [0.019295891746878624, 0.029643258079886436, -0.999374270439148, 1.4882926940917969], [0.568354606628418, 0.8220238089561462, 0.035356491804122925, -1.3333740234375], [0.0, 0.0, 0.0, 1.0]], [[0.01046636514365673, -0.9996249675750732, -0.025305602699518204, 0.0054931640625], [0.02124301716685295, 0.025523558259010315, -0.9994485378265381, 1.48016357421875], [0.9997195601463318, 0.009922987781465054, 0.021502185612916946, -1.734771728515625], [0.0, 0.0, 0.0, 1.0]], [[-0.8436790108680725, -0.53578782081604, -0.03372348099946976, 1.09063720703125], [0.02926015667617321, 0.016831442713737488, -0.9994301199913025, 1.4930706024169922], [0.5360500812530518, -0.844184935092926, 0.001476900652050972, -1.2777099609375], [0.0, 0.0, 0.0, 1.0]], [[0.9478128552436829, 0.3185257613658905, 0.013859894126653671, -1.143890380859375], [0.003859803080558777, 0.03200468793511391, -0.9994803071022034, 1.562042236328125], [-0.3188038170337677, 0.9473738074302673, 0.029105007648468018, -0.1561279296875], [0.0, 0.0, 0.0, 1.0]], [[0.009009811095893383, 0.9996583461761475, 0.0245383158326149, -0.02880859375], [0.005985295865684748, 0.024484960362315178, -0.9996822476387024, 1.5680618286132812], [-0.9999415874481201, 0.009153849445283413, -0.005762644577771425, 0.044342041015625], [0.0, 0.0, 0.0, 1.0]], [[-0.9236571192741394, 0.38312023878097534, -0.008739049546420574, 1.16070556640625], [0.010195992887020111, 0.0017723380587995052, -0.9999464154243469, 1.547812819480896], [-0.38308411836624146, -0.9236968159675598, -0.005543321371078491, -0.0438232421875], [0.0, 0.0, 0.0, 1.0]]], "view": [[0.0, -2.0, 100.0], [-2.0, 0.0, 100.0], [0.0, 0.0, 1.0]], "bev": "bev_1b0439fabfe14053a08cdbc9ec7ce178.png", "aux": "aux_1b0439fabfe14053a08cdbc9ec7ce178.npz", "visibility": "visibility_1b0439fabfe14053a08cdbc9ec7ce178.png", "pose": [[0.760631799697876, 0.6491835713386536, 0.0, 858.8150024414062], [-0.6491835713386536, 0.760631799697876, 0.0, 1429.082763671875], [0.0, 0.0, 1.0, 0.0], [0.0, 0.0, 0.0, 1.0]], "pose_inverse": [[0.760631799697876, -0.6491835713386536, 0.0, 274.49505615234375], [0.6491835713386536, 0.760631799697876, 0.0, -1644.5343017578125], [0.0, 0.0, 1.0, 0.0], [0.0, 0.0, 0.0, 1.0]], "cam_ids": [0, 1, 2, 3, 4, 5], "cam_channels": ["CAM_FRONT_LEFT", "CAM_FRONT", "CAM_FRONT_RIGHT", "CAM_BACK_LEFT", "CAM_BACK", "CAM_BACK_RIGHT"], "token": "1b0439fabfe14053a08cdbc9ec7ce178", "scene": "scene-0728"}, {"images": ["samples/CAM_FRONT_LEFT/n008-2018-08-29-16-04-13-0400__CAM_FRONT_LEFT__1535573867354799.jpg", "samples/CAM_FRONT/n008-2018-08-29-16-04-13-0400__CAM_FRONT__1535573867362404.jpg", "samples/CAM_FRONT_RIGHT/n008-2018-08-29-16-04-13-0400__CAM_FRONT_RIGHT__1535573867370482.jpg", "samples/CAM_BACK_LEFT/n008-2018-08-29-16-04-13-0400__CAM_BACK_LEFT__1535573867397405.jpg", "samples/CAM_BACK/n008-2018-08-29-16-04-13-0400__CAM_BACK__1535573867387558.jpg", "samples/CAM_BACK_RIGHT/n008-2018-08-29-16-04-13-0400__CAM_BACK_RIGHT__1535573867378113.jpg"], "intrinsics": [[[1257.8625342125129, 0.0, 827.2410631095686], [0.0, 1257.8625342125129, 450.915498205774], [0.0, 0.0, 1.0]], [[1252.8131021185304, 0.0, 826.588114781398], [0.0, 1252.8131021185304, 469.9846626224581], [0.0, 0.0, 1.0]], [[1256.7485116440405, 0.0, 817.7887570959712], [0.0, 1256.7485116440403, 451.9541780095127], [0.0, 0.0, 1.0]], [[1254.9860565800168, 0.0, 829.5769333630991], [0.0, 1254.9860565800168, 467.1680561863987], [0.0, 0.0, 1.0]], [[796.8910634503094, 0.0, 857.7774326863696], [0.0, 796.8910634503094, 476.8848988407415], [0.0, 0.0, 1.0]], [[1249.9629280788233, 0.0, 825.3768045375984], [0.0, 1249.9629280788233, 462.54816385708756], [0.0, 0.0, 1.0]]], "extrinsics": [[[0.8225710988044739, -0.568661630153656, -0.000867959635797888, -1.0050048828125], [0.019350465387105942, 0.029515886679291725, -0.9993770122528076, 1.4882965087890625], [0.5683330297470093, 0.8220418691635132, 0.03528277948498726, -1.333251953125], [0.0, 0.0, 0.0, 1.0]], [[0.010489888489246368, -0.9996282458305359, -0.025165367871522903, 0.00537109375], [0.021313870325684547, 0.025384554639458656, -0.9994505047798157, 1.48016357421875], [0.9997177720069885, 0.009947676211595535, 0.021572228521108627, -1.7347412109375], [0.0, 0.0, 0.0, 1.0]], [[-0.8436663746833801, -0.5358076691627502, -0.03372109308838844, 1.09063720703125], [0.029346678406000137, 0.016690807417035103, -0.9994298815727234, 1.493072509765625], [0.5360650420188904, -0.8441750407218933, 0.0016426988877356052, -1.2774658203125], [0.0, 0.0, 0.0, 1.0]], [[0.9478089213371277, 0.3185345530509949, 0.013929341919720173, -1.143951416015625], [0.003983242437243462, 0.03185465559363365, -0.9994845986366272, 1.562042236328125], [-0.31881406903266907, 0.9473757743835449, 0.02892332524061203, -0.15625], [0.0, 0.0, 0.0, 1.0]], [[0.008998561650514603, 0.9996619820594788, 0.024391351267695427, -0.0286865234375], [0.006104310974478722, 0.02433696575462818, -0.9996851682662964, 1.5680618286132812], [-0.9999408721923828, 0.009144688956439495, -0.005883249919861555, 0.04437255859375], [0.0, 0.0, 0.0, 1.0]], [[-0.9236613512039185, 0.38310667872428894, -0.008889050222933292, 1.16064453125], [0.0103001669049263, 0.0016321763396263123, -0.9999455809593201, 1.5478111505508423], [-0.38307133316993713, -0.9237026572227478, -0.005453640595078468, -0.0435791015625], [0.0, 0.0, 0.0, 1.0]]], "view": [[0.0, -2.0, 100.0], [-2.0, 0.0, 100.0], [0.0, 0.0, 1.0]], "bev": "bev_0444d844b717451cb84ad6056989d757.png", "aux": "aux_0444d844b717451cb84ad6056989d757.npz", "visibility": "visibility_0444d844b717451cb84ad6056989d757.png", "pose": [[0.7606489658355713, 0.6491634249687195, 0.0, 858.8150024414062], [-0.6491634249687195, 0.7606489658355713, 0.0, 1429.082763671875], [0.0, 0.0, 1.0, 0.0], [0.0, 0.0, 0.0, 1.0]], "pose_inverse": [[0.7606489658355713, -0.6491634249687195, 0.0, 274.4515380859375], [0.6491634249687195, 0.7606489658355713, 0.0, -1644.5416259765625], [0.0, 0.0, 1.0, 0.0], [0.0, 0.0, 0.0, 1.0]], "cam_ids": [0, 1, 2, 3, 4, 5], "cam_channels": ["CAM_FRONT_LEFT", "CAM_FRONT", "CAM_FRONT_RIGHT", "CAM_BACK_LEFT", "CAM_BACK", "CAM_BACK_RIGHT"], "token": "0444d844b717451cb84ad6056989d757", "scene": "scene-0728"}, {"images": ["samples/CAM_FRONT_LEFT/n008-2018-08-29-16-04-13-0400__CAM_FRONT_LEFT__1535573867904799.jpg", "samples/CAM_FRONT/n008-2018-08-29-16-04-13-0400__CAM_FRONT__1535573867912404.jpg", "samples/CAM_FRONT_RIGHT/n008-2018-08-29-16-04-13-0400__CAM_FRONT_RIGHT__1535573867920482.jpg", "samples/CAM_BACK_LEFT/n008-2018-08-29-16-04-13-0400__CAM_BACK_LEFT__1535573867947405.jpg", "samples/CAM_BACK/n008-2018-08-29-16-04-13-0400__CAM_BACK__1535573867937558.jpg", "samples/CAM_BACK_RIGHT/n008-2018-08-29-16-04-13-0400__CAM_BACK_RIGHT__1535573867928113.jpg"], "intrinsics": [[[1257.8625342125129, 0.0, 827.2410631095686], [0.0, 1257.8625342125129, 450.915498205774], [0.0, 0.0, 1.0]], [[1252.8131021185304, 0.0, 826.588114781398], [0.0, 1252.8131021185304, 469.9846626224581], [0.0, 0.0, 1.0]], [[1256.7485116440405, 0.0, 817.7887570959712], [0.0, 1256.7485116440403, 451.9541780095127], [0.0, 0.0, 1.0]], [[1254.9860565800168, 0.0, 829.5769333630991], [0.0, 1254.9860565800168, 467.1680561863987], [0.0, 0.0, 1.0]], [[796.8910634503094, 0.0, 857.7774326863696], [0.0, 796.8910634503094, 476.8848988407415], [0.0, 0.0, 1.0]], [[1249.9629280788233, 0.0, 825.3768045375984], [0.0, 1249.9629280788233, 462.54816385708756], [0.0, 0.0, 1.0]]], "extrinsics": [[[0.8225603699684143, -0.5686771869659424, -0.0008253843989223242, -1.0048828125], [0.01941090263426304, 0.02952731028199196, -0.9993754625320435, 1.4882965087890625], [0.5683464407920837, 0.8220306038856506, 0.035326533019542694, -1.33349609375], [0.0, 0.0, 0.0, 1.0]], [[0.010474858805537224, -0.9996278285980225, -0.025188317522406578, 0.0054931640625], [0.02135726809501648, 0.02540760673582554, -0.9994490146636963, 1.48016357421875], [0.9997169375419617, 0.009931113570928574, 0.02161545865237713, -1.734619140625], [0.0, 0.0, 0.0, 1.0]], [[-0.8436723947525024, -0.5357965230941772, -0.033749617636203766, 1.090576171875], [0.029368799179792404, 0.016709143295884132, -0.999428927898407, 1.4930763244628906], [0.5360544919967651, -0.8441817760467529, 0.0016386584611609578, -1.27734375], [0.0, 0.0, 0.0, 1.0]], [[0.9478093385696411, 0.3185316324234009, 0.013965023681521416, -1.1439208984375], [0.004016202408820391, 0.03186881169676781, -0.9994840025901794, 1.562042236328125], [-0.31881237030029297, 0.9473763108253479, 0.028926268219947815, -0.1561279296875], [0.0, 0.0, 0.0, 1.0]], [[0.009003237821161747, 0.9996615052223206, 0.024407483637332916, -0.0289306640625], [0.006125521846115589, 0.02435287833213806, -0.9996846318244934, 1.5680618286132812], [-0.9999406933784485, 0.009149898774921894, -0.00590419489890337, 0.0443115234375], [0.0, 0.0, 0.0, 1