[{"images": ["samples/CAM_FRONT_LEFT/n008-2018-08-06-15-06-32-0400__CAM_FRONT_LEFT__1533583321154799.jpg", "samples/CAM_FRONT/n008-2018-08-06-15-06-32-0400__CAM_FRONT__1533583321162404.jpg", "samples/CAM_FRONT_RIGHT/n008-2018-08-06-15-06-32-0400__CAM_FRONT_RIGHT__1533583321170482.jpg", "samples/CAM_BACK_LEFT/n008-2018-08-06-15-06-32-0400__CAM_BACK_LEFT__1533583321197428.jpg", "samples/CAM_BACK/n008-2018-08-06-15-06-32-0400__CAM_BACK__1533583321187558.jpg", "samples/CAM_BACK_RIGHT/n008-2018-08-06-15-06-32-0400__CAM_BACK_RIGHT__1533583321178113.jpg"], "intrinsics": [[[1257.8625342125129, 0.0, 827.2410631095686], [0.0, 1257.8625342125129, 450.915498205774], [0.0, 0.0, 1.0]], [[1252.8131021185304, 0.0, 826.588114781398], [0.0, 1252.8131021185304, 469.9846626224581], [0.0, 0.0, 1.0]], [[1256.7485116440405, 0.0, 817.7887570959712], [0.0, 1256.7485116440403, 451.9541780095127], [0.0, 0.0, 1.0]], [[1254.9860565800168, 0.0, 829.5769333630991], [0.0, 1254.9860565800168, 467.1680561863987], [0.0, 0.0, 1.0]], [[796.8910634503094, 0.0, 857.7774326863696], [0.0, 796.8910634503094, 476.8848988407415], [0.0, 0.0, 1.0]], [[1249.9629280788233, 0.0, 825.3768045375984], [0.0, 1249.9629280788233, 462.54816385708756], [0.0, 0.0, 1.0]]], "extrinsics": [[[0.8227638602256775, -0.5682823061943054, -0.01072219479829073, -0.7104339599609375], [0.008426642045378685, 0.031058115884661674, -0.9994820356369019, 1.4911956787109375], [0.5683209896087646, 0.822247326374054, 0.030342204496264458, -1.1337890625], [0.0, 0.0, 0.0, 1.0]], [[0.010577401146292686, -0.9995871186256409, -0.026715127751231194, 0.0111083984375], [0.010409663431346416, 0.026825249195098877, -0.9995859265327454, 1.4831275939941406], [0.9998898506164551, 0.010294978506863117, 0.010689107701182365, -1.443359375], [0.0, 0.0, 0.0, 1.0]], [[-0.8438293933868408, -0.5360158681869507, -0.025274280458688736, 0.9039306640625], [0.018493397161364555, 0.0180229302495718, -0.9996665120124817, 1.4971466064453125], [0.5362926721572876, -0.8440154790878296, -0.0052955262362957, -1.15643310546875], [0.0, 0.0, 0.0, 1.0]], [[0.9478739500045776, 0.3186223804950714, 0.0038297027349472046, -1.1494140625], [-0.007013777736574411, 0.03287815302610397, -0.999434769153595, 1.5620841979980469], [-0.31856822967529297, 0.9473113417625427, 0.03339909389615059, -0.1544189453125], [0.0, 0.0, 0.0, 1.0]], [[0.009106827899813652, 0.9996350407600403, 0.025430984795093536, -0.029052734375], [-0.004860737361013889, 0.025475991889834404, -0.9996635913848877, 1.5676612854003906], [-0.999946653842926, 0.00898012239485979, 0.005090968683362007, -0.033447265625], [0.0, 0.0, 0.0, 1.0]], [[-0.9237866401672363, 0.38290393352508545, 0.0016402921173721552, 1.01446533203125], [-0.0005857463693246245, 0.0028706423472613096, -0.9999956488609314, 1.5477142333984375], [-0.382906973361969, -0.9237837791442871, -0.002427576808258891, -0.1025390625], [0.0, 0.0, 0.0, 1.0]]], "view": [[0.0, -2.0, 100.0], [-2.0, 0.0, 100.0], [0.0, 0.0, 1.0]], "bev": "bev_4aee4493e33a49498346ffae27b91135.png", "aux": "aux_4aee4493e33a49498346ffae27b91135.npz", "visibility": "visibility_4aee4493e33a49498346ffae27b91135.png", "pose": [[0.8613501191139221, 0.5080117583274841, 0.0, 1990.615966796875], [-0.5080117583274841, 0.8613501191139221, 0.0, 1007.0614013671875], [0.0, 0.0, 1.0, 0.0], [0.0, 0.0, 0.0, 1.0]], "pose_inverse": [[0.8613501191139221, -0.5080117583274841, 0.0, -1203.018310546875], [0.5080117583274841, 0.8613501191139221, 0.0, -1878.6888427734375], [0.0, 0.0, 1.0, 0.0], [0.0, 0.0, 0.0, 1.0]], "cam_ids": [0, 1, 2, 3, 4, 5], "cam_channels": ["CAM_FRONT_LEFT", "CAM_FRONT", "CAM_FRONT_RIGHT", "CAM_BACK_LEFT", "CAM_BACK", "CAM_BACK_RIGHT"], "token": "4aee4493e33a49498346ffae27b91135", "scene": "scene-0263"}, {"images": ["samples/CAM_FRONT_LEFT/n008-2018-08-06-15-06-32-0400__CAM_FRONT_LEFT__1533583321604799.jpg", "samples/CAM_FRONT/n008-2018-08-06-15-06-32-0400__CAM_FRONT__1533583321612404.jpg", "samples/CAM_FRONT_RIGHT/n008-2018-08-06-15-06-32-0400__CAM_FRONT_RIGHT__1533583321620482.jpg", "samples/CAM_BACK_LEFT/n008-2018-08-06-15-06-32-0400__CAM_BACK_LEFT__1533583321647405.jpg", "samples/CAM_BACK/n008-2018-08-06-15-06-32-0400__CAM_BACK__1533583321637558.jpg", "samples/CAM_BACK_RIGHT/n008-2018-08-06-15-06-32-0400__CAM_BACK_RIGHT__1533583321628113.jpg"], "intrinsics": [[[1257.8625342125129, 0.0, 827.2410631095686], [0.0, 1257.8625342125129, 450.915498205774], [0.0, 0.0, 1.0]], [[1252.8131021185304, 0.0, 826.588114781398], [0.0, 1252.8131021185304, 469.9846626224581], [0.0, 0.0, 1.0]], [[1256.7485116440405, 0.0, 817.7887570959712], [0.0, 1256.7485116440403, 451.9541780095127], [0.0, 0.0, 1.0]], [[1254.9860565800168, 0.0, 829.5769333630991], [0.0, 1254.9860565800168, 467.1680561863987], [0.0, 0.0, 1.0]], [[796.8910634503094, 0.0, 857.7774326863696], [0.0, 796.8910634503094, 476.8848988407415], [0.0, 0.0, 1.0]], [[1249.9629280788233, 0.0, 825.3768045375984], [0.0, 1249.9629280788233, 462.54816385708756], [0.0, 0.0, 1.0]]], "extrinsics": [[[0.8227512240409851, -0.5682855844497681, -0.011491051875054836, -0.7301483154296875], [0.005367226433008909, 0.02798290178179741, -0.99959397315979, 1.4899177551269531], [0.568376362323761, 0.8223555088043213, 0.02607308141887188, -1.14990234375], [0.0, 0.0, 0.0, 1.0]], [[0.010533169843256474, -0.9996606111526489, -0.023827631026506424, 0.012451171875], [0.00717546883970499, 0.023903904482722282, -0.9996885061264038, 1.4819984436035156], [0.9999187588691711, 0.010358932428061962, 0.007424816954880953, -1.46435546875], [0.0, 0.0, 0.0, 1.0]], [[-0.8438905477523804, -0.5361091494560242, -0.020874200388789177, 0.9178466796875], [0.015041686594486237, 0.015250393189489841, -0.9997705221176147, 1.4961357116699219], [0.5363044738769531, -0.8440109491348267, -0.004805677570402622, -1.1636962890625], [0.0, 0.0, 0.0, 1.0]], [[0.9477975368499756, 0.3188724219799042, -0.0005645910860039294, -1.1539306640625], [-0.010893634520471096, 0.030609944835305214, -0.9994720220565796, 1.5621299743652344], [-0.3186867833137512, 0.9473032355308533, 0.032485708594322205, -0.153564453125], [0.0, 0.0, 0.0, 1.0]], [[0.009180167689919472, 0.9996955990791321, 0.022904396057128906, -0.029296875], [-0.008511328138411045, 0.022982649505138397, -0.999699592590332, 1.5674171447753906], [-0.9999216198921204, 0.00898247305303812, 0.00871972180902958, -0.0281982421875], [0.0, 0.0, 0.0, 1.0]], [[-0.923790454864502, 0.38287869095802307, 0.003895603120326996, 1.024200439453125], [-0.004131470341235399, 0.00020621686417143792, -0.9999914169311523, 1.5472054481506348], [-0.3828761875629425, -0.9237985610961914, 0.001391350058838725, -0.097412109375], [0.0, 0.0, 0.0, 1.0]]], "view": [[0.0, -2.0, 100.0], [-2.0, 0.0, 100.0], [0.0, 0.0, 1.0]], "bev": "bev_735e3421e6e54bbda43b64568400203f.png", "aux": "aux_735e3421e6e54bbda43b64568400203f.npz", "visibility": "visibility_735e3421e6e54bbda43b64568400203f.png", "pose": [[0.8620443940162659, 0.5068328380584717, 0.0, 1993.8114013671875], [-0.5068328380584717, 0.8620443940162659, 0.0, 1005.1475219726562], [0.0, 0.0, 1.0, 0.0], [0.0, 0.0, 0.0, 1.0]], "pose_inverse": [[0.8620443940162659, -0.5068328380584717, 0.0, -1209.3121337890625], [0.5068328380584717, 0.8620443940162659, 0.0, -1877.0108642578125], [0.0, 0.0, 1.0, 0.0], [0.0, 0.0, 0.0, 1.0]], "cam_ids": [0, 1, 2, 3, 4, 5], "cam_channels": ["CAM_FRONT_LEFT", "CAM_FRONT", "CAM_FRONT_RIGHT", "CAM_BACK_LEFT", "CAM_BACK", "CAM_BACK_RIGHT"], "token": "735e3421e6e54bbda43b64568400203f", "scene": "scene-0263"}, {"images": ["samples/CAM_FRONT_LEFT/n008-2018-08-06-15-06-32-0400__CAM_FRONT_LEFT__1533583322104799.jpg", "samples/CAM_FRONT/n008-2018-08-06-15-06-32-0400__CAM_FRONT__1533583322112404.jpg", "samples/CAM_FRONT_RIGHT/n008-2018-08-06-15-06-32-0400__CAM_FRONT_RIGHT__1533583322120482.jpg", "samples/CAM_BACK_LEFT/n008-2018-08-06-15-06-32-0400__CAM_BACK_LEFT__1533583322147405.jpg", "samples/CAM_BACK/n008-2018-08-06-15-06-32-0400__CAM_BACK__1533583322137558.jpg", "samples/CAM_BACK_RIGHT/n008-2018-08-06-15-06-32-0400__CAM_BACK_RIGHT__1533583322128113.jpg"], "intrinsics": [[[1257.8625342125129, 0.0, 827.2410631095686], [0.0, 1257.8625342125129, 450.915498205774], [0.0, 0.0, 1.0]], [[1252.8131021185304, 0.0, 826.588114781398], [0.0, 1252.8131021185304, 469.9846626224581], [0.0, 0.0, 1.0]], [[1256.7485116440405, 0.0, 817.7887570959712], [0.0, 1256.7485116440403, 451.9541780095127], [0.0, 0.0, 1.0]], [[1254.9860565800168, 0.0, 829.5769333630991], [0.0, 1254.9860565800168, 467.1680561863987], [0.0, 0.0, 1.0]], [[796.8910634503094, 0.0, 857.7774326863696], [0.0, 796.8910634503094, 476.8848988407415], [0.0, 0.0, 1.0]], [[1249.9629280788233, 0.0, 825.3768045375984], [0.0, 1249.9629280788233, 462.54816385708756], [0.0, 0.0, 1.0]]], "extrinsics": [[[0.8224586844444275, -0.5686836838722229, -0.01267264038324356, -0.7456398010253906], [0.00426968140527606, 0.02844996564090252, -0.9995861053466797, 1.4895553588867188], [0.5688088536262512, 0.8220641613006592, 0.025827018544077873, -1.1572265625], [0.0, 0.0, 0.0, 1.0]], [[0.01012115553021431, -0.9996547102928162, -0.024246327579021454, 0.0101318359375], [0.00622277008369565, 0.024310065433382988, -0.9996851086616516, 1.4817085266113281], [0.9999293684959412, 0.009967098943889141, 0.006466669496148825, -1.4783935546875], [0.0, 0.0, 0.0, 1.0]], [[-0.8440613150596619, -0.5358590483665466, -0.02038056030869484, 0.9261474609375], [0.01424269750714302, 0.015590483322739601, -0.9997769594192505, 1.4958381652832031], [0.5360572934150696, -0.8441634178161621, -0.005527246743440628, -1.1710205078125], [0.0, 0.0, 0.0, 1.0]], [[0.9479010701179504, 0.31856411695480347, -0.0006647324771620333, -1.1488037109375], [-0.01102698314934969, 0.030725715681910515, -0.9994670152664185, 1.5620880126953125], [-0.3183739483356476, 0.9474031329154968, 0.032637741416692734, -0.1549072265625], [0.0, 0.0, 0.0, 1.0]], [[0.009295724332332611, 0.9996892213821411, 0.023131350055336952, -0.02880859375], [-0.008970191702246666, 0.023214783519506454, -0.9996902346611023, 1.5674400329589844], [-0.9999166131019592, 0.009085390716791153, 0.009183202870190144, -0.0238037109375], [0.0, 0.0, 0.0, 1.0]], [[-0.9237092733383179, 0.3830658495426178, 0.004647146910429001, 1.03204345703125], [-0.004819777328521013, 0.0005091010825708508, -0.9999882578849792, 1.5471410751342773], [-0.3830636441707611, -0.9237208366394043, 0.0013760316651314497, -0.095703125], [0.0, 0.0, 0.0, 1.0]]], "view": [[0.0, -2.0, 100.0], [-2.0, 0.0, 100.0], [0.0, 0.0, 1.0]], "bev": "bev_82a13f087f224a3386b7b3afb6cbfcce.png", "aux": "aux_82a13f087f224a3386b7b3afb6cbfcce.npz", "visibility": "visibility_82a13f087f224a3386b7b3afb6cbfcce.png", "pose": [[0.8636684417724609, 0.5040602684020996, 0.0, 1997.201171875], [-0.5040602684020996, 0.8636684417724609, 0.0, 1003.1322021484375], [0.0, 0.0, 1.0, 0.0], [0.0, 0.0, 0.0, 1.0]], "pose_inverse": [[0.8636684417724609, -0.5040602684020996, 0.0, -1219.280517578125], [0.5040602684020996, 0.8636684417724609, 0.0, -1873.08349609375], [0.0, 0.0, 1.0, 0.0], [0.0, 0.0, 0.0, 1.0]], "cam_ids": [0, 1, 2, 3, 4, 5], "cam_channels": ["CAM_FRONT_LEFT", "CAM_FRONT", "CAM_FRONT_RIGHT", "CAM_BACK_LEFT", "CAM_BACK", "CAM_BACK_RIGHT"], "token": "82a13f087f224a3386b7b3afb6cbfcce", "scene": "scene-0263"}, {"images": ["samples/CAM_FRONT_LEFT/n008-2018-08-06-15-06-32-0400__CAM_FRONT_LEFT__1533583322604799.jpg", "samples/CAM_FRONT/n008-2018-08-06-15-06-32-0400__CAM_FRONT__1533583322612404.jpg", "samples/CAM_FRONT_RIGHT/n008-2018-08-06-15-06-32-0400__CAM_FRONT_RIGHT__1533583322620482.jpg", "samples/CAM_BACK_LEFT/n008-2018-08-06-15-06-32-0400__CAM_BACK_LEFT__1533583322647405.jpg", "samples/CAM_BACK/n008-2018-08-06-15-06-32-0400__CAM_BACK__1533583322637558.jpg", "samples/CAM_BACK_RIGHT/n008-2018-08-06-15-06-32-0400__CAM_BACK_RIGHT__1533583322628113.jpg"], "intrinsics": [[[1257.8625342125129, 0.0, 827.2410631095686], [0.0, 1257.8625342125129, 450.915498205774], [0.0, 0.0, 1.0]], [[1252.8131021185304, 0.0, 826.588114781398], [0.0, 1252.8131021185304, 469.9846626224581], [0.0, 0.0, 1.0]], [[1256.7485116440405, 0.0, 817.7887570959712], [0.0, 1256.7485116440403, 451.9541780095127], [0.0, 0.0, 1.0]], [[1254.9860565800168, 0.0, 829.5769333630991], [0.0, 1254.9860565800168, 467.1680561863987], [0.0, 0.0, 1.0]], [[796.8910634503094, 0.0, 857.7774326863696], [0.0, 796.8910634503094, 476.8848988407415], [0.0, 0.0, 1.0]], [[1249.9629280788233, 0.0, 825.3768045375984], [0.0, 1249.9629280788233, 462.54816385708756], [0.0, 0.0, 1.0]]], "extrinsics": [[[0.8222712874412537, -0.5689060091972351, -0.014697892591357231, -0.7721176147460938], [0.0010955932084470987, 0.027409162372350693, -0.999623715877533, 1.4885406494140625], [0.5690947771072388, 0.8219457268714905, 0.02316105365753174, -1.1748046875], [0.0, 0.0, 0.0, 1.0]], [[0.009832620620727539, -0.9996814727783203, -0.023243198171257973, 0.0096435546875], [0.0031123380176723003, 0.023274805396795273, -0.999724268913269, 1.4808387756347656], [0.9999468922615051, 0.00975756160914898, 0.0033401986584067345, -1.504638671875], [0.0, 0.0, 0.0, 1.0]], [[-0.8442075848579407, -0.5357384085655212, -0.017258064821362495, 0.943115234375], [0.011199388653039932, 0.014560357667505741, -0.9998312592506409, 1.4950180053710938], [0.5358994007110596, -0.8442585468292236, -0.0062920222990214825, -1.18231201171875], [0.0, 0.0, 0.0, 1.0]], [[0.9479432106018066, 0.31841644644737244, -0.0038458756171166897, -1.150146484375], [-0.014052768237888813, 0.029764268547296524, -0.9994581341743469, 1.5621452331542969], [-0.3181294798851013, 0.9474835991859436, 0.03268946707248688, -0.153564453125], [0.0, 0.0, 0.0, 1.0]], [[0.009414954110980034, 0.9997115731239319, 0.02209595963358879, -0.0286865234375], [-0.01201321929693222, 0.022208426147699356, -0.9996811747550964, 1.5673274993896484], [-0.9998835921287537, 0.009146556258201599, 0.012218845076858997, -0.01611328125], [0.0, 0.0, 0.0, 1.0]], [[-0.9236506223678589, 0.3831702470779419, 0.007071251515299082, 1.04559326171875], [-0.00786716490983963, -0.0005101639544591308, -0.999968945980072, 1.5468368530273438], [-0.3831546902656555, -0.9236775636672974, 0.003485677298158407, -0.090087890625], [0.0, 0.0, 0.0, 1.0]]], "view": [[0.0, -2.0, 100.0], [-2.0, 0.0, 100.0], [0.0, 0.0, 1.0]], "bev": "bev_fb1660c26e2348078485f3e158ea72ee.png", "aux": "aux_fb1660c26e2348078485f3e158ea72ee.npz", "visibility": "visibility_fb1660c26e2348078485f3e158ea72ee.png", "pose": [[0.8626813888549805, 0.5057478547096252, 0.0, 2000.257568359375], [-0.5057478547096252, 0.8626813888549805, 0.0, 1001.3062133789062], [0.0, 0.0, 1.0, 0.0], [0.0, 0.0, 0.0, 1.0]], "pose_inverse": [[0.8626813888549805, -0.5057478547096252, 0.0, -1219.176513671875], [0.5057478547096252, 0.8626813888549805, 0.0, -1875.43408203125], [0.0, 0.0, 1.0, 0.0], [0.0, 0.0, 0.0, 1.0]], "cam_ids": [0, 1, 2, 3, 4, 5], "cam_channels": ["CAM_FRONT_LEFT", "CAM_FRONT", "CAM_FRONT_RIGHT", "CAM_BACK_LEFT", "CAM_BACK", "CAM_BACK_RIGHT"], "token": "fb1660c26e2348078485f3e158ea72ee", "scene": "scene-0263"}, {"images": ["samples/CAM_FRONT_LEFT/n008-2018-08-06-15-06-32-0400__CAM_FRONT_LEFT__1533583323104799.jpg", "samples/CAM_FRONT/n008-2018-08-06-15-06-32-0400__CAM_FRONT__1533583323112404.jpg", "samples/CAM_FRONT_RIGHT/n008-2018-08-06-15-06-32-0400__CAM_FRONT_RIGHT__1533583323120482.jpg", "samples/CAM_BACK_LEFT/n008-2018-08-06-15-06-32-0400__CAM_BACK_LEFT__1533583323147405.jpg", "samples/CAM_BACK/n008-2018-08-06-15-06-32-0400__CAM_BACK__1533583323137558.jpg", "samples/CAM_BACK_RIGHT/n008-2018-08-06-15-06-32-0400__CAM_BACK_RIGHT__1533583323128113.jpg"], "intrinsics": [[[1257.8625342125129, 0.0, 827.2410631095686], [0.0, 1257.8625342125129, 450.915498205774], [0.0, 0.0, 1.0]], [[1252.8131021185304, 0.0, 826.588114781398], [0.0, 1252.8131021185304, 469.9846626224581], [0.0, 0.0, 1.0]], [[1256.7485116440405, 0.0, 817.7887570959712], [0.0, 1256.7485116440403, 451.9541780095127], [0.0, 0.0, 1.0]], [[1254.9860565800168, 0.0, 829.5769333630991], [0.0, 1254.9860565800168, 467.1680561863987], [0.0, 0.0, 1.0]], [[796.8910634503094, 0.0, 857.7774326863696], [0.0, 796.8910634503094, 476.8848988407415], [0.0, 0.0, 1.0]], [[1249.9629280788233, 0.0, 825.3768045375984], [0.0, 1249.9629280788233, 462.54816385708756], [0.0, 0.0, 1.0]]], "extrinsics": [[[0.8226043581962585, -0.5684795379638672, -0.012370225973427296, -0.7991409301757812], [0.004174278117716312, 0.027791885659098625, -0.9996050000190735, 1.4892501831054688], [0.5685988068580627, 0.8222277760505676, 0.02523471973836422, -1.194580078125], [0.0, 0.0, 0.0, 1.0]], [[0.010386803187429905, -0.9996670484542847, -0.023619264364242554, 0.010009765625], [0.00621807249262929, 0.023684652522206306, -0.9997001886367798, 1.4813690185546875], [0.9999266862869263, 0.010236832313239574, 0.0064620100893080235, -1.53125], [0.0, 0.0, 0.0, 1.0]], [[-0.8439318537712097, -0.5360720753669739, -0.020144646987318993, 0.9605712890625], [0.01433614268898964, 0.015000937506556511, -0.9997846484184265, 1.4952659606933594], [0.5362587571144104, -0.8440389633178711, -0.004974564537405968, -1.19244384765625], [0.0, 0.0, 0.0, 1.0]], [[0.9478909373283386, 0.3185943067073822, -0.0005689633544534445, -1.1529541015625], [-0.010694460943341255, 0.030033519491553307, -0.9994916319847107, 1.5621528625488281], [-0.3184152841567993, 0.9474152326583862, 0.031875696033239365, -0.15283203125], [0.0, 0.0, 0.0, 1.0]], [[0.009211148135364056, 0.9997042417526245, 0.022507844492793083, -0.0289306640625], [-0.008709668181836605, 0.022588154301047325, -0.9997068643569946, 1.5676040649414062], [-0.999919593334198, 0.009012378752231598, 0.008915155194699764, -0.0064697265625], [0.0, 0.0, 0.0, 1.0]], [[-0.9237741827964783, 0.38291406631469727, 0.004254841711372137, 1.059844970703125], [-0.004636354744434357, -7.351185195147991e-05, -0.9999892115592957, 1.5473089218139648], [-0.3829095661640167, -0.9237840175628662, 0.0018432341748848557, -0.083984375], [0.0, 0.0, 0.0, 1.0]]], "view": [[0.0, -2.0, 100.0], [-2.0, 0.0, 100.0], [0.0, 0.0, 1.0]], "bev": "bev_505a51e59d0443479c8c320f9a14ed0a.png", "aux": "aux_505a51e59d0443479c8c320f9a14ed0a.npz", "visibility": "visibility_505a51e59d0443479c8c320f9a14ed0a.png", "pose": [[0.8617647886276245, 0.5073080062866211, 0.0, 2002.9757080078125], [-0.5073080062866211, 0.8617647886276245, 0.0, 999.6691284179688], [0.0, 0.0, 1.0, 0.0], [0.0, 0.0, 0.0, 1.0]], "pose_inverse": [[0.8617647886276245, -0.5073080062866211, 0.0, -1218.953857421875], [0.5073080062866211, 0.8617647886276245, 0.0, -1877.605224609375], [0.0, 0.0, 1.0, 0.0], [0.0, 0.0, 0.0, 1.0]], "cam_ids": [0, 1, 2, 3, 4, 5], "cam_channels": ["CAM_FRONT_LEFT", "CAM_FRONT", "CAM_FRONT_RIGHT", "CAM_BACK_LEFT", "CAM_BACK", "CAM_BACK_RIGHT"], "token": "505a51e59d0443479c8c320f9a14ed0a", "scene": "scene-0263"}, {"images": ["samples/CAM_FRONT_LEFT/n008-2018-08-06-15-06-32-0400__CAM_FRONT_LEFT__1533583323604799.jpg", "samples/CAM_FRONT/n008-2018-08-06-15-06-32-0400__CAM_FRONT__1533583323612404.jpg", "samples/CAM_FRONT_RIGHT/n008-2018-08-06-15-06-32-0400__CAM_FRONT_RIGHT__1533583323620482.jpg", "samples/CAM_BACK_LEFT/n008-2018-08-06-15-06-32-0400__CAM_BACK_LEFT__1533583323647405.jpg", "samples/CAM_BACK/n008-2018-08-06-15-06-32-0400__CAM_BACK__1533583323637558.jpg", "samples/CAM_BACK_RIGHT/n008-2018-08-06-15-06-32-0400__CAM_BACK_RIGHT__1533583323628113.jpg"], "intrinsics": [[[1257.8625342125129, 0.0, 827.2410631095686], [0.0, 1257.8625342125129, 450.915498205774], [0.0, 0.0, 1.0]], [[1252.8131021185304, 0.0, 826.588114781398], [0.0, 1252.8131021185304, 469.9846626224581], [0.0, 0.0, 1.0]], [[1256.7485116440405, 0.0, 817.7887570959712], [0.0, 1256.7485116440403, 451.9541780095127], [0.0, 0.0, 1.0]], [[1254.9860565800168, 0.0, 829.5769333630991], [0.0, 1254.9860565800168, 467.1680561863987], [0.0, 0.0, 1.0]], [[796.8910634503094, 0.0, 857.7774326863696], [0.0, 796.8910634503094, 476.8848988407415], [0.0, 0.0, 1.0]], [[1249.9629280788233, 0.0, 825.3768045375984], [0.0, 1249.9629280788233, 462.54816385708756], [0.0, 0.0, 1.0]]], "extrinsics": [[[0.822674572467804, -0.5683424472808838, -0.013912074267864227, -0.813323974609375], [0.0020313470158725977, 0.02740945853292942, -0.9996222257614136, 1.4887313842773438], [0.5685089826583862, 0.8223355412483215, 0.0237035620957613, -1.20263671875], [0.0, 0.0, 0.0, 1.0]], [[0.01041728537529707, -0.9996731281280518, -0.023348309099674225, 0.0084228515625], [0.00393792474642396, 0.023390408605337143, -0.9997186660766602, 1.4808807373046875], [0.9999380111694336, 0.010322431102395058, 0.004180302377790213, -1.5458984375], [0.0, 0.0, 0.0, 1.0]], [[-0.843962550163269, -0.5361005663871765, -0.01798839494585991, 0.9700927734375], [0.011908811517059803, 0.014800505712628365, -0.9998195171356201, 1.4947586059570312], [0.536270022392273, -0.8440244197845459, -0.006106751970946789, -1.20001220703125], [0.0, 0.0, 0.0, 1.0]], [[0.947871208190918, 0.31863823533058167, -0.0031565309036523104, -1.15234375], [-0.01354814600199461, 0.03040161170065403, -0.9994459748268127, 1.5621681213378906], [-0.3183657228946686, 0.947388768196106, 0.033133767545223236, -0.153076171875], [0.0, 0.0, 0.0, 1.0]], [[0.00924327690154314, 0.999701738357544, 0.022607162594795227, -0.028564453125], [-0.011375168338418007, 0.02271178737282753, -0.999677300453186, 1.567525863647461], [-0.9998927116394043, 0.008983135223388672, 0.011581705883145332, -0.0023193359375], [0.0, 0.0, 0.0, 1.0]], [[-0.9237714409828186, 0.3828885853290558, 0.006548411678522825, 1.06805419921875], [-0.0071531375870108604, -0.00015570849063806236, -0.9999744296073914, 1.5470991134643555], [-0.38287776708602905, -0.9237945675849915, 0.002882694359868765, -0.08154296875], [0.0, 0.0, 0.0, 1.0]]], "view": [[0.0, -2.0, 100.0], [-2.0, 0.0, 100.0], [0.0, 0.0, 1.0]], "bev": "bev_0a836c7088dd41019cf434ca07652de0.png", "aux": "aux_0a836c7088dd41019cf434ca07652de0.npz", "visibility": "visibility_0a836c7088dd41019cf434ca07652de0.png", "pose": [[0.8611442446708679, 0.508360743522644, 0.0, 2005.5072021484375], [-0.508360743522644, 0.8611442446708679, 0.0, 998.1422729492188], [0.0, 0.0, 1.0, 0.0], [0.0, 0.0, 0.0, 1.0]], "pose_inverse": [[0.8611442446708679, -0.508360743522644, 0.0, -1219.6146240234375], [0.508360743522644, 0.8611442446708679, 0.0, -1879.0655517578125], [0.0, 0.0, 1.0, 0.0], [0.0, 0.0, 0.0, 1.0]], "cam_ids": [0, 1, 2, 3, 4, 5], "cam_channels": ["CAM_FRONT_LEFT", "CAM_FRONT", "CAM_FRONT_RIGHT", "CAM_BACK_LEFT", "CAM_BACK", "CAM_BACK_RIGHT"], "token": "0a836c7088dd41019cf434ca07652de0", "scene": "scene-0263"}, {"images": ["samples/CAM_FRONT_LEFT/n008-2018-08-06-15-06-32-0400__CAM_FRONT_LEFT__1533583324104799.jpg", "samples/CAM_FRONT/n008-2018-08-06-15-06-32-0400__CAM_FRONT__1533583324112404.jpg", "samples/CAM_FRONT_RIGHT/n008-2018-08-06-15-06-32-0400__CAM_FRONT_RIGHT__1533583324120482.jpg", "samples/CAM_BACK_LEFT/n008-2018-08-06-15-06-32-0400__CAM_BACK_LEFT__1533583324147405.jpg", "samples/CAM_BACK/n008-2018-08-06-15-06-32-0400__CAM_BACK__1533583324137572.jpg", "samples/CAM_BACK_RIGHT/n008-2018-08-06-15-06-32-0400__CAM_BACK_RIGHT__1533583324128113.jpg"], "intrinsics": [[[1257.8625342125129, 0.0, 827.2410631095686], [0.0, 1257.8625342125129, 450.915498205774], [0.0, 0.0, 1.0]], [[1252.8131021185304, 0.0, 826.588114781398], [0.0, 1252.8131021185304, 469.9846626224581], [0.0, 0.0, 1.0]], [[1256.7485116440405, 0.0, 817.7887570959712], [0.0, 1256.7485116440403, 451.9541780095127], [0.0, 0.0, 1.0]], [[1254.9860565800168, 0.0, 829.5769333630991], [0.0, 1254.9860565800168, 467.1680561863987], [0.0, 0.0, 1.0]], [[796.8910634503094, 0.0, 857.7774326863696], [0.0, 796.8910634503094, 476.8848988407415], [0.0, 0.0, 1.0]], [[1249.9629280788233, 0.0, 825.3768045375984], [0.0, 1249.9629280788233, 462.54816385708756], [0.0, 0.0, 1.0]]], "extrinsics": [[[0.8224083781242371, -0.5687302350997925, -0.013793948106467724, -0.8300399780273438], [0.0030299981590360403, 0.02862539514899254, -0.9995855689048767, 1.4888916015625], [0.5688893795013428, 0.8220258951187134, 0.02526501752436161, -1.214111328125], [0.0, 0.0, 0.0, 1.0]], [[0.01004781574010849, -0.9996492862701416, -0.024501973763108253, 0.0081787109375], [0.004935604054480791, 0.024552494287490845, -0.9996863603591919, 1.480987548828125], [0.9999372959136963, 0.009923723526299, 0.005180572625249624, -1.561767578125], [0.0, 0.0, 0.0, 1.0]], [[-0.8441019058227539, -0.5358309745788574, -0.019419217482209206, 0.9796142578125], [0.012905188836157322, 0.01590399071574211, -0.9997902512550354, 1.4947662353515625], [0.5360274314880371, -0.8441755175590515, -0.006509589496999979, -1.2061767578125], [0.0, 0.0, 0.0, 1.0]], [[0.9479390978813171, 0.31844568252563477, -0.0019508285913616419, -1.1507568359375], [-0.012491267174482346, 0.031060948967933655, -0.9994394183158875, 1.5621414184570312], [-0.31820663809776306, 0.9474321007728577, 0.033421680331230164, -0.153564453125], [0.0, 0.0, 0.0, 1.0]], [[0.00934537872672081, 0.9996809959411621, 0.023464199155569077, -0.0284423828125], [-0.010387747548520565, 0.023561013862490654, -0.9996683597564697, 1.5675983428955078], [-0.9999024868011475, 0.009098600596189499, 0.010604620911180973, 0.0001220703125], [0.0, 0.0, 0.0, 1.0]], [[-0.9236966967582703, 0.3830770254135132, 0.0060233790427446365, 1.07476806640625], [-0.006161355413496494, 0.0008667670772410929, -0.999980628490448, 1.5472393035888672], [-0.3830748498439789, -0.9237159490585327, 0.0015596436569467187, -0.078857421875], [0.0, 0.0, 0.0, 1.0]]], "view": [[0.0, -2.0, 100.0], [-2.0, 0.0, 100.0], [0.0, 0.0, 1.0]], "bev": "bev_c17fb135ea4f47319719d51f6b1c5820.png", "aux": "aux_c17fb135ea4f47319719d51f6b1c5820.npz", "visibility": "visibility_c17fb135ea4f47319719d51f6b1c5820.png", "pose": [[0.860174298286438, 0.5100001692771912, 0.0, 2007.839111328125], [-0.5100001692771912, 0.860174298286438, 0.0, 996.7327270507812], [0.0, 0.0, 1.0, 0.0], [0.0, 0.0, 0.0, 1.0]], "pose_inverse": [[0.860174298286438, -0.5100001692771912, 0.0, -1218.7576904296875], [0.5100001692771912, 0.860174298286438, 0.0, -1881.3621826171875], [0.0, 0.0, 1.0, 0.0], [0.0, 0.0, 0.0, 1.0]], "cam_ids": [0, 1, 2, 3, 4, 5], "cam_channels": ["CAM_FRONT_LEFT", "CAM_FRONT", "CAM_FRONT_RIGHT", "CAM_BACK_LEFT", "CAM_BACK", "CAM_BACK_RIGHT"], "token": "c17fb135ea4f47319719d51f6b1c5820", "scene": "scene-0263"}, {"images": ["samples/CAM_FRONT_LEFT/n008-2018-08-06-15-06-32-0400__CAM_FRONT_LEFT__1533583324654799.jpg", "samples/CAM_FRONT/n008-2018-08-06-15-06-32-0400__CAM_FRONT__1533583324662404.jpg", "samples/CAM_FRONT_RIGHT/n008-2018-08-06-15-06-32-0400__CAM_FRONT_RIGHT__1533583324670482.jpg", "samples/CAM_BACK_LEFT/n008-2018-08-06-15-06-32-0400__CAM_BACK_LEFT__1533583324697405.jpg", "samples/CAM_BACK/n008-2018-08-06-15-06-32-0400__CAM_BACK__1533583324687558.jpg", "samples/CAM_BACK_RIGHT/n008-2018-08-06-15-06-32-0400__CAM_BACK_RIGHT__1533583324678319.jpg"], "intrinsics": [[[1257.8625342125129, 0.0, 827.2410631095686], [0.0, 1257.8625342125129, 450.915498205774], [0.0, 0.0, 1.0]], [[1252.8131021185304, 0.0, 826.588114781398], [0.0, 1252.8131021185304, 469.9846626224581], [0.0, 0.0, 1.0]], [[1256.7485116440405, 0.0, 817.7887570959712], [0.0, 1256.7485116440403, 451.9541780095127], [0.0, 0.0, 1.0]], [[1254.9860565800168, 0.0, 829.5769333630991], [0.0, 1254.9860565800168, 467.1680561863987], [0.0, 0.0, 1.0]], [[796.8910634503094, 0.0, 857.7774326863696], [0.0, 796.8910634503094, 476.8848988407415], [0.0, 0.0, 1.0]], [[1249.9629280788233, 0.0, 825.3768045375984], [0.0, 1249.9629280788233, 462.54816385708756], [0.0, 0.0, 1.0]]], "extrinsics": [[[0.8224009871482849, -0.5687419772148132, -0.013755213469266891, -0.8307266235351562], [0.001985590672120452, 0.027047600597143173, -0.9996321797370911, 1.4886894226074219], [0.5689048171043396, 0.8220711350440979, 0.023373261094093323, -1.214111328125], [0.0, 0.0, 0.0, 1.0]], [[0.010039335116744041, -0.9996864795684814, -0.02293773740530014, 0.0079345703125], [0.003942408133298159, 0.0229782871901989, -0.9997282028198242, 1.4808235168457031], [0.999941885471344, 0.00994623638689518, 0.004171859938651323, -1.5616455078125], [0.0, 0.0, 0.0, 1.0]], [[-0.8441078662872314, -0.5358781218528748, -0.017788711935281754, 0.9791259765625], [0.011970006860792637, 0.014334664680063725, -0.9998255968093872, 1.4946479797363281], [0.5360397100448608, -0.8441736698150635, -0.005685538984835148, -1.2060546875], [0.0, 0.0, 0.0, 1.0]], [[0.9478685259819031, 0.31864508986473083, -0.0032529861200600863, -1.145751953125], [-0.013363604433834553, 0.029549065977334976, -0.9994739890098572, 1.5620689392089844], [-0.3183813691139221, 0.9474133253097534, 0.03226688131690025, -0.1553955078125], [0.0, 0.0, 0.0, 1.0]], [[0.009322134777903557, 0.9997162818908691, 0.02192010171711445, -0.0284423828125], [-0.011250777170062065, 0.022024525329470634, -0.9996940493583679, 1.5675296783447266], [-0.9998932480812073, 0.009072573855519295, 0.011452901177108288, -0.002685546875], [0.0, 0.0, 0.0, 1.0]], [[-0.9237035512924194, 0.3830566704273224, 0.006275183986872435, 1.074462890625], [-0.007084841374307871, -0.0007029456901364028, -0.9999746084213257, 1.5471515655517578], [-0.3830425441265106, -0.9237245917320251, 0.0033632097765803337, -0.0791015625], [0.0, 0.0, 0.0, 1.0]]], "view": [[0.0, -2.0, 100.0], [-2.0, 0.0, 100.0], [0.0, 0.0, 1.0]], "bev": "bev_7da207c5dfaf44d38aa0081f66a69854.png", "aux": "aux_7da207c5dfaf44d38aa0081f66a69854.npz", "visibility": "visibility_7da207c5dfaf44d38aa0081f66a69854.png", "pose": [[0.8591874837875366, 0.5116608738899231, 0.0, 2010.247314453125], [-0.5116608738899231, 0.8591874837875366, 0.0, 995.2723388671875], [0.0, 0.0, 1.0, 0.0], [0.0, 0.0, 0.0, 1.0]], "pose_inverse": [[0.8591874837875366, -0.5116608738899231, 0.0, -1217.9375], [0.5116608738899231, 0.8591874837875366, 0.0, -1883.6904296875], [0.0, 0.0, 1.0, 0.0], [0.0, 0.0, 0.0, 1.0]], "cam_ids": [0, 1, 2, 3, 4, 5], "cam_channels": ["CAM_FRONT_LEFT", "CAM_FRONT", "CAM_FRONT_RIGHT", "CAM_BACK_LEFT", "CAM_BACK", "CAM_BACK_RIGHT"], "token": "7da207c5dfaf44d38aa0081f66a69854", "scene": "scene-0263"}, {"images": ["samples/CAM_FRONT_LEFT/n008-2018-08-06-15-06-32-0400__CAM_FRONT_LEFT__1533583325154799.jpg", "samples/CAM_FRONT/n008-2018-08-06-15-06-32-0400__CAM_FRONT__1533583325162404.jpg", "samples/CAM_FRONT_RIGHT/n008-2018-08-06-15-06-32-0400__CAM_FRONT_RIGHT__1533583325170482.jpg", "samples/CAM_BACK_LEFT/n008-2018-08-06-15-06-32-0400__CAM_BACK_LEFT__1533583325197405.jpg", "samples/CAM_BACK/n008-2018-08-06-15-06-32-0400__CAM_BACK__1533583325187558.jpg", "samples/CAM_BACK_RIGHT/n008-2018-08-06-15-06-32-0400__CAM_BACK_RIGHT__1533583325178113.jpg"], "intrinsics": [[[1257.8625342125129, 0.0, 827.2410631095686], [0.0, 1257.8625342125129, 450.915498205774], [0.0, 0.0, 1.0]], [[1252.8131021185304, 0.0, 826.588114781398], [0.0, 1252.8131021185304, 469.9846626224581], [0.0, 0.0, 1.0]], [[1256.7485116440405, 0.0, 817.7887570959712], [0.0, 1256.7485116440403, 451.9541780095127], [0.0, 0.0, 1.0]], [[1254.9860565800168, 0.0, 829.5769333630991], [0.0, 1254.9860565800168, 467.1680561863987], [0.0, 0.0, 1.0]], [[796.8910634503094, 0.0, 857.7774326863696], [0.0, 796.8910634503094, 476.8848988407415], [0.0, 0.0, 1.0]], [[1249.9629280788233, 0.0, 825.3768045375984], [0.0, 1249.9629280788233, 462.54816385708756], [0.0, 0.0, 1.0]]], "extrinsics": [[[0.8228449821472168, -0.5681308507919312, -0.012386326678097248, -0.84039306640625], [0.002174884546548128, 0.02494501881301403, -0.9996864795684814, 1.4886627197265625], [0.5682618021965027, 0.8225600719451904, 0.02176150307059288, -1.222412109375], [0.0, 0.0, 0.0, 1.0]], [[0.010649499483406544, -0.9997274875640869, -0.02077198587357998, 0.009033203125], [0.004048497416079044, 0.020816100761294365, -0.9997751116752625, 1.4807815551757812], [0.9999350905418396, 0.010563007555902004, 0.004269075114279985, -1.571533203125], [0.0, 0.0, 0.0, 1.0]], [[-0.8438748717308044, -0.5362817645072937, -0.016644133254885674, 0.9849853515625], [0.01202220469713211, 0.012113912031054497, -0.999854326248169, 1.49456787109375], [0.5364053249359131, -0.8439521193504333, -0.0037753384094685316, -1.208740234375], [0.0, 0.0, 0.0, 1.0]], [[0.9478633403778076, 0.31865206360816956, -0.003996142186224461, -1.1417236328125], [-0.013371205888688564, 0.027239028364419937, -0.9995395541191101, 1.56201171875], [-0.31839656829833984, 0.947480320930481, 0.030079640448093414, -0.1568603515625], [0.0, 0.0, 0.0, 1.0]], [[0.009175227954983711, 0.9997652769088745, 0.019628634676337242, -0.029052734375], [-0.011251837946474552, 0.019731443375349045, -0.9997419714927673, 1.567514419555664], [-0.9998946189880371, 0.008952053263783455, 0.01143023744225502, -0.003173828125], [0.0, 0.0, 0.0, 1.0]], [[-0.9238091707229614, 0.3828154504299164, 0.005380397662520409, 1.076141357421875], [-0.007053691893815994, -0.0029675548430532217, -0.9999707341194153, 1.5471744537353516], [-0.38278821110725403, -0.9238200187683105, 0.005441717337816954, -0.077392578125], [0.0, 0.0, 0.0, 1.0]]], "view": [[0.0, -2.0, 100.0], [-2.0, 0.0, 100.0], [0.0, 0.0, 1.0]], "bev": "bev_b5a00064a0f9482ba85de87f687c5a3a.png", "aux": "aux_b5a00064a0f9482ba85de87f687c5a3a.npz", "visibility": "visibility_b5a00064a0f9482ba85de87f687c5a3a.png", "pose": [[0.8573559522628784, 0.5147239565849304, 0.0, 2012.259765625], [-0.5147239565849304, 0.8573559522628784, 0.0, 994.0389404296875], [0.0, 0.0, 1.0, 0.0], [0.0, 0.0, 0.0, 1.0]], "pose_inverse": [[0.8573559522628784, -0.5147239565849304, 0.0, -1213.5672607421875], [0.5147239565849304, 0.8573559522628784, 0.0, -1888.0035400390625], [0.0, 0.0, 1.0, 0.0], [0.0, 0.0, 0.0, 1.0]], "cam_ids": [0, 1, 2, 3, 4, 5], "cam_channels": ["CAM_FRONT_LEFT", "CAM_FRONT", "CAM_FRONT_RIGHT", "CAM_BACK_LEFT", "CAM_BACK", "CAM_BACK_RIGHT"], "token": "b5a00064a0f9482ba85de87f687c5a3a", "scene": "scene-0263"}, {"images": ["samples/CAM_FRONT_LEFT/n008-2018-08-06-15-06-32-0400__CAM_FRONT_LEFT__1533583325654799.jpg", "samples/CAM_FRONT/n008-2018-08-06-15-06-32-0400__CAM_FRONT__1533583325662404.jpg", "samples/CAM_FRONT_RIGHT/n008-2018-08-06-15-06-32-0400__CAM_FRONT_RIGHT__1533583325670482.jpg", "samples/CAM_BACK_LEFT/n008-2018-08-06-15-06-32-0400__CAM_BACK_LEFT__1533583325697405.jpg", "samples/CAM_BACK/n008-2018-08-06-15-06-32-0400__CAM_BACK__1533583325687558.jpg", "samples/CAM_BACK_RIGHT/n008-2018-08-06-15-06-32-0400__CAM_BACK_RIGHT__1533583325678113.jpg"], "intrinsics": [[[1257.8625342125129, 0.0, 827.2410631095686], [0.0, 1257.8625342125129, 450.915498205774], [0.0, 0.0, 1.0]], [[1252.8131021185304, 0.0, 826.588114781398], [0.0, 1252.8131021185304, 469.9846626224581], [0.0, 0.0, 1.0]], [[1256.7485116440405, 0.0, 817.7887570959712], [0.0, 1256.7485116440403, 451.9541780095127], [0.0, 0.0, 1.0]], [[1254.9860565800168, 0.0, 829.5769333630991], [0.0, 1254.9860565800168, 467.1680561863987], [0.0, 0.0, 1.0]], [[796.8910634503094, 0.0, 857.7774326863696], [0.0, 796.8910634503094, 476.8848988407415], [0.0, 0.0, 1.0]], [[1249.9629280788233, 0.0, 825.3768045375984], [0.0, 1249.9629280788233, 462.54816385708756], [0.0, 0.0, 1.0]]], "extrinsics": [[[0.822617769241333, -0.5684741735458374, -0.011709569953382015, -0.8429183959960938], [0.002074204618111253, 0.023593969643115997, -0.9997194409370422, 1.4886589050292969], [0.5685909390449524, 0.8223627209663391, 0.020587950944900513, -1.22314453125], [0.0, 0.0, 0.0, 1.0]], [[0.01032931823283434, -0.9997574687004089, -0.01944991946220398, 0.008544921875], [0.004110254812985659, 0.019493242725729942, -0.999801516532898, 1.4808006286621094], [0.9999381899833679, 0.010247306898236275, 0.0043106102384626865, -1.572998046875], [0.0, 0.0, 0.0, 1.0]], [[-0.8440013527870178, -0.5361001491546631, -0.01606992818415165, 0.9853515625], [0.01217644102871418, 0.010801837779581547, -0.9998674988746643, 1.4945869445800781], [0.5362027883529663, -0.8440852165222168, -0.0025889745447784662, -1.20928955078125], [0.0, 0.0, 0.0, 1.0]], [[0.9478647708892822, 0.31864678859710693, -0.004073488526046276, -1.139892578125], [-0.013072621077299118, 0.02610829658806324, -0.9995736479759216, 1.5619869232177734], [-0.3184046149253845, 0.9475138187408447, 0.028912685811519623, -0.1575927734375], [0.0, 0.0, 0.0, 1.0]], [[0.009254376403987408, 0.9997873902320862, 0.01842564158141613, -0.02880859375], [-0.01098686270415783, 0.01852698251605034, -0.9997679591178894, 1.5675201416015625], [-0.999896764755249, 0.009049818851053715, 0.011155983433127403, -0.004150390625], [0.0, 0.0, 0.0, 1.0]], [[-0.9237472414970398, 0.38297396898269653, 0.004689762834459543, 1.076263427734375], [-0.00683404179289937, -0.00423871073871851, -0.999967634677887, 1.5471935272216797], [-0.38294166326522827, -0.9237493276596069, 0.006532757543027401, -0.07763671875], [0.0, 0.0, 0.0, 1.0]]], "view": [[0.0, -2.0, 100.0], [-2.0, 0.0, 100.0], [0.0, 0.0, 1.0]], "bev": "bev_65d078a8119a41b1b12e2a014b6d0766.png", "aux": "aux_65d078a8119a41b1b12e2a014b6d0766.npz", "visibility": "visibility_65d078a8119a41b1b12e2a014b6d0766.png", "pose": [[0.8563254475593567, 0.5164365172386169, 0.0, 2014.2178955078125], [-0.5164365172386169, 0.8563254475593567, 0.0, 992.8387451171875], [0.0, 0.0, 1.0, 0.0], [0.0, 0.0, 0.0, 1.0]], "pose_inverse": [[0.8563254475593567, -0.5164365172386169, 0.0, -1212.087890625], [0.5164365172386169, 0.8563254475593567, 0.0, -1890.4088134765625], [0.0, 0.0, 1.0, 0.0], [0.0, 0.0, 0.0, 1.0]], "cam_ids": [0, 1, 2, 3, 4, 5], "cam_channels": ["CAM_FRONT_LEFT", "CAM_FRONT", "CAM_FRONT_RIGHT", "CAM_BACK_LEFT", "CAM_BACK", "CAM_BACK_RIGHT"], "token": "65d078a8119a41b1b12e2a014b6d0766", "scene": "scene-0263"}, {"images": ["samples/CAM_FRONT_LEFT/n008-2018-08-06-15-06-32-0400__CAM_FRONT_LEFT__1533583326154799.jpg", "samples/CAM_FRONT/n008-2018-08-06-15-06-32-0400__CAM_FRONT__1533583326162404.jpg", "samples/CAM_FRONT_RIGHT/n008-2018-08-06-15-06-32-0400__CAM_FRONT_RIGHT__1533583326170482.jpg", "samples/CAM_BACK_LEFT/n008-2018-08-06-15-06-32-0400__CAM_BACK_LEFT__1533583326197405.jpg", "samples/CAM_BACK/n008-2018-08-06-15-06-32-0400__CAM_BACK__1533583326187558.jpg", "samples/CAM_BACK_RIGHT/n008-2018-08-06-15-06-32-0400__CAM_BACK_RIGHT__1533583326178113.jpg"], "intrinsics": [[[1257.8625342125129, 0.0, 827.2410631095686], [0.0, 1257.8625342125129, 450.915498205774], [0.0, 0.0, 1.0]], [[1252.8131021185304, 0.0, 826.588114781398], [0.0, 1252.8131021185304, 469.9846626224581], [0.0, 0.0, 1.0]], [[1256.7485116440405, 0.0, 817.7887570959712], [0.0, 1256.7485116440403, 451.9541780095127], [0.0, 0.0, 1.0]], [[1254.9860565800168, 0.0, 829.5769333630991], [0.0, 1254.9860565800168, 467.1680561863987], [0.0, 0.0, 1.0]], [[796.8910634503094, 0.0, 857.7774326863696], [0.0, 796.8910634503094, 476.8848988407415], [0.0, 0.0, 1.0]], [[1249.9629280788233, 0.0, 825.3768045375984], [0.0, 1249.9629280788233, 462.54816385708756], [0.0, 0.0, 1.0]]], "extrinsics": [[[0.8226305842399597, -0.5684653520584106, -0.011223883368074894, -0.8532791137695312], [0.0030699633061885834, 0.024180885404348373, -0.9997028708457947, 1.4888229370117188], [0.5685679316520691, 0.8223517537117004, 0.021637102589011192, -1.230224609375], [0.0, 0.0, 0.0, 1.0]], [[0.010387985035777092, -0.9997454285621643, -0.020028339698910713, 0.00830078125], [0.0050412132404744625, 0.020081525668501854, -0.9997856616973877, 1.48089599609375], [0.9999332427978516, 0.010284792631864548, 0.005248536821454763, -1.58349609375], [0.0, 0.0, 0.0, 1.0]], [[-0.8439434766769409, -0.5361583828926086, -0.017134690657258034, 0.9921875], [0.013053767383098602, 0.011406091041862965, -0.9998497366905212, 1.4945869445800781], [0.5362733006477356, -0.8440403938293457, -0.0026272099930793047, -1.2137451171875], [0.0, 0.0, 0.0, 1.0]], [[0.9478684663772583, 0.318645715713501, -0.0031790940556675196, -1.1407470703125], [-0.012289658188819885, 0.026585161685943604, -0.9995710253715515, 1.5620002746582031], [-0.3184245526790619, 0.9475009441375732, 0.029115285724401474, -0.1571044921875], [0.0, 0.0, 0.0, 1.0]], [[0.009185580536723137, 0.9997777938842773, 0.018971960991621017, -0.029052734375], [-0.010195625945925713, 0.019065415486693382, -0.9997662305831909, 1.5675926208496094], [-0.9999058842658997, 0.0089900419116