[{"images": ["samples/CAM_FRONT_LEFT/n008-2018-09-18-14-35-12-0400__CAM_FRONT_LEFT__1537295833854799.jpg", "samples/CAM_FRONT/n008-2018-09-18-14-35-12-0400__CAM_FRONT__1537295833862404.jpg", "samples/CAM_FRONT_RIGHT/n008-2018-09-18-14-35-12-0400__CAM_FRONT_RIGHT__1537295833870482.jpg", "samples/CAM_BACK_LEFT/n008-2018-09-18-14-35-12-0400__CAM_BACK_LEFT__1537295833897405.jpg", "samples/CAM_BACK/n008-2018-09-18-14-35-12-0400__CAM_BACK__1537295833887558.jpg", "samples/CAM_BACK_RIGHT/n008-2018-09-18-14-35-12-0400__CAM_BACK_RIGHT__1537295833878113.jpg"], "intrinsics": [[[1257.8625342125129, 0.0, 827.2410631095686], [0.0, 1257.8625342125129, 450.915498205774], [0.0, 0.0, 1.0]], [[1252.8131021185304, 0.0, 826.588114781398], [0.0, 1252.8131021185304, 469.9846626224581], [0.0, 0.0, 1.0]], [[1256.7485116440405, 0.0, 817.7887570959712], [0.0, 1256.7485116440403, 451.9541780095127], [0.0, 0.0, 1.0]], [[1254.9860565800168, 0.0, 829.5769333630991], [0.0, 1254.9860565800168, 467.1680561863987], [0.0, 0.0, 1.0]], [[796.8910634503094, 0.0, 857.7774326863696], [0.0, 796.8910634503094, 476.8848988407415], [0.0, 0.0, 1.0]], [[1249.9629280788233, 0.0, 825.3768045375984], [0.0, 1249.9629280788233, 462.54816385708756], [0.0, 0.0, 1.0]]], "extrinsics": [[[0.8230300545692444, -0.5679925680160522, -0.002468566643074155, -0.71429443359375], [0.008912857621908188, 0.017260177060961723, -0.9998112916946411, 1.4913825988769531], [0.5679279565811157, 0.8228527307510376, 0.019268078729510307, -1.1357421875], [0.0, 0.0, 0.0, 1.0]], [[0.010976349003612995, -0.9998542070388794, -0.013083274476230145, 0.010986328125], [0.011070450767874718, 0.013204770162701607, -0.9998515844345093, 1.4833488464355469], [0.9998785257339478, 0.01082981564104557, 0.011213776655495167, -1.4439697265625], [0.0, 0.0, 0.0, 1.0]], [[-0.8436464667320251, -0.5365732312202454, -0.018705980852246284, 0.9005126953125], [0.019254600629210472, 0.004581371787935495, -0.9998041391372681, 1.4974250793457031], [0.5365538597106934, -0.8438413739204407, 0.006466445047408342, -1.15435791015625], [0.0, 0.0, 0.0, 1.0]], [[0.9478757381439209, 0.31863921880722046, 0.0007757449639029801, -1.13330078125], [-0.005919839721173048, 0.02004413492977619, -0.9997815489768982, 1.5619773864746094], [-0.31858521699905396, 0.9476641416549683, 0.020885640755295753, -0.1595458984375], [0.0, 0.0, 0.0, 1.0]], [[0.008973128162324429, 0.9998835921287537, 0.01234058290719986, -0.02880859375], [-0.003844162216410041, 0.012375482358038425, -0.9999160170555115, 1.5677070617675781], [-0.9999524354934692, 0.008924977853894234, 0.003954760730266571, -0.045654296875], [0.0, 0.0, 0.0, 1.0]], [[-0.923875629901886, 0.382669061422348, -0.0042652552947402, 1.007354736328125], [0.0002962106664199382, -0.010430323891341686, -0.9999455213546753, 1.5478763580322266], [-0.3826926350593567, -0.9238265752792358, 0.009522971697151661, -0.105712890625], [0.0, 0.0, 0.0, 1.0]]], "view": [[0.0, -2.0, 100.0], [-2.0, 0.0, 100.0], [0.0, 0.0, 1.0]], "bev": "bev_57f23d2f55e6455696c6d3cc70a4f501.png", "aux": "aux_57f23d2f55e6455696c6d3cc70a4f501.npz", "visibility": "visibility_57f23d2f55e6455696c6d3cc70a4f501.png", "pose": [[0.9173463582992554, 0.39809006452560425, 0.0, 1674.32861328125], [-0.39809006452560425, 0.9173463582992554, 0.0, 1269.8486328125], [0.0, 0.0, 1.0, 0.0], [0.0, 0.0, 0.0, 1.0]], "pose_inverse": [[0.9173463582992554, -0.39809006452560425, 0.0, -1030.4251708984375], [0.39809006452560425, 0.9173463582992554, 0.0, -1831.424560546875], [0.0, 0.0, 1.0, 0.0], [0.0, 0.0, 0.0, 1.0]], "cam_ids": [0, 1, 2, 3, 4, 5], "cam_channels": ["CAM_FRONT_LEFT", "CAM_FRONT", "CAM_FRONT_RIGHT", "CAM_BACK_LEFT", "CAM_BACK", "CAM_BACK_RIGHT"], "token": "57f23d2f55e6455696c6d3cc70a4f501", "scene": "scene-0626"}, {"images": ["samples/CAM_FRONT_LEFT/n008-2018-09-18-14-35-12-0400__CAM_FRONT_LEFT__1537295834354799.jpg", "samples/CAM_FRONT/n008-2018-09-18-14-35-12-0400__CAM_FRONT__1537295834362404.jpg", "samples/CAM_FRONT_RIGHT/n008-2018-09-18-14-35-12-0400__CAM_FRONT_RIGHT__1537295834370482.jpg", "samples/CAM_BACK_LEFT/n008-2018-09-18-14-35-12-0400__CAM_BACK_LEFT__1537295834397405.jpg", "samples/CAM_BACK/n008-2018-09-18-14-35-12-0400__CAM_BACK__1537295834387558.jpg", "samples/CAM_BACK_RIGHT/n008-2018-09-18-14-35-12-0400__CAM_BACK_RIGHT__1537295834378113.jpg"], "intrinsics": [[[1257.8625342125129, 0.0, 827.2410631095686], [0.0, 1257.8625342125129, 450.915498205774], [0.0, 0.0, 1.0]], [[1252.8131021185304, 0.0, 826.588114781398], [0.0, 1252.8131021185304, 469.9846626224581], [0.0, 0.0, 1.0]], [[1256.7485116440405, 0.0, 817.7887570959712], [0.0, 1256.7485116440403, 451.9541780095127], [0.0, 0.0, 1.0]], [[1254.9860565800168, 0.0, 829.5769333630991], [0.0, 1254.9860565800168, 467.1680561863987], [0.0, 0.0, 1.0]], [[796.8910634503094, 0.0, 857.7774326863696], [0.0, 796.8910634503094, 476.8848988407415], [0.0, 0.0, 1.0]], [[1249.9629280788233, 0.0, 825.3768045375984], [0.0, 1249.9629280788233, 462.54816385708756], [0.0, 0.0, 1.0]]], "extrinsics": [[[0.8229142427444458, -0.5681565403938293, -0.003222566796466708, -0.7129974365234375], [0.00947472546249628, 0.01939377747476101, -0.999767005443573, 1.4915962219238281], [0.5680866837501526, 0.8226919174194336, 0.02134254202246666, -1.13427734375], [0.0, 0.0, 0.0, 1.0]], [[0.01073481235653162, -0.9998239278793335, -0.015390496701002121, 0.0103759765625], [0.011473181657493114, 0.0155135253444314, -0.9998138546943665, 1.4834938049316406], [0.9998764991760254, 0.010556230321526527, 0.01163769606500864, -1.4422607421875], [0.0, 0.0, 0.0, 1.0]], [[-0.8437480926513672, -0.5363553166389465, -0.02030165307223797, 0.8984375], [0.019540490582585335, 0.007103516720235348, -0.9997838139533997, 1.497528076171875], [0.5363835692405701, -0.8439623713493347, 0.0044870683923363686, -1.15350341796875], [0.0, 0.0, 0.0, 1.0]], [[0.9478752017021179, 0.3186355531215668, 0.001991287572309375, -1.1300048828125], [-0.005725300405174494, 0.023279212415218353, -0.9997125864028931, 1.5619544982910156], [-0.318590372800827, 0.9475913643836975, 0.023890074342489243, -0.1610107421875], [0.0, 0.0, 0.0, 1.0]], [[0.009053119458258152, 0.9998410940170288, 0.01535722240805626, -0.028564453125], [-0.0036448410246521235, 0.015390743501484394, -0.9998748302459717, 1.5677127838134766], [-0.9999524354934692, 0.008995955809950829, 0.003783595748245716, -0.048828125], [0.0, 0.0, 0.0, 1.0]], [[-0.9238153696060181, 0.3828229010105133, -0.003427584655582905, 1.005035400390625], [0.0005265820072963834, -0.007682451978325844, -0.9999703168869019, 1.5479087829589844], [-0.38283783197402954, -0.9237897396087646, 0.0068955798633396626, -0.106689453125], [0.0, 0.0, 0.0, 1.0]]], "view": [[0.0, -2.0, 100.0], [-2.0, 0.0, 100.0], [0.0, 0.0, 1.0]], "bev": "bev_78fb6fd360a248dd8942da088cecae6c.png", "aux": "aux_78fb6fd360a248dd8942da088cecae6c.npz", "visibility": "visibility_78fb6fd360a248dd8942da088cecae6c.png", "pose": [[0.9119473099708557, 0.41030728816986084, 0.0, 1677.938720703125], [-0.41030728816986084, 0.9119473099708557, 0.0, 1268.2091064453125], [0.0, 0.0, 1.0, 0.0], [0.0, 0.0, 0.0, 1.0]], "pose_inverse": [[0.9119473099708557, -0.41030728816986084, 0.0, -1009.8363037109375], [0.41030728816986084, 0.9119473099708557, 0.0, -1845.0103759765625], [0.0, 0.0, 1.0, 0.0], [0.0, 0.0, 0.0, 1.0]], "cam_ids": [0, 1, 2, 3, 4, 5], "cam_channels": ["CAM_FRONT_LEFT", "CAM_FRONT", "CAM_FRONT_RIGHT", "CAM_BACK_LEFT", "CAM_BACK", "CAM_BACK_RIGHT"], "token": "78fb6fd360a248dd8942da088cecae6c", "scene": "scene-0626"}, {"images": ["samples/CAM_FRONT_LEFT/n008-2018-09-18-14-35-12-0400__CAM_FRONT_LEFT__1537295834854799.jpg", "samples/CAM_FRONT/n008-2018-09-18-14-35-12-0400__CAM_FRONT__1537295834862404.jpg", "samples/CAM_FRONT_RIGHT/n008-2018-09-18-14-35-12-0400__CAM_FRONT_RIGHT__1537295834870482.jpg", "samples/CAM_BACK_LEFT/n008-2018-09-18-14-35-12-0400__CAM_BACK_LEFT__1537295834897419.jpg", "samples/CAM_BACK/n008-2018-09-18-14-35-12-0400__CAM_BACK__1537295834887558.jpg", "samples/CAM_BACK_RIGHT/n008-2018-09-18-14-35-12-0400__CAM_BACK_RIGHT__1537295834878113.jpg"], "intrinsics": [[[1257.8625342125129, 0.0, 827.2410631095686], [0.0, 1257.8625342125129, 450.915498205774], [0.0, 0.0, 1.0]], [[1252.8131021185304, 0.0, 826.588114781398], [0.0, 1252.8131021185304, 469.9846626224581], [0.0, 0.0, 1.0]], [[1256.7485116440405, 0.0, 817.7887570959712], [0.0, 1256.7485116440403, 451.9541780095127], [0.0, 0.0, 1.0]], [[1254.9860565800168, 0.0, 829.5769333630991], [0.0, 1254.9860565800168, 467.1680561863987], [0.0, 0.0, 1.0]], [[796.8910634503094, 0.0, 857.7774326863696], [0.0, 796.8910634503094, 476.8848988407415], [0.0, 0.0, 1.0]], [[1249.9629280788233, 0.0, 825.3768045375984], [0.0, 1249.9629280788233, 462.54816385708756], [0.0, 0.0, 1.0]]], "extrinsics": [[[0.822982668876648, -0.5679965019226074, -0.008919697254896164, -0.7142333984375], [0.006171186454594135, 0.024640291929244995, -0.9996773600578308, 1.4903793334960938], [0.56803297996521, 0.8226620554924011, 0.023783745244145393, -1.13671875], [0.0, 0.0, 0.0, 1.0]], [[0.010896855965256691, -0.9997285604476929, -0.020590266212821007, 0.0113525390625], [0.007816659286618233, 0.0206760261207819, -0.9997556805610657, 1.4823837280273438], [0.9999100565910339, 0.010733329690992832, 0.00803984422236681, -1.4432373046875], [0.0, 0.0, 0.0, 1.0]], [[-0.8437262177467346, -0.5364156365394592, -0.0196047592908144, 0.89892578125], [0.015500586479902267, 0.012159791775047779, -0.9998059272766113, 1.49658203125], [0.5365499258041382, -0.8438663482666016, -0.001944778603501618, -1.1533203125], [0.0, 0.0, 0.0, 1.0]], [[0.9478133320808411, 0.31882330775260925, -0.0012601548805832863, -1.1248779296875], [-0.010729020461440086, 0.027945000678300858, -0.9995518922805786, 1.5618209838867188], [-0.31864526867866516, 0.9474021196365356, 0.029907306656241417, -0.1627197265625], [0.0, 0.0, 0.0, 1.0]], [[0.008966838009655476, 0.9997572302818298, 0.020127486437559128, -0.02880859375], [-0.008283538743853569, 0.020201869308948517, -0.9997615814208984, 1.5672492980957031], [-0.9999256134033203, 0.008797948248684406, 0.008462673984467983, -0.0516357421875], [0.0, 0.0, 0.0, 1.0]], [[-0.9238773584365845, 0.3826807141304016, 0.002493601758033037, 1.004302978515625], [-0.0038323227781802416, -0.0027360189706087112, -0.9999889135360718, 1.5471696853637695], [-0.3826696276664734, -0.9238766431808472, 0.003994302358478308, -0.10693359375], [0.0, 0.0, 0.0, 1.0]]], "view": [[0.0, -2.0, 100.0], [-2.0, 0.0, 100.0], [0.0, 0.0, 1.0]], "bev": "bev_7cf16327f4c04fb991706142824b9233.png", "aux": "aux_7cf16327f4c04fb991706142824b9233.npz", "visibility": "visibility_7cf16327f4c04fb991706142824b9233.png", "pose": [[0.9090698957443237, 0.4166436791419983, 0.0, 1681.489013671875], [-0.4166436791419983, 0.9090698957443237, 0.0, 1266.576171875], [0.0, 0.0, 1.0, 0.0], [0.0, 0.0, 0.0, 1.0]], "pose_inverse": [[0.9090698957443237, -0.4166436791419983, 0.0, -1000.8800659179688], [0.4166436791419983, 0.9090698957443237, 0.0, -1851.988037109375], [0.0, 0.0, 1.0, 0.0], [0.0, 0.0, 0.0, 1.0]], "cam_ids": [0, 1, 2, 3, 4, 5], "cam_channels": ["CAM_FRONT_LEFT", "CAM_FRONT", "CAM_FRONT_RIGHT", "CAM_BACK_LEFT", "CAM_BACK", "CAM_BACK_RIGHT"], "token": "7cf16327f4c04fb991706142824b9233", "scene": "scene-0626"}, {"images": ["samples/CAM_FRONT_LEFT/n008-2018-09-18-14-35-12-0400__CAM_FRONT_LEFT__1537295835354799.jpg", "samples/CAM_FRONT/n008-2018-09-18-14-35-12-0400__CAM_FRONT__1537295835362404.jpg", "samples/CAM_FRONT_RIGHT/n008-2018-09-18-14-35-12-0400__CAM_FRONT_RIGHT__1537295835370482.jpg", "samples/CAM_BACK_LEFT/n008-2018-09-18-14-35-12-0400__CAM_BACK_LEFT__1537295835397405.jpg", "samples/CAM_BACK/n008-2018-09-18-14-35-12-0400__CAM_BACK__1537295835387558.jpg", "samples/CAM_BACK_RIGHT/n008-2018-09-18-14-35-12-0400__CAM_BACK_RIGHT__1537295835378113.jpg"], "intrinsics": [[[1257.8625342125129, 0.0, 827.2410631095686], [0.0, 1257.8625342125129, 450.915498205774], [0.0, 0.0, 1.0]], [[1252.8131021185304, 0.0, 826.588114781398], [0.0, 1252.8131021185304, 469.9846626224581], [0.0, 0.0, 1.0]], [[1256.7485116440405, 0.0, 817.7887570959712], [0.0, 1256.7485116440403, 451.9541780095127], [0.0, 0.0, 1.0]], [[1254.9860565800168, 0.0, 829.5769333630991], [0.0, 1254.9860565800168, 467.1680561863987], [0.0, 0.0, 1.0]], [[796.8910634503094, 0.0, 857.7774326863696], [0.0, 796.8910634503094, 476.8848988407415], [0.0, 0.0, 1.0]], [[1249.9629280788233, 0.0, 825.3768045375984], [0.0, 1249.9629280788233, 462.54816385708756], [0.0, 0.0, 1.0]]], "extrinsics": [[[0.8232645988464355, -0.5676388144493103, -0.0046524954959750175, -0.7333526611328125], [0.010639778338372707, 0.023624680936336517, -0.9996642470359802, 1.4916496276855469], [0.567558228969574, 0.8229386806488037, 0.02548891119658947, -1.152099609375], [0.0, 0.0, 0.0, 1.0]], [[0.011287103407084942, -0.9997535347938538, -0.019118428230285645, 0.0123291015625], [0.013104776851832867, 0.019265901297330856, -0.9997285604476929, 1.4836273193359375], [0.9998504519462585, 0.011033485643565655, 0.013319001533091068, -1.46502685546875], [0.0, 0.0, 0.0, 1.0]], [[-0.8434836864471436, -0.5366271734237671, -0.02380281686782837, 0.9141845703125], [0.021602950990200043, 0.010387543588876724, -0.9997126460075378, 1.4976005554199219], [0.5367202758789062, -0.8437554836273193, 0.002831007819622755, -1.161865234375], [0.0, 0.0, 0.0, 1.0]], [[0.9478552341461182, 0.31864961981773376, 0.005737660452723503, -1.1292724609375], [-0.002435091184452176, 0.025243807584047318, -0.999678373336792, 1.5619964599609375], [-0.31869199872016907, 0.9475363492965698, 0.024703415110707283, -0.1612548828125], [0.0, 0.0, 0.0, 1.0]], [[0.0088413767516613, 0.9998030066490173, 0.017773527652025223, -0.0291748046875], [-0.0007365510682575405, 0.01778072863817215, -0.9998416304588318, 1.5679779052734375], [-0.999960720539093, 0.008826928213238716, 0.0008936121012084186, -0.0426025390625], [0.0, 0.0, 0.0, 1.0]], [[-0.9239199161529541, 0.3825589418411255, -0.0045581697486341, 1.0162353515625], [0.002941340208053589, -0.004811113700270653, -0.999984085559845, 1.548281192779541], [-0.38257476687431335, -0.9239185452461243, 0.0033198471646755934, -0.10107421875], [0.0, 0.0, 0.0, 1.0]]], "view": [[0.0, -2.0, 100.0], [-2.0, 0.0, 100.0], [0.0, 0.0, 1.0]], "bev": "bev_b103a06d72194214a8bb1b39b2c1cddf.png", "aux": "aux_b103a06d72194214a8bb1b39b2c1cddf.npz", "visibility": "visibility_b103a06d72194214a8bb1b39b2c1cddf.png", "pose": [[0.9044065475463867, 0.4266718327999115, 0.0, 1684.897705078125], [-0.4266718327999115, 0.9044065475463867, 0.0, 1264.9339599609375], [0.0, 0.0, 1.0, 0.0], [0.0, 0.0, 0.0, 1.0]], "pose_inverse": [[0.9044065475463867, -0.4266718327999115, 0.0, -984.1207885742188], [0.4266718327999115, 0.9044065475463867, 0.0, -1862.9129638671875], [0.0, 0.0, 1.0, 0.0], [0.0, 0.0, 0.0, 1.0]], "cam_ids": [0, 1, 2, 3, 4, 5], "cam_channels": ["CAM_FRONT_LEFT", "CAM_FRONT", "CAM_FRONT_RIGHT", "CAM_BACK_LEFT", "CAM_BACK", "CAM_BACK_RIGHT"], "token": "b103a06d72194214a8bb1b39b2c1cddf", "scene": "scene-0626"}, {"images": ["samples/CAM_FRONT_LEFT/n008-2018-09-18-14-35-12-0400__CAM_FRONT_LEFT__1537295835904799.jpg", "samples/CAM_FRONT/n008-2018-09-18-14-35-12-0400__CAM_FRONT__1537295835913139.jpg", "samples/CAM_FRONT_RIGHT/n008-2018-09-18-14-35-12-0400__CAM_FRONT_RIGHT__1537295835920482.jpg", "samples/CAM_BACK_LEFT/n008-2018-09-18-14-35-12-0400__CAM_BACK_LEFT__1537295835947405.jpg", "samples/CAM_BACK/n008-2018-09-18-14-35-12-0400__CAM_BACK__1537295835937860.jpg", "samples/CAM_BACK_RIGHT/n008-2018-09-18-14-35-12-0400__CAM_BACK_RIGHT__1537295835928113.jpg"], "intrinsics": [[[1257.8625342125129, 0.0, 827.2410631095686], [0.0, 1257.8625342125129, 450.915498205774], [0.0, 0.0, 1.0]], [[1252.8131021185304, 0.0, 826.588114781398], [0.0, 1252.8131021185304, 469.9846626224581], [0.0, 0.0, 1.0]], [[1256.7485116440405, 0.0, 817.7887570959712], [0.0, 1256.7485116440403, 451.9541780095127], [0.0, 0.0, 1.0]], [[1254.9860565800168, 0.0, 829.5769333630991], [0.0, 1254.9860565800168, 467.1680561863987], [0.0, 0.0, 1.0]], [[796.8910634503094, 0.0, 857.7774326863696], [0.0, 796.8910634503094, 476.8848988407415], [0.0, 0.0, 1.0]], [[1249.9629280788233, 0.0, 825.3768045375984], [0.0, 1249.9629280788233, 462.54816385708756], [0.0, 0.0, 1.0]]], "extrinsics": [[[0.8230993151664734, -0.5678939819335938, -0.001975440187379718, -0.721527099609375], [0.009410114958882332, 0.017116790637373924, -0.999809205532074, 1.4914741516113281], [0.5678194761276245, 0.8229237198829651, 0.01943276636302471, -1.140625], [0.0, 0.0, 0.0, 1.0]], [[0.011081196367740631, -0.9998542666435242, -0.012982241809368134, 0.0106201171875], [0.011289320886135101, 0.013107307255268097, -0.9998503923416138, 1.4832954406738281], [0.9998748302459717, 0.01093294844031334, 0.011432919651269913, -1.4547119140625], [0.0, 0.0, 0.0, 1.0]], [[-0.8435923457145691, -0.5366600155830383, -0.018657146021723747, 0.9014892578125], [0.019242525100708008, 0.004510597791522741, -0.9998046159744263, 1.4973983764648438], [0.5366393327713013, -0.8437865376472473, 0.006521586794406176, -1.1552734375], [0.0, 0.0, 0.0, 1.0]], [[0.9478628039360046, 0.31867870688438416, 7.068873674143106e-05, -1.126953125], [-0.006627349182963371, 0.01993384025990963, -0.9997793436050415, 1.561920166015625], [-0.3186098337173462, 0.9476531147956848, 0.021006541326642036, -0.162109375], [0.0, 0.0, 0.0, 1.0]], [[0.008929711766541004, 0.9998847246170044, 0.012285345233976841, -0.028564453125], [-0.004363175947219133, 0.012324678711593151, -0.9999145269393921, 1.5676536560058594], [-0.9999505877494812, 0.008875376544892788, 0.004472728818655014, -0.0469970703125], [0.0, 0.0, 0.0, 1.0]], [[-0.9239073991775513, 0.3825947642326355, -0.004024116788059473, 1.0064544677734375], [1.2681706721195951e-05, -0.010486758314073086, -0.9999449849128723, 1.5478267669677734], [-0.3826158940792084, -0.923856794834137, 0.009683942422270775, -0.106201171875], [0.0, 0.0, 0.0, 1.0]]], "view": [[0.0, -2.0, 100.0], [-2.0, 0.0, 100.0], [0.0, 0.0, 1.0]], "bev": "bev_addf60d723774239a47582798aaa2146.png", "aux": "aux_addf60d723774239a47582798aaa2146.npz", "visibility": "visibility_addf60d723774239a47582798aaa2146.png", "pose": [[0.901467502117157, 0.4328468143939972, 0.0, 1688.6121826171875], [-0.4328468143939972, 0.901467502117157, 0.0, 1263.1280517578125], [0.0, 0.0, 1.0, 0.0], [0.0, 0.0, 0.0, 1.0]], "pose_inverse": [[0.901467502117157, -0.4328468143939972, 0.0, -975.488037109375], [0.4328468143939972, 0.901467502117157, 0.0, -1869.5792236328125], [0.0, 0.0, 1.0, 0.0], [0.0, 0.0, 0.0, 1.0]], "cam_ids": [0, 1, 2, 3, 4, 5], "cam_channels": ["CAM_FRONT_LEFT", "CAM_FRONT", "CAM_FRONT_RIGHT", "CAM_BACK_LEFT", "CAM_BACK", "CAM_BACK_RIGHT"], "token": "addf60d723774239a47582798aaa2146", "scene": "scene-0626"}, {"images": ["samples/CAM_FRONT_LEFT/n008-2018-09-18-14-35-12-0400__CAM_FRONT_LEFT__1537295836404799.jpg", "samples/CAM_FRONT/n008-2018-09-18-14-35-12-0400__CAM_FRONT__1537295836412404.jpg", "samples/CAM_FRONT_RIGHT/n008-2018-09-18-14-35-12-0400__CAM_FRONT_RIGHT__1537295836420482.jpg", "samples/CAM_BACK_LEFT/n008-2018-09-18-14-35-12-0400__CAM_BACK_LEFT__1537295836447405.jpg", "samples/CAM_BACK/n008-2018-09-18-14-35-12-0400__CAM_BACK__1537295836437566.jpg", "samples/CAM_BACK_RIGHT/n008-2018-09-18-14-35-12-0400__CAM_BACK_RIGHT__1537295836428113.jpg"], "intrinsics": [[[1257.8625342125129, 0.0, 827.2410631095686], [0.0, 1257.8625342125129, 450.915498205774], [0.0, 0.0, 1.0]], [[1252.8131021185304, 0.0, 826.588114781398], [0.0, 1252.8131021185304, 469.9846626224581], [0.0, 0.0, 1.0]], [[1256.7485116440405, 0.0, 817.7887570959712], [0.0, 1256.7485116440403, 451.9541780095127], [0.0, 0.0, 1.0]], [[1254.9860565800168, 0.0, 829.5769333630991], [0.0, 1254.9860565800168, 467.1680561863987], [0.0, 0.0, 1.0]], [[796.8910634503094, 0.0, 857.7774326863696], [0.0, 796.8910634503094, 476.8848988407415], [0.0, 0.0, 1.0]], [[1249.9629280788233, 0.0, 825.3768045375984], [0.0, 1249.9629280788233, 462.54816385708756], [0.0, 0.0, 1.0]]], "extrinsics": [[[0.8228933215141296, -0.5681348443031311, -0.008332518860697746, -0.720367431640625], [0.0037423232570290565, 0.02008380927145481, -0.9997912645339966, 1.4895095825195312], [0.5681836605072021, 0.8226903676986694, 0.01865297555923462, -1.14111328125], [0.0, 0.0, 0.0, 1.0]], [[0.01074573490768671, -0.999815821647644, -0.0158979631960392, 0.0113525390625], [0.005466606933623552, 0.015957383438944817, -0.9998577237129211, 1.4816818237304688], [0.9999273419380188, 0.01065731979906559, 0.005637073889374733, -1.44879150390625], [0.0, 0.0, 0.0, 1.0]], [[-0.8438108563423157, -0.536428689956665, -0.015076994895935059, 0.90185546875], [0.013253400102257729, 0.007255219388753176, -0.9998858571052551, 1.4960384368896484], [0.5364768505096436, -0.8439143896102905, 0.000987471197731793, -1.155029296875], [0.0, 0.0, 0.0, 1.0]], [[0.9478518962860107, 0.31867715716362, -0.004655385389924049, -1.1279296875], [-0.012426515109837055, 0.022356899455189705, -0.9996728301048279, 1.5618305206298828], [-0.3184688091278076, 0.9475995898246765, 0.025151075795292854, -0.16162109375], [0.0, 0.0, 0.0, 1.0]], [[0.00909008365124464, 0.999849796295166, 0.014758395031094551, -0.02880859375], [-0.01023415569216013, 0.014851254411041737, -0.9998372793197632, 1.5670967102050781], [-0.9999063014984131, 0.008937548846006393, 0.010367617942392826, -0.04864501953125], [0.0, 0.0, 0.0, 1.0]], [[-0.9238504767417908, 0.382745623588562, 0.0024467736948281527, 1.00653076171875], [-0.005890998989343643, -0.007826986722648144, -0.9999520182609558, 1.5468463897705078], [-0.38270819187164307, -0.9238205552101135, 0.009485721588134766, -0.105712890625], [0.0, 0.0, 0.0, 1.0]]], "view": [[0.0, -2.0, 100.0], [-2.0, 0.0, 100.0], [0.0, 0.0, 1.0]], "bev": "bev_e912736e809a4c3da86bc228bfa2980a.png", "aux": "aux_e912736e809a4c3da86bc228bfa2980a.npz", "visibility": "visibility_e912736e809a4c3da86bc228bfa2980a.png", "pose": [[0.8979538679122925, 0.44008955359458923, 0.0, 1692.07763671875], [-0.44008955359458923, 0.8979538679122925, 0.0, 1261.4053955078125], [0.0, 0.0, 1.0, 0.0], [0.0, 0.0, 0.0, 1.0]], "pose_inverse": [[0.8979538679122925, -0.44008955359458923, 0.0, -964.2763671875], [0.44008955359458923, 0.8979538679122925, 0.0, -1877.349609375], [0.0, 0.0, 1.0, 0.0], [0.0, 0.0, 0.0, 1.0]], "cam_ids": [0, 1, 2, 3, 4, 5], "cam_channels": ["CAM_FRONT_LEFT", "CAM_FRONT", "CAM_FRONT_RIGHT", "CAM_BACK_LEFT", "CAM_BACK", "CAM_BACK_RIGHT"], "token": "e912736e809a4c3da86bc228bfa2980a", "scene": "scene-0626"}, {"images": ["samples/CAM_FRONT_LEFT/n008-2018-09-18-14-35-12-0400__CAM_FRONT_LEFT__1537295836904799.jpg", "samples/CAM_FRONT/n008-2018-09-18-14-35-12-0400__CAM_FRONT__1537295836912404.jpg", "samples/CAM_FRONT_RIGHT/n008-2018-09-18-14-35-12-0400__CAM_FRONT_RIGHT__1537295836920482.jpg", "samples/CAM_BACK_LEFT/n008-2018-09-18-14-35-12-0400__CAM_BACK_LEFT__1537295836947405.jpg", "samples/CAM_BACK/n008-2018-09-18-14-35-12-0400__CAM_BACK__1537295836937558.jpg", "samples/CAM_BACK_RIGHT/n008-2018-09-18-14-35-12-0400__CAM_BACK_RIGHT__1537295836928113.jpg"], "intrinsics": [[[1257.8625342125129, 0.0, 827.2410631095686], [0.0, 1257.8625342125129, 450.915498205774], [0.0, 0.0, 1.0]], [[1252.8131021185304, 0.0, 826.588114781398], [0.0, 1252.8131021185304, 469.9846626224581], [0.0, 0.0, 1.0]], [[1256.7485116440405, 0.0, 817.7887570959712], [0.0, 1256.7485116440403, 451.9541780095127], [0.0, 0.0, 1.0]], [[1254.9860565800168, 0.0, 829.5769333630991], [0.0, 1254.9860565800168, 467.1680561863987], [0.0, 0.0, 1.0]], [[796.8910634503094, 0.0, 857.7774326863696], [0.0, 796.8910634503094, 476.8848988407415], [0.0, 0.0, 1.0]], [[1249.9629280788233, 0.0, 825.3768045375984], [0.0, 1249.9629280788233, 462.54816385708756], [0.0, 0.0, 1.0]]], "extrinsics": [[[0.8230971097946167, -0.5678989291191101, -0.0014199420111253858, -0.71820068359375], [0.012021150439977646, 0.019922791048884392, -0.9997292160987854, 1.492401123046875], [0.5677734613418579, 0.822857141494751, 0.023225190117955208, -1.138916015625], [0.0, 0.0, 0.0, 1.0]], [[0.011117057874798775, -0.9998160004615784, -0.015629969537258148, 0.0111083984375], [0.01410981547087431, 0.015786228701472282, -0.9997758269309998, 1.4841766357421875], [0.9998385906219482, 0.010893949307501316, 0.014282715506851673, -1.44769287109375], [0.0, 0.0, 0.0, 1.0]], [[-0.8435448408126831, -0.5365833640098572, -0.02259116619825363, 0.9027099609375], [0.022274326533079147, 0.007073648273944855, -0.9997268319129944, 1.4980545043945312], [0.5365965962409973, -0.8438177108764648, 0.005985092371702194, -1.1553955078125], [0.0, 0.0, 0.0, 1.0]], [[0.947867751121521, 0.3186340034008026, 0.004378061275929213, -1.128662109375], [-0.002912020543590188, 0.02239922061562538, -0.9997448325157166, 1.5619888305664062], [-0.3186508119106293, 0.9476131200790405, 0.02215936779975891, -0.1614990234375], [0.0, 0.0, 0.0, 1.0]], [[0.008890741504728794, 0.9998515248298645, 0.014762252569198608, -0.02880859375], [-0.0007701889844611287, 0.014769678004086018, -0.9998905658721924, 1.5679779052734375], [-0.9999602437019348, 0.008878365159034729, 0.0009013878297992051, -0.04803466796875], [0.0, 0.0, 0.0, 1.0]], [[-0.9238816499710083, 0.3826291561126709, -0.006130822002887726, 1.0073089599609375], [0.003322810400277376, -0.007999150082468987, -0.9999624490737915, 1.5483760833740234], [-0.3826638162136078, -0.9238673448562622, 0.006118863821029663, -0.105224609375], [0.0, 0.0, 0.0, 1.0]]], "view": [[0.0, -2.0, 100.0], [-2.0, 0.0, 100.0], [0.0, 0.0, 1.0]], "bev": "bev_be3c96f9edb84d99a2a418a437a5ac40.png", "aux": "aux_be3c96f9edb84d99a2a418a437a5ac40.npz", "visibility": "visibility_be3c96f9edb84d99a2a418a437a5ac40.png", "pose": [[0.8947525024414062, 0.44656237959861755, 0.0, 1695.51611328125], [-0.44656237959861755, 0.8947525024414062, 0.0, 1259.667724609375], [0.0, 0.0, 1.0, 0.0], [0.0, 0.0, 0.0, 1.0]], "pose_inverse": [[0.8947525024414062, -0.44656237959861755, 0.0, -954.5470581054688], [0.44656237959861755, 0.8947525024414062, 0.0, -1884.2445068359375], [0.0, 0.0, 1.0, 0.0], [0.0, 0.0, 0.0, 1.0]], "cam_ids": [0, 1, 2, 3, 4, 5], "cam_channels": ["CAM_FRONT_LEFT", "CAM_FRONT", "CAM_FRONT_RIGHT", "CAM_BACK_LEFT", "CAM_BACK", "CAM_BACK_RIGHT"], "token": "be3c96f9edb84d99a2a418a437a5ac40", "scene": "scene-0626"}, {"images": ["samples/CAM_FRONT_LEFT/n008-2018-09-18-14-35-12-0400__CAM_FRONT_LEFT__1537295837404799.jpg", "samples/CAM_FRONT/n008-2018-09-18-14-35-12-0400__CAM_FRONT__1537295837412404.jpg", "samples/CAM_FRONT_RIGHT/n008-2018-09-18-14-35-12-0400__CAM_FRONT_RIGHT__1537295837420482.jpg", "samples/CAM_BACK_LEFT/n008-2018-09-18-14-35-12-0400__CAM_BACK_LEFT__1537295837447405.jpg", "samples/CAM_BACK/n008-2018-09-18-14-35-12-0400__CAM_BACK__1537295837437558.jpg", "samples/CAM_BACK_RIGHT/n008-2018-09-18-14-35-12-0400__CAM_BACK_RIGHT__1537295837428113.jpg"], "intrinsics": [[[1257.8625342125129, 0.0, 827.2410631095686], [0.0, 1257.8625342125129, 450.915498205774], [0.0, 0.0, 1.0]], [[1252.8131021185304, 0.0, 826.588114781398], [0.0, 1252.8131021185304, 469.9846626224581], [0.0, 0.0, 1.0]], [[1256.7485116440405, 0.0, 817.7887570959712], [0.0, 1256.7485116440403, 451.9541780095127], [0.0, 0.0, 1.0]], [[1254.9860565800168, 0.0, 829.5769333630991], [0.0, 1254.9860565800168, 467.1680561863987], [0.0, 0.0, 1.0]], [[796.8910634503094, 0.0, 857.7774326863696], [0.0, 796.8910634503094, 476.8848988407415], [0.0, 0.0, 1.0]], [[1249.9629280788233, 0.0, 825.3768045375984], [0.0, 1249.9629280788233, 462.54816385708756], [0.0, 0.0, 1.0]]], "extrinsics": [[[0.8229897618293762, -0.5679895877838135, -0.00870877131819725, -0.712890625], [0.0017770526465028524, 0.01790500618517399, -0.99983811378479, 1.4888381958007812], [0.5680535435676575, 0.8228409886360168, 0.015744982287287712, -1.13720703125], [0.0, 0.0, 0.0, 1.0]], [[0.010956895537674427, -0.9998460412025452, -0.013704497367143631, 0.0126953125], [0.00381837273016572, 0.013747056946158409, -0.9998982548713684, 1.4812278747558594], [0.9999326467514038, 0.01090342178940773, 0.003968409262597561, -1.4427490234375], [0.0, 0.0, 0.0, 1.0]], [[-0.8436821699142456, -0.536691427230835, -0.012760333716869354, 0.899658203125], [0.011934501118957996, 0.005012822337448597, -0.9999161958694458, 1.4957847595214844], [0.5367104411125183, -0.8437637686729431, 0.002175914589315653, -1.1517333984375], [0.0, 0.0, 0.0, 1.0]], [[0.9478375911712646, 0.31869545578956604, -0.0060987090691924095, -1.1256103515625], [-0.013227339833974838, 0.020208757370710373, -0.9997082948684692, 1.561777114868164], [-0.3184792697429657, 0.9476416707038879, 0.02337011508643627, -0.162841796875], [0.0, 0.0, 0.0, 1.0]], [[0.008975537493824959, 0.9998812079429626, 0.01253241766244173, -0.0294189453125], [-0.01109228190034628, 0.012631706893444061, -0.9998586773872375, 1.5669775009155273], [-0.9998983144760132, 0.008835257031023502, 0.011204339563846588, -0.05169677734375], [0.0, 0.0, 0.0, 1.0]], [[-0.9239294528961182, 0.38255345821380615, 0.0026720226742327213, 1.0030059814453125], [-0.007071318570524454, -0.010094222612679005, -0.9999240636825562, 1.5466423034667969], [-0.3824974596500397, -0.9238781929016113, 0.01203150674700737, -0.10595703125], [0.0, 0.0, 0.0, 1.0]]], "view": [[0.0, -2.0, 100.0], [-2.0, 0.0, 100.0], [0.0, 0.0, 1.0]], "bev": "bev_0f81a46e706e48c19749d6ac1c908cb1.png", "aux": "aux_0f81a46e706e48c19749d6ac1c908cb1.npz", "visibility": "visibility_0f81a46e706e48c19749d6ac1c908cb1.png", "pose": [[0.8918943405151367, 0.4522438943386078, 0.0, 1698.9940185546875], [-0.4522438943386078, 0.8918943405151367, 0.0, 1257.885009765625], [0.0, 0.0, 1.0, 0.0], [0.0, 0.0, 0.0, 1.0]], "pose_inverse": [[0.8918943405151367, -0.4522438943386078, 0.0, -946.4523315429688], [0.4522438943386078, 0.8918943405151367, 0.0, -1890.2601318359375], [0.0, 0.0, 1.0, 0.0], [0.0, 0.0, 0.0, 1.0]], "cam_ids": [0, 1, 2, 3, 4, 5], "cam_channels": ["CAM_FRONT_LEFT", "CAM_FRONT", "CAM_FRONT_RIGHT", "CAM_BACK_LEFT", "CAM_BACK", "CAM_BACK_RIGHT"], "token": "0f81a46e706e48c19749d6ac1c908cb1", "scene": "scene-0626"}, {"images": ["samples/CAM_FRONT_LEFT/n008-2018-09-18-14-35-12-0400__CAM_FRONT_LEFT__1537295837854799.jpg", "samples/CAM_FRONT/n008-2018-09-18-14-35-12-0400__CAM_FRONT__1537295837862678.jpg", "samples/CAM_FRONT_RIGHT/n008-2018-09-18-14-35-12-0400__CAM_FRONT_RIGHT__1537295837870482.jpg", "samples/CAM_BACK_LEFT/n008-2018-09-18-14-35-12-0400__CAM_BACK_LEFT__1537295837897405.jpg", "samples/CAM_BACK/n008-2018-09-18-14-35-12-0400__CAM_BACK__1537295837888255.jpg", "samples/CAM_BACK_RIGHT/n008-2018-09-18-14-35-12-0400__CAM_BACK_RIGHT__1537295837878113.jpg"], "intrinsics": [[[1257.8625342125129, 0.0, 827.2410631095686], [0.0, 1257.8625342125129, 450.915498205774], [0.0, 0.0, 1.0]], [[1252.8131021185304, 0.0, 826.588114781398], [0.0, 1252.8131021185304, 469.9846626224581], [0.0, 0.0, 1.0]], [[1256.7485116440405, 0.0, 817.7887570959712], [0.0, 1256.7485116440403, 451.9541780095127], [0.0, 0.0, 1.0]], [[1254.9860565800168, 0.0, 829.5769333630991], [0.0, 1254.9860565800168, 467.1680561863987], [0.0, 0.0, 1.0]], [[796.8910634503094, 0.0, 857.7774326863696], [0.0, 796.8910634503094, 476.8848988407415], [0.0, 0.0, 1.0]], [[1249.9629280788233, 0.0, 825.3768045375984], [0.0, 1249.9629280788233, 462.54816385708756], [0.0, 0.0, 1.0]]], "extrinsics": [[[0.8227367997169495, -0.568361759185791, -0.008313207887113094, -0.7149658203125], [0.0039253439754247665, 0.02030564844608307, -0.9997860789299011, 1.4895782470703125], [0.5684090256690979, 0.8225282430648804, 0.01893721893429756, -1.137939453125], [0.0, 0.0, 0.0, 1.0]], [[0.01044559758156538, -0.9998143911361694, -0.016188813373446465, 0.01171875], [0.005834093317389488, 0.016250357031822205, -0.9998509883880615, 1.4817962646484375], [0.9999284744262695, 0.010349636897444725, 0.006002755369991064, -1.4456787109375], [0.0, 0.0, 0.0, 1.0]], [[-0.8439318537712097, -0.5362204909324646, -0.015702618286013603, 0.89892578125], [0.013739829882979393, 0.007655797991901636, -0.9998763203620911, 1.496194839477539], [0.5362744331359863, -0.8440432548522949, 0.0009066061466000974, -1.15283203125], [0.0, 0.0, 0.0, 1.0]], [[0.9478633999824524, 0.3186507821083069, -0.0040795523673295975, -1.12451171875], [-0.012133619748055935, 0.023294681683182716, -0.99965500831604, 1.561788558959961], [-0.3184458613395691, 0.947585940361023, 0.025946563109755516, -0.162841796875], [0.0, 0.0, 0.0, 1.0]], [[0.009196620434522629, 0.9998371601104736, 0.015529394149780273, -0.029052734375], [-0.009902621619403362, 0.015620352700352669, -0.9998289346694946, 1.5671405792236328], [-0.9999088048934937, 0.00904123019427061, 0.010044663213193417, -0.04705810546875], [0.0, 0.0, 0.0, 1.0]], [[-0.9237803816795349, 0.38291576504707336, 0.0022907722741365433, 1.0031280517578125], [-0.00549604557454586, -0.007276957854628563, -0.9999583959579468, 1.5468921661376953], [-0.382883220911026, -0.9237546324729919, 0.008826833218336105, -0.106689453125], [0.0, 0.0, 0.0, 1.0]]], "view": [[0.0, -2.0, 100.0], [-2.0, 0.0, 100.0], [0.0, 0.0, 1.0]], "bev": "bev_d3eeecca49a24b65aa5e86ec9c63a3bf.png", "aux": "aux_d3eeecca49a24b65aa5e86ec9c63a3bf.npz", "visibility": "visibility_d3eeecca49a24b65aa5e86ec9c63a3bf.png", "pose": [[0.8881339430809021, 0.4595847725868225, 0.0, 1702.05029296875], [-0.4595847725868225, 0.8881339430809021, 0.0, 1256.2625732421875], [0.0, 0.0, 1.0, 0.0], [0.0, 0.0, 0.0, 1.0]], "pose_inverse": [[0.8881339430809021, -0.4595847725868225, 0.0, -934.2894287109375], [0.4595847725868225, 0.8881339430809021, 0.0, -1897.9658203125], [0.0, 0.0, 1.0, 0.0], [0.0, 0.0, 0.0, 1.0]], "cam_ids": [0, 1, 2, 3, 4, 5], "cam_channels": ["CAM_FRONT_LEFT", "CAM_FRONT", "CAM_FRONT_RIGHT", "CAM_BACK_LEFT", "CAM_BACK", "CAM_BACK_RIGHT"], "token": "d3eeecca49a24b65aa5e86ec9c63a3bf", "scene": "scene-0626"}, {"images": ["samples/CAM_FRONT_LEFT/n008-2018-09-18-14-35-12-0400__CAM_FRONT_LEFT__1537295838354799.jpg", "samples/CAM_FRONT/n008-2018-09-18-14-35-12-0400__CAM_FRONT__1537295838362404.jpg", "samples/CAM_FRONT_RIGHT/n008-2018-09-18-14-35-12-0400__CAM_FRONT_RIGHT__1537295838370482.jpg", "samples/CAM_BACK_LEFT/n008-2018-09-18-14-35-12-0400__CAM_BACK_LEFT__1537295838397405.jpg", "samples/CAM_BACK/n008-2018-09-18-14-35-12-0400__CAM_BACK__1537295838387558.jpg", "samples/CAM_BACK_RIGHT/n008-2018-09-18-14-35-12-0400__CAM_BACK_RIGHT__1537295838378113.jpg"], "intrinsics": [[[1257.8625342125129, 0.0, 827.2410631095686], [0.0, 1257.8625342125129, 450.915498205774], [0.0, 0.0, 1.0]], [[1252.8131021185304, 0.0, 826.588114781398], [0.0, 1252.8131021185304, 469.9846626224581], [0.0, 0.0, 1.0]], [[1256.7485116440405, 0.0, 817.7887570959712], [0.0, 1256.7485116440403, 451.9541780095127], [0.0, 0.0, 1.0]], [[1254.9860565800168, 0.0, 829.5769333630991], [0.0, 1254.9860565800168, 467.1680561863987], [0.0, 0.0, 1.0]], [[796.8910634503094, 0.0, 857.7774326863696], [0.0, 796.8910634503094, 476.8848988407415], [0.0, 0.0, 1.0]], [[1249.9629280788233, 0.0, 825.3768045375984], [0.0, 1249.9629280788233, 462.54816385708756], [0.0, 0.0, 1.0]]], "extrinsics": [[[0.8229138851165771, -0.5680254697799683, -0.012641656212508678, -0.7313232421875], [0.003196427831426263, 0.026878036558628082, -0.9996336102485657, 1.4892349243164062], [0.5681571364402771, 0.8225719928741455, 0.02393396385014057, -1.1494140625], [0.0, 0.0, 0.0, 1.0]], [[0.010869028978049755, -0.9996837377548218, -0.022674359381198883, 0.0118408203125], [0.005156436003744602, 0.02273143082857132, -0.9997283220291138, 1.4814949035644531], [0.9999275803565979, 0.010749089531600475, 0.0054018739610910416, -1.461181640625], [0.0, 0.0, 0.0, 1.0]], [[-0.8437568545341492, -0.5364014506340027, -0.018651017919182777, 0.9110107421875], [0.013198047876358032, 0.014003732241690159, -0.9998148083686829, 1.4958686828613281], [0.5365633368492126, -0.8438467383384705, -0.004736294969916344, -1.1600341796875], [0.0, 0.0, 0.0, 1.0]], [[0.947860062122345, 0.3186795115470886, -0.002178336028009653, -1.12646484375], [-0.012080672197043896, 0.02909986861050129, -0.999503493309021, 1.5618133544921875], [-0.3184579014778137, 0.9474157094955444, 0.031432464718818665, -0.162109375], [0.0, 0.0, 0.0, 1.0]], [[0.009053472429513931, 0.9997284412384033, 0.02147262915968895, -0.0291748046875], [-0.009927133098244667, 0.021562306210398674, -0.999718189239502, 1.5671405792236328], [-0.9999097585678101, 0.008837764151394367, 0.010119651444256306, -0.04595947265625], [0.0, 0.0, 0.0, 1.0]], [[-0.9238778948783875, 0.3826555013656616, 0.0049244132824242115, 1.012939453125], [-0.005789648275822401, -0.0011096185771748424, -0.9999825954437256, 1.5468931198120117], [-0.38264334201812744, -0.9238904118537903, 0.0032405934762209654, -0.102783203125], [0.0, 0.0, 0.0, 1.0]]], "view": [[0.0, -2.0, 100.0], [-2.0, 0.0, 100.0], [0.0, 0.0, 1.0]], "bev": "bev_4272663b99b043539b47c98745c5c747.png", "aux": "aux_4272663b99b043539b47c98745c5c747.npz", "visibility": "visibility_4272663b99b043539b47c98745c5c747.png", "pose": [[0.8855413198471069, 0.4645605683326721, 0.0, 1705.3587646484375], [-0.4645605683326721, 0.8855413198471069, 0.0, 1254.489013671875], [0.0, 0.0, 1.0, 0.0], [0.0, 0.0, 0.0, 1.0]], "pose_inverse": [[0.8855413198471069, -0.4645605683326721, 0.0, -927.3795776367188], [0.4645605683326721, 0.8855413198471069, 0.0, -1903.144287109375], [0.0, 0.0, 1.0, 0.0], [0.0, 0.0, 0.0, 1.0]], "cam_ids": [0, 1, 2, 3, 4, 5], "cam_channels": ["CAM_FRONT_LEFT", "CAM_FRONT", "CAM_FRONT_RIGHT", "CAM_BACK_LEFT", "CAM_BACK", "CAM_BACK_RIGHT"], "token": "4272663b99b043539b47c98745c5c747", "scene": "scene-0626"}, {"images": ["samples/CAM_FRONT_LEFT/n008-2018-09-18-14-35-12-0400__CAM_FRONT_LEFT__1537295838854799.jpg", "samples/CAM_FRONT/n008-2018-09-18-14-35-12-0400__CAM_FRONT__1537295838862404.jpg", "samples/CAM_FRONT_RIGHT/n008-2018-09-18-14-35-12-0400__CAM_FRONT_RIGHT__1537295838870482.jpg", "samples/CAM_BACK_LEFT/n008-2018-09-18-14-35-12-0400__CAM_BACK_LEFT__1537295838897405.jpg", "samples/CAM_BACK/n008-2018-09-18-14-35-12-0400__CAM_BACK__1537295838887558.jpg", "samples/CAM_BACK_RIGHT/n008-2018-09-18-14-35-12-0400__CAM_BACK_RIGHT__1537295838878113.jpg"], "intrinsics": [[[1257.8625342125129, 0.0, 827.2410631095686], [0.0, 1257.8625342125129, 450.915498205774], [0.0, 0.0, 1.0]], [[1252.8131021185304, 0.0, 826.588114781398], [0.0, 1252.8131021185304, 469.9846626224581], [0.0, 0.0, 1.0]], [[1256.7485116440405, 0.0, 817.7887570959712], [0.0, 1256.7485116440403, 451.9541780095127], [0.0, 0.0, 1.0]], [[1254.9860565800168, 0.0, 829.5769333630991], [0.0, 1254.9860565800168, 467.1680561863987], [0.0, 0.0, 1.0]], [[796.8910634503094, 0.0, 857.7774326863696], [0.0, 796.8910634503094, 476.8848988407415], [0.0, 0.0, 1.0]], [[1249.9629280788233, 0.0, 825.3768045375984], [0.0, 1249.9629280788233, 462.54816385708756], [0.0, 0.0, 1.0]]], "extrinsics": [[[0.8229456543922424, -0.5680006146430969, -0.011646191589534283, -0.739349365234375], [0.005924879107624292, 0.029079044237732887, -0.9995595216751099, 1.4901046752929688], [0.5680890679359436, 0.8225142955780029, 0.027295811101794243, -1.153564453125], [0.0, 0.0, 0.0, 1.0]], [[0.010999423451721668, -0.9996297359466553, -0.024888332933187485, 0.0108642578125], [0.007878798060119152, 0.02497570775449276, -0.9996570348739624, 1.4821929931640625], [0.999908447265625, 0.01079955417662859, 0.008150599896907806, -1.4686279296875], [0.0, 0.0, 0.0, 1.0]], [[-0.84367835521698, -0.5363905429840088, -0.022177746519446373, 0.916015625], [0.015918845310807228, 0.016297083348035812, -0.9997404217720032, 1.4963531494140625], [0.5366127490997314, -0.8438125252723694, -0.005210782401263714, -1.163818359375], [0.0, 0.0, 0.0, 1.0]], [[0.9478910565376282, 0.3185930550098419, 0.0010340682929381728, -1.1280517578125], [-0.009491367265582085, 0.03148308023810387, -0.9994592070579529, 1.5618705749511719], [-0.3184533417224884, 0.9473685622215271, 0.03286641091108322, -0.1617431640625], [0.0, 0.0, 0.0, 1.0]], [[0.009026996791362762, 0.9996732473373413, 0.02391389012336731, -0.0289306640625], [-0.0074395290575921535, 0.02398134209215641, -0.9996846914291382, 1.5673904418945312], [-0.9999315738677979, 0.008846241049468517,