[{"images": ["samples/CAM_FRONT_LEFT/n015-2018-11-21-19-21-35+0800__CAM_FRONT_LEFT__1542799422104844.jpg", "samples/CAM_FRONT/n015-2018-11-21-19-21-35+0800__CAM_FRONT__1542799422112460.jpg", "samples/CAM_FRONT_RIGHT/n015-2018-11-21-19-21-35+0800__CAM_FRONT_RIGHT__1542799422120339.jpg", "samples/CAM_BACK_LEFT/n015-2018-11-21-19-21-35+0800__CAM_BACK_LEFT__1542799422147423.jpg", "samples/CAM_BACK/n015-2018-11-21-19-21-35+0800__CAM_BACK__1542799422137525.jpg", "samples/CAM_BACK_RIGHT/n015-2018-11-21-19-21-35+0800__CAM_BACK_RIGHT__1542799422127893.jpg"], "intrinsics": [[[1272.5979470598488, 0.0, 826.6154927353808], [0.0, 1272.5979470598488, 479.75165386361925], [0.0, 0.0, 1.0]], [[1266.417203046554, 0.0, 816.2670197447984], [0.0, 1266.417203046554, 491.50706579294757], [0.0, 0.0, 1.0]], [[1260.8474446004698, 0.0, 807.968244525554], [0.0, 1260.8474446004698, 495.3344268742088], [0.0, 0.0, 1.0]], [[1256.7414812095406, 0.0, 792.1125740759628], [0.0, 1256.7414812095406, 492.7757465151356], [0.0, 0.0, 1.0]], [[809.2209905677063, 0.0, 829.2196003259838], [0.0, 809.2209905677063, 481.77842384512485], [0.0, 0.0, 1.0]], [[1259.5137405846733, 0.0, 807.2529053838625], [0.0, 1259.5137405846733, 501.19579884916527], [0.0, 0.0, 1.0]]], "extrinsics": [[[0.8250423073768616, -0.5650539398193359, -0.004382649436593056, -0.79541015625], [-0.019079312682151794, -0.02010476216673851, -0.9996158480644226, 1.5044021606445312], [0.5647487044334412, 0.8248089551925659, -0.02736811898648739, -1.1669921875], [0.0, 0.0, 0.0, 1.0]], [[0.01227622851729393, -0.9996336698532104, 0.024121077731251717, 0.009033203125], [-0.024273937568068504, -0.024413717910647392, -0.9994072318077087, 1.5164985656738281], [0.9996299743652344, 0.011683473363518715, -0.024564752355217934, -1.524169921875], [0.0, 0.0, 0.0, 1.0]], [[-0.8300396800041199, -0.5573590397834778, 0.01962028443813324, 0.92437744140625], [-0.01866728626191616, -0.007395121268928051, -0.9997984170913696, 1.5012071132659912], [0.5573918223381042, -0.8302386403083801, -0.004266134463250637, -1.174072265625], [0.0, 0.0, 0.0, 1.0]], [[0.9475167989730835, 0.31898239254951477, -0.021497156471014023, -1.1385498046875], [-0.009804577566683292, -0.03821658715605736, -0.9992213845252991, 1.5885162353515625], [-0.31955549120903015, 0.9469898343086243, -0.03308337181806564, -0.10498046875], [0.0, 0.0, 0.0, 1.0]], [[0.00013288062473293394, 0.9996037483215332, -0.028148137032985687, 0.001953125], [-0.03523391857743263, -0.028125979006290436, -0.9989832639694214, 1.577606201171875], [-0.99937903881073, 0.0011244822526350617, 0.03521622344851494, -0.0484619140625], [0.0, 0.0, 0.0, 1.0]], [[-0.9362020492553711, 0.3514571785926819, -0.0018887140322476625, 1.046142578125], [-0.0026939520612359047, -0.01254958938807249, -0.9999176263809204, 1.55120849609375], [-0.35145190358161926, -0.9361198544502258, 0.012695756740868092, -0.096435546875], [0.0, 0.0, 0.0, 1.0]]], "view": [[0.0, -2.0, 100.0], [-2.0, 0.0, 100.0], [0.0, 0.0, 1.0]], "bev": "bev_617899966d3e4fea9042a1f1a26b764e.png", "aux": "aux_617899966d3e4fea9042a1f1a26b764e.npz", "visibility": "visibility_617899966d3e4fea9042a1f1a26b764e.png", "pose": [[-0.4294237792491913, -0.9031031131744385, 0.0, 2155.23681640625], [0.9031031131744385, -0.4294237792491913, 0.0, 2474.783447265625], [0.0, 0.0, 1.0, 0.0], [0.0, 0.0, 0.0, 1.0]], "pose_inverse": [[-0.4294237792491913, 0.9031031131744385, 0.0, -1309.474609375], [-0.9031031131744385, -0.4294237792491913, 0.0, 3009.1318359375], [0.0, 0.0, 1.0, 0.0], [0.0, 0.0, 0.0, 1.0]], "cam_ids": [0, 1, 2, 3, 4, 5], "cam_channels": ["CAM_FRONT_LEFT", "CAM_FRONT", "CAM_FRONT_RIGHT", "CAM_BACK_LEFT", "CAM_BACK", "CAM_BACK_RIGHT"], "token": "617899966d3e4fea9042a1f1a26b764e", "scene": "scene-1062"}, {"images": ["samples/CAM_FRONT_LEFT/n015-2018-11-21-19-21-35+0800__CAM_FRONT_LEFT__1542799422604844.jpg", "samples/CAM_FRONT/n015-2018-11-21-19-21-35+0800__CAM_FRONT__1542799422612460.jpg", "samples/CAM_FRONT_RIGHT/n015-2018-11-21-19-21-35+0800__CAM_FRONT_RIGHT__1542799422620339.jpg", "samples/CAM_BACK_LEFT/n015-2018-11-21-19-21-35+0800__CAM_BACK_LEFT__1542799422647423.jpg", "samples/CAM_BACK/n015-2018-11-21-19-21-35+0800__CAM_BACK__1542799422637525.jpg", "samples/CAM_BACK_RIGHT/n015-2018-11-21-19-21-35+0800__CAM_BACK_RIGHT__1542799422627893.jpg"], "intrinsics": [[[1272.5979470598488, 0.0, 826.6154927353808], [0.0, 1272.5979470598488, 479.75165386361925], [0.0, 0.0, 1.0]], [[1266.417203046554, 0.0, 816.2670197447984], [0.0, 1266.417203046554, 491.50706579294757], [0.0, 0.0, 1.0]], [[1260.8474446004698, 0.0, 807.968244525554], [0.0, 1260.8474446004698, 495.3344268742088], [0.0, 0.0, 1.0]], [[1256.7414812095406, 0.0, 792.1125740759628], [0.0, 1256.7414812095406, 492.7757465151356], [0.0, 0.0, 1.0]], [[809.2209905677063, 0.0, 829.2196003259838], [0.0, 809.2209905677063, 481.77842384512485], [0.0, 0.0, 1.0]], [[1259.5137405846733, 0.0, 807.2529053838625], [0.0, 1259.5137405846733, 501.19579884916527], [0.0, 0.0, 1.0]]], "extrinsics": [[[0.8261589407920837, -0.5634363293647766, -0.0010215910151600838, -0.817138671875], [-0.013043093495070934, -0.017312191426753998, -0.9997650980949402, 1.5059642791748047], [0.5632862448692322, 0.8259781002998352, -0.02165157161653042, -1.18212890625], [0.0, 0.0, 0.0, 1.0]], [[0.013774399645626545, -0.9996780753135681, 0.021305439993739128, 0.008544921875], [-0.01828976534307003, -0.021555796265602112, -0.999600350856781, 1.5178890228271484], [0.9997379183769226, 0.013379205018281937, -0.01858079619705677, -1.545654296875], [0.0, 0.0, 0.0, 1.0]], [[-0.8294071555137634, -0.5584916472434998, 0.013073419220745564, 0.93792724609375], [-0.01276443526148796, -0.00445004366338253, -0.9999086260795593, 1.5021848678588867], [0.5584988594055176, -0.8294982314109802, -0.0034379339776933193, -1.183349609375], [0.0, 0.0, 0.0, 1.0]], [[0.9475839138031006, 0.3191559612751007, -0.014973015524446964, -1.13720703125], [-0.0039484500885009766, -0.03516197204589844, -0.9993737936019897, 1.588531494140625], [-0.3194825053215027, 0.9470497369766235, -0.032058749347925186, -0.10546875], [0.0, 0.0, 0.0, 1.0]], [[-0.00027043052250519395, 0.9996849894523621, -0.025098197162151337, 0.002197265625], [-0.02937917225062847, -0.02509530633687973, -0.9992532730102539, 1.5780563354492188], [-0.9995683431625366, 0.0004671822243835777, 0.029376700520515442, -0.04296875], [0.0, 0.0, 0.0, 1.0]], [[-0.9365221261978149, 0.35055169463157654, -0.006311042234301567, 1.05712890625], [0.0031755880918353796, -0.009518478065729141, -0.9999496936798096, 1.551727294921875], [-0.350594162940979, -0.9364950060844421, 0.007801056373864412, -0.09228515625], [0.0, 0.0, 0.0, 1.0]]], "view": [[0.0, -2.0, 100.0], [-2.0, 0.0, 100.0], [0.0, 0.0, 1.0]], "bev": "bev_b1432ecbe5f741d6b61b0663723f44b2.png", "aux": "aux_b1432ecbe5f741d6b61b0663723f44b2.npz", "visibility": "visibility_b1432ecbe5f741d6b61b0663723f44b2.png", "pose": [[-0.34512829780578613, -0.9385555386543274, 0.0, 2154.390380859375], [0.9385555386543274, -0.34512829780578613, 0.0, 2476.8505859375], [0.0, 0.0, 1.0, 0.0], [0.0, 0.0, 0.0, 1.0]], "pose_inverse": [[-0.34512829780578613, 0.9385555386543274, 0.0, -1581.12060546875], [-0.9385555386543274, -0.34512829780578613, 0.0, 2876.84619140625], [0.0, 0.0, 1.0, 0.0], [0.0, 0.0, 0.0, 1.0]], "cam_ids": [0, 1, 2, 3, 4, 5], "cam_channels": ["CAM_FRONT_LEFT", "CAM_FRONT", "CAM_FRONT_RIGHT", "CAM_BACK_LEFT", "CAM_BACK", "CAM_BACK_RIGHT"], "token": "b1432ecbe5f741d6b61b0663723f44b2", "scene": "scene-1062"}, {"images": ["samples/CAM_FRONT_LEFT/n015-2018-11-21-19-21-35+0800__CAM_FRONT_LEFT__1542799423104844.jpg", "samples/CAM_FRONT/n015-2018-11-21-19-21-35+0800__CAM_FRONT__1542799423112460.jpg", "samples/CAM_FRONT_RIGHT/n015-2018-11-21-19-21-35+0800__CAM_FRONT_RIGHT__1542799423120339.jpg", "samples/CAM_BACK_LEFT/n015-2018-11-21-19-21-35+0800__CAM_BACK_LEFT__1542799423147423.jpg", "samples/CAM_BACK/n015-2018-11-21-19-21-35+0800__CAM_BACK__1542799423137525.jpg", "samples/CAM_BACK_RIGHT/n015-2018-11-21-19-21-35+0800__CAM_BACK_RIGHT__1542799423127893.jpg"], "intrinsics": [[[1272.5979470598488, 0.0, 826.6154927353808], [0.0, 1272.5979470598488, 479.75165386361925], [0.0, 0.0, 1.0]], [[1266.417203046554, 0.0, 816.2670197447984], [0.0, 1266.417203046554, 491.50706579294757], [0.0, 0.0, 1.0]], [[1260.8474446004698, 0.0, 807.968244525554], [0.0, 1260.8474446004698, 495.3344268742088], [0.0, 0.0, 1.0]], [[1256.7414812095406, 0.0, 792.1125740759628], [0.0, 1256.7414812095406, 492.7757465151356], [0.0, 0.0, 1.0]], [[809.2209905677063, 0.0, 829.2196003259838], [0.0, 809.2209905677063, 481.77842384512485], [0.0, 0.0, 1.0]], [[1259.5137405846733, 0.0, 807.2529053838625], [0.0, 1259.5137405846733, 501.19579884916527], [0.0, 0.0, 1.0]]], "extrinsics": [[[0.8296982049942017, -0.558212161064148, -0.0004069995484314859, -0.833740234375], [-0.010070421732962132, -0.014239163137972355, -0.9998478889465332, 1.506657600402832], [0.5581214427947998, 0.8295760154724121, -0.01743563823401928, -1.1920166015625], [0.0, 0.0, 0.0, 1.0]], [[0.018946150317788124, -0.9996581673622131, 0.018019704148173332, 0.0078125], [-0.015301025472581387, -0.018310729414224625, -0.999715268611908, 1.518538475036621], [0.9997033476829529, 0.018665067851543427, -0.015642711892724037, -1.5618896484375], [0.0, 0.0, 0.0, 1.0]], [[-0.8271328210830688, -0.5619393587112427, 0.00869624875485897, 0.94781494140625], [-0.009855003096163273, -0.0009688324062153697, -0.9999509453773499, 1.5026359558105469], [0.561920166015625, -0.827177882194519, -0.0047365594655275345, -1.191162109375], [0.0, 0.0, 0.0, 1.0]], [[0.947564959526062, 0.31938546895980835, -0.010650658048689365, -1.138671875], [-0.0007832703995518386, -0.031007464975118637, -0.9995188117027283, 1.5885391235351562], [-0.31956204771995544, 0.9471174478530884, -0.02913142554461956, -0.1044921875], [0.0, 0.0, 0.0, 1.0]], [[-0.0017965716542676091, 0.9997745752334595, -0.02116006426513195, 0.002685546875], [-0.026244603097438812, -0.021199949085712433, -0.9994307160377502, 1.5783084630966187], [-0.9996539354324341, -0.0012402009451761842, 0.02627677097916603, -0.0379638671875], [0.0, 0.0, 0.0, 1.0]], [[-0.9375552535057068, 0.3477479815483093, -0.007838844321668148, 1.06591796875], [0.006211044266819954, -0.005795476958155632, -0.9999639391899109, 1.5519161224365234], [-0.34778085350990295, -0.9375701546669006, 0.0032737026922404766, -0.0894775390625], [0.0, 0.0, 0.0, 1.0]]], "view": [[0.0, -2.0, 100.0], [-2.0, 0.0, 100.0], [0.0, 0.0, 1.0]], "bev": "bev_6f07416b98d14cccbef1ca05f43bb72e.png", "aux": "aux_6f07416b98d14cccbef1ca05f43bb72e.npz", "visibility": "visibility_6f07416b98d14cccbef1ca05f43bb72e.png", "pose": [[-0.20070114731788635, -0.9796525239944458, 0.0, 2153.885009765625], [0.9796525239944458, -0.20070114731788635, 0.0, 2478.66943359375], [0.0, 0.0, 1.0, 0.0], [0.0, 0.0, 0.0, 1.0]], "pose_inverse": [[-0.20070114731788635, 0.9796525239944458, 0.0, -1995.947509765625], [-0.9796525239944458, -0.20070114731788635, 0.0, 2607.53076171875], [0.0, 0.0, 1.0, 0.0], [0.0, 0.0, 0.0, 1.0]], "cam_ids": [0, 1, 2, 3, 4, 5], "cam_channels": ["CAM_FRONT_LEFT", "CAM_FRONT", "CAM_FRONT_RIGHT", "CAM_BACK_LEFT", "CAM_BACK", "CAM_BACK_RIGHT"], "token": "6f07416b98d14cccbef1ca05f43bb72e", "scene": "scene-1062"}, {"images": ["samples/CAM_FRONT_LEFT/n015-2018-11-21-19-21-35+0800__CAM_FRONT_LEFT__1542799423604844.jpg", "samples/CAM_FRONT/n015-2018-11-21-19-21-35+0800__CAM_FRONT__1542799423612460.jpg", "samples/CAM_FRONT_RIGHT/n015-2018-11-21-19-21-35+0800__CAM_FRONT_RIGHT__1542799423620339.jpg", "samples/CAM_BACK_LEFT/n015-2018-11-21-19-21-35+0800__CAM_BACK_LEFT__1542799423647423.jpg", "samples/CAM_BACK/n015-2018-11-21-19-21-35+0800__CAM_BACK__1542799423637525.jpg", "samples/CAM_BACK_RIGHT/n015-2018-11-21-19-21-35+0800__CAM_BACK_RIGHT__1542799423627893.jpg"], "intrinsics": [[[1272.5979470598488, 0.0, 826.6154927353808], [0.0, 1272.5979470598488, 479.75165386361925], [0.0, 0.0, 1.0]], [[1266.417203046554, 0.0, 816.2670197447984], [0.0, 1266.417203046554, 491.50706579294757], [0.0, 0.0, 1.0]], [[1260.8474446004698, 0.0, 807.968244525554], [0.0, 1260.8474446004698, 495.3344268742088], [0.0, 0.0, 1.0]], [[1256.7414812095406, 0.0, 792.1125740759628], [0.0, 1256.7414812095406, 492.7757465151356], [0.0, 0.0, 1.0]], [[809.2209905677063, 0.0, 829.2196003259838], [0.0, 809.2209905677063, 481.77842384512485], [0.0, 0.0, 1.0]], [[1259.5137405846733, 0.0, 807.2529053838625], [0.0, 1259.5137405846733, 501.19579884916527], [0.0, 0.0, 1.0]]], "extrinsics": [[[0.8315855264663696, -0.5553909540176392, 0.002511120168492198, -0.821044921875], [-0.0029626868199557066, -0.00895717740058899, -0.9999555349349976, 1.5076904296875], [0.5553887486457825, 0.8315410614013672, -0.009094109758734703, -1.17901611328125], [0.0, 0.0, 0.0, 1.0]], [[0.02160545252263546, -0.9996844530105591, 0.012812473811209202, 0.0048828125], [-0.008227677084505558, -0.012992821633815765, -0.9998818039894104, 1.519303321838379], [0.9997326731681824, 0.021497484296560287, -0.008505797013640404, -1.547607421875], [0.0, 0.0, 0.0, 1.0]], [[-0.8259738087654114, -0.5637084245681763, -0.00012325341231189668, 0.93853759765625], [-0.0028658967930823565, 0.004417900927364826, -0.9999861121177673, 1.5033340454101562], [0.5637010931968689, -0.8259620666503906, -0.005264601204544306, -1.1875], [0.0, 0.0, 0.0, 1.0]], [[0.9475795030593872, 0.31951120495796204, -0.002352597424760461, -1.13818359375], [0.006166453473269939, -0.025648508220911026, -0.9996519684791565, 1.58856201171875], [-0.31946027278900146, 0.9472353458404541, -0.02627425454556942, -0.1044921875], [0.0, 0.0, 0.0, 1.0]], [[-0.0024518133141100407, 0.9998728632926941, -0.015752049162983894, 0.003662109375], [-0.019232118502259254, -0.015796329826116562, -0.9996902942657471, 1.5785036087036133], [-0.9998120665550232, -0.0021481087896972895, 0.019268402829766273, -0.04150390625], [0.0, 0.0, 0.0, 1.0]], [[-0.9380110502243042, 0.3463796079158783, -0.01250644214451313, 1.06005859375], [0.013204691000282764, -0.00034414988476783037, -0.9999127984046936, 1.5525283813476562], [-0.346353679895401, -0.9380943775177002, -0.004251019563525915, -0.093505859375], [0.0, 0.0, 0.0, 1.0]]], "view": [[0.0, -2.0, 100.0], [-2.0, 0.0, 100.0], [0.0, 0.0, 1.0]], "bev": "bev_6e2c3941fc4e496da62ce4e3e94d96fb.png", "aux": "aux_6e2c3941fc4e496da62ce4e3e94d96fb.npz", "visibility": "visibility_6e2c3941fc4e496da62ce4e3e94d96fb.png", "pose": [[0.002781092654913664, -0.9999961256980896, 0.0, 2153.68505859375], [0.9999961256980896, 0.002781092654913664, 0.0, 2480.6083984375], [0.0, 0.0, 1.0, 0.0], [0.0, 0.0, 0.0, 1.0]], "pose_inverse": [[0.002781092654913664, 0.9999961256980896, 0.0, -2486.58837890625], [-0.9999961256980896, 0.002781092654913664, 0.0, 2146.77783203125], [0.0, 0.0, 1.0, 0.0], [0.0, 0.0, 0.0, 1.0]], "cam_ids": [0, 1, 2, 3, 4, 5], "cam_channels": ["CAM_FRONT_LEFT", "CAM_FRONT", "CAM_FRONT_RIGHT", "CAM_BACK_LEFT", "CAM_BACK", "CAM_BACK_RIGHT"], "token": "6e2c3941fc4e496da62ce4e3e94d96fb", "scene": "scene-1062"}, {"images": ["samples/CAM_FRONT_LEFT/n015-2018-11-21-19-21-35+0800__CAM_FRONT_LEFT__1542799424104844.jpg", "samples/CAM_FRONT/n015-2018-11-21-19-21-35+0800__CAM_FRONT__1542799424112460.jpg", "samples/CAM_FRONT_RIGHT/n015-2018-11-21-19-21-35+0800__CAM_FRONT_RIGHT__1542799424120339.jpg", "samples/CAM_BACK_LEFT/n015-2018-11-21-19-21-35+0800__CAM_BACK_LEFT__1542799424147423.jpg", "samples/CAM_BACK/n015-2018-11-21-19-21-35+0800__CAM_BACK__1542799424137525.jpg", "samples/CAM_BACK_RIGHT/n015-2018-11-21-19-21-35+0800__CAM_BACK_RIGHT__1542799424127893.jpg"], "intrinsics": [[[1272.5979470598488, 0.0, 826.6154927353808], [0.0, 1272.5979470598488, 479.75165386361925], [0.0, 0.0, 1.0]], [[1266.417203046554, 0.0, 816.2670197447984], [0.0, 1266.417203046554, 491.50706579294757], [0.0, 0.0, 1.0]], [[1260.8474446004698, 0.0, 807.968244525554], [0.0, 1260.8474446004698, 495.3344268742088], [0.0, 0.0, 1.0]], [[1256.7414812095406, 0.0, 792.1125740759628], [0.0, 1256.7414812095406, 492.7757465151356], [0.0, 0.0, 1.0]], [[809.2209905677063, 0.0, 829.2196003259838], [0.0, 809.2209905677063, 481.77842384512485], [0.0, 0.0, 1.0]], [[1259.5137405846733, 0.0, 807.2529053838625], [0.0, 1259.5137405846733, 501.19579884916527], [0.0, 0.0, 1.0]]], "extrinsics": [[[0.8289415240287781, -0.5593316555023193, 0.0020022327080368996, -0.811767578125], [0.0010662457207217813, -0.001999479252845049, -0.9999974370002747, 1.5084433555603027], [0.5593342185020447, 0.8289415240287781, -0.001061066286638379, -1.1737060546875], [0.0, 0.0, 0.0, 1.0]], [[0.017679523676633835, -0.9998252391815186, 0.006069983821362257, 0.005859375], [-0.004068330861628056, -0.006142818368971348, -0.9999728798866272, 1.519892692565918], [0.9998354315757751, 0.01765435002744198, -0.004176221787929535, -1.5380859375], [0.0, 0.0, 0.0, 1.0]], [[-0.8276547789573669, -0.5611875057220459, -0.007479434832930565, 0.9324951171875], [0.001500301412306726, 0.011114345863461494, -0.9999370574951172, 1.5038423538208008], [0.5612354278564453, -0.8276140093803406, -0.008356891572475433, -1.182373046875], [0.0, 0.0, 0.0, 1.0]], [[0.9476317167282104, 0.3193419575691223, 0.0038614452350884676, -1.138671875], [0.010592340491712093, -0.019343314692378044, -0.9997567534446716, 1.5885810852050781], [-0.31918957829475403, 0.9474421739578247, -0.02171291783452034, -0.1044921875], [0.0, 0.0, 0.0, 1.0]], [[-0.0012025352334603667, 0.9999557137489319, -0.009336831979453564, 0.0035400390625], [-0.014873136766254902, -0.009353690780699253, -0.9998456239700317, 1.5786609649658203], [-0.9998886585235596, -0.0010634752688929439, 0.01488372404128313, -0.0439453125], [0.0, 0.0, 0.0, 1.0]], [[-0.9371838569641113, 0.3485424518585205, -0.01429999154061079, 1.0546875], [0.017556626349687576, 0.00618653604760766, -0.9998267292976379, 1.5529937744140625], [-0.3483935296535492, -0.9372726082801819, -0.01191715057939291, -0.09503173828125], [0.0, 0.0, 0.0, 1.0]]], "view": [[0.0, -2.0, 100.0], [-2.0, 0.0, 100.0], [0.0, 0.0, 1.0]], "bev": "bev_6b9a36508b994d95927d7b2af790db05.png", "aux": "aux_6b9a36508b994d95927d7b2af790db05.npz", "visibility": "visibility_6b9a36508b994d95927d7b2af790db05.png", "pose": [[0.1932935267686844, -0.9811409711837769, 0.0, 2153.8896484375], [0.9811409711837769, 0.1932935267686844, 0.0, 2482.67822265625], [0.0, 0.0, 1.0, 0.0], [0.0, 0.0, 0.0, 1.0]], "pose_inverse": [[0.1932935267686844, 0.9811409711837769, 0.0, -2852.190185546875], [-0.9811409711837769, 0.1932935267686844, 0.0, 1633.3837890625], [0.0, 0.0, 1.0, 0.0], [0.0, 0.0, 0.0, 1.0]], "cam_ids": [0, 1, 2, 3, 4, 5], "cam_channels": ["CAM_FRONT_LEFT", "CAM_FRONT", "CAM_FRONT_RIGHT", "CAM_BACK_LEFT", "CAM_BACK", "CAM_BACK_RIGHT"], "token": "6b9a36508b994d95927d7b2af790db05", "scene": "scene-1062"}, {"images": ["samples/CAM_FRONT_LEFT/n015-2018-11-21-19-21-35+0800__CAM_FRONT_LEFT__1542799424604844.jpg", "samples/CAM_FRONT/n015-2018-11-21-19-21-35+0800__CAM_FRONT__1542799424612460.jpg", "samples/CAM_FRONT_RIGHT/n015-2018-11-21-19-21-35+0800__CAM_FRONT_RIGHT__1542799424620339.jpg", "samples/CAM_BACK_LEFT/n015-2018-11-21-19-21-35+0800__CAM_BACK_LEFT__1542799424647423.jpg", "samples/CAM_BACK/n015-2018-11-21-19-21-35+0800__CAM_BACK__1542799424637525.jpg", "samples/CAM_BACK_RIGHT/n015-2018-11-21-19-21-35+0800__CAM_BACK_RIGHT__1542799424627893.jpg"], "intrinsics": [[[1272.5979470598488, 0.0, 826.6154927353808], [0.0, 1272.5979470598488, 479.75165386361925], [0.0, 0.0, 1.0]], [[1266.417203046554, 0.0, 816.2670197447984], [0.0, 1266.417203046554, 491.50706579294757], [0.0, 0.0, 1.0]], [[1260.8474446004698, 0.0, 807.968244525554], [0.0, 1260.8474446004698, 495.3344268742088], [0.0, 0.0, 1.0]], [[1256.7414812095406, 0.0, 792.1125740759628], [0.0, 1256.7414812095406, 492.7757465151356], [0.0, 0.0, 1.0]], [[809.2209905677063, 0.0, 829.2196003259838], [0.0, 809.2209905677063, 481.77842384512485], [0.0, 0.0, 1.0]], [[1259.5137405846733, 0.0, 807.2529053838625], [0.0, 1259.5137405846733, 501.19579884916527], [0.0, 0.0, 1.0]]], "extrinsics": [[[0.8241904377937317, -0.5663034915924072, -0.003243491519242525, -0.79833984375], [0.0011391484877094626, 0.007385222241282463, -0.9999720454216003, 1.5085053443908691], [0.5663115382194519, 0.8241637945175171, 0.006731933448463678, -1.1614990234375], [0.0, 0.0, 0.0, 1.0]], [[0.010411359369754791, -0.9999392032623291, -0.003636593697592616, 0.0030517578125], [-0.004157986491918564, 0.003593467641621828, -0.9999849200248718, 1.5198440551757812], [0.999937117099762, 0.010426349006593227, -0.004120320547372103, -1.52392578125], [0.0, 0.0, 0.0, 1.0]], [[-0.83104008436203, -0.5560626983642578, -0.012904991395771503, 0.9219970703125], [0.0013837635051459074, 0.021134547889232635, -0.9997757077217102, 1.5038948059082031], [0.5562106370925903, -0.83087158203125, -0.016794199123978615, -1.1787109375], [0.0, 0.0, 0.0, 1.0]], [[0.947788655757904, 0.31882789731025696, 0.006736677139997482, -1.141357421875], [0.010119308717548847, -0.00895437691360712, -0.9999086856842041, 1.5885391235351562], [-0.3187384009361267, 0.947770357131958, -0.011713175103068352, -0.10205078125], [0.0, 0.0, 0.0, 1.0]], [[0.0012214656453579664, 0.9999988079071045, 0.0009538786252960563, 0.0062255859375], [-0.01528978068381548, 0.0009724440169520676, -0.9998826384544373, 1.5786247253417969], [-0.9998824000358582, 0.0012067052302882075, 0.015290949493646622, -0.046142578125], [0.0, 0.0, 0.0, 1.0]], [[-0.9355928301811218, 0.3529261648654938, -0.010451138950884342, 1.049072265625], [0.017291929572820663, 0.016235709190368652, -0.9997186660766602, 1.5531425476074219], [-0.3526571989059448, -0.9355103969573975, -0.02129278890788555, -0.100311279296875], [0.0, 0.0, 0.0, 1.0]]], "view": [[0.0, -2.0, 100.0], [-2.0, 0.0, 100.0], [0.0, 0.0, 1.0]], "bev": "bev_c6d18bda94224330b898c3c2ff32fa74.png", "aux": "aux_c6d18bda94224330b898c3c2ff32fa74.npz", "visibility": "visibility_c6d18bda94224330b898c3c2ff32fa74.png", "pose": [[0.32025378942489624, -0.9473317861557007, 0.0, 2154.504150390625], [0.9473317861557007, 0.32025378942489624, 0.0, 2484.94140625], [0.0, 0.0, 1.0, 0.0], [0.0, 0.0, 0.0, 1.0]], "pose_inverse": [[0.32025378942489624, 0.9473317861557007, 0.0, -3044.052001953125], [-0.9473317861557007, 0.32025378942489624, 0.0, 1245.2183837890625], [0.0, 0.0, 1.0, 0.0], [0.0, 0.0, 0.0, 1.0]], "cam_ids": [0, 1, 2, 3, 4, 5], "cam_channels": ["CAM_FRONT_LEFT", "CAM_FRONT", "CAM_FRONT_RIGHT", "CAM_BACK_LEFT", "CAM_BACK", "CAM_BACK_RIGHT"], "token": "c6d18bda94224330b898c3c2ff32fa74", "scene": "scene-1062"}, {"images": ["samples/CAM_FRONT_LEFT/n015-2018-11-21-19-21-35+0800__CAM_FRONT_LEFT__1542799425104844.jpg", "samples/CAM_FRONT/n015-2018-11-21-19-21-35+0800__CAM_FRONT__1542799425112460.jpg", "samples/CAM_FRONT_RIGHT/n015-2018-11-21-19-21-35+0800__CAM_FRONT_RIGHT__1542799425120339.jpg", "samples/CAM_BACK_LEFT/n015-2018-11-21-19-21-35+0800__CAM_BACK_LEFT__1542799425147423.jpg", "samples/CAM_BACK/n015-2018-11-21-19-21-35+0800__CAM_BACK__1542799425137525.jpg", "samples/CAM_BACK_RIGHT/n015-2018-11-21-19-21-35+0800__CAM_BACK_RIGHT__1542799425127893.jpg"], "intrinsics": [[[1272.5979470598488, 0.0, 826.6154927353808], [0.0, 1272.5979470598488, 479.75165386361925], [0.0, 0.0, 1.0]], [[1266.417203046554, 0.0, 816.2670197447984], [0.0, 1266.417203046554, 491.50706579294757], [0.0, 0.0, 1.0]], [[1260.8474446004698, 0.0, 807.968244525554], [0.0, 1260.8474446004698, 495.3344268742088], [0.0, 0.0, 1.0]], [[1256.7414812095406, 0.0, 792.1125740759628], [0.0, 1256.7414812095406, 492.7757465151356], [0.0, 0.0, 1.0]], [[809.2209905677063, 0.0, 829.2196003259838], [0.0, 809.2209905677063, 481.77842384512485], [0.0, 0.0, 1.0]], [[1259.5137405846733, 0.0, 807.2529053838625], [0.0, 1259.5137405846733, 501.19579884916527], [0.0, 0.0, 1.0]]], "extrinsics": [[[0.8218992948532104, -0.5696202516555786, -0.0037575545720756054, -0.771484375], [-0.0021341084502637386, 0.0035172556526958942, -0.9999914765357971, 1.5077486038208008], [0.5696286559104919, 0.8219003677368164, 0.0016751987859606743, -1.14385986328125], [0.0, 0.0, 0.0, 1.0]], [[0.007248482666909695, -0.999973475933075, 0.0005922751734033227, 0.0047607421875], [-0.00764512550085783, -0.0006476904964074492, -0.9999706149101257, 1.5190448760986328], [0.9999445080757141, 0.00724369753152132, -0.007649618200957775, -1.497802734375], [0.0, 0.0, 0.0, 1.0]], [[-0.8323387503623962, -0.5542198419570923, -0.007242484483867884, 0.906494140625], [-0.0022688915487378836, 0.01647355407476425, -0.9998617172241211, 1.503326416015625], [0.5542625188827515, -0.8322073221206665, -0.014969042502343655, -1.166259765625], [0.0, 0.0, 0.0, 1.0]], [[0.9477989673614502, 0.3188663721084595, 0.0011006478453055024, -1.141845703125], [0.005955064203590155, -0.014249501749873161, -0.9998807311058044, 1.5885429382324219], [-0.31881269812583923, 0.9476925134658813, -0.015404535457491875, -0.10302734375], [0.0, 0.0, 0.0, 1.0]], [[0.002024334855377674, 0.99998939037323, -0.0041282158344984055, 0.00390625], [-0.019219059497117996, -0.004088555928319693, -0.9998069405555725, 1.5783004760742188], [-0.9998131990432739, 0.0021033359225839376, 0.019210580736398697, -0.052978515625], [0.0, 0.0, 0.0, 1.0]], [[-0.9350689649581909, 0.3543594777584076, -0.008680651895701885, 1.03515625], [0.013593483716249466, 0.011377021670341492, -0.9998428821563721, 1.552938461303711], [-0.35420501232147217, -0.9350401163101196, -0.015455280430614948, -0.10321426391601562], [0.0, 0.0, 0.0, 1.0]]], "view": [[0.0, -2.0, 100.0], [-2.0, 0.0, 100.0], [0.0, 0.0, 1.0]], "bev": "bev_b887eb4ea7574634a95f596fe865f220.png", "aux": "aux_b887eb4ea7574634a95f596fe865f220.npz", "visibility": "visibility_b887eb4ea7574634a95f596fe865f220.png", "pose": [[0.3605968952178955, -0.932721734046936, 0.0, 2155.39599609375], [0.932721734046936, 0.3605968952178955, 0.0, 2487.386962890625], [0.0, 0.0, 1.0, 0.0], [0.0, 0.0, 0.0, 1.0]], "pose_inverse": [[0.3605968952178955, 0.932721734046936, 0.0, -3097.26904296875], [-0.932721734046936, 0.3605968952178955, 0.0, 1113.4407958984375], [0.0, 0.0, 1.0, 0.0], [0.0, 0.0, 0.0, 1.0]], "cam_ids": [0, 1, 2, 3, 4, 5], "cam_channels": ["CAM_FRONT_LEFT", "CAM_FRONT", "CAM_FRONT_RIGHT", "CAM_BACK_LEFT", "CAM_BACK", "CAM_BACK_RIGHT"], "token": "b887eb4ea7574634a95f596fe865f220", "scene": "scene-1062"}, {"images": ["samples/CAM_FRONT_LEFT/n015-2018-11-21-19-21-35+0800__CAM_FRONT_LEFT__1542799425604844.jpg", "samples/CAM_FRONT/n015-2018-11-21-19-21-35+0800__CAM_FRONT__1542799425612460.jpg", "samples/CAM_FRONT_RIGHT/n015-2018-11-21-19-21-35+0800__CAM_FRONT_RIGHT__1542799425620339.jpg", "samples/CAM_BACK_LEFT/n015-2018-11-21-19-21-35+0800__CAM_BACK_LEFT__1542799425647423.jpg", "samples/CAM_BACK/n015-2018-11-21-19-21-35+0800__CAM_BACK__1542799425637525.jpg", "samples/CAM_BACK_RIGHT/n015-2018-11-21-19-21-35+0800__CAM_BACK_RIGHT__1542799425627893.jpg"], "intrinsics": [[[1272.5979470598488, 0.0, 826.6154927353808], [0.0, 1272.5979470598488, 479.75165386361925], [0.0, 0.0, 1.0]], [[1266.417203046554, 0.0, 816.2670197447984], [0.0, 1266.417203046554, 491.50706579294757], [0.0, 0.0, 1.0]], [[1260.8474446004698, 0.0, 807.968244525554], [0.0, 1260.8474446004698, 495.3344268742088], [0.0, 0.0, 1.0]], [[1256.7414812095406, 0.0, 792.1125740759628], [0.0, 1256.7414812095406, 492.7757465151356], [0.0, 0.0, 1.0]], [[809.2209905677063, 0.0, 829.2196003259838], [0.0, 809.2209905677063, 481.77842384512485], [0.0, 0.0, 1.0]], [[1259.5137405846733, 0.0, 807.2529053838625], [0.0, 1259.5137405846733, 501.19579884916527], [0.0, 0.0, 1.0]]], "extrinsics": [[[0.8219888806343079, -0.5694924592971802, -0.0035575267393141985, -0.757080078125], [-0.006031941622495651, -0.0024596238508820534, -0.99997878074646, 1.5067253112792969], [0.5694716572761536, 0.8219929337501526, -0.005456928629428148, -1.13665771484375], [0.0, 0.0, 0.0, 1.0]], [[0.007660016417503357, -0.9999507665634155, 0.006307786796241999, 0.007080078125], [-0.011191957630217075, -0.0063933092169463634, -0.9999169707298279, 1.5182170867919922], [0.9999080300331116, 0.007588772103190422, -0.011240378953516483, -1.4853515625], [0.0, 0.0, 0.0, 1.0]], [[-0.8320068120956421, -0.5547631978988647, -0.0015406039310619235, 0.8992919921875], [-0.005463962908834219, 0.010971424169838428, -0.999924898147583, 1.5027637481689453], [0.554738461971283, -0.8319359421730042, -0.012159504927694798, -1.15966796875], [0.0, 0.0, 0.0, 1.0]], [[0.9477426409721375, 0.3190266489982605, -0.002431784989312291, -1.139404296875], [0.0037575033493340015, -0.018783649429678917, -0.9998164772987366, 1.5885658264160156], [-0.3190138041973114, 0.947559654712677, -0.019000809639692307, -0.104736328125], [0.0, 0.0, 0.0, 1.0]], [[0.0017089116154238582, 0.999957263469696, -0.00908716395497322, 0.0028076171875], [-0.02187439054250717, -0.009047622792422771, -0.9997197985649109, 1.5780487060546875], [-0.9997592568397522, 0.0019071376882493496, 0.02185799367725849, -0.05810546875], [0.0, 0.0, 0.0, 1.0]], [[-0.9352871179580688, 0.3538057506084442, -0.007711853366345167, 1.02734375], [0.01055896282196045, 0.006117430981248617, -0.9999255537986755, 1.5526695251464844], [-0.3537321984767914, -0.9352989792823792, -0.009457377716898918, -0.104400634765625], [0.0, 0.0, 0.0, 1.0]]], "view": [[0.0, -2.0, 100.0], [-2.0, 0.0, 100.0], [0.0, 0.0, 1.0]], "bev": "bev_e0233c48f9714711b8fa97ee05b4a8a2.png", "aux": "aux_e0233c48f9714711b8fa97ee05b4a8a2.npz", "visibility": "visibility_e0233c48f9714711b8fa97ee05b4a8a2.png", "pose": [[0.3828485310077667, -0.923811137676239, 0.0, 2156.43359375], [0.923811137676239, 0.3828485310077667, 0.0, 2489.979248046875], [0.0, 0.0, 1.0, 0.0], [0.0, 0.0, 0.0, 1.0]], "pose_inverse": [[0.3828485310077667, 0.923811137676239, 0.0, -3125.85791015625], [-0.923811137676239, 0.3828485310077667, 0.0, 1038.8525390625], [0.0, 0.0, 1.0, 0.0], [0.0, 0.0, 0.0, 1.0]], "cam_ids": [0, 1, 2, 3, 4, 5], "cam_channels": ["CAM_FRONT_LEFT", "CAM_FRONT", "CAM_FRONT_RIGHT", "CAM_BACK_LEFT", "CAM_BACK", "CAM_BACK_RIGHT"], "token": "e0233c48f9714711b8fa97ee05b4a8a2", "scene": "scene-1062"}, {"images": ["samples/CAM_FRONT_LEFT/n015-2018-11-21-19-21-35+0800__CAM_FRONT_LEFT__1542799426104844.jpg", "samples/CAM_FRONT/n015-2018-11-21-19-21-35+0800__CAM_FRONT__1542799426112460.jpg", "samples/CAM_FRONT_RIGHT/n015-2018-11-21-19-21-35+0800__CAM_FRONT_RIGHT__1542799426120339.jpg", "samples/CAM_BACK_LEFT/n015-2018-11-21-19-21-35+0800__CAM_BACK_LEFT__1542799426147423.jpg", "samples/CAM_BACK/n015-2018-11-21-19-21-35+0800__CAM_BACK__1542799426137525.jpg", "samples/CAM_BACK_RIGHT/n015-2018-11-21-19-21-35+0800__CAM_BACK_RIGHT__1542799426127893.jpg"], "intrinsics": [[[1272.5979470598488, 0.0, 826.6154927353808], [0.0, 1272.5979470598488, 479.75165386361925], [0.0, 0.0, 1.0]], [[1266.417203046554, 0.0, 816.2670197447984], [0.0, 1266.417203046554, 491.50706579294757], [0.0, 0.0, 1.0]], [[1260.8474446004698, 0.0, 807.968244525554], [0.0, 1260.8474446004698, 495.3344268742088], [0.0, 0.0, 1.0]], [[1256.7414812095406, 0.0, 792.1125740759628], [0.0, 1256.7414812095406, 492.7757465151356], [0.0, 0.0, 1.0]], [[809.2209905677063, 0.0, 829.2196003259838], [0.0, 809.2209905677063, 481.77842384512485], [0.0, 0.0, 1.0]], [[1259.5137405846733, 0.0, 807.2529053838625], [0.0, 1259.5137405846733, 501.19579884916527], [0.0, 0.0, 1.0]]], "extrinsics": [[[0.8205966353416443, -0.5715017914772034, 0.0026228521019220352, -0.740478515625], [0.00440975371748209, 0.0017424377147108316, -0.9999887347221375, 1.5094490051269531], [0.5714907646179199, 0.8205989599227905, 0.003950020764023066, -1.1253662109375], [0.0, 0.0, 0.0, 1.0]], [[0.005390894133597612, -0.9999829530715942, 0.0022313471417874098, 0.0074462890625], [-0.0008893033373169601, -0.00223617278970778, -0.999997079372406, 1.5203360319137573], [0.9999850392341614, 0.005388888996094465, -0.0009013434173539281, -1.4677734375], [0.0, 0.0, 0.0, 1.0]], [[-0.8330407738685608, -0.5530753135681152, -0.012277297675609589, 0.886962890625], [0.004739114549010992, 0.015057427808642387, -0.9998753666877747, 1.5044606924057007], [0.5531911849975586, -0.8329951763153076, -0.009922363795340061, -1.151611328125], [0.0, 0.0, 0.0, 1.0]], [[0.947737455368042, 0.31895798444747925, 0.0077173239551484585, -1.140380859375], [0.013166467659175396, -0.01493162102997303, -0.9998018145561218, 1.5885810852050781], [-0.31877949833869934, 0.947651207447052, -0.018350806087255478, -0.1043701171875], [0.0, 0.0, 0.0, 1.0]], [[0.0025621443055570126, 0.999983549118042, -0.0051424033008515835, 0.00262451171875], [-0.012097431346774101, -0.0051110489293932915, -0.99991375207901, 1.5785713195800781], [-0.9999235272407532, 0.002624154556542635, 0.012084134854376316, -0.06298828125], [0.0, 0.0, 0.0, 1.0]], [[-0.9346325397491455, 0.3552699089050293, -0.01566082239151001, 1.01806640625], [0.02059732936322689, 0.010116915218532085, -0.9997366666793823, 1.5540504455566406], [-0.35501793026924133, -0.9347090125083923, -0.01677321083843708, -0.10821533203125], [0.0, 0.0, 0.0, 1.0]]], "view": [[0.0, -2.0, 100.0], [-2.0, 0.0, 100.0], [0.0, 0.0, 1.0]], "bev": "bev_37d315c9932449ac8eeb9180c7be0f47.png", "aux": "aux_37d315c9932449ac8eeb9180c7be0f47.npz", "visibility": "visibility_37d315c9932449ac8eeb9180c7be0f47.png", "pose": [[0.3902701735496521, -0.9207003712654114, 0.0, 2157.62744140625], [0.9207003712654114, 0.3902701735496521, 0.0, 2492.791748046875], [0.0, 0.0, 1.0, 0.0], [0.0, 0.0, 0.0, 1.0]], "pose_inverse": [[0.3902701735496521, 0.9207003712654114, 0.0, -3137.171875], [-0.9207003712654114, 0.3902701735496521, 0.0, 1013.6661376953125], [0.0, 0.0, 1.0, 0.0], [0.0, 0.0, 0.0, 1.0]], "cam_ids": [0, 1, 2, 3, 4, 5], "cam_channels": ["CAM_FRONT_LEFT", "CAM_FRONT", "CAM_FRONT_RIGHT", "CAM_BACK_LEFT", "CAM_BACK", "CAM_BACK_RIGHT"], "token": "37d315c9932449ac8eeb9180c7be0f47", "scene": "scene-1062"}, {"images": ["samples/CAM_FRONT_LEFT/n015-2018-11-21-19-21-35+0800__CAM_FRONT_LEFT__1542799426654844.jpg", "samples/CAM_FRONT/n015-2018-11-21-19-21-35+0800__CAM_FRONT__1542799426662460.jpg", "samples/CAM_FRONT_RIGHT/n015-2018-11-21-19-21-35+0800__CAM_FRONT_RIGHT__1542799426670347.jpg", "samples/CAM_BACK_LEFT/n015-2018-11-21-19-21-35+0800__CAM_BACK_LEFT__1542799426697423.jpg", "samples/CAM_BACK/n015-2018-11-21-19-21-35+0800__CAM_BACK__1542799426687525.jpg", "samples/CAM_BACK_RIGHT/n015-2018-11-21-19-21-35+0800__CAM_BACK_RIGHT__1542799426677894.jpg"], "intrinsics": [[[1272.5979470598488, 0.0, 826.6154927353808], [0.0, 1272.5979470598488, 479.75165386361925], [0.0, 0.0, 1.0]], [[1266.417203046554, 0.0, 816.2670197447984], [0.0, 1266.417203046554, 491.50706579294757], [0.0, 0.0, 1.0]], [[1260.8474446004698, 0.0, 807.968244525554], [0.0, 1260.8474446004698, 495.3344268742088], [0.0, 0.0, 1.0]], [[1256.7414812095406, 0.0, 792.1125740759628], [0.0, 1256.7414812095406, 492.7757465151356], [0.0, 0.0, 1.0]], [[809.2209905677063, 0.0, 829.2196003259838], [0.0, 809.2209905677063, 481.77842384512485], [0.0, 0.0, 1.0]], [[1259.5137405846733, 0.0, 807.2529053838625], [0.0, 1259.5137405846733, 501.19579884916527], [0.0, 0.0, 1.0]]], "extrinsics": [[[0.8218712210655212, -0.5696015357971191, -0.009046589024364948, -0.739013671875], [-0.007475880440324545, 0.005094802938401699, -0.9999590516090393, 1.5061931610107422], [0.5696242451667786, 0.8219051957130432, -7.100139919202775e-05, -1.12908935546875], [0.0, 0.0, 0.0, 1.0]], [[0.007316481322050095, -0.9999722242355347, -0.0013516178587451577, 0.01043701171875], [-0.012515139766037464, 0.001259979442693293, -0.9999209046363831, 1.5177230834960938], [0.999894917011261, 0.0073328339494764805, -0.012505574151873589, -1.468017578125], [0.0, 0.0, 0.0, 1.0]], [[-0.8322685956954956, -0.5543512105941772, -0.004862228408455849, 0.8876953125], [-0.0065887668170034885, 0.018661273643374443, -0.9998040795326233, 1.5024337768554688], [0.5543333888053894, -0.8320735692977905, -0.019183682277798653, -1.149169921875], [0.0, 0.0, 0.0, 1.0]], [[0.9477546215057373, 0.3189999759197235, -0.00023537041852250695, -1.134765625], [0.003557029413059354, -0.011305785737931728, -0.9999297261238098, 1.5885887145996094], [-0.31898021697998047, 0.9476872682571411, -0.011849803850054741, -0.1063232421875], [0.0, 0.0, 0.0, 1.0]], [[0.0019093280425295234, 0.9999971389770508, -0.0014737856108695269, 0.001953125], [-0.022409597411751747, -0.0014306295197457075, -0.9997478127479553, 1.5778121948242188], [-0.9997470378875732, 0.001941896858625114, 0.02240680158138275, -0.0673828125], [0.0, 0.0, 0.0, 1.0]], [[-0.9351531267166138, 0.3542191684246063, -0.004179990850389004, 1.014892578125], [0.009691623970866203, 0.013787379488348961, -0.999858021736145, 1.5526742935180664], [-0.3541111648082733, -0.9350607991218567, -0.016326269134879112, -0.10723876953125], [0.0, 0.0, 0.0, 1.0]]], "view": [[0.0, -2.0, 100.0], [-2.0, 0.0, 100.0], [0.0, 0.0, 1.0]], "bev": "bev_e1b741c0b3a342e789365174a36764f6.png", "aux": "aux_e1b741c0b3a342e789365174a36764f6.npz", "visibility": "visibility_e1b741c0b3a342e789365174a36764f6.png", "pose": [[0.399749755859375, -0.9166243076324463, 0.0, 2158.99365234375], [0.9166243076324463, 0.399749755859375, 0.0, 2495.91650390625], [0.0, 0.0, 1.0, 0.0], [0.0, 0.0, 0.0, 1.0]], "pose_inverse": [[0.399749755859375, 0.9166243076324463, 0.0, -3150.875], [-0.9166243076324463, 0.399749755859375, 0.0, 981.244140625], [0.0, 0.0, 1.0, 0.0], [0.0, 0.0, 0.0, 1.0]], "cam_ids": [0, 1, 2, 3, 4, 5], "cam_channels": ["CAM_FRONT_LEFT", "CAM_FRONT", "CAM_FRONT_RIGHT", "CAM_BACK_LEFT", "CAM_BACK", "CAM_BACK_RIGHT"], "token": "e1b741c0b3a342e789365174a36764f6", "scene": "scene-1062"}, {"images": ["samples/CAM_FRONT_LEFT/n015-2018-11-21-19-21-35+0800__CAM_FRONT_LEFT__1542799427154844.jpg", "samples/CAM_FRONT/n015-2018-11-21-19-21-35+0800__CAM_FRONT__1542799427162460.jpg", "samples/CAM_FRONT_RIGHT/n015-2018-11-21-19-21-35+0800__CAM_FRONT_RIGHT__1542799427170339.jpg", "samples/CAM_BACK_LEFT/n015-2018-11-21-19-21-35+0800__CAM_BACK_LEFT__1542799427197423.jpg", "samples/CAM_BACK/n015-2018-11-21-19-21-35+0800__CAM_BACK__1542799427187525.jpg", "samples/CAM_BACK_RIGHT/n015-2018-11-21-19-21-35+0800__CAM_BACK_RIGHT__1542799427177893.jpg"], "intrinsics": [[[1272.5979470598488, 0.0, 826.6154927353808], [0.0, 1272.5979470598488, 479.75165386361925], [0.0, 0.0, 1.0]], [[1266.417203046554, 0.0, 816.2670197447984], [0.0, 1266.417203046554, 491.50706579294757], [0.0, 0.0, 1.0]], [[1260.8474446004698, 0.0, 807.968244525554], [0.0, 1260.8474446004698, 495.3344268742088], [0.0, 0.0, 1.0]], [[1256.7414812095406, 0.0, 792.1125740759628], [0.0, 1256.7414812095406, 492.7757465151356], [0.0, 0.0, 1.0]], [[809.2209905677063, 0.0, 829.2196003259838], [0.0, 809.2209905677063, 481.77842384512485], [0.0, 0.0, 1.0]], [[1259.5137405846733, 0.0, 807.2529053838625], [0.0, 1259.5137405846733, 501.19579884916527], [0.0, 0.0, 1.0]]], "extrinsics": [[[0.8214566707611084, -0.5702539682388306, -0.004390452057123184, -0.73095703125], [-0.006321316584944725, -0.0014069656608626246, -0.9999790191650391, 1.5064620971679688], [0.5702357888221741, 0.8214672207832336, -0.004760516807436943, -1.1209716796875], [0.0, 0.0, 0.0, 1.0]], [[0.006766248494386673, -0.9999614953994751, 0.005581735633313656, 0.0086669921875], [-0.011705050244927406, -0.005660681985318661, -0.9999154806137085, 1.5178070068359375], [0.9999086260795593, 0.006700423546135426, -0.011742901057004929, -1.458740234375], [0.0, 0.0, 0.0, 1.0]], [[-0.8325005173683167, -0.5540232062339783, -0.0011188066564500332, 0.88134765625], [-0.0061835297383368015, 0.011310909874737263, -0.9999168515205383, 1.5024986267089844], [0.5539897084236145, -0.8324244022369385, -0.012842155992984772, -1.146240234375], [0.0, 0.0, 0.0, 1.0]], [[0.9479012489318848, 0.31853610277175903, -0.004246455151587725, -1.13916015625], [0.002284424612298608, -0.020126426592469215, -0.9997948408126831, 1.5885429382324219], [-0.31855618953704834, 0.9476970434188843, -0.019805533811450005, -0.1036376953125], [0.0, 0.0, 0.0, 1.0]], [[0.002216451335698366, 0.9999497532844543, -0.009779514744877815, 0.00244140625], [-0.02308160625398159, -0.009725775569677353, -0.9996863007545471, 1.5777740478515625], [-0.9997310638427