[{"images": ["samples/CAM_FRONT_LEFT/n015-2018-11-21-19-38-26+0800__CAM_FRONT_LEFT__1542800628004844.jpg", "samples/CAM_FRONT/n015-2018-11-21-19-38-26+0800__CAM_FRONT__1542800628012460.jpg", "samples/CAM_FRONT_RIGHT/n015-2018-11-21-19-38-26+0800__CAM_FRONT_RIGHT__1542800628020339.jpg", "samples/CAM_BACK_LEFT/n015-2018-11-21-19-38-26+0800__CAM_BACK_LEFT__1542800628047423.jpg", "samples/CAM_BACK/n015-2018-11-21-19-38-26+0800__CAM_BACK__1542800628037525.jpg", "samples/CAM_BACK_RIGHT/n015-2018-11-21-19-38-26+0800__CAM_BACK_RIGHT__1542800628027893.jpg"], "intrinsics": [[[1272.5979470598488, 0.0, 826.6154927353808], [0.0, 1272.5979470598488, 479.75165386361925], [0.0, 0.0, 1.0]], [[1266.417203046554, 0.0, 816.2670197447984], [0.0, 1266.417203046554, 491.50706579294757], [0.0, 0.0, 1.0]], [[1260.8474446004698, 0.0, 807.968244525554], [0.0, 1260.8474446004698, 495.3344268742088], [0.0, 0.0, 1.0]], [[1256.7414812095406, 0.0, 792.1125740759628], [0.0, 1256.7414812095406, 492.7757465151356], [0.0, 0.0, 1.0]], [[809.2209905677063, 0.0, 829.2196003259838], [0.0, 809.2209905677063, 481.77842384512485], [0.0, 0.0, 1.0]], [[1259.5137405846733, 0.0, 807.2529053838625], [0.0, 1259.5137405846733, 501.19579884916527], [0.0, 0.0, 1.0]]], "extrinsics": [[[0.824966311454773, -0.564595103263855, -0.025746608152985573, -0.7635498046875], [-0.024486925452947617, 0.009806607849895954, -0.999652087688446, 1.502279281616211], [0.5646511316299438, 0.8253098726272583, -0.005735075566917658, -1.1435546875], [0.0, 0.0, 0.0, 1.0]], [[0.012199708260595798, -0.9999048113822937, -0.0064350008033216, 0.008544921875], [-0.029912972822785378, 0.0060676513239741325, -0.9995341300964355, 1.5145301818847656], [0.9994780421257019, 0.01238649059087038, -0.029836103320121765, -1.4918899536132812], [0.0, 0.0, 0.0, 1.0]], [[-0.8301100730895996, -0.5575534105300903, 0.007170701865106821, 0.9031982421875], [-0.024541253224015236, 0.023684564977884293, -0.9994181990623474, 1.4997901916503906], [0.5570592284202576, -0.8298030495643616, -0.033343855291604996, -1.1610107421875], [0.0, 0.0, 0.0, 1.0]], [[0.9475334286689758, 0.319192498922348, -0.01722112111747265, -1.13958740234375], [-0.016318675130605698, -0.005501624196767807, -0.9998517036437988, 1.5885086059570312], [-0.3192399740219116, 0.9476739168167114, -4.174209607299417e-06, -0.1044921875], [0.0, 0.0, 0.0, 1.0]], [[0.00046217971248552203, 0.9999919533729553, 0.003998401574790478, 0.00244140625], [-0.04155107960104942, 0.004014153964817524, -0.9991283416748047, 1.5769147872924805], [-0.9991362690925598, 0.00029562984127551317, 0.0415525920689106, -0.0568695068359375], [0.0, 0.0, 0.0, 1.0]], [[-0.9360410571098328, 0.3515750765800476, 0.014901235699653625, 1.02972412109375], [-0.008775272406637669, 0.019011443480849266, -0.9997807145118713, 1.5504379272460938], [-0.35178136825561523, -0.9359666109085083, -0.014710322953760624, -0.1026611328125], [0.0, 0.0, 0.0, 1.0]]], "view": [[0.0, -2.0, 100.0], [-2.0, 0.0, 100.0], [0.0, 0.0, 1.0]], "bev": "bev_e2e7ed5a54504450be4270010c0f8098.png", "aux": "aux_e2e7ed5a54504450be4270010c0f8098.npz", "visibility": "visibility_e2e7ed5a54504450be4270010c0f8098.png", "pose": [[0.45578962564468384, 0.8900875449180603, 0.0, 1918.7880859375], [-0.8900875449180603, 0.45578962564468384, 0.0, 1145.749755859375], [0.0, 0.0, 1.0, 0.0], [0.0, 0.0, 0.0, 1.0]], "pose_inverse": [[0.45578962564468384, -0.8900875449180603, 0.0, 145.25384521484375], [0.8900875449180603, 0.45578962564468384, 0.0, -2230.110107421875], [0.0, 0.0, 1.0, 0.0], [0.0, 0.0, 0.0, 1.0]], "cam_ids": [0, 1, 2, 3, 4, 5], "cam_channels": ["CAM_FRONT_LEFT", "CAM_FRONT", "CAM_FRONT_RIGHT", "CAM_BACK_LEFT", "CAM_BACK", "CAM_BACK_RIGHT"], "token": "e2e7ed5a54504450be4270010c0f8098", "scene": "scene-1088"}, {"images": ["samples/CAM_FRONT_LEFT/n015-2018-11-21-19-38-26+0800__CAM_FRONT_LEFT__1542800628504844.jpg", "samples/CAM_FRONT/n015-2018-11-21-19-38-26+0800__CAM_FRONT__1542800628512460.jpg", "samples/CAM_FRONT_RIGHT/n015-2018-11-21-19-38-26+0800__CAM_FRONT_RIGHT__1542800628520339.jpg", "samples/CAM_BACK_LEFT/n015-2018-11-21-19-38-26+0800__CAM_BACK_LEFT__1542800628547423.jpg", "samples/CAM_BACK/n015-2018-11-21-19-38-26+0800__CAM_BACK__1542800628537525.jpg", "samples/CAM_BACK_RIGHT/n015-2018-11-21-19-38-26+0800__CAM_BACK_RIGHT__1542800628527893.jpg"], "intrinsics": [[[1272.5979470598488, 0.0, 826.6154927353808], [0.0, 1272.5979470598488, 479.75165386361925], [0.0, 0.0, 1.0]], [[1266.417203046554, 0.0, 816.2670197447984], [0.0, 1266.417203046554, 491.50706579294757], [0.0, 0.0, 1.0]], [[1260.8474446004698, 0.0, 807.968244525554], [0.0, 1260.8474446004698, 495.3344268742088], [0.0, 0.0, 1.0]], [[1256.7414812095406, 0.0, 792.1125740759628], [0.0, 1256.7414812095406, 492.7757465151356], [0.0, 0.0, 1.0]], [[809.2209905677063, 0.0, 829.2196003259838], [0.0, 809.2209905677063, 481.77842384512485], [0.0, 0.0, 1.0]], [[1259.5137405846733, 0.0, 807.2529053838625], [0.0, 1259.5137405846733, 501.19579884916527], [0.0, 0.0, 1.0]]], "extrinsics": [[[0.8275045156478882, -0.5607053637504578, -0.02908242680132389, -0.7796630859375], [-0.03015722706913948, 0.007335714530199766, -0.9995182752609253, 1.5015010833740234], [0.5606485605239868, 0.8279829621315002, -0.010838981717824936, -1.1552734375], [0.0, 0.0, 0.0, 1.0]], [[0.01621970161795616, -0.9998615980148315, -0.0036826585419476032, 0.00830078125], [-0.03559939190745354, 0.00310332328081131, -0.9993613362312317, 1.5139808654785156], [0.9992344975471497, 0.016340430825948715, -0.03554413095116615, -1.508544921875], [0.0, 0.0, 0.0, 1.0]], [[-0.8282127976417542, -0.5602443814277649, 0.013776158913969994, 0.91375732421875], [-0.030323494225740433, 0.020254215225577354, -0.9993349313735962, 1.4992904663085938], [0.5595927834510803, -0.8280797004699707, -0.03376336768269539, -1.16796875], [0.0, 0.0, 0.0, 1.0]], [[0.9473333358764648, 0.3193250596523285, -0.024311432614922523, -1.139801025390625], [-0.02214975282549858, -0.010399920865893364, -0.9997005462646484, 1.5885076522827148], [-0.3194822072982788, 0.9475881457328796, -0.002779221860691905, -0.1044921875], [0.0, 0.0, 0.0, 1.0]], [[-0.0008932556957006454, 0.9999995827674866, -0.0003927192883566022, 0.0029296875], [-0.04732191935181618, -0.00043454981641843915, -0.998879611492157, 1.5768280029296875], [-0.9988792538642883, -0.0008736922172829509, 0.04732228443026543, -0.0516357421875], [0.0, 0.0, 0.0, 1.0]], [[-0.9368114471435547, 0.3493206202983856, 0.018956545740365982, 1.038818359375], [-0.01457223016768694, 0.015174939297139645, -0.999778687953949, 1.5499343872070312], [-0.3495309352874756, -0.9368804097175598, -0.009125679731369019, -0.0997314453125], [0.0, 0.0, 0.0, 1.0]]], "view": [[0.0, -2.0, 100.0], [-2.0, 0.0, 100.0], [0.0, 0.0, 1.0]], "bev": "bev_4d2db39095fe4a86805a1f1a4c427681.png", "aux": "aux_4d2db39095fe4a86805a1f1a4c427681.npz", "visibility": "visibility_4d2db39095fe4a86805a1f1a4c427681.png", "pose": [[0.34709033370018005, 0.937831699848175, 0.0, 1919.84375], [-0.937831699848175, 0.34709033370018005, 0.0, 1143.3033447265625], [0.0, 0.0, 1.0, 0.0], [0.0, 0.0, 0.0, 1.0]], "pose_inverse": [[0.34709033370018005, -0.937831699848175, 0.0, 405.866943359375], [0.937831699848175, 0.34709033370018005, 0.0, -2197.31982421875], [0.0, 0.0, 1.0, 0.0], [0.0, 0.0, 0.0, 1.0]], "cam_ids": [0, 1, 2, 3, 4, 5], "cam_channels": ["CAM_FRONT_LEFT", "CAM_FRONT", "CAM_FRONT_RIGHT", "CAM_BACK_LEFT", "CAM_BACK", "CAM_BACK_RIGHT"], "token": "4d2db39095fe4a86805a1f1a4c427681", "scene": "scene-1088"}, {"images": ["samples/CAM_FRONT_LEFT/n015-2018-11-21-19-38-26+0800__CAM_FRONT_LEFT__1542800629004844.jpg", "samples/CAM_FRONT/n015-2018-11-21-19-38-26+0800__CAM_FRONT__1542800629012460.jpg", "samples/CAM_FRONT_RIGHT/n015-2018-11-21-19-38-26+0800__CAM_FRONT_RIGHT__1542800629020339.jpg", "samples/CAM_BACK_LEFT/n015-2018-11-21-19-38-26+0800__CAM_BACK_LEFT__1542800629047423.jpg", "samples/CAM_BACK/n015-2018-11-21-19-38-26+0800__CAM_BACK__1542800629037525.jpg", "samples/CAM_BACK_RIGHT/n015-2018-11-21-19-38-26+0800__CAM_BACK_RIGHT__1542800629027893.jpg"], "intrinsics": [[[1272.5979470598488, 0.0, 826.6154927353808], [0.0, 1272.5979470598488, 479.75165386361925], [0.0, 0.0, 1.0]], [[1266.417203046554, 0.0, 816.2670197447984], [0.0, 1266.417203046554, 491.50706579294757], [0.0, 0.0, 1.0]], [[1260.8474446004698, 0.0, 807.968244525554], [0.0, 1260.8474446004698, 495.3344268742088], [0.0, 0.0, 1.0]], [[1256.7414812095406, 0.0, 792.1125740759628], [0.0, 1256.7414812095406, 492.7757465151356], [0.0, 0.0, 1.0]], [[809.2209905677063, 0.0, 829.2196003259838], [0.0, 809.2209905677063, 481.77842384512485], [0.0, 0.0, 1.0]], [[1259.5137405846733, 0.0, 807.2529053838625], [0.0, 1259.5137405846733, 501.19579884916527], [0.0, 0.0, 1.0]]], "extrinsics": [[[0.8294166326522827, -0.5577379465103149, -0.03156684339046478, -0.7862548828125], [-0.03547298163175583, 0.003809788264334202, -0.999363362789154, 1.5006103515625], [0.5575031042098999, 0.8300083875656128, -0.016624726355075836, -1.1605224609375], [0.0, 0.0, 0.0, 1.0]], [[0.019242942333221436, -0.9998146891593933, -0.0004313184763304889, 0.009033203125], [-0.040820199996232986, -0.00035460692015476525, -0.9991664886474609, 1.5132904052734375], [0.9989811182022095, 0.0192444808781147, -0.04081946238875389, -1.51513671875], [0.0, 0.0, 0.0, 1.0]], [[-0.8268136382102966, -0.5621248483657837, 0.019870761781930923, 0.91827392578125], [-0.03550318628549576, 0.01689859665930271, -0.9992266297340393, 1.49871826171875], [0.5613543391227722, -0.8268797397613525, -0.033929210156202316, -1.17041015625], [0.0, 0.0, 0.0, 1.0]], [[0.9471229314804077, 0.31945040822029114, -0.030158979818224907, -1.1390647888183594], [-0.027172615751624107, -0.013802332803606987, -0.9995354413986206, 1.5884690284729004], [-0.31971821188926697, 0.9475024342536926, -0.0043922048062086105, -0.10498046875], [0.0, 0.0, 0.0, 1.0]], [[-0.001873783185146749, 0.9999914169311523, -0.0037000293377786875, 0.002197265625], [-0.05234358459711075, -0.003793043550103903, -0.998621940612793, 1.5766258239746094], [-0.9986273646354675, -0.0016775294207036495, 0.0523502416908741, -0.0501708984375], [0.0, 0.0, 0.0, 1.0]], [[-0.9373048543930054, 0.3477795124053955, 0.02255943790078163, 1.041748046875], [-0.019666774198412895, 0.011845800094306469, -0.9997363686561584, 1.5494613647460938], [-0.3479551076889038, -0.9375015497207642, -0.004263425711542368, -0.097900390625], [0.0, 0.0, 0.0, 1.0]]], "view": [[0.0, -2.0, 100.0], [-2.0, 0.0, 100.0], [0.0, 0.0, 1.0]], "bev": "bev_339cb465c05842728de098b46e8d49b4.png", "aux": "aux_339cb465c05842728de098b46e8d49b4.npz", "visibility": "visibility_339cb465c05842728de098b46e8d49b4.png", "pose": [[0.18079882860183716, 0.9835200905799866, 0.0, 1920.5035400390625], [-0.9835200905799866, 0.18079882860183716, 0.0, 1140.8800048828125], [0.0, 0.0, 1.0, 0.0], [0.0, 0.0, 0.0, 1.0]], "pose_inverse": [[0.18079882860183716, -0.9835200905799866, 0.0, 774.8536376953125], [0.9835200905799866, 0.18079882860183716, 0.0, -2095.12353515625], [0.0, 0.0, 1.0, 0.0], [0.0, 0.0, 0.0, 1.0]], "cam_ids": [0, 1, 2, 3, 4, 5], "cam_channels": ["CAM_FRONT_LEFT", "CAM_FRONT", "CAM_FRONT_RIGHT", "CAM_BACK_LEFT", "CAM_BACK", "CAM_BACK_RIGHT"], "token": "339cb465c05842728de098b46e8d49b4", "scene": "scene-1088"}, {"images": ["samples/CAM_FRONT_LEFT/n015-2018-11-21-19-38-26+0800__CAM_FRONT_LEFT__1542800629504844.jpg", "samples/CAM_FRONT/n015-2018-11-21-19-38-26+0800__CAM_FRONT__1542800629512460.jpg", "samples/CAM_FRONT_RIGHT/n015-2018-11-21-19-38-26+0800__CAM_FRONT_RIGHT__1542800629520339.jpg", "samples/CAM_BACK_LEFT/n015-2018-11-21-19-38-26+0800__CAM_BACK_LEFT__1542800629547423.jpg", "samples/CAM_BACK/n015-2018-11-21-19-38-26+0800__CAM_BACK__1542800629537525.jpg", "samples/CAM_BACK_RIGHT/n015-2018-11-21-19-38-26+0800__CAM_BACK_RIGHT__1542800629527893.jpg"], "intrinsics": [[[1272.5979470598488, 0.0, 826.6154927353808], [0.0, 1272.5979470598488, 479.75165386361925], [0.0, 0.0, 1.0]], [[1266.417203046554, 0.0, 816.2670197447984], [0.0, 1266.417203046554, 491.50706579294757], [0.0, 0.0, 1.0]], [[1260.8474446004698, 0.0, 807.968244525554], [0.0, 1260.8474446004698, 495.3344268742088], [0.0, 0.0, 1.0]], [[1256.7414812095406, 0.0, 792.1125740759628], [0.0, 1256.7414812095406, 492.7757465151356], [0.0, 0.0, 1.0]], [[809.2209905677063, 0.0, 829.2196003259838], [0.0, 809.2209905677063, 481.77842384512485], [0.0, 0.0, 1.0]], [[1259.5137405846733, 0.0, 807.2529053838625], [0.0, 1259.5137405846733, 501.19579884916527], [0.0, 0.0, 1.0]]], "extrinsics": [[[0.8291170001029968, -0.5580837726593018, -0.0332777202129364, -0.7901611328125], [-0.04777960106730461, -0.01142722275108099, -0.9987925291061401, 1.498159408569336], [0.557029664516449, 0.8297058343887329, -0.03613952919840813, -1.162353515625], [0.0, 0.0, 0.0, 1.0]], [[0.019553273916244507, -0.9997029304504395, 0.014544679783284664, 0.0084228515625], [-0.052914153784513474, -0.015561806969344616, -0.9984778761863708, 1.5113410949707031], [0.9984076023101807, 0.018753889948129654, -0.05320272222161293, -1.518798828125], [0.0, 0.0, 0.0, 1.0]], [[-0.8263148665428162, -0.561909019947052, 0.03823671489953995, 0.9204559326171875], [-0.04738851264119148, 0.0017158165574073792, -0.9988750219345093, 1.4972190856933594], [0.5612112879753113, -0.827197253704071, -0.028045836836099625, -1.1728515625], [0.0, 0.0, 0.0, 1.0]], [[0.9466283917427063, 0.3191317021846771, -0.04527120664715767, -1.141876220703125], [-0.03813475742936134, -0.028578564524650574, -0.9988638758659363, 1.5885448455810547], [-0.32006290555000305, 0.9472793936729431, -0.014883273281157017, -0.10400390625], [0.0, 0.0, 0.0, 1.0]], [[-0.002275909762829542, 0.9998250603675842, -0.0185649786144495, 0.002197265625], [-0.06369626522064209, -0.018672270700335503, -0.9977946281433105, 1.5762290954589844], [-0.9979666471481323, -0.0010883709182962775, 0.06372761726379395, -0.04736328125], [0.0, 0.0, 0.0, 1.0]], [[-0.9371078014373779, 0.3478924632072449, 0.028280014172196388, 1.0445556640625], [-0.03134407848119736, -0.003181465668603778, -0.9995036125183105, 1.5483856201171875], [-0.3476297855377197, -0.9375290274620056, 0.013885742984712124, -0.09716796875], [0.0, 0.0, 0.0, 1.0]]], "view": [[0.0, -2.0, 100.0], [-2.0, 0.0, 100.0], [0.0, 0.0, 1.0]], "bev": "bev_306c77441e8a4733b68d2cf6b6dd1ab3.png", "aux": "aux_306c77441e8a4733b68d2cf6b6dd1ab3.npz", "visibility": "visibility_306c77441e8a4733b68d2cf6b6dd1ab3.png", "pose": [[0.0055639054626226425, 0.9999845027923584, 0.0, 1920.7138671875], [-0.9999845027923584, 0.0055639054626226425, 0.0, 1138.4774169921875], [0.0, 0.0, 1.0, 0.0], [0.0, 0.0, 0.0, 1.0]], "pose_inverse": [[0.0055639054626226425, -0.9999845027923584, 0.0, 1127.7730712890625], [0.9999845027923584, 0.0055639054626226425, 0.0, -1927.0185546875], [0.0, 0.0, 1.0, 0.0], [0.0, 0.0, 0.0, 1.0]], "cam_ids": [0, 1, 2, 3, 4, 5], "cam_channels": ["CAM_FRONT_LEFT", "CAM_FRONT", "CAM_FRONT_RIGHT", "CAM_BACK_LEFT", "CAM_BACK", "CAM_BACK_RIGHT"], "token": "306c77441e8a4733b68d2cf6b6dd1ab3", "scene": "scene-1088"}, {"images": ["samples/CAM_FRONT_LEFT/n015-2018-11-21-19-38-26+0800__CAM_FRONT_LEFT__1542800630104844.jpg", "samples/CAM_FRONT/n015-2018-11-21-19-38-26+0800__CAM_FRONT__1542800630112460.jpg", "samples/CAM_FRONT_RIGHT/n015-2018-11-21-19-38-26+0800__CAM_FRONT_RIGHT__1542800630120339.jpg", "samples/CAM_BACK_LEFT/n015-2018-11-21-19-38-26+0800__CAM_BACK_LEFT__1542800630147423.jpg", "samples/CAM_BACK/n015-2018-11-21-19-38-26+0800__CAM_BACK__1542800630137525.jpg", "samples/CAM_BACK_RIGHT/n015-2018-11-21-19-38-26+0800__CAM_BACK_RIGHT__1542800630127893.jpg"], "intrinsics": [[[1272.5979470598488, 0.0, 826.6154927353808], [0.0, 1272.5979470598488, 479.75165386361925], [0.0, 0.0, 1.0]], [[1266.417203046554, 0.0, 816.2670197447984], [0.0, 1266.417203046554, 491.50706579294757], [0.0, 0.0, 1.0]], [[1260.8474446004698, 0.0, 807.968244525554], [0.0, 1260.8474446004698, 495.3344268742088], [0.0, 0.0, 1.0]], [[1256.7414812095406, 0.0, 792.1125740759628], [0.0, 1256.7414812095406, 492.7757465151356], [0.0, 0.0, 1.0]], [[809.2209905677063, 0.0, 829.2196003259838], [0.0, 809.2209905677063, 481.77842384512485], [0.0, 0.0, 1.0]], [[1259.5137405846733, 0.0, 807.2529053838625], [0.0, 1259.5137405846733, 501.19579884916527], [0.0, 0.0, 1.0]]], "extrinsics": [[[0.8284777402877808, -0.5597219467163086, -0.01833115518093109, -0.778564453125], [-0.03243901580572128, -0.01528550498187542, -0.9993568062782288, 1.500894546508789], [0.5590817332267761, 0.8285394906997681, -0.03082052804529667, -1.1527099609375], [0.0, 0.0, 0.0, 1.0]], [[0.017731884494423866, -0.9996682405471802, 0.01868456043303013, 0.0074462890625], [-0.037792038172483444, -0.019344257190823555, -0.9990984201431274, 1.5135326385498047], [0.9991282820701599, 0.017009766772389412, -0.0381225049495697, -1.5074462890625], [0.0, 0.0, 0.0, 1.0]], [[-0.8275260925292969, -0.5607288479804993, 0.027994537726044655, 0.9136962890625], [-0.032451607286930084, -0.002006647177040577, -0.9994713068008423, 1.4990081787109375], [0.5604885220527649, -0.8279971480369568, -0.01653599552810192, -1.169189453125], [0.0, 0.0, 0.0, 1.0]], [[0.9472426772117615, 0.31885388493537903, -0.032609932124614716, -1.1448974609375], [-0.023667478933930397, -0.031880974769592285, -0.9992114305496216, 1.5886306762695312], [-0.319642037153244, 0.9472675919532776, -0.022652557119727135, -0.103271484375], [0.0, 0.0, 0.0, 1.0]], [[-0.0013900804333388805, 0.9997555017471313, -0.022070271894335747, 0.0023193359375], [-0.04901457577943802, -0.022111883386969566, -0.9985532760620117, 1.5769195556640625], [-0.9987971186637878, -0.0003063115291297436, 0.04903332516551018, -0.048095703125], [0.0, 0.0, 0.0, 1.0]], [[-0.9370731711387634, 0.3488888740539551, 0.013055934570729733, 1.04052734375], [-0.016470352187752724, -0.006821831688284874, -0.9998410940170288, 1.5497751235961914], [-0.34874439239501953, -0.9371392726898193, 0.01213887706398964, -0.0989990234375], [0.0, 0.0, 0.0, 1.0]]], "view": [[0.0, -2.0, 100.0], [-2.0, 0.0, 100.0], [0.0, 0.0, 1.0]], "bev": "bev_8f4d3fb0381d4125950c0120a6982db4.png", "aux": "aux_8f4d3fb0381d4125950c0120a6982db4.npz", "visibility": "visibility_8f4d3fb0381d4125950c0120a6982db4.png", "pose": [[-0.19476455450057983, 0.9808500409126282, 0.0, 1920.4102783203125], [-0.9808500409126282, -0.19476455450057983, 0.0, 1135.4154052734375], [0.0, 0.0, 1.0, 0.0], [0.0, 0.0, 0.0, 1.0]], "pose_inverse": [[-0.19476455450057983, -0.9808500409126282, 0.0, 1487.7000732421875], [0.9808500409126282, -0.19476455450057983, 0.0, -1662.495849609375], [0.0, 0.0, 1.0, 0.0], [0.0, 0.0, 0.0, 1.0]], "cam_ids": [0, 1, 2, 3, 4, 5], "cam_channels": ["CAM_FRONT_LEFT", "CAM_FRONT", "CAM_FRONT_RIGHT", "CAM_BACK_LEFT", "CAM_BACK", "CAM_BACK_RIGHT"], "token": "8f4d3fb0381d4125950c0120a6982db4", "scene": "scene-1088"}, {"images": ["samples/CAM_FRONT_LEFT/n015-2018-11-21-19-38-26+0800__CAM_FRONT_LEFT__1542800630604844.jpg", "samples/CAM_FRONT/n015-2018-11-21-19-38-26+0800__CAM_FRONT__1542800630612460.jpg", "samples/CAM_FRONT_RIGHT/n015-2018-11-21-19-38-26+0800__CAM_FRONT_RIGHT__1542800630620339.jpg", "samples/CAM_BACK_LEFT/n015-2018-11-21-19-38-26+0800__CAM_BACK_LEFT__1542800630647423.jpg", "samples/CAM_BACK/n015-2018-11-21-19-38-26+0800__CAM_BACK__1542800630637525.jpg", "samples/CAM_BACK_RIGHT/n015-2018-11-21-19-38-26+0800__CAM_BACK_RIGHT__1542800630627893.jpg"], "intrinsics": [[[1272.5979470598488, 0.0, 826.6154927353808], [0.0, 1272.5979470598488, 479.75165386361925], [0.0, 0.0, 1.0]], [[1266.417203046554, 0.0, 816.2670197447984], [0.0, 1266.417203046554, 491.50706579294757], [0.0, 0.0, 1.0]], [[1260.8474446004698, 0.0, 807.968244525554], [0.0, 1260.8474446004698, 495.3344268742088], [0.0, 0.0, 1.0]], [[1256.7414812095406, 0.0, 792.1125740759628], [0.0, 1256.7414812095406, 492.7757465151356], [0.0, 0.0, 1.0]], [[809.2209905677063, 0.0, 829.2196003259838], [0.0, 809.2209905677063, 481.77842384512485], [0.0, 0.0, 1.0]], [[1259.5137405846733, 0.0, 807.2529053838625], [0.0, 1259.5137405846733, 501.19579884916527], [0.0, 0.0, 1.0]]], "extrinsics": [[[0.8246883749961853, -0.5646593570709229, -0.032385025173425674, -0.76318359375], [-0.04120159521698952, -0.00287091382779181, -0.9991467595100403, 1.498138427734375], [0.5640845894813538, 0.8253190517425537, -0.025632474571466446, -1.1412200927734375], [0.0, 0.0, 0.0, 1.0]], [[0.01248624362051487, -0.9999037384986877, 0.006037859711796045, 0.0072021484375], [-0.046585239470005035, -0.006613482721149921, -0.9988924264907837, 1.5111465454101562], [0.9988362193107605, 0.012191138230264187, -0.04666333645582199, -1.4910888671875], [0.0, 0.0, 0.0, 1.0]], [[-0.8297006487846375, -0.5575028657913208, 0.028059110045433044, 0.90277099609375], [-0.04117872193455696, 0.010999766178429127, -0.9990912675857544, 1.497222900390625], [0.556687593460083, -0.8301020860671997, -0.032083772122859955, -1.162109375], [0.0, 0.0, 0.0, 1.0]], [[0.9470794200897217, 0.3188853859901428, -0.036779168993234634, -1.142333984375], [-0.032698631286621094, -0.018142087385058403, -0.9993005990982056, 1.5885581970214844], [-0.3193296194076538, 0.947619616985321, -0.006754882168024778, -0.1041259765625], [0.0, 0.0, 0.0, 1.0]], [[0.00042101446888409555, 0.9999629855155945, -0.008596771396696568, 0.002685546875], [-0.057958126068115234, -0.008557919412851334, -0.9982823729515076, 1.5760726928710938], [-0.9983189105987549, 0.0009185367380268872, 0.05795237794518471, -0.0550537109375], [0.0, 0.0, 0.0, 1.0]], [[-0.9357473254203796, 0.35171952843666077, 0.025889694690704346, 1.031005859375], [-0.025262538343667984, 0.0063731130212545395, -0.9996605515480042, 1.5486030578613281], [-0.35176512598991394, -0.9360837340354919, 0.002921704202890396, -0.1031494140625], [0.0, 0.0, 0.0, 1.0]]], "view": [[0.0, -2.0, 100.0], [-2.0, 0.0, 100.0], [0.0, 0.0, 1.0]], "bev": "bev_b4a6de058566455b9079e39908d69bab.png", "aux": "aux_b4a6de058566455b9079e39908d69bab.npz", "visibility": "visibility_b4a6de058566455b9079e39908d69bab.png", "pose": [[-0.3272300958633423, 0.9449446797370911, 0.0, 1919.6705322265625], [-0.9449446797370911, -0.3272300958633423, 0.0, 1132.721923828125], [0.0, 0.0, 1.0, 0.0], [0.0, 0.0, 0.0, 1.0]], "pose_inverse": [[-0.3272300958633423, -0.9449446797370911, 0.0, 1698.5335693359375], [0.9449446797370911, -0.3272300958633423, 0.0, -1443.32177734375], [0.0, 0.0, 1.0, 0.0], [0.0, 0.0, 0.0, 1.0]], "cam_ids": [0, 1, 2, 3, 4, 5], "cam_channels": ["CAM_FRONT_LEFT", "CAM_FRONT", "CAM_FRONT_RIGHT", "CAM_BACK_LEFT", "CAM_BACK", "CAM_BACK_RIGHT"], "token": "b4a6de058566455b9079e39908d69bab", "scene": "scene-1088"}, {"images": ["samples/CAM_FRONT_LEFT/n015-2018-11-21-19-38-26+0800__CAM_FRONT_LEFT__1542800631104844.jpg", "samples/CAM_FRONT/n015-2018-11-21-19-38-26+0800__CAM_FRONT__1542800631112460.jpg", "samples/CAM_FRONT_RIGHT/n015-2018-11-21-19-38-26+0800__CAM_FRONT_RIGHT__1542800631120339.jpg", "samples/CAM_BACK_LEFT/n015-2018-11-21-19-38-26+0800__CAM_BACK_LEFT__1542800631147423.jpg", "samples/CAM_BACK/n015-2018-11-21-19-38-26+0800__CAM_BACK__1542800631137525.jpg", "samples/CAM_BACK_RIGHT/n015-2018-11-21-19-38-26+0800__CAM_BACK_RIGHT__1542800631127893.jpg"], "intrinsics": [[[1272.5979470598488, 0.0, 826.6154927353808], [0.0, 1272.5979470598488, 479.75165386361925], [0.0, 0.0, 1.0]], [[1266.417203046554, 0.0, 816.2670197447984], [0.0, 1266.417203046554, 491.50706579294757], [0.0, 0.0, 1.0]], [[1260.8474446004698, 0.0, 807.968244525554], [0.0, 1260.8474446004698, 495.3344268742088], [0.0, 0.0, 1.0]], [[1256.7414812095406, 0.0, 792.1125740759628], [0.0, 1256.7414812095406, 492.7757465151356], [0.0, 0.0, 1.0]], [[809.2209905677063, 0.0, 829.2196003259838], [0.0, 809.2209905677063, 481.77842384512485], [0.0, 0.0, 1.0]], [[1259.5137405846733, 0.0, 807.2529053838625], [0.0, 1259.5137405846733, 501.19579884916527], [0.0, 0.0, 1.0]]], "extrinsics": [[[0.8211638927459717, -0.5698836445808411, -0.03037208691239357, -0.758544921875], [-0.038402706384658813, -0.002079895930364728, -0.9992601871490479, 1.4986038208007812], [0.569398820400238, 0.8217227458953857, -0.023593004792928696, -1.137237548828125], [0.0, 0.0, 0.0, 1.0]], [[0.007225555833429098, -0.999957799911499, 0.0056538693606853485, 0.0067138671875], [-0.04362798109650612, -0.0059638735838234425, -0.9990300536155701, 1.5115585327148438], [0.9990217089653015, 0.006971892435103655, -0.04366924241185188, -1.487060546875], [0.0, 0.0, 0.0, 1.0]], [[-0.8320526480674744, -0.5541210174560547, 0.02526245079934597, 0.900634765625], [-0.0379599966108799, 0.01144538912922144, -0.9992136359214783, 1.4976348876953125], [0.5533961653709412, -0.8323573470115662, -0.030557598918676376, -1.160888671875], [0.0, 0.0, 0.0, 1.0]], [[0.9472355246543884, 0.31879815459251404, -0.033354390412569046, -1.146484375], [-0.029092201963067055, -0.018123134970664978, -0.9994124174118042, 1.5886955261230469], [-0.319215327501297, 0.947649359703064, -0.007892337627708912, -0.1025390625], [0.0, 0.0, 0.0, 1.0]], [[0.0019493260188028216, 0.9999615550041199, -0.008557810448110104, 0.0028076171875], [-0.054521288722753525, -0.008438818156719208, -0.9984769821166992, 1.5763473510742188], [-0.9985105991363525, 0.002413000911474228, 0.05450274050235748, -0.053466796875], [0.0, 0.0, 0.0, 1.0]], [[-0.9347846508026123, 0.3544747829437256, 0.02291645109653473, 1.030517578125], [-0.021990740671753883, 0.006640223320573568, -0.9997361302375793, 1.5489616394042969], [-0.3545334041118622, -0.9350419640541077, 0.0015879850834608078, -0.10357666015625], [0.0, 0.0, 0.0, 1.0]]], "view": [[0.0, -2.0, 100.0], [-2.0, 0.0, 100.0], [0.0, 0.0, 1.0]], "bev": "bev_ca73a642582a4c4ebbfba573fa83b121.png", "aux": "aux_ca73a642582a4c4ebbfba573fa83b121.npz", "visibility": "visibility_ca73a642582a4c4ebbfba573fa83b121.png", "pose": [[-0.3690314292907715, 0.9294168949127197, 0.0, 1918.6551513671875], [-0.9294168949127197, -0.3690314292907715, 0.0, 1129.98681640625], [0.0, 0.0, 1.0, 0.0], [0.0, 0.0, 0.0, 1.0]], "pose_inverse": [[-0.3690314292907715, -0.9294168949127197, 0.0, 1758.27294921875], [0.9294168949127197, -0.3690314292907715, 0.0, -1366.2298583984375], [0.0, 0.0, 1.0, 0.0], [0.0, 0.0, 0.0, 1.0]], "cam_ids": [0, 1, 2, 3, 4, 5], "cam_channels": ["CAM_FRONT_LEFT", "CAM_FRONT", "CAM_FRONT_RIGHT", "CAM_BACK_LEFT", "CAM_BACK", "CAM_BACK_RIGHT"], "token": "ca73a642582a4c4ebbfba573fa83b121", "scene": "scene-1088"}, {"images": ["samples/CAM_FRONT_LEFT/n015-2018-11-21-19-38-26+0800__CAM_FRONT_LEFT__1542800631604844.jpg", "samples/CAM_FRONT/n015-2018-11-21-19-38-26+0800__CAM_FRONT__1542800631612460.jpg", "samples/CAM_FRONT_RIGHT/n015-2018-11-21-19-38-26+0800__CAM_FRONT_RIGHT__1542800631620339.jpg", "samples/CAM_BACK_LEFT/n015-2018-11-21-19-38-26+0800__CAM_BACK_LEFT__1542800631647423.jpg", "samples/CAM_BACK/n015-2018-11-21-19-38-26+0800__CAM_BACK__1542800631637525.jpg", "samples/CAM_BACK_RIGHT/n015-2018-11-21-19-38-26+0800__CAM_BACK_RIGHT__1542800631627894.jpg"], "intrinsics": [[[1272.5979470598488, 0.0, 826.6154927353808], [0.0, 1272.5979470598488, 479.75165386361925], [0.0, 0.0, 1.0]], [[1266.417203046554, 0.0, 816.2670197447984], [0.0, 1266.417203046554, 491.50706579294757], [0.0, 0.0, 1.0]], [[1260.8474446004698, 0.0, 807.968244525554], [0.0, 1260.8474446004698, 495.3344268742088], [0.0, 0.0, 1.0]], [[1256.7414812095406, 0.0, 792.1125740759628], [0.0, 1256.7414812095406, 492.7757465151356], [0.0, 0.0, 1.0]], [[809.2209905677063, 0.0, 829.2196003259838], [0.0, 809.2209905677063, 481.77842384512485], [0.0, 0.0, 1.0]], [[1259.5137405846733, 0.0, 807.2529053838625], [0.0, 1259.5137405846733, 501.19579884916527], [0.0, 0.0, 1.0]]], "extrinsics": [[[0.818516194820404, -0.57353675365448, -0.03296678513288498, -0.75439453125], [-0.03896797075867653, 0.0018233777955174446, -0.9992387890815735, 1.49822998046875], [0.5731602311134338, 0.8191777467727661, -0.020857099443674088, -1.1331863403320312], [0.0, 0.0, 0.0, 1.0]], [[0.003501954022794962, -0.9999914765357971, 0.0021648306865245104, 0.0062255859375], [-0.044198084622621536, -0.002317508216947317, -0.9990200996398926, 1.511199951171875], [0.9990165829658508, 0.003402810310944915, -0.04420582205057144, -1.481201171875], [0.0, 0.0, 0.0, 1.0]], [[-0.8335995674133301, -0.5518507361412048, 0.02392694167792797, 0.89617919921875], [-0.03846750035881996, 0.014786391519010067, -0.9991503953933716, 1.497344970703125], [0.5510280728340149, -0.8338117599487305, -0.03355424478650093, -1.158203125], [0.0, 0.0, 0.0, 1.0]], [[0.9472692608833313, 0.3187234103679657, -0.03311159089207649, -1.143798828125], [-0.029648052528500557, -0.01571347936987877, -0.9994368553161621, 1.5886058807373047], [-0.3190642297267914, 0.9477174282073975, -0.005435368977487087, -0.103515625], [0.0, 0.0, 0.0, 1.0]], [[0.0029867496341466904, 0.9999784827232361, -0.005855158437043428, 0.002685546875], [-0.05507851019501686, -0.0056817918084561825, -0.9984658360481262, 1.5761184692382812], [-0.998477578163147, 0.003304602112621069, 0.05506034940481186, -0.056884765625], [0.0, 0.0, 0.0, 1.0]], [[-0.9340556263923645, 0.35628628730773926, 0.024500511586666107, 1.026123046875], [-0.022534430027008057, 0.009668457321822643, -0.9996992945671082, 1.5487899780273438], [-0.3564159870147705, -0.9343268871307373, -0.00100217096041888, -0.10540771484375], [0.0, 0.0, 0.0, 1.0]]], "view": [[0.0, -2.0, 100.0], [-2.0, 0.0, 100.0], [0.0, 0.0, 1.0]], "bev": "bev_761629d6c0844707a240be09fb5c5720.png", "aux": "aux_761629d6c0844707a240be09fb5c5720.npz", "visibility": "visibility_761629d6c0844707a240be09fb5c5720.png", "pose": [[-0.3628072440624237, 0.9318642020225525, 0.0, 1917.5345458984375], [-0.9318642020225525, -0.3628072440624237, 0.0, 1127.177001953125], [0.0, 0.0, 1.0, 0.0], [0.0, 0.0, 0.0, 1.0]], "pose_inverse": [[-0.3628072440624237, -0.9318642020225525, 0.0, 1746.0712890625], [0.9318642020225525, -0.3628072440624237, 0.0, -1377.933837890625], [0.0, 0.0, 1.0, 0.0], [0.0, 0.0, 0.0, 1.0]], "cam_ids": [0, 1, 2, 3, 4, 5], "cam_channels": ["CAM_FRONT_LEFT", "CAM_FRONT", "CAM_FRONT_RIGHT", "CAM_BACK_LEFT", "CAM_BACK", "CAM_BACK_RIGHT"], "token": "761629d6c0844707a240be09fb5c5720", "scene": "scene-1088"}, {"images": ["samples/CAM_FRONT_LEFT/n015-2018-11-21-19-38-26+0800__CAM_FRONT_LEFT__1542800632104844.jpg", "samples/CAM_FRONT/n015-2018-11-21-19-38-26+0800__CAM_FRONT__1542800632112460.jpg", "samples/CAM_FRONT_RIGHT/n015-2018-11-21-19-38-26+0800__CAM_FRONT_RIGHT__1542800632120339.jpg", "samples/CAM_BACK_LEFT/n015-2018-11-21-19-38-26+0800__CAM_BACK_LEFT__1542800632147423.jpg", "samples/CAM_BACK/n015-2018-11-21-19-38-26+0800__CAM_BACK__1542800632137526.jpg", "samples/CAM_BACK_RIGHT/n015-2018-11-21-19-38-26+0800__CAM_BACK_RIGHT__1542800632127893.jpg"], "intrinsics": [[[1272.5979470598488, 0.0, 826.6154927353808], [0.0, 1272.5979470598488, 479.75165386361925], [0.0, 0.0, 1.0]], [[1266.417203046554, 0.0, 816.2670197447984], [0.0, 1266.417203046554, 491.50706579294757], [0.0, 0.0, 1.0]], [[1260.8474446004698, 0.0, 807.968244525554], [0.0, 1260.8474446004698, 495.3344268742088], [0.0, 0.0, 1.0]], [[1256.7414812095406, 0.0, 792.1125740759628], [0.0, 1256.7414812095406, 492.7757465151356], [0.0, 0.0, 1.0]], [[809.2209905677063, 0.0, 829.2196003259838], [0.0, 809.2209905677063, 481.77842384512485], [0.0, 0.0, 1.0]], [[1259.5137405846733, 0.0, 807.2529053838625], [0.0, 1259.5137405846733, 501.19579884916527], [0.0, 0.0, 1.0]]], "extrinsics": [[[0.8185112476348877, -0.5734353065490723, -0.034803297370672226, -0.7451171875], [-0.04373307153582573, -0.0017893349286168814, -0.9990416169166565, 1.4965362548828125], [0.5728234052658081, 0.8192489147186279, -0.026542676612734795, -1.1278076171875], [0.0, 0.0, 0.0, 1.0]], [[0.0037034673150628805, -0.9999757409095764, 0.005889635533094406, 0.0069580078125], [-0.04920418560504913, -0.0060647702775895596, -0.9987703561782837, 1.5096893310546875], [0.9987818598747253, 0.0034091772977262735, -0.04922545328736305, -1.4720458984375], [0.0, 0.0, 0.0, 1.0]], [[-0.833408772945404, -0.5518169403076172, 0.03045901283621788, 0.8896484375], [-0.0437275655567646, 0.010900127701461315, -0.9989839792251587, 1.4961471557617188], [0.5509243011474609, -0.8338940143585205, -0.03321387618780136, -1.154052734375], [0.0, 0.0, 0.0, 1.0]], [[0.9470226168632507, 0.31864023208618164, -0.040205396711826324, -1.1409912109375], [-0.03563385084271431, -0.020165733993053436, -0.999161422252655, 1.5885181427001953], [-0.3191837668418884, 0.9476611614227295, -0.007743030786514282, -0.104248046875], [0.0, 0.0, 0.0, 1.0]], [[0.0028723152354359627, 0.9999448657035828, -0.010103153064846992, 0.0030517578125], [-0.06083377078175545, -0.009909754619002342, -0.9980987310409546, 1.57550048828125], [-0.9981437921524048, 0.0034815019462257624, 0.060801953077316284, -0.0614013671875], [0.0, 0.0, 0.0, 1.0]], [[-0.933929979801178, 0.356341689825058, 0.028202198445796967, 1.0205078125], [-0.028031639754772186, 0.005643660202622414, -0.9995911121368408, 1.5479698181152344], [-0.35635513067245483, -0.9343386888504028, 0.004718058742582798, -0.1075439453125], [0.0, 0.0, 0.0, 1.0]]], "view": [[0.0, -2.0, 100.0], [-2.0, 0.0, 100.0], [0.0, 0.0, 1.0]], "bev": "bev_0759814ae8164fdd96f95e6bec7e81c1.png", "aux": "aux_0759814ae8164fdd96f95e6bec7e81c1.npz", "visibility": "visibility_0759814ae8164fdd96f95e6bec7e81c1.png", "pose": [[-0.33502498269081116, 0.9422092437744141, 0.0, 1916.4407958984375], [-0.9422092437744141, -0.33502498269081116, 0.0, 1124.2723388671875], [0.0, 0.0, 1.0, 0.0], [0.0, 0.0, 0.0, 1.0]], "pose_inverse": [[-0.33502498269081116, -0.9422092437744141, 0.0, 1701.3553466796875], [0.9422092437744141, -0.33502498269081116, 0.0, -1429.0289306640625], [0.0, 0.0, 1.0, 0.0], [0.0, 0.0, 0.0, 1.0]], "cam_ids": [0, 1, 2, 3, 4, 5], "cam_channels": ["CAM_FRONT_LEFT", "CAM_FRONT", "CAM_FRONT_RIGHT", "CAM_BACK_LEFT", "CAM_BACK", "CAM_BACK_RIGHT"], "token": "0759814ae8164fdd96f95e6bec7e81c1", "scene": "scene-1088"}, {"images": ["samples/CAM_FRONT_LEFT/n015-2018-11-21-19-38-26+0800__CAM_FRONT_LEFT__1542800632604844.jpg", "samples/CAM_FRONT/n015-2018-11-21-19-38-26+0800__CAM_FRONT__1542800632612460.jpg", "samples/CAM_FRONT_RIGHT/n015-2018-11-21-19-38-26+0800__CAM_FRONT_RIGHT__1542800632620339.jpg", "samples/CAM_BACK_LEFT/n015-2018-11-21-19-38-26+0800__CAM_BACK_LEFT__1542800632647423.jpg", "samples/CAM_BACK/n015-2018-11-21-19-38-26+0800__CAM_BACK__1542800632637525.jpg", "samples/CAM_BACK_RIGHT/n015-2018-11-21-19-38-26+0800__CAM_BACK_RIGHT__1542800632627893.jpg"], "intrinsics": [[[1272.5979470598488, 0.0, 826.6154927353808], [0.0, 1272.5979470598488, 479.75165386361925], [0.0, 0.0, 1.0]], [[1266.417203046554, 0.0, 816.2670197447984], [0.0, 1266.417203046554, 491.50706579294757], [0.0, 0.0, 1.0]], [[1260.8474446004698, 0.0, 807.968244525554], [0.0, 1260.8474446004698, 495.3344268742088], [0.0, 0.0, 1.0]], [[1256.7414812095406, 0.0, 792.1125740759628], [0.0, 1256.7414812095406, 492.7757465151356], [0.0, 0.0, 1.0]], [[809.2209905677063, 0.0, 829.2196003259838], [0.0, 809.2209905677063, 481.77842384512485], [0.0, 0.0, 1.0]], [[1259.5137405846733, 0.0, 807.2529053838625], [0.0, 1259.5137405846733, 501.19579884916527], [0.0, 0.0, 1.0]]], "extrinsics": [[[0.8186885118484497, -0.5726141929626465, -0.0431516095995903, -0.73681640625], [-0.05382998287677765, -0.0017132110660895705, -0.998548686504364, 1.4933090209960938], [0.5717092752456665, 0.8198230862617493, -0.032226402312517166, -1.1230926513671875], [0.0, 0.0, 0.0, 1.0]], [[0.004517496097832918, -0.9999759197235107, 0.005274002440273762, 0.0074462890625], [-0.05901758745312691, -0.005531471222639084, -0.998241662979126, 1.5070037841796875], [0.9982466697692871, 0.004198263864964247, -0.05904114991426468, -1.4632568359375], [0.0, 0.0, 0.0, 1.0]], [[-0.8327997326850891, -0.5522798895835876, 0.03783600032329559, 0.88330078125], [-0.053266264498233795, 0.011915214359760284, -0.9985092282295227, 1.49407958984375], [0.5510057806968689, -0.8335735201835632, -0.039340872317552567, -1.149169921875], [0.0, 0.0, 0.0, 1.0]], [[0.9467219114303589, 0.31851494312286377, -0.047599636018276215, -1.135009765625], [-0.04424650967121124, -0.017758533358573914, -0.9988628029823303, 1.5882225036621094], [-0.31899797916412354, 0.9477514028549194, -0.0027192195411771536, -0.1063232421875], [0.0, 0.0, 0.0, 1.0]], [[0.002768832491710782, 0.9999629855155945, -0.00815332680940628, 0.00244140625], [-0.069746233522892, -0.007940392009913921, -0.9975331425666809, 1.574462890625], [-0.9975609183311462, 0.003330658422783017, 0.06972166150808334, -0.0684814453125], [0.0, 0.0, 0.0, 1.0]], [[-0.9337297677993774, 0.35602104663848877, 0.03738432377576828, 1.01318359375], [-0.037293609231710434, 0.007120946422219276, -0.9992790222167969, 1.5465316772460938], [-0.35603052377700806, -0.9344507455825806, 0.006628269795328379, -0.10980224609375], [0.0, 0.0, 0.0, 1.0]]], "view": [[0.0, -2.0, 100.0], [-2.0, 0.0, 100.0], [0.0, 0.0, 1.0]], "bev": "bev_c7e1fdad7a014d1d87a06ab7cb357752.png", "aux": "aux_c7e1fdad7a014d1d87a06ab7cb357752.npz", "visibility": "visibility_c7e1fdad7a014d1d87a06ab7cb357752.png", "pose": [[-0.3201198875904083, 0.9473770260810852, 0.0, 1915.3973388671875], [-0.9473770260810852, -0.3201198875904083, 0.0, 1121.32666015625], [0.0, 0.0, 1.0, 0.0], [0.0, 0.0, 0.0, 1.0]], "pose_inverse": [[-0.3201198875904083, -0.9473770260810852, 0.0, 1675.4759521484375], [0.9473770260810852, -0.3201198875904083, 0.0, -1455.64453125], [0.0, 0.0, 1.0, 0.0], [0.0, 0.0, 0.0, 1.0]], "cam_ids": [0, 1, 2, 3, 4, 5], "cam_channels": ["CAM_FRONT_LEFT", "CAM_FRONT", "CAM_FRONT_RIGHT", "CAM_BACK_LEFT", "CAM_BACK", "CAM_BACK_RIGHT"], "token": "c7e1fdad7a014d1d87a06ab7cb357752", "scene": "scene-1088"}, {"images": ["samples/CAM_FRONT_LEFT/n015-2018-11-21-19-38-26+0800__CAM_FRONT_LEFT__1542800633104844.jpg", "samples/CAM_FRONT/n015-2018-11-21-19-38-26+0800__CAM_FRONT__1542800633112460.jpg", "samples/CAM_FRONT_RIGHT/n015-2018-11-21-19-38-26+0800__CAM_FRONT_RIGHT__1542800633120339.jpg", "samples/CAM_BACK_LEFT/n015-2018-11-21-19-38-26+0800__CAM_BACK_LEFT__1542800633147423.jpg", "samples/CAM_BACK/n015-2018-11-21-19-38-26+0800__CAM_BACK__1542800633137525.jpg", "samples/CAM_BACK_RIGHT/n015-2018-11-21-19-38-26+0800__CAM_BACK_RIGHT__1542800633127893.jpg"], "intrinsics": [[[1272.5979470598488, 0.0, 826.6154927353808], [0.0, 1272.5979470598488, 479.75165386361925], [0.0, 0.0, 1.0]], [[1266.417203046554, 0.0, 816.2670197447984], [0.0, 1266.417203046554, 491.50706579294757], [0.0, 0.0, 1.0]], [[1260.8474446004698, 0.0, 807.968244525554], [0.0, 1260.8474446004698, 495.3344268742088], [0.0, 0.0, 1.0]], [[1256.7414812095406, 0.0, 792.1125740759628], [0.0, 1256.7414812095406, 492.7757465151356], [0.0, 0.0, 1.0]], [[809.2209905677063, 0.0, 829.2196003259838], [0.0, 809.2209905677063, 481.77842384512485], [0.0, 0.0, 1.0]], [[1259.5137405846733, 0.0, 807.2529053838625], [0.0, 1259.5137405846733, 501.19579884916527], [0.0, 0.0, 1.0]]], "extrinsics": [[[0.8194554448127747, -0.5715999007225037, -0.04202667996287346, -0.74609375], [-0.05306842178106308, -0.002659033751115203, -0.9985873103141785, 1.4941482543945312], [0.5706806778907776, 0.8205282092094421, -0.03251286968588829, -1.1303863525390625], [0.0, 0.0, 0.0, 1.0]], [[0.005617368500679731, -0.9999637603759766, 0.0063901059329509735, 0.008056640625], [-0.05830585956573486, -0.006706857588142157, -0.9982762336730957, 1.507720947265625], [0.9982829093933105, 0.005235044285655022, -0.05834142491221428, -1.4727783203125], [0.0, 0.0, 0.0, 1.0]], [[-0.8323172330856323, -0.5529924631118774, 0.038042910397052765, 0.88970947265625], [-0.05262676253914833, 0.010513847693800926, -0.9985588788986206, 1.4945602416992188], [0.5517955422401428, -0.8331199288368225, -0.03785306215286255, -1.15234375], [0.0, 0.0, 0.0, 1.0]], [[0.946692943572998, 0.31858131289482117, -0.04773297905921936, -1.134033203125], [-0.04372173547744751, -0.019734282046556473, -0.9988488554954529, 1.5881767272949219], [-0.3191565275192261, 0.9476901292800903, -0.0047533814795315266, -0.106689453125], [0.0, 0.0, 0.0, 1.0]], [[0.0023366583045572042, 0.9999478459358215, -0.00994308851659298, 0.0023193359375], [-0.06918123364448547, -0