[{"images": ["samples/CAM_FRONT_LEFT/n008-2018-08-31-11-56-46-0400__CAM_FRONT_LEFT__1535731401654799.jpg", "samples/CAM_FRONT/n008-2018-08-31-11-56-46-0400__CAM_FRONT__1535731401662404.jpg", "samples/CAM_FRONT_RIGHT/n008-2018-08-31-11-56-46-0400__CAM_FRONT_RIGHT__1535731401670482.jpg", "samples/CAM_BACK_LEFT/n008-2018-08-31-11-56-46-0400__CAM_BACK_LEFT__1535731401697405.jpg", "samples/CAM_BACK/n008-2018-08-31-11-56-46-0400__CAM_BACK__1535731401687558.jpg", "samples/CAM_BACK_RIGHT/n008-2018-08-31-11-56-46-0400__CAM_BACK_RIGHT__1535731401678707.jpg"], "intrinsics": [[[1257.8625342125129, 0.0, 827.2410631095686], [0.0, 1257.8625342125129, 450.915498205774], [0.0, 0.0, 1.0]], [[1252.8131021185304, 0.0, 826.588114781398], [0.0, 1252.8131021185304, 469.9846626224581], [0.0, 0.0, 1.0]], [[1256.7485116440405, 0.0, 817.7887570959712], [0.0, 1256.7485116440403, 451.9541780095127], [0.0, 0.0, 1.0]], [[1254.9860565800168, 0.0, 829.5769333630991], [0.0, 1254.9860565800168, 467.1680561863987], [0.0, 0.0, 1.0]], [[796.8910634503094, 0.0, 857.7774326863696], [0.0, 796.8910634503094, 476.8848988407415], [0.0, 0.0, 1.0]], [[1249.9629280788233, 0.0, 825.3768045375984], [0.0, 1249.9629280788233, 462.54816385708756], [0.0, 0.0, 1.0]]], "extrinsics": [[[0.822516143321991, -0.5686801671981812, -0.008371933363378048, -0.9085693359375], [0.015600555576384068, 0.03727368637919426, -0.9991832971572876, 1.4900703430175781], [0.5685277581214905, 0.8217137455940247, 0.03952993452548981, -1.2679443359375], [0.0, 0.0, 0.0, 1.0]], [[0.010325378738343716, -0.9994049668312073, -0.032911840826272964, 0.0072021484375], [0.01753108575940132, 0.03308946639299393, -0.999298632144928, 1.4818153381347656], [0.9997929930686951, 0.009741195477545261, 0.017862314358353615, -1.6387939453125], [0.0, 0.0, 0.0, 1.0]], [[-0.8438196182250977, -0.5355108380317688, -0.034592386335134506, 1.028411865234375], [0.0255363080650568, 0.024318529292941093, -0.9993780255317688, 1.4949474334716797], [0.5360190272331238, -0.8441781997680664, -0.006845484487712383, -1.237548828125], [0.0, 0.0, 0.0, 1.0]], [[0.9478605389595032, 0.3184366524219513, 0.01258996780961752, -1.1440887451171875], [0.00013403543562162668, 0.03910759091377258, -0.9992349743843079, 1.562042236328125], [-0.3186854124069214, 0.9471371173858643, 0.03702586144208908, -0.15625], [0.0, 0.0, 0.0, 1.0]], [[0.009127536788582802, 0.9994542002677917, 0.031751811504364014, -0.02880859375], [0.002276206389069557, 0.031732287257909775, -0.9994937777519226, 1.5681190490722656], [-0.9999558329582214, 0.009195168502628803, -0.0019853266421705484, 0.01739501953125], [0.0, 0.0, 0.0, 1.0]], [[-0.9236705303192139, 0.3831797242164612, -0.0024681345093995333, 1.11309814453125], [0.006468190811574459, 0.009151053614914417, -0.9999372363090515, 1.548140525817871], [-0.38313302397727966, -0.9236285090446472, -0.010931036435067654, -0.0628662109375], [0.0, 0.0, 0.0, 1.0]]], "view": [[0.0, -2.0, 100.0], [-2.0, 0.0, 100.0], [0.0, 0.0, 1.0]], "bev": "bev_9302dfabb787435aaf9a3210b34183b5.png", "aux": "aux_9302dfabb787435aaf9a3210b34183b5.npz", "visibility": "visibility_9302dfabb787435aaf9a3210b34183b5.png", "pose": [[-0.7595215439796448, -0.650482177734375, 0.0, 673.5632934570312], [0.650482177734375, -0.7595215439796448, 0.0, 1378.9605712890625], [0.0, 0.0, 1.0, 0.0], [0.0, 0.0, 0.0, 1.0]], "pose_inverse": [[-0.7595215439796448, 0.650482177734375, 0.0, -385.4034423828125], [-0.650482177734375, -0.7595215439796448, 0.0, 1485.4910888671875], [0.0, 0.0, 1.0, 0.0], [0.0, 0.0, 0.0, 1.0]], "cam_ids": [0, 1, 2, 3, 4, 5], "cam_channels": ["CAM_FRONT_LEFT", "CAM_FRONT", "CAM_FRONT_RIGHT", "CAM_BACK_LEFT", "CAM_BACK", "CAM_BACK_RIGHT"], "token": "9302dfabb787435aaf9a3210b34183b5", "scene": "scene-0398"}, {"images": ["samples/CAM_FRONT_LEFT/n008-2018-08-31-11-56-46-0400__CAM_FRONT_LEFT__1535731402154799.jpg", "samples/CAM_FRONT/n008-2018-08-31-11-56-46-0400__CAM_FRONT__1535731402162404.jpg", "samples/CAM_FRONT_RIGHT/n008-2018-08-31-11-56-46-0400__CAM_FRONT_RIGHT__1535731402170482.jpg", "samples/CAM_BACK_LEFT/n008-2018-08-31-11-56-46-0400__CAM_BACK_LEFT__1535731402197405.jpg", "samples/CAM_BACK/n008-2018-08-31-11-56-46-0400__CAM_BACK__1535731402187574.jpg", "samples/CAM_BACK_RIGHT/n008-2018-08-31-11-56-46-0400__CAM_BACK_RIGHT__1535731402178113.jpg"], "intrinsics": [[[1257.8625342125129, 0.0, 827.2410631095686], [0.0, 1257.8625342125129, 450.915498205774], [0.0, 0.0, 1.0]], [[1252.8131021185304, 0.0, 826.588114781398], [0.0, 1252.8131021185304, 469.9846626224581], [0.0, 0.0, 1.0]], [[1256.7485116440405, 0.0, 817.7887570959712], [0.0, 1256.7485116440403, 451.9541780095127], [0.0, 0.0, 1.0]], [[1254.9860565800168, 0.0, 829.5769333630991], [0.0, 1254.9860565800168, 467.1680561863987], [0.0, 0.0, 1.0]], [[796.8910634503094, 0.0, 857.7774326863696], [0.0, 796.8910634503094, 476.8848988407415], [0.0, 0.0, 1.0]], [[1249.9629280788233, 0.0, 825.3768045375984], [0.0, 1249.9629280788233, 462.54816385708756], [0.0, 0.0, 1.0]]], "extrinsics": [[[0.822443962097168, -0.5687854886054993, -0.008306484669446945, -0.9190673828125], [0.015335699543356895, 0.03676718845963478, -0.9992061257362366, 1.4898643493652344], [0.5686393976211548, 0.8216637969017029, 0.03896167129278183, -1.27484130859375], [0.0, 0.0, 0.0, 1.0]], [[0.010163708589971066, -0.9994210004806519, -0.032472383230924606, 0.0068359375], [0.01722324639558792, 0.03264421597123146, -0.9993185997009277, 1.4816131591796875], [0.9998000264167786, 0.009597490541636944, 0.017545059323310852, -1.649261474609375], [0.0, 0.0, 0.0, 1.0]], [[-0.8439115285873413, -0.5353981852531433, -0.034091100096702576, 1.035736083984375], [0.025184758007526398, 0.02393883280456066, -0.9993961453437805, 1.494710922241211], [0.5358909964561462, -0.8442604541778564, -0.006718387361615896, -1.2421875], [0.0, 0.0, 0.0, 1.0]], [[0.9478669166564941, 0.31843069195747375, 0.01225858461111784, -1.1457061767578125], [-0.00021894401288591325, 0.03911913186311722, -0.9992345571517944, 1.562042236328125], [-0.3186664879322052, 0.9471386671066284, 0.037149447947740555, -0.1556396484375], [0.0, 0.0, 0.0, 1.0]], [[0.009188424795866013, 0.9994580149650574, 0.03161299601197243, -0.02880859375], [0.0019498482579365373, 0.031596362590789795, -0.9994987845420837, 1.5680961608886719], [-0.9999560117721558, 0.009245500899851322, -0.0016584711847826838, 0.021453857421875], [0.0, 0.0, 0.0, 1.0]], [[-0.9236310124397278, 0.3832763433456421, -0.0022356167901307344, 1.11767578125], [0.0061070979572832584, 0.008884496986865997, -0.999941885471344, 1.5480918884277344], [-0.3832341730594635, -0.9235910177230835, -0.010546702891588211, -0.061279296875], [0.0, 0.0, 0.0, 1.0]]], "view": [[0.0, -2.0, 100.0], [-2.0, 0.0, 100.0], [0.0, 0.0, 1.0]], "bev": "bev_3b3154f8ebbb49288cadfa4e78d0eacf.png", "aux": "aux_3b3154f8ebbb49288cadfa4e78d0eacf.npz", "visibility": "visibility_3b3154f8ebbb49288cadfa4e78d0eacf.png", "pose": [[-0.7597166299819946, -0.6502543091773987, 0.0, 672.5950927734375], [0.6502543091773987, -0.7597166299819946, 0.0, 1379.797607421875], [0.0, 0.0, 1.0, 0.0], [0.0, 0.0, 0.0, 1.0]], "pose_inverse": [[-0.7597166299819946, 0.6502543091773987, 0.0, -386.23760986328125], [-0.6502543091773987, -0.7597166299819946, 0.0, 1485.613037109375], [0.0, 0.0, 1.0, 0.0], [0.0, 0.0, 0.0, 1.0]], "cam_ids": [0, 1, 2, 3, 4, 5], "cam_channels": ["CAM_FRONT_LEFT", "CAM_FRONT", "CAM_FRONT_RIGHT", "CAM_BACK_LEFT", "CAM_BACK", "CAM_BACK_RIGHT"], "token": "3b3154f8ebbb49288cadfa4e78d0eacf", "scene": "scene-0398"}, {"images": ["samples/CAM_FRONT_LEFT/n008-2018-08-31-11-56-46-0400__CAM_FRONT_LEFT__1535731402654799.jpg", "samples/CAM_FRONT/n008-2018-08-31-11-56-46-0400__CAM_FRONT__1535731402662404.jpg", "samples/CAM_FRONT_RIGHT/n008-2018-08-31-11-56-46-0400__CAM_FRONT_RIGHT__1535731402670482.jpg", "samples/CAM_BACK_LEFT/n008-2018-08-31-11-56-46-0400__CAM_BACK_LEFT__1535731402697405.jpg", "samples/CAM_BACK/n008-2018-08-31-11-56-46-0400__CAM_BACK__1535731402687558.jpg", "samples/CAM_BACK_RIGHT/n008-2018-08-31-11-56-46-0400__CAM_BACK_RIGHT__1535731402678113.jpg"], "intrinsics": [[[1257.8625342125129, 0.0, 827.2410631095686], [0.0, 1257.8625342125129, 450.915498205774], [0.0, 0.0, 1.0]], [[1252.8131021185304, 0.0, 826.588114781398], [0.0, 1252.8131021185304, 469.9846626224581], [0.0, 0.0, 1.0]], [[1256.7485116440405, 0.0, 817.7887570959712], [0.0, 1256.7485116440403, 451.9541780095127], [0.0, 0.0, 1.0]], [[1254.9860565800168, 0.0, 829.5769333630991], [0.0, 1254.9860565800168, 467.1680561863987], [0.0, 0.0, 1.0]], [[796.8910634503094, 0.0, 857.7774326863696], [0.0, 796.8910634503094, 476.8848988407415], [0.0, 0.0, 1.0]], [[1249.9629280788233, 0.0, 825.3768045375984], [0.0, 1249.9629280788233, 462.54816385708756], [0.0, 0.0, 1.0]]], "extrinsics": [[[0.8225764036178589, -0.5686033368110657, -0.007640485186129808, -0.9208984375], [0.016023291274905205, 0.03660682588815689, -0.9992012977600098, 1.4899177551269531], [0.5684288740158081, 0.8217969536781311, 0.03922280669212341, -1.27557373046875], [0.0, 0.0, 0.0, 1.0]], [[0.010407009162008762, -0.9994239211082458, -0.032302338629961014, 0.0064697265625], [0.01796373724937439, 0.03248573839664459, -0.9993107914924622, 1.4816665649414062], [0.9997844696044922, 0.009819532744586468, 0.018291467800736427, -1.650543212890625], [0.0, 0.0, 0.0, 1.0]], [[-0.8437831401824951, -0.5355627536773682, -0.034677840769290924, 1.03594970703125], [0.025969797745347023, 0.023794490844011307, -0.9993795156478882, 1.4947547912597656], [0.5360555648803711, -0.8441601991653442, -0.006168934516608715, -1.24267578125], [0.0, 0.0, 0.0, 1.0]], [[0.9478572010993958, 0.3184278607368469, 0.013056853786110878, -1.1458663940429688], [0.0006704251281917095, 0.03897731006145477, -0.9992398619651794, 1.562042236328125], [-0.3186947703361511, 0.9471454620361328, 0.03673144429922104, -0.1556396484375], [0.0, 0.0, 0.0, 1.0]], [[0.009099690243601799, 0.9994633793830872, 0.031467992812395096, -0.028564453125], [0.0027867662720382214, 0.031443823128938675, -0.999501645565033, 1.5681228637695312], [-0.9999547600746155, 0.009182838723063469, -0.0024991417303681374, 0.0218505859375], [0.0, 0.0, 0.0, 1.0]], [[-0.9236793518066406, 0.3831537961959839, -0.0030850949697196484, 1.11810302734375], [0.006961981765925884, 0.008732100017368793, -0.9999376535415649, 1.5481300354003906], [-0.3831028938293457, -0.9236433506011963, -0.010733168572187424, -0.061279296875], [0.0, 0.0, 0.0, 1.0]]], "view": [[0.0, -2.0, 100.0], [-2.0, 0.0, 100.0], [0.0, 0.0, 1.0]], "bev": "bev_8569737ff7e6414dbb1fc302ede82d84.png", "aux": "aux_8569737ff7e6414dbb1fc302ede82d84.npz", "visibility": "visibility_8569737ff7e6414dbb1fc302ede82d84.png", "pose": [[-0.7596516609191895, -0.6503301858901978, 0.0, 671.6639404296875], [0.6503301858901978, -0.7596516609191895, 0.0, 1380.6046142578125], [0.0, 0.0, 1.0, 0.0], [0.0, 0.0, 0.0, 1.0]], "pose_inverse": [[-0.7596516609191895, 0.6503301858901978, 0.0, -387.6182556152344], [-0.6503301858901978, -0.7596516609191895, 0.0, 1485.5819091796875], [0.0, 0.0, 1.0, 0.0], [0.0, 0.0, 0.0, 1.0]], "cam_ids": [0, 1, 2, 3, 4, 5], "cam_channels": ["CAM_FRONT_LEFT", "CAM_FRONT", "CAM_FRONT_RIGHT", "CAM_BACK_LEFT", "CAM_BACK", "CAM_BACK_RIGHT"], "token": "8569737ff7e6414dbb1fc302ede82d84", "scene": "scene-0398"}, {"images": ["samples/CAM_FRONT_LEFT/n008-2018-08-31-11-56-46-0400__CAM_FRONT_LEFT__1535731403154799.jpg", "samples/CAM_FRONT/n008-2018-08-31-11-56-46-0400__CAM_FRONT__1535731403162404.jpg", "samples/CAM_FRONT_RIGHT/n008-2018-08-31-11-56-46-0400__CAM_FRONT_RIGHT__1535731403170482.jpg", "samples/CAM_BACK_LEFT/n008-2018-08-31-11-56-46-0400__CAM_BACK_LEFT__1535731403197405.jpg", "samples/CAM_BACK/n008-2018-08-31-11-56-46-0400__CAM_BACK__1535731403187558.jpg", "samples/CAM_BACK_RIGHT/n008-2018-08-31-11-56-46-0400__CAM_BACK_RIGHT__1535731403178113.jpg"], "intrinsics": [[[1257.8625342125129, 0.0, 827.2410631095686], [0.0, 1257.8625342125129, 450.915498205774], [0.0, 0.0, 1.0]], [[1252.8131021185304, 0.0, 826.588114781398], [0.0, 1252.8131021185304, 469.9846626224581], [0.0, 0.0, 1.0]], [[1256.7485116440405, 0.0, 817.7887570959712], [0.0, 1256.7485116440403, 451.9541780095127], [0.0, 0.0, 1.0]], [[1254.9860565800168, 0.0, 829.5769333630991], [0.0, 1254.9860565800168, 467.1680561863987], [0.0, 0.0, 1.0]], [[796.8910634503094, 0.0, 857.7774326863696], [0.0, 796.8910634503094, 476.8848988407415], [0.0, 0.0, 1.0]], [[1249.9629280788233, 0.0, 825.3768045375984], [0.0, 1249.9629280788233, 462.54816385708756], [0.0, 0.0, 1.0]]], "extrinsics": [[[0.822321355342865, -0.568983256816864, -0.006760309915989637, -0.9306640625], [0.01726052723824978, 0.0368172861635685, -0.9991729259490967, 1.4898185729980469], [0.5687614679336548, 0.8215245008468628, 0.04009659215807915, -1.2828369140625], [0.0, 0.0, 0.0, 1.0]], [[0.010082353837788105, -0.9994208216667175, -0.03250030428171158, 0.0067138671875], [0.019193805754184723, 0.03268939629197121, -0.9992812871932983, 1.481536865234375], [0.9997649192810059, 0.009451372548937798, 0.019512275233864784, -1.662017822265625], [0.0, 0.0, 0.0, 1.0]], [[-0.8438828587532043, -0.5353307723999023, -0.03581245243549347, 1.044677734375], [0.027198437601327896, 0.023978831246495247, -0.9993424415588379, 1.4945487976074219], [0.5358374714851379, -0.8443021178245544, -0.005675166845321655, -1.2476806640625], [0.0, 0.0, 0.0, 1.0]], [[0.9478397965431213, 0.318432480096817, 0.014155175536870956, -1.1470489501953125], [0.0017832687590271235, 0.039110537618398666, -0.9992333054542542, 1.5620384216308594], [-0.318742036819458, 0.9471383094787598, 0.036502670496702194, -0.1549072265625], [0.0, 0.0, 0.0, 1.0]], [[0.009156341664493084, 0.9994572401046753, 0.03164450824260712, -0.02880859375], [0.003950702957808971, 0.0316094309091568, -0.9994924664497375, 1.5681304931640625], [-0.9999502897262573, 0.00927675049751997, -0.003659128677099943, 0.026397705078125], [0.0, 0.0, 0.0, 1.0]], [[-0.9236027002334595, 0.3833293318748474, -0.004088725429028273, 1.12506103515625], [0.00812847726047039, 0.008919368498027325, -0.9999271631240845, 1.5481204986572266], [-0.3832648694515228, -0.923568606376648, -0.011353838257491589, -0.05810546875], [0.0, 0.0, 0.0, 1.0]]], "view": [[0.0, -2.0, 100.0], [-2.0, 0.0, 100.0], [0.0, 0.0, 1.0]], "bev": "bev_5107383b55a44d6c93ddaca7f81ae565.png", "aux": "aux_5107383b55a44d6c93ddaca7f81ae565.npz", "visibility": "visibility_5107383b55a44d6c93ddaca7f81ae565.png", "pose": [[-0.7621142268180847, -0.6474425792694092, 0.0, 670.8031616210938], [0.6474425792694092, -0.7621142268180847, 0.0, 1381.351806640625], [0.0, 0.0, 1.0, 0.0], [0.0, 0.0, 0.0, 1.0]], "pose_inverse": [[-0.7621142268180847, 0.6474425792694092, 0.0, -383.11737060546875], [-0.6474425792694092, -0.7621142268180847, 0.0, 1487.054443359375], [0.0, 0.0, 1.0, 0.0], [0.0, 0.0, 0.0, 1.0]], "cam_ids": [0, 1, 2, 3, 4, 5], "cam_channels": ["CAM_FRONT_LEFT", "CAM_FRONT", "CAM_FRONT_RIGHT", "CAM_BACK_LEFT", "CAM_BACK", "CAM_BACK_RIGHT"], "token": "5107383b55a44d6c93ddaca7f81ae565", "scene": "scene-0398"}, {"images": ["samples/CAM_FRONT_LEFT/n008-2018-08-31-11-56-46-0400__CAM_FRONT_LEFT__1535731403654799.jpg", "samples/CAM_FRONT/n008-2018-08-31-11-56-46-0400__CAM_FRONT__1535731403662404.jpg", "samples/CAM_FRONT_RIGHT/n008-2018-08-31-11-56-46-0400__CAM_FRONT_RIGHT__1535731403670482.jpg", "samples/CAM_BACK_LEFT/n008-2018-08-31-11-56-46-0400__CAM_BACK_LEFT__1535731403697405.jpg", "samples/CAM_BACK/n008-2018-08-31-11-56-46-0400__CAM_BACK__1535731403687558.jpg", "samples/CAM_BACK_RIGHT/n008-2018-08-31-11-56-46-0400__CAM_BACK_RIGHT__1535731403678113.jpg"], "intrinsics": [[[1257.8625342125129, 0.0, 827.2410631095686], [0.0, 1257.8625342125129, 450.915498205774], [0.0, 0.0, 1.0]], [[1252.8131021185304, 0.0, 826.588114781398], [0.0, 1252.8131021185304, 469.9846626224581], [0.0, 0.0, 1.0]], [[1256.7485116440405, 0.0, 817.7887570959712], [0.0, 1256.7485116440403, 451.9541780095127], [0.0, 0.0, 1.0]], [[1254.9860565800168, 0.0, 829.5769333630991], [0.0, 1254.9860565800168, 467.1680561863987], [0.0, 0.0, 1.0]], [[796.8910634503094, 0.0, 857.7774326863696], [0.0, 796.8910634503094, 476.8848988407415], [0.0, 0.0, 1.0]], [[1249.9629280788233, 0.0, 825.3768045375984], [0.0, 1249.9629280788233, 462.54816385708756], [0.0, 0.0, 1.0]]], "extrinsics": [[[0.8224031925201416, -0.5688674449920654, -0.006553300656378269, -0.92431640625], [0.017548035830259323, 0.03687923029065132, -0.9991656541824341, 1.4899520874023438], [0.5686344504356384, 0.8216019868850708, 0.04031210020184517, -1.2791748046875], [0.0, 0.0, 0.0, 1.0]], [[0.010206906124949455, -0.9994179606437683, -0.03255244717001915, 0.0074462890625], [0.019497932866215706, 0.03274687007069588, -0.9992734789848328, 1.4816665649414062], [0.9997577667236328, 0.009564741514623165, 0.01982082612812519, -1.65570068359375], [0.0, 0.0, 0.0, 1.0]], [[-0.8438245058059692, -0.535402774810791, -0.03611205518245697, 1.040679931640625], [0.027517169713974, 0.02403477393090725, -0.9993323683738708, 1.4946937561035156], [0.5359132289886475, -0.8442547917366028, -0.005548361223191023, -1.244873046875], [0.0, 0.0, 0.0, 1.0]], [[0.9478403329849243, 0.3184150755405426, 0.014510671608150005, -1.1474838256835938], [0.0021359736565500498, 0.03917822614312172, -0.9992299675941467, 1.5620384216308594], [-0.3187383711338043, 0.9471414685249329, 0.03645457699894905, -0.15478515625], [0.0, 0.0, 0.0, 1.0]], [[0.009119483642280102, 0.9994561672210693, 0.03169068321585655, -0.02880859375], [0.004295124672353268, 0.03165255859494209, -0.9994896650314331, 1.5681381225585938], [-0.9999492764472961, 0.00925096869468689, -0.004004132933914661, 0.0247802734375], [0.0, 0.0, 0.0, 1.0]], [[-0.9236243963241577, 0.38327378034591675, -0.004400353413075209, 1.1217041015625], [0.008485134690999985, 0.008967634290456772, -0.999923825263977, 1.5481586456298828], [-0.38320502638816833, -0.9235913157463074, -0.011534851975739002, -0.0589599609375], [0.0, 0.0, 0.0, 1.0]]], "view": [[0.0, -2.0, 100.0], [-2.0, 0.0, 100.0], [0.0, 0.0, 1.0]], "bev": "bev_e609bf7fcd19424db869eadce1b7a53c.png", "aux": "aux_e609bf7fcd19424db869eadce1b7a53c.npz", "visibility": "visibility_e609bf7fcd19424db869eadce1b7a53c.png", "pose": [[-0.7644329071044922, -0.6447033286094666, 0.0, 669.9422607421875], [0.6447033286094666, -0.7644329071044922, 0.0, 1382.09521484375], [0.0, 0.0, 1.0, 0.0], [0.0, 0.0, 0.0, 1.0]], "pose_inverse": [[-0.7644329071044922, 0.6447033286094666, 0.0, -378.91546630859375], [-0.6447033286094666, -0.7644329071044922, 0.0, 1488.4329833984375], [0.0, 0.0, 1.0, 0.0], [0.0, 0.0, 0.0, 1.0]], "cam_ids": [0, 1, 2, 3, 4, 5], "cam_channels": ["CAM_FRONT_LEFT", "CAM_FRONT", "CAM_FRONT_RIGHT", "CAM_BACK_LEFT", "CAM_BACK", "CAM_BACK_RIGHT"], "token": "e609bf7fcd19424db869eadce1b7a53c", "scene": "scene-0398"}, {"images": ["samples/CAM_FRONT_LEFT/n008-2018-08-31-11-56-46-0400__CAM_FRONT_LEFT__1535731404154799.jpg", "samples/CAM_FRONT/n008-2018-08-31-11-56-46-0400__CAM_FRONT__1535731404162404.jpg", "samples/CAM_FRONT_RIGHT/n008-2018-08-31-11-56-46-0400__CAM_FRONT_RIGHT__1535731404170482.jpg", "samples/CAM_BACK_LEFT/n008-2018-08-31-11-56-46-0400__CAM_BACK_LEFT__1535731404197405.jpg", "samples/CAM_BACK/n008-2018-08-31-11-56-46-0400__CAM_BACK__1535731404187558.jpg", "samples/CAM_BACK_RIGHT/n008-2018-08-31-11-56-46-0400__CAM_BACK_RIGHT__1535731404178113.jpg"], "intrinsics": [[[1257.8625342125129, 0.0, 827.2410631095686], [0.0, 1257.8625342125129, 450.915498205774], [0.0, 0.0, 1.0]], [[1252.8131021185304, 0.0, 826.588114781398], [0.0, 1252.8131021185304, 469.9846626224581], [0.0, 0.0, 1.0]], [[1256.7485116440405, 0.0, 817.7887570959712], [0.0, 1256.7485116440403, 451.9541780095127], [0.0, 0.0, 1.0]], [[1254.9860565800168, 0.0, 829.5769333630991], [0.0, 1254.9860565800168, 467.1680561863987], [0.0, 0.0, 1.0]], [[796.8910634503094, 0.0, 857.7774326863696], [0.0, 796.8910634503094, 476.8848988407415], [0.0, 0.0, 1.0]], [[1249.9629280788233, 0.0, 825.3768045375984], [0.0, 1249.9629280788233, 462.54816385708756], [0.0, 0.0, 1.0]]], "extrinsics": [[[0.822838306427002, -0.5682415962219238, -0.006232047453522682, -0.9271240234375], [0.017963439226150513, 0.03696981072425842, -0.9991548657417297, 1.4899444580078125], [0.5679918527603149, 0.8220309615135193, 0.04062774404883385, -1.28076171875], [0.0, 0.0, 0.0, 1.0]], [[0.010828464291989803, -0.9994089007377625, -0.03262794017791748, 0.0069580078125], [0.01991465874016285, 0.03283892571926117, -0.999262273311615, 1.4816665649414062], [0.9997431039810181, 0.01017065066844225, 0.020258480682969093, -1.658203125], [0.0, 0.0, 0.0, 1.0]], [[-0.8435676097869873, -0.5357800722122192, -0.0365186408162117, 1.042144775390625], [0.027934756129980087, 0.02413097769021988, -0.9993184208869934, 1.4946746826171875], [0.5362961292266846, -0.8440127372741699, -0.005389227531850338, -1.2459716796875], [0.0, 0.0, 0.0, 1.0]], [[0.9478504657745361, 0.3183678686618805, 0.01488400436937809, -1.1491012573242188], [0.0024940618313848972, 0.039289362728595734, -0.9992247223854065, 1.5620307922363281], [-0.31870579719543457, 0.9471527338027954, 0.036446407437324524, -0.1544189453125], [0.0, 0.0, 0.0, 1.0]], [[0.008968180045485497, 0.9994536638259888, 0.0318114310503006, -0.02880859375], [0.004677402786910534, 0.031770434230566025, -0.9994841814041138, 1.5681381225585938], [-0.9999489188194275, 0.009112413972616196, -0.00438992353156209, 0.026519775390625], [0.0, 0.0, 0.0, 1.0]], [[-0.9237419366836548, 0.382986456155777, -0.004711170215159655, 1.12359619140625], [0.008860534057021141, 0.009070959873497486, -0.999919593334198, 1.5481624603271484], [-0.3829129934310913, -0.9237094521522522, -0.01177269034087658, -0.05859375], [0.0, 0.0, 0.0, 1.0]]], "view": [[0.0, -2.0, 100.0], [-2.0, 0.0, 100.0], [0.0, 0.0, 1.0]], "bev": "bev_714eab3a459b441a8281a95fac124a11.png", "aux": "aux_714eab3a459b441a8281a95fac124a11.npz", "visibility": "visibility_714eab3a459b441a8281a95fac124a11.png", "pose": [[-0.7629591822624207, -0.646446704864502, 0.0, 669.0640869140625], [0.646446704864502, -0.7629591822624207, 0.0, 1382.8502197265625], [0.0, 0.0, 1.0, 0.0], [0.0, 0.0, 0.0, 1.0]], "pose_inverse": [[-0.7629591822624207, 0.646446704864502, 0.0, -383.47039794921875], [-0.646446704864502, -0.7629591822624207, 0.0, 1487.572509765625], [0.0, 0.0, 1.0, 0.0], [0.0, 0.0, 0.0, 1.0]], "cam_ids": [0, 1, 2, 3, 4, 5], "cam_channels": ["CAM_FRONT_LEFT", "CAM_FRONT", "CAM_FRONT_RIGHT", "CAM_BACK_LEFT", "CAM_BACK", "CAM_BACK_RIGHT"], "token": "714eab3a459b441a8281a95fac124a11", "scene": "scene-0398"}, {"images": ["samples/CAM_FRONT_LEFT/n008-2018-08-31-11-56-46-0400__CAM_FRONT_LEFT__1535731404604799.jpg", "samples/CAM_FRONT/n008-2018-08-31-11-56-46-0400__CAM_FRONT__1535731404612404.jpg", "samples/CAM_FRONT_RIGHT/n008-2018-08-31-11-56-46-0400__CAM_FRONT_RIGHT__1535731404620482.jpg", "samples/CAM_BACK_LEFT/n008-2018-08-31-11-56-46-0400__CAM_BACK_LEFT__1535731404647405.jpg", "samples/CAM_BACK/n008-2018-08-31-11-56-46-0400__CAM_BACK__1535731404637558.jpg", "samples/CAM_BACK_RIGHT/n008-2018-08-31-11-56-46-0400__CAM_BACK_RIGHT__1535731404628113.jpg"], "intrinsics": [[[1257.8625342125129, 0.0, 827.2410631095686], [0.0, 1257.8625342125129, 450.915498205774], [0.0, 0.0, 1.0]], [[1252.8131021185304, 0.0, 826.588114781398], [0.0, 1252.8131021185304, 469.9846626224581], [0.0, 0.0, 1.0]], [[1256.7485116440405, 0.0, 817.7887570959712], [0.0, 1256.7485116440403, 451.9541780095127], [0.0, 0.0, 1.0]], [[1254.9860565800168, 0.0, 829.5769333630991], [0.0, 1254.9860565800168, 467.1680561863987], [0.0, 0.0, 1.0]], [[796.8910634503094, 0.0, 857.7774326863696], [0.0, 796.8910634503094, 476.8848988407415], [0.0, 0.0, 1.0]], [[1249.9629280788233, 0.0, 825.3768045375984], [0.0, 1249.9629280788233, 462.54816385708756], [0.0, 0.0, 1.0]]], "extrinsics": [[[0.8228134512901306, -0.5682691931724548, -0.006946863140910864, -0.92236328125], [0.017467208206653595, 0.037505410611629486, -0.9991437196731567, 1.4900093078613281], [0.5680431127548218, 0.8219875693321228, 0.04078603535890579, -1.27728271484375], [0.0, 0.0, 0.0, 1.0]], [[0.010785912163555622, -0.9993900656700134, -0.03321148827672005, 0.0068359375], [0.019438665360212326, 0.03341670334339142, -0.999252438545227, 1.4817123413085938], [0.9997528195381165, 0.010132205672562122, 0.019787238910794258, -1.65362548828125], [0.0, 0.0, 0.0, 1.0]], [[-0.8435930013656616, -0.5357434153556824, -0.036465223878622055, 1.0394287109375], [0.02747729793190956, 0.02475181221961975, -0.9993159174919128, 1.4947357177734375], [0.536279559135437, -0.8440179824829102, -0.006159673444926739, -1.244384765625], [0.0, 0.0, 0.0, 1.0]], [[0.9478371739387512, 0.3184172511100769, 0.014666086062788963, -1.1514892578125], [0.0020225192420184612, 0.04000191390514374, -0.9991975426673889, 1.5620307922363281], [-0.318748414516449, 0.9471063017845154, 0.03727129474282265, -0.1534423828125], [0.0, 0.0, 0.0, 1.0]], [[0.008963554166257381, 0.9994317293167114, 0.032493848353624344, -0.0286865234375], [0.004183787852525711, 0.032457385212183, -0.9994643330574036, 1.5681343078613281], [-0.9999511241912842, 0.009094742126762867, -0.0038904782850295305, 0.0267333984375], [0.0, 0.0, 0.0, 1.0]], [[-0.9237408638000488, 0.38299670815467834, -0.004045919980853796, 1.1217041015625], [0.008408719673752785, 0.009717818349599838, -0.9999174475669861, 1.5481624603271484], [-0.38292571902275085, -0.9236986041069031, -0.012197257950901985, -0.059326171875], [0.0, 0.0, 0.0, 1.0]]], "view": [[0.0, -2.0, 100.0], [-2.0, 0.0, 100.0], [0.0, 0.0, 1.0]], "bev": "bev_0f5b9559b9824a34b52369e17cef6d91.png", "aux": "aux_0f5b9559b9824a34b52369e17cef6d91.npz", "visibility": "visibility_0f5b9559b9824a34b52369e17cef6d91.png", "pose": [[-0.7598631381988525, -0.650083065032959, 0.0, 668.2342529296875], [0.650083065032959, -0.7598631381988525, 0.0, 1383.5706787109375], [0.0, 0.0, 1.0, 0.0], [0.0, 0.0, 0.0, 1.0]], "pose_inverse": [[-0.7598631381988525, 0.650083065032959, 0.0, -391.6693115234375], [-0.650083065032959, -0.7598631381988525, 0.0, 1485.732177734375], [0.0, 0.0, 1.0, 0.0], [0.0, 0.0, 0.0, 1.0]], "cam_ids": [0, 1, 2, 3, 4, 5], "cam_channels": ["CAM_FRONT_LEFT", "CAM_FRONT", "CAM_FRONT_RIGHT", "CAM_BACK_LEFT", "CAM_BACK", "CAM_BACK_RIGHT"], "token": "0f5b9559b9824a34b52369e17cef6d91", "scene": "scene-0398"}, {"images": ["samples/CAM_FRONT_LEFT/n008-2018-08-31-11-56-46-0400__CAM_FRONT_LEFT__1535731405104799.jpg", "samples/CAM_FRONT/n008-2018-08-31-11-56-46-0400__CAM_FRONT__1535731405112404.jpg", "samples/CAM_FRONT_RIGHT/n008-2018-08-31-11-56-46-0400__CAM_FRONT_RIGHT__1535731405120482.jpg", "samples/CAM_BACK_LEFT/n008-2018-08-31-11-56-46-0400__CAM_BACK_LEFT__1535731405147405.jpg", "samples/CAM_BACK/n008-2018-08-31-11-56-46-0400__CAM_BACK__1535731405137558.jpg", "samples/CAM_BACK_RIGHT/n008-2018-08-31-11-56-46-0400__CAM_BACK_RIGHT__1535731405128113.jpg"], "intrinsics": [[[1257.8625342125129, 0.0, 827.2410631095686], [0.0, 1257.8625342125129, 450.915498205774], [0.0, 0.0, 1.0]], [[1252.8131021185304, 0.0, 826.588114781398], [0.0, 1252.8131021185304, 469.9846626224581], [0.0, 0.0, 1.0]], [[1256.7485116440405, 0.0, 817.7887570959712], [0.0, 1256.7485116440403, 451.9541780095127], [0.0, 0.0, 1.0]], [[1254.9860565800168, 0.0, 829.5769333630991], [0.0, 1254.9860565800168, 467.1680561863987], [0.0, 0.0, 1.0]], [[796.8910634503094, 0.0, 857.7774326863696], [0.0, 796.8910634503094, 476.8848988407415], [0.0, 0.0, 1.0]], [[1249.9629280788233, 0.0, 825.3768045375984], [0.0, 1249.9629280788233, 462.54816385708756], [0.0, 0.0, 1.0]]], "extrinsics": [[[0.8227058053016663, -0.568405032157898, -0.008426668122410774, -0.9378662109375], [0.01657634600996971, 0.03880441188812256, -0.9991093277931213, 1.4896049499511719], [0.5682257413864136, 0.8218333721160889, 0.04134669527411461, -1.287841796875], [0.0, 0.0, 0.0, 1.0]], [[0.010611931793391705, -0.9993470907211304, -0.034535784274339676, 0.0068359375], [0.018499301746487617, 0.0347280278801918, -0.9992255568504333, 1.4813613891601562], [0.9997725486755371, 0.009964855387806892, 0.018855754286050797, -1.668853759765625], [0.0, 0.0, 0.0, 1.0]], [[-0.8436862826347351, -0.5356054306030273, -0.03633754327893257, 1.04876708984375], [0.02648635394871235, 0.026075659319758415, -0.9993090033531189, 1.4943790435791016], [0.5361828207969666, -0.8440657258033752, -0.00781344249844551, -1.25048828125], [0.0, 0.0, 0.0, 1.0]], [[0.9478713870048523, 0.3183411657810211, 0.014094604179263115, -1.1479949951171875], [0.000973327609244734, 0.04133916646242142, -0.9991446733474731, 1.5620307922363281], [-0.31865158677101135, 0.9470744132995605, 0.03887436166405678, -0.1549072265625], [0.0, 0.0, 0.0, 1.0]], [[0.0090662045404315, 0.999386727809906, 0.033823587000370026, -0.0289306640625], [0.0031593190506100655, 0.03379618003964424, -0.9994237422943115, 1.5681037902832031], [-0.9999539256095886, 0.009167831391096115, -0.0028509802650660276, 0.028717041015625], [0.0, 0.0, 0.0, 1.0]], [[-0.9237146973609924, 0.38307222723960876, -0.002597891492769122, 1.12847900390625], [0.007395152933895588, 0.011051044799387455, -0.9999116063117981, 1.5480642318725586], [-0.3830096125602722, -0.9236522316932678, -0.013040890917181969, -0.056640625], [0.0, 0.0, 0.0, 1.0]]], "view": [[0.0, -2.0, 100.0], [-2.0, 0.0, 100.0], [0.0, 0.0, 1.0]], "bev": "bev_63c58bcb18cb4fca8e2fc5a081ff4dd0.png", "aux": "aux_63c58bcb18cb4fca8e2fc5a081ff4dd0.npz", "visibility": "visibility_63c58bcb18cb4fca8e2fc5a081ff4dd0.png", "pose": [[-0.757481575012207, -0.6528565287590027, 0.0, 667.3814086914062], [0.6528565287590027, -0.757481575012207, 0.0, 1384.3182373046875], [0.0, 0.0, 1.0, 0.0], [0.0, 0.0, 0.0, 1.0]], "pose_inverse": [[-0.757481575012207, 0.6528565287590027, 0.0, -398.2320861816406], [-0.6528565287590027, -0.757481575012207, 0.0, 1484.2999267578125], [0.0, 0.0, 1.0, 0.0], [0.0, 0.0, 0.0, 1.0]], "cam_ids": [0, 1, 2, 3, 4, 5], "cam_channels": ["CAM_FRONT_LEFT", "CAM_FRONT", "CAM_FRONT_RIGHT", "CAM_BACK_LEFT", "CAM_BACK", "CAM_BACK_RIGHT"], "token": "63c58bcb18cb4fca8e2fc5a081ff4dd0", "scene": "scene-0398"}, {"images": ["samples/CAM_FRONT_LEFT/n008-2018-08-31-11-56-46-0400__CAM_FRONT_LEFT__1535731405604799.jpg", "samples/CAM_FRONT/n008-2018-08-31-11-56-46-0400__CAM_FRONT__1535731405612404.jpg", "samples/CAM_FRONT_RIGHT/n008-2018-08-31-11-56-46-0400__CAM_FRONT_RIGHT__1535731405620482.jpg", "samples/CAM_BACK_LEFT/n008-2018-08-31-11-56-46-0400__CAM_BACK_LEFT__1535731405647405.jpg", "samples/CAM_BACK/n008-2018-08-31-11-56-46-0400__CAM_BACK__1535731405637558.jpg", "samples/CAM_BACK_RIGHT/n008-2018-08-31-11-56-46-0400__CAM_BACK_RIGHT__1535731405628113.jpg"], "intrinsics": [[[1257.8625342125129, 0.0, 827.2410631095686], [0.0, 1257.8625342125129, 450.915498205774], [0.0, 0.0, 1.0]], [[1252.8131021185304, 0.0, 826.588114781398], [0.0, 1252.8131021185304, 469.9846626224581], [0.0, 0.0, 1.0]], [[1256.7485116440405, 0.0, 817.7887570959712], [0.0, 1256.7485116440403, 451.9541780095127], [0.0, 0.0, 1.0]], [[1254.9860565800168, 0.0, 829.5769333630991], [0.0, 1254.9860565800168, 467.1680561863987], [0.0, 0.0, 1.0]], [[796.8910634503094, 0.0, 857.7774326863696], [0.0, 796.8910634503094, 476.8848988407415], [0.0, 0.0, 1.0]], [[1249.9629280788233, 0.0, 825.3768045375984], [0.0, 1249.9629280788233, 462.54816385708756], [0.0, 0.0, 1.0]]], "extrinsics": [[[0.8225151300430298, -0.5686414837837219, -0.010755004361271858, -0.9405517578125], [0.014313961379230022, 0.03960125148296356, -0.9991130232810974, 1.4893798828125], [0.5685631036758423, 0.821631669998169, 0.0407121405005455, -1.2896728515625], [0.0, 0.0, 0.0, 1.0]], [[0.01028986182063818, -0.9993220567703247, -0.03534811735153198, 0.0064697265625], [0.016198493540287018, 0.035511936992406845, -0.9992379546165466, 1.481170654296875], [0.9998158812522888, 0.009709442965686321, 0.016552923247218132, -1.671295166015625], [0.0, 0.0, 0.0, 1.0]], [[-0.8438657522201538, -0.535426676273346, -0.034770864993333817, 1.05023193359375], [0.02414441667497158, 0.026845037937164307, -0.999347984790802, 1.494222640991211], [0.5360109210014343, -0.8441550731658936, -0.009726045653223991, -1.2513427734375], [0.0, 0.0, 0.0, 1.0]], [[0.9479039311408997, 0.31832584738731384, 0.012122958898544312, -1.1466217041015625], [-0.0013675099471583962, 0.04212179034948349, -0.999111533164978, 1.5620536804199219], [-0.31855377554893494, 0.947045087814331, 0.04036271944642067, -0.1551513671875], [0.0, 0.0, 0.0, 1.0]], [[0.009210795164108276, 0.9993598461151123, 0.03457098826766014, -0.0289306640625], [0.0008469420718029141, 0.03456464782357216, -0.9994020462036133, 1.5680694580078125], [-0.9999573230743408, 0.009234622120857239, -0.0005280314362607896, 0.02838134765625], [0.0, 0.0, 0.0, 1.0]], [[-0.9236708283424377, 0.3831869661808014, -0.00016528699779883027, 1.129150390625], [0.005077408626675606, 0.0118077602237463, -0.9999173879623413, 1.5479803085327148], [-0.3831533193588257, -0.9235953688621521, -0.012852078303694725, -0.0562744140625], [0.0, 0.0, 0.0, 1.0]]], "view": [[0.0, -2.0, 100.0], [-2.0, 0.0, 100.0], [0.0, 0.0, 1.0]], "bev": "bev_9d4dd236125b499b800a75442394450f.png", "aux": "aux_9d4dd236125b499b800a75442394450f.npz", "visibility": "visibility_9d4dd236125b499b800a75442394450f.png", "pose": [[-0.7558191418647766, -0.6547804474830627, 0.0, 666.6104736328125], [0.6547804474830627, -0.7558191418647766, 0.0, 1384.9970703125], [0.0, 0.0, 1.0, 0.0], [0.0, 0.0, 0.0, 1.0]], "pose_inverse": [[-0.7558191418647766, 0.6547804474830627, 0.0, -403.0320129394531], [-0.6547804474830627, -0.7558191418647766, 0.0, 1483.290771484375], [0.0, 0.0, 1.0, 0.0], [0.0, 0.0, 0.0, 1.0]], "cam_ids": [0, 1, 2, 3, 4, 5], "cam_channels": ["CAM_FRONT_LEFT", "CAM_FRONT", "CAM_FRONT_RIGHT", "CAM_BACK_LEFT", "CAM_BACK", "CAM_BACK_RIGHT"], "token": "9d4dd236125b499b800a75442394450f", "scene": "scene-0398"}, {"images": ["samples/CAM_FRONT_LEFT/n008-2018-08-31-11-56-46-0400__CAM_FRONT_LEFT__1535731406104799.jpg", "samples/CAM_FRONT/n008-2018-08-31-11-56-46-0400__CAM_FRONT__1535731406112404.jpg", "samples/CAM_FRONT_RIGHT/n008-2018-08-31-11-56-46-0400__CAM_FRONT_RIGHT__1535731406120482.jpg", "samples/CAM_BACK_LEFT/n008-2018-08-31-11-56-46-0400__CAM_BACK_LEFT__1535731406147405.jpg", "samples/CAM_BACK/n008-2018-08-31-11-56-46-0400__CAM_BACK__1535731406137558.jpg", "samples/CAM_BACK_RIGHT/n008-2018-08-31-11-56-46-0400__CAM_BACK_RIGHT__1535731406128113.jpg"], "intrinsics": [[[1257.8625342125129, 0.0, 827.2410631095686], [0.0, 1257.8625342125129, 450.915498205774], [0.0, 0.0, 1.0]], [[1252.8131021185304, 0.0, 826.588114781398], [0.0, 1252.8131021185304, 469.9846626224581], [0.0, 0.0, 1.0]], [[1256.7485116440405, 0.0, 817.7887570959712], [0.0, 1256.7485116440403, 451.9541780095127], [0.0, 0.0, 1.0]], [[1254.9860565800168, 0.0, 829.5769333630991], [0.0, 1254.9860565800168, 467.1680561863987], [0.0, 0.0, 1.0]], [[796.8910634503094, 0.0, 857.7774326863696], [0.0, 796.8910634503094, 476.8848988407415], [0.0, 0.0, 1.0]], [[1249.9629280788233, 0.0, 825.3768045375984], [0.0, 1249.9629280788233, 462.54816385708756], [0.0, 0.0, 1.0]]], "extrinsics": [[[0.8224230408668518, -0.5687759518623352, -0.010692810639739037, -0.9365234375], [0.014813914895057678, 0.04020264372229576, -0.9990817308425903, 1.4894905090332031], [0.5686835646629333, 0.8215094208717346, 0.041489377617836, -1.286865234375], [0.0, 0.0, 0.0, 1.0]], [[0.010168887674808502, -0.9993022084236145, -0.03593989461660385, 0.0067138671875], [0.016802165657281876, 0.036107439547777176, -0.9992066621780396, 1.4812774658203125], [0.9998071193695068, 0.009556989185512066, 0.01715761423110962, -1.666748046875], [0.0, 0.0, 0.0, 1.0]], [[-0.8439009785652161, -0.5353105068206787, -0.03568776696920395, 1.0467529296875], [0.02485807240009308, 0.027433698996901512, -0.9993144869804382, 1.4943580627441406], [0.5359227061271667, -0.8442097306251526, -0.009844539687037468, -1.249267578125], [0.0, 0.0, 0.0, 1.0]], [[0.9478760957717896, 0.3183634579181671, 0.013255695812404156, -1.1445770263671875], [-0.00036815539351664484, 0.042695142328739166, -0.9990881085395813, 1.5620460510253906], [-0.3186391294002533, 0.9470067620277405, 0.040586911141872406, -0.1558837890625], [0.0, 0.0, 0.0, 1.0]], [[0.00919931661337614, 0.9993398189544678, 0.03514832630753517, -0.02880859375], [0.0016954564489424229, 0.035134173929691315, -0.9993811249732971, 1.5680885314941406], [-0.9999563097953796, 0.00925320666283369, -0.001371129066683352, 0.02557373046875], [0.0, 0.0, 0.0, 1.0]], [[-0.9236394762992859, 0.38326191902160645, -0.0006469252984970808, 1.1260986328125], [0.005842868238687515, 0.012393193319439888, -0.9999061226844788, 1.548025131225586], [-0.3832179009914398, -0.9235565662384033, -0.01368619129061699, -0.057861328125], [0.0, 0.0, 0.0, 1.0]]], "view": [[0.0, -2.0, 100.0], [-2.0, 0.0, 100.0], [0.0, 0.0, 1.0]], "bev": "bev_937e2f31913344d58706379ad85c5eaa.png", "aux": "aux_937e2f31913344d58706379ad85c5eaa.npz", "visibility": "visibility_937e2f31913344d58706379ad85c5eaa.png", "pose": [[-0.7567537426948547, -0.653700053691864, 0.0, 665.866455078125], [0.653700053691864, -0.7567537426948547, 0.0, 1385.653564453125], [0.0, 0.0, 1.0, 0.0], [0.0, 0.0, 0.0, 1.0]], "pose_inverse": [[-0.7567537426948547, 0.653700053691864, 0.0, -401.90484619140625], [-0.653700053691864, -0.7567537426948547, 0.0, 1483.87548828125], [0.0, 0.0, 1.0, 0.0], [0.0, 0.0, 0.0, 1.0]], "cam_ids": [0, 1, 2, 3, 4, 5], "cam_channels": ["CAM_FRONT_LEFT", "CAM_FRONT", "CAM_FRONT_RIGHT", "CAM_BACK_LEFT", "CAM_BACK", "CAM_BACK_RIGHT"], "token": "937e2f31913344d58706379ad85c5eaa", "scene": "scene-0398"}, {"images": ["samples/CAM_FRONT_LEFT/n008-2018-08-31-11-56-46-0400__CAM_FRONT_LEFT__1535731406504799.jpg", "samples/CAM_FRONT/n008-2018-08-31-11-56-46-0400__CAM_FRONT__1535731406512404.jpg", "samples/CAM_FRONT_RIGHT/n008-2018-08-31-11-56-46-0400__CAM_FRONT_RIGHT__1535731406520482.jpg", "samples/CAM_BACK_LEFT/n008-2018-08-31-11-56-46-0400__CAM_BACK_LEFT__1535731406547405.jpg", "samples/CAM_BACK/n008-2018-08-31-11-56-46-0400__CAM_BACK__1535731406537558.jpg", "samples/CAM_BACK_RIGHT/n008-2018-08-31-11-56-46-0400__CAM_BACK_RIGHT__1535731406528113.jpg"], "intrinsics": [[[1257.8625342125129, 0.0, 827.2410631095686], [0.0, 1257.8625342125129, 450.915498205774], [0.0, 0.0, 1.0]], [[1252.8131021185304, 0.0, 826.588114781398], [0.0, 1252.8131021185304, 469.9846626224581], [0.0, 0.0, 1.0]], [[1256.7485116440405, 0.0, 817.7887570959712], [0.0, 1256.7485116440403, 451.9541780095127], [0.0, 0.0, 1.0]], [[1254.9860565800168, 0.0, 829.5769333630991], [0.0, 1254.9860565800168, 467.1680561863987], [0.0, 0.0, 1.0]], [[796.8910634503094, 0.0, 857.7774326863696], [0.0, 796.8910634503094, 476.8848988407415], [0.0, 0.0, 1.0]], [[1249.9629280788233, 0.0, 825.3768045375984], [0.0, 1249.9629280788233, 462.54816385708756], [0.0, 0.0, 1.0]]], "extrinsics": [[[0.8223342895507812, -0.5689262747764587, -0.00945234578102827, -0.93896484375], [0.016565613448619843, 0.0405425988137722, -0.999040424823761, 1.489593505859375], [0.5687635540962219, 0.8213886618614197, 0.04276417940855026, -1.2884521484375], [0.0, 0.0, 0.0, 1.0]], [[0.010071133263409138, -0.9992923736572266, -0.03624043986201286, 0.006591796875], [0.01857593096792698, 0.03642299398779869, -0.999163806438446, 1.4813613891601562], [0.9997767806053162, 0.009389481507241726, 0.018929606303572655, -1.669036865234375], [0.0, 0.0, 0.0, 1.0]], [[-0.8439087867736816, -0.5351845026016235, -0.03735865652561188, 1.048309326171875], [0.0266549251973629, 0.027722589671611786, -0.9992601871490479, 1.4944038391113281], [0.5358242392539978, -0.8442802429199219, -0.009130033664405346, -1.250244140625], [0.0, 0.0, 0.0, 1.0]], [[0.9478575587272644, 0.31833767890930176, 0.01507926732301712, -1.1430511474609375], [0.0015063189202919602, 0.0428401418030262, -0.9990808367729187, 1.562042236328125], [-0.31869107484817505, 0.9470089077949524, 0.040126826614141464, -0.156494140625], [0.0, 0.0, 0.0, 1.0]], [[0.009203407913446426, 0.9993317127227783, 0.03537595272064209, -0.0286865234375], [0.0035465999972075224, 0.03534460812807083, -0.9993688464164734, 1.5681190490722656], [-0.9999514222145081, 0.00932309590280056,