[{"images": ["samples/CAM_FRONT_LEFT/n008-2018-08-30-15-52-26-0400__CAM_FRONT_LEFT__1535658944004799.jpg", "samples/CAM_FRONT/n008-2018-08-30-15-52-26-0400__CAM_FRONT__1535658944012404.jpg", "samples/CAM_FRONT_RIGHT/n008-2018-08-30-15-52-26-0400__CAM_FRONT_RIGHT__1535658944020482.jpg", "samples/CAM_BACK_LEFT/n008-2018-08-30-15-52-26-0400__CAM_BACK_LEFT__1535658944047405.jpg", "samples/CAM_BACK/n008-2018-08-30-15-52-26-0400__CAM_BACK__1535658944037558.jpg", "samples/CAM_BACK_RIGHT/n008-2018-08-30-15-52-26-0400__CAM_BACK_RIGHT__1535658944028113.jpg"], "intrinsics": [[[1257.8625342125129, 0.0, 827.2410631095686], [0.0, 1257.8625342125129, 450.915498205774], [0.0, 0.0, 1.0]], [[1252.8131021185304, 0.0, 826.588114781398], [0.0, 1252.8131021185304, 469.9846626224581], [0.0, 0.0, 1.0]], [[1256.7485116440405, 0.0, 817.7887570959712], [0.0, 1256.7485116440403, 451.9541780095127], [0.0, 0.0, 1.0]], [[1254.9860565800168, 0.0, 829.5769333630991], [0.0, 1254.9860565800168, 467.1680561863987], [0.0, 0.0, 1.0]], [[796.8910634503094, 0.0, 857.7774326863696], [0.0, 796.8910634503094, 476.8848988407415], [0.0, 0.0, 1.0]], [[1249.9629280788233, 0.0, 825.3768045375984], [0.0, 1249.9629280788233, 462.54816385708756], [0.0, 0.0, 1.0]]], "extrinsics": [[[0.8214300870895386, -0.5701242089271545, -0.01452554389834404, -0.7083740234375], [0.0035415589809417725, 0.030568435788154602, -0.9995263814926147, 1.489492416381836], [0.5702982544898987, 0.8209895491600037, 0.02712896093726158, -1.1303863525390625], [0.0, 0.0, 0.0, 1.0]], [[0.008688326925039291, -0.999615490436554, -0.026330772787332535, 0.00982666015625], [0.0051836734637618065, 0.02637643739581108, -0.9996386170387268, 1.4816350936889648], [0.9999487996101379, 0.008548644371330738, 0.005410847719758749, -1.44146728515625], [0.0, 0.0, 0.0, 1.0]], [[-0.8446545004844666, -0.5349270105361938, -0.020291060209274292, 0.90283203125], [0.012873362749814987, 0.017596211284399033, -0.9997622966766357, 1.495922565460205], [0.5351569056510925, -0.8447149991989136, -0.00797641184180975, -1.15679931640625], [0.0, 0.0, 0.0, 1.0]], [[0.9478673934936523, 0.31865617632865906, -0.002353290095925331, -1.15411376953125], [-0.013400870375335217, 0.03248143568634987, -0.999382495880127, 1.5621776580810547], [-0.3183830678462982, 0.9473136067390442, 0.03505836799740791, -0.15283203125], [0.0, 0.0, 0.0, 1.0]], [[0.009679132141172886, 0.999642014503479, 0.024942422285676003, -0.028656005859375], [-0.010903220623731613, 0.02504761330783367, -0.9996267557144165, 1.567230224609375], [-0.9998936653137207, 0.009403564967215061, 0.011141756549477577, -0.03070068359375], [0.0, 0.0, 0.0, 1.0]], [[-0.9234231114387512, 0.3837208151817322, 0.0069208224304020405, 1.0152587890625], [-0.0064712087623775005, 0.002462707692757249, -0.9999760389328003, 1.5467939376831055], [-0.38372862339019775, -0.9234458208084106, 0.00020901519746985286, -0.10302734375], [0.0, 0.0, 0.0, 1.0]]], "view": [[0.0, -2.0, 100.0], [-2.0, 0.0, 100.0], [0.0, 0.0, 1.0]], "bev": "bev_3dc9135a004f47458c76c1d7349eb54e.png", "aux": "aux_3dc9135a004f47458c76c1d7349eb54e.npz", "visibility": "visibility_3dc9135a004f47458c76c1d7349eb54e.png", "pose": [[-0.6464206576347351, 0.7629811763763428, 0.0, 1003.331298828125], [-0.7629811763763428, -0.6464206576347351, 0.0, 460.10595703125], [0.0, 0.0, 1.0, 0.0], [0.0, 0.0, 0.0, 1.0]], "pose_inverse": [[-0.6464206576347351, -0.7629811763763428, 0.0, 999.6262817382812], [0.7629811763763428, -0.6464206576347351, 0.0, -468.1009216308594], [0.0, 0.0, 1.0, 0.0], [0.0, 0.0, 0.0, 1.0]], "cam_ids": [0, 1, 2, 3, 4, 5], "cam_channels": ["CAM_FRONT_LEFT", "CAM_FRONT", "CAM_FRONT_RIGHT", "CAM_BACK_LEFT", "CAM_BACK", "CAM_BACK_RIGHT"], "token": "3dc9135a004f47458c76c1d7349eb54e", "scene": "scene-0529"}, {"images": ["samples/CAM_FRONT_LEFT/n008-2018-08-30-15-52-26-0400__CAM_FRONT_LEFT__1535658944404799.jpg", "samples/CAM_FRONT/n008-2018-08-30-15-52-26-0400__CAM_FRONT__1535658944412404.jpg", "samples/CAM_FRONT_RIGHT/n008-2018-08-30-15-52-26-0400__CAM_FRONT_RIGHT__1535658944420482.jpg", "samples/CAM_BACK_LEFT/n008-2018-08-30-15-52-26-0400__CAM_BACK_LEFT__1535658944447405.jpg", "samples/CAM_BACK/n008-2018-08-30-15-52-26-0400__CAM_BACK__1535658944437558.jpg", "samples/CAM_BACK_RIGHT/n008-2018-08-30-15-52-26-0400__CAM_BACK_RIGHT__1535658944428113.jpg"], "intrinsics": [[[1257.8625342125129, 0.0, 827.2410631095686], [0.0, 1257.8625342125129, 450.915498205774], [0.0, 0.0, 1.0]], [[1252.8131021185304, 0.0, 826.588114781398], [0.0, 1252.8131021185304, 469.9846626224581], [0.0, 0.0, 1.0]], [[1256.7485116440405, 0.0, 817.7887570959712], [0.0, 1256.7485116440403, 451.9541780095127], [0.0, 0.0, 1.0]], [[1254.9860565800168, 0.0, 829.5769333630991], [0.0, 1254.9860565800168, 467.1680561863987], [0.0, 0.0, 1.0]], [[796.8910634503094, 0.0, 857.7774326863696], [0.0, 796.8910634503094, 476.8848988407415], [0.0, 0.0, 1.0]], [[1249.9629280788233, 0.0, 825.3768045375984], [0.0, 1249.9629280788233, 462.54816385708756], [0.0, 0.0, 1.0]]], "extrinsics": [[[0.8216455578804016, -0.569799542427063, -0.015066009946167469, -0.724853515625], [0.0010107200359925628, 0.027888042852282524, -0.9996105432510376, 1.4885578155517578], [0.5699978470802307, 0.8213103413581848, 0.023489994928240776, -1.1424102783203125], [0.0, 0.0, 0.0, 1.0]], [[0.00889053288847208, -0.9996792078018188, -0.023714322596788406, 0.009918212890625], [0.0029357613530009985, 0.02374125085771084, -0.9997138381004333, 1.4809236526489258], [0.9999561309814453, 0.008818329311907291, 0.003145892173051834, -1.45867919921875], [0.0, 0.0, 0.0, 1.0]], [[-0.8445862531661987, -0.5351413488388062, -0.017260609194636345, 0.91436767578125], [0.010922414250671864, 0.015010458417236805, -0.9998276233673096, 1.4953362941741943], [0.5353081822395325, -0.844629168510437, -0.006832593120634556, -1.16387939453125], [0.0, 0.0, 0.0, 1.0]], [[0.9478042721748352, 0.31883102655410767, -0.003715550759807229, -1.1544189453125], [-0.014137808233499527, 0.03038102202117443, -0.9994384050369263, 1.5621967315673828], [-0.3185390830039978, 0.9473245143890381, 0.03330283984541893, -0.15264892578125], [0.0, 0.0, 0.0, 1.0]], [[0.009571429342031479, 0.9996979832649231, 0.022632375359535217, -0.02886962890625], [-0.012031554244458675, 0.02274690568447113, -0.9996688365936279, 1.5672111511230469], [-0.9998818635940552, 0.009295870549976826, 0.012245641089975834, -0.025146484375], [0.0, 0.0, 0.0, 1.0]], [[-0.9234651923179626, 0.38361021876335144, 0.007425795309245586, 1.0244140625], [-0.008057240396738052, -3.9172005926957354e-05, -0.9999675154685974, 1.5466279983520508], [-0.3835974931716919, -0.9234950542449951, 0.0031270140316337347, -0.098968505859375], [0.0, 0.0, 0.0, 1.0]]], "view": [[0.0, -2.0, 100.0], [-2.0, 0.0, 100.0], [0.0, 0.0, 1.0]], "bev": "bev_47c321b495274a44901e64d249313ad9.png", "aux": "aux_47c321b495274a44901e64d249313ad9.npz", "visibility": "visibility_47c321b495274a44901e64d249313ad9.png", "pose": [[-0.6336991786956787, 0.7735795378684998, 0.0, 1001.1693115234375], [-0.7735795378684998, -0.6336991786956787, 0.0, 457.5357360839844], [0.0, 0.0, 1.0, 0.0], [0.0, 0.0, 0.0, 1.0]], "pose_inverse": [[-0.6336991786956787, -0.7735795378684998, 0.0, 988.3804931640625], [0.7735795378684998, -0.6336991786956787, 0.0, -484.5440673828125], [0.0, 0.0, 1.0, 0.0], [0.0, 0.0, 0.0, 1.0]], "cam_ids": [0, 1, 2, 3, 4, 5], "cam_channels": ["CAM_FRONT_LEFT", "CAM_FRONT", "CAM_FRONT_RIGHT", "CAM_BACK_LEFT", "CAM_BACK", "CAM_BACK_RIGHT"], "token": "47c321b495274a44901e64d249313ad9", "scene": "scene-0529"}, {"images": ["samples/CAM_FRONT_LEFT/n008-2018-08-30-15-52-26-0400__CAM_FRONT_LEFT__1535658944854799.jpg", "samples/CAM_FRONT/n008-2018-08-30-15-52-26-0400__CAM_FRONT__1535658944862404.jpg", "samples/CAM_FRONT_RIGHT/n008-2018-08-30-15-52-26-0400__CAM_FRONT_RIGHT__1535658944871172.jpg", "samples/CAM_BACK_LEFT/n008-2018-08-30-15-52-26-0400__CAM_BACK_LEFT__1535658944897405.jpg", "samples/CAM_BACK/n008-2018-08-30-15-52-26-0400__CAM_BACK__1535658944887558.jpg", "samples/CAM_BACK_RIGHT/n008-2018-08-30-15-52-26-0400__CAM_BACK_RIGHT__1535658944878113.jpg"], "intrinsics": [[[1257.8625342125129, 0.0, 827.2410631095686], [0.0, 1257.8625342125129, 450.915498205774], [0.0, 0.0, 1.0]], [[1252.8131021185304, 0.0, 826.588114781398], [0.0, 1252.8131021185304, 469.9846626224581], [0.0, 0.0, 1.0]], [[1256.7485116440405, 0.0, 817.7887570959712], [0.0, 1256.7485116440403, 451.9541780095127], [0.0, 0.0, 1.0]], [[1254.9860565800168, 0.0, 829.5769333630991], [0.0, 1254.9860565800168, 467.1680561863987], [0.0, 0.0, 1.0]], [[796.8910634503094, 0.0, 857.7774326863696], [0.0, 796.8910634503094, 476.8848988407415], [0.0, 0.0, 1.0]], [[1249.9629280788233, 0.0, 825.3768045375984], [0.0, 1249.9629280788233, 462.54816385708756], [0.0, 0.0, 1.0]]], "extrinsics": [[[0.8222597241401672, -0.5688866972923279, -0.016035495325922966, -0.732421875], [0.0022777642589062452, 0.031465716660022736, -0.9995022416114807, 1.4889726638793945], [0.5691081285476685, 0.8218138217926025, 0.027168776839971542, -1.147491455078125], [0.0, 0.0, 0.0, 1.0]], [[0.009870617650449276, -0.9995798468589783, -0.027255980297923088, 0.009796142578125], [0.003983342554420233, 0.0272963959723711, -0.9996194839477539, 1.4811925888061523], [0.9999433159828186, 0.009758240543305874, 0.004251100122928619, -1.4642333984375], [0.0, 0.0, 0.0, 1.0]], [[-0.8441466689109802, -0.5357447862625122, -0.019847549498081207, 0.92083740234375], [0.011735795065760612, 0.01854621432721615, -0.9997590780258179, 1.4954192638397217], [0.5359838008880615, -0.8441762924194336, -0.009368334896862507, -1.16815185546875], [0.0, 0.0, 0.0, 1.0]], [[0.9478495717048645, 0.3187040686607361, -0.0029973406344652176, -1.14886474609375], [-0.01451919972896576, 0.03378276899456978, -0.9993237257003784, 1.5621204376220703], [-0.3183872401714325, 0.9472520351409912, 0.036648306995630264, -0.15447998046875], [0.0, 0.0, 0.0, 1.0]], [[0.00933924037963152, 0.9996166229248047, 0.026064950972795486, -0.028717041015625], [-0.012078231200575829, 0.026176951825618744, -0.9995843172073364, 1.5671749114990234], [-0.9998834133148193, 0.009020454250276089, 0.012318070977926254, -0.0281982421875], [0.0, 0.0, 0.0, 1.0]], [[-0.9236858487129211, 0.38306117057800293, 0.008276751264929771, 1.0242919921875], [-0.007525757420808077, 0.0034590596333146095, -0.9999656677246094, 1.5467000007629395], [-0.38307660818099976, -0.9237165451049805, -0.0003122581110801548, -0.09928131103515625], [0.0, 0.0, 0.0, 1.0]]], "view": [[0.0, -2.0, 100.0], [-2.0, 0.0, 100.0], [0.0, 0.0, 1.0]], "bev": "bev_23c89fa36a0d4bd284ff5ccc3d58222a.png", "aux": "aux_23c89fa36a0d4bd284ff5ccc3d58222a.npz", "visibility": "visibility_23c89fa36a0d4bd284ff5ccc3d58222a.png", "pose": [[-0.6263167262077332, 0.7795687317848206, 0.0, 998.8836669921875], [-0.7795687317848206, -0.6263167262077332, 0.0, 454.7471618652344], [0.0, 0.0, 1.0, 0.0], [0.0, 0.0, 0.0, 1.0]], "pose_inverse": [[-0.6263167262077332, -0.7795687317848206, 0.0, 980.1242065429688], [0.7795687317848206, -0.6263167262077332, 0.0, -493.8827209472656], [0.0, 0.0, 1.0, 0.0], [0.0, 0.0, 0.0, 1.0]], "cam_ids": [0, 1, 2, 3, 4, 5], "cam_channels": ["CAM_FRONT_LEFT", "CAM_FRONT", "CAM_FRONT_RIGHT", "CAM_BACK_LEFT", "CAM_BACK", "CAM_BACK_RIGHT"], "token": "23c89fa36a0d4bd284ff5ccc3d58222a", "scene": "scene-0529"}, {"images": ["samples/CAM_FRONT_LEFT/n008-2018-08-30-15-52-26-0400__CAM_FRONT_LEFT__1535658945354799.jpg", "samples/CAM_FRONT/n008-2018-08-30-15-52-26-0400__CAM_FRONT__1535658945362404.jpg", "samples/CAM_FRONT_RIGHT/n008-2018-08-30-15-52-26-0400__CAM_FRONT_RIGHT__1535658945370482.jpg", "samples/CAM_BACK_LEFT/n008-2018-08-30-15-52-26-0400__CAM_BACK_LEFT__1535658945397405.jpg", "samples/CAM_BACK/n008-2018-08-30-15-52-26-0400__CAM_BACK__1535658945387558.jpg", "samples/CAM_BACK_RIGHT/n008-2018-08-30-15-52-26-0400__CAM_BACK_RIGHT__1535658945378113.jpg"], "intrinsics": [[[1257.8625342125129, 0.0, 827.2410631095686], [0.0, 1257.8625342125129, 450.915498205774], [0.0, 0.0, 1.0]], [[1252.8131021185304, 0.0, 826.588114781398], [0.0, 1252.8131021185304, 469.9846626224581], [0.0, 0.0, 1.0]], [[1256.7485116440405, 0.0, 817.7887570959712], [0.0, 1256.7485116440403, 451.9541780095127], [0.0, 0.0, 1.0]], [[1254.9860565800168, 0.0, 829.5769333630991], [0.0, 1254.9860565800168, 467.1680561863987], [0.0, 0.0, 1.0]], [[796.8910634503094, 0.0, 857.7774326863696], [0.0, 796.8910634503094, 476.8848988407415], [0.0, 0.0, 1.0]], [[1249.9629280788233, 0.0, 825.3768045375984], [0.0, 1249.9629280788233, 462.54816385708756], [0.0, 0.0, 1.0]]], "extrinsics": [[[0.822112500667572, -0.5687755942344666, -0.025008823722600937, -0.7451171875], [-0.002203933661803603, 0.040747370570898056, -0.9991670846939087, 1.4875373840332031], [0.5693208575248718, 0.8214828372001648, 0.03224537894129753, -1.1551666259765625], [0.0, 0.0, 0.0, 1.0]], [[0.009599057957530022, -0.9992775321006775, -0.03677139803767204, 0.009185791015625], [-0.0004442741337697953, 0.036768823862075806, -0.9993237257003784, 1.4799995422363281], [0.9999538064002991, 0.009608841501176357, -9.100969327846542e-05, -1.4766845703125], [0.0, 0.0, 0.0, 1.0]], [[-0.8443295955657959, -0.5353971719741821, -0.02138424478471279, 0.9246826171875], [0.007440678775310516, 0.028189856559038162, -0.9995748996734619, 1.494504451751709], [0.5357725024223328, -0.8441299200057983, -0.019817816093564034, -1.17083740234375], [0.0, 0.0, 0.0, 1.0]], [[0.947823703289032, 0.3187779486179352, -0.003293999470770359, -1.14556884765625], [-0.017958983778953552, 0.0430755615234375, -0.9989103674888611, 1.56207275390625], [-0.3182887136936188, 0.946850061416626, 0.04655296355485916, -0.155517578125], [0.0, 0.0, 0.0, 1.0]], [[0.009485186077654362, 0.9993212223052979, 0.03559597581624985, -0.0286865234375], [-0.015766313299536705, 0.03574260696768761, -0.9992366433143616, 1.566925048828125], [-0.9998306632041931, 0.008916708640754223, 0.016094638034701347, -0.02667236328125], [0.0, 0.0, 0.0, 1.0]], [[-0.9235906004905701, 0.38305744528770447, 0.01572588086128235, 1.0302734375], [-0.01159049104899168, 0.013101440854370594, -0.9998469948768616, 1.5461673736572266], [-0.38320475816726685, -0.9236315488815308, -0.007660544943064451, -0.09680938720703125], [0.0, 0.0, 0.0, 1.0]]], "view": [[0.0, -2.0, 100.0], [-2.0, 0.0, 100.0], [0.0, 0.0, 1.0]], "bev": "bev_f95253151825461f991dfb8adaceb216.png", "aux": "aux_f95253151825461f991dfb8adaceb216.npz", "visibility": "visibility_f95253151825461f991dfb8adaceb216.png", "pose": [[-0.6228029131889343, 0.7823787331581116, 0.0, 996.4889526367188], [-0.7823787331581116, -0.6228029131889343, 0.0, 451.8070983886719], [0.0, 0.0, 1.0, 0.0], [0.0, 0.0, 0.0, 1.0]], "pose_inverse": [[-0.6228029131889343, -0.7823787331581116, 0.0, 974.1005249023438], [0.7823787331581116, -0.6228029131889343, 0.0, -498.2449951171875], [0.0, 0.0, 1.0, 0.0], [0.0, 0.0, 0.0, 1.0]], "cam_ids": [0, 1, 2, 3, 4, 5], "cam_channels": ["CAM_FRONT_LEFT", "CAM_FRONT", "CAM_FRONT_RIGHT", "CAM_BACK_LEFT", "CAM_BACK", "CAM_BACK_RIGHT"], "token": "f95253151825461f991dfb8adaceb216", "scene": "scene-0529"}, {"images": ["samples/CAM_FRONT_LEFT/n008-2018-08-30-15-52-26-0400__CAM_FRONT_LEFT__1535658945854799.jpg", "samples/CAM_FRONT/n008-2018-08-30-15-52-26-0400__CAM_FRONT__1535658945862404.jpg", "samples/CAM_FRONT_RIGHT/n008-2018-08-30-15-52-26-0400__CAM_FRONT_RIGHT__1535658945870482.jpg", "samples/CAM_BACK_LEFT/n008-2018-08-30-15-52-26-0400__CAM_BACK_LEFT__1535658945897405.jpg", "samples/CAM_BACK/n008-2018-08-30-15-52-26-0400__CAM_BACK__1535658945887558.jpg", "samples/CAM_BACK_RIGHT/n008-2018-08-30-15-52-26-0400__CAM_BACK_RIGHT__1535658945878113.jpg"], "intrinsics": [[[1257.8625342125129, 0.0, 827.2410631095686], [0.0, 1257.8625342125129, 450.915498205774], [0.0, 0.0, 1.0]], [[1252.8131021185304, 0.0, 826.588114781398], [0.0, 1252.8131021185304, 469.9846626224581], [0.0, 0.0, 1.0]], [[1256.7485116440405, 0.0, 817.7887570959712], [0.0, 1256.7485116440403, 451.9541780095127], [0.0, 0.0, 1.0]], [[1254.9860565800168, 0.0, 829.5769333630991], [0.0, 1254.9860565800168, 467.1680561863987], [0.0, 0.0, 1.0]], [[796.8910634503094, 0.0, 857.7774326863696], [0.0, 796.8910634503094, 476.8848988407415], [0.0, 0.0, 1.0]], [[1249.9629280788233, 0.0, 825.3768045375984], [0.0, 1249.9629280788233, 462.54816385708756], [0.0, 0.0, 1.0]]], "extrinsics": [[[0.8224910497665405, -0.5687265992164612, -0.007649917621165514, -0.7545166015625], [0.014136732555925846, 0.03388639912009239, -0.999325692653656, 1.4924378395080566], [0.5686023235321045, 0.8218283653259277, 0.0359111949801445, -1.1646575927734375], [0.0, 0.0, 0.0, 1.0]], [[0.010182822123169899, -0.9995140433311462, -0.029460247606039047, 0.010894775390625], [0.01593737117946148, 0.029620258137583733, -0.9994341731071472, 1.4840548038482666], [0.999821126461029, 0.009707532823085785, 0.016231242567300797, -1.48529052734375], [0.0, 0.0, 0.0, 1.0]], [[-0.8439645767211914, -0.5354869961738586, -0.03126610070466995, 0.92828369140625], [0.02382843941450119, 0.020803676918148994, -0.9994995594024658, 1.4976463317871094], [0.5358694195747375, -0.8442872166633606, -0.004797746893018484, -1.171630859375], [0.0, 0.0, 0.0, 1.0]], [[0.9478312730789185, 0.3186340928077698, 0.009387685917317867, -1.139404296875], [-0.0021136722061783075, 0.035730864852666855, -0.9993591904640198, 1.5620346069335938], [-0.31876540184020996, 0.9472039937973022, 0.034540317952632904, -0.15765380859375], [0.0, 0.0, 0.0, 1.0]], [[0.009161485359072685, 0.9995577931404114, 0.0282905176281929, -0.028961181640625], [0.0002217972942162305, 0.02828967198729515, -0.9995996952056885, 1.5680532455444336], [-0.9999580383300781, 0.00916412565857172, 3.747739901882596e-05, -0.02978515625], [0.0, 0.0, 0.0, 1.0]], [[-0.9236353039741516, 0.38326671719551086, -0.002077808603644371, 1.0301513671875], [0.004603338427841663, 0.0056724282912909985, -0.9999732971191406, 1.5484501123428345], [-0.38324469327926636, -0.9236202836036682, -0.0070035625249147415, -0.0961456298828125], [0.0, 0.0, 0.0, 1.0]]], "view": [[0.0, -2.0, 100.0], [-2.0, 0.0, 100.0], [0.0, 0.0, 1.0]], "bev": "bev_f8eae0b245304cc7a99e78ce59923987.png", "aux": "aux_f8eae0b245304cc7a99e78ce59923987.npz", "visibility": "visibility_f8eae0b245304cc7a99e78ce59923987.png", "pose": [[-0.6221405267715454, 0.7829055786132812, 0.0, 994.2306518554688], [-0.7829055786132812, -0.6221405267715454, 0.0, 449.03936767578125], [0.0, 0.0, 1.0, 0.0], [0.0, 0.0, 0.0, 1.0]], "pose_inverse": [[-0.6221405267715454, -0.7829055786132812, 0.0, 970.1066284179688], [0.7829055786132812, -0.6221405267715454, 0.0, -499.02313232421875], [0.0, 0.0, 1.0, 0.0], [0.0, 0.0, 0.0, 1.0]], "cam_ids": [0, 1, 2, 3, 4, 5], "cam_channels": ["CAM_FRONT_LEFT", "CAM_FRONT", "CAM_FRONT_RIGHT", "CAM_BACK_LEFT", "CAM_BACK", "CAM_BACK_RIGHT"], "token": "f8eae0b245304cc7a99e78ce59923987", "scene": "scene-0529"}, {"images": ["samples/CAM_FRONT_LEFT/n008-2018-08-30-15-52-26-0400__CAM_FRONT_LEFT__1535658946254799.jpg", "samples/CAM_FRONT/n008-2018-08-30-15-52-26-0400__CAM_FRONT__1535658946262404.jpg", "samples/CAM_FRONT_RIGHT/n008-2018-08-30-15-52-26-0400__CAM_FRONT_RIGHT__1535658946270482.jpg", "samples/CAM_BACK_LEFT/n008-2018-08-30-15-52-26-0400__CAM_BACK_LEFT__1535658946297405.jpg", "samples/CAM_BACK/n008-2018-08-30-15-52-26-0400__CAM_BACK__1535658946287558.jpg", "samples/CAM_BACK_RIGHT/n008-2018-08-30-15-52-26-0400__CAM_BACK_RIGHT__1535658946278113.jpg"], "intrinsics": [[[1257.8625342125129, 0.0, 827.2410631095686], [0.0, 1257.8625342125129, 450.915498205774], [0.0, 0.0, 1.0]], [[1252.8131021185304, 0.0, 826.588114781398], [0.0, 1252.8131021185304, 469.9846626224581], [0.0, 0.0, 1.0]], [[1256.7485116440405, 0.0, 817.7887570959712], [0.0, 1256.7485116440403, 451.9541780095127], [0.0, 0.0, 1.0]], [[1254.9860565800168, 0.0, 829.5769333630991], [0.0, 1254.9860565800168, 467.1680561863987], [0.0, 0.0, 1.0]], [[796.8910634503094, 0.0, 857.7774326863696], [0.0, 796.8910634503094, 476.8848988407415], [0.0, 0.0, 1.0]], [[1249.9629280788233, 0.0, 825.3768045375984], [0.0, 1249.9629280788233, 462.54816385708756], [0.0, 0.0, 1.0]]], "extrinsics": [[[0.8226973414421082, -0.5683634281158447, -0.011497924104332924, -0.756591796875], [0.008629309013485909, 0.032709091901779175, -0.9994276762008667, 1.4908294677734375], [0.5684142708778381, 0.8221271634101868, 0.03181426599621773, -1.1639404296875], [0.0, 0.0, 0.0, 1.0]], [[0.010551590472459793, -0.9995391368865967, -0.02846277691423893, 0.009765625], [0.010598362423479557, 0.02857455424964428, -0.9995355010032654, 1.4827651977539062], [0.9998881220817566, 0.010245168581604958, 0.010894987732172012, -1.4847412109375], [0.0, 0.0, 0.0, 1.0]], [[-0.8437939286231995, -0.5360174775123596, -0.026401253417134285, 0.926025390625], [0.018671320751309395, 0.019843945279717445, -0.9996287226676941, 1.4967041015625], [0.5363425016403198, -0.8439735770225525, -0.006736046634614468, -1.1710205078125], [0.0, 0.0, 0.0, 1.0]], [[0.9478487372398376, 0.31868746876716614, 0.00458353478461504, -1.13360595703125], [-0.0068339016288518906, 0.03469910845160484, -0.9993744492530823, 1.5619697570800781], [-0.31864723563194275, 0.947224497795105, 0.03506738319993019, -0.1595458984375], [0.0, 0.0, 0.0, 1.0]], [[0.009024864062666893, 0.9995869398117065, 0.027288060635328293, -0.028839111328125], [-0.004673520568758249, 0.02733103558421135, -0.999615490436554, 1.5676746368408203], [-0.9999484419822693, 0.008893822319805622, 0.004918246995657682, -0.0345458984375], [0.0, 0.0, 0.0, 1.0]], [[-0.9238205552101135, 0.3828192949295044, 0.002224877243861556, 1.02734375], [-0.0004539213259704411, 0.004716349765658379, -0.9999887943267822, 1.5477406978607178], [-0.38282540440559387, -0.9238111972808838, -0.004183290991932154, -0.09765625], [0.0, 0.0, 0.0, 1.0]]], "view": [[0.0, -2.0, 100.0], [-2.0, 0.0, 100.0], [0.0, 0.0, 1.0]], "bev": "bev_bf46566d25cb4f85b374d7fa875391a4.png", "aux": "aux_bf46566d25cb4f85b374d7fa875391a4.npz", "visibility": "visibility_bf46566d25cb4f85b374d7fa875391a4.png", "pose": [[-0.6202930808067322, 0.7843701243400574, 0.0, 992.5004272460938], [-0.7843701243400574, -0.6202930808067322, 0.0, 446.8905029296875], [0.0, 0.0, 1.0, 0.0], [0.0, 0.0, 0.0, 1.0]], "pose_inverse": [[-0.6202930808067322, -0.7843701243400574, 0.0, 966.168701171875], [0.7843701243400574, -0.6202930808067322, 0.0, -501.28460693359375], [0.0, 0.0, 1.0, 0.0], [0.0, 0.0, 0.0, 1.0]], "cam_ids": [0, 1, 2, 3, 4, 5], "cam_channels": ["CAM_FRONT_LEFT", "CAM_FRONT", "CAM_FRONT_RIGHT", "CAM_BACK_LEFT", "CAM_BACK", "CAM_BACK_RIGHT"], "token": "bf46566d25cb4f85b374d7fa875391a4", "scene": "scene-0529"}, {"images": ["samples/CAM_FRONT_LEFT/n008-2018-08-30-15-52-26-0400__CAM_FRONT_LEFT__1535658946854799.jpg", "samples/CAM_FRONT/n008-2018-08-30-15-52-26-0400__CAM_FRONT__1535658946862404.jpg", "samples/CAM_FRONT_RIGHT/n008-2018-08-30-15-52-26-0400__CAM_FRONT_RIGHT__1535658946870482.jpg", "samples/CAM_BACK_LEFT/n008-2018-08-30-15-52-26-0400__CAM_BACK_LEFT__1535658946897405.jpg", "samples/CAM_BACK/n008-2018-08-30-15-52-26-0400__CAM_BACK__1535658946887558.jpg", "samples/CAM_BACK_RIGHT/n008-2018-08-30-15-52-26-0400__CAM_BACK_RIGHT__1535658946878113.jpg"], "intrinsics": [[[1257.8625342125129, 0.0, 827.2410631095686], [0.0, 1257.8625342125129, 450.915498205774], [0.0, 0.0, 1.0]], [[1252.8131021185304, 0.0, 826.588114781398], [0.0, 1252.8131021185304, 469.9846626224581], [0.0, 0.0, 1.0]], [[1256.7485116440405, 0.0, 817.7887570959712], [0.0, 1256.7485116440403, 451.9541780095127], [0.0, 0.0, 1.0]], [[1254.9860565800168, 0.0, 829.5769333630991], [0.0, 1254.9860565800168, 467.1680561863987], [0.0, 0.0, 1.0]], [[796.8910634503094, 0.0, 857.7774326863696], [0.0, 796.8910634503094, 476.8848988407415], [0.0, 0.0, 1.0]], [[1249.9629280788233, 0.0, 825.3768045375984], [0.0, 1249.9629280788233, 462.54816385708756], [0.0, 0.0, 1.0]]], "extrinsics": [[[0.8225679993629456, -0.568610668182373, -0.007994148880243301, -0.77490234375], [0.010833026841282845, 0.029723407700657845, -0.9994994401931763, 1.4912490844726562], [0.56856369972229, 0.822069525718689, 0.03060929663479328, -1.176727294921875], [0.0, 0.0, 0.0, 1.0]], [[0.010345885530114174, -0.9996256232261658, -0.02532772906124592, 0.00958251953125], [0.012863591313362122, 0.02546004019677639, -0.9995930790901184, 1.4830708503723145], [0.9998636841773987, 0.010015859268605709, 0.013122182339429855, -1.50518798828125], [0.0, 0.0, 0.0, 1.0]], [[-0.8438778519630432, -0.5358765721321106, -0.026578452438116074, 0.9415283203125], [0.020929748192429543, 0.016620999202132225, -0.9996427893638611, 1.49676513671875], [0.5361269116401672, -0.8441327810287476, -0.0028103322256356478, -1.18096923828125], [0.0, 0.0, 0.0, 1.0]], [[0.9478566646575928, 0.31864264607429504, 0.005882475525140762, -1.13482666015625], [-0.004339542239904404, 0.03136049583554268, -0.999498724937439, 1.562002182006836], [-0.3186674118041992, 0.9473559856414795, 0.031108016148209572, -0.15924072265625], [0.0, 0.0, 0.0, 1.0]], [[0.009106975980103016, 0.9996715188026428, 0.023954039439558983, -0.02886962890625], [-0.002269984455779195, 0.023975634947419167, -0.999709963798523, 1.5678844451904297], [-0.9999560117721558, 0.009049971587955952, 0.002487584948539734, -0.02655029296875], [0.0, 0.0, 0.0, 1.0]], [[-0.9237367510795593, 0.38302603363990784, -0.0011638974538072944, 1.0404052734375], [0.0018506469205021858, 0.0014244891935959458, -0.9999972581863403, 1.5480502843856812], [-0.38302329182624817, -0.9237363934516907, -0.002024698304012418, -0.09229278564453125], [0.0, 0.0, 0.0, 1.0]]], "view": [[0.0, -2.0, 100.0], [-2.0, 0.0, 100.0], [0.0, 0.0, 1.0]], "bev": "bev_e707c78ba9e146a0b838027b6c28dfa0.png", "aux": "aux_e707c78ba9e146a0b838027b6c28dfa0.npz", "visibility": "visibility_e707c78ba9e146a0b838027b6c28dfa0.png", "pose": [[-0.6191989183425903, 0.7852341532707214, 0.0, 990.0167846679688], [-0.7852341532707214, -0.6191989183425903, 0.0, 443.81134033203125], [0.0, 0.0, 1.0, 0.0], [0.0, 0.0, 0.0, 1.0]], "pose_inverse": [[-0.6191989183425903, -0.7852341532707214, 0.0, 961.51318359375], [0.7852341532707214, -0.6191989183425903, 0.0, -502.5874938964844], [0.0, 0.0, 1.0, 0.0], [0.0, 0.0, 0.0, 1.0]], "cam_ids": [0, 1, 2, 3, 4, 5], "cam_channels": ["CAM_FRONT_LEFT", "CAM_FRONT", "CAM_FRONT_RIGHT", "CAM_BACK_LEFT", "CAM_BACK", "CAM_BACK_RIGHT"], "token": "e707c78ba9e146a0b838027b6c28dfa0", "scene": "scene-0529"}, {"images": ["samples/CAM_FRONT_LEFT/n008-2018-08-30-15-52-26-0400__CAM_FRONT_LEFT__1535658947354799.jpg", "samples/CAM_FRONT/n008-2018-08-30-15-52-26-0400__CAM_FRONT__1535658947362404.jpg", "samples/CAM_FRONT_RIGHT/n008-2018-08-30-15-52-26-0400__CAM_FRONT_RIGHT__1535658947370482.jpg", "samples/CAM_BACK_LEFT/n008-2018-08-30-15-52-26-0400__CAM_BACK_LEFT__1535658947397405.jpg", "samples/CAM_BACK/n008-2018-08-30-15-52-26-0400__CAM_BACK__1535658947387558.jpg", "samples/CAM_BACK_RIGHT/n008-2018-08-30-15-52-26-0400__CAM_BACK_RIGHT__1535658947378113.jpg"], "intrinsics": [[[1257.8625342125129, 0.0, 827.2410631095686], [0.0, 1257.8625342125129, 450.915498205774], [0.0, 0.0, 1.0]], [[1252.8131021185304, 0.0, 826.588114781398], [0.0, 1252.8131021185304, 469.9846626224581], [0.0, 0.0, 1.0]], [[1256.7485116440405, 0.0, 817.7887570959712], [0.0, 1256.7485116440403, 451.9541780095127], [0.0, 0.0, 1.0]], [[1254.9860565800168, 0.0, 829.5769333630991], [0.0, 1254.9860565800168, 467.1680561863987], [0.0, 0.0, 1.0]], [[796.8910634503094, 0.0, 857.7774326863696], [0.0, 796.8910634503094, 476.8848988407415], [0.0, 0.0, 1.0]], [[1249.9629280788233, 0.0, 825.3768045375984], [0.0, 1249.9629280788233, 462.54816385708756], [0.0, 0.0, 1.0]]], "extrinsics": [[[0.822517454624176, -0.5687398314476013, -0.00012199275806779042, -0.778564453125], [0.014101706445217133, 0.020608466118574142, -0.9996881484985352, 1.4920926094055176], [0.5685650110244751, 0.822259247303009, 0.024971025064587593, -1.1801681518554688], [0.0, 0.0, 0.0, 1.0]], [[0.010318897664546967, -0.9998155832290649, -0.016198158264160156, 0.010009765625], [0.01625734195113182, 0.016364624723792076, -0.9997339248657227, 1.4837923049926758], [0.9998145699501038, 0.010052766650915146, 0.016423208639025688, -1.50927734375], [0.0, 0.0, 0.0, 1.0]], [[-0.8438308835029602, -0.5360409021377563, -0.02468966320157051, 0.94439697265625], [0.02447809837758541, 0.007510978728532791, -0.9996721148490906, 1.4973278045654297], [0.5360506176948547, -0.8441585898399353, 0.006783266086131334, -1.1824951171875], [0.0, 0.0, 0.0, 1.0]], [[0.9478654265403748, 0.3186051547527313, 0.006474615074694157, -1.13568115234375], [-0.0006608112016692758, 0.022282641381025314, -0.9997515082359314, 1.5620336532592773], [-0.31867027282714844, 0.947625458240509, 0.021331483498215675, -0.1590576171875], [0.0, 0.0, 0.0, 1.0]], [[0.009123596362769604, 0.9998475909233093, 0.014882778748869896, -0.028961181640625], [0.0013290251372382045, 0.014871261082589626, -0.9998884797096252, 1.5681424140930176], [-0.9999574422836304, 0.009142321534454823, -0.0011931442422792315, -0.02496337890625], [0.0, 0.0, 0.0, 1.0]], [[-0.9236893057823181, 0.38305923342704773, -0.007974390871822834, 1.0426025390625], [0.005444771610200405, -0.007687481120228767, -0.9999555945396423, 1.5485153198242188], [-0.38310351967811584, -0.9236918091773987, 0.005015174392610788, -0.0911407470703125], [0.0, 0.0, 0.0, 1.0]]], "view": [[0.0, -2.0, 100.0], [-2.0, 0.0, 100.0], [0.0, 0.0, 1.0]], "bev": "bev_aa80f275c4a94e93a6da68820a249e6b.png", "aux": "aux_aa80f275c4a94e93a6da68820a249e6b.npz", "visibility": "visibility_aa80f275c4a94e93a6da68820a249e6b.png", "pose": [[-0.617036759853363, 0.7869343161582947, 0.0, 988.0431518554688], [-0.7869343161582947, -0.617036759853363, 0.0, 441.34423828125], [0.0, 0.0, 1.0, 0.0], [0.0, 0.0, 0.0, 1.0]], "pose_inverse": [[-0.617036759853363, -0.7869343161582947, 0.0, 956.9678344726562], [0.7869343161582947, -0.617036759853363, 0.0, -505.1994934082031], [0.0, 0.0, 1.0, 0.0], [0.0, 0.0, 0.0, 1.0]], "cam_ids": [0, 1, 2, 3, 4, 5], "cam_channels": ["CAM_FRONT_LEFT", "CAM_FRONT", "CAM_FRONT_RIGHT", "CAM_BACK_LEFT", "CAM_BACK", "CAM_BACK_RIGHT"], "token": "aa80f275c4a94e93a6da68820a249e6b", "scene": "scene-0529"}, {"images": ["samples/CAM_FRONT_LEFT/n008-2018-08-30-15-52-26-0400__CAM_FRONT_LEFT__1535658947904799.jpg", "samples/CAM_FRONT/n008-2018-08-30-15-52-26-0400__CAM_FRONT__1535658947912404.jpg", "samples/CAM_FRONT_RIGHT/n008-2018-08-30-15-52-26-0400__CAM_FRONT_RIGHT__1535658947920482.jpg", "samples/CAM_BACK_LEFT/n008-2018-08-30-15-52-26-0400__CAM_BACK_LEFT__1535658947947405.jpg", "samples/CAM_BACK/n008-2018-08-30-15-52-26-0400__CAM_BACK__1535658947937558.jpg", "samples/CAM_BACK_RIGHT/n008-2018-08-30-15-52-26-0400__CAM_BACK_RIGHT__1535658947928113.jpg"], "intrinsics": [[[1257.8625342125129, 0.0, 827.2410631095686], [0.0, 1257.8625342125129, 450.915498205774], [0.0, 0.0, 1.0]], [[1252.8131021185304, 0.0, 826.588114781398], [0.0, 1252.8131021185304, 469.9846626224581], [0.0, 0.0, 1.0]], [[1256.7485116440405, 0.0, 817.7887570959712], [0.0, 1256.7485116440403, 451.9541780095127], [0.0, 0.0, 1.0]], [[1254.9860565800168, 0.0, 829.5769333630991], [0.0, 1254.9860565800168, 467.1680561863987], [0.0, 0.0, 1.0]], [[796.8910634503094, 0.0, 857.7774326863696], [0.0, 796.8910634503094, 476.8848988407415], [0.0, 0.0, 1.0]], [[1249.9629280788233, 0.0, 825.3768045375984], [0.0, 1249.9629280788233, 462.54816385708756], [0.0, 0.0, 1.0]]], "extrinsics": [[[0.8223168253898621, -0.5690287947654724, 0.0011334081646054983, -0.771484375], [0.012296780943870544, 0.015778936445713043, -0.999799907207489, 1.4917759895324707], [0.568897008895874, 0.8221662044525146, 0.019972506910562515, -1.1722793579101562], [0.0, 0.0, 0.0, 1.0]], [[0.010007856413722038, -0.9998866319656372, -0.011243832297623158, 0.008056640625], [0.01415820512920618, 0.01138495933264494, -0.9998349547386169, 1.4834890365600586], [0.9998497366905212, 0.009846925735473633, 0.014270540326833725, -1.499755859375], [0.0, 0.0, 0.0, 1.0]], [[-0.8440135717391968, -0.535951554775238, -0.019924502819776535, 0.9361572265625], [0.022080278024077415, 0.002394868992269039, -0.9997532963752747, 1.4971199035644531], [0.5358670353889465, -0.8442453742027283, 0.009812657721340656, -1.17901611328125], [0.0, 0.0, 0.0, 1.0]], [[0.9478804469108582, 0.31862059235572815, 0.0018427830655127764, -1.1337890625], [-0.003689603181555867, 0.016759157180786133, -0.9998527765274048, 1.5620040893554688], [-0.31860455870628357, 0.9477341771125793, 0.01706126146018505, -0.159423828125], [0.0, 0.0, 0.0, 1.0]], [[0.009257535450160503, 0.999911904335022, 0.009509149007499218, -0.028289794921875], [-0.001429645693860948, 0.00952278170734644, -0.9999536275863647, 1.5679545402526855], [-0.9999561905860901, 0.009243565611541271, 0.0015176772139966488, -0.029296875], [0.0, 0.0, 0.0, 1.0]], [[-0.9236388802528381, 0.3831889033317566, -0.007587961386889219, 1.0364990234375], [0.0028718658722937107, -0.012878073379397392, -0.9999129176139832, 1.5481996536254883], [-0.383253276348114, -0.9235802292823792, 0.010794222354888916, -0.0949859619140625], [0.0, 0.0, 0.0, 1.0]]], "view": [[0.0, -2.0, 100.0], [-2.0, 0.0, 100.0], [0.0, 0.0, 1.0]], "bev": "bev_fdb6a23f0ccb4da78e712abd1ae36dd0.png", "aux": "aux_fdb6a23f0ccb4da78e712abd1ae36dd0.npz", "visibility": "visibility_fdb6a23f0ccb4da78e712abd1ae36dd0.png", "pose": [[-0.6148607730865479, 0.7886356711387634, 0.0, 985.8958129882812], [-0.7886356711387634, -0.6148607730865479, 0.0, 438.61505126953125], [0.0, 0.0, 1.0, 0.0], [0.0, 0.0, 0.0, 1.0]], "pose_inverse": [[-0.6148607730865479, -0.7886356711387634, 0.0, 952.0961303710938], [0.7886356711387634, -0.6148607730865479, 0.0, -507.82537841796875], [0.0, 0.0, 1.0, 0.0], [0.0, 0.0, 0.0, 1.0]], "cam_ids": [0, 1, 2, 3, 4, 5], "cam_channels": ["CAM_FRONT_LEFT", "CAM_FRONT", "CAM_FRONT_RIGHT", "CAM_BACK_LEFT", "CAM_BACK", "CAM_BACK_RIGHT"], "token": "fdb6a23f0ccb4da78e712abd1ae36dd0", "scene": "scene-0529"}, {"images": ["samples/CAM_FRONT_LEFT/n008-2018-08-30-15-52-26-0400__CAM_FRONT_LEFT__1535658948404799.jpg", "samples/CAM_FRONT/n008-2018-08-30-15-52-26-0400__CAM_FRONT__1535658948412404.jpg", "samples/CAM_FRONT_RIGHT/n008-2018-08-30-15-52-26-0400__CAM_FRONT_RIGHT__1535658948420482.jpg", "samples/CAM_BACK_LEFT/n008-2018-08-30-15-52-26-0400__CAM_BACK_LEFT__1535658948447405.jpg", "samples/CAM_BACK/n008-2018-08-30-15-52-26-0400__CAM_BACK__1535658948437558.jpg", "samples/CAM_BACK_RIGHT/n008-2018-08-30-15-52-26-0400__CAM_BACK_RIGHT__1535658948428113.jpg"], "intrinsics": [[[1257.8625342125129, 0.0, 827.2410631095686], [0.0, 1257.8625342125129, 450.915498205774], [0.0, 0.0, 1.0]], [[1252.8131021185304, 0.0, 826.588114781398], [0.0, 1252.8131021185304, 469.9846626224581], [0.0, 0.0, 1.0]], [[1256.7485116440405, 0.0, 817.7887570959712], [0.0, 1256.7485116440403, 451.9541780095127], [0.0, 0.0, 1.0]], [[1254.9860565800168, 0.0, 829.5769333630991], [0.0, 1254.9860565800168, 467.1680561863987], [0.0, 0.0, 1.0]], [[796.8910634503094, 0.0, 857.7774326863696], [0.0, 796.8910634503094, 476.8848988407415], [0.0, 0.0, 1.0]], [[1249.9629280788233, 0.0, 825.3768045375984], [0.0, 1249.9629280788233, 462.54816385708756], [0.0, 0.0, 1.0]]], "extrinsics": [[[0.8224850296974182, -0.5687640309333801, -0.005093416664749384, -0.7734375], [0.00501481955870986, 0.016205837950110435, -0.9998561143875122, 1.489670991897583], [0.5687646865844727, 0.8223411440849304, 0.016181306913495064, -1.1753616333007812], [0.0, 0.0, 0.0, 1.0]], [[0.010160429403185844, -0.9998742938041687, -0.012171835638582706, 0.00909423828125], [0.0069379075430333614, 0.012242660857737064, -0.9999009966850281, 1.4817616939544678], [0.9999242424964905, 0.010074906051158905, 0.007061426527798176, -1.502197265625], [0.0, 0.0, 0.0, 1.0]], [[-0.8440372943878174, -0.5360860824584961, -0.014589374884963036, 0.93792724609375], [0.014925877563655376, 0.0037114443257451057, -0.9998816847801208, 1.4957809448242188], [0.5360767841339111, -0.8441551923751831, 0.0048689572140574455, -1.17919921875], [0.0, 0.0, 0.0, 1.0]], [[0.947885274887085, 0.3185899257659912, -0.003720800159499049, -1.1309814453125], [-0.010361597873270512, 0.019152168184518814, -0.9997628927230835, 1.5619068145751953], [-0.3184431791305542, 0.9476991295814514, 0.02145516127347946, -0.160400390625], [0.0, 0.0, 0.0, 1.0]], [[0.009270026348531246, 0.9998902678489685, 0.011549093760550022, -0.02862548828125], [-0.008289607241749763, 0.011626035906374454, -0.9998980164527893, 1.567434310913086], [-0.9999226331710815, 0.009173460304737091, 0.008396471850574017, -0.030517578125], [0.0, 0.0, 0.0, 1.0]], [[-0.9237198233604431, 0.3830682635307312, -0.000528355420101434, 1.03662109375], [-0.004075842909514904, -0.01120754424482584, -0.9999288320541382, 1.5472753047943115], [-0.3830470144748688, -0.9236519932746887, 0.011913958005607128, -0.09418487548828125], [0.0, 0.0, 0.0, 1.0]]], "view": [[0.0, -2.0, 100.0], [-2.0, 0.0, 100.0], [0.0, 0.0, 1.0]], "bev": "bev_6a463f43ce7c46ffbf764b7582ce0b66.png", "aux": "aux_6a463f43ce7c46ffbf764b7582ce0b66.npz", "visibility": "visibility_6a463f43ce7c46ffbf764b7582ce0b66.png", "pose": [[-0.6135892868041992, 0.789625346660614, 0.0, 983.954345703125], [-0.789625346660614, -0.6135892868041992, 0.0, 436.1434631347656], [0.0, 0.0, 1.0, 0.0], [0.0, 0.0, 0.0, 1.0]], "pose_inverse": [[-0.6135892868041992, -0.789625346660614, 0.0, 948.1337890625], [0.789625346660614, -0.6135892868041992, 0.0, -509.34234619140625], [0.0, 0.0, 1.0, 0.0], [0.0, 0.0, 0.0, 1.0]], "cam_ids": [0, 1, 2, 3, 4, 5], "cam_channels": ["CAM_FRONT_LEFT", "CAM_FRONT", "CAM_FRONT_RIGHT", "CAM_BACK_LEFT", "CAM_BACK", "CAM_BACK_RIGHT"], "token": "6a463f43ce7c46ffbf764b7582ce0b66", "scene": "scene-0529"}, {"images": ["samples/CAM_FRONT_LEFT/n008-2018-08-30-15-52-26-0400__CAM_FRONT_LEFT__1535658948904799.jpg", "samples/CAM_FRONT/n008-2018-08-30-15-52-26-0400__CAM_FRONT__1535658948912404.jpg", "samples/CAM_FRONT_RIGHT/n008-2018-08-30-15-52-26-0400__CAM_FRONT_RIGHT__1535658948920482.jpg", "samples/CAM_BACK_LEFT/n008-2018-08-30-15-52-26-0400__CAM_BACK_LEFT__1535658948947405.jpg", "samples/CAM_BACK/n008-2018-08-30-15-52-26-0400__CAM_BACK__1535658948937558.jpg", "samples/CAM_BACK_RIGHT/n008-2018-08-30-15-52-26-0400__CAM_BACK_RIGHT__1535658948928115.jpg"], "intrinsics": [[[1257.8625342125129, 0.0, 827.2410631095686], [0.0, 1257.8625342125129, 450.915498205774], [0.0, 0.0, 1.0]], [[1252.8131021185304, 0.0, 826.588114781398], [0.0, 1252.8131021185304, 469.9846626224581], [0.0, 0.0, 1.0]], [[1256.7485116440405, 0.0, 817.7887570959712], [0.0, 1256.7485116440403, 451.9541780095127], [0.0, 0.0, 1.0]], [[1254.9860565800168, 0.0, 829.5769333630991], [0.0, 1254.9860565800168, 467.1680561863987], [0.0, 0.0, 1.0]], [[796.8910634503094, 0.0, 857.7774326863696], [0.0, 796.8910634503094, 476.8848988407415], [0.0, 0.0, 1.0]], [[1249.9629280788233, 0.0, 825.3768045375984], [0.0, 1249.9629280788233, 462.54816385708756], [0.0, 0.0, 1.0]]], "extrinsics": [[[0.822445809841156, -0.5688247680664062, -0.0046354858204722404, -0.7779541015625], [0.007496344391256571, 0.018986264243721962, -0.99979168176651, 1.4903247356414795], [0.5687942504882812, 0.8222396373748779, 0.019879277795553207, -1.1782455444335938], [0.0, 0.0, 0.0, 1.0]], [[0.010127945803105831, -0.9998407959938049, -0.014694137498736382, 0.0093994140625], [0.009365515783429146, 0.01478909607976675, -0.9998467564582825, 1.482293963432312], [0.9999049305915833, 0.009988819248974323, 0.009513807483017445, -1.5047607421875], [0.0, 0.0, 0.0, 1.0]], [[-0.844026505947113, -0.5360053181648254, -0.017822174355387688, 0.93902587890625], [0.017296189442276955, 0.006008795462548733, -0.9998323321342468, 1.496185302734375], [0.5360225439071655, -0.8441932201385498, 0.004199265968054533, -1.17962646484375], [0.0, 0.0, 0.0, 1.0]], [[0.9478827714920044, 0.31861743330955505, -0.0011388432467356324, -1.12939453125], [-0.008241426199674606, 0.020944712683558464, -0.9997466802597046, 1.5619144439697266], [-0.31851282715797424, 0.9476519823074341, 0.022478990256786346, -0.16119384765625], [0.0, 0.0, 0.0, 1.0]], [[0.009253435768187046, 0.999866783618927, 0.0134505741298198