[{"images": ["samples/CAM_FRONT_LEFT/n008-2018-09-18-12-07-26-0400__CAM_FRONT_LEFT__1537287265604799.jpg", "samples/CAM_FRONT/n008-2018-09-18-12-07-26-0400__CAM_FRONT__1537287265612404.jpg", "samples/CAM_FRONT_RIGHT/n008-2018-09-18-12-07-26-0400__CAM_FRONT_RIGHT__1537287265620482.jpg", "samples/CAM_BACK_LEFT/n008-2018-09-18-12-07-26-0400__CAM_BACK_LEFT__1537287265647405.jpg", "samples/CAM_BACK/n008-2018-09-18-12-07-26-0400__CAM_BACK__1537287265637558.jpg", "samples/CAM_BACK_RIGHT/n008-2018-09-18-12-07-26-0400__CAM_BACK_RIGHT__1537287265628113.jpg"], "intrinsics": [[[1257.8625342125129, 0.0, 827.2410631095686], [0.0, 1257.8625342125129, 450.915498205774], [0.0, 0.0, 1.0]], [[1252.8131021185304, 0.0, 826.588114781398], [0.0, 1252.8131021185304, 469.9846626224581], [0.0, 0.0, 1.0]], [[1256.7485116440405, 0.0, 817.7887570959712], [0.0, 1256.7485116440403, 451.9541780095127], [0.0, 0.0, 1.0]], [[1254.9860565800168, 0.0, 829.5769333630991], [0.0, 1254.9860565800168, 467.1680561863987], [0.0, 0.0, 1.0]], [[796.8910634503094, 0.0, 857.7774326863696], [0.0, 796.8910634503094, 476.8848988407415], [0.0, 0.0, 1.0]], [[1249.9629280788233, 0.0, 825.3768045375984], [0.0, 1249.9629280788233, 462.54816385708756], [0.0, 0.0, 1.0]]], "extrinsics": [[[0.822747528553009, -0.5682365298271179, -0.013928713276982307, -0.6305084228515625], [0.005801380146294832, 0.03289829567074776, -0.9994418025016785, 1.4907684326171875], [0.5683776140213013, 0.8222074508666992, 0.0303635410964489, -1.080078125], [0.0, 0.0, 0.0, 1.0]], [[0.010435877367854118, -0.9995343089103699, -0.028674840927124023, 0.0130615234375], [0.007844513282179832, 0.028757356107234955, -0.9995556473731995, 1.4830055236816406], [0.9999147653579712, 0.010206283070147038, 0.008140967227518559, -1.35888671875], [0.0, 0.0, 0.0, 1.0]], [[-0.8439854383468628, -0.5358193516731262, -0.024212351068854332, 0.8427734375], [0.01595831662416458, 0.02003626711666584, -0.9996718764305115, 1.4977340698242188], [0.5361286997795105, -0.8440949320793152, -0.008359542116522789, -1.11676025390625], [0.0, 0.0, 0.0, 1.0]], [[0.9479013085365295, 0.31855520606040955, 0.002365456661209464, -1.1165771484375], [-0.009241275489330292, 0.034919314086437225, -0.9993473887443542, 1.5617637634277344], [-0.31843000650405884, 0.9472609162330627, 0.0360439233481884, -0.16552734375], [0.0, 0.0, 0.0, 1.0]], [[0.009343422017991543, 0.9995800852775574, 0.0274281557649374, -0.02880859375], [-0.0071907625533640385, 0.02749580703675747, -0.9995959997177124, 1.5671234130859375], [-0.9999305009841919, 0.009142513386905193, 0.00744464760646224, -0.0816650390625], [0.0, 0.0, 0.0, 1.0]], [[-0.9236736297607422, 0.3831518292427063, 0.0046597919426858425, 0.957244873046875], [-0.003006929997354746, 0.004912655334919691, -0.9999834299087524, 1.5471420288085938], [-0.38316836953163147, -0.9236723780632019, -0.0033855794463306665, -0.1259765625], [0.0, 0.0, 0.0, 1.0]]], "view": [[0.0, -2.0, 100.0], [-2.0, 0.0, 100.0], [0.0, 0.0, 1.0]], "bev": "bev_7a6cd8ff427243039aa4856cb4895f7d.png", "aux": "aux_7a6cd8ff427243039aa4856cb4895f7d.npz", "visibility": "visibility_7a6cd8ff427243039aa4856cb4895f7d.png", "pose": [[0.8562225699424744, 0.5166071653366089, 0.0, 2024.910400390625], [-0.5166071653366089, 0.8562225699424744, 0.0, 985.3092041015625], [0.0, 0.0, 1.0, 0.0], [0.0, 0.0, 0.0, 1.0]], "pose_inverse": [[0.8562225699424744, -0.5166071653366089, 0.0, -1224.756103515625], [0.5166071653366089, 0.8562225699424744, 0.0, -1889.7271728515625], [0.0, 0.0, 1.0, 0.0], [0.0, 0.0, 0.0, 1.0]], "cam_ids": [0, 1, 2, 3, 4, 5], "cam_channels": ["CAM_FRONT_LEFT", "CAM_FRONT", "CAM_FRONT_RIGHT", "CAM_BACK_LEFT", "CAM_BACK", "CAM_BACK_RIGHT"], "token": "7a6cd8ff427243039aa4856cb4895f7d", "scene": "scene-0452"}, {"images": ["samples/CAM_FRONT_LEFT/n008-2018-09-18-12-07-26-0400__CAM_FRONT_LEFT__1537287266254799.jpg", "samples/CAM_FRONT/n008-2018-09-18-12-07-26-0400__CAM_FRONT__1537287266262404.jpg", "samples/CAM_FRONT_RIGHT/n008-2018-09-18-12-07-26-0400__CAM_FRONT_RIGHT__1537287266270482.jpg", "samples/CAM_BACK_LEFT/n008-2018-09-18-12-07-26-0400__CAM_BACK_LEFT__1537287266297405.jpg", "samples/CAM_BACK/n008-2018-09-18-12-07-26-0400__CAM_BACK__1537287266287558.jpg", "samples/CAM_BACK_RIGHT/n008-2018-09-18-12-07-26-0400__CAM_BACK_RIGHT__1537287266278113.jpg"], "intrinsics": [[[1257.8625342125129, 0.0, 827.2410631095686], [0.0, 1257.8625342125129, 450.915498205774], [0.0, 0.0, 1.0]], [[1252.8131021185304, 0.0, 826.588114781398], [0.0, 1252.8131021185304, 469.9846626224581], [0.0, 0.0, 1.0]], [[1256.7485116440405, 0.0, 817.7887570959712], [0.0, 1256.7485116440403, 451.9541780095127], [0.0, 0.0, 1.0]], [[1254.9860565800168, 0.0, 829.5769333630991], [0.0, 1254.9860565800168, 467.1680561863987], [0.0, 0.0, 1.0]], [[796.8910634503094, 0.0, 857.7774326863696], [0.0, 796.8910634503094, 476.8848988407415], [0.0, 0.0, 1.0]], [[1249.9629280788233, 0.0, 825.3768045375984], [0.0, 1249.9629280788233, 462.54816385708756], [0.0, 0.0, 1.0]]], "extrinsics": [[[0.8222495913505554, -0.5690417289733887, -0.009855297394096851, -0.6438102722167969], [0.007217384409159422, 0.02774091809988022, -0.9995890855789185, 1.4913787841796875], [0.5690812468528748, 0.8218405842781067, 0.026916952803730965, -1.08642578125], [0.0, 0.0, 0.0, 1.0]], [[0.00983373075723648, -0.9996741414070129, -0.023555446416139603, 0.0113525390625], [0.009190077893435955, 0.02364594303071499, -0.9996781349182129, 1.4834518432617188], [0.9999094009399414, 0.009614028036594391, 0.009419610723853111, -1.370849609375], [0.0, 0.0, 0.0, 1.0]], [[-0.8441503047943115, -0.5356305241584778, -0.02258673869073391, 0.85009765625], [0.017236731946468353, 0.014992519281804562, -0.9997390508651733, 1.4979782104492188], [0.5358294248580933, -0.8443193435668945, -0.0034234204795211554, -1.12286376953125], [0.0, 0.0, 0.0, 1.0]], [[0.947895884513855, 0.31857532262802124, 0.001792241702787578, -1.121337890625], [-0.008231011219322681, 0.03011378087103367, -0.9995126128196716, 1.5618247985839844], [-0.31847408413887024, 0.9474190473556519, 0.0311669260263443, -0.164306640625], [0.0, 0.0, 0.0, 1.0]], [[0.00936795026063919, 0.9997009038925171, 0.022592619061470032, -0.0284423828125], [-0.006127334199845791, 0.022650575265288353, -0.9997246861457825, 1.5673065185546875], [-0.9999373555183411, 0.009226919151842594, 0.006337692029774189, -0.0765380859375], [0.0, 0.0, 0.0, 1.0]], [[-0.9236345291137695, 0.38327041268348694, 0.0017220878507941961, 0.9642333984375], [-0.00188287568744272, -4.436661038198508e-05, -0.9999982118606567, 1.5474143028259277], [-0.38326966762542725, -0.9236361384391785, 0.0007626294973306358, -0.123779296875], [0.0, 0.0, 0.0, 1.0]]], "view": [[0.0, -2.0, 100.0], [-2.0, 0.0, 100.0], [0.0, 0.0, 1.0]], "bev": "bev_0b47430bc13c417aa650422d22cca06b.png", "aux": "aux_0b47430bc13c417aa650422d22cca06b.npz", "visibility": "visibility_0b47430bc13c417aa650422d22cca06b.png", "pose": [[0.8566829562187195, 0.5158432722091675, 0.0, 2030.392822265625], [-0.5158432722091675, 0.8566829562187195, 0.0, 981.9365234375], [0.0, 0.0, 1.0, 0.0], [0.0, 0.0, 0.0, 1.0]], "pose_inverse": [[0.8566829562187195, -0.5158432722091675, 0.0, -1232.8775634765625], [0.5158432722091675, 0.8566829562187195, 0.0, -1888.57275390625], [0.0, 0.0, 1.0, 0.0], [0.0, 0.0, 0.0, 1.0]], "cam_ids": [0, 1, 2, 3, 4, 5], "cam_channels": ["CAM_FRONT_LEFT", "CAM_FRONT", "CAM_FRONT_RIGHT", "CAM_BACK_LEFT", "CAM_BACK", "CAM_BACK_RIGHT"], "token": "0b47430bc13c417aa650422d22cca06b", "scene": "scene-0452"}, {"images": ["samples/CAM_FRONT_LEFT/n008-2018-09-18-12-07-26-0400__CAM_FRONT_LEFT__1537287266754799.jpg", "samples/CAM_FRONT/n008-2018-09-18-12-07-26-0400__CAM_FRONT__1537287266762404.jpg", "samples/CAM_FRONT_RIGHT/n008-2018-09-18-12-07-26-0400__CAM_FRONT_RIGHT__1537287266770482.jpg", "samples/CAM_BACK_LEFT/n008-2018-09-18-12-07-26-0400__CAM_BACK_LEFT__1537287266797405.jpg", "samples/CAM_BACK/n008-2018-09-18-12-07-26-0400__CAM_BACK__1537287266787558.jpg", "samples/CAM_BACK_RIGHT/n008-2018-09-18-12-07-26-0400__CAM_BACK_RIGHT__1537287266778113.jpg"], "intrinsics": [[[1257.8625342125129, 0.0, 827.2410631095686], [0.0, 1257.8625342125129, 450.915498205774], [0.0, 0.0, 1.0]], [[1252.8131021185304, 0.0, 826.588114781398], [0.0, 1252.8131021185304, 469.9846626224581], [0.0, 0.0, 1.0]], [[1256.7485116440405, 0.0, 817.7887570959712], [0.0, 1256.7485116440403, 451.9541780095127], [0.0, 0.0, 1.0]], [[1254.9860565800168, 0.0, 829.5769333630991], [0.0, 1254.9860565800168, 467.1680561863987], [0.0, 0.0, 1.0]], [[796.8910634503094, 0.0, 857.7774326863696], [0.0, 796.8910634503094, 476.8848988407415], [0.0, 0.0, 1.0]], [[1249.9629280788233, 0.0, 825.3768045375984], [0.0, 1249.9629280788233, 462.54816385708756], [0.0, 0.0, 1.0]]], "extrinsics": [[[0.8228893876075745, -0.5681604743003845, -0.006841512396931648, -0.6263084411621094], [0.007538850884884596, 0.022956816479563713, -0.9997080564498901, 1.491607666015625], [0.5681516528129578, 0.8225975632667542, 0.023174196481704712, -1.078369140625], [0.0, 0.0, 0.0, 1.0]], [[0.010900272987782955, -0.9997667074203491, -0.018648138269782066, 0.0142822265625], [0.009592881426215172, 0.018752941861748695, -0.9997780919075012, 1.4837265014648438], [0.9998945593833923, 0.010718978010118008, 0.009795054793357849, -1.3541259765625], [0.0, 0.0, 0.0, 1.0]], [[-0.8436415195465088, -0.5365211367607117, -0.02034970559179783, 0.839599609375], [0.017782455310225487, 0.009959458373486996, -0.9997922778129578, 1.4983634948730469], [0.536612331867218, -0.8438282012939453, 0.0011384501121938229, -1.11309814453125], [0.0, 0.0, 0.0, 1.0]], [[0.9478643536567688, 0.3186728358268738, 0.0009334862697869539, -1.1148681640625], [-0.007352159358561039, 0.02479666844010353, -0.9996654391288757, 1.5618057250976562], [-0.31858935952186584, 0.9475404024124146, 0.025846809148788452, -0.166259765625], [0.0, 0.0, 0.0, 1.0]], [[0.0089557571336627, 0.9998096823692322, 0.017331290990114212, -0.0294189453125], [-0.005171607248485088, 0.0173780657351017, -0.9998356103897095, 1.5673656463623047], [-0.9999465346336365, 0.008864630945026875, 0.005326256155967712, -0.0848388671875], [0.0, 0.0, 0.0, 1.0]], [[-0.923898458480835, 0.3826366066932678, -0.0009589160908944905, 0.952789306640625], [-0.001120257074944675, -0.005210964009165764, -0.9999857544898987, 1.547576904296875], [-0.3826361894607544, -0.9238842129707336, 0.00524305272847414, -0.126708984375], [0.0, 0.0, 0.0, 1.0]]], "view": [[0.0, -2.0, 100.0], [-2.0, 0.0, 100.0], [0.0, 0.0, 1.0]], "bev": "bev_e2486e66dd0f471d8f72c7bbbf895b37.png", "aux": "aux_e2486e66dd0f471d8f72c7bbbf895b37.npz", "visibility": "visibility_e2486e66dd0f471d8f72c7bbbf895b37.png", "pose": [[0.8557196259498596, 0.5174397826194763, 0.0, 2034.70703125], [-0.5174397826194763, 0.8557196259498596, 0.0, 979.28564453125], [0.0, 0.0, 1.0, 0.0], [0.0, 0.0, 0.0, 1.0]], "pose_inverse": [[0.8557196259498596, -0.5174397826194763, 0.0, -1234.4173583984375], [0.5174397826194763, 0.8557196259498596, 0.0, -1890.832275390625], [0.0, 0.0, 1.0, 0.0], [0.0, 0.0, 0.0, 1.0]], "cam_ids": [0, 1, 2, 3, 4, 5], "cam_channels": ["CAM_FRONT_LEFT", "CAM_FRONT", "CAM_FRONT_RIGHT", "CAM_BACK_LEFT", "CAM_BACK", "CAM_BACK_RIGHT"], "token": "e2486e66dd0f471d8f72c7bbbf895b37", "scene": "scene-0452"}, {"images": ["samples/CAM_FRONT_LEFT/n008-2018-09-18-12-07-26-0400__CAM_FRONT_LEFT__1537287267254799.jpg", "samples/CAM_FRONT/n008-2018-09-18-12-07-26-0400__CAM_FRONT__1537287267262404.jpg", "samples/CAM_FRONT_RIGHT/n008-2018-09-18-12-07-26-0400__CAM_FRONT_RIGHT__1537287267270482.jpg", "samples/CAM_BACK_LEFT/n008-2018-09-18-12-07-26-0400__CAM_BACK_LEFT__1537287267297405.jpg", "samples/CAM_BACK/n008-2018-09-18-12-07-26-0400__CAM_BACK__1537287267287558.jpg", "samples/CAM_BACK_RIGHT/n008-2018-09-18-12-07-26-0400__CAM_BACK_RIGHT__1537287267278113.jpg"], "intrinsics": [[[1257.8625342125129, 0.0, 827.2410631095686], [0.0, 1257.8625342125129, 450.915498205774], [0.0, 0.0, 1.0]], [[1252.8131021185304, 0.0, 826.588114781398], [0.0, 1252.8131021185304, 469.9846626224581], [0.0, 0.0, 1.0]], [[1256.7485116440405, 0.0, 817.7887570959712], [0.0, 1256.7485116440403, 451.9541780095127], [0.0, 0.0, 1.0]], [[1254.9860565800168, 0.0, 829.5769333630991], [0.0, 1254.9860565800168, 467.1680561863987], [0.0, 0.0, 1.0]], [[796.8910634503094, 0.0, 857.7774326863696], [0.0, 796.8910634503094, 476.8848988407415], [0.0, 0.0, 1.0]], [[1249.9629280788233, 0.0, 825.3768045375984], [0.0, 1249.9629280788233, 462.54816385708756], [0.0, 0.0, 1.0]]], "extrinsics": [[[0.8223158121109009, -0.5689969658851624, -0.006255810149013996, -0.6220054626464844], [0.005263595841825008, 0.018599361181259155, -0.9998131394386292, 1.4906463623046875], [0.5690070390701294, 0.8221292495727539, 0.018289517611265182, -1.073974609375], [0.0, 0.0, 0.0, 1.0]], [[0.009900306351482868, -0.9998472332954407, -0.014400186017155647, 0.0130615234375], [0.007159806787967682, 0.014471403323113918, -0.9998696446418762, 1.4828643798828125], [0.9999253153800964, 0.009795956313610077, 0.007301984820514917, -1.349609375], [0.0, 0.0, 0.0, 1.0]], [[-0.8441507816314697, -0.5358705520629883, -0.015879938378930092, 0.836181640625], [0.01516568474471569, 0.005739680025726557, -0.9998685121536255, 1.4976558685302734], [0.5358912348747253, -0.8442805409431458, 0.0032816880848258734, -1.11248779296875], [0.0, 0.0, 0.0, 1.0]], [[0.9478899836540222, 0.3185827434062958, -0.003103940049186349, -1.11572265625], [-0.010246356949210167, 0.02074597217142582, -0.999732255935669, 1.5617351531982422], [-0.31843310594558716, 0.9476678967475891, 0.02292921207845211, -0.1658935546875], [0.0, 0.0, 0.0, 1.0]], [[0.009352676570415497, 0.9998690485954285, 0.013203959912061691, -0.02880859375], [-0.008184940554201603, 0.013280641287565231, -0.9998782873153687, 1.566981315612793], [-0.9999228119850159, 0.009243341162800789, 0.008308078162372112, -0.085693359375], [0.0, 0.0, 0.0, 1.0]], [[-0.923657238483429, 0.3832195997238159, 0.00012597229215316474, 0.9512939453125], [-0.004023308400064707, -0.009368499740958214, -0.9999480247497559, 1.5469245910644531], [-0.3831983804702759, -0.923609733581543, 0.010195094160735607, -0.128173828125], [0.0, 0.0, 0.0, 1.0]]], "view": [[0.0, -2.0, 100.0], [-2.0, 0.0, 100.0], [0.0, 0.0, 1.0]], "bev": "bev_346ac5ba5ae241d4a197c202bbc48d2a.png", "aux": "aux_346ac5ba5ae241d4a197c202bbc48d2a.npz", "visibility": "visibility_346ac5ba5ae241d4a197c202bbc48d2a.png", "pose": [[0.8547910451889038, 0.5189722776412964, 0.0, 2038.9727783203125], [-0.5189722776412964, 0.8547910451889038, 0.0, 976.6273803710938], [0.0, 0.0, 1.0, 0.0], [0.0, 0.0, 0.0, 1.0]], "pose_inverse": [[0.8547910451889038, -0.5189722776412964, 0.0, -1236.0531005859375], [0.5189722776412964, 0.8547910451889038, 0.0, -1892.9827880859375], [0.0, 0.0, 1.0, 0.0], [0.0, 0.0, 0.0, 1.0]], "cam_ids": [0, 1, 2, 3, 4, 5], "cam_channels": ["CAM_FRONT_LEFT", "CAM_FRONT", "CAM_FRONT_RIGHT", "CAM_BACK_LEFT", "CAM_BACK", "CAM_BACK_RIGHT"], "token": "346ac5ba5ae241d4a197c202bbc48d2a", "scene": "scene-0452"}, {"images": ["samples/CAM_FRONT_LEFT/n008-2018-09-18-12-07-26-0400__CAM_FRONT_LEFT__1537287267754799.jpg", "samples/CAM_FRONT/n008-2018-09-18-12-07-26-0400__CAM_FRONT__1537287267762404.jpg", "samples/CAM_FRONT_RIGHT/n008-2018-09-18-12-07-26-0400__CAM_FRONT_RIGHT__1537287267770482.jpg", "samples/CAM_BACK_LEFT/n008-2018-09-18-12-07-26-0400__CAM_BACK_LEFT__1537287267797405.jpg", "samples/CAM_BACK/n008-2018-09-18-12-07-26-0400__CAM_BACK__1537287267787558.jpg", "samples/CAM_BACK_RIGHT/n008-2018-09-18-12-07-26-0400__CAM_BACK_RIGHT__1537287267778113.jpg"], "intrinsics": [[[1257.8625342125129, 0.0, 827.2410631095686], [0.0, 1257.8625342125129, 450.915498205774], [0.0, 0.0, 1.0]], [[1252.8131021185304, 0.0, 826.588114781398], [0.0, 1252.8131021185304, 469.9846626224581], [0.0, 0.0, 1.0]], [[1256.7485116440405, 0.0, 817.7887570959712], [0.0, 1256.7485116440403, 451.9541780095127], [0.0, 0.0, 1.0]], [[1254.9860565800168, 0.0, 829.5769333630991], [0.0, 1254.9860565800168, 467.1680561863987], [0.0, 0.0, 1.0]], [[796.8910634503094, 0.0, 857.7774326863696], [0.0, 796.8910634503094, 476.8848988407415], [0.0, 0.0, 1.0]], [[1249.9629280788233, 0.0, 825.3768045375984], [0.0, 1249.9629280788233, 462.54816385708756], [0.0, 0.0, 1.0]]], "extrinsics": [[[0.8223134279251099, -0.5690051913261414, -0.005820170510560274, -0.6190643310546875], [0.0062576900236308575, 0.019270051270723343, -0.9997947216033936, 1.4911079406738281], [0.5690005421638489, 0.8221081495285034, 0.019406678155064583, -1.072509765625], [0.0, 0.0, 0.0, 1.0]], [[0.009883766993880272, -0.9998375773429871, -0.015070224180817604, 0.013427734375], [0.008235487155616283, 0.015151840634644032, -0.9998512864112854, 1.4832916259765625], [0.9999171495437622, 0.009758206084370613, 0.00838390737771988, -1.3470458984375], [0.0, 0.0, 0.0, 1.0]], [[-0.8441579937934875, -0.5358176827430725, -0.01722870022058487, 0.834716796875], [0.016319040209054947, 0.006439132150262594, -0.9998461008071899, 1.4980316162109375], [0.5358461141586304, -0.8443091511726379, 0.0033083853777498007, -1.111083984375], [0.0, 0.0, 0.0, 1.0]], [[0.9478874802589417, 0.31859952211380005, -0.0019163365941494703, -1.1163330078125], [-0.009249359369277954, 0.02150518260896206, -0.9997259378433228, 1.561767578125], [-0.31847095489501953, 0.947645366191864, 0.023331336677074432, -0.165771484375], [0.0, 0.0, 0.0, 1.0]], [[0.009359811432659626, 0.9998589158058167, 0.013945689424872398, -0.0289306640625], [-0.007099366281181574, 0.014012393541634083, -0.9998766183853149, 1.5671195983886719], [-0.9999310374259949, 0.00925961509346962, 0.0072295181453228, -0.0858154296875], [0.0, 0.0, 0.0, 1.0]], [[-0.9236427545547485, 0.38325393199920654, -0.000709964893758297, 0.950347900390625], [-0.0028227914590388536, -0.008655326440930367, -0.9999585151672363, 1.5471916198730469], [-0.38324403762817383, -0.9236025214195251, 0.009076275862753391, -0.12841796875], [0.0, 0.0, 0.0, 1.0]]], "view": [[0.0, -2.0, 100.0], [-2.0, 0.0, 100.0], [0.0, 0.0, 1.0]], "bev": "bev_017bd0fd51554fdea04b1d0b8f5d4b84.png", "aux": "aux_017bd0fd51554fdea04b1d0b8f5d4b84.npz", "visibility": "visibility_017bd0fd51554fdea04b1d0b8f5d4b84.png", "pose": [[0.8540941476821899, 0.5201184153556824, 0.0, 2043.2828369140625], [-0.5201184153556824, 0.8540941476821899, 0.0, 973.92529296875], [0.0, 0.0, 1.0, 0.0], [0.0, 0.0, 0.0, 1.0]], "pose_inverse": [[0.8540941476821899, -0.5201184153556824, 0.0, -1238.5994873046875], [0.5201184153556824, 0.8540941476821899, 0.0, -1894.572998046875], [0.0, 0.0, 1.0, 0.0], [0.0, 0.0, 0.0, 1.0]], "cam_ids": [0, 1, 2, 3, 4, 5], "cam_channels": ["CAM_FRONT_LEFT", "CAM_FRONT", "CAM_FRONT_RIGHT", "CAM_BACK_LEFT", "CAM_BACK", "CAM_BACK_RIGHT"], "token": "017bd0fd51554fdea04b1d0b8f5d4b84", "scene": "scene-0452"}, {"images": ["samples/CAM_FRONT_LEFT/n008-2018-09-18-12-07-26-0400__CAM_FRONT_LEFT__1537287268254799.jpg", "samples/CAM_FRONT/n008-2018-09-18-12-07-26-0400__CAM_FRONT__1537287268262404.jpg", "samples/CAM_FRONT_RIGHT/n008-2018-09-18-12-07-26-0400__CAM_FRONT_RIGHT__1537287268270482.jpg", "samples/CAM_BACK_LEFT/n008-2018-09-18-12-07-26-0400__CAM_BACK_LEFT__1537287268297405.jpg", "samples/CAM_BACK/n008-2018-09-18-12-07-26-0400__CAM_BACK__1537287268287558.jpg", "samples/CAM_BACK_RIGHT/n008-2018-09-18-12-07-26-0400__CAM_BACK_RIGHT__1537287268278113.jpg"], "intrinsics": [[[1257.8625342125129, 0.0, 827.2410631095686], [0.0, 1257.8625342125129, 450.915498205774], [0.0, 0.0, 1.0]], [[1252.8131021185304, 0.0, 826.588114781398], [0.0, 1252.8131021185304, 469.9846626224581], [0.0, 0.0, 1.0]], [[1256.7485116440405, 0.0, 817.7887570959712], [0.0, 1256.7485116440403, 451.9541780095127], [0.0, 0.0, 1.0]], [[1254.9860565800168, 0.0, 829.5769333630991], [0.0, 1254.9860565800168, 467.1680561863987], [0.0, 0.0, 1.0]], [[796.8910634503094, 0.0, 857.7774326863696], [0.0, 796.8910634503094, 476.8848988407415], [0.0, 0.0, 1.0]], [[1249.9629280788233, 0.0, 825.3768045375984], [0.0, 1249.9629280788233, 462.54816385708756], [0.0, 0.0, 1.0]]], "extrinsics": [[[0.822758674621582, -0.5682801604270935, -0.01121588796377182, -0.6202316284179688], [0.0011789955897256732, 0.021438952535390854, -0.9997694492340088, 1.4887580871582031], [0.5683896541595459, 0.8225557804107666, 0.018309082835912704, -1.072509765625], [0.0, 0.0, 0.0, 1.0]], [[0.010518929921090603, -0.9997953772544861, -0.01727537252008915, 0.0126953125], [0.0032371727284044027, 0.017310285940766335, -0.9998449683189392, 1.4813652038574219], [0.9999394416809082, 0.010461391881108284, 0.003418596228584647, -1.34716796875], [0.0, 0.0, 0.0, 1.0]], [[-0.8439282774925232, -0.5362671613693237, -0.01423749327659607, 0.833984375], [0.011410211212933064, 0.008590200915932655, -0.9998980164527893, 1.4965362548828125], [0.536334753036499, -0.8440046310424805, -0.0011305920779705048, -1.11187744140625], [0.0, 0.0, 0.0, 1.0]], [[0.9478514790534973, 0.31866997480392456, -0.0052124871872365475, -1.1175537109375], [-0.013481774367392063, 0.02374926023185253, -0.9996270537376404, 1.5616626739501953], [-0.3184273838996887, 0.9475681781768799, 0.02680700458586216, -0.165283203125], [0.0, 0.0, 0.0, 1.0]], [[0.009177884086966515, 0.9998276829719543, 0.016138123348355293, -0.028564453125], [-0.011582019738852978, 0.016244009137153625, -0.9998009204864502, 1.566544532775879], [-0.9998908638954163, 0.008989175781607628, 0.011729110032320023, -0.0850830078125], [0.0, 0.0, 0.0, 1.0]], [[-0.9237978458404541, 0.3828543722629547, 0.004472184460610151, 0.950653076171875], [-0.007525231689214706, -0.006477213464677334, -0.999950647354126, 1.5461177825927734], [-0.38280653953552246, -0.9237859845161438, 0.008864703588187695, -0.12890625], [0.0, 0.0, 0.0, 1.0]]], "view": [[0.0, -2.0, 100.0], [-2.0, 0.0, 100.0], [0.0, 0.0, 1.0]], "bev": "bev_8e02e1255ff04872ba70ce9dc7b0ab44.png", "aux": "aux_8e02e1255ff04872ba70ce9dc7b0ab44.npz", "visibility": "visibility_8e02e1255ff04872ba70ce9dc7b0ab44.png", "pose": [[0.8539878129959106, 0.5202930569648743, 0.0, 2047.5904541015625], [-0.5202930569648743, 0.8539878129959106, 0.0, 971.2498779296875], [0.0, 0.0, 1.0, 0.0], [0.0, 0.0, 0.0, 1.0]], "pose_inverse": [[0.8539878129959106, -0.5202930569648743, 0.0, -1243.28271484375], [0.5202930569648743, 0.8539878129959106, 0.0, -1894.7825927734375], [0.0, 0.0, 1.0, 0.0], [0.0, 0.0, 0.0, 1.0]], "cam_ids": [0, 1, 2, 3, 4, 5], "cam_channels": ["CAM_FRONT_LEFT", "CAM_FRONT", "CAM_FRONT_RIGHT", "CAM_BACK_LEFT", "CAM_BACK", "CAM_BACK_RIGHT"], "token": "8e02e1255ff04872ba70ce9dc7b0ab44", "scene": "scene-0452"}, {"images": ["samples/CAM_FRONT_LEFT/n008-2018-09-18-12-07-26-0400__CAM_FRONT_LEFT__1537287268754799.jpg", "samples/CAM_FRONT/n008-2018-09-18-12-07-26-0400__CAM_FRONT__1537287268762404.jpg", "samples/CAM_FRONT_RIGHT/n008-2018-09-18-12-07-26-0400__CAM_FRONT_RIGHT__1537287268770482.jpg", "samples/CAM_BACK_LEFT/n008-2018-09-18-12-07-26-0400__CAM_BACK_LEFT__1537287268797405.jpg", "samples/CAM_BACK/n008-2018-09-18-12-07-26-0400__CAM_BACK__1537287268787558.jpg", "samples/CAM_BACK_RIGHT/n008-2018-09-18-12-07-26-0400__CAM_BACK_RIGHT__1537287268778113.jpg"], "intrinsics": [[[1257.8625342125129, 0.0, 827.2410631095686], [0.0, 1257.8625342125129, 450.915498205774], [0.0, 0.0, 1.0]], [[1252.8131021185304, 0.0, 826.588114781398], [0.0, 1252.8131021185304, 469.9846626224581], [0.0, 0.0, 1.0]], [[1256.7485116440405, 0.0, 817.7887570959712], [0.0, 1256.7485116440403, 451.9541780095127], [0.0, 0.0, 1.0]], [[1254.9860565800168, 0.0, 829.5769333630991], [0.0, 1254.9860565800168, 467.1680561863987], [0.0, 0.0, 1.0]], [[796.8910634503094, 0.0, 857.7774326863696], [0.0, 796.8910634503094, 476.8848988407415], [0.0, 0.0, 1.0]], [[1249.9629280788233, 0.0, 825.3768045375984], [0.0, 1249.9629280788233, 462.54816385708756], [0.0, 0.0, 1.0]]], "extrinsics": [[[0.822446346282959, -0.5688009262084961, -0.006898874416947365, -0.6313972473144531], [0.005059011746197939, 0.019441336393356323, -0.9997981786727905, 1.490509033203125], [0.5688202381134033, 0.8222455382347107, 0.018867025151848793, -1.07958984375], [0.0, 0.0, 0.0, 1.0]], [[0.010111670009791851, -0.9998334050178528, -0.015193472616374493, 0.0123291015625], [0.007016005925834179, 0.015264814719557762, -0.9998588562011719, 1.482757568359375], [0.9999243021011353, 0.010003588162362576, 0.007169188000261784, -1.3582763671875], [0.0, 0.0, 0.0, 1.0]], [[-0.8440545797348022, -0.536013662815094, -0.01616615615785122, 0.84130859375], [0.015031619928777218, 0.006485810037702322, -0.9998659491539001, 1.497518539428711], [0.5360466837882996, -0.8441845178604126, 0.0025827751960605383, -1.1163330078125], [0.0, 0.0, 0.0, 1.0]], [[0.9478886127471924, 0.3185880482196808, -0.002986110048368573, -1.1160888671875], [-0.010317441076040268, 0.021326955407857895, -0.9997193217277527, 1.5617313385009766], [-0.3184349536895752, 0.9476533532142639, 0.023502590134739876, -0.1658935546875], [0.0, 0.0, 0.0, 1.0]], [[0.009275414980947971, 0.9998608231544495, 0.013871926814317703, -0.028564453125], [-0.008217930793762207, 0.01394827663898468, -0.9998689293861389, 1.5669946670532227], [-0.9999232292175293, 0.00916024949401617, 0.008346162736415863, -0.0838623046875], [0.0, 0.0, 0.0, 1.0]], [[-0.9237094521522522, 0.38309359550476074, 0.0003585291560739279, 0.955322265625], [-0.003980118315666914, -0.008660967461764812, -0.9999545812606812, 1.5469436645507812], [-0.38307297229766846, -0.9236689805984497, 0.009524975903332233, -0.126953125], [0.0, 0.0, 0.0, 1.0]]], "view": [[0.0, -2.0, 100.0], [-2.0, 0.0, 100.0], [0.0, 0.0, 1.0]], "bev": "bev_9e77c5a1fc664c33b4478c8ceaf4d1f9.png", "aux": "aux_9e77c5a1fc664c33b4478c8ceaf4d1f9.npz", "visibility": "visibility_9e77c5a1fc664c33b4478c8ceaf4d1f9.png", "pose": [[0.8532935380935669, 0.5214309096336365, 0.0, 2051.8544921875], [-0.5214309096336365, 0.8532935380935669, 0.0, 968.5740966796875], [0.0, 0.0, 1.0, 0.0], [0.0, 0.0, 0.0, 1.0]], "pose_inverse": [[0.8532935380935669, -0.5214309096336365, 0.0, -1245.7896728515625], [0.5214309096336365, 0.8532935380935669, 0.0, -1896.3782958984375], [0.0, 0.0, 1.0, 0.0], [0.0, 0.0, 0.0, 1.0]], "cam_ids": [0, 1, 2, 3, 4, 5], "cam_channels": ["CAM_FRONT_LEFT", "CAM_FRONT", "CAM_FRONT_RIGHT", "CAM_BACK_LEFT", "CAM_BACK", "CAM_BACK_RIGHT"], "token": "9e77c5a1fc664c33b4478c8ceaf4d1f9", "scene": "scene-0452"}, {"images": ["samples/CAM_FRONT_LEFT/n008-2018-09-18-12-07-26-0400__CAM_FRONT_LEFT__1537287269254799.jpg", "samples/CAM_FRONT/n008-2018-09-18-12-07-26-0400__CAM_FRONT__1537287269262404.jpg", "samples/CAM_FRONT_RIGHT/n008-2018-09-18-12-07-26-0400__CAM_FRONT_RIGHT__1537287269270491.jpg", "samples/CAM_BACK_LEFT/n008-2018-09-18-12-07-26-0400__CAM_BACK_LEFT__1537287269297405.jpg", "samples/CAM_BACK/n008-2018-09-18-12-07-26-0400__CAM_BACK__1537287269287558.jpg", "samples/CAM_BACK_RIGHT/n008-2018-09-18-12-07-26-0400__CAM_BACK_RIGHT__1537287269278113.jpg"], "intrinsics": [[[1257.8625342125129, 0.0, 827.2410631095686], [0.0, 1257.8625342125129, 450.915498205774], [0.0, 0.0, 1.0]], [[1252.8131021185304, 0.0, 826.588114781398], [0.0, 1252.8131021185304, 469.9846626224581], [0.0, 0.0, 1.0]], [[1256.7485116440405, 0.0, 817.7887570959712], [0.0, 1256.7485116440403, 451.9541780095127], [0.0, 0.0, 1.0]], [[1254.9860565800168, 0.0, 829.5769333630991], [0.0, 1254.9860565800168, 467.1680561863987], [0.0, 0.0, 1.0]], [[796.8910634503094, 0.0, 857.7774326863696], [0.0, 796.8910634503094, 476.8848988407415], [0.0, 0.0, 1.0]], [[1249.9629280788233, 0.0, 825.3768045375984], [0.0, 1249.9629280788233, 462.54816385708756], [0.0, 0.0, 1.0]]], "extrinsics": [[[0.8227939009666443, -0.5682806372642517, -0.008207781240344048, -0.6213302612304688], [0.0029082028195261955, 0.018651295453310013, -0.9998217821121216, 1.4894866943359375], [0.5683324933052063, 0.8226234316825867, 0.01699884608387947, -1.07763671875], [0.0, 0.0, 0.0, 1.0]], [[0.010680416598916054, -0.9998369216918945, -0.014560445211827755, 0.0162353515625], [0.0045517804101109505, 0.014609739184379578, -0.9998829364776611, 1.4818248748779297], [0.9999326467514038, 0.010612919926643372, 0.004707076586782932, -1.349365234375], [0.0, 0.0, 0.0, 1.0]], [[-0.8438095450401306, -0.5364708304405212, -0.013579300604760647, 0.83642578125], [0.012273461557924747, 0.006005114410072565, -0.999906599521637, 1.4967842102050781], [0.5365023612976074, -0.8438974618911743, 0.0015171816339716315, -1.10919189453125], [0.0, 0.0, 0.0, 1.0]], [[0.9478368163108826, 0.31869271397590637, -0.006354274693876505, -1.1102294921875], [-0.013884300366044044, 0.021361760795116425, -0.9996753931045532, 1.5615310668945312], [-0.3184535801410675, 0.9476172924041748, 0.024672288447618484, -0.1680908203125], [0.0, 0.0, 0.0, 1.0]], [[0.009079120121896267, 0.9998653531074524, 0.013667709194123745, -0.030029296875], [-0.011461096815764904, 0.013771424070000648, -0.9998394250869751, 1.5664873123168945], [-0.9998931288719177, 0.008921081200242043, 0.011584586463868618, -0.08984375], [0.0, 0.0, 0.0, 1.0]], [[-0.9238584041595459, 0.3827221095561981, 0.0030637052841484547, 0.947601318359375], [-0.007046310231089592, -0.009004670195281506, -0.9999346137046814, 1.5462398529052734], [-0.3826695680618286, -0.9238196015357971, 0.011015820316970348, -0.127197265625], [0.0, 0.0, 0.0, 1.0]]], "view": [[0.0, -2.0, 100.0], [-2.0, 0.0, 100.0], [0.0, 0.0, 1.0]], "bev": "bev_8ec23304f12b4891a016deed505ad784.png", "aux": "aux_8ec23304f12b4891a016deed505ad784.npz", "visibility": "visibility_8ec23304f12b4891a016deed505ad784.png", "pose": [[0.8533405065536499, 0.5213540196418762, 0.0, 2056.07958984375], [-0.5213540196418762, 0.8533405065536499, 0.0, 965.9249267578125], [0.0, 0.0, 1.0, 0.0], [0.0, 0.0, 0.0, 1.0]], "pose_inverse": [[0.8533405065536499, -0.5213540196418762, 0.0, -1250.9471435546875], [0.5213540196418762, 0.8533405065536499, 0.0, -1896.208251953125], [0.0, 0.0, 1.0, 0.0], [0.0, 0.0, 0.0, 1.0]], "cam_ids": [0, 1, 2, 3, 4, 5], "cam_channels": ["CAM_FRONT_LEFT", "CAM_FRONT", "CAM_FRONT_RIGHT", "CAM_BACK_LEFT", "CAM_BACK", "CAM_BACK_RIGHT"], "token": "8ec23304f12b4891a016deed505ad784", "scene": "scene-0452"}, {"images": ["samples/CAM_FRONT_LEFT/n008-2018-09-18-12-07-26-0400__CAM_FRONT_LEFT__1537287269754799.jpg", "samples/CAM_FRONT/n008-2018-09-18-12-07-26-0400__CAM_FRONT__1537287269762404.jpg", "samples/CAM_FRONT_RIGHT/n008-2018-09-18-12-07-26-0400__CAM_FRONT_RIGHT__1537287269770482.jpg", "samples/CAM_BACK_LEFT/n008-2018-09-18-12-07-26-0400__CAM_BACK_LEFT__1537287269797405.jpg", "samples/CAM_BACK/n008-2018-09-18-12-07-26-0400__CAM_BACK__1537287269787558.jpg", "samples/CAM_BACK_RIGHT/n008-2018-09-18-12-07-26-0400__CAM_BACK_RIGHT__1537287269778113.jpg"], "intrinsics": [[[1257.8625342125129, 0.0, 827.2410631095686], [0.0, 1257.8625342125129, 450.915498205774], [0.0, 0.0, 1.0]], [[1252.8131021185304, 0.0, 826.588114781398], [0.0, 1252.8131021185304, 469.9846626224581], [0.0, 0.0, 1.0]], [[1256.7485116440405, 0.0, 817.7887570959712], [0.0, 1256.7485116440403, 451.9541780095127], [0.0, 0.0, 1.0]], [[1254.9860565800168, 0.0, 829.5769333630991], [0.0, 1254.9860565800168, 467.1680561863987], [0.0, 0.0, 1.0]], [[796.8910634503094, 0.0, 857.7774326863696], [0.0, 796.8910634503094, 476.8848988407415], [0.0, 0.0, 1.0]], [[1249.9629280788233, 0.0, 825.3768045375984], [0.0, 1249.9629280788233, 462.54816385708756], [0.0, 0.0, 1.0]]], "extrinsics": [[[0.8226305246353149, -0.5685333013534546, -0.0069904266856610775, -0.6372299194335938], [0.006901304237544537, 0.022277934476733208, -0.9997279644012451, 1.4912490844726562], [0.5685343742370605, 0.8223585486412048, 0.022250130772590637, -1.084716796875], [0.0, 0.0, 0.0, 1.0]], [[0.010451443493366241, -0.9997797608375549, -0.018198400735855103, 0.0130615234375], [0.008602079935371876, 0.018288616091012955, -0.9997957944869995, 1.4832763671875], [0.9999083280563354, 0.010292810387909412, 0.008791329339146614, -1.36474609375], [0.0, 0.0, 0.0, 1.0]], [[-0.8438723683357239, -0.536205530166626, -0.019054943695664406, 0.846435546875], [0.016413148492574692, 0.009699411690235138, -0.9998182058334351, 1.4978218078613281], [0.5362929105758667, -0.8440316915512085, 0.0006157552124932408, -1.11865234375], [0.0, 0.0, 0.0, 1.0]], [[0.9478701949119568, 0.31865233182907104, -0.0017019098158925772, -1.116943359375], [-0.010247346945106983, 0.025142988190054893, -0.9996312856674194, 1.5617485046386719], [-0.3184920847415924, 0.9475381374359131, 0.027097631245851517, -0.165283203125], [0.0, 0.0, 0.0, 1.0]], [[0.00914588663727045, 0.9998061656951904, 0.01743629202246666, -0.0289306640625], [-0.007692903745919466, 0.017506856471300125, -0.9998170733451843, 1.5670814514160156], [-0.9999285340309143, 0.00901010911911726, 0.007851528003811836, -0.080078125], [0.0, 0.0, 0.0, 1.0]], [[-0.9237930774688721, 0.38289111852645874, 0.0007781717577017844, 0.95953369140625], [-0.0030350720044225454, -0.005290334578603506, -0.9999813437461853, 1.547165870666504], [-0.3828798532485962, -0.9237783551216125, 0.0060492767952382565, -0.12451171875], [0.0, 0.0, 0.0, 1.0]]], "view": [[0.0, -2.0, 100.0], [-2.0, 0.0, 100.0], [0.0, 0.0, 1.0]], "bev": "bev_642dc5e35de34640a7aaea82ae220717.png", "aux": "aux_642dc5e35de34640a7aaea82ae220717.npz", "visibility": "visibility_642dc5e35de34640a7aaea82ae220717.png", "pose": [[0.8544780015945435, 0.5194875597953796, 0.0, 2060.284912109375], [-0.5194875597953796, 0.8544780015945435, 0.0, 963.3145751953125], [0.0, 0.0, 1.0, 0.0], [0.0, 0.0, 0.0, 1.0]], "pose_inverse": [[0.8544780015945435, -0.5194875597953796, 0.0, -1260.0382080078125], [0.5194875597953796, 0.8544780015945435, 0.0, -1893.4234619140625], [0.0, 0.0, 1.0, 0.0], [0.0, 0.0, 0.0, 1.0]], "cam_ids": [0, 1, 2, 3, 4, 5], "cam_channels": ["CAM_FRONT_LEFT", "CAM_FRONT", "CAM_FRONT_RIGHT", "CAM_BACK_LEFT", "CAM_BACK", "CAM_BACK_RIGHT"], "token": "642dc5e35de34640a7aaea82ae220717", "scene": "scene-0452"}, {"images": ["samples/CAM_FRONT_LEFT/n008-2018-09-18-12-07-26-0400__CAM_FRONT_LEFT__1537287270254799.jpg", "samples/CAM_FRONT/n008-2018-09-18-12-07-26-0400__CAM_FRONT__1537287270262404.jpg", "samples/CAM_FRONT_RIGHT/n008-2018-09-18-12-07-26-0400__CAM_FRONT_RIGHT__1537287270270482.jpg", "samples/CAM_BACK_LEFT/n008-2018-09-18-12-07-26-0400__CAM_BACK_LEFT__1537287270297405.jpg", "samples/CAM_BACK/n008-2018-09-18-12-07-26-0400__CAM_BACK__1537287270287558.jpg", "samples/CAM_BACK_RIGHT/n008-2018-09-18-12-07-26-0400__CAM_BACK_RIGHT__1537287270278113.jpg"], "intrinsics": [[[1257.8625342125129, 0.0, 827.2410631095686], [0.0, 1257.8625342125129, 450.915498205774], [0.0, 0.0, 1.0]], [[1252.8131021185304, 0.0, 826.588114781398], [0.0, 1252.8131021185304, 469.9846626224581], [0.0, 0.0, 1.0]], [[1256.7485116440405, 0.0, 817.7887570959712], [0.0, 1256.7485116440403, 451.9541780095127], [0.0, 0.0, 1.0]], [[1254.9860565800168, 0.0, 829.5769333630991], [0.0, 1254.9860565800168, 467.1680561863987], [0.0, 0.0, 1.0]], [[796.8910634503094, 0.0, 857.7774326863696], [0.0, 796.8910634503094, 476.8848988407415], [0.0, 0.0, 1.0]], [[1249.9629280788233, 0.0, 825.3768045375984], [0.0, 1249.9629280788233, 462.54816385708756], [0.0, 0.0, 1.0]]], "extrinsics": [[[0.8226094841957092, -0.5684822201728821, -0.011901612393558025, -0.6453666687011719], [0.003794850781559944, 0.026419565081596375, -0.9996437430381775, 1.4898262023925781], [0.5685940980911255, 0.8222712874412537, 0.023890288546681404, -1.08984375], [0.0, 0.0, 0.0, 1.0]], [[0.01036520954221487, -0.9996981620788574, -0.022273054346442223, 0.0126953125], [0.00565955089405179, 0.02233254536986351, -0.9997345805168152, 1.4821243286132812], [0.999930202960968, 0.01023643184453249, 0.005889324937015772, -1.37451171875], [0.0, 0.0, 0.0, 1.0]], [[-0.8439526557922363, -0.5360898375511169, -0.0187532939016819, 0.853515625], [0.013566236943006516, 0.01361817866563797, -0.9998152256011963, 1.4968719482421875], [0.536246120929718, -0.8440511226654053, -0.004220376722514629, -1.12371826171875], [0.0, 0.0, 0.0, 1.0]], [[0.9478628635406494, 0.31867003440856934, -0.002322678454220295, -1.1190185546875], [-0.012125627137720585, 0.028781762346625328, -0.9995121955871582, 1.5617141723632812], [-0.3184477686882019, 0.9474285840988159, 0.031145239248871803, -0.1650390625], [0.0, 0.0, 0.0, 1.0]], [[0.009211103431880474, 0.9997342824935913, 0.0211328212171793, -0.0289306640625], [-0.009882358834147453, 0.02122369594871998, -0.999725878238678, 1.566854476928711], [-0.9999087452888489, 0.008999784477055073, 0.010075227357447147, -0.0755615234375], [0.0, 0.0, 0.0, 1.0]], [[-0.9237719178199768, 0.3829156160354614, 0.0045850384049117565, 0.966033935546875], [-0.005575408227741718, -0.0014766796957701445, -0.9999833703041077, 1.5466432571411133], [-0.38290250301361084, -0.9237821102142334, 0.0034990261774510145, -0.1220703125], [0.0, 0.0, 0.0, 1.0]]], "view": [[0.0, -2.0, 100.0], [-2.0, 0.0, 100.0], [0.0, 0.0, 1.0]], "bev": "bev_5e87719564704cd594da32e8524546f0.png", "aux": "aux_5e87719564704cd594da32e8524546f0.npz", "visibility": "visibility_5e87719564704cd594da32e8524546f0.png", "pose": [[0.8555806875228882, 0.5176694393157959, 0.0, 2064.40869140625], [-0.5176694393157959, 0.8555806875228882, 0.0, 960.76171875], [0.0, 0.0, 1.0, 0.0], [0.0, 0.0, 0.0, 1.0]], "pose_inverse": [[0.8555806875228882, -0.5176694393157959, 0.0, -1268.9112548828125], [0.5176694393157959, 0.8555806875228882, 0.0, -1890.6905517578125], [0.0, 0.0, 1.0, 0.0], [0.0, 0.0, 0.0, 1.0]], "cam_ids": [0, 1, 2, 3, 4, 5], "cam_channels": ["CAM_FRONT_LEFT", "CAM_FRONT", "CAM_FRONT_RIGHT", "CAM_BACK_LEFT", "CAM_BACK", "CAM_BACK_RIGHT"], "token": "5e87719564704cd594da32e8524546f0", "scene": "scene-0452"}, {"images": ["samples/CAM_FRONT_LEFT/n008-2018-09-18-12-07-26-0400__CAM_FRONT_LEFT__1537287270754799.jpg", "samples/CAM_FRONT/n008-2018-09-18-12-07-26-0400__CAM_FRONT__1537287270762404.jpg", "samples/CAM_FRONT_RIGHT/n008-2018-09-18-12-07-26-0400__CAM_FRONT_RIGHT__1537287270770482.jpg", "samples/CAM_BACK_LEFT/n008-2018-09-18-12-07-26-0400__CAM_BACK_LEFT__1537287270797405.jpg", "samples/CAM_BACK/n008-2018-09-18-12-07-26-0400__CAM_BACK__1537287270787558.jpg", "samples/CAM_BACK_RIGHT/n008-2018-09-18-12-07-26-0400__CAM_BACK_RIGHT__1537287270778113.jpg"], "intrinsics": [[[1257.8625342125129, 0.0, 827.2410631095686], [0.0, 1257.8625342125129, 450.915498205774], [0.0, 0.0, 1.0]], [[1252.8131021185304, 0.0, 826.588114781398], [0.0, 1252.8131021185304, 469.9846626224581], [0.0, 0.0, 1.0]], [[1256.7485116440405, 0.0, 817.7887570959712], [0.0, 1256.7485116440403, 451.9541780095127], [0.0, 0.0, 1.0]], [[1254.9860565800168, 0.0, 829.5769333630991], [0.0, 1254.9860565800168, 467.1680561863987], [0.0, 0.0, 1.0]], [[796.8910634503094, 0.0, 857.7774326863696], [0.0, 796.8910634503094, 476.8848988407415], [0.0, 0.0, 1.0]], [[1249.9629280788233, 0.0, 825.3768045375984], [0.0, 1249.9629280788233, 462.54816385708756], [0.0, 0.0, 1.0]]], "extrinsics": [[[0.8222997784614563, -0.5689134001731873, -0.012674826197326183, -0.6556682586669922], [0.003092629136517644, 0.026740973815321922, -0.9996376037597656, 1.4895210266113281], [0.5690462589263916, 0.8219625353813171, 0.023748531937599182, -1.09521484375], [0.0, 0.0, 0.0, 1.0]], [[0.010099361650645733, -0.9996950030326843, -0.022535009309649467, 0.01220703125], [0.005038796458393335, 0.022586749866604805, -0.9997321963310242, 1.4818649291992188], [0.9999362826347351, 0.009983072988688946, 0.0052653709426522255, -1.382568359375], [0.0, 0.0, 0.0, 1.0]], [[-0.8440006971359253, -0.5360255241394043, -0.018425455316901207, 0.8583984375], [0.01301807165145874, 0.01387034635990858, -0.9998190402984619, 1.4966354370117188], [0.5361840128898621, -0.8440878391265869, -0.004728563595563173, -1.12664794921875], [0.0, 0.0, 0.0, 1.0]], [[0.9478774070739746, 0.3186262547969818, -0.0024280333891510963, -1.1204833984375], [-0.01229813788086176, 0.028969034552574158, -0.9995046854019165, 1.5617332458496094], [-0.3183981478214264, 0.9474376440048218, 0.03137759864330292, -0.1641845703125], [0.0, 0.0, 0.0, 1.0]], [[0.009248211048543453, 0.9997284412384033, 0.021390842273831367, -0.02880859375], [-0.01019997801631689, 0.02148495800793171, -0.999717116355896, 1.5668449401855469], [-0.9999051690101624