[{"images": ["samples/CAM_FRONT_LEFT/n008-2018-08-31-11-19-57-0400__CAM_FRONT_LEFT__1535729079504799.jpg", "samples/CAM_FRONT/n008-2018-08-31-11-19-57-0400__CAM_FRONT__1535729079512404.jpg", "samples/CAM_FRONT_RIGHT/n008-2018-08-31-11-19-57-0400__CAM_FRONT_RIGHT__1535729079520482.jpg", "samples/CAM_BACK_LEFT/n008-2018-08-31-11-19-57-0400__CAM_BACK_LEFT__1535729079547405.jpg", "samples/CAM_BACK/n008-2018-08-31-11-19-57-0400__CAM_BACK__1535729079537784.jpg", "samples/CAM_BACK_RIGHT/n008-2018-08-31-11-19-57-0400__CAM_BACK_RIGHT__1535729079528113.jpg"], "intrinsics": [[[1257.8625342125129, 0.0, 827.2410631095686], [0.0, 1257.8625342125129, 450.915498205774], [0.0, 0.0, 1.0]], [[1252.8131021185304, 0.0, 826.588114781398], [0.0, 1252.8131021185304, 469.9846626224581], [0.0, 0.0, 1.0]], [[1256.7485116440405, 0.0, 817.7887570959712], [0.0, 1256.7485116440403, 451.9541780095127], [0.0, 0.0, 1.0]], [[1254.9860565800168, 0.0, 829.5769333630991], [0.0, 1254.9860565800168, 467.1680561863987], [0.0, 0.0, 1.0]], [[796.8910634503094, 0.0, 857.7774326863696], [0.0, 796.8910634503094, 476.8848988407415], [0.0, 0.0, 1.0]], [[1249.9629280788233, 0.0, 825.3768045375984], [0.0, 1249.9629280788233, 462.54816385708756], [0.0, 0.0, 1.0]]], "extrinsics": [[[0.8225465416908264, -0.5686634182929993, -0.006241192575544119, -1.005126953125], [0.012807468883693218, 0.029494957998394966, -0.9994828701019287, 1.4882965087890625], [0.5685534477233887, 0.8220413327217102, 0.031544119119644165, -1.3333740234375], [0.0, 0.0, 0.0, 1.0]], [[0.010323827154934406, -0.9996280670166016, -0.02523891255259514, 0.0052490234375], [0.014753751456737518, 0.025389786809682846, -0.99956876039505, 1.48016357421875], [0.9998378157615662, 0.009947113692760468, 0.01501038670539856, -1.7347564697265625], [0.0, 0.0, 0.0, 1.0]], [[-0.8438693284988403, -0.5358083844184875, -0.028174232691526413, 1.09063720703125], [0.02276577241718769, 0.01670682430267334, -0.9996011853218079, 1.493072509765625], [0.536065399646759, -0.8441742658615112, -0.0019002887420356274, -1.2777099609375], [0.0, 0.0, 0.0, 1.0]], [[0.9478759169578552, 0.31854748725891113, 0.007662808056920767, -1.1439208984375], [-0.002637994010001421, 0.0318927988409996, -0.9994878172874451, 1.562042236328125], [-0.31862872838974, 0.947370171546936, 0.03107074275612831, -0.15625], [0.0, 0.0, 0.0, 1.0]], [[0.009151165373623371, 0.999661386013031, 0.02435794658958912, -0.0289306640625], [-0.0004910255665890872, 0.024363454431295395, -0.9997029900550842, 1.5680618286132812], [-0.9999579191207886, 0.00913647748529911, 0.0007138123619370162, 0.0443267822265625], [0.0, 0.0, 0.0, 1.0]], [[-0.9237015247344971, 0.3831025958061218, -0.0027917432598769665, 1.1607666015625], [0.0037049155216664076, 0.0016458140453323722, -0.999991774559021, 1.5478110313415527], [-0.3830949068069458, -0.9237042665481567, -0.0029396035242825747, -0.0435791015625], [0.0, 0.0, 0.0, 1.0]]], "view": [[0.0, -2.0, 100.0], [-2.0, 0.0, 100.0], [0.0, 0.0, 1.0]], "bev": "bev_6b6d2137efad42cb96ea266133089a05.png", "aux": "aux_6b6d2137efad42cb96ea266133089a05.npz", "visibility": "visibility_6b6d2137efad42cb96ea266133089a05.png", "pose": [[-0.8183971047401428, -0.5746530294418335, 0.0, 1052.2152099609375], [0.5746530294418335, -0.8183971047401428, 0.0, 1230.95458984375], [0.0, 0.0, 1.0, 0.0], [0.0, 0.0, 0.0, 1.0]], "pose_inverse": [[-0.8183971047401428, 0.5746530294418335, 0.0, 153.75808715820312], [-0.5746530294418335, -0.8183971047401428, 0.0, 1612.068359375], [0.0, 0.0, 1.0, 0.0], [0.0, 0.0, 0.0, 1.0]], "cam_ids": [0, 1, 2, 3, 4, 5], "cam_channels": ["CAM_FRONT_LEFT", "CAM_FRONT", "CAM_FRONT_RIGHT", "CAM_BACK_LEFT", "CAM_BACK", "CAM_BACK_RIGHT"], "token": "6b6d2137efad42cb96ea266133089a05", "scene": "scene-0290"}, {"images": ["samples/CAM_FRONT_LEFT/n008-2018-08-31-11-19-57-0400__CAM_FRONT_LEFT__1535729079904799.jpg", "samples/CAM_FRONT/n008-2018-08-31-11-19-57-0400__CAM_FRONT__1535729079912404.jpg", "samples/CAM_FRONT_RIGHT/n008-2018-08-31-11-19-57-0400__CAM_FRONT_RIGHT__1535729079920482.jpg", "samples/CAM_BACK_LEFT/n008-2018-08-31-11-19-57-0400__CAM_BACK_LEFT__1535729079947405.jpg", "samples/CAM_BACK/n008-2018-08-31-11-19-57-0400__CAM_BACK__1535729079937764.jpg", "samples/CAM_BACK_RIGHT/n008-2018-08-31-11-19-57-0400__CAM_BACK_RIGHT__1535729079928113.jpg"], "intrinsics": [[[1257.8625342125129, 0.0, 827.2410631095686], [0.0, 1257.8625342125129, 450.915498205774], [0.0, 0.0, 1.0]], [[1252.8131021185304, 0.0, 826.588114781398], [0.0, 1252.8131021185304, 469.9846626224581], [0.0, 0.0, 1.0]], [[1256.7485116440405, 0.0, 817.7887570959712], [0.0, 1256.7485116440403, 451.9541780095127], [0.0, 0.0, 1.0]], [[1254.9860565800168, 0.0, 829.5769333630991], [0.0, 1254.9860565800168, 467.1680561863987], [0.0, 0.0, 1.0]], [[796.8910634503094, 0.0, 857.7774326863696], [0.0, 796.8910634503094, 476.8848988407415], [0.0, 0.0, 1.0]], [[1249.9629280788233, 0.0, 825.3768045375984], [0.0, 1249.9629280788233, 462.54816385708756], [0.0, 0.0, 1.0]]], "extrinsics": [[[0.8225468993186951, -0.5686644315719604, -0.006116564851254225, -1.00494384765625], [0.012984034605324268, 0.02953123301267624, -0.9994795322418213, 1.4882965087890625], [0.5685491561889648, 0.8220394253730774, 0.03167438134551048, -1.33349609375], [0.0, 0.0, 0.0, 1.0]], [[0.010326451621949673, -0.9996271133422852, -0.025280121713876724, 0.00537109375], [0.014946372248232365, 0.025432946160435677, -0.9995648264884949, 1.48016357421875], [0.9998349547386169, 0.009944089688360691, 0.015203428454697132, -1.7347564697265625], [0.0, 0.0, 0.0, 1.0]], [[-0.8438653349876404, -0.5358040928840637, -0.02837824635207653, 1.0906982421875], [0.022975413128733635, 0.01675727218389511, -0.999595582485199, 1.493072509765625], [0.5360629558563232, -0.8441760540008545, -0.0018305607372894883, -1.277587890625], [0.0, 0.0, 0.0, 1.0]], [[0.947874903678894, 0.3185441493988037, 0.007926772348582745, -1.1439208984375], [-0.002375579671934247, 0.03194049373269081, -0.9994869828224182, 1.562042236328125], [-0.31863391399383545, 0.9473697543144226, 0.031032318249344826, -0.156005859375], [0.0, 0.0, 0.0, 1.0]], [[0.009147676639258862, 0.999660313129425, 0.024404628202319145, -0.02880859375], [-0.00026047645951621234, 0.02440803125500679, -0.9997020363807678, 1.5680618286132812], [-0.9999582767486572, 0.00913860835134983, 0.00048366482951678336, 0.044403076171875], [0.0, 0.0, 0.0, 1.0]], [[-0.9236998558044434, 0.38310545682907104, -0.002985524944961071, 1.16064453125], [0.003938509151339531, 0.0017031909665092826, -0.9999908208847046, 1.5478105545043945], [-0.3830968141555786, -0.9237030148506165, -0.003082099836319685, -0.043701171875], [0.0, 0.0, 0.0, 1.0]]], "view": [[0.0, -2.0, 100.0], [-2.0, 0.0, 100.0], [0.0, 0.0, 1.0]], "bev": "bev_ad047e363f6448d4bc0135cb8759d8e1.png", "aux": "aux_ad047e363f6448d4bc0135cb8759d8e1.npz", "visibility": "visibility_ad047e363f6448d4bc0135cb8759d8e1.png", "pose": [[-0.8184253573417664, -0.5746129155158997, 0.0, 1052.2152099609375], [0.5746129155158997, -0.8184253573417664, 0.0, 1230.95458984375], [0.0, 0.0, 1.0, 0.0], [0.0, 0.0, 0.0, 1.0]], "pose_inverse": [[-0.8184253573417664, 0.5746129155158997, 0.0, 153.83718872070312], [-0.5746129155158997, -0.8184253573417664, 0.0, 1612.060791015625], [0.0, 0.0, 1.0, 0.0], [0.0, 0.0, 0.0, 1.0]], "cam_ids": [0, 1, 2, 3, 4, 5], "cam_channels": ["CAM_FRONT_LEFT", "CAM_FRONT", "CAM_FRONT_RIGHT", "CAM_BACK_LEFT", "CAM_BACK", "CAM_BACK_RIGHT"], "token": "ad047e363f6448d4bc0135cb8759d8e1", "scene": "scene-0290"}, {"images": ["samples/CAM_FRONT_LEFT/n008-2018-08-31-11-19-57-0400__CAM_FRONT_LEFT__1535729080404799.jpg", "samples/CAM_FRONT/n008-2018-08-31-11-19-57-0400__CAM_FRONT__1535729080412404.jpg", "samples/CAM_FRONT_RIGHT/n008-2018-08-31-11-19-57-0400__CAM_FRONT_RIGHT__1535729080420482.jpg", "samples/CAM_BACK_LEFT/n008-2018-08-31-11-19-57-0400__CAM_BACK_LEFT__1535729080447405.jpg", "samples/CAM_BACK/n008-2018-08-31-11-19-57-0400__CAM_BACK__1535729080437558.jpg", "samples/CAM_BACK_RIGHT/n008-2018-08-31-11-19-57-0400__CAM_BACK_RIGHT__1535729080428113.jpg"], "intrinsics": [[[1257.8625342125129, 0.0, 827.2410631095686], [0.0, 1257.8625342125129, 450.915498205774], [0.0, 0.0, 1.0]], [[1252.8131021185304, 0.0, 826.588114781398], [0.0, 1252.8131021185304, 469.9846626224581], [0.0, 0.0, 1.0]], [[1256.7485116440405, 0.0, 817.7887570959712], [0.0, 1256.7485116440403, 451.9541780095127], [0.0, 0.0, 1.0]], [[1254.9860565800168, 0.0, 829.5769333630991], [0.0, 1254.9860565800168, 467.1680561863987], [0.0, 0.0, 1.0]], [[796.8910634503094, 0.0, 857.7774326863696], [0.0, 796.8910634503094, 476.8848988407415], [0.0, 0.0, 1.0]], [[1249.9629280788233, 0.0, 825.3768045375984], [0.0, 1249.9629280788233, 462.54816385708756], [0.0, 0.0, 1.0]]], "extrinsics": [[[0.822582483291626, -0.5686387419700623, -0.0028520904015749693, -1.00042724609375], [0.01678163930773735, 0.02928880602121353, -0.9994301199913025, 1.4883804321289062], [0.568398118019104, 0.8220658898353577, 0.03363514691591263, -1.3304443359375], [0.0, 0.0, 0.0, 1.0]], [[0.010450233705341816, -0.9996334314346313, -0.024975638836622238, 0.00537109375], [0.018763966858386993, 0.025168640539050102, -0.9995071291923523, 1.4802474975585938], [0.9997693300247192, 0.009976452216506004, 0.01902010664343834, -1.7301788330078125], [0.0, 0.0, 0.0, 1.0]], [[-0.8437382578849792, -0.535831868648529, -0.031464677304029465, 1.0875244140625], [0.02681402489542961, 0.016469862312078476, -0.9995047450065613, 1.4931716918945312], [0.536084771156311, -0.8441641330718994, 0.00047155687934719026, -1.275390625], [0.0, 0.0, 0.0, 1.0]], [[0.947842538356781, 0.3185316324234009, 0.011493206024169922, -1.14410400390625], [0.0014930031029507518, 0.03162107616662979, -0.9994987845420837, 1.5620384216308594], [-0.31873542070388794, 0.9473847150802612, 0.02949623204767704, -0.15625], [0.0, 0.0, 0.0, 1.0]], [[0.009056665934622288, 0.9996678233146667, 0.024132363498210907, -0.0289306640625], [0.003607778809964657, 0.0241005290299654, -0.999703049659729, 1.5680656433105469], [-0.999952495098114, 0.009141095913946629, -0.003388308687135577, 0.042877197265625], [0.0, 0.0, 0.0, 1.0]], [[-0.9236855506896973, 0.38309353590011597, -0.006657143123447895, 1.158172607421875], [0.007790341507643461, 0.0014066827716305852, -0.9999686479568481, 1.547832727432251], [-0.3830721378326416, -0.923708438873291, -0.004283761605620384, -0.044677734375], [0.0, 0.0, 0.0, 1.0]]], "view": [[0.0, -2.0, 100.0], [-2.0, 0.0, 100.0], [0.0, 0.0, 1.0]], "bev": "bev_bd9fc615b830480ca2633fdedd73cd6b.png", "aux": "aux_bd9fc615b830480ca2633fdedd73cd6b.npz", "visibility": "visibility_bd9fc615b830480ca2633fdedd73cd6b.png", "pose": [[-0.8183891177177429, -0.5746644735336304, 0.0, 1052.207763671875], [0.5746644735336304, -0.8183891177177429, 0.0, 1230.9598388671875], [0.0, 0.0, 1.0, 0.0], [0.0, 0.0, 0.0, 1.0]], "pose_inverse": [[-0.8183891177177429, 0.5746644735336304, 0.0, 153.72645568847656], [-0.5746644735336304, -0.8183891177177429, 0.0, 1612.070556640625], [0.0, 0.0, 1.0, 0.0], [0.0, 0.0, 0.0, 1.0]], "cam_ids": [0, 1, 2, 3, 4, 5], "cam_channels": ["CAM_FRONT_LEFT", "CAM_FRONT", "CAM_FRONT_RIGHT", "CAM_BACK_LEFT", "CAM_BACK", "CAM_BACK_RIGHT"], "token": "bd9fc615b830480ca2633fdedd73cd6b", "scene": "scene-0290"}, {"images": ["samples/CAM_FRONT_LEFT/n008-2018-08-31-11-19-57-0400__CAM_FRONT_LEFT__1535729080904799.jpg", "samples/CAM_FRONT/n008-2018-08-31-11-19-57-0400__CAM_FRONT__1535729080912404.jpg", "samples/CAM_FRONT_RIGHT/n008-2018-08-31-11-19-57-0400__CAM_FRONT_RIGHT__1535729080920482.jpg", "samples/CAM_BACK_LEFT/n008-2018-08-31-11-19-57-0400__CAM_BACK_LEFT__1535729080947405.jpg", "samples/CAM_BACK/n008-2018-08-31-11-19-57-0400__CAM_BACK__1535729080937558.jpg", "samples/CAM_BACK_RIGHT/n008-2018-08-31-11-19-57-0400__CAM_BACK_RIGHT__1535729080928113.jpg"], "intrinsics": [[[1257.8625342125129, 0.0, 827.2410631095686], [0.0, 1257.8625342125129, 450.915498205774], [0.0, 0.0, 1.0]], [[1252.8131021185304, 0.0, 826.588114781398], [0.0, 1252.8131021185304, 469.9846626224581], [0.0, 0.0, 1.0]], [[1256.7485116440405, 0.0, 817.7887570959712], [0.0, 1256.7485116440403, 451.9541780095127], [0.0, 0.0, 1.0]], [[1254.9860565800168, 0.0, 829.5769333630991], [0.0, 1254.9860565800168, 467.1680561863987], [0.0, 0.0, 1.0]], [[796.8910634503094, 0.0, 857.7774326863696], [0.0, 796.8910634503094, 476.8848988407415], [0.0, 0.0, 1.0]], [[1249.9629280788233, 0.0, 825.3768045375984], [0.0, 1249.9629280788233, 462.54816385708756], [0.0, 0.0, 1.0]]], "extrinsics": [[[0.8225740790367126, -0.5686560869216919, -0.0014708992093801498, -0.9781494140625], [0.01775350235402584, 0.02826603502035141, -0.9994427561759949, 1.4888725280761719], [0.5683807730674744, 0.8220896124839783, 0.033346544951200485, -1.3150634765625], [0.0, 0.0, 0.0, 1.0]], [[0.010457666590809822, -0.999658465385437, -0.02394818142056465, 0.005615234375], [0.019708463922142982, 0.024150896817445755, -0.999514102935791, 1.4806900024414062], [0.9997510313987732, 0.009980589151382446, 0.019954295828938484, -1.7080078125], [0.0, 0.0, 0.0, 1.0]], [[-0.8437161445617676, -0.5358530879020691, -0.031694602221250534, 1.07318115234375], [0.0277293398976326, 0.015457476489245892, -0.9994959235191345, 1.4936447143554688], [0.536072850227356, -0.8441697359085083, 0.0018171288538724184, -1.266357421875], [0.0, 0.0, 0.0, 1.0]], [[0.9478327631950378, 0.3185432255268097, 0.01196704339236021, -1.14385986328125], [0.0023253068793565035, 0.03063129633665085, -0.9995280504226685, 1.5620460510253906], [-0.3187595009803772, 0.9474132061004639, 0.028292637318372726, -0.156005859375], [0.0, 0.0, 0.0, 1.0]], [[0.009041338227689266, 0.9996913075447083, 0.023142576217651367, -0.0286865234375], [0.004457079339772463, 0.023103002458810806, -0.9997231364250183, 1.5680961608886719], [-0.9999492168426514, 0.009141972288489342, -0.0042468225583434105, 0.03656005859375], [0.0, 0.0, 0.0, 1.0]], [[-0.9236756563186646, 0.3830946981906891, -0.007848720997571945, 1.14691162109375], [0.00866322685033083, 0.00040090878610499203, -0.9999623894691467, 1.547940731048584], [-0.38307714462280273, -0.923708975315094, -0.0036891449708491564, -0.04931640625], [0.0, 0.0, 0.0, 1.0]]], "view": [[0.0, -2.0, 100.0], [-2.0, 0.0, 100.0], [0.0, 0.0, 1.0]], "bev": "bev_552f4956bf324cd3a4de85c0bf960250.png", "aux": "aux_552f4956bf324cd3a4de85c0bf960250.npz", "visibility": "visibility_552f4956bf324cd3a4de85c0bf960250.png", "pose": [[-0.818405032157898, -0.574641764163971, 0.0, 1052.0162353515625], [0.574641764163971, -0.818405032157898, 0.0, 1231.0936279296875], [0.0, 0.0, 1.0, 0.0], [0.0, 0.0, 0.0, 1.0]], "pose_inverse": [[-0.818405032157898, 0.574641764163971, 0.0, 153.53756713867188], [-0.574641764163971, -0.818405032157898, 0.0, 1612.065673828125], [0.0, 0.0, 1.0, 0.0], [0.0, 0.0, 0.0, 1.0]], "cam_ids": [0, 1, 2, 3, 4, 5], "cam_channels": ["CAM_FRONT_LEFT", "CAM_FRONT", "CAM_FRONT_RIGHT", "CAM_BACK_LEFT", "CAM_BACK", "CAM_BACK_RIGHT"], "token": "552f4956bf324cd3a4de85c0bf960250", "scene": "scene-0290"}, {"images": ["samples/CAM_FRONT_LEFT/n008-2018-08-31-11-19-57-0400__CAM_FRONT_LEFT__1535729081354799.jpg", "samples/CAM_FRONT/n008-2018-08-31-11-19-57-0400__CAM_FRONT__1535729081362404.jpg", "samples/CAM_FRONT_RIGHT/n008-2018-08-31-11-19-57-0400__CAM_FRONT_RIGHT__1535729081370482.jpg", "samples/CAM_BACK_LEFT/n008-2018-08-31-11-19-57-0400__CAM_BACK_LEFT__1535729081397405.jpg", "samples/CAM_BACK/n008-2018-08-31-11-19-57-0400__CAM_BACK__1535729081387558.jpg", "samples/CAM_BACK_RIGHT/n008-2018-08-31-11-19-57-0400__CAM_BACK_RIGHT__1535729081378113.jpg"], "intrinsics": [[[1257.8625342125129, 0.0, 827.2410631095686], [0.0, 1257.8625342125129, 450.915498205774], [0.0, 0.0, 1.0]], [[1252.8131021185304, 0.0, 826.588114781398], [0.0, 1252.8131021185304, 469.9846626224581], [0.0, 0.0, 1.0]], [[1256.7485116440405, 0.0, 817.7887570959712], [0.0, 1256.7485116440403, 451.9541780095127], [0.0, 0.0, 1.0]], [[1254.9860565800168, 0.0, 829.5769333630991], [0.0, 1254.9860565800168, 467.1680561863987], [0.0, 0.0, 1.0]], [[796.8910634503094, 0.0, 857.7774326863696], [0.0, 796.8910634503094, 476.8848988407415], [0.0, 0.0, 1.0]], [[1249.9629280788233, 0.0, 825.3768045375984], [0.0, 1249.9629280788233, 462.54816385708756], [0.0, 0.0, 1.0]]], "extrinsics": [[[0.8226009607315063, -0.5686163902282715, -0.001764462678693235, -0.9647216796875], [0.017789022997021675, 0.028836164623498917, -0.9994258284568787, 1.489166259765625], [0.5683408379554749, 0.8220972418785095, 0.03383578732609749, -1.305419921875], [0.0, 0.0, 0.0, 1.0]], [[0.01049560122191906, -0.9996444582939148, -0.024510158225893974, 0.0057373046875], [0.019750026986002922, 0.024713963270187378, -0.9994994401931763, 1.4809608459472656], [0.9997497797012329, 0.010006211698055267, 0.020002391189336777, -1.6943359375], [0.0, 0.0, 0.0, 1.0]], [[-0.8437009453773499, -0.5358567833900452, -0.03203608840703964, 1.064453125], [0.027784859761595726, 0.016007086262106895, -0.9994857311248779, 1.4939327239990234], [0.536094069480896, -0.8441571593284607, 0.0013835111167281866, -1.2608642578125], [0.0, 0.0, 0.0, 1.0]], [[0.9478343725204468, 0.31852683424949646, 0.01227973960340023, -1.14654541015625], [0.002478306647390127, 0.03115817718207836, -0.9995114207267761, 1.5620346069335938], [-0.31875383853912354, 0.9474016427993774, 0.028743380680680275, -0.1552734375], [0.0, 0.0, 0.0, 1.0]], [[0.009033270180225372, 0.9996786117553711, 0.023686904460191727, -0.02880859375], [0.004577071405947208, 0.023646285757422447, -0.9997098445892334, 1.5681076049804688], [-0.9999488592147827, 0.009139164350926876, -0.004361996427178383, 0.0341033935546875], [0.0, 0.0, 0.0, 1.0]], [[-0.9236816167831421, 0.38308286666870117, -0.007729024160653353, 1.14013671875], [0.00876000989228487, 0.0009468843345530331, -0.9999611377716064, 1.548006534576416], [-0.38306066393852234, -0.9237135052680969, -0.004230428021401167, -0.0521240234375], [0.0, 0.0, 0.0, 1.0]]], "view": [[0.0, -2.0, 100.0], [-2.0, 0.0, 100.0], [0.0, 0.0, 1.0]], "bev": "bev_8295d18365874b5bb98dede088438a24.png", "aux": "aux_8295d18365874b5bb98dede088438a24.npz", "visibility": "visibility_8295d18365874b5bb98dede088438a24.png", "pose": [[-0.8183642029762268, -0.5746999382972717, 0.0, 1051.646484375], [0.5746999382972717, -0.8183642029762268, 0.0, 1231.3546142578125], [0.0, 0.0, 1.0, 0.0], [0.0, 0.0, 0.0, 1.0]], "pose_inverse": [[-0.8183642029762268, 0.5746999382972717, 0.0, 152.97039794921875], [-0.5746999382972717, -0.8183642029762268, 0.0, 1612.0777587890625], [0.0, 0.0, 1.0, 0.0], [0.0, 0.0, 0.0, 1.0]], "cam_ids": [0, 1, 2, 3, 4, 5], "cam_channels": ["CAM_FRONT_LEFT", "CAM_FRONT", "CAM_FRONT_RIGHT", "CAM_BACK_LEFT", "CAM_BACK", "CAM_BACK_RIGHT"], "token": "8295d18365874b5bb98dede088438a24", "scene": "scene-0290"}, {"images": ["samples/CAM_FRONT_LEFT/n008-2018-08-31-11-19-57-0400__CAM_FRONT_LEFT__1535729081854801.jpg", "samples/CAM_FRONT/n008-2018-08-31-11-19-57-0400__CAM_FRONT__1535729081862404.jpg", "samples/CAM_FRONT_RIGHT/n008-2018-08-31-11-19-57-0400__CAM_FRONT_RIGHT__1535729081870482.jpg", "samples/CAM_BACK_LEFT/n008-2018-08-31-11-19-57-0400__CAM_BACK_LEFT__1535729081897405.jpg", "samples/CAM_BACK/n008-2018-08-31-11-19-57-0400__CAM_BACK__1535729081887558.jpg", "samples/CAM_BACK_RIGHT/n008-2018-08-31-11-19-57-0400__CAM_BACK_RIGHT__1535729081878113.jpg"], "intrinsics": [[[1257.8625342125129, 0.0, 827.2410631095686], [0.0, 1257.8625342125129, 450.915498205774], [0.0, 0.0, 1.0]], [[1252.8131021185304, 0.0, 826.588114781398], [0.0, 1252.8131021185304, 469.9846626224581], [0.0, 0.0, 1.0]], [[1256.7485116440405, 0.0, 817.7887570959712], [0.0, 1256.7485116440403, 451.9541780095127], [0.0, 0.0, 1.0]], [[1254.9860565800168, 0.0, 829.5769333630991], [0.0, 1254.9860565800168, 467.1680561863987], [0.0, 0.0, 1.0]], [[796.8910634503094, 0.0, 857.7774326863696], [0.0, 796.8910634503094, 476.8848988407415], [0.0, 0.0, 1.0]], [[1249.9629280788233, 0.0, 825.3768045375984], [0.0, 1249.9629280788233, 462.54816385708756], [0.0, 0.0, 1.0]]], "extrinsics": [[[0.8226502537727356, -0.56854647397995, -0.0012940458254888654, -0.9356689453125], [0.01827804557979107, 0.028721898794174194, -0.9994203448295593, 1.48980712890625], [0.5682540535926819, 0.8221496939659119, 0.034019991755485535, -1.2864990234375], [0.0, 0.0, 0.0, 1.0]], [[0.01057884469628334, -0.9996458888053894, -0.024417754262685776, 0.0067138671875], [0.02029404789209366, 0.02462872676551342, -0.9994906783103943, 1.4815330505371094], [0.9997380971908569, 0.01007795799523592, 0.020547403022646904, -1.666290283203125], [0.0, 0.0, 0.0, 1.0]], [[-0.8436543345451355, -0.5359029173851013, -0.032490674406290054, 1.0467529296875], [0.028351305052638054, 0.015963291749358177, -0.9994705319404602, 1.494546890258789], [0.5361378192901611, -0.8441287875175476, 0.0017260451568290591, -1.2491455078125], [0.0, 0.0, 0.0, 1.0]], [[0.9478152394294739, 0.31856125593185425, 0.012851392850279808, -1.145751953125], [0.0030719211790710688, 0.031182290986180305, -0.9995089769363403, 1.5620384216308594], [-0.31880566477775574, 0.9473892450332642, 0.028576450422406197, -0.155517578125], [0.0, 0.0, 0.0, 1.0]], [[0.008986342698335648, 0.9996787905693054, 0.023701757192611694, -0.0289306640625], [0.005133278667926788, 0.02365628443658352, -0.9997069239616394, 1.568145751953125], [-0.9999465346336365, 0.009105407632887363, -0.00491904653608799, 0.0264129638671875], [0.0, 0.0, 0.0, 1.0]], [[-0.9236910343170166, 0.3830489218235016, -0.00826781615614891, 1.126495361328125], [0.009333099238574505, 0.0009227211703546345, -0.9999560117721558, 1.548156976699829], [-0.3830244541168213, -0.9237276315689087, -0.004427342209964991, -0.0576171875], [0.0, 0.0, 0.0, 1.0]]], "view": [[0.0, -2.0, 100.0], [-2.0, 0.0, 100.0], [0.0, 0.0, 1.0]], "bev": "bev_e5c1e24798c340a88d7e7f34c481c116.png", "aux": "aux_e5c1e24798c340a88d7e7f34c481c116.npz", "visibility": "visibility_e5c1e24798c340a88d7e7f34c481c116.png", "pose": [[-0.8182229399681091, -0.5749011039733887, 0.0, 1050.9329833984375], [0.5749011039733887, -0.8182229399681091, 0.0, 1231.8607177734375], [0.0, 0.0, 1.0, 0.0], [0.0, 0.0, 0.0, 1.0]], "pose_inverse": [[-0.8182229399681091, 0.5749011039733887, 0.0, 151.6993865966797], [-0.5749011039733887, -0.8182229399681091, 0.0, 1612.119140625], [0.0, 0.0, 1.0, 0.0], [0.0, 0.0, 0.0, 1.0]], "cam_ids": [0, 1, 2, 3, 4, 5], "cam_channels": ["CAM_FRONT_LEFT", "CAM_FRONT", "CAM_FRONT_RIGHT", "CAM_BACK_LEFT", "CAM_BACK", "CAM_BACK_RIGHT"], "token": "e5c1e24798c340a88d7e7f34c481c116", "scene": "scene-0290"}, {"images": ["samples/CAM_FRONT_LEFT/n008-2018-08-31-11-19-57-0400__CAM_FRONT_LEFT__1535729082354799.jpg", "samples/CAM_FRONT/n008-2018-08-31-11-19-57-0400__CAM_FRONT__1535729082362404.jpg", "samples/CAM_FRONT_RIGHT/n008-2018-08-31-11-19-57-0400__CAM_FRONT_RIGHT__1535729082370482.jpg", "samples/CAM_BACK_LEFT/n008-2018-08-31-11-19-57-0400__CAM_BACK_LEFT__1535729082397405.jpg", "samples/CAM_BACK/n008-2018-08-31-11-19-57-0400__CAM_BACK__1535729082387558.jpg", "samples/CAM_BACK_RIGHT/n008-2018-08-31-11-19-57-0400__CAM_BACK_RIGHT__1535729082378113.jpg"], "intrinsics": [[[1257.8625342125129, 0.0, 827.2410631095686], [0.0, 1257.8625342125129, 450.915498205774], [0.0, 0.0, 1.0]], [[1252.8131021185304, 0.0, 826.588114781398], [0.0, 1252.8131021185304, 469.9846626224581], [0.0, 0.0, 1.0]], [[1256.7485116440405, 0.0, 817.7887570959712], [0.0, 1256.7485116440403, 451.9541780095127], [0.0, 0.0, 1.0]], [[1254.9860565800168, 0.0, 829.5769333630991], [0.0, 1254.9860565800168, 467.1680561863987], [0.0, 0.0, 1.0]], [[796.8910634503094, 0.0, 857.7774326863696], [0.0, 796.8910634503094, 476.8848988407415], [0.0, 0.0, 1.0]], [[1249.9629280788233, 0.0, 825.3768045375984], [0.0, 1249.9629280788233, 462.54816385708756], [0.0, 0.0, 1.0]]], "extrinsics": [[[0.8226237297058105, -0.568585991859436, 0.0004245638265274465, -0.90728759765625], [0.01978570781648159, 0.027879469096660614, -0.9994154572486877, 1.4906272888183594], [0.5682418346405029, 0.8221513032913208, 0.03418419137597084, -1.2666015625], [0.0, 0.0, 0.0, 1.0]], [[0.010541526600718498, -0.9996670484542847, -0.023551102727651596, 0.0067138671875], [0.021788090467453003, 0.023776449263095856, -0.9994798898696899, 1.482269287109375], [0.999707043170929, 0.01002298854291439, 0.022031476721167564, -1.6374969482421875], [0.0, 0.0, 0.0, 1.0]], [[-0.8436356782913208, -0.535883903503418, -0.03327703848481178, 1.02801513671875], [0.02983599342405796, 0.015092307701706886, -0.9994408488273621, 1.495290756225586], [0.5360865592956543, -0.8441567420959473, 0.003256220370531082, -1.2374267578125], [0.0, 0.0, 0.0, 1.0]], [[0.9478008151054382, 0.31855419278144836, 0.014032360166311264, -1.1458740234375], [0.00458753714337945, 0.03037996217608452, -0.9995278716087341, 1.5620384216308594], [-0.31883007287979126, 0.9474177360534668, 0.027332771569490433, -0.155517578125], [0.0, 0.0, 0.0, 1.0]], [[0.008979232981801033, 0.9996984601020813, 0.022860318422317505, -0.02880859375], [0.006667249836027622, 0.022800879552960396, -0.9997177720069885, 1.5682334899902344], [-0.9999374747276306, 0.009129101410508156, -0.006460505072027445, 0.0182647705078125], [0.0, 0.0, 0.0, 1.0]], [[-0.9236613512039185, 0.3830781579017639, -0.01003948412835598, 1.111724853515625], [0.010887662880122662, 4.600560714607127e-05, -0.9999406933784485, 1.548389196395874], [-0.3830549418926239, -0.9237159490585327, -0.004213320091366768, -0.063720703125], [0.0, 0.0, 0.0, 1.0]]], "view": [[0.0, -2.0, 100.0], [-2.0, 0.0, 100.0], [0.0, 0.0, 1.0]], "bev": "bev_188278c633e444beb9d8216ad9361cd9.png", "aux": "aux_188278c633e444beb9d8216ad9361cd9.npz", "visibility": "visibility_188278c633e444beb9d8216ad9361cd9.png", "pose": [[-0.8169342875480652, -0.5767307877540588, 0.0, 1049.91943359375], [0.5767307877540588, -0.8169342875480652, 0.0, 1232.5843505859375], [0.0, 0.0, 1.0, 0.0], [0.0, 0.0, 0.0, 1.0]], "pose_inverse": [[-0.8169342875480652, 0.5767307877540588, 0.0, 146.84580993652344], [-0.5767307877540588, -0.8169342875480652, 0.0, 1612.4613037109375], [0.0, 0.0, 1.0, 0.0], [0.0, 0.0, 0.0, 1.0]], "cam_ids": [0, 1, 2, 3, 4, 5], "cam_channels": ["CAM_FRONT_LEFT", "CAM_FRONT", "CAM_FRONT_RIGHT", "CAM_BACK_LEFT", "CAM_BACK", "CAM_BACK_RIGHT"], "token": "188278c633e444beb9d8216ad9361cd9", "scene": "scene-0290"}, {"images": ["samples/CAM_FRONT_LEFT/n008-2018-08-31-11-19-57-0400__CAM_FRONT_LEFT__1535729082854799.jpg", "samples/CAM_FRONT/n008-2018-08-31-11-19-57-0400__CAM_FRONT__1535729082862404.jpg", "samples/CAM_FRONT_RIGHT/n008-2018-08-31-11-19-57-0400__CAM_FRONT_RIGHT__1535729082870482.jpg", "samples/CAM_BACK_LEFT/n008-2018-08-31-11-19-57-0400__CAM_BACK_LEFT__1535729082897405.jpg", "samples/CAM_BACK/n008-2018-08-31-11-19-57-0400__CAM_BACK__1535729082887558.jpg", "samples/CAM_BACK_RIGHT/n008-2018-08-31-11-19-57-0400__CAM_BACK_RIGHT__1535729082878113.jpg"], "intrinsics": [[[1257.8625342125129, 0.0, 827.2410631095686], [0.0, 1257.8625342125129, 450.915498205774], [0.0, 0.0, 1.0]], [[1252.8131021185304, 0.0, 826.588114781398], [0.0, 1252.8131021185304, 469.9846626224581], [0.0, 0.0, 1.0]], [[1256.7485116440405, 0.0, 817.7887570959712], [0.0, 1256.7485116440403, 451.9541780095127], [0.0, 0.0, 1.0]], [[1254.9860565800168, 0.0, 829.5769333630991], [0.0, 1254.9860565800168, 467.1680561863987], [0.0, 0.0, 1.0]], [[796.8910634503094, 0.0, 857.7774326863696], [0.0, 796.8910634503094, 476.8848988407415], [0.0, 0.0, 1.0]], [[1249.9629280788233, 0.0, 825.3768045375984], [0.0, 1249.9629280788233, 462.54816385708756], [0.0, 0.0, 1.0]]], "extrinsics": [[[0.8226857781410217, -0.5684964060783386, 0.0001694404927548021, -0.8861083984375], [0.020123587921261787, 0.028823496773838997, -0.9993818998336792, 1.4911727905273438], [0.5681402683258057, 0.8221806883811951, 0.035152867436409, -1.251953125], [0.0, 0.0, 0.0, 1.0]], [[0.01069722045212984, -0.9996417164802551, -0.02453513815999031, 0.007080078125], [0.02199043706059456, 0.02476578764617443, -0.9994513988494873, 1.4827423095703125], [0.9997009038925171, 0.010151749476790428, 0.02224748209118843, -1.61676025390625], [0.0, 0.0, 0.0, 1.0]], [[-0.8435688018798828, -0.535947859287262, -0.03393600881099701, 1.0145263671875], [0.029964515939354897, 0.016119541600346565, -0.9994209408760071, 1.4957809448242188], [0.536184549331665, -0.8440972566604614, 0.0024614722933620214, -1.2286376953125], [0.0, 0.0, 0.0, 1.0]], [[0.9478081464767456, 0.3185250759124756, 0.014198360033333302, -1.14410400390625], [0.0044507430866360664, 0.0313093326985836, -0.9994997978210449, 1.5620460510253906], [-0.3188103139400482, 0.9473971724510193, 0.028257563710212708, -0.1558837890625], [0.0, 0.0, 0.0, 1.0]], [[0.008945081382989883, 0.9996755123138428, 0.023852676153182983, -0.028564453125], [0.006594480946660042, 0.023794138804078102, -0.9996951222419739, 1.5682792663574219], [-0.9999382495880127, 0.00909969862550497, -0.006379501894116402, 0.0112762451171875], [0.0, 0.0, 0.0, 1.0]], [[-0.923694372177124, 0.38301095366477966, -0.009550931863486767, 1.100738525390625], [0.010785473510622978, 0.001075978740118444, -0.9999412298202515, 1.5485095977783203], [-0.382978230714798, -0.9237431287765503, -0.005124830175191164, -0.0682373046875], [0.0, 0.0, 0.0, 1.0]]], "view": [[0.0, -2.0, 100.0], [-2.0, 0.0, 100.0], [0.0, 0.0, 1.0]], "bev": "bev_927fd2d9a4164f028c40dfdbd502530a.png", "aux": "aux_927fd2d9a4164f028c40dfdbd502530a.npz", "visibility": "visibility_927fd2d9a4164f028c40dfdbd502530a.png", "pose": [[-0.8160150051116943, -0.5780307650566101, 0.0, 1048.646484375], [0.5780307650566101, -0.8160150051116943, 0.0, 1233.49462890625], [0.0, 0.0, 1.0, 0.0], [0.0, 0.0, 0.0, 1.0]], "pose_inverse": [[-0.8160150051116943, 0.5780307650566101, 0.0, 142.71339416503906], [-0.5780307650566101, -0.8160150051116943, 0.0, 1612.7000732421875], [0.0, 0.0, 1.0, 0.0], [0.0, 0.0, 0.0, 1.0]], "cam_ids": [0, 1, 2, 3, 4, 5], "cam_channels": ["CAM_FRONT_LEFT", "CAM_FRONT", "CAM_FRONT_RIGHT", "CAM_BACK_LEFT", "CAM_BACK", "CAM_BACK_RIGHT"], "token": "927fd2d9a4164f028c40dfdbd502530a", "scene": "scene-0290"}, {"images": ["samples/CAM_FRONT_LEFT/n008-2018-08-31-11-19-57-0400__CAM_FRONT_LEFT__1535729083354799.jpg", "samples/CAM_FRONT/n008-2018-08-31-11-19-57-0400__CAM_FRONT__1535729083362404.jpg", "samples/CAM_FRONT_RIGHT/n008-2018-08-31-11-19-57-0400__CAM_FRONT_RIGHT__1535729083370482.jpg", "samples/CAM_BACK_LEFT/n008-2018-08-31-11-19-57-0400__CAM_BACK_LEFT__1535729083397405.jpg", "samples/CAM_BACK/n008-2018-08-31-11-19-57-0400__CAM_BACK__1535729083387558.jpg", "samples/CAM_BACK_RIGHT/n008-2018-08-31-11-19-57-0400__CAM_BACK_RIGHT__1535729083378113.jpg"], "intrinsics": [[[1257.8625342125129, 0.0, 827.2410631095686], [0.0, 1257.8625342125129, 450.915498205774], [0.0, 0.0, 1.0]], [[1252.8131021185304, 0.0, 826.588114781398], [0.0, 1252.8131021185304, 469.9846626224581], [0.0, 0.0, 1.0]], [[1256.7485116440405, 0.0, 817.7887570959712], [0.0, 1256.7485116440403, 451.9541780095127], [0.0, 0.0, 1.0]], [[1254.9860565800168, 0.0, 829.5769333630991], [0.0, 1254.9860565800168, 467.1680561863987], [0.0, 0.0, 1.0]], [[796.8910634503094, 0.0, 857.7774326863696], [0.0, 796.8910634503094, 476.8848988407415], [0.0, 0.0, 1.0]], [[1249.9629280788233, 0.0, 825.3768045375984], [0.0, 1249.9629280788233, 462.54816385708756], [0.0, 0.0, 1.0]]], "extrinsics": [[[0.8227287530899048, -0.5684325695037842, -0.0013458025641739368, -0.85968017578125], [0.018120596185326576, 0.028593309223651886, -0.9994269013404846, 1.4914588928222656], [0.568145215511322, 0.8222328424453735, 0.033824872225522995, -1.2340087890625], [0.0, 0.0, 0.0, 1.0]], [[0.010686450637876987, -0.9996477961540222, -0.024290911853313446, 0.007568359375], [0.020143406465649605, 0.024502579122781754, -0.9994968175888062, 1.4830551147460938], [0.9997400045394897, 0.010191772133111954, 0.020398158580064774, -1.5904693603515625], [0.0, 0.0, 0.0, 1.0]], [[-0.8436111807823181, -0.5359792709350586, -0.03234623372554779, 0.99737548828125], [0.028253111988306046, 0.015848776325583458, -0.9994751214981079, 1.4961910247802734], [0.5362105965614319, -0.8440823554992676, 0.0017728738021105528, -1.2177734375], [0.0, 0.0, 0.0, 1.0]], [[0.9477846026420593, 0.3186550438404083, 0.012782453559339046, -1.14801025390625], [0.0029940526001155376, 0.031188776716589928, -0.9995090365409851, 1.5620307922363281], [-0.3188972771167755, 0.9473574757575989, 0.028606170788407326, -0.154541015625], [0.0, 0.0, 0.0, 1.0]], [[0.008915440179407597, 0.999680757522583, 0.023639198392629623, -0.028564453125], [0.005048317834734917, 0.02359483763575554, -0.9997088313102722, 1.5682487487792969], [-0.9999474883079529, 0.009032215923070908, -0.004836348816752434, 0.0056915283203125], [0.0, 0.0, 0.0, 1.0]], [[-0.9237167239189148, 0.3829905390739441, -0.00810171291232109, 1.087371826171875], [0.009117416106164455, 0.0008369307033717632, -0.9999580979347229, 1.5485329627990723], [-0.38296765089035034, -0.9237518310546875, -0.004264970775693655, -0.07373046875], [0.0, 0.0, 0.0, 1.0]]], "view": [[0.0, -2.0, 100.0], [-2.0, 0.0, 100.0], [0.0, 0.0, 1.0]], "bev": "bev_9c17b96b9a104497bd48a4aa7a7b80c7.png", "aux": "aux_9c17b96b9a104497bd48a4aa7a7b80c7.npz", "visibility": "visibility_9c17b96b9a104497bd48a4aa7a7b80c7.png", "pose": [[-0.8156129121780396, -0.578597903251648, 0.0, 1047.080810546875], [0.578597903251648, -0.8156129121780396, 0.0, 1234.615478515625], [0.0, 0.0, 1.0, 0.0], [0.0, 0.0, 0.0, 1.0]], "pose_inverse": [[-0.8156129121780396, 0.578597903251648, 0.0, 139.66668701171875], [-0.578597903251648, -0.8156129121780396, 0.0, 1612.80712890625], [0.0, 0.0, 1.0, 0.0], [0.0, 0.0, 0.0, 1.0]], "cam_ids": [0, 1, 2, 3, 4, 5], "cam_channels": ["CAM_FRONT_LEFT", "CAM_FRONT", "CAM_FRONT_RIGHT", "CAM_BACK_LEFT", "CAM_BACK", "CAM_BACK_RIGHT"], "token": "9c17b96b9a104497bd48a4aa7a7b80c7", "scene": "scene-0290"}, {"images": ["samples/CAM_FRONT_LEFT/n008-2018-08-31-11-19-57-0400__CAM_FRONT_LEFT__1535729083904799.jpg", "samples/CAM_FRONT/n008-2018-08-31-11-19-57-0400__CAM_FRONT__1535729083912404.jpg", "samples/CAM_FRONT_RIGHT/n008-2018-08-31-11-19-57-0400__CAM_FRONT_RIGHT__1535729083920482.jpg", "samples/CAM_BACK_LEFT/n008-2018-08-31-11-19-57-0400__CAM_BACK_LEFT__1535729083947405.jpg", "samples/CAM_BACK/n008-2018-08-31-11-19-57-0400__CAM_BACK__1535729083937558.jpg", "samples/CAM_BACK_RIGHT/n008-2018-08-31-11-19-57-0400__CAM_BACK_RIGHT__1535729083928113.jpg"], "intrinsics": [[[1257.8625342125129, 0.0, 827.2410631095686], [0.0, 1257.8625342125129, 450.915498205774], [0.0, 0.0, 1.0]], [[1252.8131021185304, 0.0, 826.588114781398], [0.0, 1252.8131021185304, 469.9846626224581], [0.0, 0.0, 1.0]], [[1256.7485116440405, 0.0, 817.7887570959712], [0.0, 1256.7485116440403, 451.9541780095127], [0.0, 0.0, 1.0]], [[1254.9860565800168, 0.0, 829.5769333630991], [0.0, 1254.9860565800168, 467.1680561863987], [0.0, 0.0, 1.0]], [[796.8910634503094, 0.0, 857.7774326863696], [0.0, 796.8910634503094, 476.8848988407415], [0.0, 0.0, 1.0]], [[1249.9629280788233, 0.0, 825.3768045375984], [0.0, 1249.9629280788233, 462.54816385708756], [0.0, 0.0, 1.0]]], "extrinsics": [[[0.8223019242286682, -0.5690515637397766, -6.351194315357134e-05, -0.8338623046875], [0.02048986405134201, 0.029720202088356018, -0.9993482232093811, 1.4925880432128906], [0.5686824917793274, 0.8217646479606628, 0.03609876707196236, -1.21435546875], [0.0, 0.0, 0.0, 1.0]], [[0.010127588175237179, -0.9996259212493896, -0.025404924526810646, 0.006591796875], [0.02248813770711422, 0.025627488270401955, -0.9994186162948608, 1.4840278625488281], [0.9996957778930664, 0.009550435468554497, 0.022739270702004433, -1.5636138916015625], [0.0, 0.0, 0.0, 1.0]], [[-0.843788206577301, -0.5355413556098938, -0.03488333150744438, 0.97943115234375], [0.030554162338376045, 0.01695626974105835, -0.9993892908096313, 1.4970932006835938], [0.5358057618141174, -0.8443387746810913, 0.0020555155351758003, -1.20751953125], [0.0, 0.0, 0.0, 1.0]], [[0.9477983117103577, 0.3184944689273834, 0.015480276197195053, -1.14447021484375], [0.005452824756503105, 0.03235148265957832, -0.9994617104530334, 1.5620460510253906], [-0.31882378458976746, 0.947372555732727, 0.02892598882317543, -0.156005859375], [0.0, 0.0, 0.0, 1.0]], [[0.009091909043490887, 0.9996513724327087, 0.024791831150650978, -0.0283203125], [0.007375393062829971, 0.024725142866373062, -0.9996670484542847, 1.5684165954589844], [-0.9999314546585083, 0.009271723218262196, -0.0071480246260762215, -0.0038299560546875], [0.0, 0.0, 0.0, 1.0]], [[-0.9235633611679077, 0.38331666588783264, -0.009946213103830814, 1.07379150390625], [0.01157495565712452, 0.0019427187507972121, -0.9999310970306396, 1.5489044189453125], [-0.3832709491252899, -0.9236149191856384, -0.006231097504496574, -0.0799560546875], [0.0, 0.0, 0.0, 1.0]]], "view": [[0.0, -2.0, 100.0], [-2.0, 0.0, 100.0], [0.0, 0.0, 1.0]], "bev": "bev_7e069e4eb79a471fbc927f80619eda60.png", "aux": "aux_7e069e4eb79a471fbc927f80619eda60.npz", "visibility": "visibility_7e069e4eb79a471fbc927f80619eda60.png", "pose": [[-0.8171387314796448, -0.5764410495758057, 0.0, 1045.025634765625], [0.5764410495758057, -0.8171387314796448, 0.0, 1236.073486328125], [0.0, 0.0, 1.0, 0.0], [0.0, 0.0, 0.0, 1.0]], "pose_inverse": [[-0.8171387314796448, 0.5764410495758057, 0.0, 141.4074249267578], [-0.5764410495758057, -0.8171387314796448, 0.0, 1612.439208984375], [0.0, 0.0, 1.0, 0.0], [0.0, 0.0, 0.0, 1.0]], "cam_ids": [0, 1, 2, 3, 4, 5], "cam_channels": ["CAM_FRONT_LEFT", "CAM_FRONT", "CAM_FRONT_RIGHT", "CAM_BACK_LEFT", "CAM_BACK", "CAM_BACK_RIGHT"], "token": "7e069e4eb79a471fbc927f80619eda60", "scene": "scene-0290"}, {"images": ["samples/CAM_FRONT_LEFT/n008-2018-08-31-11-19-57-0400__CAM_FRONT_LEFT__1535729084404799.jpg", "samples/CAM_FRONT/n008-2018-08-31-11-19-57-0400__CAM_FRONT__1535729084412404.jpg", "samples/CAM_FRONT_RIGHT/n008-2018-08-31-11-19-57-0400__CAM_FRONT_RIGHT__1535729084420666.jpg", "samples/CAM_BACK_LEFT/n008-2018-08-31-11-19-57-0400__CAM_BACK_LEFT__1535729084447405.jpg", "samples/CAM_BACK/n008-2018-08-31-11-19-57-0400__CAM_BACK__1535729084437558.jpg", "samples/CAM_BACK_RIGHT/n008-2018-08-31-11-19-57-0400__CAM_BACK_RIGHT__1535729084428113.jpg"], "intrinsics": [[[1257.8625342125129, 0.0, 827.2410631095686], [0.0, 1257.8625342125129, 450.915498205774], [0.0, 0.0, 1.0]], [[1252.8131021185304, 0.0, 826.588114781398], [0.0, 1252.8131021185304, 469.9846626224581], [0.0, 0.0, 1.0]], [[1256.7485116440405, 0.0, 817.7887570959712], [0.0, 1256.7485116440403, 451.9541780095127], [0.0, 0.0, 1.0]], [[1254.9860565800168, 0.0, 829.5769333630991], [0.0, 1254.9860565800168, 467.1680561863987], [0.0, 0.0, 1.0]], [[796.8910634503094, 0.0, 857.7774326863696], [0.0, 796.8910634503094, 476.8848988407415], [0.0, 0.0, 1.0]], [[1249.9629280788233, 0.0, 825.3768045375984], [0.0, 1249.9629280788233, 462.54816385708756], [0.0, 0.0, 1.0]]], "extrinsics": [[[0.8224782943725586, -0.5687952637672424, 0.0012451807269826531, -0.82037353515625], [0.023363763466477394, 0.031596556305885315, -0.9992275834083557, 1.4935188293457031], [0.5683165788650513, 0.8218720555305481, 0.03927667811512947, -1.20654296875], [0.0, 0.0, 0.0, 1.0]], [[0.010450121015310287, -0.9995725750923157, -0.027301408350467682, 0.0078125], [0.025347597897052765, 0.02755892649292946, -0.9992987513542175, 1.48480224609375], [0.9996240139007568, 0.009750711731612682, 0.02562475949525833, -1.551055908203125], [0.0, 0.0, 0.0, 1.0]], [[-0.8435887694358826, -0.5356184840202332, -0.03835244104266167, 0.972900390625], [0.0333988294005394, 0.018948707729578018, -0.9992623925209045, 1.49774169921875], [0.5359501242637634, -0.8442475199699402, 0.0019041132181882858, -1.2025146484375], [0.0, 0.0, 0.0, 1.0]], [[0.9477540254592896, 0.31845954060554504, 0.018597494810819626, -1.14453125], [0.008023766800761223, 0.03448249399662018, -0.9993730783462524, 1.5620384216308594], [-0.3189011812210083, 0.9473090767860413, 0.030125679448246956, -0.1558837890625], [0.0, 0.0, 0.0, 1.0]], [[0.008964485488831997, 0.9995978474617004, 0.026904510334134102, -0.0286865234375], [0.010036831721663475, 0.026814287528395653, -0.9995899796485901, 1.5685691833496094], [-0.9999094605445862, 0.00923084653