[{"images": ["samples/CAM_FRONT_LEFT/n015-2018-08-01-17-13-57+0800__CAM_FRONT_LEFT__1533115155104893.jpg", "samples/CAM_FRONT/n015-2018-08-01-17-13-57+0800__CAM_FRONT__1533115155112460.jpg", "samples/CAM_FRONT_RIGHT/n015-2018-08-01-17-13-57+0800__CAM_FRONT_RIGHT__1533115155120339.jpg", "samples/CAM_BACK_LEFT/n015-2018-08-01-17-13-57+0800__CAM_BACK_LEFT__1533115155147423.jpg", "samples/CAM_BACK/n015-2018-08-01-17-13-57+0800__CAM_BACK__1533115155137525.jpg", "samples/CAM_BACK_RIGHT/n015-2018-08-01-17-13-57+0800__CAM_BACK_RIGHT__1533115155127893.jpg"], "intrinsics": [[[1272.5979470598488, 0.0, 826.6154927353808], [0.0, 1272.5979470598488, 479.75165386361925], [0.0, 0.0, 1.0]], [[1266.417203046554, 0.0, 816.2670197447984], [0.0, 1266.417203046554, 491.50706579294757], [0.0, 0.0, 1.0]], [[1260.8474446004698, 0.0, 807.968244525554], [0.0, 1260.8474446004698, 495.3344268742088], [0.0, 0.0, 1.0]], [[1256.7414812095406, 0.0, 792.1125740759628], [0.0, 1256.7414812095406, 492.7757465151356], [0.0, 0.0, 1.0]], [[809.2209905677063, 0.0, 829.2196003259838], [0.0, 809.2209905677063, 481.77842384512485], [0.0, 0.0, 1.0]], [[1259.5137405846733, 0.0, 807.2529053838625], [0.0, 1259.5137405846733, 501.19579884916527], [0.0, 0.0, 1.0]]], "extrinsics": [[[0.8206511735916138, -0.571422815322876, -0.0027680182829499245, -0.928466796875], [-0.009841485880315304, -0.00929025188088417, -0.9999083876609802, 1.5078105926513672], [0.571344792842865, 0.8206033110618591, -0.01324770413339138, -1.25482177734375], [0.0, 0.0, 0.0, 1.0]], [[0.005636737681925297, -0.9998959302902222, 0.013283977285027504, 0.0052814483642578125], [-0.015120270662009716, -0.013367893174290657, -0.9997963309288025, 1.5199775695800781], [0.9998697638511658, 0.005434774793684483, -0.015194048173725605, -1.6556396484375], [0.0, 0.0, 0.0, 1.0]], [[-0.8329892158508301, -0.5532590746879578, 0.005777440033853054, 1.00848388671875], [-0.00947517529129982, 0.003823852399364114, -0.9999477863311768, 1.5033740997314453], [0.5532081127166748, -0.8330004215240479, -0.00842745415866375, -1.23297119140625], [0.0, 0.0, 0.0, 1.0]], [[0.9477342367172241, 0.31893041729927063, -0.009119131602346897, -1.141845703125], [-0.0006580476765520871, -0.026627255603671074, -0.9996451735496521, 1.5885529518127441], [-0.3190600872039795, 0.9474040865898132, -0.025025689974427223, -0.103759765625], [0.0, 0.0, 0.0, 1.0]], [[0.0023182197473943233, 0.9998587965965271, -0.016643384471535683, 0.0028390884399414062], [-0.026133034378290176, -0.01657717116177082, -0.999521017074585, 1.5790767669677734], [-0.9996557235717773, 0.002752087777480483, 0.026090914383530617, -0.0089111328125], [0.0, 0.0, 0.0, 1.0]], [[-0.9348422288894653, 0.3550049364566803, -0.006449584849178791, 1.116943359375], [0.0064373500645160675, -0.0012155899312347174, -0.9999785423278809, 1.5515832901000977], [-0.355005145072937, -0.9348636269569397, -0.001148907351307571, -0.071014404296875], [0.0, 0.0, 0.0, 1.0]]], "view": [[0.0, -2.0, 100.0], [-2.0, 0.0, 100.0], [0.0, 0.0, 1.0]], "bev": "bev_b0935afc70df432897592ad1e510be40.png", "aux": "aux_b0935afc70df432897592ad1e510be40.npz", "visibility": "visibility_b0935afc70df432897592ad1e510be40.png", "pose": [[-0.3167213201522827, 0.9485186338424683, 0.0, 406.9568176269531], [-0.9485186338424683, -0.3167213201522827, 0.0, 1166.1536865234375], [0.0, 0.0, 1.0, 0.0], [0.0, 0.0, 0.0, 1.0]], "pose_inverse": [[-0.3167213201522827, -0.9485186338424683, 0.0, 1235.0103759765625], [0.9485186338424683, -0.3167213201522827, 0.0, -16.660400390625], [0.0, 0.0, 1.0, 0.0], [0.0, 0.0, 0.0, 1.0]], "cam_ids": [0, 1, 2, 3, 4, 5], "cam_channels": ["CAM_FRONT_LEFT", "CAM_FRONT", "CAM_FRONT_RIGHT", "CAM_BACK_LEFT", "CAM_BACK", "CAM_BACK_RIGHT"], "token": "b0935afc70df432897592ad1e510be40", "scene": "scene-0158"}, {"images": ["samples/CAM_FRONT_LEFT/n015-2018-08-01-17-13-57+0800__CAM_FRONT_LEFT__1533115155604844.jpg", "samples/CAM_FRONT/n015-2018-08-01-17-13-57+0800__CAM_FRONT__1533115155612460.jpg", "samples/CAM_FRONT_RIGHT/n015-2018-08-01-17-13-57+0800__CAM_FRONT_RIGHT__1533115155620339.jpg", "samples/CAM_BACK_LEFT/n015-2018-08-01-17-13-57+0800__CAM_BACK_LEFT__1533115155647423.jpg", "samples/CAM_BACK/n015-2018-08-01-17-13-57+0800__CAM_BACK__1533115155637525.jpg", "samples/CAM_BACK_RIGHT/n015-2018-08-01-17-13-57+0800__CAM_BACK_RIGHT__1533115155627893.jpg"], "intrinsics": [[[1272.5979470598488, 0.0, 826.6154927353808], [0.0, 1272.5979470598488, 479.75165386361925], [0.0, 0.0, 1.0]], [[1266.417203046554, 0.0, 816.2670197447984], [0.0, 1266.417203046554, 491.50706579294757], [0.0, 0.0, 1.0]], [[1260.8474446004698, 0.0, 807.968244525554], [0.0, 1260.8474446004698, 495.3344268742088], [0.0, 0.0, 1.0]], [[1256.7414812095406, 0.0, 792.1125740759628], [0.0, 1256.7414812095406, 492.7757465151356], [0.0, 0.0, 1.0]], [[809.2209905677063, 0.0, 829.2196003259838], [0.0, 809.2209905677063, 481.77842384512485], [0.0, 0.0, 1.0]], [[1259.5137405846733, 0.0, 807.2529053838625], [0.0, 1259.5137405846733, 501.19579884916527], [0.0, 0.0, 1.0]]], "extrinsics": [[[0.8209465742111206, -0.5709939002990723, -0.0035678083077073097, -0.9332275390625], [-0.009010338224470615, -0.006706590764224529, -0.9999368786811829, 1.5079059600830078], [0.5709339380264282, 0.8209269046783447, -0.01065060030668974, -1.2586669921875], [0.0, 0.0, 0.0, 1.0]], [[0.006045602262020111, -0.9999250173568726, 0.010645587928593159, 0.0055980682373046875], [-0.014347602613270283, -0.010731423273682594, -0.9998394846916199, 1.5200824737548828], [0.9998787045478821, 0.005891892127692699, -0.01441140566021204, -1.6605224609375], [0.0, 0.0, 0.0, 1.0]], [[-0.8328157067298889, -0.553537905216217, 0.003695255611091852, 1.01202392578125], [-0.008770598098635674, 0.006520345341414213, -0.9999402165412903, 1.503427505493164], [0.5534807443618774, -0.8327983617782593, -0.01028510369360447, -1.2349853515625], [0.0, 0.0, 0.0, 1.0]], [[0.947729229927063, 0.31898006796836853, -0.007813132368028164, -1.1417236328125], [-0.0002383137180004269, -0.023779120296239853, -0.9997171759605408, 1.5885556936264038], [-0.3190756142139435, 0.9474629759788513, -0.022460149601101875, -0.10382080078125], [0.0, 0.0, 0.0, 1.0]], [[0.0022269871551543474, 0.9999017715454102, -0.013836287893354893, 0.0027093887329101562], [-0.025604207068681717, -0.013774771243333817, -0.9995772838592529, 1.5791263580322266], [-0.9996696710586548, 0.0025802976451814175, 0.02557101473212242, -0.0072021484375], [0.0, 0.0, 0.0, 1.0]], [[-0.9349172115325928, 0.3548141419887543, -0.00606501242145896, 1.11962890625], [0.007072245702147484, 0.0015419612172991037, -0.9999738335609436, 1.5515775680541992], [-0.35479551553726196, -0.9349355697631836, -0.003950940445065498, -0.0697021484375], [0.0, 0.0, 0.0, 1.0]]], "view": [[0.0, -2.0, 100.0], [-2.0, 0.0, 100.0], [0.0, 0.0, 1.0]], "bev": "bev_a20acc204dbd4ff9a177d7b56fe3e90d.png", "aux": "aux_a20acc204dbd4ff9a177d7b56fe3e90d.npz", "visibility": "visibility_a20acc204dbd4ff9a177d7b56fe3e90d.png", "pose": [[-0.3180569112300873, 0.9480715990066528, 0.0, 406.7952880859375], [-0.9480715990066528, -0.3180569112300873, 0.0, 1165.68310546875], [0.0, 0.0, 1.0, 0.0], [0.0, 0.0, 0.0, 1.0]], "pose_inverse": [[-0.3180569112300873, -0.9480715990066528, 0.0, 1234.53515625], [0.9480715990066528, -0.3180569112300873, 0.0, -14.917516708374023], [0.0, 0.0, 1.0, 0.0], [0.0, 0.0, 0.0, 1.0]], "cam_ids": [0, 1, 2, 3, 4, 5], "cam_channels": ["CAM_FRONT_LEFT", "CAM_FRONT", "CAM_FRONT_RIGHT", "CAM_BACK_LEFT", "CAM_BACK", "CAM_BACK_RIGHT"], "token": "a20acc204dbd4ff9a177d7b56fe3e90d", "scene": "scene-0158"}, {"images": ["samples/CAM_FRONT_LEFT/n015-2018-08-01-17-13-57+0800__CAM_FRONT_LEFT__1533115156104844.jpg", "samples/CAM_FRONT/n015-2018-08-01-17-13-57+0800__CAM_FRONT__1533115156112460.jpg", "samples/CAM_FRONT_RIGHT/n015-2018-08-01-17-13-57+0800__CAM_FRONT_RIGHT__1533115156120339.jpg", "samples/CAM_BACK_LEFT/n015-2018-08-01-17-13-57+0800__CAM_BACK_LEFT__1533115156147423.jpg", "samples/CAM_BACK/n015-2018-08-01-17-13-57+0800__CAM_BACK__1533115156137525.jpg", "samples/CAM_BACK_RIGHT/n015-2018-08-01-17-13-57+0800__CAM_BACK_RIGHT__1533115156127893.jpg"], "intrinsics": [[[1272.5979470598488, 0.0, 826.6154927353808], [0.0, 1272.5979470598488, 479.75165386361925], [0.0, 0.0, 1.0]], [[1266.417203046554, 0.0, 816.2670197447984], [0.0, 1266.417203046554, 491.50706579294757], [0.0, 0.0, 1.0]], [[1260.8474446004698, 0.0, 807.968244525554], [0.0, 1260.8474446004698, 495.3344268742088], [0.0, 0.0, 1.0]], [[1256.7414812095406, 0.0, 792.1125740759628], [0.0, 1256.7414812095406, 492.7757465151356], [0.0, 0.0, 1.0]], [[809.2209905677063, 0.0, 829.2196003259838], [0.0, 809.2209905677063, 481.77842384512485], [0.0, 0.0, 1.0]], [[1259.5137405846733, 0.0, 807.2529053838625], [0.0, 1259.5137405846733, 501.19579884916527], [0.0, 0.0, 1.0]]], "extrinsics": [[[0.8207271099090576, -0.571315348148346, -0.0024166880175471306, -0.94171142578125], [-0.007693776395171881, -0.006822729483246803, -0.9999471306800842, 1.5080327987670898], [0.5712686777114868, 0.820702314376831, -0.0099951708689332, -1.26434326171875], [0.0, 0.0, 0.0, 1.0]], [[0.005710391793400049, -0.999925434589386, 0.010790621861815453, 0.0053844451904296875], [-0.012929297983646393, -0.01086372509598732, -0.9998574256896973, 1.5202341079711914], [0.9999001026153564, 0.0055700340308249, -0.012990370392799377, -1.6690673828125], [0.0, 0.0, 0.0, 1.0]], [[-0.8329567909240723, -0.5533323287963867, 0.0025079676415771246, 1.017333984375], [-0.007240881212055683, 0.006367764435708523, -0.9999534487724304, 1.5035133361816406], [0.553290605545044, -0.83293616771698, -0.009310686029493809, -1.2386474609375], [0.0, 0.0, 0.0, 1.0]], [[0.9477403163909912, 0.31898415088653564, -0.006107763387262821, -1.1419677734375], [0.0016053025610744953, -0.02391158789396286, -0.9997127652168274, 1.588554859161377], [-0.31903859972953796, 0.9474583268165588, -0.023174043744802475, -0.103759765625], [0.0, 0.0, 0.0, 1.0]], [[0.002337876707315445, 0.9998996257781982, -0.013978816568851471, 0.0027265548706054688], [-0.023864855989813805, -0.013919084332883358, -0.9996182918548584, 1.5791988372802734], [-0.9997124671936035, 0.002670575398951769, 0.02382991649210453, -0.0047607421875], [0.0, 0.0, 0.0, 1.0]], [[-0.9348435401916504, 0.35497766733169556, -0.00764105748385191, 1.1240234375], [0.00869921687990427, 0.0013850019313395023, -0.9999611973762512, 1.551560401916504], [-0.3549533188343048, -0.9348737597465515, -0.004382788203656673, -0.068115234375], [0.0, 0.0, 0.0, 1.0]]], "view": [[0.0, -2.0, 100.0], [-2.0, 0.0, 100.0], [0.0, 0.0, 1.0]], "bev": "bev_50387a28a1b34b6f9d9d916ba202bf79.png", "aux": "aux_50387a28a1b34b6f9d9d916ba202bf79.npz", "visibility": "visibility_50387a28a1b34b6f9d9d916ba202bf79.png", "pose": [[-0.3190048933029175, 0.9477530717849731, 0.0, 406.6775207519531], [-0.9477530717849731, -0.3190048933029175, 0.0, 1165.3419189453125], [0.0, 0.0, 1.0, 0.0], [0.0, 0.0, 0.0, 1.0]], "pose_inverse": [[-0.3190048933029175, -0.9477530717849731, 0.0, 1234.1884765625], [0.9477530717849731, -0.3190048933029175, 0.0, -13.680076599121094], [0.0, 0.0, 1.0, 0.0], [0.0, 0.0, 0.0, 1.0]], "cam_ids": [0, 1, 2, 3, 4, 5], "cam_channels": ["CAM_FRONT_LEFT", "CAM_FRONT", "CAM_FRONT_RIGHT", "CAM_BACK_LEFT", "CAM_BACK", "CAM_BACK_RIGHT"], "token": "50387a28a1b34b6f9d9d916ba202bf79", "scene": "scene-0158"}, {"images": ["samples/CAM_FRONT_LEFT/n015-2018-08-01-17-13-57+0800__CAM_FRONT_LEFT__1533115156604844.jpg", "samples/CAM_FRONT/n015-2018-08-01-17-13-57+0800__CAM_FRONT__1533115156612460.jpg", "samples/CAM_FRONT_RIGHT/n015-2018-08-01-17-13-57+0800__CAM_FRONT_RIGHT__1533115156620339.jpg", "samples/CAM_BACK_LEFT/n015-2018-08-01-17-13-57+0800__CAM_BACK_LEFT__1533115156647423.jpg", "samples/CAM_BACK/n015-2018-08-01-17-13-57+0800__CAM_BACK__1533115156637525.jpg", "samples/CAM_BACK_RIGHT/n015-2018-08-01-17-13-57+0800__CAM_BACK_RIGHT__1533115156627893.jpg"], "intrinsics": [[[1272.5979470598488, 0.0, 826.6154927353808], [0.0, 1272.5979470598488, 479.75165386361925], [0.0, 0.0, 1.0]], [[1266.417203046554, 0.0, 816.2670197447984], [0.0, 1266.417203046554, 491.50706579294757], [0.0, 0.0, 1.0]], [[1260.8474446004698, 0.0, 807.968244525554], [0.0, 1260.8474446004698, 495.3344268742088], [0.0, 0.0, 1.0]], [[1256.7414812095406, 0.0, 792.1125740759628], [0.0, 1256.7414812095406, 492.7757465151356], [0.0, 0.0, 1.0]], [[809.2209905677063, 0.0, 829.2196003259838], [0.0, 809.2209905677063, 481.77842384512485], [0.0, 0.0, 1.0]], [[1259.5137405846733, 0.0, 807.2529053838625], [0.0, 1259.5137405846733, 501.19579884916527], [0.0, 0.0, 1.0]]], "extrinsics": [[[0.8207476735115051, -0.5712906718254089, -0.00042487255996093154, -0.950439453125], [-0.005924052558839321, -0.007767149247229099, -0.9999522566795349, 1.5081467628479004], [0.5712600946426392, 0.8207109570503235, -0.009759226813912392, -1.2705078125], [0.0, 0.0, 0.0, 1.0]], [[0.005723479203879833, -0.9999140501022339, 0.011791465803980827, 0.005451202392578125], [-0.011182708665728569, -0.011854922398924828, -0.9998672604560852, 1.5203752517700195], [0.9999210834503174, 0.0055909184738993645, -0.011249599978327751, -1.677978515625], [0.0, 0.0, 0.0, 1.0]], [[-0.832942545413971, -0.553356945514679, 0.0016482372302561998, 1.0230712890625], [-0.005518598016351461, 0.005328362807631493, -0.999970555305481, 1.5035810470581055], [0.5533318519592285, -0.8329271078109741, -0.007491974625736475, -1.24237060546875], [0.0, 0.0, 0.0, 1.0]], [[0.947748601436615, 0.3189804255962372, -0.004901455715298653, -1.1422119140625], [0.003281939774751663, -0.025112317875027657, -0.9996792078018188, 1.5885567665100098], [-0.319001168012619, 0.9474285244941711, -0.024847041815519333, -0.103729248046875], [0.0, 0.0, 0.0, 1.0]], [[0.002340515609830618, 0.9998828172683716, -0.015131700783967972, 0.0027132034301757812], [-0.022182708606123924, -0.015076104551553726, -0.9996402263641357, 1.5792694091796875], [-0.9997511506080627, 0.0026753628626465797, 0.022144822403788567, -0.002197265625], [0.0, 0.0, 0.0, 1.0]], [[-0.9348387122154236, 0.3549423813819885, -0.009619937278330326, 1.1287841796875], [0.010401361621916294, 0.00029350590193644166, -0.999945878982544, 1.5515336990356445], [-0.3549203872680664, -0.9348881244659424, -0.003966266755014658, -0.066314697265625], [0.0, 0.0, 0.0, 1.0]]], "view": [[0.0, -2.0, 100.0], [-2.0, 0.0, 100.0], [0.0, 0.0, 1.0]], "bev": "bev_2952b130820341cb94f176bf4ec03b90.png", "aux": "aux_2952b130820341cb94f176bf4ec03b90.npz", "visibility": "visibility_2952b130820341cb94f176bf4ec03b90.png", "pose": [[-0.31932637095451355, 0.9476447701454163, 0.0, 406.5912170410156], [-0.9476447701454163, -0.31932637095451355, 0.0, 1165.093505859375], [0.0, 0.0, 1.0, 0.0], [0.0, 0.0, 0.0, 1.0]], "pose_inverse": [[-0.31932637095451355, -0.9476447701454163, 0.0, 1233.9300537109375], [0.9476447701454163, -0.31932637095451355, 0.0, -13.258966445922852], [0.0, 0.0, 1.0, 0.0], [0.0, 0.0, 0.0, 1.0]], "cam_ids": [0, 1, 2, 3, 4, 5], "cam_channels": ["CAM_FRONT_LEFT", "CAM_FRONT", "CAM_FRONT_RIGHT", "CAM_BACK_LEFT", "CAM_BACK", "CAM_BACK_RIGHT"], "token": "2952b130820341cb94f176bf4ec03b90", "scene": "scene-0158"}, {"images": ["samples/CAM_FRONT_LEFT/n015-2018-08-01-17-13-57+0800__CAM_FRONT_LEFT__1533115157154844.jpg", "samples/CAM_FRONT/n015-2018-08-01-17-13-57+0800__CAM_FRONT__1533115157162460.jpg", "samples/CAM_FRONT_RIGHT/n015-2018-08-01-17-13-57+0800__CAM_FRONT_RIGHT__1533115157170339.jpg", "samples/CAM_BACK_LEFT/n015-2018-08-01-17-13-57+0800__CAM_BACK_LEFT__1533115157197430.jpg", "samples/CAM_BACK/n015-2018-08-01-17-13-57+0800__CAM_BACK__1533115157187525.jpg", "samples/CAM_BACK_RIGHT/n015-2018-08-01-17-13-57+0800__CAM_BACK_RIGHT__1533115157177893.jpg"], "intrinsics": [[[1272.5979470598488, 0.0, 826.6154927353808], [0.0, 1272.5979470598488, 479.75165386361925], [0.0, 0.0, 1.0]], [[1266.417203046554, 0.0, 816.2670197447984], [0.0, 1266.417203046554, 491.50706579294757], [0.0, 0.0, 1.0]], [[1260.8474446004698, 0.0, 807.968244525554], [0.0, 1260.8474446004698, 495.3344268742088], [0.0, 0.0, 1.0]], [[1256.7414812095406, 0.0, 792.1125740759628], [0.0, 1256.7414812095406, 492.7757465151356], [0.0, 0.0, 1.0]], [[809.2209905677063, 0.0, 829.2196003259838], [0.0, 809.2209905677063, 481.77842384512485], [0.0, 0.0, 1.0]], [[1259.5137405846733, 0.0, 807.2529053838625], [0.0, 1259.5137405846733, 501.19579884916527], [0.0, 0.0, 1.0]]], "extrinsics": [[[0.8209306597709656, -0.5710265040397644, 0.001297990558668971, -0.9500732421875], [-0.0037371469661593437, -0.007645673118531704, -0.9999637603759766, 1.5081844329833984], [0.5710157752037048, 0.8208960294723511, -0.008410576730966568, -1.2703857421875], [0.0, 0.0, 0.0, 1.0]], [[0.005963015835732222, -0.9999141693115234, 0.011657631024718285, 0.005474090576171875], [-0.009018419310450554, -0.011711139231920242, -0.9998907446861267, 1.5204029083251953], [0.9999414682388306, 0.005857218522578478, -0.00908748060464859, -1.6773681640625], [0.0, 0.0, 0.0, 1.0]], [[-0.832828164100647, -0.5535315871238708, -0.00022521456412505358, 1.02294921875], [-0.003379286965355277, 0.005491242744028568, -0.9999791383743286, 1.5036041736602783], [0.5535212159156799, -0.83281010389328, -0.006443802732974291, -1.24212646484375], [0.0, 0.0, 0.0, 1.0]], [[0.9477460980415344, 0.3190126121044159, -0.0028655484784394503, -1.1424560546875], [0.005322971846908331, -0.024793541058897972, -0.999678373336792, 1.5885543823242188], [-0.3189810514450073, 0.9474260807037354, -0.025196079164743423, -0.103607177734375], [0.0, 0.0, 0.0, 1.0]], [[0.0022808776702731848, 0.9998870491981506, -0.014856470748782158, 0.0026988983154296875], [-0.020098472014069557, -0.014807670377194881, -0.9996883869171143, 1.5792770385742188], [-0.9997953772544861, 0.00257879332639277, 0.02006242610514164, -0.002197265625], [0.0, 0.0, 0.0, 1.0]], [[-0.9348725080490112, 0.35479652881622314, -0.011522933840751648, 1.1285400390625], [0.012514972127974033, 0.0005013413028791547, -0.9999216198921204, 1.551553726196289], [-0.35476285219192505, -0.9349434971809387, -0.0049089607782661915, -0.066436767578125], [0.0, 0.0, 0.0, 1.0]]], "view": [[0.0, -2.0, 100.0], [-2.0, 0.0, 100.0], [0.0, 0.0, 1.0]], "bev": "bev_dc2044dad96e41d4b4c8186b2d1f5153.png", "aux": "aux_dc2044dad96e41d4b4c8186b2d1f5153.npz", "visibility": "visibility_dc2044dad96e41d4b4c8186b2d1f5153.png", "pose": [[-0.32016313076019287, 0.9473624229431152, 0.0, 406.50933837890625], [-0.9473624229431152, -0.32016313076019287, 0.0, 1164.8619384765625], [0.0, 0.0, 1.0, 0.0], [0.0, 0.0, 0.0, 1.0]], "pose_inverse": [[-0.32016313076019287, -0.9473624229431152, 0.0, 1233.6956787109375], [0.9473624229431152, -0.32016313076019287, 0.0, -12.1658296585083], [0.0, 0.0, 1.0, 0.0], [0.0, 0.0, 0.0, 1.0]], "cam_ids": [0, 1, 2, 3, 4, 5], "cam_channels": ["CAM_FRONT_LEFT", "CAM_FRONT", "CAM_FRONT_RIGHT", "CAM_BACK_LEFT", "CAM_BACK", "CAM_BACK_RIGHT"], "token": "dc2044dad96e41d4b4c8186b2d1f5153", "scene": "scene-0158"}, {"images": ["samples/CAM_FRONT_LEFT/n015-2018-08-01-17-13-57+0800__CAM_FRONT_LEFT__1533115157604844.jpg", "samples/CAM_FRONT/n015-2018-08-01-17-13-57+0800__CAM_FRONT__1533115157612460.jpg", "samples/CAM_FRONT_RIGHT/n015-2018-08-01-17-13-57+0800__CAM_FRONT_RIGHT__1533115157620339.jpg", "samples/CAM_BACK_LEFT/n015-2018-08-01-17-13-57+0800__CAM_BACK_LEFT__1533115157647423.jpg", "samples/CAM_BACK/n015-2018-08-01-17-13-57+0800__CAM_BACK__1533115157637525.jpg", "samples/CAM_BACK_RIGHT/n015-2018-08-01-17-13-57+0800__CAM_BACK_RIGHT__1533115157627893.jpg"], "intrinsics": [[[1272.5979470598488, 0.0, 826.6154927353808], [0.0, 1272.5979470598488, 479.75165386361925], [0.0, 0.0, 1.0]], [[1266.417203046554, 0.0, 816.2670197447984], [0.0, 1266.417203046554, 491.50706579294757], [0.0, 0.0, 1.0]], [[1260.8474446004698, 0.0, 807.968244525554], [0.0, 1260.8474446004698, 495.3344268742088], [0.0, 0.0, 1.0]], [[1256.7414812095406, 0.0, 792.1125740759628], [0.0, 1256.7414812095406, 492.7757465151356], [0.0, 0.0, 1.0]], [[809.2209905677063, 0.0, 829.2196003259838], [0.0, 809.2209905677063, 481.77842384512485], [0.0, 0.0, 1.0]], [[1259.5137405846733, 0.0, 807.2529053838625], [0.0, 1259.5137405846733, 501.19579884916527], [0.0, 0.0, 1.0]]], "extrinsics": [[[0.8207550644874573, -0.5712798237800598, -0.0007692590006627142, -0.94775390625], [-0.006024140398949385, -0.007308360654860735, -0.9999551177024841, 1.5081257820129395], [0.5712485313415527, 0.8207228779792786, -0.009439842775464058, -1.2685546875], [0.0, 0.0, 0.0, 1.0]], [[0.005724773742258549, -0.9999198913574219, 0.0112894456833601, 0.0052928924560546875], [-0.011322354897856712, -0.011353721842169762, -0.9998714923858643, 1.5203428268432617], [0.9999194145202637, 0.005596185103058815, -0.011386443860828876, -1.6751708984375], [0.0, 0.0, 0.0, 1.0]], [[-0.8329480290412903, -0.5533491969108582, 0.0014969462063163519, 1.0216064453125], [-0.005699029192328453, 0.005873504094779491, -0.9999665021896362, 1.503568172454834], [0.553321897983551, -0.8329285383224487, -0.008045876398682594, -1.24139404296875], [0.0, 0.0, 0.0, 1.0]], [[0.9477415680885315, 0.3189997673034668, -0.004999648779630661, -1.1424560546875], [0.002949227811768651, -0.02443023957312107, -0.999697208404541, 1.588555097579956], [-0.31902527809143066, 0.9474398493766785, -0.024094358086586, -0.10357666015625], [0.0, 0.0, 0.0, 1.0]], [[0.0023438718635588884, 0.9998923540115356, -0.014489118941128254, 0.0027723312377929688], [-0.022463342174887657, -0.014432857744395733, -0.9996435046195984, 1.5792579650878906], [-0.9997449517250061, 0.0026685188058763742, 0.022427093237638474, -0.0025634765625], [0.0, 0.0, 0.0, 1.0]], [[-0.9348374605178833, 0.3549564480781555, -0.009206059388816357, 1.1273193359375], [0.010181155987083912, 0.0008793920860625803, -0.9999477863311768, 1.5515432357788086], [-0.35492977499961853, -0.9348824620246887, -0.004435954615473747, -0.066864013671875], [0.0, 0.0, 0.0, 1.0]]], "view": [[0.0, -2.0, 100.0], [-2.0, 0.0, 100.0], [0.0, 0.0, 1.0]], "bev": "bev_0b7a869e1f424c38ad98d4f5725b9f63.png", "aux": "aux_0b7a869e1f424c38ad98d4f5725b9f63.npz", "visibility": "visibility_0b7a869e1f424c38ad98d4f5725b9f63.png", "pose": [[-0.3203449547290802, 0.9473009705543518, 0.0, 406.43359375], [-0.9473009705543518, -0.3203449547290802, 0.0, 1164.6444091796875], [0.0, 0.0, 1.0, 0.0], [0.0, 0.0, 0.0, 1.0]], "pose_inverse": [[-0.3203449547290802, -0.9473009705543518, 0.0, 1233.4677734375], [0.9473009705543518, -0.3203449547290802, 0.0, -11.926959991455078], [0.0, 0.0, 1.0, 0.0], [0.0, 0.0, 0.0, 1.0]], "cam_ids": [0, 1, 2, 3, 4, 5], "cam_channels": ["CAM_FRONT_LEFT", "CAM_FRONT", "CAM_FRONT_RIGHT", "CAM_BACK_LEFT", "CAM_BACK", "CAM_BACK_RIGHT"], "token": "0b7a869e1f424c38ad98d4f5725b9f63", "scene": "scene-0158"}, {"images": ["samples/CAM_FRONT_LEFT/n015-2018-08-01-17-13-57+0800__CAM_FRONT_LEFT__1533115158104844.jpg", "samples/CAM_FRONT/n015-2018-08-01-17-13-57+0800__CAM_FRONT__1533115158112460.jpg", "samples/CAM_FRONT_RIGHT/n015-2018-08-01-17-13-57+0800__CAM_FRONT_RIGHT__1533115158120339.jpg", "samples/CAM_BACK_LEFT/n015-2018-08-01-17-13-57+0800__CAM_BACK_LEFT__1533115158147423.jpg", "samples/CAM_BACK/n015-2018-08-01-17-13-57+0800__CAM_BACK__1533115158137525.jpg", "samples/CAM_BACK_RIGHT/n015-2018-08-01-17-13-57+0800__CAM_BACK_RIGHT__1533115158127893.jpg"], "intrinsics": [[[1272.5979470598488, 0.0, 826.6154927353808], [0.0, 1272.5979470598488, 479.75165386361925], [0.0, 0.0, 1.0]], [[1266.417203046554, 0.0, 816.2670197447984], [0.0, 1266.417203046554, 491.50706579294757], [0.0, 0.0, 1.0]], [[1260.8474446004698, 0.0, 807.968244525554], [0.0, 1260.8474446004698, 495.3344268742088], [0.0, 0.0, 1.0]], [[1256.7414812095406, 0.0, 792.1125740759628], [0.0, 1256.7414812095406, 492.7757465151356], [0.0, 0.0, 1.0]], [[809.2209905677063, 0.0, 829.2196003259838], [0.0, 809.2209905677063, 481.77842384512485], [0.0, 0.0, 1.0]], [[1259.5137405846733, 0.0, 807.2529053838625], [0.0, 1259.5137405846733, 501.19579884916527], [0.0, 0.0, 1.0]]], "extrinsics": [[[0.8207796216011047, -0.5712442398071289, -0.0009307142463512719, -0.958251953125], [-0.005793916527181864, -0.006695649586617947, -0.9999607801437378, 1.5082030296325684], [0.5712155103683472, 0.8207528591156006, -0.008805393241345882, -1.2757568359375], [0.0, 0.0, 0.0, 1.0]], [[0.0057663400657474995, -0.9999262094497681, 0.010689066722989082, 0.0052547454833984375], [-0.01109611801803112, -0.010752568952739239, -0.9998806118965149, 1.5204639434814453], [0.9999217987060547, 0.005647019948810339, -0.011157301254570484, -1.685791015625], [0.0, 0.0, 0.0, 1.0]], [[-0.8329253196716309, -0.5533846020698547, 0.0009859480196610093, 1.02838134765625], [-0.00547781540080905, 0.006463313475251198, -0.9999640583992004, 1.5036163330078125], [0.5533583760261536, -0.8329008221626282, -0.008414795622229576, -1.24591064453125], [0.0, 0.0, 0.0, 1.0]], [[0.9477497935295105, 0.31898191571235657, -0.0045719812624156475, -1.142333984375], [0.0032066579442471266, -0.02385641820728779, -0.9997102618217468, 1.5885543823242188], [-0.3189985752105713, 0.9474605917930603, -0.023632779717445374, -0.1036376953125], [0.0, 0.0, 0.0, 1.0]], [[0.002335561905056238, 0.9999005794525146, -0.013907665386795998, 0.0027599334716796875], [-0.022217968478798866, -0.013852383010089397, -0.9996572136878967, 1.5793190002441406], [-0.9997504353523254, 0.0026437866035848856, 0.022183405235409737, 0.000244140625], [0.0, 0.0, 0.0, 1.0]], [[-0.9348456263542175, 0.3549351692199707, -0.009210688062012196, 1.1329345703125], [0.010407640598714352, 0.0014632458332926035, -0.999944806098938, 1.551487922668457], [-0.35490208864212036, -0.9348897933959961, -0.005061947740614414, -0.064788818359375], [0.0, 0.0, 0.0, 1.0]]], "view": [[0.0, -2.0, 100.0], [-2.0, 0.0, 100.0], [0.0, 0.0, 1.0]], "bev": "bev_45d0b013e2f04d1497cb900140821fb9.png", "aux": "aux_45d0b013e2f04d1497cb900140821fb9.npz", "visibility": "visibility_45d0b013e2f04d1497cb900140821fb9.png", "pose": [[-0.3204827308654785, 0.9472543597221375, 0.0, 406.3752136230469], [-0.9472543597221375, -0.3204827308654785, 0.0, 1164.4793701171875], [0.0, 0.0, 1.0, 0.0], [0.0, 0.0, 0.0, 1.0]], "pose_inverse": [[-0.3204827308654785, -0.9472543597221375, 0.0, 1233.29443359375], [0.9472543597221375, -0.3204827308654785, 0.0, -11.745163917541504], [0.0, 0.0, 1.0, 0.0], [0.0, 0.0, 0.0, 1.0]], "cam_ids": [0, 1, 2, 3, 4, 5], "cam_channels": ["CAM_FRONT_LEFT", "CAM_FRONT", "CAM_FRONT_RIGHT", "CAM_BACK_LEFT", "CAM_BACK", "CAM_BACK_RIGHT"], "token": "45d0b013e2f04d1497cb900140821fb9", "scene": "scene-0158"}, {"images": ["samples/CAM_FRONT_LEFT/n015-2018-08-01-17-13-57+0800__CAM_FRONT_LEFT__1533115158504844.jpg", "samples/CAM_FRONT/n015-2018-08-01-17-13-57+0800__CAM_FRONT__1533115158512460.jpg", "samples/CAM_FRONT_RIGHT/n015-2018-08-01-17-13-57+0800__CAM_FRONT_RIGHT__1533115158520339.jpg", "samples/CAM_BACK_LEFT/n015-2018-08-01-17-13-57+0800__CAM_BACK_LEFT__1533115158547423.jpg", "samples/CAM_BACK/n015-2018-08-01-17-13-57+0800__CAM_BACK__1533115158537525.jpg", "samples/CAM_BACK_RIGHT/n015-2018-08-01-17-13-57+0800__CAM_BACK_RIGHT__1533115158527893.jpg"], "intrinsics": [[[1272.5979470598488, 0.0, 826.6154927353808], [0.0, 1272.5979470598488, 479.75165386361925], [0.0, 0.0, 1.0]], [[1266.417203046554, 0.0, 816.2670197447984], [0.0, 1266.417203046554, 491.50706579294757], [0.0, 0.0, 1.0]], [[1260.8474446004698, 0.0, 807.968244525554], [0.0, 1260.8474446004698, 495.3344268742088], [0.0, 0.0, 1.0]], [[1256.7414812095406, 0.0, 792.1125740759628], [0.0, 1256.7414812095406, 492.7757465151356], [0.0, 0.0, 1.0]], [[809.2209905677063, 0.0, 829.2196003259838], [0.0, 809.2209905677063, 481.77842384512485], [0.0, 0.0, 1.0]], [[1259.5137405846733, 0.0, 807.2529053838625], [0.0, 1259.5137405846733, 501.19579884916527], [0.0, 0.0, 1.0]]], "extrinsics": [[[0.8207540512084961, -0.5712814927101135, -0.0004973955801688135, -0.9659423828125], [-0.005304931662976742, -0.006750905886292458, -0.999963104724884, 1.508255958557129], [0.5712569952011108, 0.8207263946533203, -0.008571443147957325, -1.281005859375], [0.0, 0.0, 0.0, 1.0]], [[0.005726653151214123, -0.9999258518218994, 0.010744106024503708, 0.0052165985107421875], [-0.010519519448280334, -0.010803925804793835, -0.9998863339424133, 1.5205469131469727], [0.9999281764030457, 0.0056129321455955505, -0.010580610483884811, -1.693359375], [0.0, 0.0, 0.0, 1.0]], [[-0.8329383134841919, -0.5533655881881714, 0.00045619590673595667, 1.0330810546875], [-0.004809919279068708, 0.006415621843189001, -0.9999678134918213, 1.503648281097412], [0.5533448457717896, -0.8329136967658997, -0.008005460724234581, -1.24896240234375], [0.0, 0.0, 0.0, 1.0]], [[0.947752833366394, 0.31898418068885803, -0.0036629321984946728, -1.1422119140625], [0.004189910367131233, -0.023928619921207428, -0.999704897403717, 1.5885553359985352], [-0.3189776837825775, 0.9474579095840454, -0.02401493676006794, -0.103729248046875], [0.0, 0.0, 0.0, 1.0]], [[0.0023536118678748608, 0.999899685382843, -0.013964823447167873, 0.0027227401733398438], [-0.021351000294089317, -0.013911432586610317, -0.9996752142906189, 1.5793647766113281], [-0.9997692704200745, 0.002650986658409238, 0.02131611667573452, 0.002197265625], [0.0, 0.0, 0.0, 1.0]], [[-0.9348329305648804, 0.3549489676952362, -0.009927826002240181, 1.136962890625], [0.011155463755130768, 0.0014123078435659409, -0.9999367594718933, 1.5514440536499023], [-0.35491257905960083, -0.9348846077919006, -0.005279893055558205, -0.063262939453125], [0.0, 0.0, 0.0, 1.0]]], "view": [[0.0, -2.0, 100.0], [-2.0, 0.0, 100.0], [0.0, 0.0, 1.0]], "bev": "bev_da870ea244da4365b346193609d434c3.png", "aux": "aux_da870ea244da4365b346193609d434c3.npz", "visibility": "visibility_da870ea244da4365b346193609d434c3.png", "pose": [[-0.32068556547164917, 0.9471856951713562, 0.0, 406.3622131347656], [-0.9471856951713562, -0.32068556547164917, 0.0, 1164.447265625], [0.0, 0.0, 1.0, 0.0], [0.0, 0.0, 0.0, 1.0]], "pose_inverse": [[-0.32068556547164917, -0.9471856951713562, 0.0, 1233.2623291015625], [0.9471856951713562, -0.32068556547164917, 0.0, -11.479045867919922], [0.0, 0.0, 1.0, 0.0], [0.0, 0.0, 0.0, 1.0]], "cam_ids": [0, 1, 2, 3, 4, 5], "cam_channels": ["CAM_FRONT_LEFT", "CAM_FRONT", "CAM_FRONT_RIGHT", "CAM_BACK_LEFT", "CAM_BACK", "CAM_BACK_RIGHT"], "token": "da870ea244da4365b346193609d434c3", "scene": "scene-0158"}, {"images": ["samples/CAM_FRONT_LEFT/n015-2018-08-01-17-13-57+0800__CAM_FRONT_LEFT__1533115159104844.jpg", "samples/CAM_FRONT/n015-2018-08-01-17-13-57+0800__CAM_FRONT__1533115159112460.jpg", "samples/CAM_FRONT_RIGHT/n015-2018-08-01-17-13-57+0800__CAM_FRONT_RIGHT__1533115159120339.jpg", "samples/CAM_BACK_LEFT/n015-2018-08-01-17-13-57+0800__CAM_BACK_LEFT__1533115159147423.jpg", "samples/CAM_BACK/n015-2018-08-01-17-13-57+0800__CAM_BACK__1533115159137525.jpg", "samples/CAM_BACK_RIGHT/n015-2018-08-01-17-13-57+0800__CAM_BACK_RIGHT__1533115159127893.jpg"], "intrinsics": [[[1272.5979470598488, 0.0, 826.6154927353808], [0.0, 1272.5979470598488, 479.75165386361925], [0.0, 0.0, 1.0]], [[1266.417203046554, 0.0, 816.2670197447984], [0.0, 1266.417203046554, 491.50706579294757], [0.0, 0.0, 1.0]], [[1260.8474446004698, 0.0, 807.968244525554], [0.0, 1260.8474446004698, 495.3344268742088], [0.0, 0.0, 1.0]], [[1256.7414812095406, 0.0, 792.1125740759628], [0.0, 1256.7414812095406, 492.7757465151356], [0.0, 0.0, 1.0]], [[809.2209905677063, 0.0, 829.2196003259838], [0.0, 809.2209905677063, 481.77842384512485], [0.0, 0.0, 1.0]], [[1259.5137405846733, 0.0, 807.2529053838625], [0.0, 1259.5137405846733, 501.19579884916527], [0.0, 0.0, 1.0]]], "extrinsics": [[[0.8207629323005676, -0.571268618106842, 0.0005249285604804754, -0.965087890625], [-0.004021394066512585, -0.006696540862321854, -0.9999695420265198, 1.5082507133483887], [0.5712546706199646, 0.8207358121871948, -0.0077935694716870785, -1.280517578125], [0.0, 0.0, 0.0, 1.0]], [[0.0057288883253932, -0.9999262690544128, 0.010701308958232403, 0.00518035888671875], [-0.00930382963269949, -0.010754319839179516, -0.9998989105224609, 1.5205373764038086], [0.9999402165412903, 0.005628674756735563, -0.00936475396156311, -1.6923828125], [0.0, 0.0, 0.0, 1.0]], [[-0.8329307436943054, -0.5533770322799683, -0.0005227838992141187, 1.03265380859375], [-0.0036645461805164814, 0.006460483185946941, -0.999972403049469, 1.5036442279815674], [0.5533651113510132, -0.8329057693481445, -0.007409009616822004, -1.24871826171875], [0.0, 0.0, 0.0, 1.0]], [[0.9477540254592896, 0.318989634513855, -0.0028264618013054132, -1.142333984375], [0.005056276917457581, -0.023880794644355774, -0.999701976776123, 1.5885562896728516], [-0.31896206736564636, 0.9474572539329529, -0.02424602024257183, -0.10369873046875], [0.0, 0.0, 0.0, 1.0]], [[0.00236112205311656, 0.9999003410339355, -0.013919145800173283, 0.0027799606323242188], [-0.02038085088133812, -0.013868175446987152, -0.9996961355209351, 1.5793571472167969], [-0.9997894763946533, 0.0026441016234457493, 0.020346075296401978, 0.001953125], [0.0, 0.0, 0.0, 1.0]], [[-0.9348253011703491, 0.3549397885799408, -0.010926581919193268, 1.13623046875], [0.012238962575793266, 0.0014524678699672222, -0.9999240636825562, 1.5514507293701172], [-0.3548969328403473, -0.9348881244659424, -0.005701899994164705, -0.063568115234375], [0.0, 0.0, 0.0, 1.0]]], "view": [[0.0, -2.0, 100.0], [-2.0, 0.0, 100.0], [0.0, 0.0, 1.0]], "bev": "bev_5d53034012d343658e0aa45545f087b0.png", "aux": "aux_5d53034012d343658e0aa45545f087b0.npz", "visibility": "visibility_5d53034012d343658e0aa45545f087b0.png", "pose": [[-0.3205207288265228, 0.947241485118866, 0.0, 406.36480712890625], [-0.947241485118866, -0.3205207288265228, 0.0, 1164.463134765625], [0.0, 0.0, 1.0, 0.0], [0.0, 0.0, 0.0, 1.0]], "pose_inverse": [[-0.3205207288265228, -0.947241485118866, 0.0, 1233.276123046875], [0.947241485118866, -0.3205207288265228, 0.0, -11.691048622131348], [0.0, 0.0, 1.0, 0.0], [0.0, 0.0, 0.0, 1.0]], "cam_ids": [0, 1, 2, 3, 4, 5], "cam_channels": ["CAM_FRONT_LEFT", "CAM_FRONT", "CAM_FRONT_RIGHT", "CAM_BACK_LEFT", "CAM_BACK", "CAM_BACK_RIGHT"], "token": "5d53034012d343658e0aa45545f087b0", "scene": "scene-0158"}, {"images": ["samples/CAM_FRONT_LEFT/n015-2018-08-01-17-13-57+0800__CAM_FRONT_LEFT__1533115159604844.jpg", "samples/CAM_FRONT/n015-2018-08-01-17-13-57+0800__CAM_FRONT__1533115159612460.jpg", "samples/CAM_FRONT_RIGHT/n015-2018-08-01-17-13-57+0800__CAM_FRONT_RIGHT__1533115159620339.jpg", "samples/CAM_BACK_LEFT/n015-2018-08-01-17-13-57+0800__CAM_BACK_LEFT__1533115159647423.jpg", "samples/CAM_BACK/n015-2018-08-01-17-13-57+0800__CAM_BACK__1533115159637525.jpg", "samples/CAM_BACK_RIGHT/n015-2018-08-01-17-13-57+0800__CAM_BACK_RIGHT__1533115159627893.jpg"], "intrinsics": [[[1272.5979470598488, 0.0, 826.6154927353808], [0.0, 1272.5979470598488, 479.75165386361925], [0.0, 0.0, 1.0]], [[1266.417203046554, 0.0, 816.2670197447984], [0.0, 1266.417203046554, 491.50706579294757], [0.0, 0.0, 1.0]], [[1260.8474446004698, 0.0, 807.968244525554], [0.0, 1260.8474446004698, 495.3344268742088], [0.0, 0.0, 1.0]], [[1256.7414812095406, 0.0, 792.1125740759628], [0.0, 1256.7414812095406, 492.7757465151356], [0.0, 0.0, 1.0]], [[809.2209905677063, 0.0, 829.2196003259838], [0.0, 809.2209905677063, 481.77842384512485], [0.0, 0.0, 1.0]], [[1259.5137405846733, 0.0, 807.2529053838625], [0.0, 1259.5137405846733, 501.19579884916527], [0.0, 0.0, 1.0]]], "extrinsics": [[[0.8207655549049377, -0.5712646245956421, 0.0007515531033277512, -0.96484375], [-0.0038001490756869316, -0.006775427609682083, -0.9999698400497437, 1.508249282836914], [0.5712524652481079, 0.8207380175590515, -0.007731928024441004, -1.2803955078125], [0.0, 0.0, 0.0, 1.0]], [[0.005720638204365969, -0.9999255537986755, 0.010774675756692886, 0.0051708221435546875], [-0.009107568301260471, -0.010826505720615387, -0.9998999238014221, 1.5205364227294922], [0.9999421834945679, 0.005621945485472679, -0.00916882511228323, -1.6922607421875], [0.0, 0.0, 0.0, 1.0]], [[-0.8329375386238098, -0.5533666610717773, -0.000628707348369062, 1.03228759765625], [-0.003493853844702244, 0.006395133677870035, -0.9999734163284302, 1.5036442279815674], [0.5533559918403625, -0.8329132199287415, -0.007260127458721399, -1.2486572265625], [0.0, 0.0, 0.0, 1.0]], [[0.9477537870407104, 0.31899091601371765, -0.0027523513417690992, -1.1422119140625], [0.005155292339622974, -0.023942606523633003, -0.9997000098228455, 1.5885553359985352], [-0.31896108388900757, 0.9474552869796753, -0.024336187168955803, -0.10369873046875], [0.0, 0.0, 0.0, 1.0]], [[0.002367171924561262, 0.9998994469642639, -0.013986370526254177, 0.0027599334716796875], [-0.02025672420859337, -0.013935592956840992, -0.9996976852416992, 1.5793590545654297], [-0.9997920393943787, 0.0026497815269976854, 0.02022169716656208, 0.0018310546875], [0.0, 0.0, 0.0, 1.0]], [[-0.9348205327987671, 0.3549475073814392, -0.011080557480454445, 1.13623046875], [0.01238260418176651, 0.0013968688435852528, -0.9999223947525024, 1.5514488220214844], [-0.35490450263023376, -0.9348852634429932, -0.005700996611267328, -0.0635986328125], [0.0, 0.0, 0.0, 1.0]]], "view": [[0.0, -2.0, 100.0], [-2.0, 0.0, 100.0], [0.0, 0.0, 1.0]], "bev": "bev_5e80dbd41b9340b7ba24f85d2b0b2a4d.png", "aux": "aux_5e80dbd41b9340b7ba24f85d2b0b2a4d.npz", "visibility": "visibility_5e80dbd41b9340b7ba24f85d2b0b2a4d.png", "pose": [[-0.3205771744251251, 0.9472224116325378, 0.0, 406.3633728027344], [-0.9472224116325378, -0.3205771744251251, 0.0, 1164.464599609375], [0.0, 0.0, 1.0, 0.0], [0.0, 0.0, 0.0, 1.0]], "pose_inverse": [[-0.3205771744251251, -0.9472224116325378, 0.0, 1233.27783203125], [0.9472224116325378, -0.3205771744251251, 0.0, -11.61573314666748], [0.0, 0.0, 1.0, 0.0], [0.0, 0.0, 0.0, 1.0]], "cam_ids": [0, 1, 2, 3, 4, 5], "cam_channels": ["CAM_FRONT_LEFT", "CAM_FRONT", "CAM_FRONT_RIGHT", "CAM_BACK_LEFT", "CAM_BACK", "CAM_BACK_RIGHT"], "token": "5e80dbd41b9340b7ba24f85d2b0b2a4d", "scene": "scene-0158"}, {"images": ["samples/CAM_FRONT_LEFT/n015-2018-08-01-17-13-57+0800__CAM_FRONT_LEFT__1533115160154844.jpg", "samples/CAM_FRONT/n015-2018-08-01-17-13-57+0800__CAM_FRONT__1533115160162460.jpg", "samples/CAM_FRONT_RIGHT/n015-2018-08-01-17-13-57+0800__CAM_FRONT_RIGHT__1533115160170339.jpg", "samples/CAM_BACK_LEFT/n015-2018-08-01-17-13-57+0800__CAM_BACK_LEFT__1533115160197423.jpg", "samples/CAM_BACK/n015-2018-08-01-17-13-57+0800__CAM_BACK__1533115160187525.jpg", "samples/CAM_BACK_RIGHT/n015-2018-08-01-17-13-57+0800__CAM_BACK_RIGHT__1533115160177893.jpg"], "intrinsics": [[[1272.5979470598488, 0.0, 826.6154927353808], [0.0, 1272.5979470598488, 479.75165386361925], [0.0, 0.0, 1.0]], [[1266.417203046554, 0.0, 816.2670197447984], [0.0, 1266.417203046554, 491.50706579294757], [0.0, 0.0, 1.0]], [[1260.8474446004698, 0.0, 807.968244525554], [0.0, 1260.8474446004698, 495.3344268742088], [0.0, 0.0, 1.0]], [[1256.7414812095406, 0.0, 792.1125740759628], [0.0, 1256.7414812095406, 492.7757465151356], [0.0, 0.0, 1.0]], [[809.2209905677063, 0.0, 829.2196003259838], [0.0, 809.2209905677063, 481.77842384512485], [0.0, 0.0, 1.0]], [[1259.5137405846733, 0.0, 807.2529053838625], [0.0, 1259.5137405846733, 501.19579884916527], [0.0, 0.0, 1.0]]], "extrinsics": [[[0.8207709193229675, -0.5712570548057556, 0.0007284586899913847, -0.96490478515625], [-0.003799128346145153, -0.0067336601205170155, -0.9999701380729675, 1.5082488059997559], [0.5712448358535767, 0.8207435607910156, -0.007697070483118296, -1.2801513671875], [0.0, 0.0, 0.0, 1.0]], [[0.005729474127292633, -0.999925971031189, 0.010737791657447815, 0.0051441192626953125], [-0.009088250808417797, -0.010789593681693077, -0.9999005198478699, 1.5205345153808594], [0.9999423027038574, 0.005631296895444393, -0.009149395860731602, -1.692138671875], [0.0, 0.0, 0.0, 1.0]], [[-0.8329336643218994, -0.5533724427223206, -0.0006768070161342621, 1.03228759765625], [-0.0034596091136336327, 0.006430413573980331, -0.9999732971191406, 1.5036442279815674], [0.5533620715141296, -0.832909107208252, -0.007270559202879667, -1.2486572265625], [0.0, 0.0, 0.0, 1.0]], [[0.9477537274360657, 0.3189918100833893, -0.0026676934212446213, -1.1422119140625], [0.005236024968326092, -0.02391