[{"images": ["samples/CAM_FRONT_LEFT/n008-2018-09-18-12-53-31-0400__CAM_FRONT_LEFT__1537289881504799.jpg", "samples/CAM_FRONT/n008-2018-09-18-12-53-31-0400__CAM_FRONT__1537289881512404.jpg", "samples/CAM_FRONT_RIGHT/n008-2018-09-18-12-53-31-0400__CAM_FRONT_RIGHT__1537289881520482.jpg", "samples/CAM_BACK_LEFT/n008-2018-09-18-12-53-31-0400__CAM_BACK_LEFT__1537289881547405.jpg", "samples/CAM_BACK/n008-2018-09-18-12-53-31-0400__CAM_BACK__1537289881537558.jpg", "samples/CAM_BACK_RIGHT/n008-2018-09-18-12-53-31-0400__CAM_BACK_RIGHT__1537289881528113.jpg"], "intrinsics": [[[1257.8625342125129, 0.0, 827.2410631095686], [0.0, 1257.8625342125129, 450.915498205774], [0.0, 0.0, 1.0]], [[1252.8131021185304, 0.0, 826.588114781398], [0.0, 1252.8131021185304, 469.9846626224581], [0.0, 0.0, 1.0]], [[1256.7485116440405, 0.0, 817.7887570959712], [0.0, 1256.7485116440403, 451.9541780095127], [0.0, 0.0, 1.0]], [[1254.9860565800168, 0.0, 829.5769333630991], [0.0, 1254.9860565800168, 467.1680561863987], [0.0, 0.0, 1.0]], [[796.8910634503094, 0.0, 857.7774326863696], [0.0, 796.8910634503094, 476.8848988407415], [0.0, 0.0, 1.0]], [[1249.9629280788233, 0.0, 825.3768045375984], [0.0, 1249.9629280788233, 462.54816385708756], [0.0, 0.0, 1.0]]], "extrinsics": [[[0.8223693370819092, -0.5685320496559143, 0.0219061691313982, -1.00506591796875], [0.019955800846219063, -0.009655999019742012, -0.9997542500495911, 1.4882965087890625], [0.5686039328575134, 0.8226044178009033, 0.0034047169610857964, -1.3333740234375], [0.0, 0.0, 0.0, 1.0]], [[0.010150489397346973, -0.9998505711555481, 0.013991647399961948, 0.00537109375], [0.021905699744820595, -0.013766668736934662, -0.9996652603149414, 1.4801654815673828], [0.9997084736824036, 0.010453619062900543, 0.021762685850262642, -1.73468017578125], [0.0, 0.0, 0.0, 1.0]], [[-0.8438360095024109, -0.5364383459091187, -0.013212957419455051, 1.090576171875], [0.0299190953373909, -0.02245011366903782, -0.9993001818656921, 1.4930763244628906], [0.5357663035392761, -0.8436408638954163, 0.034993965178728104, -1.2777099609375], [0.0, 0.0, 0.0, 1.0]], [[0.9479131698608398, 0.31852254271507263, 0.001993492478504777, -1.1439208984375], [0.004546685144305229, -0.0072724646888673306, -0.9999632239341736, 1.562042236328125], [-0.318496435880661, 0.9478873610496521, -0.008341887965798378, -0.15625], [0.0, 0.0, 0.0, 1.0]], [[0.009334581904113293, 0.9998478293418884, -0.014733967371284962, -0.0286865234375], [0.006675814278423786, -0.014796593226492405, -0.9998682141304016, 1.5680618286132812], [-0.999934196472168, 0.009235001169145107, -0.006812918931245804, 0.044281005859375], [0.0, 0.0, 0.0, 1.0]], [[-0.9235216379165649, 0.38276931643486023, -0.024402817711234093, 1.16064453125], [0.010858897119760513, -0.03750505670905113, -0.9992374777793884, 1.5478134155273438], [-0.3833926320075989, -0.9230824112892151, 0.03048027865588665, -0.043701171875], [0.0, 0.0, 0.0, 1.0]]], "view": [[0.0, -2.0, 100.0], [-2.0, 0.0, 100.0], [0.0, 0.0, 1.0]], "bev": "bev_ca4ef8e3d6634eb5b797501b3d044e6d.png", "aux": "aux_ca4ef8e3d6634eb5b797501b3d044e6d.npz", "visibility": "visibility_ca4ef8e3d6634eb5b797501b3d044e6d.png", "pose": [[-0.762324869632721, -0.6471945643424988, 0.0, 1316.9508056640625], [0.6471945643424988, -0.762324869632721, 0.0, 1037.9600830078125], [0.0, 0.0, 1.0, 0.0], [0.0, 0.0, 0.0, 1.0]], "pose_inverse": [[-0.762324869632721, 0.6471945643424988, 0.0, 332.1822509765625], [-0.6471945643424988, -0.762324869632721, 0.0, 1643.586181640625], [0.0, 0.0, 1.0, 0.0], [0.0, 0.0, 0.0, 1.0]], "cam_ids": [0, 1, 2, 3, 4, 5], "cam_channels": ["CAM_FRONT_LEFT", "CAM_FRONT", "CAM_FRONT_RIGHT", "CAM_BACK_LEFT", "CAM_BACK", "CAM_BACK_RIGHT"], "token": "ca4ef8e3d6634eb5b797501b3d044e6d", "scene": "scene-0464"}, {"images": ["samples/CAM_FRONT_LEFT/n008-2018-09-18-12-53-31-0400__CAM_FRONT_LEFT__1537289882004799.jpg", "samples/CAM_FRONT/n008-2018-09-18-12-53-31-0400__CAM_FRONT__1537289882012404.jpg", "samples/CAM_FRONT_RIGHT/n008-2018-09-18-12-53-31-0400__CAM_FRONT_RIGHT__1537289882020482.jpg", "samples/CAM_BACK_LEFT/n008-2018-09-18-12-53-31-0400__CAM_BACK_LEFT__1537289882047405.jpg", "samples/CAM_BACK/n008-2018-09-18-12-53-31-0400__CAM_BACK__1537289882037558.jpg", "samples/CAM_BACK_RIGHT/n008-2018-09-18-12-53-31-0400__CAM_BACK_RIGHT__1537289882028113.jpg"], "intrinsics": [[[1257.8625342125129, 0.0, 827.2410631095686], [0.0, 1257.8625342125129, 450.915498205774], [0.0, 0.0, 1.0]], [[1252.8131021185304, 0.0, 826.588114781398], [0.0, 1252.8131021185304, 469.9846626224581], [0.0, 0.0, 1.0]], [[1256.7485116440405, 0.0, 817.7887570959712], [0.0, 1256.7485116440403, 451.9541780095127], [0.0, 0.0, 1.0]], [[1254.9860565800168, 0.0, 829.5769333630991], [0.0, 1254.9860565800168, 467.1680561863987], [0.0, 0.0, 1.0]], [[796.8910634503094, 0.0, 857.7774326863696], [0.0, 796.8910634503094, 476.8848988407415], [0.0, 0.0, 1.0]], [[1249.9629280788233, 0.0, 825.3768045375984], [0.0, 1249.9629280788233, 462.54816385708756], [0.0, 0.0, 1.0]]], "extrinsics": [[[0.8223794102668762, -0.5685181021690369, 0.021898729726672173, -1.0050048828125], [0.019896965473890305, -0.009727932512760162, -0.9997546672821045, 1.488295555114746], [0.5685917139053345, 0.8226133584976196, 0.0033117299899458885, -1.33349609375], [0.0, 0.0, 0.0, 1.0]], [[0.010165669955313206, -0.9998495578765869, 0.014058008790016174, 0.00537109375], [0.02183833159506321, -0.013833394274115562, -0.9996657967567444, 1.4801664352416992], [0.9997098445892334, 0.010469237342476845, 0.021694419905543327, -1.734710693359375], [0.0, 0.0, 0.0, 1.0]], [[-0.8438303470611572, -0.5364497900009155, -0.013113006949424744, 1.090576171875], [0.029838917776942253, -0.02250935509800911, -0.9993012547492981, 1.493072509765625], [0.5357797741889954, -0.8436320424079895, 0.035001154989004135, -1.277587890625], [0.0, 0.0, 0.0, 1.0]], [[0.9479120969772339, 0.31852638721466064, 0.0019077014876529574, -1.14385986328125], [0.0044787172228097916, -0.007339418400079012, -0.9999630451202393, 1.5620412826538086], [-0.3185006082057953, 0.9478855729103088, -0.008383713662624359, -0.1561279296875], [0.0, 0.0, 0.0, 1.0]], [[0.009330377914011478, 0.9998469948768616, -0.014800524339079857, -0.02880859375], [0.00660022022202611, -0.014862424694001675, -0.9998677372932434, 1.5680656433105469], [-0.9999346733093262, 0.009231475181877613, -0.006737883668392897, 0.044281005859375], [0.0, 0.0, 0.0, 1.0]], [[-0.9235268831253052, 0.38276001811027527, -0.024350078776478767, 1.16064453125], [0.010775157250463963, -0.03757009282708168, -0.9992358684539795, 1.5478134155273438], [-0.38338232040405273, -0.9230836033821106, 0.030572688207030296, -0.043701171875], [0.0, 0.0, 0.0, 1.0]]], "view": [[0.0, -2.0, 100.0], [-2.0, 0.0, 100.0], [0.0, 0.0, 1.0]], "bev": "bev_7175c2d16c374ef58f85d9fb8711c01a.png", "aux": "aux_7175c2d16c374ef58f85d9fb8711c01a.npz", "visibility": "visibility_7175c2d16c374ef58f85d9fb8711c01a.png", "pose": [[-0.7622990012168884, -0.6472250819206238, 0.0, 1316.9508056640625], [0.6472250819206238, -0.7622990012168884, 0.0, 1037.9600830078125], [0.0, 0.0, 1.0, 0.0], [0.0, 0.0, 0.0, 1.0]], "pose_inverse": [[-0.7622990012168884, 0.6472250819206238, 0.0, 332.116455078125], [-0.6472250819206238, -0.7622990012168884, 0.0, 1643.5994873046875], [0.0, 0.0, 1.0, 0.0], [0.0, 0.0, 0.0, 1.0]], "cam_ids": [0, 1, 2, 3, 4, 5], "cam_channels": ["CAM_FRONT_LEFT", "CAM_FRONT", "CAM_FRONT_RIGHT", "CAM_BACK_LEFT", "CAM_BACK", "CAM_BACK_RIGHT"], "token": "7175c2d16c374ef58f85d9fb8711c01a", "scene": "scene-0464"}, {"images": ["samples/CAM_FRONT_LEFT/n008-2018-09-18-12-53-31-0400__CAM_FRONT_LEFT__1537289882504799.jpg", "samples/CAM_FRONT/n008-2018-09-18-12-53-31-0400__CAM_FRONT__1537289882512404.jpg", "samples/CAM_FRONT_RIGHT/n008-2018-09-18-12-53-31-0400__CAM_FRONT_RIGHT__1537289882520482.jpg", "samples/CAM_BACK_LEFT/n008-2018-09-18-12-53-31-0400__CAM_BACK_LEFT__1537289882547419.jpg", "samples/CAM_BACK/n008-2018-09-18-12-53-31-0400__CAM_BACK__1537289882537558.jpg", "samples/CAM_BACK_RIGHT/n008-2018-09-18-12-53-31-0400__CAM_BACK_RIGHT__1537289882528113.jpg"], "intrinsics": [[[1257.8625342125129, 0.0, 827.2410631095686], [0.0, 1257.8625342125129, 450.915498205774], [0.0, 0.0, 1.0]], [[1252.8131021185304, 0.0, 826.588114781398], [0.0, 1252.8131021185304, 469.9846626224581], [0.0, 0.0, 1.0]], [[1256.7485116440405, 0.0, 817.7887570959712], [0.0, 1256.7485116440403, 451.9541780095127], [0.0, 0.0, 1.0]], [[1254.9860565800168, 0.0, 829.5769333630991], [0.0, 1254.9860565800168, 467.1680561863987], [0.0, 0.0, 1.0]], [[796.8910634503094, 0.0, 857.7774326863696], [0.0, 796.8910634503094, 476.8848988407415], [0.0, 0.0, 1.0]], [[1249.9629280788233, 0.0, 825.3768045375984], [0.0, 1249.9629280788233, 462.54816385708756], [0.0, 0.0, 1.0]]], "extrinsics": [[[0.8223505616188049, -0.5685595273971558, 0.021900316700339317, -1.00506591796875], [0.01988290250301361, -0.00975135900080204, -0.9997547268867493, 1.488295555114746], [0.5686336159706116, 0.8225842714309692, 0.0032855758909136057, -1.3333740234375], [0.0, 0.0, 0.0, 1.0]], [[0.010119674727320671, -0.9998493194580078, 0.014104532077908516, 0.00537109375], [0.021830840036273003, -0.013880985789000988, -0.9996653199195862, 1.480168342590332], [0.9997104406356812, 0.010424148291349411, 0.021687079221010208, -1.734619140625], [0.0, 0.0, 0.0, 1.0]], [[-0.8438515067100525, -0.5364171862602234, -0.013078697957098484, 1.0904541015625], [0.029843389987945557, -0.022582903504371643, -0.9992994070053101, 1.4930706024169922], [0.5357460379600525, -0.843650758266449, 0.03506512939929962, -1.277587890625], [0.0, 0.0, 0.0, 1.0]], [[0.9479137659072876, 0.3185211420059204, 0.0018851947970688343, -1.143798828125], [0.004477126058191061, -0.007405491080135107, -0.999962568283081, 1.5620441436767578], [-0.31849536299705505, 0.9478868246078491, -0.008445827290415764, -0.1561279296875], [0.0, 0.0, 0.0, 1.0]], [[0.009345893748104572, 0.9998457431793213, -0.014870173297822475, -0.0286865234375], [0.006596275605261326, -0.014932142570614815, -0.9998667240142822, 1.5680618286132812], [-0.9999345541000366, 0.009246529079973698, -0.006734813097864389, 0.0443115234375], [0.0, 0.0, 0.0, 1.0]], [[-0.9235154986381531, 0.38278496265411377, -0.024387238547205925, 1.16070556640625], [0.010784143581986427, -0.03764308989048004, -0.999233067035675, 1.5478172302246094], [-0.3834093511104584, -0.9230702519416809, 0.030635973438620567, -0.043701171875], [0.0, 0.0, 0.0, 1.0]]], "view": [[0.0, -2.0, 100.0], [-2.0, 0.0, 100.0], [0.0, 0.0, 1.0]], "bev": "bev_0a566bf5174241078ac082913e9763ea.png", "aux": "aux_0a566bf5174241078ac082913e9763ea.npz", "visibility": "visibility_0a566bf5174241078ac082913e9763ea.png", "pose": [[-0.7623074054718018, -0.6472151279449463, 0.0, 1316.9508056640625], [0.6472151279449463, -0.7623074054718018, 0.0, 1037.9600830078125], [0.0, 0.0, 1.0, 0.0], [0.0, 0.0, 0.0, 1.0]], "pose_inverse": [[-0.7623074054718018, 0.6472151279449463, 0.0, 332.1378173828125], [-0.6472151279449463, -0.7623074054718018, 0.0, 1643.5950927734375], [0.0, 0.0, 1.0, 0.0], [0.0, 0.0, 0.0, 1.0]], "cam_ids": [0, 1, 2, 3, 4, 5], "cam_channels": ["CAM_FRONT_LEFT", "CAM_FRONT", "CAM_FRONT_RIGHT", "CAM_BACK_LEFT", "CAM_BACK", "CAM_BACK_RIGHT"], "token": "0a566bf5174241078ac082913e9763ea", "scene": "scene-0464"}, {"images": ["samples/CAM_FRONT_LEFT/n008-2018-09-18-12-53-31-0400__CAM_FRONT_LEFT__1537289883004799.jpg", "samples/CAM_FRONT/n008-2018-09-18-12-53-31-0400__CAM_FRONT__1537289883012404.jpg", "samples/CAM_FRONT_RIGHT/n008-2018-09-18-12-53-31-0400__CAM_FRONT_RIGHT__1537289883020482.jpg", "samples/CAM_BACK_LEFT/n008-2018-09-18-12-53-31-0400__CAM_BACK_LEFT__1537289883047405.jpg", "samples/CAM_BACK/n008-2018-09-18-12-53-31-0400__CAM_BACK__1537289883037558.jpg", "samples/CAM_BACK_RIGHT/n008-2018-09-18-12-53-31-0400__CAM_BACK_RIGHT__1537289883028113.jpg"], "intrinsics": [[[1257.8625342125129, 0.0, 827.2410631095686], [0.0, 1257.8625342125129, 450.915498205774], [0.0, 0.0, 1.0]], [[1252.8131021185304, 0.0, 826.588114781398], [0.0, 1252.8131021185304, 469.9846626224581], [0.0, 0.0, 1.0]], [[1256.7485116440405, 0.0, 817.7887570959712], [0.0, 1256.7485116440403, 451.9541780095127], [0.0, 0.0, 1.0]], [[1254.9860565800168, 0.0, 829.5769333630991], [0.0, 1254.9860565800168, 467.1680561863987], [0.0, 0.0, 1.0]], [[796.8910634503094, 0.0, 857.7774326863696], [0.0, 796.8910634503094, 476.8848988407415], [0.0, 0.0, 1.0]], [[1249.9629280788233, 0.0, 825.3768045375984], [0.0, 1249.9629280788233, 462.54816385708756], [0.0, 0.0, 1.0]]], "extrinsics": [[[0.8223772644996643, -0.5685232281684875, 0.021844355389475822, -1.00494384765625], [0.01979372464120388, -0.009781697764992714, -0.9997562170028687, 1.4882946014404297], [0.5685982704162598, 0.8226090669631958, 0.0032089436426758766, -1.3333740234375], [0.0, 0.0, 0.0, 1.0]], [[0.010158274322748184, -0.9998486042022705, 0.014123092405498028, 0.0052490234375], [0.02174057997763157, -0.013899647630751133, -0.9996669888496399, 1.4801626205444336], [0.9997120499610901, 0.010461978614330292, 0.021596094593405724, -1.734832763671875], [0.0, 0.0, 0.0, 1.0]], [[-0.8438366651535034, -0.536442756652832, -0.012995419092476368, 1.0906982421875], [0.029751142486929893, -0.022590957581996918, -0.9993020296096802, 1.4930744171142578], [0.5357747077941895, -0.843634307384491, 0.03502286225557327, -1.277587890625], [0.0, 0.0, 0.0, 1.0]], [[0.9479141235351562, 0.3185208737850189, 0.00179475883487612, -1.1439208984375], [0.0043837870471179485, -0.007411640603095293, -0.9999628663063049, 1.5620441436767578], [-0.3184957802295685, 0.9478868842124939, -0.008421926759183407, -0.15625], [0.0, 0.0, 0.0, 1.0]], [[0.009334634989500046, 0.9998456239700317, -0.014882652088999748, -0.02880859375], [0.006494852248579264, -0.01494360901415348, -0.9998672008514404, 1.5680599212646484], [-0.9999353289604187, 0.00923671294003725, -0.006633343640714884, 0.044342041015625], [0.0, 0.0, 0.0, 1.0]], [[-0.923525869846344, 0.38276538252830505, -0.02430223673582077, 1.16064453125], [0.010690753348171711, -0.03764820843935013, -0.9992338418960571, 1.5478096008300781], [-0.3833870589733124, -0.9230781197547913, 0.03067704662680626, -0.043701171875], [0.0, 0.0, 0.0, 1.0]]], "view": [[0.0, -2.0, 100.0], [-2.0, 0.0, 100.0], [0.0, 0.0, 1.0]], "bev": "bev_2e1a6492f92c4095919506018769ae1b.png", "aux": "aux_2e1a6492f92c4095919506018769ae1b.npz", "visibility": "visibility_2e1a6492f92c4095919506018769ae1b.png", "pose": [[-0.7623149752616882, -0.64720618724823, 0.0, 1316.9508056640625], [0.64720618724823, -0.7623149752616882, 0.0, 1037.9600830078125], [0.0, 0.0, 1.0, 0.0], [0.0, 0.0, 0.0, 1.0]], "pose_inverse": [[-0.7623149752616882, 0.64720618724823, 0.0, 332.15716552734375], [-0.64720618724823, -0.7623149752616882, 0.0, 1643.5911865234375], [0.0, 0.0, 1.0, 0.0], [0.0, 0.0, 0.0, 1.0]], "cam_ids": [0, 1, 2, 3, 4, 5], "cam_channels": ["CAM_FRONT_LEFT", "CAM_FRONT", "CAM_FRONT_RIGHT", "CAM_BACK_LEFT", "CAM_BACK", "CAM_BACK_RIGHT"], "token": "2e1a6492f92c4095919506018769ae1b", "scene": "scene-0464"}, {"images": ["samples/CAM_FRONT_LEFT/n008-2018-09-18-12-53-31-0400__CAM_FRONT_LEFT__1537289883404799.jpg", "samples/CAM_FRONT/n008-2018-09-18-12-53-31-0400__CAM_FRONT__1537289883412404.jpg", "samples/CAM_FRONT_RIGHT/n008-2018-09-18-12-53-31-0400__CAM_FRONT_RIGHT__1537289883420482.jpg", "samples/CAM_BACK_LEFT/n008-2018-09-18-12-53-31-0400__CAM_BACK_LEFT__1537289883447405.jpg", "samples/CAM_BACK/n008-2018-09-18-12-53-31-0400__CAM_BACK__1537289883437558.jpg", "samples/CAM_BACK_RIGHT/n008-2018-09-18-12-53-31-0400__CAM_BACK_RIGHT__1537289883428113.jpg"], "intrinsics": [[[1257.8625342125129, 0.0, 827.2410631095686], [0.0, 1257.8625342125129, 450.915498205774], [0.0, 0.0, 1.0]], [[1252.8131021185304, 0.0, 826.588114781398], [0.0, 1252.8131021185304, 469.9846626224581], [0.0, 0.0, 1.0]], [[1256.7485116440405, 0.0, 817.7887570959712], [0.0, 1256.7485116440403, 451.9541780095127], [0.0, 0.0, 1.0]], [[1254.9860565800168, 0.0, 829.5769333630991], [0.0, 1254.9860565800168, 467.1680561863987], [0.0, 0.0, 1.0]], [[796.8910634503094, 0.0, 857.7774326863696], [0.0, 796.8910634503094, 476.8848988407415], [0.0, 0.0, 1.0]], [[1249.9629280788233, 0.0, 825.3768045375984], [0.0, 1249.9629280788233, 462.54816385708756], [0.0, 0.0, 1.0]]], "extrinsics": [[[0.8223907351493835, -0.568507969379425, 0.02172967605292797, -1.00494384765625], [0.019645290449261665, -0.009794647805392742, -0.9997590184211731, 1.488297462463379], [0.5685838460922241, 0.8226194381713867, 0.003113476326689124, -1.3333740234375], [0.0, 0.0, 0.0, 1.0]], [[0.010176137089729309, -0.9998484253883362, 0.014126500114798546, 0.0054931640625], [0.021598903462290764, -0.013904153369367123, -0.9996700882911682, 1.4801673889160156], [0.9997149109840393, 0.010477939620614052, 0.021454138681292534, -1.734649658203125], [0.0, 0.0, 0.0, 1.0]], [[-0.8438311815261841, -0.5364540219306946, -0.012884024530649185, 1.090576171875], [0.029616985470056534, -0.022586561739444733, -0.9993060827255249, 1.4930763244628906], [0.535790741443634, -0.8436272740364075, 0.03494739904999733, -1.27734375], [0.0, 0.0, 0.0, 1.0]], [[0.9479145407676697, 0.3185204267501831, 0.001645403215661645, -1.14385986328125], [0.00422900402918458, -0.007419909350574017, -0.9999635219573975, 1.5620441436767578], [-0.3184967339038849, 0.9478868842124939, -0.0083804652094841, -0.1561279296875], [0.0, 0.0, 0.0, 1.0]], [[0.009329242631793022, 0.9998456835746765, -0.01489077229052782, -0.0289306640625], [0.006350608076900244, -0.014950361102819443, -0.9998680353164673, 1.5680599212646484], [-0.9999362826347351, 0.009233460761606693, -0.006489104125648737, 0.04425048828125], [0.0, 0.0, 0.0, 1.0]], [[-0.9235324263572693, 0.38275712728500366, -0.024178367108106613, 1.160797119140625], [0.010556799359619617, -0.037648752331733704, -0.9992352724075317, 1.5478134155273438], [-0.3833746910095215, -0.9230815172195435, 0.030729157850146294, -0.043701171875], [0.0, 0.0, 0.0, 1.0]]], "view": [[0.0, -2.0, 100.0], [-2.0, 0.0, 100.0], [0.0, 0.0, 1.0]], "bev": "bev_b4c79576028f4c5dae2aed9f17f36417.png", "aux": "aux_b4c79576028f4c5dae2aed9f17f36417.npz", "visibility": "visibility_b4c79576028f4c5dae2aed9f17f36417.png", "pose": [[-0.762291669845581, -0.6472336649894714, 0.0, 1316.9508056640625], [0.6472336649894714, -0.762291669845581, 0.0, 1037.960205078125], [0.0, 0.0, 1.0, 0.0], [0.0, 0.0, 0.0, 1.0]], "pose_inverse": [[-0.762291669845581, 0.6472336649894714, 0.0, 332.09783935546875], [-0.6472336649894714, -0.762291669845581, 0.0, 1643.603271484375], [0.0, 0.0, 1.0, 0.0], [0.0, 0.0, 0.0, 1.0]], "cam_ids": [0, 1, 2, 3, 4, 5], "cam_channels": ["CAM_FRONT_LEFT", "CAM_FRONT", "CAM_FRONT_RIGHT", "CAM_BACK_LEFT", "CAM_BACK", "CAM_BACK_RIGHT"], "token": "b4c79576028f4c5dae2aed9f17f36417", "scene": "scene-0464"}, {"images": ["samples/CAM_FRONT_LEFT/n008-2018-09-18-12-53-31-0400__CAM_FRONT_LEFT__1537289883904799.jpg", "samples/CAM_FRONT/n008-2018-09-18-12-53-31-0400__CAM_FRONT__1537289883912404.jpg", "samples/CAM_FRONT_RIGHT/n008-2018-09-18-12-53-31-0400__CAM_FRONT_RIGHT__1537289883920482.jpg", "samples/CAM_BACK_LEFT/n008-2018-09-18-12-53-31-0400__CAM_BACK_LEFT__1537289883947405.jpg", "samples/CAM_BACK/n008-2018-09-18-12-53-31-0400__CAM_BACK__1537289883937558.jpg", "samples/CAM_BACK_RIGHT/n008-2018-09-18-12-53-31-0400__CAM_BACK_RIGHT__1537289883928113.jpg"], "intrinsics": [[[1257.8625342125129, 0.0, 827.2410631095686], [0.0, 1257.8625342125129, 450.915498205774], [0.0, 0.0, 1.0]], [[1252.8131021185304, 0.0, 826.588114781398], [0.0, 1252.8131021185304, 469.9846626224581], [0.0, 0.0, 1.0]], [[1256.7485116440405, 0.0, 817.7887570959712], [0.0, 1256.7485116440403, 451.9541780095127], [0.0, 0.0, 1.0]], [[1254.9860565800168, 0.0, 829.5769333630991], [0.0, 1254.9860565800168, 467.1680561863987], [0.0, 0.0, 1.0]], [[796.8910634503094, 0.0, 857.7774326863696], [0.0, 796.8910634503094, 476.8848988407415], [0.0, 0.0, 1.0]], [[1249.9629280788233, 0.0, 825.3768045375984], [0.0, 1249.9629280788233, 462.54816385708756], [0.0, 0.0, 1.0]]], "extrinsics": [[[0.8223894238471985, -0.5685107111930847, 0.021707778796553612, -1.00506591796875], [0.019664740189909935, -0.00972800888121128, -0.999759316444397, 1.488290786743164], [0.5685850977897644, 0.8226184248924255, 0.0031794023234397173, -1.333251953125], [0.0, 0.0, 0.0, 1.0]], [[0.010174320079386234, -0.9998493790626526, 0.014059411361813545, 0.0052490234375], [0.021627232432365417, -0.013836816884577274, -0.9996703863143921, 1.4801654815673828], [0.9997143745422363, 0.01047510839998722, 0.021483194082975388, -1.73480224609375], [0.0, 0.0, 0.0, 1.0]], [[-0.8438313603401184, -0.5364521741867065, -0.012951355427503586, 1.090576171875], [0.02965390682220459, -0.022519290447235107, -0.9993064999580383, 1.493072509765625], [0.5357885360717773, -0.8436302542686462, 0.03491038456559181, -1.277587890625], [0.0, 0.0, 0.0, 1.0]], [[0.9479144811630249, 0.3185206353664398, 0.0017084225546568632, -1.1439208984375], [0.004277241416275501, -0.007365607190877199, -0.9999637007713318, 1.562042236328125], [-0.3184965252876282, 0.9478873014450073, -0.00834435410797596, -0.1561279296875], [0.0, 0.0, 0.0, 1.0]], [[0.009329001419246197, 0.9998463988304138, -0.014832482673227787, -0.0286865234375], [0.006397862918674946, -0.01489250734448433, -0.9998685717582703, 1.5680618286132812], [-0.9999361038208008, 0.009232840500772, -0.006535813212394714, 0.044403076171875], [0.0, 0.0, 0.0, 1.0]], [[-0.9235315322875977, 0.38275885581970215, -0.024189835414290428, 1.16064453125], [0.010593804530799389, -0.037589382380247116, -0.9992371201515198, 1.5478134155273438], [-0.3833761513233185, -0.9230832457542419, 0.030660107731819153, -0.0435791015625], [0.0, 0.0, 0.0, 1.0]]], "view": [[0.0, -2.0, 100.0], [-2.0, 0.0, 100.0], [0.0, 0.0, 1.0]], "bev": "bev_bc01500fd42842bb9117ad220f6a0698.png", "aux": "aux_bc01500fd42842bb9117ad220f6a0698.npz", "visibility": "visibility_bc01500fd42842bb9117ad220f6a0698.png", "pose": [[-0.7622445821762085, -0.6472891569137573, 0.0, 1316.9508056640625], [0.6472891569137573, -0.7622445821762085, 0.0, 1037.960205078125], [0.0, 0.0, 1.0, 0.0], [0.0, 0.0, 0.0, 1.0]], "pose_inverse": [[-0.7622445821762085, 0.6472891569137573, 0.0, 331.9782409667969], [-0.6472891569137573, -0.7622445821762085, 0.0, 1643.62744140625], [0.0, 0.0, 1.0, 0.0], [0.0, 0.0, 0.0, 1.0]], "cam_ids": [0, 1, 2, 3, 4, 5], "cam_channels": ["CAM_FRONT_LEFT", "CAM_FRONT", "CAM_FRONT_RIGHT", "CAM_BACK_LEFT", "CAM_BACK", "CAM_BACK_RIGHT"], "token": "bc01500fd42842bb9117ad220f6a0698", "scene": "scene-0464"}, {"images": ["samples/CAM_FRONT_LEFT/n008-2018-09-18-12-53-31-0400__CAM_FRONT_LEFT__1537289884404802.jpg", "samples/CAM_FRONT/n008-2018-09-18-12-53-31-0400__CAM_FRONT__1537289884412404.jpg", "samples/CAM_FRONT_RIGHT/n008-2018-09-18-12-53-31-0400__CAM_FRONT_RIGHT__1537289884420482.jpg", "samples/CAM_BACK_LEFT/n008-2018-09-18-12-53-31-0400__CAM_BACK_LEFT__1537289884447405.jpg", "samples/CAM_BACK/n008-2018-09-18-12-53-31-0400__CAM_BACK__1537289884437558.jpg", "samples/CAM_BACK_RIGHT/n008-2018-09-18-12-53-31-0400__CAM_BACK_RIGHT__1537289884428113.jpg"], "intrinsics": [[[1257.8625342125129, 0.0, 827.2410631095686], [0.0, 1257.8625342125129, 450.915498205774], [0.0, 0.0, 1.0]], [[1252.8131021185304, 0.0, 826.588114781398], [0.0, 1252.8131021185304, 469.9846626224581], [0.0, 0.0, 1.0]], [[1256.7485116440405, 0.0, 817.7887570959712], [0.0, 1256.7485116440403, 451.9541780095127], [0.0, 0.0, 1.0]], [[1254.9860565800168, 0.0, 829.5769333630991], [0.0, 1254.9860565800168, 467.1680561863987], [0.0, 0.0, 1.0]], [[796.8910634503094, 0.0, 857.7774326863696], [0.0, 796.8910634503094, 476.8848988407415], [0.0, 0.0, 1.0]], [[1249.9629280788233, 0.0, 825.3768045375984], [0.0, 1249.9629280788233, 462.54816385708756], [0.0, 0.0, 1.0]]], "extrinsics": [[[0.8223615884780884, -0.5685485005378723, 0.021774282678961754, -1.00506591796875], [0.01974628120660782, -0.009727265685796738, -0.9997576475143433, 1.4882917404174805], [0.5686225295066833, 0.8225923180580139, 0.0032273870892822742, -1.333251953125], [0.0, 0.0, 0.0, 1.0]], [[0.010133044794201851, -0.9998496174812317, 0.014072535559535027, 0.0054931640625], [0.02170618064701557, -0.013850000686943531, -0.9996684789657593, 1.4801616668701172], [0.9997130632400513, 0.010435204021632671, 0.021562574431300163, -1.7347412109375], [0.0, 0.0, 0.0, 1.0]], [[-0.8438484072685242, -0.5364241003990173, -0.0130013944581151, 1.090576171875], [0.02972877025604248, -0.022546036168932915, -0.9993036985397339, 1.493072509765625], [0.5357574224472046, -0.8436473608016968, 0.0349726639688015, -1.277587890625], [0.0, 0.0, 0.0, 1.0]], [[0.9479144811630249, 0.3185202479362488, 0.001754283090122044, -1.1439208984375], [0.004333531018346548, -0.007389163598418236, -0.9999633431434631, 1.5620431900024414], [-0.31849566102027893, 0.9478873014450073, -0.008384611457586288, -0.1561279296875], [0.0, 0.0, 0.0, 1.0]], [[0.009343055076897144, 0.9998460412025452, -0.014854605309665203, -0.0289306640625], [0.0064673409797251225, -0.014915362931787968, -0.999867856502533, 1.5680618286132812], [-0.9999354481697083, 0.009245773777365685, -0.00660569965839386, 0.044219970703125], [0.0, 0.0, 0.0, 1.0]], [[-0.923520565032959, 0.38278087973594666, -0.02425980381667614, 1.16070556640625], [0.010659421794116497, -0.03761176019906998, -0.9992355704307556, 1.5478134155273438], [-0.38340067863464355, -0.9230732321739197, 0.030655013397336006, -0.043701171875], [0.0, 0.0, 0.0, 1.0]]], "view": [[0.0, -2.0, 100.0], [-2.0, 0.0, 100.0], [0.0, 0.0, 1.0]], "bev": "bev_851887fcddd341aaae4f9f86aae2519a.png", "aux": "aux_851887fcddd341aaae4f9f86aae2519a.npz", "visibility": "visibility_851887fcddd341aaae4f9f86aae2519a.png", "pose": [[-0.7621918320655823, -0.6473512053489685, 0.0, 1316.9508056640625], [0.6473512053489685, -0.7621918320655823, 0.0, 1037.960205078125], [0.0, 0.0, 1.0, 0.0], [0.0, 0.0, 0.0, 1.0]], "pose_inverse": [[-0.7621918320655823, 0.6473512053489685, 0.0, 331.8443908691406], [-0.6473512053489685, -0.7621918320655823, 0.0, 1643.654541015625], [0.0, 0.0, 1.0, 0.0], [0.0, 0.0, 0.0, 1.0]], "cam_ids": [0, 1, 2, 3, 4, 5], "cam_channels": ["CAM_FRONT_LEFT", "CAM_FRONT", "CAM_FRONT_RIGHT", "CAM_BACK_LEFT", "CAM_BACK", "CAM_BACK_RIGHT"], "token": "851887fcddd341aaae4f9f86aae2519a", "scene": "scene-0464"}, {"images": ["samples/CAM_FRONT_LEFT/n008-2018-09-18-12-53-31-0400__CAM_FRONT_LEFT__1537289884904799.jpg", "samples/CAM_FRONT/n008-2018-09-18-12-53-31-0400__CAM_FRONT__1537289884912404.jpg", "samples/CAM_FRONT_RIGHT/n008-2018-09-18-12-53-31-0400__CAM_FRONT_RIGHT__1537289884920482.jpg", "samples/CAM_BACK_LEFT/n008-2018-09-18-12-53-31-0400__CAM_BACK_LEFT__1537289884947405.jpg", "samples/CAM_BACK/n008-2018-09-18-12-53-31-0400__CAM_BACK__1537289884937558.jpg", "samples/CAM_BACK_RIGHT/n008-2018-09-18-12-53-31-0400__CAM_BACK_RIGHT__1537289884928113.jpg"], "intrinsics": [[[1257.8625342125129, 0.0, 827.2410631095686], [0.0, 1257.8625342125129, 450.915498205774], [0.0, 0.0, 1.0]], [[1252.8131021185304, 0.0, 826.588114781398], [0.0, 1252.8131021185304, 469.9846626224581], [0.0, 0.0, 1.0]], [[1256.7485116440405, 0.0, 817.7887570959712], [0.0, 1256.7485116440403, 451.9541780095127], [0.0, 0.0, 1.0]], [[1254.9860565800168, 0.0, 829.5769333630991], [0.0, 1254.9860565800168, 467.1680561863987], [0.0, 0.0, 1.0]], [[796.8910634503094, 0.0, 857.7774326863696], [0.0, 796.8910634503094, 476.8848988407415], [0.0, 0.0, 1.0]], [[1249.9629280788233, 0.0, 825.3768045375984], [0.0, 1249.9629280788233, 462.54816385708756], [0.0, 0.0, 1.0]]], "extrinsics": [[[0.8223742842674255, -0.5685298442840576, 0.021778995171189308, -1.00494384765625], [0.019635826349258423, -0.009895221330225468, -0.999758243560791, 1.4882946014404297], [0.5686079263687134, 0.822603166103363, 0.003025976475328207, -1.3333740234375], [0.0, 0.0, 0.0, 1.0]], [[0.010149923153221607, -0.9998469948768616, 0.014239801093935966, 0.0052490234375], [0.02158062346279621, -0.01401818823069334, -0.9996688961982727, 1.4801664352416992], [0.9997155666351318, 0.010453896597027779, 0.02143504098057747, -1.734649658203125], [0.0, 0.0, 0.0, 1.0]], [[-0.843843936920166, -0.5364360809326172, -0.012793400324881077, 1.0906982421875], [0.029590127989649773, -0.02271464839577675, -0.9993039965629578, 1.493072509765625], [0.5357720851898193, -0.8436352610588074, 0.03504083305597305, -1.2774658203125], [0.0, 0.0, 0.0, 1.0]], [[0.9479157328605652, 0.31851726770401, 0.0015954193659126759, -1.14398193359375], [0.004216073080897331, -0.007538436912000179, -0.9999626874923706, 1.5620441436767578], [-0.3184933364391327, 0.9478870630264282, -0.008488692343235016, -0.1561279296875], [0.0, 0.0, 0.0, 1.0]], [[0.00933982152491808, 0.9998435974121094, -0.01501536462455988, -0.02880859375], [0.006337198428809643, -0.015074902214109898, -0.999866247177124, 1.5680618286132812], [-0.9999363422393799, 0.009243356995284557, -0.006477004382759333, 0.044342041015625], [0.0, 0.0, 0.0, 1.0]], [[-0.923526406288147, 0.382770299911499, -0.024202976375818253, 1.160675048828125], [0.01052782405167818, -0.0377814806997776, -0.9992305636405945, 1.5478134155273438], [-0.3833902180194855, -0.9230706095695496, 0.030862458050251007, -0.0435791015625], [0.0, 0.0, 0.0, 1.0]]], "view": [[0.0, -2.0, 100.0], [-2.0, 0.0, 100.0], [0.0, 0.0, 1.0]], "bev": "bev_7b030285cd724da4ac5f4e6a177ed6ee.png", "aux": "aux_7b030285cd724da4ac5f4e6a177ed6ee.npz", "visibility": "visibility_7b030285cd724da4ac5f4e6a177ed6ee.png", "pose": [[-0.7622411847114563, -0.6472930908203125, 0.0, 1316.9508056640625], [0.6472930908203125, -0.7622411847114563, 0.0, 1037.960205078125], [0.0, 0.0, 1.0, 0.0], [0.0, 0.0, 0.0, 1.0]], "pose_inverse": [[-0.7622411847114563, 0.6472930908203125, 0.0, 331.96966552734375], [-0.6472930908203125, -0.7622411847114563, 0.0, 1643.629150390625], [0.0, 0.0, 1.0, 0.0], [0.0, 0.0, 0.0, 1.0]], "cam_ids": [0, 1, 2, 3, 4, 5], "cam_channels": ["CAM_FRONT_LEFT", "CAM_FRONT", "CAM_FRONT_RIGHT", "CAM_BACK_LEFT", "CAM_BACK", "CAM_BACK_RIGHT"], "token": "7b030285cd724da4ac5f4e6a177ed6ee", "scene": "scene-0464"}, {"images": ["samples/CAM_FRONT_LEFT/n008-2018-09-18-12-53-31-0400__CAM_FRONT_LEFT__1537289885404799.jpg", "samples/CAM_FRONT/n008-2018-09-18-12-53-31-0400__CAM_FRONT__1537289885412404.jpg", "samples/CAM_FRONT_RIGHT/n008-2018-09-18-12-53-31-0400__CAM_FRONT_RIGHT__1537289885420482.jpg", "samples/CAM_BACK_LEFT/n008-2018-09-18-12-53-31-0400__CAM_BACK_LEFT__1537289885447405.jpg", "samples/CAM_BACK/n008-2018-09-18-12-53-31-0400__CAM_BACK__1537289885437558.jpg", "samples/CAM_BACK_RIGHT/n008-2018-09-18-12-53-31-0400__CAM_BACK_RIGHT__1537289885428113.jpg"], "intrinsics": [[[1257.8625342125129, 0.0, 827.2410631095686], [0.0, 1257.8625342125129, 450.915498205774], [0.0, 0.0, 1.0]], [[1252.8131021185304, 0.0, 826.588114781398], [0.0, 1252.8131021185304, 469.9846626224581], [0.0, 0.0, 1.0]], [[1256.7485116440405, 0.0, 817.7887570959712], [0.0, 1256.7485116440403, 451.9541780095127], [0.0, 0.0, 1.0]], [[1254.9860565800168, 0.0, 829.5769333630991], [0.0, 1254.9860565800168, 467.1680561863987], [0.0, 0.0, 1.0]], [[796.8910634503094, 0.0, 857.7774326863696], [0.0, 796.8910634503094, 476.8848988407415], [0.0, 0.0, 1.0]], [[1249.9629280788233, 0.0, 825.3768045375984], [0.0, 1249.9629280788233, 462.54816385708756], [0.0, 0.0, 1.0]]], "extrinsics": [[[0.8223704099655151, -0.5685402154922485, 0.021654045209288597, -1.00506591796875], [0.019475096836686134, -0.009908058680593967, -0.9997612833976746, 1.488297462463379], [0.5686190128326416, 0.8225957751274109, 0.002924282569438219, -1.3333740234375], [0.0, 0.0, 0.0, 1.0]], [[0.01014100294560194, -0.9998470544815063, 0.014245943166315556, 0.0054931640625], [0.02141687273979187, -0.014026228338479996, -0.9996722340583801, 1.4801645278930664], [0.9997192025184631, 0.010442834347486496, 0.0212713573127985, -1.734771728515625], [0.0, 0.0, 0.0, 1.0]], [[-0.8438511490821838, -0.5364281535148621, -0.012650568969547749, 1.090576171875], [0.029422618448734283, -0.022717835381627083, -0.9993088245391846, 1.4930744171142578], [0.5357699394226074, -0.8436402082443237, 0.03495359420776367, -1.277587890625], [0.0, 0.0, 0.0, 1.0]], [[0.9479185342788696, 0.3185098171234131, 0.0014213391114026308, -1.14404296875], [0.004037073347717524, -0.007552454248070717, -0.9999633431434631, 1.5620450973510742], [-0.3184874355792999, 0.9478894472122192, -0.008444958366453648, -0.1561279296875], [0.0, 0.0, 0.0, 1.0]], [[0.009343629702925682, 0.9998433589935303, -0.015029536560177803, -0.02880859375], [0.006172803230583668, -0.015087578445672989, -0.9998671412467957, 1.5680618286132812], [-0.9999372959136963, 0.009249645285308361, -0.006312809884548187, 0.04437255859375], [0.0, 0.0, 0.0, 1.0]], [[-0.9235272407531738, 0.3827776312828064, -0.02405759133398533, 1.160675048828125], [0.010367787443101406, -0.03778742626309395, -0.9992319941520691, 1.5478134155273438], [-0.3833927512168884, -0.9230674505233765, 0.030929159373044968, -0.0435791015625], [0.0, 0.0, 0.0, 1.0]]], "view": [[0.0, -2.0, 100.0], [-2.0, 0.0, 100.0], [0.0, 0.0, 1.0]], "bev": "bev_eb67223534634634bf6b763d602df0ea.png", "aux": "aux_eb67223534634634bf6b763d602df0ea.npz", "visibility": "visibility_eb67223534634634bf6b763d602df0ea.png", "pose": [[-0.7622760534286499, -0.6472520232200623, 0.0, 1316.9508056640625], [0.6472520232200623, -0.7622760534286499, 0.0, 1037.960205078125], [0.0, 0.0, 1.0, 0.0], [0.0, 0.0, 0.0, 1.0]], "pose_inverse": [[-0.7622760534286499, 0.6472520232200623, 0.0, 332.0581970214844], [-0.6472520232200623, -0.7622760534286499, 0.0, 1643.611328125], [0.0, 0.0, 1.0, 0.0], [0.0, 0.0, 0.0, 1.0]], "cam_ids": [0, 1, 2, 3, 4, 5], "cam_channels": ["CAM_FRONT_LEFT", "CAM_FRONT", "CAM_FRONT_RIGHT", "CAM_BACK_LEFT", "CAM_BACK", "CAM_BACK_RIGHT"], "token": "eb67223534634634bf6b763d602df0ea", "scene": "scene-0464"}, {"images": ["samples/CAM_FRONT_LEFT/n008-2018-09-18-12-53-31-0400__CAM_FRONT_LEFT__1537289885904799.jpg", "samples/CAM_FRONT/n008-2018-09-18-12-53-31-0400__CAM_FRONT__1537289885912404.jpg", "samples/CAM_FRONT_RIGHT/n008-2018-09-18-12-53-31-0400__CAM_FRONT_RIGHT__1537289885920482.jpg", "samples/CAM_BACK_LEFT/n008-2018-09-18-12-53-31-0400__CAM_BACK_LEFT__1537289885947405.jpg", "samples/CAM_BACK/n008-2018-09-18-12-53-31-0400__CAM_BACK__1537289885937558.jpg", "samples/CAM_BACK_RIGHT/n008-2018-09-18-12-53-31-0400__CAM_BACK_RIGHT__1537289885928113.jpg"], "intrinsics": [[[1257.8625342125129, 0.0, 827.2410631095686], [0.0, 1257.8625342125129, 450.915498205774], [0.0, 0.0, 1.0]], [[1252.8131021185304, 0.0, 826.588114781398], [0.0, 1252.8131021185304, 469.9846626224581], [0.0, 0.0, 1.0]], [[1256.7485116440405, 0.0, 817.7887570959712], [0.0, 1256.7485116440403, 451.9541780095127], [0.0, 0.0, 1.0]], [[1254.9860565800168, 0.0, 829.5769333630991], [0.0, 1254.9860565800168, 467.1680561863987], [0.0, 0.0, 1.0]], [[796.8910634503094, 0.0, 857.7774326863696], [0.0, 796.8910634503094, 476.8848988407415], [0.0, 0.0, 1.0]], [[1249.9629280788233, 0.0, 825.3768045375984], [0.0, 1249.9629280788233, 462.54816385708756], [0.0, 0.0, 1.0]]], "extrinsics": [[[0.8223581314086914, -0.5685520172119141, 0.02181522361934185, -1.00494384765625], [0.019613273441791534, -0.00999170821160078, -0.999757707118988, 1.4882926940917969], [0.5686321258544922, 0.8225866556167603, 0.0029344006907194853, -1.333251953125], [0.0, 0.0, 0.0, 1.0]], [[0.010125692002475262, -0.9998460412025452, 0.01432807557284832, 0.00537109375], [0.02156471088528633, -0.014107134193181992, -0.9996679425239563, 1.4801673889160156], [0.9997161626815796, 0.010431296192109585, 0.02141854725778103, -1.734771728515625], [0.0, 0.0, 0.0, 1.0]], [[-0.843854546546936, -0.5364207029342651, -0.01274182740598917, 1.090576171875], [0.029579712077975273, -0.022795600816607475, -0.9993024468421936, 1.493072509765625], [0.5357561707496643, -0.8436427712440491, 0.035103343427181244, -1.2777099609375], [0.0, 0.0, 0.0, 1.0]], [[0.9479177594184875, 0.3185115158557892, 0.0015502914320677519, -1.14385986328125], [0.004192349035292864, -0.007609681226313114, -0.9999622106552124, 1.5620431900024414], [-0.3184877634048462, 0.9478884339332581, -0.008548663929104805, -0.1561279296875], [0.0, 0.0, 0.0, 1.0]], [[0.00934813916683197, 0.9998427033424377, -0.01507432572543621, -0.02880859375], [0.006314970087260008, -0.015133710578083992, -0.9998655319213867, 1.5680618286132812], [-0.9999363422393799, 0.00925163272768259, -0.006455449387431145, 0.044403076171875], [0.0, 0.0, 0.0, 1.0]], [[-0.9235213398933411, 0.38278210163116455, -0.024212907999753952, 1.160675048828125], [0.010509097948670387, -0.03785141184926033, -0.9992281198501587, 1.5478172302246094], [-0.38340315222740173, -0.9230629205703735, 0.030933888629078865, -0.0435791015625], [0.0, 0.0, 0.0, 1.0]]], "view": [[0.0, -2.0, 100.0], [-2.0, 0.0, 100.0], [0.0, 0.0, 1.0]], "bev": "bev_1a4a5e44eea944a38f9c93739e10578b.png", "aux": "aux_1a4a5e44eea944a38f9c93739e10578b.npz", "visibility": "visibility_1a4a5e44eea944a38f9c93739e10578b.png", "pose": [[-0.7622343897819519, -0.6473011374473572, 0.0, 1316.9508056640625], [0.6473011374473572, -0.7622343897819519, 0.0, 1037.960205078125], [0.0, 0.0, 1.0, 0.0], [0.0, 0.0, 0.0, 1.0]], "pose_inverse": [[-0.7622343897819519, 0.6473011374473572, 0.0, 331.952392578125], [-0.6473011374473572, -0.7622343897819519, 0.0, 1643.6326904296875], [0.0, 0.0, 1.0, 0.0], [0.0, 0.0, 0.0, 1.0]], "cam_ids": [0, 1, 2, 3, 4, 5], "cam_channels": ["CAM_FRONT_LEFT", "CAM_FRONT", "CAM_FRONT_RIGHT", "CAM_BACK_LEFT", "CAM_BACK", "CAM_BACK_RIGHT"], "token": "1a4a5e44eea944a38f9c93739e10578b", "scene": "scene-0464"}, {"images": ["samples/CAM_FRONT_LEFT/n008-2018-09-18-12-53-31-0400__CAM_FRONT_LEFT__1537289886404799.jpg", "samples/CAM_FRONT/n008-2018-09-18-12-53-31-0400__CAM_FRONT__1537289886412404.jpg", "samples/CAM_FRONT_RIGHT/n008-2018-09-18-12-53-31-0400__CAM_FRONT_RIGHT__1537289886420482.jpg", "samples/CAM_BACK_LEFT/n008-2018-09-18-12-53-31-0400__CAM_BACK_LEFT__1537289886447405.jpg", "samples/CAM_BACK/n008-2018-09-18-12-53-31-0400__CAM_BACK__1537289886437558.jpg", "samples/CAM_BACK_RIGHT/n008-2018-09-18-12-53-31-0400__CAM_BACK_RIGHT__1537289886428113.jpg"], "intrinsics": [[[1257.8625342125129, 0.0, 827.2410631095686], [0.0, 1257.8625342125129, 450.915498205774], [0.0, 0.0, 1.0]], [[1252.8131021185304, 0.0, 826.588114781398], [0.0, 1252.8131021185304, 469.9846626224581], [0.0, 0.0, 1.0]], [[1256.7485116440405, 0.0, 817.7887570959712], [0.0, 1256.7485116440403, 451.9541780095127], [0.0, 0.0, 1.0]], [[1254.9860565800168, 0.0, 829.5769333630991], [0.0, 1254.9860565800168, 467.1680561863987], [0.0, 0.0, 1.0]], [[796.8910634503094, 0.0, 857.7774326863696], [0.0, 796.8910634503094, 476.8848988407415], [0.0, 0.0, 1.0]], [[1249.9629280788233, 0.0, 825.3768045375984], [0.0, 1249.9629280788233, 462.54816385708756], [0.0, 0.0, 1.0]]], "extrinsics": [[[0.8223750591278076, -0.5685272216796875, 0.02181686833500862, -1.00506591796875], [0.01965874806046486, -0.009928659535944462, -0.9997574687004089, 1.4882936477661133], [0.5686059594154358, 0.8226045370101929, 0.0030114497058093548, -1.33349609375], [0.0, 0.0, 0.0, 1.0]], [[0.010154263116419315, -0.9998466968536377, 0.014267751947045326, 0.00537109375], [0.021617146208882332, -0.014045658521354198, -0.9996676445007324, 1.48016357421875], [0.9997147917747498, 0.010459337383508682, 0.021471207961440086, -1.73480224609375], [0.0, 0.0, 0.0, 1.0]], [[-0.8438398241996765, -0.5364420413970947, -0.012823613360524178, 1.0906982421875], [0.0296393521130085, -0.022735361009836197, -0.9993020296096802, 1.4930706024169922], [0.5357759594917297, -0.8436309099197388, 0.0350847952067852, -1.277587890625], [0.0, 0.0, 0.0, 1.0]], [[0.9479172229766846, 0.318512886762619, 0.0016093249432742596, -1.14385986328125], [0.004232649225741625, -0.007544240448623896, -0.9999626278877258, 1.5620431900024414], [-0.31848886609077454, 0.9478885531425476, -0.008499467745423317, -0.1561279296875], [0.0, 0.0, 0.0, 1.0]], [[0.009337343275547028, 0.9998437166213989, -0.015015564858913422, -0.02880859375], [0.00637265108525753, -0.015075414441525936, -0.999866008758544