[{"images": ["samples/CAM_FRONT_LEFT/n015-2018-09-27-15-33-17+0800__CAM_FRONT_LEFT__1538033641754844.jpg", "samples/CAM_FRONT/n015-2018-09-27-15-33-17+0800__CAM_FRONT__1538033641762460.jpg", "samples/CAM_FRONT_RIGHT/n015-2018-09-27-15-33-17+0800__CAM_FRONT_RIGHT__1538033641770339.jpg", "samples/CAM_BACK_LEFT/n015-2018-09-27-15-33-17+0800__CAM_BACK_LEFT__1538033641797423.jpg", "samples/CAM_BACK/n015-2018-09-27-15-33-17+0800__CAM_BACK__1538033641787525.jpg", "samples/CAM_BACK_RIGHT/n015-2018-09-27-15-33-17+0800__CAM_BACK_RIGHT__1538033641777893.jpg"], "intrinsics": [[[1272.5979470598488, 0.0, 826.6154927353808], [0.0, 1272.5979470598488, 479.75165386361925], [0.0, 0.0, 1.0]], [[1266.417203046554, 0.0, 816.2670197447984], [0.0, 1266.417203046554, 491.50706579294757], [0.0, 0.0, 1.0]], [[1260.8474446004698, 0.0, 807.968244525554], [0.0, 1260.8474446004698, 495.3344268742088], [0.0, 0.0, 1.0]], [[1256.7414812095406, 0.0, 792.1125740759628], [0.0, 1256.7414812095406, 492.7757465151356], [0.0, 0.0, 1.0]], [[809.2209905677063, 0.0, 829.2196003259838], [0.0, 809.2209905677063, 481.77842384512485], [0.0, 0.0, 1.0]], [[1259.5137405846733, 0.0, 807.2529053838625], [0.0, 1259.5137405846733, 501.19579884916527], [0.0, 0.0, 1.0]]], "extrinsics": [[[0.8206567764282227, -0.5711238980293274, 0.018436647951602936, -0.96484375], [0.015192885883152485, -0.010444963350892067, -0.9998300075531006, 1.5082435607910156], [0.5712193846702576, 0.8207974433898926, 0.0001052890729624778, -1.28033447265625], [0.0, 0.0, 0.0, 1.0]], [[0.005604899488389492, -0.9998781681060791, 0.014566970057785511, 0.0050048828125], [0.009905161336064339, -0.014510971494019032, -0.9998456835746765, 1.5205307006835938], [0.9999352693557739, 0.005748337134718895, 0.009822621010243893, -1.6922607421875], [0.0, 0.0, 0.0, 1.0]], [[-0.83272784948349, -0.5534942150115967, -0.014434614218771458, 1.0323638916015625], [0.015533819794654846, 0.0027053121011704206, -0.9998756647109985, 1.5036420822143555], [0.5534644722938538, -0.8328486680984497, 0.006345092318952084, -1.248779296875], [0.0, 0.0, 0.0, 1.0]], [[0.947616457939148, 0.31909650564193726, 0.014150607399642467, -1.14208984375], [0.024227198213338852, -0.027631282806396484, -0.9993245601654053, 1.5885467529296875], [-0.31848999857902527, 0.9473193287849426, -0.033914677798748016, -0.103759765625], [0.0, 0.0, 0.0, 1.0]], [[0.0025702491402626038, 0.9998415112495422, -0.01762036606669426, 0.0025634765625], [-0.001205896376632154, -0.01761731132864952, -0.9998441338539124, 1.5793571472167969], [-0.9999959468841553, 0.002591237425804138, 0.0011604221072047949, 0.001708984375], [0.0, 0.0, 0.0, 1.0]], [[-0.9344668984413147, 0.35476845502853394, -0.030184177681803703, 1.1361083984375], [0.03141472116112709, -0.002292165532708168, -0.9995037913322449, 1.5514450073242188], [-0.3546614646911621, -0.9349513649940491, -0.009002996608614922, -0.063720703125], [0.0, 0.0, 0.0, 1.0]]], "view": [[0.0, -2.0, 100.0], [-2.0, 0.0, 100.0], [0.0, 0.0, 1.0]], "bev": "bev_44a84c0712284f10962147b820255924.png", "aux": "aux_44a84c0712284f10962147b820255924.npz", "visibility": "visibility_44a84c0712284f10962147b820255924.png", "pose": [[-0.6938117742538452, -0.7201563715934753, 0.0, 600.8363037109375], [0.7201563715934753, -0.6938117742538452, 0.0, 1995.43505859375], [0.0, 0.0, 1.0, 0.0], [0.0, 0.0, 0.0, 1.0]], "pose_inverse": [[-0.6938117742538452, 0.7201563715934753, 0.0, -1020.1580200195312], [-0.7201563715934753, -0.6938117742538452, 0.0, 1817.1524658203125], [0.0, 0.0, 1.0, 0.0], [0.0, 0.0, 0.0, 1.0]], "cam_ids": [0, 1, 2, 3, 4, 5], "cam_channels": ["CAM_FRONT_LEFT", "CAM_FRONT", "CAM_FRONT_RIGHT", "CAM_BACK_LEFT", "CAM_BACK", "CAM_BACK_RIGHT"], "token": "44a84c0712284f10962147b820255924", "scene": "scene-0400"}, {"images": ["samples/CAM_FRONT_LEFT/n015-2018-09-27-15-33-17+0800__CAM_FRONT_LEFT__1538033642254844.jpg", "samples/CAM_FRONT/n015-2018-09-27-15-33-17+0800__CAM_FRONT__1538033642262460.jpg", "samples/CAM_FRONT_RIGHT/n015-2018-09-27-15-33-17+0800__CAM_FRONT_RIGHT__1538033642270339.jpg", "samples/CAM_BACK_LEFT/n015-2018-09-27-15-33-17+0800__CAM_BACK_LEFT__1538033642297423.jpg", "samples/CAM_BACK/n015-2018-09-27-15-33-17+0800__CAM_BACK__1538033642287525.jpg", "samples/CAM_BACK_RIGHT/n015-2018-09-27-15-33-17+0800__CAM_BACK_RIGHT__1538033642277893.jpg"], "intrinsics": [[[1272.5979470598488, 0.0, 826.6154927353808], [0.0, 1272.5979470598488, 479.75165386361925], [0.0, 0.0, 1.0]], [[1266.417203046554, 0.0, 816.2670197447984], [0.0, 1266.417203046554, 491.50706579294757], [0.0, 0.0, 1.0]], [[1260.8474446004698, 0.0, 807.968244525554], [0.0, 1260.8474446004698, 495.3344268742088], [0.0, 0.0, 1.0]], [[1256.7414812095406, 0.0, 792.1125740759628], [0.0, 1256.7414812095406, 492.7757465151356], [0.0, 0.0, 1.0]], [[809.2209905677063, 0.0, 829.2196003259838], [0.0, 809.2209905677063, 481.77842384512485], [0.0, 0.0, 1.0]], [[1259.5137405846733, 0.0, 807.2529053838625], [0.0, 1259.5137405846733, 501.19579884916527], [0.0, 0.0, 1.0]]], "extrinsics": [[[0.8206471800804138, -0.5711351633071899, 0.018510639667510986, -0.965087890625], [0.015260996297001839, -0.010476631112396717, -0.9998286366462708, 1.5082473754882812], [0.5712313055992126, 0.8207891583442688, 0.00011847458517877385, -1.28021240234375], [0.0, 0.0, 0.0, 1.0]], [[0.005591255612671375, -0.9998779296875, 0.014589989557862282, 0.0050048828125], [0.009972396306693554, -0.014533739537000656, -0.9998446702957153, 1.5205345153808594], [0.9999346137046814, 0.005735853686928749, 0.009889917448163033, -1.6922607421875], [0.0, 0.0, 0.0, 1.0]], [[-0.8327327370643616, -0.5534858107566833, -0.014482828788459301, 1.0323638916015625], [0.015602131374180317, 0.002689515706151724, -0.9998746514320374, 1.5036468505859375], [0.5534552335739136, -0.8328543305397034, 0.00639590946957469, -1.248779296875], [0.0, 0.0, 0.0, 1.0]], [[0.9476168155670166, 0.31909409165382385, 0.014192912727594376, -1.1422119140625], [0.024283302947878838, -0.02766573615372181, -0.9993221759796143, 1.5885543823242188], [-0.3184850811958313, 0.9473192095756531, -0.03396517038345337, -0.1036376953125], [0.0, 0.0, 0.0, 1.0]], [[0.002575456630438566, 0.999841034412384, -0.017647597938776016, 0.002685546875], [-0.001135906670242548, -0.017644720152020454, -0.9998436570167542, 1.5793571472167969], [-0.9999960660934448, 0.0025951373390853405, 0.0010902833892032504, 0.001708984375], [0.0, 0.0, 0.0, 1.0]], [[-0.9344620108604431, 0.3547748923301697, -0.030255956575274467, 1.1363525390625], [0.03148561343550682, -0.0023078443482518196, -0.9995015263557434, 1.5514488220214844], [-0.35466793179512024, -0.9349489212036133, -0.009013713337481022, -0.063720703125], [0.0, 0.0, 0.0, 1.0]]], "view": [[0.0, -2.0, 100.0], [-2.0, 0.0, 100.0], [0.0, 0.0, 1.0]], "bev": "bev_b5549d6dbbf044f5b3975fedd7ffc2c1.png", "aux": "aux_b5549d6dbbf044f5b3975fedd7ffc2c1.npz", "visibility": "visibility_b5549d6dbbf044f5b3975fedd7ffc2c1.png", "pose": [[-0.6937408447265625, -0.7202247381210327, 0.0, 600.83642578125], [0.7202247381210327, -0.6937408447265625, 0.0, 1995.4349365234375], [0.0, 0.0, 1.0, 0.0], [0.0, 0.0, 0.0, 1.0]], "pose_inverse": [[-0.6937408447265625, 0.7202247381210327, 0.0, -1020.3368530273438], [-0.7202247381210327, -0.6937408447265625, 0.0, 1817.0518798828125], [0.0, 0.0, 1.0, 0.0], [0.0, 0.0, 0.0, 1.0]], "cam_ids": [0, 1, 2, 3, 4, 5], "cam_channels": ["CAM_FRONT_LEFT", "CAM_FRONT", "CAM_FRONT_RIGHT", "CAM_BACK_LEFT", "CAM_BACK", "CAM_BACK_RIGHT"], "token": "b5549d6dbbf044f5b3975fedd7ffc2c1", "scene": "scene-0400"}, {"images": ["samples/CAM_FRONT_LEFT/n015-2018-09-27-15-33-17+0800__CAM_FRONT_LEFT__1538033642754844.jpg", "samples/CAM_FRONT/n015-2018-09-27-15-33-17+0800__CAM_FRONT__1538033642762460.jpg", "samples/CAM_FRONT_RIGHT/n015-2018-09-27-15-33-17+0800__CAM_FRONT_RIGHT__1538033642770339.jpg", "samples/CAM_BACK_LEFT/n015-2018-09-27-15-33-17+0800__CAM_BACK_LEFT__1538033642797423.jpg", "samples/CAM_BACK/n015-2018-09-27-15-33-17+0800__CAM_BACK__1538033642787525.jpg", "samples/CAM_BACK_RIGHT/n015-2018-09-27-15-33-17+0800__CAM_BACK_RIGHT__1538033642777893.jpg"], "intrinsics": [[[1272.5979470598488, 0.0, 826.6154927353808], [0.0, 1272.5979470598488, 479.75165386361925], [0.0, 0.0, 1.0]], [[1266.417203046554, 0.0, 816.2670197447984], [0.0, 1266.417203046554, 491.50706579294757], [0.0, 0.0, 1.0]], [[1260.8474446004698, 0.0, 807.968244525554], [0.0, 1260.8474446004698, 495.3344268742088], [0.0, 0.0, 1.0]], [[1256.7414812095406, 0.0, 792.1125740759628], [0.0, 1256.7414812095406, 492.7757465151356], [0.0, 0.0, 1.0]], [[809.2209905677063, 0.0, 829.2196003259838], [0.0, 809.2209905677063, 481.77842384512485], [0.0, 0.0, 1.0]], [[1259.5137405846733, 0.0, 807.2529053838625], [0.0, 1259.5137405846733, 501.19579884916527], [0.0, 0.0, 1.0]]], "extrinsics": [[[0.8206435441970825, -0.5711406469345093, 0.018504483625292778, -0.965087890625], [0.01523035392165184, -0.010509884916245937, -0.9998287558555603, 1.5082435607910156], [0.5712374448776245, 0.8207849264144897, 7.380486204056069e-05, -1.2802734375], [0.0, 0.0, 0.0, 1.0]], [[0.005583222955465317, -0.9998775124549866, 0.014620505273342133, 0.0048828125], [0.009937604889273643, -0.014564533717930317, -0.9998445510864258, 1.5205345153808594], [0.9999350905418396, 0.005727737210690975, 0.009855070151388645, -1.69232177734375], [0.0, 0.0, 0.0, 1.0]], [[-0.8327380418777466, -0.5534788966178894, -0.014432460069656372, 1.032257080078125], [0.015563756227493286, 0.0026561592239886522, -0.9998753070831299, 1.5036468505859375], [0.5534482598304749, -0.8328589200973511, 0.0064023262821137905, -1.248779296875], [0.0, 0.0, 0.0, 1.0]], [[0.9476171135902405, 0.319095253944397, 0.014144500717520714, -1.142120361328125], [0.024243468418717384, -0.027698971331119537, -0.999322235584259, 1.5885543823242188], [-0.3184871971607208, 0.9473178386688232, -0.0339839942753315, -0.1038818359375], [0.0, 0.0, 0.0, 1.0]], [[0.00257895071990788, 0.9998403191566467, -0.017687499523162842, 0.0028076171875], [-0.0011736054439097643, -0.017684519290924072, -0.9998429417610168, 1.5793571472167969], [-0.9999960064888, 0.002599362749606371, 0.0011278102174401283, 0.0018310546875], [0.0, 0.0, 0.0, 1.0]], [[-0.9344608187675476, 0.35478007793426514, -0.030233290046453476, 1.13623046875], [0.03144649416208267, -0.0023472013417631388, -0.9995027184486389, 1.5514488220214844], [-0.3546746075153351, -0.9349468946456909, -0.008963221684098244, -0.0634765625], [0.0, 0.0, 0.0, 1.0]]], "view": [[0.0, -2.0, 100.0], [-2.0, 0.0, 100.0], [0.0, 0.0, 1.0]], "bev": "bev_25572a9d5aff4f6bb06e43a0826d7fd8.png", "aux": "aux_25572a9d5aff4f6bb06e43a0826d7fd8.npz", "visibility": "visibility_25572a9d5aff4f6bb06e43a0826d7fd8.png", "pose": [[-0.693666398525238, -0.7202964425086975, 0.0, 600.8365478515625], [0.7202964425086975, -0.693666398525238, 0.0, 1995.4349365234375], [0.0, 0.0, 1.0, 0.0], [0.0, 0.0, 0.0, 1.0]], "pose_inverse": [[-0.693666398525238, 0.7202964425086975, 0.0, -1020.5245971679688], [-0.7202964425086975, -0.693666398525238, 0.0, 1816.946533203125], [0.0, 0.0, 1.0, 0.0], [0.0, 0.0, 0.0, 1.0]], "cam_ids": [0, 1, 2, 3, 4, 5], "cam_channels": ["CAM_FRONT_LEFT", "CAM_FRONT", "CAM_FRONT_RIGHT", "CAM_BACK_LEFT", "CAM_BACK", "CAM_BACK_RIGHT"], "token": "25572a9d5aff4f6bb06e43a0826d7fd8", "scene": "scene-0400"}, {"images": ["samples/CAM_FRONT_LEFT/n015-2018-09-27-15-33-17+0800__CAM_FRONT_LEFT__1538033643254844.jpg", "samples/CAM_FRONT/n015-2018-09-27-15-33-17+0800__CAM_FRONT__1538033643262460.jpg", "samples/CAM_FRONT_RIGHT/n015-2018-09-27-15-33-17+0800__CAM_FRONT_RIGHT__1538033643270339.jpg", "samples/CAM_BACK_LEFT/n015-2018-09-27-15-33-17+0800__CAM_BACK_LEFT__1538033643297423.jpg", "samples/CAM_BACK/n015-2018-09-27-15-33-17+0800__CAM_BACK__1538033643287525.jpg", "samples/CAM_BACK_RIGHT/n015-2018-09-27-15-33-17+0800__CAM_BACK_RIGHT__1538033643277893.jpg"], "intrinsics": [[[1272.5979470598488, 0.0, 826.6154927353808], [0.0, 1272.5979470598488, 479.75165386361925], [0.0, 0.0, 1.0]], [[1266.417203046554, 0.0, 816.2670197447984], [0.0, 1266.417203046554, 491.50706579294757], [0.0, 0.0, 1.0]], [[1260.8474446004698, 0.0, 807.968244525554], [0.0, 1260.8474446004698, 495.3344268742088], [0.0, 0.0, 1.0]], [[1256.7414812095406, 0.0, 792.1125740759628], [0.0, 1256.7414812095406, 492.7757465151356], [0.0, 0.0, 1.0]], [[809.2209905677063, 0.0, 829.2196003259838], [0.0, 809.2209905677063, 481.77842384512485], [0.0, 0.0, 1.0]], [[1259.5137405846733, 0.0, 807.2529053838625], [0.0, 1259.5137405846733, 501.19579884916527], [0.0, 0.0, 1.0]]], "extrinsics": [[[0.8206244111061096, -0.5711674094200134, 0.01853070966899395, -0.9649658203125], [0.0151998745277524, -0.010599586181342602, -0.9998282790184021, 1.5082435607910156], [0.571265697479248, 0.8207651972770691, -1.660595808061771e-05, -1.28021240234375], [0.0, 0.0, 0.0, 1.0]], [[0.005554843693971634, -0.9998763203620911, 0.014717712998390198, 0.0048828125], [0.009904646314680576, -0.014662204310297966, -0.9998434782028198, 1.5205345153808594], [0.9999355673789978, 0.005699779838323593, 0.00982197467237711, -1.69232177734375], [0.0, 0.0, 0.0, 1.0]], [[-0.8327513337135315, -0.5534612536430359, -0.014347447082400322, 1.0322723388671875], [0.015535411424934864, 0.0025449595414102077, -0.999876081943512, 1.503641128540039], [0.5534292459487915, -0.8328710198402405, 0.006478931289166212, -1.248779296875], [0.0, 0.0, 0.0, 1.0]], [[0.9476185441017151, 0.3190929889678955, 0.014097503386437893, -1.142120361328125], [0.024236643686890602, -0.0278263408690691, -0.9993188381195068, 1.5885543823242188], [-0.3184833526611328, 0.9473147988319397, -0.03410250321030617, -0.1036376953125], [0.0, 0.0, 0.0, 1.0]], [[0.0025884369388222694, 0.9998379945755005, -0.01781868375837803, 0.0028076171875], [-0.0011930010514333844, -0.017815643921494484, -0.9998405575752258, 1.5793590545654297], [-0.9999959468841553, 0.002609343035146594, 0.001146692899055779, 0.0018310546875], [0.0, 0.0, 0.0, 1.0]], [[-0.9344553351402283, 0.3547924757003784, -0.030257871374487877, 1.1363525390625], [0.031425219029188156, -0.0024729189462959766, -0.9995030760765076, 1.5514450073242188], [-0.35469090938568115, -0.934941828250885, -0.008838598616421223, -0.0634765625], [0.0, 0.0, 0.0, 1.0]]], "view": [[0.0, -2.0, 100.0], [-2.0, 0.0, 100.0], [0.0, 0.0, 1.0]], "bev": "bev_46db692547f54123949a3359957ccad2.png", "aux": "aux_46db692547f54123949a3359957ccad2.npz", "visibility": "visibility_46db692547f54123949a3359957ccad2.png", "pose": [[-0.6937277913093567, -0.7202373147010803, 0.0, 600.8366088867188], [0.7202373147010803, -0.6937277913093567, 0.0, 1995.4349365234375], [0.0, 0.0, 1.0, 0.0], [0.0, 0.0, 0.0, 1.0]], "pose_inverse": [[-0.6937277913093567, 0.7202373147010803, 0.0, -1020.3695678710938], [-0.7202373147010803, -0.6937277913093567, 0.0, 1817.0335693359375], [0.0, 0.0, 1.0, 0.0], [0.0, 0.0, 0.0, 1.0]], "cam_ids": [0, 1, 2, 3, 4, 5], "cam_channels": ["CAM_FRONT_LEFT", "CAM_FRONT", "CAM_FRONT_RIGHT", "CAM_BACK_LEFT", "CAM_BACK", "CAM_BACK_RIGHT"], "token": "46db692547f54123949a3359957ccad2", "scene": "scene-0400"}, {"images": ["samples/CAM_FRONT_LEFT/n015-2018-09-27-15-33-17+0800__CAM_FRONT_LEFT__1538033643754844.jpg", "samples/CAM_FRONT/n015-2018-09-27-15-33-17+0800__CAM_FRONT__1538033643762460.jpg", "samples/CAM_FRONT_RIGHT/n015-2018-09-27-15-33-17+0800__CAM_FRONT_RIGHT__1538033643770339.jpg", "samples/CAM_BACK_LEFT/n015-2018-09-27-15-33-17+0800__CAM_BACK_LEFT__1538033643797423.jpg", "samples/CAM_BACK/n015-2018-09-27-15-33-17+0800__CAM_BACK__1538033643787525.jpg", "samples/CAM_BACK_RIGHT/n015-2018-09-27-15-33-17+0800__CAM_BACK_RIGHT__1538033643777893.jpg"], "intrinsics": [[[1272.5979470598488, 0.0, 826.6154927353808], [0.0, 1272.5979470598488, 479.75165386361925], [0.0, 0.0, 1.0]], [[1266.417203046554, 0.0, 816.2670197447984], [0.0, 1266.417203046554, 491.50706579294757], [0.0, 0.0, 1.0]], [[1260.8474446004698, 0.0, 807.968244525554], [0.0, 1260.8474446004698, 495.3344268742088], [0.0, 0.0, 1.0]], [[1256.7414812095406, 0.0, 792.1125740759628], [0.0, 1256.7414812095406, 492.7757465151356], [0.0, 0.0, 1.0]], [[809.2209905677063, 0.0, 829.2196003259838], [0.0, 809.2209905677063, 481.77842384512485], [0.0, 0.0, 1.0]], [[1259.5137405846733, 0.0, 807.2529053838625], [0.0, 1259.5137405846733, 501.19579884916527], [0.0, 0.0, 1.0]]], "extrinsics": [[[0.8206332325935364, -0.5711577534675598, 0.01843826100230217, -0.965087890625], [0.015144911594688892, -0.010516727343201637, -0.9998300075531006, 1.5082473754882812], [0.5712544918060303, 0.8207729458808899, 1.9757222617045045e-05, -1.28033447265625], [0.0, 0.0, 0.0, 1.0]], [[0.005569448694586754, -0.9998775124549866, 0.014629008248448372, 0.005126953125], [0.009849774651229382, -0.014573673717677593, -0.9998453259468079, 1.520538330078125], [0.999936044216156, 0.005712747573852539, 0.009767400100827217, -1.6922607421875], [0.0, 0.0, 0.0, 1.0]], [[-0.8327450156211853, -0.5534706711769104, -0.01435664389282465, 1.0322113037109375], [0.015479587949812412, 0.0026457137428224087, -0.9998766779899597, 1.503645896911621], [0.5534403920173645, -0.8328644633293152, 0.006364293396472931, -1.248779296875], [0.0, 0.0, 0.0, 1.0]], [[0.9476180672645569, 0.319094717502594, 0.014087474904954433, -1.14208984375], [0.024180715903639793, -0.027691246941685677, -0.9993239641189575, 1.5885543823242188], [-0.3184889853000641, 0.9473181366920471, -0.03395666554570198, -0.1036376953125], [0.0, 0.0, 0.0, 1.0]], [[0.002581982174888253, 0.9998403191566467, -0.01768304780125618, 0.0028076171875], [-0.0012391831260174513, -0.017679892480373383, -0.9998429417610168, 1.579355239868164], [-0.9999958872795105, 0.0026034715119749308, 0.0011933364439755678, 0.0018310546875], [0.0, 0.0, 0.0, 1.0]], [[-0.9344604015350342, 0.3547869324684143, -0.030164480209350586, 1.13623046875], [0.031370434910058975, -0.002353864489123225, -0.9995050430297852, 1.5514450073242188], [-0.3546823263168335, -0.9349442720413208, -0.008930224925279617, -0.063720703125], [0.0, 0.0, 0.0, 1.0]]], "view": [[0.0, -2.0, 100.0], [-2.0, 0.0, 100.0], [0.0, 0.0, 1.0]], "bev": "bev_dade5534398c4b2f91cc3593afae14fc.png", "aux": "aux_dade5534398c4b2f91cc3593afae14fc.npz", "visibility": "visibility_dade5534398c4b2f91cc3593afae14fc.png", "pose": [[-0.6938398480415344, -0.7201293706893921, 0.0, 600.8364868164062], [0.7201293706893921, -0.6938398480415344, 0.0, 1995.43505859375], [0.0, 0.0, 1.0, 0.0], [0.0, 0.0, 0.0, 1.0]], "pose_inverse": [[-0.6938398480415344, 0.7201293706893921, 0.0, -1020.0870361328125], [-0.7201293706893921, -0.6938398480415344, 0.0, 1817.1923828125], [0.0, 0.0, 1.0, 0.0], [0.0, 0.0, 0.0, 1.0]], "cam_ids": [0, 1, 2, 3, 4, 5], "cam_channels": ["CAM_FRONT_LEFT", "CAM_FRONT", "CAM_FRONT_RIGHT", "CAM_BACK_LEFT", "CAM_BACK", "CAM_BACK_RIGHT"], "token": "dade5534398c4b2f91cc3593afae14fc", "scene": "scene-0400"}, {"images": ["samples/CAM_FRONT_LEFT/n015-2018-09-27-15-33-17+0800__CAM_FRONT_LEFT__1538033644254844.jpg", "samples/CAM_FRONT/n015-2018-09-27-15-33-17+0800__CAM_FRONT__1538033644262460.jpg", "samples/CAM_FRONT_RIGHT/n015-2018-09-27-15-33-17+0800__CAM_FRONT_RIGHT__1538033644270339.jpg", "samples/CAM_BACK_LEFT/n015-2018-09-27-15-33-17+0800__CAM_BACK_LEFT__1538033644297423.jpg", "samples/CAM_BACK/n015-2018-09-27-15-33-17+0800__CAM_BACK__1538033644287525.jpg", "samples/CAM_BACK_RIGHT/n015-2018-09-27-15-33-17+0800__CAM_BACK_RIGHT__1538033644277893.jpg"], "intrinsics": [[[1272.5979470598488, 0.0, 826.6154927353808], [0.0, 1272.5979470598488, 479.75165386361925], [0.0, 0.0, 1.0]], [[1266.417203046554, 0.0, 816.2670197447984], [0.0, 1266.417203046554, 491.50706579294757], [0.0, 0.0, 1.0]], [[1260.8474446004698, 0.0, 807.968244525554], [0.0, 1260.8474446004698, 495.3344268742088], [0.0, 0.0, 1.0]], [[1256.7414812095406, 0.0, 792.1125740759628], [0.0, 1256.7414812095406, 492.7757465151356], [0.0, 0.0, 1.0]], [[809.2209905677063, 0.0, 829.2196003259838], [0.0, 809.2209905677063, 481.77842384512485], [0.0, 0.0, 1.0]], [[1259.5137405846733, 0.0, 807.2529053838625], [0.0, 1259.5137405846733, 501.19579884916527], [0.0, 0.0, 1.0]]], "extrinsics": [[[0.8206280469894409, -0.5711655616760254, 0.01842186413705349, -0.965087890625], [0.01510374341160059, -0.010547172278165817, -0.9998303055763245, 1.5082473754882812], [0.5712629556655884, 0.8207669854164124, -2.856689206964802e-05, -1.28009033203125], [0.0, 0.0, 0.0, 1.0]], [[0.005559082608669996, -0.9998772740364075, 0.014648686163127422, 0.005126953125], [0.009814283810555935, -0.014593652449548244, -0.9998453855514526, 1.5205307006835938], [0.9999362826347351, 0.005701962858438492, 0.009731952100992203, -1.6922607421875], [0.0, 0.0, 0.0, 1.0]], [[-0.8327511548995972, -0.5534622073173523, -0.014319159090518951, 1.0323333740234375], [0.015446445904672146, 0.002627742011100054, -0.9998772144317627, 1.5036439895629883], [0.5534319281578064, -0.8328701257705688, 0.0063607716001570225, -1.248779296875], [0.0, 0.0, 0.0, 1.0]], [[0.9476204514503479, 0.3190910220146179, 0.014013111591339111, -1.14208984375], [0.02410873956978321, -0.02771082893013954, -0.9993252158164978, 1.58856201171875], [-0.3184874653816223, 0.9473188519477844, -0.03395223245024681, -0.1038818359375], [0.0, 0.0, 0.0, 1.0]], [[0.002585397334769368, 0.999839723110199, -0.01771189458668232, 0.0029296875], [-0.001298069953918457, -0.017708582803606987, -0.9998424053192139, 1.579355239868164], [-0.9999958276748657, 0.0026079779490828514, 0.001252078334800899, 0.0018310546875], [0.0, 0.0, 0.0, 1.0]], [[-0.93445885181427, 0.3547934591770172, -0.030137361958622932, 1.13623046875], [0.03133207932114601, -0.0023786912206560373, -0.9995061755180359, 1.5514564514160156], [-0.3546900153160095, -0.9349417090415955, -0.008893629536032677, -0.0635986328125], [0.0, 0.0, 0.0, 1.0]]], "view": [[0.0, -2.0, 100.0], [-2.0, 0.0, 100.0], [0.0, 0.0, 1.0]], "bev": "bev_c3d0287771d1446198db16dbc86aeaf5.png", "aux": "aux_c3d0287771d1446198db16dbc86aeaf5.npz", "visibility": "visibility_c3d0287771d1446198db16dbc86aeaf5.png", "pose": [[-0.6939246654510498, -0.7200475931167603, 0.0, 600.8363647460938], [0.7200475931167603, -0.6939246654510498, 0.0, 1995.435302734375], [0.0, 0.0, 1.0, 0.0], [0.0, 0.0, 0.0, 1.0]], "pose_inverse": [[-0.6939246654510498, 0.7200475931167603, 0.0, -1019.8732299804688], [-0.7200475931167603, -0.6939246654510498, 0.0, 1817.3126220703125], [0.0, 0.0, 1.0, 0.0], [0.0, 0.0, 0.0, 1.0]], "cam_ids": [0, 1, 2, 3, 4, 5], "cam_channels": ["CAM_FRONT_LEFT", "CAM_FRONT", "CAM_FRONT_RIGHT", "CAM_BACK_LEFT", "CAM_BACK", "CAM_BACK_RIGHT"], "token": "c3d0287771d1446198db16dbc86aeaf5", "scene": "scene-0400"}, {"images": ["samples/CAM_FRONT_LEFT/n015-2018-09-27-15-33-17+0800__CAM_FRONT_LEFT__1538033644754844.jpg", "samples/CAM_FRONT/n015-2018-09-27-15-33-17+0800__CAM_FRONT__1538033644762460.jpg", "samples/CAM_FRONT_RIGHT/n015-2018-09-27-15-33-17+0800__CAM_FRONT_RIGHT__1538033644770339.jpg", "samples/CAM_BACK_LEFT/n015-2018-09-27-15-33-17+0800__CAM_BACK_LEFT__1538033644797423.jpg", "samples/CAM_BACK/n015-2018-09-27-15-33-17+0800__CAM_BACK__1538033644787525.jpg", "samples/CAM_BACK_RIGHT/n015-2018-09-27-15-33-17+0800__CAM_BACK_RIGHT__1538033644777897.jpg"], "intrinsics": [[[1272.5979470598488, 0.0, 826.6154927353808], [0.0, 1272.5979470598488, 479.75165386361925], [0.0, 0.0, 1.0]], [[1266.417203046554, 0.0, 816.2670197447984], [0.0, 1266.417203046554, 491.50706579294757], [0.0, 0.0, 1.0]], [[1260.8474446004698, 0.0, 807.968244525554], [0.0, 1260.8474446004698, 495.3344268742088], [0.0, 0.0, 1.0]], [[1256.7414812095406, 0.0, 792.1125740759628], [0.0, 1256.7414812095406, 492.7757465151356], [0.0, 0.0, 1.0]], [[809.2209905677063, 0.0, 829.2196003259838], [0.0, 809.2209905677063, 481.77842384512485], [0.0, 0.0, 1.0]], [[1259.5137405846733, 0.0, 807.2529053838625], [0.0, 1259.5137405846733, 501.19579884916527], [0.0, 0.0, 1.0]]], "extrinsics": [[[0.820648193359375, -0.5711385607719421, 0.018364720046520233, -0.96484375], [0.015041007660329342, -0.010537279769778252, -0.9998313188552856, 1.5082511901855469], [0.571235716342926, 0.8207859396934509, -5.690185207640752e-05, -1.2802734375], [0.0, 0.0, 0.0, 1.0]], [[0.0055903485044837, -0.9998769164085388, 0.014652340672910213, 0.0048828125], [0.009744464419782162, -0.014597403816878796, -0.9998459815979004, 1.5205307006835938], [0.9999368786811829, 0.005732297897338867, 0.009661659598350525, -1.69219970703125], [0.0, 0.0, 0.0, 1.0]], [[-0.832737922668457, -0.553483784198761, -0.014250840060412884, 1.0322723388671875], [0.015372074209153652, 0.0026165111921727657, -0.9998784065246582, 1.5036449432373047], [0.5534537434577942, -0.832855761051178, 0.006329327821731567, -1.2490234375], [0.0, 0.0, 0.0, 1.0]], [[0.9476218819618225, 0.31908905506134033, 0.013963010162115097, -1.142242431640625], [0.02406040020287037, -0.027724439278244972, -0.9993259906768799, 1.5885543823242188], [-0.3184868097305298, 0.9473190903663635, -0.03394969552755356, -0.1036376953125], [0.0, 0.0, 0.0, 1.0]], [[0.00257624383084476, 0.9998396635055542, -0.017722520977258682, 0.0029296875], [-0.0013647282030433416, -0.017719047144055367, -0.99984210729599, 1.5793571472167969], [-0.9999957084655762, 0.002599971601739526, 0.0013188626617193222, 0.0018310546875], [0.0, 0.0, 0.0, 1.0]], [[-0.9344673752784729, 0.3547763526439667, -0.03007393144071102, 1.13623046875], [0.031260132789611816, -0.0023890251759439707, -0.9995084404945374, 1.5514411926269531], [-0.3546738624572754, -0.934948205947876, -0.008857890032231808, -0.0635986328125], [0.0, 0.0, 0.0, 1.0]]], "view": [[0.0, -2.0, 100.0], [-2.0, 0.0, 100.0], [0.0, 0.0, 1.0]], "bev": "bev_160355669c9c4ac8bc465ec774519a27.png", "aux": "aux_160355669c9c4ac8bc465ec774519a27.npz", "visibility": "visibility_160355669c9c4ac8bc465ec774519a27.png", "pose": [[-0.6939911246299744, -0.7199835181236267, 0.0, 600.8363037109375], [0.7199835181236267, -0.6939911246299744, 0.0, 1995.4354248046875], [0.0, 0.0, 1.0, 0.0], [0.0, 0.0, 0.0, 1.0]], "pose_inverse": [[-0.6939911246299744, 0.7199835181236267, 0.0, -1019.70556640625], [-0.7199835181236267, -0.6939911246299744, 0.0, 1817.40673828125], [0.0, 0.0, 1.0, 0.0], [0.0, 0.0, 0.0, 1.0]], "cam_ids": [0, 1, 2, 3, 4, 5], "cam_channels": ["CAM_FRONT_LEFT", "CAM_FRONT", "CAM_FRONT_RIGHT", "CAM_BACK_LEFT", "CAM_BACK", "CAM_BACK_RIGHT"], "token": "160355669c9c4ac8bc465ec774519a27", "scene": "scene-0400"}, {"images": ["samples/CAM_FRONT_LEFT/n015-2018-09-27-15-33-17+0800__CAM_FRONT_LEFT__1538033645254844.jpg", "samples/CAM_FRONT/n015-2018-09-27-15-33-17+0800__CAM_FRONT__1538033645262460.jpg", "samples/CAM_FRONT_RIGHT/n015-2018-09-27-15-33-17+0800__CAM_FRONT_RIGHT__1538033645270339.jpg", "samples/CAM_BACK_LEFT/n015-2018-09-27-15-33-17+0800__CAM_BACK_LEFT__1538033645297423.jpg", "samples/CAM_BACK/n015-2018-09-27-15-33-17+0800__CAM_BACK__1538033645287525.jpg", "samples/CAM_BACK_RIGHT/n015-2018-09-27-15-33-17+0800__CAM_BACK_RIGHT__1538033645277893.jpg"], "intrinsics": [[[1272.5979470598488, 0.0, 826.6154927353808], [0.0, 1272.5979470598488, 479.75165386361925], [0.0, 0.0, 1.0]], [[1266.417203046554, 0.0, 816.2670197447984], [0.0, 1266.417203046554, 491.50706579294757], [0.0, 0.0, 1.0]], [[1260.8474446004698, 0.0, 807.968244525554], [0.0, 1260.8474446004698, 495.3344268742088], [0.0, 0.0, 1.0]], [[1256.7414812095406, 0.0, 792.1125740759628], [0.0, 1256.7414812095406, 492.7757465151356], [0.0, 0.0, 1.0]], [[809.2209905677063, 0.0, 829.2196003259838], [0.0, 809.2209905677063, 481.77842384512485], [0.0, 0.0, 1.0]], [[1259.5137405846733, 0.0, 807.2529053838625], [0.0, 1259.5137405846733, 501.19579884916527], [0.0, 0.0, 1.0]]], "extrinsics": [[[0.8206252455711365, -0.5711717009544373, 0.01836036890745163, -0.9649658203125], [0.015054586343467236, -0.010510146617889404, -0.9998314380645752, 1.5082473754882812], [0.5712683796882629, 0.8207632899284363, -2.613726792333182e-05, -1.28009033203125], [0.0, 0.0, 0.0, 1.0]], [[0.005557300057262182, -0.9998776316642761, 0.014619739726185799, 0.0048828125], [0.00976195465773344, -0.014565023593604565, -0.9998462796211243, 1.5205345153808594], [0.9999368786811829, 0.005699143745005131, 0.009679818525910378, -1.69219970703125], [0.0, 0.0, 0.0, 1.0]], [[-0.8327518105506897, -0.5534620881080627, -0.014284893870353699, 1.0322723388671875], [0.015389334410429, 0.002651769435033202, -0.9998780488967896, 1.5036430358886719], [0.5534324645996094, -0.8328700661659241, 0.0063091483898460865, -1.248779296875], [0.0, 0.0, 0.0, 1.0]], [[0.9476222395896912, 0.31908711791038513, 0.013978463597595692, -1.14208984375], [0.024066708981990814, -0.027694936841726303, -0.9993266463279724, 1.5885543823242188], [-0.31848520040512085, 0.9473206400871277, -0.033923715353012085, -0.1038818359375], [0.0, 0.0, 0.0, 1.0]], [[0.002585552865639329, 0.9998401999473572, -0.01768864504992962, 0.0029296875], [-0.0013511269353330135, -0.017685195431113243, -0.9998427033424377, 1.5793571472167969], [-0.999995768070221, 0.002608972368761897, 0.001305185491219163, 0.0018310546875], [0.0, 0.0, 0.0, 1.0]], [[-0.9344605207443237, 0.3547945022583008, -0.030072243884205818, 1.13623046875], [0.031271692365407944, -0.002354293130338192, -0.9995081424713135, 1.5514488220214844], [-0.354690819978714, -0.9349414110183716, -0.008895033039152622, -0.0635986328125], [0.0, 0.0, 0.0, 1.0]]], "view": [[0.0, -2.0, 100.0], [-2.0, 0.0, 100.0], [0.0, 0.0, 1.0]], "bev": "bev_ff3a1f35ce244a60a1631fcb8975f443.png", "aux": "aux_ff3a1f35ce244a60a1631fcb8975f443.npz", "visibility": "visibility_ff3a1f35ce244a60a1631fcb8975f443.png", "pose": [[-0.6939920783042908, -0.7199826240539551, 0.0, 600.8363647460938], [0.7199826240539551, -0.6939920783042908, 0.0, 1995.4354248046875], [0.0, 0.0, 1.0, 0.0], [0.0, 0.0, 0.0, 1.0]], "pose_inverse": [[-0.6939920783042908, 0.7199826240539551, 0.0, -1019.703125], [-0.7199826240539551, -0.6939920783042908, 0.0, 1817.408203125], [0.0, 0.0, 1.0, 0.0], [0.0, 0.0, 0.0, 1.0]], "cam_ids": [0, 1, 2, 3, 4, 5], "cam_channels": ["CAM_FRONT_LEFT", "CAM_FRONT", "CAM_FRONT_RIGHT", "CAM_BACK_LEFT", "CAM_BACK", "CAM_BACK_RIGHT"], "token": "ff3a1f35ce244a60a1631fcb8975f443", "scene": "scene-0400"}, {"images": ["samples/CAM_FRONT_LEFT/n015-2018-09-27-15-33-17+0800__CAM_FRONT_LEFT__1538033645754844.jpg", "samples/CAM_FRONT/n015-2018-09-27-15-33-17+0800__CAM_FRONT__1538033645762460.jpg", "samples/CAM_FRONT_RIGHT/n015-2018-09-27-15-33-17+0800__CAM_FRONT_RIGHT__1538033645770339.jpg", "samples/CAM_BACK_LEFT/n015-2018-09-27-15-33-17+0800__CAM_BACK_LEFT__1538033645797423.jpg", "samples/CAM_BACK/n015-2018-09-27-15-33-17+0800__CAM_BACK__1538033645787525.jpg", "samples/CAM_BACK_RIGHT/n015-2018-09-27-15-33-17+0800__CAM_BACK_RIGHT__1538033645777893.jpg"], "intrinsics": [[[1272.5979470598488, 0.0, 826.6154927353808], [0.0, 1272.5979470598488, 479.75165386361925], [0.0, 0.0, 1.0]], [[1266.417203046554, 0.0, 816.2670197447984], [0.0, 1266.417203046554, 491.50706579294757], [0.0, 0.0, 1.0]], [[1260.8474446004698, 0.0, 807.968244525554], [0.0, 1260.8474446004698, 495.3344268742088], [0.0, 0.0, 1.0]], [[1256.7414812095406, 0.0, 792.1125740759628], [0.0, 1256.7414812095406, 492.7757465151356], [0.0, 0.0, 1.0]], [[809.2209905677063, 0.0, 829.2196003259838], [0.0, 809.2209905677063, 481.77842384512485], [0.0, 0.0, 1.0]], [[1259.5137405846733, 0.0, 807.2529053838625], [0.0, 1259.5137405846733, 501.19579884916527], [0.0, 0.0, 1.0]]], "extrinsics": [[[0.8206202387809753, -0.5711790323257446, 0.018354609608650208, -0.9649658203125], [0.015035939402878284, -0.01052685547620058, -0.9998315572738647, 1.5082473754882812], [0.571276068687439, 0.8207579851150513, -5.0337072025286034e-05, -1.28021240234375], [0.0, 0.0, 0.0, 1.0]], [[0.005549288354814053, -0.9998774528503418, 0.014638973399996758, 0.0050048828125], [0.009740255773067474, -0.014584459364414215, -0.9998462200164795, 1.5205345153808594], [0.9999371767044067, 0.005690914578735828, 0.009658128954470158, -1.6922607421875], [0.0, 0.0, 0.0, 1.0]], [[-0.8327562212944031, -0.5534564852714539, -0.014252587221562862, 1.0322113037109375], [0.015362572856247425, 0.002633593510836363, -0.999878466129303, 1.5036439895629883], [0.5534268021583557, -0.8328739404678345, 0.0063093737699091434, -1.248779296875], [0.0, 0.0, 0.0, 1.0]], [[0.947622537612915, 0.319088876247406, 0.013916653580963612, -1.1422119140625], [0.024006646126508713, -0.027709968388080597, -0.9993276596069336, 1.5885543823242188], [-0.318488746881485, 0.9473196268081665, -0.0339188426733017, -0.1038818359375], [0.0, 0.0, 0.0, 1.0]], [[0.0025862455368041992, 0.9998399019241333, -0.017703872174024582, 0.0028076171875], [-0.0014056471409276128, -0.017700279131531715, -0.9998423457145691, 1.5793590545654297], [-0.9999957084655762, 0.002610709983855486, 0.0013596443459391594, 0.001708984375], [0.0, 0.0, 0.0, 1.0]], [[-0.9344599843025208, 0.35479846596717834, -0.03004581853747368, 1.135986328125], [0.03123769350349903, -0.002369518158957362, -0.9995092153549194, 1.5514450073242188], [-0.35469546914100647, -0.9349398612976074, -0.008868865668773651, -0.0635986328125], [0.0, 0.0, 0.0, 1.0]]], "view": [[0.0, -2.0, 100.0], [-2.0, 0.0, 100.0], [0.0, 0.0, 1.0]], "bev": "bev_76ee96fdc2774ace99a53e0de12289e3.png", "aux": "aux_76ee96fdc2774ace99a53e0de12289e3.npz", "visibility": "visibility_76ee96fdc2774ace99a53e0de12289e3.png", "pose": [[-0.6940078139305115, -0.7199674844741821, 0.0, 600.8363647460938], [0.7199674844741821, -0.6940078139305115, 0.0, 1995.4354248046875], [0.0, 0.0, 1.0, 0.0], [0.0, 0.0, 0.0, 1.0]], "pose_inverse": [[-0.6940078139305115, 0.7199674844741821, 0.0, -1019.6634521484375], [-0.7199674844741821, -0.6940078139305115, 0.0, 1817.430419921875], [0.0, 0.0, 1.0, 0.0], [0.0, 0.0, 0.0, 1.0]], "cam_ids": [0, 1, 2, 3, 4, 5], "cam_channels": ["CAM_FRONT_LEFT", "CAM_FRONT", "CAM_FRONT_RIGHT", "CAM_BACK_LEFT", "CAM_BACK", "CAM_BACK_RIGHT"], "token": "76ee96fdc2774ace99a53e0de12289e3", "scene": "scene-0400"}, {"images": ["samples/CAM_FRONT_LEFT/n015-2018-09-27-15-33-17+0800__CAM_FRONT_LEFT__1538033646254844.jpg", "samples/CAM_FRONT/n015-2018-09-27-15-33-17+0800__CAM_FRONT__1538033646262460.jpg", "samples/CAM_FRONT_RIGHT/n015-2018-09-27-15-33-17+0800__CAM_FRONT_RIGHT__1538033646270339.jpg", "samples/CAM_BACK_LEFT/n015-2018-09-27-15-33-17+0800__CAM_BACK_LEFT__1538033646297423.jpg", "samples/CAM_BACK/n015-2018-09-27-15-33-17+0800__CAM_BACK__1538033646287525.jpg", "samples/CAM_BACK_RIGHT/n015-2018-09-27-15-33-17+0800__CAM_BACK_RIGHT__1538033646277893.jpg"], "intrinsics": [[[1272.5979470598488, 0.0, 826.6154927353808], [0.0, 1272.5979470598488, 479.75165386361925], [0.0, 0.0, 1.0]], [[1266.417203046554, 0.0, 816.2670197447984], [0.0, 1266.417203046554, 491.50706579294757], [0.0, 0.0, 1.0]], [[1260.8474446004698, 0.0, 807.968244525554], [0.0, 1260.8474446004698, 495.3344268742088], [0.0, 0.0, 1.0]], [[1256.7414812095406, 0.0, 792.1125740759628], [0.0, 1256.7414812095406, 492.7757465151356], [0.0, 0.0, 1.0]], [[809.2209905677063, 0.0, 829.2196003259838], [0.0, 809.2209905677063, 481.77842384512485], [0.0, 0.0, 1.0]], [[1259.5137405846733, 0.0, 807.2529053838625], [0.0, 1259.5137405846733, 501.19579884916527], [0.0, 0.0, 1.0]]], "extrinsics": [[[0.8206376433372498, -0.5711531639099121, 0.018380865454673767, -0.9649658203125], [0.01504710502922535, -0.01055677980184555, -0.9998310208320618, 1.5082473754882812], [0.5712506771087646, 0.8207756280899048, -6.90914093866013e-05, -1.28021240234375], [0.0, 0.0, 0.0, 1.0]], [[0.00557559821754694, -0.999876856803894, 0.014663243666291237, 0.005126953125], [0.0097588412463665, -0.014608367346227169, -0.9998457431793213, 1.5205307006835938], [0.9999368190765381, 0.0057178279384970665, 0.009676189161837101, -1.6922607421875], [0.0, 0.0, 0.0, 1.0]], [[-0.8327439427375793, -0.5534746050834656, -0.014263022691011429, 1.0323944091796875], [0.015391687862575054, 0.0026088824961334467, -0.9998781085014343, 1.503641128540039], [0.5534443259239197, -0.8328619599342346, 0.0063463784754276276, -1.24853515625], [0.0, 0.0, 0.0, 1.0]], [[0.9476221799850464, 0.31908857822418213, 0.013952071778476238, -1.1422119140625], [0.024055728688836098, -0.027744904160499573, -0.9993255138397217, 1.5885543823242188], [-0.31848621368408203, 0.9473186731338501, -0.03396759554743767, -0.1036376953125], [0.0, 0.0, 0.0, 1.0]], [[0.002580332802608609, 0.9998392462730408, -0.017744630575180054, 0.0028076171875], [-0.0013517166953533888, -0.017741186544299126, -0.9998416900634766, 1.5793590545654297], [-0.999995768070221, 0.002603954868391156, 0.001305720186792314, 0.001708984375], [0.0, 0.0, 0.0, 1.0]], [[-0.9344639182090759, 0.35478347539901733, -0.030094953253865242, 1.1363525390625], [0.0312781035900116, -0.0024011291097849607, -0.9995078444480896, 1.5514488220214844], [-0.3546811640262604, -0.9349454641342163, -0.00885318685323, -0.0634765625], [0.0, 0.0, 0.0, 1.0]]], "view": [[0.0, -2.0, 100.0], [-2.0, 0.0, 100.0], [0.0, 0.0, 1.0]], "bev": "bev_ff5dcd08a20c4ea194b848b7f75bb889.png", "aux": "aux_ff5dcd08a20c4ea194b848b7f75bb889.npz", "visibility": "visibility_ff5dcd08a20c4ea194b848b7f75bb889.png", "pose": [[-0.694014310836792, -0.7199611663818359, 0.0, 600.8363037109375], [0.7199611663818359, -0.694014310836792, 0.0, 1995.4354248046875], [0.0, 0.0, 1.0, 0.0], [0.0, 0.0, 0.0, 1.0]], "pose_inverse": [[-0.694014310836792, 0.7199611663818359, 0.0, -1019.6470947265625], [-0.7199611663818359, -0.694014310836792, 0.0, 1817.4395751953125], [0.0, 0.0, 1.0, 0.0], [0.0, 0.0, 0.0, 1.0]], "cam_ids": [0, 1, 2, 3, 4, 5], "cam_channels": ["CAM_FRONT_LEFT", "CAM_FRONT", "CAM_FRONT_RIGHT", "CAM_BACK_LEFT", "CAM_BACK", "CAM_BACK_RIGHT"], "token": "ff5dcd08a20c4ea194b848b7f75bb889", "scene": "scene-0400"}, {"images": ["samples/CAM_FRONT_LEFT/n015-2018-09-27-15-33-17+0800__CAM_FRONT_LEFT__1538033646754844.jpg", "samples/CAM_FRONT/n015-2018-09-27-15-33-17+0800__CAM_FRONT__1538033646762460.jpg", "samples/CAM_FRONT_RIGHT/n015-2018-09-27-15-33-17+0800__CAM_FRONT_RIGHT__1538033646770339.jpg", "samples/CAM_BACK_LEFT/n015-2018-09-27-15-33-17+0800__CAM_BACK_LEFT__1538033646797423.jpg", "samples/CAM_BACK/n015-2018-09-27-15-33-17+0800__CAM_BACK__1538033646787525.jpg", "samples/CAM_BACK_RIGHT/n015-2018-09-27-15-33-17+0800__CAM_BACK_RIGHT__1538033646777893.jpg"], "intrinsics": [[[1272.5979470598488, 0.0, 826.6154927353808], [0.0, 1272.5979470598488, 479.75165386361925], [0.0, 0.0, 1.0]], [[1266.417203046554, 0.0, 816.2670197447984], [0.0, 1266.417203046554, 491.50706579294757], [0.0, 0.0, 1.0]], [[1260.8474446004698, 0.0, 807.968244525554], [0.0, 1260.8474446004698, 495.3344268742088], [0.0, 0.0, 1.0]], [[1256.7414812095406, 0.0, 792.1125740759628], [0.0, 1256.7414812095406, 492.7757465151356], [0.0, 0.0, 1.0]], [[809.2209905677063, 0.0, 829.2196003259838], [0.0, 809.2209905677063, 481.77842384512485], [0.0, 0.0, 1.0]], [[1259.5137405846733, 0.0, 807.2529053838625], [0.0, 1259.5137405846733, 501.19579884916527], [0.0, 0.0, 1.0]]], "extrinsics": [[[0.8206461668014526, -0.5711450576782227, 0.018251249566674232, -0.9649658203125], [0.014990056864917278, -0.01041184738278389, -0.9998334050178528, 1.5082511901855469], [0.5712399482727051, 0.8207830190658569, 1.7054780983016826e-05, -1.2801513671875], [0.0, 0.0, 0.0, 1.0]], [[0.005587885156273842, -0.9998787641525269, 0.014528400264680386, 0.0050048828125], [0.009687735699117184, -0.014473816379904747, -0.9998483657836914, 1.5205345153808594], [0.9999374151229858, 0.0057277497835457325, 0.009605683386325836, -1.69232177734375], [0.0, 0.0, 0.0, 1.0]], [[-0.8327398300170898, -0.5534806251525879, -0.014265303499996662, 1.0322723388671875], [0.015307147055864334, 0.0027403084095567465, -0.9998790621757507, 1.5036487579345703], [0.5534528493881226, -0.8328574895858765, 0.006190244574099779, -1.24853515625], [0.0, 0.0, 0.0, 1.0]], [[0.947623074054718, 0.31908684968948364, 0.013930118642747402, -1.142242431640625], [0.023991508409380913, -0.027622945606708527, -0.999330461025238, 1.5885467529296875], [-0.31848838925361633, 0.9473227858543396, -0.03383151814341545, -0.1036376953125], [0.0, 0.0, 0.0, 1.0]], [[0.0025747870095074177, 0.999841570854187, -0.017612406983971596, 0.0028076171875], [-0.0014319