[{"images": ["samples/CAM_FRONT_LEFT/n008-2018-08-30-15-16-55-0400__CAM_FRONT_LEFT__1535656815254799.jpg", "samples/CAM_FRONT/n008-2018-08-30-15-16-55-0400__CAM_FRONT__1535656815262404.jpg", "samples/CAM_FRONT_RIGHT/n008-2018-08-30-15-16-55-0400__CAM_FRONT_RIGHT__1535656815270482.jpg", "samples/CAM_BACK_LEFT/n008-2018-08-30-15-16-55-0400__CAM_BACK_LEFT__1535656815297405.jpg", "samples/CAM_BACK/n008-2018-08-30-15-16-55-0400__CAM_BACK__1535656815287558.jpg", "samples/CAM_BACK_RIGHT/n008-2018-08-30-15-16-55-0400__CAM_BACK_RIGHT__1535656815278113.jpg"], "intrinsics": [[[1257.8625342125129, 0.0, 827.2410631095686], [0.0, 1257.8625342125129, 450.915498205774], [0.0, 0.0, 1.0]], [[1252.8131021185304, 0.0, 826.588114781398], [0.0, 1252.8131021185304, 469.9846626224581], [0.0, 0.0, 1.0]], [[1256.7485116440405, 0.0, 817.7887570959712], [0.0, 1256.7485116440403, 451.9541780095127], [0.0, 0.0, 1.0]], [[1254.9860565800168, 0.0, 829.5769333630991], [0.0, 1254.9860565800168, 467.1680561863987], [0.0, 0.0, 1.0]], [[796.8910634503094, 0.0, 857.7774326863696], [0.0, 796.8910634503094, 476.8848988407415], [0.0, 0.0, 1.0]], [[1249.9629280788233, 0.0, 825.3768045375984], [0.0, 1249.9629280788233, 462.54816385708756], [0.0, 0.0, 1.0]]], "extrinsics": [[[0.8225321173667908, -0.5686755776405334, 0.007007717154920101, -1.00494384765625], [0.013369929045438766, 0.007016791496425867, -0.9998859763145447, 1.4882926940917969], [0.5685616135597229, 0.822532057762146, 0.013374686241149902, -1.33349609375], [0.0, 0.0, 0.0, 1.0]], [[0.010305698961019516, -0.9999431371688843, -0.002737065078690648, 0.0054931640625], [0.015313757583498955, 0.0028947177343070507, -0.9998785257339478, 1.4801650047302246], [0.9998296499252319, 0.010262556374073029, 0.015342717990279198, -1.734710693359375], [0.0, 0.0, 0.0, 1.0]], [[-0.843871533870697, -0.5362895727157593, -0.016567541286349297, 1.09075927734375], [0.02331523969769478, -0.0058034127578139305, -0.9997113347053528, 1.4930713176727295], [0.5360385179519653, -0.8440142273902893, 0.01740105263888836, -1.2774658203125], [0.0, 0.0, 0.0, 1.0]], [[0.9478862285614014, 0.3186074197292328, 0.0010286595206707716, -1.1439208984375], [-0.002060978440567851, 0.009360063821077347, -0.999954104423523, 1.562042236328125], [-0.31860244274139404, 0.9478405714035034, 0.009528919123113155, -0.15606689453125], [0.0, 0.0, 0.0, 1.0]], [[0.009175592102110386, 0.9999561905860901, 0.0018364964053034782, -0.02886962890625], [6.30768045084551e-05, 0.0018359941896051168, -0.9999982714653015, 1.568061351776123], [-0.9999579787254333, 0.009175685234367847, -4.622771302820183e-05, 0.0443115234375], [0.0, 0.0, 0.0, 1.0]], [[-0.9236862659454346, 0.3829635977745056, -0.01193504873663187, 1.1605939865112305], [0.004264723975211382, -0.020871629938483238, -0.9997730851173401, 1.5478134155273438], [-0.38312575221061707, -0.9235275983810425, 0.01764560490846634, -0.043701171875], [0.0, 0.0, 0.0, 1.0]]], "view": [[0.0, -2.0, 100.0], [-2.0, 0.0, 100.0], [0.0, 0.0, 1.0]], "bev": "bev_9c5fff2d9baf45edb1318c5c44cc997a.png", "aux": "aux_9c5fff2d9baf45edb1318c5c44cc997a.npz", "visibility": "visibility_9c5fff2d9baf45edb1318c5c44cc997a.png", "pose": [[-0.7692564129829407, -0.6389402151107788, 0.0, 770.0594482421875], [0.6389402151107788, -0.7692564129829407, 0.0, 421.2275085449219], [0.0, 0.0, 1.0, 0.0], [0.0, 0.0, 0.0, 1.0]], "pose_inverse": [[-0.7692564129829407, 0.6389402151107788, 0.0, 323.2339782714844], [-0.6389402151107788, -0.7692564129829407, 0.0, 816.0538940429688], [0.0, 0.0, 1.0, 0.0], [0.0, 0.0, 0.0, 1.0]], "cam_ids": [0, 1, 2, 3, 4, 5], "cam_channels": ["CAM_FRONT_LEFT", "CAM_FRONT", "CAM_FRONT_RIGHT", "CAM_BACK_LEFT", "CAM_BACK", "CAM_BACK_RIGHT"], "token": "9c5fff2d9baf45edb1318c5c44cc997a", "scene": "scene-0747"}, {"images": ["samples/CAM_FRONT_LEFT/n008-2018-08-30-15-16-55-0400__CAM_FRONT_LEFT__1535656815754799.jpg", "samples/CAM_FRONT/n008-2018-08-30-15-16-55-0400__CAM_FRONT__1535656815762404.jpg", "samples/CAM_FRONT_RIGHT/n008-2018-08-30-15-16-55-0400__CAM_FRONT_RIGHT__1535656815770482.jpg", "samples/CAM_BACK_LEFT/n008-2018-08-30-15-16-55-0400__CAM_BACK_LEFT__1535656815797405.jpg", "samples/CAM_BACK/n008-2018-08-30-15-16-55-0400__CAM_BACK__1535656815787558.jpg", "samples/CAM_BACK_RIGHT/n008-2018-08-30-15-16-55-0400__CAM_BACK_RIGHT__1535656815778113.jpg"], "intrinsics": [[[1257.8625342125129, 0.0, 827.2410631095686], [0.0, 1257.8625342125129, 450.915498205774], [0.0, 0.0, 1.0]], [[1252.8131021185304, 0.0, 826.588114781398], [0.0, 1252.8131021185304, 469.9846626224581], [0.0, 0.0, 1.0]], [[1256.7485116440405, 0.0, 817.7887570959712], [0.0, 1256.7485116440403, 451.9541780095127], [0.0, 0.0, 1.0]], [[1254.9860565800168, 0.0, 829.5769333630991], [0.0, 1254.9860565800168, 467.1680561863987], [0.0, 0.0, 1.0]], [[796.8910634503094, 0.0, 857.7774326863696], [0.0, 796.8910634503094, 476.8848988407415], [0.0, 0.0, 1.0]], [[1249.9629280788233, 0.0, 825.3768045375984], [0.0, 1249.9629280788233, 462.54816385708756], [0.0, 0.0, 1.0]]], "extrinsics": [[[0.8225334882736206, -0.5686730146408081, 0.007049607113003731, -1.0049591064453125], [0.013303734362125397, 0.0068474337458610535, -0.9998880624771118, 1.4882936477661133], [0.5685610175132751, 0.8225352168083191, 0.013197717256844044, -1.3333740234375], [0.0, 0.0, 0.0, 1.0]], [[0.01030704565346241, -0.9999435544013977, -0.0025630267336964607, 0.00543212890625], [0.015262407250702381, 0.0027201820630580187, -0.9998798370361328, 1.480165958404541], [0.9998303055763245, 0.010266690514981747, 0.01528958324342966, -1.7347412109375], [0.0, 0.0, 0.0, 1.0]], [[-0.8438715934753418, -0.5362933278083801, -0.016439270228147507, 1.0906982421875], [0.023277144879102707, -0.005982548464089632, -0.9997111558914185, 1.4930720329284668], [0.5360400080680847, -0.8440104722976685, 0.017531881108880043, -1.27752685546875], [0.0, 0.0, 0.0, 1.0]], [[0.9478855133056641, 0.31860989332199097, 0.0009383120341226459, -1.1439208984375], [-0.002099423436447978, 0.009190808981657028, -0.9999555349349976, 1.562042236328125], [-0.31860437989234924, 0.9478413462638855, 0.009380731731653214, -0.1561279296875], [0.0, 0.0, 0.0, 1.0]], [[0.009175404906272888, 0.999956488609314, 0.001666784519329667, -0.02899169921875], [2.1717018171329983e-05, 0.0016666549490764737, -0.9999985694885254, 1.568061351776123], [-0.9999579191207886, 0.009175391867756844, -6.42319037069683e-06, 0.04437255859375], [0.0, 0.0, 0.0, 1.0]], [[-0.9236869812011719, 0.3829609155654907, -0.011961213313043118, 1.1606369018554688], [0.004220339935272932, -0.021047014743089676, -0.9997695684432983, 1.5478134155273438], [-0.38312435150146484, -0.923524796962738, 0.017824631184339523, -0.04364013671875], [0.0, 0.0, 0.0, 1.0]]], "view": [[0.0, -2.0, 100.0], [-2.0, 0.0, 100.0], [0.0, 0.0, 1.0]], "bev": "bev_95631847222c4824898c1a0f931e1cc4.png", "aux": "aux_95631847222c4824898c1a0f931e1cc4.npz", "visibility": "visibility_95631847222c4824898c1a0f931e1cc4.png", "pose": [[-0.7692772150039673, -0.6389151215553284, 0.0, 770.0604248046875], [0.6389151215553284, -0.7692772150039673, 0.0, 421.2286376953125], [0.0, 0.0, 1.0, 0.0], [0.0, 0.0, 0.0, 1.0]], "pose_inverse": [[-0.7692772150039673, 0.6389151215553284, 0.0, 323.2605895996094], [-0.6389151215553284, -0.7692772150039673, 0.0, 816.0448608398438], [0.0, 0.0, 1.0, 0.0], [0.0, 0.0, 0.0, 1.0]], "cam_ids": [0, 1, 2, 3, 4, 5], "cam_channels": ["CAM_FRONT_LEFT", "CAM_FRONT", "CAM_FRONT_RIGHT", "CAM_BACK_LEFT", "CAM_BACK", "CAM_BACK_RIGHT"], "token": "95631847222c4824898c1a0f931e1cc4", "scene": "scene-0747"}, {"images": ["samples/CAM_FRONT_LEFT/n008-2018-08-30-15-16-55-0400__CAM_FRONT_LEFT__1535656816254799.jpg", "samples/CAM_FRONT/n008-2018-08-30-15-16-55-0400__CAM_FRONT__1535656816262404.jpg", "samples/CAM_FRONT_RIGHT/n008-2018-08-30-15-16-55-0400__CAM_FRONT_RIGHT__1535656816270489.jpg", "samples/CAM_BACK_LEFT/n008-2018-08-30-15-16-55-0400__CAM_BACK_LEFT__1535656816297405.jpg", "samples/CAM_BACK/n008-2018-08-30-15-16-55-0400__CAM_BACK__1535656816287558.jpg", "samples/CAM_BACK_RIGHT/n008-2018-08-30-15-16-55-0400__CAM_BACK_RIGHT__1535656816278113.jpg"], "intrinsics": [[[1257.8625342125129, 0.0, 827.2410631095686], [0.0, 1257.8625342125129, 450.915498205774], [0.0, 0.0, 1.0]], [[1252.8131021185304, 0.0, 826.588114781398], [0.0, 1252.8131021185304, 469.9846626224581], [0.0, 0.0, 1.0]], [[1256.7485116440405, 0.0, 817.7887570959712], [0.0, 1256.7485116440403, 451.9541780095127], [0.0, 0.0, 1.0]], [[1254.9860565800168, 0.0, 829.5769333630991], [0.0, 1254.9860565800168, 467.1680561863987], [0.0, 0.0, 1.0]], [[796.8910634503094, 0.0, 857.7774326863696], [0.0, 796.8910634503094, 476.8848988407415], [0.0, 0.0, 1.0]], [[1249.9629280788233, 0.0, 825.3768045375984], [0.0, 1249.9629280788233, 462.54816385708756], [0.0, 0.0, 1.0]]], "extrinsics": [[[0.822533905506134, -0.5686708092689514, 0.0071701547130942345, -1.0049896240234375], [0.01335668284446001, 0.0067120930179953575, -0.9998882412910461, 1.4882936477661133], [0.5685592293739319, 0.8225377798080444, 0.013116479851305485, -1.33343505859375], [0.0, 0.0, 0.0, 1.0]], [[0.010311108082532883, -0.9999438524246216, -0.0024297747295349836, 0.0054931640625], [0.01531020738184452, 0.0025874932762235403, -0.9998794794082642, 1.4801640510559082], [0.9998295307159424, 0.010272633284330368, 0.01533602736890316, -1.73468017578125], [0.0, 0.0, 0.0, 1.0]], [[-0.8438681364059448, -0.5362996459007263, -0.016406891867518425, 1.09063720703125], [0.023323314264416695, -0.006115388590842485, -0.9997092485427856, 1.4930717945098877], [0.5360434055328369, -0.8440055251121521, 0.017668867483735085, -1.2774658203125], [0.0, 0.0, 0.0, 1.0]], [[0.9478862881660461, 0.3186073303222656, 0.0009019043645821512, -1.1439208984375], [-0.002089117420837283, 0.009045964106917381, -0.9999569058418274, 1.5620436668395996], [-0.3186017870903015, 0.9478435516357422, 0.009240154176950455, -0.15606689453125], [0.0, 0.0, 0.0, 1.0]], [[0.009174247272312641, 0.9999567866325378, 0.0015225362731143832, -0.02899169921875], [4.686494139605202e-05, 0.0015221714274957776, -0.9999988079071045, 1.5680608749389648], [-0.9999579191207886, 0.009174305945634842, -3.289922824478708e-05, 0.044342041015625], [0.0, 0.0, 0.0, 1.0]], [[-0.923687756061554, 0.38295626640319824, -0.012055925093591213, 1.1606292724609375], [0.00426448043435812, -0.021187955513596535, -0.9997664093971252, 1.5478124618530273], [-0.38312211632728577, -0.9235233664512634, 0.017937947064638138, -0.043701171875], [0.0, 0.0, 0.0, 1.0]]], "view": [[0.0, -2.0, 100.0], [-2.0, 0.0, 100.0], [0.0, 0.0, 1.0]], "bev": "bev_b1c53184724a499697aeaa43581a3db1.png", "aux": "aux_b1c53184724a499697aeaa43581a3db1.npz", "visibility": "visibility_b1c53184724a499697aeaa43581a3db1.png", "pose": [[-0.7693037986755371, -0.638883113861084, 0.0, 770.0612182617188], [0.638883113861084, -0.7693037986755371, 0.0, 421.2295837402344], [0.0, 0.0, 1.0, 0.0], [0.0, 0.0, 0.0, 1.0]], "pose_inverse": [[-0.7693037986755371, 0.638883113861084, 0.0, 323.2945556640625], [-0.638883113861084, -0.7693037986755371, 0.0, 816.0326538085938], [0.0, 0.0, 1.0, 0.0], [0.0, 0.0, 0.0, 1.0]], "cam_ids": [0, 1, 2, 3, 4, 5], "cam_channels": ["CAM_FRONT_LEFT", "CAM_FRONT", "CAM_FRONT_RIGHT", "CAM_BACK_LEFT", "CAM_BACK", "CAM_BACK_RIGHT"], "token": "b1c53184724a499697aeaa43581a3db1", "scene": "scene-0747"}, {"images": ["samples/CAM_FRONT_LEFT/n008-2018-08-30-15-16-55-0400__CAM_FRONT_LEFT__1535656816754799.jpg", "samples/CAM_FRONT/n008-2018-08-30-15-16-55-0400__CAM_FRONT__1535656816762404.jpg", "samples/CAM_FRONT_RIGHT/n008-2018-08-30-15-16-55-0400__CAM_FRONT_RIGHT__1535656816770482.jpg", "samples/CAM_BACK_LEFT/n008-2018-08-30-15-16-55-0400__CAM_BACK_LEFT__1535656816797405.jpg", "samples/CAM_BACK/n008-2018-08-30-15-16-55-0400__CAM_BACK__1535656816787558.jpg", "samples/CAM_BACK_RIGHT/n008-2018-08-30-15-16-55-0400__CAM_BACK_RIGHT__1535656816778113.jpg"], "intrinsics": [[[1257.8625342125129, 0.0, 827.2410631095686], [0.0, 1257.8625342125129, 450.915498205774], [0.0, 0.0, 1.0]], [[1252.8131021185304, 0.0, 826.588114781398], [0.0, 1252.8131021185304, 469.9846626224581], [0.0, 0.0, 1.0]], [[1256.7485116440405, 0.0, 817.7887570959712], [0.0, 1256.7485116440403, 451.9541780095127], [0.0, 0.0, 1.0]], [[1254.9860565800168, 0.0, 829.5769333630991], [0.0, 1254.9860565800168, 467.1680561863987], [0.0, 0.0, 1.0]], [[796.8910634503094, 0.0, 857.7774326863696], [0.0, 796.8910634503094, 476.8848988407415], [0.0, 0.0, 1.0]], [[1249.9629280788233, 0.0, 825.3768045375984], [0.0, 1249.9629280788233, 462.54816385708756], [0.0, 0.0, 1.0]]], "extrinsics": [[[0.8225390911102295, -0.5686634182929993, 0.007178427651524544, -1.004974365234375], [0.013281627558171749, 0.006589168682694435, -0.9998900294303894, 1.4882936477661133], [0.568553626537323, 0.8225439786911011, 0.01297262217849493, -1.3333740234375], [0.0, 0.0, 0.0, 1.0]], [[0.010312833823263645, -0.9999441504478455, -0.0023058108054101467, 0.00537109375], [0.015235074795782566, 0.0024627912789583206, -0.9998809099197388, 1.4801654815673828], [0.9998307824134827, 0.010276478715240955, 0.015259621664881706, -1.734710693359375], [0.0, 0.0, 0.0, 1.0]], [[-0.8438704609870911, -0.5362998843193054, -0.016285385936498642, 1.0906982421875], [0.02325795590877533, -0.0062391143292188644, -0.9997100234031677, 1.4930710792541504], [0.5360427498817444, -0.8440045118331909, 0.01773824170231819, -1.27752685546875], [0.0, 0.0, 0.0, 1.0]], [[0.9478861689567566, 0.3186081051826477, 0.0008326130919158459, -1.14385986328125], [-0.002122915117070079, 0.008929024450480938, -0.9999578595161438, 1.5620436668395996], [-0.31860217452049255, 0.947844386100769, 0.009140077978372574, -0.156005859375], [0.0, 0.0, 0.0, 1.0]], [[0.009177141822874546, 0.9999569058418274, 0.0014095106162130833, -0.0289306640625], [5.272740395412256e-07, 0.001409565913490951, -0.9999989867210388, 1.5680614709854126], [-0.9999579191207886, 0.00917715486139059, 1.2407524991431274e-05, 0.04437255859375], [0.0, 0.0, 0.0, 1.0]], [[-0.9236876964569092, 0.3829571604728699, -0.012039694003760815, 1.1606769561767578], [0.004198287148028612, -0.021305127069354057, -0.9997642040252686, 1.547811508178711], [-0.3831233084201813, -0.9235203862190247, 0.01807151921093464, -0.04364013671875], [0.0, 0.0, 0.0, 1.0]]], "view": [[0.0, -2.0, 100.0], [-2.0, 0.0, 100.0], [0.0, 0.0, 1.0]], "bev": "bev_34f62eccf25640e5896cce1608d41b62.png", "aux": "aux_34f62eccf25640e5896cce1608d41b62.npz", "visibility": "visibility_34f62eccf25640e5896cce1608d41b62.png", "pose": [[-0.7693255543708801, -0.6388569474220276, 0.0, 770.0618896484375], [0.6388569474220276, -0.7693255543708801, 0.0, 421.2303771972656], [0.0, 0.0, 1.0, 0.0], [0.0, 0.0, 0.0, 1.0]], "pose_inverse": [[-0.7693255543708801, 0.6388569474220276, 0.0, 323.3222961425781], [-0.6388569474220276, -0.7693255543708801, 0.0, 816.022705078125], [0.0, 0.0, 1.0, 0.0], [0.0, 0.0, 0.0, 1.0]], "cam_ids": [0, 1, 2, 3, 4, 5], "cam_channels": ["CAM_FRONT_LEFT", "CAM_FRONT", "CAM_FRONT_RIGHT", "CAM_BACK_LEFT", "CAM_BACK", "CAM_BACK_RIGHT"], "token": "34f62eccf25640e5896cce1608d41b62", "scene": "scene-0747"}, {"images": ["samples/CAM_FRONT_LEFT/n008-2018-08-30-15-16-55-0400__CAM_FRONT_LEFT__1535656817254799.jpg", "samples/CAM_FRONT/n008-2018-08-30-15-16-55-0400__CAM_FRONT__1535656817262404.jpg", "samples/CAM_FRONT_RIGHT/n008-2018-08-30-15-16-55-0400__CAM_FRONT_RIGHT__1535656817270482.jpg", "samples/CAM_BACK_LEFT/n008-2018-08-30-15-16-55-0400__CAM_BACK_LEFT__1535656817297405.jpg", "samples/CAM_BACK/n008-2018-08-30-15-16-55-0400__CAM_BACK__1535656817287558.jpg", "samples/CAM_BACK_RIGHT/n008-2018-08-30-15-16-55-0400__CAM_BACK_RIGHT__1535656817280000.jpg"], "intrinsics": [[[1257.8625342125129, 0.0, 827.2410631095686], [0.0, 1257.8625342125129, 450.915498205774], [0.0, 0.0, 1.0]], [[1252.8131021185304, 0.0, 826.588114781398], [0.0, 1252.8131021185304, 469.9846626224581], [0.0, 0.0, 1.0]], [[1256.7485116440405, 0.0, 817.7887570959712], [0.0, 1256.7485116440403, 451.9541780095127], [0.0, 0.0, 1.0]], [[1254.9860565800168, 0.0, 829.5769333630991], [0.0, 1254.9860565800168, 467.1680561863987], [0.0, 0.0, 1.0]], [[796.8910634503094, 0.0, 857.7774326863696], [0.0, 796.8910634503094, 476.8848988407415], [0.0, 0.0, 1.0]], [[1249.9629280788233, 0.0, 825.3768045375984], [0.0, 1249.9629280788233, 462.54816385708756], [0.0, 0.0, 1.0]]], "extrinsics": [[[0.8225356936454773, -0.5686667561531067, 0.00728319538757205, -1.0050201416015625], [0.013320396654307842, 0.0064609115943312645, -0.9998904466629028, 1.4882936477661133], [0.5685573816299438, 0.8225426077842712, 0.012889198027551174, -1.3333740234375], [0.0, 0.0, 0.0, 1.0]], [[0.010306676849722862, -0.9999445080757141, -0.0021829025354236364, 0.00555419921875], [0.01527482271194458, 0.0023402038495987654, -0.9998806118965149, 1.4801650047302246], [0.9998301863670349, 0.010272202081978321, 0.015298094600439072, -1.734771728515625], [0.0, 0.0, 0.0, 1.0]], [[-0.843873143196106, -0.5362964868545532, -0.016251306980848312, 1.09063720703125], [0.02329355478286743, -0.006358863785862923, -0.9997084140777588, 1.4930729866027832], [0.5360369086265564, -0.8440056443214417, 0.01785832643508911, -1.2774658203125], [0.0, 0.0, 0.0, 1.0]], [[0.9478866457939148, 0.3186068534851074, 0.0008059725514613092, -1.14398193359375], [-0.0021048274356871843, 0.008791642263531685, -0.9999591112136841, 1.5620436668395996], [-0.31860092282295227, 0.9478461742401123, 0.009004092775285244, -0.15606689453125], [0.0, 0.0, 0.0, 1.0]], [[0.009179294109344482, 0.9999570846557617, 0.0012653871672227979, -0.02886962890625], [2.7006146410712972e-05, 0.0012651925208047032, -0.9999991655349731, 1.5680617094039917], [-0.999957799911499, 0.009179284796118736, -1.5392388377222233e-05, 0.044342041015625], [0.0, 0.0, 0.0, 1.0]], [[-0.923685610294342, 0.38295966386795044, -0.01211395114660263, 1.160628318786621], [0.004223028663545847, -0.021439092233777046, -0.9997612237930298, 1.547811508178711], [-0.3831278681755066, -0.9235162138938904, 0.018185732886195183, -0.04364013671875], [0.0, 0.0, 0.0, 1.0]]], "view": [[0.0, -2.0, 100.0], [-2.0, 0.0, 100.0], [0.0, 0.0, 1.0]], "bev": "bev_1d274c0d72b24d9caab3f713816e3360.png", "aux": "aux_1d274c0d72b24d9caab3f713816e3360.npz", "visibility": "visibility_1d274c0d72b24d9caab3f713816e3360.png", "pose": [[-0.7692739963531494, -0.6389189958572388, 0.0, 770.0624389648438], [0.6389189958572388, -0.7692739963531494, 0.0, 421.2310791015625], [0.0, 0.0, 1.0, 0.0], [0.0, 0.0, 0.0, 1.0]], "pose_inverse": [[-0.7692739963531494, 0.6389189958572388, 0.0, 323.2564697265625], [-0.6389189958572388, -0.7692739963531494, 0.0, 816.0496826171875], [0.0, 0.0, 1.0, 0.0], [0.0, 0.0, 0.0, 1.0]], "cam_ids": [0, 1, 2, 3, 4, 5], "cam_channels": ["CAM_FRONT_LEFT", "CAM_FRONT", "CAM_FRONT_RIGHT", "CAM_BACK_LEFT", "CAM_BACK", "CAM_BACK_RIGHT"], "token": "1d274c0d72b24d9caab3f713816e3360", "scene": "scene-0747"}, {"images": ["samples/CAM_FRONT_LEFT/n008-2018-08-30-15-16-55-0400__CAM_FRONT_LEFT__1535656817754799.jpg", "samples/CAM_FRONT/n008-2018-08-30-15-16-55-0400__CAM_FRONT__1535656817762404.jpg", "samples/CAM_FRONT_RIGHT/n008-2018-08-30-15-16-55-0400__CAM_FRONT_RIGHT__1535656817770482.jpg", "samples/CAM_BACK_LEFT/n008-2018-08-30-15-16-55-0400__CAM_BACK_LEFT__1535656817797405.jpg", "samples/CAM_BACK/n008-2018-08-30-15-16-55-0400__CAM_BACK__1535656817787558.jpg", "samples/CAM_BACK_RIGHT/n008-2018-08-30-15-16-55-0400__CAM_BACK_RIGHT__1535656817778113.jpg"], "intrinsics": [[[1257.8625342125129, 0.0, 827.2410631095686], [0.0, 1257.8625342125129, 450.915498205774], [0.0, 0.0, 1.0]], [[1252.8131021185304, 0.0, 826.588114781398], [0.0, 1252.8131021185304, 469.9846626224581], [0.0, 0.0, 1.0]], [[1256.7485116440405, 0.0, 817.7887570959712], [0.0, 1256.7485116440403, 451.9541780095127], [0.0, 0.0, 1.0]], [[1254.9860565800168, 0.0, 829.5769333630991], [0.0, 1254.9860565800168, 467.1680561863987], [0.0, 0.0, 1.0]], [[796.8910634503094, 0.0, 857.7774326863696], [0.0, 796.8910634503094, 476.8848988407415], [0.0, 0.0, 1.0]], [[1249.9629280788233, 0.0, 825.3768045375984], [0.0, 1249.9629280788233, 462.54816385708756], [0.0, 0.0, 1.0]]], "extrinsics": [[[0.8225443959236145, -0.5686540007591248, 0.007312001194804907, -1.005035400390625], [0.01326417364180088, 0.006329261232167482, -0.999891996383667, 1.4882936477661133], [0.5685462355613708, 0.822552502155304, 0.012748821638524532, -1.3333740234375], [0.0, 0.0, 0.0, 1.0]], [[0.010324226692318916, -0.9999446272850037, -0.0020585369784384966, 0.0054931640625], [0.0152315404266119, 0.002215669257566333, -0.9998815655708313, 1.4801640510559082], [0.9998307228088379, 0.010291604325175285, 0.015253571793437004, -1.734710693359375], [0.0, 0.0, 0.0, 1.0]], [[-0.8438639640808105, -0.536313533782959, -0.01616669073700905, 1.090576171875], [0.023263851180672646, -0.006469258107244968, -0.9997084140777588, 1.4930734634399414], [0.5360526442527771, -0.8439940810203552, 0.017935892567038536, -1.2774658203125], [0.0, 0.0, 0.0, 1.0]], [[0.9478856325149536, 0.3186098337173462, 0.0007735076942481101, -1.1439208984375], [-0.002107403241097927, 0.008697327226400375, -0.9999600052833557, 1.5620427131652832], [-0.3186038136482239, 0.9478460550308228, 0.008915512822568417, -0.1561279296875], [0.0, 0.0, 0.0, 1.0]], [[0.00917178113013506, 0.999957263469696, 0.0011717678280547261, -0.0289306640625], [1.359626003250014e-05, 0.0011716923909261823, -0.9999992847442627, 1.5680608749389648], [-0.9999579787254333, 0.009171723388135433, -2.8490428576333215e-06, 0.04437255859375], [0.0, 0.0, 0.0, 1.0]], [[-0.9236908555030823, 0.38294604420661926, -0.012141699902713299, 1.160675048828125], [0.004211773164570332, -0.021539324894547462, -0.9997591376304626, 1.5478096008300781], [-0.3831152617931366, -0.9235195517539978, 0.018282799050211906, -0.04364013671875], [0.0, 0.0, 0.0, 1.0]]], "view": [[0.0, -2.0, 100.0], [-2.0, 0.0, 100.0], [0.0, 0.0, 1.0]], "bev": "bev_baf92359eae34e59bda58f96b9bd4174.png", "aux": "aux_baf92359eae34e59bda58f96b9bd4174.npz", "visibility": "visibility_baf92359eae34e59bda58f96b9bd4174.png", "pose": [[-0.7693127989768982, -0.6388723254203796, 0.0, 770.0629272460938], [0.6388723254203796, -0.7693127989768982, 0.0, 421.2316589355469], [0.0, 0.0, 1.0, 0.0], [0.0, 0.0, 0.0, 1.0]], "pose_inverse": [[-0.7693127989768982, 0.6388723254203796, 0.0, 323.3059997558594], [-0.6388723254203796, -0.7693127989768982, 0.0, 816.03076171875], [0.0, 0.0, 1.0, 0.0], [0.0, 0.0, 0.0, 1.0]], "cam_ids": [0, 1, 2, 3, 4, 5], "cam_channels": ["CAM_FRONT_LEFT", "CAM_FRONT", "CAM_FRONT_RIGHT", "CAM_BACK_LEFT", "CAM_BACK", "CAM_BACK_RIGHT"], "token": "baf92359eae34e59bda58f96b9bd4174", "scene": "scene-0747"}, {"images": ["samples/CAM_FRONT_LEFT/n008-2018-08-30-15-16-55-0400__CAM_FRONT_LEFT__1535656818254799.jpg", "samples/CAM_FRONT/n008-2018-08-30-15-16-55-0400__CAM_FRONT__1535656818262404.jpg", "samples/CAM_FRONT_RIGHT/n008-2018-08-30-15-16-55-0400__CAM_FRONT_RIGHT__1535656818270482.jpg", "samples/CAM_BACK_LEFT/n008-2018-08-30-15-16-55-0400__CAM_BACK_LEFT__1535656818297405.jpg", "samples/CAM_BACK/n008-2018-08-30-15-16-55-0400__CAM_BACK__1535656818287558.jpg", "samples/CAM_BACK_RIGHT/n008-2018-08-30-15-16-55-0400__CAM_BACK_RIGHT__1535656818278113.jpg"], "intrinsics": [[[1257.8625342125129, 0.0, 827.2410631095686], [0.0, 1257.8625342125129, 450.915498205774], [0.0, 0.0, 1.0]], [[1252.8131021185304, 0.0, 826.588114781398], [0.0, 1252.8131021185304, 469.9846626224581], [0.0, 0.0, 1.0]], [[1256.7485116440405, 0.0, 817.7887570959712], [0.0, 1256.7485116440403, 451.9541780095127], [0.0, 0.0, 1.0]], [[1254.9860565800168, 0.0, 829.5769333630991], [0.0, 1254.9860565800168, 467.1680561863987], [0.0, 0.0, 1.0]], [[796.8910634503094, 0.0, 857.7774326863696], [0.0, 796.8910634503094, 476.8848988407415], [0.0, 0.0, 1.0]], [[1249.9629280788233, 0.0, 825.3768045375984], [0.0, 1249.9629280788233, 462.54816385708756], [0.0, 0.0, 1.0]]], "extrinsics": [[[0.8225265741348267, -0.5686793327331543, 0.007335034664720297, -1.0050201416015625], [0.01320554967969656, 0.0062032537534832954, -0.9998935461044312, 1.4882926940917969], [0.5685733556747437, 0.8225359916687012, 0.012612062506377697, -1.3333740234375], [0.0, 0.0, 0.0, 1.0]], [[0.010291467420756817, -0.9999452233314514, -0.0019306890899315476, 0.00543212890625], [0.015170305036008358, 0.0020867022685706615, -0.9998827576637268, 1.4801650047302246], [0.9998319149017334, 0.01026094052940607, 0.015190948732197285, -1.734710693359375], [0.0, 0.0, 0.0, 1.0]], [[-0.843881368637085, -0.5362902283668518, -0.016035499051213264, 1.09063720703125], [0.02319527044892311, -0.006606907118111849, -0.9997091293334961, 1.4930732250213623], [0.536028265953064, -0.8440078496932983, 0.01801484078168869, -1.27740478515625], [0.0, 0.0, 0.0, 1.0]], [[0.9478873014450073, 0.3186054229736328, 0.0006533184205181897, -1.1439208984375], [-0.0021817514207214117, 0.008541434071958065, -0.9999611377716064, 1.5620431900024414], [-0.3185986280441284, 0.9478489756584167, 0.008791434578597546, -0.15606689453125], [0.0, 0.0, 0.0, 1.0]], [[0.00918612815439701, 0.9999573230743408, 0.0010224170982837677, -0.0289306640625], [-5.8940328017342836e-05, 0.001023002085275948, -0.999999463558197, 1.5680608749389648], [-0.9999578595161438, 0.009186003357172012, 6.833472434664145e-05, 0.044342041015625], [0.0, 0.0, 0.0, 1.0]], [[-0.9236828684806824, 0.38296571373939514, -0.012130816467106342, 1.160639762878418], [0.004143071826547384, -0.021675512194633484, -0.9997564554214478, 1.547811508178711], [-0.3831353485584259, -0.9235082864761353, 0.018434643745422363, -0.043701171875], [0.0, 0.0, 0.0, 1.0]]], "view": [[0.0, -2.0, 100.0], [-2.0, 0.0, 100.0], [0.0, 0.0, 1.0]], "bev": "bev_67916268d73745aa918f646bcbd0411b.png", "aux": "aux_67916268d73745aa918f646bcbd0411b.npz", "visibility": "visibility_67916268d73745aa918f646bcbd0411b.png", "pose": [[-0.769301176071167, -0.6388863325119019, 0.0, 770.0633544921875], [0.6388863325119019, -0.769301176071167, 0.0, 421.232177734375], [0.0, 0.0, 1.0, 0.0], [0.0, 0.0, 0.0, 1.0]], "pose_inverse": [[-0.769301176071167, 0.6388863325119019, 0.0, 323.2911682128906], [-0.6388863325119019, -0.769301176071167, 0.0, 816.037353515625], [0.0, 0.0, 1.0, 0.0], [0.0, 0.0, 0.0, 1.0]], "cam_ids": [0, 1, 2, 3, 4, 5], "cam_channels": ["CAM_FRONT_LEFT", "CAM_FRONT", "CAM_FRONT_RIGHT", "CAM_BACK_LEFT", "CAM_BACK", "CAM_BACK_RIGHT"], "token": "67916268d73745aa918f646bcbd0411b", "scene": "scene-0747"}, {"images": ["samples/CAM_FRONT_LEFT/n008-2018-08-30-15-16-55-0400__CAM_FRONT_LEFT__1535656818754799.jpg", "samples/CAM_FRONT/n008-2018-08-30-15-16-55-0400__CAM_FRONT__1535656818762404.jpg", "samples/CAM_FRONT_RIGHT/n008-2018-08-30-15-16-55-0400__CAM_FRONT_RIGHT__1535656818770482.jpg", "samples/CAM_BACK_LEFT/n008-2018-08-30-15-16-55-0400__CAM_BACK_LEFT__1535656818797405.jpg", "samples/CAM_BACK/n008-2018-08-30-15-16-55-0400__CAM_BACK__1535656818787558.jpg", "samples/CAM_BACK_RIGHT/n008-2018-08-30-15-16-55-0400__CAM_BACK_RIGHT__1535656818778113.jpg"], "intrinsics": [[[1257.8625342125129, 0.0, 827.2410631095686], [0.0, 1257.8625342125129, 450.915498205774], [0.0, 0.0, 1.0]], [[1252.8131021185304, 0.0, 826.588114781398], [0.0, 1252.8131021185304, 469.9846626224581], [0.0, 0.0, 1.0]], [[1256.7485116440405, 0.0, 817.7887570959712], [0.0, 1256.7485116440403, 451.9541780095127], [0.0, 0.0, 1.0]], [[1254.9860565800168, 0.0, 829.5769333630991], [0.0, 1254.9860565800168, 467.1680561863987], [0.0, 0.0, 1.0]], [[796.8910634503094, 0.0, 857.7774326863696], [0.0, 796.8910634503094, 476.8848988407415], [0.0, 0.0, 1.0]], [[1249.9629280788233, 0.0, 825.3768045375984], [0.0, 1249.9629280788233, 462.54816385708756], [0.0, 0.0, 1.0]]], "extrinsics": [[[0.8225142359733582, -0.5686977505683899, 0.007290988694876432, -1.0050048828125], [0.013058476150035858, 0.006067461799830198, -0.9998962879180908, 1.4882946014404297], [0.5685945153236389, 0.8225242495536804, 0.012416898272931576, -1.3333740234375], [0.0, 0.0, 0.0, 1.0]], [[0.010277609340846539, -0.9999455213546753, -0.0017917080549523234, 0.00543212890625], [0.015012742020189762, 0.0019459042232483625, -0.9998854398727417, 1.4801645278930664], [0.9998344779014587, 0.010249536484479904, 0.015031925402581692, -1.734710693359375], [0.0, 0.0, 0.0, 1.0]], [[-0.843887209892273, -0.5362870097160339, -0.015828577801585197, 1.09063720703125], [0.02304064854979515, -0.0067495484836399555, -0.9997117519378662, 1.49307382106781], [0.5360256433486938, -0.8440086841583252, 0.01805225946009159, -1.27752685546875], [0.0, 0.0, 0.0, 1.0]], [[0.9478886723518372, 0.31860145926475525, 0.0004351641400717199, -1.1439208984375], [-0.0023639255668967962, 0.008398846723139286, -0.9999619126319885, 1.562042236328125], [-0.3185930848121643, 0.9478514790534973, 0.008714322000741959, -0.15606689453125], [0.0, 0.0, 0.0, 1.0]], [[0.009190492331981659, 0.9999574422836304, 0.0008774446905590594, -0.0289306640625], [-0.0002441525284666568, 0.0008797260816209018, -0.9999995827674866, 1.5680615901947021], [-0.9999577403068542, 0.00919028278440237, 0.00025222692056559026, 0.0443115234375], [0.0, 0.0, 0.0, 1.0]], [[-0.9236828684806824, 0.3829689919948578, -0.012023767456412315, 1.1606731414794922], [0.003967885859310627, -0.02181832864880562, -0.9997540712356567, 1.5478134155273438], [-0.3831370770931244, -0.9235034584999084, 0.018633641302585602, -0.043701171875], [0.0, 0.0, 0.0, 1.0]]], "view": [[0.0, -2.0, 100.0], [-2.0, 0.0, 100.0], [0.0, 0.0, 1.0]], "bev": "bev_510016aa36424db3a5bdede1b4f130f7.png", "aux": "aux_510016aa36424db3a5bdede1b4f130f7.npz", "visibility": "visibility_510016aa36424db3a5bdede1b4f130f7.png", "pose": [[-0.769365131855011, -0.6388092637062073, 0.0, 770.063720703125], [0.6388092637062073, -0.769365131855011, 0.0, 421.23260498046875], [0.0, 0.0, 1.0, 0.0], [0.0, 0.0, 0.0, 1.0]], "pose_inverse": [[-0.769365131855011, 0.6388092637062073, 0.0, 323.37286376953125], [-0.6388092637062073, -0.769365131855011, 0.0, 816.0055541992188], [0.0, 0.0, 1.0, 0.0], [0.0, 0.0, 0.0, 1.0]], "cam_ids": [0, 1, 2, 3, 4, 5], "cam_channels": ["CAM_FRONT_LEFT", "CAM_FRONT", "CAM_FRONT_RIGHT", "CAM_BACK_LEFT", "CAM_BACK", "CAM_BACK_RIGHT"], "token": "510016aa36424db3a5bdede1b4f130f7", "scene": "scene-0747"}, {"images": ["samples/CAM_FRONT_LEFT/n008-2018-08-30-15-16-55-0400__CAM_FRONT_LEFT__1535656819254799.jpg", "samples/CAM_FRONT/n008-2018-08-30-15-16-55-0400__CAM_FRONT__1535656819262404.jpg", "samples/CAM_FRONT_RIGHT/n008-2018-08-30-15-16-55-0400__CAM_FRONT_RIGHT__1535656819270482.jpg", "samples/CAM_BACK_LEFT/n008-2018-08-30-15-16-55-0400__CAM_BACK_LEFT__1535656819297405.jpg", "samples/CAM_BACK/n008-2018-08-30-15-16-55-0400__CAM_BACK__1535656819287558.jpg", "samples/CAM_BACK_RIGHT/n008-2018-08-30-15-16-55-0400__CAM_BACK_RIGHT__1535656819278113.jpg"], "intrinsics": [[[1257.8625342125129, 0.0, 827.2410631095686], [0.0, 1257.8625342125129, 450.915498205774], [0.0, 0.0, 1.0]], [[1252.8131021185304, 0.0, 826.588114781398], [0.0, 1252.8131021185304, 469.9846626224581], [0.0, 0.0, 1.0]], [[1256.7485116440405, 0.0, 817.7887570959712], [0.0, 1256.7485116440403, 451.9541780095127], [0.0, 0.0, 1.0]], [[1254.9860565800168, 0.0, 829.5769333630991], [0.0, 1254.9860565800168, 467.1680561863987], [0.0, 0.0, 1.0]], [[796.8910634503094, 0.0, 857.7774326863696], [0.0, 796.8910634503094, 476.8848988407415], [0.0, 0.0, 1.0]], [[1249.9629280788233, 0.0, 825.3768045375984], [0.0, 1249.9629280788233, 462.54816385708756], [0.0, 0.0, 1.0]]], "extrinsics": [[[0.8225404024124146, -0.5686614513397217, 0.007182610221207142, -1.005035400390625], [0.012840411625802517, 0.00594354746863246, -0.9998998641967773, 1.4882936477661133], [0.5685617923736572, 0.8225502371788025, 0.012190653942525387, -1.33343505859375], [0.0, 0.0, 0.0, 1.0]], [[0.010307843796908855, -0.9999454617500305, -0.001668605487793684, 0.00531005859375], [0.014791610650718212, 0.0018209879053756595, -0.9998889565467834, 1.4801673889160156], [0.9998373985290527, 0.01028192974627018, 0.01480957493185997, -1.734619140625], [0.0, 0.0, 0.0, 1.0]], [[-0.8438802361488342, -0.536305844783783, -0.015564220026135445, 1.09063720703125], [0.022809278219938278, -0.006877596490085125, -0.9997161626815796, 1.4930720329284668], [0.53604656457901, -0.8439957499504089, 0.0180366151034832, -1.277587890625], [0.0, 0.0, 0.0, 1.0]], [[0.9478890895843506, 0.3186008632183075, 0.0001831610279623419, -1.14398193359375], [-0.0025920949410647154, 0.008286772295832634, -0.9999622702598572, 1.5620427131652832], [-0.31859034299850464, 0.9478528499603271, 0.00868078414350748, -0.1561279296875], [0.0, 0.0, 0.0, 1.0]], [[0.009184461086988449, 0.9999575614929199, 0.000752186868339777, -0.02874755859375], [-0.0004615496436599642, 0.0007564577390439808, -0.9999995827674866, 1.5680614709854126], [-0.9999577403068542, 0.009184030815958977, 0.0004684780433308333, 0.0443115234375], [0.0, 0.0, 0.0, 1.0]], [[-0.9236907958984375, 0.38295474648475647, -0.011872787959873676, 1.1606903076171875], [0.003751259297132492, -0.02194734662771225, -0.9997521042823792, 1.547811508178711], [-0.3831203877925873, -0.9235063791275024, 0.018836000934243202, -0.043701171875], [0.0, 0.0, 0.0, 1.0]]], "view": [[0.0, -2.0, 100.0], [-2.0, 0.0, 100.0], [0.0, 0.0, 1.0]], "bev": "bev_162080b38b9e4bcb87be65bf22f5461b.png", "aux": "aux_162080b38b9e4bcb87be65bf22f5461b.npz", "visibility": "visibility_162080b38b9e4bcb87be65bf22f5461b.png", "pose": [[-0.7693309783935547, -0.6388504505157471, 0.0, 770.0640258789062], [0.6388504505157471, -0.7693309783935547, 0.0, 421.23297119140625], [0.0, 0.0, 1.0, 0.0], [0.0, 0.0, 0.0, 1.0]], "pose_inverse": [[-0.7693309783935547, 0.6388504505157471, 0.0, 323.3292236328125], [-0.6388504505157471, -0.7693309783935547, 0.0, 816.0233154296875], [0.0, 0.0, 1.0, 0.0], [0.0, 0.0, 0.0, 1.0]], "cam_ids": [0, 1, 2, 3, 4, 5], "cam_channels": ["CAM_FRONT_LEFT", "CAM_FRONT", "CAM_FRONT_RIGHT", "CAM_BACK_LEFT", "CAM_BACK", "CAM_BACK_RIGHT"], "token": "162080b38b9e4bcb87be65bf22f5461b", "scene": "scene-0747"}, {"images": ["samples/CAM_FRONT_LEFT/n008-2018-08-30-15-16-55-0400__CAM_FRONT_LEFT__1535656819754799.jpg", "samples/CAM_FRONT/n008-2018-08-30-15-16-55-0400__CAM_FRONT__1535656819762404.jpg", "samples/CAM_FRONT_RIGHT/n008-2018-08-30-15-16-55-0400__CAM_FRONT_RIGHT__1535656819770482.jpg", "samples/CAM_BACK_LEFT/n008-2018-08-30-15-16-55-0400__CAM_BACK_LEFT__1535656819797405.jpg", "samples/CAM_BACK/n008-2018-08-30-15-16-55-0400__CAM_BACK__1535656819787558.jpg", "samples/CAM_BACK_RIGHT/n008-2018-08-30-15-16-55-0400__CAM_BACK_RIGHT__1535656819778113.jpg"], "intrinsics": [[[1257.8625342125129, 0.0, 827.2410631095686], [0.0, 1257.8625342125129, 450.915498205774], [0.0, 0.0, 1.0]], [[1252.8131021185304, 0.0, 826.588114781398], [0.0, 1252.8131021185304, 469.9846626224581], [0.0, 0.0, 1.0]], [[1256.7485116440405, 0.0, 817.7887570959712], [0.0, 1256.7485116440403, 451.9541780095127], [0.0, 0.0, 1.0]], [[1254.9860565800168, 0.0, 829.5769333630991], [0.0, 1254.9860565800168, 467.1680561863987], [0.0, 0.0, 1.0]], [[796.8910634503094, 0.0, 857.7774326863696], [0.0, 796.8910634503094, 476.8848988407415], [0.0, 0.0, 1.0]], [[1249.9629280788233, 0.0, 825.3768045375984], [0.0, 1249.9629280788233, 462.54816385708756], [0.0, 0.0, 1.0]]], "extrinsics": [[[0.8225326538085938, -0.5686725378036499, 0.00718770083039999, -1.005035400390625], [0.0127628268674016, 0.005822064820677042, -0.9999015927314758, 1.4882946014404297], [0.5685747265815735, 0.8225433826446533, 0.012046705931425095, -1.33331298828125], [0.0, 0.0, 0.0, 1.0]], [[0.010299128480255604, -0.9999458193778992, -0.0015479240100830793, 0.00543212890625], [0.01472487859427929, 0.0016995006008073688, -0.999890148639679, 1.4801654815673828], [0.9998385310173035, 0.010275213047862053, 0.014741582795977592, -1.734710693359375], [0.0, 0.0, 0.0, 1.0]], [[-0.8438833355903625, -0.536304235458374, -0.015457315370440483, 1.0906982421875], [0.022762048989534378, -0.0070027075707912445, -0.9997163414955139, 1.4930723905563354], [0.5360438227653503, -0.8439956903457642, 0.018116850405931473, -1.27752685546875], [0.0, 0.0, 0.0, 1.0]], [[0.947890043258667, 0.3185979425907135, 0.00012699270155280828, -1.1439208984375], [-0.002607018919661641, 0.00815496314316988, -0.9999633431434631, 1.5620431900024414], [-0.31858736276626587, 0.9478548765182495, 0.008560598827898502, -0.15606689453125], [0.0, 0.0, 0.0, 1.0]], [[0.009186799637973309, 0.9999576807022095, 0.0006347520975396037, -0.0289306640625], [-0.00048415479250252247, 0.0006392268696799874, -0.9999996423721313, 1.568061351776123], [-0.9999577403068542, 0.009186462499201298, 0.0004900056519545615, 0.044342041015625], [0.0, 0.0, 0.0, 1.0]], [[-0.9236899614334106, 0.38295650482177734, -0.011878088116645813, 1.1605949401855469], [0.003708878066390753, -0.0220632441341877, -0.9997497200965881, 1.547811508178711], [-0.38312268257141113, -0.9235028624534607, 0.01895925961434841, -0.043701171875], [0.0, 0.0, 0.0, 1.0]]], "view": [[0.0, -2.0, 100.0], [-2.0, 0.0, 100.0], [0.0, 0.0, 1.0]], "bev": "bev_957dee8eb58a4f35a387952e22842f68.png", "aux": "aux_957dee8eb58a4f35a387952e22842f68.npz", "visibility": "visibility_957dee8eb58a4f35a387952e22842f68.png", "pose": [[-0.769328773021698, -0.6388530731201172, 0.0, 770.0642700195312], [0.6388530731201172, -0.769328773021698, 0.0, 421.2333068847656], [0.0, 0.0, 1.0, 0.0], [0.0, 0.0, 0.0, 1.0]], "pose_inverse": [[-0.769328773021698, 0.6388530731201172, 0.0, 323.3263854980469], [-0.6388530731201172, -0.769328773021698, 0.0, 816.0248413085938], [0.0, 0.0, 1.0, 0.0], [0.0, 0.0, 0.0, 1.0]], "cam_ids": [0, 1, 2, 3, 4, 5], "cam_channels": ["CAM_FRONT_LEFT", "CAM_FRONT", "CAM_FRONT_RIGHT", "CAM_BACK_LEFT", "CAM_BACK", "CAM_BACK_RIGHT"], "token": "957dee8eb58a4f35a387952e22842f68", "scene": "scene-0747"}, {"images": ["samples/CAM_FRONT_LEFT/n008-2018-08-30-15-16-55-0400__CAM_FRONT_LEFT__1535656820254799.jpg", "samples/CAM_FRONT/n008-2018-08-30-15-16-55-0400__CAM_FRONT__1535656820262404.jpg", "samples/CAM_FRONT_RIGHT/n008-2018-08-30-15-16-55-0400__CAM_FRONT_RIGHT__1535656820270482.jpg", "samples/CAM_BACK_LEFT/n008-2018-08-30-15-16-55-0400__CAM_BACK_LEFT__1535656820297405.jpg", "samples/CAM_BACK/n008-2018-08-30-15-16-55-0400__CAM_BACK__1535656820287558.jpg", "samples/CAM_BACK_RIGHT/n008-2018-08-30-15-16-55-0400__CAM_BACK_RIGHT__1535656820278113.jpg"], "intrinsics": [[[1257.8625342125129, 0.0, 827.2410631095686], [0.0, 1257.8625342125129, 450.915498205774], [0.0, 0.0, 1.0]], [[1252.8131021185304, 0.0, 826.588114781398], [0.0, 1252.8131021185304, 469.9846626224581], [0.0, 0.0, 1.0]], [[1256.7485116440405, 0.0, 817.7887570959712], [0.0, 1256.7485116440403, 451.9541780095127], [0.0, 0.0, 1.0]], [[1254.9860565800168, 0.0, 829.5769333630991], [0.0, 1254.9860565800168, 467.1680561863987], [0.0, 0.0, 1.0]], [[796.8910634503094, 0.0, 857.7774326863696], [0.0, 796.8910634503094, 476.8848988407415], [0.0, 0.0, 1.0]], [[1249.9629280788233, 0.0, 825.3768045375984], [0.0, 1249.9629280788233, 462.54816385708756], [0.0, 0.0, 1.0]]], "extrinsics": [[[0.8225317001342773, -0.5686711668968201, 0.007397094741463661, -1.00506591796875], [0.012823406606912613, 0.005541491787880659, -0.9999024271965027, 1.488295555114746], [0.5685747265815735, 0.8225463032722473, 0.011850353330373764, -1.33331298828125], [0.0, 0.0, 0.0, 1.0]], [[0.010294528678059578, -0.9999462366104126, -0.0012723547406494617, 0.00543212890625], [0.01477226335555315, 0.0014243654441088438, -0.9998899102210999, 1.4801664352416992], [0.9998378157615662, 0.010274629108607769, 0.014786130748689175, -1.734649658203125], [0.0, 0.0, 0.0, 1.0]], [[-0.8438863754272461, -0.5363025665283203, -0.015340839512646198, 1.09063720703125], [0.022797897458076477, -0.007276469841599464, -0.9997135996818542, 1.4930729866027832], [0.5360373854637146, -0.8439944386482239, 0.018367085605859756, -1.2774658203125], [0.0, 0.0, 0.0, 1.0]], [[0.9478898048400879, 0.31859833002090454, 6.680037040496245e-05, -1.14385986328125], [-0.0025794028770178556, 0.007883874699473381, -0.9999655485153198, 1.562042236328125], [-0.31858786940574646, 0.9478570222854614, 0.008294838480651379, -0.1561279296875], [