[{"images": ["samples/CAM_FRONT_LEFT/n015-2018-09-25-11-10-38+0800__CAM_FRONT_LEFT__1537845283254844.jpg", "samples/CAM_FRONT/n015-2018-09-25-11-10-38+0800__CAM_FRONT__1537845283262460.jpg", "samples/CAM_FRONT_RIGHT/n015-2018-09-25-11-10-38+0800__CAM_FRONT_RIGHT__1537845283270339.jpg", "samples/CAM_BACK_LEFT/n015-2018-09-25-11-10-38+0800__CAM_BACK_LEFT__1537845283297423.jpg", "samples/CAM_BACK/n015-2018-09-25-11-10-38+0800__CAM_BACK__1537845283287525.jpg", "samples/CAM_BACK_RIGHT/n015-2018-09-25-11-10-38+0800__CAM_BACK_RIGHT__1537845283277893.jpg"], "intrinsics": [[[1272.5979470598488, 0.0, 826.6154927353808], [0.0, 1272.5979470598488, 479.75165386361925], [0.0, 0.0, 1.0]], [[1266.417203046554, 0.0, 816.2670197447984], [0.0, 1266.417203046554, 491.50706579294757], [0.0, 0.0, 1.0]], [[1260.8474446004698, 0.0, 807.968244525554], [0.0, 1260.8474446004698, 495.3344268742088], [0.0, 0.0, 1.0]], [[1256.7414812095406, 0.0, 792.1125740759628], [0.0, 1256.7414812095406, 492.7757465151356], [0.0, 0.0, 1.0]], [[809.2209905677063, 0.0, 829.2196003259838], [0.0, 809.2209905677063, 481.77842384512485], [0.0, 0.0, 1.0]], [[1259.5137405846733, 0.0, 807.2529053838625], [0.0, 1259.5137405846733, 501.19579884916527], [0.0, 0.0, 1.0]]], "extrinsics": [[[0.8212035894393921, -0.5700643658638, 0.025518232956528664, -0.9649658203125], [-0.004924239125102758, -0.05179673433303833, -0.9986454844474792, 1.508249282836914], [0.5706139206886292, 0.819965660572052, -0.04534279555082321, -1.28021240234375], [0.0, 0.0, 0.0, 1.0]], [[0.0065005989745259285, -0.9984216690063477, 0.05578337982296944, 0.005096435546875], [-0.010221452452242374, -0.05584799125790596, -0.9983869791030884, 1.5205326080322266], [0.9999266266822815, 0.005919973831623793, -0.010568366385996342, -1.692138671875], [0.0, 0.0, 0.0, 1.0]], [[-0.8325139880180359, -0.5534284114837646, 0.025249185040593147, 1.0323486328125], [-0.004613002296537161, -0.03864937275648117, -0.9992421269416809, 1.5036420822143555], [0.5539848804473877, -0.8319995403289795, 0.02962317503988743, -1.24871826171875], [0.0, 0.0, 0.0, 1.0]], [[0.9475110769271851, 0.3192043602466583, -0.01820439100265503, -1.1422119140625], [0.004066094756126404, -0.06896386295557022, -0.997610867023468, 1.588557243347168], [-0.31969714164733887, 0.9451733827590942, -0.06664194166660309, -0.10369873046875], [0.0, 0.0, 0.0, 1.0]], [[0.001599211827851832, 0.9982557892799377, -0.05901602655649185, 0.0028228759765625], [-0.021344181150197983, -0.05896858498454094, -0.9980316758155823, 1.5793571472167969], [-0.9997709393501282, 0.0028557025361806154, 0.02121264673769474, 0.001953125], [0.0, 0.0, 0.0, 1.0]], [[-0.9351015090942383, 0.3534253239631653, -0.025993330404162407, 1.1361083984375], [0.011275138705968857, -0.04364009574055672, -0.9989836812019348, 1.5514497756958008], [-0.35420048236846924, -0.9344443082809448, 0.03682300075888634, -0.06365966796875], [0.0, 0.0, 0.0, 1.0]]], "view": [[0.0, -2.0, 100.0], [-2.0, 0.0, 100.0], [0.0, 0.0, 1.0]], "bev": "bev_84e245c441324458bd7e45ad71bcfa46.png", "aux": "aux_84e245c441324458bd7e45ad71bcfa46.npz", "visibility": "visibility_84e245c441324458bd7e45ad71bcfa46.png", "pose": [[-0.44076141715049744, 0.8976243138313293, 0.0, 506.0426025390625], [-0.8976243138313293, -0.44076141715049744, 0.0, 1380.943115234375], [0.0, 0.0, 1.0, 0.0], [0.0, 0.0, 0.0, 1.0]], "pose_inverse": [[-0.44076141715049744, -0.8976243138313293, 0.0, 1462.6121826171875], [0.8976243138313293, -0.44076141715049744, 0.0, 154.43031311035156], [0.0, 0.0, 1.0, 0.0], [0.0, 0.0, 0.0, 1.0]], "cam_ids": [0, 1, 2, 3, 4, 5], "cam_channels": ["CAM_FRONT_LEFT", "CAM_FRONT", "CAM_FRONT_RIGHT", "CAM_BACK_LEFT", "CAM_BACK", "CAM_BACK_RIGHT"], "token": "84e245c441324458bd7e45ad71bcfa46", "scene": "scene-0977"}, {"images": ["samples/CAM_FRONT_LEFT/n015-2018-09-25-11-10-38+0800__CAM_FRONT_LEFT__1537845283754844.jpg", "samples/CAM_FRONT/n015-2018-09-25-11-10-38+0800__CAM_FRONT__1537845283762460.jpg", "samples/CAM_FRONT_RIGHT/n015-2018-09-25-11-10-38+0800__CAM_FRONT_RIGHT__1537845283770339.jpg", "samples/CAM_BACK_LEFT/n015-2018-09-25-11-10-38+0800__CAM_BACK_LEFT__1537845283797423.jpg", "samples/CAM_BACK/n015-2018-09-25-11-10-38+0800__CAM_BACK__1537845283787525.jpg", "samples/CAM_BACK_RIGHT/n015-2018-09-25-11-10-38+0800__CAM_BACK_RIGHT__1537845283777893.jpg"], "intrinsics": [[[1272.5979470598488, 0.0, 826.6154927353808], [0.0, 1272.5979470598488, 479.75165386361925], [0.0, 0.0, 1.0]], [[1266.417203046554, 0.0, 816.2670197447984], [0.0, 1266.417203046554, 491.50706579294757], [0.0, 0.0, 1.0]], [[1260.8474446004698, 0.0, 807.968244525554], [0.0, 1260.8474446004698, 495.3344268742088], [0.0, 0.0, 1.0]], [[1256.7414812095406, 0.0, 792.1125740759628], [0.0, 1256.7414812095406, 492.7757465151356], [0.0, 0.0, 1.0]], [[809.2209905677063, 0.0, 829.2196003259838], [0.0, 809.2209905677063, 481.77842384512485], [0.0, 0.0, 1.0]], [[1259.5137405846733, 0.0, 807.2529053838625], [0.0, 1259.5137405846733, 501.19579884916527], [0.0, 0.0, 1.0]]], "extrinsics": [[[0.8211895823478699, -0.5700807571411133, 0.025604194030165672, -0.9649658203125], [-0.004866086877882481, -0.05186179280281067, -0.9986424446105957, 1.5082511901855469], [0.5706347823143005, 0.8199501037597656, -0.04536242410540581, -1.2802734375], [0.0, 0.0, 0.0, 1.0]], [[0.00647638738155365, -0.9984175562858582, 0.055860284715890884, 0.005035400390625], [-0.01015891321003437, -0.055924274027347565, -0.9983834028244019, 1.5205364227294922], [0.9999274015426636, 0.005898418370634317, -0.01050502248108387, -1.692138671875], [0.0, 0.0, 0.0, 1.0]], [[-0.8325244784355164, -0.5534129738807678, 0.025240641087293625, 1.032470703125], [-0.004547491669654846, -0.0387333519756794, -0.9992392063140869, 1.503645896911621], [0.5539696216583252, -0.8320059180259705, 0.029729824513196945, -1.24871826171875], [0.0, 0.0, 0.0, 1.0]], [[0.9475135803222656, 0.3192002475261688, -0.01814386062324047, -1.142333984375], [0.0041550081223249435, -0.06903921812772751, -0.9976052641868591, 1.5885586738586426], [-0.31968843936920166, 0.9451690912246704, -0.06674189120531082, -0.103729248046875], [0.0, 0.0, 0.0, 1.0]], [[0.0016085911775007844, 0.9982512593269348, -0.05909227207303047, 0.0028228759765625], [-0.021277790889143944, -0.05904480442404747, -0.998028576374054, 1.5793609619140625], [-0.999772310256958, 0.0028627461288124323, 0.021145598962903023, 0.0018310546875], [0.0, 0.0, 0.0, 1.0]], [[-0.9350960850715637, 0.3534329831600189, -0.02608472853899002, 1.13623046875], [0.011339942924678326, -0.0437258742749691, -0.9989792108535767, 1.5514497756958008], [-0.35421285033226013, -0.9344373345375061, 0.03687998652458191, -0.0635986328125], [0.0, 0.0, 0.0, 1.0]]], "view": [[0.0, -2.0, 100.0], [-2.0, 0.0, 100.0], [0.0, 0.0, 1.0]], "bev": "bev_9c8f1e4cfda5448d8cdbeec2cbe6c1b9.png", "aux": "aux_9c8f1e4cfda5448d8cdbeec2cbe6c1b9.npz", "visibility": "visibility_9c8f1e4cfda5448d8cdbeec2cbe6c1b9.png", "pose": [[-0.4407814145088196, 0.8976144790649414, 0.0, 506.0426330566406], [-0.8976144790649414, -0.4407814145088196, 0.0, 1380.9432373046875], [0.0, 0.0, 1.0, 0.0], [0.0, 0.0, 0.0, 1.0]], "pose_inverse": [[-0.4407814145088196, -0.8976144790649414, 0.0, 1462.6087646484375], [0.8976144790649414, -0.4407814145088196, 0.0, 154.4629364013672], [0.0, 0.0, 1.0, 0.0], [0.0, 0.0, 0.0, 1.0]], "cam_ids": [0, 1, 2, 3, 4, 5], "cam_channels": ["CAM_FRONT_LEFT", "CAM_FRONT", "CAM_FRONT_RIGHT", "CAM_BACK_LEFT", "CAM_BACK", "CAM_BACK_RIGHT"], "token": "9c8f1e4cfda5448d8cdbeec2cbe6c1b9", "scene": "scene-0977"}, {"images": ["samples/CAM_FRONT_LEFT/n015-2018-09-25-11-10-38+0800__CAM_FRONT_LEFT__1537845284254844.jpg", "samples/CAM_FRONT/n015-2018-09-25-11-10-38+0800__CAM_FRONT__1537845284262460.jpg", "samples/CAM_FRONT_RIGHT/n015-2018-09-25-11-10-38+0800__CAM_FRONT_RIGHT__1537845284270339.jpg", "samples/CAM_BACK_LEFT/n015-2018-09-25-11-10-38+0800__CAM_BACK_LEFT__1537845284297423.jpg", "samples/CAM_BACK/n015-2018-09-25-11-10-38+0800__CAM_BACK__1537845284287525.jpg", "samples/CAM_BACK_RIGHT/n015-2018-09-25-11-10-38+0800__CAM_BACK_RIGHT__1537845284277893.jpg"], "intrinsics": [[[1272.5979470598488, 0.0, 826.6154927353808], [0.0, 1272.5979470598488, 479.75165386361925], [0.0, 0.0, 1.0]], [[1266.417203046554, 0.0, 816.2670197447984], [0.0, 1266.417203046554, 491.50706579294757], [0.0, 0.0, 1.0]], [[1260.8474446004698, 0.0, 807.968244525554], [0.0, 1260.8474446004698, 495.3344268742088], [0.0, 0.0, 1.0]], [[1256.7414812095406, 0.0, 792.1125740759628], [0.0, 1256.7414812095406, 492.7757465151356], [0.0, 0.0, 1.0]], [[809.2209905677063, 0.0, 829.2196003259838], [0.0, 809.2209905677063, 481.77842384512485], [0.0, 0.0, 1.0]], [[1259.5137405846733, 0.0, 807.2529053838625], [0.0, 1259.5137405846733, 501.19579884916527], [0.0, 0.0, 1.0]]], "extrinsics": [[[0.8212077021598816, -0.5700504779815674, 0.025697262957692146, -0.9649658203125], [-0.00479929381981492, -0.051931388676166534, -0.9986391067504883, 1.5082464218139648], [0.5706092119216919, 0.8199668526649475, -0.0453822948038578, -1.2801513671875], [0.0, 0.0, 0.0, 1.0]], [[0.0065041580237448215, -0.9984142780303955, 0.05591583997011185, 0.005035400390625], [-0.01009189710021019, -0.05597971752285957, -0.9983808994293213, 1.5205326080322266], [0.9999279379844666, 0.00592932989820838, -0.010439994744956493, -1.6922607421875], [0.0, 0.0, 0.0, 1.0]], [[-0.8325119614601135, -0.5534329414367676, 0.025216424837708473, 1.0323486328125], [-0.004486151039600372, -0.03878054395318031, -0.9992376565933228, 1.5036420822143555], [0.5539889335632324, -0.8319904208183289, 0.029802480712532997, -1.24871826171875], [0.0, 0.0, 0.0, 1.0]], [[0.9475095868110657, 0.3192134201526642, -0.018122877925634384, -1.14208984375], [0.004196740221232176, -0.06909438967704773, -0.9976012706756592, 1.5885558128356934], [-0.3196999132633209, 0.9451607465744019, -0.06680724769830704, -0.1036376953125], [0.0, 0.0, 0.0, 1.0]], [[0.0015972934197634459, 0.9982476830482483, -0.05915331095457077, 0.0028076171875], [-0.021229637786746025, -0.05910620838403702, -0.9980259537696838, 1.5793609619140625], [-0.9997733235359192, 0.0028499597683548927, 0.021098023280501366, 0.001953125], [0.0, 0.0, 0.0, 1.0]], [[-0.9351013898849487, 0.3534140884876251, -0.026151902973651886, 1.13623046875], [0.011394781060516834, -0.043772634118795395, -0.9989765286445618, 1.551447868347168], [-0.35419708490371704, -0.934442400932312, 0.036904770880937576, -0.063720703125], [0.0, 0.0, 0.0, 1.0]]], "view": [[0.0, -2.0, 100.0], [-2.0, 0.0, 100.0], [0.0, 0.0, 1.0]], "bev": "bev_eb362f50b3674b82b37556be88a11f6f.png", "aux": "aux_eb362f50b3674b82b37556be88a11f6f.npz", "visibility": "visibility_eb362f50b3674b82b37556be88a11f6f.png", "pose": [[-0.4407230615615845, 0.8976431488990784, 0.0, 506.0426025390625], [-0.8976431488990784, -0.4407230615615845, 0.0, 1380.943115234375], [0.0, 0.0, 1.0, 0.0], [0.0, 0.0, 0.0, 1.0]], "pose_inverse": [[-0.4407230615615845, -0.8976431488990784, 0.0, 1462.6187744140625], [0.8976431488990784, -0.4407230615615845, 0.0, 154.36782836914062], [0.0, 0.0, 1.0, 0.0], [0.0, 0.0, 0.0, 1.0]], "cam_ids": [0, 1, 2, 3, 4, 5], "cam_channels": ["CAM_FRONT_LEFT", "CAM_FRONT", "CAM_FRONT_RIGHT", "CAM_BACK_LEFT", "CAM_BACK", "CAM_BACK_RIGHT"], "token": "eb362f50b3674b82b37556be88a11f6f", "scene": "scene-0977"}, {"images": ["samples/CAM_FRONT_LEFT/n015-2018-09-25-11-10-38+0800__CAM_FRONT_LEFT__1537845284754844.jpg", "samples/CAM_FRONT/n015-2018-09-25-11-10-38+0800__CAM_FRONT__1537845284762460.jpg", "samples/CAM_FRONT_RIGHT/n015-2018-09-25-11-10-38+0800__CAM_FRONT_RIGHT__1537845284770339.jpg", "samples/CAM_BACK_LEFT/n015-2018-09-25-11-10-38+0800__CAM_BACK_LEFT__1537845284797423.jpg", "samples/CAM_BACK/n015-2018-09-25-11-10-38+0800__CAM_BACK__1537845284787525.jpg", "samples/CAM_BACK_RIGHT/n015-2018-09-25-11-10-38+0800__CAM_BACK_RIGHT__1537845284777893.jpg"], "intrinsics": [[[1272.5979470598488, 0.0, 826.6154927353808], [0.0, 1272.5979470598488, 479.75165386361925], [0.0, 0.0, 1.0]], [[1266.417203046554, 0.0, 816.2670197447984], [0.0, 1266.417203046554, 491.50706579294757], [0.0, 0.0, 1.0]], [[1260.8474446004698, 0.0, 807.968244525554], [0.0, 1260.8474446004698, 495.3344268742088], [0.0, 0.0, 1.0]], [[1256.7414812095406, 0.0, 792.1125740759628], [0.0, 1256.7414812095406, 492.7757465151356], [0.0, 0.0, 1.0]], [[809.2209905677063, 0.0, 829.2196003259838], [0.0, 809.2209905677063, 481.77842384512485], [0.0, 0.0, 1.0]], [[1259.5137405846733, 0.0, 807.2529053838625], [0.0, 1259.5137405846733, 501.19579884916527], [0.0, 0.0, 1.0]]], "extrinsics": [[[0.8212059736251831, -0.5700531601905823, 0.02569221705198288, -0.9649658203125], [-0.004838778171688318, -0.05197904631495476, -0.9986364245414734, 1.5082464218139648], [0.570611298084259, 0.8199619650840759, -0.04544386640191078, -1.28021240234375], [0.0, 0.0, 0.0, 1.0]], [[0.006496073678135872, -0.9984117746353149, 0.0559610053896904, 0.0050048828125], [-0.010122174397110939, -0.05602497607469559, -0.9983780980110168, 1.5205345153808594], [0.9999276995658875, 0.005919113755226135, -0.010470039211213589, -1.6922607421875], [0.0, 0.0, 0.0, 1.0]], [[-0.8325158357620239, -0.5534249544143677, 0.025261709466576576, 1.032470703125], [-0.004512545187026262, -0.03882304206490517, -0.9992358684539795, 1.5036439895629883], [0.5539827942848206, -0.8319936990737915, 0.029823442921042442, -1.2486572265625], [0.0, 0.0, 0.0, 1.0]], [[0.9475123882293701, 0.3192024827003479, -0.018166735768318176, -1.14208984375], [0.004165655933320522, -0.06914142519235611, -0.9975981116294861, 1.5885558128356934], [-0.31969183683395386, 0.9451609253883362, -0.06684204936027527, -0.103729248046875], [0.0, 0.0, 0.0, 1.0]], [[0.0016015871660783887, 0.9982452988624573, -0.05919390171766281, 0.0027923583984375], [-0.021252097561955452, -0.05914662778377533, -0.9980230927467346, 1.5793571472167969], [-0.9997729063034058, 0.0028563719242811203, 0.02112007699906826, 0.001953125], [0.0, 0.0, 0.0, 1.0]], [[-0.9350998997688293, 0.3534184396266937, -0.026144348084926605, 1.1361083984375], [0.011371049098670483, -0.043813470751047134, -0.9989749789237976, 1.5514497756958008], [-0.35420164465904236, -0.9344388246536255, 0.03695123642683029, -0.0635986328125], [0.0, 0.0, 0.0, 1.0]]], "view": [[0.0, -2.0, 100.0], [-2.0, 0.0, 100.0], [0.0, 0.0, 1.0]], "bev": "bev_b28805735ef84f0a99ecc2dce6fd16aa.png", "aux": "aux_b28805735ef84f0a99ecc2dce6fd16aa.npz", "visibility": "visibility_b28805735ef84f0a99ecc2dce6fd16aa.png", "pose": [[-0.44077762961387634, 0.8976163268089294, 0.0, 506.0426025390625], [-0.8976163268089294, -0.44077762961387634, 0.0, 1380.943115234375], [0.0, 0.0, 1.0, 0.0], [0.0, 0.0, 0.0, 1.0]], "pose_inverse": [[-0.44077762961387634, -0.8976163268089294, 0.0, 1462.609375], [0.8976163268089294, -0.44077762961387634, 0.0, 154.45672607421875], [0.0, 0.0, 1.0, 0.0], [0.0, 0.0, 0.0, 1.0]], "cam_ids": [0, 1, 2, 3, 4, 5], "cam_channels": ["CAM_FRONT_LEFT", "CAM_FRONT", "CAM_FRONT_RIGHT", "CAM_BACK_LEFT", "CAM_BACK", "CAM_BACK_RIGHT"], "token": "b28805735ef84f0a99ecc2dce6fd16aa", "scene": "scene-0977"}, {"images": ["samples/CAM_FRONT_LEFT/n015-2018-09-25-11-10-38+0800__CAM_FRONT_LEFT__1537845285254844.jpg", "samples/CAM_FRONT/n015-2018-09-25-11-10-38+0800__CAM_FRONT__1537845285262460.jpg", "samples/CAM_FRONT_RIGHT/n015-2018-09-25-11-10-38+0800__CAM_FRONT_RIGHT__1537845285270339.jpg", "samples/CAM_BACK_LEFT/n015-2018-09-25-11-10-38+0800__CAM_BACK_LEFT__1537845285297423.jpg", "samples/CAM_BACK/n015-2018-09-25-11-10-38+0800__CAM_BACK__1537845285287525.jpg", "samples/CAM_BACK_RIGHT/n015-2018-09-25-11-10-38+0800__CAM_BACK_RIGHT__1537845285277893.jpg"], "intrinsics": [[[1272.5979470598488, 0.0, 826.6154927353808], [0.0, 1272.5979470598488, 479.75165386361925], [0.0, 0.0, 1.0]], [[1266.417203046554, 0.0, 816.2670197447984], [0.0, 1266.417203046554, 491.50706579294757], [0.0, 0.0, 1.0]], [[1260.8474446004698, 0.0, 807.968244525554], [0.0, 1260.8474446004698, 495.3344268742088], [0.0, 0.0, 1.0]], [[1256.7414812095406, 0.0, 792.1125740759628], [0.0, 1256.7414812095406, 492.7757465151356], [0.0, 0.0, 1.0]], [[809.2209905677063, 0.0, 829.2196003259838], [0.0, 809.2209905677063, 481.77842384512485], [0.0, 0.0, 1.0]], [[1259.5137405846733, 0.0, 807.2529053838625], [0.0, 1259.5137405846733, 501.19579884916527], [0.0, 0.0, 1.0]]], "extrinsics": [[[0.8212015628814697, -0.5700592398643494, 0.025699514895677567, -0.9649658203125], [-0.004830716643482447, -0.05197962746024132, -0.9986364245414734, 1.5082454681396484], [0.5706177353858948, 0.8199576735496521, -0.045439545065164566, -1.28021240234375], [0.0, 0.0, 0.0, 1.0]], [[0.006498625036329031, -0.9984111189842224, 0.05597187951207161, 0.005035400390625], [-0.010111745446920395, -0.05603581294417381, -0.9983775615692139, 1.5205326080322266], [0.9999277591705322, 0.005922140087932348, -0.010459834709763527, -1.6922607421875], [0.0, 0.0, 0.0, 1.0]], [[-0.8325139880180359, -0.5534279346466064, 0.025257347151637077, 1.0323486328125], [-0.004496846813708544, -0.03883855789899826, -0.9992353320121765, 1.5036449432373047], [0.5539857745170593, -0.8319910168647766, 0.029844967648386955, -1.248779296875], [0.0, 0.0, 0.0, 1.0]], [[0.9475119113922119, 0.3192046582698822, -0.018149197101593018, -1.1422119140625], [0.004187329672276974, -0.069150410592556, -0.9975974559783936, 1.5885510444641113], [-0.3196927607059479, 0.9451595544815063, -0.06685745716094971, -0.103729248046875], [0.0, 0.0, 0.0, 1.0]], [[0.0016000504838302732, 0.99824458360672, -0.05920451506972313, 0.0028228759765625], [-0.021237889304757118, -0.05915731564164162, -0.998022735118866, 1.5793571472167969], [-0.9997732043266296, 0.002854258520528674, 0.021105952560901642, 0.001953125], [0.0, 0.0, 0.0, 1.0]], [[-0.9351005554199219, 0.3534151315689087, -0.026165155693888664, 1.1361083984375], [0.011387750506401062, -0.04382840916514397, -0.9989742040634155, 1.5514497756958008], [-0.3541993498802185, -0.9344393610954285, 0.036959368735551834, -0.063720703125], [0.0, 0.0, 0.0, 1.0]]], "view": [[0.0, -2.0, 100.0], [-2.0, 0.0, 100.0], [0.0, 0.0, 1.0]], "bev": "bev_b5e6a1ccfc674a2db36b48d7c87b1f59.png", "aux": "aux_b5e6a1ccfc674a2db36b48d7c87b1f59.npz", "visibility": "visibility_b5e6a1ccfc674a2db36b48d7c87b1f59.png", "pose": [[-0.44078588485717773, 0.8976122736930847, 0.0, 506.0426025390625], [-0.8976122736930847, -0.44078588485717773, 0.0, 1380.9432373046875], [0.0, 0.0, 1.0, 0.0], [0.0, 0.0, 0.0, 1.0]], "pose_inverse": [[-0.44078588485717773, -0.8976122736930847, 0.0, 1462.6080322265625], [0.8976122736930847, -0.44078588485717773, 0.0, 154.47021484375], [0.0, 0.0, 1.0, 0.0], [0.0, 0.0, 0.0, 1.0]], "cam_ids": [0, 1, 2, 3, 4, 5], "cam_channels": ["CAM_FRONT_LEFT", "CAM_FRONT", "CAM_FRONT_RIGHT", "CAM_BACK_LEFT", "CAM_BACK", "CAM_BACK_RIGHT"], "token": "b5e6a1ccfc674a2db36b48d7c87b1f59", "scene": "scene-0977"}, {"images": ["samples/CAM_FRONT_LEFT/n015-2018-09-25-11-10-38+0800__CAM_FRONT_LEFT__1537845285754844.jpg", "samples/CAM_FRONT/n015-2018-09-25-11-10-38+0800__CAM_FRONT__1537845285762460.jpg", "samples/CAM_FRONT_RIGHT/n015-2018-09-25-11-10-38+0800__CAM_FRONT_RIGHT__1537845285770339.jpg", "samples/CAM_BACK_LEFT/n015-2018-09-25-11-10-38+0800__CAM_BACK_LEFT__1537845285797423.jpg", "samples/CAM_BACK/n015-2018-09-25-11-10-38+0800__CAM_BACK__1537845285787525.jpg", "samples/CAM_BACK_RIGHT/n015-2018-09-25-11-10-38+0800__CAM_BACK_RIGHT__1537845285777893.jpg"], "intrinsics": [[[1272.5979470598488, 0.0, 826.6154927353808], [0.0, 1272.5979470598488, 479.75165386361925], [0.0, 0.0, 1.0]], [[1266.417203046554, 0.0, 816.2670197447984], [0.0, 1266.417203046554, 491.50706579294757], [0.0, 0.0, 1.0]], [[1260.8474446004698, 0.0, 807.968244525554], [0.0, 1260.8474446004698, 495.3344268742088], [0.0, 0.0, 1.0]], [[1256.7414812095406, 0.0, 792.1125740759628], [0.0, 1256.7414812095406, 492.7757465151356], [0.0, 0.0, 1.0]], [[809.2209905677063, 0.0, 829.2196003259838], [0.0, 809.2209905677063, 481.77842384512485], [0.0, 0.0, 1.0]], [[1259.5137405846733, 0.0, 807.2529053838625], [0.0, 1259.5137405846733, 501.19579884916527], [0.0, 0.0, 1.0]]], "extrinsics": [[[0.8211875557899475, -0.5700799226760864, 0.025688938796520233, -0.9649658203125], [-0.004868207965046167, -0.05201302096247673, -0.9986345171928406, 1.5082483291625977], [0.570637583732605, 0.8199412226676941, -0.04548771306872368, -1.28021240234375], [0.0, 0.0, 0.0, 1.0]], [[0.006473172921687365, -0.9984094500541687, 0.05600663274526596, 0.00506591796875], [-0.010156777687370777, -0.05607055872678757, -0.9983751773834229, 1.5205326080322266], [0.9999275207519531, 0.0058938306756317616, -0.010503576137125492, -1.6922607421875], [0.0, 0.0, 0.0, 1.0]], [[-0.832525372505188, -0.5534079670906067, 0.025321990251541138, 1.032470703125], [-0.004551616497337818, -0.038874126970767975, -0.9992337226867676, 1.5036439895629883], [0.5539682507514954, -0.8320026993751526, 0.029844796285033226, -1.24871826171875], [0.0, 0.0, 0.0, 1.0]], [[0.9475122690200806, 0.3192010223865509, -0.018197475001215935, -1.1422119140625], [0.004147336818277836, -0.06918326765298843, -0.9975953102111816, 1.5885567665100098], [-0.31969237327575684, 0.9451584219932556, -0.06687583774328232, -0.103759765625], [0.0, 0.0, 0.0, 1.0]], [[0.001607109559699893, 0.9982426762580872, -0.059236153960227966, 0.0027923583984375], [-0.021272623911499977, -0.05918870121240616, -0.9980201125144958, 1.5793533325195312], [-0.9997724294662476, 0.002864016219973564, 0.021140120923519135, 0.0018310546875], [0.0, 0.0, 0.0, 1.0]], [[-0.9350961446762085, 0.3534298539161682, -0.026127658784389496, 1.13623046875], [0.01133395079523325, -0.04386302828788757, -0.9989733099937439, 1.5514488220214844], [-0.3542129695415497, -0.9344322085380554, 0.03701039031147957, -0.06365966796875], [0.0, 0.0, 0.0, 1.0]]], "view": [[0.0, -2.0, 100.0], [-2.0, 0.0, 100.0], [0.0, 0.0, 1.0]], "bev": "bev_835189e48fcd4361b4fca7ffd43d5ee5.png", "aux": "aux_835189e48fcd4361b4fca7ffd43d5ee5.npz", "visibility": "visibility_835189e48fcd4361b4fca7ffd43d5ee5.png", "pose": [[-0.4407876133918762, 0.8976114392280579, 0.0, 506.0426330566406], [-0.8976114392280579, -0.4407876133918762, 0.0, 1380.9432373046875], [0.0, 0.0, 1.0, 0.0], [0.0, 0.0, 0.0, 1.0]], "pose_inverse": [[-0.4407876133918762, -0.8976114392280579, 0.0, 1462.6077880859375], [0.8976114392280579, -0.4407876133918762, 0.0, 154.47303771972656], [0.0, 0.0, 1.0, 0.0], [0.0, 0.0, 0.0, 1.0]], "cam_ids": [0, 1, 2, 3, 4, 5], "cam_channels": ["CAM_FRONT_LEFT", "CAM_FRONT", "CAM_FRONT_RIGHT", "CAM_BACK_LEFT", "CAM_BACK", "CAM_BACK_RIGHT"], "token": "835189e48fcd4361b4fca7ffd43d5ee5", "scene": "scene-0977"}, {"images": ["samples/CAM_FRONT_LEFT/n015-2018-09-25-11-10-38+0800__CAM_FRONT_LEFT__1537845286254844.jpg", "samples/CAM_FRONT/n015-2018-09-25-11-10-38+0800__CAM_FRONT__1537845286262460.jpg", "samples/CAM_FRONT_RIGHT/n015-2018-09-25-11-10-38+0800__CAM_FRONT_RIGHT__1537845286270339.jpg", "samples/CAM_BACK_LEFT/n015-2018-09-25-11-10-38+0800__CAM_BACK_LEFT__1537845286297423.jpg", "samples/CAM_BACK/n015-2018-09-25-11-10-38+0800__CAM_BACK__1537845286287525.jpg", "samples/CAM_BACK_RIGHT/n015-2018-09-25-11-10-38+0800__CAM_BACK_RIGHT__1537845286277893.jpg"], "intrinsics": [[[1272.5979470598488, 0.0, 826.6154927353808], [0.0, 1272.5979470598488, 479.75165386361925], [0.0, 0.0, 1.0]], [[1266.417203046554, 0.0, 816.2670197447984], [0.0, 1266.417203046554, 491.50706579294757], [0.0, 0.0, 1.0]], [[1260.8474446004698, 0.0, 807.968244525554], [0.0, 1260.8474446004698, 495.3344268742088], [0.0, 0.0, 1.0]], [[1256.7414812095406, 0.0, 792.1125740759628], [0.0, 1256.7414812095406, 492.7757465151356], [0.0, 0.0, 1.0]], [[809.2209905677063, 0.0, 829.2196003259838], [0.0, 809.2209905677063, 481.77842384512485], [0.0, 0.0, 1.0]], [[1259.5137405846733, 0.0, 807.2529053838625], [0.0, 1259.5137405846733, 501.19579884916527], [0.0, 0.0, 1.0]]], "extrinsics": [[[0.8211974501609802, -0.5700652003288269, 0.025698736310005188, -0.965087890625], [-0.004885446280241013, -0.05205632746219635, -0.9986321926116943, 1.5082464218139648], [0.5706232190132141, 0.8199486136436462, -0.045533545315265656, -1.28021240234375], [0.0, 0.0, 0.0, 1.0]], [[0.006487114354968071, -0.9984073042869568, 0.05604294687509537, 0.00506591796875], [-0.010185095481574535, -0.056107185781002045, -0.9983728528022766, 1.5205307006835938], [0.9999270439147949, 0.0059057786129415035, -0.010532848536968231, -1.6922607421875], [0.0, 0.0, 0.0, 1.0]], [[-0.8325194716453552, -0.553415060043335, 0.02535935305058956, 1.032470703125], [-0.004573798272758722, -0.03890770301222801, -0.999232292175293, 1.5036449432373047], [0.5539768934249878, -0.8319963216781616, 0.02986021712422371, -1.24859619140625], [0.0, 0.0, 0.0, 1.0]], [[0.9475140571594238, 0.3191933333873749, -0.018243232741951942, -1.142333984375], [0.004114111885428429, -0.06922916322946548, -0.9975922703742981, 1.5885534286499023], [-0.31968772411346436, 0.9451576471328735, -0.06690879911184311, -0.10369873046875], [0.0, 0.0, 0.0, 1.0]], [[0.0016034424770623446, 0.9982396960258484, -0.059287503361701965, 0.0028228759765625], [-0.021305758506059647, -0.05924001708626747, -0.9980164170265198, 1.5793533325195312], [-0.9997717142105103, 0.0028634308837354183, 0.02117326483130455, 0.0018310546875], [0.0, 0.0, 0.0, 1.0]], [[-0.935099184513092, 0.353422075510025, -0.026123449206352234, 1.136474609375], [0.011315707117319107, -0.04390015825629234, -0.9989718794822693, 1.5514507293701172], [-0.354205459356308, -0.9344332814216614, 0.03705177828669548, -0.06365966796875], [0.0, 0.0, 0.0, 1.0]]], "view": [[0.0, -2.0, 100.0], [-2.0, 0.0, 100.0], [0.0, 0.0, 1.0]], "bev": "bev_8cc4c06b11f649ad916ddf153eb206c5.png", "aux": "aux_8cc4c06b11f649ad916ddf153eb206c5.npz", "visibility": "visibility_8cc4c06b11f649ad916ddf153eb206c5.png", "pose": [[-0.44076767563819885, 0.897621214389801, 0.0, 506.0426025390625], [-0.897621214389801, -0.44076767563819885, 0.0, 1380.943115234375], [0.0, 0.0, 1.0, 0.0], [0.0, 0.0, 0.0, 1.0]], "pose_inverse": [[-0.44076767563819885, -0.897621214389801, 0.0, 1462.611083984375], [0.897621214389801, -0.44076767563819885, 0.0, 154.4405059814453], [0.0, 0.0, 1.0, 0.0], [0.0, 0.0, 0.0, 1.0]], "cam_ids": [0, 1, 2, 3, 4, 5], "cam_channels": ["CAM_FRONT_LEFT", "CAM_FRONT", "CAM_FRONT_RIGHT", "CAM_BACK_LEFT", "CAM_BACK", "CAM_BACK_RIGHT"], "token": "8cc4c06b11f649ad916ddf153eb206c5", "scene": "scene-0977"}, {"images": ["samples/CAM_FRONT_LEFT/n015-2018-09-25-11-10-38+0800__CAM_FRONT_LEFT__1537845286754844.jpg", "samples/CAM_FRONT/n015-2018-09-25-11-10-38+0800__CAM_FRONT__1537845286762460.jpg", "samples/CAM_FRONT_RIGHT/n015-2018-09-25-11-10-38+0800__CAM_FRONT_RIGHT__1537845286770339.jpg", "samples/CAM_BACK_LEFT/n015-2018-09-25-11-10-38+0800__CAM_BACK_LEFT__1537845286797423.jpg", "samples/CAM_BACK/n015-2018-09-25-11-10-38+0800__CAM_BACK__1537845286787525.jpg", "samples/CAM_BACK_RIGHT/n015-2018-09-25-11-10-38+0800__CAM_BACK_RIGHT__1537845286777893.jpg"], "intrinsics": [[[1272.5979470598488, 0.0, 826.6154927353808], [0.0, 1272.5979470598488, 479.75165386361925], [0.0, 0.0, 1.0]], [[1266.417203046554, 0.0, 816.2670197447984], [0.0, 1266.417203046554, 491.50706579294757], [0.0, 0.0, 1.0]], [[1260.8474446004698, 0.0, 807.968244525554], [0.0, 1260.8474446004698, 495.3344268742088], [0.0, 0.0, 1.0]], [[1256.7414812095406, 0.0, 792.1125740759628], [0.0, 1256.7414812095406, 492.7757465151356], [0.0, 0.0, 1.0]], [[809.2209905677063, 0.0, 829.2196003259838], [0.0, 809.2209905677063, 481.77842384512485], [0.0, 0.0, 1.0]], [[1259.5137405846733, 0.0, 807.2529053838625], [0.0, 1259.5137405846733, 501.19579884916527], [0.0, 0.0, 1.0]]], "extrinsics": [[[0.8212139010429382, -0.570044755935669, 0.025624772533774376, -0.965087890625], [-0.004929509945213795, -0.05199238285422325, -0.9986352920532227, 1.5082483291625977], [0.5705990791320801, 0.8199669122695923, -0.045506905764341354, -1.28009033203125], [0.0, 0.0, 0.0, 1.0]], [[0.006516833323985338, -0.9984103441238403, 0.055984463542699814, 0.0050506591796875], [-0.010230904445052147, -0.05604929476976395, -0.9983755946159363, 1.5205364227294922], [0.9999264478683472, 0.005933479871600866, -0.010579900816082954, -1.6922607421875], [0.0, 0.0, 0.0, 1.0]], [[-0.832506537437439, -0.553434431552887, 0.02536090277135372, 1.0323486328125], [-0.004611192736774683, -0.03885309025645256, -0.9992342591285706, 1.5036439895629883], [0.5539959669113159, -0.8319860100746155, 0.02979346178472042, -1.248779296875], [0.0, 0.0, 0.0, 1.0]], [[0.9475106596946716, 0.3192044198513031, -0.018223119899630547, -1.14208984375], [0.00411376915872097, -0.06916310638189316, -0.9975968599319458, 1.5885491371154785], [-0.31969770789146423, 0.9451587796211243, -0.06684590876102448, -0.103668212890625], [0.0, 0.0, 0.0, 1.0]], [[0.0015926501946523786, 0.9982436895370483, -0.05922207236289978, 0.0028228759765625], [-0.02131805010139942, -0.059174794703722, -0.9980199933052063, 1.5793571472167969], [-0.9997715353965759, 0.0028520063497126102, 0.021186357364058495, 0.001953125], [0.0, 0.0, 0.0, 1.0]], [[-0.9351051449775696, 0.3534093499183655, -0.026079494506120682, 1.13623046875], [0.011290326714515686, -0.04384464770555496, -0.9989745616912842, 1.5514497756958008], [-0.35419049859046936, -0.9344407320022583, 0.03700925409793854, -0.0635986328125], [0.0, 0.0, 0.0, 1.0]]], "view": [[0.0, -2.0, 100.0], [-2.0, 0.0, 100.0], [0.0, 0.0, 1.0]], "bev": "bev_93f2f4f4fd71429dae710a952f992bb0.png", "aux": "aux_93f2f4f4fd71429dae710a952f992bb0.npz", "visibility": "visibility_93f2f4f4fd71429dae710a952f992bb0.png", "pose": [[-0.44080764055252075, 0.8976016044616699, 0.0, 506.0426025390625], [-0.8976016044616699, -0.44080764055252075, 0.0, 1380.943115234375], [0.0, 0.0, 1.0, 0.0], [0.0, 0.0, 0.0, 1.0]], "pose_inverse": [[-0.44080764055252075, -0.8976016044616699, 0.0, 1462.604248046875], [0.8976016044616699, -0.44080764055252075, 0.0, 154.50563049316406], [0.0, 0.0, 1.0, 0.0], [0.0, 0.0, 0.0, 1.0]], "cam_ids": [0, 1, 2, 3, 4, 5], "cam_channels": ["CAM_FRONT_LEFT", "CAM_FRONT", "CAM_FRONT_RIGHT", "CAM_BACK_LEFT", "CAM_BACK", "CAM_BACK_RIGHT"], "token": "93f2f4f4fd71429dae710a952f992bb0", "scene": "scene-0977"}, {"images": ["samples/CAM_FRONT_LEFT/n015-2018-09-25-11-10-38+0800__CAM_FRONT_LEFT__1537845287254844.jpg", "samples/CAM_FRONT/n015-2018-09-25-11-10-38+0800__CAM_FRONT__1537845287262460.jpg", "samples/CAM_FRONT_RIGHT/n015-2018-09-25-11-10-38+0800__CAM_FRONT_RIGHT__1537845287270339.jpg", "samples/CAM_BACK_LEFT/n015-2018-09-25-11-10-38+0800__CAM_BACK_LEFT__1537845287297423.jpg", "samples/CAM_BACK/n015-2018-09-25-11-10-38+0800__CAM_BACK__1537845287287525.jpg", "samples/CAM_BACK_RIGHT/n015-2018-09-25-11-10-38+0800__CAM_BACK_RIGHT__1537845287277893.jpg"], "intrinsics": [[[1272.5979470598488, 0.0, 826.6154927353808], [0.0, 1272.5979470598488, 479.75165386361925], [0.0, 0.0, 1.0]], [[1266.417203046554, 0.0, 816.2670197447984], [0.0, 1266.417203046554, 491.50706579294757], [0.0, 0.0, 1.0]], [[1260.8474446004698, 0.0, 807.968244525554], [0.0, 1260.8474446004698, 495.3344268742088], [0.0, 0.0, 1.0]], [[1256.7414812095406, 0.0, 792.1125740759628], [0.0, 1256.7414812095406, 492.7757465151356], [0.0, 0.0, 1.0]], [[809.2209905677063, 0.0, 829.2196003259838], [0.0, 809.2209905677063, 481.77842384512485], [0.0, 0.0, 1.0]], [[1259.5137405846733, 0.0, 807.2529053838625], [0.0, 1259.5137405846733, 501.19579884916527], [0.0, 0.0, 1.0]]], "extrinsics": [[[0.8211873769760132, -0.5700793266296387, 0.025707529857754707, -0.9649658203125], [-0.004829334560781717, -0.05198969319462776, -0.9986359477043152, 1.5082483291625977], [0.5706382393836975, 0.8199430704116821, -0.04544638469815254, -1.2802734375], [0.0, 0.0, 0.0, 1.0]], [[0.006474319379776716, -0.9984108805656433, 0.05597831681370735, 0.0050506591796875], [-0.01011320948600769, -0.05604200437664986, -0.9983772039413452, 1.5205307006835938], [0.9999279379844666, 0.005897723138332367, -0.01045997440814972, -1.6923828125], [0.0, 0.0, 0.0, 1.0]], [[-0.8325246572494507, -0.5534113645553589, 0.025265829637646675, 1.0323486328125], [-0.004504409618675709, -0.03884356468915939, -0.9992351531982422, 1.5036430358886719], [0.5539695620536804, -0.8320017457008362, 0.02984543703496456, -1.248779296875], [0.0, 0.0, 0.0, 1.0]], [[0.9475125074386597, 0.3192026615142822, -0.01815818063914776, -1.1422119140625], [0.004175956826657057, -0.06914521008729935, -0.997597873210907, 1.5885581970214844], [-0.31969138979911804, 0.9451605677604675, -0.06684893369674683, -0.103668212890625], [0.0, 0.0, 0.0, 1.0]], [[0.0016071227146312594, 0.99824458360672, -0.05920577049255371, 0.0028228759765625], [-0.021253030747175217, -0.05915837734937668, -0.9980223774909973, 1.5793533325195312], [-0.999772846698761, 0.002862264635041356, 0.021120646968483925, 0.001953125], [0.0, 0.0, 0.0, 1.0]], [[-0.9350957870483398, 0.3534283936023712, -0.02615591511130333, 1.13623046875], [0.011375525034964085, -0.043833132833242416, -0.9989741444587708, 1.5514497756958008], [-0.35421234369277954, -0.9344341158866882, 0.036967743188142776, -0.0635986328125], [0.0, 0.0, 0.0, 1.0]]], "view": [[0.0, -2.0, 100.0], [-2.0, 0.0, 100.0], [0.0, 0.0, 1.0]], "bev": "bev_bd85014623ad40ae97b860224a67dc6f.png", "aux": "aux_bd85014623ad40ae97b860224a67dc6f.npz", "visibility": "visibility_bd85014623ad40ae97b860224a67dc6f.png", "pose": [[-0.4407680034637451, 0.8976210355758667, 0.0, 506.0426330566406], [-0.8976210355758667, -0.4407680034637451, 0.0, 1380.9432373046875], [0.0, 0.0, 1.0, 0.0], [0.0, 0.0, 0.0, 1.0]], "pose_inverse": [[-0.4407680034637451, -0.8976210355758667, 0.0, 1462.611083984375], [0.8976210355758667, -0.4407680034637451, 0.0, 154.4410858154297], [0.0, 0.0, 1.0, 0.0], [0.0, 0.0, 0.0, 1.0]], "cam_ids": [0, 1, 2, 3, 4, 5], "cam_channels": ["CAM_FRONT_LEFT", "CAM_FRONT", "CAM_FRONT_RIGHT", "CAM_BACK_LEFT", "CAM_BACK", "CAM_BACK_RIGHT"], "token": "bd85014623ad40ae97b860224a67dc6f", "scene": "scene-0977"}, {"images": ["samples/CAM_FRONT_LEFT/n015-2018-09-25-11-10-38+0800__CAM_FRONT_LEFT__1537845287754844.jpg", "samples/CAM_FRONT/n015-2018-09-25-11-10-38+0800__CAM_FRONT__1537845287762460.jpg", "samples/CAM_FRONT_RIGHT/n015-2018-09-25-11-10-38+0800__CAM_FRONT_RIGHT__1537845287770339.jpg", "samples/CAM_BACK_LEFT/n015-2018-09-25-11-10-38+0800__CAM_BACK_LEFT__1537845287797423.jpg", "samples/CAM_BACK/n015-2018-09-25-11-10-38+0800__CAM_BACK__1537845287787525.jpg", "samples/CAM_BACK_RIGHT/n015-2018-09-25-11-10-38+0800__CAM_BACK_RIGHT__1537845287777893.jpg"], "intrinsics": [[[1272.5979470598488, 0.0, 826.6154927353808], [0.0, 1272.5979470598488, 479.75165386361925], [0.0, 0.0, 1.0]], [[1266.417203046554, 0.0, 816.2670197447984], [0.0, 1266.417203046554, 491.50706579294757], [0.0, 0.0, 1.0]], [[1260.8474446004698, 0.0, 807.968244525554], [0.0, 1260.8474446004698, 495.3344268742088], [0.0, 0.0, 1.0]], [[1256.7414812095406, 0.0, 792.1125740759628], [0.0, 1256.7414812095406, 492.7757465151356], [0.0, 0.0, 1.0]], [[809.2209905677063, 0.0, 829.2196003259838], [0.0, 809.2209905677063, 481.77842384512485], [0.0, 0.0, 1.0]], [[1259.5137405846733, 0.0, 807.2529053838625], [0.0, 1259.5137405846733, 501.19579884916527], [0.0, 0.0, 1.0]]], "extrinsics": [[[0.8211926817893982, -0.570072591304779, 0.025686515495181084, -0.9649658203125], [-0.004844698589295149, -0.05197570100426674, -0.9986366033554077, 1.5082502365112305], [0.5706304311752319, 0.819948673248291, -0.04544389620423317, -1.2801513671875], [0.0, 0.0, 0.0, 1.0]], [[0.006481405813246965, -0.9984116554260254, 0.055965717881917953, 0.0050811767578125], [-0.010134292766451836, -0.056029610335826874, -0.9983776807785034, 1.5205345153808594], [0.9999276995658875, 0.0059036980383098125, -0.01048134546726942, -1.6922607421875], [0.0, 0.0, 0.0, 1.0]], [[-0.8325219750404358, -0.5534151792526245, 0.025276172906160355, 1.0322265625], [-0.00452303746715188, -0.038833994418382645, -0.9992353916168213, 1.5036439895629883], [0.5539736151695251, -0.8319997787475586, 0.02982703223824501, -1.248779296875], [0.0, 0.0, 0.0, 1.0]], [[0.9475119709968567, 0.31920450925827026, -0.01815212517976761, -1.1422119140625], [0.004176079761236906, -0.06912630796432495, -0.9975991249084473, 1.5885558128356934], [-0.3196929693222046, 0.9451614022254944, -0.06683102995157242, -0.103668212890625], [0.0, 0.0, 0.0, 1.0]], [[0.0016056746244430542, 0.9982452392578125, -0.05919378995895386, 0.0027618408203125], [-0.02124900184571743, -0.05914643779397011, -0.9980231523513794, 1.5793571472167969], [-0.9997729659080505, 0.0028602636884897947, 0.021116744726896286, 0.001953125], [0.0, 0.0, 0.0, 1.0]], [[-0.9350972175598145, 0.3534259796142578, -0.026142951101064682, 1.1363525390625], [0.01136487815529108, -0.04382496699690819, -0.9989745616912842, 1.5514497756958008], [-0.3542092740535736, -0.9344354271888733, 0.03696395829319954, -0.06365966796875], [0.0, 0.0, 0.0, 1.0]]], "view": [[0.0, -2.0, 100.0], [-2.0, 0.0, 100.0], [0.0, 0.0, 1.0]], "bev": "bev_087e03ec5f3e475697dda75b4f8a3738.png", "aux": "aux_087e03ec5f3e475697dda75b4f8a3738.npz", "visibility": "visibility_087e03ec5f3e475697dda75b4f8a3738.png", "pose": [[-0.44074442982673645, 0.8976326584815979, 0.0, 506.0426025390625], [-0.8976326584815979, -0.44074442982673645, 0.0, 1380.943115234375], [0.0, 0.0, 1.0, 0.0], [0.0, 0.0, 0.0, 1.0]], "pose_inverse": [[-0.44074442982673645, -0.8976326584815979, 0.0, 1462.6151123046875], [0.8976326584815979, -0.44074442982673645, 0.0, 154.40261840820312], [0.0, 0.0, 1.0, 0.0], [0.0, 0.0, 0.0, 1.0]], "cam_ids": [0, 1, 2, 3, 4, 5], "cam_channels": ["CAM_FRONT_LEFT", "CAM_FRONT", "CAM_FRONT_RIGHT", "CAM_BACK_LEFT", "CAM_BACK", "CAM_BACK_RIGHT"], "token": "087e03ec5f3e475697dda75b4f8a3738", "scene": "scene-0977"}, {"images": ["samples/CAM_FRONT_LEFT/n015-2018-09-25-11-10-38+0800__CAM_FRONT_LEFT__1537845288154844.jpg", "samples/CAM_FRONT/n015-2018-09-25-11-10-38+0800__CAM_FRONT__1537845288162460.jpg", "samples/CAM_FRONT_RIGHT/n015-2018-09-25-11-10-38+0800__CAM_FRONT_RIGHT__1537845288170339.jpg", "samples/CAM_BACK_LEFT/n015-2018-09-25-11-10-38+0800__CAM_BACK_LEFT__1537845288197423.jpg", "samples/CAM_BACK/n015-2018-09-25-11-10-38+0800__CAM_BACK__1537845288187525.jpg", "samples/CAM_BACK_RIGHT/n015-2018-09-25-11-10-38+0800__CAM_BACK_RIGHT__1537845288177897.jpg"], "intrinsics": [[[1272.5979470598488, 0.0, 826.6154927353808], [0.0, 1272.5979470598488, 479.75165386361925], [0.0, 0.0, 1.0]], [[1266.417203046554, 0.0, 816.2670197447984], [0.0, 1266.417203046554, 491.50706579294757], [0.0, 0.0, 1.0]], [[1260.8474446004698, 0.0, 807.968244525554], [0.0, 1260.8474446004698, 495.3344268742088], [0.0, 0.0, 1.0]], [[1256.7414812095406, 0.0, 792.1125740759628], [0.0, 1256.7414812095406, 492.7757465151356], [0.0, 0.0, 1.0]], [[809.2209905677063, 0.0, 829.2196003259838], [0.0, 809.2209905677063, 481.77842384512485], [0.0, 0.0, 1.0]], [[1259.5137405846733, 0.0, 807.2529053838625], [0.0, 1259.5137405846733, 501.19579884916527], [0.0, 0.0, 1.0]]], "extrinsics": [[[0.8211972117424011, -0.5700733661651611, 0.025523370131850243, -0.9649658203125], [-0.004903714172542095, -0.05177535116672516, -0.9986467361450195, 1.5082464218139648], [0.5706232786178589, 0.8199607729911804, -0.04531325027346611, -1.2801513671875], [0.0, 0.0, 0.0, 1.0]], [[0.006490541622042656, -0.9984228610992432, 0.055762242525815964, 0.0050811767578125], [-0.010197507217526436, -0.05582660809159279, -0.998388409614563, 1.5205326080322266], [0.9999269247055054, 0.0059114620089530945, -0.010543771088123322, -1.6923828125], [0.0, 0.0, 0.0, 1.0]], [[-0.832518458366394, -0.5534231662750244, 0.02521493472158909, 1.032470703125], [-0.004589199088513851, -0.03862371668219566, -0.9992432594299316, 1.503645896911621], [0.5539782643318176, -0.832004189491272, 0.029615191742777824, -1.248779296875], [0.0, 0.0, 0.0, 1.0]], [[0.9475115537643433, 0.31920406222343445, -0.018178071826696396, -1.1422119140625], [0.004085439257323742, -0.06893918663263321, -0.9976125359535217, 1.5885543823242188], [-0.31969520449638367, 0.9451751708984375, -0.06662476807832718, -0.103668212890625], [0.0, 0.0, 0.0, 1.0]], [[0.0016028312966227531, 0.9982572197914124, -0.05899185314774513, 0.002792