[{"images": ["samples/CAM_FRONT_LEFT/n008-2018-08-01-15-52-19-0400__CAM_FRONT_LEFT__1533153670354799.jpg", "samples/CAM_FRONT/n008-2018-08-01-15-52-19-0400__CAM_FRONT__1533153670362404.jpg", "samples/CAM_FRONT_RIGHT/n008-2018-08-01-15-52-19-0400__CAM_FRONT_RIGHT__1533153670370482.jpg", "samples/CAM_BACK_LEFT/n008-2018-08-01-15-52-19-0400__CAM_BACK_LEFT__1533153670397405.jpg", "samples/CAM_BACK/n008-2018-08-01-15-52-19-0400__CAM_BACK__1533153670387558.jpg", "samples/CAM_BACK_RIGHT/n008-2018-08-01-15-52-19-0400__CAM_BACK_RIGHT__1533153670378129.jpg"], "intrinsics": [[[1257.8625342125129, 0.0, 827.2410631095686], [0.0, 1257.8625342125129, 450.915498205774], [0.0, 0.0, 1.0]], [[1252.8131021185304, 0.0, 826.588114781398], [0.0, 1252.8131021185304, 469.9846626224581], [0.0, 0.0, 1.0]], [[1256.7485116440405, 0.0, 817.7887570959712], [0.0, 1256.7485116440403, 451.9541780095127], [0.0, 0.0, 1.0]], [[1254.9860565800168, 0.0, 829.5769333630991], [0.0, 1254.9860565800168, 467.1680561863987], [0.0, 0.0, 1.0]], [[796.8910634503094, 0.0, 857.7774326863696], [0.0, 796.8910634503094, 476.8848988407415], [0.0, 0.0, 1.0]], [[1249.9629280788233, 0.0, 825.3768045375984], [0.0, 1249.9629280788233, 462.54816385708756], [0.0, 0.0, 1.0]]], "extrinsics": [[[0.8223205804824829, -0.569017767906189, -0.00275123817846179, -0.6407546997070312], [0.009953098371624947, 0.019217733293771744, -0.9997657537460327, 1.4926605224609375], [0.5689373016357422, 0.8221006393432617, 0.021466625854372978, -1.08349609375], [0.0, 0.0, 0.0, 1.0]], [[0.009971873834729195, -0.9998371601104736, -0.015041154809296131, 0.010498046875], [0.011826805770397186, 0.015158778056502342, -0.9998151659965515, 1.4844512939453125], [0.9998802542686462, 0.009792114607989788, 0.01197604089975357, -1.370361328125], [0.0, 0.0, 0.0, 1.0]], [[-0.8440527319908142, -0.5358774662017822, -0.020259423181414604, 0.852783203125], [0.019862135872244835, 0.006513253785669804, -0.9997814893722534, 1.4986686706542969], [0.5358923673629761, -0.8442707061767578, 0.005146141164004803, -1.12542724609375], [0.0, 0.0, 0.0, 1.0]], [[0.9478830695152283, 0.3186146020889282, 0.0015540706226602197, -1.1357421875], [-0.005703923292458057, 0.02184559404850006, -0.9997451305389404, 1.5619926452636719], [-0.3185673952102661, 0.9476325511932373, 0.02252442203462124, -0.158935546875], [0.0, 0.0, 0.0, 1.0]], [[0.00926407240331173, 0.9998562335968018, 0.014201223850250244, -0.0283203125], [-0.0034904025960713625, 0.014234079979360104, -0.99989253282547, 1.5676746368408203], [-0.9999510049819946, 0.009213513694703579, 0.003621766809374094, -0.064453125], [0.0, 0.0, 0.0, 1.0]], [[-0.9236603379249573, 0.38319143652915955, -0.00397401163354516, 0.971343994140625], [0.0007646133308298886, -0.008527391590178013, -0.9999633431434631, 1.5479774475097656], [-0.38321128487586975, -0.9236295223236084, 0.007583421654999256, -0.121337890625], [0.0, 0.0, 0.0, 1.0]]], "view": [[0.0, -2.0, 100.0], [-2.0, 0.0, 100.0], [0.0, 0.0, 1.0]], "bev": "bev_ee43cd05608e4e9e9f741d38397c2131.png", "aux": "aux_ee43cd05608e4e9e9f741d38397c2131.npz", "visibility": "visibility_ee43cd05608e4e9e9f741d38397c2131.png", "pose": [[0.8502078652381897, 0.5264471173286438, 0.0, 2044.2335205078125], [-0.5264471173286438, 0.8502078652381897, 0.0, 973.5798950195312], [0.0, 0.0, 1.0, 0.0], [0.0, 0.0, 0.0, 1.0]], "pose_inverse": [[0.8502078652381897, -0.5264471173286438, 0.0, -1225.485107421875], [0.5264471173286438, 0.8502078652381897, 0.0, -1903.9261474609375], [0.0, 0.0, 1.0, 0.0], [0.0, 0.0, 0.0, 1.0]], "cam_ids": [0, 1, 2, 3, 4, 5], "cam_channels": ["CAM_FRONT_LEFT", "CAM_FRONT", "CAM_FRONT_RIGHT", "CAM_BACK_LEFT", "CAM_BACK", "CAM_BACK_RIGHT"], "token": "ee43cd05608e4e9e9f741d38397c2131", "scene": "scene-0073"}, {"images": ["samples/CAM_FRONT_LEFT/n008-2018-08-01-15-52-19-0400__CAM_FRONT_LEFT__1533153670854799.jpg", "samples/CAM_FRONT/n008-2018-08-01-15-52-19-0400__CAM_FRONT__1533153670862574.jpg", "samples/CAM_FRONT_RIGHT/n008-2018-08-01-15-52-19-0400__CAM_FRONT_RIGHT__1533153670870482.jpg", "samples/CAM_BACK_LEFT/n008-2018-08-01-15-52-19-0400__CAM_BACK_LEFT__1533153670897405.jpg", "samples/CAM_BACK/n008-2018-08-01-15-52-19-0400__CAM_BACK__1533153670887558.jpg", "samples/CAM_BACK_RIGHT/n008-2018-08-01-15-52-19-0400__CAM_BACK_RIGHT__1533153670878113.jpg"], "intrinsics": [[[1257.8625342125129, 0.0, 827.2410631095686], [0.0, 1257.8625342125129, 450.915498205774], [0.0, 0.0, 1.0]], [[1252.8131021185304, 0.0, 826.588114781398], [0.0, 1252.8131021185304, 469.9846626224581], [0.0, 0.0, 1.0]], [[1256.7485116440405, 0.0, 817.7887570959712], [0.0, 1256.7485116440403, 451.9541780095127], [0.0, 0.0, 1.0]], [[1254.9860565800168, 0.0, 829.5769333630991], [0.0, 1254.9860565800168, 467.1680561863987], [0.0, 0.0, 1.0]], [[796.8910634503094, 0.0, 857.7774326863696], [0.0, 796.8910634503094, 476.8848988407415], [0.0, 0.0, 1.0]], [[1249.9629280788233, 0.0, 825.3768045375984], [0.0, 1249.9629280788233, 462.54816385708756], [0.0, 0.0, 1.0]]], "extrinsics": [[[0.822258472442627, -0.5690996646881104, -0.004083474166691303, -0.6465530395507812], [0.00944553129374981, 0.0208207406103611, -0.9997386336326599, 1.4922943115234375], [0.5690358281135559, 0.8220049142837524, 0.02249547839164734, -1.09033203125], [0.0, 0.0, 0.0, 1.0]], [[0.009877844713628292, -0.999814510345459, -0.01653216779232025, 0.0120849609375], [0.011667759157717228, 0.016647091135382652, -0.9997933506965637, 1.4842300415039062], [0.9998831152915955, 0.009683000855147839, 0.011830032803118229, -1.3814697265625], [0.0, 0.0, 0.0, 1.0]], [[-0.8440935015678406, -0.5357834696769714, -0.02103220857679844, 0.8623046875], [0.019912712275981903, 0.007874816656112671, -0.9997707009315491, 1.49847412109375], [0.5358262658119202, -0.844318687915802, 0.004021821077913046, -1.12945556640625], [0.0, 0.0, 0.0, 1.0]], [[0.9481372833251953, 0.31784871220588684, 0.0028189602307975292, -1.1527099609375], [-0.0046705156564712524, 0.02279854565858841, -0.9997291564941406, 1.5621528625488281], [-0.31782686710357666, 0.9478673338890076, 0.02310066856443882, -0.1502685546875], [0.0, 0.0, 0.0, 1.0]], [[0.00965763721615076, 0.9998355507850647, 0.015347201377153397, -0.0277099609375], [-0.0028150207363069057, 0.015375040471553802, -0.9998778104782104, 1.5678024291992188], [-0.9999494552612305, 0.009613276459276676, 0.002963045611977577, -0.0498046875], [0.0, 0.0, 0.0, 1.0]], [[-0.9236345887184143, 0.3832550346851349, -0.003811074187979102, 0.981170654296875], [0.0011185992043465376, -0.007247902452945709, -0.9999731183052063, 1.5480413436889648], [-0.383272260427475, -0.9236141443252563, 0.006265704985707998, -0.1162109375], [0.0, 0.0, 0.0, 1.0]]], "view": [[0.0, -2.0, 100.0], [-2.0, 0.0, 100.0], [0.0, 0.0, 1.0]], "bev": "bev_09e74cd39b204772a30a985e3a1cba94.png", "aux": "aux_09e74cd39b204772a30a985e3a1cba94.npz", "visibility": "visibility_09e74cd39b204772a30a985e3a1cba94.png", "pose": [[0.8497198224067688, 0.5272344946861267, 0.0, 2048.615966796875], [-0.5272344946861267, 0.8497198224067688, 0.0, 970.7913208007812], [0.0, 0.0, 1.0, 0.0], [0.0, 0.0, 0.0, 1.0]], "pose_inverse": [[0.8497198224067688, -0.5272344946861267, 0.0, -1228.9149169921875], [0.5272344946861267, 0.8497198224067688, 0.0, -1905.001708984375], [0.0, 0.0, 1.0, 0.0], [0.0, 0.0, 0.0, 1.0]], "cam_ids": [0, 1, 2, 3, 4, 5], "cam_channels": ["CAM_FRONT_LEFT", "CAM_FRONT", "CAM_FRONT_RIGHT", "CAM_BACK_LEFT", "CAM_BACK", "CAM_BACK_RIGHT"], "token": "09e74cd39b204772a30a985e3a1cba94", "scene": "scene-0073"}, {"images": ["samples/CAM_FRONT_LEFT/n008-2018-08-01-15-52-19-0400__CAM_FRONT_LEFT__1533153671354799.jpg", "samples/CAM_FRONT/n008-2018-08-01-15-52-19-0400__CAM_FRONT__1533153671362404.jpg", "samples/CAM_FRONT_RIGHT/n008-2018-08-01-15-52-19-0400__CAM_FRONT_RIGHT__1533153671370482.jpg", "samples/CAM_BACK_LEFT/n008-2018-08-01-15-52-19-0400__CAM_BACK_LEFT__1533153671397416.jpg", "samples/CAM_BACK/n008-2018-08-01-15-52-19-0400__CAM_BACK__1533153671387558.jpg", "samples/CAM_BACK_RIGHT/n008-2018-08-01-15-52-19-0400__CAM_BACK_RIGHT__1533153671378113.jpg"], "intrinsics": [[[1257.8625342125129, 0.0, 827.2410631095686], [0.0, 1257.8625342125129, 450.915498205774], [0.0, 0.0, 1.0]], [[1252.8131021185304, 0.0, 826.588114781398], [0.0, 1252.8131021185304, 469.9846626224581], [0.0, 0.0, 1.0]], [[1256.7485116440405, 0.0, 817.7887570959712], [0.0, 1256.7485116440403, 451.9541780095127], [0.0, 0.0, 1.0]], [[1254.9860565800168, 0.0, 829.5769333630991], [0.0, 1254.9860565800168, 467.1680561863987], [0.0, 0.0, 1.0]], [[796.8910634503094, 0.0, 857.7774326863696], [0.0, 796.8910634503094, 476.8848988407415], [0.0, 0.0, 1.0]], [[1249.9629280788233, 0.0, 825.3768045375984], [0.0, 1249.9629280788233, 462.54816385708756], [0.0, 0.0, 1.0]]], "extrinsics": [[[0.8221136331558228, -0.569320559501648, -0.001794965355657041, -0.6455612182617188], [0.009543186984956264, 0.016932832077145576, -0.9998111128807068, 1.4923896789550781], [0.5692434310913086, 0.8219411969184875, 0.019353846088051796, -1.08837890625], [0.0, 0.0, 0.0, 1.0]], [[0.009677608497440815, -0.9998728036880493, -0.012677229009568691, 0.0113525390625], [0.01147384475916624, 0.012788024730980396, -0.9998524188995361, 1.4841957092285156], [0.9998873472213745, 0.009530730545520782, 0.011596142314374447, -1.38037109375], [0.0, 0.0, 0.0, 1.0]], [[-0.8441788554191589, -0.5357370972633362, -0.018649717792868614, 0.864990234375], [0.019506921991705894, 0.004066706169396639, -0.9998013973236084, 1.498300552368164], [0.5357065796852112, -0.8443750739097595, 0.007017552386969328, -1.13201904296875], [0.0, 0.0, 0.0, 1.0]], [[0.9479390978813171, 0.318450927734375, 0.0007085304823704064, -1.1575927734375], [-0.0056892926804721355, 0.019159909337759018, -0.9998002052307129, 1.5621089935302734], [-0.31840094923973083, 0.947745680809021, 0.01997418701648712, -0.1524658203125], [0.0, 0.0, 0.0, 1.0]], [[0.00942663662135601, 0.9998880624771118, 0.011620678938925266, -0.029052734375], [-0.003671332262456417, 0.011655724607408047, -0.9999253153800964, 1.5677223205566406], [-0.9999488592147827, 0.009383219294250011, 0.003780795494094491, -0.0443115234375], [0.0, 0.0, 0.0, 1.0]], [[-0.9236005544662476, 0.3833281695842743, -0.00464513199403882, 0.987060546875], [0.00045517791295424104, -0.011020446196198463, -0.9999391436576843, 1.5479106903076172], [-0.3833560049533844, -0.923546552658081, 0.010004008188843727, -0.1142578125], [0.0, 0.0, 0.0, 1.0]]], "view": [[0.0, -2.0, 100.0], [-2.0, 0.0, 100.0], [0.0, 0.0, 1.0]], "bev": "bev_a6345d0a7d9d454ca735feb8639aaf08.png", "aux": "aux_a6345d0a7d9d454ca735feb8639aaf08.npz", "visibility": "visibility_a6345d0a7d9d454ca735feb8639aaf08.png", "pose": [[0.8505499362945557, 0.525894284248352, 0.0, 2053.027099609375], [-0.525894284248352, 0.8505499362945557, 0.0, 967.9859619140625], [0.0, 0.0, 1.0, 0.0], [0.0, 0.0, 0.0, 1.0]], "pose_inverse": [[0.8505499362945557, -0.525894284248352, 0.0, -1237.143798828125], [0.525894284248352, 0.8505499362945557, 0.0, -1902.99560546875], [0.0, 0.0, 1.0, 0.0], [0.0, 0.0, 0.0, 1.0]], "cam_ids": [0, 1, 2, 3, 4, 5], "cam_channels": ["CAM_FRONT_LEFT", "CAM_FRONT", "CAM_FRONT_RIGHT", "CAM_BACK_LEFT", "CAM_BACK", "CAM_BACK_RIGHT"], "token": "a6345d0a7d9d454ca735feb8639aaf08", "scene": "scene-0073"}, {"images": ["samples/CAM_FRONT_LEFT/n008-2018-08-01-15-52-19-0400__CAM_FRONT_LEFT__1533153671854799.jpg", "samples/CAM_FRONT/n008-2018-08-01-15-52-19-0400__CAM_FRONT__1533153671862404.jpg", "samples/CAM_FRONT_RIGHT/n008-2018-08-01-15-52-19-0400__CAM_FRONT_RIGHT__1533153671870482.jpg", "samples/CAM_BACK_LEFT/n008-2018-08-01-15-52-19-0400__CAM_BACK_LEFT__1533153671897405.jpg", "samples/CAM_BACK/n008-2018-08-01-15-52-19-0400__CAM_BACK__1533153671887558.jpg", "samples/CAM_BACK_RIGHT/n008-2018-08-01-15-52-19-0400__CAM_BACK_RIGHT__1533153671878113.jpg"], "intrinsics": [[[1257.8625342125129, 0.0, 827.2410631095686], [0.0, 1257.8625342125129, 450.915498205774], [0.0, 0.0, 1.0]], [[1252.8131021185304, 0.0, 826.588114781398], [0.0, 1252.8131021185304, 469.9846626224581], [0.0, 0.0, 1.0]], [[1256.7485116440405, 0.0, 817.7887570959712], [0.0, 1256.7485116440403, 451.9541780095127], [0.0, 0.0, 1.0]], [[1254.9860565800168, 0.0, 829.5769333630991], [0.0, 1254.9860565800168, 467.1680561863987], [0.0, 0.0, 1.0]], [[796.8910634503094, 0.0, 857.7774326863696], [0.0, 796.8910634503094, 476.8848988407415], [0.0, 0.0, 1.0]], [[1249.9629280788233, 0.0, 825.3768045375984], [0.0, 1249.9629280788233, 462.54816385708756], [0.0, 0.0, 1.0]]], "extrinsics": [[[0.8221831321716309, -0.5691752433776855, -0.007375791203230619, -0.6517677307128906], [0.003417310770601034, 0.017892947420477867, -0.9998340606689453, 1.4897422790527344], [0.569212794303894, 0.822021484375, 0.01665632799267769, -1.08984375], [0.0, 0.0, 0.0, 1.0]], [[0.009729555808007717, -0.9998579025268555, -0.013767385855317116, 0.009521484375], [0.005400175228714943, 0.013820376247167587, -0.9998899102210999, 1.4820384979248047], [0.9999380111694336, 0.00965411588549614, 0.005533874034881592, -1.385986328125], [0.0, 0.0, 0.0, 1.0]], [[-0.8442239761352539, -0.5358045697212219, -0.014125245623290539, 0.867919921875], [0.013448521494865417, 0.005170200020074844, -0.9998961687088013, 1.4966239929199219], [0.5358219742774963, -0.8443262577056885, 0.0028409722726792097, -1.13543701171875], [0.0, 0.0, 0.0, 1.0]], [[0.9479758143424988, 0.318311870098114, -0.004401197656989098, -1.160400390625], [-0.01150504406541586, 0.02044069953262806, -0.9997248649597168, 1.5622787475585938], [-0.3181343376636505, 0.9477656483650208, 0.023039480671286583, -0.1490478515625], [0.0, 0.0, 0.0, 1.0]], [[0.009531527757644653, 0.9998729228973389, 0.012779252603650093, -0.027587890625], [-0.009521338157355785, 0.01287000346928835, -0.9998717904090881, 1.5672550201416016], [-0.9999092221260071, 0.009408659301698208, 0.009642799384891987, -0.0406494140625], [0.0, 0.0, 0.0, 1.0]], [[-0.923638105392456, 0.38326358795166016, 0.0012841374846175313, 0.990478515625], [-0.005487713497132063, -0.009874681942164898, -0.9999362230300903, 1.5468006134033203], [-0.3832263946533203, -0.9235862493515015, 0.011223873123526573, -0.114013671875], [0.0, 0.0, 0.0, 1.0]]], "view": [[0.0, -2.0, 100.0], [-2.0, 0.0, 100.0], [0.0, 0.0, 1.0]], "bev": "bev_d3bb2a6ce8624b858a8ef27e0f2b058b.png", "aux": "aux_d3bb2a6ce8624b858a8ef27e0f2b058b.npz", "visibility": "visibility_d3bb2a6ce8624b858a8ef27e0f2b058b.png", "pose": [[0.8513006567955017, 0.5246781706809998, 0.0, 2057.48583984375], [-0.5246781706809998, 0.8513006567955017, 0.0, 965.1904296875], [0.0, 0.0, 1.0, 0.0], [0.0, 0.0, 0.0, 1.0]], "pose_inverse": [[0.8513006567955017, -0.5246781706809998, 0.0, -1245.124755859375], [0.5246781706809998, 0.8513006567955017, 0.0, -1901.1851806640625], [0.0, 0.0, 1.0, 0.0], [0.0, 0.0, 0.0, 1.0]], "cam_ids": [0, 1, 2, 3, 4, 5], "cam_channels": ["CAM_FRONT_LEFT", "CAM_FRONT", "CAM_FRONT_RIGHT", "CAM_BACK_LEFT", "CAM_BACK", "CAM_BACK_RIGHT"], "token": "d3bb2a6ce8624b858a8ef27e0f2b058b", "scene": "scene-0073"}, {"images": ["samples/CAM_FRONT_LEFT/n008-2018-08-01-15-52-19-0400__CAM_FRONT_LEFT__1533153672404799.jpg", "samples/CAM_FRONT/n008-2018-08-01-15-52-19-0400__CAM_FRONT__1533153672412404.jpg", "samples/CAM_FRONT_RIGHT/n008-2018-08-01-15-52-19-0400__CAM_FRONT_RIGHT__1533153672420482.jpg", "samples/CAM_BACK_LEFT/n008-2018-08-01-15-52-19-0400__CAM_BACK_LEFT__1533153672447405.jpg", "samples/CAM_BACK/n008-2018-08-01-15-52-19-0400__CAM_BACK__1533153672437558.jpg", "samples/CAM_BACK_RIGHT/n008-2018-08-01-15-52-19-0400__CAM_BACK_RIGHT__1533153672428113.jpg"], "intrinsics": [[[1257.8625342125129, 0.0, 827.2410631095686], [0.0, 1257.8625342125129, 450.915498205774], [0.0, 0.0, 1.0]], [[1252.8131021185304, 0.0, 826.588114781398], [0.0, 1252.8131021185304, 469.9846626224581], [0.0, 0.0, 1.0]], [[1256.7485116440405, 0.0, 817.7887570959712], [0.0, 1256.7485116440403, 451.9541780095127], [0.0, 0.0, 1.0]], [[1254.9860565800168, 0.0, 829.5769333630991], [0.0, 1254.9860565800168, 467.1680561863987], [0.0, 0.0, 1.0]], [[796.8910634503094, 0.0, 857.7774326863696], [0.0, 796.8910634503094, 476.8848988407415], [0.0, 0.0, 1.0]], [[1249.9629280788233, 0.0, 825.3768045375984], [0.0, 1249.9629280788233, 462.54816385708756], [0.0, 0.0, 1.0]]], "extrinsics": [[[0.8223555684089661, -0.5689184665679932, -0.007944398559629917, -0.6496353149414062], [0.007077123038470745, 0.024189382791519165, -0.9996823072433472, 1.4911994934082031], [0.5689299702644348, 0.8220381140708923, 0.023918580263853073, -1.093994140625], [0.0, 0.0, 0.0, 1.0]], [[0.00999806635081768, -0.9997487664222717, -0.020060084760189056, 0.0133056640625], [0.009170488454401493, 0.02015191689133644, -0.9997549057006836, 1.4832878112792969], [0.9999079704284668, 0.00981163326650858, 0.009369663894176483, -1.3848876953125], [0.0, 0.0, 0.0, 1.0]], [[-0.8440737724304199, -0.5358226299285889, -0.020823732018470764, 0.867431640625], [0.017339101061224937, 0.01154063455760479, -0.9997830390930176, 1.4976539611816406], [0.5359466671943665, -0.8442517518997192, -0.00045046507148072124, -1.13189697265625], [0.0, 0.0, 0.0, 1.0]], [[0.9478653073310852, 0.31866714358329773, 0.0016042037168517709, -1.1534423828125], [-0.007318481337279081, 0.026800749823451042, -0.9996140003204346, 1.5621185302734375], [-0.31858715415000916, 0.9474877119064331, 0.027735663577914238, -0.15283203125], [0.0, 0.0, 0.0, 1.0]], [[0.009277204051613808, 0.9997724294662476, 0.019207138568162918, -0.029052734375], [-0.0055135153234004974, 0.01925881765782833, -0.9997993111610413, 1.5675411224365234], [-0.9999417066574097, 0.009169517084956169, 0.005690929014235735, -0.0465087890625], [0.0, 0.0, 0.0, 1.0]], [[-0.9236775636672974, 0.38317054510116577, 0.00013987468264531344, 0.98602294921875], [-0.0015887205954641104, -0.0034647544380277395, -0.9999927282333374, 1.5475196838378906], [-0.38316720724105835, -0.9236711263656616, 0.003809066955000162, -0.11376953125], [0.0, 0.0, 0.0, 1.0]]], "view": [[0.0, -2.0, 100.0], [-2.0, 0.0, 100.0], [0.0, 0.0, 1.0]], "bev": "bev_e8047e5dbf074f9cb981164c9d2d1f1f.png", "aux": "aux_e8047e5dbf074f9cb981164c9d2d1f1f.npz", "visibility": "visibility_e8047e5dbf074f9cb981164c9d2d1f1f.png", "pose": [[0.851464033126831, 0.524412989616394, 0.0, 2062.300048828125], [-0.524412989616394, 0.851464033126831, 0.0, 962.1411743164062], [0.0, 0.0, 1.0, 0.0], [0.0, 0.0, 0.0, 1.0]], "pose_inverse": [[0.851464033126831, -0.524412989616394, 0.0, -1251.4149169921875], [0.524412989616394, 0.851464033126831, 0.0, -1900.7255859375], [0.0, 0.0, 1.0, 0.0], [0.0, 0.0, 0.0, 1.0]], "cam_ids": [0, 1, 2, 3, 4, 5], "cam_channels": ["CAM_FRONT_LEFT", "CAM_FRONT", "CAM_FRONT_RIGHT", "CAM_BACK_LEFT", "CAM_BACK", "CAM_BACK_RIGHT"], "token": "e8047e5dbf074f9cb981164c9d2d1f1f", "scene": "scene-0073"}, {"images": ["samples/CAM_FRONT_LEFT/n008-2018-08-01-15-52-19-0400__CAM_FRONT_LEFT__1533153672904799.jpg", "samples/CAM_FRONT/n008-2018-08-01-15-52-19-0400__CAM_FRONT__1533153672912404.jpg", "samples/CAM_FRONT_RIGHT/n008-2018-08-01-15-52-19-0400__CAM_FRONT_RIGHT__1533153672920482.jpg", "samples/CAM_BACK_LEFT/n008-2018-08-01-15-52-19-0400__CAM_BACK_LEFT__1533153672947405.jpg", "samples/CAM_BACK/n008-2018-08-01-15-52-19-0400__CAM_BACK__1533153672937558.jpg", "samples/CAM_BACK_RIGHT/n008-2018-08-01-15-52-19-0400__CAM_BACK_RIGHT__1533153672928113.jpg"], "intrinsics": [[[1257.8625342125129, 0.0, 827.2410631095686], [0.0, 1257.8625342125129, 450.915498205774], [0.0, 0.0, 1.0]], [[1252.8131021185304, 0.0, 826.588114781398], [0.0, 1252.8131021185304, 469.9846626224581], [0.0, 0.0, 1.0]], [[1256.7485116440405, 0.0, 817.7887570959712], [0.0, 1256.7485116440403, 451.9541780095127], [0.0, 0.0, 1.0]], [[1254.9860565800168, 0.0, 829.5769333630991], [0.0, 1254.9860565800168, 467.1680561863987], [0.0, 0.0, 1.0]], [[796.8910634503094, 0.0, 857.7774326863696], [0.0, 796.8910634503094, 476.8848988407415], [0.0, 0.0, 1.0]], [[1249.9629280788233, 0.0, 825.3768045375984], [0.0, 1249.9629280788233, 462.54816385708756], [0.0, 0.0, 1.0]]], "extrinsics": [[[0.8225903511047363, -0.5685992240905762, -0.006328054703772068, -0.6497230529785156], [0.010241862386465073, 0.02594173327088356, -0.999610960483551, 1.4924812316894531], [0.5685422420501709, 0.8222055435180664, 0.027162933722138405, -1.096435546875], [0.0, 0.0, 0.0, 1.0]], [[0.010340573266148567, -0.9997100830078125, -0.021742409095168114, 0.0145263671875], [0.012255886569619179, 0.021868648007512093, -0.9996857643127441, 1.4843254089355469], [0.9998713731765747, 0.010070913471281528, 0.012478470802307129, -1.384765625], [0.0, 0.0, 0.0, 1.0]], [[-0.8439075946807861, -0.5359398126602173, -0.02425735630095005, 0.8662109375], [0.02033989503979683, 0.013220185413956642, -0.9997056722640991, 1.4984703063964844], [0.5361027121543884, -0.8441526889801025, -0.0002556575054768473, -1.13055419921875], [0.0, 0.0, 0.0, 1.0]], [[0.947878897190094, 0.31859928369522095, 0.00447422731667757, -1.155029296875], [-0.004849242512136698, 0.028464771807193756, -0.9995830059051514, 1.562103271484375], [-0.3185938596725464, 0.9474620223045349, 0.028526123613119125, -0.1522216796875], [0.0, 0.0, 0.0, 1.0]], [[0.009171237237751484, 0.999739408493042, 0.020905371755361557, -0.029296875], [-0.0027514868415892124, 0.02093140035867691, -0.99977707862854, 1.5677833557128906], [-0.9999541640281677, 0.00911166612058878, 0.0029427369590848684, -0.0462646484375], [0.0, 0.0, 0.0, 1.0]], [[-0.9237223863601685, 0.3830574154853821, -0.0019701733253896236, 0.98529052734375], [0.0013816168066114187, -0.00181157561019063, -0.9999973773956299, 1.548079490661621], [-0.3830599784851074, -0.9237226843833923, 0.0011441555107012391, -0.11328125], [0.0, 0.0, 0.0, 1.0]]], "view": [[0.0, -2.0, 100.0], [-2.0, 0.0, 100.0], [0.0, 0.0, 1.0]], "bev": "bev_a4dcda5d370e4b60b58f581c28903984.png", "aux": "aux_a4dcda5d370e4b60b58f581c28903984.npz", "visibility": "visibility_a4dcda5d370e4b60b58f581c28903984.png", "pose": [[0.8518966436386108, 0.5237098932266235, 0.0, 2066.570068359375], [-0.5237098932266235, 0.8518966436386108, 0.0, 959.4320678710938], [0.0, 0.0, 1.0, 0.0], [0.0, 0.0, 0.0, 1.0]], "pose_inverse": [[0.8518966436386108, -0.5237098932266235, 0.0, -1258.0400390625], [0.5237098932266235, 0.8518966436386108, 0.0, -1899.6202392578125], [0.0, 0.0, 1.0, 0.0], [0.0, 0.0, 0.0, 1.0]], "cam_ids": [0, 1, 2, 3, 4, 5], "cam_channels": ["CAM_FRONT_LEFT", "CAM_FRONT", "CAM_FRONT_RIGHT", "CAM_BACK_LEFT", "CAM_BACK", "CAM_BACK_RIGHT"], "token": "a4dcda5d370e4b60b58f581c28903984", "scene": "scene-0073"}, {"images": ["samples/CAM_FRONT_LEFT/n008-2018-08-01-15-52-19-0400__CAM_FRONT_LEFT__1533153673404799.jpg", "samples/CAM_FRONT/n008-2018-08-01-15-52-19-0400__CAM_FRONT__1533153673412404.jpg", "samples/CAM_FRONT_RIGHT/n008-2018-08-01-15-52-19-0400__CAM_FRONT_RIGHT__1533153673420482.jpg", "samples/CAM_BACK_LEFT/n008-2018-08-01-15-52-19-0400__CAM_BACK_LEFT__1533153673447405.jpg", "samples/CAM_BACK/n008-2018-08-01-15-52-19-0400__CAM_BACK__1533153673438299.jpg", "samples/CAM_BACK_RIGHT/n008-2018-08-01-15-52-19-0400__CAM_BACK_RIGHT__1533153673428126.jpg"], "intrinsics": [[[1257.8625342125129, 0.0, 827.2410631095686], [0.0, 1257.8625342125129, 450.915498205774], [0.0, 0.0, 1.0]], [[1252.8131021185304, 0.0, 826.588114781398], [0.0, 1252.8131021185304, 469.9846626224581], [0.0, 0.0, 1.0]], [[1256.7485116440405, 0.0, 817.7887570959712], [0.0, 1256.7485116440403, 451.9541780095127], [0.0, 0.0, 1.0]], [[1254.9860565800168, 0.0, 829.5769333630991], [0.0, 1254.9860565800168, 467.1680561863987], [0.0, 0.0, 1.0]], [[796.8910634503094, 0.0, 857.7774326863696], [0.0, 796.8910634503094, 476.8848988407415], [0.0, 0.0, 1.0]], [[1249.9629280788233, 0.0, 825.3768045375984], [0.0, 1249.9629280788233, 462.54816385708756], [0.0, 0.0, 1.0]]], "extrinsics": [[[0.8224021792411804, -0.5688794255256653, -0.005565233062952757, -0.6599006652832031], [0.010912707075476646, 0.02555500715970993, -0.999613881111145, 1.4926795959472656], [0.5688020586967468, 0.8220238089561462, 0.027224505320191383, -1.101806640625], [0.0, 0.0, 0.0, 1.0]], [[0.010088076815009117, -0.9997259378433228, -0.021129203960299492, 0.013427734375], [0.012695841491222382, 0.02125663124024868, -0.9996934533119202, 1.484405517578125], [0.9998685121536255, 0.009816687554121017, 0.012906799092888832, -1.392822265625], [0.0, 0.0, 0.0, 1.0]], [[-0.8440018892288208, -0.5358046889305115, -0.023964904248714447, 0.869384765625], [0.02053450606763363, 0.012368050403892994, -0.9997126460075378, 1.4984512329101562], [0.5359470844268799, -0.8442514538764954, 0.0005638258298859, -1.1329345703125], [0.0, 0.0, 0.0, 1.0]], [[0.9478931427001953, 0.3185739517211914, 0.0030716632027179003, -1.1405029296875], [-0.005683413241058588, 0.026548942551016808, -0.9996313452720642, 1.5620269775390625], [-0.31853798031806946, 0.9475261569023132, 0.026976145803928375, -0.156982421875], [0.0, 0.0, 0.0, 1.0]], [[0.00923823844641447, 0.9997695684432983, 0.019379643723368645, -0.029052734375], [-0.0032133772037923336, 0.01941005326807499, -0.9998064041137695, 1.5677490234375], [-0.9999521374702454, 0.00917421281337738, 0.0033919522538781166, -0.0474853515625], [0.0, 0.0, 0.0, 1.0]], [[-0.9236728549003601, 0.38317495584487915, -0.0023487654980272055, 0.984039306640625], [0.0013297952245920897, -0.0029241417068988085, -0.9999948143959045, 1.5480732917785645], [-0.38317981362342834, -0.9236711263656616, 0.0021914064418524504, -0.1142578125], [0.0, 0.0, 0.0, 1.0]]], "view": [[0.0, -2.0, 100.0], [-2.0, 0.0, 100.0], [0.0, 0.0, 1.0]], "bev": "bev_935186d00f4a45b895de58d8bea7d882.png", "aux": "aux_935186d00f4a45b895de58d8bea7d882.npz", "visibility": "visibility_935186d00f4a45b895de58d8bea7d882.png", "pose": [[0.8526795506477356, 0.5224343538284302, 0.0, 2070.76953125], [-0.5224343538284302, 0.8526795506477356, 0.0, 956.7698364257812], [0.0, 0.0, 1.0, 0.0], [0.0, 0.0, 0.0, 1.0]], "pose_inverse": [[0.8526795506477356, -0.5224343538284302, 0.0, -1265.8533935546875], [0.5224343538284302, 0.8526795506477356, 0.0, -1897.6591796875], [0.0, 0.0, 1.0, 0.0], [0.0, 0.0, 0.0, 1.0]], "cam_ids": [0, 1, 2, 3, 4, 5], "cam_channels": ["CAM_FRONT_LEFT", "CAM_FRONT", "CAM_FRONT_RIGHT", "CAM_BACK_LEFT", "CAM_BACK", "CAM_BACK_RIGHT"], "token": "935186d00f4a45b895de58d8bea7d882", "scene": "scene-0073"}, {"images": ["samples/CAM_FRONT_LEFT/n008-2018-08-01-15-52-19-0400__CAM_FRONT_LEFT__1533153673904799.jpg", "samples/CAM_FRONT/n008-2018-08-01-15-52-19-0400__CAM_FRONT__1533153673912404.jpg", "samples/CAM_FRONT_RIGHT/n008-2018-08-01-15-52-19-0400__CAM_FRONT_RIGHT__1533153673920482.jpg", "samples/CAM_BACK_LEFT/n008-2018-08-01-15-52-19-0400__CAM_BACK_LEFT__1533153673947405.jpg", "samples/CAM_BACK/n008-2018-08-01-15-52-19-0400__CAM_BACK__1533153673937558.jpg", "samples/CAM_BACK_RIGHT/n008-2018-08-01-15-52-19-0400__CAM_BACK_RIGHT__1533153673928113.jpg"], "intrinsics": [[[1257.8625342125129, 0.0, 827.2410631095686], [0.0, 1257.8625342125129, 450.915498205774], [0.0, 0.0, 1.0]], [[1252.8131021185304, 0.0, 826.588114781398], [0.0, 1252.8131021185304, 469.9846626224581], [0.0, 0.0, 1.0]], [[1256.7485116440405, 0.0, 817.7887570959712], [0.0, 1256.7485116440403, 451.9541780095127], [0.0, 0.0, 1.0]], [[1254.9860565800168, 0.0, 829.5769333630991], [0.0, 1254.9860565800168, 467.1680561863987], [0.0, 0.0, 1.0]], [[796.8910634503094, 0.0, 857.7774326863696], [0.0, 796.8910634503094, 476.8848988407415], [0.0, 0.0, 1.0]], [[1249.9629280788233, 0.0, 825.3768045375984], [0.0, 1249.9629280788233, 462.54816385708756], [0.0, 0.0, 1.0]]], "extrinsics": [[[0.8225724697113037, -0.568647563457489, 0.003831639885902405, -0.6641426086425781], [0.019637154415249825, 0.021670682355761528, -0.9995722770690918, 1.4962844848632812], [0.5683212280273438, 0.8222957849502563, 0.028992323204874992, -1.10302734375], [0.0, 0.0, 0.0, 1.0]], [[0.010549253784120083, -0.9997900128364563, -0.017571015283465385, 0.0123291015625], [0.021013174206018448, 0.017789766192436218, -0.9996209144592285, 1.4872016906738281], [0.999723494052887, 0.010176136158406734, 0.021196428686380386, -1.3970947265625], [0.0, 0.0, 0.0, 1.0]], [[-0.8436373472213745, -0.5361296534538269, -0.02900012768805027, 0.873046875], [0.02842029184103012, 0.009346108883619308, -0.999552309513092, 1.5004234313964844], [0.5361607074737549, -0.8440839648246765, 0.007352231536060572, -1.1358642578125], [0.0, 0.0, 0.0, 1.0]], [[0.9478345513343811, 0.3186478018760681, 0.00856274738907814, -1.1412353515625], [0.0006072817486710846, 0.02505730651319027, -0.9996858239173889, 1.562042236328125], [-0.3187622129917145, 0.9475419521331787, 0.023556672036647797, -0.1571044921875], [0.0, 0.0, 0.0, 1.0]], [[0.009015008807182312, 0.9998079538345337, 0.017399653792381287, -0.029052734375], [0.003702511778101325, 0.017366867512464523, -0.9998422861099243, 1.5684013366699219], [-0.9999525547027588, 0.00907796062529087, -0.0035452391020953655, -0.0521240234375], [0.0, 0.0, 0.0, 1.0]], [[-0.9237050414085388, 0.38296881318092346, -0.010198208503425121, 0.987213134765625], [0.008749674074351788, -0.00552406394854188, -0.9999464750289917, 1.5494592189788818], [-0.3830045759677887, -0.923744797706604, 0.0017517543165013194, -0.11328125], [0.0, 0.0, 0.0, 1.0]]], "view": [[0.0, -2.0, 100.0], [-2.0, 0.0, 100.0], [0.0, 0.0, 1.0]], "bev": "bev_b1940961344f40d394a866ccc71d4a0d.png", "aux": "aux_b1940961344f40d394a866ccc71d4a0d.npz", "visibility": "visibility_b1940961344f40d394a866ccc71d4a0d.png", "pose": [[0.8540377020835876, 0.5202111601829529, 0.0, 2074.922607421875], [-0.5202111601829529, 0.8540377020835876, 0.0, 954.1980590820312], [0.0, 0.0, 1.0, 0.0], [0.0, 0.0, 0.0, 1.0]], "pose_inverse": [[0.8540377020835876, -0.5202111601829529, 0.0, -1275.6776123046875], [0.5202111601829529, 0.8540377020835876, 0.0, -1894.3189697265625], [0.0, 0.0, 1.0, 0.0], [0.0, 0.0, 0.0, 1.0]], "cam_ids": [0, 1, 2, 3, 4, 5], "cam_channels": ["CAM_FRONT_LEFT", "CAM_FRONT", "CAM_FRONT_RIGHT", "CAM_BACK_LEFT", "CAM_BACK", "CAM_BACK_RIGHT"], "token": "b1940961344f40d394a866ccc71d4a0d", "scene": "scene-0073"}, {"images": ["samples/CAM_FRONT_LEFT/n008-2018-08-01-15-52-19-0400__CAM_FRONT_LEFT__1533153674404799.jpg", "samples/CAM_FRONT/n008-2018-08-01-15-52-19-0400__CAM_FRONT__1533153674412404.jpg", "samples/CAM_FRONT_RIGHT/n008-2018-08-01-15-52-19-0400__CAM_FRONT_RIGHT__1533153674420482.jpg", "samples/CAM_BACK_LEFT/n008-2018-08-01-15-52-19-0400__CAM_BACK_LEFT__1533153674447405.jpg", "samples/CAM_BACK/n008-2018-08-01-15-52-19-0400__CAM_BACK__1533153674437558.jpg", "samples/CAM_BACK_RIGHT/n008-2018-08-01-15-52-19-0400__CAM_BACK_RIGHT__1533153674428113.jpg"], "intrinsics": [[[1257.8625342125129, 0.0, 827.2410631095686], [0.0, 1257.8625342125129, 450.915498205774], [0.0, 0.0, 1.0]], [[1252.8131021185304, 0.0, 826.588114781398], [0.0, 1252.8131021185304, 469.9846626224581], [0.0, 0.0, 1.0]], [[1256.7485116440405, 0.0, 817.7887570959712], [0.0, 1256.7485116440403, 451.9541780095127], [0.0, 0.0, 1.0]], [[1254.9860565800168, 0.0, 829.5769333630991], [0.0, 1254.9860565800168, 467.1680561863987], [0.0, 0.0, 1.0]], [[796.8910634503094, 0.0, 857.7774326863696], [0.0, 796.8910634503094, 476.8848988407415], [0.0, 0.0, 1.0]], [[1249.9629280788233, 0.0, 825.3768045375984], [0.0, 1249.9629280788233, 462.54816385708756], [0.0, 0.0, 1.0]]], "extrinsics": [[[0.8225213885307312, -0.5687307715415955, -0.001971149817109108, -0.665740966796875], [0.006971380207687616, 0.013547765091061592, -0.9998838901519775, 1.4910621643066406], [0.5686914920806885, 0.8224121928215027, 0.01510816439986229, -1.10595703125], [0.0, 0.0, 0.0, 1.0]], [[0.010271033272147179, -0.9999037981033325, -0.009312860667705536, 0.013671875], [0.008816445246338844, 0.009403543546795845, -0.9999169707298279, 1.4830799102783203], [0.9999083876609802, 0.010188061743974686, 0.008912181481719017, -1.398681640625], [0.0, 0.0, 0.0, 1.0]], [[-0.8439515829086304, -0.5362237691879272, -0.014479952864348888, 0.8740234375], [0.016722330823540688, 0.0006808463949710131, -0.9998599290847778, 1.4974021911621094], [0.536158561706543, -0.8440755605697632, 0.008392310701310635, -1.1356201171875], [0.0, 0.0, 0.0, 1.0]], [[0.9478961229324341, 0.31856104731559753, -0.003438274608924985, -1.142822265625], [-0.009142763912677765, 0.01641356758773327, -0.9998234510421753, 1.5620346069335938], [-0.31844833493232727, 0.9477601647377014, 0.01847088523209095, -0.1566162109375], [0.0, 0.0, 0.0, 1.0]], [[0.00919933058321476, 0.9999206066131592, 0.008608090691268444, -0.0291748046875], [-0.006754883099347353, 0.008670398034155369, -0.9999396204948425, 1.5674047470092773], [-0.9999348521232605, 0.009140652604401112, 0.006834110245108604, -0.05126953125], [0.0, 0.0, 0.0, 1.0]], [[-0.9237473607063293, 0.38298770785331726, -0.003335146699100733, 0.98797607421875], [-0.00230466783978045, -0.014266072772443295, -0.9998955726623535, 1.5474166870117188], [-0.38299524784088135, -0.9236432909965515, 0.014060907065868378, -0.11279296875], [0.0, 0.0, 0.0, 1.0]]], "view": [[0.0, -2.0, 100.0], [-2.0, 0.0, 100.0], [0.0, 0.0, 1.0]], "bev": "bev_28d7133e98e649a8aab88fe13d284d20.png", "aux": "aux_28d7133e98e649a8aab88fe13d284d20.npz", "visibility": "visibility_28d7133e98e649a8aab88fe13d284d20.png", "pose": [[0.8529525995254517, 0.5219883322715759, 0.0, 2078.964111328125], [-0.5219883322715759, 0.8529525995254517, 0.0, 951.6707763671875], [0.0, 0.0, 1.0, 0.0], [0.0, 0.0, 0.0, 1.0]], "pose_inverse": [[0.8529525995254517, -0.5219883322715759, 0.0, -1276.496826171875], [0.5219883322715759, 0.8529525995254517, 0.0, -1896.9251708984375], [0.0, 0.0, 1.0, 0.0], [0.0, 0.0, 0.0, 1.0]], "cam_ids": [0, 1, 2, 3, 4, 5], "cam_channels": ["CAM_FRONT_LEFT", "CAM_FRONT", "CAM_FRONT_RIGHT", "CAM_BACK_LEFT", "CAM_BACK", "CAM_BACK_RIGHT"], "token": "28d7133e98e649a8aab88fe13d284d20", "scene": "scene-0073"}, {"images": ["samples/CAM_FRONT_LEFT/n008-2018-08-01-15-52-19-0400__CAM_FRONT_LEFT__1533153674904799.jpg", "samples/CAM_FRONT/n008-2018-08-01-15-52-19-0400__CAM_FRONT__1533153674912404.jpg", "samples/CAM_FRONT_RIGHT/n008-2018-08-01-15-52-19-0400__CAM_FRONT_RIGHT__1533153674920482.jpg", "samples/CAM_BACK_LEFT/n008-2018-08-01-15-52-19-0400__CAM_BACK_LEFT__1533153674947405.jpg", "samples/CAM_BACK/n008-2018-08-01-15-52-19-0400__CAM_BACK__1533153674937558.jpg", "samples/CAM_BACK_RIGHT/n008-2018-08-01-15-52-19-0400__CAM_BACK_RIGHT__1533153674928113.jpg"], "intrinsics": [[[1257.8625342125129, 0.0, 827.2410631095686], [0.0, 1257.8625342125129, 450.915498205774], [0.0, 0.0, 1.0]], [[1252.8131021185304, 0.0, 826.588114781398], [0.0, 1252.8131021185304, 469.9846626224581], [0.0, 0.0, 1.0]], [[1256.7485116440405, 0.0, 817.7887570959712], [0.0, 1256.7485116440403, 451.9541780095127], [0.0, 0.0, 1.0]], [[1254.9860565800168, 0.0, 829.5769333630991], [0.0, 1254.9860565800168, 467.1680561863987], [0.0, 0.0, 1.0]], [[796.8910634503094, 0.0, 857.7774326863696], [0.0, 796.8910634503094, 476.8848988407415], [0.0, 0.0, 1.0]], [[1249.9629280788233, 0.0, 825.3768045375984], [0.0, 1249.9629280788233, 462.54816385708756], [0.0, 0.0, 1.0]]], "extrinsics": [[[0.8226479887962341, -0.5685404539108276, -0.003460254054516554, -0.6737518310546875], [0.01153547316789627, 0.022775443270802498, -0.9996740818023682, 1.4928207397460938], [0.5684338808059692, 0.8223399519920349, 0.025294559076428413, -1.109130859375], [0.0, 0.0, 0.0, 1.0]], [[0.010490921325981617, -0.9997681379318237, -0.018800554797053337, 0.0120849609375], [0.013533670455217361, 0.018941828981041908, -0.9997289776802063, 1.4845657348632812], [0.9998533129692078, 0.010233710519969463, 0.013729250989854336, -1.40478515625], [0.0, 0.0, 0.0, 1.0]], [[-0.8437997698783875, -0.5361260175704956, -0.023890063166618347, 0.87646484375], [0.021601950749754906, 0.01054870430380106, -0.9997109770774841, 1.4985618591308594], [0.5362231135368347, -0.8440720438957214, 0.0026803729124367237, -1.1383056640625], [0.0, 0.0, 0.0, 1.0]], [[0.9478813409805298, 0.3185881972312927, 0.004740364849567413, -1.1387939453125], [-0.0037978689651936293, 0.026173708960413933, -0.9996501803398132, 1.5620269775390625], [-0.3186008930206299, 0.9475317597389221, 0.02601952850818634, -0.15771484375], [0.0, 0.0, 0.0, 1.0]], [[0.0090945428237319, 0.9997876882553101, 0.01848861575126648, -0.0289306640625], [-0.0017250536475330591, 0.01850503869354725, -0.9998272657394409, 1.5678749084472656], [-0.9999571442604065, 0.009061144664883614, 0.0018929826328530908, -0.0523681640625], [0.0, 0.0, 0.0, 1.0]], [[-0.9237593412399292, 0.38295266032218933, -0.003968643490225077, 0.9893798828125], [0.0024956746492534876, -0.004343071021139622, -0.9999874830245972, 1.548281192779541], [-0.382965087890625, -0.9237577319145203, 0.0030562265310436487, -0.11279296875], [0.0, 0.0, 0.0, 1.0]]], "view": [[0.0, -2.0, 100.0], [-2.0, 0.0, 100.0], [0.0, 0.0, 1.0]], "bev": "bev_6cded1f1cbeb44b88d76f3dd85c06fbd.png", "aux": "aux_6cded1f1cbeb44b88d76f3dd85c06fbd.npz", "visibility": "visibility_6cded1f1cbeb44b88d76f3dd85c06fbd.png", "pose": [[0.8506689071655273, 0.5257017612457275, 0.0, 2082.964599609375], [-0.5257017612457275, 0.8506689071655273, 0.0, 949.1460571289062], [0.0, 0.0, 1.0, 0.0], [0.0, 0.0, 0.0, 1.0]], "pose_inverse": [[0.8506689071655273, -0.5257017612457275, 0.0, -1272.9454345703125], [0.5257017612457275, 0.8506689071655273, 0.0, -1902.42724609375], [0.0, 0.0, 1.0, 0.0], [0.0, 0.0, 0.0, 1.0]], "cam_ids": [0, 1, 2, 3, 4, 5], "cam_channels": ["CAM_FRONT_LEFT", "CAM_FRONT", "CAM_FRONT_RIGHT", "CAM_BACK_LEFT", "CAM_BACK", "CAM_BACK_RIGHT"], "token": "6cded1f1cbeb44b88d76f3dd85c06fbd", "scene": "scene-0073"}, {"images": ["samples/CAM_FRONT_LEFT/n008-2018-08-01-15-52-19-0400__CAM_FRONT_LEFT__1533153675404799.jpg", "samples/CAM_FRONT/n008-2018-08-01-15-52-19-0400__CAM_FRONT__1533153675412404.jpg", "samples/CAM_FRONT_RIGHT/n008-2018-08-01-15-52-19-0400__CAM_FRONT_RIGHT__1533153675420482.jpg", "samples/CAM_BACK_LEFT/n008-2018-08-01-15-52-19-0400__CAM_BACK_LEFT__1533153675447405.jpg", "samples/CAM_BACK/n008-2018-08-01-15-52-19-0400__CAM_BACK__1533153675437558.jpg", "samples/CAM_BACK_RIGHT/n008-2018-08-01-15-52-19-0400__CAM_BACK_RIGHT__1533153675428113.jpg"], "intrinsics": [[[1257.8625342125129, 0.0, 827.2410631095686], [0.0, 1257.8625342125129, 450.915498205774], [0.0, 0.0, 1.0]], [[1252.8131021185304, 0.0, 826.588114781398], [0.0, 1252.8131021185304, 469.9846626224581], [0.0, 0.0, 1.0]], [[1256.7485116440405, 0.0, 817.7887570959712], [0.0, 1256.7485116440403, 451.9541780095127], [0.0, 0.0, 1.0]], [[1254.9860565800168, 0.0, 829.5769333630991], [0.0, 1254.9860565800168, 467.1680561863987], [0.0, 0.0, 1.0]], [[796.8910634503094, 0.0, 857.7774326863696], [0.0, 796.8910634503094, 476.8848988407415], [0.0, 0.0, 1.0]], [[1249.9629280788233, 0.0, 825.3768045375984], [0.0, 1249.9629280788233, 462.54816385708756], [0.0, 0.0, 1.0]]], "extrinsics": [[[0.8225218057632446, -0.568699836730957, -0.006199442781507969, -0.6810874938964844], [0.00662241131067276, 0.020476682111620903, -0.9997684359550476, 1.4908828735351562], [0.568695068359375, 0.822290301322937, 0.020608682185411453, -1.110107421875], [0.0, 0.0, 0.0, 1.0]], [[0.010241074487566948, -0.9998152256011963, -0.016264494508504868, 0.009521484375], [0.00868690200150013, 0.01635369099676609, -0.999828577041626, 1.4829559326171875], [0.9999097585678101, 0.01009814627468586, 0.008852777071297169, -1.411865234375], [0.0, 0.0, 0.0, 1.0]], [[-0.8439739346504211, -0.53607177734375, -0.01830570586025715, 0.88134765625], [0.016825316473841667, 0.007652801927179098, -0.999829113483429, 1.4972419738769531], [0.5361202955245972, -0.8441377878189087, 0.002560811350122094, -1.14385986328125], [0.0, 0.0, 0.0, 1.0]], [[0.9478884935379028, 0.3186019957065582, -0.0004913421580567956, -1.14013671875], [-0.008242211304605007, 0.022980084642767906, -0.999701976776123, 1.5620059967041016], [-0.3184957206249237, 0.9476099610328674, 0.02440854161977768, -0.1573486328125], [0.0, 0.0, 0.0, 1.0]], [[0.009211260825395584, 0.999840259552002, 0.015318160876631737, -0.0283203125], [-0.006249454338103533, 0.015376073308289051, -0.9998622536659241, 1.567474365234375], [-0.9999380111694336, 0.009114333428442478, 0.0063900887034833