[{"images": ["samples/CAM_FRONT_LEFT/n015-2018-11-21-19-38-26+0800__CAM_FRONT_LEFT__1542800867904844.jpg", "samples/CAM_FRONT/n015-2018-11-21-19-38-26+0800__CAM_FRONT__1542800867912460.jpg", "samples/CAM_FRONT_RIGHT/n015-2018-11-21-19-38-26+0800__CAM_FRONT_RIGHT__1542800867920340.jpg", "samples/CAM_BACK_LEFT/n015-2018-11-21-19-38-26+0800__CAM_BACK_LEFT__1542800867947423.jpg", "samples/CAM_BACK/n015-2018-11-21-19-38-26+0800__CAM_BACK__1542800867937525.jpg", "samples/CAM_BACK_RIGHT/n015-2018-11-21-19-38-26+0800__CAM_BACK_RIGHT__1542800867927893.jpg"], "intrinsics": [[[1272.5979470598488, 0.0, 826.6154927353808], [0.0, 1272.5979470598488, 479.75165386361925], [0.0, 0.0, 1.0]], [[1266.417203046554, 0.0, 816.2670197447984], [0.0, 1266.417203046554, 491.50706579294757], [0.0, 0.0, 1.0]], [[1260.8474446004698, 0.0, 807.968244525554], [0.0, 1260.8474446004698, 495.3344268742088], [0.0, 0.0, 1.0]], [[1256.7414812095406, 0.0, 792.1125740759628], [0.0, 1256.7414812095406, 492.7757465151356], [0.0, 0.0, 1.0]], [[809.2209905677063, 0.0, 829.2196003259838], [0.0, 809.2209905677063, 481.77842384512485], [0.0, 0.0, 1.0]], [[1259.5137405846733, 0.0, 807.2529053838625], [0.0, 1259.5137405846733, 501.19579884916527], [0.0, 0.0, 1.0]]], "extrinsics": [[[0.8201988935470581, -0.5712845325469971, 0.030128473415970802, -0.5186767578125], [0.025341268628835678, -0.016331439837813377, -0.9995454549789429, 1.5220298767089844], [0.5715168118476868, 0.820589542388916, 0.0010820453753694892, -0.9716339111328125], [0.0, 0.0, 0.0, 1.0]], [[0.005090091843158007, -0.9997771978378296, 0.02048312872648239, 0.00885009765625], [0.01986510306596756, -0.02037825807929039, -0.9995949864387512, 1.5294227600097656], [0.9997896552085876, 0.005494899116456509, 0.019756952300667763, -1.246337890625], [0.0, 0.0, 0.0, 1.0]], [[-0.8327335715293884, -0.5533360242843628, -0.019337154924869537, 0.7451171875], [0.025310182943940163, -0.0031550040002912283, -0.9996746182441711, 1.5124015808105469], [0.5530949831008911, -0.832952082157135, 0.0166323184967041, -1.05615234375], [0.0, 0.0, 0.0, 1.0]], [[0.9474751353263855, 0.3191331624984741, 0.021091891452670097, -1.1431884765625], [0.03341289609670639, -0.033181749284267426, -0.9988906383514404, 1.5885467529296875], [-0.31807926297187805, 0.9471288323402405, -0.04210204631090164, -0.10400390625], [0.0, 0.0, 0.0, 1.0]], [[0.0029497258365154266, 0.9997234344482422, -0.0233317781239748, 0.00250244140625], [0.0082072289660573, -0.02335529588162899, -0.9996935725212097, 1.580413818359375], [-0.9999620318412781, 0.0027573471888899803, -0.008273850195109844, -0.12451171875], [0.0, 0.0, 0.0, 1.0]], [[-0.9340251684188843, 0.35481852293014526, -0.04123977944254875, 0.9024658203125], [0.04102756828069687, -0.008125021122395992, -0.9991250038146973, 1.5617141723632812], [-0.3548431098461151, -0.9348998665809631, -0.006968366447836161, -0.1514739990234375], [0.0, 0.0, 0.0, 1.0]]], "view": [[0.0, -2.0, 100.0], [-2.0, 0.0, 100.0], [0.0, 0.0, 1.0]], "bev": "bev_344e3d96df1d44dfb8fe0ee4d69b980b.png", "aux": "aux_344e3d96df1d44dfb8fe0ee4d69b980b.npz", "visibility": "visibility_344e3d96df1d44dfb8fe0ee4d69b980b.png", "pose": [[-0.429496169090271, 0.9030686616897583, 0.0, 1459.8056640625], [-0.9030686616897583, -0.429496169090271, 0.0, 1107.3902587890625], [0.0, 0.0, 1.0, 0.0], [0.0, 0.0, 0.0, 1.0]], "pose_inverse": [[-0.429496169090271, -0.9030686616897583, 0.0, 1627.0303955078125], [0.9030686616897583, -0.429496169090271, 0.0, -842.6848754882812], [0.0, 0.0, 1.0, 0.0], [0.0, 0.0, 0.0, 1.0]], "cam_ids": [0, 1, 2, 3, 4, 5], "cam_channels": ["CAM_FRONT_LEFT", "CAM_FRONT", "CAM_FRONT_RIGHT", "CAM_BACK_LEFT", "CAM_BACK", "CAM_BACK_RIGHT"], "token": "344e3d96df1d44dfb8fe0ee4d69b980b", "scene": "scene-1095"}, {"images": ["samples/CAM_FRONT_LEFT/n015-2018-11-21-19-38-26+0800__CAM_FRONT_LEFT__1542800868404844.jpg", "samples/CAM_FRONT/n015-2018-11-21-19-38-26+0800__CAM_FRONT__1542800868412460.jpg", "samples/CAM_FRONT_RIGHT/n015-2018-11-21-19-38-26+0800__CAM_FRONT_RIGHT__1542800868420339.jpg", "samples/CAM_BACK_LEFT/n015-2018-11-21-19-38-26+0800__CAM_BACK_LEFT__1542800868447423.jpg", "samples/CAM_BACK/n015-2018-11-21-19-38-26+0800__CAM_BACK__1542800868437525.jpg", "samples/CAM_BACK_RIGHT/n015-2018-11-21-19-38-26+0800__CAM_BACK_RIGHT__1542800868427893.jpg"], "intrinsics": [[[1272.5979470598488, 0.0, 826.6154927353808], [0.0, 1272.5979470598488, 479.75165386361925], [0.0, 0.0, 1.0]], [[1266.417203046554, 0.0, 816.2670197447984], [0.0, 1266.417203046554, 491.50706579294757], [0.0, 0.0, 1.0]], [[1260.8474446004698, 0.0, 807.968244525554], [0.0, 1260.8474446004698, 495.3344268742088], [0.0, 0.0, 1.0]], [[1256.7414812095406, 0.0, 792.1125740759628], [0.0, 1256.7414812095406, 492.7757465151356], [0.0, 0.0, 1.0]], [[809.2209905677063, 0.0, 829.2196003259838], [0.0, 809.2209905677063, 481.77842384512485], [0.0, 0.0, 1.0]], [[1259.5137405846733, 0.0, 807.2529053838625], [0.0, 1259.5137405846733, 501.19579884916527], [0.0, 0.0, 1.0]]], "extrinsics": [[[0.820841372013092, -0.5707094669342041, 0.022587064653635025, -0.51025390625], [0.025164006277918816, -0.0033714626915752888, -0.9996776580810547, 1.5221176147460938], [0.5706015825271606, 0.8211451768875122, 0.011593899689614773, -0.9700927734375], [0.0, 0.0, 0.0, 1.0]], [[0.006014175713062286, -0.9999526143074036, 0.007648158352822065, 0.0118408203125], [0.02045617066323757, -0.007523670326918364, -0.9997624754905701, 1.5298118591308594], [0.9997726082801819, 0.006169209256768227, 0.020409952849149704, -1.2403564453125], [0.0, 0.0, 0.0, 1.0]], [[-0.8322776556015015, -0.5536749362945557, -0.02753007598221302, 0.74224853515625], [0.02667836844921112, 0.00959985051304102, -0.9995979070663452, 1.5129623413085938], [0.5537165999412537, -0.8326774835586548, 0.006781404372304678, -1.0518798828125], [0.0, 0.0, 0.0, 1.0]], [[0.9474489688873291, 0.31869471073150635, 0.027824779972434044, -1.1419677734375], [0.03667565807700157, -0.021804168820381165, -0.9990893006324768, 1.588531494140625], [-0.3177977502346039, 0.9476065039634705, -0.03234667330980301, -0.1031494140625], [0.0, 0.0, 0.0, 1.0]], [[0.002727772109210491, 0.9999343752861023, -0.01112738624215126, 0.0023193359375], [0.010911977849900723, -0.011156528256833553, -0.9998782277107239, 1.5807647705078125], [-0.9999367594718933, 0.002606005873531103, -0.010941696353256702, -0.1265869140625], [0.0, 0.0, 0.0, 1.0]], [[-0.9341586232185364, 0.3547578454017639, -0.038658104836940765, 0.8992919921875], [0.04305994138121605, 0.004518474917858839, -0.9990622997283936, 1.5623321533203125], [-0.3542504906654358, -0.9349473118782043, -0.019496824592351913, -0.1511077880859375], [0.0, 0.0, 0.0, 1.0]]], "view": [[0.0, -2.0, 100.0], [-2.0, 0.0, 100.0], [0.0, 0.0, 1.0]], "bev": "bev_8d211c7a254145a5a028b5f3185b12af.png", "aux": "aux_8d211c7a254145a5a028b5f3185b12af.npz", "visibility": "visibility_8d211c7a254145a5a028b5f3185b12af.png", "pose": [[-0.4292862117290497, 0.9031684994697571, 0.0, 1457.0057373046875], [-0.9031684994697571, -0.4292862117290497, 0.0, 1101.5775146484375], [0.0, 0.0, 1.0, 0.0], [0.0, 0.0, 0.0, 1.0]], "pose_inverse": [[-0.4292862117290497, -0.9031684994697571, 0.0, 1620.382568359375], [0.9031684994697571, -0.4292862117290497, 0.0, -843.0296630859375], [0.0, 0.0, 1.0, 0.0], [0.0, 0.0, 0.0, 1.0]], "cam_ids": [0, 1, 2, 3, 4, 5], "cam_channels": ["CAM_FRONT_LEFT", "CAM_FRONT", "CAM_FRONT_RIGHT", "CAM_BACK_LEFT", "CAM_BACK", "CAM_BACK_RIGHT"], "token": "8d211c7a254145a5a028b5f3185b12af", "scene": "scene-1095"}, {"images": ["samples/CAM_FRONT_LEFT/n015-2018-11-21-19-38-26+0800__CAM_FRONT_LEFT__1542800868904844.jpg", "samples/CAM_FRONT/n015-2018-11-21-19-38-26+0800__CAM_FRONT__1542800868912460.jpg", "samples/CAM_FRONT_RIGHT/n015-2018-11-21-19-38-26+0800__CAM_FRONT_RIGHT__1542800868920339.jpg", "samples/CAM_BACK_LEFT/n015-2018-11-21-19-38-26+0800__CAM_BACK_LEFT__1542800868947423.jpg", "samples/CAM_BACK/n015-2018-11-21-19-38-26+0800__CAM_BACK__1542800868937528.jpg", "samples/CAM_BACK_RIGHT/n015-2018-11-21-19-38-26+0800__CAM_BACK_RIGHT__1542800868927893.jpg"], "intrinsics": [[[1272.5979470598488, 0.0, 826.6154927353808], [0.0, 1272.5979470598488, 479.75165386361925], [0.0, 0.0, 1.0]], [[1266.417203046554, 0.0, 816.2670197447984], [0.0, 1266.417203046554, 491.50706579294757], [0.0, 0.0, 1.0]], [[1260.8474446004698, 0.0, 807.968244525554], [0.0, 1260.8474446004698, 495.3344268742088], [0.0, 0.0, 1.0]], [[1256.7414812095406, 0.0, 792.1125740759628], [0.0, 1256.7414812095406, 492.7757465151356], [0.0, 0.0, 1.0]], [[809.2209905677063, 0.0, 829.2196003259838], [0.0, 809.2209905677063, 481.77842384512485], [0.0, 0.0, 1.0]], [[1259.5137405846733, 0.0, 807.2529053838625], [0.0, 1259.5137405846733, 501.19579884916527], [0.0, 0.0, 1.0]]], "extrinsics": [[[0.8200870752334595, -0.5715225338935852, 0.02862049639225006, -0.5093994140625], [0.02286621928215027, -0.017245978116989136, -0.9995898008346558, 1.5209541320800781], [0.5717816352844238, 0.820405125617981, -0.0010746462503448129, -0.966461181640625], [0.0, 0.0, 0.0, 1.0]], [[0.004766360856592655, -0.999760627746582, 0.021352412179112434, 0.0096435546875], [0.01754278875887394, -0.021265771239995956, -0.9996199607849121, 1.5285491943359375], [0.9998347759246826, 0.005139154847711325, 0.017437230795621872, -1.2386474609375], [0.0, 0.0, 0.0, 1.0]], [[-0.8330134153366089, -0.5529892444610596, -0.01707017794251442, 0.74072265625], [0.023154407739639282, -0.004019010812044144, -0.9997237920761108, 1.51177978515625], [0.5527679324150085, -0.8331786394119263, 0.0161520317196846, -1.05322265625], [0.0, 0.0, 0.0, 1.0]], [[0.9475433230400085, 0.319033145904541, 0.019483452662825584, -1.14306640625], [0.03210275620222092, -0.0343438945710659, -0.9988943338394165, 1.588531494140625], [-0.31801122426986694, 0.9471210837364197, -0.04278417304158211, -0.103515625], [0.0, 0.0, 0.0, 1.0]], [[0.003290625289082527, 0.9996985793113708, -0.024329617619514465, 0.00286865234375], [0.006605975329875946, -0.024350948631763458, -0.9996816515922546, 1.5802021026611328], [-0.9999727010726929, 0.003128906711935997, -0.00668411236256361, -0.12548828125], [0.0, 0.0, 0.0, 1.0]], [[-0.9339283108711243, 0.35524657368659973, -0.039720568805933, 0.9002685546875], [0.0390637032687664, -0.00902453064918518, -0.9991959929466248, 1.5613250732421875], [-0.35531938076019287, -0.9347289800643921, -0.0054489849135279655, -0.152496337890625], [0.0, 0.0, 0.0, 1.0]]], "view": [[0.0, -2.0, 100.0], [-2.0, 0.0, 100.0], [0.0, 0.0, 1.0]], "bev": "bev_3d7b4c9671034d2b998ef6b208191745.png", "aux": "aux_3d7b4c9671034d2b998ef6b208191745.npz", "visibility": "visibility_3d7b4c9671034d2b998ef6b208191745.png", "pose": [[-0.43037885427474976, 0.9026483297348022, 0.0, 1454.1785888671875], [-0.9026483297348022, -0.43037885427474976, 0.0, 1095.7384033203125], [0.0, 0.0, 1.0, 0.0], [0.0, 0.0, 0.0, 1.0]], "pose_inverse": [[-0.43037885427474976, -0.9026483297348022, 0.0, 1614.9141845703125], [0.9026483297348022, -0.43037885427474976, 0.0, -841.029296875], [0.0, 0.0, 1.0, 0.0], [0.0, 0.0, 0.0, 1.0]], "cam_ids": [0, 1, 2, 3, 4, 5], "cam_channels": ["CAM_FRONT_LEFT", "CAM_FRONT", "CAM_FRONT_RIGHT", "CAM_BACK_LEFT", "CAM_BACK", "CAM_BACK_RIGHT"], "token": "3d7b4c9671034d2b998ef6b208191745", "scene": "scene-1095"}, {"images": ["samples/CAM_FRONT_LEFT/n015-2018-11-21-19-38-26+0800__CAM_FRONT_LEFT__1542800869404844.jpg", "samples/CAM_FRONT/n015-2018-11-21-19-38-26+0800__CAM_FRONT__1542800869412460.jpg", "samples/CAM_FRONT_RIGHT/n015-2018-11-21-19-38-26+0800__CAM_FRONT_RIGHT__1542800869420339.jpg", "samples/CAM_BACK_LEFT/n015-2018-11-21-19-38-26+0800__CAM_BACK_LEFT__1542800869447423.jpg", "samples/CAM_BACK/n015-2018-11-21-19-38-26+0800__CAM_BACK__1542800869437525.jpg", "samples/CAM_BACK_RIGHT/n015-2018-11-21-19-38-26+0800__CAM_BACK_RIGHT__1542800869427893.jpg"], "intrinsics": [[[1272.5979470598488, 0.0, 826.6154927353808], [0.0, 1272.5979470598488, 479.75165386361925], [0.0, 0.0, 1.0]], [[1266.417203046554, 0.0, 816.2670197447984], [0.0, 1266.417203046554, 491.50706579294757], [0.0, 0.0, 1.0]], [[1260.8474446004698, 0.0, 807.968244525554], [0.0, 1260.8474446004698, 495.3344268742088], [0.0, 0.0, 1.0]], [[1256.7414812095406, 0.0, 792.1125740759628], [0.0, 1256.7414812095406, 492.7757465151356], [0.0, 0.0, 1.0]], [[809.2209905677063, 0.0, 829.2196003259838], [0.0, 809.2209905677063, 481.77842384512485], [0.0, 0.0, 1.0]], [[1259.5137405846733, 0.0, 807.2529053838625], [0.0, 1259.5137405846733, 501.19579884916527], [0.0, 0.0, 1.0]]], "extrinsics": [[[0.8203868865966797, -0.5709215402603149, 0.03184080496430397, -0.505615234375], [0.024027783423662186, -0.02121545560657978, -0.9994861483573914, 1.5217247009277344], [0.57130366563797, 0.8207303881645203, -0.003686904674395919, -0.9664306640625], [0.0, 0.0, 0.0, 1.0]], [[0.005310555920004845, -0.9996664524078369, 0.025273101404309273, 0.0115966796875], [0.01867658831179142, -0.025169894099235535, -0.9995087385177612, 1.5291595458984375], [0.9998114705085754, 0.005780018866062164, 0.01853669062256813, -1.236083984375], [0.0, 0.0, 0.0, 1.0]], [[-0.8326749801635742, -0.5535351037979126, -0.015850940719246864, 0.74029541015625], [0.024247752502560616, -0.007849017158150673, -0.9996751546859741, 1.5122184753417969], [0.5532308220863342, -0.8327888250350952, 0.019957659766077995, -1.05078125], [0.0, 0.0, 0.0, 1.0]], [[0.9475029110908508, 0.3191707730293274, 0.019189653918147087, -1.14599609375], [0.03296341374516487, -0.03780870512127876, -0.9987411499023438, 1.5885086059570312], [-0.31804347038269043, 0.9469426870346069, -0.0463448166847229, -0.1044921875], [0.0, 0.0, 0.0, 1.0]], [[0.0029172205831855536, 0.9996070265769958, -0.02788296341896057, 0.00146484375], [0.007498654071241617, -0.027904165908694267, -0.9995825290679932, 1.5803565979003906], [-0.999967634677887, 0.0027069239877164364, -0.007577109150588512, -0.1251220703125], [0.0, 0.0, 0.0, 1.0]], [[-0.9340959787368774, 0.35454490780830383, -0.04198426380753517, 0.8984375], [0.04008796066045761, -0.012695509940385818, -0.999115526676178, 1.5616455078125], [-0.35476434230804443, -0.9349527955055237, -0.0023541587870568037, -0.151519775390625], [0.0, 0.0, 0.0, 1.0]]], "view": [[0.0, -2.0, 100.0], [-2.0, 0.0, 100.0], [0.0, 0.0, 1.0]], "bev": "bev_d037991d81494af3830fcf06ea25f28c.png", "aux": "aux_d037991d81494af3830fcf06ea25f28c.npz", "visibility": "visibility_d037991d81494af3830fcf06ea25f28c.png", "pose": [[-0.4295904338359833, 0.9030238389968872, 0.0, 1451.356201171875], [-0.9030238389968872, -0.4295904338359833, 0.0, 1089.840087890625], [0.0, 0.0, 1.0, 0.0], [0.0, 0.0, 0.0, 1.0]], "pose_inverse": [[-0.4295904338359833, -0.9030238389968872, 0.0, 1607.6402587890625], [0.9030238389968872, -0.4295904338359833, 0.0, -842.4243774414062], [0.0, 0.0, 1.0, 0.0], [0.0, 0.0, 0.0, 1.0]], "cam_ids": [0, 1, 2, 3, 4, 5], "cam_channels": ["CAM_FRONT_LEFT", "CAM_FRONT", "CAM_FRONT_RIGHT", "CAM_BACK_LEFT", "CAM_BACK", "CAM_BACK_RIGHT"], "token": "d037991d81494af3830fcf06ea25f28c", "scene": "scene-1095"}, {"images": ["samples/CAM_FRONT_LEFT/n015-2018-11-21-19-38-26+0800__CAM_FRONT_LEFT__1542800869904844.jpg", "samples/CAM_FRONT/n015-2018-11-21-19-38-26+0800__CAM_FRONT__1542800869912461.jpg", "samples/CAM_FRONT_RIGHT/n015-2018-11-21-19-38-26+0800__CAM_FRONT_RIGHT__1542800869920339.jpg", "samples/CAM_BACK_LEFT/n015-2018-11-21-19-38-26+0800__CAM_BACK_LEFT__1542800869947423.jpg", "samples/CAM_BACK/n015-2018-11-21-19-38-26+0800__CAM_BACK__1542800869937525.jpg", "samples/CAM_BACK_RIGHT/n015-2018-11-21-19-38-26+0800__CAM_BACK_RIGHT__1542800869927901.jpg"], "intrinsics": [[[1272.5979470598488, 0.0, 826.6154927353808], [0.0, 1272.5979470598488, 479.75165386361925], [0.0, 0.0, 1.0]], [[1266.417203046554, 0.0, 816.2670197447984], [0.0, 1266.417203046554, 491.50706579294757], [0.0, 0.0, 1.0]], [[1260.8474446004698, 0.0, 807.968244525554], [0.0, 1260.8474446004698, 495.3344268742088], [0.0, 0.0, 1.0]], [[1256.7414812095406, 0.0, 792.1125740759628], [0.0, 1256.7414812095406, 492.7757465151356], [0.0, 0.0, 1.0]], [[809.2209905677063, 0.0, 829.2196003259838], [0.0, 809.2209905677063, 481.77842384512485], [0.0, 0.0, 1.0]], [[1259.5137405846733, 0.0, 807.2529053838625], [0.0, 1259.5137405846733, 501.19579884916527], [0.0, 0.0, 1.0]]], "extrinsics": [[[0.8213793039321899, -0.5696504712104797, 0.028885386884212494, -0.5010986328125], [0.02824539691209793, -0.009957408532500267, -0.9995514154434204, 1.5241775512695312], [0.5696824789047241, 0.8218267560005188, 0.007911194115877151, -0.96124267578125], [0.0, 0.0, 0.0, 1.0]], [[0.006835064385086298, -0.9998721480369568, 0.014452110044658184, 0.010009765625], [0.0224465262144804, -0.014295394532382488, -0.9996458292007446, 1.5309524536132812], [0.9997246265411377, 0.007157007232308388, 0.022345945239067078, -1.2294921875], [0.0, 0.0, 0.0, 1.0]], [[-0.831907331943512, -0.5543789267539978, -0.024375518783926964, 0.7342529296875], [0.02752486802637577, 0.0026481137610971928, -0.9996175765991211, 1.5135269165039062], [0.5542314648628235, -0.8322601318359375, 0.013056225143373013, -1.048583984375], [0.0, 0.0, 0.0, 1.0]], [[0.9474626183509827, 0.3190220594406128, 0.023228509351611137, -1.14208984375], [0.03431113809347153, -0.029162799939513206, -0.9989856481552124, 1.5885543823242188], [-0.3180209696292877, 0.9472984671592712, -0.03857666999101639, -0.1038818359375], [0.0, 0.0, 0.0, 1.0]], [[0.002455775160342455, 0.999824047088623, -0.01859871856868267, 0.00274658203125], [0.00956232100725174, -0.018621401861310005, -0.9997808933258057, 1.5806293487548828], [-0.9999513030052185, 0.0022774410899728537, -0.00960636604577303, -0.130126953125], [0.0, 0.0, 0.0, 1.0]], [[-0.9343145489692688, 0.35407644510269165, -0.041064053773880005, 0.8934326171875], [0.042889367789030075, -0.0026942137628793716, -0.9990761876106262, 1.562591552734375], [-0.35385987162590027, -0.9352126717567444, -0.012668869458138943, -0.1546630859375], [0.0, 0.0, 0.0, 1.0]]], "view": [[0.0, -2.0, 100.0], [-2.0, 0.0, 100.0], [0.0, 0.0, 1.0]], "bev": "bev_5d40ca5d881842c2857d9e9bc8068a07.png", "aux": "aux_5d40ca5d881842c2857d9e9bc8068a07.npz", "visibility": "visibility_5d40ca5d881842c2857d9e9bc8068a07.png", "pose": [[-0.4392315447330475, 0.8983739018440247, 0.0, 1448.4822998046875], [-0.8983739018440247, -0.4392315447330475, 0.0, 1083.9024658203125], [0.0, 0.0, 1.0, 0.0], [0.0, 0.0, 0.0, 1.0]], "pose_inverse": [[-0.4392315447330475, -0.8983739018440247, 0.0, 1609.96875], [0.8983739018440247, -0.4392315447330475, 0.0, -825.1945190429688], [0.0, 0.0, 1.0, 0.0], [0.0, 0.0, 0.0, 1.0]], "cam_ids": [0, 1, 2, 3, 4, 5], "cam_channels": ["CAM_FRONT_LEFT", "CAM_FRONT", "CAM_FRONT_RIGHT", "CAM_BACK_LEFT", "CAM_BACK", "CAM_BACK_RIGHT"], "token": "5d40ca5d881842c2857d9e9bc8068a07", "scene": "scene-1095"}, {"images": ["samples/CAM_FRONT_LEFT/n015-2018-11-21-19-38-26+0800__CAM_FRONT_LEFT__1542800870404844.jpg", "samples/CAM_FRONT/n015-2018-11-21-19-38-26+0800__CAM_FRONT__1542800870412460.jpg", "samples/CAM_FRONT_RIGHT/n015-2018-11-21-19-38-26+0800__CAM_FRONT_RIGHT__1542800870420339.jpg", "samples/CAM_BACK_LEFT/n015-2018-11-21-19-38-26+0800__CAM_BACK_LEFT__1542800870447423.jpg", "samples/CAM_BACK/n015-2018-11-21-19-38-26+0800__CAM_BACK__1542800870437525.jpg", "samples/CAM_BACK_RIGHT/n015-2018-11-21-19-38-26+0800__CAM_BACK_RIGHT__1542800870427893.jpg"], "intrinsics": [[[1272.5979470598488, 0.0, 826.6154927353808], [0.0, 1272.5979470598488, 479.75165386361925], [0.0, 0.0, 1.0]], [[1266.417203046554, 0.0, 816.2670197447984], [0.0, 1266.417203046554, 491.50706579294757], [0.0, 0.0, 1.0]], [[1260.8474446004698, 0.0, 807.968244525554], [0.0, 1260.8474446004698, 495.3344268742088], [0.0, 0.0, 1.0]], [[1256.7414812095406, 0.0, 792.1125740759628], [0.0, 1256.7414812095406, 492.7757465151356], [0.0, 0.0, 1.0]], [[809.2209905677063, 0.0, 829.2196003259838], [0.0, 809.2209905677063, 481.77842384512485], [0.0, 0.0, 1.0]], [[1259.5137405846733, 0.0, 807.2529053838625], [0.0, 1259.5137405846733, 501.19579884916527], [0.0, 0.0, 1.0]]], "extrinsics": [[[0.8209913372993469, -0.5702380537986755, 0.02831684611737728, -0.4888916015625], [0.025906847789883614, -0.012338509783148766, -0.9995881915092468, 1.5232391357421875], [0.5703525543212891, 0.8213868737220764, 0.0046432591043412685, -0.955291748046875], [0.0, 0.0, 0.0, 1.0]], [[0.006234169006347656, -0.9998466372489929, 0.016362935304641724, 0.01177978515625], [0.020193181931972504, -0.01623404398560524, -0.999664306640625, 1.530181884765625], [0.9997766613960266, 0.006562522146850824, 0.020088879391551018, -1.2177734375], [0.0, 0.0, 0.0, 1.0]], [[-0.832226574420929, -0.554008424282074, -0.021764328703284264, 0.72650146484375], [0.02537158876657486, 0.001159552251920104, -0.9996773600578308, 1.5130157470703125], [0.5538548827171326, -0.832510232925415, 0.013091065920889378, -1.04150390625], [0.0, 0.0, 0.0, 1.0]], [[0.9475686550140381, 0.31880244612693787, 0.021879859268665314, -1.133056640625], [0.03290645033121109, -0.029242156073451042, -0.9990305304527283, 1.5888900756835938], [-0.31785356998443604, 0.9473699927330017, -0.03819960355758667, -0.1072998046875], [0.0, 0.0, 0.0, 1.0]], [[0.0026851340662688017, 0.9998147487640381, -0.019059842452406883, 0.0018310546875], [0.00786011852324009, -0.019080422818660736, -0.9997870922088623, 1.5804862976074219], [-0.9999655485153198, 0.002534708473831415, -0.007909893989562988, -0.138916015625], [0.0, 0.0, 0.0, 1.0]], [[-0.9342746138572693, 0.35435524582862854, -0.03953875973820686, 0.884521484375], [0.04087180271744728, -0.003724972251802683, -0.9991574287414551, 1.5624313354492188], [-0.35420408844947815, -0.9351034760475159, -0.011002995073795319, -0.156585693359375], [0.0, 0.0, 0.0, 1.0]]], "view": [[0.0, -2.0, 100.0], [-2.0, 0.0, 100.0], [0.0, 0.0, 1.0]], "bev": "bev_d87928de430d46ceac32c80bcb6c2ab8.png", "aux": "aux_d87928de430d46ceac32c80bcb6c2ab8.npz", "visibility": "visibility_d87928de430d46ceac32c80bcb6c2ab8.png", "pose": [[-0.4554310739040375, 0.8902710676193237, 0.0, 1445.42431640625], [-0.8902710676193237, -0.4554310739040375, 0.0, 1077.9112548828125], [0.0, 0.0, 1.0, 0.0], [0.0, 0.0, 0.0, 1.0]], "pose_inverse": [[-0.4554310739040375, -0.8902710676193237, 0.0, 1617.92431640625], [0.8902710676193237, -0.4554310739040375, 0.0, -795.9051513671875], [0.0, 0.0, 1.0, 0.0], [0.0, 0.0, 0.0, 1.0]], "cam_ids": [0, 1, 2, 3, 4, 5], "cam_channels": ["CAM_FRONT_LEFT", "CAM_FRONT", "CAM_FRONT_RIGHT", "CAM_BACK_LEFT", "CAM_BACK", "CAM_BACK_RIGHT"], "token": "d87928de430d46ceac32c80bcb6c2ab8", "scene": "scene-1095"}, {"images": ["samples/CAM_FRONT_LEFT/n015-2018-11-21-19-38-26+0800__CAM_FRONT_LEFT__1542800870904844.jpg", "samples/CAM_FRONT/n015-2018-11-21-19-38-26+0800__CAM_FRONT__1542800870912460.jpg", "samples/CAM_FRONT_RIGHT/n015-2018-11-21-19-38-26+0800__CAM_FRONT_RIGHT__1542800870920341.jpg", "samples/CAM_BACK_LEFT/n015-2018-11-21-19-38-26+0800__CAM_BACK_LEFT__1542800870947423.jpg", "samples/CAM_BACK/n015-2018-11-21-19-38-26+0800__CAM_BACK__1542800870937525.jpg", "samples/CAM_BACK_RIGHT/n015-2018-11-21-19-38-26+0800__CAM_BACK_RIGHT__1542800870927893.jpg"], "intrinsics": [[[1272.5979470598488, 0.0, 826.6154927353808], [0.0, 1272.5979470598488, 479.75165386361925], [0.0, 0.0, 1.0]], [[1266.417203046554, 0.0, 816.2670197447984], [0.0, 1266.417203046554, 491.50706579294757], [0.0, 0.0, 1.0]], [[1260.8474446004698, 0.0, 807.968244525554], [0.0, 1260.8474446004698, 495.3344268742088], [0.0, 0.0, 1.0]], [[1256.7414812095406, 0.0, 792.1125740759628], [0.0, 1256.7414812095406, 492.7757465151356], [0.0, 0.0, 1.0]], [[809.2209905677063, 0.0, 829.2196003259838], [0.0, 809.2209905677063, 481.77842384512485], [0.0, 0.0, 1.0]], [[1259.5137405846733, 0.0, 807.2529053838625], [0.0, 1259.5137405846733, 501.19579884916527], [0.0, 0.0, 1.0]]], "extrinsics": [[[0.8209503293037415, -0.5704042911529541, 0.026067405939102173, -0.48193359375], [0.018462112173438072, -0.019112274050712585, -0.9996469020843506, 1.5191192626953125], [0.5707011222839355, 0.8211417198181152, -0.00515935942530632, -0.9464111328125], [0.0, 0.0, 0.0, 1.0]], [[0.006008073687553406, -0.9997124671936035, 0.023212844505906105, 0.00933837890625], [0.012986976653337479, -0.023133300244808197, -0.9996480941772461, 1.5268440246582031], [0.9998975992202759, 0.006307453382760286, 0.012844255194067955, -1.208740234375], [0.0, 0.0, 0.0, 1.0]], [[-0.8325088620185852, -0.5538800358772278, -0.012082798406481743, 0.719970703125], [0.018419167026877403, -0.005874156020581722, -0.9998130798339844, 1.5105743408203125], [0.5537055730819702, -0.832575798034668, 0.015092296525835991, -1.0396728515625], [0.0, 0.0, 0.0, 1.0]], [[0.9475967884063721, 0.31917211413383484, 0.013768726959824562, -1.1356201171875], [0.026575308293104172, -0.03580401465296745, -0.9990053772926331, 1.5887603759765625], [-0.31836163997650146, 0.9470202326774597, -0.04240986704826355, -0.1065673828125], [0.0, 0.0, 0.0, 1.0]], [[0.002552249701693654, 0.9996614456176758, -0.025895128026604652, 0.00262451171875], [0.0013119258219376206, -0.025898538529872894, -0.999663770198822, 1.579559326171875], [-0.9999958872795105, 0.0025174086913466454, -0.001377579988911748, -0.1400146484375], [0.0, 0.0, 0.0, 1.0]], [[-0.9344478845596313, 0.35430148243904114, -0.03574267402291298, 0.880859375], [0.034141458570957184, -0.010771474801003933, -0.9993590116500854, 1.5607795715332031], [-0.35445937514305115, -0.9350692629814148, -0.0020309884566813707, -0.1597442626953125], [0.0, 0.0, 0.0, 1.0]]], "view": [[0.0, -2.0, 100.0], [-2.0, 0.0, 100.0], [0.0, 0.0, 1.0]], "bev": "bev_3075963b6e124521bed2c25996a1c941.png", "aux": "aux_3075963b6e124521bed2c25996a1c941.npz", "visibility": "visibility_3075963b6e124521bed2c25996a1c941.png", "pose": [[-0.46893003582954407, 0.8832353353500366, 0.0, 1442.2486572265625], [-0.8832353353500366, -0.46893003582954407, 0.0, 1071.8905029296875], [0.0, 0.0, 1.0, 0.0], [0.0, 0.0, 0.0, 1.0]], "pose_inverse": [[-0.46893003582954407, -0.8832353353500366, 0.0, 1623.0452880859375], [0.8832353353500366, -0.46893003582954407, 0.0, -771.2033081054688], [0.0, 0.0, 1.0, 0.0], [0.0, 0.0, 0.0, 1.0]], "cam_ids": [0, 1, 2, 3, 4, 5], "cam_channels": ["CAM_FRONT_LEFT", "CAM_FRONT", "CAM_FRONT_RIGHT", "CAM_BACK_LEFT", "CAM_BACK", "CAM_BACK_RIGHT"], "token": "3075963b6e124521bed2c25996a1c941", "scene": "scene-1095"}, {"images": ["samples/CAM_FRONT_LEFT/n015-2018-11-21-19-38-26+0800__CAM_FRONT_LEFT__1542800871404844.jpg", "samples/CAM_FRONT/n015-2018-11-21-19-38-26+0800__CAM_FRONT__1542800871412460.jpg", "samples/CAM_FRONT_RIGHT/n015-2018-11-21-19-38-26+0800__CAM_FRONT_RIGHT__1542800871420339.jpg", "samples/CAM_BACK_LEFT/n015-2018-11-21-19-38-26+0800__CAM_BACK_LEFT__1542800871447423.jpg", "samples/CAM_BACK/n015-2018-11-21-19-38-26+0800__CAM_BACK__1542800871437525.jpg", "samples/CAM_BACK_RIGHT/n015-2018-11-21-19-38-26+0800__CAM_BACK_RIGHT__1542800871427893.jpg"], "intrinsics": [[[1272.5979470598488, 0.0, 826.6154927353808], [0.0, 1272.5979470598488, 479.75165386361925], [0.0, 0.0, 1.0]], [[1266.417203046554, 0.0, 816.2670197447984], [0.0, 1266.417203046554, 491.50706579294757], [0.0, 0.0, 1.0]], [[1260.8474446004698, 0.0, 807.968244525554], [0.0, 1260.8474446004698, 495.3344268742088], [0.0, 0.0, 1.0]], [[1256.7414812095406, 0.0, 792.1125740759628], [0.0, 1256.7414812095406, 492.7757465151356], [0.0, 0.0, 1.0]], [[809.2209905677063, 0.0, 829.2196003259838], [0.0, 809.2209905677063, 481.77842384512485], [0.0, 0.0, 1.0]], [[1259.5137405846733, 0.0, 807.2529053838625], [0.0, 1259.5137405846733, 501.19579884916527], [0.0, 0.0, 1.0]]], "extrinsics": [[[0.8213850855827332, -0.5702021718025208, 0.013998751528561115, -0.473876953125], [0.005720334593206644, -0.01630660705268383, -0.9998506903648376, 1.5117168426513672], [0.5703452825546265, 0.8213425278663635, -0.0101322578266263, -0.944000244140625], [0.0, 0.0, 0.0, 1.0]], [[0.006545748561620712, -0.9997726678848267, 0.02029176987707615, 0.0115966796875], [0.00033032087958417833, -0.020290039479732513, -0.999794065952301, 1.5207595825195312], [0.9999784827232361, 0.006551133934408426, 0.00019743111624848098, -1.2042236328125], [0.0, 0.0, 0.0, 1.0]], [[-0.8324929475784302, -0.5540263056755066, -0.003208214184269309, 0.71942138671875], [0.005843008868396282, -0.002989240223541856, -0.9999784827232361, 1.5058574676513672], [0.5540047883987427, -0.8324937224388123, 0.005725702736526728, -1.037353515625], [0.0, 0.0, 0.0, 1.0]], [[0.9476181864738464, 0.31938961148262024, 0.003149811178445816, -1.1439208984375], [0.014415500685572624, -0.03291470184922218, -0.9993541836738586, 1.5885391235351562], [-0.31907960772514343, 0.9470516443252563, -0.035794734954833984, -0.1036376953125], [0.0, 0.0, 0.0, 1.0]], [[0.0020815616007894278, 0.9997307658195496, -0.02311023510992527, 0.00213623046875], [-0.010999146848917007, -0.02308599464595318, -0.9996730089187622, 1.5778801441192627], [-0.9999372959136963, 0.002335126046091318, 0.01094813086092472, -0.135009765625], [0.0, 0.0, 0.0, 1.0]], [[-0.9348659515380859, 0.3542514145374298, -0.02305501326918602, 0.881591796875], [0.02166372537612915, -0.00789327546954155, -0.9997341632843018, 1.5573501586914062], [-0.3543391227722168, -0.9351169466972351, -0.0002952502982225269, -0.1581878662109375], [0.0, 0.0, 0.0, 1.0]]], "view": [[0.0, -2.0, 100.0], [-2.0, 0.0, 100.0], [0.0, 0.0, 1.0]], "bev": "bev_aedd72e9640d4777a4c763ea73817119.png", "aux": "aux_aedd72e9640d4777a4c763ea73817119.npz", "visibility": "visibility_aedd72e9640d4777a4c763ea73817119.png", "pose": [[-0.47344866394996643, 0.8808214068412781, 0.0, 1439.00341796875], [-0.8808214068412781, -0.47344866394996643, 0.0, 1065.8623046875], [0.0, 0.0, 1.0, 0.0], [0.0, 0.0, 0.0, 1.0]], "pose_inverse": [[-0.47344866394996643, -0.8808214068412781, 0.0, 1620.1285400390625], [0.8808214068412781, -0.47344866394996643, 0.0, -762.8739624023438], [0.0, 0.0, 1.0, 0.0], [0.0, 0.0, 0.0, 1.0]], "cam_ids": [0, 1, 2, 3, 4, 5], "cam_channels": ["CAM_FRONT_LEFT", "CAM_FRONT", "CAM_FRONT_RIGHT", "CAM_BACK_LEFT", "CAM_BACK", "CAM_BACK_RIGHT"], "token": "aedd72e9640d4777a4c763ea73817119", "scene": "scene-1095"}, {"images": ["samples/CAM_FRONT_LEFT/n015-2018-11-21-19-38-26+0800__CAM_FRONT_LEFT__1542800871904844.jpg", "samples/CAM_FRONT/n015-2018-11-21-19-38-26+0800__CAM_FRONT__1542800871912460.jpg", "samples/CAM_FRONT_RIGHT/n015-2018-11-21-19-38-26+0800__CAM_FRONT_RIGHT__1542800871920339.jpg", "samples/CAM_BACK_LEFT/n015-2018-11-21-19-38-26+0800__CAM_BACK_LEFT__1542800871947423.jpg", "samples/CAM_BACK/n015-2018-11-21-19-38-26+0800__CAM_BACK__1542800871937525.jpg", "samples/CAM_BACK_RIGHT/n015-2018-11-21-19-38-26+0800__CAM_BACK_RIGHT__1542800871927893.jpg"], "intrinsics": [[[1272.5979470598488, 0.0, 826.6154927353808], [0.0, 1272.5979470598488, 479.75165386361925], [0.0, 0.0, 1.0]], [[1266.417203046554, 0.0, 816.2670197447984], [0.0, 1266.417203046554, 491.50706579294757], [0.0, 0.0, 1.0]], [[1260.8474446004698, 0.0, 807.968244525554], [0.0, 1260.8474446004698, 495.3344268742088], [0.0, 0.0, 1.0]], [[1256.7414812095406, 0.0, 792.1125740759628], [0.0, 1256.7414812095406, 492.7757465151356], [0.0, 0.0, 1.0]], [[809.2209905677063, 0.0, 829.2196003259838], [0.0, 809.2209905677063, 481.77842384512485], [0.0, 0.0, 1.0]], [[1259.5137405846733, 0.0, 807.2529053838625], [0.0, 1259.5137405846733, 501.19579884916527], [0.0, 0.0, 1.0]]], "extrinsics": [[[0.8206824064254761, -0.5712795257568359, 0.010957497172057629, -0.476318359375], [0.0011810017749667168, -0.017481088638305664, -0.9998465180397034, 1.5089483261108398], [0.5713834166526794, 0.8205693960189819, -0.013671739026904106, -0.93988037109375], [0.0, 0.0, 0.0, 1.0]], [[0.005594468209892511, -0.9997512102127075, 0.021591758355498314, 0.00750732421875], [-0.00419508945196867, -0.021615371108055115, -0.9997575879096985, 1.5184755325317383], [0.9999755620956421, 0.005502534564584494, -0.004314971622079611, -1.202880859375], [0.0, 0.0, 0.0, 1.0]], [[-0.8329458832740784, -0.5533527135848999, 0.0013569543370977044, 0.7158203125], [0.0013490329729393125, -0.004482874646782875, -0.9999890327453613, 1.5041546821594238], [0.5533527731895447, -0.8329349756240845, 0.0044804830104112625, -1.03857421875], [0.0, 0.0, 0.0, 1.0]], [[0.9478223919868469, 0.3187934458255768, -0.001862959354184568, -1.1392822265625], [0.00971569400280714, -0.03472625091671944, -0.9993495941162109, 1.5885200500488281], [-0.3186508119106293, 0.9471878409385681, -0.03601161390542984, -0.10302734375], [0.0, 0.0, 0.0, 1.0]], [[0.0025117157492786646, 0.9996886849403381, -0.024827992543578148, 0.00396728515625], [-0.015578695572912693, -0.02478593960404396, -0.9995714426040649, 1.5771503448486328], [-0.9998754858970642, 0.0028974791057407856, 0.015511586330831051, -0.138916015625], [0.0, 0.0, 0.0, 1.0]], [[-0.9347543120384216, 0.3547634482383728, -0.019420122727751732, 0.87939453125], [0.017153345048427582, -0.009533734060823917, -0.9998074769973755, 1.5561637878417969], [-0.35488030314445496, -0.9349075555801392, 0.0028263190761208534, -0.1612701416015625], [0.0, 0.0, 0.0, 1.0]]], "view": [[0.0, -2.0, 100.0], [-2.0, 0.0, 100.0], [0.0, 0.0, 1.0]], "bev": "bev_44bb391f20ef4dd8830f1812ac2c70bd.png", "aux": "aux_44bb391f20ef4dd8830f1812ac2c70bd.npz", "visibility": "visibility_44bb391f20ef4dd8830f1812ac2c70bd.png", "pose": [[-0.4730324149131775, 0.8810450434684753, 0.0, 1435.724365234375], [-0.8810450434684753, -0.4730324149131775, 0.0, 1059.812744140625], [0.0, 0.0, 1.0, 0.0], [0.0, 0.0, 0.0, 1.0]], "pose_inverse": [[-0.4730324149131775, -0.8810450434684753, 0.0, 1612.886962890625], [0.8810450434684753, -0.4730324149131775, 0.0, -763.6119995117188], [0.0, 0.0, 1.0, 0.0], [0.0, 0.0, 0.0, 1.0]], "cam_ids": [0, 1, 2, 3, 4, 5], "cam_channels": ["CAM_FRONT_LEFT", "CAM_FRONT", "CAM_FRONT_RIGHT", "CAM_BACK_LEFT", "CAM_BACK", "CAM_BACK_RIGHT"], "token": "44bb391f20ef4dd8830f1812ac2c70bd", "scene": "scene-1095"}, {"images": ["samples/CAM_FRONT_LEFT/n015-2018-11-21-19-38-26+0800__CAM_FRONT_LEFT__1542800872404844.jpg", "samples/CAM_FRONT/n015-2018-11-21-19-38-26+0800__CAM_FRONT__1542800872412460.jpg", "samples/CAM_FRONT_RIGHT/n015-2018-11-21-19-38-26+0800__CAM_FRONT_RIGHT__1542800872420339.jpg", "samples/CAM_BACK_LEFT/n015-2018-11-21-19-38-26+0800__CAM_BACK_LEFT__1542800872447423.jpg", "samples/CAM_BACK/n015-2018-11-21-19-38-26+0800__CAM_BACK__1542800872437525.jpg", "samples/CAM_BACK_RIGHT/n015-2018-11-21-19-38-26+0800__CAM_BACK_RIGHT__1542800872427893.jpg"], "intrinsics": [[[1272.5979470598488, 0.0, 826.6154927353808], [0.0, 1272.5979470598488, 479.75165386361925], [0.0, 0.0, 1.0]], [[1266.417203046554, 0.0, 816.2670197447984], [0.0, 1266.417203046554, 491.50706579294757], [0.0, 0.0, 1.0]], [[1260.8474446004698, 0.0, 807.968244525554], [0.0, 1260.8474446004698, 495.3344268742088], [0.0, 0.0, 1.0]], [[1256.7414812095406, 0.0, 792.1125740759628], [0.0, 1256.7414812095406, 492.7757465151356], [0.0, 0.0, 1.0]], [[809.2209905677063, 0.0, 829.2196003259838], [0.0, 809.2209905677063, 481.77842384512485], [0.0, 0.0, 1.0]], [[1259.5137405846733, 0.0, 807.2529053838625], [0.0, 1259.5137405846733, 501.19579884916527], [0.0, 0.0, 1.0]]], "extrinsics": [[[0.8212242126464844, -0.570561408996582, 0.007098398171365261, -0.464111328125], [-0.0022380417212843895, -0.015660790726542473, -0.9998748898506165, 1.5069818496704102], [0.5706011652946472, 0.8211055397987366, -0.014137961901724339, -0.93927001953125], [0.0, 0.0, 0.0, 1.0]], [[0.006357649341225624, -0.999786913394928, 0.01963605359196663, 0.01287841796875], [-0.0076160128228366375, -0.019684292376041412, -0.9997772574424744, 1.5168321132659912], [0.9999508261680603, 0.006206710357218981, -0.007739536464214325, -1.19482421875], [0.0, 0.0, 0.0, 1.0]], [[-0.8326449394226074, -0.5537986159324646, 0.003082788083702326, 0.7130126953125], [-0.002086871536448598, -0.002428949112072587, -0.9999948740005493, 1.5028495788574219], [0.5538033246994019, -0.8326470851898193, 0.0008667465299367905, -1.0316162109375], [0.0, 0.0, 0.0, 1.0]], [[0.94759202003479, 0.3194505572319031, -0.004560413770377636, -1.1451416015625], [0.0062675573863089085, -0.032859381288290024, -0.9994403123855591, 1.5885581970214844], [-0.31942158937454224, 0.9470330476760864, -0.033139459788799286, -0.103515625], [0.0, 0.0, 0.0, 1.0]], [[0.001981880981475115, 0.9997383952140808, -0.022786585614085197, 0.00146484375], [-0.019009651616215706, -0.02274484932422638, -0.9995605945587158, 1.5767202377319336], [-0.9998173117637634, 0.00241416459903121, 0.01895960047841072, -0.1387939453125], [0.0, 0.0, 0.0, 1.0]], [[-0.934946596622467, 0.35445091128349304, -0.01547490805387497, 0.87451171875], [0.013745354488492012, -0.007396940607577562, -0.9998781681060791, 1.5553035736083984], [-0.3545221984386444, -0.9350454807281494, 0.0020436884369701147, -0.16009521484375], [0.0, 0.0, 0.0, 1.0]]], "view": [[0.0, -2.0, 100.0], [-2.0, 0.0, 100.0], [0.0, 0.0, 1.0]], "bev": "bev_a28cb3edd8684baa925d5b3dd4454bc4.png", "aux": "aux_a28cb3edd8684baa925d5b3dd4454bc4.npz", "visibility": "visibility_a28cb3edd8684baa925d5b3dd4454bc4.png", "pose": [[-0.4733934998512268, 0.8808510899543762, 0.0, 1432.368896484375], [-0.8808510899543762, -0.4733934998512268, 0.0, 1053.6461181640625], [0.0, 0.0, 1.0, 0.0], [0.0, 0.0, 0.0, 1.0]], "pose_inverse": [[-0.4733934998512268, -0.8808510899543762, 0.0, 1606.179443359375], [0.8808510899543762, -0.4733934998512268, 0.0, -762.9144287109375], [0.0, 0.0, 1.0, 0.0], [0.0, 0.0, 0.0, 1.0]], "cam_ids": [0, 1, 2, 3, 4, 5], "cam_channels": ["CAM_FRONT_LEFT", "CAM_FRONT", "CAM_FRONT_RIGHT", "CAM_BACK_LEFT", "CAM_BACK", "CAM_BACK_RIGHT"], "token": "a28cb3edd8684baa925d5b3dd4454bc4", "scene": "scene-1095"}, {"images": ["samples/CAM_FRONT_LEFT/n015-2018-11-21-19-38-26+0800__CAM_FRONT_LEFT__1542800872904844.jpg", "samples/CAM_FRONT/n015-2018-11-21-19-38-26+0800__CAM_FRONT__1542800872912460.jpg", "samples/CAM_FRONT_RIGHT/n015-2018-11-21-19-38-26+0800__CAM_FRONT_RIGHT__1542800872920339.jpg", "samples/CAM_BACK_LEFT/n015-2018-11-21-19-38-26+0800__CAM_BACK_LEFT__1542800872947432.jpg", "samples/CAM_BACK/n015-2018-11-21-19-38-26+0800__CAM_BACK__1542800872937525.jpg", "samples/CAM_BACK_RIGHT/n015-2018-11-21-19-38-26+0800__CAM_BACK_RIGHT__1542800872927893.jpg"], "intrinsics": [[[1272.5979470598488, 0.0, 826.6154927353808], [0.0, 1272.5979470598488, 479.75165386361925], [0.0, 0.0, 1.0]], [[1266.417203046554, 0.0, 816.2670197447984], [0.0, 1266.417203046554, 491.50706579294757], [0.0, 0.0, 1.0]], [[1260.8474446004698, 0.0, 807.968244525554], [0.0, 1260.8474446004698, 495.3344268742088], [0.0, 0.0, 1.0]], [[1256.7414812095406, 0.0, 792.1125740759628], [0.0, 1256.7414812095406, 492.7757465151356], [0.0, 0.0, 1.0]], [[809.2209905677063, 0.0, 829.2196003259838], [0.0, 809.2209905677063, 481.77842384512485], [0.0, 0.0, 1.0]], [[1259.5137405846733, 0.0, 807.2529053838625], [0.0, 1259.5137405846733, 501.19579884916527], [0.0, 0.0, 1.0]]], "extrinsics": [[[0.8208310008049011, -0.5711352825164795, 0.006397791672497988, -0.4541015625], [-0.006277340929955244, -0.02022111788392067, -0.9997758269309998, 1.5044898986816406], [0.5711365938186646, 0.8206068277359009, -0.02018333226442337, -0.932098388671875], [0.0, 0.0, 0.0, 1.0]], [[0.005860079079866409, -0.9996924996376038, 0.024092895910143852, 0.01287841796875], [-0.012000728398561478, -0.02416188083589077, -0.9996360540390015, 1.5145412683486938], [0.999910831451416, 0.005568816792219877, -0.012138630263507366, -1.1832275390625], [0.0, 0.0, 0.0, 1.0]], [[-0.832868754863739, -0.5533894896507263, 0.009459774941205978, 0.7042236328125], [-0.006819883361458778, -0.006829303689301014, -0.9999533891677856, 1.5009679794311523], [0.5534282922744751, -0.832894504070282, 0.001913863350637257, -1.0260009765625], [0.0, 0.0, 0.0, 1.0]], [[0.9474611282348633, 0.31966421008110046, -0.011493138037621975, -1.1375732421875], [0.0002881372347474098, -0.036783456802368164, -0.9993231892585754, 1.5885734558105469], [-0.3198706805706024, 0.9468166828155518, -0.034943003207445145, -0.1058349609375], [0.0, 0.0, 0.0, 1.0]], [[0.0018976449500769377, 0.999634325504303, -0.026976710185408592, 0.0015869140625], [-0.02451