[{"images": ["samples/CAM_FRONT_LEFT/n015-2018-11-21-19-38-26+0800__CAM_FRONT_LEFT__1542800668154844.jpg", "samples/CAM_FRONT/n015-2018-11-21-19-38-26+0800__CAM_FRONT__1542800668162460.jpg", "samples/CAM_FRONT_RIGHT/n015-2018-11-21-19-38-26+0800__CAM_FRONT_RIGHT__1542800668170339.jpg", "samples/CAM_BACK_LEFT/n015-2018-11-21-19-38-26+0800__CAM_BACK_LEFT__1542800668197423.jpg", "samples/CAM_BACK/n015-2018-11-21-19-38-26+0800__CAM_BACK__1542800668187525.jpg", "samples/CAM_BACK_RIGHT/n015-2018-11-21-19-38-26+0800__CAM_BACK_RIGHT__1542800668177893.jpg"], "intrinsics": [[[1272.5979470598488, 0.0, 826.6154927353808], [0.0, 1272.5979470598488, 479.75165386361925], [0.0, 0.0, 1.0]], [[1266.417203046554, 0.0, 816.2670197447984], [0.0, 1266.417203046554, 491.50706579294757], [0.0, 0.0, 1.0]], [[1260.8474446004698, 0.0, 807.968244525554], [0.0, 1260.8474446004698, 495.3344268742088], [0.0, 0.0, 1.0]], [[1256.7414812095406, 0.0, 792.1125740759628], [0.0, 1256.7414812095406, 492.7757465151356], [0.0, 0.0, 1.0]], [[809.2209905677063, 0.0, 829.2196003259838], [0.0, 809.2209905677063, 481.77842384512485], [0.0, 0.0, 1.0]], [[1259.5137405846733, 0.0, 807.2529053838625], [0.0, 1259.5137405846733, 501.19579884916527], [0.0, 0.0, 1.0]]], "extrinsics": [[[0.8209376335144043, -0.5708364248275757, 0.01439656037837267, -0.9007568359375], [0.0034498742315918207, -0.020253419876098633, -0.9997889399528503, 1.508514404296875], [0.5710074305534363, 0.8208140134811401, -0.014657481573522091, -1.235595703125], [0.0, 0.0, 0.0, 1.0]], [[0.005906705278903246, -0.9996854662895203, 0.024369603022933006, 0.00537109375], [-0.0017997069517150521, -0.024380618706345558, -0.999701201915741, 1.520416259765625], [0.9999809861183167, 0.005861080251634121, -0.0019431498367339373, -1.6276702880859375], [0.0, 0.0, 0.0, 1.0]], [[-0.8328142166137695, -0.5535520315170288, 0.0007809947710484266, 0.9903564453125], [0.0038723761681467295, -0.0072367871180176735, -0.9999662637710571, 1.503840446472168], [0.553538978099823, -0.8327831625938416, 0.008170460350811481, -1.220947265625], [0.0, 0.0, 0.0, 1.0]], [[0.9478009343147278, 0.3188624680042267, 2.192983629356604e-05, -1.1419677734375], [0.012757704593241215, -0.03785284608602524, -0.9992018938064575, 1.5885543823242188], [-0.3186071217060089, 0.947044849395752, -0.03994492068886757, -0.103759765625], [0.0, 0.0, 0.0, 1.0]], [[0.002511005848646164, 0.9996111392974854, -0.027770891785621643, 0.002685546875], [-0.012753629125654697, -0.027736706659197807, -0.9995339512825012, 1.5791091918945312], [-0.9999154806137085, 0.002864046022295952, 0.012679021805524826, -0.0170745849609375], [0.0, 0.0, 0.0, 1.0]], [[-0.9347419142723083, 0.3545891344547272, -0.02289482392370701, 1.1019287109375], [0.01981343887746334, -0.012318878434598446, -0.9997277855873108, 1.552175521850586], [-0.35477471351623535, -0.9349411725997925, 0.004489342216402292, -0.07666015625], [0.0, 0.0, 0.0, 1.0]]], "view": [[0.0, -2.0, 100.0], [-2.0, 0.0, 100.0], [0.0, 0.0, 1.0]], "bev": "bev_f3fd1c5a111d4ac58d26ad6a577b736f.png", "aux": "aux_f3fd1c5a111d4ac58d26ad6a577b736f.npz", "visibility": "visibility_f3fd1c5a111d4ac58d26ad6a577b736f.png", "pose": [[-0.6446737051010132, -0.7644578814506531, 0.0, 1785.62548828125], [0.7644578814506531, -0.6446737051010132, 0.0, 1198.5189208984375], [0.0, 0.0, 1.0, 0.0], [0.0, 0.0, 0.0, 1.0]], "pose_inverse": [[-0.6446737051010132, 0.7644578814506531, 0.0, 234.92857360839844], [-0.7644578814506531, -0.6446737051010132, 0.0, 2137.68896484375], [0.0, 0.0, 1.0, 0.0], [0.0, 0.0, 0.0, 1.0]], "cam_ids": [0, 1, 2, 3, 4, 5], "cam_channels": ["CAM_FRONT_LEFT", "CAM_FRONT", "CAM_FRONT_RIGHT", "CAM_BACK_LEFT", "CAM_BACK", "CAM_BACK_RIGHT"], "token": "f3fd1c5a111d4ac58d26ad6a577b736f", "scene": "scene-1089"}, {"images": ["samples/CAM_FRONT_LEFT/n015-2018-11-21-19-38-26+0800__CAM_FRONT_LEFT__1542800668654844.jpg", "samples/CAM_FRONT/n015-2018-11-21-19-38-26+0800__CAM_FRONT__1542800668662460.jpg", "samples/CAM_FRONT_RIGHT/n015-2018-11-21-19-38-26+0800__CAM_FRONT_RIGHT__1542800668670339.jpg", "samples/CAM_BACK_LEFT/n015-2018-11-21-19-38-26+0800__CAM_BACK_LEFT__1542800668697423.jpg", "samples/CAM_BACK/n015-2018-11-21-19-38-26+0800__CAM_BACK__1542800668687525.jpg", "samples/CAM_BACK_RIGHT/n015-2018-11-21-19-38-26+0800__CAM_BACK_RIGHT__1542800668677893.jpg"], "intrinsics": [[[1272.5979470598488, 0.0, 826.6154927353808], [0.0, 1272.5979470598488, 479.75165386361925], [0.0, 0.0, 1.0]], [[1266.417203046554, 0.0, 816.2670197447984], [0.0, 1266.417203046554, 491.50706579294757], [0.0, 0.0, 1.0]], [[1260.8474446004698, 0.0, 807.968244525554], [0.0, 1260.8474446004698, 495.3344268742088], [0.0, 0.0, 1.0]], [[1256.7414812095406, 0.0, 792.1125740759628], [0.0, 1256.7414812095406, 492.7757465151356], [0.0, 0.0, 1.0]], [[809.2209905677063, 0.0, 829.2196003259838], [0.0, 809.2209905677063, 481.77842384512485], [0.0, 0.0, 1.0]], [[1259.5137405846733, 0.0, 807.2529053838625], [0.0, 1259.5137405846733, 501.19579884916527], [0.0, 0.0, 1.0]]], "extrinsics": [[[0.8194005489349365, -0.5729342699050903, 0.018141157925128937, -0.8851318359375], [0.0026033038739115, -0.027927935123443604, -0.9996065497398376, 1.5084991455078125], [0.5732155442237854, 0.8191254138946533, -0.021392639726400375, -1.224365234375], [0.0, 0.0, 0.0, 1.0]], [[0.0036331070587038994, -0.9994810223579407, 0.03200722113251686, 0.00537109375], [-0.0027173913549631834, -0.03201718255877495, -0.9994836449623108, 1.5203094482421875], [0.9999897480010986, 0.0035443007946014404, -0.0028323037549853325, -1.6120147705078125], [0.0, 0.0, 0.0, 1.0]], [[-0.8338316082954407, -0.5519888997077942, 0.005743185058236122, 0.9798583984375], [0.0029322821646928787, -0.014832829125225544, -0.9998856782913208, 1.503835678100586], [0.5520110726356506, -0.8337194919586182, 0.013986669480800629, -1.2142333984375], [0.0, 0.0, 0.0, 1.0]], [[0.9478515386581421, 0.3186951279640198, -0.0033128054346889257, -1.14031982421875], [0.011643494479358196, -0.04501330852508545, -0.9989185333251953, 1.5885696411132812], [-0.3184995949268341, 0.9467878341674805, -0.046376656740903854, -0.104248046875], [0.0, 0.0, 0.0, 1.0]], [[0.003290301887318492, 0.9993772506713867, -0.035132866352796555, 0.0029296875], [-0.013814016245305538, -0.035084281116724014, -0.9992889165878296, 1.5790252685546875], [-0.9998992085456848, 0.003773265052586794, 0.013689977116882801, -0.0223846435546875], [0.0, 0.0, 0.0, 1.0]], [[-0.9342637062072754, 0.35573065280914307, -0.024639807641506195, 1.09344482421875], [0.018811283633112907, -0.019834963604807854, -0.9996262788772583, 1.5523109436035156], [-0.35608646273612976, -0.9343780875205994, 0.011839333921670914, -0.079833984375], [0.0, 0.0, 0.0, 1.0]]], "view": [[0.0, -2.0, 100.0], [-2.0, 0.0, 100.0], [0.0, 0.0, 1.0]], "bev": "bev_d77dc97de372425480a70a096ca74acd.png", "aux": "aux_d77dc97de372425480a70a096ca74acd.npz", "visibility": "visibility_d77dc97de372425480a70a096ca74acd.png", "pose": [[-0.6488680243492126, -0.7609009742736816, 0.0, 1784.9447021484375], [0.7609009742736816, -0.6488680243492126, 0.0, 1199.3253173828125], [0.0, 0.0, 1.0, 0.0], [0.0, 0.0, 0.0, 1.0]], "pose_inverse": [[-0.6488680243492126, 0.7609009742736816, 0.0, 245.62582397460938], [-0.7609009742736816, -0.6488680243492126, 0.0, 2136.3701171875], [0.0, 0.0, 1.0, 0.0], [0.0, 0.0, 0.0, 1.0]], "cam_ids": [0, 1, 2, 3, 4, 5], "cam_channels": ["CAM_FRONT_LEFT", "CAM_FRONT", "CAM_FRONT_RIGHT", "CAM_BACK_LEFT", "CAM_BACK", "CAM_BACK_RIGHT"], "token": "d77dc97de372425480a70a096ca74acd", "scene": "scene-1089"}, {"images": ["samples/CAM_FRONT_LEFT/n015-2018-11-21-19-38-26+0800__CAM_FRONT_LEFT__1542800669154844.jpg", "samples/CAM_FRONT/n015-2018-11-21-19-38-26+0800__CAM_FRONT__1542800669162460.jpg", "samples/CAM_FRONT_RIGHT/n015-2018-11-21-19-38-26+0800__CAM_FRONT_RIGHT__1542800669170339.jpg", "samples/CAM_BACK_LEFT/n015-2018-11-21-19-38-26+0800__CAM_BACK_LEFT__1542800669197423.jpg", "samples/CAM_BACK/n015-2018-11-21-19-38-26+0800__CAM_BACK__1542800669187525.jpg", "samples/CAM_BACK_RIGHT/n015-2018-11-21-19-38-26+0800__CAM_BACK_RIGHT__1542800669177893.jpg"], "intrinsics": [[[1272.5979470598488, 0.0, 826.6154927353808], [0.0, 1272.5979470598488, 479.75165386361925], [0.0, 0.0, 1.0]], [[1266.417203046554, 0.0, 816.2670197447984], [0.0, 1266.417203046554, 491.50706579294757], [0.0, 0.0, 1.0]], [[1260.8474446004698, 0.0, 807.968244525554], [0.0, 1260.8474446004698, 495.3344268742088], [0.0, 0.0, 1.0]], [[1256.7414812095406, 0.0, 792.1125740759628], [0.0, 1256.7414812095406, 492.7757465151356], [0.0, 0.0, 1.0]], [[809.2209905677063, 0.0, 829.2196003259838], [0.0, 809.2209905677063, 481.77842384512485], [0.0, 0.0, 1.0]], [[1259.5137405846733, 0.0, 807.2529053838625], [0.0, 1259.5137405846733, 501.19579884916527], [0.0, 0.0, 1.0]]], "extrinsics": [[[0.8171874284744263, -0.5761069655418396, 0.017482349649071693, -0.886962890625], [-0.001748223789036274, -0.03280907869338989, -0.9994601011276245, 1.5080947875976562], [0.5763694047927856, 0.8167155981063843, -0.02781832590699196, -1.2257080078125], [0.0, 0.0, 0.0, 1.0]], [[0.0005175740225240588, -0.9993135929107666, 0.03704146295785904, 0.005615234375], [-0.006984440144151449, -0.03704417869448662, -0.9992892742156982, 1.5200042724609375], [0.9999755024909973, 0.0002585636975709349, -0.006998822558671236, -1.614227294921875], [0.0, 0.0, 0.0, 1.0]], [[-0.8352109789848328, -0.5497980713844299, 0.012022657319903374, 0.9815673828125], [-0.0011931194458156824, -0.020050492137670517, -0.9997981786727905, 1.5035781860351562], [0.5499283671379089, -0.8350568413734436, 0.01609041541814804, -1.2147216796875], [0.0, 0.0, 0.0, 1.0]], [[0.9478984475135803, 0.31844985485076904, -0.008842792361974716, -1.14068603515625], [0.007788218557834625, -0.05091381072998047, -0.9986726641654968, 1.58856201171875], [-0.3184773921966553, 0.9465714693069458, -0.050741277635097504, -0.104248046875], [0.0, 0.0, 0.0, 1.0]], [[0.004212569445371628, 0.9991590976715088, -0.04078565165400505, 0.002685546875], [-0.017771923914551735, -0.040704771876335144, -0.9990131855010986, 1.5789413452148438], [-0.9998332262039185, 0.004933197982609272, 0.017585506662726402, -0.021331787109375], [0.0, 0.0, 0.0, 1.0]], [[-0.9336788058280945, 0.3573833405971527, -0.02282346598803997, 1.094573974609375], [0.014762689359486103, -0.025267215445637703, -0.9995717406272888, 1.5521125793457031], [-0.3578070104122162, -0.9336159229278564, 0.018315523862838745, -0.07958984375], [0.0, 0.0, 0.0, 1.0]]], "view": [[0.0, -2.0, 100.0], [-2.0, 0.0, 100.0], [0.0, 0.0, 1.0]], "bev": "bev_dae22c7877f945569dac6a6c58de4adc.png", "aux": "aux_dae22c7877f945569dac6a6c58de4adc.npz", "visibility": "visibility_dae22c7877f945569dac6a6c58de4adc.png", "pose": [[-0.6848569512367249, -0.7286775708198547, 0.0, 1784.186767578125], [0.7286775708198547, -0.6848569512367249, 0.0, 1200.179931640625], [0.0, 0.0, 1.0, 0.0], [0.0, 0.0, 0.0, 1.0]], "pose_inverse": [[-0.6848569512367249, 0.7286775708198547, 0.0, 347.3685302734375], [-0.7286775708198547, -0.6848569512367249, 0.0, 2122.04833984375], [0.0, 0.0, 1.0, 0.0], [0.0, 0.0, 0.0, 1.0]], "cam_ids": [0, 1, 2, 3, 4, 5], "cam_channels": ["CAM_FRONT_LEFT", "CAM_FRONT", "CAM_FRONT_RIGHT", "CAM_BACK_LEFT", "CAM_BACK", "CAM_BACK_RIGHT"], "token": "dae22c7877f945569dac6a6c58de4adc", "scene": "scene-1089"}, {"images": ["samples/CAM_FRONT_LEFT/n015-2018-11-21-19-38-26+0800__CAM_FRONT_LEFT__1542800669654844.jpg", "samples/CAM_FRONT/n015-2018-11-21-19-38-26+0800__CAM_FRONT__1542800669662460.jpg", "samples/CAM_FRONT_RIGHT/n015-2018-11-21-19-38-26+0800__CAM_FRONT_RIGHT__1542800669670339.jpg", "samples/CAM_BACK_LEFT/n015-2018-11-21-19-38-26+0800__CAM_BACK_LEFT__1542800669697423.jpg", "samples/CAM_BACK/n015-2018-11-21-19-38-26+0800__CAM_BACK__1542800669687525.jpg", "samples/CAM_BACK_RIGHT/n015-2018-11-21-19-38-26+0800__CAM_BACK_RIGHT__1542800669677893.jpg"], "intrinsics": [[[1272.5979470598488, 0.0, 826.6154927353808], [0.0, 1272.5979470598488, 479.75165386361925], [0.0, 0.0, 1.0]], [[1266.417203046554, 0.0, 816.2670197447984], [0.0, 1266.417203046554, 491.50706579294757], [0.0, 0.0, 1.0]], [[1260.8474446004698, 0.0, 807.968244525554], [0.0, 1260.8474446004698, 495.3344268742088], [0.0, 0.0, 1.0]], [[1256.7414812095406, 0.0, 792.1125740759628], [0.0, 1256.7414812095406, 492.7757465151356], [0.0, 0.0, 1.0]], [[809.2209905677063, 0.0, 829.2196003259838], [0.0, 809.2209905677063, 481.77842384512485], [0.0, 0.0, 1.0]], [[1259.5137405846733, 0.0, 807.2529053838625], [0.0, 1259.5137405846733, 501.19579884916527], [0.0, 0.0, 1.0]]], "extrinsics": [[[0.8144126534461975, -0.5801723003387451, 0.011492539197206497, -0.8914794921875], [-0.0067719691433012486, -0.02930597774684429, -0.99954754114151, 1.5076675415039062], [0.58024662733078, 0.8139663338661194, -0.027796069160103798, -1.2288818359375], [0.0, 0.0, 0.0, 1.0]], [[-0.003391355276107788, -0.9994337558746338, 0.03347567841410637, 0.005615234375], [-0.012130772694945335, -0.03343229368329048, -0.9993674159049988, 1.5196533203125], [0.9999207258224487, -0.003795289434492588, -0.012010522186756134, -1.6181640625], [0.0, 0.0, 0.0, 1.0]], [[-0.836921751499176, -0.547135591506958, 0.014308055862784386, 0.9840087890625], [-0.0063750045374035835, -0.01639532297849655, -0.9998452663421631, 1.5032806396484375], [0.5472854971885681, -0.8368834257125854, 0.01023361086845398, -1.2164306640625], [0.0, 0.0, 0.0, 1.0]], [[0.947869598865509, 0.31840166449546814, -0.0127914072945714, -1.140869140625], [0.0023272931575775146, -0.04705744609236717, -0.9988894462585449, 1.5885543823242188], [-0.3186500072479248, 0.9467871189117432, -0.045345332473516464, -0.1041259765625], [0.0, 0.0, 0.0, 1.0]], [[0.005309328902512789, 0.9993005990982056, -0.03701530396938324, 0.0029296875], [-0.023176338523626328, -0.0368829183280468, -0.9990507960319519, 1.5788345336914062], [-0.9997173547744751, 0.006162157282233238, 0.02296430617570877, -0.0208740234375], [0.0, 0.0, 0.0, 1.0]], [[-0.9329103231430054, 0.35972538590431213, -0.016614628955721855, 1.0958404541015625], [0.009479347616434097, -0.021590447053313255, -0.9997220039367676, 1.5518646240234375], [-0.35998401045799255, -0.9328084588050842, 0.0167319905012846, -0.078857421875], [0.0, 0.0, 0.0, 1.0]]], "view": [[0.0, -2.0, 100.0], [-2.0, 0.0, 100.0], [0.0, 0.0, 1.0]], "bev": "bev_ed049445922a45d9978a84445737e154.png", "aux": "aux_ed049445922a45d9978a84445737e154.npz", "visibility": "visibility_ed049445922a45d9978a84445737e154.png", "pose": [[-0.751954197883606, -0.6592153906822205, 0.0, 1783.4444580078125], [0.6592153906822205, -0.751954197883606, 0.0, 1200.908203125], [0.0, 0.0, 1.0, 0.0], [0.0, 0.0, 0.0, 1.0]], "pose_inverse": [[-0.751954197883606, 0.6592153906822205, 0.0, 549.411376953125], [-0.6592153906822205, -0.751954197883606, 0.0, 2078.701904296875], [0.0, 0.0, 1.0, 0.0], [0.0, 0.0, 0.0, 1.0]], "cam_ids": [0, 1, 2, 3, 4, 5], "cam_channels": ["CAM_FRONT_LEFT", "CAM_FRONT", "CAM_FRONT_RIGHT", "CAM_BACK_LEFT", "CAM_BACK", "CAM_BACK_RIGHT"], "token": "ed049445922a45d9978a84445737e154", "scene": "scene-1089"}, {"images": ["samples/CAM_FRONT_LEFT/n015-2018-11-21-19-38-26+0800__CAM_FRONT_LEFT__1542800670154849.jpg", "samples/CAM_FRONT/n015-2018-11-21-19-38-26+0800__CAM_FRONT__1542800670162460.jpg", "samples/CAM_FRONT_RIGHT/n015-2018-11-21-19-38-26+0800__CAM_FRONT_RIGHT__1542800670170339.jpg", "samples/CAM_BACK_LEFT/n015-2018-11-21-19-38-26+0800__CAM_BACK_LEFT__1542800670197423.jpg", "samples/CAM_BACK/n015-2018-11-21-19-38-26+0800__CAM_BACK__1542800670187525.jpg", "samples/CAM_BACK_RIGHT/n015-2018-11-21-19-38-26+0800__CAM_BACK_RIGHT__1542800670177893.jpg"], "intrinsics": [[[1272.5979470598488, 0.0, 826.6154927353808], [0.0, 1272.5979470598488, 479.75165386361925], [0.0, 0.0, 1.0]], [[1266.417203046554, 0.0, 816.2670197447984], [0.0, 1266.417203046554, 491.50706579294757], [0.0, 0.0, 1.0]], [[1260.8474446004698, 0.0, 807.968244525554], [0.0, 1260.8474446004698, 495.3344268742088], [0.0, 0.0, 1.0]], [[1256.7414812095406, 0.0, 792.1125740759628], [0.0, 1256.7414812095406, 492.7757465151356], [0.0, 0.0, 1.0]], [[809.2209905677063, 0.0, 829.2196003259838], [0.0, 809.2209905677063, 481.77842384512485], [0.0, 0.0, 1.0]], [[1259.5137405846733, 0.0, 807.2529053838625], [0.0, 1259.5137405846733, 501.19579884916527], [0.0, 0.0, 1.0]]], "extrinsics": [[[0.8094696402549744, -0.5869539380073547, 0.015617472119629383, -0.88311767578125], [-0.007253381423652172, -0.036592304706573486, -0.999303936958313, 1.5075607299804688], [0.5871167778968811, 0.8087930083274841, -0.03387776017189026, -1.22265625], [0.0, 0.0, 0.0, 1.0]], [[-0.010226919315755367, -0.9991170167922974, 0.04075159132480621, 0.005126953125], [-0.012548811733722687, -0.040622279047966, -0.9990957975387573, 1.5195388793945312], [0.9998689889907837, -0.010729106143116951, -0.012122288346290588, -1.61016845703125], [0.0, 0.0, 0.0, 1.0]], [[-0.8397969007492065, -0.5425902605056763, 0.01835758052766323, 0.9788818359375], [-0.006628065370023251, -0.023564469069242477, -0.9997003078460693, 1.5032310485839844], [0.542860209941864, -0.8396669030189514, 0.016193043440580368, -1.21337890625], [0.0, 0.0, 0.0, 1.0]], [[0.9478484988212585, 0.31835874915122986, -0.01519796997308731, -1.142333984375], [0.002141677774488926, -0.05404503270983696, -0.9985361695289612, 1.5885543823242188], [-0.31871405243873596, 0.9464284777641296, -0.05190832167863846, -0.1036376953125], [0.0, 0.0, 0.0, 1.0]], [[0.007183591369539499, 0.9990024566650391, -0.04407503828406334, 0.0025634765625], [-0.02341141737997532, -0.04389607533812523, -0.998761773109436, 1.5788116455078125], [-0.9997000694274902, 0.008206533268094063, 0.023072728887200356, -0.02197265625], [0.0, 0.0, 0.0, 1.0]], [[-0.9315465092658997, 0.3631226122379303, -0.0190509632229805, 1.0926361083984375], [0.009232896380126476, -0.02875448577105999, -0.9995438456535339, 1.5518913269042969], [-0.3635047376155853, -0.9312976002693176, 0.023433472961187363, -0.080322265625], [0.0, 0.0, 0.0, 1.0]]], "view": [[0.0, -2.0, 100.0], [-2.0, 0.0, 100.0], [0.0, 0.0, 1.0]], "bev": "bev_feb84d6727b044809a5fb13f143c4843.png", "aux": "aux_feb84d6727b044809a5fb13f143c4843.npz", "visibility": "visibility_feb84d6727b044809a5fb13f143c4843.png", "pose": [[-0.8575128316879272, -0.5144625902175903, 0.0, 1782.5570068359375], [0.5144625902175903, -0.8575128316879272, 0.0, 1201.5694580078125], [0.0, 0.0, 1.0, 0.0], [0.0, 0.0, 0.0, 1.0]], "pose_inverse": [[-0.8575128316879272, 0.5144625902175903, 0.0, 910.4028930664062], [-0.5144625902175903, -0.8575128316879272, 0.0, 1947.420166015625], [0.0, 0.0, 1.0, 0.0], [0.0, 0.0, 0.0, 1.0]], "cam_ids": [0, 1, 2, 3, 4, 5], "cam_channels": ["CAM_FRONT_LEFT", "CAM_FRONT", "CAM_FRONT_RIGHT", "CAM_BACK_LEFT", "CAM_BACK", "CAM_BACK_RIGHT"], "token": "feb84d6727b044809a5fb13f143c4843", "scene": "scene-1089"}, {"images": ["samples/CAM_FRONT_LEFT/n015-2018-11-21-19-38-26+0800__CAM_FRONT_LEFT__1542800670654844.jpg", "samples/CAM_FRONT/n015-2018-11-21-19-38-26+0800__CAM_FRONT__1542800670663467.jpg", "samples/CAM_FRONT_RIGHT/n015-2018-11-21-19-38-26+0800__CAM_FRONT_RIGHT__1542800670670339.jpg", "samples/CAM_BACK_LEFT/n015-2018-11-21-19-38-26+0800__CAM_BACK_LEFT__1542800670697423.jpg", "samples/CAM_BACK/n015-2018-11-21-19-38-26+0800__CAM_BACK__1542800670687525.jpg", "samples/CAM_BACK_RIGHT/n015-2018-11-21-19-38-26+0800__CAM_BACK_RIGHT__1542800670677893.jpg"], "intrinsics": [[[1272.5979470598488, 0.0, 826.6154927353808], [0.0, 1272.5979470598488, 479.75165386361925], [0.0, 0.0, 1.0]], [[1266.417203046554, 0.0, 816.2670197447984], [0.0, 1266.417203046554, 491.50706579294757], [0.0, 0.0, 1.0]], [[1260.8474446004698, 0.0, 807.968244525554], [0.0, 1260.8474446004698, 495.3344268742088], [0.0, 0.0, 1.0]], [[1256.7414812095406, 0.0, 792.1125740759628], [0.0, 1256.7414812095406, 492.7757465151356], [0.0, 0.0, 1.0]], [[809.2209905677063, 0.0, 829.2196003259838], [0.0, 809.2209905677063, 481.77842384512485], [0.0, 0.0, 1.0]], [[1259.5137405846733, 0.0, 807.2529053838625], [0.0, 1259.5137405846733, 501.19579884916527], [0.0, 0.0, 1.0]]], "extrinsics": [[[0.8060761094093323, -0.5916190147399902, 0.015111821703612804, -0.8611602783203125], [-0.007884975522756577, -0.03626878187060356, -0.9993109703063965, 1.507415771484375], [0.5917593836784363, 0.8054014444351196, -0.03390029817819595, -1.20947265625], [0.0, 0.0, 0.0, 1.0]], [[-0.014135003089904785, -0.9990795254707336, 0.04050080478191376, 0.0069580078125], [-0.013037384487688541, -0.04031725972890854, -0.9991019368171692, 1.5193710327148438], [0.9998149871826172, -0.014650377444922924, -0.012455499731004238, -1.5928955078125], [0.0, 0.0, 0.0, 1.0]], [[-0.8416260480880737, -0.5397459268569946, 0.018436918035149574, 0.966796875], [-0.0069593628868460655, -0.023296674713492393, -0.9997043609619141, 1.5031547546386719], [0.5400158166885376, -0.8415055274963379, 0.015850799158215523, -1.2037353515625], [0.0, 0.0, 0.0, 1.0]], [[0.9476518630981445, 0.3189465403556824, -0.015135051682591438, -1.1431884765625], [0.002179417759180069, -0.053859736770391464, -0.9985461235046387, 1.5886001586914062], [-0.31929799914360046, 0.9462410807609558, -0.051735393702983856, -0.104248046875], [0.0, 0.0, 0.0, 1.0]], [[0.008063278160989285, 0.9990047216415405, -0.04387018084526062, 0.001708984375], [-0.023531939834356308, -0.04366988688707352, -0.9987688660621643, 1.5787429809570312], [-0.999690592288971, 0.0090857008472085, 0.02315639704465866, -0.0264892578125], [0.0, 0.0, 0.0, 1.0]], [[-0.9307080507278442, 0.36527958512306213, -0.018794270232319832, 1.0823974609375], [0.008979741483926773, -0.02854890748858452, -0.9995520710945129, 1.5520248413085938], [-0.36565250158309937, -0.9304600358009338, 0.02329058200120926, -0.0826416015625], [0.0, 0.0, 0.0, 1.0]]], "view": [[0.0, -2.0, 100.0], [-2.0, 0.0, 100.0], [0.0, 0.0, 1.0]], "bev": "bev_47ca9df04f0c415aa486628bfa67e084.png", "aux": "aux_47ca9df04f0c415aa486628bfa67e084.npz", "visibility": "visibility_47ca9df04f0c415aa486628bfa67e084.png", "pose": [[-0.9622787833213806, -0.27206534147262573, 0.0, 1781.3406982421875], [0.27206534147262573, -0.9622787833213806, 0.0, 1202.1129150390625], [0.0, 0.0, 1.0, 0.0], [0.0, 0.0, 0.0, 1.0]], "pose_inverse": [[-0.9622787833213806, 0.27206534147262573, 0.0, 1387.0931396484375], [-0.27206534147262573, -0.9622787833213806, 0.0, 1641.4088134765625], [0.0, 0.0, 1.0, 0.0], [0.0, 0.0, 0.0, 1.0]], "cam_ids": [0, 1, 2, 3, 4, 5], "cam_channels": ["CAM_FRONT_LEFT", "CAM_FRONT", "CAM_FRONT_RIGHT", "CAM_BACK_LEFT", "CAM_BACK", "CAM_BACK_RIGHT"], "token": "47ca9df04f0c415aa486628bfa67e084", "scene": "scene-1089"}, {"images": ["samples/CAM_FRONT_LEFT/n015-2018-11-21-19-38-26+0800__CAM_FRONT_LEFT__1542800671154844.jpg", "samples/CAM_FRONT/n015-2018-11-21-19-38-26+0800__CAM_FRONT__1542800671162460.jpg", "samples/CAM_FRONT_RIGHT/n015-2018-11-21-19-38-26+0800__CAM_FRONT_RIGHT__1542800671170339.jpg", "samples/CAM_BACK_LEFT/n015-2018-11-21-19-38-26+0800__CAM_BACK_LEFT__1542800671197423.jpg", "samples/CAM_BACK/n015-2018-11-21-19-38-26+0800__CAM_BACK__1542800671187525.jpg", "samples/CAM_BACK_RIGHT/n015-2018-11-21-19-38-26+0800__CAM_BACK_RIGHT__1542800671177893.jpg"], "intrinsics": [[[1272.5979470598488, 0.0, 826.6154927353808], [0.0, 1272.5979470598488, 479.75165386361925], [0.0, 0.0, 1.0]], [[1266.417203046554, 0.0, 816.2670197447984], [0.0, 1266.417203046554, 491.50706579294757], [0.0, 0.0, 1.0]], [[1260.8474446004698, 0.0, 807.968244525554], [0.0, 1260.8474446004698, 495.3344268742088], [0.0, 0.0, 1.0]], [[1256.7414812095406, 0.0, 792.1125740759628], [0.0, 1256.7414812095406, 492.7757465151356], [0.0, 0.0, 1.0]], [[809.2209905677063, 0.0, 829.2196003259838], [0.0, 809.2209905677063, 481.77842384512485], [0.0, 0.0, 1.0]], [[1259.5137405846733, 0.0, 807.2529053838625], [0.0, 1259.5137405846733, 501.19579884916527], [0.0, 0.0, 1.0]]], "extrinsics": [[[0.8060879707336426, -0.5915567278862, 0.016818469390273094, -0.83770751953125], [-0.01104851346462965, -0.04345759004354477, -0.9989942312240601, 1.5067825317382812], [0.5916925668716431, 0.805091381072998, -0.04156646132469177, -1.1937255859375], [0.0, 0.0, 0.0, 1.0]], [[-0.014520636759698391, -0.9987466931343079, 0.04789824038743973, 0.0069580078125], [-0.0162824597209692, -0.04766076058149338, -0.9987308979034424, 1.5186691284179688], [0.9997619986534119, -0.015282106585800648, -0.015569986775517464, -1.56689453125], [0.0, 0.0, 0.0, 1.0]], [[-0.8415138721466064, -0.5396434664726257, 0.025284579023718834, 0.952392578125], [-0.010243232361972332, -0.030856279656291008, -0.9994713068008423, 1.5027427673339844], [0.540138304233551, -0.8413280248641968, 0.020438292995095253, -1.193861961364746], [0.0, 0.0, 0.0, 1.0]], [[0.9478689432144165, 0.31796008348464966, -0.021115491166710854, -1.140625], [-0.0013830516254529357, -0.0621577650308609, -0.9980653524398804, 1.5885772705078125], [-0.31865742802619934, 0.9460644721984863, -0.05847766250371933, -0.10491943359375], [0.0, 0.0, 0.0, 1.0]], [[0.008178956806659698, 0.9986178278923035, -0.05191932991147041, 0.0018310546875], [-0.026976095512509346, -0.051681824028491974, -0.9982991814613342, 1.578460693359375], [-0.9996026158332825, 0.009565625339746475, 0.026516105979681015, -0.0340576171875], [0.0, 0.0, 0.0, 1.0]], [[-0.930803656578064, 0.36504966020584106, -0.018528897315263748, 1.07080078125], [0.005648446269333363, -0.03632049635052681, -0.9993242025375366, 1.5519142150878906], [-0.36547595262527466, -0.9302793145179749, 0.03174528852105141, -0.0869140625], [0.0, 0.0, 0.0, 1.0]]], "view": [[0.0, -2.0, 100.0], [-2.0, 0.0, 100.0], [0.0, 0.0, 1.0]], "bev": "bev_9898700a0faf490d910d5703bd835122.png", "aux": "aux_9898700a0faf490d910d5703bd835122.npz", "visibility": "visibility_9898700a0faf490d910d5703bd835122.png", "pose": [[-0.9996870160102844, 0.02501778118312359, 0.0, 1779.7327880859375], [-0.02501778118312359, -0.9996870160102844, 0.0, 1202.329345703125], [0.0, 0.0, 1.0, 0.0], [0.0, 0.0, 0.0, 1.0]], "pose_inverse": [[-0.9996870160102844, -0.02501778118312359, 0.0, 1809.25537109375], [0.02501778118312359, -0.9996870160102844, 0.0, 1157.4281005859375], [0.0, 0.0, 1.0, 0.0], [0.0, 0.0, 0.0, 1.0]], "cam_ids": [0, 1, 2, 3, 4, 5], "cam_channels": ["CAM_FRONT_LEFT", "CAM_FRONT", "CAM_FRONT_RIGHT", "CAM_BACK_LEFT", "CAM_BACK", "CAM_BACK_RIGHT"], "token": "9898700a0faf490d910d5703bd835122", "scene": "scene-1089"}, {"images": ["samples/CAM_FRONT_LEFT/n015-2018-11-21-19-38-26+0800__CAM_FRONT_LEFT__1542800671654844.jpg", "samples/CAM_FRONT/n015-2018-11-21-19-38-26+0800__CAM_FRONT__1542800671662460.jpg", "samples/CAM_FRONT_RIGHT/n015-2018-11-21-19-38-26+0800__CAM_FRONT_RIGHT__1542800671670339.jpg", "samples/CAM_BACK_LEFT/n015-2018-11-21-19-38-26+0800__CAM_BACK_LEFT__1542800671697423.jpg", "samples/CAM_BACK/n015-2018-11-21-19-38-26+0800__CAM_BACK__1542800671687525.jpg", "samples/CAM_BACK_RIGHT/n015-2018-11-21-19-38-26+0800__CAM_BACK_RIGHT__1542800671677893.jpg"], "intrinsics": [[[1272.5979470598488, 0.0, 826.6154927353808], [0.0, 1272.5979470598488, 479.75165386361925], [0.0, 0.0, 1.0]], [[1266.417203046554, 0.0, 816.2670197447984], [0.0, 1266.417203046554, 491.50706579294757], [0.0, 0.0, 1.0]], [[1260.8474446004698, 0.0, 807.968244525554], [0.0, 1260.8474446004698, 495.3344268742088], [0.0, 0.0, 1.0]], [[1256.7414812095406, 0.0, 792.1125740759628], [0.0, 1256.7414812095406, 492.7757465151356], [0.0, 0.0, 1.0]], [[809.2209905677063, 0.0, 829.2196003259838], [0.0, 809.2209905677063, 481.77842384512485], [0.0, 0.0, 1.0]], [[1259.5137405846733, 0.0, 807.2529053838625], [0.0, 1259.5137405846733, 501.19579884916527], [0.0, 0.0, 1.0]]], "extrinsics": [[[0.8125224709510803, -0.5827342867851257, 0.015099748969078064, -0.8134765625], [-0.018668022006750107, -0.051901787519454956, -0.9984776973724365, 1.5050735473632812], [0.5826308727264404, 0.8110036849975586, -0.05304986238479614, -1.177490234375], [0.0, 0.0, 0.0, 1.0]], [[-0.005475095938891172, -0.9984015226364136, 0.05625215917825699, 0.00811767578125], [-0.023899482563138008, -0.056106287986040115, -0.9981387257575989, 1.5171432495117188], [0.9996993541717529, -0.006809295155107975, -0.023554092273116112, -1.54150390625], [0.0, 0.0, 0.0, 1.0]], [[-0.8376933336257935, -0.5449212193489075, 0.03647782653570175, 0.935546875], [-0.018014568835496902, -0.039185840636491776, -0.9990695118904114, 1.5016441345214844], [0.5458435416221619, -0.8375710844993591, 0.023009201511740685, -1.181976318359375], [0.0, 0.0, 0.0, 1.0]], [[0.9476779699325562, 0.3177226185798645, -0.030964460223913193, -1.14013671875], [-0.009102513082325459, -0.07006372511386871, -0.997501015663147, 1.5886001586914062], [-0.3190980851650238, 0.9455915689468384, -0.06350577622652054, -0.10537338256835938], [0.0, 0.0, 0.0, 1.0]], [[0.005455565173178911, 0.99818354845047, -0.05999915301799774, 0.00140380859375], [-0.03467633202672005, -0.05977511405944824, -0.9976093769073486, 1.5779037475585938], [-0.9993836879730225, 0.007523066829890013, 0.0342872329056263, -0.0428466796875], [0.0, 0.0, 0.0, 1.0]], [[-0.9326112270355225, 0.3606073558330536, -0.014095158316195011, 1.0555419921875], [-0.0020937491208314896, -0.04446344077587128, -0.99900883436203, 1.5513801574707031], [-0.3608766794204712, -0.9316573143005371, 0.042222123593091965, -0.0921630859375], [0.0, 0.0, 0.0, 1.0]]], "view": [[0.0, -2.0, 100.0], [-2.0, 0.0, 100.0], [0.0, 0.0, 1.0]], "bev": "bev_a9632d7ba3314005be2598f0be96f511.png", "aux": "aux_a9632d7ba3314005be2598f0be96f511.npz", "visibility": "visibility_a9632d7ba3314005be2598f0be96f511.png", "pose": [[-0.9694843888282776, 0.24515300989151, 0.0, 1777.8131103515625], [-0.24515300989151, -0.9694843888282776, 0.0, 1202.0697021484375], [0.0, 0.0, 1.0, 0.0], [0.0, 0.0, 0.0, 1.0]], "pose_inverse": [[-0.9694843888282776, -0.24515300989151, 0.0, 2018.2530517578125], [0.24515300989151, -0.9694843888282776, 0.0, 729.5515747070312], [0.0, 0.0, 1.0, 0.0], [0.0, 0.0, 0.0, 1.0]], "cam_ids": [0, 1, 2, 3, 4, 5], "cam_channels": ["CAM_FRONT_LEFT", "CAM_FRONT", "CAM_FRONT_RIGHT", "CAM_BACK_LEFT", "CAM_BACK", "CAM_BACK_RIGHT"], "token": "a9632d7ba3314005be2598f0be96f511", "scene": "scene-1089"}, {"images": ["samples/CAM_FRONT_LEFT/n015-2018-11-21-19-38-26+0800__CAM_FRONT_LEFT__1542800672254844.jpg", "samples/CAM_FRONT/n015-2018-11-21-19-38-26+0800__CAM_FRONT__1542800672262460.jpg", "samples/CAM_FRONT_RIGHT/n015-2018-11-21-19-38-26+0800__CAM_FRONT_RIGHT__1542800672270339.jpg", "samples/CAM_BACK_LEFT/n015-2018-11-21-19-38-26+0800__CAM_BACK_LEFT__1542800672297423.jpg", "samples/CAM_BACK/n015-2018-11-21-19-38-26+0800__CAM_BACK__1542800672287525.jpg", "samples/CAM_BACK_RIGHT/n015-2018-11-21-19-38-26+0800__CAM_BACK_RIGHT__1542800672277893.jpg"], "intrinsics": [[[1272.5979470598488, 0.0, 826.6154927353808], [0.0, 1272.5979470598488, 479.75165386361925], [0.0, 0.0, 1.0]], [[1266.417203046554, 0.0, 816.2670197447984], [0.0, 1266.417203046554, 491.50706579294757], [0.0, 0.0, 1.0]], [[1260.8474446004698, 0.0, 807.968244525554], [0.0, 1260.8474446004698, 495.3344268742088], [0.0, 0.0, 1.0]], [[1256.7414812095406, 0.0, 792.1125740759628], [0.0, 1256.7414812095406, 492.7757465151356], [0.0, 0.0, 1.0]], [[809.2209905677063, 0.0, 829.2196003259838], [0.0, 809.2209905677063, 481.77842384512485], [0.0, 0.0, 1.0]], [[1259.5137405846733, 0.0, 807.2529053838625], [0.0, 1259.5137405846733, 501.19579884916527], [0.0, 0.0, 1.0]]], "extrinsics": [[[0.8192625641822815, -0.573259711265564, 0.013494030572474003, -0.781005859375], [-0.021875616163015366, -0.05476125702261925, -0.9982598423957825, 1.5036163330078125], [0.5730010867118835, 0.8175417184829712, -0.057404257357120514, -1.156494140625], [0.0, 0.0, 0.0, 1.0]], [[0.004104243125766516, -0.9982566833496094, 0.05887994542717934, 0.0093994140625], [-0.027394501492381096, -0.05897058546543121, -0.9978837966918945, 1.51568603515625], [0.9996162056922913, 0.002482603769749403, -0.027588771656155586, -1.5078125], [0.0, 0.0, 0.0, 1.0]], [[-0.8335400819778442, -0.550896942615509, 0.04151534289121628, 0.91259765625], [-0.022000689059495926, -0.04198647662997246, -0.9988759160041809, 1.5005722045898438], [0.5520207285881042, -0.8335164785385132, 0.022877298295497894, -1.16595458984375], [0.0, 0.0, 0.0, 1.0]], [[0.947411298751831, 0.3178935945034027, -0.03681713715195656, -1.132080078125], [-0.01425271574407816, -0.0730179101228714, -0.997228741645813, 1.5884780883789062], [-0.31970086693763733, 0.9453105926513672, -0.0646471455693245, -0.1082611083984375], [0.0, 0.0, 0.0, 1.0]], [[0.0023916722275316715, 0.9980189800262451, -0.06286884099245071, 0.00128173828125], [-0.03934086486697197, -0.0627264454960823, -0.9972550868988037, 1.5770950317382812], [-0.999222993850708, 0.004858381114900112, 0.03911290690302849, -0.05810546875], [0.0, 0.0, 0.0, 1.0]], [[-0.9345480799674988, 0.3556717038154602, -0.010835072956979275, 1.034423828125], [-0.006388759706169367, -0.04721593111753464, -0.9988642334938049, 1.5508613586425781], [-0.35577940940856934, -0.933417558670044, 0.0463978573679924, -0.099853515625], [0.0, 0.0, 0.0, 1.0]]], "view": [[0.0, -2.0, 100.0], [-2.0, 0.0, 100.0], [0.0, 0.0, 1.0]], "bev": "bev_4cac4457e87f4954af4a149b91019c56.png", "aux": "aux_4cac4457e87f4954af4a149b91019c56.npz", "visibility": "visibility_4cac4457e87f4954af4a149b91019c56.png", "pose": [[-0.9427597522735596, 0.33347275853157043, 0.0, 1775.142333984375], [-0.33347275853157043, -0.9427597522735596, 0.0, 1201.2618408203125], [0.0, 0.0, 1.0, 0.0], [0.0, 0.0, 0.0, 1.0]], "pose_inverse": [[-0.9427597522735596, -0.33347275853157043, 0.0, 2074.120849609375], [0.33347275853157043, -0.9427597522735596, 0.0, 540.5396728515625], [0.0, 0.0, 1.0, 0.0], [0.0, 0.0, 0.0, 1.0]], "cam_ids": [0, 1, 2, 3, 4, 5], "cam_channels": ["CAM_FRONT_LEFT", "CAM_FRONT", "CAM_FRONT_RIGHT", "CAM_BACK_LEFT", "CAM_BACK", "CAM_BACK_RIGHT"], "token": "4cac4457e87f4954af4a149b91019c56", "scene": "scene-1089"}, {"images": ["samples/CAM_FRONT_LEFT/n015-2018-11-21-19-38-26+0800__CAM_FRONT_LEFT__1542800672754844.jpg", "samples/CAM_FRONT/n015-2018-11-21-19-38-26+0800__CAM_FRONT__1542800672762460.jpg", "samples/CAM_FRONT_RIGHT/n015-2018-11-21-19-38-26+0800__CAM_FRONT_RIGHT__1542800672770339.jpg", "samples/CAM_BACK_LEFT/n015-2018-11-21-19-38-26+0800__CAM_BACK_LEFT__1542800672797423.jpg", "samples/CAM_BACK/n015-2018-11-21-19-38-26+0800__CAM_BACK__1542800672787525.jpg", "samples/CAM_BACK_RIGHT/n015-2018-11-21-19-38-26+0800__CAM_BACK_RIGHT__1542800672777893.jpg"], "intrinsics": [[[1272.5979470598488, 0.0, 826.6154927353808], [0.0, 1272.5979470598488, 479.75165386361925], [0.0, 0.0, 1.0]], [[1266.417203046554, 0.0, 816.2670197447984], [0.0, 1266.417203046554, 491.50706579294757], [0.0, 0.0, 1.0]], [[1260.8474446004698, 0.0, 807.968244525554], [0.0, 1260.8474446004698, 495.3344268742088], [0.0, 0.0, 1.0]], [[1256.7414812095406, 0.0, 792.1125740759628], [0.0, 1256.7414812095406, 492.7757465151356], [0.0, 0.0, 1.0]], [[809.2209905677063, 0.0, 829.2196003259838], [0.0, 809.2209905677063, 481.77842384512485], [0.0, 0.0, 1.0]], [[1259.5137405846733, 0.0, 807.2529053838625], [0.0, 1259.5137405846733, 501.19579884916527], [0.0, 0.0, 1.0]]], "extrinsics": [[[0.8211938738822937, -0.5705938339233398, 0.007961088791489601, -0.7501220703125], [-0.02911531738936901, -0.055827125906944275, -0.998015820980072, 1.5007400512695312], [0.5699061155319214, 0.8193327188491821, -0.06245790794491768, -1.133056640625], [0.0, 0.0, 0.0, 1.0]], [[0.007007972337305546, -0.9981981515884399, 0.05959348380565643, 0.0078125], [-0.034224629402160645, -0.05979946255683899, -0.9976235628128052, 1.5131988525390625], [0.9993895888328552, 0.004951742477715015, -0.03458203002810478, -1.476318359375], [0.0, 0.0, 0.0, 1.0]], [[-0.832213282585144, -0.5524416565895081, 0.047214847058057785, 0.89111328125], [-0.028426380828022957, -0.0425315760076046, -0.9986906051635742, 1.4988479614257812], [0.5537263751029968, -0.8324658274650574, 0.019691428169608116, -1.153564453125], [0.0, 0.0, 0.0, 1.0]], [[0.9473788142204285, 0.3174453675746918, -0.04125206544995308, -1.131103515625], [-0.01914195530116558, -0.07245772331953049, -0.9971877336502075, 1.5883331298828125], [-0.31954172253608704, 0.9455042481422424, -0.06256838887929916, -0.107391357421875], [0.0, 0.0, 0.0, 1.0]], [[0.0015830924967303872, 0.9980295896530151, -0.06272577494382858, 0.00250244140625], [-0.04476693645119667, -0.06259223818778992, -0.9970346689224243, 1.576263427734375], [-0.9989961385726929, 0.004386390559375286, 0.044579632580280304, -0.06787109375], [0.0, 0.0, 0.0, 1.0]], [[-0.9350647926330566, 0.35443785786628723, -0.005258686374872923, 1.0177001953125], [-0.01236790418624878, -0.04744739830493927, -0.9987971782684326, 1.5499153137207031], [-0.35426104068756104, -0.9338750839233398, 0.04875004664063454, -0.107666015625], [0.0, 0.0, 0.0, 1.0]]], "view": [[0.0, -2.0, 100.0], [-2.0, 0.0, 100.0], [0.0, 0.0, 1.0]], "bev": "bev_8f30a7f88b104d8c84c0d2b9885ddda9.png", "aux": "aux_8f30a7f88b104d8c84c0d2b9885ddda9.npz", "visibility": "visibility_8f30a7f88b104d8c84c0d2b9885ddda9.png", "pose": [[-0.94419264793396, 0.32939380407333374, 0.0, 1772.509521484375], [-0.32939380407333374, -0.94419264793396, 0.0, 1200.3526611328125], [0.0, 0.0, 1.0, 0.0], [0.0, 0.0, 0.0, 1.0]], "pose_inverse": [[-0.94419264793396, -0.32939380407333374, 0.0, 2068.979248046875], [0.32939380407333374, -0.94419264793396, 0.0, 549.510498046875], [0.0, 0.0, 1.0, 0.0], [0.0, 0.0, 0.0, 1.0]], "cam_ids": [0, 1, 2, 3, 4, 5], "cam_channels": ["CAM_FRONT_LEFT", "CAM_FRONT", "CAM_FRONT_RIGHT", "CAM_BACK_LEFT", "CAM_BACK", "CAM_BACK_RIGHT"], "token": "8f30a7f88b104d8c84c0d2b9885ddda9", "scene": "scene-1089"}, {"images": ["samples/CAM_FRONT_LEFT/n015-2018-11-21-19-38-26+0800__CAM_FRONT_LEFT__1542800673254844.jpg", "samples/CAM_FRONT/n015-2018-11-21-19-38-26+0800__CAM_FRONT__1542800673262460.jpg", "samples/CAM_FRONT_RIGHT/n015-2018-11-21-19-38-26+0800__CAM_FRONT_RIGHT__1542800673270339.jpg", "samples/CAM_BACK_LEFT/n015-2018-11-21-19-38-26+0800__CAM_BACK_LEFT__1542800673297423.jpg", "samples/CAM_BACK/n015-2018-11-21-19-38-26+0800__CAM_BACK__1542800673287525.jpg", "samples/CAM_BACK_RIGHT/n015-2018-11-21-19-38-26+0800__CAM_BACK_RIGHT__1542800673277928.jpg"], "intrinsics": [[[1272.5979470598488, 0.0, 826.6154927353808], [0.0, 1272.5979470598488, 479.75165386361925], [0.0, 0.0, 1.0]], [[1266.417203046554, 0.0, 816.2670197447984], [0.0, 1266.417203046554, 491.50706579294757], [0.0, 0.0, 1.0]], [[1260.8474446004698, 0.0, 807.968244525554], [0.0, 1260.8474446004698, 495.3344268742088], [0.0, 0.0, 1.0]], [[1256.7414812095406, 0.0, 792.1125740759628], [0.0, 1256.7414812095406, 492.7757465151356], [0.0, 0.0, 1.0]], [[809.2209905677063, 0.0, 829.2196003259838], [0.0, 809.2209905677063, 481.77842384512485], [0.0, 0.0, 1.0]], [[1259.5137405846733, 0.0, 807.2529053838625], [0.0, 1259.5137405846733, 501.19579884916527], [0.0, 0.0, 1.0]]], "extrinsics": [[[0.8211891055107117, -0.5704735517501831, 0.014435721561312675, -0.722900390625], [-0.020245470106601715, -0.05440521240234375, -0.9983136653900146, 1.50238037109375], [0.5702969431877136, 0.8195119500160217, -0.056226469576358795, -1.114013671875], [0.0, 0.0, 0.0, 1.0]], [[0.006723806262016296, -0.998280942440033, 0.0582234263420105, 0.00799560546875], [-0.02541476860642433, -0.05837653949856758, -0.9979710578918457, 1.5144271850585938], [0.9996542930603027, 0.00523042306303978, -0.025763586163520813, -1.448974609375], [0.0, 0.0, 0.0, 1.0]], [[-0.8324361443519592, -0.5527368187904358, 0.03914264589548111, 0.8734130859375], [-0.01968075893819332, -0.041102759540081024, -0.9989610314369202, 1.4999122619628906], [0.553771436214447, -0.8323416113853455, 0.023337138816714287, -1.14178466796875], [0.0, 0.0, 0.0, 1.0]], [[0.9474738836288452, 0.31814253330230713, -0.03284092992544174, -1.12939453125], [-0.010689745657145977, -0.07112416625022888, -0.9974101781845093, 1.5884132385253906], [-0.31965434551239014, 0.945371150970459, -0.06398742645978928, -0.107940673828125], [0.0, 0.0, 0.0, 1.0]], [[0.0016438951715826988, 0.9981154799461365, -0.06134249269962311, 0.0025634765625], [-0.03620193526148796, -0.0612429641187191, -0.99