[{"images": ["samples/CAM_FRONT_LEFT/n015-2018-08-03-15-00-36+0800__CAM_FRONT_LEFT__1533279924004844.jpg", "samples/CAM_FRONT/n015-2018-08-03-15-00-36+0800__CAM_FRONT__1533279924012460.jpg", "samples/CAM_FRONT_RIGHT/n015-2018-08-03-15-00-36+0800__CAM_FRONT_RIGHT__1533279924020339.jpg", "samples/CAM_BACK_LEFT/n015-2018-08-03-15-00-36+0800__CAM_BACK_LEFT__1533279924047423.jpg", "samples/CAM_BACK/n015-2018-08-03-15-00-36+0800__CAM_BACK__1533279924037525.jpg", "samples/CAM_BACK_RIGHT/n015-2018-08-03-15-00-36+0800__CAM_BACK_RIGHT__1533279924027893.jpg"], "intrinsics": [[[1272.5979470598488, 0.0, 826.6154927353808], [0.0, 1272.5979470598488, 479.75165386361925], [0.0, 0.0, 1.0]], [[1266.417203046554, 0.0, 816.2670197447984], [0.0, 1266.417203046554, 491.50706579294757], [0.0, 0.0, 1.0]], [[1260.8474446004698, 0.0, 807.968244525554], [0.0, 1260.8474446004698, 495.3344268742088], [0.0, 0.0, 1.0]], [[1256.7414812095406, 0.0, 792.1125740759628], [0.0, 1256.7414812095406, 492.7757465151356], [0.0, 0.0, 1.0]], [[809.2209905677063, 0.0, 829.2196003259838], [0.0, 809.2209905677063, 481.77842384512485], [0.0, 0.0, 1.0]], [[1259.5137405846733, 0.0, 807.2529053838625], [0.0, 1259.5137405846733, 501.19579884916527], [0.0, 0.0, 1.0]]], "extrinsics": [[[0.8222107291221619, -0.568962574005127, 0.015851913020014763, -0.76019287109375], [0.0027897728141397238, -0.023821556940674782, -0.999712347984314, 1.5089111328125], [0.569176435470581, 0.8220184445381165, -0.017999060451984406, -1.13677978515625], [0.0, 0.0, 0.0, 1.0]], [[0.007638252805918455, -0.9995825886726379, 0.027864867821335793, 0.0054931640625], [-0.0024635964073240757, -0.027884410694241524, -0.9996081590652466, 1.5199928283691406], [0.9999677538871765, 0.007566675078123808, -0.002675557043403387, -1.4850006103515625], [0.0, 0.0, 0.0, 1.0]], [[-0.832068681716919, -0.5546629428863525, 0.0032705669291317463, 0.89630126953125], [0.0031736507080495358, -0.01065702922642231, -0.9999381303787231, 1.5041561126708984], [0.5546635985374451, -0.8320068120956421, 0.01062768790870905, -1.15869140625], [0.0, 0.0, 0.0, 1.0]], [[0.9478157162666321, 0.3188146948814392, -0.0016357877757400274, -1.133270263671875], [0.01191389188170433, -0.0405455119907856, -0.9991066455841064, 1.5886688232421875], [-0.3185960352420807, 0.9469494819641113, -0.04222799465060234, -0.10693359375], [0.0, 0.0, 0.0, 1.0]], [[0.001986284041777253, 0.99952232837677, -0.03084407187998295, 0.003173828125], [-0.013488673605024815, -0.03081454709172249, -0.9994341135025024, 1.5784530639648438], [-0.9999070763587952, 0.0024011482018977404, 0.013421022333204746, -0.064544677734375], [0.0, 0.0, 0.0, 1.0]], [[-0.9351085424423218, 0.3535897135734558, -0.023375555872917175, 1.0233154296875], [0.019098743796348572, -0.015580372884869576, -0.9996961951255798, 1.553750991821289], [-0.3538465201854706, -0.9352709054946899, 0.007816220633685589, -0.1068115234375], [0.0, 0.0, 0.0, 1.0]]], "view": [[0.0, -2.0, 100.0], [-2.0, 0.0, 100.0], [0.0, 0.0, 1.0]], "bev": "bev_699cf22751e64a4789a6d53ccb1b12b2.png", "aux": "aux_699cf22751e64a4789a6d53ccb1b12b2.npz", "visibility": "visibility_699cf22751e64a4789a6d53ccb1b12b2.png", "pose": [[0.5585229396820068, 0.8294891119003296, 0.0, 1018.7322387695312], [-0.8294891119003296, 0.5585229396820068, 0.0, 870.0664672851562], [0.0, 0.0, 1.0, 0.0], [0.0, 0.0, 0.0, 1.0]], "pose_inverse": [[0.5585229396820068, -0.8294891119003296, 0.0, 152.72532653808594], [0.8294891119003296, 0.5585229396820068, 0.0, -1330.9793701171875], [0.0, 0.0, 1.0, 0.0], [0.0, 0.0, 0.0, 1.0]], "cam_ids": [0, 1, 2, 3, 4, 5], "cam_channels": ["CAM_FRONT_LEFT", "CAM_FRONT", "CAM_FRONT_RIGHT", "CAM_BACK_LEFT", "CAM_BACK", "CAM_BACK_RIGHT"], "token": "699cf22751e64a4789a6d53ccb1b12b2", "scene": "scene-0367"}, {"images": ["samples/CAM_FRONT_LEFT/n015-2018-08-03-15-00-36+0800__CAM_FRONT_LEFT__1533279924504844.jpg", "samples/CAM_FRONT/n015-2018-08-03-15-00-36+0800__CAM_FRONT__1533279924512460.jpg", "samples/CAM_FRONT_RIGHT/n015-2018-08-03-15-00-36+0800__CAM_FRONT_RIGHT__1533279924520347.jpg", "samples/CAM_BACK_LEFT/n015-2018-08-03-15-00-36+0800__CAM_BACK_LEFT__1533279924547423.jpg", "samples/CAM_BACK/n015-2018-08-03-15-00-36+0800__CAM_BACK__1533279924537525.jpg", "samples/CAM_BACK_RIGHT/n015-2018-08-03-15-00-36+0800__CAM_BACK_RIGHT__1533279924527893.jpg"], "intrinsics": [[[1272.5979470598488, 0.0, 826.6154927353808], [0.0, 1272.5979470598488, 479.75165386361925], [0.0, 0.0, 1.0]], [[1266.417203046554, 0.0, 816.2670197447984], [0.0, 1266.417203046554, 491.50706579294757], [0.0, 0.0, 1.0]], [[1260.8474446004698, 0.0, 807.968244525554], [0.0, 1260.8474446004698, 495.3344268742088], [0.0, 0.0, 1.0]], [[1256.7414812095406, 0.0, 792.1125740759628], [0.0, 1256.7414812095406, 492.7757465151356], [0.0, 0.0, 1.0]], [[809.2209905677063, 0.0, 829.2196003259838], [0.0, 809.2209905677063, 481.77842384512485], [0.0, 0.0, 1.0]], [[1259.5137405846733, 0.0, 807.2529053838625], [0.0, 1259.5137405846733, 501.19579884916527], [0.0, 0.0, 1.0]]], "extrinsics": [[[0.8207536935806274, -0.5711453557014465, 0.012501496821641922, -0.74945068359375], [0.0011127203470095992, -0.02028493583202362, -0.9997936487197876, 1.5085563659667969], [0.5712810754776001, 0.820598304271698, -0.016013413667678833, -1.13116455078125], [0.0, 0.0, 0.0, 1.0]], [[0.005620802752673626, -0.9996892213821411, 0.02428489364683628, 0.007080078125], [-0.004136824514716864, -0.02430831827223301, -0.9996959567070007, 1.5196514129638672], [0.9999756217002869, 0.005518704187124968, -0.004272172227501869, -1.4749908447265625], [0.0, 0.0, 0.0, 1.0]], [[-0.8329598307609558, -0.5533271431922913, 0.0026252816896885633, 0.89007568359375], [0.001539304736070335, -0.007061631418764591, -0.9999738931655884, 1.503911018371582], [0.553331196308136, -0.8329340219497681, 0.006733795162290335, -1.1534423828125], [0.0, 0.0, 0.0, 1.0]], [[0.9478360414505005, 0.31875112652778625, -0.0021039582788944244, -1.132568359375], [0.01035479735583067, -0.03738660365343094, -0.9992471933364868, 1.588653564453125], [-0.31858986616134644, 0.947100818157196, -0.0387369804084301, -0.10693359375], [0.0, 0.0, 0.0, 1.0]], [[0.0025914772413671017, 0.9996213316917419, -0.027395110577344894, 0.0028076171875], [-0.015080944634974003, -0.027353016659617424, -0.9995120763778687, 1.5783157348632812], [-0.9998829364776611, 0.0030033416114747524, 0.015004349872469902, -0.0677490234375], [0.0, 0.0, 0.0, 1.0]], [[-0.9347212314605713, 0.35478314757347107, -0.020618466660380363, 1.017578125], [0.017482828348875046, -0.012041863054037094, -0.9997746348381042, 1.553670883178711], [-0.35495150089263916, -0.9348711371421814, 0.0050531723536551, -0.108154296875], [0.0, 0.0, 0.0, 1.0]]], "view": [[0.0, -2.0, 100.0], [-2.0, 0.0, 100.0], [0.0, 0.0, 1.0]], "bev": "bev_0cd2e3160ac9453b948c3395428af105.png", "aux": "aux_0cd2e3160ac9453b948c3395428af105.npz", "visibility": "visibility_0cd2e3160ac9453b948c3395428af105.png", "pose": [[0.5444327592849731, 0.8388044834136963, 0.0, 1020.3082275390625], [-0.8388044834136963, 0.5444327592849731, 0.0, 867.6705932617188], [0.0, 0.0, 1.0, 0.0], [0.0, 0.0, 0.0, 1.0]], "pose_inverse": [[0.5444327592849731, -0.8388044834136963, 0.0, 172.31675720214844], [0.8388044834136963, 0.5444327592849731, 0.0, -1328.2274169921875], [0.0, 0.0, 1.0, 0.0], [0.0, 0.0, 0.0, 1.0]], "cam_ids": [0, 1, 2, 3, 4, 5], "cam_channels": ["CAM_FRONT_LEFT", "CAM_FRONT", "CAM_FRONT_RIGHT", "CAM_BACK_LEFT", "CAM_BACK", "CAM_BACK_RIGHT"], "token": "0cd2e3160ac9453b948c3395428af105", "scene": "scene-0367"}, {"images": ["samples/CAM_FRONT_LEFT/n015-2018-08-03-15-00-36+0800__CAM_FRONT_LEFT__1533279925004844.jpg", "samples/CAM_FRONT/n015-2018-08-03-15-00-36+0800__CAM_FRONT__1533279925012460.jpg", "samples/CAM_FRONT_RIGHT/n015-2018-08-03-15-00-36+0800__CAM_FRONT_RIGHT__1533279925020339.jpg", "samples/CAM_BACK_LEFT/n015-2018-08-03-15-00-36+0800__CAM_BACK_LEFT__1533279925047423.jpg", "samples/CAM_BACK/n015-2018-08-03-15-00-36+0800__CAM_BACK__1533279925037525.jpg", "samples/CAM_BACK_RIGHT/n015-2018-08-03-15-00-36+0800__CAM_BACK_RIGHT__1533279925027893.jpg"], "intrinsics": [[[1272.5979470598488, 0.0, 826.6154927353808], [0.0, 1272.5979470598488, 479.75165386361925], [0.0, 0.0, 1.0]], [[1266.417203046554, 0.0, 816.2670197447984], [0.0, 1266.417203046554, 491.50706579294757], [0.0, 0.0, 1.0]], [[1260.8474446004698, 0.0, 807.968244525554], [0.0, 1260.8474446004698, 495.3344268742088], [0.0, 0.0, 1.0]], [[1256.7414812095406, 0.0, 792.1125740759628], [0.0, 1256.7414812095406, 492.7757465151356], [0.0, 0.0, 1.0]], [[809.2209905677063, 0.0, 829.2196003259838], [0.0, 809.2209905677063, 481.77842384512485], [0.0, 0.0, 1.0]], [[1259.5137405846733, 0.0, 807.2529053838625], [0.0, 1259.5137405846733, 501.19579884916527], [0.0, 0.0, 1.0]]], "extrinsics": [[[0.8194007873535156, -0.5730023980140686, 0.015830814838409424, -0.74237060546875], [0.008723602630198002, -0.015148748643696308, -0.9998471736907959, 1.510641098022461], [0.5731545686721802, 0.8194137215614319, -0.007414252497255802, -1.12762451171875], [0.0, 0.0, 0.0, 1.0]], [[0.003715608501806855, -0.9998113512992859, 0.019059045240283012, 0.0081787109375], [0.003654028056189418, -0.019045474007725716, -0.9998119473457336, 1.5213947296142578], [0.9999863505363464, 0.0037845796905457973, 0.003582572564482689, -1.4680023193359375], [0.0, 0.0, 0.0, 1.0]], [[-0.8336812853813171, -0.552200973033905, -0.007030616980046034, 0.8857421875], [0.009549267590045929, -0.0016855456633493304, -0.9999529719352722, 1.505336046218872], [0.5521631240844727, -0.8337092995643616, 0.0066783232614398, -1.1492919921875], [0.0, 0.0, 0.0, 1.0]], [[0.9476702213287354, 0.31915125250816345, 0.007974004372954369, -1.12774658203125], [0.018953248858451843, -0.03131044656038284, -0.9993299841880798, 1.5889015197753906], [-0.31868770718574524, 0.9471863508224487, -0.035720933228731155, -0.1102294921875], [0.0, 0.0, 0.0, 1.0]], [[0.0031154262833297253, 0.9997614026069641, -0.02162238396704197, 0.0018310546875], [-0.006724577862769365, -0.021601056680083275, -0.9997440576553345, 1.5788841247558594], [-0.9999725222587585, 0.003259973833337426, 0.006655675824731588, -0.072601318359375], [0.0, 0.0, 0.0, 1.0]], [[-0.9341903924942017, 0.3558046519756317, -0.026292596012353897, 1.0126953125], [0.025639664381742477, -0.006551518104970455, -0.9996498227119446, 1.5548381805419922], [-0.35585230588912964, -0.934537410736084, -0.0030023446306586266, -0.109130859375], [0.0, 0.0, 0.0, 1.0]]], "view": [[0.0, -2.0, 100.0], [-2.0, 0.0, 100.0], [0.0, 0.0, 1.0]], "bev": "bev_d75ef77ebf0e4cb4a1b71cde2eb1713a.png", "aux": "aux_d75ef77ebf0e4cb4a1b71cde2eb1713a.npz", "visibility": "visibility_d75ef77ebf0e4cb4a1b71cde2eb1713a.png", "pose": [[0.5587649941444397, 0.8293260335922241, 0.0, 1021.9427490234375], [-0.8293260335922241, 0.5587649941444397, 0.0, 865.1668701171875], [0.0, 0.0, 1.0, 0.0], [0.0, 0.0, 0.0, 1.0]], "pose_inverse": [[0.5587649941444397, -0.8293260335922241, 0.0, 146.47959899902344], [0.8293260335922241, 0.5587649941444397, 0.0, -1330.94873046875], [0.0, 0.0, 1.0, 0.0], [0.0, 0.0, 0.0, 1.0]], "cam_ids": [0, 1, 2, 3, 4, 5], "cam_channels": ["CAM_FRONT_LEFT", "CAM_FRONT", "CAM_FRONT_RIGHT", "CAM_BACK_LEFT", "CAM_BACK", "CAM_BACK_RIGHT"], "token": "d75ef77ebf0e4cb4a1b71cde2eb1713a", "scene": "scene-0367"}, {"images": ["samples/CAM_FRONT_LEFT/n015-2018-08-03-15-00-36+0800__CAM_FRONT_LEFT__1533279925504844.jpg", "samples/CAM_FRONT/n015-2018-08-03-15-00-36+0800__CAM_FRONT__1533279925512460.jpg", "samples/CAM_FRONT_RIGHT/n015-2018-08-03-15-00-36+0800__CAM_FRONT_RIGHT__1533279925520339.jpg", "samples/CAM_BACK_LEFT/n015-2018-08-03-15-00-36+0800__CAM_BACK_LEFT__1533279925547423.jpg", "samples/CAM_BACK/n015-2018-08-03-15-00-36+0800__CAM_BACK__1533279925537525.jpg", "samples/CAM_BACK_RIGHT/n015-2018-08-03-15-00-36+0800__CAM_BACK_RIGHT__1533279925527893.jpg"], "intrinsics": [[[1272.5979470598488, 0.0, 826.6154927353808], [0.0, 1272.5979470598488, 479.75165386361925], [0.0, 0.0, 1.0]], [[1266.417203046554, 0.0, 816.2670197447984], [0.0, 1266.417203046554, 491.50706579294757], [0.0, 0.0, 1.0]], [[1260.8474446004698, 0.0, 807.968244525554], [0.0, 1260.8474446004698, 495.3344268742088], [0.0, 0.0, 1.0]], [[1256.7414812095406, 0.0, 792.1125740759628], [0.0, 1256.7414812095406, 492.7757465151356], [0.0, 0.0, 1.0]], [[809.2209905677063, 0.0, 829.2196003259838], [0.0, 809.2209905677063, 481.77842384512485], [0.0, 0.0, 1.0]], [[1259.5137405846733, 0.0, 807.2529053838625], [0.0, 1259.5137405846733, 501.19579884916527], [0.0, 0.0, 1.0]]], "extrinsics": [[[0.8189186453819275, -0.5738659501075745, 0.0070669688284397125, -0.72955322265625], [0.0008824587566778064, -0.011054622940719128, -0.9999384880065918, 1.5085334777832031], [0.573908805847168, 0.8188745379447937, -0.00854642502963543, -1.119140625], [0.0, 0.0, 0.0, 1.0]], [[0.003062398638576269, -0.9998868703842163, 0.014727341942489147, 0.0084228515625], [-0.0043791658245027065, -0.01474068034440279, -0.9998818039894104, 1.5195369720458984], [0.9999856948852539, 0.00299756764434278, -0.004423813428729773, -1.4562149047851562], [0.0, 0.0, 0.0, 1.0]], [[-0.8340606093406677, -0.5516664385795593, -0.0026700289454311132, 0.8790283203125], [0.001329902675934136, 0.0028292424976825714, -0.9999950528144836, 1.5038855075836182], [0.5516712069511414, -0.83406001329422, -0.0016260945703834295, -1.14453125], [0.0, 0.0, 0.0, 1.0]], [[0.9476226568222046, 0.3193885385990143, 0.001473684562370181, -1.1290283203125], [0.01044685672968626, -0.026383502408862114, -0.9995973110198975, 1.5887413024902344], [-0.31922098994255066, 0.9472565650939941, -0.02833821251988411, -0.1097412109375], [0.0, 0.0, 0.0, 1.0]], [[0.0030926635954529047, 0.999855637550354, -0.01670820452272892, 0.0013427734375], [-0.015222367830574512, -0.016659274697303772, -0.9997453093528748, 1.5782299041748047], [-0.9998792409896851, 0.00334626785479486, 0.015168647281825542, -0.07399749755859375], [0.0, 0.0, 0.0, 1.0]], [[-0.9342111349105835, 0.3563249111175537, -0.016794942319393158, 1.00775146484375], [0.01727793738245964, -0.0018274568719789386, -0.9998490810394287, 1.5538175106048584], [-0.35630184412002563, -0.9343602657318115, -0.0044493298046290874, -0.1104736328125], [0.0, 0.0, 0.0, 1.0]]], "view": [[0.0, -2.0, 100.0], [-2.0, 0.0, 100.0], [0.0, 0.0, 1.0]], "bev": "bev_dc4af2033d834737bd567ddb0ab02460.png", "aux": "aux_dc4af2033d834737bd567ddb0ab02460.npz", "visibility": "visibility_dc4af2033d834737bd567ddb0ab02460.png", "pose": [[0.5936269164085388, 0.8047403693199158, 0.0, 1023.7278442382812], [-0.8047403693199158, 0.5936269164085388, 0.0, 862.6158447265625], [0.0, 0.0, 1.0, 0.0], [0.0, 0.0, 0.0, 1.0]], "pose_inverse": [[0.5936269164085388, -0.8047403693199158, 0.0, 86.46943664550781], [0.8047403693199158, 0.5936269164085388, 0.0, -1335.9071044921875], [0.0, 0.0, 1.0, 0.0], [0.0, 0.0, 0.0, 1.0]], "cam_ids": [0, 1, 2, 3, 4, 5], "cam_channels": ["CAM_FRONT_LEFT", "CAM_FRONT", "CAM_FRONT_RIGHT", "CAM_BACK_LEFT", "CAM_BACK", "CAM_BACK_RIGHT"], "token": "dc4af2033d834737bd567ddb0ab02460", "scene": "scene-0367"}, {"images": ["samples/CAM_FRONT_LEFT/n015-2018-08-03-15-00-36+0800__CAM_FRONT_LEFT__1533279925904844.jpg", "samples/CAM_FRONT/n015-2018-08-03-15-00-36+0800__CAM_FRONT__1533279925912460.jpg", "samples/CAM_FRONT_RIGHT/n015-2018-08-03-15-00-36+0800__CAM_FRONT_RIGHT__1533279925920339.jpg", "samples/CAM_BACK_LEFT/n015-2018-08-03-15-00-36+0800__CAM_BACK_LEFT__1533279925947748.jpg", "samples/CAM_BACK/n015-2018-08-03-15-00-36+0800__CAM_BACK__1533279925937525.jpg", "samples/CAM_BACK_RIGHT/n015-2018-08-03-15-00-36+0800__CAM_BACK_RIGHT__1533279925927893.jpg"], "intrinsics": [[[1272.5979470598488, 0.0, 826.6154927353808], [0.0, 1272.5979470598488, 479.75165386361925], [0.0, 0.0, 1.0]], [[1266.417203046554, 0.0, 816.2670197447984], [0.0, 1266.417203046554, 491.50706579294757], [0.0, 0.0, 1.0]], [[1260.8474446004698, 0.0, 807.968244525554], [0.0, 1260.8474446004698, 495.3344268742088], [0.0, 0.0, 1.0]], [[1256.7414812095406, 0.0, 792.1125740759628], [0.0, 1256.7414812095406, 492.7757465151356], [0.0, 0.0, 1.0]], [[809.2209905677063, 0.0, 829.2196003259838], [0.0, 809.2209905677063, 481.77842384512485], [0.0, 0.0, 1.0]], [[1259.5137405846733, 0.0, 807.2529053838625], [0.0, 1259.5137405846733, 501.19579884916527], [0.0, 0.0, 1.0]]], "extrinsics": [[[0.8182694911956787, -0.574747622013092, 0.010001548565924168, -0.72247314453125], [0.003622021060436964, -0.012243534438312054, -0.9999184608459473, 1.5093402862548828], [0.5748233199119568, 0.8182390928268433, -0.007936762645840645, -1.1123046875], [0.0, 0.0, 0.0, 1.0]], [[0.0021032693330198526, -0.9998716115951538, 0.01588159240782261, 0.00732421875], [-0.0017167228506878018, -0.015885215252637863, -0.9998723864555359, 1.5201396942138672], [0.9999963045120239, 0.002075831638649106, -0.0017499149544164538, -1.4475593566894531], [0.0, 0.0, 0.0, 1.0]], [[-0.8344530463218689, -0.5510626435279846, -0.0042272997088730335, 0.8724365234375], [0.003930026199668646, 0.0017200198490172625, -0.9999907612800598, 1.5044007301330566], [0.5510648488998413, -0.8344621062278748, 0.0007304165628738701, -1.141357421875], [0.0, 0.0, 0.0, 1.0]], [[0.9478999972343445, 0.3185542821884155, 0.002954361494630575, -1.134979248046875], [0.01238676905632019, -0.027588417753577232, -0.9995425939559937, 1.5886726379394531], [-0.3183271288871765, 0.9475030303001404, -0.03009692020714283, -0.1070556640625], [0.0, 0.0, 0.0, 1.0]], [[0.003741157939657569, 0.9998340010643005, -0.017832167446613312, 0.001953125], [-0.012952301651239395, -0.017782345414161682, -0.9997580051422119, 1.5783653259277344], [-0.9999091029167175, 0.003971262369304895, 0.012883624993264675, -0.07598876953125], [0.0, 0.0, 0.0, 1.0]], [[-0.9339713454246521, 0.3568151593208313, -0.01950376108288765, 1.0023193359375], [0.019757132977247238, -0.002935058670118451, -0.9998005032539368, 1.5542755126953125], [-0.35680121183395386, -0.9341704249382019, -0.0043083857744932175, -0.1134033203125], [0.0, 0.0, 0.0, 1.0]]], "view": [[0.0, -2.0, 100.0], [-2.0, 0.0, 100.0], [0.0, 0.0, 1.0]], "bev": "bev_a0f2af78d3ad4a1a82f90308df7ba611.png", "aux": "aux_a0f2af78d3ad4a1a82f90308df7ba611.npz", "visibility": "visibility_a0f2af78d3ad4a1a82f90308df7ba611.png", "pose": [[0.6184043288230896, 0.7858600616455078, 0.0, 1025.3115234375], [-0.7858600616455078, 0.6184043288230896, 0.0, 860.523193359375], [0.0, 0.0, 1.0, 0.0], [0.0, 0.0, 0.0, 1.0]], "pose_inverse": [[0.6184043288230896, -0.7858600616455078, 0.0, 42.193729400634766], [0.7858600616455078, 0.6184043288230896, 0.0, -1337.9027099609375], [0.0, 0.0, 1.0, 0.0], [0.0, 0.0, 0.0, 1.0]], "cam_ids": [0, 1, 2, 3, 4, 5], "cam_channels": ["CAM_FRONT_LEFT", "CAM_FRONT", "CAM_FRONT_RIGHT", "CAM_BACK_LEFT", "CAM_BACK", "CAM_BACK_RIGHT"], "token": "a0f2af78d3ad4a1a82f90308df7ba611", "scene": "scene-0367"}, {"images": ["samples/CAM_FRONT_LEFT/n015-2018-08-03-15-00-36+0800__CAM_FRONT_LEFT__1533279926354844.jpg", "samples/CAM_FRONT/n015-2018-08-03-15-00-36+0800__CAM_FRONT__1533279926362460.jpg", "samples/CAM_FRONT_RIGHT/n015-2018-08-03-15-00-36+0800__CAM_FRONT_RIGHT__1533279926370339.jpg", "samples/CAM_BACK_LEFT/n015-2018-08-03-15-00-36+0800__CAM_BACK_LEFT__1533279926397423.jpg", "samples/CAM_BACK/n015-2018-08-03-15-00-36+0800__CAM_BACK__1533279926387525.jpg", "samples/CAM_BACK_RIGHT/n015-2018-08-03-15-00-36+0800__CAM_BACK_RIGHT__1533279926377893.jpg"], "intrinsics": [[[1272.5979470598488, 0.0, 826.6154927353808], [0.0, 1272.5979470598488, 479.75165386361925], [0.0, 0.0, 1.0]], [[1266.417203046554, 0.0, 816.2670197447984], [0.0, 1266.417203046554, 491.50706579294757], [0.0, 0.0, 1.0]], [[1260.8474446004698, 0.0, 807.968244525554], [0.0, 1260.8474446004698, 495.3344268742088], [0.0, 0.0, 1.0]], [[1256.7414812095406, 0.0, 792.1125740759628], [0.0, 1256.7414812095406, 492.7757465151356], [0.0, 0.0, 1.0]], [[809.2209905677063, 0.0, 829.2196003259838], [0.0, 809.2209905677063, 481.77842384512485], [0.0, 0.0, 1.0]], [[1259.5137405846733, 0.0, 807.2529053838625], [0.0, 1259.5137405846733, 501.19579884916527], [0.0, 0.0, 1.0]]], "extrinsics": [[[0.8182108402252197, -0.5748805999755859, 0.006583278998732567, -0.71136474609375], [0.0005829004803672433, -0.010621287859976292, -0.9999434351921082, 1.5084543228149414], [0.5749179720878601, 0.8181683421134949, -0.008355354890227318, -1.10498046875], [0.0, 0.0, 0.0, 1.0]], [[0.002006582450121641, -0.9998916387557983, 0.014578945934772491, 0.007568359375], [-0.004759523086249828, -0.01458836067467928, -0.9998822808265686, 1.5193424224853516], [0.9999865889549255, 0.001936954678967595, -0.004788279999047518, -1.4365005493164062], [0.0, 0.0, 0.0, 1.0]], [[-0.834511935710907, -0.5509854555130005, -0.0022074843291193247, 0.86480712890625], [0.0008913195924833417, 0.0026564409490674734, -0.9999960660934448, 1.5038201808929443], [0.5509891510009766, -0.8345106244087219, -0.0017257254803553224, -1.1363525390625], [0.0, 0.0, 0.0, 1.0]], [[0.9478979706764221, 0.31857389211654663, 9.296860662288964e-05, -1.127716064453125], [0.009370993822813034, -0.02759113721549511, -0.9995753765106201, 1.5886955261230469], [-0.3184360861778259, 0.9474963545799255, -0.02913893759250641, -0.108642578125], [0.0, 0.0, 0.0, 1.0]], [[0.0036471569910645485, 0.9998372793197632, -0.01766795851290226, 0.0025634765625], [-0.015976041555404663, -0.017607562243938446, -0.9997173547744751, 1.578033447265625], [-0.999865710735321, 0.003928445745259523, 0.01590922474861145, -0.0816650390625], [0.0, 0.0, 0.0, 1.0]], [[-0.9340015649795532, 0.35688915848731995, -0.016469215974211693, 0.99603271484375], [0.016729122027754784, -0.0023588298354297876, -0.9998572468757629, 1.5539562702178955], [-0.35687705874443054, -0.9341437816619873, -0.003767293179407716, -0.1160888671875], [0.0, 0.0, 0.0, 1.0]]], "view": [[0.0, -2.0, 100.0], [-2.0, 0.0, 100.0], [0.0, 0.0, 1.0]], "bev": "bev_1164a84d6ebe4f3c8e2034916ee9e6db.png", "aux": "aux_1164a84d6ebe4f3c8e2034916ee9e6db.npz", "visibility": "visibility_1164a84d6ebe4f3c8e2034916ee9e6db.png", "pose": [[0.6504760384559631, 0.759526789188385, 0.0, 1027.2156982421875], [-0.759526789188385, 0.6504760384559631, 0.0, 858.1715698242188], [0.0, 0.0, 1.0, 0.0], [0.0, 0.0, 0.0, 1.0]], "pose_inverse": [[0.6504760384559631, -0.759526789188385, 0.0, -16.374916076660156], [0.759526789188385, 0.6504760384559631, 0.0, -1338.4178466796875], [0.0, 0.0, 1.0, 0.0], [0.0, 0.0, 0.0, 1.0]], "cam_ids": [0, 1, 2, 3, 4, 5], "cam_channels": ["CAM_FRONT_LEFT", "CAM_FRONT", "CAM_FRONT_RIGHT", "CAM_BACK_LEFT", "CAM_BACK", "CAM_BACK_RIGHT"], "token": "1164a84d6ebe4f3c8e2034916ee9e6db", "scene": "scene-0367"}, {"images": ["samples/CAM_FRONT_LEFT/n015-2018-08-03-15-00-36+0800__CAM_FRONT_LEFT__1533279926854844.jpg", "samples/CAM_FRONT/n015-2018-08-03-15-00-36+0800__CAM_FRONT__1533279926862460.jpg", "samples/CAM_FRONT_RIGHT/n015-2018-08-03-15-00-36+0800__CAM_FRONT_RIGHT__1533279926870339.jpg", "samples/CAM_BACK_LEFT/n015-2018-08-03-15-00-36+0800__CAM_BACK_LEFT__1533279926897423.jpg", "samples/CAM_BACK/n015-2018-08-03-15-00-36+0800__CAM_BACK__1533279926887525.jpg", "samples/CAM_BACK_RIGHT/n015-2018-08-03-15-00-36+0800__CAM_BACK_RIGHT__1533279926877893.jpg"], "intrinsics": [[[1272.5979470598488, 0.0, 826.6154927353808], [0.0, 1272.5979470598488, 479.75165386361925], [0.0, 0.0, 1.0]], [[1266.417203046554, 0.0, 816.2670197447984], [0.0, 1266.417203046554, 491.50706579294757], [0.0, 0.0, 1.0]], [[1260.8474446004698, 0.0, 807.968244525554], [0.0, 1260.8474446004698, 495.3344268742088], [0.0, 0.0, 1.0]], [[1256.7414812095406, 0.0, 792.1125740759628], [0.0, 1256.7414812095406, 492.7757465151356], [0.0, 0.0, 1.0]], [[809.2209905677063, 0.0, 829.2196003259838], [0.0, 809.2209905677063, 481.77842384512485], [0.0, 0.0, 1.0]], [[1259.5137405846733, 0.0, 807.2529053838625], [0.0, 1259.5137405846733, 501.19579884916527], [0.0, 0.0, 1.0]]], "extrinsics": [[[0.8197535872459412, -0.5726993680000305, 0.004421335645020008, -0.70050048828125], [0.00039281623321585357, -0.00715769873932004, -0.9999743103981018, 1.5083837509155273], [0.5727163553237915, 0.8197341561317444, -0.005642583593726158, -1.09716796875], [0.0, 0.0, 0.0, 1.0]], [[0.004141826182603836, -0.999929666519165, 0.011121355928480625, 0.0067138671875], [-0.004929451271891594, -0.011141732335090637, -0.9999257922172546, 1.5192279815673828], [0.9999792575836182, 0.004086726810783148, -0.004975250922143459, -1.4257545471191406], [0.0, 0.0, 0.0, 1.0]], [[-0.8336519598960876, -0.5522759556770325, -0.003959649242460728, 0.85791015625], [0.000679590564686805, 0.006143725477159023, -0.9999808669090271, 1.5037860870361328], [0.5522898435592651, -0.8336387276649475, -0.004746405873447657, -1.1328125], [0.0, 0.0, 0.0, 1.0]], [[0.9478063583374023, 0.31884515285491943, 0.0009742919355630875, -1.12762451171875], [0.009069198742508888, -0.02390461042523384, -0.9996731281280518, 1.5886974334716797], [-0.3187176585197449, 0.9475053548812866, -0.02554861269891262, -0.1087646484375], [0.0, 0.0, 0.0, 1.0]], [[0.0029937210492789745, 0.9998970031738281, -0.014038482680916786, 0.0029296875], [-0.016247140243649483, -0.013988059014081955, -0.9997701644897461, 1.5779552459716797], [-0.9998635649681091, 0.003221079707145691, 0.016203587874770164, -0.08432388305664062], [0.0, 0.0, 0.0, 1.0]], [[-0.9344117045402527, 0.35587942600250244, -0.01499049924314022, 0.9913330078125], [0.01650158502161503, 0.0012105921050533652, -0.9998630881309509, 1.5540101528167725], [-0.35581254959106445, -0.9345312118530273, -0.007003766018897295, -0.1187744140625], [0.0, 0.0, 0.0, 1.0]]], "view": [[0.0, -2.0, 100.0], [-2.0, 0.0, 100.0], [0.0, 0.0, 1.0]], "bev": "bev_cda6a4d1e0e94852a3fd3f79b013f8d4.png", "aux": "aux_cda6a4d1e0e94852a3fd3f79b013f8d4.npz", "visibility": "visibility_cda6a4d1e0e94852a3fd3f79b013f8d4.png", "pose": [[0.6685189604759216, 0.7436951398849487, 0.0, 1029.5343017578125], [-0.7436951398849487, 0.6685189604759216, 0.0, 855.50146484375], [0.0, 0.0, 1.0, 0.0], [0.0, 0.0, 0.0, 1.0]], "pose_inverse": [[0.6685189604759216, -0.7436951398849487, 0.0, -52.03092575073242], [0.7436951398849487, 0.6685189604759216, 0.0, -1337.57861328125], [0.0, 0.0, 1.0, 0.0], [0.0, 0.0, 0.0, 1.0]], "cam_ids": [0, 1, 2, 3, 4, 5], "cam_channels": ["CAM_FRONT_LEFT", "CAM_FRONT", "CAM_FRONT_RIGHT", "CAM_BACK_LEFT", "CAM_BACK", "CAM_BACK_RIGHT"], "token": "cda6a4d1e0e94852a3fd3f79b013f8d4", "scene": "scene-0367"}, {"images": ["samples/CAM_FRONT_LEFT/n015-2018-08-03-15-00-36+0800__CAM_FRONT_LEFT__1533279927354844.jpg", "samples/CAM_FRONT/n015-2018-08-03-15-00-36+0800__CAM_FRONT__1533279927362460.jpg", "samples/CAM_FRONT_RIGHT/n015-2018-08-03-15-00-36+0800__CAM_FRONT_RIGHT__1533279927370339.jpg", "samples/CAM_BACK_LEFT/n015-2018-08-03-15-00-36+0800__CAM_BACK_LEFT__1533279927397423.jpg", "samples/CAM_BACK/n015-2018-08-03-15-00-36+0800__CAM_BACK__1533279927387525.jpg", "samples/CAM_BACK_RIGHT/n015-2018-08-03-15-00-36+0800__CAM_BACK_RIGHT__1533279927377893.jpg"], "intrinsics": [[[1272.5979470598488, 0.0, 826.6154927353808], [0.0, 1272.5979470598488, 479.75165386361925], [0.0, 0.0, 1.0]], [[1266.417203046554, 0.0, 816.2670197447984], [0.0, 1266.417203046554, 491.50706579294757], [0.0, 0.0, 1.0]], [[1260.8474446004698, 0.0, 807.968244525554], [0.0, 1260.8474446004698, 495.3344268742088], [0.0, 0.0, 1.0]], [[1256.7414812095406, 0.0, 792.1125740759628], [0.0, 1256.7414812095406, 492.7757465151356], [0.0, 0.0, 1.0]], [[809.2209905677063, 0.0, 829.2196003259838], [0.0, 809.2209905677063, 481.77842384512485], [0.0, 0.0, 1.0]], [[1259.5137405846733, 0.0, 807.2529053838625], [0.0, 1259.5137405846733, 501.19579884916527], [0.0, 0.0, 1.0]]], "extrinsics": [[[0.8202955722808838, -0.5719247460365295, 0.0041647604666650295, -0.688720703125], [0.0001512203161837533, -0.007064934819936752, -0.9999750256538391, 1.508316993713379], [0.5719398260116577, 0.8202757239341736, -0.0057088471949100494, -1.090576171875], [0.0, 0.0, 0.0, 1.0]], [[0.004902897868305445, -0.9999243021011353, 0.011282455176115036, 0.00830078125], [-0.005226359702646732, -0.011308060958981514, -0.9999224543571472, 1.5191011428833008], [0.9999743103981018, 0.004843619652092457, -0.005281406454741955, -1.4142303466796875], [0.0, 0.0, 0.0, 1.0]], [[-0.8333417177200317, -0.5527474880218506, -0.0034365991596132517, 0.8505859375], [0.00031766374013386667, 0.0057382830418646336, -0.9999834299087524, 1.5037083625793457], [0.5527580380439758, -0.8333290219306946, -0.004606361035257578, -1.126708984375], [0.0, 0.0, 0.0, 1.0]], [[0.9477825164794922, 0.31891730427742004, 0.00020607720944099128, -1.127655029296875], [0.008559317328035831, -0.02479126863181591, -0.9996559619903564, 1.5886917114257812], [-0.31880250573158264, 0.9474582672119141, -0.02622644603252411, -0.108642578125], [0.0, 0.0, 0.0, 1.0]], [[0.002758531831204891, 0.9998866319656372, -0.014806408435106277, 0.00244140625], [-0.016696397215127945, -0.014758345670998096, -0.9997516870498657, 1.5778675079345703], [-0.9998567700386047, 0.0030051020439714193, 0.016653791069984436, -0.0878143310546875], [0.0, 0.0, 0.0, 1.0]], [[-0.9345654249191284, 0.3554825484752655, -0.014817352406680584, 0.984405517578125], [0.0160862747579813, 0.0006139303441159427, -0.9998704195022583, 1.5540560483932495], [-0.35542741417884827, -0.9346827268600464, -0.006292148493230343, -0.120361328125], [0.0, 0.0, 0.0, 1.0]]], "view": [[0.0, -2.0, 100.0], [-2.0, 0.0, 100.0], [0.0, 0.0, 1.0]], "bev": "bev_214326b2bca0478d85c9eb80f01f4ff1.png", "aux": "aux_214326b2bca0478d85c9eb80f01f4ff1.npz", "visibility": "visibility_214326b2bca0478d85c9eb80f01f4ff1.png", "pose": [[0.6760556697845459, 0.7368505597114563, 0.0, 1031.991943359375], [-0.7368505597114563, 0.6760556697845459, 0.0, 852.7655029296875], [0.0, 0.0, 1.0, 0.0], [0.0, 0.0, 0.0, 1.0]], "pose_inverse": [[0.6760556697845459, -0.7368505597114563, 0.0, -69.3232421875], [0.7368505597114563, 0.6760556697845459, 0.0, -1336.9407958984375], [0.0, 0.0, 1.0, 0.0], [0.0, 0.0, 0.0, 1.0]], "cam_ids": [0, 1, 2, 3, 4, 5], "cam_channels": ["CAM_FRONT_LEFT", "CAM_FRONT", "CAM_FRONT_RIGHT", "CAM_BACK_LEFT", "CAM_BACK", "CAM_BACK_RIGHT"], "token": "214326b2bca0478d85c9eb80f01f4ff1", "scene": "scene-0367"}, {"images": ["samples/CAM_FRONT_LEFT/n015-2018-08-03-15-00-36+0800__CAM_FRONT_LEFT__1533279927854844.jpg", "samples/CAM_FRONT/n015-2018-08-03-15-00-36+0800__CAM_FRONT__1533279927862460.jpg", "samples/CAM_FRONT_RIGHT/n015-2018-08-03-15-00-36+0800__CAM_FRONT_RIGHT__1533279927870339.jpg", "samples/CAM_BACK_LEFT/n015-2018-08-03-15-00-36+0800__CAM_BACK_LEFT__1533279927897423.jpg", "samples/CAM_BACK/n015-2018-08-03-15-00-36+0800__CAM_BACK__1533279927887525.jpg", "samples/CAM_BACK_RIGHT/n015-2018-08-03-15-00-36+0800__CAM_BACK_RIGHT__1533279927877893.jpg"], "intrinsics": [[[1272.5979470598488, 0.0, 826.6154927353808], [0.0, 1272.5979470598488, 479.75165386361925], [0.0, 0.0, 1.0]], [[1266.417203046554, 0.0, 816.2670197447984], [0.0, 1266.417203046554, 491.50706579294757], [0.0, 0.0, 1.0]], [[1260.8474446004698, 0.0, 807.968244525554], [0.0, 1260.8474446004698, 495.3344268742088], [0.0, 0.0, 1.0]], [[1256.7414812095406, 0.0, 792.1125740759628], [0.0, 1256.7414812095406, 492.7757465151356], [0.0, 0.0, 1.0]], [[809.2209905677063, 0.0, 829.2196003259838], [0.0, 809.2209905677063, 481.77842384512485], [0.0, 0.0, 1.0]], [[1259.5137405846733, 0.0, 807.2529053838625], [0.0, 1259.5137405846733, 501.19579884916527], [0.0, 0.0, 1.0]]], "extrinsics": [[[0.8188575506210327, -0.5739968419075012, 0.00013050333654973656, -0.67425537109375], [-0.00034168557613156736, -0.0007148038130253553, -0.9999997019767761, 1.508130431175232], [0.5739966630935669, 0.8188572525978088, -0.0007814489072188735, -1.0806884765625], [0.0, 0.0, 0.0, 1.0]], [[0.0029190846253186464, -0.9999846816062927, 0.004688774701207876, 0.0086669921875], [-0.005576226394623518, -0.00470499973744154, -0.9999733567237854, 1.5189142227172852], [0.9999801516532898, 0.0028928620740771294, -0.0055898758582770824, -1.399749755859375], [0.0, 0.0, 0.0, 1.0]], [[-0.8341397643089294, -0.5515082478523254, -0.007031761575490236, 0.8411865234375], [0.00014015159104019403, 0.012537078000605106, -0.9999213814735413, 1.5036516189575195], [0.5515530705451965, -0.8340751528739929, -0.010380379855632782, -1.1199951171875], [0.0, 0.0, 0.0, 1.0]], [[0.9478020071983337, 0.3188481330871582, 0.0026908370200544596, -1.1279296875], [0.008806642144918442, -0.017740866169333458, -0.9998038411140442, 1.5886955261230469], [-0.3187378942966461, 0.9476397037506104, -0.019622810184955597, -0.10888671875], [0.0, 0.0, 0.0, 1.0]], [[0.0033185374923050404, 0.9999640583992004, -0.007807767018675804, 0.0025634765625], [-0.016757668927311897, -0.007751106284558773, -0.9998295307159424, 1.5777902603149414], [-0.9998540878295898, 0.0034487780649214983, 0.016731342300772667, -0.09191131591796875], [0.0, 0.0, 0.0, 1.0]], [[-0.9341962933540344, 0.3565498888492584, -0.012224727310240269, 0.97650146484375], [0.015953486785292625, 0.0075188931077718735, -0.999844491481781, 1.5541582107543945], [-0.35640254616737366, -0.9342460632324219, -0.012712337076663971, -0.1231689453125], [0.0, 0.0, 0.0, 1.0]]], "view": [[0.0, -2.0, 100.0], [-2.0, 0.0, 100.0], [0.0, 0.0, 1.0]], "bev": "bev_99d83255b6aa488eb44216ced99bbe27.png", "aux": "aux_99d83255b6aa488eb44216ced99bbe27.npz", "visibility": "visibility_99d83255b6aa488eb44216ced99bbe27.png", "pose": [[0.6927706003189087, 0.7211580276489258, 0.0, 1034.6072998046875], [-0.7211580276489258, 0.6927706003189087, 0.0, 849.9255981445312], [0.0, 0.0, 1.0, 0.0], [0.0, 0.0, 0.0, 1.0]], "pose_inverse": [[0.6927706003189087, -0.7211580276489258, 0.0, -103.81488037109375], [0.7211580276489258, 0.6927706003189087, 0.0, -1334.9188232421875], [0.0, 0.0, 1.0, 0.0], [0.0, 0.0, 0.0, 1.0]], "cam_ids": [0, 1, 2, 3, 4, 5], "cam_channels": ["CAM_FRONT_LEFT", "CAM_FRONT", "CAM_FRONT_RIGHT", "CAM_BACK_LEFT", "CAM_BACK", "CAM_BACK_RIGHT"], "token": "99d83255b6aa488eb44216ced99bbe27", "scene": "scene-0367"}, {"images": ["samples/CAM_FRONT_LEFT/n015-2018-08-03-15-00-36+0800__CAM_FRONT_LEFT__1533279928354844.jpg", "samples/CAM_FRONT/n015-2018-08-03-15-00-36+0800__CAM_FRONT__1533279928362460.jpg", "samples/CAM_FRONT_RIGHT/n015-2018-08-03-15-00-36+0800__CAM_FRONT_RIGHT__1533279928370339.jpg", "samples/CAM_BACK_LEFT/n015-2018-08-03-15-00-36+0800__CAM_BACK_LEFT__1533279928397423.jpg", "samples/CAM_BACK/n015-2018-08-03-15-00-36+0800__CAM_BACK__1533279928387525.jpg", "samples/CAM_BACK_RIGHT/n015-2018-08-03-15-00-36+0800__CAM_BACK_RIGHT__1533279928377893.jpg"], "intrinsics": [[[1272.5979470598488, 0.0, 826.6154927353808], [0.0, 1272.5979470598488, 479.75165386361925], [0.0, 0.0, 1.0]], [[1266.417203046554, 0.0, 816.2670197447984], [0.0, 1266.417203046554, 491.50706579294757], [0.0, 0.0, 1.0]], [[1260.8474446004698, 0.0, 807.968244525554], [0.0, 1260.8474446004698, 495.3344268742088], [0.0, 0.0, 1.0]], [[1256.7414812095406, 0.0, 792.1125740759628], [0.0, 1256.7414812095406, 492.7757465151356], [0.0, 0.0, 1.0]], [[809.2209905677063, 0.0, 829.2196003259838], [0.0, 809.2209905677063, 481.77842384512485], [0.0, 0.0, 1.0]], [[1259.5137405846733, 0.0, 807.2529053838625], [0.0, 1259.5137405846733, 501.19579884916527], [0.0, 0.0, 1.0]]], "extrinsics": [[[0.8200533390045166, -0.5722866654396057, 0.0007161995745263994, -0.6607666015625], [-0.003778039710596204, -0.006665142718702555, -0.9999706745147705, 1.5068836212158203], [0.5722746253013611, 0.8200265765190125, -0.0076278927735984325, -1.072998046875], [0.0, 0.0, 0.0, 1.0]], [[0.004659641999751329, -0.9999321103096008, 0.010684586130082607, 0.009765625], [-0.009106297045946121, -0.010726690292358398, -0.9999010562896729, 1.517796516418457], [0.9999477863311768, 0.0045618400909006596, -0.00915566086769104, -1.3877105712890625], [0.0, 0.0, 0.0, 1.0]], [[-0.8334192633628845, -0.5526407957077026, -0.0006704230909235775, 0.83447265625], [-0.003486211644485593, 0.0064705354161560535, -0.999972939491272, 1.5027952194213867], [0.5526301860809326, -0.833394467830658, -0.007319290190935135, -1.1143798828125], [0.0, 0.0, 0.0, 1.0]], [[0.9477822184562683, 0.31890636682510376, -0.002736101159825921, -1.1282958984375], [0.005132865160703659, -0.023831840604543686, -0.9997027516365051, 1.588632583618164], [-0.3188767731189728, 0.9474865794181824, -0.0242242980748415, -0.1085205078125], [0.0, 0.0, 0.0, 1.0]], [[0.002751931082457304, 0.9998995065689087, -0.013911295682191849, 0.0020751953125], [-0.02027239091694355, -0.013852707110345364, -0.9996985793113708, 1.577413558959961], [-0.9997907280921936, 0.0030331627931445837, 0.02023223042488098, -0.0947265625], [0.0, 0.0, 0.0, 1.0]], [[-0.9345855712890625, 0.35556674003601074, -0.011055456474423409, 0.970611572265625], [0.012378324754536152, 0.0014455871423706412, -0.9999223351478577, 1.5536320209503174], [-0.3555231988430023, -0.9346498250961304, -0.005752344615757465, -0.12451171875], [0.0, 0.0, 0.0, 1.0]]], "view": [[0.0, -2.0, 100.0], [-2.0, 0.0, 100.0], [0.0, 0.0, 1.0]], "bev": "bev_3a38c8908f60423687c8c8a647dc382f.png", "aux": "aux_3a38c8908f60423687c8c8a647dc382f.npz", "visibility": "visibility_3a38c8908f60423687c8c8a647dc382f.png", "pose": [[0.7114964723587036, 0.7026897072792053, 0.0, 1037.4356689453125], [-0.7026897072792053, 0.7114964723587036, 0.0, 847.0225830078125], [0.0, 0.0, 1.0, 0.0], [0.0, 0.0, 0.0, 1.0]], "pose_inverse": [[0.7114964723587036, -0.7026897072792053, 0.0, -142.93775939941406], [0.7026897072792053, 0.7114964723587036, 0.0, -1331.64892578125], [0.0, 0.0, 1.0, 0.0], [0.0, 0.0, 0.0, 1.0]], "cam_ids": [0, 1, 2, 3, 4, 5], "cam_channels": ["CAM_FRONT_LEFT", "CAM_FRONT", "CAM_FRONT_RIGHT", "CAM_BACK_LEFT", "CAM_BACK", "CAM_BACK_RIGHT"], "token": "3a38c8908f60423687c8c8a647dc382f", "scene": "scene-0367"}, {"images": ["samples/CAM_FRONT_LEFT/n015-2018-08-03-15-00-36+0800__CAM_FRONT_LEFT__1533279928854844.jpg", "samples/CAM_FRONT/n015-2018-08-03-15-00-36+0800__CAM_FRONT__1533279928862460.jpg", "samples/CAM_FRONT_RIGHT/n015-2018-08-03-15-00-36+0800__CAM_FRONT_RIGHT__1533279928870339.jpg", "samples/CAM_BACK_LEFT/n015-2018-08-03-15-00-36+0800__CAM_BACK_LEFT__1533279928897423.jpg", "samples/CAM_BACK/n015-2018-08-03-15-00-36+0800__CAM_BACK__1533279928887525.jpg", "samples/CAM_BACK_RIGHT/n015-2018-08-03-15-00-36+0800__CAM_BACK_RIGHT__1533279928877893.jpg"], "intrinsics": [[[1272.5979470598488, 0.0, 826.6154927353808], [0.0, 1272.5979470598488, 479.75165386361925], [0.0, 0.0, 1.0]], [[1266.417203046554, 0.0, 816.2670197447984], [0.0, 1266.417203046554, 491.50706579294757], [0.0, 0.0, 1.0]], [[1260.8474446004698, 0.0, 807.968244525554], [0.0, 1260.8474446004698, 495.3344268742088], [0.0, 0.0, 1.0]], [[1256.7414812095406, 0.0, 792.1125740759628], [0.0, 1256.7414812095406, 492.7757465151356], [0.0, 0.0, 1.0]], [[809.2209905677063, 0.0, 829.2196003259838], [0.0, 809.2209905677063, 481.77842384512485], [0.0, 0.0, 1.0]], [[1259.5137405846733, 0.0, 807.2529053838625], [0.0, 1259.5137405846733, 501.19579884916527], [0.0, 0.0, 1.0]]], "extrinsics": [[[0.8213091492652893, -0.570461094379425, -0.00502385850995779, -0.64361572265625], [-0.011722026392817497, -0.008070765994489193, -0.9998987317085266, 1.5037460327148438], [0.5703628063201904, 0.8212848901748657, -0.013315555639564991, -1.0634765625], [0.0, 0.0, 0.0, 1.0]], [[0.006701862905174494, -0.9999061226844788, 0.01195162907242775, 0.0113525390625], [-0.017219925299286842, -0.012065526098012924, -0.9997789263725281, 1.5150909423828125], [0.9998291730880737, 0.0064945947378873825, -0.017299169674515724, -1.373291015625], [0.0, 0.0, 0.0, 1.0]], [[-0.8324732184410095, -0.554021954536438, 0.006916761863976717, 0.827392578125], [-0.011797042563557625, 0.00524264108389616, -0.999916672706604, 1.500694990158081], [0.5539394617080688, -0.8324854969978333, -0.010900178924202919, -1.108154296875], [0.0, 0.0, 0.0, 1.0]], [[0.9476980566978455, 0.3189765512943268, -0.011062314733862877, -1.1287841796875], [-0.00340656447224319, -0.024548890069127083, -0.9996927976608276, 1.5885086059570312], [-0.3191501498222351, 0.9474446177482605, -0.022178320214152336, -0.108642578125], [0.0, 0.0, 0.0, 1.0]], [