[{"images": ["samples/CAM_FRONT_LEFT/n015-2018-08-02-17-28-51+0800__CAM_FRONT_LEFT__1533202254004844.jpg", "samples/CAM_FRONT/n015-2018-08-02-17-28-51+0800__CAM_FRONT__1533202254012460.jpg", "samples/CAM_FRONT_RIGHT/n015-2018-08-02-17-28-51+0800__CAM_FRONT_RIGHT__1533202254020339.jpg", "samples/CAM_BACK_LEFT/n015-2018-08-02-17-28-51+0800__CAM_BACK_LEFT__1533202254047423.jpg", "samples/CAM_BACK/n015-2018-08-02-17-28-51+0800__CAM_BACK__1533202254037525.jpg", "samples/CAM_BACK_RIGHT/n015-2018-08-02-17-28-51+0800__CAM_BACK_RIGHT__1533202254027893.jpg"], "intrinsics": [[[1272.5979470598488, 0.0, 826.6154927353808], [0.0, 1272.5979470598488, 479.75165386361925], [0.0, 0.0, 1.0]], [[1266.417203046554, 0.0, 816.2670197447984], [0.0, 1266.417203046554, 491.50706579294757], [0.0, 0.0, 1.0]], [[1260.8474446004698, 0.0, 807.968244525554], [0.0, 1260.8474446004698, 495.3344268742088], [0.0, 0.0, 1.0]], [[1256.7414812095406, 0.0, 792.1125740759628], [0.0, 1256.7414812095406, 492.7757465151356], [0.0, 0.0, 1.0]], [[809.2209905677063, 0.0, 829.2196003259838], [0.0, 809.2209905677063, 481.77842384512485], [0.0, 0.0, 1.0]], [[1259.5137405846733, 0.0, 807.2529053838625], [0.0, 1259.5137405846733, 501.19579884916527], [0.0, 0.0, 1.0]]], "extrinsics": [[[0.8212599754333496, -0.5705522298812866, -0.001445689471438527, -0.95745849609375], [-0.0004212062631268054, 0.0019275480881333351, -0.9999980330467224, 1.508244514465332], [0.5705538988113403, 0.821259081363678, 0.0013426980003714561, -1.27496337890625], [0.0, 0.0, 0.0, 1.0]], [[0.006413848605006933, -0.9999772310256958, 0.002089452464133501, 0.005126953125], [-0.005673952866345644, -0.002125854603946209, -0.9999816417694092, 1.520490050315857], [0.9999634027481079, 0.006401899270713329, -0.005687457975000143, -1.6846771240234375], [0.0, 0.0, 0.0, 1.0]], [[-0.8326119780540466, -0.553793728351593, -0.008350069634616375, 1.02728271484375], [-1.6845244317664765e-05, 0.015101549215614796, -0.9998859167098999, 1.5036449432373047], [0.5538566708564758, -0.8325169086456299, -0.012583058327436447, -1.245361328125], [0.0, 0.0, 0.0, 1.0]], [[0.9477595686912537, 0.3189680278301239, 0.003340683877468109, -1.142120361328125], [0.008654577657580376, -0.01524381060153246, -0.999846339225769, 1.588557243347168], [-0.3188680410385132, 0.9476428627967834, -0.017208002507686615, -0.1038818359375], [0.0, 0.0, 0.0, 1.0]], [[0.002195042325183749, 0.9999837279319763, -0.00527691375464201, 0.0028076171875], [-0.01680903509259224, -0.005239284131675959, -0.9998449683189392, 1.5793156623840332], [-0.9998562932014465, 0.0022834211122244596, 0.01679726131260395, -0.0005340576171875], [0.0, 0.0, 0.0, 1.0]], [[-0.9349259734153748, 0.35466691851615906, -0.011169138364493847, 1.131988525390625], [0.015775321051478386, 0.010098423808813095, -0.999824583530426, 1.5515203475952148], [-0.35449185967445374, -0.9349381923675537, -0.01503626350313425, -0.0653076171875], [0.0, 0.0, 0.0, 1.0]]], "view": [[0.0, -2.0, 100.0], [-2.0, 0.0, 100.0], [0.0, 0.0, 1.0]], "bev": "bev_4d1c0fecc40b4ccb982a5fe6d4228fa5.png", "aux": "aux_4d1c0fecc40b4ccb982a5fe6d4228fa5.npz", "visibility": "visibility_4d1c0fecc40b4ccb982a5fe6d4228fa5.png", "pose": [[-0.8824452757835388, -0.47041505575180054, 0.0, 629.2637329101562], [0.47041505575180054, -0.8824452757835388, 0.0, 1006.1513671875], [0.0, 0.0, 1.0, 0.0], [0.0, 0.0, 0.0, 1.0]], "pose_inverse": [[-0.8824452757835388, 0.47041505575180054, 0.0, 81.98206329345703], [-0.47041505575180054, -0.8824452757835388, 0.0, 1183.888671875], [0.0, 0.0, 1.0, 0.0], [0.0, 0.0, 0.0, 1.0]], "cam_ids": [0, 1, 2, 3, 4, 5], "cam_channels": ["CAM_FRONT_LEFT", "CAM_FRONT", "CAM_FRONT_RIGHT", "CAM_BACK_LEFT", "CAM_BACK", "CAM_BACK_RIGHT"], "token": "4d1c0fecc40b4ccb982a5fe6d4228fa5", "scene": "scene-0348"}, {"images": ["samples/CAM_FRONT_LEFT/n015-2018-08-02-17-28-51+0800__CAM_FRONT_LEFT__1533202254504924.jpg", "samples/CAM_FRONT/n015-2018-08-02-17-28-51+0800__CAM_FRONT__1533202254512460.jpg", "samples/CAM_FRONT_RIGHT/n015-2018-08-02-17-28-51+0800__CAM_FRONT_RIGHT__1533202254520339.jpg", "samples/CAM_BACK_LEFT/n015-2018-08-02-17-28-51+0800__CAM_BACK_LEFT__1533202254547423.jpg", "samples/CAM_BACK/n015-2018-08-02-17-28-51+0800__CAM_BACK__1533202254537525.jpg", "samples/CAM_BACK_RIGHT/n015-2018-08-02-17-28-51+0800__CAM_BACK_RIGHT__1533202254527893.jpg"], "intrinsics": [[[1272.5979470598488, 0.0, 826.6154927353808], [0.0, 1272.5979470598488, 479.75165386361925], [0.0, 0.0, 1.0]], [[1266.417203046554, 0.0, 816.2670197447984], [0.0, 1266.417203046554, 491.50706579294757], [0.0, 0.0, 1.0]], [[1260.8474446004698, 0.0, 807.968244525554], [0.0, 1260.8474446004698, 495.3344268742088], [0.0, 0.0, 1.0]], [[1256.7414812095406, 0.0, 792.1125740759628], [0.0, 1256.7414812095406, 492.7757465151356], [0.0, 0.0, 1.0]], [[809.2209905677063, 0.0, 829.2196003259838], [0.0, 809.2209905677063, 481.77842384512485], [0.0, 0.0, 1.0]], [[1259.5137405846733, 0.0, 807.2529053838625], [0.0, 1259.5137405846733, 501.19579884916527], [0.0, 0.0, 1.0]]], "extrinsics": [[[0.8213037252426147, -0.5704905390739441, -0.0008354320889338851, -0.93975830078125], [0.0005595603142865002, 0.0022699739784002304, -0.9999972581863403, 1.5082662105560303], [0.5704908967018127, 0.8213010430335999, 0.002183562144637108, -1.2625732421875], [0.0, 0.0, 0.0, 1.0]], [[0.006161576136946678, -0.9999794363975525, 0.0017571334028616548, 0.0048828125], [-0.004707637708634138, -0.0017861542291939259, -0.9999873042106628, 1.5204123258590698], [0.9999698400497437, 0.00615320447832346, -0.0047185467556118965, -1.6666908264160156], [0.0, 0.0, 0.0, 1.0]], [[-0.8329311013221741, -0.5532979965209961, -0.009328329935669899, 1.015380859375], [0.000944577855989337, 0.015435528010129929, -0.9998803734779358, 1.5036678314208984], [0.553375780582428, -0.8328402638435364, -0.012334099039435387, -1.23779296875], [0.0, 0.0, 0.0, 1.0]], [[0.9482495784759521, 0.3174954950809479, 0.004398607648909092, -1.14227294921875], [0.009635326452553272, -0.01492550503462553, -0.9998421669006348, 1.5885534286499023], [-0.31737974286079407, 0.9481423497200012, -0.01721227541565895, -0.1036376953125], [0.0, 0.0, 0.0, 1.0]], [[0.0032646642066538334, 0.9999825358390808, -0.004932436626404524, 0.0030517578125], [-0.0157754085958004, -0.00488034775480628, -0.9998636841773987, 1.5792407989501953], [-0.999870240688324, 0.0033420545514672995, 0.015759199857711792, -0.005519866943359375], [0.0, 0.0, 0.0, 1.0]], [[-0.9346289038658142, 0.3554203510284424, -0.012043597176671028, 1.122711181640625], [0.016848398372530937, 0.010426433756947517, -0.9998037219047546, 1.55169677734375], [-0.3552250564098358, -0.9346483945846558, -0.015733111649751663, -0.0689697265625], [0.0, 0.0, 0.0, 1.0]]], "view": [[0.0, -2.0, 100.0], [-2.0, 0.0, 100.0], [0.0, 0.0, 1.0]], "bev": "bev_b12d0f526b684f92a1ae72835891ed96.png", "aux": "aux_b12d0f526b684f92a1ae72835891ed96.npz", "visibility": "visibility_b12d0f526b684f92a1ae72835891ed96.png", "pose": [[-0.8728909492492676, -0.4879153370857239, 0.0, 629.0357666015625], [0.4879153370857239, -0.8728909492492676, 0.0, 1006.2755126953125], [0.0, 0.0, 1.0, 0.0], [0.0, 0.0, 0.0, 1.0]], "pose_inverse": [[-0.8728909492492676, 0.4879153370857239, 0.0, 58.102386474609375], [-0.4879153370857239, -0.8728909492492676, 0.0, 1185.2850341796875], [0.0, 0.0, 1.0, 0.0], [0.0, 0.0, 0.0, 1.0]], "cam_ids": [0, 1, 2, 3, 4, 5], "cam_channels": ["CAM_FRONT_LEFT", "CAM_FRONT", "CAM_FRONT_RIGHT", "CAM_BACK_LEFT", "CAM_BACK", "CAM_BACK_RIGHT"], "token": "b12d0f526b684f92a1ae72835891ed96", "scene": "scene-0348"}, {"images": ["samples/CAM_FRONT_LEFT/n015-2018-08-02-17-28-51+0800__CAM_FRONT_LEFT__1533202255004844.jpg", "samples/CAM_FRONT/n015-2018-08-02-17-28-51+0800__CAM_FRONT__1533202255012460.jpg", "samples/CAM_FRONT_RIGHT/n015-2018-08-02-17-28-51+0800__CAM_FRONT_RIGHT__1533202255020339.jpg", "samples/CAM_BACK_LEFT/n015-2018-08-02-17-28-51+0800__CAM_BACK_LEFT__1533202255047423.jpg", "samples/CAM_BACK/n015-2018-08-02-17-28-51+0800__CAM_BACK__1533202255037525.jpg", "samples/CAM_BACK_RIGHT/n015-2018-08-02-17-28-51+0800__CAM_BACK_RIGHT__1533202255027893.jpg"], "intrinsics": [[[1272.5979470598488, 0.0, 826.6154927353808], [0.0, 1272.5979470598488, 479.75165386361925], [0.0, 0.0, 1.0]], [[1266.417203046554, 0.0, 816.2670197447984], [0.0, 1266.417203046554, 491.50706579294757], [0.0, 0.0, 1.0]], [[1260.8474446004698, 0.0, 807.968244525554], [0.0, 1260.8474446004698, 495.3344268742088], [0.0, 0.0, 1.0]], [[1256.7414812095406, 0.0, 792.1125740759628], [0.0, 1256.7414812095406, 492.7757465151356], [0.0, 0.0, 1.0]], [[809.2209905677063, 0.0, 829.2196003259838], [0.0, 809.2209905677063, 481.77842384512485], [0.0, 0.0, 1.0]], [[1259.5137405846733, 0.0, 807.2529053838625], [0.0, 1259.5137405846733, 501.19579884916527], [0.0, 0.0, 1.0]]], "extrinsics": [[[0.8241021037101746, -0.5664405226707458, -0.0009031071094796062, -0.89996337890625], [0.0008196430862881243, 0.002786828437820077, -0.999995768070221, 1.5083155632019043], [0.5664406418800354, 0.8240978717803955, 0.002760910429060459, -1.23455810546875], [0.0, 0.0, 0.0, 1.0]], [[0.01053395215421915, -0.9999437928199768, 0.0012262561358511448, 0.0050048828125], [-0.004441674333065748, -0.0012731030583381653, -0.99998939037323, 1.5202391147613525], [0.9999346733093262, 0.01052839495241642, -0.004454835783690214, -1.6263341903686523], [0.0, 0.0, 0.0, 1.0]], [[-0.8308147192001343, -0.5564621090888977, -0.009839437901973724, 0.98883056640625], [0.0011300025507807732, 0.01599273458123207, -0.9998714923858643, 1.503713607788086], [0.5565479397773743, -0.8307190537452698, -0.012658195570111275, -1.22021484375], [0.0, 0.0, 0.0, 1.0]], [[0.94770348072052, 0.3191150426864624, 0.004851721227169037, -1.1392822265625], [0.009911773726344109, -0.014234459958970547, -0.9998494982719421, 1.5885801315307617], [-0.31899797916412354, 0.947609007358551, -0.016653044149279594, -0.1044921875], [0.0, 0.0, 0.0, 1.0]], [[0.0008624140173196793, 0.9999903440475464, -0.004309485200792551, 0.00341796875], [-0.015519269742071629, -0.004295585677027702, -0.9998703598976135, 1.57902193069458], [-0.9998791217803955, 0.0009290268062613904, 0.015515414997935295, -0.019608020782470703], [0.0, 0.0, 0.0, 1.0]], [[-0.935756266117096, 0.3524409830570221, -0.012066648341715336, 1.100311279296875], [0.017057521268725395, 0.011058657430112362, -0.9997934103012085, 1.5521135330200195], [-0.35223472118377686, -0.9357686638832092, -0.016359979286789894, -0.07763671875], [0.0, 0.0, 0.0, 1.0]]], "view": [[0.0, -2.0, 100.0], [-2.0, 0.0, 100.0], [0.0, 0.0, 1.0]], "bev": "bev_5727bf89c9cc4669adf046ad0c980483.png", "aux": "aux_5727bf89c9cc4669adf046ad0c980483.npz", "visibility": "visibility_5727bf89c9cc4669adf046ad0c980483.png", "pose": [[-0.8452309966087341, -0.5344011187553406, 0.0, 628.4664306640625], [0.5344011187553406, -0.8452309966087341, 0.0, 1006.6138305664062], [0.0, 0.0, 1.0, 0.0], [0.0, 0.0, 0.0, 1.0]], "pose_inverse": [[-0.8452309966087341, 0.5344011187553406, 0.0, -6.736208438873291], [-0.5344011187553406, -0.8452309966087341, 0.0, 1186.6744384765625], [0.0, 0.0, 1.0, 0.0], [0.0, 0.0, 0.0, 1.0]], "cam_ids": [0, 1, 2, 3, 4, 5], "cam_channels": ["CAM_FRONT_LEFT", "CAM_FRONT", "CAM_FRONT_RIGHT", "CAM_BACK_LEFT", "CAM_BACK", "CAM_BACK_RIGHT"], "token": "5727bf89c9cc4669adf046ad0c980483", "scene": "scene-0348"}, {"images": ["samples/CAM_FRONT_LEFT/n015-2018-08-02-17-28-51+0800__CAM_FRONT_LEFT__1533202255504844.jpg", "samples/CAM_FRONT/n015-2018-08-02-17-28-51+0800__CAM_FRONT__1533202255512460.jpg", "samples/CAM_FRONT_RIGHT/n015-2018-08-02-17-28-51+0800__CAM_FRONT_RIGHT__1533202255520339.jpg", "samples/CAM_BACK_LEFT/n015-2018-08-02-17-28-51+0800__CAM_BACK_LEFT__1533202255547423.jpg", "samples/CAM_BACK/n015-2018-08-02-17-28-51+0800__CAM_BACK__1533202255537525.jpg", "samples/CAM_BACK_RIGHT/n015-2018-08-02-17-28-51+0800__CAM_BACK_RIGHT__1533202255527893.jpg"], "intrinsics": [[[1272.5979470598488, 0.0, 826.6154927353808], [0.0, 1272.5979470598488, 479.75165386361925], [0.0, 0.0, 1.0]], [[1266.417203046554, 0.0, 816.2670197447984], [0.0, 1266.417203046554, 491.50706579294757], [0.0, 0.0, 1.0]], [[1260.8474446004698, 0.0, 807.968244525554], [0.0, 1260.8474446004698, 495.3344268742088], [0.0, 0.0, 1.0]], [[1256.7414812095406, 0.0, 792.1125740759628], [0.0, 1256.7414812095406, 492.7757465151356], [0.0, 0.0, 1.0]], [[809.2209905677063, 0.0, 829.2196003259838], [0.0, 809.2209905677063, 481.77842384512485], [0.0, 0.0, 1.0]], [[1259.5137405846733, 0.0, 807.2529053838625], [0.0, 1259.5137405846733, 501.19579884916527], [0.0, 0.0, 1.0]]], "extrinsics": [[[0.8258963227272034, -0.5638216137886047, -0.0006107226945459843, -0.86456298828125], [4.362350591691211e-05, 0.0011470840545371175, -0.9999993443489075, 1.508255124092102], [0.5638219118118286, 0.8258956670761108, 0.0009719684603624046, -1.2098388671875], [0.0, 0.0, 0.0, 1.0]], [[0.013178583234548569, -0.9999090433120728, 0.0028817581478506327, 0.005126953125], [-0.005249181296676397, -0.002951151691377163, -0.9999818801879883, 1.519997239112854], [0.9998993277549744, 0.013163179159164429, -0.005287596024572849, -1.5908203125], [0.0, 0.0, 0.0, 1.0]], [[-0.8296563625335693, -0.5582143664360046, -0.008185054175555706, 0.96575927734375], [0.00024023751029744744, 0.014304365031421185, -0.9998976588249207, 1.5036754608154297], [0.5582743287086487, -0.8295734524726868, -0.011733603663742542, -1.204833984375], [0.0, 0.0, 0.0, 1.0]], [[0.947578489780426, 0.31950655579566956, 0.0032515141647309065, -1.13519287109375], [0.008816886693239212, -0.015973752364516258, -0.9998335242271423, 1.588613510131836], [-0.31940147280693054, 0.9474494457244873, -0.01795343868434429, -0.1055908203125], [0.0, 0.0, 0.0, 1.0]], [[-5.366484765545465e-05, 0.9999817609786987, -0.0060424041002988815, 0.0032958984375], [-0.016514983028173447, -0.0060424660332500935, -0.9998453855514526, 1.5787982940673828], [-0.9998636245727539, 4.6048193325987086e-05, 0.016515007242560387, -0.03170013427734375], [0.0, 0.0, 0.0, 1.0]], [[-0.9363206028938293, 0.35094738006591797, -0.011813406832516193, 1.08087158203125], [0.016127383336424828, 0.009371909312903881, -0.9998260140419006, 1.5524177551269531], [-0.35077565908432007, -0.9363482594490051, -0.014434976503252983, -0.085205078125], [0.0, 0.0, 0.0, 1.0]]], "view": [[0.0, -2.0, 100.0], [-2.0, 0.0, 100.0], [0.0, 0.0, 1.0]], "bev": "bev_52c7e4eea2c04c35ac66f720160b0240.png", "aux": "aux_52c7e4eea2c04c35ac66f720160b0240.npz", "visibility": "visibility_52c7e4eea2c04c35ac66f720160b0240.png", "pose": [[-0.7930821776390076, -0.6091146469116211, 0.0, 627.473388671875], [0.6091146469116211, -0.7930821776390076, 0.0, 1007.3009643554688], [0.0, 0.0, 1.0, 0.0], [0.0, 0.0, 0.0, 1.0]], "pose_inverse": [[-0.7930821776390076, 0.6091146469116211, 0.0, -115.92384338378906], [-0.6091146469116211, -0.7930821776390076, 0.0, 1181.07568359375], [0.0, 0.0, 1.0, 0.0], [0.0, 0.0, 0.0, 1.0]], "cam_ids": [0, 1, 2, 3, 4, 5], "cam_channels": ["CAM_FRONT_LEFT", "CAM_FRONT", "CAM_FRONT_RIGHT", "CAM_BACK_LEFT", "CAM_BACK", "CAM_BACK_RIGHT"], "token": "52c7e4eea2c04c35ac66f720160b0240", "scene": "scene-0348"}, {"images": ["samples/CAM_FRONT_LEFT/n015-2018-08-02-17-28-51+0800__CAM_FRONT_LEFT__1533202256004844.jpg", "samples/CAM_FRONT/n015-2018-08-02-17-28-51+0800__CAM_FRONT__1533202256012460.jpg", "samples/CAM_FRONT_RIGHT/n015-2018-08-02-17-28-51+0800__CAM_FRONT_RIGHT__1533202256020339.jpg", "samples/CAM_BACK_LEFT/n015-2018-08-02-17-28-51+0800__CAM_BACK_LEFT__1533202256047423.jpg", "samples/CAM_BACK/n015-2018-08-02-17-28-51+0800__CAM_BACK__1533202256037525.jpg", "samples/CAM_BACK_RIGHT/n015-2018-08-02-17-28-51+0800__CAM_BACK_RIGHT__1533202256027893.jpg"], "intrinsics": [[[1272.5979470598488, 0.0, 826.6154927353808], [0.0, 1272.5979470598488, 479.75165386361925], [0.0, 0.0, 1.0]], [[1266.417203046554, 0.0, 816.2670197447984], [0.0, 1266.417203046554, 491.50706579294757], [0.0, 0.0, 1.0]], [[1260.8474446004698, 0.0, 807.968244525554], [0.0, 1260.8474446004698, 495.3344268742088], [0.0, 0.0, 1.0]], [[1256.7414812095406, 0.0, 792.1125740759628], [0.0, 1256.7414812095406, 492.7757465151356], [0.0, 0.0, 1.0]], [[809.2209905677063, 0.0, 829.2196003259838], [0.0, 809.2209905677063, 481.77842384512485], [0.0, 0.0, 1.0]], [[1259.5137405846733, 0.0, 807.2529053838625], [0.0, 1259.5137405846733, 501.19579884916527], [0.0, 0.0, 1.0]]], "extrinsics": [[[0.8275319933891296, -0.561398446559906, -0.004737106151878834, -0.83929443359375], [-0.0034959528129547834, 0.003284722799435258, -0.9999884963035583, 1.5077199935913086], [0.5614075660705566, 0.8275390863418579, 0.0007555911433883011, -1.191650390625], [0.0, 0.0, 0.0, 1.0]], [[0.015670450404286385, -0.9998769164085388, 0.0006770755280740559, 0.004638671875], [-0.008776882663369179, -0.0008146874024532735, -0.9999611973762512, 1.5194092988967896], [0.999838650226593, 0.015663905069231987, -0.008788568899035454, -1.5644073486328125], [0.0, 0.0, 0.0, 1.0]], [[-0.8285461068153381, -0.5598836541175842, -0.006456112023442984, 0.947723388671875], [-0.0033205035142600536, 0.01644340716302395, -0.9998592734336853, 1.503335952758789], [0.5599110126495361, -0.8284080624580383, -0.01548321545124054, -1.1934814453125], [0.0, 0.0, 0.0, 1.0]], [[0.9475497603416443, 0.31960752606391907, 0.0006718927761539817, -1.1338043212890625], [0.005423444788902998, -0.01397703867405653, -0.9998875856399536, 1.5885934829711914], [-0.3195621967315674, 0.947446882724762, -0.01497731264680624, -0.1058349609375], [0.0, 0.0, 0.0, 1.0]], [[-0.0009064318146556616, 0.9999915957450867, -0.00400219950824976, 0.00390625], [-0.01996474899351597, -0.004019499756395817, -0.9997926354408264, 1.578505039215088], [-0.9998002052307129, -0.0008264129282906651, 0.019968224689364433, -0.040496826171875], [0.0, 0.0, 0.0, 1.0]], [[-0.9368826150894165, 0.3495557904243469, -0.007858553901314735, 1.066162109375], [0.012631203047931194, 0.011375967413187027, -0.9998555183410645, 1.5524177551269531], [-0.3494158089160919, -0.9368464946746826, -0.015073256567120552, -0.09136962890625], [0.0, 0.0, 0.0, 1.0]]], "view": [[0.0, -2.0, 100.0], [-2.0, 0.0, 100.0], [0.0, 0.0, 1.0]], "bev": "bev_d22997e6606c4e1fbc360d8ad5c89186.png", "aux": "aux_d22997e6606c4e1fbc360d8ad5c89186.npz", "visibility": "visibility_d22997e6606c4e1fbc360d8ad5c89186.png", "pose": [[-0.7178336381912231, -0.6962146759033203, 0.0, 626.2855224609375], [0.6962146759033203, -0.7178336381912231, 0.0, 1008.309814453125], [0.0, 0.0, 1.0, 0.0], [0.0, 0.0, 0.0, 1.0]], "pose_inverse": [[-0.7178336381912231, 0.6962146759033203, 0.0, -252.4312744140625], [-0.6962146759033203, -0.7178336381912231, 0.0, 1159.827880859375], [0.0, 0.0, 1.0, 0.0], [0.0, 0.0, 0.0, 1.0]], "cam_ids": [0, 1, 2, 3, 4, 5], "cam_channels": ["CAM_FRONT_LEFT", "CAM_FRONT", "CAM_FRONT_RIGHT", "CAM_BACK_LEFT", "CAM_BACK", "CAM_BACK_RIGHT"], "token": "d22997e6606c4e1fbc360d8ad5c89186", "scene": "scene-0348"}, {"images": ["samples/CAM_FRONT_LEFT/n015-2018-08-02-17-28-51+0800__CAM_FRONT_LEFT__1533202256504844.jpg", "samples/CAM_FRONT/n015-2018-08-02-17-28-51+0800__CAM_FRONT__1533202256512460.jpg", "samples/CAM_FRONT_RIGHT/n015-2018-08-02-17-28-51+0800__CAM_FRONT_RIGHT__1533202256520339.jpg", "samples/CAM_BACK_LEFT/n015-2018-08-02-17-28-51+0800__CAM_BACK_LEFT__1533202256547423.jpg", "samples/CAM_BACK/n015-2018-08-02-17-28-51+0800__CAM_BACK__1533202256537525.jpg", "samples/CAM_BACK_RIGHT/n015-2018-08-02-17-28-51+0800__CAM_BACK_RIGHT__1533202256527915.jpg"], "intrinsics": [[[1272.5979470598488, 0.0, 826.6154927353808], [0.0, 1272.5979470598488, 479.75165386361925], [0.0, 0.0, 1.0]], [[1266.417203046554, 0.0, 816.2670197447984], [0.0, 1266.417203046554, 491.50706579294757], [0.0, 0.0, 1.0]], [[1260.8474446004698, 0.0, 807.968244525554], [0.0, 1260.8474446004698, 495.3344268742088], [0.0, 0.0, 1.0]], [[1256.7414812095406, 0.0, 792.1125740759628], [0.0, 1256.7414812095406, 492.7757465151356], [0.0, 0.0, 1.0]], [[809.2209905677063, 0.0, 829.2196003259838], [0.0, 809.2209905677063, 481.77842384512485], [0.0, 0.0, 1.0]], [[1259.5137405846733, 0.0, 807.2529053838625], [0.0, 1259.5137405846733, 501.19579884916527], [0.0, 0.0, 1.0]]], "extrinsics": [[[0.8282716870307922, -0.5602832436561584, -0.00697655463591218, -0.81927490234375], [-0.005508976522833109, 0.004307562485337257, -0.9999755620956421, 1.5072827339172363], [0.5602995753288269, 0.8282898664474487, 0.0004812450788449496, -1.17431640625], [0.0, 0.0, 0.0, 1.0]], [[0.01662379316985607, -0.9998616576194763, -0.0005450279568322003, 0.0015869140625], [-0.010756419971585274, 0.00036623465712182224, -0.9999421238899231, 1.5189270973205566], [0.9998039603233337, 0.01662871614098549, -0.010748844593763351, -1.54266357421875], [0.0, 0.0, 0.0, 1.0]], [[-0.8282479047775269, -0.5603337287902832, -0.005612353328615427, 0.932342529296875], [-0.005281413905322552, 0.017820995301008224, -0.9998272061347961, 1.5030994415283203], [0.5603369474411011, -0.8280751705169678, -0.017719553783535957, -1.186279296875], [0.0, 0.0, 0.0, 1.0]], [[0.9476466178894043, 0.31932029128074646, -0.0005458524683490396, -1.1320228576660156], [0.003531151684001088, -0.012188684195280075, -0.9999194741249084, 1.588545799255371], [-0.31930112838745117, 0.9475684762001038, -0.012678134255111217, -0.103271484375], [0.0, 0.0, 0.0, 1.0]], [[-0.0011219704756513238, 0.9999966621398926, -0.002329410519450903, 0.0069580078125], [-0.021863333880901337, -0.002353385556489229, -0.9997581839561462, 1.5782666206359863], [-0.9997603297233582, -0.0010708076879382133, 0.021865900605916977, -0.04754638671875], [0.0, 0.0, 0.0, 1.0]], [[-0.9370330572128296, 0.34919804334640503, -0.005462573375552893, 1.0556640625], [0.010675937868654728, 0.013006674125790596, -0.9998584389686584, 1.552454948425293], [-0.34907758235931396, -0.9369587302207947, -0.015915701165795326, -0.09912109375], [0.0, 0.0, 0.0, 1.0]]], "view": [[0.0, -2.0, 100.0], [-2.0, 0.0, 100.0], [0.0, 0.0, 1.0]], "bev": "bev_304f9db0e2424a12803b2a7e7daa9201.png", "aux": "aux_304f9db0e2424a12803b2a7e7daa9201.npz", "visibility": "visibility_304f9db0e2424a12803b2a7e7daa9201.png", "pose": [[-0.6083067059516907, -0.7937020659446716, 0.0, 625.066650390625], [0.7937020659446716, -0.6083067059516907, 0.0, 1009.670166015625], [0.0, 0.0, 1.0, 0.0], [0.0, 0.0, 0.0, 1.0]], "pose_inverse": [[-0.6083067059516907, 0.7937020659446716, 0.0, -421.1450500488281], [-0.7937020659446716, -0.6083067059516907, 0.0, 1110.3057861328125], [0.0, 0.0, 1.0, 0.0], [0.0, 0.0, 0.0, 1.0]], "cam_ids": [0, 1, 2, 3, 4, 5], "cam_channels": ["CAM_FRONT_LEFT", "CAM_FRONT", "CAM_FRONT_RIGHT", "CAM_BACK_LEFT", "CAM_BACK", "CAM_BACK_RIGHT"], "token": "304f9db0e2424a12803b2a7e7daa9201", "scene": "scene-0348"}, {"images": ["samples/CAM_FRONT_LEFT/n015-2018-08-02-17-28-51+0800__CAM_FRONT_LEFT__1533202257004844.jpg", "samples/CAM_FRONT/n015-2018-08-02-17-28-51+0800__CAM_FRONT__1533202257012460.jpg", "samples/CAM_FRONT_RIGHT/n015-2018-08-02-17-28-51+0800__CAM_FRONT_RIGHT__1533202257020339.jpg", "samples/CAM_BACK_LEFT/n015-2018-08-02-17-28-51+0800__CAM_BACK_LEFT__1533202257047423.jpg", "samples/CAM_BACK/n015-2018-08-02-17-28-51+0800__CAM_BACK__1533202257037525.jpg", "samples/CAM_BACK_RIGHT/n015-2018-08-02-17-28-51+0800__CAM_BACK_RIGHT__1533202257027904.jpg"], "intrinsics": [[[1272.5979470598488, 0.0, 826.6154927353808], [0.0, 1272.5979470598488, 479.75165386361925], [0.0, 0.0, 1.0]], [[1266.417203046554, 0.0, 816.2670197447984], [0.0, 1266.417203046554, 491.50706579294757], [0.0, 0.0, 1.0]], [[1260.8474446004698, 0.0, 807.968244525554], [0.0, 1260.8474446004698, 495.3344268742088], [0.0, 0.0, 1.0]], [[1256.7414812095406, 0.0, 792.1125740759628], [0.0, 1256.7414812095406, 492.7757465151356], [0.0, 0.0, 1.0]], [[809.2209905677063, 0.0, 829.2196003259838], [0.0, 809.2209905677063, 481.77842384512485], [0.0, 0.0, 1.0]], [[1259.5137405846733, 0.0, 807.2529053838625], [0.0, 1259.5137405846733, 501.19579884916527], [0.0, 0.0, 1.0]]], "extrinsics": [[[0.8293660879135132, -0.5586119294166565, -0.010231529362499714, -0.801513671875], [-0.006740623153746128, 0.0083071980625391, -0.9999427795410156, 1.506943702697754], [0.5586649179458618, 0.8293876647949219, 0.0031243159901350737, -1.16302490234375], [0.0, 0.0, 0.0, 1.0]], [[0.018240395933389664, -0.9998241066932678, -0.0043624406680464745, 0.002197265625], [-0.012003760784864426, 0.004143864382058382, -0.9999194145202637, 1.5185565948486328], [0.9997615814208984, 0.018291279673576355, -0.011926064267754555, -1.5255126953125], [0.0, 0.0, 0.0, 1.0]], [[-0.8275499939918518, -0.5613535642623901, -0.0065648057498037815, 0.9212875366210938], [-0.00657614367082715, 0.021386250853538513, -0.9997496008872986, 1.5028820037841797], [0.5613535046577454, -0.8272996544837952, -0.021389733999967575, -1.178955078125], [0.0, 0.0, 0.0, 1.0]], [[0.9476019740104675, 0.31945234537124634, -0.0008888814481906593, -1.1322174072265625], [0.0021532182581722736, -0.009169554337859154, -0.9999556541442871, 1.5885429382324219], [-0.31944626569747925, 0.9475579857826233, -0.009376938454806805, -0.103271484375], [0.0, 0.0, 0.0, 1.0]], [[-0.0016138260252773762, 0.9999983310699463, 0.0008640941814519465, 0.007080078125], [-0.023204678669571877, 0.000826414383482188, -0.9997304081916809, 1.5781002044677734], [-0.9997294545173645, -0.0016334563260897994, 0.023203305900096893, -0.052490234375], [0.0, 0.0, 0.0, 1.0]], [[-0.9373612403869629, 0.34834524989128113, -0.0030585541389882565, 1.046875], [0.009362133219838142, 0.016413867473602295, -0.9998214840888977, 1.5524473190307617], [-0.34823286533355713, -0.9372225999832153, -0.018646979704499245, -0.1025390625], [0.0, 0.0, 0.0, 1.0]]], "view": [[0.0, -2.0, 100.0], [-2.0, 0.0, 100.0], [0.0, 0.0, 1.0]], "bev": "bev_c2c8ac77fedb4c87bea082109ad3d123.png", "aux": "aux_c2c8ac77fedb4c87bea082109ad3d123.npz", "visibility": "visibility_c2c8ac77fedb4c87bea082109ad3d123.png", "pose": [[-0.467447429895401, -0.8840208649635315, 0.0, 623.9183959960938], [0.8840208649635315, -0.467447429895401, 0.0, 1011.458984375], [0.0, 0.0, 1.0, 0.0], [0.0, 0.0, 0.0, 1.0]], "pose_inverse": [[-0.467447429895401, 0.8840208649635315, 0.0, -602.5017700195312], [-0.8840208649635315, -0.467447429895401, 0.0, 1024.36083984375], [0.0, 0.0, 1.0, 0.0], [0.0, 0.0, 0.0, 1.0]], "cam_ids": [0, 1, 2, 3, 4, 5], "cam_channels": ["CAM_FRONT_LEFT", "CAM_FRONT", "CAM_FRONT_RIGHT", "CAM_BACK_LEFT", "CAM_BACK", "CAM_BACK_RIGHT"], "token": "c2c8ac77fedb4c87bea082109ad3d123", "scene": "scene-0348"}, {"images": ["samples/CAM_FRONT_LEFT/n015-2018-08-02-17-28-51+0800__CAM_FRONT_LEFT__1533202257504844.jpg", "samples/CAM_FRONT/n015-2018-08-02-17-28-51+0800__CAM_FRONT__1533202257512460.jpg", "samples/CAM_FRONT_RIGHT/n015-2018-08-02-17-28-51+0800__CAM_FRONT_RIGHT__1533202257520339.jpg", "samples/CAM_BACK_LEFT/n015-2018-08-02-17-28-51+0800__CAM_BACK_LEFT__1533202257547423.jpg", "samples/CAM_BACK/n015-2018-08-02-17-28-51+0800__CAM_BACK__1533202257537525.jpg", "samples/CAM_BACK_RIGHT/n015-2018-08-02-17-28-51+0800__CAM_BACK_RIGHT__1533202257527896.jpg"], "intrinsics": [[[1272.5979470598488, 0.0, 826.6154927353808], [0.0, 1272.5979470598488, 479.75165386361925], [0.0, 0.0, 1.0]], [[1266.417203046554, 0.0, 816.2670197447984], [0.0, 1266.417203046554, 491.50706579294757], [0.0, 0.0, 1.0]], [[1260.8474446004698, 0.0, 807.968244525554], [0.0, 1260.8474446004698, 495.3344268742088], [0.0, 0.0, 1.0]], [[1256.7414812095406, 0.0, 792.1125740759628], [0.0, 1256.7414812095406, 492.7757465151356], [0.0, 0.0, 1.0]], [[809.2209905677063, 0.0, 829.2196003259838], [0.0, 809.2209905677063, 481.77842384512485], [0.0, 0.0, 1.0]], [[1259.5137405846733, 0.0, 807.2529053838625], [0.0, 1259.5137405846733, 501.19579884916527], [0.0, 0.0, 1.0]]], "extrinsics": [[[0.8292239308357239, -0.5586445331573486, -0.01743387058377266, -0.7774658203125], [-0.01465058047324419, 0.009456116706132889, -0.999847948551178, 1.5049304962158203], [0.5587244033813477, 0.8293532729148865, -0.00034322793362662196, -1.146087646484375], [0.0, 0.0, 0.0, 1.0]], [[0.018106676638126373, -0.9998196363449097, -0.005716635379940271, 0.00213623046875], [-0.020087745040655136, 0.005352643318474293, -0.9997838735580444, 1.516733169555664], [0.9996341466903687, 0.018217582255601883, -0.019987205043435097, -1.50146484375], [0.0, 0.0, 0.0, 1.0]], [[-0.8276472091674805, -0.5612484216690063, -0.00043670041486620903, 0.9052581787109375], [-0.014836607500910759, 0.02265666425228119, -0.9996331930160522, 1.5015316009521484], [0.5610524415969849, -0.8273371458053589, -0.027078749611973763, -1.168701171875], [0.0, 0.0, 0.0, 1.0]], [[0.9475881457328796, 0.3193739652633667, -0.008763785474002361, -1.132049560546875], [-0.00657087005674839, -0.00794316828250885, -0.9999468326568604, 1.5884603261947632], [-0.31942659616470337, 0.9475954174995422, -0.005428289528936148, -0.1029052734375], [0.0, 0.0, 0.0, 1.0]], [[-0.0015368923777714372, 0.9999963641166687, 0.0021826066076755524, 0.0076904296875], [-0.03180729225277901, 0.0021326211281120777, -0.9994917511940002, 1.577413558959961], [-0.9994927644729614, -0.0016055144369602203, 0.03180390223860741, -0.0594482421875], [0.0, 0.0, 0.0, 1.0]], [[-0.9373190402984619, 0.3484317362308502, 0.005302503239363432, 1.034423828125], [0.0009313027840107679, 0.017721103504300117, -0.9998425841331482, 1.5516595840454102], [-0.34847086668014526, -0.9371665716171265, -0.016934826970100403, -0.10797119140625], [0.0, 0.0, 0.0, 1.0]]], "view": [[0.0, -2.0, 100.0], [-2.0, 0.0, 100.0], [0.0, 0.0, 1.0]], "bev": "bev_8b2d01dfed3c4ac3a8bcfb224ff87cd5.png", "aux": "aux_8b2d01dfed3c4ac3a8bcfb224ff87cd5.npz", "visibility": "visibility_8b2d01dfed3c4ac3a8bcfb224ff87cd5.png", "pose": [[-0.3012736141681671, -0.9535377025604248, 0.0, 622.9966430664062], [0.9535377025604248, -0.3012736141681671, 0.0, 1013.6720581054688], [0.0, 0.0, 1.0, 0.0], [0.0, 0.0, 0.0, 1.0]], "pose_inverse": [[-0.3012736141681671, 0.9535377025604248, 0.0, -778.882080078125], [-0.9535377025604248, -0.3012736141681671, 0.0, 899.4434814453125], [0.0, 0.0, 1.0, 0.0], [0.0, 0.0, 0.0, 1.0]], "cam_ids": [0, 1, 2, 3, 4, 5], "cam_channels": ["CAM_FRONT_LEFT", "CAM_FRONT", "CAM_FRONT_RIGHT", "CAM_BACK_LEFT", "CAM_BACK", "CAM_BACK_RIGHT"], "token": "8b2d01dfed3c4ac3a8bcfb224ff87cd5", "scene": "scene-0348"}, {"images": ["samples/CAM_FRONT_LEFT/n015-2018-08-02-17-28-51+0800__CAM_FRONT_LEFT__1533202257904854.jpg", "samples/CAM_FRONT/n015-2018-08-02-17-28-51+0800__CAM_FRONT__1533202257912460.jpg", "samples/CAM_FRONT_RIGHT/n015-2018-08-02-17-28-51+0800__CAM_FRONT_RIGHT__1533202257920339.jpg", "samples/CAM_BACK_LEFT/n015-2018-08-02-17-28-51+0800__CAM_BACK_LEFT__1533202257947423.jpg", "samples/CAM_BACK/n015-2018-08-02-17-28-51+0800__CAM_BACK__1533202257937525.jpg", "samples/CAM_BACK_RIGHT/n015-2018-08-02-17-28-51+0800__CAM_BACK_RIGHT__1533202257927893.jpg"], "intrinsics": [[[1272.5979470598488, 0.0, 826.6154927353808], [0.0, 1272.5979470598488, 479.75165386361925], [0.0, 0.0, 1.0]], [[1266.417203046554, 0.0, 816.2670197447984], [0.0, 1266.417203046554, 491.50706579294757], [0.0, 0.0, 1.0]], [[1260.8474446004698, 0.0, 807.968244525554], [0.0, 1260.8474446004698, 495.3344268742088], [0.0, 0.0, 1.0]], [[1256.7414812095406, 0.0, 792.1125740759628], [0.0, 1256.7414812095406, 492.7757465151356], [0.0, 0.0, 1.0]], [[809.2209905677063, 0.0, 829.2196003259838], [0.0, 809.2209905677063, 481.77842384512485], [0.0, 0.0, 1.0]], [[1259.5137405846733, 0.0, 807.2529053838625], [0.0, 1259.5137405846733, 501.19579884916527], [0.0, 0.0, 1.0]]], "extrinsics": [[[0.8291372656822205, -0.5589168667793274, -0.01197054237127304, -0.764892578125], [-0.014371083118021488, 9.608966502128169e-05, -0.999896764755249, 1.5047616958618164], [0.5588602423667908, 0.8292237520217896, -0.007952568121254444, -1.143035888671875], [0.0, 0.0, 0.0, 1.0]], [[0.018151400610804558, -0.9998286962509155, 0.003614948596805334, 0.00714111328125], [-0.01950780861079693, -0.003969006240367889, -0.9998018741607666, 1.516611099243164], [0.9996448755264282, 0.018077295273542404, -0.019576508551836014, -1.49163818359375], [0.0, 0.0, 0.0, 1.0]], [[-0.8275130987167358, -0.5614318251609802, 0.004035790916532278, 0.90167236328125], [-0.013949519954621792, 0.013373617082834244, -0.9998131990432739, 1.5014686584472656], [0.5612730383872986, -0.8274149298667908, -0.01889854669570923, -1.161376953125], [0.0, 0.0, 0.0, 1.0]], [[0.9474665522575378, 0.31970274448394775, -0.009869229979813099, -1.1337890625], [-0.0047024753876030445, -0.016929063946008682, -0.9998456239700317, 1.5884995460510254], [-0.31982046365737915, 0.9473666548728943, -0.014536329545080662, -0.105712890625], [0.0, 0.0, 0.0, 1.0]], [[-0.0015364529099315405, 0.9999749064445496, -0.006912359036505222, 0.0037841796875], [-0.030254865065217018, -0.006955686956644058, -0.9995179772377014, 1.577474594116211], [-0.9995410442352295, -0.0013265918241813779, 0.03026479296386242, -0.06005859375], [0.0, 0.0, 0.0, 1.0]], [[-0.9373708963394165, 0.3483313024044037, 0.0009890339570119977, 1.028564453125], [0.0021138193551450968, 0.008527594618499279, -0.9999614357948303, 1.551703929901123], [-0.34832629561424255, -0.9373326897621155, -0.008729830384254456, -0.105072021484375], [0.0, 0.0, 0.0, 1.0]]], "view": [[0.0, -2.0, 100.0], [-2.0, 0.0, 100.0], [0.0, 0.0, 1.0]], "bev": "bev_26e04ed256104452a2ab57d365ed1145.png", "aux": "aux_26e04ed256104452a2ab57d365ed1145.npz", "visibility": "visibility_26e04ed256104452a2ab57d365ed1145.png", "pose": [[-0.1715458184480667, -0.985176146030426, 0.0, 622.4845581054688], [0.985176146030426, -0.1715458184480667, 0.0, 1015.7772216796875], [0.0, 0.0, 1.0, 0.0], [0.0, 0.0, 0.0, 1.0]], "pose_inverse": [[-0.1715458184480667, 0.985176146030426, 0.0, -893.9348754882812], [-0.985176146030426, -0.1715458184480667, 0.0, 787.50927734375], [0.0, 0.0, 1.0, 0.0], [0.0, 0.0, 0.0, 1.0]], "cam_ids": [0, 1, 2, 3, 4, 5], "cam_channels": ["CAM_FRONT_LEFT", "CAM_FRONT", "CAM_FRONT_RIGHT", "CAM_BACK_LEFT", "CAM_BACK", "CAM_BACK_RIGHT"], "token": "26e04ed256104452a2ab57d365ed1145", "scene": "scene-0348"}, {"images": ["samples/CAM_FRONT_LEFT/n015-2018-08-02-17-28-51+0800__CAM_FRONT_LEFT__1533202258404844.jpg", "samples/CAM_FRONT/n015-2018-08-02-17-28-51+0800__CAM_FRONT__1533202258412460.jpg", "samples/CAM_FRONT_RIGHT/n015-2018-08-02-17-28-51+0800__CAM_FRONT_RIGHT__1533202258420339.jpg", "samples/CAM_BACK_LEFT/n015-2018-08-02-17-28-51+0800__CAM_BACK_LEFT__1533202258447423.jpg", "samples/CAM_BACK/n015-2018-08-02-17-28-51+0800__CAM_BACK__1533202258437525.jpg", "samples/CAM_BACK_RIGHT/n015-2018-08-02-17-28-51+0800__CAM_BACK_RIGHT__1533202258427893.jpg"], "intrinsics": [[[1272.5979470598488, 0.0, 826.6154927353808], [0.0, 1272.5979470598488, 479.75165386361925], [0.0, 0.0, 1.0]], [[1266.417203046554, 0.0, 816.2670197447984], [0.0, 1266.417203046554, 491.50706579294757], [0.0, 0.0, 1.0]], [[1260.8474446004698, 0.0, 807.968244525554], [0.0, 1260.8474446004698, 495.3344268742088], [0.0, 0.0, 1.0]], [[1256.7414812095406, 0.0, 792.1125740759628], [0.0, 1256.7414812095406, 492.7757465151356], [0.0, 0.0, 1.0]], [[809.2209905677063, 0.0, 829.2196003259838], [0.0, 809.2209905677063, 481.77842384512485], [0.0, 0.0, 1.0]], [[1259.5137405846733, 0.0, 807.2529053838625], [0.0, 1259.5137405846733, 501.19579884916527], [0.0, 0.0, 1.0]]], "extrinsics": [[[0.8269673585891724, -0.5622328519821167, -0.00438302755355835, -0.749267578125], [-0.007705857511609793, -0.0035387880634516478, -0.9999640583992004, 1.5062131881713867], [0.5621970891952515, 0.8269714117050171, -0.007258947938680649, -1.1300621032714844], [0.0, 0.0, 0.0, 1.0]], [[0.014856022782623768, -0.9998616576194763, 0.007476021070033312, 0.00604248046875], [-0.012965132482349873, -0.00766884395852685, -0.9998865723609924, 1.5177011489868164], [0.9998055696487427, 0.014757414348423481, -0.013077267445623875, -1.4752197265625], [0.0, 0.0, 0.0, 1.0]], [[-0.8289459943771362, -0.5593280792236328, 0.0008440995588898659, 0.89056396484375], [-0.007476660422980785, 0.009571683593094349, -0.9999262094497681, 1.5023870468139648], [0.5592787265777588, -0.8288911581039429, -0.012116312980651855, -1.1549072265625], [0.0, 0.0, 0.0, 1.0]], [[0.9476051926612854, 0.31939440965652466, -0.0056222183629870415, -1.135986328125], [0.0010666343150660396, -0.020763518288731575, -0.9997838735580444, 1.5885496139526367], [-0.3194420635700226, 0.9473943710327148, -0.020016293972730637, -0.10516357421875], [0.0, 0.0, 0.0, 1.0]], [[-0.0004861575725954026, 0.9999420642852783, -0.010754762217402458, 0.0035400390625], [-0.024248208850622177, -0.010763389058411121, -0.9996480345726013, 1.577728271484375], [-0.9997058510780334, -0.0002252027770737186, 0.024252034723758698, -0.0648193359375], [0.0, 0.0, 0.0, 1.0]], [[-0.9367066621780396, 0.3500595688819885, -0.006236167158931494, 1.0201416015625], [0.008395176380872726, 0.004650454968214035, -0.9999539852142334, 1.5525016784667969], [-0.35001441836357117, -0.9367159008979797, -0.007294924929738045, -0.1083831787109375], [0.0, 0.0, 0.0, 1.0]]], "view": [[0.0, -2.0, 100.0], [-2.0, 0.0, 100.0], [0.0, 0.0, 1.0]], "bev": "bev_1215ff38637849ab9a5282b5eeb662ab.png", "aux": "aux_1215ff38637849ab9a5282b5eeb662ab.npz", "visibility": "visibility_1215ff38637849ab9a5282b5eeb662ab.png", "pose": [[-0.024939071387052536, -0.999688982963562, 0.0, 622.2124633789062], [0.999688982963562, -0.024939071387052536, 0.0, 1018.6337280273438], [0.0, 0.0, 1.0, 0.0], [0.0, 0.0, 0.0, 1.0]], "pose_inverse": [[-0.024939071387052536, 0.999688982963562, 0.0, -1002.7994995117188], [-0.999688982963562, -0.024939071387052536, 0.0, 647.4227294921875], [0.0, 0.0, 1.0, 0.0], [0.0, 0.0, 0.0, 1.0]], "cam_ids": [0, 1, 2, 3, 4, 5], "cam_channels": ["CAM_FRONT_LEFT", "CAM_FRONT", "CAM_FRONT_RIGHT", "CAM_BACK_LEFT", "CAM_BACK", "CAM_BACK_RIGHT"], "token": "1215ff38637849ab9a5282b5eeb662ab", "scene": "scene-0348"}, {"images": ["samples/CAM_FRONT_LEFT/n015-2018-08-02-17-28-51+0800__CAM_FRONT_LEFT__1533202259004844.jpg", "samples/CAM_FRONT/n015-2018-08-02-17-28-51+0800__CAM_FRONT__1533202259012460.jpg", "samples/CAM_FRONT_RIGHT/n015-2018-08-02-17-28-51+0800__CAM_FRONT_RIGHT__1533202259020339.jpg", "samples/CAM_BACK_LEFT/n015-2018-08-02-17-28-51+0800__CAM_BACK_LEFT__1533202259047423.jpg", "samples/CAM_BACK/n015-2018-08-02-17-28-51+0800__CAM_BACK__1533202259037525.jpg", "samples/CAM_BACK_RIGHT/n015-2018-08-02-17-28-51+0800__CAM_BACK_RIGHT__1533202259027893.jpg"], "intrinsics": [[[1272.5979470598488, 0.0, 826.6154927353808], [0.0, 1272.5979470598488, 479.75165386361925], [0.0, 0.0, 1.0]], [[1266.417203046554, 0.0, 816.2670197447984], [0.0, 1266.417203046554, 491.50706579294757], [0.0, 0.0, 1.0]], [[1260.8474446004698, 0.0, 807.968244525554], [0.0, 1260.8474446004698, 495.3344268742088], [0.0, 0.0, 1.0]], [[1256.7414812095406, 0.0, 792.1125740759628], [0.0, 1256.7414812095406, 492.7757465151356], [0.0, 0.0, 1.0]], [[809.2209905677063, 0.0, 829.2196003259838], [0.0, 809.2209905677063, 481.77842384512485], [0.0, 0.0, 1.0]], [[1259.5137405846733, 0.0, 807.2529053838625], [0.0, 1259.5137405846733, 501.19579884916527], [0.0, 0.0, 1.0]]], "extrinsics": [[[0.826688826084137, -0.5626100897789001, -0.007439956068992615, -0.7242431640625], [-0.014965595677495003, -0.008768158964812756, -0.9998495578765869, 1.5037145614624023], [0.56246018409729, 0.8266758918762207, -0.015668334439396858, -1.1053466796875], [0.0, 0.0, 0.0, 1.0]], [[0.014417688362300396, -0.9998172521591187, 0.012548791244626045, 0.000579833984375], [-0.02032000944018364, -0.01284047868102789, -0.9997110962867737, 1.5154314041137695], [0.999689519405365, 0.014158526435494423, -0.020501427352428436, -1.4461669921875], [0.0, 0.0, 0.0, 1.0]], [[-0.8292424082756042, -0.5588016510009766, 0.009880807250738144, 0.86865234375], [-0.014914734289050102, 0.004452958237379789, -0.9998788237571716, 1.50079345703125], [0.5586900115013123, -0.8292893767356873, -0.012026961892843246, -1.14605712890625], [0.0, 0.0, 0.0, 1.0]], [[0.947639524936676, 0.31902918219566345, -0.014131912961602211, -1.1328125], [-0.0062362561002373695, -0.02575697749853134, -0.9996487498283386, 1.5884227752685547], [-0.31928113102912903,