[{"images": ["samples/CAM_FRONT_LEFT/n008-2018-08-01-15-52-19-0400__CAM_FRONT_LEFT__1533153546254799.jpg", "samples/CAM_FRONT/n008-2018-08-01-15-52-19-0400__CAM_FRONT__1533153546262404.jpg", "samples/CAM_FRONT_RIGHT/n008-2018-08-01-15-52-19-0400__CAM_FRONT_RIGHT__1533153546270482.jpg", "samples/CAM_BACK_LEFT/n008-2018-08-01-15-52-19-0400__CAM_BACK_LEFT__1533153546297405.jpg", "samples/CAM_BACK/n008-2018-08-01-15-52-19-0400__CAM_BACK__1533153546288809.jpg", "samples/CAM_BACK_RIGHT/n008-2018-08-01-15-52-19-0400__CAM_BACK_RIGHT__1533153546278113.jpg"], "intrinsics": [[[1257.8625342125129, 0.0, 827.2410631095686], [0.0, 1257.8625342125129, 450.915498205774], [0.0, 0.0, 1.0]], [[1252.8131021185304, 0.0, 826.588114781398], [0.0, 1252.8131021185304, 469.9846626224581], [0.0, 0.0, 1.0]], [[1256.7485116440405, 0.0, 817.7887570959712], [0.0, 1256.7485116440403, 451.9541780095127], [0.0, 0.0, 1.0]], [[1254.9860565800168, 0.0, 829.5769333630991], [0.0, 1254.9860565800168, 467.1680561863987], [0.0, 0.0, 1.0]], [[796.8910634503094, 0.0, 857.7774326863696], [0.0, 796.8910634503094, 476.8848988407415], [0.0, 0.0, 1.0]], [[1249.9629280788233, 0.0, 825.3768045375984], [0.0, 1249.9629280788233, 462.54816385708756], [0.0, 0.0, 1.0]]], "extrinsics": [[[0.8236406445503235, -0.5670024156570435, 0.011153997853398323, -0.765380859375], [0.011912766844034195, -0.0023656648118048906, -0.9999262094497681, 1.4917488098144531], [0.5669869780540466, 0.8237127661705017, 0.004806109704077244, -1.170196533203125], [0.0, 0.0, 0.0, 1.0]], [[0.011925321072340012, -0.999908447265625, 0.006406877189874649, 0.00927734375], [0.013857288286089897, -0.006241457536816597, -0.9998845458030701, 1.4834842681884766], [0.9998329281806946, 0.012012744322419167, 0.013781586661934853, -1.495849609375], [0.0, 0.0, 0.0, 1.0]], [[-0.8432182669639587, -0.5374676585197449, -0.010553917847573757, 0.935546875], [0.02187575213611126, -0.014690709300339222, -0.9996527433395386, 1.4971275329589844], [0.5371260643005371, -0.8431563973426819, 0.024144984781742096, -1.1776123046875], [0.0, 0.0, 0.0, 1.0]], [[0.9478774666786194, 0.31861990690231323, -0.0031180637888610363, -1.140869140625], [-0.0036494042724370956, 0.0010706973262131214, -0.9999927878379822, 1.5620298385620117], [-0.3186143636703491, 0.9478819966316223, 0.0021776652429252863, -0.1568603515625], [0.0, 0.0, 0.0, 1.0]], [[0.008752692490816116, 0.9999397397041321, -0.0066343434154987335, -0.0284423828125], [-0.0014796796021983027, -0.006621639244258404, -0.9999769330024719, 1.567969560623169], [-0.9999606609344482, 0.008762314915657043, 0.0014216330600902438, -0.0166015625], [0.0, 0.0, 0.0, 1.0]], [[-0.9240530133247375, 0.3820105791091919, -0.01392363291233778, 1.037109375], [0.002830919809639454, -0.029584424570202827, -0.9995582699775696, 1.548208236694336], [-0.3822537064552307, -0.9236843585968018, 0.02625613659620285, -0.09401702880859375], [0.0, 0.0, 0.0, 1.0]]], "view": [[0.0, -2.0, 100.0], [-2.0, 0.0, 100.0], [0.0, 0.0, 1.0]], "bev": "bev_f76dc79b39874904994b30384c70275f.png", "aux": "aux_f76dc79b39874904994b30384c70275f.npz", "visibility": "visibility_f76dc79b39874904994b30384c70275f.png", "pose": [[-0.580742359161377, 0.814087450504303, 0.0, 1760.791748046875], [-0.814087450504303, -0.580742359161377, 0.0, 1094.98388671875], [0.0, 0.0, 1.0, 0.0], [0.0, 0.0, 0.0, 1.0]], "pose_inverse": [[-0.580742359161377, -0.814087450504303, 0.0, 1913.9788818359375], [0.814087450504303, -0.580742359161377, 0.0, -797.534912109375], [0.0, 0.0, 1.0, 0.0], [0.0, 0.0, 0.0, 1.0]], "cam_ids": [0, 1, 2, 3, 4, 5], "cam_channels": ["CAM_FRONT_LEFT", "CAM_FRONT", "CAM_FRONT_RIGHT", "CAM_BACK_LEFT", "CAM_BACK", "CAM_BACK_RIGHT"], "token": "f76dc79b39874904994b30384c70275f", "scene": "scene-0071"}, {"images": ["samples/CAM_FRONT_LEFT/n008-2018-08-01-15-52-19-0400__CAM_FRONT_LEFT__1533153546854799.jpg", "samples/CAM_FRONT/n008-2018-08-01-15-52-19-0400__CAM_FRONT__1533153546862404.jpg", "samples/CAM_FRONT_RIGHT/n008-2018-08-01-15-52-19-0400__CAM_FRONT_RIGHT__1533153546870482.jpg", "samples/CAM_BACK_LEFT/n008-2018-08-01-15-52-19-0400__CAM_BACK_LEFT__1533153546897405.jpg", "samples/CAM_BACK/n008-2018-08-01-15-52-19-0400__CAM_BACK__1533153546887558.jpg", "samples/CAM_BACK_RIGHT/n008-2018-08-01-15-52-19-0400__CAM_BACK_RIGHT__1533153546878113.jpg"], "intrinsics": [[[1257.8625342125129, 0.0, 827.2410631095686], [0.0, 1257.8625342125129, 450.915498205774], [0.0, 0.0, 1.0]], [[1252.8131021185304, 0.0, 826.588114781398], [0.0, 1252.8131021185304, 469.9846626224581], [0.0, 0.0, 1.0]], [[1256.7485116440405, 0.0, 817.7887570959712], [0.0, 1256.7485116440403, 451.9541780095127], [0.0, 0.0, 1.0]], [[1254.9860565800168, 0.0, 829.5769333630991], [0.0, 1254.9860565800168, 467.1680561863987], [0.0, 0.0, 1.0]], [[796.8910634503094, 0.0, 857.7774326863696], [0.0, 796.8910634503094, 476.8848988407415], [0.0, 0.0, 1.0]], [[1249.9629280788233, 0.0, 825.3768045375984], [0.0, 1249.9629280788233, 462.54816385708756], [0.0, 0.0, 1.0]]], "extrinsics": [[[0.8237167000770569, -0.5668803453445435, 0.011731482110917568, -0.7667236328125], [0.013903573155403137, -0.0004899443592876196, -0.9999032020568848, 1.4923095703125], [0.566831111907959, 0.8238000869750977, 0.0074780844151973724, -1.170654296875], [0.0, 0.0, 0.0, 1.0]], [[0.012022643350064754, -0.9999161958694458, 0.0047948891296982765, 0.00927734375], [0.015867646783590317, -0.0046038515865802765, -0.9998635649681091, 1.4839248657226562], [0.999801754951477, 0.012097175233066082, 0.01581096649169922, -1.4979248046875], [0.0, 0.0, 0.0, 1.0]], [[-0.8431527614593506, -0.5375168919563293, -0.013000786304473877, 0.9376220703125], [0.023882964625954628, -0.01328526996076107, -0.9996264576911926, 1.4974288940429688], [0.5371434688568115, -0.843148410320282, 0.0240390095859766, -1.179443359375], [0.0, 0.0, 0.0, 1.0]], [[0.9478473663330078, 0.31872284412384033, -0.0010698328260332346, -1.1458740234375], [-0.0017640525475144386, 0.0018894878448918462, -0.9999966621398926, 1.5620465278625488], [-0.31871986389160156, 0.9478460550308228, 0.002353191841393709, -0.1556396484375], [0.0, 0.0, 0.0, 1.0]], [[0.008648582734167576, 0.999946653842926, -0.005646615754812956, -0.028564453125], [0.0004598497471306473, -0.005650803446769714, -0.9999839067459106, 1.568091869354248], [-0.9999625086784363, 0.008645826950669289, -0.000508696015458554, -0.0213623046875], [0.0, 0.0, 0.0, 1.0]], [[-0.9240439534187317, 0.3819817900657654, -0.015254341065883636, 1.040283203125], [0.004772885702550411, -0.02837221324443817, -0.9995859861373901, 1.5484485626220703], [-0.38225647807121277, -0.9237342476844788, 0.024394014850258827, -0.09285736083984375], [0.0, 0.0, 0.0, 1.0]]], "view": [[0.0, -2.0, 100.0], [-2.0, 0.0, 100.0], [0.0, 0.0, 1.0]], "bev": "bev_f55f3938b032475586499859d93c0d5b.png", "aux": "aux_f55f3938b032475586499859d93c0d5b.npz", "visibility": "visibility_f55f3938b032475586499859d93c0d5b.png", "pose": [[-0.6065791845321655, 0.7950230836868286, 0.0, 1758.2674560546875], [-0.7950230836868286, -0.6065791845321655, 0.0, 1091.62109375], [0.0, 0.0, 1.0, 0.0], [0.0, 0.0, 0.0, 1.0]], "pose_inverse": [[-0.6065791845321655, -0.7950230836868286, 0.0, 1934.3924560546875], [0.7950230836868286, -0.6065791845321655, 0.0, -735.70849609375], [0.0, 0.0, 1.0, 0.0], [0.0, 0.0, 0.0, 1.0]], "cam_ids": [0, 1, 2, 3, 4, 5], "cam_channels": ["CAM_FRONT_LEFT", "CAM_FRONT", "CAM_FRONT_RIGHT", "CAM_BACK_LEFT", "CAM_BACK", "CAM_BACK_RIGHT"], "token": "f55f3938b032475586499859d93c0d5b", "scene": "scene-0071"}, {"images": ["samples/CAM_FRONT_LEFT/n008-2018-08-01-15-52-19-0400__CAM_FRONT_LEFT__1533153547354799.jpg", "samples/CAM_FRONT/n008-2018-08-01-15-52-19-0400__CAM_FRONT__1533153547362404.jpg", "samples/CAM_FRONT_RIGHT/n008-2018-08-01-15-52-19-0400__CAM_FRONT_RIGHT__1533153547370482.jpg", "samples/CAM_BACK_LEFT/n008-2018-08-01-15-52-19-0400__CAM_BACK_LEFT__1533153547397405.jpg", "samples/CAM_BACK/n008-2018-08-01-15-52-19-0400__CAM_BACK__1533153547387558.jpg", "samples/CAM_BACK_RIGHT/n008-2018-08-01-15-52-19-0400__CAM_BACK_RIGHT__1533153547378113.jpg"], "intrinsics": [[[1257.8625342125129, 0.0, 827.2410631095686], [0.0, 1257.8625342125129, 450.915498205774], [0.0, 0.0, 1.0]], [[1252.8131021185304, 0.0, 826.588114781398], [0.0, 1252.8131021185304, 469.9846626224581], [0.0, 0.0, 1.0]], [[1256.7485116440405, 0.0, 817.7887570959712], [0.0, 1256.7485116440403, 451.9541780095127], [0.0, 0.0, 1.0]], [[1254.9860565800168, 0.0, 829.5769333630991], [0.0, 1254.9860565800168, 467.1680561863987], [0.0, 0.0, 1.0]], [[796.8910634503094, 0.0, 857.7774326863696], [0.0, 796.8910634503094, 476.8848988407415], [0.0, 0.0, 1.0]], [[1249.9629280788233, 0.0, 825.3768045375984], [0.0, 1249.9629280788233, 462.54816385708756], [0.0, 0.0, 1.0]]], "extrinsics": [[[0.822864830493927, -0.5681653618812561, 0.009031706489622593, -0.7508544921875], [0.010192496702075005, -0.0011337957112118602, -0.9999473690986633, 1.4914226531982422], [0.5681456923484802, 0.822913646697998, 0.004858061671257019, -1.16229248046875], [0.0, 0.0, 0.0, 1.0]], [[0.010752643458545208, -0.9999285936355591, 0.005205120891332626, 0.01116943359375], [0.012377563863992691, -0.005071926396340132, -0.9999105334281921, 1.4833126068115234], [0.9998655915260315, 0.010816105641424656, 0.012322142720222473, -1.481689453125], [0.0, 0.0, 0.0, 1.0]], [[-0.8437204957008362, -0.5366876125335693, -0.010107887908816338, 0.9259033203125], [0.020619861781597137, -0.01358815934509039, -0.9996950030326843, 1.497161865234375], [0.5363865494728088, -0.8436716794967651, 0.02253103256225586, -1.1700439453125], [0.0, 0.0, 0.0, 1.0]], [[0.9478904008865356, 0.31858375668525696, -0.0028628904838114977, -1.134765625], [-0.0037654514890164137, 0.0022172234021127224, -0.9999904632568359, 1.5620088577270508], [-0.3185743987560272, 0.9478921294212341, 0.0033012961503118277, -0.1593017578125], [0.0, 0.0, 0.0, 1.0]], [[0.009040526114404202, 0.9999436140060425, -0.005564643535763025, -0.0291748046875], [-0.0020603344310075045, -0.005546231754124165, -0.999982476234436, 1.5679068565368652], [-0.9999570846557617, 0.009051765315234661, 0.0020100779365748167, -0.033203125], [0.0, 0.0, 0.0, 1.0]], [[-0.9238160848617554, 0.38263022899627686, -0.01256285235285759, 1.02783203125], [0.001790172653272748, -0.028497330844402313, -0.9995923042297363, 1.5481147766113281], [-0.38283219933509827, -0.9234619736671448, 0.025641320273280144, -0.096923828125], [0.0, 0.0, 0.0, 1.0]]], "view": [[0.0, -2.0, 100.0], [-2.0, 0.0, 100.0], [0.0, 0.0, 1.0]], "bev": "bev_2b44e9076b0542129f278cf4139cf701.png", "aux": "aux_2b44e9076b0542129f278cf4139cf701.npz", "visibility": "visibility_2b44e9076b0542129f278cf4139cf701.png", "pose": [[-0.6162988543510437, 0.7875123620033264, 0.0, 1756.0341796875], [-0.7875123620033264, -0.6162988543510437, 0.0, 1088.77734375], [0.0, 0.0, 1.0, 0.0], [0.0, 0.0, 0.0, 1.0]], "pose_inverse": [[-0.6162988543510437, -0.7875123620033264, 0.0, 1939.66748046875], [0.7875123620033264, -0.6162988543510437, 0.0, -711.8863525390625], [0.0, 0.0, 1.0, 0.0], [0.0, 0.0, 0.0, 1.0]], "cam_ids": [0, 1, 2, 3, 4, 5], "cam_channels": ["CAM_FRONT_LEFT", "CAM_FRONT", "CAM_FRONT_RIGHT", "CAM_BACK_LEFT", "CAM_BACK", "CAM_BACK_RIGHT"], "token": "2b44e9076b0542129f278cf4139cf701", "scene": "scene-0071"}, {"images": ["samples/CAM_FRONT_LEFT/n008-2018-08-01-15-52-19-0400__CAM_FRONT_LEFT__1533153547854984.jpg", "samples/CAM_FRONT/n008-2018-08-01-15-52-19-0400__CAM_FRONT__1533153547862404.jpg", "samples/CAM_FRONT_RIGHT/n008-2018-08-01-15-52-19-0400__CAM_FRONT_RIGHT__1533153547870482.jpg", "samples/CAM_BACK_LEFT/n008-2018-08-01-15-52-19-0400__CAM_BACK_LEFT__1533153547897405.jpg", "samples/CAM_BACK/n008-2018-08-01-15-52-19-0400__CAM_BACK__1533153547887558.jpg", "samples/CAM_BACK_RIGHT/n008-2018-08-01-15-52-19-0400__CAM_BACK_RIGHT__1533153547880050.jpg"], "intrinsics": [[[1257.8625342125129, 0.0, 827.2410631095686], [0.0, 1257.8625342125129, 450.915498205774], [0.0, 0.0, 1.0]], [[1252.8131021185304, 0.0, 826.588114781398], [0.0, 1252.8131021185304, 469.9846626224581], [0.0, 0.0, 1.0]], [[1256.7485116440405, 0.0, 817.7887570959712], [0.0, 1256.7485116440403, 451.9541780095127], [0.0, 0.0, 1.0]], [[1254.9860565800168, 0.0, 829.5769333630991], [0.0, 1254.9860565800168, 467.1680561863987], [0.0, 0.0, 1.0]], [[796.8910634503094, 0.0, 857.7774326863696], [0.0, 796.8910634503094, 476.8848988407415], [0.0, 0.0, 1.0]], [[1249.9629280788233, 0.0, 825.3768045375984], [0.0, 1249.9629280788233, 462.54816385708756], [0.0, 0.0, 1.0]]], "extrinsics": [[[0.8220831155776978, -0.5693368911743164, 0.00590207614004612, -0.76025390625], [0.010034405626356602, 0.004123019520193338, -0.9999411106109619, 1.4912605285644531], [0.569279134273529, 0.8220939636230469, 0.009102421812713146, -1.166229248046875], [0.0, 0.0, 0.0, 1.0]], [[0.00969462189823389, -0.999953031539917, -1.8452679796610028e-05, 0.009521484375], [0.011840686202049255, 0.00013324798783287406, -0.9999299049377441, 1.4830760955810547], [0.9998828172683716, 0.009693723171949387, 0.011841421946883202, -1.4886474609375], [0.0, 0.0, 0.0, 1.0]], [[-0.844169557094574, -0.5359397530555725, -0.012098359875380993, 0.9320068359375], [0.019679691642522812, -0.008428948931396008, -0.9997708201408386, 1.496795654296875], [0.5357149243354797, -0.844214141368866, 0.017662590369582176, -1.1754150390625], [0.0, 0.0, 0.0, 1.0]], [[0.947881281375885, 0.3186034858226776, -0.0035864925011992455, -1.1468505859375], [-0.006142569240182638, 0.007018409203737974, -0.9999565482139587, 1.5620603561401367], [-0.31856444478034973, 0.9478620886802673, 0.00860966369509697, -0.1552734375], [0.0, 0.0, 0.0, 1.0]], [[0.009343401528894901, 0.9999561309814453, -0.000628955545835197, -0.02880859375], [-0.003876691684126854, -0.000592755910474807, -0.999992311000824, 1.567800521850586], [-0.9999488592147827, 0.009345753118395805, 0.003870983375236392, -0.0228271484375], [0.0, 0.0, 0.0, 1.0]], [[-0.9236151576042175, 0.38320624828338623, -0.009380290284752846, 1.048828125], [0.00045370133011601865, -0.023378217592835426, -0.9997265934944153, 1.5478858947753906], [-0.38332077860832214, -0.9233668446540833, 0.02141861617565155, -0.08916473388671875], [0.0, 0.0, 0.0, 1.0]]], "view": [[0.0, -2.0, 100.0], [-2.0, 0.0, 100.0], [0.0, 0.0, 1.0]], "bev": "bev_1b7f2f3f47104f6b93d0a07022a0de23.png", "aux": "aux_1b7f2f3f47104f6b93d0a07022a0de23.npz", "visibility": "visibility_1b7f2f3f47104f6b93d0a07022a0de23.png", "pose": [[-0.6097613573074341, 0.7925850749015808, 0.0, 1753.9193115234375], [-0.7925850749015808, -0.6097613573074341, 0.0, 1086.0810546875], [0.0, 0.0, 1.0, 0.0], [0.0, 0.0, 0.0, 1.0]], "pose_inverse": [[-0.6097613573074341, -0.7925850749015808, 0.0, 1930.2838134765625], [0.7925850749015808, -0.6097613573074341, 0.0, -727.8800659179688], [0.0, 0.0, 1.0, 0.0], [0.0, 0.0, 0.0, 1.0]], "cam_ids": [0, 1, 2, 3, 4, 5], "cam_channels": ["CAM_FRONT_LEFT", "CAM_FRONT", "CAM_FRONT_RIGHT", "CAM_BACK_LEFT", "CAM_BACK", "CAM_BACK_RIGHT"], "token": "1b7f2f3f47104f6b93d0a07022a0de23", "scene": "scene-0071"}, {"images": ["samples/CAM_FRONT_LEFT/n008-2018-08-01-15-52-19-0400__CAM_FRONT_LEFT__1533153548355042.jpg", "samples/CAM_FRONT/n008-2018-08-01-15-52-19-0400__CAM_FRONT__1533153548362404.jpg", "samples/CAM_FRONT_RIGHT/n008-2018-08-01-15-52-19-0400__CAM_FRONT_RIGHT__1533153548370482.jpg", "samples/CAM_BACK_LEFT/n008-2018-08-01-15-52-19-0400__CAM_BACK_LEFT__1533153548397405.jpg", "samples/CAM_BACK/n008-2018-08-01-15-52-19-0400__CAM_BACK__1533153548387558.jpg", "samples/CAM_BACK_RIGHT/n008-2018-08-01-15-52-19-0400__CAM_BACK_RIGHT__1533153548378113.jpg"], "intrinsics": [[[1257.8625342125129, 0.0, 827.2410631095686], [0.0, 1257.8625342125129, 450.915498205774], [0.0, 0.0, 1.0]], [[1252.8131021185304, 0.0, 826.588114781398], [0.0, 1252.8131021185304, 469.9846626224581], [0.0, 0.0, 1.0]], [[1256.7485116440405, 0.0, 817.7887570959712], [0.0, 1256.7485116440403, 451.9541780095127], [0.0, 0.0, 1.0]], [[1254.9860565800168, 0.0, 829.5769333630991], [0.0, 1254.9860565800168, 467.1680561863987], [0.0, 0.0, 1.0]], [[796.8910634503094, 0.0, 857.7774326863696], [0.0, 796.8910634503094, 476.8848988407415], [0.0, 0.0, 1.0]], [[1249.9629280788233, 0.0, 825.3768045375984], [0.0, 1249.9629280788233, 462.54816385708756], [0.0, 0.0, 1.0]]], "extrinsics": [[[0.8222101330757141, -0.5691789984703064, 0.0023927807342261076, -0.776123046875], [0.007526760455220938, 0.006669113412499428, -0.9999494552612305, 1.4903736114501953], [0.5691342949867249, 0.8221865296363831, 0.009767485782504082, -1.1766357421875], [0.0, 0.0, 0.0, 1.0]], [[0.009881512261927128, -0.9999480247497559, -0.0024985652416944504, 0.00885009765625], [0.009426693432033062, 0.002591731259599328, -0.9999521970748901, 1.482330322265625], [0.9999067187309265, 0.009857560507953167, 0.00945181306451559, -1.5048828125], [0.0, 0.0, 0.0, 1.0]], [[-0.8441226482391357, -0.5360283851623535, -0.011422949843108654, 0.9417724609375], [0.01738765649497509, -0.006074870470911264, -0.9998303651809692, 1.4961509704589844], [0.5358681082725525, -0.8441781401634216, 0.014448213391005993, -1.18212890625], [0.0, 0.0, 0.0, 1.0]], [[0.9478777647018433, 0.3185993432998657, -0.004710782784968615, -1.1435546875], [-0.008073464035987854, 0.009234887547791004, -0.9999247789382935, 1.5620403289794922], [-0.31853187084198, 0.9478444457054138, 0.011325746774673462, -0.1563720703125], [0.0, 0.0, 0.0, 1.0]], [[0.009305957704782486, 0.999955415725708, 0.0015960150631144643, -0.0286865234375], [-0.005952159874141216, 0.001651448430493474, -0.9999809265136719, 1.567673683166504], [-0.9999390244483948, 0.009296336211264133, 0.005967262666672468, -0.0205078125], [0.0, 0.0, 0.0, 1.0]], [[-0.9236548542976379, 0.3831702172756195, -0.006500573363155127, 1.04345703125], [-0.0017204079777002335, -0.021108578890562057, -0.9997757077217102, 1.547607421875], [-0.3832215368747711, -0.9234364628791809, 0.02015625312924385, -0.09159469604492188], [0.0, 0.0, 0.0, 1.0]]], "view": [[0.0, -2.0, 100.0], [-2.0, 0.0, 100.0], [0.0, 0.0, 1.0]], "bev": "bev_d4a4b3808e7944ea930fad2b9f3226a6.png", "aux": "aux_d4a4b3808e7944ea930fad2b9f3226a6.npz", "visibility": "visibility_d4a4b3808e7944ea930fad2b9f3226a6.png", "pose": [[-0.6002782583236694, 0.7997912168502808, 0.0, 1751.8941650390625], [-0.7997912168502808, -0.6002782583236694, 0.0, 1083.439453125], [0.0, 0.0, 1.0, 0.0], [0.0, 0.0, 0.0, 1.0]], "pose_inverse": [[-0.6002782583236694, -0.7997912168502808, 0.0, 1918.1494140625], [0.7997912168502808, -0.6002782583236694, 0.0, -750.784423828125], [0.0, 0.0, 1.0, 0.0], [0.0, 0.0, 0.0, 1.0]], "cam_ids": [0, 1, 2, 3, 4, 5], "cam_channels": ["CAM_FRONT_LEFT", "CAM_FRONT", "CAM_FRONT_RIGHT", "CAM_BACK_LEFT", "CAM_BACK", "CAM_BACK_RIGHT"], "token": "d4a4b3808e7944ea930fad2b9f3226a6", "scene": "scene-0071"}, {"images": ["samples/CAM_FRONT_LEFT/n008-2018-08-01-15-52-19-0400__CAM_FRONT_LEFT__1533153548904799.jpg", "samples/CAM_FRONT/n008-2018-08-01-15-52-19-0400__CAM_FRONT__1533153548912404.jpg", "samples/CAM_FRONT_RIGHT/n008-2018-08-01-15-52-19-0400__CAM_FRONT_RIGHT__1533153548920482.jpg", "samples/CAM_BACK_LEFT/n008-2018-08-01-15-52-19-0400__CAM_BACK_LEFT__1533153548947405.jpg", "samples/CAM_BACK/n008-2018-08-01-15-52-19-0400__CAM_BACK__1533153548937558.jpg", "samples/CAM_BACK_RIGHT/n008-2018-08-01-15-52-19-0400__CAM_BACK_RIGHT__1533153548928113.jpg"], "intrinsics": [[[1257.8625342125129, 0.0, 827.2410631095686], [0.0, 1257.8625342125129, 450.915498205774], [0.0, 0.0, 1.0]], [[1252.8131021185304, 0.0, 826.588114781398], [0.0, 1252.8131021185304, 469.9846626224581], [0.0, 0.0, 1.0]], [[1256.7485116440405, 0.0, 817.7887570959712], [0.0, 1256.7485116440403, 451.9541780095127], [0.0, 0.0, 1.0]], [[1254.9860565800168, 0.0, 829.5769333630991], [0.0, 1254.9860565800168, 467.1680561863987], [0.0, 0.0, 1.0]], [[796.8910634503094, 0.0, 857.7774326863696], [0.0, 796.8910634503094, 476.8848988407415], [0.0, 0.0, 1.0]], [[1249.9629280788233, 0.0, 825.3768045375984], [0.0, 1249.9629280788233, 462.54816385708756], [0.0, 0.0, 1.0]]], "extrinsics": [[[0.8222178816795349, -0.5691719055175781, -0.00109401298686862, -0.7794189453125], [0.0014505017315968871, 0.004017470870167017, -0.9999908208847046, 1.488680124282837], [0.569171130657196, 0.8222087621688843, 0.004128820262849331, -1.18011474609375], [0.0, 0.0, 0.0, 1.0]], [[0.009831743314862251, -0.9999516010284424, -0.0001626594312256202, 0.0096435546875], [0.003387779463082552, 0.00019597596838138998, -0.9999942183494568, 1.4809222221374512], [0.9999459385871887, 0.009831138886511326, 0.003389542456716299, -1.5111083984375], [0.0, 0.0, 0.0, 1.0]], [[-0.8441565036773682, -0.536071240901947, -0.005229574162513018, 0.9462890625], [0.011391643434762955, -0.008184120059013367, -0.9999015927314758, 1.4950447082519531], [0.5359756946563721, -0.8441330790519714, 0.013015411794185638, -1.1839599609375], [0.0, 0.0, 0.0, 1.0]], [[0.9478246569633484, 0.3186274766921997, -0.010247308760881424, -1.1424560546875], [-0.013596294447779655, 0.008288341574370861, -0.9998732209205627, 1.5620250701904297], [-0.31850215792655945, 0.9478437900543213, 0.012188048101961613, -0.15673828125], [0.0, 0.0, 0.0, 1.0]], [[0.009299556724727154, 0.9999567866325378, 0.000149476807564497, -0.02899169921875], [-0.011687838472425938, 0.000258168438449502, -0.9999316334724426, 1.5673141479492188], [-0.9998884797096252, 0.00929714273661375, 0.01168973557651043, -0.0194091796875], [0.0, 0.0, 0.0, 1.0]], [[-0.9236935377120972, 0.3831283748149872, -0.0017350747948512435, 1.046142578125], [-0.007632431108504534, -0.022928595542907715, -0.9997079372406006, 1.546898365020752], [-0.3830562233924866, -0.9234104156494141, 0.02410319447517395, -0.08983707427978516], [0.0, 0.0, 0.0, 1.0]]], "view": [[0.0, -2.0, 100.0], [-2.0, 0.0, 100.0], [0.0, 0.0, 1.0]], "bev": "bev_f90f165889ba405ca8eb2482263383e7.png", "aux": "aux_f90f165889ba405ca8eb2482263383e7.npz", "visibility": "visibility_f90f165889ba405ca8eb2482263383e7.png", "pose": [[-0.5901893973350525, 0.8072648048400879, 0.0, 1749.75341796875], [-0.8072648048400879, -0.5901893973350525, 0.0, 1080.563232421875], [0.0, 0.0, 1.0, 0.0], [0.0, 0.0, 0.0, 1.0]], "pose_inverse": [[-0.5901893973350525, -0.8072648048400879, 0.0, 1904.986572265625], [0.8072648048400879, -0.5901893973350525, 0.0, -774.7774658203125], [0.0, 0.0, 1.0, 0.0], [0.0, 0.0, 0.0, 1.0]], "cam_ids": [0, 1, 2, 3, 4, 5], "cam_channels": ["CAM_FRONT_LEFT", "CAM_FRONT", "CAM_FRONT_RIGHT", "CAM_BACK_LEFT", "CAM_BACK", "CAM_BACK_RIGHT"], "token": "f90f165889ba405ca8eb2482263383e7", "scene": "scene-0071"}, {"images": ["samples/CAM_FRONT_LEFT/n008-2018-08-01-15-52-19-0400__CAM_FRONT_LEFT__1533153549404799.jpg", "samples/CAM_FRONT/n008-2018-08-01-15-52-19-0400__CAM_FRONT__1533153549412404.jpg", "samples/CAM_FRONT_RIGHT/n008-2018-08-01-15-52-19-0400__CAM_FRONT_RIGHT__1533153549420482.jpg", "samples/CAM_BACK_LEFT/n008-2018-08-01-15-52-19-0400__CAM_BACK_LEFT__1533153549447405.jpg", "samples/CAM_BACK/n008-2018-08-01-15-52-19-0400__CAM_BACK__1533153549437558.jpg", "samples/CAM_BACK_RIGHT/n008-2018-08-01-15-52-19-0400__CAM_BACK_RIGHT__1533153549428113.jpg"], "intrinsics": [[[1257.8625342125129, 0.0, 827.2410631095686], [0.0, 1257.8625342125129, 450.915498205774], [0.0, 0.0, 1.0]], [[1252.8131021185304, 0.0, 826.588114781398], [0.0, 1252.8131021185304, 469.9846626224581], [0.0, 0.0, 1.0]], [[1256.7485116440405, 0.0, 817.7887570959712], [0.0, 1256.7485116440403, 451.9541780095127], [0.0, 0.0, 1.0]], [[1254.9860565800168, 0.0, 829.5769333630991], [0.0, 1254.9860565800168, 467.1680561863987], [0.0, 0.0, 1.0]], [[796.8910634503094, 0.0, 857.7774326863696], [0.0, 796.8910634503094, 476.8848988407415], [0.0, 0.0, 1.0]], [[1249.9629280788233, 0.0, 825.3768045375984], [0.0, 1249.9629280788233, 462.54816385708756], [0.0, 0.0, 1.0]]], "extrinsics": [[[0.8216699957847595, -0.5699629187583923, -0.0008438281947746873, -0.766845703125], [0.005410770885646343, 0.009280686266720295, -0.9999423027038574, 1.4898333549499512], [0.5699378848075867, 0.8216180205345154, 0.010709598660469055, -1.17083740234375], [0.0, 0.0, 0.0, 1.0]], [[0.009063681587576866, -0.9999456405639648, -0.005150422919541597, 0.0093994140625], [0.007124767638742924, 0.005215082783252001, -0.9999610185623169, 1.4818801879882812], [0.9999335408210754, 0.009026585146784782, 0.007171648554503918, -1.4927978515625], [0.0, 0.0, 0.0, 1.0]], [[-0.8444370031356812, -0.5355471968650818, -0.01073965523391962, 0.9285888671875], [0.014890416525304317, -0.0034275532234460115, -0.999883234500885, 1.4959468841552734], [0.535447895526886, -0.8444982767105103, 0.010868873447179794, -1.173095703125], [0.0, 0.0, 0.0, 1.0]], [[0.9479012489318848, 0.3184952735900879, -0.006626165471971035, -1.1197509765625], [-0.01112084835767746, 0.012295981869101524, -0.999862551689148, 1.5617599487304688], [-0.3183700740337372, 0.9478447437286377, 0.015197315253317356, -0.1641845703125], [0.0, 0.0, 0.0, 1.0]], [[0.009573291055858135, 0.9999443888664246, 0.0044280607253313065, -0.0286865234375], [-0.008797830902040005, 0.004512319341301918, -0.9999511241912842, 1.5672969818115234], [-0.9999155402183533, 0.009533863514661789, 0.008840538561344147, -0.042236328125], [0.0, 0.0, 0.0, 1.0]], [[-0.9235174059867859, 0.38354459404945374, -0.0030176141299307346, 1.02587890625], [-0.004372771363705397, -0.01839526556432247, -0.9998212456703186, 1.5471978187561035], [-0.3835315406322479, -0.9233391284942627, 0.018665499985218048, -0.09839344024658203], [0.0, 0.0, 0.0, 1.0]]], "view": [[0.0, -2.0, 100.0], [-2.0, 0.0, 100.0], [0.0, 0.0, 1.0]], "bev": "bev_f645a666e16b432da89e0e53788a5cd0.png", "aux": "aux_f645a666e16b432da89e0e53788a5cd0.npz", "visibility": "visibility_f645a666e16b432da89e0e53788a5cd0.png", "pose": [[-0.5812024474143982, 0.8137590289115906, 0.0, 1747.8553466796875], [-0.8137590289115906, -0.5812024474143982, 0.0, 1077.9866943359375], [0.0, 0.0, 1.0, 0.0], [0.0, 0.0, 0.0, 1.0]], "pose_inverse": [[-0.5812024474143982, -0.8137590289115906, 0.0, 1893.0792236328125], [0.8137590289115906, -0.5812024474143982, 0.0, -795.8045654296875], [0.0, 0.0, 1.0, 0.0], [0.0, 0.0, 0.0, 1.0]], "cam_ids": [0, 1, 2, 3, 4, 5], "cam_channels": ["CAM_FRONT_LEFT", "CAM_FRONT", "CAM_FRONT_RIGHT", "CAM_BACK_LEFT", "CAM_BACK", "CAM_BACK_RIGHT"], "token": "f645a666e16b432da89e0e53788a5cd0", "scene": "scene-0071"}, {"images": ["samples/CAM_FRONT_LEFT/n008-2018-08-01-15-52-19-0400__CAM_FRONT_LEFT__1533153549904799.jpg", "samples/CAM_FRONT/n008-2018-08-01-15-52-19-0400__CAM_FRONT__1533153549912404.jpg", "samples/CAM_FRONT_RIGHT/n008-2018-08-01-15-52-19-0400__CAM_FRONT_RIGHT__1533153549921003.jpg", "samples/CAM_BACK_LEFT/n008-2018-08-01-15-52-19-0400__CAM_BACK_LEFT__1533153549947405.jpg", "samples/CAM_BACK/n008-2018-08-01-15-52-19-0400__CAM_BACK__1533153549937558.jpg", "samples/CAM_BACK_RIGHT/n008-2018-08-01-15-52-19-0400__CAM_BACK_RIGHT__1533153549928113.jpg"], "intrinsics": [[[1257.8625342125129, 0.0, 827.2410631095686], [0.0, 1257.8625342125129, 450.915498205774], [0.0, 0.0, 1.0]], [[1252.8131021185304, 0.0, 826.588114781398], [0.0, 1252.8131021185304, 469.9846626224581], [0.0, 0.0, 1.0]], [[1256.7485116440405, 0.0, 817.7887570959712], [0.0, 1256.7485116440403, 451.9541780095127], [0.0, 0.0, 1.0]], [[1254.9860565800168, 0.0, 829.5769333630991], [0.0, 1254.9860565800168, 467.1680561863987], [0.0, 0.0, 1.0]], [[796.8910634503094, 0.0, 857.7774326863696], [0.0, 796.8910634503094, 476.8848988407415], [0.0, 0.0, 1.0]], [[1249.9629280788233, 0.0, 825.3768045375984], [0.0, 1249.9629280788233, 462.54816385708756], [0.0, 0.0, 1.0]]], "extrinsics": [[[0.8219364285469055, -0.569575846195221, -0.001999110449105501, -0.7890625], [0.006659246981143951, 0.013119189068675041, -0.9998917579650879, 1.4900041818618774], [0.5695403218269348, 0.821834146976471, 0.014576084911823273, -1.186370849609375], [0.0, 0.0, 0.0, 1.0]], [[0.00950865913182497, -0.9999147653579712, -0.00894167646765709, 0.009521484375], [0.008623405359685421, 0.00902374554425478, -0.9999220967292786, 1.4820022583007812], [0.9999176859855652, 0.009430850856006145, 0.008708474226295948, -1.5196533203125], [0.0, 0.0, 0.0, 1.0]], [[-0.8441875576972961, -0.5358583331108093, -0.014253150671720505, 0.9539794921875], [0.01665722019970417, 0.00035336718428879976, -0.9998611807823181, 1.4957866668701172], [0.5357890129089355, -0.8443078398704529, 0.008627602830529213, -1.188720703125], [0.0, 0.0, 0.0, 1.0]], [[0.9478805661201477, 0.3186095058917999, -0.003228731919080019, -1.140625], [-0.008684194646775723, 0.01570376195013523, -0.9998390078544617, 1.56201171875], [-0.31850752234458923, 0.9477559924125671, 0.017652159556746483, -0.1573486328125], [0.0, 0.0, 0.0, 1.0]], [[0.009345927275717258, 0.9999241232872009, 0.008026789873838425, -0.02911376953125], [-0.006573589984327555, 0.008088403381407261, -0.9999456405639648, 1.5676403045654297], [-0.9999347925186157, 0.009292613714933395, 0.00664868438616395, -0.0186767578125], [0.0, 0.0, 0.0, 1.0]], [[-0.9236377477645874, 0.38325101137161255, -0.003434367012232542, 1.049072265625], [-0.0023752283304929733, -0.014684466645121574, -0.9998893737792969, 1.5475482940673828], [-0.3832590579986572, -0.9235275387763977, 0.014473437331616879, -0.08847808837890625], [0.0, 0.0, 0.0, 1.0]]], "view": [[0.0, -2.0, 100.0], [-2.0, 0.0, 100.0], [0.0, 0.0, 1.0]], "bev": "bev_f6ffc3dd4a2c4c0f8d750e385f1b899f.png", "aux": "aux_f6ffc3dd4a2c4c0f8d750e385f1b899f.npz", "visibility": "visibility_f6ffc3dd4a2c4c0f8d750e385f1b899f.png", "pose": [[-0.5719359517097473, 0.8202983140945435, 0.0, 1746.0755615234375], [-0.8202983140945435, -0.5719359517097473, 0.0, 1075.506103515625], [0.0, 0.0, 1.0, 0.0], [0.0, 0.0, 0.0, 1.0]], "pose_inverse": [[-0.5719359517097473, -0.8202983140945435, 0.0, 1880.879150390625], [0.8202983140945435, -0.5719359517097473, 0.0, -817.1822509765625], [0.0, 0.0, 1.0, 0.0], [0.0, 0.0, 0.0, 1.0]], "cam_ids": [0, 1, 2, 3, 4, 5], "cam_channels": ["CAM_FRONT_LEFT", "CAM_FRONT", "CAM_FRONT_RIGHT", "CAM_BACK_LEFT", "CAM_BACK", "CAM_BACK_RIGHT"], "token": "f6ffc3dd4a2c4c0f8d750e385f1b899f", "scene": "scene-0071"}, {"images": ["samples/CAM_FRONT_LEFT/n008-2018-08-01-15-52-19-0400__CAM_FRONT_LEFT__1533153550404799.jpg", "samples/CAM_FRONT/n008-2018-08-01-15-52-19-0400__CAM_FRONT__1533153550412404.jpg", "samples/CAM_FRONT_RIGHT/n008-2018-08-01-15-52-19-0400__CAM_FRONT_RIGHT__1533153550420482.jpg", "samples/CAM_BACK_LEFT/n008-2018-08-01-15-52-19-0400__CAM_BACK_LEFT__1533153550447405.jpg", "samples/CAM_BACK/n008-2018-08-01-15-52-19-0400__CAM_BACK__1533153550437558.jpg", "samples/CAM_BACK_RIGHT/n008-2018-08-01-15-52-19-0400__CAM_BACK_RIGHT__1533153550428113.jpg"], "intrinsics": [[[1257.8625342125129, 0.0, 827.2410631095686], [0.0, 1257.8625342125129, 450.915498205774], [0.0, 0.0, 1.0]], [[1252.8131021185304, 0.0, 826.588114781398], [0.0, 1252.8131021185304, 469.9846626224581], [0.0, 0.0, 1.0]], [[1256.7485116440405, 0.0, 817.7887570959712], [0.0, 1256.7485116440403, 451.9541780095127], [0.0, 0.0, 1.0]], [[1254.9860565800168, 0.0, 829.5769333630991], [0.0, 1254.9860565800168, 467.1680561863987], [0.0, 0.0, 1.0]], [[796.8910634503094, 0.0, 857.7774326863696], [0.0, 796.8910634503094, 476.8848988407415], [0.0, 0.0, 1.0]], [[1249.9629280788233, 0.0, 825.3768045375984], [0.0, 1249.9629280788233, 462.54816385708756], [0.0, 0.0, 1.0]]], "extrinsics": [[[0.8216859698295593, -0.5699386596679688, -0.001472625182941556, -0.7938232421875], [0.004680602345615625, 0.009331757202744484, -0.9999454617500305, 1.4894492626190186], [0.5699214339256287, 0.8216342926025391, 0.010335428640246391, -1.19140625], [0.0, 0.0, 0.0, 1.0]], [[0.00897351186722517, -0.9999470114707947, -0.005038664676249027, 0.0101318359375], [0.006413551978766918, 0.005096317268908024, -0.9999664425849915, 1.481494426727295], [0.9999391436576843, 0.008940866217017174, 0.006458944175392389, -1.525146484375], [0.0, 0.0, 0.0, 1.0]], [[-0.844556450843811, -0.5353732705116272, -0.009995635598897934, 0.955322265625], [0.014197545126080513, -0.003728367853909731, -0.9998922348022461, 1.4953746795654297], [0.5352783203125, -0.8446073532104492, 0.01074980292469263, -1.1890869140625], [0.0, 0.0, 0.0, 1.0]], [[0.9478569626808167, 0.31859713792800903, -0.007939299568533897, -1.14453125], [-0.011954043991863728, 0.010648061521351337, -0.9998718500137329, 1.5620536804199219], [-0.3184717893600464, 0.9478303790092468, 0.013901363126933575, -0.15576171875], [0.0, 0.0, 0.0, 1.0]], [[0.009602452628314495, 0.9999480843544006, 0.003415291430428624, -0.0291748046875], [-0.009525526314973831, 0.003506766865029931, -0.9999484419822693, 1.5674972534179688], [-0.9999085068702698, 0.00956940371543169, 0.009558705613017082, -0.0145263671875], [0.0, 0.0, 0.0, 1.0]], [[-0.9234575033187866, 0.3836921155452728, -0.002582036191597581, 1.052978515625], [-0.005066299345344305, -0.018921561539173126, -0.999808132648468, 1.5472540855407715], [-0.3836672306060791, -0.9232672452926636, 0.019417157396674156, -0.08678817749023438], [0.0, 0.0, 0.0, 1.0]]], "view": [[0.0, -2.0, 100.0], [-2.0, 0.0, 100.0], [0.0, 0.0, 1.0]], "bev": "bev_5c27d9133c86499fb9251624c0107207.png", "aux": "aux_5c27d9133c86499fb9251624c0107207.npz", "visibility": "visibility_5c27d9133c86499fb9251624c0107207.png", "pose": [[-0.5603846907615662, 0.82823246717453, 0.0, 1744.3548583984375], [-0.82823246717453, -0.5603846907615662, 0.0, 1073.059326171875], [0.0, 0.0, 1.0, 0.0], [0.0, 0.0, 0.0, 1.0]], "pose_inverse": [[-0.5603846907615662, -0.82823246717453, 0.0, 1866.2523193359375], [0.82823246717453, -0.5603846907615662, 0.0, -843.4053344726562], [0.0, 0.0, 1.0, 0.0], [0.0, 0.0, 0.0, 1.0]], "cam_ids": [0, 1, 2, 3, 4, 5], "cam_channels": ["CAM_FRONT_LEFT", "CAM_FRONT", "CAM_FRONT_RIGHT", "CAM_BACK_LEFT", "CAM_BACK", "CAM_BACK_RIGHT"], "token": "5c27d9133c86499fb9251624c0107207", "scene": "scene-0071"}, {"images": ["samples/CAM_FRONT_LEFT/n008-2018-08-01-15-52-19-0400__CAM_FRONT_LEFT__1533153550904799.jpg", "samples/CAM_FRONT/n008-2018-08-01-15-52-19-0400__CAM_FRONT__1533153550912404.jpg", "samples/CAM_FRONT_RIGHT/n008-2018-08-01-15-52-19-0400__CAM_FRONT_RIGHT__1533153550920482.jpg", "samples/CAM_BACK_LEFT/n008-2018-08-01-15-52-19-0400__CAM_BACK_LEFT__1533153550947635.jpg", "samples/CAM_BACK/n008-2018-08-01-15-52-19-0400__CAM_BACK__1533153550937558.jpg", "samples/CAM_BACK_RIGHT/n008-2018-08-01-15-52-19-0400__CAM_BACK_RIGHT__1533153550928113.jpg"], "intrinsics": [[[1257.8625342125129, 0.0, 827.2410631095686], [0.0, 1257.8625342125129, 450.915498205774], [0.0, 0.0, 1.0]], [[1252.8131021185304, 0.0, 826.588114781398], [0.0, 1252.8131021185304, 469.9846626224581], [0.0, 0.0, 1.0]], [[1256.7485116440405, 0.0, 817.7887570959712], [0.0, 1256.7485116440403, 451.9541780095127], [0.0, 0.0, 1.0]], [[1254.9860565800168, 0.0, 829.5769333630991], [0.0, 1254.9860565800168, 467.1680561863987], [0.0, 0.0, 1.0]], [[796.8910634503094, 0.0, 857.7774326863696], [0.0, 796.8910634503094, 476.8848988407415], [0.0, 0.0, 1.0]], [[1249.9629280788233, 0.0, 825.3768045375984], [0.0, 1249.9629280788233, 462.54816385708756], [0.0, 0.0, 1.0]]], "extrinsics": [[[0.8215669393539429, -0.5700916051864624, 0.004836684092879295, -0.794189453125], [0.010076839476823807, 0.00603841058909893, -0.9999309778213501, 1.4908418655395508], [0.5700230598449707, 0.8215588927268982, 0.010705679655075073, -1.190765380859375], [0.0, 0.0, 0.0, 1.0]], [[0.00884911511093378, -0.9999595880508423, -0.0016020676121115685, 0.0096435546875], [0.01225859671831131, 0.0017104919534176588, -0.9999234080314636, 1.4827156066894531], [0.9998857378959656, 0.008828798308968544, 0.012273237109184265, -1.5264892578125], [0.0, 0.0, 0.0, 1.0]], [[-0.8445312976837158, -0.5353367328643799, -0.013470938429236412, 0.9571533203125], [0.020518649369478226, -0.007212073542177677, -0.9997634291648865, 1.4963493347167969], [0.5351130366325378, -0.844607949256897, 0.017075208947062492, -1.1910400390625], [0.0, 0.0, 0.0, 1.0]], [[0.9478715658187866, 0.31864795088768005, -0.0017562928842380643, -1.14990234375], [-0.004349641036242247, 0.007427232339978218, -0.9999629259109497, 1.5620737075805664], [-0.3186230957508087, 0.9478440284729004, 0.008426065556704998, -0.154052734375], [0.0, 0.0, 0.0, 1.0]], [[0.009580906480550766, 0.999954104423523, 2.9868910132790916e-05, -0.02911376953125], [-0.002397902775555849, 5.284579674480483e-05, -0.9999971389770508, 1.5679292678833008], [-0.9999512434005737, 0.009580777026712894, 0.002398299751803279, -0.0108642578125], [0.0, 0.0, 0.0, 1.0]], [[-0.9233989119529724, 0.3837084472179413, -0.010113206692039967, 1.05615234375], [0.0016167464200407267, -0.022459086030721664, -0.9997464418411255, 1.548025131225586], [-0.3838382363319397, -0.9231811165809631, 0.020118337124586105, -0.08559417724609375], [0.0, 0.0, 0.0, 1.0]]], "view": [[0.0, -2.0, 100.0], [-2.0, 0.0, 100.0], [0.0, 0.0, 1.0]], "bev": "bev_f6822c3263db4253ae673e5855fd3adf.png", "aux": "aux_f6822c3263db4253ae673e5855fd3adf.npz", "visibility": "visibility_f6822c3263db4253ae673e5855fd3adf.png", "pose": [[-0.5459885597229004, 0.8377926349639893, 0.0, 1742.635986328125], [-0.8377926349639893, -0.5459885597229004, 0.0, 1070.532958984375], [0.0, 0.0, 1.0, 0.0], [0.0, 0.0, 0.0, 1.0]], "pose_inverse": [[-0.5459885597229004, -0.8377926349639893, 0.0, 1848.3438720703125], [0.8377926349639893, -0.5459885597229004, 0.0, -875.4688720703125], [0.0, 0.0, 1.0, 0.0], [0.0, 0.0, 0.0, 1.0]], "cam_ids": [0, 1, 2, 3, 4, 5], "cam_channels": ["CAM_FRONT_LEFT", "CAM_FRONT", "CAM_FRONT_RIGHT", "CAM_BACK_LEFT", "CAM_BACK", "CAM_BACK_RIGHT"], "token": "f6822c3263db4253ae673e5855fd3adf", "scene": "scene-0071"}, {"images": ["samples/CAM_FRONT_LEFT/n008-2018-08-01-15-52-19-0400__CAM_FRONT_LEFT__1533153551404799.jpg", "samples/CAM_FRONT/n008-2018-08-01-15-52-19-0400__CAM_FRONT__1533153551412404.jpg", "samples/CAM_FRONT_RIGHT/n008-2018-08-01-15-52-19-0400__CAM_FRONT_RIGHT__1533153551420482.jpg", "samples/CAM_BACK_LEFT/n008-2018-08-01-15-52-19-0400__CAM_BACK_LEFT__1533153551447405.jpg", "samples/CAM_BACK/n008-2018-08-01-15-52-19-0400__CAM_BACK__1533153551437558.jpg", "samples/CAM_BACK_RIGHT/n008-2018-08-01-15-52-19-0400__CAM_BACK_RIGHT__1533153551428125.jpg"], "intrinsics": [[[1257.8625342125129, 0.0, 827.2410631095686], [0.0, 1257.8625342125129, 450.915498205774], [0.0, 0.0, 1.0]], [[1252.8131021185304, 0.0, 826.588114781398], [0.0, 1252.8131021185304, 469.9846626224581], [0.0, 0.0, 1.0]], [[1256.7485116440405, 0.0, 817.7887570959712], [0.0, 1256.7485116440403, 451.9541780095127], [0.0, 0.0, 1.0]], [[1254.9860565800168, 0.0, 829.5769333630991], [0.0, 1254.9860565800168, 467.1680561863987], [0.0, 0.0, 1.0]], [[796.8910634503094, 0.0, 857.7774326863696], [0.0, 796.8910634503094, 476.8848988407415], [0.0, 0.0, 1.0]], [[1249.9629280788233, 0.0, 825.3768045375984], [0.0, 1249.9629280788233, 462.54816385708756], [0.0, 0.0, 1.0]]], "extrinsics": [[[0.8209349513053894, -0.5710210204124451, 0.000967041589319706, -0.7840576171875], [0.01087149977684021, 0.013936269097030163, -0.9998437762260437, 1.4911274909973145], [0.5709183812141418, 0.8208171725273132, 0.017648622393608093, -1.185028076171875], [0.0, 0.0, 0.0, 1.0]], [[0.007897206582129002, -0.9999217987060547, -0.009694168344140053, 0.010498046875], [0.012615744024515152, 0.009793327189981937, -0.9998725056648254, 1.4828805923461914], [0.9998893141746521, 0.007773993071168661, 0.012692097574472427, -1.516845703125], [0.0, 0.0, 0.0, 1.0]], [[-0.8449581861495972, -0.5345356464385986, -0.017815910279750824, 0.950927734375], [0.020408881828188896, 0.0010617405641824007, -0.999791145324707, 1.4964714050292969], [0.5344429016113281, -0.8451452851295471, 0.010012147016823292, -1.1865234375], [0.0, 0.0, 0.0, 1.0]], [[0.9478729963302612, 0.3186480700969696, -0.00018620843184180558, -1.14599609375], [-0.005665621720254421, 0.016269074752926826, -0.999851644039154, 1.5620613098144531], [-0.3185977637767792, 0.947733461856842, 0.017226357012987137, -0.1553955078125], [0.0, 0.0, 0.0, 1.0]], [[0.009893371723592281, 0.999913215637207, 0.008704611100256443, -0.0291748046875], [-0.0032749513629823923, 0.008737391792237759, -0.99995642