[{"images": ["samples/CAM_FRONT_LEFT/n015-2018-10-08-15-44-23+0800__CAM_FRONT_LEFT__1538985029854844.jpg", "samples/CAM_FRONT/n015-2018-10-08-15-44-23+0800__CAM_FRONT__1538985029862460.jpg", "samples/CAM_FRONT_RIGHT/n015-2018-10-08-15-44-23+0800__CAM_FRONT_RIGHT__1538985029870339.jpg", "samples/CAM_BACK_LEFT/n015-2018-10-08-15-44-23+0800__CAM_BACK_LEFT__1538985029897423.jpg", "samples/CAM_BACK/n015-2018-10-08-15-44-23+0800__CAM_BACK__1538985029887525.jpg", "samples/CAM_BACK_RIGHT/n015-2018-10-08-15-44-23+0800__CAM_BACK_RIGHT__1538985029877893.jpg"], "intrinsics": [[[1272.5979470598488, 0.0, 826.6154927353808], [0.0, 1272.5979470598488, 479.75165386361925], [0.0, 0.0, 1.0]], [[1266.417203046554, 0.0, 816.2670197447984], [0.0, 1266.417203046554, 491.50706579294757], [0.0, 0.0, 1.0]], [[1260.8474446004698, 0.0, 807.968244525554], [0.0, 1260.8474446004698, 495.3344268742088], [0.0, 0.0, 1.0]], [[1256.7414812095406, 0.0, 792.1125740759628], [0.0, 1256.7414812095406, 492.7757465151356], [0.0, 0.0, 1.0]], [[809.2209905677063, 0.0, 829.2196003259838], [0.0, 809.2209905677063, 481.77842384512485], [0.0, 0.0, 1.0]], [[1259.5137405846733, 0.0, 807.2529053838625], [0.0, 1259.5137405846733, 501.19579884916527], [0.0, 0.0, 1.0]]], "extrinsics": [[[0.818410336971283, -0.5738192796707153, 0.030593208968639374, -0.8023681640625], [0.02664758823812008, -0.015283753164112568, -0.9995279908180237, 1.5135440826416016], [0.5740160942077637, 0.8188393115997314, 0.0027825203724205494, -1.1673583984375], [0.0, 0.0, 0.0, 1.0]], [[0.002551027573645115, -0.999811053276062, 0.019270312041044235, 0.0062255859375], [0.02147621475160122, -0.01921115815639496, -0.9995847940444946, 1.5240306854248047], [0.9997661113739014, 0.0029638060368597507, 0.02142314799129963, -1.5301513671875], [0.0, 0.0, 0.0, 1.0]], [[-0.8337664008140564, -0.5516903400421143, -0.021710624918341637, 0.9283447265625], [0.027285512536764145, -0.0018982385518029332, -0.9996258616447449, 1.5070610046386719], [0.5514426827430725, -0.8340469002723694, 0.016635842621326447, -1.1794586181640625], [0.0, 0.0, 0.0, 1.0]], [[0.9474220275878906, 0.31906306743621826, 0.024293949827551842, -1.139404296875], [0.03632364422082901, -0.03180626779794693, -0.9988337755203247, 1.5886688232421875], [-0.31791824102401733, 0.9471996426582336, -0.04172349348664284, -0.104583740234375], [0.0, 0.0, 0.0, 1.0]], [[0.0037063993513584137, 0.9997532963752747, -0.02190185710787773, 0.0029296875], [0.010742977261543274, -0.021940551698207855, -0.9997015595436096, 1.5798732042312622], [-0.9999353885650635, 0.0034699821844697, -0.010821647942066193, -0.045654296875], [0.0, 0.0, 0.0, 1.0]], [[-0.933441162109375, 0.3561636805534363, -0.042836613953113556, 1.051513671875], [0.043248534202575684, -0.006810297258198261, -0.9990411400794983, 1.5553703308105469], [-0.35611388087272644, -0.9343987703323364, -0.00904654711484909, -0.095458984375], [0.0, 0.0, 0.0, 1.0]]], "view": [[0.0, -2.0, 100.0], [-2.0, 0.0, 100.0], [0.0, 0.0, 1.0]], "bev": "bev_e57fa7124f6741e697b1841bc023a90f.png", "aux": "aux_e57fa7124f6741e697b1841bc023a90f.npz", "visibility": "visibility_e57fa7124f6741e697b1841bc023a90f.png", "pose": [[0.7265137434005737, -0.6871519684791565, 0.0, 582.4796752929688], [0.6871519684791565, 0.7265137434005737, 0.0, 1778.524658203125], [0.0, 0.0, 1.0, 0.0], [0.0, 0.0, 0.0, 1.0]], "pose_inverse": [[0.7265137434005737, 0.6871519684791565, 0.0, -1645.296142578125], [-0.6871519684791565, 0.7265137434005737, 0.0, -891.8705444335938], [0.0, 0.0, 1.0, 0.0], [0.0, 0.0, 0.0, 1.0]], "cam_ids": [0, 1, 2, 3, 4, 5], "cam_channels": ["CAM_FRONT_LEFT", "CAM_FRONT", "CAM_FRONT_RIGHT", "CAM_BACK_LEFT", "CAM_BACK", "CAM_BACK_RIGHT"], "token": "e57fa7124f6741e697b1841bc023a90f", "scene": "scene-0930"}, {"images": ["samples/CAM_FRONT_LEFT/n015-2018-10-08-15-44-23+0800__CAM_FRONT_LEFT__1538985030354844.jpg", "samples/CAM_FRONT/n015-2018-10-08-15-44-23+0800__CAM_FRONT__1538985030362460.jpg", "samples/CAM_FRONT_RIGHT/n015-2018-10-08-15-44-23+0800__CAM_FRONT_RIGHT__1538985030370339.jpg", "samples/CAM_BACK_LEFT/n015-2018-10-08-15-44-23+0800__CAM_BACK_LEFT__1538985030397423.jpg", "samples/CAM_BACK/n015-2018-10-08-15-44-23+0800__CAM_BACK__1538985030387525.jpg", "samples/CAM_BACK_RIGHT/n015-2018-10-08-15-44-23+0800__CAM_BACK_RIGHT__1538985030377893.jpg"], "intrinsics": [[[1272.5979470598488, 0.0, 826.6154927353808], [0.0, 1272.5979470598488, 479.75165386361925], [0.0, 0.0, 1.0]], [[1266.417203046554, 0.0, 816.2670197447984], [0.0, 1266.417203046554, 491.50706579294757], [0.0, 0.0, 1.0]], [[1260.8474446004698, 0.0, 807.968244525554], [0.0, 1260.8474446004698, 495.3344268742088], [0.0, 0.0, 1.0]], [[1256.7414812095406, 0.0, 792.1125740759628], [0.0, 1256.7414812095406, 492.7757465151356], [0.0, 0.0, 1.0]], [[809.2209905677063, 0.0, 829.2196003259838], [0.0, 809.2209905677063, 481.77842384512485], [0.0, 0.0, 1.0]], [[1259.5137405846733, 0.0, 807.2529053838625], [0.0, 1259.5137405846733, 501.19579884916527], [0.0, 0.0, 1.0]]], "extrinsics": [[[0.8177215456962585, -0.5747473239898682, 0.03157651424407959, -0.80670166015625], [0.03278377652168274, -0.008265304379165173, -0.9994282722473145, 1.5145683288574219], [0.5746797323226929, 0.8182892799377441, 0.012083669193089008, -1.17041015625], [0.0, 0.0, 0.0, 1.0]], [[0.0017151889624074101, -0.9999183416366577, 0.012658989056944847, 0.00628662109375], [0.02766990475356579, -0.012606705538928509, -0.9995376467704773, 1.5249366760253906], [0.9996156692504883, 0.002064725384116173, 0.027646025642752647, -1.5335693359375], [0.0, 0.0, 0.0, 1.0]], [[-0.8339360952377319, -0.5510267615318298, -0.03033173829317093, 0.929443359375], [0.03355323150753975, 0.004234156105667353, -0.9994279742240906, 1.5077896118164062], [0.5508400201797485, -0.8344768285751343, 0.014957712963223457, -1.1800689697265625], [0.0, 0.0, 0.0, 1.0]], [[0.9472324252128601, 0.3189311921596527, 0.03214767575263977, -1.140869140625], [0.04299025982618332, -0.027013864368200302, -0.9987102150917053, 1.5886192321777344], [-0.3176513612270355, 0.9473928213119507, -0.03929934650659561, -0.104156494140625], [0.0, 0.0, 0.0, 1.0]], [[0.0040783933363854885, 0.9998525381088257, -0.0166830662637949, 0.002685546875], [0.01726049743592739, -0.016751103103160858, -0.9997106790542603, 1.5801677703857422], [-0.9998427033424377, 0.003789290087297559, -0.017326271161437035, -0.044921875], [0.0, 0.0, 0.0, 1.0]], [[-0.9329963326454163, 0.35683611035346985, -0.04675263166427612, 1.05224609375], [0.049614667892456055, -0.001134196761995554, -0.9987677931785583, 1.555908203125], [-0.3564494848251343, -0.9341662526130676, -0.016646109521389008, -0.0950927734375], [0.0, 0.0, 0.0, 1.0]]], "view": [[0.0, -2.0, 100.0], [-2.0, 0.0, 100.0], [0.0, 0.0, 1.0]], "bev": "bev_9f6df3e551884233bb31cd0d1aa864b4.png", "aux": "aux_9f6df3e551884233bb31cd0d1aa864b4.npz", "visibility": "visibility_9f6df3e551884233bb31cd0d1aa864b4.png", "pose": [[0.6935597658157349, -0.7203990817070007, 0.0, 584.1142578125], [0.7203990817070007, 0.6935597658157349, 0.0, 1780.1280517578125], [0.0, 0.0, 1.0, 0.0], [0.0, 0.0, 0.0, 1.0]], "pose_inverse": [[0.6935597658157349, 0.7203990817070007, 0.0, -1687.520751953125], [-0.7203990817070007, 0.6935597658157349, 0.0, -813.829833984375], [0.0, 0.0, 1.0, 0.0], [0.0, 0.0, 0.0, 1.0]], "cam_ids": [0, 1, 2, 3, 4, 5], "cam_channels": ["CAM_FRONT_LEFT", "CAM_FRONT", "CAM_FRONT_RIGHT", "CAM_BACK_LEFT", "CAM_BACK", "CAM_BACK_RIGHT"], "token": "9f6df3e551884233bb31cd0d1aa864b4", "scene": "scene-0930"}, {"images": ["samples/CAM_FRONT_LEFT/n015-2018-10-08-15-44-23+0800__CAM_FRONT_LEFT__1538985030854844.jpg", "samples/CAM_FRONT/n015-2018-10-08-15-44-23+0800__CAM_FRONT__1538985030862460.jpg", "samples/CAM_FRONT_RIGHT/n015-2018-10-08-15-44-23+0800__CAM_FRONT_RIGHT__1538985030870339.jpg", "samples/CAM_BACK_LEFT/n015-2018-10-08-15-44-23+0800__CAM_BACK_LEFT__1538985030897423.jpg", "samples/CAM_BACK/n015-2018-10-08-15-44-23+0800__CAM_BACK__1538985030887525.jpg", "samples/CAM_BACK_RIGHT/n015-2018-10-08-15-44-23+0800__CAM_BACK_RIGHT__1538985030877893.jpg"], "intrinsics": [[[1272.5979470598488, 0.0, 826.6154927353808], [0.0, 1272.5979470598488, 479.75165386361925], [0.0, 0.0, 1.0]], [[1266.417203046554, 0.0, 816.2670197447984], [0.0, 1266.417203046554, 491.50706579294757], [0.0, 0.0, 1.0]], [[1260.8474446004698, 0.0, 807.968244525554], [0.0, 1260.8474446004698, 495.3344268742088], [0.0, 0.0, 1.0]], [[1256.7414812095406, 0.0, 792.1125740759628], [0.0, 1256.7414812095406, 492.7757465151356], [0.0, 0.0, 1.0]], [[809.2209905677063, 0.0, 829.2196003259838], [0.0, 809.2209905677063, 481.77842384512485], [0.0, 0.0, 1.0]], [[1259.5137405846733, 0.0, 807.2529053838625], [0.0, 1259.5137405846733, 501.19579884916527], [0.0, 0.0, 1.0]]], "extrinsics": [[[0.8173815608024597, -0.5754815936088562, 0.02661321870982647, -0.7904052734375], [0.033272407948970795, 0.001038757967762649, -0.9994457960128784, 1.5153121948242188], [0.5751349925994873, 0.81781405210495, 0.01999671943485737, -1.15966796875], [0.0, 0.0, 0.0, 1.0]], [[0.001319082104600966, -0.9999942779541016, 0.003080385271459818, 0.00677490234375], [0.02807353436946869, -0.0030421437695622444, -0.9996012449264526, 1.5254554748535156], [0.9996048808097839, 0.0014050251338630915, 0.028069360181689262, -1.517333984375], [0.0, 0.0, 0.0, 1.0]], [[-0.8340429663658142, -0.5505219101905823, -0.036026548594236374, 0.9190673828125], [0.0338626429438591, 0.01409463956952095, -0.9993270635604858, 1.5082550048828125], [0.5506591796875, -0.8347017168998718, 0.006886590272188187, -1.172943115234375], [0.0, 0.0, 0.0, 1.0]], [[0.9472299218177795, 0.31862568855285645, 0.03511476889252663, -1.1378173828125], [0.04262565076351166, -0.01662859320640564, -0.9989526867866516, 1.5887527465820312], [-0.3177080750465393, 0.9477347135543823, -0.029332730919122696, -0.1052093505859375], [0.0, 0.0, 0.0, 1.0]], [[0.0040887510403990746, 0.9999714493751526, -0.006348637398332357, 0.00274658203125], [0.0172200296074152, -0.006418156903237104, -0.9998311400413513, 1.5802631378173828], [-0.9998432993888855, 0.003978687804192305, -0.017245782539248466, -0.051025390625], [0.0, 0.0, 0.0, 1.0]], [[-0.9329468607902527, 0.3574005961418152, -0.04330025240778923, 1.0430908203125], [0.049790848046541214, 0.008974279277026653, -0.9987193942070007, 1.5564117431640625], [-0.3565542697906494, -0.9339081048965454, -0.02616780437529087, -0.0985107421875], [0.0, 0.0, 0.0, 1.0]]], "view": [[0.0, -2.0, 100.0], [-2.0, 0.0, 100.0], [0.0, 0.0, 1.0]], "bev": "bev_ee81134b6b24406995723630e2cee714.png", "aux": "aux_ee81134b6b24406995723630e2cee714.npz", "visibility": "visibility_ee81134b6b24406995723630e2cee714.png", "pose": [[0.6523601412773132, -0.7579091191291809, 0.0, 585.7285766601562], [0.7579091191291809, 0.6523601412773132, 0.0, 1781.8875732421875], [0.0, 0.0, 1.0, 0.0], [0.0, 0.0, 0.0, 1.0]], "pose_inverse": [[0.6523601412773132, 0.7579091191291809, 0.0, -1732.6148681640625], [-0.7579091191291809, 0.6523601412773132, 0.0, -718.50341796875], [0.0, 0.0, 1.0, 0.0], [0.0, 0.0, 0.0, 1.0]], "cam_ids": [0, 1, 2, 3, 4, 5], "cam_channels": ["CAM_FRONT_LEFT", "CAM_FRONT", "CAM_FRONT_RIGHT", "CAM_BACK_LEFT", "CAM_BACK", "CAM_BACK_RIGHT"], "token": "ee81134b6b24406995723630e2cee714", "scene": "scene-0930"}, {"images": ["samples/CAM_FRONT_LEFT/n015-2018-10-08-15-44-23+0800__CAM_FRONT_LEFT__1538985031354844.jpg", "samples/CAM_FRONT/n015-2018-10-08-15-44-23+0800__CAM_FRONT__1538985031362460.jpg", "samples/CAM_FRONT_RIGHT/n015-2018-10-08-15-44-23+0800__CAM_FRONT_RIGHT__1538985031370339.jpg", "samples/CAM_BACK_LEFT/n015-2018-10-08-15-44-23+0800__CAM_BACK_LEFT__1538985031397423.jpg", "samples/CAM_BACK/n015-2018-10-08-15-44-23+0800__CAM_BACK__1538985031387525.jpg", "samples/CAM_BACK_RIGHT/n015-2018-10-08-15-44-23+0800__CAM_BACK_RIGHT__1538985031377893.jpg"], "intrinsics": [[[1272.5979470598488, 0.0, 826.6154927353808], [0.0, 1272.5979470598488, 479.75165386361925], [0.0, 0.0, 1.0]], [[1266.417203046554, 0.0, 816.2670197447984], [0.0, 1266.417203046554, 491.50706579294757], [0.0, 0.0, 1.0]], [[1260.8474446004698, 0.0, 807.968244525554], [0.0, 1260.8474446004698, 495.3344268742088], [0.0, 0.0, 1.0]], [[1256.7414812095406, 0.0, 792.1125740759628], [0.0, 1256.7414812095406, 492.7757465151356], [0.0, 0.0, 1.0]], [[809.2209905677063, 0.0, 829.2196003259838], [0.0, 809.2209905677063, 481.77842384512485], [0.0, 0.0, 1.0]], [[1259.5137405846733, 0.0, 807.2529053838625], [0.0, 1259.5137405846733, 501.19579884916527], [0.0, 0.0, 1.0]]], "extrinsics": [[[0.8176038861274719, -0.5749250650405884, 0.03138560429215431, -0.7711181640625], [0.03996720537543297, 0.0022905596997588873, -0.999198317527771, 1.5176239013671875], [0.5743922591209412, 0.8182028532028198, 0.024850916117429733, -1.14794921875], [0.0, 0.0, 0.0, 1.0]], [[0.001971305115148425, -0.9999963045120239, 0.0019042941275984049, 0.008056640625], [0.034675247967243195, -0.0018347976729273796, -0.9993969202041626, 1.5272598266601562], [0.9993967413902283, 0.0020360962953418493, 0.03467149659991264, -1.4984130859375], [0.0, 0.0, 0.0, 1.0]], [[-0.8334530591964722, -0.5509865880012512, -0.0420677624642849, 0.9073486328125], [0.04032566025853157, 0.015280014835298061, -0.9990696907043457, 1.5097198486328125], [0.5511168241500854, -0.834374189376831, 0.009483723901212215, -1.163421630859375], [0.0, 0.0, 0.0, 1.0]], [[0.9470227956771851, 0.3185386061668396, 0.04099855571985245, -1.1380615234375], [0.048381492495536804, -0.015296850353479385, -0.9987117648124695, 1.5887680053710938], [-0.31750115752220154, 0.9477865099906921, -0.029897836968302727, -0.10517120361328125], [0.0, 0.0, 0.0, 1.0]], [[0.003914183005690575, 0.9999793767929077, -0.005098398309201002, 0.0023193359375], [0.02324872836470604, -0.005188057664781809, -0.9997162818908691, 1.5807151794433594], [-0.9997221231460571, 0.0037945155054330826, -0.023268550634384155, -0.056396484375], [0.0, 0.0, 0.0, 1.0]], [[-0.9328169226646423, 0.35703885555267334, -0.048743538558483124, 1.0325927734375], [0.056061506271362305, 0.010169095359742641, -0.9983755350112915, 1.5576248168945312], [-0.35596317052841187, -0.9340341687202454, -0.02950204163789749, -0.101318359375], [0.0, 0.0, 0.0, 1.0]]], "view": [[0.0, -2.0, 100.0], [-2.0, 0.0, 100.0], [0.0, 0.0, 1.0]], "bev": "bev_770e9c5da527420594a50b6ea1408f42.png", "aux": "aux_770e9c5da527420594a50b6ea1408f42.npz", "visibility": "visibility_770e9c5da527420594a50b6ea1408f42.png", "pose": [[0.6118332147598267, -0.7909868359565735, 0.0, 587.3468627929688], [0.7909868359565735, 0.6118332147598267, 0.0, 1783.8414306640625], [0.0, 0.0, 1.0, 0.0], [0.0, 0.0, 0.0, 1.0]], "pose_inverse": [[0.6118332147598267, 0.7909868359565735, 0.0, -1770.3533935546875], [-0.7909868359565735, 0.6118332147598267, 0.0, -626.8297729492188], [0.0, 0.0, 1.0, 0.0], [0.0, 0.0, 0.0, 1.0]], "cam_ids": [0, 1, 2, 3, 4, 5], "cam_channels": ["CAM_FRONT_LEFT", "CAM_FRONT", "CAM_FRONT_RIGHT", "CAM_BACK_LEFT", "CAM_BACK", "CAM_BACK_RIGHT"], "token": "770e9c5da527420594a50b6ea1408f42", "scene": "scene-0930"}, {"images": ["samples/CAM_FRONT_LEFT/n015-2018-10-08-15-44-23+0800__CAM_FRONT_LEFT__1538985031854844.jpg", "samples/CAM_FRONT/n015-2018-10-08-15-44-23+0800__CAM_FRONT__1538985031862460.jpg", "samples/CAM_FRONT_RIGHT/n015-2018-10-08-15-44-23+0800__CAM_FRONT_RIGHT__1538985031870339.jpg", "samples/CAM_BACK_LEFT/n015-2018-10-08-15-44-23+0800__CAM_BACK_LEFT__1538985031897423.jpg", "samples/CAM_BACK/n015-2018-10-08-15-44-23+0800__CAM_BACK__1538985031887525.jpg", "samples/CAM_BACK_RIGHT/n015-2018-10-08-15-44-23+0800__CAM_BACK_RIGHT__1538985031877893.jpg"], "intrinsics": [[[1272.5979470598488, 0.0, 826.6154927353808], [0.0, 1272.5979470598488, 479.75165386361925], [0.0, 0.0, 1.0]], [[1266.417203046554, 0.0, 816.2670197447984], [0.0, 1266.417203046554, 491.50706579294757], [0.0, 0.0, 1.0]], [[1260.8474446004698, 0.0, 807.968244525554], [0.0, 1260.8474446004698, 495.3344268742088], [0.0, 0.0, 1.0]], [[1256.7414812095406, 0.0, 792.1125740759628], [0.0, 1256.7414812095406, 492.7757465151356], [0.0, 0.0, 1.0]], [[809.2209905677063, 0.0, 829.2196003259838], [0.0, 809.2209905677063, 481.77842384512485], [0.0, 0.0, 1.0]], [[1259.5137405846733, 0.0, 807.2529053838625], [0.0, 1259.5137405846733, 501.19579884916527], [0.0, 0.0, 1.0]]], "extrinsics": [[[0.8189830183982849, -0.5737751722335815, 0.006991572678089142, -0.7640380859375], [0.025337327271699905, 0.0239876601845026, -0.9993911385536194, 1.5143623352050781], [0.5732580423355103, 0.8186614513397217, 0.03418341279029846, -1.1427001953125], [0.0, 0.0, 0.0, 1.0]], [[0.003428738098591566, -0.9998000860214233, -0.019698701798915863, 0.0076904296875], [0.020655440166592598, 0.019765425473451614, -0.9995912909507751, 1.5246391296386719], [0.9997807145118713, 0.0030204541981220245, 0.020719079300761223, -1.491943359375], [0.0, 0.0, 0.0, 1.0]], [[-0.8333331942558289, -0.5511079430580139, -0.04284719377756119, 0.9033203125], [0.027017835527658463, 0.03681245818734169, -0.9989568591117859, 1.5077972412109375], [0.5521103739738464, -0.8336215019226074, -0.01578729785978794, -1.16156005859375], [0.0, 0.0, 0.0, 1.0]], [[0.9471718072891235, 0.3184272348880768, 0.038335010409355164, -1.138427734375], [0.03846230357885361, 0.0058900886215269566, -0.9992426633834839, 1.5887069702148438], [-0.3184119164943695, 0.9479289650917053, -0.00666852155700326, -0.10495758056640625], [0.0, 0.0, 0.0, 1.0]], [[0.0030254086013883352, 0.9998640418052673, 0.016207335516810417, 0.00244140625], [0.011985350400209427, 0.016169987618923187, -0.9997974038124084, 1.5800628662109375], [-0.999923586845398, 0.0032190328929573298, -0.011934798210859299, -0.057373046875], [0.0, 0.0, 0.0, 1.0]], [[-0.9336937665939331, 0.35685640573501587, -0.029486266896128654, 1.0302734375], [0.04362912476062775, 0.03164532035589218, -0.9985464811325073, 1.5563583374023438], [-0.3554045855998993, -0.9336230754852295, -0.045116376131772995, -0.1029052734375], [0.0, 0.0, 0.0, 1.0]]], "view": [[0.0, -2.0, 100.0], [-2.0, 0.0, 100.0], [0.0, 0.0, 1.0]], "bev": "bev_36648b9ce44d4266a9c1987eafb2bed6.png", "aux": "aux_36648b9ce44d4266a9c1987eafb2bed6.npz", "visibility": "visibility_36648b9ce44d4266a9c1987eafb2bed6.png", "pose": [[0.5811164975166321, -0.8138203620910645, 0.0, 589.0145874023438], [0.8138203620910645, 0.5811164975166321, 0.0, 1786.0447998046875], [0.0, 0.0, 1.0, 0.0], [0.0, 0.0, 0.0, 1.0]], "pose_inverse": [[0.5811164975166321, 0.8138203620910645, 0.0, -1795.8057861328125], [-0.8138203620910645, 0.5811164975166321, 0.0, -558.5480346679688], [0.0, 0.0, 1.0, 0.0], [0.0, 0.0, 0.0, 1.0]], "cam_ids": [0, 1, 2, 3, 4, 5], "cam_channels": ["CAM_FRONT_LEFT", "CAM_FRONT", "CAM_FRONT_RIGHT", "CAM_BACK_LEFT", "CAM_BACK", "CAM_BACK_RIGHT"], "token": "36648b9ce44d4266a9c1987eafb2bed6", "scene": "scene-0930"}, {"images": ["samples/CAM_FRONT_LEFT/n015-2018-10-08-15-44-23+0800__CAM_FRONT_LEFT__1538985032354844.jpg", "samples/CAM_FRONT/n015-2018-10-08-15-44-23+0800__CAM_FRONT__1538985032362460.jpg", "samples/CAM_FRONT_RIGHT/n015-2018-10-08-15-44-23+0800__CAM_FRONT_RIGHT__1538985032370339.jpg", "samples/CAM_BACK_LEFT/n015-2018-10-08-15-44-23+0800__CAM_BACK_LEFT__1538985032397423.jpg", "samples/CAM_BACK/n015-2018-10-08-15-44-23+0800__CAM_BACK__1538985032387525.jpg", "samples/CAM_BACK_RIGHT/n015-2018-10-08-15-44-23+0800__CAM_BACK_RIGHT__1538985032377893.jpg"], "intrinsics": [[[1272.5979470598488, 0.0, 826.6154927353808], [0.0, 1272.5979470598488, 479.75165386361925], [0.0, 0.0, 1.0]], [[1266.417203046554, 0.0, 816.2670197447984], [0.0, 1266.417203046554, 491.50706579294757], [0.0, 0.0, 1.0]], [[1260.8474446004698, 0.0, 807.968244525554], [0.0, 1260.8474446004698, 495.3344268742088], [0.0, 0.0, 1.0]], [[1256.7414812095406, 0.0, 792.1125740759628], [0.0, 1256.7414812095406, 492.7757465151356], [0.0, 0.0, 1.0]], [[809.2209905677063, 0.0, 829.2196003259838], [0.0, 809.2209905677063, 481.77842384512485], [0.0, 0.0, 1.0]], [[1259.5137405846733, 0.0, 807.2529053838625], [0.0, 1259.5137405846733, 501.19579884916527], [0.0, 0.0, 1.0]]], "extrinsics": [[[0.8199362754821777, -0.5724523663520813, 0.0016664762515574694, -0.7640380859375], [0.034209929406642914, 0.04609333351254463, -0.9983511567115784, 1.5164413452148438], [0.5714316964149475, 0.8186414241790771, 0.057377152144908905, -1.1434326171875], [0.0, 0.0, 0.0, 1.0]], [[0.005267374217510223, -0.9991007447242737, -0.04207082465291023, 0.008392333984375], [0.028136787936091423, 0.04220283031463623, -0.9987127780914307, 1.5260848999023438], [0.9995902180671692, 0.004076778888702393, 0.02833377942442894, -1.491943359375], [0.0, 0.0, 0.0, 1.0]], [[-0.8322049975395203, -0.551166832447052, -0.06041471287608147, 0.9031982421875], [0.033017463982105255, 0.059505313634872437, -0.997681736946106, 1.5087051391601562], [0.5534840822219849, -0.8322705626487732, -0.03132249042391777, -1.16058349609375], [0.0, 0.0, 0.0, 1.0]], [[0.9468215703964233, 0.31832021474838257, 0.04691677540540695, -1.1392822265625], [0.03958592191338539, 0.02946344204246998, -0.998781681060791, 1.5886764526367188], [-0.3193146884441376, 0.9475252032279968, 0.015295621007680893, -0.10480499267578125], [0.0, 0.0, 0.0, 1.0]], [[0.0018570045940577984, 0.9992205500602722, 0.03943336382508278, 0.002197265625], [0.014876811765134335, 0.03940146043896675, -0.9991127252578735, 1.5802116394042969], [-0.9998875856399536, 0.00244203582406044, -0.014792044647037983, -0.05712890625], [0.0, 0.0, 0.0, 1.0]], [[-0.9340323209762573, 0.35626447200775146, -0.025678813457489014, 1.0294189453125], [0.04823702946305275, 0.05457838252186775, -0.9973436594009399, 1.5568618774414062], [-0.35391658544540405, -0.9327898621559143, -0.06816311180591583, -0.102783203125], [0.0, 0.0, 0.0, 1.0]]], "view": [[0.0, -2.0, 100.0], [-2.0, 0.0, 100.0], [0.0, 0.0, 1.0]], "bev": "bev_08e65feb66274af8bd1a429919e2b192.png", "aux": "aux_08e65feb66274af8bd1a429919e2b192.npz", "visibility": "visibility_08e65feb66274af8bd1a429919e2b192.png", "pose": [[0.5550694465637207, -0.8318040370941162, 0.0, 590.6007690429688], [0.8318040370941162, 0.5550694465637207, 0.0, 1788.3115234375], [0.0, 0.0, 1.0, 0.0], [0.0, 0.0, 0.0, 1.0]], "pose_inverse": [[0.5550694465637207, 0.8318040370941162, 0.0, -1815.34912109375], [-0.8318040370941162, 0.5550694465637207, 0.0, -501.37298583984375], [0.0, 0.0, 1.0, 0.0], [0.0, 0.0, 0.0, 1.0]], "cam_ids": [0, 1, 2, 3, 4, 5], "cam_channels": ["CAM_FRONT_LEFT", "CAM_FRONT", "CAM_FRONT_RIGHT", "CAM_BACK_LEFT", "CAM_BACK", "CAM_BACK_RIGHT"], "token": "08e65feb66274af8bd1a429919e2b192", "scene": "scene-0930"}, {"images": ["samples/CAM_FRONT_LEFT/n015-2018-10-08-15-44-23+0800__CAM_FRONT_LEFT__1538985032854844.jpg", "samples/CAM_FRONT/n015-2018-10-08-15-44-23+0800__CAM_FRONT__1538985032862460.jpg", "samples/CAM_FRONT_RIGHT/n015-2018-10-08-15-44-23+0800__CAM_FRONT_RIGHT__1538985032870339.jpg", "samples/CAM_BACK_LEFT/n015-2018-10-08-15-44-23+0800__CAM_BACK_LEFT__1538985032897423.jpg", "samples/CAM_BACK/n015-2018-10-08-15-44-23+0800__CAM_BACK__1538985032887525.jpg", "samples/CAM_BACK_RIGHT/n015-2018-10-08-15-44-23+0800__CAM_BACK_RIGHT__1538985032877893.jpg"], "intrinsics": [[[1272.5979470598488, 0.0, 826.6154927353808], [0.0, 1272.5979470598488, 479.75165386361925], [0.0, 0.0, 1.0]], [[1266.417203046554, 0.0, 816.2670197447984], [0.0, 1266.417203046554, 491.50706579294757], [0.0, 0.0, 1.0]], [[1260.8474446004698, 0.0, 807.968244525554], [0.0, 1260.8474446004698, 495.3344268742088], [0.0, 0.0, 1.0]], [[1256.7414812095406, 0.0, 792.1125740759628], [0.0, 1256.7414812095406, 492.7757465151356], [0.0, 0.0, 1.0]], [[809.2209905677063, 0.0, 829.2196003259838], [0.0, 809.2209905677063, 481.77842384512485], [0.0, 0.0, 1.0]], [[1259.5137405846733, 0.0, 807.2529053838625], [0.0, 1259.5137405846733, 501.19579884916527], [0.0, 0.0, 1.0]]], "extrinsics": [[[0.8203539848327637, -0.5715885162353516, -0.017491385340690613, -0.7628173828125], [0.019674718379974365, 0.058780018240213394, -0.9980770349502563, 1.5129318237304688], [0.5715175271034241, 0.8184323310852051, 0.05946626886725426, -1.14208984375], [0.0, 0.0, 0.0, 1.0]], [[0.005500452592968941, -0.9984798431396484, -0.05484180524945259, 0.007720947265625], [0.014325288124382496, 0.054915688931941986, -0.9983882308006287, 1.5233154296875], [0.999882161617279, 0.004705970641225576, 0.014605572447180748, -1.491943359375], [0.0, 0.0, 0.0, 1.0]], [[-0.8324900269508362, -0.5511466264724731, -0.05654805153608322, 0.904541015625], [0.019880343228578568, 0.07228335738182068, -0.9971859455108643, 1.5066299438476562], [0.5536832213401794, -0.8312715291976929, -0.04921818897128105, -1.162353515625], [0.0, 0.0, 0.0, 1.0]], [[0.9470431208610535, 0.31853535771369934, 0.04055367037653923, -1.1424560546875], [0.02841344103217125, 0.04266903176903725, -0.9986851215362549, 1.5885467529296875], [-0.31984689831733704, 0.9469501376152039, 0.03135872632265091, -0.1036834716796875], [0.0, 0.0, 0.0, 1.0]], [[0.0015271995216608047, 0.9986246228218079, 0.05240780860185623, 0.00250244140625], [0.003050515428185463, 0.05240296944975853, -0.99862140417099, 1.5795059204101562], [-0.999994158744812, 0.0016849659150466323, -0.002966290805488825, -0.0543212890625], [0.0, 0.0, 0.0, 1.0]], [[-0.9345616698265076, 0.35567665100097656, -0.00941008236259222, 1.0322265625], [0.03571153059601784, 0.0674545019865036, -0.9970830082893372, 1.5553665161132812], [-0.35400453209877014, -0.932171642780304, -0.07574216276407242, -0.102294921875], [0.0, 0.0, 0.0, 1.0]]], "view": [[0.0, -2.0, 100.0], [-2.0, 0.0, 100.0], [0.0, 0.0, 1.0]], "bev": "bev_09b85d87b18b4d7db466997161867f09.png", "aux": "aux_09b85d87b18b4d7db466997161867f09.npz", "visibility": "visibility_09b85d87b18b4d7db466997161867f09.png", "pose": [[0.533602237701416, -0.8457355499267578, 0.0, 592.1654052734375], [0.8457355499267578, 0.533602237701416, 0.0, 1790.682861328125], [0.0, 0.0, 1.0, 0.0], [0.0, 0.0, 0.0, 1.0]], "pose_inverse": [[0.533602237701416, 0.8457355499267578, 0.0, -1830.4249267578125], [-0.8457355499267578, 0.533602237701416, 0.0, -454.697021484375], [0.0, 0.0, 1.0, 0.0], [0.0, 0.0, 0.0, 1.0]], "cam_ids": [0, 1, 2, 3, 4, 5], "cam_channels": ["CAM_FRONT_LEFT", "CAM_FRONT", "CAM_FRONT_RIGHT", "CAM_BACK_LEFT", "CAM_BACK", "CAM_BACK_RIGHT"], "token": "09b85d87b18b4d7db466997161867f09", "scene": "scene-0930"}, {"images": ["samples/CAM_FRONT_LEFT/n015-2018-10-08-15-44-23+0800__CAM_FRONT_LEFT__1538985033354844.jpg", "samples/CAM_FRONT/n015-2018-10-08-15-44-23+0800__CAM_FRONT__1538985033362460.jpg", "samples/CAM_FRONT_RIGHT/n015-2018-10-08-15-44-23+0800__CAM_FRONT_RIGHT__1538985033370339.jpg", "samples/CAM_BACK_LEFT/n015-2018-10-08-15-44-23+0800__CAM_BACK_LEFT__1538985033397423.jpg", "samples/CAM_BACK/n015-2018-10-08-15-44-23+0800__CAM_BACK__1538985033387537.jpg", "samples/CAM_BACK_RIGHT/n015-2018-10-08-15-44-23+0800__CAM_BACK_RIGHT__1538985033377893.jpg"], "intrinsics": [[[1272.5979470598488, 0.0, 826.6154927353808], [0.0, 1272.5979470598488, 479.75165386361925], [0.0, 0.0, 1.0]], [[1266.417203046554, 0.0, 816.2670197447984], [0.0, 1266.417203046554, 491.50706579294757], [0.0, 0.0, 1.0]], [[1260.8474446004698, 0.0, 807.968244525554], [0.0, 1260.8474446004698, 495.3344268742088], [0.0, 0.0, 1.0]], [[1256.7414812095406, 0.0, 792.1125740759628], [0.0, 1256.7414812095406, 492.7757465151356], [0.0, 0.0, 1.0]], [[809.2209905677063, 0.0, 829.2196003259838], [0.0, 809.2209905677063, 481.77842384512485], [0.0, 0.0, 1.0]], [[1259.5137405846733, 0.0, 807.2529053838625], [0.0, 1259.5137405846733, 501.19579884916527], [0.0, 0.0, 1.0]]], "extrinsics": [[[0.8203145861625671, -0.5712988376617432, -0.02648785337805748, -0.770263671875], [0.014296830631792545, 0.06678448617458344, -0.9976649880409241, 1.5114784240722656], [0.5717337727546692, 0.8180204033851624, 0.06295204907655716, -1.1473388671875], [0.0, 0.0, 0.0, 1.0]], [[0.005333962384611368, -0.9980143904685974, -0.06275944411754608, 0.007598876953125], [0.008891469798982143, 0.0628051906824112, -0.9979862570762634, 1.52215576171875], [0.9999461770057678, 0.004765207413583994, 0.009208816103637218, -1.49853515625], [0.0, 0.0, 0.0, 1.0]], [[-0.8327056169509888, -0.5508493185043335, -0.05627071484923363, 0.9075927734375], [0.014414018020033836, 0.08002505451440811, -0.9966886043548584, 1.5057373046875], [0.5535282492637634, -0.8307592868804932, -0.05869736522436142, -1.164794921875], [0.0, 0.0, 0.0, 1.0]], [[0.9471246600151062, 0.31866660714149475, 0.03750273585319519, -1.1434326171875], [0.022796258330345154, 0.04975617304444313, -0.998501181602478, 1.5885276794433594], [-0.32005494832992554, 0.9465600848197937, 0.03986089676618576, -0.1032867431640625], [0.0, 0.0, 0.0, 1.0]], [[0.0015065657207742333, 0.9982119798660278, 0.05975617468357086, 0.002593994140625], [-0.0025291796773672104, 0.05975985527038574, -0.9982095956802368, 1.5792007446289062], [-0.9999957084655762, 0.0013527926057577133, 0.002614688826724887, -0.0521240234375], [0.0, 0.0, 0.0, 1.0]], [[-0.9346764087677002, 0.355496346950531, -0.001564269419759512, 1.0350341796875], [0.03020806610584259, 0.07503768801689148, -0.9967230558395386, 1.5546646118164062], [-0.35421398282051086, -0.9316607713699341, -0.08087481558322906, -0.101318359375], [0.0, 0.0, 0.0, 1.0]]], "view": [[0.0, -2.0, 100.0], [-2.0, 0.0, 100.0], [0.0, 0.0, 1.0]], "bev": "bev_138c534bff82424ca226d8cbb283c9e1.png", "aux": "aux_138c534bff82424ca226d8cbb283c9e1.npz", "visibility": "visibility_138c534bff82424ca226d8cbb283c9e1.png", "pose": [[0.5126289129257202, -0.8586102724075317, 0.0, 593.6943969726562], [0.8586102724075317, 0.5126289129257202, 0.0, 1793.1287841796875], [0.0, 0.0, 1.0, 0.0], [0.0, 0.0, 0.0, 1.0]], "pose_inverse": [[0.5126289129257202, 0.8586102724075317, 0.0, -1843.9437255859375], [-0.8586102724075317, 0.5126289129257202, 0.0, -409.45751953125], [0.0, 0.0, 1.0, 0.0], [0.0, 0.0, 0.0, 1.0]], "cam_ids": [0, 1, 2, 3, 4, 5], "cam_channels": ["CAM_FRONT_LEFT", "CAM_FRONT", "CAM_FRONT_RIGHT", "CAM_BACK_LEFT", "CAM_BACK", "CAM_BACK_RIGHT"], "token": "138c534bff82424ca226d8cbb283c9e1", "scene": "scene-0930"}, {"images": ["samples/CAM_FRONT_LEFT/n015-2018-10-08-15-44-23+0800__CAM_FRONT_LEFT__1538985033854844.jpg", "samples/CAM_FRONT/n015-2018-10-08-15-44-23+0800__CAM_FRONT__1538985033862460.jpg", "samples/CAM_FRONT_RIGHT/n015-2018-10-08-15-44-23+0800__CAM_FRONT_RIGHT__1538985033870344.jpg", "samples/CAM_BACK_LEFT/n015-2018-10-08-15-44-23+0800__CAM_BACK_LEFT__1538985033897423.jpg", "samples/CAM_BACK/n015-2018-10-08-15-44-23+0800__CAM_BACK__1538985033887525.jpg", "samples/CAM_BACK_RIGHT/n015-2018-10-08-15-44-23+0800__CAM_BACK_RIGHT__1538985033877893.jpg"], "intrinsics": [[[1272.5979470598488, 0.0, 826.6154927353808], [0.0, 1272.5979470598488, 479.75165386361925], [0.0, 0.0, 1.0]], [[1266.417203046554, 0.0, 816.2670197447984], [0.0, 1266.417203046554, 491.50706579294757], [0.0, 0.0, 1.0]], [[1260.8474446004698, 0.0, 807.968244525554], [0.0, 1260.8474446004698, 495.3344268742088], [0.0, 0.0, 1.0]], [[1256.7414812095406, 0.0, 792.1125740759628], [0.0, 1256.7414812095406, 492.7757465151356], [0.0, 0.0, 1.0]], [[809.2209905677063, 0.0, 829.2196003259838], [0.0, 809.2209905677063, 481.77842384512485], [0.0, 0.0, 1.0]], [[1259.5137405846733, 0.0, 807.2529053838625], [0.0, 1259.5137405846733, 501.19579884916527], [0.0, 0.0, 1.0]]], "extrinsics": [[[0.8197504878044128, -0.571951150894165, -0.029683619737625122, -0.7843017578125], [0.009163194335997105, 0.06492038816213608, -0.997848391532898, 1.5102005004882812], [0.5726474523544312, 0.8177146911621094, 0.05845941975712776, -1.1552734375], [0.0, 0.0, 0.0, 1.0]], [[0.004503810778260231, -0.9981465935707092, -0.06068820133805275, 0.006866455078125], [0.003745089517906308, 0.06070522964000702, -0.9981487393379211, 1.5211505889892578], [0.9999828338623047, 0.004268184304237366, 0.004011549986898899, -1.511474609375], [0.0, 0.0, 0.0, 1.0]], [[-0.8331382274627686, -0.5507399439811707, -0.050656866282224655, 0.916015625], [0.009268328547477722, 0.07767700403928757, -0.9969354867935181, 1.5048675537109375], [0.5529870390892029, -0.8310546278953552, -0.0596112459897995, -1.1705322265625], [0.0, 0.0, 0.0, 1.0]], [[0.9473039507865906, 0.31877627968788147, 0.03157435357570648, -1.143798828125], [0.017604239284992218, 0.04661128297448158, -0.9987579584121704, 1.5885276794433594], [-0.3198520541191101, 0.9466832280158997, 0.03854323923587799, -0.103118896484375], [0.0, 0.0, 0.0, 1.0]], [[0.0019099762430414557, 0.9983786344528198, 0.05688948184251785, 0.002532958984375], [-0.007715405896306038, 0.056902602314949036, -0.9983499646186829, 1.5789546966552734], [-0.9999683499336243, 0.0014678986044600606, 0.0078115821816027164, -0.0482177734375], [0.0, 0.0, 0.0, 1.0]], [[-0.93460613489151, 0.35567623376846313, 0.0023828078992664814, 1.0419921875], [0.02503468655049801, 0.0724630057811737, -0.9970568418502808, 1.5539093017578125], [-0.35480210185050964, -0.9317958950996399, -0.07662861794233322, -0.0986328125], [0.0, 0.0, 0.0, 1.0]]], "view": [[0.0, -2.0, 100.0], [-2.0, 0.0, 100.0], [0.0, 0.0, 1.0]], "bev": "bev_670da6f8a8064f10afb05bf44436fe6b.png", "aux": "aux_670da6f8a8064f10afb05bf44436fe6b.npz", "visibility": "visibility_670da6f8a8064f10afb05bf44436fe6b.png", "pose": [[0.48801302909851074, -0.8728363513946533, 0.0, 595.0687255859375], [0.8728363513946533, 0.48801302909851074, 0.0, 1795.465087890625], [0.0, 0.0, 1.0, 0.0], [0.0, 0.0, 0.0, 1.0]], "pose_inverse": [[0.48801302909851074, 0.8728363513946533, 0.0, -1857.5484619140625], [-0.8728363513946533, 0.48801302909851074, 0.0, -356.8127136230469], [0.0, 0.0, 1.0, 0.0], [0.0, 0.0, 0.0, 1.0]], "cam_ids": [0, 1, 2, 3, 4, 5], "cam_channels": ["CAM_FRONT_LEFT", "CAM_FRONT", "CAM_FRONT_RIGHT", "CAM_BACK_LEFT", "CAM_BACK", "CAM_BACK_RIGHT"], "token": "670da6f8a8064f10afb05bf44436fe6b", "scene": "scene-0930"}, {"images": ["samples/CAM_FRONT_LEFT/n015-2018-10-08-15-44-23+0800__CAM_FRONT_LEFT__1538985034354896.jpg", "samples/CAM_FRONT/n015-2018-10-08-15-44-23+0800__CAM_FRONT__1538985034362460.jpg", "samples/CAM_FRONT_RIGHT/n015-2018-10-08-15-44-23+0800__CAM_FRONT_RIGHT__1538985034370339.jpg", "samples/CAM_BACK_LEFT/n015-2018-10-08-15-44-23+0800__CAM_BACK_LEFT__1538985034397423.jpg", "samples/CAM_BACK/n015-2018-10-08-15-44-23+0800__CAM_BACK__1538985034387525.jpg", "samples/CAM_BACK_RIGHT/n015-2018-10-08-15-44-23+0800__CAM_BACK_RIGHT__1538985034377902.jpg"], "intrinsics": [[[1272.5979470598488, 0.0, 826.6154927353808], [0.0, 1272.5979470598488, 479.75165386361925], [0.0, 0.0, 1.0]], [[1266.417203046554, 0.0, 816.2670197447984], [0.0, 1266.417203046554, 491.50706579294757], [0.0, 0.0, 1.0]], [[1260.8474446004698, 0.0, 807.968244525554], [0.0, 1260.8474446004698, 495.3344268742088], [0.0, 0.0, 1.0]], [[1256.7414812095406, 0.0, 792.1125740759628], [0.0, 1256.7414812095406, 492.7757465151356], [0.0, 0.0, 1.0]], [[809.2209905677063, 0.0, 829.2196003259838], [0.0, 809.2209905677063, 481.77842384512485], [0.0, 0.0, 1.0]], [[1259.5137405846733, 0.0, 807.2529053838625], [0.0, 1259.5137405846733, 501.19579884916527], [0.0, 0.0, 1.0]]], "extrinsics": [[[0.8198607563972473, -0.5719886422157288, -0.025636766105890274, -0.790283203125], [0.004684030078351498, 0.05147436261177063, -0.9986633062362671, 1.5091094970703125], [0.572543740272522, 0.8186448216438293, 0.044881027191877365, -1.1610107421875], [0.0, 0.0, 0.0, 1.0]], [[0.004515294451266527, -0.9988810420036316, -0.047076061367988586, 0.007843017578125], [-0.000895820208825171, 0.047072481364011765, -0.9988911151885986, 1.5202808380126953], [0.99998939037323, 0.004552481230348349, -0.0006822700379416347, -1.5174560546875], [0.0, 0.0, 0.0, 1.0]], [[-0.8332929611206055, -0.5514531135559082, -0.039015620946884155, 0.9193115234375], [0.004442008677870035, 0.06389304250478745, -0.9979468584060669, 1.504159927368164], [0.552813708782196, -0.8317553997039795, -0.05079207196831703, -1.1719970703125], [0.0, 0.0, 0.0, 1.0]], [[0.9475787878036499, 0.31878551840782166, 0.02168579399585724, -1.1416015625], [0.012033655308187008, 0.03221641480922699, -0.9994084239006042, 1.5885562896728516], [-0.3192955255508423, 0.9472792148590088, 0.026691436767578125, -0.1038818359375], [0.0, 0.0, 0.0, 1.0]], [[0.0023548256140202284, 0.9990850687026978, 0.042702946811914444, 0.002471923828125], [-0.012996147386729717, 0.04273002967238426, -0.9990021586418152, 1.5786809921264648], [-0.9999127388000488, 0.001797463628463447, 0.013084875419735909, -0.0484619140625], [0.0, 0.0, 0.0, 1.0]], [[-0.9345888495445251, 0.3557233214378357, 0.00210705422796309, 1.0435791015625], [0.02002185396850109, 0.058515191078186035, -0.9980856776237488, 1.5533638000488281], [-0.3551657199859619, -0.9327576160430908, -0.06180989369750023, -0.0977783203125], [0.0, 0.0, 0.0, 1.0]]], "view": [[0.0, -2.0, 100.0], [-2.0, 0.0, 100.0], [0.0, 0.0, 1.0]], "bev": "bev_1770f47cde1b4849a6d7dab152bf09cc.png", "aux": "aux_1770f47cde1b4849a6d7dab152bf09cc.npz", "visibility": "visibility_1770f47cde1b4849a6d7dab152bf09cc.png", "pose": [[0.46170908212661743, -0.8870313763618469, 0.0, 596.3063354492188], [0.8870313763618469, 0.46170908212661743, 0.0, 1797.7139892578125], [0.0, 0.0, 1.0, 0.0], [0.0, 0.0, 0.0, 1.0]], "pose_inverse": [[0.46170908212661743, 0.8870313763618469, 0.0, -1869.9488525390625], [-0.8870313763618469, 0.46170908212661743, 0.0, -301.0784606933594], [0.0, 0.0, 1.0, 0.0], [0.0, 0.0, 0.0, 1.0]], "cam_ids": [0, 1, 2, 3, 4, 5], "cam_channels": ["CAM_FRONT_LEFT", "CAM_FRONT", "CAM_FRONT_RIGHT", "CAM_BACK_LEFT", "CAM_BACK", "CAM_BACK_RIGHT"], "token": "1770f47cde1b4849a6d7dab152bf09cc", "scene": "scene-0930"}, {"images": ["samples/CAM_FRONT_LEFT/n015-2018-10-08-15-44-23+0800__CAM_FRONT_LEFT__1538985034854844.jpg", "samples/CAM_FRONT/n015-2018-10-08-15-44-23+0800__CAM_FRONT__1538985034862460.jpg", "samples/CAM_FRONT_RIGHT/n015-2018-10-08-15-44-23+0800__CAM_FRONT_RIGHT__1538985034870339.jpg", "samples/CAM_BACK_LEFT/n015-2018-10-08-15-44-23+0800__CAM_BACK_LEFT__1538985034897423.jpg", "samples/CAM_BACK/n015-2018-10-08-15-44-23+0800__CAM_BACK__1538985034887525.jpg", "samples/CAM_BACK_RIGHT/n015-2018-10-08-15-44-23+0800__CAM_BACK_RIGHT__1538985034877893.jpg"], "intrinsics": [[[1272.5979470598488, 0.0, 826.6154927353808], [0.0, 1272.5979470598488, 479.75165386361925], [0.0, 0.0, 1.0]], [[1266.417203046554, 0.0, 816.2670197447984], [0.0, 1266.417203046554, 491.50706579294757], [0.0, 0.0, 1.0]], [[1260.8474446004698, 0.0, 807.968244525554], [0.0, 1260.8474446004698, 495.3344268742088], [0.0, 0.0, 1.0]], [[1256.7414812095406, 0.0, 792.1125740759628], [0.0, 1256.7414812095406, 492.7757465151356], [0.0, 0.0, 1.0]], [[809.2209905677063, 0.0, 829.2196003259838], [0.0, 809.2209905677063, 481.77842384512485], [0.0, 0.0, 1.0]], [[1259.5137405846733, 0.0, 807.2529053838625], [0.0, 1259.5137405846733, 501.19579884916527], [0.0, 0.0, 1.0]]], "extrinsics": [[[0.8202539682388306, -0.5716484189033508, -0.02003585733473301, -0.806884765625], [0.00045382423559203744, 0.03567814081907272, -0.9993632435798645, 1.508270263671875], [0.571999192237854, 0.819722592830658, 0.029524562880396843, -1.1722412109375], [0.0, 0.0, 0.0, 1.0]], [[0.004965332802385092, -0.999495267868042, -0.03137702867388725, 0.00732421875], [-0.004803510848432779, 0.031353216618299484, -0.9994968771934509, 1.5197265148162842], [0.9999760985374451, 0.005113545805215836, -0.0046454076655209064, -1.5341796875], [0.0, 0.0, 0.0, 1.0]], [[-0.8332238793373108, -0.5522554516792297, -0.027418380603194237, 0.9300537109375], [0.0008746557869017124, 0.04827045649290085, -0.9988338947296143, 1.5036945343017578], [0.552935004234314, -0.8322763442993164, -0.039737068116664886, -1.1793212890625], [0.0, 0.0, 0.0, 1.0]], [[0.9476850032806396, 0.3188666105270386, 0.01473970990628004, -1.139892578125], [0.009832531213760376, 0.016993707045912743, -0.9998072385787964, 1.5885772705078125], [-0.31905561685562134, 0.947647213935852, 0.01296941563487053, -0.10455322265625], [0.0, 0.0, 0.0, 1.0]], [[0.0024980055168271065, 0.9996240735054016, 0.027302509173750877, 0.00250244140625], [-0.015709523111581802, 0.027338450774550438, -0.9995027780532837, 1.5786113739013672], [-0.9998734593391418, 0.00