[{"images": ["samples/CAM_FRONT_LEFT/n008-2018-08-28-16-57-39-0400__CAM_FRONT_LEFT__1535489931754799.jpg", "samples/CAM_FRONT/n008-2018-08-28-16-57-39-0400__CAM_FRONT__1535489931762404.jpg", "samples/CAM_FRONT_RIGHT/n008-2018-08-28-16-57-39-0400__CAM_FRONT_RIGHT__1535489931770482.jpg", "samples/CAM_BACK_LEFT/n008-2018-08-28-16-57-39-0400__CAM_BACK_LEFT__1535489931797405.jpg", "samples/CAM_BACK/n008-2018-08-28-16-57-39-0400__CAM_BACK__1535489931787558.jpg", "samples/CAM_BACK_RIGHT/n008-2018-08-28-16-57-39-0400__CAM_BACK_RIGHT__1535489931778113.jpg"], "intrinsics": [[[1257.8625342125129, 0.0, 827.2410631095686], [0.0, 1257.8625342125129, 450.915498205774], [0.0, 0.0, 1.0]], [[1252.8131021185304, 0.0, 826.588114781398], [0.0, 1252.8131021185304, 469.9846626224581], [0.0, 0.0, 1.0]], [[1256.7485116440405, 0.0, 817.7887570959712], [0.0, 1256.7485116440403, 451.9541780095127], [0.0, 0.0, 1.0]], [[1254.9860565800168, 0.0, 829.5769333630991], [0.0, 1254.9860565800168, 467.1680561863987], [0.0, 0.0, 1.0]], [[796.8910634503094, 0.0, 857.7774326863696], [0.0, 796.8910634503094, 476.8848988407415], [0.0, 0.0, 1.0]], [[1249.9629280788233, 0.0, 825.3768045375984], [0.0, 1249.9629280788233, 462.54816385708756], [0.0, 0.0, 1.0]]], "extrinsics": [[[0.8222750425338745, -0.5689888000488281, 0.010756749659776688, -0.7818603515625], [0.003551967442035675, -0.013769988901913166, -0.9998988509178162, 1.4893441200256348], [0.5690793991088867, 0.8222300410270691, -0.009301690384745598, -1.18780517578125], [0.0, 0.0, 0.0, 1.0]], [[0.009846008382737637, -0.9997919201850891, 0.017861152067780495, 0.0138397216796875], [0.0050802030600607395, -0.01781177707016468, -0.9998284578323364, 1.481393814086914], [0.9999386668205261, 0.009935030713677406, 0.004903771448880434, -1.5152587890625], [0.0, 0.0, 0.0, 1.0]], [[-0.8441706895828247, -0.5360637307167053, 0.0033918479457497597, 0.94970703125], [0.012780355289578438, -0.026450561359524727, -0.9995684027671814, 1.4953784942626953], [0.5359221696853638, -0.8437630534172058, 0.029179872944951057, -1.1822509765625], [0.0, 0.0, 0.0, 1.0]], [[0.947776734828949, 0.31851840019226074, -0.016288282349705696, -1.140380859375], [-0.013380732387304306, -0.01131437812000513, -0.9998464584350586, 1.5619964599609375], [-0.31865373253822327, 0.9478491544723511, -0.006461495067924261, -0.15777587890625], [0.0, 0.0, 0.0, 1.0]], [[0.009182753041386604, 0.9997791647911072, -0.01890604943037033, -0.03028106689453125], [-0.010879278182983398, -0.018805837258696556, -0.9997639060020447, 1.567392349243164], [-0.9998987317085266, 0.009386301040649414, 0.01070418581366539, -0.0205078125], [0.0, 0.0, 0.0, 1.0]], [[-0.9236955046653748, 0.38299721479415894, -0.00998262595385313, 1.045654296875], [-0.006406185682862997, -0.04149165749549866, -0.9991182684898376, 1.5471701622009277], [-0.38307371735572815, -0.9228172302246094, 0.04077921062707901, -0.0875244140625], [0.0, 0.0, 0.0, 1.0]]], "view": [[0.0, -2.0, 100.0], [-2.0, 0.0, 100.0], [0.0, 0.0, 1.0]], "bev": "bev_d5d97f6274724ec388f08766401a7bfc.png", "aux": "aux_d5d97f6274724ec388f08766401a7bfc.npz", "visibility": "visibility_d5d97f6274724ec388f08766401a7bfc.png", "pose": [[0.5359964370727539, -0.8442202806472778, 0.0, 1031.9580078125], [0.8442202806472778, 0.5359964370727539, 0.0, 1389.77685546875], [0.0, 0.0, 1.0, 0.0], [0.0, 0.0, 0.0, 1.0]], "pose_inverse": [[0.5359964370727539, 0.8442202806472778, 0.0, -1726.403564453125], [-0.8442202806472778, 0.5359964370727539, 0.0, 126.28443908691406], [0.0, 0.0, 1.0, 0.0], [0.0, 0.0, 0.0, 1.0]], "cam_ids": [0, 1, 2, 3, 4, 5], "cam_channels": ["CAM_FRONT_LEFT", "CAM_FRONT", "CAM_FRONT_RIGHT", "CAM_BACK_LEFT", "CAM_BACK", "CAM_BACK_RIGHT"], "token": "d5d97f6274724ec388f08766401a7bfc", "scene": "scene-0515"}, {"images": ["samples/CAM_FRONT_LEFT/n008-2018-08-28-16-57-39-0400__CAM_FRONT_LEFT__1535489932255465.jpg", "samples/CAM_FRONT/n008-2018-08-28-16-57-39-0400__CAM_FRONT__1535489932262404.jpg", "samples/CAM_FRONT_RIGHT/n008-2018-08-28-16-57-39-0400__CAM_FRONT_RIGHT__1535489932270482.jpg", "samples/CAM_BACK_LEFT/n008-2018-08-28-16-57-39-0400__CAM_BACK_LEFT__1535489932297405.jpg", "samples/CAM_BACK/n008-2018-08-28-16-57-39-0400__CAM_BACK__1535489932287558.jpg", "samples/CAM_BACK_RIGHT/n008-2018-08-28-16-57-39-0400__CAM_BACK_RIGHT__1535489932278113.jpg"], "intrinsics": [[[1257.8625342125129, 0.0, 827.2410631095686], [0.0, 1257.8625342125129, 450.915498205774], [0.0, 0.0, 1.0]], [[1252.8131021185304, 0.0, 826.588114781398], [0.0, 1252.8131021185304, 469.9846626224581], [0.0, 0.0, 1.0]], [[1256.7485116440405, 0.0, 817.7887570959712], [0.0, 1256.7485116440403, 451.9541780095127], [0.0, 0.0, 1.0]], [[1254.9860565800168, 0.0, 829.5769333630991], [0.0, 1254.9860565800168, 467.1680561863987], [0.0, 0.0, 1.0]], [[796.8910634503094, 0.0, 857.7774326863696], [0.0, 796.8910634503094, 476.8848988407415], [0.0, 0.0, 1.0]], [[1249.9629280788233, 0.0, 825.3768045375984], [0.0, 1249.9629280788233, 462.54816385708756], [0.0, 0.0, 1.0]]], "extrinsics": [[[0.8226036429405212, -0.5685245990753174, 0.010158438235521317, -0.7640380859375], [0.005412976257503033, -0.010034823790192604, -0.99993497133255, 1.4899234771728516], [0.5685895681381226, 0.8226050734519958, -0.0051772715523839, -1.175048828125], [0.0, 0.0, 0.0, 1.0]], [[0.010430559515953064, -0.9998438358306885, 0.014264382421970367, 0.0138702392578125], [0.007589281536638737, -0.014185590669512749, -0.9998705983161926, 1.4820737838745117], [0.9999167919158936, 0.010537461377680302, 0.007440133485943079, -1.494384765625], [0.0, 0.0, 0.0, 1.0]], [[-0.8438717722892761, -0.5365438461303711, -0.0010299186687916517, 0.93701171875], [0.01579100266098976, -0.022917162626981735, -0.9996126294136047, 1.4960956573486328], [0.5363124012947083, -0.8435611724853516, 0.02781171165406704, -1.1746826171875], [0.0, 0.0, 0.0, 1.0]], [[0.9478274583816528, 0.318584680557251, -0.011265324428677559, -1.1441650390625], [-0.009216981939971447, -0.007936295121908188, -0.999925971031189, 1.5620450973510742], [-0.3186505436897278, 0.9478611946105957, -0.004585850518196821, -0.15606689453125], [0.0, 0.0, 0.0, 1.0]], [[0.00903352815657854, 0.9998399615287781, -0.015442680567502975, -0.029937744140625], [-0.007284712046384811, -0.015377096831798553, -0.9998552203178406, 1.5675935745239258], [-0.9999326467514038, 0.009144781157374382, 0.00714463647454977, -0.0234375], [0.0, 0.0, 0.0, 1.0]], [[-0.9238159656524658, 0.3826605975627899, -0.011609704233705997, 1.037109375], [-0.0031917705200612545, -0.038022883236408234, -0.999271810054779, 1.5475075244903564], [-0.38282331824302673, -0.9231062531471252, 0.036347515881061554, -0.09149169921875], [0.0, 0.0, 0.0, 1.0]]], "view": [[0.0, -2.0, 100.0], [-2.0, 0.0, 100.0], [0.0, 0.0, 1.0]], "bev": "bev_4f7e18ba1695497f95ce9e33562c1c4d.png", "aux": "aux_4f7e18ba1695497f95ce9e33562c1c4d.npz", "visibility": "visibility_4f7e18ba1695497f95ce9e33562c1c4d.png", "pose": [[0.533000111579895, -0.8461151719093323, 0.0, 1033.7578125], [0.8461151719093323, 0.533000111579895, 0.0, 1392.4581298828125], [0.0, 0.0, 1.0, 0.0], [0.0, 0.0, 0.0, 1.0]], "pose_inverse": [[0.533000111579895, 0.8461151719093323, 0.0, -1729.1729736328125], [-0.8461151719093323, 0.533000111579895, 0.0, 132.497802734375], [0.0, 0.0, 1.0, 0.0], [0.0, 0.0, 0.0, 1.0]], "cam_ids": [0, 1, 2, 3, 4, 5], "cam_channels": ["CAM_FRONT_LEFT", "CAM_FRONT", "CAM_FRONT_RIGHT", "CAM_BACK_LEFT", "CAM_BACK", "CAM_BACK_RIGHT"], "token": "4f7e18ba1695497f95ce9e33562c1c4d", "scene": "scene-0515"}, {"images": ["samples/CAM_FRONT_LEFT/n008-2018-08-28-16-57-39-0400__CAM_FRONT_LEFT__1535489932754799.jpg", "samples/CAM_FRONT/n008-2018-08-28-16-57-39-0400__CAM_FRONT__1535489932762404.jpg", "samples/CAM_FRONT_RIGHT/n008-2018-08-28-16-57-39-0400__CAM_FRONT_RIGHT__1535489932770482.jpg", "samples/CAM_BACK_LEFT/n008-2018-08-28-16-57-39-0400__CAM_BACK_LEFT__1535489932797405.jpg", "samples/CAM_BACK/n008-2018-08-28-16-57-39-0400__CAM_BACK__1535489932787558.jpg", "samples/CAM_BACK_RIGHT/n008-2018-08-28-16-57-39-0400__CAM_BACK_RIGHT__1535489932778113.jpg"], "intrinsics": [[[1257.8625342125129, 0.0, 827.2410631095686], [0.0, 1257.8625342125129, 450.915498205774], [0.0, 0.0, 1.0]], [[1252.8131021185304, 0.0, 826.588114781398], [0.0, 1252.8131021185304, 469.9846626224581], [0.0, 0.0, 1.0]], [[1256.7485116440405, 0.0, 817.7887570959712], [0.0, 1256.7485116440403, 451.9541780095127], [0.0, 0.0, 1.0]], [[1254.9860565800168, 0.0, 829.5769333630991], [0.0, 1254.9860565800168, 467.1680561863987], [0.0, 0.0, 1.0]], [[796.8910634503094, 0.0, 857.7774326863696], [0.0, 796.8910634503094, 476.8848988407415], [0.0, 0.0, 1.0]], [[1249.9629280788233, 0.0, 825.3768045375984], [0.0, 1249.9629280788233, 462.54816385708756], [0.0, 0.0, 1.0]]], "extrinsics": [[[0.8216745853424072, -0.5698791742324829, 0.009418753907084465, -0.7442626953125], [0.003646165831014514, -0.01126928348094225, -0.9999298453330994, 1.4894962310791016], [0.569945216178894, 0.8216512799263, -0.007181812077760696, -1.1588134765625], [0.0, 0.0, 0.0, 1.0]], [[0.0090239392593503, -0.9998364448547363, 0.015676235780119896, 0.011962890625], [0.005584680009633303, -0.01562623679637909, -0.9998623132705688, 1.481673240661621], [0.9999436736106873, 0.009110256098210812, 0.005442755296826363, -1.4771728515625], [0.0, 0.0, 0.0, 1.0]], [[-0.8444875478744507, -0.5355725288391113, 0.0016924096271395683, 0.925537109375], [0.013571567833423615, -0.024558324366807938, -0.9996062517166138, 1.4958324432373047], [0.5354032516479492, -0.8441320657730103, 0.028007756918668747, -1.1689453125], [0.0, 0.0, 0.0, 1.0]], [[0.9477717280387878, 0.31863293051719666, -0.014201327227056026, -1.1488037109375], [-0.011620350182056427, -0.009999646805226803, -0.9998825192451477, 1.562103271484375], [-0.31873759627342224, 0.9478254318237305, -0.005774755030870438, -0.154541015625], [0.0, 0.0, 0.0, 1.0]], [[0.009391894564032555, 0.9998035430908203, -0.017453622072935104, -0.0294342041015625], [-0.009562059305608273, -0.01736379601061344, -0.9998034834861755, 1.567422866821289], [-0.9999101758003235, 0.009557030163705349, 0.00939710158854723, -0.024658203125], [0.0, 0.0, 0.0, 1.0]], [[-0.9235290884971619, 0.3833930194377899, -0.010184778831899166, 1.030517578125], [-0.005507753696292639, -0.03981063887476921, -0.9991920590400696, 1.5471351146697998], [-0.3834887146949768, -0.9227269291877747, 0.03887791559100151, -0.09521484375], [0.0, 0.0, 0.0, 1.0]]], "view": [[0.0, -2.0, 100.0], [-2.0, 0.0, 100.0], [0.0, 0.0, 1.0]], "bev": "bev_4cd6affe4b4540fc81819136db209544.png", "aux": "aux_4cd6affe4b4540fc81819136db209544.npz", "visibility": "visibility_4cd6affe4b4540fc81819136db209544.png", "pose": [[0.5235114097595215, -0.8520186543464661, 0.0, 1035.7342529296875], [0.8520186543464661, 0.5235114097595215, 0.0, 1395.5189208984375], [0.0, 0.0, 1.0, 0.0], [0.0, 0.0, 0.0, 1.0]], "pose_inverse": [[0.5235114097595215, 0.8520186543464661, 0.0, -1731.226806640625], [-0.8520186543464661, 0.5235114097595215, 0.0, 151.89483642578125], [0.0, 0.0, 1.0, 0.0], [0.0, 0.0, 0.0, 1.0]], "cam_ids": [0, 1, 2, 3, 4, 5], "cam_channels": ["CAM_FRONT_LEFT", "CAM_FRONT", "CAM_FRONT_RIGHT", "CAM_BACK_LEFT", "CAM_BACK", "CAM_BACK_RIGHT"], "token": "4cd6affe4b4540fc81819136db209544", "scene": "scene-0515"}, {"images": ["samples/CAM_FRONT_LEFT/n008-2018-08-28-16-57-39-0400__CAM_FRONT_LEFT__1535489933254799.jpg", "samples/CAM_FRONT/n008-2018-08-28-16-57-39-0400__CAM_FRONT__1535489933262404.jpg", "samples/CAM_FRONT_RIGHT/n008-2018-08-28-16-57-39-0400__CAM_FRONT_RIGHT__1535489933270482.jpg", "samples/CAM_BACK_LEFT/n008-2018-08-28-16-57-39-0400__CAM_BACK_LEFT__1535489933297405.jpg", "samples/CAM_BACK/n008-2018-08-28-16-57-39-0400__CAM_BACK__1535489933287558.jpg", "samples/CAM_BACK_RIGHT/n008-2018-08-28-16-57-39-0400__CAM_BACK_RIGHT__1535489933278113.jpg"], "intrinsics": [[[1257.8625342125129, 0.0, 827.2410631095686], [0.0, 1257.8625342125129, 450.915498205774], [0.0, 0.0, 1.0]], [[1252.8131021185304, 0.0, 826.588114781398], [0.0, 1252.8131021185304, 469.9846626224581], [0.0, 0.0, 1.0]], [[1256.7485116440405, 0.0, 817.7887570959712], [0.0, 1256.7485116440403, 451.9541780095127], [0.0, 0.0, 1.0]], [[1254.9860565800168, 0.0, 829.5769333630991], [0.0, 1254.9860565800168, 467.1680561863987], [0.0, 0.0, 1.0]], [[796.8910634503094, 0.0, 857.7774326863696], [0.0, 796.8910634503094, 476.8848988407415], [0.0, 0.0, 1.0]], [[1249.9629280788233, 0.0, 825.3768045375984], [0.0, 1249.9629280788233, 462.54816385708756], [0.0, 0.0, 1.0]]], "extrinsics": [[[0.8223470449447632, -0.5688396692276001, 0.0129125090315938, -0.7320556640625], [0.001323070377111435, -0.020782101899385452, -0.9997831583023071, 1.4888343811035156], [0.5689846873283386, 0.8221858739852905, -0.01633748598396778, -1.15057373046875], [0.0, 0.0, 0.0, 1.0]], [[0.010287868790328503, -0.9996304512023926, 0.02516329102218151, 0.0124053955078125], [0.00308747636154294, -0.02513274922966957, -0.9996793866157532, 1.481104850769043], [0.9999423027038574, 0.010362277738749981, 0.002827773103490472, -1.4656982421875], [0.0, 0.0, 0.0, 1.0]], [[-0.8438875675201416, -0.5364453792572021, 0.008951577357947826, 0.918701171875], [0.011053577065467834, -0.03406462073326111, -0.9993584752082825, 1.4954681396484375], [0.5364062190055847, -0.8432472944259644, 0.03467635065317154, -1.164306640625], [0.0, 0.0, 0.0, 1.0]], [[0.9477002024650574, 0.3185158967971802, -0.020297884941101074, -1.1500244140625], [-0.01486865896731615, -0.019467679783701897, -0.9996999502182007, 1.562143325805664], [-0.3188154697418213, 0.9477176070213318, -0.013713614083826542, -0.15423583984375], [0.0, 0.0, 0.0, 1.0]], [[0.00886358879506588, 0.9995965957641602, -0.02698323503136635, -0.0295257568359375], [-0.012467056512832642, -0.026871725916862488, -0.9995611310005188, 1.5672073364257812], [-0.9998830556869507, 0.009196079336106777, 0.012223849073052406, -0.027099609375], [0.0, 0.0, 0.0, 1.0]], [[-0.9238675236701965, 0.3825370967388153, -0.011582252569496632, 1.0250244140625], [-0.007912679575383663, -0.0493495799601078, -0.9987502098083496, 1.5467848777770996], [-0.3826306164264679, -0.9226213097572327, 0.04861936718225479, -0.097137451171875], [0.0, 0.0, 0.0, 1.0]]], "view": [[0.0, -2.0, 100.0], [-2.0, 0.0, 100.0], [0.0, 0.0, 1.0]], "bev": "bev_8fd5a1fe0a424e7f978d6631cb111645.png", "aux": "aux_8fd5a1fe0a424e7f978d6631cb111645.npz", "visibility": "visibility_8fd5a1fe0a424e7f978d6631cb111645.png", "pose": [[0.5066412687301636, -0.8621569871902466, 0.0, 1037.7420654296875], [0.8621569871902466, 0.5066412687301636, 0.0, 1398.75927734375], [0.0, 0.0, 1.0, 0.0], [0.0, 0.0, 0.0, 1.0]], "pose_inverse": [[0.5066412687301636, 0.8621569871902466, 0.0, -1731.7130126953125], [-0.8621569871902466, 0.5066412687301636, 0.0, 186.02740478515625], [0.0, 0.0, 1.0, 0.0], [0.0, 0.0, 0.0, 1.0]], "cam_ids": [0, 1, 2, 3, 4, 5], "cam_channels": ["CAM_FRONT_LEFT", "CAM_FRONT", "CAM_FRONT_RIGHT", "CAM_BACK_LEFT", "CAM_BACK", "CAM_BACK_RIGHT"], "token": "8fd5a1fe0a424e7f978d6631cb111645", "scene": "scene-0515"}, {"images": ["samples/CAM_FRONT_LEFT/n008-2018-08-28-16-57-39-0400__CAM_FRONT_LEFT__1535489933754799.jpg", "samples/CAM_FRONT/n008-2018-08-28-16-57-39-0400__CAM_FRONT__1535489933762404.jpg", "samples/CAM_FRONT_RIGHT/n008-2018-08-28-16-57-39-0400__CAM_FRONT_RIGHT__1535489933770482.jpg", "samples/CAM_BACK_LEFT/n008-2018-08-28-16-57-39-0400__CAM_BACK_LEFT__1535489933797405.jpg", "samples/CAM_BACK/n008-2018-08-28-16-57-39-0400__CAM_BACK__1535489933787558.jpg", "samples/CAM_BACK_RIGHT/n008-2018-08-28-16-57-39-0400__CAM_BACK_RIGHT__1535489933778113.jpg"], "intrinsics": [[[1257.8625342125129, 0.0, 827.2410631095686], [0.0, 1257.8625342125129, 450.915498205774], [0.0, 0.0, 1.0]], [[1252.8131021185304, 0.0, 826.588114781398], [0.0, 1252.8131021185304, 469.9846626224581], [0.0, 0.0, 1.0]], [[1256.7485116440405, 0.0, 817.7887570959712], [0.0, 1256.7485116440403, 451.9541780095127], [0.0, 0.0, 1.0]], [[1254.9860565800168, 0.0, 829.5769333630991], [0.0, 1254.9860565800168, 467.1680561863987], [0.0, 0.0, 1.0]], [[796.8910634503094, 0.0, 857.7774326863696], [0.0, 796.8910634503094, 476.8848988407415], [0.0, 0.0, 1.0]], [[1249.9629280788233, 0.0, 825.3768045375984], [0.0, 1249.9629280788233, 462.54816385708756], [0.0, 0.0, 1.0]]], "extrinsics": [[[0.822282612323761, -0.5688401460647583, 0.016496218740940094, -0.7142333984375], [0.005623260047286749, -0.02086431346833706, -0.99976646900177, 1.490342140197754], [0.5690515041351318, 0.8221834301948547, -0.013957629911601543, -1.13592529296875], [0.0, 0.0, 0.0, 1.0]], [[0.00990696158260107, -0.9996339678764343, 0.025175102055072784, 0.0107421875], [0.007637245114892721, -0.025099962949752808, -0.9996557831764221, 1.4824352264404297], [0.9999217391014099, 0.010095805861055851, 0.00738578662276268, -1.4454345703125], [0.0, 0.0, 0.0, 1.0]], [[-0.8441001772880554, -0.5361625552177429, 0.004947229754179716, 0.9033203125], [0.015674464404582977, -0.03389755263924599, -0.9993023872375488, 1.4966316223144531], [0.5359562039375305, -0.8434338569641113, 0.03701699152588844, -1.156494140625], [0.0, 0.0, 0.0, 1.0]], [[0.947778582572937, 0.3185745179653168, -0.015031612478196621, -1.1427001953125], [-0.009508805349469185, -0.01888415589928627, -0.9997764825820923, 1.5620269775390625], [-0.31878718733787537, 0.9477096796035767, -0.014868738129734993, -0.156494140625], [0.0, 0.0, 0.0, 1.0]], [[0.009094026871025562, 0.9996086955070496, -0.026454845443367958, -0.0288238525390625], [-0.0074766650795936584, -0.026387225836515427, -0.9996238350868225, 1.567458152770996], [-0.999930739402771, 0.009288405999541283, 0.007233770564198494, -0.0382080078125], [0.0, 0.0, 0.0, 1.0]], [[-0.9237169623374939, 0.38275444507598877, -0.01568462699651718, 1.011962890625], [-0.003355517517775297, -0.049026794731616974, -0.9987918138504028, 1.5473389625549316], [-0.383061021566391, -0.9225482940673828, 0.04657122120261192, -0.1038818359375], [0.0, 0.0, 0.0, 1.0]]], "view": [[0.0, -2.0, 100.0], [-2.0, 0.0, 100.0], [0.0, 0.0, 1.0]], "bev": "bev_87e78a43a8f84e6c99fb98425e2c3368.png", "aux": "aux_87e78a43a8f84e6c99fb98425e2c3368.npz", "visibility": "visibility_87e78a43a8f84e6c99fb98425e2c3368.png", "pose": [[0.49889349937438965, -0.8666632771492004, 0.0, 1039.796142578125], [0.8666632771492004, 0.49889349937438965, 0.0, 1402.1923828125], [0.0, 0.0, 1.0, 0.0], [0.0, 0.0, 0.0, 1.0]], "pose_inverse": [[0.49889349937438965, 0.8666632771492004, 0.0, -1733.9761962890625], [-0.8666632771492004, 0.49889349937438965, 0.0, 201.6084747314453], [0.0, 0.0, 1.0, 0.0], [0.0, 0.0, 0.0, 1.0]], "cam_ids": [0, 1, 2, 3, 4, 5], "cam_channels": ["CAM_FRONT_LEFT", "CAM_FRONT", "CAM_FRONT_RIGHT", "CAM_BACK_LEFT", "CAM_BACK", "CAM_BACK_RIGHT"], "token": "87e78a43a8f84e6c99fb98425e2c3368", "scene": "scene-0515"}, {"images": ["samples/CAM_FRONT_LEFT/n008-2018-08-28-16-57-39-0400__CAM_FRONT_LEFT__1535489934254799.jpg", "samples/CAM_FRONT/n008-2018-08-28-16-57-39-0400__CAM_FRONT__1535489934262404.jpg", "samples/CAM_FRONT_RIGHT/n008-2018-08-28-16-57-39-0400__CAM_FRONT_RIGHT__1535489934270482.jpg", "samples/CAM_BACK_LEFT/n008-2018-08-28-16-57-39-0400__CAM_BACK_LEFT__1535489934297405.jpg", "samples/CAM_BACK/n008-2018-08-28-16-57-39-0400__CAM_BACK__1535489934287796.jpg", "samples/CAM_BACK_RIGHT/n008-2018-08-28-16-57-39-0400__CAM_BACK_RIGHT__1535489934278113.jpg"], "intrinsics": [[[1257.8625342125129, 0.0, 827.2410631095686], [0.0, 1257.8625342125129, 450.915498205774], [0.0, 0.0, 1.0]], [[1252.8131021185304, 0.0, 826.588114781398], [0.0, 1252.8131021185304, 469.9846626224581], [0.0, 0.0, 1.0]], [[1256.7485116440405, 0.0, 817.7887570959712], [0.0, 1256.7485116440403, 451.9541780095127], [0.0, 0.0, 1.0]], [[1254.9860565800168, 0.0, 829.5769333630991], [0.0, 1254.9860565800168, 467.1680561863987], [0.0, 0.0, 1.0]], [[796.8910634503094, 0.0, 857.7774326863696], [0.0, 796.8910634503094, 476.8848988407415], [0.0, 0.0, 1.0]], [[1249.9629280788233, 0.0, 825.3768045375984], [0.0, 1249.9629280788233, 462.54816385708756], [0.0, 0.0, 1.0]]], "extrinsics": [[[0.8221439123153687, -0.5692012906074524, 0.009456154890358448, -0.7017822265625], [-0.0018334643682464957, -0.01925813779234886, -0.9998128414154053, 1.4876649379730225], [0.5692768096923828, 0.8219727277755737, -0.016876570880413055, -1.1260986328125], [0.0, 0.0, 0.0, 1.0]], [[0.009727884083986282, -0.999677836894989, 0.023445064201951027, 0.0102386474609375], [0.00015757455548737198, -0.02344464510679245, -0.9997251033782959, 1.4802560806274414], [0.9999526739120483, 0.00972889456897974, -7.054230809444562e-05, -1.4346923828125], [0.0, 0.0, 0.0, 1.0]], [[-0.8442071080207825, -0.535918653011322, 0.010271713137626648, 0.89794921875], [0.008282400667667389, -0.0322028249502182, -0.9994470477104187, 1.4950199127197266], [0.5359531044960022, -0.8436552882194519, 0.03162454813718796, -1.1533203125], [0.0, 0.0, 0.0, 1.0]], [[0.9476826786994934, 0.31849607825279236, -0.021399907767772675, -1.147705078125], [-0.01679527759552002, -0.017196863889694214, -0.9997110366821289, 1.5621166229248047], [-0.3187720477581024, 0.9477682113647461, -0.010947935283184052, -0.15478515625], [0.0, 0.0, 0.0, 1.0]], [[0.009073146618902683, 0.9996511936187744, -0.024802323430776596, -0.0286865234375], [-0.014852895401418209, -0.024665875360369682, -0.9995853900909424, 1.5668983459472656], [-0.9998485445976257, 0.009437773376703262, 0.014623917639255524, -0.0347900390625], [0.0, 0.0, 0.0, 1.0]], [[-0.9237102270126343, 0.38300180435180664, -0.008310947567224503, 1.009521484375], [-0.010627487674355507, -0.047304995357990265, -0.9988239407539368, 1.5461301803588867], [-0.3829444348812103, -0.9225356578826904, 0.04776645451784134, -0.105224609375], [0.0, 0.0, 0.0, 1.0]]], "view": [[0.0, -2.0, 100.0], [-2.0, 0.0, 100.0], [0.0, 0.0, 1.0]], "bev": "bev_9f16dca70d8c4ec89931550e2696f4b0.png", "aux": "aux_9f16dca70d8c4ec89931550e2696f4b0.npz", "visibility": "visibility_9f16dca70d8c4ec89931550e2696f4b0.png", "pose": [[0.49060043692588806, -0.8713846802711487, 0.0, 1041.880859375], [0.8713846802711487, 0.49060043692588806, 0.0, 1405.80224609375], [0.0, 0.0, 1.0, 0.0], [0.0, 0.0, 0.0, 1.0]], "pose_inverse": [[0.49060043692588806, 0.8713846802711487, 0.0, -1736.1417236328125], [-0.8713846802711487, 0.49060043692588806, 0.0, 218.19178771972656], [0.0, 0.0, 1.0, 0.0], [0.0, 0.0, 0.0, 1.0]], "cam_ids": [0, 1, 2, 3, 4, 5], "cam_channels": ["CAM_FRONT_LEFT", "CAM_FRONT", "CAM_FRONT_RIGHT", "CAM_BACK_LEFT", "CAM_BACK", "CAM_BACK_RIGHT"], "token": "9f16dca70d8c4ec89931550e2696f4b0", "scene": "scene-0515"}, {"images": ["samples/CAM_FRONT_LEFT/n008-2018-08-28-16-57-39-0400__CAM_FRONT_LEFT__1535489934757066.jpg", "samples/CAM_FRONT/n008-2018-08-28-16-57-39-0400__CAM_FRONT__1535489934762404.jpg", "samples/CAM_FRONT_RIGHT/n008-2018-08-28-16-57-39-0400__CAM_FRONT_RIGHT__1535489934770501.jpg", "samples/CAM_BACK_LEFT/n008-2018-08-28-16-57-39-0400__CAM_BACK_LEFT__1535489934797405.jpg", "samples/CAM_BACK/n008-2018-08-28-16-57-39-0400__CAM_BACK__1535489934787558.jpg", "samples/CAM_BACK_RIGHT/n008-2018-08-28-16-57-39-0400__CAM_BACK_RIGHT__1535489934778113.jpg"], "intrinsics": [[[1257.8625342125129, 0.0, 827.2410631095686], [0.0, 1257.8625342125129, 450.915498205774], [0.0, 0.0, 1.0]], [[1252.8131021185304, 0.0, 826.588114781398], [0.0, 1252.8131021185304, 469.9846626224581], [0.0, 0.0, 1.0]], [[1256.7485116440405, 0.0, 817.7887570959712], [0.0, 1256.7485116440403, 451.9541780095127], [0.0, 0.0, 1.0]], [[1254.9860565800168, 0.0, 829.5769333630991], [0.0, 1254.9860565800168, 467.1680561863987], [0.0, 0.0, 1.0]], [[796.8910634503094, 0.0, 857.7774326863696], [0.0, 796.8910634503094, 476.8848988407415], [0.0, 0.0, 1.0]], [[1249.9629280788233, 0.0, 825.3768045375984], [0.0, 1249.9629280788233, 462.54816385708756], [0.0, 0.0, 1.0]]], "extrinsics": [[[0.8228541016578674, -0.5682075619697571, 0.007163400296121836, -0.7147216796875], [-0.0009640339412726462, -0.014001845382153988, -0.9999014735221863, 1.487992525100708], [0.5682519674301147, 0.8227661848068237, -0.012069248594343662, -1.13580322265625], [0.0, 0.0, 0.0, 1.0]], [[0.010807537473738194, -0.9997774362564087, 0.018119582906365395, 0.011016845703125], [0.0009636570466682315, -0.01811021938920021, -0.9998355507850647, 1.4805002212524414], [0.9999411106109619, 0.010823174379765987, 0.0007677167886868119, -1.4300537109375], [0.0, 0.0, 0.0, 1.0]], [[-0.8437520265579224, -0.5366929173469543, 0.006579965818673372, 0.8939208984375], [0.009245009161531925, -0.026789655908942223, -0.9995983242988586, 1.4952869415283203], [0.5366535782814026, -0.8433522582054138, 0.027565553784370422, -1.1502685546875], [0.0, 0.0, 0.0, 1.0]], [[0.947729229927063, 0.31854408979415894, -0.01840985007584095, -1.144775390625], [-0.01558100339025259, -0.011426490731537342, -0.9998133182525635, 1.5620555877685547], [-0.3186950087547302, 0.947839081287384, -0.0058659822680056095, -0.15582275390625], [0.0, 0.0, 0.0, 1.0]], [[0.008860481902956963, 0.9997767806053162, -0.019179627299308777, -0.0289459228515625], [-0.01357223093509674, -0.01905837468802929, -0.9997262358665466, 1.5669174194335938], [-0.9998686909675598, 0.009118365123867989, 0.013400335796177387, -0.041259765625], [0.0, 0.0, 0.0, 1.0]], [[-0.9239252805709839, 0.3825019896030426, -0.0073714302852749825, 1.0048828125], [-0.009352234192192554, -0.04184401035308838, -0.9990803599357605, 1.546299934387207], [-0.3824585974216461, -0.9230066537857056, 0.042237985879182816, -0.1064453125], [0.0, 0.0, 0.0, 1.0]]], "view": [[0.0, -2.0, 100.0], [-2.0, 0.0, 100.0], [0.0, 0.0, 1.0]], "bev": "bev_acfe849028ee450187680f0ba8ca38fe.png", "aux": "aux_acfe849028ee450187680f0ba8ca38fe.npz", "visibility": "visibility_acfe849028ee450187680f0ba8ca38fe.png", "pose": [[0.4848636984825134, -0.874589741230011, 0.0, 1044.018310546875], [0.874589741230011, 0.4848636984825134, 0.0, 1409.5745849609375], [0.0, 0.0, 1.0, 0.0], [0.0, 0.0, 0.0, 1.0]], "pose_inverse": [[0.4848636984825134, 0.874589741230011, 0.0, -1739.0059814453125], [-0.874589741230011, 0.4848636984825134, 0.0, 229.63616943359375], [0.0, 0.0, 1.0, 0.0], [0.0, 0.0, 0.0, 1.0]], "cam_ids": [0, 1, 2, 3, 4, 5], "cam_channels": ["CAM_FRONT_LEFT", "CAM_FRONT", "CAM_FRONT_RIGHT", "CAM_BACK_LEFT", "CAM_BACK", "CAM_BACK_RIGHT"], "token": "acfe849028ee450187680f0ba8ca38fe", "scene": "scene-0515"}, {"images": ["samples/CAM_FRONT_LEFT/n008-2018-08-28-16-57-39-0400__CAM_FRONT_LEFT__1535489935254799.jpg", "samples/CAM_FRONT/n008-2018-08-28-16-57-39-0400__CAM_FRONT__1535489935262404.jpg", "samples/CAM_FRONT_RIGHT/n008-2018-08-28-16-57-39-0400__CAM_FRONT_RIGHT__1535489935270482.jpg", "samples/CAM_BACK_LEFT/n008-2018-08-28-16-57-39-0400__CAM_BACK_LEFT__1535489935297521.jpg", "samples/CAM_BACK/n008-2018-08-28-16-57-39-0400__CAM_BACK__1535489935287558.jpg", "samples/CAM_BACK_RIGHT/n008-2018-08-28-16-57-39-0400__CAM_BACK_RIGHT__1535489935278113.jpg"], "intrinsics": [[[1257.8625342125129, 0.0, 827.2410631095686], [0.0, 1257.8625342125129, 450.915498205774], [0.0, 0.0, 1.0]], [[1252.8131021185304, 0.0, 826.588114781398], [0.0, 1252.8131021185304, 469.9846626224581], [0.0, 0.0, 1.0]], [[1256.7485116440405, 0.0, 817.7887570959712], [0.0, 1256.7485116440403, 451.9541780095127], [0.0, 0.0, 1.0]], [[1254.9860565800168, 0.0, 829.5769333630991], [0.0, 1254.9860565800168, 467.1680561863987], [0.0, 0.0, 1.0]], [[796.8910634503094, 0.0, 857.7774326863696], [0.0, 796.8910634503094, 476.8848988407415], [0.0, 0.0, 1.0]], [[1249.9629280788233, 0.0, 825.3768045375984], [0.0, 1249.9629280788233, 462.54816385708756], [0.0, 0.0, 1.0]]], "extrinsics": [[[0.8219797611236572, -0.5694335103034973, 0.009732031263411045, -0.6868896484375], [0.0023836293257772923, -0.013648302294313908, -0.9999039769172668, 1.4892268180847168], [0.5695117115974426, 0.8219241499900818, -0.009861312806606293, -1.11376953125], [0.0, 0.0, 0.0, 1.0]], [[0.009426047094166279, -0.9997971653938293, 0.017799511551856995, 0.0089111328125], [0.004371290560811758, -0.017758933827280998, -0.9998327493667603, 1.481562614440918], [0.9999459981918335, 0.009502294473350048, 0.004203006625175476, -1.417236328125], [0.0, 0.0, 0.0, 1.0]], [[-0.8443430662155151, -0.535790205001831, 0.0037001543678343296, 0.8846435546875], [0.012430467642843723, -0.026491988450288773, -0.9995717406272888, 1.4961204528808594], [0.5356587767601013, -0.843935489654541, 0.029028449207544327, -1.1463623046875], [0.0, 0.0, 0.0, 1.0]], [[0.9477799534797668, 0.31853044033050537, -0.015861907973885536, -1.1417236328125], [-0.012824234552681446, -0.011631476692855358, -0.9998500943183899, 1.5620193481445312], [-0.3186672031879425, 0.947841227054596, -0.006939169485121965, -0.15704345703125], [0.0, 0.0, 0.0, 1.0]], [[0.00930037721991539, 0.9997743368148804, -0.019098913297057152, -0.0282135009765625], [-0.010558385401964188, -0.019000491127371788, -0.9997637271881104, 1.5670995712280273], [-0.9999009966850281, 0.009499874897301197, 0.010379292070865631, -0.0469970703125], [0.0, 0.0, 0.0, 1.0]], [[-0.9236091375350952, 0.3832087516784668, -0.009857338853180408, 0.9979248046875], [-0.0066018663346767426, -0.04161211848258972, -0.9991120100021362, 1.546666145324707], [-0.3832787275314331, -0.9227238893508911, 0.040963225066661835, -0.110870361328125], [0.0, 0.0, 0.0, 1.0]]], "view": [[0.0, -2.0, 100.0], [-2.0, 0.0, 100.0], [0.0, 0.0, 1.0]], "bev": "bev_6b47c6dc44a242b583d75b45a0c2bfaa.png", "aux": "aux_6b47c6dc44a242b583d75b45a0c2bfaa.npz", "visibility": "visibility_6b47c6dc44a242b583d75b45a0c2bfaa.png", "pose": [[0.4782404899597168, -0.8782289028167725, 0.0, 1046.1988525390625], [0.8782289028167725, 0.4782404899597168, 0.0, 1413.4842529296875], [0.0, 0.0, 1.0, 0.0], [0.0, 0.0, 0.0, 1.0]], "pose_inverse": [[0.4782404899597168, 0.8782289028167725, 0.0, -1741.6973876953125], [-0.8782289028167725, 0.4782404899597168, 0.0, 242.8166961669922], [0.0, 0.0, 1.0, 0.0], [0.0, 0.0, 0.0, 1.0]], "cam_ids": [0, 1, 2, 3, 4, 5], "cam_channels": ["CAM_FRONT_LEFT", "CAM_FRONT", "CAM_FRONT_RIGHT", "CAM_BACK_LEFT", "CAM_BACK", "CAM_BACK_RIGHT"], "token": "6b47c6dc44a242b583d75b45a0c2bfaa", "scene": "scene-0515"}, {"images": ["samples/CAM_FRONT_LEFT/n008-2018-08-28-16-57-39-0400__CAM_FRONT_LEFT__1535489935754799.jpg", "samples/CAM_FRONT/n008-2018-08-28-16-57-39-0400__CAM_FRONT__1535489935762404.jpg", "samples/CAM_FRONT_RIGHT/n008-2018-08-28-16-57-39-0400__CAM_FRONT_RIGHT__1535489935770482.jpg", "samples/CAM_BACK_LEFT/n008-2018-08-28-16-57-39-0400__CAM_BACK_LEFT__1535489935797405.jpg", "samples/CAM_BACK/n008-2018-08-28-16-57-39-0400__CAM_BACK__1535489935787558.jpg", "samples/CAM_BACK_RIGHT/n008-2018-08-28-16-57-39-0400__CAM_BACK_RIGHT__1535489935778113.jpg"], "intrinsics": [[[1257.8625342125129, 0.0, 827.2410631095686], [0.0, 1257.8625342125129, 450.915498205774], [0.0, 0.0, 1.0]], [[1252.8131021185304, 0.0, 826.588114781398], [0.0, 1252.8131021185304, 469.9846626224581], [0.0, 0.0, 1.0]], [[1256.7485116440405, 0.0, 817.7887570959712], [0.0, 1256.7485116440403, 451.9541780095127], [0.0, 0.0, 1.0]], [[1254.9860565800168, 0.0, 829.5769333630991], [0.0, 1254.9860565800168, 467.1680561863987], [0.0, 0.0, 1.0]], [[796.8910634503094, 0.0, 857.7774326863696], [0.0, 796.8910634503094, 476.8848988407415], [0.0, 0.0, 1.0]], [[1249.9629280788233, 0.0, 825.3768045375984], [0.0, 1249.9629280788233, 462.54816385708756], [0.0, 0.0, 1.0]]], "extrinsics": [[[0.8222078084945679, -0.5690594911575317, 0.012065091170370579, -0.6842041015625], [0.003126684110611677, -0.01668115332722664, -0.9998559355735779, 1.4895057678222656], [0.5691788792610168, 0.822127103805542, -0.011936107650399208, -1.11041259765625], [0.0, 0.0, 0.0, 1.0]], [[0.009534180164337158, -0.9997368454933167, 0.02086501196026802, 0.0077972412109375], [0.005010887049138546, -0.02081792987883091, -0.9997707009315491, 1.4817628860473633], [0.9999420642852783, 0.009636594913899899, 0.004811087157577276, -1.4129638671875], [0.0, 0.0, 0.0, 1.0]], [[-0.8443635702133179, -0.5357488393783569, 0.004826183896511793, 0.880126953125], [0.013039819896221161, -0.02955492213368416, -0.9994781017303467, 1.4963035583496094], [0.5356118679046631, -0.8438600301742554, 0.03194116801023483, -1.14453125], [0.0, 0.0, 0.0, 1.0]], [[0.9477804899215698, 0.3185126483440399, -0.01618245616555214, -1.1370849609375], [-0.012091425247490406, -0.014817245304584503, -0.9998171329498291, 1.5619621276855469], [-0.31869423389434814, 0.9478027820587158, -0.010192221030592918, -0.15869140625], [0.0, 0.0, 0.0, 1.0]], [[0.009300615638494492, 0.9997093677520752, -0.02224154956638813, -0.0279541015625], [-0.010009531863033772, -0.02214832231402397, -0.9997045397758484, 1.567098617553711], [-0.9999067187309265, 0.009520466439425945, 0.009800627827644348, -0.051513671875], [0.0, 0.0, 0.0, 1.0]], [[-0.9235965609550476, 0.383186936378479, -0.011709856800734997, 0.993896484375], [-0.005876022856682539, -0.0446910560131073, -0.9989835619926453, 1.5467374324798584], [-0.38332071900367737, -0.9225890040397644, 0.04352812096476555, -0.11309814453125], [0.0, 0.0, 0.0, 1.0]]], "view": [[0.0, -2.0, 100.0], [-2.0, 0.0, 100.0], [0.0, 0.0, 1.0]], "bev": "bev_538a705eb09e4b63a34c431a27838b8e.png", "aux": "aux_538a705eb09e4b63a34c431a27838b8e.npz", "visibility": "visibility_538a705eb09e4b63a34c431a27838b8e.png", "pose": [[0.4807167649269104, -0.8768759369850159, 0.0, 1048.380126953125], [0.8768759369850159, 0.4807167649269104, 0.0, 1417.44580078125], [0.0, 0.0, 1.0, 0.0], [0.0, 0.0, 0.0, 1.0]], "pose_inverse": [[0.4807167649269104, 0.8768759369850159, 0.0, -1746.89794921875], [-0.8768759369850159, 0.4807167649269104, 0.0, 237.9093475341797], [0.0, 0.0, 1.0, 0.0], [0.0, 0.0, 0.0, 1.0]], "cam_ids": [0, 1, 2, 3, 4, 5], "cam_channels": ["CAM_FRONT_LEFT", "CAM_FRONT", "CAM_FRONT_RIGHT", "CAM_BACK_LEFT", "CAM_BACK", "CAM_BACK_RIGHT"], "token": "538a705eb09e4b63a34c431a27838b8e", "scene": "scene-0515"}, {"images": ["samples/CAM_FRONT_LEFT/n008-2018-08-28-16-57-39-0400__CAM_FRONT_LEFT__1535489936254799.jpg", "samples/CAM_FRONT/n008-2018-08-28-16-57-39-0400__CAM_FRONT__1535489936262404.jpg", "samples/CAM_FRONT_RIGHT/n008-2018-08-28-16-57-39-0400__CAM_FRONT_RIGHT__1535489936270482.jpg", "samples/CAM_BACK_LEFT/n008-2018-08-28-16-57-39-0400__CAM_BACK_LEFT__1535489936297405.jpg", "samples/CAM_BACK/n008-2018-08-28-16-57-39-0400__CAM_BACK__1535489936287558.jpg", "samples/CAM_BACK_RIGHT/n008-2018-08-28-16-57-39-0400__CAM_BACK_RIGHT__1535489936278129.jpg"], "intrinsics": [[[1257.8625342125129, 0.0, 827.2410631095686], [0.0, 1257.8625342125129, 450.915498205774], [0.0, 0.0, 1.0]], [[1252.8131021185304, 0.0, 826.588114781398], [0.0, 1252.8131021185304, 469.9846626224581], [0.0, 0.0, 1.0]], [[1256.7485116440405, 0.0, 817.7887570959712], [0.0, 1256.7485116440403, 451.9541780095127], [0.0, 0.0, 1.0]], [[1254.9860565800168, 0.0, 829.5769333630991], [0.0, 1254.9860565800168, 467.1680561863987], [0.0, 0.0, 1.0]], [[796.8910634503094, 0.0, 857.7774326863696], [0.0, 796.8910634503094, 476.8848988407415], [0.0, 0.0, 1.0]], [[1249.9629280788233, 0.0, 825.3768045375984], [0.0, 1249.9629280788233, 462.54816385708756], [0.0, 0.0, 1.0]]], "extrinsics": [[[0.8229416608810425, -0.568087637424469, 0.006581937428563833, -0.6717529296875], [-0.00637090252712369, -0.02081238105893135, -0.9997630715370178, 1.485750675201416], [0.56809002161026, 0.8227048516273499, -0.020746611058712006, -1.1051025390625], [0.0, 0.0, 0.0, 1.0]], [[0.010981650091707706, -0.9996281862258911, 0.024954471737146378, 0.0100250244140625], [-0.0047860764898359776, -0.02500823698937893, -0.9996758103370667, 1.4786038398742676], [0.9999282956123352, 0.010858720168471336, -0.005058932118117809, -1.4024658203125], [0.0, 0.0, 0.0, 1.0]], [[-0.8436616063117981, -0.5366449356079102, 0.01572553627192974, 0.8746337890625], [0.00286289700306952, -0.03378734365105629, -0.999424934387207, 1.4938325881958008], [0.5368677377700806, -0.843131422996521, 0.030041446909308434, -1.139404296875], [0.0, 0.0, 0.0, 1.0]], [[0.9475207328796387, 0.31844574213027954, -0.028225136920809746, -1.137939453125], [-0.023335447534918785, -0.01916007325053215, -0.999544084072113, 1.5618972778320312], [-0.3188413679599762, 0.9477474093437195, -0.010723492130637169, -0.1580810546875], [0.0, 0.0, 0.0, 1.0]], [[0.008622643537819386, 0.9996083378791809, -0.026623371988534927, -0.028228759765625], [-0.021090758964419365, -0.026436639949679375, -0.9994279146194458, 1.5660057067871094], [-0.9997403621673584, 0.009179237298667431, 0.020854545757174492, -0.0533447265625], [0.0, 0.0, 0.0, 1.0]], [[-0.9239825010299683, 0.3824193477630615, -0.0034384808968752623, 0.989013671875], [-0.01654982939362526, -0.04896623268723488, -0.9986633062362671, 1.5447673797607422], [-0.3820764422416687, -0.9226905107498169, 0.05157291516661644, -0.11395263671875], [0.0, 0.0, 0.0, 1.0]]], "view": [[0.0, -2.0, 100.0], [-2.0, 0.0, 100.0], [0.0, 0.0, 1.0]], "bev": "bev_b88bb450d7e34713a6dd917a72a34a84.png", "aux": "aux_b88bb450d7e34713a6dd917a72a34a84.npz", "visibility": "visibility_b88bb450d7e34713a6dd917a72a34a84.png", "pose": [[0.4825822710990906, -0.8758506178855896, 0.0, 1050.614013671875], [0.8758506178855896, 0.4825822710990906, 0.0, 1421.4539794921875], [0.0, 0.0, 1.0, 0.0], [0.0, 0.0, 0.0, 1.0]], "pose_inverse": [[0.4825822710990906, 0.8758506178855896, 0.0, -1751.9891357421875], [-0.8758506178855896, 0.4825822710990906, 0.0, 234.21246337890625], [0.0, 0.0, 1.0, 0.0], [0.0, 0.0, 0.0, 1.0]], "cam_ids": [0, 1, 2, 3, 4, 5], "cam_channels": ["CAM_FRONT_LEFT", "CAM_FRONT", "CAM_FRONT_RIGHT", "CAM_BACK_LEFT", "CAM_BACK", "CAM_BACK_RIGHT"], "token": "b88bb450d7e34713a6dd917a72a34a84", "scene": "scene-0515"}, {"images": ["samples/CAM_FRONT_LEFT/n008-2018-08-28-16-57-39-0400__CAM_FRONT_LEFT__1535489936754799.jpg", "samples/CAM_FRONT/n008-2018-08-28-16-57-39-0400__CAM_FRONT__1535489936762404.jpg", "samples/CAM_FRONT_RIGHT/n008-2018-08-28-16-57-39-0400__CAM_FRONT_RIGHT__1535489936770482.jpg", "samples/CAM_BACK_LEFT/n008-2018-08-28-16-57-39-0400__CAM_BACK_LEFT__1535489936797405.jpg", "samples/CAM_BACK/n008-2018-08-28-16-57-39-0400__CAM_BACK__1535489936787558.jpg", "samples/CAM_BACK_RIGHT/n008-2018-08-28-16-57-39-0400__CAM_BACK_RIGHT__1535489936778113.jpg"], "intrinsics": [[[1257.8625342125129, 0.0, 827.2410631095686], [0.0, 1257.8625342125129, 450.915498205774], [0.0, 0.0, 1.0]], [[1252.8131021185304, 0.0, 826.588114781398], [0.0, 1252.8131021185304, 469.9846626224581], [0.0, 0.0, 1.0]], [[1256.7485116440405, 0.0, 817.7887570959712], [0.0, 1256.7485116440403, 451.9541780095127], [0.0, 0.0, 1.0]], [[1254.9860565800168, 0.0, 829.5769333630991], [0.0, 1254.9860565800168, 467.1680561863987], [0.0, 0.0, 1.0]], [[796.8910634503094, 0.0, 857.7774326863696], [0.0, 796.8910634503094, 476.8848988407415], [0.0, 0.0, 1.0]], [[1249.9629280788233, 0.0, 825.3768045375984], [0.0, 1249.9629280788233, 462.54816385708756], [0.0, 0.0, 1.0]]], "extrinsics": [[[0.8229552507400513, -0.5679568648338318, 0.013023733161389828, -0.67724609375], [-0.003059827024117112, -0.027355769649147987, -0.9996210336685181, 1.4870891571044922], [0.5680979490280151, 0.8226035833358765, -0.02425043098628521, -1.10760498046875], [0.0, 0.0, 0.0, 1.0]], [[0.011009607464075089, -0.9994407892227173, 0.031573761254549026, 0.0093536376953125], [-0.0022935669403523207, -0.03160083293914795, -0.9994979500770569, 1.4794243574142456], [0.9999367594718933, 0.010931686498224735, -0.002640195656567812, -1.4066162109375], [0.0, 0.0, 0.0, 1.0]], [[-0.8436253666877747, -0.5366322994232178, 0.017940934747457504, 0.8768310546875], [0.004512408282607794, -0.0404985211789608, -0.9991694092750549, 1.494232177734375], [0.5369131565093994, -0.8428437113761902, 0.03658708557486534, -1.1412353515625], [0.0, 0.0, 0.0, 1.0]], [[0.947422206401825, 0.3184477686882019, -0.03133738785982132, -1.13916015625], [-0.02420130930840969, -0.026341743767261505, -0.9993599653244019, 1.561920166015625], [-0.3190695345401764, 0.9475743770599365, -0.017249902710318565, -0.1578369140625], [0.0, 0.0, 0.0, 1.0]], [[0.00845062080770731, 0.9993966221809387, -0.0336906835436821, -0.028228759765625], [-0.021160265430808067, -0.033505618572235