[{"images": ["samples/CAM_FRONT_LEFT/n015-2018-10-08-16-03-24+0800__CAM_FRONT_LEFT__1538985829754844.jpg", "samples/CAM_FRONT/n015-2018-10-08-16-03-24+0800__CAM_FRONT__1538985829762460.jpg", "samples/CAM_FRONT_RIGHT/n015-2018-10-08-16-03-24+0800__CAM_FRONT_RIGHT__1538985829770339.jpg", "samples/CAM_BACK_LEFT/n015-2018-10-08-16-03-24+0800__CAM_BACK_LEFT__1538985829797423.jpg", "samples/CAM_BACK/n015-2018-10-08-16-03-24+0800__CAM_BACK__1538985829787525.jpg", "samples/CAM_BACK_RIGHT/n015-2018-10-08-16-03-24+0800__CAM_BACK_RIGHT__1538985829777893.jpg"], "intrinsics": [[[1272.5979470598488, 0.0, 826.6154927353808], [0.0, 1272.5979470598488, 479.75165386361925], [0.0, 0.0, 1.0]], [[1266.417203046554, 0.0, 816.2670197447984], [0.0, 1266.417203046554, 491.50706579294757], [0.0, 0.0, 1.0]], [[1260.8474446004698, 0.0, 807.968244525554], [0.0, 1260.8474446004698, 495.3344268742088], [0.0, 0.0, 1.0]], [[1256.7414812095406, 0.0, 792.1125740759628], [0.0, 1256.7414812095406, 492.7757465151356], [0.0, 0.0, 1.0]], [[809.2209905677063, 0.0, 829.2196003259838], [0.0, 809.2209905677063, 481.77842384512485], [0.0, 0.0, 1.0]], [[1259.5137405846733, 0.0, 807.2529053838625], [0.0, 1259.5137405846733, 501.19579884916527], [0.0, 0.0, 1.0]]], "extrinsics": [[[0.8222190141677856, -0.5680853128433228, -0.035141222178936005, -0.6143798828125], [-0.0008580332505516708, 0.06050383299589157, -0.9981675744056702, 1.507659912109375], [0.5691704750061035, 0.8207425475120544, 0.0492599681019783, -1.042236328125], [0.0, 0.0, 0.0, 1.0]], [[0.00751025415956974, -0.9983787536621094, -0.05642108991742134, 0.010986328125], [-0.006136089563369751, 0.05637561157345772, -0.998390793800354, 1.51824951171875], [0.9999529123306274, 0.007844425737857819, -0.005702747497707605, -1.344573974609375], [0.0, 0.0, 0.0, 1.0]], [[-0.8323459625244141, -0.552787184715271, -0.040328506380319595, 0.8095703125], [-0.0005101474234834313, 0.07352551072835922, -0.9972931742668152, 1.5033416748046875], [0.5542561411857605, -0.8300724029541016, -0.06148066371679306, -1.097900390625], [0.0, 0.0, 0.0, 1.0]], [[0.9479773640632629, 0.31761157512664795, 0.021486664190888405, -1.1343994140625], [0.008088619448244572, 0.04344252124428749, -0.9990231394767761, 1.588623046875], [-0.31823471188545227, 0.9472252130508423, 0.038613490760326385, -0.106201171875], [0.0, 0.0, 0.0, 1.0]], [[0.0024967973586171865, 0.9985755085945129, 0.053298115730285645, 0.001953125], [-0.017285773530602455, 0.05333341285586357, -0.998427152633667, 1.5775299072265625], [-0.9998474717140198, 0.0015716145280748606, 0.01739431545138359, -0.101165771484375], [0.0, 0.0, 0.0, 1.0]], [[-0.9349625706672668, 0.3546062111854553, 0.00996481254696846, 0.95294189453125], [0.01537174079567194, 0.06856109201908112, -0.9975284934043884, 1.5543365478515625], [-0.3544129729270935, -0.9324987530708313, -0.06955297291278839, -0.13134765625], [0.0, 0.0, 0.0, 1.0]]], "view": [[0.0, -2.0, 100.0], [-2.0, 0.0, 100.0], [0.0, 0.0, 1.0]], "bev": "bev_a3e6dde640c641b185b51f21c5cdd764.png", "aux": "aux_a3e6dde640c641b185b51f21c5cdd764.npz", "visibility": "visibility_a3e6dde640c641b185b51f21c5cdd764.png", "pose": [[-0.4960620105266571, -0.8682870864868164, 0.0, 2519.916748046875], [0.8682870864868164, -0.4960620105266571, 0.0, 1024.6961669921875], [0.0, 0.0, 1.0, 0.0], [0.0, 0.0, 0.0, 1.0]], "pose_inverse": [[-0.4960620105266571, 0.8682870864868164, 0.0, 360.3044738769531], [-0.8682870864868164, -0.4960620105266571, 0.0, 2696.323974609375], [0.0, 0.0, 1.0, 0.0], [0.0, 0.0, 0.0, 1.0]], "cam_ids": [0, 1, 2, 3, 4, 5], "cam_channels": ["CAM_FRONT_LEFT", "CAM_FRONT", "CAM_FRONT_RIGHT", "CAM_BACK_LEFT", "CAM_BACK", "CAM_BACK_RIGHT"], "token": "a3e6dde640c641b185b51f21c5cdd764", "scene": "scene-0848"}, {"images": ["samples/CAM_FRONT_LEFT/n015-2018-10-08-16-03-24+0800__CAM_FRONT_LEFT__1538985830254844.jpg", "samples/CAM_FRONT/n015-2018-10-08-16-03-24+0800__CAM_FRONT__1538985830262460.jpg", "samples/CAM_FRONT_RIGHT/n015-2018-10-08-16-03-24+0800__CAM_FRONT_RIGHT__1538985830270339.jpg", "samples/CAM_BACK_LEFT/n015-2018-10-08-16-03-24+0800__CAM_BACK_LEFT__1538985830297423.jpg", "samples/CAM_BACK/n015-2018-10-08-16-03-24+0800__CAM_BACK__1538985830287552.jpg", "samples/CAM_BACK_RIGHT/n015-2018-10-08-16-03-24+0800__CAM_BACK_RIGHT__1538985830277893.jpg"], "intrinsics": [[[1272.5979470598488, 0.0, 826.6154927353808], [0.0, 1272.5979470598488, 479.75165386361925], [0.0, 0.0, 1.0]], [[1266.417203046554, 0.0, 816.2670197447984], [0.0, 1266.417203046554, 491.50706579294757], [0.0, 0.0, 1.0]], [[1260.8474446004698, 0.0, 807.968244525554], [0.0, 1260.8474446004698, 495.3344268742088], [0.0, 0.0, 1.0]], [[1256.7414812095406, 0.0, 792.1125740759628], [0.0, 1256.7414812095406, 492.7757465151356], [0.0, 0.0, 1.0]], [[809.2209905677063, 0.0, 829.2196003259838], [0.0, 809.2209905677063, 481.77842384512485], [0.0, 0.0, 1.0]], [[1259.5137405846733, 0.0, 807.2529053838625], [0.0, 1259.5137405846733, 501.19579884916527], [0.0, 0.0, 1.0]]], "extrinsics": [[[0.8211309909820557, -0.5693848133087158, -0.03930361941456795, -0.6177978515625], [0.002268438693135977, 0.07211969047784805, -0.9973933696746826, 1.5089111328125], [0.5707352161407471, 0.818901538848877, 0.060511332005262375, -1.0439453125], [0.0, 0.0, 0.0, 1.0]], [[0.006260287947952747, -0.9976584911346436, -0.06810527294874191, 0.0107421875], [-0.003099696710705757, 0.06808692961931229, -0.9976746439933777, 1.519195556640625], [0.9999755620956421, 0.006456858478486538, -0.0026661951560527086, -1.3431396484375], [0.0, 0.0, 0.0, 1.0]], [[-0.8326255679130554, -0.5516420006752014, -0.049252405762672424, 0.80419921875], [0.0024353591725230217, 0.08528190851211548, -0.9963538646697998, 1.5040130615234375], [0.5538309812545776, -0.8297096490859985, -0.06966444849967957, -1.093017578125], [0.0, 0.0, 0.0, 1.0]], [[0.948004961013794, 0.31703534722328186, 0.027841659262776375, -1.1298828125], [0.010846837423741817, 0.05524508282542229, -0.9984138607978821, 1.588714599609375], [-0.3180706202983856, 0.9468033313751221, 0.048933789134025574, -0.108154296875], [0.0, 0.0, 0.0, 1.0]], [[0.002732721157371998, 0.9978756904602051, 0.06508933752775192, 0.001953125], [-0.014451801776885986, 0.06512219458818436, -0.9977726340293884, 1.5776824951171875], [-0.9998918175697327, 0.0017859428189694881, 0.014599061571061611, -0.107452392578125], [0.0, 0.0, 0.0, 1.0]], [[-0.9348204731941223, 0.3549354374408722, 0.011469594202935696, 0.94512939453125], [0.018269862979650497, 0.08032350242137909, -0.996601402759552, 1.5549468994140625], [-0.35465043783187866, -0.9314338564872742, -0.08157266676425934, -0.133544921875], [0.0, 0.0, 0.0, 1.0]]], "view": [[0.0, -2.0, 100.0], [-2.0, 0.0, 100.0], [0.0, 0.0, 1.0]], "bev": "bev_9cd19752aa2443b0a61bbfaf25f9e83d.png", "aux": "aux_9cd19752aa2443b0a61bbfaf25f9e83d.npz", "visibility": "visibility_9cd19752aa2443b0a61bbfaf25f9e83d.png", "pose": [[-0.478861927986145, -0.8778902292251587, 0.0, 2517.586669921875], [0.8778902292251587, -0.478861927986145, 0.0, 1028.9366455078125], [0.0, 0.0, 1.0, 0.0], [0.0, 0.0, 0.0, 1.0]], "pose_inverse": [[-0.478861927986145, 0.8778902292251587, 0.0, 302.282958984375], [-0.8778902292251587, -0.478861927986145, 0.0, 2702.88330078125], [0.0, 0.0, 1.0, 0.0], [0.0, 0.0, 0.0, 1.0]], "cam_ids": [0, 1, 2, 3, 4, 5], "cam_channels": ["CAM_FRONT_LEFT", "CAM_FRONT", "CAM_FRONT_RIGHT", "CAM_BACK_LEFT", "CAM_BACK", "CAM_BACK_RIGHT"], "token": "9cd19752aa2443b0a61bbfaf25f9e83d", "scene": "scene-0848"}, {"images": ["samples/CAM_FRONT_LEFT/n015-2018-10-08-16-03-24+0800__CAM_FRONT_LEFT__1538985830754844.jpg", "samples/CAM_FRONT/n015-2018-10-08-16-03-24+0800__CAM_FRONT__1538985830762460.jpg", "samples/CAM_FRONT_RIGHT/n015-2018-10-08-16-03-24+0800__CAM_FRONT_RIGHT__1538985830770339.jpg", "samples/CAM_BACK_LEFT/n015-2018-10-08-16-03-24+0800__CAM_BACK_LEFT__1538985830797423.jpg", "samples/CAM_BACK/n015-2018-10-08-16-03-24+0800__CAM_BACK__1538985830788184.jpg", "samples/CAM_BACK_RIGHT/n015-2018-10-08-16-03-24+0800__CAM_BACK_RIGHT__1538985830777893.jpg"], "intrinsics": [[[1272.5979470598488, 0.0, 826.6154927353808], [0.0, 1272.5979470598488, 479.75165386361925], [0.0, 0.0, 1.0]], [[1266.417203046554, 0.0, 816.2670197447984], [0.0, 1266.417203046554, 491.50706579294757], [0.0, 0.0, 1.0]], [[1260.8474446004698, 0.0, 807.968244525554], [0.0, 1260.8474446004698, 495.3344268742088], [0.0, 0.0, 1.0]], [[1256.7414812095406, 0.0, 792.1125740759628], [0.0, 1256.7414812095406, 492.7757465151356], [0.0, 0.0, 1.0]], [[809.2209905677063, 0.0, 829.2196003259838], [0.0, 809.2209905677063, 481.77842384512485], [0.0, 0.0, 1.0]], [[1259.5137405846733, 0.0, 807.2529053838625], [0.0, 1259.5137405846733, 501.19579884916527], [0.0, 0.0, 1.0]]], "extrinsics": [[[0.8176944851875305, -0.5730170011520386, -0.05502133071422577, -0.618896484375], [-0.009549044072628021, 0.08206566423177719, -0.9965811371803284, 1.5040740966796875], [0.5755732655525208, 0.8154242634773254, 0.061632875353097916, -1.0390625], [0.0, 0.0, 0.0, 1.0]], [[0.000847994233481586, -0.9969384670257568, -0.07818525284528732, 0.0068359375], [-0.014923418872058392, 0.07816396653652191, -0.9968288540840149, 1.5152435302734375], [0.9998883008956909, 0.002012065378949046, -0.014811447821557522, -1.34320068359375], [0.0, 0.0, 0.0, 1.0]], [[-0.8354162573814392, -0.5477910041809082, -0.04477400332689285, 0.8038330078125], [-0.009226958267390728, 0.09543072432279587, -0.9953932762145996, 1.501068115234375], [0.5495403409004211, -0.8311545848846436, -0.08477882295846939, -1.097900390625], [0.0, 0.0, 0.0, 1.0]], [[0.9484114646911621, 0.31638073921203613, 0.020467743277549744, -1.1263427734375], [-0.000451401574537158, 0.06590589880943298, -0.9978257417678833, 1.5885772705078125], [-0.3170417547225952, 0.9463402032852173, 0.0626487284898758, -0.108642578125], [0.0, 0.0, 0.0, 1.0]], [[0.005289189517498016, 0.9971283078193665, 0.07554658502340317, 0.00341796875], [-0.025928238406777382, 0.07565899193286896, -0.9967965483665466, 1.5766754150390625], [-0.9996498227119446, 0.0033134182449430227, 0.026253949850797653, -0.102447509765625], [0.0, 0.0, 0.0, 1.0]], [[-0.933461606502533, 0.3577137589454651, 0.02627376653254032, 0.94744873046875], [0.006678212434053421, 0.0905725359916687, -0.9958674907684326, 1.55279541015625], [-0.3586151897907257, -0.9294286370277405, -0.08693486452102661, -0.136474609375], [0.0, 0.0, 0.0, 1.0]]], "view": [[0.0, -2.0, 100.0], [-2.0, 0.0, 100.0], [0.0, 0.0, 1.0]], "bev": "bev_4c31d3a7ea2f432082f1015afb9555e2.png", "aux": "aux_4c31d3a7ea2f432082f1015afb9555e2.npz", "visibility": "visibility_4c31d3a7ea2f432082f1015afb9555e2.png", "pose": [[-0.48600631952285767, -0.8739553093910217, 0.0, 2515.317138671875], [0.8739553093910217, -0.48600631952285767, 0.0, 1033.1934814453125], [0.0, 0.0, 1.0, 0.0], [0.0, 0.0, 0.0, 1.0]], "pose_inverse": [[-0.48600631952285767, 0.8739553093910217, 0.0, 319.4951477050781], [-0.8739553093910217, -0.48600631952285767, 0.0, 2700.413330078125], [0.0, 0.0, 1.0, 0.0], [0.0, 0.0, 0.0, 1.0]], "cam_ids": [0, 1, 2, 3, 4, 5], "cam_channels": ["CAM_FRONT_LEFT", "CAM_FRONT", "CAM_FRONT_RIGHT", "CAM_BACK_LEFT", "CAM_BACK", "CAM_BACK_RIGHT"], "token": "4c31d3a7ea2f432082f1015afb9555e2", "scene": "scene-0848"}, {"images": ["samples/CAM_FRONT_LEFT/n015-2018-10-08-16-03-24+0800__CAM_FRONT_LEFT__1538985831254844.jpg", "samples/CAM_FRONT/n015-2018-10-08-16-03-24+0800__CAM_FRONT__1538985831262460.jpg", "samples/CAM_FRONT_RIGHT/n015-2018-10-08-16-03-24+0800__CAM_FRONT_RIGHT__1538985831270403.jpg", "samples/CAM_BACK_LEFT/n015-2018-10-08-16-03-24+0800__CAM_BACK_LEFT__1538985831297423.jpg", "samples/CAM_BACK/n015-2018-10-08-16-03-24+0800__CAM_BACK__1538985831287525.jpg", "samples/CAM_BACK_RIGHT/n015-2018-10-08-16-03-24+0800__CAM_BACK_RIGHT__1538985831277893.jpg"], "intrinsics": [[[1272.5979470598488, 0.0, 826.6154927353808], [0.0, 1272.5979470598488, 479.75165386361925], [0.0, 0.0, 1.0]], [[1266.417203046554, 0.0, 816.2670197447984], [0.0, 1266.417203046554, 491.50706579294757], [0.0, 0.0, 1.0]], [[1260.8474446004698, 0.0, 807.968244525554], [0.0, 1260.8474446004698, 495.3344268742088], [0.0, 0.0, 1.0]], [[1256.7414812095406, 0.0, 792.1125740759628], [0.0, 1256.7414812095406, 492.7757465151356], [0.0, 0.0, 1.0]], [[809.2209905677063, 0.0, 829.2196003259838], [0.0, 809.2209905677063, 481.77842384512485], [0.0, 0.0, 1.0]], [[1259.5137405846733, 0.0, 807.2529053838625], [0.0, 1259.5137405846733, 501.19579884916527], [0.0, 0.0, 1.0]]], "extrinsics": [[[0.8180946111679077, -0.5730841755867004, -0.04791368544101715, -0.623291015625], [0.0002207447832915932, 0.08362895250320435, -0.9964969158172607, 1.5078887939453125], [0.5750836133956909, 0.8152182102203369, 0.06854289770126343, -1.046630859375], [0.0, 0.0, 0.0, 1.0]], [[0.00176930520683527, -0.9968371987342834, -0.07945050299167633, 0.010498046875], [-0.004958386532962322, 0.0794408991932869, -0.9968273043632507, 1.51849365234375], [0.9999861717224121, 0.002157722134143114, -0.004802145063877106, -1.349609375], [0.0, 0.0, 0.0, 1.0]], [[-0.8346606492996216, -0.5481293201446533, -0.053812503814697266, 0.810302734375], [0.0008538926485925913, 0.0964171439409256, -0.9953405857086182, 1.503509521484375], [0.5507638454437256, -0.8308176398277283, -0.08000756055116653, -1.097412109375], [0.0, 0.0, 0.0, 1.0]], [[0.9482084512710571, 0.3162061870098114, 0.030236374586820602, -1.1279296875], [0.009914289228618145, 0.06568112224340439, -0.9977914094924927, 1.5886993408203125], [-0.3174937665462494, 0.9464141130447388, 0.05914444848895073, -0.10888671875], [0.0, 0.0, 0.0, 1.0]], [[0.004441824741661549, 0.9971107244491577, 0.07583155483007431, 0.001708984375], [-0.015636170282959938, 0.07589227706193924, -0.9969934225082397, 1.5775299072265625], [-0.9998679161071777, 0.0032427434343844652, 0.01592809148132801, -0.10601806640625], [0.0, 0.0, 0.0, 1.0]], [[-0.9338408708572388, 0.3572876751422882, 0.016931533813476562, 0.95001220703125], [0.016859382390975952, 0.09124989062547684, -0.995685338973999, 1.5545501708984375], [-0.3572910726070404, -0.9295263290405273, -0.09123653918504715, -0.1318359375], [0.0, 0.0, 0.0, 1.0]]], "view": [[0.0, -2.0, 100.0], [-2.0, 0.0, 100.0], [0.0, 0.0, 1.0]], "bev": "bev_3c58e0f441984b789a0eaf2e0ac55baf.png", "aux": "aux_3c58e0f441984b789a0eaf2e0ac55baf.npz", "visibility": "visibility_3c58e0f441984b789a0eaf2e0ac55baf.png", "pose": [[-0.515460729598999, -0.8569132089614868, 0.0, 2512.9921875], [0.8569132089614868, -0.515460729598999, 0.0, 1037.281005859375], [0.0, 0.0, 1.0, 0.0], [0.0, 0.0, 0.0, 1.0]], "pose_inverse": [[-0.515460729598999, 0.8569132089614868, 0.0, 406.4889221191406], [-0.8569132089614868, -0.515460729598999, 0.0, 2688.09375], [0.0, 0.0, 1.0, 0.0], [0.0, 0.0, 0.0, 1.0]], "cam_ids": [0, 1, 2, 3, 4, 5], "cam_channels": ["CAM_FRONT_LEFT", "CAM_FRONT", "CAM_FRONT_RIGHT", "CAM_BACK_LEFT", "CAM_BACK", "CAM_BACK_RIGHT"], "token": "3c58e0f441984b789a0eaf2e0ac55baf", "scene": "scene-0848"}, {"images": ["samples/CAM_FRONT_LEFT/n015-2018-10-08-16-03-24+0800__CAM_FRONT_LEFT__1538985831754844.jpg", "samples/CAM_FRONT/n015-2018-10-08-16-03-24+0800__CAM_FRONT__1538985831762460.jpg", "samples/CAM_FRONT_RIGHT/n015-2018-10-08-16-03-24+0800__CAM_FRONT_RIGHT__1538985831770339.jpg", "samples/CAM_BACK_LEFT/n015-2018-10-08-16-03-24+0800__CAM_BACK_LEFT__1538985831797423.jpg", "samples/CAM_BACK/n015-2018-10-08-16-03-24+0800__CAM_BACK__1538985831787525.jpg", "samples/CAM_BACK_RIGHT/n015-2018-10-08-16-03-24+0800__CAM_BACK_RIGHT__1538985831777893.jpg"], "intrinsics": [[[1272.5979470598488, 0.0, 826.6154927353808], [0.0, 1272.5979470598488, 479.75165386361925], [0.0, 0.0, 1.0]], [[1266.417203046554, 0.0, 816.2670197447984], [0.0, 1266.417203046554, 491.50706579294757], [0.0, 0.0, 1.0]], [[1260.8474446004698, 0.0, 807.968244525554], [0.0, 1260.8474446004698, 495.3344268742088], [0.0, 0.0, 1.0]], [[1256.7414812095406, 0.0, 792.1125740759628], [0.0, 1256.7414812095406, 492.7757465151356], [0.0, 0.0, 1.0]], [[809.2209905677063, 0.0, 829.2196003259838], [0.0, 809.2209905677063, 481.77842384512485], [0.0, 0.0, 1.0]], [[1259.5137405846733, 0.0, 807.2529053838625], [0.0, 1259.5137405846733, 501.19579884916527], [0.0, 0.0, 1.0]]], "extrinsics": [[[0.8179892301559448, -0.572650134563446, -0.054455336183309555, -0.6328125], [-0.008930034004151821, 0.08201349526643753, -0.9965912103652954, 1.504150390625], [0.5751641392707825, 0.8156872391700745, 0.061972375959157944, -1.054443359375], [0.0, 0.0, 0.0, 1.0]], [[0.0016415485879406333, -0.9969646334648132, -0.07783824950456619, 0.011474609375], [-0.014569093473255634, 0.0778062492609024, -0.9968621134757996, 1.5152587890625], [0.99989253282547, 0.002770413411781192, -0.014397150836884975, -1.359222412109375], [0.0, 0.0, 0.0, 1.0]], [[-0.8348155617713928, -0.5487288236618042, -0.044493310153484344, 0.8162841796875], [-0.009216430597007275, 0.0947377160191536, -0.9954595565795898, 1.5007781982421875], [0.5504525899887085, -0.8306151032447815, -0.08414583653211594, -1.1005859375], [0.0, 0.0, 0.0, 1.0]], [[0.9483824968338013, 0.31657782196998596, 0.018689453601837158, -1.129150390625], [-0.0016494359588250518, 0.0638565942645073, -0.997957706451416, 1.588531494140625], [-0.31712469458580017, 0.9464147090911865, 0.06108264625072479, -0.108154296875], [0.0, 0.0, 0.0, 1.0]], [[0.00481291301548481, 0.9972479343414307, 0.07398360967636108, 0.001220703125], [-0.02670864760875702, 0.0740862712264061, -0.9968941807746887, 1.5764007568359375], [-0.9996317028999329, 0.0028219681698828936, 0.026991713792085648, -0.10284423828125], [0.0, 0.0, 0.0, 1.0]], [[-0.9338183403015137, 0.3567924499511719, 0.02612326294183731, 0.954437255859375], [0.006341130938380957, 0.08951792120933533, -0.9959650039672852, 1.5523223876953125], [-0.3576912581920624, -0.9298847913742065, -0.08585593849420547, -0.129638671875], [0.0, 0.0, 0.0, 1.0]]], "view": [[0.0, -2.0, 100.0], [-2.0, 0.0, 100.0], [0.0, 0.0, 1.0]], "bev": "bev_2b1b98423c124e1c91c2a6b948c6ee22.png", "aux": "aux_2b1b98423c124e1c91c2a6b948c6ee22.npz", "visibility": "visibility_2b1b98423c124e1c91c2a6b948c6ee22.png", "pose": [[-0.5409091711044312, -0.8410810232162476, 0.0, 2510.586181640625], [0.8410810232162476, -0.5409091711044312, 0.0, 1041.27880859375], [0.0, 0.0, 1.0, 0.0], [0.0, 0.0, 0.0, 1.0]], "pose_inverse": [[-0.5409091711044312, 0.8410810232162476, 0.0, 482.1993408203125], [-0.8410810232162476, -0.5409091711044312, 0.0, 2674.843505859375], [0.0, 0.0, 1.0, 0.0], [0.0, 0.0, 0.0, 1.0]], "cam_ids": [0, 1, 2, 3, 4, 5], "cam_channels": ["CAM_FRONT_LEFT", "CAM_FRONT", "CAM_FRONT_RIGHT", "CAM_BACK_LEFT", "CAM_BACK", "CAM_BACK_RIGHT"], "token": "2b1b98423c124e1c91c2a6b948c6ee22", "scene": "scene-0848"}, {"images": ["samples/CAM_FRONT_LEFT/n015-2018-10-08-16-03-24+0800__CAM_FRONT_LEFT__1538985832254844.jpg", "samples/CAM_FRONT/n015-2018-10-08-16-03-24+0800__CAM_FRONT__1538985832262460.jpg", "samples/CAM_FRONT_RIGHT/n015-2018-10-08-16-03-24+0800__CAM_FRONT_RIGHT__1538985832270339.jpg", "samples/CAM_BACK_LEFT/n015-2018-10-08-16-03-24+0800__CAM_BACK_LEFT__1538985832297423.jpg", "samples/CAM_BACK/n015-2018-10-08-16-03-24+0800__CAM_BACK__1538985832287570.jpg", "samples/CAM_BACK_RIGHT/n015-2018-10-08-16-03-24+0800__CAM_BACK_RIGHT__1538985832277893.jpg"], "intrinsics": [[[1272.5979470598488, 0.0, 826.6154927353808], [0.0, 1272.5979470598488, 479.75165386361925], [0.0, 0.0, 1.0]], [[1266.417203046554, 0.0, 816.2670197447984], [0.0, 1266.417203046554, 491.50706579294757], [0.0, 0.0, 1.0]], [[1260.8474446004698, 0.0, 807.968244525554], [0.0, 1260.8474446004698, 495.3344268742088], [0.0, 0.0, 1.0]], [[1256.7414812095406, 0.0, 792.1125740759628], [0.0, 1256.7414812095406, 492.7757465151356], [0.0, 0.0, 1.0]], [[809.2209905677063, 0.0, 829.2196003259838], [0.0, 809.2209905677063, 481.77842384512485], [0.0, 0.0, 1.0]], [[1259.5137405846733, 0.0, 807.2529053838625], [0.0, 1259.5137405846733, 501.19579884916527], [0.0, 0.0, 1.0]]], "extrinsics": [[[0.8198264241218567, -0.5707694292068481, -0.045901522040367126, -0.639892578125], [-0.009783010929822922, 0.06618835777044296, -0.997759222984314, 1.50408935546875], [0.572528600692749, 0.8184384107589722, 0.04867911711335182, -1.05908203125], [0.0, 0.0, 0.0, 1.0]], [[0.004086541011929512, -0.9980737566947937, -0.061901893466711044, 0.01025390625], [-0.015067079104483128, 0.061833932995796204, -0.9979727268218994, 1.515411376953125], [0.9998781681060791, 0.0050109438598155975, -0.014785367995500565, -1.3673095703125], [0.0, 0.0, 0.0, 1.0]], [[-0.8339083194732666, -0.550751805305481, -0.035627640783786774, 0.8216552734375], [-0.009397485293447971, 0.078714519739151, -0.9968528747558594, 1.501007080078125], [0.55182284116745, -0.8309491276741028, -0.07081637531518936, -1.1055908203125], [0.0, 0.0, 0.0, 1.0]], [[0.9481673836708069, 0.31743767857551575, 0.014557153917849064, -1.1304931640625], [-0.0006001112633384764, 0.04759881645441055, -0.9988663196563721, 1.5885391235351562], [-0.31777071952819824, 0.9470838308334351, 0.04532214254140854, -0.107666015625], [0.0, 0.0, 0.0, 1.0]], [[0.003841658355668187, 0.998321533203125, 0.057787928730249405, 0.00244140625], [-0.026083240285515785, 0.057868726551532745, -0.9979833960533142, 1.576690673828125], [-0.9996523857116699, 0.0023266314528882504, 0.026261767372488976, -0.09869384765625], [0.0, 0.0, 0.0, 1.0]], [[-0.934253454208374, 0.35604190826416016, 0.02011621743440628, 0.960418701171875], [0.006510313134640455, 0.07342889904975891, -0.9972792267799377, 1.5525054931640625], [-0.3565502464771271, -0.9315806031227112, -0.07091914117336273, -0.128173828125], [0.0, 0.0, 0.0, 1.0]]], "view": [[0.0, -2.0, 100.0], [-2.0, 0.0, 100.0], [0.0, 0.0, 1.0]], "bev": "bev_115263acdf7d43698a0489b0f75e9c06.png", "aux": "aux_115263acdf7d43698a0489b0f75e9c06.npz", "visibility": "visibility_115263acdf7d43698a0489b0f75e9c06.png", "pose": [[-0.5542935729026794, -0.8323212265968323, 0.0, 2508.175537109375], [0.8323212265968323, -0.5542935729026794, 0.0, 1045.0643310546875], [0.0, 0.0, 1.0, 0.0], [0.0, 0.0, 0.0, 1.0]], "pose_inverse": [[-0.5542935729026794, 0.8323212265968323, 0.0, 520.4363403320312], [-0.8323212265968323, -0.5542935729026794, 0.0, 2666.880126953125], [0.0, 0.0, 1.0, 0.0], [0.0, 0.0, 0.0, 1.0]], "cam_ids": [0, 1, 2, 3, 4, 5], "cam_channels": ["CAM_FRONT_LEFT", "CAM_FRONT", "CAM_FRONT_RIGHT", "CAM_BACK_LEFT", "CAM_BACK", "CAM_BACK_RIGHT"], "token": "115263acdf7d43698a0489b0f75e9c06", "scene": "scene-0848"}, {"images": ["samples/CAM_FRONT_LEFT/n015-2018-10-08-16-03-24+0800__CAM_FRONT_LEFT__1538985832754844.jpg", "samples/CAM_FRONT/n015-2018-10-08-16-03-24+0800__CAM_FRONT__1538985832762460.jpg", "samples/CAM_FRONT_RIGHT/n015-2018-10-08-16-03-24+0800__CAM_FRONT_RIGHT__1538985832770339.jpg", "samples/CAM_BACK_LEFT/n015-2018-10-08-16-03-24+0800__CAM_BACK_LEFT__1538985832797423.jpg", "samples/CAM_BACK/n015-2018-10-08-16-03-24+0800__CAM_BACK__1538985832787525.jpg", "samples/CAM_BACK_RIGHT/n015-2018-10-08-16-03-24+0800__CAM_BACK_RIGHT__1538985832777893.jpg"], "intrinsics": [[[1272.5979470598488, 0.0, 826.6154927353808], [0.0, 1272.5979470598488, 479.75165386361925], [0.0, 0.0, 1.0]], [[1266.417203046554, 0.0, 816.2670197447984], [0.0, 1266.417203046554, 491.50706579294757], [0.0, 0.0, 1.0]], [[1260.8474446004698, 0.0, 807.968244525554], [0.0, 1260.8474446004698, 495.3344268742088], [0.0, 0.0, 1.0]], [[1256.7414812095406, 0.0, 792.1125740759628], [0.0, 1256.7414812095406, 492.7757465151356], [0.0, 0.0, 1.0]], [[809.2209905677063, 0.0, 829.2196003259838], [0.0, 809.2209905677063, 481.77842384512485], [0.0, 0.0, 1.0]], [[1259.5137405846733, 0.0, 807.2529053838625], [0.0, 1259.5137405846733, 501.19579884916527], [0.0, 0.0, 1.0]]], "extrinsics": [[[0.8212359547615051, -0.5693791508674622, -0.03713275119662285, -0.6536865234375], [-0.006146089173853397, 0.056247007101774216, -0.998397946357727, 1.505645751953125], [0.570555567741394, 0.8201485276222229, 0.04269261285662651, -1.070556640625], [0.0, 0.0, 0.0, 1.0]], [[0.00626888033002615, -0.9986123442649841, -0.0522882342338562, 0.01123046875], [-0.011545896530151367, 0.05221349745988846, -0.9985691905021667, 1.5167388916015625], [0.9999136328697205, 0.006863750983029604, -0.011202550493180752, -1.3834228515625], [0.0, 0.0, 0.0, 1.0]], [[-0.8328214883804321, -0.5525333285331726, -0.03339517116546631, 0.833740234375], [-0.006034871097654104, 0.06938955932855606, -0.9975713491439819, 1.501953125], [0.5535086393356323, -0.8305974006652832, -0.06112358346581459, -1.112548828125], [0.0, 0.0, 0.0, 1.0]], [[0.948032557964325, 0.31784552335739136, 0.014437578618526459, -1.13623046875], [0.002198268426582217, 0.03883214667439461, -0.9992433190345764, 1.5885696411132812], [-0.31816565990448, 0.9473470449447632, 0.03611543029546738, -0.105712890625], [0.0, 0.0, 0.0, 1.0]], [[0.0028324725572019815, 0.9987999796867371, 0.04889332503080368, 0.001708984375], [-0.023051952943205833, 0.04894574359059334, -0.9985353946685791, 1.5771942138671875], [-0.9997302889823914, 0.001701259519904852, 0.023162929341197014, -0.08966064453125], [0.0, 0.0, 0.0, 1.0]], [[-0.9348101019859314, 0.3548814654350281, 0.013758094981312752, 0.9715576171875], [0.009739279747009277, 0.06434066593647003, -0.9978805184364319, 1.5529937744140625], [-0.35501450300216675, -0.9326947331428528, -0.06360259652137756, -0.123291015625], [0.0, 0.0, 0.0, 1.0]]], "view": [[0.0, -2.0, 100.0], [-2.0, 0.0, 100.0], [0.0, 0.0, 1.0]], "bev": "bev_8eb69be65643461b9677e14299a679f4.png", "aux": "aux_8eb69be65643461b9677e14299a679f4.npz", "visibility": "visibility_8eb69be65643461b9677e14299a679f4.png", "pose": [[-0.5480029582977295, -0.8364763855934143, 0.0, 2505.820068359375], [0.8364763855934143, -0.5480029582977295, 0.0, 1048.738037109375], [0.0, 0.0, 1.0, 0.0], [0.0, 0.0, 0.0, 1.0]], "pose_inverse": [[-0.5480029582977295, 0.8364763855934143, 0.0, 495.9521179199219], [-0.8364763855934143, -0.5480029582977295, 0.0, 2670.77099609375], [0.0, 0.0, 1.0, 0.0], [0.0, 0.0, 0.0, 1.0]], "cam_ids": [0, 1, 2, 3, 4, 5], "cam_channels": ["CAM_FRONT_LEFT", "CAM_FRONT", "CAM_FRONT_RIGHT", "CAM_BACK_LEFT", "CAM_BACK", "CAM_BACK_RIGHT"], "token": "8eb69be65643461b9677e14299a679f4", "scene": "scene-0848"}, {"images": ["samples/CAM_FRONT_LEFT/n015-2018-10-08-16-03-24+0800__CAM_FRONT_LEFT__1538985833254844.jpg", "samples/CAM_FRONT/n015-2018-10-08-16-03-24+0800__CAM_FRONT__1538985833262460.jpg", "samples/CAM_FRONT_RIGHT/n015-2018-10-08-16-03-24+0800__CAM_FRONT_RIGHT__1538985833270339.jpg", "samples/CAM_BACK_LEFT/n015-2018-10-08-16-03-24+0800__CAM_BACK_LEFT__1538985833297423.jpg", "samples/CAM_BACK/n015-2018-10-08-16-03-24+0800__CAM_BACK__1538985833287525.jpg", "samples/CAM_BACK_RIGHT/n015-2018-10-08-16-03-24+0800__CAM_BACK_RIGHT__1538985833277893.jpg"], "intrinsics": [[[1272.5979470598488, 0.0, 826.6154927353808], [0.0, 1272.5979470598488, 479.75165386361925], [0.0, 0.0, 1.0]], [[1266.417203046554, 0.0, 816.2670197447984], [0.0, 1266.417203046554, 491.50706579294757], [0.0, 0.0, 1.0]], [[1260.8474446004698, 0.0, 807.968244525554], [0.0, 1260.8474446004698, 495.3344268742088], [0.0, 0.0, 1.0]], [[1256.7414812095406, 0.0, 792.1125740759628], [0.0, 1256.7414812095406, 492.7757465151356], [0.0, 0.0, 1.0]], [[809.2209905677063, 0.0, 829.2196003259838], [0.0, 809.2209905677063, 481.77842384512485], [0.0, 0.0, 1.0]], [[1259.5137405846733, 0.0, 807.2529053838625], [0.0, 1259.5137405846733, 501.19579884916527], [0.0, 0.0, 1.0]]], "extrinsics": [[[0.822613537311554, -0.5677632689476013, -0.030850984156131744, -0.6488037109375], [-0.004556027706712484, 0.047674331814050674, -0.998852550983429, 1.5063858032226562], [0.5685825347900391, 0.8218101859092712, 0.03663080930709839, -1.064453125], [0.0, 0.0, 0.0, 1.0]], [[0.008185409009456635, -0.9990218877792358, -0.04345489665865898, 0.00927734375], [-0.009944353252649307, 0.043372880667448044, -0.9990094900131226, 1.5173263549804688], [0.9999170303344727, 0.008609422482550144, -0.009579600766301155, -1.376312255859375], [0.0, 0.0, 0.0, 1.0]], [[-0.8320282697677612, -0.5539337992668152, -0.029769903048872948, 0.8271484375], [-0.004448281601071358, 0.06032577157020569, -0.9981687664985657, 1.5025177001953125], [0.5547153949737549, -0.8303722143173218, -0.05265679582953453, -1.111328125], [0.0, 0.0, 0.0, 1.0]], [[0.9479184746742249, 0.3182442784309387, 0.013080027885735035, -1.133056640625], [0.0040270485915243626, 0.029087940230965614, -0.9995687007904053, 1.5886077880859375], [-0.3184875249862671, 0.9475624561309814, 0.026291415095329285, -0.10693359375], [0.0, 0.0, 0.0, 1.0]], [[0.0021134743001312017, 0.9992199540138245, 0.039435550570487976, 0.002685546875], [-0.021316945552825928, 0.039471693336963654, -0.9989933371543884, 1.5773086547851562], [-0.9997705221176147, 0.0012707087444141507, 0.02138373628258705, -0.094451904296875], [0.0, 0.0, 0.0, 1.0]], [[-0.9351804852485657, 0.35405996441841125, 0.008889093063771725, 0.96734619140625], [0.011378083378076553, 0.05511937290430069, -0.998414933681488, 1.553497314453125], [-0.35398876667022705, -0.9335970878601074, -0.055575087666511536, -0.12744140625], [0.0, 0.0, 0.0, 1.0]]], "view": [[0.0, -2.0, 100.0], [-2.0, 0.0, 100.0], [0.0, 0.0, 1.0]], "bev": "bev_5bd126dd978e4b0b9f938c48ef972dc3.png", "aux": "aux_5bd126dd978e4b0b9f938c48ef972dc3.npz", "visibility": "visibility_5bd126dd978e4b0b9f938c48ef972dc3.png", "pose": [[-0.5230942964553833, -0.8522748351097107, 0.0, 2503.5234375], [0.8522748351097107, -0.5230942964553833, 0.0, 1052.4412841796875], [0.0, 0.0, 1.0, 0.0], [0.0, 0.0, 0.0, 1.0]], "pose_inverse": [[-0.5230942964553833, 0.8522748351097107, 0.0, 412.609619140625], [-0.8522748351097107, -0.5230942964553833, 0.0, 2684.216064453125], [0.0, 0.0, 1.0, 0.0], [0.0, 0.0, 0.0, 1.0]], "cam_ids": [0, 1, 2, 3, 4, 5], "cam_channels": ["CAM_FRONT_LEFT", "CAM_FRONT", "CAM_FRONT_RIGHT", "CAM_BACK_LEFT", "CAM_BACK", "CAM_BACK_RIGHT"], "token": "5bd126dd978e4b0b9f938c48ef972dc3", "scene": "scene-0848"}, {"images": ["samples/CAM_FRONT_LEFT/n015-2018-10-08-16-03-24+0800__CAM_FRONT_LEFT__1538985833754844.jpg", "samples/CAM_FRONT/n015-2018-10-08-16-03-24+0800__CAM_FRONT__1538985833762460.jpg", "samples/CAM_FRONT_RIGHT/n015-2018-10-08-16-03-24+0800__CAM_FRONT_RIGHT__1538985833770339.jpg", "samples/CAM_BACK_LEFT/n015-2018-10-08-16-03-24+0800__CAM_BACK_LEFT__1538985833797423.jpg", "samples/CAM_BACK/n015-2018-10-08-16-03-24+0800__CAM_BACK__1538985833787525.jpg", "samples/CAM_BACK_RIGHT/n015-2018-10-08-16-03-24+0800__CAM_BACK_RIGHT__1538985833777893.jpg"], "intrinsics": [[[1272.5979470598488, 0.0, 826.6154927353808], [0.0, 1272.5979470598488, 479.75165386361925], [0.0, 0.0, 1.0]], [[1266.417203046554, 0.0, 816.2670197447984], [0.0, 1266.417203046554, 491.50706579294757], [0.0, 0.0, 1.0]], [[1260.8474446004698, 0.0, 807.968244525554], [0.0, 1260.8474446004698, 495.3344268742088], [0.0, 0.0, 1.0]], [[1256.7414812095406, 0.0, 792.1125740759628], [0.0, 1256.7414812095406, 492.7757465151356], [0.0, 0.0, 1.0]], [[809.2209905677063, 0.0, 829.2196003259838], [0.0, 809.2209905677063, 481.77842384512485], [0.0, 0.0, 1.0]], [[1259.5137405846733, 0.0, 807.2529053838625], [0.0, 1259.5137405846733, 501.19579884916527], [0.0, 0.0, 1.0]]], "extrinsics": [[[0.824276864528656, -0.5657416582107544, -0.022452007979154587, -0.659423828125], [-0.004231784027069807, 0.03349769860506058, -0.9994298219680786, 1.5066604614257812], [0.5661711692810059, 0.823901891708374, 0.02521728165447712, -1.071044921875], [0.0, 0.0, 0.0, 1.0]], [[0.010752618312835693, -0.9995205998420715, -0.02903328463435173, 0.009521484375], [-0.009413911029696465, 0.028932491317391396, -0.9995370507240295, 1.51763916015625], [0.999897837638855, 0.011021018959581852, -0.009098297916352749, -1.388458251953125], [0.0, 0.0, 0.0, 1.0]], [[-0.8308050632476807, -0.5561169385910034, -0.022290300577878952, 0.8369140625], [-0.0037645245902240276, 0.04566391557455063, -0.9989497065544128, 1.5027236938476562], [0.5565507411956787, -0.8298486471176147, -0.04003132879734039, -1.116943359375], [0.0, 0.0, 0.0, 1.0]], [[0.9478276371955872, 0.3186453580856323, 0.009380963630974293, -1.13818359375], [0.005310943350195885, 0.013639301061630249, -0.9998928308486938, 1.5885848999023438], [-0.31873923540115356, 0.9477759003639221, 0.01123539824038744, -0.10498046875], [0.0, 0.0, 0.0, 1.0]], [[0.0010953978635370731, 0.9997068047523499, 0.02419145405292511, 0.002685546875], [-0.020229868590831757, 0.02420867048203945, -0.9995022416114807, 1.5775604248046875], [-0.9997947812080383, 0.00060547940665856, 0.020250454545021057, -0.0863494873046875], [0.0, 0.0, 0.0, 1.0]], [[-0.9357806444168091, 0.3525722622871399, 0.002725213300436735, 0.976318359375], [0.012241438962519169, 0.04021332785487175, -0.9991161227226257, 1.5535049438476562], [-0.3523702323436737, -0.9349201917648315, -0.04194684326648712, -0.123046875], [0.0, 0.0, 0.0, 1.0]]], "view": [[0.0, -2.0, 100.0], [-2.0, 0.0, 100.0], [0.0, 0.0, 1.0]], "bev": "bev_04068facbbf54514b64378ad37931599.png", "aux": "aux_04068facbbf54514b64378ad37931599.npz", "visibility": "visibility_04068facbbf54514b64378ad37931599.png", "pose": [[-0.4677731990814209, -0.8838485479354858, 0.0, 2501.39013671875], [0.8838485479354858, -0.4677731990814209, 0.0, 1056.2481689453125], [0.0, 0.0, 1.0, 0.0], [0.0, 0.0, 0.0, 1.0]], "pose_inverse": [[-0.4677731990814209, 0.8838485479354858, 0.0, 236.51983642578125], [-0.8838485479354858, -0.4677731990814209, 0.0, 2704.9345703125], [0.0, 0.0, 1.0, 0.0], [0.0, 0.0, 0.0, 1.0]], "cam_ids": [0, 1, 2, 3, 4, 5], "cam_channels": ["CAM_FRONT_LEFT", "CAM_FRONT", "CAM_FRONT_RIGHT", "CAM_BACK_LEFT", "CAM_BACK", "CAM_BACK_RIGHT"], "token": "04068facbbf54514b64378ad37931599", "scene": "scene-0848"}, {"images": ["samples/CAM_FRONT_LEFT/n015-2018-10-08-16-03-24+0800__CAM_FRONT_LEFT__1538985834254844.jpg", "samples/CAM_FRONT/n015-2018-10-08-16-03-24+0800__CAM_FRONT__1538985834262460.jpg", "samples/CAM_FRONT_RIGHT/n015-2018-10-08-16-03-24+0800__CAM_FRONT_RIGHT__1538985834270339.jpg", "samples/CAM_BACK_LEFT/n015-2018-10-08-16-03-24+0800__CAM_BACK_LEFT__1538985834297423.jpg", "samples/CAM_BACK/n015-2018-10-08-16-03-24+0800__CAM_BACK__1538985834287765.jpg", "samples/CAM_BACK_RIGHT/n015-2018-10-08-16-03-24+0800__CAM_BACK_RIGHT__1538985834277893.jpg"], "intrinsics": [[[1272.5979470598488, 0.0, 826.6154927353808], [0.0, 1272.5979470598488, 479.75165386361925], [0.0, 0.0, 1.0]], [[1266.417203046554, 0.0, 816.2670197447984], [0.0, 1266.417203046554, 491.50706579294757], [0.0, 0.0, 1.0]], [[1260.8474446004698, 0.0, 807.968244525554], [0.0, 1260.8474446004698, 495.3344268742088], [0.0, 0.0, 1.0]], [[1256.7414812095406, 0.0, 792.1125740759628], [0.0, 1256.7414812095406, 492.7757465151356], [0.0, 0.0, 1.0]], [[809.2209905677063, 0.0, 829.2196003259838], [0.0, 809.2209905677063, 481.77842384512485], [0.0, 0.0, 1.0]], [[1259.5137405846733, 0.0, 807.2529053838625], [0.0, 1259.5137405846733, 501.19579884916527], [0.0, 0.0, 1.0]]], "extrinsics": [[[0.825150191783905, -0.5647076368331909, -0.015248509123921394, -0.650146484375], [-0.001902074203826487, 0.024215208366513252, -0.9997049570083618, 1.5074844360351562], [0.5649102926254272, 0.8249357342720032, 0.01890706643462181, -1.06689453125], [0.0, 0.0, 0.0, 1.0]], [[0.01188045833259821, -0.9997247457504272, -0.02023182064294815, 0.01025390625], [-0.007207480259239674, 0.020147109404206276, -0.9997711181640625, 1.5182571411132812], [0.9999034404754639, 0.012023556046187878, -0.006966139655560255, -1.3802566528320312], [0.0, 0.0, 0.0, 1.0]], [[-0.8303898572921753, -0.556843101978302, -0.01945463940501213, 0.8326416015625], [-0.001680177403613925, 0.0374184250831604, -0.9992982745170593, 1.503204345703125], [0.5571802258491516, -0.8297744989395142, -0.032007474452257156, -1.113525390625], [0.0, 0.0, 0.0, 1.0]], [[0.9477829933166504, 0.31879210472106934, 0.008887801319360733, -1.1392822265625], [0.007026626728475094, 0.006987776607275009, -0.9999508857727051, 1.5885772705078125], [-0.318838506937027, 0.9477989077568054, 0.004382865037769079, -0.1044921875], [0.0, 0.0, 0.0, 1.0]], [[0.0008418750949203968, 0.9998547434806824, 0.017027447000145912, 0.00244140625], [-0.01837998256087303, 0.01704004593193531, -0.9996858835220337, 1.5777473449707031], [-0.9998307228088379, 0.0005285830702632666, 0.01839165762066841, -0.08551216125488281], [0.0, 0.0, 0.0, 1.0]], [[-0.9359380006790161, 0.35215964913368225, -0.0018785521388053894, 0.97296142578125], [0.014223778620362282, 0.03247164189815521, -0.9993714690208435, 1.5539093017578125], [-0.3518773317337036, -0.9353764653205872, -0.03540048748254776, -0.125], [0.0, 0.0, 0.0, 1.0]]], "view": [[0.0, -2.0, 100.0], [-2.0, 0.0, 100.0], [0.0, 0.0, 1.0]], "bev": "bev_581d4e29e9234aa2b1e8f24a80bc8519.png", "aux": "aux_581d4e29e9234aa2b1e8f24a80bc8519.npz", "visibility": "visibility_581d4e29e9234aa2b1e8f24a80bc8519.png", "pose": [[-0.3854617476463318, -0.9227238297462463, 0.0, 2499.554443359375], [0.9227238297462463, -0.3854617476463318, 0.0, 1060.2225341796875], [0.0, 0.0, 1.0, 0.0], [0.0, 0.0, 0.0, 1.0]], "pose_inverse": [[-0.3854617476463318, 0.9227238297462463, 0.0, -14.809944152832031], [-0.9227238297462463, -0.3854617476463318, 0.0, 2715.07373046875], [0.0, 0.0, 1.0, 0.0], [0.0, 0.0, 0.0, 1.0]], "cam_ids": [0, 1, 2, 3, 4, 5], "cam_channels": ["CAM_FRONT_LEFT", "CAM_FRONT", "CAM_FRONT_RIGHT", "CAM_BACK_LEFT", "CAM_BACK", "CAM_BACK_RIGHT"], "token": "581d4e29e9234aa2b1e8f24a80bc8519", "scene": "scene-0848"}, {"images": ["samples/CAM_FRONT_LEFT/n015-2018-10-08-16-03-24+0800__CAM_FRONT_LEFT__1538985834754844.jpg", "samples/CAM_FRONT/n015-2018-10-08-16-03-24+0800__CAM_FRONT__1538985834762460.jpg", "samples/CAM_FRONT_RIGHT/n015-2018-10-08-16-03-24+0800__CAM_FRONT_RIGHT__1538985834770339.jpg", "samples/CAM_BACK_LEFT/n015-2018-10-08-16-03-24+0800__CAM_BACK_LEFT__1538985834797423.jpg", "samples/CAM_BACK/n015-2018-10-08-16-03-24+0800__CAM_BACK__1538985834787525.jpg", "samples/CAM_BACK_RIGHT/n015-2018-10-08-16-03-24+0800__CAM_BACK_RIGHT__1538985834777893.jpg"], "intrinsics": [[[1272.5979470598488, 0.0, 826.6154927353808], [0.0, 1272.5979470598488, 479.75165386361925], [0.0, 0.0, 1.0]], [[1266.417203046554, 0.0, 816.2670197447984], [0.0, 1266.417203046554, 491.50706579294757], [0.0, 0.0, 1.0]], [[1260.8474446004698, 0.0, 807.968244525554], [0.0, 1260.8474446004698, 495.3344268742088], [0.0, 0.0, 1.0]], [[1256.7414812095406, 0.0, 792.1125740759628], [0.0, 1256.7414812095406, 492.7757465151356], [0.0, 0.0, 1.0]], [[809.2209905677063, 0.0, 829.2196003259838], [0.0, 809.2209905677063, 481.77842384512485], [0.0, 0.0, 1.0]], [[1259.5137405846733, 0.0, 807.2529053838625], [0.0, 1259.5137405846733, 501.19579884916527], [0.0, 0.0, 1.0]]], "extrinsics": [[[0.8251080513000488, -0.5648465752601624, -0.012045629322528839, -0.65234375], [-0.003280624747276306, 0.016530239954590797, -0.999858021736145, 1.5069961547851562], [0.5649654865264893, 0.8250303268432617, 0.011786183342337608, -1.067138671875], [0.0, 0.0, 0.0, 1.0]], [[0.01205926202237606, -0.9998483657836914, -0.012555482797324657, 0.009765625], [-0.00842227041721344, 0.012454384937882423, -0.9998870491981506, 1.5179061889648438], [0.9998918175697327, 0.012163675390183926, -0.008270802907645702, -1.3813934326171875], [0.0, 0.0, 0.0, 1.0]], [[-0.8301588892936707, -0.5573444962501526, -0.014256416819989681, 0.83251953125], [-0.002766586607322097, 0.02968861535191536, -0.9995553493499756, 1.5029525756835938], [0.5575199127197266, -0.8297503590583801, -0.026188209652900696, -1.114013671875], [0.0, 0.0, 0.0, 1.0]], [[0.9477660655975342, 0.3189121186733246, 0.005881741642951965, -1.14019775390625], [0.006576601881533861, -0.0011020877864211798, -0.9999777674674988, 1.5885658264160156], [-0.31889843940734863, 0.9477835893630981, -0.0031418788712471724, -0.103515625], [0.0, 0.0, 0.0, 1.0]], [[0.0005735006416216493, 0.9999585747718811, 0.009085522033274174, 0.002685546875], [-0.019092373549938202, 0.009094816632568836, -0.9997763633728027, 1.5776519775390625], [-0.9998175501823425, 0.0003999016771558672, 0.019096799194812775, -0.087249755859375], [0.0, 0.0, 0.0, 1.0]], [[-0.9360883235931396, 0.35174497961997986, -0.00