[{"images": ["samples/CAM_FRONT_LEFT/n008-2018-08-21-11-53-44-0400__CAM_FRONT_LEFT__1534867512904799.jpg", "samples/CAM_FRONT/n008-2018-08-21-11-53-44-0400__CAM_FRONT__1534867512912404.jpg", "samples/CAM_FRONT_RIGHT/n008-2018-08-21-11-53-44-0400__CAM_FRONT_RIGHT__1534867512920482.jpg", "samples/CAM_BACK_LEFT/n008-2018-08-21-11-53-44-0400__CAM_BACK_LEFT__1534867512947405.jpg", "samples/CAM_BACK/n008-2018-08-21-11-53-44-0400__CAM_BACK__1534867512937558.jpg", "samples/CAM_BACK_RIGHT/n008-2018-08-21-11-53-44-0400__CAM_BACK_RIGHT__1534867512928113.jpg"], "intrinsics": [[[1257.8625342125129, 0.0, 827.2410631095686], [0.0, 1257.8625342125129, 450.915498205774], [0.0, 0.0, 1.0]], [[1252.8131021185304, 0.0, 826.588114781398], [0.0, 1252.8131021185304, 469.9846626224581], [0.0, 0.0, 1.0]], [[1256.7485116440405, 0.0, 817.7887570959712], [0.0, 1256.7485116440403, 451.9541780095127], [0.0, 0.0, 1.0]], [[1254.9860565800168, 0.0, 829.5769333630991], [0.0, 1254.9860565800168, 467.1680561863987], [0.0, 0.0, 1.0]], [[796.8910634503094, 0.0, 857.7774326863696], [0.0, 796.8910634503094, 476.8848988407415], [0.0, 0.0, 1.0]], [[1249.9629280788233, 0.0, 825.3768045375984], [0.0, 1249.9629280788233, 462.54816385708756], [0.0, 0.0, 1.0]]], "extrinsics": [[[0.8217318058013916, -0.5698409676551819, -0.006166038569062948, -0.692626953125], [0.01290691364556551, 0.029427289962768555, -0.999483585357666, 1.4930648803710938], [0.5697281360626221, 0.8212279081344604, 0.03153622895479202, -1.12109375], [0.0, 0.0, 0.0, 1.0]], [[0.009137784130871296, -0.9996408820152283, -0.02519144117832184, 0.0108642578125], [0.014800308272242546, 0.02532493695616722, -0.9995697140693665, 1.4847145080566406], [0.9998486638069153, 0.008761047385632992, 0.015026409178972244, -1.422515869140625], [0.0, 0.0, 0.0, 1.0]], [[-0.8443663120269775, -0.5350273847579956, -0.028127294033765793, 0.88671875], [0.02275433950126171, 0.01664048619568348, -0.9996025562286377, 1.4985618591308594], [0.5352827906608582, -0.8446707725524902, -0.0018764726119115949, -1.1458740234375], [0.0, 0.0, 0.0, 1.0]], [[0.9478763937950134, 0.3185483515262604, 0.007569730747491121, -1.13238525390625], [-0.0027213003486394882, 0.03184859827160835, -0.9994890093803406, 1.5619964599609375], [-0.3186267018318176, 0.9473714232444763, 0.031055400148034096, -0.1602783203125], [0.0, 0.0, 0.0, 1.0]], [[0.009524330496788025, 0.999659538269043, 0.024290865287184715, -0.02880859375], [-0.0005042196717113256, 0.02429676428437233, -0.9997045993804932, 1.5679931640625], [-0.9999545812606812, 0.009509252384305, 0.0007354567642323673, -0.05224609375], [0.0, 0.0, 0.0, 1.0]], [[-0.9234411716461182, 0.3837299346923828, -0.002769083483144641, 0.996246337890625], [0.003664112649857998, 0.0016014680732041597, -0.9999920129776001, 1.5484590530395508], [-0.38372236490249634, -0.9234439730644226, -0.0028848915826529264, -0.1104736328125], [0.0, 0.0, 0.0, 1.0]]], "view": [[0.0, -2.0, 100.0], [-2.0, 0.0, 100.0], [0.0, 0.0, 1.0]], "bev": "bev_28e8896a8b444083b8941b8f4dd1afef.png", "aux": "aux_28e8896a8b444083b8941b8f4dd1afef.npz", "visibility": "visibility_28e8896a8b444083b8941b8f4dd1afef.png", "pose": [[0.9384458661079407, 0.3454262614250183, 0.0, 913.1788940429688], [-0.3454262614250183, 0.9384458661079407, 0.0, 1395.5933837890625], [0.0, 0.0, 1.0, 0.0], [0.0, 0.0, 0.0, 1.0]], "pose_inverse": [[0.9384458661079407, -0.3454262614250183, 0.0, -374.8943786621094], [0.3454262614250183, 0.9384458661079407, 0.0, -1625.1248779296875], [0.0, 0.0, 1.0, 0.0], [0.0, 0.0, 0.0, 1.0]], "cam_ids": [0, 1, 2, 3, 4, 5], "cam_channels": ["CAM_FRONT_LEFT", "CAM_FRONT", "CAM_FRONT_RIGHT", "CAM_BACK_LEFT", "CAM_BACK", "CAM_BACK_RIGHT"], "token": "28e8896a8b444083b8941b8f4dd1afef", "scene": "scene-0253"}, {"images": ["samples/CAM_FRONT_LEFT/n008-2018-08-21-11-53-44-0400__CAM_FRONT_LEFT__1534867513404799.jpg", "samples/CAM_FRONT/n008-2018-08-21-11-53-44-0400__CAM_FRONT__1534867513412404.jpg", "samples/CAM_FRONT_RIGHT/n008-2018-08-21-11-53-44-0400__CAM_FRONT_RIGHT__1534867513420482.jpg", "samples/CAM_BACK_LEFT/n008-2018-08-21-11-53-44-0400__CAM_BACK_LEFT__1534867513447738.jpg", "samples/CAM_BACK/n008-2018-08-21-11-53-44-0400__CAM_BACK__1534867513437558.jpg", "samples/CAM_BACK_RIGHT/n008-2018-08-21-11-53-44-0400__CAM_BACK_RIGHT__1534867513428113.jpg"], "intrinsics": [[[1257.8625342125129, 0.0, 827.2410631095686], [0.0, 1257.8625342125129, 450.915498205774], [0.0, 0.0, 1.0]], [[1252.8131021185304, 0.0, 826.588114781398], [0.0, 1252.8131021185304, 469.9846626224581], [0.0, 0.0, 1.0]], [[1256.7485116440405, 0.0, 817.7887570959712], [0.0, 1256.7485116440403, 451.9541780095127], [0.0, 0.0, 1.0]], [[1254.9860565800168, 0.0, 829.5769333630991], [0.0, 1254.9860565800168, 467.1680561863987], [0.0, 0.0, 1.0]], [[796.8910634503094, 0.0, 857.7774326863696], [0.0, 796.8910634503094, 476.8848988407415], [0.0, 0.0, 1.0]], [[1249.9629280788233, 0.0, 825.3768045375984], [0.0, 1249.9629280788233, 462.54816385708756], [0.0, 0.0, 1.0]]], "extrinsics": [[[0.8209991455078125, -0.57085120677948, -0.009466088376939297, -0.70745849609375], [0.009507618844509125, 0.030247947201132774, -0.9994971752166748, 1.4917793273925781], [0.5708505511283875, 0.8204962611198425, 0.0302609670907259, -1.125244140625], [0.0, 0.0, 0.0, 1.0]], [[0.008009818382561207, -0.9996296167373657, -0.02600914053618908, 0.0069580078125], [0.011049678549170494, 0.02609686553478241, -0.9995983839035034, 1.4834976196289062], [0.9999069571495056, 0.007719218265265226, 0.011254617013037205, -1.435211181640625], [0.0, 0.0, 0.0, 1.0]], [[-0.8449109196662903, -0.5343215465545654, -0.025021817535161972, 0.8941650390625], [0.01862902007997036, 0.017356298863887787, -0.9996757507324219, 1.497406005859375], [0.5345826148986816, -0.8451032042503357, -0.004710639361292124, -1.1546630859375], [0.0, 0.0, 0.0, 1.0]], [[0.947907030582428, 0.31853219866752625, 0.003084892174229026, -1.140380859375], [-0.007593167945742607, 0.03227558732032776, -0.9994502067565918, 1.5620155334472656], [-0.31845661997795105, 0.9473624229431152, 0.03301292285323143, -0.1573486328125], [0.0, 0.0, 0.0, 1.0]], [[0.009909088723361492, 0.9996426701545715, 0.02482740953564644, -0.0274658203125], [-0.005279717966914177, 0.024880584329366684, -0.9996764659881592, 1.5676040649414062], [-0.9999369978904724, 0.009774809703230858, 0.0055243754759430885, -0.0445556640625], [0.0, 0.0, 0.0, 1.0]], [[-0.9232245683670044, 0.38425755500793457, 0.0015842615393921733, 1.00592041015625], [-0.000769769016187638, 0.0022734403610229492, -0.999997079372406, 1.547685146331787], [-0.38426002860069275, -0.9232231974601746, -0.0018031075596809387, -0.1090087890625], [0.0, 0.0, 0.0, 1.0]]], "view": [[0.0, -2.0, 100.0], [-2.0, 0.0, 100.0], [0.0, 0.0, 1.0]], "bev": "bev_a7a7282b43234116b6bbb65d439c8107.png", "aux": "aux_a7a7282b43234116b6bbb65d439c8107.npz", "visibility": "visibility_a7a7282b43234116b6bbb65d439c8107.png", "pose": [[0.9443296790122986, 0.3290007710456848, 0.0, 917.1395874023438], [-0.3290007710456848, 0.9443296790122986, 0.0, 1394.1339111328125], [0.0, 0.0, 1.0, 0.0], [0.0, 0.0, 0.0, 1.0]], "pose_inverse": [[0.9443296790122986, -0.3290007710456848, 0.0, -407.4109802246094], [0.3290007710456848, 0.9443296790122986, 0.0, -1618.2615966796875], [0.0, 0.0, 1.0, 0.0], [0.0, 0.0, 0.0, 1.0]], "cam_ids": [0, 1, 2, 3, 4, 5], "cam_channels": ["CAM_FRONT_LEFT", "CAM_FRONT", "CAM_FRONT_RIGHT", "CAM_BACK_LEFT", "CAM_BACK", "CAM_BACK_RIGHT"], "token": "a7a7282b43234116b6bbb65d439c8107", "scene": "scene-0253"}, {"images": ["samples/CAM_FRONT_LEFT/n008-2018-08-21-11-53-44-0400__CAM_FRONT_LEFT__1534867513904799.jpg", "samples/CAM_FRONT/n008-2018-08-21-11-53-44-0400__CAM_FRONT__1534867513912404.jpg", "samples/CAM_FRONT_RIGHT/n008-2018-08-21-11-53-44-0400__CAM_FRONT_RIGHT__1534867513920482.jpg", "samples/CAM_BACK_LEFT/n008-2018-08-21-11-53-44-0400__CAM_BACK_LEFT__1534867513947405.jpg", "samples/CAM_BACK/n008-2018-08-21-11-53-44-0400__CAM_BACK__1534867513937558.jpg", "samples/CAM_BACK_RIGHT/n008-2018-08-21-11-53-44-0400__CAM_BACK_RIGHT__1534867513928113.jpg"], "intrinsics": [[[1257.8625342125129, 0.0, 827.2410631095686], [0.0, 1257.8625342125129, 450.915498205774], [0.0, 0.0, 1.0]], [[1252.8131021185304, 0.0, 826.588114781398], [0.0, 1252.8131021185304, 469.9846626224581], [0.0, 0.0, 1.0]], [[1256.7485116440405, 0.0, 817.7887570959712], [0.0, 1256.7485116440403, 451.9541780095127], [0.0, 0.0, 1.0]], [[1254.9860565800168, 0.0, 829.5769333630991], [0.0, 1254.9860565800168, 467.1680561863987], [0.0, 0.0, 1.0]], [[796.8910634503094, 0.0, 857.7774326863696], [0.0, 796.8910634503094, 476.8848988407415], [0.0, 0.0, 1.0]], [[1249.9629280788233, 0.0, 825.3768045375984], [0.0, 1249.9629280788233, 462.54816385708756], [0.0, 0.0, 1.0]]], "extrinsics": [[[0.8221035003662109, -0.5693202018737793, -0.004522725008428097, -0.7225341796875], [0.012143043801188469, 0.025475582107901573, -0.9996016621589661, 1.4924812316894531], [0.569208562374115, 0.821721076965332, 0.027856841683387756, -1.137451171875], [0.0, 0.0, 0.0, 1.0]], [[0.009691769257187843, -0.9997286200523376, -0.0211831983178854, 0.0078125], [0.014140982180833817, 0.021319102495908737, -0.9996727108955383, 1.4841766357421875], [0.9998530745506287, 0.009389090351760387, 0.014343762770295143, -1.451446533203125], [0.0, 0.0, 0.0, 1.0]], [[-0.8441275358200073, -0.5355361700057983, -0.0254911370575428, 0.905517578125], [0.022207364439964294, 0.012579888105392456, -0.9996742606163025, 1.4979381561279297], [0.5356823801994324, -0.8444187045097351, 0.0012738151708617806, -1.1607666015625], [0.0, 0.0, 0.0, 1.0]], [[0.9478668570518494, 0.3186107277870178, 0.005977514199912548, -1.1390380859375], [-0.0030945974867790937, 0.02796018496155739, -0.9996042251586914, 1.5620231628417969], [-0.3186517655849457, 0.9474731683731079, 0.027488503605127335, -0.157958984375], [0.0, 0.0, 0.0, 1.0]], [[0.009328197687864304, 0.9997518658638, 0.020231075584888458, -0.02783203125], [-0.0008798893541097641, 0.02024015411734581, -0.9997947216033936, 1.5679893493652344], [-0.9999561309814453, 0.00930848065763712, 0.0010684755397960544, -0.03900146484375], [0.0, 0.0, 0.0, 1.0]], [[-0.9235787391662598, 0.3833886981010437, -0.0039226901717484, 1.0145721435546875], [0.003208078211173415, -0.002503321273252368, -0.9999917149543762, 1.5483202934265137], [-0.383395254611969, -0.9235836863517761, 0.001082074479199946, -0.1046142578125], [0.0, 0.0, 0.0, 1.0]]], "view": [[0.0, -2.0, 100.0], [-2.0, 0.0, 100.0], [0.0, 0.0, 1.0]], "bev": "bev_8f2c2c9b220c45f5aaf47dd636e8e5bd.png", "aux": "aux_8f2c2c9b220c45f5aaf47dd636e8e5bd.npz", "visibility": "visibility_8f2c2c9b220c45f5aaf47dd636e8e5bd.png", "pose": [[0.9476597309112549, 0.31928205490112305, 0.0, 920.9940185546875], [-0.31928205490112305, 0.9476597309112549, 0.0, 1392.8033447265625], [0.0, 0.0, 1.0, 0.0], [0.0, 0.0, 0.0, 1.0]], "pose_inverse": [[0.9476597309112549, -0.31928205490112305, 0.0, -428.0918273925781], [0.31928205490112305, 0.9476597309112549, 0.0, -1613.96044921875], [0.0, 0.0, 1.0, 0.0], [0.0, 0.0, 0.0, 1.0]], "cam_ids": [0, 1, 2, 3, 4, 5], "cam_channels": ["CAM_FRONT_LEFT", "CAM_FRONT", "CAM_FRONT_RIGHT", "CAM_BACK_LEFT", "CAM_BACK", "CAM_BACK_RIGHT"], "token": "8f2c2c9b220c45f5aaf47dd636e8e5bd", "scene": "scene-0253"}, {"images": ["samples/CAM_FRONT_LEFT/n008-2018-08-21-11-53-44-0400__CAM_FRONT_LEFT__1534867514404799.jpg", "samples/CAM_FRONT/n008-2018-08-21-11-53-44-0400__CAM_FRONT__1534867514412404.jpg", "samples/CAM_FRONT_RIGHT/n008-2018-08-21-11-53-44-0400__CAM_FRONT_RIGHT__1534867514420482.jpg", "samples/CAM_BACK_LEFT/n008-2018-08-21-11-53-44-0400__CAM_BACK_LEFT__1534867514447405.jpg", "samples/CAM_BACK/n008-2018-08-21-11-53-44-0400__CAM_BACK__1534867514437558.jpg", "samples/CAM_BACK_RIGHT/n008-2018-08-21-11-53-44-0400__CAM_BACK_RIGHT__1534867514428113.jpg"], "intrinsics": [[[1257.8625342125129, 0.0, 827.2410631095686], [0.0, 1257.8625342125129, 450.915498205774], [0.0, 0.0, 1.0]], [[1252.8131021185304, 0.0, 826.588114781398], [0.0, 1252.8131021185304, 469.9846626224581], [0.0, 0.0, 1.0]], [[1256.7485116440405, 0.0, 817.7887570959712], [0.0, 1256.7485116440403, 451.9541780095127], [0.0, 0.0, 1.0]], [[1254.9860565800168, 0.0, 829.5769333630991], [0.0, 1254.9860565800168, 467.1680561863987], [0.0, 0.0, 1.0]], [[796.8910634503094, 0.0, 857.7774326863696], [0.0, 796.8910634503094, 476.8848988407415], [0.0, 0.0, 1.0]], [[1249.9629280788233, 0.0, 825.3768045375984], [0.0, 1249.9629280788233, 462.54816385708756], [0.0, 0.0, 1.0]]], "extrinsics": [[[0.8232303857803345, -0.5676727294921875, -0.006286300253123045, -0.73541259765625], [0.01132156327366829, 0.027487274259328842, -0.9995580315589905, 1.4917945861816406], [0.5675946474075317, 0.8227953910827637, 0.02905529923737049, -1.154541015625], [0.0, 0.0, 0.0, 1.0]], [[0.011591833084821701, -0.9996637105941772, -0.02319827862083912, 0.0133056640625], [0.013076066970825195, 0.023349398747086525, -0.9996418356895447, 1.4835395812988281], [0.9998473525047302, 0.011284355074167252, 0.013342330232262611, -1.46826171875], [0.0, 0.0, 0.0, 1.0]], [[-0.8431667685508728, -0.5370479226112366, -0.025485800579190254, 0.9188232421875], [0.020891312509775162, 0.014640497043728828, -0.9996745586395264, 1.4973220825195312], [0.5372462272644043, -0.8434247374534607, -0.0011247447691857815, -1.16357421875], [0.0, 0.0, 0.0, 1.0]], [[0.9474669098854065, 0.3198220729827881, 0.004513738676905632, -1.1392822265625], [-0.0053300014697015285, 0.029896797612309456, -0.9995387196540833, 1.5620002746582031], [-0.31980955600738525, 0.9470058083534241, 0.030030876398086548, -0.158203125], [0.0, 0.0, 0.0, 1.0]], [[0.007976396009325981, 0.9997203946113586, 0.022259624674916267, -0.030029296875], [-0.0028755145613104105, 0.022283172234892845, -0.9997475743293762, 1.5677947998046875], [-0.9999641180038452, 0.007910327054560184, 0.003052449319511652, -0.034576416015625], [0.0, 0.0, 0.0, 1.0]], [[-0.9242210984230042, 0.381854385137558, -0.001635641441680491, 1.0215606689453125], [0.0015772917540743947, -0.000465815159259364, -0.9999986290931702, 1.5480492115020752], [-0.3818545341491699, -0.9242224097251892, -0.00017178010602947325, -0.0977783203125], [0.0, 0.0, 0.0, 1.0]]], "view": [[0.0, -2.0, 100.0], [-2.0, 0.0, 100.0], [0.0, 0.0, 1.0]], "bev": "bev_8ac824b2e6a54a3c936b62ba1c1a014c.png", "aux": "aux_8ac824b2e6a54a3c936b62ba1c1a014c.npz", "visibility": "visibility_8ac824b2e6a54a3c936b62ba1c1a014c.png", "pose": [[0.9504245519638062, 0.31095534563064575, 0.0, 924.6311645507812], [-0.31095534563064575, 0.9504245519638062, 0.0, 1391.574951171875], [0.0, 0.0, 1.0, 0.0], [0.0, 0.0, 0.0, 1.0]], "pose_inverse": [[0.9504245519638062, -0.31095534563064575, 0.0, -446.0744934082031], [0.31095534563064575, 0.9504245519638062, 0.0, -1610.10595703125], [0.0, 0.0, 1.0, 0.0], [0.0, 0.0, 0.0, 1.0]], "cam_ids": [0, 1, 2, 3, 4, 5], "cam_channels": ["CAM_FRONT_LEFT", "CAM_FRONT", "CAM_FRONT_RIGHT", "CAM_BACK_LEFT", "CAM_BACK", "CAM_BACK_RIGHT"], "token": "8ac824b2e6a54a3c936b62ba1c1a014c", "scene": "scene-0253"}, {"images": ["samples/CAM_FRONT_LEFT/n008-2018-08-21-11-53-44-0400__CAM_FRONT_LEFT__1534867514854799.jpg", "samples/CAM_FRONT/n008-2018-08-21-11-53-44-0400__CAM_FRONT__1534867514862405.jpg", "samples/CAM_FRONT_RIGHT/n008-2018-08-21-11-53-44-0400__CAM_FRONT_RIGHT__1534867514870482.jpg", "samples/CAM_BACK_LEFT/n008-2018-08-21-11-53-44-0400__CAM_BACK_LEFT__1534867514897405.jpg", "samples/CAM_BACK/n008-2018-08-21-11-53-44-0400__CAM_BACK__1534867514887558.jpg", "samples/CAM_BACK_RIGHT/n008-2018-08-21-11-53-44-0400__CAM_BACK_RIGHT__1534867514878113.jpg"], "intrinsics": [[[1257.8625342125129, 0.0, 827.2410631095686], [0.0, 1257.8625342125129, 450.915498205774], [0.0, 0.0, 1.0]], [[1252.8131021185304, 0.0, 826.588114781398], [0.0, 1252.8131021185304, 469.9846626224581], [0.0, 0.0, 1.0]], [[1256.7485116440405, 0.0, 817.7887570959712], [0.0, 1256.7485116440403, 451.9541780095127], [0.0, 0.0, 1.0]], [[1254.9860565800168, 0.0, 829.5769333630991], [0.0, 1254.9860565800168, 467.1680561863987], [0.0, 0.0, 1.0]], [[796.8910634503094, 0.0, 857.7774326863696], [0.0, 796.8910634503094, 476.8848988407415], [0.0, 0.0, 1.0]], [[1249.9629280788233, 0.0, 825.3768045375984], [0.0, 1249.9629280788233, 462.54816385708756], [0.0, 0.0, 1.0]]], "extrinsics": [[[0.8216476440429688, -0.5699508190155029, -0.00716095045208931, -0.7384033203125], [0.010009212419390678, 0.026988346129655838, -0.9995856285095215, 1.4914970397949219], [0.5699078440666199, 0.8212355375289917, 0.02787967026233673, -1.14990234375], [0.0, 0.0, 0.0, 1.0]], [[0.008984056301414967, -0.9997032880783081, -0.022640539333224297, 0.009033203125], [0.011866645887494087, 0.02274644561111927, -0.9996708631515503, 1.4833106994628906], [0.9998891353607178, 0.00871245563030243, 0.012067480944097042, -1.46722412109375], [0.0, 0.0, 0.0, 1.0]], [[-0.8444694876670837, -0.5350569486618042, -0.024192500859498978, 0.9163818359375], [0.01980636455118656, 0.013941563665866852, -0.9997066259384155, 1.4971542358398438], [0.535237193107605, -0.8447009921073914, -0.0011756939347833395, -1.166015625], [0.0, 0.0, 0.0, 1.0]], [[0.9478908181190491, 0.3185711205005646, 0.0039128451608121395, -1.13934326171875], [-0.00558862928301096, 0.028905820101499557, -0.9995665550231934, 1.5620193481445312], [-0.3185461461544037, 0.9474580883979797, 0.02917994000017643, -0.1575927734375], [0.0, 0.0, 0.0, 1.0]], [[0.00957114901393652, 0.9997249841690063, 0.02140917256474495, -0.0283203125], [-0.0034441836178302765, 0.02144298516213894, -0.999764084815979, 1.5677833557128906], [-0.9999483227729797, 0.009495160542428493, 0.0036484706215560436, -0.034454345703125], [0.0, 0.0, 0.0, 1.0]], [[-0.9234398603439331, 0.3837413489818573, -0.001147752394899726, 1.022308349609375], [0.0007516018813475966, -0.001182287116535008, -0.9999990463256836, 1.5479235649108887], [-0.3837422728538513, -0.9234398603439331, 0.0008033502963371575, -0.1005859375], [0.0, 0.0, 0.0, 1.0]]], "view": [[0.0, -2.0, 100.0], [-2.0, 0.0, 100.0], [0.0, 0.0, 1.0]], "bev": "bev_55322985ebe94e8a8f8d21bc71173105.png", "aux": "aux_55322985ebe94e8a8f8d21bc71173105.npz", "visibility": "visibility_55322985ebe94e8a8f8d21bc71173105.png", "pose": [[0.9540420174598694, 0.29967281222343445, 0.0, 927.8655395507812], [-0.29967281222343445, 0.9540420174598694, 0.0, 1390.517822265625], [0.0, 0.0, 1.0, 0.0], [0.0, 0.0, 0.0, 1.0]], "pose_inverse": [[0.9540420174598694, -0.29967281222343445, 0.0, -468.5223083496094], [0.29967281222343445, 0.9540420174598694, 0.0, -1604.6685791015625], [0.0, 0.0, 1.0, 0.0], [0.0, 0.0, 0.0, 1.0]], "cam_ids": [0, 1, 2, 3, 4, 5], "cam_channels": ["CAM_FRONT_LEFT", "CAM_FRONT", "CAM_FRONT_RIGHT", "CAM_BACK_LEFT", "CAM_BACK", "CAM_BACK_RIGHT"], "token": "55322985ebe94e8a8f8d21bc71173105", "scene": "scene-0253"}, {"images": ["samples/CAM_FRONT_LEFT/n008-2018-08-21-11-53-44-0400__CAM_FRONT_LEFT__1534867515354799.jpg", "samples/CAM_FRONT/n008-2018-08-21-11-53-44-0400__CAM_FRONT__1534867515362404.jpg", "samples/CAM_FRONT_RIGHT/n008-2018-08-21-11-53-44-0400__CAM_FRONT_RIGHT__1534867515370482.jpg", "samples/CAM_BACK_LEFT/n008-2018-08-21-11-53-44-0400__CAM_BACK_LEFT__1534867515397405.jpg", "samples/CAM_BACK/n008-2018-08-21-11-53-44-0400__CAM_BACK__1534867515387558.jpg", "samples/CAM_BACK_RIGHT/n008-2018-08-21-11-53-44-0400__CAM_BACK_RIGHT__1534867515378113.jpg"], "intrinsics": [[[1257.8625342125129, 0.0, 827.2410631095686], [0.0, 1257.8625342125129, 450.915498205774], [0.0, 0.0, 1.0]], [[1252.8131021185304, 0.0, 826.588114781398], [0.0, 1252.8131021185304, 469.9846626224581], [0.0, 0.0, 1.0]], [[1256.7485116440405, 0.0, 817.7887570959712], [0.0, 1256.7485116440403, 451.9541780095127], [0.0, 0.0, 1.0]], [[1254.9860565800168, 0.0, 829.5769333630991], [0.0, 1254.9860565800168, 467.1680561863987], [0.0, 0.0, 1.0]], [[796.8910634503094, 0.0, 857.7774326863696], [0.0, 796.8910634503094, 476.8848988407415], [0.0, 0.0, 1.0]], [[1249.9629280788233, 0.0, 825.3768045375984], [0.0, 1249.9629280788233, 462.54816385708756], [0.0, 0.0, 1.0]]], "extrinsics": [[[0.8216237425804138, -0.5700106620788574, -0.0047259340062737465, -0.75103759765625], [0.014071228913962841, 0.02856927551329136, -0.9994927644729614, 1.4925994873046875], [0.5698565244674683, 0.8211405277252197, 0.03149394318461418, -1.15869140625], [0.0, 0.0, 0.0, 1.0]], [[0.008821297436952591, -0.9996660947799683, -0.024287475273013115, 0.00830078125], [0.015976525843143463, 0.02442621998488903, -0.9995739459991455, 1.4842071533203125], [0.9998334646224976, 0.008429535664618015, 0.016186662018299103, -1.480712890625], [0.0, 0.0, 0.0, 1.0]], [[-0.8444747924804688, -0.5348302721977234, -0.028612639755010605, 0.92431640625], [0.023920752108097076, 0.015706753358244896, -0.9995904564857483, 1.4977836608886719], [0.535060703754425, -0.8448134660720825, -0.0004704154853243381, -1.1717529296875], [0.0, 0.0, 0.0, 1.0]], [[0.9478751420974731, 0.3185369670391083, 0.008183371275663376, -1.13665771484375], [-0.0017378238262608647, 0.03084949031472206, -0.9995225071907043, 1.5620231628417969], [-0.31863734126091003, 0.9474083185195923, 0.029795024544000626, -0.15869140625], [0.0, 0.0, 0.0, 1.0]], [[0.009585807099938393, 0.9996805191040039, 0.023383930325508118, -0.0283203125], [0.0004043984808959067, 0.023381127044558525, -0.9997265338897705, 1.5680885314941406], [-0.9999539256095886, 0.009592612273991108, -0.00018014301895163953, -0.0325927734375], [0.0, 0.0, 0.0, 1.0]], [[-0.9233643412590027, 0.3839026093482971, -0.004118533805012703, 1.02825927734375], [0.004736303351819515, 0.0006638320628553629, -0.9999885559082031, 1.5484912395477295], [-0.3838954269886017, -0.9233733415603638, -0.002431238302960992, -0.0986328125], [0.0, 0.0, 0.0, 1.0]]], "view": [[0.0, -2.0, 100.0], [-2.0, 0.0, 100.0], [0.0, 0.0, 1.0]], "bev": "bev_c00f1594ecd64852bf7a71fd73568144.png", "aux": "aux_c00f1594ecd64852bf7a71fd73568144.npz", "visibility": "visibility_c00f1594ecd64852bf7a71fd73568144.png", "pose": [[0.9574746489524841, 0.28851741552352905, 0.0, 931.3916015625], [-0.28851741552352905, 0.9574746489524841, 0.0, 1389.423583984375], [0.0, 0.0, 1.0, 0.0], [0.0, 0.0, 0.0, 1.0]], "pose_inverse": [[0.9574746489524841, -0.28851741552352905, 0.0, -490.91094970703125], [0.28851741552352905, 0.9574746489524841, 0.0, -1599.060546875], [0.0, 0.0, 1.0, 0.0], [0.0, 0.0, 0.0, 1.0]], "cam_ids": [0, 1, 2, 3, 4, 5], "cam_channels": ["CAM_FRONT_LEFT", "CAM_FRONT", "CAM_FRONT_RIGHT", "CAM_BACK_LEFT", "CAM_BACK", "CAM_BACK_RIGHT"], "token": "c00f1594ecd64852bf7a71fd73568144", "scene": "scene-0253"}, {"images": ["samples/CAM_FRONT_LEFT/n008-2018-08-21-11-53-44-0400__CAM_FRONT_LEFT__1534867515854799.jpg", "samples/CAM_FRONT/n008-2018-08-21-11-53-44-0400__CAM_FRONT__1534867515862404.jpg", "samples/CAM_FRONT_RIGHT/n008-2018-08-21-11-53-44-0400__CAM_FRONT_RIGHT__1534867515870482.jpg", "samples/CAM_BACK_LEFT/n008-2018-08-21-11-53-44-0400__CAM_BACK_LEFT__1534867515897405.jpg", "samples/CAM_BACK/n008-2018-08-21-11-53-44-0400__CAM_BACK__1534867515887558.jpg", "samples/CAM_BACK_RIGHT/n008-2018-08-21-11-53-44-0400__CAM_BACK_RIGHT__1534867515878113.jpg"], "intrinsics": [[[1257.8625342125129, 0.0, 827.2410631095686], [0.0, 1257.8625342125129, 450.915498205774], [0.0, 0.0, 1.0]], [[1252.8131021185304, 0.0, 826.588114781398], [0.0, 1252.8131021185304, 469.9846626224581], [0.0, 0.0, 1.0]], [[1256.7485116440405, 0.0, 817.7887570959712], [0.0, 1256.7485116440403, 451.9541780095127], [0.0, 0.0, 1.0]], [[1254.9860565800168, 0.0, 829.5769333630991], [0.0, 1254.9860565800168, 467.1680561863987], [0.0, 0.0, 1.0]], [[796.8910634503094, 0.0, 857.7774326863696], [0.0, 796.8910634503094, 476.8848988407415], [0.0, 0.0, 1.0]], [[1249.9629280788233, 0.0, 825.3768045375984], [0.0, 1249.9629280788233, 462.54816385708756], [0.0, 0.0, 1.0]]], "extrinsics": [[[0.822716236114502, -0.5684292912483215, -0.005126794800162315, -0.747406005859375], [0.008804447948932648, 0.021759865805506706, -0.9997244477272034, 1.4909248352050781], [0.5683842301368713, 0.8224443197250366, 0.022906897589564323, -1.160888671875], [0.0, 0.0, 0.0, 1.0]], [[0.010607209987938404, -0.9997941255569458, -0.01730344630777836, 0.011962890625], [0.010807104408740997, 0.01741803251206875, -0.9997898936271667, 1.4828815460205078], [0.9998853802680969, 0.01041798572987318, 0.01098963525146246, -1.47711181640625], [0.0, 0.0, 0.0, 1.0]], [[-0.843805730342865, -0.5362570285797119, -0.020503820851445198, 0.9228515625], [0.018905332311987877, 0.008479130454361439, -0.999785304069519, 1.4968414306640625], [0.5363157391548157, -0.8440122008323669, 0.0029833766166120768, -1.167236328125], [0.0, 0.0, 0.0, 1.0]], [[0.9478759169578552, 0.31863635778427124, 0.001476116245612502, -1.13427734375], [-0.006105931010097265, 0.022795168682932854, -0.9997215270996094, 1.5619754791259766], [-0.3185812830924988, 0.9476028680801392, 0.023552563041448593, -0.15966796875], [0.0, 0.0, 0.0, 1.0]], [[0.009085657075047493, 0.9998382925987244, 0.015521778725087643, -0.0294189453125], [-0.004197293892502785, 0.01556041557341814, -0.9998700618743896, 1.5677051544189453], [-0.9999499917030334, 0.009019266813993454, 0.004337990656495094, -0.03582763671875], [0.0, 0.0, 0.0, 1.0]], [[-0.9237973093986511, 0.38287320733070374, -0.002598393941298127, 1.0240631103515625], [-2.0513851268333383e-05, -0.00683590117841959, -0.999976634979248, 1.5478267669677734], [-0.3828820288181305, -0.9237756133079529, 0.006322841625660658, -0.09765625], [0.0, 0.0, 0.0, 1.0]]], "view": [[0.0, -2.0, 100.0], [-2.0, 0.0, 100.0], [0.0, 0.0, 1.0]], "bev": "bev_59c131758a214829b764cef4c0162c29.png", "aux": "aux_59c131758a214829b764cef4c0162c29.npz", "visibility": "visibility_59c131758a214829b764cef4c0162c29.png", "pose": [[0.959442138671875, 0.2819057106971741, 0.0, 934.7412719726562], [-0.2819057106971741, 0.959442138671875, 0.0, 1388.40283203125], [0.0, 0.0, 1.0, 0.0], [0.0, 0.0, 0.0, 1.0]], "pose_inverse": [[0.959442138671875, -0.2819057106971741, 0.0, -505.4314270019531], [0.2819057106971741, 0.959442138671875, 0.0, -1595.60107421875], [0.0, 0.0, 1.0, 0.0], [0.0, 0.0, 0.0, 1.0]], "cam_ids": [0, 1, 2, 3, 4, 5], "cam_channels": ["CAM_FRONT_LEFT", "CAM_FRONT", "CAM_FRONT_RIGHT", "CAM_BACK_LEFT", "CAM_BACK", "CAM_BACK_RIGHT"], "token": "59c131758a214829b764cef4c0162c29", "scene": "scene-0253"}, {"images": ["samples/CAM_FRONT_LEFT/n008-2018-08-21-11-53-44-0400__CAM_FRONT_LEFT__1534867516354799.jpg", "samples/CAM_FRONT/n008-2018-08-21-11-53-44-0400__CAM_FRONT__1534867516362404.jpg", "samples/CAM_FRONT_RIGHT/n008-2018-08-21-11-53-44-0400__CAM_FRONT_RIGHT__1534867516370482.jpg", "samples/CAM_BACK_LEFT/n008-2018-08-21-11-53-44-0400__CAM_BACK_LEFT__1534867516397405.jpg", "samples/CAM_BACK/n008-2018-08-21-11-53-44-0400__CAM_BACK__1534867516387558.jpg", "samples/CAM_BACK_RIGHT/n008-2018-08-21-11-53-44-0400__CAM_BACK_RIGHT__1534867516378113.jpg"], "intrinsics": [[[1257.8625342125129, 0.0, 827.2410631095686], [0.0, 1257.8625342125129, 450.915498205774], [0.0, 0.0, 1.0]], [[1252.8131021185304, 0.0, 826.588114781398], [0.0, 1252.8131021185304, 469.9846626224581], [0.0, 0.0, 1.0]], [[1256.7485116440405, 0.0, 817.7887570959712], [0.0, 1256.7485116440403, 451.9541780095127], [0.0, 0.0, 1.0]], [[1254.9860565800168, 0.0, 829.5769333630991], [0.0, 1254.9860565800168, 467.1680561863987], [0.0, 0.0, 1.0]], [[796.8910634503094, 0.0, 857.7774326863696], [0.0, 796.8910634503094, 476.8848988407415], [0.0, 0.0, 1.0]], [[1249.9629280788233, 0.0, 825.3768045375984], [0.0, 1249.9629280788233, 462.54816385708756], [0.0, 0.0, 1.0]]], "extrinsics": [[[0.8225268721580505, -0.5687002539634705, -0.005437755491584539, -0.74993896484375], [0.0063748834654688835, 0.01878001168370247, -0.9998033046722412, 1.4901599884033203], [0.5686905980110168, 0.8223304152488708, 0.019072461873292923, -1.162841796875], [0.0, 0.0, 0.0, 1.0]], [[0.010262788273394108, -0.9998379349708557, -0.014786380343139172, 0.01171875], [0.008242657408118248, 0.014871245250105858, -0.9998554587364197, 1.4822120666503906], [0.9999133944511414, 0.010139420628547668, 0.008393942378461361, -1.47955322265625], [0.0, 0.0, 0.0, 1.0]], [[-0.8439812660217285, -0.5360984802246094, -0.017147190868854523, 0.9239501953125], [0.016246259212493896, 0.006403744220733643, -0.9998475313186646, 1.4962921142578125], [0.5361265540122986, -0.8441312313079834, 0.0033049543853849173, -1.1683349609375], [0.0, 0.0, 0.0, 1.0]], [[0.9478878974914551, 0.31860122084617615, -0.0013384337071329355, -1.13153076171875], [-0.008880112320184708, 0.022219941020011902, -0.999713659286499, 1.5619239807128906], [-0.3184802830219269, 0.9476284384727478, 0.023891227319836617, -0.160400390625], [0.0, 0.0, 0.0, 1.0]], [[0.009227135218679905, 0.9998531341552734, 0.014443118125200272, -0.029296875], [-0.0069412183947861195, 0.014507428742945194, -0.9998706579208374, 1.5674781799316406], [-0.9999333024024963, 0.0091256657615304, 0.007074061315506697, -0.036956787109375], [0.0, 0.0, 0.0, 1.0]], [[-0.923737108707428, 0.38302648067474365, -0.0006954367272555828, 1.0245361328125], [-0.002751958789303899, -0.008452408947050571, -0.9999604821205139, 1.5474252700805664], [-0.3830171525478363, -0.9236987233161926, 0.008861877024173737, -0.097900390625], [0.0, 0.0, 0.0, 1.0]]], "view": [[0.0, -2.0, 100.0], [-2.0, 0.0, 100.0], [0.0, 0.0, 1.0]], "bev": "bev_6c96ddc0cc9d469eb929c94dc33e6e39.png", "aux": "aux_6c96ddc0cc9d469eb929c94dc33e6e39.npz", "visibility": "visibility_6c96ddc0cc9d469eb929c94dc33e6e39.png", "pose": [[0.9609644412994385, 0.2766718864440918, 0.0, 938.0787353515625], [-0.2766718864440918, 0.9609644412994385, 0.0, 1387.4033203125], [0.0, 0.0, 1.0, 0.0], [0.0, 0.0, 0.0, 1.0]], "pose_inverse": [[0.9609644412994385, -0.2766718864440918, 0.0, -517.6047973632812], [0.2766718864440918, 0.9609644412994385, 0.0, -1592.7852783203125], [0.0, 0.0, 1.0, 0.0], [0.0, 0.0, 0.0, 1.0]], "cam_ids": [0, 1, 2, 3, 4, 5], "cam_channels": ["CAM_FRONT_LEFT", "CAM_FRONT", "CAM_FRONT_RIGHT", "CAM_BACK_LEFT", "CAM_BACK", "CAM_BACK_RIGHT"], "token": "6c96ddc0cc9d469eb929c94dc33e6e39", "scene": "scene-0253"}, {"images": ["samples/CAM_FRONT_LEFT/n008-2018-08-21-11-53-44-0400__CAM_FRONT_LEFT__1534867516854799.jpg", "samples/CAM_FRONT/n008-2018-08-21-11-53-44-0400__CAM_FRONT__1534867516862404.jpg", "samples/CAM_FRONT_RIGHT/n008-2018-08-21-11-53-44-0400__CAM_FRONT_RIGHT__1534867516870482.jpg", "samples/CAM_BACK_LEFT/n008-2018-08-21-11-53-44-0400__CAM_BACK_LEFT__1534867516897405.jpg", "samples/CAM_BACK/n008-2018-08-21-11-53-44-0400__CAM_BACK__1534867516887558.jpg", "samples/CAM_BACK_RIGHT/n008-2018-08-21-11-53-44-0400__CAM_BACK_RIGHT__1534867516878113.jpg"], "intrinsics": [[[1257.8625342125129, 0.0, 827.2410631095686], [0.0, 1257.8625342125129, 450.915498205774], [0.0, 0.0, 1.0]], [[1252.8131021185304, 0.0, 826.588114781398], [0.0, 1252.8131021185304, 469.9846626224581], [0.0, 0.0, 1.0]], [[1256.7485116440405, 0.0, 817.7887570959712], [0.0, 1256.7485116440403, 451.9541780095127], [0.0, 0.0, 1.0]], [[1254.9860565800168, 0.0, 829.5769333630991], [0.0, 1254.9860565800168, 467.1680561863987], [0.0, 0.0, 1.0]], [[796.8910634503094, 0.0, 857.7774326863696], [0.0, 796.8910634503094, 476.8848988407415], [0.0, 0.0, 1.0]], [[1249.9629280788233, 0.0, 825.3768045375984], [0.0, 1249.9629280788233, 462.54816385708756], [0.0, 0.0, 1.0]]], "extrinsics": [[[0.8223685026168823, -0.5688921213150024, -0.008481261320412159, -0.763092041015625], [0.004574608989059925, 0.02151765674352646, -0.9997579455375671, 1.4895553588867188], [0.5689369440078735, 0.8221306800842285, 0.02029789797961712, -1.170166015625], [0.0, 0.0, 0.0, 1.0]], [[0.010097714141011238, -0.9998013377189636, -0.017187248915433884, 0.0108642578125], [0.006435297895222902, 0.017252745106816292, -0.9998304843902588, 1.4816646575927734], [0.99992835521698, 0.009985377080738544, 0.006608232390135527, -1.4931640625], [0.0, 0.0, 0.0, 1.0]], [[-0.8440684080123901, -0.5359768271446228, -0.016657112166285515, 0.9334716796875], [0.014398332685232162, 0.008398910984396935, -0.9998610615730286, 1.4957542419433594], [0.5360422134399414, -0.8441910147666931, 0.0006279151421040297, -1.1749267578125], [0.0, 0.0, 0.0, 1.0]], [[0.947889506816864, 0.31858381628990173, -0.003141663270071149, -1.13616943359375], [-0.011050471104681492, 0.023020587861537933, -0.9996739029884338, 1.5619525909423828], [-0.3184076249599457, 0.9476151466369629, 0.025341473519802094, -0.1585693359375], [0.0, 0.0, 0.0, 1.0]], [[0.009300356730818748, 0.9998347163200378, 0.015620016492903233, -0.029052734375], [-0.008886919356882572, 0.01570271886885166, -0.9998371601104736, 1.5673904418945312], [-0.9999173283576965, 0.009160010144114494, 0.009031491354107857, -0.02947998046875], [0.0, 0.0, 0.0, 1.0]], [[-0.9237078428268433, 0.38309383392333984, 0.0016905111260712147, 1.0336685180664062], [-0.004658325109630823, -0.0068194204941391945, -0.9999659061431885, 1.5471878051757812], [-0.38306924700737, -0.9236842393875122, 0.008083729073405266, -0.094482421875], [0.0, 0.0, 0.0, 1.0]]], "view": [[0.0, -2.0, 100.0], [-2.0, 0.0, 100.0], [0.0, 0.0, 1.0]], "bev": "bev_56ce9ec3d18442a98757c1a421a0b83e.png", "aux": "aux_56ce9ec3d18442a98757c1a421a0b83e.npz", "visibility": "visibility_56ce9ec3d18442a98757c1a421a0b83e.png", "pose": [[0.9629709124565125, 0.2696053683757782, 0.0, 941.2745361328125], [-0.2696053683757782, 0.9629709124565125, 0.0, 1386.4498291015625], [0.0, 0.0, 1.0, 0.0], [0.0, 0.0, 0.0, 1.0]], "pose_inverse": [[0.9629709124565125, -0.2696053683757782, 0.0, -532.6256713867188], [0.2696053683757782, 0.9629709124565125, 0.0, -1588.883544921875], [0.0, 0.0, 1.0, 0.0], [0.0, 0.0, 0.0, 1.0]], "cam_ids": [0, 1, 2, 3, 4, 5], "cam_channels": ["CAM_FRONT_LEFT", "CAM_FRONT", "CAM_FRONT_RIGHT", "CAM_BACK_LEFT", "CAM_BACK", "CAM_BACK_RIGHT"], "token": "56ce9ec3d18442a98757c1a421a0b83e", "scene": "scene-0253"}, {"images": ["samples/CAM_FRONT_LEFT/n008-2018-08-21-11-53-44-0400__CAM_FRONT_LEFT__1534867517354799.jpg", "samples/CAM_FRONT/n008-2018-08-21-11-53-44-0400__CAM_FRONT__1534867517362404.jpg", "samples/CAM_FRONT_RIGHT/n008-2018-08-21-11-53-44-0400__CAM_FRONT_RIGHT__1534867517370482.jpg", "samples/CAM_BACK_LEFT/n008-2018-08-21-11-53-44-0400__CAM_BACK_LEFT__1534867517397405.jpg", "samples/CAM_BACK/n008-2018-08-21-11-53-44-0400__CAM_BACK__1534867517387558.jpg", "samples/CAM_BACK_RIGHT/n008-2018-08-21-11-53-44-0400__CAM_BACK_RIGHT__1534867517378113.jpg"], "intrinsics": [[[1257.8625342125129, 0.0, 827.2410631095686], [0.0, 1257.8625342125129, 450.915498205774], [0.0, 0.0, 1.0]], [[1252.8131021185304, 0.0, 826.588114781398], [0.0, 1252.8131021185304, 469.9846626224581], [0.0, 0.0, 1.0]], [[1256.7485116440405, 0.0, 817.7887570959712], [0.0, 1256.7485116440403, 451.9541780095127], [0.0, 0.0, 1.0]], [[1254.9860565800168, 0.0, 829.5769333630991], [0.0, 1254.9860565800168, 467.1680561863987], [0.0, 0.0, 1.0]], [[796.8910634503094, 0.0, 857.7774326863696], [0.0, 796.8910634503094, 476.8848988407415], [0.0, 0.0, 1.0]], [[1249.9629280788233, 0.0, 825.3768045375984], [0.0, 1249.9629280788233, 462.54816385708756], [0.0, 0.0, 1.0]]], "extrinsics": [[[0.8218280076980591, -0.5697335600852966, -0.0015597384190186858, -0.7760009765625], [0.015872079879045486, 0.02563154511153698, -0.9995453953742981, 1.49261474609375], [0.5695145130157471, 0.8214296698570251, 0.03010757640004158, -1.1783447265625], [0.0, 0.0, 0.0, 1.0]], [[0.009323044680058956, -0.9997256398200989, -0.021489392966032028, 0.0098876953125], [0.017731046304106712, 0.0216522254049778, -0.9996083378791809, 1.4841575622558594], [0.999799370765686, 0.008938361890614033, 0.017928043380379677, -1.5069580078125], [0.0, 0.0, 0.0, 1.0]], [[-0.8442355990409851, -0.5352100729942322, -0.028574030846357346, 0.9422607421875], [0.02558194100856781, 0.013013724237680435, -0.9995880126953125, 1.4975738525390625], [0.5353614687919617, -0.8446187973022461, 0.0027050620410591364, -1.1812744140625], [0.0, 0.0, 0.0, 1.0]], [[0.947871744632721, 0.3185425400733948, 0.008354541845619678, -1.13720703125], [-0.0005367834819480777, 0.027814526110887527, -0.9996129274368286, 1.5620307922363281], [-0.31865164637565613, 0.9475004076957703, 0.02653559111058712, -0.1585693359375], [0.0, 0.0, 0.0, 1.0]], [[0.009425709955394268, 0.9997441172599792, 0.020566197112202644, -0.0289306640625], [0.0019672815687954426, 0.020548531785607338, -0.999786913394928, 1.5681838989257812], [-0.9999536275863647, 0.009464198723435402, -0.0017730933614075184, -0.0247802734375], [0.0, 0.0, 0.0, 1.0]], [[-0.9234550595283508, 0.3836479187011719, -0.006703102961182594, 1.0413665771484375], [0.006396992597728968, -0.0020738176535815, -0.9999774098396301, 1.5486375093460083], [-0.38365310430526733, -0.9234771132469177, -0.0005391149315983057, -0.0916748046875], [0.0, 0.0, 0.0, 1.0]]], "view": [[0.0, -2.0, 100.0], [-2.0, 0.0, 100.0], [0.0, 0.0, 1.0]], "bev": "bev_b445a965a536499da5400952793f7c6e.png", "aux": "aux_b445a965a536499da5400952793f7c6e.npz", "visibility": "visibility_b445a965a536499da5400952793f7c6e.png", "pose": [[0.9653844237327576, 0.26083123683929443, 0.0, 944.423095703125], [-0.26083123683929443, 0.9653844237327576, 0.0, 1385.5469970703125], [0.0, 0.0, 1.0, 0.0], [0.0, 0.0, 0.0, 1.0]], "pose_inverse": [[0.9653844237327576, -0.26083123683929443, 0.0, -550.33740234375], [0.26083123683929443, 0.9653844237327576, 0.0, -1583.9205322265625], [0.0, 0.0, 1.0, 0.0], [0.0, 0.0, 0.0, 1.0]], "cam_ids": [0, 1, 2, 3, 4, 5], "cam_channels": ["CAM_FRONT_LEFT", "CAM_FRONT", "CAM_FRONT_RIGHT", "CAM_BACK_LEFT", "CAM_BACK", "CAM_BACK_RIGHT"], "token": "b445a965a536499da5400952793f7c6e", "scene": "scene-0253"}, {"images": ["samples/CAM_FRONT_LEFT/n008-2018-08-21-11-53-44-0400__CAM_FRONT_LEFT__1534867517854799.jpg", "samples/CAM_FRONT/n008-2018-08-21-11-53-44-0400__CAM_FRONT__1534867517862404.jpg", "samples/CAM_FRONT_RIGHT/n008-2018-08-21-11-53-44-0400__CAM_FRONT_RIGHT__1534867517870482.jpg", "samples/CAM_BACK_LEFT/n008-2018-08-21-11-53-44-0400__CAM_BACK_LEFT__1534867517897405.jpg", "samples/CAM_BACK/n008-2018-08-21-11-53-44-0400__CAM_BACK__1534867517887558.jpg", "samples/CAM_BACK_RIGHT/n008-2018-08-21-11-53-44-0400__CAM_BACK_RIGHT__1534867517878113.jpg"], "intrinsics": [[[1257.8625342125129, 0.0, 827.2410631095686], [0.0, 1257.8625342125129, 450.915498205774], [0.0, 0.0, 1.0]], [[1252.8131021185304, 0.0, 826.588114781398], [0.0, 1252.8131021185304, 469.9846626224581], [0.0, 0.0, 1.0]], [[1256.7485116440405, 0.0, 817.7887570959712], [0.0, 1256.7485116440403, 451.9541780095127], [0.0, 0.0, 1.0]], [[1254.9860565800168, 0.0, 829.5769333630991], [0.0, 1254.9860565800168, 467.1680561863987], [0.0, 0.0, 1.0]], [[796.8910634503094, 0.0, 857.7774326863696], [0.0, 796.8910634503094, 476.8848988407415], [0.0, 0.0, 1.0]], [[1249.9629280788233, 0.0, 825.3768045375984], [0.0, 1249.9629280788233, 462.54816385708756], [0.0, 0.0, 1.0]]], "extrinsics": [[[0.8223363757133484, -0.5689815282821655, -0.004793181084096432, -0.784942626953125], [0.007315025664865971, 0.018994640558958054, -0.9997928142547607, 1.4901084899902344], [0.5689547061920166, 0.8221309185028076, 0.01978209801018238, -1.1884765625], [0.0, 0.0, 0.0, 1.0]], [[0.010208026506006718, -0.9998424053192139, -0.01452298741787672, 0.0130615234375], [0.009434901177883148, 0.014619404450058937, -0.9998486042022705, 1.4821510314941406], [0.9999034404754639, 0.010069498792290688, 0.009582648053765297, -1.5159912109375], [0.0, 0.0, 0.0, 1.0]], [[-0.843986988067627, -0.5360632538795471, -0.0179482139647007, 0.948974609375], [0.01765059493482113, 0.005686369724571705, -0.999828040599823, 1.4960556030273438], [0.5360731482505798, -0.8441587090492249, 0.004662612918764353, -1.1826171875], [0.0, 0.0, 0.0, 1.0]], [[0.9479139447212219, 0.3185264468193054, -0.0004393764247652143, -1.1353759765625], [-0.0072981142438948154, 0.02033963054418564, -0.9997665286064148, 1.5619697570800781], [-0.3184431195259094, 0.9476957321166992, 0.021604860201478004, -0.1593017578125], [0.0, 0.0, 0.0, 1.0]], [[0.009256373159587383, 0.9998739361763, 0.012901084497570992, -0.0301513671875], [-0.005337429698556662, 0.012950857169926167, -0.9999018311500549, 1.5676736831