[{"images": ["samples/CAM_FRONT_LEFT/n008-2018-08-30-15-16-55-0400__CAM_FRONT_LEFT__1535657188254799.jpg", "samples/CAM_FRONT/n008-2018-08-30-15-16-55-0400__CAM_FRONT__1535657188262404.jpg", "samples/CAM_FRONT_RIGHT/n008-2018-08-30-15-16-55-0400__CAM_FRONT_RIGHT__1535657188270482.jpg", "samples/CAM_BACK_LEFT/n008-2018-08-30-15-16-55-0400__CAM_BACK_LEFT__1535657188297405.jpg", "samples/CAM_BACK/n008-2018-08-30-15-16-55-0400__CAM_BACK__1535657188287558.jpg", "samples/CAM_BACK_RIGHT/n008-2018-08-30-15-16-55-0400__CAM_BACK_RIGHT__1535657188278113.jpg"], "intrinsics": [[[1257.8625342125129, 0.0, 827.2410631095686], [0.0, 1257.8625342125129, 450.915498205774], [0.0, 0.0, 1.0]], [[1252.8131021185304, 0.0, 826.588114781398], [0.0, 1252.8131021185304, 469.9846626224581], [0.0, 0.0, 1.0]], [[1256.7485116440405, 0.0, 817.7887570959712], [0.0, 1256.7485116440403, 451.9541780095127], [0.0, 0.0, 1.0]], [[1254.9860565800168, 0.0, 829.5769333630991], [0.0, 1254.9860565800168, 467.1680561863987], [0.0, 0.0, 1.0]], [[796.8910634503094, 0.0, 857.7774326863696], [0.0, 796.8910634503094, 476.8848988407415], [0.0, 0.0, 1.0]], [[1249.9629280788233, 0.0, 825.3768045375984], [0.0, 1249.9629280788233, 462.54816385708756], [0.0, 0.0, 1.0]]], "extrinsics": [[[0.8239290714263916, -0.5662376284599304, -0.022713677957654, -0.83673095703125], [-0.015532644465565681, 0.01750088855624199, -0.9997261762619019, 1.4851188659667969], [0.5664801001548767, 0.8240562677383423, 0.0056243217550218105, -1.2181396484375], [0.0, 0.0, 0.0, 1.0]], [[0.01241268776357174, -0.99983149766922, -0.013525434769690037, 0.0079193115234375], [-0.013518093153834343, 0.013357450254261494, -0.9998193979263306, 1.4778642654418945], [0.9998316764831543, 0.012593228369951248, -0.013350012712180614, -1.56475830078125], [0.0, 0.0, 0.0, 1.0]], [[-0.8431142568588257, -0.5377306938171387, 0.002046125940978527, 0.97821044921875], [-0.005398055072873831, 0.004658653866499662, -0.9999746084213257, 1.4923486709594727], [0.5377074480056763, -0.84310382604599, -0.006830476690083742, -1.205413818359375], [0.0, 0.0, 0.0, 1.0]], [[0.9475967288017273, 0.3186492919921875, -0.0228731669485569, -1.1356201171875], [-0.030785130336880684, 0.01981506124138832, -0.9993295669555664, 1.5617752075195312], [-0.3179824650287628, 0.9476655721664429, 0.02858634479343891, -0.15887451171875], [0.0, 0.0, 0.0, 1.0]], [[0.008758255280554295, 0.9998894929885864, 0.012017518281936646, -0.028533935546875], [-0.028701044619083405, 0.012264391407370567, -0.9995127320289612, 1.5664844512939453], [-0.9995497465133667, 0.00840911827981472, 0.028805285692214966, -0.01068115234375], [0.0, 0.0, 0.0, 1.0]], [[-0.9240810871124268, 0.38174185156822205, 0.018638694658875465, 1.06884765625], [-0.02447722665965557, -0.010443832725286484, -0.9996458292007446, 1.5453853607177734], [-0.38141193985939026, -0.9242100119590759, 0.018994929268956184, -0.081268310546875], [0.0, 0.0, 0.0, 1.0]]], "view": [[0.0, -2.0, 100.0], [-2.0, 0.0, 100.0], [0.0, 0.0, 1.0]], "bev": "bev_ebede47feb2842d2986bf94a1f0c8c5d.png", "aux": "aux_ebede47feb2842d2986bf94a1f0c8c5d.npz", "visibility": "visibility_ebede47feb2842d2986bf94a1f0c8c5d.png", "pose": [[0.576585054397583, -0.8170371651649475, 0.0, 303.8935546875], [0.8170371651649475, 0.576585054397583, 0.0, 689.8075561523438], [0.0, 0.0, 1.0, 0.0], [0.0, 0.0, 0.0, 1.0]], "pose_inverse": [[0.576585054397583, 0.8170371651649475, 0.0, -738.81884765625], [-0.8170371651649475, 0.576585054397583, 0.0, -149.44039916992188], [0.0, 0.0, 1.0, 0.0], [0.0, 0.0, 0.0, 1.0]], "cam_ids": [0, 1, 2, 3, 4, 5], "cam_channels": ["CAM_FRONT_LEFT", "CAM_FRONT", "CAM_FRONT_RIGHT", "CAM_BACK_LEFT", "CAM_BACK", "CAM_BACK_RIGHT"], "token": "ebede47feb2842d2986bf94a1f0c8c5d", "scene": "scene-0761"}, {"images": ["samples/CAM_FRONT_LEFT/n008-2018-08-30-15-16-55-0400__CAM_FRONT_LEFT__1535657188754799.jpg", "samples/CAM_FRONT/n008-2018-08-30-15-16-55-0400__CAM_FRONT__1535657188762404.jpg", "samples/CAM_FRONT_RIGHT/n008-2018-08-30-15-16-55-0400__CAM_FRONT_RIGHT__1535657188770482.jpg", "samples/CAM_BACK_LEFT/n008-2018-08-30-15-16-55-0400__CAM_BACK_LEFT__1535657188797405.jpg", "samples/CAM_BACK/n008-2018-08-30-15-16-55-0400__CAM_BACK__1535657188787558.jpg", "samples/CAM_BACK_RIGHT/n008-2018-08-30-15-16-55-0400__CAM_BACK_RIGHT__1535657188778113.jpg"], "intrinsics": [[[1257.8625342125129, 0.0, 827.2410631095686], [0.0, 1257.8625342125129, 450.915498205774], [0.0, 0.0, 1.0]], [[1252.8131021185304, 0.0, 826.588114781398], [0.0, 1252.8131021185304, 469.9846626224581], [0.0, 0.0, 1.0]], [[1256.7485116440405, 0.0, 817.7887570959712], [0.0, 1256.7485116440403, 451.9541780095127], [0.0, 0.0, 1.0]], [[1254.9860565800168, 0.0, 829.5769333630991], [0.0, 1254.9860565800168, 467.1680561863987], [0.0, 0.0, 1.0]], [[796.8910634503094, 0.0, 857.7774326863696], [0.0, 796.8910634503094, 476.8848988407415], [0.0, 0.0, 1.0]], [[1249.9629280788233, 0.0, 825.3768045375984], [0.0, 1249.9629280788233, 462.54816385708756], [0.0, 0.0, 1.0]]], "extrinsics": [[[0.8233866691589355, -0.5669771432876587, -0.02389972284436226, -0.820953369140625], [-0.016609281301498413, 0.01801956444978714, -0.9996996521949768, 1.4845666885375977], [0.5672375559806824, 0.8235363960266113, 0.005419985391199589, -1.209228515625], [0.0, 0.0, 0.0, 1.0]], [[0.011612731032073498, -0.9998347163200378, -0.013992308638989925, 0.0093994140625], [-0.014609714969992638, 0.013822103850543499, -0.9997977614402771, 1.477433204650879], [0.9998258948326111, 0.011814839206635952, -0.014446785673499107, -1.549560546875], [0.0, 0.0, 0.0, 1.0]], [[-0.8434590101242065, -0.5371862053871155, 0.0028043845668435097, 0.96844482421875], [-0.00653816619887948, 0.005045524798333645, -0.9999659061431885, 1.4921109676361084], [0.5371537208557129, -0.8434486389160156, -0.007767906878143549, -1.197845458984375], [0.0, 0.0, 0.0, 1.0]], [[0.9475845098495483, 0.3186134994029999, -0.023851905018091202, -1.133056640625], [-0.031834956258535385, 0.019871126860380173, -0.9992955923080444, 1.561676025390625], [-0.31791508197784424, 0.9476763606071472, 0.028972623869776726, -0.159881591796875], [0.0, 0.0, 0.0, 1.0]], [[0.009053367190063, 0.9998843669891357, 0.012215410359203815, -0.0289764404296875], [-0.02970726042985916, 0.012479458935558796, -0.9994807243347168, 1.5662345886230469], [-0.9995177388191223, 0.008685797452926636, 0.02981681190431118, -0.01690673828125], [0.0, 0.0, 0.0, 1.0]], [[-0.9238636493682861, 0.3822123110294342, 0.019736267626285553, 1.0596923828125], [-0.025540517643094063, -0.010117780417203903, -0.9996225237846375, 1.5450477600097656], [-0.3818683326244354, -0.9240190386772156, 0.019109351560473442, -0.084136962890625], [0.0, 0.0, 0.0, 1.0]]], "view": [[0.0, -2.0, 100.0], [-2.0, 0.0, 100.0], [0.0, 0.0, 1.0]], "bev": "bev_cad023ac28df4d13b7b17b9631f5b4c7.png", "aux": "aux_cad023ac28df4d13b7b17b9631f5b4c7.npz", "visibility": "visibility_cad023ac28df4d13b7b17b9631f5b4c7.png", "pose": [[0.597088098526001, -0.8021756410598755, 0.0, 305.2895202636719], [0.8021756410598755, 0.597088098526001, 0.0, 691.7078247070312], [0.0, 0.0, 1.0, 0.0], [0.0, 0.0, 0.0, 1.0]], "pose_inverse": [[0.597088098526001, 0.8021756410598755, 0.0, -737.1559448242188], [-0.8021756410598755, 0.597088098526001, 0.0, -168.1147003173828], [0.0, 0.0, 1.0, 0.0], [0.0, 0.0, 0.0, 1.0]], "cam_ids": [0, 1, 2, 3, 4, 5], "cam_channels": ["CAM_FRONT_LEFT", "CAM_FRONT", "CAM_FRONT_RIGHT", "CAM_BACK_LEFT", "CAM_BACK", "CAM_BACK_RIGHT"], "token": "cad023ac28df4d13b7b17b9631f5b4c7", "scene": "scene-0761"}, {"images": ["samples/CAM_FRONT_LEFT/n008-2018-08-30-15-16-55-0400__CAM_FRONT_LEFT__1535657189254799.jpg", "samples/CAM_FRONT/n008-2018-08-30-15-16-55-0400__CAM_FRONT__1535657189262404.jpg", "samples/CAM_FRONT_RIGHT/n008-2018-08-30-15-16-55-0400__CAM_FRONT_RIGHT__1535657189270482.jpg", "samples/CAM_BACK_LEFT/n008-2018-08-30-15-16-55-0400__CAM_BACK_LEFT__1535657189297405.jpg", "samples/CAM_BACK/n008-2018-08-30-15-16-55-0400__CAM_BACK__1535657189287558.jpg", "samples/CAM_BACK_RIGHT/n008-2018-08-30-15-16-55-0400__CAM_BACK_RIGHT__1535657189278113.jpg"], "intrinsics": [[[1257.8625342125129, 0.0, 827.2410631095686], [0.0, 1257.8625342125129, 450.915498205774], [0.0, 0.0, 1.0]], [[1252.8131021185304, 0.0, 826.588114781398], [0.0, 1252.8131021185304, 469.9846626224581], [0.0, 0.0, 1.0]], [[1256.7485116440405, 0.0, 817.7887570959712], [0.0, 1256.7485116440403, 451.9541780095127], [0.0, 0.0, 1.0]], [[1254.9860565800168, 0.0, 829.5769333630991], [0.0, 1254.9860565800168, 467.1680561863987], [0.0, 0.0, 1.0]], [[796.8910634503094, 0.0, 857.7774326863696], [0.0, 796.8910634503094, 476.8848988407415], [0.0, 0.0, 1.0]], [[1249.9629280788233, 0.0, 825.3768045375984], [0.0, 1249.9629280788233, 462.54816385708756], [0.0, 0.0, 1.0]]], "extrinsics": [[[0.8235822916030884, -0.5668938159942627, -0.01853577233850956, -0.801483154296875], [-0.014574767090380192, 0.011517238803207874, -0.9998274445533752, 1.4846916198730469], [0.5670095682144165, 0.8237103223800659, 0.0012230476131662726, -1.19354248046875], [0.0, 0.0, 0.0, 1.0]], [[0.011896121315658092, -0.9999009966850281, -0.007515858858823776, 0.008087158203125], [-0.012515555135905743, 0.007366909179836512, -0.9998944997787476, 1.47758150100708], [0.9998509287834167, 0.011988915503025055, -0.012426678091287613, -1.52838134765625], [0.0, 0.0, 0.0, 1.0]], [[-0.843333899974823, -0.5373715758323669, 0.004430416971445084, 0.95318603515625], [-0.00439691124483943, -0.001344145042821765, -0.99998939037323, 1.4923551082611084], [0.5373718738555908, -0.843344509601593, -0.0012292132014408708, -1.189788818359375], [0.0, 0.0, 0.0, 1.0]], [[0.9475920796394348, 0.31860679388046265, -0.023643990978598595, -1.12939453125], [-0.029535697773098946, 0.013673052191734314, -0.9994701743125916, 1.5615959167480469], [-0.3181147277355194, 0.9477882981300354, 0.022366749122738838, -0.16095352172851562], [0.0, 0.0, 0.0, 1.0]], [[0.008841260336339474, 0.9999430179595947, 0.005971589125692844, -0.028228759765625], [-0.027531851083040237, 0.006212979089468718, -0.9996016025543213, 1.5661373138427734], [-0.9995818138122559, 0.008673339150846004, 0.027585215866565704, -0.0255126953125], [0.0, 0.0, 0.0, 1.0]], [[-0.9239913821220398, 0.3821065127849579, 0.015317067503929138, 1.04754638671875], [-0.02337750606238842, -0.016460880637168884, -0.9995911717414856, 1.5449504852294922], [-0.3816981315612793, -0.9239716529846191, 0.02414240874350071, -0.0904541015625], [0.0, 0.0, 0.0, 1.0]]], "view": [[0.0, -2.0, 100.0], [-2.0, 0.0, 100.0], [0.0, 0.0, 1.0]], "bev": "bev_1c549741769a4a7590ea58594b8be030.png", "aux": "aux_1c549741769a4a7590ea58594b8be030.npz", "visibility": "visibility_1c549741769a4a7590ea58594b8be030.png", "pose": [[0.6159140467643738, -0.7878133654594421, 0.0, 306.858642578125], [0.7878133654594421, 0.6159140467643738, 0.0, 693.7399291992188], [0.0, 0.0, 1.0, 0.0], [0.0, 0.0, 0.0, 1.0]], "pose_inverse": [[0.6159140467643738, 0.7878133654594421, 0.0, -735.5361328125], [-0.7878133654594421, 0.6159140467643738, 0.0, -185.53684997558594], [0.0, 0.0, 1.0, 0.0], [0.0, 0.0, 0.0, 1.0]], "cam_ids": [0, 1, 2, 3, 4, 5], "cam_channels": ["CAM_FRONT_LEFT", "CAM_FRONT", "CAM_FRONT_RIGHT", "CAM_BACK_LEFT", "CAM_BACK", "CAM_BACK_RIGHT"], "token": "1c549741769a4a7590ea58594b8be030", "scene": "scene-0761"}, {"images": ["samples/CAM_FRONT_LEFT/n008-2018-08-30-15-16-55-0400__CAM_FRONT_LEFT__1535657189654799.jpg", "samples/CAM_FRONT/n008-2018-08-30-15-16-55-0400__CAM_FRONT__1535657189662404.jpg", "samples/CAM_FRONT_RIGHT/n008-2018-08-30-15-16-55-0400__CAM_FRONT_RIGHT__1535657189670482.jpg", "samples/CAM_BACK_LEFT/n008-2018-08-30-15-16-55-0400__CAM_BACK_LEFT__1535657189697405.jpg", "samples/CAM_BACK/n008-2018-08-30-15-16-55-0400__CAM_BACK__1535657189687558.jpg", "samples/CAM_BACK_RIGHT/n008-2018-08-30-15-16-55-0400__CAM_BACK_RIGHT__1535657189678113.jpg"], "intrinsics": [[[1257.8625342125129, 0.0, 827.2410631095686], [0.0, 1257.8625342125129, 450.915498205774], [0.0, 0.0, 1.0]], [[1252.8131021185304, 0.0, 826.588114781398], [0.0, 1252.8131021185304, 469.9846626224581], [0.0, 0.0, 1.0]], [[1256.7485116440405, 0.0, 817.7887570959712], [0.0, 1256.7485116440403, 451.9541780095127], [0.0, 0.0, 1.0]], [[1254.9860565800168, 0.0, 829.5769333630991], [0.0, 1254.9860565800168, 467.1680561863987], [0.0, 0.0, 1.0]], [[796.8910634503094, 0.0, 857.7774326863696], [0.0, 796.8910634503094, 476.8848988407415], [0.0, 0.0, 1.0]], [[1249.9629280788233, 0.0, 825.3768045375984], [0.0, 1249.9629280788233, 462.54816385708756], [0.0, 0.0, 1.0]]], "extrinsics": [[[0.8232272267341614, -0.5674539804458618, -0.01711711473762989, -0.796661376953125], [-0.014354337938129902, 0.009335948154330254, -0.9998533725738525, 1.4846611022949219], [0.5675305724143982, 0.8233521580696106, -0.0004598194209393114, -1.19122314453125], [0.0, 0.0, 0.0, 1.0]], [[0.011365422047674656, -0.999920666217804, -0.005432753823697567, 0.0087890625], [-0.012296793982386589, 0.005292929243296385, -0.9999103546142578, 1.4775819778442383], [0.9998597502708435, 0.011431237682700157, -0.012235662899911404, -1.52508544921875], [0.0, 0.0, 0.0, 1.0]], [[-0.8435573577880859, -0.5370131134986877, 0.005270186346024275, 0.95257568359375], [-0.004122794605791569, -0.003337529255077243, -0.999985933303833, 1.4923975467681885], [0.5370231866836548, -0.8435673117637634, 0.0006014014943502843, -1.188720703125], [0.0, 0.0, 0.0, 1.0]], [[0.9475973844528198, 0.3185429275035858, -0.024281134828925133, -1.13067626953125], [-0.029712093994021416, 0.012200853787362576, -0.9994840025901794, 1.5616264343261719], [-0.31808236241340637, 0.9478298425674438, 0.02102607674896717, -0.16063690185546875], [0.0, 0.0, 0.0, 1.0]], [[0.009010709822177887, 0.999950110912323, 0.004306396935135126, -0.0285491943359375], [-0.027609987184405327, 0.004553722683340311, -0.9996083974838257, 1.566162109375], [-0.9995781183242798, 0.008888293989002705, 0.027649642899632454, -0.0244140625], [0.0, 0.0, 0.0, 1.0]], [[-0.9238768219947815, 0.3824133574962616, 0.014545726589858532, 1.04827880859375], [-0.023318009451031685, -0.018314311280846596, -0.9995602965354919, 1.544992446899414], [-0.3819788098335266, -0.923809826374054, 0.025837287306785583, -0.089599609375], [0.0, 0.0, 0.0, 1.0]]], "view": [[0.0, -2.0, 100.0], [-2.0, 0.0, 100.0], [0.0, 0.0, 1.0]], "bev": "bev_5ac8faca6cab4cf8887df0338bf2831a.png", "aux": "aux_5ac8faca6cab4cf8887df0338bf2831a.npz", "visibility": "visibility_5ac8faca6cab4cf8887df0338bf2831a.png", "pose": [[0.6294832825660706, -0.7770140171051025, 0.0, 308.2557067871094], [0.7770140171051025, 0.6294832825660706, 0.0, 695.4839477539062], [0.0, 0.0, 1.0, 0.0], [0.0, 0.0, 0.0, 1.0]], "pose_inverse": [[0.6294832825660706, 0.7770140171051025, 0.0, -734.4425659179688], [-0.7770140171051025, 0.6294832825660706, 0.0, -198.27651977539062], [0.0, 0.0, 1.0, 0.0], [0.0, 0.0, 0.0, 1.0]], "cam_ids": [0, 1, 2, 3, 4, 5], "cam_channels": ["CAM_FRONT_LEFT", "CAM_FRONT", "CAM_FRONT_RIGHT", "CAM_BACK_LEFT", "CAM_BACK", "CAM_BACK_RIGHT"], "token": "5ac8faca6cab4cf8887df0338bf2831a", "scene": "scene-0761"}, {"images": ["samples/CAM_FRONT_LEFT/n008-2018-08-30-15-16-55-0400__CAM_FRONT_LEFT__1535657190154799.jpg", "samples/CAM_FRONT/n008-2018-08-30-15-16-55-0400__CAM_FRONT__1535657190162404.jpg", "samples/CAM_FRONT_RIGHT/n008-2018-08-30-15-16-55-0400__CAM_FRONT_RIGHT__1535657190170482.jpg", "samples/CAM_BACK_LEFT/n008-2018-08-30-15-16-55-0400__CAM_BACK_LEFT__1535657190197405.jpg", "samples/CAM_BACK/n008-2018-08-30-15-16-55-0400__CAM_BACK__1535657190187558.jpg", "samples/CAM_BACK_RIGHT/n008-2018-08-30-15-16-55-0400__CAM_BACK_RIGHT__1535657190178113.jpg"], "intrinsics": [[[1257.8625342125129, 0.0, 827.2410631095686], [0.0, 1257.8625342125129, 450.915498205774], [0.0, 0.0, 1.0]], [[1252.8131021185304, 0.0, 826.588114781398], [0.0, 1252.8131021185304, 469.9846626224581], [0.0, 0.0, 1.0]], [[1256.7485116440405, 0.0, 817.7887570959712], [0.0, 1256.7485116440403, 451.9541780095127], [0.0, 0.0, 1.0]], [[1254.9860565800168, 0.0, 829.5769333630991], [0.0, 1254.9860565800168, 467.1680561863987], [0.0, 0.0, 1.0]], [[796.8910634503094, 0.0, 857.7774326863696], [0.0, 796.8910634503094, 476.8848988407415], [0.0, 0.0, 1.0]], [[1249.9629280788233, 0.0, 825.3768045375984], [0.0, 1249.9629280788233, 462.54816385708756], [0.0, 0.0, 1.0]]], "extrinsics": [[[0.8225908279418945, -0.5683704018592834, -0.01730509102344513, -0.787506103515625], [-0.01650509238243103, 0.006554574239999056, -0.9998422861099243, 1.4839410781860352], [0.5683941841125488, 0.8227466940879822, -0.003989275079220533, -1.1856689453125], [0.0, 0.0, 0.0, 1.0]], [[0.010500147938728333, -0.9999415874481201, -0.002559070475399494, 0.00946044921875], [-0.014779145829379559, 0.002403740305453539, -0.9998879432678223, 1.4769306182861328], [0.9998356699943542, 0.010536829009652138, -0.014753042720258236, -1.5162353515625], [0.0, 0.0, 0.0, 1.0]], [[-0.8438948392868042, -0.536427915096283, 0.009300649166107178, 0.9468994140625], [-0.007019516546279192, -0.006294412538409233, -0.9999555349349976, 1.4918804168701172], [0.536462664604187, -0.8439226746559143, 0.0015463567106053233, -1.1844329833984375], [0.0, 0.0, 0.0, 1.0]], [[0.947566568851471, 0.31833529472351074, -0.027932504191994667, -1.1307373046875], [-0.0323990099132061, 0.008743752725422382, -0.9994367957115173, 1.561594009399414], [-0.3179118037223816, 0.9479378461837769, 0.01859903894364834, -0.16057586669921875], [0.0, 0.0, 0.0, 1.0]], [[0.009324469603598118, 0.9999561309814453, 0.000893514952622354, -0.028778076171875], [-0.030270367860794067, 0.0011754112783819437, -0.9995409846305847, 1.565896987915039], [-0.9994982481002808, 0.009293087758123875, 0.03028000146150589, -0.02716064453125], [0.0, 0.0, 0.0, 1.0]], [[-0.92364901304245, 0.38291242718696594, 0.015830866992473602, 1.043212890625], [-0.026021143421530724, -0.021447570994496346, -0.9994312524795532, 1.544534683227539], [-0.3823550343513489, -0.9235356450080872, 0.02977384626865387, -0.0911865234375], [0.0, 0.0, 0.0, 1.0]]], "view": [[0.0, -2.0, 100.0], [-2.0, 0.0, 100.0], [0.0, 0.0, 1.0]], "bev": "bev_acfa818440af499998b8f7221c33978c.png", "aux": "aux_acfa818440af499998b8f7221c33978c.npz", "visibility": "visibility_acfa818440af499998b8f7221c33978c.png", "pose": [[0.6369765996932983, -0.7708831429481506, 0.0, 310.088134765625], [0.7708831429481506, 0.6369765996932983, 0.0, 697.69287109375], [0.0, 0.0, 1.0, 0.0], [0.0, 0.0, 0.0, 1.0]], "pose_inverse": [[0.6369765996932983, 0.7708831429481506, 0.0, -735.3585815429688], [-0.7708831429481506, 0.6369765996932983, 0.0, -205.37229919433594], [0.0, 0.0, 1.0, 0.0], [0.0, 0.0, 0.0, 1.0]], "cam_ids": [0, 1, 2, 3, 4, 5], "cam_channels": ["CAM_FRONT_LEFT", "CAM_FRONT", "CAM_FRONT_RIGHT", "CAM_BACK_LEFT", "CAM_BACK", "CAM_BACK_RIGHT"], "token": "acfa818440af499998b8f7221c33978c", "scene": "scene-0761"}, {"images": ["samples/CAM_FRONT_LEFT/n008-2018-08-30-15-16-55-0400__CAM_FRONT_LEFT__1535657190654799.jpg", "samples/CAM_FRONT/n008-2018-08-30-15-16-55-0400__CAM_FRONT__1535657190662404.jpg", "samples/CAM_FRONT_RIGHT/n008-2018-08-30-15-16-55-0400__CAM_FRONT_RIGHT__1535657190670482.jpg", "samples/CAM_BACK_LEFT/n008-2018-08-30-15-16-55-0400__CAM_BACK_LEFT__1535657190697405.jpg", "samples/CAM_BACK/n008-2018-08-30-15-16-55-0400__CAM_BACK__1535657190688263.jpg", "samples/CAM_BACK_RIGHT/n008-2018-08-30-15-16-55-0400__CAM_BACK_RIGHT__1535657190678113.jpg"], "intrinsics": [[[1257.8625342125129, 0.0, 827.2410631095686], [0.0, 1257.8625342125129, 450.915498205774], [0.0, 0.0, 1.0]], [[1252.8131021185304, 0.0, 826.588114781398], [0.0, 1252.8131021185304, 469.9846626224581], [0.0, 0.0, 1.0]], [[1256.7485116440405, 0.0, 817.7887570959712], [0.0, 1256.7485116440403, 451.9541780095127], [0.0, 0.0, 1.0]], [[1254.9860565800168, 0.0, 829.5769333630991], [0.0, 1254.9860565800168, 467.1680561863987], [0.0, 0.0, 1.0]], [[796.8910634503094, 0.0, 857.7774326863696], [0.0, 796.8910634503094, 476.8848988407415], [0.0, 0.0, 1.0]], [[1249.9629280788233, 0.0, 825.3768045375984], [0.0, 1249.9629280788233, 462.54816385708756], [0.0, 0.0, 1.0]]], "extrinsics": [[[0.8232572674751282, -0.5675628781318665, -0.01094641163945198, -0.78631591796875], [-0.0104363476857543, 0.004147421568632126, -0.9999369382858276, 1.4855265617370605], [0.5675724744796753, 0.8233196139335632, -0.0025088894180953503, -1.1845703125], [0.0, 0.0, 0.0, 1.0]], [[0.01137904915958643, -0.9999352097511292, -7.4891016993206e-05, 0.0092926025390625], [-0.008480964228510857, -2.1617728634737432e-05, -0.9999640583992004, 1.4783048629760742], [0.9998992681503296, 0.01137929130345583, -0.008480659686028957, -1.51531982421875], [0.0, 0.0, 0.0, 1.0]], [[-0.8435524106025696, -0.5370234847068787, 0.005017576273530722, 0.94671630859375], [-0.00038246880285441875, -0.008742173202335835, -0.9999616742134094, 1.4930169582366943], [0.5370467305183411, -0.8435220122337341, 0.0071690864861011505, -1.1845550537109375], [0.0, 0.0, 0.0, 1.0]], [[0.9476515650749207, 0.31850993633270264, -0.022536620497703552, -1.13421630859375], [-0.025996608659625053, 0.006615866906940937, -0.9996401071548462, 1.5617790222167969], [-0.31824618577957153, 0.947896420955658, 0.01454971544444561, -0.15944290161132812], [0.0, 0.0, 0.0, 1.0]], [[0.008935005404055119, 0.9999594688415527, -0.0011749571422114968, -0.0287933349609375], [-0.02382827177643776, -0.000961755751632154, -0.9997155666351318, 1.5665130615234375], [-0.9996761679649353, 0.008960476145148277, 0.023818712681531906, -0.0206298828125], [0.0, 0.0, 0.0, 1.0]], [[-0.9239531755447388, 0.38239890336990356, 0.00903279148042202, 1.04400634765625], [-0.019602706655859947, -0.0237539354711771, -0.9995256066322327, 1.5453681945800781], [-0.3820028603076935, -0.9236919283866882, 0.02944357693195343, -0.090850830078125], [0.0, 0.0, 0.0, 1.0]]], "view": [[0.0, -2.0, 100.0], [-2.0, 0.0, 100.0], [0.0, 0.0, 1.0]], "bev": "bev_853ea42f9d504f899ac3bd9b02a782ae.png", "aux": "aux_853ea42f9d504f899ac3bd9b02a782ae.npz", "visibility": "visibility_853ea42f9d504f899ac3bd9b02a782ae.png", "pose": [[0.649124026298523, -0.7606825828552246, 0.0, 312.0474548339844], [0.7606825828552246, 0.649124026298523, 0.0, 699.9916381835938], [0.0, 0.0, 1.0, 0.0], [0.0, 0.0, 0.0, 1.0]], "pose_inverse": [[0.649124026298523, 0.7606825828552246, 0.0, -735.0289306640625], [-0.7606825828552246, 0.649124026298523, 0.0, -217.01231384277344], [0.0, 0.0, 1.0, 0.0], [0.0, 0.0, 0.0, 1.0]], "cam_ids": [0, 1, 2, 3, 4, 5], "cam_channels": ["CAM_FRONT_LEFT", "CAM_FRONT", "CAM_FRONT_RIGHT", "CAM_BACK_LEFT", "CAM_BACK", "CAM_BACK_RIGHT"], "token": "853ea42f9d504f899ac3bd9b02a782ae", "scene": "scene-0761"}, {"images": ["samples/CAM_FRONT_LEFT/n008-2018-08-30-15-16-55-0400__CAM_FRONT_LEFT__1535657191154799.jpg", "samples/CAM_FRONT/n008-2018-08-30-15-16-55-0400__CAM_FRONT__1535657191162404.jpg", "samples/CAM_FRONT_RIGHT/n008-2018-08-30-15-16-55-0400__CAM_FRONT_RIGHT__1535657191170863.jpg", "samples/CAM_BACK_LEFT/n008-2018-08-30-15-16-55-0400__CAM_BACK_LEFT__1535657191197405.jpg", "samples/CAM_BACK/n008-2018-08-30-15-16-55-0400__CAM_BACK__1535657191187563.jpg", "samples/CAM_BACK_RIGHT/n008-2018-08-30-15-16-55-0400__CAM_BACK_RIGHT__1535657191178113.jpg"], "intrinsics": [[[1257.8625342125129, 0.0, 827.2410631095686], [0.0, 1257.8625342125129, 450.915498205774], [0.0, 0.0, 1.0]], [[1252.8131021185304, 0.0, 826.588114781398], [0.0, 1252.8131021185304, 469.9846626224581], [0.0, 0.0, 1.0]], [[1256.7485116440405, 0.0, 817.7887570959712], [0.0, 1256.7485116440403, 451.9541780095127], [0.0, 0.0, 1.0]], [[1254.9860565800168, 0.0, 829.5769333630991], [0.0, 1254.9860565800168, 467.1680561863987], [0.0, 0.0, 1.0]], [[796.8910634503094, 0.0, 857.7774326863696], [0.0, 796.8910634503094, 476.8848988407415], [0.0, 0.0, 1.0]], [[1249.9629280788233, 0.0, 825.3768045375984], [0.0, 1249.9629280788233, 462.54816385708756], [0.0, 0.0, 1.0]]], "extrinsics": [[[0.8225711584091187, -0.5685139894485474, -0.01298550795763731, -0.783905029296875], [-0.012194675393402576, 0.005194910801947117, -0.9999121427536011, 1.485020637512207], [0.5685314536094666, 0.8226572871208191, -0.002659659832715988, -1.18267822265625], [0.0, 0.0, 0.0, 1.0]], [[0.010330290533602238, -0.999945878982544, -0.001251098234206438, 0.009063720703125], [-0.010405630804598331, 0.0011435983469709754, -0.9999452233314514, 1.47786283493042], [0.9998924732208252, 0.010342803783714771, -0.010393252596259117, -1.51361083984375], [0.0, 0.0, 0.0, 1.0]], [[-0.844037652015686, -0.5362484455108643, 0.006181348115205765, 0.94805908203125], [-0.0025491220876574516, -0.007514426484704018, -0.9999685287475586, 1.4926457405090332], [0.5362780094146729, -0.8440268039703369, 0.004975495394319296, -1.18585205078125], [0.0, 0.0, 0.0, 1.0]], [[0.9476330280303955, 0.31842663884162903, -0.024418458342552185, -1.13739013671875], [-0.02829454280436039, 0.007552309427410364, -0.9995710849761963, 1.5618515014648438], [-0.31810563802719116, 0.9479174613952637, 0.016166552901268005, -0.1583251953125], [0.0, 0.0, 0.0, 1.0]], [[0.00937420129776001, 0.9999560713768005, -0.00017808692064136267, -0.0285186767578125], [-0.02599972113966942, 6.570269033545628e-05, -0.999661922454834, 1.5663127899169922], [-0.9996180534362793, 0.009375722147524357, 0.025999192148447037, -0.02288818359375], [0.0, 0.0, 0.0, 1.0]], [[-0.9236267805099487, 0.3831244111061096, 0.011366997845470905, 1.04486083984375], [-0.021674763411283493, -0.02259831503033638, -0.9995096325874329, 1.5451107025146484], [-0.38267970085144043, -0.9234203100204468, 0.029176536947488785, -0.09112548828125], [0.0, 0.0, 0.0, 1.0]]], "view": [[0.0, -2.0, 100.0], [-2.0, 0.0, 100.0], [0.0, 0.0, 1.0]], "bev": "bev_2f342fdcf0ae42b5a8760d7a56e196a6.png", "aux": "aux_2f342fdcf0ae42b5a8760d7a56e196a6.npz", "visibility": "visibility_2f342fdcf0ae42b5a8760d7a56e196a6.png", "pose": [[0.6542701125144958, -0.7562609910964966, 0.0, 314.0634460449219], [0.7562609910964966, 0.6542701125144958, 0.0, 702.3001098632812], [0.0, 0.0, 1.0, 0.0], [0.0, 0.0, 0.0, 1.0]], "pose_inverse": [[0.6542701125144958, 0.7562609910964966, 0.0, -736.6044921875], [-0.7562609910964966, 0.6542701125144958, 0.0, -221.9800262451172], [0.0, 0.0, 1.0, 0.0], [0.0, 0.0, 0.0, 1.0]], "cam_ids": [0, 1, 2, 3, 4, 5], "cam_channels": ["CAM_FRONT_LEFT", "CAM_FRONT", "CAM_FRONT_RIGHT", "CAM_BACK_LEFT", "CAM_BACK", "CAM_BACK_RIGHT"], "token": "2f342fdcf0ae42b5a8760d7a56e196a6", "scene": "scene-0761"}, {"images": ["samples/CAM_FRONT_LEFT/n008-2018-08-30-15-16-55-0400__CAM_FRONT_LEFT__1535657191654799.jpg", "samples/CAM_FRONT/n008-2018-08-30-15-16-55-0400__CAM_FRONT__1535657191662404.jpg", "samples/CAM_FRONT_RIGHT/n008-2018-08-30-15-16-55-0400__CAM_FRONT_RIGHT__1535657191670482.jpg", "samples/CAM_BACK_LEFT/n008-2018-08-30-15-16-55-0400__CAM_BACK_LEFT__1535657191697405.jpg", "samples/CAM_BACK/n008-2018-08-30-15-16-55-0400__CAM_BACK__1535657191687558.jpg", "samples/CAM_BACK_RIGHT/n008-2018-08-30-15-16-55-0400__CAM_BACK_RIGHT__1535657191678113.jpg"], "intrinsics": [[[1257.8625342125129, 0.0, 827.2410631095686], [0.0, 1257.8625342125129, 450.915498205774], [0.0, 0.0, 1.0]], [[1252.8131021185304, 0.0, 826.588114781398], [0.0, 1252.8131021185304, 469.9846626224581], [0.0, 0.0, 1.0]], [[1256.7485116440405, 0.0, 817.7887570959712], [0.0, 1256.7485116440403, 451.9541780095127], [0.0, 0.0, 1.0]], [[1254.9860565800168, 0.0, 829.5769333630991], [0.0, 1254.9860565800168, 467.1680561863987], [0.0, 0.0, 1.0]], [[796.8910634503094, 0.0, 857.7774326863696], [0.0, 796.8910634503094, 476.8848988407415], [0.0, 0.0, 1.0]], [[1249.9629280788233, 0.0, 825.3768045375984], [0.0, 1249.9629280788233, 462.54816385708756], [0.0, 0.0, 1.0]]], "extrinsics": [[[0.8223604559898376, -0.5687114000320435, -0.017048262059688568, -0.77496337890625], [-0.016426434740424156, 0.006219641305506229, -0.9998457431793213, 1.4837026596069336], [0.5687296986579895, 0.8225135803222656, -0.00422711344435811, -1.17529296875], [0.0, 0.0, 0.0, 1.0]], [[0.010179881937801838, -0.9999454617500305, -0.002313704462721944, 0.0084228515625], [-0.01447085477411747, 0.0021662607323378325, -0.9998929500579834, 1.476832389831543], [0.9998433589935303, 0.010212264023721218, -0.01444801315665245, -1.50457763671875], [0.0, 0.0, 0.0, 1.0]], [[-0.8440194129943848, -0.5362381339073181, 0.008935404941439629, 0.9405517578125], [-0.00649968022480607, -0.0064321719110012054, -0.9999582171440125, 1.4919166564941406], [0.5362731218338013, -0.8440422415733337, 0.0019435019930824637, -1.1815338134765625], [0.0, 0.0, 0.0, 1.0]], [[0.9475581049919128, 0.31841662526130676, -0.027287643402814865, -1.1383056640625], [-0.031817518174648285, 0.009032919071614742, -0.9994528889656067, 1.5618572235107422], [-0.31799590587615967, 0.9479078054428101, 0.0186904426664114, -0.15794754028320312], [0.0, 0.0, 0.0, 1.0]], [[0.009355982765555382, 0.9999555349349976, 0.001123493886552751, -0.028472900390625], [-0.029706483706831932, 0.0014009937876835465, -0.9995576739311218, 1.566019058227539], [-0.9995148777961731, 0.009318462572991848, 0.029718276113271713, -0.0244140625], [0.0, 0.0, 0.0, 1.0]], [[-0.9236072301864624, 0.38303467631340027, 0.015300142578780651, 1.041259765625], [-0.025438224896788597, -0.021416470408439636, -0.9994469285011292, 1.5445365905761719], [-0.38249513506889343, -0.9234856367111206, 0.029524128884077072, -0.09271240234375], [0.0, 0.0, 0.0, 1.0]]], "view": [[0.0, -2.0, 100.0], [-2.0, 0.0, 100.0], [0.0, 0.0, 1.0]], "bev": "bev_7db5749e5b844bbcbfbbd26409847d15.png", "aux": "aux_7db5749e5b844bbcbfbbd26409847d15.npz", "visibility": "visibility_7db5749e5b844bbcbfbbd26409847d15.png", "pose": [[0.6561378836631775, -0.7546409964561462, 0.0, 316.1740417480469], [0.7546409964561462, 0.6561378836631775, 0.0, 704.7081298828125], [0.0, 0.0, 1.0, 0.0], [0.0, 0.0, 0.0, 1.0]], "pose_inverse": [[0.6561378836631775, 0.7546409964561462, 0.0, -739.2554321289062], [-0.7546409964561462, 0.6561378836631775, 0.0, -223.78782653808594], [0.0, 0.0, 1.0, 0.0], [0.0, 0.0, 0.0, 1.0]], "cam_ids": [0, 1, 2, 3, 4, 5], "cam_channels": ["CAM_FRONT_LEFT", "CAM_FRONT", "CAM_FRONT_RIGHT", "CAM_BACK_LEFT", "CAM_BACK", "CAM_BACK_RIGHT"], "token": "7db5749e5b844bbcbfbbd26409847d15", "scene": "scene-0761"}, {"images": ["samples/CAM_FRONT_LEFT/n008-2018-08-30-15-16-55-0400__CAM_FRONT_LEFT__1535657192154799.jpg", "samples/CAM_FRONT/n008-2018-08-30-15-16-55-0400__CAM_FRONT__1535657192162404.jpg", "samples/CAM_FRONT_RIGHT/n008-2018-08-30-15-16-55-0400__CAM_FRONT_RIGHT__1535657192170482.jpg", "samples/CAM_BACK_LEFT/n008-2018-08-30-15-16-55-0400__CAM_BACK_LEFT__1535657192197405.jpg", "samples/CAM_BACK/n008-2018-08-30-15-16-55-0400__CAM_BACK__1535657192187558.jpg", "samples/CAM_BACK_RIGHT/n008-2018-08-30-15-16-55-0400__CAM_BACK_RIGHT__1535657192178113.jpg"], "intrinsics": [[[1257.8625342125129, 0.0, 827.2410631095686], [0.0, 1257.8625342125129, 450.915498205774], [0.0, 0.0, 1.0]], [[1252.8131021185304, 0.0, 826.588114781398], [0.0, 1252.8131021185304, 469.9846626224581], [0.0, 0.0, 1.0]], [[1256.7485116440405, 0.0, 817.7887570959712], [0.0, 1256.7485116440403, 451.9541780095127], [0.0, 0.0, 1.0]], [[1254.9860565800168, 0.0, 829.5769333630991], [0.0, 1254.9860565800168, 467.1680561863987], [0.0, 0.0, 1.0]], [[796.8910634503094, 0.0, 857.7774326863696], [0.0, 796.8910634503094, 476.8848988407415], [0.0, 0.0, 1.0]], [[1249.9629280788233, 0.0, 825.3768045375984], [0.0, 1249.9629280788233, 462.54816385708756], [0.0, 0.0, 1.0]]], "extrinsics": [[[0.8220270872116089, -0.5690683722496033, -0.0208011195063591, -0.778839111328125], [-0.019205914810299873, 0.00880157295614481, -0.9997767806053162, 1.4830188751220703], [0.5691244602203369, 0.8222431540489197, -0.0036943501327186823, -1.17950439453125], [0.0, 0.0, 0.0, 1.0]], [[0.009711853228509426, -0.9999405741691589, -0.004957422148436308, 0.0094757080078125], [-0.017268752679228783, 0.004789198748767376, -0.9998394250869751, 1.4762630462646484], [0.9998036623001099, 0.009795775637030602, -0.01722121424973011, -1.5093994140625], [0.0, 0.0, 0.0, 1.0]], [[-0.8442184925079346, -0.5359081625938416, 0.009869894944131374, 0.9443359375], [-0.00926786009222269, -0.0038165077567100525, -0.9999497532844543, 1.4914636611938477], [0.5359189510345459, -0.8442676663398743, -0.001744758221320808, -1.182891845703125], [0.0, 0.0, 0.0, 1.0]], [[0.947516143321991, 0.31837210059165955, -0.029194870963692665, -1.13916015625], [-0.034674566239118576, 0.01155675295740366, -0.9993318319320679, 1.561868667602539], [-0.3178219795227051, 0.947895348072052, 0.021989623084664345, -0.15773391723632812], [0.0, 0.0, 0.0, 1.0]], [[0.009620076976716518, 0.9999468922615051, 0.0036933852825313807, -0.02880859375], [-0.03252226114273071, 0.00400448078289628, -0.9994629621505737, 1.5658893585205078], [-0.9994246959686279, 0.009494834579527378, 0.03255905956029892, -0.02239990234375], [0.0, 0.0, 0.0, 1.0]], [[-0.9234102368354797, 0.3833443820476532, 0.018987029790878296, 1.04388427734375], [-0.028352532535791397, -0.01879505254328251, -0.999421238899231, 1.544260025024414], [-0.38276568055152893, -0.9234142303466797, 0.02822432853281498, -0.090972900390625], [0.0, 0.0, 0.0, 1.0]]], "view": [[0.0, -2.0, 100.0], [-2.0, 0.0, 100.0], [0.0, 0.0, 1.0]], "bev": "bev_43af10e6c6aa4cb88a113431c6fb89c4.png", "aux": "aux_43af10e6c6aa4cb88a113431c6fb89c4.npz", "visibility": "visibility_43af10e6c6aa4cb88a113431c6fb89c4.png", "pose": [[0.6565768718719482, -0.7542591094970703, 0.0, 318.23602294921875], [0.7542591094970703, 0.6565768718719482, 0.0, 707.0419311523438], [0.0, 0.0, 1.0, 0.0], [0.0, 0.0, 0.0, 1.0]], "pose_inverse": [[0.6565768718719482, 0.7542591094970703, 0.0, -742.2392578125], [-0.7542591094970703, 0.6565768718719482, 0.0, -224.1949462890625], [0.0, 0.0, 1.0, 0.0], [0.0, 0.0, 0.0, 1.0]], "cam_ids": [0, 1, 2, 3, 4, 5], "cam_channels": ["CAM_FRONT_LEFT", "CAM_FRONT", "CAM_FRONT_RIGHT", "CAM_BACK_LEFT", "CAM_BACK", "CAM_BACK_RIGHT"], "token": "43af10e6c6aa4cb88a113431c6fb89c4", "scene": "scene-0761"}, {"images": ["samples/CAM_FRONT_LEFT/n008-2018-08-30-15-16-55-0400__CAM_FRONT_LEFT__1535657192654799.jpg", "samples/CAM_FRONT/n008-2018-08-30-15-16-55-0400__CAM_FRONT__1535657192662404.jpg", "samples/CAM_FRONT_RIGHT/n008-2018-08-30-15-16-55-0400__CAM_FRONT_RIGHT__1535657192670482.jpg", "samples/CAM_BACK_LEFT/n008-2018-08-30-15-16-55-0400__CAM_BACK_LEFT__1535657192697405.jpg", "samples/CAM_BACK/n008-2018-08-30-15-16-55-0400__CAM_BACK__1535657192687558.jpg", "samples/CAM_BACK_RIGHT/n008-2018-08-30-15-16-55-0400__CAM_BACK_RIGHT__1535657192678113.jpg"], "intrinsics": [[[1257.8625342125129, 0.0, 827.2410631095686], [0.0, 1257.8625342125129, 450.915498205774], [0.0, 0.0, 1.0]], [[1252.8131021185304, 0.0, 826.588114781398], [0.0, 1252.8131021185304, 469.9846626224581], [0.0, 0.0, 1.0]], [[1256.7485116440405, 0.0, 817.7887570959712], [0.0, 1256.7485116440403, 451.9541780095127], [0.0, 0.0, 1.0]], [[1254.9860565800168, 0.0, 829.5769333630991], [0.0, 1254.9860565800168, 467.1680561863987], [0.0, 0.0, 1.0]], [[796.8910634503094, 0.0, 857.7774326863696], [0.0, 796.8910634503094, 476.8848988407415], [0.0, 0.0, 1.0]], [[1249.9629280788233, 0.0, 825.3768045375984], [0.0, 1249.9629280788233, 462.54816385708756], [0.0, 0.0, 1.0]]], "extrinsics": [[[0.8217872381210327, -0.569318413734436, -0.023287268355488777, -0.7752685546875], [-0.022751634940505028, 0.008050821721553802, -0.9997087121009827, 1.481947898864746], [0.5693400502204895, 0.8220776915550232, -0.006336862687021494, -1.17633056640625], [0.0, 0.0, 0.0, 1.0]], [[0.009556932374835014, -0.9999455809593201, -0.004178343806415796, 0.0091552734375], [-0.02085091918706894, 0.00397834787145257, -0.999774694442749, 1.475381851196289], [0.9997368454933167, 0.009641901589930058, -0.020811766386032104, -1.5057373046875], [0.0, 0.0, 0.0, 1.0]], [[-0.8441711068153381, -0.5359068512916565, 0.013381215743720531, 0.94207763671875], [-0.012907886877655983, -0.00463418522849679, -0.9999059438705444, 1.490797996520996], [0.5359184145927429, -0.8442643880844116, -0.003005378879606724, -1.18170166015625], [0.0, 0.0, 0.0, 1.0]], [[0.947410523891449, 0.31833013892173767, -0.03285114839673042, -1.1368408203125], [-0.03833446279168129, 0.010974308475852013, -0.999204695224762, 1.5617542266845703], [-0.3177163898944855, 0.9479163885116577, 0.022600190714001656, -0.1585216522216797], [0.0, 0.0, 0.0, 1.0]], [[0.009564705193042755, 0.9999499320983887, 0.0029292649123817682, -0.028717041015625], [-0.03617735207080841, 0.003273520851507783, -0.9993399977684021, 1.5655765533447266], [-0.9992996454238892, 0.00945236161351204, 0.03620685264468193, -0.0242919921875], [0.0, 0.0, 0.0, 1.0]], [[-0.9233927726745605, 0.3832232654094696, 0.022038402035832405, 1.042724609375], [-0.03198147937655449, -0.019593197852373123, -0.9992964267730713, 1.5437564849853516], [-0.38252177834510803, -0.923447847366333, 0.030348267406225204, -0.091461181640625], [0.0, 0.0, 0.0, 1.0]]], "view": [[0.0, -2.0, 100.0], [-2.0, 0.0, 100.0], [0.0, 0.0, 1.0]], "bev": "bev_50fe435b197649cc91a5d8f4b95cacdf.png", "aux": "aux_50fe435b197649cc91a5d8f4b95cacdf.npz", "visibility": "visibility_50fe435b197649cc91a5d8f4b95cacdf.png", "pose": [[0.6535091400146484, -0.7569186091423035, 0.0, 320.3226318359375], [0.7569186091423035, 0.6535091400146484, 0.0, 709.40478515625], [0.0, 0.0, 1.0, 0.0], [0.0, 0.0, 0.0, 1.0]], "pose_inverse": [[0.6535091400146484, 0.7569186091423035, 0.0, -746.2954711914062], [-0.7569186091423035, 0.6535091400146484, 0.0, -221.14434814453125], [0.0, 0.0, 1.0, 0.0], [0.0, 0.0, 0.0, 1.0]], "cam_ids": [0, 1, 2, 3, 4, 5], "cam_channels": ["CAM_FRONT_LEFT", "CAM_FRONT", "CAM_FRONT_RIGHT", "CAM_BACK_LEFT", "CAM_BACK", "CAM_BACK_RIGHT"], "token": "50fe435b197649cc91a5d8f4b95cacdf", "scene": "scene-0761"}, {"images": ["samples/CAM_FRONT_LEFT/n008-2018-08-30-15-16-55-0400__CAM_FRONT_LEFT__1535657193154799.jpg", "samples/CAM_FRONT/n008-2018-08-30-15-16-55-0400__CAM_FRONT__1535657193162404.jpg", "samples/CAM_FRONT_RIGHT/n008-2018-08-30-15-16-55-0400__CAM_FRONT_RIGHT__1535657193170482.jpg", "samples/CAM_BACK_LEFT/n008-2018-08-30-15-16-55-0400__CAM_BACK_LEFT__1535657193197405.jpg", "samples/CAM_BACK/n008-2018-08-30-15-16-55-0400__CAM_BACK__1535657193187558.jpg", "samples/CAM_BACK_RIGHT/n008-2018-08-30-15-16-55-0400__CAM_BACK_RIGHT__1535657193178113.jpg"], "intrinsics": [[[1257.8625342125129, 0.0, 827.2410631095686], [0.0, 1257.8625342125129, 450.915498205774], [0.0, 0.0, 1.0]], [[1252.8131021185304, 0.0, 826.588114781398], [0.0, 1252.8131021185304, 469.9846626224581], [0.0, 0.0, 1.0]], [[1256.7485116440405, 0.0, 817.7887570959712], [0.0, 1256.7485116440403, 451.9541780095127], [0.0, 0.0, 1.0]], [[1254.9860565800168, 0.0, 829.5769333630991], [0.0, 1254.9860565800168, 467.1680561863987], [0.0, 0.0, 1.0]], [[796.8910634503094, 0.0, 857.7774326863696], [0.0, 796.8910634503094, 476.8848988407415], [0.0, 0.0, 1.0]], [[1249.9629280788233, 0.0, 825.3768045375984], [0.0, 1249.9629280788233, 462.54816385708756], [0.0, 0.0, 1.0]]], "extrinsics": [[[0.8219799995422363, -0.5690571069717407, -0.02286437153816223, -0.776580810546875], [-0.022383200004696846, 0.007836463861167431, -0.9997187852859497, 1.4820947647094727], [0.5690762996673584, 0.8222605586051941, -0.006295905448496342, -1.178466796875], [0.0, 0.0, 0.0, 1.0]], [[0.009721786715090275, -0.999945342540741, -0.003840826451778412, 0.0097503662109375], [-0.020437058061361313, 0.0036415127106010914, -0.999784529209137, 1.4754743576049805], [0.9997438192367554, 0.00979823712259531, -0.02040053717792034, -1.50567626953125], [0.0, 0.0, 0.0, 1.0]], [[-0.844165563583374, -0.5359192490577698, 0.01322968304157257, 0.94073486328125], [-0.012418701313436031, -0.005122128874063492, -0.9999097585678101, 1.4908638000488281], [0.5359386801719666, -0.844253659248352, -0.0023314969148486853, -1.1803436279296875], [0.0, 0.0, 0.0, 1.0]], [[0.9474285840988159, 0.31830093264579773, -0.0326102040708065, -1.13409423828125], [-0.037661973387002945, 0.00972825288772583, -0.9992431402206421, 1.561655044555664], [-0.31774282455444336, 0.9479397535324097, 0.021204670891165733, -0.15946006774902344], [0.0, 0.0, 0.0, 1.0]], [[