[{"images": ["samples/CAM_FRONT_LEFT/n015-2018-07-24-10-42-41+0800__CAM_FRONT_LEFT__1532400183654844.jpg", "samples/CAM_FRONT/n015-2018-07-24-10-42-41+0800__CAM_FRONT__1532400183662460.jpg", "samples/CAM_FRONT_RIGHT/n015-2018-07-24-10-42-41+0800__CAM_FRONT_RIGHT__1532400183670339.jpg", "samples/CAM_BACK_LEFT/n015-2018-07-24-10-42-41+0800__CAM_BACK_LEFT__1532400183697423.jpg", "samples/CAM_BACK/n015-2018-07-24-10-42-41+0800__CAM_BACK__1532400183687525.jpg", "samples/CAM_BACK_RIGHT/n015-2018-07-24-10-42-41+0800__CAM_BACK_RIGHT__1532400183677893.jpg"], "intrinsics": [[[1272.5979470598488, 0.0, 826.6154927353808], [0.0, 1272.5979470598488, 479.75165386361925], [0.0, 0.0, 1.0]], [[1266.417203046554, 0.0, 816.2670197447984], [0.0, 1266.417203046554, 491.50706579294757], [0.0, 0.0, 1.0]], [[1260.8474446004698, 0.0, 807.968244525554], [0.0, 1260.8474446004698, 495.3344268742088], [0.0, 0.0, 1.0]], [[1256.7414812095406, 0.0, 792.1125740759628], [0.0, 1256.7414812095406, 492.7757465151356], [0.0, 0.0, 1.0]], [[809.2209905677063, 0.0, 829.2196003259838], [0.0, 809.2209905677063, 481.77842384512485], [0.0, 0.0, 1.0]], [[1259.5137405846733, 0.0, 807.2529053838625], [0.0, 1259.5137405846733, 501.19579884916527], [0.0, 0.0, 1.0]]], "extrinsics": [[[0.8211895823478699, -0.5706465840339661, -0.003162236185744405, -0.5343017578125], [-0.002721343422308564, 0.0016253165667876601, -0.9999949336051941, 1.5068206787109375], [0.5706489086151123, 0.821194052696228, -0.00021823198767378926, -0.9778289794921875], [0.0, 0.0, 0.0, 1.0]], [[0.006314631551504135, -0.999977171421051, 0.0023972487542778254, 0.00555419921875], [-0.007897564209997654, -0.002447092439979315, -0.9999658465385437, 1.5171120166778564], [0.9999488592147827, 0.006295452360063791, -0.007912836037576199, -1.2598876953125], [0.0, 0.0, 0.0, 1.0]], [[-0.8326770067214966, -0.5537227988243103, -0.006333954632282257, 0.7516937255859375], [-0.002161534735932946, 0.014688067138195038, -0.9998897314071655, 1.502945899963379], [0.5537547469139099, -0.8325715065002441, -0.013427305966615677, -1.06439208984375], [0.0, 0.0, 0.0, 1.0]], [[0.9482402801513672, 0.31755098700523376, 0.0013492292491719127, -1.136566162109375], [0.006838529370725155, -0.016172358766198158, -0.9998458623886108, 1.5885229110717773], [-0.317480206489563, 0.9481033682823181, -0.017506863921880722, -0.10150146484375], [0.0, 0.0, 0.0, 1.0]], [[0.0028638436924666166, 0.9999781250953674, -0.005965446121990681, 0.005615234375], [-0.01864207722246647, -0.005911046639084816, -0.9998087882995605, 1.5770087242126465], [-0.9998220801353455, 0.0029744855128228664, 0.018624739721417427, -0.123291015625], [0.0, 0.0, 0.0, 1.0]], [[-0.9349210262298584, 0.354727178812027, -0.009548908099532127, 0.9097900390625], [0.013840897008776665, 0.009563937783241272, -0.9998584985733032, 1.5548255443572998], [-0.3545856475830078, -0.9349209070205688, -0.013851271942257881, -0.15118408203125], [0.0, 0.0, 0.0, 1.0]]], "view": [[0.0, -2.0, 100.0], [-2.0, 0.0, 100.0], [0.0, 0.0, 1.0]], "bev": "bev_d62b0f9db06440c695781c52ed71909a.png", "aux": "aux_d62b0f9db06440c695781c52ed71909a.npz", "visibility": "visibility_d62b0f9db06440c695781c52ed71909a.png", "pose": [[-0.419388085603714, -0.9078070521354675, 0.0, 288.7640686035156], [0.9078070521354675, -0.419388085603714, 0.0, 757.7090454101562], [0.0, 0.0, 1.0, 0.0], [0.0, 0.0, 0.0, 1.0]], "pose_inverse": [[-0.419388085603714, 0.9078070521354675, 0.0, -566.7493896484375], [-0.9078070521354675, -0.419388085603714, 0.0, 579.9161987304688], [0.0, 0.0, 1.0, 0.0], [0.0, 0.0, 0.0, 1.0]], "cam_ids": [0, 1, 2, 3, 4, 5], "cam_channels": ["CAM_FRONT_LEFT", "CAM_FRONT", "CAM_FRONT_RIGHT", "CAM_BACK_LEFT", "CAM_BACK", "CAM_BACK_RIGHT"], "token": "d62b0f9db06440c695781c52ed71909a", "scene": "scene-0035"}, {"images": ["samples/CAM_FRONT_LEFT/n015-2018-07-24-10-42-41+0800__CAM_FRONT_LEFT__1532400184154844.jpg", "samples/CAM_FRONT/n015-2018-07-24-10-42-41+0800__CAM_FRONT__1532400184162460.jpg", "samples/CAM_FRONT_RIGHT/n015-2018-07-24-10-42-41+0800__CAM_FRONT_RIGHT__1532400184170339.jpg", "samples/CAM_BACK_LEFT/n015-2018-07-24-10-42-41+0800__CAM_BACK_LEFT__1532400184197423.jpg", "samples/CAM_BACK/n015-2018-07-24-10-42-41+0800__CAM_BACK__1532400184187525.jpg", "samples/CAM_BACK_RIGHT/n015-2018-07-24-10-42-41+0800__CAM_BACK_RIGHT__1532400184177893.jpg"], "intrinsics": [[[1272.5979470598488, 0.0, 826.6154927353808], [0.0, 1272.5979470598488, 479.75165386361925], [0.0, 0.0, 1.0]], [[1266.417203046554, 0.0, 816.2670197447984], [0.0, 1266.417203046554, 491.50706579294757], [0.0, 0.0, 1.0]], [[1260.8474446004698, 0.0, 807.968244525554], [0.0, 1260.8474446004698, 495.3344268742088], [0.0, 0.0, 1.0]], [[1256.7414812095406, 0.0, 792.1125740759628], [0.0, 1256.7414812095406, 492.7757465151356], [0.0, 0.0, 1.0]], [[809.2209905677063, 0.0, 829.2196003259838], [0.0, 809.2209905677063, 481.77842384512485], [0.0, 0.0, 1.0]], [[1259.5137405846733, 0.0, 807.2529053838625], [0.0, 1259.5137405846733, 501.19579884916527], [0.0, 0.0, 1.0]]], "extrinsics": [[[0.8226678371429443, -0.5685020089149475, -0.004794147331267595, -0.52984619140625], [-0.0029877054039388895, 0.0041093891486525536, -0.9999870657920837, 1.506664752960205], [0.5685144066810608, 0.82267165184021, 0.0016821459867060184, -0.9813461303710938], [0.0, 0.0, 0.0, 1.0]], [[0.008392100222408772, -0.9999646544456482, -0.00030761046218685806, 0.010009765625], [-0.008360642939805984, 0.00023744531790725887, -0.9999650716781616, 1.5168976783752441], [0.9999297857284546, 0.008394385688006878, -0.008358355611562729, -1.25762939453125], [0.0, 0.0, 0.0, 1.0]], [[-0.8317847847938538, -0.5550483465194702, -0.0074403961189091206, 0.751251220703125], [-0.002853826619684696, 0.017679492011666298, -0.9998396039009094, 1.502659797668457], [0.5550909042358398, -0.8316301703453064, -0.016289543360471725, -1.05987548828125], [0.0, 0.0, 0.0, 1.0]], [[0.9474664926528931, 0.31985151767730713, 0.0014633361715823412, -1.13232421875], [0.005623804870992899, -0.012084233574569225, -0.9999111294746399, 1.5886354446411133], [-0.3198053538799286, 0.947390615940094, -0.013248189352452755, -0.10858154296875], [0.0, 0.0, 0.0, 1.0]], [[0.0012421701103448868, 0.999996542930603, -0.002328884555026889, 0.0020751953125], [-0.019690511748194695, -0.0023039751686155796, -0.9998034834861755, 1.576798439025879], [-0.9998053312301636, 0.001287798979319632, 0.019687581807374954, -0.128173828125], [0.0, 0.0, 0.0, 1.0]], [[-0.9353452324867249, 0.35365450382232666, -0.0076008629985153675, 0.90545654296875], [0.012987451627850533, 0.012860453687608242, -0.9998329877853394, 1.554638147354126], [-0.3534976840019226, -0.9352877736091614, -0.016622034832835197, -0.14990234375], [0.0, 0.0, 0.0, 1.0]]], "view": [[0.0, -2.0, 100.0], [-2.0, 0.0, 100.0], [0.0, 0.0, 1.0]], "bev": "bev_fe87516995a947d285cd5d815f479eaf.png", "aux": "aux_fe87516995a947d285cd5d815f479eaf.npz", "visibility": "visibility_fe87516995a947d285cd5d815f479eaf.png", "pose": [[-0.386238694190979, -0.9223988652229309, 0.0, 286.34136962890625], [0.9223988652229309, -0.386238694190979, 0.0, 763.2835083007812], [0.0, 0.0, 1.0, 0.0], [0.0, 0.0, 0.0, 1.0]], "pose_inverse": [[-0.386238694190979, 0.9223988652229309, 0.0, -593.4557495117188], [-0.9223988652229309, -0.386238694190979, 0.0, 558.9306030273438], [0.0, 0.0, 1.0, 0.0], [0.0, 0.0, 0.0, 1.0]], "cam_ids": [0, 1, 2, 3, 4, 5], "cam_channels": ["CAM_FRONT_LEFT", "CAM_FRONT", "CAM_FRONT_RIGHT", "CAM_BACK_LEFT", "CAM_BACK", "CAM_BACK_RIGHT"], "token": "fe87516995a947d285cd5d815f479eaf", "scene": "scene-0035"}, {"images": ["samples/CAM_FRONT_LEFT/n015-2018-07-24-10-42-41+0800__CAM_FRONT_LEFT__1532400184654844.jpg", "samples/CAM_FRONT/n015-2018-07-24-10-42-41+0800__CAM_FRONT__1532400184662460.jpg", "samples/CAM_FRONT_RIGHT/n015-2018-07-24-10-42-41+0800__CAM_FRONT_RIGHT__1532400184670339.jpg", "samples/CAM_BACK_LEFT/n015-2018-07-24-10-42-41+0800__CAM_BACK_LEFT__1532400184697423.jpg", "samples/CAM_BACK/n015-2018-07-24-10-42-41+0800__CAM_BACK__1532400184687525.jpg", "samples/CAM_BACK_RIGHT/n015-2018-07-24-10-42-41+0800__CAM_BACK_RIGHT__1532400184677893.jpg"], "intrinsics": [[[1272.5979470598488, 0.0, 826.6154927353808], [0.0, 1272.5979470598488, 479.75165386361925], [0.0, 0.0, 1.0]], [[1266.417203046554, 0.0, 816.2670197447984], [0.0, 1266.417203046554, 491.50706579294757], [0.0, 0.0, 1.0]], [[1260.8474446004698, 0.0, 807.968244525554], [0.0, 1260.8474446004698, 495.3344268742088], [0.0, 0.0, 1.0]], [[1256.7414812095406, 0.0, 792.1125740759628], [0.0, 1256.7414812095406, 492.7757465151356], [0.0, 0.0, 1.0]], [[809.2209905677063, 0.0, 829.2196003259838], [0.0, 809.2209905677063, 481.77842384512485], [0.0, 0.0, 1.0]], [[1259.5137405846733, 0.0, 807.2529053838625], [0.0, 1259.5137405846733, 501.19579884916527], [0.0, 0.0, 1.0]]], "extrinsics": [[[0.8219625949859619, -0.5695404410362244, -0.001048506936058402, -0.555419921875], [-0.005036531016230583, -0.005427818279713392, -0.9999725818634033, 1.5057281255722046], [0.5695191025733948, 0.8219454288482666, -0.0073299715295434, -0.9949951171875], [0.0, 0.0, 0.0, 1.0]], [[0.007414983119815588, -0.9999254941940308, 0.009692462161183357, 0.00714111328125], [-0.010221097618341446, -0.009768011048436165, -0.9999001026153564, 1.5163369178771973], [0.9999201893806458, 0.0073151844553649426, -0.01029276568442583, -1.2828369140625], [0.0, 0.0, 0.0, 1.0]], [[-0.8322182893753052, -0.5544480085372925, -0.00022842416365165263, 0.7679595947265625], [-0.004503169097006321, 0.007171162869781256, -0.9999641180038452, 1.5022215843200684], [0.5544297099113464, -0.8321875929832458, -0.008464745245873928, -1.073486328125], [0.0, 0.0, 0.0, 1.0]], [[0.9479685425758362, 0.3183474540710449, -0.0032527402509003878, -1.145233154296875], [0.004559072200208902, -0.023790495470166206, -0.9997065663337708, 1.588491439819336], [-0.31833139061927795, 0.9476755261421204, -0.02400401048362255, -0.1005859375], [0.0, 0.0, 0.0, 1.0]], [[0.0021707136183977127, 0.9999045133590698, -0.013649960048496723, 0.00421142578125], [-0.021028222516179085, -0.013601331040263176, -0.9996863603591919, 1.5769391059875488], [-0.9997766017913818, 0.0024571053218096495, 0.020996687933802605, -0.11236572265625], [0.0, 0.0, 0.0, 1.0]], [[-0.9351591467857361, 0.35408568382263184, -0.010037915781140327, 0.92266845703125], [0.011479021981358528, 0.0019697975367307663, -0.9999321699142456, 1.5540738105773926], [-0.3540419042110443, -0.9352110028266907, -0.005906632170081139, -0.14508056640625], [0.0, 0.0, 0.0, 1.0]]], "view": [[0.0, -2.0, 100.0], [-2.0, 0.0, 100.0], [0.0, 0.0, 1.0]], "bev": "bev_60341918a107414c9c44a9bfe169c9e4.png", "aux": "aux_60341918a107414c9c44a9bfe169c9e4.npz", "visibility": "visibility_60341918a107414c9c44a9bfe169c9e4.png", "pose": [[-0.3604540228843689, -0.9327769875526428, 0.0, 284.12335205078125], [0.9327769875526428, -0.3604540228843689, 0.0, 768.8057861328125], [0.0, 0.0, 1.0, 0.0], [0.0, 0.0, 0.0, 1.0]], "pose_inverse": [[-0.3604540228843689, 0.9327769875526428, 0.0, -614.7109375], [-0.9327769875526428, -0.3604540228843689, 0.0, 542.1428833007812], [0.0, 0.0, 1.0, 0.0], [0.0, 0.0, 0.0, 1.0]], "cam_ids": [0, 1, 2, 3, 4, 5], "cam_channels": ["CAM_FRONT_LEFT", "CAM_FRONT", "CAM_FRONT_RIGHT", "CAM_BACK_LEFT", "CAM_BACK", "CAM_BACK_RIGHT"], "token": "60341918a107414c9c44a9bfe169c9e4", "scene": "scene-0035"}, {"images": ["samples/CAM_FRONT_LEFT/n015-2018-07-24-10-42-41+0800__CAM_FRONT_LEFT__1532400185154844.jpg", "samples/CAM_FRONT/n015-2018-07-24-10-42-41+0800__CAM_FRONT__1532400185162460.jpg", "samples/CAM_FRONT_RIGHT/n015-2018-07-24-10-42-41+0800__CAM_FRONT_RIGHT__1532400185170339.jpg", "samples/CAM_BACK_LEFT/n015-2018-07-24-10-42-41+0800__CAM_BACK_LEFT__1532400185197423.jpg", "samples/CAM_BACK/n015-2018-07-24-10-42-41+0800__CAM_BACK__1532400185187525.jpg", "samples/CAM_BACK_RIGHT/n015-2018-07-24-10-42-41+0800__CAM_BACK_RIGHT__1532400185177893.jpg"], "intrinsics": [[[1272.5979470598488, 0.0, 826.6154927353808], [0.0, 1272.5979470598488, 479.75165386361925], [0.0, 0.0, 1.0]], [[1266.417203046554, 0.0, 816.2670197447984], [0.0, 1266.417203046554, 491.50706579294757], [0.0, 0.0, 1.0]], [[1260.8474446004698, 0.0, 807.968244525554], [0.0, 1260.8474446004698, 495.3344268742088], [0.0, 0.0, 1.0]], [[1256.7414812095406, 0.0, 792.1125740759628], [0.0, 1256.7414812095406, 492.7757465151356], [0.0, 0.0, 1.0]], [[809.2209905677063, 0.0, 829.2196003259838], [0.0, 809.2209905677063, 481.77842384512485], [0.0, 0.0, 1.0]], [[1259.5137405846733, 0.0, 807.2529053838625], [0.0, 1259.5137405846733, 501.19579884916527], [0.0, 0.0, 1.0]]], "extrinsics": [[[0.8217877149581909, -0.5697520971298218, 0.006889116484671831, -0.556396484375], [0.003432684810832143, -0.007139881141483784, -0.9999685883522034, 1.509972095489502], [0.5697833895683289, 0.8217855095863342, -0.003911687061190605, -1.0013809204101562], [0.0, 0.0, 0.0, 1.0]], [[0.006944465916603804, -0.999912679195404, 0.011239290237426758, 0.0107421875], [-0.0019187621073797345, -0.011252864263951778, -0.9999348521232605, 1.5197863578796387], [0.9999740123748779, 0.006922452244907618, -0.001996740698814392, -1.285888671875], [0.0, 0.0, 0.0, 1.0]], [[-0.8324476480484009, -0.5540679693222046, -0.006292635574936867, 0.770965576171875], [0.0036061923019587994, 0.005938834976404905, -0.999975860118866, 1.5047682523727417], [0.5540919303894043, -0.832450270652771, -0.0029456920456141233, -1.0721435546875], [0.0, 0.0, 0.0, 1.0]], [[0.9478906989097595, 0.3185780346393585, 0.0033510250505059958, -1.143798828125], [0.011756271123886108, -0.024464549496769905, -0.9996315240859985, 1.588531494140625], [-0.31837862730026245, 0.9475808143615723, -0.02693500928580761, -0.1029052734375], [0.0, 0.0, 0.0, 1.0]], [[0.002496822038665414, 0.9998926520347595, -0.014441032893955708, 0.00250244140625], [-0.013438701629638672, -0.01440622378140688, -0.9998059272766113, 1.5778224468231201], [-0.9999065399169922, 0.002690372057259083, 0.013401289470493793, -0.11297607421875], [0.0, 0.0, 0.0, 1.0]], [[-0.9348593354225159, 0.3545724153518677, -0.017786473035812378, 0.9227294921875], [0.019374843686819077, 0.0009296451462432742, -0.9998118281364441, 1.5558652877807617], [-0.35448914766311646, -0.935028076171875, -0.007738872431218624, -0.143157958984375], [0.0, 0.0, 0.0, 1.0]]], "view": [[0.0, -2.0, 100.0], [-2.0, 0.0, 100.0], [0.0, 0.0, 1.0]], "bev": "bev_17d6152bed1f4d97928dedad04c0d7b8.png", "aux": "aux_17d6152bed1f4d97928dedad04c0d7b8.npz", "visibility": "visibility_17d6152bed1f4d97928dedad04c0d7b8.png", "pose": [[-0.3386477828025818, -0.940913200378418, 0.0, 282.112060546875], [0.940913200378418, -0.3386477828025818, 0.0, 774.286376953125], [0.0, 0.0, 1.0, 0.0], [0.0, 0.0, 0.0, 1.0]], "pose_inverse": [[-0.3386477828025818, 0.940913200378418, 0.0, -632.9996948242188], [-0.940913200378418, -0.3386477828025818, 0.0, 527.6533203125], [0.0, 0.0, 1.0, 0.0], [0.0, 0.0, 0.0, 1.0]], "cam_ids": [0, 1, 2, 3, 4, 5], "cam_channels": ["CAM_FRONT_LEFT", "CAM_FRONT", "CAM_FRONT_RIGHT", "CAM_BACK_LEFT", "CAM_BACK", "CAM_BACK_RIGHT"], "token": "17d6152bed1f4d97928dedad04c0d7b8", "scene": "scene-0035"}, {"images": ["samples/CAM_FRONT_LEFT/n015-2018-07-24-10-42-41+0800__CAM_FRONT_LEFT__1532400185654844.jpg", "samples/CAM_FRONT/n015-2018-07-24-10-42-41+0800__CAM_FRONT__1532400185662460.jpg", "samples/CAM_FRONT_RIGHT/n015-2018-07-24-10-42-41+0800__CAM_FRONT_RIGHT__1532400185670339.jpg", "samples/CAM_BACK_LEFT/n015-2018-07-24-10-42-41+0800__CAM_BACK_LEFT__1532400185697423.jpg", "samples/CAM_BACK/n015-2018-07-24-10-42-41+0800__CAM_BACK__1532400185687525.jpg", "samples/CAM_BACK_RIGHT/n015-2018-07-24-10-42-41+0800__CAM_BACK_RIGHT__1532400185677893.jpg"], "intrinsics": [[[1272.5979470598488, 0.0, 826.6154927353808], [0.0, 1272.5979470598488, 479.75165386361925], [0.0, 0.0, 1.0]], [[1266.417203046554, 0.0, 816.2670197447984], [0.0, 1266.417203046554, 491.50706579294757], [0.0, 0.0, 1.0]], [[1260.8474446004698, 0.0, 807.968244525554], [0.0, 1260.8474446004698, 495.3344268742088], [0.0, 0.0, 1.0]], [[1256.7414812095406, 0.0, 792.1125740759628], [0.0, 1256.7414812095406, 492.7757465151356], [0.0, 0.0, 1.0]], [[809.2209905677063, 0.0, 829.2196003259838], [0.0, 809.2209905677063, 481.77842384512485], [0.0, 0.0, 1.0]], [[1259.5137405846733, 0.0, 807.2529053838625], [0.0, 1259.5137405846733, 501.19579884916527], [0.0, 0.0, 1.0]]], "extrinsics": [[[0.8214613795280457, -0.5702550411224365, -0.003198691178113222, -0.56744384765625], [-0.004047646187245846, -0.0002215154963778332, -0.999991774559021, 1.5062940120697021], [0.570249617099762, 0.8214675784111023, -0.002490157028660178, -1.0061073303222656], [0.0, 0.0, 0.0, 1.0]], [[0.006685812957584858, -0.9999694228172302, 0.004053773824125528, 0.009033203125], [-0.009427844546735287, -0.004116717725992203, -0.9999470710754395, 1.5168070793151855], [0.9999331831932068, 0.006647263653576374, -0.009455079212784767, -1.296630859375], [0.0, 0.0, 0.0, 1.0]], [[-0.8325299620628357, -0.5539647936820984, -0.00409496296197176, 0.7781982421875], [-0.00391187472268939, 0.013270381838083267, -0.9999042749404907, 1.5024347305297852], [0.5539661049842834, -0.8324342966079712, -0.013215030543506145, -1.0784912109375], [0.0, 0.0, 0.0, 1.0]], [[0.9478132128715515, 0.3188243508338928, -0.001006603823043406, -1.14190673828125], [0.00444983271881938, -0.016385413706302643, -0.9998558163642883, 1.5885400772094727], [-0.318794846534729, 0.9476721286773682, -0.01694902963936329, -0.10284423828125], [0.0, 0.0, 0.0, 1.0]], [[0.0021839411929249763, 0.9999750256538391, -0.00671857874840498, 0.003173828125], [-0.02088012360036373, -0.006671530660241842, -0.9997597336769104, 1.5770387649536133], [-0.9997795820236206, 0.0023236714769154787, 0.020865032449364662, -0.10919189453125], [0.0, 0.0, 0.0, 1.0]], [[-0.9350095391273499, 0.35452961921691895, -0.008115917444229126, 0.9306640625], [0.011878659017384052, 0.008438232354819775, -0.999893844127655, 1.5540525913238525], [-0.35442352294921875, -0.9350067377090454, -0.01210116595029831, -0.1408538818359375], [0.0, 0.0, 0.0, 1.0]]], "view": [[0.0, -2.0, 100.0], [-2.0, 0.0, 100.0], [0.0, 0.0, 1.0]], "bev": "bev_020154f4d8cd4e8582c4a02f10d70d7a.png", "aux": "aux_020154f4d8cd4e8582c4a02f10d70d7a.npz", "visibility": "visibility_020154f4d8cd4e8582c4a02f10d70d7a.png", "pose": [[-0.31847262382507324, -0.9479320645332336, 0.0, 280.2776794433594], [0.9479320645332336, -0.31847262382507324, 0.0, 779.6538696289062], [0.0, 0.0, 1.0, 0.0], [0.0, 0.0, 0.0, 1.0]], "pose_inverse": [[-0.31847262382507324, 0.9479320645332336, 0.0, -649.7981567382812], [-0.9479320645332336, -0.31847262382507324, 0.0, 513.9826049804688], [0.0, 0.0, 1.0, 0.0], [0.0, 0.0, 0.0, 1.0]], "cam_ids": [0, 1, 2, 3, 4, 5], "cam_channels": ["CAM_FRONT_LEFT", "CAM_FRONT", "CAM_FRONT_RIGHT", "CAM_BACK_LEFT", "CAM_BACK", "CAM_BACK_RIGHT"], "token": "020154f4d8cd4e8582c4a02f10d70d7a", "scene": "scene-0035"}, {"images": ["samples/CAM_FRONT_LEFT/n015-2018-07-24-10-42-41+0800__CAM_FRONT_LEFT__1532400186154844.jpg", "samples/CAM_FRONT/n015-2018-07-24-10-42-41+0800__CAM_FRONT__1532400186162460.jpg", "samples/CAM_FRONT_RIGHT/n015-2018-07-24-10-42-41+0800__CAM_FRONT_RIGHT__1532400186170339.jpg", "samples/CAM_BACK_LEFT/n015-2018-07-24-10-42-41+0800__CAM_BACK_LEFT__1532400186197423.jpg", "samples/CAM_BACK/n015-2018-07-24-10-42-41+0800__CAM_BACK__1532400186187525.jpg", "samples/CAM_BACK_RIGHT/n015-2018-07-24-10-42-41+0800__CAM_BACK_RIGHT__1532400186177893.jpg"], "intrinsics": [[[1272.5979470598488, 0.0, 826.6154927353808], [0.0, 1272.5979470598488, 479.75165386361925], [0.0, 0.0, 1.0]], [[1266.417203046554, 0.0, 816.2670197447984], [0.0, 1266.417203046554, 491.50706579294757], [0.0, 0.0, 1.0]], [[1260.8474446004698, 0.0, 807.968244525554], [0.0, 1260.8474446004698, 495.3344268742088], [0.0, 0.0, 1.0]], [[1256.7414812095406, 0.0, 792.1125740759628], [0.0, 1256.7414812095406, 492.7757465151356], [0.0, 0.0, 1.0]], [[809.2209905677063, 0.0, 829.2196003259838], [0.0, 809.2209905677063, 481.77842384512485], [0.0, 0.0, 1.0]], [[1259.5137405846733, 0.0, 807.2529053838625], [0.0, 1259.5137405846733, 501.19579884916527], [0.0, 0.0, 1.0]]], "extrinsics": [[[0.821753978729248, -0.5698232054710388, -0.004678130149841309, -0.5654296875], [-0.0024977349676191807, 0.004607643466442823, -0.9999862313270569, 1.5070252418518066], [0.5698369145393372, 0.8217543959617615, 0.0023630824871361256, -1.0068397521972656], [0.0, 0.0, 0.0, 1.0]], [[0.007094128523021936, -0.9999746680259705, -0.0004938546335324645, 0.010406494140625], [-0.007738698273897171, 0.0004389519162941724, -0.9999699592590332, 1.5174551010131836], [0.9999448657035828, 0.007097718771547079, -0.007735388353466988, -1.2947998046875], [0.0, 0.0, 0.0, 1.0]], [[-0.8323418498039246, -0.5542046427726746, -0.008007214404642582, 0.776824951171875], [-0.0020662855822592974, 0.017549147829413414, -0.9998438358306885, 1.5029716491699219], [0.5542586445808411, -0.8321953415870667, -0.01575203612446785, -1.076171875], [0.0, 0.0, 0.0, 1.0]], [[0.9476050734519958, 0.3194359540939331, 0.002318396233022213, -1.140960693359375], [0.006851766258478165, -0.013068736530840397, -0.9998911023139954, 1.5885810852050781], [-0.31937089562416077, 0.9475177526473999, -0.01457270048558712, -0.105224609375], [0.0, 0.0, 0.0, 1.0]], [[0.0018023357260972261, 0.999993622303009, -0.0030915585812181234, 0.0018310546875], [-0.018630338832736015, -0.003057449124753475, -0.9998217821121216, 1.5772438049316406], [-0.9998248219490051, 0.001859610783867538, 0.01862470619380474, -0.11175537109375], [0.0, 0.0, 0.0, 1.0]], [[-0.9350745677947998, 0.35434678196907043, -0.008597332052886486, 0.92742919921875], [0.01390224602073431, 0.012427931651473045, -0.9998260736465454, 1.554527997970581], [-0.3541783392429352, -0.935031533241272, -0.01654725894331932, -0.1411590576171875], [0.0, 0.0, 0.0, 1.0]]], "view": [[0.0, -2.0, 100.0], [-2.0, 0.0, 100.0], [0.0, 0.0, 1.0]], "bev": "bev_a3d2c3ca40b3455396e7ae776f523ea0.png", "aux": "aux_a3d2c3ca40b3455396e7ae776f523ea0.npz", "visibility": "visibility_a3d2c3ca40b3455396e7ae776f523ea0.png", "pose": [[-0.30678391456604004, -0.9517791867256165, 0.0, 278.57080078125], [0.9517791867256165, -0.30678391456604004, 0.0, 784.972900390625], [0.0, 0.0, 1.0, 0.0], [0.0, 0.0, 0.0, 1.0]], "pose_inverse": [[-0.30678391456604004, 0.9517791867256165, 0.0, -661.6598510742188], [-0.9517791867256165, -0.30678391456604004, 0.0, 505.9549560546875], [0.0, 0.0, 1.0, 0.0], [0.0, 0.0, 0.0, 1.0]], "cam_ids": [0, 1, 2, 3, 4, 5], "cam_channels": ["CAM_FRONT_LEFT", "CAM_FRONT", "CAM_FRONT_RIGHT", "CAM_BACK_LEFT", "CAM_BACK", "CAM_BACK_RIGHT"], "token": "a3d2c3ca40b3455396e7ae776f523ea0", "scene": "scene-0035"}, {"images": ["samples/CAM_FRONT_LEFT/n015-2018-07-24-10-42-41+0800__CAM_FRONT_LEFT__1532400186604844.jpg", "samples/CAM_FRONT/n015-2018-07-24-10-42-41+0800__CAM_FRONT__1532400186612460.jpg", "samples/CAM_FRONT_RIGHT/n015-2018-07-24-10-42-41+0800__CAM_FRONT_RIGHT__1532400186620339.jpg", "samples/CAM_BACK_LEFT/n015-2018-07-24-10-42-41+0800__CAM_BACK_LEFT__1532400186647423.jpg", "samples/CAM_BACK/n015-2018-07-24-10-42-41+0800__CAM_BACK__1532400186637525.jpg", "samples/CAM_BACK_RIGHT/n015-2018-07-24-10-42-41+0800__CAM_BACK_RIGHT__1532400186627893.jpg"], "intrinsics": [[[1272.5979470598488, 0.0, 826.6154927353808], [0.0, 1272.5979470598488, 479.75165386361925], [0.0, 0.0, 1.0]], [[1266.417203046554, 0.0, 816.2670197447984], [0.0, 1266.417203046554, 491.50706579294757], [0.0, 0.0, 1.0]], [[1260.8474446004698, 0.0, 807.968244525554], [0.0, 1260.8474446004698, 495.3344268742088], [0.0, 0.0, 1.0]], [[1256.7414812095406, 0.0, 792.1125740759628], [0.0, 1256.7414812095406, 492.7757465151356], [0.0, 0.0, 1.0]], [[809.2209905677063, 0.0, 829.2196003259838], [0.0, 809.2209905677063, 481.77842384512485], [0.0, 0.0, 1.0]], [[1259.5137405846733, 0.0, 807.2529053838625], [0.0, 1259.5137405846733, 501.19579884916527], [0.0, 0.0, 1.0]]], "extrinsics": [[[0.8217940926551819, -0.5697604417800903, -0.0052378298714756966, -0.56634521484375], [-0.001395826111547649, 0.007179522421211004, -0.9999732375144958, 1.5075578689575195], [0.5697828531265259, 0.8217794299125671, 0.005104803014546633, -1.006418228149414], [0.0, 0.0, 0.0, 1.0]], [[0.007207168731838465, -0.9999690651893616, -0.003149415599182248, 0.0096435546875], [-0.006880447268486023, 0.0030998329166322947, -0.9999715089797974, 1.5177984237670898], [0.9999503493309021, 0.0072286599315702915, -0.006857892964035273, -1.295654296875], [0.0, 0.0, 0.0, 1.0]], [[-0.8322704434394836, -0.5542792677879333, -0.010028399527072906, 0.777679443359375], [-0.0014780372148379683, 0.02030826173722744, -0.9997926354408264, 1.503164291381836], [0.5543679594993591, -0.832082986831665, -0.017721209675073624, -1.07757568359375], [0.0, 0.0, 0.0, 1.0]], [[0.9478086233139038, 0.3188250958919525, 0.003073029685765505, -1.144989013671875], [0.0066551039926707745, -0.010146507993340492, -0.9999263286590576, 1.5885319709777832], [-0.3187704384326935, 0.9477592706680298, -0.011738762259483337, -0.1024169921875], [0.0, 0.0, 0.0, 1.0]], [[0.0019857080187648535, 0.9999980926513672, -0.000122837329399772, 0.002655029296875], [-0.018541410565376282, -8.599862485425547e-05, -0.9998281002044678, 1.5773181915283203], [-0.9998261332511902, 0.0019876149017363787, 0.018541201949119568, -0.10809326171875], [0.0, 0.0, 0.0, 1.0]], [[-0.9350994825363159, 0.35429689288139343, -0.007919219322502613, 0.92999267578125], [0.0142667843028903, 0.015307432040572166, -0.9997810125350952, 1.554579496383667], [-0.3540980815887451, -0.9350078105926514, -0.019368648529052734, -0.14080810546875], [0.0, 0.0, 0.0, 1.0]]], "view": [[0.0, -2.0, 100.0], [-2.0, 0.0, 100.0], [0.0, 0.0, 1.0]], "bev": "bev_7b8f2d0d1c124c4a9b9d9d3b7509b0b7.png", "aux": "aux_7b8f2d0d1c124c4a9b9d9d3b7509b0b7.npz", "visibility": "visibility_7b8f2d0d1c124c4a9b9d9d3b7509b0b7.png", "pose": [[-0.290297269821167, -0.9569365382194519, 0.0, 277.0736083984375], [0.9569365382194519, -0.290297269821167, 0.0, 789.8522338867188], [0.0, 0.0, 1.0, 0.0], [0.0, 0.0, 0.0, 1.0]], "pose_inverse": [[-0.290297269821167, 0.9569365382194519, 0.0, -675.4047241210938], [-0.9569365382194519, -0.290297269821167, 0.0, 494.4338073730469], [0.0, 0.0, 1.0, 0.0], [0.0, 0.0, 0.0, 1.0]], "cam_ids": [0, 1, 2, 3, 4, 5], "cam_channels": ["CAM_FRONT_LEFT", "CAM_FRONT", "CAM_FRONT_RIGHT", "CAM_BACK_LEFT", "CAM_BACK", "CAM_BACK_RIGHT"], "token": "7b8f2d0d1c124c4a9b9d9d3b7509b0b7", "scene": "scene-0035"}, {"images": ["samples/CAM_FRONT_LEFT/n015-2018-07-24-10-42-41+0800__CAM_FRONT_LEFT__1532400187104844.jpg", "samples/CAM_FRONT/n015-2018-07-24-10-42-41+0800__CAM_FRONT__1532400187112460.jpg", "samples/CAM_FRONT_RIGHT/n015-2018-07-24-10-42-41+0800__CAM_FRONT_RIGHT__1532400187120339.jpg", "samples/CAM_BACK_LEFT/n015-2018-07-24-10-42-41+0800__CAM_BACK_LEFT__1532400187147423.jpg", "samples/CAM_BACK/n015-2018-07-24-10-42-41+0800__CAM_BACK__1532400187137525.jpg", "samples/CAM_BACK_RIGHT/n015-2018-07-24-10-42-41+0800__CAM_BACK_RIGHT__1532400187127893.jpg"], "intrinsics": [[[1272.5979470598488, 0.0, 826.6154927353808], [0.0, 1272.5979470598488, 479.75165386361925], [0.0, 0.0, 1.0]], [[1266.417203046554, 0.0, 816.2670197447984], [0.0, 1266.417203046554, 491.50706579294757], [0.0, 0.0, 1.0]], [[1260.8474446004698, 0.0, 807.968244525554], [0.0, 1260.8474446004698, 495.3344268742088], [0.0, 0.0, 1.0]], [[1256.7414812095406, 0.0, 792.1125740759628], [0.0, 1256.7414812095406, 492.7757465151356], [0.0, 0.0, 1.0]], [[809.2209905677063, 0.0, 829.2196003259838], [0.0, 809.2209905677063, 481.77842384512485], [0.0, 0.0, 1.0]], [[1259.5137405846733, 0.0, 807.2529053838625], [0.0, 1259.5137405846733, 501.19579884916527], [0.0, 0.0, 1.0]]], "extrinsics": [[[0.8212512135505676, -0.5705660581588745, 0.0009039383730851114, -0.59002685546875], [0.0012602226343005896, 0.00022963489755056798, -0.9999991655349731, 1.5088224411010742], [0.570565402507782, 0.8212515711784363, 0.0009076281567104161, -1.0209650993347168], [0.0, 0.0, 0.0, 1.0]], [[0.00640290230512619, -0.999971330165863, 0.004019707441329956, 0.00830078125], [-0.0039139981381595135, -0.004044820554554462, -0.9999842047691345, 1.5190764665603638], [0.9999717473983765, 0.006387107074260712, -0.0039397855289280415, -1.31915283203125], [0.0, 0.0, 0.0, 1.0]], [[-0.8325933218002319, -0.5538164377212524, -0.00869362149387598, 0.79302978515625], [0.0018241286743432283, 0.012953964062035084, -0.9999144077301025, 1.5041613578796387], [0.5538817644119263, -0.8325378894805908, -0.009775151498615742, -1.08880615234375], [0.0, 0.0, 0.0, 1.0]], [[0.9479012489318848, 0.3185320198535919, 0.00453378027305007, -1.14666748046875], [0.010773250833153725, -0.017829231917858124, -0.9997829794883728, 1.5884885787963867], [-0.31838205456733704, 0.9477443695068359, -0.020331978797912598, -0.1014404296875], [0.0, 0.0, 0.0, 1.0]], [[0.0022317825350910425, 0.9999676942825317, -0.007722286973148584, 0.003143310546875], [-0.014717642217874527, -0.007688623387366533, -0.9998621344566345, 1.5778512954711914], [-0.9998891949653625, 0.0023451384622603655, 0.014700005762279034, -0.10028076171875], [0.0, 0.0, 0.0, 1.0]], [[-0.9348980784416199, 0.35464462637901306, -0.013884440995752811, 0.943359375], [0.017804976552724838, 0.007793770171701908, -0.9998111128807068, 1.5551204681396484], [-0.3544693887233734, -0.9349686503410339, -0.013600821606814861, -0.1366424560546875], [0.0, 0.0, 0.0, 1.0]]], "view": [[0.0, -2.0, 100.0], [-2.0, 0.0, 100.0], [0.0, 0.0, 1.0]], "bev": "bev_c93a7e7a083848b9bf26b8438c052426.png", "aux": "aux_c93a7e7a083848b9bf26b8438c052426.npz", "visibility": "visibility_c93a7e7a083848b9bf26b8438c052426.png", "pose": [[-0.26346588134765625, -0.9646686911582947, 0.0, 275.5418395996094], [0.9646686911582947, -0.26346588134765625, 0.0, 795.2791137695312], [0.0, 0.0, 1.0, 0.0], [0.0, 0.0, 0.0, 1.0]], "pose_inverse": [[-0.26346588134765625, 0.9646686911582947, 0.0, -694.5850219726562], [-0.9646686911582947, -0.26346588134765625, 0.0, 475.33551025390625], [0.0, 0.0, 1.0, 0.0], [0.0, 0.0, 0.0, 1.0]], "cam_ids": [0, 1, 2, 3, 4, 5], "cam_channels": ["CAM_FRONT_LEFT", "CAM_FRONT", "CAM_FRONT_RIGHT", "CAM_BACK_LEFT", "CAM_BACK", "CAM_BACK_RIGHT"], "token": "c93a7e7a083848b9bf26b8438c052426", "scene": "scene-0035"}, {"images": ["samples/CAM_FRONT_LEFT/n015-2018-07-24-10-42-41+0800__CAM_FRONT_LEFT__1532400187604844.jpg", "samples/CAM_FRONT/n015-2018-07-24-10-42-41+0800__CAM_FRONT__1532400187612460.jpg", "samples/CAM_FRONT_RIGHT/n015-2018-07-24-10-42-41+0800__CAM_FRONT_RIGHT__1532400187620339.jpg", "samples/CAM_BACK_LEFT/n015-2018-07-24-10-42-41+0800__CAM_BACK_LEFT__1532400187647423.jpg", "samples/CAM_BACK/n015-2018-07-24-10-42-41+0800__CAM_BACK__1532400187637525.jpg", "samples/CAM_BACK_RIGHT/n015-2018-07-24-10-42-41+0800__CAM_BACK_RIGHT__1532400187627897.jpg"], "intrinsics": [[[1272.5979470598488, 0.0, 826.6154927353808], [0.0, 1272.5979470598488, 479.75165386361925], [0.0, 0.0, 1.0]], [[1266.417203046554, 0.0, 816.2670197447984], [0.0, 1266.417203046554, 491.50706579294757], [0.0, 0.0, 1.0]], [[1260.8474446004698, 0.0, 807.968244525554], [0.0, 1260.8474446004698, 495.3344268742088], [0.0, 0.0, 1.0]], [[1256.7414812095406, 0.0, 792.1125740759628], [0.0, 1256.7414812095406, 492.7757465151356], [0.0, 0.0, 1.0]], [[809.2209905677063, 0.0, 829.2196003259838], [0.0, 809.2209905677063, 481.77842384512485], [0.0, 0.0, 1.0]], [[1259.5137405846733, 0.0, 807.2529053838625], [0.0, 1259.5137405846733, 501.19579884916527], [0.0, 0.0, 1.0]]], "extrinsics": [[[0.8214077949523926, -0.570278525352478, -0.008461124263703823, -0.609130859375], [-0.007955753244459629, 0.0033771058078855276, -0.9999626278877258, 1.5047950744628906], [0.5702857971191406, 0.8214443922042847, -0.0017630140064284205, -1.0297889709472656], [0.0, 0.0, 0.0, 1.0]], [[0.00660375040024519, -0.9999781250953674, 0.00034374106326140463, 0.005096435546875], [-0.013230489566922188, -0.00043109143734909594, -0.999912440776825, 1.5158052444458008], [0.9998906850814819, 0.006598611827939749, -0.013233046978712082, -1.3350830078125], [0.0, 0.0, 0.0, 1.0]], [[-0.8326376080513, -0.5538094639778137, -0.003118062624707818, 0.800811767578125], [-0.007597466465085745, 0.0170518159866333, -0.9998257160186768, 1.5015764236450195], [0.5537660717964172, -0.8324688076972961, -0.018405530601739883, -1.09716796875], [0.0, 0.0, 0.0, 1.0]], [[0.9478871822357178, 0.3185953199863434, -0.002617790363729, -1.139892578125], [0.0014779039192944765, -0.012613071128726006, -0.9999192953109741, 1.5885467529296875], [-0.31860262155532837, 0.9478068947792053, -0.012426620349287987, -0.1033935546875], [0.0, 0.0, 0.0, 1.0]], [[0.0021730607841163874, 0.9999935626983643, -0.002869471674785018, 0.00408935546875], [-0.024153627455234528, -0.002816153457388282, -0.9997043013572693, 1.5769062042236328], [-0.9997059106826782, 0.0022417292930185795, 0.02414735034108162, -0.09942626953125], [0.0, 0.0, 0.0, 1.0]], [[-0.9349851608276367, 0.35467007756233215, -0.003453123616054654, 0.95013427734375], [0.00834027212113142, 0.012251626700162888, -0.9998902082443237, 1.5531367063522339], [-0.3545888066291809, -0.9349112510681152, -0.014413134194910526, -0.1361083984375], [0.0, 0.0, 0.0, 1.0]]], "view": [[0.0, -2.0, 100.0], [-2.0, 0.0, 100.0], [0.0, 0.0, 1.0]], "bev": "bev_c090b86c7b9c4e97a3e145a70c98c631.png", "aux": "aux_c090b86c7b9c4e97a3e145a70c98c631.npz", "visibility": "visibility_c090b86c7b9c4e97a3e145a70c98c631.png", "pose": [[-0.231288880109787, -0.9728851318359375, 0.0, 274.2664489746094], [0.9728851318359375, -0.231288880109787, 0.0, 800.3469848632812], [0.0, 0.0, 1.0, 0.0], [0.0, 0.0, 0.0, 1.0]], "pose_inverse": [[-0.231288880109787, 0.9728851318359375, 0.0, -715.2108764648438], [-0.9728851318359375, -0.231288880109787, 0.0, 451.94110107421875], [0.0, 0.0, 1.0, 0.0], [0.0, 0.0, 0.0, 1.0]], "cam_ids": [0, 1, 2, 3, 4, 5], "cam_channels": ["CAM_FRONT_LEFT", "CAM_FRONT", "CAM_FRONT_RIGHT", "CAM_BACK_LEFT", "CAM_BACK", "CAM_BACK_RIGHT"], "token": "c090b86c7b9c4e97a3e145a70c98c631", "scene": "scene-0035"}, {"images": ["samples/CAM_FRONT_LEFT/n015-2018-07-24-10-42-41+0800__CAM_FRONT_LEFT__1532400188104844.jpg", "samples/CAM_FRONT/n015-2018-07-24-10-42-41+0800__CAM_FRONT__1532400188112460.jpg", "samples/CAM_FRONT_RIGHT/n015-2018-07-24-10-42-41+0800__CAM_FRONT_RIGHT__1532400188120339.jpg", "samples/CAM_BACK_LEFT/n015-2018-07-24-10-42-41+0800__CAM_BACK_LEFT__1532400188147423.jpg", "samples/CAM_BACK/n015-2018-07-24-10-42-41+0800__CAM_BACK__1532400188137525.jpg", "samples/CAM_BACK_RIGHT/n015-2018-07-24-10-42-41+0800__CAM_BACK_RIGHT__1532400188127893.jpg"], "intrinsics": [[[1272.5979470598488, 0.0, 826.6154927353808], [0.0, 1272.5979470598488, 479.75165386361925], [0.0, 0.0, 1.0]], [[1266.417203046554, 0.0, 816.2670197447984], [0.0, 1266.417203046554, 491.50706579294757], [0.0, 0.0, 1.0]], [[1260.8474446004698, 0.0, 807.968244525554], [0.0, 1260.8474446004698, 495.3344268742088], [0.0, 0.0, 1.0]], [[1256.7414812095406, 0.0, 792.1125740759628], [0.0, 1256.7414812095406, 492.7757465151356], [0.0, 0.0, 1.0]], [[809.2209905677063, 0.0, 829.2196003259838], [0.0, 809.2209905677063, 481.77842384512485], [0.0, 0.0, 1.0]], [[1259.5137405846733, 0.0, 807.2529053838625], [0.0, 1259.5137405846733, 501.19579884916527], [0.0, 0.0, 1.0]]], "extrinsics": [[[0.8220826387405396, -0.5692100524902344, -0.013419955037534237, -0.61114501953125], [-0.010953082703053951, 0.007755322847515345, -0.9999099373817444, 1.503535270690918], [0.5692628026008606, 0.8221555948257446, 0.0001409111573593691, -1.0326461791992188], [0.0, 0.0, 0.0, 1.0]], [[0.007685564458370209, -0.9999623894691467, -0.004000805784016848, 0.00604248046875], [-0.016331413760781288, 0.003874871414154768, -0.9998591542243958, 1.5147571563720703], [0.9998369812965393, 0.007749818731099367, -0.016301020979881287, -1.33837890625], [0.0, 0.0, 0.0, 1.0]], [[-0.8321326375007629, -0.5545695424079895, -0.00280115962959826, 0.803741455078125], [-0.010826541110873222, 0.021294858306646347, -0.9997146129608154, 1.500711441040039], [0.554470956325531, -0.8318648934364319, -0.02372421696782112, -1.0980224609375], [0.0, 0.0, 0.0, 1.0]], [[0.9478245973587036, 0.3187568187713623, -0.004756511189043522, -1.1441650390625], [-0.002214006846770644, -0.008338152430951595, -0.9999628067016602, 1.5885589122772217], [-0.3187846541404724, 0.9477998614311218, -0.00719737634062767, -0.1026611328125], [0.0, 0.0, 0.0, 1.0]], [[0.0018565324135124683, 0.9999974370002747, 0.001328681712038815, 0.003662109375], [-0.02763107232749462, 0.001379474881105125, -0.9996172785758972, 1.5766143798828125], [-0.9996163249015808, 0.0018190661212429404, 0.027633562684059143, -0.0972900390625], [0.0, 0.0, 0.0, 1.0]], [[-0.9352226257324219, 0.35405832529067993, 0.0011433238396421075, 0.9522705078125], [0.005010892171412706, 0.01646466739475727, -0.9998519420623779, 1.5524561405181885], [-0.354024738073349, -0.9350783824920654, -0.017172278836369514, -0.134490966796875], [0.0, 0.0, 0.0, 1.0]]], "view": [[0.0, -2.0, 100.0], [-2.0, 0.0, 100.0], [0.0, 0.0, 1.0]], "bev": "bev_40ead2f47c8146c581917c05cfda04ea.png", "aux": "aux_40ead2f47c8146c581917c05cfda04ea.npz", "visibility": "visibility_40ead2f47c8146c581917c05cfda04ea.png", "pose": [[-0.19642330706119537, -0.98051917552948, 0.0, 273.1641540527344], [0.98051917552948, -0.19642330706119537, 0.0, 805.36962890625], [0.0, 0.0, 1.0, 0.0], [0.0, 0.0, 0.0, 1.0]], "pose_inverse": [[-0.19642330706119537, 0.98051917552948, 0.0, -736.0245971679688], [-0.98051917552948, -0.19642330706119537, 0.0, 426.03607177734375], [0.0, 0.0, 1.0, 0.0], [0.0, 0.0, 0.0, 1.0]], "cam_ids": [0, 1, 2, 3, 4, 5], "cam_channels": ["CAM_FRONT_LEFT", "CAM_FRONT", "CAM_FRONT_RIGHT", "CAM_BACK_LEFT", "CAM_BACK", "CAM_BACK_RIGHT"], "token": "40ead2f47c8146c581917c05cfda04ea", "scene": "scene-0035"}, {"images": ["samples/CAM_FRONT_LEFT/n015-2018-07-24-10-42-41+0800__CAM_FRONT_LEFT__1532400188604844.jpg", "samples/CAM_FRONT/n015-2018-07-24-10-42-41+0800__CAM_FRONT__1532400188612460.jpg", "samples/CAM_FRONT_RIGHT/n015-2018-07-24-10-42-41+0800__CAM_FRONT_RIGHT__1532400188620339.jpg", "samples/CAM_BACK_LEFT/n015-2018-07-24-10-42-41+0800__CAM_BACK_LEFT__1532400188647423.jpg", "samples/CAM_BACK/n015-2018-07-24-10-42-41+0800__CAM_BACK__1532400188637525.jpg", "samples/CAM_BACK_RIGHT/n015-2018-07-24-10-42-41+0800__CAM_BACK_RIGHT__1532400188627893.jpg"], "intrinsics": [[[1272.5979470598488, 0.0, 826.6154927353808], [0.0, 1272.5979470598488, 479.75165386361925], [0.0, 0.0, 1.0]], [[1266.417203046554, 0.0, 816.2670197447984], [0.0, 1266.417203046554, 491.50706579294757], [0.0, 0.0, 1.0]], [[1260.8474446004698, 0.0, 807.968244525554], [0.0, 1260.8474446004698, 495.3344268742088], [0.0, 0.0, 1.0]], [[1256.7414812095406, 0.0, 792.1125740759628], [0.0, 1256.7414812095406, 492.7757465151356], [0.0, 0.0, 1.0]], [[809.2209905677063, 0.0, 829.2196003259838], [0.0, 809.2209905677063, 481.77842384512485], [0.0, 0.0, 1.0]], [[1259.5137405846733, 0.0, 807.2529053838625], [0.0, 1259.5137405846733, 501.19579884916527], [0.0, 0.0, 1.0]]], "extrinsics": [[[0.8231348395347595, -0.567668616771698, -0.014191815629601479, -0.63189697265625], [-0.012821922078728676, 0.006405476480722427, -0.999897301197052, 1.503056526184082], [0.5677012801170349, 0.8232322335243225, -0.002006032271310687, -1.0486831665039062], [0.0, 0.0, 0.0, 1.0]], [[0.009183453395962715, -0.9999546408653259, -0.0025367452763020992, 0.006927490234375], [-0.01809578947722912, 0.002370248781517148, -0.9998334646224976, 1.5144996643066406], [0.999794065952301, 0.009227827191352844, -0.018073199316859245, -1.35882568359375], [0.0, 0.0, 0.0, 1.0]], [[-0.8315234780311584, -0.5554894208908081, -0.0005113708321005106, 0.81646728515625], [-0.012509853579103947, 0.01964658498764038, -0.9997286796569824, 1.5004253387451172], [0.5553487539291382, -0.8312914371490479, -0.02328568510711193, -1.10577392578125], [0.0, 0.0, 0.0, 1.0]], [[0.9475759267807007, 0.31945616006851196, -0.006896342616528273, -1.14117431640625], [-0.003706236369907856, -0.01059290487319231, -0.9999370574951172, 1.5885555744171143], [-0.3