[{"images": ["samples/CAM_FRONT_LEFT/n008-2018-09-18-13-41-50-0400__CAM_FRONT_LEFT__1537292691254801.jpg", "samples/CAM_FRONT/n008-2018-09-18-13-41-50-0400__CAM_FRONT__1537292691262404.jpg", "samples/CAM_FRONT_RIGHT/n008-2018-09-18-13-41-50-0400__CAM_FRONT_RIGHT__1537292691270482.jpg", "samples/CAM_BACK_LEFT/n008-2018-09-18-13-41-50-0400__CAM_BACK_LEFT__1537292691297405.jpg", "samples/CAM_BACK/n008-2018-09-18-13-41-50-0400__CAM_BACK__1537292691287558.jpg", "samples/CAM_BACK_RIGHT/n008-2018-09-18-13-41-50-0400__CAM_BACK_RIGHT__1537292691278113.jpg"], "intrinsics": [[[1257.8625342125129, 0.0, 827.2410631095686], [0.0, 1257.8625342125129, 450.915498205774], [0.0, 0.0, 1.0]], [[1252.8131021185304, 0.0, 826.588114781398], [0.0, 1252.8131021185304, 469.9846626224581], [0.0, 0.0, 1.0]], [[1256.7485116440405, 0.0, 817.7887570959712], [0.0, 1256.7485116440403, 451.9541780095127], [0.0, 0.0, 1.0]], [[1254.9860565800168, 0.0, 829.5769333630991], [0.0, 1254.9860565800168, 467.1680561863987], [0.0, 0.0, 1.0]], [[796.8910634503094, 0.0, 857.7774326863696], [0.0, 796.8910634503094, 476.8848988407415], [0.0, 0.0, 1.0]], [[1249.9629280788233, 0.0, 825.3768045375984], [0.0, 1249.9629280788233, 462.54816385708756], [0.0, 0.0, 1.0]]], "extrinsics": [[[0.8224072456359863, -0.5688571929931641, -0.006920926738530397, -0.79620361328125], [0.006895010359585285, 0.022131342440843582, -0.9997313022613525, 1.4900016784667969], [0.5688575506210327, 0.8221385478973389, 0.022123251110315323, -1.1907958984375], [0.0, 0.0, 0.0, 1.0]], [[0.010045076720416546, -0.9997879266738892, -0.017976567149162292, 0.0087890625], [0.008953536860644817, 0.018066681921482086, -0.9997966885566711, 1.4820060729980469], [0.9999094009399414, 0.009882079437375069, 0.009133119136095047, -1.5262451171875], [0.0, 0.0, 0.0, 1.0]], [[-0.844061017036438, -0.5358926653862, -0.0194935854524374, 0.955078125], [0.0171230249106884, 0.009399248287081718, -0.999809205532074, 1.495819091796875], [0.5359736680984497, -0.8442337512969971, 0.0012425638269633055, -1.1904296875], [0.0, 0.0, 0.0, 1.0]], [[0.9478827714920044, 0.31861886382102966, 0.0004155469941906631, -1.140869140625], [-0.007826209999620914, 0.024586547166109085, -0.9996670484542847, 1.5620183944702148], [-0.3185230493545532, 0.9475639462471008, 0.025798745453357697, -0.15704345703125], [0.0, 0.0, 0.0, 1.0]], [[0.009272521361708641, 0.9998123049736023, 0.017013275995850563, -0.02874755859375], [-0.005955069791525602, 0.01706892065703869, -0.9998365044593811, 1.5676918029785156], [-0.9999393820762634, 0.009169689379632473, 0.006112223956733942, -0.016357421875], [0.0, 0.0, 0.0, 1.0]], [[-0.9236867427825928, 0.3831482529640198, -0.0005266000516712666, 1.0531005859375], [-0.0017773585859686136, -0.005659201182425022, -0.9999823570251465, 1.547609806060791], [-0.3831444978713989, -0.9236694574356079, 0.0059083206579089165, -0.087646484375], [0.0, 0.0, 0.0, 1.0]]], "view": [[0.0, -2.0, 100.0], [-2.0, 0.0, 100.0], [0.0, 0.0, 1.0]], "bev": "bev_6f9518216ad84c259251dad5b09461d6.png", "aux": "aux_6f9518216ad84c259251dad5b09461d6.npz", "visibility": "visibility_6f9518216ad84c259251dad5b09461d6.png", "pose": [[-0.9997889995574951, -0.02054104395210743, 0.0, 1680.844970703125], [0.02054104395210743, -0.9997889995574951, 0.0, 867.372314453125], [0.0, 0.0, 1.0, 0.0], [0.0, 0.0, 0.0, 1.0]], "pose_inverse": [[-0.9997889995574951, 0.02054104395210743, 0.0, 1662.673583984375], [-0.02054104395210743, -0.9997889995574951, 0.0, 901.7156372070312], [0.0, 0.0, 1.0, 0.0], [0.0, 0.0, 0.0, 1.0]], "cam_ids": [0, 1, 2, 3, 4, 5], "cam_channels": ["CAM_FRONT_LEFT", "CAM_FRONT", "CAM_FRONT_RIGHT", "CAM_BACK_LEFT", "CAM_BACK", "CAM_BACK_RIGHT"], "token": "6f9518216ad84c259251dad5b09461d6", "scene": "scene-0586"}, {"images": ["samples/CAM_FRONT_LEFT/n008-2018-09-18-13-41-50-0400__CAM_FRONT_LEFT__1537292691754799.jpg", "samples/CAM_FRONT/n008-2018-09-18-13-41-50-0400__CAM_FRONT__1537292691762404.jpg", "samples/CAM_FRONT_RIGHT/n008-2018-09-18-13-41-50-0400__CAM_FRONT_RIGHT__1537292691770482.jpg", "samples/CAM_BACK_LEFT/n008-2018-09-18-13-41-50-0400__CAM_BACK_LEFT__1537292691797405.jpg", "samples/CAM_BACK/n008-2018-09-18-13-41-50-0400__CAM_BACK__1537292691787558.jpg", "samples/CAM_BACK_RIGHT/n008-2018-09-18-13-41-50-0400__CAM_BACK_RIGHT__1537292691778113.jpg"], "intrinsics": [[[1257.8625342125129, 0.0, 827.2410631095686], [0.0, 1257.8625342125129, 450.915498205774], [0.0, 0.0, 1.0]], [[1252.8131021185304, 0.0, 826.588114781398], [0.0, 1252.8131021185304, 469.9846626224581], [0.0, 0.0, 1.0]], [[1256.7485116440405, 0.0, 817.7887570959712], [0.0, 1256.7485116440403, 451.9541780095127], [0.0, 0.0, 1.0]], [[1254.9860565800168, 0.0, 829.5769333630991], [0.0, 1254.9860565800168, 467.1680561863987], [0.0, 0.0, 1.0]], [[796.8910634503094, 0.0, 857.7774326863696], [0.0, 796.8910634503094, 476.8848988407415], [0.0, 0.0, 1.0]], [[1249.9629280788233, 0.0, 825.3768045375984], [0.0, 1249.9629280788233, 462.54816385708756], [0.0, 0.0, 1.0]]], "extrinsics": [[[0.8227928280830383, -0.56830233335495, -0.006667829118669033, -0.79925537109375], [0.01010490395128727, 0.02635817602276802, -0.9996014833450317, 1.4907417297363281], [0.5682516694068909, 0.8223975300788879, 0.027429956942796707, -1.19384765625], [0.0, 0.0, 0.0, 1.0]], [[0.010650518350303173, -0.9997168779373169, -0.021278440952301025, 0.009521484375], [0.012174124829471111, 0.021407710388302803, -0.9996967315673828, 1.4826202392578125], [0.9998690485954285, 0.01038824301213026, 0.012398681603372097, -1.529541015625], [0.0, 0.0, 0.0, 1.0]], [[-0.8437674045562744, -0.5361913442611694, -0.023566313087940216, 0.957275390625], [0.02039593830704689, 0.011843396350741386, -0.9997218251228333, 1.4963035583496094], [0.5363212823867798, -0.8440133929252625, 0.0009430537465959787, -1.1909255981445312], [0.0, 0.0, 0.0, 1.0]], [[0.9478704333305359, 0.31863391399383545, 0.003755361307412386, -1.1375732421875], [-0.004288102500140667, 0.024538381025195122, -0.9996896982192993, 1.562026023864746], [-0.31862717866897583, 0.94756019115448, 0.024625539779663086, -0.157806396484375], [0.0, 0.0, 0.0, 1.0]], [[0.009055358357727528, 0.9998018741607666, 0.01772446557879448, -0.02874755859375], [-0.0024173257406800985, 0.017747029662132263, -0.9998395442962646, 1.5679035186767578], [-0.9999561309814453, 0.009011059068143368, 0.002577552106231451, -0.017822265625], [0.0, 0.0, 0.0, 1.0]], [[-0.9237942099571228, 0.38287755846977234, -0.003004763973876834, 1.05322265625], [0.001583297736942768, -0.004027646034955978, -0.9999905824661255, 1.547999382019043], [-0.38288599252700806, -0.9237902760505676, 0.0031145066022872925, -0.0870361328125], [0.0, 0.0, 0.0, 1.0]]], "view": [[0.0, -2.0, 100.0], [-2.0, 0.0, 100.0], [0.0, 0.0, 1.0]], "bev": "bev_22ea148d5e004f5690c05b4cb2fa8a86.png", "aux": "aux_22ea148d5e004f5690c05b4cb2fa8a86.npz", "visibility": "visibility_22ea148d5e004f5690c05b4cb2fa8a86.png", "pose": [[-0.999788761138916, -0.020553577691316605, 0.0, 1677.9476318359375], [0.020553577691316605, -0.999788761138916, 0.0, 867.4559326171875], [0.0, 0.0, 1.0, 0.0], [0.0, 0.0, 0.0, 1.0]], "pose_inverse": [[-0.999788761138916, 0.020553577691316605, 0.0, 1659.7637939453125], [-0.020553577691316605, -0.999788761138916, 0.0, 901.760498046875], [0.0, 0.0, 1.0, 0.0], [0.0, 0.0, 0.0, 1.0]], "cam_ids": [0, 1, 2, 3, 4, 5], "cam_channels": ["CAM_FRONT_LEFT", "CAM_FRONT", "CAM_FRONT_RIGHT", "CAM_BACK_LEFT", "CAM_BACK", "CAM_BACK_RIGHT"], "token": "22ea148d5e004f5690c05b4cb2fa8a86", "scene": "scene-0586"}, {"images": ["samples/CAM_FRONT_LEFT/n008-2018-09-18-13-41-50-0400__CAM_FRONT_LEFT__1537292692254799.jpg", "samples/CAM_FRONT/n008-2018-09-18-13-41-50-0400__CAM_FRONT__1537292692262404.jpg", "samples/CAM_FRONT_RIGHT/n008-2018-09-18-13-41-50-0400__CAM_FRONT_RIGHT__1537292692270482.jpg", "samples/CAM_BACK_LEFT/n008-2018-09-18-13-41-50-0400__CAM_BACK_LEFT__1537292692297405.jpg", "samples/CAM_BACK/n008-2018-09-18-13-41-50-0400__CAM_BACK__1537292692287558.jpg", "samples/CAM_BACK_RIGHT/n008-2018-09-18-13-41-50-0400__CAM_BACK_RIGHT__1537292692278113.jpg"], "intrinsics": [[[1257.8625342125129, 0.0, 827.2410631095686], [0.0, 1257.8625342125129, 450.915498205774], [0.0, 0.0, 1.0]], [[1252.8131021185304, 0.0, 826.588114781398], [0.0, 1252.8131021185304, 469.9846626224581], [0.0, 0.0, 1.0]], [[1256.7485116440405, 0.0, 817.7887570959712], [0.0, 1256.7485116440403, 451.9541780095127], [0.0, 0.0, 1.0]], [[1254.9860565800168, 0.0, 829.5769333630991], [0.0, 1254.9860565800168, 467.1680561863987], [0.0, 0.0, 1.0]], [[796.8910634503094, 0.0, 857.7774326863696], [0.0, 796.8910634503094, 476.8848988407415], [0.0, 0.0, 1.0]], [[1249.9629280788233, 0.0, 825.3768045375984], [0.0, 1249.9629280788233, 462.54816385708756], [0.0, 0.0, 1.0]]], "extrinsics": [[[0.8226866126060486, -0.568488359451294, 0.0027843108400702477, -0.80096435546875], [0.01283509936183691, 0.013677401468157768, -0.9998241066932678, 1.4914283752441406], [0.5683503150939941, 0.822577714920044, 0.018548818305134773, -1.1954345703125], [0.0, 0.0, 0.0, 1.0]], [[0.010576967149972916, -0.9998984336853027, -0.009547422640025616, 0.00921630859375], [0.01456117071211338, 0.009700959548354149, -0.9998469352722168, 1.4831008911132812], [0.9998379945755005, 0.010436326265335083, 0.014662301167845726, -1.53173828125], [0.0, 0.0, 0.0, 1.0]], [[-0.843768298625946, -0.5363490581512451, -0.01961395889520645, 0.957763671875], [0.02244274877011776, 0.0012538899900391698, -0.9997473359107971, 1.4966163635253906], [0.5362381339073181, -0.8439953923225403, 0.010979155078530312, -1.1917495727539062], [0.0, 0.0, 0.0, 1.0]], [[0.9478698372840881, 0.31864631175994873, 0.0027109726797789335, -1.1363525390625], [-0.003155509242787957, 0.017892993986606598, -0.9998348951339722, 1.5620174407958984], [-0.31864219903945923, 0.9477047920227051, 0.01796571910381317, -0.158721923828125], [0.0, 0.0, 0.0, 1.0]], [[0.0090715317055583, 0.9999125003814697, 0.009628345258533955, -0.02886962890625], [-0.0010098119964823127, 0.009637896902859211, -0.9999529719352722, 1.5679922103881836], [-0.999958336353302, 0.00906138215214014, 0.0010971530573442578, -0.018310546875], [0.0, 0.0, 0.0, 1.0]], [[-0.9237608313560486, 0.38288095593452454, -0.008249528706073761, 1.0537109375], [0.0033255317248404026, -0.013520476408302784, -0.9999030232429504, 1.5482087135314941], [-0.38295531272888184, -0.9236987233161926, 0.011216403916478157, -0.0870361328125], [0.0, 0.0, 0.0, 1.0]]], "view": [[0.0, -2.0, 100.0], [-2.0, 0.0, 100.0], [0.0, 0.0, 1.0]], "bev": "bev_fa3d4317f18745cc89b46b71d08b454f.png", "aux": "aux_fa3d4317f18745cc89b46b71d08b454f.npz", "visibility": "visibility_fa3d4317f18745cc89b46b71d08b454f.png", "pose": [[-0.9997435212135315, -0.022647161036729813, 0.0, 1675.134033203125], [0.022647161036729813, -0.9997435212135315, 0.0, 867.5535888671875], [0.0, 0.0, 1.0, 0.0], [0.0, 0.0, 0.0, 1.0]], "pose_inverse": [[-0.9997435212135315, 0.022647161036729813, 0.0, 1655.0567626953125], [-0.022647161036729813, -0.9997435212135315, 0.0, 905.2681274414062], [0.0, 0.0, 1.0, 0.0], [0.0, 0.0, 0.0, 1.0]], "cam_ids": [0, 1, 2, 3, 4, 5], "cam_channels": ["CAM_FRONT_LEFT", "CAM_FRONT", "CAM_FRONT_RIGHT", "CAM_BACK_LEFT", "CAM_BACK", "CAM_BACK_RIGHT"], "token": "fa3d4317f18745cc89b46b71d08b454f", "scene": "scene-0586"}, {"images": ["samples/CAM_FRONT_LEFT/n008-2018-09-18-13-41-50-0400__CAM_FRONT_LEFT__1537292692754799.jpg", "samples/CAM_FRONT/n008-2018-09-18-13-41-50-0400__CAM_FRONT__1537292692762404.jpg", "samples/CAM_FRONT_RIGHT/n008-2018-09-18-13-41-50-0400__CAM_FRONT_RIGHT__1537292692770482.jpg", "samples/CAM_BACK_LEFT/n008-2018-09-18-13-41-50-0400__CAM_BACK_LEFT__1537292692797405.jpg", "samples/CAM_BACK/n008-2018-09-18-13-41-50-0400__CAM_BACK__1537292692787558.jpg", "samples/CAM_BACK_RIGHT/n008-2018-09-18-13-41-50-0400__CAM_BACK_RIGHT__1537292692778113.jpg"], "intrinsics": [[[1257.8625342125129, 0.0, 827.2410631095686], [0.0, 1257.8625342125129, 450.915498205774], [0.0, 0.0, 1.0]], [[1252.8131021185304, 0.0, 826.588114781398], [0.0, 1252.8131021185304, 469.9846626224581], [0.0, 0.0, 1.0]], [[1256.7485116440405, 0.0, 817.7887570959712], [0.0, 1256.7485116440403, 451.9541780095127], [0.0, 0.0, 1.0]], [[1254.9860565800168, 0.0, 829.5769333630991], [0.0, 1254.9860565800168, 467.1680561863987], [0.0, 0.0, 1.0]], [[796.8910634503094, 0.0, 857.7774326863696], [0.0, 796.8910634503094, 476.8848988407415], [0.0, 0.0, 1.0]], [[1249.9629280788233, 0.0, 825.3768045375984], [0.0, 1249.9629280788233, 462.54816385708756], [0.0, 0.0, 1.0]]], "extrinsics": [[[0.8227079510688782, -0.5684638023376465, 0.0007323232130147517, -0.80072021484375], [0.013817604631185532, 0.01870959810912609, -0.9997294545173645, 1.49169921875], [0.5682963132858276, 0.8224955201148987, 0.02324734255671501, -1.1932373046875], [0.0, 0.0, 0.0, 1.0]], [[0.010689526796340942, -0.9998354315757751, -0.014659992419183254, 0.00848388671875], [0.01579764112830162, 0.01482786051928997, -0.9997652769088745, 1.4833755493164062], [0.9998180270195007, 0.01045542024075985, 0.015953542664647102, -1.530517578125], [0.0, 0.0, 0.0, 1.0]], [[-0.843697726726532, -0.5363003611564636, -0.023582180961966515, 0.9571533203125], [0.02386898547410965, 0.006408287677913904, -0.9996945858001709, 1.4968605041503906], [0.5362877249717712, -0.8440028429031372, 0.007394289132207632, -1.1919021606445312], [0.0, 0.0, 0.0, 1.0]], [[0.9478658437728882, 0.3186090886592865, 0.006203998811542988, -1.136962890625], [-0.0010123548563569784, 0.022478971630334854, -0.9997467994689941, 1.5620365142822266], [-0.3186679184436798, 0.9476195573806763, 0.02162959799170494, -0.158355712890625], [0.0, 0.0, 0.0, 1.0]], [[0.00902468990534544, 0.9998520016670227, 0.014648295007646084, -0.028564453125], [0.0009817780228331685, 0.014640023931860924, -0.9998922944068909, 1.5681190490722656], [-0.9999587535858154, 0.009038103744387627, -0.0008495118236169219, -0.0185546875], [0.0, 0.0, 0.0, 1.0]], [[-0.9237686991691589, 0.3828721046447754, -0.007766105234622955, 1.0537109375], [0.004929134156554937, -0.008390158414840698, -0.9999526739120483, 1.5483872890472412], [-0.3829191029071808, -0.9237632751464844, 0.005863338243216276, -0.087646484375], [0.0, 0.0, 0.0, 1.0]]], "view": [[0.0, -2.0, 100.0], [-2.0, 0.0, 100.0], [0.0, 0.0, 1.0]], "bev": "bev_b9980ea8a7a64b918b8debb3b531767f.png", "aux": "aux_b9980ea8a7a64b918b8debb3b531767f.npz", "visibility": "visibility_b9980ea8a7a64b918b8debb3b531767f.png", "pose": [[-0.9997435808181763, -0.0226435624063015, 0.0, 1672.33935546875], [0.0226435624063015, -0.9997435808181763, 0.0, 867.628662109375], [0.0, 0.0, 1.0, 0.0], [0.0, 0.0, 0.0, 1.0]], "pose_inverse": [[-0.9997435808181763, 0.0226435624063015, 0.0, 1652.264404296875], [-0.0226435624063015, -0.9997435808181763, 0.0, 905.27392578125], [0.0, 0.0, 1.0, 0.0], [0.0, 0.0, 0.0, 1.0]], "cam_ids": [0, 1, 2, 3, 4, 5], "cam_channels": ["CAM_FRONT_LEFT", "CAM_FRONT", "CAM_FRONT_RIGHT", "CAM_BACK_LEFT", "CAM_BACK", "CAM_BACK_RIGHT"], "token": "b9980ea8a7a64b918b8debb3b531767f", "scene": "scene-0586"}, {"images": ["samples/CAM_FRONT_LEFT/n008-2018-09-18-13-41-50-0400__CAM_FRONT_LEFT__1537292693254799.jpg", "samples/CAM_FRONT/n008-2018-09-18-13-41-50-0400__CAM_FRONT__1537292693262404.jpg", "samples/CAM_FRONT_RIGHT/n008-2018-09-18-13-41-50-0400__CAM_FRONT_RIGHT__1537292693270482.jpg", "samples/CAM_BACK_LEFT/n008-2018-09-18-13-41-50-0400__CAM_BACK_LEFT__1537292693297405.jpg", "samples/CAM_BACK/n008-2018-09-18-13-41-50-0400__CAM_BACK__1537292693287562.jpg", "samples/CAM_BACK_RIGHT/n008-2018-09-18-13-41-50-0400__CAM_BACK_RIGHT__1537292693278113.jpg"], "intrinsics": [[[1257.8625342125129, 0.0, 827.2410631095686], [0.0, 1257.8625342125129, 450.915498205774], [0.0, 0.0, 1.0]], [[1252.8131021185304, 0.0, 826.588114781398], [0.0, 1252.8131021185304, 469.9846626224581], [0.0, 0.0, 1.0]], [[1256.7485116440405, 0.0, 817.7887570959712], [0.0, 1256.7485116440403, 451.9541780095127], [0.0, 0.0, 1.0]], [[1254.9860565800168, 0.0, 829.5769333630991], [0.0, 1254.9860565800168, 467.1680561863987], [0.0, 0.0, 1.0]], [[796.8910634503094, 0.0, 857.7774326863696], [0.0, 796.8910634503094, 476.8848988407415], [0.0, 0.0, 1.0]], [[1249.9629280788233, 0.0, 825.3768045375984], [0.0, 1249.9629280788233, 462.54816385708756], [0.0, 0.0, 1.0]]], "extrinsics": [[[0.8228260278701782, -0.5682934522628784, -0.00016242351557593793, -0.78515625], [0.013945073820650578, 0.02047664485871792, -0.9996930360794067, 1.4919662475585938], [0.5681222677230835, 0.8225711584091187, 0.02477360889315605, -1.1837158203125], [0.0, 0.0, 0.0, 1.0]], [[0.01074513141065836, -0.999812662601471, -0.016099408268928528, 0.00933837890625], [0.016139356419444084, 0.016271645203232765, -0.9997373819351196, 1.4836807250976562], [0.9998120069503784, 0.010482476092875004, 0.016311174258589745, -1.5152587890625], [0.0, 0.0, 0.0, 1.0]], [[-0.8436652421951294, -0.5363070964813232, -0.024568160995841026, 0.9471435546875], [0.024353455752134323, 0.0074845533818006516, -0.9996753334999084, 1.4972190856933594], [0.5363168716430664, -0.8439897894859314, 0.00674647418782115, -1.1849441528320312], [0.0, 0.0, 0.0, 1.0]], [[0.9478597640991211, 0.3186202347278595, 0.006557994056493044, -1.1358642578125], [-0.0005679179448634386, 0.022266866639256477, -0.9997519254684448, 1.562051773071289], [-0.31868723034858704, 0.9476208090782166, 0.021286819130182266, -0.158172607421875], [0.0, 0.0, 0.0, 1.0]], [[0.009002464823424816, 0.9998480677604675, 0.014923998154699802, -0.028564453125], [0.001301027718000114, 0.014912878163158894, -0.9998878836631775, 1.5681438446044922], [-0.9999585747718811, 0.009020871482789516, -0.0011665778001770377, -0.02294921875], [0.0, 0.0, 0.0, 1.0]], [[-0.9237755537033081, 0.3828522264957428, -0.007921900600194931, 1.04541015625], [0.005392092280089855, -0.007680424954742193, -0.999955952167511, 1.5484895706176758], [-0.3828961253166199, -0.9237776398658752, 0.005030614789575338, -0.090576171875], [0.0, 0.0, 0.0, 1.0]]], "view": [[0.0, -2.0, 100.0], [-2.0, 0.0, 100.0], [0.0, 0.0, 1.0]], "bev": "bev_0c0f4be837364fca9e34d06a4f7921ee.png", "aux": "aux_0c0f4be837364fca9e34d06a4f7921ee.npz", "visibility": "visibility_0c0f4be837364fca9e34d06a4f7921ee.png", "pose": [[-0.99967360496521, -0.025546658784151077, 0.0, 1669.426025390625], [0.025546658784151077, -0.99967360496521, 0.0, 867.7135620117188], [0.0, 0.0, 1.0, 0.0], [0.0, 0.0, 0.0, 1.0]], "pose_inverse": [[-0.99967360496521, 0.025546658784151077, 0.0, 1646.7139892578125], [-0.025546658784151077, -0.99967360496521, 0.0, 910.07861328125], [0.0, 0.0, 1.0, 0.0], [0.0, 0.0, 0.0, 1.0]], "cam_ids": [0, 1, 2, 3, 4, 5], "cam_channels": ["CAM_FRONT_LEFT", "CAM_FRONT", "CAM_FRONT_RIGHT", "CAM_BACK_LEFT", "CAM_BACK", "CAM_BACK_RIGHT"], "token": "0c0f4be837364fca9e34d06a4f7921ee", "scene": "scene-0586"}, {"images": ["samples/CAM_FRONT_LEFT/n008-2018-09-18-13-41-50-0400__CAM_FRONT_LEFT__1537292693754799.jpg", "samples/CAM_FRONT/n008-2018-09-18-13-41-50-0400__CAM_FRONT__1537292693762404.jpg", "samples/CAM_FRONT_RIGHT/n008-2018-09-18-13-41-50-0400__CAM_FRONT_RIGHT__1537292693770482.jpg", "samples/CAM_BACK_LEFT/n008-2018-09-18-13-41-50-0400__CAM_BACK_LEFT__1537292693797405.jpg", "samples/CAM_BACK/n008-2018-09-18-13-41-50-0400__CAM_BACK__1537292693787558.jpg", "samples/CAM_BACK_RIGHT/n008-2018-09-18-13-41-50-0400__CAM_BACK_RIGHT__1537292693778113.jpg"], "intrinsics": [[[1257.8625342125129, 0.0, 827.2410631095686], [0.0, 1257.8625342125129, 450.915498205774], [0.0, 0.0, 1.0]], [[1252.8131021185304, 0.0, 826.588114781398], [0.0, 1252.8131021185304, 469.9846626224581], [0.0, 0.0, 1.0]], [[1256.7485116440405, 0.0, 817.7887570959712], [0.0, 1256.7485116440403, 451.9541780095127], [0.0, 0.0, 1.0]], [[1254.9860565800168, 0.0, 829.5769333630991], [0.0, 1254.9860565800168, 467.1680561863987], [0.0, 0.0, 1.0]], [[796.8910634503094, 0.0, 857.7774326863696], [0.0, 796.8910634503094, 476.8848988407415], [0.0, 0.0, 1.0]], [[1249.9629280788233, 0.0, 825.3768045375984], [0.0, 1249.9629280788233, 462.54816385708756], [0.0, 0.0, 1.0]]], "extrinsics": [[[0.8231247067451477, -0.5678470134735107, -0.003951172810047865, -0.78955078125], [0.009832781739532948, 0.02120940573513508, -0.9997267127037048, 1.4907875061035156], [0.5677756667137146, 0.8228607773780823, 0.02304149977862835, -1.18798828125], [0.0, 0.0, 0.0, 1.0]], [[0.011110562831163406, -0.9998002648353577, -0.016617175191640854, 0.010009765625], [0.011922710575163364, 0.01674947701394558, -0.9997886419296265, 1.482696533203125], [0.9998672008514404, 0.0109100928530097, 0.012106423266232014, -1.51953125], [0.0, 0.0, 0.0, 1.0]], [[-0.8435794711112976, -0.5365890264511108, -0.021115917712450027, 0.949951171875], [0.020143073052167892, 0.007675758562982082, -0.9997676014900208, 1.4964332580566406], [0.536626398563385, -0.8438088893890381, 0.004333437420427799, -1.1860122680664062], [0.0, 0.0, 0.0, 1.0]], [[0.9478579759597778, 0.3186829686164856, 0.002556629478931427, -1.1351318359375], [-0.004596208222210407, 0.02169100008904934, -0.9997541308403015, 1.5619964599609375], [-0.31866011023521423, 0.9476131796836853, 0.022024719044566154, -0.1593017578125], [0.0, 0.0, 0.0, 1.0]], [[0.008906141854822636, 0.9998553991317749, 0.014489148743450642, -0.029052734375], [-0.0027242666110396385, 0.01451393123716116, -0.999890923500061, 1.5678653717041016], [-0.9999566078186035, 0.00886569730937481, 0.0028531362768262625, -0.0230712890625], [0.0, 0.0, 0.0, 1.0]], [[-0.9238970279693604, 0.3826182782649994, -0.004186534322798252, 1.046630859375], [0.0013136322377249599, -0.007769477553665638, -0.999968945980072, 1.5479826927185059], [-0.3826389014720917, -0.9238739013671875, 0.0066755786538124084, -0.089599609375], [0.0, 0.0, 0.0, 1.0]]], "view": [[0.0, -2.0, 100.0], [-2.0, 0.0, 100.0], [0.0, 0.0, 1.0]], "bev": "bev_303ec8a7a3ef4d2295b1d5e0ea43d551.png", "aux": "aux_303ec8a7a3ef4d2295b1d5e0ea43d551.npz", "visibility": "visibility_303ec8a7a3ef4d2295b1d5e0ea43d551.png", "pose": [[-0.9995781779289246, -0.029043272137641907, 0.0, 1666.5028076171875], [0.029043272137641907, -0.9995781779289246, 0.0, 867.819091796875], [0.0, 0.0, 1.0, 0.0], [0.0, 0.0, 0.0, 1.0]], "pose_inverse": [[-0.9995781779289246, 0.029043272137641907, 0.0, 1640.595458984375], [-0.029043272137641907, -0.9995781779289246, 0.0, 915.8536987304688], [0.0, 0.0, 1.0, 0.0], [0.0, 0.0, 0.0, 1.0]], "cam_ids": [0, 1, 2, 3, 4, 5], "cam_channels": ["CAM_FRONT_LEFT", "CAM_FRONT", "CAM_FRONT_RIGHT", "CAM_BACK_LEFT", "CAM_BACK", "CAM_BACK_RIGHT"], "token": "303ec8a7a3ef4d2295b1d5e0ea43d551", "scene": "scene-0586"}, {"images": ["samples/CAM_FRONT_LEFT/n008-2018-09-18-13-41-50-0400__CAM_FRONT_LEFT__1537292694254799.jpg", "samples/CAM_FRONT/n008-2018-09-18-13-41-50-0400__CAM_FRONT__1537292694262404.jpg", "samples/CAM_FRONT_RIGHT/n008-2018-09-18-13-41-50-0400__CAM_FRONT_RIGHT__1537292694270482.jpg", "samples/CAM_BACK_LEFT/n008-2018-09-18-13-41-50-0400__CAM_BACK_LEFT__1537292694297405.jpg", "samples/CAM_BACK/n008-2018-09-18-13-41-50-0400__CAM_BACK__1537292694287558.jpg", "samples/CAM_BACK_RIGHT/n008-2018-09-18-13-41-50-0400__CAM_BACK_RIGHT__1537292694278113.jpg"], "intrinsics": [[[1257.8625342125129, 0.0, 827.2410631095686], [0.0, 1257.8625342125129, 450.915498205774], [0.0, 0.0, 1.0]], [[1252.8131021185304, 0.0, 826.588114781398], [0.0, 1252.8131021185304, 469.9846626224581], [0.0, 0.0, 1.0]], [[1256.7485116440405, 0.0, 817.7887570959712], [0.0, 1256.7485116440403, 451.9541780095127], [0.0, 0.0, 1.0]], [[1254.9860565800168, 0.0, 829.5769333630991], [0.0, 1254.9860565800168, 467.1680561863987], [0.0, 0.0, 1.0]], [[796.8910634503094, 0.0, 857.7774326863696], [0.0, 796.8910634503094, 476.8848988407415], [0.0, 0.0, 1.0]], [[1249.9629280788233, 0.0, 825.3768045375984], [0.0, 1249.9629280788233, 462.54816385708756], [0.0, 0.0, 1.0]]], "extrinsics": [[[0.8228684067726135, -0.568219006061554, -0.003863326273858547, -0.78466796875], [0.015338278375566006, 0.029007529839873314, -0.9994615316390991, 1.4923286437988281], [0.5680250525474548, 0.8223659992218018, 0.03258487954735756, -1.1834716796875], [0.0, 0.0, 0.0, 1.0]], [[0.010769585147500038, -0.9996351003646851, -0.02477293089032173, 0.0091552734375], [0.017049379646778107, 0.024954335764050484, -0.9995431900024414, 1.4839134216308594], [0.9997966289520264, 0.010342303663492203, 0.017311904579401016, -1.5128173828125], [0.0, 0.0, 0.0, 1.0]], [[-0.8436459302902222, -0.536072313785553, -0.029800336807966232, 0.9447021484375], [0.024906307458877563, 0.01636904664337635, -0.9995557069778442, 1.4973793029785156], [0.5363219976425171, -0.8440134525299072, -0.00045809888979420066, -1.1834640502929688], [0.0, 0.0, 0.0, 1.0]], [[0.9478659629821777, 0.3185427188873291, 0.008983474224805832, -1.1324462890625], [-0.001218751072883606, 0.03181404992938042, -0.9994930624961853, 1.5620250701904297], [-0.3186670243740082, 0.9473745226860046, 0.030543677508831024, -0.160064697265625], [0.0, 0.0, 0.0, 1.0]], [[0.008998775854706764, 0.9996632933616638, 0.024338923394680023, -0.0286865234375], [0.0011836939956992865, 0.02432924322783947, -0.9997032880783081, 1.5681343078613281], [-0.999958872795105, 0.00902491807937622, -0.0009643617668189108, -0.026611328125], [0.0, 0.0, 0.0, 1.0]], [[-0.9237774014472961, 0.3829006254673004, -0.004743526224046946, 1.04248046875], [0.0057357377372682095, 0.0014497265219688416, -0.999982476234436, 1.5485429763793945], [-0.3828870356082916, -0.9237884283065796, -0.0035354408901184797, -0.0919189453125], [0.0, 0.0, 0.0, 1.0]]], "view": [[0.0, -2.0, 100.0], [-2.0, 0.0, 100.0], [0.0, 0.0, 1.0]], "bev": "bev_cff18481f70a43ebaad5b85594177c82.png", "aux": "aux_cff18481f70a43ebaad5b85594177c82.npz", "visibility": "visibility_cff18481f70a43ebaad5b85594177c82.png", "pose": [[-0.999496340751648, -0.031734924763441086, 0.0, 1663.5634765625], [0.031734924763441086, -0.999496340751648, 0.0, 867.9246826171875], [0.0, 0.0, 1.0, 0.0], [0.0, 0.0, 0.0, 1.0]], "pose_inverse": [[-0.999496340751648, 0.031734924763441086, 0.0, 1635.1820068359375], [-0.031734924763441086, -0.999496340751648, 0.0, 920.2805786132812], [0.0, 0.0, 1.0, 0.0], [0.0, 0.0, 0.0, 1.0]], "cam_ids": [0, 1, 2, 3, 4, 5], "cam_channels": ["CAM_FRONT_LEFT", "CAM_FRONT", "CAM_FRONT_RIGHT", "CAM_BACK_LEFT", "CAM_BACK", "CAM_BACK_RIGHT"], "token": "cff18481f70a43ebaad5b85594177c82", "scene": "scene-0586"}, {"images": ["samples/CAM_FRONT_LEFT/n008-2018-09-18-13-41-50-0400__CAM_FRONT_LEFT__1537292694754799.jpg", "samples/CAM_FRONT/n008-2018-09-18-13-41-50-0400__CAM_FRONT__1537292694762404.jpg", "samples/CAM_FRONT_RIGHT/n008-2018-09-18-13-41-50-0400__CAM_FRONT_RIGHT__1537292694770482.jpg", "samples/CAM_BACK_LEFT/n008-2018-09-18-13-41-50-0400__CAM_BACK_LEFT__1537292694797405.jpg", "samples/CAM_BACK/n008-2018-09-18-13-41-50-0400__CAM_BACK__1537292694787558.jpg", "samples/CAM_BACK_RIGHT/n008-2018-09-18-13-41-50-0400__CAM_BACK_RIGHT__1537292694778113.jpg"], "intrinsics": [[[1257.8625342125129, 0.0, 827.2410631095686], [0.0, 1257.8625342125129, 450.915498205774], [0.0, 0.0, 1.0]], [[1252.8131021185304, 0.0, 826.588114781398], [0.0, 1252.8131021185304, 469.9846626224581], [0.0, 0.0, 1.0]], [[1256.7485116440405, 0.0, 817.7887570959712], [0.0, 1256.7485116440403, 451.9541780095127], [0.0, 0.0, 1.0]], [[1254.9860565800168, 0.0, 829.5769333630991], [0.0, 1254.9860565800168, 467.1680561863987], [0.0, 0.0, 1.0]], [[796.8910634503094, 0.0, 857.7774326863696], [0.0, 796.8910634503094, 476.8848988407415], [0.0, 0.0, 1.0]], [[1249.9629280788233, 0.0, 825.3768045375984], [0.0, 1249.9629280788233, 462.54816385708756], [0.0, 0.0, 1.0]]], "extrinsics": [[[0.8225788474082947, -0.5685761570930481, 0.009240071289241314, -0.77984619140625], [0.025787150487303734, 0.02106492966413498, -0.9994454979896545, 1.4952468872070312], [0.5680661797523499, 0.8223609328269958, 0.03198951855301857, -1.1812744140625], [0.0, 0.0, 0.0, 1.0]], [[0.010752078145742416, -0.9997977614402771, -0.01699114590883255, 0.01025390625], [0.027690386399626732, 0.01728331297636032, -0.999467134475708, 1.4863395690917969], [0.999558687210083, 0.01027586031705141, 0.027870621532201767, -1.5103759765625], [0.0, 0.0, 0.0, 1.0]], [[-0.8434045910835266, -0.5361466407775879, -0.03486327454447746, 0.94384765625], [0.03562207147479057, 0.008945191279053688, -0.9993252754211426, 1.499298095703125], [0.5360967516899109, -0.844077467918396, 0.011554235592484474, -1.1820831298828125], [0.0, 0.0, 0.0, 1.0]], [[0.9477667808532715, 0.3184979259967804, 0.017241016030311584, -1.1326904296875], [0.009703967720270157, 0.02523600123822689, -0.9996344447135925, 1.5621528625488281], [-0.3188166320323944, 0.9475875496864319, 0.020827149972319603, -0.160003662109375], [0.0, 0.0, 0.0, 1.0]], [[0.008922512643039227, 0.9998079538345337, 0.017444973811507225, -0.02899169921875], [0.012112008407711983, 0.01733633130788803, -0.9997763633728027, 1.5689163208007812], [-0.9998869299888611, 0.009131809696555138, -0.011954999528825283, -0.027099609375], [0.0, 0.0, 0.0, 1.0]], [[-0.9235922694206238, 0.3829798698425293, -0.017425350844860077, 1.041259765625], [0.016464808955788612, -0.005786013789474964, -0.9998477101325989, 1.5499401092529297], [-0.38302233815193176, -0.9237385392189026, -0.0009617709438316524, -0.091552734375], [0.0, 0.0, 0.0, 1.0]]], "view": [[0.0, -2.0, 100.0], [-2.0, 0.0, 100.0], [0.0, 0.0, 1.0]], "bev": "bev_3fc50daa6dd3432e8ac4dec94959bccb.png", "aux": "aux_3fc50daa6dd3432e8ac4dec94959bccb.npz", "visibility": "visibility_3fc50daa6dd3432e8ac4dec94959bccb.png", "pose": [[-0.999554455280304, -0.029847534373402596, 0.0, 1660.538330078125], [0.029847534373402596, -0.999554455280304, 0.0, 868.0399780273438], [0.0, 0.0, 1.0, 0.0], [0.0, 0.0, 0.0, 1.0]], "pose_inverse": [[-0.999554455280304, 0.029847534373402596, 0.0, 1633.8896484375], [-0.029847534373402596, -0.999554455280304, 0.0, 917.2161865234375], [0.0, 0.0, 1.0, 0.0], [0.0, 0.0, 0.0, 1.0]], "cam_ids": [0, 1, 2, 3, 4, 5], "cam_channels": ["CAM_FRONT_LEFT", "CAM_FRONT", "CAM_FRONT_RIGHT", "CAM_BACK_LEFT", "CAM_BACK", "CAM_BACK_RIGHT"], "token": "3fc50daa6dd3432e8ac4dec94959bccb", "scene": "scene-0586"}, {"images": ["samples/CAM_FRONT_LEFT/n008-2018-09-18-13-41-50-0400__CAM_FRONT_LEFT__1537292695254799.jpg", "samples/CAM_FRONT/n008-2018-09-18-13-41-50-0400__CAM_FRONT__1537292695262404.jpg", "samples/CAM_FRONT_RIGHT/n008-2018-09-18-13-41-50-0400__CAM_FRONT_RIGHT__1537292695270482.jpg", "samples/CAM_BACK_LEFT/n008-2018-09-18-13-41-50-0400__CAM_BACK_LEFT__1537292695297405.jpg", "samples/CAM_BACK/n008-2018-09-18-13-41-50-0400__CAM_BACK__1537292695287558.jpg", "samples/CAM_BACK_RIGHT/n008-2018-09-18-13-41-50-0400__CAM_BACK_RIGHT__1537292695278113.jpg"], "intrinsics": [[[1257.8625342125129, 0.0, 827.2410631095686], [0.0, 1257.8625342125129, 450.915498205774], [0.0, 0.0, 1.0]], [[1252.8131021185304, 0.0, 826.588114781398], [0.0, 1252.8131021185304, 469.9846626224581], [0.0, 0.0, 1.0]], [[1256.7485116440405, 0.0, 817.7887570959712], [0.0, 1256.7485116440403, 451.9541780095127], [0.0, 0.0, 1.0]], [[1254.9860565800168, 0.0, 829.5769333630991], [0.0, 1254.9860565800168, 467.1680561863987], [0.0, 0.0, 1.0]], [[796.8910634503094, 0.0, 857.7774326863696], [0.0, 796.8910634503094, 476.8848988407415], [0.0, 0.0, 1.0]], [[1249.9629280788233, 0.0, 825.3768045375984], [0.0, 1249.9629280788233, 462.54816385708756], [0.0, 0.0, 1.0]]], "extrinsics": [[[0.8219281435012817, -0.5695793628692627, -0.003684662515297532, -0.7874755859375], [0.011140286922454834, 0.02254297211766243, -0.9996837973594666, 1.4912033081054688], [0.5694824457168579, 0.821627140045166, 0.02487397938966751, -1.184326171875], [0.0, 0.0, 0.0, 1.0]], [[0.00911781471222639, -0.9997860193252563, -0.018564213067293167, 0.00787353515625], [0.013193332590162754, 0.018683647736907005, -0.9997383952140808, 1.4830398559570312], [0.9998713731765747, 0.008870507590472698, 0.013360865414142609, -1.5162353515625], [0.0, 0.0, 0.0, 1.0]], [[-0.844390332698822, -0.5352080464363098, -0.02360319159924984, 0.9468994140625], [0.02136501856148243, 0.010381222702562809, -0.9997178316116333, 1.4967117309570312], [0.5353021025657654, -0.8446564674377441, 0.002668926026672125, -1.1859893798828125], [0.0, 0.0, 0.0, 1.0]], [[0.9478955268859863, 0.3185339570045471, 0.005504137836396694, -1.1341552734375], [-0.003288457402959466, 0.027058983221650124, -0.9996284246444702, 1.5620098114013672], [-0.3185645639896393, 0.9475250840187073, 0.026696573942899704, -0.159423828125], [0.0, 0.0, 0.0, 1.0]], [[0.00952137541025877, 0.999772846698761, 0.019067101180553436, -0.0283203125], [-0.0013739580754190683, 0.019081028178334236, -0.9998169541358948, 1.5679645538330078], [-0.9999536871910095, 0.009493437595665455, 0.0015553232515230775, -0.0245361328125], [0.0, 0.0, 0.0, 1.0]], [[-0.9234552383422852, 0.3836859464645386, -0.0039234524592757225, 1.045166015625], [0.0025078526232391596, -0.004189666826277971, -0.9999880790710449, 1.548126220703125], [-0.3836977779865265, -0.9234541654586792, 0.0029067429713904858, -0.0914306640625], [0.0, 0.0, 0.0, 1.0]]], "view": [[0.0, -2.0, 100.0], [-2.0, 0.0, 100.0], [0.0, 0.0, 1.0]], "bev": "bev_cce54fc937bf4179a833bbc7f75b152e.png", "aux": "aux_cce54fc937bf4179a833bbc7f75b152e.npz", "visibility": "visibility_cce54fc937bf4179a833bbc7f75b152e.png", "pose": [[-0.9997005462646484, -0.024470333009958267, 0.0, 1657.55908203125], [0.024470333009958267, -0.9997005462646484, 0.0, 868.1401977539062], [0.0, 0.0, 1.0, 0.0], [0.0, 0.0, 0.0, 1.0]], "pose_inverse": [[-0.9997005462646484, 0.024470333009958267, 0.0, 1635.819091796875], [-0.024470333009958267, -0.9997005462646484, 0.0, 908.4412841796875], [0.0, 0.0, 1.0, 0.0], [0.0, 0.0, 0.0, 1.0]], "cam_ids": [0, 1, 2, 3, 4, 5], "cam_channels": ["CAM_FRONT_LEFT", "CAM_FRONT", "CAM_FRONT_RIGHT", "CAM_BACK_LEFT", "CAM_BACK", "CAM_BACK_RIGHT"], "token": "cce54fc937bf4179a833bbc7f75b152e", "scene": "scene-0586"}, {"images": ["samples/CAM_FRONT_LEFT/n008-2018-09-18-13-41-50-0400__CAM_FRONT_LEFT__1537292695654799.jpg", "samples/CAM_FRONT/n008-2018-09-18-13-41-50-0400__CAM_FRONT__1537292695662404.jpg", "samples/CAM_FRONT_RIGHT/n008-2018-09-18-13-41-50-0400__CAM_FRONT_RIGHT__1537292695670482.jpg", "samples/CAM_BACK_LEFT/n008-2018-09-18-13-41-50-0400__CAM_BACK_LEFT__1537292695697405.jpg", "samples/CAM_BACK/n008-2018-09-18-13-41-50-0400__CAM_BACK__1537292695687558.jpg", "samples/CAM_BACK_RIGHT/n008-2018-09-18-13-41-50-0400__CAM_BACK_RIGHT__1537292695678113.jpg"], "intrinsics": [[[1257.8625342125129, 0.0, 827.2410631095686], [0.0, 1257.8625342125129, 450.915498205774], [0.0, 0.0, 1.0]], [[1252.8131021185304, 0.0, 826.588114781398], [0.0, 1252.8131021185304, 469.9846626224581], [0.0, 0.0, 1.0]], [[1256.7485116440405, 0.0, 817.7887570959712], [0.0, 1256.7485116440403, 451.9541780095127], [0.0, 0.0, 1.0]], [[1254.9860565800168, 0.0, 829.5769333630991], [0.0, 1254.9860565800168, 467.1680561863987], [0.0, 0.0, 1.0]], [[796.8910634503094, 0.0, 857.7774326863696], [0.0, 796.8910634503094, 476.8848988407415], [0.0, 0.0, 1.0]], [[1249.9629280788233, 0.0, 825.3768045375984], [0.0, 1249.9629280788233, 462.54816385708756], [0.0, 0.0, 1.0]]], "extrinsics": [[[0.8227415680885315, -0.568389356136322, -0.005473357625305653, -0.77960205078125], [0.014541768468916416, 0.03067319467663765, -0.9994236826896667, 1.4921684265136719], [0.5682296752929688, 0.8221877217292786, 0.03350149467587471, -1.180908203125], [0.0, 0.0, 0.0, 1.0]], [[0.010595979169011116, -0.9995969533920288, -0.02633902058005333, 0.010009765625], [0.016560161486268044, 0.026512306183576584, -0.9995113015174866, 1.4838600158691406], [0.9998067021369934, 0.010154622606933117, 0.016834408044815063, -1.5079345703125], [0.0, 0.0, 0.0, 1.0]], [[-0.8437220454216003, -0.5359193682670593, -0.030388981103897095, 0.9417724609375], [0.024679599329829216, 0.017823895439505577, -0.9995365142822266, 1.4974136352539062], [0.5362125635147095, -0.8440811038017273, -0.0018121409229934216, -1.1809768676757812], [0.0, 0.0, 0.0, 1.0]], [[0.9478546380996704, 0.31853851675987244, 0.01023578830063343, -1.1318359375], [-0.0003935991262551397, 0.03328699246048927, -0.9994457364082336, 1.5620346069335938], [-0.31870269775390625, 0.9473252892494202, 0.031676605343818665, -0.16033935546875], [0.0, 0.0, 0.0, 1.0]], [[0.009039675816893578, 0.9996307492256165, 0.025622893124818802, -0.0289306640625], [0.001575835864059627, 0.025609668344259262, -0.9996707439422607, 1.5681571960449219], [-0.9999579787254333, 0.009077075868844986, -0.0013437510933727026, -0.0286865234375], [0.0, 0.0, 0.0, 1.0]], [[-0.9237393736839294, 0.3829983174800873, -0.004212499130517244, 1.0394287109375], [0.005723944399505854, 0.0028068514075130224, -0.9999796748161316, 1.5485544204711914], [-0.3829787075519562, -0.9237447381019592, -0.00478505901992321, -0.092529296875], [0.0, 0.0, 0.0, 1.0]]], "view": [[0.0, -2.0, 100.0], [-2.0, 0.0, 100.0], [0.0, 0.0, 1.0]], "bev": "bev_80c74dcb8fb14aa4b11bca361e1cd9c2.png", "aux": "aux_80c74dcb8fb14aa4b11bca361e1cd9c2.npz", "visibility": "visibility_80c74dcb8fb14aa4b11bca361e1cd9c2.png", "pose": [[-0.9997909069061279, -0.02044900506734848, 0.0, 1655.1129150390625], [0.02044900506734848, -0.9997909069061279, 0.0, 868.210693359375], [0.0, 0.0, 1.0, 0.0], [0.0, 0.0, 0.0, 1.0]], "pose_inverse": [[-0.9997909069061279, 0.02044900506734848, 0.0, 1637.0128173828125], [-0.02044900506734848, -0.9997909069061279, 0.0, 901.8745727539062], [0.0, 0.0, 1.0, 0.0], [0.0, 0.0, 0.0, 1.0]], "cam_ids": [0, 1, 2, 3, 4, 5], "cam_channels": ["CAM_FRONT_LEFT", "CAM_FRONT", "CAM_FRONT_RIGHT", "CAM_BACK_LEFT", "CAM_BACK", "CAM_BACK_RIGHT"], "token": "80c74dcb8fb14aa4b11bca361e1cd9c2", "scene": "scene-0586"}, {"images": ["samples/CAM_FRONT_LEFT/n008-2018-09-18-13-41-50-0400__CAM_FRONT_LEFT__1537292696154799.jpg", "samples/CAM_FRONT/n008-2018-09-18-13-41-50-0400__CAM_FRONT__1537292696162404.jpg", "samples/CAM_FRONT_RIGHT/n008-2018-09-18-13-41-50-0400__CAM_FRONT_RIGHT__1537292696170482.jpg", "samples/CAM_BACK_LEFT/n008-2018-09-18-13-41-50-0400__CAM_BACK_LEFT__1537292696197413.jpg", "samples/CAM_BACK/n008-2018-09-18-13-41-50-0400__CAM_BACK__1537292696187558.jpg", "samples/CAM_BACK_RIGHT/n008-2018-09-18-13-41-50-0400__CAM_BACK_RIGHT__1537292696178113.jpg"], "intrinsics": [[[1257.8625342125129, 0.0, 827.2410631095686], [0.0, 1257.8625342125129, 450.915498205774], [0.0, 0.0, 1.0]], [[1252.8131021185304, 0.0, 826.588114781398], [0.0, 1252.8131021185304, 469.9846626224581], [0.0, 0.0, 1.0]], [[1256.7485116440405, 0.0, 817.7887570959712], [0.0, 1256.7485116440403, 451.9541780095127], [0.0, 0.0, 1.0]], [[1254.9860565800168, 0.0, 829.5769333630991], [0.0, 1254.9860565800168, 467.1680561863987], [0.0, 0.0, 1.0]], [[796.8910634503094, 0.0, 857.7774326863696], [0.0, 796.8910634503094, 476.8848988407415], [0.0, 0.0, 1.0]], [[1249.9629280788233, 0.0, 825.3768045375984], [0.0, 1249.9629280788233, 462.54816385708756], [0.0, 0.0, 1.0]]], "extrinsics": [[[0.8222227096557617, -0.5689893364906311, -0.014180156402289867, -0.7852783203125], [0.010912209749221802, 0.04066833481192589, -0.9991130828857422, 1.4911422729492188], [0.569061279296875, 0.8213387131690979, 0.03964735567569733, -1.1829833984375], [0.0, 0.0, 0.0, 1.0]], [[0.009871512651443481, -0.9992896318435669, -0.036370597779750824, 0.0086669921875], [0.012588211335241795, 0.03649367392063141, -0.9992546439170837, 1.4828834533691406], [0.9998720288276672, 0.009406313300132751, 0.012939516454935074, -1.5157470703125], [0.0, 0.0, 0.0, 1.0]], [[-0.8440970778465271, -0.5352368950843811, -0.03196156769990921, 0.9464111328125], [0.02029011957347393, 0.027681022882461548, -0.9994108080863953, 1.4965248107910156], [0.53580641746521, -0.8442482948303223, -0.012505448423326015, -1.18511962890625], [0.0, 0.0, 0.0, 1.0]], [[0.9478928446769714, 0.3184988796710968, 0.0075926389545202255, -1.13232421875], [-0.006232815328985453, 0.042366597801446915, -0.9990826845169067, 1.5619640350341797], [-0.318528413772583, 0.9469760060310364, 0.04214414209127426, -0.16015625], [0.0, 0.0, 0.0, 1.0]], [[0.00932527519762516, 0.9993445873260498, 0.03497810289263725, -0.02862548828125], [-0.003667915239930153, 0.03501357510685921