[{"images": ["samples/CAM_FRONT_LEFT/n015-2018-10-08-15-52-24+0800__CAM_FRONT_LEFT__1538985500254844.jpg", "samples/CAM_FRONT/n015-2018-10-08-15-52-24+0800__CAM_FRONT__1538985500262460.jpg", "samples/CAM_FRONT_RIGHT/n015-2018-10-08-15-52-24+0800__CAM_FRONT_RIGHT__1538985500270339.jpg", "samples/CAM_BACK_LEFT/n015-2018-10-08-15-52-24+0800__CAM_BACK_LEFT__1538985500297423.jpg", "samples/CAM_BACK/n015-2018-10-08-15-52-24+0800__CAM_BACK__1538985500287525.jpg", "samples/CAM_BACK_RIGHT/n015-2018-10-08-15-52-24+0800__CAM_BACK_RIGHT__1538985500277893.jpg"], "intrinsics": [[[1272.5979470598488, 0.0, 826.6154927353808], [0.0, 1272.5979470598488, 479.75165386361925], [0.0, 0.0, 1.0]], [[1266.417203046554, 0.0, 816.2670197447984], [0.0, 1266.417203046554, 491.50706579294757], [0.0, 0.0, 1.0]], [[1260.8474446004698, 0.0, 807.968244525554], [0.0, 1260.8474446004698, 495.3344268742088], [0.0, 0.0, 1.0]], [[1256.7414812095406, 0.0, 792.1125740759628], [0.0, 1256.7414812095406, 492.7757465151356], [0.0, 0.0, 1.0]], [[809.2209905677063, 0.0, 829.2196003259838], [0.0, 809.2209905677063, 481.77842384512485], [0.0, 0.0, 1.0]], [[1259.5137405846733, 0.0, 807.2529053838625], [0.0, 1259.5137405846733, 501.19579884916527], [0.0, 0.0, 1.0]]], "extrinsics": [[[0.8209394216537476, -0.5709469318389893, 0.00884062610566616, -0.79248046875], [-0.014132259413599968, -0.03579283133149147, -0.9992592930793762, 1.5053329467773438], [0.5708404183387756, 0.8202064037322998, -0.037452515214681625, -1.16162109375], [0.0, 0.0, 0.0, 1.0]], [[0.00608126912266016, -0.9991880059242249, 0.039826899766922, 0.0072021484375], [-0.0192808099091053, -0.03993739187717438, -0.9990161657333374, 1.5172576904296875], [0.9997956156730652, 0.005307418759912252, -0.01950802654027939, -1.52032470703125], [0.0, 0.0, 0.0, 1.0]], [[-0.8328303098678589, -0.5530120730400085, 0.023900790140032768, 0.9217529296875], [-0.013520161621272564, -0.02284284122288227, -0.9996476173400879, 1.501861572265625], [0.5533632040023804, -0.8328600525856018, 0.011547398753464222, -1.1744384765625], [0.0, 0.0, 0.0, 1.0]], [[0.9477694630622864, 0.3182351291179657, -0.021434389054775238, -1.140625], [-0.004600659944117069, -0.05355485528707504, -0.9985542893409729, 1.5885543823242188], [-0.3189229667186737, 0.946497917175293, -0.04929357022047043, -0.104248046875], [0.0, 0.0, 0.0, 1.0]], [[0.0023751629050821066, 0.9990506768226624, -0.043499190360307693, 0.002685546875], [-0.030076216906309128, -0.043408267199993134, -0.9986046552658081, 1.5778961181640625], [-0.9995447993278503, 0.003680153749883175, 0.029944563284516335, -0.047119140625], [0.0, 0.0, 0.0, 1.0]], [[-0.9348874688148499, 0.3547336757183075, -0.012226744554936886, 1.0460205078125], [0.0024618245661258698, -0.027965767309069633, -0.9996058344841003, 1.5517005920410156], [-0.35493582487106323, -0.93454909324646, 0.025271553546190262, -0.09765625], [0.0, 0.0, 0.0, 1.0]]], "view": [[0.0, -2.0, 100.0], [-2.0, 0.0, 100.0], [0.0, 0.0, 1.0]], "bev": "bev_0b3ff43d8b59425b87681ddc4be778e5.png", "aux": "aux_0b3ff43d8b59425b87681ddc4be778e5.npz", "visibility": "visibility_0b3ff43d8b59425b87681ddc4be778e5.png", "pose": [[0.9392231106758118, 0.3433073163032532, 0.0, 1414.7255859375], [-0.3433073163032532, 0.9392231106758118, 0.0, 1554.9775390625], [0.0, 0.0, 1.0, 0.0], [0.0, 0.0, 0.0, 1.0]], "pose_inverse": [[0.9392231106758118, -0.3433073163032532, 0.0, -794.9078369140625], [0.3433073163032532, 0.9392231106758118, 0.0, -1946.156494140625], [0.0, 0.0, 1.0, 0.0], [0.0, 0.0, 0.0, 1.0]], "cam_ids": [0, 1, 2, 3, 4, 5], "cam_channels": ["CAM_FRONT_LEFT", "CAM_FRONT", "CAM_FRONT_RIGHT", "CAM_BACK_LEFT", "CAM_BACK", "CAM_BACK_RIGHT"], "token": "0b3ff43d8b59425b87681ddc4be778e5", "scene": "scene-0432"}, {"images": ["samples/CAM_FRONT_LEFT/n015-2018-10-08-15-52-24+0800__CAM_FRONT_LEFT__1538985500754844.jpg", "samples/CAM_FRONT/n015-2018-10-08-15-52-24+0800__CAM_FRONT__1538985500762460.jpg", "samples/CAM_FRONT_RIGHT/n015-2018-10-08-15-52-24+0800__CAM_FRONT_RIGHT__1538985500770339.jpg", "samples/CAM_BACK_LEFT/n015-2018-10-08-15-52-24+0800__CAM_BACK_LEFT__1538985500797423.jpg", "samples/CAM_BACK/n015-2018-10-08-15-52-24+0800__CAM_BACK__1538985500787525.jpg", "samples/CAM_BACK_RIGHT/n015-2018-10-08-15-52-24+0800__CAM_BACK_RIGHT__1538985500777893.jpg"], "intrinsics": [[[1272.5979470598488, 0.0, 826.6154927353808], [0.0, 1272.5979470598488, 479.75165386361925], [0.0, 0.0, 1.0]], [[1266.417203046554, 0.0, 816.2670197447984], [0.0, 1266.417203046554, 491.50706579294757], [0.0, 0.0, 1.0]], [[1260.8474446004698, 0.0, 807.968244525554], [0.0, 1260.8474446004698, 495.3344268742088], [0.0, 0.0, 1.0]], [[1256.7414812095406, 0.0, 792.1125740759628], [0.0, 1256.7414812095406, 492.7757465151356], [0.0, 0.0, 1.0]], [[809.2209905677063, 0.0, 829.2196003259838], [0.0, 809.2209905677063, 481.77842384512485], [0.0, 0.0, 1.0]], [[1259.5137405846733, 0.0, 807.2529053838625], [0.0, 1259.5137405846733, 501.19579884916527], [0.0, 0.0, 1.0]]], "extrinsics": [[[0.8212597370147705, -0.5704580545425415, 0.010488457977771759, -0.799346923828125], [-0.011251883581280708, -0.03457264229655266, -0.9993388056755066, 1.5060043334960938], [0.5704434514045715, 0.8205987811088562, -0.034811850637197495, -1.166015625], [0.0, 0.0, 0.0, 1.0]], [[0.006505769211798906, -0.999236524105072, 0.03852051869034767, 0.006591796875], [-0.01632023975253105, -0.038622308522462845, -0.9991205930709839, 1.5178451538085938], [0.9998456239700317, 0.005871394649147987, -0.016559049487113953, -1.52716064453125], [0.0, 0.0, 0.0, 1.0]], [[-0.8326393961906433, -0.5534335374832153, 0.02056221105158329, 0.9261474609375], [-0.01045987568795681, -0.02140648663043976, -0.9997161030769348, 1.5023193359375], [0.5537166595458984, -0.8326181769371033, 0.012035042978823185, -1.1776123046875], [0.0, 0.0, 0.0, 1.0]], [[0.9478344321250916, 0.3182889521121979, -0.017377512529492378, -1.141845703125], [-0.0009507606155239046, -0.051692359149456024, -0.9986625909805298, 1.5885467529296875], [-0.31876152753829956, 0.9465832710266113, -0.048693183809518814, -0.103759765625], [0.0, 0.0, 0.0, 1.0]], [[0.0022693020291626453, 0.9991251230239868, -0.041759803891181946, 0.0028076171875], [-0.026666812598705292, -0.0416845977306366, -0.9987748861312866, 1.5781173706054688], [-0.9996418356895447, 0.003380116308107972, 0.02654888667166233, -0.04473876953125], [0.0, 0.0, 0.0, 1.0]], [[-0.9349765181541443, 0.3544066548347473, -0.01465536467730999, 1.0500144958496094], [0.005665403790771961, -0.026390602812170982, -0.999635636806488, 1.5519790649414062], [-0.35466429591178894, -0.9347189664840698, 0.02266673743724823, -0.09619140625], [0.0, 0.0, 0.0, 1.0]]], "view": [[0.0, -2.0, 100.0], [-2.0, 0.0, 100.0], [0.0, 0.0, 1.0]], "bev": "bev_46ff35608aba4205a806d9fa5b333f82.png", "aux": "aux_46ff35608aba4205a806d9fa5b333f82.npz", "visibility": "visibility_46ff35608aba4205a806d9fa5b333f82.png", "pose": [[0.9356256723403931, 0.35299375653266907, 0.0, 1416.9686279296875], [-0.35299375653266907, 0.9356256723403931, 0.0, 1554.12451171875], [0.0, 0.0, 1.0, 0.0], [0.0, 0.0, 0.0, 1.0]], "pose_inverse": [[0.9356256723403931, -0.35299375653266907, 0.0, -777.156005859375], [0.35299375653266907, 0.9356256723403931, 0.0, -1954.2598876953125], [0.0, 0.0, 1.0, 0.0], [0.0, 0.0, 0.0, 1.0]], "cam_ids": [0, 1, 2, 3, 4, 5], "cam_channels": ["CAM_FRONT_LEFT", "CAM_FRONT", "CAM_FRONT_RIGHT", "CAM_BACK_LEFT", "CAM_BACK", "CAM_BACK_RIGHT"], "token": "46ff35608aba4205a806d9fa5b333f82", "scene": "scene-0432"}, {"images": ["samples/CAM_FRONT_LEFT/n015-2018-10-08-15-52-24+0800__CAM_FRONT_LEFT__1538985501254844.jpg", "samples/CAM_FRONT/n015-2018-10-08-15-52-24+0800__CAM_FRONT__1538985501262460.jpg", "samples/CAM_FRONT_RIGHT/n015-2018-10-08-15-52-24+0800__CAM_FRONT_RIGHT__1538985501270339.jpg", "samples/CAM_BACK_LEFT/n015-2018-10-08-15-52-24+0800__CAM_BACK_LEFT__1538985501297423.jpg", "samples/CAM_BACK/n015-2018-10-08-15-52-24+0800__CAM_BACK__1538985501287525.jpg", "samples/CAM_BACK_RIGHT/n015-2018-10-08-15-52-24+0800__CAM_BACK_RIGHT__1538985501277893.jpg"], "intrinsics": [[[1272.5979470598488, 0.0, 826.6154927353808], [0.0, 1272.5979470598488, 479.75165386361925], [0.0, 0.0, 1.0]], [[1266.417203046554, 0.0, 816.2670197447984], [0.0, 1266.417203046554, 491.50706579294757], [0.0, 0.0, 1.0]], [[1260.8474446004698, 0.0, 807.968244525554], [0.0, 1260.8474446004698, 495.3344268742088], [0.0, 0.0, 1.0]], [[1256.7414812095406, 0.0, 792.1125740759628], [0.0, 1256.7414812095406, 492.7757465151356], [0.0, 0.0, 1.0]], [[809.2209905677063, 0.0, 829.2196003259838], [0.0, 809.2209905677063, 481.77842384512485], [0.0, 0.0, 1.0]], [[1259.5137405846733, 0.0, 807.2529053838625], [0.0, 1259.5137405846733, 501.19579884916527], [0.0, 0.0, 1.0]]], "extrinsics": [[[0.8223091959953308, -0.5687417387962341, 0.018451184034347534, -0.8095703125], [0.00016305931785609573, -0.032189540565013885, -0.9994817972183228, 1.5083427429199219], [0.5690409541130066, 0.8218860030174255, -0.026377014815807343, -1.1751708984375], [0.0, 0.0, 0.0, 1.0]], [[0.007909014821052551, -0.9993148446083069, 0.03615608811378479, 0.0079345703125], [-0.004979438614100218, -0.03619612753391266, -0.9993323087692261, 1.5198287963867188], [0.9999563097953796, 0.007723682094365358, -0.0052623022347688675, -1.5390625], [0.0, 0.0, 0.0, 1.0]], [[-0.8319771885871887, -0.5547219514846802, 0.009874880313873291, 0.9349365234375], [0.0007400570902973413, -0.01890825480222702, -0.9998209476470947, 1.5037612915039062], [0.5548093318939209, -0.8318209648132324, 0.01614176295697689, -1.181884765625], [0.0, 0.0, 0.0, 1.0]], [[0.9478322863578796, 0.3187066912651062, -0.006322722882032394, -1.1427001953125], [0.009793566539883614, -0.04893999174237251, -0.9987537264823914, 1.5885467529296875], [-0.31861889362335205, 0.9465890526771545, -0.04950818046927452, -0.103759765625], [0.0, 0.0, 0.0, 1.0]], [[0.0019476795569062233, 0.9992337822914124, -0.039093129336833954, 0.00244140625], [-0.01574399136006832, -0.03905772045254707, -0.9991129636764526, 1.578704833984375], [-0.9998741745948792, 0.002561406698077917, 0.01565585285425186, -0.041015625], [0.0, 0.0, 0.0, 1.0]], [[-0.9351789355278015, 0.35335540771484375, -0.024088101461529732, 1.0562248229980469], [0.016747713088989258, -0.023816760629415512, -0.9995760917663574, 1.5529022216796875], [-0.3537793457508087, -0.9351859092712402, 0.016355041414499283, -0.092529296875], [0.0, 0.0, 0.0, 1.0]]], "view": [[0.0, -2.0, 100.0], [-2.0, 0.0, 100.0], [0.0, 0.0, 1.0]], "bev": "bev_4ef0f8d5211748b5827458db4960f10e.png", "aux": "aux_4ef0f8d5211748b5827458db4960f10e.npz", "visibility": "visibility_4ef0f8d5211748b5827458db4960f10e.png", "pose": [[0.9258415699005127, 0.37791189551353455, 0.0, 1419.099365234375], [-0.37791189551353455, 0.9258415699005127, 0.0, 1553.2706298828125], [0.0, 0.0, 1.0, 0.0], [0.0, 0.0, 0.0, 1.0]], "pose_inverse": [[0.9258415699005127, -0.37791189551353455, 0.0, -726.8616943359375], [0.37791189551353455, 0.9258415699005127, 0.0, -1974.3770751953125], [0.0, 0.0, 1.0, 0.0], [0.0, 0.0, 0.0, 1.0]], "cam_ids": [0, 1, 2, 3, 4, 5], "cam_channels": ["CAM_FRONT_LEFT", "CAM_FRONT", "CAM_FRONT_RIGHT", "CAM_BACK_LEFT", "CAM_BACK", "CAM_BACK_RIGHT"], "token": "4ef0f8d5211748b5827458db4960f10e", "scene": "scene-0432"}, {"images": ["samples/CAM_FRONT_LEFT/n015-2018-10-08-15-52-24+0800__CAM_FRONT_LEFT__1538985501754844.jpg", "samples/CAM_FRONT/n015-2018-10-08-15-52-24+0800__CAM_FRONT__1538985501762460.jpg", "samples/CAM_FRONT_RIGHT/n015-2018-10-08-15-52-24+0800__CAM_FRONT_RIGHT__1538985501770339.jpg", "samples/CAM_BACK_LEFT/n015-2018-10-08-15-52-24+0800__CAM_BACK_LEFT__1538985501797423.jpg", "samples/CAM_BACK/n015-2018-10-08-15-52-24+0800__CAM_BACK__1538985501787525.jpg", "samples/CAM_BACK_RIGHT/n015-2018-10-08-15-52-24+0800__CAM_BACK_RIGHT__1538985501777893.jpg"], "intrinsics": [[[1272.5979470598488, 0.0, 826.6154927353808], [0.0, 1272.5979470598488, 479.75165386361925], [0.0, 0.0, 1.0]], [[1266.417203046554, 0.0, 816.2670197447984], [0.0, 1266.417203046554, 491.50706579294757], [0.0, 0.0, 1.0]], [[1260.8474446004698, 0.0, 807.968244525554], [0.0, 1260.8474446004698, 495.3344268742088], [0.0, 0.0, 1.0]], [[1256.7414812095406, 0.0, 792.1125740759628], [0.0, 1256.7414812095406, 492.7757465151356], [0.0, 0.0, 1.0]], [[809.2209905677063, 0.0, 829.2196003259838], [0.0, 809.2209905677063, 481.77842384512485], [0.0, 0.0, 1.0]], [[1259.5137405846733, 0.0, 807.2529053838625], [0.0, 1259.5137405846733, 501.19579884916527], [0.0, 0.0, 1.0]]], "extrinsics": [[[0.8245774507522583, -0.5652153491973877, 0.02456779219210148, -0.80255126953125], [0.00419763196259737, -0.03731178492307663, -0.9992948174476624, 1.5090866088867188], [0.5657334923744202, 0.8240991234779358, -0.02839389443397522, -1.16943359375], [0.0, 0.0, 0.0, 1.0]], [[0.011160342022776604, -0.9990785121917725, 0.041441939771175385, 0.007080078125], [-0.0010980794904753566, -0.041456740349531174, -0.9991397261619568, 1.5203704833984375], [0.9999369978904724, 0.011105211451649666, -0.001559739583171904, -1.5311279296875], [0.0, 0.0, 0.0, 1.0]], [[-0.8305518627166748, -0.5568541288375854, 0.009852571412920952, 0.9290771484375], [0.004420899320393801, -0.024281682446599007, -0.999695360660553, 1.5042037963867188], [0.5569237470626831, -0.8302552700042725, 0.022628994658589363, -1.1788330078125], [0.0, 0.0, 0.0, 1.0]], [[0.947921633720398, 0.3184613883495331, -0.005189275834709406, -1.143310546875], [0.01292131282389164, -0.05473020300269127, -0.9984175562858582, 1.5885009765625], [-0.3182414174079895, 0.9463545680046082, -0.05599488690495491, -0.102783203125], [0.0, 0.0, 0.0, 1.0]], [[0.0011600523721426725, 0.9989976286888123, -0.044748686254024506, 0.002685546875], [-0.012384788133203983, -0.04473092779517174, -0.9989223480224609, 1.5788116455078125], [-0.9999226331710815, 0.0017130100168287754, 0.012320483103394508, -0.04290771484375], [0.0, 0.0, 0.0, 1.0]], [[-0.9357485175132751, 0.35144850611686707, -0.029300548136234283, 1.0522918701171875], [0.020290950313210487, -0.029292233288288116, -0.9993649125099182, 1.55328369140625], [-0.352083683013916, -0.935748815536499, 0.020278943702578545, -0.094970703125], [0.0, 0.0, 0.0, 1.0]]], "view": [[0.0, -2.0, 100.0], [-2.0, 0.0, 100.0], [0.0, 0.0, 1.0]], "bev": "bev_4f39513aeef6437c9e73ccdff28fb058.png", "aux": "aux_4f39513aeef6437c9e73ccdff28fb058.npz", "visibility": "visibility_4f39513aeef6437c9e73ccdff28fb058.png", "pose": [[0.9023514986038208, 0.43100085854530334, 0.0, 1421.2249755859375], [-0.43100085854530334, 0.9023514986038208, 0.0, 1552.326171875], [0.0, 0.0, 1.0, 0.0], [0.0, 0.0, 0.0, 1.0]], "pose_inverse": [[0.9023514986038208, -0.43100085854530334, 0.0, -613.390625], [0.43100085854530334, 0.9023514986038208, 0.0, -2013.2930908203125], [0.0, 0.0, 1.0, 0.0], [0.0, 0.0, 0.0, 1.0]], "cam_ids": [0, 1, 2, 3, 4, 5], "cam_channels": ["CAM_FRONT_LEFT", "CAM_FRONT", "CAM_FRONT_RIGHT", "CAM_BACK_LEFT", "CAM_BACK", "CAM_BACK_RIGHT"], "token": "4f39513aeef6437c9e73ccdff28fb058", "scene": "scene-0432"}, {"images": ["samples/CAM_FRONT_LEFT/n015-2018-10-08-15-52-24+0800__CAM_FRONT_LEFT__1538985502254844.jpg", "samples/CAM_FRONT/n015-2018-10-08-15-52-24+0800__CAM_FRONT__1538985502262460.jpg", "samples/CAM_FRONT_RIGHT/n015-2018-10-08-15-52-24+0800__CAM_FRONT_RIGHT__1538985502270339.jpg", "samples/CAM_BACK_LEFT/n015-2018-10-08-15-52-24+0800__CAM_BACK_LEFT__1538985502297423.jpg", "samples/CAM_BACK/n015-2018-10-08-15-52-24+0800__CAM_BACK__1538985502287525.jpg", "samples/CAM_BACK_RIGHT/n015-2018-10-08-15-52-24+0800__CAM_BACK_RIGHT__1538985502277893.jpg"], "intrinsics": [[[1272.5979470598488, 0.0, 826.6154927353808], [0.0, 1272.5979470598488, 479.75165386361925], [0.0, 0.0, 1.0]], [[1266.417203046554, 0.0, 816.2670197447984], [0.0, 1266.417203046554, 491.50706579294757], [0.0, 0.0, 1.0]], [[1260.8474446004698, 0.0, 807.968244525554], [0.0, 1260.8474446004698, 495.3344268742088], [0.0, 0.0, 1.0]], [[1256.7414812095406, 0.0, 792.1125740759628], [0.0, 1256.7414812095406, 492.7757465151356], [0.0, 0.0, 1.0]], [[809.2209905677063, 0.0, 829.2196003259838], [0.0, 809.2209905677063, 481.77842384512485], [0.0, 0.0, 1.0]], [[1259.5137405846733, 0.0, 807.2529053838625], [0.0, 1259.5137405846733, 501.19579884916527], [0.0, 0.0, 1.0]]], "extrinsics": [[[0.8251789212226868, -0.5641929507255554, 0.027676835656166077, -0.7955322265625], [0.005735751707106829, -0.040625303983688354, -0.9991580247879028, 1.5093765258789062], [0.5648422241210938, 0.8246428370475769, -0.03028707392513752, -1.1627197265625], [0.0, 0.0, 0.0, 1.0]], [[0.011925464496016502, -0.9989245533943176, 0.04480523616075516, 0.005859375], [0.0004987065913155675, -0.044802475720644, -0.9989957809448242, 1.5205612182617188], [0.9999287128448486, 0.011935836635529995, -3.612080399761908e-05, -1.52203369140625], [0.0, 0.0, 0.0, 1.0]], [[-0.8302697539329529, -0.5572654604911804, 0.010363836772739887, 0.921630859375], [0.006077215541154146, -0.02764466032385826, -0.9995993375778198, 1.504425048828125], [0.5573286414146423, -0.8298740983009338, 0.026339150965213776, -1.17529296875], [0.0, 0.0, 0.0, 1.0]], [[0.9478735327720642, 0.3186149597167969, -0.0045018126256763935, -1.1416015625], [0.014853967353701591, -0.058294013142585754, -0.9981889128684998, 1.58856201171875], [-0.3183002769947052, 0.946090042591095, -0.05998804792761803, -0.1038818359375], [0.0, 0.0, 0.0, 1.0]], [[0.0010409477399662137, 0.9988365769386292, -0.04821157455444336, 0.0029296875], [-0.010562963783740997, -0.04819792881608009, -0.9987819790840149, 1.578826904296875], [-0.9999436140060425, 0.0015489858342334628, 0.010500497184693813, -0.047149658203125], [0.0, 0.0, 0.0, 1.0]], [[-0.9358329176902771, 0.3509792387485504, -0.03209839388728142, 1.04681396484375], [0.022016530856490135, -0.03267907351255417, -0.9992233514785767, 1.5535316467285156], [-0.3517555594444275, -0.9358128905296326, 0.02285480685532093, -0.09814453125], [0.0, 0.0, 0.0, 1.0]]], "view": [[0.0, -2.0, 100.0], [-2.0, 0.0, 100.0], [0.0, 0.0, 1.0]], "bev": "bev_962554b3defe475080f18a58578db95a.png", "aux": "aux_962554b3defe475080f18a58578db95a.npz", "visibility": "visibility_962554b3defe475080f18a58578db95a.png", "pose": [[0.8554436564445496, 0.5178958773612976, 0.0, 1423.2845458984375], [-0.5178958773612976, 0.8554436564445496, 0.0, 1551.2012939453125], [0.0, 0.0, 1.0, 0.0], [0.0, 0.0, 0.0, 1.0]], "pose_inverse": [[0.8554436564445496, -0.5178958773612976, 0.0, -414.1789855957031], [0.5178958773612976, 0.8554436564445496, 0.0, -2064.07861328125], [0.0, 0.0, 1.0, 0.0], [0.0, 0.0, 0.0, 1.0]], "cam_ids": [0, 1, 2, 3, 4, 5], "cam_channels": ["CAM_FRONT_LEFT", "CAM_FRONT", "CAM_FRONT_RIGHT", "CAM_BACK_LEFT", "CAM_BACK", "CAM_BACK_RIGHT"], "token": "962554b3defe475080f18a58578db95a", "scene": "scene-0432"}, {"images": ["samples/CAM_FRONT_LEFT/n015-2018-10-08-15-52-24+0800__CAM_FRONT_LEFT__1538985502754844.jpg", "samples/CAM_FRONT/n015-2018-10-08-15-52-24+0800__CAM_FRONT__1538985502762460.jpg", "samples/CAM_FRONT_RIGHT/n015-2018-10-08-15-52-24+0800__CAM_FRONT_RIGHT__1538985502770339.jpg", "samples/CAM_BACK_LEFT/n015-2018-10-08-15-52-24+0800__CAM_BACK_LEFT__1538985502797423.jpg", "samples/CAM_BACK/n015-2018-10-08-15-52-24+0800__CAM_BACK__1538985502787525.jpg", "samples/CAM_BACK_RIGHT/n015-2018-10-08-15-52-24+0800__CAM_BACK_RIGHT__1538985502777893.jpg"], "intrinsics": [[[1272.5979470598488, 0.0, 826.6154927353808], [0.0, 1272.5979470598488, 479.75165386361925], [0.0, 0.0, 1.0]], [[1266.417203046554, 0.0, 816.2670197447984], [0.0, 1266.417203046554, 491.50706579294757], [0.0, 0.0, 1.0]], [[1260.8474446004698, 0.0, 807.968244525554], [0.0, 1260.8474446004698, 495.3344268742088], [0.0, 0.0, 1.0]], [[1256.7414812095406, 0.0, 792.1125740759628], [0.0, 1256.7414812095406, 492.7757465151356], [0.0, 0.0, 1.0]], [[809.2209905677063, 0.0, 829.2196003259838], [0.0, 809.2209905677063, 481.77842384512485], [0.0, 0.0, 1.0]], [[1259.5137405846733, 0.0, 807.2529053838625], [0.0, 1259.5137405846733, 501.19579884916527], [0.0, 0.0, 1.0]]], "extrinsics": [[[0.825351357460022, -0.5638694763183594, 0.029090937227010727, -0.7861328125], [0.004615083336830139, -0.044784076511859894, -0.998986005783081, 1.5091934204101562], [0.5646004676818848, 0.8246487379074097, -0.03436029702425003, -1.156494140625], [0.0, 0.0, 0.0, 1.0]], [[0.012233791872859001, -0.9987419843673706, 0.04862747713923454, 0.00634765625], [-0.00047316972631961107, -0.04863689839839935, -0.9988164305686951, 1.5204010009765625], [0.9999250173568726, 0.012196274474263191, -0.00106758379843086, -1.5136566162109375], [0.0, 0.0, 0.0, 1.0]], [[-0.8301144242286682, -0.557441234588623, 0.013010157272219658, 0.9171142578125], [0.005259236786514521, -0.031159209087491035, -0.999500572681427, 1.5043487548828125], [0.5575682520866394, -0.829631507396698, 0.02879742532968521, -1.1719970703125], [0.0, 0.0, 0.0, 1.0]], [[0.9478834867477417, 0.3185698091983795, -0.0054930467158555984, -1.14263916015625], [0.014681018888950348, -0.06089140102267265, -0.9980363845825195, 1.5885467529296875], [-0.3182786703109741, 0.9459416270256042, -0.0623948872089386, -0.103759765625], [0.0, 0.0, 0.0, 1.0]], [[0.0010206662118434906, 0.9986928701400757, -0.05110316351056099, 0.0029296875], [-0.010979765094816685, -0.05108891427516937, -0.9986338019371033, 1.57879638671875], [-0.9999392032623291, 0.0015804209979251027, 0.010913270525634289, -0.0487518310546875], [0.0, 0.0, 0.0, 1.0]], [[-0.9359055161476135, 0.35073772072792053, -0.03261885046958923, 1.04290771484375], [0.021367166191339493, -0.035903528332710266, -0.9991267919540405, 1.5535736083984375], [-0.3516026735305786, -0.9357852935791016, 0.026108035817742348, -0.0992431640625], [0.0, 0.0, 0.0, 1.0]]], "view": [[0.0, -2.0, 100.0], [-2.0, 0.0, 100.0], [0.0, 0.0, 1.0]], "bev": "bev_c2223e7054fb496bbaf342342897cb2e.png", "aux": "aux_c2223e7054fb496bbaf342342897cb2e.npz", "visibility": "visibility_c2223e7054fb496bbaf342342897cb2e.png", "pose": [[0.7983874082565308, 0.6021441221237183, 0.0, 1425.348388671875], [-0.6021441221237183, 0.7983874082565308, 0.0, 1549.80419921875], [0.0, 0.0, 1.0, 0.0], [0.0, 0.0, 0.0, 1.0]], "pose_inverse": [[0.7983874082565308, -0.6021441221237183, 0.0, -204.77467346191406], [0.6021441221237183, 0.7983874082565308, 0.0, -2095.609375], [0.0, 0.0, 1.0, 0.0], [0.0, 0.0, 0.0, 1.0]], "cam_ids": [0, 1, 2, 3, 4, 5], "cam_channels": ["CAM_FRONT_LEFT", "CAM_FRONT", "CAM_FRONT_RIGHT", "CAM_BACK_LEFT", "CAM_BACK", "CAM_BACK_RIGHT"], "token": "c2223e7054fb496bbaf342342897cb2e", "scene": "scene-0432"}, {"images": ["samples/CAM_FRONT_LEFT/n015-2018-10-08-15-52-24+0800__CAM_FRONT_LEFT__1538985503254844.jpg", "samples/CAM_FRONT/n015-2018-10-08-15-52-24+0800__CAM_FRONT__1538985503262460.jpg", "samples/CAM_FRONT_RIGHT/n015-2018-10-08-15-52-24+0800__CAM_FRONT_RIGHT__1538985503270359.jpg", "samples/CAM_BACK_LEFT/n015-2018-10-08-15-52-24+0800__CAM_BACK_LEFT__1538985503297423.jpg", "samples/CAM_BACK/n015-2018-10-08-15-52-24+0800__CAM_BACK__1538985503287525.jpg", "samples/CAM_BACK_RIGHT/n015-2018-10-08-15-52-24+0800__CAM_BACK_RIGHT__1538985503277893.jpg"], "intrinsics": [[[1272.5979470598488, 0.0, 826.6154927353808], [0.0, 1272.5979470598488, 479.75165386361925], [0.0, 0.0, 1.0]], [[1266.417203046554, 0.0, 816.2670197447984], [0.0, 1266.417203046554, 491.50706579294757], [0.0, 0.0, 1.0]], [[1260.8474446004698, 0.0, 807.968244525554], [0.0, 1260.8474446004698, 495.3344268742088], [0.0, 0.0, 1.0]], [[1256.7414812095406, 0.0, 792.1125740759628], [0.0, 1256.7414812095406, 492.7757465151356], [0.0, 0.0, 1.0]], [[809.2209905677063, 0.0, 829.2196003259838], [0.0, 809.2209905677063, 481.77842384512485], [0.0, 0.0, 1.0]], [[1259.5137405846733, 0.0, 807.2529053838625], [0.0, 1259.5137405846733, 501.19579884916527], [0.0, 0.0, 1.0]]], "extrinsics": [[[0.8238263726234436, -0.5659257173538208, 0.03222106769680977, -0.78125], [0.011010371148586273, -0.04085620120167732, -0.999104380607605, 1.510650634765625], [0.5667352676391602, 0.8234432935714722, -0.027427364140748978, -1.15185546875], [0.0, 0.0, 0.0, 1.0]], [[0.010049785487353802, -0.9989402890205383, 0.044913697987794876, 0.005859375], [0.005432304460555315, -0.04486076533794403, -0.9989784955978394, 1.521484375], [0.999934732913971, 0.010283555835485458, 0.004975707270205021, -1.508148193359375], [0.0, 0.0, 0.0, 1.0]], [[-0.8309763669967651, -0.5562700033187866, 0.00646715983748436, 0.9136962890625], [0.010678518563508987, -0.027572810649871826, -0.9995627403259277, 1.5051345825195312], [0.556205153465271, -0.8305439949035645, 0.028852496296167374, -1.1700439453125], [0.0, 0.0, 0.0, 1.0]], [[0.9479280710220337, 0.31848230957984924, -0.0012271904852241278, -1.14202880859375], [0.018190845847129822, -0.0579892061650753, -0.998151421546936, 1.5885391235351562], [-0.31796467304229736, 0.9461533427238464, -0.06076305732131004, -0.1036376953125], [0.0, 0.0, 0.0, 1.0]], [[0.0016884132055565715, 0.9988498091697693, -0.04791898652911186, 0.003173828125], [-0.006750555709004402, -0.047906577587127686, -0.9988290071487427, 1.5789947509765625], [-0.999975860118866, 0.0020099289249628782, 0.006661898922175169, -0.05015134811401367], [0.0, 0.0, 0.0, 1.0]], [[-0.935379683971405, 0.3518034815788269, -0.03604338318109512, 1.04034423828125], [0.02627384103834629, -0.03250642493367195, -0.999126136302948, 1.5541305541992188], [-0.35266759991645813, -0.9355092644691467, 0.021162623539566994, -0.1004638671875], [0.0, 0.0, 0.0, 1.0]]], "view": [[0.0, -2.0, 100.0], [-2.0, 0.0, 100.0], [0.0, 0.0, 1.0]], "bev": "bev_21e314927223494db845b1271d050a6f.png", "aux": "aux_21e314927223494db845b1271d050a6f.npz", "visibility": "visibility_21e314927223494db845b1271d050a6f.png", "pose": [[0.7384513020515442, 0.6743068099021912, 0.0, 1427.35888671875], [-0.6743068099021912, 0.7384513020515442, 0.0, 1548.12890625], [0.0, 0.0, 1.0, 0.0], [0.0, 0.0, 0.0, 1.0]], "pose_inverse": [[0.7384513020515442, -0.6743068099021912, 0.0, -10.121143341064453], [0.6743068099021912, 0.7384513020515442, 0.0, -2105.695556640625], [0.0, 0.0, 1.0, 0.0], [0.0, 0.0, 0.0, 1.0]], "cam_ids": [0, 1, 2, 3, 4, 5], "cam_channels": ["CAM_FRONT_LEFT", "CAM_FRONT", "CAM_FRONT_RIGHT", "CAM_BACK_LEFT", "CAM_BACK", "CAM_BACK_RIGHT"], "token": "21e314927223494db845b1271d050a6f", "scene": "scene-0432"}, {"images": ["samples/CAM_FRONT_LEFT/n015-2018-10-08-15-52-24+0800__CAM_FRONT_LEFT__1538985503754844.jpg", "samples/CAM_FRONT/n015-2018-10-08-15-52-24+0800__CAM_FRONT__1538985503762460.jpg", "samples/CAM_FRONT_RIGHT/n015-2018-10-08-15-52-24+0800__CAM_FRONT_RIGHT__1538985503770339.jpg", "samples/CAM_BACK_LEFT/n015-2018-10-08-15-52-24+0800__CAM_BACK_LEFT__1538985503797423.jpg", "samples/CAM_BACK/n015-2018-10-08-15-52-24+0800__CAM_BACK__1538985503787525.jpg", "samples/CAM_BACK_RIGHT/n015-2018-10-08-15-52-24+0800__CAM_BACK_RIGHT__1538985503777893.jpg"], "intrinsics": [[[1272.5979470598488, 0.0, 826.6154927353808], [0.0, 1272.5979470598488, 479.75165386361925], [0.0, 0.0, 1.0]], [[1266.417203046554, 0.0, 816.2670197447984], [0.0, 1266.417203046554, 491.50706579294757], [0.0, 0.0, 1.0]], [[1260.8474446004698, 0.0, 807.968244525554], [0.0, 1260.8474446004698, 495.3344268742088], [0.0, 0.0, 1.0]], [[1256.7414812095406, 0.0, 792.1125740759628], [0.0, 1256.7414812095406, 492.7757465151356], [0.0, 0.0, 1.0]], [[809.2209905677063, 0.0, 829.2196003259838], [0.0, 809.2209905677063, 481.77842384512485], [0.0, 0.0, 1.0]], [[1259.5137405846733, 0.0, 807.2529053838625], [0.0, 1259.5137405846733, 501.19579884916527], [0.0, 0.0, 1.0]]], "extrinsics": [[[0.8249095678329468, -0.5647755265235901, 0.023510295897722244, -0.7691650390625], [0.003932537045329809, -0.035856738686561584, -0.9993491768836975, 1.5091705322265625], [0.5652509927749634, 0.824465274810791, -0.027357567101716995, -1.1455078125], [0.0, 0.0, 0.0, 1.0]], [[0.011649608612060547, -0.999136209487915, 0.039887525141239166, 0.00732421875], [-0.0016191717004403472, -0.03990903124213219, -0.9992020726203918, 1.5202102661132812], [0.9999307990074158, 0.011575751006603241, -0.0020826978143304586, -1.4966583251953125], [0.0, 0.0, 0.0, 1.0]], [[-0.8303488492965698, -0.5571602582931519, 0.009645272046327591, 0.90625], [0.0036066605243831873, -0.022682005539536476, -0.9997361898422241, 1.5041923522949219], [0.5572320818901062, -0.8300950527191162, 0.020843468606472015, -1.163818359375], [0.0, 0.0, 0.0, 1.0]], [[0.9478354454040527, 0.3186941146850586, -0.006474561057984829, -1.14013671875], [0.01109223160892725, -0.0532754585146904, -0.9985182285308838, 1.5885772705078125], [-0.31856685876846313, 0.9463591575622559, -0.05403140187263489, -0.104248046875], [0.0, 0.0, 0.0, 1.0]], [[0.0009969496168196201, 0.9990671277046204, -0.043173648416996, 0.002685546875], [-0.013833618722856045, -0.04315575957298279, -0.9989725947380066, 1.578582763671875], [-0.9999037384986877, 0.0015931909438222647, 0.013777690008282661, -0.0548553466796875], [0.0, 0.0, 0.0, 1.0]], [[-0.935864269733429, 0.3512701690196991, -0.027700666338205338, 1.0330810546875], [0.019196342676877975, -0.027670392766594887, -0.9994328022003174, 1.5535659790039062], [-0.3518374264240265, -0.9358651638031006, 0.019152628257870674, -0.102294921875], [0.0, 0.0, 0.0, 1.0]]], "view": [[0.0, -2.0, 100.0], [-2.0, 0.0, 100.0], [0.0, 0.0, 1.0]], "bev": "bev_a7396a28277b459b8fc968867703694e.png", "aux": "aux_a7396a28277b459b8fc968867703694e.npz", "visibility": "visibility_a7396a28277b459b8fc968867703694e.png", "pose": [[0.6779360771179199, 0.7351208329200745, 0.0, 1429.2950439453125], [-0.7351208329200745, 0.6779360771179199, 0.0, 1546.1971435546875], [0.0, 0.0, 1.0, 0.0], [0.0, 0.0, 0.0, 1.0]], "pose_inverse": [[0.6779360771179199, -0.7351208329200745, 0.0, 167.67105102539062], [0.7351208329200745, 0.6779360771179199, 0.0, -2098.927490234375], [0.0, 0.0, 1.0, 0.0], [0.0, 0.0, 0.0, 1.0]], "cam_ids": [0, 1, 2, 3, 4, 5], "cam_channels": ["CAM_FRONT_LEFT", "CAM_FRONT", "CAM_FRONT_RIGHT", "CAM_BACK_LEFT", "CAM_BACK", "CAM_BACK_RIGHT"], "token": "a7396a28277b459b8fc968867703694e", "scene": "scene-0432"}, {"images": ["samples/CAM_FRONT_LEFT/n015-2018-10-08-15-52-24+0800__CAM_FRONT_LEFT__1538985504254844.jpg", "samples/CAM_FRONT/n015-2018-10-08-15-52-24+0800__CAM_FRONT__1538985504262460.jpg", "samples/CAM_FRONT_RIGHT/n015-2018-10-08-15-52-24+0800__CAM_FRONT_RIGHT__1538985504270360.jpg", "samples/CAM_BACK_LEFT/n015-2018-10-08-15-52-24+0800__CAM_BACK_LEFT__1538985504297423.jpg", "samples/CAM_BACK/n015-2018-10-08-15-52-24+0800__CAM_BACK__1538985504287525.jpg", "samples/CAM_BACK_RIGHT/n015-2018-10-08-15-52-24+0800__CAM_BACK_RIGHT__1538985504277893.jpg"], "intrinsics": [[[1272.5979470598488, 0.0, 826.6154927353808], [0.0, 1272.5979470598488, 479.75165386361925], [0.0, 0.0, 1.0]], [[1266.417203046554, 0.0, 816.2670197447984], [0.0, 1266.417203046554, 491.50706579294757], [0.0, 0.0, 1.0]], [[1260.8474446004698, 0.0, 807.968244525554], [0.0, 1260.8474446004698, 495.3344268742088], [0.0, 0.0, 1.0]], [[1256.7414812095406, 0.0, 792.1125740759628], [0.0, 1256.7414812095406, 492.7757465151356], [0.0, 0.0, 1.0]], [[809.2209905677063, 0.0, 829.2196003259838], [0.0, 809.2209905677063, 481.77842384512485], [0.0, 0.0, 1.0]], [[1259.5137405846733, 0.0, 807.2529053838625], [0.0, 1259.5137405846733, 501.19579884916527], [0.0, 0.0, 1.0]]], "extrinsics": [[[0.8240763545036316, -0.5660187005996704, 0.0228266604244709, -0.7598876953125], [0.0003043019969481975, -0.039853375405073166, -0.999205470085144, 1.5082778930664062], [0.5664786696434021, 0.8234285116195679, -0.03266998007893562, -1.1378173828125], [0.0, 0.0, 0.0, 1.0]], [[0.010412415489554405, -0.9989714622497559, 0.04413067176938057, 0.00634765625], [-0.00492771016433835, -0.04418379068374634, -0.9990112781524658, 1.5194931030273438], [0.9999336004257202, 0.010184596292674541, -0.0053826975636184216, -1.486480712890625], [0.0, 0.0, 0.0, 1.0]], [[-0.8309354186058044, -0.5561784505844116, 0.014552979730069637, 0.89874267578125], [0.000703922298271209, -0.027208000421524048, -0.9996294975280762, 1.5037422180175781], [0.556368350982666, -0.8306174278259277, 0.0229995995759964, -1.1597900390625], [0.0, 0.0, 0.0, 1.0]], [[0.9478790163993835, 0.31849318742752075, -0.00935221929103136, -1.1385498046875], [0.009740904904901981, -0.058302879333496094, -0.9982513785362244, 1.588592529296875], [-0.3184814155101776, 0.9461305141448975, -0.05836648866534233, -0.10498046875], [0.0, 0.0, 0.0, 1.0]], [[0.001364711206406355, 0.9988426566123962, -0.04807715862989426, 0.003173828125], [-0.015799975022673607, -0.04804966226220131, -0.9987199902534485, 1.5783767700195312], [-0.9998742341995239, 0.0021226031240075827, 0.01571611501276493, -0.059478759765625], [0.0, 0.0, 0.0, 1.0]], [[-0.9356420636177063, 0.35191285610198975, -0.02704181708395481, 1.0269775390625], [0.016695231199264526, -0.03240315616130829, -0.9993354082107544, 1.5533981323242188], [-0.3525552749633789, -0.935471773147583, 0.024442492052912712, -0.1051025390625], [0.0, 0.0, 0.0, 1.0]]], "view": [[0.0, -2.0, 100.0], [-2.0, 0.0, 100.0], [0.0, 0.0, 1.0]], "bev": "bev_1b961cf9cba64cc9b9752c7f916495b4.png", "aux": "aux_1b961cf9cba64cc9b9752c7f916495b4.npz", "visibility": "visibility_1b961cf9cba64cc9b9752c7f916495b4.png", "pose": [[0.6166864037513733, 0.7872089147567749, 0.0, 1431.1510009765625], [-0.7872089147567749, 0.6166864037513733, 0.0, 1544.0028076171875], [0.0, 0.0, 1.0, 0.0], [0.0, 0.0, 0.0, 1.0]], "pose_inverse": [[0.6166864037513733, -0.7872089147567749, 0.0, 332.8814697265625], [0.7872089147567749, 0.6166864037513733, 0.0, -2078.7802734375], [0.0, 0.0, 1.0, 0.0], [0.0, 0.0, 0.0, 1.0]], "cam_ids": [0, 1, 2, 3, 4, 5], "cam_channels": ["CAM_FRONT_LEFT", "CAM_FRONT", "CAM_FRONT_RIGHT", "CAM_BACK_LEFT", "CAM_BACK", "CAM_BACK_RIGHT"], "token": "1b961cf9cba64cc9b9752c7f916495b4", "scene": "scene-0432"}, {"images": ["samples/CAM_FRONT_LEFT/n015-2018-10-08-15-52-24+0800__CAM_FRONT_LEFT__1538985504754844.jpg", "samples/CAM_FRONT/n015-2018-10-08-15-52-24+0800__CAM_FRONT__1538985504762460.jpg", "samples/CAM_FRONT_RIGHT/n015-2018-10-08-15-52-24+0800__CAM_FRONT_RIGHT__1538985504770339.jpg", "samples/CAM_BACK_LEFT/n015-2018-10-08-15-52-24+0800__CAM_BACK_LEFT__1538985504797423.jpg", "samples/CAM_BACK/n015-2018-10-08-15-52-24+0800__CAM_BACK__1538985504787525.jpg", "samples/CAM_BACK_RIGHT/n015-2018-10-08-15-52-24+0800__CAM_BACK_RIGHT__1538985504777893.jpg"], "intrinsics": [[[1272.5979470598488, 0.0, 826.6154927353808], [0.0, 1272.5979470598488, 479.75165386361925], [0.0, 0.0, 1.0]], [[1266.417203046554, 0.0, 816.2670197447984], [0.0, 1266.417203046554, 491.50706579294757], [0.0, 0.0, 1.0]], [[1260.8474446004698, 0.0, 807.968244525554], [0.0, 1260.8474446004698, 495.3344268742088], [0.0, 0.0, 1.0]], [[1256.7414812095406, 0.0, 792.1125740759628], [0.0, 1256.7414812095406, 492.7757465151356], [0.0, 0.0, 1.0]], [[809.2209905677063, 0.0, 829.2196003259838], [0.0, 809.2209905677063, 481.77842384512485], [0.0, 0.0, 1.0]], [[1259.5137405846733, 0.0, 807.2529053838625], [0.0, 1259.5137405846733, 501.19579884916527], [0.0, 0.0, 1.0]]], "extrinsics": [[[0.8235202431678772, -0.5667005181312561, 0.025785384699702263, -0.7530517578125], [0.0014076796360313892, -0.04341234266757965, -0.9990562796592712, 1.508575439453125], [0.5672851204872131, 0.8227794170379639, -0.03495321422815323, -1.13330078125], [0.0, 0.0, 0.0, 1.0]], [[0.009584663435816765, -0.9988285899162292, 0.0474301315844059, 0.006591796875], [-0.004130409564822912, -0.04747144877910614, -0.9988640546798706, 1.5196304321289062], [0.9999454617500305, 0.009377979673445225, -0.004580574110150337, -1.479766845703125], [0.0, 0.0, 0.0, 1.0]], [[-0.8312969207763672, -0.5556033849716187, 0.01581592485308647, 0.8946533203125], [0.0011820746585726738, -0.030221810564398766, -0.9995424747467041, 1.5038375854492188], [0.555827260017395, -0.8308980464935303, 0.02578006684780121, -1.1571044921875], [0.0, 0.0, 0.0, 1.0]], [[0.9478349685668945, 0.31858131289482117, -0.010714366100728512, -1.13916015625], [0.009024837985634804, -0.060419145971536636, -0.9981322884559631, 1.588592529296875], [-0.3186336159706116, 0.9459680318832397, -0.06014252454042435, -0.1044921875], [0.0, 0.0, 0.0, 1.0]], [[0.001630907878279686, 0.9987223744392395, -0.05050726234912872, 0.0029296875], [-0.016080031171441078, -0.050474610179662704, -0.9985958933830261, 1.5783309936523438], [-0.9998693466186523, 0.0024408241733908653, 0.0159771665930748, -0.06103515625], [0.0, 0.0, 0.0, 1.0]], [[-0.9354680776596069, 0.3522875905036926, -0.028159616515040398, 1.023681640625], [0.01684158481657505, -0.035151541233062744, -0.9992401003837585, 1.5534744262695312], [-0.3530097007751465, -0.9352314472198486, 0.026950061321258545, -0.1063232421875], [0.0, 0.0, 0.0, 1.0]]], "view": [[0.0, -2.0, 100.0], [-2.0, 0.0, 100.0], [0.0, 0.0, 1.0]], "bev": "bev_eabe7f4f9a1d4da483f231d12a01c935.png", "aux": "aux_eabe7f4f9a1d4da483f231d12a01c935.npz", "visibility": "visibility_eabe7f4f9a1d4da483f231d12a01c935.png", "pose": [[0.5622323155403137, 0.8269793391227722, 0.0, 1432.9051513671875], [-0.8269793391227722, 0.5622323155403137, 0.0, 1541.591796875], [0.0, 0.0, 1.0, 0.0], [0.0, 0.0, 0.0, 1.0]], "pose_inverse": [[0.5622323155403137, -0.8269793391227722, 0.0, 469.2389831542969], [0.8269793391227722, 0.5622323155403137, 0.0, -2051.715576171875], [0.0, 0.0, 1.0, 0.0], [0.0, 0.0, 0.0, 1.0]], "cam_ids": [0, 1, 2, 3, 4, 5], "cam_channels": ["CAM_FRONT_LEFT", "CAM_FRONT", "CAM_FRONT_RIGHT", "CAM_BACK_LEFT", "CAM_BACK", "CAM_BACK_RIGHT"], "token": "eabe7f4f9a1d4da483f231d12a01c935", "scene": "scene-0432"}, {"images": ["samples/CAM_FRONT_LEFT/n015-2018-10-08-15-52-24+0800__CAM_FRONT_LEFT__1538985505254844.jpg", "samples/CAM_FRONT/n015-2018-10-08-15-52-24+0800__CAM_FRONT__1538985505262460.jpg", "samples/CAM_FRONT_RIGHT/n015-2018-10-08-15-52-24+0800__CAM_FRONT_RIGHT__1538985505270339.jpg", "samples/CAM_BACK_LEFT/n015-2018-10-08-15-52-24+0800__CAM_BACK_LEFT__1538985505297423.jpg", "samples/CAM_BACK/n015-2018-10-08-15-52-24+0800__CAM_BACK__1538985505287525.jpg", "samples/CAM_BACK_RIGHT/n015-2018-10-08-15-52-24+0800__CAM_BACK_RIGHT__1538985505277893.jpg"], "intrinsics": [[[1272.5979470598488, 0.0, 826.6154927353808], [0.0, 1272.5979470598488, 479.75165386361925], [0.0, 0.0, 1.0]], [[1266.417203046554, 0.0, 816.2670197447984], [0.0, 1266.417203046554, 491.50706579294757], [0.0, 0.0, 1.0]], [[1260.8474446004698, 0.0, 807.968244525554], [0.0, 1260.8474446004698, 495.3344268742088], [0.0, 0.0, 1.0]], [[1256.7414812095406, 0.0, 792.1125740759628], [0.0, 1256.7414812095406, 492.7757465151356], [0.0, 0.0, 1.0]], [[809.2209905677063, 0.0, 829.2196003259838], [0.0, 809.2209905677063, 481.77842384512485], [0.0, 0.0, 1.0]], [[1259.5137405846733, 0.0, 807.2529053838625], [0.0, 1259.5137405846733, 501.19579884916527], [0.0, 0.0, 1.0]]], "extrinsics": [[[0.8222215175628662, -0.5687201619148254, 0.022564781829714775, -0.74755859375], [0.0006772400811314583, -0.03866763040423393, -0.9992519021034241, 1.5083999633789062], [0.5691672563552856, 0.8216216564178467, -0.031408194452524185, -1.12890625], [0.0, 0.0, 0.0, 1.0]], [[0.007692111190408468, -0.9990548491477966, 0.04278070852160454, 0.006103515625], [-0.004518887028098106, -0.042816270142793655, -0.9990727305412292, 1.51953125], [0.99996018409729, 0.007491644471883774, -0.004843961913138628, -1.47467041015625], [0.0, 0.0, 0.0, 1.0]], [[-0.8321222066879272, -0.5544337630271912, 0.013263639062643051, 0.89178466796875], [0.0011813152814283967, -0.025687923654913902, -0.9996693134307861, 1.5038337707519531], [0.5545910596847534, -0.8318313360214233, 0.022030452266335487, -1.1553955078125], [0.0, 0.0, 0.0, 1.0]], [[0.9479473829269409, 0.3183209002017975, -0.008220093324780464, -1.1425933837890625], [0.01017864141613245, -0.05609291046857834, -0.9983736872673035, 1.588531494140625], [-0.3182642161846161, 0.9463220834732056, -0.0564132034778595, -0.103271484375], [0.0, 0.0, 0.0, 1.0]], [[0.0021828378085047007, 0.9989321231842041, -0.046151190996170044, 0.0029296875], [-0.01533093024045229, -0.04611244425177574, -0.998818576335907, 1.5784072875976562], [-0.9998800754547119, 0.002887764945626259, 0.01521390210