[{"images": ["samples/CAM_FRONT_LEFT/n015-2018-11-21-19-38-26+0800__CAM_FRONT_LEFT__1542800387904844.jpg", "samples/CAM_FRONT/n015-2018-11-21-19-38-26+0800__CAM_FRONT__1542800387912460.jpg", "samples/CAM_FRONT_RIGHT/n015-2018-11-21-19-38-26+0800__CAM_FRONT_RIGHT__1542800387920339.jpg", "samples/CAM_BACK_LEFT/n015-2018-11-21-19-38-26+0800__CAM_BACK_LEFT__1542800387947423.jpg", "samples/CAM_BACK/n015-2018-11-21-19-38-26+0800__CAM_BACK__1542800387937525.jpg", "samples/CAM_BACK_RIGHT/n015-2018-11-21-19-38-26+0800__CAM_BACK_RIGHT__1542800387927893.jpg"], "intrinsics": [[[1272.5979470598488, 0.0, 826.6154927353808], [0.0, 1272.5979470598488, 479.75165386361925], [0.0, 0.0, 1.0]], [[1266.417203046554, 0.0, 816.2670197447984], [0.0, 1266.417203046554, 491.50706579294757], [0.0, 0.0, 1.0]], [[1260.8474446004698, 0.0, 807.968244525554], [0.0, 1260.8474446004698, 495.3344268742088], [0.0, 0.0, 1.0]], [[1256.7414812095406, 0.0, 792.1125740759628], [0.0, 1256.7414812095406, 492.7757465151356], [0.0, 0.0, 1.0]], [[809.2209905677063, 0.0, 829.2196003259838], [0.0, 809.2209905677063, 481.77842384512485], [0.0, 0.0, 1.0]], [[1259.5137405846733, 0.0, 807.2529053838625], [0.0, 1259.5137405846733, 501.19579884916527], [0.0, 0.0, 1.0]]], "extrinsics": [[[0.8223537802696228, -0.5688943862915039, -0.009667680598795414, -0.4317626953125], [-0.012014995329082012, -0.00037545504164882004, -0.9999276995658875, 1.5004749298095703], [0.5688496828079224, 0.822410523891449, -0.007144019473344088, -0.9139404296875], [0.0, 0.0, 0.0, 1.0]], [[0.008007367141544819, -0.9999592304229736, 0.00415430823341012, 0.0111083984375], [-0.016891080886125565, -0.0042891050688922405, -0.9998481869697571, 1.5115610361099243], [0.9998252987861633, 0.007935911417007446, -0.01692473515868187, -1.160888671875], [0.0, 0.0, 0.0, 1.0]], [[-0.8320006132125854, -0.554771900177002, 0.0017795413732528687, 0.68988037109375], [-0.010872446931898594, 0.013098355382680893, -0.999855101108551, 1.4991416931152344], [0.554668128490448, -0.8318993449211121, -0.016929566860198975, -1.0186767578125], [0.0, 0.0, 0.0, 1.0]], [[0.9472208023071289, 0.32052791118621826, -0.005872050765901804, -1.140925407409668], [-0.0005650568637065589, -0.016647549346089363, -0.9998612403869629, 1.588571548461914], [-0.32058119773864746, 0.9470927715301514, -0.015587789006531239, -0.10546875], [0.0, 0.0, 0.0, 1.0]], [[0.001447624759748578, 0.9999752044677734, -0.00688603799790144, 0.00244140625], [-0.026593156158924103, -0.006845113821327686, -0.9996229410171509, 1.5753068923950195], [-0.9996453523635864, 0.0016302354633808136, 0.026582587510347366, -0.150390625], [0.0, 0.0, 0.0, 1.0]], [[-0.9352929592132568, 0.353867769241333, -0.0021778137888759375, 0.8570556640625], [0.005453542340546846, 0.008260011672973633, -0.9999510049819946, 1.5530672073364258], [-0.353832483291626, -0.9352589845657349, -0.009655364789068699, -0.1683349609375], [0.0, 0.0, 0.0, 1.0]]], "view": [[0.0, -2.0, 100.0], [-2.0, 0.0, 100.0], [0.0, 0.0, 1.0]], "bev": "bev_e54a957358954c2fbec96cd497f19e0b.png", "aux": "aux_e54a957358954c2fbec96cd497f19e0b.npz", "visibility": "visibility_e54a957358954c2fbec96cd497f19e0b.png", "pose": [[0.7474827766418457, 0.6642811894416809, 0.0, 793.45166015625], [-0.6642811894416809, 0.7474827766418457, 0.0, 1840.539306640625], [0.0, 0.0, 1.0, 0.0], [0.0, 0.0, 0.0, 1.0]], "pose_inverse": [[0.7474827766418457, -0.6642811894416809, 0.0, 629.544189453125], [0.6642811894416809, 0.7474827766418457, 0.0, -1902.846435546875], [0.0, 0.0, 1.0, 0.0], [0.0, 0.0, 0.0, 1.0]], "cam_ids": [0, 1, 2, 3, 4, 5], "cam_channels": ["CAM_FRONT_LEFT", "CAM_FRONT", "CAM_FRONT_RIGHT", "CAM_BACK_LEFT", "CAM_BACK", "CAM_BACK_RIGHT"], "token": "e54a957358954c2fbec96cd497f19e0b", "scene": "scene-1078"}, {"images": ["samples/CAM_FRONT_LEFT/n015-2018-11-21-19-38-26+0800__CAM_FRONT_LEFT__1542800388404844.jpg", "samples/CAM_FRONT/n015-2018-11-21-19-38-26+0800__CAM_FRONT__1542800388412460.jpg", "samples/CAM_FRONT_RIGHT/n015-2018-11-21-19-38-26+0800__CAM_FRONT_RIGHT__1542800388420339.jpg", "samples/CAM_BACK_LEFT/n015-2018-11-21-19-38-26+0800__CAM_BACK_LEFT__1542800388447423.jpg", "samples/CAM_BACK/n015-2018-11-21-19-38-26+0800__CAM_BACK__1542800388437525.jpg", "samples/CAM_BACK_RIGHT/n015-2018-11-21-19-38-26+0800__CAM_BACK_RIGHT__1542800388427893.jpg"], "intrinsics": [[[1272.5979470598488, 0.0, 826.6154927353808], [0.0, 1272.5979470598488, 479.75165386361925], [0.0, 0.0, 1.0]], [[1266.417203046554, 0.0, 816.2670197447984], [0.0, 1266.417203046554, 491.50706579294757], [0.0, 0.0, 1.0]], [[1260.8474446004698, 0.0, 807.968244525554], [0.0, 1260.8474446004698, 495.3344268742088], [0.0, 0.0, 1.0]], [[1256.7414812095406, 0.0, 792.1125740759628], [0.0, 1256.7414812095406, 492.7757465151356], [0.0, 0.0, 1.0]], [[809.2209905677063, 0.0, 829.2196003259838], [0.0, 809.2209905677063, 481.77842384512485], [0.0, 0.0, 1.0]], [[1259.5137405846733, 0.0, 807.2529053838625], [0.0, 1259.5137405846733, 501.19579884916527], [0.0, 0.0, 1.0]]], "extrinsics": [[[0.8214622735977173, -0.5697522759437561, -0.024123702198266983, -0.429931640625], [-0.0218737181276083, 0.010790809988975525, -0.999702513217926, 1.4940185546875], [0.5698431134223938, 0.8217456340789795, -0.0035983575507998466, -0.91357421875], [0.0, 0.0, 0.0, 1.0]], [[0.0070037515833973885, -0.9999537467956543, -0.006594822276383638, 0.0115966796875], [-0.027209853753447533, 0.006401970516890287, -0.9996092915534973, 1.5060195922851562], [0.999605119228363, 0.007180472835898399, -0.027163757011294365, -1.15997314453125], [0.0, 0.0, 0.0, 1.0]], [[-0.8323785066604614, -0.5541839003562927, 0.005118065979331732, 0.68988037109375], [-0.02165036089718342, 0.023287972435355186, -0.9994943141937256, 1.4946556091308594], [0.5537843704223633, -0.8320684432983398, -0.031382687389850616, -1.01806640625], [0.0, 0.0, 0.0, 1.0]], [[0.9472925066947937, 0.3200375437736511, -0.0145872188732028, -1.1444969177246094], [-0.012796749360859394, -0.007696995045989752, -0.9998884797096252, 1.5885915756225586], [-0.3201141059398651, 0.9473735690116882, -0.0031958655454218388, -0.104248046875], [0.0, 0.0, 0.0, 1.0]], [[0.0017847777344286442, 0.9999955892562866, 0.0023624415043741465, 0.0020751953125], [-0.03834646940231323, 0.002429147018119693, -0.9992615580558777, 1.5735702514648438], [-0.9992628693580627, 0.0016928543336689472, 0.03835063427686691, -0.14886474609375], [0.0, 0.0, 0.0, 1.0]], [[-0.9350510835647583, 0.3543175756931305, 0.011770383454859257, 0.8570556640625], [-0.005775663070380688, 0.017971860244870186, -0.9998218417167664, 1.5497016906738281], [-0.3544659912586212, -0.934952437877655, -0.014758190140128136, -0.1676025390625], [0.0, 0.0, 0.0, 1.0]]], "view": [[0.0, -2.0, 100.0], [-2.0, 0.0, 100.0], [0.0, 0.0, 1.0]], "bev": "bev_20aba38d9282426f8286bf3917bae0be.png", "aux": "aux_20aba38d9282426f8286bf3917bae0be.npz", "visibility": "visibility_20aba38d9282426f8286bf3917bae0be.png", "pose": [[0.7438632845878601, 0.6683318018913269, 0.0, 799.1320190429688], [-0.6683318018913269, 0.7438632845878601, 0.0, 1835.476806640625], [0.0, 0.0, 1.0, 0.0], [0.0, 0.0, 0.0, 1.0]], "pose_inverse": [[0.7438632845878601, -0.6683318018913269, 0.0, 632.2625122070312], [0.6683318018913269, 0.7438632845878601, 0.0, -1899.42919921875], [0.0, 0.0, 1.0, 0.0], [0.0, 0.0, 0.0, 1.0]], "cam_ids": [0, 1, 2, 3, 4, 5], "cam_channels": ["CAM_FRONT_LEFT", "CAM_FRONT", "CAM_FRONT_RIGHT", "CAM_BACK_LEFT", "CAM_BACK", "CAM_BACK_RIGHT"], "token": "20aba38d9282426f8286bf3917bae0be", "scene": "scene-1078"}, {"images": ["samples/CAM_FRONT_LEFT/n015-2018-11-21-19-38-26+0800__CAM_FRONT_LEFT__1542800388904844.jpg", "samples/CAM_FRONT/n015-2018-11-21-19-38-26+0800__CAM_FRONT__1542800388912460.jpg", "samples/CAM_FRONT_RIGHT/n015-2018-11-21-19-38-26+0800__CAM_FRONT_RIGHT__1542800388920345.jpg", "samples/CAM_BACK_LEFT/n015-2018-11-21-19-38-26+0800__CAM_BACK_LEFT__1542800388947423.jpg", "samples/CAM_BACK/n015-2018-11-21-19-38-26+0800__CAM_BACK__1542800388937525.jpg", "samples/CAM_BACK_RIGHT/n015-2018-11-21-19-38-26+0800__CAM_BACK_RIGHT__1542800388927898.jpg"], "intrinsics": [[[1272.5979470598488, 0.0, 826.6154927353808], [0.0, 1272.5979470598488, 479.75165386361925], [0.0, 0.0, 1.0]], [[1266.417203046554, 0.0, 816.2670197447984], [0.0, 1266.417203046554, 491.50706579294757], [0.0, 0.0, 1.0]], [[1260.8474446004698, 0.0, 807.968244525554], [0.0, 1260.8474446004698, 495.3344268742088], [0.0, 0.0, 1.0]], [[1256.7414812095406, 0.0, 792.1125740759628], [0.0, 1256.7414812095406, 492.7757465151356], [0.0, 0.0, 1.0]], [[809.2209905677063, 0.0, 829.2196003259838], [0.0, 809.2209905677063, 481.77842384512485], [0.0, 0.0, 1.0]], [[1259.5137405846733, 0.0, 807.2529053838625], [0.0, 1259.5137405846733, 501.19579884916527], [0.0, 0.0, 1.0]]], "extrinsics": [[[0.820824384689331, -0.5706549882888794, -0.024500630795955658, -0.4307861328125], [-0.021232349798083305, 0.01238086074590683, -0.9996979236602783, 1.4944267272949219], [0.5707858800888062, 0.821096658706665, -0.001953831873834133, -0.9102783203125], [0.0, 0.0, 0.0, 1.0]], [[0.006100584752857685, -0.9999454617500305, -0.008474743925035, 0.0091552734375], [-0.026655863970518112, 0.00830928049981594, -0.9996101260185242, 1.506307601928711], [0.9996260404586792, 0.00632407097145915, -0.02660371921956539, -1.15887451171875], [0.0, 0.0, 0.0, 1.0]], [[-0.8327652812004089, -0.5536149740219116, 0.0035063386894762516, 0.6885986328125], [-0.021169690415263176, 0.02551407366991043, -0.9994502663612366, 1.4948806762695312], [0.5532212257385254, -0.8323817849159241, -0.03296709433197975, -1.019775390625], [0.0, 0.0, 0.0, 1.0]], [[0.9474570155143738, 0.3195824921131134, -0.013862323947250843, -1.1462801694869995], [-0.01299747359007597, -0.004838941618800163, -0.9999037981033325, 1.5886088609695435], [-0.3196188509464264, 0.9475460648536682, -0.00043092257692478597, -0.102783203125], [0.0, 0.0, 0.0, 1.0]], [[0.0021267642732709646, 0.9999847412109375, 0.005103321745991707, 0.0028076171875], [-0.03824478015303612, 0.005180935841053724, -0.9992550015449524, 1.5736198425292969], [-0.9992661476135254, 0.0019299787236377597, 0.03825521469116211, -0.14801025390625], [0.0, 0.0, 0.0, 1.0]], [[-0.9348727464675903, 0.3547685444355011, 0.012339337728917599, 0.857666015625], [-0.005418439861387014, 0.020495088770985603, -0.9997752904891968, 1.5498313903808594], [-0.35494178533554077, -0.9347295761108398, -0.017238005995750427, -0.1689453125], [0.0, 0.0, 0.0, 1.0]]], "view": [[0.0, -2.0, 100.0], [-2.0, 0.0, 100.0], [0.0, 0.0, 1.0]], "bev": "bev_c831ac037c0e4cd2b9fc737b31d5461d.png", "aux": "aux_c831ac037c0e4cd2b9fc737b31d5461d.npz", "visibility": "visibility_c831ac037c0e4cd2b9fc737b31d5461d.png", "pose": [[0.7377660870552063, 0.6750564575195312, 0.0, 804.8056030273438], [-0.6750564575195312, 0.7377660870552063, 0.0, 1830.291748046875], [0.0, 0.0, 1.0, 0.0], [0.0, 0.0, 0.0, 1.0]], "pose_inverse": [[0.7377660870552063, -0.6750564575195312, 0.0, 641.7919921875], [0.6750564575195312, 0.7377660870552063, 0.0, -1893.6163330078125], [0.0, 0.0, 1.0, 0.0], [0.0, 0.0, 0.0, 1.0]], "cam_ids": [0, 1, 2, 3, 4, 5], "cam_channels": ["CAM_FRONT_LEFT", "CAM_FRONT", "CAM_FRONT_RIGHT", "CAM_BACK_LEFT", "CAM_BACK", "CAM_BACK_RIGHT"], "token": "c831ac037c0e4cd2b9fc737b31d5461d", "scene": "scene-1078"}, {"images": ["samples/CAM_FRONT_LEFT/n015-2018-11-21-19-38-26+0800__CAM_FRONT_LEFT__1542800389404844.jpg", "samples/CAM_FRONT/n015-2018-11-21-19-38-26+0800__CAM_FRONT__1542800389412460.jpg", "samples/CAM_FRONT_RIGHT/n015-2018-11-21-19-38-26+0800__CAM_FRONT_RIGHT__1542800389420339.jpg", "samples/CAM_BACK_LEFT/n015-2018-11-21-19-38-26+0800__CAM_BACK_LEFT__1542800389447423.jpg", "samples/CAM_BACK/n015-2018-11-21-19-38-26+0800__CAM_BACK__1542800389437525.jpg", "samples/CAM_BACK_RIGHT/n015-2018-11-21-19-38-26+0800__CAM_BACK_RIGHT__1542800389427893.jpg"], "intrinsics": [[[1272.5979470598488, 0.0, 826.6154927353808], [0.0, 1272.5979470598488, 479.75165386361925], [0.0, 0.0, 1.0]], [[1266.417203046554, 0.0, 816.2670197447984], [0.0, 1266.417203046554, 491.50706579294757], [0.0, 0.0, 1.0]], [[1260.8474446004698, 0.0, 807.968244525554], [0.0, 1260.8474446004698, 495.3344268742088], [0.0, 0.0, 1.0]], [[1256.7414812095406, 0.0, 792.1125740759628], [0.0, 1256.7414812095406, 492.7757465151356], [0.0, 0.0, 1.0]], [[809.2209905677063, 0.0, 829.2196003259838], [0.0, 809.2209905677063, 481.77842384512485], [0.0, 0.0, 1.0]], [[1259.5137405846733, 0.0, 807.2529053838625], [0.0, 1259.5137405846733, 501.19579884916527], [0.0, 0.0, 1.0]]], "extrinsics": [[[0.8217924237251282, -0.5692849159240723, -0.023914899677038193, -0.4202880859375], [-0.023593781515955925, 0.007936793379485607, -0.9996901154518127, 1.4926490783691406], [0.569298267364502, 0.8221020102500916, -0.006909186951816082, -0.9088134765625], [0.0, 0.0, 0.0, 1.0]], [[0.0075124832801520824, -0.9999626874923706, -0.004253341816365719, 0.0130615234375], [-0.029016390442848206, 0.004033680539578199, -0.9995708465576172, 1.50482177734375], [0.9995507001876831, 0.007632774766534567, -0.028985006734728813, -1.15167236328125], [0.0, 0.0, 0.0, 1.0]], [[-0.8321459889411926, -0.5545029044151306, 0.007724025286734104, 0.685882568359375], [-0.02355552837252617, 0.021427353844046593, -0.999492883682251, 1.4937248229980469], [0.5540561676025391, -0.8319059014320374, -0.03089229390025139, -1.014404296875], [0.0, 0.0, 0.0, 1.0]], [[0.9474864602088928, 0.31931543350219727, -0.017523039132356644, -1.1452360153198242], [-0.015593734569847584, -0.00859778467565775, -0.9998413920402527, 1.588599681854248], [-0.319415420293808, 0.9476094245910645, -0.003166963579133153, -0.101318359375], [0.0, 0.0, 0.0, 1.0]], [[0.001740403356961906, 0.9999976754188538, 0.00126277981325984, 0.002197265625], [-0.040663864463567734, 0.0013325121253728867, -0.9991719722747803, 1.5732173919677734], [-0.9991713166236877, 0.0016876263543963432, 0.040666092187166214, -0.14898681640625], [0.0, 0.0, 0.0, 1.0]], [[-0.9351298213005066, 0.3540605306625366, 0.013163781724870205, 0.854248046875], [-0.007798334583640099, 0.016576586291193962, -0.9998321533203125, 1.5490646362304688], [-0.35421934723854065, -0.935075581073761, -0.012740178033709526, -0.16796875], [0.0, 0.0, 0.0, 1.0]]], "view": [[0.0, -2.0, 100.0], [-2.0, 0.0, 100.0], [0.0, 0.0, 1.0]], "bev": "bev_85f0dbae9a7b417e91341ff369bd1a99.png", "aux": "aux_85f0dbae9a7b417e91341ff369bd1a99.npz", "visibility": "visibility_85f0dbae9a7b417e91341ff369bd1a99.png", "pose": [[0.7320132255554199, 0.6812903881072998, 0.0, 810.4700927734375], [-0.6812903881072998, 0.7320132255554199, 0.0, 1825.0244140625], [0.0, 0.0, 1.0, 0.0], [0.0, 0.0, 0.0, 1.0]], "pose_inverse": [[0.7320132255554199, -0.6812903881072998, 0.0, 650.0967407226562], [0.6812903881072998, 0.7320132255554199, 0.0, -1888.1075439453125], [0.0, 0.0, 1.0, 0.0], [0.0, 0.0, 0.0, 1.0]], "cam_ids": [0, 1, 2, 3, 4, 5], "cam_channels": ["CAM_FRONT_LEFT", "CAM_FRONT", "CAM_FRONT_RIGHT", "CAM_BACK_LEFT", "CAM_BACK", "CAM_BACK_RIGHT"], "token": "85f0dbae9a7b417e91341ff369bd1a99", "scene": "scene-1078"}, {"images": ["samples/CAM_FRONT_LEFT/n015-2018-11-21-19-38-26+0800__CAM_FRONT_LEFT__1542800389904844.jpg", "samples/CAM_FRONT/n015-2018-11-21-19-38-26+0800__CAM_FRONT__1542800389912460.jpg", "samples/CAM_FRONT_RIGHT/n015-2018-11-21-19-38-26+0800__CAM_FRONT_RIGHT__1542800389920339.jpg", "samples/CAM_BACK_LEFT/n015-2018-11-21-19-38-26+0800__CAM_BACK_LEFT__1542800389947423.jpg", "samples/CAM_BACK/n015-2018-11-21-19-38-26+0800__CAM_BACK__1542800389937525.jpg", "samples/CAM_BACK_RIGHT/n015-2018-11-21-19-38-26+0800__CAM_BACK_RIGHT__1542800389927893.jpg"], "intrinsics": [[[1272.5979470598488, 0.0, 826.6154927353808], [0.0, 1272.5979470598488, 479.75165386361925], [0.0, 0.0, 1.0]], [[1266.417203046554, 0.0, 816.2670197447984], [0.0, 1266.417203046554, 491.50706579294757], [0.0, 0.0, 1.0]], [[1260.8474446004698, 0.0, 807.968244525554], [0.0, 1260.8474446004698, 495.3344268742088], [0.0, 0.0, 1.0]], [[1256.7414812095406, 0.0, 792.1125740759628], [0.0, 1256.7414812095406, 492.7757465151356], [0.0, 0.0, 1.0]], [[809.2209905677063, 0.0, 829.2196003259838], [0.0, 809.2209905677063, 481.77842384512485], [0.0, 0.0, 1.0]], [[1259.5137405846733, 0.0, 807.2529053838625], [0.0, 1259.5137405846733, 501.19579884916527], [0.0, 0.0, 1.0]]], "extrinsics": [[[0.8215383887290955, -0.569649338722229, -0.02396613359451294, -0.4183349609375], [-0.02989230304956436, -0.0010572498431429267, -0.9995525479316711, 1.488382339477539], [0.5693690776824951, 0.821887195110321, -0.017896700650453568, -0.9027099609375], [0.0, 0.0, 0.0, 1.0]], [[0.007409337442368269, -0.9999615550041199, 0.004687180742621422, 0.010009765625], [-0.035026174038648605, -0.004943959414958954, -0.9993742108345032, 1.501460075378418], [0.9993588328361511, 0.007240567822009325, -0.03506145626306534, -1.1478271484375], [0.0, 0.0, 0.0, 1.0]], [[-0.8320925235748291, -0.5543622374534607, 0.01745135523378849, 0.6824951171875], [-0.02926580421626568, 0.01246357336640358, -0.9994939565658569, 1.4913177490234375], [0.5538641810417175, -0.8321821689605713, -0.026594702154397964, -1.014892578125], [0.0, 0.0, 0.0, 1.0]], [[0.947333574295044, 0.31930872797966003, -0.024518651887774467, -1.1445503234863281], [-0.020084889605641365, -0.01717146299779415, -0.9996508359909058, 1.5885982513427734], [-0.31961822509765625, 0.9474952220916748, -0.009853824973106384, -0.10205078125], [0.0, 0.0, 0.0, 1.0]], [[0.001623989548534155, 0.9999702572822571, -0.007538715377449989, 0.0028076171875], [-0.04568151384592056, -0.007456670980900526, -0.9989282488822937, 1.5724668502807617], [-0.9989547729492188, 0.0019667178858071566, 0.045668039470911026, -0.148681640625], [0.0, 0.0, 0.0, 1.0]], [[-0.9350616931915283, 0.35416367650032043, 0.015089621767401695, 0.8536376953125], [-0.01323744561523199, 0.007651912048459053, -0.9998831152915955, 1.5474491119384766], [-0.35423770546913147, -0.9351521730422974, -0.0024667882826179266, -0.1700439453125], [0.0, 0.0, 0.0, 1.0]]], "view": [[0.0, -2.0, 100.0], [-2.0, 0.0, 100.0], [0.0, 0.0, 1.0]], "bev": "bev_4db349ea99fb4c2b81237794b4e69a03.png", "aux": "aux_4db349ea99fb4c2b81237794b4e69a03.npz", "visibility": "visibility_4db349ea99fb4c2b81237794b4e69a03.png", "pose": [[0.7226794362068176, 0.6911833882331848, 0.0, 816.1210327148438], [-0.6911833882331848, 0.7226794362068176, 0.0, 1819.614990234375], [0.0, 0.0, 1.0, 0.0], [0.0, 0.0, 0.0, 1.0]], "pose_inverse": [[0.7226794362068176, -0.6911833882331848, 0.0, 667.8937377929688], [0.6911833882331848, 0.7226794362068176, 0.0, -1879.087646484375], [0.0, 0.0, 1.0, 0.0], [0.0, 0.0, 0.0, 1.0]], "cam_ids": [0, 1, 2, 3, 4, 5], "cam_channels": ["CAM_FRONT_LEFT", "CAM_FRONT", "CAM_FRONT_RIGHT", "CAM_BACK_LEFT", "CAM_BACK", "CAM_BACK_RIGHT"], "token": "4db349ea99fb4c2b81237794b4e69a03", "scene": "scene-1078"}, {"images": ["samples/CAM_FRONT_LEFT/n015-2018-11-21-19-38-26+0800__CAM_FRONT_LEFT__1542800390404844.jpg", "samples/CAM_FRONT/n015-2018-11-21-19-38-26+0800__CAM_FRONT__1542800390412460.jpg", "samples/CAM_FRONT_RIGHT/n015-2018-11-21-19-38-26+0800__CAM_FRONT_RIGHT__1542800390420339.jpg", "samples/CAM_BACK_LEFT/n015-2018-11-21-19-38-26+0800__CAM_BACK_LEFT__1542800390447423.jpg", "samples/CAM_BACK/n015-2018-11-21-19-38-26+0800__CAM_BACK__1542800390437525.jpg", "samples/CAM_BACK_RIGHT/n015-2018-11-21-19-38-26+0800__CAM_BACK_RIGHT__1542800390427893.jpg"], "intrinsics": [[[1272.5979470598488, 0.0, 826.6154927353808], [0.0, 1272.5979470598488, 479.75165386361925], [0.0, 0.0, 1.0]], [[1266.417203046554, 0.0, 816.2670197447984], [0.0, 1266.417203046554, 491.50706579294757], [0.0, 0.0, 1.0]], [[1260.8474446004698, 0.0, 807.968244525554], [0.0, 1260.8474446004698, 495.3344268742088], [0.0, 0.0, 1.0]], [[1256.7414812095406, 0.0, 792.1125740759628], [0.0, 1256.7414812095406, 492.7757465151356], [0.0, 0.0, 1.0]], [[809.2209905677063, 0.0, 829.2196003259838], [0.0, 809.2209905677063, 481.77842384512485], [0.0, 0.0, 1.0]], [[1259.5137405846733, 0.0, 807.2529053838625], [0.0, 1259.5137405846733, 501.19579884916527], [0.0, 0.0, 1.0]]], "extrinsics": [[[0.8211532831192017, -0.5699586868286133, -0.029232196509838104, -0.4183349609375], [-0.02551460638642311, 0.014506674371659756, -0.9995691776275635, 1.4912528991699219], [0.5701371431350708, 0.8215453028678894, -0.0026300654280930758, -0.8995361328125], [0.0, 0.0, 0.0, 1.0]], [[0.00667753629386425, -0.9999205470085144, -0.010685429908335209, 0.0078125], [-0.030717171728610992, 0.0104755200445652, -0.9994732737541199, 1.5037765502929688], [0.9995058178901672, 0.0070021674036979675, -0.03064478188753128, -1.146728515625], [0.0, 0.0, 0.0, 1.0]], [[-0.8324905633926392, -0.55401211977005, 0.0054656038992106915, 0.681182861328125], [-0.025013554841279984, 0.02772820182144642, -0.9993024468421936, 1.493133544921875], [0.5534741878509521, -0.8320466876029968, -0.0369412824511528, -1.01611328125], [0.0, 0.0, 0.0, 1.0]], [[0.9474443793296814, 0.31951770186424255, -0.01604716293513775, -1.1488571166992188], [-0.01605759561061859, -0.0026019224897027016, -0.9998676776885986, 1.5886716842651367], [-0.31951719522476196, 0.9475767612457275, 0.002665508771315217, -0.100830078125], [0.0, 0.0, 0.0, 1.0]], [[0.002007602946832776, 0.9999714493751526, 0.007290745619684458, 0.003662109375], [-0.04153260961174965, 0.007367846556007862, -0.9991100430488586, 1.5731582641601562], [-0.9991351366043091, 0.0017029423033818603, 0.041546210646629333, -0.1474609375], [0.0, 0.0, 0.0, 1.0]], [[-0.9349391460418701, 0.35442423820495605, 0.016497137024998665, 0.854248046875], [-0.009028417058289051, 0.022716235369443893, -0.999701201915741, 1.5487403869628906], [-0.35469311475753784, -0.9348087310791016, -0.01803840883076191, -0.17138671875], [0.0, 0.0, 0.0, 1.0]]], "view": [[0.0, -2.0, 100.0], [-2.0, 0.0, 100.0], [0.0, 0.0, 1.0]], "bev": "bev_aed35608c60a493e946924bcecf0ee69.png", "aux": "aux_aed35608c60a493e946924bcecf0ee69.npz", "visibility": "visibility_aed35608c60a493e946924bcecf0ee69.png", "pose": [[0.7115786671638489, 0.7026064395904541, 0.0, 821.7804565429688], [-0.7026064395904541, 0.7115786671638489, 0.0, 1814.090087890625], [0.0, 0.0, 1.0, 0.0], [0.0, 0.0, 0.0, 1.0]], "pose_inverse": [[0.7115786671638489, -0.7026064395904541, 0.0, 689.8298950195312], [0.7026064395904541, 0.7115786671638489, 0.0, -1868.256103515625], [0.0, 0.0, 1.0, 0.0], [0.0, 0.0, 0.0, 1.0]], "cam_ids": [0, 1, 2, 3, 4, 5], "cam_channels": ["CAM_FRONT_LEFT", "CAM_FRONT", "CAM_FRONT_RIGHT", "CAM_BACK_LEFT", "CAM_BACK", "CAM_BACK_RIGHT"], "token": "aed35608c60a493e946924bcecf0ee69", "scene": "scene-1078"}, {"images": ["samples/CAM_FRONT_LEFT/n015-2018-11-21-19-38-26+0800__CAM_FRONT_LEFT__1542800390904844.jpg", "samples/CAM_FRONT/n015-2018-11-21-19-38-26+0800__CAM_FRONT__1542800390912460.jpg", "samples/CAM_FRONT_RIGHT/n015-2018-11-21-19-38-26+0800__CAM_FRONT_RIGHT__1542800390920339.jpg", "samples/CAM_BACK_LEFT/n015-2018-11-21-19-38-26+0800__CAM_BACK_LEFT__1542800390947423.jpg", "samples/CAM_BACK/n015-2018-11-21-19-38-26+0800__CAM_BACK__1542800390937525.jpg", "samples/CAM_BACK_RIGHT/n015-2018-11-21-19-38-26+0800__CAM_BACK_RIGHT__1542800390927893.jpg"], "intrinsics": [[[1272.5979470598488, 0.0, 826.6154927353808], [0.0, 1272.5979470598488, 479.75165386361925], [0.0, 0.0, 1.0]], [[1266.417203046554, 0.0, 816.2670197447984], [0.0, 1266.417203046554, 491.50706579294757], [0.0, 0.0, 1.0]], [[1260.8474446004698, 0.0, 807.968244525554], [0.0, 1260.8474446004698, 495.3344268742088], [0.0, 0.0, 1.0]], [[1256.7414812095406, 0.0, 792.1125740759628], [0.0, 1256.7414812095406, 492.7757465151356], [0.0, 0.0, 1.0]], [[809.2209905677063, 0.0, 829.2196003259838], [0.0, 809.2209905677063, 481.77842384512485], [0.0, 0.0, 1.0]], [[1259.5137405846733, 0.0, 807.2529053838625], [0.0, 1259.5137405846733, 501.19579884916527], [0.0, 0.0, 1.0]]], "extrinsics": [[[0.8221136331558228, -0.5685099363327026, -0.030425187200307846, -0.4237060546875], [-0.0338478684425354, 0.004539316054433584, -0.999416708946228, 1.48602294921875], [0.5683164000511169, 0.8226639032363892, -0.015511016361415386, -0.91015625], [0.0, 0.0, 0.0, 1.0]], [[0.008296516723930836, -0.9999654293060303, -0.0006507724174298346, 0.0128173828125], [-0.03924421966075897, 0.000324694556184113, -0.9992296099662781, 1.4994544982910156], [0.9991952180862427, 0.008315633982419968, -0.039240166544914246, -1.15570068359375], [0.0, 0.0, 0.0, 1.0]], [[-0.831657350063324, -0.5549827218055725, 0.018443850800395012, 0.689544677734375], [-0.033773273229599, 0.01740100048482418, -0.9992780089378357, 1.4896125793457031], [0.5542612075805664, -0.8316798210144043, -0.03321525454521179, -1.0169677734375], [0.0, 0.0, 0.0, 1.0]], [[0.947313666343689, 0.31903597712516785, -0.028512733057141304, -1.1500396728515625], [-0.025458041578531265, -0.013741563074290752, -0.9995813965797424, 1.5887627601623535], [-0.31929418444633484, 0.9476430416107178, -0.004895538091659546, -0.1005859375], [0.0, 0.0, 0.0, 1.0]], [[0.0014357836917042732, 0.9999925494194031, -0.003585098311305046, 0.0020751953125], [-0.05074159428477287, -0.0035076304338872433, -0.9987056851387024, 1.5719642639160156], [-0.9987108111381531, 0.0016158386133611202, 0.05073618143796921, -0.1436767578125], [0.0, 0.0, 0.0, 1.0]], [[-0.9351386427879333, 0.3536493480205536, 0.02116021141409874, 0.8585205078125], [-0.017996488139033318, 0.012232428416609764, -0.9997632503509521, 1.5461006164550781], [-0.35382452607154846, -0.9352980852127075, -0.00507457135245204, -0.16650390625], [0.0, 0.0, 0.0, 1.0]]], "view": [[0.0, -2.0, 100.0], [-2.0, 0.0, 100.0], [0.0, 0.0, 1.0]], "bev": "bev_ece2a844661f44538ff274ebd8db5cc0.png", "aux": "aux_ece2a844661f44538ff274ebd8db5cc0.npz", "visibility": "visibility_ece2a844661f44538ff274ebd8db5cc0.png", "pose": [[0.6943986415863037, 0.7195905447006226, 0.0, 827.3034057617188], [-0.7195905447006226, 0.6943986415863037, 0.0, 1808.458740234375], [0.0, 0.0, 1.0, 0.0], [0.0, 0.0, 0.0, 1.0]], "pose_inverse": [[0.6943986415863037, -0.7195905447006226, 0.0, 726.8715209960938], [0.7195905447006226, 0.6943986415863037, 0.0, -1851.1109619140625], [0.0, 0.0, 1.0, 0.0], [0.0, 0.0, 0.0, 1.0]], "cam_ids": [0, 1, 2, 3, 4, 5], "cam_channels": ["CAM_FRONT_LEFT", "CAM_FRONT", "CAM_FRONT_RIGHT", "CAM_BACK_LEFT", "CAM_BACK", "CAM_BACK_RIGHT"], "token": "ece2a844661f44538ff274ebd8db5cc0", "scene": "scene-1078"}, {"images": ["samples/CAM_FRONT_LEFT/n015-2018-11-21-19-38-26+0800__CAM_FRONT_LEFT__1542800391404844.jpg", "samples/CAM_FRONT/n015-2018-11-21-19-38-26+0800__CAM_FRONT__1542800391412460.jpg", "samples/CAM_FRONT_RIGHT/n015-2018-11-21-19-38-26+0800__CAM_FRONT_RIGHT__1542800391420339.jpg", "samples/CAM_BACK_LEFT/n015-2018-11-21-19-38-26+0800__CAM_BACK_LEFT__1542800391447423.jpg", "samples/CAM_BACK/n015-2018-11-21-19-38-26+0800__CAM_BACK__1542800391437525.jpg", "samples/CAM_BACK_RIGHT/n015-2018-11-21-19-38-26+0800__CAM_BACK_RIGHT__1542800391427893.jpg"], "intrinsics": [[[1272.5979470598488, 0.0, 826.6154927353808], [0.0, 1272.5979470598488, 479.75165386361925], [0.0, 0.0, 1.0]], [[1266.417203046554, 0.0, 816.2670197447984], [0.0, 1266.417203046554, 491.50706579294757], [0.0, 0.0, 1.0]], [[1260.8474446004698, 0.0, 807.968244525554], [0.0, 1260.8474446004698, 495.3344268742088], [0.0, 0.0, 1.0]], [[1256.7414812095406, 0.0, 792.1125740759628], [0.0, 1256.7414812095406, 492.7757465151356], [0.0, 0.0, 1.0]], [[809.2209905677063, 0.0, 829.2196003259838], [0.0, 809.2209905677063, 481.77842384512485], [0.0, 0.0, 1.0]], [[1259.5137405846733, 0.0, 807.2529053838625], [0.0, 1259.5137405846733, 501.19579884916527], [0.0, 0.0, 1.0]]], "extrinsics": [[[0.8212533593177795, -0.5699791312217712, -0.025820381939411163, -0.41552734375], [-0.033712051808834076, -0.0032993690110743046, -0.9994261264801025, 1.485708236694336], [0.5695667862892151, 0.8216525912284851, -0.021924778819084167, -0.89990234375], [0.0, 0.0, 0.0, 1.0]], [[0.007094974629580975, -0.9999477863311768, 0.0073613738641142845, 0.00927734375], [-0.039212342351675034, -0.007634107489138842, -0.999201774597168, 1.4990177154541016], [0.9992057085037231, 0.006800744216889143, -0.039264459162950516, -1.14385986328125], [0.0, 0.0, 0.0, 1.0]], [[-0.832146406173706, -0.5540784597396851, 0.02300816774368286, 0.67889404296875], [-0.03382614254951477, 0.009302470833063126, -0.9993844032287598, 1.4892768859863281], [0.5535233616828918, -0.8324124217033386, -0.02648335136473179, -1.013427734375], [0.0, 0.0, 0.0, 1.0]], [[0.9472707509994507, 0.3188745677471161, -0.03157782927155495, -1.14385986328125], [-0.025935303419828415, -0.021926671266555786, -0.999423086643219, 1.5885848999023438], [-0.3193829357624054, 0.9475432634353638, -0.012500387616455555, -0.101806640625], [0.0, 0.0, 0.0, 1.0]], [[0.0016524947714060545, 0.999930202960968, -0.011701508425176144, 0.003662109375], [-0.051076389849185944, -0.011601852253079414, -0.9986273646354675, 1.5714950561523438], [-0.9986933469772339, 0.0022479037288576365, 0.05105365067720413, -0.151611328125], [0.0, 0.0, 0.0, 1.0]], [[-0.9349278807640076, 0.35436031222343445, 0.018401768058538437, 0.850830078125], [-0.018146805465221405, 0.004042868036776781, -0.9998271465301514, 1.5459060668945312], [-0.3543733060359955, -0.9351001977920532, 0.002650716109201312, -0.1722412109375], [0.0, 0.0, 0.0, 1.0]]], "view": [[0.0, -2.0, 100.0], [-2.0, 0.0, 100.0], [0.0, 0.0, 1.0]], "bev": "bev_f91074b3c0264c71a7be89bc58bcc45c.png", "aux": "aux_f91074b3c0264c71a7be89bc58bcc45c.npz", "visibility": "visibility_f91074b3c0264c71a7be89bc58bcc45c.png", "pose": [[0.6764113903045654, 0.7365239858627319, 0.0, 832.6426391601562], [-0.7365239858627319, 0.6764113903045654, 0.0, 1802.7230224609375], [0.0, 0.0, 1.0, 0.0], [0.0, 0.0, 0.0, 1.0]], "pose_inverse": [[0.6764113903045654, -0.7365239858627319, 0.0, 764.539794921875], [0.7365239858627319, 0.6764113903045654, 0.0, -1832.6436767578125], [0.0, 0.0, 1.0, 0.0], [0.0, 0.0, 0.0, 1.0]], "cam_ids": [0, 1, 2, 3, 4, 5], "cam_channels": ["CAM_FRONT_LEFT", "CAM_FRONT", "CAM_FRONT_RIGHT", "CAM_BACK_LEFT", "CAM_BACK", "CAM_BACK_RIGHT"], "token": "f91074b3c0264c71a7be89bc58bcc45c", "scene": "scene-1078"}, {"images": ["samples/CAM_FRONT_LEFT/n015-2018-11-21-19-38-26+0800__CAM_FRONT_LEFT__1542800391904846.jpg", "samples/CAM_FRONT/n015-2018-11-21-19-38-26+0800__CAM_FRONT__1542800391912460.jpg", "samples/CAM_FRONT_RIGHT/n015-2018-11-21-19-38-26+0800__CAM_FRONT_RIGHT__1542800391920339.jpg", "samples/CAM_BACK_LEFT/n015-2018-11-21-19-38-26+0800__CAM_BACK_LEFT__1542800391947423.jpg", "samples/CAM_BACK/n015-2018-11-21-19-38-26+0800__CAM_BACK__1542800391937525.jpg", "samples/CAM_BACK_RIGHT/n015-2018-11-21-19-38-26+0800__CAM_BACK_RIGHT__1542800391927893.jpg"], "intrinsics": [[[1272.5979470598488, 0.0, 826.6154927353808], [0.0, 1272.5979470598488, 479.75165386361925], [0.0, 0.0, 1.0]], [[1266.417203046554, 0.0, 816.2670197447984], [0.0, 1266.417203046554, 491.50706579294757], [0.0, 0.0, 1.0]], [[1260.8474446004698, 0.0, 807.968244525554], [0.0, 1260.8474446004698, 495.3344268742088], [0.0, 0.0, 1.0]], [[1256.7414812095406, 0.0, 792.1125740759628], [0.0, 1256.7414812095406, 492.7757465151356], [0.0, 0.0, 1.0]], [[809.2209905677063, 0.0, 829.2196003259838], [0.0, 809.2209905677063, 481.77842384512485], [0.0, 0.0, 1.0]], [[1259.5137405846733, 0.0, 807.2529053838625], [0.0, 1259.5137405846733, 501.19579884916527], [0.0, 0.0, 1.0]]], "extrinsics": [[[0.8215509057044983, -0.5696039795875549, -0.024601344019174576, -0.42919921875], [-0.03415559604763985, -0.006099033169448376, -0.9993979334831238, 1.4860124588012695], [0.5691110491752625, 0.8218966722488403, -0.024465832859277725, -0.91064453125], [0.0, 0.0, 0.0, 1.0]], [[0.007627555634826422, -0.999923050403595, 0.0097813680768013, 0.0101318359375], [-0.0393582284450531, -0.01007427554577589, -0.9991743564605713, 1.4995203018188477], [0.9991959929466248, 0.007236295845359564, -0.039432041347026825, -1.15850830078125], [0.0, 0.0, 0.0, 1.0]], [[-0.831901490688324, -0.5544034242630005, 0.024013349786400795, 0.689208984375], [-0.03367425128817558, 0.007241226267069578, -0.999406635761261, 1.4897346496582031], [0.5539006590843201, -0.8322165012359619, -0.02469310536980629, -1.0191650390625], [0.0, 0.0, 0.0, 1.0]], [[0.9469425678253174, 0.31996479630470276, -0.030371379107236862, -1.149566650390625], [-0.024364475160837173, -0.02276105061173439, -0.9994439482688904, 1.5887699127197266], [-0.3204781711101532, 0.9471559524536133, -0.013757630251348019, -0.103271484375], [0.0, 0.0, 0.0, 1.0]], [[0.0013100956566631794, 0.9999158382415771, -0.012906769290566444, 0.0023193359375], [-0.050034187734127045, -0.012825069949030876, -0.9986651539802551, 1.5719537734985352], [-0.9987466931343079, 0.001954098930582404, 0.05001317709684372, -0.14605712890625], [0.0, 0.0, 0.0, 1.0]], [[-0.9350501298904419, 0.35409003496170044, 0.017363736405968666, 0.8585205078125], [-0.01767667755484581, 0.0023508043959736824, -0.999841034412384, 1.54620361328125], [-0.3540745675563812, -0.9352083802223206, 0.004061014391481876, -0.1680908203125], [0.0, 0.0, 0.0, 1.0]]], "view": [[0.0, -2.0, 100.0], [-2.0, 0.0, 100.0], [0.0, 0.0, 1.0]], "bev": "bev_e8ce19e70f75499d85db6fe5aa5301fe.png", "aux": "aux_e8ce19e70f75499d85db6fe5aa5301fe.npz", "visibility": "visibility_e8ce19e70f75499d85db6fe5aa5301fe.png", "pose": [[0.6561720371246338, 0.7546113133430481, 0.0, 837.7802124023438], [-0.7546113133430481, 0.6561720371246338, 0.0, 1796.90625], [0.0, 0.0, 1.0, 0.0], [0.0, 0.0, 0.0, 1.0]], "pose_inverse": [[0.6561720371246338, -0.7546113133430481, 0.0, 806.2378540039062], [0.7546113133430481, 0.6561720371246338, 0.0, -1811.278076171875], [0.0, 0.0, 1.0, 0.0], [0.0, 0.0, 0.0, 1.0]], "cam_ids": [0, 1, 2, 3, 4, 5], "cam_channels": ["CAM_FRONT_LEFT", "CAM_FRONT", "CAM_FRONT_RIGHT", "CAM_BACK_LEFT", "CAM_BACK", "CAM_BACK_RIGHT"], "token": "e8ce19e70f75499d85db6fe5aa5301fe", "scene": "scene-1078"}, {"images": ["samples/CAM_FRONT_LEFT/n015-2018-11-21-19-38-26+0800__CAM_FRONT_LEFT__1542800392404844.jpg", "samples/CAM_FRONT/n015-2018-11-21-19-38-26+0800__CAM_FRONT__1542800392412460.jpg", "samples/CAM_FRONT_RIGHT/n015-2018-11-21-19-38-26+0800__CAM_FRONT_RIGHT__1542800392420339.jpg", "samples/CAM_BACK_LEFT/n015-2018-11-21-19-38-26+0800__CAM_BACK_LEFT__1542800392447423.jpg", "samples/CAM_BACK/n015-2018-11-21-19-38-26+0800__CAM_BACK__1542800392437525.jpg", "samples/CAM_BACK_RIGHT/n015-2018-11-21-19-38-26+0800__CAM_BACK_RIGHT__1542800392427893.jpg"], "intrinsics": [[[1272.5979470598488, 0.0, 826.6154927353808], [0.0, 1272.5979470598488, 479.75165386361925], [0.0, 0.0, 1.0]], [[1266.417203046554, 0.0, 816.2670197447984], [0.0, 1266.417203046554, 491.50706579294757], [0.0, 0.0, 1.0]], [[1260.8474446004698, 0.0, 807.968244525554], [0.0, 1260.8474446004698, 495.3344268742088], [0.0, 0.0, 1.0]], [[1256.7414812095406, 0.0, 792.1125740759628], [0.0, 1256.7414812095406, 492.7757465151356], [0.0, 0.0, 1.0]], [[809.2209905677063, 0.0, 829.2196003259838], [0.0, 809.2209905677063, 481.77842384512485], [0.0, 0.0, 1.0]], [[1259.5137405846733, 0.0, 807.2529053838625], [0.0, 1259.5137405846733, 501.19579884916527], [0.0, 0.0, 1.0]]], "extrinsics": [[[0.8203636407852173, -0.5708593130111694, -0.03351414203643799, -0.403076171875], [-0.033814240247011185, 0.010078318417072296, -0.9993773102760315, 1.4851303100585938], [0.5708416104316711, 0.8209860324859619, -0.01103528868407011, -0.89306640625], [0.0, 0.0, 0.0, 1.0]], [[0.005919912829995155, -0.9999606609344482, -0.00660998048260808, 0.0108642578125], [-0.03896590322256088, 0.006374403368681669, -0.9992202520370483, 1.49859619140625], [0.999222993850708, 0.006172827444970608, -0.0389266312122345, -1.13018798828125], [0.0, 0.0, 0.0, 1.0]], [[-0.8326703906059265, -0.5535818934440613, 0.01439136452972889, 0.668365478515625], [-0.03319740295410156, 0.02395886369049549, -0.9991616010665894, 1.489044189453125], [0.5527730584144592, -0.8324500322341919, -0.03832731395959854, -1.0047607421875], [0.0, 0.0, 0.0, 1.0]], [[0.947323739528656, 0.31933000683784485, -0.02461988292634487, -1.1352996826171875], [-0.02417658269405365, -0.00535272341221571, -0.9996933937072754, 1.58837890625], [-0.3193638324737549, 0.9476284980773926, 0.0026495452038943768, -0.1058349609375], [0.0, 0.0, 0.0, 1.0]], [[0.0021541924215853214, 0.9999887943267822, 0.0042242929339408875, 0.002685546875], [-0.04967976361513138, 0.0043261065147817135, -0.9987558722496033, 1.5710792541503906], [-0.9987627863883972, 0.0019416857976466417, 0.04968852549791336, -0.16455078125], [0.0, 0.0, 0.0, 1.0]], [[-0.9346773028373718, 0.35475948452949524, 0.022894106805324554, 0.8372802734375], [-0.01718001440167427, 0.019248858094215393, -0.9996671080589294, 1.5459365844726562], [-0.35508212447166443, -0.9347594380378723, -0.011896695010364056, -0.17578125], [0.0, 0.0, 0.0, 1.0]]], "view": [[0.0, -2.0, 100.0], [-2.0, 0.0, 100.0], [0.0, 0.0, 1.0]], "bev": "bev_925a9aefb17f41f887732967fdc22ee4.png", "aux": "aux_925a9aefb17f41f887732967fdc22ee4.npz", "visibility": "visibility_925a9aefb17f41f887732967fdc22ee4.png", "pose": [[0.6508355736732483, 0.7592187523841858, 0.0, 842.8982543945312], [-0.7592187523841858, 0.6508355736732483, 0.0, 1790.9761962890625], [0.0, 0.0, 1.0, 0.0], [0.0, 0.0, 0.0, 1.0]], "pose_inverse": [[0.6508355736732483, -0.7592187523841858, 0.0, 811.154541015625], [0.7592187523841858, 0.6508355736732483, 0.0, -1805.5750732421875], [0.0, 0.0, 1.0, 0.0], [0.0, 0.0, 0.0, 1.0]], "cam_ids": [0, 1, 2, 3, 4, 5], "cam_channels": ["CAM_FRONT_LEFT", "CAM_FRONT", "CAM_FRONT_RIGHT", "CAM_BACK_LEFT", "CAM_BACK", "CAM_BACK_RIGHT"], "token": "925a9aefb17f41f887732967fdc22ee4", "scene": "scene-1078"}, {"images": ["samples/CAM_FRONT_LEFT/n015-2018-11-21-19-38-26+0800__CAM_FRONT_LEFT__1542800392904844.jpg", "samples/CAM_FRONT/n015-2018-11-21-19-38-26+0800__CAM_FRONT__1542800392912460.jpg", "samples/CAM_FRONT_RIGHT/n015-2018-11-21-19-38-26+0800__CAM_FRONT_RIGHT__1542800392920339.jpg", "samples/CAM_BACK_LEFT/n015-2018-11-21-19-38-26+0800__CAM_BACK_LEFT__1542800392947423.jpg", "samples/CAM_BACK/n015-2018-11-21-19-38-26+0800__CAM_BACK__1542800392937525.jpg", "samples/CAM_BACK_RIGHT/n015-2018-11-21-19-38-26+0800__CAM_BACK_RIGHT__1542800392927893.jpg"], "intrinsics": [[[1272.5979470598488, 0.0, 826.6154927353808], [0.0, 1272.5979470598488, 479.75165386361925], [0.0, 0.0, 1.0]], [[1266.417203046554, 0.0, 816.2670197447984], [0.0, 1266.417203046554, 491.50706579294757], [0.0, 0.0, 1.0]], [[1260.8474446004698, 0.0, 807.968244525554], [0.0, 1260.8474446004698, 495.3344268742088], [0.0, 0.0, 1.0]], [[1256.7414812095406, 0.0, 792.1125740759628], [0.0, 1256.7414812095406, 492.7757465151356], [0.0, 0.0, 1.0]], [[809.2209905677063, 0.0, 829.2196003259838], [0.0, 809.2209905677063, 481.77842384512485], [0.0, 0.0, 1.0]], [[1259.5137405846733, 0.0, 807.2529053838625], [0.0, 1259.5137405846733, 501.19579884916527], [0.0, 0.0, 1.0]]], "extrinsics": [[[0.8206601738929749, -0.5704509615898132, -0.03320770338177681, -0.3916015625], [-0.03823971748352051, 0.0031579160131514072, -0.9992635846138, 1.4816474914550781], [0.5701357126235962, 0.8213256001472473, -0.019222307950258255, -0.8880615234375], [0.0, 0.0, 0.0, 1.0]], [[0.0065859900787472725, -0.9999775290489197, 0.0011986433528363705, 0.012939453125], [-0.04348476976156235, -0.0014839288778603077, -0.9990530014038086, 1.4956340789794922], [0.9990323185920715, 0.006527620367705822, -0.043493565171957016, -1.1202392578125], [0.0, 0.0, 0.0, 1.0]], [[-0.8322523236274719, -0.5539147257804871, 0.023117654025554657, 0.66302490234375], [-0.03782757744193077, 0.015135245397686958, -0.9991695880889893, 1.4867172241210938], [0.5531048774719238, -0.832435667514801, -0.03354959934949875, -0.9991455078125], [0.0, 0.0, 0.0, 1.0]], [[0.946973443031311, 0.3196242153644562, -0.03288823366165161, -1.132171630859375], [-0.02882278896868229, -0.01744280941784382, -0.9994323253631592, 1.5882482528686523], [-0.32001638412475586, 0.9473838210105896, -0.007305415812879801, -0.10693359375], [0.0, 0.0, 0.0, 1.0]], [[0.0016304395394399762, 0.9999760985374451, -0.006727178581058979, 0.001953125], [-0.054381053894758224, -0.006628571078181267, -0.998498