[{"images": ["samples/CAM_FRONT_LEFT/n015-2018-10-08-15-36-50+0800__CAM_FRONT_LEFT__1538984488504844.jpg", "samples/CAM_FRONT/n015-2018-10-08-15-36-50+0800__CAM_FRONT__1538984488512460.jpg", "samples/CAM_FRONT_RIGHT/n015-2018-10-08-15-36-50+0800__CAM_FRONT_RIGHT__1538984488520339.jpg", "samples/CAM_BACK_LEFT/n015-2018-10-08-15-36-50+0800__CAM_BACK_LEFT__1538984488547423.jpg", "samples/CAM_BACK/n015-2018-10-08-15-36-50+0800__CAM_BACK__1538984488537525.jpg", "samples/CAM_BACK_RIGHT/n015-2018-10-08-15-36-50+0800__CAM_BACK_RIGHT__1538984488527893.jpg"], "intrinsics": [[[1272.5979470598488, 0.0, 826.6154927353808], [0.0, 1272.5979470598488, 479.75165386361925], [0.0, 0.0, 1.0]], [[1266.417203046554, 0.0, 816.2670197447984], [0.0, 1266.417203046554, 491.50706579294757], [0.0, 0.0, 1.0]], [[1260.8474446004698, 0.0, 807.968244525554], [0.0, 1260.8474446004698, 495.3344268742088], [0.0, 0.0, 1.0]], [[1256.7414812095406, 0.0, 792.1125740759628], [0.0, 1256.7414812095406, 492.7757465151356], [0.0, 0.0, 1.0]], [[809.2209905677063, 0.0, 829.2196003259838], [0.0, 809.2209905677063, 481.77842384512485], [0.0, 0.0, 1.0]], [[1259.5137405846733, 0.0, 807.2529053838625], [0.0, 1259.5137405846733, 501.19579884916527], [0.0, 0.0, 1.0]]], "extrinsics": [[[0.8189796805381775, -0.5699756145477295, -0.06633265316486359, -0.7584228515625], [-0.09582038223743439, -0.02186664193868637, -0.9951584339141846, 1.4841957092285156], [0.5657655596733093, 0.8213706612586975, -0.07252360880374908, -1.13916015625], [0.0, 0.0, 0.0, 1.0]], [[0.009512582793831825, -0.9996406435966492, 0.025061344727873802, 0.0079345703125], [-0.10138207674026489, -0.025897487998008728, -0.9945104718208313, 1.4996185302734375], [0.9948020577430725, 0.006919568870216608, -0.10159199684858322, -1.4869384765625], [0.0, 0.0, 0.0, 1.0]], [[-0.8278683423995972, -0.5544768571853638, 0.08479031920433044, 0.89996337890625], [-0.09615223854780197, -0.008643951267004013, -0.9953290820121765, 1.4882316589355469], [0.5526198744773865, -0.8321542739868164, -0.046158138662576675, -1.159423828125], [0.0, 0.0, 0.0, 1.0]], [[0.9424378275871277, 0.32026275992393494, -0.09613875299692154, -1.1392745971679688], [-0.0883207693696022, -0.038884371519088745, -0.9953328371047974, 1.588282585144043], [-0.3225063681602478, 0.9465304017066956, -0.008360250853002071, -0.104736328125], [0.0, 0.0, 0.0, 1.0]], [[-0.0016558690695092082, 0.9995802044868469, -0.02892630733549595, 0.0023193359375], [-0.11334586888551712, -0.02892753854393959, -0.9931343793869019, 1.5725994110107422], [-0.9935541749000549, 0.0016342089511454105, 0.11334618926048279, -0.05743408203125], [0.0, 0.0, 0.0, 1.0]], [[-0.9327788352966309, 0.3534669578075409, 0.07060183584690094, 1.0277099609375], [-0.08059066534042358, -0.013601354323327541, -0.9966544508934021, 1.5421104431152344], [-0.3513241708278656, -0.9353480339050293, 0.04117319732904434, -0.103759765625], [0.0, 0.0, 0.0, 1.0]]], "view": [[0.0, -2.0, 100.0], [-2.0, 0.0, 100.0], [0.0, 0.0, 1.0]], "bev": "bev_852e22dbdbbf422e99224c488d7618bf.png", "aux": "aux_852e22dbdbbf422e99224c488d7618bf.npz", "visibility": "visibility_852e22dbdbbf422e99224c488d7618bf.png", "pose": [[0.3970254957675934, 0.9178075790405273, 0.0, 1304.7548828125], [-0.9178075790405273, 0.3970254957675934, 0.0, 1253.247314453125], [0.0, 0.0, 1.0, 0.0], [0.0, 0.0, 0.0, 1.0]], "pose_inverse": [[0.3970254957675934, -0.9178075790405273, 0.0, 632.2189331054688], [0.9178075790405273, 0.3970254957675934, 0.0, -1695.0850830078125], [0.0, 0.0, 1.0, 0.0], [0.0, 0.0, 0.0, 1.0]], "cam_ids": [0, 1, 2, 3, 4, 5], "cam_channels": ["CAM_FRONT_LEFT", "CAM_FRONT", "CAM_FRONT_RIGHT", "CAM_BACK_LEFT", "CAM_BACK", "CAM_BACK_RIGHT"], "token": "852e22dbdbbf422e99224c488d7618bf", "scene": "scene-0921"}, {"images": ["samples/CAM_FRONT_LEFT/n015-2018-10-08-15-36-50+0800__CAM_FRONT_LEFT__1538984489004844.jpg", "samples/CAM_FRONT/n015-2018-10-08-15-36-50+0800__CAM_FRONT__1538984489012460.jpg", "samples/CAM_FRONT_RIGHT/n015-2018-10-08-15-36-50+0800__CAM_FRONT_RIGHT__1538984489020339.jpg", "samples/CAM_BACK_LEFT/n015-2018-10-08-15-36-50+0800__CAM_BACK_LEFT__1538984489047423.jpg", "samples/CAM_BACK/n015-2018-10-08-15-36-50+0800__CAM_BACK__1538984489037525.jpg", "samples/CAM_BACK_RIGHT/n015-2018-10-08-15-36-50+0800__CAM_BACK_RIGHT__1538984489027893.jpg"], "intrinsics": [[[1272.5979470598488, 0.0, 826.6154927353808], [0.0, 1272.5979470598488, 479.75165386361925], [0.0, 0.0, 1.0]], [[1266.417203046554, 0.0, 816.2670197447984], [0.0, 1266.417203046554, 491.50706579294757], [0.0, 0.0, 1.0]], [[1260.8474446004698, 0.0, 807.968244525554], [0.0, 1260.8474446004698, 495.3344268742088], [0.0, 0.0, 1.0]], [[1256.7414812095406, 0.0, 792.1125740759628], [0.0, 1256.7414812095406, 492.7757465151356], [0.0, 0.0, 1.0]], [[809.2209905677063, 0.0, 829.2196003259838], [0.0, 809.2209905677063, 481.77842384512485], [0.0, 0.0, 1.0]], [[1259.5137405846733, 0.0, 807.2529053838625], [0.0, 1259.5137405846733, 501.19579884916527], [0.0, 0.0, 1.0]]], "extrinsics": [[[0.8184254169464111, -0.5705662965774536, -0.06807301193475723, -0.7611083984375], [-0.09060970693826675, -0.01116180419921875, -0.9958239197731018, 1.4857826232910156], [0.5674237012863159, 0.8211756944656372, -0.060833945870399475, -1.140380859375], [0.0, 0.0, 0.0, 1.0]], [[0.007942558266222477, -0.9998617768287659, 0.014597912319004536, 0.0076904296875], [-0.095940962433815, -0.01529298722743988, -0.9952695965766907, 1.5009918212890625], [0.9953553080558777, 0.0065044523216784, -0.09604917466640472, -1.4893798828125], [0.0, 0.0, 0.0, 1.0]], [[-0.8290638327598572, -0.5542017817497253, 0.07425317168235779, 0.901702880859375], [-0.09043578058481216, 0.0018553738482296467, -0.9959005117416382, 1.4893379211425781], [0.5517921447753906, -0.8323802947998047, -0.051657892763614655, -1.160888671875], [0.0, 0.0, 0.0, 1.0]], [[0.9433937668800354, 0.32008710503578186, -0.08690476417541504, -1.1403846740722656], [-0.08200588822364807, -0.028779955580830574, -0.9962161779403687, 1.5883885622024536], [-0.32137709856033325, 0.9469508528709412, -0.0009017970296554267, -0.1044921875], [0.0, 0.0, 0.0, 1.0]], [[-0.0004364860069472343, 0.9998242259025574, -0.018744956701993942, 0.00244140625], [-0.10722311586141586, -0.01868368871510029, -0.9940594434738159, 1.573089599609375], [-0.9942348003387451, 0.0015759830130264163, 0.10721242427825928, -0.0562744140625], [0.0, 0.0, 0.0, 1.0]], [[-0.9327628016471863, 0.35388442873954773, 0.06869690865278244, 1.029296875], [-0.07466083019971848, -0.00321016414090991, -0.9972038269042969, 1.5429153442382812], [-0.3526744246482849, -0.9352836608886719, 0.02941562980413437, -0.1033935546875], [0.0, 0.0, 0.0, 1.0]]], "view": [[0.0, -2.0, 100.0], [-2.0, 0.0, 100.0], [0.0, 0.0, 1.0]], "bev": "bev_f4692d3fbdfc4d16b1f02590ad832b10.png", "aux": "aux_f4692d3fbdfc4d16b1f02590ad832b10.npz", "visibility": "visibility_f4692d3fbdfc4d16b1f02590ad832b10.png", "pose": [[0.4005720615386963, 0.9162652492523193, 0.0, 1305.8797607421875], [-0.9162652492523193, 0.4005720615386963, 0.0, 1250.6217041015625], [0.0, 0.0, 1.0, 0.0], [0.0, 0.0, 0.0, 1.0]], "pose_inverse": [[0.4005720615386963, -0.9162652492523193, 0.0, 622.80224609375], [0.9162652492523193, 0.4005720615386963, 0.0, -1697.496337890625], [0.0, 0.0, 1.0, 0.0], [0.0, 0.0, 0.0, 1.0]], "cam_ids": [0, 1, 2, 3, 4, 5], "cam_channels": ["CAM_FRONT_LEFT", "CAM_FRONT", "CAM_FRONT_RIGHT", "CAM_BACK_LEFT", "CAM_BACK", "CAM_BACK_RIGHT"], "token": "f4692d3fbdfc4d16b1f02590ad832b10", "scene": "scene-0921"}, {"images": ["samples/CAM_FRONT_LEFT/n015-2018-10-08-15-36-50+0800__CAM_FRONT_LEFT__1538984489504844.jpg", "samples/CAM_FRONT/n015-2018-10-08-15-36-50+0800__CAM_FRONT__1538984489512460.jpg", "samples/CAM_FRONT_RIGHT/n015-2018-10-08-15-36-50+0800__CAM_FRONT_RIGHT__1538984489520339.jpg", "samples/CAM_BACK_LEFT/n015-2018-10-08-15-36-50+0800__CAM_BACK_LEFT__1538984489547423.jpg", "samples/CAM_BACK/n015-2018-10-08-15-36-50+0800__CAM_BACK__1538984489537525.jpg", "samples/CAM_BACK_RIGHT/n015-2018-10-08-15-36-50+0800__CAM_BACK_RIGHT__1538984489527893.jpg"], "intrinsics": [[[1272.5979470598488, 0.0, 826.6154927353808], [0.0, 1272.5979470598488, 479.75165386361925], [0.0, 0.0, 1.0]], [[1266.417203046554, 0.0, 816.2670197447984], [0.0, 1266.417203046554, 491.50706579294757], [0.0, 0.0, 1.0]], [[1260.8474446004698, 0.0, 807.968244525554], [0.0, 1260.8474446004698, 495.3344268742088], [0.0, 0.0, 1.0]], [[1256.7414812095406, 0.0, 792.1125740759628], [0.0, 1256.7414812095406, 492.7757465151356], [0.0, 0.0, 1.0]], [[809.2209905677063, 0.0, 829.2196003259838], [0.0, 809.2209905677063, 481.77842384512485], [0.0, 0.0, 1.0]], [[1259.5137405846733, 0.0, 807.2529053838625], [0.0, 1259.5137405846733, 501.19579884916527], [0.0, 0.0, 1.0]]], "extrinsics": [[[0.8184809684753418, -0.5701903700828552, -0.0705120712518692, -0.7603759765625], [-0.09486980736255646, -0.013085373677313328, -0.9954037070274353, 1.4846572875976562], [0.5666468739509583, 0.8214083909988403, -0.06480398774147034, -1.140625], [0.0, 0.0, 0.0, 1.0]], [[0.008554084226489067, -0.9998299479484558, 0.016337577253580093, 0.0081787109375], [-0.10018240660429001, -0.01711285300552845, -0.9948219656944275, 1.5000972747802734], [0.9949322938919067, 0.006873034406453371, -0.1003117561340332, -1.48907470703125], [0.0, 0.0, 0.0, 1.0]], [[-0.8284766674041748, -0.5544649958610535, 0.0787075012922287, 0.901824951171875], [-0.09467395395040512, 0.00014644877228420228, -0.9955083131790161, 1.4886665344238281], [0.5519630312919617, -0.8322069644927979, -0.0526147298514843, -1.1605224609375], [0.0, 0.0, 0.0, 1.0]], [[0.9429582953453064, 0.3201831877231598, -0.09117231518030167, -1.1397857666015625], [-0.08609049022197723, -0.03002293035387993, -0.9958348274230957, 1.5883475542068481], [-0.3215867578983307, 0.9468798041343689, -0.0007456502062268555, -0.1044921875], [0.0, 0.0, 0.0, 1.0]], [[-0.0008342272485606372, 0.9997966289520264, -0.02015065588057041, 0.0023193359375], [-0.11138321459293365, -0.020118171349167824, -0.9935739040374756, 1.5728950500488281], [-0.9937771558761597, 0.001415589707903564, 0.11137733608484268, -0.05584716796875], [0.0, 0.0, 0.0, 1.0]], [[-0.9326072931289673, 0.3536175489425659, 0.0720989853143692, 1.029541015625], [-0.07888726890087128, -0.004800078924745321, -0.9968720078468323, 1.5424423217773438], [-0.3521654009819031, -0.9353777766227722, 0.03237251192331314, -0.10302734375], [0.0, 0.0, 0.0, 1.0]]], "view": [[0.0, -2.0, 100.0], [-2.0, 0.0, 100.0], [0.0, 0.0, 1.0]], "bev": "bev_6472a43205b04837bdec2337e4f50100.png", "aux": "aux_6472a43205b04837bdec2337e4f50100.npz", "visibility": "visibility_6472a43205b04837bdec2337e4f50100.png", "pose": [[0.40199801325798035, 0.9156405329704285, 0.0, 1307.0294189453125], [-0.9156405329704285, 0.40199801325798035, 0.0, 1247.974365234375], [0.0, 0.0, 1.0, 0.0], [0.0, 0.0, 0.0, 1.0]], "pose_inverse": [[0.40199801325798035, -0.9156405329704285, 0.0, 617.272705078125], [0.9156405329704285, 0.40199801325798035, 0.0, -1698.452392578125], [0.0, 0.0, 1.0, 0.0], [0.0, 0.0, 0.0, 1.0]], "cam_ids": [0, 1, 2, 3, 4, 5], "cam_channels": ["CAM_FRONT_LEFT", "CAM_FRONT", "CAM_FRONT_RIGHT", "CAM_BACK_LEFT", "CAM_BACK", "CAM_BACK_RIGHT"], "token": "6472a43205b04837bdec2337e4f50100", "scene": "scene-0921"}, {"images": ["samples/CAM_FRONT_LEFT/n015-2018-10-08-15-36-50+0800__CAM_FRONT_LEFT__1538984490004844.jpg", "samples/CAM_FRONT/n015-2018-10-08-15-36-50+0800__CAM_FRONT__1538984490012460.jpg", "samples/CAM_FRONT_RIGHT/n015-2018-10-08-15-36-50+0800__CAM_FRONT_RIGHT__1538984490020339.jpg", "samples/CAM_BACK_LEFT/n015-2018-10-08-15-36-50+0800__CAM_BACK_LEFT__1538984490047423.jpg", "samples/CAM_BACK/n015-2018-10-08-15-36-50+0800__CAM_BACK__1538984490037525.jpg", "samples/CAM_BACK_RIGHT/n015-2018-10-08-15-36-50+0800__CAM_BACK_RIGHT__1538984490027893.jpg"], "intrinsics": [[[1272.5979470598488, 0.0, 826.6154927353808], [0.0, 1272.5979470598488, 479.75165386361925], [0.0, 0.0, 1.0]], [[1266.417203046554, 0.0, 816.2670197447984], [0.0, 1266.417203046554, 491.50706579294757], [0.0, 0.0, 1.0]], [[1260.8474446004698, 0.0, 807.968244525554], [0.0, 1260.8474446004698, 495.3344268742088], [0.0, 0.0, 1.0]], [[1256.7414812095406, 0.0, 792.1125740759628], [0.0, 1256.7414812095406, 492.7757465151356], [0.0, 0.0, 1.0]], [[809.2209905677063, 0.0, 829.2196003259838], [0.0, 809.2209905677063, 481.77842384512485], [0.0, 0.0, 1.0]], [[1259.5137405846733, 0.0, 807.2529053838625], [0.0, 1259.5137405846733, 501.19579884916527], [0.0, 0.0, 1.0]]], "extrinsics": [[[0.818697988986969, -0.5701415538787842, -0.06835372000932693, -0.785888671875], [-0.09236070513725281, -0.01325987372547388, -0.9956373572349548, 1.4880752563476562], [0.5667478442192078, 0.8214394450187683, -0.06351450085639954, -1.15673828125], [0.0, 0.0, 0.0, 1.0]], [[0.00854970421642065, -0.9998269081115723, 0.0165267176926136, 0.0067138671875], [-0.09746896475553513, -0.017281871289014816, -0.995088517665863, 1.50311279296875], [0.995201826095581, 0.006896917708218098, -0.0975998267531395, -1.5142822265625], [0.0, 0.0, 0.0, 1.0]], [[-0.8287011981010437, -0.5544575452804565, 0.07636136561632156, 0.91815185546875], [-0.091746024787426, -1.6714497178327292e-05, -0.9957823753356934, 1.4909858703613281], [0.5521204471588135, -0.832211971282959, -0.050855427980422974, -1.17236328125], [0.0, 0.0, 0.0, 1.0]], [[0.9432516098022461, 0.32025954127311707, -0.08780820667743683, -1.1478691101074219], [-0.08247387409210205, -0.030210601165890694, -0.9961352348327637, 1.5890440940856934], [-0.32167452573776245, 0.9468480348587036, -0.0020831527654081583, -0.10205078125], [0.0, 0.0, 0.0, 1.0]], [[-0.000701113254763186, 0.9997931122779846, -0.0203302763402462, 0.002685546875], [-0.10801561921834946, -0.0202870462089777, -0.9939422011375427, 1.5741233825683594], [-0.9941489696502686, 0.001499153091572225, 0.10800749063491821, -0.046142578125], [0.0, 0.0, 0.0, 1.0]], [[-0.9328200221061707, 0.353652685880661, 0.06911344826221466, 1.0443115234375], [-0.07576019316911697, -0.004967177286744118, -0.9971137046813965, 1.5439872741699219], [-0.3522886633872986, -0.9353636503219604, 0.03142627328634262, -0.09814453125], [0.0, 0.0, 0.0, 1.0]]], "view": [[0.0, -2.0, 100.0], [-2.0, 0.0, 100.0], [0.0, 0.0, 1.0]], "bev": "bev_617f64ebe44e429e8c3cc1036c2fb0ef.png", "aux": "aux_617f64ebe44e429e8c3cc1036c2fb0ef.npz", "visibility": "visibility_617f64ebe44e429e8c3cc1036c2fb0ef.png", "pose": [[0.4005044996738434, 0.9162948131561279, 0.0, 1308.13720703125], [-0.9162948131561279, 0.4005044996738434, 0.0, 1245.4017333984375], [0.0, 0.0, 1.0, 0.0], [0.0, 0.0, 0.0, 1.0]], "pose_inverse": [[0.4005044996738434, -0.9162948131561279, 0.0, 617.2402954101562], [0.9162948131561279, 0.4005044996738434, 0.0, -1697.4283447265625], [0.0, 0.0, 1.0, 0.0], [0.0, 0.0, 0.0, 1.0]], "cam_ids": [0, 1, 2, 3, 4, 5], "cam_channels": ["CAM_FRONT_LEFT", "CAM_FRONT", "CAM_FRONT_RIGHT", "CAM_BACK_LEFT", "CAM_BACK", "CAM_BACK_RIGHT"], "token": "617f64ebe44e429e8c3cc1036c2fb0ef", "scene": "scene-0921"}, {"images": ["samples/CAM_FRONT_LEFT/n015-2018-10-08-15-36-50+0800__CAM_FRONT_LEFT__1538984490404844.jpg", "samples/CAM_FRONT/n015-2018-10-08-15-36-50+0800__CAM_FRONT__1538984490412460.jpg", "samples/CAM_FRONT_RIGHT/n015-2018-10-08-15-36-50+0800__CAM_FRONT_RIGHT__1538984490420339.jpg", "samples/CAM_BACK_LEFT/n015-2018-10-08-15-36-50+0800__CAM_BACK_LEFT__1538984490447423.jpg", "samples/CAM_BACK/n015-2018-10-08-15-36-50+0800__CAM_BACK__1538984490437525.jpg", "samples/CAM_BACK_RIGHT/n015-2018-10-08-15-36-50+0800__CAM_BACK_RIGHT__1538984490427893.jpg"], "intrinsics": [[[1272.5979470598488, 0.0, 826.6154927353808], [0.0, 1272.5979470598488, 479.75165386361925], [0.0, 0.0, 1.0]], [[1266.417203046554, 0.0, 816.2670197447984], [0.0, 1266.417203046554, 491.50706579294757], [0.0, 0.0, 1.0]], [[1260.8474446004698, 0.0, 807.968244525554], [0.0, 1260.8474446004698, 495.3344268742088], [0.0, 0.0, 1.0]], [[1256.7414812095406, 0.0, 792.1125740759628], [0.0, 1256.7414812095406, 492.7757465151356], [0.0, 0.0, 1.0]], [[809.2209905677063, 0.0, 829.2196003259838], [0.0, 809.2209905677063, 481.77842384512485], [0.0, 0.0, 1.0]], [[1259.5137405846733, 0.0, 807.2529053838625], [0.0, 1259.5137405846733, 501.19579884916527], [0.0, 0.0, 1.0]]], "extrinsics": [[[0.818733274936676, -0.5704202651977539, -0.0655483826994896, -0.786376953125], [-0.08767590671777725, -0.01138018723577261, -0.9960840344429016, 1.489227294921875], [0.5674405694007874, 0.8212741017341614, -0.05932945758104324, -1.158203125], [0.0, 0.0, 0.0, 1.0]], [[0.008023255504667759, -0.9998587369918823, 0.014764469116926193, 0.0074462890625], [-0.09280956536531448, -0.01544579304754734, -0.9955641031265259, 1.5040760040283203], [0.9956514239311218, 0.0066173989325761795, -0.09292039275169373, -1.515625], [0.0, 0.0, 0.0, 1.0]], [[-0.8292737007141113, -0.5542473793029785, 0.07151833921670914, 0.919708251953125], [-0.08709802478551865, 0.001771165058016777, -0.9961981177330017, 1.49176025390625], [0.5520135760307312, -0.8323500156402588, -0.04974263533949852, -1.172607421875], [0.0, 0.0, 0.0, 1.0]], [[0.9437412619590759, 0.32010188698768616, -0.08298904448747635, -1.1462059020996094], [-0.07794881612062454, -0.02855055406689644, -0.9965484142303467, 1.5888895988464355], [-0.32136642932891846, 0.946952760219574, -0.00199277326464653, -0.1026611328125], [0.0, 0.0, 0.0, 1.0]], [[-0.0003037900023628026, 0.9998263716697693, -0.018632441759109497, 0.00244140625], [-0.10344532132148743, -0.018563898280262947, -0.9944618940353394, 1.5744972229003906], [-0.9946350455284119, 0.0016253062058240175, 0.10343299806118011, -0.04486083984375], [0.0, 0.0, 0.0, 1.0]], [[-0.9330034852027893, 0.35387682914733887, 0.06538905203342438, 1.04541015625], [-0.07112634927034378, -0.0032159036491066217, -0.9974620938301086, 1.5445365905761719], [-0.3527684211730957, -0.9352865815162659, 0.02817041054368019, -0.0972900390625], [0.0, 0.0, 0.0, 1.0]]], "view": [[0.0, -2.0, 100.0], [-2.0, 0.0, 100.0], [0.0, 0.0, 1.0]], "bev": "bev_5737334b9fb44d73966de08d87d34309.png", "aux": "aux_5737334b9fb44d73966de08d87d34309.npz", "visibility": "visibility_5737334b9fb44d73966de08d87d34309.png", "pose": [[0.40110278129577637, 0.9160330295562744, 0.0, 1308.969970703125], [-0.9160330295562744, 0.40110278129577637, 0.0, 1243.47900390625], [0.0, 0.0, 1.0, 0.0], [0.0, 0.0, 0.0, 1.0]], "pose_inverse": [[0.40110278129577637, -0.9160330295562744, 0.0, 614.036376953125], [0.9160330295562744, 0.40110278129577637, 0.0, -1697.8226318359375], [0.0, 0.0, 1.0, 0.0], [0.0, 0.0, 0.0, 1.0]], "cam_ids": [0, 1, 2, 3, 4, 5], "cam_channels": ["CAM_FRONT_LEFT", "CAM_FRONT", "CAM_FRONT_RIGHT", "CAM_BACK_LEFT", "CAM_BACK", "CAM_BACK_RIGHT"], "token": "5737334b9fb44d73966de08d87d34309", "scene": "scene-0921"}, {"images": ["samples/CAM_FRONT_LEFT/n015-2018-10-08-15-36-50+0800__CAM_FRONT_LEFT__1538984490904844.jpg", "samples/CAM_FRONT/n015-2018-10-08-15-36-50+0800__CAM_FRONT__1538984490912460.jpg", "samples/CAM_FRONT_RIGHT/n015-2018-10-08-15-36-50+0800__CAM_FRONT_RIGHT__1538984490920339.jpg", "samples/CAM_BACK_LEFT/n015-2018-10-08-15-36-50+0800__CAM_BACK_LEFT__1538984490947423.jpg", "samples/CAM_BACK/n015-2018-10-08-15-36-50+0800__CAM_BACK__1538984490937525.jpg", "samples/CAM_BACK_RIGHT/n015-2018-10-08-15-36-50+0800__CAM_BACK_RIGHT__1538984490927893.jpg"], "intrinsics": [[[1272.5979470598488, 0.0, 826.6154927353808], [0.0, 1272.5979470598488, 479.75165386361925], [0.0, 0.0, 1.0]], [[1266.417203046554, 0.0, 816.2670197447984], [0.0, 1266.417203046554, 491.50706579294757], [0.0, 0.0, 1.0]], [[1260.8474446004698, 0.0, 807.968244525554], [0.0, 1260.8474446004698, 495.3344268742088], [0.0, 0.0, 1.0]], [[1256.7414812095406, 0.0, 792.1125740759628], [0.0, 1256.7414812095406, 492.7757465151356], [0.0, 0.0, 1.0]], [[809.2209905677063, 0.0, 829.2196003259838], [0.0, 809.2209905677063, 481.77842384512485], [0.0, 0.0, 1.0]], [[1259.5137405846733, 0.0, 807.2529053838625], [0.0, 1259.5137405846733, 501.19579884916527], [0.0, 0.0, 1.0]]], "extrinsics": [[[0.8184834718704224, -0.5706450343132019, -0.06670022010803223, -0.8038330078125], [-0.08944512903690338, -0.011883453465998173, -0.9959208369255066, 1.4906692504882812], [0.5675246715545654, 0.8211108446121216, -0.060767825692892075, -1.1689453125], [0.0, 0.0, 0.0, 1.0]], [[0.007904864847660065, -0.9998528957366943, 0.01521722786128521, 0.0064697265625], [-0.09485387057065964, -0.01589883305132389, -0.995364248752594, 1.5052661895751953], [0.9954597353935242, 0.006424838211387396, -0.0949656069278717, -1.53216552734375], [0.0, 0.0, 0.0, 1.0]], [[-0.8291451334953308, -0.5541558861732483, 0.07368496805429459, 0.9293212890625], [-0.08942731469869614, 0.0013688609469681978, -0.9959924221038818, 1.4925384521484375], [0.551834225654602, -0.8324117660522461, -0.05069166049361229, -1.18017578125], [0.0, 0.0, 0.0, 1.0]], [[0.9434952139854431, 0.32000839710235596, -0.08608968555927277, -1.14373779296875], [-0.08116351068019867, -0.028726225718855858, -0.9962867498397827, 1.5886918306350708], [-0.32129308581352234, 0.9469790458679199, -0.0011300548212602735, -0.103271484375], [0.0, 0.0, 0.0, 1.0]], [[-0.00040541362250223756, 0.9998211860656738, -0.018905680626630783, 0.002685546875], [-0.10634390264749527, -0.0188415739685297, -0.9941509366035461, 1.57464599609375], [-0.9943293333053589, 0.0016075239982455969, 0.10633253306150436, -0.0421142578125], [0.0, 0.0, 0.0, 1.0]], [[-0.9328232407569885, 0.3539189100265503, 0.06769178807735443, 1.0528564453125], [-0.07372342795133591, -0.0035708455834537745, -0.9972723126411438, 1.5448875427246094], [-0.3527117967605591, -0.935269296169281, 0.02942308783531189, -0.0947265625], [0.0, 0.0, 0.0, 1.0]]], "view": [[0.0, -2.0, 100.0], [-2.0, 0.0, 100.0], [0.0, 0.0, 1.0]], "bev": "bev_dce96ecc45f84501bb97475861516f1e.png", "aux": "aux_dce96ecc45f84501bb97475861516f1e.npz", "visibility": "visibility_dce96ecc45f84501bb97475861516f1e.png", "pose": [[0.4053049385547638, 0.9141815304756165, 0.0, 1309.9329833984375], [-0.9141815304756165, 0.4053049385547638, 0.0, 1241.272216796875], [0.0, 0.0, 1.0, 0.0], [0.0, 0.0, 0.0, 1.0]], "pose_inverse": [[0.4053049385547638, -0.9141815304756165, 0.0, 603.8258666992188], [0.9141815304756165, 0.4053049385547638, 0.0, -1700.6103515625], [0.0, 0.0, 1.0, 0.0], [0.0, 0.0, 0.0, 1.0]], "cam_ids": [0, 1, 2, 3, 4, 5], "cam_channels": ["CAM_FRONT_LEFT", "CAM_FRONT", "CAM_FRONT_RIGHT", "CAM_BACK_LEFT", "CAM_BACK", "CAM_BACK_RIGHT"], "token": "dce96ecc45f84501bb97475861516f1e", "scene": "scene-0921"}, {"images": ["samples/CAM_FRONT_LEFT/n015-2018-10-08-15-36-50+0800__CAM_FRONT_LEFT__1538984491404844.jpg", "samples/CAM_FRONT/n015-2018-10-08-15-36-50+0800__CAM_FRONT__1538984491412460.jpg", "samples/CAM_FRONT_RIGHT/n015-2018-10-08-15-36-50+0800__CAM_FRONT_RIGHT__1538984491420339.jpg", "samples/CAM_BACK_LEFT/n015-2018-10-08-15-36-50+0800__CAM_BACK_LEFT__1538984491447423.jpg", "samples/CAM_BACK/n015-2018-10-08-15-36-50+0800__CAM_BACK__1538984491437525.jpg", "samples/CAM_BACK_RIGHT/n015-2018-10-08-15-36-50+0800__CAM_BACK_RIGHT__1538984491427893.jpg"], "intrinsics": [[[1272.5979470598488, 0.0, 826.6154927353808], [0.0, 1272.5979470598488, 479.75165386361925], [0.0, 0.0, 1.0]], [[1266.417203046554, 0.0, 816.2670197447984], [0.0, 1266.417203046554, 491.50706579294757], [0.0, 0.0, 1.0]], [[1260.8474446004698, 0.0, 807.968244525554], [0.0, 1260.8474446004698, 495.3344268742088], [0.0, 0.0, 1.0]], [[1256.7414812095406, 0.0, 792.1125740759628], [0.0, 1256.7414812095406, 492.7757465151356], [0.0, 0.0, 1.0]], [[809.2209905677063, 0.0, 829.2196003259838], [0.0, 809.2209905677063, 481.77842384512485], [0.0, 0.0, 1.0]], [[1259.5137405846733, 0.0, 807.2529053838625], [0.0, 1259.5137405846733, 501.19579884916527], [0.0, 0.0, 1.0]]], "extrinsics": [[[0.8186200261116028, -0.5702047944068909, -0.06875888258218765, -0.8135986328125], [-0.09311997890472412, -0.013637528754770756, -0.9955614805221558, 1.4911460876464844], [0.5667362213134766, 0.821389377117157, -0.06426141411066055, -1.17724609375], [0.0, 0.0, 0.0, 1.0]], [[0.008555146865546703, -0.999817967414856, 0.017054006457328796, 0.00732421875], [-0.09835205972194672, -0.017813261598348618, -0.9949922561645508, 1.505706787109375], [0.9951149225234985, 0.006835010834038258, -0.09848654270172119, -1.54217529296875], [0.0, 0.0, 0.0, 1.0]], [[-0.8286080360412598, -0.5544266700744629, 0.0775875598192215, 0.93603515625], [-0.09275863319635391, -0.0007078868220560253, -0.9956883192062378, 1.4928054809570312], [0.5520910620689392, -0.8322322368621826, -0.05084129795432091, -1.1832275390625], [0.0, 0.0, 0.0, 1.0]], [[0.9430740475654602, 0.3202597498893738, -0.0896942988038063, -1.1409435272216797], [-0.08404470980167389, -0.03144963085651398, -0.9959655404090881, 1.5884478092193604], [-0.321788489818573, 0.9468075633049011, -0.0027431990019977093, -0.1046142578125], [0.0, 0.0, 0.0, 1.0]], [[-0.0008326528477482498, 0.9997714161872864, -0.021363215520977974, 0.00244140625], [-0.10936189442873001, -0.021326126530766487, -0.9937732219696045, 1.5746707916259766], [-0.9940016269683838, 0.0015088836662471294, 0.1093546450138092, -0.04071044921875], [0.0, 0.0, 0.0, 1.0]], [[-0.9327613711357117, 0.3536548912525177, 0.06988883018493652, 1.057373046875], [-0.0769052654504776, -0.0058067720383405685, -0.997021496295929, 1.5449562072753906], [-0.35219573974609375, -0.9353579878807068, 0.03261424973607063, -0.0926513671875], [0.0, 0.0, 0.0, 1.0]]], "view": [[0.0, -2.0, 100.0], [-2.0, 0.0, 100.0], [0.0, 0.0, 1.0]], "bev": "bev_dff6bea8d6b443548193449a5982f11d.png", "aux": "aux_dff6bea8d6b443548193449a5982f11d.npz", "visibility": "visibility_dff6bea8d6b443548193449a5982f11d.png", "pose": [[0.40573975443840027, 0.9139886498451233, 0.0, 1310.8221435546875], [-0.9139886498451233, 0.40573975443840027, 0.0, 1239.245361328125], [0.0, 0.0, 1.0, 0.0], [0.0, 0.0, 0.0, 1.0]], "pose_inverse": [[0.40573975443840027, -0.9139886498451233, 0.0, 600.8035278320312], [0.9139886498451233, 0.40573975443840027, 0.0, -1700.8876953125], [0.0, 0.0, 1.0, 0.0], [0.0, 0.0, 0.0, 1.0]], "cam_ids": [0, 1, 2, 3, 4, 5], "cam_channels": ["CAM_FRONT_LEFT", "CAM_FRONT", "CAM_FRONT_RIGHT", "CAM_BACK_LEFT", "CAM_BACK", "CAM_BACK_RIGHT"], "token": "dff6bea8d6b443548193449a5982f11d", "scene": "scene-0921"}, {"images": ["samples/CAM_FRONT_LEFT/n015-2018-10-08-15-36-50+0800__CAM_FRONT_LEFT__1538984491904844.jpg", "samples/CAM_FRONT/n015-2018-10-08-15-36-50+0800__CAM_FRONT__1538984491912460.jpg", "samples/CAM_FRONT_RIGHT/n015-2018-10-08-15-36-50+0800__CAM_FRONT_RIGHT__1538984491920339.jpg", "samples/CAM_BACK_LEFT/n015-2018-10-08-15-36-50+0800__CAM_BACK_LEFT__1538984491947423.jpg", "samples/CAM_BACK/n015-2018-10-08-15-36-50+0800__CAM_BACK__1538984491937525.jpg", "samples/CAM_BACK_RIGHT/n015-2018-10-08-15-36-50+0800__CAM_BACK_RIGHT__1538984491927893.jpg"], "intrinsics": [[[1272.5979470598488, 0.0, 826.6154927353808], [0.0, 1272.5979470598488, 479.75165386361925], [0.0, 0.0, 1.0]], [[1266.417203046554, 0.0, 816.2670197447984], [0.0, 1266.417203046554, 491.50706579294757], [0.0, 0.0, 1.0]], [[1260.8474446004698, 0.0, 807.968244525554], [0.0, 1260.8474446004698, 495.3344268742088], [0.0, 0.0, 1.0]], [[1256.7414812095406, 0.0, 792.1125740759628], [0.0, 1256.7414812095406, 492.7757465151356], [0.0, 0.0, 1.0]], [[809.2209905677063, 0.0, 829.2196003259838], [0.0, 809.2209905677063, 481.77842384512485], [0.0, 0.0, 1.0]], [[1259.5137405846733, 0.0, 807.2529053838625], [0.0, 1259.5137405846733, 501.19579884916527], [0.0, 0.0, 1.0]]], "extrinsics": [[[0.8186700940132141, -0.5702456831932068, -0.06781609356403351, -0.8311767578125], [-0.09427208453416824, -0.016963692381978035, -0.9954019784927368, 1.4928302764892578], [0.5664733648300171, 0.8212989568710327, -0.06764592230319977, -1.187744140625], [0.0, 0.0, 0.0, 1.0]], [[0.008810780942440033, -0.9997532367706299, 0.020389558747410774, 0.00634765625], [-0.09950246661901474, -0.021165700629353523, -0.9948121905326843, 1.5071792602539062], [0.9949982762336731, 0.006736269686371088, -0.09966440498828888, -1.558837890625], [0.0, 0.0, 0.0, 1.0]], [[-0.8283816576004028, -0.5543612837791443, 0.08041977137327194, 0.946258544921875], [-0.09391394257545471, -0.004089520778506994, -0.9955719113349915, 1.493896484375], [0.5522353649139404, -0.8322660326957703, -0.0486745722591877, -1.191162109375], [0.0, 0.0, 0.0, 1.0]], [[0.9429060816764832, 0.32016947865486145, -0.0917583629488945, -1.1423454284667969], [-0.08505517244338989, -0.034890081733465195, -0.9957651495933533, 1.588571548461914], [-0.32201504707336426, 0.9467175006866455, -0.005666002165526152, -0.1038818359375], [0.0, 0.0, 0.0, 1.0]], [[-0.001125484355725348, 0.999692440032959, -0.024775033816695213, 0.0028076171875], [-0.11044882982969284, -0.02474774233996868, -0.9935736656188965, 1.5751972198486328], [-0.993881106376648, 0.0016180905513465405, 0.11044269800186157, -0.03558349609375], [0.0, 0.0, 0.0, 1.0]], [[-0.9327710866928101, 0.35365480184555054, 0.06975884735584259, 1.066650390625], [-0.07805071771144867, -0.00921915378421545, -0.9969068169593811, 1.5456199645996094], [-0.3519177734851837, -0.9353305697441101, 0.03620237484574318, -0.08984375], [0.0, 0.0, 0.0, 1.0]]], "view": [[0.0, -2.0, 100.0], [-2.0, 0.0, 100.0], [0.0, 0.0, 1.0]], "bev": "bev_74b387cb0fe240008650a57798ff46a5.png", "aux": "aux_74b387cb0fe240008650a57798ff46a5.npz", "visibility": "visibility_74b387cb0fe240008650a57798ff46a5.png", "pose": [[0.4090817868709564, 0.9124976992607117, 0.0, 1311.64892578125], [-0.9124976992607117, 0.4090817868709564, 0.0, 1237.40234375], [0.0, 0.0, 1.0, 0.0], [0.0, 0.0, 0.0, 1.0]], "pose_inverse": [[0.4090817868709564, -0.9124976992607117, 0.0, 592.5551147460938], [0.9124976992607117, 0.4090817868709564, 0.0, -1703.075439453125], [0.0, 0.0, 1.0, 0.0], [0.0, 0.0, 0.0, 1.0]], "cam_ids": [0, 1, 2, 3, 4, 5], "cam_channels": ["CAM_FRONT_LEFT", "CAM_FRONT", "CAM_FRONT_RIGHT", "CAM_BACK_LEFT", "CAM_BACK", "CAM_BACK_RIGHT"], "token": "74b387cb0fe240008650a57798ff46a5", "scene": "scene-0921"}, {"images": ["samples/CAM_FRONT_LEFT/n015-2018-10-08-15-36-50+0800__CAM_FRONT_LEFT__1538984492404844.jpg", "samples/CAM_FRONT/n015-2018-10-08-15-36-50+0800__CAM_FRONT__1538984492412460.jpg", "samples/CAM_FRONT_RIGHT/n015-2018-10-08-15-36-50+0800__CAM_FRONT_RIGHT__1538984492420339.jpg", "samples/CAM_BACK_LEFT/n015-2018-10-08-15-36-50+0800__CAM_BACK_LEFT__1538984492447423.jpg", "samples/CAM_BACK/n015-2018-10-08-15-36-50+0800__CAM_BACK__1538984492437525.jpg", "samples/CAM_BACK_RIGHT/n015-2018-10-08-15-36-50+0800__CAM_BACK_RIGHT__1538984492427893.jpg"], "intrinsics": [[[1272.5979470598488, 0.0, 826.6154927353808], [0.0, 1272.5979470598488, 479.75165386361925], [0.0, 0.0, 1.0]], [[1266.417203046554, 0.0, 816.2670197447984], [0.0, 1266.417203046554, 491.50706579294757], [0.0, 0.0, 1.0]], [[1260.8474446004698, 0.0, 807.968244525554], [0.0, 1260.8474446004698, 495.3344268742088], [0.0, 0.0, 1.0]], [[1256.7414812095406, 0.0, 792.1125740759628], [0.0, 1256.7414812095406, 492.7757465151356], [0.0, 0.0, 1.0]], [[809.2209905677063, 0.0, 829.2196003259838], [0.0, 809.2209905677063, 481.77842384512485], [0.0, 0.0, 1.0]], [[1259.5137405846733, 0.0, 807.2529053838625], [0.0, 1259.5137405846733, 501.19579884916527], [0.0, 0.0, 1.0]]], "extrinsics": [[[0.8187453150749207, -0.5703450441360474, -0.06604956090450287, -0.847900390625], [-0.09044434875249863, -0.01451579574495554, -0.995795726776123, 1.4953250885009766], [0.5669884085655212, 0.8212769627571106, -0.06346923112869263, -1.19921875], [0.0, 0.0, 0.0, 1.0]], [[0.008437275886535645, -0.9998006224632263, 0.01809646561741829, 0.006103515625], [-0.09575106203556061, -0.018821733072400093, -0.9952273368835449, 1.5092277526855469], [0.995369553565979, 0.006664269603788853, -0.09589077532291412, -1.57489013671875], [0.0, 0.0, 0.0, 1.0]], [[-0.8288285136222839, -0.5543000102043152, 0.07612327486276627, 0.95623779296875], [-0.0902303159236908, -0.0018530864035710692, -0.9959191679954529, 1.4953651428222656], [0.5521790385246277, -0.8323148488998413, -0.04847877472639084, -1.19775390625], [0.0, 0.0, 0.0, 1.0]], [[0.9433019161224365, 0.32008206844329834, -0.08791466802358627, -1.1428442001342773], [-0.08160118758678436, -0.03311198204755783, -0.9961148500442505, 1.5886316299438477], [-0.32174941897392273, 0.9468110203742981, -0.005115532781928778, -0.103515625], [0.0, 0.0, 0.0, 1.0]], [[-0.0007906966493465006, 0.999738872051239, -0.022838568314909935, 0.002685546875], [-0.10692199319601059, -0.02279217727482319, -0.9940061569213867, 1.5758075714111328], [-0.9942671060562134, 0.0016559347277507186, 0.10691209137439728, -0.0311279296875], [0.0, 0.0, 0.0, 1.0]], [[-0.9329238533973694, 0.35376256704330444, 0.06712047010660172, 1.0745849609375], [-0.07443339377641678, -0.007089771796017885, -0.9972007870674133, 1.546529769897461], [-0.3522964417934418, -0.9353084564208984, 0.032945964485406876, -0.0867919921875], [0.0, 0.0, 0.0, 1.0]]], "view": [[0.0, -2.0, 100.0], [-2.0, 0.0, 100.0], [0.0, 0.0, 1.0]], "bev": "bev_fbe07d34fbff4ff1a1cd79e9a4e47689.png", "aux": "aux_fbe07d34fbff4ff1a1cd79e9a4e47689.npz", "visibility": "visibility_fbe07d34fbff4ff1a1cd79e9a4e47689.png", "pose": [[0.40973803400993347, 0.9122032523155212, 0.0, 1312.360595703125], [-0.9122032523155212, 0.40973803400993347, 0.0, 1235.80126953125], [0.0, 0.0, 1.0, 0.0], [0.0, 0.0, 0.0, 1.0]], "pose_inverse": [[0.40973803400993347, -0.9122032523155212, 0.0, 589.5778198242188], [0.9122032523155212, 0.40973803400993347, 0.0, -1703.494384765625], [0.0, 0.0, 1.0, 0.0], [0.0, 0.0, 0.0, 1.0]], "cam_ids": [0, 1, 2, 3, 4, 5], "cam_channels": ["CAM_FRONT_LEFT", "CAM_FRONT", "CAM_FRONT_RIGHT", "CAM_BACK_LEFT", "CAM_BACK", "CAM_BACK_RIGHT"], "token": "fbe07d34fbff4ff1a1cd79e9a4e47689", "scene": "scene-0921"}, {"images": ["samples/CAM_FRONT_LEFT/n015-2018-10-08-15-36-50+0800__CAM_FRONT_LEFT__1538984492904844.jpg", "samples/CAM_FRONT/n015-2018-10-08-15-36-50+0800__CAM_FRONT__1538984492912460.jpg", "samples/CAM_FRONT_RIGHT/n015-2018-10-08-15-36-50+0800__CAM_FRONT_RIGHT__1538984492920339.jpg", "samples/CAM_BACK_LEFT/n015-2018-10-08-15-36-50+0800__CAM_BACK_LEFT__1538984492947423.jpg", "samples/CAM_BACK/n015-2018-10-08-15-36-50+0800__CAM_BACK__1538984492937525.jpg", "samples/CAM_BACK_RIGHT/n015-2018-10-08-15-36-50+0800__CAM_BACK_RIGHT__1538984492927893.jpg"], "intrinsics": [[[1272.5979470598488, 0.0, 826.6154927353808], [0.0, 1272.5979470598488, 479.75165386361925], [0.0, 0.0, 1.0]], [[1266.417203046554, 0.0, 816.2670197447984], [0.0, 1266.417203046554, 491.50706579294757], [0.0, 0.0, 1.0]], [[1260.8474446004698, 0.0, 807.968244525554], [0.0, 1260.8474446004698, 495.3344268742088], [0.0, 0.0, 1.0]], [[1256.7414812095406, 0.0, 792.1125740759628], [0.0, 1256.7414812095406, 492.7757465151356], [0.0, 0.0, 1.0]], [[809.2209905677063, 0.0, 829.2196003259838], [0.0, 809.2209905677063, 481.77842384512485], [0.0, 0.0, 1.0]], [[1259.5137405846733, 0.0, 807.2529053838625], [0.0, 1259.5137405846733, 501.19579884916527], [0.0, 0.0, 1.0]]], "extrinsics": [[[0.8192139267921448, -0.570848822593689, -0.05495547875761986, -0.849609375], [-0.08253451436758041, -0.022526873275637627, -0.9963335990905762, 1.4965944290161133], [0.5675178170204163, 0.8207460641860962, -0.06556905806064606, -1.19970703125], [0.0, 0.0, 0.0, 1.0]], [[0.008284159936010838, -0.9996297955513, 0.025914568454027176, 0.0052490234375], [-0.08764958381652832, -0.02654160000383854, -0.9957977533340454, 1.5103840827941895], [0.9961169362068176, 0.005977923516184092, -0.08783701807260513, -1.5772705078125], [0.0, 0.0, 0.0, 1.0]], [[-0.829415500164032, -0.5537974238395691, 0.07333603501319885, 0.958282470703125], [-0.08192116022109985, -0.009280790574848652, -0.996595561504364, 1.4963397979736328], [0.5525927543640137, -0.8325996398925781, -0.03767010569572449, -1.19970703125], [0.0, 0.0, 0.0, 1.0]], [[0.9440021514892578, 0.31966230273246765, -0.08170579373836517, -1.1414670944213867], [-0.07282651215791702, -0.039654362946748734, -0.9965559840202332, 1.5884952545166016], [-0.3218012750148773, 0.9467014074325562, -0.014153916388750076, -0.1041259765625], [0.0, 0.0, 0.0, 1.0]], [[-0.0006869073258712888, 0.9995588064193726, -0.029693780466914177, 0.0029296875], [-0.09828560054302216, -0.02961749956011772, -0.9947174191474915, 1.5761079788208008], [-0.9951580166816711, 0.0022352070081979036, 0.09826258569955826, -0.03094482421875], [0.0, 0.0, 0.0, 1.0]], [[-0.933482825756073, 0.35412243008613586, 0.05663130804896355, 1.076171875], [-0.06593350321054459, -0.014247841201722622, -0.9977222681045532, 1.5471992492675781], [-0.3525089919567108, -0.9350905418395996, 0.03664864972233772, -0.08642578125], [0.0, 0.0, 0.0, 1.0]]], "view": [[0.0, -2.0, 100.0], [-2.0, 0.0, 100.0], [0.0, 0.0, 1.0]], "bev": "bev_4209f80d9d05482ba667a89414d53638.png", "aux": "aux_4209f80d9d05482ba667a89414d53638.npz", "visibility": "visibility_4209f80d9d05482ba667a89414d53638.png", "pose": [[0.4101535677909851, 0.9120164513587952, 0.0, 1313.0518798828125], [-0.9120164513587952, 0.4101535677909851, 0.0, 1234.2626953125], [0.0, 0.0, 1.0, 0.0], [0.0, 0.0, 0.0, 1.0]], "pose_inverse": [[0.4101535677909851, -0.9120164513587952, 0.0, 587.114990234375], [0.9120164513587952, 0.4101535677909851, 0.0, -1703.76220703125], [0.0, 0.0, 1.0, 0.0], [0.0, 0.0, 0.0, 1.0]], "cam_ids": [0, 1, 2, 3, 4, 5], "cam_channels": ["CAM_FRONT_LEFT", "CAM_FRONT", "CAM_FRONT_RIGHT", "CAM_BACK_LEFT", "CAM_BACK", "CAM_BACK_RIGHT"], "token": "4209f80d9d05482ba667a89414d53638", "scene": "scene-0921"}, {"images": ["samples/CAM_FRONT_LEFT/n015-2018-10-08-15-36-50+0800__CAM_FRONT_LEFT__1538984493404844.jpg", "samples/CAM_FRONT/n015-2018-10-08-15-36-50+0800__CAM_FRONT__1538984493412460.jpg", "samples/CAM_FRONT_RIGHT/n015-2018-10-08-15-36-50+0800__CAM_FRONT_RIGHT__1538984493420339.jpg", "samples/CAM_BACK_LEFT/n015-2018-10-08-15-36-50+0800__CAM_BACK_LEFT__1538984493447423.jpg", "samples/CAM_BACK/n015-2018-10-08-15-36-50+0800__CAM_BACK__1538984493437525.jpg", "samples/CAM_BACK_RIGHT/n015-2018-10-08-15-36-50+0800__CAM_BACK_RIGHT__1538984493427893.jpg"], "intrinsics": [[[1272.5979470598488, 0.0, 826.6154927353808], [0.0, 1272.5979470598488, 479.75165386361925], [0.0, 0.0, 1.0]], [[1266.417203046554, 0.0, 816.2670197447984], [0.0, 1266.417203046554, 491.50706579294757], [0.0, 0.0, 1.0]], [[1260.8474446004698, 0.0, 807.968244525554], [0.0, 1260.8474446004698, 495.3344268742088], [0.0, 0.0, 1.0]], [[1256.7414812095406, 0.0, 792.1125740759628], [0.0, 1256.7414812095406, 492.7757465151356], [0.0, 0.0, 1.0]], [[809.2209905677063, 0.0, 829.2196003259838], [0.0, 809.2209905677063, 481.77842384512485], [0.0, 0.0, 1.0]], [[1259.5137405846733, 0.0, 807.2529053838625], [0.0, 1259.5137405846733, 501.19579884916527], [0.0, 0.0, 1.0]]], "extrinsics": [[[0.8207495212554932, -0.5702770948410034, -0.03397371247410774, -0.849365234375], [-0.059723690152168274, -0.02650831639766693, -0.9978628754615784, 1.4998855590820312], [0.5681577324867249, 0.8210245370864868, -0.055815741419792175, -1.2012939453125], [0.0, 0.0, 0.0, 1.0]], [[0.008300337009131908, -0.9995156526565552, 0.029990635812282562, 0.006591796875], [-0.06469424068927765, -0.030465593561530113, -0.997439980506897, 1.5130767822265625], [0.9978705644607544, 0.00633882125839591, -0.06491578370332718, -1.57708740234375], [0.0, 0.0, 0.0, 1.0]], [[-0.8306854367256165, -0.5538955330848694, 0.05622512102127075, 0.957733154296875], [-0.05879759043455124, -0.013144477270543575, -0.9981833696365356, 1.4983530044555664], [0.5536283254623413, -0.8324823379516602, -0.021648801863193512, -1.1983642578125], [0.0, 0.0, 0.0, 1.0]], [[0.9458049535751343, 0.3191070258617401, -0.060197629034519196, -1.1403388977050781], [-0.04899495840072632, -0.04302584379911423, -0.9978718161582947, 1.5884552001953125], [-0.32101795077323914, 0.9467414617538452, -0.025059422478079796, -0.1043701171875], [0.0, 0.0, 0.0, 1.0]], [[0.00011519384861458093, 0.999445378780365, -0.03330177441239357, 0.002685546875], [-0.07477496564388275, -0.03319993615150452, -0.9966475963592529, 1.5768060684204102], [-0.9972003698348999, 0.002604918088