[{"images": ["samples/CAM_FRONT_LEFT/n015-2018-10-08-15-36-50+0800__CAM_FRONT_LEFT__1538984293504844.jpg", "samples/CAM_FRONT/n015-2018-10-08-15-36-50+0800__CAM_FRONT__1538984293512460.jpg", "samples/CAM_FRONT_RIGHT/n015-2018-10-08-15-36-50+0800__CAM_FRONT_RIGHT__1538984293520339.jpg", "samples/CAM_BACK_LEFT/n015-2018-10-08-15-36-50+0800__CAM_BACK_LEFT__1538984293547423.jpg", "samples/CAM_BACK/n015-2018-10-08-15-36-50+0800__CAM_BACK__1538984293537525.jpg", "samples/CAM_BACK_RIGHT/n015-2018-10-08-15-36-50+0800__CAM_BACK_RIGHT__1538984293527893.jpg"], "intrinsics": [[[1272.5979470598488, 0.0, 826.6154927353808], [0.0, 1272.5979470598488, 479.75165386361925], [0.0, 0.0, 1.0]], [[1266.417203046554, 0.0, 816.2670197447984], [0.0, 1266.417203046554, 491.50706579294757], [0.0, 0.0, 1.0]], [[1260.8474446004698, 0.0, 807.968244525554], [0.0, 1260.8474446004698, 495.3344268742088], [0.0, 0.0, 1.0]], [[1256.7414812095406, 0.0, 792.1125740759628], [0.0, 1256.7414812095406, 492.7757465151356], [0.0, 0.0, 1.0]], [[809.2209905677063, 0.0, 829.2196003259838], [0.0, 809.2209905677063, 481.77842384512485], [0.0, 0.0, 1.0]], [[1259.5137405846733, 0.0, 807.2529053838625], [0.0, 1259.5137405846733, 501.19579884916527], [0.0, 0.0, 1.0]]], "extrinsics": [[[0.8152521252632141, -0.5755174160003662, -0.06437037885189056, -0.8394775390625], [-0.09661973267793655, -0.02557939663529396, -0.9949926137924194, 1.493499755859375], [0.5709890723228455, 0.8173893094062805, -0.07646000385284424, -1.1939697265625], [0.0, 0.0, 0.0, 1.0]], [[0.0034859387669712305, -0.9995632767677307, 0.029343754053115845, 0.00640869140625], [-0.10322100669145584, -0.029546860605478287, -0.9942195415496826, 1.5075225830078125], [0.9946523308753967, 0.0004368862137198448, -0.10327892005443573, -1.5665283203125], [0.0, 0.0, 0.0, 1.0]], [[-0.8307744264602661, -0.5493819117546082, 0.08940480649471283, 0.950439453125], [-0.0989442989230156, -0.012302706949412823, -0.995016872882843, 1.4938812255859375], [0.5477442145347595, -0.8354807496070862, -0.044137436896562576, -1.19415283203125], [0.0, 0.0, 0.0, 1.0]], [[0.9431483745574951, 0.3158237636089325, -0.10356887429952621, -1.140625], [-0.09499747306108475, -0.04246022179722786, -0.9945715665817261, 1.5883941650390625], [-0.31850680708885193, 0.9478673338890076, -0.010043839924037457, -0.10428619384765625], [0.0, 0.0, 0.0, 1.0]], [[0.00292841880582273, 0.9994520545005798, -0.03297010809183121, 0.0028076171875], [-0.1185721606016159, -0.03239060565829277, -0.9924169778823853, 1.574920654296875], [-0.99294114112854, 0.0068156179040670395, 0.1184123307466507, -0.0352783203125], [0.0, 0.0, 0.0, 1.0]], [[-0.9306081533432007, 0.3587338626384735, 0.0726524218916893, 1.0689697265625], [-0.08444145321846008, -0.01728258840739727, -0.9962785243988037, 1.5453643798828125], [-0.3561433255672455, -0.9332798719406128, 0.0463753268122673, -0.0889892578125], [0.0, 0.0, 0.0, 1.0]]], "view": [[0.0, -2.0, 100.0], [-2.0, 0.0, 100.0], [0.0, 0.0, 1.0]], "bev": "bev_8c5c08c818d247ee9de5aa08e6762003.png", "aux": "aux_8c5c08c818d247ee9de5aa08e6762003.npz", "visibility": "visibility_8c5c08c818d247ee9de5aa08e6762003.png", "pose": [[-0.5623692870140076, 0.8268861770629883, 0.0, 543.2228393554688], [-0.8268861770629883, -0.5623692870140076, 0.0, 1737.3616943359375], [0.0, 0.0, 1.0, 0.0], [0.0, 0.0, 0.0, 1.0]], "pose_inverse": [[-0.5623692870140076, -0.8268861770629883, 0.0, 1742.09228515625], [0.8268861770629883, -0.5623692870140076, 0.0, 527.8554077148438], [0.0, 0.0, 1.0, 0.0], [0.0, 0.0, 0.0, 1.0]], "cam_ids": [0, 1, 2, 3, 4, 5], "cam_channels": ["CAM_FRONT_LEFT", "CAM_FRONT", "CAM_FRONT_RIGHT", "CAM_BACK_LEFT", "CAM_BACK", "CAM_BACK_RIGHT"], "token": "8c5c08c818d247ee9de5aa08e6762003", "scene": "scene-0917"}, {"images": ["samples/CAM_FRONT_LEFT/n015-2018-10-08-15-36-50+0800__CAM_FRONT_LEFT__1538984294004844.jpg", "samples/CAM_FRONT/n015-2018-10-08-15-36-50+0800__CAM_FRONT__1538984294012460.jpg", "samples/CAM_FRONT_RIGHT/n015-2018-10-08-15-36-50+0800__CAM_FRONT_RIGHT__1538984294020339.jpg", "samples/CAM_BACK_LEFT/n015-2018-10-08-15-36-50+0800__CAM_BACK_LEFT__1538984294047423.jpg", "samples/CAM_BACK/n015-2018-10-08-15-36-50+0800__CAM_BACK__1538984294037525.jpg", "samples/CAM_BACK_RIGHT/n015-2018-10-08-15-36-50+0800__CAM_BACK_RIGHT__1538984294027893.jpg"], "intrinsics": [[[1272.5979470598488, 0.0, 826.6154927353808], [0.0, 1272.5979470598488, 479.75165386361925], [0.0, 0.0, 1.0]], [[1266.417203046554, 0.0, 816.2670197447984], [0.0, 1266.417203046554, 491.50706579294757], [0.0, 0.0, 1.0]], [[1260.8474446004698, 0.0, 807.968244525554], [0.0, 1260.8474446004698, 495.3344268742088], [0.0, 0.0, 1.0]], [[1256.7414812095406, 0.0, 792.1125740759628], [0.0, 1256.7414812095406, 492.7757465151356], [0.0, 0.0, 1.0]], [[809.2209905677063, 0.0, 829.2196003259838], [0.0, 809.2209905677063, 481.77842384512485], [0.0, 0.0, 1.0]], [[1259.5137405846733, 0.0, 807.2529053838625], [0.0, 1259.5137405846733, 501.19579884916527], [0.0, 0.0, 1.0]]], "extrinsics": [[[0.8142396807670593, -0.5760517716407776, -0.07195979356765747, -0.8175048828125], [-0.10372511297464371, -0.02240009419620037, -0.994353711605072, 1.48968505859375], [0.5711873173713684, 0.817106306552887, -0.0779900774359703, -1.1798095703125], [0.0, 0.0, 0.0, 1.0]], [[0.0029254837427288294, -0.9996492266654968, 0.026321912184357643, 0.00732421875], [-0.10818863660097122, -0.026483921334147453, -0.9937775731086731, 1.504730224609375], [0.9941260814666748, 5.945975499344058e-05, -0.1082281619310379, -1.5465087890625], [0.0, 0.0, 0.0, 1.0]], [[-0.8307933807373047, -0.5492397546768188, 0.09010039269924164, 0.939453125], [-0.10169585049152374, -0.00936032272875309, -0.9947714805603027, 1.4922027587890625], [0.5472114086151123, -0.8356123566627502, -0.048078905791044235, -1.18597412109375], [0.0, 0.0, 0.0, 1.0]], [[0.9435949325561523, 0.31626972556114197, -0.09799055755138397, -1.1407470703125], [-0.08999063074588776, -0.03983991965651512, -0.9951454401016235, 1.5884246826171875], [-0.31863823533058167, 0.9478324055671692, -0.009131437167525291, -0.10431671142578125], [0.0, 0.0, 0.0, 1.0]], [[0.003044881159439683, 0.9995390772819519, -0.03020717017352581, 0.002532958984375], [-0.11646915227174759, -0.029647253453731537, -0.9927517771720886, 1.5745391845703125], [-0.9931896924972534, 0.006541060283780098, 0.11632518470287323, -0.0394287109375], [0.0, 0.0, 0.0, 1.0]], [[-0.9304599761962891, 0.3587856888771057, 0.07427675276994705, 1.06103515625], [-0.08508850634098053, -0.014414760284125805, -0.9962691068649292, 1.5446319580078125], [-0.35637640953063965, -0.9333087205886841, 0.04394088685512543, -0.091552734375], [0.0, 0.0, 0.0, 1.0]]], "view": [[0.0, -2.0, 100.0], [-2.0, 0.0, 100.0], [0.0, 0.0, 1.0]], "bev": "bev_7ff2bedf2f8949d3ac58041336fe5db0.png", "aux": "aux_7ff2bedf2f8949d3ac58041336fe5db0.npz", "visibility": "visibility_7ff2bedf2f8949d3ac58041336fe5db0.png", "pose": [[-0.537793755531311, 0.8430764675140381, 0.0, 542.1427612304688], [-0.8430764675140381, -0.537793755531311, 0.0, 1735.752685546875], [0.0, 0.0, 1.0, 0.0], [0.0, 0.0, 0.0, 1.0]], "pose_inverse": [[-0.537793755531311, -0.8430764675140381, 0.0, 1754.9332275390625], [0.8430764675140381, -0.537793755531311, 0.0, 476.40911865234375], [0.0, 0.0, 1.0, 0.0], [0.0, 0.0, 0.0, 1.0]], "cam_ids": [0, 1, 2, 3, 4, 5], "cam_channels": ["CAM_FRONT_LEFT", "CAM_FRONT", "CAM_FRONT_RIGHT", "CAM_BACK_LEFT", "CAM_BACK", "CAM_BACK_RIGHT"], "token": "7ff2bedf2f8949d3ac58041336fe5db0", "scene": "scene-0917"}, {"images": ["samples/CAM_FRONT_LEFT/n015-2018-10-08-15-36-50+0800__CAM_FRONT_LEFT__1538984294504844.jpg", "samples/CAM_FRONT/n015-2018-10-08-15-36-50+0800__CAM_FRONT__1538984294512460.jpg", "samples/CAM_FRONT_RIGHT/n015-2018-10-08-15-36-50+0800__CAM_FRONT_RIGHT__1538984294520339.jpg", "samples/CAM_BACK_LEFT/n015-2018-10-08-15-36-50+0800__CAM_BACK_LEFT__1538984294547423.jpg", "samples/CAM_BACK/n015-2018-10-08-15-36-50+0800__CAM_BACK__1538984294537525.jpg", "samples/CAM_BACK_RIGHT/n015-2018-10-08-15-36-50+0800__CAM_BACK_RIGHT__1538984294527893.jpg"], "intrinsics": [[[1272.5979470598488, 0.0, 826.6154927353808], [0.0, 1272.5979470598488, 479.75165386361925], [0.0, 0.0, 1.0]], [[1266.417203046554, 0.0, 816.2670197447984], [0.0, 1266.417203046554, 491.50706579294757], [0.0, 0.0, 1.0]], [[1260.8474446004698, 0.0, 807.968244525554], [0.0, 1260.8474446004698, 495.3344268742088], [0.0, 0.0, 1.0]], [[1256.7414812095406, 0.0, 792.1125740759628], [0.0, 1256.7414812095406, 492.7757465151356], [0.0, 0.0, 1.0]], [[809.2209905677063, 0.0, 829.2196003259838], [0.0, 809.2209905677063, 481.77842384512485], [0.0, 0.0, 1.0]], [[1259.5137405846733, 0.0, 807.2529053838625], [0.0, 1259.5137405846733, 501.19579884916527], [0.0, 0.0, 1.0]]], "extrinsics": [[[0.8178370594978333, -0.5739728212356567, -0.041205354034900665, -0.80224609375], [-0.06912436336278915, -0.026901302859187126, -0.9972452521324158, 1.494598388671875], [0.5712831020355225, 0.8184323906898499, -0.061676379293203354, -1.1680908203125], [0.0, 0.0, 0.0, 1.0]], [[0.004646799527108669, -0.999520480632782, 0.03061126172542572, 0.00677490234375], [-0.07452353090047836, -0.030872603878378868, -0.9967412948608398, 1.508453369140625], [0.9972084164619446, 0.0023503119591623545, -0.07463125884532928, -1.5301513671875], [0.0, 0.0, 0.0, 1.0]], [[-0.8319528102874756, -0.5510175824165344, 0.06506967544555664, 0.9281005859375], [-0.06900542229413986, -0.01360985729843378, -0.9975233674049377, 1.494964599609375], [0.5505385398864746, -0.8343825936317444, -0.026700444519519806, -1.17877197265625], [0.0, 0.0, 0.0, 1.0]], [[0.9455374479293823, 0.3175964951515198, -0.07135386765003204, -1.140869140625], [-0.06057133898139, -0.04370974749326706, -0.9972063899040222, 1.588470458984375], [-0.31982818245887756, 0.9472179412841797, -0.022091954946517944, -0.1040496826171875], [0.0, 0.0, 0.0, 1.0]], [[0.001984159927815199, 0.9994198679924011, -0.03399898111820221, 0.002655029296875], [-0.0858851745724678, -0.03370310738682747, -0.9957348108291626, 1.5753631591796875], [-0.9963030815124512, 0.004895774647593498, 0.08576848357915878, -0.044677734375], [0.0, 0.0, 0.0, 1.0]], [[-0.9331700801849365, 0.35683462023735046, 0.04315873235464096, 1.051513671875], [-0.05326513200998306, -0.018539100885391235, -0.998408317565918, 1.5466461181640625], [-0.3554666042327881, -0.933983564376831, 0.03630697354674339, -0.0953369140625], [0.0, 0.0, 0.0, 1.0]]], "view": [[0.0, -2.0, 100.0], [-2.0, 0.0, 100.0], [0.0, 0.0, 1.0]], "bev": "bev_2b78a8099c93418097ce1f2807e23618.png", "aux": "aux_2b78a8099c93418097ce1f2807e23618.npz", "visibility": "visibility_2b78a8099c93418097ce1f2807e23618.png", "pose": [[-0.5092709064483643, 0.8606062531471252, 0.0, 540.9713134765625], [-0.8606062531471252, -0.5092709064483643, 0.0, 1733.8663330078125], [0.0, 0.0, 1.0, 0.0], [0.0, 0.0, 0.0, 1.0]], "pose_inverse": [[-0.5092709064483643, -0.8606062531471252, 0.0, 1767.6771240234375], [0.8606062531471252, -0.5092709064483643, 0.0, 417.4443664550781], [0.0, 0.0, 1.0, 0.0], [0.0, 0.0, 0.0, 1.0]], "cam_ids": [0, 1, 2, 3, 4, 5], "cam_channels": ["CAM_FRONT_LEFT", "CAM_FRONT", "CAM_FRONT_RIGHT", "CAM_BACK_LEFT", "CAM_BACK", "CAM_BACK_RIGHT"], "token": "2b78a8099c93418097ce1f2807e23618", "scene": "scene-0917"}, {"images": ["samples/CAM_FRONT_LEFT/n015-2018-10-08-15-36-50+0800__CAM_FRONT_LEFT__1538984295004844.jpg", "samples/CAM_FRONT/n015-2018-10-08-15-36-50+0800__CAM_FRONT__1538984295012460.jpg", "samples/CAM_FRONT_RIGHT/n015-2018-10-08-15-36-50+0800__CAM_FRONT_RIGHT__1538984295020339.jpg", "samples/CAM_BACK_LEFT/n015-2018-10-08-15-36-50+0800__CAM_BACK_LEFT__1538984295047572.jpg", "samples/CAM_BACK/n015-2018-10-08-15-36-50+0800__CAM_BACK__1538984295037525.jpg", "samples/CAM_BACK_RIGHT/n015-2018-10-08-15-36-50+0800__CAM_BACK_RIGHT__1538984295027893.jpg"], "intrinsics": [[[1272.5979470598488, 0.0, 826.6154927353808], [0.0, 1272.5979470598488, 479.75165386361925], [0.0, 0.0, 1.0]], [[1266.417203046554, 0.0, 816.2670197447984], [0.0, 1266.417203046554, 491.50706579294757], [0.0, 0.0, 1.0]], [[1260.8474446004698, 0.0, 807.968244525554], [0.0, 1260.8474446004698, 495.3344268742088], [0.0, 0.0, 1.0]], [[1256.7414812095406, 0.0, 792.1125740759628], [0.0, 1256.7414812095406, 492.7757465151356], [0.0, 0.0, 1.0]], [[809.2209905677063, 0.0, 829.2196003259838], [0.0, 809.2209905677063, 481.77842384512485], [0.0, 0.0, 1.0]], [[1259.5137405846733, 0.0, 807.2529053838625], [0.0, 1259.5137405846733, 501.19579884916527], [0.0, 0.0, 1.0]]], "extrinsics": [[[0.8176411986351013, -0.5739461779594421, -0.04526299983263016, -0.802978515625], [-0.07005348056554794, -0.021146509796380997, -0.9973190426826477, 1.494415283203125], [0.5714502334594727, 0.8186199069023132, -0.057497184723615646, -1.1676025390625], [0.0, 0.0, 0.0, 1.0]], [[0.004397477954626083, -0.9996770024299622, 0.025032347068190575, 0.00604248046875], [-0.0752577930688858, -0.025292444974184036, -0.9968433380126953, 1.50830078125], [0.9971544146537781, 0.002499760128557682, -0.07534471154212952, -1.5301513671875], [0.0, 0.0, 0.0, 1.0]], [[-0.8320629596710205, -0.5511451363563538, 0.06253243237733841, 0.9271240234375], [-0.06953302025794983, -0.008206769824028015, -0.9975458383560181, 1.494842529296875], [0.5503057241439819, -0.8343690037727356, -0.03149423375725746, -1.178955078125], [0.0, 0.0, 0.0, 1.0]], [[0.9456154108047485, 0.3177226185798645, -0.06974084675312042, -1.1422119140625], [-0.060504015535116196, -0.03886024281382561, -0.9974111914634705, 1.5885696411132812], [-0.31961026787757874, 0.9473870992660522, -0.017523350194096565, -0.103668212890625], [0.0, 0.0, 0.0, 1.0]], [[0.002223678631708026, 0.9995779395103455, -0.028966760262846947, 0.002838134765625], [-0.08602067828178406, -0.028668254613876343, -0.9958808422088623, 1.5753173828125], [-0.996290922164917, 0.004706299398094416, 0.08592061698436737, -0.044921875], [0.0, 0.0, 0.0, 1.0]], [[-0.9330657720565796, 0.35683852434158325, 0.045327551662921906, 1.050537109375], [-0.05359237268567085, -0.013302389532327652, -0.9984742999076843, 1.5465240478515625], [-0.355691134929657, -0.9340714812278748, 0.03153583034873009, -0.09625244140625], [0.0, 0.0, 0.0, 1.0]]], "view": [[0.0, -2.0, 100.0], [-2.0, 0.0, 100.0], [0.0, 0.0, 1.0]], "bev": "bev_15dc560680ac404fa5bb2705da1f131b.png", "aux": "aux_15dc560680ac404fa5bb2705da1f131b.npz", "visibility": "visibility_15dc560680ac404fa5bb2705da1f131b.png", "pose": [[-0.4888429045677185, 0.8723718523979187, 0.0, 539.7916259765625], [-0.8723718523979187, -0.4888429045677185, 0.0, 1731.835205078125], [0.0, 0.0, 1.0, 0.0], [0.0, 0.0, 0.0, 1.0]], "pose_inverse": [[-0.4888429045677185, -0.8723718523979187, 0.0, 1774.6776123046875], [0.8723718523979187, -0.4888429045677185, 0.0, 375.69635009765625], [0.0, 0.0, 1.0, 0.0], [0.0, 0.0, 0.0, 1.0]], "cam_ids": [0, 1, 2, 3, 4, 5], "cam_channels": ["CAM_FRONT_LEFT", "CAM_FRONT", "CAM_FRONT_RIGHT", "CAM_BACK_LEFT", "CAM_BACK", "CAM_BACK_RIGHT"], "token": "15dc560680ac404fa5bb2705da1f131b", "scene": "scene-0917"}, {"images": ["samples/CAM_FRONT_LEFT/n015-2018-10-08-15-36-50+0800__CAM_FRONT_LEFT__1538984295504844.jpg", "samples/CAM_FRONT/n015-2018-10-08-15-36-50+0800__CAM_FRONT__1538984295512460.jpg", "samples/CAM_FRONT_RIGHT/n015-2018-10-08-15-36-50+0800__CAM_FRONT_RIGHT__1538984295520339.jpg", "samples/CAM_BACK_LEFT/n015-2018-10-08-15-36-50+0800__CAM_BACK_LEFT__1538984295547423.jpg", "samples/CAM_BACK/n015-2018-10-08-15-36-50+0800__CAM_BACK__1538984295537525.jpg", "samples/CAM_BACK_RIGHT/n015-2018-10-08-15-36-50+0800__CAM_BACK_RIGHT__1538984295527893.jpg"], "intrinsics": [[[1272.5979470598488, 0.0, 826.6154927353808], [0.0, 1272.5979470598488, 479.75165386361925], [0.0, 0.0, 1.0]], [[1266.417203046554, 0.0, 816.2670197447984], [0.0, 1266.417203046554, 491.50706579294757], [0.0, 0.0, 1.0]], [[1260.8474446004698, 0.0, 807.968244525554], [0.0, 1260.8474446004698, 495.3344268742088], [0.0, 0.0, 1.0]], [[1256.7414812095406, 0.0, 792.1125740759628], [0.0, 1256.7414812095406, 492.7757465151356], [0.0, 0.0, 1.0]], [[809.2209905677063, 0.0, 829.2196003259838], [0.0, 809.2209905677063, 481.77842384512485], [0.0, 0.0, 1.0]], [[1259.5137405846733, 0.0, 807.2529053838625], [0.0, 1259.5137405846733, 501.19579884916527], [0.0, 0.0, 1.0]]], "extrinsics": [[[0.8170719146728516, -0.5744757056236267, -0.048693638294935226, -0.7867431640625], [-0.07040995359420776, -0.01560231577605009, -0.9973961114883423, 1.4929656982421875], [0.5722200870513916, 0.818372905254364, -0.05319701507687569, -1.15673828125], [0.0, 0.0, 0.0, 1.0]], [[0.0035740677267313004, -0.9998031854629517, 0.01951369270682335, 0.00653076171875], [-0.07575830072164536, -0.01972845382988453, -0.9969310760498047, 1.506988525390625], [0.9971197843551636, 0.002084757201373577, -0.0758139044046402, -1.513671875], [0.0, 0.0, 0.0, 1.0]], [[-0.8324146866798401, -0.550895094871521, 0.06000222638249397, 0.91650390625], [-0.07016708701848984, -0.0026248262729495764, -0.9975317716598511, 1.4938507080078125], [0.5496928691864014, -0.8345703482627869, -0.03646976500749588, -1.1715087890625], [0.0, 0.0, 0.0, 1.0]], [[0.9456353783607483, 0.3178030550479889, -0.06910085678100586, -1.1422119140625], [-0.061719246208667755, -0.033249933272600174, -0.9975395798683167, 1.5885467529296875], [-0.31931865215301514, 0.9475735425949097, -0.011827751994132996, -0.103668212890625], [0.0, 0.0, 0.0, 1.0]], [[0.0026526683941483498, 0.9997231364250183, -0.023379947990179062, 0.002685546875], [-0.08700428903102875, -0.023060640320181847, -0.9959409832954407, 1.5749053955078125], [-0.9962043762207031, 0.004676047246903181, 0.08691902458667755, -0.04931640625], [0.0, 0.0, 0.0, 1.0]], [[-0.9328184723854065, 0.35712870955467224, 0.04804745689034462, 1.04150390625], [-0.05437899008393288, -0.007702531758695841, -0.9984906911849976, 1.5459442138671875], [-0.3562195897102356, -0.934023380279541, 0.02660536579787731, -0.0994873046875], [0.0, 0.0, 0.0, 1.0]]], "view": [[0.0, -2.0, 100.0], [-2.0, 0.0, 100.0], [0.0, 0.0, 1.0]], "bev": "bev_f4b1ff821cd14167982fba7851838bd5.png", "aux": "aux_f4b1ff821cd14167982fba7851838bd5.npz", "visibility": "visibility_f4b1ff821cd14167982fba7851838bd5.png", "pose": [[-0.4628354012966156, 0.8864442110061646, 0.0, 538.6279296875], [-0.8864442110061646, -0.4628354012966156, 0.0, 1729.71044921875], [0.0, 0.0, 1.0, 0.0], [0.0, 0.0, 0.0, 1.0]], "pose_inverse": [[-0.4628354012966156, -0.8864442110061646, 0.0, 1782.587890625], [0.8864442110061646, -0.4628354012966156, 0.0, 323.10760498046875], [0.0, 0.0, 1.0, 0.0], [0.0, 0.0, 0.0, 1.0]], "cam_ids": [0, 1, 2, 3, 4, 5], "cam_channels": ["CAM_FRONT_LEFT", "CAM_FRONT", "CAM_FRONT_RIGHT", "CAM_BACK_LEFT", "CAM_BACK", "CAM_BACK_RIGHT"], "token": "f4b1ff821cd14167982fba7851838bd5", "scene": "scene-0917"}, {"images": ["samples/CAM_FRONT_LEFT/n015-2018-10-08-15-36-50+0800__CAM_FRONT_LEFT__1538984296004844.jpg", "samples/CAM_FRONT/n015-2018-10-08-15-36-50+0800__CAM_FRONT__1538984296012460.jpg", "samples/CAM_FRONT_RIGHT/n015-2018-10-08-15-36-50+0800__CAM_FRONT_RIGHT__1538984296020339.jpg", "samples/CAM_BACK_LEFT/n015-2018-10-08-15-36-50+0800__CAM_BACK_LEFT__1538984296047423.jpg", "samples/CAM_BACK/n015-2018-10-08-15-36-50+0800__CAM_BACK__1538984296037525.jpg", "samples/CAM_BACK_RIGHT/n015-2018-10-08-15-36-50+0800__CAM_BACK_RIGHT__1538984296027893.jpg"], "intrinsics": [[[1272.5979470598488, 0.0, 826.6154927353808], [0.0, 1272.5979470598488, 479.75165386361925], [0.0, 0.0, 1.0]], [[1266.417203046554, 0.0, 816.2670197447984], [0.0, 1266.417203046554, 491.50706579294757], [0.0, 0.0, 1.0]], [[1260.8474446004698, 0.0, 807.968244525554], [0.0, 1260.8474446004698, 495.3344268742088], [0.0, 0.0, 1.0]], [[1256.7414812095406, 0.0, 792.1125740759628], [0.0, 1256.7414812095406, 492.7757465151356], [0.0, 0.0, 1.0]], [[809.2209905677063, 0.0, 829.2196003259838], [0.0, 809.2209905677063, 481.77842384512485], [0.0, 0.0, 1.0]], [[1259.5137405846733, 0.0, 807.2529053838625], [0.0, 1259.5137405846733, 501.19579884916527], [0.0, 0.0, 1.0]]], "extrinsics": [[[0.8172398805618286, -0.5742814540863037, -0.04816306382417679, -0.7874755859375], [-0.07425304502248764, -0.022052234038710594, -0.9969955682754517, 1.49224853515625], [0.5714940428733826, 0.8183608055114746, -0.06066412478685379, -1.1585693359375], [0.0, 0.0, 0.0, 1.0]], [[0.004253430292010307, -0.9996540546417236, 0.025955433025956154, 0.007354736328125], [-0.07957933843135834, -0.026211725547909737, -0.9964838624000549, 1.5064849853515625], [0.9968193769454956, 0.0021729718428105116, -0.07966329902410507, -1.515625], [0.0, 0.0, 0.0, 1.0]], [[-0.8318597078323364, -0.5509552359580994, 0.06676626205444336, 0.9189453125], [-0.07398207485675812, -0.009143725968897343, -0.9972176551818848, 1.4935150146484375], [0.5500327348709106, -0.8344846367835999, -0.03315451368689537, -1.1722412109375], [0.0, 0.0, 0.0, 1.0]], [[0.9452425837516785, 0.31771260499954224, -0.07466734200716019, -1.142822265625], [-0.06538726389408112, -0.039788998663425446, -0.9970663189888, 1.5886001586914062], [-0.31975144147872925, 0.94735187292099, -0.016835900023579597, -0.103515625], [0.0, 0.0, 0.0, 1.0]], [[0.0020836773328483105, 0.9995502829551697, -0.02991328202188015, 0.002471923828125], [-0.09073547273874283, -0.029600977897644043, -0.9954349994659424, 1.574859619140625], [-0.9958729147911072, 0.0047883037477731705, 0.09063299000263214, -0.0477294921875], [0.0, 0.0, 0.0, 1.0]], [[-0.9328253269195557, 0.35694488883018494, 0.04926610738039017, 1.0438232421875], [-0.058167263865470886, -0.014238066971302032, -0.998205304145813, 1.54571533203125], [-0.35560286045074463, -0.9340169429779053, 0.034044139087200165, -0.0980224609375], [0.0, 0.0, 0.0, 1.0]]], "view": [[0.0, -2.0, 100.0], [-2.0, 0.0, 100.0], [0.0, 0.0, 1.0]], "bev": "bev_018ef7dd170d41788a969e5b7213a058.png", "aux": "aux_018ef7dd170d41788a969e5b7213a058.npz", "visibility": "visibility_018ef7dd170d41788a969e5b7213a058.png", "pose": [[-0.436469703912735, 0.8997189402580261, 0.0, 537.466064453125], [-0.8997189402580261, -0.436469703912735, 0.0, 1727.4365234375], [0.0, 0.0, 1.0, 0.0], [0.0, 0.0, 0.0, 1.0]], "pose_inverse": [[-0.436469703912735, -0.8997189402580261, 0.0, 1788.7950439453125], [0.8997189402580261, -0.436469703912735, 0.0, 270.4052734375], [0.0, 0.0, 1.0, 0.0], [0.0, 0.0, 0.0, 1.0]], "cam_ids": [0, 1, 2, 3, 4, 5], "cam_channels": ["CAM_FRONT_LEFT", "CAM_FRONT", "CAM_FRONT_RIGHT", "CAM_BACK_LEFT", "CAM_BACK", "CAM_BACK_RIGHT"], "token": "018ef7dd170d41788a969e5b7213a058", "scene": "scene-0917"}, {"images": ["samples/CAM_FRONT_LEFT/n015-2018-10-08-15-36-50+0800__CAM_FRONT_LEFT__1538984296504844.jpg", "samples/CAM_FRONT/n015-2018-10-08-15-36-50+0800__CAM_FRONT__1538984296512460.jpg", "samples/CAM_FRONT_RIGHT/n015-2018-10-08-15-36-50+0800__CAM_FRONT_RIGHT__1538984296520339.jpg", "samples/CAM_BACK_LEFT/n015-2018-10-08-15-36-50+0800__CAM_BACK_LEFT__1538984296547423.jpg", "samples/CAM_BACK/n015-2018-10-08-15-36-50+0800__CAM_BACK__1538984296537525.jpg", "samples/CAM_BACK_RIGHT/n015-2018-10-08-15-36-50+0800__CAM_BACK_RIGHT__1538984296527893.jpg"], "intrinsics": [[[1272.5979470598488, 0.0, 826.6154927353808], [0.0, 1272.5979470598488, 479.75165386361925], [0.0, 0.0, 1.0]], [[1266.417203046554, 0.0, 816.2670197447984], [0.0, 1266.417203046554, 491.50706579294757], [0.0, 0.0, 1.0]], [[1260.8474446004698, 0.0, 807.968244525554], [0.0, 1260.8474446004698, 495.3344268742088], [0.0, 0.0, 1.0]], [[1256.7414812095406, 0.0, 792.1125740759628], [0.0, 1256.7414812095406, 492.7757465151356], [0.0, 0.0, 1.0]], [[809.2209905677063, 0.0, 829.2196003259838], [0.0, 809.2209905677063, 481.77842384512485], [0.0, 0.0, 1.0]], [[1259.5137405846733, 0.0, 807.2529053838625], [0.0, 1259.5137405846733, 501.19579884916527], [0.0, 0.0, 1.0]]], "extrinsics": [[[0.8181320428848267, -0.573419988155365, -0.04300666227936745, -0.7899169921875], [-0.07751434296369553, -0.03586805239319801, -0.9963458180427551, 1.4918975830078125], [0.569782018661499, 0.8184760808944702, -0.07379306852817535, -1.1612548828125], [0.0, 0.0, 0.0, 1.0]], [[0.006117889191955328, -0.9991894960403442, 0.039788298308849335, 0.0081634521484375], [-0.08274978399276733, -0.040158435702323914, -0.9957609176635742, 1.50616455078125], [0.9965515732765198, 0.002799475798383355, -0.08292839676141739, -1.5181884765625], [0.0, 0.0, 0.0, 1.0]], [[-0.8306957483291626, -0.5513616800308228, 0.07710297405719757, 0.9207763671875], [-0.0770997703075409, -0.023226406425237656, -0.9967527985572815, 1.4932403564453125], [0.5513620972633362, -0.8339428901672363, -0.02321578375995159, -1.17279052734375], [0.0, 0.0, 0.0, 1.0]], [[0.944661557674408, 0.3175828158855438, -0.08219388127326965, -1.1435546875], [-0.0684259906411171, -0.0542861670255661, -0.996178150177002, 1.5886383056640625], [-0.3208310008049011, 0.9466752409934998, -0.02955113910138607, -0.10333251953125], [0.0, 0.0, 0.0, 1.0]], [[0.0006245541735552251, 0.9990216493606567, -0.044220127165317535, 0.0023193359375], [-0.09376821666955948, -0.04396679252386093, -0.9946227669715881, 1.574798583984375], [-0.9955939650535583, 0.004767626989632845, 0.0936490148305893, -0.0467529296875], [0.0, 0.0, 0.0, 1.0]], [[-0.9332529902458191, 0.3561156690120697, 0.04712140932679176, 1.04443359375], [-0.0612318329513073, -0.028448373079299927, -0.997718095779419, 1.5454940795898438], [-0.3539625406265259, -0.934008777141571, 0.04835514351725578, -0.09722900390625], [0.0, 0.0, 0.0, 1.0]]], "view": [[0.0, -2.0, 100.0], [-2.0, 0.0, 100.0], [0.0, 0.0, 1.0]], "bev": "bev_4b9c69d6449a4274bd955f769fa6f400.png", "aux": "aux_4b9c69d6449a4274bd955f769fa6f400.npz", "visibility": "visibility_4b9c69d6449a4274bd955f769fa6f400.png", "pose": [[-0.41311490535736084, 0.9106789231300354, 0.0, 536.3604736328125], [-0.9106789231300354, -0.41311490535736084, 0.0, 1725.118896484375], [0.0, 0.0, 1.0, 0.0], [0.0, 0.0, 0.0, 1.0]], "pose_inverse": [[-0.41311490535736084, -0.9106789231300354, 0.0, 1792.60791015625], [0.9106789231300354, -0.41311490535736084, 0.0, 224.22018432617188], [0.0, 0.0, 1.0, 0.0], [0.0, 0.0, 0.0, 1.0]], "cam_ids": [0, 1, 2, 3, 4, 5], "cam_channels": ["CAM_FRONT_LEFT", "CAM_FRONT", "CAM_FRONT_RIGHT", "CAM_BACK_LEFT", "CAM_BACK", "CAM_BACK_RIGHT"], "token": "4b9c69d6449a4274bd955f769fa6f400", "scene": "scene-0917"}, {"images": ["samples/CAM_FRONT_LEFT/n015-2018-10-08-15-36-50+0800__CAM_FRONT_LEFT__1538984297004844.jpg", "samples/CAM_FRONT/n015-2018-10-08-15-36-50+0800__CAM_FRONT__1538984297012460.jpg", "samples/CAM_FRONT_RIGHT/n015-2018-10-08-15-36-50+0800__CAM_FRONT_RIGHT__1538984297020339.jpg", "samples/CAM_BACK_LEFT/n015-2018-10-08-15-36-50+0800__CAM_BACK_LEFT__1538984297047423.jpg", "samples/CAM_BACK/n015-2018-10-08-15-36-50+0800__CAM_BACK__1538984297037525.jpg", "samples/CAM_BACK_RIGHT/n015-2018-10-08-15-36-50+0800__CAM_BACK_RIGHT__1538984297027893.jpg"], "intrinsics": [[[1272.5979470598488, 0.0, 826.6154927353808], [0.0, 1272.5979470598488, 479.75165386361925], [0.0, 0.0, 1.0]], [[1266.417203046554, 0.0, 816.2670197447984], [0.0, 1266.417203046554, 491.50706579294757], [0.0, 0.0, 1.0]], [[1260.8474446004698, 0.0, 807.968244525554], [0.0, 1260.8474446004698, 495.3344268742088], [0.0, 0.0, 1.0]], [[1256.7414812095406, 0.0, 792.1125740759628], [0.0, 1256.7414812095406, 492.7757465151356], [0.0, 0.0, 1.0]], [[809.2209905677063, 0.0, 829.2196003259838], [0.0, 809.2209905677063, 481.77842384512485], [0.0, 0.0, 1.0]], [[1259.5137405846733, 0.0, 807.2529053838625], [0.0, 1259.5137405846733, 501.19579884916527], [0.0, 0.0, 1.0]]], "extrinsics": [[[0.818595826625824, -0.5733638405799866, -0.0339825414121151, -0.7889404296875], [-0.07743502408266068, -0.05154281482100487, -0.9956641793251038, 1.491790771484375], [0.5691263675689697, 0.817677915096283, -0.08659116923809052, -1.1602783203125], [0.0, 0.0, 0.0, 1.0]], [[0.006915654521435499, -0.9984375238418579, 0.05544915050268173, 0.007720947265625], [-0.08274011313915253, -0.0558316744863987, -0.9950059652328491, 1.506134033203125], [0.9965471625328064, 0.002293285680934787, -0.08299694210290909, -1.5179443359375], [0.0, 0.0, 0.0, 1.0]], [[-0.830251932144165, -0.5507400035858154, 0.08583247661590576, 0.9210205078125], [-0.07717903703451157, -0.03891708701848984, -0.9962573647499084, 1.4932708740234375], [0.5520191788673401, -0.8337690234184265, -0.01019459031522274, -1.17340087890625], [0.0, 0.0, 0.0, 1.0]], [[0.9442037343978882, 0.3175363540649414, -0.08746431022882462, -1.1412353515625], [-0.06860626488924026, -0.0701153501868248, -0.9951768517494202, 1.5885009765625], [-0.32213738560676575, 0.9456502795219421, -0.04441819712519646, -0.1041259765625], [0.0, 0.0, 0.0, 1.0]], [[-0.00047367438673973083, 0.9982036352157593, -0.05991141125559807, 0.00238037109375], [-0.09391897171735764, -0.05969100445508957, -0.9937887787818909, 1.574737548828125], [-0.995579719543457, 0.005156079772859812, 0.09377852827310562, -0.04736328125], [0.0, 0.0, 0.0, 1.0]], [[-0.9335364699363708, 0.3560498356819153, 0.04169163107872009, 1.0458984375], [-0.06136531010270119, -0.04413537681102753, -0.9971390962600708, 1.545562744140625], [-0.35319122672080994, -0.9334241151809692, 0.06305108964443207, -0.09698486328125], [0.0, 0.0, 0.0, 1.0]]], "view": [[0.0, -2.0, 100.0], [-2.0, 0.0, 100.0], [0.0, 0.0, 1.0]], "bev": "bev_4ebb2db9e3a048aeaad17d954b7a3d37.png", "aux": "aux_4ebb2db9e3a048aeaad17d954b7a3d37.npz", "visibility": "visibility_4ebb2db9e3a048aeaad17d954b7a3d37.png", "pose": [[-0.3920762538909912, 0.9199327230453491, 0.0, 535.3221435546875], [-0.9199327230453491, -0.3920762538909912, 0.0, 1722.811279296875], [0.0, 0.0, 1.0, 0.0], [0.0, 0.0, 0.0, 1.0]], "pose_inverse": [[-0.3920762538909912, -0.9199327230453491, 0.0, 1794.757568359375], [0.9199327230453491, -0.3920762538909912, 0.0, 183.01303100585938], [0.0, 0.0, 1.0, 0.0], [0.0, 0.0, 0.0, 1.0]], "cam_ids": [0, 1, 2, 3, 4, 5], "cam_channels": ["CAM_FRONT_LEFT", "CAM_FRONT", "CAM_FRONT_RIGHT", "CAM_BACK_LEFT", "CAM_BACK", "CAM_BACK_RIGHT"], "token": "4ebb2db9e3a048aeaad17d954b7a3d37", "scene": "scene-0917"}, {"images": ["samples/CAM_FRONT_LEFT/n015-2018-10-08-15-36-50+0800__CAM_FRONT_LEFT__1538984297504844.jpg", "samples/CAM_FRONT/n015-2018-10-08-15-36-50+0800__CAM_FRONT__1538984297512460.jpg", "samples/CAM_FRONT_RIGHT/n015-2018-10-08-15-36-50+0800__CAM_FRONT_RIGHT__1538984297520339.jpg", "samples/CAM_BACK_LEFT/n015-2018-10-08-15-36-50+0800__CAM_BACK_LEFT__1538984297547423.jpg", "samples/CAM_BACK/n015-2018-10-08-15-36-50+0800__CAM_BACK__1538984297537525.jpg", "samples/CAM_BACK_RIGHT/n015-2018-10-08-15-36-50+0800__CAM_BACK_RIGHT__1538984297527893.jpg"], "intrinsics": [[[1272.5979470598488, 0.0, 826.6154927353808], [0.0, 1272.5979470598488, 479.75165386361925], [0.0, 0.0, 1.0]], [[1266.417203046554, 0.0, 816.2670197447984], [0.0, 1266.417203046554, 491.50706579294757], [0.0, 0.0, 1.0]], [[1260.8474446004698, 0.0, 807.968244525554], [0.0, 1260.8474446004698, 495.3344268742088], [0.0, 0.0, 1.0]], [[1256.7414812095406, 0.0, 792.1125740759628], [0.0, 1256.7414812095406, 492.7757465151356], [0.0, 0.0, 1.0]], [[809.2209905677063, 0.0, 829.2196003259838], [0.0, 809.2209905677063, 481.77842384512485], [0.0, 0.0, 1.0]], [[1259.5137405846733, 0.0, 807.2529053838625], [0.0, 1259.5137405846733, 501.19579884916527], [0.0, 0.0, 1.0]]], "extrinsics": [[[0.818954586982727, -0.5729190111160278, -0.032820358872413635, -0.8072509765625], [-0.08173151314258575, -0.0598389133810997, -0.9948564171791077, 1.4925994873046875], [0.5680081248283386, 0.8174247145652771, -0.09583088755607605, -1.1715087890625], [0.0, 0.0, 0.0, 1.0]], [[0.008006369695067406, -0.9979493021965027, 0.06350564956665039, 0.006805419921875], [-0.08700632303953171, -0.06396205723285675, -0.994152307510376, 1.5069122314453125], [0.9961755871772766, 0.002434132155030966, -0.08734000474214554, -1.5357666015625], [0.0, 0.0, 0.0, 1.0]], [[-0.8294346928596497, -0.5506749749183655, 0.09378163516521454, 0.93212890625], [-0.08144032210111618, -0.046882834285497665, -0.9955748915672302, 1.493804931640625], [0.5526350140571594, -0.8334020376205444, -0.005960897076874971, -1.18182373046875], [0.0, 0.0, 0.0, 1.0]], [[0.9436437487602234, 0.3174495995044708, -0.09360672533512115, -1.1419677734375], [-0.07266227900981903, -0.07721465826034546, -0.9943631291389465, 1.5885467529296875], [-0.32288795709609985, 0.9451262354850769, -0.04979652166366577, -0.103912353515625], [0.0, 0.0, 0.0, 1.0]], [[-0.0014015525812283158, 0.9977271556854248, -0.06736879050731659, 0.0026702880859375], [-0.09804977476596832, -0.06718134880065918, -0.9929113388061523, 1.5750579833984375], [-0.9951804876327515, 0.005213897209614515, 0.09792108088731766, -0.0419921875], [0.0, 0.0, 0.0, 1.0]], [[-0.9336156249046326, 0.35569727420806885, 0.04290911927819252, 1.055419921875], [-0.06558562815189362, -0.051934804767370224, -0.9964945316314697, 1.5457992553710938], [-0.3522219657897949, -0.9331570863723755, 0.07181578129529953, -0.093994140625], [0.0, 0.0, 0.0, 1.0]]], "view": [[0.0, -2.0, 100.0], [-2.0, 0.0, 100.0], [0.0, 0.0, 1.0]], "bev": "bev_79aff65b2bac421da7744d43b2de7bb3.png", "aux": "aux_79aff65b2bac421da7744d43b2de7bb3.npz", "visibility": "visibility_79aff65b2bac421da7744d43b2de7bb3.png", "pose": [[-0.37144187092781067, 0.92845618724823, 0.0, 534.4345703125], [-0.92845618724823, -0.37144187092781067, 0.0, 1720.6988525390625], [0.0, 0.0, 1.0, 0.0], [0.0, 0.0, 0.0, 1.0]], "pose_inverse": [[-0.37144187092781067, -0.92845618724823, 0.0, 1796.1048583984375], [0.92845618724823, -0.37144187092781067, 0.0, 142.9405059814453], [0.0, 0.0, 1.0, 0.0], [0.0, 0.0, 0.0, 1.0]], "cam_ids": [0, 1, 2, 3, 4, 5], "cam_channels": ["CAM_FRONT_LEFT", "CAM_FRONT", "CAM_FRONT_RIGHT", "CAM_BACK_LEFT", "CAM_BACK", "CAM_BACK_RIGHT"], "token": "79aff65b2bac421da7744d43b2de7bb3", "scene": "scene-0917"}, {"images": ["samples/CAM_FRONT_LEFT/n015-2018-10-08-15-36-50+0800__CAM_FRONT_LEFT__1538984298004844.jpg", "samples/CAM_FRONT/n015-2018-10-08-15-36-50+0800__CAM_FRONT__1538984298012460.jpg", "samples/CAM_FRONT_RIGHT/n015-2018-10-08-15-36-50+0800__CAM_FRONT_RIGHT__1538984298020339.jpg", "samples/CAM_BACK_LEFT/n015-2018-10-08-15-36-50+0800__CAM_BACK_LEFT__1538984298047433.jpg", "samples/CAM_BACK/n015-2018-10-08-15-36-50+0800__CAM_BACK__1538984298037525.jpg", "samples/CAM_BACK_RIGHT/n015-2018-10-08-15-36-50+0800__CAM_BACK_RIGHT__1538984298027893.jpg"], "intrinsics": [[[1272.5979470598488, 0.0, 826.6154927353808], [0.0, 1272.5979470598488, 479.75165386361925], [0.0, 0.0, 1.0]], [[1266.417203046554, 0.0, 816.2670197447984], [0.0, 1266.417203046554, 491.50706579294757], [0.0, 0.0, 1.0]], [[1260.8474446004698, 0.0, 807.968244525554], [0.0, 1260.8474446004698, 495.3344268742088], [0.0, 0.0, 1.0]], [[1256.7414812095406, 0.0, 792.1125740759628], [0.0, 1256.7414812095406, 492.7757465151356], [0.0, 0.0, 1.0]], [[809.2209905677063, 0.0, 829.2196003259838], [0.0, 809.2209905677063, 481.77842384512485], [0.0, 0.0, 1.0]], [[1259.5137405846733, 0.0, 807.2529053838625], [0.0, 1259.5137405846733, 501.19579884916527], [0.0, 0.0, 1.0]]], "extrinsics": [[[0.8192683458328247, -0.5725504755973816, -0.0313916839659214, -0.8284912109375], [-0.07927137613296509, -0.0588703490793705, -0.9951131939888, 1.4951019287109375], [0.567904531955719, 0.8177531957626343, -0.09361747652292252, -1.1864013671875], [0.0, 0.0, 0.0, 1.0]], [[0.008264712058007717, -0.9980078339576721, 0.06254558265209198, 0.006744384765625], [-0.08449403941631317, -0.06302101165056229, -0.9944290518760681, 1.5090179443359375], [0.9963896870613098, 0.0029339254833757877, -0.08484655618667603, -1.555908203125], [0.0, 0.0, 0.0, 1.0]], [[-0.8294371366500854, -0.5511154532432556, 0.0911358967423439, 0.9444580078125], [-0.07887763530015945, -0.04596363380551338, -0.9958240985870361, 1.4952850341796875], [0.5530030131340027, -0.8331621289253235, -0.0053467401303350925, -1.1895751953125], [0.0, 0.0, 0.0, 1.0]], [[0.9438537359237671, 0.31761372089385986, -0.09089314937591553, -1.1405029296875], [-0.07000011950731277, -0.07661044597625732, -0.994600772857666, 1.5884246826171875], [-0.3228622376918793, 0.9451202750205994, -0.05007605999708176, -0.104248046875], [0.0, 0.0, 0.0, 1.0]], [[-0.0014892747858539224, 0.9977796077728271, -0.06658592075109482, 0.00255584716796875], [-0.09542062133550644, -0.06642395257949829, -0.9932183623313904, 1.5755462646484375], [-0.995435893535614, 0.004874501843005419, 0.09530766308307648, -0.0380859375], [0.0, 0.0, 0.0, 1.0]], [[-0.9338706731796265, 0.3552728593349457, 0.040824782103300095, 1.0640869140625], [-0.06298930197954178, -0.05104096978902817, -0.9967081546783447, 1.5466232299804688], [-0.35201960802078247, -0.9333681464195251, 0.07004406303167343, -0.09033203125], [0.0, 0.0, 0.0, 1.0]]], "view": [[0.0, -2.0, 100.0], [-2.0, 0.0, 100.0], [0.0, 0.0, 1.0]], "bev": "bev_99d907c5351b4016b1f8315ef9a0651e.png", "aux": "aux_99d907c5351b4016b1f8315ef9a0651e.npz", "visibility": "visibility_99d907c5351b4016b1f8315ef9a0651e.png", "pose": [[-0.3522832989692688, 0.9358934164047241, 0.0, 533.6699829101562], [-0.9358934164047241, -0.3522832989692688, 0.0, 1718.7545166015625], [0.0, 0.0, 1.0, 0.0], [0.0, 0.0, 0.0, 1.0]], "pose_inverse": [[-0.3522832989692688, -0.9358934164047241, 0.0, 1796.5740966796875], [0.9358934164047241, -0.3522832989692688, 0.0, 106.0302963256836], [0.0, 0.0, 1.0, 0.0], [0.0, 0.0, 0.0, 1.0]], "cam_ids": [0, 1, 2, 3, 4, 5], "cam_channels": ["CAM_FRONT_LEFT", "CAM_FRONT", "CAM_FRONT_RIGHT", "CAM_BACK_LEFT", "CAM_BACK", "CAM_BACK_RIGHT"], "token": "99d907c5351b4016b1f8315ef9a0651e", "scene": "scene-0917"}, {"images": ["samples/CAM_FRONT_LEFT/n015-2018-10-08-15-36-50+0800__CAM_FRONT_LEFT__1538984298404844.jpg", "samples/CAM_FRONT/n015-2018-10-08-15-36-50+0800__CAM_FRONT__1538984298412460.jpg", "samples/CAM_FRONT_RIGHT/n015-2018-10-08-15-36-50+0800__CAM_FRONT_RIGHT__1538984298420339.jpg", "samples/CAM_BACK_LEFT/n015-2018-10-08-15-36-50+0800__CAM_BACK_LEFT__1538984298447423.jpg", "samples/CAM_BACK/n015-2018-10-08-15-36-50+0800__CAM_BACK__1538984298437525.jpg", "samples/CAM_BACK_RIGHT/n015-2018-10-08-15-36-50+0800__CAM_BACK_RIGHT__1538984298427893.jpg"], "intrinsics": [[[1272.5979470598488, 0.0, 826.6154927353808], [0.0, 1272.5979470598488, 479.75165386361925], [0.0, 0.0, 1.0]], [[1266.417203046554, 0.0, 816.2670197447984], [0.0, 1266.417203046554, 491.50706579294757], [0.0, 0.0, 1.0]], [[1260.8474446004698, 0.0, 807.968244525554], [0.0, 1260.8474446004698, 495.3344268742088], [0.0, 0.0, 1.0]], [[1256.7414812095406, 0.0, 792.1125740759628], [0.0, 1256.7414812095406, 492.7757465151356], [0.0, 0.0, 1.0]], [[809.2209905677063, 0.0, 829.2196003259838], [0.0, 809.2209905677063, 481.77842384512485], [0.0, 0.0, 1.0]], [[1259.5137405846733, 0.0, 807.2529053838625], [0.0, 1259.5137405846733, 501.19579884916527], [0.0, 0.0, 1.0]]], "extrinsics": [[[0.8191762566566467, -0.5725781321525574, -0.033232707530260086, -0.8408203125], [-0.08024618029594421, -0.057048164308071136, -0.9951412081718445, 1.49615478515625], [0.5679002404212952, 0.8178628087043762, -0.0926797166466713, -1.1947021484375], [0.0, 0.0, 0.0, 1.0]], [[0.00814494676887989, -0.9981315732002258, 0.06055526062846184, 0.006519317626953125], [-0.08553020656108856, -0.061030738055706024, -0.9944645762443542, 1.509918212890625], [0.9963022470474243, 0.002920544007793069, -0.0858674868941307, -1.568115234375], [0.0, 0.0, 0.0, 1.0]], [[-0.8294836282730103, -0.551092267036438, 0.09085245430469513, 0.9521484375], [-0.07997462898492813, -0.043797269463539124, -0.995834231376648, 1.4959259033203125], [0.5527756810188293, -0.8332940936088562, -0.007744284812361002, -1.195068359375], [0.0, 0.0, 0.0, 1.0]], [[0.9438169598579407, 0.31764233112335205, -0.09117451310157776, -1.139404296875], [-0.0711989551782608, -0.07396359741687775, -0.9947160482406616, 1.5883636474609375], [-0.32270753383636475, 0.9453214406967163, -0.047192297875881195, -0.10467529296875], [0.0, 0.0, 0.0, 1.0]], [[-0.0012933800462633371, 0.9979407787322998, -0.06413009762763977, 0.0027313232421875], [-0.09661104530096054, -0.06395485997200012, -0.9932653903961182, 1.575775146484375], [-0.9953213930130005, 0.004910984542220831, 