[{"images": ["samples/CAM_FRONT_LEFT/n008-2018-09-18-13-10-39-0400__CAM_FRONT_LEFT__1537290876254799.jpg", "samples/CAM_FRONT/n008-2018-09-18-13-10-39-0400__CAM_FRONT__1537290876262404.jpg", "samples/CAM_FRONT_RIGHT/n008-2018-09-18-13-10-39-0400__CAM_FRONT_RIGHT__1537290876270482.jpg", "samples/CAM_BACK_LEFT/n008-2018-09-18-13-10-39-0400__CAM_BACK_LEFT__1537290876297405.jpg", "samples/CAM_BACK/n008-2018-09-18-13-10-39-0400__CAM_BACK__1537290876287558.jpg", "samples/CAM_BACK_RIGHT/n008-2018-09-18-13-10-39-0400__CAM_BACK_RIGHT__1537290876278113.jpg"], "intrinsics": [[[1257.8625342125129, 0.0, 827.2410631095686], [0.0, 1257.8625342125129, 450.915498205774], [0.0, 0.0, 1.0]], [[1252.8131021185304, 0.0, 826.588114781398], [0.0, 1252.8131021185304, 469.9846626224581], [0.0, 0.0, 1.0]], [[1256.7485116440405, 0.0, 817.7887570959712], [0.0, 1256.7485116440403, 451.9541780095127], [0.0, 0.0, 1.0]], [[1254.9860565800168, 0.0, 829.5769333630991], [0.0, 1254.9860565800168, 467.1680561863987], [0.0, 0.0, 1.0]], [[796.8910634503094, 0.0, 857.7774326863696], [0.0, 796.8910634503094, 476.8848988407415], [0.0, 0.0, 1.0]], [[1249.9629280788233, 0.0, 825.3768045375984], [0.0, 1249.9629280788233, 462.54816385708756], [0.0, 0.0, 1.0]]], "extrinsics": [[[0.828484058380127, -0.5592297911643982, 0.02960358001291752, -0.8635482788085938], [0.04891466349363327, 0.01960296556353569, -0.9986105561256409, 1.4967422485351562], [0.5578724145889282, 0.8287808895111084, 0.04359527677297592, -1.23583984375], [0.0, 0.0, 0.0, 1.0]], [[0.020288093015551567, -0.9996928572654724, -0.014232335612177849, 0.0069580078125], [0.05108753591775894, 0.015253245830535889, -0.9985777139663696, 1.4874649047851562], [0.9984880685806274, 0.019532136619091034, 0.051381297409534454, -1.592376708984375], [0.0, 0.0, 0.0, 1.0]], [[-0.8385363221168518, -0.542232871055603, -0.053295478224754333, 0.99700927734375], [0.05933891609311104, 0.0063490308821201324, -0.9982176423072815, 1.4996719360351562], [0.5416048765182495, -0.8402042388916016, 0.026851622387766838, -1.218170166015625], [0.0, 0.0, 0.0, 1.0]], [[0.9469922780990601, 0.31886759400367737, 0.03910387307405472, -1.14093017578125], [0.034294500946998596, 0.02068529836833477, -0.9991976618766785, 1.5621566772460938], [-0.3194206655025482, 0.9475734829902649, 0.008653413504362106, -0.157135009765625], [0.0, 0.0, 0.0, 1.0]], [[0.005809237714856863, 0.9998909831047058, 0.013573577627539635, -0.02825927734375], [0.03629017248749733, 0.013354062102735043, -0.9992520809173584, 1.5696544647216797], [-0.999324381351471, 0.006297481246292591, -0.03620864450931549, 0.000579833984375], [0.0, 0.0, 0.0, 1.0]], [[-0.9248455762863159, 0.3781333565711975, -0.04093580320477486, 1.0857391357421875], [0.040511179715394974, -0.009081251919269562, -0.9991377592086792, 1.5510997772216797], [-0.37817904353141785, -0.9257065653800964, -0.006919871550053358, -0.0751953125], [0.0, 0.0, 0.0, 1.0]]], "view": [[0.0, -2.0, 100.0], [-2.0, 0.0, 100.0], [0.0, 0.0, 1.0]], "bev": "bev_bbb780392f334851a79ecde2fc874ad9.png", "aux": "aux_bbb780392f334851a79ecde2fc874ad9.npz", "visibility": "visibility_bbb780392f334851a79ecde2fc874ad9.png", "pose": [[-0.9961872100830078, 0.08724122494459152, 0.0, 449.5602722167969], [-0.08724122494459152, -0.9961872100830078, 0.0, 603.5847778320312], [0.0, 0.0, 1.0, 0.0], [0.0, 0.0, 0.0, 1.0]], "pose_inverse": [[-0.9961872100830078, -0.08724122494459152, 0.0, 500.503662109375], [0.08724122494459152, -0.9961872100830078, 0.0, 562.063232421875], [0.0, 0.0, 1.0, 0.0], [0.0, 0.0, 0.0, 1.0]], "cam_ids": [0, 1, 2, 3, 4, 5], "cam_channels": ["CAM_FRONT_LEFT", "CAM_FRONT", "CAM_FRONT_RIGHT", "CAM_BACK_LEFT", "CAM_BACK", "CAM_BACK_RIGHT"], "token": "bbb780392f334851a79ecde2fc874ad9", "scene": "scene-0575"}, {"images": ["samples/CAM_FRONT_LEFT/n008-2018-09-18-13-10-39-0400__CAM_FRONT_LEFT__1537290876754799.jpg", "samples/CAM_FRONT/n008-2018-09-18-13-10-39-0400__CAM_FRONT__1537290876762404.jpg", "samples/CAM_FRONT_RIGHT/n008-2018-09-18-13-10-39-0400__CAM_FRONT_RIGHT__1537290876770482.jpg", "samples/CAM_BACK_LEFT/n008-2018-09-18-13-10-39-0400__CAM_BACK_LEFT__1537290876797405.jpg", "samples/CAM_BACK/n008-2018-09-18-13-10-39-0400__CAM_BACK__1537290876787558.jpg", "samples/CAM_BACK_RIGHT/n008-2018-09-18-13-10-39-0400__CAM_BACK_RIGHT__1537290876778113.jpg"], "intrinsics": [[[1257.8625342125129, 0.0, 827.2410631095686], [0.0, 1257.8625342125129, 450.915498205774], [0.0, 0.0, 1.0]], [[1252.8131021185304, 0.0, 826.588114781398], [0.0, 1252.8131021185304, 469.9846626224581], [0.0, 0.0, 1.0]], [[1256.7485116440405, 0.0, 817.7887570959712], [0.0, 1256.7485116440403, 451.9541780095127], [0.0, 0.0, 1.0]], [[1254.9860565800168, 0.0, 829.5769333630991], [0.0, 1254.9860565800168, 467.1680561863987], [0.0, 0.0, 1.0]], [[796.8910634503094, 0.0, 857.7774326863696], [0.0, 796.8910634503094, 476.8848988407415], [0.0, 0.0, 1.0]], [[1249.9629280788233, 0.0, 825.3768045375984], [0.0, 1249.9629280788233, 462.54816385708756], [0.0, 0.0, 1.0]]], "extrinsics": [[[0.8290658593177795, -0.5578018426895142, 0.03881923109292984, -0.8379881381988525], [0.052251607179641724, 0.008166201412677765, -0.9986005425453186, 1.4989376068115234], [0.5567042231559753, 0.8299340009689331, 0.03591636195778847, -1.218017578125], [0.0, 0.0, 0.0, 1.0]], [[0.021433565765619278, -0.9997662901878357, -0.0028113105800002813, 0.0069580078125], [0.054367661476135254, 0.003973351325839758, -0.9985131025314331, 1.489349365234375], [0.9982908964157104, 0.02124885283410549, 0.05444011464715004, -1.566131591796875], [0.0, 0.0, 0.0, 1.0]], [[-0.8378762006759644, -0.5435713529586792, -0.049936916679143906, 0.9796142578125], [0.06256648898124695, -0.004754594061523676, -0.9980294704437256, 1.5012950897216797], [0.5422627925872803, -0.8393495678901672, 0.037993110716342926, -1.207489013671875], [0.0, 0.0, 0.0, 1.0]], [[0.9468215703964233, 0.3194253146648407, 0.038683176040649414, -1.1376953125], [0.03747110068798065, 0.009941785596311092, -0.9992482662200928, 1.5622882843017578], [-0.31956973671913147, 0.9475592970848083, -0.002556117717176676, -0.157745361328125], [0.0, 0.0, 0.0, 1.0]], [[0.005351138301193714, 0.9999819397926331, 0.0027475154493004084, -0.0279541015625], [0.039520181715488434, 0.0025339280255138874, -0.9992155432701111, 1.5701351165771484], [-0.9992044568061829, 0.005455527454614639, -0.039505910128355026, -0.008056640625], [0.0, 0.0, 0.0, 1.0]], [[-0.924966037273407, 0.3769986927509308, -0.04806109517812729, 1.0721282958984375], [0.043722499161958694, -0.020062752068042755, -0.9988422393798828, 1.551994800567627], [-0.3775264024734497, -0.9259964823722839, 0.002074038377031684, -0.08111572265625], [0.0, 0.0, 0.0, 1.0]]], "view": [[0.0, -2.0, 100.0], [-2.0, 0.0, 100.0], [0.0, 0.0, 1.0]], "bev": "bev_f0737f32e5fa4ce1932d989b33f2650a.png", "aux": "aux_f0737f32e5fa4ce1932d989b33f2650a.npz", "visibility": "visibility_f0737f32e5fa4ce1932d989b33f2650a.png", "pose": [[-0.9987173676490784, -0.05063251033425331, 0.0, 447.3991394042969], [0.05063251033425331, -0.9987173676490784, 0.0, 603.5350952148438], [0.0, 0.0, 1.0, 0.0], [0.0, 0.0, 0.0, 1.0]], "pose_inverse": [[-0.9987173676490784, 0.05063251033425331, 0.0, 416.26678466796875], [-0.05063251033425331, -0.9987173676490784, 0.0, 625.4139404296875], [0.0, 0.0, 1.0, 0.0], [0.0, 0.0, 0.0, 1.0]], "cam_ids": [0, 1, 2, 3, 4, 5], "cam_channels": ["CAM_FRONT_LEFT", "CAM_FRONT", "CAM_FRONT_RIGHT", "CAM_BACK_LEFT", "CAM_BACK", "CAM_BACK_RIGHT"], "token": "f0737f32e5fa4ce1932d989b33f2650a", "scene": "scene-0575"}, {"images": ["samples/CAM_FRONT_LEFT/n008-2018-09-18-13-10-39-0400__CAM_FRONT_LEFT__1537290877254799.jpg", "samples/CAM_FRONT/n008-2018-09-18-13-10-39-0400__CAM_FRONT__1537290877262404.jpg", "samples/CAM_FRONT_RIGHT/n008-2018-09-18-13-10-39-0400__CAM_FRONT_RIGHT__1537290877270482.jpg", "samples/CAM_BACK_LEFT/n008-2018-09-18-13-10-39-0400__CAM_BACK_LEFT__1537290877297405.jpg", "samples/CAM_BACK/n008-2018-09-18-13-10-39-0400__CAM_BACK__1537290877287558.jpg", "samples/CAM_BACK_RIGHT/n008-2018-09-18-13-10-39-0400__CAM_BACK_RIGHT__1537290877278113.jpg"], "intrinsics": [[[1257.8625342125129, 0.0, 827.2410631095686], [0.0, 1257.8625342125129, 450.915498205774], [0.0, 0.0, 1.0]], [[1252.8131021185304, 0.0, 826.588114781398], [0.0, 1252.8131021185304, 469.9846626224581], [0.0, 0.0, 1.0]], [[1256.7485116440405, 0.0, 817.7887570959712], [0.0, 1256.7485116440403, 451.9541780095127], [0.0, 0.0, 1.0]], [[1254.9860565800168, 0.0, 829.5769333630991], [0.0, 1254.9860565800168, 467.1680561863987], [0.0, 0.0, 1.0]], [[796.8910634503094, 0.0, 857.7774326863696], [0.0, 796.8910634503094, 476.8848988407415], [0.0, 0.0, 1.0]], [[1249.9629280788233, 0.0, 825.3768045375984], [0.0, 1249.9629280788233, 462.54816385708756], [0.0, 0.0, 1.0]]], "extrinsics": [[[0.8290171027183533, -0.5574945211410522, 0.04393932968378067, -0.823577880859375], [0.05643421411514282, 0.005230943206697702, -0.998392641544342, 1.5008525848388672], [0.5563685297966003, 0.8301642537117004, 0.03579830005764961, -1.20574951171875], [0.0, 0.0, 0.0, 1.0]], [[0.021640339866280556, -0.9997657537460327, 0.00025107376859523356, 0.00543212890625], [0.058521389961242676, 0.0010160165838897228, -0.9982856512069702, 1.4909248352050781], [0.9980515837669373, 0.02161792665719986, 0.05852966383099556, -1.551177978515625], [0.0, 0.0, 0.0, 1.0]], [[-0.8375610113143921, -0.5438831448554993, -0.051794327795505524, 0.96917724609375], [0.06672513484954834, -0.00773883331567049, -0.9977414011955261, 1.5025920867919922], [0.5422539114952087, -0.8391252756118774, 0.04277241602540016, -1.202545166015625], [0.0, 0.0, 0.0, 1.0]], [[0.9465645551681519, 0.31978070735931396, 0.04190441593527794, -1.13946533203125], [0.04186667501926422, 0.006995849311351776, -0.9990987181663513, 1.5622406005859375], [-0.3197856843471527, 0.9474657773971558, -0.006766132544726133, -0.15716552734375], [0.0, 0.0, 0.0, 1.0]], [[0.0051505775190889835, 0.9999866485595703, -0.00027098465943709016, -0.02728271484375], [0.04370832443237305, -0.0004958549980074167, -0.9990441799163818, 1.5705070495605469], [-0.999031126499176, 0.005133789032697678, -0.04371029511094093, -0.011627197265625], [0.0, 0.0, 0.0, 1.0]], [[-0.924822986125946, 0.37667763233184814, -0.05306987836956978, 1.0649223327636719], [0.04790130630135536, -0.02308226190507412, -0.9985853433609009, 1.5527608394622803], [-0.3773696720600128, -0.9260567426681519, 0.0033036598470062017, -0.0850830078125], [0.0, 0.0, 0.0, 1.0]]], "view": [[0.0, -2.0, 100.0], [-2.0, 0.0, 100.0], [0.0, 0.0, 1.0]], "bev": "bev_6ec07e2fec974bc48038ec1cb8953769.png", "aux": "aux_6ec07e2fec974bc48038ec1cb8953769.npz", "visibility": "visibility_6ec07e2fec974bc48038ec1cb8953769.png", "pose": [[-0.9809271097183228, -0.19437608122825623, 0.0, 444.9517822265625], [0.19437608122825623, -0.9809271097183228, 0.0, 603.8140258789062], [0.0, 0.0, 1.0, 0.0], [0.0, 0.0, 0.0, 1.0]], "pose_inverse": [[-0.9809271097183228, 0.19437608122825623, 0.0, 319.0982360839844], [-0.19437608122825623, -0.9809271097183228, 0.0, 678.7855224609375], [0.0, 0.0, 1.0, 0.0], [0.0, 0.0, 0.0, 1.0]], "cam_ids": [0, 1, 2, 3, 4, 5], "cam_channels": ["CAM_FRONT_LEFT", "CAM_FRONT", "CAM_FRONT_RIGHT", "CAM_BACK_LEFT", "CAM_BACK", "CAM_BACK_RIGHT"], "token": "6ec07e2fec974bc48038ec1cb8953769", "scene": "scene-0575"}, {"images": ["samples/CAM_FRONT_LEFT/n008-2018-09-18-13-10-39-0400__CAM_FRONT_LEFT__1537290877754799.jpg", "samples/CAM_FRONT/n008-2018-09-18-13-10-39-0400__CAM_FRONT__1537290877762404.jpg", "samples/CAM_FRONT_RIGHT/n008-2018-09-18-13-10-39-0400__CAM_FRONT_RIGHT__1537290877770482.jpg", "samples/CAM_BACK_LEFT/n008-2018-09-18-13-10-39-0400__CAM_BACK_LEFT__1537290877797405.jpg", "samples/CAM_BACK/n008-2018-09-18-13-10-39-0400__CAM_BACK__1537290877787558.jpg", "samples/CAM_BACK_RIGHT/n008-2018-09-18-13-10-39-0400__CAM_BACK_RIGHT__1537290877778113.jpg"], "intrinsics": [[[1257.8625342125129, 0.0, 827.2410631095686], [0.0, 1257.8625342125129, 450.915498205774], [0.0, 0.0, 1.0]], [[1252.8131021185304, 0.0, 826.588114781398], [0.0, 1252.8131021185304, 469.9846626224581], [0.0, 0.0, 1.0]], [[1256.7485116440405, 0.0, 817.7887570959712], [0.0, 1256.7485116440403, 451.9541780095127], [0.0, 0.0, 1.0]], [[1254.9860565800168, 0.0, 829.5769333630991], [0.0, 1254.9860565800168, 467.1680561863987], [0.0, 0.0, 1.0]], [[796.8910634503094, 0.0, 857.7774326863696], [0.0, 796.8910634503094, 476.8848988407415], [0.0, 0.0, 1.0]], [[1249.9629280788233, 0.0, 825.3768045375984], [0.0, 1249.9629280788233, 462.54816385708756], [0.0, 0.0, 1.0]]], "extrinsics": [[[0.8282203078269958, -0.558721125125885, 0.04337908327579498, -0.8013458251953125], [0.05554389953613281, 0.004816314671188593, -0.9984446167945862, 1.5021724700927734], [0.5576432347297668, 0.8293415904045105, 0.03502252325415611, -1.19000244140625], [0.0, 0.0, 0.0, 1.0]], [[0.020438531413674355, -0.9997910857200623, 0.0002167325874324888, 0.0057373046875], [0.057330455631017685, 0.0009555733995512128, -0.9983548521995544, 1.4920263290405273], [0.9981459379196167, 0.02041730284690857, 0.057338014245033264, -1.5282135009765625], [0.0, 0.0, 0.0, 1.0]], [[-0.8381298780441284, -0.5431128740310669, -0.05066366493701935, 0.95367431640625], [0.06513938307762146, -0.007439717650413513, -0.997848391532898, 1.5035629272460938], [0.5415674448013306, -0.8396267294883728, 0.041613489389419556, -1.19268798828125], [0.0, 0.0, 0.0, 1.0]], [[0.9466406106948853, 0.3198542296886444, 0.03955728933215141, -1.134246826171875], [0.0389210470020771, 0.00838407501578331, -0.999207079410553, 1.56243896484375], [-0.31993231177330017, 0.9474296569824219, -0.004512357991188765, -0.15887451171875], [0.0, 0.0, 0.0, 1.0]], [[0.005401978734880686, 0.9999850988388062, 0.0007852485287003219, -0.0272216796875], [0.041380710899829865, 0.0005610462976619601, -0.9991433024406433, 1.5707693099975586], [-0.9991287589073181, 0.005429910961538553, -0.04137706756591797, -0.0211181640625], [0.0, 0.0, 0.0, 1.0]], [[-0.924694299697876, 0.3772786855697632, -0.051000967621803284, 1.051849365234375], [0.0459318682551384, -0.022427350282669067, -0.9986927509307861, 1.5532078742980957], [-0.3779292404651642, -0.9258281588554382, 0.0034093305002897978, -0.090576171875], [0.0, 0.0, 0.0, 1.0]]], "view": [[0.0, -2.0, 100.0], [-2.0, 0.0, 100.0], [0.0, 0.0, 1.0]], "bev": "bev_13dbcb4da209494da68f277c158e603f.png", "aux": "aux_13dbcb4da209494da68f277c158e603f.npz", "visibility": "visibility_13dbcb4da209494da68f277c158e603f.png", "pose": [[-0.9441872239112854, -0.32940927147865295, 0.0, 442.3316345214844], [0.32940927147865295, -0.9441872239112854, 0.0, 604.4988403320312], [0.0, 0.0, 1.0, 0.0], [0.0, 0.0, 0.0, 1.0]], "pose_inverse": [[-0.9441872239112854, 0.32940927147865295, 0.0, 218.516357421875], [-0.32940927147865295, -0.9441872239112854, 0.0, 716.46826171875], [0.0, 0.0, 1.0, 0.0], [0.0, 0.0, 0.0, 1.0]], "cam_ids": [0, 1, 2, 3, 4, 5], "cam_channels": ["CAM_FRONT_LEFT", "CAM_FRONT", "CAM_FRONT_RIGHT", "CAM_BACK_LEFT", "CAM_BACK", "CAM_BACK_RIGHT"], "token": "13dbcb4da209494da68f277c158e603f", "scene": "scene-0575"}, {"images": ["samples/CAM_FRONT_LEFT/n008-2018-09-18-13-10-39-0400__CAM_FRONT_LEFT__1537290878254804.jpg", "samples/CAM_FRONT/n008-2018-09-18-13-10-39-0400__CAM_FRONT__1537290878262404.jpg", "samples/CAM_FRONT_RIGHT/n008-2018-09-18-13-10-39-0400__CAM_FRONT_RIGHT__1537290878270482.jpg", "samples/CAM_BACK_LEFT/n008-2018-09-18-13-10-39-0400__CAM_BACK_LEFT__1537290878297405.jpg", "samples/CAM_BACK/n008-2018-09-18-13-10-39-0400__CAM_BACK__1537290878287558.jpg", "samples/CAM_BACK_RIGHT/n008-2018-09-18-13-10-39-0400__CAM_BACK_RIGHT__1537290878278113.jpg"], "intrinsics": [[[1257.8625342125129, 0.0, 827.2410631095686], [0.0, 1257.8625342125129, 450.915498205774], [0.0, 0.0, 1.0]], [[1252.8131021185304, 0.0, 826.588114781398], [0.0, 1252.8131021185304, 469.9846626224581], [0.0, 0.0, 1.0]], [[1256.7485116440405, 0.0, 817.7887570959712], [0.0, 1256.7485116440403, 451.9541780095127], [0.0, 0.0, 1.0]], [[1254.9860565800168, 0.0, 829.5769333630991], [0.0, 1254.9860565800168, 467.1680561863987], [0.0, 0.0, 1.0]], [[796.8910634503094, 0.0, 857.7774326863696], [0.0, 796.8910634503094, 476.8848988407415], [0.0, 0.0, 1.0]], [[1249.9629280788233, 0.0, 825.3768045375984], [0.0, 1249.9629280788233, 462.54816385708756], [0.0, 0.0, 1.0]]], "extrinsics": [[[0.8257502913475037, -0.5630958676338196, 0.0325484536588192, -0.792938232421875], [0.051724836230278015, 0.01813594438135624, -0.9984966516494751, 1.5017147064208984], [0.5616590976715088, 0.8261924386024475, 0.04410180449485779, -1.18597412109375], [0.0, 0.0, 0.0, 1.0]], [[0.016472576186060905, -0.9997736215591431, -0.013466176576912403, 0.0069580078125], [0.05372859165072441, 0.014333633705973625, -0.9984526634216309, 1.4916706085205078], [0.9984197616577148, 0.01572362519800663, 0.05395254120230675, -1.52142333984375], [0.0, 0.0, 0.0, 1.0]], [[-0.8399770259857178, -0.539801299571991, -0.05525485426187515, 0.95050048828125], [0.061790406703948975, 0.006012857425957918, -0.998071014881134, 1.5033302307128906], [0.5390923023223877, -0.8417710661888123, 0.028303878381848335, -1.1893310546875], [0.0, 0.0, 0.0, 1.0]], [[0.9466866254806519, 0.31943967938423157, 0.0417441800236702, -1.136627197265625], [0.036516714841127396, 0.022339189425110817, -0.9990833401679993, 1.5623283386230469], [-0.3200794458389282, 0.9473431706428528, 0.00948332343250513, -0.15826416015625], [0.0, 0.0, 0.0, 1.0]], [[0.006564392242580652, 0.9998714327812195, 0.014627967961132526, -0.02783203125], [0.0386015810072422, 0.01436400506645441, -0.9991514086723328, 1.5705833435058594], [-0.9992331266403198, 0.007123492658138275, -0.03850233182311058, -0.020751953125], [0.0, 0.0, 0.0, 1.0]], [[-0.9239861369132996, 0.38000866770744324, -0.042930442839860916, 1.049560546875], [0.0428045354783535, -0.008785681799054146, -0.9990447759628296, 1.5529706478118896], [-0.3800228536128998, -0.9249411225318909, -0.008148247376084328, -0.09051513671875], [0.0, 0.0, 0.0, 1.0]]], "view": [[0.0, -2.0, 100.0], [-2.0, 0.0, 100.0], [0.0, 0.0, 1.0]], "bev": "bev_8a622afe1c5c4ef0b8ceb9addf736137.png", "aux": "aux_8a622afe1c5c4ef0b8ceb9addf736137.npz", "visibility": "visibility_8a622afe1c5c4ef0b8ceb9addf736137.png", "pose": [[-0.9028011560440063, -0.43005818128585815, 0.0, 439.6632080078125], [0.43005818128585815, -0.9028011560440063, 0.0, 605.5813598632812], [0.0, 0.0, 1.0, 0.0], [0.0, 0.0, 0.0, 1.0]], "pose_inverse": [[-0.9028011560440063, 0.43005818128585815, 0.0, 136.4932403564453], [-0.43005818128585815, -0.9028011560440063, 0.0, 735.80029296875], [0.0, 0.0, 1.0, 0.0], [0.0, 0.0, 0.0, 1.0]], "cam_ids": [0, 1, 2, 3, 4, 5], "cam_channels": ["CAM_FRONT_LEFT", "CAM_FRONT", "CAM_FRONT_RIGHT", "CAM_BACK_LEFT", "CAM_BACK", "CAM_BACK_RIGHT"], "token": "8a622afe1c5c4ef0b8ceb9addf736137", "scene": "scene-0575"}, {"images": ["samples/CAM_FRONT_LEFT/n008-2018-09-18-13-10-39-0400__CAM_FRONT_LEFT__1537290878754799.jpg", "samples/CAM_FRONT/n008-2018-09-18-13-10-39-0400__CAM_FRONT__1537290878762404.jpg", "samples/CAM_FRONT_RIGHT/n008-2018-09-18-13-10-39-0400__CAM_FRONT_RIGHT__1537290878770482.jpg", "samples/CAM_BACK_LEFT/n008-2018-09-18-13-10-39-0400__CAM_BACK_LEFT__1537290878797405.jpg", "samples/CAM_BACK/n008-2018-09-18-13-10-39-0400__CAM_BACK__1537290878787558.jpg", "samples/CAM_BACK_RIGHT/n008-2018-09-18-13-10-39-0400__CAM_BACK_RIGHT__1537290878778113.jpg"], "intrinsics": [[[1257.8625342125129, 0.0, 827.2410631095686], [0.0, 1257.8625342125129, 450.915498205774], [0.0, 0.0, 1.0]], [[1252.8131021185304, 0.0, 826.588114781398], [0.0, 1252.8131021185304, 469.9846626224581], [0.0, 0.0, 1.0]], [[1256.7485116440405, 0.0, 817.7887570959712], [0.0, 1256.7485116440403, 451.9541780095127], [0.0, 0.0, 1.0]], [[1254.9860565800168, 0.0, 829.5769333630991], [0.0, 1254.9860565800168, 467.1680561863987], [0.0, 0.0, 1.0]], [[796.8910634503094, 0.0, 857.7774326863696], [0.0, 796.8910634503094, 476.8848988407415], [0.0, 0.0, 1.0]], [[1249.9629280788233, 0.0, 825.3768045375984], [0.0, 1249.9629280788233, 462.54816385708756], [0.0, 0.0, 1.0]]], "extrinsics": [[[0.8232418894767761, -0.566814124584198, 0.0315353199839592, -0.7777099609375], [0.051514048129320145, 0.019267234951257706, -0.9984863996505737, 1.5026264190673828], [0.5653486251831055, 0.8236203789710999, 0.04506048932671547, -1.17486572265625], [0.0, 0.0, 0.0, 1.0]], [[0.012832398526370525, -0.9998132586479187, -0.014448038302361965, 0.00677490234375], [0.05352025106549263, 0.015115294605493546, -0.998452365398407, 1.4924488067626953], [0.9984843134880066, 0.012039278633892536, 0.05370422452688217, -1.5059814453125], [0.0, 0.0, 0.0, 1.0]], [[-0.8415045142173767, -0.53740394115448, -0.05538105592131615, 0.9405517578125], [0.061597492545843124, 0.006401478312909603, -0.9980804920196533, 1.5040216445922852], [0.5367269515991211, -0.8433005809783936, 0.027715865522623062, -1.183349609375], [0.0, 0.0, 0.0, 1.0]], [[0.946802020072937, 0.3191507160663605, 0.04133700951933861, -1.137451171875], [0.03642069920897484, 0.02135966718196869, -0.9991082549095154, 1.5622920989990234], [-0.31974905729293823, 0.9474632143974304, 0.008599682711064816, -0.1585693359375], [0.0, 0.0, 0.0, 1.0]], [[0.007721429690718651, 0.9998687505722046, 0.014241639524698257, -0.02789306640625], [0.03847907856106758, 0.013934423215687275, -0.9991621971130371, 1.5707263946533203], [-0.9992296099662781, 0.008262978866696358, -0.03836643695831299, -0.02472686767578125], [0.0, 0.0, 0.0, 1.0]], [[-0.9232136011123657, 0.3819040358066559, -0.04273061081767082, 1.0419158935546875], [0.04263392463326454, -0.008719231933355331, -0.9990527033805847, 1.5533053874969482], [-0.38191482424736023, -0.9241607785224915, -0.008232354186475277, -0.09381103515625], [0.0, 0.0, 0.0, 1.0]]], "view": [[0.0, -2.0, 100.0], [-2.0, 0.0, 100.0], [0.0, 0.0, 1.0]], "bev": "bev_d7ac72da932f4db1af96e1395bee4093.png", "aux": "aux_d7ac72da932f4db1af96e1395bee4093.npz", "visibility": "visibility_d7ac72da932f4db1af96e1395bee4093.png", "pose": [[-0.8867631554603577, -0.4622240662574768, 0.0, 436.9005432128906], [0.4622240662574768, -0.8867631554603577, 0.0, 606.9476318359375], [0.0, 0.0, 1.0, 0.0], [0.0, 0.0, 0.0, 1.0]], "pose_inverse": [[-0.8867631554603577, 0.4622240662574768, 0.0, 106.88151550292969], [-0.4622240662574768, -0.8867631554603577, 0.0, 740.1647338867188], [0.0, 0.0, 1.0, 0.0], [0.0, 0.0, 0.0, 1.0]], "cam_ids": [0, 1, 2, 3, 4, 5], "cam_channels": ["CAM_FRONT_LEFT", "CAM_FRONT", "CAM_FRONT_RIGHT", "CAM_BACK_LEFT", "CAM_BACK", "CAM_BACK_RIGHT"], "token": "d7ac72da932f4db1af96e1395bee4093", "scene": "scene-0575"}, {"images": ["samples/CAM_FRONT_LEFT/n008-2018-09-18-13-10-39-0400__CAM_FRONT_LEFT__1537290879254799.jpg", "samples/CAM_FRONT/n008-2018-09-18-13-10-39-0400__CAM_FRONT__1537290879262404.jpg", "samples/CAM_FRONT_RIGHT/n008-2018-09-18-13-10-39-0400__CAM_FRONT_RIGHT__1537290879270482.jpg", "samples/CAM_BACK_LEFT/n008-2018-09-18-13-10-39-0400__CAM_BACK_LEFT__1537290879297405.jpg", "samples/CAM_BACK/n008-2018-09-18-13-10-39-0400__CAM_BACK__1537290879287558.jpg", "samples/CAM_BACK_RIGHT/n008-2018-09-18-13-10-39-0400__CAM_BACK_RIGHT__1537290879278113.jpg"], "intrinsics": [[[1257.8625342125129, 0.0, 827.2410631095686], [0.0, 1257.8625342125129, 450.915498205774], [0.0, 0.0, 1.0]], [[1252.8131021185304, 0.0, 826.588114781398], [0.0, 1252.8131021185304, 469.9846626224581], [0.0, 0.0, 1.0]], [[1256.7485116440405, 0.0, 817.7887570959712], [0.0, 1256.7485116440403, 451.9541780095127], [0.0, 0.0, 1.0]], [[1254.9860565800168, 0.0, 829.5769333630991], [0.0, 1254.9860565800168, 467.1680561863987], [0.0, 0.0, 1.0]], [[796.8910634503094, 0.0, 857.7774326863696], [0.0, 796.8910634503094, 476.8848988407415], [0.0, 0.0, 1.0]], [[1249.9629280788233, 0.0, 825.3768045375984], [0.0, 1249.9629280788233, 462.54816385708756], [0.0, 0.0, 1.0]]], "extrinsics": [[[0.8232808113098145, -0.5662626624107361, 0.03943941369652748, -0.771697998046875], [0.058220814913511276, 0.015123877674341202, -0.9981891512870789, 1.5048160552978516], [0.5646406412124634, 0.8240861296653748, 0.045419465750455856, -1.17291259765625], [0.0, 0.0, 0.0, 1.0]], [[0.013326765038073063, -0.9998596906661987, -0.010149409994482994, 0.00830078125], [0.06036323681473732, 0.010936274193227291, -0.9981165528297424, 1.4942893981933594], [0.998087465763092, 0.012688995338976383, 0.06050051376223564, -1.5012054443359375], [0.0, 0.0, 0.0, 1.0]], [[-0.8409202694892883, -0.5379389524459839, -0.058947715908288956, 0.937530517578125], [0.06853663176298141, 0.00218448624946177, -0.997646152973175, 1.5055489540100098], [0.5368015766143799, -0.8429810404777527, 0.03503154590725899, -1.17987060546875], [0.0, 0.0, 0.0, 1.0]], [[0.9464948773384094, 0.31930288672447205, 0.046830255538225174, -1.13519287109375], [0.04366559535264969, 0.01706686243414879, -0.9989004135131836, 1.5624465942382812], [-0.3197510540485382, 0.9474989175796509, 0.002211147453635931, -0.1588134765625], [0.0, 0.0, 0.0, 1.0]], [[0.0074721891433000565, 0.9999221563339233, 0.00999215617775917, -0.02825927734375], [0.045645345002412796, 0.009640953503549099, -0.9989112019538879, 1.5713672637939453], [-0.9989297986030579, 0.007920132018625736, -0.0455697625875473, -0.027923583984375], [0.0, 0.0, 0.0, 1.0]], [[-0.9229951500892639, 0.3814373016357422, -0.05084790661931038, 1.0379638671875], [0.049651410430669785, -0.0129848038777709, -0.9986822009086609, 1.5544147491455078], [-0.38159483671188354, -0.9243034720420837, -0.00695398822426796, -0.09454345703125], [0.0, 0.0, 0.0, 1.0]]], "view": [[0.0, -2.0, 100.0], [-2.0, 0.0, 100.0], [0.0, 0.0, 1.0]], "bev": "bev_b73d77e65879472d93b5d900fdcd8d13.png", "aux": "aux_b73d77e65879472d93b5d900fdcd8d13.npz", "visibility": "visibility_b73d77e65879472d93b5d900fdcd8d13.png", "pose": [[-0.8767834305763245, -0.48088541626930237, 0.0, 434.07366943359375], [0.48088541626930237, -0.8767834305763245, 0.0, 608.4468994140625], [0.0, 0.0, 1.0, 0.0], [0.0, 0.0, 0.0, 1.0]], "pose_inverse": [[-0.8767834305763245, 0.48088541626930237, 0.0, 87.99535369873047], [-0.48088541626930237, -0.8767834305763245, 0.0, 742.2158813476562], [0.0, 0.0, 1.0, 0.0], [0.0, 0.0, 0.0, 1.0]], "cam_ids": [0, 1, 2, 3, 4, 5], "cam_channels": ["CAM_FRONT_LEFT", "CAM_FRONT", "CAM_FRONT_RIGHT", "CAM_BACK_LEFT", "CAM_BACK", "CAM_BACK_RIGHT"], "token": "b73d77e65879472d93b5d900fdcd8d13", "scene": "scene-0575"}, {"images": ["samples/CAM_FRONT_LEFT/n008-2018-09-18-13-10-39-0400__CAM_FRONT_LEFT__1537290879754799.jpg", "samples/CAM_FRONT/n008-2018-09-18-13-10-39-0400__CAM_FRONT__1537290879762404.jpg", "samples/CAM_FRONT_RIGHT/n008-2018-09-18-13-10-39-0400__CAM_FRONT_RIGHT__1537290879770482.jpg", "samples/CAM_BACK_LEFT/n008-2018-09-18-13-10-39-0400__CAM_BACK_LEFT__1537290879797405.jpg", "samples/CAM_BACK/n008-2018-09-18-13-10-39-0400__CAM_BACK__1537290879787558.jpg", "samples/CAM_BACK_RIGHT/n008-2018-09-18-13-10-39-0400__CAM_BACK_RIGHT__1537290879778113.jpg"], "intrinsics": [[[1257.8625342125129, 0.0, 827.2410631095686], [0.0, 1257.8625342125129, 450.915498205774], [0.0, 0.0, 1.0]], [[1252.8131021185304, 0.0, 826.588114781398], [0.0, 1252.8131021185304, 469.9846626224581], [0.0, 0.0, 1.0]], [[1256.7485116440405, 0.0, 817.7887570959712], [0.0, 1256.7485116440403, 451.9541780095127], [0.0, 0.0, 1.0]], [[1254.9860565800168, 0.0, 829.5769333630991], [0.0, 1254.9860565800168, 467.1680561863987], [0.0, 0.0, 1.0]], [[796.8910634503094, 0.0, 857.7774326863696], [0.0, 796.8910634503094, 476.8848988407415], [0.0, 0.0, 1.0]], [[1249.9629280788233, 0.0, 825.3768045375984], [0.0, 1249.9629280788233, 462.54816385708756], [0.0, 0.0, 1.0]]], "extrinsics": [[[0.8241056203842163, -0.5651219487190247, 0.03856286406517029, -0.764312744140625], [0.052565064281225204, 0.008513243868947029, -0.9985812306404114, 1.5035734176635742], [0.563991904258728, 0.8249634504318237, 0.03672148659825325, -1.170654296875], [0.0, 0.0, 0.0, 1.0]], [[0.014166824519634247, -0.9998934268951416, -0.003499120706692338, 0.0103759765625], [0.05441070348024368, 0.004265183582901955, -0.9985095262527466, 1.4932365417480469], [0.9984180927276611, 0.013955287635326385, 0.05446533486247063, -1.4947586059570312], [0.0, 0.0, 0.0, 1.0]], [[-0.8409225344657898, -0.5388345718383789, -0.05006517097353935, 0.93426513671875], [0.06229758635163307, -0.004491228610277176, -0.9980475306510925, 1.5047177076339722], [0.5375576615333557, -0.8423995971679688, 0.03734486922621727, -1.17596435546875], [0.0, 0.0, 0.0, 1.0]], [[0.946857213973999, 0.31939852237701416, 0.038024842739105225, -1.13555908203125], [0.036523327231407166, 0.010691717267036438, -0.9992756247520447, 1.562363624572754], [-0.3195737600326538, 0.9475601315498352, -0.001541970414109528, -0.158935546875], [0.0, 0.0, 0.0, 1.0]], [[0.007420494686812162, 0.9999668002128601, 0.0033705621026456356, -0.02880859375], [0.03879110515117645, 0.0030802623368799686, -0.9992426037788391, 1.5709242820739746], [-0.9992198348045349, 0.00754559738561511, -0.03876696527004242, -0.029438018798828125], [0.0, 0.0, 0.0, 1.0]], [[-0.9234617948532104, 0.38075295090675354, -0.047386523336172104, 1.0344390869140625], [0.04315674677491188, -0.01964426413178444, -0.9988751411437988, 1.5537118911743164], [-0.38125547766685486, -0.9244681596755981, 0.0017086711013689637, -0.0947265625], [0.0, 0.0, 0.0, 1.0]]], "view": [[0.0, -2.0, 100.0], [-2.0, 0.0, 100.0], [0.0, 0.0, 1.0]], "bev": "bev_b9d1182c7c6441ac86d13d9e4e7fbeae.png", "aux": "aux_b9d1182c7c6441ac86d13d9e4e7fbeae.npz", "visibility": "visibility_b9d1182c7c6441ac86d13d9e4e7fbeae.png", "pose": [[-0.856827974319458, -0.5156023502349854, 0.0, 431.1944274902344], [0.5156023502349854, -0.856827974319458, 0.0, 610.124267578125], [0.0, 0.0, 1.0, 0.0], [0.0, 0.0, 0.0, 1.0]], "pose_inverse": [[-0.856827974319458, 0.5156023502349854, 0.0, 54.8779296875], [-0.5156023502349854, -0.856827974319458, 0.0, 745.096435546875], [0.0, 0.0, 1.0, 0.0], [0.0, 0.0, 0.0, 1.0]], "cam_ids": [0, 1, 2, 3, 4, 5], "cam_channels": ["CAM_FRONT_LEFT", "CAM_FRONT", "CAM_FRONT_RIGHT", "CAM_BACK_LEFT", "CAM_BACK", "CAM_BACK_RIGHT"], "token": "b9d1182c7c6441ac86d13d9e4e7fbeae", "scene": "scene-0575"}, {"images": ["samples/CAM_FRONT_LEFT/n008-2018-09-18-13-10-39-0400__CAM_FRONT_LEFT__1537290880254799.jpg", "samples/CAM_FRONT/n008-2018-09-18-13-10-39-0400__CAM_FRONT__1537290880262404.jpg", "samples/CAM_FRONT_RIGHT/n008-2018-09-18-13-10-39-0400__CAM_FRONT_RIGHT__1537290880270482.jpg", "samples/CAM_BACK_LEFT/n008-2018-09-18-13-10-39-0400__CAM_BACK_LEFT__1537290880297405.jpg", "samples/CAM_BACK/n008-2018-09-18-13-10-39-0400__CAM_BACK__1537290880287558.jpg", "samples/CAM_BACK_RIGHT/n008-2018-09-18-13-10-39-0400__CAM_BACK_RIGHT__1537290880278113.jpg"], "intrinsics": [[[1257.8625342125129, 0.0, 827.2410631095686], [0.0, 1257.8625342125129, 450.915498205774], [0.0, 0.0, 1.0]], [[1252.8131021185304, 0.0, 826.588114781398], [0.0, 1252.8131021185304, 469.9846626224581], [0.0, 0.0, 1.0]], [[1256.7485116440405, 0.0, 817.7887570959712], [0.0, 1256.7485116440403, 451.9541780095127], [0.0, 0.0, 1.0]], [[1254.9860565800168, 0.0, 829.5769333630991], [0.0, 1254.9860565800168, 467.1680561863987], [0.0, 0.0, 1.0]], [[796.8910634503094, 0.0, 857.7774326863696], [0.0, 796.8910634503094, 476.8848988407415], [0.0, 0.0, 1.0]], [[1249.9629280788233, 0.0, 825.3768045375984], [0.0, 1249.9629280788233, 462.54816385708756], [0.0, 0.0, 1.0]]], "extrinsics": [[[0.8246504068374634, -0.5639141201972961, 0.044186655431985855, -0.775482177734375], [0.05072542279958725, -0.004076259210705757, -0.9987043142318726, 1.502396821975708], [0.5633635520935059, 0.8258233666419983, 0.02524329163134098, -1.17724609375], [0.0, 0.0, 0.0, 1.0]], [[0.014782245270907879, -0.9998487234115601, 0.009164553135633469, 0.00946044921875], [0.05259203538298607, -0.00837539043277502, -0.9985809326171875, 1.4922499656677246], [0.9985066652297974, 0.015243243426084518, 0.05246027186512947, -1.505392074584961], [0.0, 0.0, 0.0, 1.0]], [[-0.8407893776893616, -0.5397583842277527, -0.04164326936006546, 0.94097900390625], [0.060529738664627075, -0.01728937402367592, -0.9980166554450989, 1.5038785934448242], [0.5379678010940552, -0.8416423797607422, 0.04720815643668175, -1.18115234375], [0.0, 0.0, 0.0, 1.0]], [[0.947099506855011, 0.3193214535713196, 0.032192450016736984, -1.1373443603515625], [0.034947846084833145, -0.0029012789018452168, -0.9993849396705627, 1.5622773170471191], [-0.31903165578842163, 0.9476420283317566, -0.013907395303249359, -0.1575927734375], [0.0, 0.0, 0.0, 1.0]], [[0.007537909783422947, 0.9999225735664368, -0.009896993637084961, -0.02838134765625], [0.037133730947971344, -0.010170353576540947, -0.9992585182189941, 1.5706520080566406], [-0.9992819428443909, 0.007164794486016035, -0.037207525223493576, -0.025406837463378906], [0.0, 0.0, 0.0, 1.0]], [[-0.9236226081848145, 0.3799281716346741, -0.05075325816869736, 1.040496826171875], [0.041440099477767944, -0.03265761956572533, -0.9986070990562439, 1.5532093048095703], [-0.38105645775794983, -0.9244392514228821, 0.014419056475162506, -0.09283447265625], [0.0, 0.0, 0.0, 1.0]]], "view": [[0.0, -2.0, 100.0], [-2.0, 0.0, 100.0], [0.0, 0.0, 1.0]], "bev": "bev_e3822333607844f8afdc115dbcc24ddc.png", "aux": "aux_e3822333607844f8afdc115dbcc24ddc.npz", "visibility": "visibility_e3822333607844f8afdc115dbcc24ddc.png", "pose": [[-0.8306935429573059, -0.5567299127578735, 0.0, 428.43316650390625], [0.5567299127578735, -0.8306935429573059, 0.0, 611.8925170898438], [0.0, 0.0, 1.0, 0.0], [0.0, 0.0, 0.0, 1.0]], "pose_inverse": [[-0.8306935429573059, 0.5567299127578735, 0.0, 15.237810134887695], [-0.5567299127578735, -0.8306935429573059, 0.0, 746.8167114257812], [0.0, 0.0, 1.0, 0.0], [0.0, 0.0, 0.0, 1.0]], "cam_ids": [0, 1, 2, 3, 4, 5], "cam_channels": ["CAM_FRONT_LEFT", "CAM_FRONT", "CAM_FRONT_RIGHT", "CAM_BACK_LEFT", "CAM_BACK", "CAM_BACK_RIGHT"], "token": "e3822333607844f8afdc115dbcc24ddc", "scene": "scene-0575"}, {"images": ["samples/CAM_FRONT_LEFT/n008-2018-09-18-13-10-39-0400__CAM_FRONT_LEFT__1537290880754799.jpg", "samples/CAM_FRONT/n008-2018-09-18-13-10-39-0400__CAM_FRONT__1537290880762404.jpg", "samples/CAM_FRONT_RIGHT/n008-2018-09-18-13-10-39-0400__CAM_FRONT_RIGHT__1537290880770482.jpg", "samples/CAM_BACK_LEFT/n008-2018-09-18-13-10-39-0400__CAM_BACK_LEFT__1537290880797405.jpg", "samples/CAM_BACK/n008-2018-09-18-13-10-39-0400__CAM_BACK__1537290880787558.jpg", "samples/CAM_BACK_RIGHT/n008-2018-09-18-13-10-39-0400__CAM_BACK_RIGHT__1537290880778113.jpg"], "intrinsics": [[[1257.8625342125129, 0.0, 827.2410631095686], [0.0, 1257.8625342125129, 450.915498205774], [0.0, 0.0, 1.0]], [[1252.8131021185304, 0.0, 826.588114781398], [0.0, 1252.8131021185304, 469.9846626224581], [0.0, 0.0, 1.0]], [[1256.7485116440405, 0.0, 817.7887570959712], [0.0, 1256.7485116440403, 451.9541780095127], [0.0, 0.0, 1.0]], [[1254.9860565800168, 0.0, 829.5769333630991], [0.0, 1254.9860565800168, 467.1680561863987], [0.0, 0.0, 1.0]], [[796.8910634503094, 0.0, 857.7774326863696], [0.0, 796.8910634503094, 476.8848988407415], [0.0, 0.0, 1.0]], [[1249.9629280788233, 0.0, 825.3768045375984], [0.0, 1249.9629280788233, 462.54816385708756], [0.0, 0.0, 1.0]]], "extrinsics": [[[0.8249083161354065, -0.5640053153038025, 0.037738099694252014, -0.7789306640625], [0.04482709988951683, -0.0012799252290278673, -0.9989939332008362, 1.5005292892456055], [0.5634861588478088, 0.8257701396942139, 0.024226903915405273, -1.1810302734375], [0.0, 0.0, 0.0, 1.0]], [[0.014870756305754185, -0.9998713731765747, 0.005997297819703817, 0.01031494140625], [0.04690694063901901, -0.0052937534637749195, -0.9988852739334106, 1.4907341003417969], [0.9987884759902954, 0.01513543352484703, 0.046822186559438705, -1.5098094940185547], [0.0, 0.0, 0.0, 1.0]], [[-0.8409919738769531, -0.5396540760993958, -0.03880655765533447, 0.944549560546875], [0.05505934730172157, -0.014010072685778141, -0.9983847737312317, 1.5027008056640625], [0.5382387042045593, -0.8417702913284302, 0.04149536043405533, -1.1824951171875], [0.0, 0.0, 0.0, 1.0]], [[0.9472280144691467, 0.3193286061286926, 0.02807800844311714, -1.1377105712890625], [0.02955402061343193, 0.000223423310671933, -0.9995631575584412, 1.5622384548187256], [-0.31919535994529724, 0.9476439952850342, -0.009225810877978802, -0.158203125], [0.0, 0.0, 0.0, 1.0]], [[0.007468108553439379, 0.999950110912323, -0.006641216576099396, -0.0289306640625], [0.031730830669403076, -0.00687502371147275, -0.9994727373123169, 1.5702147483825684], [-0.9994685649871826, 0.007253395859152079, -0.03178058937191963, -0.0233917236328125], [0.0, 0.0, 0.0, 1.0]], [[-0.923882246017456, 0.38007500767707825, -0.04454711452126503, 1.043304443359375], [0.03610668331384659, -0.029311537742614746, -0.9989179968833923, 1.5524139404296875], [-0.3809695839881897, -0.9244910478591919, 0.013357162475585938, -0.091064453125], [0.0, 0.0, 0.0, 1.0]]], "view": [[0.0, -2.0, 100.0], [-2.0, 0.0, 100.0], [0.0, 0.0, 1.0]], "bev": "bev_c9673c9f1a604310827a1b0b4b03e216.png", "aux": "aux_c9673c9f1a604310827a1b0b4b03e216.npz", "visibility": "visibility_c9673c9f1a604310827a1b0b4b03e216.png", "pose": [[-0.7961790561676025, -0.6050610542297363, 0.0, 425.87628173828125], [0.6050610542297363, -0.7961790561676025, 0.0, 613.759765625], [0.0, 0.0, 1.0, 0.0], [0.0, 0.0, 0.0, 1.0]], "pose_inverse": [[-0.7961790561676025, 0.6050610542297363, 0.0, -32.288333892822266], [-0.6050610542297363, -0.7961790561676025, 0.0, 746.3438110351562], [0.0, 0.0, 1.0, 0.0], [0.0, 0.0, 0.0, 1.0]], "cam_ids": [0, 1, 2, 3, 4, 5], "cam_channels": ["CAM_FRONT_LEFT", "CAM_FRONT", "CAM_FRONT_RIGHT", "CAM_BACK_LEFT", "CAM_BACK", "CAM_BACK_RIGHT"], "token": "c9673c9f1a604310827a1b0b4b03e216", "scene": "scene-0575"}, {"images": ["samples/CAM_FRONT_LEFT/n008-2018-09-18-13-10-39-0400__CAM_FRONT_LEFT__1537290881254799.jpg", "samples/CAM_FRONT/n008-2018-09-18-13-10-39-0400__CAM_FRONT__1537290881262404.jpg", "samples/CAM_FRONT_RIGHT/n008-2018-09-18-13-10-39-0400__CAM_FRONT_RIGHT__1537290881270482.jpg", "samples/CAM_BACK_LEFT/n008-2018-09-18-13-10-39-0400__CAM_BACK_LEFT__1537290881297405.jpg", "samples/CAM_BACK/n008-2018-09-18-13-10-39-0400__CAM_BACK__1537290881287558.jpg", "samples/CAM_BACK_RIGHT/n008-2018-09-18-13-10-39-0400__CAM_BACK_RIGHT__1537290881278113.jpg"], "intrinsics": [[[1257.8625342125129, 0.0, 827.2410631095686], [0.0, 1257.8625342125129, 450.915498205774], [0.0, 0.0, 1.0]], [[1252.8131021185304, 0.0, 826.588114781398], [0.0, 1252.8131021185304, 469.9846626224581], [0.0, 0.0, 1.0]], [[1256.7485116440405, 0.0, 817.7887570959712], [0.0, 1256.7485116440403, 451.9541780095127], [0.0, 0.0, 1.0]], [[1254.9860565800168, 0.0, 829.5769333630991], [0.0, 1254.9860565800168, 467.1680561863987], [0.0, 0.0, 1.0]], [[796.8910634503094, 0.0, 857.7774326863696], [0.0, 796.8910634503094, 476.8848988407415], [0.0, 0.0, 1.0]], [[1249.9629280788233, 0.0, 825.3768045375984], [0.0, 1249.9629280788233, 462.54816385708756], [0.0, 0.0, 1.0]]], "extrinsics": [[[0.823983371257782, -0.5659634470939636, 0.027143441140651703, -0.79022216796875], [0.039557043462991714, 0.009670980274677277, -0.9991704821586609, 1.4985241889953613], [0.5652315020561218, 0.8243736624717712, 0.03035656549036503, -1.188720703125], [0.0, 0.0, 0.0, 1.0]], [[0.013238247483968735, -0.9998988509178162, -0.0051942914724349976, 0.0101318359375], [0.04155709594488144, 0.0057404423132538795, -0.9991196393966675, 1.4890153408050537], [0.9990484714508057, 0.013010694645345211, 0.0416288822889328, -1.5216751098632812], [0.0, 0.0, 0.0, 1.0]], [[-0.8418973684310913, -0.5381255745887756, -0.040368255227804184, 0.952972412109375], [0.04965179041028023, -0.0027566144708544016, -0.9987627863883972, 1.5012431144714355], [0.5373485684394836, -0.842860221862793, 0.029039686545729637, -1.1878662109375], [0.0, 0.0, 0.0, 1.0]], [[0.9474381804466248, 0.3187931776046753, 0.027053629979491234, -1.142333984375], [0.02423865720629692, 0.012794630602002144, -0.9996243715286255, 1.5620851516723633], [-0.3190195560455322, 0.947737991809845, 0.004395005293190479, -0.15667724609375], [0.0, 0.0, 0.0, 1.0]], [[0.008020809851586819, 0.9999534487724304, 0.0053696543909609