[{"images": ["samples/CAM_FRONT_LEFT/n008-2018-09-18-13-41-50-0400__CAM_FRONT_LEFT__1537292923354799.jpg", "samples/CAM_FRONT/n008-2018-09-18-13-41-50-0400__CAM_FRONT__1537292923362404.jpg", "samples/CAM_FRONT_RIGHT/n008-2018-09-18-13-41-50-0400__CAM_FRONT_RIGHT__1537292923370482.jpg", "samples/CAM_BACK_LEFT/n008-2018-09-18-13-41-50-0400__CAM_BACK_LEFT__1537292923397405.jpg", "samples/CAM_BACK/n008-2018-09-18-13-41-50-0400__CAM_BACK__1537292923387558.jpg", "samples/CAM_BACK_RIGHT/n008-2018-09-18-13-41-50-0400__CAM_BACK_RIGHT__1537292923378113.jpg"], "intrinsics": [[[1257.8625342125129, 0.0, 827.2410631095686], [0.0, 1257.8625342125129, 450.915498205774], [0.0, 0.0, 1.0]], [[1252.8131021185304, 0.0, 826.588114781398], [0.0, 1252.8131021185304, 469.9846626224581], [0.0, 0.0, 1.0]], [[1256.7485116440405, 0.0, 817.7887570959712], [0.0, 1256.7485116440403, 451.9541780095127], [0.0, 0.0, 1.0]], [[1254.9860565800168, 0.0, 829.5769333630991], [0.0, 1254.9860565800168, 467.1680561863987], [0.0, 0.0, 1.0]], [[796.8910634503094, 0.0, 857.7774326863696], [0.0, 796.8910634503094, 476.8848988407415], [0.0, 0.0, 1.0]], [[1249.9629280788233, 0.0, 825.3768045375984], [0.0, 1249.9629280788233, 462.54816385708756], [0.0, 0.0, 1.0]]], "extrinsics": [[[0.8224246501922607, -0.5685007572174072, -0.020606087520718575, -0.88848876953125], [0.01636859029531479, 0.059856217354536057, -0.9980728030204773, 1.4903945922851562], [0.5686385631561279, 0.8205024003982544, 0.05853278189897537, -1.2564697265625], [0.0, 0.0, 0.0, 1.0]], [[0.010185590013861656, -0.9984096884727478, -0.055447667837142944, 0.009033203125], [0.018229763954877853, 0.05562673509120941, -0.9982852339744568, 1.4821319580078125], [0.9997819662094116, 0.009157279506325722, 0.018767358735203743, -1.618804931640625], [0.0, 0.0, 0.0, 1.0]], [[-0.8438780903816223, -0.5344547629356384, -0.04720074683427811, 1.01513671875], [0.026185812428593636, 0.046842314302921295, -0.9985589981079102, 1.4953460693359375], [0.5358956456184387, -0.8438979983329773, -0.025534069165587425, -1.227294921875], [0.0, 0.0, 0.0, 1.0]], [[0.9479464888572693, 0.3177816569805145, 0.02030341699719429, -1.13616943359375], [0.0006329172174446285, 0.061880629509687424, -0.9980833530426025, 1.5620346069335938], [-0.31842899322509766, 0.9461425542831421, 0.058458395302295685, -0.1590576171875], [0.0, 0.0, 0.0, 1.0]], [[0.009328470565378666, 0.9984753131866455, 0.05440733581781387, -0.029541015625], [0.0028165983967483044, 0.05438325181603432, -0.9985161423683167, 1.568115234375], [-0.9999525547027588, 0.009467937983572483, -0.002304990543052554, 0.005889892578125], [0.0, 0.0, 0.0, 1.0]], [[-0.9236052632331848, 0.3833034336566925, 0.005625101737678051, 1.09796142578125], [0.0070872739888727665, 0.031745001673698425, -0.9994708895683289, 1.5482368469238281], [-0.3832791745662689, -0.9230768084526062, -0.0320364311337471, -0.0677490234375], [0.0, 0.0, 0.0, 1.0]]], "view": [[0.0, -2.0, 100.0], [-2.0, 0.0, 100.0], [0.0, 0.0, 1.0]], "bev": "bev_3391c65730e048e388f135130e825837.png", "aux": "aux_3391c65730e048e388f135130e825837.npz", "visibility": "visibility_3391c65730e048e388f135130e825837.png", "pose": [[-0.8774560689926147, -0.47965705394744873, 0.0, 1202.7088623046875], [0.47965705394744873, -0.8774560689926147, 0.0, 1387.2340087890625], [0.0, 0.0, 1.0, 0.0], [0.0, 0.0, 0.0, 1.0]], "pose_inverse": [[-0.8774560689926147, 0.47965705394744873, 0.0, 389.9275817871094], [-0.47965705394744873, -0.8774560689926147, 0.0, 1794.1246337890625], [0.0, 0.0, 1.0, 0.0], [0.0, 0.0, 0.0, 1.0]], "cam_ids": [0, 1, 2, 3, 4, 5], "cam_channels": ["CAM_FRONT_LEFT", "CAM_FRONT", "CAM_FRONT_RIGHT", "CAM_BACK_LEFT", "CAM_BACK", "CAM_BACK_RIGHT"], "token": "3391c65730e048e388f135130e825837", "scene": "scene-0593"}, {"images": ["samples/CAM_FRONT_LEFT/n008-2018-09-18-13-41-50-0400__CAM_FRONT_LEFT__1537292923854799.jpg", "samples/CAM_FRONT/n008-2018-09-18-13-41-50-0400__CAM_FRONT__1537292923862404.jpg", "samples/CAM_FRONT_RIGHT/n008-2018-09-18-13-41-50-0400__CAM_FRONT_RIGHT__1537292923870482.jpg", "samples/CAM_BACK_LEFT/n008-2018-09-18-13-41-50-0400__CAM_BACK_LEFT__1537292923897405.jpg", "samples/CAM_BACK/n008-2018-09-18-13-41-50-0400__CAM_BACK__1537292923887558.jpg", "samples/CAM_BACK_RIGHT/n008-2018-09-18-13-41-50-0400__CAM_BACK_RIGHT__1537292923878113.jpg"], "intrinsics": [[[1257.8625342125129, 0.0, 827.2410631095686], [0.0, 1257.8625342125129, 450.915498205774], [0.0, 0.0, 1.0]], [[1252.8131021185304, 0.0, 826.588114781398], [0.0, 1252.8131021185304, 469.9846626224581], [0.0, 0.0, 1.0]], [[1256.7485116440405, 0.0, 817.7887570959712], [0.0, 1256.7485116440403, 451.9541780095127], [0.0, 0.0, 1.0]], [[1254.9860565800168, 0.0, 829.5769333630991], [0.0, 1254.9860565800168, 467.1680561863987], [0.0, 0.0, 1.0]], [[796.8910634503094, 0.0, 857.7774326863696], [0.0, 796.8910634503094, 476.8848988407415], [0.0, 0.0, 1.0]], [[1249.9629280788233, 0.0, 825.3768045375984], [0.0, 1249.9629280788233, 462.54816385708756], [0.0, 0.0, 1.0]]], "extrinsics": [[[0.8225829601287842, -0.5682013630867004, -0.02246217429637909, -0.89959716796875], [0.015192397870123386, 0.06144678220152855, -0.9979947209358215, 1.490142822265625], [0.568442165851593, 0.8205922245979309, 0.05917741358280182, -1.262451171875], [0.0, 0.0, 0.0, 1.0]], [[0.010358840227127075, -0.998314380645752, -0.05710693448781967, 0.007568359375], [0.017026018351316452, 0.05727781355381012, -0.9982131123542786, 1.4818878173828125], [0.9998013973236084, 0.009368006139993668, 0.01759064942598343, -1.62908935546875], [0.0, 0.0, 0.0, 1.0]], [[-0.8438556790351868, -0.5345062017440796, -0.047018442302942276, 1.0213623046875], [0.02491358108818531, 0.048502758145332336, -0.9985122680664062, 1.4950942993164062], [0.5359915494918823, -0.8437716960906982, -0.02761286310851574, -1.232421875], [0.0, 0.0, 0.0, 1.0]], [[0.9479654431343079, 0.31780552864074707, 0.019002504646778107, -1.13787841796875], [-0.0011991708306595683, 0.06325004249811172, -0.997996985912323, 1.5620269775390625], [-0.31837087869644165, 0.9460439085960388, 0.06033995747566223, -0.157958984375], [0.0, 0.0, 0.0, 1.0]], [[0.00934574380517006, 0.9983906149864197, 0.0559367798268795, -0.02880859375], [0.0012265379773452878, 0.055927734822034836, -0.9984340071678162, 1.5680770874023438], [-0.9999556541442871, 0.009399759583175182, -0.0007018742035143077, 0.0101318359375], [0.0, 0.0, 0.0, 1.0]], [[-0.92363440990448, 0.3832007050514221, 0.007528737653046846, 1.10400390625], [0.005697865039110184, 0.03336937725543976, -0.9994268417358398, 1.5481452941894531], [-0.3832322657108307, -0.9230622053146362, -0.033004533499479294, -0.0665283203125], [0.0, 0.0, 0.0, 1.0]]], "view": [[0.0, -2.0, 100.0], [-2.0, 0.0, 100.0], [0.0, 0.0, 1.0]], "bev": "bev_004fa213bb7b4f40a139383342174089.png", "aux": "aux_004fa213bb7b4f40a139383342174089.npz", "visibility": "visibility_004fa213bb7b4f40a139383342174089.png", "pose": [[-0.8767187595367432, -0.48100337386131287, 0.0, 1201.453125], [0.48100337386131287, -0.8767187595367432, 0.0, 1387.947021484375], [0.0, 0.0, 1.0, 0.0], [0.0, 0.0, 0.0, 1.0]], "pose_inverse": [[-0.8767187595367432, 0.48100337386131287, 0.0, 385.7292785644531], [-0.48100337386131287, -0.8767187595367432, 0.0, 1794.7421875], [0.0, 0.0, 1.0, 0.0], [0.0, 0.0, 0.0, 1.0]], "cam_ids": [0, 1, 2, 3, 4, 5], "cam_channels": ["CAM_FRONT_LEFT", "CAM_FRONT", "CAM_FRONT_RIGHT", "CAM_BACK_LEFT", "CAM_BACK", "CAM_BACK_RIGHT"], "token": "004fa213bb7b4f40a139383342174089", "scene": "scene-0593"}, {"images": ["samples/CAM_FRONT_LEFT/n008-2018-09-18-13-41-50-0400__CAM_FRONT_LEFT__1537292924354799.jpg", "samples/CAM_FRONT/n008-2018-09-18-13-41-50-0400__CAM_FRONT__1537292924362404.jpg", "samples/CAM_FRONT_RIGHT/n008-2018-09-18-13-41-50-0400__CAM_FRONT_RIGHT__1537292924370494.jpg", "samples/CAM_BACK_LEFT/n008-2018-09-18-13-41-50-0400__CAM_BACK_LEFT__1537292924397454.jpg", "samples/CAM_BACK/n008-2018-09-18-13-41-50-0400__CAM_BACK__1537292924387558.jpg", "samples/CAM_BACK_RIGHT/n008-2018-09-18-13-41-50-0400__CAM_BACK_RIGHT__1537292924378113.jpg"], "intrinsics": [[[1257.8625342125129, 0.0, 827.2410631095686], [0.0, 1257.8625342125129, 450.915498205774], [0.0, 0.0, 1.0]], [[1252.8131021185304, 0.0, 826.588114781398], [0.0, 1252.8131021185304, 469.9846626224581], [0.0, 0.0, 1.0]], [[1256.7485116440405, 0.0, 817.7887570959712], [0.0, 1256.7485116440403, 451.9541780095127], [0.0, 0.0, 1.0]], [[1254.9860565800168, 0.0, 829.5769333630991], [0.0, 1254.9860565800168, 467.1680561863987], [0.0, 0.0, 1.0]], [[796.8910634503094, 0.0, 857.7774326863696], [0.0, 796.8910634503094, 476.8848988407415], [0.0, 0.0, 1.0]], [[1249.9629280788233, 0.0, 825.3768045375984], [0.0, 1249.9629280788233, 462.54816385708756], [0.0, 0.0, 1.0]]], "extrinsics": [[[0.8226140141487122, -0.5680986046791077, -0.023879244923591614, -0.94329833984375], [0.010488342493772507, 0.057149872183799744, -0.9983105063438416, 1.488983154296875], [0.5685034990310669, 0.8209737539291382, 0.05297069251537323, -1.2926025390625], [0.0, 0.0, 0.0, 1.0]], [[0.010351467877626419, -0.9985468983650208, -0.05288572609424591, 0.007568359375], [0.01234606932848692, 0.05301216244697571, -0.9985175728797913, 1.4808502197265625], [0.999870240688324, 0.009683213196694851, 0.012876879423856735, -1.673309326171875], [0.0, 0.0, 0.0, 1.0]], [[-0.8439237475395203, -0.5349046587944031, -0.04086397588253021, 1.0504150390625], [0.0202646367251873, 0.04433237761259079, -0.9988112449645996, 1.493988037109375], [0.5360804200172424, -0.8437486290931702, -0.02657349966466427, -1.2508544921875], [0.0, 0.0, 0.0, 1.0]], [[0.9479725956916809, 0.31804966926574707, 0.013871516101062298, -1.14068603515625], [-0.005427765194326639, 0.059713736176490784, -0.9982007741928101, 1.5620040893554688], [-0.31830576062202454, 0.946191668510437, 0.05833327770233154, -0.157470703125], [0.0, 0.0, 0.0, 1.0]], [[0.009366811253130436, 0.9986005425453186, 0.05205042287707329, -0.0291748046875], [-0.0032104174606502056, 0.052082471549510956, -0.9986376166343689, 1.5679702758789062], [-0.9999510049819946, 0.009186932817101479, 0.003693770384415984, 0.024383544921875], [0.0, 0.0, 0.0, 1.0]], [[-0.9236879944801331, 0.3830094337463379, 0.010211657732725143, 1.127288818359375], [0.0011074974900111556, 0.029321059584617615, -0.9995694160461426, 1.5478248596191406], [-0.3831438720226288, -0.9232789874076843, -0.027507692575454712, -0.0565185546875], [0.0, 0.0, 0.0, 1.0]]], "view": [[0.0, -2.0, 100.0], [-2.0, 0.0, 100.0], [0.0, 0.0, 1.0]], "bev": "bev_d2a643dc94244234b7b30acd43d8dae4.png", "aux": "aux_d2a643dc94244234b7b30acd43d8dae4.npz", "visibility": "visibility_d2a643dc94244234b7b30acd43d8dae4.png", "pose": [[-0.8767488598823547, -0.4809485077857971, 0.0, 1200.493408203125], [0.4809485077857971, -0.8767488598823547, 0.0, 1388.48486328125], [0.0, 0.0, 1.0, 0.0], [0.0, 0.0, 0.0, 1.0]], "pose_inverse": [[-0.8767488598823547, 0.4809485077857971, 0.0, 384.7414855957031], [-0.4809485077857971, -0.8767488598823547, 0.0, 1794.72802734375], [0.0, 0.0, 1.0, 0.0], [0.0, 0.0, 0.0, 1.0]], "cam_ids": [0, 1, 2, 3, 4, 5], "cam_channels": ["CAM_FRONT_LEFT", "CAM_FRONT", "CAM_FRONT_RIGHT", "CAM_BACK_LEFT", "CAM_BACK", "CAM_BACK_RIGHT"], "token": "d2a643dc94244234b7b30acd43d8dae4", "scene": "scene-0593"}, {"images": ["samples/CAM_FRONT_LEFT/n008-2018-09-18-13-41-50-0400__CAM_FRONT_LEFT__1537292924854799.jpg", "samples/CAM_FRONT/n008-2018-09-18-13-41-50-0400__CAM_FRONT__1537292924862404.jpg", "samples/CAM_FRONT_RIGHT/n008-2018-09-18-13-41-50-0400__CAM_FRONT_RIGHT__1537292924870482.jpg", "samples/CAM_BACK_LEFT/n008-2018-09-18-13-41-50-0400__CAM_BACK_LEFT__1537292924897405.jpg", "samples/CAM_BACK/n008-2018-09-18-13-41-50-0400__CAM_BACK__1537292924887558.jpg", "samples/CAM_BACK_RIGHT/n008-2018-09-18-13-41-50-0400__CAM_BACK_RIGHT__1537292924878113.jpg"], "intrinsics": [[[1257.8625342125129, 0.0, 827.2410631095686], [0.0, 1257.8625342125129, 450.915498205774], [0.0, 0.0, 1.0]], [[1252.8131021185304, 0.0, 826.588114781398], [0.0, 1252.8131021185304, 469.9846626224581], [0.0, 0.0, 1.0]], [[1256.7485116440405, 0.0, 817.7887570959712], [0.0, 1256.7485116440403, 451.9541780095127], [0.0, 0.0, 1.0]], [[1254.9860565800168, 0.0, 829.5769333630991], [0.0, 1254.9860565800168, 467.1680561863987], [0.0, 0.0, 1.0]], [[796.8910634503094, 0.0, 857.7774326863696], [0.0, 796.8910634503094, 476.8848988407415], [0.0, 0.0, 1.0]], [[1249.9629280788233, 0.0, 825.3768045375984], [0.0, 1249.9629280788233, 462.54816385708756], [0.0, 0.0, 1.0]]], "extrinsics": [[[0.8222237825393677, -0.568526029586792, -0.026948178187012672, -0.97100830078125], [0.008667479269206524, 0.05984855815768242, -0.9981698393821716, 1.4886016845703125], [0.5690983533859253, 0.8204854130744934, 0.05413659289479256, -1.3109130859375], [0.0, 0.0, 0.0, 1.0]], [[0.009762449190020561, -0.9984022378921509, -0.05565657839179039, 0.00634765625], [0.010568938218057156, 0.05575914308428764, -0.9983883500099182, 1.4804840087890625], [0.9998965263366699, 0.009158510714769363, 0.01109639834612608, -1.70123291015625], [0.0, 0.0, 0.0, 1.0]], [[-0.8441948890686035, -0.5344768762588501, -0.04085945710539818, 1.0689697265625], [0.01852794736623764, 0.047085147351026535, -0.9987190365791321, 1.4935226440429688], [0.5357160568237305, -0.8438705205917358, -0.02984628640115261, -1.2633056640625], [0.0, 0.0, 0.0, 1.0]], [[0.9480074644088745, 0.3179735541343689, 0.013223143294453621, -1.14239501953125], [-0.006974726915359497, 0.06229836121201515, -0.9980331659317017, 1.5620269775390625], [-0.3181719183921814, 0.9460506439208984, 0.061277080327272415, -0.15673828125], [0.0, 0.0, 0.0, 1.0]], [[0.009599057957530022, 0.998455286026001, 0.054726116359233856, -0.0289306640625], [-0.004818955902010202, 0.05477418750524521, -0.9984870553016663, 1.5680007934570312], [-0.9999423623085022, 0.009320808574557304, 0.005337294191122055, 0.033935546875], [0.0, 0.0, 0.0, 1.0]], [[-0.9235666990280151, 0.3832228183746338, 0.012839937582612038, 1.143035888671875], [-0.0005920593976043165, 0.032061055302619934, -0.9994857311248779, 1.5477867126464844], [-0.3834373652935028, -0.9230992794036865, -0.02938363142311573, -0.0506591796875], [0.0, 0.0, 0.0, 1.0]]], "view": [[0.0, -2.0, 100.0], [-2.0, 0.0, 100.0], [0.0, 0.0, 1.0]], "bev": "bev_799fd116dcab4eefb7b14ec106c853be.png", "aux": "aux_799fd116dcab4eefb7b14ec106c853be.npz", "visibility": "visibility_799fd116dcab4eefb7b14ec106c853be.png", "pose": [[-0.8768566250801086, -0.48075202107429504, 0.0, 1199.92919921875], [0.48075202107429504, -0.8768566250801086, 0.0, 1388.810302734375], [0.0, 0.0, 1.0, 0.0], [0.0, 0.0, 0.0, 1.0]], "pose_inverse": [[-0.8768566250801086, 0.48075202107429504, 0.0, 384.4924621582031], [-0.48075202107429504, -0.8768566250801086, 0.0, 1794.6558837890625], [0.0, 0.0, 1.0, 0.0], [0.0, 0.0, 0.0, 1.0]], "cam_ids": [0, 1, 2, 3, 4, 5], "cam_channels": ["CAM_FRONT_LEFT", "CAM_FRONT", "CAM_FRONT_RIGHT", "CAM_BACK_LEFT", "CAM_BACK", "CAM_BACK_RIGHT"], "token": "799fd116dcab4eefb7b14ec106c853be", "scene": "scene-0593"}, {"images": ["samples/CAM_FRONT_LEFT/n008-2018-09-18-13-41-50-0400__CAM_FRONT_LEFT__1537292925354799.jpg", "samples/CAM_FRONT/n008-2018-09-18-13-41-50-0400__CAM_FRONT__1537292925362404.jpg", "samples/CAM_FRONT_RIGHT/n008-2018-09-18-13-41-50-0400__CAM_FRONT_RIGHT__1537292925370482.jpg", "samples/CAM_BACK_LEFT/n008-2018-09-18-13-41-50-0400__CAM_BACK_LEFT__1537292925397405.jpg", "samples/CAM_BACK/n008-2018-09-18-13-41-50-0400__CAM_BACK__1537292925387558.jpg", "samples/CAM_BACK_RIGHT/n008-2018-09-18-13-41-50-0400__CAM_BACK_RIGHT__1537292925378113.jpg"], "intrinsics": [[[1257.8625342125129, 0.0, 827.2410631095686], [0.0, 1257.8625342125129, 450.915498205774], [0.0, 0.0, 1.0]], [[1252.8131021185304, 0.0, 826.588114781398], [0.0, 1252.8131021185304, 469.9846626224581], [0.0, 0.0, 1.0]], [[1256.7485116440405, 0.0, 817.7887570959712], [0.0, 1256.7485116440403, 451.9541780095127], [0.0, 0.0, 1.0]], [[1254.9860565800168, 0.0, 829.5769333630991], [0.0, 1254.9860565800168, 467.1680561863987], [0.0, 0.0, 1.0]], [[796.8910634503094, 0.0, 857.7774326863696], [0.0, 796.8910634503094, 476.8848988407415], [0.0, 0.0, 1.0]], [[1249.9629280788233, 0.0, 825.3768045375984], [0.0, 1249.9629280788233, 462.54816385708756], [0.0, 0.0, 1.0]]], "extrinsics": [[[0.8225269913673401, -0.5681014060974121, -0.02665122039616108, -0.99700927734375], [0.008819161914288998, 0.05959642678499222, -0.99818354845047, 1.4882888793945312], [0.5686577558517456, 0.8207979202270508, 0.05402984470129013, -1.3297119140625], [0.0, 0.0, 0.0, 1.0]], [[0.010185947641730309, -0.9984122514724731, -0.05539977550506592, 0.006591796875], [0.010812534019351006, 0.05550938844680786, -0.9983996152877808, 1.4801712036132812], [0.9998896718025208, 0.009570677764713764, 0.011360782198607922, -1.727752685546875], [0.0, 0.0, 0.0, 1.0]], [[-0.8440280556678772, -0.5347286462783813, -0.04101099073886871, 1.0865478515625], [0.018846210092306137, 0.0468498058617115, -0.9987241625785828, 1.4931259155273438], [0.5359678268432617, -0.8437240719795227, -0.02946494333446026, -1.2740478515625], [0.0, 0.0, 0.0, 1.0]], [[0.9479964971542358, 0.3179883360862732, 0.013642272911965847, -1.14373779296875], [-0.006475237663835287, 0.062122222036123276, -0.9980475902557373, 1.562042236328125], [-0.3182149827480316, 0.9460572600364685, 0.06095070019364357, -0.1563720703125], [0.0, 0.0, 0.0, 1.0]], [[0.0094793401658535, 0.9984673857688904, 0.05452553555369377, -0.0291748046875], [-0.0043813977390527725, 0.054568931460380554, -0.9985003471374512, 1.5680313110351562], [-0.9999455213546753, 0.009226225316524506, 0.00489196227863431, 0.04229736328125], [0.0, 0.0, 0.0, 1.0]], [[-0.9236432909965515, 0.38305243849754333, 0.01240438874810934, 1.15679931640625], [-0.00021887218463234603, 0.03183882310986519, -0.9994929432868958, 1.54779052734375], [-0.38325318694114685, -0.9231777191162109, -0.0293238777667284, -0.0445556640625], [0.0, 0.0, 0.0, 1.0]]], "view": [[0.0, -2.0, 100.0], [-2.0, 0.0, 100.0], [0.0, 0.0, 1.0]], "bev": "bev_9ddfc6a5908444a384e616dbca40ca98.png", "aux": "aux_9ddfc6a5908444a384e616dbca40ca98.npz", "visibility": "visibility_9ddfc6a5908444a384e616dbca40ca98.png", "pose": [[-0.8758438229560852, -0.48259466886520386, 0.0, 1199.70361328125], [0.48259466886520386, -0.8758438229560852, 0.0, 1388.951904296875], [0.0, 0.0, 1.0, 0.0], [0.0, 0.0, 0.0, 1.0]], "pose_inverse": [[-0.8758438229560852, 0.48259466886520386, 0.0, 380.4521789550781], [-0.48259466886520386, -0.8758438229560852, 0.0, 1795.4754638671875], [0.0, 0.0, 1.0, 0.0], [0.0, 0.0, 0.0, 1.0]], "cam_ids": [0, 1, 2, 3, 4, 5], "cam_channels": ["CAM_FRONT_LEFT", "CAM_FRONT", "CAM_FRONT_RIGHT", "CAM_BACK_LEFT", "CAM_BACK", "CAM_BACK_RIGHT"], "token": "9ddfc6a5908444a384e616dbca40ca98", "scene": "scene-0593"}, {"images": ["samples/CAM_FRONT_LEFT/n008-2018-09-18-13-41-50-0400__CAM_FRONT_LEFT__1537292925854799.jpg", "samples/CAM_FRONT/n008-2018-09-18-13-41-50-0400__CAM_FRONT__1537292925862404.jpg", "samples/CAM_FRONT_RIGHT/n008-2018-09-18-13-41-50-0400__CAM_FRONT_RIGHT__1537292925870482.jpg", "samples/CAM_BACK_LEFT/n008-2018-09-18-13-41-50-0400__CAM_BACK_LEFT__1537292925897405.jpg", "samples/CAM_BACK/n008-2018-09-18-13-41-50-0400__CAM_BACK__1537292925887558.jpg", "samples/CAM_BACK_RIGHT/n008-2018-09-18-13-41-50-0400__CAM_BACK_RIGHT__1537292925878113.jpg"], "intrinsics": [[[1257.8625342125129, 0.0, 827.2410631095686], [0.0, 1257.8625342125129, 450.915498205774], [0.0, 0.0, 1.0]], [[1252.8131021185304, 0.0, 826.588114781398], [0.0, 1252.8131021185304, 469.9846626224581], [0.0, 0.0, 1.0]], [[1256.7485116440405, 0.0, 817.7887570959712], [0.0, 1256.7485116440403, 451.9541780095127], [0.0, 0.0, 1.0]], [[1254.9860565800168, 0.0, 829.5769333630991], [0.0, 1254.9860565800168, 467.1680561863987], [0.0, 0.0, 1.0]], [[796.8910634503094, 0.0, 857.7774326863696], [0.0, 796.8910634503094, 476.8848988407415], [0.0, 0.0, 1.0]], [[1249.9629280788233, 0.0, 825.3768045375984], [0.0, 1249.9629280788233, 462.54816385708756], [0.0, 0.0, 1.0]]], "extrinsics": [[[0.8222687244415283, -0.568501353263855, -0.026087205857038498, -1.0064697265625], [0.010506583377718925, 0.060996197164058685, -0.99808269739151, 1.48822021484375], [0.5690025687217712, 0.8204180598258972, 0.05612826347351074, -1.3355712890625], [0.0, 0.0, 0.0, 1.0]], [[0.009828409180045128, -0.9983384013175964, -0.05677882954478264, 0.0062255859375], [0.012567923404276371, 0.05690041556954384, -0.9983007907867432, 1.4800872802734375], [0.9998726844787598, 0.00909806601703167, 0.013106276281177998, -1.7366943359375], [0.0, 0.0, 0.0, 1.0]], [[-0.8441512584686279, -0.5343538522720337, -0.04329664260149002, 1.09228515625], [0.020690957084298134, 0.04822775349020958, -0.9986220002174377, 1.493011474609375], [0.5357056260108948, -0.8438839912414551, -0.029655231162905693, -1.27783203125], [0.0, 0.0, 0.0, 1.0]], [[0.9479985237121582, 0.31786444783210754, 0.01616043969988823, -1.14404296875], [-0.004280876833945513, 0.06350485980510712, -0.9979723691940308, 1.5620346069335938], [-0.31824618577957153, 0.9460070133209229, 0.06156324967741966, -0.156005859375], [0.0, 0.0, 0.0, 1.0]], [[0.009570260532200336, 0.9983898401260376, 0.055911675095558167, -0.029052734375], [-0.0022975211031734943, 0.055936042219400406, -0.9984316825866699, 1.5680465698242188], [-0.9999516010284424, 0.009426731616258621, 0.002829140517860651, 0.044952392578125], [0.0, 0.0, 0.0, 1.0]], [[-0.9235515594482422, 0.3833123743534088, 0.011136893182992935, 1.1617431640625], [0.0017329310066998005, 0.033213596791028976, -0.9994467496871948, 1.5477981567382812], [-0.38347020745277405, -0.9230213761329651, -0.03133872151374817, -0.042724609375], [0.0, 0.0, 0.0, 1.0]]], "view": [[0.0, -2.0, 100.0], [-2.0, 0.0, 100.0], [0.0, 0.0, 1.0]], "bev": "bev_87bb7de5cbd84d4db0c6bf29528eda7f.png", "aux": "aux_87bb7de5cbd84d4db0c6bf29528eda7f.npz", "visibility": "visibility_87bb7de5cbd84d4db0c6bf29528eda7f.png", "pose": [[-0.8759124279022217, -0.48247015476226807, 0.0, 1199.677734375], [0.48247015476226807, -0.8759124279022217, 0.0, 1388.981689453125], [0.0, 0.0, 1.0, 0.0], [0.0, 0.0, 0.0, 1.0]], "pose_inverse": [[-0.8759124279022217, 0.48247015476226807, 0.0, 380.67041015625], [-0.48247015476226807, -0.8759124279022217, 0.0, 1795.43505859375], [0.0, 0.0, 1.0, 0.0], [0.0, 0.0, 0.0, 1.0]], "cam_ids": [0, 1, 2, 3, 4, 5], "cam_channels": ["CAM_FRONT_LEFT", "CAM_FRONT", "CAM_FRONT_RIGHT", "CAM_BACK_LEFT", "CAM_BACK", "CAM_BACK_RIGHT"], "token": "87bb7de5cbd84d4db0c6bf29528eda7f", "scene": "scene-0593"}, {"images": ["samples/CAM_FRONT_LEFT/n008-2018-09-18-13-41-50-0400__CAM_FRONT_LEFT__1537292926354799.jpg", "samples/CAM_FRONT/n008-2018-09-18-13-41-50-0400__CAM_FRONT__1537292926362404.jpg", "samples/CAM_FRONT_RIGHT/n008-2018-09-18-13-41-50-0400__CAM_FRONT_RIGHT__1537292926370482.jpg", "samples/CAM_BACK_LEFT/n008-2018-09-18-13-41-50-0400__CAM_BACK_LEFT__1537292926397405.jpg", "samples/CAM_BACK/n008-2018-09-18-13-41-50-0400__CAM_BACK__1537292926387558.jpg", "samples/CAM_BACK_RIGHT/n008-2018-09-18-13-41-50-0400__CAM_BACK_RIGHT__1537292926378113.jpg"], "intrinsics": [[[1257.8625342125129, 0.0, 827.2410631095686], [0.0, 1257.8625342125129, 450.915498205774], [0.0, 0.0, 1.0]], [[1252.8131021185304, 0.0, 826.588114781398], [0.0, 1252.8131021185304, 469.9846626224581], [0.0, 0.0, 1.0]], [[1256.7485116440405, 0.0, 817.7887570959712], [0.0, 1256.7485116440403, 451.9541780095127], [0.0, 0.0, 1.0]], [[1254.9860565800168, 0.0, 829.5769333630991], [0.0, 1254.9860565800168, 467.1680561863987], [0.0, 0.0, 1.0]], [[796.8910634503094, 0.0, 857.7774326863696], [0.0, 796.8910634503094, 476.8848988407415], [0.0, 0.0, 1.0]], [[1249.9629280788233, 0.0, 825.3768045375984], [0.0, 1249.9629280788233, 462.54816385708756], [0.0, 0.0, 1.0]]], "extrinsics": [[[0.8223731517791748, -0.5684121251106262, -0.02469668723642826, -1.005126953125], [0.01219948474317789, 0.061014462262392044, -0.9980623126029968, 1.4882354736328125], [0.5688176155090332, 0.8204784393310547, 0.0571109913289547, -1.3341064453125], [0.0, 0.0, 0.0, 1.0]], [[0.010005633346736431, -0.9983383417129517, -0.056748151779174805, 0.005859375], [0.014166590757668018, 0.05688681825995445, -0.9982801079750061, 1.4801177978515625], [0.9998495578765869, 0.00918447133153677, 0.014712241478264332, -1.735198974609375], [0.0, 0.0, 0.0, 1.0]], [[-0.8440510630607605, -0.5344088673591614, -0.04455328360199928, 1.0911865234375], [0.022199546918272972, 0.04818965494632721, -0.998591423034668, 1.4930419921875], [0.5358031988143921, -0.8438512682914734, -0.0288108978420496, -1.2774658203125], [0.0, 0.0, 0.0, 1.0]], [[0.9479896426200867, 0.31783777475357056, 0.01716795563697815, -1.1439208984375], [-0.003169164527207613, 0.06335844844579697, -0.9979857802391052, 1.562042236328125], [-0.31828534603118896, 0.9460257291793823, 0.06107043847441673, -0.1561279296875], [0.0, 0.0, 0.0, 1.0]], [[0.009493588469922543, 0.9983952641487122, 0.055828019976615906, -0.0289306640625], [-0.0010374661069363356, 0.05584033578634262, -0.9984391331672668, 1.56805419921875], [-0.9999544024467468, 0.009420917369425297, 0.0015659264754503965, 0.04449462890625], [0.0, 0.0, 0.0, 1.0]], [[-0.9235814213752747, 0.3832769989967346, 0.009803413413465023, 1.160858154296875], [0.0031508628744632006, 0.03315631300210953, -0.9994451999664307, 1.5478057861328125], [-0.38338932394981384, -0.923038125038147, -0.031830210238695145, -0.0433349609375], [0.0, 0.0, 0.0, 1.0]]], "view": [[0.0, -2.0, 100.0], [-2.0, 0.0, 100.0], [0.0, 0.0, 1.0]], "bev": "bev_0eec6ea06c814ac88bcd7cd94c89388f.png", "aux": "aux_0eec6ea06c814ac88bcd7cd94c89388f.npz", "visibility": "visibility_0eec6ea06c814ac88bcd7cd94c89388f.png", "pose": [[-0.8761880397796631, -0.4819693863391876, 0.0, 1199.6986083984375], [0.4819693863391876, -0.8761880397796631, 0.0, 1388.9810791015625], [0.0, 0.0, 1.0, 0.0], [0.0, 0.0, 0.0, 1.0]], "pose_inverse": [[-0.8761880397796631, 0.4819693863391876, 0.0, 381.7152099609375], [-0.4819693863391876, -0.8761880397796631, 0.0, 1795.2266845703125], [0.0, 0.0, 1.0, 0.0], [0.0, 0.0, 0.0, 1.0]], "cam_ids": [0, 1, 2, 3, 4, 5], "cam_channels": ["CAM_FRONT_LEFT", "CAM_FRONT", "CAM_FRONT_RIGHT", "CAM_BACK_LEFT", "CAM_BACK", "CAM_BACK_RIGHT"], "token": "0eec6ea06c814ac88bcd7cd94c89388f", "scene": "scene-0593"}, {"images": ["samples/CAM_FRONT_LEFT/n008-2018-09-18-13-41-50-0400__CAM_FRONT_LEFT__1537292926854799.jpg", "samples/CAM_FRONT/n008-2018-09-18-13-41-50-0400__CAM_FRONT__1537292926862404.jpg", "samples/CAM_FRONT_RIGHT/n008-2018-09-18-13-41-50-0400__CAM_FRONT_RIGHT__1537292926870482.jpg", "samples/CAM_BACK_LEFT/n008-2018-09-18-13-41-50-0400__CAM_BACK_LEFT__1537292926897405.jpg", "samples/CAM_BACK/n008-2018-09-18-13-41-50-0400__CAM_BACK__1537292926887558.jpg", "samples/CAM_BACK_RIGHT/n008-2018-09-18-13-41-50-0400__CAM_BACK_RIGHT__1537292926878113.jpg"], "intrinsics": [[[1257.8625342125129, 0.0, 827.2410631095686], [0.0, 1257.8625342125129, 450.915498205774], [0.0, 0.0, 1.0]], [[1252.8131021185304, 0.0, 826.588114781398], [0.0, 1252.8131021185304, 469.9846626224581], [0.0, 0.0, 1.0]], [[1256.7485116440405, 0.0, 817.7887570959712], [0.0, 1256.7485116440403, 451.9541780095127], [0.0, 0.0, 1.0]], [[1254.9860565800168, 0.0, 829.5769333630991], [0.0, 1254.9860565800168, 467.1680561863987], [0.0, 0.0, 1.0]], [[796.8910634503094, 0.0, 857.7774326863696], [0.0, 796.8910634503094, 476.8848988407415], [0.0, 0.0, 1.0]], [[1249.9629280788233, 0.0, 825.3768045375984], [0.0, 1249.9629280788233, 462.54816385708756], [0.0, 0.0, 1.0]]], "extrinsics": [[[0.8223486542701721, -0.5684404969215393, -0.024864738807082176, -1.004638671875], [0.012178412638604641, 0.06127478554844856, -0.9980465769767761, 1.4882659912109375], [0.5688536763191223, 0.8204394578933716, 0.05731194093823433, -1.3338623046875], [0.0, 0.0, 0.0, 1.0]], [[0.009967399761080742, -0.9983239769935608, -0.05700613558292389, 0.005859375], [0.01414410024881363, 0.05714402720332146, -0.9982657432556152, 1.480133056640625], [0.9998502731323242, 0.00914382841438055, 0.01468997448682785, -1.734619140625], [0.0, 0.0, 0.0, 1.0]], [[-0.8440690636634827, -0.5343717336654663, -0.04465696960687637, 1.0908203125], [0.022169163450598717, 0.04843306913971901, -0.9985803365707397, 1.4930572509765625], [0.5357759594917297, -0.8438608646392822, -0.029034283012151718, -1.2772216796875], [0.0, 0.0, 0.0, 1.0]], [[0.9479911923408508, 0.31783032417297363, 0.01721806265413761, -1.1439208984375], [-0.003188625443726778, 0.06357458978891373, -0.9979720115661621, 1.562042236328125], [-0.3182803988456726, 0.9460137486457825, 0.06128159165382385, -0.1561279296875], [0.0, 0.0, 0.0, 1.0]], [[0.00951037835329771, 0.9983825087547302, 0.05605335906147957, -0.029052734375], [-0.0010783530306071043, 0.05606610327959061, -0.9984264373779297, 1.56805419921875], [-0.9999541640281677, 0.009434979408979416, 0.0016098179621621966, 0.044189453125], [0.0, 0.0, 0.0, 1.0]], [[-0.9235715866088867, 0.38329726457595825, 0.009932337328791618, 1.160430908203125], [0.0031068508978933096, 0.033384405076503754, -0.9994377493858337, 1.5478096008300781], [-0.3834132254123688, -0.9230215549468994, -0.03202373906970024, -0.0433349609375], [0.0, 0.0, 0.0, 1.0]]], "view": [[0.0, -2.0, 100.0], [-2.0, 0.0, 100.0], [0.0, 0.0, 1.0]], "bev": "bev_f4228a44437d4d4baaeaab54da38830a.png", "aux": "aux_f4228a44437d4d4baaeaab54da38830a.npz", "visibility": "visibility_f4228a44437d4d4baaeaab54da38830a.png", "pose": [[-0.8762913346290588, -0.48178157210350037, 0.0, 1199.70361328125], [0.48178157210350037, -0.8762913346290588, 0.0, 1388.9869384765625], [0.0, 0.0, 1.0, 0.0], [0.0, 0.0, 0.0, 1.0]], "pose_inverse": [[-0.8762913346290588, 0.48178157210350037, 0.0, 382.1015930175781], [-0.48178157210350037, -0.8762913346290588, 0.0, 1795.15234375], [0.0, 0.0, 1.0, 0.0], [0.0, 0.0, 0.0, 1.0]], "cam_ids": [0, 1, 2, 3, 4, 5], "cam_channels": ["CAM_FRONT_LEFT", "CAM_FRONT", "CAM_FRONT_RIGHT", "CAM_BACK_LEFT", "CAM_BACK", "CAM_BACK_RIGHT"], "token": "f4228a44437d4d4baaeaab54da38830a", "scene": "scene-0593"}, {"images": ["samples/CAM_FRONT_LEFT/n008-2018-09-18-13-41-50-0400__CAM_FRONT_LEFT__1537292927354799.jpg", "samples/CAM_FRONT/n008-2018-09-18-13-41-50-0400__CAM_FRONT__1537292927362404.jpg", "samples/CAM_FRONT_RIGHT/n008-2018-09-18-13-41-50-0400__CAM_FRONT_RIGHT__1537292927370482.jpg", "samples/CAM_BACK_LEFT/n008-2018-09-18-13-41-50-0400__CAM_BACK_LEFT__1537292927397405.jpg", "samples/CAM_BACK/n008-2018-09-18-13-41-50-0400__CAM_BACK__1537292927387558.jpg", "samples/CAM_BACK_RIGHT/n008-2018-09-18-13-41-50-0400__CAM_BACK_RIGHT__1537292927378113.jpg"], "intrinsics": [[[1257.8625342125129, 0.0, 827.2410631095686], [0.0, 1257.8625342125129, 450.915498205774], [0.0, 0.0, 1.0]], [[1252.8131021185304, 0.0, 826.588114781398], [0.0, 1252.8131021185304, 469.9846626224581], [0.0, 0.0, 1.0]], [[1256.7485116440405, 0.0, 817.7887570959712], [0.0, 1256.7485116440403, 451.9541780095127], [0.0, 0.0, 1.0]], [[1254.9860565800168, 0.0, 829.5769333630991], [0.0, 1254.9860565800168, 467.1680561863987], [0.0, 0.0, 1.0]], [[796.8910634503094, 0.0, 857.7774326863696], [0.0, 796.8910634503094, 476.8848988407415], [0.0, 0.0, 1.0]], [[1249.9629280788233, 0.0, 825.3768045375984], [0.0, 1249.9629280788233, 462.54816385708756], [0.0, 0.0, 1.0]]], "extrinsics": [[[0.8223292231559753, -0.568464994430542, -0.02494453452527523, -1.00482177734375], [0.012218112125992775, 0.061468709260225296, -0.9980342388153076, 1.4882659912109375], [0.5688807964324951, 0.8204079270362854, 0.05749308690428734, -1.3336181640625], [0.0, 0.0, 0.0, 1.0]], [[0.009936679154634476, -0.9983128309249878, -0.0572076216340065, 0.0057373046875], [0.014174736104905605, 0.05734533071517944, -0.9982538223266602, 1.480133056640625], [0.9998501539230347, 0.009108406491577625, 0.014720643870532513, -1.734771728515625], [0.0, 0.0, 0.0, 1.0]], [[-0.8440837860107422, -0.5343378782272339, -0.044784653931856155, 1.0908203125], [0.02218899503350258, 0.048641934990882874, -0.9985697865486145, 1.4930572509765625], [0.5357520580291748, -0.8438701629638672, -0.02920144982635975, -1.277587890625], [0.0, 0.0, 0.0, 1.0]], [[0.9479931592941284, 0.3178214728832245, 0.017278293147683144, -1.14410400390625], [-0.003182210959494114, 0.06374578177928925, -0.9979611039161682, 1.5620269775390625], [-0.31827491521835327, 0.9460052847862244, 0.06144193932414055, -0.1561279296875], [0.0, 0.0, 0.0, 1.0]], [[0.009523732587695122, 0.9983714818954468, 0.05624748021364212, -0.0289306640625], [-0.0010642439592629671, 0.056260112673044205, -0.9984155893325806, 1.5680618286132812], [-0.999954104423523, 0.009448830038309097, 0.0015983190387487411, 0.044342041015625], [0.0, 0.0, 0.0, 1.0]], [[-0.9235627055168152, 0.3833168148994446, 0.010001970455050468, 1.160614013671875], [0.003119157860055566, 0.03359365090727806, -0.9994307160377502, 1.5478096008300781], [-0.3834346532821655, -0.9230057597160339, -0.032221470028162, -0.04345703125], [0.0, 0.0, 0.0, 1.0]]], "view": [[0.0, -2.0, 100.0], [-2.0, 0.0, 100.0], [0.0, 0.0, 1.0]], "bev": "bev_1a6b9fafac3b410692811a7ba47fd065.png", "aux": "aux_1a6b9fafac3b410692811a7ba47fd065.npz", "visibility": "visibility_1a6b9fafac3b410692811a7ba47fd065.png", "pose": [[-0.876335084438324, -0.4817019999027252, 0.0, 1199.70654296875], [0.4817019999027252, -0.876335084438324, 0.0, 1388.9921875], [0.0, 0.0, 1.0, 0.0], [0.0, 0.0, 0.0, 1.0]], "pose_inverse": [[-0.876335084438324, 0.4817019999027252, 0.0, 382.2646179199219], [-0.4817019999027252, -0.876335084438324, 0.0, 1795.1236572265625], [0.0, 0.0, 1.0, 0.0], [0.0, 0.0, 0.0, 1.0]], "cam_ids": [0, 1, 2, 3, 4, 5], "cam_channels": ["CAM_FRONT_LEFT", "CAM_FRONT", "CAM_FRONT_RIGHT", "CAM_BACK_LEFT", "CAM_BACK", "CAM_BACK_RIGHT"], "token": "1a6b9fafac3b410692811a7ba47fd065", "scene": "scene-0593"}, {"images": ["samples/CAM_FRONT_LEFT/n008-2018-09-18-13-41-50-0400__CAM_FRONT_LEFT__1537292927854799.jpg", "samples/CAM_FRONT/n008-2018-09-18-13-41-50-0400__CAM_FRONT__1537292927862404.jpg", "samples/CAM_FRONT_RIGHT/n008-2018-09-18-13-41-50-0400__CAM_FRONT_RIGHT__1537292927870482.jpg", "samples/CAM_BACK_LEFT/n008-2018-09-18-13-41-50-0400__CAM_BACK_LEFT__1537292927897405.jpg", "samples/CAM_BACK/n008-2018-09-18-13-41-50-0400__CAM_BACK__1537292927887558.jpg", "samples/CAM_BACK_RIGHT/n008-2018-09-18-13-41-50-0400__CAM_BACK_RIGHT__1537292927878113.jpg"], "intrinsics": [[[1257.8625342125129, 0.0, 827.2410631095686], [0.0, 1257.8625342125129, 450.915498205774], [0.0, 0.0, 1.0]], [[1252.8131021185304, 0.0, 826.588114781398], [0.0, 1252.8131021185304, 469.9846626224581], [0.0, 0.0, 1.0]], [[1256.7485116440405, 0.0, 817.7887570959712], [0.0, 1256.7485116440403, 451.9541780095127], [0.0, 0.0, 1.0]], [[1254.9860565800168, 0.0, 829.5769333630991], [0.0, 1254.9860565800168, 467.1680561863987], [0.0, 0.0, 1.0]], [[796.8910634503094, 0.0, 857.7774326863696], [0.0, 796.8910634503094, 476.8848988407415], [0.0, 0.0, 1.0]], [[1249.9629280788233, 0.0, 825.3768045375984], [0.0, 1249.9629280788233, 462.54816385708756], [0.0, 0.0, 1.0]]], "extrinsics": [[[0.8223291039466858, -0.5684689879417419, -0.024856751784682274, -1.00469970703125], [0.012308051809668541, 0.061444275081157684, -0.998034656047821, 1.4882736206054688], [0.5688790678977966, 0.820406973361969, 0.057524167001247406, -1.333740234375], [0.0, 0.0, 0.0, 1.0]], [[0.0099383145570755, -0.9983132481575012, -0.05719919875264168, 0.0057373046875], [0.01425605546683073, 0.05733766406774521, -0.9982531070709229, 1.4801406860351562], [0.9998489618301392, 0.009105533361434937, 0.014801849611103535, -1.734710693359375], [0.0, 0.0, 0.0, 1.0]], [[-0.8440807461738586, -0.5343359708786011, -0.04486245661973953, 1.0906982421875], [0.022275779396295547, 0.0486503429710865, -0.9985674023628235, 1.4930572509765625], [0.535753071308136, -0.843870997428894, -0.029162071645259857, -1.2772216796875], [0.0, 0.0, 0.0, 1.0]], [[0.947992742061615, 0.3178167939186096, 0.017383914440870285, -1.143798828125], [-0.0030910554341971874, 0.06380628049373627, -0.9979574680328369, 1.562042236328125], [-0.31827688217163086, 0.946002721786499, 0.061470285058021545, -0.1561279296875], [0.0, 0.0, 0.0, 1.0]], [[0.009522217325866222, 0.9983691573143005, 0.05628764629364014, -0.02880859375], [-0.0009813259821385145, 0.05629950016736984, -0.9984134435653687, 1.5680618286132812], [-0.9999542236328125, 0.009451819583773613, 0.0015158216701820493, 0.044403076171875], [0.0, 0.0, 0.0, 1.0]], [[-0.9235629439353943, 0.38331833481788635, 0.009920330718159676, 1.160552978515625], [0.0032160005066543818, 0.03361397609114647, -0.9994297027587891, 1.5477981567382812], [-0.38343316316604614, -0.9230043888092041, -0.03227737918496132, -0.04345703125], [0.0, 0.0, 0.0, 1.0]]], "view": [[0.0, -2.0, 100.0], [-2.0, 0.0, 100.0], [0.0, 0.0, 1.0]], "bev": "bev_491cb7a3e04e4ad88d2c5a5d0e3e7cd9.png", "aux": "aux_491cb7a3e04e4ad88d2c5a5d0e3e7cd9.npz", "visibility": "visibility_491cb7a3e04e4ad88d2c5a5d0e3e7cd9.png", "pose": [[-0.8763815760612488, -0.48161739110946655, 0.0, 1199.7088623046875], [0.48161739110946655, -0.8763815760612488, 0.0, 1388.99658203125], [0.0, 0.0, 1.0, 0.0], [0.0, 0.0, 0.0, 1.0]], "pose_inverse": [[-0.8763815760612488, 0.48161739110946655, 0.0, 382.4378356933594], [-0.48161739110946655, -0.8763815760612488, 0.0, 1795.0916748046875], [0.0, 0.0, 1.0, 0.0], [0.0, 0.0, 0.0, 1.0]], "cam_ids": [0, 1, 2, 3, 4, 5], "cam_channels": ["CAM_FRONT_LEFT", "CAM_FRONT", "CAM_FRONT_RIGHT", "CAM_BACK_LEFT", "CAM_BACK", "CAM_BACK_RIGHT"], "token": "491cb7a3e04e4ad88d2c5a5d0e3e7cd9", "scene": "scene-0593"}, {"images": ["samples/CAM_FRONT_LEFT/n008-2018-09-18-13-41-50-0400__CAM_FRONT_LEFT__1537292928354799.jpg", "samples/CAM_FRONT/n008-2018-09-18-13-41-50-0400__CAM_FRONT__1537292928362404.jpg", "samples/CAM_FRONT_RIGHT/n008-2018-09-18-13-41-50-0400__CAM_FRONT_RIGHT__1537292928370482.jpg", "samples/CAM_BACK_LEFT/n008-2018-09-18-13-41-50-0400__CAM_BACK_LEFT__1537292928397405.jpg", "samples/CAM_BACK/n008-2018-09-18-13-41-50-0400__CAM_BACK__1537292928387558.jpg", "samples/CAM_BACK_RIGHT/n008-2018-09-18-13-41-50-0400__CAM_BACK_RIGHT__1537292928378113.jpg"], "intrinsics": [[[1257.8625342125129, 0.0, 827.2410631095686], [0.0, 1257.8625342125129, 450.915498205774], [0.0, 0.0, 1.0]], [[1252.8131021185304, 0.0, 826.588114781398], [0.0, 1252.8131021185304, 469.9846626224581], [0.0, 0.0, 1.0]], [[1256.7485116440405, 0.0, 817.7887570959712], [0.0, 1256.7485116440403, 451.9541780095127], [0.0, 0.0, 1.0]], [[1254.9860565800168, 0.0, 829.5769333630991], [0.0, 1254.9860565800168, 467.1680561863987], [0.0, 0.0, 1.0]], [[796.8910634503094, 0.0, 857.7774326863696], [0.0, 796.8910634503094, 476.8848988407415], [0.0, 0.0, 1.0]], [[1249.9629280788233, 0.0, 825.3768045375984], [0.0, 1249.9629280788233, 462.54816385708756], [0.0, 0.0, 1.0]]], "extrinsics": [[[0.8223525285720825, -0.5684322714805603, -0.024922451004385948, -1.00469970703125], [0.012283178977668285, 0.06152791529893875, -0.9980297684669495, 1.4882659912109375], [0.568845808506012, 0.8204261660575867, 0.05757979303598404, -1.333740234375], [0.0, 0.0, 0.0, 1.0]], [[0.009972259402275085, -0.998308539390564, -0.05727682262659073, 0.005615234375], [0.014236687682569027, 0.057415615767240524, -0.9982488751411438, 1.4801406860351562], [0.9998489618301392, 0.00913931429386139, 0.014785170555114746, -1.734619140625], [0.0, 0.0, 0.0, 1.0]], [[-0.8440670967102051, -0.5343559384346008, -0.044884033501148224, 1.0906982421875], [0.02225579135119915, 0.04872073978185654, -0.9985644221305847, 1.493072509765625], [0.5357756018638611, -0.8438543081283569, -0.029231062158942223, -1.2774658203125], [0.0, 0.0, 0.0, 1.0]], [[0.9479926228523254, 0.317817360162735, 0.01738513819873333, -1.1439208984375], [-0.0031171280425041914, 0.06388749927282333, -0.9979522228240967, 1.562042236328125], [-0.3182772397994995, 0.9459971189498901, 0.06155554950237274, -0.15625], [0.0, 0.0, 0.0, 1.0]], [[0.009511872194707394, 0.9983651041984558, 0.056363191455602646, -0.0291748046875], [-0.0009912531822919846, 0.05637512728571892, -0.9984091520309448, 1.5680465698242188], [-0.9999542236328125, 0.009440922178328037, 0.00152586807962507, 0