[{"images": ["samples/CAM_FRONT_LEFT/n008-2018-08-28-13-40-50-0400__CAM_FRONT_LEFT__1535478716104799.jpg", "samples/CAM_FRONT/n008-2018-08-28-13-40-50-0400__CAM_FRONT__1535478716112404.jpg", "samples/CAM_FRONT_RIGHT/n008-2018-08-28-13-40-50-0400__CAM_FRONT_RIGHT__1535478716120482.jpg", "samples/CAM_BACK_LEFT/n008-2018-08-28-13-40-50-0400__CAM_BACK_LEFT__1535478716147405.jpg", "samples/CAM_BACK/n008-2018-08-28-13-40-50-0400__CAM_BACK__1535478716137558.jpg", "samples/CAM_BACK_RIGHT/n008-2018-08-28-13-40-50-0400__CAM_BACK_RIGHT__1535478716128113.jpg"], "intrinsics": [[[1257.8625342125129, 0.0, 827.2410631095686], [0.0, 1257.8625342125129, 450.915498205774], [0.0, 0.0, 1.0]], [[1252.8131021185304, 0.0, 826.588114781398], [0.0, 1252.8131021185304, 469.9846626224581], [0.0, 0.0, 1.0]], [[1256.7485116440405, 0.0, 817.7887570959712], [0.0, 1256.7485116440403, 451.9541780095127], [0.0, 0.0, 1.0]], [[1254.9860565800168, 0.0, 829.5769333630991], [0.0, 1254.9860565800168, 467.1680561863987], [0.0, 0.0, 1.0]], [[796.8910634503094, 0.0, 857.7774326863696], [0.0, 796.8910634503094, 476.8848988407415], [0.0, 0.0, 1.0]], [[1249.9629280788233, 0.0, 825.3768045375984], [0.0, 1249.9629280788233, 462.54816385708756], [0.0, 0.0, 1.0]]], "extrinsics": [[[0.8221632242202759, -0.5688112378120422, -0.022393517196178436, -0.68536376953125], [0.003269943641498685, 0.04405693709850311, -0.9990236759185791, 1.489410400390625], [0.569242537021637, 0.821287214756012, 0.03808197006583214, -1.116455078125], [0.0, 0.0, 0.0, 1.0]], [[0.009626886807382107, -0.9991605281829834, -0.03981810435652733, 0.011474609375], [0.004988216795027256, 0.03986744210124016, -0.9991925358772278, 1.4816436767578125], [0.9999412298202515, 0.009420512244105339, 0.005367831327021122, -1.413818359375], [0.0, 0.0, 0.0, 1.0]], [[-0.844307541847229, -0.5351566076278687, -0.027425814419984818, 0.880126953125], [0.012756170704960823, 0.031094053760170937, -0.9994350671768188, 1.4961929321289062], [0.5357070565223694, -0.8441804051399231, -0.019426396116614342, -1.141357421875], [0.0, 0.0, 0.0, 1.0]], [[0.9479231834411621, 0.31849297881126404, 0.0019708003383129835, -1.1280517578125], [-0.013377160765230656, 0.045994918793439865, -0.9988521337509155, 1.5618057250976562], [-0.31821802258491516, 0.9468086361885071, 0.04786018282175064, -0.1617431640625], [0.0, 0.0, 0.0, 1.0]], [[0.00958988256752491, 0.9992130398750305, 0.038489460945129395, -0.0286865234375], [-0.011030178517103195, 0.03859459236264229, -0.9991940259933472, 1.56689453125], [-0.9998931884765625, 0.009157601743936539, 0.011391615495085716, -0.05810546875], [0.0, 0.0, 0.0, 1.0]], [[-0.9235683679580688, 0.3832406997680664, 0.012162706814706326, 0.9897050857543945], [-0.006537912413477898, 0.0159760769456625, -0.9998509883880615, 1.5465774536132812], [-0.38337787985801697, -0.9235103130340576, -0.012249406427145004, -0.113037109375], [0.0, 0.0, 0.0, 1.0]]], "view": [[0.0, -2.0, 100.0], [-2.0, 0.0, 100.0], [0.0, 0.0, 1.0]], "bev": "bev_9406ffa3b159474e8eca6b3612f60303.png", "aux": "aux_9406ffa3b159474e8eca6b3612f60303.npz", "visibility": "visibility_9406ffa3b159474e8eca6b3612f60303.png", "pose": [[0.8781226277351379, 0.4784356355667114, 0.0, 1602.3935546875], [-0.4784356355667114, 0.8781226277351379, 0.0, 1311.2022705078125], [0.0, 0.0, 1.0, 0.0], [0.0, 0.0, 0.0, 1.0]], "pose_inverse": [[0.8781226277351379, -0.4784356355667114, 0.0, -779.7720947265625], [0.4784356355667114, 0.8781226277351379, 0.0, -1918.03857421875], [0.0, 0.0, 1.0, 0.0], [0.0, 0.0, 0.0, 1.0]], "cam_ids": [0, 1, 2, 3, 4, 5], "cam_channels": ["CAM_FRONT_LEFT", "CAM_FRONT", "CAM_FRONT_RIGHT", "CAM_BACK_LEFT", "CAM_BACK", "CAM_BACK_RIGHT"], "token": "9406ffa3b159474e8eca6b3612f60303", "scene": "scene-0507"}, {"images": ["samples/CAM_FRONT_LEFT/n008-2018-08-28-13-40-50-0400__CAM_FRONT_LEFT__1535478716604799.jpg", "samples/CAM_FRONT/n008-2018-08-28-13-40-50-0400__CAM_FRONT__1535478716612404.jpg", "samples/CAM_FRONT_RIGHT/n008-2018-08-28-13-40-50-0400__CAM_FRONT_RIGHT__1535478716620482.jpg", "samples/CAM_BACK_LEFT/n008-2018-08-28-13-40-50-0400__CAM_BACK_LEFT__1535478716647405.jpg", "samples/CAM_BACK/n008-2018-08-28-13-40-50-0400__CAM_BACK__1535478716637558.jpg", "samples/CAM_BACK_RIGHT/n008-2018-08-28-13-40-50-0400__CAM_BACK_RIGHT__1535478716628113.jpg"], "intrinsics": [[[1257.8625342125129, 0.0, 827.2410631095686], [0.0, 1257.8625342125129, 450.915498205774], [0.0, 0.0, 1.0]], [[1252.8131021185304, 0.0, 826.588114781398], [0.0, 1252.8131021185304, 469.9846626224581], [0.0, 0.0, 1.0]], [[1256.7485116440405, 0.0, 817.7887570959712], [0.0, 1256.7485116440403, 451.9541780095127], [0.0, 0.0, 1.0]], [[1254.9860565800168, 0.0, 829.5769333630991], [0.0, 1254.9860565800168, 467.1680561863987], [0.0, 0.0, 1.0]], [[796.8910634503094, 0.0, 857.7774326863696], [0.0, 796.8910634503094, 476.8848988407415], [0.0, 0.0, 1.0]], [[1249.9629280788233, 0.0, 825.3768045375984], [0.0, 1249.9629280788233, 462.54816385708756], [0.0, 0.0, 1.0]]], "extrinsics": [[[0.8218674659729004, -0.5690974593162537, -0.025730326771736145, -0.6868896484375], [-0.0010897326283156872, 0.043595753610134125, -0.99904865026474, 1.4878082275390625], [0.5696777701377869, 0.821113646030426, 0.035209767520427704, -1.11474609375], [0.0, 0.0, 0.0, 1.0]], [[0.009051731787621975, -0.9991804957389832, -0.0394531711935997, 0.0091552734375], [0.0006424672319553792, 0.03946059197187424, -0.9992209672927856, 1.4803314208984375], [0.9999588131904602, 0.009019284509122372, 0.0009991251863539219, -1.41552734375], [0.0, 0.0, 0.0, 1.0]], [[-0.8446789383888245, -0.5347549319267273, -0.023551011458039284, 0.8807373046875], [0.008402246050536633, 0.030746502801775932, -0.9994918704032898, 1.4951553344726562], [0.5352073907852173, -0.844447672367096, -0.021477781236171722, -1.1441650390625], [0.0, 0.0, 0.0, 1.0]], [[0.9479101300239563, 0.3185320496559143, -0.0019389588851481676, -1.12939453125], [-0.017437901347875595, 0.045813076198101044, -0.9987978339195251, 1.5617752075195312], [-0.31806033849716187, 0.9468043446540833, 0.048981212079524994, -0.160888671875], [0.0, 0.0, 0.0, 1.0]], [[0.01004493422806263, 0.9992194175720215, 0.038205768913030624, -0.0274658203125], [-0.015075220726430416, 0.038354676216840744, -0.9991504549980164, 1.566558837890625], [-0.9998359680175781, 0.009460464119911194, 0.015448725782334805, -0.0560302734375], [0.0, 0.0, 0.0, 1.0]], [[-0.9232919812202454, 0.3837665021419525, 0.01597411371767521, 0.9927202463150024], [-0.010779802687466145, 0.015682226046919823, -0.9998189210891724, 1.5458545684814453], [-0.3839474320411682, -0.9232970476150513, -0.010342346504330635, -0.11376953125], [0.0, 0.0, 0.0, 1.0]]], "view": [[0.0, -2.0, 100.0], [-2.0, 0.0, 100.0], [0.0, 0.0, 1.0]], "bev": "bev_fa483df5bf534ae2bcb84e0e5c955ce5.png", "aux": "aux_fa483df5bf534ae2bcb84e0e5c955ce5.npz", "visibility": "visibility_fa483df5bf534ae2bcb84e0e5c955ce5.png", "pose": [[0.8806946873664856, 0.4736843407154083, 0.0, 1606.1453857421875], [-0.4736843407154083, 0.8806946873664856, 0.0, 1309.137939453125], [0.0, 0.0, 1.0, 0.0], [0.0, 0.0, 0.0, 1.0]], "pose_inverse": [[0.8806946873664856, -0.4736843407154083, 0.0, -794.405517578125], [0.4736843407154083, 0.8806946873664856, 0.0, -1913.7567138671875], [0.0, 0.0, 1.0, 0.0], [0.0, 0.0, 0.0, 1.0]], "cam_ids": [0, 1, 2, 3, 4, 5], "cam_channels": ["CAM_FRONT_LEFT", "CAM_FRONT", "CAM_FRONT_RIGHT", "CAM_BACK_LEFT", "CAM_BACK", "CAM_BACK_RIGHT"], "token": "fa483df5bf534ae2bcb84e0e5c955ce5", "scene": "scene-0507"}, {"images": ["samples/CAM_FRONT_LEFT/n008-2018-08-28-13-40-50-0400__CAM_FRONT_LEFT__1535478717104799.jpg", "samples/CAM_FRONT/n008-2018-08-28-13-40-50-0400__CAM_FRONT__1535478717112404.jpg", "samples/CAM_FRONT_RIGHT/n008-2018-08-28-13-40-50-0400__CAM_FRONT_RIGHT__1535478717120482.jpg", "samples/CAM_BACK_LEFT/n008-2018-08-28-13-40-50-0400__CAM_BACK_LEFT__1535478717147405.jpg", "samples/CAM_BACK/n008-2018-08-28-13-40-50-0400__CAM_BACK__1535478717137558.jpg", "samples/CAM_BACK_RIGHT/n008-2018-08-28-13-40-50-0400__CAM_BACK_RIGHT__1535478717128113.jpg"], "intrinsics": [[[1257.8625342125129, 0.0, 827.2410631095686], [0.0, 1257.8625342125129, 450.915498205774], [0.0, 0.0, 1.0]], [[1252.8131021185304, 0.0, 826.588114781398], [0.0, 1252.8131021185304, 469.9846626224581], [0.0, 0.0, 1.0]], [[1256.7485116440405, 0.0, 817.7887570959712], [0.0, 1256.7485116440403, 451.9541780095127], [0.0, 0.0, 1.0]], [[1254.9860565800168, 0.0, 829.5769333630991], [0.0, 1254.9860565800168, 467.1680561863987], [0.0, 0.0, 1.0]], [[796.8910634503094, 0.0, 857.7774326863696], [0.0, 796.8910634503094, 476.8848988407415], [0.0, 0.0, 1.0]], [[1249.9629280788233, 0.0, 825.3768045375984], [0.0, 1249.9629280788233, 462.54816385708756], [0.0, 0.0, 1.0]]], "extrinsics": [[[0.8223496079444885, -0.5682665109634399, -0.02853490598499775, -0.686798095703125], [-0.002399095566943288, 0.04668727144598961, -0.998906672000885, 1.4872207641601562], [0.5689773559570312, 0.8215190172195435, 0.0370299331843853, -1.1171875], [0.0, 0.0, 0.0, 1.0]], [[0.009921940043568611, -0.9990407228469849, -0.0426509864628315, 0.01123046875], [-0.0002630320086609572, 0.04265047609806061, -0.9990900754928589, 1.4799652099609375], [0.9999507665634155, 0.009924202226102352, 0.0001603958517080173, -1.41680908203125], [0.0, 0.0, 0.0, 1.0]], [[-0.8442077040672302, -0.5354344248771667, -0.024963032454252243, 0.883544921875], [0.00795922614634037, 0.03404437378048897, -0.9993886351585388, 1.4949569702148438], [0.5359569787979126, -0.843890368938446, -0.024478882551193237, -1.1435546875], [0.0, 0.0, 0.0, 1.0]], [[0.9478946924209595, 0.3185838758945465, -0.000283614092040807, -1.134521484375], [-0.01695852167904377, 0.04956831410527229, -0.998626708984375, 1.561859130859375], [-0.31813231110572815, 0.9465977549552917, 0.05238825082778931, -0.159423828125], [0.0, 0.0, 0.0, 1.0]], [[0.009525899775326252, 0.9990818500518799, 0.04176945611834526, -0.0289306640625], [-0.014935363084077835, 0.04190884903073311, -0.9990097880363464, 1.5665817260742188], [-0.9998430609703064, 0.008892671205103397, 0.015320871025323868, -0.0521240234375], [0.0, 0.0, 0.0, 1.0]], [[-0.9236315488815308, 0.3828856945037842, 0.01741478219628334, 0.994257926940918], [-0.010941714979708195, 0.01907738484442234, -0.9997581243515015, 1.545816421508789], [-0.38312527537345886, -0.9235987067222595, -0.013431046158075333, -0.111083984375], [0.0, 0.0, 0.0, 1.0]]], "view": [[0.0, -2.0, 100.0], [-2.0, 0.0, 100.0], [0.0, 0.0, 1.0]], "bev": "bev_b2d08b3fdcb443faa01a0d3d999fe955.png", "aux": "aux_b2d08b3fdcb443faa01a0d3d999fe955.npz", "visibility": "visibility_b2d08b3fdcb443faa01a0d3d999fe955.png", "pose": [[0.8825457096099854, 0.47022658586502075, 0.0, 1609.99755859375], [-0.47022658586502075, 0.8825457096099854, 0.0, 1307.0599365234375], [0.0, 0.0, 1.0, 0.0], [0.0, 0.0, 0.0, 1.0]], "pose_inverse": [[0.8825457096099854, -0.47022658586502075, 0.0, -806.2821655273438], [0.47022658586502075, 0.8825457096099854, 0.0, -1910.603759765625], [0.0, 0.0, 1.0, 0.0], [0.0, 0.0, 0.0, 1.0]], "cam_ids": [0, 1, 2, 3, 4, 5], "cam_channels": ["CAM_FRONT_LEFT", "CAM_FRONT", "CAM_FRONT_RIGHT", "CAM_BACK_LEFT", "CAM_BACK", "CAM_BACK_RIGHT"], "token": "b2d08b3fdcb443faa01a0d3d999fe955", "scene": "scene-0507"}, {"images": ["samples/CAM_FRONT_LEFT/n008-2018-08-28-13-40-50-0400__CAM_FRONT_LEFT__1535478717654799.jpg", "samples/CAM_FRONT/n008-2018-08-28-13-40-50-0400__CAM_FRONT__1535478717663372.jpg", "samples/CAM_FRONT_RIGHT/n008-2018-08-28-13-40-50-0400__CAM_FRONT_RIGHT__1535478717670482.jpg", "samples/CAM_BACK_LEFT/n008-2018-08-28-13-40-50-0400__CAM_BACK_LEFT__1535478717697405.jpg", "samples/CAM_BACK/n008-2018-08-28-13-40-50-0400__CAM_BACK__1535478717687558.jpg", "samples/CAM_BACK_RIGHT/n008-2018-08-28-13-40-50-0400__CAM_BACK_RIGHT__1535478717678113.jpg"], "intrinsics": [[[1257.8625342125129, 0.0, 827.2410631095686], [0.0, 1257.8625342125129, 450.915498205774], [0.0, 0.0, 1.0]], [[1252.8131021185304, 0.0, 826.588114781398], [0.0, 1252.8131021185304, 469.9846626224581], [0.0, 0.0, 1.0]], [[1256.7485116440405, 0.0, 817.7887570959712], [0.0, 1256.7485116440403, 451.9541780095127], [0.0, 0.0, 1.0]], [[1254.9860565800168, 0.0, 829.5769333630991], [0.0, 1254.9860565800168, 467.1680561863987], [0.0, 0.0, 1.0]], [[796.8910634503094, 0.0, 857.7774326863696], [0.0, 796.8910634503094, 476.8848988407415], [0.0, 0.0, 1.0]], [[1249.9629280788233, 0.0, 825.3768045375984], [0.0, 1249.9629280788233, 462.54816385708756], [0.0, 0.0, 1.0]]], "extrinsics": [[[0.8222255110740662, -0.5685268640518188, -0.02687857486307621, -0.69219970703125], [0.0023685472551733255, 0.05064226686954498, -0.998714029788971, 1.48907470703125], [0.5691569447517395, 0.8211045265197754, 0.0429859459400177, -1.11962890625], [0.0, 0.0, 0.0, 1.0]], [[0.009585154242813587, -0.9988746047019958, -0.04644865170121193, 0.009765625], [0.004401932004839182, 0.04649248719215393, -0.9989089369773865, 1.4814376831054688], [0.9999443292617798, 0.009370229206979275, 0.00484261941164732, -1.43133544921875], [0.0, 0.0, 0.0, 1.0]], [[-0.8444024324417114, -0.534828245639801, -0.030710909515619278, 0.8878173828125], [0.012430433183908463, 0.03775109723210335, -0.9992098212242126, 1.4960250854492188], [0.5355650186538696, -0.8441170454025269, -0.02522897720336914, -1.14794921875], [0.0, 0.0, 0.0, 1.0]], [[0.9479467272758484, 0.31839558482170105, 0.004604316782206297, -1.142333984375], [-0.01282517146319151, 0.05262364447116852, -0.9985320568084717, 1.56201171875], [-0.3181705176830292, 0.9464961886405945, 0.05396789312362671, -0.15673828125], [0.0, 0.0, 0.0, 1.0]], [[0.009678248316049576, 0.9989340901374817, 0.045133255422115326, -0.0281982421875], [-0.010747423395514488, 0.04523667320609093, -0.9989184737205505, 1.56707763671875], [-0.9998953938484192, 0.009182695299386978, 0.01117378007620573, -0.0447998046875], [0.0, 0.0, 0.0, 1.0]], [[-0.9235197901725769, 0.3832649290561676, 0.01480119675397873, 1.0006732940673828], [-0.006626122631132603, 0.022641580551862717, -0.9997217059135437, 1.5466537475585938], [-0.3834933638572693, -0.9233608841896057, -0.018370388075709343, -0.109619140625], [0.0, 0.0, 0.0, 1.0]]], "view": [[0.0, -2.0, 100.0], [-2.0, 0.0, 100.0], [0.0, 0.0, 1.0]], "bev": "bev_59e112cf754e439ea8f138944e9ef958.png", "aux": "aux_59e112cf754e439ea8f138944e9ef958.npz", "visibility": "visibility_59e112cf754e439ea8f138944e9ef958.png", "pose": [[0.8832272887229919, 0.46894511580467224, 0.0, 1614.2288818359375], [-0.46894511580467224, 0.8832272887229919, 0.0, 1304.751220703125], [0.0, 0.0, 1.0, 0.0], [0.0, 0.0, 0.0, 1.0]], "pose_inverse": [[0.8832272887229919, -0.46894511580467224, 0.0, -813.874267578125], [0.46894511580467224, 0.8832272887229919, 0.0, -1909.376708984375], [0.0, 0.0, 1.0, 0.0], [0.0, 0.0, 0.0, 1.0]], "cam_ids": [0, 1, 2, 3, 4, 5], "cam_channels": ["CAM_FRONT_LEFT", "CAM_FRONT", "CAM_FRONT_RIGHT", "CAM_BACK_LEFT", "CAM_BACK", "CAM_BACK_RIGHT"], "token": "59e112cf754e439ea8f138944e9ef958", "scene": "scene-0507"}, {"images": ["samples/CAM_FRONT_LEFT/n008-2018-08-28-13-40-50-0400__CAM_FRONT_LEFT__1535478718154799.jpg", "samples/CAM_FRONT/n008-2018-08-28-13-40-50-0400__CAM_FRONT__1535478718162404.jpg", "samples/CAM_FRONT_RIGHT/n008-2018-08-28-13-40-50-0400__CAM_FRONT_RIGHT__1535478718170482.jpg", "samples/CAM_BACK_LEFT/n008-2018-08-28-13-40-50-0400__CAM_BACK_LEFT__1535478718197405.jpg", "samples/CAM_BACK/n008-2018-08-28-13-40-50-0400__CAM_BACK__1535478718187558.jpg", "samples/CAM_BACK_RIGHT/n008-2018-08-28-13-40-50-0400__CAM_BACK_RIGHT__1535478718178113.jpg"], "intrinsics": [[[1257.8625342125129, 0.0, 827.2410631095686], [0.0, 1257.8625342125129, 450.915498205774], [0.0, 0.0, 1.0]], [[1252.8131021185304, 0.0, 826.588114781398], [0.0, 1252.8131021185304, 469.9846626224581], [0.0, 0.0, 1.0]], [[1256.7485116440405, 0.0, 817.7887570959712], [0.0, 1256.7485116440403, 451.9541780095127], [0.0, 0.0, 1.0]], [[1254.9860565800168, 0.0, 829.5769333630991], [0.0, 1254.9860565800168, 467.1680561863987], [0.0, 0.0, 1.0]], [[796.8910634503094, 0.0, 857.7774326863696], [0.0, 796.8910634503094, 476.8848988407415], [0.0, 0.0, 1.0]], [[1249.9629280788233, 0.0, 825.3768045375984], [0.0, 1249.9629280788233, 462.54816385708756], [0.0, 0.0, 1.0]]], "extrinsics": [[[0.8228643536567688, -0.5677287578582764, -0.024048589169979095, -0.677093505859375], [0.004250839352607727, 0.048470281064510345, -0.9988155364990234, 1.4896316528320312], [0.5682219862937927, 0.8217875361442566, 0.042297787964344025, -1.1153564453125], [0.0, 0.0, 0.0, 1.0]], [[0.010798048228025436, -0.9989621043205261, -0.04425094276666641, 0.0152587890625], [0.006242092698812485, 0.0443200021982193, -0.9989978671073914, 1.481903076171875], [0.9999222755432129, 0.010511028580367565, 0.006714184768497944, -1.41119384765625], [0.0, 0.0, 0.0, 1.0]], [[-0.8437331914901733, -0.535859227180481, -0.031131654977798462, 0.883544921875], [0.014252831228077412, 0.035612259060144424, -0.9992640614509583, 1.4964370727539062], [0.5365735292434692, -0.8435559272766113, -0.02240973338484764, -1.1395263671875], [0.0, 0.0, 0.0, 1.0]], [[0.9479357600212097, 0.31841352581977844, 0.005534730385988951, -1.1434326171875], [-0.011260374449193478, 0.050881385803222656, -0.9986411929130554, 1.5620346069335938], [-0.3182624578475952, 0.9465853571891785, 0.05181773751974106, -0.1566162109375], [0.0, 0.0, 0.0, 1.0]], [[0.009192235767841339, 0.9990249276161194, 0.04318228363990784, -0.030029296875], [-0.009044193662703037, 0.043265409767627716, -0.9990226030349731, 1.5671539306640625], [-0.9999168515205383, 0.00879267044365406, 0.009433077648282051, -0.04693603515625], [0.0, 0.0, 0.0, 1.0]], [[-0.9238564968109131, 0.38254016637802124, 0.012331465259194374, 0.9944496154785156], [-0.00483841635286808, 0.020543508231639862, -0.9997772574424744, 1.5468711853027344], [-0.38270822167396545, -0.9237104058265686, -0.017128365114331245, -0.1083984375], [0.0, 0.0, 0.0, 1.0]]], "view": [[0.0, -2.0, 100.0], [-2.0, 0.0, 100.0], [0.0, 0.0, 1.0]], "bev": "bev_3b263d1abb4f4c6ab1c8cbe513d0b0c1.png", "aux": "aux_3b263d1abb4f4c6ab1c8cbe513d0b0c1.npz", "visibility": "visibility_3b263d1abb4f4c6ab1c8cbe513d0b0c1.png", "pose": [[0.8843500018119812, 0.466824471950531, 0.0, 1618.2706298828125], [-0.466824471950531, 0.8843500018119812, 0.0, 1302.5775146484375], [0.0, 0.0, 1.0, 0.0], [0.0, 0.0, 0.0, 1.0]], "pose_inverse": [[0.8843500018119812, -0.466824471950531, 0.0, -823.0425415039062], [0.466824471950531, 0.8843500018119812, 0.0, -1907.3828125], [0.0, 0.0, 1.0, 0.0], [0.0, 0.0, 0.0, 1.0]], "cam_ids": [0, 1, 2, 3, 4, 5], "cam_channels": ["CAM_FRONT_LEFT", "CAM_FRONT", "CAM_FRONT_RIGHT", "CAM_BACK_LEFT", "CAM_BACK", "CAM_BACK_RIGHT"], "token": "3b263d1abb4f4c6ab1c8cbe513d0b0c1", "scene": "scene-0507"}, {"images": ["samples/CAM_FRONT_LEFT/n008-2018-08-28-13-40-50-0400__CAM_FRONT_LEFT__1535478718654799.jpg", "samples/CAM_FRONT/n008-2018-08-28-13-40-50-0400__CAM_FRONT__1535478718662404.jpg", "samples/CAM_FRONT_RIGHT/n008-2018-08-28-13-40-50-0400__CAM_FRONT_RIGHT__1535478718670850.jpg", "samples/CAM_BACK_LEFT/n008-2018-08-28-13-40-50-0400__CAM_BACK_LEFT__1535478718697405.jpg", "samples/CAM_BACK/n008-2018-08-28-13-40-50-0400__CAM_BACK__1535478718687558.jpg", "samples/CAM_BACK_RIGHT/n008-2018-08-28-13-40-50-0400__CAM_BACK_RIGHT__1535478718678113.jpg"], "intrinsics": [[[1257.8625342125129, 0.0, 827.2410631095686], [0.0, 1257.8625342125129, 450.915498205774], [0.0, 0.0, 1.0]], [[1252.8131021185304, 0.0, 826.588114781398], [0.0, 1252.8131021185304, 469.9846626224581], [0.0, 0.0, 1.0]], [[1256.7485116440405, 0.0, 817.7887570959712], [0.0, 1256.7485116440403, 451.9541780095127], [0.0, 0.0, 1.0]], [[1254.9860565800168, 0.0, 829.5769333630991], [0.0, 1254.9860565800168, 467.1680561863987], [0.0, 0.0, 1.0]], [[796.8910634503094, 0.0, 857.7774326863696], [0.0, 796.8910634503094, 476.8848988407415], [0.0, 0.0, 1.0]], [[1249.9629280788233, 0.0, 825.3768045375984], [0.0, 1249.9629280788233, 462.54816385708756], [0.0, 0.0, 1.0]]], "extrinsics": [[[0.8222891688346863, -0.5686339139938354, -0.022272512316703796, -0.68194580078125], [0.007887966930866241, 0.050523821264505386, -0.998691737651825, 1.4912338256835938], [0.5690152645111084, 0.8210376501083374, 0.04603055492043495, -1.1134033203125], [0.0, 0.0, 0.0, 1.0]], [[0.009892118163406849, -0.9988732933998108, -0.04641281068325043, 0.0107421875], [0.009922587312757969, 0.04651084914803505, -0.9988685250282288, 1.483245849609375], [0.9999018311500549, 0.009420445188879967, 0.010371500626206398, -1.4140625], [0.0, 0.0, 0.0, 1.0]], [[-0.8441216349601746, -0.5349736213684082, -0.03552095964550972, 0.8865966796875], [0.018007541075348854, 0.03792538493871689, -0.9991183280944824, 1.4973831176757812], [0.5358490943908691, -0.8440170288085938, -0.022380081936717033, -1.1463623046875], [0.0, 0.0, 0.0, 1.0]], [[0.9479559659957886, 0.3182368576526642, 0.010238520801067352, -1.14453125], [-0.00711585208773613, 0.053322575986385345, -0.9985519647598267, 1.5620498657226562], [-0.31832200288772583, 0.9465104341506958, 0.05281198024749756, -0.1556396484375], [0.0, 0.0, 0.0, 1.0]], [[0.009455443359911442, 0.9989094734191895, 0.04572111740708351, -0.0284423828125], [-0.0050405217334628105, 0.04577019065618515, -0.9989392161369324, 1.5675888061523438], [-0.9999425411224365, 0.009215034544467926, 0.0054678041487932205, -0.045166015625], [0.0, 0.0, 0.0, 1.0]], [[-0.9236204624176025, 0.38318514823913574, 0.009713255800306797, 0.9975242614746094], [-0.0009842240251600742, 0.022969668731093407, -0.9997356534004211, 1.5476112365722656], [-0.38330698013305664, -0.9233858585357666, -0.020838119089603424, -0.1103515625], [0.0, 0.0, 0.0, 1.0]]], "view": [[0.0, -2.0, 100.0], [-2.0, 0.0, 100.0], [0.0, 0.0, 1.0]], "bev": "bev_ae529a1456cc40c48c848463888263af.png", "aux": "aux_ae529a1456cc40c48c848463888263af.npz", "visibility": "visibility_ae529a1456cc40c48c848463888263af.png", "pose": [[0.8847020864486694, 0.46615681052207947, 0.0, 1622.3133544921875], [-0.46615681052207947, 0.8847020864486694, 0.0, 1300.3797607421875], [0.0, 0.0, 1.0, 0.0], [0.0, 0.0, 0.0, 1.0]], "pose_inverse": [[0.8847020864486694, -0.46615681052207947, 0.0, -829.0831909179688], [0.46615681052207947, 0.8847020864486694, 0.0, -1906.701171875], [0.0, 0.0, 1.0, 0.0], [0.0, 0.0, 0.0, 1.0]], "cam_ids": [0, 1, 2, 3, 4, 5], "cam_channels": ["CAM_FRONT_LEFT", "CAM_FRONT", "CAM_FRONT_RIGHT", "CAM_BACK_LEFT", "CAM_BACK", "CAM_BACK_RIGHT"], "token": "ae529a1456cc40c48c848463888263af", "scene": "scene-0507"}, {"images": ["samples/CAM_FRONT_LEFT/n008-2018-08-28-13-40-50-0400__CAM_FRONT_LEFT__1535478719154799.jpg", "samples/CAM_FRONT/n008-2018-08-28-13-40-50-0400__CAM_FRONT__1535478719162404.jpg", "samples/CAM_FRONT_RIGHT/n008-2018-08-28-13-40-50-0400__CAM_FRONT_RIGHT__1535478719170482.jpg", "samples/CAM_BACK_LEFT/n008-2018-08-28-13-40-50-0400__CAM_BACK_LEFT__1535478719198283.jpg", "samples/CAM_BACK/n008-2018-08-28-13-40-50-0400__CAM_BACK__1535478719187558.jpg", "samples/CAM_BACK_RIGHT/n008-2018-08-28-13-40-50-0400__CAM_BACK_RIGHT__1535478719178113.jpg"], "intrinsics": [[[1257.8625342125129, 0.0, 827.2410631095686], [0.0, 1257.8625342125129, 450.915498205774], [0.0, 0.0, 1.0]], [[1252.8131021185304, 0.0, 826.588114781398], [0.0, 1252.8131021185304, 469.9846626224581], [0.0, 0.0, 1.0]], [[1256.7485116440405, 0.0, 817.7887570959712], [0.0, 1256.7485116440403, 451.9541780095127], [0.0, 0.0, 1.0]], [[1254.9860565800168, 0.0, 829.5769333630991], [0.0, 1254.9860565800168, 467.1680561863987], [0.0, 0.0, 1.0]], [[796.8910634503094, 0.0, 857.7774326863696], [0.0, 796.8910634503094, 476.8848988407415], [0.0, 0.0, 1.0]], [[1249.9629280788233, 0.0, 825.3768045375984], [0.0, 1249.9629280788233, 462.54816385708756], [0.0, 0.0, 1.0]]], "extrinsics": [[[0.8222865462303162, -0.5684181451797485, -0.02730744332075119, -0.667327880859375], [0.005499087739735842, 0.05592031031847, -0.9984200596809387, 1.4902801513671875], [0.569047212600708, 0.820837140083313, 0.049108296632766724, -1.1051025390625], [0.0, 0.0, 0.0, 1.0]], [[0.009798780083656311, -0.9986125230789185, -0.05173931643366814, 0.0123291015625], [0.007443304639309645, 0.05181320384144783, -0.998629093170166, 1.4824752807617188], [0.9999242424964905, 0.009400194510817528, 0.007940682582557201, -1.3983154296875], [0.0, 0.0, 0.0, 1.0]], [[-0.8442344069480896, -0.5347557067871094, -0.03611678630113602, 0.872314453125], [0.015402249991893768, 0.04315193369984627, -0.9989497661590576, 1.4969558715820312], [0.5357526540756226, -0.8439041972160339, -0.02819390967488289, -1.135498046875], [0.0, 0.0, 0.0, 1.0]], [[0.9479804039001465, 0.3182031512260437, 0.008941764011979103, -1.148681640625], [-0.010205727070569992, 0.058455854654312134, -0.9982377886772156, 1.562103271484375], [-0.3181650936603546, 0.9462186098098755, 0.058662500232458115, -0.1544189453125], [0.0, 0.0, 0.0, 1.0]], [[0.00960465706884861, 0.9986624121665955, 0.050805188715457916, -0.02880859375], [-0.007975717075169086, 0.05088242515921593, -0.9986727833747864, 1.5672378540039062], [-0.9999220371246338, 0.009186681360006332, 0.00845375470817089, -0.05316162109375], [0.0, 0.0, 0.0, 1.0]], [[-0.9235787391662598, 0.38314419984817505, 0.014240825548768044, 0.9864845275878906], [-0.003735736245289445, 0.028148245066404343, -0.9995967745780945, 1.5470542907714844], [-0.3833905756473541, -0.9232594966888428, -0.024565795436501503, -0.114013671875], [0.0, 0.0, 0.0, 1.0]]], "view": [[0.0, -2.0, 100.0], [-2.0, 0.0, 100.0], [0.0, 0.0, 1.0]], "bev": "bev_b91ef53fa68744cb88ed99a8fd3209d5.png", "aux": "aux_b91ef53fa68744cb88ed99a8fd3209d5.npz", "visibility": "visibility_b91ef53fa68744cb88ed99a8fd3209d5.png", "pose": [[0.8850945830345154, 0.4654111862182617, 0.0, 1626.4224853515625], [-0.4654111862182617, 0.8850945830345154, 0.0, 1298.164794921875], [0.0, 0.0, 1.0, 0.0], [0.0, 0.0, 0.0, 1.0]], "pose_inverse": [[0.8850945830345154, -0.4654111862182617, 0.0, -835.3573608398438], [0.4654111862182617, 0.8850945830345154, 0.0, -1905.953857421875], [0.0, 0.0, 1.0, 0.0], [0.0, 0.0, 0.0, 1.0]], "cam_ids": [0, 1, 2, 3, 4, 5], "cam_channels": ["CAM_FRONT_LEFT", "CAM_FRONT", "CAM_FRONT_RIGHT", "CAM_BACK_LEFT", "CAM_BACK", "CAM_BACK_RIGHT"], "token": "b91ef53fa68744cb88ed99a8fd3209d5", "scene": "scene-0507"}, {"images": ["samples/CAM_FRONT_LEFT/n008-2018-08-28-13-40-50-0400__CAM_FRONT_LEFT__1535478719604799.jpg", "samples/CAM_FRONT/n008-2018-08-28-13-40-50-0400__CAM_FRONT__1535478719612404.jpg", "samples/CAM_FRONT_RIGHT/n008-2018-08-28-13-40-50-0400__CAM_FRONT_RIGHT__1535478719620482.jpg", "samples/CAM_BACK_LEFT/n008-2018-08-28-13-40-50-0400__CAM_BACK_LEFT__1535478719647405.jpg", "samples/CAM_BACK/n008-2018-08-28-13-40-50-0400__CAM_BACK__1535478719637558.jpg", "samples/CAM_BACK_RIGHT/n008-2018-08-28-13-40-50-0400__CAM_BACK_RIGHT__1535478719628113.jpg"], "intrinsics": [[[1257.8625342125129, 0.0, 827.2410631095686], [0.0, 1257.8625342125129, 450.915498205774], [0.0, 0.0, 1.0]], [[1252.8131021185304, 0.0, 826.588114781398], [0.0, 1252.8131021185304, 469.9846626224581], [0.0, 0.0, 1.0]], [[1256.7485116440405, 0.0, 817.7887570959712], [0.0, 1256.7485116440403, 451.9541780095127], [0.0, 0.0, 1.0]], [[1254.9860565800168, 0.0, 829.5769333630991], [0.0, 1254.9860565800168, 467.1680561863987], [0.0, 0.0, 1.0]], [[796.8910634503094, 0.0, 857.7774326863696], [0.0, 796.8910634503094, 476.8848988407415], [0.0, 0.0, 1.0]], [[1249.9629280788233, 0.0, 825.3768045375984], [0.0, 1249.9629280788233, 462.54816385708756], [0.0, 0.0, 1.0]]], "extrinsics": [[[0.8225559592247009, -0.5680172443389893, -0.02753502130508423, -0.676483154296875], [0.0035712181124836206, 0.05357729643583298, -0.9985573291778564, 1.4894638061523438], [0.5686728954315186, 0.8212709426879883, 0.04609883576631546, -1.11181640625], [0.0, 0.0, 0.0, 1.0]], [[0.010204579681158066, -0.9987319707870483, -0.04929809272289276, 0.0125732421875], [0.005472901277244091, 0.04935570806264877, -0.998766303062439, 1.4817581176757812], [0.9999328851699829, 0.009922191500663757, 0.005969616584479809, -1.40948486328125], [0.0, 0.0, 0.0, 1.0]], [[-0.8440691828727722, -0.5352133512496948, -0.033074311912059784, 0.881103515625], [0.013436018489301205, 0.040550537407398224, -0.9990871548652649, 1.4963150024414062], [0.5360659956932068, -0.8437431454658508, -0.027036326006054878, -1.1412353515625], [0.0, 0.0, 0.0, 1.0]], [[0.9479461908340454, 0.3183702528476715, 0.006202909629791975, -1.1475830078125], [-0.012080973945558071, 0.05542299896478653, -0.9983898997306824, 1.5620956420898438], [-0.3182014226913452, 0.9463449120521545, 0.056384239345788956, -0.1549072265625], [0.0, 0.0, 0.0, 1.0]], [[0.009446807205677032, 0.9988076686859131, 0.0478968508541584, -0.0289306640625], [-0.009850325994193554, 0.0479896180331707, -0.9987992644309998, 1.5671310424804688], [-0.9999068975448608, 0.008963646367192268, 0.010291929356753826, -0.04541015625], [0.0, 0.0, 0.0, 1.0]], [[-0.9236820936203003, 0.38286811113357544, 0.014944694004952908, 0.9944801330566406], [-0.005647912621498108, 0.025394542142748833, -0.9996615052223206, 1.5467529296875], [-0.38311806321144104, -0.9234538674354553, -0.02129407599568367, -0.110107421875], [0.0, 0.0, 0.0, 1.0]]], "view": [[0.0, -2.0, 100.0], [-2.0, 0.0, 100.0], [0.0, 0.0, 1.0]], "bev": "bev_405ac7d88c1840c8af4e30fd4512709e.png", "aux": "aux_405ac7d88c1840c8af4e30fd4512709e.npz", "visibility": "visibility_405ac7d88c1840c8af4e30fd4512709e.png", "pose": [[0.8841310143470764, 0.4672390818595886, 0.0, 1630.12060546875], [-0.4672390818595886, 0.8841310143470764, 0.0, 1296.1641845703125], [0.0, 0.0, 1.0, 0.0], [0.0, 0.0, 0.0, 1.0]], "pose_inverse": [[0.8841310143470764, -0.4672390818595886, 0.0, -835.62158203125], [0.4672390818595886, 0.8841310143470764, 0.0, -1907.635009765625], [0.0, 0.0, 1.0, 0.0], [0.0, 0.0, 0.0, 1.0]], "cam_ids": [0, 1, 2, 3, 4, 5], "cam_channels": ["CAM_FRONT_LEFT", "CAM_FRONT", "CAM_FRONT_RIGHT", "CAM_BACK_LEFT", "CAM_BACK", "CAM_BACK_RIGHT"], "token": "405ac7d88c1840c8af4e30fd4512709e", "scene": "scene-0507"}, {"images": ["samples/CAM_FRONT_LEFT/n008-2018-08-28-13-40-50-0400__CAM_FRONT_LEFT__1535478720154809.jpg", "samples/CAM_FRONT/n008-2018-08-28-13-40-50-0400__CAM_FRONT__1535478720162404.jpg", "samples/CAM_FRONT_RIGHT/n008-2018-08-28-13-40-50-0400__CAM_FRONT_RIGHT__1535478720170482.jpg", "samples/CAM_BACK_LEFT/n008-2018-08-28-13-40-50-0400__CAM_BACK_LEFT__1535478720197405.jpg", "samples/CAM_BACK/n008-2018-08-28-13-40-50-0400__CAM_BACK__1535478720187558.jpg", "samples/CAM_BACK_RIGHT/n008-2018-08-28-13-40-50-0400__CAM_BACK_RIGHT__1535478720178113.jpg"], "intrinsics": [[[1257.8625342125129, 0.0, 827.2410631095686], [0.0, 1257.8625342125129, 450.915498205774], [0.0, 0.0, 1.0]], [[1252.8131021185304, 0.0, 826.588114781398], [0.0, 1252.8131021185304, 469.9846626224581], [0.0, 0.0, 1.0]], [[1256.7485116440405, 0.0, 817.7887570959712], [0.0, 1256.7485116440403, 451.9541780095127], [0.0, 0.0, 1.0]], [[1254.9860565800168, 0.0, 829.5769333630991], [0.0, 1254.9860565800168, 467.1680561863987], [0.0, 0.0, 1.0]], [[796.8910634503094, 0.0, 857.7774326863696], [0.0, 796.8910634503094, 476.8848988407415], [0.0, 0.0, 1.0]], [[1249.9629280788233, 0.0, 825.3768045375984], [0.0, 1249.9629280788233, 462.54816385708756], [0.0, 0.0, 1.0]]], "extrinsics": [[[0.8222870230674744, -0.5683901906013489, -0.027869757264852524, -0.6827392578125], [0.0029631531797349453, 0.0532497875392437, -0.998576819896698, 1.4892196655273438], [0.5690653920173645, 0.8210341930389404, 0.04547083005309105, -1.1156005859375], [0.0, 0.0, 0.0, 1.0]], [[0.009797978214919567, -0.9987483024597168, -0.0490504652261734, 0.01220703125], [0.0049660177901387215, 0.04910081997513771, -0.9987815022468567, 1.4815750122070312], [0.9999396204948425, 0.009542426094412804, 0.005440888926386833, -1.41497802734375], [0.0, 0.0, 0.0, 1.0]], [[-0.8442481756210327, -0.5349557995796204, -0.03266797959804535, 0.884033203125], [0.013086999766528606, 0.04035826772451401, -0.9990995526313782, 1.496185302734375], [0.5357925295829773, -0.8439157009124756, -0.027071433141827583, -1.1435546875], [0.0, 0.0, 0.0, 1.0]], [[0.9479641318321228, 0.3183193504810333, 0.006075514014810324, -1.1429443359375], [-0.012174560688436031, 0.05531178042292595, -0.9983949065208435, 1.5620346069335938], [-0.31814444065093994, 0.9463685154914856, 0.05630897730588913, -0.1563720703125], [0.0, 0.0, 0.0, 1.0]], [[0.009595615789294243, 0.9988113641738892, 0.04779031500220299, -0.0289306640625], [-0.010134092532098293, 0.04788719862699509, -0.9988012909889221, 1.5670928955078125], [-0.9999026656150818, 0.009099798277020454, 0.010581552051007748, -0.0462646484375], [0.0, 0.0, 0.0, 1.0]], [[-0.9235928654670715, 0.3830762803554535, 0.015123329125344753, 0.9967308044433594], [-0.00589374965056777, 0.02525559440255165, -0.9996636509895325, 1.5467300415039062], [-0.3833293318748474, -0.9233713150024414, -0.021068131551146507, -0.109619140625], [0.0, 0.0, 0.0, 1.0]]], "view": [[0.0, -2.0, 100.0], [-2.0, 0.0, 100.0], [0.0, 0.0, 1.0]], "bev": "bev_2dac0441d107410b88e3e658ecb5dd42.png", "aux": "aux_2dac0441d107410b88e3e658ecb5dd42.npz", "visibility": "visibility_2dac0441d107410b88e3e658ecb5dd42.png", "pose": [[0.8831509351730347, 0.46908897161483765, 0.0, 1634.5472412109375], [-0.46908897161483765, 0.8831509351730347, 0.0, 1293.7529296875], [0.0, 0.0, 1.0, 0.0], [0.0, 0.0, 0.0, 1.0]], "pose_inverse": [[0.8831509351730347, -0.46908897161483765, 0.0, -836.6666259765625], [0.46908897161483765, 0.8831509351730347, 0.0, -1909.3271484375], [0.0, 0.0, 1.0, 0.0], [0.0, 0.0, 0.0, 1.0]], "cam_ids": [0, 1, 2, 3, 4, 5], "cam_channels": ["CAM_FRONT_LEFT", "CAM_FRONT", "CAM_FRONT_RIGHT", "CAM_BACK_LEFT", "CAM_BACK", "CAM_BACK_RIGHT"], "token": "2dac0441d107410b88e3e658ecb5dd42", "scene": "scene-0507"}, {"images": ["samples/CAM_FRONT_LEFT/n008-2018-08-28-13-40-50-0400__CAM_FRONT_LEFT__1535478720654799.jpg", "samples/CAM_FRONT/n008-2018-08-28-13-40-50-0400__CAM_FRONT__1535478720662404.jpg", "samples/CAM_FRONT_RIGHT/n008-2018-08-28-13-40-50-0400__CAM_FRONT_RIGHT__1535478720670482.jpg", "samples/CAM_BACK_LEFT/n008-2018-08-28-13-40-50-0400__CAM_BACK_LEFT__1535478720697405.jpg", "samples/CAM_BACK/n008-2018-08-28-13-40-50-0400__CAM_BACK__1535478720687558.jpg", "samples/CAM_BACK_RIGHT/n008-2018-08-28-13-40-50-0400__CAM_BACK_RIGHT__1535478720678113.jpg"], "intrinsics": [[[1257.8625342125129, 0.0, 827.2410631095686], [0.0, 1257.8625342125129, 450.915498205774], [0.0, 0.0, 1.0]], [[1252.8131021185304, 0.0, 826.588114781398], [0.0, 1252.8131021185304, 469.9846626224581], [0.0, 0.0, 1.0]], [[1256.7485116440405, 0.0, 817.7887570959712], [0.0, 1256.7485116440403, 451.9541780095127], [0.0, 0.0, 1.0]], [[1254.9860565800168, 0.0, 829.5769333630991], [0.0, 1254.9860565800168, 467.1680561863987], [0.0, 0.0, 1.0]], [[796.8910634503094, 0.0, 857.7774326863696], [0.0, 796.8910634503094, 476.8848988407415], [0.0, 0.0, 1.0]], [[1249.9629280788233, 0.0, 825.3768045375984], [0.0, 1249.9629280788233, 462.54816385708756], [0.0, 0.0, 1.0]]], "extrinsics": [[[0.82229083776474, -0.5685678124427795, -0.023841874673962593, -0.700897216796875], [0.00216236081905663, 0.04501791298389435, -0.9989838600158691, 1.489013671875], [0.5690634250640869, 0.8214037418365479, 0.03824726492166519, -1.1251220703125], [0.0, 0.0, 0.0, 1.0]], [[0.009783749468624592, -0.9991282224655151, -0.0405842587351799, 0.009521484375], [0.003985363990068436, 0.040624842047691345, -0.9991665482521057, 1.4813156127929688], [0.9999442100524902, 0.009613869711756706, 0.004379353951662779, -1.433837890625], [0.0, 0.0, 0.0, 1.0]], [[-0.8442738652229309, -0.5352360606193542, -0.026906386017799377, 0.897705078125], [0.011814698576927185, 0.03160516545176506, -0.9994305968284607, 1.4957504272460938], [0.535781741142273, -0.8441110253334045, -0.020359762012958527, -1.154052734375], [0.0, 0.0, 0.0, 1.0]], [[0.9479084014892578, 0.3185406029224396, 0.0013117064954712987, -1.1484375], [-0.014014392159879208, 0.04581695795059204, -0.9988515377044678, 1.5621109008789062], [-0.3182348608970642, 0.9468013048171997, 0.0478944256901741, -0.154541015625], [0.0, 0.0, 0.0, 1.0]], [[0.009535238146781921, 0.9992145895957947, 0.03846224397420883, -0.0281982421875], [-0.01171854604035616, 0.0385730117559433, -0.9991869926452637, 1.567108154296875], [-0.9998859167098999, 0.009076829068362713, 0.012077147141098976, -0.03631591796875], [0.0, 0.0, 0.0, 1.0]], [[-0.9235981702804565, 0.3831388056278229, 0.013080419041216373, 1.0101394653320312], [-0.007426306139677763, 0.016232794150710106, -0.9998406767845154, 1.5465946197509766], [-0.38328999280929565, -0.92354816198349, -0.012147270143032074, -0.105712890625], [0.0, 0.0, 0.0, 1.0]]], "view": [[0.0, -2.0, 100.0], [-2.0, 0.0, 100.0], [0.0, 0.0, 1.0]], "bev": "bev_6db7408aff7a4c3f872f031ba3116353.png", "aux": "aux_6db7408aff7a4c3f872f031ba3116353.npz", "visibility": "visibility_6db7408aff7a4c3f872f031ba3116353.png", "pose": [[0.8825100064277649, 0.47029364109039307, 0.0, 1638.4619140625], [-0.47029364109039307, 0.8825100064277649, 0.0, 1291.619873046875], [0.0, 0.0, 1.0, 0.0], [0.0, 0.0, 0.0, 1.0]], "pose_inverse": [[0.8825100064277649, -0.47029364109039307, 0.0, -838.5184326171875], [0.47029364109039307, 0.8825100064277649, 0.0, -1910.4256591796875], [0.0, 0.0, 1.0, 0.0], [0.0, 0.0, 0.0, 1.0]], "cam_ids": [0, 1, 2, 3, 4, 5], "cam_channels": ["CAM_FRONT_LEFT", "CAM_FRONT", "CAM_FRONT_RIGHT", "CAM_BACK_LEFT", "CAM_BACK", "CAM_BACK_RIGHT"], "token": "6db7408aff7a4c3f872f031ba3116353", "scene": "scene-0507"}, {"images": ["samples/CAM_FRONT_LEFT/n008-2018-08-28-13-40-50-0400__CAM_FRONT_LEFT__1535478721154799.jpg", "samples/CAM_FRONT/n008-2018-08-28-13-40-50-0400__CAM_FRONT__1535478721162404.jpg", "samples/CAM_FRONT_RIGHT/n008-2018-08-28-13-40-50-0400__CAM_FRONT_RIGHT__1535478721170482.jpg", "samples/CAM_BACK_LEFT/n008-2018-08-28-13-40-50-0400__CAM_BACK_LEFT__1535478721197405.jpg", "samples/CAM_BACK/n008-2018-08-28-13-40-50-0400__CAM_BACK__1535478721187558.jpg", "samples/CAM_BACK_RIGHT/n008-2018-08-28-13-40-50-0400__CAM_BACK_RIGHT__1535478721178113.jpg"], "intrinsics": [[[1257.8625342125129, 0.0, 827.2410631095686], [0.0, 1257.8625342125129, 450.915498205774], [0.0, 0.0, 1.0]], [[1252.8131021185304, 0.0, 826.588114781398], [0.0, 1252.8131021185304, 469.9846626224581], [0.0, 0.0, 1.0]], [[1256.7485116440405, 0.0, 817.7887570959712], [0.0, 1256.7485116440403, 451.9541780095127], [0.0, 0.0, 1.0]], [[1254.9860565800168, 0.0, 829.5769333630991], [0.0, 1254.9860565800168, 467.1680561863987], [0.0, 0.0, 1.0]], [[796.8910634503094, 0.0, 857.7774326863696], [0.0, 796.8910634503094, 476.8848988407415], [0.0, 0.0, 1.0]], [[1249.9629280788233, 0.0, 825.3768045375984], [0.0, 1249.9629280788233, 462.54816385708756], [0.0, 0.0, 1.0]]], "extrinsics": [[[0.8227551579475403, -0.5681485533714294, -0.01676752232015133, -0.707000732421875], [0.006811406463384628, 0.03935285657644272, -0.9992021322250366, 1.4906539916992188], [0.568355143070221, 0.821984589099884, 0.036247655749320984, -1.130126953125], [0.0, 0.0, 0.0, 1.0]], [[0.010661324486136436, -0.9993246793746948, -0.035162393003702164, 0.0106201171875], [0.00885734148323536, 0.03525738790631294, -0.9993390440940857, 1.4827117919921875], [0.9999039769172668, 0.0103428540751338, 0.009227251634001732, -1.4385986328125], [0.0, 0.0, 0.0, 1.0]], [[-0.8437639474868774, -0.5359538793563843, -0.028562497347593307, 0.899169921875], [0.01695641502737999, 0.02657148241996765, -0.9995030760765076, 1.49688720703125], [0.5364465117454529, -0.8438289165496826, -0.013332203030586243, -1.15380859375], [0.0, 0.0, 0.0, 1.0]], [[0.9479143023490906, 0.3184811472892761, 0.005321124102920294, -1.1416015625], [-0.00839968491345644, 0.041693173348903656, -0.9990951418876648, 1.5620269775390625], [-0.3184148967266083, 0.9470118284225464, 0.042196694761514664, -0.1568603515625], [0.0, 0.0, 0.0, 1.0]], [[0.00913329143077135, 0.9993758201599121, 0.03412609547376633, -0.0286865234375], [-0.006299544125795364, 0.03418434411287308, -0.9993956685066223, 1.5675010681152344], [-0.9999384880065918, 0.008912784978747368, 0.006607827730476856, -0.0404052734375], [0.0, 0.0, 