[{"images": ["samples/CAM_FRONT_LEFT/n015-2018-10-08-15-52-24+0800__CAM_FRONT_LEFT__1538985230254844.jpg", "samples/CAM_FRONT/n015-2018-10-08-15-52-24+0800__CAM_FRONT__1538985230262460.jpg", "samples/CAM_FRONT_RIGHT/n015-2018-10-08-15-52-24+0800__CAM_FRONT_RIGHT__1538985230270339.jpg", "samples/CAM_BACK_LEFT/n015-2018-10-08-15-52-24+0800__CAM_BACK_LEFT__1538985230297423.jpg", "samples/CAM_BACK/n015-2018-10-08-15-52-24+0800__CAM_BACK__1538985230287525.jpg", "samples/CAM_BACK_RIGHT/n015-2018-10-08-15-52-24+0800__CAM_BACK_RIGHT__1538985230277893.jpg"], "intrinsics": [[[1272.5979470598488, 0.0, 826.6154927353808], [0.0, 1272.5979470598488, 479.75165386361925], [0.0, 0.0, 1.0]], [[1266.417203046554, 0.0, 816.2670197447984], [0.0, 1266.417203046554, 491.50706579294757], [0.0, 0.0, 1.0]], [[1260.8474446004698, 0.0, 807.968244525554], [0.0, 1260.8474446004698, 495.3344268742088], [0.0, 0.0, 1.0]], [[1256.7414812095406, 0.0, 792.1125740759628], [0.0, 1256.7414812095406, 492.7757465151356], [0.0, 0.0, 1.0]], [[809.2209905677063, 0.0, 829.2196003259838], [0.0, 809.2209905677063, 481.77842384512485], [0.0, 0.0, 1.0]], [[1259.5137405846733, 0.0, 807.2529053838625], [0.0, 1259.5137405846733, 501.19579884916527], [0.0, 0.0, 1.0]]], "extrinsics": [[[0.8200650811195374, -0.568570613861084, -0.06496676802635193, -0.7298583984375], [-0.058009058237075806, 0.030350105836987495, -0.9978545904159546, 1.4916458129882812], [0.5693225860595703, 0.822074294090271, -0.008093186654150486, -1.1209716796875], [0.0, 0.0, 0.0, 1.0]], [[0.006906506139785051, -0.9996215105056763, -0.026628820225596428, 0.0091552734375], [-0.06371356546878815, 0.026135457679629326, -0.9976259469985962, 1.5055351257324219], [0.9979442954063416, 0.008586756885051727, -0.06350894272327423, -1.4583969116210938], [0.0, 0.0, 0.0, 1.0]], [[-0.8314877152442932, -0.5549911260604858, 0.02475815825164318, 0.88165283203125], [-0.05854057893157005, 0.04321373999118805, -0.9973492622375488, 1.4928817749023438], [0.5524500608444214, -0.8307330012321472, -0.06842119246721268, -1.1461181640625], [0.0, 0.0, 0.0, 1.0]], [[0.9461670517921448, 0.3206074833869934, -0.044483013451099396, -1.14324951171875], [-0.05117690563201904, 0.012478327378630638, -0.9986116290092468, 1.5886058807373047], [-0.31960728764533997, 0.9471299052238464, 0.028214283287525177, -0.103759765625], [0.0, 0.0, 0.0, 1.0]], [[0.0016078802291303873, 0.999744713306427, 0.02253875881433487, 0.0020751953125], [-0.07609168440103531, 0.022595757618546486, -0.9968447685241699, 1.5742034912109375], [-0.9970995187759399, -0.00011219991574762389, 0.07610858976840973, -0.0654449462890625], [0.0, 0.0, 0.0, 1.0]], [[-0.9340682029724121, 0.3530224561691284, 0.05377558246254921, 1.01165771484375], [-0.04306513071060181, 0.038130100816488266, -0.9983444213867188, 1.5456695556640625], [-0.35448843240737915, -0.9348375201225281, -0.02041315659880638, -0.1092529296875], [0.0, 0.0, 0.0, 1.0]]], "view": [[0.0, -2.0, 100.0], [-2.0, 0.0, 100.0], [0.0, 0.0, 1.0]], "bev": "bev_5c5b6e7ea6dd4560b281eabb5280c6c8.png", "aux": "aux_5c5b6e7ea6dd4560b281eabb5280c6c8.npz", "visibility": "visibility_5c5b6e7ea6dd4560b281eabb5280c6c8.png", "pose": [[0.9128472805023193, 0.40830114483833313, 0.0, 597.7870483398438], [-0.40830114483833313, 0.9128472805023193, 0.0, 1665.9359130859375], [0.0, 0.0, 1.0, 0.0], [0.0, 0.0, 0.0, 1.0]], "pose_inverse": [[0.9128472805023193, -0.40830114483833313, 0.0, 134.5152587890625], [0.40830114483833313, 0.9128472805023193, 0.0, -1764.822265625], [0.0, 0.0, 1.0, 0.0], [0.0, 0.0, 0.0, 1.0]], "cam_ids": [0, 1, 2, 3, 4, 5], "cam_channels": ["CAM_FRONT_LEFT", "CAM_FRONT", "CAM_FRONT_RIGHT", "CAM_BACK_LEFT", "CAM_BACK", "CAM_BACK_RIGHT"], "token": "5c5b6e7ea6dd4560b281eabb5280c6c8", "scene": "scene-0424"}, {"images": ["samples/CAM_FRONT_LEFT/n015-2018-10-08-15-52-24+0800__CAM_FRONT_LEFT__1538985230754844.jpg", "samples/CAM_FRONT/n015-2018-10-08-15-52-24+0800__CAM_FRONT__1538985230762460.jpg", "samples/CAM_FRONT_RIGHT/n015-2018-10-08-15-52-24+0800__CAM_FRONT_RIGHT__1538985230770339.jpg", "samples/CAM_BACK_LEFT/n015-2018-10-08-15-52-24+0800__CAM_BACK_LEFT__1538985230797423.jpg", "samples/CAM_BACK/n015-2018-10-08-15-52-24+0800__CAM_BACK__1538985230787525.jpg", "samples/CAM_BACK_RIGHT/n015-2018-10-08-15-52-24+0800__CAM_BACK_RIGHT__1538985230777893.jpg"], "intrinsics": [[[1272.5979470598488, 0.0, 826.6154927353808], [0.0, 1272.5979470598488, 479.75165386361925], [0.0, 0.0, 1.0]], [[1266.417203046554, 0.0, 816.2670197447984], [0.0, 1266.417203046554, 491.50706579294757], [0.0, 0.0, 1.0]], [[1260.8474446004698, 0.0, 807.968244525554], [0.0, 1260.8474446004698, 495.3344268742088], [0.0, 0.0, 1.0]], [[1256.7414812095406, 0.0, 792.1125740759628], [0.0, 1256.7414812095406, 492.7757465151356], [0.0, 0.0, 1.0]], [[809.2209905677063, 0.0, 829.2196003259838], [0.0, 809.2209905677063, 481.77842384512485], [0.0, 0.0, 1.0]], [[1259.5137405846733, 0.0, 807.2529053838625], [0.0, 1259.5137405846733, 501.19579884916527], [0.0, 0.0, 1.0]]], "extrinsics": [[[0.8205324411392212, -0.5679020285606384, -0.06491397321224213, -0.7369384765625], [-0.05804704874753952, 0.030190754681825638, -0.9978572130203247, 1.4921455383300781], [0.5686449408531189, 0.8225423097610474, -0.008192544803023338, -1.12548828125], [0.0, 0.0, 0.0, 1.0]], [[0.007588264998048544, -0.9996192455291748, -0.026528777554631233, 0.009033203125], [-0.06352701783180237, 0.02599405124783516, -0.9976415634155273, 1.5060958862304688], [0.9979512691497803, 0.009255670942366123, -0.0633055791258812, -1.4664459228515625], [0.0, 0.0, 0.0, 1.0]], [[-0.8312150835990906, -0.5554119944572449, 0.024471677839756012, 0.88751220703125], [-0.05813683941960335, 0.04306113347411156, -0.99737948179245, 1.4933700561523438], [0.5529027581214905, -0.8304595947265625, -0.06808296591043472, -1.1500244140625], [0.0, 0.0, 0.0, 1.0]], [[0.9463239908218384, 0.3202628195285797, -0.04361812770366669, -1.1416015625], [-0.050182223320007324, 0.01226730551570654, -0.9986647367477417, 1.5885200500488281], [-0.3193000853061676, 0.9472492933273315, 0.027680344879627228, -0.104248046875], [0.0, 0.0, 0.0, 1.0]], [[0.0015467222547158599, 0.9997497200965881, 0.022320300340652466, 0.002197265625], [-0.07529453188180923, 0.022373396903276443, -0.9969103336334229, 1.5744972229003906], [-0.9971601963043213, -0.00013868033420294523, 0.07531028985977173, -0.0623016357421875], [0.0, 0.0, 0.0, 1.0]], [[-0.9342246055603027, 0.3527032136917114, 0.05314858630299568, 1.01776123046875], [-0.042472075670957565, 0.03794648498296738, -0.9983767867088318, 1.5460357666015625], [-0.35414743423461914, -0.9349655508995056, -0.020470505580306053, -0.1072998046875], [0.0, 0.0, 0.0, 1.0]]], "view": [[0.0, -2.0, 100.0], [-2.0, 0.0, 100.0], [0.0, 0.0, 1.0]], "bev": "bev_e55713de4f2e484fbe892d1a132e9382.png", "aux": "aux_e55713de4f2e484fbe892d1a132e9382.npz", "visibility": "visibility_e55713de4f2e484fbe892d1a132e9382.png", "pose": [[0.9074985980987549, 0.4200551211833954, 0.0, 600.814453125], [-0.4200551211833954, 0.9074985980987549, 0.0, 1664.537841796875], [0.0, 0.0, 1.0, 0.0], [0.0, 0.0, 0.0, 1.0]], "pose_inverse": [[0.9074985980987549, -0.4200551211833954, 0.0, 153.95936584472656], [0.4200551211833954, 0.9074985980987549, 0.0, -1762.94091796875], [0.0, 0.0, 1.0, 0.0], [0.0, 0.0, 0.0, 1.0]], "cam_ids": [0, 1, 2, 3, 4, 5], "cam_channels": ["CAM_FRONT_LEFT", "CAM_FRONT", "CAM_FRONT_RIGHT", "CAM_BACK_LEFT", "CAM_BACK", "CAM_BACK_RIGHT"], "token": "e55713de4f2e484fbe892d1a132e9382", "scene": "scene-0424"}, {"images": ["samples/CAM_FRONT_LEFT/n015-2018-10-08-15-52-24+0800__CAM_FRONT_LEFT__1538985231254844.jpg", "samples/CAM_FRONT/n015-2018-10-08-15-52-24+0800__CAM_FRONT__1538985231262460.jpg", "samples/CAM_FRONT_RIGHT/n015-2018-10-08-15-52-24+0800__CAM_FRONT_RIGHT__1538985231270339.jpg", "samples/CAM_BACK_LEFT/n015-2018-10-08-15-52-24+0800__CAM_BACK_LEFT__1538985231297423.jpg", "samples/CAM_BACK/n015-2018-10-08-15-52-24+0800__CAM_BACK__1538985231287525.jpg", "samples/CAM_BACK_RIGHT/n015-2018-10-08-15-52-24+0800__CAM_BACK_RIGHT__1538985231277893.jpg"], "intrinsics": [[[1272.5979470598488, 0.0, 826.6154927353808], [0.0, 1272.5979470598488, 479.75165386361925], [0.0, 0.0, 1.0]], [[1266.417203046554, 0.0, 816.2670197447984], [0.0, 1266.417203046554, 491.50706579294757], [0.0, 0.0, 1.0]], [[1260.8474446004698, 0.0, 807.968244525554], [0.0, 1260.8474446004698, 495.3344268742088], [0.0, 0.0, 1.0]], [[1256.7414812095406, 0.0, 792.1125740759628], [0.0, 1256.7414812095406, 492.7757465151356], [0.0, 0.0, 1.0]], [[809.2209905677063, 0.0, 829.2196003259838], [0.0, 809.2209905677063, 481.77842384512485], [0.0, 0.0, 1.0]], [[1259.5137405846733, 0.0, 807.2529053838625], [0.0, 1259.5137405846733, 501.19579884916527], [0.0, 0.0, 1.0]]], "extrinsics": [[[0.8202682137489319, -0.567311704158783, -0.07292107492685318, -0.7645263671875], [-0.06841803342103958, 0.029256902635097504, -0.997227668762207, 1.4915695190429688], [0.5678723454475403, 0.8229833245277405, -0.014815840870141983, -1.144287109375], [0.0, 0.0, 0.0, 1.0]], [[0.007942238822579384, -0.9996325969696045, -0.02591201663017273, 0.008544921875], [-0.07372480630874634, 0.025256948545575142, -0.9969587922096252, 1.5057640075683594], [0.9972469210624695, 0.009828432463109493, -0.07349712401628494, -1.4931640625], [0.0, 0.0, 0.0, 1.0]], [[-0.8306078314781189, -0.5558759570121765, 0.03305341675877571, 0.90484619140625], [-0.0681610181927681, 0.04257887229323387, -0.9967653155326843, 1.4930572509765625], [0.552670419216156, -0.8301739692687988, -0.07325541228055954, -1.1619873046875], [0.0, 0.0, 0.0, 1.0]], [[0.945655107498169, 0.32091838121414185, -0.05241798982024193, -1.14276123046875], [-0.059574101120233536, 0.012513403780758381, -0.9981454610824585, 1.5886001586914062], [-0.3196673095226288, 0.9470242261886597, 0.030951784923672676, -0.1033935546875], [0.0, 0.0, 0.0, 1.0]], [[0.0011958905961364508, 0.9997493624687195, 0.022357512265443802, 0.00244140625], [-0.08490806818008423, 0.022378308698534966, -0.9961374998092651, 1.5745964050292969], [-0.9963880777359009, -0.0007070231949910522, 0.08491355180740356, -0.0538482666015625], [0.0, 0.0, 0.0, 1.0]], [[-0.9338420033454895, 0.35222241282463074, 0.06227664649486542, 1.03204345703125], [-0.0523291751742363, 0.03770286962389946, -0.9979179501533508, 1.5455856323242188], [-0.3538370430469513, -0.9351565837860107, -0.01677701808512211, -0.101806640625], [0.0, 0.0, 0.0, 1.0]]], "view": [[0.0, -2.0, 100.0], [-2.0, 0.0, 100.0], [0.0, 0.0, 1.0]], "bev": "bev_b6905219b6cf44cca9e332497163cbd2.png", "aux": "aux_b6905219b6cf44cca9e332497163cbd2.npz", "visibility": "visibility_b6905219b6cf44cca9e332497163cbd2.png", "pose": [[0.8963489532470703, 0.4433492124080658, 0.0, 603.5689086914062], [-0.4433492124080658, 0.8963489532470703, 0.0, 1663.2061767578125], [0.0, 0.0, 1.0, 0.0], [0.0, 0.0, 0.0, 1.0]], "pose_inverse": [[0.8963489532470703, -0.4433492124080658, 0.0, 196.372802734375], [0.4433492124080658, 0.8963489532470703, 0.0, -1758.4049072265625], [0.0, 0.0, 1.0, 0.0], [0.0, 0.0, 0.0, 1.0]], "cam_ids": [0, 1, 2, 3, 4, 5], "cam_channels": ["CAM_FRONT_LEFT", "CAM_FRONT", "CAM_FRONT_RIGHT", "CAM_BACK_LEFT", "CAM_BACK", "CAM_BACK_RIGHT"], "token": "b6905219b6cf44cca9e332497163cbd2", "scene": "scene-0424"}, {"images": ["samples/CAM_FRONT_LEFT/n015-2018-10-08-15-52-24+0800__CAM_FRONT_LEFT__1538985231754844.jpg", "samples/CAM_FRONT/n015-2018-10-08-15-52-24+0800__CAM_FRONT__1538985231762460.jpg", "samples/CAM_FRONT_RIGHT/n015-2018-10-08-15-52-24+0800__CAM_FRONT_RIGHT__1538985231770339.jpg", "samples/CAM_BACK_LEFT/n015-2018-10-08-15-52-24+0800__CAM_BACK_LEFT__1538985231797423.jpg", "samples/CAM_BACK/n015-2018-10-08-15-52-24+0800__CAM_BACK__1538985231787525.jpg", "samples/CAM_BACK_RIGHT/n015-2018-10-08-15-52-24+0800__CAM_BACK_RIGHT__1538985231777893.jpg"], "intrinsics": [[[1272.5979470598488, 0.0, 826.6154927353808], [0.0, 1272.5979470598488, 479.75165386361925], [0.0, 0.0, 1.0]], [[1266.417203046554, 0.0, 816.2670197447984], [0.0, 1266.417203046554, 491.50706579294757], [0.0, 0.0, 1.0]], [[1260.8474446004698, 0.0, 807.968244525554], [0.0, 1260.8474446004698, 495.3344268742088], [0.0, 0.0, 1.0]], [[1256.7414812095406, 0.0, 792.1125740759628], [0.0, 1256.7414812095406, 492.7757465151356], [0.0, 0.0, 1.0]], [[809.2209905677063, 0.0, 829.2196003259838], [0.0, 809.2209905677063, 481.77842384512485], [0.0, 0.0, 1.0]], [[1259.5137405846733, 0.0, 807.2529053838625], [0.0, 1259.5137405846733, 501.19579884916527], [0.0, 0.0, 1.0]]], "extrinsics": [[[0.8202712535858154, -0.5677104592323303, -0.06971326470375061, -0.7979736328125], [-0.06384383141994476, 0.030244000256061554, -0.9975014925003052, 1.4952774047851562], [0.5684003829956055, 0.8226726055145264, -0.0114365229383111, -1.1669921875], [0.0, 0.0, 0.0, 1.0]], [[0.00772662740200758, -0.9996088743209839, -0.026875721290707588, 0.0081787109375], [-0.06911414116621017, 0.026278411969542503, -0.9972625970840454, 1.509002685546875], [0.9975788593292236, 0.009562967345118523, -0.06888406723737717, -1.5264892578125], [0.0, 0.0, 0.0, 1.0]], [[-0.8308863043785095, -0.5557053685188293, 0.028627824038267136, 0.92578125], [-0.06352236121892929, 0.04361511394381523, -0.9970268607139587, 1.4953842163085938], [0.5528045296669006, -0.8302344679832458, -0.07153891772031784, -1.176025390625], [0.0, 0.0, 0.0, 1.0]], [[0.9459853172302246, 0.32069385051727295, -0.047616906464099884, -1.140869140625], [-0.05484836548566818, 0.013548442162573338, -0.9984027147293091, 1.5884819030761719], [-0.3195364475250244, 0.947085976600647, 0.0304061621427536, -0.104248046875], [0.0, 0.0, 0.0, 1.0]], [[0.0012590388068929315, 0.9997256994247437, 0.023387931287288666, 0.0020751953125], [-0.08019960671663284, 0.023413557559251785, -0.9965038299560547, 1.5754890441894531], [-0.9967780113220215, -0.0006210862193256617, 0.08020708709955215, -0.0460205078125], [0.0, 0.0, 0.0, 1.0]], [[-0.9340706467628479, 0.35230231285095215, 0.05826832354068756, 1.048583984375], [-0.04765147715806961, 0.03874087333679199, -0.9981124401092529, 1.5469589233398438], [-0.3538947105407715, -0.9350841045379639, -0.01939898543059826, -0.0955810546875], [0.0, 0.0, 0.0, 1.0]]], "view": [[0.0, -2.0, 100.0], [-2.0, 0.0, 100.0], [0.0, 0.0, 1.0]], "bev": "bev_bdc04a75158c498fa3a373a538ee894b.png", "aux": "aux_bdc04a75158c498fa3a373a538ee894b.npz", "visibility": "visibility_bdc04a75158c498fa3a373a538ee894b.png", "pose": [[0.8869715332984924, 0.46182408928871155, 0.0, 605.9146728515625], [-0.46182408928871155, 0.8869715332984924, 0.0, 1661.9923095703125], [0.0, 0.0, 1.0, 0.0], [0.0, 0.0, 0.0, 1.0]], "pose_inverse": [[0.8869715332984924, -0.46182408928871155, 0.0, 230.11903381347656], [0.46182408928871155, 0.8869715332984924, 0.0, -1753.9658203125], [0.0, 0.0, 1.0, 0.0], [0.0, 0.0, 0.0, 1.0]], "cam_ids": [0, 1, 2, 3, 4, 5], "cam_channels": ["CAM_FRONT_LEFT", "CAM_FRONT", "CAM_FRONT_RIGHT", "CAM_BACK_LEFT", "CAM_BACK", "CAM_BACK_RIGHT"], "token": "bdc04a75158c498fa3a373a538ee894b", "scene": "scene-0424"}, {"images": ["samples/CAM_FRONT_LEFT/n015-2018-10-08-15-52-24+0800__CAM_FRONT_LEFT__1538985232254844.jpg", "samples/CAM_FRONT/n015-2018-10-08-15-52-24+0800__CAM_FRONT__1538985232262643.jpg", "samples/CAM_FRONT_RIGHT/n015-2018-10-08-15-52-24+0800__CAM_FRONT_RIGHT__1538985232270339.jpg", "samples/CAM_BACK_LEFT/n015-2018-10-08-15-52-24+0800__CAM_BACK_LEFT__1538985232297423.jpg", "samples/CAM_BACK/n015-2018-10-08-15-52-24+0800__CAM_BACK__1538985232287525.jpg", "samples/CAM_BACK_RIGHT/n015-2018-10-08-15-52-24+0800__CAM_BACK_RIGHT__1538985232277893.jpg"], "intrinsics": [[[1272.5979470598488, 0.0, 826.6154927353808], [0.0, 1272.5979470598488, 479.75165386361925], [0.0, 0.0, 1.0]], [[1266.417203046554, 0.0, 816.2670197447984], [0.0, 1266.417203046554, 491.50706579294757], [0.0, 0.0, 1.0]], [[1260.8474446004698, 0.0, 807.968244525554], [0.0, 1260.8474446004698, 495.3344268742088], [0.0, 0.0, 1.0]], [[1256.7414812095406, 0.0, 792.1125740759628], [0.0, 1256.7414812095406, 492.7757465151356], [0.0, 0.0, 1.0]], [[809.2209905677063, 0.0, 829.2196003259838], [0.0, 809.2209905677063, 481.77842384512485], [0.0, 0.0, 1.0]], [[1259.5137405846733, 0.0, 807.2529053838625], [0.0, 1259.5137405846733, 501.19579884916527], [0.0, 0.0, 1.0]]], "extrinsics": [[[0.8202071785926819, -0.5672287940979004, -0.07424083352088928, -0.80859375], [-0.06950980424880981, 0.02999732457101345, -0.9971301555633545, 1.4950408935546875], [0.5678279399871826, 0.8230138421058655, -0.014823938719928265, -1.17431640625], [0.0, 0.0, 0.0, 1.0]], [[0.008039864711463451, -0.9996126294136047, -0.02664312906563282, 0.0079345703125], [-0.07486524432897568, 0.025967497378587723, -0.9968555569648743, 1.5089225769042969], [0.9971612691879272, 0.01000930741429329, -0.07462745904922485, -1.5382537841796875], [0.0, 0.0, 0.0, 1.0]], [[-0.830501139163971, -0.5559982657432556, 0.03367110714316368, 0.9329833984375], [-0.06936563551425934, 0.04325522109866142, -0.9966530799865723, 1.4952392578125], [0.5526809692382812, -0.8300571441650391, -0.07449068129062653, -1.1810302734375], [0.0, 0.0, 0.0, 1.0]], [[0.9455776810646057, 0.3209635317325592, -0.053527455776929855, -1.13427734375], [-0.06096528843045235, 0.013160944916307926, -0.9980530738830566, 1.5880584716796875], [-0.3196341395378113, 0.9470000863075256, 0.03201233223080635, -0.1060791015625], [0.0, 0.0, 0.0, 1.0]], [[0.0011613148963078856, 0.9997348189353943, 0.023000923916697502, 0.002685546875], [-0.08622525632381439, 0.02301538735628128, -0.9960097670555115, 1.5752983093261719], [-0.996275007724762, -0.0008265285869129002, 0.0862291157245636, -0.044952392578125], [0.0, 0.0, 0.0, 1.0]], [[-0.9337990880012512, 0.35208556056022644, 0.06367838382720947, 1.0548095703125], [-0.0535825677216053, 0.03835608810186386, -0.9978265166282654, 1.5467529296875], [-0.3537627160549164, -0.9351816773414612, -0.016951236873865128, -0.093505859375], [0.0, 0.0, 0.0, 1.0]]], "view": [[0.0, -2.0, 100.0], [-2.0, 0.0, 100.0], [0.0, 0.0, 1.0]], "bev": "bev_c0559aa452fc4bb4b9f88da77da4e973.png", "aux": "aux_c0559aa452fc4bb4b9f88da77da4e973.npz", "visibility": "visibility_c0559aa452fc4bb4b9f88da77da4e973.png", "pose": [[0.8760951161384583, 0.48213833570480347, 0.0, 607.8936157226562], [-0.48213833570480347, 0.8760951161384583, 0.0, 1660.9034423828125], [0.0, 0.0, 1.0, 0.0], [0.0, 0.0, 0.0, 1.0]], "pose_inverse": [[0.8760951161384583, -0.48213833570480347, 0.0, 268.2126159667969], [0.48213833570480347, 0.8760951161384583, 0.0, -1748.1982421875], [0.0, 0.0, 1.0, 0.0], [0.0, 0.0, 0.0, 1.0]], "cam_ids": [0, 1, 2, 3, 4, 5], "cam_channels": ["CAM_FRONT_LEFT", "CAM_FRONT", "CAM_FRONT_RIGHT", "CAM_BACK_LEFT", "CAM_BACK", "CAM_BACK_RIGHT"], "token": "c0559aa452fc4bb4b9f88da77da4e973", "scene": "scene-0424"}, {"images": ["samples/CAM_FRONT_LEFT/n015-2018-10-08-15-52-24+0800__CAM_FRONT_LEFT__1538985232754844.jpg", "samples/CAM_FRONT/n015-2018-10-08-15-52-24+0800__CAM_FRONT__1538985232762460.jpg", "samples/CAM_FRONT_RIGHT/n015-2018-10-08-15-52-24+0800__CAM_FRONT_RIGHT__1538985232770339.jpg", "samples/CAM_BACK_LEFT/n015-2018-10-08-15-52-24+0800__CAM_BACK_LEFT__1538985232797423.jpg", "samples/CAM_BACK/n015-2018-10-08-15-52-24+0800__CAM_BACK__1538985232787525.jpg", "samples/CAM_BACK_RIGHT/n015-2018-10-08-15-52-24+0800__CAM_BACK_RIGHT__1538985232777893.jpg"], "intrinsics": [[[1272.5979470598488, 0.0, 826.6154927353808], [0.0, 1272.5979470598488, 479.75165386361925], [0.0, 0.0, 1.0]], [[1266.417203046554, 0.0, 816.2670197447984], [0.0, 1266.417203046554, 491.50706579294757], [0.0, 0.0, 1.0]], [[1260.8474446004698, 0.0, 807.968244525554], [0.0, 1260.8474446004698, 495.3344268742088], [0.0, 0.0, 1.0]], [[1256.7414812095406, 0.0, 792.1125740759628], [0.0, 1256.7414812095406, 492.7757465151356], [0.0, 0.0, 1.0]], [[809.2209905677063, 0.0, 829.2196003259838], [0.0, 809.2209905677063, 481.77842384512485], [0.0, 0.0, 1.0]], [[1259.5137405846733, 0.0, 807.2529053838625], [0.0, 1259.5137405846733, 501.19579884916527], [0.0, 0.0, 1.0]]], "extrinsics": [[[0.8198164105415344, -0.5678853988647461, -0.07353378087282181, -0.842041015625], [-0.07051179558038712, 0.027323292568325996, -0.997136652469635, 1.49774169921875], [0.5682684779167175, 0.8226540088653564, -0.017642533406615257, -1.1990966796875], [0.0, 0.0, 0.0, 1.0]], [[0.007582576479762793, -0.9996886253356934, -0.023772824555635452, 0.008544921875], [-0.07580269873142242, 0.023130467161536217, -0.9968545436859131, 1.5112876892089844], [0.9970940351486206, 0.009360775351524353, -0.07560370862483978, -1.571502685546875], [0.0, 0.0, 0.0, 1.0]], [[-0.8306463956832886, -0.5556291937828064, 0.036095935851335526, 0.9554443359375], [-0.07023084163665771, 0.04024174436926842, -0.99671870470047, 1.4969711303710938], [0.5523533821105957, -0.8304557800292969, -0.07244895398616791, -1.1949462890625], [0.0, 0.0, 0.0, 1.0]], [[0.945503294467926, 0.32091259956359863, -0.05512402579188347, -1.1409912109375], [-0.06150323152542114, 0.009767379611730576, -0.9980590343475342, 1.588470458984375], [-0.3197512924671173, 0.9470584988594055, 0.02897225134074688, -0.104248046875], [0.0, 0.0, 0.0, 1.0]], [[0.0012089002411812544, 0.999805212020874, 0.01970020867884159, 0.001953125], [-0.08687905222177505, 0.019730741158127785, -0.9960234761238098, 1.5763206481933594], [-0.9962180852890015, -0.0005074217333458364, 0.0868859812617302, -0.03277587890625], [0.0, 0.0, 0.0, 1.0]], [[-0.933679461479187, 0.35247111320495605, 0.06329859048128128, 1.072509765625], [-0.05436013638973236, 0.03521067649126053, -0.9979003667831421, 1.5477218627929688], [-0.3539598286151886, -0.9351600408554077, -0.013715110719203949, -0.0860595703125], [0.0, 0.0, 0.0, 1.0]]], "view": [[0.0, -2.0, 100.0], [-2.0, 0.0, 100.0], [0.0, 0.0, 1.0]], "bev": "bev_b0cf75edd3f74328833b7bbc7b8f9c79.png", "aux": "aux_b0cf75edd3f74328833b7bbc7b8f9c79.npz", "visibility": "visibility_b0cf75edd3f74328833b7bbc7b8f9c79.png", "pose": [[0.8664944171905518, 0.49918678402900696, 0.0, 609.4212036132812], [-0.49918678402900696, 0.8664944171905518, 0.0, 1660.0040283203125], [0.0, 0.0, 1.0, 0.0], [0.0, 0.0, 0.0, 1.0]], "pose_inverse": [[0.8664944171905518, -0.49918678402900696, 0.0, 300.5920104980469], [0.49918678402900696, 0.8664944171905518, 0.0, -1742.5992431640625], [0.0, 0.0, 1.0, 0.0], [0.0, 0.0, 0.0, 1.0]], "cam_ids": [0, 1, 2, 3, 4, 5], "cam_channels": ["CAM_FRONT_LEFT", "CAM_FRONT", "CAM_FRONT_RIGHT", "CAM_BACK_LEFT", "CAM_BACK", "CAM_BACK_RIGHT"], "token": "b0cf75edd3f74328833b7bbc7b8f9c79", "scene": "scene-0424"}, {"images": ["samples/CAM_FRONT_LEFT/n015-2018-10-08-15-52-24+0800__CAM_FRONT_LEFT__1538985233254844.jpg", "samples/CAM_FRONT/n015-2018-10-08-15-52-24+0800__CAM_FRONT__1538985233262460.jpg", "samples/CAM_FRONT_RIGHT/n015-2018-10-08-15-52-24+0800__CAM_FRONT_RIGHT__1538985233270339.jpg", "samples/CAM_BACK_LEFT/n015-2018-10-08-15-52-24+0800__CAM_BACK_LEFT__1538985233297423.jpg", "samples/CAM_BACK/n015-2018-10-08-15-52-24+0800__CAM_BACK__1538985233287525.jpg", "samples/CAM_BACK_RIGHT/n015-2018-10-08-15-52-24+0800__CAM_BACK_RIGHT__1538985233277893.jpg"], "intrinsics": [[[1272.5979470598488, 0.0, 826.6154927353808], [0.0, 1272.5979470598488, 479.75165386361925], [0.0, 0.0, 1.0]], [[1266.417203046554, 0.0, 816.2670197447984], [0.0, 1266.417203046554, 491.50706579294757], [0.0, 0.0, 1.0]], [[1260.8474446004698, 0.0, 807.968244525554], [0.0, 1260.8474446004698, 495.3344268742088], [0.0, 0.0, 1.0]], [[1256.7414812095406, 0.0, 792.1125740759628], [0.0, 1256.7414812095406, 492.7757465151356], [0.0, 0.0, 1.0]], [[809.2209905677063, 0.0, 829.2196003259838], [0.0, 809.2209905677063, 481.77842384512485], [0.0, 0.0, 1.0]], [[1259.5137405846733, 0.0, 807.2529053838625], [0.0, 1259.5137405846733, 501.19579884916527], [0.0, 0.0, 1.0]]], "extrinsics": [[[0.819491982460022, -0.5687972903251648, -0.07001699507236481, -0.8609619140625], [-0.06539452821016312, 0.02856585383415222, -0.9974505305290222, 1.4999465942382812], [0.5693472623825073, 0.8219814896583557, -0.013786746188998222, -1.208740234375], [0.0, 0.0, 0.0, 1.0]], [[0.006653081625699997, -0.9996649026870728, -0.02501596510410309, 0.00634765625], [-0.07049399614334106, 0.02448541671037674, -0.9972116947174072, 1.5132102966308594], [0.9974899888038635, 0.008398015052080154, -0.07030747085809708, -1.5888671875], [0.0, 0.0, 0.0, 1.0]], [[-0.8313309550285339, -0.5549275875091553, 0.03072451427578926, 0.96575927734375], [-0.06468813866376877, 0.0417061410844326, -0.9970335960388184, 1.4984359741210938], [0.552000105381012, -0.8308525085449219, -0.07056884467601776, -1.2039794921875], [0.0, 0.0, 0.0, 1.0]], [[0.9459987878799438, 0.3204916715621948, -0.048695046454668045, -1.1416015625], [-0.055318210273981094, 0.01158767007291317, -0.9984015226364136, 1.5885200500488281], [-0.3194151222705841, 0.9471803903579712, 0.028690950945019722, -0.1038818359375], [0.0, 0.0, 0.0, 1.0]], [[0.0017046474386006594, 0.9997707009315491, 0.021349236369132996, 0.0028076171875], [-0.0809456929564476, 0.02141715958714485, -0.9964883923530579, 1.5769691467285156], [-0.996717095375061, -2.9483315302059054e-05, 0.0809636265039444, -0.027496337890625], [0.0, 0.0, 0.0, 1.0]], [[-0.9337636232376099, 0.353077232837677, 0.05849699303507805, 1.0821533203125], [-0.04863471910357475, 0.036747995764017105, -0.9981404542922974, 1.5486297607421875], [-0.35457032918930054, -0.9348722100257874, -0.017142128199338913, -0.0838623046875], [0.0, 0.0, 0.0, 1.0]]], "view": [[0.0, -2.0, 100.0], [-2.0, 0.0, 100.0], [0.0, 0.0, 1.0]], "bev": "bev_de31140f727342169702a430d0c4cfa2.png", "aux": "aux_de31140f727342169702a430d0c4cfa2.npz", "visibility": "visibility_de31140f727342169702a430d0c4cfa2.png", "pose": [[0.8598417043685913, 0.5105606913566589, 0.0, 610.7916259765625], [-0.5105606913566589, 0.8598417043685913, 0.0, 1659.178955078125], [0.0, 0.0, 1.0, 0.0], [0.0, 0.0, 0.0, 1.0]], "pose_inverse": [[0.8598417043685913, -0.5105606913566589, 0.0, 321.92742919921875], [0.5105606913566589, 0.8598417043685913, 0.0, -1738.4775390625], [0.0, 0.0, 1.0, 0.0], [0.0, 0.0, 0.0, 1.0]], "cam_ids": [0, 1, 2, 3, 4, 5], "cam_channels": ["CAM_FRONT_LEFT", "CAM_FRONT", "CAM_FRONT_RIGHT", "CAM_BACK_LEFT", "CAM_BACK", "CAM_BACK_RIGHT"], "token": "de31140f727342169702a430d0c4cfa2", "scene": "scene-0424"}, {"images": ["samples/CAM_FRONT_LEFT/n015-2018-10-08-15-52-24+0800__CAM_FRONT_LEFT__1538985233754844.jpg", "samples/CAM_FRONT/n015-2018-10-08-15-52-24+0800__CAM_FRONT__1538985233762460.jpg", "samples/CAM_FRONT_RIGHT/n015-2018-10-08-15-52-24+0800__CAM_FRONT_RIGHT__1538985233770339.jpg", "samples/CAM_BACK_LEFT/n015-2018-10-08-15-52-24+0800__CAM_BACK_LEFT__1538985233797423.jpg", "samples/CAM_BACK/n015-2018-10-08-15-52-24+0800__CAM_BACK__1538985233787525.jpg", "samples/CAM_BACK_RIGHT/n015-2018-10-08-15-52-24+0800__CAM_BACK_RIGHT__1538985233777893.jpg"], "intrinsics": [[[1272.5979470598488, 0.0, 826.6154927353808], [0.0, 1272.5979470598488, 479.75165386361925], [0.0, 0.0, 1.0]], [[1266.417203046554, 0.0, 816.2670197447984], [0.0, 1266.417203046554, 491.50706579294757], [0.0, 0.0, 1.0]], [[1260.8474446004698, 0.0, 807.968244525554], [0.0, 1260.8474446004698, 495.3344268742088], [0.0, 0.0, 1.0]], [[1256.7414812095406, 0.0, 792.1125740759628], [0.0, 1256.7414812095406, 492.7757465151356], [0.0, 0.0, 1.0]], [[809.2209905677063, 0.0, 829.2196003259838], [0.0, 809.2209905677063, 481.77842384512485], [0.0, 0.0, 1.0]], [[1259.5137405846733, 0.0, 807.2529053838625], [0.0, 1259.5137405846733, 501.19579884916527], [0.0, 0.0, 1.0]]], "extrinsics": [[[0.8197580575942993, -0.569077730178833, -0.06439922749996185, -0.8746337890625], [-0.05669097229838371, 0.03126329928636551, -0.9979021549224854, 1.5020065307617188], [0.5698971748352051, 0.8216891884803772, -0.006633230019360781, -1.2191162109375], [0.0, 0.0, 0.0, 1.0]], [[0.006333033554255962, -0.9995980858802795, -0.027628475800156593, 0.0068359375], [-0.061981409788131714, 0.027183519676327705, -0.9977070689201355, 1.5149383544921875], [0.9980571866035461, 0.008030924946069717, -0.06178434565663338, -1.602783203125], [0.0, 0.0, 0.0, 1.0]], [[-0.8318415284156799, -0.5545641779899597, 0.022315312176942825, 0.97509765625], [-0.056355878710746765, 0.04439767077565193, -0.9974231123924255, 1.49969482421875], [0.5521444082260132, -0.8309556245803833, -0.06818478554487228, -1.2095947265625], [0.0, 0.0, 0.0, 1.0]], [[0.9463991522789001, 0.32045602798461914, -0.04045423865318298, -1.1456756591796875], [-0.04751412943005562, 0.014238746836781502, -0.9987690448760986, 1.5887336730957031], [-0.3194855749607086, 0.9471563696861267, 0.028701726347208023, -0.1025390625], [0.0, 0.0, 0.0, 1.0]], [[0.0019018929451704025, 0.9997090697288513, 0.024042539298534393, 0.0025634765625], [-0.07298000156879425, 0.024117229506373405, -0.9970418214797974, 1.577606201171875], [-0.9973315596580505, 0.00014165823813527822, 0.07300464063882828, -0.021881103515625], [0.0, 0.0, 0.0, 1.0]], [[-0.9340371489524841, 0.3533976078033447, 0.05181405320763588, 1.08935546875], [-0.040459878742694855, 0.03944630175828934, -0.9984022378921509, 1.5494003295898438], [-0.35487687587738037, -0.9346412420272827, -0.022545889019966125, -0.080810546875], [0.0, 0.0, 0.0, 1.0]]], "view": [[0.0, -2.0, 100.0], [-2.0, 0.0, 100.0], [0.0, 0.0, 1.0]], "bev": "bev_eb074a4a1a8b4d45ad8d73622ba9f1c3.png", "aux": "aux_eb074a4a1a8b4d45ad8d73622ba9f1c3.npz", "visibility": "visibility_eb074a4a1a8b4d45ad8d73622ba9f1c3.png", "pose": [[0.8551164269447327, 0.5184359550476074, 0.0, 611.9224853515625], [-0.5184359550476074, 0.8551164269447327, 0.0, 1658.4803466796875], [0.0, 0.0, 1.0, 0.0], [0.0, 0.0, 0.0, 1.0]], "pose_inverse": [[0.8551164269447327, -0.5184359550476074, 0.0, 336.5509033203125], [0.5184359550476074, 0.8551164269447327, 0.0, -1735.4364013671875], [0.0, 0.0, 1.0, 0.0], [0.0, 0.0, 0.0, 1.0]], "cam_ids": [0, 1, 2, 3, 4, 5], "cam_channels": ["CAM_FRONT_LEFT", "CAM_FRONT", "CAM_FRONT_RIGHT", "CAM_BACK_LEFT", "CAM_BACK", "CAM_BACK_RIGHT"], "token": "eb074a4a1a8b4d45ad8d73622ba9f1c3", "scene": "scene-0424"}, {"images": ["samples/CAM_FRONT_LEFT/n015-2018-10-08-15-52-24+0800__CAM_FRONT_LEFT__1538985234254844.jpg", "samples/CAM_FRONT/n015-2018-10-08-15-52-24+0800__CAM_FRONT__1538985234262460.jpg", "samples/CAM_FRONT_RIGHT/n015-2018-10-08-15-52-24+0800__CAM_FRONT_RIGHT__1538985234270339.jpg", "samples/CAM_BACK_LEFT/n015-2018-10-08-15-52-24+0800__CAM_BACK_LEFT__1538985234297423.jpg", "samples/CAM_BACK/n015-2018-10-08-15-52-24+0800__CAM_BACK__1538985234287525.jpg", "samples/CAM_BACK_RIGHT/n015-2018-10-08-15-52-24+0800__CAM_BACK_RIGHT__1538985234277893.jpg"], "intrinsics": [[[1272.5979470598488, 0.0, 826.6154927353808], [0.0, 1272.5979470598488, 479.75165386361925], [0.0, 0.0, 1.0]], [[1266.417203046554, 0.0, 816.2670197447984], [0.0, 1266.417203046554, 491.50706579294757], [0.0, 0.0, 1.0]], [[1260.8474446004698, 0.0, 807.968244525554], [0.0, 1260.8474446004698, 495.3344268742088], [0.0, 0.0, 1.0]], [[1256.7414812095406, 0.0, 792.1125740759628], [0.0, 1256.7414812095406, 492.7757465151356], [0.0, 0.0, 1.0]], [[809.2209905677063, 0.0, 829.2196003259838], [0.0, 809.2209905677063, 481.77842384512485], [0.0, 0.0, 1.0]], [[1259.5137405846733, 0.0, 807.2529053838625], [0.0, 1259.5137405846733, 501.19579884916527], [0.0, 0.0, 1.0]]], "extrinsics": [[[0.8197484016418457, -0.5706101655960083, -0.04915905371308327, -0.8651123046875], [-0.0362531878054142, 0.0339634008705616, -0.9987653493881226, 1.5038070678710938], [0.5715752243995667, 0.820518434047699, 0.007155006751418114, -1.2137451171875], [0.0, 0.0, 0.0, 1.0]], [[0.005070078186690807, -0.9995367527008057, -0.03000928834080696, 0.0074462890625], [-0.04124462231993675, 0.029775120317935944, -0.9987053275108337, 1.5163841247558594], [0.999136209487915, 0.006301213055849075, -0.04107454791665077, -1.593231201171875], [0.0, 0.0, 0.0, 1.0]], [[-0.8330313563346863, -0.5532146096229553, 0.0035165310837328434, 0.9688720703125], [-0.03531564027070999, 0.04683274030685425, -0.9982782602310181, 1.5008468627929688], [0.552097499370575, -0.831721305847168, -0.05855027213692665, -1.204833984375], [0.0, 0.0, 0.0, 1.0]], [[0.9473674297332764, 0.31956571340560913, -0.019308369606733322, -1.1402740478515625], [-0.02572385035455227, 0.015866491943597794, -0.9995431900024414, 1.5884895324707031], [-0.3191133737564087, 0.9474312663078308, 0.023251857608556747, -0.104736328125], [0.0, 0.0, 0.0, 1.0]], [[0.002587889553979039, 0.9996582269668579, 0.026016727089881897, 0.0020751953125], [-0.05145345255732536, 0.026115460321307182, -0.9983338713645935, 1.5778121948242188], [-0.9986720681190491, 0.0012449267087504268, 0.051503442227840424, -0.027679443359375], [0.0, 0.0, 0.0, 1.0]], [[-0.934418261051178, 0.3546704053878784, 0.03273392468690872, 1.083251953125], [-0.019173074513673782, 0.041683174669742584, -0.9989469051361084, 1.5503311157226562], [-0.3556612730026245, -0.9340618252754211, -0.03214940056204796, -0.0826416015625], [0.0, 0.0, 0.0, 1.0]]], "view": [[0.0, -2.0, 100.0], [-2.0, 0.0, 100.0], [0.0, 0.0, 1.0]], "bev": "bev_4e72f629717a491ea384173a717b026a.png", "aux": "aux_4e72f629717a491ea384173a717b026a.npz", "visibility": "visibility_4e72f629717a491ea384173a717b026a.png", "pose": [[0.8556574583053589, 0.5175426006317139, 0.0, 613.1073608398438], [-0.5175426006317139, 0.8556574583053589, 0.0, 1657.73193359375], [0.0, 0.0, 1.0, 0.0], [0.0, 0.0, 0.0, 1.0]], "pose_inverse": [[0.8556574583053589, -0.5175426006317139, 0.0, 333.3370056152344], [0.5175426006317139, 0.8556574583053589, 0.0, -1735.7598876953125], [0.0, 0.0, 1.0, 0.0], [0.0, 0.0, 0.0, 1.0]], "cam_ids": [0, 1, 2, 3, 4, 5], "cam_channels": ["CAM_FRONT_LEFT", "CAM_FRONT", "CAM_FRONT_RIGHT", "CAM_BACK_LEFT", "CAM_BACK", "CAM_BACK_RIGHT"], "token": "4e72f629717a491ea384173a717b026a", "scene": "scene-0424"}, {"images": ["samples/CAM_FRONT_LEFT/n015-2018-10-08-15-52-24+0800__CAM_FRONT_LEFT__1538985234754844.jpg", "samples/CAM_FRONT/n015-2018-10-08-15-52-24+0800__CAM_FRONT__1538985234762460.jpg", "samples/CAM_FRONT_RIGHT/n015-2018-10-08-15-52-24+0800__CAM_FRONT_RIGHT__1538985234770339.jpg", "samples/CAM_BACK_LEFT/n015-2018-10-08-15-52-24+0800__CAM_BACK_LEFT__1538985234797423.jpg", "samples/CAM_BACK/n015-2018-10-08-15-52-24+0800__CAM_BACK__1538985234787525.jpg", "samples/CAM_BACK_RIGHT/n015-2018-10-08-15-52-24+0800__CAM_BACK_RIGHT__1538985234777893.jpg"], "intrinsics": [[[1272.5979470598488, 0.0, 826.6154927353808], [0.0, 1272.5979470598488, 479.75165386361925], [0.0, 0.0, 1.0]], [[1266.417203046554, 0.0, 816.2670197447984], [0.0, 1266.417203046554, 491.50706579294757], [0.0, 0.0, 1.0]], [[1260.8474446004698, 0.0, 807.968244525554], [0.0, 1260.8474446004698, 495.3344268742088], [0.0, 0.0, 1.0]], [[1256.7414812095406, 0.0, 792.1125740759628], [0.0, 1256.7414812095406, 492.7757465151356], [0.0, 0.0, 1.0]], [[809.2209905677063, 0.0, 829.2196003259838], [0.0, 809.2209905677063, 481.77842384512485], [0.0, 0.0, 1.0]], [[1259.5137405846733, 0.0, 807.2529053838625], [0.0, 1259.5137405846733, 501.19579884916527], [0.0, 0.0, 1.0]]], "extrinsics": [[[0.8200874924659729, -0.5707293152809143, -0.04152797535061836, -0.83837890625], [-0.030139364302158356, 0.029390903189778328, -0.9991135001182556, 1.5035820007324219], [0.5714438557624817, 0.8206121325492859, 0.006901692133396864, -1.1937255859375], [0.0, 0.0, 0.0, 1.0]], [[0.005333171226084232, -0.9996556043624878, -0.0256926529109478, 0.0069580078125], [-0.03591359406709671, 0.025484973564743996, -0.9990299344062805, 1.5159721374511719], [0.9993405938148499, 0.006250657141208649, -0.03576531261205673, -1.566375732421875], [0.0, 0.0, 0.0, 1.0]], [[-0.8329929113388062, -0.553280234336853, 0.0019490630365908146, 0.95123291015625], [-0.030800888314843178, 0.04285455122590065, -0.9986063838005066, 1.5006027221679688], [0.5524256825447083, -0.8318921327590942, -0.05273905768990517, -1.1939697265625], [0.0, 0.0, 0.0, 1.0]], [[0.9474225044250488, 0.31943851709365845, -0.018696177750825882, -1.14111328125], [-0.02407088689506054, 0.012885400094091892, -0.9996271729469299, 1.5885295867919922], [-0.3190785050392151, 0.9475194215774536, 0.019897086545825005, -0.1041259765625], [0.0, 0.0, 0.0, 1.0]], [[0.0025077355094254017, 0.9997396469116211, 0.022678513079881668, 0.00244140625], [-0.04875199496746063, 0.02277384139597416, -0.9985512495040894, 1.5775833129882812], [-0.9988077878952026, 0.0013984250836074352, 0.048796411603689194, -0.034332275390625], [0.0, 0.0, 0.0, 1.0]], [[-0.9345564246177673, 0.35471662878990173, 0.02793750911951065, 1.07000732421875], [-0.015451782383024693, 0.037983689457178116, -0.9991589188575745, 1.5503387451171875], [-0.3554794192314148, -0.9342020153999329, -0.03001689538359642, -0.0880126953125], [0.0, 0.0, 0.0, 1.0]]], "view": [[0.0, -2.0, 100.0], [-2.0, 0.0, 100.0], [0.0, 0.0, 1.0]], "bev": "bev_ac8e460323b7472d9329401993b6042d.png", "aux": "aux_ac8e460323b7472d9329401993b6042d.npz", "visibility": "visibility_ac8e460323b7472d9329401993b6042d.png", "pose": [[0.8575189709663391, 0.514452338218689, 0.0, 614.5135498046875], [-0.514452338218689, 0.8575189709663391, 0.0, 1656.85986328125], [0.0, 0.0, 1.0, 0.0], [0.0, 0.0, 0.0, 1.0]], "pose_inverse": [[0.8575189709663391, -0.514452338218689, 0.0, 325.4183654785156], [0.514452338218689, 0.8575189709663391, 0.0, -1736.9267578125], [0.0, 0.0, 1.0, 0.0], [0.0, 0.0, 0.0, 1.0]], "cam_ids": [0, 1, 2, 3, 4, 5], "cam_channels": ["CAM_FRONT_LEFT", "CAM_FRONT", "CAM_FRONT_RIGHT", "CAM_BACK_LEFT", "CAM_BACK", "CAM_BACK_RIGHT"], "token": "ac8e460323b7472d9329401993b6042d", "scene": "scene-0424"}, {"images": ["samples/CAM_FRONT_LEFT/n015-2018-10-08-15-52-24+0800__CAM_FRONT_LEFT__1538985235254844.jpg", "samples/CAM_FRONT/n015-2018-10-08-15-52-24+0800__CAM_FRONT__1538985235262460.jpg", "samples/CAM_FRONT_RIGHT/n015-2018-10-08-15-52-24+0800__CAM_FRONT_RIGHT__1538985235270339.jpg", "samples/CAM_BACK_LEFT/n015-2018-10-08-15-52-24+0800__CAM_BACK_LEFT__1538985235297423.jpg", "samples/CAM_BACK/n015-2018-10-08-15-52-24+0800__CAM_BACK__1538985235287525.jpg", "samples/CAM_BACK_RIGHT/n015-2018-10-08-15-52-24+0800__CAM_BACK_RIGHT__1538985235277893.jpg"], "intrinsics": [[[1272.5979470598488, 0.0, 826.6154927353808], [0.0, 1272.5979470598488, 479.75165386361925], [0.0, 0.0, 1.0]], [[1266.417203046554, 0.0, 816.2670197447984], [0.0, 1266.417203046554, 491.50706579294757], [0.0, 0.0, 1.0]], [[1260.8474446004698, 0.0, 807.968244525554], [0.0, 1260.8474446004698, 495.3344268742088], [0.0, 0.0, 1.0]], [[1256.7414812095406, 0.0, 792.1125740759628], [0.0, 1256.7414812095406, 492.7757465151356], [0.0, 0.0, 1.0]], [[809.2209905677063, 0.0, 829.2196003259838], [0.0, 809.2209905677063, 481.77842384512485], [0.0, 0.0, 1.0]], [[1259.5137405846733, 0.0, 807.2529053838625], [0.0, 1259.5137405846733, 501.19579884916527], [0.0, 0.0, 1.0]]], "extrinsics": [[[0.8185953497886658, -0.5696612000465393, -0.07340165227651596, -0.822998046875], [-0.06913729012012482, 0.02913890965282917, -0.9971814751625061, 1.4962692260742188], [0.5701944231987, 0.8213629126548767, -0.015531855635344982, -1.1826171875], [0.0, 0.0, 0.0, 1.0]], [[0.005716350860893726, -0.9996573328971863, -0.025546032935380936, 0.00634765625], [-0.07496067881584167, 0.025046205148100853, -0.9968718886375427, 1.5098800659179688], [0.997170090675354, 0.007613454945385456, -0.0747918114066124, -1.55072021484375], [0.0, 0.0, 0.0, 1.0]], [[-0.8314656019210815, -0.5544834733009338, 0.034825511276721954, 0.9412841796875], [-0.06992395222187042, 0.04225604981184006, -0.9966569542884827, 1.4959335327148438], [0.5511583089828491, -0.8311212062835693, -0.07390613853931427, -1.187744140625], [0.0, 0.0, 0.0, 1.0]], [[0.9454491138458252, 0.32089897990226746, -0.0561247281730175, -1.1426544189453125], [-0.06330253183841705, 0.011970056220889091, -0.9979225397109985, 1.5885848999023438], [-0.3195604979991913, 0.9470378160476685, 0.03163079172372818, -0.1033935546875], [0.0, 0.0, 0.0, 1.0]], [[0.0018160471227020025, 0.9997599720954895, 0.021839696913957596, 0.0028076171875], [-0.08790115267038345, 0.021914785727858543, -0.9958881139755249, 1.5758438110351562], [-0.9961275458335876, -0.00011120380804641172,