[{"images": ["samples/CAM_FRONT_LEFT/n008-2018-09-18-15-26-58-0400__CAM_FRONT_LEFT__1537299220354799.jpg", "samples/CAM_FRONT/n008-2018-09-18-15-26-58-0400__CAM_FRONT__1537299220362404.jpg", "samples/CAM_FRONT_RIGHT/n008-2018-09-18-15-26-58-0400__CAM_FRONT_RIGHT__1537299220370482.jpg", "samples/CAM_BACK_LEFT/n008-2018-09-18-15-26-58-0400__CAM_BACK_LEFT__1537299220397405.jpg", "samples/CAM_BACK/n008-2018-09-18-15-26-58-0400__CAM_BACK__1537299220387558.jpg", "samples/CAM_BACK_RIGHT/n008-2018-09-18-15-26-58-0400__CAM_BACK_RIGHT__1537299220378113.jpg"], "intrinsics": [[[1257.8625342125129, 0.0, 827.2410631095686], [0.0, 1257.8625342125129, 450.915498205774], [0.0, 0.0, 1.0]], [[1252.8131021185304, 0.0, 826.588114781398], [0.0, 1252.8131021185304, 469.9846626224581], [0.0, 0.0, 1.0]], [[1256.7485116440405, 0.0, 817.7887570959712], [0.0, 1256.7485116440403, 451.9541780095127], [0.0, 0.0, 1.0]], [[1254.9860565800168, 0.0, 829.5769333630991], [0.0, 1254.9860565800168, 467.1680561863987], [0.0, 0.0, 1.0]], [[796.8910634503094, 0.0, 857.7774326863696], [0.0, 796.8910634503094, 476.8848988407415], [0.0, 0.0, 1.0]], [[1249.9629280788233, 0.0, 825.3768045375984], [0.0, 1249.9629280788233, 462.54816385708756], [0.0, 0.0, 1.0]]], "extrinsics": [[[0.8236021995544434, -0.566770613193512, -0.0212270338088274, -0.818603515625], [-0.005198345053941011, 0.029881400987505913, -0.9995399117469788, 1.4871330261230469], [0.5671440958976746, 0.8233335614204407, 0.02166411653161049, -1.2042236328125], [0.0, 0.0, 0.0, 1.0]], [[0.011869055218994617, -0.9995960593223572, -0.02582455985248089, 0.00732421875], [-0.003100975649431348, 0.02578946016728878, -0.9996625781059265, 1.4795875549316406], [0.9999247193336487, 0.011945094913244247, -0.002793625695630908, -1.54754638671875], [0.0, 0.0, 0.0, 1.0]], [[-0.8433362245559692, -0.5372175574302673, -0.013459010981023312, 0.96826171875], [0.0050690616481006145, 0.017091676592826843, -0.999841034412384, 1.493804931640625], [0.537362277507782, -0.8432705402374268, -0.011690841987729073, -1.1995849609375], [0.0, 0.0, 0.0, 1.0]], [[0.9477866888046265, 0.3187893033027649, -0.008599687367677689, -1.134033203125], [-0.019859693944454193, 0.03208761662244797, -0.9992877244949341, 1.5618400573730469], [-0.31828638911247253, 0.9472823143005371, 0.03674326837062836, -0.159423828125], [0.0, 0.0, 0.0, 1.0]], [[0.008796926587820053, 0.9996622800827026, 0.02445504255592823, -0.0283203125], [-0.01789236254990101, 0.024609429761767387, -0.9995369911193848, 1.5669975280761719], [-0.9998011589050293, 0.008355260826647282, 0.01810280606150627, -0.01507568359375], [0.0, 0.0, 0.0, 1.0]], [[-0.924095630645752, 0.3819212019443512, 0.013545182533562183, 1.062103271484375], [-0.013847362250089645, 0.00195739371702075, -0.9999021887779236, 1.5463345050811768], [-0.3819102644920349, -0.9241928458213806, 0.0034797817934304476, -0.084228515625], [0.0, 0.0, 0.0, 1.0]]], "view": [[0.0, -2.0, 100.0], [-2.0, 0.0, 100.0], [0.0, 0.0, 1.0]], "bev": "bev_ae3d7a4d63d44736b635af04efea9730.png", "aux": "aux_ae3d7a4d63d44736b635af04efea9730.npz", "visibility": "visibility_ae3d7a4d63d44736b635af04efea9730.png", "pose": [[0.7563936710357666, 0.654116690158844, 0.0, 1754.3272705078125], [-0.654116690158844, 0.7563936710357666, 0.0, 1223.318115234375], [0.0, 0.0, 1.0, 0.0], [0.0, 0.0, 0.0, 1.0]], "pose_inverse": [[0.7563936710357666, -0.654116690158844, 0.0, -526.7692260742188], [0.654116690158844, 0.7563936710357666, 0.0, -2072.8447265625], [0.0, 0.0, 1.0, 0.0], [0.0, 0.0, 0.0, 1.0]], "cam_ids": [0, 1, 2, 3, 4, 5], "cam_channels": ["CAM_FRONT_LEFT", "CAM_FRONT", "CAM_FRONT_RIGHT", "CAM_BACK_LEFT", "CAM_BACK", "CAM_BACK_RIGHT"], "token": "ae3d7a4d63d44736b635af04efea9730", "scene": "scene-0816"}, {"images": ["samples/CAM_FRONT_LEFT/n008-2018-09-18-15-26-58-0400__CAM_FRONT_LEFT__1537299220854799.jpg", "samples/CAM_FRONT/n008-2018-09-18-15-26-58-0400__CAM_FRONT__1537299220862404.jpg", "samples/CAM_FRONT_RIGHT/n008-2018-09-18-15-26-58-0400__CAM_FRONT_RIGHT__1537299220870482.jpg", "samples/CAM_BACK_LEFT/n008-2018-09-18-15-26-58-0400__CAM_BACK_LEFT__1537299220897405.jpg", "samples/CAM_BACK/n008-2018-09-18-15-26-58-0400__CAM_BACK__1537299220887558.jpg", "samples/CAM_BACK_RIGHT/n008-2018-09-18-15-26-58-0400__CAM_BACK_RIGHT__1537299220878113.jpg"], "intrinsics": [[[1257.8625342125129, 0.0, 827.2410631095686], [0.0, 1257.8625342125129, 450.915498205774], [0.0, 0.0, 1.0]], [[1252.8131021185304, 0.0, 826.588114781398], [0.0, 1252.8131021185304, 469.9846626224581], [0.0, 0.0, 1.0]], [[1256.7485116440405, 0.0, 817.7887570959712], [0.0, 1256.7485116440403, 451.9541780095127], [0.0, 0.0, 1.0]], [[1254.9860565800168, 0.0, 829.5769333630991], [0.0, 1254.9860565800168, 467.1680561863987], [0.0, 0.0, 1.0]], [[796.8910634503094, 0.0, 857.7774326863696], [0.0, 796.8910634503094, 476.8848988407415], [0.0, 0.0, 1.0]], [[1249.9629280788233, 0.0, 825.3768045375984], [0.0, 1249.9629280788233, 462.54816385708756], [0.0, 0.0, 1.0]]], "extrinsics": [[[0.8236280679702759, -0.5669975280761719, -0.012279295362532139, -0.841796875], [0.0021544834598898888, 0.024779634550213814, -0.9996906518936157, 1.4887161254882812], [0.5671263337135315, 0.823346734046936, 0.0216307882219553, -1.221435546875], [0.0, 0.0, 0.0, 1.0]], [[0.01179848425090313, -0.999717652797699, -0.02062525786459446, 0.00732421875], [0.004197318106889725, 0.0206760261207819, -0.9997774362564087, 1.4808464050292969], [0.9999215602874756, 0.01170921977609396, 0.004440078046172857, -1.570343017578125], [0.0, 0.0, 0.0, 1.0]], [[-0.8433882594108582, -0.537040650844574, -0.01683906652033329, 0.9815673828125], [0.012330643832683563, 0.011986159719526768, -0.9998521208763123, 1.4946670532226562], [0.5371630787849426, -0.8434712290763855, -0.0034869287628680468, -1.2081298828125], [0.0, 0.0, 0.0, 1.0]], [[0.9478352069854736, 0.31874164938926697, -0.0035119696985930204, -1.1336669921875], [-0.01281594019383192, 0.02709720842540264, -0.9995506405830383, 1.5619049072265625], [-0.3185032308101654, 0.9474542737007141, 0.02976865880191326, -0.1595458984375], [0.0, 0.0, 0.0, 1.0]], [[0.008770603686571121, 0.9997716546058655, 0.019486915320158005, -0.0283203125], [-0.010820329189300537, 0.01958140917122364, -0.9997496604919434, 1.567474365234375], [-0.9999030232429504, 0.008557585068047047, 0.01098959892988205, -0.009613037109375], [0.0, 0.0, 0.0, 1.0]], [[-0.9240766167640686, 0.382175475358963, 0.0049332864582538605, 1.07220458984375], [-0.006627210881561041, -0.0031160986982285976, -0.9999731779098511, 1.5471792221069336], [-0.3821498453617096, -0.9240844249725342, 0.005412272177636623, -0.080078125], [0.0, 0.0, 0.0, 1.0]]], "view": [[0.0, -2.0, 100.0], [-2.0, 0.0, 100.0], [0.0, 0.0, 1.0]], "bev": "bev_f80fc9fabeb642ef84c86f4ed99f6b31.png", "aux": "aux_f80fc9fabeb642ef84c86f4ed99f6b31.npz", "visibility": "visibility_f80fc9fabeb642ef84c86f4ed99f6b31.png", "pose": [[0.7405363321304321, 0.6720163226127625, 0.0, 1756.0609130859375], [-0.6720163226127625, 0.7405363321304321, 0.0, 1221.7816162109375], [0.0, 0.0, 1.0, 0.0], [0.0, 0.0, 0.0, 1.0]], "pose_inverse": [[0.7405363321304321, -0.6720163226127625, 0.0, -479.3697814941406], [0.6720163226127625, 0.7405363321304321, 0.0, -2084.875244140625], [0.0, 0.0, 1.0, 0.0], [0.0, 0.0, 0.0, 1.0]], "cam_ids": [0, 1, 2, 3, 4, 5], "cam_channels": ["CAM_FRONT_LEFT", "CAM_FRONT", "CAM_FRONT_RIGHT", "CAM_BACK_LEFT", "CAM_BACK", "CAM_BACK_RIGHT"], "token": "f80fc9fabeb642ef84c86f4ed99f6b31", "scene": "scene-0816"}, {"images": ["samples/CAM_FRONT_LEFT/n008-2018-09-18-15-26-58-0400__CAM_FRONT_LEFT__1537299221354799.jpg", "samples/CAM_FRONT/n008-2018-09-18-15-26-58-0400__CAM_FRONT__1537299221362404.jpg", "samples/CAM_FRONT_RIGHT/n008-2018-09-18-15-26-58-0400__CAM_FRONT_RIGHT__1537299221370482.jpg", "samples/CAM_BACK_LEFT/n008-2018-09-18-15-26-58-0400__CAM_BACK_LEFT__1537299221397405.jpg", "samples/CAM_BACK/n008-2018-09-18-15-26-58-0400__CAM_BACK__1537299221387558.jpg", "samples/CAM_BACK_RIGHT/n008-2018-09-18-15-26-58-0400__CAM_BACK_RIGHT__1537299221378113.jpg"], "intrinsics": [[[1257.8625342125129, 0.0, 827.2410631095686], [0.0, 1257.8625342125129, 450.915498205774], [0.0, 0.0, 1.0]], [[1252.8131021185304, 0.0, 826.588114781398], [0.0, 1252.8131021185304, 469.9846626224581], [0.0, 0.0, 1.0]], [[1256.7485116440405, 0.0, 817.7887570959712], [0.0, 1256.7485116440403, 451.9541780095127], [0.0, 0.0, 1.0]], [[1254.9860565800168, 0.0, 829.5769333630991], [0.0, 1254.9860565800168, 467.1680561863987], [0.0, 0.0, 1.0]], [[796.8910634503094, 0.0, 857.7774326863696], [0.0, 796.8910634503094, 476.8848988407415], [0.0, 0.0, 1.0]], [[1249.9629280788233, 0.0, 825.3768045375984], [0.0, 1249.9629280788233, 462.54816385708756], [0.0, 0.0, 1.0]]], "extrinsics": [[[0.8238310217857361, -0.5667822957038879, -0.0077683026902377605, -0.8330078125], [0.004512478597462177, 0.020262008532881737, -0.999784529209137, 1.4892654418945312], [0.566817581653595, 0.8236184120178223, 0.019250061362981796, -1.2138671875], [0.0, 0.0, 0.0, 1.0]], [[0.01222554873675108, -0.9997974038124084, -0.0159904845058918, 0.006591796875], [0.006528175435960293, 0.016071144491434097, -0.9998495578765869, 1.4813079833984375], [0.9999039769172668, 0.012119376100599766, 0.006723332684487104, -1.56072998046875], [0.0, 0.0, 0.0, 1.0]], [[-0.8431150317192078, -0.5374889373779297, -0.016208341345191002, 0.97509765625], [0.014555374160408974, 0.007319840602576733, -0.9998672604560852, 1.4950637817382812], [0.5375362038612366, -0.8432390689849854, 0.0016518847551196814, -1.20458984375], [0.0, 0.0, 0.0, 1.0]], [[0.947821855545044, 0.3187839090824127, -0.0032352264970541, -1.1314697265625], [-0.01088352408260107, 0.022213812917470932, -0.9996939897537231, 1.5618972778320312], [-0.31861451268196106, 0.9475671052932739, 0.024524230509996414, -0.160400390625], [0.0, 0.0, 0.0, 1.0]], [[0.008528522215783596, 0.9998554587364197, 0.014710276387631893, -0.028076171875], [-0.008670351468026638, 0.014784198254346848, -0.9998530745506287, 1.5675601959228516], [-0.9999260902404785, 0.008399645797908306, 0.008795184083282948, -0.014068603515625], [0.0, 0.0, 0.0, 1.0]], [[-0.9242110252380371, 0.3818802535533905, 0.001169069204479456, 1.06695556640625], [-0.004503058735281229, -0.007836896926164627, -0.9999591708183289, 1.5473499298095703], [-0.38185542821884155, -0.9241786003112793, 0.008962576277554035, -0.0830078125], [0.0, 0.0, 0.0, 1.0]]], "view": [[0.0, -2.0, 100.0], [-2.0, 0.0, 100.0], [0.0, 0.0, 1.0]], "bev": "bev_20eb54f4a6884d399938c37bd5c902d5.png", "aux": "aux_20eb54f4a6884d399938c37bd5c902d5.npz", "visibility": "visibility_20eb54f4a6884d399938c37bd5c902d5.png", "pose": [[0.723355770111084, 0.6904755234718323, 0.0, 1757.7335205078125], [-0.6904755234718323, 0.723355770111084, 0.0, 1220.212646484375], [0.0, 0.0, 1.0, 0.0], [0.0, 0.0, 0.0, 1.0]], "pose_inverse": [[0.723355770111084, -0.6904755234718323, 0.0, -428.9397277832031], [0.6904755234718323, 0.723355770111084, 0.0, -2096.31982421875], [0.0, 0.0, 1.0, 0.0], [0.0, 0.0, 0.0, 1.0]], "cam_ids": [0, 1, 2, 3, 4, 5], "cam_channels": ["CAM_FRONT_LEFT", "CAM_FRONT", "CAM_FRONT_RIGHT", "CAM_BACK_LEFT", "CAM_BACK", "CAM_BACK_RIGHT"], "token": "20eb54f4a6884d399938c37bd5c902d5", "scene": "scene-0816"}, {"images": ["samples/CAM_FRONT_LEFT/n008-2018-09-18-15-26-58-0400__CAM_FRONT_LEFT__1537299221854799.jpg", "samples/CAM_FRONT/n008-2018-09-18-15-26-58-0400__CAM_FRONT__1537299221862404.jpg", "samples/CAM_FRONT_RIGHT/n008-2018-09-18-15-26-58-0400__CAM_FRONT_RIGHT__1537299221870482.jpg", "samples/CAM_BACK_LEFT/n008-2018-09-18-15-26-58-0400__CAM_BACK_LEFT__1537299221897405.jpg", "samples/CAM_BACK/n008-2018-09-18-15-26-58-0400__CAM_BACK__1537299221887558.jpg", "samples/CAM_BACK_RIGHT/n008-2018-09-18-15-26-58-0400__CAM_BACK_RIGHT__1537299221878113.jpg"], "intrinsics": [[[1257.8625342125129, 0.0, 827.2410631095686], [0.0, 1257.8625342125129, 450.915498205774], [0.0, 0.0, 1.0]], [[1252.8131021185304, 0.0, 826.588114781398], [0.0, 1252.8131021185304, 469.9846626224581], [0.0, 0.0, 1.0]], [[1256.7485116440405, 0.0, 817.7887570959712], [0.0, 1256.7485116440403, 451.9541780095127], [0.0, 0.0, 1.0]], [[1254.9860565800168, 0.0, 829.5769333630991], [0.0, 1254.9860565800168, 467.1680561863987], [0.0, 0.0, 1.0]], [[796.8910634503094, 0.0, 857.7774326863696], [0.0, 796.8910634503094, 476.8848988407415], [0.0, 0.0, 1.0]], [[1249.9629280788233, 0.0, 825.3768045375984], [0.0, 1249.9629280788233, 462.54816385708756], [0.0, 0.0, 1.0]]], "extrinsics": [[[0.8240348696708679, -0.566472053527832, -0.008723112754523754, -0.8123779296875], [0.0030222609639167786, 0.019792350009083748, -0.9997995495796204, 1.4889755249023438], [0.5665311813354492, 0.8238433003425598, 0.018021611496806145, -1.2021484375], [0.0, 0.0, 0.0, 1.0]], [[0.01246748398989439, -0.9998002052307129, -0.015628313645720482, 0.0087890625], [0.004958584904670715, 0.015691155567765236, -0.9998646378517151, 1.481109619140625], [0.9999100565910339, 0.01238828245550394, 0.005153221543878317, -1.540740966796875], [0.0, 0.0, 0.0, 1.0]], [[-0.843054473400116, -0.5376269221305847, -0.014714168384671211, 0.962646484375], [0.012968232855200768, 0.007030232343822718, -0.9998912215232849, 1.4950447082519531], [0.5376718044281006, -0.8431535363197327, 0.001045202137902379, -1.194580078125], [0.0, 0.0, 0.0, 1.0]], [[0.947806179523468, 0.31881096959114075, -0.00480119651183486, -1.128173828125], [-0.01257398258894682, 0.022326955571770668, -0.9996716380119324, 1.5618324279785156], [-0.318599134683609, 0.9475553631782532, 0.025170348584651947, -0.1614990234375], [0.0, 0.0, 0.0, 1.0]], [[0.00846819020807743, 0.9998570680618286, 0.014638158492743969, -0.0283203125], [-0.010344897396862507, 0.014725496992468834, -0.9998379945755005, 1.567373275756836], [-0.9999106526374817, 0.008315308950841427, 0.010468116030097008, -0.02197265625], [0.0, 0.0, 0.0, 1.0]], [[-0.9242560267448425, 0.38176456093788147, 0.0025599237997084856, 1.05517578125], [-0.00608969246968627, -0.008038047701120377, -0.9999490976333618, 1.5471229553222656], [-0.38172459602355957, -0.9242246747016907, 0.009754043072462082, -0.08642578125], [0.0, 0.0, 0.0, 1.0]]], "view": [[0.0, -2.0, 100.0], [-2.0, 0.0, 100.0], [0.0, 0.0, 1.0]], "bev": "bev_6bf53a10b3d54e51ae4b366fcfbafaf1.png", "aux": "aux_6bf53a10b3d54e51ae4b366fcfbafaf1.npz", "visibility": "visibility_6bf53a10b3d54e51ae4b366fcfbafaf1.png", "pose": [[0.70404052734375, 0.7101598381996155, 0.0, 1759.4810791015625], [-0.7101598381996155, 0.70404052734375, 0.0, 1218.4881591796875], [0.0, 0.0, 1.0, 0.0], [0.0, 0.0, 0.0, 1.0]], "pose_inverse": [[0.70404052734375, -0.7101598381996155, 0.0, -373.42462158203125], [0.7101598381996155, 0.70404052734375, 0.0, -2107.377685546875], [0.0, 0.0, 1.0, 0.0], [0.0, 0.0, 0.0, 1.0]], "cam_ids": [0, 1, 2, 3, 4, 5], "cam_channels": ["CAM_FRONT_LEFT", "CAM_FRONT", "CAM_FRONT_RIGHT", "CAM_BACK_LEFT", "CAM_BACK", "CAM_BACK_RIGHT"], "token": "6bf53a10b3d54e51ae4b366fcfbafaf1", "scene": "scene-0816"}, {"images": ["samples/CAM_FRONT_LEFT/n008-2018-09-18-15-26-58-0400__CAM_FRONT_LEFT__1537299222354799.jpg", "samples/CAM_FRONT/n008-2018-09-18-15-26-58-0400__CAM_FRONT__1537299222362404.jpg", "samples/CAM_FRONT_RIGHT/n008-2018-09-18-15-26-58-0400__CAM_FRONT_RIGHT__1537299222370482.jpg", "samples/CAM_BACK_LEFT/n008-2018-09-18-15-26-58-0400__CAM_BACK_LEFT__1537299222397405.jpg", "samples/CAM_BACK/n008-2018-09-18-15-26-58-0400__CAM_BACK__1537299222387558.jpg", "samples/CAM_BACK_RIGHT/n008-2018-09-18-15-26-58-0400__CAM_BACK_RIGHT__1537299222378113.jpg"], "intrinsics": [[[1257.8625342125129, 0.0, 827.2410631095686], [0.0, 1257.8625342125129, 450.915498205774], [0.0, 0.0, 1.0]], [[1252.8131021185304, 0.0, 826.588114781398], [0.0, 1252.8131021185304, 469.9846626224581], [0.0, 0.0, 1.0]], [[1256.7485116440405, 0.0, 817.7887570959712], [0.0, 1256.7485116440403, 451.9541780095127], [0.0, 0.0, 1.0]], [[1254.9860565800168, 0.0, 829.5769333630991], [0.0, 1254.9860565800168, 467.1680561863987], [0.0, 0.0, 1.0]], [[796.8910634503094, 0.0, 857.7774326863696], [0.0, 796.8910634503094, 476.8848988407415], [0.0, 0.0, 1.0]], [[1249.9629280788233, 0.0, 825.3768045375984], [0.0, 1249.9629280788233, 462.54816385708756], [0.0, 0.0, 1.0]]], "extrinsics": [[[0.8242368698120117, -0.566148042678833, -0.010484411381185055, -0.802734375], [0.001382757443934679, 0.020528044551610947, -0.9997882843017578, 1.4886093139648438], [0.5662434101104736, 0.8240479826927185, 0.017702817916870117, -1.1956787109375], [0.0, 0.0, 0.0, 1.0]], [[0.012776345014572144, -0.9997867941856384, -0.01621934585273266, 0.00927734375], [0.003301473567262292, 0.016262758523225784, -0.9998623132705688, 1.4808235168457031], [0.9999129176139832, 0.012721065431833267, 0.003508548717945814, -1.52984619140625], [0.0, 0.0, 0.0, 1.0]], [[-0.8429269790649414, -0.5378591418266296, -0.013478271663188934, 0.9541015625], [0.011261693201959133, 0.007407632190734148, -0.9999091029167175, 1.4948978424072266], [0.5379100441932678, -0.843002200126648, -0.0001868889230536297, -1.1893310546875], [0.0, 0.0, 0.0, 1.0]], [[0.9477831721305847, 0.31884512305259705, -0.006694914773106575, -1.12786865234375], [-0.014467478729784489, 0.022015206515789032, -0.9996529221534729, 1.561798095703125], [-0.31858712434768677, 0.9475510716438293, 0.025478528812527657, -0.16162109375], [0.0, 0.0, 0.0, 1.0]], [[0.008373805321753025, 0.9998589158058167, 0.01456332765519619, -0.0283203125], [-0.012246351689100266, 0.014665286988019943, -0.999817430973053, 1.5671939849853516], [-0.9998899698257446, 0.008193975314497948, 0.01236742828041315, -0.02593994140625], [0.0, 0.0, 0.0, 1.0]], [[-0.9243302345275879, 0.38156944513320923, 0.00428636372089386, 1.04815673828125], [-0.007882371544837952, -0.007861780002713203, -0.9999380707740784, 1.5468635559082031], [-0.3815121054649353, -0.9243066906929016, 0.010274553671479225, -0.089111328125], [0.0, 0.0, 0.0, 1.0]]], "view": [[0.0, -2.0, 100.0], [-2.0, 0.0, 100.0], [0.0, 0.0, 1.0]], "bev": "bev_415c07617069452ca177aee5669b6788.png", "aux": "aux_415c07617069452ca177aee5669b6788.npz", "visibility": "visibility_415c07617069452ca177aee5669b6788.png", "pose": [[0.6826950311660767, 0.7307034134864807, 0.0, 1761.2154541015625], [-0.7307034134864807, 0.6826950311660767, 0.0, 1216.6619873046875], [0.0, 0.0, 1.0, 0.0], [0.0, 0.0, 0.0, 1.0]], "pose_inverse": [[0.6826950311660767, -0.7307034134864807, 0.0, -313.35400390625], [0.7307034134864807, 0.6826950311660767, 0.0, -2117.53515625], [0.0, 0.0, 1.0, 0.0], [0.0, 0.0, 0.0, 1.0]], "cam_ids": [0, 1, 2, 3, 4, 5], "cam_channels": ["CAM_FRONT_LEFT", "CAM_FRONT", "CAM_FRONT_RIGHT", "CAM_BACK_LEFT", "CAM_BACK", "CAM_BACK_RIGHT"], "token": "415c07617069452ca177aee5669b6788", "scene": "scene-0816"}, {"images": ["samples/CAM_FRONT_LEFT/n008-2018-09-18-15-26-58-0400__CAM_FRONT_LEFT__1537299222854799.jpg", "samples/CAM_FRONT/n008-2018-09-18-15-26-58-0400__CAM_FRONT__1537299222862404.jpg", "samples/CAM_FRONT_RIGHT/n008-2018-09-18-15-26-58-0400__CAM_FRONT_RIGHT__1537299222870482.jpg", "samples/CAM_BACK_LEFT/n008-2018-09-18-15-26-58-0400__CAM_BACK_LEFT__1537299222897405.jpg", "samples/CAM_BACK/n008-2018-09-18-15-26-58-0400__CAM_BACK__1537299222887558.jpg", "samples/CAM_BACK_RIGHT/n008-2018-09-18-15-26-58-0400__CAM_BACK_RIGHT__1537299222878113.jpg"], "intrinsics": [[[1257.8625342125129, 0.0, 827.2410631095686], [0.0, 1257.8625342125129, 450.915498205774], [0.0, 0.0, 1.0]], [[1252.8131021185304, 0.0, 826.588114781398], [0.0, 1252.8131021185304, 469.9846626224581], [0.0, 0.0, 1.0]], [[1256.7485116440405, 0.0, 817.7887570959712], [0.0, 1256.7485116440403, 451.9541780095127], [0.0, 0.0, 1.0]], [[1254.9860565800168, 0.0, 829.5769333630991], [0.0, 1254.9860565800168, 467.1680561863987], [0.0, 0.0, 1.0]], [[796.8910634503094, 0.0, 857.7774326863696], [0.0, 796.8910634503094, 476.8848988407415], [0.0, 0.0, 1.0]], [[1249.9629280788233, 0.0, 825.3768045375984], [0.0, 1249.9629280788233, 462.54816385708756], [0.0, 0.0, 1.0]]], "extrinsics": [[[0.8241222500801086, -0.5664014220237732, -0.0034620538353919983, -0.80279541015625], [0.0027151345275342464, 0.010062595829367638, -0.9999457001686096, 1.4889488220214844], [0.5664055347442627, 0.8240680694580078, 0.009830663911998272, -1.195556640625], [0.0, 0.0, 0.0, 1.0]], [[0.012492361478507519, -0.9999062418937683, -0.005596286151558161, 0.0087890625], [0.0048722028732299805, 0.005657525267452002, -0.9999721050262451, 1.4811515808105469], [0.9999101161956787, 0.012464703992009163, 0.004942421801388264, -1.5316162109375], [0.0, 0.0, 0.0, 1.0]], [[-0.8431077003479004, -0.5376645922660828, -0.009283616207540035, 0.95654296875], [0.01310355868190527, -0.0032826068345457315, -0.9999087452888489, 1.4951586723327637], [0.5375850796699524, -0.8431524038314819, 0.009812910109758377, -1.1917724609375], [0.0, 0.0, 0.0, 1.0]], [[0.9478161334991455, 0.3187296390533447, -0.0074790776707232, -1.1312255859375], [-0.011698191054165363, 0.011325110681355, -0.9998674392700195, 1.5618915557861328], [-0.3186027407646179, 0.9477779865264893, 0.014462683349847794, -0.160400390625], [0.0, 0.0, 0.0, 1.0]], [[0.008529800921678543, 0.9999562501907349, 0.0038553993217647076, -0.028076171875], [-0.009725089184939861, 0.003938313573598862, -0.9999449253082275, 1.5674147605895996], [-0.9999163746833801, 0.00849181693047285, 0.009758256375789642, -0.022491455078125], [0.0, 0.0, 0.0, 1.0]], [[-0.9242231845855713, 0.38184860348701477, -0.0017725140787661076, 1.05157470703125], [-0.005756104830652475, -0.018573079258203506, -0.9998109340667725, 1.5471420288085938], [-0.381809264421463, -0.9240382313728333, 0.019363632425665855, -0.08837890625], [0.0, 0.0, 0.0, 1.0]]], "view": [[0.0, -2.0, 100.0], [-2.0, 0.0, 100.0], [0.0, 0.0, 1.0]], "bev": "bev_b50e3d9b68394e93aae2003dd5f43f0c.png", "aux": "aux_b50e3d9b68394e93aae2003dd5f43f0c.npz", "visibility": "visibility_b50e3d9b68394e93aae2003dd5f43f0c.png", "pose": [[0.6616918444633484, 0.7497758865356445, 0.0, 1763.0693359375], [-0.7497758865356445, 0.6616918444633484, 0.0, 1214.6064453125], [0.0, 0.0, 1.0, 0.0], [0.0, 0.0, 0.0, 1.0]], "pose_inverse": [[0.6616918444633484, -0.7497758865356445, 0.0, -255.9259796142578], [0.7497758865356445, 0.6616918444633484, 0.0, -2125.60205078125], [0.0, 0.0, 1.0, 0.0], [0.0, 0.0, 0.0, 1.0]], "cam_ids": [0, 1, 2, 3, 4, 5], "cam_channels": ["CAM_FRONT_LEFT", "CAM_FRONT", "CAM_FRONT_RIGHT", "CAM_BACK_LEFT", "CAM_BACK", "CAM_BACK_RIGHT"], "token": "b50e3d9b68394e93aae2003dd5f43f0c", "scene": "scene-0816"}, {"images": ["samples/CAM_FRONT_LEFT/n008-2018-09-18-15-26-58-0400__CAM_FRONT_LEFT__1537299223354799.jpg", "samples/CAM_FRONT/n008-2018-09-18-15-26-58-0400__CAM_FRONT__1537299223362404.jpg", "samples/CAM_FRONT_RIGHT/n008-2018-09-18-15-26-58-0400__CAM_FRONT_RIGHT__1537299223370482.jpg", "samples/CAM_BACK_LEFT/n008-2018-09-18-15-26-58-0400__CAM_BACK_LEFT__1537299223397405.jpg", "samples/CAM_BACK/n008-2018-09-18-15-26-58-0400__CAM_BACK__1537299223387558.jpg", "samples/CAM_BACK_RIGHT/n008-2018-09-18-15-26-58-0400__CAM_BACK_RIGHT__1537299223378113.jpg"], "intrinsics": [[[1257.8625342125129, 0.0, 827.2410631095686], [0.0, 1257.8625342125129, 450.915498205774], [0.0, 0.0, 1.0]], [[1252.8131021185304, 0.0, 826.588114781398], [0.0, 1252.8131021185304, 469.9846626224581], [0.0, 0.0, 1.0]], [[1256.7485116440405, 0.0, 817.7887570959712], [0.0, 1256.7485116440403, 451.9541780095127], [0.0, 0.0, 1.0]], [[1254.9860565800168, 0.0, 829.5769333630991], [0.0, 1254.9860565800168, 467.1680561863987], [0.0, 0.0, 1.0]], [[796.8910634503094, 0.0, 857.7774326863696], [0.0, 796.8910634503094, 476.8848988407415], [0.0, 0.0, 1.0]], [[1249.9629280788233, 0.0, 825.3768045375984], [0.0, 1249.9629280788233, 462.54816385708756], [0.0, 0.0, 1.0]]], "extrinsics": [[[0.823858380317688, -0.566758394241333, 0.006500559393316507, -0.8035888671875], [0.004587805829942226, -0.0048004817217588425, -0.9999779462814331, 1.4894170761108398], [0.5667771100997925, 0.8238700032234192, -0.0013547411654144526, -1.1949462890625], [0.0, 0.0, 0.0, 1.0]], [[0.012130996212363243, -0.9998853206634521, 0.009059394709765911, 0.0078125], [0.006500508636236191, -0.008981010876595974, -0.9999385476112366, 1.4814834594726562], [0.9999052882194519, 0.012189111672341824, 0.006390814669430256, -1.5323486328125], [0.0, 0.0, 0.0, 1.0]], [[-0.8432369232177734, -0.5375351309776306, -0.0026859722565859556, 0.9573974609375], [0.014487179927527905, -0.01773066446185112, -0.9997377991676331, 1.495361328125], [0.5373466610908508, -0.8430547714233398, 0.02273852378129959, -1.1927490234375], [0.0, 0.0, 0.0, 1.0]], [[0.9478642344474792, 0.318473756313324, -0.011307056061923504, -1.13421630859375], [-0.010981600731611252, -0.0028173825703561306, -0.9999356865882874, 1.5619268417358398], [-0.3184851109981537, 0.9479275345802307, 0.0008268568781204522, -0.1593017578125], [0.0, 0.0, 0.0, 1.0]], [[0.008705114014446735, 0.9999086856842041, -0.01033528707921505, -0.0283203125], [-0.008847473189234734, -0.010258256457746029, -0.9999082088470459, 1.5674896240234375], [-0.999923050403595, 0.008795702829957008, 0.008757366798818111, -0.0200347900390625], [0.0, 0.0, 0.0, 1.0]], [[-0.9241338968276978, 0.3819783329963684, -0.008311967365443707, 1.0533447265625], [-0.004601987544447184, -0.03288206458091736, -0.9994485974311829, 1.5472793579101562], [-0.3820410668849945, -0.9235860705375671, 0.032145291566848755, -0.0880126953125], [0.0, 0.0, 0.0, 1.0]]], "view": [[0.0, -2.0, 100.0], [-2.0, 0.0, 100.0], [0.0, 0.0, 1.0]], "bev": "bev_a8dd6e2b2de04cd992ae28eaf5ff6a43.png", "aux": "aux_a8dd6e2b2de04cd992ae28eaf5ff6a43.npz", "visibility": "visibility_a8dd6e2b2de04cd992ae28eaf5ff6a43.png", "pose": [[0.6426568031311035, 0.7661541700363159, 0.0, 1764.8570556640625], [-0.7661541700363159, 0.6426568031311035, 0.0, 1212.5150146484375], [0.0, 0.0, 1.0, 0.0], [0.0, 0.0, 0.0, 1.0]], "pose_inverse": [[0.6426568031311035, -0.7661541700363159, 0.0, -205.22390747070312], [0.7661541700363159, 0.6426568031311035, 0.0, -2131.383544921875], [0.0, 0.0, 1.0, 0.0], [0.0, 0.0, 0.0, 1.0]], "cam_ids": [0, 1, 2, 3, 4, 5], "cam_channels": ["CAM_FRONT_LEFT", "CAM_FRONT", "CAM_FRONT_RIGHT", "CAM_BACK_LEFT", "CAM_BACK", "CAM_BACK_RIGHT"], "token": "a8dd6e2b2de04cd992ae28eaf5ff6a43", "scene": "scene-0816"}, {"images": ["samples/CAM_FRONT_LEFT/n008-2018-09-18-15-26-58-0400__CAM_FRONT_LEFT__1537299223854799.jpg", "samples/CAM_FRONT/n008-2018-09-18-15-26-58-0400__CAM_FRONT__1537299223862404.jpg", "samples/CAM_FRONT_RIGHT/n008-2018-09-18-15-26-58-0400__CAM_FRONT_RIGHT__1537299223870482.jpg", "samples/CAM_BACK_LEFT/n008-2018-09-18-15-26-58-0400__CAM_BACK_LEFT__1537299223897405.jpg", "samples/CAM_BACK/n008-2018-09-18-15-26-58-0400__CAM_BACK__1537299223887558.jpg", "samples/CAM_BACK_RIGHT/n008-2018-09-18-15-26-58-0400__CAM_BACK_RIGHT__1537299223878113.jpg"], "intrinsics": [[[1257.8625342125129, 0.0, 827.2410631095686], [0.0, 1257.8625342125129, 450.915498205774], [0.0, 0.0, 1.0]], [[1252.8131021185304, 0.0, 826.588114781398], [0.0, 1252.8131021185304, 469.9846626224581], [0.0, 0.0, 1.0]], [[1256.7485116440405, 0.0, 817.7887570959712], [0.0, 1256.7485116440403, 451.9541780095127], [0.0, 0.0, 1.0]], [[1254.9860565800168, 0.0, 829.5769333630991], [0.0, 1254.9860565800168, 467.1680561863987], [0.0, 0.0, 1.0]], [[796.8910634503094, 0.0, 857.7774326863696], [0.0, 796.8910634503094, 476.8848988407415], [0.0, 0.0, 1.0]], [[1249.9629280788233, 0.0, 825.3768045375984], [0.0, 1249.9629280788233, 462.54816385708756], [0.0, 0.0, 1.0]]], "extrinsics": [[[0.8227528929710388, -0.5683708190917969, 0.005680805537849665, -0.7957763671875], [0.003136548912152648, -0.0054543414153158665, -0.9999802112579346, 1.4890928268432617], [0.5683905482292175, 0.822754442691803, -0.002704853191971779, -1.1895751953125], [0.0, 0.0, 0.0, 1.0]], [[0.010483060032129288, -0.9999023079872131, 0.009244735352694988, 0.008056640625], [0.0054871863685548306, -0.009187579154968262, -0.9999427199363708, 1.4813251495361328], [0.9999300241470337, 0.01053322572261095, 0.005390335340052843, -1.5243072509765625], [0.0, 0.0, 0.0, 1.0]], [[-0.8439547419548035, -0.5364093780517578, -0.002315457444638014, 0.9522705078125], [0.01390202809125185, -0.017557119950652122, -0.9997491836547852, 1.4953575134277344], [0.5362342596054077, -0.8437752723693848, 0.022274592891335487, -1.1893310546875], [0.0, 0.0, 0.0, 1.0]], [[0.9478918313980103, 0.31843113899230957, -0.010135596618056297, -1.13446044921875], [-0.01011960580945015, -0.0017045155400410295, -0.9999473690986633, 1.5619401931762695], [-0.3184316158294678, 0.9479444622993469, 0.0016067009419202805, -0.1595458984375], [0.0, 0.0, 0.0, 1.0]], [[0.009240112267434597, 0.9999121427536011, -0.009505854919552803, -0.0283203125], [-0.008495875634253025, -0.00942741334438324, -0.9999194741249084, 1.5674972534179688], [-0.9999212622642517, 0.00932020228356123, 0.008408017456531525, -0.02197265625], [0.0, 0.0, 0.0, 1.0]], [[-0.923762321472168, 0.3828837275505066, -0.007957575842738152, 1.04931640625], [-0.004813710693269968, -0.03238590434193611, -0.9994638562202454, 1.5472412109375], [-0.382936030626297, -0.9232287406921387, 0.031759969890117645, -0.089599609375], [0.0, 0.0, 0.0, 1.0]]], "view": [[0.0, -2.0, 100.0], [-2.0, 0.0, 100.0], [0.0, 0.0, 1.0]], "bev": "bev_4b6524d5edef454da7ba61bccd6cc6c7.png", "aux": "aux_4b6524d5edef454da7ba61bccd6cc6c7.npz", "visibility": "visibility_4b6524d5edef454da7ba61bccd6cc6c7.png", "pose": [[0.6290618777275085, 0.7773552536964417, 0.0, 1766.64306640625], [-0.7773552536964417, 0.6290618777275085, 0.0, 1210.3245849609375], [0.0, 0.0, 1.0, 0.0], [0.0, 0.0, 0.0, 1.0]], "pose_inverse": [[0.6290618777275085, -0.7773552536964417, 0.0, -170.47560119628906], [0.7773552536964417, 0.6290618777275085, 0.0, -2134.67822265625], [0.0, 0.0, 1.0, 0.0], [0.0, 0.0, 0.0, 1.0]], "cam_ids": [0, 1, 2, 3, 4, 5], "cam_channels": ["CAM_FRONT_LEFT", "CAM_FRONT", "CAM_FRONT_RIGHT", "CAM_BACK_LEFT", "CAM_BACK", "CAM_BACK_RIGHT"], "token": "4b6524d5edef454da7ba61bccd6cc6c7", "scene": "scene-0816"}, {"images": ["samples/CAM_FRONT_LEFT/n008-2018-09-18-15-26-58-0400__CAM_FRONT_LEFT__1537299224354799.jpg", "samples/CAM_FRONT/n008-2018-09-18-15-26-58-0400__CAM_FRONT__1537299224362404.jpg", "samples/CAM_FRONT_RIGHT/n008-2018-09-18-15-26-58-0400__CAM_FRONT_RIGHT__1537299224370482.jpg", "samples/CAM_BACK_LEFT/n008-2018-09-18-15-26-58-0400__CAM_BACK_LEFT__1537299224397405.jpg", "samples/CAM_BACK/n008-2018-09-18-15-26-58-0400__CAM_BACK__1537299224387558.jpg", "samples/CAM_BACK_RIGHT/n008-2018-09-18-15-26-58-0400__CAM_BACK_RIGHT__1537299224378113.jpg"], "intrinsics": [[[1257.8625342125129, 0.0, 827.2410631095686], [0.0, 1257.8625342125129, 450.915498205774], [0.0, 0.0, 1.0]], [[1252.8131021185304, 0.0, 826.588114781398], [0.0, 1252.8131021185304, 469.9846626224581], [0.0, 0.0, 1.0]], [[1256.7485116440405, 0.0, 817.7887570959712], [0.0, 1256.7485116440403, 451.9541780095127], [0.0, 0.0, 1.0]], [[1254.9860565800168, 0.0, 829.5769333630991], [0.0, 1254.9860565800168, 467.1680561863987], [0.0, 0.0, 1.0]], [[796.8910634503094, 0.0, 857.7774326863696], [0.0, 796.8910634503094, 476.8848988407415], [0.0, 0.0, 1.0]], [[1249.9629280788233, 0.0, 825.3768045375984], [0.0, 1249.9629280788233, 462.54816385708756], [0.0, 0.0, 1.0]]], "extrinsics": [[[0.8220982551574707, -0.5692875385284424, 0.008129393681883812, -0.8028564453125], [0.010431054048240185, 0.0007841447950340807, -0.9999452829360962, 1.490842342376709], [0.5692500472068787, 0.8221380710601807, 0.006582911591976881, -1.1953125], [0.0, 0.0, 0.0, 1.0]], [[0.009628981351852417, -0.9999487400054932, 0.0031235029455274343, 0.008544921875], [0.012194995768368244, -0.0030059851706027985, -0.9999211430549622, 1.482642650604248], [0.9998793005943298, 0.009666357189416885, 0.012165426276624203, -1.5319061279296875], [0.0, 0.0, 0.0, 1.0]], [[-0.8442098498344421, -0.5359052419662476, -0.010738625191152096, 0.957763671875], [0.01995089463889599, -0.011395581997931004, -0.999735951423645, 1.4962348937988281], [0.5356413722038269, -0.8442012667655945, 0.020312050357460976, -1.1920166015625], [0.0, 0.0, 0.0, 1.0]], [[0.9479249715805054, 0.31846296787261963, -0.004418953321874142, -1.13580322265625], [-0.006259189452975988, 0.004755417350679636, -0.9999691247940063, 1.5619888305664062], [-0.3184322118759155, 0.9479234218597412, 0.006501099094748497, -0.15869140625], [0.0, 0.0, 0.0, 1.0]], [[0.009440161287784576, 0.9999504685401917, -0.0031735028605908155, -0.028564453125], [-0.0038531252648681402, -0.0031372448429465294, -0.9999876618385315, 1.5678162574768066], [-0.9999479651451111, 0.00945220421999693, 0.0038233185186982155, -0.0191497802734375], [0.0, 0.0, 0.0, 1.0]], [[-0.9235661029815674, 0.38329264521598816, -0.010598271153867245, 1.05352783203125], [0.0006010947399772704, -0.026192739605903625, -0.9996566772460938, 1.5479049682617188], [-0.3834386169910431, -0.9232555031776428, 0.023960333317518234, -0.0875244140625], [0.0, 0.0, 0.0, 1.0]]], "view": [[0.0, -2.0, 100.0], [-2.0, 0.0, 100.0], [0.0, 0.0, 1.0]], "bev": "bev_756d502d29274d1d997bdd2a90d2f45c.png", "aux": "aux_756d502d29274d1d997bdd2a90d2f45c.npz", "visibility": "visibility_756d502d29274d1d997bdd2a90d2f45c.png", "pose": [[0.6282002925872803, 0.7780516743659973, 0.0, 1768.377685546875], [-0.7780516743659973, 0.6282002925872803, 0.0, 1208.1568603515625], [0.0, 0.0, 1.0, 0.0], [0.0, 0.0, 0.0, 1.0]], "pose_inverse": [[0.6282002925872803, -0.7780516743659973, 0.0, -170.88687133789062], [0.7780516743659973, 0.6282002925872803, 0.0, -2134.853759765625], [0.0, 0.0, 1.0, 0.0], [0.0, 0.0, 0.0, 1.0]], "cam_ids": [0, 1, 2, 3, 4, 5], "cam_channels": ["CAM_FRONT_LEFT", "CAM_FRONT", "CAM_FRONT_RIGHT", "CAM_BACK_LEFT", "CAM_BACK", "CAM_BACK_RIGHT"], "token": "756d502d29274d1d997bdd2a90d2f45c", "scene": "scene-0816"}, {"images": ["samples/CAM_FRONT_LEFT/n008-2018-09-18-15-26-58-0400__CAM_FRONT_LEFT__1537299224904799.jpg", "samples/CAM_FRONT/n008-2018-09-18-15-26-58-0400__CAM_FRONT__1537299224912404.jpg", "samples/CAM_FRONT_RIGHT/n008-2018-09-18-15-26-58-0400__CAM_FRONT_RIGHT__1537299224920482.jpg", "samples/CAM_BACK_LEFT/n008-2018-09-18-15-26-58-0400__CAM_BACK_LEFT__1537299224947405.jpg", "samples/CAM_BACK/n008-2018-09-18-15-26-58-0400__CAM_BACK__1537299224937558.jpg", "samples/CAM_BACK_RIGHT/n008-2018-09-18-15-26-58-0400__CAM_BACK_RIGHT__1537299224928113.jpg"], "intrinsics": [[[1257.8625342125129, 0.0, 827.2410631095686], [0.0, 1257.8625342125129, 450.915498205774], [0.0, 0.0, 1.0]], [[1252.8131021185304, 0.0, 826.588114781398], [0.0, 1252.8131021185304, 469.9846626224581], [0.0, 0.0, 1.0]], [[1256.7485116440405, 0.0, 817.7887570959712], [0.0, 1256.7485116440403, 451.9541780095127], [0.0, 0.0, 1.0]], [[1254.9860565800168, 0.0, 829.5769333630991], [0.0, 1254.9860565800168, 467.1680561863987], [0.0, 0.0, 1.0]], [[796.8910634503094, 0.0, 857.7774326863696], [0.0, 796.8910634503094, 476.8848988407415], [0.0, 0.0, 1.0]], [[1249.9629280788233, 0.0, 825.3768045375984], [0.0, 1249.9629280788233, 462.54816385708756], [0.0, 0.0, 1.0]]], "extrinsics": [[[0.8204693794250488, -0.5716593861579895, 0.00596682308241725, -0.7979736328125], [0.01204889826476574, 0.00685636093840003, -0.9999038577079773, 1.4913101196289062], [0.5715635418891907, 0.8204624652862549, 0.01251329854130745, -1.1910400390625], [0.0, 0.0, 0.0, 1.0]], [[0.007116665598005056, -0.9999706149101257, -0.002839777385815978, 0.00830078125], [0.013975955545902252, 0.0029390351846814156, -0.9998980164527893, 1.483077049255371], [0.9998770356178284, 0.007076254114508629, 0.013996460475027561, -1.52618408203125], [0.0, 0.0, 0.0, 1.0]], [[-0.8453487753868103, -0.5339871048927307, -0.01560100819915533, 0.953125], [0.021959995850920677, -0.0055560339242219925, -0.9997434020042419, 1.4966588020324707], [0.5337632298469543, -0.8454744815826416, 0.016423137858510017, -1.1898193359375], [0.0, 0.0, 0.0, 1.0]], [[0.9481481313705444, 0.31782859563827515, 3.5398497857386246e-05, -1.13433837890625], [-0.0034625919070094824, 0.010440991260111332, -0.999939501285553, 1.562002182006836], [-0.3178097605705261, 0.9480906128883362, 0.011000119149684906, -0.15966796875], [0.0, 0.0, 0.0, 1.0]], [[0.010758093558251858, 0.9999386668205261, 0.002637815661728382, -0.028564453125], [-0.0013015593867748976, 0.0026519689708948135, -0.9999955892562866, 1.5679755210876465], [-0.999941349029541, 0.01075463742017746, 0.0013300091959536076, -0.0219879150390625], [0.0, 0.0, 0.0, 1.0]], [[-0.9228257536888123, 0.38507503271102905, -0.010478604584932327, 1.04962158203125], [0.002861559623852372, -0.020348424091935158, -0.9997888207435608, 1.5481643676757812], [-0.38520702719688416, -0.9226608276367188, 0.017676135525107384, -0.08935546875], [0.0, 0.0, 0.0, 1.0]]], "view": [[0.0, -2.0, 100.0], [-2.0, 0.0, 100.0], [0.0, 0.0, 1.0]], "bev": "bev_c49a385c6640426c8b4f910e5193b02f.png", "aux": "aux_c49a385c6640426c8b4f910e5193b02f.npz", "visibility": "visibility_c49a385c6640426c8b4f910e5193b02f.png", "pose": [[0.6400796175003052, 0.7683085799217224, 0.0, 1770.3389892578125], [-0.7683085799217224, 0.6400796175003052, 0.0, 1205.724365234375], [0.0, 0.0, 1.0, 0.0], [0.0, 0.0, 0.0, 1.0]], "pose_inverse": [[0.6400796175003052, -0.7683085799217224, 0.0, -206.7894744873047], [0.7683085799217224, 0.6400796175003052, 0.0, -2131.92626953125], [0.0, 0.0, 1.0, 0.0], [0.0, 0.0, 0.0, 1.0]], "cam_ids": [0, 1, 2, 3, 4, 5], "cam_channels": ["CAM_FRONT_LEFT", "CAM_FRONT", "CAM_FRONT_RIGHT", "CAM_BACK_LEFT", "CAM_BACK", "CAM_BACK_RIGHT"], "token": "c49a385c6640426c8b4f910e5193b02f", "scene": "scene-0816"}, {"images": ["samples/CAM_FRONT_LEFT/n008-2018-09-18-15-26-58-0400__CAM_FRONT_LEFT__1537299225404803.jpg", "samples/CAM_FRONT/n008-2018-09-18-15-26-58-0400__CAM_FRONT__1537299225412404.jpg", "samples/CAM_FRONT_RIGHT/n008-2018-09-18-15-26-58-0400__CAM_FRONT_RIGHT__1537299225420482.jpg", "samples/CAM_BACK_LEFT/n008-2018-09-18-15-26-58-0400__CAM_BACK_LEFT__1537299225447405.jpg", "samples/CAM_BACK/n008-2018-09-18-15-26-58-0400__CAM_BACK__1537299225437558.jpg", "samples/CAM_BACK_RIGHT/n008-2018-09-18-15-26-58-0400__CAM_BACK_RIGHT__1537299225428113.jpg"], "intrinsics": [[[1257.8625342125129, 0.0, 827.2410631095686], [0.0, 1257.8625342125129, 450.915498205774], [0.0, 0.0, 1.0]], [[1252.8131021185304, 0.0, 826.588114781398], [0.0, 1252.8131021185304, 469.9846626224581], [0.0, 0.0, 1.0]], [[1256.7485116440405, 0.0, 817.7887570959712], [0.0, 1256.7485116440403, 451.9541780095127], [0.0, 0.0, 1.0]], [[1254.9860565800168, 0.0, 829.5769333630991], [0.0, 1254.9860565800168, 467.1680561863987], [0.0, 0.0, 1.0]], [[796.8910634503094, 0.0, 857.7774326863696], [0.0, 796.8910634503094, 476.8848988407415], [0.0, 0.0, 1.0]], [[1249.9629280788233, 0.0, 825.3768045375984], [0.0, 1249.9629280788233, 462.54816385708756], [0.0, 0.0, 1.0]]], "extrinsics": [[[0.8205127716064453, -0.5715802311897278, -0.007405957207083702, -0.8038330078125], [0.0015655601164326072, 0.015202859416604042, -0.9998831748962402, 1.488626480102539], [0.5716260671615601, 0.8204053044319153, 0.013368981890380383, -1.1973876953125], [0.0, 0.0, 0.0, 1.0]], [[0.00727994367480278, -0.9999009966850281, -0.01203609723597765, 0.009521484375], [0.0029000185895711184, 0.012057476677000523, -0.9999231100082397, 1.4807147979736328], [0.9999693632125854, 0.007244455628097057, 0.0029875095933675766, -1.533935546875], [0.0, 0.0, 0.0, 1.0]], [[-0.8452762961387634, -0.5342159271240234, -0.011013280600309372, 0.9591064453125], [0.010261851362884045, 0.004377433098852634, -0.9999377727508545, 1.4946718215942383], [0.5342308878898621, -0.8453367352485657, 0.0017819041386246681, -1.192138671875], [0.0, 0.0, 0.0, 1.0]], [[0.9477993249893188, 0.31874364614486694, -0.008892633020877838, -1.13470458984375], [-0.01713014580309391, 0.023049788549542427, -0.9995875954627991, 1.5618667602539062], [-0.318407267332077, 0.9475606679916382, 0.02730669640004635, -0.15966796875], [0.0, 0.0, 0.0, 1.0]], [[0.010113217867910862, 0.9998506307601929, 0.014010115526616573, -0.029541015625], [-0.014237540774047375, 0.014153392054140568, -0.9997984170913696, 1.5671463012695312], [-0.9998475313186646, 0.00991169922053