[{"images": ["samples/CAM_FRONT_LEFT/n015-2018-09-26-11-17-24+0800__CAM_FRONT_LEFT__1537932219354844.jpg", "samples/CAM_FRONT/n015-2018-09-26-11-17-24+0800__CAM_FRONT__1537932219362460.jpg", "samples/CAM_FRONT_RIGHT/n015-2018-09-26-11-17-24+0800__CAM_FRONT_RIGHT__1537932219370339.jpg", "samples/CAM_BACK_LEFT/n015-2018-09-26-11-17-24+0800__CAM_BACK_LEFT__1537932219397423.jpg", "samples/CAM_BACK/n015-2018-09-26-11-17-24+0800__CAM_BACK__1537932219387525.jpg", "samples/CAM_BACK_RIGHT/n015-2018-09-26-11-17-24+0800__CAM_BACK_RIGHT__1537932219377893.jpg"], "intrinsics": [[[1272.5979470598488, 0.0, 826.6154927353808], [0.0, 1272.5979470598488, 479.75165386361925], [0.0, 0.0, 1.0]], [[1266.417203046554, 0.0, 816.2670197447984], [0.0, 1266.417203046554, 491.50706579294757], [0.0, 0.0, 1.0]], [[1260.8474446004698, 0.0, 807.968244525554], [0.0, 1260.8474446004698, 495.3344268742088], [0.0, 0.0, 1.0]], [[1256.7414812095406, 0.0, 792.1125740759628], [0.0, 1256.7414812095406, 492.7757465151356], [0.0, 0.0, 1.0]], [[809.2209905677063, 0.0, 829.2196003259838], [0.0, 809.2209905677063, 481.77842384512485], [0.0, 0.0, 1.0]], [[1259.5137405846733, 0.0, 807.2529053838625], [0.0, 1259.5137405846733, 501.19579884916527], [0.0, 0.0, 1.0]]], "extrinsics": [[[0.8213501572608948, -0.5697648525238037, -0.027417343109846115, -0.8541259765625], [-0.04988071322441101, -0.02385920286178589, -0.99847012758255, 1.5016021728515625], [0.5682390928268433, 0.8214612603187561, -0.04801704362034798, -1.2052459716796875], [0.0, 0.0, 0.0, 1.0]], [[0.008432012982666492, -0.9995831251144409, 0.027611855417490005, 0.0069580078125], [-0.05516043305397034, -0.02803574874997139, -0.9980838298797607, 1.5144882202148438], [0.9984418749809265, 0.006892756558954716, -0.05537383258342743, -1.5823974609375], [0.0, 0.0, 0.0, 1.0]], [[-0.8310081362724304, -0.5542424321174622, 0.047336749732494354, 0.96160888671875], [-0.04957318678498268, -0.010969877243041992, -0.9987102150917053, 1.4994125366210938], [0.5540468096733093, -0.8322830200195312, -0.018359500914812088, -1.200439453125], [0.0, 0.0, 0.0, 1.0]], [[0.946308434009552, 0.31904542446136475, -0.052060723304748535, -1.140869140625], [-0.040747832506895065, -0.04203605279326439, -0.9982848167419434, 1.5884990692138672], [-0.32068657875061035, 0.946806788444519, -0.02677866443991661, -0.104248046875], [0.0, 0.0, 0.0, 1.0]], [[0.0003893871617037803, 0.9994928240776062, -0.0318431593477726, 0.0023193359375], [-0.06619882583618164, -0.031747546046972275, -0.9973012804985046, 1.5772361755371094], [-0.9978064298629761, 0.002496332861483097, 0.06615288555622101, -0.0303955078125], [0.0, 0.0, 0.0, 1.0]], [[-0.9349303245544434, 0.35389283299446106, 0.025789687409996986, 1.077880859375], [-0.033674899488687515, -0.016140451654791832, -0.9993025064468384, 1.549367904663086], [-0.3532297611236572, -0.9351467490196228, 0.027007505297660828, -0.08502197265625], [0.0, 0.0, 0.0, 1.0]]], "view": [[0.0, -2.0, 100.0], [-2.0, 0.0, 100.0], [0.0, 0.0, 1.0]], "bev": "bev_13f9a98fca6c44a08d9b175ba0d88bd0.png", "aux": "aux_13f9a98fca6c44a08d9b175ba0d88bd0.npz", "visibility": "visibility_13f9a98fca6c44a08d9b175ba0d88bd0.png", "pose": [[0.13426193594932556, 0.9909458756446838, 0.0, 908.1431274414062], [-0.9909458756446838, 0.13426193594932556, 0.0, 1573.3040771484375], [0.0, 0.0, 1.0, 0.0], [0.0, 0.0, 0.0, 1.0]], "pose_inverse": [[0.13426193594932556, -0.9909458756446838, 0.0, 1437.130126953125], [0.9909458756446838, 0.13426193594932556, 0.0, -1111.155517578125], [0.0, 0.0, 1.0, 0.0], [0.0, 0.0, 0.0, 1.0]], "cam_ids": [0, 1, 2, 3, 4, 5], "cam_channels": ["CAM_FRONT_LEFT", "CAM_FRONT", "CAM_FRONT_RIGHT", "CAM_BACK_LEFT", "CAM_BACK", "CAM_BACK_RIGHT"], "token": "13f9a98fca6c44a08d9b175ba0d88bd0", "scene": "scene-0956"}, {"images": ["samples/CAM_FRONT_LEFT/n015-2018-09-26-11-17-24+0800__CAM_FRONT_LEFT__1537932219854844.jpg", "samples/CAM_FRONT/n015-2018-09-26-11-17-24+0800__CAM_FRONT__1537932219862460.jpg", "samples/CAM_FRONT_RIGHT/n015-2018-09-26-11-17-24+0800__CAM_FRONT_RIGHT__1537932219870339.jpg", "samples/CAM_BACK_LEFT/n015-2018-09-26-11-17-24+0800__CAM_BACK_LEFT__1537932219897423.jpg", "samples/CAM_BACK/n015-2018-09-26-11-17-24+0800__CAM_BACK__1537932219887525.jpg", "samples/CAM_BACK_RIGHT/n015-2018-09-26-11-17-24+0800__CAM_BACK_RIGHT__1537932219877893.jpg"], "intrinsics": [[[1272.5979470598488, 0.0, 826.6154927353808], [0.0, 1272.5979470598488, 479.75165386361925], [0.0, 0.0, 1.0]], [[1266.417203046554, 0.0, 816.2670197447984], [0.0, 1266.417203046554, 491.50706579294757], [0.0, 0.0, 1.0]], [[1260.8474446004698, 0.0, 807.968244525554], [0.0, 1260.8474446004698, 495.3344268742088], [0.0, 0.0, 1.0]], [[1256.7414812095406, 0.0, 792.1125740759628], [0.0, 1256.7414812095406, 492.7757465151356], [0.0, 0.0, 1.0]], [[809.2209905677063, 0.0, 829.2196003259838], [0.0, 809.2209905677063, 481.77842384512485], [0.0, 0.0, 1.0]], [[1259.5137405846733, 0.0, 807.2529053838625], [0.0, 1259.5137405846733, 501.19579884916527], [0.0, 0.0, 1.0]]], "extrinsics": [[[0.8211809992790222, -0.5701799988746643, -0.02359124831855297, -0.8629150390625], [-0.04644845798611641, -0.0255788192152977, -0.9985931515693665, 1.5025062561035156], [0.568774402141571, 0.8211215138435364, -0.04748881980776787, -1.21026611328125], [0.0, 0.0, 0.0, 1.0]], [[0.007976633496582508, -0.9995455145835876, 0.029071666300296783, 0.0062255859375], [-0.05187774449586868, -0.02944709174335003, -0.9982192516326904, 1.5153007507324219], [0.9986215829849243, 0.0064542461186647415, -0.05208904668688774, -1.59130859375], [0.0, 0.0, 0.0, 1.0]], [[-0.8313038349151611, -0.5539671778678894, 0.04532406106591225, 0.96783447265625], [-0.04646186903119087, -0.012000559829175472, -0.9988479614257812, 1.500030517578125], [0.5538728833198547, -0.8324520587921143, -0.01576223410665989, -1.205322265625], [0.0, 0.0, 0.0, 1.0]], [[0.9464510083198547, 0.3190053403377533, -0.049660056829452515, -1.14276123046875], [-0.03835165500640869, -0.0416371189057827, -0.9983964562416077, 1.5885839462280273], [-0.3205614686012268, 0.9468379020690918, -0.0271731149405241, -0.103515625], [0.0, 0.0, 0.0, 1.0]], [[0.0006077021826058626, 0.9994893074035645, -0.03194857016205788, 0.002685546875], [-0.06351669877767563, -0.03184548392891884, -0.9974725842475891, 1.5775833129882812], [-0.997980535030365, 0.002635433804243803, 0.06346490979194641, -0.026123046875], [0.0, 0.0, 0.0, 1.0]], [[-0.9349299669265747, 0.35409820079803467, 0.022814378142356873, 1.0841064453125], [-0.03073791414499283, -0.01676768809556961, -0.9993867874145508, 1.5497417449951172], [-0.35349851846694946, -0.9350579380989075, 0.026560857892036438, -0.083099365234375], [0.0, 0.0, 0.0, 1.0]]], "view": [[0.0, -2.0, 100.0], [-2.0, 0.0, 100.0], [0.0, 0.0, 1.0]], "bev": "bev_e0af394f7f034cba9bf90574abd1b374.png", "aux": "aux_e0af394f7f034cba9bf90574abd1b374.npz", "visibility": "visibility_e0af394f7f034cba9bf90574abd1b374.png", "pose": [[0.12302501499652863, 0.9924035668373108, 0.0, 908.3336181640625], [-0.9924035668373108, 0.12302501499652863, 0.0, 1571.7864990234375], [0.0, 0.0, 1.0, 0.0], [0.0, 0.0, 0.0, 1.0]], "pose_inverse": [[0.12302501499652863, -0.9924035668373108, 0.0, 1448.0987548828125], [0.9924035668373108, 0.12302501499652863, 0.0, -1094.8026123046875], [0.0, 0.0, 1.0, 0.0], [0.0, 0.0, 0.0, 1.0]], "cam_ids": [0, 1, 2, 3, 4, 5], "cam_channels": ["CAM_FRONT_LEFT", "CAM_FRONT", "CAM_FRONT_RIGHT", "CAM_BACK_LEFT", "CAM_BACK", "CAM_BACK_RIGHT"], "token": "e0af394f7f034cba9bf90574abd1b374", "scene": "scene-0956"}, {"images": ["samples/CAM_FRONT_LEFT/n015-2018-09-26-11-17-24+0800__CAM_FRONT_LEFT__1537932220354844.jpg", "samples/CAM_FRONT/n015-2018-09-26-11-17-24+0800__CAM_FRONT__1537932220362460.jpg", "samples/CAM_FRONT_RIGHT/n015-2018-09-26-11-17-24+0800__CAM_FRONT_RIGHT__1537932220370339.jpg", "samples/CAM_BACK_LEFT/n015-2018-09-26-11-17-24+0800__CAM_BACK_LEFT__1537932220397423.jpg", "samples/CAM_BACK/n015-2018-09-26-11-17-24+0800__CAM_BACK__1537932220387525.jpg", "samples/CAM_BACK_RIGHT/n015-2018-09-26-11-17-24+0800__CAM_BACK_RIGHT__1537932220377893.jpg"], "intrinsics": [[[1272.5979470598488, 0.0, 826.6154927353808], [0.0, 1272.5979470598488, 479.75165386361925], [0.0, 0.0, 1.0]], [[1266.417203046554, 0.0, 816.2670197447984], [0.0, 1266.417203046554, 491.50706579294757], [0.0, 0.0, 1.0]], [[1260.8474446004698, 0.0, 807.968244525554], [0.0, 1260.8474446004698, 495.3344268742088], [0.0, 0.0, 1.0]], [[1256.7414812095406, 0.0, 792.1125740759628], [0.0, 1256.7414812095406, 492.7757465151356], [0.0, 0.0, 1.0]], [[809.2209905677063, 0.0, 829.2196003259838], [0.0, 809.2209905677063, 481.77842384512485], [0.0, 0.0, 1.0]], [[1259.5137405846733, 0.0, 807.2529053838625], [0.0, 1259.5137405846733, 501.19579884916527], [0.0, 0.0, 1.0]]], "extrinsics": [[[0.8215610980987549, -0.5693387985229492, -0.029843367636203766, -0.877685546875], [-0.05310588702559471, -0.024304160848259926, -0.9982931017875671, 1.5026741027832031], [0.5676416754722595, 0.8217436075210571, -0.050202593207359314, -1.2213020324707031], [0.0, 0.0, 0.0, 1.0]], [[0.008975318633019924, -0.9995671510696411, 0.028018511831760406, 0.0067138671875], [-0.058368533849716187, -0.028495557606220245, -0.9978883862495422, 1.5155143737792969], [0.9982547163963318, 0.007320969831198454, -0.058599017560482025, -1.60595703125], [0.0, 0.0, 0.0, 1.0]], [[-0.8306488394737244, -0.55452960729599, 0.05019349977374077, 0.977294921875], [-0.05276336520910263, -0.011347496882081032, -0.9985425472259521, 1.5001335144042969], [0.5542909502983093, -0.8320865631103516, -0.01983305998146534, -1.2109375], [0.0, 0.0, 0.0, 1.0]], [[0.9461477994918823, 0.31903138756752014, -0.05498535558581352, -1.1427001953125], [-0.04391475021839142, -0.041796423494815826, -0.9981606006622314, 1.5885887145996094], [-0.32074275612831116, 0.9468221068382263, -0.02553541399538517, -0.103515625], [0.0, 0.0, 0.0, 1.0]], [[0.0001723667373880744, 0.9994922876358032, -0.03186381980776787, 0.00244140625], [-0.06936324387788773, -0.03177512437105179, -0.9970853328704834, 1.5777130126953125], [-0.9975914359092712, 0.0023820456117391586, 0.06932254880666733, -0.0220947265625], [0.0, 0.0, 0.0, 1.0]], [[-0.9349378347396851, 0.35365045070648193, 0.02868175134062767, 1.09130859375], [-0.03685050457715988, -0.016384858638048172, -0.9991864562034607, 1.5496978759765625], [-0.35289278626441956, -0.9352341294288635, 0.02835102193057537, -0.079986572265625], [0.0, 0.0, 0.0, 1.0]]], "view": [[0.0, -2.0, 100.0], [-2.0, 0.0, 100.0], [0.0, 0.0, 1.0]], "bev": "bev_286308ef7744419a800b2342dd16aa52.png", "aux": "aux_286308ef7744419a800b2342dd16aa52.npz", "visibility": "visibility_286308ef7744419a800b2342dd16aa52.png", "pose": [[0.10773225128650665, 0.9941799640655518, 0.0, 908.4795532226562], [-0.9941799640655518, 0.10773225128650665, 0.0, 1570.4881591796875], [0.0, 0.0, 1.0, 0.0], [0.0, 0.0, 0.0, 1.0]], "pose_inverse": [[0.10773225128650665, -0.9941799640655518, 0.0, 1463.475341796875], [0.9941799640655518, 0.10773225128650665, 0.0, -1072.3843994140625], [0.0, 0.0, 1.0, 0.0], [0.0, 0.0, 0.0, 1.0]], "cam_ids": [0, 1, 2, 3, 4, 5], "cam_channels": ["CAM_FRONT_LEFT", "CAM_FRONT", "CAM_FRONT_RIGHT", "CAM_BACK_LEFT", "CAM_BACK", "CAM_BACK_RIGHT"], "token": "286308ef7744419a800b2342dd16aa52", "scene": "scene-0956"}, {"images": ["samples/CAM_FRONT_LEFT/n015-2018-09-26-11-17-24+0800__CAM_FRONT_LEFT__1537932220904844.jpg", "samples/CAM_FRONT/n015-2018-09-26-11-17-24+0800__CAM_FRONT__1537932220912486.jpg", "samples/CAM_FRONT_RIGHT/n015-2018-09-26-11-17-24+0800__CAM_FRONT_RIGHT__1537932220920339.jpg", "samples/CAM_BACK_LEFT/n015-2018-09-26-11-17-24+0800__CAM_BACK_LEFT__1537932220947423.jpg", "samples/CAM_BACK/n015-2018-09-26-11-17-24+0800__CAM_BACK__1537932220937525.jpg", "samples/CAM_BACK_RIGHT/n015-2018-09-26-11-17-24+0800__CAM_BACK_RIGHT__1537932220927893.jpg"], "intrinsics": [[[1272.5979470598488, 0.0, 826.6154927353808], [0.0, 1272.5979470598488, 479.75165386361925], [0.0, 0.0, 1.0]], [[1266.417203046554, 0.0, 816.2670197447984], [0.0, 1266.417203046554, 491.50706579294757], [0.0, 0.0, 1.0]], [[1260.8474446004698, 0.0, 807.968244525554], [0.0, 1260.8474446004698, 495.3344268742088], [0.0, 0.0, 1.0]], [[1256.7414812095406, 0.0, 792.1125740759628], [0.0, 1256.7414812095406, 492.7757465151356], [0.0, 0.0, 1.0]], [[809.2209905677063, 0.0, 829.2196003259838], [0.0, 809.2209905677063, 481.77842384512485], [0.0, 0.0, 1.0]], [[1259.5137405846733, 0.0, 807.2529053838625], [0.0, 1259.5137405846733, 501.19579884916527], [0.0, 0.0, 1.0]]], "extrinsics": [[[0.8208377361297607, -0.5705695748329163, -0.025993898510932922, -0.8931884765625], [-0.05058027803897858, -0.027283724397420883, -0.9983472228050232, 1.5038414001464844], [0.5689173340797424, 0.8207958340644836, -0.051255080848932266, -1.2308597564697266], [0.0, 0.0, 0.0, 1.0]], [[0.007744149304926395, -0.9994917511940002, 0.030923279002308846, 0.005859375], [-0.055836498737335205, -0.03130817413330078, -0.9979490041732788, 1.5165672302246094], [0.9984098672866821, 0.006001619156450033, -0.05605056881904602, -1.62109375], [0.0, 0.0, 0.0, 1.0]], [[-0.8312702775001526, -0.5536511540412903, 0.04959873482584953, 0.987060546875], [-0.05021987482905388, -0.014061108231544495, -0.9986391663551331, 1.5009078979492188], [0.5535951852798462, -0.8326298594474792, -0.0161157064139843, -1.218017578125], [0.0, 0.0, 0.0, 1.0]], [[0.9462875127792358, 0.31888794898986816, -0.05338944122195244, -1.1456298828125], [-0.041409995406866074, -0.04423365741968155, -0.998162567615509, 1.5887069702148438], [-0.32066360116004944, 0.9467596411705017, -0.028652604669332504, -0.1025390625], [0.0, 0.0, 0.0, 1.0]], [[0.0005471610347740352, 0.9994075298309326, -0.03441302850842476, 0.002685546875], [-0.06684861332178116, -0.03429950028657913, -0.9971733689308167, 1.578155517578125], [-0.99776291847229, 0.002846083138138056, 0.06679024547338486, -0.01611328125], [0.0, 0.0, 0.0, 1.0]], [[-0.9347859025001526, 0.35430583357810974, 0.025352375581860542, 1.10009765625], [-0.03431161120533943, -0.01902637630701065, -0.9992300868034363, 1.5501289367675781], [-0.3535507023334503, -0.9349360466003418, 0.02994239702820778, -0.077117919921875], [0.0, 0.0, 0.0, 1.0]]], "view": [[0.0, -2.0, 100.0], [-2.0, 0.0, 100.0], [0.0, 0.0, 1.0]], "bev": "bev_5cb5025aa2b3447d9cade5f854273fd4.png", "aux": "aux_5cb5025aa2b3447d9cade5f854273fd4.npz", "visibility": "visibility_5cb5025aa2b3447d9cade5f854273fd4.png", "pose": [[0.0912250205874443, 0.9958302974700928, 0.0, 908.5950927734375], [-0.9958302974700928, 0.0912250205874443, 0.0, 1569.2508544921875], [0.0, 0.0, 1.0, 0.0], [0.0, 0.0, 0.0, 1.0]], "pose_inverse": [[0.0912250205874443, -0.9958302974700928, 0.0, 1479.8209228515625], [0.9958302974700928, 0.0912250205874443, 0.0, -1047.96142578125], [0.0, 0.0, 1.0, 0.0], [0.0, 0.0, 0.0, 1.0]], "cam_ids": [0, 1, 2, 3, 4, 5], "cam_channels": ["CAM_FRONT_LEFT", "CAM_FRONT", "CAM_FRONT_RIGHT", "CAM_BACK_LEFT", "CAM_BACK", "CAM_BACK_RIGHT"], "token": "5cb5025aa2b3447d9cade5f854273fd4", "scene": "scene-0956"}, {"images": ["samples/CAM_FRONT_LEFT/n015-2018-09-26-11-17-24+0800__CAM_FRONT_LEFT__1537932221404844.jpg", "samples/CAM_FRONT/n015-2018-09-26-11-17-24+0800__CAM_FRONT__1537932221412460.jpg", "samples/CAM_FRONT_RIGHT/n015-2018-09-26-11-17-24+0800__CAM_FRONT_RIGHT__1537932221420339.jpg", "samples/CAM_BACK_LEFT/n015-2018-09-26-11-17-24+0800__CAM_BACK_LEFT__1537932221447423.jpg", "samples/CAM_BACK/n015-2018-09-26-11-17-24+0800__CAM_BACK__1537932221437525.jpg", "samples/CAM_BACK_RIGHT/n015-2018-09-26-11-17-24+0800__CAM_BACK_RIGHT__1537932221427893.jpg"], "intrinsics": [[[1272.5979470598488, 0.0, 826.6154927353808], [0.0, 1272.5979470598488, 479.75165386361925], [0.0, 0.0, 1.0]], [[1266.417203046554, 0.0, 816.2670197447984], [0.0, 1266.417203046554, 491.50706579294757], [0.0, 0.0, 1.0]], [[1260.8474446004698, 0.0, 807.968244525554], [0.0, 1260.8474446004698, 495.3344268742088], [0.0, 0.0, 1.0]], [[1256.7414812095406, 0.0, 792.1125740759628], [0.0, 1256.7414812095406, 492.7757465151356], [0.0, 0.0, 1.0]], [[809.2209905677063, 0.0, 829.2196003259838], [0.0, 809.2209905677063, 481.77842384512485], [0.0, 0.0, 1.0]], [[1259.5137405846733, 0.0, 807.2529053838625], [0.0, 1259.5137405846733, 501.19579884916527], [0.0, 0.0, 1.0]]], "extrinsics": [[[0.8208625912666321, -0.570341944694519, -0.029910925775766373, -0.9033203125], [-0.05463205277919769, -0.02628159709274769, -0.9981606006622314, 1.5041694641113281], [0.5685067772865295, 0.820986807346344, -0.05273253098130226, -1.2379437685012817], [0.0, 0.0, 0.0, 1.0]], [[0.008058536797761917, -0.9995242357254028, 0.029770947992801666, 0.0057373046875], [-0.059959787875413895, -0.03020133450627327, -0.9977438449859619, 1.5168876647949219], [0.9981681704521179, 0.006255289074033499, -0.06017464026808739, -1.6314697265625], [0.0, 0.0, 0.0, 1.0]], [[-0.830984354019165, -0.5538204312324524, 0.052420563995838165, 0.9937744140625], [-0.054424941539764404, -0.01284218393266201, -0.9984351992607117, 1.5011062622070312], [0.553627073764801, -0.8325371146202087, -0.019469991326332092, -1.2227783203125], [0.0, 0.0, 0.0, 1.0]], [[0.9460366368293762, 0.31898975372314453, -0.05709751322865486, -1.143798828125], [-0.04585924372076988, -0.04263754189014435, -0.9980375170707703, 1.5886287689208984], [-0.32079824805259705, 0.9467985033988953, -0.025708051398396492, -0.1033935546875], [0.0, 0.0, 0.0, 1.0]], [[0.00037967899697832763, 0.9994567036628723, -0.032955918461084366, 0.0028076171875], [-0.07120328396558762, -0.03284525126218796, -0.9969208836555481, 1.5782470703125], [-0.9974616765975952, 0.0027250805869698524, 0.07115212082862854, -0.013916015625], [0.0, 0.0, 0.0, 1.0]], [[-0.9346926212310791, 0.35420331358909607, 0.029825709760189056, 1.1053466796875], [-0.03859114646911621, -0.017707496881484985, -0.9990981817245483, 1.5501785278320312], [-0.35335573554039, -0.9350007772445679, 0.030220186337828636, -0.07513427734375], [0.0, 0.0, 0.0, 1.0]]], "view": [[0.0, -2.0, 100.0], [-2.0, 0.0, 100.0], [0.0, 0.0, 1.0]], "bev": "bev_d5817b9ad0b647f29555c79db25ad3a1.png", "aux": "aux_d5817b9ad0b647f29555c79db25ad3a1.npz", "visibility": "visibility_d5817b9ad0b647f29555c79db25ad3a1.png", "pose": [[0.07904387265443802, 0.9968711137771606, 0.0, 908.6802368164062], [-0.9968711137771606, 0.07904387265443802, 0.0, 1568.2352294921875], [0.0, 0.0, 1.0, 0.0], [0.0, 0.0, 0.0, 1.0]], "pose_inverse": [[0.07904387265443802, -0.9968711137771606, 0.0, 1491.5028076171875], [0.9968711137771606, 0.07904387265443802, 0.0, -1029.7965087890625], [0.0, 0.0, 1.0, 0.0], [0.0, 0.0, 0.0, 1.0]], "cam_ids": [0, 1, 2, 3, 4, 5], "cam_channels": ["CAM_FRONT_LEFT", "CAM_FRONT", "CAM_FRONT_RIGHT", "CAM_BACK_LEFT", "CAM_BACK", "CAM_BACK_RIGHT"], "token": "d5817b9ad0b647f29555c79db25ad3a1", "scene": "scene-0956"}, {"images": ["samples/CAM_FRONT_LEFT/n015-2018-09-26-11-17-24+0800__CAM_FRONT_LEFT__1537932221904844.jpg", "samples/CAM_FRONT/n015-2018-09-26-11-17-24+0800__CAM_FRONT__1537932221912460.jpg", "samples/CAM_FRONT_RIGHT/n015-2018-09-26-11-17-24+0800__CAM_FRONT_RIGHT__1537932221920339.jpg", "samples/CAM_BACK_LEFT/n015-2018-09-26-11-17-24+0800__CAM_BACK_LEFT__1537932221947423.jpg", "samples/CAM_BACK/n015-2018-09-26-11-17-24+0800__CAM_BACK__1537932221937525.jpg", "samples/CAM_BACK_RIGHT/n015-2018-09-26-11-17-24+0800__CAM_BACK_RIGHT__1537932221927893.jpg"], "intrinsics": [[[1272.5979470598488, 0.0, 826.6154927353808], [0.0, 1272.5979470598488, 479.75165386361925], [0.0, 0.0, 1.0]], [[1266.417203046554, 0.0, 816.2670197447984], [0.0, 1266.417203046554, 491.50706579294757], [0.0, 0.0, 1.0]], [[1260.8474446004698, 0.0, 807.968244525554], [0.0, 1260.8474446004698, 495.3344268742088], [0.0, 0.0, 1.0]], [[1256.7414812095406, 0.0, 792.1125740759628], [0.0, 1256.7414812095406, 492.7757465151356], [0.0, 0.0, 1.0]], [[809.2209905677063, 0.0, 829.2196003259838], [0.0, 809.2209905677063, 481.77842384512485], [0.0, 0.0, 1.0]], [[1259.5137405846733, 0.0, 807.2529053838625], [0.0, 1259.5137405846733, 501.19579884916527], [0.0, 0.0, 1.0]]], "extrinsics": [[[0.8208056092262268, -0.5704319477081299, -0.029756179079413414, -0.9202880859375], [-0.055359840393066406, -0.02759394608438015, -0.998085081577301, 1.5052566528320312], [0.5685185194015503, 0.820881187915802, -0.054228294640779495, -1.2496309280395508], [0.0, 0.0, 0.0, 1.0]], [[0.008052594028413296, -0.9994796514511108, 0.031229492276906967, 0.0057373046875], [-0.06066183000802994, -0.031661249697208405, -0.9976561665534973, 1.5178642272949219], [0.9981258511543274, 0.006139271892607212, -0.0608852282166481, -1.648193359375], [0.0, 0.0, 0.0, 1.0]], [[-0.8309459090232849, -0.5537381172180176, 0.053878702223300934, 1.0042724609375], [-0.055101122707128525, -0.014456570148468018, -0.9983760714530945, 1.5017929077148438], [0.5536178350448608, -0.8325653672218323, -0.018498960882425308, -1.229736328125], [0.0, 0.0, 0.0, 1.0]], [[0.9459718465805054, 0.31895217299461365, -0.05836848169565201, -1.14404296875], [-0.04647083953022957, -0.04479251801967621, -0.9979148507118225, 1.5886383056640625], [-0.3209015429019928, 0.9467117190361023, -0.027550486847758293, -0.1031494140625], [0.0, 0.0, 0.0, 1.0]], [[0.00029163260478526354, 0.9993906021118164, -0.03490465506911278, 0.0028076171875], [-0.07183703780174255, -0.034793537110090256, -0.9968093633651733, 1.5785598754882812], [-0.9974162578582764, 0.002798145404085517, 0.07178311794996262, -0.00927734375], [0.0, 0.0, 0.0, 1.0]], [[-0.9346849918365479, 0.35422423481941223, 0.029816726222634315, 1.1136474609375], [-0.03924659267067909, -0.019465362653136253, -0.9990399479866028, 1.5505218505859375], [-0.35330379009246826, -0.9349579215049744, 0.032096076756715775, -0.071929931640625], [0.0, 0.0, 0.0, 1.0]]], "view": [[0.0, -2.0, 100.0], [-2.0, 0.0, 100.0], [0.0, 0.0, 1.0]], "bev": "bev_3d3e6a9354324bacbbf46561ea6c5017.png", "aux": "aux_3d3e6a9354324bacbbf46561ea6c5017.npz", "visibility": "visibility_3d3e6a9354324bacbbf46561ea6c5017.png", "pose": [[0.07167036086320877, 0.9974283576011658, 0.0, 908.73193359375], [-0.9974283576011658, 0.07167036086320877, 0.0, 1567.5137939453125], [0.0, 0.0, 1.0, 0.0], [0.0, 0.0, 0.0, 1.0]], "pose_inverse": [[0.07167036086320877, -0.9974283576011658, 0.0, 1498.3536376953125], [0.9974283576011658, 0.07167036086320877, 0.0, -1018.7393188476562], [0.0, 0.0, 1.0, 0.0], [0.0, 0.0, 0.0, 1.0]], "cam_ids": [0, 1, 2, 3, 4, 5], "cam_channels": ["CAM_FRONT_LEFT", "CAM_FRONT", "CAM_FRONT_RIGHT", "CAM_BACK_LEFT", "CAM_BACK", "CAM_BACK_RIGHT"], "token": "3d3e6a9354324bacbbf46561ea6c5017", "scene": "scene-0956"}, {"images": ["samples/CAM_FRONT_LEFT/n015-2018-09-26-11-17-24+0800__CAM_FRONT_LEFT__1537932222404844.jpg", "samples/CAM_FRONT/n015-2018-09-26-11-17-24+0800__CAM_FRONT__1537932222412460.jpg", "samples/CAM_FRONT_RIGHT/n015-2018-09-26-11-17-24+0800__CAM_FRONT_RIGHT__1537932222420414.jpg", "samples/CAM_BACK_LEFT/n015-2018-09-26-11-17-24+0800__CAM_BACK_LEFT__1537932222447624.jpg", "samples/CAM_BACK/n015-2018-09-26-11-17-24+0800__CAM_BACK__1537932222437525.jpg", "samples/CAM_BACK_RIGHT/n015-2018-09-26-11-17-24+0800__CAM_BACK_RIGHT__1537932222427893.jpg"], "intrinsics": [[[1272.5979470598488, 0.0, 826.6154927353808], [0.0, 1272.5979470598488, 479.75165386361925], [0.0, 0.0, 1.0]], [[1266.417203046554, 0.0, 816.2670197447984], [0.0, 1266.417203046554, 491.50706579294757], [0.0, 0.0, 1.0]], [[1260.8474446004698, 0.0, 807.968244525554], [0.0, 1260.8474446004698, 495.3344268742088], [0.0, 0.0, 1.0]], [[1256.7414812095406, 0.0, 792.1125740759628], [0.0, 1256.7414812095406, 492.7757465151356], [0.0, 0.0, 1.0]], [[809.2209905677063, 0.0, 829.2196003259838], [0.0, 809.2209905677063, 481.77842384512485], [0.0, 0.0, 1.0]], [[1259.5137405846733, 0.0, 807.2529053838625], [0.0, 1259.5137405846733, 501.19579884916527], [0.0, 0.0, 1.0]]], "extrinsics": [[[0.820587694644928, -0.5707038640975952, -0.030541272833943367, -0.9310302734375], [-0.05423231050372124, -0.024557871744036674, -0.9982262849807739, 1.50604248046875], [0.5689414739608765, 0.8207886219024658, -0.05110247805714607, -1.2571678161621094], [0.0, 0.0, 0.0, 1.0]], [[0.007624879013746977, -0.9995756149291992, 0.02811441943049431, 0.00567626953125], [-0.05952078849077225, -0.028519058600068092, -0.9978196024894714, 1.5185737609863281], [0.9981979131698608, 0.005934859160333872, -0.059712983667850494, -1.6591796875], [0.0, 0.0, 0.0, 1.0]], [[-0.8311997056007385, -0.553619384765625, 0.051113907247781754, 1.011474609375], [-0.053937576711177826, -0.011205156333744526, -0.9984813928604126, 1.502288818359375], [0.5533514022827148, -0.832694411277771, -0.020547164604067802, -1.234375], [0.0, 0.0, 0.0, 1.0]], [[0.9460805058479309, 0.3190372884273529, -0.05609674006700516, -1.14208984375], [-0.04524160549044609, -0.04134027659893036, -0.9981203079223633, 1.588552474975586], [-0.32075661420822144, 0.9468400478363037, -0.024677475914359093, -0.1038818359375], [0.0, 0.0, 0.0, 1.0]], [[0.0005551341455429792, 0.9995034337043762, -0.0315048024058342, 0.00274658203125], [-0.07063627243041992, -0.03138691931962967, -0.9970082640647888, 1.5787277221679688], [-0.9975019693374634, 0.0027788523584604263, 0.070583775639534, -0.0069580078125], [0.0, 0.0, 0.0, 1.0]], [[-0.9346136450767517, 0.35440593957901, 0.029896382242441177, 1.119384765625], [-0.038077011704444885, -0.01612977869808674, -0.9991446137428284, 1.5507621765136719], [-0.35362058877944946, -0.9349524974822998, 0.028569836169481277, -0.06982421875], [0.0, 0.0, 0.0, 1.0]]], "view": [[0.0, -2.0, 100.0], [-2.0, 0.0, 100.0], [0.0, 0.0, 1.0]], "bev": "bev_648d919295694e0db78ab688679fa6fa.png", "aux": "aux_648d919295694e0db78ab688679fa6fa.npz", "visibility": "visibility_648d919295694e0db78ab688679fa6fa.png", "pose": [[0.06521052867174149, 0.9978715181350708, 0.0, 908.7643432617188], [-0.9978715181350708, 0.06521052867174149, 0.0, 1566.95263671875], [0.0, 0.0, 1.0, 0.0], [0.0, 0.0, 0.0, 1.0]], "pose_inverse": [[0.06521052867174149, -0.9978715181350708, 0.0, 1504.3564453125], [0.9978715181350708, 0.06521052867174149, 0.0, -1009.0118408203125], [0.0, 0.0, 1.0, 0.0], [0.0, 0.0, 0.0, 1.0]], "cam_ids": [0, 1, 2, 3, 4, 5], "cam_channels": ["CAM_FRONT_LEFT", "CAM_FRONT", "CAM_FRONT_RIGHT", "CAM_BACK_LEFT", "CAM_BACK", "CAM_BACK_RIGHT"], "token": "648d919295694e0db78ab688679fa6fa", "scene": "scene-0956"}, {"images": ["samples/CAM_FRONT_LEFT/n015-2018-09-26-11-17-24+0800__CAM_FRONT_LEFT__1537932222904844.jpg", "samples/CAM_FRONT/n015-2018-09-26-11-17-24+0800__CAM_FRONT__1537932222912460.jpg", "samples/CAM_FRONT_RIGHT/n015-2018-09-26-11-17-24+0800__CAM_FRONT_RIGHT__1537932222920339.jpg", "samples/CAM_BACK_LEFT/n015-2018-09-26-11-17-24+0800__CAM_BACK_LEFT__1537932222947423.jpg", "samples/CAM_BACK/n015-2018-09-26-11-17-24+0800__CAM_BACK__1537932222937525.jpg", "samples/CAM_BACK_RIGHT/n015-2018-09-26-11-17-24+0800__CAM_BACK_RIGHT__1537932222927893.jpg"], "intrinsics": [[[1272.5979470598488, 0.0, 826.6154927353808], [0.0, 1272.5979470598488, 479.75165386361925], [0.0, 0.0, 1.0]], [[1266.417203046554, 0.0, 816.2670197447984], [0.0, 1266.417203046554, 491.50706579294757], [0.0, 0.0, 1.0]], [[1260.8474446004698, 0.0, 807.968244525554], [0.0, 1260.8474446004698, 495.3344268742088], [0.0, 0.0, 1.0]], [[1256.7414812095406, 0.0, 792.1125740759628], [0.0, 1256.7414812095406, 492.7757465151356], [0.0, 0.0, 1.0]], [[809.2209905677063, 0.0, 829.2196003259838], [0.0, 809.2209905677063, 481.77842384512485], [0.0, 0.0, 1.0]], [[1259.5137405846733, 0.0, 807.2529053838625], [0.0, 1259.5137405846733, 501.19579884916527], [0.0, 0.0, 1.0]]], "extrinsics": [[[0.8203786611557007, -0.5709792375564575, -0.031006909906864166, -0.948974609375], [-0.05421358719468117, -0.023684002459049225, -0.9982484579086304, 1.5072174072265625], [0.5692447423934937, 0.8206228613853455, -0.050384681671857834, -1.2696075439453125], [0.0, 0.0, 0.0, 1.0]], [[0.00731283612549305, -0.9996001720428467, 0.02731129713356495, 0.00543212890625], [-0.059489939361810684, -0.027698544785380363, -0.9978445768356323, 1.5196266174316406], [0.9982021450996399, 0.00567233469337225, -0.059668704867362976, -1.6768798828125], [0.0, 0.0, 0.0, 1.0]], [[-0.8313395977020264, -0.5534514784812927, 0.05065487325191498, 1.022705078125], [-0.053887706249952316, -0.010442682541906834, -0.9984923601150513, 1.5030136108398438], [0.5531461238861084, -0.8328158855438232, -0.02114281989634037, -1.241943359375], [0.0, 0.0, 0.0, 1.0]], [[0.9460948705673218, 0.31904149055480957, -0.0558302216231823, -1.1424560546875], [-0.04519709572196007, -0.04064127430319786, -0.9981510043144226, 1.5885696411132812], [-0.3207206428050995, 0.946868896484375, -0.02403075434267521, -0.1036376953125], [0.0, 0.0, 0.0, 1.0]], [[0.0006675435579381883, 0.9995250105857849, -0.030811302363872528, 0.00274658203125], [-0.07058785110712051, -0.030687356367707253, -0.997033417224884, 1.5790786743164062], [-0.997505247592926, 0.0028404491022229195, 0.07053382694721222, -0.00244140625], [0.0, 0.0, 0.0, 1.0]], [[-0.9345493912696838, 0.3545585572719574, 0.030092688277363777, 1.12841796875], [-0.038020648062229156, -0.015413020737469196, -0.9991580843925476, 1.5511360168457031], [-0.35379624366760254, -0.9349067211151123, 0.027884775772690773, -0.066314697265625], [0.0, 0.0, 0.0, 1.0]]], "view": [[0.0, -2.0, 100.0], [-2.0, 0.0, 100.0], [0.0, 0.0, 1.0]], "bev": "bev_d3f08df94f85439ca199fdf34ee05f0f.png", "aux": "aux_d3f08df94f85439ca199fdf34ee05f0f.npz", "visibility": "visibility_d3f08df94f85439ca199fdf34ee05f0f.png", "pose": [[0.06382209062576294, 0.9979612827301025, 0.0, 908.781982421875], [-0.9979612827301025, 0.06382209062576294, 0.0, 1566.616943359375], [0.0, 0.0, 1.0, 0.0], [0.0, 0.0, 0.0, 1.0]], "pose_inverse": [[0.06382209062576294, -0.9979612827301025, 0.0, 1505.4227294921875], [0.9979612827301025, 0.06382209062576294, 0.0, -1006.9140014648438], [0.0, 0.0, 1.0, 0.0], [0.0, 0.0, 0.0, 1.0]], "cam_ids": [0, 1, 2, 3, 4, 5], "cam_channels": ["CAM_FRONT_LEFT", "CAM_FRONT", "CAM_FRONT_RIGHT", "CAM_BACK_LEFT", "CAM_BACK", "CAM_BACK_RIGHT"], "token": "d3f08df94f85439ca199fdf34ee05f0f", "scene": "scene-0956"}, {"images": ["samples/CAM_FRONT_LEFT/n015-2018-09-26-11-17-24+0800__CAM_FRONT_LEFT__1537932223404844.jpg", "samples/CAM_FRONT/n015-2018-09-26-11-17-24+0800__CAM_FRONT__1537932223412460.jpg", "samples/CAM_FRONT_RIGHT/n015-2018-09-26-11-17-24+0800__CAM_FRONT_RIGHT__1537932223420339.jpg", "samples/CAM_BACK_LEFT/n015-2018-09-26-11-17-24+0800__CAM_BACK_LEFT__1537932223447423.jpg", "samples/CAM_BACK/n015-2018-09-26-11-17-24+0800__CAM_BACK__1537932223437525.jpg", "samples/CAM_BACK_RIGHT/n015-2018-09-26-11-17-24+0800__CAM_BACK_RIGHT__1537932223427893.jpg"], "intrinsics": [[[1272.5979470598488, 0.0, 826.6154927353808], [0.0, 1272.5979470598488, 479.75165386361925], [0.0, 0.0, 1.0]], [[1266.417203046554, 0.0, 816.2670197447984], [0.0, 1266.417203046554, 491.50706579294757], [0.0, 0.0, 1.0]], [[1260.8474446004698, 0.0, 807.968244525554], [0.0, 1260.8474446004698, 495.3344268742088], [0.0, 0.0, 1.0]], [[1256.7414812095406, 0.0, 792.1125740759628], [0.0, 1256.7414812095406, 492.7757465151356], [0.0, 0.0, 1.0]], [[809.2209905677063, 0.0, 829.2196003259838], [0.0, 809.2209905677063, 481.77842384512485], [0.0, 0.0, 1.0]], [[1259.5137405846733, 0.0, 807.2529053838625], [0.0, 1259.5137405846733, 501.19579884916527], [0.0, 0.0, 1.0]]], "extrinsics": [[[0.8203554153442383, -0.5710709691047668, -0.02991647832095623, -0.9600830078125], [-0.05272640660405159, -0.02344324067234993, -0.9983338117599487, 1.5079574584960938], [0.5694180727005005, 0.8205658197402954, -0.049342308193445206, -1.2771530151367188], [0.0, 0.0, 0.0, 1.0]], [[0.0071829985827207565, -0.9996060132980347, 0.02713298238813877, 0.00537109375], [-0.05800628662109375, -0.027504511177539825, -0.9979372620582581, 1.5202598571777344], [0.9982904195785522, 0.005594303831458092, -0.058180999010801315, -1.687744140625], [0.0, 0.0, 0.0, 1.0]], [[-0.8314501047134399, -0.5534040331840515, 0.049340926110744476, 1.02923583984375], [-0.0524047426879406, -0.010297313332557678, -0.998572826385498, 1.5034637451171875], [0.5531222820281982, -0.8328492641448975, -0.02043928951025009, -1.2464599609375], [0.0, 0.0, 0.0, 1.0]], [[0.946193277835846, 0.3189944326877594, -0.05441318452358246, -1.1419677734375], [-0.04371084272861481, -0.04061926156282425, -0.9982181191444397, 1.58856201171875], [-0.32063621282577515, 0.9468858242034912, -0.02449015900492668, -0.103759765625], [0.0, 0.0, 0.0, 1.0]], [[0.0007525570108555257, 0.9995269775390625, -0.03074614703655243, 0.00274658203125], [-0.06910374015569687, -0.030620675534009933, -0.9971394538879395, 1.5792770385742188], [-0.9976091980934143, 0.002875081729143858, 0.06904800981283188, 0.00048828125], [0.0, 0.0, 0.0, 1.0]], [[-0.9345760941505432, 0.35460057854652405, 0.02873986028134823, 1.1337890625], [-0.03653256222605705, -0.015299327671527863, -0.9992153644561768, 1.5513534545898438], [-0.35388267040252686, -0.9348927140235901, 0.027252856642007828, -0.06439208984375], [0.0, 0.0, 0.0, 1.0]]], "view": [[0.0, -2.0, 100.0], [-2.0, 0.0, 100.0], [0.0, 0.0, 1.0]], "bev": "bev_1cf1a2d47b0f437aa437954106596d1a.png", "aux": "aux_1cf1a2d47b0f437aa437954106596d1a.npz", "visibility": "visibility_1cf1a2d47b0f437aa437954106596d1a.png", "pose": [[0.06388664245605469, 0.997957170009613, 0.0, 908.7857055664062], [-0.997957170009613, 0.06388664245605469, 0.0, 1566.4959716796875], [0.0, 0.0, 1.0, 0.0], [0.0, 0.0, 0.0, 1.0]], "pose_inverse": [[0.06388664245605469, -0.997957170009613, 0.0, 1505.236572265625], [0.997957170009613, 0.06388664245605469, 0.0, -1007.0073852539062], [0.0, 0.0, 1.0, 0.0], [0.0, 0.0, 0.0, 1.0]], "cam_ids": [0, 1, 2, 3, 4, 5], "cam_channels": ["CAM_FRONT_LEFT", "CAM_FRONT", "CAM_FRONT_RIGHT", "CAM_BACK_LEFT", "CAM_BACK", "CAM_BACK_RIGHT"], "token": "1cf1a2d47b0f437aa437954106596d1a", "scene": "scene-0956"}, {"images": ["samples/CAM_FRONT_LEFT/n015-2018-09-26-11-17-24+0800__CAM_FRONT_LEFT__1537932223904844.jpg", "samples/CAM_FRONT/n015-2018-09-26-11-17-24+0800__CAM_FRONT__1537932223912460.jpg", "samples/CAM_FRONT_RIGHT/n015-2018-09-26-11-17-24+0800__CAM_FRONT_RIGHT__1537932223920339.jpg", "samples/CAM_BACK_LEFT/n015-2018-09-26-11-17-24+0800__CAM_BACK_LEFT__1537932223947423.jpg", "samples/CAM_BACK/n015-2018-09-26-11-17-24+0800__CAM_BACK__1537932223937525.jpg", "samples/CAM_BACK_RIGHT/n015-2018-09-26-11-17-24+0800__CAM_BACK_RIGHT__1537932223927893.jpg"], "intrinsics": [[[1272.5979470598488, 0.0, 826.6154927353808], [0.0, 1272.5979470598488, 479.75165386361925], [0.0, 0.0, 1.0]], [[1266.417203046554, 0.0, 816.2670197447984], [0.0, 1266.417203046554, 491.50706579294757], [0.0, 0.0, 1.0]], [[1260.8474446004698, 0.0, 807.968244525554], [0.0, 1260.8474446004698, 495.3344268742088], [0.0, 0.0, 1.0]], [[1256.7414812095406, 0.0, 792.1125740759628], [0.0, 1256.7414812095406, 492.7757465151356], [0.0, 0.0, 1.0]], [[809.2209905677063, 0.0, 829.2196003259838], [0.0, 809.2209905677063, 481.77842384512485], [0.0, 0.0, 1.0]], [[1259.5137405846733, 0.0, 807.2529053838625], [0.0, 1259.5137405846733, 501.19579884916527], [0.0, 0.0, 1.0]]], "extrinsics": [[[0.820393979549408, -0.5710361003875732, -0.029520057141780853, -0.9656982421875], [-0.05227506160736084, -0.023491710424423218, -0.9983563423156738, 1.5083122253417969], [0.5694040060043335, 0.8205888271331787, -0.04912340268492699, -1.2811603546142578], [0.0, 0.0, 0.0, 1.0]], [[0.007204332388937473, -0.9996040463447571, 0.02720031701028347, 0.00531005859375], [-0.057477399706840515, -0.027569998055696487, -0.9979660511016846, 1.5205917358398438], [0.9983208179473877, 0.0056262752041220665, -0.05765325948596001, -1.6932373046875], [0.0, 0.0, 0.0, 1.0]], [[-0.831464409828186, -0.5534235239028931, 0.04887915402650833, 1.0328369140625], [-0.05179569125175476, -0.010380162857472897, -0.9986037611961365, 1.5036849975585938], [0.5531581044197083, -0.8328352570533752, -0.020034216344356537, -1.248779296875], [0.0, 0.0, 0.0, 1.0]], [[0.9462321996688843, 0.3190060257911682, -0.05366396903991699, -1.1422119140625], [-0.04287157952785492, -0.04076261445879936, -0.9982486963272095, 1.588552474975586], [-0.3206348121166229, 0.9468756914138794, -0.024894604459404945, -0.103759765625], [0.0, 0.0, 0.0, 1.0]], [[0.0007591519970446825, 0.9995232820510864, -0.030865978449583054, 0.00274658203125], [-0.06834042817354202, -0.030741969123482704, -0.9971883296966553, 1.579376220703125], [-0.9976617097854614, 0.002866399707272649, 0.06828450411558151, 0.0020751953125], [0.0, 0.0, 0.0, 1.0]], [[-0.9346030950546265, 0.3545832335948944, 0.028067177161574364, 1.13671875], [-0.0358518622815609, -0.015402481891214848, -0.9992383718490601, 1.5514717102050781], [-0.3538808822631836, -0.9348975419998169, 0.027107680216431618, -0.063262939453125], [0.0, 0.0, 0.0, 1.0]]], "view": [[0.0, -2.0, 100.0], [-2.0, 0.0, 100.0], [0.0, 0.0, 1.0]], "bev": "bev_fb84e4324efd440aa7c406c126b2f6da.png", "aux": "aux_fb84e4324efd440aa7c406c126b2f6da.npz", "visibility": "visibility_fb84e4324efd440aa7c406c126b2f6da.png", "pose": [[0.06360495835542679, 0.9979751706123352, 0.0, 908.7836303710938], [-0.9979751706123352, 0.06360495835542679, 0.0, 1566.4647216796875], [0.0, 0.0, 1.0, 0.0], [0.0, 0.0, 0.0, 1.0]], "pose_inverse": [[0.06360495835542679, -0.9979751706123352, 0.0, 1505.48974609375], [0.9979751706123352, 0.06360495835542679, 0.0, -1006.5784301757812], [0.0, 0.0, 1.0, 0.0], [0.0, 0.0, 0.0, 1.0]], "cam_ids": [0, 1, 2, 3, 4, 5], "cam_channels": ["CAM_FRONT_LEFT", "CAM_FRONT", "CAM_FRONT_RIGHT", "CAM_BACK_LEFT", "CAM_BACK", "CAM_BACK_RIGHT"], "token": "fb84e4324efd440aa7c406c126b2f6da", "scene": "scene-0956"}, {"images": ["samples/CAM_FRONT_LEFT/n015-2018-09-26-11-17-24+0800__CAM_FRONT_LEFT__1537932224404844.jpg", "samples/CAM_FRONT/n015-2018-09-26-11-17-24+0800__CAM_FRONT__1537932224412460.jpg", "samples/CAM_FRONT_RIGHT/n015-2018-09-26-11-17-24+0800__CAM_FRONT_RIGHT__1537932224420339.jpg", "samples/CAM_BACK_LEFT/n015-2018-09-26-11-17-24+0800__CAM_BACK_LEFT__1537932224447423.jpg", "samples/CAM_BACK/n015-2018-09-26-11-17-24+0800__CAM_BACK__1537932224437525.jpg", "samples/CAM_BACK_RIGHT/n015-2018-09-26-11-17-24+0800__CAM_BACK_RIGHT__1537932224427893.jpg"], "intrinsics": [[[1272.5979470598488, 0.0, 826.6154927353808], [0.0, 1272.5979470598488, 479.75165386361925], [0.0, 0.0, 1.0]], [[1266.417203046554, 0.0, 816.2670197447984], [0.0, 1266.417203046554, 491.50706579294757], [0.0, 0.0, 1.0]], [[1260.8474446004698, 0.0, 807.968244525554], [0.0, 1260.8474446004698, 495.3344268742088], [0.0, 0.0, 1.0]], [[1256.7414812095406, 0.0, 792.1125740759628], [0.0, 1256.7414812095406, 492.7757465151356], [0.0, 0.0, 1.0]], [[809.2209905677063, 0.0, 829.2196003259838], [0.0, 809.2209905677063, 481.77842384512485], [0.0, 0.0, 1.0]], [[1259.5137405846733, 0.0, 807.2529053838625], [0.0, 1259.5137405846733, 501.19579884916527], [0.0, 0.0, 1.0]]], "extrinsics": [[[0.8203533887863159, -0.5710991621017456, -0.029429344460368156, -0.965087890625], [-0.05212262272834778, -0.023424506187438965, -0.9983659386634827, 1.5082664489746094], [0.5694764852523804, 0.8205466866493225, -0.048983555287122726, -1.2805805206298828], [0.0, 0.0, 0.0, 1.0]], [[0.007133891340345144, -0.9996065497398376, 0.02712421305477619, 0.00537109375], [-0.057431600987911224, -0.02748970314860344, -0.9979709386825562, 1.5205535888671875], [0.9983239769935608, 0.005561618600040674, -0.057605113834142685, -1.692626953125], [0.0, 0.0, 0.0, 1.0]], [[-0.831492006778717, -0.5533818602561951, 0.04888129606842995, 1.03240966796875], [-0.0518588125705719, -0.010287185199558735, -0.9986014366149902, 1.5036544799804688], [0.5531108379364014, -0.8328640460968018, -0.020144015550613403, -1.24853515625], [0.0, 0.0, 0.0, 1.0]], [[0.946219265460968, 0.318991482257843, -0.05397723615169525, -1.142333984375], [-0.04324015602469444, -0.040651317685842514, -0.9982372522354126, 1.5885581970214844], [-0.3206234276294708, 0.946885347366333, -0.024671820923686028, -0.10400390625], [0.0, 0.0, 0.0, 1.0]], [[0.0007787748472765088, 0.9995265603065491, -0.030757412314414978, 0.00274658203125], [-0.06860517710447311, -0.03063155151