[{"images": ["samples/CAM_FRONT_LEFT/n008-2018-08-31-11-19-57-0400__CAM_FRONT_LEFT__1535728938404800.jpg", "samples/CAM_FRONT/n008-2018-08-31-11-19-57-0400__CAM_FRONT__1535728938412404.jpg", "samples/CAM_FRONT_RIGHT/n008-2018-08-31-11-19-57-0400__CAM_FRONT_RIGHT__1535728938420490.jpg", "samples/CAM_BACK_LEFT/n008-2018-08-31-11-19-57-0400__CAM_BACK_LEFT__1535728938447405.jpg", "samples/CAM_BACK/n008-2018-08-31-11-19-57-0400__CAM_BACK__1535728938437558.jpg", "samples/CAM_BACK_RIGHT/n008-2018-08-31-11-19-57-0400__CAM_BACK_RIGHT__1535728938428113.jpg"], "intrinsics": [[[1257.8625342125129, 0.0, 827.2410631095686], [0.0, 1257.8625342125129, 450.915498205774], [0.0, 0.0, 1.0]], [[1252.8131021185304, 0.0, 826.588114781398], [0.0, 1252.8131021185304, 469.9846626224581], [0.0, 0.0, 1.0]], [[1256.7485116440405, 0.0, 817.7887570959712], [0.0, 1256.7485116440403, 451.9541780095127], [0.0, 0.0, 1.0]], [[1254.9860565800168, 0.0, 829.5769333630991], [0.0, 1254.9860565800168, 467.1680561863987], [0.0, 0.0, 1.0]], [[796.8910634503094, 0.0, 857.7774326863696], [0.0, 796.8910634503094, 476.8848988407415], [0.0, 0.0, 1.0]], [[1249.9629280788233, 0.0, 825.3768045375984], [0.0, 1249.9629280788233, 462.54816385708756], [0.0, 0.0, 1.0]]], "extrinsics": [[[0.8222355246543884, -0.5689755082130432, -0.013989473693072796, -0.70330810546875], [0.016550235450267792, 0.048471853137016296, -0.9986873865127563, 1.4944992065429688], [0.5689067840576172, 0.820924699306488, 0.04927195608615875, -1.1220703125], [0.0, 0.0, 0.0, 1.0]], [[0.009909005835652351, -0.9989727139472961, -0.044220879673957825, 0.0067138671875], [0.018464932218194008, 0.04439831152558327, -0.998843252658844, 1.4858245849609375], [0.9997803568840027, 0.009081071242690086, 0.018885904923081398, -1.4326171875], [0.0, 0.0, 0.0, 1.0]], [[-0.843993067741394, -0.5347482562065125, -0.041472841054201126, 0.89453125], [0.026441840454936028, 0.03574596717953682, -0.9990110397338867, 1.4992446899414062], [0.5357019305229187, -0.8442549705505371, -0.01602962054312229, -1.15478515625], [0.0, 0.0, 0.0, 1.0]], [[0.9478954672813416, 0.31812602281570435, 0.017031431198120117, -1.1475830078125], [0.0008179351571016014, 0.051029834896326065, -0.9986968040466309, 1.562042236328125], [-0.3185805380344391, 0.9466740489006042, 0.04811073839664459, -0.15478515625], [0.0, 0.0, 0.0, 1.0]], [[0.009318140335381031, 0.9990094304084778, 0.0435132272541523, -0.0277099609375], [0.0029431364964693785, 0.04348753020167351, -0.9990496039390564, 1.5683212280273438], [-0.9999523162841797, 0.009437334723770618, -0.002534999279305339, -0.037811279296875], [0.0, 0.0, 0.0, 1.0]], [[-0.9235484004020691, 0.3834797143936157, 0.0012649297714233398, 1.0088348388671875], [0.007246936205774546, 0.020750822499394417, -0.9997584223747253, 1.5490303039550781], [-0.38341325521469116, -0.9233161211013794, -0.021943440660834312, -0.1077880859375], [0.0, 0.0, 0.0, 1.0]]], "view": [[0.0, -2.0, 100.0], [-2.0, 0.0, 100.0], [0.0, 0.0, 1.0]], "bev": "bev_35ac6a2b3aa94bf48a3f49665e8e3021.png", "aux": "aux_35ac6a2b3aa94bf48a3f49665e8e3021.npz", "visibility": "visibility_35ac6a2b3aa94bf48a3f49665e8e3021.png", "pose": [[-0.7577997446060181, -0.6524872183799744, 0.0, 1464.959716796875], [0.6524872183799744, -0.7577997446060181, 0.0, 908.58349609375], [0.0, 0.0, 1.0, 0.0], [0.0, 0.0, 0.0, 1.0]], "pose_inverse": [[-0.7577997446060181, 0.6524872183799744, 0.0, 517.3069458007812], [-0.6524872183799744, -0.7577997446060181, 0.0, 1644.391845703125], [0.0, 0.0, 1.0, 0.0], [0.0, 0.0, 0.0, 1.0]], "cam_ids": [0, 1, 2, 3, 4, 5], "cam_channels": ["CAM_FRONT_LEFT", "CAM_FRONT", "CAM_FRONT_RIGHT", "CAM_BACK_LEFT", "CAM_BACK", "CAM_BACK_RIGHT"], "token": "35ac6a2b3aa94bf48a3f49665e8e3021", "scene": "scene-0287"}, {"images": ["samples/CAM_FRONT_LEFT/n008-2018-08-31-11-19-57-0400__CAM_FRONT_LEFT__1535728938904799.jpg", "samples/CAM_FRONT/n008-2018-08-31-11-19-57-0400__CAM_FRONT__1535728938912404.jpg", "samples/CAM_FRONT_RIGHT/n008-2018-08-31-11-19-57-0400__CAM_FRONT_RIGHT__1535728938920482.jpg", "samples/CAM_BACK_LEFT/n008-2018-08-31-11-19-57-0400__CAM_BACK_LEFT__1535728938947405.jpg", "samples/CAM_BACK/n008-2018-08-31-11-19-57-0400__CAM_BACK__1535728938937558.jpg", "samples/CAM_BACK_RIGHT/n008-2018-08-31-11-19-57-0400__CAM_BACK_RIGHT__1535728938928113.jpg"], "intrinsics": [[[1257.8625342125129, 0.0, 827.2410631095686], [0.0, 1257.8625342125129, 450.915498205774], [0.0, 0.0, 1.0]], [[1252.8131021185304, 0.0, 826.588114781398], [0.0, 1252.8131021185304, 469.9846626224581], [0.0, 0.0, 1.0]], [[1256.7485116440405, 0.0, 817.7887570959712], [0.0, 1256.7485116440403, 451.9541780095127], [0.0, 0.0, 1.0]], [[1254.9860565800168, 0.0, 829.5769333630991], [0.0, 1254.9860565800168, 467.1680561863987], [0.0, 0.0, 1.0]], [[796.8910634503094, 0.0, 857.7774326863696], [0.0, 796.8910634503094, 476.8848988407415], [0.0, 0.0, 1.0]], [[1249.9629280788233, 0.0, 825.3768045375984], [0.0, 1249.9629280788233, 462.54816385708756], [0.0, 0.0, 1.0]]], "extrinsics": [[[0.8224132061004639, -0.568699836730957, -0.014738376252353191, -0.693695068359375], [0.01632680557668209, 0.049491364508867264, -0.9986410737037659, 1.4946212768554688], [0.5686564445495605, 0.8210549354553223, 0.04998740181326866, -1.1153564453125], [0.0, 0.0, 0.0, 1.0]], [[0.010187419131398201, -0.9989314079284668, -0.045080769807100296, 0.0067138671875], [0.018402747809886932, 0.04526276886463165, -0.9988056421279907, 1.4859771728515625], [0.9997787475585938, 0.00934562087059021, 0.01884419284760952, -1.4232177734375], [0.0, 0.0, 0.0, 1.0]], [[-0.8438599109649658, -0.5349215865135193, -0.04194490984082222, 0.888671875], [0.026551833376288414, 0.036446865648031235, -0.9989827871322632, 1.49945068359375], [0.535906195640564, -0.8441152572631836, -0.016552897170186043, -1.1510009765625], [0.0, 0.0, 0.0, 1.0]], [[0.9478800296783447, 0.3181298077106476, 0.01780153438448906, -1.14892578125], [0.001603734097443521, 0.051105231046676636, -0.998691976070404, 1.5620346069335938], [-0.31862345337867737, 0.9466686844825745, 0.04793143272399902, -0.154296875], [0.0, 0.0, 0.0, 1.0]], [[0.009207627736032009, 0.9989962577819824, 0.04383668303489685, -0.027587890625], [0.0035218929406255484, 0.043805867433547974, -0.9990338087081909, 1.5683746337890625], [-0.9999514222145081, 0.009353101253509521, -0.0031150085851550102, -0.03948974609375], [0.0, 0.0, 0.0, 1.0]], [[-0.9236188530921936, 0.38331031799316406, 0.00115701905451715, 1.0046539306640625], [0.0075801522471010685, 0.02128274366259575, -0.9997447729110718, 1.5491180419921875], [-0.3832370638847351, -0.9233744144439697, -0.022562695667147636, -0.109375], [0.0, 0.0, 0.0, 1.0]]], "view": [[0.0, -2.0, 100.0], [-2.0, 0.0, 100.0], [0.0, 0.0, 1.0]], "bev": "bev_0a409f45e51146789f8f97f488e25bda.png", "aux": "aux_0a409f45e51146789f8f97f488e25bda.npz", "visibility": "visibility_0a409f45e51146789f8f97f488e25bda.png", "pose": [[-0.7592853307723999, -0.6507578492164612, 0.0, 1461.595947265625], [0.6507578492164612, -0.7592853307723999, 0.0, 911.4517822265625], [0.0, 0.0, 1.0, 0.0], [0.0, 0.0, 0.0, 1.0]], "pose_inverse": [[-0.7592853307723999, 0.6507578492164612, 0.0, 516.6339721679688], [-0.6507578492164612, -0.7592853307723999, 0.0, 1643.197021484375], [0.0, 0.0, 1.0, 0.0], [0.0, 0.0, 0.0, 1.0]], "cam_ids": [0, 1, 2, 3, 4, 5], "cam_channels": ["CAM_FRONT_LEFT", "CAM_FRONT", "CAM_FRONT_RIGHT", "CAM_BACK_LEFT", "CAM_BACK", "CAM_BACK_RIGHT"], "token": "0a409f45e51146789f8f97f488e25bda", "scene": "scene-0287"}, {"images": ["samples/CAM_FRONT_LEFT/n008-2018-08-31-11-19-57-0400__CAM_FRONT_LEFT__1535728939354799.jpg", "samples/CAM_FRONT/n008-2018-08-31-11-19-57-0400__CAM_FRONT__1535728939362404.jpg", "samples/CAM_FRONT_RIGHT/n008-2018-08-31-11-19-57-0400__CAM_FRONT_RIGHT__1535728939370482.jpg", "samples/CAM_BACK_LEFT/n008-2018-08-31-11-19-57-0400__CAM_BACK_LEFT__1535728939397405.jpg", "samples/CAM_BACK/n008-2018-08-31-11-19-57-0400__CAM_BACK__1535728939387558.jpg", "samples/CAM_BACK_RIGHT/n008-2018-08-31-11-19-57-0400__CAM_BACK_RIGHT__1535728939378113.jpg"], "intrinsics": [[[1257.8625342125129, 0.0, 827.2410631095686], [0.0, 1257.8625342125129, 450.915498205774], [0.0, 0.0, 1.0]], [[1252.8131021185304, 0.0, 826.588114781398], [0.0, 1252.8131021185304, 469.9846626224581], [0.0, 0.0, 1.0]], [[1256.7485116440405, 0.0, 817.7887570959712], [0.0, 1256.7485116440403, 451.9541780095127], [0.0, 0.0, 1.0]], [[1254.9860565800168, 0.0, 829.5769333630991], [0.0, 1254.9860565800168, 467.1680561863987], [0.0, 0.0, 1.0]], [[796.8910634503094, 0.0, 857.7774326863696], [0.0, 796.8910634503094, 476.8848988407415], [0.0, 0.0, 1.0]], [[1249.9629280788233, 0.0, 825.3768045375984], [0.0, 1249.9629280788233, 462.54816385708756], [0.0, 0.0, 1.0]]], "extrinsics": [[[0.8228678107261658, -0.5681723356246948, -0.008291761390864849, -0.70037841796875], [0.022988246753811836, 0.047866374254226685, -0.9985891580581665, 1.4966506958007812], [0.5677676200866699, 0.8215163350105286, 0.05244898423552513, -1.1260986328125], [0.0, 0.0, 0.0, 1.0]], [[0.011221363209187984, -0.9989899396896362, -0.04351012036204338, 0.01123046875], [0.024941150099039078, 0.04377894848585129, -0.9987298250198364, 1.487579345703125], [0.9996259212493896, 0.01012195274233818, 0.02540721744298935, -1.433349609375], [0.0, 0.0, 0.0, 1.0]], [[-0.8432453870773315, -0.5355014801025391, -0.046641506254673004, 0.89697265625], [0.03297455981373787, 0.03507326915860176, -0.9988405704498291, 1.5006179809570312], [0.536516547203064, -0.8438056707382202, -0.011917450465261936, -1.1519775390625], [0.0, 0.0, 0.0, 1.0]], [[0.947777271270752, 0.3180966079235077, 0.023081408813595772, -1.1478271484375], [0.0074935914017260075, 0.05014032870531082, -0.9987140893936157, 1.56201171875], [-0.3188449442386627, 0.946731448173523, 0.045138176530599594, -0.154541015625], [0.0, 0.0, 0.0, 1.0]], [[0.008760226890444756, 0.9990487694740295, 0.04271770268678665, -0.0289306640625], [0.00975021906197071, 0.04263197258114815, -0.9990432262420654, 1.5688247680664062], [-0.9999141693115234, 0.009168404154479504, -0.009367480874061584, -0.0374755859375], [0.0, 0.0, 0.0, 1.0]], [[-0.9237635731697083, 0.38292765617370605, -0.005228481721132994, 1.008331298828125], [0.013936244882643223, 0.019969474524259567, -0.9997034668922424, 1.5500755310058594], [-0.3827096223831177, -0.9235624670982361, -0.023783642798662186, -0.1051025390625], [0.0, 0.0, 0.0, 1.0]]], "view": [[0.0, -2.0, 100.0], [-2.0, 0.0, 100.0], [0.0, 0.0, 1.0]], "bev": "bev_2d0b913e43ef47749fc5add0dfeb0e48.png", "aux": "aux_2d0b913e43ef47749fc5add0dfeb0e48.npz", "visibility": "visibility_2d0b913e43ef47749fc5add0dfeb0e48.png", "pose": [[-0.7574467062950134, -0.6528970003128052, 0.0, 1458.567138671875], [0.6528970003128052, -0.7574467062950134, 0.0, 914.0496826171875], [0.0, 0.0, 1.0, 0.0], [0.0, 0.0, 0.0, 1.0]], "pose_inverse": [[-0.7574467062950134, 0.6528970003128052, 0.0, 508.006591796875], [-0.6528970003128052, -0.7574467062950134, 0.0, 1644.6380615234375], [0.0, 0.0, 1.0, 0.0], [0.0, 0.0, 0.0, 1.0]], "cam_ids": [0, 1, 2, 3, 4, 5], "cam_channels": ["CAM_FRONT_LEFT", "CAM_FRONT", "CAM_FRONT_RIGHT", "CAM_BACK_LEFT", "CAM_BACK", "CAM_BACK_RIGHT"], "token": "2d0b913e43ef47749fc5add0dfeb0e48", "scene": "scene-0287"}, {"images": ["samples/CAM_FRONT_LEFT/n008-2018-08-31-11-19-57-0400__CAM_FRONT_LEFT__1535728939854799.jpg", "samples/CAM_FRONT/n008-2018-08-31-11-19-57-0400__CAM_FRONT__1535728939862404.jpg", "samples/CAM_FRONT_RIGHT/n008-2018-08-31-11-19-57-0400__CAM_FRONT_RIGHT__1535728939870482.jpg", "samples/CAM_BACK_LEFT/n008-2018-08-31-11-19-57-0400__CAM_BACK_LEFT__1535728939897405.jpg", "samples/CAM_BACK/n008-2018-08-31-11-19-57-0400__CAM_BACK__1535728939887558.jpg", "samples/CAM_BACK_RIGHT/n008-2018-08-31-11-19-57-0400__CAM_BACK_RIGHT__1535728939878113.jpg"], "intrinsics": [[[1257.8625342125129, 0.0, 827.2410631095686], [0.0, 1257.8625342125129, 450.915498205774], [0.0, 0.0, 1.0]], [[1252.8131021185304, 0.0, 826.588114781398], [0.0, 1252.8131021185304, 469.9846626224581], [0.0, 0.0, 1.0]], [[1256.7485116440405, 0.0, 817.7887570959712], [0.0, 1256.7485116440403, 451.9541780095127], [0.0, 0.0, 1.0]], [[1254.9860565800168, 0.0, 829.5769333630991], [0.0, 1254.9860565800168, 467.1680561863987], [0.0, 0.0, 1.0]], [[796.8910634503094, 0.0, 857.7774326863696], [0.0, 796.8910634503094, 476.8848988407415], [0.0, 0.0, 1.0]], [[1249.9629280788233, 0.0, 825.3768045375984], [0.0, 1249.9629280788233, 462.54816385708756], [0.0, 0.0, 1.0]]], "extrinsics": [[[0.822081983089447, -0.5692098140716553, -0.013470000587403774, -0.69085693359375], [0.020589545369148254, 0.05336212366819382, -0.9983629584312439, 1.4958343505859375], [0.5689967274665833, 0.8204588890075684, 0.05558781325817108, -1.1217041015625], [0.0, 0.0, 0.0, 1.0]], [[0.009739425033330917, -0.998744547367096, -0.04913707450032234, 0.0123291015625], [0.02233779989182949, 0.04934445396065712, -0.9985319972038269, 1.486907958984375], [0.9997029900550842, 0.008627425879240036, 0.022790340706706047, -1.42431640625], [0.0, 0.0, 0.0, 1.0]], [[-0.8439852595329285, -0.5342753529548645, -0.047315385192632675, 0.8917236328125], [0.03018738143146038, 0.04075947403907776, -0.9987128376960754, 1.5001068115234375], [0.5355162024497986, -0.8443272709846497, -0.018272023648023605, -1.14794921875], [0.0, 0.0, 0.0, 1.0]], [[0.9478486180305481, 0.3179517984390259, 0.022129792720079422, -1.14898681640625], [0.004330283962190151, 0.056579895317554474, -0.9983887076377869, 1.5620193481445312], [-0.318691611289978, 0.9464170336723328, 0.052252355962991714, -0.154296875], [0.0, 0.0, 0.0, 1.0]], [[0.009319332428276539, 0.9987621307373047, 0.04886068031191826, -0.029052734375], [0.006653386168181896, 0.0487997829914093, -0.9987863898277283, 1.5685653686523438], [-0.9999344944953918, 0.009633133187890053, -0.006190366577357054, -0.0391845703125], [0.0, 0.0, 0.0, 1.0]], [[-0.9234592318534851, 0.3836963176727295, -0.00020813669834751636, 1.0041046142578125], [0.010978021658957005, 0.025879058986902237, -0.9996047616004944, 1.5496139526367188], [-0.3835392892360687, -0.9230965971946716, -0.028110485523939133, -0.1065673828125], [0.0, 0.0, 0.0, 1.0]]], "view": [[0.0, -2.0, 100.0], [-2.0, 0.0, 100.0], [0.0, 0.0, 1.0]], "bev": "bev_7e491f50ced54580a0828cd0821ae0f3.png", "aux": "aux_7e491f50ced54580a0828cd0821ae0f3.npz", "visibility": "visibility_7e491f50ced54580a0828cd0821ae0f3.png", "pose": [[-0.7570366859436035, -0.6533723473548889, 0.0, 1455.19140625], [0.6533723473548889, -0.7570366859436035, 0.0, 917.0407104492188], [0.0, 0.0, 1.0, 0.0], [0.0, 0.0, 0.0, 1.0]], "pose_inverse": [[-0.7570366859436035, 0.6533723473548889, 0.0, 502.4642639160156], [-0.6533723473548889, -0.7570366859436035, 0.0, 1645.0152587890625], [0.0, 0.0, 1.0, 0.0], [0.0, 0.0, 0.0, 1.0]], "cam_ids": [0, 1, 2, 3, 4, 5], "cam_channels": ["CAM_FRONT_LEFT", "CAM_FRONT", "CAM_FRONT_RIGHT", "CAM_BACK_LEFT", "CAM_BACK", "CAM_BACK_RIGHT"], "token": "7e491f50ced54580a0828cd0821ae0f3", "scene": "scene-0287"}, {"images": ["samples/CAM_FRONT_LEFT/n008-2018-08-31-11-19-57-0400__CAM_FRONT_LEFT__1535728940354799.jpg", "samples/CAM_FRONT/n008-2018-08-31-11-19-57-0400__CAM_FRONT__1535728940362404.jpg", "samples/CAM_FRONT_RIGHT/n008-2018-08-31-11-19-57-0400__CAM_FRONT_RIGHT__1535728940370482.jpg", "samples/CAM_BACK_LEFT/n008-2018-08-31-11-19-57-0400__CAM_BACK_LEFT__1535728940397405.jpg", "samples/CAM_BACK/n008-2018-08-31-11-19-57-0400__CAM_BACK__1535728940387558.jpg", "samples/CAM_BACK_RIGHT/n008-2018-08-31-11-19-57-0400__CAM_BACK_RIGHT__1535728940378113.jpg"], "intrinsics": [[[1257.8625342125129, 0.0, 827.2410631095686], [0.0, 1257.8625342125129, 450.915498205774], [0.0, 0.0, 1.0]], [[1252.8131021185304, 0.0, 826.588114781398], [0.0, 1252.8131021185304, 469.9846626224581], [0.0, 0.0, 1.0]], [[1256.7485116440405, 0.0, 817.7887570959712], [0.0, 1256.7485116440403, 451.9541780095127], [0.0, 0.0, 1.0]], [[1254.9860565800168, 0.0, 829.5769333630991], [0.0, 1254.9860565800168, 467.1680561863987], [0.0, 0.0, 1.0]], [[796.8910634503094, 0.0, 857.7774326863696], [0.0, 796.8910634503094, 476.8848988407415], [0.0, 0.0, 1.0]], [[1249.9629280788233, 0.0, 825.3768045375984], [0.0, 1249.9629280788233, 462.54816385708756], [0.0, 0.0, 1.0]]], "extrinsics": [[[0.822614312171936, -0.5685791969299316, -0.004849398974329233, -0.68988037109375], [0.02683870494365692, 0.047346293926239014, -0.9985179305076599, 1.4983444213867188], [0.567966103553772, 0.8212649822235107, 0.05420766398310661, -1.1199951171875], [0.0, 0.0, 0.0, 1.0]], [[0.010752791538834572, -0.9990373849868774, -0.0425284318625927, 0.011474609375], [0.028800800442695618, 0.04282267764210701, -0.9986674785614014, 1.489013671875], [0.9995273351669312, 0.009513655677437782, 0.0292335357517004, -1.4234619140625], [0.0, 0.0, 0.0, 1.0]], [[-0.8433623909950256, -0.5350913405418396, -0.04916505888104439, 0.890869140625], [0.036856185644865036, 0.03367766737937927, -0.9987528920173645, 1.50177001953125], [0.5360798835754395, -0.8441227078437805, -0.008681054227054119, -1.14794921875], [0.0, 0.0, 0.0, 1.0]], [[0.9476235508918762, 0.3183246850967407, 0.026057153940200806, -1.15081787109375], [0.011542903259396553, 0.04739752039313316, -0.9988093972206116, 1.5619277954101562], [-0.31918078660964966, 0.9467960596084595, 0.04124061390757561, -0.154541015625], [0.0, 0.0, 0.0, 1.0]], [[0.008769527077674866, 0.9991399645805359, 0.04052874818444252, -0.0291748046875], [0.01358305849134922, 0.04040754586458206, -0.9990909695625305, 1.5691452026367188], [-0.9998693466186523, 0.009312081150710583, -0.013217021711170673, -0.038421630859375], [0.0, 0.0, 0.0, 1.0]], [[-0.923580527305603, 0.3832891285419464, -0.009405499324202538, 1.00421142578125], [0.017738794907927513, 0.018212739378213882, -0.9996767640113831, 1.55078125], [-0.3829938769340515, -0.9234488010406494, -0.023620015010237694, -0.10693359375], [0.0, 0.0, 0.0, 1.0]]], "view": [[0.0, -2.0, 100.0], [-2.0, 0.0, 100.0], [0.0, 0.0, 1.0]], "bev": "bev_254ebe6d9f7c490d8a6bfab35297b140.png", "aux": "aux_254ebe6d9f7c490d8a6bfab35297b140.npz", "visibility": "visibility_254ebe6d9f7c490d8a6bfab35297b140.png", "pose": [[-0.7574193477630615, -0.6529287695884705, 0.0, 1451.7816162109375], [0.6529287695884705, -0.7574193477630615, 0.0, 920.0301513671875], [0.0, 0.0, 1.0, 0.0], [0.0, 0.0, 0.0, 1.0]], "pose_inverse": [[-0.7574193477630615, 0.6529287695884705, 0.0, 498.8933410644531], [-0.6529287695884705, -0.7574193477630615, 0.0, 1644.758544921875], [0.0, 0.0, 1.0, 0.0], [0.0, 0.0, 0.0, 1.0]], "cam_ids": [0, 1, 2, 3, 4, 5], "cam_channels": ["CAM_FRONT_LEFT", "CAM_FRONT", "CAM_FRONT_RIGHT", "CAM_BACK_LEFT", "CAM_BACK", "CAM_BACK_RIGHT"], "token": "254ebe6d9f7c490d8a6bfab35297b140", "scene": "scene-0287"}, {"images": ["samples/CAM_FRONT_LEFT/n008-2018-08-31-11-19-57-0400__CAM_FRONT_LEFT__1535728940854812.jpg", "samples/CAM_FRONT/n008-2018-08-31-11-19-57-0400__CAM_FRONT__1535728940862404.jpg", "samples/CAM_FRONT_RIGHT/n008-2018-08-31-11-19-57-0400__CAM_FRONT_RIGHT__1535728940870482.jpg", "samples/CAM_BACK_LEFT/n008-2018-08-31-11-19-57-0400__CAM_BACK_LEFT__1535728940897405.jpg", "samples/CAM_BACK/n008-2018-08-31-11-19-57-0400__CAM_BACK__1535728940887558.jpg", "samples/CAM_BACK_RIGHT/n008-2018-08-31-11-19-57-0400__CAM_BACK_RIGHT__1535728940878113.jpg"], "intrinsics": [[[1257.8625342125129, 0.0, 827.2410631095686], [0.0, 1257.8625342125129, 450.915498205774], [0.0, 0.0, 1.0]], [[1252.8131021185304, 0.0, 826.588114781398], [0.0, 1252.8131021185304, 469.9846626224581], [0.0, 0.0, 1.0]], [[1256.7485116440405, 0.0, 817.7887570959712], [0.0, 1256.7485116440403, 451.9541780095127], [0.0, 0.0, 1.0]], [[1254.9860565800168, 0.0, 829.5769333630991], [0.0, 1254.9860565800168, 467.1680561863987], [0.0, 0.0, 1.0]], [[796.8910634503094, 0.0, 857.7774326863696], [0.0, 796.8910634503094, 476.8848988407415], [0.0, 0.0, 1.0]], [[1249.9629280788233, 0.0, 825.3768045375984], [0.0, 1249.9629280788233, 462.54816385708756], [0.0, 0.0, 1.0]]], "extrinsics": [[[0.8224059343338013, -0.568885087966919, 0.004269617609679699, -0.6767578125], [0.031964533030986786, 0.03871360048651695, -0.9987390041351318, 1.5008926391601562], [0.5680024027824402, 0.8215053677558899, 0.050022438168525696, -1.1099853515625], [0.0, 0.0, 0.0, 1.0]], [[0.010633903555572033, -0.9993497729301453, -0.034453384578228, 0.0108642578125], [0.033708881586790085, 0.03479401394724846, -0.9988258481025696, 1.4910430908203125], [0.9993751049041748, 0.009459945373237133, 0.03405695781111717, -1.4097900390625], [0.0, 0.0, 0.0, 1.0]], [[-0.8432620167732239, -0.5352528095245361, -0.04913030192255974, 0.88232421875], [0.04147668927907944, 0.026333831250667572, -0.9987923502922058, 1.5033226013183594], [0.5359001755714417, -0.8442814350128174, -5.808813966723392e-06, -1.143310546875], [0.0, 0.0, 0.0, 1.0]], [[0.9475014805793762, 0.31852278113365173, 0.02800263650715351, -1.15313720703125], [0.015303893946111202, 0.0423009879887104, -0.9989877343177795, 1.561859130859375], [-0.31938496232032776, 0.9469708800315857, 0.03520560637116432, -0.15380859375], [0.0, 0.0, 0.0, 1.0]], [[0.008676768280565739, 0.9993616342544556, 0.03465600311756134, -0.02880859375], [0.017721839249134064, 0.0344981849193573, -0.9992475509643555, 1.569549560546875], [-0.9998052716255188, 0.009284378960728645, -0.01741119474172592, -0.041046142578125], [0.0, 0.0, 0.0, 1.0]], [[-0.9234598875045776, 0.38335657119750977, -0.01611032523214817, 0.9980926513671875], [0.022220579907298088, 0.011515476740896702, -0.9996867775917053, 1.5516948699951172], [-0.38305097818374634, -0.9235286116600037, -0.019152482971549034, -0.10986328125], [0.0, 0.0, 0.0, 1.0]]], "view": [[0.0, -2.0, 100.0], [-2.0, 0.0, 100.0], [0.0, 0.0, 1.0]], "bev": "bev_aa80fb6ba6104321a8e9a6a7cb5cf146.png", "aux": "aux_aa80fb6ba6104321a8e9a6a7cb5cf146.npz", "visibility": "visibility_aa80fb6ba6104321a8e9a6a7cb5cf146.png", "pose": [[-0.7557206153869629, -0.6548941731452942, 0.0, 1448.272705078125], [0.6548941731452942, -0.7557206153869629, 0.0, 923.1181030273438], [0.0, 0.0, 1.0, 0.0], [0.0, 0.0, 0.0, 1.0]], "pose_inverse": [[-0.7557206153869629, 0.6548941731452942, 0.0, 489.94488525390625], [-0.6548941731452942, -0.7557206153869629, 0.0, 1646.084716796875], [0.0, 0.0, 1.0, 0.0], [0.0, 0.0, 0.0, 1.0]], "cam_ids": [0, 1, 2, 3, 4, 5], "cam_channels": ["CAM_FRONT_LEFT", "CAM_FRONT", "CAM_FRONT_RIGHT", "CAM_BACK_LEFT", "CAM_BACK", "CAM_BACK_RIGHT"], "token": "aa80fb6ba6104321a8e9a6a7cb5cf146", "scene": "scene-0287"}, {"images": ["samples/CAM_FRONT_LEFT/n008-2018-08-31-11-19-57-0400__CAM_FRONT_LEFT__1535728941354799.jpg", "samples/CAM_FRONT/n008-2018-08-31-11-19-57-0400__CAM_FRONT__1535728941362404.jpg", "samples/CAM_FRONT_RIGHT/n008-2018-08-31-11-19-57-0400__CAM_FRONT_RIGHT__1535728941370482.jpg", "samples/CAM_BACK_LEFT/n008-2018-08-31-11-19-57-0400__CAM_BACK_LEFT__1535728941397838.jpg", "samples/CAM_BACK/n008-2018-08-31-11-19-57-0400__CAM_BACK__1535728941387558.jpg", "samples/CAM_BACK_RIGHT/n008-2018-08-31-11-19-57-0400__CAM_BACK_RIGHT__1535728941378113.jpg"], "intrinsics": [[[1257.8625342125129, 0.0, 827.2410631095686], [0.0, 1257.8625342125129, 450.915498205774], [0.0, 0.0, 1.0]], [[1252.8131021185304, 0.0, 826.588114781398], [0.0, 1252.8131021185304, 469.9846626224581], [0.0, 0.0, 1.0]], [[1256.7485116440405, 0.0, 817.7887570959712], [0.0, 1256.7485116440403, 451.9541780095127], [0.0, 0.0, 1.0]], [[1254.9860565800168, 0.0, 829.5769333630991], [0.0, 1254.9860565800168, 467.1680561863987], [0.0, 0.0, 1.0]], [[796.8910634503094, 0.0, 857.7774326863696], [0.0, 796.8910634503094, 476.8848988407415], [0.0, 0.0, 1.0]], [[1249.9629280788233, 0.0, 825.3768045375984], [0.0, 1249.9629280788233, 462.54816385708756], [0.0, 0.0, 1.0]]], "extrinsics": [[[0.8224042057991028, -0.5687997937202454, 0.010870927944779396, -0.6708984375], [0.03727572411298752, 0.034808263182640076, -0.9986985921859741, 1.5031967163085938], [0.567681074142456, 0.8217390775680542, 0.04982888698577881, -1.1075439453125], [0.0, 0.0, 0.0, 1.0]], [[0.01076153852045536, -0.9994860887527466, -0.030194759368896484, 0.0115966796875], [0.03892857953906059, 0.030592378228902817, -0.9987736344337463, 1.492919921875], [0.9991840720176697, 0.009572851471602917, 0.03923778980970383, -1.405059814453125], [0.0, 0.0, 0.0, 1.0]], [[-0.8430323600769043, -0.53543621301651, -0.05103323236107826, 0.8795166015625], [0.04660942405462265, 0.021799739450216293, -0.9986752867698669, 1.5047569274902344], [0.5358394980430603, -0.8442942500114441, 0.006578489672392607, -1.1409912109375], [0.0, 0.0, 0.0, 1.0]], [[0.9474442601203918, 0.31844502687454224, 0.03069157525897026, -1.15643310546875], [0.02001948468387127, 0.036732736974954605, -0.9991245865821838, 1.5617828369140625], [-0.31929367780685425, 0.9472293853759766, 0.028427118435502052, -0.1517333984375], [0.0, 0.0, 0.0, 1.0]], [[0.008600735105574131, 0.9995288848876953, 0.029461337253451347, -0.02880859375], [0.022627487778663635, 0.02926034666597843, -0.999315619468689, 1.5699920654296875], [-0.9997069835662842, 0.009261482395231724, -0.02236516959965229, -0.041839599609375], [0.0, 0.0, 0.0, 1.0]], [[-0.923346996307373, 0.38329723477363586, -0.02266055718064308, 0.9960174560546875], [0.027292167767882347, 0.006648954004049301, -0.9996053576469421, 1.5526485443115234], [-0.38299524784088135, -0.9236010909080505, -0.01660030148923397, -0.110595703125], [0.0, 0.0, 0.0, 1.0]]], "view": [[0.0, -2.0, 100.0], [-2.0, 0.0, 100.0], [0.0, 0.0, 1.0]], "bev": "bev_73519837d61a403698862c4438904dab.png", "aux": "aux_73519837d61a403698862c4438904dab.npz", "visibility": "visibility_73519837d61a403698862c4438904dab.png", "pose": [[-0.7569196224212646, -0.6535079479217529, 0.0, 1444.651611328125], [0.6535079479217529, -0.7569196224212646, 0.0, 926.3038330078125], [0.0, 0.0, 1.0, 0.0], [0.0, 0.0, 0.0, 1.0]], "pose_inverse": [[-0.7569196224212646, 0.6535079479217529, 0.0, 488.13824462890625], [-0.6535079479217529, -0.7569196224212646, 0.0, 1645.2288818359375], [0.0, 0.0, 1.0, 0.0], [0.0, 0.0, 0.0, 1.0]], "cam_ids": [0, 1, 2, 3, 4, 5], "cam_channels": ["CAM_FRONT_LEFT", "CAM_FRONT", "CAM_FRONT_RIGHT", "CAM_BACK_LEFT", "CAM_BACK", "CAM_BACK_RIGHT"], "token": "73519837d61a403698862c4438904dab", "scene": "scene-0287"}, {"images": ["samples/CAM_FRONT_LEFT/n008-2018-08-31-11-19-57-0400__CAM_FRONT_LEFT__1535728941854799.jpg", "samples/CAM_FRONT/n008-2018-08-31-11-19-57-0400__CAM_FRONT__1535728941862404.jpg", "samples/CAM_FRONT_RIGHT/n008-2018-08-31-11-19-57-0400__CAM_FRONT_RIGHT__1535728941870482.jpg", "samples/CAM_BACK_LEFT/n008-2018-08-31-11-19-57-0400__CAM_BACK_LEFT__1535728941897405.jpg", "samples/CAM_BACK/n008-2018-08-31-11-19-57-0400__CAM_BACK__1535728941887558.jpg", "samples/CAM_BACK_RIGHT/n008-2018-08-31-11-19-57-0400__CAM_BACK_RIGHT__1535728941878113.jpg"], "intrinsics": [[[1257.8625342125129, 0.0, 827.2410631095686], [0.0, 1257.8625342125129, 450.915498205774], [0.0, 0.0, 1.0]], [[1252.8131021185304, 0.0, 826.588114781398], [0.0, 1252.8131021185304, 469.9846626224581], [0.0, 0.0, 1.0]], [[1256.7485116440405, 0.0, 817.7887570959712], [0.0, 1256.7485116440403, 451.9541780095127], [0.0, 0.0, 1.0]], [[1254.9860565800168, 0.0, 829.5769333630991], [0.0, 1254.9860565800168, 467.1680561863987], [0.0, 0.0, 1.0]], [[796.8910634503094, 0.0, 857.7774326863696], [0.0, 796.8910634503094, 476.8848988407415], [0.0, 0.0, 1.0]], [[1249.9629280788233, 0.0, 825.3768045375984], [0.0, 1249.9629280788233, 462.54816385708756], [0.0, 0.0, 1.0]]], "extrinsics": [[[0.8223923444747925, -0.5689056515693665, -0.004155106842517853, -0.66717529296875], [0.02516876347362995, 0.043677590787410736, -0.9987285733222961, 1.4983673095703125], [0.5683637857437134, 0.8212422132492065, 0.05023876577615738, -1.10498046875], [0.0, 0.0, 0.0, 1.0]], [[0.01025111973285675, -0.9991634488105774, -0.03958965837955475, 0.0118408203125], [0.027264919131994247, 0.039856310933828354, -0.9988333582878113, 1.4891357421875], [0.9995756149291992, 0.009159661829471588, 0.027650680392980576, -1.40093994140625], [0.0, 0.0, 0.0, 1.0]], [[-0.8436319231987, -0.5348840355873108, -0.04673653841018677, 0.876953125], [0.035407472401857376, 0.031433455646038055, -0.9988784790039062, 1.50201416015625], [0.5357532501220703, -0.8443406224250793, -0.0075793759897351265, -1.13916015625], [0.0, 0.0, 0.0, 1.0]], [[0.9477065205574036, 0.3181833326816559, 0.024732515215873718, -1.15460205078125], [0.010110042989253998, 0.047525905072689056, -0.9988188147544861, 1.5619277954101562], [-0.31898292899131775, 0.9468372464179993, 0.04182376340031624, -0.1527099609375], [0.0, 0.0, 0.0, 1.0]], [[0.008986096829175949, 0.9991656541824341, 0.03983905166387558, -0.02880859375], [0.012158284895122051, 0.03972854092717171, -0.9991365075111389, 1.5690765380859375], [-0.9998856782913208, 0.009462748654186726, -0.011791136115789413, -0.041839599609375], [0.0, 0.0, 0.0, 1.0]], [[-0.9234931468963623, 0.3835154175758362, -0.008736474439501762, 0.9943389892578125], [0.016379190608859062, 0.016666820272803307, -0.9997268915176392, 1.5507240295410156], [-0.38326507806777954, -0.9233840703964233, -0.02167336642742157, -0.11083984375], [0.0, 0.0, 0.0, 1.0]]], "view": [[0.0, -2.0, 100.0], [-2.0, 0.0, 100.0], [0.0, 0.0, 1.0]], "bev": "bev_286a20b87b174fee81b227612565e763.png", "aux": "aux_286a20b87b174fee81b227612565e763.npz", "visibility": "visibility_286a20b87b174fee81b227612565e763.png", "pose": [[-0.7578051090240479, -0.652480959892273, 0.0, 1440.9776611328125], [0.652480959892273, -0.7578051090240479, 0.0, 929.505615234375], [0.0, 0.0, 1.0, 0.0], [0.0, 0.0, 0.0, 1.0]], "pose_inverse": [[-0.7578051090240479, 0.652480959892273, 0.0, 485.4955749511719], [-0.652480959892273, -0.7578051090240479, 0.0, 1644.5946044921875], [0.0, 0.0, 1.0, 0.0], [0.0, 0.0, 0.0, 1.0]], "cam_ids": [0, 1, 2, 3, 4, 5], "cam_channels": ["CAM_FRONT_LEFT", "CAM_FRONT", "CAM_FRONT_RIGHT", "CAM_BACK_LEFT", "CAM_BACK", "CAM_BACK_RIGHT"], "token": "286a20b87b174fee81b227612565e763", "scene": "scene-0287"}, {"images": ["samples/CAM_FRONT_LEFT/n008-2018-08-31-11-19-57-0400__CAM_FRONT_LEFT__1535728942354799.jpg", "samples/CAM_FRONT/n008-2018-08-31-11-19-57-0400__CAM_FRONT__1535728942362404.jpg", "samples/CAM_FRONT_RIGHT/n008-2018-08-31-11-19-57-0400__CAM_FRONT_RIGHT__1535728942370482.jpg", "samples/CAM_BACK_LEFT/n008-2018-08-31-11-19-57-0400__CAM_BACK_LEFT__1535728942397405.jpg", "samples/CAM_BACK/n008-2018-08-31-11-19-57-0400__CAM_BACK__1535728942387558.jpg", "samples/CAM_BACK_RIGHT/n008-2018-08-31-11-19-57-0400__CAM_BACK_RIGHT__1535728942378113.jpg"], "intrinsics": [[[1257.8625342125129, 0.0, 827.2410631095686], [0.0, 1257.8625342125129, 450.915498205774], [0.0, 0.0, 1.0]], [[1252.8131021185304, 0.0, 826.588114781398], [0.0, 1252.8131021185304, 469.9846626224581], [0.0, 0.0, 1.0]], [[1256.7485116440405, 0.0, 817.7887570959712], [0.0, 1256.7485116440403, 451.9541780095127], [0.0, 0.0, 1.0]], [[1254.9860565800168, 0.0, 829.5769333630991], [0.0, 1254.9860565800168, 467.1680561863987], [0.0, 0.0, 1.0]], [[796.8910634503094, 0.0, 857.7774326863696], [0.0, 796.8910634503094, 476.8848988407415], [0.0, 0.0, 1.0]], [[1249.9629280788233, 0.0, 825.3768045375984], [0.0, 1249.9629280788233, 462.54816385708756], [0.0, 0.0, 1.0]]], "extrinsics": [[[0.822494626045227, -0.5687560439109802, -0.004385840613394976, -0.66229248046875], [0.021875109523534775, 0.039337702095508575, -0.9989864826202393, 1.4973220825195312], [0.5683521628379822, 0.8215650320053101, 0.0447966493666172, -1.098388671875], [0.0, 0.0, 0.0, 1.0]], [[0.0103280209004879, -0.9993442296981812, -0.034703925251960754, 0.0098876953125], [0.023981217294931412, 0.03494333475828171, -0.9991015195846558, 1.48828125], [0.9996590614318848, 0.009486489929258823, 0.02432638593018055, -1.39459228515625], [0.0, 0.0, 0.0, 1.0]], [[-0.8436852693557739, -0.5352673530578613, -0.04103713110089302, 0.87158203125], [0.03212449327111244, 0.025966724380850792, -0.9991464614868164, 1.5014152526855469], [0.5358760952949524, -0.8442834615707397, -0.004712550435215235, -1.1375732421875], [0.0, 0.0, 0.0, 1.0]], [[0.9477719068527222, 0.3183576464653015, 0.019410481676459312, -1.150146484375], [0.0069472757168114185, 0.040237314999103546, -0.9991660118103027, 1.5619964599609375], [-0.31887322664260864, 0.9471162557601929, 0.03592407703399658, -0.1539306640625], [0.0, 0.0, 0.0, 1.0]], [[0.00901865679770708, 0.9994109272956848, 0.033113401383161545, -0.0283203125], [0.0089722890406847, 0.03303253650665283, -0.9994139671325684, 1.5688705444335938], [-0.999919056892395, 0.00931041594594717, -0.008669095113873482, -0.0467529296875], [0.0, 0.0, 0.0, 1.0]], [[-0.9235724210739136, 0.3833409547805786, -0.007970752194523811, 0.9900054931640625], [0.01305184606462717, 0.010655543766915798, -0.999858021736145, 1.5502166748046875], [-0.38320156931877136, -0.9235454201698303, -0.01484447531402111, -0.114013671875], [0.0, 0.0, 0.0, 1.0]]], "view": [[0.0, -2.0, 100.0], [-2.0, 0.0, 100.0], [0.0, 0.0, 1.0]], "bev": "bev_d96a3e42c23e42a38ddfd0013c2ee538.png", "aux": "aux_d96a3e42c23e42a38ddfd0013c2ee538.npz", "visibility": "visibility_d96a3e42c23e42a38ddfd0013c2ee538.png", "pose": [[-0.7604096531867981, -0.6494436860084534, 0.0, 1437.2171630859375], [0.6494436860084534, -0.7604096531867981, 0.0, 932.7579956054688], [0.0, 0.0, 1.0, 0.0], [0.0, 0.0, 0.0, 1.0]], "pose_inverse": [[-0.7604096531867981, 0.6494436860084534, 0.0, 487.10003662109375], [-0.6494436860084534, -0.7604096531867981, 0.0, 1642.6697998046875], [0.0, 0.0, 1.0, 0.0], [0.0, 0.0, 0.0, 1.0]], "cam_ids": [0, 1, 2, 3, 4, 5], "cam_channels": ["CAM_FRONT_LEFT", "CAM_FRONT", "CAM_FRONT_RIGHT", "CAM_BACK_LEFT", "CAM_BACK", "CAM_BACK_RIGHT"], "token": "d96a3e42c23e42a38ddfd0013c2ee538", "scene": "scene-0287"}, {"images": ["samples/CAM_FRONT_LEFT/n008-2018-08-31-11-19-57-0400__CAM_FRONT_LEFT__1535728942904799.jpg", "samples/CAM_FRONT/n008-2018-08-31-11-19-57-0400__CAM_FRONT__1535728942912412.jpg", "samples/CAM_FRONT_RIGHT/n008-2018-08-31-11-19-57-0400__CAM_FRONT_RIGHT__1535728942920482.jpg", "samples/CAM_BACK_LEFT/n008-2018-08-31-11-19-57-0400__CAM_BACK_LEFT__1535728942947405.jpg", "samples/CAM_BACK/n008-2018-08-31-11-19-57-0400__CAM_BACK__1535728942937558.jpg", "samples/CAM_BACK_RIGHT/n008-2018-08-31-11-19-57-0400__CAM_BACK_RIGHT__1535728942928113.jpg"], "intrinsics": [[[1257.8625342125129, 0.0, 827.2410631095686], [0.0, 1257.8625342125129, 450.915498205774], [0.0, 0.0, 1.0]], [[1252.8131021185304, 0.0, 826.588114781398], [0.0, 1252.8131021185304, 469.9846626224581], [0.0, 0.0, 1.0]], [[1256.7485116440405, 0.0, 817.7887570959712], [0.0, 1256.7485116440403, 451.9541780095127], [0.0, 0.0, 1.0]], [[1254.9860565800168, 0.0, 829.5769333630991], [0.0, 1254.9860565800168, 467.1680561863987], [0.0, 0.0, 1.0]], [[796.8910634503094, 0.0, 857.7774326863696], [0.0, 796.8910634503094, 476.8848988407415], [0.0, 0.0, 1.0]], [[1249.9629280788233, 0.0, 825.3768045375984], [0.0, 1249.9629280788233, 462.54816385708756], [0.0, 0.0, 1.0]]], "extrinsics": [[[0.8222076296806335, -0.5691837668418884, -0.0021131259854882956, -0.6435546875], [0.02071927674114704, 0.033639438450336456, -0.9992191791534424, 1.4973526000976562], [0.5688104629516602, 0.8215218782424927, 0.03945167735219002, -1.084716796875], [0.0, 0.0, 0.0, 1.0]], [[0.010045146569609642, -0.9995168447494507, -0.02941565029323101, 0.0096435546875], [0.02255987375974655, 0.02963618002831936, -0.9993061423301697, 1.4883003234863281], [0.9996950030326843, 0.009374536573886871, 0.02284667268395424, -1.373321533203125], [0.0, 0.0, 0.0, 1.0]], [[-0.8437908291816711, -0.5353952050209045, -0.03700194135308266, 0.8551025390625], [0.030459357425570488, 0.021059654653072357, -0.9993141293525696, 1.5015792846679688], [0.5358072519302368, -0.84433913230896, -0.0014621512964367867, -1.127685546875], [0.0, 0.0, 0.0, 1.0]], [[0.9478027820587158, 0.3184378147125244, 0.016346316784620285, -1.1376953125], [0.004885596223175526, 0.03675597906112671, -0.9993123412132263, 1.5620803833007812], [-0.31881970167160034, 0.9472309350967407, 0.033281661570072174, -0.1580810546875], [0.0, 0.0, 0.0, 1.0]], [[0.00907421950250864, 0.9995359778404236, 0.02907858043909073, -0.028076171875], [0.007104910910129547, 0.029014594852924347, -0.9995536804199219, 1.568817138671875], [-0.9999336004257202, 0.009276676923036575, -0.006838328670710325, -0.06182861328125], [0.0, 0.0, 0.0, 1.0]], [[-0.9235826730728149, 0.38331353664398193, -0.00811441708356142, 0.9741668701171875], [0.011328079737722874, 0.006127289496362209, -0.9999170899391174, 1.5501012802124023], [-0.3832319974899292, -0.9235979914665222, -0.010001263581216335, -0.1209716796875], [0.0, 0.0, 0.0, 1.0]]], "view": [[0.0, -2.0, 100.0], [-2.0, 0.0, 100.0], [0.0, 0.0, 1.0]], "bev": "bev_b224f5908ee142d49bb477e638d11c31.png", "aux": "aux_b224f5908ee142d49bb477e638d11c31.npz", "visibility": "visibility_b224f5908ee142d49bb477e638d11c31.png", "pose": [[-0.760990560054779, -0.6487630009651184, 0.0, 1433.03125], [0.6487630009651184, -0.760990560054779, 0.0, 936.378662109375], [0.0, 0.0, 1.0, 0.0], [0.0, 0.0, 0.0, 1.0]], "pose_inverse": [[-0.760990560054779, 0.6487630009651184, 0.0, 483.035400390625], [-0.6487630009651184, -0.760990560054779, 0.0, 1642.27294921875], [0.0, 0.0, 1.0, 0.0], [0.0, 0.0, 0.0, 1.0]], "cam_ids": [0, 1, 2, 3, 4, 5], "cam_channels": ["CAM_FRONT_LEFT", "CAM_FRONT", "CAM_FRONT_RIGHT", "CAM_BACK_LEFT", "CAM_BACK", "CAM_BACK_RIGHT"], "token": "b224f5908ee142d49bb477e638d11c31", "scene": "scene-0287"}, {"images": ["samples/CAM_FRONT_LEFT/n008-2018-08-31-11-19-57-0400__CAM_FRONT_LEFT__1535728943404799.jpg", "samples/CAM_FRONT/n008-2018-08-31-11-19-57-0400__CAM_FRONT__1535728943412404.jpg", "samples/CAM_FRONT_RIGHT/n008-2018-08-31-11-19-57-0400__CAM_FRONT_RIGHT__1535728943420482.jpg", "samples/CAM_BACK_LEFT/n008-2018-08-31-11-19-57-0400__CAM_BACK_LEFT__1535728943447405.jpg", "samples/CAM_BACK/n008-2018-08-31-11-19-57-0400__CAM_BACK__1535728943437558.jpg", "samples/CAM_BACK_RIGHT/n008-2018-08-31-11-19-57-0400__CAM_BACK_RIGHT__1535728943428113.jpg"], "intrinsics": [[[1257.8625342125129, 0.0, 827.2410631095686], [0.0, 1257.8625342125129, 450.915498205774], [0.0, 0.0, 1.0]], [[1252.8131021185304, 0.0, 826.588114781398], [0.0, 1252.8131021185304, 469.9846626224581], [0.0, 0.0, 1.0]], [[1256.7485116440405, 0.0, 817.7887570959712], [0.0, 1256.7485116440403, 451.9541780095127], [0.0, 0.0, 1.0]], [[1254.9860565800168, 0.0, 829.5769333630991], [0.0, 1254.9860565800168, 467.1680561863987], [0.0, 0.0, 1.0]], [[796.8910634503094, 0.0, 857.7774326863696], [0.0, 796.8910634503094, 476.8848988407415], [0.0, 0.0, 1.0]], [[1249.9629280788233, 0.0, 825.3768045375984], [0.0, 1249.9629280788233, 462.54816385708756], [0.0, 0.0, 1.0]]], "extrinsics": [[[0.8229110836982727, -0.5681408047676086, -0.005781747400760651, -0.62640380859375], [0.021853400394320488, 0.04181835427880287, -0.9988861680030823, 1.4980850219726562], [0.5677496790885925, 0.8218682408332825, 0.04682859405875206, -1.0780029296875], [0.0, 0.0, 0.0, 1.0]], [[0.01117440965026617, -0.9992416501045227, -0.037298861891031265, 0.013671875], [0.024138828739523888, 0.037559885531663895, -0.9990028142929077, 1.4891357421875], [0.9996461868286133, 0.01026285719126463, 0.024540234357118607, -1.35675048828125], [0.0, 0.0, 0.0, 1.0]], [[-0.8432179689407349, -0.5358618497848511, -0.042844172567129135, 0.84423828125], [0.03251311555504799, 0.028716735541820526, -0.9990586638450623, 1.5025367736816406], [0.5365877747535706, -0.8438171744346619, -0.006791932508349419, -1.116455078125], [0.0, 0.0, 0.0, 1.0]], [[0.9477359056472778, 0.3183245062828064, 0.02158964052796364, -1.12841796875], [0.008096984587609768, 0.043649014085531235, -0.999014139175415, 1.5621566772460938], [-0.3189530670642853, 0.9469764232635498, 0.0387902669608593, -0.1617431640625], [0.0, 0.0, 0.0, 1.0]], [[0.008621789515018463, 0.9993048906326294, 0.03626823425292969, -0.029541015625], [0.009770005941390991, 0.036183666437864304, -0.9992973208427429, 1.56915283203125], [-0.9999150633811951, 0.008970186114311218, -0.0094512440264225, -0.073883056640625], [0.0, 0.0, 0.0, 1.0]], [[-0.9238353371620178, 0.38271683