[{"images": ["samples/CAM_FRONT_LEFT/n015-2018-07-18-11-18-34+0800__CAM_FRONT_LEFT__1531884156904844.jpg", "samples/CAM_FRONT/n015-2018-07-18-11-18-34+0800__CAM_FRONT__1531884156912465.jpg", "samples/CAM_FRONT_RIGHT/n015-2018-07-18-11-18-34+0800__CAM_FRONT_RIGHT__1531884156920339.jpg", "samples/CAM_BACK_LEFT/n015-2018-07-18-11-18-34+0800__CAM_BACK_LEFT__1531884156947423.jpg", "samples/CAM_BACK/n015-2018-07-18-11-18-34+0800__CAM_BACK__1531884156937525.jpg", "samples/CAM_BACK_RIGHT/n015-2018-07-18-11-18-34+0800__CAM_BACK_RIGHT__1531884156927893.jpg"], "intrinsics": [[[1272.5979470598488, 0.0, 826.6154927353808], [0.0, 1272.5979470598488, 479.75165386361925], [0.0, 0.0, 1.0]], [[1266.417203046554, 0.0, 816.2670197447984], [0.0, 1266.417203046554, 491.50706579294757], [0.0, 0.0, 1.0]], [[1260.8474446004698, 0.0, 807.968244525554], [0.0, 1260.8474446004698, 495.3344268742088], [0.0, 0.0, 1.0]], [[1256.7414812095406, 0.0, 792.1125740759628], [0.0, 1256.7414812095406, 492.7757465151356], [0.0, 0.0, 1.0]], [[809.2209905677063, 0.0, 829.2196003259838], [0.0, 809.2209905677063, 481.77842384512485], [0.0, 0.0, 1.0]], [[1259.5137405846733, 0.0, 807.2529053838625], [0.0, 1259.5137405846733, 501.19579884916527], [0.0, 0.0, 1.0]]], "extrinsics": [[[0.8202515840530396, -0.5713092088699341, -0.0281633660197258, -0.59405517578125], [-0.049578435719013214, -0.021958088502287865, -0.9985288381576538, 1.4858665466308594], [0.5698502659797668, 0.8204411268234253, -0.04633577540516853, -1.0234375], [0.0, 0.0, 0.0, 1.0]], [[0.0067132096737623215, -0.9996443390846252, 0.025810079649090767, 0.0078125], [-0.05489421263337135, -0.02614014223217964, -0.9981499314308167, 1.4999847412109375], [0.9984695911407471, 0.005283958278596401, -0.05505017563700676, -1.31842041015625], [0.0, 0.0, 0.0, 1.0]], [[-0.8318437337875366, -0.5530925989151001, 0.046092089265584946, 0.7874755859375], [-0.049316830933094025, -0.009058532305061817, -0.9987420439720154, 1.4891204833984375], [0.5528143644332886, -0.8330705165863037, -0.019741490483283997, -1.0855712890625], [0.0, 0.0, 0.0, 1.0]], [[0.946748673915863, 0.31788748502731323, -0.051132574677467346, -1.12738037109375], [-0.04046802595257759, -0.040066223591566086, -0.9983772039413452, 1.5879287719726562], [-0.31942030787467957, 0.9472814202308655, -0.025068366900086403, -0.10888671875], [0.0, 0.0, 0.0, 1.0]], [[0.00176511041354388, 0.9995517134666443, -0.02988622523844242, 0.0029296875], [-0.06596750766038895, -0.029704781249165535, -0.9973795413970947, 1.5716018676757812], [-0.9978201985359192, 0.0037320044357329607, 0.0658854991197586, -0.115447998046875], [0.0, 0.0, 0.0, 1.0]], [[-0.9344286322593689, 0.3551827371120453, 0.026236243546009064, 0.933563232421875], [-0.03344551473855972, -0.014171619899570942, -0.9993400573730469, 1.5442047119140625], [-0.35457655787467957, -0.9346894025802612, 0.02512163668870926, -0.14013671875], [0.0, 0.0, 0.0, 1.0]]], "view": [[0.0, -2.0, 100.0], [-2.0, 0.0, 100.0], [0.0, 0.0, 1.0]], "bev": "bev_7ba9d78d92914fd5a204d3bc1233bd4e.png", "aux": "aux_7ba9d78d92914fd5a204d3bc1233bd4e.npz", "visibility": "visibility_7ba9d78d92914fd5a204d3bc1233bd4e.png", "pose": [[0.990562379360199, 0.13706254959106445, 0.0, 683.1729125976562], [-0.13706254959106445, 0.990562379360199, 0.0, 1470.35595703125], [0.0, 0.0, 1.0, 0.0], [0.0, 0.0, 0.0, 1.0]], "pose_inverse": [[0.990562379360199, -0.13706254959106445, 0.0, -475.1946716308594], [0.13706254959106445, 0.990562379360199, 0.0, -1550.11669921875], [0.0, 0.0, 1.0, 0.0], [0.0, 0.0, 0.0, 1.0]], "cam_ids": [0, 1, 2, 3, 4, 5], "cam_channels": ["CAM_FRONT_LEFT", "CAM_FRONT", "CAM_FRONT_RIGHT", "CAM_BACK_LEFT", "CAM_BACK", "CAM_BACK_RIGHT"], "token": "7ba9d78d92914fd5a204d3bc1233bd4e", "scene": "scene-0006"}, {"images": ["samples/CAM_FRONT_LEFT/n015-2018-07-18-11-18-34+0800__CAM_FRONT_LEFT__1531884157404844.jpg", "samples/CAM_FRONT/n015-2018-07-18-11-18-34+0800__CAM_FRONT__1531884157412465.jpg", "samples/CAM_FRONT_RIGHT/n015-2018-07-18-11-18-34+0800__CAM_FRONT_RIGHT__1531884157420339.jpg", "samples/CAM_BACK_LEFT/n015-2018-07-18-11-18-34+0800__CAM_BACK_LEFT__1531884157447423.jpg", "samples/CAM_BACK/n015-2018-07-18-11-18-34+0800__CAM_BACK__1531884157437525.jpg", "samples/CAM_BACK_RIGHT/n015-2018-07-18-11-18-34+0800__CAM_BACK_RIGHT__1531884157427893.jpg"], "intrinsics": [[[1272.5979470598488, 0.0, 826.6154927353808], [0.0, 1272.5979470598488, 479.75165386361925], [0.0, 0.0, 1.0]], [[1266.417203046554, 0.0, 816.2670197447984], [0.0, 1266.417203046554, 491.50706579294757], [0.0, 0.0, 1.0]], [[1260.8474446004698, 0.0, 807.968244525554], [0.0, 1260.8474446004698, 495.3344268742088], [0.0, 0.0, 1.0]], [[1256.7414812095406, 0.0, 792.1125740759628], [0.0, 1256.7414812095406, 492.7757465151356], [0.0, 0.0, 1.0]], [[809.2209905677063, 0.0, 829.2196003259838], [0.0, 809.2209905677063, 481.77842384512485], [0.0, 0.0, 1.0]], [[1259.5137405846733, 0.0, 807.2529053838625], [0.0, 1259.5137405846733, 501.19579884916527], [0.0, 0.0, 1.0]]], "extrinsics": [[[0.8199416995048523, -0.5718390345573425, -0.026375116780400276, -0.613250732421875], [-0.05018850415945053, -0.02591399848461151, -0.9984035491943359, 1.4867630004882812], [0.5702426433563232, 0.8199564218521118, -0.04994771629571915, -1.0367431640625], [0.0, 0.0, 0.0, 1.0]], [[0.006021238397806883, -0.9995492696762085, 0.02940964326262474, 0.007568359375], [-0.0555100254714489, -0.0296989306807518, -0.998016357421875, 1.5008926391601562], [0.9984399080276489, 0.004376750905066729, -0.055663831532001495, -1.3389892578125], [0.0, 0.0, 0.0, 1.0]], [[-0.8323107957839966, -0.5521953105926514, 0.04836289957165718, 0.8016357421875], [-0.04992207884788513, -0.012220844626426697, -0.9986783266067505, 1.4898109436035156], [0.5520564913749695, -0.8336251378059387, -0.017395196482539177, -1.0960693359375], [0.0, 0.0, 0.0, 1.0]], [[0.9467151165008545, 0.31773558259010315, -0.05267324671149254, -1.12939453125], [-0.04143437370657921, -0.04203139990568161, -0.9982567429542542, 1.5879898071289062], [-0.31939563155174255, 0.947247326374054, -0.0266265906393528, -0.1080322265625], [0.0, 0.0, 0.0, 1.0]], [[0.0021120200399309397, 0.9994755387306213, -0.03231373801827431, 0.0030517578125], [-0.06673888117074966, -0.03210088610649109, -0.997253954410553, 1.5720367431640625], [-0.9977682828903198, 0.00426279753446579, 0.0666360855102539, -0.10760498046875], [0.0, 0.0, 0.0, 1.0]], [[-0.9341759085655212, 0.355878621339798, 0.025801824405789375, 0.9462509155273438], [-0.03408508747816086, -0.01702372543513775, -0.9992738962173462, 1.5445060729980469], [-0.355180948972702, -0.9343770742416382, 0.028033308684825897, -0.135986328125], [0.0, 0.0, 0.0, 1.0]]], "view": [[0.0, -2.0, 100.0], [-2.0, 0.0, 100.0], [0.0, 0.0, 1.0]], "bev": "bev_7cd4d6bcc3ec4969a70ccc2ace6880bc.png", "aux": "aux_7cd4d6bcc3ec4969a70ccc2ace6880bc.npz", "visibility": "visibility_7cd4d6bcc3ec4969a70ccc2ace6880bc.png", "pose": [[0.9901514053344727, 0.14000065624713898, 0.0, 688.093505859375], [-0.14000065624713898, 0.9901514053344727, 0.0, 1469.6602783203125], [0.0, 0.0, 1.0, 0.0], [0.0, 0.0, 0.0, 1.0]], "pose_inverse": [[0.9901514053344727, -0.14000065624713898, 0.0, -475.5633544921875], [0.14000065624713898, 0.9901514053344727, 0.0, -1551.519775390625], [0.0, 0.0, 1.0, 0.0], [0.0, 0.0, 0.0, 1.0]], "cam_ids": [0, 1, 2, 3, 4, 5], "cam_channels": ["CAM_FRONT_LEFT", "CAM_FRONT", "CAM_FRONT_RIGHT", "CAM_BACK_LEFT", "CAM_BACK", "CAM_BACK_RIGHT"], "token": "7cd4d6bcc3ec4969a70ccc2ace6880bc", "scene": "scene-0006"}, {"images": ["samples/CAM_FRONT_LEFT/n015-2018-07-18-11-18-34+0800__CAM_FRONT_LEFT__1531884157904844.jpg", "samples/CAM_FRONT/n015-2018-07-18-11-18-34+0800__CAM_FRONT__1531884157912462.jpg", "samples/CAM_FRONT_RIGHT/n015-2018-07-18-11-18-34+0800__CAM_FRONT_RIGHT__1531884157920339.jpg", "samples/CAM_BACK_LEFT/n015-2018-07-18-11-18-34+0800__CAM_BACK_LEFT__1531884157947423.jpg", "samples/CAM_BACK/n015-2018-07-18-11-18-34+0800__CAM_BACK__1531884157937525.jpg", "samples/CAM_BACK_RIGHT/n015-2018-07-18-11-18-34+0800__CAM_BACK_RIGHT__1531884157927893.jpg"], "intrinsics": [[[1272.5979470598488, 0.0, 826.6154927353808], [0.0, 1272.5979470598488, 479.75165386361925], [0.0, 0.0, 1.0]], [[1266.417203046554, 0.0, 816.2670197447984], [0.0, 1266.417203046554, 491.50706579294757], [0.0, 0.0, 1.0]], [[1260.8474446004698, 0.0, 807.968244525554], [0.0, 1260.8474446004698, 495.3344268742088], [0.0, 0.0, 1.0]], [[1256.7414812095406, 0.0, 792.1125740759628], [0.0, 1256.7414812095406, 492.7757465151356], [0.0, 0.0, 1.0]], [[809.2209905677063, 0.0, 829.2196003259838], [0.0, 809.2209905677063, 481.77842384512485], [0.0, 0.0, 1.0]], [[1259.5137405846733, 0.0, 807.2529053838625], [0.0, 1259.5137405846733, 501.19579884916527], [0.0, 0.0, 1.0]]], "extrinsics": [[[0.8197826743125916, -0.5720894932746887, -0.025882355868816376, -0.618682861328125], [-0.04877905175089836, -0.02472444623708725, -0.9985035061836243, 1.4876823425292969], [0.5705934762954712, 0.819818377494812, -0.0481746606528759, -1.0400390625], [0.0, 0.0, 0.0, 1.0]], [[0.005771174561232328, -0.9995756149291992, 0.028551800176501274, 0.00732421875], [-0.053879547864198685, -0.028821630403399467, -0.9981314539909363, 1.5017547607421875], [0.9985306262969971, 0.0042220065370202065, -0.05402301996946335, -1.344207763671875], [0.0, 0.0, 0.0, 1.0]], [[-0.8324244618415833, -0.5521833896636963, 0.04650726541876793, 0.80517578125], [-0.04806060716509819, -0.01166917197406292, -0.9987762570381165, 1.4905319213867188], [0.5520503520965576, -0.833640992641449, -0.016824565827846527, -1.097900390625], [0.0, 0.0, 0.0, 1.0]], [[0.9468259215354919, 0.31777727603912354, -0.050381384789943695, -1.12554931640625], [-0.038995906710624695, -0.04209250211715698, -0.9983524084091187, 1.5878677368164062], [-0.31937435269355774, 0.9472305774688721, -0.02746226266026497, -0.1094970703125], [0.0, 0.0, 0.0, 1.0]], [[0.002168433740735054, 0.999477207660675, -0.03225824236869812, 0.0029296875], [-0.06445594877004623, -0.03205154091119766, -0.9974057078361511, 1.5722198486328125], [-0.9979182481765747, 0.004242029041051865, 0.06435274332761765, -0.10870361328125], [0.0, 0.0, 0.0, 1.0]], [[-0.9342219829559326, 0.3558860719203949, 0.023966744542121887, 0.9477310180664062], [-0.032014381140470505, -0.0167397391051054, -0.9993472099304199, 1.5449905395507812], [-0.35525256395339966, -0.9343793988227844, 0.02703210525214672, -0.13525390625], [0.0, 0.0, 0.0, 1.0]]], "view": [[0.0, -2.0, 100.0], [-2.0, 0.0, 100.0], [0.0, 0.0, 1.0]], "bev": "bev_f347756c093b4c8b951fac2ec3d94160.png", "aux": "aux_f347756c093b4c8b951fac2ec3d94160.npz", "visibility": "visibility_f347756c093b4c8b951fac2ec3d94160.png", "pose": [[0.9900112748146057, 0.1409880667924881, 0.0, 692.803466796875], [-0.1409880667924881, 0.9900112748146057, 0.0, 1468.9827880859375], [0.0, 0.0, 1.0, 0.0], [0.0, 0.0, 0.0, 1.0]], "pose_inverse": [[0.9900112748146057, -0.1409880667924881, 0.0, -478.7742004394531], [0.1409880667924881, 0.9900112748146057, 0.0, -1551.986572265625], [0.0, 0.0, 1.0, 0.0], [0.0, 0.0, 0.0, 1.0]], "cam_ids": [0, 1, 2, 3, 4, 5], "cam_channels": ["CAM_FRONT_LEFT", "CAM_FRONT", "CAM_FRONT_RIGHT", "CAM_BACK_LEFT", "CAM_BACK", "CAM_BACK_RIGHT"], "token": "f347756c093b4c8b951fac2ec3d94160", "scene": "scene-0006"}, {"images": ["samples/CAM_FRONT_LEFT/n015-2018-07-18-11-18-34+0800__CAM_FRONT_LEFT__1531884158404844.jpg", "samples/CAM_FRONT/n015-2018-07-18-11-18-34+0800__CAM_FRONT__1531884158414085.jpg", "samples/CAM_FRONT_RIGHT/n015-2018-07-18-11-18-34+0800__CAM_FRONT_RIGHT__1531884158420339.jpg", "samples/CAM_BACK_LEFT/n015-2018-07-18-11-18-34+0800__CAM_BACK_LEFT__1531884158447423.jpg", "samples/CAM_BACK/n015-2018-07-18-11-18-34+0800__CAM_BACK__1531884158437525.jpg", "samples/CAM_BACK_RIGHT/n015-2018-07-18-11-18-34+0800__CAM_BACK_RIGHT__1531884158427906.jpg"], "intrinsics": [[[1272.5979470598488, 0.0, 826.6154927353808], [0.0, 1272.5979470598488, 479.75165386361925], [0.0, 0.0, 1.0]], [[1266.417203046554, 0.0, 816.2670197447984], [0.0, 1266.417203046554, 491.50706579294757], [0.0, 0.0, 1.0]], [[1260.8474446004698, 0.0, 807.968244525554], [0.0, 1260.8474446004698, 495.3344268742088], [0.0, 0.0, 1.0]], [[1256.7414812095406, 0.0, 792.1125740759628], [0.0, 1256.7414812095406, 492.7757465151356], [0.0, 0.0, 1.0]], [[809.2209905677063, 0.0, 829.2196003259838], [0.0, 809.2209905677063, 481.77842384512485], [0.0, 0.0, 1.0]], [[1259.5137405846733, 0.0, 807.2529053838625], [0.0, 1259.5137405846733, 501.19579884916527], [0.0, 0.0, 1.0]]], "extrinsics": [[[0.8195086717605591, -0.5722944736480713, -0.029742741957306862, -0.646331787109375], [-0.053050681948661804, -0.02408423088490963, -0.9983013272285461, 1.4876899719238281], [0.570605993270874, 0.819694459438324, -0.05009784549474716, -1.059814453125], [0.0, 0.0, 0.0, 1.0]], [[0.005753693636506796, -0.999595046043396, 0.027867073193192482, 0.0074462890625], [-0.05840552598237991, -0.028155885636806488, -0.9978958368301392, 1.502593994140625], [0.9982762932777405, 0.004113972187042236, -0.05854387208819389, -1.385498046875], [0.0, 0.0, 0.0, 1.0]], [[-0.8322151899337769, -0.5521854162216187, 0.05009153112769127, 0.8221435546875], [-0.052826177328825, -0.010967016220092773, -0.9985435009002686, 1.49029541015625], [0.5519304275512695, -0.8336491584777832, -0.02004292421042919, -1.1087646484375], [0.0, 0.0, 0.0, 1.0]], [[0.9465816617012024, 0.3177136480808258, -0.05514724180102348, -1.13232421875], [-0.04432281479239464, -0.041203778237104416, -0.9981671571731567, 1.5880889892578125], [-0.31940361857414246, 0.9472910761833191, -0.02492077834904194, -0.10693359375], [0.0, 0.0, 0.0, 1.0]], [[0.0020773166324943304, 0.9995030760765076, -0.03145148232579231, 0.0025634765625], [-0.06965476274490356, -0.031230535358190536, -0.9970821738243103, 1.5724868774414062], [-0.9975689649581909, 0.0042619952000677586, 0.06955527514219284, -0.09686279296875], [0.0, 0.0, 0.0, 1.0]], [[-0.9340707063674927, 0.3559171259403229, 0.028895817697048187, 0.9631881713867188], [-0.03700501099228859, -0.0159952063113451, -0.9991870522499084, 1.5446052551269531], [-0.35516560077667236, -0.9343806505203247, 0.028111372143030167, -0.129150390625], [0.0, 0.0, 0.0, 1.0]]], "view": [[0.0, -2.0, 100.0], [-2.0, 0.0, 100.0], [0.0, 0.0, 1.0]], "bev": "bev_fa244f31dbf94b8896bc778006e2c959.png", "aux": "aux_fa244f31dbf94b8896bc778006e2c959.npz", "visibility": "visibility_fa244f31dbf94b8896bc778006e2c959.png", "pose": [[0.9898159503936768, 0.14235296845436096, 0.0, 697.3160400390625], [-0.14235296845436096, 0.9898159503936768, 0.0, 1468.3175048828125], [0.0, 0.0, 1.0, 0.0], [0.0, 0.0, 0.0, 1.0]], "pose_inverse": [[0.9898159503936768, -0.14235296845436096, 0.0, -481.1951904296875], [0.14235296845436096, 0.9898159503936768, 0.0, -1552.629150390625], [0.0, 0.0, 1.0, 0.0], [0.0, 0.0, 0.0, 1.0]], "cam_ids": [0, 1, 2, 3, 4, 5], "cam_channels": ["CAM_FRONT_LEFT", "CAM_FRONT", "CAM_FRONT_RIGHT", "CAM_BACK_LEFT", "CAM_BACK", "CAM_BACK_RIGHT"], "token": "fa244f31dbf94b8896bc778006e2c959", "scene": "scene-0006"}, {"images": ["samples/CAM_FRONT_LEFT/n015-2018-07-18-11-18-34+0800__CAM_FRONT_LEFT__1531884158904844.jpg", "samples/CAM_FRONT/n015-2018-07-18-11-18-34+0800__CAM_FRONT__1531884158912473.jpg", "samples/CAM_FRONT_RIGHT/n015-2018-07-18-11-18-34+0800__CAM_FRONT_RIGHT__1531884158920348.jpg", "samples/CAM_BACK_LEFT/n015-2018-07-18-11-18-34+0800__CAM_BACK_LEFT__1531884158947423.jpg", "samples/CAM_BACK/n015-2018-07-18-11-18-34+0800__CAM_BACK__1531884158937525.jpg", "samples/CAM_BACK_RIGHT/n015-2018-07-18-11-18-34+0800__CAM_BACK_RIGHT__1531884158927893.jpg"], "intrinsics": [[[1272.5979470598488, 0.0, 826.6154927353808], [0.0, 1272.5979470598488, 479.75165386361925], [0.0, 0.0, 1.0]], [[1266.417203046554, 0.0, 816.2670197447984], [0.0, 1266.417203046554, 491.50706579294757], [0.0, 0.0, 1.0]], [[1260.8474446004698, 0.0, 807.968244525554], [0.0, 1260.8474446004698, 495.3344268742088], [0.0, 0.0, 1.0]], [[1256.7414812095406, 0.0, 792.1125740759628], [0.0, 1256.7414812095406, 492.7757465151356], [0.0, 0.0, 1.0]], [[809.2209905677063, 0.0, 829.2196003259838], [0.0, 809.2209905677063, 481.77842384512485], [0.0, 0.0, 1.0]], [[1259.5137405846733, 0.0, 807.2529053838625], [0.0, 1259.5137405846733, 501.19579884916527], [0.0, 0.0, 1.0]]], "extrinsics": [[[0.8196490406990051, -0.5721743106842041, -0.02814563177525997, -0.66278076171875], [-0.051663752645254135, -0.024899465963244438, -0.9983540773391724, 1.4892539978027344], [0.5705316662788391, 0.8197540640830994, -0.04996949061751366, -1.07080078125], [0.0, 0.0, 0.0, 1.0]], [[0.005947494879364967, -0.9995715618133545, 0.028659122064709663, 0.0074462890625], [-0.05695299431681633, -0.028951702639460564, -0.9979570508003235, 1.5032119750976562], [0.9983591437339783, 0.004303121007978916, -0.057100776582956314, -1.38824462890625], [0.0, 0.0, 0.0, 1.0]], [[-0.832122802734375, -0.5523979663848877, 0.049276359379291534, 0.8341064453125], [-0.051335372030735016, -0.01174994558095932, -0.9986123442649841, 1.49139404296875], [0.5522103905677795, -0.8334976434707642, -0.018580157309770584, -1.115966796875], [0.0, 0.0, 0.0, 1.0]], [[0.9466517567634583, 0.3177165985107422, -0.05391322821378708, -1.12969970703125], [-0.04269437864422798, -0.04217391461133957, -0.998197615146637, 1.5879974365234375], [-0.31941768527030945, 0.947247326374054, -0.026359297335147858, -0.1080322265625], [0.0, 0.0, 0.0, 1.0]], [[0.00198969803750515, 0.9994771480560303, -0.03227394074201584, 0.0028076171875], [-0.0680723488330841, -0.032063767313957214, -0.9971650242805481, 1.5728683471679688], [-0.9976783990859985, 0.0041810316033661366, 0.06797295063734055, -0.093505859375], [0.0, 0.0, 0.0, 1.0]], [[-0.9341948628425598, 0.35572531819343567, 0.027193361893296242, 0.97161865234375], [-0.03546954318881035, -0.016763024032115936, -0.999230146408081, 1.5452156066894531], [-0.35499557852745056, -0.9344402551651001, 0.028277341276407242, -0.1253662109375], [0.0, 0.0, 0.0, 1.0]]], "view": [[0.0, -2.0, 100.0], [-2.0, 0.0, 100.0], [0.0, 0.0, 1.0]], "bev": "bev_8177ec02c79340fb9021cc86feec3d74.png", "aux": "aux_8177ec02c79340fb9021cc86feec3d74.npz", "visibility": "visibility_8177ec02c79340fb9021cc86feec3d74.png", "pose": [[0.9889809489250183, 0.14804291725158691, 0.0, 701.5639038085938], [-0.14804291725158691, 0.9889809489250183, 0.0, 1467.6771240234375], [0.0, 0.0, 1.0, 0.0], [0.0, 0.0, 0.0, 1.0]], "pose_inverse": [[0.9889809489250183, -0.14804291725158691, 0.0, -476.5541076660156], [0.14804291725158691, 0.9889809489250183, 0.0, -1555.3662109375], [0.0, 0.0, 1.0, 0.0], [0.0, 0.0, 0.0, 1.0]], "cam_ids": [0, 1, 2, 3, 4, 5], "cam_channels": ["CAM_FRONT_LEFT", "CAM_FRONT", "CAM_FRONT_RIGHT", "CAM_BACK_LEFT", "CAM_BACK", "CAM_BACK_RIGHT"], "token": "8177ec02c79340fb9021cc86feec3d74", "scene": "scene-0006"}, {"images": ["samples/CAM_FRONT_LEFT/n015-2018-07-18-11-18-34+0800__CAM_FRONT_LEFT__1531884159404844.jpg", "samples/CAM_FRONT/n015-2018-07-18-11-18-34+0800__CAM_FRONT__1531884159412467.jpg", "samples/CAM_FRONT_RIGHT/n015-2018-07-18-11-18-34+0800__CAM_FRONT_RIGHT__1531884159420339.jpg", "samples/CAM_BACK_LEFT/n015-2018-07-18-11-18-34+0800__CAM_BACK_LEFT__1531884159447423.jpg", "samples/CAM_BACK/n015-2018-07-18-11-18-34+0800__CAM_BACK__1531884159437525.jpg", "samples/CAM_BACK_RIGHT/n015-2018-07-18-11-18-34+0800__CAM_BACK_RIGHT__1531884159427893.jpg"], "intrinsics": [[[1272.5979470598488, 0.0, 826.6154927353808], [0.0, 1272.5979470598488, 479.75165386361925], [0.0, 0.0, 1.0]], [[1266.417203046554, 0.0, 816.2670197447984], [0.0, 1266.417203046554, 491.50706579294757], [0.0, 0.0, 1.0]], [[1260.8474446004698, 0.0, 807.968244525554], [0.0, 1260.8474446004698, 495.3344268742088], [0.0, 0.0, 1.0]], [[1256.7414812095406, 0.0, 792.1125740759628], [0.0, 1256.7414812095406, 492.7757465151356], [0.0, 0.0, 1.0]], [[809.2209905677063, 0.0, 829.2196003259838], [0.0, 809.2209905677063, 481.77842384512485], [0.0, 0.0, 1.0]], [[1259.5137405846733, 0.0, 807.2529053838625], [0.0, 1259.5137405846733, 501.19579884916527], [0.0, 0.0, 1.0]]], "extrinsics": [[[0.8199414014816284, -0.5716802477836609, -0.029628369957208633, -0.66937255859375], [-0.051646288484334946, -0.022329790517687798, -0.9984157681465149, 1.489715576171875], [0.570112943649292, 0.8201726078987122, -0.047834280878305435, -1.0765380859375], [0.0, 0.0, 0.0, 1.0]], [[0.006230236031115055, -0.9996419548988342, 0.026021039113402367, 0.00830078125], [-0.056897133588790894, -0.02633376233279705, -0.9980326890945435, 1.5036468505859375], [0.9983606338500977, 0.004737469833344221, -0.05704082176089287, -1.39544677734375], [0.0, 0.0, 0.0, 1.0]], [[-0.8320958614349365, -0.5525751709938049, 0.047719258815050125, 0.839111328125], [-0.05124234780669212, -0.009077589027583599, -0.9986449480056763, 1.4917144775390625], [0.552259624004364, -0.8334136009216309, -0.020761825144290924, -1.1187744140625], [0.0, 0.0, 0.0, 1.0]], [[0.946658730506897, 0.31789061427116394, -0.05275341495871544, -1.130859375], [-0.042430996894836426, -0.03931357339024544, -0.9983255863189697, 1.5880508422851562], [-0.31943222880363464, 0.9473119974136353, -0.02372811920940876, -0.107666015625], [0.0, 0.0, 0.0, 1.0]], [[0.0019614077173173428, 0.9995625615119934, -0.029511425644159317, 0.00244140625], [-0.0678829625248909, -0.0293103214353323, -0.9972626566886902, 1.573089599609375], [-0.9976913332939148, 0.003959352150559425, 0.0677957683801651, -0.090606689453125], [0.0, 0.0, 0.0, 1.0]], [[-0.9342150092124939, 0.35560643672943115, 0.028043251484632492, 0.97589111328125], [-0.03534665331244469, -0.014056039042770863, -0.9992762207984924, 1.5454063415527344], [-0.35495489835739136, -0.9345301389694214, 0.025700856000185013, -0.12353515625], [0.0, 0.0, 0.0, 1.0]]], "view": [[0.0, -2.0, 100.0], [-2.0, 0.0, 100.0], [0.0, 0.0, 1.0]], "bev": "bev_773958eccb29489b89410d9c52579a93.png", "aux": "aux_773958eccb29489b89410d9c52579a93.npz", "visibility": "visibility_773958eccb29489b89410d9c52579a93.png", "pose": [[0.9885416626930237, 0.1509483903646469, 0.0, 705.6931762695312], [-0.1509483903646469, 0.9885416626930237, 0.0, 1467.0379638671875], [0.0, 0.0, 1.0, 0.0], [0.0, 0.0, 0.0, 1.0]], "pose_inverse": [[0.9885416626930237, -0.1509483903646469, 0.0, -476.16009521484375], [0.1509483903646469, 0.9885416626930237, 0.0, -1556.7513427734375], [0.0, 0.0, 1.0, 0.0], [0.0, 0.0, 0.0, 1.0]], "cam_ids": [0, 1, 2, 3, 4, 5], "cam_channels": ["CAM_FRONT_LEFT", "CAM_FRONT", "CAM_FRONT_RIGHT", "CAM_BACK_LEFT", "CAM_BACK", "CAM_BACK_RIGHT"], "token": "773958eccb29489b89410d9c52579a93", "scene": "scene-0006"}, {"images": ["samples/CAM_FRONT_LEFT/n015-2018-07-18-11-18-34+0800__CAM_FRONT_LEFT__1531884159904844.jpg", "samples/CAM_FRONT/n015-2018-07-18-11-18-34+0800__CAM_FRONT__1531884159912464.jpg", "samples/CAM_FRONT_RIGHT/n015-2018-07-18-11-18-34+0800__CAM_FRONT_RIGHT__1531884159920339.jpg", "samples/CAM_BACK_LEFT/n015-2018-07-18-11-18-34+0800__CAM_BACK_LEFT__1531884159947423.jpg", "samples/CAM_BACK/n015-2018-07-18-11-18-34+0800__CAM_BACK__1531884159937525.jpg", "samples/CAM_BACK_RIGHT/n015-2018-07-18-11-18-34+0800__CAM_BACK_RIGHT__1531884159927893.jpg"], "intrinsics": [[[1272.5979470598488, 0.0, 826.6154927353808], [0.0, 1272.5979470598488, 479.75165386361925], [0.0, 0.0, 1.0]], [[1266.417203046554, 0.0, 816.2670197447984], [0.0, 1266.417203046554, 491.50706579294757], [0.0, 0.0, 1.0]], [[1260.8474446004698, 0.0, 807.968244525554], [0.0, 1260.8474446004698, 495.3344268742088], [0.0, 0.0, 1.0]], [[1256.7414812095406, 0.0, 792.1125740759628], [0.0, 1256.7414812095406, 492.7757465151356], [0.0, 0.0, 1.0]], [[809.2209905677063, 0.0, 829.2196003259838], [0.0, 809.2209905677063, 481.77842384512485], [0.0, 0.0, 1.0]], [[1259.5137405846733, 0.0, 807.2529053838625], [0.0, 1259.5137405846733, 501.19579884916527], [0.0, 0.0, 1.0]]], "extrinsics": [[[0.8194196820259094, -0.5723907351493835, -0.030334213748574257, -0.69024658203125], [-0.05079963058233261, -0.019806621596217155, -0.9985123872756958, 1.4912452697753906], [0.5709384679794312, 0.8197417855262756, -0.04530717432498932, -1.08935546875], [0.0, 0.0, 0.0, 1.0]], [[0.005394698586314917, -0.999708354473114, 0.02353728748857975, 0.007080078125], [-0.05606590583920479, -0.0238029845058918, -0.9981433153152466, 1.50494384765625], [0.9984124898910522, 0.004065030720084906, -0.05617796257138252, -1.414520263671875], [0.0, 0.0, 0.0, 1.0]], [[-0.8325045704841614, -0.5521349906921387, 0.04563964158296585, 0.849609375], [-0.05041095241904259, -0.006544206291437149, -0.9987070560455322, 1.4925727844238281], [0.5517199039459229, -0.8337289690971375, -0.02238556742668152, -1.1270751953125], [0.0, 0.0, 0.0, 1.0]], [[0.9466935396194458, 0.3180210292339325, -0.051321472972631454, -1.12890625], [-0.04178333282470703, -0.03674584627151489, -0.998450756072998, 1.5879669189453125], [-0.3194141685962677, 0.9473713040351868, -0.02149908058345318, -0.1082763671875], [0.0, 0.0, 0.0, 1.0]], [[0.0022454475983977318, 0.9996337294578552, -0.026970023289322853, 0.0029296875], [-0.06714300066232681, -0.02675851806998253, -0.9973844885826111, 1.5733642578125], [-0.9977408051490784, 0.00405043875798583, 0.06705832481384277, -0.08721923828125], [0.0, 0.0, 0.0, 1.0]], [[-0.9340627193450928, 0.35599589347839355, 0.028175026178359985, 0.9845046997070312], [-0.034536492079496384, -0.011525132693350315, -0.9993370175361633, 1.5458412170410156], [-0.3554351329803467, -0.9344164133071899, 0.023060044273734093, -0.12109375], [0.0, 0.0, 0.0, 1.0]]], "view": [[0.0, -2.0, 100.0], [-2.0, 0.0, 100.0], [0.0, 0.0, 1.0]], "bev": "bev_81a0b7e1553a42a7a77ecfbb423df537.png", "aux": "aux_81a0b7e1553a42a7a77ecfbb423df537.npz", "visibility": "visibility_81a0b7e1553a42a7a77ecfbb423df537.png", "pose": [[0.9888038635253906, 0.14922098815441132, 0.0, 709.6019287109375], [-0.14922098815441132, 0.9888038635253906, 0.0, 1466.427978515625], [0.0, 0.0, 1.0, 0.0], [0.0, 0.0, 0.0, 1.0]], "pose_inverse": [[0.9888038635253906, -0.14922098815441132, 0.0, -482.8352966308594], [0.14922098815441132, 0.9888038635253906, 0.0, -1555.897216796875], [0.0, 0.0, 1.0, 0.0], [0.0, 0.0, 0.0, 1.0]], "cam_ids": [0, 1, 2, 3, 4, 5], "cam_channels": ["CAM_FRONT_LEFT", "CAM_FRONT", "CAM_FRONT_RIGHT", "CAM_BACK_LEFT", "CAM_BACK", "CAM_BACK_RIGHT"], "token": "81a0b7e1553a42a7a77ecfbb423df537", "scene": "scene-0006"}, {"images": ["samples/CAM_FRONT_LEFT/n015-2018-07-18-11-18-34+0800__CAM_FRONT_LEFT__1531884160354844.jpg", "samples/CAM_FRONT/n015-2018-07-18-11-18-34+0800__CAM_FRONT__1531884160362460.jpg", "samples/CAM_FRONT_RIGHT/n015-2018-07-18-11-18-34+0800__CAM_FRONT_RIGHT__1531884160370339.jpg", "samples/CAM_BACK_LEFT/n015-2018-07-18-11-18-34+0800__CAM_BACK_LEFT__1531884160397423.jpg", "samples/CAM_BACK/n015-2018-07-18-11-18-34+0800__CAM_BACK__1531884160387525.jpg", "samples/CAM_BACK_RIGHT/n015-2018-07-18-11-18-34+0800__CAM_BACK_RIGHT__1531884160377893.jpg"], "intrinsics": [[[1272.5979470598488, 0.0, 826.6154927353808], [0.0, 1272.5979470598488, 479.75165386361925], [0.0, 0.0, 1.0]], [[1266.417203046554, 0.0, 816.2670197447984], [0.0, 1266.417203046554, 491.50706579294757], [0.0, 0.0, 1.0]], [[1260.8474446004698, 0.0, 807.968244525554], [0.0, 1260.8474446004698, 495.3344268742088], [0.0, 0.0, 1.0]], [[1256.7414812095406, 0.0, 792.1125740759628], [0.0, 1256.7414812095406, 492.7757465151356], [0.0, 0.0, 1.0]], [[809.2209905677063, 0.0, 829.2196003259838], [0.0, 809.2209905677063, 481.77842384512485], [0.0, 0.0, 1.0]], [[1259.5137405846733, 0.0, 807.2529053838625], [0.0, 1259.5137405846733, 501.19579884916527], [0.0, 0.0, 1.0]]], "extrinsics": [[[0.8191999793052673, -0.5726403594017029, -0.03153599053621292, -0.69915771484375], [-0.05113844946026802, -0.018166888505220413, -0.9985263347625732, 1.4916839599609375], [0.5712235569953918, 0.8196054100990295, -0.04416624829173088, -1.095703125], [0.0, 0.0, 0.0, 1.0]], [[0.005185084417462349, -0.9997416138648987, 0.022129787132143974, 0.0068359375], [-0.05628432705998421, -0.02238677442073822, -0.9981638193130493, 1.5054283142089844], [0.9984013438224792, 0.003930009435862303, -0.05638585984706879, -1.424072265625], [0.0, 0.0, 0.0, 1.0]], [[-0.8325344920158386, -0.5521368384361267, 0.04507095739245415, 0.856689453125], [-0.05053628608584404, -0.005323912017047405, -0.9987080097198486, 1.4929618835449219], [0.5516633987426758, -0.8337365388870239, -0.023470601066946983, -1.1318359375], [0.0, 0.0, 0.0, 1.0]], [[0.9467039108276367, 0.3180697560310364, -0.05082671716809273, -1.1275634765625], [-0.04150012135505676, -0.03603475168347359, -0.9984884858131409, 1.5878982543945312], [-0.3194204866886139, 0.9473822712898254, -0.020914308726787567, -0.10791015625], [0.0, 0.0, 0.0, 1.0]], [[0.002259381813928485, 0.999656617641449, -0.0261069368571043, 0.0030517578125], [-0.06702832877635956, -0.02589689940214157, -0.9974149465560913, 1.57354736328125], [-0.9977485537528992, 0.004003438167273998, 0.06694679707288742, -0.08465576171875], [0.0, 0.0, 0.0, 1.0]], [[-0.9340459108352661, 0.3560076355934143, 0.028581958264112473, 0.9901046752929688], [-0.034571364521980286, -0.010471506975591183, -0.9993473291397095, 1.5460472106933594], [-0.3554759919643402, -0.9344244003295898, 0.022088536992669106, -0.1190185546875], [0.0, 0.0, 0.0, 1.0]]], "view": [[0.0, -2.0, 100.0], [-2.0, 0.0, 100.0], [0.0, 0.0, 1.0]], "bev": "bev_9f8df89dfa2d4eb88c79158412b5620c.png", "aux": "aux_9f8df89dfa2d4eb88c79158412b5620c.npz", "visibility": "visibility_9f8df89dfa2d4eb88c79158412b5620c.png", "pose": [[0.9898158311843872, 0.1423540562391281, 0.0, 712.9100952148438], [-0.1423540562391281, 0.9898158311843872, 0.0, 1465.933837890625], [0.0, 0.0, 1.0, 0.0], [0.0, 0.0, 0.0, 1.0]], "pose_inverse": [[0.9898158311843872, -0.1423540562391281, 0.0, -496.9680480957031], [0.1423540562391281, 0.9898158311843872, 0.0, -1552.4901123046875], [0.0, 0.0, 1.0, 0.0], [0.0, 0.0, 0.0, 1.0]], "cam_ids": [0, 1, 2, 3, 4, 5], "cam_channels": ["CAM_FRONT_LEFT", "CAM_FRONT", "CAM_FRONT_RIGHT", "CAM_BACK_LEFT", "CAM_BACK", "CAM_BACK_RIGHT"], "token": "9f8df89dfa2d4eb88c79158412b5620c", "scene": "scene-0006"}, {"images": ["samples/CAM_FRONT_LEFT/n015-2018-07-18-11-18-34+0800__CAM_FRONT_LEFT__1531884160854844.jpg", "samples/CAM_FRONT/n015-2018-07-18-11-18-34+0800__CAM_FRONT__1531884160862460.jpg", "samples/CAM_FRONT_RIGHT/n015-2018-07-18-11-18-34+0800__CAM_FRONT_RIGHT__1531884160870339.jpg", "samples/CAM_BACK_LEFT/n015-2018-07-18-11-18-34+0800__CAM_BACK_LEFT__1531884160897423.jpg", "samples/CAM_BACK/n015-2018-07-18-11-18-34+0800__CAM_BACK__1531884160887525.jpg", "samples/CAM_BACK_RIGHT/n015-2018-07-18-11-18-34+0800__CAM_BACK_RIGHT__1531884160877893.jpg"], "intrinsics": [[[1272.5979470598488, 0.0, 826.6154927353808], [0.0, 1272.5979470598488, 479.75165386361925], [0.0, 0.0, 1.0]], [[1266.417203046554, 0.0, 816.2670197447984], [0.0, 1266.417203046554, 491.50706579294757], [0.0, 0.0, 1.0]], [[1260.8474446004698, 0.0, 807.968244525554], [0.0, 1260.8474446004698, 495.3344268742088], [0.0, 0.0, 1.0]], [[1256.7414812095406, 0.0, 792.1125740759628], [0.0, 1256.7414812095406, 492.7757465151356], [0.0, 0.0, 1.0]], [[809.2209905677063, 0.0, 829.2196003259838], [0.0, 809.2209905677063, 481.77842384512485], [0.0, 0.0, 1.0]], [[1259.5137405846733, 0.0, 807.2529053838625], [0.0, 1259.5137405846733, 501.19579884916527], [0.0, 0.0, 1.0]]], "extrinsics": [[[0.8192156553268433, -0.5725604891777039, -0.03256295248866081, -0.715087890625], [-0.05304901674389839, -0.019120153039693832, -0.998408854007721, 1.4921607971191406], [0.5710268020629883, 0.8196395635604858, -0.04603729024529457, -1.108154296875], [0.0, 0.0, 0.0, 1.0]], [[0.005238835234194994, -0.9997240900993347, 0.02289711870253086, 0.007568359375], [-0.058250542730093, -0.02316364459693432, -0.9980332851409912, 1.505950927734375], [0.9982882738113403, 0.0038947584107518196, -0.05835581570863724, -1.44195556640625], [0.0, 0.0, 0.0, 1.0]], [[-0.8325020670890808, -0.5520206689834595, 0.04704759269952774, 0.8695068359375], [-0.05249601602554321, -0.005939708556979895, -0.9986034035682678, 1.4933586120605469], [0.5515291690826416, -0.8338093161582947, -0.024034062400460243, -1.1400146484375], [0.0, 0.0, 0.0, 1.0]], [[0.9466336369514465, 0.31799042224884033, -0.05260074883699417, -1.1337890625], [-0.04328125715255737, -0.03630691021680832, -0.9984029531478882, 1.5881729125976562], [-0.3193923234939575, 0.9473985433578491, -0.02060632035136223, -0.106689453125], [0.0, 0.0, 0.0, 1.0]], [[0.0023849911522120237, 0.9996473789215088, -0.026447629556059837, 0.0028076171875], [-0.06889894604682922, -0.026220588013529778, -0.9972789883613586, 1.5740585327148438], [-0.9976209402084351, 0.004200700204819441, 0.06881210952997208, -0.0750732421875], [0.0, 0.0, 0.0, 1.0]], [[-0.9339129328727722, 0.356222003698349, 0.03021024912595749, 1.0019302368164062], [-0.0364995151758194, -0.010945585556328297, -0.9992737174034119, 1.5462150573730469], [-0.35563263297080994, -0.9343372583389282, 0.023224150761961937, -0.1142578125], [0.0, 0.0, 0.0, 1.0]]], "view": [[0.0, -2.0, 100.0], [-2.0, 0.0, 100.0], [0.0, 0.0, 1.0]], "bev": "bev_aa7c3702f1bf4c42aff7bb5159a25a53.png", "aux": "aux_aa7c3702f1bf4c42aff7bb5159a25a53.npz", "visibility": "visibility_aa7c3702f1bf4c42aff7bb5159a25a53.png", "pose": [[0.9903407692909241, 0.13865500688552856, 0.0, 716.404052734375], [-0.13865500688552856, 0.9903407692909241, 0.0, 1465.4146728515625], [0.0, 0.0, 1.0, 0.0], [0.0, 0.0, 0.0, 1.0]], "pose_inverse": [[0.9903407692909241, -0.13865500688552856, 0.0, -506.2970275878906], [0.13865500688552856, 0.9903407692909241, 0.0, -1550.5928955078125], [0.0, 0.0, 1.0, 0.0], [0.0, 0.0, 0.0, 1.0]], "cam_ids": [0, 1, 2, 3, 4, 5], "cam_channels": ["CAM_FRONT_LEFT", "CAM_FRONT", "CAM_FRONT_RIGHT", "CAM_BACK_LEFT", "CAM_BACK", "CAM_BACK_RIGHT"], "token": "aa7c3702f1bf4c42aff7bb5159a25a53", "scene": "scene-0006"}, {"images": ["samples/CAM_FRONT_LEFT/n015-2018-07-18-11-18-34+0800__CAM_FRONT_LEFT__1531884161404844.jpg", "samples/CAM_FRONT/n015-2018-07-18-11-18-34+0800__CAM_FRONT__1531884161412467.jpg", "samples/CAM_FRONT_RIGHT/n015-2018-07-18-11-18-34+0800__CAM_FRONT_RIGHT__1531884161420339.jpg", "samples/CAM_BACK_LEFT/n015-2018-07-18-11-18-34+0800__CAM_BACK_LEFT__1531884161447423.jpg", "samples/CAM_BACK/n015-2018-07-18-11-18-34+0800__CAM_BACK__1531884161437525.jpg", "samples/CAM_BACK_RIGHT/n015-2018-07-18-11-18-34+0800__CAM_BACK_RIGHT__1531884161427893.jpg"], "intrinsics": [[[1272.5979470598488, 0.0, 826.6154927353808], [0.0, 1272.5979470598488, 479.75165386361925], [0.0, 0.0, 1.0]], [[1266.417203046554, 0.0, 816.2670197447984], [0.0, 1266.417203046554, 491.50706579294757], [0.0, 0.0, 1.0]], [[1260.8474446004698, 0.0, 807.968244525554], [0.0, 1260.8474446004698, 495.3344268742088], [0.0, 0.0, 1.0]], [[1256.7414812095406, 0.0, 792.1125740759628], [0.0, 1256.7414812095406, 492.7757465151356], [0.0, 0.0, 1.0]], [[809.2209905677063, 0.0, 829.2196003259838], [0.0, 809.2209905677063, 481.77842384512485], [0.0, 0.0, 1.0]], [[1259.5137405846733, 0.0, 807.2529053838625], [0.0, 1259.5137405846733, 501.19579884916527], [0.0, 0.0, 1.0]]], "extrinsics": [[[0.8194403648376465, -0.5724288821220398, -0.029028451070189476, -0.725830078125], [-0.05233590304851532, -0.024293078109622, -0.9983339905738831, 1.493072509765625], [0.5707701444625854, 0.8195944428443909, -0.04986531287431717, -1.115478515625], [0.0, 0.0, 0.0, 1.0]], [[0.005573705770075321, -0.9995896816253662, 0.028096191585063934, 0.0076904296875], [-0.05777333304286003, -0.02837158739566803, -0.9979265332221985, 1.5067596435546875], [0.9983141422271729, 0.003938915673643351, -0.05790776014328003, -1.45379638671875], [0.0, 0.0, 0.0, 1.0]], [[-0.8323286175727844, -0.5520419478416443, 0.04978583753108978, 0.8785400390625], [-0.05229957401752472, -0.011202300898730755, -0.998568594455719, 1.4939460754394531], [0.5518094897270203, -0.8337411284446716, -0.019547561183571815, -1.1453857421875], [0.0, 0.0, 0.0, 1.0]], [[0.9465991258621216, 0.31768798828125, -0.05499521642923355, -1.13616943359375], [-0.043923549354076385, -0.04191462695598602, -0.9981552362442017, 1.5882797241210938], [-0.31940701603889465, 0.9472684860229492, -0.02572236955165863, -0.1058349609375], [0.0, 0.0, 0.0, 1.0]], [[0.0021541172172874212, 0.9994879961013794, -0.031924594193696976, 0.0025634765625], [-0.06925125420093536, -0.03169892728328705, -0.99709552526474, 1.5744094848632812], [-0.9975969195365906, 0.004358678124845028, 0.0691475048661232, -0.06976318359375], [0.0, 0.0, 0.0, 1.0]], [[-0.9340415000915527, 0.3560364544391632, 0.02836553566157818, 1.00933837890625], [-0.03655444458127022, -0.0162920244038105, -0.999198853969574, 1.5465049743652344], [-0.3552890717983246, -0.9343301057815552, 0.028232138603925705, -0.111083984375], [0.0, 0.0, 0.0, 1.0]]], "view": [[0.0, -2.0, 100.0], [-2.0, 0.0, 100.0], [0.0, 0.0, 1.0]], "bev": "bev_70d6fbed8dad47a3994af9e6e12f34b9.png", "aux": "aux_70d6fbed8dad47a3994af9e6e12f34b9.npz", "visibility": "visibility_70d6fbed8dad47a3994af9e6e12f34b9.png", "pose": [[0.9904122948646545, 0.1381431668996811, 0.0, 720.1680908203125], [-0.1381431668996811, 0.9904122948646545, 0.0, 1464.864990234375], [0.0, 0.0, 1.0, 0.0], [0.0, 0.0, 0.0, 1.0]], "pose_inverse": [[0.9904122948646545, -0.1381431668996811, 0.0, -510.9022216796875], [0.1381431668996811, 0.9904122948646545, 0.0, -1550.3065185546875], [0.0, 0.0, 1.0, 0.0], [0.0, 0.0, 0.0, 1.0]], "cam_ids": [0, 1, 2, 3, 4, 5], "cam_channels": ["CAM_FRONT_LEFT", "CAM_FRONT", "CAM_FRONT_RIGHT", "CAM_BACK_LEFT", "CAM_BACK", "CAM_BACK_RIGHT"], "token": "70d6fbed8dad47a3994af9e6e12f34b9", "scene": "scene-0006"}, {"images": ["samples/CAM_FRONT_LEFT/n015-2018-07-18-11-18-34+0800__CAM_FRONT_LEFT__1531884161904844.jpg", "samples/CAM_FRONT/n015-2018-07-18-11-18-34+0800__CAM_FRONT__1531884161912466.jpg", "samples/CAM_FRONT_RIGHT/n015-2018-07-18-11-18-34+0800__CAM_FRONT_RIGHT__1531884161920339.jpg", "samples/CAM_BACK_LEFT/n015-2018-07-18-11-18-34+0800__CAM_BACK_LEFT__1531884161947423.jpg", "samples/CAM_BACK/n015-2018-07-18-11-18-34+0800__CAM_BACK__1531884161937525.jpg", "samples/CAM_BACK_RIGHT/n015-2018-07-18-11-18-34+0800__CAM_BACK_RIGHT__1531884161927893.jpg"], "intrinsics": [[[1272.5979470598488, 0.0, 826.6154927353808], [0.0, 1272.5979470598488, 479.75165386361925], [0.0, 0.0, 1.0]], [[1266.417203046554, 0.0, 816.2670197447984], [0.0, 1266.417203046554, 491.50706579294757], [0.0, 0.0, 1.0]], [[1260.8474446004698, 0.0, 807.968244525554], [0.0, 1260.8474446004698, 495.3344268742088], [0.0, 0.0, 1.0]], [[1256.7414812095406, 0.0, 792.1125740759628], [0.0, 1256.7414812095406, 492.7757465151356], [0.0, 0.0, 1.0]], [[809.2209905677063, 0.0, 829.2196003259838], [0.0, 809.2209905677063, 481.77842384512485], [0.0, 0.0, 1.0]], [[1259.5137405846733, 0.0, 807.2529053838625], [0.0, 1259.5137405846733, 501.19579884916527], [0.0, 0.0, 1.0]]], "extrinsics": [[[0.819685161113739, -0.5720465183258057, -0.02964668720960617, -0.71881103515625], [-0.05348487198352814, -0.02490306831896305, -0.998258113861084, 1.4923019409179688], [0.5703118443489075, 0.8198429942131042, -0.05100851505994797, -1.1112060546875], [0.0, 0.0, 0.0, 1.0]], [[0.006029311567544937, -0.9995723962783813, 0.02861100062727928, 0.008056640625], [-0.05877622589468956, -0.02891629748046398, -0.9978523254394531, 1.5059967041015625], [0.9982529282569885, 0.004334735684096813, -0.05892544239759445, -1.444580078125], [0.0, 0.0, 0.0, 1.0]], [[-0.8320841789245605, -0.5523219704627991, 0.050757527351379395, 0.8701171875], [-0.053160954266786575, -0.011674167588353157, -0.9985176920890808, 1.4932518005371094], [0.5520958304405212, -0.8335491418838501, -0.019648071378469467, -1.1395263671875], [0.0, 0.0, 0.0, 1.0]], [[0.9465678930282593, 0.3177075684070587, -0.055416740477085114, -1.12969970703125], [-0.04441200569272041, -0.04178255423903465, -0.9981391429901123, 1.5879669189453125], [-0.3194318115711212, 0.9472677111625671, -0.025439996272325516, -0.10791015625], [0.0, 0.0, 0.0, 1.0]], [[0.0019927320536226034, 0.9994840621948242, -0.032057374715805054, 0.0023193359375], [-0.06982271373271942, -0.03184013068675995, -0.9970511198043823, 1.5737991333007812], 