[{"images": ["samples/CAM_FRONT_LEFT/n008-2018-08-21-11-53-44-0400__CAM_FRONT_LEFT__1534867209904799.jpg", "samples/CAM_FRONT/n008-2018-08-21-11-53-44-0400__CAM_FRONT__1534867209912404.jpg", "samples/CAM_FRONT_RIGHT/n008-2018-08-21-11-53-44-0400__CAM_FRONT_RIGHT__1534867209920482.jpg", "samples/CAM_BACK_LEFT/n008-2018-08-21-11-53-44-0400__CAM_BACK_LEFT__1534867209947405.jpg", "samples/CAM_BACK/n008-2018-08-21-11-53-44-0400__CAM_BACK__1534867209937558.jpg", "samples/CAM_BACK_RIGHT/n008-2018-08-21-11-53-44-0400__CAM_BACK_RIGHT__1534867209928113.jpg"], "intrinsics": [[[1257.8625342125129, 0.0, 827.2410631095686], [0.0, 1257.8625342125129, 450.915498205774], [0.0, 0.0, 1.0]], [[1252.8131021185304, 0.0, 826.588114781398], [0.0, 1252.8131021185304, 469.9846626224581], [0.0, 0.0, 1.0]], [[1256.7485116440405, 0.0, 817.7887570959712], [0.0, 1256.7485116440403, 451.9541780095127], [0.0, 0.0, 1.0]], [[1254.9860565800168, 0.0, 829.5769333630991], [0.0, 1254.9860565800168, 467.1680561863987], [0.0, 0.0, 1.0]], [[796.8910634503094, 0.0, 857.7774326863696], [0.0, 796.8910634503094, 476.8848988407415], [0.0, 0.0, 1.0]], [[1249.9629280788233, 0.0, 825.3768045375984], [0.0, 1249.9629280788233, 462.54816385708756], [0.0, 0.0, 1.0]]], "extrinsics": [[[0.8217507004737854, -0.5697945952415466, -0.007744975388050079, -0.62945556640625], [0.01188408862799406, 0.030724285170435905, -0.9994571805000305, 1.4935455322265625], [0.5697232484817505, 0.821212649345398, 0.03201919049024582, -1.07861328125], [0.0, 0.0, 0.0, 1.0]], [[0.00906424317508936, -0.9996064305305481, -0.02654808945953846, 0.012451171875], [0.013925029896199703, 0.026672786101698875, -0.9995472431182861, 1.4852676391601562], [0.9998619556427002, 0.008690518327057362, 0.014161316677927971, -1.3612213134765625], [0.0, 0.0, 0.0, 1.0]], [[-0.8444037437438965, -0.5349610447883606, -0.028268134221434593, 0.84808349609375], [0.022032108157873154, 0.018043698742985725, -0.9995943903923035, 1.4993934631347656], [0.5352540612220764, -0.8446840643882751, -0.0034498500172048807, -1.1204833984375], [0.0, 0.0, 0.0, 1.0]], [[0.9478586912155151, 0.3185924291610718, 0.007922378368675709, -1.1373291015625], [-0.0028660197276622057, 0.033379681408405304, -0.9994386434555054, 1.5620079040527344], [-0.31867802143096924, 0.947303831577301, 0.032552316784858704, -0.1588134765625], [0.0, 0.0, 0.0, 1.0]], [[0.009498083032667637, 0.9996214509010315, 0.025822041556239128, -0.029052734375], [-0.0009696950437501073, 0.025832399725914, -0.9996657967567444, 1.5679206848144531], [-0.9999544620513916, 0.009469954296946526, 0.0012146868975833058, -0.0659332275390625], [0.0, 0.0, 0.0, 1.0]], [[-0.9234363436698914, 0.3837481141090393, -0.001627759775146842, 0.9666748046875], [0.0030371432658284903, 0.003066763048991561, -0.999990701675415, 1.5484418869018555], [-0.38373950123786926, -0.9234327077865601, -0.003997459076344967, -0.121826171875], [0.0, 0.0, 0.0, 1.0]]], "view": [[0.0, -2.0, 100.0], [-2.0, 0.0, 100.0], [0.0, 0.0, 1.0]], "bev": "bev_1ec134babaff4abc80e6e5c8b724a637.png", "aux": "aux_1ec134babaff4abc80e6e5c8b724a637.npz", "visibility": "visibility_1ec134babaff4abc80e6e5c8b724a637.png", "pose": [[-0.8408248424530029, -0.541307270526886, 0.0, 1021.8323364257812], [0.541307270526886, -0.8408248424530029, 0.0, 1252.2401123046875], [0.0, 0.0, 1.0, 0.0], [0.0, 0.0, 0.0, 1.0]], "pose_inverse": [[-0.8408248424530029, 0.541307270526886, 0.0, 181.3353729248047], [-0.541307270526886, -0.8408248424530029, 0.0, 1606.0399169921875], [0.0, 0.0, 1.0, 0.0], [0.0, 0.0, 0.0, 1.0]], "cam_ids": [0, 1, 2, 3, 4, 5], "cam_channels": ["CAM_FRONT_LEFT", "CAM_FRONT", "CAM_FRONT_RIGHT", "CAM_BACK_LEFT", "CAM_BACK", "CAM_BACK_RIGHT"], "token": "1ec134babaff4abc80e6e5c8b724a637", "scene": "scene-0245"}, {"images": ["samples/CAM_FRONT_LEFT/n008-2018-08-21-11-53-44-0400__CAM_FRONT_LEFT__1534867210404799.jpg", "samples/CAM_FRONT/n008-2018-08-21-11-53-44-0400__CAM_FRONT__1534867210412404.jpg", "samples/CAM_FRONT_RIGHT/n008-2018-08-21-11-53-44-0400__CAM_FRONT_RIGHT__1534867210420482.jpg", "samples/CAM_BACK_LEFT/n008-2018-08-21-11-53-44-0400__CAM_BACK_LEFT__1534867210447405.jpg", "samples/CAM_BACK/n008-2018-08-21-11-53-44-0400__CAM_BACK__1534867210437558.jpg", "samples/CAM_BACK_RIGHT/n008-2018-08-21-11-53-44-0400__CAM_BACK_RIGHT__1534867210428113.jpg"], "intrinsics": [[[1257.8625342125129, 0.0, 827.2410631095686], [0.0, 1257.8625342125129, 450.915498205774], [0.0, 0.0, 1.0]], [[1252.8131021185304, 0.0, 826.588114781398], [0.0, 1252.8131021185304, 469.9846626224581], [0.0, 0.0, 1.0]], [[1256.7485116440405, 0.0, 817.7887570959712], [0.0, 1256.7485116440403, 451.9541780095127], [0.0, 0.0, 1.0]], [[1254.9860565800168, 0.0, 829.5769333630991], [0.0, 1254.9860565800168, 467.1680561863987], [0.0, 0.0, 1.0]], [[796.8910634503094, 0.0, 857.7774326863696], [0.0, 796.8910634503094, 476.8848988407415], [0.0, 0.0, 1.0]], [[1249.9629280788233, 0.0, 825.3768045375984], [0.0, 1249.9629280788233, 462.54816385708756], [0.0, 0.0, 1.0]]], "extrinsics": [[[0.8221344351768494, -0.5692117214202881, -0.009644254110753536, -0.62005615234375], [0.010524781420826912, 0.03213483467698097, -0.9994281530380249, 1.4929313659667969], [0.5691961646080017, 0.8215627074241638, 0.03240998089313507, -1.07568359375], [0.0, 0.0, 0.0, 1.0]], [[0.009768192656338215, -0.9995651245117188, -0.027824601158499718, 0.01611328125], [0.012309224344789982, 0.027944020926952362, -0.9995337128639221, 1.4846649169921875], [0.9998764991760254, 0.00942117627710104, 0.012576832436025143, -1.3528289794921875], [0.0, 0.0, 0.0, 1.0]], [[-0.844182550907135, -0.5353609323501587, -0.027284221723675728, 0.8431396484375], [0.020153386518359184, 0.019165627658367157, -0.9996131658554077, 1.4989433288574219], [0.5356768369674683, -0.8444059491157532, -0.005389952566474676, -1.114013671875], [0.0, 0.0, 0.0, 1.0]], [[0.9479724168777466, 0.31829461455345154, 0.006065427791327238, -1.13275146484375], [-0.00507800467312336, 0.034168392419815063, -0.9994032382965088, 1.5619735717773438], [-0.3183119595050812, 0.9473758935928345, 0.0340069979429245, -0.1602783203125], [0.0, 0.0, 0.0, 1.0]], [[0.009548930451273918, 0.9995994567871094, 0.026639394462108612, -0.0299072265625], [-0.0027844125870615244, 0.02666708454489708, -0.9996404647827148, 1.5676765441894531], [-0.9999505877494812, 0.009471370838582516, 0.003037940012291074, -0.0716705322265625], [0.0, 0.0, 0.0, 1.0]], [[-0.9235471487045288, 0.3834843337535858, 0.000535516650415957, 0.95977783203125], [0.00109610625077039, 0.0040361941792070866, -0.999991238117218, 1.5480318069458008], [-0.38348305225372314, -0.9235385060310364, -0.004147955682128668, -0.1226806640625], [0.0, 0.0, 0.0, 1.0]]], "view": [[0.0, -2.0, 100.0], [-2.0, 0.0, 100.0], [0.0, 0.0, 1.0]], "bev": "bev_ba86310300614a3ca3205856e08d6545.png", "aux": "aux_ba86310300614a3ca3205856e08d6545.npz", "visibility": "visibility_ba86310300614a3ca3205856e08d6545.png", "pose": [[-0.8482455611228943, -0.529603123664856, 0.0, 1017.35498046875], [0.529603123664856, -0.8482455611228943, 0.0, 1255.14404296875], [0.0, 0.0, 1.0, 0.0], [0.0, 0.0, 0.0, 1.0]], "pose_inverse": [[-0.8482455611228943, 0.529603123664856, 0.0, 198.23858642578125], [-0.529603123664856, -0.8482455611228943, 0.0, 1603.4647216796875], [0.0, 0.0, 1.0, 0.0], [0.0, 0.0, 0.0, 1.0]], "cam_ids": [0, 1, 2, 3, 4, 5], "cam_channels": ["CAM_FRONT_LEFT", "CAM_FRONT", "CAM_FRONT_RIGHT", "CAM_BACK_LEFT", "CAM_BACK", "CAM_BACK_RIGHT"], "token": "ba86310300614a3ca3205856e08d6545", "scene": "scene-0245"}, {"images": ["samples/CAM_FRONT_LEFT/n008-2018-08-21-11-53-44-0400__CAM_FRONT_LEFT__1534867210854799.jpg", "samples/CAM_FRONT/n008-2018-08-21-11-53-44-0400__CAM_FRONT__1534867210862404.jpg", "samples/CAM_FRONT_RIGHT/n008-2018-08-21-11-53-44-0400__CAM_FRONT_RIGHT__1534867210870482.jpg", "samples/CAM_BACK_LEFT/n008-2018-08-21-11-53-44-0400__CAM_BACK_LEFT__1534867210897405.jpg", "samples/CAM_BACK/n008-2018-08-21-11-53-44-0400__CAM_BACK__1534867210887605.jpg", "samples/CAM_BACK_RIGHT/n008-2018-08-21-11-53-44-0400__CAM_BACK_RIGHT__1534867210878113.jpg"], "intrinsics": [[[1257.8625342125129, 0.0, 827.2410631095686], [0.0, 1257.8625342125129, 450.915498205774], [0.0, 0.0, 1.0]], [[1252.8131021185304, 0.0, 826.588114781398], [0.0, 1252.8131021185304, 469.9846626224581], [0.0, 0.0, 1.0]], [[1256.7485116440405, 0.0, 817.7887570959712], [0.0, 1256.7485116440403, 451.9541780095127], [0.0, 0.0, 1.0]], [[1254.9860565800168, 0.0, 829.5769333630991], [0.0, 1254.9860565800168, 467.1680561863987], [0.0, 0.0, 1.0]], [[796.8910634503094, 0.0, 857.7774326863696], [0.0, 796.8910634503094, 476.8848988407415], [0.0, 0.0, 1.0]], [[1249.9629280788233, 0.0, 825.3768045375984], [0.0, 1249.9629280788233, 462.54816385708756], [0.0, 0.0, 1.0]]], "extrinsics": [[[0.8217124342918396, -0.5698123574256897, -0.010123544372618198, -0.6185302734375], [0.006976603530347347, 0.027819931507110596, -0.9995886087417603, 1.4914588928222656], [0.5698595643043518, 0.8213037848472595, 0.02683534100651741, -1.0697021484375], [0.0, 0.0, 0.0, 1.0]], [[0.008907967247068882, -0.9996823668479919, -0.02357601746916771, 0.0115966796875], [0.008989967405796051, 0.02365606464445591, -0.9996797442436218, 1.4835739135742188], [0.9999199509620667, 0.008693099021911621, 0.009197837673127651, -1.34814453125], [0.0, 0.0, 0.0, 1.0]], [[-0.8446335792541504, -0.5348716378211975, -0.022502360865473747, 0.8380126953125], [0.017182238399982452, 0.014926637522876263, -0.9997408986091614, 1.4982032775878906], [0.5350690484046936, -0.8448014855384827, -0.0034172488376498222, -1.1153564453125], [0.0, 0.0, 0.0, 1.0]], [[0.9479154944419861, 0.318514883518219, 0.0021223430521786213, -1.13165283203125], [-0.00792393833398819, 0.030242005363106728, -0.999511182308197, 1.5619354248046875], [-0.31842342019081116, 0.9474353194236755, 0.03119075857102871, -0.160400390625], [0.0, 0.0, 0.0, 1.0]], [[0.009718265384435654, 0.9996967315673828, 0.022629383951425552, -0.0283203125], [-0.005819443613290787, 0.022686611860990524, -0.9997256398200989, 1.5673675537109375], [-0.9999359250068665, 0.00958387553691864, 0.006038154475390911, -0.0731048583984375], [0.0, 0.0, 0.0, 1.0]], [[-0.92337566614151, 0.3838946223258972, 0.0014947057934477925, 0.958160400390625], [-0.0016578133217990398, -9.398604015586898e-05, -0.9999986290931702, 1.5474486351013184], [-0.38389384746551514, -0.9233769178390503, 0.0007232105126604438, -0.12646484375], [0.0, 0.0, 0.0, 1.0]]], "view": [[0.0, -2.0, 100.0], [-2.0, 0.0, 100.0], [0.0, 0.0, 1.0]], "bev": "bev_bb427c64842c44189d2ff9d32b03d368.png", "aux": "aux_bb427c64842c44189d2ff9d32b03d368.npz", "visibility": "visibility_bb427c64842c44189d2ff9d32b03d368.png", "pose": [[-0.8534534573554993, -0.5211690664291382, 0.0, 1013.3175659179688], [0.5211690664291382, -0.8534534573554993, 0.0, 1257.708251953125], [0.0, 0.0, 1.0, 0.0], [0.0, 0.0, 0.0, 1.0]], "pose_inverse": [[-0.8534534573554993, 0.5211690664291382, 0.0, 209.34072875976562], [-0.5211690664291382, -0.8534534573554993, 0.0, 1601.5052490234375], [0.0, 0.0, 1.0, 0.0], [0.0, 0.0, 0.0, 1.0]], "cam_ids": [0, 1, 2, 3, 4, 5], "cam_channels": ["CAM_FRONT_LEFT", "CAM_FRONT", "CAM_FRONT_RIGHT", "CAM_BACK_LEFT", "CAM_BACK", "CAM_BACK_RIGHT"], "token": "bb427c64842c44189d2ff9d32b03d368", "scene": "scene-0245"}, {"images": ["samples/CAM_FRONT_LEFT/n008-2018-08-21-11-53-44-0400__CAM_FRONT_LEFT__1534867211354799.jpg", "samples/CAM_FRONT/n008-2018-08-21-11-53-44-0400__CAM_FRONT__1534867211362404.jpg", "samples/CAM_FRONT_RIGHT/n008-2018-08-21-11-53-44-0400__CAM_FRONT_RIGHT__1534867211370482.jpg", "samples/CAM_BACK_LEFT/n008-2018-08-21-11-53-44-0400__CAM_BACK_LEFT__1534867211397405.jpg", "samples/CAM_BACK/n008-2018-08-21-11-53-44-0400__CAM_BACK__1534867211387558.jpg", "samples/CAM_BACK_RIGHT/n008-2018-08-21-11-53-44-0400__CAM_BACK_RIGHT__1534867211378113.jpg"], "intrinsics": [[[1257.8625342125129, 0.0, 827.2410631095686], [0.0, 1257.8625342125129, 450.915498205774], [0.0, 0.0, 1.0]], [[1252.8131021185304, 0.0, 826.588114781398], [0.0, 1252.8131021185304, 469.9846626224581], [0.0, 0.0, 1.0]], [[1256.7485116440405, 0.0, 817.7887570959712], [0.0, 1256.7485116440403, 451.9541780095127], [0.0, 0.0, 1.0]], [[1254.9860565800168, 0.0, 829.5769333630991], [0.0, 1254.9860565800168, 467.1680561863987], [0.0, 0.0, 1.0]], [[796.8910634503094, 0.0, 857.7774326863696], [0.0, 796.8910634503094, 476.8848988407415], [0.0, 0.0, 1.0]], [[1249.9629280788233, 0.0, 825.3768045375984], [0.0, 1249.9629280788233, 462.54816385708756], [0.0, 0.0, 1.0]]], "extrinsics": [[[0.8222525715827942, -0.5690217614173889, -0.010719796642661095, -0.61700439453125], [0.006704079452902079, 0.028518494218587875, -0.9995707869529724, 1.4911689758300781], [0.5690832138061523, 0.8218278288841248, 0.027264170348644257, -1.0753173828125], [0.0, 0.0, 0.0, 1.0]], [[0.009934021160006523, -0.9996582865715027, -0.024182336404919624, 0.0166015625], [0.008636862970888615, 0.024268409237265587, -0.9996681809425354, 1.4832992553710938], [0.9999132752418518, 0.009721898473799229, 0.008874994702637196, -1.35040283203125], [0.0, 0.0, 0.0, 1.0]], [[-0.8440467715263367, -0.5358074903488159, -0.022253546863794327, 0.8424072265625], [0.016578590497374535, 0.015406164340674877, -0.9997438788414001, 1.4979190826416016], [0.536013126373291, -0.8441995978355408, -0.004120593424886465, -1.1126708984375], [0.0, 0.0, 0.0, 1.0]], [[0.9478880763053894, 0.31860077381134033, 0.001322389580309391, -1.1329345703125], [-0.00867682695388794, 0.0299635399132967, -0.9995133280754089, 1.5619277954101562], [-0.3184853196144104, 0.947415292263031, 0.031166523694992065, -0.16015625], [0.0, 0.0, 0.0, 1.0]], [[0.009266612119972706, 0.9997018575668335, 0.02259192056953907, -0.0301513671875], [-0.006494812201708555, 0.022652585059404373, -0.9997222423553467, 1.5672531127929688], [-0.9999359250068665, 0.009117348119616508, 0.006702788639813662, -0.072113037109375], [0.0, 0.0, 0.0, 1.0]], [[-0.923704206943512, 0.38309794664382935, 0.00252668303437531, 0.958770751953125], [-0.002663874998688698, 0.000172388186911121, -0.9999964833259583, 1.5472350120544434], [-0.38309696316719055, -0.9237077236175537, 0.0008612896781414747, -0.12255859375], [0.0, 0.0, 0.0, 1.0]]], "view": [[0.0, -2.0, 100.0], [-2.0, 0.0, 100.0], [0.0, 0.0, 1.0]], "bev": "bev_ab0775d6a1364bd1b0b37a92d87263db.png", "aux": "aux_ab0775d6a1364bd1b0b37a92d87263db.npz", "visibility": "visibility_ab0775d6a1364bd1b0b37a92d87263db.png", "pose": [[-0.8540328741073608, -0.5202190279960632, 0.0, 1008.739501953125], [0.5202190279960632, -0.8540328741073608, 0.0, 1260.5908203125], [0.0, 0.0, 1.0, 0.0], [0.0, 0.0, 0.0, 1.0]], "pose_inverse": [[-0.8540328741073608, 0.5202190279960632, 0.0, 205.71336364746094], [-0.5202190279960632, -0.8540328741073608, 0.0, 1601.3514404296875], [0.0, 0.0, 1.0, 0.0], [0.0, 0.0, 0.0, 1.0]], "cam_ids": [0, 1, 2, 3, 4, 5], "cam_channels": ["CAM_FRONT_LEFT", "CAM_FRONT", "CAM_FRONT_RIGHT", "CAM_BACK_LEFT", "CAM_BACK", "CAM_BACK_RIGHT"], "token": "ab0775d6a1364bd1b0b37a92d87263db", "scene": "scene-0245"}, {"images": ["samples/CAM_FRONT_LEFT/n008-2018-08-21-11-53-44-0400__CAM_FRONT_LEFT__1534867211854799.jpg", "samples/CAM_FRONT/n008-2018-08-21-11-53-44-0400__CAM_FRONT__1534867211862404.jpg", "samples/CAM_FRONT_RIGHT/n008-2018-08-21-11-53-44-0400__CAM_FRONT_RIGHT__1534867211870482.jpg", "samples/CAM_BACK_LEFT/n008-2018-08-21-11-53-44-0400__CAM_BACK_LEFT__1534867211897405.jpg", "samples/CAM_BACK/n008-2018-08-21-11-53-44-0400__CAM_BACK__1534867211887600.jpg", "samples/CAM_BACK_RIGHT/n008-2018-08-21-11-53-44-0400__CAM_BACK_RIGHT__1534867211878739.jpg"], "intrinsics": [[[1257.8625342125129, 0.0, 827.2410631095686], [0.0, 1257.8625342125129, 450.915498205774], [0.0, 0.0, 1.0]], [[1252.8131021185304, 0.0, 826.588114781398], [0.0, 1252.8131021185304, 469.9846626224581], [0.0, 0.0, 1.0]], [[1256.7485116440405, 0.0, 817.7887570959712], [0.0, 1256.7485116440403, 451.9541780095127], [0.0, 0.0, 1.0]], [[1254.9860565800168, 0.0, 829.5769333630991], [0.0, 1254.9860565800168, 467.1680561863987], [0.0, 0.0, 1.0]], [[796.8910634503094, 0.0, 857.7774326863696], [0.0, 796.8910634503094, 476.8848988407415], [0.0, 0.0, 1.0]], [[1249.9629280788233, 0.0, 825.3768045375984], [0.0, 1249.9629280788233, 462.54816385708756], [0.0, 0.0, 1.0]]], "extrinsics": [[[0.8222274780273438, -0.5690928101539612, -0.008684336207807064, -0.61505126953125], [0.009561763145029545, 0.029067687690258026, -0.9995316863059998, 1.4927101135253906], [0.5690788626670837, 0.8217594027519226, 0.02934177778661251, -1.0677490234375], [0.0, 0.0, 0.0, 1.0]], [[0.009775509126484394, -0.9996422529220581, -0.024893751367926598, 0.01171875], [0.011500157415866852, 0.025005685165524483, -0.9996211528778076, 1.4845733642578125], [0.9998859763145447, 0.00948554277420044, 0.011740487068891525, -1.3459625244140625], [0.0, 0.0, 0.0, 1.0]], [[-0.8441751599311829, -0.5354694724082947, -0.025312716141343117, 0.837646484375], [0.019588790833950043, 0.016374586150050163, -0.9996740221977234, 1.4989337921142578], [0.5357094407081604, -0.8443958759307861, -0.003333820728585124, -1.115234375], [0.0, 0.0, 0.0, 1.0]], [[0.9478958249092102, 0.31854042410850525, 0.005049153231084347, -1.1337890625], [-0.005394304171204567, 0.03189469128847122, -0.9994766712188721, 1.561981201171875], [-0.3185347616672516, 0.9473724961280823, 0.03195115178823471, -0.1595458984375], [0.0, 0.0, 0.0, 1.0]], [[0.00937248207628727, 0.9996638298034668, 0.024174541234970093, -0.0281982421875], [-0.003310989122837782, 0.02420649491250515, -0.9997014999389648, 1.5676612854003906], [-0.9999505877494812, 0.009289572015404701, 0.0035367500968277454, -0.0718231201171875], [0.0, 0.0, 0.0, 1.0]], [[-0.9235942363739014, 0.38337138295173645, -0.00010552127787377685, 0.964935302734375], [0.0006973923300392926, 0.0014048649463802576, -0.9999987483024597, 1.547957181930542], [-0.3833707571029663, -0.9235931038856506, -0.0015648852568119764, -0.1239013671875], [0.0, 0.0, 0.0, 1.0]]], "view": [[0.0, -2.0, 100.0], [-2.0, 0.0, 100.0], [0.0, 0.0, 1.0]], "bev": "bev_80fa1ecff37d4e89ba5aed5e1953db0e.png", "aux": "aux_80fa1ecff37d4e89ba5aed5e1953db0e.npz", "visibility": "visibility_80fa1ecff37d4e89ba5aed5e1953db0e.png", "pose": [[-0.855638861656189, -0.5175732970237732, 0.0, 1004.1646118164062], [0.5175732970237732, -0.855638861656189, 0.0, 1263.4339599609375], [0.0, 0.0, 1.0, 0.0], [0.0, 0.0, 0.0, 1.0]], "pose_inverse": [[-0.855638861656189, 0.5175732970237732, 0.0, 205.2825927734375], [-0.5175732970237732, -0.855638861656189, 0.0, 1600.77197265625], [0.0, 0.0, 1.0, 0.0], [0.0, 0.0, 0.0, 1.0]], "cam_ids": [0, 1, 2, 3, 4, 5], "cam_channels": ["CAM_FRONT_LEFT", "CAM_FRONT", "CAM_FRONT_RIGHT", "CAM_BACK_LEFT", "CAM_BACK", "CAM_BACK_RIGHT"], "token": "80fa1ecff37d4e89ba5aed5e1953db0e", "scene": "scene-0245"}, {"images": ["samples/CAM_FRONT_LEFT/n008-2018-08-21-11-53-44-0400__CAM_FRONT_LEFT__1534867212354799.jpg", "samples/CAM_FRONT/n008-2018-08-21-11-53-44-0400__CAM_FRONT__1534867212362404.jpg", "samples/CAM_FRONT_RIGHT/n008-2018-08-21-11-53-44-0400__CAM_FRONT_RIGHT__1534867212370482.jpg", "samples/CAM_BACK_LEFT/n008-2018-08-21-11-53-44-0400__CAM_BACK_LEFT__1534867212397405.jpg", "samples/CAM_BACK/n008-2018-08-21-11-53-44-0400__CAM_BACK__1534867212387558.jpg", "samples/CAM_BACK_RIGHT/n008-2018-08-21-11-53-44-0400__CAM_BACK_RIGHT__1534867212378113.jpg"], "intrinsics": [[[1257.8625342125129, 0.0, 827.2410631095686], [0.0, 1257.8625342125129, 450.915498205774], [0.0, 0.0, 1.0]], [[1252.8131021185304, 0.0, 826.588114781398], [0.0, 1252.8131021185304, 469.9846626224581], [0.0, 0.0, 1.0]], [[1256.7485116440405, 0.0, 817.7887570959712], [0.0, 1256.7485116440403, 451.9541780095127], [0.0, 0.0, 1.0]], [[1254.9860565800168, 0.0, 829.5769333630991], [0.0, 1254.9860565800168, 467.1680561863987], [0.0, 0.0, 1.0]], [[796.8910634503094, 0.0, 857.7774326863696], [0.0, 796.8910634503094, 476.8848988407415], [0.0, 0.0, 1.0]], [[1249.9629280788233, 0.0, 825.3768045375984], [0.0, 1249.9629280788233, 462.54816385708756], [0.0, 0.0, 1.0]]], "extrinsics": [[[0.8230115175247192, -0.567975640296936, -0.007471974939107895, -0.61834716796875], [0.00955943949520588, 0.02700193040072918, -0.9995896220207214, 1.4926528930664062], [0.5679442882537842, 0.8226023316383362, 0.027652427554130554, -1.071533203125], [0.0, 0.0, 0.0, 1.0]], [[0.0110342251136899, -0.9996793866157532, -0.022787461057305336, 0.01318359375], [0.011575249955058098, 0.02291501872241497, -0.9996703863143921, 1.484527587890625], [0.9998720288276672, 0.010766825638711452, 0.011824389919638634, -1.3507080078125], [0.0, 0.0, 0.0, 1.0]], [[-0.8435675501823425, -0.5364735126495361, -0.02428913116455078, 0.842529296875], [0.019718606024980545, 0.014255993999540806, -0.9997038841247559, 1.4988670349121094], [0.5366609692573547, -0.8437967300415039, -0.00144738401286304, -1.1163330078125], [0.0, 0.0, 0.0, 1.0]], [[0.9478788375854492, 0.31860774755477905, 0.003837431548163295, -1.140869140625], [-0.005881454795598984, 0.029536623507738113, -0.9995464086532593, 1.5620231628417969], [-0.3185766041278839, 0.9474263787269592, 0.0298710186034441, -0.1572265625], [0.0, 0.0, 0.0, 1.0]], [[0.008929876610636711, 0.999719500541687, 0.021934011951088905, -0.0289306640625], [-0.003564626444131136, 0.02196657285094261, -0.9997523427009583, 1.5676422119140625], [-0.9999537467956543, 0.008849470876157284, 0.003759786719456315, -0.0658111572265625], [0.0, 0.0, 0.0, 1.0]], [[-0.9239134192466736, 0.3826000392436981, -0.0010029156692326069, 0.963134765625], [0.000754321226850152, -0.0007997590000741184, -0.9999994039535522, 1.5479750633239746], [-0.38260066509246826, -0.9239136576652527, 0.0004503048839978874, -0.1231689453125], [0.0, 0.0, 0.0, 1.0]]], "view": [[0.0, -2.0, 100.0], [-2.0, 0.0, 100.0], [0.0, 0.0, 1.0]], "bev": "bev_d6b486b53f7246e7873dcde2c741e337.png", "aux": "aux_d6b486b53f7246e7873dcde2c741e337.npz", "visibility": "visibility_d6b486b53f7246e7873dcde2c741e337.png", "pose": [[-0.8563393950462341, -0.5164133906364441, 0.0, 999.5756225585938], [0.5164133906364441, -0.8563393950462341, 0.0, 1266.25927734375], [0.0, 0.0, 1.0, 0.0], [0.0, 0.0, 0.0, 1.0]], "pose_inverse": [[-0.8563393950462341, 0.5164133906364441, 0.0, 202.062744140625], [-0.5164133906364441, -0.8563393950462341, 0.0, 1600.5419921875], [0.0, 0.0, 1.0, 0.0], [0.0, 0.0, 0.0, 1.0]], "cam_ids": [0, 1, 2, 3, 4, 5], "cam_channels": ["CAM_FRONT_LEFT", "CAM_FRONT", "CAM_FRONT_RIGHT", "CAM_BACK_LEFT", "CAM_BACK", "CAM_BACK_RIGHT"], "token": "d6b486b53f7246e7873dcde2c741e337", "scene": "scene-0245"}, {"images": ["samples/CAM_FRONT_LEFT/n008-2018-08-21-11-53-44-0400__CAM_FRONT_LEFT__1534867212854799.jpg", "samples/CAM_FRONT/n008-2018-08-21-11-53-44-0400__CAM_FRONT__1534867212862404.jpg", "samples/CAM_FRONT_RIGHT/n008-2018-08-21-11-53-44-0400__CAM_FRONT_RIGHT__1534867212870482.jpg", "samples/CAM_BACK_LEFT/n008-2018-08-21-11-53-44-0400__CAM_BACK_LEFT__1534867212897405.jpg", "samples/CAM_BACK/n008-2018-08-21-11-53-44-0400__CAM_BACK__1534867212887558.jpg", "samples/CAM_BACK_RIGHT/n008-2018-08-21-11-53-44-0400__CAM_BACK_RIGHT__1534867212878113.jpg"], "intrinsics": [[[1257.8625342125129, 0.0, 827.2410631095686], [0.0, 1257.8625342125129, 450.915498205774], [0.0, 0.0, 1.0]], [[1252.8131021185304, 0.0, 826.588114781398], [0.0, 1252.8131021185304, 469.9846626224581], [0.0, 0.0, 1.0]], [[1256.7485116440405, 0.0, 817.7887570959712], [0.0, 1256.7485116440403, 451.9541780095127], [0.0, 0.0, 1.0]], [[1254.9860565800168, 0.0, 829.5769333630991], [0.0, 1254.9860565800168, 467.1680561863987], [0.0, 0.0, 1.0]], [[796.8910634503094, 0.0, 857.7774326863696], [0.0, 796.8910634503094, 476.8848988407415], [0.0, 0.0, 1.0]], [[1249.9629280788233, 0.0, 825.3768045375984], [0.0, 1249.9629280788233, 462.54816385708756], [0.0, 0.0, 1.0]]], "extrinsics": [[[0.8225191235542297, -0.5686243772506714, -0.01134982518851757, -0.5882568359375], [0.008147548884153366, 0.03173491731286049, -0.9994630813598633, 1.4922409057617188], [0.5686792731285095, 0.8219849467277527, 0.03073546662926674, -1.051025390625], [0.0, 0.0, 0.0, 1.0]], [[0.01026579923927784, -0.9995661377906799, -0.027606552466750145, 0.013671875], [0.009970998391509056, 0.027708960697054863, -0.9995663166046143, 1.4842376708984375], [0.9998975992202759, 0.009985928423702717, 0.010251123458147049, -1.3147125244140625], [0.0, 0.0, 0.0, 1.0]], [[-0.8439382314682007, -0.535841703414917, -0.025339286774396896, 0.8128662109375], [0.01787957176566124, 0.01911264657974243, -0.9996574521064758, 1.4989356994628906], [0.5361424684524536, -0.8441020846366882, -0.006549271289259195, -1.097412109375], [0.0, 0.0, 0.0, 1.0]], [[0.9478933215141296, 0.31856757402420044, 0.0035950522869825363, -1.1129150390625], [-0.007841509766876698, 0.034610241651535034, -0.9993700981140137, 1.5617713928222656], [-0.3184914290904999, 0.9472680687904358, 0.03530486673116684, -0.1668701171875], [0.0, 0.0, 0.0, 1.0]], [[0.009214245714247227, 0.9995951056480408, 0.02692173235118389, -0.02880859375], [-0.005649194121360779, 0.026974480599164963, -0.9996201395988464, 1.5672225952148438], [-0.9999415874481201, 0.009058651514351368, 0.005895456299185753, -0.0974578857421875], [0.0, 0.0, 0.0, 1.0]], [[-0.9237399697303772, 0.38301020860671997, 0.00275928876362741, 0.9320068359375], [-0.0012720442609861493, 0.0041362447664141655, -0.9999906420707703, 1.547487735748291], [-0.38301804661750793, -0.9237347841262817, -0.0033336090855300426, -0.135986328125], [0.0, 0.0, 0.0, 1.0]]], "view": [[0.0, -2.0, 100.0], [-2.0, 0.0, 100.0], [0.0, 0.0, 1.0]], "bev": "bev_35f8aedc7acf40f68dd66fbe42ef0119.png", "aux": "aux_35f8aedc7acf40f68dd66fbe42ef0119.npz", "visibility": "visibility_35f8aedc7acf40f68dd66fbe42ef0119.png", "pose": [[-0.8534327149391174, -0.5212030410766602, 0.0, 994.88818359375], [0.5212030410766602, -0.8534327149391174, 0.0, 1269.1903076171875], [0.0, 0.0, 1.0, 0.0], [0.0, 0.0, 0.0, 1.0]], "pose_inverse": [[-0.8534327149391174, 0.5212030410766602, 0.0, 187.56422424316406], [-0.5212030410766602, -0.8534327149391174, 0.0, 1601.707275390625], [0.0, 0.0, 1.0, 0.0], [0.0, 0.0, 0.0, 1.0]], "cam_ids": [0, 1, 2, 3, 4, 5], "cam_channels": ["CAM_FRONT_LEFT", "CAM_FRONT", "CAM_FRONT_RIGHT", "CAM_BACK_LEFT", "CAM_BACK", "CAM_BACK_RIGHT"], "token": "35f8aedc7acf40f68dd66fbe42ef0119", "scene": "scene-0245"}, {"images": ["samples/CAM_FRONT_LEFT/n008-2018-08-21-11-53-44-0400__CAM_FRONT_LEFT__1534867213354799.jpg", "samples/CAM_FRONT/n008-2018-08-21-11-53-44-0400__CAM_FRONT__1534867213362404.jpg", "samples/CAM_FRONT_RIGHT/n008-2018-08-21-11-53-44-0400__CAM_FRONT_RIGHT__1534867213370482.jpg", "samples/CAM_BACK_LEFT/n008-2018-08-21-11-53-44-0400__CAM_BACK_LEFT__1534867213397405.jpg", "samples/CAM_BACK/n008-2018-08-21-11-53-44-0400__CAM_BACK__1534867213387558.jpg", "samples/CAM_BACK_RIGHT/n008-2018-08-21-11-53-44-0400__CAM_BACK_RIGHT__1534867213378113.jpg"], "intrinsics": [[[1257.8625342125129, 0.0, 827.2410631095686], [0.0, 1257.8625342125129, 450.915498205774], [0.0, 0.0, 1.0]], [[1252.8131021185304, 0.0, 826.588114781398], [0.0, 1252.8131021185304, 469.9846626224581], [0.0, 0.0, 1.0]], [[1256.7485116440405, 0.0, 817.7887570959712], [0.0, 1256.7485116440403, 451.9541780095127], [0.0, 0.0, 1.0]], [[1254.9860565800168, 0.0, 829.5769333630991], [0.0, 1254.9860565800168, 467.1680561863987], [0.0, 0.0, 1.0]], [[796.8910634503094, 0.0, 857.7774326863696], [0.0, 796.8910634503094, 476.8848988407415], [0.0, 0.0, 1.0]], [[1249.9629280788233, 0.0, 825.3768045375984], [0.0, 1249.9629280788233, 462.54816385708756], [0.0, 0.0, 1.0]]], "extrinsics": [[[0.8223134279251099, -0.5688828229904175, -0.013153544627130032, -0.62164306640625], [0.004336903803050518, 0.02938045561313629, -0.9995588660240173, 1.4901618957519531], [0.5690184235572815, 0.8218936920166016, 0.026627134531736374, -1.07373046875], [0.0, 0.0, 0.0, 1.0]], [[0.009789392352104187, -0.9996370673179626, -0.025095399469137192, 0.0123291015625], [0.006516496650874615, 0.025159845128655434, -0.9996622204780579, 1.4825668334960938], [0.9999307990074158, 0.009622513316571712, 0.006760431919246912, -1.35260009765625], [0.0, 0.0, 0.0, 1.0]], [[-0.8442762494087219, -0.5354855060577393, -0.021281573921442032, 0.84161376953125], [0.014826295897364616, 0.016356930136680603, -0.9997562766075134, 1.4974346160888672], [0.5357031226158142, -0.8443859815597534, -0.005870501510798931, -1.117431640625], [0.0, 0.0, 0.0, 1.0]], [[0.9479025602340698, 0.31855931878089905, 0.0008350802818313241, -1.132568359375], [-0.009636828675866127, 0.0312952920794487, -0.9994637370109558, 1.561920166015625], [-0.3184146285057068, 0.9473862051963806, 0.032734788954257965, -0.16015625], [0.0, 0.0, 0.0, 1.0]], [[0.009464039467275143, 0.9996724724769592, 0.023780500516295433, -0.0283203125], [-0.007904510013759136, 0.02385561168193817, -0.9996841549873352, 1.5671310424804688], [-0.9999240040779114, 0.00927301961928606, 0.008127691224217415, -0.07147216796875], [0.0, 0.0, 0.0, 1.0]], [[-0.9235826134681702, 0.38337767124176025, 0.004081691149622202, 0.961151123046875], [-0.003913269843906164, 0.0012192379217594862, -0.9999915957450867, 1.5469666719436646], [-0.38337942957878113, -0.9235907793045044, 0.00037419324507936835, -0.1251220703125], [0.0, 0.0, 0.0, 1.0]]], "view": [[0.0, -2.0, 100.0], [-2.0, 0.0, 100.0], [0.0, 0.0, 1.0]], "bev": "bev_71682cb8a436477ea7cc057599206c4c.png", "aux": "aux_71682cb8a436477ea7cc057599206c4c.npz", "visibility": "visibility_71682cb8a436477ea7cc057599206c4c.png", "pose": [[-0.8520709872245789, -0.5234262347221375, 0.0, 990.3597412109375], [0.5234262347221375, -0.8520709872245789, 0.0, 1272.0423583984375], [0.0, 0.0, 1.0, 0.0], [0.0, 0.0, 0.0, 1.0]], "pose_inverse": [[-0.8520709872245789, 0.5234262347221375, 0.0, 178.0364532470703], [-0.5234262347221375, -0.8520709872245789, 0.0, 1602.2506103515625], [0.0, 0.0, 1.0, 0.0], [0.0, 0.0, 0.0, 1.0]], "cam_ids": [0, 1, 2, 3, 4, 5], "cam_channels": ["CAM_FRONT_LEFT", "CAM_FRONT", "CAM_FRONT_RIGHT", "CAM_BACK_LEFT", "CAM_BACK", "CAM_BACK_RIGHT"], "token": "71682cb8a436477ea7cc057599206c4c", "scene": "scene-0245"}, {"images": ["samples/CAM_FRONT_LEFT/n008-2018-08-21-11-53-44-0400__CAM_FRONT_LEFT__1534867213854799.jpg", "samples/CAM_FRONT/n008-2018-08-21-11-53-44-0400__CAM_FRONT__1534867213862404.jpg", "samples/CAM_FRONT_RIGHT/n008-2018-08-21-11-53-44-0400__CAM_FRONT_RIGHT__1534867213870482.jpg", "samples/CAM_BACK_LEFT/n008-2018-08-21-11-53-44-0400__CAM_BACK_LEFT__1534867213897405.jpg", "samples/CAM_BACK/n008-2018-08-21-11-53-44-0400__CAM_BACK__1534867213887558.jpg", "samples/CAM_BACK_RIGHT/n008-2018-08-21-11-53-44-0400__CAM_BACK_RIGHT__1534867213878113.jpg"], "intrinsics": [[[1257.8625342125129, 0.0, 827.2410631095686], [0.0, 1257.8625342125129, 450.915498205774], [0.0, 0.0, 1.0]], [[1252.8131021185304, 0.0, 826.588114781398], [0.0, 1252.8131021185304, 469.9846626224581], [0.0, 0.0, 1.0]], [[1256.7485116440405, 0.0, 817.7887570959712], [0.0, 1256.7485116440403, 451.9541780095127], [0.0, 0.0, 1.0]], [[1254.9860565800168, 0.0, 829.5769333630991], [0.0, 1254.9860565800168, 467.1680561863987], [0.0, 0.0, 1.0]], [[796.8910634503094, 0.0, 857.7774326863696], [0.0, 796.8910634503094, 476.8848988407415], [0.0, 0.0, 1.0]], [[1249.9629280788233, 0.0, 825.3768045375984], [0.0, 1249.9629280788233, 462.54816385708756], [0.0, 0.0, 1.0]]], "extrinsics": [[[0.822370171546936, -0.5687698721885681, -0.01443035714328289, -0.6234130859375], [0.004092066548764706, 0.03127516433596611, -0.999502420425415, 1.4900436401367188], [0.5689381957054138, 0.8219019174575806, 0.02804720401763916, -1.07470703125], [0.0, 0.0, 0.0, 1.0]], [[0.009969109669327736, -0.9995825290679932, -0.027116596698760986, 0.0130615234375], [0.005972989834845066, 0.0271769892424345, -0.9996128082275391, 1.4823417663574219], [0.9999324679374695, 0.009803252294659615, 0.00624142587184906, -1.3526153564453125], [0.0, 0.0, 0.0, 1.0]], [[-0.8441409468650818, -0.5356819033622742, -0.021701082587242126, 0.84063720703125], [0.013946839608252048, 0.018522465601563454, -0.9997311234474182, 1.4971694946289062], [0.5359398722648621, -0.8442167043685913, -0.008164501748979092, -1.114990234375], [0.0, 0.0, 0.0, 1.0]], [[0.9478919506072998, 0.3185919523239136, -0.00011505497241159901, -1.128173828125], [-0.011498067528009415, 0.03384876623749733, -0.9993608593940735, 1.5618438720703125], [-0.31838443875312805, 0.9472874402999878, 0.03574816510081291, -0.16162109375], [0.0, 0.0, 0.0, 1.0]], [[0.009374399669468403, 0.9996125102043152, 0.026208097115159035, -0.02880859375], [-0.009366093203425407, 0.026295874267816544, -0.9996103048324585, 1.5669097900390625], [-0.9999122619628906, 0.009125304408371449, 0.009608972817659378, -0.0753173828125], [0.0, 0.0, 0.0, 1.0]], [[-0.9236660599708557, 0.38314980268478394, 0.006101587321609259, 0.9578857421875], [-0.005142769310623407, 0.0035267306957393885, -0.9999805092811584, 1.5466804504394531], [-0.38316377997398376, -0.923679530620575, -0.0012870709178969264, -0.1251220703125], [0.0, 0.0, 0.0, 1.0]]], "view": [[0.0, -2.0, 100.0], [-2.0, 0.0, 100.0], [0.0, 0.0, 1.0]], "bev": "bev_1fff958a423f4fabac3d811329348043.png", "aux": "aux_1fff958a423f4fabac3d811329348043.npz", "visibility": "visibility_1fff958a423f4fabac3d811329348043.png", "pose": [[-0.8519048094749451, -0.5236966609954834, 0.0, 985.9385986328125], [0.5236966609954834, -0.8519048094749451, 0.0, 1274.8162841796875], [0.0, 0.0, 1.0, 0.0], [0.0, 0.0, 0.0, 1.0]], "pose_inverse": [[-0.8519048094749451, 0.5236966609954834, 0.0, 172.30885314941406], [-0.5236966609954834, -0.8519048094749451, 0.0, 1602.3548583984375], [0.0, 0.0, 1.0, 0.0], [0.0, 0.0, 0.0, 1.0]], "cam_ids": [0, 1, 2, 3, 4, 5], "cam_channels": ["CAM_FRONT_LEFT", "CAM_FRONT", "CAM_FRONT_RIGHT", "CAM_BACK_LEFT", "CAM_BACK", "CAM_BACK_RIGHT"], "token": "1fff958a423f4fabac3d811329348043", "scene": "scene-0245"}, {"images": ["samples/CAM_FRONT_LEFT/n008-2018-08-21-11-53-44-0400__CAM_FRONT_LEFT__1534867214354799.jpg", "samples/CAM_FRONT/n008-2018-08-21-11-53-44-0400__CAM_FRONT__1534867214362404.jpg", "samples/CAM_FRONT_RIGHT/n008-2018-08-21-11-53-44-0400__CAM_FRONT_RIGHT__1534867214370482.jpg", "samples/CAM_BACK_LEFT/n008-2018-08-21-11-53-44-0400__CAM_BACK_LEFT__1534867214397405.jpg", "samples/CAM_BACK/n008-2018-08-21-11-53-44-0400__CAM_BACK__1534867214387558.jpg", "samples/CAM_BACK_RIGHT/n008-2018-08-21-11-53-44-0400__CAM_BACK_RIGHT__1534867214378113.jpg"], "intrinsics": [[[1257.8625342125129, 0.0, 827.2410631095686], [0.0, 1257.8625342125129, 450.915498205774], [0.0, 0.0, 1.0]], [[1252.8131021185304, 0.0, 826.588114781398], [0.0, 1252.8131021185304, 469.9846626224581], [0.0, 0.0, 1.0]], [[1256.7485116440405, 0.0, 817.7887570959712], [0.0, 1256.7485116440403, 451.9541780095127], [0.0, 0.0, 1.0]], [[1254.9860565800168, 0.0, 829.5769333630991], [0.0, 1254.9860565800168, 467.1680561863987], [0.0, 0.0, 1.0]], [[796.8910634503094, 0.0, 857.7774326863696], [0.0, 796.8910634503094, 476.8848988407415], [0.0, 0.0, 1.0]], [[1249.9629280788233, 0.0, 825.3768045375984], [0.0, 1249.9629280788233, 462.54816385708756], [0.0, 0.0, 1.0]]], "extrinsics": [[[0.8227560520172119, -0.568195641040802, -0.015039077028632164, -0.63037109375], [6.816974928369746e-05, 0.02655750699341297, -0.9996472597122192, 1.48822021484375], [0.5683946013450623, 0.8224648237228394, 0.021889081224799156, -1.0792236328125], [0.0, 0.0, 0.0, 1.0]], [[0.010588404722511768, -0.9996935129165649, -0.022373562678694725, 0.0125732421875], [0.002913189586251974, 0.022405562922358513, -0.999744713306427, 1.4811820983886719], [0.9999395608901978, 0.01052052527666092, 0.0031495369039475918, -1.359619140625], [0.0, 0.0, 0.0, 1.0]], [[-0.8438586592674255, -0.5362838506698608, -0.01738245040178299, 0.8453369140625], [0.011884559877216816, 0.013706733472645283, -0.9998353719711304, 1.4965095520019531], [0.5364338159561157, -0.8439263701438904, -0.005193049553781748, -1.1182861328125], [0.0, 0.0, 0.0, 1.0]], [[0.9478709101676941, 0.31865403056144714, -0.0006046465714462101, -1.12469482421875], [-0.010296887718141079, 0.02873259410262108, -0.9995340704917908, 1.5618209838867188], [-0.31848815083503723, 0.9474354386329651, 0.03051593340933323, -0.162841796875], [0.0, 0.0, 0.0, 1.0]], [[0.009113484993577003, 0.9997372627258301, 0.021029913797974586, -0.0289306640625], [-0.009305662475526333, 0.021114669740200043, -0.9997336864471436, 1.5669212341308594], [-0.9999151825904846, 0.00891545508056879, 0.009495647624135017, -0.075653076171875], [0.0, 0.0, 0.0, 1.0]], [[-0.9238342642784119, 0.3827586770057678, 0.005095434375107288, 0.96087646484375], [-0.0061375899240374565, -0.001501685008406639, -0.9999800324440002, 1.5464942455291748], [-0.3827434182167053, -0.9238471388816833, 0.0037365236785262823, -0.1241455078125], [0.0, 0.0, 0.0, 1.0]]], "view": [[0.0, -2.0, 100.0], [-2.0, 0.0, 100.0], [0.0, 0.0, 1.0]], "bev": "bev_28c04122bb604efd9f46ae6799c9a318.png", "aux": "aux_28c04122bb604efd9f46ae6799c9a318.npz", "visibility": "visibility_28c04122bb604efd9f46ae6799c9a318.png", "pose": [[-0.8516655564308167, -0.5240856409072876, 0.0, 981.6079711914062], [0.5240856409072876, -0.8516655564308167, 0.0, 1277.54443359375], [0.0, 0.0, 1.0, 0.0], [0.0, 0.0, 0.0, 1.0]], "pose_inverse": [[-0.8516655564308167, 0.5240856409072876, 0.0, 166.4590301513672], [-0.5240856409072876, -0.8516655564308167, 0.0, 1602.4873046875], [0.0, 0.0, 1.0, 0.0], [0.0, 0.0, 0.0, 1.0]], "cam_ids": [0, 1, 2, 3, 4, 5], "cam_channels": ["CAM_FRONT_LEFT", "CAM_FRONT", "CAM_FRONT_RIGHT", "CAM_BACK_LEFT", "CAM_BACK", "CAM_BACK_RIGHT"], "token": "28c04122bb604efd9f46ae6799c9a318", "scene": "scene-0245"}, {"images": ["samples/CAM_FRONT_LEFT/n008-2018-08-21-11-53-44-0400__CAM_FRONT_LEFT__1534867214854799.jpg", "samples/CAM_FRONT/n008-2018-08-21-11-53-44-0400__CAM_FRONT__1534867214862404.jpg", "samples/CAM_FRONT_RIGHT/n008-2018-08-21-11-53-44-0400__CAM_FRONT_RIGHT__1534867214870482.jpg", "samples/CAM_BACK_LEFT/n008-2018-08-21-11-53-44-0400__CAM_BACK_LEFT__1534867214897405.jpg", "samples/CAM_BACK/n008-2018-08-21-11-53-44-0400__CAM_BACK__1534867214887558.jpg", "samples/CAM_BACK_RIGHT/n008-2018-08-21-11-53-44-0400__CAM_BACK_RIGHT__1534867214878113.jpg"], "intrinsics": [[[1257.8625342125129, 0.0, 827.2410631095686], [0.0, 1257.8625342125129, 450.915498205774], [0.0, 0.0, 1.0]], [[1252.8131021185304, 0.0, 826.588114781398], [0.0, 1252.8131021185304, 469.9846626224581], [0.0, 0.0, 1.0]], [[1256.7485116440405, 0.0, 817.7887570959712], [0.0, 1256.7485116440403, 451.9541780095127], [0.0, 0.0, 1.0]], [[1254.9860565800168, 0.0, 829.5769333630991], [0.0, 1254.9860565800168, 467.1680561863987], [0.0, 0.0, 1.0]], [[796.8910634503094, 0.0, 857.7774326863696], [0.0, 796.8910634503094, 476.8848988407415], [0.0, 0.0, 1.0]], [[1249.9629280788233, 0.0, 825.3768045375984], [0.0, 1249.9629280788233, 462.54816385708756], [0.0, 0.0, 1.0]]], "extrinsics": [[[0.8225409388542175, -0.5686192512512207, -0.009931688196957111, -0.6346435546875], [0.005624376703053713, 0.025596316903829575, -0.9996564984321594, 1.4907341003417969], [0.5686781406402588, 0.8222025632858276, 0.024252144619822502, -1.0811767578125], [0.0, 0.0, 0.0, 1.0]], [[0.010290305130183697, -0.9997172951698303, -0.0214330293238163, 0.0118408203125], [0.0074149989522993565, 0.021509863436222076, -0.9997411370277405, 1.4828605651855469], [0.9999195337295532, 0.010128630325198174, 0.007634244859218597, -1.3627471923828125], [0.0, 0.0, 0.0, 1.0]], [[-0.8439484238624573, -0.536057710647583, -0.019832393154501915, 0.84637451171875], [0.015325908549129963, 0.012860833667218685, -0.9997997879981995, 1.4975013732910156], [0.5362054705619812, -0.8440834283828735, -0.0026383085642009974, -1.1195068359375], [0.0, 0.0, 0.0, 1.0]], [[0.9478772878646851, 0.3186347782611847, -0.0007930667488835752, -1.12603759765625], [-0.010283184237778187, 0.028102660551667213, -0.9995521306991577, 1.5618438720703125], [-0.318469762802124, 0.9474608302116394, 0.029914449900388718, -0.1622314453125], [0.0, 0.0, 0.0, 1.0]], [[0.009200326167047024, 0.9997475147247314, 0.020502658560872078, -0.0286865234375], [-0.008064397610723972, 0.020