[{"images": ["samples/CAM_FRONT_LEFT/n015-2018-08-01-17-04-15+0800__CAM_FRONT_LEFT__1533114326604844.jpg", "samples/CAM_FRONT/n015-2018-08-01-17-04-15+0800__CAM_FRONT__1533114326612460.jpg", "samples/CAM_FRONT_RIGHT/n015-2018-08-01-17-04-15+0800__CAM_FRONT_RIGHT__1533114326620339.jpg", "samples/CAM_BACK_LEFT/n015-2018-08-01-17-04-15+0800__CAM_BACK_LEFT__1533114326647423.jpg", "samples/CAM_BACK/n015-2018-08-01-17-04-15+0800__CAM_BACK__1533114326637525.jpg", "samples/CAM_BACK_RIGHT/n015-2018-08-01-17-04-15+0800__CAM_BACK_RIGHT__1533114326627893.jpg"], "intrinsics": [[[1272.5979470598488, 0.0, 826.6154927353808], [0.0, 1272.5979470598488, 479.75165386361925], [0.0, 0.0, 1.0]], [[1266.417203046554, 0.0, 816.2670197447984], [0.0, 1266.417203046554, 491.50706579294757], [0.0, 0.0, 1.0]], [[1260.8474446004698, 0.0, 807.968244525554], [0.0, 1260.8474446004698, 495.3344268742088], [0.0, 0.0, 1.0]], [[1256.7414812095406, 0.0, 792.1125740759628], [0.0, 1256.7414812095406, 492.7757465151356], [0.0, 0.0, 1.0]], [[809.2209905677063, 0.0, 829.2196003259838], [0.0, 809.2209905677063, 481.77842384512485], [0.0, 0.0, 1.0]], [[1259.5137405846733, 0.0, 807.2529053838625], [0.0, 1259.5137405846733, 501.19579884916527], [0.0, 0.0, 1.0]]], "extrinsics": [[[0.8208913803100586, -0.5708555579185486, 0.01616237871348858, -0.790771484375], [0.009600785560905933, -0.014502321369946003, -0.9998487234115601, 1.5102930068969727], [0.5710034966468811, 0.8209223747253418, -0.006424168590456247, -1.16058349609375], [0.0, 0.0, 0.0, 1.0]], [[0.005875945091247559, -0.999807596206665, 0.018712498247623444, 0.0069732666015625], [0.004215043969452381, -0.018687890842556953, -0.9998164772987366, 1.5212773084640503], [0.9999738335609436, 0.005953742191195488, 0.004104423336684704, -1.519775390625], [0.0, 0.0, 0.0, 1.0]], [[-0.8327302932739258, -0.5536315441131592, -0.007226470857858658, 0.9224853515625], [0.00974318478256464, -0.0016027388628572226, -0.9999512434005737, 1.5049333572387695], [0.5535929799079895, -0.8327601552009583, 0.006728785578161478, -1.1748046875], [0.0, 0.0, 0.0, 1.0]], [[0.9477070569992065, 0.3190667927265167, 0.00690806470811367, -1.14501953125], [0.018124226480722427, -0.03219735994935036, -0.9993171691894531, 1.5885009765625], [-0.3186264932155609, 0.9471850991249084, -0.036296505481004715, -0.102630615234375], [0.0, 0.0, 0.0, 1.0]], [[0.0024787355214357376, 0.9997517466545105, -0.022140657529234886, 0.0027313232421875], [-0.007169546093791723, -0.02212238870561123, -0.999729573726654, 1.5790414810180664], [-0.9999712109565735, 0.0026367499958723783, 0.007112930994480848, -0.0433349609375], [0.0, 0.0, 0.0, 1.0]], [[-0.9346486330032349, 0.35460081696510315, -0.026270005851984024, 1.0484619140625], [0.025550585240125656, -0.006711828056722879, -0.9996509552001953, 1.5538482666015625], [-0.3546535074710846, -0.9349936842918396, -0.0027870594058185816, -0.096466064453125], [0.0, 0.0, 0.0, 1.0]]], "view": [[0.0, -2.0, 100.0], [-2.0, 0.0, 100.0], [0.0, 0.0, 1.0]], "bev": "bev_090e988105f943718f7c8b823b49b44b.png", "aux": "aux_090e988105f943718f7c8b823b49b44b.npz", "visibility": "visibility_090e988105f943718f7c8b823b49b44b.png", "pose": [[0.38514721393585205, -0.9228551387786865, 0.0, 363.42022705078125], [0.9228551387786865, 0.38514721393585205, 0.0, 1088.2972412109375], [0.0, 0.0, 1.0, 0.0], [0.0, 0.0, 0.0, 1.0]], "pose_inverse": [[0.38514721393585205, 0.9228551387786865, 0.0, -1144.31103515625], [-0.9228551387786865, 0.38514721393585205, 0.0, -83.7704086303711], [0.0, 0.0, 1.0, 0.0], [0.0, 0.0, 0.0, 1.0]], "cam_ids": [0, 1, 2, 3, 4, 5], "cam_channels": ["CAM_FRONT_LEFT", "CAM_FRONT", "CAM_FRONT_RIGHT", "CAM_BACK_LEFT", "CAM_BACK", "CAM_BACK_RIGHT"], "token": "090e988105f943718f7c8b823b49b44b", "scene": "scene-0151"}, {"images": ["samples/CAM_FRONT_LEFT/n015-2018-08-01-17-04-15+0800__CAM_FRONT_LEFT__1533114327104844.jpg", "samples/CAM_FRONT/n015-2018-08-01-17-04-15+0800__CAM_FRONT__1533114327112460.jpg", "samples/CAM_FRONT_RIGHT/n015-2018-08-01-17-04-15+0800__CAM_FRONT_RIGHT__1533114327120339.jpg", "samples/CAM_BACK_LEFT/n015-2018-08-01-17-04-15+0800__CAM_BACK_LEFT__1533114327147423.jpg", "samples/CAM_BACK/n015-2018-08-01-17-04-15+0800__CAM_BACK__1533114327137525.jpg", "samples/CAM_BACK_RIGHT/n015-2018-08-01-17-04-15+0800__CAM_BACK_RIGHT__1533114327127893.jpg"], "intrinsics": [[[1272.5979470598488, 0.0, 826.6154927353808], [0.0, 1272.5979470598488, 479.75165386361925], [0.0, 0.0, 1.0]], [[1266.417203046554, 0.0, 816.2670197447984], [0.0, 1266.417203046554, 491.50706579294757], [0.0, 0.0, 1.0]], [[1260.8474446004698, 0.0, 807.968244525554], [0.0, 1260.8474446004698, 495.3344268742088], [0.0, 0.0, 1.0]], [[1256.7414812095406, 0.0, 792.1125740759628], [0.0, 1256.7414812095406, 492.7757465151356], [0.0, 0.0, 1.0]], [[809.2209905677063, 0.0, 829.2196003259838], [0.0, 809.2209905677063, 481.77842384512485], [0.0, 0.0, 1.0]], [[1259.5137405846733, 0.0, 807.2529053838625], [0.0, 1259.5137405846733, 501.19579884916527], [0.0, 0.0, 1.0]]], "extrinsics": [[[0.8210487365722656, -0.5707080960273743, 0.01308474875986576, -0.78302001953125], [0.0054847258143126965, -0.015033685602247715, -0.9998719096183777, 1.5094828605651855], [0.5708315372467041, 0.8210154175758362, -0.009213211946189404, -1.15582275390625], [0.0, 0.0, 0.0, 1.0]], [[0.006157956086099148, -0.9997981190681458, 0.019128255546092987, 0.00765228271484375], [0.00022547857952304184, -0.01912723109126091, -0.9998170733451843, 1.5206019878387451], [0.9999809861183167, 0.00616117101162672, 0.00010764885519165546, -1.510986328125], [0.0, 0.0, 0.0, 1.0]], [[-0.8326511383056641, -0.5537846684455872, -0.003817852819338441, 0.91680908203125], [0.005878699943423271, -0.001945027499459684, -0.9999808073043823, 1.5044660568237305], [0.5537666082382202, -0.8326576352119446, 0.0048750643618404865, -1.1705322265625], [0.0, 0.0, 0.0, 1.0]], [[0.9477022886276245, 0.3191347122192383, 0.00365966884419322, -1.1456298828125], [0.014706610701978207, -0.03221246227622032, -0.9993728399276733, 1.5885124206542969], [-0.3188166320323944, 0.9471617341041565, -0.03522121533751488, -0.10284423828125], [0.0, 0.0, 0.0, 1.0]], [[0.002322919201105833, 0.9997488856315613, -0.022289084270596504, 0.002410888671875], [-0.010775296948850155, -0.022262822836637497, -0.9996941089630127, 1.5788612365722656], [-0.9999392032623291, 0.0025624611880630255, 0.010720876045525074, -0.0452880859375], [0.0, 0.0, 0.0, 1.0]], [[-0.934786319732666, 0.3544747829437256, -0.022849775850772858, 1.043701171875], [0.021797005087137222, -0.006963122636079788, -0.9997381567955017, 1.5536060333251953], [-0.3545410633087158, -0.9350396990776062, -0.0012174585135653615, -0.09783935546875], [0.0, 0.0, 0.0, 1.0]]], "view": [[0.0, -2.0, 100.0], [-2.0, 0.0, 100.0], [0.0, 0.0, 1.0]], "bev": "bev_2571d511a87a4f818e27bc4de69c1501.png", "aux": "aux_2571d511a87a4f818e27bc4de69c1501.npz", "visibility": "visibility_2571d511a87a4f818e27bc4de69c1501.png", "pose": [[0.3870668113231659, -0.9220516681671143, 0.0, 364.4424743652344], [0.9220516681671143, 0.3870668113231659, 0.0, 1090.708740234375], [0.0, 0.0, 1.0, 0.0], [0.0, 0.0, 0.0, 1.0]], "pose_inverse": [[0.3870668113231659, 0.9220516681671143, 0.0, -1146.75341796875], [-0.9220516681671143, 0.3870668113231659, 0.0, -86.14236450195312], [0.0, 0.0, 1.0, 0.0], [0.0, 0.0, 0.0, 1.0]], "cam_ids": [0, 1, 2, 3, 4, 5], "cam_channels": ["CAM_FRONT_LEFT", "CAM_FRONT", "CAM_FRONT_RIGHT", "CAM_BACK_LEFT", "CAM_BACK", "CAM_BACK_RIGHT"], "token": "2571d511a87a4f818e27bc4de69c1501", "scene": "scene-0151"}, {"images": ["samples/CAM_FRONT_LEFT/n015-2018-08-01-17-04-15+0800__CAM_FRONT_LEFT__1533114327604844.jpg", "samples/CAM_FRONT/n015-2018-08-01-17-04-15+0800__CAM_FRONT__1533114327612460.jpg", "samples/CAM_FRONT_RIGHT/n015-2018-08-01-17-04-15+0800__CAM_FRONT_RIGHT__1533114327620339.jpg", "samples/CAM_BACK_LEFT/n015-2018-08-01-17-04-15+0800__CAM_BACK_LEFT__1533114327647434.jpg", "samples/CAM_BACK/n015-2018-08-01-17-04-15+0800__CAM_BACK__1533114327637525.jpg", "samples/CAM_BACK_RIGHT/n015-2018-08-01-17-04-15+0800__CAM_BACK_RIGHT__1533114327627893.jpg"], "intrinsics": [[[1272.5979470598488, 0.0, 826.6154927353808], [0.0, 1272.5979470598488, 479.75165386361925], [0.0, 0.0, 1.0]], [[1266.417203046554, 0.0, 816.2670197447984], [0.0, 1266.417203046554, 491.50706579294757], [0.0, 0.0, 1.0]], [[1260.8474446004698, 0.0, 807.968244525554], [0.0, 1260.8474446004698, 495.3344268742088], [0.0, 0.0, 1.0]], [[1256.7414812095406, 0.0, 792.1125740759628], [0.0, 1256.7414812095406, 492.7757465151356], [0.0, 0.0, 1.0]], [[809.2209905677063, 0.0, 829.2196003259838], [0.0, 809.2209905677063, 481.77842384512485], [0.0, 0.0, 1.0]], [[1259.5137405846733, 0.0, 807.2529053838625], [0.0, 1259.5137405846733, 501.19579884916527], [0.0, 0.0, 1.0]]], "extrinsics": [[[0.8212812542915344, -0.5702093839645386, 0.01892843283712864, -0.785400390625], [0.010835020802915096, -0.01758265309035778, -0.9997866749763489, 1.5106334686279297], [0.5704206228256226, 0.8213111162185669, -0.008262072689831257, -1.157470703125], [0.0, 0.0, 0.0, 1.0]], [[0.006429572589695454, -0.9997420310974121, 0.02178102917969227, 0.0075225830078125], [0.005594708025455475, -0.021745173260569572, -0.9997479319572449, 1.5215635299682617], [0.999963641166687, 0.006549800280481577, 0.005453452933579683, -1.5133056640625], [0.0, 0.0, 0.0, 1.0]], [[-0.832471489906311, -0.5540259480476379, -0.006811380852013826, 0.9171142578125], [0.011263049207627773, -0.004630273208022118, -0.9999257922172546, 1.505213737487793], [0.5539532899856567, -0.8324865102767944, 0.010094593279063702, -1.1708984375], [0.0, 0.0, 0.0, 1.0]], [[0.9476711750030518, 0.3191549479961395, 0.007703849580138922, -1.14111328125], [0.01998201012611389, -0.0352143831551075, -0.9991799592971802, 1.5885810852050781], [-0.3186219334602356, 0.947048008441925, -0.03974901884794235, -0.1041259765625], [0.0, 0.0, 0.0, 1.0]], [[0.0023401440121233463, 0.9996796250343323, -0.025204110890626907, 0.0025177001953125], [-0.005403686780482531, -0.0251911710947752, -0.9996680617332458, 1.5790882110595703], [-0.9999826550483704, 0.0024756218772381544, 0.005343003198504448, -0.050048828125], [0.0, 0.0, 0.0, 1.0]], [[-0.9347193241119385, 0.3542114794254303, -0.02887750416994095, 1.041748046875], [0.027192266657948494, -0.009735199622809887, -0.999582827091217, 1.5541934967041016], [-0.3543448746204376, -0.9351146817207336, -0.0005321329226717353, -0.098663330078125], [0.0, 0.0, 0.0, 1.0]]], "view": [[0.0, -2.0, 100.0], [-2.0, 0.0, 100.0], [0.0, 0.0, 1.0]], "bev": "bev_b48b532c3e1943578c4cf9e1a8230541.png", "aux": "aux_b48b532c3e1943578c4cf9e1a8230541.npz", "visibility": "visibility_b48b532c3e1943578c4cf9e1a8230541.png", "pose": [[0.3927103579044342, -0.9196621775627136, 0.0, 365.4820251464844], [0.9196621775627136, 0.3927103579044342, 0.0, 1093.125732421875], [0.0, 0.0, 1.0, 0.0], [0.0, 0.0, 0.0, 1.0]], "pose_inverse": [[0.3927103579044342, 0.9196621775627136, 0.0, -1148.8349609375], [-0.9196621775627136, 0.3927103579044342, 0.0, -93.16178894042969], [0.0, 0.0, 1.0, 0.0], [0.0, 0.0, 0.0, 1.0]], "cam_ids": [0, 1, 2, 3, 4, 5], "cam_channels": ["CAM_FRONT_LEFT", "CAM_FRONT", "CAM_FRONT_RIGHT", "CAM_BACK_LEFT", "CAM_BACK", "CAM_BACK_RIGHT"], "token": "b48b532c3e1943578c4cf9e1a8230541", "scene": "scene-0151"}, {"images": ["samples/CAM_FRONT_LEFT/n015-2018-08-01-17-04-15+0800__CAM_FRONT_LEFT__1533114328104844.jpg", "samples/CAM_FRONT/n015-2018-08-01-17-04-15+0800__CAM_FRONT__1533114328112460.jpg", "samples/CAM_FRONT_RIGHT/n015-2018-08-01-17-04-15+0800__CAM_FRONT_RIGHT__1533114328120339.jpg", "samples/CAM_BACK_LEFT/n015-2018-08-01-17-04-15+0800__CAM_BACK_LEFT__1533114328147423.jpg", "samples/CAM_BACK/n015-2018-08-01-17-04-15+0800__CAM_BACK__1533114328137525.jpg", "samples/CAM_BACK_RIGHT/n015-2018-08-01-17-04-15+0800__CAM_BACK_RIGHT__1533114328127893.jpg"], "intrinsics": [[[1272.5979470598488, 0.0, 826.6154927353808], [0.0, 1272.5979470598488, 479.75165386361925], [0.0, 0.0, 1.0]], [[1266.417203046554, 0.0, 816.2670197447984], [0.0, 1266.417203046554, 491.50706579294757], [0.0, 0.0, 1.0]], [[1260.8474446004698, 0.0, 807.968244525554], [0.0, 1260.8474446004698, 495.3344268742088], [0.0, 0.0, 1.0]], [[1256.7414812095406, 0.0, 792.1125740759628], [0.0, 1256.7414812095406, 492.7757465151356], [0.0, 0.0, 1.0]], [[809.2209905677063, 0.0, 829.2196003259838], [0.0, 809.2209905677063, 481.77842384512485], [0.0, 0.0, 1.0]], [[1259.5137405846733, 0.0, 807.2529053838625], [0.0, 1259.5137405846733, 501.19579884916527], [0.0, 0.0, 1.0]]], "extrinsics": [[[0.8219491243362427, -0.5690436959266663, 0.02426745556294918, -0.7908935546875], [0.014157786034047604, -0.022181198000907898, -0.9996537566184998, 1.5112428665161133], [0.5693849921226501, 0.8220080733299255, -0.010175418108701706, -1.1591796875], [0.0, 0.0, 0.0, 1.0]], [[0.007398080080747604, -0.9996214509010315, 0.026497572660446167, 0.00600433349609375], [0.009073710069060326, -0.026430100202560425, -0.9996095299720764, 1.5220999717712402], [0.9999314546585083, 0.007635646499693394, 0.00887474324554205, -1.5185546875], [0.0, 0.0, 0.0, 1.0]], [[-0.8320014476776123, -0.5547271370887756, -0.0071744732558727264, 0.9205322265625], [0.01488532405346632, -0.00939425639808178, -0.999845027923584, 1.505636215209961], [0.5545737147331238, -0.8319792747497559, 0.016073329374194145, -1.1746826171875], [0.0, 0.0, 0.0, 1.0]], [[0.9477114081382751, 0.31897005438804626, 0.010058729909360409, -1.144287109375], [0.024108117446303368, -0.040128644555807114, -0.9989036321640015, 1.5884971618652344], [-0.3182167112827301, 0.9469148516654968, -0.045720141381025314, -0.10284423828125], [0.0, 0.0, 0.0, 1.0]], [[0.0022154217585921288, 0.9995459318161011, -0.03004988469183445, 0.0030517578125], [-0.001467146910727024, -0.030046677216887474, -0.9995474219322205, 1.5792818069458008], [-0.9999964833259583, 0.0022585210390388966, 0.0013999136863276362, -0.0457763671875], [0.0, 0.0, 0.0, 1.0]], [[-0.9348013401031494, 0.353529691696167, -0.03410683572292328, 1.0465087890625], [0.030961107462644577, -0.014551503583788872, -0.9994146823883057, 1.5544166564941406], [-0.3538190722465515, -0.9353101849555969, 0.002657095203176141, -0.097900390625], [0.0, 0.0, 0.0, 1.0]]], "view": [[0.0, -2.0, 100.0], [-2.0, 0.0, 100.0], [0.0, 0.0, 1.0]], "bev": "bev_c016341374e84836a510a649fb2ce38c.png", "aux": "aux_c016341374e84836a510a649fb2ce38c.npz", "visibility": "visibility_c016341374e84836a510a649fb2ce38c.png", "pose": [[0.412936270236969, -0.9107599258422852, 0.0, 366.5075988769531], [0.9107599258422852, 0.412936270236969, 0.0, 1095.4468994140625], [0.0, 0.0, 1.0, 0.0], [0.0, 0.0, 0.0, 1.0]], "pose_inverse": [[0.412936270236969, 0.9107599258422852, 0.0, -1149.033447265625], [-0.9107599258422852, 0.412936270236969, 0.0, -118.54932403564453], [0.0, 0.0, 1.0, 0.0], [0.0, 0.0, 0.0, 1.0]], "cam_ids": [0, 1, 2, 3, 4, 5], "cam_channels": ["CAM_FRONT_LEFT", "CAM_FRONT", "CAM_FRONT_RIGHT", "CAM_BACK_LEFT", "CAM_BACK", "CAM_BACK_RIGHT"], "token": "c016341374e84836a510a649fb2ce38c", "scene": "scene-0151"}, {"images": ["samples/CAM_FRONT_LEFT/n015-2018-08-01-17-04-15+0800__CAM_FRONT_LEFT__1533114328654844.jpg", "samples/CAM_FRONT/n015-2018-08-01-17-04-15+0800__CAM_FRONT__1533114328662460.jpg", "samples/CAM_FRONT_RIGHT/n015-2018-08-01-17-04-15+0800__CAM_FRONT_RIGHT__1533114328670339.jpg", "samples/CAM_BACK_LEFT/n015-2018-08-01-17-04-15+0800__CAM_BACK_LEFT__1533114328697423.jpg", "samples/CAM_BACK/n015-2018-08-01-17-04-15+0800__CAM_BACK__1533114328687525.jpg", "samples/CAM_BACK_RIGHT/n015-2018-08-01-17-04-15+0800__CAM_BACK_RIGHT__1533114328677893.jpg"], "intrinsics": [[[1272.5979470598488, 0.0, 826.6154927353808], [0.0, 1272.5979470598488, 479.75165386361925], [0.0, 0.0, 1.0]], [[1266.417203046554, 0.0, 816.2670197447984], [0.0, 1266.417203046554, 491.50706579294757], [0.0, 0.0, 1.0]], [[1260.8474446004698, 0.0, 807.968244525554], [0.0, 1260.8474446004698, 495.3344268742088], [0.0, 0.0, 1.0]], [[1256.7414812095406, 0.0, 792.1125740759628], [0.0, 1256.7414812095406, 492.7757465151356], [0.0, 0.0, 1.0]], [[809.2209905677063, 0.0, 829.2196003259838], [0.0, 809.2209905677063, 481.77842384512485], [0.0, 0.0, 1.0]], [[1259.5137405846733, 0.0, 807.2529053838625], [0.0, 1259.5137405846733, 501.19579884916527], [0.0, 0.0, 1.0]]], "extrinsics": [[[0.8226495981216431, -0.568349301815033, 0.015054802410304546, -0.80712890625], [0.005547583568841219, -0.018453950062394142, -0.9998143315315247, 1.5093213319778442], [0.5685215592384338, 0.8225803971290588, -0.012028168886899948, -1.17181396484375], [0.0, 0.0, 0.0, 1.0]], [[0.008409109897911549, -0.9997119307518005, 0.022478966042399406, 0.0068511962890625], [-2.531383142923005e-05, -0.02247997745871544, -0.9997473359107971, 1.520540714263916], [0.9999645948410034, 0.008406457491219044, -0.00021434476366266608, -1.5355224609375], [0.0, 0.0, 0.0, 1.0]], [[-0.8316969275474548, -0.5552278161048889, -0.0014902945840731263, 0.9322509765625], [0.005260414443910122, -0.005195733159780502, -0.9999726414680481, 1.5042812824249268], [0.5552048683166504, -0.831682026386261, 0.007242004387080669, -1.181396484375], [0.0, 0.0, 0.0, 1.0]], [[0.9477546215057373, 0.31899863481521606, 0.001021857257001102, -1.1456298828125], [0.01298979576677084, -0.035392023622989655, -0.9992890954017639, 1.5885043144226074], [-0.31873568892478943, 0.9470940232276917, -0.03768668323755264, -0.1024932861328125], [0.0, 0.0, 0.0, 1.0]], [[0.0016940346686169505, 0.9996747970581055, -0.025447912514209747, 0.002777099609375], [-0.012057573534548283, -0.025425678119063377, -0.9996040463447571, 1.5788555145263672], [-0.9999258518218994, 0.0020001637749373913, 0.01201057992875576, -0.0399169921875], [0.0, 0.0, 0.0, 1.0]], [[-0.9352486729621887, 0.35323530435562134, -0.023124845698475838, 1.05572509765625], [0.02089511975646019, -0.010124917142093182, -0.9997304081916809, 1.5532493591308594], [-0.353374183177948, -0.9354797601699829, 0.002088421257212758, -0.0938720703125], [0.0, 0.0, 0.0, 1.0]]], "view": [[0.0, -2.0, 100.0], [-2.0, 0.0, 100.0], [0.0, 0.0, 1.0]], "bev": "bev_b74ef8b9a0694a27b0aaf5bb5b32bd60.png", "aux": "aux_b74ef8b9a0694a27b0aaf5bb5b32bd60.npz", "visibility": "visibility_b74ef8b9a0694a27b0aaf5bb5b32bd60.png", "pose": [[0.4492753744125366, -0.893393337726593, 0.0, 367.70587158203125], [0.893393337726593, 0.4492753744125366, 0.0, 1097.9212646484375], [0.0, 0.0, 1.0, 0.0], [0.0, 0.0, 0.0, 1.0]], "pose_inverse": [[0.4492753744125366, 0.893393337726593, 0.0, -1146.0767822265625], [-0.893393337726593, 0.4492753744125366, 0.0, -164.76303100585938], [0.0, 0.0, 1.0, 0.0], [0.0, 0.0, 0.0, 1.0]], "cam_ids": [0, 1, 2, 3, 4, 5], "cam_channels": ["CAM_FRONT_LEFT", "CAM_FRONT", "CAM_FRONT_RIGHT", "CAM_BACK_LEFT", "CAM_BACK", "CAM_BACK_RIGHT"], "token": "b74ef8b9a0694a27b0aaf5bb5b32bd60", "scene": "scene-0151"}, {"images": ["samples/CAM_FRONT_LEFT/n015-2018-08-01-17-04-15+0800__CAM_FRONT_LEFT__1533114329154844.jpg", "samples/CAM_FRONT/n015-2018-08-01-17-04-15+0800__CAM_FRONT__1533114329162460.jpg", "samples/CAM_FRONT_RIGHT/n015-2018-08-01-17-04-15+0800__CAM_FRONT_RIGHT__1533114329170339.jpg", "samples/CAM_BACK_LEFT/n015-2018-08-01-17-04-15+0800__CAM_BACK_LEFT__1533114329197423.jpg", "samples/CAM_BACK/n015-2018-08-01-17-04-15+0800__CAM_BACK__1533114329187525.jpg", "samples/CAM_BACK_RIGHT/n015-2018-08-01-17-04-15+0800__CAM_BACK_RIGHT__1533114329177893.jpg"], "intrinsics": [[[1272.5979470598488, 0.0, 826.6154927353808], [0.0, 1272.5979470598488, 479.75165386361925], [0.0, 0.0, 1.0]], [[1266.417203046554, 0.0, 816.2670197447984], [0.0, 1266.417203046554, 491.50706579294757], [0.0, 0.0, 1.0]], [[1260.8474446004698, 0.0, 807.968244525554], [0.0, 1260.8474446004698, 495.3344268742088], [0.0, 0.0, 1.0]], [[1256.7414812095406, 0.0, 792.1125740759628], [0.0, 1256.7414812095406, 492.7757465151356], [0.0, 0.0, 1.0]], [[809.2209905677063, 0.0, 829.2196003259838], [0.0, 809.2209905677063, 481.77842384512485], [0.0, 0.0, 1.0]], [[1259.5137405846733, 0.0, 807.2529053838625], [0.0, 1259.5137405846733, 501.19579884916527], [0.0, 0.0, 1.0]]], "extrinsics": [[[0.8231467604637146, -0.5677945613861084, 0.006217146757990122, -0.79791259765625], [0.004588387440890074, -0.004297517705708742, -0.9999802112579346, 1.5091819763183594], [0.5678101778030396, 0.8231590390205383, -0.00093222560826689, -1.16754150390625], [0.0, 0.0, 0.0, 1.0]], [[0.009096353314816952, -0.9999244213104248, 0.008262929506599903, 0.0083160400390625], [-0.0006660680519416928, -0.00826932955533266, -0.9999656081199646, 1.5204389095306396], [0.999958336353302, 0.009090544655919075, -0.0007412389968521893, -1.528076171875], [0.0, 0.0, 0.0, 1.0]], [[-0.8314244151115417, -0.5555631518363953, -0.009107171557843685, 0.927978515625], [0.0049352748319506645, 0.009005967527627945, -0.9999472498893738, 1.504255771636963], [0.5556159019470215, -0.8314255475997925, -0.004745923914015293, -1.17730712890625], [0.0, 0.0, 0.0, 1.0]], [[0.947766900062561, 0.3189041316509247, 0.0061621759086847305, -1.1458740234375], [0.01377701573073864, -0.021627970039844513, -0.9996711015701294, 1.5884990692138672], [-0.3186659812927246, 0.9475401639938354, -0.024891823530197144, -0.102325439453125], [0.0, 0.0, 0.0, 1.0]], [[0.001560513279400766, 0.9999329447746277, -0.011481313966214657, 0.00238037109375], [-0.01166321337223053, -0.011462346650660038, -0.999866247177124, 1.5788564682006836], [-0.999930739402771, 0.0016942325746640563, 0.011644542217254639, -0.04150390625], [0.0, 0.0, 0.0, 1.0]], [[-0.9353643655776978, 0.353220671415329, -0.018131226301193237, 1.05157470703125], [0.02089010924100876, 0.003999586217105389, -0.9997738003730774, 1.5533256530761719], [-0.3530682921409607, -0.935531497001648, -0.011119889095425606, -0.094482421875], [0.0, 0.0, 0.0, 1.0]]], "view": [[0.0, -2.0, 100.0], [-2.0, 0.0, 100.0], [0.0, 0.0, 1.0]], "bev": "bev_0fff5c8c34dc4b6e918515234e299cf7.png", "aux": "aux_0fff5c8c34dc4b6e918515234e299cf7.npz", "visibility": "visibility_0fff5c8c34dc4b6e918515234e299cf7.png", "pose": [[0.49080854654312134, -0.8712674379348755, 0.0, 368.8607177734375], [0.8712674379348755, 0.49080854654312134, 0.0, 1100.04931640625], [0.0, 0.0, 1.0, 0.0], [0.0, 0.0, 0.0, 1.0]], "pose_inverse": [[0.49080854654312134, 0.8712674379348755, 0.0, -1139.4771728515625], [-0.8712674379348755, 0.49080854654312134, 0.0, -218.53724670410156], [0.0, 0.0, 1.0, 0.0], [0.0, 0.0, 0.0, 1.0]], "cam_ids": [0, 1, 2, 3, 4, 5], "cam_channels": ["CAM_FRONT_LEFT", "CAM_FRONT", "CAM_FRONT_RIGHT", "CAM_BACK_LEFT", "CAM_BACK", "CAM_BACK_RIGHT"], "token": "0fff5c8c34dc4b6e918515234e299cf7", "scene": "scene-0151"}, {"images": ["samples/CAM_FRONT_LEFT/n015-2018-08-01-17-04-15+0800__CAM_FRONT_LEFT__1533114329654844.jpg", "samples/CAM_FRONT/n015-2018-08-01-17-04-15+0800__CAM_FRONT__1533114329662460.jpg", "samples/CAM_FRONT_RIGHT/n015-2018-08-01-17-04-15+0800__CAM_FRONT_RIGHT__1533114329670339.jpg", "samples/CAM_BACK_LEFT/n015-2018-08-01-17-04-15+0800__CAM_BACK_LEFT__1533114329697423.jpg", "samples/CAM_BACK/n015-2018-08-01-17-04-15+0800__CAM_BACK__1533114329687525.jpg", "samples/CAM_BACK_RIGHT/n015-2018-08-01-17-04-15+0800__CAM_BACK_RIGHT__1533114329677906.jpg"], "intrinsics": [[[1272.5979470598488, 0.0, 826.6154927353808], [0.0, 1272.5979470598488, 479.75165386361925], [0.0, 0.0, 1.0]], [[1266.417203046554, 0.0, 816.2670197447984], [0.0, 1266.417203046554, 491.50706579294757], [0.0, 0.0, 1.0]], [[1260.8474446004698, 0.0, 807.968244525554], [0.0, 1260.8474446004698, 495.3344268742088], [0.0, 0.0, 1.0]], [[1256.7414812095406, 0.0, 792.1125740759628], [0.0, 1256.7414812095406, 492.7757465151356], [0.0, 0.0, 1.0]], [[809.2209905677063, 0.0, 829.2196003259838], [0.0, 809.2209905677063, 481.77842384512485], [0.0, 0.0, 1.0]], [[1259.5137405846733, 0.0, 807.2529053838625], [0.0, 1259.5137405846733, 501.19579884916527], [0.0, 0.0, 1.0]]], "extrinsics": [[[0.8235450387001038, -0.5671789646148682, 0.009031637571752071, -0.79833984375], [0.007303161080926657, -0.005318932700902224, -0.9999591708183289, 1.5097265243530273], [0.5672038793563843, 0.8235774636268616, -0.00023818241606932133, -1.16546630859375], [0.0, 0.0, 0.0, 1.0]], [[0.009656761772930622, -0.9999122023582458, 0.00906810536980629, 0.006622314453125], [0.001966423587873578, -0.009049521759152412, -0.9999571442604065, 1.5208598375320435], [0.9999514222145081, 0.009674238041043282, 0.0018788608722388744, -1.526611328125], [0.0, 0.0, 0.0, 1.0]], [[-0.8311646580696106, -0.5559179782867432, -0.010978533886373043, 0.926025390625], [0.007505436427891254, 0.0085256677120924, -0.9999354481697083, 1.504603385925293], [0.5559757351875305, -0.8311933875083923, -0.002913824515417218, -1.17755126953125], [0.0, 0.0, 0.0, 1.0]], [[0.9476260542869568, 0.31926342844963074, 0.00869864784181118, -1.143798828125], [0.01623101904988289, -0.020939894020557404, -0.9996489882469177, 1.5885181427001953], [-0.3189692199230194, 0.9474346041679382, -0.02502516098320484, -0.102691650390625], [0.0, 0.0, 0.0, 1.0]], [[0.0011318325996398926, 0.9999361634254456, -0.011246251873672009, 0.003021240234375], [-0.009213227778673172, -0.011235354468226433, -0.9998944401741028, 1.5789384841918945], [-0.9999569654464722, 0.0012353063793852925, 0.009199922904372215, -0.043701171875], [0.0, 0.0, 0.0, 1.0]], [[-0.9354330897331238, 0.352906197309494, -0.020547349005937576, 1.05072021484375], [0.023404419422149658, 0.003830193541944027, -0.9997187852859497, 1.5535888671875], [-0.3527282178401947, -0.9356508851051331, -0.011842455714941025, -0.0958251953125], [0.0, 0.0, 0.0, 1.0]]], "view": [[0.0, -2.0, 100.0], [-2.0, 0.0, 100.0], [0.0, 0.0, 1.0]], "bev": "bev_cfc098728fb64a6d8cc60e0f8b268198.png", "aux": "aux_cfc098728fb64a6d8cc60e0f8b268198.npz", "visibility": "visibility_cfc098728fb64a6d8cc60e0f8b268198.png", "pose": [[0.5405125617980957, -0.8413359522819519, 0.0, 370.10101318359375], [0.8413359522819519, 0.5405125617980957, 0.0, 1102.0662841796875], [0.0, 0.0, 1.0, 0.0], [0.0, 0.0, 0.0, 1.0]], "pose_inverse": [[0.5405125617980957, 0.8413359522819519, 0.0, -1127.252197265625], [-0.8413359522819519, 0.5405125617980957, 0.0, -284.3013916015625], [0.0, 0.0, 1.0, 0.0], [0.0, 0.0, 0.0, 1.0]], "cam_ids": [0, 1, 2, 3, 4, 5], "cam_channels": ["CAM_FRONT_LEFT", "CAM_FRONT", "CAM_FRONT_RIGHT", "CAM_BACK_LEFT", "CAM_BACK", "CAM_BACK_RIGHT"], "token": "cfc098728fb64a6d8cc60e0f8b268198", "scene": "scene-0151"}, {"images": ["samples/CAM_FRONT_LEFT/n015-2018-08-01-17-04-15+0800__CAM_FRONT_LEFT__1533114330154849.jpg", "samples/CAM_FRONT/n015-2018-08-01-17-04-15+0800__CAM_FRONT__1533114330162460.jpg", "samples/CAM_FRONT_RIGHT/n015-2018-08-01-17-04-15+0800__CAM_FRONT_RIGHT__1533114330170339.jpg", "samples/CAM_BACK_LEFT/n015-2018-08-01-17-04-15+0800__CAM_BACK_LEFT__1533114330197423.jpg", "samples/CAM_BACK/n015-2018-08-01-17-04-15+0800__CAM_BACK__1533114330187529.jpg", "samples/CAM_BACK_RIGHT/n015-2018-08-01-17-04-15+0800__CAM_BACK_RIGHT__1533114330178054.jpg"], "intrinsics": [[[1272.5979470598488, 0.0, 826.6154927353808], [0.0, 1272.5979470598488, 479.75165386361925], [0.0, 0.0, 1.0]], [[1266.417203046554, 0.0, 816.2670197447984], [0.0, 1266.417203046554, 491.50706579294757], [0.0, 0.0, 1.0]], [[1260.8474446004698, 0.0, 807.968244525554], [0.0, 1260.8474446004698, 495.3344268742088], [0.0, 0.0, 1.0]], [[1256.7414812095406, 0.0, 792.1125740759628], [0.0, 1256.7414812095406, 492.7757465151356], [0.0, 0.0, 1.0]], [[809.2209905677063, 0.0, 829.2196003259838], [0.0, 809.2209905677063, 481.77842384512485], [0.0, 0.0, 1.0]], [[1259.5137405846733, 0.0, 807.2529053838625], [0.0, 1259.5137405846733, 501.19579884916527], [0.0, 0.0, 1.0]]], "extrinsics": [[[0.8251118063926697, -0.5648968815803528, 0.009059661999344826, -0.8116455078125], [0.007822231389582157, -0.004611590877175331, -0.9999587535858154, 1.5097017288208008], [0.5649153590202332, 0.8251486420631409, 0.0006136764422990382, -1.17572021484375], [0.0, 0.0, 0.0, 1.0]], [[0.01193099282681942, -0.9998920559883118, 0.008572569116950035, 0.007080078125], [0.0025066309608519077, -0.008543245494365692, -0.9999604225158691, 1.5209144353866577], [0.9999256730079651, 0.011952103115618229, 0.002404429716989398, -1.5404052734375], [0.0, 0.0, 0.0, 1.0]], [[-0.8301774859428406, -0.5573790669441223, -0.011569679714739323, 0.935546875], [0.007993954233825207, 0.008849374949932098, -0.9999288320541382, 1.5045766830444336], [0.5574418902397156, -0.8302109837532043, -0.002890888135880232, -1.183502197265625], [0.0, 0.0, 0.0, 1.0]], [[0.9477474093437195, 0.31889572739601135, 0.008962035179138184, -1.144775390625], [0.016616351902484894, -0.02129015512764454, -0.9996352195739746, 1.588510513305664], [-0.318588525056839, 0.9475506544113159, -0.025476573035120964, -0.10286563634872437], [0.0, 0.0, 0.0, 1.0]], [[0.0008166508632712066, 0.9999353885650635, -0.011346978135406971, 0.002838134765625], [-0.008752717636525631, -0.011339399963617325, -0.9998974204063416, 1.5789985656738281], [-0.9999613761901855, 0.0009158940520137548, 0.008742889389395714, -0.0389404296875], [0.0, 0.0, 0.0, 1.0]], [[-0.9358409643173218, 0.35179927945137024, -0.020952749997377396, 1.058837890625], [0.023880237713456154, 0.003983784932643175, -0.9997069239616394, 1.5534229278564453], [-0.35161274671554565, -0.9360669851303101, -0.012129242531955242, -0.0926513671875], [0.0, 0.0, 0.0, 1.0]]], "view": [[0.0, -2.0, 100.0], [-2.0, 0.0, 100.0], [0.0, 0.0, 1.0]], "bev": "bev_0ce9aa8d3b1e45bb9837d148d68e8282.png", "aux": "aux_0ce9aa8d3b1e45bb9837d148d68e8282.npz", "visibility": "visibility_0ce9aa8d3b1e45bb9837d148d68e8282.png", "pose": [[0.6035928726196289, -0.7972927093505859, 0.0, 371.4120178222656], [0.7972927093505859, 0.6035928726196289, 0.0, 1103.927734375], [0.0, 0.0, 1.0, 0.0], [0.0, 0.0, 0.0, 1.0]], "pose_inverse": [[0.6035928726196289, 0.7972927093505859, 0.0, -1104.335205078125], [-0.7972927093505859, 0.6035928726196289, 0.0, -370.1988220214844], [0.0, 0.0, 1.0, 0.0], [0.0, 0.0, 0.0, 1.0]], "cam_ids": [0, 1, 2, 3, 4, 5], "cam_channels": ["CAM_FRONT_LEFT", "CAM_FRONT", "CAM_FRONT_RIGHT", "CAM_BACK_LEFT", "CAM_BACK", "CAM_BACK_RIGHT"], "token": "0ce9aa8d3b1e45bb9837d148d68e8282", "scene": "scene-0151"}, {"images": ["samples/CAM_FRONT_LEFT/n015-2018-08-01-17-04-15+0800__CAM_FRONT_LEFT__1533114330654844.jpg", "samples/CAM_FRONT/n015-2018-08-01-17-04-15+0800__CAM_FRONT__1533114330662460.jpg", "samples/CAM_FRONT_RIGHT/n015-2018-08-01-17-04-15+0800__CAM_FRONT_RIGHT__1533114330670339.jpg", "samples/CAM_BACK_LEFT/n015-2018-08-01-17-04-15+0800__CAM_BACK_LEFT__1533114330697423.jpg", "samples/CAM_BACK/n015-2018-08-01-17-04-15+0800__CAM_BACK__1533114330687525.jpg", "samples/CAM_BACK_RIGHT/n015-2018-08-01-17-04-15+0800__CAM_BACK_RIGHT__1533114330677893.jpg"], "intrinsics": [[[1272.5979470598488, 0.0, 826.6154927353808], [0.0, 1272.5979470598488, 479.75165386361925], [0.0, 0.0, 1.0]], [[1266.417203046554, 0.0, 816.2670197447984], [0.0, 1266.417203046554, 491.50706579294757], [0.0, 0.0, 1.0]], [[1260.8474446004698, 0.0, 807.968244525554], [0.0, 1260.8474446004698, 495.3344268742088], [0.0, 0.0, 1.0]], [[1256.7414812095406, 0.0, 792.1125740759628], [0.0, 1256.7414812095406, 492.7757465151356], [0.0, 0.0, 1.0]], [[809.2209905677063, 0.0, 829.2196003259838], [0.0, 809.2209905677063, 481.77842384512485], [0.0, 0.0, 1.0]], [[1259.5137405846733, 0.0, 807.2529053838625], [0.0, 1259.5137405846733, 501.19579884916527], [0.0, 0.0, 1.0]]], "extrinsics": [[[0.8256287574768066, -0.5641979575157166, 0.004214076325297356, -0.806640625], [0.0032135741785168648, -0.0027664387598633766, -0.9999909996986389, 1.5088642835617065], [0.5642045140266418, 0.8256348967552185, -0.00047095949412323534, -1.1712646484375], [0.0, 0.0, 0.0, 1.0]], [[0.012686262838542461, -0.9998973608016968, 0.006658665835857391, 0.00653076171875], [-0.0018470725044608116, -0.006682625040411949, -0.9999759793281555, 1.5202388763427734], [0.9999178647994995, 0.012673729099333286, -0.0019316605757921934, -1.534912109375], [0.0, 0.0, 0.0, 1.0]], [[-0.8298926949501038, -0.5578465461730957, -0.009233363904058933, 0.931884765625], [0.003907148726284504, 0.010738165117800236, -0.9999346733093262, 1.5041208267211914], [0.5579093098640442, -0.8298746943473816, -0.006731934379786253, -1.1815032958984375], [0.0, 0.0, 0.0, 1.0]], [[0.9477389454841614, 0.3189771771430969, 0.006666508968919516, -1.1435546875], [0.013416539877653122, -0.018968969583511353, -0.9997299909591675, 1.5885281562805176], [-0.3187645971775055, 0.947572648525238, -0.02225719764828682, -0.102813720703125], [0.0, 0.0, 0.0, 1.0]], [[0.0004971844609826803, 0.9999574422836304, -0.009218416176736355, 0.003173828125], [-0.012263576500117779, -0.009211626835167408, -0.9998824000358582, 1.5788249969482422], [-0.9999246597290039, 0.000610271526966244, 0.012258472852408886, -0.041259765625], [0.0, 0.0, 0.0, 1.0]], [[-0.9360834956169128, 0.35138294100761414, -0.016670487821102142, 1.0552978515625], [0.020047225058078766, 0.005973632913082838, -0.9997811913490295, 1.5531864166259766], [-0.3512064814567566, -0.9362128376960754, -0.01263607107102871, -0.0943603515625], [0.0, 0.0, 0.0, 1.0]]], "view": [[0.0, -2.0, 100.0], [-2.0, 0.0, 100.0], [0.0, 0.0, 1.0]], "bev": "bev_e31c4f15040e45ea8f4abff9e1cf6b15.png", "aux": "aux_e31c4f15040e45ea8f4abff9e1cf6b15.npz", "visibility": "visibility_e31c4f15040e45ea8f4abff9e1cf6b15.png", "pose": [[0.6790966391563416, -0.7340489029884338, 0.0, 372.84552001953125], [0.7340489029884338, 0.6790966391563416, 0.0, 1105.635498046875], [0.0, 0.0, 1.0, 0.0], [0.0, 0.0, 0.0, 1.0]], "pose_inverse": [[0.6790966391563416, 0.7340489029884338, 0.0, -1064.7886962890625], [-0.7340489029884338, 0.6790966391563416, 0.0, -477.1465148925781], [0.0, 0.0, 1.0, 0.0], [0.0, 0.0, 0.0, 1.0]], "cam_ids": [0, 1, 2, 3, 4, 5], "cam_channels": ["CAM_FRONT_LEFT", "CAM_FRONT", "CAM_FRONT_RIGHT", "CAM_BACK_LEFT", "CAM_BACK", "CAM_BACK_RIGHT"], "token": "e31c4f15040e45ea8f4abff9e1cf6b15", "scene": "scene-0151"}, {"images": ["samples/CAM_FRONT_LEFT/n015-2018-08-01-17-04-15+0800__CAM_FRONT_LEFT__1533114331104844.jpg", "samples/CAM_FRONT/n015-2018-08-01-17-04-15+0800__CAM_FRONT__1533114331112460.jpg", "samples/CAM_FRONT_RIGHT/n015-2018-08-01-17-04-15+0800__CAM_FRONT_RIGHT__1533114331120339.jpg", "samples/CAM_BACK_LEFT/n015-2018-08-01-17-04-15+0800__CAM_BACK_LEFT__1533114331147423.jpg", "samples/CAM_BACK/n015-2018-08-01-17-04-15+0800__CAM_BACK__1533114331137525.jpg", "samples/CAM_BACK_RIGHT/n015-2018-08-01-17-04-15+0800__CAM_BACK_RIGHT__1533114331127893.jpg"], "intrinsics": [[[1272.5979470598488, 0.0, 826.6154927353808], [0.0, 1272.5979470598488, 479.75165386361925], [0.0, 0.0, 1.0]], [[1266.417203046554, 0.0, 816.2670197447984], [0.0, 1266.417203046554, 491.50706579294757], [0.0, 0.0, 1.0]], [[1260.8474446004698, 0.0, 807.968244525554], [0.0, 1260.8474446004698, 495.3344268742088], [0.0, 0.0, 1.0]], [[1256.7414812095406, 0.0, 792.1125740759628], [0.0, 1256.7414812095406, 492.7757465151356], [0.0, 0.0, 1.0]], [[809.2209905677063, 0.0, 829.2196003259838], [0.0, 809.2209905677063, 481.77842384512485], [0.0, 0.0, 1.0]], [[1259.5137405846733, 0.0, 807.2529053838625], [0.0, 1259.5137405846733, 501.19579884916527], [0.0, 0.0, 1.0]]], "extrinsics": [[[0.8253447413444519, -0.564629316329956, -0.00018641371570993215, -0.81805419921875], [0.0017780933994799852, 0.002929271897301078, -0.999994158744812, 1.508571743965149], [0.5646264553070068, 0.8253394961357117, 0.00342162256129086, -1.1778564453125], [0.0, 0.0, 0.0, 1.0]], [[0.012212677858769894, -0.9999249577522278, 0.0009381022537127137, 0.0054931640625], [-0.0034983865916728973, -0.0009808939648792148, -0.9999934434890747, 1.5200185775756836], [0.9999192953109741, 0.01220929529517889, -0.0035101035609841347, -1.5457763671875], [0.0, 0.0, 0.0, 1.0]], [[-0.8301309943199158, -0.5574626922607422, -0.01085984893143177, 0.9381103515625], [0.002027924172580242, 0.01645834743976593, -0.9998624324798584, 1.5038928985595703], [0.5575647354125977, -0.830038845539093, -0.01253209076821804, -1.1869659423828125], [0.0, 0.0, 0.0, 1.0]], [[0.947851300239563, 0.3186589181423187, 0.0058707501739263535, -1.147216796875], [0.010695422068238258, -0.013392943888902664, -0.9998530745506287, 1.5884920358657837], [-0.3185334801673889, 0.9477748274803162, -0.016102710738778114, -0.1015167236328125], [0.0, 0.0, 0.0, 1.0]], [[0.0007174478960223496, 0.9999934434890747, -0.003568723564967513, 0.0035400390625], [-0.01466466672718525, -0.0035578205715864897, -0.999886155128479, 1.5787849426269531], [-0.9998922348022461, 0.000769612961448729, 0.014662015251815319, -0.036865234375], [0.0, 0.0, 0.0, 1.0]], [[-0.9360135197639465, 0.35173550248146057, -0.012685667723417282, 1.06134033203125], [0.017938457429409027, 0.011678877286612988, -0.9997708797454834, 1.5529003143310547], [-0.35150671005249023, -0.9360266327857971, -0.017241179943084717, -0.0927734375], [0.0, 0.0, 0.0, 1.0]]], "view": [[0.0, -2.0, 100.0], [-2.0, 0.0, 100.0], [0.0, 0.0, 1.0]], "bev": "bev_127b7b90360f4b4da79a83c2fe69ea65.png", "aux": "aux_127b7b90360f4b4da79a83c2fe69ea65.npz", "visibility": "visibility_127b7b90360f4b4da79a83c2fe69ea65.png", "pose": [[0.7438232898712158, -0.6683763265609741, 0.0, 374.225830078125], [0.6683763265609741, 0.7438232898712158, 0.0, 1106.99365234375], [0.0, 0.0, 1.0, 0.0], [0.0, 0.0, 0.0, 1.0]], "pose_inverse": [[0.7438232898712158, 0.6683763265609741, 0.0, -1018.2462158203125], [-0.6683763265609741, 0.7438232898712158, 0.0, -573.2839965820312], [0.0, 0.0, 1.0, 0.0], [0.0, 0.0, 0.0, 1.0]], "cam_ids": [0, 1, 2, 3, 4, 5], "cam_channels": ["CAM_FRONT_LEFT", "CAM_FRONT", "CAM_FRONT_RIGHT", "CAM_BACK_LEFT", "CAM_BACK", "CAM_BACK_RIGHT"], "token": "127b7b90360f4b4da79a83c2fe69ea65", "scene": "scene-0151"}, {"images": ["samples/CAM_FRONT_LEFT/n015-2018-08-01-17-04-15+0800__CAM_FRONT_LEFT__1533114331604844.jpg", "samples/CAM_FRONT/n015-2018-08-01-17-04-15+0800__CAM_FRONT__1533114331612460.jpg", "samples/CAM_FRONT_RIGHT/n015-2018-08-01-17-04-15+0800__CAM_FRONT_RIGHT__1533114331620339.jpg", "samples/CAM_BACK_LEFT/n015-2018-08-01-17-04-15+0800__CAM_BACK_LEFT__1533114331647450.jpg", "samples/CAM_BACK/n015-2018-08-01-17-04-15+0800__CAM_BACK__1533114331637525.jpg", "samples/CAM_BACK_RIGHT/n015-2018-08-01-17-04-15+0800__CAM_BACK_RIGHT__1533114331627893.jpg"], "intrinsics": [[[1272.5979470598488, 0.0, 826.6154927353808], [0.0, 1272.5979470598488, 479.75165386361925], [0.0, 0.0, 1.0]], [[1266.417203046554, 0.0, 816.2670197447984], [0.0, 1266.417203046554, 491.50706579294757], [0.0, 0.0, 1.0]], [[1260.8474446004698, 0.0, 807.968244525554], [0.0, 1260.8474446004698, 495.3344268742088], [0.0, 0.0, 1.0]], [[1256.7414812095406, 0.0, 792.1125740759628], [0.0, 1256.7414812095406, 492.7757465151356], [0.0, 0.0, 1.0]], [[809.2209905677063, 0.0, 829.2196003259838], [0.0, 809.2209905677063, 481.77842384512485], [0.0, 0.0, 1.0]], [[1259.5137405846733, 0.0, 807.2529053838625], [0.0, 1259.5137405846733, 501.19579884916527], [0.0, 0.0, 1.0]]], "extrinsics": [[[0.8253344893455505, -0.5645936131477356, -0.007565485779196024, -0.822784423828125], [-0.003471921430900693, 0.00832401029765606, -0.9999592900276184, 1.5076433420181274], [0.5646335482597351, 0.8253271579742432, 0.004909867886453867, -1.1844482421875], [0.0, 0.0, 0.0, 1.0]], [[0.012231627479195595, -0.999916136264801, -0.0042563616298139095, 0.00775146484375], [-0.008839411661028862, 0.004148386884480715, -0.9999523758888245, 1.5192880630493164], [0.9998862147331238, 0.01226862519979477, -0.008787928149104118, -1.5518798828125], [0.0, 0.0, 0.0, 1.0]], [[-0.8301621675491333, -0.5574485659599304, -0.009053208865225315, 0.942626953125], [-0.0034084024373441935, 0.02131251059472561, -0.999767005443573, 1.503260612487793], [0.5575116276741028, -0.8299378752708435, -0.01959284581243992, -1.1877098083496094], [0.0, 0.0, 0.0, 1.0]], [[0.9478238224983215, 0.3187901973724365, 0.0017273545963689685, -1.141357421875], [0.004946956876665354, -0.009290076792240143, -0.9999446272850037, 1.5885518789291382], [-0.31875646114349365, 0.9477798342704773, -0.010382398031651974, -0.103271484375], [0.0, 0.0, 0.0, 1.0]], [[0.000