[{"images": ["samples/CAM_FRONT_LEFT/n008-2018-09-18-13-10-39-0400__CAM_FRONT_LEFT__1537290796254799.jpg", "samples/CAM_FRONT/n008-2018-09-18-13-10-39-0400__CAM_FRONT__1537290796262404.jpg", "samples/CAM_FRONT_RIGHT/n008-2018-09-18-13-10-39-0400__CAM_FRONT_RIGHT__1537290796270482.jpg", "samples/CAM_BACK_LEFT/n008-2018-09-18-13-10-39-0400__CAM_BACK_LEFT__1537290796297405.jpg", "samples/CAM_BACK/n008-2018-09-18-13-10-39-0400__CAM_BACK__1537290796287558.jpg", "samples/CAM_BACK_RIGHT/n008-2018-09-18-13-10-39-0400__CAM_BACK_RIGHT__1537290796278113.jpg"], "intrinsics": [[[1257.8625342125129, 0.0, 827.2410631095686], [0.0, 1257.8625342125129, 450.915498205774], [0.0, 0.0, 1.0]], [[1252.8131021185304, 0.0, 826.588114781398], [0.0, 1252.8131021185304, 469.9846626224581], [0.0, 0.0, 1.0]], [[1256.7485116440405, 0.0, 817.7887570959712], [0.0, 1256.7485116440403, 451.9541780095127], [0.0, 0.0, 1.0]], [[1254.9860565800168, 0.0, 829.5769333630991], [0.0, 1254.9860565800168, 467.1680561863987], [0.0, 0.0, 1.0]], [[796.8910634503094, 0.0, 857.7774326863696], [0.0, 796.8910634503094, 476.8848988407415], [0.0, 0.0, 1.0]], [[1249.9629280788233, 0.0, 825.3768045375984], [0.0, 1249.9629280788233, 462.54816385708756], [0.0, 0.0, 1.0]]], "extrinsics": [[[0.8228609561920166, -0.5682398080825806, -0.0018282787641510367, -0.69635009765625], [0.01881096139550209, 0.030455296859145164, -0.9993590712547302, 1.4951667785644531], [0.5679313540458679, 0.8222992420196533, 0.035749610513448715, -1.1253662109375], [0.0, 0.0, 0.0, 1.0]], [[0.011098373681306839, -0.9996009469032288, -0.025974655523896217, 0.01263427734375], [0.0203030277043581, 0.02619617059826851, -0.9994506239891052, 1.4863719940185547], [0.999732255935669, 0.01056490559130907, 0.020585661754012108, -1.42413330078125], [0.0, 0.0, 0.0, 1.0]], [[-0.8433792591094971, -0.5363219380378723, -0.03271392732858658, 0.8861083984375], [0.027787944301962852, 0.01726694032549858, -0.9994646906852722, 1.4998130798339844], [0.5365996956825256, -0.8438368439674377, 0.00034070396213792264, -1.143646240234375], [0.0, 0.0, 0.0, 1.0]], [[0.9478467702865601, 0.3185531198978424, 0.010507998056709766, -1.12353515625], [0.000558652332983911, 0.031308211386203766, -0.9995096325874329, 1.5620441436767578], [-0.3187258839607239, 0.9473878145217896, 0.029497424140572548, -0.16326904296875], [0.0, 0.0, 0.0, 1.0]], [[0.00880634505301714, 0.999668300151825, 0.0242025014013052, -0.029296875], [0.003091636346653104, 0.024176105856895447, -0.9997028708457947, 1.5683460235595703], [-0.999956488609314, 0.008878552354872227, -0.0028777073603123426, -0.058868408203125], [0.0, 0.0, 0.0, 1.0]], [[-0.9238580465316772, 0.3826747238636017, -0.006810767576098442, 0.9922409057617188], [0.008148601278662682, 0.0018752753967419267, -0.9999650120735168, 1.5492854118347168], [-0.38264861702919006, -0.9238812327384949, -0.004850753583014011, -0.11077880859375], [0.0, 0.0, 0.0, 1.0]]], "view": [[0.0, -2.0, 100.0], [-2.0, 0.0, 100.0], [0.0, 0.0, 1.0]], "bev": "bev_1ed23093270a43a1aa0345d2d445b69d.png", "aux": "aux_1ed23093270a43a1aa0345d2d445b69d.npz", "visibility": "visibility_1ed23093270a43a1aa0345d2d445b69d.png", "pose": [[-0.772475004196167, -0.6350451707839966, 0.0, 841.296142578125], [0.6350451707839966, -0.772475004196167, 0.0, 362.165771484375], [0.0, 0.0, 1.0, 0.0], [0.0, 0.0, 0.0, 1.0]], "pose_inverse": [[-0.772475004196167, 0.6350451707839966, 0.0, 419.88861083984375], [-0.6350451707839966, -0.772475004196167, 0.0, 814.0250244140625], [0.0, 0.0, 1.0, 0.0], [0.0, 0.0, 0.0, 1.0]], "cam_ids": [0, 1, 2, 3, 4, 5], "cam_channels": ["CAM_FRONT_LEFT", "CAM_FRONT", "CAM_FRONT_RIGHT", "CAM_BACK_LEFT", "CAM_BACK", "CAM_BACK_RIGHT"], "token": "1ed23093270a43a1aa0345d2d445b69d", "scene": "scene-0571"}, {"images": ["samples/CAM_FRONT_LEFT/n008-2018-09-18-13-10-39-0400__CAM_FRONT_LEFT__1537290796754799.jpg", "samples/CAM_FRONT/n008-2018-09-18-13-10-39-0400__CAM_FRONT__1537290796762404.jpg", "samples/CAM_FRONT_RIGHT/n008-2018-09-18-13-10-39-0400__CAM_FRONT_RIGHT__1537290796770482.jpg", "samples/CAM_BACK_LEFT/n008-2018-09-18-13-10-39-0400__CAM_BACK_LEFT__1537290796797405.jpg", "samples/CAM_BACK/n008-2018-09-18-13-10-39-0400__CAM_BACK__1537290796787558.jpg", "samples/CAM_BACK_RIGHT/n008-2018-09-18-13-10-39-0400__CAM_BACK_RIGHT__1537290796778113.jpg"], "intrinsics": [[[1257.8625342125129, 0.0, 827.2410631095686], [0.0, 1257.8625342125129, 450.915498205774], [0.0, 0.0, 1.0]], [[1252.8131021185304, 0.0, 826.588114781398], [0.0, 1252.8131021185304, 469.9846626224581], [0.0, 0.0, 1.0]], [[1256.7485116440405, 0.0, 817.7887570959712], [0.0, 1256.7485116440403, 451.9541780095127], [0.0, 0.0, 1.0]], [[1254.9860565800168, 0.0, 829.5769333630991], [0.0, 1254.9860565800168, 467.1680561863987], [0.0, 0.0, 1.0]], [[796.8910634503094, 0.0, 857.7774326863696], [0.0, 796.8910634503094, 476.8848988407415], [0.0, 0.0, 1.0]], [[1249.9629280788233, 0.0, 825.3768045375984], [0.0, 1249.9629280788233, 462.54816385708756], [0.0, 0.0, 1.0]]], "extrinsics": [[[0.822132408618927, -0.5692951083183289, -0.0011971034109592438, -0.690277099609375], [0.011475034058094025, 0.018673641607165337, -0.9997597336769104, 1.4926261901855469], [0.5691807270050049, 0.821921169757843, 0.021884886547923088, -1.1181640625], [0.0, 0.0, 0.0, 1.0]], [[0.00979413278400898, -0.9998517632484436, -0.014159980230033398, 0.0106201171875], [0.013836025260388851, 0.01429480779916048, -0.9998021125793457, 1.4845046997070312], [0.9998562932014465, 0.009596224874258041, 0.013973980210721493, -1.418914794921875], [0.0, 0.0, 0.0, 1.0]], [[-0.8440713882446289, -0.5357931852340698, -0.02166089415550232, 0.8829345703125], [0.022291621193289757, 0.005299594718962908, -0.9997374415397644, 1.4985733032226562], [0.5357672572135925, -0.8443326354026794, 0.007470462005585432, -1.14349365234375], [0.0, 0.0, 0.0, 1.0]], [[0.9478751420974731, 0.3186086416244507, 0.004622831009328365, -1.12384033203125], [-0.001697244355455041, 0.019556015729904175, -0.9998072981834412, 1.5620059967041016], [-0.3186376690864563, 0.9476845264434814, 0.019077418372035027, -0.1629638671875], [0.0, 0.0, 0.0, 1.0]], [[0.00928665604442358, 0.9998812079429626, 0.012304479256272316, -0.0286865234375], [-0.0001599093375261873, 0.012306495569646358, -0.9999242424964905, 1.5680341720581055], [-0.9999568462371826, 0.009283938445150852, 0.00027417580713517964, -0.059478759765625], [0.0, 0.0, 0.0, 1.0]], [[-0.9236023426055908, 0.3832842707633972, -0.007197186350822449, 0.9910202026367188], [0.00361796747893095, -0.010058363899588585, -0.9999428987503052, 1.5484881401062012], [-0.3833346962928772, -0.9235756397247314, 0.007903220131993294, -0.11260986328125], [0.0, 0.0, 0.0, 1.0]]], "view": [[0.0, -2.0, 100.0], [-2.0, 0.0, 100.0], [0.0, 0.0, 1.0]], "bev": "bev_3e57acf0fe7a4877ad3379607d9edf8b.png", "aux": "aux_3e57acf0fe7a4877ad3379607d9edf8b.npz", "visibility": "visibility_3e57acf0fe7a4877ad3379607d9edf8b.png", "pose": [[-0.7724301218986511, -0.6350997686386108, 0.0, 837.9971923828125], [0.6350997686386108, -0.7724301218986511, 0.0, 364.94451904296875], [0.0, 0.0, 1.0, 0.0], [0.0, 0.0, 0.0, 1.0]], "pose_inverse": [[-0.7724301218986511, 0.6350997686386108, 0.0, 415.5180969238281], [-0.6350997686386108, -0.7724301218986511, 0.0, 814.10595703125], [0.0, 0.0, 1.0, 0.0], [0.0, 0.0, 0.0, 1.0]], "cam_ids": [0, 1, 2, 3, 4, 5], "cam_channels": ["CAM_FRONT_LEFT", "CAM_FRONT", "CAM_FRONT_RIGHT", "CAM_BACK_LEFT", "CAM_BACK", "CAM_BACK_RIGHT"], "token": "3e57acf0fe7a4877ad3379607d9edf8b", "scene": "scene-0571"}, {"images": ["samples/CAM_FRONT_LEFT/n008-2018-09-18-13-10-39-0400__CAM_FRONT_LEFT__1537290797254799.jpg", "samples/CAM_FRONT/n008-2018-09-18-13-10-39-0400__CAM_FRONT__1537290797262404.jpg", "samples/CAM_FRONT_RIGHT/n008-2018-09-18-13-10-39-0400__CAM_FRONT_RIGHT__1537290797270482.jpg", "samples/CAM_BACK_LEFT/n008-2018-09-18-13-10-39-0400__CAM_BACK_LEFT__1537290797297405.jpg", "samples/CAM_BACK/n008-2018-09-18-13-10-39-0400__CAM_BACK__1537290797287558.jpg", "samples/CAM_BACK_RIGHT/n008-2018-09-18-13-10-39-0400__CAM_BACK_RIGHT__1537290797278113.jpg"], "intrinsics": [[[1257.8625342125129, 0.0, 827.2410631095686], [0.0, 1257.8625342125129, 450.915498205774], [0.0, 0.0, 1.0]], [[1252.8131021185304, 0.0, 826.588114781398], [0.0, 1252.8131021185304, 469.9846626224581], [0.0, 0.0, 1.0]], [[1256.7485116440405, 0.0, 817.7887570959712], [0.0, 1256.7485116440403, 451.9541780095127], [0.0, 0.0, 1.0]], [[1254.9860565800168, 0.0, 829.5769333630991], [0.0, 1254.9860565800168, 467.1680561863987], [0.0, 0.0, 1.0]], [[796.8910634503094, 0.0, 857.7774326863696], [0.0, 796.8910634503094, 476.8848988407415], [0.0, 0.0, 1.0]], [[1249.9629280788233, 0.0, 825.3768045375984], [0.0, 1249.9629280788233, 462.54816385708756], [0.0, 0.0, 1.0]]], "extrinsics": [[[0.822007417678833, -0.5693734884262085, -0.010852855630218983, -0.6864700317382812], [0.005590737797319889, 0.02712511457502842, -0.9996164441108704, 1.4903678894042969], [0.5694494843482971, 0.8216313719749451, 0.02548026107251644, -1.1163330078125], [0.0, 0.0, 0.0, 1.0]], [[0.009511828422546387, -0.9996880888938904, -0.023089338093996048, 0.01104736328125], [0.007430580910295248, 0.023160409182310104, -0.999704122543335, 1.4824943542480469], [0.9999272227287292, 0.009337523952126503, 0.007648563012480736, -1.41326904296875], [0.0, 0.0, 0.0, 1.0]], [[-0.8442968726158142, -0.535474956035614, -0.020721135661005974, 0.87835693359375], [0.015283443033695221, 0.01459030993282795, -0.9997767210006714, 1.4969062805175781], [0.5356577038764954, -0.8444250822067261, -0.004134653601795435, -1.14044189453125], [0.0, 0.0, 0.0, 1.0]], [[0.9479055404663086, 0.3185514807701111, -2.0478702936088666e-05, -1.12481689453125], [-0.010064814239740372, 0.029885347932577133, -0.9995026588439941, 1.5618343353271484], [-0.31839248538017273, 0.9474342465400696, 0.031534649431705475, -0.1627197265625], [0.0, 0.0, 0.0, 1.0]], [[0.009486190043389797, 0.9997062087059021, 0.02230694331228733, -0.02880859375], [-0.008058051578700542, 0.02238364703953266, -0.9997169971466064, 1.5671930313110352], [-0.999922513961792, 0.009303771890699863, 0.008268021047115326, -0.06103515625], [0.0, 0.0, 0.0, 1.0]], [[-0.9235755205154419, 0.38340073823928833, 0.0034663735423237085, 0.9874496459960938], [-0.003910350147634745, -0.0003786054439842701, -0.9999922513961792, 1.5470823049545288], [-0.3833964169025421, -0.9235819578170776, 0.001848901971243322, -0.11395263671875], [0.0, 0.0, 0.0, 1.0]]], "view": [[0.0, -2.0, 100.0], [-2.0, 0.0, 100.0], [0.0, 0.0, 1.0]], "bev": "bev_b6b188c9b43149d1bdac26525836da3c.png", "aux": "aux_b6b188c9b43149d1bdac26525836da3c.npz", "visibility": "visibility_b6b188c9b43149d1bdac26525836da3c.png", "pose": [[-0.7743890285491943, -0.6327097415924072, 0.0, 834.7567138671875], [0.6327097415924072, -0.7743890285491943, 0.0, 367.6402587890625], [0.0, 0.0, 1.0, 0.0], [0.0, 0.0, 0.0, 1.0]], "pose_inverse": [[-0.7743890285491943, 0.6327097415924072, 0.0, 413.81689453125], [-0.6327097415924072, -0.7743890285491943, 0.0, 812.8552856445312], [0.0, 0.0, 1.0, 0.0], [0.0, 0.0, 0.0, 1.0]], "cam_ids": [0, 1, 2, 3, 4, 5], "cam_channels": ["CAM_FRONT_LEFT", "CAM_FRONT", "CAM_FRONT_RIGHT", "CAM_BACK_LEFT", "CAM_BACK", "CAM_BACK_RIGHT"], "token": "b6b188c9b43149d1bdac26525836da3c", "scene": "scene-0571"}, {"images": ["samples/CAM_FRONT_LEFT/n008-2018-09-18-13-10-39-0400__CAM_FRONT_LEFT__1537290797754799.jpg", "samples/CAM_FRONT/n008-2018-09-18-13-10-39-0400__CAM_FRONT__1537290797762404.jpg", "samples/CAM_FRONT_RIGHT/n008-2018-09-18-13-10-39-0400__CAM_FRONT_RIGHT__1537290797770482.jpg", "samples/CAM_BACK_LEFT/n008-2018-09-18-13-10-39-0400__CAM_BACK_LEFT__1537290797797408.jpg", "samples/CAM_BACK/n008-2018-09-18-13-10-39-0400__CAM_BACK__1537290797787558.jpg", "samples/CAM_BACK_RIGHT/n008-2018-09-18-13-10-39-0400__CAM_BACK_RIGHT__1537290797778113.jpg"], "intrinsics": [[[1257.8625342125129, 0.0, 827.2410631095686], [0.0, 1257.8625342125129, 450.915498205774], [0.0, 0.0, 1.0]], [[1252.8131021185304, 0.0, 826.588114781398], [0.0, 1252.8131021185304, 469.9846626224581], [0.0, 0.0, 1.0]], [[1256.7485116440405, 0.0, 817.7887570959712], [0.0, 1256.7485116440403, 451.9541780095127], [0.0, 0.0, 1.0]], [[1254.9860565800168, 0.0, 829.5769333630991], [0.0, 1254.9860565800168, 467.1680561863987], [0.0, 0.0, 1.0]], [[796.8910634503094, 0.0, 857.7774326863696], [0.0, 796.8910634503094, 476.8848988407415], [0.0, 0.0, 1.0]], [[1249.9629280788233, 0.0, 825.3768045375984], [0.0, 1249.9629280788233, 462.54816385708756], [0.0, 0.0, 1.0]]], "extrinsics": [[[0.821610152721405, -0.5700397491455078, -0.0033661590423434973, -0.6697158813476562], [0.009300208650529385, 0.019308358430862427, -0.9997703433036804, 1.4920234680175781], [0.569973886013031, 0.8213902115821838, 0.021165432408452034, -1.1038818359375], [0.0, 0.0, 0.0, 1.0]], [[0.008944828063249588, -0.9998469948768616, -0.015035439282655716, 0.0106201171875], [0.010962672531604767, 0.015133189968764782, -0.9998254179954529, 1.48382568359375], [0.9998998045921326, 0.008778433315455914, 0.011096358299255371, -1.397674560546875], [0.0, 0.0, 0.0, 1.0]], [[-0.8444979190826416, -0.5352153778076172, -0.01917264051735401, 0.8687744140625], [0.018654875457286835, 0.006380435079336166, -0.9998056292533875, 1.4979829788208008], [0.535233736038208, -0.8446914553642273, 0.004596112761646509, -1.134979248046875], [0.0, 0.0, 0.0, 1.0]], [[0.9480248689651489, 0.3181961476802826, -0.0003976323059760034, -1.12078857421875], [-0.0076127122156322, 0.021431781351566315, -0.9997413158416748, 1.5618515014648438], [-0.3181053400039673, 0.947782576084137, 0.02274019829928875, -0.1640625], [0.0, 0.0, 0.0, 1.0]], [[0.009650060907006264, 0.9998567700386047, 0.013898934237658978, -0.028564453125], [-0.005178555380553007, 0.01394936628639698, -0.9998892545700073, 1.5674829483032227], [-0.9999400973320007, 0.009576980955898762, 0.0053124260157346725, -0.06512451171875], [0.0, 0.0, 0.0, 1.0]], [[-0.9234374165534973, 0.38373979926109314, -0.0026618335396051407, 0.9804153442382812], [-0.0007351042004302144, -0.008705261163413525, -0.9999618530273438, 1.547680377960205], [-0.38374829292297363, -0.9234002232551575, 0.008320852182805538, -0.11712646484375], [0.0, 0.0, 0.0, 1.0]]], "view": [[0.0, -2.0, 100.0], [-2.0, 0.0, 100.0], [0.0, 0.0, 1.0]], "bev": "bev_3b5bce4f52a14ecfb159d8b1bd2b542d.png", "aux": "aux_3b5bce4f52a14ecfb159d8b1bd2b542d.npz", "visibility": "visibility_3b5bce4f52a14ecfb159d8b1bd2b542d.png", "pose": [[-0.7796154618263245, -0.6262584924697876, 0.0, 831.3949584960938], [0.6262584924697876, -0.7796154618263245, 0.0, 370.4225769042969], [0.0, 0.0, 1.0, 0.0], [0.0, 0.0, 0.0, 1.0]], "pose_inverse": [[-0.7796154618263245, 0.6262584924697876, 0.0, 416.1880798339844], [-0.6262584924697876, -0.7796154618263245, 0.0, 809.455322265625], [0.0, 0.0, 1.0, 0.0], [0.0, 0.0, 0.0, 1.0]], "cam_ids": [0, 1, 2, 3, 4, 5], "cam_channels": ["CAM_FRONT_LEFT", "CAM_FRONT", "CAM_FRONT_RIGHT", "CAM_BACK_LEFT", "CAM_BACK", "CAM_BACK_RIGHT"], "token": "3b5bce4f52a14ecfb159d8b1bd2b542d", "scene": "scene-0571"}, {"images": ["samples/CAM_FRONT_LEFT/n008-2018-09-18-13-10-39-0400__CAM_FRONT_LEFT__1537290798154799.jpg", "samples/CAM_FRONT/n008-2018-09-18-13-10-39-0400__CAM_FRONT__1537290798162404.jpg", "samples/CAM_FRONT_RIGHT/n008-2018-09-18-13-10-39-0400__CAM_FRONT_RIGHT__1537290798170482.jpg", "samples/CAM_BACK_LEFT/n008-2018-09-18-13-10-39-0400__CAM_BACK_LEFT__1537290798197405.jpg", "samples/CAM_BACK/n008-2018-09-18-13-10-39-0400__CAM_BACK__1537290798187558.jpg", "samples/CAM_BACK_RIGHT/n008-2018-09-18-13-10-39-0400__CAM_BACK_RIGHT__1537290798178113.jpg"], "intrinsics": [[[1257.8625342125129, 0.0, 827.2410631095686], [0.0, 1257.8625342125129, 450.915498205774], [0.0, 0.0, 1.0]], [[1252.8131021185304, 0.0, 826.588114781398], [0.0, 1252.8131021185304, 469.9846626224581], [0.0, 0.0, 1.0]], [[1256.7485116440405, 0.0, 817.7887570959712], [0.0, 1256.7485116440403, 451.9541780095127], [0.0, 0.0, 1.0]], [[1254.9860565800168, 0.0, 829.5769333630991], [0.0, 1254.9860565800168, 467.1680561863987], [0.0, 0.0, 1.0]], [[796.8910634503094, 0.0, 857.7774326863696], [0.0, 796.8910634503094, 476.8848988407415], [0.0, 0.0, 1.0]], [[1249.9629280788233, 0.0, 825.3768045375984], [0.0, 1249.9629280788233, 462.54816385708756], [0.0, 0.0, 1.0]]], "extrinsics": [[[0.8219996690750122, -0.5694685578346252, -0.004696756601333618, -0.6812210083007812], [0.005618544761091471, 0.016356470063328743, -0.9998504519462585, 1.4904327392578125], [0.5694602131843567, 0.8218503594398499, 0.016644597053527832, -1.11328125], [0.0, 0.0, 0.0, 1.0]], [[0.00956522487103939, -0.9998810291290283, -0.012104585766792297, 0.01153564453125], [0.007627261336892843, 0.012177742086350918, -0.999896764755249, 1.4825973510742188], [0.9999251365661621, 0.00947197899222374, 0.007742837071418762, -1.411224365234375], [0.0, 0.0, 0.0, 1.0]], [[-0.844243586063385, -0.5357476472854614, -0.015077239833772182, 0.87939453125], [0.015699438750743866, 0.003399256384000182, -0.9998709559440613, 1.4970149993896484], [0.5357298254966736, -0.8443713784217834, 0.005541137885302305, -1.1407470703125], [0.0, 0.0, 0.0, 1.0]], [[0.9479026794433594, 0.31854555010795593, -0.003046356374397874, -1.13153076171875], [-0.009302516467869282, 0.01812034472823143, -0.9997925162315369, 1.5619182586669922], [-0.3184243142604828, 0.9477343559265137, 0.020139599218964577, -0.160400390625], [0.0, 0.0, 0.0, 1.0]], [[0.009414364583790302, 0.9998977780342102, 0.010763921774923801, -0.02886962890625], [-0.007276511751115322, 0.010832617059350014, -0.999914824962616, 1.5673208236694336], [-0.9999292492866516, 0.009335336275398731, 0.007377750240266323, -0.05609130859375], [0.0, 0.0, 0.0, 1.0]], [[-0.9236055016517639, 0.38334158062934875, -0.0014579452108591795, 0.9900588989257812], [-0.0032968446612358093, -0.011746237985789776, -0.9999255537986755, 1.547224998474121], [-0.3833301067352295, -0.9235320091247559, 0.012112706899642944, -0.11273193359375], [0.0, 0.0, 0.0, 1.0]]], "view": [[0.0, -2.0, 100.0], [-2.0, 0.0, 100.0], [0.0, 0.0, 1.0]], "bev": "bev_e9ad7c60d62843c2adde192e96efbddc.png", "aux": "aux_e9ad7c60d62843c2adde192e96efbddc.npz", "visibility": "visibility_e9ad7c60d62843c2adde192e96efbddc.png", "pose": [[-0.781719982624054, -0.623629629611969, 0.0, 828.7076416015625], [0.623629629611969, -0.781719982624054, 0.0, 372.6368103027344], [0.0, 0.0, 1.0, 0.0], [0.0, 0.0, 0.0, 1.0]], "pose_inverse": [[-0.781719982624054, 0.623629629611969, 0.0, 415.429931640625], [-0.623629629611969, -0.781719982624054, 0.0, 808.104248046875], [0.0, 0.0, 1.0, 0.0], [0.0, 0.0, 0.0, 1.0]], "cam_ids": [0, 1, 2, 3, 4, 5], "cam_channels": ["CAM_FRONT_LEFT", "CAM_FRONT", "CAM_FRONT_RIGHT", "CAM_BACK_LEFT", "CAM_BACK", "CAM_BACK_RIGHT"], "token": "e9ad7c60d62843c2adde192e96efbddc", "scene": "scene-0571"}, {"images": ["samples/CAM_FRONT_LEFT/n008-2018-09-18-13-10-39-0400__CAM_FRONT_LEFT__1537290798654799.jpg", "samples/CAM_FRONT/n008-2018-09-18-13-10-39-0400__CAM_FRONT__1537290798662404.jpg", "samples/CAM_FRONT_RIGHT/n008-2018-09-18-13-10-39-0400__CAM_FRONT_RIGHT__1537290798670482.jpg", "samples/CAM_BACK_LEFT/n008-2018-09-18-13-10-39-0400__CAM_BACK_LEFT__1537290798697405.jpg", "samples/CAM_BACK/n008-2018-09-18-13-10-39-0400__CAM_BACK__1537290798687558.jpg", "samples/CAM_BACK_RIGHT/n008-2018-09-18-13-10-39-0400__CAM_BACK_RIGHT__1537290798678113.jpg"], "intrinsics": [[[1257.8625342125129, 0.0, 827.2410631095686], [0.0, 1257.8625342125129, 450.915498205774], [0.0, 0.0, 1.0]], [[1252.8131021185304, 0.0, 826.588114781398], [0.0, 1252.8131021185304, 469.9846626224581], [0.0, 0.0, 1.0]], [[1256.7485116440405, 0.0, 817.7887570959712], [0.0, 1256.7485116440403, 451.9541780095127], [0.0, 0.0, 1.0]], [[1254.9860565800168, 0.0, 829.5769333630991], [0.0, 1254.9860565800168, 467.1680561863987], [0.0, 0.0, 1.0]], [[796.8910634503094, 0.0, 857.7774326863696], [0.0, 796.8910634503094, 476.8848988407415], [0.0, 0.0, 1.0]], [[1249.9629280788233, 0.0, 825.3768045375984], [0.0, 1249.9629280788233, 462.54816385708756], [0.0, 0.0, 1.0]]], "extrinsics": [[[0.8224465250968933, -0.5688326954841614, -0.003352453000843525, -0.6874923706054688], [0.008341542445123196, 0.01795302703976631, -0.9998040795326233, 1.4914226531982422], [0.5687814354896545, 0.8222573399543762, 0.01951034553349018, -1.118408203125], [0.0, 0.0, 0.0, 1.0]], [[0.010176747106015682, -0.9998514652252197, -0.013910972513258457, 0.011962890625], [0.010304906405508518, 0.014015820808708668, -0.9998486638069153, 1.4833745956420898], [0.9998951554298401, 0.010031873360276222, 0.01044601108878851, -1.41876220703125], [0.0, 0.0, 0.0, 1.0]], [[-0.8439803123474121, -0.536058247089386, -0.01841253601014614, 0.885009765625], [0.01830665022134781, 0.005519399885088205, -0.9998171925544739, 1.4975481033325195], [0.5360618829727173, -0.8441630005836487, 0.005155166145414114, -1.14373779296875], [0.0, 0.0, 0.0, 1.0]], [[0.9478790163993835, 0.3186304271221161, 0.00021215426386334002, -1.1326904296875], [-0.00706148985773325, 0.021672558039426804, -0.9997401833534241, 1.5619544982910156], [-0.31855225563049316, 0.9476311802864075, 0.022792965173721313, -0.15997314453125], [0.0, 0.0, 0.0, 1.0]], [[0.009215923957526684, 0.9998644590377808, 0.013650145381689072, -0.02911376953125], [-0.004946943372488022, 0.013696146197617054, -0.9998939633369446, 1.5675649642944336], [-0.999945342540741, 0.009147421456873417, 0.0050724949687719345, -0.052886962890625], [0.0, 0.0, 0.0, 1.0]], [[-0.9237146973609924, 0.3830704092979431, -0.002860963810235262, 0.994537353515625], [-0.0007741258013993502, -0.009334861300885677, -0.9999561309814453, 1.5476922988891602], [-0.383080393075943, -0.9236719608306885, 0.008919293992221355, -0.11041259765625], [0.0, 0.0, 0.0, 1.0]]], "view": [[0.0, -2.0, 100.0], [-2.0, 0.0, 100.0], [0.0, 0.0, 1.0]], "bev": "bev_314bb56df4bf41259cb0b21b15efe117.png", "aux": "aux_314bb56df4bf41259cb0b21b15efe117.npz", "visibility": "visibility_314bb56df4bf41259cb0b21b15efe117.png", "pose": [[-0.7855175733566284, -0.6188393831253052, 0.0, 825.237548828125], [0.6188393831253052, -0.7855175733566284, 0.0, 375.4166564941406], [0.0, 0.0, 1.0, 0.0], [0.0, 0.0, 0.0, 1.0]], "pose_inverse": [[-0.7855175733566284, 0.6188393831253052, 0.0, 415.9159851074219], [-0.6188393831253052, -0.7855175733566284, 0.0, 805.5858764648438], [0.0, 0.0, 1.0, 0.0], [0.0, 0.0, 0.0, 1.0]], "cam_ids": [0, 1, 2, 3, 4, 5], "cam_channels": ["CAM_FRONT_LEFT", "CAM_FRONT", "CAM_FRONT_RIGHT", "CAM_BACK_LEFT", "CAM_BACK", "CAM_BACK_RIGHT"], "token": "314bb56df4bf41259cb0b21b15efe117", "scene": "scene-0571"}, {"images": ["samples/CAM_FRONT_LEFT/n008-2018-09-18-13-10-39-0400__CAM_FRONT_LEFT__1537290799154799.jpg", "samples/CAM_FRONT/n008-2018-09-18-13-10-39-0400__CAM_FRONT__1537290799162404.jpg", "samples/CAM_FRONT_RIGHT/n008-2018-09-18-13-10-39-0400__CAM_FRONT_RIGHT__1537290799170482.jpg", "samples/CAM_BACK_LEFT/n008-2018-09-18-13-10-39-0400__CAM_BACK_LEFT__1537290799197405.jpg", "samples/CAM_BACK/n008-2018-09-18-13-10-39-0400__CAM_BACK__1537290799187558.jpg", "samples/CAM_BACK_RIGHT/n008-2018-09-18-13-10-39-0400__CAM_BACK_RIGHT__1537290799178113.jpg"], "intrinsics": [[[1257.8625342125129, 0.0, 827.2410631095686], [0.0, 1257.8625342125129, 450.915498205774], [0.0, 0.0, 1.0]], [[1252.8131021185304, 0.0, 826.588114781398], [0.0, 1252.8131021185304, 469.9846626224581], [0.0, 0.0, 1.0]], [[1256.7485116440405, 0.0, 817.7887570959712], [0.0, 1256.7485116440403, 451.9541780095127], [0.0, 0.0, 1.0]], [[1254.9860565800168, 0.0, 829.5769333630991], [0.0, 1254.9860565800168, 467.1680561863987], [0.0, 0.0, 1.0]], [[796.8910634503094, 0.0, 857.7774326863696], [0.0, 796.8910634503094, 476.8848988407415], [0.0, 0.0, 1.0]], [[1249.9629280788233, 0.0, 825.3768045375984], [0.0, 1249.9629280788233, 462.54816385708756], [0.0, 0.0, 1.0]]], "extrinsics": [[[0.8224256038665771, -0.5688667893409729, -0.0025938248727470636, -0.7001266479492188], [0.007881863974034786, 0.015953928232192993, -0.9998416900634766, 1.4911384582519531], [0.5688181519508362, 0.8222749829292297, 0.0176046472042799, -1.126953125], [0.0, 0.0, 0.0, 1.0]], [[0.009900503791868687, -0.999888002872467, -0.011222985573112965, 0.01141357421875], [0.009571095928549767, 0.011317778378725052, -0.999890148639679, 1.4830513000488281], [0.9999051690101624, 0.00979198794811964, 0.009682076051831245, -1.429718017578125], [0.0, 0.0, 0.0, 1.0]], [[-0.8441782593727112, -0.5358254313468933, -0.015941716730594635, 0.89141845703125], [0.01753218285739422, 0.0021255826577544212, -0.9998440146446228, 1.4972305297851562], [0.5357757806777954, -0.8443261384963989, 0.007599818054586649, -1.148284912109375], [0.0, 0.0, 0.0, 1.0]], [[0.9478855133056641, 0.3186027407646179, -0.002322941552847624, -1.13446044921875], [-0.00779151264578104, 0.015890901908278465, -0.9998433589935303, 1.5619611740112305], [-0.3185158967971802, 0.9477550983428955, 0.017545152455568314, -0.159423828125], [0.0, 0.0, 0.0, 1.0]], [[0.009363130666315556, 0.9999173283576965, 0.008814134635031223, -0.02886962890625], [-0.0057682436890900135, 0.008868384175002575, -0.9999440312385559, 1.567514419555664], [-0.999939501285553, 0.00931181013584137, 0.005850802641361952, -0.049041748046875], [0.0, 0.0, 0.0, 1.0]], [[-0.9236202836036682, 0.3832901418209076, -0.003771203802898526, 1.0002059936523438], [-0.0014558644033968449, -0.01334636565297842, -0.9999098777770996, 1.5475826263427734], [-0.3833058774471283, -0.9235315918922424, 0.01288499217480421, -0.10845947265625], [0.0, 0.0, 0.0, 1.0]]], "view": [[0.0, -2.0, 100.0], [-2.0, 0.0, 100.0], [0.0, 0.0, 1.0]], "bev": "bev_c2a7c4092d6845bfa36c73b995cf7aae.png", "aux": "aux_c2a7c4092d6845bfa36c73b995cf7aae.npz", "visibility": "visibility_c2a7c4092d6845bfa36c73b995cf7aae.png", "pose": [[-0.7863073945045471, -0.6178354620933533, 0.0, 821.8778076171875], [0.6178354620933533, -0.7863073945045471, 0.0, 378.10888671875], [0.0, 0.0, 1.0, 0.0], [0.0, 0.0, 0.0, 1.0]], "pose_inverse": [[-0.7863073945045471, 0.6178354620933533, 0.0, 412.6395263671875], [-0.6178354620933533, -0.7863073945045471, 0.0, 805.0950927734375], [0.0, 0.0, 1.0, 0.0], [0.0, 0.0, 0.0, 1.0]], "cam_ids": [0, 1, 2, 3, 4, 5], "cam_channels": ["CAM_FRONT_LEFT", "CAM_FRONT", "CAM_FRONT_RIGHT", "CAM_BACK_LEFT", "CAM_BACK", "CAM_BACK_RIGHT"], "token": "c2a7c4092d6845bfa36c73b995cf7aae", "scene": "scene-0571"}, {"images": ["samples/CAM_FRONT_LEFT/n008-2018-09-18-13-10-39-0400__CAM_FRONT_LEFT__1537290799654799.jpg", "samples/CAM_FRONT/n008-2018-09-18-13-10-39-0400__CAM_FRONT__1537290799662404.jpg", "samples/CAM_FRONT_RIGHT/n008-2018-09-18-13-10-39-0400__CAM_FRONT_RIGHT__1537290799670482.jpg", "samples/CAM_BACK_LEFT/n008-2018-09-18-13-10-39-0400__CAM_BACK_LEFT__1537290799697405.jpg", "samples/CAM_BACK/n008-2018-09-18-13-10-39-0400__CAM_BACK__1537290799687558.jpg", "samples/CAM_BACK_RIGHT/n008-2018-09-18-13-10-39-0400__CAM_BACK_RIGHT__1537290799678113.jpg"], "intrinsics": [[[1257.8625342125129, 0.0, 827.2410631095686], [0.0, 1257.8625342125129, 450.915498205774], [0.0, 0.0, 1.0]], [[1252.8131021185304, 0.0, 826.588114781398], [0.0, 1252.8131021185304, 469.9846626224581], [0.0, 0.0, 1.0]], [[1256.7485116440405, 0.0, 817.7887570959712], [0.0, 1256.7485116440403, 451.9541780095127], [0.0, 0.0, 1.0]], [[1254.9860565800168, 0.0, 829.5769333630991], [0.0, 1254.9860565800168, 467.1680561863987], [0.0, 0.0, 1.0]], [[796.8910634503094, 0.0, 857.7774326863696], [0.0, 796.8910634503094, 476.8848988407415], [0.0, 0.0, 1.0]], [[1249.9629280788233, 0.0, 825.3768045375984], [0.0, 1249.9629280788233, 462.54816385708756], [0.0, 0.0, 1.0]]], "extrinsics": [[[0.8223316669464111, -0.5690083503723145, -0.00026763451751321554, -0.6941680908203125], [0.005684805102646351, 0.008686015382409096, -0.999946117401123, 1.4904184341430664], [0.5689800381660461, 0.8222858905792236, 0.010377487167716026, -1.12054443359375], [0.0, 0.0, 0.0, 1.0]], [[0.009990762919187546, -0.99993896484375, -0.004734124056994915, 0.00994873046875], [0.00750717893242836, 0.004809231963008642, -0.9999602437019348, 1.4824919700622559], [0.9999218583106995, 0.009954732842743397, 0.007554767653346062, -1.423919677734375], [0.0, 0.0, 0.0, 1.0]], [[-0.8440912961959839, -0.5360856652259827, -0.011045878753066063, 0.8876953125], [0.015419078059494495, -0.00367593951523304, -0.9998743534088135, 1.4967947006225586], [0.5359777212142944, -0.8441556096076965, 0.011368774808943272, -1.1473388671875], [0.0, 0.0, 0.0, 1.0]], [[0.9478757977485657, 0.3185877501964569, -0.00575986597687006, -1.13494873046875], [-0.010105746798217297, 0.0119898971170187, -0.9998770356178284, 1.5619463920593262], [-0.31847965717315674, 0.9478175640106201, 0.014584500342607498, -0.15911865234375], [0.0, 0.0, 0.0, 1.0]], [[0.009301447309553623, 0.999947726726532, 0.004253783263266087, -0.0284423828125], [-0.007858503609895706, 0.004326933994889259, -0.9999597668647766, 1.5673191547393799], [-0.9999259114265442, 0.009267594665288925, 0.007898339070379734, -0.04986572265625], [0.0, 0.0, 0.0, 1.0]], [[-0.9236871600151062, 0.3831295371055603, -0.0037012239918112755, 0.998260498046875], [-0.003696929896250367, -0.018571700900793076, -0.9998207092285156, 1.5471782684326172], [-0.3831295371055603, -0.9235079288482666, 0.01857084594666958, -0.11016845703125], [0.0, 0.0, 0.0, 1.0]]], "view": [[0.0, -2.0, 100.0], [-2.0, 0.0, 100.0], [0.0, 0.0, 1.0]], "bev": "bev_b28f72b4a8974fd285d30756be13b4b1.png", "aux": "aux_b28f72b4a8974fd285d30756be13b4b1.npz", "visibility": "visibility_b28f72b4a8974fd285d30756be13b4b1.png", "pose": [[-0.7865890264511108, -0.6174769401550293, 0.0, 818.54541015625], [0.6174769401550293, -0.7865890264511108, 0.0, 380.7684631347656], [0.0, 0.0, 1.0, 0.0], [0.0, 0.0, 0.0, 1.0]], "pose_inverse": [[-0.7865890264511108, 0.6174769401550293, 0.0, 408.7430725097656], [-0.6174769401550293, -0.7865890264511108, 0.0, 804.941162109375], [0.0, 0.0, 1.0, 0.0], [0.0, 0.0, 0.0, 1.0]], "cam_ids": [0, 1, 2, 3, 4, 5], "cam_channels": ["CAM_FRONT_LEFT", "CAM_FRONT", "CAM_FRONT_RIGHT", "CAM_BACK_LEFT", "CAM_BACK", "CAM_BACK_RIGHT"], "token": "b28f72b4a8974fd285d30756be13b4b1", "scene": "scene-0571"}, {"images": ["samples/CAM_FRONT_LEFT/n008-2018-09-18-13-10-39-0400__CAM_FRONT_LEFT__1537290800154799.jpg", "samples/CAM_FRONT/n008-2018-09-18-13-10-39-0400__CAM_FRONT__1537290800162404.jpg", "samples/CAM_FRONT_RIGHT/n008-2018-09-18-13-10-39-0400__CAM_FRONT_RIGHT__1537290800170482.jpg", "samples/CAM_BACK_LEFT/n008-2018-09-18-13-10-39-0400__CAM_BACK_LEFT__1537290800197405.jpg", "samples/CAM_BACK/n008-2018-09-18-13-10-39-0400__CAM_BACK__1537290800187558.jpg", "samples/CAM_BACK_RIGHT/n008-2018-09-18-13-10-39-0400__CAM_BACK_RIGHT__1537290800178113.jpg"], "intrinsics": [[[1257.8625342125129, 0.0, 827.2410631095686], [0.0, 1257.8625342125129, 450.915498205774], [0.0, 0.0, 1.0]], [[1252.8131021185304, 0.0, 826.588114781398], [0.0, 1252.8131021185304, 469.9846626224581], [0.0, 0.0, 1.0]], [[1256.7485116440405, 0.0, 817.7887570959712], [0.0, 1256.7485116440403, 451.9541780095127], [0.0, 0.0, 1.0]], [[1254.9860565800168, 0.0, 829.5769333630991], [0.0, 1254.9860565800168, 467.1680561863987], [0.0, 0.0, 1.0]], [[796.8910634503094, 0.0, 857.7774326863696], [0.0, 796.8910634503094, 476.8848988407415], [0.0, 0.0, 1.0]], [[1249.9629280788233, 0.0, 825.3768045375984], [0.0, 1249.9629280788233, 462.54816385708756], [0.0, 0.0, 1.0]]], "extrinsics": [[[0.8224989175796509, -0.5687631964683533, -0.001981326611712575, -0.6945953369140625], [0.012972776778042316, 0.022242587059736252, -0.9996684193611145, 1.4930610656738281], [0.5686187148094177, 0.8222005367279053, 0.025672942399978638, -1.12371826171875], [0.0, 0.0, 0.0, 1.0]], [[0.010296429507434368, -0.9997819066047668, -0.01816912367939949, 0.0123291015625], [0.014888296835124493, 0.01832135207951069, -0.999721348285675, 1.4846878051757812], [0.9998361468315125, 0.01002311147749424, 0.015073692426085472, -1.4263916015625], [0.0, 0.0, 0.0, 1.0]], [[-0.8438658118247986, -0.535991907119751, -0.024557942524552345, 0.890869140625], [0.022897426038980484, 0.00975384097546339, -0.9996902346611023, 1.4985065460205078], [0.536065399646759, -0.8441668152809143, 0.00404190132394433, -1.146820068359375], [0.0, 0.0, 0.0, 1.0]], [[0.9478667974472046, 0.3186226785182953, 0.005306543782353401, -1.13580322265625], [-0.00276525248773396, 0.024875732138752937, -0.9996867179870605, 1.5620174407958984], [-0.318654865026474, 0.9475551247596741, 0.024459952488541603, -0.1588134765625], [0.0, 0.0, 0.0, 1.0]], [[0.009137464687228203, 0.9998056888580322, 0.017465529963374138, -0.029296875], [-0.0004858476168010384, 0.017470696941018105, -0.9998472332954407, 1.5679931640625], [-0.9999582171440125, 0.009127592667937279, 0.0006453904788941145, -0.048309326171875], [0.0, 0.0, 0.0, 1.0]], [[-0.9237030148506165, 0.38306868076324463, -0.005570584908127785, 0.9995269775390625], [0.003849158063530922, -0.005260122008621693, -0.99997878074646, 1.5484917163848877], [-0.3830898702144623, -0.9237048625946045, 0.0033842993434518576, -0.10791015625], [0.0, 0.0, 0.0, 1.0]]], "view": [[0.0, -2.0, 100.0], [-2.0, 0.0, 100.0], [0.0, 0.0, 1.0]], "bev": "bev_6adb5bd34cd847478fbc0fadce2a3d55.png", "aux": "aux_6adb5bd34cd847478fbc0fadce2a3d55.npz", "visibility": "visibility_6adb5bd34cd847478fbc0fadce2a3d55.png", "pose": [[-0.7867486476898193, -0.6172735095024109, 0.0, 815.186279296875], [0.6172735095024109, -0.7867486476898193, 0.0, 383.4466552734375], [0.0, 0.0, 1.0, 0.0], [0.0, 0.0, 0.0, 1.0]], "pose_inverse": [[-0.7867486476898193, 0.6172735095024109, 0.0, 404.6552429199219], [-0.6172735095024109, -0.7867486476898193, 0.0, 804.8690185546875], [0.0, 0.0, 1.0, 0.0], [0.0, 0.0, 0.0, 1.0]], "cam_ids": [0, 1, 2, 3, 4, 5], "cam_channels": ["CAM_FRONT_LEFT", "CAM_FRONT", "CAM_FRONT_RIGHT", "CAM_BACK_LEFT", "CAM_BACK", "CAM_BACK_RIGHT"], "token": "6adb5bd34cd847478fbc0fadce2a3d55", "scene": "scene-0571"}, {"images": ["samples/CAM_FRONT_LEFT/n008-2018-09-18-13-10-39-0400__CAM_FRONT_LEFT__1537290800654811.jpg", "samples/CAM_FRONT/n008-2018-09-18-13-10-39-0400__CAM_FRONT__1537290800662404.jpg", "samples/CAM_FRONT_RIGHT/n008-2018-09-18-13-10-39-0400__CAM_FRONT_RIGHT__1537290800670482.jpg", "samples/CAM_BACK_LEFT/n008-2018-09-18-13-10-39-0400__CAM_BACK_LEFT__1537290800697405.jpg", "samples/CAM_BACK/n008-2018-09-18-13-10-39-0400__CAM_BACK__1537290800687558.jpg", "samples/CAM_BACK_RIGHT/n008-2018-09-18-13-10-39-0400__CAM_BACK_RIGHT__1537290800678113.jpg"], "intrinsics": [[[1257.8625342125129, 0.0, 827.2410631095686], [0.0, 1257.8625342125129, 450.915498205774], [0.0, 0.0, 1.0]], [[1252.8131021185304, 0.0, 826.588114781398], [0.0, 1252.8131021185304, 469.9846626224581], [0.0, 0.0, 1.0]], [[1256.7485116440405, 0.0, 817.7887570959712], [0.0, 1256.7485116440403, 451.9541780095127], [0.0, 0.0, 1.0]], [[1254.9860565800168, 0.0, 829.5769333630991], [0.0, 1254.9860565800168, 467.1680561863987], [0.0, 0.0, 1.0]], [[796.8910634503094, 0.0, 857.7774326863696], [0.0, 796.8910634503094, 476.8848988407415], [0.0, 0.0, 1.0]], [[1249.9629280788233, 0.0, 825.3768045375984], [0.0, 1249.9629280788233, 462.54816385708756], [0.0, 0.0, 1.0]]], "extrinsics": [[[0.8224654793739319, -0.5688109993934631, -0.0021878296975046396, -0.6957931518554688], [0.006312290206551552, 0.012973102740943432, -0.9998958706855774, 1.4906024932861328], [0.5687801837921143, 0.8223659992218018, 0.014260426163673401, -1.1240234375], [0.0, 0.0, 0.0, 1.0]], [[0.01013238076120615, -0.999911367893219, -0.008640351705253124, 0.0115966796875], [0.008157046511769295, 0.008723159320652485, -0.9999287128448486, 1.4826583862304688], [0.999915361404419, 0.010061250068247318, 0.008244709111750126, -1.42584228515625], [0.0, 0.0, 0.0, 1.0]], [[-0.8440394997596741, -0.536109447479248, -0.013562456704676151, 0.888916015625], [0.016132909804582596, -0.00010468292748555541, -0.9998698234558105, 1.4969501495361328], [0.5360382199287415, -0.8441484570503235, 0.008737361989915371, -1.146697998046875], [0.0, 0.0, 0.0, 1.0]], [[0.947873055934906, 0.3186236321926117, -0.00396290747448802, -1.13323974609375], [-0.009188405238091946, 0.014898897148668766, -0.9998467564582825, 1.5619335174560547], [-0.318515807390213, 0.9477642178535461, 0.01704990491271019, -0.1600341796875], [0.0, 0.0, 0.0, 1.0]], [[0.009259284473955631, 0.9999303221702576, 0.00732176098972559, -0.02899169921875], [-0.007067608647048473, 0.007387334480881691, -0.9999476671218872, 1.5673792362213135], [-0.9999322295188904, 0.009207058697938919, 0.007135517429560423, -0.05126953125], [0.0, 0.0, 0.0, 1.0]], [[-0.9237078428268433, 0.383084774017334, -0.0031610713340342045, 0.9977378845214844], [-0.002911717165261507, -0.015271463431417942, -0.9998791217803955, 1.5473260879516602], [-0.3830867111682892, -0.923586905002594, 0.015221803449094296, -0.1094970703125], [0.0, 0.0, 0.0, 1.0]]], "view": [[0.0, -2.0, 100.0], [-2.0, 0.0, 100.0], [0.0, 0.0, 1.0]], "bev": "bev_60baf96a96ef4d5da0c03f4176639264.png", "aux": "aux_60baf96a96ef4d5da0c03f4176639264.npz", "visibility": "visibility_60baf96a96ef4d5da0c03f4176639264.png", "pose": [[-0.7875263690948486, -0.6162809729576111, 0.0, 811.8353881835938], [0.6162809729576111, -0.7875263690948486, 0.0, 386.119140625], [0.0, 0.0, 1.0, 0.0], [0.0, 0.0, 0.0, 1.0]], "pose_inverse": [[-0.7875263690948486, 0.6162809729576111, 0.0, 401.3839111328125], [-0.6162809729576111, -0.7875263690948486, 0.0, 804.397705078125], [0.0, 0.0, 1.0, 0.0], [0.0, 0.0, 0.0, 1.0]], "cam_ids": [0, 1, 2, 3, 4, 5], "cam_channels": ["CAM_FRONT_LEFT", "CAM_FRONT", "CAM_FRONT_RIGHT", "CAM_BACK_LEFT", "CAM_BACK", "CAM_BACK_RIGHT"], "token": "60baf96a96ef4d5da0c03f4176639264", "scene": "scene-0571"}, {"images": ["samples/CAM_FRONT_LEFT/n008-2018-09-18-13-10-39-0400__CAM_FRONT_LEFT__1537290801154799.jpg", "samples/CAM_FRONT/n008-2018-09-18-13-10-39-0400__CAM_FRONT__1537290801162404.jpg", "samples/CAM_FRONT_RIGHT/n008-2018-09-18-13-10-39-0400__CAM_FRONT_RIGHT__1537290801170482.jpg", "samples/CAM_BACK_LEFT/n008-2018-09-18-13-10-39-0400__CAM_BACK_LEFT__1537290801197405.jpg", "samples/CAM_BACK/n008-2018-09-18-13-10-39-0400__CAM_BACK__1537290801187558.jpg", "samples/CAM_BACK_RIGHT/n008-2018-09-18-13-10-39-0400__CAM_BACK_RIGHT__1537290801178113.jpg"], "intrinsics": [[[1257.8625342125129, 0.0, 827.2410631095686], [0.0, 1257.8625342125129, 450.915498205774], [0.0, 0.0, 1.0]], [[1252.8131021185304, 0.0, 826.588114781398], [0.0, 1252.8131021185304, 469.9846626224581], [0.0, 0.0, 1.0]], [[1256.7485116440405, 0.0, 817.7887570959712], [0.0, 1256.7485116440403, 451.9541780095127], [0.0, 0.0, 1.0]], [[1254.9860565800168, 0.0, 829.5769333630991], [0.0, 1254.9860565800168, 467.1680561863987], [0.0, 0.0, 1.0]], [[796.8910634503094, 0.0, 857.7774326863696], [0.0, 796.8910634503094, 476.8848988407415], [0.0, 0.0, 1.0]], [[1249.9629280788233, 0.0, 825.3768045375984], [0.0, 1249.9629280788233, 462.54816385708756], [0.0, 0.0, 1.0]]], "extrinsics": [[[0.8224838376045227, -0.5687378644943237, 0.0075898198410868645, -0.6814193725585938], [0.006505218800157309, -0.003937072586268187, -0.9999710917472839, 1.4908522367477417], [0.568751335144043, 0.8225094079971313, 0.0004615836660377681, -1.11505126953125], [0.0, 0.0, 0.0, 1.0]], [[0.010247689671814442, -0.999913215637207, 0.008271361701190472, 0.01287841796875], [0.008396251127123833, -0.008185462094843388, -0.999931275844574, 1.4829119443893433], [0.9999122023582458, 0.010316485539078712, 0.008311640471220016, -1.411773681640625], [0.0, 0.0, 0.0, 1.0]], [[-0.8439739346504211, -0.536363422870636, -0.004712346941232681, 0.88055419921875], [0.016379499807953835, -0.016990041360259056, -0.9997214674949646, 1.4972476959228516], [0.5361340045928955, -0.8438161015510559, 0.023124517872929573, -1.139862060546875], [0.0, 0.0, 0.0, 1.0]], [[0.9478964805603027, 0.31844279170036316, -0.009300319477915764, -1.13330078125], [-0.009078191593289375, -0.0021816391963511705, -0.9999564290046692, 1.5619406700134277], [-0.3184491693973541, 0.9479395747184753, 0.0008229170343838632, -0.15985107421875], [0.0, 0.0, 0.0, 1.0]], [[0.009271133691072464, 0.9999106526374817, -0.0096265