[{"images": ["samples/CAM_FRONT_LEFT/n008-2018-08-06-15-06-32-0400__CAM_FRONT_LEFT__1533583361154799.jpg", "samples/CAM_FRONT/n008-2018-08-06-15-06-32-0400__CAM_FRONT__1533583361162404.jpg", "samples/CAM_FRONT_RIGHT/n008-2018-08-06-15-06-32-0400__CAM_FRONT_RIGHT__1533583361170482.jpg", "samples/CAM_BACK_LEFT/n008-2018-08-06-15-06-32-0400__CAM_BACK_LEFT__1533583361197405.jpg", "samples/CAM_BACK/n008-2018-08-06-15-06-32-0400__CAM_BACK__1533583361187558.jpg", "samples/CAM_BACK_RIGHT/n008-2018-08-06-15-06-32-0400__CAM_BACK_RIGHT__1533583361178113.jpg"], "intrinsics": [[[1257.8625342125129, 0.0, 827.2410631095686], [0.0, 1257.8625342125129, 450.915498205774], [0.0, 0.0, 1.0]], [[1252.8131021185304, 0.0, 826.588114781398], [0.0, 1252.8131021185304, 469.9846626224581], [0.0, 0.0, 1.0]], [[1256.7485116440405, 0.0, 817.7887570959712], [0.0, 1256.7485116440403, 451.9541780095127], [0.0, 0.0, 1.0]], [[1254.9860565800168, 0.0, 829.5769333630991], [0.0, 1254.9860565800168, 467.1680561863987], [0.0, 0.0, 1.0]], [[796.8910634503094, 0.0, 857.7774326863696], [0.0, 796.8910634503094, 476.8848988407415], [0.0, 0.0, 1.0]], [[1249.9629280788233, 0.0, 825.3768045375984], [0.0, 1249.9629280788233, 462.54816385708756], [0.0, 0.0, 1.0]]], "extrinsics": [[[0.8179054856300354, -0.5752600431442261, 0.010326776653528214, -0.777099609375], [0.009711524471640587, -0.0041426364332437515, -0.999944269657135, 1.4909820556640625], [0.5752707123756409, 0.8179602026939392, 0.002198366681113839, -1.1806640625], [0.0, 0.0, 0.0, 1.0]], [[0.0035842289216816425, -0.9999598860740662, 0.008207219652831554, 0.011474609375], [0.011434778571128845, -0.008165751583874226, -0.9999012351036072, 1.4828081130981445], [0.9999282360076904, 0.003677751636132598, 0.01140505075454712, -1.5072021484375], [0.0, 0.0, 0.0, 1.0]], [[-0.846729040145874, -0.5319727659225464, -0.00740471389144659, 0.941650390625], [0.01929834485054016, -0.016801945865154266, -0.999672532081604, 1.49658203125], [0.5316742062568665, -0.8465948104858398, 0.024492889642715454, -1.1794624328613281], [0.0, 0.0, 0.0, 1.0]], [[0.9480075836181641, 0.31817737221717834, -0.0066894423216581345, -1.1318359375], [-0.006613551173359156, -0.0013187399599701166, -0.9999772310256958, 1.561960220336914], [-0.3181789517402649, 0.9480302333831787, 0.000854108075145632, -0.16046142578125], [0.0, 0.0, 0.0, 1.0]], [[0.011355482041835785, 0.9998953938484192, -0.008962349034845829, -0.029541015625], [-0.004206081386655569, -0.00891508162021637, -0.9999513626098633, 1.567770004272461], [-0.9999266862869263, 0.0113926250487566, 0.004104406572878361, -0.0286865234375], [0.0, 0.0, 0.0, 1.0]], [[-0.9222437143325806, 0.3864116370677948, -0.012352592311799526, 1.038330078125], [0.00010351563832955435, -0.03170431777834892, -0.9994972944259644, 1.5479164123535156], [-0.3866089880466461, -0.9217813014984131, 0.029199110344052315, -0.0919189453125], [0.0, 0.0, 0.0, 1.0]]], "view": [[0.0, -2.0, 100.0], [-2.0, 0.0, 100.0], [0.0, 0.0, 1.0]], "bev": "bev_31da0e51442e43b5b7c678ef8c9923a5.png", "aux": "aux_31da0e51442e43b5b7c678ef8c9923a5.npz", "visibility": "visibility_31da0e51442e43b5b7c678ef8c9923a5.png", "pose": [[0.9808840155601501, 0.1945933699607849, 0.0, 2128.943359375], [-0.1945933699607849, 0.9808840155601501, 0.0, 875.6754150390625], [0.0, 0.0, 1.0, 0.0], [0.0, 0.0, 0.0, 1.0]], "pose_inverse": [[0.9808840155601501, -0.1945933699607849, 0.0, -1917.8458251953125], [0.1945933699607849, 0.9808840155601501, 0.0, -1273.2142333984375], [0.0, 0.0, 1.0, 0.0], [0.0, 0.0, 0.0, 1.0]], "cam_ids": [0, 1, 2, 3, 4, 5], "cam_channels": ["CAM_FRONT_LEFT", "CAM_FRONT", "CAM_FRONT_RIGHT", "CAM_BACK_LEFT", "CAM_BACK", "CAM_BACK_RIGHT"], "token": "31da0e51442e43b5b7c678ef8c9923a5", "scene": "scene-0264"}, {"images": ["samples/CAM_FRONT_LEFT/n008-2018-08-06-15-06-32-0400__CAM_FRONT_LEFT__1533583361654799.jpg", "samples/CAM_FRONT/n008-2018-08-06-15-06-32-0400__CAM_FRONT__1533583361662404.jpg", "samples/CAM_FRONT_RIGHT/n008-2018-08-06-15-06-32-0400__CAM_FRONT_RIGHT__1533583361670482.jpg", "samples/CAM_BACK_LEFT/n008-2018-08-06-15-06-32-0400__CAM_BACK_LEFT__1533583361697405.jpg", "samples/CAM_BACK/n008-2018-08-06-15-06-32-0400__CAM_BACK__1533583361687558.jpg", "samples/CAM_BACK_RIGHT/n008-2018-08-06-15-06-32-0400__CAM_BACK_RIGHT__1533583361678113.jpg"], "intrinsics": [[[1257.8625342125129, 0.0, 827.2410631095686], [0.0, 1257.8625342125129, 450.915498205774], [0.0, 0.0, 1.0]], [[1252.8131021185304, 0.0, 826.588114781398], [0.0, 1252.8131021185304, 469.9846626224581], [0.0, 0.0, 1.0]], [[1256.7485116440405, 0.0, 817.7887570959712], [0.0, 1256.7485116440403, 451.9541780095127], [0.0, 0.0, 1.0]], [[1254.9860565800168, 0.0, 829.5769333630991], [0.0, 1254.9860565800168, 467.1680561863987], [0.0, 0.0, 1.0]], [[796.8910634503094, 0.0, 857.7774326863696], [0.0, 796.8910634503094, 476.8848988407415], [0.0, 0.0, 1.0]], [[1249.9629280788233, 0.0, 825.3768045375984], [0.0, 1249.9629280788233, 462.54816385708756], [0.0, 0.0, 1.0]]], "extrinsics": [[[0.8176884055137634, -0.5756431221961975, 0.004562214948236942, -0.7557373046875], [0.0057999566197395325, 0.00031342124566435814, -0.9999831318855286, 1.4900407791137695], [0.5756319761276245, 0.817700982093811, 0.0035949843004345894, -1.164306640625], [0.0, 0.0, 0.0, 1.0]], [[0.0032538094092160463, -0.9999871850013733, 0.0038867262192070484, 0.01025390625], [0.007763461209833622, -0.003861370263621211, -0.9999624490737915, 1.4821128845214844], [0.9999645352363586, 0.0032838499173521996, 0.007750797085464001, -1.4857177734375], [0.0, 0.0, 0.0, 1.0]], [[-0.8468912839889526, -0.5317239761352539, -0.006689364090561867, 0.92822265625], [0.015837252140045166, -0.01264648512005806, -0.9997945427894592, 1.496175765991211], [0.5315302014350891, -0.8468233346939087, 0.019131243228912354, -1.1719970703125], [0.0, 0.0, 0.0, 1.0]], [[0.9479727149009705, 0.3182566463947296, -0.007773819379508495, -1.134765625], [-0.00902522262185812, 0.0024577213916927576, -0.9999562501907349, 1.5619573593139648], [-0.31822362542152405, 0.9480014443397522, 0.0052021886222064495, -0.1591796875], [0.0, 0.0, 0.0, 1.0]], [[0.011379883624613285, 0.9999222755432129, -0.0050965300761163235, -0.029052734375], [-0.00706836860626936, -0.00501628965139389, -0.9999624490737915, 1.5675239562988281], [-0.999910295009613, 0.011415489949285984, 0.007010733708739281, -0.0325927734375], [0.0, 0.0, 0.0, 1.0]], [[-0.9222108721733093, 0.38660842180252075, -0.007804647088050842, 1.029541015625], [-0.0031388967763632536, -0.027667131274938583, -0.9996122717857361, 1.54742431640625], [-0.3866744339466095, -0.9218288660049438, 0.02672845497727394, -0.0965576171875], [0.0, 0.0, 0.0, 1.0]]], "view": [[0.0, -2.0, 100.0], [-2.0, 0.0, 100.0], [0.0, 0.0, 1.0]], "bev": "bev_1f7017ed425c462a85048ad8e62521b0.png", "aux": "aux_1f7017ed425c462a85048ad8e62521b0.npz", "visibility": "visibility_1f7017ed425c462a85048ad8e62521b0.png", "pose": [[0.9949188232421875, 0.10068045556545258, 0.0, 2132.13427734375], [-0.10068045556545258, 0.9949188232421875, 0.0, 875.1533813476562], [0.0, 0.0, 1.0, 0.0], [0.0, 0.0, 0.0, 1.0]], "pose_inverse": [[0.9949188232421875, -0.10068045556545258, 0.0, -2033.189697265625], [0.10068045556545258, 0.9949188232421875, 0.0, -1085.370849609375], [0.0, 0.0, 1.0, 0.0], [0.0, 0.0, 0.0, 1.0]], "cam_ids": [0, 1, 2, 3, 4, 5], "cam_channels": ["CAM_FRONT_LEFT", "CAM_FRONT", "CAM_FRONT_RIGHT", "CAM_BACK_LEFT", "CAM_BACK", "CAM_BACK_RIGHT"], "token": "1f7017ed425c462a85048ad8e62521b0", "scene": "scene-0264"}, {"images": ["samples/CAM_FRONT_LEFT/n008-2018-08-06-15-06-32-0400__CAM_FRONT_LEFT__1533583362154799.jpg", "samples/CAM_FRONT/n008-2018-08-06-15-06-32-0400__CAM_FRONT__1533583362162404.jpg", "samples/CAM_FRONT_RIGHT/n008-2018-08-06-15-06-32-0400__CAM_FRONT_RIGHT__1533583362170482.jpg", "samples/CAM_BACK_LEFT/n008-2018-08-06-15-06-32-0400__CAM_BACK_LEFT__1533583362197405.jpg", "samples/CAM_BACK/n008-2018-08-06-15-06-32-0400__CAM_BACK__1533583362187562.jpg", "samples/CAM_BACK_RIGHT/n008-2018-08-06-15-06-32-0400__CAM_BACK_RIGHT__1533583362178113.jpg"], "intrinsics": [[[1257.8625342125129, 0.0, 827.2410631095686], [0.0, 1257.8625342125129, 450.915498205774], [0.0, 0.0, 1.0]], [[1252.8131021185304, 0.0, 826.588114781398], [0.0, 1252.8131021185304, 469.9846626224581], [0.0, 0.0, 1.0]], [[1256.7485116440405, 0.0, 817.7887570959712], [0.0, 1256.7485116440403, 451.9541780095127], [0.0, 0.0, 1.0]], [[1254.9860565800168, 0.0, 829.5769333630991], [0.0, 1254.9860565800168, 467.1680561863987], [0.0, 0.0, 1.0]], [[796.8910634503094, 0.0, 857.7774326863696], [0.0, 796.8910634503094, 476.8848988407415], [0.0, 0.0, 1.0]], [[1249.9629280788233, 0.0, 825.3768045375984], [0.0, 1249.9629280788233, 462.54816385708756], [0.0, 0.0, 1.0]]], "extrinsics": [[[0.820303201675415, -0.5718910694122314, 0.006579055450856686, -0.7354736328125], [0.0037834837567061186, -0.006076826248317957, -0.9999743700027466, 1.4895522594451904], [0.5719163417816162, 0.820307195186615, -0.002821102272719145, -1.1500244140625], [0.0, 0.0, 0.0, 1.0]], [[0.006987336091697216, -0.9999233484268188, 0.010222560726106167, 0.0103759765625], [0.005644692573696375, -0.010183206759393215, -0.9999322295188904, 1.4817105531692505], [0.9999597072601318, 0.00704456539824605, 0.0055731069296598434, -1.46630859375], [0.0, 0.0, 0.0, 1.0]], [[-0.8453871011734009, -0.5341524481773376, -0.0013772837119176984, 0.916748046875], [0.013552981428802013, -0.018872147426009178, -0.9997300505638123, 1.4959163665771484], [0.5339822173118591, -0.8451775908470154, 0.02319362759590149, -1.165313720703125], [0.0, 0.0, 0.0, 1.0]], [[0.9478909969329834, 0.3183477222919464, -0.012546361424028873, -1.13916015625], [-0.012029938399791718, -0.0035882252268493176, -0.9999212026596069, 1.561981201171875], [-0.3183676600456238, 0.9479672312736511, 0.0004284592578187585, -0.1577911376953125], [0.0, 0.0, 0.0, 1.0]], [[0.01024952344596386, 0.9998844861984253, -0.011223848909139633, -0.0289306640625], [-0.009891476482152939, -0.01112250704318285, -0.9998891949653625, 1.5672893524169922], [-0.9998986124992371, 0.01035941019654274, 0.009776332415640354, -0.0341796875], [0.0, 0.0, 0.0, 1.0]], [[-0.9230133891105652, 0.38468825817108154, -0.00782494992017746, 1.0220947265625], [-0.005642394069582224, -0.03386726975440979, -0.9994103908538818, 1.5470237731933594], [-0.3847264349460602, -0.9224250316619873, 0.03343050926923752, -0.0997314453125], [0.0, 0.0, 0.0, 1.0]]], "view": [[0.0, -2.0, 100.0], [-2.0, 0.0, 100.0], [0.0, 0.0, 1.0]], "bev": "bev_b8388948134c4c7fbd9714ef85297ac0.png", "aux": "aux_b8388948134c4c7fbd9714ef85297ac0.npz", "visibility": "visibility_b8388948134c4c7fbd9714ef85297ac0.png", "pose": [[0.9994803071022034, 0.03223602473735809, 0.0, 2135.726318359375], [-0.03223602473735809, 0.9994803071022034, 0.0, 874.871337890625], [0.0, 0.0, 1.0, 0.0], [0.0, 0.0, 0.0, 1.0]], "pose_inverse": [[0.9994803071022034, -0.03223602473735809, 0.0, -2106.4140625], [0.03223602473735809, 0.9994803071022034, 0.0, -943.2639770507812], [0.0, 0.0, 1.0, 0.0], [0.0, 0.0, 0.0, 1.0]], "cam_ids": [0, 1, 2, 3, 4, 5], "cam_channels": ["CAM_FRONT_LEFT", "CAM_FRONT", "CAM_FRONT_RIGHT", "CAM_BACK_LEFT", "CAM_BACK", "CAM_BACK_RIGHT"], "token": "b8388948134c4c7fbd9714ef85297ac0", "scene": "scene-0264"}, {"images": ["samples/CAM_FRONT_LEFT/n008-2018-08-06-15-06-32-0400__CAM_FRONT_LEFT__1533583362654799.jpg", "samples/CAM_FRONT/n008-2018-08-06-15-06-32-0400__CAM_FRONT__1533583362662404.jpg", "samples/CAM_FRONT_RIGHT/n008-2018-08-06-15-06-32-0400__CAM_FRONT_RIGHT__1533583362670482.jpg", "samples/CAM_BACK_LEFT/n008-2018-08-06-15-06-32-0400__CAM_BACK_LEFT__1533583362697405.jpg", "samples/CAM_BACK/n008-2018-08-06-15-06-32-0400__CAM_BACK__1533583362687558.jpg", "samples/CAM_BACK_RIGHT/n008-2018-08-06-15-06-32-0400__CAM_BACK_RIGHT__1533583362678113.jpg"], "intrinsics": [[[1257.8625342125129, 0.0, 827.2410631095686], [0.0, 1257.8625342125129, 450.915498205774], [0.0, 0.0, 1.0]], [[1252.8131021185304, 0.0, 826.588114781398], [0.0, 1252.8131021185304, 469.9846626224581], [0.0, 0.0, 1.0]], [[1256.7485116440405, 0.0, 817.7887570959712], [0.0, 1256.7485116440403, 451.9541780095127], [0.0, 0.0, 1.0]], [[1254.9860565800168, 0.0, 829.5769333630991], [0.0, 1254.9860565800168, 467.1680561863987], [0.0, 0.0, 1.0]], [[796.8910634503094, 0.0, 857.7774326863696], [0.0, 796.8910634503094, 476.8848988407415], [0.0, 0.0, 1.0]], [[1249.9629280788233, 0.0, 825.3768045375984], [0.0, 1249.9629280788233, 462.54816385708756], [0.0, 0.0, 1.0]]], "extrinsics": [[[0.8217048048973083, -0.5698429346084595, 0.008960608392953873, -0.720458984375], [0.003902896773070097, -0.01009585801512003, -0.9999414086341858, 1.4896631240844727], [0.5699000358581543, 0.8216916918754578, -0.006071779876947403, -1.138916015625], [0.0, 0.0, 0.0, 1.0]], [[0.009057619608938694, -0.9998566508293152, 0.01430293545126915, 0.010009765625], [0.005693893413990736, -0.014251720160245895, -0.9998822212219238, 1.4818092584609985], [0.9999427795410156, 0.00913799274712801, 0.00556399067863822, -1.45068359375], [0.0, 0.0, 0.0, 1.0]], [[-0.8445023894309998, -0.5355510115623474, 0.0009590076515451074, 0.90576171875], [0.013452730141580105, -0.02300346828997135, -0.9996448755264282, 1.4960618019104004], [0.535382866859436, -0.8441895842552185, 0.026631105691194534, -1.158660888671875], [0.0, 0.0, 0.0, 1.0]], [[0.9478727579116821, 0.31834280490875244, -0.013971126638352871, -1.138916015625], [-0.012044896371662617, -0.008018509484827518, -0.9998952746391296, 1.561981201171875], [-0.31842154264450073, 0.9479417204856873, -0.0037661204114556313, -0.1578826904296875], [0.0, 0.0, 0.0, 1.0]], [[0.009586267173290253, 0.9998332262039185, -0.015539566054940224, -0.02880859375], [-0.00996305886656046, -0.015444006770849228, -0.9998310804367065, 1.5672378540039062], [-0.9999043941497803, 0.009739469736814499, 0.009813346900045872, -0.038818359375], [0.0, 0.0, 0.0, 1.0]], [[-0.9234928488731384, 0.38350215554237366, -0.009325917810201645, 1.0135498046875], [-0.0057308729737997055, -0.038099948316812515, -0.999257504940033, 1.5469436645507812], [-0.38357269763946533, -0.9227537512779236, 0.037382837384939194, -0.1036376953125], [0.0, 0.0, 0.0, 1.0]]], "view": [[0.0, -2.0, 100.0], [-2.0, 0.0, 100.0], [0.0, 0.0, 1.0]], "bev": "bev_92a3167d26314c879f37f007a56216a5.png", "aux": "aux_92a3167d26314c879f37f007a56216a5.npz", "visibility": "visibility_92a3167d26314c879f37f007a56216a5.png", "pose": [[0.9999997019767761, 0.0007724653696641326, 0.0, 2139.644775390625], [-0.0007724653696641326, 0.9999997019767761, 0.0, 874.7857055664062], [0.0, 0.0, 1.0, 0.0], [0.0, 0.0, 0.0, 1.0]], "pose_inverse": [[0.9999997019767761, -0.0007724653696641326, 0.0, -2138.968505859375], [0.0007724653696641326, 0.9999997019767761, 0.0, -876.438232421875], [0.0, 0.0, 1.0, 0.0], [0.0, 0.0, 0.0, 1.0]], "cam_ids": [0, 1, 2, 3, 4, 5], "cam_channels": ["CAM_FRONT_LEFT", "CAM_FRONT", "CAM_FRONT_RIGHT", "CAM_BACK_LEFT", "CAM_BACK", "CAM_BACK_RIGHT"], "token": "92a3167d26314c879f37f007a56216a5", "scene": "scene-0264"}, {"images": ["samples/CAM_FRONT_LEFT/n008-2018-08-06-15-06-32-0400__CAM_FRONT_LEFT__1533583363154799.jpg", "samples/CAM_FRONT/n008-2018-08-06-15-06-32-0400__CAM_FRONT__1533583363162404.jpg", "samples/CAM_FRONT_RIGHT/n008-2018-08-06-15-06-32-0400__CAM_FRONT_RIGHT__1533583363170482.jpg", "samples/CAM_BACK_LEFT/n008-2018-08-06-15-06-32-0400__CAM_BACK_LEFT__1533583363197433.jpg", "samples/CAM_BACK/n008-2018-08-06-15-06-32-0400__CAM_BACK__1533583363187558.jpg", "samples/CAM_BACK_RIGHT/n008-2018-08-06-15-06-32-0400__CAM_BACK_RIGHT__1533583363178113.jpg"], "intrinsics": [[[1257.8625342125129, 0.0, 827.2410631095686], [0.0, 1257.8625342125129, 450.915498205774], [0.0, 0.0, 1.0]], [[1252.8131021185304, 0.0, 826.588114781398], [0.0, 1252.8131021185304, 469.9846626224581], [0.0, 0.0, 1.0]], [[1256.7485116440405, 0.0, 817.7887570959712], [0.0, 1256.7485116440403, 451.9541780095127], [0.0, 0.0, 1.0]], [[1254.9860565800168, 0.0, 829.5769333630991], [0.0, 1254.9860565800168, 467.1680561863987], [0.0, 0.0, 1.0]], [[796.8910634503094, 0.0, 857.7774326863696], [0.0, 796.8910634503094, 476.8848988407415], [0.0, 0.0, 1.0]], [[1249.9629280788233, 0.0, 825.3768045375984], [0.0, 1249.9629280788233, 462.54816385708756], [0.0, 0.0, 1.0]]], "extrinsics": [[[0.8220505714416504, -0.569345235824585, 0.008887650445103645, -0.69775390625], [0.0036679634358733892, -0.010313366539776325, -0.9999400973320007, 1.489684820175171], [0.5694027543067932, 0.8220338821411133, -0.006389770656824112, -1.1234130859375], [0.0, 0.0, 0.0, 1.0]], [[0.009533393196761608, -0.9998493194580078, 0.014505274593830109, 0.01031494140625], [0.005725107155740261, -0.014451118186116219, -0.9998791813850403, 1.4819425344467163], [0.9999380707740784, 0.009615286253392696, 0.0055864774622023106, -1.428955078125], [0.0, 0.0, 0.0, 1.0]], [[-0.8443042039871216, -0.5358636975288391, 0.0007620141841471195, 0.89306640625], [0.013812221586704254, -0.023183980956673622, -0.9996357560157776, 1.4963502883911133], [0.5356861352920532, -0.8439862132072449, 0.026975801214575768, -1.1505126953125], [0.0, 0.0, 0.0, 1.0]], [[0.9478667378425598, 0.3183850049972534, -0.013403982855379581, -1.144775390625], [-0.01138230599462986, -0.008209409192204475, -0.9999014735221863, 1.5620498657226562], [-0.3184637427330017, 0.9479259252548218, -0.0041574700735509396, -0.15581512451171875], [0.0, 0.0, 0.0, 1.0]], [[0.009434661827981472, 0.9998314380645752, -0.015751948580145836, -0.028564453125], [-0.009368625469505787, -0.015663573518395424, -0.9998334050178528, 1.5672721862792969], [-0.9999116063117981, 0.009580663405358791, 0.009219266474246979, -0.041015625], [0.0, 0.0, 0.0, 1.0]], [[-0.923592746257782, 0.38324862718582153, -0.009844413958489895, 1.0047607421875], [-0.005239295307546854, -0.03829376399517059, -0.9992527961730957, 1.5469741821289062], [-0.38333919644355774, -0.922851026058197, 0.0373758003115654, -0.107177734375], [0.0, 0.0, 0.0, 1.0]]], "view": [[0.0, -2.0, 100.0], [-2.0, 0.0, 100.0], [0.0, 0.0, 1.0]], "bev": "bev_8ef1f08045d94bc288c14896a8b3df20.png", "aux": "aux_8ef1f08045d94bc288c14896a8b3df20.npz", "visibility": "visibility_8ef1f08045d94bc288c14896a8b3df20.png", "pose": [[0.9999312162399292, -0.011726313270628452, 0.0, 2143.8984375], [0.011726313270628452, 0.9999312162399292, 0.0, 874.790771484375], [0.0, 0.0, 1.0, 0.0], [0.0, 0.0, 0.0, 1.0]], "pose_inverse": [[0.9999312162399292, 0.011726313270628452, 0.0, -2154.009033203125], [-0.011726313270628452, 0.9999312162399292, 0.0, -849.590576171875], [0.0, 0.0, 1.0, 0.0], [0.0, 0.0, 0.0, 1.0]], "cam_ids": [0, 1, 2, 3, 4, 5], "cam_channels": ["CAM_FRONT_LEFT", "CAM_FRONT", "CAM_FRONT_RIGHT", "CAM_BACK_LEFT", "CAM_BACK", "CAM_BACK_RIGHT"], "token": "8ef1f08045d94bc288c14896a8b3df20", "scene": "scene-0264"}, {"images": ["samples/CAM_FRONT_LEFT/n008-2018-08-06-15-06-32-0400__CAM_FRONT_LEFT__1533583363654799.jpg", "samples/CAM_FRONT/n008-2018-08-06-15-06-32-0400__CAM_FRONT__1533583363662404.jpg", "samples/CAM_FRONT_RIGHT/n008-2018-08-06-15-06-32-0400__CAM_FRONT_RIGHT__1533583363670482.jpg", "samples/CAM_BACK_LEFT/n008-2018-08-06-15-06-32-0400__CAM_BACK_LEFT__1533583363697405.jpg", "samples/CAM_BACK/n008-2018-08-06-15-06-32-0400__CAM_BACK__1533583363687558.jpg", "samples/CAM_BACK_RIGHT/n008-2018-08-06-15-06-32-0400__CAM_BACK_RIGHT__1533583363678113.jpg"], "intrinsics": [[[1257.8625342125129, 0.0, 827.2410631095686], [0.0, 1257.8625342125129, 450.915498205774], [0.0, 0.0, 1.0]], [[1252.8131021185304, 0.0, 826.588114781398], [0.0, 1252.8131021185304, 469.9846626224581], [0.0, 0.0, 1.0]], [[1256.7485116440405, 0.0, 817.7887570959712], [0.0, 1256.7485116440403, 451.9541780095127], [0.0, 0.0, 1.0]], [[1254.9860565800168, 0.0, 829.5769333630991], [0.0, 1254.9860565800168, 467.1680561863987], [0.0, 0.0, 1.0]], [[796.8910634503094, 0.0, 857.7774326863696], [0.0, 796.8910634503094, 476.8848988407415], [0.0, 0.0, 1.0]], [[1249.9629280788233, 0.0, 825.3768045375984], [0.0, 1249.9629280788233, 462.54816385708756], [0.0, 0.0, 1.0]]], "extrinsics": [[[0.8222141265869141, -0.5691279768943787, 0.007575477007776499, -0.6846923828125], [0.0033923189621418715, -0.008409274742007256, -0.999958872795105, 1.4896352291107178], [0.5691682696342468, 0.8222060203552246, -0.0049835615791380405, -1.1156005859375], [0.0, 0.0, 0.0, 1.0]], [[0.009771271608769894, -0.9998735189437866, 0.012551710940897465, 0.01104736328125], [0.005357338115572929, -0.012499785050749779, -0.9999075531959534, 1.481895089149475], [0.9999378323554993, 0.009837612509727478, 0.005234521348029375, -1.418212890625], [0.0, 0.0, 0.0, 1.0]], [[-0.8442084789276123, -0.5360151529312134, 1.0050001037598122e-05, 0.88720703125], [0.013413874432444572, -0.021145205944776535, -0.9996864199638367, 1.496363639831543], [0.5358472466468811, -0.8439435362815857, 0.0250410009175539, -1.1461181640625], [0.0, 0.0, 0.0, 1.0]], [[0.9478581547737122, 0.3184208273887634, -0.013159472495317459, -1.150146484375], [-0.011938298121094704, -0.0057863760739564896, -0.9999119639396667, 1.5621185302734375], [-0.31846898794174194, 0.9479317665100098, -0.0016832607798278332, -0.1542816162109375], [0.0, 0.0, 0.0, 1.0]], [[0.009359283372759819, 0.9998653531074524, -0.013481857255101204, -0.0289306640625], [-0.009784206748008728, -0.013390232808887959, -0.9998624324798584, 1.5672492980957031], [-0.9999083876609802, 0.009489905089139938, 0.00965756643563509, -0.0400390625], [0.0, 0.0, 0.0, 1.0]], [[-0.9236451387405396, 0.38315045833587646, -0.008681723847985268, 1.0015869140625], [-0.005605087615549564, -0.036155570298433304, -0.9993304014205933, 1.546905517578125], [-0.383207768201828, -0.9229781031608582, 0.03554251044988632, -0.1082763671875], [0.0, 0.0, 0.0, 1.0]]], "view": [[0.0, -2.0, 100.0], [-2.0, 0.0, 100.0], [0.0, 0.0, 1.0]], "bev": "bev_495dd80695764b1ebeeb42a51509ada0.png", "aux": "aux_495dd80695764b1ebeeb42a51509ada0.npz", "visibility": "visibility_495dd80695764b1ebeeb42a51509ada0.png", "pose": [[0.9998058080673218, -0.019707277417182922, 0.0, 2148.400146484375], [0.019707277417182922, 0.9998058080673218, 0.0, 874.8312377929688], [0.0, 0.0, 1.0, 0.0], [0.0, 0.0, 0.0, 1.0]], "pose_inverse": [[0.9998058080673218, 0.019707277417182922, 0.0, -2165.223388671875], [-0.019707277417182922, 0.9998058080673218, 0.0, -832.3222045898438], [0.0, 0.0, 1.0, 0.0], [0.0, 0.0, 0.0, 1.0]], "cam_ids": [0, 1, 2, 3, 4, 5], "cam_channels": ["CAM_FRONT_LEFT", "CAM_FRONT", "CAM_FRONT_RIGHT", "CAM_BACK_LEFT", "CAM_BACK", "CAM_BACK_RIGHT"], "token": "495dd80695764b1ebeeb42a51509ada0", "scene": "scene-0264"}, {"images": ["samples/CAM_FRONT_LEFT/n008-2018-08-06-15-06-32-0400__CAM_FRONT_LEFT__1533583364154799.jpg", "samples/CAM_FRONT/n008-2018-08-06-15-06-32-0400__CAM_FRONT__1533583364162404.jpg", "samples/CAM_FRONT_RIGHT/n008-2018-08-06-15-06-32-0400__CAM_FRONT_RIGHT__1533583364170482.jpg", "samples/CAM_BACK_LEFT/n008-2018-08-06-15-06-32-0400__CAM_BACK_LEFT__1533583364197405.jpg", "samples/CAM_BACK/n008-2018-08-06-15-06-32-0400__CAM_BACK__1533583364187558.jpg", "samples/CAM_BACK_RIGHT/n008-2018-08-06-15-06-32-0400__CAM_BACK_RIGHT__1533583364178113.jpg"], "intrinsics": [[[1257.8625342125129, 0.0, 827.2410631095686], [0.0, 1257.8625342125129, 450.915498205774], [0.0, 0.0, 1.0]], [[1252.8131021185304, 0.0, 826.588114781398], [0.0, 1252.8131021185304, 469.9846626224581], [0.0, 0.0, 1.0]], [[1256.7485116440405, 0.0, 817.7887570959712], [0.0, 1256.7485116440403, 451.9541780095127], [0.0, 0.0, 1.0]], [[1254.9860565800168, 0.0, 829.5769333630991], [0.0, 1254.9860565800168, 467.1680561863987], [0.0, 0.0, 1.0]], [[796.8910634503094, 0.0, 857.7774326863696], [0.0, 796.8910634503094, 476.8848988407415], [0.0, 0.0, 1.0]], [[1249.9629280788233, 0.0, 825.3768045375984], [0.0, 1249.9629280788233, 462.54816385708756], [0.0, 0.0, 1.0]]], "extrinsics": [[[0.8226728439331055, -0.5684417486190796, 0.009144026786088943, -0.671142578125], [0.004650459159165621, -0.009354911744594574, -0.9999454021453857, 1.4902100563049316], [0.5684962868690491, 0.8226703405380249, -0.005052516236901283, -1.1083984375], [0.0, 0.0, 0.0, 1.0]], [[0.010454840958118439, -0.9998522996902466, 0.013637866824865341, 0.0126953125], [0.006485265213996172, -0.01357052568346262, -0.9998869299888611, 1.4823471307754517], [0.9999243021011353, 0.010542103089392185, 0.0063424305990338326, -1.406982421875], [0.0, 0.0, 0.0, 1.0]], [[-0.8439246416091919, -0.5364617705345154, -0.00016377157589886338, 0.8818359375], [0.014428960159420967, -0.022393474355340004, -0.9996451139450073, 1.4967327117919922], [0.5362676382064819, -0.8436275124549866, 0.02663899026811123, -1.141357421875], [0.0, 0.0, 0.0, 1.0]], [[0.947871208190918, 0.31839293241500854, -0.012887491844594479, -1.157470703125], [-0.011037393473088741, -0.0076141925528645515, -0.9999100565910339, 1.5621986389160156], [-0.31846240162849426, 0.9479283094406128, -0.00370304798707366, -0.1513519287109375], [0.0, 0.0, 0.0, 1.0]], [[0.00918309111148119, 0.9998437762260437, -0.015104697085916996, -0.029052734375], [-0.008921436965465546, -0.01502281054854393, -0.9998472929000854, 1.5673389434814453], [-0.9999180436134338, 0.009316443465650082, 0.008782087825238705, -0.037841796875], [0.0, 0.0, 0.0, 1.0]], [[-0.9237791299819946, 0.3827938139438629, -0.010048683732748032, 0.998291015625], [-0.00470389612019062, -0.037583764642477036, -0.9992824196815491, 1.5470695495605469], [-0.3828967809677124, -0.9230689406394958, 0.036519721150398254, -0.108642578125], [0.0, 0.0, 0.0, 1.0]]], "view": [[0.0, -2.0, 100.0], [-2.0, 0.0, 100.0], [0.0, 0.0, 1.0]], "bev": "bev_381b86ecc64e4b0b98cad64c280c0821.png", "aux": "aux_381b86ecc64e4b0b98cad64c280c0821.npz", "visibility": "visibility_381b86ecc64e4b0b98cad64c280c0821.png", "pose": [[0.9996234774589539, -0.027439381927251816, 0.0, 2153.22314453125], [0.027439381927251816, 0.9996234774589539, 0.0, 874.9246826171875], [0.0, 0.0, 1.0, 0.0], [0.0, 0.0, 0.0, 1.0]], "pose_inverse": [[0.9996234774589539, 0.027439381927251816, 0.0, -2176.419677734375], [-0.027439381927251816, 0.9996234774589539, 0.0, -815.5121459960938], [0.0, 0.0, 1.0, 0.0], [0.0, 0.0, 0.0, 1.0]], "cam_ids": [0, 1, 2, 3, 4, 5], "cam_channels": ["CAM_FRONT_LEFT", "CAM_FRONT", "CAM_FRONT_RIGHT", "CAM_BACK_LEFT", "CAM_BACK", "CAM_BACK_RIGHT"], "token": "381b86ecc64e4b0b98cad64c280c0821", "scene": "scene-0264"}, {"images": ["samples/CAM_FRONT_LEFT/n008-2018-08-06-15-06-32-0400__CAM_FRONT_LEFT__1533583364654799.jpg", "samples/CAM_FRONT/n008-2018-08-06-15-06-32-0400__CAM_FRONT__1533583364662404.jpg", "samples/CAM_FRONT_RIGHT/n008-2018-08-06-15-06-32-0400__CAM_FRONT_RIGHT__1533583364670482.jpg", "samples/CAM_BACK_LEFT/n008-2018-08-06-15-06-32-0400__CAM_BACK_LEFT__1533583364697405.jpg", "samples/CAM_BACK/n008-2018-08-06-15-06-32-0400__CAM_BACK__1533583364687558.jpg", "samples/CAM_BACK_RIGHT/n008-2018-08-06-15-06-32-0400__CAM_BACK_RIGHT__1533583364678113.jpg"], "intrinsics": [[[1257.8625342125129, 0.0, 827.2410631095686], [0.0, 1257.8625342125129, 450.915498205774], [0.0, 0.0, 1.0]], [[1252.8131021185304, 0.0, 826.588114781398], [0.0, 1252.8131021185304, 469.9846626224581], [0.0, 0.0, 1.0]], [[1256.7485116440405, 0.0, 817.7887570959712], [0.0, 1256.7485116440403, 451.9541780095127], [0.0, 0.0, 1.0]], [[1254.9860565800168, 0.0, 829.5769333630991], [0.0, 1254.9860565800168, 467.1680561863987], [0.0, 0.0, 1.0]], [[796.8910634503094, 0.0, 857.7774326863696], [0.0, 796.8910634503094, 476.8848988407415], [0.0, 0.0, 1.0]], [[1249.9629280788233, 0.0, 825.3768045375984], [0.0, 1249.9629280788233, 462.54816385708756], [0.0, 0.0, 1.0]]], "extrinsics": [[[0.8221114873886108, -0.569238543510437, 0.010012442246079445, -0.64453125], [0.0036814457271248102, -0.012270888313651085, -0.9999179244041443, 1.4899219274520874], [0.5693145990371704, 0.8220809698104858, -0.007992418482899666, -1.0848388671875], [0.0, 0.0, 0.0, 1.0]], [[0.009621297009289265, -0.9998188614845276, 0.01641904003918171, 0.0096435546875], [0.005665279924869537, -0.016365038231015205, -0.9998500347137451, 1.48220956325531], [0.9999377131462097, 0.00971287116408348, 0.0055068014189600945, -1.37548828125], [0.0, 0.0, 0.0, 1.0]], [[-0.8442581295967102, -0.5359333753585815, 0.0018873929511755705, 0.858642578125], [0.013624511659145355, -0.024983014911413193, -0.999595046043396, 1.4968314170837402], [0.5357635617256165, -0.8438906073570251, 0.02839394472539425, -1.129852294921875], [0.0, 0.0, 0.0, 1.0]], [[0.9478763341903687, 0.31833794713020325, -0.01383519358932972, -1.1484375], [-0.011340716853737831, -0.009687998332083225, -0.9998887777328491, 1.5620956420898438], [-0.31843653321266174, 0.9479277729988098, -0.005572841037064791, -0.15442657470703125], [0.0, 0.0, 0.0, 1.0]], [[0.009385928511619568, 0.9998056888580322, -0.017333602532744408, -0.02813720703125], [-0.009417510591447353, -0.01724521443247795, -0.9998069405555725, 1.5671463012695312], [-0.9999116063117981, 0.009547355584800243, 0.009253819473087788, -0.05322265625], [0.0, 0.0, 0.0, 1.0]], [[-0.9236246347427368, 0.3831583857536316, -0.010342568159103394, 0.97998046875], [-0.005399553570896387, -0.03998687490820885, -0.9991855621337891, 1.5467720031738281], [-0.38325992226600647, -0.9228166937828064, 0.03900174796581268, -0.1182861328125], [0.0, 0.0, 0.0, 1.0]]], "view": [[0.0, -2.0, 100.0], [-2.0, 0.0, 100.0], [0.0, 0.0, 1.0]], "bev": "bev_c31fad56f7e44440be591af061fcef34.png", "aux": "aux_c31fad56f7e44440be591af061fcef34.npz", "visibility": "visibility_c31fad56f7e44440be591af061fcef34.png", "pose": [[0.9996450543403625, -0.026641959324479103, 0.0, 2158.322509765625], [0.026641959324479103, 0.9996450543403625, 0.0, 875.0291748046875], [0.0, 0.0, 1.0, 0.0], [0.0, 0.0, 0.0, 1.0]], "pose_inverse": [[0.9996450543403625, 0.026641959324479103, 0.0, -2180.868896484375], [-0.026641959324479103, 0.9996450543403625, 0.0, -817.2166137695312], [0.0, 0.0, 1.0, 0.0], [0.0, 0.0, 0.0, 1.0]], "cam_ids": [0, 1, 2, 3, 4, 5], "cam_channels": ["CAM_FRONT_LEFT", "CAM_FRONT", "CAM_FRONT_RIGHT", "CAM_BACK_LEFT", "CAM_BACK", "CAM_BACK_RIGHT"], "token": "c31fad56f7e44440be591af061fcef34", "scene": "scene-0264"}, {"images": ["samples/CAM_FRONT_LEFT/n008-2018-08-06-15-06-32-0400__CAM_FRONT_LEFT__1533583365154799.jpg", "samples/CAM_FRONT/n008-2018-08-06-15-06-32-0400__CAM_FRONT__1533583365162404.jpg", "samples/CAM_FRONT_RIGHT/n008-2018-08-06-15-06-32-0400__CAM_FRONT_RIGHT__1533583365170482.jpg", "samples/CAM_BACK_LEFT/n008-2018-08-06-15-06-32-0400__CAM_BACK_LEFT__1533583365197405.jpg", "samples/CAM_BACK/n008-2018-08-06-15-06-32-0400__CAM_BACK__1533583365187558.jpg", "samples/CAM_BACK_RIGHT/n008-2018-08-06-15-06-32-0400__CAM_BACK_RIGHT__1533583365178113.jpg"], "intrinsics": [[[1257.8625342125129, 0.0, 827.2410631095686], [0.0, 1257.8625342125129, 450.915498205774], [0.0, 0.0, 1.0]], [[1252.8131021185304, 0.0, 826.588114781398], [0.0, 1252.8131021185304, 469.9846626224581], [0.0, 0.0, 1.0]], [[1256.7485116440405, 0.0, 817.7887570959712], [0.0, 1256.7485116440403, 451.9541780095127], [0.0, 0.0, 1.0]], [[1254.9860565800168, 0.0, 829.5769333630991], [0.0, 1254.9860565800168, 467.1680561863987], [0.0, 0.0, 1.0]], [[796.8910634503094, 0.0, 857.7774326863696], [0.0, 796.8910634503094, 476.8848988407415], [0.0, 0.0, 1.0]], [[1249.9629280788233, 0.0, 825.3768045375984], [0.0, 1249.9629280788233, 462.54816385708756], [0.0, 0.0, 1.0]]], "extrinsics": [[[0.8222151398658752, -0.5690391063690186, 0.012520721182227135, -0.629150390625], [0.0068620978854596615, -0.012085972353816032, -0.9999033808708191, 1.4914493560791016], [0.5691353678703308, 0.8222216963768005, -0.006032468285411596, -1.075927734375], [0.0, 0.0, 0.0, 1.0]], [[0.009752877056598663, -0.9998182654380798, 0.016384677961468697, 0.01080322265625], [0.00884336233139038, -0.016298575326800346, -0.999828040599823, 1.4834966659545898], [0.9999132752418518, 0.009896094910800457, 0.00868279580026865, -1.361328125], [0.0, 0.0, 0.0, 1.0]], [[-0.8441693782806396, -0.5360760688781738, -0.0007791200187057257, 0.849609375], [0.016830220818519592, -0.025050152093172073, -0.9995445013046265, 1.4979248046875], [0.535812497138977, -0.8437979221343994, 0.030168846249580383, -1.123077392578125], [0.0, 0.0, 0.0, 1.0]], [[0.9478815197944641, 0.31842535734176636, -0.011226771399378777, -1.149169921875], [-0.008488422259688377, -0.009985982440412045, -0.9999141097068787, 1.5620899200439453], [-0.31851011514663696, 0.9478954076766968, -0.006762595847249031, -0.1541595458984375], [0.0, 0.0, 0.0, 1.0]], [[0.00932244397699833, 0.9998025298118591, -0.017550397664308548, -0.02838134765625], [-0.006415670271962881, -0.017490997910499573, -0.9998264312744141, 1.5674209594726562], [-0.9999359250068665, 0.009433424100279808, 0.006251344922930002, -0.056396484375], [0.0, 0.0, 0.0, 1.0]], [[-0.9236456155776978, 0.38301631808280945, -0.013312543742358685, 0.972412109375], [-0.0022495139855891466, -0.04015371575951576, -0.9991909861564636, 1.547393798828125], [-0.3832409381866455, -0.9228684306144714, 0.03794940561056137, -0.1207275390625], [0.0, 0.0, 0.0, 1.0]]], "view": [[0.0, -2.0, 100.0], [-2.0, 0.0, 100.0], [0.0, 0.0, 1.0]], "bev": "bev_915a20a6c1944544a0890bedbcf89733.png", "aux": "aux_915a20a6c1944544a0890bedbcf89733.npz", "visibility": "visibility_915a20a6c1944544a0890bedbcf89733.png", "pose": [[0.9997485876083374, -0.022423015907406807, 0.0, 2163.661865234375], [0.022423015907406807, 0.9997485876083374, 0.0, 875.1201782226562], [0.0, 0.0, 1.0, 0.0], [0.0, 0.0, 0.0, 1.0]], "pose_inverse": [[0.9997485876083374, 0.022423015907406807, 0.0, -2182.74072265625], [-0.022423015907406807, 0.9997485876083374, 0.0, -826.3843383789062], [0.0, 0.0, 1.0, 0.0], [0.0, 0.0, 0.0, 1.0]], "cam_ids": [0, 1, 2, 3, 4, 5], "cam_channels": ["CAM_FRONT_LEFT", "CAM_FRONT", "CAM_FRONT_RIGHT", "CAM_BACK_LEFT", "CAM_BACK", "CAM_BACK_RIGHT"], "token": "915a20a6c1944544a0890bedbcf89733", "scene": "scene-0264"}, {"images": ["samples/CAM_FRONT_LEFT/n008-2018-08-06-15-06-32-0400__CAM_FRONT_LEFT__1533583365604799.jpg", "samples/CAM_FRONT/n008-2018-08-06-15-06-32-0400__CAM_FRONT__1533583365612404.jpg", "samples/CAM_FRONT_RIGHT/n008-2018-08-06-15-06-32-0400__CAM_FRONT_RIGHT__1533583365620482.jpg", "samples/CAM_BACK_LEFT/n008-2018-08-06-15-06-32-0400__CAM_BACK_LEFT__1533583365647405.jpg", "samples/CAM_BACK/n008-2018-08-06-15-06-32-0400__CAM_BACK__1533583365637558.jpg", "samples/CAM_BACK_RIGHT/n008-2018-08-06-15-06-32-0400__CAM_BACK_RIGHT__1533583365628113.jpg"], "intrinsics": [[[1257.8625342125129, 0.0, 827.2410631095686], [0.0, 1257.8625342125129, 450.915498205774], [0.0, 0.0, 1.0]], [[1252.8131021185304, 0.0, 826.588114781398], [0.0, 1252.8131021185304, 469.9846626224581], [0.0, 0.0, 1.0]], [[1256.7485116440405, 0.0, 817.7887570959712], [0.0, 1256.7485116440403, 451.9541780095127], [0.0, 0.0, 1.0]], [[1254.9860565800168, 0.0, 829.5769333630991], [0.0, 1254.9860565800168, 467.1680561863987], [0.0, 0.0, 1.0]], [[796.8910634503094, 0.0, 857.7774326863696], [0.0, 796.8910634503094, 476.8848988407415], [0.0, 0.0, 1.0]], [[1249.9629280788233, 0.0, 825.3768045375984], [0.0, 1249.9629280788233, 462.54816385708756], [0.0, 0.0, 1.0]]], "extrinsics": [[[0.8225224614143372, -0.5685761570930481, 0.013343089260160923, -0.6175537109375], [0.008908283896744251, -0.010578264482319355, -0.9999043345451355, 1.4925031661987305], [0.5686628818511963, 0.8225626945495605, -0.003635823493823409, -1.068359375], [0.0, 0.0, 0.0, 1.0]], [[0.010242553427815437, -0.9998382925987244, 0.01478181965649128, 0.01116943359375], [0.010885168798267841, -0.0146702341735363, -0.9998331665992737, 1.4843683242797852], [0.9998882412910461, 0.010401747189462185, 0.010733148083090782, -1.351318359375], [0.0, 0.0, 0.0, 1.0]], [[-0.8439578413963318, -0.5363983511924744, -0.003461424959823489, 0.8447265625], [0.0189300999045372, -0.023334046825766563, -0.9995484352111816, 1.4986419677734375], [0.5360754132270813, -0.8436422944068909, 0.029847027733922005, -1.1195068359375], [0.0, 0.0, 0.0, 1.0]], [[0.9478744268417358, 0.31852686405181885, -0.008639569394290447, -1.156494140625], [-0.006364131346344948, -0.008183633908629417, -0.9999462366104126, 1.5621318817138672], [-0.3185805082321167, 0.9478785395622253, -0.005729910917580128, -0.15267181396484375], [0.0, 0.0, 0.0, 1.0]], [[0.009193813428282738, 0.9998337030410767, -0.01574769616127014, -0.028564453125], [-0.0042352620512247086, -0.01570928283035755, -0.9998676180839539, 1.5676498413085938], [-0.9999487996101379, 0.009259295649826527, 0.0040901293978095055, -0.055419921875], [0.0, 0.0, 0.0, 1.0]], [[-0.9237185716629028, 0.3827916383743286, -0.014643099159002304, 0.9697265625], [-7.234251097543165e-05, -0.03839980438351631, -0.9992624521255493, 1.5478363037109375], [-0.38307151198387146, -0.9230363368988037, 0.03549830615520477, -0.121826171875], [0.0, 0.0, 0.0, 1.0]]], "view": [[0.0, -2.0, 100.0], [-2.0, 0.0, 100.0], [0.0, 0.0, 1.0]], "bev": "bev_45d2afd608e44030a5de7dfdb7dc4d04.png", "aux": "aux_45d2afd608e44030a5de7dfdb7dc4d04.npz", "visibility": "visibility_45d2afd608e44030a5de7dfdb7dc4d04.png", "pose": [[0.9997870326042175, -0.02063693292438984, 0.0, 2168.649169921875], [0.02063693292438984, 0.9997870326042175, 0.0, 875.1969604492188], [0.0, 0.0, 1.0, 0.0], [0.0, 0.0, 0.0, 1.0]], "pose_inverse": [[0.9997870326042175, 0.02063693292438984, 0.0, -2186.248779296875], [-0.02063693292438984, 0.9997870326042175, 0.0, -830.2562866210938], [0.0, 0.0, 1.0, 0.0], [0.0, 0.0, 0.0, 1.0]], "cam_ids": [0, 1, 2, 3, 4, 5], "cam_channels": ["CAM_FRONT_LEFT", "CAM_FRONT", "CAM_FRONT_RIGHT", "CAM_BACK_LEFT", "CAM_BACK", "CAM_BACK_RIGHT"], "token": "45d2afd608e44030a5de7dfdb7dc4d04", "scene": "scene-0264"}, {"images": ["samples/CAM_FRONT_LEFT/n008-2018-08-06-15-06-32-0400__CAM_FRONT_LEFT__1533583366004799.jpg", "samples/CAM_FRONT/n008-2018-08-06-15-06-32-0400__CAM_FRONT__1533583366012404.jpg", "samples/CAM_FRONT_RIGHT/n008-2018-08-06-15-06-32-0400__CAM_FRONT_RIGHT__1533583366020482.jpg", "samples/CAM_BACK_LEFT/n008-2018-08-06-15-06-32-0400__CAM_BACK_LEFT__1533583366047405.jpg", "samples/CAM_BACK/n008-2018-08-06-15-06-32-0400__CAM_BACK__1533583366037558.jpg", "samples/CAM_BACK_RIGHT/n008-2018-08-06-15-06-32-0400__CAM_BACK_RIGHT__1533583366028113.jpg"], "intrinsics": [[[1257.8625342125129, 0.0, 827.2410631095686], [0.0, 1257.8625342125129, 450.915498205774], [0.0, 0.0, 1.0]], [[1252.8131021185304, 0.0, 826.588114781398], [0.0, 1252.8131021185304, 469.9846626224581], [0.0, 0.0, 1.0]], [[1256.7485116440405, 0.0, 817.7887570959712], [0.0, 1256.7485116440403, 451.9541780095127], [0.0, 0.0, 1.0]], [[1254.9860565800168, 0.0, 829.5769333630991], [0.0, 1254.9860565800168, 467.1680561863987], [0.0, 0.0, 1.0]], [[796.8910634503094, 0.0, 857.7774326863696], [0.0, 796.8910634503094, 476.8848988407415], [0.0, 0.0, 1.0]], [[1249.9629280788233, 0.0, 825.3768045375984], [0.0, 1249.9629280788233, 462.54816385708756], [0.0, 0.0, 1.0]]], "extrinsics": [[[0.8230347037315369, -0.5677984952926636, 0.014789894223213196, -0.6126708984375], [0.007952009327709675, -0.014517629519104958, -0.9998630285263062, 1.4921369552612305], [0.5679353475570679, 0.8230395913124084, -0.007433376275002956, -1.069580078125], [0.0, 0.0, 0.0, 1.0]], [[0.010956068523228168, -0.9997597336769104, 0.01898583024740219, 0.0140380859375], [0.009981553070247173, -0.018876677379012108, -0.9997720122337341, 1.4841175079345703], [0.9998900890350342, 0.011143079027533531, 0.009772340767085552, -1.34765625], [0.0, 0.0, 0.0, 1.0]], [[-0.8436804413795471, -0.5368455052375793, -0.0003213908930774778, 0.842529296875], [0.01808343455195427, -0.027820713818073273, -0.9994493722915649, 1.4985313415527344], [0.5365410447120667, -0.8432217240333557, 0.03317980468273163, -1.11566162109375], [0.0, 0.0, 0.0, 1.0]], [[0.9478024244308472, 0.3186730742454529, -0.010857239365577698, -1.15234375], [-0.006958509795367718, -0.013370164670050144, -0.9998863935470581, 1.562103271484375], [-0.3187820017337799, 0.947770357131958, -0.01045478880405426, -0.15367889404296875], [0.0, 0.0, 0.0, 1.0]], [[0.008989773690700531, 0.9997447729110718, -0.02072327211499214, -0.02923583984375], [-0.0049