[{"images": ["samples/CAM_FRONT_LEFT/n015-2018-07-24-11-13-19+0800__CAM_FRONT_LEFT__1532402306104844.jpg", "samples/CAM_FRONT/n015-2018-07-24-11-13-19+0800__CAM_FRONT__1532402306112460.jpg", "samples/CAM_FRONT_RIGHT/n015-2018-07-24-11-13-19+0800__CAM_FRONT_RIGHT__1532402306120339.jpg", "samples/CAM_BACK_LEFT/n015-2018-07-24-11-13-19+0800__CAM_BACK_LEFT__1532402306147423.jpg", "samples/CAM_BACK/n015-2018-07-24-11-13-19+0800__CAM_BACK__1532402306137525.jpg", "samples/CAM_BACK_RIGHT/n015-2018-07-24-11-13-19+0800__CAM_BACK_RIGHT__1532402306127893.jpg"], "intrinsics": [[[1272.5979470598488, 0.0, 826.6154927353808], [0.0, 1272.5979470598488, 479.75165386361925], [0.0, 0.0, 1.0]], [[1266.417203046554, 0.0, 816.2670197447984], [0.0, 1266.417203046554, 491.50706579294757], [0.0, 0.0, 1.0]], [[1260.8474446004698, 0.0, 807.968244525554], [0.0, 1260.8474446004698, 495.3344268742088], [0.0, 0.0, 1.0]], [[1256.7414812095406, 0.0, 792.1125740759628], [0.0, 1256.7414812095406, 492.7757465151356], [0.0, 0.0, 1.0]], [[809.2209905677063, 0.0, 829.2196003259838], [0.0, 809.2209905677063, 481.77842384512485], [0.0, 0.0, 1.0]], [[1259.5137405846733, 0.0, 807.2529053838625], [0.0, 1259.5137405846733, 501.19579884916527], [0.0, 0.0, 1.0]]], "extrinsics": [[[0.8208287358283997, -0.5710960030555725, 0.009459537453949451, -0.5430908203125], [-0.0030834772624075413, -0.020991940051317215, -0.9997748732566833, 1.5067224502563477], [0.5711660981178284, 0.820614755153656, -0.018991749733686447, -0.9898529052734375], [0.0, 0.0, 0.0, 1.0]], [[0.0058103296905756, -0.9996751546859741, 0.024813320487737656, 0.00970458984375], [-0.008343149907886982, -0.02486133575439453, -0.9996561408042908, 1.517066478729248], [0.999948263168335, 0.005601311568170786, -0.00848489347845316, -1.2701416015625], [0.0, 0.0, 0.0, 1.0]], [[-0.8328905701637268, -0.5534011125564575, 0.006359281484037638, 0.7591552734375], [-0.0026818171609193087, -0.007454665843397379, -0.9999685883522034, 1.5027731657028198], [0.5534311532974243, -0.832881510257721, 0.004724801052361727, -1.0650634765625], [0.0, 0.0, 0.0, 1.0]], [[0.9479148983955383, 0.31846505403518677, -0.006106199696660042, -1.1278076171875], [0.005990170408040285, -0.03699019178748131, -0.9992976784706116, 1.5886192321777344], [-0.31846725940704346, 0.9472125768661499, -0.03697121515870094, -0.1077880859375], [0.0, 0.0, 0.0, 1.0]], [[0.0025550604332238436, 0.999621570110321, -0.027388662099838257, 0.00274658203125], [-0.019409971311688423, -0.027334017679095268, -0.9994379281997681, 1.5768675804138184], [-0.9998083114624023, 0.003085237927734852, 0.01933278702199459, -0.126953125], [0.0, 0.0, 0.0, 1.0]], [[-0.9348347783088684, 0.3546896278858185, -0.016708582639694214, 0.911376953125], [0.013213537633419037, -0.012273809872567654, -0.999837338924408, 1.5546379089355469], [-0.35483700037002563, -0.9349035024642944, 0.00678727962076664, -0.1476898193359375], [0.0, 0.0, 0.0, 1.0]]], "view": [[0.0, -2.0, 100.0], [-2.0, 0.0, 100.0], [0.0, 0.0, 1.0]], "bev": "bev_bc14cdca19c748bc8b409812ba1f86f0.png", "aux": "aux_bc14cdca19c748bc8b409812ba1f86f0.npz", "visibility": "visibility_bc14cdca19c748bc8b409812ba1f86f0.png", "pose": [[0.007870709523558617, 0.9999690055847168, 0.0, 775.8828125], [-0.9999690055847168, 0.007870709523558617, 0.0, 1571.0382080078125], [0.0, 0.0, 1.0, 0.0], [0.0, 0.0, 0.0, 1.0]], "pose_inverse": [[0.007870709523558617, -0.9999690055847168, 0.0, 1564.8828125], [0.9999690055847168, 0.007870709523558617, 0.0, -788.2239379882812], [0.0, 0.0, 1.0, 0.0], [0.0, 0.0, 0.0, 1.0]], "cam_ids": [0, 1, 2, 3, 4, 5], "cam_channels": ["CAM_FRONT_LEFT", "CAM_FRONT", "CAM_FRONT_RIGHT", "CAM_BACK_LEFT", "CAM_BACK", "CAM_BACK_RIGHT"], "token": "bc14cdca19c748bc8b409812ba1f86f0", "scene": "scene-0051"}, {"images": ["samples/CAM_FRONT_LEFT/n015-2018-07-24-11-13-19+0800__CAM_FRONT_LEFT__1532402306604844.jpg", "samples/CAM_FRONT/n015-2018-07-24-11-13-19+0800__CAM_FRONT__1532402306612460.jpg", "samples/CAM_FRONT_RIGHT/n015-2018-07-24-11-13-19+0800__CAM_FRONT_RIGHT__1532402306620339.jpg", "samples/CAM_BACK_LEFT/n015-2018-07-24-11-13-19+0800__CAM_BACK_LEFT__1532402306647423.jpg", "samples/CAM_BACK/n015-2018-07-24-11-13-19+0800__CAM_BACK__1532402306638068.jpg", "samples/CAM_BACK_RIGHT/n015-2018-07-24-11-13-19+0800__CAM_BACK_RIGHT__1532402306627893.jpg"], "intrinsics": [[[1272.5979470598488, 0.0, 826.6154927353808], [0.0, 1272.5979470598488, 479.75165386361925], [0.0, 0.0, 1.0]], [[1266.417203046554, 0.0, 816.2670197447984], [0.0, 1266.417203046554, 491.50706579294757], [0.0, 0.0, 1.0]], [[1260.8474446004698, 0.0, 807.968244525554], [0.0, 1260.8474446004698, 495.3344268742088], [0.0, 0.0, 1.0]], [[1256.7414812095406, 0.0, 792.1125740759628], [0.0, 1256.7414812095406, 492.7757465151356], [0.0, 0.0, 1.0]], [[809.2209905677063, 0.0, 829.2196003259838], [0.0, 809.2209905677063, 481.77842384512485], [0.0, 0.0, 1.0]], [[1259.5137405846733, 0.0, 807.2529053838625], [0.0, 1259.5137405846733, 501.19579884916527], [0.0, 0.0, 1.0]]], "extrinsics": [[[0.820688009262085, -0.5713764429092407, -0.00034290432813577354, -0.54541015625], [-0.004696771968156099, -0.006146020255982876, -0.9999700784683228, 1.5058785676956177], [0.571357250213623, 0.8206650614738464, -0.007727590389549732, -0.992401123046875], [0.0, 0.0, 0.0, 1.0]], [[0.005609956104308367, -0.9999343156814575, 0.009987463243305683, 0.0103759765625], [-0.009913005866110325, -0.01004274096339941, -0.9999004602432251, 1.516404151916504], [0.9999350905418396, 0.00551039120182395, -0.009968695230782032, -1.2728271484375], [0.0, 0.0, 0.0, 1.0]], [[-0.8329899311065674, -0.5532878637313843, -0.0005587807390838861, 0.76141357421875], [-0.004202816169708967, 0.007337348069995642, -0.9999642372131348, 1.5022554397583008], [0.5532720685005188, -0.8329578042030334, -0.008437303826212883, -1.06591796875], [0.0, 0.0, 0.0, 1.0]], [[0.9477701783180237, 0.3189418315887451, -0.0027699877973645926, -1.1318359375], [0.004592537879943848, -0.022329896688461304, -0.9997400641441345, 1.5886116027832031], [-0.3189207911491394, 0.9475111961364746, -0.022628365084528923, -0.107421875], [0.0, 0.0, 0.0, 1.0]], [[0.0024209727998822927, 0.9999175667762756, -0.012607978656888008, 0.002197265625], [-0.020829983055591583, -0.012554855085909367, -0.9997041821479797, 1.5768795013427734], [-0.9997801184654236, 0.002682880964130163, 0.02079787105321884, -0.11767578125], [0.0, 0.0, 0.0, 1.0]], [[-0.934801459312439, 0.3550270199775696, -0.010105074383318424, 0.9134521484375], [0.011755239218473434, 0.002491270424798131, -0.999927818775177, 1.5542411804199219], [-0.35497620701789856, -0.9348527193069458, -0.006502270698547363, -0.1466217041015625], [0.0, 0.0, 0.0, 1.0]]], "view": [[0.0, -2.0, 100.0], [-2.0, 0.0, 100.0], [0.0, 0.0, 1.0]], "bev": "bev_f51dea38067344389327a2b40c381a4a.png", "aux": "aux_f51dea38067344389327a2b40c381a4a.npz", "visibility": "visibility_f51dea38067344389327a2b40c381a4a.png", "pose": [[0.0047315009869635105, 0.9999887943267822, 0.0, 775.871826171875], [-0.9999887943267822, 0.0047315009869635105, 0.0, 1565.2425537109375], [0.0, 0.0, 1.0, 0.0], [0.0, 0.0, 0.0, 1.0]], "pose_inverse": [[0.0047315009869635105, -0.9999887943267822, 0.0, 1561.553955078125], [0.9999887943267822, 0.0047315009869635105, 0.0, -783.2691040039062], [0.0, 0.0, 1.0, 0.0], [0.0, 0.0, 0.0, 1.0]], "cam_ids": [0, 1, 2, 3, 4, 5], "cam_channels": ["CAM_FRONT_LEFT", "CAM_FRONT", "CAM_FRONT_RIGHT", "CAM_BACK_LEFT", "CAM_BACK", "CAM_BACK_RIGHT"], "token": "f51dea38067344389327a2b40c381a4a", "scene": "scene-0051"}, {"images": ["samples/CAM_FRONT_LEFT/n015-2018-07-24-11-13-19+0800__CAM_FRONT_LEFT__1532402307154844.jpg", "samples/CAM_FRONT/n015-2018-07-24-11-13-19+0800__CAM_FRONT__1532402307162460.jpg", "samples/CAM_FRONT_RIGHT/n015-2018-07-24-11-13-19+0800__CAM_FRONT_RIGHT__1532402307170339.jpg", "samples/CAM_BACK_LEFT/n015-2018-07-24-11-13-19+0800__CAM_BACK_LEFT__1532402307197423.jpg", "samples/CAM_BACK/n015-2018-07-24-11-13-19+0800__CAM_BACK__1532402307187525.jpg", "samples/CAM_BACK_RIGHT/n015-2018-07-24-11-13-19+0800__CAM_BACK_RIGHT__1532402307177893.jpg"], "intrinsics": [[[1272.5979470598488, 0.0, 826.6154927353808], [0.0, 1272.5979470598488, 479.75165386361925], [0.0, 0.0, 1.0]], [[1266.417203046554, 0.0, 816.2670197447984], [0.0, 1266.417203046554, 491.50706579294757], [0.0, 0.0, 1.0]], [[1260.8474446004698, 0.0, 807.968244525554], [0.0, 1260.8474446004698, 495.3344268742088], [0.0, 0.0, 1.0]], [[1256.7414812095406, 0.0, 792.1125740759628], [0.0, 1256.7414812095406, 492.7757465151356], [0.0, 0.0, 1.0]], [[809.2209905677063, 0.0, 829.2196003259838], [0.0, 809.2209905677063, 481.77842384512485], [0.0, 0.0, 1.0]], [[1259.5137405846733, 0.0, 807.2529053838625], [0.0, 1259.5137405846733, 501.19579884916527], [0.0, 0.0, 1.0]]], "extrinsics": [[[0.8214871883392334, -0.5701934099197388, -0.006178737618029118, -0.552734375], [-0.003146713599562645, 0.006302421912550926, -0.9999751448631287, 1.5066518783569336], [0.5702181458473206, 0.8214862942695618, 0.003383123781532049, -0.9991912841796875], [0.0, 0.0, 0.0, 1.0]], [[0.006743099074810743, -0.9999743103981018, -0.002404799684882164, 0.01129150390625], [-0.00833700317889452, 0.002348552690818906, -0.9999625086784363, 1.5171051025390625], [0.9999424815177917, 0.006762895733118057, -0.008320951834321022, -1.2821044921875], [0.0, 0.0, 0.0, 1.0]], [[-0.8325014114379883, -0.553954541683197, -0.008702345192432404, 0.76861572265625], [-0.002639827551320195, 0.01967361569404602, -0.9998028874397278, 1.50274658203125], [0.554016649723053, -0.8323143720626831, -0.017840657383203506, -1.0697021484375], [0.0, 0.0, 0.0, 1.0]], [[0.9476485252380371, 0.319305419921875, 0.0024936222471296787, -1.139404296875], [0.006138382013887167, -0.01040880847722292, -0.9999269843101501, 1.5885753631591797], [-0.31925615668296814, 0.9475947022438049, -0.011823911219835281, -0.10498046875], [0.0, 0.0, 0.0, 1.0]], [[0.0021153311245143414, 0.9999976754188538, -0.00045310755376704037, 0.001953125], [-0.01928836666047573, -0.0004122229292988777, -0.9998138546943665, 1.5770626068115234], [-0.9998117089271545, 0.002123677171766758, 0.01928745023906231, -0.1170654296875], [0.0, 0.0, 0.0, 1.0]], [[-0.9350070953369141, 0.35455572605133057, -0.007202076260000467, 0.9195556640625], [0.013311833143234253, 0.014796003699302673, -0.9998019337654114, 1.5544929504394531], [-0.35437893867492676, -0.9349177479743958, -0.01855415850877762, -0.143463134765625], [0.0, 0.0, 0.0, 1.0]]], "view": [[0.0, -2.0, 100.0], [-2.0, 0.0, 100.0], [0.0, 0.0, 1.0]], "bev": "bev_a475df2663484288942be40c8b53a3c3.png", "aux": "aux_a475df2663484288942be40c8b53a3c3.npz", "visibility": "visibility_a475df2663484288942be40c8b53a3c3.png", "pose": [[0.002669157925993204, 0.9999964237213135, 0.0, 775.8690185546875], [-0.9999964237213135, 0.002669157925993204, 0.0, 1558.831787109375], [0.0, 0.0, 1.0, 0.0], [0.0, 0.0, 0.0, 1.0]], "pose_inverse": [[0.002669157925993204, -0.9999964237213135, 0.0, 1556.75537109375], [0.9999964237213135, 0.002669157925993204, 0.0, -780.0270385742188], [0.0, 0.0, 1.0, 0.0], [0.0, 0.0, 0.0, 1.0]], "cam_ids": [0, 1, 2, 3, 4, 5], "cam_channels": ["CAM_FRONT_LEFT", "CAM_FRONT", "CAM_FRONT_RIGHT", "CAM_BACK_LEFT", "CAM_BACK", "CAM_BACK_RIGHT"], "token": "a475df2663484288942be40c8b53a3c3", "scene": "scene-0051"}, {"images": ["samples/CAM_FRONT_LEFT/n015-2018-07-24-11-13-19+0800__CAM_FRONT_LEFT__1532402307654844.jpg", "samples/CAM_FRONT/n015-2018-07-24-11-13-19+0800__CAM_FRONT__1532402307662460.jpg", "samples/CAM_FRONT_RIGHT/n015-2018-07-24-11-13-19+0800__CAM_FRONT_RIGHT__1532402307670339.jpg", "samples/CAM_BACK_LEFT/n015-2018-07-24-11-13-19+0800__CAM_BACK_LEFT__1532402307697423.jpg", "samples/CAM_BACK/n015-2018-07-24-11-13-19+0800__CAM_BACK__1532402307687525.jpg", "samples/CAM_BACK_RIGHT/n015-2018-07-24-11-13-19+0800__CAM_BACK_RIGHT__1532402307677893.jpg"], "intrinsics": [[[1272.5979470598488, 0.0, 826.6154927353808], [0.0, 1272.5979470598488, 479.75165386361925], [0.0, 0.0, 1.0]], [[1266.417203046554, 0.0, 816.2670197447984], [0.0, 1266.417203046554, 491.50706579294757], [0.0, 0.0, 1.0]], [[1260.8474446004698, 0.0, 807.968244525554], [0.0, 1260.8474446004698, 495.3344268742088], [0.0, 0.0, 1.0]], [[1256.7414812095406, 0.0, 792.1125740759628], [0.0, 1256.7414812095406, 492.7757465151356], [0.0, 0.0, 1.0]], [[809.2209905677063, 0.0, 829.2196003259838], [0.0, 809.2209905677063, 481.77842384512485], [0.0, 0.0, 1.0]], [[1259.5137405846733, 0.0, 807.2529053838625], [0.0, 1259.5137405846733, 501.19579884916527], [0.0, 0.0, 1.0]]], "extrinsics": [[[0.8201007843017578, -0.5721091032028198, -0.011224555782973766, -0.5552978515625], [-0.003533553797751665, 0.014552166685461998, -0.9998878836631775, 1.5064630508422852], [0.5722082853317261, 0.8200483918190002, 0.009912664070725441, -0.996429443359375], [0.0, 0.0, 0.0, 1.0]], [[0.004778316710144281, -0.9999319911003113, -0.01063462346792221, 0.00830078125], [-0.00878923200070858, 0.010592338629066944, -0.9999052882194519, 1.5169296264648438], [0.9999499320983887, 0.0048713344149291515, -0.008738021366298199, -1.2838134765625], [0.0, 0.0, 0.0, 1.0]], [[-0.8333295583724976, -0.5526270866394043, -0.012851034291088581, 0.77001953125], [-0.0031202209647744894, 0.027950359508395195, -0.9996044039726257, 1.5026321411132812], [0.5527675747871399, -0.8329598903656006, -0.02501617930829525, -1.0736083984375], [0.0, 0.0, 0.0, 1.0]], [[0.9477939009666443, 0.3188491463661194, 0.004681637976318598, -1.144775390625], [0.005538086872547865, -0.0017795444000512362, -0.9999830722808838, 1.5885391235351562], [-0.31883543729782104, 0.947803795337677, -0.0034524567890912294, -0.1021728515625], [0.0, 0.0, 0.0, 1.0]], [[0.00267637032084167, 0.9999646544456482, 0.007971429266035557, 0.002685546875], [-0.019854459911584854, 0.00802302360534668, -0.9997707009315491, 1.577117919921875], [-0.9997993111610413, 0.002517488319426775, 0.01987522840499878, -0.11083984375], [0.0, 0.0, 0.0, 1.0]], [[-0.9346277713775635, 0.35560816526412964, -0.003714323975145817, 0.924560546875], [0.01277332566678524, 0.023130161687731743, -0.9996508955955505, 1.5543187856674194], [-0.35539811849594116, -0.9343488812446594, -0.02616039104759693, -0.14337158203125], [0.0, 0.0, 0.0, 1.0]]], "view": [[0.0, -2.0, 100.0], [-2.0, 0.0, 100.0], [0.0, 0.0, 1.0]], "bev": "bev_080571d24642475e9b895fe72fa0ccfc.png", "aux": "aux_080571d24642475e9b895fe72fa0ccfc.npz", "visibility": "visibility_080571d24642475e9b895fe72fa0ccfc.png", "pose": [[0.004275551065802574, 0.9999908804893494, 0.0, 775.8446655273438], [-0.9999908804893494, 0.004275551065802574, 0.0, 1552.9630126953125], [0.0, 0.0, 1.0, 0.0], [0.0, 0.0, 0.0, 1.0]], "pose_inverse": [[0.004275551065802574, -0.9999908804893494, 0.0, 1549.6317138671875], [0.9999908804893494, 0.004275551065802574, 0.0, -782.4773559570312], [0.0, 0.0, 1.0, 0.0], [0.0, 0.0, 0.0, 1.0]], "cam_ids": [0, 1, 2, 3, 4, 5], "cam_channels": ["CAM_FRONT_LEFT", "CAM_FRONT", "CAM_FRONT_RIGHT", "CAM_BACK_LEFT", "CAM_BACK", "CAM_BACK_RIGHT"], "token": "080571d24642475e9b895fe72fa0ccfc", "scene": "scene-0051"}, {"images": ["samples/CAM_FRONT_LEFT/n015-2018-07-24-11-13-19+0800__CAM_FRONT_LEFT__1532402308154844.jpg", "samples/CAM_FRONT/n015-2018-07-24-11-13-19+0800__CAM_FRONT__1532402308162460.jpg", "samples/CAM_FRONT_RIGHT/n015-2018-07-24-11-13-19+0800__CAM_FRONT_RIGHT__1532402308170339.jpg", "samples/CAM_BACK_LEFT/n015-2018-07-24-11-13-19+0800__CAM_BACK_LEFT__1532402308197423.jpg", "samples/CAM_BACK/n015-2018-07-24-11-13-19+0800__CAM_BACK__1532402308187525.jpg", "samples/CAM_BACK_RIGHT/n015-2018-07-24-11-13-19+0800__CAM_BACK_RIGHT__1532402308177893.jpg"], "intrinsics": [[[1272.5979470598488, 0.0, 826.6154927353808], [0.0, 1272.5979470598488, 479.75165386361925], [0.0, 0.0, 1.0]], [[1266.417203046554, 0.0, 816.2670197447984], [0.0, 1266.417203046554, 491.50706579294757], [0.0, 0.0, 1.0]], [[1260.8474446004698, 0.0, 807.968244525554], [0.0, 1260.8474446004698, 495.3344268742088], [0.0, 0.0, 1.0]], [[1256.7414812095406, 0.0, 792.1125740759628], [0.0, 1256.7414812095406, 492.7757465151356], [0.0, 0.0, 1.0]], [[809.2209905677063, 0.0, 829.2196003259838], [0.0, 809.2209905677063, 481.77842384512485], [0.0, 0.0, 1.0]], [[1259.5137405846733, 0.0, 807.2529053838625], [0.0, 1259.5137405846733, 501.19579884916527], [0.0, 0.0, 1.0]]], "extrinsics": [[[0.8205115795135498, -0.5713691711425781, -0.017265332862734795, -0.5582275390625], [-0.004007202573120594, 0.024453675374388695, -0.9996929168701172, 1.5061454772949219], [0.5716158151626587, 0.8203287720680237, 0.017774932086467743, -1.0032501220703125], [0.0, 0.0, 0.0, 1.0]], [[0.005307589657604694, -0.9997713565826416, -0.02071337215602398, 0.01171875], [-0.009356217458844185, 0.02066311053931713, -0.9997427463531494, 1.5166664123535156], [0.9999421238899231, 0.005500022787600756, -0.009244406595826149, -1.2889404296875], [0.0, 0.0, 0.0, 1.0]], [[-0.8331523537635803, -0.552752673625946, -0.017935799434781075, 0.774658203125], [-0.0038057714700698853, 0.038160644471645355, -0.9992643594741821, 1.5023193359375], [0.5530304312705994, -0.8324712514877319, -0.0338972769677639, -1.0732421875], [0.0, 0.0, 0.0, 1.0]], [[0.9477895498275757, 0.3188222646713257, 0.00688452273607254, -1.14697265625], [0.00440953578799963, 0.008484026417136192, -0.9999542832374573, 1.5885345935821533], [-0.318866103887558, 0.9477765560150146, 0.006635213270783424, -0.1021728515625], [0.0, 0.0, 0.0, 1.0]], [[0.0025969618000090122, 0.9998306632041931, 0.01822398230433464, 0.00189208984375], [-0.0208588894456625, 0.01827424019575119, -0.9996154308319092, 1.5770301818847656], [-0.9997790455818176, 0.002215831307694316, 0.020902810618281364, -0.1087646484375], [0.0, 0.0, 0.0, 1.0]], [[-0.9347085356712341, 0.3554145395755768, 0.0006912948447279632, 0.9263916015625], [0.01194677222520113, 0.03336275741457939, -0.9993719458580017, 1.5540266036987305], [-0.3552144169807434, -0.9341132640838623, -0.035430509597063065, -0.1404266357421875], [0.0, 0.0, 0.0, 1.0]]], "view": [[0.0, -2.0, 100.0], [-2.0, 0.0, 100.0], [0.0, 0.0, 1.0]], "bev": "bev_14cfbc93523b417b977e6c1dcdbcb370.png", "aux": "aux_14cfbc93523b417b977e6c1dcdbcb370.npz", "visibility": "visibility_14cfbc93523b417b977e6c1dcdbcb370.png", "pose": [[0.005582758225500584, 0.9999844431877136, 0.0, 775.8201904296875], [-0.9999844431877136, 0.005582758225500584, 0.0, 1547.1942138671875], [0.0, 0.0, 1.0, 0.0], [0.0, 0.0, 0.0, 1.0]], "pose_inverse": [[0.005582758225500584, -0.9999844431877136, 0.0, 1542.8388671875], [0.9999844431877136, 0.005582758225500584, 0.0, -784.4457397460938], [0.0, 0.0, 1.0, 0.0], [0.0, 0.0, 0.0, 1.0]], "cam_ids": [0, 1, 2, 3, 4, 5], "cam_channels": ["CAM_FRONT_LEFT", "CAM_FRONT", "CAM_FRONT_RIGHT", "CAM_BACK_LEFT", "CAM_BACK", "CAM_BACK_RIGHT"], "token": "14cfbc93523b417b977e6c1dcdbcb370", "scene": "scene-0051"}, {"images": ["samples/CAM_FRONT_LEFT/n015-2018-07-24-11-13-19+0800__CAM_FRONT_LEFT__1532402308654844.jpg", "samples/CAM_FRONT/n015-2018-07-24-11-13-19+0800__CAM_FRONT__1532402308662460.jpg", "samples/CAM_FRONT_RIGHT/n015-2018-07-24-11-13-19+0800__CAM_FRONT_RIGHT__1532402308670339.jpg", "samples/CAM_BACK_LEFT/n015-2018-07-24-11-13-19+0800__CAM_BACK_LEFT__1532402308697423.jpg", "samples/CAM_BACK/n015-2018-07-24-11-13-19+0800__CAM_BACK__1532402308687525.jpg", "samples/CAM_BACK_RIGHT/n015-2018-07-24-11-13-19+0800__CAM_BACK_RIGHT__1532402308677893.jpg"], "intrinsics": [[[1272.5979470598488, 0.0, 826.6154927353808], [0.0, 1272.5979470598488, 479.75165386361925], [0.0, 0.0, 1.0]], [[1266.417203046554, 0.0, 816.2670197447984], [0.0, 1266.417203046554, 491.50706579294757], [0.0, 0.0, 1.0]], [[1260.8474446004698, 0.0, 807.968244525554], [0.0, 1260.8474446004698, 495.3344268742088], [0.0, 0.0, 1.0]], [[1256.7414812095406, 0.0, 792.1125740759628], [0.0, 1256.7414812095406, 492.7757465151356], [0.0, 0.0, 1.0]], [[809.2209905677063, 0.0, 829.2196003259838], [0.0, 809.2209905677063, 481.77842384512485], [0.0, 0.0, 1.0]], [[1259.5137405846733, 0.0, 807.2529053838625], [0.0, 1259.5137405846733, 501.19579884916527], [0.0, 0.0, 1.0]]], "extrinsics": [[[0.8199938535690308, -0.5720614790916443, -0.018860073760151863, -0.5643310546875], [-0.004769114311784506, 0.026120930910110474, -0.9996474385261536, 1.5058135986328125], [0.5723524689674377, 0.8197946548461914, 0.01869077980518341, -1.0060882568359375], [0.0, 0.0, 0.0, 1.0]], [[0.0045206728391349316, -0.9997384548187256, -0.022420749068260193, 0.01043701171875], [-0.009955298155546188, 0.022374875843524933, -0.9997000694274902, 1.5164775848388672], [0.9999402165412903, 0.004742522723972797, -0.009851544164121151, -1.2930908203125], [0.0, 0.0, 0.0, 1.0]], [[-0.8335264325141907, -0.5521683692932129, -0.018540577962994576, 0.7752685546875], [-0.004200170282274485, 0.039891116321086884, -0.9991951584815979, 1.5022354125976562], [0.5524636507034302, -0.832777738571167, -0.03556949645280838, -1.0750732421875], [0.0, 0.0, 0.0, 1.0]], [[0.947799026966095, 0.31877249479293823, 0.007811590097844601, -1.1424560546875], [0.004785420838743448, 0.010275262407958508, -0.9999357461929321, 1.5885528326034546], [-0.31883230805397034, 0.9477755427360535, 0.008213422261178493, -0.1038818359375], [0.0, 0.0, 0.0, 1.0]], [[0.0028461324982345104, 0.9997963905334473, 0.01997833512723446, 0.00213623046875], [-0.020760508254170418, 0.020033186301589012, -0.9995837211608887, 1.5769844055175781], [-0.9997804164886475, 0.002430186839774251, 0.02081329934298992, -0.111328125], [0.0, 0.0, 0.0, 1.0]], [[-0.9345369338989258, 0.35586291551589966, 0.0014907761942595243, 0.9263916015625], [0.01176757924258709, 0.03508932515978813, -0.9993149042129517, 1.5540151596069336], [-0.3556714355945587, -0.9338792562484741, -0.03697992116212845, -0.1414642333984375], [0.0, 0.0, 0.0, 1.0]]], "view": [[0.0, -2.0, 100.0], [-2.0, 0.0, 100.0], [0.0, 0.0, 1.0]], "bev": "bev_f42873863b7e4695ae84f609377755f2.png", "aux": "aux_f42873863b7e4695ae84f609377755f2.npz", "visibility": "visibility_f42873863b7e4695ae84f609377755f2.png", "pose": [[0.014669130556285381, 0.9998924136161804, 0.0, 775.8069458007812], [-0.9998924136161804, 0.014669130556285381, 0.0, 1541.463134765625], [0.0, 0.0, 1.0, 0.0], [0.0, 0.0, 0.0, 1.0]], "pose_inverse": [[0.014669130556285381, -0.9998924136161804, 0.0, 1529.9168701171875], [0.9998924136161804, 0.014669130556285381, 0.0, -798.3353881835938], [0.0, 0.0, 1.0, 0.0], [0.0, 0.0, 0.0, 1.0]], "cam_ids": [0, 1, 2, 3, 4, 5], "cam_channels": ["CAM_FRONT_LEFT", "CAM_FRONT", "CAM_FRONT_RIGHT", "CAM_BACK_LEFT", "CAM_BACK", "CAM_BACK_RIGHT"], "token": "f42873863b7e4695ae84f609377755f2", "scene": "scene-0051"}, {"images": ["samples/CAM_FRONT_LEFT/n015-2018-07-24-11-13-19+0800__CAM_FRONT_LEFT__1532402309154844.jpg", "samples/CAM_FRONT/n015-2018-07-24-11-13-19+0800__CAM_FRONT__1532402309162460.jpg", "samples/CAM_FRONT_RIGHT/n015-2018-07-24-11-13-19+0800__CAM_FRONT_RIGHT__1532402309170339.jpg", "samples/CAM_BACK_LEFT/n015-2018-07-24-11-13-19+0800__CAM_BACK_LEFT__1532402309197423.jpg", "samples/CAM_BACK/n015-2018-07-24-11-13-19+0800__CAM_BACK__1532402309187525.jpg", "samples/CAM_BACK_RIGHT/n015-2018-07-24-11-13-19+0800__CAM_BACK_RIGHT__1532402309177893.jpg"], "intrinsics": [[[1272.5979470598488, 0.0, 826.6154927353808], [0.0, 1272.5979470598488, 479.75165386361925], [0.0, 0.0, 1.0]], [[1266.417203046554, 0.0, 816.2670197447984], [0.0, 1266.417203046554, 491.50706579294757], [0.0, 0.0, 1.0]], [[1260.8474446004698, 0.0, 807.968244525554], [0.0, 1260.8474446004698, 495.3344268742088], [0.0, 0.0, 1.0]], [[1256.7414812095406, 0.0, 792.1125740759628], [0.0, 1256.7414812095406, 492.7757465151356], [0.0, 0.0, 1.0]], [[809.2209905677063, 0.0, 829.2196003259838], [0.0, 809.2209905677063, 481.77842384512485], [0.0, 0.0, 1.0]], [[1259.5137405846733, 0.0, 807.2529053838625], [0.0, 1259.5137405846733, 501.19579884916527], [0.0, 0.0, 1.0]]], "extrinsics": [[[0.8196531534194946, -0.572430431842804, -0.022180398926138878, -0.5616455078125], [-0.004389485344290733, 0.03244176506996155, -0.9994639754295349, 1.5059661865234375], [0.5728432536125183, 0.8193112015724182, 0.02407832071185112, -1.0034332275390625], [0.0, 0.0, 0.0, 1.0]], [[0.004073525778949261, -0.9995798468589783, -0.028698304668068886, 0.009765625], [-0.009648023173213005, 0.02865792252123356, -0.999542772769928, 1.5165748596191406], [0.9999451637268066, 0.004348544869571924, -0.009527229703962803, -1.291015625], [0.0, 0.0, 0.0, 1.0]], [[-0.8336849212646484, -0.5517972111701965, -0.02212030440568924, 0.77447509765625], [-0.003955370280891657, 0.04602094367146492, -0.9989326000213623, 1.5023269653320312], [0.552226185798645, -0.8327075839042664, -0.04054953157901764, -1.0755615234375], [0.0, 0.0, 0.0, 1.0]], [[0.947799801826477, 0.318714439868927, 0.009838243946433067, -1.1436767578125], [0.0050330134108662605, 0.015896953642368317, -0.999860942363739, 1.588545322418213], [-0.31882649660110474, 0.947717547416687, 0.013463033363223076, -0.103271484375], [0.0, 0.0, 0.0, 1.0]], [[0.002961851889267564, 0.9996656179428101, 0.025689994916319847, 0.00250244140625], [-0.020525634288787842, 0.025745468214154243, -0.999457836151123, 1.5770339965820312], [-0.9997849464416504, 0.0024329423904418945, 0.020595023408532143, -0.110595703125], [0.0, 0.0, 0.0, 1.0]], [[-0.9344611763954163, 0.35604873299598694, 0.003401118563488126, 0.9267578125], [0.011994128115475178, 0.041022635996341705, -0.9990862011909485, 1.5540752410888672], [-0.35586288571357727, -0.9335665106773376, -0.04260455444455147, -0.14190673828125], [0.0, 0.0, 0.0, 1.0]]], "view": [[0.0, -2.0, 100.0], [-2.0, 0.0, 100.0], [0.0, 0.0, 1.0]], "bev": "bev_4d83b92996f04642913271e309322901.png", "aux": "aux_4d83b92996f04642913271e309322901.npz", "visibility": "visibility_4d83b92996f04642913271e309322901.png", "pose": [[0.03252457082271576, 0.9994709491729736, 0.0, 775.8847045898438], [-0.9994709491729736, 0.03252457082271576, 0.0, 1535.7530517578125], [0.0, 0.0, 1.0, 0.0], [0.0, 0.0, 0.0, 1.0]], "pose_inverse": [[0.03252457082271576, -0.9994709491729736, 0.0, 1509.7052001953125], [0.9994709491729736, 0.03252457082271576, 0.0, -825.4239501953125], [0.0, 0.0, 1.0, 0.0], [0.0, 0.0, 0.0, 1.0]], "cam_ids": [0, 1, 2, 3, 4, 5], "cam_channels": ["CAM_FRONT_LEFT", "CAM_FRONT", "CAM_FRONT_RIGHT", "CAM_BACK_LEFT", "CAM_BACK", "CAM_BACK_RIGHT"], "token": "4d83b92996f04642913271e309322901", "scene": "scene-0051"}, {"images": ["samples/CAM_FRONT_LEFT/n015-2018-07-24-11-13-19+0800__CAM_FRONT_LEFT__1532402309654852.jpg", "samples/CAM_FRONT/n015-2018-07-24-11-13-19+0800__CAM_FRONT__1532402309662460.jpg", "samples/CAM_FRONT_RIGHT/n015-2018-07-24-11-13-19+0800__CAM_FRONT_RIGHT__1532402309670339.jpg", "samples/CAM_BACK_LEFT/n015-2018-07-24-11-13-19+0800__CAM_BACK_LEFT__1532402309697423.jpg", "samples/CAM_BACK/n015-2018-07-24-11-13-19+0800__CAM_BACK__1532402309687525.jpg", "samples/CAM_BACK_RIGHT/n015-2018-07-24-11-13-19+0800__CAM_BACK_RIGHT__1532402309677893.jpg"], "intrinsics": [[[1272.5979470598488, 0.0, 826.6154927353808], [0.0, 1272.5979470598488, 479.75165386361925], [0.0, 0.0, 1.0]], [[1266.417203046554, 0.0, 816.2670197447984], [0.0, 1266.417203046554, 491.50706579294757], [0.0, 0.0, 1.0]], [[1260.8474446004698, 0.0, 807.968244525554], [0.0, 1260.8474446004698, 495.3344268742088], [0.0, 0.0, 1.0]], [[1256.7414812095406, 0.0, 792.1125740759628], [0.0, 1256.7414812095406, 492.7757465151356], [0.0, 0.0, 1.0]], [[809.2209905677063, 0.0, 829.2196003259838], [0.0, 809.2209905677063, 481.77842384512485], [0.0, 0.0, 1.0]], [[1259.5137405846733, 0.0, 807.2529053838625], [0.0, 1259.5137405846733, 501.19579884916527], [0.0, 0.0, 1.0]]], "extrinsics": [[[0.8199499845504761, -0.5717685222625732, -0.027621818706393242, -0.5701904296875], [-0.006762662436813116, 0.038574326783418655, -0.9992328882217407, 1.5047531127929688], [0.5723953247070312, 0.8195076584815979, 0.027762338519096375, -1.0128326416015625], [0.0, 0.0, 0.0, 1.0]], [[0.004631924442946911, -0.9993873238563538, -0.03469162434339523, 0.01275634765625], [-0.012210644781589508, 0.034632883965969086, -0.9993255138397217, 1.5155487060546875], [0.9999147653579712, 0.005052403546869755, -0.012042746879160404, -1.30078125], [0.0, 0.0, 0.0, 1.0]], [[-0.833384096622467, -0.5522125363349915, -0.023068850859999657, 0.78228759765625], [-0.006751272361725569, 0.051906876266002655, -0.998629093170166, 1.5013389587402344], [0.5526529550552368, -0.8320859670639038, -0.046986501663923264, -1.0771484375], [0.0, 0.0, 0.0, 1.0]], [[0.9478422999382019, 0.3186365067958832, 0.008107093162834644, -1.1446533203125], [0.0012536102440208197, 0.021707970649003983, -0.9997636079788208, 1.5885496139526367], [-0.3187371492385864, 0.9476283192634583, 0.02017628774046898, -0.1031494140625], [0.0, 0.0, 0.0, 1.0]], [[0.0028426528442651033, 0.9994964003562927, 0.031607240438461304, 0.00128173828125], [-0.02392631210386753, 0.03166630119085312, -0.9992121458053589, 1.5766868591308594], [-0.9997097253799438, 0.0020841644145548344, 0.02400427684187889, -0.1070556640625], [0.0, 0.0, 0.0, 1.0]], [[-0.9346133470535278, 0.3555670976638794, 0.008362757042050362, 0.93115234375], [0.008919550105929375, 0.046937793493270874, -0.9988579750061035, 1.5532207489013672], [-0.35555362701416016, -0.9334714412689209, -0.0470401868224144, -0.137603759765625], [0.0, 0.0, 0.0, 1.0]]], "view": [[0.0, -2.0, 100.0], [-2.0, 0.0, 100.0], [0.0, 0.0, 1.0]], "bev": "bev_5b86952691d44018b4c1d7b41303779b.png", "aux": "aux_5b86952691d44018b4c1d7b41303779b.npz", "visibility": "visibility_5b86952691d44018b4c1d7b41303779b.png", "pose": [[0.05328812077641487, 0.998579204082489, 0.0, 776.07861328125], [-0.998579204082489, 0.05328812077641487, 0.0, 1530.10986328125], [0.0, 0.0, 1.0, 0.0], [0.0, 0.0, 0.0, 1.0]], "pose_inverse": [[0.05328812077641487, -0.998579204082489, 0.0, 1486.580078125], [0.998579204082489, 0.05328812077641487, 0.0, -856.5126342773438], [0.0, 0.0, 1.0, 0.0], [0.0, 0.0, 0.0, 1.0]], "cam_ids": [0, 1, 2, 3, 4, 5], "cam_channels": ["CAM_FRONT_LEFT", "CAM_FRONT", "CAM_FRONT_RIGHT", "CAM_BACK_LEFT", "CAM_BACK", "CAM_BACK_RIGHT"], "token": "5b86952691d44018b4c1d7b41303779b", "scene": "scene-0051"}, {"images": ["samples/CAM_FRONT_LEFT/n015-2018-07-24-11-13-19+0800__CAM_FRONT_LEFT__1532402310154844.jpg", "samples/CAM_FRONT/n015-2018-07-24-11-13-19+0800__CAM_FRONT__1532402310162460.jpg", "samples/CAM_FRONT_RIGHT/n015-2018-07-24-11-13-19+0800__CAM_FRONT_RIGHT__1532402310170339.jpg", "samples/CAM_BACK_LEFT/n015-2018-07-24-11-13-19+0800__CAM_BACK_LEFT__1532402310197423.jpg", "samples/CAM_BACK/n015-2018-07-24-11-13-19+0800__CAM_BACK__1532402310187525.jpg", "samples/CAM_BACK_RIGHT/n015-2018-07-24-11-13-19+0800__CAM_BACK_RIGHT__1532402310177893.jpg"], "intrinsics": [[[1272.5979470598488, 0.0, 826.6154927353808], [0.0, 1272.5979470598488, 479.75165386361925], [0.0, 0.0, 1.0]], [[1266.417203046554, 0.0, 816.2670197447984], [0.0, 1266.417203046554, 491.50706579294757], [0.0, 0.0, 1.0]], [[1260.8474446004698, 0.0, 807.968244525554], [0.0, 1260.8474446004698, 495.3344268742088], [0.0, 0.0, 1.0]], [[1256.7414812095406, 0.0, 792.1125740759628], [0.0, 1256.7414812095406, 492.7757465151356], [0.0, 0.0, 1.0]], [[809.2209905677063, 0.0, 829.2196003259838], [0.0, 809.2209905677063, 481.77842384512485], [0.0, 0.0, 1.0]], [[1259.5137405846733, 0.0, 807.2529053838625], [0.0, 1259.5137405846733, 501.19579884916527], [0.0, 0.0, 1.0]]], "extrinsics": [[[0.8194192051887512, -0.572570264339447, -0.026746122166514397, -0.58203125], [-0.008806631900370121, 0.03408004343509674, -0.9993802905082703, 1.5039939880371094], [0.573127031326294, 0.819146990776062, 0.022883428260684013, -1.0182723999023438], [0.0, 0.0, 0.0, 1.0]], [[0.0037329974584281445, -0.9995438456535339, -0.029967650771141052, 0.01025390625], [-0.014016272500157356, 0.029912615194916725, -0.9994542598724365, 1.5150718688964844], [0.9998947381973267, 0.004151009954512119, -0.013898217119276524, -1.310546875], [0.0, 0.0, 0.0, 1.0]], [[-0.8338865637779236, -0.5516064167022705, -0.019063560292124748, 0.786376953125], [-0.0082327201962471, 0.04696650430560112, -0.9988625049591064, 1.5010719299316406], [0.5518743991851807, -0.8327810764312744, -0.043705958873033524, -1.0826416015625], [0.0, 0.0, 0.0, 1.0]], [[0.9478456974029541, 0.31867286562919617, 0.006006769370287657, -1.140380859375], [0.0010086754336953163, 0.015846792608499527, -0.9998739361763, 1.588557243347168], [-0.31872785091400146, 0.9477322101593018, 0.0146988769993186, -0.1043701171875], [0.0, 0.0, 0.0, 1.0]], [[0.003163136774674058, 0.9996541738510132, 0.026104537770152092, 0.00213623046875], [-0.02465050481259823, 0.02617468126118183, -0.9993534088134766, 1.5766258239746094], [-0.9996911883354187, 0.002517612650990486, 0.024724775925278664, -0.1075439453125], [0.0, 0.0, 0.0, 1.0]], [[-0.934382438659668, 0.3561907708644867, 0.007589047309011221, 0.9351806640625], [0.007797188125550747, 0.04174099117517471, -0.9990980625152588, 1.5530414581298828], [-0.3561863303184509, -0.9334805011749268, -0.04177933931350708, -0.13824462890625], [0.0, 0.0, 0.0, 1.0]]], "view": [[0.0, -2.0, 100.0], [-2.0, 0.0, 100.0], [0.0, 0.0, 1.0]], "bev": "bev_e58a0347983a474aac3285643634499d.png", "aux": "aux_e58a0347983a474aac3285643634499d.npz", "visibility": "visibility_e58a0347983a474aac3285643634499d.png", "pose": [[0.07507386058568954, 0.9971779584884644, 0.0, 776.3721313476562], [-0.9971779584884644, 0.07507386058568954, 0.0, 1524.566162109375], [0.0, 0.0, 1.0, 0.0], [0.0, 0.0, 0.0, 1.0]], "pose_inverse": [[0.07507386058568954, -0.9971779584884644, 0.0, 1461.978515625], [0.9971779584884644, 0.07507386058568954, 0.0, -888.6362915039062], [0.0, 0.0, 1.0, 0.0], [0.0, 0.0, 0.0, 1.0]], "cam_ids": [0, 1, 2, 3, 4, 5], "cam_channels": ["CAM_FRONT_LEFT", "CAM_FRONT", "CAM_FRONT_RIGHT", "CAM_BACK_LEFT", "CAM_BACK", "CAM_BACK_RIGHT"], "token": "e58a0347983a474aac3285643634499d", "scene": "scene-0051"}, {"images": ["samples/CAM_FRONT_LEFT/n015-2018-07-24-11-13-19+0800__CAM_FRONT_LEFT__1532402310654844.jpg", "samples/CAM_FRONT/n015-2018-07-24-11-13-19+0800__CAM_FRONT__1532402310662460.jpg", "samples/CAM_FRONT_RIGHT/n015-2018-07-24-11-13-19+0800__CAM_FRONT_RIGHT__1532402310670339.jpg", "samples/CAM_BACK_LEFT/n015-2018-07-24-11-13-19+0800__CAM_BACK_LEFT__1532402310697423.jpg", "samples/CAM_BACK/n015-2018-07-24-11-13-19+0800__CAM_BACK__1532402310687525.jpg", "samples/CAM_BACK_RIGHT/n015-2018-07-24-11-13-19+0800__CAM_BACK_RIGHT__1532402310677893.jpg"], "intrinsics": [[[1272.5979470598488, 0.0, 826.6154927353808], [0.0, 1272.5979470598488, 479.75165386361925], [0.0, 0.0, 1.0]], [[1266.417203046554, 0.0, 816.2670197447984], [0.0, 1266.417203046554, 491.50706579294757], [0.0, 0.0, 1.0]], [[1260.8474446004698, 0.0, 807.968244525554], [0.0, 1260.8474446004698, 495.3344268742088], [0.0, 0.0, 1.0]], [[1256.7414812095406, 0.0, 792.1125740759628], [0.0, 1256.7414812095406, 492.7757465151356], [0.0, 0.0, 1.0]], [[809.2209905677063, 0.0, 829.2196003259838], [0.0, 809.2209905677063, 481.77842384512485], [0.0, 0.0, 1.0]], [[1259.5137405846733, 0.0, 807.2529053838625], [0.0, 1259.5137405846733, 501.19579884916527], [0.0, 0.0, 1.0]]], "extrinsics": [[[0.8200200796127319, -0.5719883441925049, -0.019907962530851364, -0.58251953125], [-0.006359567865729332, 0.02567538432776928, -0.9996501207351685, 1.5052108764648438], [0.5722993612289429, 0.8198596835136414, 0.017416732385754585, -1.0176010131835938], [0.0, 0.0, 0.0, 1.0]], [[0.004623857326805592, -0.9997599720954895, -0.021412551403045654, 0.00958251953125], [-0.011585182510316372, 0.021357787773013115, -0.9997047781944275, 1.5160598754882812], [0.9999220967292786, 0.004870568867772818, -0.011483647860586643, -1.311279296875], [0.0, 0.0, 0.0, 1.0]], [[-0.83345627784729, -0.5523446202278137, -0.01631126180291176, 0.7874755859375], [-0.005853254348039627, 0.03834094852209091, -0.9992475509643555, 1.5018310546875], [0.5525543689727783, -0.8327336311340332, -0.03518851846456528, -1.083740234375], [0.0, 0.0, 0.0, 1.0]], [[0.9478816390037537, 0.31857937574386597, 0.005247313063591719, -1.140380859375], [0.0031150009017437696, 0.007202283479273319, -0.9999691843986511, 1.5885640382766724], [-0.318607360124588, 0.947868824005127, 0.00583453755825758, -0.104248046875], [0.0, 0.0, 0.0, 1.0]], [[0.002810351550579071, 0.9998432993888855, 0.01747925765812397, 0.0023193359375], [-0.022402357310056686, 0.017537888139486313, -0.9995951652526855, 1.5769271850585938], [-0.9997450113296509, 0.0024176437873393297, 0.022448133677244186, -0.1063232421875], [0.0, 0.0, 0.0, 1.0]], [[-0.9345811009407043, 0.3557424545288086, 0.002332322997972369, 0.936767578125], [0.010116021148860455, 0.03312835842370987, -0.9993999004364014, 1.5535526275634766], [-0.3556062579154968, -0.9339966773986816, -0.034559838473796844, -0.137908935546875], [0.0, 0.0, 0.0, 1.0]]], "view": [[0.0, -2.0, 100.0], [-2.0, 0.0, 100.0], [0.0, 0.0, 1.0]], "bev": "bev_7b532fc1fcab4fa6a83fdf28142ab59b.png", "aux": "aux_7b532fc1fcab4fa6a83fdf28142ab59b.npz", "visibility": "visibility_7b532fc1fcab4fa6a83fdf28142ab59b.png", "pose": [[0.09303517639636993, 0.9956628084182739, 0.0, 776.781982421875], [-0.9956628084182739, 0.09303517639636993, 0.0, 1519.187744140625], [0.0, 0.0, 1.0, 0.0], [0.0, 0.0, 0.0, 1.0]], "pose_inverse": [[0.09303517639636993, -0.9956628084182739, 0.0, 1440.3306884765625], [0.9956628084182739, 0.09303517639636993, 0.0, -914.7508544921875], [0.0, 0.0, 1.0, 0.0], [0.0, 0.0, 0.0, 1.0]], "cam_ids": [0, 1, 2, 3, 4, 5], "cam_channels": ["CAM_FRONT_LEFT", "CAM_FRONT", "CAM_FRONT_RIGHT", "CAM_BACK_LEFT", "CAM_BACK", "CAM_BACK_RIGHT"], "token": "7b532fc1fcab4fa6a83fdf28142ab59b", "scene": "scene-0051"}, {"images": ["samples/CAM_FRONT_LEFT/n015-2018-07-24-11-13-19+0800__CAM_FRONT_LEFT__1532402311154844.jpg", "samples/CAM_FRONT/n015-2018-07-24-11-13-19+0800__CAM_FRONT__1532402311162460.jpg", "samples/CAM_FRONT_RIGHT/n015-2018-07-24-11-13-19+0800__CAM_FRONT_RIGHT__1532402311172590.jpg", "samples/CAM_BACK_LEFT/n015-2018-07-24-11-13-19+0800__CAM_BACK_LEFT__1532402311197423.jpg", "samples/CAM_BACK/n015-2018-07-24-11-13-19+0800__CAM_BACK__1532402311187525.jpg", "samples/CAM_BACK_RIGHT/n015-2018-07-24-11-13-19+0800__CAM_BACK_RIGHT__1532402311177893.jpg"], "intrinsics": [[[1272.5979470598488, 0.0, 826.6154927353808], [0.0, 1272.5979470598488, 479.75165386361925], [0.0, 0.0, 1.0]], [[1266.417203046554, 0.0, 816.2670197447984], [0.0, 1266.417203046554, 491.50706579294757], [0.0, 0.0, 1.0]], [[1260.8474446004698, 0.0, 807.968244525554], [0.0, 1260.8474446004698, 495.3344268742088], [0.0, 0.0, 1.0]], [[1256.7414812095406, 0.0, 792.1125740759628], [0.0, 1256.7414812095406, 492.7757465151356], [0.0, 0.0, 1.0]], [[809.2209905677063, 0.0, 829.2196003259838], [0.0, 809.2209905677063, 481.77842384512485], [0.0, 0.0, 1.0]], [[1259.5137405846733, 0.0, 807.2529053838625], [0.0, 1259.5137405846733, 501.19579884916527], [0.0, 0.0, 1.0]]], "extrinsics": [[[0.8209237456321716, -0.5709121823310852, -0.011985926888883114, -0.593017578125], [-0.009601498953998089, 0.007186688017100096, -0.9999280571937561, 1.5038909912109375], [0.5709572434425354, 0.8209797143936157, 0.0004181097901891917, -1.0268287658691406], [0.0, 0.0, 0.0, 1.0]], [[0.006165668368339539, -0.999976634979248, -0.002961959457024932, 0.0113525390625], [-0.01489755418151617, 0.002869832329452038, -0.9998849034309387, 1.515024185180664], [0.9998700022697449, 0.006209095939993858, -0.01487951073795557, -1.3232421875], [0.0, 0.0, 0.0, 1.0]], [[-0.832679271697998, -0.5537462830543518, -0.003215543460100889, 0.81640625], [-0.009262687526643276, 0.01973399892449379, -0.9997623562812805, 1.50115966796875], [0.5536780953407288, -0.832451581954956, -0.021561268717050552, -1.10107421875], [0.0, 0.0, 0.0, 1.0]], [[0.9477506875991821, 0.31898486614227295, -0.004169270396232605, -1.1375732421875], [-0.0004890789859928191, -0.011616428382694721, -0.9999324083328247, 1.588557243347168], [-0.31901174783706665, 0.947688639163971, -0.01085346844047308, -0.1055908203125], [0.0, 0.0, 0.0, 1.0]], [[0.0021746873389929533, 0.9999969601631165, -0.0012112961849197745, 0.00152587890625], [-0.025951612