[{"images": ["samples/CAM_FRONT_LEFT/n008-2018-08-28-16-16-48-0400__CAM_FRONT_LEFT__1535487885154799.jpg", "samples/CAM_FRONT/n008-2018-08-28-16-16-48-0400__CAM_FRONT__1535487885162404.jpg", "samples/CAM_FRONT_RIGHT/n008-2018-08-28-16-16-48-0400__CAM_FRONT_RIGHT__1535487885170482.jpg", "samples/CAM_BACK_LEFT/n008-2018-08-28-16-16-48-0400__CAM_BACK_LEFT__1535487885197405.jpg", "samples/CAM_BACK/n008-2018-08-28-16-16-48-0400__CAM_BACK__1535487885187558.jpg", "samples/CAM_BACK_RIGHT/n008-2018-08-28-16-16-48-0400__CAM_BACK_RIGHT__1535487885178113.jpg"], "intrinsics": [[[1257.8625342125129, 0.0, 827.2410631095686], [0.0, 1257.8625342125129, 450.915498205774], [0.0, 0.0, 1.0]], [[1252.8131021185304, 0.0, 826.588114781398], [0.0, 1252.8131021185304, 469.9846626224581], [0.0, 0.0, 1.0]], [[1256.7485116440405, 0.0, 817.7887570959712], [0.0, 1256.7485116440403, 451.9541780095127], [0.0, 0.0, 1.0]], [[1254.9860565800168, 0.0, 829.5769333630991], [0.0, 1254.9860565800168, 467.1680561863987], [0.0, 0.0, 1.0]], [[796.8910634503094, 0.0, 857.7774326863696], [0.0, 796.8910634503094, 476.8848988407415], [0.0, 0.0, 1.0]], [[1249.9629280788233, 0.0, 825.3768045375984], [0.0, 1249.9629280788233, 462.54816385708756], [0.0, 0.0, 1.0]]], "extrinsics": [[[0.8225067853927612, -0.5687236785888672, -0.005997516680508852, -1.0050048828125], [0.025148972868919373, 0.046901896595954895, -0.9985828995704651, 1.4882965087890625], [0.568199098110199, 0.821190357208252, 0.052879948168992996, -1.33349609375], [0.0, 0.0, 0.0, 1.0]], [[0.010537693277001381, -0.9990402460098267, -0.04251401498913765, 0.00537109375], [0.02709960751235485, 0.04278608039021492, -0.9987166523933411, 1.48016357421875], [0.9995771050453186, 0.009372076950967312, 0.027524469420313835, -1.734649658203125], [0.0, 0.0, 0.0, 1.0]], [[-0.8435101509094238, -0.5349723696708679, -0.04790755733847618, 1.090576171875], [0.03510627895593643, 0.034090831875801086, -0.9988019466400146, 1.493072509765625], [0.5359646677970886, -0.8441814184188843, -0.009975072927772999, -1.277587890625], [0.0, 0.0, 0.0, 1.0]], [[0.9477432370185852, 0.31805869936943054, 0.02492867037653923, -1.14385986328125], [0.009741622023284435, 0.04925088584423065, -0.9987389445304871, 1.5620346069335938], [-0.3188853859901428, 0.946790874004364, 0.04357878491282463, -0.1561279296875], [0.0, 0.0, 0.0, 1.0]], [[0.008953124284744263, 0.9990838766098022, 0.041848212480545044, -0.02880859375], [0.011859786696732044, 0.04174085333943367, -0.9990580677986145, 1.5680618286132812], [-0.999889612197876, 0.009440970607101917, -0.011475209146738052, 0.04437255859375], [0.0, 0.0, 0.0, 1.0]], [[-0.9235581159591675, 0.383384644985199, -0.00751164834946394, 1.1607666015625], [0.016036927700042725, 0.019045403227210045, -0.9996899962425232, 1.5478134155273438], [-0.3831227421760559, -0.9233924150466919, -0.02373785339295864, -0.0435791015625], [0.0, 0.0, 0.0, 1.0]]], "view": [[0.0, -2.0, 100.0], [-2.0, 0.0, 100.0], [0.0, 0.0, 1.0]], "bev": "bev_8453710e2b144166b6e993dbc7951785.png", "aux": "aux_8453710e2b144166b6e993dbc7951785.npz", "visibility": "visibility_8453710e2b144166b6e993dbc7951785.png", "pose": [[-0.817009687423706, -0.5766239166259766, 0.0, 1185.1007080078125], [0.5766239166259766, -0.817009687423706, 0.0, 1134.924072265625], [0.0, 0.0, 1.0, 0.0], [0.0, 0.0, 0.0, 1.0]], "pose_inverse": [[-0.817009687423706, 0.5766239166259766, 0.0, 313.8144226074219], [-0.5766239166259766, -0.817009687423706, 0.0, 1610.6014404296875], [0.0, 0.0, 1.0, 0.0], [0.0, 0.0, 0.0, 1.0]], "cam_ids": [0, 1, 2, 3, 4, 5], "cam_channels": ["CAM_FRONT_LEFT", "CAM_FRONT", "CAM_FRONT_RIGHT", "CAM_BACK_LEFT", "CAM_BACK", "CAM_BACK_RIGHT"], "token": "8453710e2b144166b6e993dbc7951785", "scene": "scene-0321"}, {"images": ["samples/CAM_FRONT_LEFT/n008-2018-08-28-16-16-48-0400__CAM_FRONT_LEFT__1535487885654799.jpg", "samples/CAM_FRONT/n008-2018-08-28-16-16-48-0400__CAM_FRONT__1535487885662404.jpg", "samples/CAM_FRONT_RIGHT/n008-2018-08-28-16-16-48-0400__CAM_FRONT_RIGHT__1535487885670482.jpg", "samples/CAM_BACK_LEFT/n008-2018-08-28-16-16-48-0400__CAM_BACK_LEFT__1535487885697405.jpg", "samples/CAM_BACK/n008-2018-08-28-16-16-48-0400__CAM_BACK__1535487885687567.jpg", "samples/CAM_BACK_RIGHT/n008-2018-08-28-16-16-48-0400__CAM_BACK_RIGHT__1535487885678113.jpg"], "intrinsics": [[[1257.8625342125129, 0.0, 827.2410631095686], [0.0, 1257.8625342125129, 450.915498205774], [0.0, 0.0, 1.0]], [[1252.8131021185304, 0.0, 826.588114781398], [0.0, 1252.8131021185304, 469.9846626224581], [0.0, 0.0, 1.0]], [[1256.7485116440405, 0.0, 817.7887570959712], [0.0, 1256.7485116440403, 451.9541780095127], [0.0, 0.0, 1.0]], [[1254.9860565800168, 0.0, 829.5769333630991], [0.0, 1254.9860565800168, 467.1680561863987], [0.0, 0.0, 1.0]], [[796.8910634503094, 0.0, 857.7774326863696], [0.0, 796.8910634503094, 476.8848988407415], [0.0, 0.0, 1.0]], [[1249.9629280788233, 0.0, 825.3768045375984], [0.0, 1249.9629280788233, 462.54816385708756], [0.0, 0.0, 1.0]]], "extrinsics": [[[0.8224955797195435, -0.5687388181686401, -0.006103017833083868, -1.00506591796875], [0.02503218501806259, 0.04691651463508606, -0.9985851049423218, 1.4882965087890625], [0.5682204961776733, 0.8211790919303894, 0.05282539874315262, -1.3333740234375], [0.0, 0.0, 0.0, 1.0]], [[0.010516968555748463, -0.9990395307540894, -0.0425386019051075, 0.0054931640625], [0.026985041797161102, 0.04280902072787285, -0.998718798160553, 1.48016357421875], [0.999580442905426, 0.009355570189654827, 0.02740934118628502, -1.734619140625], [0.0, 0.0, 0.0, 1.0]], [[-0.8435212969779968, -0.5349609851837158, -0.0478396899998188, 1.0906982421875], [0.03501037135720253, 0.03411557897925377, -0.99880450963974, 1.493072509765625], [0.5359535217285156, -0.8441877365112305, -0.01004803366959095, -1.2774658203125], [0.0, 0.0, 0.0, 1.0]], [[0.9477468132972717, 0.31805405020713806, 0.02484947070479393, -1.14398193359375], [0.009641138836741447, 0.0493021085858345, -0.9987373352050781, 1.562042236328125], [-0.318877637386322, 0.9467898011207581, 0.0436595156788826, -0.1561279296875], [0.0, 0.0, 0.0, 1.0]], [[0.008962154388427734, 0.9990819096565247, 0.04189242795109749, -0.02880859375], [0.011761519126594067, 0.041785892099142075, -0.9990573525428772, 1.5680618286132812], [-0.9998906850814819, 0.009446335025131702, -0.011376231908798218, 0.044403076171875], [0.0, 0.0, 0.0, 1.0]], [[-0.9235554337501526, 0.38339272141456604, -0.007436527404934168, 1.16070556640625], [0.015964413061738014, 0.01906607113778591, -0.9996907711029053, 1.5478096008300781], [-0.3831322491168976, -0.9233886003494263, -0.02372921258211136, -0.043701171875], [0.0, 0.0, 0.0, 1.0]]], "view": [[0.0, -2.0, 100.0], [-2.0, 0.0, 100.0], [0.0, 0.0, 1.0]], "bev": "bev_100767027fdb49f6ab580f0e16636fad.png", "aux": "aux_100767027fdb49f6ab580f0e16636fad.npz", "visibility": "visibility_100767027fdb49f6ab580f0e16636fad.png", "pose": [[-0.8170620799064636, -0.5765497088432312, 0.0, 1185.1007080078125], [0.5765497088432312, -0.8170620799064636, 0.0, 1134.924072265625], [0.0, 0.0, 1.0, 0.0], [0.0, 0.0, 0.0, 1.0]], "pose_inverse": [[-0.8170620799064636, 0.5765497088432312, 0.0, 313.96075439453125], [-0.5765497088432312, -0.8170620799064636, 0.0, 1610.5728759765625], [0.0, 0.0, 1.0, 0.0], [0.0, 0.0, 0.0, 1.0]], "cam_ids": [0, 1, 2, 3, 4, 5], "cam_channels": ["CAM_FRONT_LEFT", "CAM_FRONT", "CAM_FRONT_RIGHT", "CAM_BACK_LEFT", "CAM_BACK", "CAM_BACK_RIGHT"], "token": "100767027fdb49f6ab580f0e16636fad", "scene": "scene-0321"}, {"images": ["samples/CAM_FRONT_LEFT/n008-2018-08-28-16-16-48-0400__CAM_FRONT_LEFT__1535487886154799.jpg", "samples/CAM_FRONT/n008-2018-08-28-16-16-48-0400__CAM_FRONT__1535487886162404.jpg", "samples/CAM_FRONT_RIGHT/n008-2018-08-28-16-16-48-0400__CAM_FRONT_RIGHT__1535487886170482.jpg", "samples/CAM_BACK_LEFT/n008-2018-08-28-16-16-48-0400__CAM_BACK_LEFT__1535487886197405.jpg", "samples/CAM_BACK/n008-2018-08-28-16-16-48-0400__CAM_BACK__1535487886187558.jpg", "samples/CAM_BACK_RIGHT/n008-2018-08-28-16-16-48-0400__CAM_BACK_RIGHT__1535487886178211.jpg"], "intrinsics": [[[1257.8625342125129, 0.0, 827.2410631095686], [0.0, 1257.8625342125129, 450.915498205774], [0.0, 0.0, 1.0]], [[1252.8131021185304, 0.0, 826.588114781398], [0.0, 1252.8131021185304, 469.9846626224581], [0.0, 0.0, 1.0]], [[1256.7485116440405, 0.0, 817.7887570959712], [0.0, 1256.7485116440403, 451.9541780095127], [0.0, 0.0, 1.0]], [[1254.9860565800168, 0.0, 829.5769333630991], [0.0, 1254.9860565800168, 467.1680561863987], [0.0, 0.0, 1.0]], [[796.8910634503094, 0.0, 857.7774326863696], [0.0, 796.8910634503094, 476.8848988407415], [0.0, 0.0, 1.0]], [[1249.9629280788233, 0.0, 825.3768045375984], [0.0, 1249.9629280788233, 462.54816385708756], [0.0, 0.0, 1.0]]], "extrinsics": [[[0.8225067257881165, -0.5687211155891418, -0.006249766331166029, -1.00494384765625], [0.0249017383903265, 0.04698747396469116, -0.998585045337677, 1.4882965087890625], [0.5682100653648376, 0.8211872577667236, 0.05280965939164162, -1.33349609375], [0.0, 0.0, 0.0, 1.0]], [[0.010531919077038765, -0.9990366697311401, -0.04260123521089554, 0.0054931640625], [0.026851557195186615, 0.042870793491601944, -0.9987196922302246, 1.4801559448242188], [0.9995839595794678, 0.009374519810080528, 0.027277197688817978, -1.734710693359375], [0.0, 0.0, 0.0, 1.0]], [[-0.8435191512107849, -0.5349722504615784, -0.047750722616910934, 1.0904541015625], [0.034869540482759476, 0.034171223640441895, -0.9988074898719788, 1.493072509765625], [0.5359659790992737, -0.844178318977356, -0.010169846005737782, -1.277587890625], [0.0, 0.0, 0.0, 1.0]], [[0.9477513432502747, 0.3180515170097351, 0.024712732061743736, -1.1439208984375], [0.009487556293606758, 0.049330662935972214, -0.9987373948097229, 1.5620346069335938], [-0.318869024515152, 0.9467891454696655, 0.04373566806316376, -0.1561279296875], [0.0, 0.0, 0.0, 1.0]], [[0.008963215164840221, 0.9990803599357605, 0.0419294647872448, -0.0286865234375], [0.011600732803344727, 0.04182443395256996, -0.9990575909614563, 1.5680618286132812], [-0.9998924732208252, 0.009441198781132698, -0.011215179227292538, 0.044342041015625], [0.0, 0.0, 0.0, 1.0]], [[-0.9235612750053406, 0.3833818733692169, -0.007274372968822718, 1.16064453125], [0.01581217721104622, 0.01912292279303074, -0.9996920824050903, 1.5478134155273438], [-0.3831247091293335, -0.9233919382095337, -0.023723293095827103, -0.043701171875], [0.0, 0.0, 0.0, 1.0]]], "view": [[0.0, -2.0, 100.0], [-2.0, 0.0, 100.0], [0.0, 0.0, 1.0]], "bev": "bev_a0907e434eda47a68883a4cbc81c86c6.png", "aux": "aux_a0907e434eda47a68883a4cbc81c86c6.npz", "visibility": "visibility_a0907e434eda47a68883a4cbc81c86c6.png", "pose": [[-0.8169906139373779, -0.5766509771347046, 0.0, 1185.1007080078125], [0.5766509771347046, -0.8169906139373779, 0.0, 1134.924072265625], [0.0, 0.0, 1.0, 0.0], [0.0, 0.0, 0.0, 1.0]], "pose_inverse": [[-0.8169906139373779, 0.5766509771347046, 0.0, 313.76104736328125], [-0.5766509771347046, -0.8169906139373779, 0.0, 1610.61181640625], [0.0, 0.0, 1.0, 0.0], [0.0, 0.0, 0.0, 1.0]], "cam_ids": [0, 1, 2, 3, 4, 5], "cam_channels": ["CAM_FRONT_LEFT", "CAM_FRONT", "CAM_FRONT_RIGHT", "CAM_BACK_LEFT", "CAM_BACK", "CAM_BACK_RIGHT"], "token": "a0907e434eda47a68883a4cbc81c86c6", "scene": "scene-0321"}, {"images": ["samples/CAM_FRONT_LEFT/n008-2018-08-28-16-16-48-0400__CAM_FRONT_LEFT__1535487886654799.jpg", "samples/CAM_FRONT/n008-2018-08-28-16-16-48-0400__CAM_FRONT__1535487886662404.jpg", "samples/CAM_FRONT_RIGHT/n008-2018-08-28-16-16-48-0400__CAM_FRONT_RIGHT__1535487886670482.jpg", "samples/CAM_BACK_LEFT/n008-2018-08-28-16-16-48-0400__CAM_BACK_LEFT__1535487886697405.jpg", "samples/CAM_BACK/n008-2018-08-28-16-16-48-0400__CAM_BACK__1535487886687558.jpg", "samples/CAM_BACK_RIGHT/n008-2018-08-28-16-16-48-0400__CAM_BACK_RIGHT__1535487886678113.jpg"], "intrinsics": [[[1257.8625342125129, 0.0, 827.2410631095686], [0.0, 1257.8625342125129, 450.915498205774], [0.0, 0.0, 1.0]], [[1252.8131021185304, 0.0, 826.588114781398], [0.0, 1252.8131021185304, 469.9846626224581], [0.0, 0.0, 1.0]], [[1256.7485116440405, 0.0, 817.7887570959712], [0.0, 1256.7485116440403, 451.9541780095127], [0.0, 0.0, 1.0]], [[1254.9860565800168, 0.0, 829.5769333630991], [0.0, 1254.9860565800168, 467.1680561863987], [0.0, 0.0, 1.0]], [[796.8910634503094, 0.0, 857.7774326863696], [0.0, 796.8910634503094, 476.8848988407415], [0.0, 0.0, 1.0]], [[1249.9629280788233, 0.0, 825.3768045375984], [0.0, 1249.9629280788233, 462.54816385708756], [0.0, 0.0, 1.0]]], "extrinsics": [[[0.8225104808807373, -0.5687146186828613, -0.006345369387418032, -1.005126953125], [0.024743398651480675, 0.046927109360694885, -0.9985918402671814, 1.4882965087890625], [0.568211555480957, 0.821195125579834, 0.05266996845602989, -1.333251953125], [0.0, 0.0, 0.0, 1.0]], [[0.0105342548340559, -0.9990391135215759, -0.04254402965307236, 0.0054931640625], [0.026710327714681625, 0.04281234368681908, -0.9987260103225708, 1.48016357421875], [0.9995877146720886, 0.009384561330080032, 0.027135660871863365, -1.734832763671875], [0.0, 0.0, 0.0, 1.0]], [[-0.8435218334197998, -0.5349807739257812, -0.04760775342583656, 1.0904541015625], [0.034734420478343964, 0.034117210656404495, -0.998814046382904, 1.493072509765625], [0.5359705686569214, -0.8441751003265381, -0.010196366347372532, -1.2777099609375], [0.0, 0.0, 0.0, 1.0]], [[0.9477530121803284, 0.3180582523345947, 0.024558961391448975, -1.14398193359375], [0.009338145144283772, 0.04929215461015701, -0.9987407326698303, 1.562042236328125], [-0.3188683092594147, 0.9467889070510864, 0.0437467135488987, -0.156005859375], [0.0, 0.0, 0.0, 1.0]], [[0.008964206092059612, 0.9990825653076172, 0.04187601059675217, -0.0286865234375], [0.011461560614407063, 0.041772279888391495, -0.9990613460540771, 1.5680618286132812], [-0.9998941421508789, 0.009435821324586868, -0.011076589114964008, 0.044281005859375], [0.0, 0.0, 0.0, 1.0]], [[-0.9235644340515137, 0.38337641954421997, -0.007167312316596508, 1.16070556640625], [0.015672650188207626, 0.019066305831074715, -0.999695360660553, 1.5478134155273438], [-0.38312292098999023, -0.9233953356742859, -0.023617485538125038, -0.0438232421875], [0.0, 0.0, 0.0, 1.0]]], "view": [[0.0, -2.0, 100.0], [-2.0, 0.0, 100.0], [0.0, 0.0, 1.0]], "bev": "bev_8f729573ac4a4d0f8d2234f5213f4934.png", "aux": "aux_8f729573ac4a4d0f8d2234f5213f4934.npz", "visibility": "visibility_8f729573ac4a4d0f8d2234f5213f4934.png", "pose": [[-0.8169670104980469, -0.5766844153404236, 0.0, 1185.1007080078125], [0.5766844153404236, -0.8169670104980469, 0.0, 1134.924072265625], [0.0, 0.0, 1.0, 0.0], [0.0, 0.0, 0.0, 1.0]], "pose_inverse": [[-0.8169670104980469, 0.5766844153404236, 0.0, 313.6950988769531], [-0.5766844153404236, -0.8169670104980469, 0.0, 1610.6246337890625], [0.0, 0.0, 1.0, 0.0], [0.0, 0.0, 0.0, 1.0]], "cam_ids": [0, 1, 2, 3, 4, 5], "cam_channels": ["CAM_FRONT_LEFT", "CAM_FRONT", "CAM_FRONT_RIGHT", "CAM_BACK_LEFT", "CAM_BACK", "CAM_BACK_RIGHT"], "token": "8f729573ac4a4d0f8d2234f5213f4934", "scene": "scene-0321"}, {"images": ["samples/CAM_FRONT_LEFT/n008-2018-08-28-16-16-48-0400__CAM_FRONT_LEFT__1535487887154799.jpg", "samples/CAM_FRONT/n008-2018-08-28-16-16-48-0400__CAM_FRONT__1535487887162404.jpg", "samples/CAM_FRONT_RIGHT/n008-2018-08-28-16-16-48-0400__CAM_FRONT_RIGHT__1535487887170482.jpg", "samples/CAM_BACK_LEFT/n008-2018-08-28-16-16-48-0400__CAM_BACK_LEFT__1535487887197405.jpg", "samples/CAM_BACK/n008-2018-08-28-16-16-48-0400__CAM_BACK__1535487887187582.jpg", "samples/CAM_BACK_RIGHT/n008-2018-08-28-16-16-48-0400__CAM_BACK_RIGHT__1535487887178113.jpg"], "intrinsics": [[[1257.8625342125129, 0.0, 827.2410631095686], [0.0, 1257.8625342125129, 450.915498205774], [0.0, 0.0, 1.0]], [[1252.8131021185304, 0.0, 826.588114781398], [0.0, 1252.8131021185304, 469.9846626224581], [0.0, 0.0, 1.0]], [[1256.7485116440405, 0.0, 817.7887570959712], [0.0, 1256.7485116440403, 451.9541780095127], [0.0, 0.0, 1.0]], [[1254.9860565800168, 0.0, 829.5769333630991], [0.0, 1254.9860565800168, 467.1680561863987], [0.0, 0.0, 1.0]], [[796.8910634503094, 0.0, 857.7774326863696], [0.0, 796.8910634503094, 476.8848988407415], [0.0, 0.0, 1.0]], [[1249.9629280788233, 0.0, 825.3768045375984], [0.0, 1249.9629280788233, 462.54816385708756], [0.0, 0.0, 1.0]]], "extrinsics": [[[0.8225136995315552, -0.5687105655670166, -0.006286589428782463, -1.00494384765625], [0.02481532283127308, 0.04692837968468666, -0.9985899925231934, 1.4882888793945312], [0.5682037472724915, 0.8211978673934937, 0.05271197110414505, -1.3336181640625], [0.0, 0.0, 0.0, 1.0]], [[0.010538575239479542, -0.999039351940155, -0.04253671318292618, 0.005615234375], [0.026776568964123726, 0.04280576854944229, -0.9987245202064514, 1.4801559448242188], [0.9995858669281006, 0.009386111982166767, 0.027201952412724495, -1.734649658203125], [0.0, 0.0, 0.0, 1.0]], [[-0.8435181379318237, -0.534981906414032, -0.04765993356704712, 1.0904541015625], [0.03480421379208565, 0.03410458192229271, -0.9988120198249817, 1.493072509765625], [0.5359718203544617, -0.8441749215126038, -0.010148209519684315, -1.27734375], [0.0, 0.0, 0.0, 1.0]], [[0.9477487206459045, 0.318065345287323, 0.024633195251226425, -1.14398193359375], [0.00941708404570818, 0.0492890328168869, -0.9987401366233826, 1.5620346069335938], [-0.31887876987457275, 0.9467867016792297, 0.043718371540308, -0.15625], [0.0, 0.0, 0.0, 1.0]], [[0.008958341553807259, 0.9990825653076172, 0.04187842831015587, -0.0289306640625], [0.011548084206879139, 0.041773948818445206, -0.999060332775116, 1.5680618286132812], [-0.9998931884765625, 0.009433462284505367, -0.011163263581693172, 0.04437255859375], [0.0, 0.0, 0.0, 1.0]], [[-0.9235638976097107, 0.38337603211402893, -0.0072439429350197315, 1.160736083984375], [0.01575305499136448, 0.019060200080275536, -0.9996942281723022, 1.5478134155273438], [-0.38312068581581116, -0.9233956336975098, -0.023642657324671745, -0.043701171875], [0.0, 0.0, 0.0, 1.0]]], "view": [[0.0, -2.0, 100.0], [-2.0, 0.0, 100.0], [0.0, 0.0, 1.0]], "bev": "bev_7352b9dd5bd14a04a9b1506623c9a56d.png", "aux": "aux_7352b9dd5bd14a04a9b1506623c9a56d.npz", "visibility": "visibility_7352b9dd5bd14a04a9b1506623c9a56d.png", "pose": [[-0.8169868588447571, -0.5766562819480896, 0.0, 1185.1007080078125], [0.5766562819480896, -0.8169868588447571, 0.0, 1134.9241943359375], [0.0, 0.0, 1.0, 0.0], [0.0, 0.0, 0.0, 1.0]], "pose_inverse": [[-0.8169868588447571, 0.5766562819480896, 0.0, 313.7505187988281], [-0.5766562819480896, -0.8169868588447571, 0.0, 1610.6138916015625], [0.0, 0.0, 1.0, 0.0], [0.0, 0.0, 0.0, 1.0]], "cam_ids": [0, 1, 2, 3, 4, 5], "cam_channels": ["CAM_FRONT_LEFT", "CAM_FRONT", "CAM_FRONT_RIGHT", "CAM_BACK_LEFT", "CAM_BACK", "CAM_BACK_RIGHT"], "token": "7352b9dd5bd14a04a9b1506623c9a56d", "scene": "scene-0321"}, {"images": ["samples/CAM_FRONT_LEFT/n008-2018-08-28-16-16-48-0400__CAM_FRONT_LEFT__1535487887654799.jpg", "samples/CAM_FRONT/n008-2018-08-28-16-16-48-0400__CAM_FRONT__1535487887662404.jpg", "samples/CAM_FRONT_RIGHT/n008-2018-08-28-16-16-48-0400__CAM_FRONT_RIGHT__1535487887670482.jpg", "samples/CAM_BACK_LEFT/n008-2018-08-28-16-16-48-0400__CAM_BACK_LEFT__1535487887697405.jpg", "samples/CAM_BACK/n008-2018-08-28-16-16-48-0400__CAM_BACK__1535487887687558.jpg", "samples/CAM_BACK_RIGHT/n008-2018-08-28-16-16-48-0400__CAM_BACK_RIGHT__1535487887678113.jpg"], "intrinsics": [[[1257.8625342125129, 0.0, 827.2410631095686], [0.0, 1257.8625342125129, 450.915498205774], [0.0, 0.0, 1.0]], [[1252.8131021185304, 0.0, 826.588114781398], [0.0, 1252.8131021185304, 469.9846626224581], [0.0, 0.0, 1.0]], [[1256.7485116440405, 0.0, 817.7887570959712], [0.0, 1256.7485116440403, 451.9541780095127], [0.0, 0.0, 1.0]], [[1254.9860565800168, 0.0, 829.5769333630991], [0.0, 1254.9860565800168, 467.1680561863987], [0.0, 0.0, 1.0]], [[796.8910634503094, 0.0, 857.7774326863696], [0.0, 796.8910634503094, 476.8848988407415], [0.0, 0.0, 1.0]], [[1249.9629280788233, 0.0, 825.3768045375984], [0.0, 1249.9629280788233, 462.54816385708756], [0.0, 0.0, 1.0]]], "extrinsics": [[[0.8224917054176331, -0.5687433481216431, -0.006202091928571463, -1.0050048828125], [0.024913057684898376, 0.046917688101530075, -0.9985880255699158, 1.4882965087890625], [0.5682312846183777, 0.8211759328842163, 0.05275854468345642, -1.33349609375], [0.0, 0.0, 0.0, 1.0]], [[0.010506617836654186, -0.9990397691726685, -0.04253656417131424, 0.00537109375], [0.026858989149332047, 0.04280552268028259, -0.9987223744392395, 1.4801712036132812], [0.9995839595794678, 0.009350682608783245, 0.02728293649852276, -1.734619140625], [0.0, 0.0, 0.0, 1.0]], [[-0.8435297608375549, -0.5349578261375427, -0.04772554710507393, 1.090576171875], [0.034874528646469116, 0.03411673381924629, -0.9988091588020325, 1.493072509765625], [0.5359489917755127, -0.8441897034645081, -0.010122078470885754, -1.277587890625], [0.0, 0.0, 0.0, 1.0]], [[0.9477487802505493, 0.3180575370788574, 0.024732086807489395, -1.14398193359375], [0.009519579820334911, 0.04929526522755623, -0.9987388253211975, 1.5620498657226562], [-0.31887558102607727, 0.9467889666557312, 0.04369175434112549, -0.156005859375], [0.0, 0.0, 0.0, 1.0]], [[0.008967411704361439, 0.9990823268890381, 0.041883934289216995, -0.0289306640625], [0.011636180803179741, 0.04177852347493172, -0.9990590810775757, 1.56805419921875], [-0.9998921751976013, 0.009446278214454651, -0.011250857263803482, 0.044403076171875], [0.0, 0.0, 0.0, 1.0]], [[-0.9235556721687317, 0.383394718170166, -0.007304714526981115, 1.16070556640625], [0.015826301649212837, 0.019076941534876823, -0.9996927380561829, 1.5478134155273438], [-0.3831375539302826, -0.9233875870704651, -0.02368634007871151, -0.043701171875], [0.0, 0.0, 0.0, 1.0]]], "view": [[0.0, -2.0, 100.0], [-2.0, 0.0, 100.0], [0.0, 0.0, 1.0]], "bev": "bev_bf29f8bfd2b047aea4c6ab3d673a44ab.png", "aux": "aux_bf29f8bfd2b047aea4c6ab3d673a44ab.npz", "visibility": "visibility_bf29f8bfd2b047aea4c6ab3d673a44ab.png", "pose": [[-0.8170422911643982, -0.5765777826309204, 0.0, 1185.1007080078125], [0.5765777826309204, -0.8170422911643982, 0.0, 1134.9241943359375], [0.0, 0.0, 1.0, 0.0], [0.0, 0.0, 0.0, 1.0]], "pose_inverse": [[-0.8170422911643982, 0.5765777826309204, 0.0, 313.90533447265625], [-0.5765777826309204, -0.8170422911643982, 0.0, 1610.583740234375], [0.0, 0.0, 1.0, 0.0], [0.0, 0.0, 0.0, 1.0]], "cam_ids": [0, 1, 2, 3, 4, 5], "cam_channels": ["CAM_FRONT_LEFT", "CAM_FRONT", "CAM_FRONT_RIGHT", "CAM_BACK_LEFT", "CAM_BACK", "CAM_BACK_RIGHT"], "token": "bf29f8bfd2b047aea4c6ab3d673a44ab", "scene": "scene-0321"}, {"images": ["samples/CAM_FRONT_LEFT/n008-2018-08-28-16-16-48-0400__CAM_FRONT_LEFT__1535487888254799.jpg", "samples/CAM_FRONT/n008-2018-08-28-16-16-48-0400__CAM_FRONT__1535487888262404.jpg", "samples/CAM_FRONT_RIGHT/n008-2018-08-28-16-16-48-0400__CAM_FRONT_RIGHT__1535487888270482.jpg", "samples/CAM_BACK_LEFT/n008-2018-08-28-16-16-48-0400__CAM_BACK_LEFT__1535487888297405.jpg", "samples/CAM_BACK/n008-2018-08-28-16-16-48-0400__CAM_BACK__1535487888287558.jpg", "samples/CAM_BACK_RIGHT/n008-2018-08-28-16-16-48-0400__CAM_BACK_RIGHT__1535487888278113.jpg"], "intrinsics": [[[1257.8625342125129, 0.0, 827.2410631095686], [0.0, 1257.8625342125129, 450.915498205774], [0.0, 0.0, 1.0]], [[1252.8131021185304, 0.0, 826.588114781398], [0.0, 1252.8131021185304, 469.9846626224581], [0.0, 0.0, 1.0]], [[1256.7485116440405, 0.0, 817.7887570959712], [0.0, 1256.7485116440403, 451.9541780095127], [0.0, 0.0, 1.0]], [[1254.9860565800168, 0.0, 829.5769333630991], [0.0, 1254.9860565800168, 467.1680561863987], [0.0, 0.0, 1.0]], [[796.8910634503094, 0.0, 857.7774326863696], [0.0, 796.8910634503094, 476.8848988407415], [0.0, 0.0, 1.0]], [[1249.9629280788233, 0.0, 825.3768045375984], [0.0, 1249.9629280788233, 462.54816385708756], [0.0, 0.0, 1.0]]], "extrinsics": [[[0.8225105404853821, -0.5687156319618225, -0.006247793324291706, -1.00506591796875], [0.024876421317458153, 0.04694804176688194, -0.9985874891281128, 1.4883041381835938], [0.5682056546211243, 0.8211933374404907, 0.05276286602020264, -1.3333740234375], [0.0, 0.0, 0.0, 1.0]], [[0.01053666416555643, -0.9990383386611938, -0.04255963861942291, 0.00537109375], [0.026834364980459213, 0.042829181998968124, -0.9987219572067261, 1.48016357421875], [0.9995843172073364, 0.009381144307553768, 0.027259832248091698, -1.7347412109375], [0.0, 0.0, 0.0, 1.0]], [[-0.8435172438621521, -0.5349782109260559, -0.04771886393427849, 1.090576171875], [0.03486151993274689, 0.03412430360913277, -0.9988093376159668, 1.493072509765625], [0.5359696745872498, -0.8441764712333679, -0.010134282521903515, -1.277587890625], [0.0, 0.0, 0.0, 1.0]], [[0.9477464556694031, 0.3180675208568573, 0.024695422500371933, -1.14398193359375], [0.00949183851480484, 0.04926146939396858, -0.9987407922744751, 1.562042236328125], [-0.3188835382461548, 0.946787416934967, 0.04366833344101906, -0.1561279296875], [0.0, 0.0, 0.0, 1.0]], [[0.008955970406532288, 0.9990831017494202, 0.041865911334753036, -0.02880859375], [0.01162699330598116, 0.04176071286201477, -0.9990599751472473, 1.56805419921875], [-0.9998923540115356, 0.00943437498062849, -0.011242321692407131, 0.0443115234375], [0.0, 0.0, 0.0, 1.0]], [[-0.9235624670982361, 0.38337844610214233, -0.00729994336143136, 1.1607666015625], [0.015813862904906273, 0.01906050182878971, -0.9996932744979858, 1.5478172302246094], [-0.3831217885017395, -0.9233946204185486, -0.02366625890135765, -0.043701171875], [0.0, 0.0, 0.0, 1.0]]], "view": [[0.0, -2.0, 100.0], [-2.0, 0.0, 100.0], [0.0, 0.0, 1.0]], "bev": "bev_1377206823d246ff981ce16257b22684.png", "aux": "aux_1377206823d246ff981ce16257b22684.npz", "visibility": "visibility_1377206823d246ff981ce16257b22684.png", "pose": [[-0.8170135617256165, -0.576618492603302, 0.0, 1185.1007080078125], [0.576618492603302, -0.8170135617256165, 0.0, 1134.9241943359375], [0.0, 0.0, 1.0, 0.0], [0.0, 0.0, 0.0, 1.0]], "pose_inverse": [[-0.8170135617256165, 0.576618492603302, 0.0, 313.8250732421875], [-0.576618492603302, -0.8170135617256165, 0.0, 1610.599365234375], [0.0, 0.0, 1.0, 0.0], [0.0, 0.0, 0.0, 1.0]], "cam_ids": [0, 1, 2, 3, 4, 5], "cam_channels": ["CAM_FRONT_LEFT", "CAM_FRONT", "CAM_FRONT_RIGHT", "CAM_BACK_LEFT", "CAM_BACK", "CAM_BACK_RIGHT"], "token": "1377206823d246ff981ce16257b22684", "scene": "scene-0321"}, {"images": ["samples/CAM_FRONT_LEFT/n008-2018-08-28-16-16-48-0400__CAM_FRONT_LEFT__1535487888754799.jpg", "samples/CAM_FRONT/n008-2018-08-28-16-16-48-0400__CAM_FRONT__1535487888762404.jpg", "samples/CAM_FRONT_RIGHT/n008-2018-08-28-16-16-48-0400__CAM_FRONT_RIGHT__1535487888770482.jpg", "samples/CAM_BACK_LEFT/n008-2018-08-28-16-16-48-0400__CAM_BACK_LEFT__1535487888797405.jpg", "samples/CAM_BACK/n008-2018-08-28-16-16-48-0400__CAM_BACK__1535487888787561.jpg", "samples/CAM_BACK_RIGHT/n008-2018-08-28-16-16-48-0400__CAM_BACK_RIGHT__1535487888778113.jpg"], "intrinsics": [[[1257.8625342125129, 0.0, 827.2410631095686], [0.0, 1257.8625342125129, 450.915498205774], [0.0, 0.0, 1.0]], [[1252.8131021185304, 0.0, 826.588114781398], [0.0, 1252.8131021185304, 469.9846626224581], [0.0, 0.0, 1.0]], [[1256.7485116440405, 0.0, 817.7887570959712], [0.0, 1256.7485116440403, 451.9541780095127], [0.0, 0.0, 1.0]], [[1254.9860565800168, 0.0, 829.5769333630991], [0.0, 1254.9860565800168, 467.1680561863987], [0.0, 0.0, 1.0]], [[796.8910634503094, 0.0, 857.7774326863696], [0.0, 796.8910634503094, 476.8848988407415], [0.0, 0.0, 1.0]], [[1249.9629280788233, 0.0, 825.3768045375984], [0.0, 1249.9629280788233, 462.54816385708756], [0.0, 0.0, 1.0]]], "extrinsics": [[[0.8225054740905762, -0.5687235593795776, -0.006189120002090931, -1.0050048828125], [0.024939440190792084, 0.04693527892231941, -0.9985865354537964, 1.4882965087890625], [0.5682101845741272, 0.8211885094642639, 0.05278816819190979, -1.3333740234375], [0.0, 0.0, 0.0, 1.0]], [[0.010525977239012718, -0.9990391731262207, -0.0425432026386261, 0.0054931640625], [0.026899974793195724, 0.04281307011842728, -0.9987208843231201, 1.4801559448242188], [0.9995826482772827, 0.009368064813315868, 0.027324778959155083, -1.73468017578125], [0.0, 0.0, 0.0, 1.0]], [[-0.8435203433036804, -0.534968912601471, -0.0477684922516346, 1.090576171875], [0.03492892533540726, 0.0341109000146389, -0.998807430267334, 1.493072509765625], [0.5359603762626648, -0.8441828489303589, -0.010087348520755768, -1.2777099609375], [0.0, 0.0, 0.0, 1.0]], [[0.9477452039718628, 0.3180634677410126, 0.024792885407805443, -1.1439208984375], [0.009589244611561298, 0.04927780106663704, -0.9987390637397766, 1.562042236328125], [-0.31888413429260254, 0.94678795337677, 0.04365281015634537, -0.1561279296875], [0.0, 0.0, 0.0, 1.0]], [[0.008958566002547741, 0.9990829229354858, 0.041870348155498505, -0.0289306640625], [0.011707757599651814, 0.04176436364650726, -0.9990588426589966, 1.5680618286132812], [-0.9998913407325745, 0.009440364316105843, -0.011322871781885624, 0.0443115234375], [0.0, 0.0, 0.0, 1.0]], [[-0.9235585331916809, 0.3833865821361542, -0.007370322477072477, 1.16064453125], [0.015891384333372116, 0.0190631914883852, -0.9996919631958008, 1.5478134155273438], [-0.38312792778015137, -0.9233912825584412, -0.023698514327406883, -0.0435791015625], [0.0, 0.0, 0.0, 1.0]]], "view": [[0.0, -2.0, 100.0], [-2.0, 0.0, 100.0], [0.0, 0.0, 1.0]], "bev": "bev_b59f6516d1844d018a571f92ed807c28.png", "aux": "aux_b59f6516d1844d018a571f92ed807c28.npz", "visibility": "visibility_b59f6516d1844d018a571f92ed807c28.png", "pose": [[-0.8170262575149536, -0.5766004920005798, 0.0, 1185.1007080078125], [0.5766004920005798, -0.8170262575149536, 0.0, 1134.9241943359375], [0.0, 0.0, 1.0, 0.0], [0.0, 0.0, 0.0, 1.0]], "pose_inverse": [[-0.8170262575149536, 0.5766004920005798, 0.0, 313.8605041503906], [-0.5766004920005798, -0.8170262575149536, 0.0, 1610.592529296875], [0.0, 0.0, 1.0, 0.0], [0.0, 0.0, 0.0, 1.0]], "cam_ids": [0, 1, 2, 3, 4, 5], "cam_channels": ["CAM_FRONT_LEFT", "CAM_FRONT", "CAM_FRONT_RIGHT", "CAM_BACK_LEFT", "CAM_BACK", "CAM_BACK_RIGHT"], "token": "b59f6516d1844d018a571f92ed807c28", "scene": "scene-0321"}, {"images": ["samples/CAM_FRONT_LEFT/n008-2018-08-28-16-16-48-0400__CAM_FRONT_LEFT__1535487889254799.jpg", "samples/CAM_FRONT/n008-2018-08-28-16-16-48-0400__CAM_FRONT__1535487889262404.jpg", "samples/CAM_FRONT_RIGHT/n008-2018-08-28-16-16-48-0400__CAM_FRONT_RIGHT__1535487889270482.jpg", "samples/CAM_BACK_LEFT/n008-2018-08-28-16-16-48-0400__CAM_BACK_LEFT__1535487889297405.jpg", "samples/CAM_BACK/n008-2018-08-28-16-16-48-0400__CAM_BACK__1535487889287558.jpg", "samples/CAM_BACK_RIGHT/n008-2018-08-28-16-16-48-0400__CAM_BACK_RIGHT__1535487889278113.jpg"], "intrinsics": [[[1257.8625342125129, 0.0, 827.2410631095686], [0.0, 1257.8625342125129, 450.915498205774], [0.0, 0.0, 1.0]], [[1252.8131021185304, 0.0, 826.588114781398], [0.0, 1252.8131021185304, 469.9846626224581], [0.0, 0.0, 1.0]], [[1256.7485116440405, 0.0, 817.7887570959712], [0.0, 1256.7485116440403, 451.9541780095127], [0.0, 0.0, 1.0]], [[1254.9860565800168, 0.0, 829.5769333630991], [0.0, 1254.9860565800168, 467.1680561863987], [0.0, 0.0, 1.0]], [[796.8910634503094, 0.0, 857.7774326863696], [0.0, 796.8910634503094, 476.8848988407415], [0.0, 0.0, 1.0]], [[1249.9629280788233, 0.0, 825.3768045375984], [0.0, 1249.9629280788233, 462.54816385708756], [0.0, 0.0, 1.0]]], "extrinsics": [[[0.822501003742218, -0.5687317848205566, -0.006017750129103661, -1.00494384765625], [0.025096360594034195, 0.04686044529080391, -0.998586118221283, 1.4882888793945312], [0.5682095885276794, 0.8211871385574341, 0.052815865725278854, -1.3333740234375], [0.0, 0.0, 0.0, 1.0]], [[0.010527955368161201, -0.9990420937538147, -0.04247267171740532, 0.00537109375], [0.02704807184636593, 0.04274400323629379, -0.9987198710441589, 1.4801712036132812], [0.9995786547660828, 0.009365689940750599, 0.027472173795104027, -1.734771728515625], [0.0, 0.0, 0.0, 1.0]], [[-0.8435143828392029, -0.5349709391593933, -0.047848157584667206, 1.090576171875], [0.03506447374820709, 0.034045927226543427, -0.9988049268722534, 1.4930801391601562], [0.5359606742858887, -0.844184160232544, -0.009959761053323746, -1.2777099609375], [0.0, 0.0, 0.0, 1.0]], [[0.9477438926696777, 0.3180609941482544, 0.024870535358786583, -1.1439208984375], [0.009689843282103539, 0.049222398549318314, -0.9987408518791199, 1.5620346069335938], [-0.3188847601413727, 0.9467915892601013, 0.04356827214360237, -0.1561279296875], [0.0, 0.0, 0.0, 1.0]], [[0.008953282609581947, 0.9990854263305664, 0.04180967062711716, -0.0286865234375], [0.011818598955869675, 0.04170269891619682, -0.9990600943565369, 1.5680618286132812], [-0.9998900294303894, 0.00943901389837265, -0.011434415355324745, 0.044342041015625], [0.0, 0.0, 0.0, 1.0]], [[-0.9235580563545227, 0.3833851218223572, -0.007505618967115879, 1.16064453125], [0.016011446714401245, 0.018999692052602768, -0.9996912479400635, 1.5478134155273438], [-0.38312414288520813, -0.9233931303024292, -0.023685870692133904, -0.0435791015625], [0.0, 0.0, 0.0, 1.0]]], "view": [[0.0, -2.0, 100.0], [-2.0, 0.0, 100.0], [0.0, 0.0, 1.0]], "bev": "bev_29838d591c354a60a2705d65862f2a52.png", "aux": "aux_29838d591c354a60a2705d65862f2a52.npz", "visibility": "visibility_29838d591c354a60a2705d65862f2a52.png", "pose": [[-0.8169861435890198, -0.576657235622406, 0.0, 1185.1007080078125], [0.576657235622406, -0.8169861435890198, 0.0, 1134.9241943359375], [0.0, 0.0, 1.0, 0.0], [0.0, 0.0, 0.0, 1.0]], "pose_inverse": [[-0.8169861435890198, 0.576657235622406, 0.0, 313.7486267089844], [-0.576657235622406, -0.8169861435890198, 0.0, 1610.6142578125], [0.0, 0.0, 1.0, 0.0], [0.0, 0.0, 0.0, 1.0]], "cam_ids": [0, 1, 2, 3, 4, 5], "cam_channels": ["CAM_FRONT_LEFT", "CAM_FRONT", "CAM_FRONT_RIGHT", "CAM_BACK_LEFT", "CAM_BACK", "CAM_BACK_RIGHT"], "token": "29838d591c354a60a2705d65862f2a52", "scene": "scene-0321"}, {"images": ["samples/CAM_FRONT_LEFT/n008-2018-08-28-16-16-48-0400__CAM_FRONT_LEFT__1535487889757523.jpg", "samples/CAM_FRONT/n008-2018-08-28-16-16-48-0400__CAM_FRONT__1535487889762404.jpg", "samples/CAM_FRONT_RIGHT/n008-2018-08-28-16-16-48-0400__CAM_FRONT_RIGHT__1535487889770482.jpg", "samples/CAM_BACK_LEFT/n008-2018-08-28-16-16-48-0400__CAM_BACK_LEFT__1535487889797405.jpg", "samples/CAM_BACK/n008-2018-08-28-16-16-48-0400__CAM_BACK__1535487889787558.jpg", "samples/CAM_BACK_RIGHT/n008-2018-08-28-16-16-48-0400__CAM_BACK_RIGHT__1535487889778113.jpg"], "intrinsics": [[[1257.8625342125129, 0.0, 827.2410631095686], [0.0, 1257.8625342125129, 450.915498205774], [0.0, 0.0, 1.0]], [[1252.8131021185304, 0.0, 826.588114781398], [0.0, 1252.8131021185304, 469.9846626224581], [0.0, 0.0, 1.0]], [[1256.7485116440405, 0.0, 817.7887570959712], [0.0, 1256.7485116440403, 451.9541780095127], [0.0, 0.0, 1.0]], [[1254.9860565800168, 0.0, 829.5769333630991], [0.0, 1254.9860565800168, 467.1680561863987], [0.0, 0.0, 1.0]], [[796.8910634503094, 0.0, 857.7774326863696], [0.0, 796.8910634503094, 476.8848988407415], [0.0, 0.0, 1.0]], [[1249.9629280788233, 0.0, 825.3768045375984], [0.0, 1249.9629280788233, 462.54816385708756], [0.0, 0.0, 1.0]]], "extrinsics": [[[0.8225082755088806, -0.5687229037284851, -0.0058811805211007595, -1.0048828125], [0.02513647824525833, 0.04667980223894119, -0.9985935688018799, 1.4882888793945312], [0.5681975483894348, 0.8212035894393921, 0.052690207958221436, -1.3333740234375], [0.0, 0.0, 0.0, 1.0]], [[0.010538876987993717, -0.9990499019622803, -0.042287301272153854, 0.0054931640625], [0.027089431881904602, 0.04255938529968262, -0.9987266063690186, 1.4801559448242188], [0.9995774626731873, 0.009380006231367588, 0.02751222439110279, -1.734710693359375], [0.0, 0.0, 0.0, 1.0]], [[-0.8435081839561462, -0.5349866151809692, -0.04778449237346649, 1.090576171875], [0.035109296441078186, 0.03385625407099724, -0.998809814453125, 1.493072509765625], [0.5359676480293274, -0.8441819548606873, -0.009775024838745594, -1.277587890625], [0.0, 0.0, 0.0, 1.0]], [[0.9477428197860718, 0.31806692481040955, 0.024841105565428734, -1.1439208984375], [0.009722569957375526, 0.0490323007106781, -0.998749852180481, 1.5620498657226562], [-0.3188873529434204, 0.9467994570732117, 0.0433775819838047, -0.1561279296875], [0.0, 0.0, 0.0, 1.0]], [[0.008946764282882214, 0.9990934729576111, 0.0416194386780262, -0.02880859375], [0.011852460913360119, 0.041512228548526764, -0.9990676641464233, 1.5680618286132812], [-0.9998897314071655, 0.009431736543774605, -0.011470316909253597, 0.044281005859375], [0.0, 0.0, 0.0, 1.0]], [[-0.9235603213310242, 0.383377343416214, -0.00762391509488225, 1.160614013671875], [0.016058247536420822, 0.018804388120770454, -0.9996941685676575, 1.5478172302246094], [-0.383116751909256, -0.923400342464447, -0.02352335676550865, -0.0435791015625], [0.0, 0.0, 0.0, 1.0]]], "view": [[0.0, -2.0, 100.0], [-2.0, 0.0, 100.0], [0.0, 0.0, 1.0]], "bev": "bev_0b90e583c87c4bc18158fd3fbdb53aa7.png", "aux": "aux_0b90e583c87c4bc18158fd3fbdb53aa7.npz", "visibility": "visibility_0b90e583c87c4bc18158fd3fbdb53aa7.png", "pose": [[-0.8170512318611145, -0.5765650868415833, 0.0, 1185.1007080078125], [0.5765650868415833, -0.8170512318611145, 0.0, 1134.9241943359375], [0.0, 0.0, 1.0, 0.0], [0.0, 0.0, 0.0, 1.0]], "pose_inverse": [[-0.8170512318611145, 0.5765650868415833, 0.0, 313.9303283691406], [-0.5765650868415833, -0.8170512318611145, 0.0, 1610.578857421875], [0.0, 0.0, 1.0, 0.0], [0.0, 0.0, 0.0, 1.0]], "cam_ids": [0, 1, 2, 3, 4, 5], "cam_channels": ["CAM_FRONT_LEFT", "CAM_FRONT", "CAM_FRONT_RIGHT", "CAM_BACK_LEFT", "CAM_BACK", "CAM_BACK_RIGHT"], "token": "0b90e583c87c4bc18158fd3fbdb53aa7", "scene": "scene-0321"}, {"images": ["samples/CAM_FRONT_LEFT/n008-2018-08-28-16-16-48-0400__CAM_FRONT_LEFT__1535487890254799.jpg", "samples/CAM_FRONT/n008-2018-08-28-16-16-48-0400__CAM_FRONT__1535487890262404.jpg", "samples/CAM_FRONT_RIGHT/n008-2018-08-28-16-16-48-0400__CAM_FRONT_RIGHT__1535487890270482.jpg", "samples/CAM_BACK_LEFT/n008-2018-08-28-16-16-48-0400__CAM_BACK_LEFT__1535487890297405.jpg", "samples/CAM_BACK/n008-2018-08-28-16-16-48-0400__CAM_BACK__1535487890287558.jpg", "samples/CAM_BACK_RIGHT/n008-2018-08-28-16-16-48-0400__CAM_BACK_RIGHT__1535487890278113.jpg"], "intrinsics": [[[1257.8625342125129, 0.0, 827.2410631095686], [0.0, 1257.8625342125129, 450.915498205774], [0.0, 0.0, 1.0]], [[1252.8131021185304, 0.0, 826.588114781398], [0.0, 1252.8131021185304, 469.9846626224581], [0.0, 0.0, 1.0]], [[1256.7485116440405, 0.0, 817.7887570959712], [0.0, 1256.7485116440403, 451.9541780095127], [0.0, 0.0, 1.0]], [[1254.9860565800168, 0.0, 829.5769333630991], [0.0, 1254.9860565800168, 467.1680561863987], [0.0, 0.0, 1.0]], [[796.8910634503094, 0.0, 857.7774326863696], [0.0, 796.8910634503094, 476.8848988407415], [0.0, 0.0, 1.0]], [[1249.9629280788233, 0.0, 825.3768045375984], [0.0, 1249.9629280788233, 462.54816385708756], [0.0, 0.0, 1.0]]], "extrinsics": [[[0.8225085735321045, -0.5687234401702881, -0.0057693542912602425, -1.0050048828125], [0.025305500254034996, 0.04672779515385628, -0.9985870718955994, 1.4882965087890625], [0.5681895017623901, 0.821200430393219, 0.052825845777988434, -1.33349609375], [0.0, 0.0, 0.0, 1.0]], [[0.010545135475695133, -0.9990477561950684, -0.042335327714681625, 0.00537109375], [0.027364414185285568, 0.04261014237999916, -0.9987170100212097, 1.48016357421875], [0.9995698928833008, 0.009373147040605545, 0.027787690982222557, -1.734710693359375], [0.0, 0.0, 0.0, 1.0]], [[-0.8434938192367554, -0.5349763035774231, -0.048150841146707535, 1.090576171875], [0.035510800778865814, 0.033907338976860046, -0.99879390001297, 1.493072509765625], [0.5359637141227722, -0.8441863656044006, -0.009603197686374187, -1.2777099609375], [0.0, 0.0, 0.0, 1.0]], [[0.9477192163467407, 0.3180654048919678, 0.025743769481778145, -1.1439208984375], [0.010655266232788563, 0.04908759891986847, -0.998737633228302, 1.562042236328125], [-0.3189276158809662, 0.9467970728874207, 0.04313218593597412, -0.1561279296875], [0.0, 0.0, 0.0, 1.0]], [[0.00892765074968338, 0.9990910291671753, 0.04168091341853142, -0.0286865234375], [0.012580642476677895, 0.04156705364584923, -0.9990564584732056, 1.5680618286132812], [-0.9998810291290283, 0.009443582966923714, -0.012198110111057758, 0.04425048828125], [0.0, 0.0, 0.0, 1.0]], [[-0