[{"images": ["samples/CAM_FRONT_LEFT/n015-2018-10-08-15-44-23+0800__CAM_FRONT_LEFT__1538984969854844.jpg", "samples/CAM_FRONT/n015-2018-10-08-15-44-23+0800__CAM_FRONT__1538984969862460.jpg", "samples/CAM_FRONT_RIGHT/n015-2018-10-08-15-44-23+0800__CAM_FRONT_RIGHT__1538984969870339.jpg", "samples/CAM_BACK_LEFT/n015-2018-10-08-15-44-23+0800__CAM_BACK_LEFT__1538984969897423.jpg", "samples/CAM_BACK/n015-2018-10-08-15-44-23+0800__CAM_BACK__1538984969887525.jpg", "samples/CAM_BACK_RIGHT/n015-2018-10-08-15-44-23+0800__CAM_BACK_RIGHT__1538984969877893.jpg"], "intrinsics": [[[1272.5979470598488, 0.0, 826.6154927353808], [0.0, 1272.5979470598488, 479.75165386361925], [0.0, 0.0, 1.0]], [[1266.417203046554, 0.0, 816.2670197447984], [0.0, 1266.417203046554, 491.50706579294757], [0.0, 0.0, 1.0]], [[1260.8474446004698, 0.0, 807.968244525554], [0.0, 1260.8474446004698, 495.3344268742088], [0.0, 0.0, 1.0]], [[1256.7414812095406, 0.0, 792.1125740759628], [0.0, 1256.7414812095406, 492.7757465151356], [0.0, 0.0, 1.0]], [[809.2209905677063, 0.0, 829.2196003259838], [0.0, 809.2209905677063, 481.77842384512485], [0.0, 0.0, 1.0]], [[1259.5137405846733, 0.0, 807.2529053838625], [0.0, 1259.5137405846733, 501.19579884916527], [0.0, 0.0, 1.0]]], "extrinsics": [[[0.8198766112327576, -0.5699607133865356, 0.054286692291498184, -0.764892578125], [0.04530947655439377, -0.029929105192422867, -0.99852454662323, 1.5193099975585938], [0.5707445740699768, 0.8211266398429871, 0.0012864505406469107, -1.14215087890625], [0.0, 0.0, 0.0, 1.0]], [[0.005446154158562422, -0.9993993639945984, 0.034222763031721115, 0.007080078125], [0.039992354810237885, -0.033978208899497986, -0.9986221790313721, 1.528564453125], [0.9991850256919861, 0.006807300727814436, 0.039783280342817307, -1.492431640625], [0.0, 0.0, 0.0, 1.0]], [[-0.8317474126815796, -0.5544132590293884, -0.028672434389591217, 0.90380859375], [0.04558439552783966, -0.016731364652514458, -0.9988203644752502, 1.5107231140136719], [0.5532795786857605, -0.8320732712745667, 0.039188869297504425, -1.162109375], [0.0, 0.0, 0.0, 1.0]], [[0.9467639923095703, 0.3198714554309845, 0.03633292764425278, -1.1420974731445312], [0.05412541329860687, -0.04690753296017647, -0.997431755065918, 1.5885696411132812], [-0.3173455595970154, 0.9462990760803223, -0.06172354146838188, -0.103759765625], [0.0, 0.0, 0.0, 1.0]], [[0.0029482326935976744, 0.9993140697479248, -0.036914609372615814, 0.0025634765625], [0.028796503320336342, -0.03698430582880974, -0.9989008903503418, 1.5810089111328125], [-0.9995809197425842, 0.0018820061814039946, -0.028885789215564728, -0.05474853515625], [0.0, 0.0, 0.0, 1.0]], [[-0.9332370758056641, 0.3533079922199249, -0.06513010710477829, 1.0316162109375], [0.061436139047145844, -0.021673057228326797, -0.9978756904602051, 1.5583343505859375], [-0.3539690375328064, -0.9352559447288513, -0.001479778322391212, -0.1025390625], [0.0, 0.0, 0.0, 1.0]]], "view": [[0.0, -2.0, 100.0], [-2.0, 0.0, 100.0], [0.0, 0.0, 1.0]], "bev": "bev_5d785cd90a884e0ebf9c5047a527df76.png", "aux": "aux_5d785cd90a884e0ebf9c5047a527df76.npz", "visibility": "visibility_5d785cd90a884e0ebf9c5047a527df76.png", "pose": [[-0.7145872116088867, -0.6995463371276855, 0.0, 677.8662109375], [0.6995463371276855, -0.7145872116088867, 0.0, 1601.758056640625], [0.0, 0.0, 1.0, 0.0], [0.0, 0.0, 0.0, 1.0]], "pose_inverse": [[-0.7145872116088867, 0.6995463371276855, 0.0, -636.1094970703125], [-0.6995463371276855, -0.7145872116088867, 0.0, 1618.794677734375], [0.0, 0.0, 1.0, 0.0], [0.0, 0.0, 0.0, 1.0]], "cam_ids": [0, 1, 2, 3, 4, 5], "cam_channels": ["CAM_FRONT_LEFT", "CAM_FRONT", "CAM_FRONT_RIGHT", "CAM_BACK_LEFT", "CAM_BACK", "CAM_BACK_RIGHT"], "token": "5d785cd90a884e0ebf9c5047a527df76", "scene": "scene-0927"}, {"images": ["samples/CAM_FRONT_LEFT/n015-2018-10-08-15-44-23+0800__CAM_FRONT_LEFT__1538984970354844.jpg", "samples/CAM_FRONT/n015-2018-10-08-15-44-23+0800__CAM_FRONT__1538984970362460.jpg", "samples/CAM_FRONT_RIGHT/n015-2018-10-08-15-44-23+0800__CAM_FRONT_RIGHT__1538984970370339.jpg", "samples/CAM_BACK_LEFT/n015-2018-10-08-15-44-23+0800__CAM_BACK_LEFT__1538984970397423.jpg", "samples/CAM_BACK/n015-2018-10-08-15-44-23+0800__CAM_BACK__1538984970387525.jpg", "samples/CAM_BACK_RIGHT/n015-2018-10-08-15-44-23+0800__CAM_BACK_RIGHT__1538984970377893.jpg"], "intrinsics": [[[1272.5979470598488, 0.0, 826.6154927353808], [0.0, 1272.5979470598488, 479.75165386361925], [0.0, 0.0, 1.0]], [[1266.417203046554, 0.0, 816.2670197447984], [0.0, 1266.417203046554, 491.50706579294757], [0.0, 0.0, 1.0]], [[1260.8474446004698, 0.0, 807.968244525554], [0.0, 1260.8474446004698, 495.3344268742088], [0.0, 0.0, 1.0]], [[1256.7414812095406, 0.0, 792.1125740759628], [0.0, 1256.7414812095406, 492.7757465151356], [0.0, 0.0, 1.0]], [[809.2209905677063, 0.0, 829.2196003259838], [0.0, 809.2209905677063, 481.77842384512485], [0.0, 0.0, 1.0]], [[1259.5137405846733, 0.0, 807.2529053838625], [0.0, 1259.5137405846733, 501.19579884916527], [0.0, 0.0, 1.0]]], "extrinsics": [[[0.8200497627258301, -0.5698069334030151, 0.05327637493610382, -0.74658203125], [0.045280031859874725, -0.02820015326142311, -0.9985762238502502, 1.5203094482421875], [0.5704981088638306, 0.8212945461273193, 0.002675347262993455, -1.13189697265625], [0.0, 0.0, 0.0, 1.0]], [[0.005658677313476801, -0.9994562864303589, 0.032480668276548386, 0.0091552734375], [0.04003160074353218, -0.0322287417948246, -0.9986785054206848, 1.5293426513671875], [0.9991823434829712, 0.006951386574655771, 0.039827462285757065, -1.4742431640625], [0.0, 0.0, 0.0, 1.0]], [[-0.8316770792007446, -0.5544644594192505, -0.02970227599143982, 0.891693115234375], [0.04566940292716026, -0.014995107427239418, -0.9988440275192261, 1.5114593505859375], [0.5533782243728638, -0.8320721983909607, 0.03779315575957298, -1.152587890625], [0.0, 0.0, 0.0, 1.0]], [[0.9467230439186096, 0.31989601254463196, 0.03717387095093727, -1.1363906860351562], [0.05442483723163605, -0.04515356943011284, -0.9974964261054993, 1.5888824462890625], [-0.31741657853126526, 0.9463760852813721, -0.06015821546316147, -0.105712890625], [0.0, 0.0, 0.0, 1.0]], [[0.0028746342286467552, 0.999376654624939, -0.035186756402254105, 0.0020751953125], [0.0290061105042696, -0.03525542840361595, -0.9989573359489441, 1.5813064575195312], [-0.9995750784873962, 0.0018510448280721903, -0.02908937633037567, -0.0643310546875], [0.0, 0.0, 0.0, 1.0]], [[-0.9332540035247803, 0.35335296392440796, -0.06464143097400665, 1.019287109375], [0.061564020812511444, -0.01995469070971012, -0.9979036450386047, 1.5591583251953125], [-0.353902131319046, -0.9352772235870361, -0.003131038509309292, -0.106201171875], [0.0, 0.0, 0.0, 1.0]]], "view": [[0.0, -2.0, 100.0], [-2.0, 0.0, 100.0], [0.0, 0.0, 1.0]], "bev": "bev_974c8f18de9b43b9a7dbaddb185a13b3.png", "aux": "aux_974c8f18de9b43b9a7dbaddb185a13b3.npz", "visibility": "visibility_974c8f18de9b43b9a7dbaddb185a13b3.png", "pose": [[-0.7141534090042114, -0.6999891996383667, 0.0, 675.8121948242188], [0.6999891996383667, -0.7141534090042114, 0.0, 1603.795166015625], [0.0, 0.0, 1.0, 0.0], [0.0, 0.0, 0.0, 1.0]], "pose_inverse": [[-0.7141534090042114, 0.6999891996383667, 0.0, -640.0056762695312], [-0.6999891996383667, -0.7141534090042114, 0.0, 1618.4171142578125], [0.0, 0.0, 1.0, 0.0], [0.0, 0.0, 0.0, 1.0]], "cam_ids": [0, 1, 2, 3, 4, 5], "cam_channels": ["CAM_FRONT_LEFT", "CAM_FRONT", "CAM_FRONT_RIGHT", "CAM_BACK_LEFT", "CAM_BACK", "CAM_BACK_RIGHT"], "token": "974c8f18de9b43b9a7dbaddb185a13b3", "scene": "scene-0927"}, {"images": ["samples/CAM_FRONT_LEFT/n015-2018-10-08-15-44-23+0800__CAM_FRONT_LEFT__1538984970854844.jpg", "samples/CAM_FRONT/n015-2018-10-08-15-44-23+0800__CAM_FRONT__1538984970862460.jpg", "samples/CAM_FRONT_RIGHT/n015-2018-10-08-15-44-23+0800__CAM_FRONT_RIGHT__1538984970870339.jpg", "samples/CAM_BACK_LEFT/n015-2018-10-08-15-44-23+0800__CAM_BACK_LEFT__1538984970897423.jpg", "samples/CAM_BACK/n015-2018-10-08-15-44-23+0800__CAM_BACK__1538984970887525.jpg", "samples/CAM_BACK_RIGHT/n015-2018-10-08-15-44-23+0800__CAM_BACK_RIGHT__1538984970877893.jpg"], "intrinsics": [[[1272.5979470598488, 0.0, 826.6154927353808], [0.0, 1272.5979470598488, 479.75165386361925], [0.0, 0.0, 1.0]], [[1266.417203046554, 0.0, 816.2670197447984], [0.0, 1266.417203046554, 491.50706579294757], [0.0, 0.0, 1.0]], [[1260.8474446004698, 0.0, 807.968244525554], [0.0, 1260.8474446004698, 495.3344268742088], [0.0, 0.0, 1.0]], [[1256.7414812095406, 0.0, 792.1125740759628], [0.0, 1256.7414812095406, 492.7757465151356], [0.0, 0.0, 1.0]], [[809.2209905677063, 0.0, 829.2196003259838], [0.0, 809.2209905677063, 481.77842384512485], [0.0, 0.0, 1.0]], [[1259.5137405846733, 0.0, 807.2529053838625], [0.0, 1259.5137405846733, 501.19579884916527], [0.0, 0.0, 1.0]]], "extrinsics": [[[0.8195510506629944, -0.5706473588943481, 0.051938097923994064, -0.7481689453125], [0.0466921292245388, -0.023832743987441063, -0.9986249804496765, 1.5205764770507812], [0.5711005330085754, 0.8208493590354919, 0.007112586405128241, -1.13232421875], [0.0, 0.0, 0.0, 1.0]], [[0.004980803932994604, -0.9995951652526855, 0.028010234236717224, 0.00830078125], [0.04144575446844101, -0.027780158445239067, -0.9987545013427734, 1.5296173095703125], [0.9991282820701599, 0.00613556569442153, 0.041290607303380966, -1.474853515625], [0.0, 0.0, 0.0, 1.0]], [[-0.8319201469421387, -0.5538854598999023, -0.03346332162618637, 0.8907470703125], [0.04712614417076111, -0.010436945594847202, -0.9988343715667725, 1.5117149353027344], [0.5528906583786011, -0.8325274586677551, 0.034785196185112, -1.15283203125], [0.0, 0.0, 0.0, 1.0]], [[0.9465944170951843, 0.31990721821784973, 0.04022850841283798, -1.1371383666992188], [0.05602794885635376, -0.040334250777959824, -0.9976141452789307, 1.5888595581054688], [-0.3175213932991028, 0.946590006351471, -0.05610392242670059, -0.1055908203125], [0.0, 0.0, 0.0, 1.0]], [[0.0030031977221369743, 0.9995323419570923, -0.030432431027293205, 0.00244140625], [0.030552808195352554, -0.03051007352769375, -0.9990674257278442, 1.5814132690429688], [-0.9995285868644714, 0.002070639282464981, -0.030630147084593773, -0.06451416015625], [0.0, 0.0, 0.0, 1.0]], [[-0.9330289959907532, 0.3539925217628479, -0.0643903836607933, 1.0184326171875], [0.06305616348981857, -0.01531514897942543, -0.997892439365387, 1.5593910217285156], [-0.3542325496673584, -0.9351228475570679, -0.008031927049160004, -0.1072998046875], [0.0, 0.0, 0.0, 1.0]]], "view": [[0.0, -2.0, 100.0], [-2.0, 0.0, 100.0], [0.0, 0.0, 1.0]], "bev": "bev_ec99db2461b149d0960c3ebb986f2ddf.png", "aux": "aux_ec99db2461b149d0960c3ebb986f2ddf.npz", "visibility": "visibility_ec99db2461b149d0960c3ebb986f2ddf.png", "pose": [[-0.714634120464325, -0.6994984149932861, 0.0, 673.7122802734375], [0.6994984149932861, -0.714634120464325, 0.0, 1605.897216796875], [0.0, 0.0, 1.0, 0.0], [0.0, 0.0, 0.0, 1.0]], "pose_inverse": [[-0.714634120464325, 0.6994984149932861, 0.0, -641.86474609375], [-0.6994984149932861, -0.714634120464325, 0.0, 1618.8896484375], [0.0, 0.0, 1.0, 0.0], [0.0, 0.0, 0.0, 1.0]], "cam_ids": [0, 1, 2, 3, 4, 5], "cam_channels": ["CAM_FRONT_LEFT", "CAM_FRONT", "CAM_FRONT_RIGHT", "CAM_BACK_LEFT", "CAM_BACK", "CAM_BACK_RIGHT"], "token": "ec99db2461b149d0960c3ebb986f2ddf", "scene": "scene-0927"}, {"images": ["samples/CAM_FRONT_LEFT/n015-2018-10-08-15-44-23+0800__CAM_FRONT_LEFT__1538984971354844.jpg", "samples/CAM_FRONT/n015-2018-10-08-15-44-23+0800__CAM_FRONT__1538984971362460.jpg", "samples/CAM_FRONT_RIGHT/n015-2018-10-08-15-44-23+0800__CAM_FRONT_RIGHT__1538984971370339.jpg", "samples/CAM_BACK_LEFT/n015-2018-10-08-15-44-23+0800__CAM_BACK_LEFT__1538984971397423.jpg", "samples/CAM_BACK/n015-2018-10-08-15-44-23+0800__CAM_BACK__1538984971387525.jpg", "samples/CAM_BACK_RIGHT/n015-2018-10-08-15-44-23+0800__CAM_BACK_RIGHT__1538984971377893.jpg"], "intrinsics": [[[1272.5979470598488, 0.0, 826.6154927353808], [0.0, 1272.5979470598488, 479.75165386361925], [0.0, 0.0, 1.0]], [[1266.417203046554, 0.0, 816.2670197447984], [0.0, 1266.417203046554, 491.50706579294757], [0.0, 0.0, 1.0]], [[1260.8474446004698, 0.0, 807.968244525554], [0.0, 1260.8474446004698, 495.3344268742088], [0.0, 0.0, 1.0]], [[1256.7414812095406, 0.0, 792.1125740759628], [0.0, 1256.7414812095406, 492.7757465151356], [0.0, 0.0, 1.0]], [[809.2209905677063, 0.0, 829.2196003259838], [0.0, 809.2209905677063, 481.77842384512485], [0.0, 0.0, 1.0]], [[1259.5137405846733, 0.0, 807.2529053838625], [0.0, 1259.5137405846733, 501.19579884916527], [0.0, 0.0, 1.0]]], "extrinsics": [[[0.8195458054542542, -0.57051682472229, 0.05343553423881531, -0.742919921875], [0.0516793355345726, -0.019281817600131035, -0.998477578163147, 1.5221939086914062], [0.5706785321235657, 0.8210596442222595, 0.013681593351066113, -1.1290283203125], [0.0, 0.0, 0.0, 1.0]], [[0.00526763079687953, -0.9997073411941528, 0.02360810525715351, 0.008056640625], [0.046472467482089996, -0.023338191211223602, -0.9986469149589539, 1.5308990478515625], [0.9989056587219238, 0.006357686594128609, 0.04633593186736107, -1.47052001953125], [0.0, 0.0, 0.0, 1.0]], [[-0.8315238356590271, -0.5540435910224915, -0.04004800692200661, 0.888458251953125], [0.052170027047395706, -0.006114858668297529, -0.9986194372177124, 1.5127143859863281], [0.5530337691307068, -0.8324652314186096, 0.03398912027478218, -1.151611328125], [0.0, 0.0, 0.0, 1.0]], [[0.9462645053863525, 0.32006266713142395, 0.04629601538181305, -1.1378097534179688], [0.06108436360955238, -0.03631476312875748, -0.9974717497825623, 1.588836669921875], [-0.3175722062587738, 0.9467000961303711, -0.05391419678926468, -0.1053466796875], [0.0, 0.0, 0.0, 1.0]], [[0.002795559586957097, 0.9996500611305237, -0.026307225227355957, 0.002685546875], [0.03560657054185867, -0.02639015205204487, -0.9990174174308777, 1.5817375183105469], [-0.9993619322776794, 0.0018561816541478038, -0.03566788509488106, -0.0648193359375], [0.0, 0.0, 0.0, 1.0]], [[-0.9328227043151855, 0.3539371192455292, -0.06760463863611221, 1.0174560546875], [0.06809574365615845, -0.011081919074058533, -0.997617244720459, 1.5600967407226562], [-0.35384294390678406, -0.9352036714553833, -0.01376414019614458, -0.10791015625], [0.0, 0.0, 0.0, 1.0]]], "view": [[0.0, -2.0, 100.0], [-2.0, 0.0, 100.0], [0.0, 0.0, 1.0]], "bev": "bev_e6de143b8922499db1362696a1d18fb1.png", "aux": "aux_e6de143b8922499db1362696a1d18fb1.npz", "visibility": "visibility_e6de143b8922499db1362696a1d18fb1.png", "pose": [[-0.7180781364440918, -0.6959624886512756, 0.0, 671.5173950195312], [0.6959624886512756, -0.7180781364440918, 0.0, 1608.0662841796875], [0.0, 0.0, 1.0, 0.0], [0.0, 0.0, 0.0, 1.0]], "pose_inverse": [[-0.7180781364440918, 0.6959624886512756, 0.0, -636.9518432617188], [-0.6959624886512756, -0.7180781364440918, 0.0, 1622.0682373046875], [0.0, 0.0, 1.0, 0.0], [0.0, 0.0, 0.0, 1.0]], "cam_ids": [0, 1, 2, 3, 4, 5], "cam_channels": ["CAM_FRONT_LEFT", "CAM_FRONT", "CAM_FRONT_RIGHT", "CAM_BACK_LEFT", "CAM_BACK", "CAM_BACK_RIGHT"], "token": "e6de143b8922499db1362696a1d18fb1", "scene": "scene-0927"}, {"images": ["samples/CAM_FRONT_LEFT/n015-2018-10-08-15-44-23+0800__CAM_FRONT_LEFT__1538984971854844.jpg", "samples/CAM_FRONT/n015-2018-10-08-15-44-23+0800__CAM_FRONT__1538984971862460.jpg", "samples/CAM_FRONT_RIGHT/n015-2018-10-08-15-44-23+0800__CAM_FRONT_RIGHT__1538984971870339.jpg", "samples/CAM_BACK_LEFT/n015-2018-10-08-15-44-23+0800__CAM_BACK_LEFT__1538984971897423.jpg", "samples/CAM_BACK/n015-2018-10-08-15-44-23+0800__CAM_BACK__1538984971887525.jpg", "samples/CAM_BACK_RIGHT/n015-2018-10-08-15-44-23+0800__CAM_BACK_RIGHT__1538984971877893.jpg"], "intrinsics": [[[1272.5979470598488, 0.0, 826.6154927353808], [0.0, 1272.5979470598488, 479.75165386361925], [0.0, 0.0, 1.0]], [[1266.417203046554, 0.0, 816.2670197447984], [0.0, 1266.417203046554, 491.50706579294757], [0.0, 0.0, 1.0]], [[1260.8474446004698, 0.0, 807.968244525554], [0.0, 1260.8474446004698, 495.3344268742088], [0.0, 0.0, 1.0]], [[1256.7414812095406, 0.0, 792.1125740759628], [0.0, 1256.7414812095406, 492.7757465151356], [0.0, 0.0, 1.0]], [[809.2209905677063, 0.0, 829.2196003259838], [0.0, 809.2209905677063, 481.77842384512485], [0.0, 0.0, 1.0]], [[1259.5137405846733, 0.0, 807.2529053838625], [0.0, 1259.5137405846733, 501.19579884916527], [0.0, 0.0, 1.0]]], "extrinsics": [[[0.8197294473648071, -0.5703402161598206, 0.05249549448490143, -0.730712890625], [0.052222464233636856, -0.01684628613293171, -0.9984933137893677, 1.52313232421875], [0.5703652501106262, 0.8212358355522156, 0.015975171700119972, -1.11993408203125], [0.0, 0.0, 0.0, 1.0]], [[0.005595673806965351, -0.9997614026069641, 0.02111324854195118, 0.0079345703125], [0.0469265840947628, -0.02082778513431549, -0.9986812472343445, 1.5315704345703125], [0.9988827109336853, 0.006579073611646891, 0.046798840165138245, -1.45806884765625], [0.0, 0.0, 0.0, 1.0]], [[-0.8313412070274353, -0.5541902184486389, -0.041771817952394485, 0.880828857421875], [0.05252477899193764, -0.0035224775783717632, -0.9986133575439453, 1.5132522583007812], [0.5532745718955994, -0.8323826193809509, 0.032037101686000824, -1.146484375], [0.0, 0.0, 0.0, 1.0]], [[0.9462228417396545, 0.32004329562187195, 0.047271352261304855, -1.1381301879882812], [0.06117857247591019, -0.03353419899940491, -0.997563362121582, 1.5888137817382812], [-0.31767821311950684, 0.9468092918395996, -0.05131061375141144, -0.1051025390625], [0.0, 0.0, 0.0, 1.0]], [[0.002610178431496024, 0.9997183680534363, -0.023587699979543686, 0.002685546875], [0.035781651735305786, -0.02366604283452034, -0.9990793466567993, 1.5818557739257812], [-0.999356210231781, 0.0017636975971981883, -0.03583334758877754, -0.06768798828125], [0.0, 0.0, 0.0, 1.0]], [[-0.9328978061676025, 0.35386911034584045, -0.06692101061344147, 1.0115966796875], [0.06836866587400436, -0.008424229919910431, -0.9976245760917664, 1.5605659484863281], [-0.35359224677085876, -0.9352570176124573, -0.016334611922502518, -0.110107421875], [0.0, 0.0, 0.0, 1.0]]], "view": [[0.0, -2.0, 100.0], [-2.0, 0.0, 100.0], [0.0, 0.0, 1.0]], "bev": "bev_f4e02ed64b444a2a98fa0eb784ebe20d.png", "aux": "aux_f4e02ed64b444a2a98fa0eb784ebe20d.npz", "visibility": "visibility_f4e02ed64b444a2a98fa0eb784ebe20d.png", "pose": [[-0.7210313081741333, -0.6929025053977966, 0.0, 669.2382202148438], [0.6929025053977966, -0.7210313081741333, 0.0, 1610.29931640625], [0.0, 0.0, 1.0, 0.0], [0.0, 0.0, 0.0, 1.0]], "pose_inverse": [[-0.7210313081741333, 0.6929025053977966, 0.0, -633.2386474609375], [-0.6929025053977966, -0.7210313081741333, 0.0, 1624.7930908203125], [0.0, 0.0, 1.0, 0.0], [0.0, 0.0, 0.0, 1.0]], "cam_ids": [0, 1, 2, 3, 4, 5], "cam_channels": ["CAM_FRONT_LEFT", "CAM_FRONT", "CAM_FRONT_RIGHT", "CAM_BACK_LEFT", "CAM_BACK", "CAM_BACK_RIGHT"], "token": "f4e02ed64b444a2a98fa0eb784ebe20d", "scene": "scene-0927"}, {"images": ["samples/CAM_FRONT_LEFT/n015-2018-10-08-15-44-23+0800__CAM_FRONT_LEFT__1538984972354844.jpg", "samples/CAM_FRONT/n015-2018-10-08-15-44-23+0800__CAM_FRONT__1538984972362460.jpg", "samples/CAM_FRONT_RIGHT/n015-2018-10-08-15-44-23+0800__CAM_FRONT_RIGHT__1538984972370339.jpg", "samples/CAM_BACK_LEFT/n015-2018-10-08-15-44-23+0800__CAM_BACK_LEFT__1538984972397423.jpg", "samples/CAM_BACK/n015-2018-10-08-15-44-23+0800__CAM_BACK__1538984972387525.jpg", "samples/CAM_BACK_RIGHT/n015-2018-10-08-15-44-23+0800__CAM_BACK_RIGHT__1538984972377893.jpg"], "intrinsics": [[[1272.5979470598488, 0.0, 826.6154927353808], [0.0, 1272.5979470598488, 479.75165386361925], [0.0, 0.0, 1.0]], [[1266.417203046554, 0.0, 816.2670197447984], [0.0, 1266.417203046554, 491.50706579294757], [0.0, 0.0, 1.0]], [[1260.8474446004698, 0.0, 807.968244525554], [0.0, 1260.8474446004698, 495.3344268742088], [0.0, 0.0, 1.0]], [[1256.7414812095406, 0.0, 792.1125740759628], [0.0, 1256.7414812095406, 492.7757465151356], [0.0, 0.0, 1.0]], [[809.2209905677063, 0.0, 829.2196003259838], [0.0, 809.2209905677063, 481.77842384512485], [0.0, 0.0, 1.0]], [[1259.5137405846733, 0.0, 807.2529053838625], [0.0, 1259.5137405846733, 501.19579884916527], [0.0, 0.0, 1.0]]], "extrinsics": [[[0.8192235827445984, -0.5708340406417847, 0.05496612936258316, -0.7291259765625], [0.054751571267843246, -0.01755574718117714, -0.9983456134796143, 1.5239791870117188], [0.5708546042442322, 0.8208778500556946, 0.016871972009539604, -1.1175537109375], [0.0, 0.0, 0.0, 1.0]], [[0.005126935429871082, -0.9997471570968628, 0.02189287357032299, 0.0068359375], [0.049429941922426224, -0.02161303348839283, -0.9985437393188477, 1.5322494506835938], [0.9987643957138062, 0.006201574113219976, 0.049306634813547134, -1.4559326171875], [0.0, 0.0, 0.0, 1.0]], [[-0.8313308358192444, -0.5540817975997925, -0.04338695853948593, 0.879180908203125], [0.05502469465136528, -0.004372845869511366, -0.9984753727912903, 1.5138092041015625], [0.5530472993850708, -0.8324507474899292, 0.034123461693525314, -1.1461181640625], [0.0, 0.0, 0.0, 1.0]], [[0.9460930824279785, 0.3201404809951782, 0.04917272925376892, -1.138946533203125], [0.06352542340755463, -0.03453779220581055, -0.9973823428153992, 1.5887680053710938], [-0.3176041841506958, 0.9467402696609497, -0.05301302298903465, -0.104736328125], [0.0, 0.0, 0.0, 1.0]], [[0.002659181598573923, 0.9996953010559082, -0.024542635306715965, 0.0029296875], [0.03822074830532074, -0.024626392871141434, -0.998965859413147, 1.5820236206054688], [-0.9992657899856567, 0.0017182596493512392, -0.03827458620071411, -0.06756591796875], [0.0, 0.0, 0.0, 1.0]], [[-0.9327144026756287, 0.35384273529052734, -0.06956411898136139, 1.010986328125], [0.07085202634334564, -0.00933055765926838, -0.9974431991577148, 1.5609664916992188], [-0.35358718037605286, -0.9352584481239319, -0.016367733478546143, -0.1109619140625], [0.0, 0.0, 0.0, 1.0]]], "view": [[0.0, -2.0, 100.0], [-2.0, 0.0, 100.0], [0.0, 0.0, 1.0]], "bev": "bev_3a9bf178698f444cac9db6f34e6c4e5f.png", "aux": "aux_3a9bf178698f444cac9db6f34e6c4e5f.npz", "visibility": "visibility_3a9bf178698f444cac9db6f34e6c4e5f.png", "pose": [[-0.7267072200775146, -0.6869473457336426, 0.0, 666.8704223632812], [0.6869473457336426, -0.7267072200775146, 0.0, 1612.58544921875], [0.0, 0.0, 1.0, 0.0], [0.0, 0.0, 0.0, 1.0]], "pose_inverse": [[-0.7267072200775146, 0.6869473457336426, 0.0, -623.1417236328125], [-0.6869473457336426, -0.7267072200775146, 0.0, 1629.9822998046875], [0.0, 0.0, 1.0, 0.0], [0.0, 0.0, 0.0, 1.0]], "cam_ids": [0, 1, 2, 3, 4, 5], "cam_channels": ["CAM_FRONT_LEFT", "CAM_FRONT", "CAM_FRONT_RIGHT", "CAM_BACK_LEFT", "CAM_BACK", "CAM_BACK_RIGHT"], "token": "3a9bf178698f444cac9db6f34e6c4e5f", "scene": "scene-0927"}, {"images": ["samples/CAM_FRONT_LEFT/n015-2018-10-08-15-44-23+0800__CAM_FRONT_LEFT__1538984972854844.jpg", "samples/CAM_FRONT/n015-2018-10-08-15-44-23+0800__CAM_FRONT__1538984972862465.jpg", "samples/CAM_FRONT_RIGHT/n015-2018-10-08-15-44-23+0800__CAM_FRONT_RIGHT__1538984972870339.jpg", "samples/CAM_BACK_LEFT/n015-2018-10-08-15-44-23+0800__CAM_BACK_LEFT__1538984972897423.jpg", "samples/CAM_BACK/n015-2018-10-08-15-44-23+0800__CAM_BACK__1538984972887525.jpg", "samples/CAM_BACK_RIGHT/n015-2018-10-08-15-44-23+0800__CAM_BACK_RIGHT__1538984972877893.jpg"], "intrinsics": [[[1272.5979470598488, 0.0, 826.6154927353808], [0.0, 1272.5979470598488, 479.75165386361925], [0.0, 0.0, 1.0]], [[1266.417203046554, 0.0, 816.2670197447984], [0.0, 1266.417203046554, 491.50706579294757], [0.0, 0.0, 1.0]], [[1260.8474446004698, 0.0, 807.968244525554], [0.0, 1260.8474446004698, 495.3344268742088], [0.0, 0.0, 1.0]], [[1256.7414812095406, 0.0, 792.1125740759628], [0.0, 1256.7414812095406, 492.7757465151356], [0.0, 0.0, 1.0]], [[809.2209905677063, 0.0, 829.2196003259838], [0.0, 809.2209905677063, 481.77842384512485], [0.0, 0.0, 1.0]], [[1259.5137405846733, 0.0, 807.2529053838625], [0.0, 1259.5137405846733, 501.19579884916527], [0.0, 0.0, 1.0]]], "extrinsics": [[[0.8191518783569336, -0.5707650780677795, 0.05672263726592064, -0.7255859375], [0.05517022684216499, -0.020029347389936447, -0.9982759952545166, 1.5243453979492188], [0.5709171295166016, 0.8208690285682678, 0.01508216094225645, -1.1142578125], [0.0, 0.0, 0.0, 1.0]], [[0.0051165190525352955, -0.9996894598007202, 0.024387255311012268, 0.0068359375], [0.05008759722113609, -0.024100758135318756, -0.9984539747238159, 1.5326004028320312], [0.9987316727638245, 0.0063301753252744675, 0.04994872584939003, -1.4520263671875], [0.0, 0.0, 0.0, 1.0]], [[-0.8312398791313171, -0.5542702078819275, -0.04271591454744339, 0.876617431640625], [0.05591101199388504, -0.006905275397002697, -0.9984118342399597, 1.5141563415527344], [0.5530950427055359, -0.8323081135749817, 0.03672974929213524, -1.14404296875], [0.0, 0.0, 0.0, 1.0]], [[0.9460150599479675, 0.32025912404060364, 0.049894340336322784, -1.1397781372070312], [0.06520159542560577, -0.03724553808569908, -0.9971767663955688, 1.5887298583984375], [-0.3174966275691986, 0.9465975165367126, -0.0561162494122982, -0.104736328125], [0.0, 0.0, 0.0, 1.0]], [[0.0026404212694615126, 0.999626636505127, -0.02719721384346485, 0.0025634765625], [0.039611417800188065, -0.02728051319718361, -0.998842716217041, 1.5821685791015625], [-0.9992116689682007, 0.0015600738115608692, -0.03966865688562393, -0.0687255859375], [0.0, 0.0, 0.0, 1.0]], [[-0.932681679725647, 0.35353994369506836, -0.07151489704847336, 1.0084228515625], [0.07196077704429626, -0.011902219615876675, -0.9973364472389221, 1.5612907409667969], [-0.3534494936466217, -0.9353436827659607, -0.014340030029416084, -0.1112060546875], [0.0, 0.0, 0.0, 1.0]]], "view": [[0.0, -2.0, 100.0], [-2.0, 0.0, 100.0], [0.0, 0.0, 1.0]], "bev": "bev_6826c8ea644b4ec9acbd86ac234a8486.png", "aux": "aux_6826c8ea644b4ec9acbd86ac234a8486.npz", "visibility": "visibility_6826c8ea644b4ec9acbd86ac234a8486.png", "pose": [[-0.7318587303161621, -0.6814563870429993, 0.0, 664.4371948242188], [0.6814563870429993, -0.7318587303161621, 0.0, 1614.8822021484375], [0.0, 0.0, 1.0, 0.0], [0.0, 0.0, 0.0, 1.0]], "pose_inverse": [[-0.7318587303161621, 0.6814563870429993, 0.0, -614.1976928710938], [-0.6814563870429993, -0.7318587303161621, 0.0, 1634.650634765625], [0.0, 0.0, 1.0, 0.0], [0.0, 0.0, 0.0, 1.0]], "cam_ids": [0, 1, 2, 3, 4, 5], "cam_channels": ["CAM_FRONT_LEFT", "CAM_FRONT", "CAM_FRONT_RIGHT", "CAM_BACK_LEFT", "CAM_BACK", "CAM_BACK_RIGHT"], "token": "6826c8ea644b4ec9acbd86ac234a8486", "scene": "scene-0927"}, {"images": ["samples/CAM_FRONT_LEFT/n015-2018-10-08-15-44-23+0800__CAM_FRONT_LEFT__1538984973354844.jpg", "samples/CAM_FRONT/n015-2018-10-08-15-44-23+0800__CAM_FRONT__1538984973362460.jpg", "samples/CAM_FRONT_RIGHT/n015-2018-10-08-15-44-23+0800__CAM_FRONT_RIGHT__1538984973370339.jpg", "samples/CAM_BACK_LEFT/n015-2018-10-08-15-44-23+0800__CAM_BACK_LEFT__1538984973397423.jpg", "samples/CAM_BACK/n015-2018-10-08-15-44-23+0800__CAM_BACK__1538984973387525.jpg", "samples/CAM_BACK_RIGHT/n015-2018-10-08-15-44-23+0800__CAM_BACK_RIGHT__1538984973377893.jpg"], "intrinsics": [[[1272.5979470598488, 0.0, 826.6154927353808], [0.0, 1272.5979470598488, 479.75165386361925], [0.0, 0.0, 1.0]], [[1266.417203046554, 0.0, 816.2670197447984], [0.0, 1266.417203046554, 491.50706579294757], [0.0, 0.0, 1.0]], [[1260.8474446004698, 0.0, 807.968244525554], [0.0, 1260.8474446004698, 495.3344268742088], [0.0, 0.0, 1.0]], [[1256.7414812095406, 0.0, 792.1125740759628], [0.0, 1256.7414812095406, 492.7757465151356], [0.0, 0.0, 1.0]], [[809.2209905677063, 0.0, 829.2196003259838], [0.0, 809.2209905677063, 481.77842384512485], [0.0, 0.0, 1.0]], [[1259.5137405846733, 0.0, 807.2529053838625], [0.0, 1259.5137405846733, 501.19579884916527], [0.0, 0.0, 1.0]]], "extrinsics": [[[0.8196136355400085, -0.5705164670944214, 0.0523870587348938, -0.7086181640625], [0.05364163964986801, -0.01461939886212349, -0.9984531998634338, 1.5249900817871094], [0.570399820804596, 0.8211560845375061, 0.018621178343892097, -1.10400390625], [0.0, 0.0, 0.0, 1.0]], [[0.005611402913928032, -0.9998070001602173, 0.018822193145751953, 0.0078125], [0.048263512551784515, -0.018529769033193588, -0.9986627697944641, 1.5330276489257812], [0.9988187551498413, 0.006512344814836979, 0.04815022274851799, -1.43438720703125], [0.0, 0.0, 0.0, 1.0]], [[-0.8311980962753296, -0.5542223453521729, -0.0441279411315918, 0.863922119140625], [0.053801774978637695, -0.0011835360201075673, -0.9985509514808655, 1.5145759582519531], [0.553367018699646, -0.8323677778244019, 0.03080190159380436, -1.1353759765625], [0.0, 0.0, 0.0, 1.0]], [[0.9461226463317871, 0.32006528973579407, 0.049092698842287064, -1.1365127563476562], [0.062326524406671524, -0.03122888132929802, -0.9975671172142029, 1.5889205932617188], [-0.31775352358818054, 0.9468806385993958, -0.049494918435811996, -0.105712890625], [0.0, 0.0, 0.0, 1.0]], [[0.0024609516840428114, 0.9997710585594177, -0.021257556974887848, 0.00244140625], [0.03698265552520752, -0.02133406512439251, -0.9990881681442261, 1.5822601318359375], [-0.9993128776550293, 0.0016725421883165836, -0.03702669218182564, -0.07666015625], [0.0, 0.0, 0.0, 1.0]], [[-0.932887852191925, 0.35383176803588867, -0.06725537776947021, 0.9967041015625], [0.06961363554000854, -0.006074228323996067, -0.9975555539131165, 1.5618324279785156], [-0.35337528586387634, -0.9352893233299255, -0.018964940682053566, -0.11572265625], [0.0, 0.0, 0.0, 1.0]]], "view": [[0.0, -2.0, 100.0], [-2.0, 0.0, 100.0], [0.0, 0.0, 1.0]], "bev": "bev_fbab76edbaed4c9dbd217a1c011c80b1.png", "aux": "aux_fbab76edbaed4c9dbd217a1c011c80b1.npz", "visibility": "visibility_fbab76edbaed4c9dbd217a1c011c80b1.png", "pose": [[-0.7370343804359436, -0.6758552193641663, 0.0, 661.88623046875], [0.6758552193641663, -0.7370343804359436, 0.0, 1617.260009765625], [0.0, 0.0, 1.0, 0.0], [0.0, 0.0, 0.0, 1.0]], "pose_inverse": [[-0.7370343804359436, 0.6758552193641663, 0.0, -605.2007446289062], [-0.6758552193641663, -0.7370343804359436, 0.0, 1639.3155517578125], [0.0, 0.0, 1.0, 0.0], [0.0, 0.0, 0.0, 1.0]], "cam_ids": [0, 1, 2, 3, 4, 5], "cam_channels": ["CAM_FRONT_LEFT", "CAM_FRONT", "CAM_FRONT_RIGHT", "CAM_BACK_LEFT", "CAM_BACK", "CAM_BACK_RIGHT"], "token": "fbab76edbaed4c9dbd217a1c011c80b1", "scene": "scene-0927"}, {"images": ["samples/CAM_FRONT_LEFT/n015-2018-10-08-15-44-23+0800__CAM_FRONT_LEFT__1538984973854844.jpg", "samples/CAM_FRONT/n015-2018-10-08-15-44-23+0800__CAM_FRONT__1538984973862460.jpg", "samples/CAM_FRONT_RIGHT/n015-2018-10-08-15-44-23+0800__CAM_FRONT_RIGHT__1538984973870339.jpg", "samples/CAM_BACK_LEFT/n015-2018-10-08-15-44-23+0800__CAM_BACK_LEFT__1538984973897435.jpg", "samples/CAM_BACK/n015-2018-10-08-15-44-23+0800__CAM_BACK__1538984973887525.jpg", "samples/CAM_BACK_RIGHT/n015-2018-10-08-15-44-23+0800__CAM_BACK_RIGHT__1538984973877893.jpg"], "intrinsics": [[[1272.5979470598488, 0.0, 826.6154927353808], [0.0, 1272.5979470598488, 479.75165386361925], [0.0, 0.0, 1.0]], [[1266.417203046554, 0.0, 816.2670197447984], [0.0, 1266.417203046554, 491.50706579294757], [0.0, 0.0, 1.0]], [[1260.8474446004698, 0.0, 807.968244525554], [0.0, 1260.8474446004698, 495.3344268742088], [0.0, 0.0, 1.0]], [[1256.7414812095406, 0.0, 792.1125740759628], [0.0, 1256.7414812095406, 492.7757465151356], [0.0, 0.0, 1.0]], [[809.2209905677063, 0.0, 829.2196003259838], [0.0, 809.2209905677063, 481.77842384512485], [0.0, 0.0, 1.0]], [[1259.5137405846733, 0.0, 807.2529053838625], [0.0, 1259.5137405846733, 501.19579884916527], [0.0, 0.0, 1.0]]], "extrinsics": [[[0.8191954493522644, -0.5705989599227905, 0.0577552504837513, -0.717529296875], [0.0610601082444191, -0.01335817389190197, -0.9980446696281433, 1.5266532897949219], [0.5702547430992126, 0.8211202621459961, 0.02389787882566452, -1.1097412109375], [0.0, 0.0, 0.0, 1.0]], [[0.00554656283929944, -0.999826967716217, 0.017757220193743706, 0.0081787109375], [0.0557510107755661, -0.01742069236934185, -0.9982927441596985, 1.534393310546875], [0.9984292984008789, 0.006527090910822153, 0.05564473569393158, -1.44464111328125], [0.0, 0.0, 0.0, 1.0]], [[-0.8307490944862366, -0.5543133020401001, -0.050919774919748306, 0.872833251953125], [0.06129678711295128, -0.00017718957678880543, -0.998119592666626, 1.5154800415039062], [0.553261935710907, -0.8323081135749817, 0.03412482142448425, -1.1402587890625], [0.0, 0.0, 0.0, 1.0]], [[0.9456340670585632, 0.32032325863838196, 0.056295860558748245, -1.1415786743164062], [0.06964299082756042, -0.03035564534366131, -0.9971100091934204, 1.5886077880859375], [-0.31768861413002014, 0.9468218088150024, -0.05101360008120537, -0.10400390625], [0.0, 0.0, 0.0, 1.0]], [[0.0023410154972225428, 0.9997900128364563, -0.020360272377729416, 0.0023193359375], [0.044385362416505814, -0.020444147288799286, -0.9988052845001221, 1.5825386047363281], [-0.9990116953849792, 0.001434501027688384, -0.044423896819353104, -0.06939697265625], [0.0, 0.0, 0.0, 1.0]], [[-0.9324430823326111, 0.35368093848228455, -0.07388957589864731, 1.0050048828125], [0.0770614743232727, -0.005127354059368372, -0.9970131516456604, 1.5622482299804688], [-0.35300344228744507, -0.935352087020874, -0.02247420884668827, -0.1114501953125], [0.0, 0.0, 0.0, 1.0]]], "view": [[0.0, -2.0, 100.0], [-2.0, 0.0, 100.0], [0.0, 0.0, 1.0]], "bev": "bev_0abd4e71179c450f935b18eed1a80f85.png", "aux": "aux_0abd4e71179c450f935b18eed1a80f85.npz", "visibility": "visibility_0abd4e71179c450f935b18eed1a80f85.png", "pose": [[-0.7445229887962341, -0.6675968766212463, 0.0, 659.2847900390625], [0.6675968766212463, -0.7445229887962341, 0.0, 1619.6231689453125], [0.0, 0.0, 1.0, 0.0], [0.0, 0.0, 0.0, 1.0]], "pose_inverse": [[-0.7445229887962341, 0.6675968766212463, 0.0, -590.4026489257812], [-0.6675968766212463, -0.7445229887962341, 0.0, 1645.983154296875], [0.0, 0.0, 1.0, 0.0], [0.0, 0.0, 0.0, 1.0]], "cam_ids": [0, 1, 2, 3, 4, 5], "cam_channels": ["CAM_FRONT_LEFT", "CAM_FRONT", "CAM_FRONT_RIGHT", "CAM_BACK_LEFT", "CAM_BACK", "CAM_BACK_RIGHT"], "token": "0abd4e71179c450f935b18eed1a80f85", "scene": "scene-0927"}, {"images": ["samples/CAM_FRONT_LEFT/n015-2018-10-08-15-44-23+0800__CAM_FRONT_LEFT__1538984974354844.jpg", "samples/CAM_FRONT/n015-2018-10-08-15-44-23+0800__CAM_FRONT__1538984974362460.jpg", "samples/CAM_FRONT_RIGHT/n015-2018-10-08-15-44-23+0800__CAM_FRONT_RIGHT__1538984974370339.jpg", "samples/CAM_BACK_LEFT/n015-2018-10-08-15-44-23+0800__CAM_BACK_LEFT__1538984974397423.jpg", "samples/CAM_BACK/n015-2018-10-08-15-44-23+0800__CAM_BACK__1538984974387525.jpg", "samples/CAM_BACK_RIGHT/n015-2018-10-08-15-44-23+0800__CAM_BACK_RIGHT__1538984974377893.jpg"], "intrinsics": [[[1272.5979470598488, 0.0, 826.6154927353808], [0.0, 1272.5979470598488, 479.75165386361925], [0.0, 0.0, 1.0]], [[1266.417203046554, 0.0, 816.2670197447984], [0.0, 1266.417203046554, 491.50706579294757], [0.0, 0.0, 1.0]], [[1260.8474446004698, 0.0, 807.968244525554], [0.0, 1260.8474446004698, 495.3344268742088], [0.0, 0.0, 1.0]], [[1256.7414812095406, 0.0, 792.1125740759628], [0.0, 1256.7414812095406, 492.7757465151356], [0.0, 0.0, 1.0]], [[809.2209905677063, 0.0, 829.2196003259838], [0.0, 809.2209905677063, 481.77842384512485], [0.0, 0.0, 1.0]], [[1259.5137405846733, 0.0, 807.2529053838625], [0.0, 1259.5137405846733, 501.19579884916527], [0.0, 0.0, 1.0]]], "extrinsics": [[[0.8196025490760803, -0.5709105134010315, 0.04809264466166496, -0.7098388671875], [0.054589319974184036, -0.0057427529245615005, -0.9984923601150513, 1.5251121520996094], [0.5703259706497192, 0.8209922313690186, 0.026458842679858208, -1.1072998046875], [0.0, 0.0, 0.0, 1.0]], [[0.005716090090572834, -0.9999331831932068, 0.010044576600193977, 0.0096435546875], [0.0494392067193985, -0.00974986981600523, -0.9987295269966125, 1.5330734252929688], [0.9987608194351196, 0.006205303594470024, 0.04938017204403877, -1.439453125], [0.0, 0.0, 0.0, 1.0]], [[-0.8310308456420898, -0.553963840007782, -0.05011790618300438, 0.870819091796875], [0.05518713966012001, 0.007541801780462265, -0.9984474778175354, 1.5144386291503906], [0.5534818172454834, -0.8325064778327942, 0.024304211139678955, -1.1383056640625], [0.0, 0.0, 0.0, 1.0]], [[0.9458995461463928, 0.3199674189090729, 0.0538051500916481, -1.145956039428711], [0.06439189612865448, -0.022591499611735344, -0.9976689219474792, 1.5882949829101562], [-0.3180060386657715, 0.9471592307090759, -0.04197259247303009, -0.1025390625], [0.0, 0.0, 0.0, 1.0]], [[0.002196999965235591, 0.9999184012413025, -0.012587611563503742, 0.002197265625], [0.03880464285612106, -0.012663408182561398, -0.9991665482521057, 1.5820465087890625], [-0.9992443323135376, 0.0017066558357328176, -0.038829296827316284, -0.067138671875], [0.0, 0.0, 0.0, 1.0]], [[-0.932865560054779, 0.3541926145553589, -0.06564681231975555, 1.004638671875], [0.0711866170167923, 0.0026186276227235794, -0.9974595904350281, 1.5614395141601562], [-0.35312095284461975, -0.9351688623428345, -0.02765659987926483, -0.1114501953125], [0.0, 0.0, 0.0, 1.0]]], "view": [[0.0, -2.0, 100.0], [-2.0, 0.0, 100.0], [0.0, 0.0, 1.0]], "bev": "bev_34f1c80edd084bbbb68c7367c45fda18.png", "aux": "aux_34f1c80edd084bbbb68c7367c45fda18.npz", "visibility": "visibility_34f1c80edd084bbbb68c7367c45fda18.png", "pose": [[-0.7511864304542542, -0.6600901484489441, 0.0, 656.605712890625], [0.6600901484489441, -0.7511864304542542, 0.0, 1622.0289306640625], [0.0, 0.0, 1.0, 0.0], [0.0, 0.0, 0.0, 1.0]], "pose_inverse": [[-0.7511864304542542, 0.6600901484489441, 0.0, -577.4520263671875], [-0.6600901484489441, -0.7511864304542542, 0.0, 1651.864990234375], [0.0, 0.0, 1.0, 0.0], [0.0, 0.0, 0.0, 1.0]], "cam_ids": [0, 1, 2, 3, 4, 5], "cam_channels": ["CAM_FRONT_LEFT", "CAM_FRONT", "CAM_FRONT_RIGHT", "CAM_BACK_LEFT", "CAM_BACK", "CAM_BACK_RIGHT"], "token": "34f1c80edd084bbbb68c7367c45fda18", "scene": "scene-0927"}, {"images": ["samples/CAM_FRONT_LEFT/n015-2018-10-08-15-44-23+0800__CAM_FRONT_LEFT__1538984974854844.jpg", "samples/CAM_FRONT/n015-2018-10-08-15-44-23+0800__CAM_FRONT__1538984974862460.jpg", "samples/CAM_FRONT_RIGHT/n015-2018-10-08-15-44-23+0800__CAM_FRONT_RIGHT__1538984974870339.jpg", "samples/CAM_BACK_LEFT/n015-2018-10-08-15-44-23+0800__CAM_BACK_LEFT__1538984974897423.jpg", "samples/CAM_BACK/n015-2018-10-08-15-44-23+0800__CAM_BACK__1538984974887525.jpg", "samples/CAM_BACK_RIGHT/n015-2018-10-08-15-44-23+0800__CAM_BACK_RIGHT__1538984974877893.jpg"], "intrinsics": [[[1272.5979470598488, 0.0, 826.6154927353808], [0.0, 1272.5979470598488, 479.75165386361925], [0.0, 0.0, 1.0]], [[1266.417203046554, 0.0, 816.2670197447984], [0.0, 1266.417203046554, 491.50706579294757], [0.0, 0.0, 1.0]], [[1260.8474446004698, 0.0, 807.968244525554], [0.0, 1260.8474446004698, 495.3344268742088], [0.0, 0.0, 1.0]], [[1256.7414812095406, 0.0, 792.1125740759628], [0.0, 1256.7414812095406, 492.7757465151356], [0.0, 0.0, 1.0]], [[809.2209905677063, 0.0, 829.2196003259838], [0.0, 809.2209905677063, 481.77842384512485], [0.0, 0.0, 1.0]], [[1259.5137405846733, 0.0, 807.2529053838625], [0.0, 1259.5137405846733, 501.19579884916527], [0.0, 0.0, 1.0]]], "extrinsics": [[[0.8191547393798828, -0.5712788701057434, 0.05124261602759361, -0.705810546875], [0.06069162115454674, -0.002506938995793462, -0.9981533885002136, 1.5274200439453125], [0.5703524351119995, 0.8207522034645081, 0.03261827304959297, -1.100830078125], [0.0, 0.0, 0.0, 1.0]], [[0.005442458670586348, -0.9999613165855408, 0.006895128637552261, 0.0069580078125], [0.05531676858663559, -0.006583611946552992, -0.9984471797943115, 1.5349311828613281], [0.9984539747238159, 0.005815454758703709, 0.05527879670262337, -1.43255615234375], [0.0, 0.0, 0.0, 1.0]], [[-0.8308369517326355, -0.5536370277404785, -0.05653279274702072, 0.86419677734375], [0.060842618346214294, 0.010610882192850113, -0.998090922832489, 1.5159597396850586], [0.5531799793243408, -0.8326904773712158, 0.024868817999958992, -1.13623046875], [0.0, 0.0, 0.0, 1.0]], [[0.9455538988113403, 0.3200177550315857, 0.05929946154356003, -1.138990879058838], [0.06927907466888428, -0.01987970806658268, -0.9973992109298706, 1.5887985229492188], [-0.31800657510757446, 0.9472029805183411, -0.04096786677837372, -0.10498046875], [0.0, 0.0, 0.0, 1.0]], [[0.002201817464083433, 0.9999504089355469, -0.00970863550901413, 0.0029296875], [0.0439598523080349, -0.009796060621738434, -0.9989852905273438, 1.5827178955078125], [-0.9990308880805969, 0.001