[{"images": ["samples/CAM_FRONT_LEFT/n008-2018-07-26-12-13-50-0400__CAM_FRONT_LEFT__1532622231654799.jpg", "samples/CAM_FRONT/n008-2018-07-26-12-13-50-0400__CAM_FRONT__1532622231662404.jpg", "samples/CAM_FRONT_RIGHT/n008-2018-07-26-12-13-50-0400__CAM_FRONT_RIGHT__1532622231670482.jpg", "samples/CAM_BACK_LEFT/n008-2018-07-26-12-13-50-0400__CAM_BACK_LEFT__1532622231697405.jpg", "samples/CAM_BACK/n008-2018-07-26-12-13-50-0400__CAM_BACK__1532622231687558.jpg", "samples/CAM_BACK_RIGHT/n008-2018-07-26-12-13-50-0400__CAM_BACK_RIGHT__1532622231678113.jpg"], "intrinsics": [[[1257.8625342125129, 0.0, 827.2410631095686], [0.0, 1257.8625342125129, 450.915498205774], [0.0, 0.0, 1.0]], [[1252.8131021185304, 0.0, 826.588114781398], [0.0, 1252.8131021185304, 469.9846626224581], [0.0, 0.0, 1.0]], [[1256.7485116440405, 0.0, 817.7887570959712], [0.0, 1256.7485116440403, 451.9541780095127], [0.0, 0.0, 1.0]], [[1254.9860565800168, 0.0, 829.5769333630991], [0.0, 1254.9860565800168, 467.1680561863987], [0.0, 0.0, 1.0]], [[796.8910634503094, 0.0, 857.7774326863696], [0.0, 796.8910634503094, 476.8848988407415], [0.0, 0.0, 1.0]], [[1249.9629280788233, 0.0, 825.3768045375984], [0.0, 1249.9629280788233, 462.54816385708756], [0.0, 0.0, 1.0]]], "extrinsics": [[[0.8224155902862549, -0.5688873529434204, 0.0003009159117937088, -0.8138427734375], [-5.035083177062916e-06, -0.0005362341762520373, -0.9999998211860657, 1.488290786743164], [0.5688874125480652, 0.8224153518676758, -0.0004438724718056619, -1.201416015625], [0.0, 0.0, 0.0, 1.0]], [[0.010078376159071922, -0.9999378323554993, 0.004772061016410589, 0.00750732421875], [0.001932533923536539, -0.0047528184950351715, -0.9999868273735046, 1.4805383682250977], [0.9999473094940186, 0.010087468661367893, 0.0018845124868676066, -1.543701171875], [0.0, 0.0, 0.0, 1.0]], [[-0.8441063165664673, -0.5361747145652771, -0.001124508329667151, 0.966064453125], [0.009928575716912746, -0.01353368815034628, -0.999859094619751, 1.4945430755615234], [0.5360839366912842, -0.8439985513687134, 0.01674732379615307, -1.1983642578125], [0.0, 0.0, 0.0, 1.0]], [[0.9478883743286133, 0.31828323006629944, -0.01426264550536871, -1.140625], [-0.015520323067903519, 0.001415782026015222, -0.9998785257339478, 1.5619888305664062], [-0.3182244300842285, 0.947994589805603, 0.0062818629667162895, -0.15654754638671875], [0.0, 0.0, 0.0, 1.0]], [[0.009372827596962452, 0.9999370574951172, -0.00616720924153924, -0.028076171875], [-0.013389335945248604, -0.006041426211595535, -0.9998921155929565, 1.5673103332519531], [-0.9998664855957031, 0.009454394690692425, 0.013331867754459381, -0.01171875], [0.0, 0.0, 0.0, 1.0]], [[-0.9237090349197388, 0.3830866515636444, -0.002521572634577751, 1.06201171875], [-0.009160110726952553, -0.028666380792856216, -0.9995470643043518, 1.5468406677246094], [-0.382985383272171, -0.9232675433158875, 0.02998850867152214, -0.08447265625], [0.0, 0.0, 0.0, 1.0]]], "view": [[0.0, -2.0, 100.0], [-2.0, 0.0, 100.0], [0.0, 0.0, 1.0]], "bev": "bev_2d07f13f6377436787f56681f07d17b1.png", "aux": "aux_2d07f13f6377436787f56681f07d17b1.npz", "visibility": "visibility_2d07f13f6377436787f56681f07d17b1.png", "pose": [[0.9980727434158325, -0.06205492466688156, 0.0, 2208.575439453125], [0.06205492466688156, 0.9980727434158325, 0.0, 875.8108520507812], [0.0, 0.0, 1.0, 0.0], [0.0, 0.0, 0.0, 1.0]], "pose_inverse": [[0.9980727434158325, 0.06205492466688156, 0.0, -2258.667236328125], [-0.06205492466688156, 0.9980727434158325, 0.0, -737.0699462890625], [0.0, 0.0, 1.0, 0.0], [0.0, 0.0, 0.0, 1.0]], "cam_ids": [0, 1, 2, 3, 4, 5], "cam_channels": ["CAM_FRONT_LEFT", "CAM_FRONT", "CAM_FRONT_RIGHT", "CAM_BACK_LEFT", "CAM_BACK", "CAM_BACK_RIGHT"], "token": "2d07f13f6377436787f56681f07d17b1", "scene": "scene-0214"}, {"images": ["samples/CAM_FRONT_LEFT/n008-2018-07-26-12-13-50-0400__CAM_FRONT_LEFT__1532622232154799.jpg", "samples/CAM_FRONT/n008-2018-07-26-12-13-50-0400__CAM_FRONT__1532622232162404.jpg", "samples/CAM_FRONT_RIGHT/n008-2018-07-26-12-13-50-0400__CAM_FRONT_RIGHT__1532622232170482.jpg", "samples/CAM_BACK_LEFT/n008-2018-07-26-12-13-50-0400__CAM_BACK_LEFT__1532622232197405.jpg", "samples/CAM_BACK/n008-2018-07-26-12-13-50-0400__CAM_BACK__1532622232187558.jpg", "samples/CAM_BACK_RIGHT/n008-2018-07-26-12-13-50-0400__CAM_BACK_RIGHT__1532622232178113.jpg"], "intrinsics": [[[1257.8625342125129, 0.0, 827.2410631095686], [0.0, 1257.8625342125129, 450.915498205774], [0.0, 0.0, 1.0]], [[1252.8131021185304, 0.0, 826.588114781398], [0.0, 1252.8131021185304, 469.9846626224581], [0.0, 0.0, 1.0]], [[1256.7485116440405, 0.0, 817.7887570959712], [0.0, 1256.7485116440403, 451.9541780095127], [0.0, 0.0, 1.0]], [[1254.9860565800168, 0.0, 829.5769333630991], [0.0, 1254.9860565800168, 467.1680561863987], [0.0, 0.0, 1.0]], [[796.8910634503094, 0.0, 857.7774326863696], [0.0, 796.8910634503094, 476.8848988407415], [0.0, 0.0, 1.0]], [[1249.9629280788233, 0.0, 825.3768045375984], [0.0, 1249.9629280788233, 462.54816385708756], [0.0, 0.0, 1.0]]], "extrinsics": [[[0.8230757713317871, -0.5679274797439575, 0.002181992633268237, -0.8348388671875], [0.0030506569892168045, 0.0005791947478428483, -0.9999951720237732, 1.4889216423034668], [0.5679234862327576, 0.8230783939361572, 0.002209271537140012, -1.2178955078125], [0.0, 0.0, 0.0, 1.0]], [[0.011002863757312298, -0.999933123588562, 0.0035520298406481743, 0.008544921875], [0.005055053159594536, -0.0034965751692652702, -0.9999811053276062, 1.4810256958007812], [0.9999266266822815, 0.011020608246326447, 0.00501624308526516, -1.5654296875], [0.0, 0.0, 0.0, 1.0]], [[-0.8437021374702454, -0.5367921590805054, -0.004560429602861404, 0.98095703125], [0.01314208097755909, -0.012161698192358017, -0.9998396039009094, 1.494802474975586], [0.5366505980491638, -0.843626856803894, 0.017315417528152466, -1.20648193359375], [0.0, 0.0, 0.0, 1.0]], [[0.9478715062141418, 0.31848105788230896, -0.01046589482575655, -1.141357421875], [-0.012054222635924816, 0.0030167163349688053, -0.9999228119850159, 1.56201171875], [-0.31842485070228577, 0.9479244351387024, 0.006698499899357557, -0.15713238716125488], [0.0, 0.0, 0.0, 1.0]], [[0.009032082743942738, 0.9999486207962036, -0.004589899908751249, -0.0289306640625], [-0.00998924020677805, -0.004499631933867931, -0.9999399185180664, 1.5675697326660156], [-0.9999094009399414, 0.009077399037778378, 0.00994808692485094, -0.005126953125], [0.0, 0.0, 0.0, 1.0]], [[-0.9239055514335632, 0.3825875222682953, -0.005022452212870121, 1.0731201171875], [-0.0058397711254656315, -0.027224889025092125, -0.9996122717857361, 1.5472831726074219], [-0.3825758397579193, -0.9235180616378784, 0.027387449517846107, -0.0791015625], [0.0, 0.0, 0.0, 1.0]]], "view": [[0.0, -2.0, 100.0], [-2.0, 0.0, 100.0], [0.0, 0.0, 1.0]], "bev": "bev_3d536a4f29e74d84a8fa77f31bb3cdcf.png", "aux": "aux_3d536a4f29e74d84a8fa77f31bb3cdcf.npz", "visibility": "visibility_3d536a4f29e74d84a8fa77f31bb3cdcf.png", "pose": [[0.998582661151886, -0.053222957998514175, 0.0, 2211.069091796875], [0.053222957998514175, 0.998582661151886, 0.0, 875.9401245117188], [0.0, 0.0, 1.0, 0.0], [0.0, 0.0, 0.0, 1.0]], "pose_inverse": [[0.998582661151886, 0.053222957998514175, 0.0, -2254.555419921875], [-0.053222957998514175, 0.998582661151886, 0.0, -757.0189819335938], [0.0, 0.0, 1.0, 0.0], [0.0, 0.0, 0.0, 1.0]], "cam_ids": [0, 1, 2, 3, 4, 5], "cam_channels": ["CAM_FRONT_LEFT", "CAM_FRONT", "CAM_FRONT_RIGHT", "CAM_BACK_LEFT", "CAM_BACK", "CAM_BACK_RIGHT"], "token": "3d536a4f29e74d84a8fa77f31bb3cdcf", "scene": "scene-0214"}, {"images": ["samples/CAM_FRONT_LEFT/n008-2018-07-26-12-13-50-0400__CAM_FRONT_LEFT__1532622232654799.jpg", "samples/CAM_FRONT/n008-2018-07-26-12-13-50-0400__CAM_FRONT__1532622232662404.jpg", "samples/CAM_FRONT_RIGHT/n008-2018-07-26-12-13-50-0400__CAM_FRONT_RIGHT__1532622232670490.jpg", "samples/CAM_BACK_LEFT/n008-2018-07-26-12-13-50-0400__CAM_BACK_LEFT__1532622232697405.jpg", "samples/CAM_BACK/n008-2018-07-26-12-13-50-0400__CAM_BACK__1532622232687558.jpg", "samples/CAM_BACK_RIGHT/n008-2018-07-26-12-13-50-0400__CAM_BACK_RIGHT__1532622232678113.jpg"], "intrinsics": [[[1257.8625342125129, 0.0, 827.2410631095686], [0.0, 1257.8625342125129, 450.915498205774], [0.0, 0.0, 1.0]], [[1252.8131021185304, 0.0, 826.588114781398], [0.0, 1252.8131021185304, 469.9846626224581], [0.0, 0.0, 1.0]], [[1256.7485116440405, 0.0, 817.7887570959712], [0.0, 1256.7485116440403, 451.9541780095127], [0.0, 0.0, 1.0]], [[1254.9860565800168, 0.0, 829.5769333630991], [0.0, 1254.9860565800168, 467.1680561863987], [0.0, 0.0, 1.0]], [[796.8910634503094, 0.0, 857.7774326863696], [0.0, 796.8910634503094, 476.8848988407415], [0.0, 0.0, 1.0]], [[1249.9629280788233, 0.0, 825.3768045375984], [0.0, 1249.9629280788233, 462.54816385708756], [0.0, 0.0, 1.0]]], "extrinsics": [[[0.8228080868721008, -0.5682905912399292, 0.005725415889173746, -0.8380126953125], [0.0059404801577329636, -0.001473601208999753, -0.9999812245368958, 1.4895009994506836], [0.5682883858680725, 0.8228266835212708, 0.002163426950573921, -1.218017578125], [0.0, 0.0, 0.0, 1.0]], [[0.0106317438185215, -0.9999278783798218, 0.0055933864787220955, 0.0072021484375], [0.00797472707927227, -0.005508736707270145, -0.999953031539917, 1.481501579284668], [0.9999117255210876, 0.010675857774913311, 0.007915583439171314, -1.5673828125], [0.0, 0.0, 0.0, 1.0]], [[-0.8438295125961304, -0.5365780591964722, -0.005976947024464607, 0.9814453125], [0.01605425402522087, -0.014110662043094635, -0.9997715353965759, 1.4951534271240234], [0.536371111869812, -0.8437327146530151, 0.02052135393023491, -1.20806884765625], [0.0, 0.0, 0.0, 1.0]], [[0.9478729367256165, 0.31853795051574707, -0.008398222737014294, -1.140380859375], [-0.009299123659729958, 0.0013076459290459752, -0.999955952167511, 1.5620098114013672], [-0.3185129463672638, 0.9479091763496399, 0.004201607313007116, -0.15732574462890625], [0.0, 0.0, 0.0, 1.0]], [[0.009104502387344837, 0.9999383687973022, -0.006357867736369371, -0.02862548828125], [-0.007201469503343105, -0.00629239808768034, -0.9999542236328125, 1.5677070617675781], [-0.9999326467514038, 0.009149869903922081, 0.0071437363512814045, -0.005126953125], [0.0, 0.0, 0.0, 1.0]], [[-0.9238179922103882, 0.3827402889728546, -0.008383983746170998, 1.07421875], [-0.002984238788485527, -0.029098816215991974, -0.9995720982551575, 1.5475406646728516], [-0.3828204572200775, -0.9233976006507874, 0.02802419848740101, -0.0792236328125], [0.0, 0.0, 0.0, 1.0]]], "view": [[0.0, -2.0, 100.0], [-2.0, 0.0, 100.0], [0.0, 0.0, 1.0]], "bev": "bev_257e3eafa1164127a7d5c6fce1a28ac6.png", "aux": "aux_257e3eafa1164127a7d5c6fce1a28ac6.npz", "visibility": "visibility_257e3eafa1164127a7d5c6fce1a28ac6.png", "pose": [[0.9990823864936829, -0.04283005744218826, 0.0, 2213.3935546875], [0.04283005744218826, 0.9990823864936829, 0.0, 876.0298461914062], [0.0, 0.0, 1.0, 0.0], [0.0, 0.0, 0.0, 1.0]], "pose_inverse": [[0.9990823864936829, 0.04283005744218826, 0.0, -2248.8828125], [-0.04283005744218826, 0.9990823864936829, 0.0, -780.4262084960938], [0.0, 0.0, 1.0, 0.0], [0.0, 0.0, 0.0, 1.0]], "cam_ids": [0, 1, 2, 3, 4, 5], "cam_channels": ["CAM_FRONT_LEFT", "CAM_FRONT", "CAM_FRONT_RIGHT", "CAM_BACK_LEFT", "CAM_BACK", "CAM_BACK_RIGHT"], "token": "257e3eafa1164127a7d5c6fce1a28ac6", "scene": "scene-0214"}, {"images": ["samples/CAM_FRONT_LEFT/n008-2018-07-26-12-13-50-0400__CAM_FRONT_LEFT__1532622233154799.jpg", "samples/CAM_FRONT/n008-2018-07-26-12-13-50-0400__CAM_FRONT__1532622233162404.jpg", "samples/CAM_FRONT_RIGHT/n008-2018-07-26-12-13-50-0400__CAM_FRONT_RIGHT__1532622233170482.jpg", "samples/CAM_BACK_LEFT/n008-2018-07-26-12-13-50-0400__CAM_BACK_LEFT__1532622233197405.jpg", "samples/CAM_BACK/n008-2018-07-26-12-13-50-0400__CAM_BACK__1532622233187558.jpg", "samples/CAM_BACK_RIGHT/n008-2018-07-26-12-13-50-0400__CAM_BACK_RIGHT__1532622233178113.jpg"], "intrinsics": [[[1257.8625342125129, 0.0, 827.2410631095686], [0.0, 1257.8625342125129, 450.915498205774], [0.0, 0.0, 1.0]], [[1252.8131021185304, 0.0, 826.588114781398], [0.0, 1252.8131021185304, 469.9846626224581], [0.0, 0.0, 1.0]], [[1256.7485116440405, 0.0, 817.7887570959712], [0.0, 1256.7485116440403, 451.9541780095127], [0.0, 0.0, 1.0]], [[1254.9860565800168, 0.0, 829.5769333630991], [0.0, 1254.9860565800168, 467.1680561863987], [0.0, 0.0, 1.0]], [[796.8910634503094, 0.0, 857.7774326863696], [0.0, 796.8910634503094, 476.8848988407415], [0.0, 0.0, 1.0]], [[1249.9629280788233, 0.0, 825.3768045375984], [0.0, 1249.9629280788233, 462.54816385708756], [0.0, 0.0, 1.0]]], "extrinsics": [[[0.8228781819343567, -0.5681754350662231, 0.006945030298084021, -0.85498046875], [0.005700049921870232, -0.003967814613133669, -0.999975860118866, 1.4893360137939453], [0.5681893229484558, 0.8228979110717773, -2.6402085495647043e-05, -1.2310791015625], [0.0, 0.0, 0.0, 1.0]], [[0.010756682604551315, -0.9999088048934937, 0.008171094581484795, 0.00799560546875], [0.007534021977335215, -0.00809029396623373, -0.9999389052391052, 1.481302261352539], [0.9999138116836548, 0.010817592963576317, 0.007446309085935354, -1.58447265625], [0.0, 0.0, 0.0, 1.0]], [[-0.8437694311141968, -0.5366910696029663, -0.003996174316853285, 0.993408203125], [0.015415318310260773, -0.01679147779941559, -0.9997401237487793, 1.4948749542236328], [0.5364845395088196, -0.8436117172241211, 0.022441398352384567, -1.214599609375], [0.0, 0.0, 0.0, 1.0]], [[0.9478670358657837, 0.31849178671836853, -0.010539596900343895, -1.141357421875], [-0.010545415803790092, -0.0017059878446161747, -0.99994295835495, 1.5620155334472656], [-0.318491667509079, 0.9479240775108337, 0.0017415813636034727, -0.1571502685546875], [0.0, 0.0, 0.0, 1.0]], [[0.009034020826220512, 0.9999161958694458, -0.009272285737097263, -0.0289306640625], [-0.008163388818502426, -0.009198607876896858, -0.99992436170578, 1.5677013397216797], [-0.999925971031189, 0.009109032340347767, 0.00807960331439972, 0.000244140625], [0.0, 0.0, 0.0, 1.0]], [[-0.9238684773445129, 0.382610946893692, -0.008704508654773235, 1.0828857421875], [-0.003784934524446726, -0.031877826899290085, -0.9994845986366272, 1.5475196838378906], [-0.3826912045478821, -0.9233593940734863, 0.030899077653884888, -0.0751953125], [0.0, 0.0, 0.0, 1.0]]], "view": [[0.0, -2.0, 100.0], [-2.0, 0.0, 100.0], [0.0, 0.0, 1.0]], "bev": "bev_9f434ad459a84b2a970794b40ab393a0.png", "aux": "aux_9f434ad459a84b2a970794b40ab393a0.npz", "visibility": "visibility_9f434ad459a84b2a970794b40ab393a0.png", "pose": [[0.9993374943733215, -0.036395031958818436, 0.0, 2215.6142578125], [0.036395031958818436, 0.9993374943733215, 0.0, 876.1019897460938], [0.0, 0.0, 1.0, 0.0], [0.0, 0.0, 0.0, 1.0]], "pose_inverse": [[0.9993374943733215, 0.036395031958818436, 0.0, -2246.0322265625], [-0.036395031958818436, 0.9993374943733215, 0.0, -794.8842163085938], [0.0, 0.0, 1.0, 0.0], [0.0, 0.0, 0.0, 1.0]], "cam_ids": [0, 1, 2, 3, 4, 5], "cam_channels": ["CAM_FRONT_LEFT", "CAM_FRONT", "CAM_FRONT_RIGHT", "CAM_BACK_LEFT", "CAM_BACK", "CAM_BACK_RIGHT"], "token": "9f434ad459a84b2a970794b40ab393a0", "scene": "scene-0214"}, {"images": ["samples/CAM_FRONT_LEFT/n008-2018-07-26-12-13-50-0400__CAM_FRONT_LEFT__1532622233654799.jpg", "samples/CAM_FRONT/n008-2018-07-26-12-13-50-0400__CAM_FRONT__1532622233662404.jpg", "samples/CAM_FRONT_RIGHT/n008-2018-07-26-12-13-50-0400__CAM_FRONT_RIGHT__1532622233670482.jpg", "samples/CAM_BACK_LEFT/n008-2018-07-26-12-13-50-0400__CAM_BACK_LEFT__1532622233697405.jpg", "samples/CAM_BACK/n008-2018-07-26-12-13-50-0400__CAM_BACK__1532622233687558.jpg", "samples/CAM_BACK_RIGHT/n008-2018-07-26-12-13-50-0400__CAM_BACK_RIGHT__1532622233678113.jpg"], "intrinsics": [[[1257.8625342125129, 0.0, 827.2410631095686], [0.0, 1257.8625342125129, 450.915498205774], [0.0, 0.0, 1.0]], [[1252.8131021185304, 0.0, 826.588114781398], [0.0, 1252.8131021185304, 469.9846626224581], [0.0, 0.0, 1.0]], [[1256.7485116440405, 0.0, 817.7887570959712], [0.0, 1256.7485116440403, 451.9541780095127], [0.0, 0.0, 1.0]], [[1254.9860565800168, 0.0, 829.5769333630991], [0.0, 1254.9860565800168, 467.1680561863987], [0.0, 0.0, 1.0]], [[796.8910634503094, 0.0, 857.7774326863696], [0.0, 796.8910634503094, 476.8848988407415], [0.0, 0.0, 1.0]], [[1249.9629280788233, 0.0, 825.3768045375984], [0.0, 1249.9629280788233, 462.54816385708756], [0.0, 0.0, 1.0]]], "extrinsics": [[[0.822586178779602, -0.5686259865760803, 0.0040855808183550835, -0.8714599609375], [0.0006855801329948008, -0.006193091627210379, -0.9999805688858032, 1.488415241241455], [0.5686401724815369, 0.8225729465484619, -0.0047045135870575905, -1.2431640625], [0.0, 0.0, 0.0, 1.0]], [[0.010299636982381344, -0.999893069267273, 0.010381457395851612, 0.008056640625], [0.0026793594006448984, -0.010354374535381794, -0.9999428391456604, 1.480536937713623], [0.9999433755874634, 0.010326853953301907, 0.002572426339611411, -1.60205078125], [0.0, 0.0, 0.0, 1.0]], [[-0.8440099358558655, -0.5363262295722961, 0.001166554051451385, 1.004638671875], [0.010745261795818806, -0.019084250554442406, -0.9997601509094238, 1.494189739227295], [0.5362199544906616, -0.8437950015068054, 0.021870262920856476, -1.22161865234375], [0.0, 0.0, 0.0, 1.0]], [[0.9478443264961243, 0.31837621331214905, -0.015090704895555973, -1.139404296875], [-0.014587555080652237, -0.003964646719396114, -0.9998856782913208, 1.5619735717773438], [-0.31839972734451294, 0.9479560852050781, 0.0008864636765792966, -0.15707778930664062], [0.0, 0.0, 0.0, 1.0]], [[0.009238306432962418, 0.9998899698257446, -0.01160524319857359, -0.0286865234375], [-0.01249255333095789, -0.011489424854516983, -0.9998558759689331, 1.5675621032714844], [-0.9998793005943298, 0.009381955489516258, 0.012385036796331406, 0.004638671875], [0.0, 0.0, 0.0, 1.0]], [[-0.9237571954727173, 0.38294002413749695, -0.005434427410364151, 1.091796875], [-0.00828853901475668, -0.034176796674728394, -0.999381422996521, 1.5472221374511719], [-0.3828888237476349, -0.9231407642364502, 0.03474507853388786, -0.0714111328125], [0.0, 0.0, 0.0, 1.0]]], "view": [[0.0, -2.0, 100.0], [-2.0, 0.0, 100.0], [0.0, 0.0, 1.0]], "bev": "bev_4aca1e651a0540968e7081aa3948e09b.png", "aux": "aux_4aca1e651a0540968e7081aa3948e09b.npz", "visibility": "visibility_4aca1e651a0540968e7081aa3948e09b.png", "pose": [[0.999379575252533, -0.03522001579403877, 0.0, 2217.585693359375], [0.03522001579403877, 0.999379575252533, 0.0, 876.1558227539062], [0.0, 0.0, 1.0, 0.0], [0.0, 0.0, 0.0, 1.0]], "pose_inverse": [[0.999379575252533, 0.03522001579403877, 0.0, -2247.068115234375], [-0.03522001579403877, 0.999379575252533, 0.0, -797.5088500976562], [0.0, 0.0, 1.0, 0.0], [0.0, 0.0, 0.0, 1.0]], "cam_ids": [0, 1, 2, 3, 4, 5], "cam_channels": ["CAM_FRONT_LEFT", "CAM_FRONT", "CAM_FRONT_RIGHT", "CAM_BACK_LEFT", "CAM_BACK", "CAM_BACK_RIGHT"], "token": "4aca1e651a0540968e7081aa3948e09b", "scene": "scene-0214"}, {"images": ["samples/CAM_FRONT_LEFT/n008-2018-07-26-12-13-50-0400__CAM_FRONT_LEFT__1532622234154799.jpg", "samples/CAM_FRONT/n008-2018-07-26-12-13-50-0400__CAM_FRONT__1532622234162404.jpg", "samples/CAM_FRONT_RIGHT/n008-2018-07-26-12-13-50-0400__CAM_FRONT_RIGHT__1532622234170482.jpg", "samples/CAM_BACK_LEFT/n008-2018-07-26-12-13-50-0400__CAM_BACK_LEFT__1532622234197405.jpg", "samples/CAM_BACK/n008-2018-07-26-12-13-50-0400__CAM_BACK__1532622234187558.jpg", "samples/CAM_BACK_RIGHT/n008-2018-07-26-12-13-50-0400__CAM_BACK_RIGHT__1532622234178113.jpg"], "intrinsics": [[[1257.8625342125129, 0.0, 827.2410631095686], [0.0, 1257.8625342125129, 450.915498205774], [0.0, 0.0, 1.0]], [[1252.8131021185304, 0.0, 826.588114781398], [0.0, 1252.8131021185304, 469.9846626224581], [0.0, 0.0, 1.0]], [[1256.7485116440405, 0.0, 817.7887570959712], [0.0, 1256.7485116440403, 451.9541780095127], [0.0, 0.0, 1.0]], [[1254.9860565800168, 0.0, 829.5769333630991], [0.0, 1254.9860565800168, 467.1680561863987], [0.0, 0.0, 1.0]], [[796.8910634503094, 0.0, 857.7774326863696], [0.0, 796.8910634503094, 476.8848988407415], [0.0, 0.0, 1.0]], [[1249.9629280788233, 0.0, 825.3768045375984], [0.0, 1249.9629280788233, 462.54816385708756], [0.0, 0.0, 1.0]]], "extrinsics": [[[0.8220394253730774, -0.5693886876106262, 0.00690274965018034, -0.888916015625], [0.005808226764202118, -0.0037373299710452557, -0.9999761581420898, 1.4891128540039062], [0.5694008469581604, 0.8220599889755249, 0.00023490596504416317, -1.254638671875], [0.0, 0.0, 0.0, 1.0]], [[0.009540981613099575, -0.9999222159385681, 0.00803176499903202, 0.0076904296875], [0.007865933701395988, -0.007956834509968758, -0.9999374151229858, 1.4810819625854492], [0.999923586845398, 0.009603556245565414, 0.00778940599411726, -1.619140625], [0.0, 0.0, 0.0, 1.0]], [[-0.8442794680595398, -0.5358840227127075, -0.004522593691945076, 1.01611328125], [0.01599414274096489, -0.016761360689997673, -0.9997315406799316, 1.4945068359375], [0.5356643795967102, -0.8441252112388611, 0.02272227592766285, -1.22930908203125], [0.0, 0.0, 0.0, 1.0]], [[0.9478914737701416, 0.3184588849544525, -0.009258151054382324, -1.142822265625], [-0.009117856621742249, -0.0019312090007588267, -0.9999565482139587, 1.5620346069335938], [-0.31846296787261963, 0.9479346871376038, 0.0010730861686170101, -0.1565570831298828], [0.0, 0.0, 0.0, 1.0]], [[0.009431437589228153, 0.9999114274978638, -0.009393642656505108, -0.02880859375], [-0.007143557537347078, -0.009326446801424026, -0.9999309778213501, 1.567831039428711], [-0.9999299645423889, 0.009497891180217266, 0.007054962683469057, 0.011474609375], [0.0, 0.0, 0.0, 1.0]], [[-0.9235881567001343, 0.3832691013813019, -0.009467048570513725, 1.10205078125], [-0.002999921329319477, -0.03191719949245453, -0.999485969543457, 1.5476398468017578], [-0.3833742141723633, -0.92308509349823, 0.03062812238931656, -0.0673828125], [0.0, 0.0, 0.0, 1.0]]], "view": [[0.0, -2.0, 100.0], [-2.0, 0.0, 100.0], [0.0, 0.0, 1.0]], "bev": "bev_2e5e0c67be84489f8a2a372ba56fef2b.png", "aux": "aux_2e5e0c67be84489f8a2a372ba56fef2b.npz", "visibility": "visibility_2e5e0c67be84489f8a2a372ba56fef2b.png", "pose": [[0.999118447303772, -0.041980087757110596, 0.0, 2219.26611328125], [0.041980087757110596, 0.999118447303772, 0.0, 876.1979370117188], [0.0, 0.0, 1.0, 0.0], [0.0, 0.0, 0.0, 1.0]], "pose_inverse": [[0.999118447303772, 0.041980087757110596, 0.0, -2254.092529296875], [-0.041980087757110596, 0.999118447303772, 0.0, -782.2605590820312], [0.0, 0.0, 1.0, 0.0], [0.0, 0.0, 0.0, 1.0]], "cam_ids": [0, 1, 2, 3, 4, 5], "cam_channels": ["CAM_FRONT_LEFT", "CAM_FRONT", "CAM_FRONT_RIGHT", "CAM_BACK_LEFT", "CAM_BACK", "CAM_BACK_RIGHT"], "token": "2e5e0c67be84489f8a2a372ba56fef2b", "scene": "scene-0214"}, {"images": ["samples/CAM_FRONT_LEFT/n008-2018-07-26-12-13-50-0400__CAM_FRONT_LEFT__1532622234654799.jpg", "samples/CAM_FRONT/n008-2018-07-26-12-13-50-0400__CAM_FRONT__1532622234662404.jpg", "samples/CAM_FRONT_RIGHT/n008-2018-07-26-12-13-50-0400__CAM_FRONT_RIGHT__1532622234670482.jpg", "samples/CAM_BACK_LEFT/n008-2018-07-26-12-13-50-0400__CAM_BACK_LEFT__1532622234697405.jpg", "samples/CAM_BACK/n008-2018-07-26-12-13-50-0400__CAM_BACK__1532622234687558.jpg", "samples/CAM_BACK_RIGHT/n008-2018-07-26-12-13-50-0400__CAM_BACK_RIGHT__1532622234678113.jpg"], "intrinsics": [[[1257.8625342125129, 0.0, 827.2410631095686], [0.0, 1257.8625342125129, 450.915498205774], [0.0, 0.0, 1.0]], [[1252.8131021185304, 0.0, 826.588114781398], [0.0, 1252.8131021185304, 469.9846626224581], [0.0, 0.0, 1.0]], [[1256.7485116440405, 0.0, 817.7887570959712], [0.0, 1256.7485116440403, 451.9541780095127], [0.0, 0.0, 1.0]], [[1254.9860565800168, 0.0, 829.5769333630991], [0.0, 1254.9860565800168, 467.1680561863987], [0.0, 0.0, 1.0]], [[796.8910634503094, 0.0, 857.7774326863696], [0.0, 796.8910634503094, 476.8848988407415], [0.0, 0.0, 1.0]], [[1249.9629280788233, 0.0, 825.3768045375984], [0.0, 1249.9629280788233, 462.54816385708756], [0.0, 0.0, 1.0]]], "extrinsics": [[[0.8219683170318604, -0.5694423913955688, 0.010172391310334206, -0.8953857421875], [0.008816884830594063, -0.005136008374392986, -0.9999479651451111, 1.4894676208496094], [0.5694649815559387, 0.8220152854919434, 0.0007990708108991385, -1.2589111328125], [0.0, 0.0, 0.0, 1.0]], [[0.00946364551782608, -0.9999114871025085, 0.009344923309981823, 0.00750732421875], [0.010868405923247337, -0.00924193486571312, -0.9998982548713684, 1.4813499450683594], [0.9998961091041565, 0.009564246982336044, 0.010779982432723045, -1.62646484375], [0.0, 0.0, 0.0, 1.0]], [[-0.8442743420600891, -0.5358726978302002, -0.00642742495983839, 1.021240234375], [0.01898220367729664, -0.017916478216648102, -0.9996592402458191, 1.4946556091308594], [0.5355750322341919, -0.8441086411476135, 0.02529846504330635, -1.2322998046875], [0.0, 0.0, 0.0, 1.0]], [[0.9479161500930786, 0.31844812631607056, -0.006765319034457207, -1.145263671875], [-0.00624482287093997, -0.0026553648058325052, -0.9999769330024719, 1.5620536804199219], [-0.31845876574516296, 0.9479365348815918, -0.0005284103099256754, -0.15598058700561523], [0.0, 0.0, 0.0, 1.0]], [[0.009451952762901783, 0.9999027848243713, -0.01025397889316082, -0.0289306640625], [-0.004183635115623474, -0.010214805603027344, -0.9999390840530396, 1.567941665649414], [-0.999946653842926, 0.009494277648627758, 0.004086678382009268, 0.015380859375], [0.0, 0.0, 0.0, 1.0]], [[-0.9235582947731018, 0.3832505941390991, -0.012613377533853054, 1.1060791015625], [-2.1362508050515316e-05, -0.0329451784491539, -0.9994571208953857, 1.5478286743164062], [-0.38345807790756226, -0.9230567216873169, 0.030434980988502502, -0.065673828125], [0.0, 0.0, 0.0, 1.0]]], "view": [[0.0, -2.0, 100.0], [-2.0, 0.0, 100.0], [0.0, 0.0, 1.0]], "bev": "bev_6f972d700a6a4e2bbd5a3483421b88c4.png", "aux": "aux_6f972d700a6a4e2bbd5a3483421b88c4.npz", "visibility": "visibility_6f972d700a6a4e2bbd5a3483421b88c4.png", "pose": [[0.9985388517379761, -0.054038889706134796, 0.0, 2220.861083984375], [0.054038889706134796, 0.9985388517379761, 0.0, 876.266357421875], [0.0, 0.0, 1.0, 0.0], [0.0, 0.0, 0.0, 1.0]], "pose_inverse": [[0.9985388517379761, 0.054038889706134796, 0.0, -2264.968505859375], [-0.054038889706134796, 0.9985388517379761, 0.0, -754.97314453125], [0.0, 0.0, 1.0, 0.0], [0.0, 0.0, 0.0, 1.0]], "cam_ids": [0, 1, 2, 3, 4, 5], "cam_channels": ["CAM_FRONT_LEFT", "CAM_FRONT", "CAM_FRONT_RIGHT", "CAM_BACK_LEFT", "CAM_BACK", "CAM_BACK_RIGHT"], "token": "6f972d700a6a4e2bbd5a3483421b88c4", "scene": "scene-0214"}, {"images": ["samples/CAM_FRONT_LEFT/n008-2018-07-26-12-13-50-0400__CAM_FRONT_LEFT__1532622235154799.jpg", "samples/CAM_FRONT/n008-2018-07-26-12-13-50-0400__CAM_FRONT__1532622235162404.jpg", "samples/CAM_FRONT_RIGHT/n008-2018-07-26-12-13-50-0400__CAM_FRONT_RIGHT__1532622235170482.jpg", "samples/CAM_BACK_LEFT/n008-2018-07-26-12-13-50-0400__CAM_BACK_LEFT__1532622235197405.jpg", "samples/CAM_BACK/n008-2018-07-26-12-13-50-0400__CAM_BACK__1532622235187558.jpg", "samples/CAM_BACK_RIGHT/n008-2018-07-26-12-13-50-0400__CAM_BACK_RIGHT__1532622235178113.jpg"], "intrinsics": [[[1257.8625342125129, 0.0, 827.2410631095686], [0.0, 1257.8625342125129, 450.915498205774], [0.0, 0.0, 1.0]], [[1252.8131021185304, 0.0, 826.588114781398], [0.0, 1252.8131021185304, 469.9846626224581], [0.0, 0.0, 1.0]], [[1256.7485116440405, 0.0, 817.7887570959712], [0.0, 1256.7485116440403, 451.9541780095127], [0.0, 0.0, 1.0]], [[1254.9860565800168, 0.0, 829.5769333630991], [0.0, 1254.9860565800168, 467.1680561863987], [0.0, 0.0, 1.0]], [[796.8910634503094, 0.0, 857.7774326863696], [0.0, 796.8910634503094, 476.8848988407415], [0.0, 0.0, 1.0]], [[1249.9629280788233, 0.0, 825.3768045375984], [0.0, 1249.9629280788233, 462.54816385708756], [0.0, 0.0, 1.0]]], "extrinsics": [[[0.8222469091415405, -0.5689841508865356, 0.012922748923301697, -0.8946533203125], [0.010903416201472282, -0.006953383330255747, -0.9999163746833801, 1.4897613525390625], [0.5690264701843262, 0.8223190903663635, 0.0004864721850026399, -1.258056640625], [0.0, 0.0, 0.0, 1.0]], [[0.009883363731205463, -0.9998874664306641, 0.01129016000777483, 0.0072021484375], [0.012834494933485985, -0.011162934824824333, -0.9998553395271301, 1.4815807342529297], [0.9998688101768494, 0.010026836767792702, 0.012722722254693508, -1.624755859375], [0.0, 0.0, 0.0, 1.0]], [[-0.8440768122673035, -0.5361778736114502, -0.006882796995341778, 1.02001953125], [0.02083439752459526, -0.01996707357466221, -0.9995835423469543, 1.4948387145996094], [0.5358171463012695, -0.8438687920570374, 0.028024692088365555, -1.23193359375], [0.0, 0.0, 0.0, 1.0]], [[0.9478890299797058, 0.31854501366615295, -0.005945850163698196, -1.143798828125], [-0.004521345254033804, -0.005211117211729288, -0.9999762177467346, 1.5620412826538086], [-0.3185684084892273, 0.9478933811187744, -0.003499309066683054, -0.1559276580810547], [0.0, 0.0, 0.0, 1.0]], [[0.00929169449955225, 0.9998772740364075, -0.01261263620108366, -0.0286865234375], [-0.0023723202757537365, -0.012591101229190826, -0.9999178647994995, 1.5679912567138672], [-0.9999539852142334, 0.009320853278040886, 0.002255036262795329, 0.013916015625], [0.0, 0.0, 0.0, 1.0]], [[-0.9236315488815308, 0.38298386335372925, -0.01510491594672203, 1.1051025390625], [0.0017712097615003586, -0.03514408320188522, -0.9993807077407837, 1.547933578491211], [-0.3832774758338928, -0.9230862259864807, 0.03178183734416962, -0.066162109375], [0.0, 0.0, 0.0, 1.0]]], "view": [[0.0, -2.0, 100.0], [-2.0, 0.0, 100.0], [0.0, 0.0, 1.0]], "bev": "bev_d456cf63a2b64f0b8f4513b94c952a2f.png", "aux": "aux_d456cf63a2b64f0b8f4513b94c952a2f.npz", "visibility": "visibility_d456cf63a2b64f0b8f4513b94c952a2f.png", "pose": [[0.9979763031005859, -0.06358655542135239, 0.0, 2222.408203125], [0.06358655542135239, 0.9979763031005859, 0.0, 876.3463134765625], [0.0, 0.0, 1.0, 0.0], [0.0, 0.0, 0.0, 1.0]], "pose_inverse": [[0.9979763031005859, 0.06358655542135239, 0.0, -2273.634521484375], [-0.06358655542135239, 0.9979763031005859, 0.0, -733.257568359375], [0.0, 0.0, 1.0, 0.0], [0.0, 0.0, 0.0, 1.0]], "cam_ids": [0, 1, 2, 3, 4, 5], "cam_channels": ["CAM_FRONT_LEFT", "CAM_FRONT", "CAM_FRONT_RIGHT", "CAM_BACK_LEFT", "CAM_BACK", "CAM_BACK_RIGHT"], "token": "d456cf63a2b64f0b8f4513b94c952a2f", "scene": "scene-0214"}, {"images": ["samples/CAM_FRONT_LEFT/n008-2018-07-26-12-13-50-0400__CAM_FRONT_LEFT__1532622235654799.jpg", "samples/CAM_FRONT/n008-2018-07-26-12-13-50-0400__CAM_FRONT__1532622235662404.jpg", "samples/CAM_FRONT_RIGHT/n008-2018-07-26-12-13-50-0400__CAM_FRONT_RIGHT__1532622235670482.jpg", "samples/CAM_BACK_LEFT/n008-2018-07-26-12-13-50-0400__CAM_BACK_LEFT__1532622235697405.jpg", "samples/CAM_BACK/n008-2018-07-26-12-13-50-0400__CAM_BACK__1532622235687558.jpg", "samples/CAM_BACK_RIGHT/n008-2018-07-26-12-13-50-0400__CAM_BACK_RIGHT__1532622235678113.jpg"], "intrinsics": [[[1257.8625342125129, 0.0, 827.2410631095686], [0.0, 1257.8625342125129, 450.915498205774], [0.0, 0.0, 1.0]], [[1252.8131021185304, 0.0, 826.588114781398], [0.0, 1252.8131021185304, 469.9846626224581], [0.0, 0.0, 1.0]], [[1256.7485116440405, 0.0, 817.7887570959712], [0.0, 1256.7485116440403, 451.9541780095127], [0.0, 0.0, 1.0]], [[1254.9860565800168, 0.0, 829.5769333630991], [0.0, 1254.9860565800168, 467.1680561863987], [0.0, 0.0, 1.0]], [[796.8910634503094, 0.0, 857.7774326863696], [0.0, 796.8910634503094, 476.8848988407415], [0.0, 0.0, 1.0]], [[1249.9629280788233, 0.0, 825.3768045375984], [0.0, 1249.9629280788233, 462.54816385708756], [0.0, 0.0, 1.0]]], "extrinsics": [[[0.8228670954704285, -0.5680277347564697, 0.01531012449413538, -0.890625], [0.011870676651597023, -0.00975362304598093, -0.9998819828033447, 1.4899463653564453], [0.5681099891662598, 0.8229516744613647, -0.0012830640189349651, -1.2562255859375], [0.0, 0.0, 0.0, 1.0]], [[0.010784481652081013, -0.999843180179596, 0.0140447448939085, 0.00775146484375], [0.013777240179479122, -0.013895655050873756, -0.9998085498809814, 1.4817333221435547], [0.999846875667572, 0.010975907556712627, 0.013625222258269787, -1.6220703125], [0.0, 0.0, 0.0, 1.0]], [[-0.8436935544013977, -0.5367892384529114, -0.006203180644661188, 1.0185546875], [0.021746385842561722, -0.02262929081916809, -0.9995073676109314, 1.494964599609375], [0.5363844037055969, -0.8434128761291504, 0.030765412375330925, -1.2305908203125], [0.0, 0.0, 0.0, 1.0]], [[0.947874903678894, 0.3185867965221405, -0.005965298041701317, -1.149658203125], [-0.003707124851644039, -0.007693946827203035, -0.9999635219573975, 1.5620651245117188], [-0.31862103939056396, 0.9478625059127808, -0.006111857481300831, -0.15404891967773438], [0.0, 0.0, 0.0, 1.0]], [[0.009019811637699604, 0.9998446106910706, -0.015144591219723225, -0.02880859375], [-0.0015918591525405645, -0.015130829997360706, -0.9998842477798462, 1.5680198669433594], [-0.9999580979347229, 0.009042877703905106, 0.00145513447932899, 0.01611328125], [0.0, 0.0, 0.0, 1.0]], [[-0.9238114953041077, 0.38247472047805786, -0.01689525879919529, 1.1043701171875], [0.0026433945167809725, -0.03775714337825775, -0.9992834329605103, 1.547994613647461], [-0.38283854722976685, -0.9231942296028137, 0.03386945277452469, -0.0662841796875], [0.0, 0.0, 0.0, 1.0]]], "view": [[0.0, -2.0, 100.0], [-2.0, 0.0, 100.0], [0.0, 0.0, 1.0]], "bev": "bev_4e5d6ce69e7f42ecb4ba4d81af57d719.png", "aux": "aux_4e5d6ce69e7f42ecb4ba4d81af57d719.npz", "visibility": "visibility_4e5d6ce69e7f42ecb4ba4d81af57d719.png", "pose": [[0.9982614517211914, -0.058940913528203964, 0.0, 2224.033935546875], [0.058940913528203964, 0.9982614517211914, 0.0, 876.4266967773438], [0.0, 0.0, 1.0, 0.0], [0.0, 0.0, 0.0, 1.0]], "pose_inverse": [[0.9982614517211914, 0.058940913528203964, 0.0, -2271.82470703125], [-0.058940913528203964, 0.9982614517211914, 0.0, -743.81640625], [0.0, 0.0, 1.0, 0.0], [0.0, 0.0, 0.0, 1.0]], "cam_ids": [0, 1, 2, 3, 4, 5], "cam_channels": ["CAM_FRONT_LEFT", "CAM_FRONT", "CAM_FRONT_RIGHT", "CAM_BACK_LEFT", "CAM_BACK", "CAM_BACK_RIGHT"], "token": "4e5d6ce69e7f42ecb4ba4d81af57d719", "scene": "scene-0214"}, {"images": ["samples/CAM_FRONT_LEFT/n008-2018-07-26-12-13-50-0400__CAM_FRONT_LEFT__1532622236154799.jpg", "samples/CAM_FRONT/n008-2018-07-26-12-13-50-0400__CAM_FRONT__1532622236162404.jpg", "samples/CAM_FRONT_RIGHT/n008-2018-07-26-12-13-50-0400__CAM_FRONT_RIGHT__1532622236170482.jpg", "samples/CAM_BACK_LEFT/n008-2018-07-26-12-13-50-0400__CAM_BACK_LEFT__1532622236197405.jpg", "samples/CAM_BACK/n008-2018-07-26-12-13-50-0400__CAM_BACK__1532622236187558.jpg", "samples/CAM_BACK_RIGHT/n008-2018-07-26-12-13-50-0400__CAM_BACK_RIGHT__1532622236178113.jpg"], "intrinsics": [[[1257.8625342125129, 0.0, 827.2410631095686], [0.0, 1257.8625342125129, 450.915498205774], [0.0, 0.0, 1.0]], [[1252.8131021185304, 0.0, 826.588114781398], [0.0, 1252.8131021185304, 469.9846626224581], [0.0, 0.0, 1.0]], [[1256.7485116440405, 0.0, 817.7887570959712], [0.0, 1256.7485116440403, 451.9541780095127], [0.0, 0.0, 1.0]], [[1254.9860565800168, 0.0, 829.5769333630991], [0.0, 1254.9860565800168, 467.1680561863987], [0.0, 0.0, 1.0]], [[796.8910634503094, 0.0, 857.7774326863696], [0.0, 796.8910634503094, 476.8848988407415], [0.0, 0.0, 1.0]], [[1249.9629280788233, 0.0, 825.3768045375984], [0.0, 1249.9629280788233, 462.54816385708756], [0.0, 0.0, 1.0]]], "extrinsics": [[[0.8232093453407288, -0.5674976110458374, 0.01651635579764843, -0.8863525390625], [0.011696926318109035, -0.012132193893194199, -0.9998579621315002, 1.4899883270263672], [0.5676174759864807, 0.8232856392860413, -0.003349358681589365, -1.2525634765625], [0.0, 0.0, 0.0, 1.0]], [[0.011263125576078892, -0.9998019933700562, 0.01640215888619423, 0.0074462890625], [0.013620459474623203, -0.016248280182480812, -0.999775230884552, 1.481781005859375], [0.9998437166213989, 0.011484004557132721, 0.0134347565472126, -1.6171875], [0.0, 0.0, 0.0, 1.0]], [[-0.8434985876083374, -0.5371094942092896, -0.004839141387492418, 1.014892578125], [0.021611077710986137, -0.024934222921729088, -0.999455451965332, 1.4950408935546875], [0.5366963744163513, -0.843143880367279, 0.03263949975371361, -1.2286376953125], [0.0, 0.0, 0.0, 1.0]], [[0.9478915929794312, 0.31851983070373535, -0.006829376332461834, -1.14697265625], [-0.003906699828803539, -0.00981372781097889, -0.9999442100524902, 1.5620574951171875], [-0.3185690939426422, 0.94786536693573, -0.008057989180088043, -0.15519332885742188], [0.0, 0.0, 0.0, 1.0]], [[0.00890749879181385, 0.999809980392456, -0.01733773574233055, -0.02880859375], [-0.0017690066015347838, -0.017322640866041183, -0.9998483657836914, 1.5680103302001953], [-0.9999587535858154, 0.008936820551753044, 0.0016143686370924115, 0.01318359375], [0.0, 0.0, 0.0, 1.0]], [[-0.9239130020141602, 0.38219645619392395, -0.01762470416724682, 1.1011962890625], [0.002507489873096347, -0.04001562297344208, -0.99919593334198, 1.5479907989501953], [-0.38259434700012207, -0.9232141971588135, 0.03601260110735893, -0.0677490234375], [0.0, 0.0, 0.0, 1.0]]], "view": [[0.0, -2.0, 100.0], [-2.0, 0.0, 100.0], [0.0, 0.0, 1.0]], "bev": "bev_1a559a11c5964199ad3be203ee91d4b0.png", "aux": "aux_1a559a11c5964199ad3be203ee91d4b0.npz", "visibility": "visibility_1a559a11c5964199ad3be203ee91d4b0.png", "pose": [[0.9988934397697449, -0.04703018069267273, 0.0, 2225.77490234375], [0.04703018069267273, 0.9988934397697449, 0.0, 876.5043334960938], [0.0, 0.0, 1.0, 0.0], [0.0, 0.0, 0.0, 1.0]], "pose_inverse": [[0.9988934397697449, 0.04703018069267273, 0.0, -2264.5341796875], [-0.04703018069267273, 0.9988934397697449, 0.0, -770.8558349609375], [0.0, 0.0, 1.0, 0.0], [0.0, 0.0, 0.0, 1.0]], "cam_ids": [0, 1, 2, 3, 4, 5], "cam_channels": ["CAM_FRONT_LEFT", "CAM_FRONT", "CAM_FRONT_RIGHT", "CAM_BACK_LEFT", "CAM_BACK", "CAM_BACK_RIGHT"], "token": "1a559a11c5964199ad3be203ee91d4b0", "scene": "scene-0214"}, {"images": ["samples/CAM_FRONT_LEFT/n008-2018-07-26-12-13-50-0400__CAM_FRONT_LEFT__1532622236654799.jpg", "samples/CAM_FRONT/n008-2018-07-26-12-13-50-0400__CAM_FRONT__1532622236662404.jpg", "samples/CAM_FRONT_RIGHT/n008-2018-07-26-12-13-50-0400__CAM_FRONT_RIGHT__1532622236670482.jpg", "samples/CAM_BACK_LEFT/n008-2018-07-26-12-13-50-0400__CAM_BACK_LEFT__1532622236697405.jpg", "samples/CAM_BACK/n008-2018-07-26-12-13-50-0400__CAM_BACK__1532622236687558.jpg", "samples/CAM_BACK_RIGHT/n008-2018-07-26-12-13-50-0400__CAM_BACK_RIGHT__1532622236678113.jpg"], "intrinsics": [[[1257.8625342125129, 0.0, 827.2410631095686], [0.0, 1257.8625342125129, 450.915498205774], [0.0, 0.0, 1.0]], [[1252.8131021185304, 0.0, 826.588114781398], [0.0, 1252.8131021185304, 469.9846626224581], [0.0, 0.0, 1.0]], [[1256.7485116440405, 0.0, 817.7887570959712], [0.0, 1256.7485116440403, 451.9541780095127], [0.0, 0.0, 1.0]], [[1254.9860565800168, 0.0, 829.5769333630991], [0.0, 1254.9860565800168, 467.1680561863987], [0.0, 0.0, 1.0]], [[796.8910634503094, 0.0, 857.7774326863696], [0.0, 796.8910634503094, 476.8848988407415], [0.0, 0.0, 1.0]], [[1249.9629280788233, 0.0, 825.3768045375984], [0.0, 1249.9629280788233, 462.54816385708756], [0.0, 0.0, 1.0]]], "extrinsics": [[[0.82315593957901, -0.5676173567771912, 0.014997271820902824, -0.8785400390625], [0.009632437489926815, -0.012449258007109165, -0.999876081943512, 1.489776611328125], [0.5677337050437927, 0.8231984376907349, -0.00478014349937439, -1.24609375], [0.0, 0.0, 0.0, 1.0]], [[0.011172221042215824, -0.9997974038124084, 0.01674247533082962, 0.00677490234375], [0.011616786010563374, -0.016612615436315536, -0.9997945427894592, 1.4816293716430664], [0.9998700618743896, 0.01136441808193922, 0.0114288330078125, -1.6083984375], [0.0, 0.0, 0.0, 1.0]], [[-0.8435646891593933, -0.5370193123817444, -0.002988219726830721, 1.009033203125], [0.019675850868225098, -0.025345776230096817, -0.9994850754737854, 1.4949684143066406], [0.5366671085357666, -0.8431891202926636, 0.03194710984826088, -1.22564697265625], [0.0, 0.0, 0.0, 1.0]], [[0.9478789567947388, 0.31850340962409973, -0.009005249477922916, -1.144287109375], [-0.006009568460285664, -0.01038688700646162, -0.9999279975891113, 1.5620460510253906], [-0.31857404112815857, 0.947864830493927, -0.007931442931294441, -0.15592575073242188], [0.0, 0.0, 0.0, 1.0]], [[0.008932020515203476, 0.9998005628585815, -0.017864590510725975, -0.028564453125], [-0.0037185123655945063, -0.017831970006227493, -0.9998340606689453, 1.567932128906