[{"images": ["samples/CAM_FRONT_LEFT/n008-2018-08-31-11-56-46-0400__CAM_FRONT_LEFT__1535731318654799.jpg", "samples/CAM_FRONT/n008-2018-08-31-11-56-46-0400__CAM_FRONT__1535731318662404.jpg", "samples/CAM_FRONT_RIGHT/n008-2018-08-31-11-56-46-0400__CAM_FRONT_RIGHT__1535731318670539.jpg", "samples/CAM_BACK_LEFT/n008-2018-08-31-11-56-46-0400__CAM_BACK_LEFT__1535731318697405.jpg", "samples/CAM_BACK/n008-2018-08-31-11-56-46-0400__CAM_BACK__1535731318687558.jpg", "samples/CAM_BACK_RIGHT/n008-2018-08-31-11-56-46-0400__CAM_BACK_RIGHT__1535731318678113.jpg"], "intrinsics": [[[1257.8625342125129, 0.0, 827.2410631095686], [0.0, 1257.8625342125129, 450.915498205774], [0.0, 0.0, 1.0]], [[1252.8131021185304, 0.0, 826.588114781398], [0.0, 1252.8131021185304, 469.9846626224581], [0.0, 0.0, 1.0]], [[1256.7485116440405, 0.0, 817.7887570959712], [0.0, 1256.7485116440403, 451.9541780095127], [0.0, 0.0, 1.0]], [[1254.9860565800168, 0.0, 829.5769333630991], [0.0, 1254.9860565800168, 467.1680561863987], [0.0, 0.0, 1.0]], [[796.8910634503094, 0.0, 857.7774326863696], [0.0, 796.8910634503094, 476.8848988407415], [0.0, 0.0, 1.0]], [[1249.9629280788233, 0.0, 825.3768045375984], [0.0, 1249.9629280788233, 462.54816385708756], [0.0, 0.0, 1.0]]], "extrinsics": [[[0.8225463628768921, -0.5686962008476257, -0.0014566645259037614, -0.7506103515625], [0.008123609237372875, 0.014310826547443867, -0.9998645782470703, 1.490732192993164], [0.5686400532722473, 0.8224231600761414, 0.01639118231832981, -1.16204833984375], [0.0, 0.0, 0.0, 1.0]], [[0.010305813513696194, -0.9998952746391296, -0.01016197632998228, 0.01113128662109375], [0.009993430227041245, 0.010264999233186245, -0.9998973608016968, 1.4826650619506836], [0.9998968839645386, 0.010203207843005657, 0.010098174214363098, -1.4814453125], [0.0, 0.0, 0.0, 1.0]], [[-0.8439224362373352, -0.5362264513969421, -0.016006479039788246, 0.9261474609375], [0.017930755391716957, 0.0016256519593298435, -0.9998378753662109, 1.4965877532958984], [0.5361655354499817, -0.8440727591514587, 0.008243019692599773, -1.169921875], [0.0, 0.0, 0.0, 1.0]], [[0.9478771090507507, 0.31863051652908325, -0.0019038632744923234, -1.1400146484375], [-0.0076311323791742325, 0.01672731712460518, -0.999830961227417, 1.562006950378418], [-0.31854480504989624, 0.9477313756942749, 0.018286950886249542, -0.157562255859375], [0.0, 0.0, 0.0, 1.0]], [[0.009177714586257935, 0.9999154806137085, 0.009211690165102482, -0.0292205810546875], [-0.005450020078569651, 0.009261960163712502, -0.9999422430992126, 1.5676450729370117], [-0.9999430775642395, 0.009126977063715458, 0.0055345636792480946, -0.0303955078125], [0.0, 0.0, 0.0, 1.0]], [[-0.9237494468688965, 0.3829762637615204, -0.004014815669506788, 1.0286865234375], [-0.0012249407591298223, -0.013436838984489441, -0.999908983707428, 1.5476653575897217], [-0.38299524784088135, -0.9236604571342468, 0.012881395407021046, -0.0963134765625], [0.0, 0.0, 0.0, 1.0]]], "view": [[0.0, -2.0, 100.0], [-2.0, 0.0, 100.0], [0.0, 0.0, 1.0]], "bev": "bev_1759e74726f7465585fd860ec81315c5.png", "aux": "aux_1759e74726f7465585fd860ec81315c5.npz", "visibility": "visibility_1759e74726f7465585fd860ec81315c5.png", "pose": [[0.4934878647327423, -0.8697527050971985, 0.0, 591.3486328125], [0.8697527050971985, 0.4934878647327423, 0.0, 1194.4339599609375], [0.0, 0.0, 1.0, 0.0], [0.0, 0.0, 0.0, 1.0]], "pose_inverse": [[0.4934878647327423, 0.8697527050971985, 0.0, -1330.685546875], [-0.8697527050971985, 0.4934878647327423, 0.0, -75.11161041259766], [0.0, 0.0, 1.0, 0.0], [0.0, 0.0, 0.0, 1.0]], "cam_ids": [0, 1, 2, 3, 4, 5], "cam_channels": ["CAM_FRONT_LEFT", "CAM_FRONT", "CAM_FRONT_RIGHT", "CAM_BACK_LEFT", "CAM_BACK", "CAM_BACK_RIGHT"], "token": "1759e74726f7465585fd860ec81315c5", "scene": "scene-0396"}, {"images": ["samples/CAM_FRONT_LEFT/n008-2018-08-31-11-56-46-0400__CAM_FRONT_LEFT__1535731319254799.jpg", "samples/CAM_FRONT/n008-2018-08-31-11-56-46-0400__CAM_FRONT__1535731319262404.jpg", "samples/CAM_FRONT_RIGHT/n008-2018-08-31-11-56-46-0400__CAM_FRONT_RIGHT__1535731319270482.jpg", "samples/CAM_BACK_LEFT/n008-2018-08-31-11-56-46-0400__CAM_BACK_LEFT__1535731319297405.jpg", "samples/CAM_BACK/n008-2018-08-31-11-56-46-0400__CAM_BACK__1535731319287558.jpg", "samples/CAM_BACK_RIGHT/n008-2018-08-31-11-56-46-0400__CAM_BACK_RIGHT__1535731319278113.jpg"], "intrinsics": [[[1257.8625342125129, 0.0, 827.2410631095686], [0.0, 1257.8625342125129, 450.915498205774], [0.0, 0.0, 1.0]], [[1252.8131021185304, 0.0, 826.588114781398], [0.0, 1252.8131021185304, 469.9846626224581], [0.0, 0.0, 1.0]], [[1256.7485116440405, 0.0, 817.7887570959712], [0.0, 1256.7485116440403, 451.9541780095127], [0.0, 0.0, 1.0]], [[1254.9860565800168, 0.0, 829.5769333630991], [0.0, 1254.9860565800168, 467.1680561863987], [0.0, 0.0, 1.0]], [[796.8910634503094, 0.0, 857.7774326863696], [0.0, 796.8910634503094, 476.8848988407415], [0.0, 0.0, 1.0]], [[1249.9629280788233, 0.0, 825.3768045375984], [0.0, 1249.9629280788233, 462.54816385708756], [0.0, 0.0, 1.0]]], "extrinsics": [[[0.8227525949478149, -0.568397581577301, -0.0015643250662833452, -0.745361328125], [0.011413706466555595, 0.019272759556770325, -0.9997491240501404, 1.49176025390625], [0.5682851672172546, 0.8225283026695251, 0.022344235330820084, -1.159912109375], [0.0, 0.0, 0.0, 1.0]], [[0.01068168692290783, -0.9998288750648499, -0.01510018203407526, 0.0123748779296875], [0.013499547727406025, 0.015243858098983765, -0.9997926354408264, 1.4835777282714844], [0.9998517632484436, 0.01047555822879076, 0.013660067692399025, -1.4774169921875], [0.0, 0.0, 0.0, 1.0]], [[-0.843687891960144, -0.5363897681236267, -0.021834801882505417, 0.92431640625], [0.021663065999746323, 0.006622671149671078, -0.9997434020042419, 1.4973621368408203], [0.5363966822624207, -0.8439443707466125, 0.006032378412783146, -1.16790771484375], [0.0, 0.0, 0.0, 1.0]], [[0.947869062423706, 0.3186364471912384, 0.003898418275639415, -1.1439208984375], [-0.003257052507251501, 0.02192065492272377, -0.9997543692588806, 1.5620393753051758], [-0.3186436593532562, 0.9476234912872314, 0.021815724670886993, -0.156280517578125], [0.0, 0.0, 0.0, 1.0]], [[0.009013318456709385, 0.9998570084571838, 0.014311632141470909, -0.02950286865234375], [-0.0012958688894286752, 0.014323880895972252, -0.9998965263366699, 1.5679481029510498], [-0.9999585747718811, 0.008993824012577534, 0.0014247888466343284, -0.0284423828125], [0.0, 0.0, 0.0, 1.0]], [[-0.9238144755363464, 0.38279715180397034, -0.005760171450674534, 1.02783203125], [0.0027466341853141785, -0.00841846875846386, -0.9999607801437378, 1.548224925994873], [-0.38283056020736694, -0.923794150352478, 0.00672569964081049, -0.09600830078125], [0.0, 0.0, 0.0, 1.0]]], "view": [[0.0, -2.0, 100.0], [-2.0, 0.0, 100.0], [0.0, 0.0, 1.0]], "bev": "bev_3cd7410e5f4d4644aa2db82439daaa82.png", "aux": "aux_3cd7410e5f4d4644aa2db82439daaa82.npz", "visibility": "visibility_3cd7410e5f4d4644aa2db82439daaa82.png", "pose": [[0.49059170484542847, -0.8713895678520203, 0.0, 593.5107421875], [0.8713895678520203, 0.49059170484542847, 0.0, 1198.1715087890625], [0.0, 0.0, 1.0, 0.0], [0.0, 0.0, 0.0, 1.0]], "pose_inverse": [[0.49059170484542847, 0.8713895678520203, 0.0, -1335.24560546875], [-0.8713895678520203, 0.49059170484542847, 0.0, -70.63391876220703], [0.0, 0.0, 1.0, 0.0], [0.0, 0.0, 0.0, 1.0]], "cam_ids": [0, 1, 2, 3, 4, 5], "cam_channels": ["CAM_FRONT_LEFT", "CAM_FRONT", "CAM_FRONT_RIGHT", "CAM_BACK_LEFT", "CAM_BACK", "CAM_BACK_RIGHT"], "token": "3cd7410e5f4d4644aa2db82439daaa82", "scene": "scene-0396"}, {"images": ["samples/CAM_FRONT_LEFT/n008-2018-08-31-11-56-46-0400__CAM_FRONT_LEFT__1535731319754799.jpg", "samples/CAM_FRONT/n008-2018-08-31-11-56-46-0400__CAM_FRONT__1535731319762404.jpg", "samples/CAM_FRONT_RIGHT/n008-2018-08-31-11-56-46-0400__CAM_FRONT_RIGHT__1535731319770482.jpg", "samples/CAM_BACK_LEFT/n008-2018-08-31-11-56-46-0400__CAM_BACK_LEFT__1535731319797405.jpg", "samples/CAM_BACK/n008-2018-08-31-11-56-46-0400__CAM_BACK__1535731319787558.jpg", "samples/CAM_BACK_RIGHT/n008-2018-08-31-11-56-46-0400__CAM_BACK_RIGHT__1535731319778113.jpg"], "intrinsics": [[[1257.8625342125129, 0.0, 827.2410631095686], [0.0, 1257.8625342125129, 450.915498205774], [0.0, 0.0, 1.0]], [[1252.8131021185304, 0.0, 826.588114781398], [0.0, 1252.8131021185304, 469.9846626224581], [0.0, 0.0, 1.0]], [[1256.7485116440405, 0.0, 817.7887570959712], [0.0, 1256.7485116440403, 451.9541780095127], [0.0, 0.0, 1.0]], [[1254.9860565800168, 0.0, 829.5769333630991], [0.0, 1254.9860565800168, 467.1680561863987], [0.0, 0.0, 1.0]], [[796.8910634503094, 0.0, 857.7774326863696], [0.0, 796.8910634503094, 476.8848988407415], [0.0, 0.0, 1.0]], [[1249.9629280788233, 0.0, 825.3768045375984], [0.0, 1249.9629280788233, 462.54816385708756], [0.0, 0.0, 1.0]]], "extrinsics": [[[0.8225945234298706, -0.5686196088790894, 0.0031595700420439243, -0.7412109375], [0.01723351888358593, 0.019376207143068314, -0.9996637105941772, 1.4937076568603516], [0.5683671832084656, 0.8223724365234375, 0.025738077238202095, -1.1553955078125], [0.0, 0.0, 0.0, 1.0]], [[0.010629815049469471, -0.999829113483429, -0.01513141579926014, 0.011505126953125], [0.019203949719667435, 0.015333603136241436, -0.9996980428695679, 1.4851360321044922], [0.9997590184211731, 0.010336026549339294, 0.019363658502697945, -1.4735107421875], [0.0, 0.0, 0.0, 1.0]], [[-0.8435627818107605, -0.5363712310791016, -0.02660364657640457, 0.92236328125], [0.027270415797829628, 0.00669098412618041, -0.999605655670166, 1.4985389709472656], [0.5363377928733826, -0.8439556956291199, 0.00898279994726181, -1.167236328125], [0.0, 0.0, 0.0, 1.0]], [[0.9478468894958496, 0.3186016082763672, 0.008905117399990559, -1.1409912109375], [0.002082220744341612, 0.021749312058091164, -0.9997612833976746, 1.5620460510253906], [-0.3187192678451538, 0.9476391673088074, 0.01995161920785904, -0.1572265625], [0.0, 0.0, 0.0, 1.0]], [[0.008953011594712734, 0.9998568892478943, 0.014353200793266296, -0.0292816162109375], [0.004176419228315353, 0.014316260814666748, -0.9998887777328491, 1.5683603286743164], [-0.9999513030052185, 0.009011927992105484, -0.004047648515552282, -0.0313720703125], [0.0, 0.0, 0.0, 1.0]], [[-0.9237600564956665, 0.38281509280204773, -0.010947874747216702, 1.025634765625], [0.008375425823032856, -0.00838583055883646, -0.9999297857284546, 1.5490446090698242], [-0.38287997245788574, -0.923786997795105, 0.004540257155895233, -0.097412109375], [0.0, 0.0, 0.0, 1.0]]], "view": [[0.0, -2.0, 100.0], [-2.0, 0.0, 100.0], [0.0, 0.0, 1.0]], "bev": "bev_e80100d01c1b4a26abe2ceea5fe88ac8.png", "aux": "aux_e80100d01c1b4a26abe2ceea5fe88ac8.npz", "visibility": "visibility_e80100d01c1b4a26abe2ceea5fe88ac8.png", "pose": [[0.48961901664733887, -0.8719365000724792, 0.0, 595.378173828125], [0.8719365000724792, 0.48961901664733887, 0.0, 1201.39111328125], [0.0, 0.0, 1.0, 0.0], [0.0, 0.0, 0.0, 1.0]], "pose_inverse": [[0.48961901664733887, 0.8719365000724792, 0.0, -1339.045166015625], [-0.8719365000724792, 0.48961901664733887, 0.0, -69.09198760986328], [0.0, 0.0, 1.0, 0.0], [0.0, 0.0, 0.0, 1.0]], "cam_ids": [0, 1, 2, 3, 4, 5], "cam_channels": ["CAM_FRONT_LEFT", "CAM_FRONT", "CAM_FRONT_RIGHT", "CAM_BACK_LEFT", "CAM_BACK", "CAM_BACK_RIGHT"], "token": "e80100d01c1b4a26abe2ceea5fe88ac8", "scene": "scene-0396"}, {"images": ["samples/CAM_FRONT_LEFT/n008-2018-08-31-11-56-46-0400__CAM_FRONT_LEFT__1535731320254799.jpg", "samples/CAM_FRONT/n008-2018-08-31-11-56-46-0400__CAM_FRONT__1535731320262404.jpg", "samples/CAM_FRONT_RIGHT/n008-2018-08-31-11-56-46-0400__CAM_FRONT_RIGHT__1535731320270482.jpg", "samples/CAM_BACK_LEFT/n008-2018-08-31-11-56-46-0400__CAM_BACK_LEFT__1535731320297405.jpg", "samples/CAM_BACK/n008-2018-08-31-11-56-46-0400__CAM_BACK__1535731320287558.jpg", "samples/CAM_BACK_RIGHT/n008-2018-08-31-11-56-46-0400__CAM_BACK_RIGHT__1535731320278113.jpg"], "intrinsics": [[[1257.8625342125129, 0.0, 827.2410631095686], [0.0, 1257.8625342125129, 450.915498205774], [0.0, 0.0, 1.0]], [[1252.8131021185304, 0.0, 826.588114781398], [0.0, 1252.8131021185304, 469.9846626224581], [0.0, 0.0, 1.0]], [[1256.7485116440405, 0.0, 817.7887570959712], [0.0, 1256.7485116440403, 451.9541780095127], [0.0, 0.0, 1.0]], [[1254.9860565800168, 0.0, 829.5769333630991], [0.0, 1254.9860565800168, 467.1680561863987], [0.0, 0.0, 1.0]], [[796.8910634503094, 0.0, 857.7774326863696], [0.0, 796.8910634503094, 476.8848988407415], [0.0, 0.0, 1.0]], [[1249.9629280788233, 0.0, 825.3768045375984], [0.0, 1249.9629280788233, 462.54816385708756], [0.0, 0.0, 1.0]]], "extrinsics": [[[0.8222074508666992, -0.5691380500793457, 0.007534367963671684, -0.7449951171875], [0.01991577446460724, 0.015537414699792862, -0.9996809363365173, 1.4945640563964844], [0.568839430809021, 0.8220951557159424, 0.02410980314016342, -1.1546630859375], [0.0, 0.0, 0.0, 1.0]], [[0.009894521906971931, -0.9998877048492432, -0.01125328242778778, 0.008563995361328125], [0.021841885522007942, 0.011467261239886284, -0.9996957182884216, 1.4858207702636719], [0.9997124671936035, 0.009645793586969376, 0.02195289544761181, -1.4754638671875], [0.0, 0.0, 0.0, 1.0]], [[-0.8439502120018005, -0.5357570648193359, -0.026690058410167694, 0.9224853515625], [0.02982158027589321, 0.002818722277879715, -0.9995512366294861, 1.4990158081054688], [0.5355918407440186, -0.8443674445152283, 0.013598261401057243, -1.17041015625], [0.0, 0.0, 0.0, 1.0]], [[0.9478388428688049, 0.31859973073005676, 0.009789785370230675, -1.1456298828125], [0.004225353244692087, 0.01815171353518963, -0.9998263120651245, 1.5620346069335938], [-0.31872206926345825, 0.9477154612541199, 0.01585870049893856, -0.155609130859375], [0.0, 0.0, 0.0, 1.0]], [[0.009267736226320267, 0.9999004006385803, 0.010637851431965828, -0.028350830078125], [0.006382909137755632, 0.010578937828540802, -0.999923586845398, 1.5685181617736816], [-0.9999366998672485, 0.009334842674434185, -0.006284232717007399, -0.0274658203125], [0.0, 0.0, 0.0, 1.0]], [[-0.9234933853149414, 0.38334202766418457, -0.014452662318944931, 1.0289306640625], [0.010592116042971611, -0.012179804034531116, -0.999869704246521, 1.5493221282958984], [-0.3834681510925293, -0.9235261082649231, 0.007187564857304096, -0.0980224609375], [0.0, 0.0, 0.0, 1.0]]], "view": [[0.0, -2.0, 100.0], [-2.0, 0.0, 100.0], [0.0, 0.0, 1.0]], "bev": "bev_bf48cec6e92148c098afd889fc5930e1.png", "aux": "aux_bf48cec6e92148c098afd889fc5930e1.npz", "visibility": "visibility_bf48cec6e92148c098afd889fc5930e1.png", "pose": [[0.4891512989997864, -0.8721989393234253, 0.0, 597.2410888671875], [0.8721989393234253, 0.4891512989997864, 0.0, 1204.651611328125], [0.0, 0.0, 1.0, 0.0], [0.0, 0.0, 0.0, 1.0]], "pose_inverse": [[0.4891512989997864, 0.8721989393234253, 0.0, -1342.837158203125], [-0.8721989393234253, 0.4891512989997864, 0.0, -68.3438491821289], [0.0, 0.0, 1.0, 0.0], [0.0, 0.0, 0.0, 1.0]], "cam_ids": [0, 1, 2, 3, 4, 5], "cam_channels": ["CAM_FRONT_LEFT", "CAM_FRONT", "CAM_FRONT_RIGHT", "CAM_BACK_LEFT", "CAM_BACK", "CAM_BACK_RIGHT"], "token": "bf48cec6e92148c098afd889fc5930e1", "scene": "scene-0396"}, {"images": ["samples/CAM_FRONT_LEFT/n008-2018-08-31-11-56-46-0400__CAM_FRONT_LEFT__1535731320754799.jpg", "samples/CAM_FRONT/n008-2018-08-31-11-56-46-0400__CAM_FRONT__1535731320762404.jpg", "samples/CAM_FRONT_RIGHT/n008-2018-08-31-11-56-46-0400__CAM_FRONT_RIGHT__1535731320770482.jpg", "samples/CAM_BACK_LEFT/n008-2018-08-31-11-56-46-0400__CAM_BACK_LEFT__1535731320797405.jpg", "samples/CAM_BACK/n008-2018-08-31-11-56-46-0400__CAM_BACK__1535731320787558.jpg", "samples/CAM_BACK_RIGHT/n008-2018-08-31-11-56-46-0400__CAM_BACK_RIGHT__1535731320778113.jpg"], "intrinsics": [[[1257.8625342125129, 0.0, 827.2410631095686], [0.0, 1257.8625342125129, 450.915498205774], [0.0, 0.0, 1.0]], [[1252.8131021185304, 0.0, 826.588114781398], [0.0, 1252.8131021185304, 469.9846626224581], [0.0, 0.0, 1.0]], [[1256.7485116440405, 0.0, 817.7887570959712], [0.0, 1256.7485116440403, 451.9541780095127], [0.0, 0.0, 1.0]], [[1254.9860565800168, 0.0, 829.5769333630991], [0.0, 1254.9860565800168, 467.1680561863987], [0.0, 0.0, 1.0]], [[796.8910634503094, 0.0, 857.7774326863696], [0.0, 796.8910634503094, 476.8848988407415], [0.0, 0.0, 1.0]], [[1249.9629280788233, 0.0, 825.3768045375984], [0.0, 1249.9629280788233, 462.54816385708756], [0.0, 0.0, 1.0]]], "extrinsics": [[[0.8226244449615479, -0.5685832500457764, 0.0014441863168030977, -0.7337646484375], [0.01397540234029293, 0.01768023706972599, -0.9997460246086121, 1.492828369140625], [0.5684133768081665, 0.8224356174468994, 0.022490376606583595, -1.149169921875], [0.0, 0.0, 0.0, 1.0]], [[0.010397248901426792, -0.9998549222946167, -0.013483749702572823, 0.0104217529296875], [0.015868179500102997, 0.013647759333252907, -0.9997809529304504, 1.4844093322753906], [0.9998199343681335, 0.010181036777794361, 0.01600777730345726, -1.4654541015625], [0.0, 0.0, 0.0, 1.0]], [[-0.8438573479652405, -0.536082923412323, -0.022798582911491394, 0.91650390625], [0.02381133660674095, 0.0050336578860878944, -0.9997037649154663, 1.4980010986328125], [0.536038875579834, -0.8441503047943115, 0.008517161943018436, -1.1649169921875], [0.0, 0.0, 0.0, 1.0]], [[0.9478705525398254, 0.3186227083206177, 0.004598286934196949, -1.1424560546875], [-0.0020012399181723595, 0.020382221788167953, -0.9997902512550354, 1.56204092502594], [-0.318649560213089, 0.947662353515625, 0.019957346841692924, -0.156463623046875], [0.0, 0.0, 0.0, 1.0]], [[0.009148339740931988, 0.9998759627342224, 0.012819617055356503, -0.0287933349609375], [0.00025165692204609513, 0.012817849405109882, -0.9999178051948547, 1.5680725574493408], [-0.9999581575393677, 0.009150763973593712, -0.00013436337758321315, -0.032470703125], [0.0, 0.0, 0.0, 1.0]], [[-0.9236886501312256, 0.3830578923225403, -0.008114826865494251, 1.0225830078125], [0.00465147802606225, -0.00996668916195631, -0.999939501285553, 1.5485177040100098], [-0.38311561942100525, -0.9236705899238586, 0.0074243322014808655, -0.09967041015625], [0.0, 0.0, 0.0, 1.0]]], "view": [[0.0, -2.0, 100.0], [-2.0, 0.0, 100.0], [0.0, 0.0, 1.0]], "bev": "bev_0d78d4f9791546e2a3fff07f3cee31a3.png", "aux": "aux_0d78d4f9791546e2a3fff07f3cee31a3.npz", "visibility": "visibility_0d78d4f9791546e2a3fff07f3cee31a3.png", "pose": [[0.48805785179138184, -0.8728112578392029, 0.0, 599.1268920898438], [0.8728112578392029, 0.48805785179138184, 0.0, 1207.9676513671875], [0.0, 0.0, 1.0, 0.0], [0.0, 0.0, 0.0, 1.0]], "pose_inverse": [[0.48805785179138184, 0.8728112578392029, 0.0, -1346.736328125], [-0.8728112578392029, 0.48805785179138184, 0.0, -66.63340759277344], [0.0, 0.0, 1.0, 0.0], [0.0, 0.0, 0.0, 1.0]], "cam_ids": [0, 1, 2, 3, 4, 5], "cam_channels": ["CAM_FRONT_LEFT", "CAM_FRONT", "CAM_FRONT_RIGHT", "CAM_BACK_LEFT", "CAM_BACK", "CAM_BACK_RIGHT"], "token": "0d78d4f9791546e2a3fff07f3cee31a3", "scene": "scene-0396"}, {"images": ["samples/CAM_FRONT_LEFT/n008-2018-08-31-11-56-46-0400__CAM_FRONT_LEFT__1535731321254799.jpg", "samples/CAM_FRONT/n008-2018-08-31-11-56-46-0400__CAM_FRONT__1535731321262404.jpg", "samples/CAM_FRONT_RIGHT/n008-2018-08-31-11-56-46-0400__CAM_FRONT_RIGHT__1535731321270482.jpg", "samples/CAM_BACK_LEFT/n008-2018-08-31-11-56-46-0400__CAM_BACK_LEFT__1535731321297405.jpg", "samples/CAM_BACK/n008-2018-08-31-11-56-46-0400__CAM_BACK__1535731321288063.jpg", "samples/CAM_BACK_RIGHT/n008-2018-08-31-11-56-46-0400__CAM_BACK_RIGHT__1535731321278113.jpg"], "intrinsics": [[[1257.8625342125129, 0.0, 827.2410631095686], [0.0, 1257.8625342125129, 450.915498205774], [0.0, 0.0, 1.0]], [[1252.8131021185304, 0.0, 826.588114781398], [0.0, 1252.8131021185304, 469.9846626224581], [0.0, 0.0, 1.0]], [[1256.7485116440405, 0.0, 817.7887570959712], [0.0, 1256.7485116440403, 451.9541780095127], [0.0, 0.0, 1.0]], [[1254.9860565800168, 0.0, 829.5769333630991], [0.0, 1254.9860565800168, 467.1680561863987], [0.0, 0.0, 1.0]], [[796.8910634503094, 0.0, 857.7774326863696], [0.0, 796.8910634503094, 476.8848988407415], [0.0, 0.0, 1.0]], [[1249.9629280788233, 0.0, 825.3768045375984], [0.0, 1249.9629280788233, 462.54816385708756], [0.0, 0.0, 1.0]]], "extrinsics": [[[0.822898805141449, -0.5681790709495544, -0.003190630115568638, -0.7276611328125], [0.0084306625649333, 0.017824649810791016, -0.9998056292533875, 1.491063117980957], [0.5681254267692566, 0.8227119445800781, 0.01945800706744194, -1.1456298828125], [0.0, 0.0, 0.0, 1.0]], [[0.010896923951804638, -0.9998487234115601, -0.013554083183407784, 0.0108184814453125], [0.010294490493834019, 0.013666343875229359, -0.9998536705970764, 1.4829692840576172], [0.9998877048492432, 0.010755827650427818, 0.010441854596138, -1.4591064453125], [0.0, 0.0, 0.0, 1.0]], [[-0.8436251878738403, -0.5366300344467163, -0.018022438511252403, 0.9122314453125], [0.018227675929665565, 0.004923131316900253, -0.9998217225074768, 1.4969406127929688], [0.5366231203079224, -0.8438032269477844, 0.005628240294754505, -1.16192626953125], [0.0, 0.0, 0.0, 1.0]], [[0.9478774070739746, 0.3186345398426056, -0.0006605490343645215, -1.1436767578125], [-0.0073836990632116795, 0.019892508164048195, -0.9997748732566833, 1.5620365142822266], [-0.3185496926307678, 0.9476688504219055, 0.02120836079120636, -0.156402587890625], [0.0, 0.0, 0.0, 1.0]], [[0.008985495194792747, 0.9998828768730164, 0.012394797056913376, -0.028900146484375], [-0.0052023897878825665, 0.012441875413060188, -0.9999090433120728, 1.5676665306091309], [-0.999946117401123, 0.00892020482569933, 0.00531357666477561, -0.0296630859375], [0.0, 0.0, 0.0, 1.0]], [[-0.9238978624343872, 0.38262656331062317, -0.0031159038189798594, 1.01904296875], [-0.0008535796659998596, -0.010204104706645012, -0.9999476075172424, 1.547695517539978], [-0.38263827562332153, -0.9238467216491699, 0.009754152037203312, -0.100830078125], [0.0, 0.0, 0.0, 1.0]]], "view": [[0.0, -2.0, 100.0], [-2.0, 0.0, 100.0], [0.0, 0.0, 1.0]], "bev": "bev_6c91320048e5462d81f1e591360edd56.png", "aux": "aux_6c91320048e5462d81f1e591360edd56.npz", "visibility": "visibility_6c91320048e5462d81f1e591360edd56.png", "pose": [[0.4883766174316406, -0.8726329803466797, 0.0, 601.0316772460938], [0.8726329803466797, 0.4883766174316406, 0.0, 1211.325439453125], [0.0, 0.0, 1.0, 0.0], [0.0, 0.0, 0.0, 1.0]], "pose_inverse": [[0.4883766174316406, 0.8726329803466797, 0.0, -1350.572265625], [-0.8726329803466797, 0.4883766174316406, 0.0, -67.10295104980469], [0.0, 0.0, 1.0, 0.0], [0.0, 0.0, 0.0, 1.0]], "cam_ids": [0, 1, 2, 3, 4, 5], "cam_channels": ["CAM_FRONT_LEFT", "CAM_FRONT", "CAM_FRONT_RIGHT", "CAM_BACK_LEFT", "CAM_BACK", "CAM_BACK_RIGHT"], "token": "6c91320048e5462d81f1e591360edd56", "scene": "scene-0396"}, {"images": ["samples/CAM_FRONT_LEFT/n008-2018-08-31-11-56-46-0400__CAM_FRONT_LEFT__1535731321754799.jpg", "samples/CAM_FRONT/n008-2018-08-31-11-56-46-0400__CAM_FRONT__1535731321762404.jpg", "samples/CAM_FRONT_RIGHT/n008-2018-08-31-11-56-46-0400__CAM_FRONT_RIGHT__1535731321770482.jpg", "samples/CAM_BACK_LEFT/n008-2018-08-31-11-56-46-0400__CAM_BACK_LEFT__1535731321797405.jpg", "samples/CAM_BACK/n008-2018-08-31-11-56-46-0400__CAM_BACK__1535731321787558.jpg", "samples/CAM_BACK_RIGHT/n008-2018-08-31-11-56-46-0400__CAM_BACK_RIGHT__1535731321778113.jpg"], "intrinsics": [[[1257.8625342125129, 0.0, 827.2410631095686], [0.0, 1257.8625342125129, 450.915498205774], [0.0, 0.0, 1.0]], [[1252.8131021185304, 0.0, 826.588114781398], [0.0, 1252.8131021185304, 469.9846626224581], [0.0, 0.0, 1.0]], [[1256.7485116440405, 0.0, 817.7887570959712], [0.0, 1256.7485116440403, 451.9541780095127], [0.0, 0.0, 1.0]], [[1254.9860565800168, 0.0, 829.5769333630991], [0.0, 1254.9860565800168, 467.1680561863987], [0.0, 0.0, 1.0]], [[796.8910634503094, 0.0, 857.7774326863696], [0.0, 796.8910634503094, 476.8848988407415], [0.0, 0.0, 1.0]], [[1249.9629280788233, 0.0, 825.3768045375984], [0.0, 1249.9629280788233, 462.54816385708756], [0.0, 0.0, 1.0]]], "extrinsics": [[[0.8223593831062317, -0.5689313411712646, -0.006507560610771179, -0.7318115234375], [0.004760140087455511, 0.01831669546663761, -0.99982088804245, 1.489851951599121], [0.5689486265182495, 0.8221810460090637, 0.017771096900105476, -1.1456298828125], [0.0, 0.0, 0.0, 1.0]], [[0.010008193552494049, -0.9998491406440735, -0.014196491800248623, 0.009014129638671875], [0.006688361056149006, 0.0142638199031353, -0.9998759031295776, 1.4819669723510742], [0.9999275207519531, 0.009911969304084778, 0.006830107420682907, -1.4632568359375], [0.0, 0.0, 0.0, 1.0]], [[-0.8440842032432556, -0.5359887480735779, -0.01542627438902855, 0.9154052734375], [0.014699812978506088, 0.005627884063869715, -0.999876081943512, 1.4961204528808594], [0.5360091328620911, -0.8442063927650452, 0.0031285258010029793, -1.16552734375], [0.0, 0.0, 0.0, 1.0]], [[0.947874128818512, 0.31862562894821167, -0.0035256289411336184, -1.1483154296875], [-0.01076854020357132, 0.020973114296793938, -0.9997220039367676, 1.5620965957641602], [-0.31846311688423157, 0.9476485848426819, 0.023311005905270576, -0.154510498046875], [0.0, 0.0, 0.0, 1.0]], [[0.009288365952670574, 0.9998687505722046, 0.013270804658532143, -0.02840423583984375], [-0.008604303002357483, 0.013350801542401314, -0.9998738169670105, 1.567429542541504], [-0.9999198317527771, 0.009173027239739895, 0.00872718170285225, -0.028564453125], [0.0, 0.0, 0.0, 1.0]], [[-0.9236983060836792, 0.38312026858329773, 0.00046493936679326, 1.024169921875], [-0.004403318278491497, -0.009402849711477757, -0.999946117401123, 1.547166347503662], [-0.38309526443481445, -0.9236506223678589, 0.010372397489845753, -0.0997314453125], [0.0, 0.0, 0.0, 1.0]]], "view": [[0.0, -2.0, 100.0], [-2.0, 0.0, 100.0], [0.0, 0.0, 1.0]], "bev": "bev_f9dd9bcb529140b19ccfca5703057a36.png", "aux": "aux_f9dd9bcb529140b19ccfca5703057a36.npz", "visibility": "visibility_f9dd9bcb529140b19ccfca5703057a36.png", "pose": [[0.4898937940597534, -0.871782124042511, 0.0, 602.994140625], [0.871782124042511, 0.4898937940597534, 0.0, 1214.771240234375], [0.0, 0.0, 1.0, 0.0], [0.0, 0.0, 0.0, 1.0]], "pose_inverse": [[0.4898937940597534, 0.871782124042511, 0.0, -1354.4189453125], [-0.871782124042511, 0.4898937940597534, 0.0, -69.42935943603516], [0.0, 0.0, 1.0, 0.0], [0.0, 0.0, 0.0, 1.0]], "cam_ids": [0, 1, 2, 3, 4, 5], "cam_channels": ["CAM_FRONT_LEFT", "CAM_FRONT", "CAM_FRONT_RIGHT", "CAM_BACK_LEFT", "CAM_BACK", "CAM_BACK_RIGHT"], "token": "f9dd9bcb529140b19ccfca5703057a36", "scene": "scene-0396"}, {"images": ["samples/CAM_FRONT_LEFT/n008-2018-08-31-11-56-46-0400__CAM_FRONT_LEFT__1535731322254799.jpg", "samples/CAM_FRONT/n008-2018-08-31-11-56-46-0400__CAM_FRONT__1535731322262404.jpg", "samples/CAM_FRONT_RIGHT/n008-2018-08-31-11-56-46-0400__CAM_FRONT_RIGHT__1535731322270482.jpg", "samples/CAM_BACK_LEFT/n008-2018-08-31-11-56-46-0400__CAM_BACK_LEFT__1535731322297405.jpg", "samples/CAM_BACK/n008-2018-08-31-11-56-46-0400__CAM_BACK__1535731322287558.jpg", "samples/CAM_BACK_RIGHT/n008-2018-08-31-11-56-46-0400__CAM_BACK_RIGHT__1535731322278113.jpg"], "intrinsics": [[[1257.8625342125129, 0.0, 827.2410631095686], [0.0, 1257.8625342125129, 450.915498205774], [0.0, 0.0, 1.0]], [[1252.8131021185304, 0.0, 826.588114781398], [0.0, 1252.8131021185304, 469.9846626224581], [0.0, 0.0, 1.0]], [[1256.7485116440405, 0.0, 817.7887570959712], [0.0, 1256.7485116440403, 451.9541780095127], [0.0, 0.0, 1.0]], [[1254.9860565800168, 0.0, 829.5769333630991], [0.0, 1254.9860565800168, 467.1680561863987], [0.0, 0.0, 1.0]], [[796.8910634503094, 0.0, 857.7774326863696], [0.0, 796.8910634503094, 476.8848988407415], [0.0, 0.0, 1.0]], [[1249.9629280788233, 0.0, 825.3768045375984], [0.0, 1249.9629280788233, 462.54816385708756], [0.0, 0.0, 1.0]]], "extrinsics": [[[0.822618842124939, -0.5685381889343262, -0.007910073734819889, -0.7186279296875], [0.003326603677123785, 0.018723757937550545, -0.9998191595077515, 1.4894042015075684], [0.5685834288597107, 0.8224437832832336, 0.017293816432356834, -1.13812255859375], [0.0, 0.0, 0.0, 1.0]], [[0.0104702552780509, -0.9998410940170288, -0.014425373636186123, 0.01041412353515625], [0.005360776092857122, 0.01448208186775446, -0.9998807907104492, 1.4816646575927734], [0.9999308586120605, 0.010391656309366226, 0.0055115558207035065, -1.4495849609375], [0.0, 0.0, 0.0, 1.0]], [[-0.8438466191291809, -0.5363904237747192, -0.014423957094550133, 0.90625], [0.013496551662683487, 0.005655194632709026, -0.9998928904533386, 1.4960289001464844], [0.5364145636558533, -0.8439509868621826, 0.0024673035368323326, -1.158203125], [0.0, 0.0, 0.0, 1.0]], [[0.9478718042373657, 0.3186212182044983, -0.004421312361955643, -1.143310546875], [-0.011520599946379662, 0.02040024846792221, -0.9997255206108093, 1.5620317459106445], [-0.3184435963630676, 0.9476625919342041, 0.023007528856396675, -0.156402587890625], [0.0, 0.0, 0.0, 1.0]], [[0.009127610363066196, 0.9998747706413269, 0.012929242104291916, -0.02878570556640625], [-0.009526223875582218, 0.013016141019761562, -0.9998698830604553, 1.5672836303710938], [-0.9999129772186279, 0.009003233164548874, 0.009643836878240108, -0.0364990234375], [0.0, 0.0, 0.0, 1.0]], [[-0.923827588558197, 0.3828057050704956, 0.0015145313227549195, 1.0145263671875], [-0.005589718464761972, -0.009533552452921867, -0.9999389052391052, 1.5469417572021484], [-0.38276785612106323, -0.9237796068191528, 0.010947134345769882, -0.10284423828125], [0.0, 0.0, 0.0, 1.0]]], "view": [[0.0, -2.0, 100.0], [-2.0, 0.0, 100.0], [0.0, 0.0, 1.0]], "bev": "bev_9b00e0d82cf944a58008ba0dd3686b85.png", "aux": "aux_9b00e0d82cf944a58008ba0dd3686b85.npz", "visibility": "visibility_9b00e0d82cf944a58008ba0dd3686b85.png", "pose": [[0.49041369557380676, -0.8714897632598877, 0.0, 604.9738159179688], [0.8714897632598877, 0.49041369557380676, 0.0, 1218.2230224609375], [0.0, 0.0, 1.0, 0.0], [0.0, 0.0, 0.0, 1.0]], "pose_inverse": [[0.49041369557380676, 0.8714897632598877, 0.0, -1358.3563232421875], [-0.8714897632598877, 0.49041369557380676, 0.0, -70.20475006103516], [0.0, 0.0, 1.0, 0.0], [0.0, 0.0, 0.0, 1.0]], "cam_ids": [0, 1, 2, 3, 4, 5], "cam_channels": ["CAM_FRONT_LEFT", "CAM_FRONT", "CAM_FRONT_RIGHT", "CAM_BACK_LEFT", "CAM_BACK", "CAM_BACK_RIGHT"], "token": "9b00e0d82cf944a58008ba0dd3686b85", "scene": "scene-0396"}, {"images": ["samples/CAM_FRONT_LEFT/n008-2018-08-31-11-56-46-0400__CAM_FRONT_LEFT__1535731322754799.jpg", "samples/CAM_FRONT/n008-2018-08-31-11-56-46-0400__CAM_FRONT__1535731322762404.jpg", "samples/CAM_FRONT_RIGHT/n008-2018-08-31-11-56-46-0400__CAM_FRONT_RIGHT__1535731322770482.jpg", "samples/CAM_BACK_LEFT/n008-2018-08-31-11-56-46-0400__CAM_BACK_LEFT__1535731322797405.jpg", "samples/CAM_BACK/n008-2018-08-31-11-56-46-0400__CAM_BACK__1535731322787558.jpg", "samples/CAM_BACK_RIGHT/n008-2018-08-31-11-56-46-0400__CAM_BACK_RIGHT__1535731322778113.jpg"], "intrinsics": [[[1257.8625342125129, 0.0, 827.2410631095686], [0.0, 1257.8625342125129, 450.915498205774], [0.0, 0.0, 1.0]], [[1252.8131021185304, 0.0, 826.588114781398], [0.0, 1252.8131021185304, 469.9846626224581], [0.0, 0.0, 1.0]], [[1256.7485116440405, 0.0, 817.7887570959712], [0.0, 1256.7485116440403, 451.9541780095127], [0.0, 0.0, 1.0]], [[1254.9860565800168, 0.0, 829.5769333630991], [0.0, 1254.9860565800168, 467.1680561863987], [0.0, 0.0, 1.0]], [[796.8910634503094, 0.0, 857.7774326863696], [0.0, 796.8910634503094, 476.8848988407415], [0.0, 0.0, 1.0]], [[1249.9629280788233, 0.0, 825.3768045375984], [0.0, 1249.9629280788233, 462.54816385708756], [0.0, 0.0, 1.0]]], "extrinsics": [[[0.823086142539978, -0.5678880214691162, -0.005698897410184145, -0.7186279296875], [0.005784870125353336, 0.018417859449982643, -0.9998136162757874, 1.4902458190917969], [0.5678871870040894, 0.8228996992111206, 0.018444642424583435, -1.1390380859375], [0.0, 0.0, 0.0, 1.0]], [[0.011016079224646091, -0.9998374581336975, -0.014270273968577385, 0.0108795166015625], [0.007737304549664259, 0.014355943538248539, -0.9998670220375061, 1.4823417663574219], [0.9999093413352966, 0.0109041603282094, 0.007894192822277546, -1.44921875], [0.0, 0.0, 0.0, 1.0]], [[-0.8436875343322754, -0.5365847945213318, -0.016373667865991592, 0.904541015625], [0.015768306329846382, 0.005717347376048565, -0.9998593330383301, 1.4965553283691406], [0.5366029739379883, -0.8438270092010498, 0.0036373785696923733, -1.1571044921875], [0.0, 0.0, 0.0, 1.0]], [[0.9478639960289001, 0.3186633884906769, -0.0027354524936527014, -1.1422119140625], [-0.009968198835849762, 0.021068589761853218, -0.9997283220291138, 1.5620222091674805], [-0.3185191750526428, 0.947633683681488, 0.023146657273173332, -0.156829833984375], [0.0, 0.0, 0.0, 1.0]], [[0.009004185907542706, 0.9998695850372314, 0.013408794067800045, -0.02886962890625], [-0.007721243891865015, 0.013478457927703857, -0.9998793601989746, 1.5674171447753906], [-0.999929666519165, 0.008899596519768238, 0.007841600105166435, -0.0379638671875], [0.0, 0.0, 0.0, 1.0]], [[-0.9238948822021484, 0.3826461732387543, -0.00035561894765123725, 1.0128173828125], [-0.0034659889061003923, -0.009297914803028107, -0.9999507665634155, 1.5472736358642578], [-0.3826306164264679, -0.9238480925559998, 0.009916543960571289, -0.1033935546875], [0.0, 0.0, 0.0, 1.0]]], "view": [[0.0, -2.0, 100.0], [-2.0, 0.0, 100.0], [0.0, 0.0, 1.0]], "bev": "bev_9b5d842dfb4b43d29e0c7901a15a91e2.png", "aux": "aux_9b5d842dfb4b43d29e0c7901a15a91e2.npz", "visibility": "visibility_9b5d842dfb4b43d29e0c7901a15a91e2.png", "pose": [[0.4947275221347809, -0.8690481185913086, 0.0, 606.9924926757812], [0.8690481185913086, 0.4947275221347809, 0.0, 1221.7271728515625], [0.0, 0.0, 1.0, 0.0], [0.0, 0.0, 0.0, 1.0]], "pose_inverse": [[0.4947275221347809, 0.8690481185913086, 0.0, -1362.03564453125], [-0.8690481185913086, 0.4947275221347809, 0.0, -76.91635131835938], [0.0, 0.0, 1.0, 0.0], [0.0, 0.0, 0.0, 1.0]], "cam_ids": [0, 1, 2, 3, 4, 5], "cam_channels": ["CAM_FRONT_LEFT", "CAM_FRONT", "CAM_FRONT_RIGHT", "CAM_BACK_LEFT", "CAM_BACK", "CAM_BACK_RIGHT"], "token": "9b5d842dfb4b43d29e0c7901a15a91e2", "scene": "scene-0396"}, {"images": ["samples/CAM_FRONT_LEFT/n008-2018-08-31-11-56-46-0400__CAM_FRONT_LEFT__1535731323254799.jpg", "samples/CAM_FRONT/n008-2018-08-31-11-56-46-0400__CAM_FRONT__1535731323262713.jpg", "samples/CAM_FRONT_RIGHT/n008-2018-08-31-11-56-46-0400__CAM_FRONT_RIGHT__1535731323270482.jpg", "samples/CAM_BACK_LEFT/n008-2018-08-31-11-56-46-0400__CAM_BACK_LEFT__1535731323297405.jpg", "samples/CAM_BACK/n008-2018-08-31-11-56-46-0400__CAM_BACK__1535731323287558.jpg", "samples/CAM_BACK_RIGHT/n008-2018-08-31-11-56-46-0400__CAM_BACK_RIGHT__1535731323278113.jpg"], "intrinsics": [[[1257.8625342125129, 0.0, 827.2410631095686], [0.0, 1257.8625342125129, 450.915498205774], [0.0, 0.0, 1.0]], [[1252.8131021185304, 0.0, 826.588114781398], [0.0, 1252.8131021185304, 469.9846626224581], [0.0, 0.0, 1.0]], [[1256.7485116440405, 0.0, 817.7887570959712], [0.0, 1256.7485116440403, 451.9541780095127], [0.0, 0.0, 1.0]], [[1254.9860565800168, 0.0, 829.5769333630991], [0.0, 1254.9860565800168, 467.1680561863987], [0.0, 0.0, 1.0]], [[796.8910634503094, 0.0, 857.7774326863696], [0.0, 796.8910634503094, 476.8848988407415], [0.0, 0.0, 1.0]], [[1249.9629280788233, 0.0, 825.3768045375984], [0.0, 1249.9629280788233, 462.54816385708756], [0.0, 0.0, 1.0]]], "extrinsics": [[[0.8224707245826721, -0.5686824917793274, -0.011929196305572987, -0.7154541015625], [-0.001931381644681096, 0.01818009279668331, -0.9998328685760498, 1.487588882446289], [0.5688043236732483, 0.8223562836647034, 0.013854249380528927, -1.13494873046875], [0.0, 0.0, 0.0, 1.0]], [[0.010133525356650352, -0.9998513460159302, -0.013952923007309437, 0.00939178466796875], [0.0001477694313507527, 0.013955138623714447, -0.999902606010437, 1.4801915884017944], [0.9999486207962036, 0.010130506940186024, 0.0002891616022679955, -1.44921875], [0.0, 0.0, 0.0, 1.0]], [[-0.8440961837768555, -0.5361036658287048, -0.009722947143018246, 0.9039306640625], [0.008240179158747196, 0.0051612830720841885, -0.9999527335166931, 1.494894027709961], [0.536128580570221, -0.8441364169120789, 6.096971992519684e-05, -1.15789794921875], [0.0, 0.0, 0.0, 1.0]], [[0.9478331804275513, 0.31861013174057007, -0.009999576956033707, -1.1424560546875], [-0.017239341512322426, 0.019911201670765877, -0.9996531009674072, 1.5620136260986328], [-0.3183004856109619, 0.9476767778396606, 0.024365123361349106, -0.156707763671875], [0.0, 0.0, 0.0, 1.0]], [[0.009333210065960884, 0.9998793005943298, 0.012422991916537285, -0.02837371826171875], [-0.015135031193494797, 0.012563361786305904, -0.9998065233230591, 1.5668144226074219], [-0.9998419284820557, 0.009143411181867123, 0.015250461176037788, -0.037841796875], [0.0, 0.0, 0.0, 1.0]], [[-0.9237114191055298, 0.38304030895233154, 0.006107962690293789, 1.0133056640625], [-0.010767399333417416, -0.010021578520536423, -0.9998918175697327, 1.5461015701293945], [-0.38293758034706116, -0.9236772060394287, 0.013381393626332283, -0.1041259765625], [0.0, 0.0, 0.0, 1.0]]], "view": [[0.0, -2.0, 100.0], [-2.0, 0.0, 100.0], [0.0, 0.0, 1.0]], "bev": "bev_18f968520a7f4b6fab010964a0df439b.png", "aux": "aux_18f968520a7f4b6fab010964a0df439b.npz", "visibility": "visibility_18f968520a7f4b6fab010964a0df439b.png", "pose": [[0.49601835012435913, -0.8683120608329773, 0.0, 609.0167236328125], [0.8683120608329773, 0.49601835012435913, 0.0, 1225.2276611328125], [0.0, 0.0, 1.0, 0.0], [0.0, 0.0, 0.0, 1.0]], "pose_inverse": [[0.49601835012435913, 0.8683120608329773, 0.0, -1365.96337890625], [-0.8683120608329773, 0.49601835012435913, 0.0, -78.91885375976562], [0.0, 0.0, 1.0, 0.0], [0.0, 0.0, 0.0, 1.0]], "cam_ids": [0, 1, 2, 3, 4, 5], "cam_channels": ["CAM_FRONT_LEFT", "CAM_FRONT", "CAM_FRONT_RIGHT", "CAM_BACK_LEFT", "CAM_BACK", "CAM_BACK_RIGHT"], "token": "18f968520a7f4b6fab010964a0df439b", "scene": "scene-0396"}, {"images": ["samples/CAM_FRONT_LEFT/n008-2018-08-31-11-56-46-0400__CAM_FRONT_LEFT__1535731323754799.jpg", "samples/CAM_FRONT/n008-2018-08-31-11-56-46-0400__CAM_FRONT__1535731323762404.jpg", "samples/CAM_FRONT_RIGHT/n008-2018-08-31-11-56-46-0400__CAM_FRONT_RIGHT__1535731323770482.jpg", "samples/CAM_BACK_LEFT/n008-2018-08-31-11-56-46-0400__CAM_BACK_LEFT__1535731323797405.jpg", "samples/CAM_BACK/n008-2018-08-31-11-56-46-0400__CAM_BACK__1535731323787558.jpg", "samples/CAM_BACK_RIGHT/n008-2018-08-31-11-56-46-0400__CAM_BACK_RIGHT__1535731323778113.jpg"], "intrinsics": [[[1257.8625342125129, 0.0, 827.2410631095686], [0.0, 1257.8625342125129, 450.915498205774], [0.0, 0.0, 1.0]], [[1252.8131021185304, 0.0, 826.588114781398], [0.0, 1252.8131021185304, 469.9846626224581], [0.0, 0.0, 1.0]], [[1256.7485116440405, 0.0, 817.7887570959712], [0.0, 1256.7485116440403, 451.9541780095127], [0.0, 0.0, 1.0]], [[1254.9860565800168, 0.0, 829.5769333630991], [0.0, 1254.9860565800168, 467.1680561863987], [0.0, 0.0, 1.0]], [[796.8910634503094, 0.0, 857.7774326863696], [0.0, 796.8910634503094, 476.8848988407415], [0.0, 0.0, 1.0]], [[1249.9629280788233, 0.0, 825.3768045375984], [0.0, 1249.9629280788233, 462.54816385708756], [0.0, 0.0, 1.0]]], "extrinsics": [[[0.8224043250083923, -0.5687580704689026, -0.012863442301750183, -0.724365234375], [-0.002960343612357974, 0.018332267180085182, -0.9998275637626648, 1.4872338771820068], [0.5688958764076233, 0.8223005533218384, 0.013392815366387367, -1.14276123046875], [0.0, 0.0, 0.0, 1.0]], [[0.009932972490787506, -0.999848484992981, -0.01429745089262724, 0.01058197021484375], [-0.000980861485004425, 0.014288407750427723, -0.9998974204063416, 1.4798572063446045], [0.9999501705169678, 0.009945991449058056, -0.0008387850830331445, -1.456787109375], [0.0, 0.0, 0.0, 1.0]], [[-0.8442525267601013, -0.5358705520629883, -0.008974784053862095, 0.911865234375], [0.007042303681373596, 0.005652362946420908, -0.9999592304229736, 1.4945602416992188], [0.5358994603157043, -0.8442813158035278, -0.0009982582414522767, -1.16204833984375], [0.0, 0.0, 0.0, 1.0]], [[0.9478244781494141, 0.3186171054840088, -0.010586902499198914, -1.14794921875], [-0.018212394788861275, 0.020963508635759354, -0.9996143579483032, 1.5621223449707031], [-0.31827226281166077, 0.9476516842842102, 0.02567250467836857, -0.154754638671875], [0.0, 0.0, 0.0, 1.0]], [[0.00944588240236044, 0.9998680353164673, 0.013218523934483528, -0.0287933349609375], 