[{"images": ["samples/CAM_FRONT_LEFT/n008-2018-08-06-15-06-32-0400__CAM_FRONT_LEFT__1533582488154799.jpg", "samples/CAM_FRONT/n008-2018-08-06-15-06-32-0400__CAM_FRONT__1533582488162404.jpg", "samples/CAM_FRONT_RIGHT/n008-2018-08-06-15-06-32-0400__CAM_FRONT_RIGHT__1533582488170482.jpg", "samples/CAM_BACK_LEFT/n008-2018-08-06-15-06-32-0400__CAM_BACK_LEFT__1533582488197405.jpg", "samples/CAM_BACK/n008-2018-08-06-15-06-32-0400__CAM_BACK__1533582488187558.jpg", "samples/CAM_BACK_RIGHT/n008-2018-08-06-15-06-32-0400__CAM_BACK_RIGHT__1533582488178113.jpg"], "intrinsics": [[[1257.8625342125129, 0.0, 827.2410631095686], [0.0, 1257.8625342125129, 450.915498205774], [0.0, 0.0, 1.0]], [[1252.8131021185304, 0.0, 826.588114781398], [0.0, 1252.8131021185304, 469.9846626224581], [0.0, 0.0, 1.0]], [[1256.7485116440405, 0.0, 817.7887570959712], [0.0, 1256.7485116440403, 451.9541780095127], [0.0, 0.0, 1.0]], [[1254.9860565800168, 0.0, 829.5769333630991], [0.0, 1254.9860565800168, 467.1680561863987], [0.0, 0.0, 1.0]], [[796.8910634503094, 0.0, 857.7774326863696], [0.0, 796.8910634503094, 476.8848988407415], [0.0, 0.0, 1.0]], [[1249.9629280788233, 0.0, 825.3768045375984], [0.0, 1249.9629280788233, 462.54816385708756], [0.0, 0.0, 1.0]]], "extrinsics": [[[0.8225395083427429, -0.5686854720115662, -0.005059454590082169, -0.8814697265625], [0.019312063232064247, 0.03682178631424904, -0.9991351962089539, 1.4911651611328125], [0.5683799386024475, 0.8217304348945618, 0.04126986488699913, -1.248779296875], [0.0, 0.0, 0.0, 1.0]], [[0.01058583427220583, -0.9994074702262878, -0.03274979069828987, 0.0069580078125], [0.021640900522470474, 0.03297293186187744, -0.9992219805717468, 1.4827804565429688], [0.9997097849845886, 0.0098688630387187, 0.021977124735713005, -1.61309814453125], [0.0, 0.0, 0.0, 1.0]], [[-0.8435154557228088, -0.5357212424278259, -0.038527775555849075, 1.0133056640625], [0.029986634850502014, 0.024648167192935944, -0.9992462992668152, 1.4958152770996094], [0.5362671613693237, -0.8440350890159607, -0.004726634360849857, -1.228271484375], [0.0, 0.0, 0.0, 1.0]], [[0.9477314949035645, 0.3185582160949707, 0.018045904114842415, -1.1481781005859375], [0.0051845707930624485, 0.04117543250322342, -0.9991384744644165, 1.5620269775390625], [-0.3190268874168396, 0.9470085501670837, 0.037371668964624405, -0.154541015625], [0.0, 0.0, 0.0, 1.0]], [[0.008713934570550919, 0.9994108080863953, 0.033196743577718735, -0.0284423828125], [0.007118081208318472, 0.03313516825437546, -0.9994255304336548, 1.5682754516601562], [-0.9999366998672485, 0.008945226669311523, -0.0068251509219408035, 0.01385498046875], [0.0, 0.0, 0.0, 1.0]], [[-0.9237683415412903, 0.38289713859558105, -0.006471049506217241, 1.101318359375], [0.011130508035421371, 0.009954847395420074, -0.9998884797096252, 1.5485219955444336], [-0.3827899992465973, -0.9237372875213623, -0.013457811437547207, -0.068115234375], [0.0, 0.0, 0.0, 1.0]]], "view": [[0.0, -2.0, 100.0], [-2.0, 0.0, 100.0], [0.0, 0.0, 1.0]], "bev": "bev_96370e41d9004a7cb8b7e3dad3fd6a57.png", "aux": "aux_96370e41d9004a7cb8b7e3dad3fd6a57.npz", "visibility": "visibility_96370e41d9004a7cb8b7e3dad3fd6a57.png", "pose": [[-0.026107795536518097, -0.9996591210365295, 0.0, 1937.35498046875], [0.9996591210365295, -0.026107795536518097, 0.0, 852.3164672851562], [0.0, 0.0, 1.0, 0.0], [0.0, 0.0, 0.0, 1.0]], "pose_inverse": [[-0.026107795536518097, 0.9996591210365295, 0.0, -801.4458618164062], [-0.9996591210365295, -0.026107795536518097, 0.0, 1958.9466552734375], [0.0, 0.0, 1.0, 0.0], [0.0, 0.0, 0.0, 1.0]], "cam_ids": [0, 1, 2, 3, 4, 5], "cam_channels": ["CAM_FRONT_LEFT", "CAM_FRONT", "CAM_FRONT_RIGHT", "CAM_BACK_LEFT", "CAM_BACK", "CAM_BACK_RIGHT"], "token": "96370e41d9004a7cb8b7e3dad3fd6a57", "scene": "scene-0255"}, {"images": ["samples/CAM_FRONT_LEFT/n008-2018-08-06-15-06-32-0400__CAM_FRONT_LEFT__1533582488654799.jpg", "samples/CAM_FRONT/n008-2018-08-06-15-06-32-0400__CAM_FRONT__1533582488662404.jpg", "samples/CAM_FRONT_RIGHT/n008-2018-08-06-15-06-32-0400__CAM_FRONT_RIGHT__1533582488670482.jpg", "samples/CAM_BACK_LEFT/n008-2018-08-06-15-06-32-0400__CAM_BACK_LEFT__1533582488697405.jpg", "samples/CAM_BACK/n008-2018-08-06-15-06-32-0400__CAM_BACK__1533582488687558.jpg", "samples/CAM_BACK_RIGHT/n008-2018-08-06-15-06-32-0400__CAM_BACK_RIGHT__1533582488678113.jpg"], "intrinsics": [[[1257.8625342125129, 0.0, 827.2410631095686], [0.0, 1257.8625342125129, 450.915498205774], [0.0, 0.0, 1.0]], [[1252.8131021185304, 0.0, 826.588114781398], [0.0, 1252.8131021185304, 469.9846626224581], [0.0, 0.0, 1.0]], [[1256.7485116440405, 0.0, 817.7887570959712], [0.0, 1256.7485116440403, 451.9541780095127], [0.0, 0.0, 1.0]], [[1254.9860565800168, 0.0, 829.5769333630991], [0.0, 1254.9860565800168, 467.1680561863987], [0.0, 0.0, 1.0]], [[796.8910634503094, 0.0, 857.7774326863696], [0.0, 796.8910634503094, 476.8848988407415], [0.0, 0.0, 1.0]], [[1249.9629280788233, 0.0, 825.3768045375984], [0.0, 1249.9629280788233, 462.54816385708756], [0.0, 0.0, 1.0]]], "extrinsics": [[[0.8227619528770447, -0.5682120323181152, -0.014071259647607803, -0.9007568359375], [0.013507750816643238, 0.044296544045209885, -0.9989270567893982, 1.4899444580078125], [0.568225622177124, 0.8216891288757324, 0.044120773673057556, -1.262939453125], [0.0, 0.0, 0.0, 1.0]], [[0.010642318986356258, -0.9991500973701477, -0.03982306271791458, 0.00732421875], [0.015542776323854923, 0.03998579829931259, -0.9990793466567993, 1.481719970703125], [0.9998226165771484, 0.010013562627136707, 0.015955107286572456, -1.63232421875], [0.0, 0.0, 0.0, 1.0]], [[-0.8437240123748779, -0.5355249643325806, -0.03664575144648552, 1.02569580078125], [0.023698747158050537, 0.03103981912136078, -0.9992371797561646, 1.4948921203613281], [0.5362538695335388, -0.8439487814903259, -0.013497773557901382, -1.23583984375], [0.0, 0.0, 0.0, 1.0]], [[0.947801411151886, 0.3185751438140869, 0.013502995483577251, -1.149658203125], [-0.0009462058078497648, 0.04515742510557175, -0.9989794492721558, 1.562042236328125], [-0.3188597857952118, 0.9468213319778442, 0.043101709336042404, -0.154052734375], [0.0, 0.0, 0.0, 1.0]], [[0.008935103192925453, 0.9992355108261108, 0.03806034103035927, -0.0286865234375], [0.000871201220434159, 0.03805407136678696, -0.999275267124176, 1.5680770874023438], [-0.9999597668647766, 0.00896178837865591, -0.0005305184749886394, 0.01983642578125], [0.0, 0.0, 0.0, 1.0]], [[-0.9237667918205261, 0.38295209407806396, 0.0015697663184255362, 1.1109619140625], [0.004818149842321873, 0.015721026808023453, -0.9998648166656494, 1.548065185546875], [-0.38292500376701355, -0.9236344695091248, -0.016367683187127113, -0.0640869140625], [0.0, 0.0, 0.0, 1.0]]], "view": [[0.0, -2.0, 100.0], [-2.0, 0.0, 100.0], [0.0, 0.0, 1.0]], "bev": "bev_aac6d48bdc6d47e5b01a2fe884e1a2f7.png", "aux": "aux_aac6d48bdc6d47e5b01a2fe884e1a2f7.npz", "visibility": "visibility_aac6d48bdc6d47e5b01a2fe884e1a2f7.png", "pose": [[-0.022904394194483757, -0.9997376799583435, 0.0, 1937.3270263671875], [0.9997376799583435, -0.022904394194483757, 0.0, 853.9818725585938], [0.0, 0.0, 1.0, 0.0], [0.0, 0.0, 0.0, 1.0]], "pose_inverse": [[-0.022904394194483757, 0.9997376799583435, 0.0, -809.384521484375], [-0.9997376799583435, -0.022904394194483757, 0.0, 1956.3787841796875], [0.0, 0.0, 1.0, 0.0], [0.0, 0.0, 0.0, 1.0]], "cam_ids": [0, 1, 2, 3, 4, 5], "cam_channels": ["CAM_FRONT_LEFT", "CAM_FRONT", "CAM_FRONT_RIGHT", "CAM_BACK_LEFT", "CAM_BACK", "CAM_BACK_RIGHT"], "token": "aac6d48bdc6d47e5b01a2fe884e1a2f7", "scene": "scene-0255"}, {"images": ["samples/CAM_FRONT_LEFT/n008-2018-08-06-15-06-32-0400__CAM_FRONT_LEFT__1533582489154799.jpg", "samples/CAM_FRONT/n008-2018-08-06-15-06-32-0400__CAM_FRONT__1533582489162404.jpg", "samples/CAM_FRONT_RIGHT/n008-2018-08-06-15-06-32-0400__CAM_FRONT_RIGHT__1533582489170482.jpg", "samples/CAM_BACK_LEFT/n008-2018-08-06-15-06-32-0400__CAM_BACK_LEFT__1533582489197405.jpg", "samples/CAM_BACK/n008-2018-08-06-15-06-32-0400__CAM_BACK__1533582489187558.jpg", "samples/CAM_BACK_RIGHT/n008-2018-08-06-15-06-32-0400__CAM_BACK_RIGHT__1533582489178113.jpg"], "intrinsics": [[[1257.8625342125129, 0.0, 827.2410631095686], [0.0, 1257.8625342125129, 450.915498205774], [0.0, 0.0, 1.0]], [[1252.8131021185304, 0.0, 826.588114781398], [0.0, 1252.8131021185304, 469.9846626224581], [0.0, 0.0, 1.0]], [[1256.7485116440405, 0.0, 817.7887570959712], [0.0, 1256.7485116440403, 451.9541780095127], [0.0, 0.0, 1.0]], [[1254.9860565800168, 0.0, 829.5769333630991], [0.0, 1254.9860565800168, 467.1680561863987], [0.0, 0.0, 1.0]], [[796.8910634503094, 0.0, 857.7774326863696], [0.0, 796.8910634503094, 476.8848988407415], [0.0, 0.0, 1.0]], [[1249.9629280788233, 0.0, 825.3768045375984], [0.0, 1249.9629280788233, 462.54816385708756], [0.0, 0.0, 1.0]]], "extrinsics": [[[0.8226004838943481, -0.5686198472976685, 1.87743626156589e-05, -0.916015625], [0.02409077063202858, 0.03481820598244667, -0.9991032481193542, 1.4909019470214844], [0.5681092143058777, 0.8218632936477661, 0.04233996197581291, -1.2718505859375], [0.0, 0.0, 0.0, 1.0]], [[0.010705948807299137, -0.9994804263114929, -0.030401481315493584, 0.0062255859375], [0.026204116642475128, 0.030673211440443993, -0.9991859197616577, 1.4825096130371094], [0.9995993375778198, 0.009900587610900402, 0.026518885046243668, -1.645263671875], [0.0, 0.0, 0.0, 1.0]], [[-0.8434168696403503, -0.5357080101966858, -0.040802523493766785, 1.0318603515625], [0.034393370151519775, 0.021953362971544266, -0.9991672039031982, 1.495462417602539], [0.5361576080322266, -0.8441178202629089, -9.103201591642573e-05, -1.240478515625], [0.0, 0.0, 0.0, 1.0]], [[0.9476537108421326, 0.31862226128578186, 0.020791253075003624, -1.1473236083984375], [0.009469235315918922, 0.0370422787964344, -0.9992688298225403, 1.56201171875], [-0.31915953755378723, 0.9471576809883118, 0.03208614140748978, -0.15478515625], [0.0, 0.0, 0.0, 1.0]], [[0.008691498078405857, 0.9995225667953491, 0.029652675613760948, -0.0286865234375], [0.011454977095127106, 0.029552331194281578, -0.9994975924491882, 1.568328857421875], [-0.9998966455459595, 0.009026800282299519, -0.011192654259502888, 0.02081298828125], [0.0, 0.0, 0.0, 1.0]], [[-0.9236612915992737, 0.3830316662788391, -0.011685258708894253, 1.114990234375], [0.015498957596719265, 0.00687203835695982, -0.9998562335968018, 1.548579216003418], [-0.3828962743282318, -0.9237096905708313, -0.012284026481211185, -0.062744140625], [0.0, 0.0, 0.0, 1.0]]], "view": [[0.0, -2.0, 100.0], [-2.0, 0.0, 100.0], [0.0, 0.0, 1.0]], "bev": "bev_45c0faef320f44fc954c3b63c7e86b0e.png", "aux": "aux_45c0faef320f44fc954c3b63c7e86b0e.npz", "visibility": "visibility_45c0faef320f44fc954c3b63c7e86b0e.png", "pose": [[-0.023627053946256638, -0.9997208714485168, 0.0, 1937.3074951171875], [0.9997208714485168, -0.023627053946256638, 0.0, 855.3858032226562], [0.0, 0.0, 1.0, 0.0], [0.0, 0.0, 0.0, 1.0]], "pose_inverse": [[-0.023627053946256638, 0.9997208714485168, 0.0, -809.3741455078125], [-0.9997208714485168, -0.023627053946256638, 0.0, 1956.9769287109375], [0.0, 0.0, 1.0, 0.0], [0.0, 0.0, 0.0, 1.0]], "cam_ids": [0, 1, 2, 3, 4, 5], "cam_channels": ["CAM_FRONT_LEFT", "CAM_FRONT", "CAM_FRONT_RIGHT", "CAM_BACK_LEFT", "CAM_BACK", "CAM_BACK_RIGHT"], "token": "45c0faef320f44fc954c3b63c7e86b0e", "scene": "scene-0255"}, {"images": ["samples/CAM_FRONT_LEFT/n008-2018-08-06-15-06-32-0400__CAM_FRONT_LEFT__1533582489654799.jpg", "samples/CAM_FRONT/n008-2018-08-06-15-06-32-0400__CAM_FRONT__1533582489662404.jpg", "samples/CAM_FRONT_RIGHT/n008-2018-08-06-15-06-32-0400__CAM_FRONT_RIGHT__1533582489670482.jpg", "samples/CAM_BACK_LEFT/n008-2018-08-06-15-06-32-0400__CAM_BACK_LEFT__1533582489697408.jpg", "samples/CAM_BACK/n008-2018-08-06-15-06-32-0400__CAM_BACK__1533582489687563.jpg", "samples/CAM_BACK_RIGHT/n008-2018-08-06-15-06-32-0400__CAM_BACK_RIGHT__1533582489678113.jpg"], "intrinsics": [[[1257.8625342125129, 0.0, 827.2410631095686], [0.0, 1257.8625342125129, 450.915498205774], [0.0, 0.0, 1.0]], [[1252.8131021185304, 0.0, 826.588114781398], [0.0, 1252.8131021185304, 469.9846626224581], [0.0, 0.0, 1.0]], [[1256.7485116440405, 0.0, 817.7887570959712], [0.0, 1256.7485116440403, 451.9541780095127], [0.0, 0.0, 1.0]], [[1254.9860565800168, 0.0, 829.5769333630991], [0.0, 1254.9860565800168, 467.1680561863987], [0.0, 0.0, 1.0]], [[796.8910634503094, 0.0, 857.7774326863696], [0.0, 796.8910634503094, 476.8848988407415], [0.0, 0.0, 1.0]], [[1249.9629280788233, 0.0, 825.3768045375984], [0.0, 1249.9629280788233, 462.54816385708756], [0.0, 0.0, 1.0]]], "extrinsics": [[[0.8225911259651184, -0.5686051845550537, 0.005662344861775637, -0.9351806640625], [0.026056692004203796, 0.02774466946721077, -0.9992753863334656, 1.49053955078125], [0.5680360794067383, 0.8221426606178284, 0.03763848915696144, -1.2843017578125], [0.0, 0.0, 0.0, 1.0]], [[0.010718273930251598, -0.9996750950813293, -0.023124750703573227, 0.005615234375], [0.027872469276189804, 0.02341577410697937, -0.9993371963500977, 1.4821281433105469], [0.9995540380477905, 0.010066627524793148, 0.02811439335346222, -1.66485595703125], [0.0, 0.0, 0.0, 1.0]], [[-0.8433982133865356, -0.5359511375427246, -0.03789311274886131, 1.0455322265625], [0.035671643912792206, 0.014515511691570282, -0.9992581009864807, 1.4949771165847778], [0.5361035466194153, -0.8441242575645447, 0.00687590055167675, -1.24951171875], [0.0, 0.0, 0.0, 1.0]], [[0.9477063417434692, 0.31860795617103577, 0.01848752796649933, -1.146026611328125], [0.00974460132420063, 0.029013240709900856, -0.9995315074920654, 1.5620269775390625], [-0.3189951181411743, 0.9474424719810486, 0.02439132146537304, -0.1552734375], [0.0, 0.0, 0.0, 1.0]], [[0.008795146830379963, 0.9997228980064392, 0.021834151819348335, -0.0283203125], [0.012054109945893288, 0.021727411076426506, -0.9996912479400635, 1.5682830810546875], [-0.9998887777328491, 0.009055622853338718, -0.01185967493802309, 0.02618408203125], [0.0, 0.0, 0.0, 1.0]], [[-0.9236157536506653, 0.38300713896751404, -0.015470909886062145, 1.126220703125], [0.01643877476453781, -0.000745948578696698, -0.9998645782470703, 1.5484294891357422], [-0.3829667866230011, -0.9237450957298279, -0.005607197526842356, -0.058349609375], [0.0, 0.0, 0.0, 1.0]]], "view": [[0.0, -2.0, 100.0], [-2.0, 0.0, 100.0], [0.0, 0.0, 1.0]], "bev": "bev_c42eec2e6901462ca66b926d1154cc44.png", "aux": "aux_c42eec2e6901462ca66b926d1154cc44.npz", "visibility": "visibility_c42eec2e6901462ca66b926d1154cc44.png", "pose": [[-0.02442747727036476, -0.9997016191482544, 0.0, 1937.290283203125], [0.9997016191482544, -0.02442747727036476, 0.0, 856.5570068359375], [0.0, 0.0, 1.0, 0.0], [0.0, 0.0, 0.0, 1.0]], "pose_inverse": [[-0.02442747727036476, 0.9997016191482544, 0.0, -808.978271484375], [-0.9997016191482544, -0.02442747727036476, 0.0, 1957.6357421875], [0.0, 0.0, 1.0, 0.0], [0.0, 0.0, 0.0, 1.0]], "cam_ids": [0, 1, 2, 3, 4, 5], "cam_channels": ["CAM_FRONT_LEFT", "CAM_FRONT", "CAM_FRONT_RIGHT", "CAM_BACK_LEFT", "CAM_BACK", "CAM_BACK_RIGHT"], "token": "c42eec2e6901462ca66b926d1154cc44", "scene": "scene-0255"}, {"images": ["samples/CAM_FRONT_LEFT/n008-2018-08-06-15-06-32-0400__CAM_FRONT_LEFT__1533582490154799.jpg", "samples/CAM_FRONT/n008-2018-08-06-15-06-32-0400__CAM_FRONT__1533582490162404.jpg", "samples/CAM_FRONT_RIGHT/n008-2018-08-06-15-06-32-0400__CAM_FRONT_RIGHT__1533582490170482.jpg", "samples/CAM_BACK_LEFT/n008-2018-08-06-15-06-32-0400__CAM_BACK_LEFT__1533582490197405.jpg", "samples/CAM_BACK/n008-2018-08-06-15-06-32-0400__CAM_BACK__1533582490187558.jpg", "samples/CAM_BACK_RIGHT/n008-2018-08-06-15-06-32-0400__CAM_BACK_RIGHT__1533582490178113.jpg"], "intrinsics": [[[1257.8625342125129, 0.0, 827.2410631095686], [0.0, 1257.8625342125129, 450.915498205774], [0.0, 0.0, 1.0]], [[1252.8131021185304, 0.0, 826.588114781398], [0.0, 1252.8131021185304, 469.9846626224581], [0.0, 0.0, 1.0]], [[1256.7485116440405, 0.0, 817.7887570959712], [0.0, 1256.7485116440403, 451.9541780095127], [0.0, 0.0, 1.0]], [[1254.9860565800168, 0.0, 829.5769333630991], [0.0, 1254.9860565800168, 467.1680561863987], [0.0, 0.0, 1.0]], [[796.8910634503094, 0.0, 857.7774326863696], [0.0, 796.8910634503094, 476.8848988407415], [0.0, 0.0, 1.0]], [[1249.9629280788233, 0.0, 825.3768045375984], [0.0, 1249.9629280788233, 462.54816385708756], [0.0, 0.0, 1.0]]], "extrinsics": [[[0.822383463382721, -0.5688800811767578, 0.00779846403747797, -0.9483642578125], [0.024326108396053314, 0.021465033292770386, -0.9994736313819885, 1.4899482727050781], [0.568413257598877, 0.8221402764320374, 0.031491126865148544, -1.294921875], [0.0, 0.0, 0.0, 1.0]], [[0.010342364199459553, -0.9998002052307129, -0.017104845494031906, 0.0064697265625], [0.02623787708580494, 0.017371205613017082, -0.999504804611206, 1.4816265106201172], [0.999602198600769, 0.00988844409584999, 0.026412295177578926, -1.67864990234375], [0.0, 0.0, 0.0, 1.0]], [[-0.8436088562011719, -0.5359076261520386, -0.033573050051927567, 1.054718017578125], [0.03425084426999092, 0.00869135744869709, -0.9993754625320435, 1.4945316314697266], [0.5358647108078003, -0.844231903553009, 0.011023183353245258, -1.25439453125], [0.0, 0.0, 0.0, 1.0]], [[0.9477415084838867, 0.3186333179473877, 0.016089169308543205, -1.14447021484375], [0.008912513963878155, 0.02396845817565918, -0.9996730089187622, 1.5620384216308594], [-0.3189148008823395, 0.9475749731063843, 0.01987607777118683, -0.15576171875], [0.0, 0.0, 0.0, 1.0]], [[0.008981889113783836, 0.9998233914375305, 0.016506101936101913, -0.0286865234375], [0.011024096049368382, 0.016406754031777382, -0.9998046159744263, 1.5682239532470703], [-0.9998989105224609, 0.009162099100649357, -0.010874787345528603, 0.0294189453125], [0.0, 0.0, 0.0, 1.0]], [[-0.9235416650772095, 0.3831440508365631, -0.01647328957915306, 1.1326904296875], [0.015203486196696758, -0.0063422666862607, -0.9998642802238464, 1.5482749938964844], [-0.38319650292396545, -0.9236668944358826, 3.2222949812421575e-05, -0.054931640625], [0.0, 0.0, 0.0, 1.0]]], "view": [[0.0, -2.0, 100.0], [-2.0, 0.0, 100.0], [0.0, 0.0, 1.0]], "bev": "bev_f5d5a3e411bf48ffb50b0f8b96c80212.png", "aux": "aux_f5d5a3e411bf48ffb50b0f8b96c80212.npz", "visibility": "visibility_f5d5a3e411bf48ffb50b0f8b96c80212.png", "pose": [[-0.025014478713274002, -0.9996870756149292, 0.0, 1937.27099609375], [0.9996870756149292, -0.025014478713274002, 0.0, 857.4798583984375], [0.0, 0.0, 1.0, 0.0], [0.0, 0.0, 0.0, 1.0]], "pose_inverse": [[-0.025014478713274002, 0.9996870756149292, 0.0, -808.751708984375], [-0.9996870756149292, -0.025014478713274002, 0.0, 1958.1142578125], [0.0, 0.0, 1.0, 0.0], [0.0, 0.0, 0.0, 1.0]], "cam_ids": [0, 1, 2, 3, 4, 5], "cam_channels": ["CAM_FRONT_LEFT", "CAM_FRONT", "CAM_FRONT_RIGHT", "CAM_BACK_LEFT", "CAM_BACK", "CAM_BACK_RIGHT"], "token": "f5d5a3e411bf48ffb50b0f8b96c80212", "scene": "scene-0255"}, {"images": ["samples/CAM_FRONT_LEFT/n008-2018-08-06-15-06-32-0400__CAM_FRONT_LEFT__1533582490654799.jpg", "samples/CAM_FRONT/n008-2018-08-06-15-06-32-0400__CAM_FRONT__1533582490662404.jpg", "samples/CAM_FRONT_RIGHT/n008-2018-08-06-15-06-32-0400__CAM_FRONT_RIGHT__1533582490670482.jpg", "samples/CAM_BACK_LEFT/n008-2018-08-06-15-06-32-0400__CAM_BACK_LEFT__1533582490697405.jpg", "samples/CAM_BACK/n008-2018-08-06-15-06-32-0400__CAM_BACK__1533582490687558.jpg", "samples/CAM_BACK_RIGHT/n008-2018-08-06-15-06-32-0400__CAM_BACK_RIGHT__1533582490678113.jpg"], "intrinsics": [[[1257.8625342125129, 0.0, 827.2410631095686], [0.0, 1257.8625342125129, 450.915498205774], [0.0, 0.0, 1.0]], [[1252.8131021185304, 0.0, 826.588114781398], [0.0, 1252.8131021185304, 469.9846626224581], [0.0, 0.0, 1.0]], [[1256.7485116440405, 0.0, 817.7887570959712], [0.0, 1256.7485116440403, 451.9541780095127], [0.0, 0.0, 1.0]], [[1254.9860565800168, 0.0, 829.5769333630991], [0.0, 1254.9860565800168, 467.1680561863987], [0.0, 0.0, 1.0]], [[796.8910634503094, 0.0, 857.7774326863696], [0.0, 796.8910634503094, 476.8848988407415], [0.0, 0.0, 1.0]], [[1249.9629280788233, 0.0, 825.3768045375984], [0.0, 1249.9629280788233, 462.54816385708756], [0.0, 0.0, 1.0]]], "extrinsics": [[[0.822675883769989, -0.5684557557106018, 0.007897489704191685, -0.9718017578125], [0.023897504433989525, 0.02069881372153759, -0.9995000958442688, 1.4892520904541016], [0.5680081844329834, 0.8224533796310425, 0.030613088980317116, -1.310791015625], [0.0, 0.0, 0.0, 1.0]], [[0.010752685368061066, -0.999810516834259, -0.016229089349508286, 0.0062255859375], [0.02585381269454956, 0.016502579674124718, -0.9995295405387878, 1.4810171127319336], [0.9996079206466675, 0.010328044183552265, 0.02602636255323887, -1.70159912109375], [0.0, 0.0, 0.0, 1.0]], [[-0.8434498310089111, -0.536209225654602, -0.032740186899900436, 1.06915283203125], [0.03388112783432007, 0.00772716011852026, -0.999396026134491, 1.4939374923706055], [0.5361383557319641, -0.8440497517585754, 0.011649902909994125, -1.263671875], [0.0, 0.0, 0.0, 1.0]], [[0.9477548003196716, 0.3186326324939728, 0.015299207530915737, -1.1433258056640625], [0.0085245156660676, 0.022645441815257072, -0.9997072219848633, 1.5620498657226562], [-0.31888580322265625, 0.947607696056366, 0.018746139481663704, -0.15625], [0.0, 0.0, 0.0, 1.0]], [[0.008886558935046196, 0.9998432397842407, 0.015310176648199558, -0.0286865234375], [0.010627768002450466, 0.015215478837490082, -0.9998276829719543, 1.5681648254394531], [-0.9999041557312012, 0.009047742933034897, -0.01049089152365923, 0.03472900390625], [0.0, 0.0, 0.0, 1.0]], [[-0.923633873462677, 0.38291940093040466, -0.016524121165275574, 1.1436767578125], [0.014817441813647747, -0.007406159769743681, -0.999862790107727, 1.5480842590332031], [-0.38298916816711426, -0.9237520098686218, 0.0011666957288980484, -0.05078125], [0.0, 0.0, 0.0, 1.0]]], "view": [[0.0, -2.0, 100.0], [-2.0, 0.0, 100.0], [0.0, 0.0, 1.0]], "bev": "bev_4f062f1ecb1c4c519eb4c23f2d37d4d4.png", "aux": "aux_4f062f1ecb1c4c519eb4c23f2d37d4d4.npz", "visibility": "visibility_4f062f1ecb1c4c519eb4c23f2d37d4d4.png", "pose": [[-0.02489294297993183, -0.9996901154518127, 0.0, 1937.2603759765625], [0.9996901154518127, -0.02489294297993183, 0.0, 858.0903930664062], [0.0, 0.0, 1.0, 0.0], [0.0, 0.0, 0.0, 1.0]], "pose_inverse": [[-0.02489294297993183, 0.9996901154518127, 0.0, -809.6004028320312], [-0.9996901154518127, -0.02489294297993183, 0.0, 1958.0205078125], [0.0, 0.0, 1.0, 0.0], [0.0, 0.0, 0.0, 1.0]], "cam_ids": [0, 1, 2, 3, 4, 5], "cam_channels": ["CAM_FRONT_LEFT", "CAM_FRONT", "CAM_FRONT_RIGHT", "CAM_BACK_LEFT", "CAM_BACK", "CAM_BACK_RIGHT"], "token": "4f062f1ecb1c4c519eb4c23f2d37d4d4", "scene": "scene-0255"}, {"images": ["samples/CAM_FRONT_LEFT/n008-2018-08-06-15-06-32-0400__CAM_FRONT_LEFT__1533582491154799.jpg", "samples/CAM_FRONT/n008-2018-08-06-15-06-32-0400__CAM_FRONT__1533582491162414.jpg", "samples/CAM_FRONT_RIGHT/n008-2018-08-06-15-06-32-0400__CAM_FRONT_RIGHT__1533582491170482.jpg", "samples/CAM_BACK_LEFT/n008-2018-08-06-15-06-32-0400__CAM_BACK_LEFT__1533582491197405.jpg", "samples/CAM_BACK/n008-2018-08-06-15-06-32-0400__CAM_BACK__1533582491187558.jpg", "samples/CAM_BACK_RIGHT/n008-2018-08-06-15-06-32-0400__CAM_BACK_RIGHT__1533582491178113.jpg"], "intrinsics": [[[1257.8625342125129, 0.0, 827.2410631095686], [0.0, 1257.8625342125129, 450.915498205774], [0.0, 0.0, 1.0]], [[1252.8131021185304, 0.0, 826.588114781398], [0.0, 1252.8131021185304, 469.9846626224581], [0.0, 0.0, 1.0]], [[1256.7485116440405, 0.0, 817.7887570959712], [0.0, 1256.7485116440403, 451.9541780095127], [0.0, 0.0, 1.0]], [[1254.9860565800168, 0.0, 829.5769333630991], [0.0, 1254.9860565800168, 467.1680561863987], [0.0, 0.0, 1.0]], [[796.8910634503094, 0.0, 857.7774326863696], [0.0, 796.8910634503094, 476.8848988407415], [0.0, 0.0, 1.0]], [[1249.9629280788233, 0.0, 825.3768045375984], [0.0, 1249.9629280788233, 462.54816385708756], [0.0, 0.0, 1.0]]], "extrinsics": [[[0.8224467039108276, -0.5687739253044128, 0.008812084794044495, -0.98583984375], [0.024342510849237442, 0.019713735207915306, -0.9995092749595642, 1.4888439178466797], [0.5683211088180542, 0.8222576975822449, 0.030058881267905235, -1.3206787109375], [0.0, 0.0, 0.0, 1.0]], [[0.01042818371206522, -0.9998281002044678, -0.015328898094594479, 0.005859375], [0.02630896121263504, 0.015598762780427933, -0.999532163143158, 1.4806575775146484], [0.9995993971824646, 0.010020020417869091, 0.026467105373740196, -1.7158203125], [0.0, 0.0, 0.0, 1.0]], [[-0.8435755968093872, -0.5360143184661865, -0.03269287198781967, 1.07867431640625], [0.03434782475233078, 0.006898717954754829, -0.9993861317634583, 1.493570327758789], [0.5359107851982117, -0.844180703163147, 0.01259133592247963, -1.269775390625], [0.0, 0.0, 0.0, 1.0]], [[0.9477525353431702, 0.31862619519233704, 0.015575099736452103, -1.143524169921875], [0.009017287753522396, 0.02204628847539425, -0.9997162818908691, 1.5620460510253906], [-0.3188791871070862, 0.9476240277290344, 0.01802128180861473, -0.156005859375], [0.0, 0.0, 0.0, 1.0]], [[0.008985734544694424, 0.9998526573181152, 0.014628605917096138, -0.0289306640625], [0.011130259372293949, 0.014528283849358559, -0.9998324513435364, 1.568124771118164], [-0.9998977780342102, 0.00914704892784357, -0.010998072102665901, 0.0386962890625], [0.0, 0.0, 0.0, 1.0]], [[-0.9235509037971497, 0.38308650255203247, -0.01727592758834362, 1.15087890625], [0.01531220693141222, -0.00817498005926609, -0.9998493194580078, 1.5479736328125], [-0.3831700086593628, -0.9236763119697571, 0.0016841108445078135, -0.047607421875], [0.0, 0.0, 0.0, 1.0]]], "view": [[0.0, -2.0, 100.0], [-2.0, 0.0, 100.0], [0.0, 0.0, 1.0]], "bev": "bev_97396be803834f29b4837802fce3d6d4.png", "aux": "aux_97396be803834f29b4837802fce3d6d4.npz", "visibility": "visibility_97396be803834f29b4837802fce3d6d4.png", "pose": [[-0.024912985041737556, -0.9996896386146545, 0.0, 1937.257080078125], [0.9996896386146545, -0.024912985041737556, 0.0, 858.4204711914062], [0.0, 0.0, 1.0, 0.0], [0.0, 0.0, 0.0, 1.0]], "pose_inverse": [[-0.024912985041737556, 0.9996896386146545, 0.0, -809.8911743164062], [-0.9996896386146545, -0.024912985041737556, 0.0, 1958.0416259765625], [0.0, 0.0, 1.0, 0.0], [0.0, 0.0, 0.0, 1.0]], "cam_ids": [0, 1, 2, 3, 4, 5], "cam_channels": ["CAM_FRONT_LEFT", "CAM_FRONT", "CAM_FRONT_RIGHT", "CAM_BACK_LEFT", "CAM_BACK", "CAM_BACK_RIGHT"], "token": "97396be803834f29b4837802fce3d6d4", "scene": "scene-0255"}, {"images": ["samples/CAM_FRONT_LEFT/n008-2018-08-06-15-06-32-0400__CAM_FRONT_LEFT__1533582491654799.jpg", "samples/CAM_FRONT/n008-2018-08-06-15-06-32-0400__CAM_FRONT__1533582491662404.jpg", "samples/CAM_FRONT_RIGHT/n008-2018-08-06-15-06-32-0400__CAM_FRONT_RIGHT__1533582491670482.jpg", "samples/CAM_BACK_LEFT/n008-2018-08-06-15-06-32-0400__CAM_BACK_LEFT__1533582491697405.jpg", "samples/CAM_BACK/n008-2018-08-06-15-06-32-0400__CAM_BACK__1533582491687558.jpg", "samples/CAM_BACK_RIGHT/n008-2018-08-06-15-06-32-0400__CAM_BACK_RIGHT__1533582491678113.jpg"], "intrinsics": [[[1257.8625342125129, 0.0, 827.2410631095686], [0.0, 1257.8625342125129, 450.915498205774], [0.0, 0.0, 1.0]], [[1252.8131021185304, 0.0, 826.588114781398], [0.0, 1252.8131021185304, 469.9846626224581], [0.0, 0.0, 1.0]], [[1256.7485116440405, 0.0, 817.7887570959712], [0.0, 1256.7485116440403, 451.9541780095127], [0.0, 0.0, 1.0]], [[1254.9860565800168, 0.0, 829.5769333630991], [0.0, 1254.9860565800168, 467.1680561863987], [0.0, 0.0, 1.0]], [[796.8910634503094, 0.0, 857.7774326863696], [0.0, 796.8910634503094, 476.8848988407415], [0.0, 0.0, 1.0]], [[1249.9629280788233, 0.0, 825.3768045375984], [0.0, 1249.9629280788233, 462.54816385708756], [0.0, 0.0, 1.0]]], "extrinsics": [[[0.8225036859512329, -0.5686387419700623, 0.011735169216990471, -0.99658203125], [0.027459410950541496, 0.019092725589871407, -0.9994405508041382, 1.4885711669921875], [0.5680965781211853, 0.8223657608032227, 0.03131832182407379, -1.3275146484375], [0.0, 0.0, 0.0, 1.0]], [[0.010607250034809113, -0.9998366236686707, -0.01463831216096878, 0.0057373046875], [0.029496531933546066, 0.014945626258850098, -0.9994531273841858, 1.4804096221923828], [0.9995085597038269, 0.01016966998577118, 0.029650242999196053, -1.72625732421875], [0.0, 0.0, 0.0, 1.0]], [[-0.8434092402458191, -0.5361258387565613, -0.03506925702095032, 1.085205078125], [0.03759897127747536, 0.006215812172740698, -0.9992735981941223, 1.4933147430419922], [0.5359543561935425, -0.8441151976585388, 0.014915304258465767, -1.274169921875], [0.0, 0.0, 0.0, 1.0]], [[0.9476937055587769, 0.31863659620285034, 0.018638666719198227, -1.1436309814453125], [0.012502063065767288, 0.02129339426755905, -0.9996951222419739, 1.5620498657226562], [-0.3189363479614258, 0.9476377367973328, 0.016196001321077347, -0.156005859375], [0.0, 0.0, 0.0, 1.0]], [[0.008903423324227333, 0.9998632669448853, 0.013931998051702976, -0.0289306640625], [0.014534596353769302, 0.013801677152514458, -0.9997990727424622, 1.5680952072143555], [-0.9998547434806824, 0.009104130789637566, -0.014409730210900307, 0.04193115234375], [0.0, 0.0, 0.0, 1.0]], [[-0.9235168695449829, 0.38300344347953796, -0.020612135529518127, 1.15625], [0.01863277703523636, -0.008877361193299294, -0.9997869729995728, 1.5478992462158203], [-0.3831048309803009, -0.923704206943512, 0.0010619743261486292, -0.0455322265625], [0.0, 0.0, 0.0, 1.0]]], "view": [[0.0, -2.0, 100.0], [-2.0, 0.0, 100.0], [0.0, 0.0, 1.0]], "bev": "bev_fb673db545db4fa4ab80e1efe78aec16.png", "aux": "aux_fb673db545db4fa4ab80e1efe78aec16.npz", "visibility": "visibility_fb673db545db4fa4ab80e1efe78aec16.png", "pose": [[-0.02517055533826351, -0.999683141708374, 0.0, 1937.2535400390625], [0.999683141708374, -0.02517055533826351, 0.0, 858.5914916992188], [0.0, 0.0, 1.0, 0.0], [0.0, 0.0, 0.0, 1.0]], "pose_inverse": [[-0.02517055533826351, 0.999683141708374, 0.0, -809.5577392578125], [-0.999683141708374, -0.02517055533826351, 0.0, 1958.2509765625], [0.0, 0.0, 1.0, 0.0], [0.0, 0.0, 0.0, 1.0]], "cam_ids": [0, 1, 2, 3, 4, 5], "cam_channels": ["CAM_FRONT_LEFT", "CAM_FRONT", "CAM_FRONT_RIGHT", "CAM_BACK_LEFT", "CAM_BACK", "CAM_BACK_RIGHT"], "token": "fb673db545db4fa4ab80e1efe78aec16", "scene": "scene-0255"}, {"images": ["samples/CAM_FRONT_LEFT/n008-2018-08-06-15-06-32-0400__CAM_FRONT_LEFT__1533582492154799.jpg", "samples/CAM_FRONT/n008-2018-08-06-15-06-32-0400__CAM_FRONT__1533582492162404.jpg", "samples/CAM_FRONT_RIGHT/n008-2018-08-06-15-06-32-0400__CAM_FRONT_RIGHT__1533582492170482.jpg", "samples/CAM_BACK_LEFT/n008-2018-08-06-15-06-32-0400__CAM_BACK_LEFT__1533582492197405.jpg", "samples/CAM_BACK/n008-2018-08-06-15-06-32-0400__CAM_BACK__1533582492187558.jpg", "samples/CAM_BACK_RIGHT/n008-2018-08-06-15-06-32-0400__CAM_BACK_RIGHT__1533582492178113.jpg"], "intrinsics": [[[1257.8625342125129, 0.0, 827.2410631095686], [0.0, 1257.8625342125129, 450.915498205774], [0.0, 0.0, 1.0]], [[1252.8131021185304, 0.0, 826.588114781398], [0.0, 1252.8131021185304, 469.9846626224581], [0.0, 0.0, 1.0]], [[1256.7485116440405, 0.0, 817.7887570959712], [0.0, 1256.7485116440403, 451.9541780095127], [0.0, 0.0, 1.0]], [[1254.9860565800168, 0.0, 829.5769333630991], [0.0, 1254.9860565800168, 467.1680561863987], [0.0, 0.0, 1.0]], [[796.8910634503094, 0.0, 857.7774326863696], [0.0, 796.8910634503094, 476.8848988407415], [0.0, 0.0, 1.0]], [[1249.9629280788233, 0.0, 825.3768045375984], [0.0, 1249.9629280788233, 462.54816385708756], [0.0, 0.0, 1.0]]], "extrinsics": [[[0.8224145770072937, -0.5687118768692017, 0.014181388542056084, -0.9989013671875], [0.02979878894984722, 0.01817125454545021, -0.999390721321106, 1.4885025024414062], [0.5681077241897583, 0.8223360776901245, 0.03189123049378395, -1.3294677734375], [0.0, 0.0, 0.0, 1.0]], [[0.010546820238232613, -0.9998504519462585, -0.013704920187592506, 0.005615234375], [0.03181149810552597, 0.014034244231879711, -0.9993953704833984, 1.4803516864776611], [0.9994382262229919, 0.010104467160999775, 0.03195475414395332, -1.7286376953125], [0.0, 0.0, 0.0, 1.0]], [[-0.843370795249939, -0.536088228225708, -0.036539897322654724, 1.086761474609375], [0.03990372270345688, 0.005328679457306862, -0.9991893172264099, 1.4932594299316406], [0.5358483195304871, -0.8441451787948608, 0.016897860914468765, -1.27490234375], [0.0, 0.0, 0.0, 1.0]], [[0.9476568102836609, 0.3186313509941101, 0.020511450245976448, -1.143768310546875], [0.014766824431717396, 0.02043442241847515, -0.9996821284294128, 1.5620479583740234], [-0.31894922256469727, 0.9476584196090698, 0.014659645035862923, -0.15625], [0.0, 0.0, 0.0, 1.0]], [[0.00891674030572176, 0.9998746514320374, 0.013080764561891556, -0.02880859375], [0.016810139641165733, 0.012929550372064114, -0.9997751116752625, 1.5680904388427734], [-0.9998190402984619, 0.009134623222053051, -0.016692746430635452, 0.04254150390625], [0.0, 0.0, 0.0, 1.0]], [[-0.9234409332275391, 0.38304686546325684, -0.023063741624355316, 1.157470703125], [0.020921580493450165, -0.009757953695952892, -0.9997335076332092, 1.547882080078125], [-0.38316982984542847, -0.923677384853363, 0.0009969501988962293, -0.0447998046875], [0.0, 0.0, 0.0, 1.0]]], "view": [[0.0, -2.0, 100.0], [-2.0, 0.0, 100.0], [0.0, 0.0, 1.0]], "bev": "bev_1209c3e7fe4b4fdc826b718c1a339b0e.png", "aux": "aux_1209c3e7fe4b4fdc826b718c1a339b0e.npz", "visibility": "visibility_1209c3e7fe4b4fdc826b718c1a339b0e.png", "pose": [[-0.02590937167406082, -0.999664306640625, 0.0, 1937.254150390625], [0.999664306640625, -0.02590937167406082, 0.0, 858.690673828125], [0.0, 0.0, 1.0, 0.0], [0.0, 0.0, 0.0, 1.0]], "pose_inverse": [[-0.02590937167406082, 0.999664306640625, 0.0, -808.2093505859375], [-0.999664306640625, -0.02590937167406082, 0.0, 1958.8519287109375], [0.0, 0.0, 1.0, 0.0], [0.0, 0.0, 0.0, 1.0]], "cam_ids": [0, 1, 2, 3, 4, 5], "cam_channels": ["CAM_FRONT_LEFT", "CAM_FRONT", "CAM_FRONT_RIGHT", "CAM_BACK_LEFT", "CAM_BACK", "CAM_BACK_RIGHT"], "token": "1209c3e7fe4b4fdc826b718c1a339b0e", "scene": "scene-0255"}, {"images": ["samples/CAM_FRONT_LEFT/n008-2018-08-06-15-06-32-0400__CAM_FRONT_LEFT__1533582492654799.jpg", "samples/CAM_FRONT/n008-2018-08-06-15-06-32-0400__CAM_FRONT__1533582492662404.jpg", "samples/CAM_FRONT_RIGHT/n008-2018-08-06-15-06-32-0400__CAM_FRONT_RIGHT__1533582492670482.jpg", "samples/CAM_BACK_LEFT/n008-2018-08-06-15-06-32-0400__CAM_BACK_LEFT__1533582492697405.jpg", "samples/CAM_BACK/n008-2018-08-06-15-06-32-0400__CAM_BACK__1533582492687558.jpg", "samples/CAM_BACK_RIGHT/n008-2018-08-06-15-06-32-0400__CAM_BACK_RIGHT__1533582492678113.jpg"], "intrinsics": [[[1257.8625342125129, 0.0, 827.2410631095686], [0.0, 1257.8625342125129, 450.915498205774], [0.0, 0.0, 1.0]], [[1252.8131021185304, 0.0, 826.588114781398], [0.0, 1252.8131021185304, 469.9846626224581], [0.0, 0.0, 1.0]], [[1256.7485116440405, 0.0, 817.7887570959712], [0.0, 1256.7485116440403, 451.9541780095127], [0.0, 0.0, 1.0]], [[1254.9860565800168, 0.0, 829.5769333630991], [0.0, 1254.9860565800168, 467.1680561863987], [0.0, 0.0, 1.0]], [[796.8910634503094, 0.0, 857.7774326863696], [0.0, 796.8910634503094, 476.8848988407415], [0.0, 0.0, 1.0]], [[1249.9629280788233, 0.0, 825.3768045375984], [0.0, 1249.9629280788233, 462.54816385708756], [0.0, 0.0, 1.0]]], "extrinsics": [[[0.8224024772644043, -0.5686569213867188, 0.016841180622577667, -0.9854736328125], [0.03173527866601944, 0.0162992961704731, -0.999363362789154, 1.4890460968017578], [0.5680204033851624, 0.8224133253097534, 0.031451065093278885, -1.320068359375], [0.0, 0.0, 0.0, 1.0]], [[0.01059368159621954, -0.9998741149902344, -0.011805666610598564, 0.00537109375], [0.03372709080576897, 0.012156901881098747, -0.9993571639060974, 1.4808293581008911], [0.9993749856948853, 0.010188701562583447, 0.033851638436317444, -1.7149658203125], [0.0, 0.0, 0.0, 1.0]], [[-0.8432952165603638, -0.5361686944961548, -0.037099689245224, 1.077728271484375], [0.04177583381533623, 0.00342751108109951, -0.9991211295127869, 1.49371337890625], [0.5358245968818665, -0.8441039323806763, 0.019508488476276398, -1.26953125], [0.0, 0.0, 0.0, 1.0]], [[0.947633683681488, 0.31863194704055786, 0.021544842049479485, -1.142852783203125], [0.016516026109457016, 0.018476121127605438, -0.9996928572654724, 1.5620613098144531], [-0.3189321756362915, 0.9476984143257141, 0.01224606018513441, -0.15625], [0.0, 0.0, 0.0, 1.0]], [[0.008917784318327904, 0.9998979568481445, 0.011167151853442192, -0.0289306640625], [0.01859957166016102, 0.010999801568686962, -0.99976646900177, 1.568171501159668], [-0.9997873306274414, 0.009123406372964382, -0.018499579280614853, 0.03826904296875], [0.0, 0.0, 0.0, 1.0]], [[-0.9233959317207336, 0.38300150632858276, -0.02549201436340809, 1.1502685546875], [0.022757042199373245, -0.011670757085084915, -0.9996728897094727, 1.5480728149414062], [-0.38317376375198364, -0.9236739873886108, 0.0020607481710612774, -0.048095703125], [0.0, 0.0, 0.0, 1.0]]], "view": [[0.0, -2.0, 100.0], [-2.0, 0.0, 100.0], [0.0, 0.0, 1.0]], "bev": "bev_a5cef6ba6d0d49888b852c53cc93f774.png", "aux": "aux_a5cef6ba6d0d49888b852c53cc93f774.npz", "visibility": "visibility_a5cef6ba6d0d49888b852c53cc93f774.png", "pose": [[-0.02610906958580017, -0.9996591210365295, 0.0, 1937.2513427734375], [0.9996591210365295, -0.02610906958580017, 0.0, 858.8671875], [0.0, 0.0, 1.0, 0.0], [0.0, 0.0, 0.0, 1.0]], "pose_inverse": [[-0.02610906958580017, 0.9996591210365295, 0.0, -807.9945678710938], [-0.9996591210365295, -0.02610906958580017, 0.0, 1959.01513671875], [0.0, 0.0, 1.0, 0.0], [0.0, 0.0, 0.0, 1.0]], "cam_ids": [0, 1, 2, 3, 4, 5], "cam_channels": ["CAM_FRONT_LEFT", "CAM_FRONT", "CAM_FRONT_RIGHT", "CAM_BACK_LEFT", "CAM_BACK", "CAM_BACK_RIGHT"], "token": "a5cef6ba6d0d49888b852c53cc93f774", "scene": "scene-0255"}, {"images": ["samples/CAM_FRONT_LEFT/n008-2018-08-06-15-06-32-0400__CAM_FRONT_LEFT__1533582493154799.jpg", "samples/CAM_FRONT/n008-2018-08-06-15-06-32-0400__CAM_FRONT__1533582493162404.jpg", "samples/CAM_FRONT_RIGHT/n008-2018-08-06-15-06-32-0400__CAM_FRONT_RIGHT__1533582493170482.jpg", "samples/CAM_BACK_LEFT/n008-2018-08-06-15-06-32-0400__CAM_BACK_LEFT__1533582493197405.jpg", "samples/CAM_BACK/n008-2018-08-06-15-06-32-0400__CAM_BACK__1533582493187558.jpg", "samples/CAM_BACK_RIGHT/n008-2018-08-06-15-06-32-0400__CAM_BACK_RIGHT__1533582493178113.jpg"], "intrinsics": [[[1257.8625342125129, 0.0, 827.2410631095686], [0.0, 1257.8625342125129, 450.915498205774], [0.0, 0.0, 1.0]], [[1252.8131021185304, 0.0, 826.588114781398], [0.0, 1252.8131021185304, 469.9846626224581], [0.0, 0.0, 1.0]], [[1256.7485116440405, 0.0, 817.7887570959712], [0.0, 1256.7485116440403, 451.9541780095127], [0.0, 0.0, 1.0]], [[1254.9860565800168, 0.0, 829.5769333630991], [0.0, 1254.9860565800168, 467.1680561863987], [0.0, 0.0, 1.0]], [[796.8910634503094, 0.0, 857.7774326863696], [0.0, 796.8910634503094, 476.8848988407415], [0.0, 0.0, 1.0]], [[1249.9629280788233, 0.0, 825.3768045375984], [0.0, 1249.9629280788233, 462.54816385708756], [0.0, 0.0, 1.0]]], "extrinsics": [[[0.8223468661308289, -0.5686997771263123, 0.018059832975268364, -0.968505859375], [0.03218575939536095, 0.014804585836827755, -0.9993722438812256, 1.489736557006836], [0.56807541847229, 0.8224118947982788, 0.030478540807962418, -1.3077392578125], [0.0, 0.0, 0.0, 1.0]], [[0.010519230738282204, -0.9998916983604431, -0.01029532216489315, 0.0057373046875], [0.03414786979556084, 0.01064909715205431, -0.9993600845336914, 1.4814271926879883], [0.9993614554405212, 0.010160936042666435, 0.034256190061569214, -1.69769287109375], [0.0, 0.0, 0.0, 1.0]], [[-0.8433201909065247, -0.5361623764038086, -0.036619655787944794, 1.066436767578125], [0.042178310453891754, 0.0018971471581608057, -0.9991083145141602, 1.4942798614501953], [0.5357537269592285, -0.8441126942634583, 0.021014519035816193, -1.262451171875], [0.0, 0.0, 0.0, 1.0]], [[0.9476429224014282, 0.31861764192581177, 0.021349715068936348, -1.144134521484375], [0.016856925562024117, 0.0168518777936697, -0.9997159242630005, 1.5620384216308594], [-0.3188868761062622, 0.9477335810661316, 0.01059864740818739, -0.15625], [0.0, 0.0, 0.0, 1.0]], [[0.008968942798674107, 0.9999138712882996, 0.009582780301570892, -0.02880859375], [0.018952157348394394, 0.009411465376615524, -0.9997760653495789, 1.5682642459869385], [-0.9997801780700684, 0.009148551151156425, -0.01886611618101597, 0.0