[{"images": ["samples/CAM_FRONT_LEFT/n015-2018-08-02-17-16-37+0800__CAM_FRONT_LEFT__1533201582404844.jpg", "samples/CAM_FRONT/n015-2018-08-02-17-16-37+0800__CAM_FRONT__1533201582412460.jpg", "samples/CAM_FRONT_RIGHT/n015-2018-08-02-17-16-37+0800__CAM_FRONT_RIGHT__1533201582420339.jpg", "samples/CAM_BACK_LEFT/n015-2018-08-02-17-16-37+0800__CAM_BACK_LEFT__1533201582447423.jpg", "samples/CAM_BACK/n015-2018-08-02-17-16-37+0800__CAM_BACK__1533201582437525.jpg", "samples/CAM_BACK_RIGHT/n015-2018-08-02-17-16-37+0800__CAM_BACK_RIGHT__1533201582427893.jpg"], "intrinsics": [[[1272.5979470598488, 0.0, 826.6154927353808], [0.0, 1272.5979470598488, 479.75165386361925], [0.0, 0.0, 1.0]], [[1266.417203046554, 0.0, 816.2670197447984], [0.0, 1266.417203046554, 491.50706579294757], [0.0, 0.0, 1.0]], [[1260.8474446004698, 0.0, 807.968244525554], [0.0, 1260.8474446004698, 495.3344268742088], [0.0, 0.0, 1.0]], [[1256.7414812095406, 0.0, 792.1125740759628], [0.0, 1256.7414812095406, 492.7757465151356], [0.0, 0.0, 1.0]], [[809.2209905677063, 0.0, 829.2196003259838], [0.0, 809.2209905677063, 481.77842384512485], [0.0, 0.0, 1.0]], [[1259.5137405846733, 0.0, 807.2529053838625], [0.0, 1259.5137405846733, 501.19579884916527], [0.0, 0.0, 1.0]]], "extrinsics": [[[0.820659339427948, -0.5711033940315247, 0.018950914964079857, -0.96490478515625], [0.01022446807473898, -0.01848331093788147, -0.9997768998146057, 1.5082483291625977], [0.5713261961936951, 0.820669949054718, -0.00932927057147026, -1.28021240234375], [0.0, 0.0, 0.0, 1.0]], [[0.005546012427657843, -0.999730110168457, 0.02256036177277565, 0.00502777099609375], [0.004912418778985739, -0.022533198818564415, -0.9997340440750122, 1.5205339193344116], [0.9999724626541138, 0.005655341781675816, 0.004786121658980846, -1.6925048828125], [0.0, 0.0, 0.0, 1.0]], [[-0.8328588604927063, -0.5534546375274658, -0.005824448075145483, 1.0323486328125], [0.010522745549678802, -0.00531194219365716, -0.9999305009841919, 1.5036430358886719], [0.5533852577209473, -0.8328624367713928, 0.01024796161800623, -1.2486572265625], [0.0, 0.0, 0.0, 1.0]], [[0.9477086067199707, 0.319063663482666, 0.006828472949564457, -1.1422119140625], [0.019196588546037674, -0.03563519939780235, -0.9991804957389832, 1.5885562896728516], [-0.31855884194374084, 0.9470630884170532, -0.03989671915769577, -0.10369873046875], [0.0, 0.0, 0.0, 1.0]], [[0.0025901866611093283, 0.9996678233146667, -0.025643888860940933, 0.00278472900390625], [-0.006222206633538008, -0.025627367198467255, -0.9996522068977356, 1.579355239868164], [-0.9999772906303406, 0.0027488530613482, 0.006153756752610207, 0.001708984375], [0.0, 0.0, 0.0, 1.0]], [[-0.9345648884773254, 0.3546620011329651, -0.02834213525056839, 1.1363525390625], [0.02640235796570778, -0.010308497585356236, -0.9995982646942139, 1.5514488220214844], [-0.3548116087913513, -0.9349377751350403, 0.00027004623552784324, -0.063629150390625], [0.0, 0.0, 0.0, 1.0]]], "view": [[0.0, -2.0, 100.0], [-2.0, 0.0, 100.0], [0.0, 0.0, 1.0]], "bev": "bev_c525629d7b3749d8968b486bb5412adf.png", "aux": "aux_c525629d7b3749d8968b486bb5412adf.npz", "visibility": "visibility_c525629d7b3749d8968b486bb5412adf.png", "pose": [[0.3969026803970337, -0.9178606867790222, 0.0, 366.7268371582031], [0.9178606867790222, 0.3969026803970337, 0.0, 1094.9755859375], [0.0, 0.0, 1.0, 0.0], [0.0, 0.0, 0.0, 1.0]], "pose_inverse": [[0.3969026803970337, 0.9178606867790222, 0.0, -1150.5899658203125], [-0.9178606867790222, 0.3969026803970337, 0.0, -97.99459838867188], [0.0, 0.0, 1.0, 0.0], [0.0, 0.0, 0.0, 1.0]], "cam_ids": [0, 1, 2, 3, 4, 5], "cam_channels": ["CAM_FRONT_LEFT", "CAM_FRONT", "CAM_FRONT_RIGHT", "CAM_BACK_LEFT", "CAM_BACK", "CAM_BACK_RIGHT"], "token": "c525629d7b3749d8968b486bb5412adf", "scene": "scene-0345"}, {"images": ["samples/CAM_FRONT_LEFT/n015-2018-08-02-17-16-37+0800__CAM_FRONT_LEFT__1533201582904844.jpg", "samples/CAM_FRONT/n015-2018-08-02-17-16-37+0800__CAM_FRONT__1533201582912460.jpg", "samples/CAM_FRONT_RIGHT/n015-2018-08-02-17-16-37+0800__CAM_FRONT_RIGHT__1533201582920339.jpg", "samples/CAM_BACK_LEFT/n015-2018-08-02-17-16-37+0800__CAM_BACK_LEFT__1533201582947423.jpg", "samples/CAM_BACK/n015-2018-08-02-17-16-37+0800__CAM_BACK__1533201582937525.jpg", "samples/CAM_BACK_RIGHT/n015-2018-08-02-17-16-37+0800__CAM_BACK_RIGHT__1533201582927893.jpg"], "intrinsics": [[[1272.5979470598488, 0.0, 826.6154927353808], [0.0, 1272.5979470598488, 479.75165386361925], [0.0, 0.0, 1.0]], [[1266.417203046554, 0.0, 816.2670197447984], [0.0, 1266.417203046554, 491.50706579294757], [0.0, 0.0, 1.0]], [[1260.8474446004698, 0.0, 807.968244525554], [0.0, 1260.8474446004698, 495.3344268742088], [0.0, 0.0, 1.0]], [[1256.7414812095406, 0.0, 792.1125740759628], [0.0, 1256.7414812095406, 492.7757465151356], [0.0, 0.0, 1.0]], [[809.2209905677063, 0.0, 829.2196003259838], [0.0, 809.2209905677063, 481.77842384512485], [0.0, 0.0, 1.0]], [[1259.5137405846733, 0.0, 807.2529053838625], [0.0, 1259.5137405846733, 501.19579884916527], [0.0, 0.0, 1.0]]], "extrinsics": [[[0.8206695914268494, -0.5710896253585815, 0.01892382651567459, -0.96490478515625], [0.010211266577243805, -0.0184551440179348, -0.9997775554656982, 1.5082483291625977], [0.5713118314743042, 0.8206802010536194, -0.009314026683568954, -1.2801513671875], [0.0, 0.0, 0.0, 1.0]], [[0.005558567587286234, -0.9997305274009705, 0.022536616772413254, 0.0050811767578125], [0.004904314409941435, -0.022509438917040825, -0.99973464012146, 1.5205329656600952], [0.9999724626541138, 0.005667609628289938, 0.00477787246927619, -1.6922607421875], [0.0, 0.0, 0.0, 1.0]], [[-0.8328539729118347, -0.5534619092941284, -0.005832617171108723, 1.0323486328125], [0.010519849136471748, -0.005292659159749746, -0.9999306201934814, 1.5036439895629883], [0.5533926486968994, -0.832857608795166, 0.010230349376797676, -1.24871826171875], [0.0, 0.0, 0.0, 1.0]], [[0.9477080702781677, 0.31906554102897644, 0.006820720620453358, -1.142333984375], [0.019193733111023903, -0.035650767385959625, -0.9991799592971802, 1.5885562896728516], [-0.3185606896877289, 0.9470619559288025, -0.03991058096289635, -0.103668212890625], [0.0, 0.0, 0.0, 1.0]], [[0.0025868183001875877, 0.9996675848960876, -0.025651564821600914, 0.00283050537109375], [-0.006233790423721075, -0.02563503384590149, -0.9996519684791565, 1.5793561935424805], [-0.9999772310256958, 0.0027457803953438997, 0.006165404804050922, 0.001708984375], [0.0, 0.0, 0.0, 1.0]], [[-0.9345669746398926, 0.3546571135520935, -0.02833564206957817, 1.1361083984375], [0.02639995701611042, -0.010296524502336979, -0.9995984435081482, 1.5514488220214844], [-0.35480645298957825, -0.9349398016929626, 0.000259860185906291, -0.06365966796875], [0.0, 0.0, 0.0, 1.0]]], "view": [[0.0, -2.0, 100.0], [-2.0, 0.0, 100.0], [0.0, 0.0, 1.0]], "bev": "bev_273f8288e5bf48ef835a1b71839f95ff.png", "aux": "aux_273f8288e5bf48ef835a1b71839f95ff.npz", "visibility": "visibility_273f8288e5bf48ef835a1b71839f95ff.png", "pose": [[0.39689481258392334, -0.9178640842437744, 0.0, 366.7268371582031], [0.9178640842437744, 0.39689481258392334, 0.0, 1094.9755859375], [0.0, 0.0, 1.0, 0.0], [0.0, 0.0, 0.0, 1.0]], "pose_inverse": [[0.39689481258392334, 0.9178640842437744, 0.0, -1150.5908203125], [-0.9178640842437744, 0.39689481258392334, 0.0, -97.9847412109375], [0.0, 0.0, 1.0, 0.0], [0.0, 0.0, 0.0, 1.0]], "cam_ids": [0, 1, 2, 3, 4, 5], "cam_channels": ["CAM_FRONT_LEFT", "CAM_FRONT", "CAM_FRONT_RIGHT", "CAM_BACK_LEFT", "CAM_BACK", "CAM_BACK_RIGHT"], "token": "273f8288e5bf48ef835a1b71839f95ff", "scene": "scene-0345"}, {"images": ["samples/CAM_FRONT_LEFT/n015-2018-08-02-17-16-37+0800__CAM_FRONT_LEFT__1533201583404844.jpg", "samples/CAM_FRONT/n015-2018-08-02-17-16-37+0800__CAM_FRONT__1533201583412460.jpg", "samples/CAM_FRONT_RIGHT/n015-2018-08-02-17-16-37+0800__CAM_FRONT_RIGHT__1533201583420339.jpg", "samples/CAM_BACK_LEFT/n015-2018-08-02-17-16-37+0800__CAM_BACK_LEFT__1533201583447423.jpg", "samples/CAM_BACK/n015-2018-08-02-17-16-37+0800__CAM_BACK__1533201583437525.jpg", "samples/CAM_BACK_RIGHT/n015-2018-08-02-17-16-37+0800__CAM_BACK_RIGHT__1533201583427893.jpg"], "intrinsics": [[[1272.5979470598488, 0.0, 826.6154927353808], [0.0, 1272.5979470598488, 479.75165386361925], [0.0, 0.0, 1.0]], [[1266.417203046554, 0.0, 816.2670197447984], [0.0, 1266.417203046554, 491.50706579294757], [0.0, 0.0, 1.0]], [[1260.8474446004698, 0.0, 807.968244525554], [0.0, 1260.8474446004698, 495.3344268742088], [0.0, 0.0, 1.0]], [[1256.7414812095406, 0.0, 792.1125740759628], [0.0, 1256.7414812095406, 492.7757465151356], [0.0, 0.0, 1.0]], [[809.2209905677063, 0.0, 829.2196003259838], [0.0, 809.2209905677063, 481.77842384512485], [0.0, 0.0, 1.0]], [[1259.5137405846733, 0.0, 807.2529053838625], [0.0, 1259.5137405846733, 501.19579884916527], [0.0, 0.0, 1.0]]], "extrinsics": [[[0.8206662535667419, -0.5710933804512024, 0.0189531147480011, -0.9649658203125], [0.010221966542303562, -0.018490953370928764, -0.9997767806053162, 1.5082483291625977], [0.5713163614273071, 0.8206767439842224, -0.009337203577160835, -1.2802734375], [0.0, 0.0, 0.0, 1.0]], [[0.005555941257625818, -0.9997299313545227, 0.022564349696040154, 0.00505828857421875], [0.004935006145387888, -0.02253701351583004, -0.9997338652610779, 1.5205332040786743], [0.9999723434448242, 0.005665814038366079, 0.004808459430932999, -1.6922607421875], [0.0, 0.0, 0.0, 1.0]], [[-0.8328545689582825, -0.5534608960151672, -0.005864777602255344, 1.0322265625], [0.010571091435849667, -0.005311693996191025, -0.9999299645423889, 1.5036439895629883], [0.5533909797668457, -0.8328582048416138, 0.010274555534124374, -1.248779296875], [0.0, 0.0, 0.0, 1.0]], [[0.947708249092102, 0.31906455755233765, 0.006855113431811333, -1.14208984375], [0.019232921302318573, -0.03565960004925728, -0.9991788864135742, 1.5885562896728516], [-0.31855809688568115, 0.9470618367195129, -0.039931442588567734, -0.103729248046875], [0.0, 0.0, 0.0, 1.0]], [[0.002589361509308219, 0.9996674656867981, -0.025657394900918007, 0.002838134765625], [-0.006169607397168875, -0.025641022250056267, -0.9996522068977356, 1.5793571472167969], [-0.9999776482582092, 0.0027467403560876846, 0.006101163104176521, 0.001708984375], [0.0, 0.0, 0.0, 1.0]], [[-0.9345649480819702, 0.3546575605869293, -0.02839585952460766, 1.1361083984375], [0.026458514854311943, -0.010311945341527462, -0.9995967745780945, 1.5514488220214844], [-0.35480740666389465, -0.934939444065094, 0.0002534700615797192, -0.06365966796875], [0.0, 0.0, 0.0, 1.0]]], "view": [[0.0, -2.0, 100.0], [-2.0, 0.0, 100.0], [0.0, 0.0, 1.0]], "bev": "bev_005d3e821c4e4e0ab03f1ea1dcbf9cc8.png", "aux": "aux_005d3e821c4e4e0ab03f1ea1dcbf9cc8.npz", "visibility": "visibility_005d3e821c4e4e0ab03f1ea1dcbf9cc8.png", "pose": [[0.39692065119743347, -0.9178529381752014, 0.0, 366.7268371582031], [0.9178529381752014, 0.39692065119743347, 0.0, 1094.9755859375], [0.0, 0.0, 1.0, 0.0], [0.0, 0.0, 0.0, 1.0]], "pose_inverse": [[0.39692065119743347, 0.9178529381752014, 0.0, -1150.5880126953125], [-0.9178529381752014, 0.39692065119743347, 0.0, -98.0171127319336], [0.0, 0.0, 1.0, 0.0], [0.0, 0.0, 0.0, 1.0]], "cam_ids": [0, 1, 2, 3, 4, 5], "cam_channels": ["CAM_FRONT_LEFT", "CAM_FRONT", "CAM_FRONT_RIGHT", "CAM_BACK_LEFT", "CAM_BACK", "CAM_BACK_RIGHT"], "token": "005d3e821c4e4e0ab03f1ea1dcbf9cc8", "scene": "scene-0345"}, {"images": ["samples/CAM_FRONT_LEFT/n015-2018-08-02-17-16-37+0800__CAM_FRONT_LEFT__1533201583904844.jpg", "samples/CAM_FRONT/n015-2018-08-02-17-16-37+0800__CAM_FRONT__1533201583912460.jpg", "samples/CAM_FRONT_RIGHT/n015-2018-08-02-17-16-37+0800__CAM_FRONT_RIGHT__1533201583920339.jpg", "samples/CAM_BACK_LEFT/n015-2018-08-02-17-16-37+0800__CAM_BACK_LEFT__1533201583947423.jpg", "samples/CAM_BACK/n015-2018-08-02-17-16-37+0800__CAM_BACK__1533201583937525.jpg", "samples/CAM_BACK_RIGHT/n015-2018-08-02-17-16-37+0800__CAM_BACK_RIGHT__1533201583927893.jpg"], "intrinsics": [[[1272.5979470598488, 0.0, 826.6154927353808], [0.0, 1272.5979470598488, 479.75165386361925], [0.0, 0.0, 1.0]], [[1266.417203046554, 0.0, 816.2670197447984], [0.0, 1266.417203046554, 491.50706579294757], [0.0, 0.0, 1.0]], [[1260.8474446004698, 0.0, 807.968244525554], [0.0, 1260.8474446004698, 495.3344268742088], [0.0, 0.0, 1.0]], [[1256.7414812095406, 0.0, 792.1125740759628], [0.0, 1256.7414812095406, 492.7757465151356], [0.0, 0.0, 1.0]], [[809.2209905677063, 0.0, 829.2196003259838], [0.0, 809.2209905677063, 481.77842384512485], [0.0, 0.0, 1.0]], [[1259.5137405846733, 0.0, 807.2529053838625], [0.0, 1259.5137405846733, 501.19579884916527], [0.0, 0.0, 1.0]]], "extrinsics": [[[0.8206428289413452, -0.5711277723312378, 0.018932238221168518, -0.96502685546875], [0.010246098041534424, -0.01841907575726509, -0.9997778534889221, 1.5082483291625977], [0.571349561214447, 0.8206545114517212, -0.009263652376830578, -1.28021240234375], [0.0, 0.0, 0.0, 1.0]], [[0.005519972648471594, -0.9997313618659973, 0.022509589791297913, 0.00505828857421875], [0.004945364315062761, -0.022482365369796753, -0.9997350573539734, 1.5205327272415161], [0.9999725222587585, 0.0056298114359378815, 0.004819934722036123, -1.6923828125], [0.0, 0.0, 0.0, 1.0]], [[-0.8328701257705688, -0.5534371137619019, -0.005882611498236656, 1.0323486328125], [0.010567923076450825, -0.005275227595120668, -0.999930202960968, 1.5036439895629883], [0.5533674955368042, -0.8328741788864136, 0.010242260992527008, -1.248779296875], [0.0, 0.0, 0.0, 1.0]], [[0.9477102160453796, 0.31905892491340637, 0.006841676775366068, -1.14208984375], [0.01920984871685505, -0.03563385829329491, -0.999180257320404, 1.5885562896728516], [-0.31855353713035583, 0.9470646977424622, -0.03989964351058006, -0.10369873046875], [0.0, 0.0, 0.0, 1.0]], [[0.0026016109623014927, 0.9996681213378906, -0.025630325078964233, 0.0027923583984375], [-0.006195412017405033, -0.025613805279135704, -0.9996526837348938, 1.5793571472167969], [-0.9999774098396301, 0.002759528113529086, 0.006126716732978821, 0.001708984375], [0.0, 0.0, 0.0, 1.0]], [[-0.9345577955245972, 0.3546780049800873, -0.028376558795571327, 1.13623046875], [0.026449739933013916, -0.010280651040375233, -0.9995973110198975, 1.5514488220214844], [-0.3548268675804138, -0.9349319934844971, 0.00022672103659715503, -0.06365966796875], [0.0, 0.0, 0.0, 1.0]]], "view": [[0.0, -2.0, 100.0], [-2.0, 0.0, 100.0], [0.0, 0.0, 1.0]], "bev": "bev_f1a2b04d085842dfa616d66eb41f1dac.png", "aux": "aux_f1a2b04d085842dfa616d66eb41f1dac.npz", "visibility": "visibility_f1a2b04d085842dfa616d66eb41f1dac.png", "pose": [[0.39687663316726685, -0.9178719520568848, 0.0, 366.7268371582031], [0.9178719520568848, 0.39687663316726685, 0.0, 1094.9755859375], [0.0, 0.0, 1.0, 0.0], [0.0, 0.0, 0.0, 1.0]], "pose_inverse": [[0.39687663316726685, 0.9178719520568848, 0.0, -1150.5926513671875], [-0.9178719520568848, 0.39687663316726685, 0.0, -97.96195220947266], [0.0, 0.0, 1.0, 0.0], [0.0, 0.0, 0.0, 1.0]], "cam_ids": [0, 1, 2, 3, 4, 5], "cam_channels": ["CAM_FRONT_LEFT", "CAM_FRONT", "CAM_FRONT_RIGHT", "CAM_BACK_LEFT", "CAM_BACK", "CAM_BACK_RIGHT"], "token": "f1a2b04d085842dfa616d66eb41f1dac", "scene": "scene-0345"}, {"images": ["samples/CAM_FRONT_LEFT/n015-2018-08-02-17-16-37+0800__CAM_FRONT_LEFT__1533201584404844.jpg", "samples/CAM_FRONT/n015-2018-08-02-17-16-37+0800__CAM_FRONT__1533201584412460.jpg", "samples/CAM_FRONT_RIGHT/n015-2018-08-02-17-16-37+0800__CAM_FRONT_RIGHT__1533201584420339.jpg", "samples/CAM_BACK_LEFT/n015-2018-08-02-17-16-37+0800__CAM_BACK_LEFT__1533201584447423.jpg", "samples/CAM_BACK/n015-2018-08-02-17-16-37+0800__CAM_BACK__1533201584437525.jpg", "samples/CAM_BACK_RIGHT/n015-2018-08-02-17-16-37+0800__CAM_BACK_RIGHT__1533201584427893.jpg"], "intrinsics": [[[1272.5979470598488, 0.0, 826.6154927353808], [0.0, 1272.5979470598488, 479.75165386361925], [0.0, 0.0, 1.0]], [[1266.417203046554, 0.0, 816.2670197447984], [0.0, 1266.417203046554, 491.50706579294757], [0.0, 0.0, 1.0]], [[1260.8474446004698, 0.0, 807.968244525554], [0.0, 1260.8474446004698, 495.3344268742088], [0.0, 0.0, 1.0]], [[1256.7414812095406, 0.0, 792.1125740759628], [0.0, 1256.7414812095406, 492.7757465151356], [0.0, 0.0, 1.0]], [[809.2209905677063, 0.0, 829.2196003259838], [0.0, 809.2209905677063, 481.77842384512485], [0.0, 0.0, 1.0]], [[1259.5137405846733, 0.0, 807.2529053838625], [0.0, 1259.5137405846733, 501.19579884916527], [0.0, 0.0, 1.0]]], "extrinsics": [[[0.8206571936607361, -0.5711078643798828, 0.018906988203525543, -0.9649658203125], [0.010239511728286743, -0.018384745344519615, -0.9997785687446594, 1.5082483291625977], [0.5713289380073547, 0.8206691145896912, -0.009239709004759789, -1.28021240234375], [0.0, 0.0, 0.0, 1.0]], [[0.005538162309676409, -0.9997323155403137, 0.0224620308727026, 0.0050506591796875], [0.004931297153234482, -0.02243480272591114, -0.9997361302375793, 1.5205336809158325], [0.9999724626541138, 0.005647466517984867, 0.004805729258805513, -1.6922607421875], [0.0, 0.0, 0.0, 1.0]], [[-0.8328631520271301, -0.5534476041793823, -0.0058981189504265785, 1.0323486328125], [0.010545837692916393, -0.0052137309685349464, -0.9999307990074158, 1.5036439895629883], [0.5533785820007324, -0.8328676223754883, 0.010178894735872746, -1.24871826171875], [0.0, 0.0, 0.0, 1.0]], [[0.947708785533905, 0.31906238198280334, 0.006878176238387823, -1.14208984375], [0.019224287942051888, -0.035561926662921906, -0.9991825222969055, 1.5885543823242188], [-0.31855693459510803, 0.9470663070678711, -0.0398360975086689, -0.103729248046875], [0.0, 0.0, 0.0, 1.0]], [[0.0025965175591409206, 0.9996699094772339, -0.02556612715125084, 0.0027923583984375], [-0.006195658352226019, -0.025549640879034996, -0.9996544122695923, 1.579355239868164], [-0.9999774098396301, 0.0027540531009435654, 0.006127271801233292, 0.0018310546875], [0.0, 0.0, 0.0, 1.0]], [[-0.9345614910125732, 0.35467222332954407, -0.028327539563179016, 1.13623046875], [0.026422282680869102, -0.010214859619736671, -0.9995986819267273, 1.5514507293701172], [-0.35481926798820496, -0.9349349141120911, 0.00017516380466986448, -0.063629150390625], [0.0, 0.0, 0.0, 1.0]]], "view": [[0.0, -2.0, 100.0], [-2.0, 0.0, 100.0], [0.0, 0.0, 1.0]], "bev": "bev_14ab15e6c6fa4ac5a925b3b3d5057a69.png", "aux": "aux_14ab15e6c6fa4ac5a925b3b3d5057a69.npz", "visibility": "visibility_14ab15e6c6fa4ac5a925b3b3d5057a69.png", "pose": [[0.39689281582832336, -0.917864978313446, 0.0, 366.7268371582031], [0.917864978313446, 0.39689281582832336, 0.0, 1094.9755859375], [0.0, 0.0, 1.0, 0.0], [0.0, 0.0, 0.0, 1.0]], "pose_inverse": [[0.39689281582832336, 0.917864978313446, 0.0, -1150.5909423828125], [-0.917864978313446, 0.39689281582832336, 0.0, -97.98224639892578], [0.0, 0.0, 1.0, 0.0], [0.0, 0.0, 0.0, 1.0]], "cam_ids": [0, 1, 2, 3, 4, 5], "cam_channels": ["CAM_FRONT_LEFT", "CAM_FRONT", "CAM_FRONT_RIGHT", "CAM_BACK_LEFT", "CAM_BACK", "CAM_BACK_RIGHT"], "token": "14ab15e6c6fa4ac5a925b3b3d5057a69", "scene": "scene-0345"}, {"images": ["samples/CAM_FRONT_LEFT/n015-2018-08-02-17-16-37+0800__CAM_FRONT_LEFT__1533201584904844.jpg", "samples/CAM_FRONT/n015-2018-08-02-17-16-37+0800__CAM_FRONT__1533201584912460.jpg", "samples/CAM_FRONT_RIGHT/n015-2018-08-02-17-16-37+0800__CAM_FRONT_RIGHT__1533201584920339.jpg", "samples/CAM_BACK_LEFT/n015-2018-08-02-17-16-37+0800__CAM_BACK_LEFT__1533201584947423.jpg", "samples/CAM_BACK/n015-2018-08-02-17-16-37+0800__CAM_BACK__1533201584937525.jpg", "samples/CAM_BACK_RIGHT/n015-2018-08-02-17-16-37+0800__CAM_BACK_RIGHT__1533201584928277.jpg"], "intrinsics": [[[1272.5979470598488, 0.0, 826.6154927353808], [0.0, 1272.5979470598488, 479.75165386361925], [0.0, 0.0, 1.0]], [[1266.417203046554, 0.0, 816.2670197447984], [0.0, 1266.417203046554, 491.50706579294757], [0.0, 0.0, 1.0]], [[1260.8474446004698, 0.0, 807.968244525554], [0.0, 1260.8474446004698, 495.3344268742088], [0.0, 0.0, 1.0]], [[1256.7414812095406, 0.0, 792.1125740759628], [0.0, 1256.7414812095406, 492.7757465151356], [0.0, 0.0, 1.0]], [[809.2209905677063, 0.0, 829.2196003259838], [0.0, 809.2209905677063, 481.77842384512485], [0.0, 0.0, 1.0]], [[1259.5137405846733, 0.0, 807.2529053838625], [0.0, 1259.5137405846733, 501.19579884916527], [0.0, 0.0, 1.0]]], "extrinsics": [[[0.8206564784049988, -0.5711142420768738, 0.018745506182312965, -0.9649658203125], [0.010040405206382275, -0.01838803105056286, -0.999780535697937, 1.5082483291625977], [0.5713335275650024, 0.8206645846366882, -0.009356041438877583, -1.2802734375], [0.0, 0.0, 0.0, 1.0]], [[0.005540641490370035, -0.999732494354248, 0.022457418963313103, 0.00502777099609375], [0.004730920772999525, -0.022431306540966034, -0.9997372031211853, 1.5205334424972534], [0.999973475933075, 0.005645482800900936, 0.004605370573699474, -1.6923828125], [0.0, 0.0, 0.0, 1.0]], [[-0.8328644633293152, -0.5534473061561584, -0.005735731218010187, 1.03216552734375], [0.01034433115273714, -0.005203890614211559, -0.9999329447746277, 1.5036439895629883], [0.5533803701400757, -0.8328679203987122, 0.010059178806841373, -1.2486572265625], [0.0, 0.0, 0.0, 1.0]], [[0.9477106332778931, 0.319061279296875, 0.006665016058832407, -1.14208984375], [0.018988031893968582, -0.035527825355529785, -0.999188244342804, 1.5885562896728516], [-0.3185655176639557, 0.94706791639328, -0.03972844406962395, -0.10369873046875], [0.0, 0.0, 0.0, 1.0]], [[0.002589734038338065, 0.9996703267097473, -0.025543760508298874, 0.00279998779296875], [-0.006418739911168814, -0.025526704266667366, -0.9996535181999207, 1.5793571472167969], [-0.9999760389328003, 0.0027527622878551483, 0.006350515875965357, 0.001708984375], [0.0, 0.0, 0.0, 1.0]], [[-0.9345676302909851, 0.3546711504459381, -0.02813691459596157, 1.1361083984375], [0.02622085250914097, -0.010208374820649624, -0.9996040463447571, 1.55145263671875], [-0.3548179566860199, -0.9349355101585388, 0.00024063806631602347, -0.063690185546875], [0.0, 0.0, 0.0, 1.0]]], "view": [[0.0, -2.0, 100.0], [-2.0, 0.0, 100.0], [0.0, 0.0, 1.0]], "bev": "bev_686d05b40a9c4e0787ad4d7d9a34b7e2.png", "aux": "aux_686d05b40a9c4e0787ad4d7d9a34b7e2.npz", "visibility": "visibility_686d05b40a9c4e0787ad4d7d9a34b7e2.png", "pose": [[0.39688217639923096, -0.9178695678710938, 0.0, 366.7268371582031], [0.9178695678710938, 0.39688217639923096, 0.0, 1094.9755859375], [0.0, 0.0, 1.0, 0.0], [0.0, 0.0, 0.0, 1.0]], "pose_inverse": [[0.39688217639923096, 0.9178695678710938, 0.0, -1150.5921630859375], [-0.9178695678710938, 0.39688217639923096, 0.0, -97.96888732910156], [0.0, 0.0, 1.0, 0.0], [0.0, 0.0, 0.0, 1.0]], "cam_ids": [0, 1, 2, 3, 4, 5], "cam_channels": ["CAM_FRONT_LEFT", "CAM_FRONT", "CAM_FRONT_RIGHT", "CAM_BACK_LEFT", "CAM_BACK", "CAM_BACK_RIGHT"], "token": "686d05b40a9c4e0787ad4d7d9a34b7e2", "scene": "scene-0345"}, {"images": ["samples/CAM_FRONT_LEFT/n015-2018-08-02-17-16-37+0800__CAM_FRONT_LEFT__1533201585404844.jpg", "samples/CAM_FRONT/n015-2018-08-02-17-16-37+0800__CAM_FRONT__1533201585412471.jpg", "samples/CAM_FRONT_RIGHT/n015-2018-08-02-17-16-37+0800__CAM_FRONT_RIGHT__1533201585420339.jpg", "samples/CAM_BACK_LEFT/n015-2018-08-02-17-16-37+0800__CAM_BACK_LEFT__1533201585447423.jpg", "samples/CAM_BACK/n015-2018-08-02-17-16-37+0800__CAM_BACK__1533201585437525.jpg", "samples/CAM_BACK_RIGHT/n015-2018-08-02-17-16-37+0800__CAM_BACK_RIGHT__1533201585427893.jpg"], "intrinsics": [[[1272.5979470598488, 0.0, 826.6154927353808], [0.0, 1272.5979470598488, 479.75165386361925], [0.0, 0.0, 1.0]], [[1266.417203046554, 0.0, 816.2670197447984], [0.0, 1266.417203046554, 491.50706579294757], [0.0, 0.0, 1.0]], [[1260.8474446004698, 0.0, 807.968244525554], [0.0, 1260.8474446004698, 495.3344268742088], [0.0, 0.0, 1.0]], [[1256.7414812095406, 0.0, 792.1125740759628], [0.0, 1256.7414812095406, 492.7757465151356], [0.0, 0.0, 1.0]], [[809.2209905677063, 0.0, 829.2196003259838], [0.0, 809.2209905677063, 481.77842384512485], [0.0, 0.0, 1.0]], [[1259.5137405846733, 0.0, 807.2529053838625], [0.0, 1259.5137405846733, 501.19579884916527], [0.0, 0.0, 1.0]]], "extrinsics": [[[0.8206387758255005, -0.5711129307746887, 0.01954265870153904, -0.965087890625], [0.01115339994430542, -0.018184317275881767, -0.9997724294662476, 1.5082483291625977], [0.5713382959365845, 0.8206700682640076, -0.008552907034754753, -1.28021240234375], [0.0, 0.0, 0.0, 1.0]], [[0.0055177295580506325, -0.9997367858886719, 0.022268397733569145, 0.00506591796875], [0.005949716083705425, -0.022235523909330368, -0.9997350573539734, 1.520533561706543], [0.9999670386314392, 0.005648759659379721, 0.005825459491461515, -1.6923828125], [0.0, 0.0, 0.0, 1.0]], [[-0.8328542709350586, -0.5534486770629883, -0.006945638917386532, 1.0323486328125], [0.01167228352278471, -0.005016242619603872, -0.9999192357063293, 1.5036439895629883], [0.5533691644668579, -0.8328681588172913, 0.010637810453772545, -1.24871826171875], [0.0, 0.0, 0.0, 1.0]], [[0.947698712348938, 0.3190579116344452, 0.008326180279254913, -1.14208984375], [0.020677393302321434, -0.035343874245882034, -0.9991613030433655, 1.5885562896728516], [-0.3184959888458252, 0.9470759630203247, -0.040092624723911285, -0.103668212890625], [0.0, 0.0, 0.0, 1.0]], [[0.002629292430356145, 0.9996750354766846, -0.025355612859129906, 0.002838134765625], [-0.004864599090069532, -0.025342611595988274, -0.9996670484542847, 1.5793590545654297], [-0.9999846816062927, 0.002751730615273118, 0.004796386230736971, 0.0018310546875], [0.0, 0.0, 0.0, 1.0]], [[-0.9345273375511169, 0.35467472672462463, -0.029403820633888245, 1.13623046875], [0.027647091075778008, -0.010020856745541096, -0.9995675086975098, 1.5514469146728516], [-0.3548159897327423, -0.9349360466003418, -0.00044096054625697434, -0.06353759765625], [0.0, 0.0, 0.0, 1.0]]], "view": [[0.0, -2.0, 100.0], [-2.0, 0.0, 100.0], [0.0, 0.0, 1.0]], "bev": "bev_8613eaa60fdb40e7b7564f4bd1a0a713.png", "aux": "aux_8613eaa60fdb40e7b7564f4bd1a0a713.npz", "visibility": "visibility_8613eaa60fdb40e7b7564f4bd1a0a713.png", "pose": [[0.3969127833843231, -0.9178563356399536, 0.0, 366.7268371582031], [0.9178563356399536, 0.3969127833843231, 0.0, 1094.9755859375], [0.0, 0.0, 1.0, 0.0], [0.0, 0.0, 0.0, 1.0]], "pose_inverse": [[0.3969127833843231, 0.9178563356399536, 0.0, -1150.5888671875], [-0.9178563356399536, 0.3969127833843231, 0.0, -98.00724792480469], [0.0, 0.0, 1.0, 0.0], [0.0, 0.0, 0.0, 1.0]], "cam_ids": [0, 1, 2, 3, 4, 5], "cam_channels": ["CAM_FRONT_LEFT", "CAM_FRONT", "CAM_FRONT_RIGHT", "CAM_BACK_LEFT", "CAM_BACK", "CAM_BACK_RIGHT"], "token": "8613eaa60fdb40e7b7564f4bd1a0a713", "scene": "scene-0345"}, {"images": ["samples/CAM_FRONT_LEFT/n015-2018-08-02-17-16-37+0800__CAM_FRONT_LEFT__1533201585904844.jpg", "samples/CAM_FRONT/n015-2018-08-02-17-16-37+0800__CAM_FRONT__1533201585912460.jpg", "samples/CAM_FRONT_RIGHT/n015-2018-08-02-17-16-37+0800__CAM_FRONT_RIGHT__1533201585920339.jpg", "samples/CAM_BACK_LEFT/n015-2018-08-02-17-16-37+0800__CAM_BACK_LEFT__1533201585947423.jpg", "samples/CAM_BACK/n015-2018-08-02-17-16-37+0800__CAM_BACK__1533201585937525.jpg", "samples/CAM_BACK_RIGHT/n015-2018-08-02-17-16-37+0800__CAM_BACK_RIGHT__1533201585927893.jpg"], "intrinsics": [[[1272.5979470598488, 0.0, 826.6154927353808], [0.0, 1272.5979470598488, 479.75165386361925], [0.0, 0.0, 1.0]], [[1266.417203046554, 0.0, 816.2670197447984], [0.0, 1266.417203046554, 491.50706579294757], [0.0, 0.0, 1.0]], [[1260.8474446004698, 0.0, 807.968244525554], [0.0, 1260.8474446004698, 495.3344268742088], [0.0, 0.0, 1.0]], [[1256.7414812095406, 0.0, 792.1125740759628], [0.0, 1256.7414812095406, 492.7757465151356], [0.0, 0.0, 1.0]], [[809.2209905677063, 0.0, 829.2196003259838], [0.0, 809.2209905677063, 481.77842384512485], [0.0, 0.0, 1.0]], [[1259.5137405846733, 0.0, 807.2529053838625], [0.0, 1259.5137405846733, 501.19579884916527], [0.0, 0.0, 1.0]]], "extrinsics": [[[0.8206807374954224, -0.5709483623504639, 0.02238590642809868, -0.95501708984375], [0.015693707391619682, -0.01663990691304207, -0.9997383952140808, 1.508439064025879], [0.5711714625358582, 0.8208172917366028, -0.004695754032582045, -1.27325439453125], [0.0, 0.0, 0.0, 1.0]], [[0.0056233578361570835, -0.9997684359550476, 0.020769823342561722, 0.00510406494140625], [0.010416883043944836, -0.02071046084165573, -0.9997313022613525, 1.520639419555664], [0.9999299049377441, 0.005838180426508188, 0.010298009030520916, -1.68212890625], [0.0, 0.0, 0.0, 1.0]], [[-0.8327265977859497, -0.5535663366317749, -0.011433994397521019, 1.02569580078125], [0.01606101356446743, -0.003508134512230754, -0.9998648166656494, 1.5037727355957031], [0.553451418876648, -0.8327977061271667, 0.011812153272330761, -1.2442626953125], [0.0, 0.0, 0.0, 1.0]], [[0.9476550221443176, 0.3190431296825409, 0.012707848101854324, -1.142333984375], [0.024817239493131638, -0.033918797969818115, -0.9991164207458496, 1.588552474975586], [-0.31833016872406006, 0.9471330046653748, -0.04006108641624451, -0.1036376953125], [0.0, 0.0, 0.0, 1.0]], [[0.0026737437583506107, 0.9997113943099976, -0.02387644536793232, 0.0028228759765625], [-0.000630500609986484, -0.02387484349310398, -0.999714732170105, 1.5793559551239014], [-0.9999963045120239, 0.0026880158111453056, 0.0005664820200763643, -0.0013427734375], [0.0, 0.0, 0.0, 1.0]], [[-0.9344336986541748, 0.35461297631263733, -0.032914865761995316, 1.1307373046875], [0.03196917101740837, -0.008526990190148354, -0.9994524717330933, 1.5516357421875], [-0.3546995222568512, -0.9349743723869324, -0.003368778619915247, -0.06573486328125], [0.0, 0.0, 0.0, 1.0]]], "view": [[0.0, -2.0, 100.0], [-2.0, 0.0, 100.0], [0.0, 0.0, 1.0]], "bev": "bev_c7b18ce7027c4cc3b2068fbf46860b3f.png", "aux": "aux_c7b18ce7027c4cc3b2068fbf46860b3f.npz", "visibility": "visibility_c7b18ce7027c4cc3b2068fbf46860b3f.png", "pose": [[0.39794349670410156, -0.9174099564552307, 0.0, 366.7469787597656], [0.9174099564552307, 0.39794349670410156, 0.0, 1095.0220947265625], [0.0, 0.0, 1.0, 0.0], [0.0, 0.0, 0.0, 1.0]], "pose_inverse": [[0.39794349670410156, 0.9174099564552307, 0.0, -1150.5286865234375], [-0.9174099564552307, 0.39794349670410156, 0.0, -99.29959869384766], [0.0, 0.0, 1.0, 0.0], [0.0, 0.0, 0.0, 1.0]], "cam_ids": [0, 1, 2, 3, 4, 5], "cam_channels": ["CAM_FRONT_LEFT", "CAM_FRONT", "CAM_FRONT_RIGHT", "CAM_BACK_LEFT", "CAM_BACK", "CAM_BACK_RIGHT"], "token": "c7b18ce7027c4cc3b2068fbf46860b3f", "scene": "scene-0345"}, {"images": ["samples/CAM_FRONT_LEFT/n015-2018-08-02-17-16-37+0800__CAM_FRONT_LEFT__1533201586404844.jpg", "samples/CAM_FRONT/n015-2018-08-02-17-16-37+0800__CAM_FRONT__1533201586412460.jpg", "samples/CAM_FRONT_RIGHT/n015-2018-08-02-17-16-37+0800__CAM_FRONT_RIGHT__1533201586420339.jpg", "samples/CAM_BACK_LEFT/n015-2018-08-02-17-16-37+0800__CAM_BACK_LEFT__1533201586447423.jpg", "samples/CAM_BACK/n015-2018-08-02-17-16-37+0800__CAM_BACK__1533201586437525.jpg", "samples/CAM_BACK_RIGHT/n015-2018-08-02-17-16-37+0800__CAM_BACK_RIGHT__1533201586427893.jpg"], "intrinsics": [[[1272.5979470598488, 0.0, 826.6154927353808], [0.0, 1272.5979470598488, 479.75165386361925], [0.0, 0.0, 1.0]], [[1266.417203046554, 0.0, 816.2670197447984], [0.0, 1266.417203046554, 491.50706579294757], [0.0, 0.0, 1.0]], [[1260.8474446004698, 0.0, 807.968244525554], [0.0, 1260.8474446004698, 495.3344268742088], [0.0, 0.0, 1.0]], [[1256.7414812095406, 0.0, 792.1125740759628], [0.0, 1256.7414812095406, 492.7757465151356], [0.0, 0.0, 1.0]], [[809.2209905677063, 0.0, 829.2196003259838], [0.0, 809.2209905677063, 481.77842384512485], [0.0, 0.0, 1.0]], [[1259.5137405846733, 0.0, 807.2529053838625], [0.0, 1259.5137405846733, 501.19579884916527], [0.0, 0.0, 1.0]]], "extrinsics": [[[0.8211914300918579, -0.5700703859329224, 0.02577449381351471, -0.9317626953125], [0.017687775194644928, -0.019717566668987274, -0.9996491074562073, 1.5089664459228516], [0.5703785419464111, 0.8213592171669006, -0.00610861973837018, -1.2574462890625], [0.0, 0.0, 0.0, 1.0]], [[0.006385515443980694, -0.9996940493583679, 0.02389456331729889, 0.00545501708984375], [0.01246075239032507, -0.023813648149371147, -0.9996387958526611, 1.520956039428711], [0.9999018907546997, 0.006680963560938835, 0.012304878793656826, -1.658935546875], [0.0, 0.0, 0.0, 1.0]], [[-0.8323555588722229, -0.554124116897583, -0.011428961530327797, 1.01068115234375], [0.018141720443964005, -0.006629440002143383, -0.999813437461853, 1.5041217803955078], [0.553945004940033, -0.8324076533317566, 0.015570816583931446, -1.23406982421875], [0.0, 0.0, 0.0, 1.0]], [[0.9476250410079956, 0.3190881609916687, 0.013764849863946438, -1.1414794921875], [0.027037233114242554, -0.037202488631010056, -0.9989418983459473, 1.5885791778564453], [-0.3182384669780731, 0.9469946026802063, -0.04388127103447914, -0.103973388671875], [0.0, 0.0, 0.0, 1.0]], [[0.002498054411262274, 0.9996298551559448, -0.02708827704191208, 0.00278472900390625], [0.0015409375773742795, -0.02709217742085457, -0.9996317625045776, 1.5793755054473877], [-0.9999956488609314, 0.002455382375046611, -0.001608045306056738, -0.00830078125], [0.0, 0.0, 0.0, 1.0]], [[-0.9345217347145081, 0.3540802001953125, -0.03600421920418739, 1.1181640625], [0.03408236429095268, -0.011664421297609806, -0.9993509650230408, 1.5521087646484375], [-0.354270339012146, -0.9351423382759094, -0.0011672358959913254, -0.0703125], [0.0, 0.0, 0.0, 1.0]]], "view": [[0.0, -2.0, 100.0], [-2.0, 0.0, 100.0], [0.0, 0.0, 1.0]], "bev": "bev_ed00973ef2814a90b76417d73362c2ed.png", "aux": "aux_ed00973ef2814a90b76417d73362c2ed.npz", "visibility": "visibility_ed00973ef2814a90b76417d73362c2ed.png", "pose": [[0.40680012106895447, -0.91351717710495, 0.0, 366.8719177246094], [0.91351717710495, 0.40680012106895447, 0.0, 1095.3016357421875], [0.0, 0.0, 1.0, 0.0], [0.0, 0.0, 0.0, 1.0]], "pose_inverse": [[0.40680012106895447, 0.91351717710495, 0.0, -1149.8204345703125], [-0.91351717710495, 0.40680012106895447, 0.0, -110.42501831054688], [0.0, 0.0, 1.0, 0.0], [0.0, 0.0, 0.0, 1.0]], "cam_ids": [0, 1, 2, 3, 4, 5], "cam_channels": ["CAM_FRONT_LEFT", "CAM_FRONT", "CAM_FRONT_RIGHT", "CAM_BACK_LEFT", "CAM_BACK", "CAM_BACK_RIGHT"], "token": "ed00973ef2814a90b76417d73362c2ed", "scene": "scene-0345"}, {"images": ["samples/CAM_FRONT_LEFT/n015-2018-08-02-17-16-37+0800__CAM_FRONT_LEFT__1533201586904844.jpg", "samples/CAM_FRONT/n015-2018-08-02-17-16-37+0800__CAM_FRONT__1533201586912460.jpg", "samples/CAM_FRONT_RIGHT/n015-2018-08-02-17-16-37+0800__CAM_FRONT_RIGHT__1533201586920339.jpg", "samples/CAM_BACK_LEFT/n015-2018-08-02-17-16-37+0800__CAM_BACK_LEFT__1533201586947423.jpg", "samples/CAM_BACK/n015-2018-08-02-17-16-37+0800__CAM_BACK__1533201586937525.jpg", "samples/CAM_BACK_RIGHT/n015-2018-08-02-17-16-37+0800__CAM_BACK_RIGHT__1533201586927893.jpg"], "intrinsics": [[[1272.5979470598488, 0.0, 826.6154927353808], [0.0, 1272.5979470598488, 479.75165386361925], [0.0, 0.0, 1.0]], [[1266.417203046554, 0.0, 816.2670197447984], [0.0, 1266.417203046554, 491.50706579294757], [0.0, 0.0, 1.0]], [[1260.8474446004698, 0.0, 807.968244525554], [0.0, 1260.8474446004698, 495.3344268742088], [0.0, 0.0, 1.0]], [[1256.7414812095406, 0.0, 792.1125740759628], [0.0, 1256.7414812095406, 492.7757465151356], [0.0, 0.0, 1.0]], [[809.2209905677063, 0.0, 829.2196003259838], [0.0, 809.2209905677063, 481.77842384512485], [0.0, 0.0, 1.0]], [[1259.5137405846733, 0.0, 807.2529053838625], [0.0, 1259.5137405846733, 501.19579884916527], [0.0, 0.0, 1.0]]], "extrinsics": [[[0.8217082619667053, -0.5692570805549622, 0.027239175513386726, -0.9022216796875], [0.017785510048270226, -0.022158142179250717, -0.9995962381362915, 1.5096063613891602], [0.5696307420730591, 0.8218609690666199, -0.008083001710474491, -1.237060546875], [0.0, 0.0, 0.0, 1.0]], [[0.007137108128517866, -0.9996310472488403, 0.026207659393548965, 0.0056915283203125], [0.01239884551614523, -0.026117851957678795, -0.9995819926261902, 1.5213193893432617], [0.9998976588249207, 0.007459099404513836, 0.012207863852381706, -1.629150390625], [0.0, 0.0, 0.0, 1.0]], [[-0.8320336937904358, -0.5546345710754395, -0.010023840703070164, 0.991455078125], [0.01790083944797516, -0.00878461915999651, -0.9998011589050293, 1.5045242309570312], [0.554436206817627, -0.832047700881958, 0.017237525433301926, -1.2213134765625], [0.0, 0.0, 0.0, 1.0]], [[0.9476458430290222, 0.3190765976905823, 0.012549642473459244, -1.140380859375], [0.02626916393637657, -0.0387304313480854, -0.998904287815094, 1.5886058807373047], [-0.3182409107685089, 0.9469372630119324, -0.04508460685610771, -0.104278564453125], [0.0, 0.0, 0.0, 1.0]], [[0.0022760150022804737, 0.9995809197425842, -0.028858235105872154, 0.00286865234375], [0.000971728004515171, -0.028860505670309067, -0.9995830059051514, 1.579376459121704], [-0.9999969005584717, 0.002247015479952097, -0.0010370082454755902, -0.0174560546875], [0.0, 0.0, 0.0, 1.0]], [[-0.9346872568130493, 0.35360756516456604, -0.036351483315229416, 1.1024169921875], [0.0336984246969223, -0.013659089803695679, -0.9993387460708618, 1.5526657104492188], [-0.3538702130317688, -0.9352942109107971, 0.0008509582257829607, -0.0762939453125], [0.0, 0.0, 0.0, 1.0]]], "view": [[0.0, -2.0, 100.0], [-2.0, 0.0, 100.0], [0.0, 0.0, 1.0]], "bev": "bev_c81a1a2b42f04905a14373fcb4842658.png", "aux": "aux_c81a1a2b42f04905a14373fcb4842658.npz", "visibility": "visibility_c81a1a2b42f04905a14373fcb4842658.png", "pose": [[0.4247223138809204, -0.9053236842155457, 0.0, 367.1645812988281], [0.9053236842155457, 0.4247223138809204, 0.0, 1095.932373046875], [0.0, 0.0, 1.0, 0.0], [0.0, 0.0, 0.0, 1.0]], "pose_inverse": [[0.4247223138809204, 0.9053236842155457, 0.0, -1148.116455078125], [-0.9053236842155457, 0.4247223138809204, 0.0, -133.0641326904297], [0.0, 0.0, 1.0, 0.0], [0.0, 0.0, 0.0, 1.0]], "cam_ids": [0, 1, 2, 3, 4, 5], "cam_channels": ["CAM_FRONT_LEFT", "CAM_FRONT", "CAM_FRONT_RIGHT", "CAM_BACK_LEFT", "CAM_BACK", "CAM_BACK_RIGHT"], "token": "c81a1a2b42f04905a14373fcb4842658", "scene": "scene-0345"}, {"images": ["samples/CAM_FRONT_LEFT/n015-2018-08-02-17-16-37+0800__CAM_FRONT_LEFT__1533201587404844.jpg", "samples/CAM_FRONT/n015-2018-08-02-17-16-37+0800__CAM_FRONT__1533201587412460.jpg", "samples/CAM_FRONT_RIGHT/n015-2018-08-02-17-16-37+0800__CAM_FRONT_RIGHT__1533201587420339.jpg", "samples/CAM_BACK_LEFT/n015-2018-08-02-17-16-37+0800__CAM_BACK_LEFT__1533201587447423.jpg", "samples/CAM_BACK/n015-2018-08-02-17-16-37+0800__CAM_BACK__1533201587437525.jpg", "samples/CAM_BACK_RIGHT/n015-2018-08-02-17-16-37+0800__CAM_BACK_RIGHT__1533201587427893.jpg"], "intrinsics": [[[1272.5979470598488, 0.0, 826.6154927353808], [0.0, 1272.5979470598488, 479.75165386361925], [0.0, 0.0, 1.0]], [[1266.417203046554, 0.0, 816.2670197447984], [0.0, 1266.417203046554, 491.50706579294757], [0.0, 0.0, 1.0]], [[1260.8474446004698, 0.0, 807.968244525554], [0.0, 1260.8474446004698, 495.3344268742088], [0.0, 0.0, 1.0]], [[1256.7414812095406, 0.0, 792.1125740759628], [0.0, 1256.7414812095406, 492.7757465151356], [0.0, 0.0, 1.0]], [[809.2209905677063, 0.0, 829.2196003259838], [0.0, 809.2209905677063, 481.77842384512485], [0.0, 0.0, 1.0]], [[1259.5137405846733, 0.0, 807.2529053838625], [0.0, 1259.5137405846733, 501.19579884916527], [0.0, 0.0, 1.0]]], "extrinsics": [[[0.8220525979995728, -0.5690886378288269, 0.019177809357643127, -0.8865966796875], [0.010849709622561932, -0.01801922358572483, -0.9997787475585938, 1.5092782974243164], [0.5693082809448242, 0.8220787644386292, -0.008638301864266396, -1.2254638671875], [0.0, 0.0, 0.0, 1.0]], [[0.007561149541288614, -0.999728262424469, 0.022050298750400543, 0.00543212890625], [0.005562678445130587, -0.022008538246154785, -0.999742329120636, 1.52096688747406], [0.999955952167511, 0.007681869436055422, 0.00539475679397583, -1.6131591796875], [0.0, 0.0, 0.0, 1.0]], [[-0.8319713473320007, -0.5547784566879272, -0.0066785248927772045, 0.98046875], [0.011161615140736103, -0.004701170604676008, -0.9999266266822815, 1.5043344497680664], [0.554706335067749, -0.83198481798172, 0.01010346319526434, -1.21453857421875], [0.0, 0.0, 0.0, 1.0]], [[0.9476932287216187, 0.31908947229385376, 0.0077163539826869965, -1.1392822265625], [0.01982022635638714, -0.03470281884074211, -0.9992011189460754, 1.588606834411621], [-0.31856679916381836, 0.9470890760421753, -0.03921205550432205, -0.104461669921875], [0.0, 0.0, 0.0, 1.0]], [[0.001984052127227187, 0.9996889233589172, -0.024864